0	0	0	0	0	0	0	0	0	0	0	0	0	0	0	0	0	0	0	0	0	0	0	0	0	0	0	0	0	0	0	0	0	0	0	0	0	0	0	0	0	0	0	0	0	0	0	0	0	0	0	0	0	0	0	0	0	0	0	0	0	0	0	0	0	0	0	0	0	0	0	0	0	0	0	0	0	0	0	0	0	0	0	0	0	0	0	0	0	0	0	0	0	0	0	0	0	0	0	0	
0	0.00094393	0.00024761	0.00132909	0.000491401	8.91658e-05	9.20223e-05	-0.000946726	0.000588513	-0.000681158	0.000568035	0.00186368	-0.00161228	0.000418456	-0.000760961	-0.00279855	-0.00166363	0.00149316	0.000547777	-0.000839488	-0.000689037	-0.00160225	0.00109621	-0.000239852	-0.000414559	-0.000179589	0.000795641	-0.000855368	-0.000816038	0.00205648	-0.00157751	-0.000345554	0.000197853	-7.22367e-05	-0.00363485	-0.000608746	-0.00519167	-0.00812115	-0.0136498	-0.0184207	-0.0281695	-0.038986	-0.0470151	-0.0502905	-0.0498379	-0.0408836	-0.0164802	0.016476	0.0442988	0.0716648	0.089477	0.0941626	0.0834752	0.0660879	0.0497772	0.0295331	0.00859542	-0.0199703	-0.0437298	-0.0513233	-0.0410212	-0.0281236	-0.0194203	-0.0104057	0.000396436	0.0107455	0.0103789	0.000284649	-0.0114708	-0.0183624	-0.0186991	-0.00803546	0.00520359	0.00972568	0.00884163	-0.00198109	-0.0155214	-0.0228846	-0.0327571	-0.0449615	-0.0494584	-0.0359574	-0.00880209	0.0170953	0.037718	0.0550043	0.0731688	0.0895262	0.0934128	0.0838932	0.0628725	0.033504	0.00367955	-0.0244751	-0.0440808	-0.0471871	-0.0418478	-0.033147	-0.0180284	0	
0	0.00024761	-0.0033495	0.000692811	-0.00255688	-0.000447133	0.00196088	-0.00170385	0.0017053	0.000211956	-0.00262132	6.60852e-05	-0.000492748	-0.000164263	0.00280384	0.00147995	0.00398889	-0.0017192	-0.00291079	0.00104684	0.00327741	-0.0017049	0.00105102	-0.000303368	-0.000688765	-0.00125543	0.0020357	-0.0017793	-0.000894147	0.00137612	-0.00192195	-0.00194475	0.00177903	-0.00243078	-0.0053603	-0.00272701	-0.00878803	-0.0165126	-0.0259402	-0.0357653	-0.0554528	-0.0750205	-0.0927757	-0.0973539	-0.0979379	-0.0790449	-0.0304148	0.0323623	0.0904655	0.141804	0.178623	0.187025	0.163871	0.132372	0.0959049	0.0578944	0.0161299	-0.0415062	-0.0844279	-0.100232	-0.0804863	-0.0525594	-0.0378895	-0.0207394	0.00183082	0.0169126	0.0167078	4.22504e-05	-0.0253151	-0.0351067	-0.0311839	-0.0136918	0.010109	0.0189389	0.0129487	-0.0098332	-0.0296842	-0.0392782	-0.0638771	-0.0935155	-0.099481	-0.069588	-0.016996	0.0345457	0.0766713	0.110568	0.146014	0.17835	0.186027	0.1668	0.124716	0.0662935	0.00670635	-0.0492	-0.0876537	-0.0939128	-0.0834467	-0.0659248	-0.0358468	0	
0	0.00132909	0.000692811	0.00191306	0.000980815	-0.000229251	0.000486064	-0.00201689	0.000774018	-0.000740648	0.000246494	0.00315953	-0.00214195	0.000282231	-0.000914148	-0.00453639	-0.00253375	0.0016087	0.000916676	-0.000236201	-0.00116444	-0.0030473	0.00115497	-0.000421758	-0.000223575	-0.000177953	0.00108699	-0.00254991	-0.00102167	0.00385501	-0.00342228	-0.00167005	0.00109337	-0.00208625	-0.00824985	-0.00402512	-0.0143618	-0.0248454	-0.0391373	-0.0556478	-0.0833282	-0.114569	-0.138518	-0.148998	-0.147789	-0.119813	-0.0486699	0.045072	0.130672	0.210673	0.265147	0.278552	0.248217	0.200257	0.148479	0.0907225	0.025508	-0.0571482	-0.124745	-0.14876	-0.121488	-0.0857119	-0.0595357	-0.0320187	0.000550091	0.028351	0.02791	0.00106751	-0.0341516	-0.0536341	-0.0515945	-0.0227828	0.013948	0.0285347	0.0222388	-0.0094852	-0.0454375	-0.0690147	-0.100052	-0.134168	-0.143404	-0.101838	-0.0236006	0.0520154	0.114141	0.167561	0.22086	0.265668	0.276435	0.248292	0.184299	0.0968116	0.00861769	-0.0736713	-0.130181	-0.140139	-0.124668	-0.0978176	-0.0531285	0	
0	0.000491401	-0.00255688	0.000980815	-0.00183498	-7.18621e-05	0.0016115	-0.00177913	0.00215094	-0.000876825	-0.00201148	0.00117069	-0.00256708	0.000400132	0.00229388	-0.00104454	0.00333762	-0.000587075	-0.00297266	-0.000465074	0.00220987	-0.00235771	0.00271024	-0.000509703	-0.00224826	-0.00168964	0.00291198	-0.00168193	-0.00182603	0.00213428	-0.00336777	-0.00161429	0.000957691	-0.00379651	-0.00946942	-0.00626321	-0.0189488	-0.0319944	-0.0514286	-0.0728495	-0.110463	-0.148506	-0.182182	-0.195199	-0.194732	-0.155525	-0.0640018	0.0564284	0.171489	0.276648	0.349147	0.366553	0.328709	0.26707	0.198084	0.120719	0.0343943	-0.0734527	-0.159748	-0.190592	-0.160663	-0.113752	-0.079906	-0.0434453	1.156e-05	0.0321192	0.0325136	-0.000546078	-0.0452266	-0.0685991	-0.0632717	-0.0257251	0.0178554	0.0346031	0.0238847	-0.018524	-0.0614788	-0.0892866	-0.131841	-0.17821	-0.186752	-0.131031	-0.0299687	0.0723056	0.156384	0.225241	0.293326	0.351245	0.36563	0.326824	0.240174	0.125046	0.00894097	-0.0985353	-0.171255	-0.185186	-0.165201	-0.12859	-0.0697199	0	
0	8.91658e-05	-0.000447133	-0.000229251	-7.18621e-05	-0.00138949	0.000817309	-0.00125393	0.00025116	0.00079049	-0.000481426	0.00105144	-3.69224e-05	4.4515e-06	8.65225e-05	-0.00130287	0.000890885	-0.0012906	-0.000115176	0.00141965	-0.000188355	-0.00158567	-0.00130493	-0.00106121	0.000391348	0.000342635	-0.000669834	-0.00357124	-0.00037654	0.00178127	-0.00337691	-0.0031446	0.00062704	-0.00591634	-0.00942816	-0.0109238	-0.0229869	-0.0410851	-0.0626167	-0.0932103	-0.136466	-0.184392	-0.224188	-0.243736	-0.240987	-0.191985	-0.0812753	0.0630502	0.208062	0.338722	0.429221	0.45229	0.409453	0.337811	0.249934	0.155812	0.0444199	-0.0849529	-0.189614	-0.230805	-0.199489	-0.148055	-0.103135	-0.0559913	-0.00231149	0.0376597	0.0377859	0.000551559	-0.0536255	-0.0848348	-0.076006	-0.0331274	0.0185636	0.0429126	0.0267866	-0.0236432	-0.0763677	-0.119303	-0.170088	-0.217925	-0.222804	-0.152481	-0.0306648	0.090696	0.194501	0.285973	0.37062	0.434564	0.448972	0.401033	0.293022	0.150341	0.0064725	-0.123648	-0.210041	-0.228816	-0.205046	-0.1579	-0.0852549	0	
0	9.20223e-05	0.00196088	0.000486064	0.0016115	0.000817309	-0.00010884	-0.000478338	-0.000354812	-0.00167267	-0.000945087	0.000326462	-0.00182638	-0.000567372	-0.000121165	-0.00235708	-0.00158165	0.000441379	-0.000621624	-0.000671406	-0.00172349	-0.000597224	0.00162392	0.000669303	-0.0019143	-0.0013763	0.00157292	-8.16008e-06	-0.000727354	0.000505321	-0.00197452	-0.00110065	-0.000670592	-0.00552561	-0.00950967	-0.0135217	-0.0274974	-0.0475488	-0.073975	-0.111959	-0.16185	-0.217736	-0.264661	-0.29071	-0.286081	-0.226478	-0.101212	0.0661331	0.238709	0.395407	0.503302	0.531672	0.490794	0.406614	0.306202	0.191511	0.0572094	-0.0900181	-0.213995	-0.263173	-0.237815	-0.183783	-0.128434	-0.0701609	-0.00770421	0.0387989	0.0416045	-0.00130708	-0.0593575	-0.095551	-0.0878698	-0.03711	0.0199151	0.0445218	0.025431	-0.0302965	-0.0942126	-0.149933	-0.205794	-0.252859	-0.252679	-0.172578	-0.0329255	0.113995	0.240605	0.347809	0.443055	0.514567	0.53092	0.470861	0.339734	0.171471	0.00167426	-0.148616	-0.246452	-0.270834	-0.243868	-0.185466	-0.0995616	0	
0	-0.000946726	-0.00170385	-0.00201689	-0.00177913	-0.00125393	-0.000478338	0.000767505	0.000466432	0.001376	0.000969271	-0.000540951	0.00088335	-1.55034e-05	9.5199e-05	0.00121573	0.00151795	-0.000538983	-0.00125297	-0.000456176	-5.58409e-05	-4.20117e-05	-0.00240524	-0.00199199	-0.0005158	-0.00083597	-0.00167282	-0.00251229	-0.00152477	-0.00204341	-0.00207578	-0.00336727	-0.00345827	-0.00774866	-0.0106713	-0.019276	-0.032783	-0.0553918	-0.0862113	-0.13091	-0.186759	-0.248478	-0.302959	-0.334365	-0.32673	-0.257469	-0.118816	0.0674017	0.268523	0.448528	0.572361	0.608958	0.568927	0.477416	0.361302	0.226419	0.070768	-0.0944142	-0.231739	-0.290678	-0.274607	-0.21776	-0.1526	-0.0842064	-0.0125388	0.0366679	0.0391134	-0.00384598	-0.0660782	-0.106126	-0.0931424	-0.040104	0.0182503	0.0459718	0.0208953	-0.0414683	-0.11299	-0.179723	-0.241833	-0.288504	-0.277944	-0.181635	-0.0265779	0.136797	0.283017	0.411268	0.519744	0.593442	0.605059	0.532123	0.382132	0.190192	-0.00650519	-0.174505	-0.280103	-0.310361	-0.281319	-0.211343	-0.112575	0	
0	0.000588513	0.0017053	0.000774018	0.00215094	0.00025116	-0.000354812	0.000466432	-0.00281943	-0.000804232	-0.000524669	-0.00306338	0.00130871	-0.00132324	-0.00189867	0.000944081	-0.00297633	-0.000807507	0.000342897	0.000385125	-0.00208842	0.00218895	-0.00243756	0.000963582	0.000446861	5.18687e-05	-0.00170567	0.000904048	0.000265535	-0.00187892	0.000710468	-0.00239022	-0.00328031	-0.0066541	-0.00913567	-0.0231529	-0.0350072	-0.0620789	-0.0958943	-0.149719	-0.208779	-0.279077	-0.339315	-0.378197	-0.366513	-0.289838	-0.141572	0.0623163	0.289064	0.49182	0.631131	0.679107	0.644817	0.549626	0.419993	0.267236	0.0904715	-0.0891445	-0.238785	-0.312341	-0.308594	-0.255307	-0.181835	-0.101976	-0.0236404	0.0307767	0.0358191	-0.00570508	-0.068062	-0.110387	-0.0966942	-0.0458231	0.0131504	0.0426622	0.0127293	-0.0518923	-0.131468	-0.213284	-0.279577	-0.317627	-0.293611	-0.185662	-0.0185259	0.162638	0.330317	0.477267	0.593806	0.667235	0.673867	0.587384	0.418518	0.203665	-0.0179456	-0.199803	-0.31078	-0.347594	-0.317164	-0.235328	-0.124141	0	
0	-0.000681158	0.000211956	-0.000740648	-0.000876825	0.00079049	-0.00167267	0.001376	-0.000804232	0.000667067	0.000495039	-0.00091344	0.00196081	-0.0022997	-0.000375328	0.00124263	-0.00453765	0.00248443	-0.000777949	-0.00217727	-0.0013455	-0.000464424	-0.00204397	6.67635e-05	-0.00103881	-0.00400938	-0.000727665	0.000904045	-0.00250875	-0.00487376	0.00082917	-0.003505	-0.00693846	-0.00695757	-0.012584	-0.0274434	-0.0411304	-0.0687585	-0.109336	-0.167178	-0.231918	-0.307015	-0.374463	-0.417625	-0.401947	-0.318827	-0.162683	0.0571477	0.307696	0.529725	0.685138	0.74413	0.720701	0.619675	0.480763	0.306688	0.111547	-0.0796268	-0.242217	-0.327386	-0.340772	-0.289855	-0.208937	-0.119659	-0.0350399	0.0201543	0.0283546	-0.0122441	-0.0711663	-0.109295	-0.0982622	-0.0489603	0.00912871	0.032544	0.000645376	-0.0647316	-0.154783	-0.245897	-0.313165	-0.34315	-0.302347	-0.182005	-0.00614377	0.192061	0.380975	0.542873	0.665528	0.73891	0.736572	0.632813	0.447498	0.21349	-0.0312083	-0.225147	-0.33955	-0.381877	-0.350371	-0.257545	-0.134667	0	
0	0.000568035	-0.00262132	0.000246494	-0.00201148	-0.000481426	-0.000945087	0.000969271	-0.000524669	0.000495039	0.00152429	-0.00269714	0.00141189	-0.000913941	-0.00133363	0.00289889	-0.00138044	0.000808338	-0.00140941	-0.00172549	0.000257569	0.00126195	-0.00331844	-0.002222	0.000351278	-0.000112783	-0.00279783	-0.000843002	-0.00272071	-0.00279073	0.000865998	-0.00493696	-0.00798126	-0.0061365	-0.0146277	-0.0308108	-0.0449801	-0.0752413	-0.120976	-0.183041	-0.25265	-0.332953	-0.407152	-0.453265	-0.434445	-0.34701	-0.185152	0.0493044	0.318778	0.559261	0.727086	0.804496	0.788797	0.690913	0.540392	0.348782	0.139356	-0.0652207	-0.23403	-0.337398	-0.36657	-0.321402	-0.236641	-0.139405	-0.0521265	0.00544098	0.0136845	-0.0201071	-0.0707784	-0.105956	-0.0925185	-0.0510251	-0.00235538	0.0198309	-0.01469	-0.0844519	-0.178399	-0.274903	-0.344003	-0.364658	-0.306578	-0.170375	0.0169208	0.225206	0.42879	0.608051	0.739181	0.806913	0.78881	0.668681	0.470854	0.219028	-0.0468648	-0.250169	-0.366277	-0.412821	-0.380532	-0.278165	-0.144352	0	
0	0.00186368	6.60852e-05	0.00315953	0.00117069	0.00105144	0.000326462	-0.000540951	-0.00306338	-0.00091344	-0.00269714	-0.0022965	0.00117693	-0.00224014	-0.000424348	-0.000332692	-0.004055	0.000434157	-0.000205675	-0.00137467	0.000907736	-0.00127486	-0.00118148	0.00220226	0.000548565	-0.00344166	-0.000889658	0.00337417	-0.00185472	-0.00310402	0.00175356	-0.00382822	-0.00708086	-0.00529007	-0.0165093	-0.0320155	-0.0486425	-0.0809662	-0.132437	-0.19687	-0.272734	-0.357448	-0.438215	-0.485788	-0.465013	-0.375976	-0.208496	0.0372971	0.323051	0.577116	0.760314	0.85599	0.853249	0.760329	0.601853	0.39643	0.173346	-0.0403024	-0.218704	-0.340135	-0.387311	-0.351115	-0.265704	-0.164353	-0.0739915	-0.0159982	-0.00266482	-0.0283003	-0.068593	-0.0931944	-0.0857149	-0.0562739	-0.0157387	-0.00123468	-0.0353198	-0.104122	-0.202627	-0.303086	-0.372128	-0.379553	-0.299567	-0.15149	0.0399675	0.261265	0.48477	0.675068	0.805689	0.866644	0.834836	0.698004	0.485567	0.21794	-0.0628286	-0.273253	-0.391938	-0.440865	-0.406932	-0.297015	-0.153549	0	
0	-0.00161228	-0.000492748	-0.00214195	-0.00256708	-3.69224e-05	-0.00182638	0.00088335	0.00130871	0.00196081	0.00141189	0.00117693	0.00158926	-0.0028257	0.000726255	-0.000267933	-0.00256762	0.000534505	-0.00141261	-0.0017383	-0.00162589	-0.00289747	-0.00200627	-0.00329507	-0.0023488	-0.0028456	-0.00134704	-0.00275987	-0.00501787	-0.0039376	-0.000414305	-0.00780344	-0.00887904	-0.00894315	-0.0209091	-0.0366695	-0.0545874	-0.0907726	-0.144768	-0.212539	-0.292823	-0.382141	-0.466961	-0.513802	-0.492672	-0.4014	-0.22893	0.0272326	0.324667	0.589052	0.789126	0.901733	0.914063	0.826969	0.661424	0.445553	0.208544	-0.0123766	-0.20055	-0.339703	-0.40024	-0.373957	-0.29001	-0.186461	-0.0977638	-0.0405712	-0.0242088	-0.043206	-0.0677368	-0.0796787	-0.0769813	-0.0582833	-0.0311095	-0.0256249	-0.0598198	-0.130136	-0.228637	-0.32819	-0.393405	-0.38587	-0.288959	-0.128041	0.0749222	0.305621	0.537299	0.736037	0.871386	0.923719	0.871108	0.716029	0.491788	0.21312	-0.07771	-0.295437	-0.417465	-0.465426	-0.4288	-0.314256	-0.162813	0	
0	0.000418456	-0.000164263	0.000282231	0.000400132	4.4515e-06	-0.000567372	-1.55034e-05	-0.00132324	-0.0022997	-0.000913941	-0.00224014	-0.0028257	0.000321828	-2.72691e-06	-0.00212851	0.00330165	-7.60945e-05	-0.000905339	-0.00227123	0.00115241	6.07186e-05	0.00142993	-0.00090625	0.000295346	-0.000147052	-0.00151058	0.000148635	-0.00125789	-0.000467144	-0.00133517	-0.00478396	-0.00617889	-0.00825022	-0.0214532	-0.0351711	-0.0577444	-0.0955765	-0.153335	-0.222589	-0.309846	-0.402192	-0.491139	-0.536779	-0.518241	-0.425959	-0.249892	0.0136363	0.314916	0.590043	0.802997	0.936609	0.963212	0.887012	0.721044	0.497665	0.254574	0.0253054	-0.172629	-0.327341	-0.403163	-0.389996	-0.313131	-0.215916	-0.130434	-0.0718191	-0.0532897	-0.0581991	-0.0610076	-0.0632148	-0.0631823	-0.0587547	-0.0543699	-0.0562479	-0.0884144	-0.162235	-0.256744	-0.347024	-0.403167	-0.383707	-0.273686	-0.0985655	0.114791	0.352433	0.593375	0.799059	0.931292	0.968441	0.897557	0.728753	0.491055	0.202017	-0.0925842	-0.315369	-0.441683	-0.486895	-0.446756	-0.329766	-0.171942	0	
0	-0.000760961	0.00280384	-0.000914148	0.00229388	8.65225e-05	-0.000121165	9.5199e-05	-0.00189867	-0.000375328	-0.00133363	-0.000424348	0.000726255	-2.72691e-06	-0.000352055	-0.00242342	-0.00126459	-0.00647901	-0.000215396	0.00146896	-0.00153118	-0.00272561	-0.00289214	-0.00178133	-0.00193542	-0.00158924	-0.00262032	-0.00125177	-0.00268115	-0.00326897	-0.00345196	-0.00535355	-0.00715206	-0.0134299	-0.0232991	-0.0388844	-0.0639489	-0.105505	-0.16291	-0.237353	-0.328037	-0.425174	-0.513456	-0.559886	-0.542699	-0.449745	-0.267677	-0.00175051	0.302628	0.5843	0.813884	0.963949	1.00807	0.944318	0.779725	0.555858	0.303276	0.0679137	-0.143256	-0.311099	-0.398725	-0.399726	-0.333547	-0.245797	-0.16356	-0.107649	-0.0826194	-0.0728369	-0.0580057	-0.0443838	-0.0499305	-0.0658539	-0.0790951	-0.0901533	-0.125103	-0.194068	-0.277174	-0.361329	-0.411061	-0.376085	-0.248812	-0.0610714	0.160241	0.405039	0.650867	0.856349	0.982984	1.00564	0.917188	0.733256	0.480787	0.186275	-0.105407	-0.332734	-0.464912	-0.505914	-0.461036	-0.343143	-0.18078	0	
0	-0.00279855	0.00147995	-0.00453639	-0.00104454	-0.00130287	-0.00235708	0.00121573	0.000944081	0.00124263	0.00289889	-0.000332692	-0.000267933	-0.00212851	-0.00242342	-0.00189221	0.0030183	-0.00094722	0.00122347	-0.00163479	-0.00667016	0.000534419	-0.000585753	-0.00178053	-0.00319289	-7.69382e-05	-0.00340514	-0.0035956	-0.00119987	-0.00346805	-0.00434467	-0.00581645	-0.00704422	-0.0170982	-0.0226329	-0.0423351	-0.0684483	-0.113247	-0.169887	-0.249896	-0.343808	-0.443495	-0.531421	-0.577765	-0.564372	-0.467818	-0.282604	-0.0173295	0.28545	0.572798	0.816125	0.980333	1.04199	0.992179	0.835475	0.613338	0.356936	0.112771	-0.10898	-0.28559	-0.383448	-0.397571	-0.348328	-0.273358	-0.199762	-0.146934	-0.116475	-0.0933773	-0.0568257	-0.0315706	-0.0394746	-0.0684817	-0.102929	-0.124678	-0.163027	-0.231677	-0.305433	-0.374766	-0.401874	-0.349349	-0.219115	-0.0250891	0.210299	0.463361	0.708477	0.910665	1.02813	1.03164	0.926221	0.730244	0.46496	0.167752	-0.118244	-0.348459	-0.485505	-0.522192	-0.472721	-0.354485	-0.188862	0	
0	-0.00166363	0.00398889	-0.00253375	0.00333762	0.000890885	-0.00158165	0.00151795	-0.00297633	-0.00453765	-0.00138044	-0.004055	-0.00256762	0.00330165	-0.00126459	0.0030183	-0.00250092	-0.00189637	-0.000984091	-0.000636429	-0.00114897	0.00439212	-0.00236355	-0.00199746	-0.000672317	0.000922723	-0.00375456	-9.13657e-05	0.000306472	-0.00342603	-0.00545585	-0.000777547	-0.00915028	-0.0164383	-0.0229936	-0.0422364	-0.0737824	-0.117355	-0.176243	-0.261172	-0.356882	-0.46049	-0.544557	-0.596091	-0.5826	-0.484044	-0.297396	-0.035629	0.260612	0.555594	0.806838	0.98386	1.06472	1.0294	0.890285	0.673278	0.416507	0.16618	-0.0674037	-0.247514	-0.355211	-0.388604	-0.359141	-0.304929	-0.243992	-0.191793	-0.154628	-0.111909	-0.0530334	-0.0174233	-0.0279122	-0.0753288	-0.132112	-0.168377	-0.210102	-0.266725	-0.324286	-0.375538	-0.382388	-0.321789	-0.186748	0.0206853	0.266907	0.523407	0.766806	0.960573	1.06159	1.04599	0.927678	0.720843	0.444126	0.146511	-0.132179	-0.361816	-0.501662	-0.536375	-0.483449	-0.363636	-0.195173	0	
0	0.00149316	-0.0017192	0.0016087	-0.000587075	-0.0012906	0.000441379	-0.000538983	-0.000807507	0.00248443	0.000808338	0.000434157	0.000534505	-7.60945e-05	-0.00647901	-0.00094722	-0.00189637	-0.00438946	-0.000570756	-0.00169271	-0.00150729	-0.00367914	-0.00478148	-0.00244726	-0.00139574	-0.00184991	-0.00460152	-0.00236888	-0.00203716	-0.00576599	-0.00528654	-0.0023789	-0.0137407	-0.0179057	-0.0251331	-0.0470025	-0.0817939	-0.122776	-0.187228	-0.27346	-0.374075	-0.475648	-0.560582	-0.613993	-0.599776	-0.498211	-0.309522	-0.0566153	0.23779	0.536617	0.793084	0.982985	1.07774	1.06449	0.942026	0.733462	0.479228	0.215873	-0.0226756	-0.20565	-0.324212	-0.370523	-0.365279	-0.331445	-0.279509	-0.234773	-0.189317	-0.128515	-0.0605676	-0.0163983	-0.0268669	-0.0886165	-0.158286	-0.205686	-0.252547	-0.302225	-0.344222	-0.371884	-0.357895	-0.284025	-0.138393	0.0727716	0.321495	0.58401	0.824513	1.00358	1.08554	1.05141	0.919303	0.702877	0.420735	0.125026	-0.147615	-0.373257	-0.513038	-0.548713	-0.49383	-0.370629	-0.199332	0	
0	0.000547777	-0.00291079	0.000916676	-0.00297266	-0.000115176	-0.000621624	-0.00125297	0.000342897	-0.000777949	-0.00140941	-0.000205675	-0.00141261	-0.000905339	-0.000215396	0.00122347	-0.000984091	-0.000570756	0.00463402	-0.00427381	-0.00236902	-0.00181466	0.00123994	-0.00134247	-0.00130604	-0.00213306	-0.00391104	-0.00154575	-0.00082258	-0.00555796	-0.00449893	-0.00317471	-0.0141221	-0.0163185	-0.0264575	-0.049745	-0.0847848	-0.12506	-0.195149	-0.281698	-0.38561	-0.484727	-0.57221	-0.626192	-0.610745	-0.505756	-0.32034	-0.0768094	0.214244	0.512582	0.769701	0.966974	1.07607	1.08563	0.983738	0.790133	0.539795	0.270423	0.0331193	-0.151683	-0.276532	-0.341447	-0.363985	-0.351585	-0.320645	-0.282451	-0.22602	-0.15278	-0.0706307	-0.0179967	-0.032755	-0.100796	-0.182597	-0.248925	-0.298682	-0.333991	-0.35809	-0.363262	-0.322687	-0.229691	-0.0833228	0.122447	0.377519	0.646703	0.879735	1.04051	1.09923	1.04462	0.90049	0.679448	0.397522	0.103401	-0.165313	-0.383102	-0.519571	-0.558795	-0.503948	-0.37609	-0.201554	0	
0	-0.000839488	0.00104684	-0.000236201	-0.000465074	0.00141965	-0.000671406	-0.000456176	0.000385125	-0.00217727	-0.00172549	-0.00137467	-0.0017383	-0.00227123	0.00146896	-0.00163479	-0.000636429	-0.00169271	-0.00427381	-0.00443042	0.0018843	0.000331019	-0.00243232	-0.00271184	-0.00313805	-0.00173667	-0.00220496	-0.000391273	-0.00286769	-0.00647128	-0.00245392	-0.00488645	-0.0135847	-0.0175644	-0.0275948	-0.0543519	-0.0857759	-0.132014	-0.202531	-0.29274	-0.396006	-0.496074	-0.585775	-0.638611	-0.621576	-0.512787	-0.334618	-0.0974602	0.191035	0.484453	0.741751	0.941852	1.06752	1.10074	1.02033	0.846965	0.598493	0.32958	0.0952249	-0.0927392	-0.223551	-0.310091	-0.356855	-0.366281	-0.356568	-0.323703	-0.259555	-0.175894	-0.0869265	-0.0329318	-0.0492518	-0.118961	-0.209835	-0.290123	-0.339581	-0.362587	-0.365512	-0.339494	-0.276925	-0.176922	-0.0261493	0.183397	0.438673	0.705592	0.929356	1.06719	1.10043	1.0301	0.875031	0.649546	0.372945	0.0827075	-0.183073	-0.391479	-0.522871	-0.56653	-0.513162	-0.38056	-0.202429	0	
0	-0.000689037	0.00327741	-0.00116444	0.00220987	-0.000188355	-0.00172349	-5.58409e-05	-0.00208842	-0.0013455	0.000257569	0.000907736	-0.00162589	0.00115241	-0.00153118	-0.00667016	-0.00114897	-0.00150729	-0.00236902	0.0018843	-0.000436938	-0.00617561	-0.00297786	-0.00227476	-0.00144432	-0.000709866	-0.00265814	-0.00485892	-0.00392987	-0.00293343	-0.00316162	-0.00866422	-0.0137626	-0.0167198	-0.0317139	-0.0564189	-0.0889655	-0.137378	-0.210838	-0.301271	-0.405024	-0.506869	-0.597016	-0.649218	-0.626727	-0.519804	-0.347408	-0.114527	0.168729	0.456141	0.706726	0.909743	1.05047	1.10352	1.05025	0.893089	0.653457	0.392602	0.161057	-0.0241719	-0.166042	-0.273541	-0.33837	-0.373812	-0.384365	-0.356641	-0.292021	-0.201471	-0.11019	-0.0628169	-0.079335	-0.144381	-0.240683	-0.325538	-0.368248	-0.380534	-0.362817	-0.313635	-0.235663	-0.115813	0.0490446	0.252241	0.496479	0.756748	0.967695	1.08461	1.09776	1.00803	0.837164	0.614166	0.350563	0.063894	-0.200084	-0.398991	-0.524999	-0.571659	-0.520047	-0.384565	-0.203315	0	
0	-0.00160225	-0.0017049	-0.0030473	-0.00235771	-0.00158567	-0.000597224	-4.20117e-05	0.00218895	-0.000464424	0.00126195	-0.00127486	-0.00289747	6.07186e-05	-0.00272561	0.000534419	0.00439212	-0.00367914	-0.00181466	0.000331019	-0.00617561	-0.00405468	0.00262096	-0.00150786	-0.00405245	-0.00400079	-0.00413403	-0.00328784	-0.00203027	-0.0037477	-0.00836814	-0.00896257	-0.0108411	-0.0194352	-0.0363482	-0.0573204	-0.0910515	-0.143819	-0.217676	-0.3079	-0.412662	-0.51565	-0.607223	-0.653689	-0.629925	-0.524212	-0.358317	-0.126347	0.149049	0.425886	0.667911	0.871642	1.02351	1.09596	1.06631	0.926989	0.703418	0.455135	0.235089	0.0498237	-0.103877	-0.225884	-0.310708	-0.368802	-0.399185	-0.385986	-0.324664	-0.233511	-0.148577	-0.104065	-0.114786	-0.174924	-0.269159	-0.352291	-0.395306	-0.396383	-0.349742	-0.27797	-0.183557	-0.0433533	0.126381	0.318141	0.552195	0.80354	1.00002	1.09461	1.08203	0.972415	0.796031	0.581095	0.325815	0.0436745	-0.212633	-0.404582	-0.52866	-0.57448	-0.523138	-0.388455	-0.205655	0	
0	0.00109621	0.00105102	0.00115497	0.00271024	-0.00130493	0.00162392	-0.00240524	-0.00243756	-0.00204397	-0.00331844	-0.00118148	-0.00200627	0.00142993	-0.00289214	-0.000585753	-0.00236355	-0.00478148	0.00123994	-0.00243232	-0.00297786	0.00262096	-0.000350486	-0.00585881	-0.00375944	0.0012429	-0.00131	-0.00317554	-0.00353155	-0.00269222	-0.00761279	-0.00488231	-0.0107307	-0.022266	-0.0363564	-0.0547556	-0.0943784	-0.148986	-0.221995	-0.312827	-0.419515	-0.5256	-0.61487	-0.658294	-0.632902	-0.533247	-0.368046	-0.138411	0.126989	0.391913	0.623672	0.829875	0.988334	1.08039	1.07108	0.952873	0.751175	0.523475	0.315168	0.127136	-0.0393625	-0.177261	-0.277102	-0.35607	-0.403604	-0.404013	-0.351724	-0.265857	-0.192298	-0.153835	-0.164042	-0.220588	-0.303495	-0.37703	-0.409793	-0.388217	-0.321819	-0.239082	-0.12676	0.0276439	0.199273	0.392313	0.617589	0.843345	1.0132	1.08728	1.05811	0.936337	0.754922	0.542702	0.295777	0.0272998	-0.218096	-0.410567	-0.535233	-0.574701	-0.522377	-0.392401	-0.209631	0	
0	-0.000239852	-0.000303368	-0.000421758	-0.000509703	-0.00106121	0.000669303	-0.00199199	0.000963582	6.67635e-05	-0.002222	0.00220226	-0.00329507	-0.00090625	-0.00178133	-0.00178053	-0.00199746	-0.00244726	-0.00134247	-0.00271184	-0.00227476	-0.00150786	-0.00585881	-0.00323538	-0.00188776	-2.12072e-05	-0.00616875	-0.0059691	-0.00230764	-0.00293159	-0.00988348	-0.00624685	-0.0134111	-0.0251814	-0.0358726	-0.0577429	-0.100276	-0.154694	-0.225713	-0.319996	-0.427372	-0.53564	-0.620176	-0.660934	-0.63666	-0.540195	-0.372487	-0.146038	0.10822	0.358701	0.583916	0.786251	0.950273	1.054	1.06093	0.965165	0.789548	0.58894	0.393145	0.203352	0.026642	-0.119986	-0.232859	-0.324996	-0.389229	-0.411526	-0.374437	-0.309488	-0.250064	-0.214283	-0.22614	-0.270221	-0.335629	-0.395233	-0.408304	-0.368174	-0.28858	-0.19039	-0.064743	0.0973267	0.27915	0.473373	0.674361	0.866952	1.01435	1.07327	1.02852	0.893139	0.709013	0.504014	0.26769	0.0136406	-0.221709	-0.416394	-0.541505	-0.573576	-0.52019	-0.395785	-0.213847	0	
0	-0.000414559	-0.000688765	-0.000223575	-0.00224826	0.000391348	-0.0019143	-0.0005158	0.000446861	-0.00103881	0.000351278	0.000548565	-0.0023488	0.000295346	-0.00193542	-0.00319289	-0.000672317	-0.00139574	-0.00130604	-0.00313805	-0.00144432	-0.00405245	-0.00375944	-0.00188776	-0.000519529	-0.00533486	-0.00636414	-0.00379061	0.00064537	-0.00827007	-0.0101097	-0.00543158	-0.0142935	-0.0265868	-0.0359556	-0.060625	-0.104518	-0.156243	-0.230096	-0.325002	-0.435128	-0.541721	-0.623012	-0.662909	-0.6409	-0.545509	-0.372658	-0.153944	0.088731	0.326036	0.544575	0.741306	0.906308	1.01598	1.03784	0.964669	0.823393	0.651721	0.469339	0.280097	0.0954984	-0.0575796	-0.179546	-0.281568	-0.36236	-0.405544	-0.396092	-0.357411	-0.311189	-0.285385	-0.295171	-0.326964	-0.374959	-0.405664	-0.391384	-0.333594	-0.24219	-0.133598	0.00133999	0.169364	0.35713	0.547965	0.724767	0.884957	1.00693	1.04639	0.985358	0.844541	0.667886	0.469682	0.238324	-0.00163608	-0.22375	-0.418667	-0.546013	-0.573901	-0.518613	-0.397429	-0.21683	0	
0	-0.000179589	-0.00125543	-0.000177953	-0.00168964	0.000342635	-0.0013763	-0.00083597	5.18687e-05	-0.00400938	-0.000112783	-0.00344166	-0.0028456	-0.000147052	-0.00158924	-7.69382e-05	0.000922723	-0.00184991	-0.00213306	-0.00173667	-0.000709866	-0.00400079	0.0012429	-2.12072e-05	-0.00533486	-0.00520855	0.000352041	-0.000594889	-0.00506564	-0.00831765	-0.00430103	-0.00401327	-0.017543	-0.024745	-0.0343497	-0.0621837	-0.105548	-0.156418	-0.23262	-0.328384	-0.440411	-0.543813	-0.624623	-0.663808	-0.646985	-0.545009	-0.373546	-0.161422	0.0669788	0.296038	0.506398	0.695195	0.856671	0.967498	1.00151	0.953901	0.84994	0.70609	0.541472	0.35362	0.169165	0.0120529	-0.11684	-0.223878	-0.32187	-0.390282	-0.417006	-0.408746	-0.379708	-0.361294	-0.36615	-0.388906	-0.413966	-0.410314	-0.365626	-0.285848	-0.182384	-0.0659585	0.0718332	0.241393	0.431984	0.611784	0.765675	0.900519	0.989918	1.00023	0.932414	0.801359	0.630854	0.432644	0.209595	-0.0138918	-0.225948	-0.419518	-0.547562	-0.575522	-0.519199	-0.397438	-0.217349	0	
0	0.000795641	0.0020357	0.00108699	0.00291198	-0.000669834	0.00157292	-0.00167282	-0.00170567	-0.000727665	-0.00279783	-0.000889658	-0.00134704	-0.00151058	-0.00262032	-0.00340514	-0.00375456	-0.00460152	-0.00391104	-0.00220496	-0.00265814	-0.00413403	-0.00131	-0.00616875	-0.00636414	0.000352041	-0.00203313	-0.00797404	-0.00664767	-0.00255272	-0.0055303	-0.0110974	-0.0188501	-0.0218609	-0.0376675	-0.0674739	-0.107751	-0.159431	-0.238142	-0.335595	-0.447109	-0.548589	-0.628782	-0.67145	-0.652883	-0.545517	-0.375407	-0.17247	0.04748	0.271516	0.473098	0.653418	0.806046	0.91565	0.958302	0.938262	0.866014	0.749677	0.600538	0.421438	0.242852	0.0828519	-0.0445073	-0.157283	-0.267242	-0.363734	-0.431877	-0.455495	-0.451004	-0.439559	-0.443586	-0.45762	-0.45171	-0.410405	-0.327326	-0.220813	-0.110222	0.00770564	0.145062	0.313857	0.498074	0.66402	0.802349	0.905948	0.953935	0.946124	0.883553	0.756505	0.586672	0.398956	0.191679	-0.0257345	-0.234834	-0.418658	-0.543327	-0.57834	-0.523471	-0.396309	-0.214666	0	
0	-0.000855368	-0.0017793	-0.00254991	-0.00168193	-0.00357124	-8.16008e-06	-0.00251229	0.000904048	0.000904045	-0.000843002	0.00337417	-0.00275987	0.000148635	-0.00125177	-0.0035956	-9.13657e-05	-0.00236888	-0.00154575	-0.000391273	-0.00485892	-0.00328784	-0.00317554	-0.0059691	-0.00379061	-0.000594889	-0.00797404	-0.00739382	-0.0036382	-0.00398548	-0.0119124	-0.0124026	-0.0149669	-0.0232918	-0.0433217	-0.0690517	-0.106183	-0.162003	-0.241495	-0.339491	-0.447697	-0.54875	-0.630265	-0.675164	-0.651013	-0.540115	-0.376079	-0.180834	0.0339113	0.252734	0.443289	0.610747	0.751306	0.854937	0.906519	0.910443	0.86569	0.774424	0.645618	0.486305	0.319298	0.164983	0.0392067	-0.0774323	-0.202004	-0.333307	-0.442037	-0.504087	-0.52284	-0.518788	-0.522472	-0.51797	-0.484233	-0.404446	-0.27866	-0.150536	-0.0309786	0.0887736	0.222789	0.38845	0.557207	0.702675	0.82143	0.894609	0.915209	0.895083	0.826749	0.702076	0.546696	0.376969	0.177376	-0.0425695	-0.245568	-0.414311	-0.537402	-0.582482	-0.528646	-0.394706	-0.211144	0	
0	-0.000816038	-0.000894147	-0.00102167	-0.00182603	-0.00037654	-0.000727354	-0.00152477	0.000265535	-0.00250875	-0.00272071	-0.00185472	-0.00501787	-0.00125789	-0.00268115	-0.00119987	0.000306472	-0.00203716	-0.00082258	-0.00286769	-0.00392987	-0.00203027	-0.00353155	-0.00230764	0.00064537	-0.00506564	-0.00664767	-0.0036382	-0.00156099	-0.0061418	-0.0105045	-0.00873586	-0.0124827	-0.0263582	-0.0436485	-0.0651999	-0.105065	-0.164532	-0.243738	-0.340177	-0.447074	-0.550397	-0.634913	-0.679187	-0.648004	-0.540571	-0.382551	-0.193009	0.0218631	0.233269	0.413372	0.566676	0.695212	0.793288	0.854528	0.87689	0.852595	0.783859	0.679701	0.547816	0.397125	0.252321	0.128777	0.00633732	-0.136359	-0.300947	-0.447541	-0.544417	-0.586142	-0.592897	-0.592581	-0.571203	-0.50993	-0.391694	-0.232313	-0.0775311	0.0577947	0.176608	0.30767	0.461273	0.605115	0.727589	0.819582	0.868357	0.876557	0.841972	0.76433	0.650427	0.512876	0.355649	0.161991	-0.0555626	-0.2522	-0.413371	-0.535823	-0.583716	-0.530257	-0.394905	-0.2105	0	
0	0.00205648	0.00137612	0.00385501	0.00213428	0.00178127	0.000505321	-0.00204341	-0.00187892	-0.00487376	-0.00279073	-0.00310402	-0.0039376	-0.000467144	-0.00326897	-0.00346805	-0.00342603	-0.00576599	-0.00555796	-0.00647128	-0.00293343	-0.0037477	-0.00269222	-0.00293159	-0.00827007	-0.00831765	-0.00255272	-0.00398548	-0.0061418	-0.00813738	-0.0114541	-0.00869895	-0.0155506	-0.0301785	-0.0439255	-0.0648458	-0.109516	-0.169123	-0.246751	-0.341185	-0.449866	-0.555665	-0.642369	-0.68009	-0.647535	-0.545013	-0.392774	-0.201118	0.0129379	0.217586	0.386186	0.526903	0.643421	0.737975	0.805541	0.836065	0.824558	0.77299	0.700203	0.598161	0.47048	0.34077	0.219679	0.0920223	-0.0714895	-0.264296	-0.442148	-0.569612	-0.635536	-0.657823	-0.654273	-0.616328	-0.528551	-0.376898	-0.184564	0.000255434	0.151024	0.27202	0.395516	0.52687	0.642583	0.73248	0.796139	0.836651	0.83629	0.784055	0.704433	0.603607	0.479261	0.334194	0.149497	-0.0627772	-0.256932	-0.418862	-0.538295	-0.580116	-0.528168	-0.397906	-0.213261	0	
0	-0.00157751	-0.00192195	-0.00342228	-0.00336777	-0.00337691	-0.00197452	-0.00207578	0.000710468	0.00082917	0.000865998	0.00175356	-0.000414305	-0.00133517	-0.00345196	-0.00434467	-0.00545585	-0.00528654	-0.00449893	-0.00245392	-0.00316162	-0.00836814	-0.00761279	-0.00988348	-0.0101097	-0.00430103	-0.0055303	-0.0119124	-0.0105045	-0.0114541	-0.0137458	-0.0106748	-0.0217587	-0.0348699	-0.0444708	-0.0678757	-0.11571	-0.172639	-0.247501	-0.342094	-0.452933	-0.560842	-0.64374	-0.676397	-0.646512	-0.55049	-0.397683	-0.202407	0.00911291	0.204679	0.362452	0.489963	0.59633	0.686915	0.752996	0.782596	0.773941	0.742944	0.703421	0.637209	0.541706	0.431037	0.317401	0.179749	-0.00637766	-0.224325	-0.42877	-0.583137	-0.67546	-0.710995	-0.703984	-0.646639	-0.528397	-0.352163	-0.135326	0.075486	0.241542	0.366189	0.476413	0.583365	0.671743	0.727507	0.763328	0.788814	0.779143	0.729219	0.657904	0.561772	0.446282	0.312072	0.13601	-0.0656437	-0.258006	-0.428331	-0.544758	-0.574841	-0.523722	-0.401718	-0.217956	0	
0	-0.000345554	-0.00194475	-0.00167005	-0.00161429	-0.0031446	-0.00110065	-0.00336727	-0.00239022	-0.003505	-0.00493696	-0.00382822	-0.00780344	-0.00478396	-0.00535355	-0.00581645	-0.000777547	-0.0023789	-0.00317471	-0.00488645	-0.00866422	-0.00896257	-0.00488231	-0.00624685	-0.00543158	-0.00401327	-0.0110974	-0.0124026	-0.00873586	-0.00869895	-0.0106748	-0.0131091	-0.025662	-0.0310012	-0.0401518	-0.0705146	-0.117397	-0.169315	-0.244043	-0.341405	-0.455156	-0.56171	-0.640644	-0.673646	-0.652206	-0.559532	-0.403579	-0.206992	-0.00223806	0.18514	0.332908	0.451984	0.552005	0.640126	0.699504	0.720772	0.71539	0.70487	0.699695	0.670474	0.607665	0.518964	0.408962	0.256397	0.0486705	-0.18852	-0.409795	-0.581603	-0.69209	-0.739605	-0.727832	-0.651295	-0.515593	-0.323247	-0.088528	0.137387	0.321401	0.456404	0.55626	0.639542	0.691418	0.705607	0.711646	0.722762	0.719356	0.686588	0.619804	0.522795	0.413928	0.287916	0.124461	-0.0642606	-0.260048	-0.439627	-0.551125	-0.571426	-0.520522	-0.403956	-0.221505	0	
0	0.000197853	0.00177903	0.00109337	0.000957691	0.00062704	-0.000670592	-0.00345827	-0.00328031	-0.00693846	-0.00798126	-0.00708086	-0.00887904	-0.00617889	-0.00715206	-0.00704422	-0.00915028	-0.0137407	-0.0141221	-0.0135847	-0.0137626	-0.0108411	-0.0107307	-0.0134111	-0.0142935	-0.017543	-0.0188501	-0.0149669	-0.0124827	-0.0155506	-0.0217587	-0.025662	-0.0288144	-0.0318501	-0.0507871	-0.0834289	-0.121819	-0.172405	-0.250773	-0.351415	-0.463212	-0.566689	-0.642593	-0.682195	-0.665676	-0.570383	-0.408843	-0.214246	-0.0149127	0.166896	0.310126	0.424121	0.522538	0.603135	0.647599	0.655441	0.649241	0.657763	0.680054	0.685506	0.656851	0.591134	0.486305	0.322076	0.0995747	-0.148123	-0.376133	-0.558498	-0.682654	-0.737992	-0.725521	-0.640168	-0.491862	-0.290138	-0.0482229	0.194404	0.400274	0.541387	0.626332	0.677446	0.689587	0.671529	0.653641	0.654495	0.661952	0.643128	0.581761	0.489833	0.386832	0.269255	0.116288	-0.0709218	-0.268569	-0.442473	-0.551802	-0.576553	-0.523595	-0.401628	-0.219387	0	
0	-7.22367e-05	-0.00243078	-0.00208625	-0.00379651	-0.00591634	-0.00552561	-0.00774866	-0.0066541	-0.00695757	-0.0061365	-0.00529007	-0.00894315	-0.00825022	-0.0134299	-0.0170982	-0.0164383	-0.0179057	-0.0163185	-0.0175644	-0.0167198	-0.0194352	-0.022266	-0.0251814	-0.0265868	-0.024745	-0.0218609	-0.0232918	-0.0263582	-0.0301785	-0.0348699	-0.0310012	-0.0318501	-0.0454707	-0.0681933	-0.0896788	-0.123905	-0.179618	-0.261405	-0.358414	-0.467162	-0.56648	-0.646134	-0.692126	-0.676036	-0.574824	-0.412684	-0.224256	-0.0300126	0.148778	0.28848	0.402114	0.496121	0.564306	0.58902	0.582521	0.579343	0.600884	0.647567	0.684662	0.688415	0.647587	0.548777	0.37909	0.150298	-0.100986	-0.331993	-0.518752	-0.648792	-0.710072	-0.697034	-0.606991	-0.453675	-0.245216	0.00260766	0.250564	0.460394	0.600532	0.67357	0.696786	0.676774	0.633789	0.597396	0.588944	0.597353	0.589555	0.547954	0.47022	0.370958	0.255765	0.100279	-0.0899473	-0.274016	-0.433752	-0.553162	-0.591187	-0.529836	-0.394923	-0.212878	0	
0	-0.00363485	-0.0053603	-0.00824985	-0.00946942	-0.00942816	-0.00950967	-0.0106713	-0.00913567	-0.012584	-0.0146277	-0.0165093	-0.0209091	-0.0214532	-0.0232991	-0.0226329	-0.0229936	-0.0251331	-0.0264575	-0.0275948	-0.0317139	-0.0363482	-0.0363564	-0.0358726	-0.0359556	-0.0343497	-0.0376675	-0.0433217	-0.0436485	-0.0439255	-0.0444708	-0.0401518	-0.0507871	-0.0681933	-0.0791182	-0.0947321	-0.136111	-0.196527	-0.273162	-0.366887	-0.47229	-0.573146	-0.658429	-0.708299	-0.687284	-0.58294	-0.426725	-0.24461	-0.052492	0.125629	0.266825	0.380449	0.46919	0.520059	0.526421	0.512781	0.511126	0.543559	0.60738	0.669821	0.702717	0.681073	0.59055	0.423567	0.194964	-0.0549957	-0.282863	-0.466331	-0.589681	-0.642752	-0.62897	-0.542825	-0.392881	-0.19139	0.0483334	0.291801	0.499546	0.63715	0.698685	0.699908	0.656512	0.591771	0.538177	0.52072	0.530008	0.539462	0.523438	0.458913	0.359016	0.238391	0.0789964	-0.104013	-0.274588	-0.432729	-0.560388	-0.600213	-0.532595	-0.391886	-0.209085	0	
0	-0.000608746	-0.00272701	-0.00402512	-0.00626321	-0.0109238	-0.0135217	-0.019276	-0.0231529	-0.0274434	-0.0308108	-0.0320155	-0.0366695	-0.0351711	-0.0388844	-0.0423351	-0.0422364	-0.0470025	-0.049745	-0.0543519	-0.0564189	-0.0573204	-0.0547556	-0.0577429	-0.060625	-0.0621837	-0.0674739	-0.0690517	-0.0651999	-0.0648458	-0.0678757	-0.0705146	-0.0834289	-0.0896788	-0.0947321	-0.118419	-0.165922	-0.219464	-0.292058	-0.383476	-0.489462	-0.593007	-0.683997	-0.730777	-0.70456	-0.603987	-0.455718	-0.276973	-0.0826303	0.0992623	0.244219	0.360217	0.438868	0.474666	0.470154	0.453177	0.453164	0.486566	0.558103	0.635352	0.683912	0.67695	0.600255	0.447489	0.234401	-0.00212467	-0.219281	-0.387068	-0.492845	-0.53808	-0.527846	-0.456163	-0.325443	-0.135109	0.0983681	0.330384	0.523953	0.648786	0.697524	0.682566	0.618162	0.536655	0.479103	0.463756	0.47742	0.498072	0.495784	0.44117	0.345741	0.22519	0.0687185	-0.110778	-0.28745	-0.44871	-0.563313	-0.594148	-0.534123	-0.397995	-0.210458	0	
0	-0.00519167	-0.00878803	-0.0143618	-0.0189488	-0.0229869	-0.0274974	-0.032783	-0.0350072	-0.0411304	-0.0449801	-0.0486425	-0.0545874	-0.0577444	-0.0639489	-0.0684483	-0.0737824	-0.0817939	-0.0847848	-0.0857759	-0.0889655	-0.0910515	-0.0943784	-0.100276	-0.104518	-0.105548	-0.107751	-0.106183	-0.105065	-0.109516	-0.11571	-0.117397	-0.121819	-0.123905	-0.136111	-0.165922	-0.205542	-0.253647	-0.324262	-0.415429	-0.520319	-0.628415	-0.717159	-0.756785	-0.730299	-0.637506	-0.495294	-0.313907	-0.114727	0.0721645	0.222225	0.333603	0.400617	0.423965	0.414616	0.39746	0.391868	0.421579	0.492814	0.574168	0.632269	0.639768	0.586472	0.463398	0.276182	0.0584308	-0.141076	-0.289951	-0.375238	-0.405898	-0.399751	-0.34686	-0.236248	-0.0635414	0.151963	0.364039	0.534088	0.63276	0.659541	0.6317	0.562534	0.48233	0.43033	0.421873	0.438781	0.457589	0.45847	0.41914	0.338768	0.222388	0.0635854	-0.124157	-0.310767	-0.466041	-0.561484	-0.585885	-0.53574	-0.40603	-0.215375	0	
0	-0.00812115	-0.0165126	-0.0248454	-0.0319944	-0.0410851	-0.0475488	-0.0553918	-0.0620789	-0.0687585	-0.0752413	-0.0809662	-0.0907726	-0.0955765	-0.105505	-0.113247	-0.117355	-0.122776	-0.12506	-0.132014	-0.137378	-0.143819	-0.148986	-0.154694	-0.156243	-0.156418	-0.159431	-0.162003	-0.164532	-0.169123	-0.172639	-0.169315	-0.172405	-0.179618	-0.196527	-0.219464	-0.253647	-0.29999	-0.370521	-0.458733	-0.567447	-0.674702	-0.756286	-0.793186	-0.774632	-0.691842	-0.549858	-0.365176	-0.161022	0.0313951	0.181439	0.286919	0.344088	0.366302	0.361558	0.344169	0.333886	0.355076	0.418033	0.492917	0.548981	0.569829	0.546485	0.45976	0.308283	0.120941	-0.0528182	-0.173186	-0.231715	-0.249354	-0.245689	-0.210647	-0.127049	0.0206422	0.211336	0.391523	0.521463	0.582246	0.588702	0.55894	0.497394	0.428666	0.387932	0.387212	0.40635	0.423829	0.427383	0.398776	0.330593	0.218417	0.0541534	-0.140774	-0.327477	-0.477581	-0.568561	-0.587285	-0.532442	-0.407382	-0.222142	0	
0	-0.0136498	-0.0259402	-0.0391373	-0.0514286	-0.0626167	-0.073975	-0.0862113	-0.0958943	-0.109336	-0.120976	-0.132437	-0.144768	-0.153335	-0.16291	-0.169887	-0.176243	-0.187228	-0.195149	-0.202531	-0.210838	-0.217676	-0.221995	-0.225713	-0.230096	-0.23262	-0.238142	-0.241495	-0.243738	-0.246751	-0.247501	-0.244043	-0.250773	-0.261405	-0.273162	-0.292058	-0.324262	-0.370521	-0.437534	-0.528958	-0.637398	-0.736845	-0.812149	-0.855285	-0.848091	-0.766868	-0.622142	-0.432565	-0.222825	-0.0271343	0.121435	0.219623	0.277369	0.307426	0.308854	0.291265	0.271473	0.280167	0.325956	0.38203	0.432469	0.468569	0.478837	0.437002	0.329957	0.183062	0.0488349	-0.0382885	-0.071233	-0.0726566	-0.0700517	-0.0518313	0.00493552	0.116675	0.265265	0.402224	0.490706	0.515683	0.497858	0.463438	0.417706	0.369908	0.344482	0.357288	0.387441	0.407162	0.406108	0.37572	0.313127	0.206613	0.0426032	-0.151767	-0.335918	-0.488933	-0.584765	-0.596729	-0.528616	-0.401732	-0.222461	0	
