0	0	0	0	0	0	0	0	0	0	0	0	0	0	0	0	0	0	0	0	0	0	0	0	0	0	0	0	0	0	0	0	0	0	0	0	0	0	0	0	0	0	0	0	0	0	0	0	0	0	0	0	0	0	0	0	0	0	0	0	0	0	0	0	0	0	0	0	0	0	0	0	0	0	0	0	0	0	0	0	0	0	0	0	0	0	0	0	0	0	0	0	0	0	0	0	0	0	0	0	
0	-0.00105039	0.000430672	-0.00148231	-0.000281177	0.00024356	-0.000757491	0.000903339	-0.000108794	-0.000297163	-0.000231353	-0.00115233	1.66587e-05	-0.00134951	0.00160806	0.000972516	0.00040303	0.0018617	0.000481896	-0.00161493	-0.000236409	0.00165529	0.000501466	0.000740893	-0.00108294	-0.000407686	-0.000599111	-0.0025337	-0.00470544	-0.0067608	-0.0107417	-0.019697	-0.0247897	-0.0333387	-0.0418743	-0.0461976	-0.0416081	-0.034127	-0.0126032	0.0153194	0.0435466	0.0679085	0.0834871	0.0860517	0.0756304	0.0602059	0.0432652	0.0244168	0.00198911	-0.0204767	-0.0341356	-0.0442808	-0.0427911	-0.0285454	-0.0130652	-0.00205281	0.00142084	0.00811887	0.00704385	-2.31829e-05	-0.00939888	-0.01348	-0.00632692	0.00370071	0.0058284	-0.00221597	-0.00674457	-0.00549183	-0.00158289	0.000438182	0.000283068	-0.00155045	-0.00503015	-0.00489857	0.000582888	0.0062387	-0.00083835	-0.0119631	-0.0116437	-0.00545184	0.00275692	0.00750784	0.00541971	0.00166622	-0.00461075	-0.0169674	-0.0329891	-0.0405061	-0.034414	-0.0203806	0.0038985	0.0344498	0.0619878	0.0888964	0.111994	0.124603	0.124626	0.10165	0.0546823	0	
0	0.000430672	0.0015698	1.84208e-06	0.0023646	-0.00102027	0.000303455	0.000469728	-0.00222715	0.00178078	0.00047494	-0.000129924	0.00268728	-0.00014871	-0.00206453	-0.000443223	-0.00303728	-0.00181267	-0.000618657	0.000670976	0.0014661	-0.00172628	-0.00453451	0.00120906	-0.00141373	-0.00222061	-0.0035449	-0.00380922	-0.0110987	-0.0151426	-0.0237063	-0.0374207	-0.0516098	-0.0672338	-0.0860143	-0.091464	-0.0856347	-0.0688007	-0.0277657	0.0285381	0.0844248	0.132555	0.164814	0.168686	0.150246	0.118636	0.0856896	0.0488034	0.0032018	-0.0381522	-0.0682098	-0.0853998	-0.0834938	-0.0555638	-0.023389	-0.00445509	0.00497382	0.0158946	0.0125919	-0.000696468	-0.0211956	-0.0290497	-0.0135394	0.00497732	0.0114578	-0.00116267	-0.0121587	-0.00715006	-0.000836965	-0.00207888	-0.000374804	-0.00573628	-0.0141614	-0.00848485	0.00384106	0.0136359	0.000854951	-0.0222995	-0.0265057	-0.015861	0.0057887	0.0198097	0.0119362	0.000387153	-0.00996808	-0.0334535	-0.0670333	-0.0812473	-0.0671051	-0.0390268	0.00810554	0.0685302	0.124156	0.178008	0.223836	0.248909	0.248267	0.202164	0.109105	0	
0	-0.00148231	1.84208e-06	-0.00226321	-0.000751485	9.35451e-05	-0.00100689	0.00153999	-0.000279642	8.89079e-06	-0.000453887	-0.00219192	0.00025792	-0.00259867	0.00221263	0.00197808	0.000719898	0.00293172	0.00134916	-0.0028365	-0.000799994	0.00188048	0.000750157	0.0019096	-0.00246493	-0.00183815	-0.00339301	-0.00749512	-0.0138108	-0.0205906	-0.0338885	-0.0574031	-0.0747918	-0.0995485	-0.125246	-0.136448	-0.125999	-0.101265	-0.0395037	0.0429865	0.126287	0.199718	0.246413	0.254794	0.226376	0.181209	0.130692	0.0742232	0.00773687	-0.0566029	-0.1003	-0.129351	-0.125794	-0.0856242	-0.040113	-0.00942818	0.0051445	0.0223023	0.0198995	3.72622e-06	-0.0278824	-0.0384002	-0.0193871	0.00848442	0.0153442	-0.00533043	-0.0179278	-0.0140179	-0.00460103	-0.00110211	-0.000472901	-0.0053901	-0.0148308	-0.0126158	0.00246505	0.0157921	-0.0030642	-0.0334391	-0.035076	-0.0165394	0.00924028	0.0226872	0.0153716	0.00234459	-0.0168161	-0.0521262	-0.0978757	-0.119831	-0.101422	-0.0570652	0.0150224	0.103697	0.186673	0.267092	0.334866	0.372308	0.370216	0.30073	0.162927	0	
0	-0.000281177	0.0023646	-0.000751485	0.00226449	-0.000440757	-0.000566552	0.000906826	-0.00238095	0.00114591	0.000406679	-0.000636512	0.00295062	-0.000948393	-0.000619991	4.59608e-05	-0.00401652	0.000101051	-0.001571	-0.000358874	0.00216295	-0.00012193	-0.00497193	0.000631759	-0.00316087	-0.00348391	-0.00479618	-0.00903055	-0.0206801	-0.0302459	-0.0460388	-0.0739296	-0.100918	-0.133943	-0.166695	-0.180472	-0.169079	-0.135662	-0.0546233	0.0518942	0.163629	0.259344	0.3237	0.33391	0.300711	0.240918	0.174614	0.0996389	0.0121945	-0.0701477	-0.130573	-0.167891	-0.163429	-0.112892	-0.0537819	-0.0140215	0.00723667	0.0288774	0.0242642	-0.00104776	-0.0369075	-0.0517634	-0.0264821	0.00729282	0.0174892	-0.0038202	-0.0204845	-0.0141868	-0.00438327	-0.00397574	-0.00315167	-0.0101421	-0.0212655	-0.0160678	0.00474146	0.0211965	-0.00302493	-0.041294	-0.0468004	-0.0261613	0.0101985	0.0329008	0.022232	0.00051175	-0.0256154	-0.0722418	-0.131606	-0.157102	-0.130464	-0.0714033	0.0221873	0.138596	0.250376	0.356579	0.445002	0.494541	0.489394	0.396134	0.21576	0	
0	0.00024356	-0.00102027	9.35451e-05	-0.000440757	-0.000203951	0.000100722	0.000575857	-0.000416655	0.000506761	-0.000204978	-0.0013456	0.000182757	-0.00117778	-0.000654135	0.000844942	-0.000185442	0.000571644	0.000537806	-0.000864959	-0.000650646	-0.00177606	-0.000478265	0.00143041	-0.00219331	-0.00370314	-0.00799523	-0.0128564	-0.0222042	-0.0349389	-0.0589411	-0.0915937	-0.124755	-0.164262	-0.205321	-0.221897	-0.210873	-0.165718	-0.0694043	0.0621163	0.198353	0.319903	0.398129	0.414644	0.375606	0.304317	0.220852	0.127048	0.0197472	-0.0812779	-0.159081	-0.205831	-0.201318	-0.143256	-0.0719966	-0.0240064	0.00830303	0.0320442	0.0293126	-3.77362e-05	-0.0427425	-0.057697	-0.0326245	0.00648463	0.0179354	-0.00604347	-0.023026	-0.0179203	-0.0076673	-0.00651109	-0.00507052	-0.0102255	-0.0220638	-0.0168357	0.00478664	0.0179585	-0.00812298	-0.0485771	-0.0551861	-0.0265642	0.0153639	0.0358817	0.0234487	-0.00260369	-0.0374759	-0.0922744	-0.159719	-0.192511	-0.161976	-0.0833545	0.0348932	0.175488	0.313737	0.445593	0.554427	0.615079	0.604666	0.487613	0.267337	0	
0	-0.000757491	0.000303455	-0.00100689	-0.000566552	0.000100722	-0.00103577	0.000373953	-0.000350857	1.43827e-05	3.68795e-05	-0.000341177	0.00103828	-0.00105448	0.00137919	0.0010449	-0.00149861	0.0017676	-0.000451856	-0.00169526	0.000776849	0.00136817	-0.0011746	-0.00130575	-0.00439163	-0.00482817	-0.00655502	-0.0146201	-0.0285606	-0.0453008	-0.069085	-0.107334	-0.148776	-0.197619	-0.241441	-0.263684	-0.250893	-0.197599	-0.0841424	0.0669724	0.230207	0.373986	0.468567	0.491016	0.449972	0.367988	0.26867	0.155729	0.0312037	-0.0888706	-0.182951	-0.23986	-0.235945	-0.171974	-0.0939343	-0.0335233	0.00619176	0.0344204	0.0326981	-0.00135985	-0.0453939	-0.0639395	-0.0382758	0.00337009	0.0154184	-0.0064801	-0.022872	-0.0191676	-0.0109853	-0.00858218	-0.00887934	-0.0135853	-0.0216073	-0.0186547	0.00306106	0.0168991	-0.0122409	-0.054087	-0.0597772	-0.029105	0.0142547	0.0377398	0.0273063	-0.00414204	-0.0505756	-0.117909	-0.191943	-0.223507	-0.185079	-0.091097	0.0472792	0.212944	0.379681	0.535188	0.661911	0.732718	0.715429	0.574525	0.316897	0	
0	0.000903339	0.000469728	0.00153999	0.000906826	0.000575857	0.000373953	-0.000258006	-0.000586596	-0.000543211	-0.000331946	-0.000375526	-0.000692169	0.000324595	-0.0020315	-0.00114002	-0.00138017	-0.00128019	-0.0013835	0.000538211	5.40877e-05	-0.0026653	-0.00183855	-0.00122286	-0.00162396	-0.00492691	-0.0111948	-0.0183711	-0.030469	-0.0502011	-0.0820397	-0.122742	-0.172552	-0.226228	-0.277144	-0.302169	-0.291248	-0.226534	-0.101539	0.0697643	0.256396	0.422654	0.532466	0.562774	0.521938	0.431148	0.316055	0.185941	0.0437488	-0.0921294	-0.204542	-0.269227	-0.266692	-0.201559	-0.115248	-0.0463905	0.00516707	0.0352228	0.0341112	-0.00123608	-0.04793	-0.0677896	-0.0442025	-0.00362907	0.0102982	-0.00589979	-0.0213292	-0.0191559	-0.012592	-0.0130436	-0.013351	-0.0154792	-0.0231105	-0.017827	0.00377667	0.0102405	-0.0180991	-0.056839	-0.0647489	-0.0307609	0.0167555	0.0408641	0.0273358	-0.0131204	-0.0688695	-0.141439	-0.217932	-0.251987	-0.208912	-0.0957457	0.066218	0.254186	0.445005	0.623084	0.768518	0.847761	0.820309	0.655715	0.363897	0	
0	-0.000108794	-0.00222715	-0.000279642	-0.00238095	-0.000416655	-0.000350857	-0.000586596	0.00143897	-0.00021998	0.00039437	0.000970509	-0.00144918	0.00130607	-8.86848e-05	0.000367583	0.00218073	-0.000702286	0.00122012	-0.00073813	-0.000947876	-0.00121774	0.00166853	-0.00350682	-0.00338618	-0.00682581	-0.0116099	-0.020358	-0.0353632	-0.0594153	-0.09374	-0.137416	-0.195838	-0.255236	-0.310748	-0.339599	-0.329436	-0.253979	-0.119449	0.0710954	0.278671	0.468013	0.591657	0.633727	0.594405	0.4977	0.367995	0.220611	0.063119	-0.0907124	-0.22009	-0.293696	-0.295477	-0.231957	-0.142666	-0.0634458	-0.00114066	0.0310858	0.033425	-0.00190812	-0.0465614	-0.0659916	-0.0475896	-0.0101818	0.00459605	-0.00689518	-0.0194201	-0.0209834	-0.0179483	-0.0167787	-0.0173636	-0.0170029	-0.0204181	-0.0155353	0.000875817	0.000286903	-0.0253943	-0.058559	-0.0644551	-0.0278758	0.0163714	0.0366568	0.0243037	-0.0196333	-0.0869754	-0.169685	-0.246293	-0.275624	-0.224432	-0.0949737	0.0865979	0.296572	0.512343	0.711754	0.873008	0.957543	0.918525	0.73133	0.407754	0	
0	-0.000297163	0.00178078	8.89079e-06	0.00114591	0.000506761	1.43827e-05	-0.000543211	-0.00021998	-0.00117025	-0.00080787	-0.000124361	-0.00129488	0.000154859	-0.000902449	-0.00101817	-2.98961e-05	-0.00221356	0.000541374	-0.00122015	-0.00115793	0.000834557	-0.00120263	-0.0035944	-0.00267411	-0.00676688	-0.0130398	-0.0218906	-0.0396603	-0.066702	-0.10248	-0.151362	-0.217169	-0.282891	-0.340299	-0.375847	-0.36348	-0.282432	-0.137147	0.0670622	0.296532	0.503571	0.643375	0.696856	0.662369	0.56142	0.418541	0.256108	0.0837803	-0.0865997	-0.231506	-0.312366	-0.320072	-0.259732	-0.170907	-0.0787841	-0.00922991	0.0271506	0.0317826	-0.00387826	-0.042517	-0.0653993	-0.0516833	-0.0205655	-0.0052973	-0.00658972	-0.0163237	-0.0204319	-0.0206314	-0.0197626	-0.0213826	-0.0209518	-0.0196216	-0.0137192	-0.00303671	-0.00850587	-0.0317378	-0.0595636	-0.0613834	-0.0261501	0.0130042	0.0334566	0.0201742	-0.0316596	-0.108897	-0.198211	-0.27222	-0.293821	-0.234382	-0.0911245	0.110635	0.343771	0.581086	0.798425	0.974594	1.0625	1.0099	0.800175	0.447048	0	
0	-0.000231353	0.00047494	-0.000453887	0.000406679	-0.000204978	3.68795e-05	-0.000331946	0.00039437	-0.00080787	2.8464e-06	0.00101187	-0.00246777	0.00252782	-0.00160948	-0.00186085	0.00211092	-0.00357967	0.000234291	0.000510924	-0.000645891	-0.00254741	-0.000689617	-0.00461503	-0.00182155	-0.00786998	-0.0161782	-0.0268393	-0.0426023	-0.0722374	-0.114728	-0.167071	-0.23851	-0.306692	-0.371145	-0.409313	-0.397401	-0.307998	-0.157589	0.0624267	0.308196	0.533815	0.688554	0.756361	0.728925	0.626194	0.47296	0.296881	0.110279	-0.0767455	-0.235424	-0.325045	-0.338965	-0.289536	-0.198845	-0.10035	-0.0214491	0.0189349	0.0243602	-0.00380584	-0.0394444	-0.0600516	-0.0531457	-0.0318338	-0.0136189	-0.00734918	-0.0136266	-0.0215934	-0.0238329	-0.0233921	-0.0257005	-0.0221981	-0.0199615	-0.0117081	-0.00490844	-0.0215643	-0.0402757	-0.0563483	-0.0567883	-0.0246829	0.0110791	0.0278492	0.0106644	-0.0474059	-0.133655	-0.226596	-0.29368	-0.30716	-0.240307	-0.0821177	0.140546	0.394083	0.649539	0.884439	1.07384	1.16061	1.09287	0.862084	0.481742	0	
0	-0.00115233	-0.000129924	-0.00219192	-0.000636512	-0.0013456	-0.000341177	-0.000375526	0.000970509	-0.000124361	0.00101187	0.000279182	-0.000986751	0.000997839	-0.00136176	0.00041582	0.00232488	-0.00241522	0.00325591	-0.00226859	-0.0030003	0.00135429	-0.000698011	-0.00397056	-0.00423691	-0.0105822	-0.0166524	-0.0256072	-0.0484809	-0.08257	-0.123528	-0.179444	-0.257509	-0.332078	-0.39809	-0.440973	-0.426028	-0.33478	-0.176406	0.0543202	0.315865	0.556133	0.726904	0.810119	0.791271	0.690345	0.52876	0.341652	0.140475	-0.0621858	-0.233397	-0.330394	-0.355631	-0.3158	-0.22981	-0.123119	-0.0386121	0.00592297	0.0166279	-0.00679341	-0.0328631	-0.0527038	-0.0534155	-0.0409881	-0.0230604	-0.00892926	-0.0128784	-0.0236183	-0.0285039	-0.0261761	-0.0269723	-0.0260429	-0.0187722	-0.00833285	-0.0123005	-0.0328877	-0.0465708	-0.0558111	-0.0484345	-0.0194342	0.00546791	0.0163719	-0.00361123	-0.064485	-0.156063	-0.255035	-0.317776	-0.31584	-0.234583	-0.0662268	0.171347	0.446118	0.72098	0.970639	1.16783	1.25009	1.16794	0.916874	0.51065	0	
0	1.66587e-05	0.00268728	0.00025792	0.00295062	0.000182757	0.00103828	-0.000692169	-0.00144918	-0.00129488	-0.00246777	-0.000986751	-0.00151042	-0.000156373	-0.000997221	-0.00116277	-0.000345115	-0.0036579	0.000499862	-0.00076592	-0.000474923	0.000334867	-0.00309706	-0.00288011	-0.00350668	-0.00826216	-0.017234	-0.031114	-0.0520248	-0.0846875	-0.130729	-0.194987	-0.274588	-0.352168	-0.422535	-0.469407	-0.452083	-0.359778	-0.195288	0.0440963	0.31772	0.570003	0.757263	0.855013	0.847949	0.749992	0.58497	0.387478	0.173081	-0.0445175	-0.224948	-0.330334	-0.36654	-0.339371	-0.257111	-0.146778	-0.0577522	-0.00751564	0.0061401	-0.00823157	-0.0280547	-0.0457419	-0.054179	-0.0526766	-0.0331731	-0.0131357	-0.0130627	-0.0245037	-0.0296551	-0.0252239	-0.0278683	-0.0297592	-0.0214475	-0.0108915	-0.0182999	-0.0418188	-0.0523272	-0.0506907	-0.0397751	-0.019565	-0.00117097	0.00565712	-0.0202461	-0.0869615	-0.184581	-0.282562	-0.332397	-0.315856	-0.226395	-0.0481894	0.208966	0.504154	0.792684	1.05358	1.2563	1.33183	1.23452	0.963205	0.533316	0	
0	-0.00134951	-0.00014871	-0.00259867	-0.000948393	-0.00117778	-0.00105448	0.000324595	0.00130607	0.000154859	0.00252782	0.000997839	-0.000156373	0.00138243	-0.000941947	-0.000198024	-0.000394753	0.00039267	-0.00120444	-0.00121755	-0.00181751	-0.000561012	-0.00368099	-0.00413429	-0.00623705	-0.0126017	-0.0204646	-0.0338279	-0.0559299	-0.0946747	-0.143473	-0.209252	-0.290679	-0.374711	-0.448881	-0.49635	-0.4771	-0.385888	-0.214482	0.0305924	0.314352	0.576359	0.781095	0.893522	0.900612	0.809898	0.644923	0.440268	0.212566	-0.0180863	-0.20587	-0.322815	-0.370249	-0.360133	-0.283103	-0.175754	-0.0846723	-0.0281666	-0.0106176	-0.0130792	-0.0246063	-0.0371712	-0.0508805	-0.0573481	-0.0394268	-0.0167307	-0.0155934	-0.0294837	-0.0324724	-0.0263744	-0.0292847	-0.0317826	-0.0237324	-0.0136165	-0.0237472	-0.049945	-0.0579761	-0.0456484	-0.0303922	-0.0187127	-0.0096224	-0.0106892	-0.0428544	-0.112309	-0.210141	-0.30465	-0.346093	-0.314931	-0.209254	-0.0186032	0.250823	0.560555	0.864735	1.13729	1.33886	1.40277	1.29109	1.00145	0.550745	0	
0	0.00160806	-0.00206453	0.00221263	-0.000619991	-0.000654135	0.00137919	-0.0020315	-8.86848e-05	-0.000902449	-0.00160948	-0.00136176	-0.000997221	-0.000941947	-0.00205017	0.00100218	-0.000633237	-0.000451263	0.00120076	0.000461809	-0.00150727	-0.00166676	-0.00126559	-0.00090051	-0.00574726	-0.0108485	-0.0191935	-0.034529	-0.0606105	-0.0978136	-0.148836	-0.218878	-0.305124	-0.391971	-0.469233	-0.515654	-0.498671	-0.406699	-0.231611	0.0185464	0.305949	0.578306	0.796364	0.923853	0.945126	0.86457	0.703063	0.492459	0.252006	0.0120503	-0.184789	-0.309737	-0.372817	-0.374321	-0.306419	-0.20564	-0.110464	-0.0517929	-0.0241488	-0.0180797	-0.0217847	-0.0282903	-0.0488706	-0.0613547	-0.0468525	-0.0253891	-0.0230469	-0.0328335	-0.0335041	-0.0241118	-0.0251889	-0.0356949	-0.0290007	-0.0188084	-0.0327744	-0.0552086	-0.057752	-0.0406979	-0.0255741	-0.0195959	-0.0170803	-0.0292518	-0.070639	-0.141394	-0.236493	-0.324565	-0.353145	-0.304237	-0.185103	0.0138749	0.2955	0.621389	0.939767	1.21737	1.41171	1.46393	1.33893	1.03075	0.562137	0	
0	0.000972516	-0.000443223	0.00197808	4.59608e-05	0.000844942	0.0010449	-0.00114002	0.000367583	-0.00101817	-0.00186085	0.00041582	-0.00116277	-0.000198024	0.00100218	-0.000193617	-0.00302357	0.000957628	-0.00539483	-0.00180165	-0.000222079	-0.000264895	-0.00243793	-0.00514359	-0.0093958	-0.0114732	-0.0218193	-0.0403652	-0.0643168	-0.102783	-0.160294	-0.233505	-0.318949	-0.409938	-0.490803	-0.53644	-0.520641	-0.428761	-0.24946	0.00110944	0.292173	0.571336	0.80333	0.943398	0.982703	0.914663	0.762045	0.547066	0.298154	0.0499802	-0.152939	-0.289887	-0.365498	-0.380459	-0.325544	-0.234716	-0.142566	-0.0782064	-0.0439989	-0.0281234	-0.0225204	-0.0240727	-0.0445963	-0.0603831	-0.0516968	-0.0341272	-0.0308891	-0.03802	-0.0329684	-0.0192805	-0.0244111	-0.0377226	-0.0349473	-0.0325038	-0.0405366	-0.0556543	-0.0568709	-0.0323417	-0.0182469	-0.024161	-0.0333899	-0.0542689	-0.0976133	-0.170062	-0.264061	-0.339013	-0.351272	-0.289988	-0.158156	0.0554072	0.348465	0.683003	1.01216	1.29342	1.47741	1.51536	1.37549	1.05048	0.569232	0	
0	0.00040303	-0.00303728	0.000719898	-0.00401652	-0.000185442	-0.00149861	-0.00138017	0.00218073	-2.98961e-05	0.00211092	0.00232488	-0.000345115	-0.000394753	-0.000633237	-0.00302357	-0.000889536	0.00196708	-0.00128133	0.00305949	-0.00185316	-0.00553756	-0.00199534	-0.00479279	-0.00642345	-0.0129036	-0.0241835	-0.0425727	-0.0666014	-0.110773	-0.168694	-0.242336	-0.330529	-0.42834	-0.508108	-0.552386	-0.539609	-0.446912	-0.265492	-0.0152295	0.275027	0.562213	0.80198	0.957082	1.01215	0.962055	0.819346	0.603408	0.348967	0.0945202	-0.115091	-0.264925	-0.352385	-0.379906	-0.34194	-0.265531	-0.177097	-0.110174	-0.0662486	-0.0422102	-0.0265676	-0.0201728	-0.0381242	-0.0528329	-0.0530105	-0.0431472	-0.0414763	-0.0449132	-0.0336372	-0.0186509	-0.023843	-0.0397894	-0.0433253	-0.0420212	-0.0446675	-0.0545403	-0.0510609	-0.0281383	-0.022547	-0.0320643	-0.0454537	-0.0767073	-0.129897	-0.206034	-0.28929	-0.344988	-0.34324	-0.269974	-0.122878	0.104038	0.403556	0.744985	1.08511	1.36542	1.53344	1.55537	1.40073	1.06166	0.572943	0	
0	0.0018617	-0.00181267	0.00293172	0.000101051	0.000571644	0.0017676	-0.00128019	-0.000702286	-0.00221356	-0.00357967	-0.00241522	-0.0036579	0.00039267	-0.000451263	0.000957628	0.00196708	-0.000429736	-0.00401866	3.53332e-06	-0.00119596	-0.00201406	0.00254625	-0.00452587	-0.00757119	-0.0137106	-0.0239616	-0.0424575	-0.0704499	-0.113046	-0.175201	-0.249994	-0.343471	-0.44025	-0.522078	-0.565141	-0.557208	-0.459996	-0.280288	-0.0326041	0.256258	0.547489	0.793468	0.959821	1.03308	1.00123	0.870933	0.658032	0.400132	0.144284	-0.0756647	-0.235381	-0.333161	-0.372473	-0.352453	-0.293336	-0.20999	-0.140424	-0.0894559	-0.05657	-0.0324939	-0.0203318	-0.030196	-0.046828	-0.0567204	-0.0557116	-0.0577934	-0.0510539	-0.0315737	-0.0141298	-0.0175275	-0.0393119	-0.0530739	-0.0572449	-0.0554755	-0.0541544	-0.0416962	-0.0202913	-0.0231165	-0.0412252	-0.0668357	-0.109139	-0.164806	-0.236817	-0.308692	-0.346682	-0.327625	-0.241986	-0.0836066	0.156574	0.464554	0.810716	1.15512	1.42865	1.57985	1.58579	1.41501	1.06399	0.572973	0	
0	0.000481896	-0.000618657	0.00134916	-0.001571	0.000537806	-0.000451856	-0.0013835	0.00122012	0.000541374	0.000234291	0.00325591	0.000499862	-0.00120444	0.00120076	-0.00539483	-0.00128133	-0.00401866	-0.000468878	-0.000581685	-0.00341301	-0.00275475	-0.00178087	-0.0104245	-0.00959278	-0.0142092	-0.0269455	-0.048252	-0.0748205	-0.120813	-0.184267	-0.261799	-0.354619	-0.456642	-0.535987	-0.581946	-0.57291	-0.47515	-0.297259	-0.0532737	0.233306	0.527069	0.774386	0.954351	1.04408	1.03375	0.918859	0.712396	0.459958	0.200782	-0.0256287	-0.196307	-0.302406	-0.352852	-0.357875	-0.315262	-0.244484	-0.17595	-0.119832	-0.0815257	-0.047605	-0.025274	-0.0241891	-0.035827	-0.0530794	-0.0641913	-0.0659878	-0.0554451	-0.0332377	-0.0128881	-0.0206461	-0.0453056	-0.0623795	-0.0695421	-0.0596588	-0.0452498	-0.0290553	-0.0190185	-0.0333796	-0.057151	-0.0923415	-0.140761	-0.195268	-0.2658	-0.328165	-0.343199	-0.302302	-0.20656	-0.0390972	0.21477	0.530063	0.876885	1.21986	1.48373	1.61797	1.6055	1.4173	1.05863	0.570506	0	
0	-0.00161493	0.000670976	-0.0028365	-0.000358874	-0.000864959	-0.00169526	0.000538211	-0.00073813	-0.00122015	0.000510924	-0.00226859	-0.00076592	-0.00121755	0.000461809	-0.00180165	0.00305949	3.53332e-06	-0.000581685	0.00100014	-0.00123472	-0.0012449	-0.00456011	-0.00470492	-0.00469996	-0.0156441	-0.029003	-0.0474417	-0.0762727	-0.125686	-0.188159	-0.26785	-0.363909	-0.467771	-0.543927	-0.59359	-0.582236	-0.485257	-0.308687	-0.0709634	0.214712	0.504339	0.753515	0.942791	1.04886	1.05907	0.959562	0.765676	0.519377	0.259647	0.0248948	-0.155356	-0.26658	-0.332844	-0.358477	-0.334698	-0.276704	-0.209152	-0.152213	-0.104916	-0.0618575	-0.0299826	-0.0150084	-0.0258133	-0.053051	-0.0730715	-0.0800074	-0.0645528	-0.0344176	-0.0147476	-0.0194296	-0.0444531	-0.0708303	-0.0788644	-0.0649543	-0.042353	-0.0201286	-0.0175517	-0.0425692	-0.0783611	-0.121894	-0.170384	-0.229022	-0.297539	-0.338485	-0.328396	-0.27117	-0.164692	0.0125712	0.275688	0.597186	0.944721	1.28003	1.529	1.6457	1.61391	1.40962	1.04726	0.5649	0	
0	-0.000236409	0.0014661	-0.000799994	0.00216295	-0.000650646	0.000776849	5.40877e-05	-0.000947876	-0.00115793	-0.000645891	-0.0030003	-0.000474923	-0.00181751	-0.00150727	-0.000222079	-0.00185316	-0.00119596	-0.00341301	-0.00123472	-0.00602336	-0.00102932	-0.00266089	-0.00341046	-0.0119288	-0.0187895	-0.0289466	-0.04946	-0.0816497	-0.129136	-0.194419	-0.277833	-0.374677	-0.476384	-0.554298	-0.607249	-0.591087	-0.496434	-0.322519	-0.0912923	0.193143	0.474195	0.724817	0.92057	1.0423	1.07218	0.990579	0.815365	0.57929	0.322034	0.0814382	-0.104419	-0.220169	-0.30335	-0.347807	-0.344131	-0.301799	-0.242123	-0.189064	-0.134992	-0.0850204	-0.0405272	-0.0123776	-0.0207828	-0.0506562	-0.0776461	-0.0864912	-0.0677854	-0.0380299	-0.0176	-0.02176	-0.0510716	-0.0775933	-0.0848285	-0.0697438	-0.03714	-0.0121314	-0.0190943	-0.0552604	-0.102299	-0.153814	-0.209292	-0.265757	-0.314397	-0.336704	-0.312509	-0.234761	-0.11302	0.0688296	0.338447	0.668444	1.01271	1.33153	1.56329	1.66355	1.61192	1.39375	1.03056	0.555132	0	
0	0.00165529	-0.00172628	0.00188048	-0.00012193	-0.00177606	0.00136817	-0.0026653	-0.00121774	0.000834557	-0.00254741	0.00135429	0.000334867	-0.000561012	-0.00166676	-0.000264895	-0.00553756	-0.00201406	-0.00275475	-0.0012449	-0.00102932	-0.00144432	-0.00675437	-0.00892674	-0.0124445	-0.0175344	-0.029662	-0.0530037	-0.0864918	-0.135013	-0.201812	-0.283877	-0.383947	-0.484637	-0.567464	-0.614828	-0.599102	-0.505005	-0.337557	-0.106198	0.170354	0.443152	0.693429	0.892727	1.02982	1.07426	1.01652	0.860614	0.639502	0.386612	0.141556	-0.0442465	-0.1703	-0.268195	-0.330201	-0.347676	-0.320442	-0.277084	-0.228448	-0.168863	-0.11256	-0.051265	-0.0137002	-0.0187156	-0.0462925	-0.0780921	-0.0878278	-0.0709813	-0.0456539	-0.0243565	-0.0290192	-0.0597021	-0.0817725	-0.0863302	-0.0691567	-0.0312378	-0.00837242	-0.0238336	-0.0726606	-0.13553	-0.193772	-0.244689	-0.289755	-0.324807	-0.333318	-0.289632	-0.19117	-0.0555037	0.133701	0.406063	0.736888	1.07512	1.37695	1.58913	1.66947	1.59853	1.37172	1.01014	0.541521	0	
0	0.000501466	-0.00453451	0.000750157	-0.00497193	-0.000478265	-0.0011746	-0.00183855	0.00166853	-0.00120263	-0.000689617	-0.000698011	-0.00309706	-0.00368099	-0.00126559	-0.00243793	-0.00199534	0.00254625	-0.00178087	-0.00456011	-0.00266089	-0.00675437	-0.00679869	-0.00529585	-0.010355	-0.0194652	-0.0343788	-0.0579045	-0.0892612	-0.136654	-0.205846	-0.293576	-0.392727	-0.491704	-0.575579	-0.622035	-0.605558	-0.513844	-0.348342	-0.119077	0.146107	0.412731	0.658437	0.862315	1.00639	1.06837	1.0325	0.900074	0.696182	0.448656	0.20752	0.0197201	-0.116632	-0.22793	-0.306773	-0.340252	-0.333686	-0.309423	-0.265997	-0.207327	-0.138748	-0.0641383	-0.0219748	-0.0184941	-0.0456205	-0.0750799	-0.0842406	-0.0789098	-0.0560953	-0.0343341	-0.0405477	-0.0642177	-0.0788294	-0.0814093	-0.0644695	-0.0325904	-0.0181522	-0.0361346	-0.0914604	-0.166134	-0.229237	-0.279316	-0.316774	-0.332939	-0.317856	-0.25409	-0.14004	0.00787266	0.201188	0.472672	0.80505	1.13528	1.41405	1.60269	1.66305	1.57657	1.34552	0.986311	0.524581	0	
0	0.000740893	0.00120906	0.0019096	0.000631759	0.00143041	-0.00130575	-0.00122286	-0.00350682	-0.0035944	-0.00461503	-0.00397056	-0.00288011	-0.00413429	-0.00090051	-0.00514359	-0.00479279	-0.00452587	-0.0104245	-0.00470492	-0.00341046	-0.00892674	-0.00529585	-0.00773461	-0.0192537	-0.0252766	-0.0356299	-0.0583056	-0.0924901	-0.144317	-0.215244	-0.301855	-0.39719	-0.500645	-0.586858	-0.629496	-0.611522	-0.523787	-0.358898	-0.134934	0.120409	0.378885	0.620353	0.822399	0.972982	1.04897	1.03709	0.928613	0.744299	0.508561	0.277048	0.0890158	-0.0577463	-0.179648	-0.271348	-0.319507	-0.337646	-0.333268	-0.303579	-0.24705	-0.168305	-0.0874607	-0.0383569	-0.0302778	-0.0483147	-0.0653657	-0.0771777	-0.0792225	-0.0628199	-0.0471064	-0.0525313	-0.072262	-0.0805069	-0.0757086	-0.0587134	-0.0366289	-0.0286675	-0.0471859	-0.11407	-0.203328	-0.269911	-0.316723	-0.3374	-0.323755	-0.286167	-0.213243	-0.0906048	0.0717372	0.276201	0.547976	0.870078	1.1818	1.44052	1.6088	1.6464	1.54598	1.3153	0.960057	0.506103	0	
0	-0.00108294	-0.00141373	-0.00246493	-0.00316087	-0.00219331	-0.00439163	-0.00162396	-0.00338618	-0.00267411	-0.00182155	-0.00423691	-0.00350668	-0.00623705	-0.00574726	-0.0093958	-0.00642345	-0.00757119	-0.00959278	-0.00469996	-0.0119288	-0.0124445	-0.010355	-0.0192537	-0.0228077	-0.0246461	-0.0414925	-0.0689863	-0.101926	-0.152957	-0.223023	-0.3105	-0.407849	-0.515348	-0.596957	-0.63604	-0.621206	-0.535949	-0.368778	-0.151357	0.094453	0.345887	0.580938	0.779873	0.933191	1.02361	1.03302	0.949658	0.785734	0.568182	0.351033	0.160183	0.00561226	-0.127937	-0.227989	-0.294172	-0.336455	-0.353963	-0.341514	-0.28656	-0.201112	-0.113353	-0.059695	-0.044198	-0.0479131	-0.0526715	-0.0667997	-0.0809461	-0.075582	-0.0668828	-0.0694376	-0.0793922	-0.0763102	-0.0603462	-0.0483393	-0.0452146	-0.0473579	-0.0726	-0.146883	-0.236496	-0.306295	-0.348041	-0.342715	-0.306777	-0.2567	-0.166955	-0.0286614	0.143762	0.354303	0.620723	0.925333	1.21949	1.46161	1.60436	1.61704	1.50964	1.28301	0.931881	0.487694	0	
0	-0.000407686	-0.00222061	-0.00183815	-0.00348391	-0.00370314	-0.00482817	-0.00492691	-0.00682581	-0.00676688	-0.00786998	-0.0105822	-0.00826216	-0.0126017	-0.0108485	-0.0114732	-0.0129036	-0.0137106	-0.0142092	-0.0156441	-0.0187895	-0.0175344	-0.0194652	-0.0252766	-0.0246461	-0.0369469	-0.0534251	-0.0773369	-0.109401	-0.162597	-0.233763	-0.323469	-0.421793	-0.527528	-0.605903	-0.646869	-0.635696	-0.545878	-0.379806	-0.170643	0.0663201	0.312479	0.538027	0.730992	0.885116	0.986745	1.01558	0.954617	0.81383	0.621704	0.420187	0.23059	0.0692605	-0.0693204	-0.177023	-0.260745	-0.323586	-0.365116	-0.370222	-0.321755	-0.235428	-0.145888	-0.0900305	-0.0667836	-0.052563	-0.0438828	-0.0583267	-0.0787059	-0.0868752	-0.0841743	-0.0821896	-0.0865176	-0.0700732	-0.0472633	-0.0457566	-0.055888	-0.0716453	-0.106432	-0.177589	-0.268065	-0.342349	-0.369552	-0.342399	-0.288578	-0.213111	-0.103555	0.0374145	0.212812	0.430577	0.692439	0.97777	1.24926	1.46817	1.58579	1.58239	1.47204	1.24616	0.901547	0.472481	0	
0	-0.000599111	-0.0035449	-0.00339301	-0.00479618	-0.00799523	-0.00655502	-0.0111948	-0.0116099	-0.0130398	-0.0161782	-0.0166524	-0.017234	-0.0204646	-0.0191935	-0.0218193	-0.0241835	-0.0239616	-0.0269455	-0.029003	-0.0289466	-0.029662	-0.0343788	-0.0356299	-0.0414925	-0.0534251	-0.0684317	-0.0889238	-0.125317	-0.179256	-0.254509	-0.339838	-0.43856	-0.544044	-0.62377	-0.66563	-0.651754	-0.55912	-0.398078	-0.196478	0.0372681	0.27602	0.489926	0.676612	0.829293	0.941062	0.983234	0.944922	0.828892	0.668101	0.48297	0.298332	0.135253	-0.00463743	-0.121865	-0.221032	-0.303479	-0.367576	-0.391082	-0.355244	-0.272735	-0.186251	-0.127564	-0.0920904	-0.0603981	-0.039287	-0.0493802	-0.0762236	-0.096887	-0.0994994	-0.0974075	-0.0915901	-0.0628435	-0.039685	-0.0446411	-0.0685489	-0.102055	-0.143919	-0.21287	-0.302869	-0.371166	-0.380472	-0.33335	-0.257712	-0.159218	-0.0372397	0.106499	0.284688	0.506279	0.762418	1.0237	1.26416	1.45926	1.56014	1.54597	1.43023	1.20466	0.872232	0.461307	0	
0	-0.0025337	-0.00380922	-0.00749512	-0.00903055	-0.0128564	-0.0146201	-0.0183711	-0.020358	-0.0218906	-0.0268393	-0.0256072	-0.031114	-0.0338279	-0.034529	-0.0403652	-0.0425727	-0.0424575	-0.048252	-0.0474417	-0.04946	-0.0530037	-0.0579045	-0.0583056	-0.0689863	-0.0773369	-0.0889238	-0.113732	-0.15596	-0.208745	-0.277592	-0.3642	-0.469081	-0.573547	-0.649443	-0.692084	-0.676419	-0.584854	-0.427527	-0.229322	0.00273118	0.229323	0.435083	0.613117	0.766967	0.880835	0.936856	0.916304	0.831689	0.701343	0.535835	0.3613	0.203356	0.0638735	-0.0647542	-0.176755	-0.277729	-0.359661	-0.40537	-0.384326	-0.314718	-0.233993	-0.169075	-0.121499	-0.0726529	-0.0420799	-0.0448114	-0.0740585	-0.103562	-0.112423	-0.111291	-0.0938105	-0.0591578	-0.0385201	-0.0475523	-0.0848204	-0.134355	-0.185047	-0.255057	-0.337834	-0.389022	-0.378417	-0.312992	-0.215782	-0.100152	0.0294199	0.180567	0.364475	0.581179	0.819873	1.05567	1.27019	1.44216	1.52549	1.50329	1.3862	1.16468	0.84508	0.450083	0	
0	-0.00470544	-0.0110987	-0.0138108	-0.0206801	-0.0222042	-0.0285606	-0.030469	-0.0353632	-0.0396603	-0.0426023	-0.0484809	-0.0520248	-0.0559299	-0.0606105	-0.0643168	-0.0666014	-0.0704499	-0.0748205	-0.0762727	-0.0816497	-0.0864918	-0.0892612	-0.0924901	-0.101926	-0.109401	-0.125317	-0.15596	-0.19187	-0.240387	-0.313213	-0.408096	-0.508385	-0.606102	-0.685288	-0.731017	-0.711108	-0.619198	-0.465565	-0.267571	-0.0409167	0.176477	0.373933	0.54573	0.695414	0.809459	0.873363	0.87033	0.816327	0.713726	0.570434	0.411966	0.266903	0.126258	-0.0106752	-0.134629	-0.246316	-0.344644	-0.409013	-0.407919	-0.358136	-0.282724	-0.214358	-0.152111	-0.0947178	-0.056758	-0.0498743	-0.07744	-0.106768	-0.122468	-0.117784	-0.0923372	-0.0601477	-0.0418808	-0.061264	-0.109446	-0.166402	-0.229291	-0.300569	-0.366576	-0.39467	-0.364208	-0.280599	-0.166495	-0.0407006	0.101501	0.267286	0.446223	0.641052	0.862672	1.08381	1.27015	1.40964	1.47967	1.45981	1.34408	1.12667	0.819349	0.43812	0	
0	-0.0067608	-0.0151426	-0.0205906	-0.0302459	-0.0349389	-0.0453008	-0.0502011	-0.0594153	-0.066702	-0.0722374	-0.08257	-0.0846875	-0.0946747	-0.0978136	-0.102783	-0.110773	-0.113046	-0.120813	-0.125686	-0.129136	-0.135013	-0.136654	-0.144317	-0.152957	-0.162597	-0.179256	-0.208745	-0.240387	-0.295137	-0.371883	-0.462754	-0.556335	-0.659103	-0.743898	-0.783711	-0.759802	-0.672771	-0.52174	-0.322193	-0.102099	0.107955	0.298022	0.463443	0.60664	0.718543	0.787315	0.801985	0.775857	0.699244	0.582891	0.450121	0.322911	0.18325	0.0403853	-0.0907989	-0.210446	-0.322134	-0.40499	-0.430243	-0.403011	-0.337585	-0.26341	-0.19093	-0.129638	-0.0832834	-0.0670502	-0.0826481	-0.107503	-0.124549	-0.116839	-0.0938261	-0.0654519	-0.0584165	-0.0881959	-0.136109	-0.201274	-0.272272	-0.339523	-0.390464	-0.392772	-0.339002	-0.236319	-0.107214	0.0260089	0.178806	0.351923	0.52027	0.696858	0.901351	1.09776	1.25106	1.36789	1.43462	1.4152	1.29937	1.09193	0.797696	0.425626	0	
0	-0.0107417	-0.0237063	-0.0338885	-0.0460388	-0.0589411	-0.069085	-0.0820397	-0.09374	-0.10248	-0.114728	-0.123528	-0.130729	-0.143473	-0.148836	-0.160294	-0.168694	-0.175201	-0.184267	-0.188159	-0.194419	-0.201812	-0.205846	-0.215244	-0.223023	-0.233763	-0.254509	-0.277592	-0.313213	-0.371883	-0.446382	-0.530805	-0.629601	-0.736688	-0.817286	-0.850307	-0.831951	-0.748675	-0.594037	-0.393706	-0.181699	0.0242361	0.208274	0.368483	0.502689	0.611863	0.682378	0.714662	0.708287	0.656986	0.570546	0.471035	0.362089	0.226974	0.0819101	-0.0524602	-0.177347	-0.300265	-0.400191	-0.453878	-0.449206	-0.394195	-0.316054	-0.239121	-0.176085	-0.123415	-0.0956879	-0.0943428	-0.109234	-0.120406	-0.113438	-0.0983893	-0.0805881	-0.0874566	-0.122647	-0.171061	-0.235914	-0.307112	-0.375606	-0.40898	-0.380588	-0.300953	-0.178659	-0.0420059	0.0969097	0.259756	0.431889	0.590695	0.751152	0.924363	1.08799	1.22258	1.32925	1.38639	1.36221	1.25626	1.06622	0.778946	0.410122	0	
0	-0.019697	-0.0374207	-0.0574031	-0.0739296	-0.0915937	-0.107334	-0.122742	-0.137416	-0.151362	-0.167071	-0.179444	-0.194987	-0.209252	-0.218878	-0.233505	-0.242336	-0.249994	-0.261799	-0.26785	-0.277833	-0.283877	-0.293576	-0.301855	-0.3105	-0.323469	-0.339838	-0.3642	-0.408096	-0.462754	-0.530805	-0.619983	-0.722839	-0.826153	-0.901285	-0.938628	-0.924798	-0.838893	-0.679306	-0.485995	-0.27794	-0.0749527	0.106515	0.257358	0.38417	0.486781	0.560518	0.60301	0.610238	0.581604	0.529773	0.463948	0.375062	0.249314	0.108496	-0.0241092	-0.154075	-0.282577	-0.401047	-0.477424	-0.493292	-0.449176	-0.371538	-0.299229	-0.23582	-0.179509	-0.139809	-0.120671	-0.118009	-0.115838	-0.111373	-0.105725	-0.103389	-0.124627	-0.164105	-0.214195	-0.27504	-0.341249	-0.401113	-0.413521	-0.359456	-0.252626	-0.112273	0.0311278	0.177041	0.337631	0.502326	0.658379	0.796855	0.928633	1.06469	1.18906	1.2852	1.33203	1.31062	1.22037	1.04322	0.760268	0.397458	0	
0	-0.0247897	-0.0516098	-0.0747918	-0.100918	-0.124755	-0.148776	-0.172552	-0.195838	-0.217169	-0.23851	-0.257509	-0.274588	-0.290679	-0.305124	-0.318949	-0.330529	-0.343471	-0.354619	-0.363909	-0.374677	-0.383947	-0.392727	-0.39719	-0.407849	-0.421793	-0.43856	-0.469081	-0.508385	-0.556335	-0.629601	-0.722839	-0.821256	-0.922424	-1.00015	-1.04122	-1.02709	-0.937656	-0.782124	-0.595031	-0.388284	-0.185884	-0.0112661	0.130261	0.248336	0.344809	0.419064	0.463332	0.478648	0.472921	0.456066	0.422521	0.356462	0.24942	0.121942	-0.00653982	-0.136477	-0.272757	-0.405812	-0.501315	-0.53659	-0.50452	-0.44183	-0.379308	-0.317417	-0.25636	-0.201426	-0.161252	-0.132396	-0.112695	-0.108405	-0.119996	-0.139707	-0.17196	-0.219941	-0.269456	-0.316512	-0.368721	-0.410564	-0.403046	-0.326529	-0.195257	-0.0429486	0.10758	0.259247	0.415272	0.573344	0.714574	0.821286	0.921521	1.03486	1.14357	1.23346	1.28093	1.2665	1.18688	1.01744	0.744276	0.393266	0	
0	-0.0333387	-0.0672338	-0.0995485	-0.133943	-0.164262	-0.197619	-0.226228	-0.255236	-0.282891	-0.306692	-0.332078	-0.352168	-0.374711	-0.391971	-0.409938	-0.42834	-0.44025	-0.456642	-0.467771	-0.476384	-0.484637	-0.491704	-0.500645	-0.515348	-0.527528	-0.544044	-0.573547	-0.606102	-0.659103	-0.736688	-0.826153	-0.922424	-1.02569	-1.1042	-1.14837	-1.13388	-1.0456	-0.895345	-0.712209	-0.503588	-0.304906	-0.137198	-0.00383385	0.107777	0.199157	0.269361	0.309088	0.330557	0.346545	0.359551	0.35155	0.31241	0.229843	0.119362	-0.00365023	-0.136486	-0.280741	-0.4269	-0.535282	-0.582697	-0.567782	-0.525274	-0.475061	-0.415021	-0.345217	-0.27686	-0.217332	-0.161937	-0.124501	-0.122537	-0.151473	-0.188467	-0.232379	-0.28309	-0.326293	-0.362657	-0.389891	-0.402305	-0.378007	-0.286408	-0.139624	0.0277647	0.193582	0.34725	0.494085	0.634578	0.746086	0.828316	0.910139	0.996844	1.08731	1.17862	1.2334	1.2277	1.15626	0.992406	0.731325	0.393343	0	
0	-0.0418743	-0.0860143	-0.125246	-0.166695	-0.205321	-0.241441	-0.277144	-0.310748	-0.340299	-0.371145	-0.39809	-0.422535	-0.448881	-0.469233	-0.490803	-0.508108	-0.522078	-0.535987	-0.543927	-0.554298	-0.567464	-0.575579	-0.586858	-0.596957	-0.605903	-0.62377	-0.649443	-0.685288	-0.743898	-0.817286	-0.901285	-1.00015	-1.1042	-1.18743	-1.2336	-1.21856	-1.13308	-0.992351	-0.808934	-0.601841	-0.408472	-0.25018	-0.122691	-0.0188361	0.0642818	0.12202	0.151745	0.176172	0.206857	0.23593	0.2493	0.238643	0.186774	0.096437	-0.0186417	-0.150811	-0.30309	-0.454757	-0.568623	-0.625939	-0.632786	-0.618475	-0.586137	-0.529813	-0.453852	-0.374734	-0.295718	-0.217187	-0.162948	-0.158321	-0.199861	-0.250098	-0.299537	-0.350481	-0.390195	-0.410398	-0.407482	-0.391574	-0.343963	-0.234334	-0.0751607	0.106263	0.279382	0.429529	0.566126	0.680573	0.761162	0.824828	0.886614	0.948734	1.02746	1.12189	1.18858	1.19561	1.12889	0.969512	0.721323	0.393766	0	
0	-0.0461976	-0.091464	-0.136448	-0.180472	-0.221897	-0.263684	-0.302169	-0.339599	-0.375847	-0.409313	-0.440973	-0.469407	-0.49635	-0.515654	-0.53644	-0.552386	-0.565141	-0.581946	-0.59359	-0.607249	-0.614828	-0.622035	-0.629496	-0.63604	-0.646869	-0.66563	-0.692084	-0.731017	-0.783711	-0.850307	-0.938628	-1.04122	-1.14837	-1.2336	-1.2789	-1.26594	-1.19425	-1.05819	-0.874439	-0.671739	-0.489739	-0.337344	-0.215657	-0.120522	-0.0504277	-0.00962394	0.0107197	0.0353978	0.0696007	0.104991	0.136273	0.157866	0.136477	0.0674649	-0.0363964	-0.170178	-0.326918	-0.483048	-0.59973	-0.669154	-0.705292	-0.721353	-0.710502	-0.661598	-0.581693	-0.492344	-0.397451	-0.300433	-0.231662	-0.223114	-0.266767	-0.32312	-0.379137	-0.429724	-0.463246	-0.465197	-0.428257	-0.371	-0.290495	-0.170311	-0.00929937	0.179088	0.356127	0.50381	0.628041	0.717546	0.768214	0.801002	0.840491	0.896015	0.971968	1.0678	1.14745	1.16464	1.10236	0.954311	0.715454	0.389074	0	
0	-0.0416081	-0.0856347	-0.125999	-0.169079	-0.210873	-0.250893	-0.291248	-0.329436	-0.36348	-0.397401	-0.426028	-0.452083	-0.4771	-0.498671	-0.520641	-0.539609	-0.557208	-0.57291	-0.582236	-0.591087	-0.599102	-0.605558	-0.611522	-0.621206	-0.635696	-0.651754	-0.676419	-0.711108	-0.759802	-0.831951	-0.924798	-1.02709	-1.13388	-1.21856	-1.26594	-1.26794	-1.20416	-1.06623	-0.885327	-0.696552	-0.521321	-0.371393	-0.256158	-0.172755	-0.119589	-0.0939658	-0.0832216	-0.0653035	-0.0406533	-0.00830605	0.0398368	0.0876987	0.0927308	0.0440697	-0.0495497	-0.181614	-0.343227	-0.501294	-0.623421	-0.713019	-0.77822	-0.824957	-0.836796	-0.797635	-0.718558	-0.621189	-0.514534	-0.410863	-0.338047	-0.324426	-0.366122	-0.422635	-0.476158	-0.520922	-0.538155	-0.511023	-0.440543	-0.34883	-0.242008	-0.109688	0.0566611	0.246735	0.42519	0.571056	0.678657	0.739663	0.755037	0.753661	0.781503	0.844232	0.923395	1.01948	1.10354	1.12911	1.08409	0.951544	0.70849	0.37541	0	
0	-0.034127	-0.0688007	-0.101265	-0.135662	-0.165718	-0.197599	-0.226534	-0.253979	-0.282432	-0.307998	-0.33478	-0.359778	-0.385888	-0.406699	-0.428761	-0.446912	-0.459996	-0.47515	-0.485257	-0.496434	-0.505005	-0.513844	-0.523787	-0.535949	-0.545878	-0.55912	-0.584854	-0.619198	-0.672771	-0.748675	-0.838893	-0.937656	-1.0456	-1.13308	-1.19425	-1.20416	-1.13788	-1.00135	-0.837709	-0.657526	-0.482029	-0.334945	-0.23032	-0.160836	-0.122165	-0.109986	-0.110247	-0.10986	-0.105329	-0.0787075	-0.0213162	0.0444985	0.0672883	0.0366174	-0.0440036	-0.172616	-0.332421	-0.492467	-0.626411	-0.738018	-0.830746	-0.903711	-0.938758	-0.920151	-0.852074	-0.75709	-0.655152	-0.557978	-0.488148	-0.46952	-0.495137	-0.535819	-0.580699	-0.612836	-0.609693	-0.559738	-0.462285	-0.339525	-0.203732	-0.0508254	0.122794	0.312598	0.488508	0.619384	0.700311	0.734918	0.723409	0.699438	0.720233	0.787471	0.87348	0.973098	1.06053	1.10103	1.07453	0.945235	0.698169	0.3684	0	
0	-0.0126032	-0.0277657	-0.0395037	-0.0546233	-0.0694043	-0.0841424	-0.101539	-0.119449	-0.137147	-0.157589	-0.176406	-0.195288	-0.214482	-0.231611	-0.24946	-0.265492	-0.280288	-0.297259	-0.308687	-0.322519	-0.337557	-0.348342	-0.358898	-0.368778	-0.379806	-0.398078	-0.427527	-0.465565	-0.52174	-0.594037	-0.679306	-0.782124	-0.895345	-0.992351	-1.05819	-1.06623	-1.00135	-0.884047	-0.731573	-0.549383	-0.373664	-0.236431	-0.142948	-0.0832844	-0.0566331	-0.0544868	-0.0712543	-0.0952555	-0.111125	-0.0920229	-0.0303407	0.042205	0.079181	0.067983	0.0034308	-0.111694	-0.26611	-0.431492	-0.585962	-0.726633	-0.845384	-0.944366	-1.00938	-1.01943	-0.972832	-0.893074	-0.803916	-0.72165	-0.661024	-0.635474	-0.644816	-0.668798	-0.698247	-0.714272	-0.688849	-0.609534	-0.484537	-0.339675	-0.179361	-0.000889611	0.185483	0.369586	0.527546	0.63598	0.693733	0.706276	0.678865	0.644053	0.652393	0.7162	0.817921	0.935249	1.03223	1.08131	1.05688	0.926602	0.69403	0.378698	0	
0	0.0153194	0.0285381	0.0429865	0.0518942	0.0621163	0.0669724	0.0697643	0.0710954	0.0670622	0.0624267	0.0543202	0.0440963	0.0305924	0.0185464	0.00110944	-0.0152295	-0.0326041	-0.0532737	-0.0709634	-0.0912923	-0.106198	-0.119077	-0.134934	-0.151357	-0.170643	-0.196478	-0.229322	-0.267571	-0.322193	-0.393706	-0.485995	-0.595031	-0.712209	-0.808934	-0.874439	-0.885327	-0.837709	-0.731573	-0.5761	-0.390626	-0.222728	-0.0930082	-0.00181479	0.0523898	0.0747028	0.0676666	0.0334119	-0.0126666	-0.0438289	-0.0312639	0.0233775	0.0952856	0.141342	0.147213	0.103315	0.00507483	-0.141508	-0.317991	-0.499472	-0.665959	-0.805893	-0.926803	-1.01928	-1.06274	-1.04841	-0.998755	-0.941359	-0.886248	-0.841431	-0.818789	-0.814894	-0.816818	-0.82355	-0.813753	-0.760414	-0.654709	-0.509198	-0.34858	-0.169292	0.0282574	0.223793	0.402886	0.542879	0.627068	0.660727	0.653363	0.613725	0.571704	0.575627	0.645554	0.766226	0.903013	1.00922	1.05786	1.03318	0.91294	0.695392	0.385383	0	
