0	0	0	0	0	0	0	0	0	0	0	0	0	0	0	0	0	0	0	0	0	0	0	0	0	0	0	0	0	0	0	0	0	0	0	0	0	0	0	0	0	0	0	0	0	0	0	0	0	0	0	0	0	0	0	0	0	0	0	0	0	0	0	0	0	0	0	0	0	0	0	0	0	0	0	0	0	0	0	0	0	0	0	0	0	0	0	0	0	0	0	0	0	0	0	0	0	0	0	0	
0	0.00227827	-0.00098512	0.00308472	0.000634604	-0.000498695	0.00107645	-0.00154592	-0.000830389	0.000110515	-0.000351604	0.000912442	-0.000572271	-2.59415e-05	-0.000680916	-0.00369351	-0.000321439	0.00183431	0.000662149	-0.00193091	0.0008864	-0.00111845	0.000736869	0.000258696	0.00075883	-0.00114401	0.00134405	0.000318434	-0.00101928	0.00135238	0.000811106	-0.00124968	0.000246234	0.0019106	-0.00168501	-2.30301e-05	-0.000545828	8.59341e-05	-0.00427026	-0.00435648	-0.007381	-0.0113887	-0.0221842	-0.0293636	-0.036163	-0.0484388	-0.0567367	-0.0528719	-0.0394285	-0.0181534	0.00914733	0.0455748	0.0748507	0.0941725	0.0966727	0.0824819	0.0707585	0.0555583	0.0372899	0.00666858	-0.0262241	-0.0451658	-0.0496707	-0.042984	-0.029799	-0.0186426	-0.0134013	-0.00601632	0.001821	0.00785137	0.00535668	-0.00347103	-0.00982858	-0.016158	-0.0213102	-0.0329066	-0.0480845	-0.0501361	-0.0379666	-0.0128918	0.0196563	0.0462561	0.0612068	0.0733661	0.0899151	0.0970942	0.0870031	0.0654396	0.0315419	-0.0035781	-0.0261971	-0.043893	-0.0566086	-0.0534452	-0.0411232	-0.0325234	-0.0260332	-0.0151636	-0.0042875	0	
0	-0.00098512	-0.0026096	-0.00108707	-0.00295125	-3.77959e-05	0.00108828	-0.000961085	0.0032674	-7.3043e-05	-0.00163556	0.000750469	-0.000353538	-0.00123714	0.00298024	0.00414262	-0.000396621	-0.000853265	-0.00271518	0.000828059	0.00206971	-0.00157444	-0.000730545	-0.000305622	-0.000622531	-0.0026973	0.00145061	-0.000281422	-0.00406745	0.00111525	6.0159e-06	-0.00319062	-0.000945061	0.00176639	-0.00380575	-0.00179071	-0.00085362	-0.00222827	-0.00709968	-0.010443	-0.0130628	-0.0236239	-0.042331	-0.056954	-0.0713163	-0.0935556	-0.111465	-0.102263	-0.0767678	-0.0359443	0.0208488	0.0886293	0.149384	0.185439	0.189082	0.164786	0.137505	0.110215	0.0743112	0.0124517	-0.0476042	-0.0858282	-0.0971131	-0.0819837	-0.0601803	-0.0417856	-0.0283707	-0.0159223	0.000227012	0.0189361	0.0146348	-0.00516725	-0.0177458	-0.0332949	-0.0500966	-0.0710814	-0.0906883	-0.0928963	-0.0754283	-0.0276538	0.0390732	0.0923535	0.122934	0.14828	0.179441	0.19236	0.173071	0.129766	0.0618618	-0.00732664	-0.0524973	-0.087754	-0.11233	-0.106311	-0.0824109	-0.0648482	-0.0514314	-0.0302388	-0.00902335	0	
0	0.00308472	-0.00108707	0.00446103	0.000707449	-0.00063147	0.00160567	-0.00295216	-0.000893238	0.00027579	-0.00140018	0.00224659	-0.00074022	-0.000853609	-9.54546e-05	-0.00550138	-0.00163707	0.00328731	0.000889028	-0.00259625	0.00208421	-0.00314617	0.000531077	0.000766172	0.00202857	-0.00320531	0.00221392	0.000212024	-0.00250081	0.00274189	0.000926363	-0.00322563	0.000301299	0.00362378	-0.00448543	-0.000674078	-0.00170556	-0.00161292	-0.0114187	-0.013625	-0.0216603	-0.035391	-0.0642228	-0.0859979	-0.108399	-0.142867	-0.166203	-0.155408	-0.117327	-0.056054	0.0278574	0.131484	0.22045	0.276158	0.284459	0.248781	0.211196	0.168019	0.110532	0.0214001	-0.0709037	-0.128343	-0.144256	-0.126626	-0.0915617	-0.0609229	-0.0421225	-0.0205862	0.00396626	0.0249219	0.017057	-0.00982781	-0.0300008	-0.0507478	-0.0699558	-0.102133	-0.138949	-0.143134	-0.108755	-0.0355281	0.0597988	0.138821	0.185239	0.222208	0.267653	0.286745	0.256983	0.190598	0.0908663	-0.010651	-0.0800084	-0.132148	-0.165776	-0.157571	-0.124147	-0.097062	-0.0756163	-0.0450151	-0.0145667	0	
0	0.000634604	-0.00295125	0.000707449	-0.0016021	-0.000642676	0.00186712	-0.00155025	0.00222603	-0.000667667	-0.00141315	0.000721719	-0.00181487	-0.000296174	0.00196842	0.000199408	0.00123453	-0.000651317	-0.0025578	-0.000722068	0.0014315	-0.00113861	0.000783217	-0.000518593	-0.00213097	-0.00213014	0.00274414	-0.00031364	-0.00480876	0.00205947	0.000289673	-0.00404532	-0.000101444	0.00192542	-0.00486877	-0.00232126	-0.00188663	-0.00460458	-0.0133896	-0.0190017	-0.028224	-0.0481173	-0.0829581	-0.112048	-0.144082	-0.187015	-0.216878	-0.202999	-0.155461	-0.0750359	0.0363029	0.171029	0.287371	0.361705	0.372368	0.331739	0.28124	0.22327	0.147185	0.030001	-0.0855317	-0.161775	-0.186567	-0.165232	-0.124943	-0.0865161	-0.06017	-0.0316316	0.00435926	0.033217	0.0255209	-0.00921668	-0.0414794	-0.0708959	-0.100758	-0.14285	-0.179417	-0.179797	-0.13737	-0.0430238	0.0794238	0.181819	0.248548	0.301963	0.355644	0.37487	0.336573	0.2488	0.11778	-0.0148427	-0.108508	-0.176227	-0.216566	-0.20712	-0.166111	-0.12883	-0.0982481	-0.0594325	-0.021157	0	
0	-0.000498695	-3.77959e-05	-0.00063147	-0.000642676	-0.000852279	0.000433509	-0.00113516	0.000626659	0.00144696	-0.00117237	0.0015642	0.000615585	-0.00181296	0.00115083	-0.000594106	-0.00116601	0.000629667	-0.000972271	0.000173075	0.000954088	-0.00282029	-0.00241975	0.000183417	0.00136803	-0.00322924	-0.000281105	-0.00151026	-0.0025521	0.000935256	-0.000812339	-0.00443729	3.03167e-05	0.000310514	-0.00480693	-0.00324967	-0.00296259	-0.00725372	-0.0157525	-0.023997	-0.036266	-0.0617065	-0.101409	-0.138692	-0.180593	-0.231924	-0.26516	-0.251375	-0.193657	-0.0968236	0.0441069	0.205681	0.351347	0.442148	0.459063	0.416952	0.352996	0.281936	0.181644	0.0417086	-0.0971991	-0.192389	-0.225722	-0.20576	-0.158338	-0.112955	-0.0770009	-0.0392023	0.00424103	0.0394262	0.0292232	-0.0142845	-0.0540367	-0.0906225	-0.129569	-0.178592	-0.219744	-0.218476	-0.161853	-0.0460184	0.101918	0.229731	0.313529	0.377394	0.43972	0.462521	0.41341	0.299966	0.140604	-0.0187077	-0.137514	-0.220429	-0.264513	-0.254127	-0.207809	-0.160236	-0.119312	-0.0732738	-0.0287468	0	
0	0.00107645	0.00108828	0.00160567	0.00186712	0.000433509	0.000173936	-0.000771345	-0.00161694	-0.00213152	-0.0011868	-0.000582924	-0.00179199	0.000341082	-0.000145297	-0.00315878	-0.000206817	0.000312574	2.51718e-06	-0.000873108	-0.000782988	0.000299146	0.00210315	9.66443e-05	-0.00150584	-0.00057634	0.00229361	0.000172411	-0.00151011	0.00118092	0.000339925	-0.00182714	0.000880551	0.000214328	-0.0028105	-0.00217761	-0.00332219	-0.00801932	-0.0168954	-0.0270976	-0.0442353	-0.0740708	-0.118135	-0.164218	-0.216772	-0.275218	-0.311205	-0.298276	-0.234367	-0.118677	0.0460401	0.236636	0.406636	0.515811	0.542868	0.500591	0.429193	0.340941	0.21814	0.0581263	-0.102396	-0.216319	-0.260699	-0.245783	-0.196417	-0.141236	-0.0971786	-0.0489671	0.00786564	0.0429732	0.0319299	-0.0152852	-0.0698953	-0.115485	-0.161112	-0.216182	-0.257347	-0.25049	-0.177364	-0.0403994	0.124731	0.270672	0.377869	0.460308	0.52514	0.541435	0.480769	0.346439	0.162297	-0.0237568	-0.168497	-0.26399	-0.308881	-0.298316	-0.24885	-0.191189	-0.138904	-0.0863881	-0.0371301	0	
0	-0.00154592	-0.000961085	-0.00295216	-0.00155025	-0.00113516	-0.000771345	0.00138098	0.00133355	0.00145354	0.00207114	-0.000493438	0.000695967	-0.000442812	-0.000951872	0.00120354	0.000921599	-0.00191619	-0.00187506	3.48949e-05	-0.00229872	-0.000280527	-0.00351208	-0.00179941	-0.00176162	-0.000822017	-0.00317704	-0.00242326	-0.00191162	-0.00238376	-0.00225682	-0.00312706	-0.00152308	-0.00420441	-0.00293636	-0.00569274	-0.00581824	-0.0131218	-0.0190363	-0.0339497	-0.0534632	-0.0882167	-0.134213	-0.189066	-0.252028	-0.313956	-0.352126	-0.340657	-0.270282	-0.138828	0.0506546	0.263636	0.457214	0.583167	0.619989	0.583006	0.501773	0.396694	0.252925	0.0753106	-0.101005	-0.230593	-0.288669	-0.280152	-0.231467	-0.173141	-0.118958	-0.0600403	0.00404728	0.0430699	0.0344801	-0.018786	-0.0840934	-0.138594	-0.197022	-0.256615	-0.290639	-0.273695	-0.186364	-0.0333956	0.14996	0.317431	0.444888	0.539166	0.604606	0.616946	0.544027	0.385587	0.177865	-0.0305681	-0.198502	-0.305718	-0.351021	-0.339968	-0.288	-0.22129	-0.157551	-0.0987912	-0.0458111	0	
0	-0.000830389	0.0032674	-0.000893238	0.00222603	0.000626659	-0.00161694	0.00133355	-0.00401845	-0.000383532	-0.00122094	-0.00340408	0.00184626	-0.00127384	-0.001352	0.00182858	-0.00278231	-0.000149287	0.000513314	0.000897307	-0.00185772	0.00229376	-0.00152087	-8.34248e-05	0.00140731	-7.51058e-05	-0.00182414	-0.000112367	0.00223484	-0.00284835	0.000119872	-6.67344e-05	-0.000490874	-0.00333017	0.000411515	-0.00451735	-0.0056897	-0.0132205	-0.0185598	-0.0374214	-0.0606346	-0.0999518	-0.147641	-0.214025	-0.285337	-0.352316	-0.391421	-0.384872	-0.308489	-0.163117	0.0485507	0.281053	0.497862	0.640518	0.693542	0.665482	0.577485	0.457757	0.291681	0.100889	-0.0917015	-0.239542	-0.312609	-0.316567	-0.270861	-0.207765	-0.14151	-0.0689805	0.00183034	0.0420347	0.0327798	-0.026509	-0.100275	-0.165828	-0.234748	-0.291857	-0.319202	-0.293494	-0.187662	-0.0175303	0.178673	0.362752	0.510483	0.61858	0.68366	0.686326	0.596268	0.4164	0.190769	-0.0380988	-0.228716	-0.346295	-0.390711	-0.378224	-0.324499	-0.250672	-0.175823	-0.110371	-0.0541075	0	
0	0.000110515	-7.3043e-05	0.00027579	-0.000667667	0.00144696	-0.00213152	0.00145354	-0.000383532	-0.00182066	0.00240708	-0.001948	0.000321183	0.000147755	-0.00260677	7.96779e-05	-0.00251161	-0.000384017	0.000156825	-0.00142133	-0.00358522	0.000418932	-0.000429968	-0.00175735	-0.00251977	-0.0004334	-0.00255844	3.85151e-05	-0.000727482	-0.00462953	-0.00101815	0.000719943	-0.00429792	-0.00405943	-0.000727114	-0.00586405	-0.00955951	-0.0150136	-0.0223011	-0.0427889	-0.0713105	-0.111573	-0.163521	-0.238198	-0.318285	-0.385623	-0.428459	-0.423181	-0.344336	-0.181971	0.0443393	0.296915	0.531183	0.69089	0.763117	0.741888	0.652935	0.513475	0.33138	0.128853	-0.0774305	-0.239284	-0.329886	-0.345488	-0.308295	-0.241328	-0.16434	-0.082427	-0.00371933	0.0336206	0.0246226	-0.032377	-0.11632	-0.195149	-0.271126	-0.326913	-0.34542	-0.304883	-0.180783	0.00528786	0.212444	0.407765	0.574458	0.69815	0.759727	0.746705	0.638897	0.441492	0.199101	-0.0491691	-0.257772	-0.383494	-0.428346	-0.413975	-0.357817	-0.27866	-0.194056	-0.121364	-0.0614878	0	
0	-0.000351604	-0.00163556	-0.00140018	-0.00141315	-0.00117237	-0.0011868	0.00207114	-0.00122094	0.00240708	0.0016421	-0.00278833	0.00211489	-0.00143183	-0.00251637	0.00375052	-0.00191017	-0.000647418	-0.000718246	-0.002421	-0.00101214	0.00131968	-0.00470209	-0.00339067	0.00133632	-0.000265156	-0.0061405	-0.00109368	0.000324485	-0.00563611	-0.00129895	-4.60264e-05	-0.00586663	-0.00411911	-0.000963656	-0.00733473	-0.0115331	-0.0162655	-0.024921	-0.0481318	-0.0797999	-0.122182	-0.17766	-0.261962	-0.346539	-0.416773	-0.461025	-0.460655	-0.375539	-0.202516	0.0377938	0.304912	0.554042	0.733197	0.822691	0.815655	0.723405	0.57	0.374898	0.162371	-0.0541986	-0.231107	-0.338493	-0.370964	-0.342309	-0.276569	-0.189885	-0.0946456	-0.0175467	0.0200318	0.0150451	-0.0448382	-0.132081	-0.222005	-0.30928	-0.36056	-0.365657	-0.306905	-0.164958	0.0310383	0.247914	0.459202	0.641162	0.770601	0.827495	0.801781	0.674783	0.457962	0.200186	-0.0621777	-0.283428	-0.4177	-0.464987	-0.44705	-0.387172	-0.304888	-0.212688	-0.132009	-0.0674206	0	
0	0.000912442	0.000750469	0.00224659	0.000721719	0.0015642	-0.000582924	-0.000493438	-0.00340408	-0.001948	-0.00278833	-0.00336422	0.00168423	-0.00178501	-0.000291837	0.000886064	-0.00278547	-0.000105176	0.000421501	-6.25782e-05	-0.000242789	0.000155656	0.000489328	0.000724249	5.95703e-05	-0.00171347	-0.00123855	0.0023112	0.000543215	-0.0052277	0.00196476	0.000874743	-0.00461975	-0.00209422	0.000554261	-0.00700588	-0.0108754	-0.0155736	-0.026554	-0.0516028	-0.0867867	-0.130294	-0.192586	-0.2833	-0.373032	-0.44505	-0.493799	-0.496147	-0.406279	-0.224623	0.0253809	0.304411	0.566698	0.766023	0.875855	0.884357	0.793558	0.628906	0.425893	0.203122	-0.0241113	-0.216369	-0.34388	-0.392476	-0.376795	-0.311687	-0.212411	-0.10961	-0.0320197	0.00348046	-0.00451994	-0.0606074	-0.150336	-0.252909	-0.343404	-0.387519	-0.378425	-0.302041	-0.145763	0.0652927	0.293812	0.509466	0.700037	0.841207	0.894969	0.847286	0.697098	0.466901	0.198075	-0.0766093	-0.307572	-0.449273	-0.49926	-0.477125	-0.413222	-0.329201	-0.231406	-0.142464	-0.071882	0	
0	-0.000572271	-0.000353538	-0.00074022	-0.00181487	0.000615585	-0.00179199	0.000695967	0.00184626	0.000321183	0.00211489	0.00168423	-0.000689766	-0.001629	-0.000699149	-0.00214873	-0.00376435	-0.000753885	-0.000301274	-0.00383476	-0.00155037	-0.0038775	-0.00210412	-0.00456767	-0.00141058	-0.00218256	-0.0039835	-0.00199029	-0.00335626	-0.00474811	-0.00144169	-0.00209147	-0.00774634	-0.00244598	-0.00455702	-0.00911571	-0.0150229	-0.0181437	-0.0337686	-0.0581783	-0.0967993	-0.141372	-0.210808	-0.304993	-0.397695	-0.471134	-0.524493	-0.525013	-0.431542	-0.241664	0.0138644	0.30179	0.57575	0.791778	0.922424	0.944121	0.855472	0.68513	0.475412	0.245342	0.00991553	-0.196546	-0.338396	-0.403058	-0.40207	-0.338549	-0.234106	-0.130306	-0.0554218	-0.0249878	-0.0338281	-0.0796567	-0.167933	-0.280098	-0.371249	-0.408376	-0.386176	-0.291851	-0.119017	0.105358	0.341896	0.564493	0.762452	0.904588	0.948683	0.882756	0.71495	0.47069	0.188143	-0.0944626	-0.328351	-0.476342	-0.530867	-0.505353	-0.436758	-0.350813	-0.249458	-0.153097	-0.0754066	0	
0	-2.59415e-05	-0.00123714	-0.000853609	-0.000296174	-0.00181296	0.000341082	-0.000442812	-0.00127384	0.000147755	-0.00143183	-0.00178501	-0.001629	-0.000505279	6.19785e-05	-0.00129974	0.00510372	-0.000615116	-0.00177245	-0.00213329	0.00101622	4.63543e-05	6.04892e-05	-0.000803187	-0.000885885	-0.000893031	-0.00243218	-0.000172022	-0.00146605	-0.00264083	-0.000534613	-0.00248867	-0.00376011	-0.0020733	-0.0036007	-0.00864297	-0.0122712	-0.0189593	-0.0349746	-0.0610852	-0.100365	-0.149289	-0.224721	-0.321474	-0.416166	-0.49495	-0.550991	-0.551651	-0.453633	-0.262463	-0.0041294	0.289976	0.570809	0.807411	0.954095	0.994721	0.912401	0.743951	0.534498	0.296808	0.0526738	-0.167881	-0.32545	-0.409926	-0.42198	-0.364621	-0.259268	-0.152267	-0.0850995	-0.0603108	-0.0649352	-0.104021	-0.190752	-0.302931	-0.393397	-0.427637	-0.387351	-0.269316	-0.0832885	0.149368	0.394065	0.621879	0.82001	0.959958	0.995951	0.910575	0.722891	0.465282	0.173537	-0.111437	-0.346661	-0.501095	-0.559138	-0.530895	-0.458427	-0.369902	-0.266174	-0.163902	-0.0786827	0	
0	-0.000680916	0.00298024	-9.54546e-05	0.00196842	0.00115083	-0.000145297	-0.000951872	-0.001352	-0.00260677	-0.00251637	-0.000291837	-0.000699149	6.19785e-05	0.00178326	-0.00462149	-0.00085874	-0.00609438	-0.00053388	0.00246501	-0.00138804	-0.00365917	-0.00152456	-0.000733091	-0.00314699	-0.00101172	-0.00102465	-0.00232324	-0.00248928	-0.00198133	-0.00155913	-0.00409812	-0.00199828	-0.0041445	-0.00503404	-0.00957427	-0.0126684	-0.0227287	-0.0394317	-0.066127	-0.107163	-0.160824	-0.242043	-0.337917	-0.436296	-0.51934	-0.577491	-0.574074	-0.473295	-0.282514	-0.0216625	0.274268	0.564781	0.815159	0.979769	1.03571	0.963865	0.804038	0.594239	0.350883	0.0964436	-0.135936	-0.307778	-0.406989	-0.432507	-0.382584	-0.277643	-0.179565	-0.120071	-0.100696	-0.109159	-0.137794	-0.21677	-0.325717	-0.408142	-0.430159	-0.371688	-0.243351	-0.0518842	0.196302	0.454619	0.683385	0.875629	1.00757	1.02974	0.926035	0.724411	0.455553	0.155355	-0.129642	-0.364521	-0.522448	-0.58193	-0.554027	-0.479892	-0.386689	-0.28035	-0.174646	-0.0827868	0	
0	-0.00369351	0.00414262	-0.00550138	0.000199408	-0.000594106	-0.00315878	0.00120354	0.00182858	7.96779e-05	0.00375052	0.000886064	-0.00214873	-0.00129974	-0.00462149	-0.00172623	0.000752091	-0.000270226	-0.00159563	-0.000585838	-0.00779436	-0.000247326	-0.00137238	-0.0020167	-0.0047612	0.000222814	-0.00365436	-0.00479857	-0.00198872	-0.000904129	-0.00590832	-0.00417809	-0.00145943	-0.00654823	-0.00706959	-0.0101579	-0.0132264	-0.0278462	-0.0419047	-0.0721462	-0.111357	-0.174498	-0.255252	-0.352168	-0.453349	-0.541006	-0.59957	-0.589263	-0.489741	-0.300074	-0.0392098	0.255581	0.554268	0.813398	0.99221	1.06377	1.00543	0.861561	0.654033	0.40558	0.144995	-0.0984014	-0.279297	-0.390516	-0.429413	-0.388488	-0.296905	-0.213545	-0.166384	-0.156575	-0.160354	-0.176568	-0.24238	-0.335865	-0.411028	-0.426802	-0.356023	-0.215104	-0.0064126	0.254233	0.513461	0.742299	0.929348	1.04564	1.05027	0.932967	0.719766	0.43903	0.134093	-0.147324	-0.381533	-0.540449	-0.599478	-0.575063	-0.501359	-0.401322	-0.291548	-0.185106	-0.0884205	0	
0	-0.000321439	-0.000396621	-0.00163707	0.00123453	-0.00116601	-0.000206817	0.000921599	-0.00278231	-0.00251161	-0.00191017	-0.00278547	-0.00376435	0.00510372	-0.00085874	0.000752091	0.00158157	-0.0020979	-0.0015054	-0.000992062	-0.000249248	0.00127788	-0.000677868	-0.00224333	-0.00291491	0.000238987	-0.00228755	-0.00329815	-0.000636223	-0.00120488	-0.00704798	-0.00028112	-0.00185027	-0.00666642	-0.00772752	-0.00625034	-0.015718	-0.0276217	-0.0449451	-0.0721879	-0.11682	-0.184106	-0.265334	-0.363108	-0.467374	-0.562003	-0.615442	-0.602269	-0.505844	-0.3175	-0.0626184	0.234296	0.534035	0.799606	0.992332	1.07574	1.04425	0.918524	0.716728	0.469659	0.197887	-0.0523718	-0.242103	-0.369551	-0.417604	-0.390776	-0.319805	-0.250045	-0.21571	-0.213591	-0.213147	-0.221947	-0.275019	-0.349907	-0.407373	-0.407833	-0.325488	-0.173414	0.0436046	0.305937	0.570892	0.804843	0.980257	1.07426	1.05892	0.92821	0.706154	0.418759	0.113663	-0.164587	-0.398994	-0.555563	-0.612102	-0.593385	-0.522227	-0.414712	-0.300312	-0.194713	-0.0953543	0	
0	0.00183431	-0.000853265	0.00328731	-0.000651317	0.000629667	0.000312574	-0.00191619	-0.000149287	-0.000384017	-0.000647418	-0.000105176	-0.000753885	-0.000615116	-0.00609438	-0.000270226	-0.0020979	-0.0072536	-1.56603e-05	-0.000187666	-0.00183282	-0.00408692	-0.0024003	-0.00329413	-0.0021909	0.00020975	-0.00331143	-0.00502593	-0.000122524	-0.00191423	-0.00720649	0.000294525	-0.0036575	-0.0077569	-0.00752283	-0.00674908	-0.0194105	-0.0301152	-0.0488779	-0.0760516	-0.126229	-0.196032	-0.277684	-0.375887	-0.486155	-0.58265	-0.630015	-0.614639	-0.519806	-0.334646	-0.081475	0.214685	0.513901	0.783457	0.982164	1.08179	1.07657	0.968502	0.776559	0.525773	0.248607	-0.00346958	-0.202568	-0.33303	-0.387646	-0.381139	-0.331869	-0.28862	-0.277265	-0.279866	-0.278416	-0.279619	-0.306006	-0.351795	-0.390418	-0.376334	-0.283996	-0.12793	0.0914992	0.360782	0.633694	0.86498	1.02426	1.09289	1.0537	0.91242	0.687168	0.396664	0.0931147	-0.182277	-0.41574	-0.5674	-0.621097	-0.608877	-0.541525	-0.42762	-0.307652	-0.202953	-0.102718	0	
0	0.000662149	-0.00271518	0.000889028	-0.0025578	-0.000972271	2.51718e-06	-0.00187506	0.000513314	0.000156825	-0.000718246	0.000421501	-0.000301274	-0.00177245	-0.00053388	-0.00159563	-0.0015054	-1.56603e-05	0.0039129	-0.00541945	-0.00375956	-0.00214443	-0.000817486	-0.00190872	-0.00259514	-0.00229564	-0.00543029	-0.00366852	0.00038974	-0.005437	-0.0069426	-0.000562795	-0.00467357	-0.00957034	-0.00637013	-0.00935533	-0.0208025	-0.0319846	-0.0505235	-0.0792388	-0.133745	-0.203283	-0.285825	-0.384973	-0.501617	-0.595915	-0.637764	-0.623066	-0.529987	-0.349571	-0.0987925	0.193511	0.486616	0.755845	0.955492	1.07478	1.09748	1.01053	0.83283	0.582842	0.307901	0.054218	-0.150343	-0.283518	-0.349568	-0.364953	-0.346887	-0.334519	-0.341567	-0.350011	-0.347631	-0.336637	-0.336638	-0.353629	-0.363131	-0.329462	-0.237789	-0.0805347	0.151036	0.423981	0.690102	0.914626	1.06022	1.10245	1.04038	0.888835	0.658934	0.370788	0.0748463	-0.198142	-0.430812	-0.577114	-0.628689	-0.621305	-0.557483	-0.440331	-0.315233	-0.209747	-0.108998	0	
0	-0.00193091	0.000828059	-0.00259625	-0.000722068	0.000173075	-0.000873108	3.48949e-05	0.000897307	-0.00142133	-0.002421	-6.25782e-05	-0.00383476	-0.00213329	0.00246501	-0.000585838	-0.000992062	-0.000187666	-0.00541945	-0.00427985	0.00173181	-0.000475906	-0.00207028	-0.00276286	-0.00413381	-0.00248434	-0.00177511	-0.00173925	-0.0030568	-0.00594271	-0.00333459	-0.000445977	-0.00709643	-0.00786223	-0.00575815	-0.0107845	-0.0219112	-0.0328526	-0.0517751	-0.0843625	-0.13991	-0.210981	-0.292554	-0.39768	-0.516513	-0.606813	-0.646025	-0.631251	-0.541572	-0.362638	-0.11387	0.170682	0.459411	0.719245	0.922953	1.06188	1.10889	1.04696	0.879839	0.636967	0.369628	0.113861	-0.0899445	-0.223583	-0.302661	-0.340609	-0.357506	-0.381559	-0.407781	-0.422531	-0.420823	-0.393995	-0.366662	-0.35375	-0.329006	-0.276197	-0.179519	-0.0135022	0.216327	0.476961	0.738421	0.958756	1.08832	1.10611	1.01932	0.851012	0.62219	0.348357	0.0594456	-0.214922	-0.44337	-0.584292	-0.636522	-0.630835	-0.568786	-0.452873	-0.324605	-0.215243	-0.112583	0	
0	0.0008864	0.00206971	0.00208421	0.0014315	0.000954088	-0.000782988	-0.00229872	-0.00185772	-0.00358522	-0.00101214	-0.000242789	-0.00155037	0.00101622	-0.00138804	-0.00779436	-0.000249248	-0.00183282	-0.00375956	0.00173181	0.00133162	-0.00644741	-0.00315537	-0.00215134	-0.000674878	-0.00160156	-0.0020843	-0.00494011	-0.00314985	-0.00233215	-0.00171282	-0.00494696	-0.00644382	-0.00490741	-0.00640021	-0.0132718	-0.0219523	-0.0327145	-0.0546438	-0.0888374	-0.14676	-0.21515	-0.301938	-0.41008	-0.530094	-0.614692	-0.653859	-0.64053	-0.551293	-0.372982	-0.127734	0.149911	0.427742	0.678097	0.885582	1.04068	1.11332	1.06953	0.917314	0.68869	0.429363	0.179254	-0.0213411	-0.157853	-0.246196	-0.308871	-0.364915	-0.421345	-0.471053	-0.500903	-0.49644	-0.45373	-0.401218	-0.346297	-0.280061	-0.211066	-0.110265	0.0555784	0.276195	0.531599	0.788814	0.994124	1.10267	1.09673	0.987469	0.809015	0.586624	0.32399	0.0397851	-0.228886	-0.449055	-0.590814	-0.646598	-0.637419	-0.575195	-0.464914	-0.336017	-0.219877	-0.113055	0	
0	-0.00111845	-0.00157444	-0.00314617	-0.00113861	-0.00282029	0.000299146	-0.000280527	0.00229376	0.000418932	0.00131968	0.000155656	-0.0038775	4.63543e-05	-0.00365917	-0.000247326	0.00127788	-0.00408692	-0.00214443	-0.000475906	-0.00644741	-0.00629895	0.000604853	-0.000826446	-0.00598694	-0.00578074	-0.00359632	-0.00323256	-0.00553793	-0.00255074	-0.00684459	-0.00669657	-0.00590197	-0.0051199	-0.012204	-0.0151498	-0.02268	-0.0351191	-0.0593714	-0.0953561	-0.15106	-0.220705	-0.311045	-0.422809	-0.538107	-0.619011	-0.660591	-0.645614	-0.55706	-0.376203	-0.1381	0.131489	0.393946	0.633372	0.842765	1.01143	1.10154	1.07481	0.941564	0.732757	0.492314	0.252188	0.05911	-0.079552	-0.182977	-0.274338	-0.370137	-0.461207	-0.53765	-0.578204	-0.56632	-0.506688	-0.423593	-0.330816	-0.23674	-0.147044	-0.0310653	0.132027	0.343604	0.593074	0.830245	1.00734	1.09866	1.08152	0.957278	0.764886	0.542884	0.294176	0.0234252	-0.235886	-0.452483	-0.59887	-0.656204	-0.641429	-0.579094	-0.475521	-0.34783	-0.224438	-0.111727	0	
0	0.000736869	-0.000730545	0.000531077	0.000783217	-0.00241975	0.00210315	-0.00351208	-0.00152087	-0.000429968	-0.00470209	0.000489328	-0.00210412	6.04892e-05	-0.00152456	-0.00137238	-0.000677868	-0.0024003	-0.000817486	-0.00207028	-0.00315537	0.000604853	-0.000439843	-0.00357187	-0.00660207	-0.00030452	3.99589e-05	-0.00496935	-0.00634006	6.66637e-05	-0.0060163	-0.00577675	-0.00308785	-0.00637651	-0.0123206	-0.0133006	-0.0205397	-0.0367325	-0.060985	-0.0981569	-0.15157	-0.224779	-0.319967	-0.432289	-0.542101	-0.62451	-0.668041	-0.653314	-0.56037	-0.382013	-0.148765	0.109063	0.356153	0.587873	0.798259	0.978244	1.07913	1.06854	0.956789	0.774286	0.553877	0.329955	0.142963	-0.0024468	-0.119162	-0.241557	-0.367749	-0.48847	-0.594744	-0.645646	-0.632556	-0.557082	-0.441624	-0.31618	-0.190123	-0.0725626	0.0539193	0.213536	0.417409	0.647408	0.854597	1.01002	1.0888	1.05723	0.916745	0.715767	0.50102	0.267253	0.00769828	-0.24274	-0.454852	-0.603987	-0.663239	-0.646198	-0.583116	-0.482907	-0.35777	-0.229792	-0.110793	0	
0	0.000258696	-0.000305622	0.000766172	-0.000518593	0.000183417	9.66443e-05	-0.00179941	-8.34248e-05	-0.00175735	-0.00339067	0.000724249	-0.00456767	-0.000803187	-0.000733091	-0.0020167	-0.00224333	-0.00329413	-0.00190872	-0.00276286	-0.00215134	-0.000826446	-0.00357187	-0.00544496	-0.0025444	0.000470325	-0.00332405	-0.00893973	-0.00183573	0.000494302	-0.00868849	-0.00608128	-0.00208155	-0.00825313	-0.0131065	-0.0123503	-0.0223377	-0.0390942	-0.0645219	-0.100827	-0.153728	-0.232285	-0.32979	-0.440455	-0.544694	-0.632685	-0.675913	-0.658197	-0.560797	-0.384307	-0.157385	0.0875535	0.321931	0.544838	0.756845	0.937339	1.04252	1.04598	0.957328	0.805969	0.612742	0.410636	0.231294	0.0809202	-0.0569248	-0.205406	-0.357762	-0.511744	-0.640623	-0.705588	-0.691188	-0.591912	-0.45012	-0.297887	-0.143336	-0.000804052	0.141301	0.300556	0.491035	0.696052	0.872664	1.0031	1.06185	1.01554	0.871386	0.674981	0.464726	0.235513	-0.0113826	-0.246223	-0.453944	-0.606784	-0.66844	-0.652442	-0.588301	-0.486895	-0.364179	-0.235916	-0.112312	0	
0	0.00075883	-0.000622531	0.00202857	-0.00213097	0.00136803	-0.00150584	-0.00176162	0.00140731	-0.00251977	0.00133632	5.95703e-05	-0.00141058	-0.000885885	-0.00314699	-0.0047612	-0.00291491	-0.0021909	-0.00259514	-0.00413381	-0.000674878	-0.00598694	-0.00660207	-0.0025444	-0.000140628	-0.00668307	-0.0071564	-0.00523667	5.99425e-05	-0.00625557	-0.0111173	-0.00370132	-0.00343074	-0.0123344	-0.0137454	-0.0130753	-0.0253291	-0.0422746	-0.068637	-0.10226	-0.158712	-0.239703	-0.340225	-0.442892	-0.550022	-0.640411	-0.683408	-0.65916	-0.558553	-0.385785	-0.165079	0.0666977	0.2909	0.507612	0.716235	0.888969	0.994921	1.00828	0.947391	0.827771	0.666367	0.491433	0.318814	0.161395	0.00283918	-0.166753	-0.341362	-0.519722	-0.671766	-0.754367	-0.734851	-0.616854	-0.4507	-0.271746	-0.0950874	0.0687957	0.225043	0.387369	0.564523	0.736793	0.882394	0.986746	1.01696	0.960233	0.828706	0.640589	0.426039	0.201782	-0.0251446	-0.247517	-0.456044	-0.607722	-0.668899	-0.659438	-0.59632	-0.488744	-0.366001	-0.241971	-0.117367	0	
0	-0.00114401	-0.0026973	-0.00320531	-0.00213014	-0.00322924	-0.00057634	-0.000822017	-7.51058e-05	-0.0004334	-0.000265156	-0.00171347	-0.00218256	-0.000893031	-0.00101172	0.000222814	0.000238987	0.00020975	-0.00229564	-0.00248434	-0.00160156	-0.00578074	-0.00030452	0.000470325	-0.00668307	-0.00715388	-0.00104482	-0.00230594	-0.00638127	-0.0076243	-0.00587855	-0.00169598	-0.00824022	-0.0121767	-0.0108351	-0.0125595	-0.0268537	-0.0428533	-0.0678009	-0.101084	-0.160793	-0.245178	-0.341857	-0.441633	-0.553229	-0.646585	-0.686181	-0.655691	-0.556788	-0.387067	-0.176633	0.0458268	0.261082	0.473306	0.671253	0.832411	0.934535	0.960816	0.927831	0.84084	0.719148	0.569003	0.406318	0.237562	0.0569371	-0.128691	-0.322968	-0.517398	-0.688195	-0.781353	-0.754629	-0.623483	-0.436826	-0.242329	-0.0532418	0.130285	0.304128	0.47279	0.632817	0.77255	0.884771	0.951776	0.95859	0.906011	0.784081	0.598978	0.390918	0.180193	-0.0363327	-0.256699	-0.46019	-0.602425	-0.666109	-0.668135	-0.605709	-0.48945	-0.364927	-0.247051	-0.124323	0	
0	0.00134405	0.00145061	0.00221392	0.00274414	-0.000281105	0.00229361	-0.00317704	-0.00182414	-0.00255844	-0.0061405	-0.00123855	-0.0039835	-0.00243218	-0.00102465	-0.00365436	-0.00228755	-0.00331143	-0.00543029	-0.00177511	-0.0020843	-0.00359632	3.99589e-05	-0.00332405	-0.0071564	-0.00104482	-0.000719815	-0.00518799	-0.00674762	-0.00193526	-0.00335269	-0.00513836	-0.00927511	-0.00768293	-0.00884968	-0.0151631	-0.0281313	-0.0431911	-0.067129	-0.103587	-0.167326	-0.251584	-0.34411	-0.445607	-0.563891	-0.656044	-0.690159	-0.656006	-0.558723	-0.393127	-0.188678	0.0277986	0.240476	0.446458	0.629234	0.775338	0.872059	0.910185	0.898983	0.844772	0.757953	0.63397	0.479612	0.299999	0.107605	-0.0904303	-0.292476	-0.496644	-0.681438	-0.779505	-0.755024	-0.614712	-0.414059	-0.212416	-0.00921054	0.188874	0.375495	0.549739	0.690301	0.797105	0.873325	0.908547	0.901956	0.845206	0.725922	0.559325	0.370162	0.16428	-0.0534034	-0.268638	-0.45979	-0.595959	-0.665951	-0.674632	-0.611859	-0.491934	-0.365161	-0.249706	-0.129151	0	
0	0.000318434	-0.000281422	0.000212024	-0.00031364	-0.00151026	0.000172411	-0.00242326	-0.000112367	3.85151e-05	-0.00109368	0.0023112	-0.00199029	-0.000172022	-0.00232324	-0.00479857	-0.00329815	-0.00502593	-0.00366852	-0.00173925	-0.00494011	-0.00323256	-0.00496935	-0.00893973	-0.00523667	-0.00230594	-0.00518799	-0.0089975	-0.00721204	-0.0039311	-0.0071884	-0.010629	-0.00919816	-0.00816221	-0.0134315	-0.0205311	-0.0299096	-0.0445215	-0.0688294	-0.109609	-0.173097	-0.254256	-0.342862	-0.451833	-0.570824	-0.659467	-0.686519	-0.653289	-0.557953	-0.39656	-0.196833	0.017307	0.22709	0.421135	0.583592	0.712625	0.804059	0.851628	0.858512	0.835587	0.782827	0.684646	0.54023	0.356561	0.157385	-0.0467002	-0.253702	-0.463933	-0.652418	-0.753925	-0.729361	-0.584583	-0.381772	-0.172055	0.0380133	0.239648	0.435428	0.607242	0.731043	0.811641	0.85108	0.861773	0.844612	0.777668	0.66562	0.523642	0.351522	0.150202	-0.0667471	-0.277105	-0.460363	-0.595361	-0.667129	-0.674236	-0.614054	-0.498659	-0.368805	-0.24912	-0.129121	0	
0	-0.00101928	-0.00406745	-0.00250081	-0.00480876	-0.0025521	-0.00151011	-0.00191162	0.00223484	-0.000727482	0.000324485	0.000543215	-0.00335626	-0.00146605	-0.00248928	-0.00198872	-0.000636223	-0.000122524	0.00038974	-0.0030568	-0.00314985	-0.00553793	-0.00634006	-0.00183573	5.99425e-05	-0.00638127	-0.00674762	-0.00721204	-0.00536014	-0.00247776	-0.00876048	-0.0107317	-0.00613519	-0.00733977	-0.0161489	-0.0198714	-0.0275907	-0.0422314	-0.0701861	-0.112012	-0.173883	-0.249589	-0.343008	-0.457081	-0.575143	-0.656922	-0.683394	-0.653237	-0.561136	-0.403519	-0.20534	0.00865949	0.214309	0.391538	0.534789	0.648804	0.739468	0.791985	0.814968	0.818688	0.792967	0.718347	0.582273	0.401874	0.203025	-0.00278784	-0.209593	-0.418205	-0.600188	-0.697034	-0.6717	-0.530409	-0.331947	-0.124092	0.0821942	0.282876	0.476578	0.641462	0.755114	0.81158	0.823509	0.816086	0.780543	0.707304	0.610932	0.488138	0.331942	0.141042	-0.0754048	-0.284133	-0.463351	-0.599412	-0.668468	-0.669181	-0.613429	-0.507177	-0.375265	-0.246978	-0.124511	0	
0	0.00135238	0.00111525	0.00274189	0.00205947	0.000935256	0.00118092	-0.00238376	-0.00284835	-0.00462953	-0.00563611	-0.0052277	-0.00474811	-0.00264083	-0.00198133	-0.000904129	-0.00120488	-0.00191423	-0.005437	-0.00594271	-0.00233215	-0.00255074	6.66637e-05	0.000494302	-0.00625557	-0.0076243	-0.00193526	-0.0039311	-0.00247776	-0.00258272	-0.0106903	-0.00727611	-0.00133743	-0.00882384	-0.017296	-0.0168427	-0.0244098	-0.0426239	-0.0727408	-0.11408	-0.171271	-0.248037	-0.348363	-0.46521	-0.577261	-0.656116	-0.685732	-0.659609	-0.56955	-0.412815	-0.21234	0.00375986	0.201487	0.362595	0.488838	0.595812	0.683709	0.737822	0.770786	0.789148	0.782903	0.721972	0.59781	0.430345	0.241278	0.0441653	-0.155108	-0.350346	-0.51758	-0.604719	-0.580948	-0.456373	-0.272529	-0.0737477	0.124858	0.3198	0.502975	0.657368	0.75876	0.793801	0.783942	0.758948	0.717863	0.654293	0.564193	0.446532	0.307759	0.132431	-0.0782112	-0.284963	-0.468959	-0.608974	-0.66996	-0.662656	-0.611232	-0.513504	-0.382235	-0.245832	-0.118317	0	
0	0.000811106	6.0159e-06	0.000926363	0.000289673	-0.000812339	0.000339925	-0.00225682	0.000119872	-0.00101815	-0.00129895	0.00196476	-0.00144169	-0.000534613	-0.00155913	-0.00590832	-0.00704798	-0.00720649	-0.0069426	-0.00333459	-0.00171282	-0.00684459	-0.0060163	-0.00868849	-0.0111173	-0.00587855	-0.00335269	-0.0071884	-0.00876048	-0.0106903	-0.0130141	-0.00432057	-0.00740667	-0.0180109	-0.0200542	-0.0165001	-0.0292683	-0.0495348	-0.0793698	-0.115857	-0.171641	-0.252367	-0.358091	-0.46941	-0.575458	-0.654268	-0.688691	-0.663682	-0.573897	-0.414318	-0.209982	0.00485961	0.190041	0.33362	0.448713	0.548796	0.63176	0.682083	0.716636	0.74232	0.744813	0.69642	0.592365	0.449159	0.282012	0.100995	-0.084672	-0.263672	-0.411672	-0.487683	-0.4707	-0.361265	-0.195803	-0.0144623	0.175306	0.355793	0.514386	0.6455	0.726268	0.749743	0.736357	0.70819	0.669913	0.608766	0.515141	0.403645	0.282283	0.124832	-0.0739832	-0.285085	-0.480489	-0.617011	-0.668366	-0.661251	-0.611447	-0.513293	-0.384741	-0.247708	-0.116292	0	
0	-0.00124968	-0.00319062	-0.00322563	-0.00404532	-0.00443729	-0.00182714	-0.00312706	-6.67344e-05	0.000719943	-4.60264e-05	0.000874743	-0.00209147	-0.00248867	-0.00409812	-0.00417809	-0.00028112	0.000294525	-0.000562795	-0.000445977	-0.00494696	-0.00669657	-0.00577675	-0.00608128	-0.00370132	-0.00169598	-0.00513836	-0.010629	-0.0107317	-0.00727611	-0.00432057	-0.00579582	-0.0145106	-0.0167885	-0.0117668	-0.0154734	-0.0313135	-0.0504865	-0.0750993	-0.110109	-0.167164	-0.254851	-0.358325	-0.463286	-0.567476	-0.652703	-0.691629	-0.668546	-0.578263	-0.416491	-0.210333	-0.00326939	0.167172	0.299883	0.410064	0.509083	0.585848	0.63189	0.66323	0.68554	0.688355	0.648636	0.567931	0.455236	0.31682	0.158295	-0.00631066	-0.160245	-0.285335	-0.347325	-0.330691	-0.238811	-0.09831	0.0618657	0.227343	0.375379	0.501386	0.603909	0.669257	0.69393	0.684001	0.658504	0.62398	0.563549	0.474225	0.371659	0.258911	0.114505	-0.0755134	-0.29107	-0.486186	-0.614764	-0.670509	-0.671086	-0.612595	-0.504104	-0.380861	-0.253076	-0.121904	0	
0	0.000246234	-0.000945061	0.000301299	-0.000101444	3.03167e-05	0.000880551	-0.00152308	-0.000490874	-0.00429792	-0.00586663	-0.00461975	-0.00774634	-0.00376011	-0.00199828	-0.00145943	-0.00185027	-0.0036575	-0.00467357	-0.00709643	-0.00644382	-0.00590197	-0.00308785	-0.00208155	-0.00343074	-0.00824022	-0.00927511	-0.00919816	-0.00613519	-0.00133743	-0.00740667	-0.0145106	-0.0143038	-0.00768199	-0.0115136	-0.0211889	-0.0349258	-0.0487306	-0.0732342	-0.108612	-0.172149	-0.260988	-0.358623	-0.458898	-0.567973	-0.659571	-0.700215	-0.676335	-0.583879	-0.41782	-0.213987	-0.0168126	0.143221	0.272731	0.385976	0.481536	0.552457	0.588802	0.60705	0.615527	0.607421	0.574968	0.520066	0.443067	0.341774	0.218052	0.0871756	-0.0350212	-0.132527	-0.1806	-0.167617	-0.0932907	0.0169997	0.140591	0.270488	0.3857	0.47759	0.546865	0.593497	0.617403	0.617124	0.603879	0.578265	0.528732	0.452113	0.351042	0.233773	0.0925863	-0.088677	-0.292356	-0.478033	-0.613296	-0.682959	-0.682019	-0.609959	-0.49393	-0.374836	-0.257541	-0.130727	0	
0	0.0019106	0.00176639	0.00362378	0.00192542	0.000310514	0.000214328	-0.00420441	-0.00333017	-0.00405943	-0.00411911	-0.00209422	-0.00244598	-0.0020733	-0.0041445	-0.00654823	-0.00666642	-0.0077569	-0.00957034	-0.00786223	-0.00490741	-0.0051199	-0.00637651	-0.00825313	-0.0123344	-0.0121767	-0.00768293	-0.00816221	-0.00733977	-0.00882384	-0.0180109	-0.0167885	-0.00768199	-0.0101929	-0.021612	-0.0278395	-0.0345767	-0.0493648	-0.0736432	-0.113201	-0.179037	-0.263711	-0.353464	-0.455464	-0.571872	-0.666091	-0.705431	-0.679917	-0.584023	-0.418031	-0.220796	-0.0349255	0.121142	0.255472	0.370306	0.463247	0.523906	0.54547	0.543089	0.526397	0.505272	0.480442	0.453234	0.418218	0.363907	0.287029	0.201134	0.115078	0.0376454	-0.00279002	0.00629179	0.0621201	0.144901	0.234027	0.321853	0.392238	0.439688	0.471844	0.497079	0.518305	0.534755	0.547352	0.543597	0.509425	0.437938	0.331311	0.207446	0.0665251	-0.102193	-0.288402	-0.47369	-0.621952	-0.691619	-0.681215	-0.608933	-0.49384	-0.369897	-0.254986	-0.134537	0	
0	-0.00168501	-0.00380575	-0.00448543	-0.00486877	-0.00480693	-0.0028105	-0.00293636	0.000411515	-0.000727114	-0.000963656	0.000554261	-0.00455702	-0.0036007	-0.00503404	-0.00706959	-0.00772752	-0.00752283	-0.00637013	-0.00575815	-0.00640021	-0.012204	-0.0123206	-0.0131065	-0.0137454	-0.0108351	-0.00884968	-0.0134315	-0.0161489	-0.017296	-0.0200542	-0.0117668	-0.0115136	-0.021612	-0.0291347	-0.0267674	-0.0357452	-0.0506614	-0.077203	-0.118602	-0.183123	-0.258425	-0.346071	-0.455075	-0.576019	-0.668725	-0.705549	-0.678483	-0.582765	-0.421573	-0.236839	-0.0577465	0.101255	0.241333	0.358265	0.444511	0.495093	0.498434	0.46934	0.428521	0.395885	0.379999	0.381145	0.386746	0.381501	0.359573	0.322864	0.271388	0.215571	0.183018	0.190594	0.238911	0.296385	0.339148	0.371938	0.387625	0.386416	0.381015	0.384913	0.409209	0.45034	0.492414	0.511518	0.489727	0.421612	0.316907	0.193206	0.0489701	-0.117972	-0.298759	-0.482822	-0.626111	-0.685648	-0.676218	-0.614799	-0.50093	-0.367079	-0.246259	-0.128665	0	
0	-2.30301e-05	-0.00179071	-0.000674078	-0.00232126	-0.00324967	-0.00217761	-0.00569274	-0.00451735	-0.00586405	-0.00733473	-0.00700588	-0.00911571	-0.00864297	-0.00957427	-0.0101579	-0.00625034	-0.00674908	-0.00935533	-0.0107845	-0.0132718	-0.0151498	-0.0133006	-0.0123503	-0.0130753	-0.0125595	-0.0151631	-0.0205311	-0.0198714	-0.0168427	-0.0165001	-0.0154734	-0.0211889	-0.0278395	-0.0267674	-0.0271678	-0.0373396	-0.0535373	-0.0814277	-0.124285	-0.18048	-0.251045	-0.3448	-0.460963	-0.58205	-0.670966	-0.70724	-0.681385	-0.589741	-0.440253	-0.264148	-0.0840666	0.0846647	0.233402	0.349891	0.432943	0.470966	0.451797	0.394639	0.328058	0.284669	0.274584	0.296703	0.340746	0.39041	0.430227	0.451343	0.441591	0.405103	0.379293	0.387137	0.423265	0.452365	0.449644	0.421121	0.372578	0.321214	0.285607	0.276785	0.302901	0.359064	0.42654	0.471557	0.467183	0.410888	0.3151	0.190363	0.0346667	-0.142915	-0.323478	-0.493887	-0.620994	-0.677788	-0.675755	-0.61859	-0.505612	-0.368965	-0.237601	-0.115228	0	
0	-0.000545828	-0.00085362	-0.00170556	-0.00188663	-0.00296259	-0.00332219	-0.00581824	-0.0056897	-0.00955951	-0.0115331	-0.0108754	-0.0150229	-0.0122712	-0.0126684	-0.0132264	-0.015718	-0.0194105	-0.0208025	-0.0219112	-0.0219523	-0.02268	-0.0205397	-0.0223377	-0.0253291	-0.0268537	-0.0281313	-0.0299096	-0.0275907	-0.0244098	-0.0292683	-0.0313135	-0.0349258	-0.0345767	-0.0357452	-0.0373396	-0.0486174	-0.0655448	-0.0963285	-0.131521	-0.180616	-0.254776	-0.356124	-0.4727	-0.587165	-0.673194	-0.709091	-0.686039	-0.603985	-0.464189	-0.291072	-0.101419	0.0778441	0.22958	0.345063	0.419273	0.440331	0.395252	0.309794	0.225231	0.174839	0.169029	0.211706	0.294147	0.399248	0.504645	0.583368	0.612101	0.597779	0.57899	0.583837	0.609451	0.610095	0.557	0.465705	0.357649	0.261151	0.195516	0.171386	0.196493	0.263136	0.351602	0.424979	0.446792	0.405903	0.31463	0.187444	0.0229056	-0.166402	-0.348843	-0.506446	-0.621332	-0.676663	-0.674146	-0.614405	-0.505186	-0.371956	-0.233164	-0.105443	0	
0	8.59341e-05	-0.00222827	-0.00161292	-0.00460458	-0.00725372	-0.00801932	-0.0131218	-0.0132205	-0.0150136	-0.0162655	-0.0155736	-0.0181437	-0.0189593	-0.0227287	-0.0278462	-0.0276217	-0.0301152	-0.0319846	-0.0328526	-0.0327145	-0.0351191	-0.0367325	-0.0390942	-0.0422746	-0.0428533	-0.0431911	-0.0445215	-0.0422314	-0.0426239	-0.0495348	-0.0504865	-0.0487306	-0.0493648	-0.0506614	-0.0535373	-0.0655448	-0.085608	-0.109061	-0.135461	-0.186322	-0.268829	-0.371365	-0.479704	-0.589862	-0.674766	-0.713292	-0.698952	-0.628471	-0.496371	-0.316693	-0.11623	0.0692867	0.222736	0.333387	0.39831	0.399157	0.329093	0.225372	0.129489	0.0745508	0.0727261	0.13174	0.250825	0.411368	0.576471	0.709894	0.779478	0.786063	0.77484	0.777016	0.786188	0.757506	0.662625	0.516987	0.350102	0.203604	0.108336	0.0745103	0.0988383	0.171329	0.276535	0.374218	0.419686	0.394596	0.309823	0.183565	0.0158473	-0.180203	-0.368599	-0.526397	-0.634385	-0.679275	-0.669175	-0.607144	-0.497806	-0.366886	-0.235081	-0.111406	0	
0	-0.00427026	-0.00709968	-0.0114187	-0.0133896	-0.0157525	-0.0168954	-0.0190363	-0.0185598	-0.0223011	-0.024921	-0.026554	-0.0337686	-0.0349746	-0.0394317	-0.0419047	-0.0449451	-0.0488779	-0.0505235	-0.0517751	-0.0546438	-0.0593714	-0.060985	-0.0645219	-0.068637	-0.0678009	-0.067129	-0.0688294	-0.0701861	-0.0727408	-0.0793698	-0.0750993	-0.0732342	-0.0736432	-0.077203	-0.0814277	-0.0963285	-0.109061	-0.123196	-0.150039	-0.21009	-0.294756	-0.387189	-0.488855	-0.596651	-0.683006	-0.726959	-0.724063	-0.66432	-0.52912	-0.339996	-0.131368	0.0560504	0.206403	0.311609	0.361561	0.341487	0.255077	0.142727	0.0452632	-0.00936135	-0.00774151	0.0692812	0.222639	0.427014	0.641637	0.820403	0.92554	0.960442	0.963251	0.962733	0.956425	0.897139	0.758475	0.562158	0.345567	0.159099	0.0371752	-0.00870054	0.0165613	0.0942498	0.204441	0.31457	0.381347	0.373818	0.297345	0.176083	0.0126097	-0.184163	-0.381987	-0.550554	-0.65641	-0.687176	-0.665321	-0.597041	-0.482585	-0.355981	-0.241987	-0.127112	0	
