0	0	0	0	0	0	0	0	0	0	0	0	0	0	0	0	0	0	0	0	0	0	0	0	0	0	0	0	0	0	0	0	0	0	0	0	0	0	0	0	0	0	0	0	0	0	0	0	0	0	0	0	0	0	0	0	0	0	0	0	0	0	0	0	0	0	0	0	0	0	0	0	0	0	0	0	0	0	0	0	0	0	0	0	0	0	0	0	0	0	0	0	0	0	0	0	0	0	0	0	
0	0.00223755	-0.000608217	0.00359356	0.00056275	-6.27786e-05	0.000956779	-0.00202401	-0.00184162	-0.000259283	-0.000609537	-0.000898267	0.00184852	-0.000310986	-0.00130573	-0.00218388	-0.000289702	0.00237348	0.00073947	-0.00105351	0.000458401	0.000629909	0.000245652	0.000225598	0.00187203	-0.00101476	0.000240048	0.00172769	-4.29519e-05	-0.000918827	0.00229283	-9.68194e-05	-0.000749928	0.000949568	0.00134697	-0.000588707	-0.000462652	0.000701196	0.00117018	-0.00148878	-0.00303621	-0.000346732	-0.00333272	-0.0104096	-0.0149705	-0.0182106	-0.0290303	-0.0431542	-0.0523754	-0.0561766	-0.0533907	-0.0414856	-0.0218732	0.0105621	0.0505078	0.0824858	0.0974869	0.0916074	0.0851757	0.0750095	0.0586188	0.0373586	0.00571475	-0.0288133	-0.0538827	-0.060355	-0.0459806	-0.0213635	-0.00927168	-0.00564188	-0.00545001	-0.0158863	-0.0329193	-0.0530399	-0.0592715	-0.0433684	-0.0156405	0.0183017	0.0478883	0.067004	0.0785586	0.0874085	0.0950767	0.0920986	0.0719281	0.0354845	-0.00495025	-0.030461	-0.0447401	-0.0557231	-0.0554462	-0.0469714	-0.0371716	-0.0243999	-0.0154805	-0.0126424	-0.00726268	-0.00200347	-0.00127213	0	
0	-0.000608217	-0.00351333	-0.00163426	-0.00278198	-0.00064906	0.000637889	0.00113642	0.00298365	0.00146829	-0.000466775	0.000780097	-0.000937446	-0.00229885	0.00231337	0.00525488	-0.00346865	-0.00136695	-0.000963595	-0.00207388	0.00149399	-0.0012026	-0.00141406	-0.00293022	0.00172922	-0.00343962	-0.00123192	0.00142631	-0.00335138	-0.00246257	0.00105794	-0.000502936	-0.00529636	0.00169857	-0.00164386	-0.00105122	-0.00461209	0.00089794	-0.000801046	-0.00404241	-0.00698302	-0.00268932	-0.00674348	-0.0217877	-0.0284976	-0.0360289	-0.0573324	-0.0827264	-0.103275	-0.108302	-0.104527	-0.0819807	-0.0406113	0.0190141	0.100541	0.161362	0.189254	0.182502	0.166838	0.14872	0.119452	0.0747818	0.0151172	-0.0516797	-0.106232	-0.119142	-0.0918596	-0.0496027	-0.0227596	-0.0100109	-0.0108636	-0.029821	-0.0610369	-0.106167	-0.124728	-0.0884348	-0.0249352	0.0407826	0.094404	0.132422	0.156728	0.174781	0.190143	0.183073	0.141439	0.0696846	-0.00909131	-0.0607969	-0.0903823	-0.110952	-0.109673	-0.093492	-0.0742649	-0.0489201	-0.0309357	-0.0248851	-0.0145881	-0.00429867	-0.00234713	0	
0	0.00359356	-0.00163426	0.0059279	-0.00012147	0.000244285	0.00140492	-0.00382299	-0.00154508	-0.000882435	-0.0012795	-0.000196848	0.00227202	-0.00103433	-0.000835311	-0.00327691	-0.00163716	0.0037025	0.0014229	-0.00205029	0.00169928	-0.000981552	-0.000248666	0.000521516	0.00381065	-0.00342091	-0.00045663	0.00364855	-0.00157639	-0.00194083	0.00366933	-0.000448603	-0.00327293	0.00251804	0.00107017	-0.00127446	-0.0027768	0.00183594	0.000764634	-0.00428171	-0.00874586	-0.00249847	-0.0116623	-0.0302227	-0.0432524	-0.0550427	-0.0872375	-0.125696	-0.154084	-0.164759	-0.158309	-0.124056	-0.0641441	0.0297429	0.14703	0.239228	0.283904	0.273881	0.25468	0.22499	0.177181	0.111828	0.0202015	-0.0791667	-0.15473	-0.174262	-0.134447	-0.0708792	-0.0336721	-0.0200659	-0.0227654	-0.049958	-0.0972238	-0.155586	-0.172953	-0.125245	-0.0407354	0.0577494	0.141833	0.19978	0.237588	0.263799	0.281401	0.269027	0.208909	0.102739	-0.0139507	-0.0912942	-0.135805	-0.164974	-0.162853	-0.139386	-0.110498	-0.0734203	-0.0466389	-0.0365331	-0.0218878	-0.00706408	-0.00315876	0	
0	0.00056275	-0.00278198	-0.00012147	-0.000692176	-0.00154172	0.00167095	0.000187472	0.000101618	0.00146516	-0.00131384	-0.000766562	7.73982e-05	-0.00199165	0.00115606	0.00217766	-0.00179979	-9.91096e-05	-0.00104654	-0.00258125	0.000674952	0.00110556	-0.00064874	-0.00288657	0.00122674	-0.00269562	9.03775e-07	0.00172404	-0.00335358	-0.00266114	0.00310487	-0.00187508	-0.00426027	0.00147923	-0.0001508	-0.00267867	-0.00373448	0.000490577	-0.000371824	-0.0068719	-0.0101945	-0.00609181	-0.0162003	-0.0399671	-0.0551592	-0.074652	-0.115059	-0.164484	-0.200654	-0.216466	-0.208161	-0.164543	-0.0847304	0.0389529	0.188787	0.310943	0.368072	0.363502	0.338904	0.299056	0.238358	0.14895	0.0315989	-0.0975936	-0.197688	-0.224227	-0.178222	-0.101214	-0.0521568	-0.0323447	-0.033814	-0.0678066	-0.129027	-0.202611	-0.22672	-0.16368	-0.0468857	0.0814314	0.189373	0.266673	0.315908	0.349662	0.37258	0.353872	0.270064	0.130547	-0.0177455	-0.120473	-0.182295	-0.21799	-0.213639	-0.183843	-0.145879	-0.0981478	-0.0626066	-0.0472808	-0.0290249	-0.0104645	-0.00383132	0	
0	-6.27786e-05	-0.00064906	0.000244285	-0.00154172	7.41703e-05	-5.40219e-05	-0.00114034	0.00179985	0.00071412	-0.000452295	0.00172548	0.000225431	-0.00240917	0.000835948	-0.000214935	-0.00219052	0.000251907	-0.000941954	-0.00100888	0.000997085	-0.00356042	-0.00265969	-0.000330257	0.00203711	-0.00448418	-0.00217339	0.00130997	-0.00324198	-0.00232849	0.000894929	-0.00219516	-0.00442557	0.00101084	-0.00170301	-0.00284145	-0.00435342	-0.000179921	-0.00242731	-0.00781081	-0.0118954	-0.00935024	-0.0230262	-0.0475083	-0.0684533	-0.0943791	-0.144872	-0.201443	-0.246624	-0.267254	-0.2576	-0.205738	-0.104272	0.0460355	0.227984	0.375658	0.449095	0.452601	0.423964	0.374407	0.297147	0.185921	0.0415267	-0.112747	-0.233278	-0.26793	-0.214896	-0.132101	-0.0736576	-0.048615	-0.0554423	-0.0932879	-0.16274	-0.244289	-0.266494	-0.192222	-0.0527705	0.103048	0.234253	0.331501	0.398992	0.441026	0.458069	0.427254	0.325136	0.158037	-0.021056	-0.151115	-0.229247	-0.26827	-0.262003	-0.227098	-0.179838	-0.122729	-0.0790706	-0.0572393	-0.0357178	-0.0144406	-0.00467691	0	
0	0.000956779	0.000637889	0.00140492	0.00167095	-5.40219e-05	0.000300783	-0.00108073	-0.00273383	-0.00220934	-0.00164689	-0.00178397	-0.000244135	0.000838576	0.000581699	-0.00261277	0.000713399	0.000861254	0.00070148	-0.000438031	-0.000537299	0.00183415	0.00149285	-0.000237614	-0.000650581	-5.90644e-05	0.00100406	0.000834824	-0.0013032	-0.000693906	0.00194988	-0.00189251	-0.000589396	0.000176515	0.000474259	-0.00246496	-0.000976784	-0.000672537	-0.00150581	-0.00705004	-0.0104499	-0.0121834	-0.0280564	-0.0530197	-0.0793707	-0.115351	-0.172443	-0.23827	-0.289681	-0.318297	-0.307889	-0.246743	-0.12783	0.0521417	0.258355	0.432793	0.52497	0.540181	0.511723	0.451848	0.357386	0.22354	0.0548664	-0.125395	-0.262035	-0.303822	-0.253685	-0.164064	-0.0971364	-0.0725246	-0.0785236	-0.120167	-0.201237	-0.282756	-0.298065	-0.213559	-0.0542874	0.125333	0.282279	0.400589	0.478715	0.524955	0.541	0.499573	0.373015	0.177242	-0.0258538	-0.179572	-0.274511	-0.316893	-0.308815	-0.268299	-0.211488	-0.147135	-0.0963948	-0.0665425	-0.0415603	-0.0188396	-0.00617155	0	
0	-0.00202401	0.00113642	-0.00382299	0.000187472	-0.00114034	-0.00108073	0.00242297	0.000692079	0.00220422	0.00202705	-4.1259e-05	-0.000479812	-0.00141143	-0.00204786	-0.000235214	7.49709e-05	-0.00273542	-0.00303102	0.000139941	-0.00361469	-0.000984288	-0.00341649	-0.00177023	-0.00263398	-0.000877923	-0.00269584	-0.00298054	-0.00168262	-0.00239643	-0.00199857	-0.00362965	-0.00122826	-0.00375153	-0.00201276	-0.00471994	-0.00206792	-0.0054021	-0.00449485	-0.010362	-0.0119338	-0.0206715	-0.0352359	-0.0610499	-0.091985	-0.137528	-0.199939	-0.270559	-0.328963	-0.363733	-0.351772	-0.283923	-0.14479	0.0570035	0.284483	0.481395	0.590638	0.622791	0.593669	0.524271	0.415671	0.26089	0.0717216	-0.125907	-0.277358	-0.329609	-0.285994	-0.20167	-0.131822	-0.103323	-0.109334	-0.153383	-0.235924	-0.311398	-0.32224	-0.229296	-0.0492286	0.152012	0.328237	0.465313	0.559649	0.612455	0.619846	0.559452	0.409899	0.194086	-0.0288771	-0.208481	-0.320036	-0.362867	-0.352563	-0.307111	-0.24123	-0.171264	-0.11436	-0.0753908	-0.0463799	-0.0234466	-0.00870243	0	
0	-0.00184162	0.00298365	-0.00154508	0.000101618	0.00179985	-0.00273383	0.000692079	-0.0016542	-0.0021891	-0.000401946	-0.00222078	0.000359828	0.000437451	-0.000186378	0.000803748	-7.49999e-05	-0.000719414	-0.000341203	0.00202621	-0.00128526	-9.24046e-05	-0.000291123	9.22402e-05	-0.000999229	0.000456694	-0.0015888	-0.00229332	0.00129246	-0.00107598	-0.00292129	-0.000893275	0.000521977	-0.00329118	-0.00143929	-0.00177704	-0.000666933	-0.00466639	-0.00446299	-0.00721898	-0.0112079	-0.0238884	-0.0395436	-0.0639095	-0.103312	-0.157347	-0.225807	-0.300842	-0.367903	-0.409509	-0.397441	-0.323625	-0.165027	0.0538532	0.302409	0.518076	0.651984	0.703896	0.677158	0.601897	0.475271	0.301424	0.0910132	-0.123128	-0.285719	-0.350003	-0.316249	-0.240073	-0.168417	-0.137062	-0.14626	-0.192716	-0.273081	-0.338043	-0.335798	-0.230717	-0.0381742	0.178671	0.375328	0.530914	0.638801	0.695645	0.692457	0.611866	0.439503	0.205185	-0.0353806	-0.236852	-0.361524	-0.405663	-0.395046	-0.343867	-0.268299	-0.194392	-0.132965	-0.0843631	-0.0501394	-0.0278896	-0.0124186	0	
0	-0.000259283	0.00146829	-0.000882435	0.00146516	0.00071412	-0.00220934	0.00220422	-0.0021891	-0.00247441	0.00230793	-0.00279744	-0.000879427	0.00223113	-0.003875	-0.000905585	-0.00065996	-0.00216999	0.000434703	0.000469086	-0.00550371	0.00140909	0.000922367	-0.00197028	-0.00481896	0.00292988	-0.00192405	-0.00343072	0.00105689	-0.00163118	-0.00433763	-6.24019e-05	0.000203611	-0.00526815	-0.00186462	-0.0018662	-0.00130469	-0.00737743	-0.00579078	-0.00798616	-0.0130925	-0.0314106	-0.0445237	-0.0709389	-0.116108	-0.179725	-0.250069	-0.329866	-0.404403	-0.450107	-0.440124	-0.355399	-0.18451	0.0522608	0.313275	0.547188	0.706547	0.776639	0.756462	0.673392	0.532917	0.340792	0.115333	-0.110489	-0.281803	-0.35635	-0.344237	-0.279945	-0.210404	-0.183038	-0.189001	-0.234943	-0.3113	-0.35696	-0.337803	-0.222448	-0.0210897	0.206917	0.423392	0.598466	0.715139	0.771523	0.759366	0.657882	0.459363	0.208478	-0.0437178	-0.262312	-0.399595	-0.446902	-0.435471	-0.377319	-0.293107	-0.216741	-0.151729	-0.0935839	-0.0531364	-0.03198	-0.0171024	0	
0	-0.000609537	-0.000466775	-0.0012795	-0.00131384	-0.000452295	-0.00164689	0.00202705	-0.000401946	0.00230793	0.00229808	-0.00200625	0.000817898	-0.00153491	-0.00367297	0.00132778	-0.000690567	-0.0023888	-0.00212218	-0.00153311	-0.00221451	-0.000975058	-0.00399179	-0.0029989	-0.00127486	0.000645284	-0.00560026	-0.00451495	0.0021509	-0.003892	-0.0059722	7.30337e-05	-0.00149931	-0.00677892	-0.00300431	-0.00181201	-0.00366762	-0.00883314	-0.00789645	-0.00780712	-0.0171408	-0.0366805	-0.0496291	-0.0768857	-0.129882	-0.199309	-0.271918	-0.356281	-0.437146	-0.487987	-0.47695	-0.385429	-0.201723	0.0447236	0.316419	0.566287	0.751295	0.84139	0.828966	0.742401	0.58917	0.384735	0.145064	-0.087284	-0.263657	-0.357591	-0.366319	-0.321277	-0.263469	-0.231969	-0.237976	-0.284302	-0.344129	-0.368563	-0.331687	-0.204998	0.00221616	0.242873	0.474112	0.658655	0.786219	0.8477	0.820376	0.690027	0.469249	0.208697	-0.0537499	-0.287334	-0.434432	-0.48494	-0.472749	-0.408179	-0.316709	-0.237754	-0.169595	-0.103321	-0.0562211	-0.0355822	-0.0219621	0	
0	-0.000898267	0.000780097	-0.000196848	-0.000766562	0.00172548	-0.00178397	-4.1259e-05	-0.00222078	-0.00279744	-0.00200625	-0.0032943	0.00120818	0.000234712	-0.0005576	0.00349978	-0.00159616	-0.000781902	0.000990212	0.000658671	-0.00117904	3.59469e-06	0.00221654	-0.00156014	-0.00189949	0.000418078	-0.00184657	-0.0021233	0.00189975	-0.00369938	-0.00400144	0.0019181	-0.00218449	-0.00499531	-0.00175562	-6.01866e-05	-0.00375443	-0.00727882	-0.00651682	-0.00611082	-0.018635	-0.0383761	-0.0513152	-0.0818542	-0.141983	-0.215537	-0.291695	-0.381241	-0.469314	-0.524184	-0.512945	-0.41477	-0.222873	0.0307227	0.309847	0.577653	0.788399	0.899628	0.899242	0.80992	0.649224	0.431191	0.179943	-0.0566561	-0.241519	-0.352457	-0.38605	-0.363148	-0.315018	-0.284062	-0.291631	-0.334775	-0.37802	-0.378796	-0.31752	-0.174898	0.0369686	0.28142	0.52314	0.721691	0.854913	0.910039	0.868934	0.718065	0.475809	0.200416	-0.0705021	-0.309357	-0.462798	-0.520064	-0.507917	-0.436727	-0.339082	-0.257023	-0.185949	-0.113695	-0.0602599	-0.0386839	-0.0259416	0	
0	0.00184852	-0.000937446	0.00227202	7.73982e-05	0.000225431	-0.000244135	-0.000479812	0.000359828	-0.000879427	0.000817898	0.00120818	-0.00235923	-0.000862503	-0.00159117	-0.00484892	-0.00374446	-0.00234668	0.00077766	-0.0043545	-0.0012045	-0.0038773	-0.00177816	-0.00369071	-0.00164068	-0.000315393	-0.00438868	-0.00248154	-0.000524734	-0.00378432	-0.00424952	0.000608442	-0.00452755	-0.00459626	-0.00335708	-0.00149972	-0.00704719	-0.00778538	-0.00957568	-0.00874403	-0.0254334	-0.0424152	-0.0581887	-0.0926292	-0.157623	-0.23343	-0.312446	-0.406566	-0.499874	-0.553946	-0.543177	-0.434768	-0.240821	0.0180045	0.30208	0.583576	0.817765	0.945007	0.956409	0.868124	0.702802	0.476827	0.222293	-0.0156186	-0.206008	-0.334322	-0.398935	-0.403232	-0.370496	-0.345751	-0.35408	-0.38601	-0.408282	-0.383045	-0.29062	-0.133092	0.0760606	0.323578	0.575084	0.780238	0.915296	0.967023	0.910544	0.734438	0.47255	0.187255	-0.08776	-0.32842	-0.488606	-0.552845	-0.538635	-0.462333	-0.361424	-0.275071	-0.199951	-0.124174	-0.0661	-0.0415976	-0.0280092	0	
0	-0.000310986	-0.00229885	-0.00103433	-0.00199165	-0.00240917	0.000838576	-0.00141143	0.000437451	0.00223113	-0.00153491	0.000234712	-0.000862503	-0.00268113	0.000489274	-0.0014274	0.00481803	-0.000367772	-0.00257965	-0.00396264	0.00123769	-0.00182368	-0.00120934	-0.00174408	-0.00190988	-0.0028285	-0.00300845	-0.00196724	-0.00210224	-0.00462712	-0.00251355	-0.00233803	-0.00440998	-0.00457717	-0.00281784	-0.00359635	-0.00657612	-0.00719908	-0.00890819	-0.0105272	-0.0271507	-0.041678	-0.0614442	-0.0999799	-0.167794	-0.244919	-0.32823	-0.429418	-0.52412	-0.582124	-0.566894	-0.456896	-0.262046	-0.00248214	0.283603	0.581837	0.832595	0.979185	1.00538	0.923512	0.759743	0.531191	0.27367	0.0339638	-0.163328	-0.317206	-0.40981	-0.441438	-0.430506	-0.407501	-0.413951	-0.435758	-0.433515	-0.378971	-0.260205	-0.0925326	0.121962	0.37876	0.631965	0.834728	0.967486	1.01069	0.937522	0.743877	0.467959	0.169699	-0.109847	-0.346829	-0.51029	-0.580511	-0.564863	-0.486744	-0.384199	-0.291401	-0.211084	-0.13451	-0.0742897	-0.0446025	-0.0274837	0	
0	-0.00130573	0.00231337	-0.000835311	0.00115606	0.000835948	0.000581699	-0.00204786	-0.000186378	-0.003875	-0.00367297	-0.0005576	-0.00159117	0.000489274	0.00361172	-0.00410419	-0.00111123	-0.00401702	-0.00227461	0.00326873	-0.000969872	-0.00297662	-0.00230454	0.000788625	-0.00399184	-0.00153887	-0.000513054	-0.00202371	-0.0040945	-0.0018441	-0.000767193	-0.00486173	-0.00247563	-0.00369172	-0.00179436	-0.00625235	-0.00415294	-0.00782651	-0.00799088	-0.0151623	-0.0277051	-0.0427707	-0.0677528	-0.110009	-0.179528	-0.256423	-0.348066	-0.45247	-0.549215	-0.606838	-0.587606	-0.476754	-0.282873	-0.0240442	0.265659	0.576638	0.839957	1.00226	1.04448	0.971361	0.81447	0.586253	0.329238	0.0898334	-0.120219	-0.293687	-0.413743	-0.476033	-0.481124	-0.46831	-0.476605	-0.481986	-0.459163	-0.376671	-0.225866	-0.03805	0.18537	0.436419	0.680498	0.884885	1.01461	1.04295	0.952825	0.745324	0.457049	0.147931	-0.131972	-0.363401	-0.529605	-0.603754	-0.586804	-0.509649	-0.406626	-0.306452	-0.220095	-0.144203	-0.0842799	-0.047981	-0.024716	0	
0	-0.00218388	0.00525488	-0.00327691	0.00217766	-0.000214935	-0.00261277	-0.000235214	0.000803748	-0.000905585	0.00132778	0.00349978	-0.00484892	-0.0014274	-0.00410419	-0.00432823	-0.00151744	0.000467318	-0.00244237	-0.00151815	-0.00474525	-0.00289458	-0.0020497	-0.000514173	-0.00412942	-0.00237073	-0.0015052	-0.00348595	-0.00513145	0.000847053	-0.00440605	-0.00539785	-0.00303178	-0.00172074	-0.00619418	-0.00602756	-0.0054353	-0.00723111	-0.0112046	-0.0196592	-0.0280598	-0.0462369	-0.0747601	-0.12243	-0.187839	-0.268806	-0.367557	-0.472889	-0.571681	-0.624268	-0.603266	-0.493514	-0.299952	-0.0471206	0.250463	0.565329	0.834313	1.01248	1.06543	1.00983	0.864254	0.6413	0.394221	0.152296	-0.0695144	-0.261256	-0.411475	-0.503816	-0.532449	-0.534098	-0.53903	-0.52494	-0.473946	-0.360673	-0.185675	0.016676	0.245109	0.495213	0.738949	0.936119	1.0488	1.06001	0.954821	0.737061	0.442938	0.127251	-0.153827	-0.381493	-0.54729	-0.621278	-0.604426	-0.531048	-0.428217	-0.320924	-0.227947	-0.152611	-0.0948181	-0.052008	-0.0210406	0	
0	-0.000289702	-0.00346865	-0.00163716	-0.00179979	-0.00219052	0.000713399	7.49709e-05	-7.49999e-05	-0.00065996	-0.000690567	-0.00159616	-0.00374446	0.00481803	-0.00111123	-0.00151744	0.0040665	-0.00141819	-0.00419906	-0.00156331	-0.00104135	-0.00207071	-0.00103708	-0.00168831	-0.00601091	-0.00326909	6.44679e-05	-0.00557281	-0.00595774	0.000251926	-0.00624277	-0.00648101	-0.00245773	-0.00329489	-0.00841012	-0.00601283	-0.00547756	-0.00707215	-0.0142675	-0.0206592	-0.0273051	-0.0470358	-0.0818457	-0.129177	-0.191979	-0.278917	-0.382756	-0.490952	-0.587636	-0.637808	-0.617529	-0.50896	-0.323069	-0.0702459	0.230072	0.5432	0.818701	1.00522	1.07803	1.04516	0.913013	0.707441	0.466064	0.21528	-0.0183184	-0.234077	-0.41153	-0.524289	-0.575605	-0.590173	-0.586435	-0.556989	-0.486885	-0.346396	-0.147547	0.0713002	0.312833	0.566355	0.798131	0.975982	1.07113	1.06462	0.944395	0.721824	0.425866	0.106072	-0.174984	-0.399691	-0.562677	-0.633921	-0.619032	-0.55062	-0.447873	-0.335122	-0.235923	-0.159638	-0.104252	-0.056609	-0.0183403	0	
0	0.00237348	-0.00136695	0.0037025	-9.91096e-05	0.000251907	0.000861254	-0.00273542	-0.000719414	-0.00216999	-0.0023888	-0.000781902	-0.00234668	-0.000367772	-0.00401702	0.000467318	-0.00141819	-0.00823378	0.000263015	0.000366978	-0.000271792	-0.00374175	-0.00154949	-0.0025323	-0.00304597	0.000207084	-0.000471912	-0.00654834	-0.00264452	0.00239177	-0.00692485	-0.00457402	-0.000602129	-0.00288324	-0.00844084	-0.0038549	-0.00511643	-0.00649109	-0.0171467	-0.0201064	-0.0277776	-0.050687	-0.0910478	-0.136143	-0.199134	-0.29325	-0.401586	-0.510172	-0.603821	-0.650663	-0.630949	-0.523922	-0.342368	-0.0869802	0.213966	0.521215	0.795912	0.987946	1.07984	1.06688	0.954889	0.768762	0.533466	0.279797	0.0325151	-0.201891	-0.397214	-0.533934	-0.610122	-0.636154	-0.630025	-0.587017	-0.489033	-0.324034	-0.111389	0.128883	0.388279	0.635517	0.849264	1.01055	1.08616	1.05821	0.923716	0.695639	0.401535	0.0885848	-0.190671	-0.418384	-0.577511	-0.643167	-0.631265	-0.567307	-0.464489	-0.349479	-0.245446	-0.165469	-0.110864	-0.0614468	-0.0184956	0	
0	0.00073947	-0.000963595	0.0014229	-0.00104654	-0.000941954	0.00070148	-0.00303102	-0.000341203	0.000434703	-0.00212218	0.000990212	0.00077766	-0.00257965	-0.00227461	-0.00244237	-0.00419906	0.000263015	0.00238911	-0.00441174	-0.00494149	-0.00307653	-0.00268201	-0.00124082	-0.00363247	-0.00319318	-0.00463563	-0.00544343	-0.00134107	-0.00252409	-0.0090199	-0.00404852	-0.00132582	-0.00695162	-0.00846958	-0.00536269	-0.00531306	-0.010463	-0.0183772	-0.0214652	-0.0283099	-0.0570739	-0.097654	-0.139999	-0.205892	-0.305549	-0.416827	-0.523963	-0.613087	-0.660485	-0.639298	-0.538692	-0.357819	-0.100468	0.193377	0.492795	0.758497	0.957348	1.06964	1.0782	0.994729	0.831209	0.602766	0.344928	0.0826187	-0.169665	-0.379978	-0.536008	-0.633548	-0.668107	-0.659917	-0.604303	-0.48195	-0.299469	-0.0706117	0.188955	0.45212	0.696487	0.905511	1.04454	1.08922	1.03841	0.889587	0.658822	0.377831	0.0771616	-0.206152	-0.437895	-0.588781	-0.650177	-0.642792	-0.580417	-0.477588	-0.364176	-0.256919	-0.170437	-0.114023	-0.0661278	-0.0222549	0	
0	-0.00105351	-0.00207388	-0.00205029	-0.00258125	-0.00100888	-0.000438031	0.000139941	0.00202621	0.000469086	-0.00153311	0.000658671	-0.0043545	-0.00396264	0.00326873	-0.00151815	-0.00156331	0.000366978	-0.00441174	-0.0073219	0.000472108	-0.00152214	-0.00180672	-0.00471663	-0.0043498	-0.00463977	-0.00174231	-0.00444648	-0.00348768	-0.00632777	-0.00568088	-0.00291349	-0.00470697	-0.0081379	-0.00749232	-0.00478914	-0.00805759	-0.0115357	-0.0198621	-0.0199053	-0.0321831	-0.0623032	-0.102025	-0.142956	-0.213795	-0.318646	-0.429885	-0.534805	-0.621852	-0.667943	-0.649465	-0.551489	-0.368098	-0.112659	0.175031	0.456971	0.714617	0.919533	1.04712	1.08236	1.02806	0.886594	0.669172	0.406187	0.128542	-0.133646	-0.358166	-0.532589	-0.640121	-0.681723	-0.673375	-0.601326	-0.463803	-0.275464	-0.0337641	0.239789	0.512413	0.764294	0.958946	1.06302	1.07816	1.00882	0.849639	0.620041	0.350789	0.0611633	-0.21927	-0.448891	-0.597091	-0.660538	-0.653589	-0.588448	-0.487967	-0.378967	-0.26932	-0.175276	-0.114826	-0.0701199	-0.0284305	0	
0	0.000458401	0.00149399	0.00169928	0.000674952	0.000997085	-0.000537299	-0.00361469	-0.00128526	-0.00550371	-0.00221451	-0.00117904	-0.0012045	0.00123769	-0.000969872	-0.00474525	-0.00104135	-0.000271792	-0.00494149	0.000472108	0.00320714	-0.00419987	-0.00528167	-0.00235907	0.000469006	-0.00287092	-0.00369317	-0.00322853	-0.00426232	-0.00359937	-0.00305905	-0.00361508	-0.00661136	-0.00503098	-0.0049674	-0.00530123	-0.00831744	-0.0113951	-0.016939	-0.0193741	-0.0353373	-0.0654807	-0.103061	-0.145169	-0.224646	-0.329316	-0.442558	-0.543539	-0.631686	-0.67741	-0.661382	-0.563087	-0.375445	-0.121601	0.153514	0.418987	0.668233	0.876129	1.0207	1.07817	1.05263	0.932462	0.722699	0.45657	0.170969	-0.0970623	-0.330238	-0.510492	-0.625243	-0.674693	-0.664775	-0.589217	-0.446989	-0.244382	0.0116222	0.289174	0.567075	0.82041	0.994397	1.07	1.06471	0.977792	0.803441	0.570562	0.316719	0.048095	-0.223902	-0.455231	-0.607373	-0.672234	-0.66099	-0.593687	-0.49772	-0.392053	-0.280696	-0.181146	-0.115546	-0.0728728	-0.0343686	0	
0	0.000629909	-0.0012026	-0.000981552	0.00110556	-0.00356042	0.00183415	-0.000984288	-9.24046e-05	0.00140909	-0.000975058	3.59469e-06	-0.0038773	-0.00182368	-0.00297662	-0.00289458	-0.00207071	-0.00374175	-0.00307653	-0.00152214	-0.00419987	-0.00750091	-0.00306826	0.000699632	-0.00428742	-0.00846893	-0.00365558	-0.000660431	-0.00779035	-0.00471083	-0.00370216	-0.00636772	-0.00796133	-0.00434759	-0.00693751	-0.00854448	-0.0108146	-0.0126857	-0.0174789	-0.0236312	-0.0420301	-0.069619	-0.104654	-0.153441	-0.236116	-0.340932	-0.450789	-0.551452	-0.639025	-0.684439	-0.67009	-0.565432	-0.375926	-0.126456	0.130754	0.378443	0.617171	0.826762	0.982096	1.06284	1.06368	0.963027	0.767928	0.501066	0.216059	-0.0550937	-0.297346	-0.478984	-0.597399	-0.645959	-0.632468	-0.558207	-0.412373	-0.205277	0.0504878	0.330288	0.612407	0.859261	1.01715	1.07563	1.04636	0.932992	0.747457	0.523138	0.287356	0.0329226	-0.230707	-0.457374	-0.613073	-0.682589	-0.668299	-0.599368	-0.506476	-0.401594	-0.289858	-0.188689	-0.118405	-0.0742778	-0.0372263	0	
0	0.000245652	-0.00141406	-0.000248666	-0.00064874	-0.00265969	0.00149285	-0.00341649	-0.000291123	0.000922367	-0.00399179	0.00221654	-0.00177816	-0.00120934	-0.00230454	-0.0020497	-0.00103708	-0.00154949	-0.00268201	-0.00180672	-0.00528167	-0.00306826	-0.00130619	-0.002146	-0.00852769	-0.00552996	0.000385626	-0.00427312	-0.0115993	-0.00236304	-0.00328347	-0.00921206	-0.00796469	-0.00379257	-0.00827622	-0.0102434	-0.0108679	-0.0122695	-0.0161473	-0.0281165	-0.0439712	-0.069312	-0.103635	-0.161551	-0.244082	-0.347047	-0.455713	-0.557914	-0.646422	-0.693911	-0.676425	-0.567391	-0.374613	-0.136368	0.103604	0.337073	0.566263	0.777795	0.941891	1.0419	1.062	0.979119	0.793108	0.534445	0.256597	-0.0165217	-0.253772	-0.433143	-0.546775	-0.586296	-0.577868	-0.510906	-0.368627	-0.163225	0.0925398	0.368081	0.643547	0.880788	1.02607	1.0681	1.01494	0.883778	0.698147	0.481186	0.251581	0.00923616	-0.233899	-0.450723	-0.616332	-0.693603	-0.675439	-0.605506	-0.514703	-0.407814	-0.295852	-0.197286	-0.124802	-0.0748358	-0.035316	0	
0	0.000225598	-0.00293022	0.000521516	-0.00288657	-0.000330257	-0.000237614	-0.00177023	9.22402e-05	-0.00197028	-0.0029989	-0.00156014	-0.00369071	-0.00174408	0.000788625	-0.000514173	-0.00168831	-0.0025323	-0.00124082	-0.00471663	-0.00235907	0.000699632	-0.002146	-0.00750492	-0.00311542	-0.00158865	-0.000922579	-0.00979614	-0.00598752	0.000507691	-0.00507459	-0.011332	-0.00421452	-0.00312183	-0.00915539	-0.0103029	-0.0101355	-0.00950082	-0.017704	-0.0306269	-0.045227	-0.065699	-0.107149	-0.170115	-0.250432	-0.351699	-0.46001	-0.566875	-0.654978	-0.703786	-0.680031	-0.564648	-0.373407	-0.14892	0.0771571	0.296604	0.520326	0.728947	0.898343	1.0123	1.04293	0.974079	0.800996	0.55807	0.292398	0.0274508	-0.204189	-0.375663	-0.471858	-0.503427	-0.496638	-0.439023	-0.312931	-0.116845	0.131746	0.399769	0.662641	0.881192	1.01637	1.04645	0.973789	0.83669	0.655159	0.43714	0.211405	-0.0112688	-0.233215	-0.446508	-0.619333	-0.698441	-0.680873	-0.615186	-0.523409	-0.410571	-0.298597	-0.206034	-0.134126	-0.0752428	-0.0295871	0	
0	0.00187203	0.00172922	0.00381065	0.00122674	0.00203711	-0.000650581	-0.00263398	-0.000999229	-0.00481896	-0.00127486	-0.00189949	-0.00164068	-0.00190988	-0.00399184	-0.00412942	-0.00601091	-0.00304597	-0.00363247	-0.0043498	0.000469006	-0.00428742	-0.00852769	-0.00311542	0.000602198	-0.00580402	-0.00641341	-0.0054501	-0.00237273	-0.0027204	-0.00973592	-0.0077166	-0.00258619	-0.00525645	-0.0117482	-0.0101752	-0.00958477	-0.010226	-0.0222262	-0.0348699	-0.045102	-0.0666332	-0.116346	-0.179716	-0.257397	-0.35559	-0.469186	-0.576331	-0.666701	-0.710736	-0.67915	-0.558328	-0.372767	-0.161348	0.0534716	0.264073	0.481182	0.68297	0.855259	0.968832	1.00419	0.943051	0.78493	0.56885	0.32321	0.0768267	-0.140856	-0.295658	-0.373581	-0.398101	-0.393791	-0.353804	-0.245634	-0.0599394	0.175848	0.426926	0.664147	0.860744	0.983506	1.00264	0.930757	0.798105	0.609584	0.39144	0.181277	-0.0267822	-0.241833	-0.448608	-0.613947	-0.695083	-0.689296	-0.628355	-0.529997	-0.411564	-0.30072	-0.213183	-0.142979	-0.0764543	-0.0240143	0	
0	-0.00101476	-0.00343962	-0.00342091	-0.00269562	-0.00448418	-5.90644e-05	-0.000877923	0.000456694	0.00292988	0.000645284	0.000418078	-0.000315393	-0.0028285	-0.00153887	-0.00237073	-0.00326909	0.000207084	-0.00319318	-0.00463977	-0.00287092	-0.00846893	-0.00552996	-0.00158865	-0.00580402	-0.00994589	-0.00569347	-0.00489964	-0.00754596	-0.00886406	-0.009943	-0.00660608	-0.00704041	-0.0108153	-0.0134008	-0.0106189	-0.0108034	-0.0139654	-0.027079	-0.0350668	-0.0428797	-0.0689602	-0.123648	-0.182671	-0.256404	-0.356073	-0.473203	-0.5828	-0.672117	-0.711016	-0.67226	-0.551877	-0.377894	-0.177645	0.0283244	0.233397	0.441845	0.638261	0.806106	0.914924	0.948255	0.892158	0.757758	0.569494	0.352783	0.129378	-0.0707561	-0.201517	-0.261159	-0.27158	-0.267414	-0.245141	-0.155431	0.00559862	0.216867	0.443312	0.647679	0.818987	0.928298	0.947508	0.885217	0.752248	0.56447	0.360556	0.159653	-0.0481754	-0.257412	-0.449146	-0.603462	-0.691488	-0.698876	-0.63842	-0.53474	-0.415548	-0.304028	-0.216102	-0.14784	-0.0795002	-0.0230387	0	
0	0.000240048	-0.00123192	-0.00045663	9.03775e-07	-0.00217339	0.00100406	-0.00269584	-0.0015888	-0.00192405	-0.00560026	-0.00184657	-0.00438868	-0.00300845	-0.000513054	-0.0015052	6.44679e-05	-0.000471912	-0.00463563	-0.00174231	-0.00369317	-0.00365558	0.000385626	-0.000922579	-0.00641341	-0.00569347	-0.00268794	-0.0022741	-0.00679375	-0.00664985	-0.0047858	-0.00415568	-0.00784414	-0.00894437	-0.00846695	-0.00748824	-0.00923802	-0.0154731	-0.0250165	-0.0306446	-0.0395936	-0.0745306	-0.127446	-0.182966	-0.256097	-0.361084	-0.482656	-0.593166	-0.680963	-0.712102	-0.669348	-0.554046	-0.389826	-0.195262	0.00932923	0.212041	0.413169	0.60289	0.759343	0.85304	0.874947	0.821257	0.708413	0.553117	0.371589	0.180955	0.013914	-0.0884698	-0.124509	-0.122115	-0.123316	-0.114807	-0.0519879	0.0758314	0.257983	0.448018	0.618095	0.762743	0.852985	0.876694	0.828235	0.703579	0.529943	0.337991	0.139305	-0.0666002	-0.271549	-0.453561	-0.59755	-0.687929	-0.702726	-0.643466	-0.541147	-0.423832	-0.307978	-0.214671	-0.147606	-0.0840708	-0.0283705	0	
0	0.00172769	0.00142631	0.00364855	0.00172404	0.00130997	0.000834824	-0.00298054	-0.00229332	-0.00343072	-0.00451495	-0.0021233	-0.00248154	-0.00196724	-0.00202371	-0.00348595	-0.00557281	-0.00654834	-0.00544343	-0.00444648	-0.00322853	-0.000660431	-0.00427312	-0.00979614	-0.0054501	-0.00489964	-0.0022741	-0.0048967	-0.0102521	-0.00767436	-0.00263194	-0.00759648	-0.0116403	-0.00872417	-0.00791679	-0.00984362	-0.0141251	-0.0190626	-0.0251072	-0.0297124	-0.0459999	-0.0833218	-0.131126	-0.183304	-0.259623	-0.369816	-0.4918	-0.602277	-0.683139	-0.708323	-0.664773	-0.558521	-0.400319	-0.20694	-0.000341703	0.197828	0.391055	0.569071	0.704527	0.776881	0.78112	0.731522	0.643011	0.523645	0.386309	0.239477	0.113937	0.0448697	0.0299876	0.0399915	0.0353122	0.0283535	0.0631255	0.157661	0.298905	0.446649	0.579562	0.688459	0.761034	0.789454	0.755366	0.657344	0.507178	0.319642	0.122577	-0.0803668	-0.285513	-0.461231	-0.59706	-0.686112	-0.700698	-0.643841	-0.548938	-0.434271	-0.312521	-0.21156	-0.143479	-0.0884177	-0.0378244	0	
0	-4.29519e-05	-0.00335138	-0.00157639	-0.00335358	-0.00324198	-0.0013032	-0.00168262	0.00129246	0.00105689	0.0021509	0.00189975	-0.000524734	-0.00210224	-0.0040945	-0.00513145	-0.00595774	-0.00264452	-0.00134107	-0.00348768	-0.00426232	-0.00779035	-0.0115993	-0.00598752	-0.00237273	-0.00754596	-0.00679375	-0.0102521	-0.0131719	-0.00471015	-0.00478495	-0.0151134	-0.0140632	-0.0072254	-0.0100154	-0.0151897	-0.0184616	-0.0199201	-0.023039	-0.0322227	-0.053483	-0.0872647	-0.128318	-0.181493	-0.263257	-0.375304	-0.497075	-0.60368	-0.678932	-0.700948	-0.664634	-0.567087	-0.412148	-0.215287	-0.00811636	0.185101	0.37017	0.530471	0.642912	0.687928	0.677607	0.634334	0.568604	0.488627	0.398006	0.302973	0.224345	0.188942	0.193166	0.208077	0.2038	0.187443	0.197492	0.253033	0.341804	0.437166	0.523765	0.597184	0.65559	0.690389	0.682826	0.61613	0.479162	0.298323	0.112591	-0.0860523	-0.292667	-0.470887	-0.608536	-0.688254	-0.691328	-0.640472	-0.55773	-0.443743	-0.316517	-0.210068	-0.139474	-0.0905899	-0.0453886	0	
0	-0.000918827	-0.00246257	-0.00194083	-0.00266114	-0.00232849	-0.000693906	-0.00239643	-0.00107598	-0.00163118	-0.003892	-0.00369938	-0.00378432	-0.00462712	-0.0018441	0.000847053	0.000251926	0.00239177	-0.00252409	-0.00632777	-0.00359937	-0.00471083	-0.00236304	0.000507691	-0.0027204	-0.00886406	-0.00664985	-0.00767436	-0.00471015	-0.00066091	-0.0102428	-0.0149672	-0.00609704	-0.00277507	-0.0120097	-0.0152268	-0.0153764	-0.013361	-0.0194689	-0.0339681	-0.0559914	-0.0819882	-0.121764	-0.180621	-0.267678	-0.380198	-0.500621	-0.603867	-0.675697	-0.702474	-0.67595	-0.584517	-0.425226	-0.222773	-0.0135106	0.176911	0.352623	0.494649	0.578759	0.59746	0.573673	0.533002	0.486761	0.441281	0.399896	0.36253	0.338437	0.342356	0.366706	0.392094	0.387585	0.358409	0.343435	0.350515	0.377191	0.415839	0.456914	0.504726	0.554076	0.590576	0.600064	0.557398	0.444775	0.287135	0.112489	-0.0856977	-0.297106	-0.487174	-0.625974	-0.687502	-0.681632	-0.640945	-0.56369	-0.446089	-0.319084	-0.214069	-0.140347	-0.0888666	-0.0443531	0	
0	0.00229283	0.00105794	0.00366933	0.00310487	0.000894929	0.00194988	-0.00199857	-0.00292129	-0.00433763	-0.0059722	-0.00400144	-0.00424952	-0.00251355	-0.000767193	-0.00440605	-0.00624277	-0.00692485	-0.0090199	-0.00568088	-0.00305905	-0.00370216	-0.00328347	-0.00507459	-0.00973592	-0.009943	-0.0047858	-0.00263194	-0.00478495	-0.0102428	-0.0142223	-0.00797225	-0.00282718	-0.00983615	-0.0168642	-0.0158208	-0.0135134	-0.0142657	-0.0248582	-0.0431317	-0.0590068	-0.0804751	-0.12416	-0.189658	-0.277691	-0.387465	-0.504234	-0.602412	-0.6744	-0.708517	-0.689734	-0.595308	-0.428474	-0.219389	-0.011018	0.174471	0.336239	0.452062	0.506079	0.499093	0.464232	0.426231	0.397636	0.388223	0.400878	0.42802	0.46122	0.505139	0.550701	0.580162	0.571759	0.531551	0.486007	0.444936	0.416528	0.398292	0.394419	0.414462	0.446678	0.48224	0.508047	0.492815	0.414418	0.280631	0.111594	-0.0869586	-0.302961	-0.499074	-0.634122	-0.690744	-0.687271	-0.643564	-0.557905	-0.441303	-0.323099	-0.223356	-0.146009	-0.0836655	-0.0342255	0	
0	-9.68194e-05	-0.000502936	-0.000448603	-0.00187508	-0.00219516	-0.00189251	-0.00362965	-0.000893275	-6.24019e-05	7.30337e-05	0.0019181	0.000608442	-0.00233803	-0.00486173	-0.00539785	-0.00648101	-0.00457402	-0.00404852	-0.00291349	-0.00361508	-0.00636772	-0.00921206	-0.011332	-0.0077166	-0.00660608	-0.00415568	-0.00759648	-0.0151134	-0.0149672	-0.00797225	-0.00550914	-0.0126437	-0.0172709	-0.017131	-0.01402	-0.014495	-0.0176019	-0.0319154	-0.0460981	-0.0546058	-0.0765216	-0.126903	-0.195007	-0.279506	-0.385551	-0.498067	-0.594838	-0.673317	-0.718069	-0.702142	-0.602391	-0.42753	-0.218093	-0.0118173	0.165126	0.308121	0.398492	0.424975	0.402237	0.361674	0.327268	0.316182	0.341614	0.407271	0.494459	0.582159	0.663457	0.728277	0.765853	0.754641	0.700902	0.630532	0.548076	0.461006	0.380794	0.329272	0.320666	0.342211	0.380792	0.419005	0.428697	0.379287	0.263019	0.102886	-0.0892621	-0.301619	-0.496042	-0.638832	-0.710167	-0.703353	-0.638366	-0.544758	-0.438021	-0.327725	-0.230834	-0.152113	-0.079151	-0.023056	0	
0	-0.000749928	-0.00529636	-0.00327293	-0.00426027	-0.00442557	-0.000589396	-0.00122826	0.000521977	0.000203611	-0.00149931	-0.00218449	-0.00452755	-0.00440998	-0.00247563	-0.00303178	-0.00245773	-0.000602129	-0.00132582	-0.00470697	-0.00661136	-0.00796133	-0.00796469	-0.00421452	-0.00258619	-0.00704041	-0.00784414	-0.0116403	-0.0140632	-0.00609704	-0.00282718	-0.0126437	-0.0174722	-0.013479	-0.0116068	-0.0130902	-0.0146505	-0.0212407	-0.034423	-0.0417703	-0.0477094	-0.0766585	-0.132734	-0.198135	-0.278459	-0.381173	-0.491637	-0.592686	-0.681618	-0.733612	-0.714632	-0.605715	-0.427856	-0.218172	-0.0171434	0.148512	0.272109	0.337343	0.34712	0.31577	0.272783	0.24298	0.246215	0.302405	0.414385	0.553553	0.688369	0.808951	0.901335	0.951226	0.940819	0.87289	0.769186	0.639821	0.498294	0.365007	0.271416	0.237658	0.252635	0.294352	0.338227	0.358424	0.325465	0.231336	0.09325	-0.0861402	-0.293562	-0.491518	-0.650053	-0.731234	-0.712615	-0.633179	-0.539888	-0.437185	-0.326604	-0.231226	-0.154776	-0.079552	-0.0209275	0	
0	0.000949568	0.00169857	0.00251804	0.00147923	0.00101084	0.000176515	-0.00375153	-0.00329118	-0.00526815	-0.00677892	-0.00499531	-0.00459626	-0.00457717	-0.00369172	-0.00172074	-0.00329489	-0.00288324	-0.00695162	-0.0081379	-0.00503098	-0.00434759	-0.00379257	-0.00312183	-0.00525645	-0.0108153	-0.00894437	-0.00872417	-0.0072254	-0.00277507	-0.00983615	-0.0172709	-0.013479	-0.00770951	-0.0120123	-0.0137121	-0.0176712	-0.0250047	-0.0332179	-0.0351203	-0.0466125	-0.0840424	-0.139035	-0.199134	-0.275676	-0.376758	-0.489205	-0.598568	-0.697277	-0.748871	-0.720976	-0.605888	-0.425849	-0.219896	-0.0250125	0.125954	0.227854	0.275684	0.274511	0.2395	0.196107	0.169262	0.186749	0.272413	0.423809	0.607001	0.787507	0.946874	1.06809	1.1341	1.11719	1.02429	0.88804	0.719455	0.53458	0.359774	0.231973	0.177515	0.182597	0.217564	0.258291	0.282308	0.264014	0.195563	0.0807764	-0.0880324	-0.293398	-0.493588	-0.654629	-0.735207	-0.718627	-0.642977	-0.544584	-0.432443	-0.319627	-0.225645	-0.151786	-0.0851925	-0.0312466	0	
0	0.00134697	-0.00164386	0.00107017	-0.0001508	-0.00170301	0.000474259	-0.00201276	-0.00143929	-0.00186462	-0.00300431	-0.00175562	-0.00335708	-0.00281784	-0.00179436	-0.00619418	-0.00841012	-0.00844084	-0.00846958	-0.00749232	-0.0049674	-0.00693751	-0.00827622	-0.00915539	-0.0117482	-0.0134008	-0.00846695	-0.00791679	-0.0100154	-0.0120097	-0.0168642	-0.017131	-0.0116068	-0.0120123	-0.0164772	-0.019363	-0.0250228	-0.0290652	-0.030113	-0.0347218	-0.0560699	-0.0942866	-0.142797	-0.196494	-0.271143	-0.372082	-0.48934	-0.607964	-0.708542	-0.752778	-0.716846	-0.599237	-0.424523	-0.224495	-0.0437535	0.0871964	0.170761	0.206577	0.204668	0.172532	0.133644	0.117564	0.153884	0.264629	0.445366	0.65918	0.870362	1.06393	1.21553	1.29525	1.27426	1.16059	0.989708	0.785709	0.572299	0.371229	0.216406	0.137056	0.124844	0.152529	0.190996	0.214921	0.203658	0.149912	0.0509579	-0.104782	-0.300834	-0.493457	-0.647063	-0.729812	-0.728321	-0.660265	-0.551149	-0.427504	-0.311689	-0.215602	-0.145226	-0.0932126	-0.0460295	0	
0	-0.000588707	-0.00105122	-0.00127446	-0.00267867	-0.00284145	-0.00246496	-0.00471994	-0.00177704	-0.0018662	-0.00181201	-6.01866e-05	-0.00149972	-0.00359635	-0.00625235	-0.00602756	-0.00601283	-0.0038549	-0.00536269	-0.00478914	-0.00530123	-0.00854448	-0.0102434	-0.0103029	-0.0101752	-0.0106189	-0.00748824	-0.00984362	-0.0151897	-0.0152268	-0.0158208	-0.01402	-0.0130902	-0.0137121	-0.019363	-0.0238282	-0.0271071	-0.0228479	-0.0244727	-0.0393668	-0.0638062	-0.0958037	-0.136357	-0.188568	-0.263402	-0.368299	-0.494691	-0.618105	-0.714997	-0.750517	-0.711922	-0.599946	-0.431607	-0.24389	-0.0796801	0.0338895	0.106401	0.144063	0.148292	0.123943	0.0960811	0.0938101	0.147515	0.276461	0.471648	0.70099	0.936572	1.15877	1.33741	1.43426	1.40834	1.27159	1.0731	0.844846	0.61111	0.390951	0.217926	0.12122	0.092963	0.108955	0.140556	0.158822	0.142255	0.0896054	0.00328547	-0.133378	-0.312806	-0.493098	-0.639189	-0.724207	-0.732646	-0.671133	-0.56006	-0.428435	-0.303378	-0.2051	-0.142278	-0.0977513	-0.050543	0	
0	-0.000462652	-0.00461209	-0.0027768	-0.00373448	-0.00435342	-0.000976784	-0.00206792	-0.000666933	-0.00130469	-0.00366762	-0.00375443	-0.00704719	-0.00657612	-0.00415294	-0.0054353	-0.00547756	-0.00511643	-0.00531306	-0.00805759	-0.00831744	-0.0108146	-0.0108679	-0.0101355	-0.00958477	-0.0108034	-0.00923802	-0.0141251	-0.0184616	-0.0153764	-0.0135134	-0.014495	-0.0146505	-0.0176712	-0.0250228	-0.0271071	-0.0221325	-0.0175457	-0.0303528	-0.050433	-0.069283	-0.0921783	-0.131564	-0.183833	-0.261501	-0.373752	-0.505416	-0.626419	-0.71275	-0.743074	-0.708646	-0.603829	-0.447859	-0.27506	-0.130293	-0.029934	0.0432845	0.0884226	0.104357	0.0938628	0.0822862	0.100127	0.170987	0.306951	0.504286	0.737275	0.983072	1.22727	1.43039	1.54029	1.51349	1.36178	1.13794	0.88712	0.642616	0.42112	0.245257	0.135923	0.0902051	0.0900242	0.106531	0.111076	0.0830322	0.0242097	-0.0568082	-0.17571	-0.333594	-0.499194	-0.638672	-0.719466	-0.726792	-0.671754	-0.567653	-0.43218	-0.299274	-0.20295	-0.143906	-0.0918654	-0.0392041	0	
0	0.000701196	0.00089794	0.00183594	0.000490577	-0.000179921	-0.000672537	-0.0054021	-0.00466639	-0.00737743	-0.00883314	-0.00727882	-0.00778538	-0.00719908	-0.00782651	-0.00723111	-0.00707215	-0.00649109	-0.010463	-0.0115357	-0.0113951	-0.0126857	-0.0122695	-0.00950082	-0.010226	-0.0139654	-0.0154731	-0.0190626	-0.0199201	-0.013361	-0.0142657	-0.0176019	-0.0212407	-0.0250047	-0.0290652	-0.0228479	-0.0175457	-0.0241494	-0.0436513	-0.0582111	-0.066572	-0.0885413	-0.128767	-0.183168	-0.266482	-0.385084	-0.516127	-0.625747	-0.704721	-0.736808	-0.710747	-0.618198	-0.476102	-0.323007	-0.193468	-0.0947306	-0.0129475	0.0470315	0.0779176	0.084518	0.0959224	0.134123	0.214858	0.350929	0.540475	0.767807	1.02014	1.27619	1.49141	1.60971	1.57888	1.41407	1.17741	0.920212	0.677734	0.462564	0.292102	0.18118	0.12035	0.0950013	0.088544	0.0756133	0.0309242	-0.0405311	-0.122643	-0.22951	-0.368707	-0.519009	-0.647983	-0.717402	-0.715051	-0.659721	-0.563748	-0.43732	-0.309085	-0.210147	-0.140352	-0.0765236	-0.0241361	0	
0	0.00117018	-0.000801046	0.000764634	-0.000371824	-0.00242731	-0.00150581	-0.00449485	-0.00446299	-0.00579078	-0.00789645	-0.00651682	-0.00957568	-0.00890819	-0.00799088	-0.0112046	-0.0142675	-0.0171467	-0.0183772	-0.0198621	-0.016939	-0.0174789	-0.0161473	-0.017704	-0.0222262	-0.027079	-0.0250165	-0.0251072	-0.023039	-0.0194689	-0.0248582	-0.0319154	-0.034423	-0.0332179	-0.030113	-0.0244727	-0.0303528	-0.0436513	-0.0581365	-0.0608165	-0.067652	-0.0911393	-0.133302	-0.190303	-0.279266	-0.398225	-0.516506	-0.614698	-0.691059	-0.730847	-0.71715	-0.638428	-0.517759	-0.383612	-0.263046	-0.159178	-0.0621953	0.0132828	0.0624617	0.0949779	0.134269	0.194226	0.283645	0.411887	0.587635	0.803039	1.04556	1.29762	1.51219	1.62832	1.59735	1.43461	1.19872	0.944614	0.712518	0.515241	0.36141	0.252716	0.177164	0.125674	0.0889902	0.0513578	-0.0086411	-0.0919787	-0.18583	-0.29601	-0.424349	-0.5567	-0.667331	-0.7184	-0.699953	-0.637496	-0.550601	-0.444799	-0.327031	-0.215993	-0.129094	-0.06368	-0.0194866	0	
