0	0	0	0	0	0	0	0	0	0	0	0	0	0	0	0	0	0	0	0	0	0	0	0	0	0	0	0	0	0	0	0	0	0	0	0	0	0	0	0	0	0	0	0	0	0	0	0	0	0	0	0	0	0	0	0	0	0	0	0	0	0	0	0	0	0	0	0	0	0	0	0	0	0	0	0	0	0	0	0	0	0	0	0	0	0	0	0	0	0	0	0	0	0	0	0	0	0	0	0	
0	-0.00945733	-0.0131663	-0.0126598	-0.0126912	-0.0176742	-0.0236165	-0.028552	-0.0291687	-0.0278895	-0.0243095	-0.0195542	-0.0158667	-0.0119483	-0.00968671	-0.00640015	-0.00420672	-1.51037e-05	0.0102633	0.0248102	0.0380233	0.0438486	0.0417195	0.0350204	0.0206778	-0.00131025	-0.027755	-0.0556257	-0.0789892	-0.0957798	-0.100451	-0.0924508	-0.0722942	-0.0441968	-0.0121658	0.018943	0.0512784	0.0799526	0.105522	0.12384	0.138235	0.14877	0.153518	0.155202	0.155804	0.144587	0.120688	0.0845666	0.0360624	-0.02167	-0.0826292	-0.141418	-0.194231	-0.237071	-0.265792	-0.280372	-0.281754	-0.270013	-0.243721	-0.203289	-0.153103	-0.0976405	-0.042595	0.00968021	0.0617915	0.110444	0.150312	0.181156	0.20082	0.20754	0.202539	0.187687	0.16013	0.123532	0.0766622	0.0219086	-0.0318315	-0.0880622	-0.145623	-0.198999	-0.242524	-0.274281	-0.294479	-0.300083	-0.288104	-0.258393	-0.214931	-0.161265	-0.101791	-0.0392517	0.0209343	0.0716683	0.109179	0.13266	0.143655	0.136585	0.114252	0.084437	0.0447858	0	
0	-0.0131663	-0.0143752	-0.00902962	-0.00375856	-0.010106	-0.0189309	-0.0257144	-0.0271459	-0.022665	-0.0180002	-0.00900554	-0.00468802	-0.000351722	0.00103281	0.00274039	0.00332241	0.00790767	0.0239338	0.0501529	0.0738343	0.083221	0.0799797	0.0662033	0.0407943	0.000676804	-0.0480299	-0.0975957	-0.139286	-0.167695	-0.173313	-0.153967	-0.113699	-0.0569933	0.00504939	0.0647511	0.125163	0.179933	0.224159	0.256617	0.280594	0.295617	0.301277	0.303635	0.301972	0.278838	0.234313	0.163057	0.0704804	-0.0369981	-0.148629	-0.258385	-0.355724	-0.434769	-0.485481	-0.510727	-0.514876	-0.498361	-0.452876	-0.381519	-0.292827	-0.196321	-0.0982583	-0.00372237	0.0903655	0.180876	0.253983	0.313796	0.350991	0.364969	0.357795	0.330481	0.282371	0.215233	0.131005	0.032471	-0.06463	-0.163294	-0.265516	-0.359242	-0.43643	-0.494524	-0.530583	-0.541548	-0.523913	-0.476898	-0.40401	-0.310912	-0.206651	-0.0954671	0.011186	0.104259	0.177192	0.222366	0.245871	0.23774	0.198456	0.146434	0.0787894	0	
0	-0.0126598	-0.00902962	0.00578511	0.0180241	0.0141739	0.00557719	-0.00216489	-0.000130262	0.00535296	0.0143757	0.02458	0.0289261	0.0313614	0.0273113	0.0247078	0.0192189	0.0199189	0.0392663	0.0728759	0.105132	0.118695	0.112561	0.0957806	0.0604027	0.00575004	-0.0601201	-0.128199	-0.182723	-0.217879	-0.218898	-0.184727	-0.118716	-0.0326995	0.060045	0.146009	0.230826	0.302014	0.360536	0.396765	0.420138	0.432206	0.429281	0.420403	0.41156	0.374764	0.307664	0.21155	0.0871693	-0.0569913	-0.205403	-0.345027	-0.468294	-0.566856	-0.631794	-0.665986	-0.673722	-0.65495	-0.603424	-0.518564	-0.409344	-0.286508	-0.162968	-0.0440992	0.0783198	0.196289	0.294743	0.372826	0.423771	0.443407	0.434454	0.402151	0.339484	0.255445	0.147086	0.0210635	-0.0988784	-0.222917	-0.349978	-0.467171	-0.561559	-0.630768	-0.677806	-0.696126	-0.67816	-0.622575	-0.537328	-0.428978	-0.305727	-0.170916	-0.0362764	0.081509	0.173084	0.235907	0.273671	0.269664	0.229591	0.173309	0.09311	0	
0	-0.0126912	-0.00375856	0.0180241	0.037325	0.0346708	0.0246495	0.01715	0.0182027	0.0275849	0.0365628	0.0500829	0.0535909	0.0539208	0.0467284	0.0394876	0.0300899	0.0293206	0.0512618	0.0936758	0.133874	0.149133	0.14232	0.117938	0.0740355	0.00463606	-0.0788165	-0.162233	-0.2285	-0.26726	-0.26134	-0.208336	-0.115907	0.00339766	0.128215	0.242481	0.349476	0.43809	0.500484	0.53273	0.543876	0.535977	0.510205	0.481989	0.454384	0.398923	0.316464	0.200013	0.0588532	-0.097546	-0.25312	-0.400932	-0.528268	-0.63063	-0.695336	-0.730237	-0.743838	-0.735956	-0.689649	-0.603583	-0.489436	-0.361377	-0.229729	-0.100794	0.0322733	0.163739	0.271377	0.359948	0.416012	0.43837	0.430626	0.395665	0.331154	0.239915	0.122789	-0.0143496	-0.144752	-0.274747	-0.409202	-0.530538	-0.626225	-0.695211	-0.737526	-0.752616	-0.735258	-0.683253	-0.602509	-0.498526	-0.380808	-0.249921	-0.11877	0.000170406	0.0995374	0.169407	0.218035	0.226958	0.194987	0.149467	0.0829358	0	
0	-0.0176742	-0.010106	0.0141739	0.0346708	0.0297032	0.0167983	0.00541956	0.00812832	0.0173355	0.0307484	0.0464643	0.0522627	0.0533744	0.0444076	0.0367483	0.0268398	0.0275188	0.0572435	0.109723	0.160564	0.18183	0.172751	0.144928	0.089329	0.00434906	-0.0983769	-0.201841	-0.281859	-0.326794	-0.314436	-0.24276	-0.120805	0.0329545	0.192578	0.335406	0.465297	0.564163	0.62884	0.648235	0.636263	0.599351	0.539326	0.476385	0.423806	0.349249	0.250953	0.130649	-0.00908711	-0.159402	-0.304028	-0.432068	-0.541968	-0.62886	-0.684771	-0.718482	-0.737317	-0.738214	-0.704944	-0.632445	-0.527849	-0.4057	-0.281051	-0.161181	-0.0341024	0.0919751	0.196335	0.279165	0.331842	0.352091	0.343505	0.313191	0.252447	0.168673	0.0564962	-0.0754249	-0.196114	-0.31895	-0.444599	-0.55678	-0.639587	-0.693444	-0.727152	-0.737312	-0.717984	-0.669553	-0.60091	-0.518265	-0.427067	-0.322678	-0.212949	-0.112207	-0.0275791	0.0398454	0.0965596	0.118411	0.108879	0.0916495	0.0525641	0	
0	-0.0236165	-0.0189309	0.00557719	0.0246495	0.0167983	-0.00243755	-0.0165223	-0.0170997	-0.00630071	0.00776195	0.0266453	0.0345605	0.0363871	0.0282449	0.0213368	0.0139995	0.0207539	0.0594346	0.125361	0.188294	0.215395	0.208246	0.173525	0.108954	0.00704654	-0.116001	-0.239033	-0.33572	-0.387849	-0.371543	-0.284209	-0.136034	0.0492726	0.23984	0.410071	0.557003	0.665433	0.724868	0.726962	0.687173	0.615208	0.517689	0.423822	0.346555	0.257213	0.156187	0.0383308	-0.0873254	-0.214299	-0.329657	-0.431239	-0.513026	-0.577085	-0.614743	-0.638072	-0.657539	-0.670911	-0.655409	-0.599753	-0.514771	-0.416734	-0.318906	-0.22534	-0.124005	-0.0207607	0.0634225	0.13107	0.172504	0.187511	0.180122	0.156103	0.110248	0.0437968	-0.0478436	-0.157204	-0.254827	-0.350357	-0.451548	-0.541653	-0.605036	-0.642546	-0.66036	-0.664121	-0.648672	-0.611697	-0.563739	-0.508227	-0.449468	-0.380533	-0.306352	-0.236001	-0.170295	-0.112189	-0.0538643	-0.0167301	-0.00332929	0.0104242	0.0115569	0	
0	-0.028552	-0.0257144	-0.00216489	0.01715	0.00541956	-0.0165223	-0.0346399	-0.035108	-0.0242413	-0.00743257	0.0138456	0.0239729	0.026404	0.0178222	0.0111703	0.00656047	0.0186704	0.067492	0.145428	0.220747	0.25605	0.250246	0.213389	0.138898	0.0236895	-0.118197	-0.261023	-0.372741	-0.433362	-0.414878	-0.313372	-0.144389	0.0670124	0.282443	0.469993	0.627385	0.735125	0.783751	0.764763	0.696373	0.59196	0.464708	0.34688	0.257722	0.168607	0.0749301	-0.0256425	-0.130751	-0.234794	-0.325015	-0.39535	-0.451	-0.490847	-0.508521	-0.518766	-0.533481	-0.550164	-0.546157	-0.514044	-0.45869	-0.396809	-0.340438	-0.292598	-0.236774	-0.173319	-0.121249	-0.0793065	-0.0551149	-0.0481748	-0.0547818	-0.0680538	-0.0941548	-0.131996	-0.189503	-0.258271	-0.311823	-0.365707	-0.427339	-0.484546	-0.522521	-0.543224	-0.557216	-0.563853	-0.557496	-0.537934	-0.511595	-0.484279	-0.459199	-0.424325	-0.381653	-0.33915	-0.297525	-0.253989	-0.198416	-0.152989	-0.117908	-0.0718758	-0.0319188	0	
0	-0.0291687	-0.0271459	-0.000130262	0.0182027	0.00812832	-0.0170997	-0.035108	-0.0359056	-0.0235577	-0.0038994	0.0192201	0.0316359	0.0333576	0.023625	0.0160372	0.0132093	0.0306975	0.0876898	0.176544	0.262087	0.304651	0.301499	0.260438	0.179262	0.0502469	-0.108372	-0.268214	-0.395703	-0.462566	-0.441364	-0.32908	-0.139719	0.0922971	0.324584	0.524546	0.680814	0.779267	0.810229	0.76667	0.669775	0.541198	0.394851	0.26901	0.181739	0.106676	0.0330548	-0.0460468	-0.126915	-0.206948	-0.276051	-0.33068	-0.367215	-0.38742	-0.387241	-0.381822	-0.386156	-0.402123	-0.412385	-0.401119	-0.37766	-0.358958	-0.356348	-0.365607	-0.364635	-0.352856	-0.341728	-0.332917	-0.330122	-0.332607	-0.338395	-0.33881	-0.339312	-0.341456	-0.354756	-0.372595	-0.373051	-0.371869	-0.384804	-0.405033	-0.418253	-0.425212	-0.43419	-0.450169	-0.461331	-0.459881	-0.457073	-0.454155	-0.451333	-0.441867	-0.426226	-0.411696	-0.39428	-0.366207	-0.320213	-0.27169	-0.219334	-0.148058	-0.0729925	0	
0	-0.0278895	-0.022665	0.00535296	0.0275849	0.0173355	-0.00630071	-0.0242413	-0.0235577	-0.00853603	0.0139252	0.0400266	0.0547132	0.056016	0.0455871	0.0371229	0.0366584	0.0602743	0.124991	0.222792	0.31691	0.364374	0.361802	0.315804	0.224036	0.0823849	-0.0933447	-0.270485	-0.41017	-0.483008	-0.458818	-0.33314	-0.128037	0.121738	0.368744	0.573139	0.725541	0.812017	0.821941	0.754425	0.634281	0.48318	0.326116	0.201148	0.125737	0.0730354	0.0264433	-0.0262348	-0.0864558	-0.15031	-0.204756	-0.242307	-0.266441	-0.274498	-0.260943	-0.244387	-0.24396	-0.264064	-0.284628	-0.297524	-0.307849	-0.332301	-0.378466	-0.439881	-0.495982	-0.535472	-0.568692	-0.594666	-0.616091	-0.630725	-0.633967	-0.620886	-0.59319	-0.557833	-0.525987	-0.491374	-0.440598	-0.390017	-0.356419	-0.337855	-0.323843	-0.315495	-0.320577	-0.33862	-0.359287	-0.376078	-0.389958	-0.405626	-0.426345	-0.439872	-0.446615	-0.452866	-0.454992	-0.445891	-0.412952	-0.365868	-0.304943	-0.214334	-0.107851	0	
0	-0.0243095	-0.0180002	0.0143757	0.0365628	0.0307484	0.00776195	-0.00743257	-0.0038994	0.0139252	0.0414314	0.0701345	0.0880204	0.0889786	0.0776174	0.0674387	0.0694853	0.0976244	0.169258	0.273916	0.373301	0.42591	0.422657	0.370887	0.269658	0.113451	-0.0792028	-0.272876	-0.428074	-0.505872	-0.478349	-0.341959	-0.118244	0.149281	0.408081	0.619631	0.765673	0.837244	0.828346	0.741238	0.600134	0.437575	0.276649	0.155705	0.090453	0.058117	0.0316252	-0.000134387	-0.0394231	-0.0835344	-0.123103	-0.150101	-0.161549	-0.15592	-0.135475	-0.117904	-0.121727	-0.152101	-0.196622	-0.236893	-0.277003	-0.333941	-0.418106	-0.521174	-0.617863	-0.700142	-0.769585	-0.828563	-0.873141	-0.898297	-0.901752	-0.87523	-0.82327	-0.755377	-0.685559	-0.611064	-0.520949	-0.430828	-0.360042	-0.309631	-0.268576	-0.236732	-0.224661	-0.237107	-0.259666	-0.282064	-0.312024	-0.34822	-0.386018	-0.420962	-0.450747	-0.47954	-0.502273	-0.504513	-0.479957	-0.434191	-0.361634	-0.256952	-0.132978	0	
0	-0.0195542	-0.00900554	0.02458	0.0500829	0.0464643	0.0266453	0.0138456	0.0192201	0.0400266	0.0701345	0.100652	0.120005	0.119447	0.106271	0.0947781	0.0980355	0.132804	0.209822	0.3202	0.423785	0.47841	0.474404	0.415718	0.303281	0.134514	-0.0730485	-0.281462	-0.446592	-0.527974	-0.496617	-0.348676	-0.111676	0.167918	0.436791	0.650325	0.791537	0.854614	0.832718	0.732952	0.582322	0.409049	0.245391	0.127957	0.0703686	0.0503553	0.0410194	0.025526	-0.000223413	-0.0307092	-0.0530241	-0.0611862	-0.0586899	-0.0456277	-0.0241327	-0.012624	-0.0321843	-0.0871782	-0.158214	-0.227323	-0.296559	-0.38051	-0.488393	-0.611299	-0.732548	-0.837596	-0.928015	-1.00395	-1.06054	-1.09326	-1.09453	-1.06207	-0.995812	-0.910559	-0.820668	-0.722817	-0.613416	-0.501657	-0.404774	-0.325577	-0.256791	-0.199068	-0.162221	-0.153596	-0.166309	-0.193145	-0.233767	-0.288616	-0.353895	-0.415875	-0.46754	-0.510659	-0.539808	-0.546168	-0.522826	-0.470616	-0.391281	-0.279602	-0.14314	0	
0	-0.0158667	-0.00468802	0.0289261	0.0535909	0.0522627	0.0345605	0.0239729	0.0316359	0.0547132	0.0880204	0.120005	0.140621	0.138208	0.123665	0.108836	0.114845	0.153509	0.236942	0.35211	0.459143	0.519632	0.517495	0.457375	0.339454	0.162324	-0.0554486	-0.275108	-0.450948	-0.536297	-0.503751	-0.349129	-0.102229	0.186556	0.460697	0.675689	0.81182	0.864956	0.832806	0.727395	0.570355	0.39505	0.233813	0.118494	0.061239	0.0476459	0.0441206	0.0388931	0.0258784	0.0112988	0.00166204	0.00249122	0.0110753	0.0275957	0.0427397	0.0388379	-0.000351764	-0.0770356	-0.174679	-0.27098	-0.361775	-0.46042	-0.578712	-0.708753	-0.832537	-0.937981	-1.02535	-1.09803	-1.15184	-1.18255	-1.18482	-1.15489	-1.09246	-1.01058	-0.920325	-0.820008	-0.70483	-0.582735	-0.47033	-0.371364	-0.281062	-0.199602	-0.141867	-0.117202	-0.119164	-0.143853	-0.193664	-0.2646	-0.345102	-0.425409	-0.494995	-0.548704	-0.580964	-0.580713	-0.547492	-0.48479	-0.393201	-0.276803	-0.142731	0	
0	-0.0119483	-0.000351722	0.0313614	0.0539208	0.0533744	0.0363871	0.026404	0.0333576	0.056016	0.0889786	0.119447	0.138208	0.133402	0.116008	0.101433	0.110265	0.159071	0.251556	0.37651	0.491421	0.561411	0.566926	0.509615	0.389784	0.208752	-0.0161334	-0.243887	-0.428764	-0.519342	-0.489213	-0.334695	-0.0866361	0.201511	0.473538	0.686235	0.817315	0.865997	0.830962	0.725231	0.568166	0.390665	0.228625	0.11263	0.0560238	0.0455631	0.0515969	0.0564287	0.0515428	0.0427388	0.038481	0.0388078	0.0416646	0.0469489	0.0447015	0.0236358	-0.033447	-0.126632	-0.240738	-0.350234	-0.452702	-0.557921	-0.675655	-0.796871	-0.906816	-0.994228	-1.05981	-1.10926	-1.14369	-1.16455	-1.16485	-1.14418	-1.0976	-1.03512	-0.9623	-0.875287	-0.771888	-0.654749	-0.540758	-0.436097	-0.339618	-0.252805	-0.186949	-0.152832	-0.148737	-0.170233	-0.219384	-0.29325	-0.379268	-0.466531	-0.539277	-0.58921	-0.611936	-0.599501	-0.55393	-0.478286	-0.378812	-0.262616	-0.133401	0	
0	-0.00968671	0.00103281	0.0273113	0.0467284	0.0444076	0.0282449	0.0178222	0.023625	0.0455871	0.0776174	0.106271	0.123665	0.116008	0.0990644	0.0841816	0.100429	0.159399	0.265973	0.403107	0.530708	0.616275	0.636175	0.589664	0.474399	0.293038	0.0647472	-0.174452	-0.37204	-0.476983	-0.460256	-0.315649	-0.0756682	0.205097	0.475101	0.684464	0.815396	0.86317	0.827519	0.72432	0.569798	0.391249	0.230656	0.115446	0.0579071	0.0511244	0.0631266	0.0778524	0.0785207	0.0713231	0.0592669	0.0445667	0.0265825	0.00919829	-0.01387	-0.0535477	-0.122035	-0.221876	-0.336246	-0.445936	-0.545269	-0.639797	-0.741352	-0.839948	-0.925103	-0.983633	-1.02085	-1.04289	-1.05562	-1.06549	-1.06363	-1.05232	-1.02516	-0.986983	-0.938283	-0.876077	-0.795707	-0.700144	-0.603752	-0.512144	-0.430309	-0.357117	-0.304038	-0.276999	-0.273539	-0.29422	-0.335369	-0.39487	-0.463977	-0.532879	-0.589192	-0.622659	-0.627582	-0.599664	-0.54115	-0.455721	-0.352783	-0.240388	-0.12105	0	
0	-0.00640015	0.00274039	0.0247078	0.0394876	0.0367483	0.0213368	0.0111703	0.0160372	0.0371229	0.0674387	0.0947781	0.108836	0.101433	0.0841816	0.0743538	0.0984475	0.173083	0.295541	0.449905	0.592247	0.696444	0.733359	0.698748	0.587396	0.40498	0.166944	-0.0851183	-0.304417	-0.430629	-0.434479	-0.309057	-0.0841157	0.188019	0.45042	0.661824	0.796512	0.848073	0.817657	0.721913	0.569593	0.391844	0.232419	0.117237	0.0622667	0.0596002	0.0812364	0.101819	0.102308	0.0868841	0.0607041	0.0216535	-0.0215022	-0.0591068	-0.10248	-0.154716	-0.228616	-0.322256	-0.42804	-0.523997	-0.604228	-0.673898	-0.744063	-0.811525	-0.864153	-0.896423	-0.913694	-0.917993	-0.919353	-0.923247	-0.920375	-0.914023	-0.899491	-0.880573	-0.855072	-0.823036	-0.778825	-0.721426	-0.663531	-0.60765	-0.557039	-0.513753	-0.485224	-0.473348	-0.477314	-0.493829	-0.523207	-0.561267	-0.594999	-0.628316	-0.650519	-0.648587	-0.626154	-0.579427	-0.508853	-0.420663	-0.320144	-0.214697	-0.108369	0	
0	-0.00420672	0.00332241	0.0192189	0.0300899	0.0268398	0.0139995	0.00656047	0.0132093	0.0366584	0.0694853	0.0980355	0.114845	0.110265	0.100429	0.0984475	0.136486	0.227276	0.369825	0.540013	0.698418	0.818744	0.870389	0.844798	0.732666	0.54009	0.288377	0.0099159	-0.236578	-0.393781	-0.426408	-0.323139	-0.112339	0.149809	0.416179	0.632603	0.777572	0.837894	0.813355	0.720844	0.572979	0.395052	0.236588	0.125402	0.07399	0.0744902	0.0981334	0.120718	0.113501	0.0828749	0.0353884	-0.0241227	-0.0853905	-0.141362	-0.194681	-0.250341	-0.318586	-0.402619	-0.487353	-0.557056	-0.60906	-0.643053	-0.675532	-0.704532	-0.728753	-0.742026	-0.751048	-0.752307	-0.75313	-0.761714	-0.761462	-0.759039	-0.755148	-0.750512	-0.745513	-0.74519	-0.741125	-0.733325	-0.72595	-0.714877	-0.708533	-0.703695	-0.704748	-0.711277	-0.722439	-0.739262	-0.752377	-0.758975	-0.755941	-0.741622	-0.71354	-0.669826	-0.613008	-0.546645	-0.469825	-0.382898	-0.291722	-0.19642	-0.0982793	0	
0	-1.51037e-05	0.00790767	0.0199189	0.0293206	0.0275188	0.0207539	0.0186704	0.0306975	0.0602743	0.0976244	0.132804	0.153509	0.159071	0.159399	0.173083	0.227276	0.339741	0.50266	0.692134	0.865	0.999141	1.06181	1.03828	0.915867	0.704885	0.422884	0.11164	-0.174909	-0.370234	-0.433329	-0.352284	-0.153127	0.112427	0.385404	0.617327	0.778372	0.847671	0.827698	0.739499	0.591685	0.413766	0.258339	0.148671	0.0980419	0.0936297	0.114264	0.127319	0.106782	0.0615554	0.000782778	-0.0764241	-0.15237	-0.2119	-0.266445	-0.318664	-0.377451	-0.438639	-0.495958	-0.536917	-0.555978	-0.555749	-0.553115	-0.556235	-0.559336	-0.561364	-0.570129	-0.572558	-0.579002	-0.594008	-0.600306	-0.605788	-0.613984	-0.625311	-0.640212	-0.667821	-0.700411	-0.737918	-0.782326	-0.823097	-0.860909	-0.89741	-0.933432	-0.958719	-0.975516	-0.985008	-0.981717	-0.958992	-0.908777	-0.847468	-0.776739	-0.688767	-0.600502	-0.518029	-0.433092	-0.35157	-0.271435	-0.183691	-0.0934599	0	
0	0.0102633	0.0239338	0.0392663	0.0512618	0.0572435	0.0594346	0.067492	0.0876898	0.124991	0.169258	0.209822	0.236942	0.251556	0.265973	0.295541	0.369825	0.50266	0.689497	0.896994	1.08514	1.23028	1.29869	1.27092	1.13044	0.887476	0.5689	0.212206	-0.11857	-0.354193	-0.449141	-0.386627	-0.191653	0.0779264	0.366251	0.615655	0.793431	0.875806	0.863486	0.779432	0.636208	0.461365	0.304182	0.192141	0.134052	0.117639	0.123613	0.125562	0.0941686	0.0369612	-0.0353141	-0.117077	-0.190797	-0.251598	-0.302713	-0.3452	-0.385777	-0.425055	-0.452805	-0.462302	-0.457495	-0.437606	-0.418782	-0.407461	-0.401107	-0.400001	-0.408734	-0.411205	-0.417842	-0.437506	-0.451556	-0.466883	-0.492368	-0.521619	-0.554698	-0.605138	-0.663639	-0.736142	-0.820894	-0.902	-0.984687	-1.06401	-1.13178	-1.17635	-1.1975	-1.19871	-1.17386	-1.12034	-1.03909	-0.938838	-0.826948	-0.708664	-0.595713	-0.496317	-0.404869	-0.322924	-0.247747	-0.166563	-0.0833548	0	
0	0.0248102	0.0501529	0.0728759	0.0936758	0.109723	0.125361	0.145428	0.176544	0.222792	0.273916	0.3202	0.35211	0.37651	0.403107	0.449905	0.540013	0.692134	0.896994	1.1196	1.31855	1.46794	1.53706	1.49863	1.3334	1.05569	0.693412	0.291673	-0.0831399	-0.358764	-0.480789	-0.433973	-0.242264	0.036516	0.33875	0.605229	0.801156	0.89578	0.892776	0.816713	0.682469	0.513691	0.358735	0.242751	0.173445	0.135688	0.123409	0.110346	0.0691441	0.0101084	-0.0566473	-0.134302	-0.206004	-0.258112	-0.295631	-0.3225	-0.343858	-0.35693	-0.35923	-0.352023	-0.337638	-0.313033	-0.291639	-0.280921	-0.273627	-0.270772	-0.278941	-0.280231	-0.28645	-0.30917	-0.329764	-0.356419	-0.398985	-0.44593	-0.497524	-0.563555	-0.637258	-0.729372	-0.838237	-0.946747	-1.05424	-1.16231	-1.26008	-1.32241	-1.34863	-1.34494	-1.3064	-1.22961	-1.11943	-0.995876	-0.864968	-0.724254	-0.592203	-0.47797	-0.37114	-0.283015	-0.212361	-0.13805	-0.0661183	0	
0	0.0380233	0.0738343	0.105132	0.133874	0.160564	0.188294	0.220747	0.262087	0.31691	0.373301	0.423785	0.459143	0.491421	0.530708	0.592247	0.698418	0.865	1.08514	1.31855	1.5223	1.66913	1.72888	1.66974	1.47199	1.15105	0.742638	0.298024	-0.115269	-0.41868	-0.558505	-0.518086	-0.324591	-0.0374739	0.273882	0.552605	0.760014	0.867871	0.877153	0.815696	0.695545	0.538095	0.384544	0.262272	0.178108	0.123564	0.0969696	0.0763683	0.0372283	-0.0176081	-0.0813741	-0.150377	-0.205216	-0.239025	-0.255923	-0.259728	-0.257392	-0.25081	-0.237275	-0.222079	-0.21025	-0.19638	-0.182808	-0.175044	-0.167173	-0.165002	-0.175124	-0.177998	-0.186858	-0.212708	-0.239921	-0.275095	-0.329784	-0.391701	-0.457787	-0.537134	-0.62274	-0.72604	-0.844721	-0.95974	-1.07511	-1.19406	-1.30041	-1.36996	-1.39858	-1.39039	-1.34388	-1.25737	-1.13677	-1.00002	-0.858084	-0.712886	-0.575284	-0.450754	-0.33248	-0.234311	-0.159649	-0.0920264	-0.038283	0	
0	0.0438486	0.083221	0.118695	0.149133	0.18183	0.215395	0.25605	0.304651	0.364374	0.42591	0.47841	0.519632	0.561411	0.616275	0.696444	0.818744	0.999141	1.23028	1.46794	1.66913	1.80159	1.83972	1.74885	1.51002	1.14151	0.68814	0.204412	-0.237282	-0.560213	-0.709297	-0.670767	-0.471817	-0.176284	0.147314	0.440966	0.664802	0.790682	0.817039	0.76804	0.659245	0.510408	0.355856	0.230638	0.140814	0.0784818	0.0453925	0.0257913	-0.00819972	-0.0554116	-0.10631	-0.159345	-0.198262	-0.213252	-0.205433	-0.185875	-0.163582	-0.141077	-0.120837	-0.1069	-0.103534	-0.0980376	-0.0907946	-0.0853528	-0.0764644	-0.0745628	-0.0838774	-0.0917045	-0.104274	-0.134042	-0.167351	-0.208895	-0.273523	-0.346966	-0.428258	-0.518871	-0.612568	-0.72311	-0.844803	-0.955916	-1.05811	-1.16263	-1.25824	-1.31943	-1.3396	-1.3245	-1.27287	-1.18038	-1.05847	-0.925211	-0.785377	-0.643637	-0.511177	-0.388207	-0.271256	-0.178046	-0.112609	-0.0572063	-0.0177275	0	
0	0.0417195	0.0799797	0.112561	0.14232	0.172751	0.208246	0.250246	0.301499	0.361802	0.422657	0.474404	0.517495	0.566926	0.636175	0.733359	0.870389	1.06181	1.29869	1.53706	1.72888	1.83972	1.84725	1.71596	1.42967	1.01212	0.511996	-0.0048855	-0.469249	-0.803953	-0.955709	-0.912958	-0.706694	-0.396762	-0.0566591	0.257968	0.506986	0.659472	0.708098	0.676249	0.579943	0.435572	0.281115	0.152651	0.0575926	-0.00604903	-0.0349637	-0.0460757	-0.064742	-0.0933772	-0.129166	-0.164577	-0.184279	-0.176824	-0.149605	-0.116898	-0.0875206	-0.0624018	-0.0378586	-0.0218364	-0.0187081	-0.0202638	-0.0178984	-0.0123205	-0.00404014	-0.00280397	-0.0145727	-0.0260495	-0.0414361	-0.0723463	-0.10773	-0.154506	-0.222769	-0.302907	-0.392566	-0.487061	-0.58613	-0.699381	-0.818919	-0.922656	-1.00887	-1.08995	-1.15622	-1.18664	-1.17966	-1.14545	-1.08488	-0.992995	-0.876062	-0.750686	-0.625165	-0.501861	-0.388846	-0.285228	-0.186586	-0.109258	-0.0602492	-0.0220506	0.00188617	0	
0	0.0350204	0.0662033	0.0957806	0.117938	0.144928	0.173525	0.213389	0.260438	0.315804	0.370887	0.415718	0.457375	0.509615	0.589664	0.698748	0.844798	1.03828	1.27092	1.49863	1.66974	1.74885	1.71596	1.53873	1.20739	0.744739	0.210173	-0.32913	-0.805906	-1.14315	-1.29506	-1.24899	-1.03345	-0.708947	-0.34617	0.0022975	0.286089	0.477023	0.556888	0.545263	0.458975	0.323186	0.169677	0.0424255	-0.0508499	-0.109078	-0.135062	-0.137717	-0.137623	-0.144759	-0.154025	-0.160714	-0.15479	-0.133138	-0.101216	-0.0707203	-0.0453356	-0.0205121	0.00314126	0.0232467	0.0302053	0.0311688	0.0339132	0.0392214	0.0470796	0.0449842	0.033025	0.0170755	-0.000995897	-0.0299897	-0.0655992	-0.111626	-0.176919	-0.257514	-0.348033	-0.439048	-0.534302	-0.642876	-0.757411	-0.848788	-0.910906	-0.957868	-0.982985	-0.974608	-0.930313	-0.864568	-0.79118	-0.704653	-0.606555	-0.505554	-0.39991	-0.298206	-0.209177	-0.127057	-0.0585358	-0.0158478	0.00300741	0.0135432	0.0171361	0	
0	0.0206778	0.0407943	0.0604027	0.0740355	0.089329	0.108954	0.138898	0.179262	0.224036	0.269658	0.303281	0.339454	0.389784	0.474399	0.587396	0.732666	0.915867	1.13044	1.3334	1.47199	1.51002	1.42967	1.20739	0.834141	0.339682	-0.217135	-0.765766	-1.24063	-1.57258	-1.71679	-1.66029	-1.4316	-1.08557	-0.691409	-0.307773	0.0159706	0.244152	0.354118	0.363007	0.293795	0.170806	0.029759	-0.0884785	-0.178468	-0.234309	-0.259902	-0.253591	-0.2365	-0.215055	-0.194401	-0.171768	-0.149276	-0.11704	-0.0815163	-0.0550911	-0.0374573	-0.0201704	0.00485428	0.0315336	0.0469108	0.0512947	0.0556112	0.0668527	0.0773666	0.0763687	0.0635153	0.0410515	0.018875	-0.00985281	-0.0419706	-0.082636	-0.138062	-0.209726	-0.294619	-0.376698	-0.462154	-0.557544	-0.651362	-0.718228	-0.748941	-0.752772	-0.731817	-0.678903	-0.597647	-0.510923	-0.429408	-0.349939	-0.273067	-0.200348	-0.126233	-0.0556154	0.00396524	0.0562671	0.0913873	0.0997679	0.0841692	0.0617592	0.0398278	0	
0	-0.00131025	0.000676804	0.00575004	0.00463606	0.00434906	0.00704654	0.0236895	0.0502469	0.0823849	0.113451	0.134514	0.162324	0.208752	0.293038	0.40498	0.54009	0.704885	0.887476	1.05569	1.15105	1.14151	1.01212	0.744739	0.339682	-0.175894	-0.741091	-1.28447	-1.7473	-2.06144	-2.18769	-2.1125	-1.85958	-1.48438	-1.05568	-0.633095	-0.275048	-0.0150055	0.120748	0.148145	0.0945953	-0.012508	-0.136895	-0.244886	-0.327997	-0.378494	-0.398235	-0.385924	-0.350215	-0.306783	-0.264652	-0.227004	-0.191772	-0.152711	-0.119065	-0.0953805	-0.0783414	-0.056851	-0.0292889	0.00233521	0.0230542	0.0317135	0.0406253	0.0602218	0.0791333	0.0857676	0.0777041	0.0550089	0.0308879	0.0046035	-0.0213995	-0.0552909	-0.0970267	-0.159843	-0.235863	-0.303794	-0.374366	-0.444282	-0.505623	-0.532912	-0.516611	-0.472715	-0.40796	-0.323952	-0.22108	-0.116929	-0.0331553	0.0332317	0.0914266	0.137895	0.178873	0.211432	0.229862	0.241162	0.23415	0.205638	0.159346	0.107214	0.060488	0	
0	-0.027755	-0.0480299	-0.0601201	-0.0788165	-0.0983769	-0.116001	-0.118197	-0.108372	-0.0933447	-0.0792028	-0.0730485	-0.0554486	-0.0161334	0.0647472	0.166944	0.288377	0.422884	0.5689	0.693412	0.742638	0.68814	0.511996	0.210173	-0.217135	-0.741091	-1.30198	-1.83295	-2.27486	-2.56426	-2.66577	-2.56151	-2.27787	-1.86768	-1.40117	-0.944026	-0.555821	-0.270795	-0.115973	-0.0718019	-0.113952	-0.207536	-0.31842	-0.416891	-0.494243	-0.534314	-0.548128	-0.522142	-0.470986	-0.412269	-0.360136	-0.316383	-0.283711	-0.24928	-0.214955	-0.186453	-0.162901	-0.136023	-0.100752	-0.0609688	-0.032067	-0.0192004	-0.00822605	0.0160398	0.0435459	0.0619566	0.067906	0.0569888	0.0418907	0.0260628	0.00614876	-0.0212027	-0.0554298	-0.110501	-0.173645	-0.224292	-0.265163	-0.29712	-0.313694	-0.293683	-0.2346	-0.147139	-0.0500419	0.05178	0.161769	0.263974	0.347512	0.41101	0.45656	0.481647	0.489867	0.476327	0.441515	0.401458	0.346906	0.280355	0.210975	0.139382	0.0725003	0	
0	-0.0556257	-0.0975957	-0.128199	-0.162233	-0.201841	-0.239033	-0.261023	-0.268214	-0.270485	-0.272876	-0.281462	-0.275108	-0.243887	-0.174452	-0.0851183	0.0099159	0.11164	0.212206	0.291673	0.298024	0.204412	-0.0048855	-0.32913	-0.765766	-1.28447	-1.83295	-2.34474	-2.76035	-3.02185	-3.09132	-2.95607	-2.63908	-2.19865	-1.70172	-1.21964	-0.809449	-0.506474	-0.33123	-0.273475	-0.302142	-0.388641	-0.490935	-0.585573	-0.655722	-0.689846	-0.690126	-0.653455	-0.5937	-0.526849	-0.470014	-0.430979	-0.403024	-0.368094	-0.335257	-0.305613	-0.278164	-0.243148	-0.197858	-0.144184	-0.102779	-0.0828653	-0.072741	-0.0478463	-0.0161718	0.014025	0.0365518	0.0441449	0.0470509	0.0429048	0.0320951	0.00724245	-0.023901	-0.069861	-0.115672	-0.136095	-0.138505	-0.121823	-0.0863796	-0.0244822	0.0690019	0.182848	0.296031	0.403927	0.510324	0.607943	0.684824	0.738565	0.775282	0.782189	0.75669	0.700091	0.615281	0.52114	0.423199	0.330976	0.244377	0.159858	0.0831284	0	
0	-0.0789892	-0.139286	-0.182723	-0.2285	-0.281859	-0.33572	-0.372741	-0.395703	-0.41017	-0.428074	-0.446592	-0.450948	-0.428764	-0.37204	-0.304417	-0.236578	-0.174909	-0.11857	-0.0831399	-0.115269	-0.237282	-0.469249	-0.805906	-1.24063	-1.7473	-2.27486	-2.76035	-3.14547	-3.37162	-3.40804	-3.24236	-2.90235	-2.44402	-1.93459	-1.44111	-1.01899	-0.701483	-0.511691	-0.436458	-0.457754	-0.539244	-0.632992	-0.720682	-0.783859	-0.806951	-0.800784	-0.764794	-0.705609	-0.639896	-0.583296	-0.54238	-0.508937	-0.473412	-0.44104	-0.411383	-0.383273	-0.344965	-0.290527	-0.227584	-0.176101	-0.148334	-0.133552	-0.108759	-0.0736551	-0.0338589	-0.000575225	0.0219291	0.033539	0.0374597	0.0325316	0.0147674	-0.00713975	-0.0405312	-0.0615985	-0.0525177	-0.0137365	0.0497874	0.128779	0.229434	0.348406	0.477588	0.59707	0.703432	0.80262	0.888677	0.953241	0.989571	1.00333	0.985743	0.930979	0.842922	0.728261	0.604152	0.478411	0.364242	0.266627	0.173579	0.0847225	0	
0	-0.0957798	-0.167695	-0.217879	-0.26726	-0.326794	-0.387849	-0.433362	-0.462566	-0.483008	-0.505872	-0.527974	-0.536297	-0.519342	-0.476983	-0.430629	-0.393781	-0.370234	-0.354193	-0.358764	-0.41868	-0.560213	-0.803953	-1.14315	-1.57258	-2.06144	-2.56426	-3.02185	-3.37162	-3.56346	-3.5681	-3.38027	-3.02919	-2.57028	-2.06366	-1.57297	-1.14903	-0.82748	-0.62761	-0.544504	-0.560096	-0.634162	-0.718094	-0.792541	-0.841146	-0.86041	-0.856863	-0.828365	-0.783964	-0.726708	-0.667283	-0.621738	-0.58378	-0.543077	-0.506454	-0.473575	-0.44348	-0.405847	-0.354476	-0.290823	-0.233768	-0.198171	-0.178714	-0.149721	-0.105432	-0.0591692	-0.024824	-0.00585627	0.000644214	-0.000825427	-0.00388059	-0.00974104	-0.0178431	-0.0270577	-0.0222109	0.0107272	0.0798696	0.178388	0.295038	0.423612	0.561557	0.702885	0.824063	0.924223	1.00839	1.07589	1.12136	1.1357	1.12337	1.07694	0.997759	0.895596	0.772608	0.639937	0.507337	0.38424	0.27511	0.174324	0.0821887	0	
0	-0.100451	-0.173313	-0.218898	-0.26134	-0.314436	-0.371543	-0.414878	-0.441364	-0.458818	-0.478349	-0.496617	-0.503751	-0.489213	-0.460256	-0.434479	-0.426408	-0.433329	-0.449141	-0.480789	-0.558505	-0.709297	-0.955709	-1.29506	-1.71679	-2.18769	-2.66577	-3.09132	-3.40804	-3.5681	-3.54923	-3.35332	-3.00784	-2.56401	-2.07553	-1.59817	-1.1812	-0.863442	-0.663835	-0.577447	-0.588196	-0.656013	-0.725489	-0.783242	-0.8224	-0.842358	-0.843723	-0.831049	-0.801736	-0.75027	-0.692422	-0.646108	-0.601075	-0.552855	-0.509832	-0.472389	-0.443433	-0.410733	-0.363528	-0.306106	-0.254911	-0.218326	-0.192691	-0.16035	-0.115654	-0.0723671	-0.0474413	-0.0398808	-0.047843	-0.0635263	-0.0688387	-0.0658928	-0.0598147	-0.046026	-0.0149667	0.0412019	0.130966	0.249687	0.387336	0.535055	0.685063	0.826172	0.942371	1.03547	1.10486	1.15103	1.17241	1.16229	1.12658	1.06063	0.966217	0.861139	0.748401	0.624586	0.498562	0.37904	0.267298	0.164564	0.0748015	0	
0	-0.0924508	-0.153967	-0.184727	-0.208336	-0.24276	-0.284209	-0.313372	-0.32908	-0.33314	-0.341959	-0.348676	-0.349129	-0.334695	-0.315649	-0.309057	-0.323139	-0.352284	-0.386627	-0.433973	-0.518086	-0.670767	-0.912958	-1.24899	-1.66029	-2.1125	-2.56151	-2.95607	-3.24236	-3.38027	-3.35332	-3.16458	-2.84117	-2.42563	-1.96546	-1.51039	-1.10997	-0.803464	-0.611034	-0.522952	-0.528439	-0.585292	-0.644279	-0.691957	-0.727758	-0.754527	-0.767537	-0.767447	-0.749272	-0.707397	-0.649969	-0.598992	-0.54808	-0.498344	-0.452247	-0.414518	-0.387471	-0.361154	-0.324613	-0.276814	-0.226888	-0.186996	-0.164456	-0.145879	-0.115716	-0.0864559	-0.0771027	-0.0822425	-0.103103	-0.132291	-0.147062	-0.146302	-0.135791	-0.106429	-0.0528218	0.025303	0.136672	0.271689	0.413954	0.558942	0.703243	0.835513	0.942709	1.0244	1.07808	1.10448	1.10462	1.07481	1.01982	0.9412	0.846086	0.750952	0.654912	0.551257	0.446824	0.34388	0.243686	0.151074	0.0685749	0	
0	-0.0722942	-0.113699	-0.118716	-0.115907	-0.120805	-0.136034	-0.144389	-0.139719	-0.128037	-0.118244	-0.111676	-0.102229	-0.0866361	-0.0756682	-0.0841157	-0.112339	-0.153127	-0.191653	-0.242264	-0.324591	-0.471817	-0.706694	-1.03345	-1.4316	-1.85958	-2.27787	-2.63908	-2.90235	-3.02919	-3.00784	-2.84117	-2.55081	-2.1713	-1.74954	-1.32474	-0.949259	-0.661596	-0.478092	-0.387835	-0.385554	-0.43167	-0.488094	-0.53342	-0.57649	-0.614996	-0.641144	-0.650788	-0.645466	-0.608278	-0.552158	-0.497661	-0.443387	-0.389322	-0.342684	-0.311122	-0.295607	-0.281482	-0.251072	-0.203087	-0.154264	-0.120922	-0.110625	-0.114147	-0.109484	-0.106925	-0.115482	-0.133681	-0.164051	-0.205009	-0.231996	-0.238109	-0.232378	-0.193198	-0.121794	-0.0243746	0.102611	0.243093	0.382747	0.5133	0.632811	0.738288	0.827714	0.900443	0.943222	0.950056	0.926372	0.879242	0.815238	0.735671	0.650757	0.573628	0.499413	0.422509	0.348574	0.276935	0.205092	0.134656	0.0656347	0	
0	-0.0441968	-0.0569933	-0.0326995	0.00339766	0.0329545	0.0492726	0.0670124	0.0922971	0.121738	0.149281	0.167918	0.186556	0.201511	0.205097	0.188019	0.149809	0.112427	0.0779264	0.036516	-0.0374739	-0.176284	-0.396762	-0.708947	-1.08557	-1.48438	-1.86768	-2.19865	-2.44402	-2.57028	-2.56401	-2.42563	-2.1713	-1.8352	-1.45523	-1.0711	-0.727825	-0.459372	-0.283044	-0.191299	-0.177661	-0.222787	-0.286146	-0.340844	-0.394981	-0.447208	-0.483247	-0.50604	-0.511749	-0.48509	-0.43248	-0.372156	-0.311579	-0.258387	-0.218639	-0.197003	-0.1899	-0.179832	-0.153073	-0.111289	-0.0723781	-0.0482662	-0.0534822	-0.0797927	-0.105345	-0.127562	-0.156094	-0.192036	-0.23573	-0.29053	-0.323091	-0.332461	-0.321371	-0.273958	-0.194754	-0.0850792	0.043632	0.177511	0.300043	0.409153	0.504354	0.5763	0.636274	0.686387	0.712092	0.703375	0.66382	0.605962	0.536817	0.463544	0.39685	0.342843	0.296082	0.249282	0.210695	0.181324	0.145219	0.104674	0.0607279	0	
0	-0.0121658	0.00504939	0.060045	0.128215	0.192578	0.23984	0.282443	0.324584	0.368744	0.408081	0.436791	0.460697	0.473538	0.475101	0.45042	0.416179	0.385404	0.366251	0.33875	0.273882	0.147314	-0.0566591	-0.34617	-0.691409	-1.05568	-1.40117	-1.70172	-1.93459	-2.06366	-2.07553	-1.96546	-1.74954	-1.45523	-1.12335	-0.781107	-0.468422	-0.216305	-0.0470954	0.0480553	0.0596995	0.00876067	-0.068904	-0.137555	-0.20635	-0.26776	-0.32139	-0.359267	-0.378168	-0.362318	-0.315575	-0.255317	-0.198835	-0.151245	-0.115438	-0.0980403	-0.0912973	-0.0837924	-0.0648925	-0.0351658	-0.00823302	0.000217862	-0.0198141	-0.0621064	-0.106066	-0.149558	-0.199376	-0.254664	-0.314696	-0.375176	-0.409973	-0.41321	-0.387285	-0.329439	-0.245227	-0.142326	-0.0280945	0.0860949	0.185516	0.273861	0.343086	0.386535	0.414311	0.429113	0.425749	0.393462	0.339073	0.279902	0.21951	0.158634	0.110712	0.0803352	0.0599345	0.0522556	0.0548816	0.0596179	0.0603441	0.0540039	0.0363179	0	
0	0.018943	0.0647511	0.146009	0.242481	0.335406	0.410071	0.469993	0.524546	0.573139	0.619631	0.650325	0.675689	0.686235	0.684464	0.661824	0.632603	0.617327	0.615655	0.605229	0.552605	0.440966	0.257968	0.0022975	-0.307773	-0.633095	-0.944026	-1.21964	-1.44111	-1.57297	-1.59817	-1.51039	-1.32474	-1.0711	-0.781107	-0.477408	-0.191991	0.0464179	0.211292	0.297027	0.303616	0.240574	0.144991	0.0592854	-0.0214254	-0.0989606	-0.170386	-0.223411	-0.258901	-0.260478	-0.22962	-0.179731	-0.133821	-0.0899914	-0.0562333	-0.0350456	-0.026221	-0.0224162	-0.014476	0.00242957	0.0132522	0.00815199	-0.0188515	-0.0661697	-0.125783	-0.189929	-0.255261	-0.324948	-0.391049	-0.450233	-0.476564	-0.467455	-0.425513	-0.356728	-0.272356	-0.175906	-0.0853467	-0.0055443	0.0646468	0.129467	0.17548	0.190282	0.183509	0.160671	0.121058	0.0632378	-0.000937004	-0.0547884	-0.100577	-0.143814	-0.170859	-0.180981	-0.177424	-0.151485	-0.112278	-0.0722945	-0.0436992	-0.0202238	0.0025248	0	
0	0.0512784	0.125163	0.230826	0.349476	0.465297	0.557003	0.627385	0.680814	0.725541	0.765673	0.791537	0.81182	0.817315	0.815396	0.796512	0.777572	0.778372	0.793431	0.801156	0.760014	0.664802	0.506986	0.286089	0.0159706	-0.275048	-0.555821	-0.809449	-1.01899	-1.14903	-1.1812	-1.10997	-0.949259	-0.727825	-0.468422	-0.191991	0.0776838	0.308391	0.463426	0.538137	0.533352	0.454892	0.347612	0.246482	0.150109	0.0605351	-0.025567	-0.0978687	-0.150557	-0.176245	-0.172167	-0.146258	-0.113067	-0.0717306	-0.0343175	-0.0116128	-0.0060152	-0.0100139	-0.0157924	-0.0152097	-0.0169595	-0.0275817	-0.0590419	-0.112853	-0.186159	-0.262057	-0.334599	-0.403925	-0.462176	-0.504044	-0.512767	-0.488423	-0.428417	-0.355382	-0.275732	-0.19194	-0.123252	-0.0738296	-0.040742	-0.00700143	0.0124822	0.00146651	-0.0370385	-0.0944309	-0.160906	-0.238808	-0.31353	-0.362988	-0.389704	-0.408632	-0.414538	-0.404688	-0.378729	-0.327407	-0.264448	-0.205349	-0.155655	-0.103787	-0.0439705	0	
0	0.0799526	0.179933	0.302014	0.43809	0.564163	0.665433	0.735125	0.779267	0.812017	0.837244	0.854614	0.864956	0.865997	0.86317	0.848073	0.837894	0.847671	0.875806	0.89578	0.867871	0.790682	0.659472	0.477023	0.244152	-0.0150055	-0.270795	-0.506474	-0.701483	-0.82748	-0.863442	-0.803464	-0.661596	-0.459372	-0.216305	0.0464179	0.308391	0.531129	0.678525	0.743263	0.729202	0.644574	0.529665	0.410992	0.304306	0.204946	0.105087	0.0178799	-0.057941	-0.118302	-0.147072	-0.143812	-0.121573	-0.0829488	-0.0497369	-0.0324636	-0.0331782	-0.0483089	-0.0653848	-0.0731734	-0.0790261	-0.0993963	-0.140134	-0.198523	-0.276594	-0.357356	-0.430268	-0.487758	-0.526506	-0.541505	-0.527466	-0.485708	-0.414462	-0.340507	-0.267091	-0.197815	-0.147626	-0.121712	-0.112957	-0.10999	-0.126136	-0.167754	-0.237005	-0.320049	-0.403086	-0.484973	-0.555893	-0.602802	-0.617707	-0.613227	-0.591116	-0.555639	-0.51417	-0.452224	-0.380518	-0.315685	-0.250383	-0.171843	-0.0823131	0	
0	0.105522	0.224159	0.360536	0.500484	0.62884	0.724868	0.783751	0.810229	0.821941	0.828346	0.832718	0.832806	0.830962	0.827519	0.817657	0.813355	0.827698	0.863486	0.892776	0.877153	0.817039	0.708098	0.556888	0.354118	0.120748	-0.115973	-0.33123	-0.511691	-0.62761	-0.663835	-0.611034	-0.478092	-0.283044	-0.0470954	0.211292	0.463426	0.678525	0.820126	0.883021	0.869695	0.790694	0.676077	0.552684	0.439973	0.333261	0.222844	0.11436	0.00882817	-0.0806776	-0.134316	-0.15356	-0.14302	-0.113324	-0.0916705	-0.0857836	-0.10068	-0.124293	-0.146057	-0.15902	-0.176476	-0.206872	-0.251702	-0.313429	-0.391339	-0.470805	-0.531695	-0.567757	-0.578926	-0.563186	-0.524216	-0.46372	-0.388792	-0.320562	-0.257923	-0.20214	-0.164583	-0.157121	-0.170765	-0.194281	-0.238466	-0.309498	-0.404542	-0.498835	-0.578819	-0.647888	-0.706806	-0.745348	-0.750593	-0.732306	-0.691079	-0.633867	-0.574756	-0.507854	-0.438529	-0.372461	-0.297883	-0.204495	-0.100097	0	
0	0.12384	0.256617	0.396765	0.53273	0.648235	0.726962	0.764763	0.76667	0.754425	0.741238	0.732952	0.727395	0.725231	0.72432	0.721913	0.720844	0.739499	0.779432	0.816713	0.815696	0.76804	0.676249	0.545263	0.363007	0.148145	-0.0718019	-0.273475	-0.436458	-0.544504	-0.577447	-0.522952	-0.387835	-0.191299	0.0480553	0.297027	0.538137	0.743263	0.883021	0.952257	0.95106	0.884054	0.782824	0.666054	0.558378	0.451054	0.332205	0.202498	0.0699719	-0.0466151	-0.124517	-0.164505	-0.168671	-0.156543	-0.151386	-0.161982	-0.188938	-0.222593	-0.254913	-0.282005	-0.310189	-0.344956	-0.395935	-0.456165	-0.523983	-0.58715	-0.630935	-0.640622	-0.616637	-0.570888	-0.506644	-0.433336	-0.359478	-0.297444	-0.248167	-0.208209	-0.183602	-0.189188	-0.222584	-0.273186	-0.337588	-0.419749	-0.522466	-0.614937	-0.679521	-0.724471	-0.759117	-0.783876	-0.781419	-0.749657	-0.697012	-0.628933	-0.559306	-0.495187	-0.431483	-0.367631	-0.294023	-0.199982	-0.0987389	0	
0	0.138235	0.280594	0.420138	0.543876	0.636263	0.687173	0.696373	0.669775	0.634281	0.600134	0.582322	0.570355	0.568166	0.569798	0.569593	0.572979	0.591685	0.636208	0.682469	0.695545	0.659245	0.579943	0.458975	0.293795	0.0945953	-0.113952	-0.302142	-0.457754	-0.560096	-0.588196	-0.528439	-0.385554	-0.177661	0.0596995	0.303616	0.533352	0.729202	0.869695	0.95106	0.95899	0.913487	0.8357	0.742057	0.649024	0.546869	0.423791	0.281747	0.13331	0.00384571	-0.0918773	-0.159388	-0.190488	-0.201581	-0.212181	-0.233666	-0.272045	-0.322012	-0.372631	-0.419065	-0.464445	-0.514668	-0.569547	-0.623077	-0.670078	-0.710544	-0.731946	-0.711259	-0.657472	-0.584715	-0.4981	-0.409745	-0.335919	-0.279159	-0.237873	-0.213657	-0.203492	-0.220931	-0.269511	-0.337177	-0.410614	-0.491435	-0.582524	-0.659339	-0.708135	-0.729311	-0.736082	-0.734157	-0.706951	-0.661271	-0.607275	-0.542269	-0.478913	-0.421829	-0.364884	-0.31252	-0.25065	-0.172614	-0.0915975	0	
0	0.14877	0.295617	0.432206	0.535977	0.599351	0.615208	0.59196	0.541198	0.48318	0.437575	0.409049	0.39505	0.390665	0.391249	0.391844	0.395052	0.413766	0.461365	0.513691	0.538095	0.510408	0.435572	0.323186	0.170806	-0.012508	-0.207536	-0.388641	-0.539244	-0.634162	-0.656013	-0.585292	-0.43167	-0.222787	0.00876067	0.240574	0.454892	0.644574	0.790694	0.884054	0.913487	0.896587	0.844762	0.776926	0.696341	0.599002	0.483679	0.353322	0.209873	0.0768532	-0.0403789	-0.135592	-0.195504	-0.229915	-0.25433	-0.287349	-0.342758	-0.411533	-0.481134	-0.550681	-0.623509	-0.691891	-0.754501	-0.803754	-0.829923	-0.84143	-0.83402	-0.789319	-0.710679	-0.620117	-0.514408	-0.411601	-0.336117	-0.279093	-0.244793	-0.229869	-0.226923	-0.249702	-0.304836	-0.376196	-0.444276	-0.513337	-0.583043	-0.635124	-0.660388	-0.660183	-0.641492	-0.60736	-0.557568	-0.498686	-0.445294	-0.401022	-0.358534	-0.316883	-0.268794	-0.216689	-0.168741	-0.118558	-0.0627357	0	
