0	0	0	0	0	0	0	0	0	0	0	0	0	0	0	0	0	0	0	0	0	0	0	0	0	0	0	0	0	0	0	0	0	0	0	0	0	0	0	0	0	0	0	0	0	0	0	0	0	0	0	0	0	0	0	0	0	0	0	0	0	0	0	0	0	0	0	0	0	0	0	0	0	0	0	0	0	0	0	0	0	0	0	0	0	0	0	0	0	0	0	0	0	0	0	0	0	0	0	0	
0	-0.000862216	0.000414606	-0.00165407	-0.000237644	-0.000948866	-0.00111306	-0.000155228	-0.00113121	-0.000581822	-0.00189429	-0.00301909	-0.00635045	-0.00985841	-0.0156723	-0.0221876	-0.0286594	-0.0341736	-0.0367975	-0.034571	-0.0243238	-0.0100378	0.0124112	0.036562	0.0559123	0.0693632	0.0728856	0.0638869	0.0495133	0.0314265	0.0144363	-0.000319638	-0.0165552	-0.0301337	-0.0363303	-0.0335724	-0.0255733	-0.011292	0.000890967	0.00581178	0.00616894	0.00536824	-0.000241676	-0.00543863	-0.00782554	-0.00810328	-0.00127743	0.00532305	0.00422435	-0.00112608	-0.00374899	-0.00296759	-0.0021152	0.000502728	0.00135047	0.000871023	-0.00296048	-0.00498188	0.000303308	0.0013363	-1.7082e-06	-0.00267635	-0.00100185	0.000329361	0.000240841	0.0011465	-0.000309957	-0.000674073	-7.74858e-05	0.00243821	0.00301948	0.00383633	0.0073783	0.0130383	0.0202896	0.0262956	0.0318437	0.0345788	0.0344013	0.0303476	0.0184535	-0.0044768	-0.0316564	-0.0499193	-0.0633389	-0.0720375	-0.0690996	-0.0589295	-0.0429674	-0.0243789	-0.00554669	0.0151571	0.0282246	0.029413	0.0267182	0.0217316	0.0131294	0.00540269	0.00168903	0	
0	0.000414606	0.000895668	0.000897046	0.00146175	0.000756976	0.000635459	-0.000198932	-0.00206174	-0.00345192	-0.00629773	-0.010688	-0.0149103	-0.0224971	-0.0330877	-0.0421738	-0.0574097	-0.0682	-0.072006	-0.0723197	-0.0516246	-0.0204937	0.0237006	0.0724945	0.114837	0.139873	0.144579	0.125787	0.099163	0.0658879	0.0301917	-0.00167518	-0.0313387	-0.0569921	-0.0731774	-0.0690801	-0.0496822	-0.0211329	0.000599827	0.0096857	0.0121113	0.0106319	-0.00159207	-0.0117366	-0.0173592	-0.0168266	-0.0049195	0.00900975	0.00628155	-0.00353862	-0.00816794	-0.00771228	-0.00357184	-0.000314698	0.00432225	0.00192258	-0.00403921	-0.00763774	0.00133315	0.00477327	0.000226034	-0.00446841	-0.00270703	-0.000868136	-0.00118366	0.00060202	-0.0022294	-0.00219147	0.000948898	0.00507838	0.00870983	0.00976667	0.0146154	0.0276387	0.038346	0.0496365	0.0632246	0.0668567	0.0693971	0.0640426	0.0376424	-0.00800949	-0.0623342	-0.101627	-0.128442	-0.143667	-0.135782	-0.115921	-0.0876809	-0.0504077	-0.00962105	0.0297591	0.0532014	0.0584575	0.0556419	0.0439653	0.0252125	0.0108639	0.00442084	0	
0	-0.00165407	0.000897046	-0.0033452	-0.000219341	-0.00234104	-0.00213852	-0.0010485	-0.00321855	-0.00254652	-0.00668366	-0.0102081	-0.0195706	-0.0303283	-0.0470547	-0.0656117	-0.0858281	-0.101893	-0.109851	-0.104207	-0.0744094	-0.0305112	0.0352886	0.106908	0.166182	0.205948	0.215551	0.191036	0.149475	0.0963393	0.0446425	-0.000353967	-0.0481123	-0.0876488	-0.107613	-0.100947	-0.0768421	-0.0351576	0.000233359	0.0155922	0.0180174	0.0150586	-0.00069694	-0.0157674	-0.0235171	-0.0240987	-0.00502309	0.0139547	0.0113144	-0.00288192	-0.0108082	-0.00942601	-0.00610848	0.000767878	0.00419732	0.00220714	-0.00782151	-0.0131069	-3.15226e-05	0.00395942	-0.000112848	-0.00687096	-0.00341515	-0.000338178	0.000791119	0.00274193	-0.0012762	-0.00195721	0.00016805	0.0073074	0.0097745	0.011968	0.0219615	0.0392288	0.0596641	0.0775972	0.0942949	0.102732	0.103762	0.0916515	0.0546662	-0.0126375	-0.0914498	-0.14776	-0.188985	-0.213728	-0.205982	-0.17725	-0.130556	-0.0742806	-0.0168723	0.042811	0.0806388	0.0863484	0.0800191	0.0660443	0.0410502	0.0179329	0.00624815	0	
0	-0.000237644	0.00146175	-0.000219341	0.00148099	0.000349247	-0.000458665	-0.000544397	-0.0041576	-0.00623229	-0.0114009	-0.0195728	-0.0290483	-0.0442517	-0.064652	-0.0860551	-0.112983	-0.135323	-0.143984	-0.141196	-0.102789	-0.0430054	0.0439396	0.13949	0.221539	0.274254	0.286286	0.252207	0.198211	0.131859	0.063126	-0.000112618	-0.0604521	-0.112091	-0.142889	-0.136567	-0.10081	-0.046391	-0.00319846	0.0175673	0.0227876	0.019713	-0.00234267	-0.0209593	-0.0333193	-0.0323502	-0.00996648	0.0149547	0.0119632	-0.00515944	-0.0148231	-0.0147212	-0.00812789	-0.000413322	0.0060573	0.0032331	-0.00821334	-0.0140291	0.000667083	0.00639897	0.00107053	-0.00752041	-0.00539567	-0.00202212	-0.00114174	0.00172983	-0.00356663	-0.00419371	0.00153992	0.00964709	0.0154158	0.0189718	0.0296045	0.0536553	0.0776042	0.0997035	0.123106	0.134167	0.138484	0.12446	0.0741411	-0.0139778	-0.117991	-0.196181	-0.252349	-0.284458	-0.272626	-0.233355	-0.17516	-0.101824	-0.0227129	0.0535988	0.101038	0.113475	0.108977	0.0890933	0.0548359	0.0255397	0.0105682	0	
0	-0.000948866	0.000756976	-0.00234104	0.000349247	-0.00265928	-0.00164471	-0.00285786	-0.00534482	-0.00656882	-0.0133461	-0.0204337	-0.0341975	-0.0527576	-0.0787432	-0.107809	-0.141936	-0.168241	-0.181762	-0.173883	-0.128204	-0.0533567	0.0523526	0.16874	0.269662	0.335587	0.350554	0.315529	0.25059	0.165468	0.0791458	0.0014794	-0.0755437	-0.139126	-0.174587	-0.168638	-0.128862	-0.0638377	-0.0074193	0.0199721	0.0275382	0.0216548	-0.0012421	-0.0247296	-0.0391685	-0.0393615	-0.0118641	0.016652	0.0148495	-0.00387771	-0.0167535	-0.0170883	-0.0101769	-0.000790387	0.00602411	0.0025588	-0.0107035	-0.0169618	-0.00261253	0.00554346	-6.54888e-05	-0.00856903	-0.00646347	-0.0034524	0.00112689	0.00278947	-0.00291053	-0.00327032	0.00125896	0.0117572	0.0173628	0.0214728	0.0365279	0.065137	0.0967195	0.125626	0.153056	0.168779	0.173283	0.153176	0.0897766	-0.0180328	-0.141518	-0.238722	-0.310606	-0.349701	-0.339979	-0.295921	-0.221488	-0.127806	-0.0305237	0.0626805	0.122341	0.137801	0.13236	0.112303	0.0738433	0.0356882	0.0137849	0	
0	-0.00111306	0.000635459	-0.00213852	-0.000458665	-0.00164471	-0.00277783	-0.00273491	-0.00635039	-0.00950524	-0.0165171	-0.0272384	-0.0433554	-0.0657356	-0.0955572	-0.131202	-0.168043	-0.2013	-0.216431	-0.207803	-0.155614	-0.0692535	0.0557313	0.194463	0.314232	0.39577	0.418372	0.376904	0.296937	0.198769	0.0989775	0.00503427	-0.0860038	-0.162888	-0.208106	-0.202886	-0.155151	-0.0801939	-0.0166211	0.0191288	0.0292064	0.0241252	-0.00277076	-0.0283563	-0.0476851	-0.0465498	-0.0171032	0.0143159	0.0146409	-0.00482164	-0.019737	-0.0212307	-0.0136573	-0.00194504	0.00469621	0.0022977	-0.0115003	-0.0182236	-0.00350837	0.00422842	0.00110279	-0.00830177	-0.00854832	-0.00410746	6.38902e-05	0.00238155	-0.00367305	-0.00521228	0.00201771	0.013204	0.0201214	0.0274254	0.044947	0.077621	0.115666	0.148981	0.179022	0.200559	0.206769	0.181056	0.107942	-0.0163247	-0.161171	-0.27928	-0.367842	-0.41795	-0.408822	-0.35317	-0.264448	-0.155933	-0.0412853	0.066349	0.137196	0.161745	0.159277	0.135798	0.0914	0.047489	0.0200334	0	
0	-0.000155228	-0.000198932	-0.0010485	-0.000544397	-0.00285786	-0.00273491	-0.00581333	-0.00883915	-0.013586	-0.02194	-0.0342776	-0.0517981	-0.0780595	-0.112181	-0.151894	-0.197095	-0.234419	-0.253802	-0.243202	-0.186895	-0.0834124	0.0580479	0.215207	0.356451	0.449987	0.474056	0.43347	0.348624	0.236071	0.118291	0.005754	-0.0988381	-0.18591	-0.236957	-0.236636	-0.184551	-0.102968	-0.0278079	0.0145467	0.0297856	0.0221977	-0.00371091	-0.0334969	-0.0551341	-0.0542377	-0.0235511	0.00961125	0.0126444	-0.00575127	-0.0223107	-0.0259741	-0.0163525	-0.00523189	0.00348954	0.000551442	-0.0125891	-0.0178944	-0.00758189	0.00357162	-0.000112091	-0.00836335	-0.00998499	-0.00721552	0.000153987	0.00109209	-0.00454552	-0.00474183	0.00280904	0.0147391	0.0237422	0.0323786	0.0520755	0.0893828	0.131586	0.1702	0.206711	0.232569	0.240439	0.211713	0.124179	-0.0177225	-0.177699	-0.317162	-0.422865	-0.478316	-0.471384	-0.413674	-0.314575	-0.18699	-0.0514673	0.0696739	0.149307	0.180982	0.182226	0.160033	0.113576	0.0619366	0.0253617	0	
0	-0.00113121	-0.00206174	-0.00321855	-0.0041576	-0.00534482	-0.00635039	-0.00883915	-0.0110767	-0.017124	-0.0256439	-0.03939	-0.0616283	-0.091054	-0.130603	-0.178242	-0.226943	-0.269302	-0.292096	-0.277986	-0.216926	-0.104109	0.0517567	0.228166	0.385902	0.49477	0.530274	0.490151	0.391587	0.265237	0.134987	0.00903977	-0.109915	-0.210525	-0.270723	-0.272264	-0.21665	-0.129382	-0.0464898	0.00529416	0.0246654	0.0178741	-0.00727154	-0.0394273	-0.0634617	-0.0623738	-0.0313915	0.00190709	0.00894499	-0.00721948	-0.0254911	-0.0297957	-0.0212454	-0.00874973	-0.000933487	-0.00306808	-0.0144559	-0.0204894	-0.0118066	-0.00110093	-0.00200221	-0.00859973	-0.0122388	-0.0077308	-0.000129606	0.000465515	-0.00370879	-0.00473666	0.00281148	0.0148737	0.0240582	0.0360934	0.0604531	0.0999693	0.149029	0.194026	0.232347	0.263758	0.271756	0.235884	0.139599	-0.013678	-0.188772	-0.348427	-0.471819	-0.540221	-0.539516	-0.473325	-0.358499	-0.216306	-0.0676456	0.0646232	0.156378	0.199885	0.206406	0.183624	0.135242	0.0788965	0.0337335	0	
0	-0.000581822	-0.00345192	-0.00254652	-0.00623229	-0.00656882	-0.00950524	-0.013586	-0.017124	-0.0263515	-0.0359666	-0.0533377	-0.0770488	-0.109579	-0.152897	-0.204142	-0.258059	-0.306504	-0.331979	-0.318862	-0.254746	-0.129397	0.0415392	0.234867	0.412109	0.533194	0.574996	0.535622	0.433643	0.298801	0.153438	0.00789303	-0.124093	-0.234622	-0.302234	-0.309276	-0.252347	-0.161746	-0.0714453	-0.0106099	0.0139763	0.0089313	-0.0153525	-0.0493268	-0.0753709	-0.073576	-0.0448951	-0.0124275	-0.00096259	-0.0143087	-0.0319977	-0.0379258	-0.0285737	-0.0164486	-0.00749078	-0.00831822	-0.0165886	-0.0215849	-0.0158535	-0.00471994	-0.00422486	-0.00938955	-0.0148238	-0.0100163	-0.00389951	-0.0033712	-0.005478	-0.00583241	0.00355524	0.015006	0.026841	0.0428249	0.0689809	0.110782	0.162601	0.212135	0.256835	0.292937	0.302357	0.26423	0.157261	-0.00894793	-0.198145	-0.378984	-0.519193	-0.5965	-0.599473	-0.52991	-0.408431	-0.252595	-0.0852365	0.058927	0.159133	0.213921	0.228264	0.20747	0.159546	0.0982835	0.0421498	0	
0	-0.00189429	-0.00629773	-0.00668366	-0.0114009	-0.0133461	-0.0165171	-0.02194	-0.0256439	-0.0359666	-0.0465009	-0.0663938	-0.0928922	-0.130313	-0.179476	-0.236329	-0.297634	-0.349083	-0.379353	-0.362831	-0.297693	-0.161576	0.0191379	0.226701	0.420505	0.556137	0.6077	0.573478	0.467618	0.320923	0.161896	0.00196143	-0.142148	-0.26539	-0.339848	-0.353455	-0.296213	-0.205597	-0.1057	-0.0382416	-0.00580231	-0.00983569	-0.0286706	-0.0654087	-0.0901841	-0.0887568	-0.0624651	-0.0311239	-0.0154648	-0.0241306	-0.0407432	-0.0470035	-0.0381148	-0.0272893	-0.0177757	-0.0175536	-0.0231145	-0.0265024	-0.024765	-0.0124656	-0.0111454	-0.0141387	-0.0173981	-0.0131463	-0.00685612	-0.00642956	-0.00637918	-0.00450039	0.00271794	0.0131088	0.0267727	0.0456768	0.0763218	0.120344	0.175874	0.232128	0.283199	0.32196	0.32932	0.288044	0.172632	-0.0031774	-0.201813	-0.401165	-0.560299	-0.64985	-0.659941	-0.588649	-0.45708	-0.28727	-0.107495	0.0460274	0.157327	0.225364	0.248681	0.23094	0.184601	0.119561	0.0522048	0	
0	-0.00301909	-0.010688	-0.0102081	-0.0195728	-0.0204337	-0.0272384	-0.0342776	-0.03939	-0.0533377	-0.0663938	-0.0880992	-0.120517	-0.159306	-0.21404	-0.276285	-0.341006	-0.399293	-0.431123	-0.418099	-0.347536	-0.206774	-0.0149503	0.20767	0.416578	0.562423	0.628993	0.599916	0.488832	0.336359	0.165723	-0.00832898	-0.166785	-0.300006	-0.385823	-0.401987	-0.348543	-0.256308	-0.155297	-0.0763907	-0.0390081	-0.0357189	-0.0534953	-0.0893089	-0.113284	-0.111553	-0.0887294	-0.0604193	-0.0399268	-0.0443428	-0.0576677	-0.0627703	-0.0555103	-0.0445887	-0.0346338	-0.0326778	-0.0323578	-0.0366431	-0.0332507	-0.0233728	-0.0208069	-0.0201562	-0.0239583	-0.0162771	-0.0149334	-0.014081	-0.00878889	-0.00710363	0.000986288	0.0109111	0.0259802	0.0501759	0.0848612	0.128697	0.186259	0.249675	0.306289	0.347684	0.355873	0.310749	0.18936	0.00830046	-0.203868	-0.422231	-0.595522	-0.699031	-0.718176	-0.643553	-0.504428	-0.326167	-0.135731	0.0279913	0.150829	0.234141	0.268469	0.253034	0.208519	0.14254	0.0649293	0	
0	-0.00635045	-0.0149103	-0.0195706	-0.0290483	-0.0341975	-0.0433554	-0.0517981	-0.0616283	-0.0770488	-0.0928922	-0.120517	-0.153327	-0.199561	-0.25828	-0.325036	-0.396838	-0.458905	-0.495294	-0.482119	-0.412951	-0.264514	-0.0639858	0.169143	0.391787	0.554214	0.628119	0.603286	0.498438	0.34215	0.158272	-0.0317377	-0.202566	-0.347191	-0.437089	-0.461942	-0.413811	-0.325867	-0.217104	-0.132784	-0.0867048	-0.0785272	-0.0905726	-0.125582	-0.146687	-0.144331	-0.126457	-0.0995816	-0.0768127	-0.0752984	-0.0835944	-0.0870883	-0.0803133	-0.0707019	-0.0600678	-0.054486	-0.051637	-0.0514968	-0.0493777	-0.039474	-0.0358097	-0.0347104	-0.03103	-0.0249329	-0.0263526	-0.0233868	-0.0162	-0.00986409	-0.00344935	0.00514648	0.0244109	0.0525337	0.0909381	0.136592	0.195015	0.263844	0.329706	0.372506	0.376955	0.332768	0.208599	0.0185348	-0.203343	-0.435984	-0.627999	-0.744293	-0.767537	-0.695596	-0.556189	-0.370067	-0.168213	0.007158	0.141937	0.237831	0.283013	0.274576	0.234645	0.165986	0.0767263	0	
0	-0.00985841	-0.0224971	-0.0303283	-0.0442517	-0.0527576	-0.0657356	-0.0780595	-0.091054	-0.109579	-0.130313	-0.159306	-0.199561	-0.248844	-0.31446	-0.388429	-0.465385	-0.534011	-0.572784	-0.562566	-0.489316	-0.338549	-0.132195	0.110583	0.344748	0.51585	0.607037	0.594865	0.489962	0.3269	0.134306	-0.0653277	-0.248737	-0.403307	-0.505445	-0.536139	-0.493898	-0.406997	-0.300331	-0.208896	-0.155072	-0.136951	-0.145354	-0.177061	-0.193718	-0.191574	-0.176524	-0.153273	-0.127725	-0.12109	-0.122028	-0.122053	-0.116499	-0.10734	-0.0959643	-0.0878624	-0.0803218	-0.0781369	-0.07318	-0.0644803	-0.0619345	-0.0562717	-0.0473801	-0.0388417	-0.0428369	-0.03912	-0.0249444	-0.0165562	-0.0112033	-0.00181634	0.0182626	0.0509534	0.0942433	0.140213	0.200367	0.278119	0.351822	0.394548	0.397498	0.35067	0.224113	0.0321905	-0.199554	-0.446296	-0.651084	-0.781964	-0.818317	-0.749558	-0.603799	-0.41209	-0.206636	-0.0223047	0.126631	0.239032	0.297947	0.294808	0.256485	0.188482	0.0921979	0	
0	-0.0156723	-0.0330877	-0.0470547	-0.064652	-0.0787432	-0.0955572	-0.112181	-0.130603	-0.152897	-0.179476	-0.21404	-0.25828	-0.31446	-0.383931	-0.462589	-0.545137	-0.617605	-0.659886	-0.654615	-0.580324	-0.429756	-0.216823	0.0348602	0.27883	0.465021	0.56587	0.559463	0.463025	0.304241	0.102622	-0.108893	-0.307642	-0.472711	-0.581689	-0.616738	-0.585506	-0.505525	-0.400134	-0.301846	-0.240501	-0.213278	-0.217674	-0.243257	-0.256319	-0.253203	-0.242657	-0.221992	-0.197837	-0.185162	-0.178609	-0.173999	-0.169141	-0.160425	-0.147748	-0.136386	-0.124273	-0.11726	-0.107439	-0.0992607	-0.0964344	-0.0876334	-0.0705931	-0.0610551	-0.0681779	-0.0623185	-0.0443963	-0.0320167	-0.0264185	-0.0158186	0.00917627	0.0468	0.0951798	0.143118	0.203124	0.28739	0.368009	0.411107	0.412957	0.367054	0.244183	0.048415	-0.195595	-0.453546	-0.672728	-0.816539	-0.858045	-0.794432	-0.653959	-0.463244	-0.252278	-0.0543338	0.111307	0.237325	0.306032	0.310706	0.278161	0.210942	0.107176	0	
0	-0.0221876	-0.0421738	-0.0656117	-0.0860551	-0.107809	-0.131202	-0.151894	-0.178242	-0.204142	-0.236329	-0.276285	-0.325036	-0.388429	-0.462589	-0.550976	-0.637197	-0.717278	-0.763388	-0.758335	-0.684656	-0.533018	-0.315278	-0.059735	0.18996	0.389101	0.502838	0.511467	0.424421	0.263191	0.0567711	-0.164367	-0.374234	-0.548699	-0.665202	-0.713207	-0.691217	-0.61638	-0.513955	-0.415466	-0.346703	-0.309105	-0.308016	-0.326115	-0.335573	-0.331082	-0.323214	-0.306107	-0.283982	-0.26653	-0.250465	-0.2407	-0.235567	-0.226079	-0.214403	-0.198209	-0.18536	-0.17107	-0.157721	-0.150216	-0.147049	-0.13629	-0.109125	-0.0983354	-0.104478	-0.0951917	-0.0718939	-0.0546792	-0.0478641	-0.0346804	-0.00774209	0.0346462	0.0866871	0.136752	0.201542	0.29249	0.380965	0.426996	0.424887	0.378824	0.260385	0.0607672	-0.190303	-0.45431	-0.685761	-0.842402	-0.895817	-0.841984	-0.703277	-0.51324	-0.301124	-0.0915798	0.0900285	0.229029	0.310802	0.327044	0.297561	0.228557	0.120237	0	
0	-0.0286594	-0.0574097	-0.0858281	-0.112983	-0.141936	-0.168043	-0.197095	-0.226943	-0.258059	-0.297634	-0.341006	-0.396838	-0.465385	-0.545137	-0.637197	-0.730602	-0.812729	-0.863251	-0.862524	-0.789503	-0.637783	-0.419099	-0.158822	0.100103	0.308182	0.431934	0.454603	0.378739	0.222665	0.0140857	-0.214636	-0.436831	-0.622523	-0.750674	-0.804636	-0.79118	-0.727696	-0.635454	-0.536103	-0.458035	-0.41355	-0.406211	-0.417585	-0.421928	-0.41794	-0.411617	-0.400287	-0.383481	-0.362472	-0.339196	-0.324446	-0.317972	-0.310165	-0.296947	-0.280869	-0.263815	-0.24325	-0.225438	-0.214648	-0.214123	-0.196448	-0.163228	-0.150124	-0.152192	-0.142728	-0.113989	-0.0929097	-0.0836634	-0.0655144	-0.0338006	0.0129497	0.0705217	0.125951	0.192851	0.291185	0.385203	0.431221	0.431994	0.388584	0.273906	0.0748808	-0.183318	-0.457096	-0.697809	-0.861714	-0.924804	-0.882741	-0.752732	-0.568492	-0.356035	-0.135369	0.065534	0.221536	0.312561	0.334611	0.309444	0.245225	0.136291	0	
0	-0.0341736	-0.0682	-0.101893	-0.135323	-0.168241	-0.2013	-0.234419	-0.269302	-0.306504	-0.349083	-0.399293	-0.458905	-0.534011	-0.617605	-0.717278	-0.812729	-0.900123	-0.953267	-0.953642	-0.880835	-0.733031	-0.51113	-0.249612	0.0112143	0.232017	0.369527	0.405774	0.340997	0.192117	-0.0145982	-0.25092	-0.485136	-0.680793	-0.815176	-0.881276	-0.882876	-0.831055	-0.746479	-0.649883	-0.570261	-0.518621	-0.505145	-0.506615	-0.510728	-0.504673	-0.50144	-0.496206	-0.4872	-0.464998	-0.436173	-0.41702	-0.409134	-0.40162	-0.390785	-0.374052	-0.355994	-0.329854	-0.30709	-0.297098	-0.294576	-0.274598	-0.237022	-0.219127	-0.218053	-0.204299	-0.172514	-0.148106	-0.13214	-0.109482	-0.0735973	-0.0211175	0.04057	0.101516	0.177295	0.281028	0.377417	0.430069	0.431706	0.388703	0.282827	0.0838327	-0.179226	-0.454801	-0.702439	-0.876895	-0.95191	-0.920929	-0.800947	-0.626771	-0.415163	-0.180738	0.0388494	0.205882	0.305018	0.340155	0.321836	0.255661	0.143642	0	
0	-0.0367975	-0.072006	-0.109851	-0.143984	-0.181762	-0.216431	-0.253802	-0.292096	-0.331979	-0.379353	-0.431123	-0.495294	-0.572784	-0.659886	-0.763388	-0.863251	-0.953267	-1.01298	-1.01238	-0.9454	-0.79468	-0.57315	-0.311187	-0.0453876	0.182321	0.324594	0.379449	0.331129	0.191519	-0.0128369	-0.254541	-0.497177	-0.70275	-0.849795	-0.929164	-0.939536	-0.901488	-0.831746	-0.744833	-0.660517	-0.60605	-0.583917	-0.581159	-0.581541	-0.57653	-0.574427	-0.578892	-0.57894	-0.558581	-0.528961	-0.50609	-0.497578	-0.491605	-0.484957	-0.471311	-0.453769	-0.423904	-0.400739	-0.389394	-0.387579	-0.365684	-0.327334	-0.30703	-0.297593	-0.282462	-0.248549	-0.219297	-0.197424	-0.167766	-0.127237	-0.0712523	-0.00558007	0.0625873	0.14703	0.255697	0.356148	0.415436	0.42305	0.386231	0.283625	0.084493	-0.177524	-0.457115	-0.709222	-0.884681	-0.969271	-0.955774	-0.852763	-0.688279	-0.475389	-0.231488	0.00467545	0.187906	0.296061	0.337351	0.323447	0.261411	0.151354	0	
0	-0.034571	-0.0723197	-0.104207	-0.141196	-0.173883	-0.207803	-0.243202	-0.277986	-0.318862	-0.362831	-0.418099	-0.482119	-0.562566	-0.654615	-0.758335	-0.862524	-0.953642	-1.01238	-1.01374	-0.94845	-0.799468	-0.582879	-0.324469	-0.055534	0.17586	0.333775	0.402539	0.365649	0.237003	0.040832	-0.205157	-0.453779	-0.671921	-0.829695	-0.920436	-0.943474	-0.92502	-0.870047	-0.791622	-0.709735	-0.65533	-0.626069	-0.617113	-0.617093	-0.611934	-0.6136	-0.628871	-0.639435	-0.626906	-0.599614	-0.578559	-0.568126	-0.568156	-0.566922	-0.5609	-0.545408	-0.515809	-0.494548	-0.482889	-0.48092	-0.458861	-0.425626	-0.401108	-0.386538	-0.37029	-0.338167	-0.308919	-0.279379	-0.246445	-0.200689	-0.139791	-0.0704971	0.00936549	0.10475	0.21794	0.320068	0.384155	0.400188	0.368155	0.268551	0.0772562	-0.179589	-0.46022	-0.711785	-0.892003	-0.989685	-0.989723	-0.902764	-0.750961	-0.538768	-0.286131	-0.0337134	0.16427	0.27879	0.326037	0.319587	0.261669	0.152568	0	
0	-0.0243238	-0.0516246	-0.0744094	-0.102789	-0.128204	-0.155614	-0.186895	-0.216926	-0.254746	-0.297693	-0.347536	-0.412951	-0.489316	-0.580324	-0.684656	-0.789503	-0.880835	-0.9454	-0.94845	-0.885368	-0.740825	-0.52532	-0.267017	0.000446968	0.233526	0.396593	0.478557	0.456513	0.344704	0.154401	-0.0894117	-0.347811	-0.575237	-0.745176	-0.846948	-0.888753	-0.88523	-0.847482	-0.782258	-0.709396	-0.654954	-0.618317	-0.606556	-0.604783	-0.600249	-0.60561	-0.632021	-0.653963	-0.650487	-0.632702	-0.611321	-0.603551	-0.60677	-0.614989	-0.618547	-0.606755	-0.584909	-0.567404	-0.56145	-0.560028	-0.544838	-0.522519	-0.49789	-0.480469	-0.464799	-0.437224	-0.406084	-0.371746	-0.333105	-0.283754	-0.222249	-0.148662	-0.0639625	0.0410681	0.158873	0.259929	0.33544	0.365297	0.339021	0.243198	0.0568912	-0.195403	-0.472766	-0.720404	-0.900049	-1.00498	-1.02131	-0.955922	-0.817741	-0.605841	-0.344137	-0.0770119	0.1328	0.253127	0.307267	0.308719	0.253341	0.145471	0	
0	-0.0100378	-0.0204937	-0.0305112	-0.0430054	-0.0533567	-0.0692535	-0.0834124	-0.104109	-0.129397	-0.161576	-0.206774	-0.264514	-0.338549	-0.429756	-0.533018	-0.637783	-0.733031	-0.79468	-0.799468	-0.740825	-0.597739	-0.389725	-0.140484	0.122499	0.354904	0.525337	0.617468	0.609572	0.513502	0.331296	0.0869548	-0.173196	-0.4083	-0.592719	-0.709675	-0.763469	-0.776223	-0.759429	-0.709861	-0.646082	-0.591946	-0.551656	-0.535479	-0.530845	-0.524845	-0.535181	-0.571281	-0.602785	-0.614146	-0.606889	-0.591695	-0.586229	-0.596176	-0.616622	-0.630623	-0.629728	-0.616795	-0.609889	-0.609794	-0.609531	-0.605757	-0.594592	-0.573839	-0.557039	-0.544332	-0.526053	-0.499449	-0.464535	-0.428273	-0.379331	-0.316686	-0.243713	-0.149842	-0.0346827	0.0838352	0.188787	0.270115	0.309166	0.291089	0.194952	0.0168746	-0.22179	-0.491634	-0.733289	-0.912968	-1.02525	-1.05673	-1.01376	-0.88781	-0.672431	-0.405033	-0.131364	0.0913183	0.222121	0.278435	0.283863	0.236886	0.13664	0	
0	0.0124112	0.0237006	0.0352886	0.0439396	0.0523526	0.0557313	0.0580479	0.0517567	0.0415392	0.0191379	-0.0149503	-0.0639858	-0.132195	-0.216823	-0.315278	-0.419099	-0.51113	-0.57315	-0.582879	-0.52532	-0.389725	-0.190351	0.0530105	0.310695	0.536577	0.710968	0.809531	0.815971	0.730965	0.558699	0.323447	0.0610294	-0.187679	-0.38298	-0.509057	-0.581063	-0.614008	-0.614204	-0.578795	-0.529945	-0.47976	-0.435756	-0.414224	-0.404351	-0.396995	-0.410687	-0.452963	-0.492614	-0.518662	-0.523611	-0.514689	-0.512088	-0.527428	-0.557382	-0.582394	-0.591901	-0.591655	-0.597079	-0.604235	-0.610026	-0.620384	-0.624862	-0.615234	-0.604589	-0.600905	-0.594454	-0.574039	-0.545562	-0.512372	-0.465534	-0.40778	-0.334359	-0.239118	-0.124023	-0.00365433	0.0999728	0.185252	0.238424	0.225119	0.129891	-0.0373565	-0.26536	-0.525093	-0.757769	-0.934838	-1.05219	-1.10056	-1.07482	-0.956643	-0.745814	-0.476515	-0.191978	0.0412389	0.176948	0.237226	0.250636	0.210992	0.118909	0	
0	0.036562	0.0724945	0.106908	0.13949	0.16874	0.194463	0.215207	0.228166	0.234867	0.226701	0.20767	0.169143	0.110583	0.0348602	-0.059735	-0.158822	-0.249612	-0.311187	-0.324469	-0.267017	-0.140484	0.0530105	0.288611	0.533911	0.75443	0.927847	1.02796	1.04409	0.976046	0.816676	0.587827	0.320972	0.0684706	-0.137667	-0.280152	-0.368723	-0.41345	-0.432061	-0.417082	-0.383032	-0.333459	-0.288587	-0.259902	-0.242446	-0.228677	-0.244428	-0.285663	-0.331881	-0.368632	-0.385338	-0.382639	-0.382858	-0.401854	-0.438051	-0.473069	-0.493626	-0.507721	-0.525821	-0.541928	-0.555696	-0.580531	-0.599715	-0.60414	-0.604623	-0.611613	-0.61707	-0.60784	-0.591685	-0.567899	-0.53086	-0.481056	-0.412763	-0.323157	-0.211803	-0.0941856	0.00776413	0.0965817	0.155436	0.143342	0.0509251	-0.109381	-0.327623	-0.572753	-0.795529	-0.970516	-1.09051	-1.14968	-1.13991	-1.03573	-0.827517	-0.551128	-0.263969	-0.0274652	0.119493	0.187087	0.202903	0.171711	0.0965668	0	
0	0.0559123	0.114837	0.166182	0.221539	0.269662	0.314232	0.356451	0.385902	0.412109	0.420505	0.416578	0.391787	0.344748	0.27883	0.18996	0.100103	0.0112143	-0.0453876	-0.055534	0.000446968	0.122499	0.310695	0.533911	0.766125	0.980953	1.14856	1.25194	1.2821	1.22405	1.0741	0.853797	0.590392	0.332699	0.115522	-0.0400061	-0.143443	-0.205909	-0.243345	-0.244228	-0.223718	-0.181043	-0.137336	-0.0987502	-0.0688681	-0.0496955	-0.0607231	-0.0980225	-0.144908	-0.189916	-0.214441	-0.217348	-0.220754	-0.237781	-0.277431	-0.315824	-0.347224	-0.371424	-0.399716	-0.423171	-0.444788	-0.480263	-0.510206	-0.530933	-0.545504	-0.565919	-0.581899	-0.588427	-0.589976	-0.580089	-0.558446	-0.518232	-0.459507	-0.380982	-0.279774	-0.170619	-0.0710023	0.015265	0.0688021	0.0540213	-0.0379746	-0.196055	-0.402814	-0.63104	-0.845703	-1.01718	-1.14032	-1.21491	-1.21797	-1.11838	-0.91291	-0.638405	-0.351475	-0.110296	0.0449986	0.118354	0.140008	0.123045	0.0708478	0	
0	0.0693632	0.139873	0.205948	0.274254	0.335587	0.39577	0.449987	0.49477	0.533194	0.556137	0.562423	0.554214	0.51585	0.465021	0.389101	0.308182	0.232017	0.182321	0.17586	0.233526	0.354904	0.536577	0.75443	0.980953	1.19102	1.35274	1.45822	1.49435	1.44347	1.31113	1.1042	0.846923	0.582616	0.356532	0.183874	0.0671898	-0.0125816	-0.0643304	-0.087141	-0.08171	-0.048749	-0.00626733	0.0422609	0.0821385	0.1118	0.10797	0.0808185	0.0343145	-0.0115383	-0.0392011	-0.0482321	-0.0498836	-0.0639715	-0.0964661	-0.135084	-0.17078	-0.199518	-0.233858	-0.261021	-0.290457	-0.329993	-0.366577	-0.402643	-0.433784	-0.464832	-0.489938	-0.510966	-0.52931	-0.537081	-0.528118	-0.500811	-0.45517	-0.391658	-0.312716	-0.216225	-0.123625	-0.0485868	-0.00545002	-0.0280375	-0.120852	-0.276558	-0.478413	-0.698655	-0.908611	-1.07836	-1.20712	-1.29081	-1.29659	-1.2035	-1.01094	-0.743032	-0.456208	-0.212708	-0.0490155	0.035043	0.0629648	0.0593594	0.0363791	0	
0	0.0728856	0.144579	0.215551	0.286286	0.350554	0.418372	0.474056	0.530274	0.574996	0.6077	0.628993	0.628119	0.607037	0.56587	0.502838	0.431934	0.369527	0.324594	0.333775	0.396593	0.525337	0.710968	0.927847	1.14856	1.35274	1.50932	1.62022	1.66349	1.62882	1.51636	1.31953	1.06418	0.801799	0.570922	0.384297	0.251042	0.15263	0.0834836	0.0393431	0.0323577	0.0487322	0.0886796	0.141837	0.196243	0.234838	0.245057	0.227691	0.186765	0.147061	0.117713	0.106396	0.104375	0.0982204	0.0757589	0.0409366	0.00661195	-0.02355	-0.0580481	-0.0875084	-0.121702	-0.156138	-0.192823	-0.238176	-0.279142	-0.317404	-0.343993	-0.375304	-0.41081	-0.432509	-0.44054	-0.42728	-0.394847	-0.353946	-0.295197	-0.212972	-0.130544	-0.0657552	-0.0443141	-0.0833773	-0.18199	-0.345763	-0.548839	-0.764797	-0.971278	-1.14	-1.27757	-1.36972	-1.38107	-1.30172	-1.12134	-0.856817	-0.573916	-0.335349	-0.167822	-0.0720943	-0.0319147	-0.0135982	-0.000486384	0	
0	0.0638869	0.125787	0.191036	0.252207	0.315529	0.376904	0.43347	0.490151	0.535622	0.573478	0.599916	0.603286	0.594865	0.559463	0.511467	0.454603	0.405774	0.379449	0.402539	0.478557	0.617468	0.809531	1.02796	1.25194	1.45822	1.62022	1.73914	1.791	1.77437	1.67422	1.49363	1.25611	1.00385	0.760252	0.561497	0.410667	0.297055	0.205995	0.145061	0.116996	0.114355	0.145929	0.20256	0.264624	0.312558	0.337953	0.328717	0.296531	0.264388	0.236022	0.222063	0.21925	0.222148	0.211012	0.185272	0.158416	0.132107	0.105087	0.0741282	0.0434562	0.0199607	-0.0125358	-0.0574613	-0.107308	-0.146076	-0.171523	-0.210874	-0.252938	-0.28729	-0.305218	-0.298073	-0.279532	-0.254238	-0.214085	-0.150344	-0.0796204	-0.0339517	-0.0398598	-0.0981337	-0.207471	-0.377609	-0.586645	-0.808505	-1.01792	-1.19676	-1.34818	-1.44735	-1.4665	-1.39495	-1.22546	-0.98371	-0.717801	-0.479746	-0.306155	-0.198899	-0.141255	-0.0981258	-0.0472459	0	
0	0.0495133	0.099163	0.149475	0.198211	0.25059	0.296937	0.348624	0.391587	0.433643	0.467618	0.488832	0.498438	0.489962	0.463025	0.424421	0.378739	0.340997	0.331129	0.365649	0.456513	0.609572	0.815971	1.04409	1.2821	1.49435	1.66349	1.791	1.85832	1.85998	1.78592	1.63318	1.41405	1.16548	0.922244	0.717951	0.5504	0.418849	0.306945	0.226728	0.173612	0.151891	0.170239	0.222916	0.286319	0.346354	0.385482	0.382749	0.362427	0.339026	0.315109	0.298104	0.295205	0.305231	0.303444	0.291133	0.271915	0.25543	0.234084	0.203083	0.180569	0.166105	0.144612	0.103699	0.0542793	0.0219643	-0.00125697	-0.0357772	-0.0768266	-0.116229	-0.134628	-0.133004	-0.124359	-0.109801	-0.0849984	-0.0347077	0.0247876	0.0521318	0.0239988	-0.0526991	-0.176987	-0.358678	-0.580419	-0.817878	-1.04069	-1.2318	-1.39424	-1.50278	-1.53179	-1.47513	-1.33401	-1.12145	-0.866813	-0.633472	-0.46493	-0.348534	-0.266165	-0.190237	-0.0974272	0	
0	0.0314265	0.0658879	0.0963393	0.131859	0.165468	0.198769	0.236071	0.265237	0.298801	0.320923	0.336359	0.34215	0.3269	0.304241	0.263191	0.222665	0.192117	0.191519	0.237003	0.344704	0.513502	0.730965	0.976046	1.22405	1.44347	1.62882	1.77437	1.85998	1.89017	1.84586	1.71905	1.52514	1.29692	1.06449	0.855616	0.676683	0.526775	0.39492	0.29558	0.220115	0.175215	0.173189	0.215417	0.276643	0.348044	0.393318	0.399115	0.389566	0.376009	0.355315	0.336427	0.333208	0.343937	0.350355	0.349512	0.34119	0.335902	0.318358	0.291672	0.277994	0.272806	0.263698	0.231493	0.192248	0.166777	0.147073	0.123714	0.0880423	0.0524604	0.0384053	0.0378221	0.0452861	0.0565794	0.0778972	0.12549	0.173325	0.186078	0.144795	0.0484289	-0.0927923	-0.283243	-0.521505	-0.778172	-1.01364	-1.22179	-1.40139	-1.52158	-1.56775	-1.53583	-1.4229	-1.24111	-1.01424	-0.798199	-0.635136	-0.510531	-0.40137	-0.285466	-0.147576	0	
0	0.0144363	0.0301917	0.0446425	0.063126	0.0791458	0.0989775	0.118291	0.134987	0.153438	0.161896	0.165723	0.158272	0.134306	0.102622	0.0567711	0.0140857	-0.0145982	-0.0128369	0.040832	0.154401	0.331296	0.558699	0.816676	1.0741	1.31113	1.51636	1.67422	1.78592	1.84586	1.8316	1.74117	1.58776	1.38803	1.17419	0.967843	0.782848	0.619235	0.476513	0.357265	0.25707	0.186032	0.165515	0.188633	0.244446	0.318377	0.369319	0.382914	0.383993	0.377284	0.360813	0.343125	0.33798	0.344955	0.356416	0.365195	0.370234	0.375376	0.360872	0.342976	0.335865	0.339278	0.338687	0.318812	0.29564	0.272667	0.258502	0.246129	0.22055	0.197895	0.190132	0.19492	0.207338	0.222562	0.253419	0.302401	0.340423	0.345713	0.299047	0.193448	0.0435992	-0.154591	-0.405259	-0.677254	-0.934097	-1.16457	-1.35455	-1.48576	-1.5552	-1.55085	-1.4717	-1.33365	-1.14691	-0.954623	-0.801014	-0.669869	-0.53301	-0.380493	-0.201897	0	
0	-0.000319638	-0.00167518	-0.000353967	-0.000112618	0.0014794	0.00503427	0.005754	0.00903977	0.00789303	0.00196143	-0.00832898	-0.0317377	-0.0653277	-0.108893	-0.164367	-0.214636	-0.25092	-0.254541	-0.205157	-0.0894117	0.0869548	0.323447	0.587827	0.853797	1.1042	1.31953	1.49363	1.63318	1.71905	1.74117	1.70032	1.58865	1.42392	1.23677	1.04844	0.869218	0.703327	0.546126	0.408532	0.288159	0.200014	0.151666	0.150408	0.194576	0.267918	0.318971	0.340069	0.347995	0.346901	0.335778	0.322219	0.313614	0.315255	0.328124	0.344487	0.36452	0.375931	0.369105	0.357854	0.358159	0.364875	0.367895	0.365931	0.355941	0.338753	0.330019	0.32693	0.318305	0.309781	0.31039	0.322782	0.340292	0.364831	0.411373	0.466618	0.500991	0.508709	0.46901	0.366035	0.215113	0.010421	-0.248701	-0.531125	-0.806328	-1.04867	-1.24226	-1.38691	-1.47778	-1.50406	-1.47122	-1.38233	-1.23702	-1.07589	-0.940397	-0.812357	-0.656709	-0.464952	-0.242278	0	
0	-0.0165552	-0.0313387	-0.0481123	-0.0604521	-0.0755437	-0.0860038	-0.0988381	-0.109915	-0.124093	-0.142148	-0.166785	-0.202566	-0.248737	-0.307642	-0.374234	-0.436831	-0.485136	-0.497177	-0.453779	-0.347811	-0.173196	0.0610294	0.320972	0.590392	0.846923	1.06418	1.25611	1.41405	1.52514	1.58776	1.58865	1.51646	1.40071	1.2577	1.09776	0.931928	0.76667	0.605825	0.460164	0.32886	0.218596	0.141841	0.117811	0.148377	0.21035	0.257454	0.285302	0.295853	0.297886	0.290832	0.281513	0.267243	0.261958	0.269446	0.291092	0.319572	0.338609	0.338961	0.337235	0.344625	0.350673	0.36187	0.37481	0.380388	0.370441	0.365291	0.371138	0.375837	0.380625	0.389966	0.40977	0.434541	0.474944	0.539512	0.602557	0.642745	0.655477	0.625807	0.539423	0.391759	0.184175	-0.0686335	-0.354081	-0.639555	-0.879961	-1.07302	-1.22581	-1.33249	-1.39561	-1.4072	-1.35619	-1.25896	-1.14825	-1.03913	-0.915545	-0.74867	-0.526537	-0.267937	0	
0	-0.0301337	-0.0569921	-0.0876488	-0.112091	-0.139126	-0.162888	-0.18591	-0.210525	-0.234622	-0.26539	-0.300006	-0.347191	-0.403307	-0.472711	-0.548699	-0.622523	-0.680793	-0.70275	-0.671921	-0.575237	-0.4083	-0.187679	0.0684706	0.332699	0.582616	0.801799	1.00385	1.16548	1.29692	1.38803	1.42392	1.40071	1.34026	1.23905	1.11349	0.972403	0.824175	0.6701	0.521708	0.380716	0.254228	0.157792	0.112141	0.119993	0.161767	0.205891	0.234323	0.242068	0.242395	0.238314	0.229887	0.208807	0.195099	0.192659	0.214007	0.245502	0.271027	0.280206	0.288023	0.298213	0.30475	0.321542	0.346509	0.363928	0.362371	0.365112	0.376986	0.394847	0.412744	0.432156	0.460391	0.494986	0.551489	0.627255	0.700814	0.749731	0.769498	0.75916	0.691155	0.55276	0.355077	0.108084	-0.174157	-0.448642	-0.678484	-0.867183	-1.01506	-1.12856	-1.2195	-1.2655	-1.25514	-1.21185	-1.15203	-1.07158	-0.956081	-0.78862	-0.560088	-0.286926	0	
0	-0.0363303	-0.0731774	-0.107613	-0.142889	-0.174587	-0.208106	-0.236957	-0.270723	-0.302234	-0.339848	-0.385823	-0.437089	-0.505445	-0.581689	-0.665202	-0.750674	-0.815176	-0.849795	-0.829695	-0.745176	-0.592719	-0.38298	-0.137667	0.115522	0.356532	0.570922	0.760252	0.922244	1.06449	1.17419	1.23677	1.2577	1.23905	1.18294	1.1003	0.99805	0.873705	0.731118	0.585695	0.449158	0.316907	0.207764	0.140219	0.124717	0.148156	0.187874	0.208685	0.211492	0.208747	0.20554	0.19084	0.164121	0.137724	0.122075	0.13239	0.15821	0.18688	0.201765	0.21583	0.223708	0.232003	0.253237	0.283835	0.308505	0.318807	0.33126	0.3495	0.376514	0.404286	0.436226	0.473145	0.5219	0.592935	0.675022	0.759686	0.82036	0.853434	0.859634	0.809133	0.689714	0.502622	0.26305	-0.00367453	-0.259655	-0.470586	-0.637183	-0.769044	-0.885172	-0.992215	-1.06261	-1.08854	-1.08725	-1.06895	-1.02626	-0.936291	-0.78003	-0.552412	-0.279011	0	
0	-0.0335724	-0.0690801	-0.100947	-0.136567	-0.168638	-0.202886	-0.236636	-0.272264	-0.309276	-0.353455	-0.401987	-0.461942	-0.536139	-0.616738	-0.713207	-0.804636	-0.881276	-0.929164	-0.920436	-0.846948	-0.709675	-0.509057	-0.280152	-0.0400061	0.183874	0.384297	0.561497	0.717951	0.855616	0.967843	1.04844	1.09776	1.11349	1.1003	1.06632	1.00122	0.902672	0.777492	0.65448	0.527276	0.395876	0.280637	0.204599	0.16973	0.179617	0.209361	0.221993	0.222023	0.217712	0.209301	0.18686	0.154167	0.115181	0.0821553	0.0716371	0.0850564	0.108539	0.127297	0.1369	0.140594	0.149037	0.169483	0.198161	0.221968	0.244799	0.267967	0.292444	0.323142	0.358975	0.401403	0.449348	0.515571	0.594044	0.68222	0.778076	0.854302	0.909815	0.929518	0.893692	0.79472	0.618982	0.389857	0.143042	-0.0832374	-0.261444	-0.40225	-0.519936	-0.62966	-0.732669	-0.813697	-0.869331	-0.899563	-0.915712	-0.914635	-0.855854	-0.716627	-0.506749	-0.25591	0	
0	-0.0255733	-0.0496822	-0.0768421	-0.10081	-0.128862	-0.155151	-0.184551	-0.21665	-0.252347	-0.296213	-0.348543	-0.413811	-0.493898	-0.585506	-0.691217	-0.79118	-0.882876	-0.939536	-0.943474	-0.888753	-0.763469	-0.581063	-0.368723	-0.143443	0.0671898	0.251042	0.410667	0.5504	0.676683	0.782848	0.869218	0.931928	0.972403	0.99805	1.00122	0.96799	0.900298	0.808054	0.704655	0.586132	0.466449	0.364105	0.286303	0.238666	0.242706	0.26387	0.274418	0.274752	0.27147	0.255896	0.22861	0.190836	0.140063	0.0874399	0.0521291	0.0447232	0.0599597	0.0731993	0.0746433	0.0733437	0.0790183	0.0969011	0.111854	0.130793	0.15884	0.188116	0.215709	0.241661	0.279209	0.328581	0.39149	0.472289	0.558725	0.653537	0.756948	0.856718	0.93321	0.962815	0.944724	0.863381	0.705214	0.495857	0.271065	0.0769642	-0.0678175	-0.18092	-0.278369	-0.3751	-0.467584	-0.550565	-0.622964	-0.674898	-0.722608	-0.758841	-0.72623	-0.610833	-0.440945	-0.231974	0	
0	-0.011292	-0.0211329	-0.0351576	-0.046391	-0.0638377	-0.0801939	-0.102968	-0.129382	-0.161746	-0.205597	-0.256308	-0.325867	-0.406997	-0.505525	-0.61638	-0.727696	-0.831055	-0.901488	-0.92502	-0.88523	-0.776223	-0.614008	-0.41345	-0.205909	-0.0125816	0.15263	0.297055	0.418849	0.526775	0.619235	0.703327	0.76667	0.824175	0.873705	0.902672	0.900298	0.868271	0.798481	0.707828	0.606596	0.510056	0.420472	0.342701	0.299423	0.305154	0.323154	0.335578	0.345234	0.347416	0.33144	0.307045	0.267097	0.211484	0.142936	0.0851628	0.0562627	0.057008	0.0586125	0.0493314	0.0409774	0.0424225	0.0477707	0.0458002	0.0540512	0.076874	0.110313	0.135513	0.154957	0.188742	0.239582	0.314148	0.401684	0.48965	0.585865	0.699586	0.820218	0.917247	0.967371	0.963075	0.898575	0.766502	0.577477	0.379425	0.222768	0.111441	0.0240246	-0.0575248	-0.139442	-0.217095	-0.298265	-0.380366	-0.450255	-0.521504	-0.582541	-0.582269	-0.504749	-0.369789	-0.195395	0	
0	0.000890967	0.000599827	0.000233359	-0.00319846	-0.0074193	-0.0166211	-0.0278079	-0.0464898	-0.0714453	-0.1057	-0.155297	-0.217104	-0.300331	-0.400134	-0.513955	-0.635454	-0.746479	-0.831746	-0.870047	-0.847482	-0.759429	-0.614204	-0.432061	-0.243345	-0.0643304	0.0834836	0.205995	0.306945	0.39492	0.476513	0.546126	0.605825	0.6701	0.731118	0.777492	0.808054	0.798481	0.743969	0.668704	0.588415	0.504206	0.423867	0.359307	0.331972	0.34093	0.360548	0.385503	0.412203	0.425138	0.420721	0.404624	0.370106	0.313389	0.236138	0.160753	0.109842	0.0914926	0.0747564	0.0571141	0.0438297	0.0385496	0.0314824	0.0171798	0.0132104	0.0268592	0.0559654	0.0756894	0.0873438	0.107676	0.155073	0.231114	0.314778	0.40081	0.497662	0.620714	0.755716	0.869897	0.938027	0.948459	0.903722	0.795923	0.638437	0.477314	0.351088	0.267828	0.2044	0.140212	0.0712518	-0.0033553	-0.0822619	-0.166583	-0.257598	-0.346236	-0.418818	-0.454853	-0.42199	-0.312058	-0.159928	0	
0	0.00581178	0.0096857	0.0155922	0.0175673	0.0199721	0.0191288	0.0145467	0.00529416	-0.0106099	-0.0382416	-0.0763907	-0.132784	-0.208896	-0.301846	-0.415466	-0.536103	-0.649883	-0.744833	-0.791622	-0.782258	-0.709861	-0.578795	-0.417082	-0.244228	-0.087141	0.0393431	0.145061	0.226728	0.29558	0.357265	0.408532	0.460164	0.521708	0.585695	0.65448	0.704655	0.707828	0.668704	0.610593	0.535404	0.454095	0.383934	0.334643	0.317069	0.327633	0.358101	0.399657	0.443321	0.473698	0.491311	0.493205	0.469971	0.420714	0.344764	0.261239	0.19497	0.152596	0.119378	0.095241	0.0779604	0.0639164	0.0455659	0.0256675	0.0100251	0.00966775	0.0283662	0.0429125	0.0473193	0.0572035	0.0968929	0.163275	0.238016	0.315026	0.412036	0.542445	0.680027	0.803397	0.886839	0.912673	0.883197	0.797745	0.678326	0.554873	0.45987	0.402957	0.352941	0.298155	0.235266	0.159013	0.0807692	-0.00749356	-0.111801	-0.213345	-0.3051	-0.368479	-0.361021	-0.277574	-0.149366	0	
0	0.00616894	0.0121113	0.0180174	0.0227876	0.0275382	0.0292064	0.0297856	0.0246654	0.0139763	-0.00580231	-0.0390081	-0.0867048	-0.155072	-0.240501	-0.346703	-0.458035	-0.570261	-0.660517	-0.709735	-0.709396	-0.646082	-0.529945	-0.383032	-0.223718	-0.08171	0.0323577	0.116996	0.173612	0.220115	0.25707	0.288159	0.32886	0.380716	0.449158	0.527276	0.586132	0.606596	0.588415	0.535404	0.457023	0.377101	0.309951	0.265198	0.248015	0.265694	0.307344	0.362416	0.420866	0.477242	0.527146	0.55421	0.552423	0.519515	0.456511	0.377287	0.298926	0.235031	0.18496	0.154269	0.129823	0.102596	0.0795155	0.0574491	0.0328272	0.0181652	0.0226954	0.0327785	0.0353182	0.0408736	0.0719007	0.124913	0.186064	0.25636	0.355686	0.4856	0.619135	0.738813	0.827389	0.870274	0.854862	0.79115	0.708147	0.617741	0.544564	0.493494	0.444747	0.398867	0.339337	0.258105	0.172971	0.0799603	-0.0252284	-0.137316	-0.246734	-0.31983	-0.327144	-0.268322	-0.152999	0	
0	0.00536824	0.0106319	0.0150586	0.019713	0.0216548	0.0241252	0.0221977	0.0178741	0.0089313	-0.00983569	-0.0357189	-0.0785272	-0.136951	-0.213278	-0.309105	-0.41355	-0.518621	-0.60605	-0.65533	-0.654954	-0.591946	-0.47976	-0.333459	-0.181043	-0.048749	0.0487322	0.114355	0.151891	0.175215	0.186032	0.200014	0.218596	0.254228	0.316907	0.395876	0.466449	0.510056	0.504206	0.454095	0.377101	0.292636	0.219114	0.167448	0.14719	0.166137	0.212835	0.272291	0.343816	0.429225	0.511604	0.571916	0.599367	0.59466	0.556064	0.490826	0.409729	0.330065	0.267358	0.226411	0.186851	0.148476	0.122756	0.0997916	0.0695981	0.0411077	0.0342699	0.0401936	0.0448919	0.0550514	0.0775938	0.113531	0.162737	0.228379	0.328857	0.459897	0.588163	0.701417	0.795528	0.851432	0.848519	0.799338	0.732181	0.658457	0.592271	0.535383	0.48155	0.427802	0.359468	0.274084	0.179166	0.0840149	-0.00736486	-0.112656	-0.223386	-0.299762	-0.320275	-0.272047	-0.154867	0	
