0	0	0	0	0	0	0	0	0	0	0	0	0	0	0	0	0	0	0	0	0	0	0	0	0	0	0	0	0	0	0	0	0	0	0	0	0	0	0	0	0	0	0	0	0	0	0	0	0	0	0	0	0	0	0	0	0	0	0	0	0	0	0	0	0	0	0	0	0	0	0	0	0	0	0	0	0	0	0	0	0	0	0	0	0	0	0	0	0	0	0	0	0	0	0	0	0	0	0	0	
0	-0.0351138	-0.0640647	-0.082074	-0.0852289	-0.0719612	-0.0408991	0.00272283	0.0512395	0.0972102	0.137265	0.169299	0.194383	0.21843	0.243909	0.268838	0.28343	0.277852	0.246012	0.196116	0.139425	0.0833722	0.0314982	-0.0110885	-0.0397777	-0.0559511	-0.0593274	-0.0561456	-0.0515652	-0.0525617	-0.0621579	-0.0791838	-0.0998484	-0.118999	-0.130554	-0.133577	-0.126824	-0.113925	-0.0951028	-0.0728877	-0.0447341	-0.0097392	0.0263429	0.0499474	0.0557997	0.0400709	0.0106758	-0.0265768	-0.0661419	-0.102511	-0.130006	-0.151032	-0.168973	-0.183532	-0.189511	-0.181362	-0.151923	-0.100119	-0.0310819	0.0476215	0.126826	0.201184	0.269882	0.33282	0.390868	0.438541	0.4711	0.48968	0.494984	0.491411	0.484023	0.474035	0.45363	0.416569	0.361414	0.290681	0.212077	0.13468	0.0651216	0.0063061	-0.0438106	-0.08366	-0.114033	-0.139437	-0.158548	-0.177091	-0.196482	-0.213554	-0.224757	-0.223617	-0.209796	-0.18564	-0.158776	-0.135465	-0.118159	-0.105846	-0.090804	-0.0686224	-0.0378672	0	
0	-0.0640647	-0.118942	-0.153532	-0.163517	-0.140131	-0.0857449	-0.00594567	0.0802343	0.163025	0.237314	0.300203	0.353982	0.40353	0.452991	0.494932	0.515589	0.498942	0.4368	0.343445	0.238118	0.131196	0.0307006	-0.0523617	-0.106963	-0.135551	-0.142064	-0.13768	-0.133384	-0.137747	-0.152812	-0.17755	-0.207428	-0.237396	-0.261241	-0.271308	-0.265331	-0.241755	-0.201537	-0.151589	-0.0927795	-0.0243994	0.0373887	0.0756787	0.0802387	0.0507968	0.00116752	-0.0591266	-0.12705	-0.192602	-0.247263	-0.293097	-0.330522	-0.357198	-0.362329	-0.337807	-0.272468	-0.171405	-0.0424296	0.101853	0.244249	0.379092	0.506669	0.624146	0.730776	0.817906	0.878613	0.915193	0.932184	0.932236	0.921335	0.900882	0.858366	0.787999	0.687177	0.563778	0.426067	0.288462	0.165073	0.0593787	-0.0313478	-0.107006	-0.166733	-0.222215	-0.271705	-0.315213	-0.355343	-0.38602	-0.401532	-0.399893	-0.383289	-0.352553	-0.317418	-0.281137	-0.243729	-0.207781	-0.165483	-0.115971	-0.0612894	0	
0	-0.082074	-0.153532	-0.203656	-0.220596	-0.197123	-0.128675	-0.0296829	0.0797381	0.18518	0.285493	0.37823	0.460881	0.537267	0.603972	0.653585	0.668396	0.634484	0.542859	0.41407	0.269851	0.12267	-0.0190931	-0.136727	-0.213656	-0.255669	-0.2675	-0.268755	-0.268826	-0.276256	-0.291189	-0.311647	-0.338379	-0.371139	-0.400527	-0.419553	-0.413142	-0.379814	-0.317338	-0.239806	-0.15211	-0.0596076	0.0221905	0.06572	0.0693574	0.032085	-0.0244478	-0.0936936	-0.174493	-0.261197	-0.338769	-0.405619	-0.459373	-0.490496	-0.484596	-0.434969	-0.334782	-0.191254	-0.0195941	0.166372	0.35121	0.527476	0.693273	0.844552	0.981939	1.09347	1.17394	1.23188	1.26636	1.2776	1.26775	1.23705	1.17279	1.07309	0.94489	0.794552	0.631571	0.468212	0.315464	0.181396	0.062375	-0.0384479	-0.126483	-0.215906	-0.296323	-0.370377	-0.432052	-0.473244	-0.496842	-0.501718	-0.495369	-0.477285	-0.449466	-0.409298	-0.355112	-0.29266	-0.220286	-0.145615	-0.0735029	0	
0	-0.0852289	-0.163517	-0.220596	-0.249066	-0.231186	-0.167484	-0.0644569	0.0500291	0.167726	0.288105	0.406774	0.517384	0.614401	0.694657	0.745156	0.751645	0.698852	0.580762	0.421297	0.247832	0.0704861	-0.100902	-0.247036	-0.348253	-0.410023	-0.438957	-0.451145	-0.457058	-0.463937	-0.471718	-0.483701	-0.502846	-0.530246	-0.558733	-0.571146	-0.55607	-0.506197	-0.423352	-0.325496	-0.220288	-0.108439	-0.0142251	0.0401445	0.046676	0.0108172	-0.0443959	-0.111445	-0.196696	-0.291487	-0.379373	-0.456211	-0.513561	-0.540713	-0.520607	-0.450249	-0.322651	-0.155811	0.0369364	0.242711	0.443083	0.634658	0.81775	0.984091	1.1327	1.25474	1.34754	1.41996	1.47336	1.49817	1.49092	1.45256	1.37289	1.25874	1.11913	0.967265	0.805225	0.642083	0.491349	0.354911	0.226448	0.107508	0.000519957	-0.110785	-0.214587	-0.304132	-0.381414	-0.440885	-0.483242	-0.512727	-0.531739	-0.531779	-0.514857	-0.474808	-0.411002	-0.336091	-0.249597	-0.162294	-0.0816312	0	
0	-0.0719612	-0.140131	-0.197123	-0.231186	-0.229829	-0.18065	-0.0922959	0.0173184	0.138261	0.272874	0.411357	0.538309	0.647779	0.732923	0.784956	0.785141	0.719412	0.579201	0.396357	0.200917	0.00584053	-0.185852	-0.355768	-0.484294	-0.576898	-0.630971	-0.661794	-0.675229	-0.681661	-0.685873	-0.691026	-0.701982	-0.718656	-0.727267	-0.717709	-0.674392	-0.601138	-0.5001	-0.391688	-0.278698	-0.159447	-0.0494151	0.0178753	0.0410643	0.0188663	-0.0221512	-0.078648	-0.157068	-0.251696	-0.338685	-0.410428	-0.460155	-0.474697	-0.440441	-0.357656	-0.225888	-0.0595805	0.125806	0.32134	0.514305	0.70062	0.877881	1.03905	1.18735	1.30983	1.40511	1.48623	1.54697	1.57688	1.57301	1.53717	1.45906	1.34577	1.21322	1.07122	0.925729	0.785327	0.654303	0.534128	0.413991	0.299497	0.192103	0.0784826	-0.0228969	-0.117893	-0.207551	-0.287248	-0.360606	-0.418691	-0.460657	-0.477405	-0.470299	-0.439213	-0.38699	-0.325258	-0.249864	-0.168541	-0.087327	0	
0	-0.0408991	-0.0857449	-0.128675	-0.167484	-0.18065	-0.1569	-0.0881091	0.00684824	0.125579	0.265688	0.411739	0.543915	0.653506	0.740882	0.79429	0.795968	0.724372	0.573314	0.375148	0.167461	-0.0417291	-0.251363	-0.447246	-0.607541	-0.731688	-0.813685	-0.862903	-0.887292	-0.900136	-0.904855	-0.906659	-0.906344	-0.901445	-0.88332	-0.838119	-0.763309	-0.66284	-0.543998	-0.426586	-0.309806	-0.181554	-0.0605557	0.0279286	0.0734476	0.0784069	0.0647997	0.0340817	-0.0263465	-0.108119	-0.184821	-0.246472	-0.284512	-0.29001	-0.250082	-0.171161	-0.0486874	0.0960955	0.252768	0.414883	0.569779	0.719633	0.869175	1.01241	1.15088	1.27276	1.37044	1.45016	1.50971	1.53916	1.53696	1.50872	1.4431	1.34369	1.22251	1.0975	0.973674	0.860376	0.76659	0.685134	0.598822	0.510686	0.427671	0.333964	0.243287	0.153678	0.0558356	-0.0429777	-0.135898	-0.215301	-0.274948	-0.306212	-0.317944	-0.309227	-0.28372	-0.251226	-0.201641	-0.141178	-0.0757133	0	
0	0.00272283	-0.00594567	-0.0296829	-0.0644569	-0.0922959	-0.0881091	-0.0424556	0.0355352	0.140158	0.271244	0.409368	0.532683	0.635716	0.720076	0.776946	0.782799	0.716708	0.567346	0.370632	0.158472	-0.0608087	-0.291622	-0.515222	-0.704225	-0.855225	-0.958811	-1.02767	-1.07019	-1.09667	-1.10872	-1.1042	-1.08533	-1.05303	-0.999802	-0.921905	-0.815076	-0.690684	-0.555333	-0.42838	-0.305801	-0.171987	-0.0359429	0.0715298	0.147121	0.187302	0.213296	0.220804	0.192894	0.134606	0.0757758	0.0277941	-0.00391644	-0.00868126	0.0226715	0.0871866	0.184494	0.297471	0.412455	0.523038	0.619701	0.710257	0.806474	0.912379	1.03639	1.15577	1.25688	1.34229	1.40322	1.43122	1.43106	1.40924	1.35129	1.26017	1.1524	1.04472	0.947365	0.873056	0.82285	0.789754	0.753768	0.715909	0.676582	0.613767	0.541887	0.45534	0.354871	0.25391	0.156974	0.0749998	0.00665503	-0.0442247	-0.0838146	-0.110374	-0.122078	-0.125812	-0.109977	-0.0804513	-0.0460702	0	
0	0.0512395	0.0802343	0.0797381	0.0500291	0.0173184	0.00684824	0.0355352	0.0891811	0.166817	0.26926	0.383337	0.488819	0.581377	0.665054	0.727449	0.74702	0.697251	0.568971	0.387298	0.182715	-0.0439376	-0.292627	-0.539689	-0.752037	-0.92352	-1.04796	-1.13914	-1.2028	-1.24654	-1.26221	-1.24859	-1.20771	-1.14494	-1.06061	-0.949986	-0.816443	-0.670259	-0.519746	-0.383635	-0.254962	-0.113058	0.03284	0.158802	0.255856	0.326341	0.388934	0.437682	0.452281	0.432815	0.404782	0.376362	0.349168	0.331423	0.339367	0.3706	0.433953	0.507267	0.574288	0.624733	0.651988	0.672488	0.709758	0.775623	0.877281	0.99345	1.09993	1.19083	1.25842	1.29457	1.29876	1.27843	1.22408	1.13683	1.03601	0.945165	0.872418	0.827417	0.817416	0.835633	0.858327	0.88001	0.892229	0.86769	0.818983	0.748769	0.660768	0.570785	0.483596	0.400251	0.319748	0.245509	0.174009	0.11501	0.0693639	0.032314	0.0138902	0.00457404	-0.00200038	0	
0	0.0972102	0.163025	0.18518	0.167726	0.138261	0.125579	0.140158	0.166817	0.203101	0.261529	0.336472	0.415356	0.494383	0.577758	0.65257	0.69262	0.671823	0.572064	0.415846	0.224571	0.00227378	-0.251013	-0.508104	-0.73587	-0.927784	-1.07735	-1.19264	-1.27702	-1.33001	-1.34523	-1.31862	-1.25687	-1.1672	-1.05223	-0.912062	-0.752419	-0.587588	-0.426717	-0.284163	-0.151938	-0.00580907	0.147957	0.282348	0.392298	0.480037	0.567344	0.651332	0.707712	0.73253	0.744698	0.743854	0.724642	0.696185	0.673287	0.665258	0.679918	0.699274	0.707431	0.69611	0.660415	0.623352	0.613644	0.645169	0.725991	0.825222	0.922324	1.01289	1.08671	1.13094	1.14546	1.13499	1.08664	1.00735	0.918073	0.838593	0.777153	0.749831	0.766047	0.82228	0.894775	0.971039	1.03689	1.05846	1.04619	1.00486	0.939583	0.864509	0.781403	0.693091	0.599368	0.506604	0.41427	0.330941	0.259506	0.191954	0.138509	0.0916433	0.0415883	0	
0	0.137265	0.237314	0.285493	0.288105	0.272874	0.265688	0.271244	0.26926	0.261529	0.267804	0.296405	0.340039	0.401272	0.485933	0.577886	0.646849	0.654974	0.583637	0.447478	0.273412	0.0654147	-0.176012	-0.429633	-0.667115	-0.880253	-1.05479	-1.19201	-1.28654	-1.34069	-1.34604	-1.30447	-1.22193	-1.1085	-0.96828	-0.804239	-0.625909	-0.449461	-0.282846	-0.138714	-0.00461254	0.142036	0.296749	0.434215	0.546225	0.641646	0.743714	0.850435	0.940452	1.00313	1.04995	1.07674	1.07009	1.03431	0.989394	0.943191	0.909735	0.873692	0.821768	0.749395	0.66307	0.587856	0.547168	0.551295	0.601572	0.674524	0.748714	0.82372	0.894231	0.947908	0.9748	0.976329	0.94616	0.881213	0.800901	0.727177	0.671749	0.65285	0.685123	0.768963	0.87752	0.994647	1.10007	1.16392	1.19427	1.18867	1.14806	1.08364	0.999924	0.904821	0.804762	0.704419	0.603627	0.509616	0.418907	0.328399	0.246395	0.164679	0.0800998	0	
0	0.169299	0.300203	0.37823	0.406774	0.411357	0.411739	0.409368	0.383337	0.336472	0.296405	0.27724	0.283512	0.324244	0.411377	0.525495	0.623334	0.659313	0.608344	0.490304	0.334434	0.148616	-0.0719313	-0.31435	-0.556436	-0.783874	-0.978309	-1.12874	-1.23056	-1.28073	-1.27513	-1.21464	-1.11055	-0.973692	-0.814177	-0.63468	-0.448063	-0.268127	-0.103419	0.0396717	0.170791	0.315168	0.46647	0.600359	0.70964	0.804508	0.909258	1.02721	1.13387	1.21799	1.28707	1.3303	1.33219	1.2965	1.23706	1.16746	1.09866	1.01845	0.920743	0.808515	0.687099	0.580799	0.511878	0.48514	0.501621	0.537972	0.585963	0.647119	0.71421	0.77084	0.80802	0.824004	0.80253	0.744101	0.667337	0.596042	0.546278	0.540771	0.593907	0.696128	0.819298	0.949559	1.07623	1.17158	1.23457	1.26106	1.24383	1.19231	1.11624	1.02498	0.928972	0.833756	0.735222	0.637941	0.5391	0.431664	0.326772	0.220539	0.107171	0	
0	0.194383	0.353982	0.460881	0.517384	0.538309	0.543915	0.532683	0.488819	0.415356	0.340039	0.283512	0.256929	0.280847	0.370872	0.503418	0.626387	0.684361	0.655064	0.557514	0.42365	0.260465	0.0604826	-0.167912	-0.404238	-0.633394	-0.833095	-0.992678	-1.10157	-1.15512	-1.14397	-1.07131	-0.948698	-0.794543	-0.618684	-0.429557	-0.237908	-0.0584207	0.10329	0.242279	0.371719	0.509329	0.651422	0.772785	0.865752	0.946714	1.0425	1.1569	1.26873	1.3616	1.43574	1.48356	1.48729	1.44903	1.3854	1.307	1.22206	1.12181	0.999931	0.85909	0.713214	0.584154	0.485798	0.426542	0.410053	0.422646	0.451443	0.498823	0.560412	0.620569	0.663346	0.681198	0.663932	0.602147	0.517603	0.442523	0.400555	0.4107	0.475543	0.584657	0.712039	0.845817	0.97463	1.07903	1.15845	1.20384	1.21114	1.18639	1.13451	1.0654	0.986909	0.902118	0.8127	0.721073	0.620151	0.507346	0.388864	0.262392	0.130156	0	
0	0.21843	0.40353	0.537267	0.614401	0.647779	0.653506	0.635716	0.581377	0.494383	0.401272	0.324244	0.280847	0.295458	0.3849	0.525152	0.660438	0.736657	0.730663	0.657339	0.542896	0.393418	0.205924	-0.00853769	-0.231777	-0.447565	-0.641735	-0.800913	-0.915741	-0.974625	-0.965998	-0.89005	-0.760922	-0.595149	-0.40956	-0.211957	-0.0184368	0.159106	0.315421	0.452118	0.577939	0.708579	0.834235	0.932511	0.998787	1.05483	1.1302	1.23204	1.33606	1.42338	1.49336	1.53633	1.53973	1.50558	1.44471	1.36707	1.27751	1.16738	1.03306	0.879882	0.717048	0.56541	0.445587	0.367585	0.333357	0.328957	0.346408	0.383353	0.434081	0.486594	0.527772	0.546186	0.520948	0.449134	0.356476	0.277096	0.233666	0.241015	0.306441	0.414617	0.542463	0.679053	0.812458	0.92359	1.00669	1.063	1.09005	1.09269	1.07487	1.03578	0.982592	0.918464	0.842202	0.759117	0.664429	0.552775	0.430917	0.296388	0.148561	0	
0	0.243909	0.452991	0.603972	0.694657	0.732923	0.740882	0.720076	0.665054	0.577758	0.485933	0.411377	0.370872	0.3849	0.467735	0.599759	0.732453	0.816763	0.827261	0.769474	0.661	0.511664	0.327564	0.123734	-0.0821521	-0.278394	-0.454265	-0.599656	-0.707122	-0.764197	-0.758895	-0.689	-0.562776	-0.39865	-0.20978	-0.0115004	0.1812	0.355773	0.507892	0.639306	0.757809	0.869238	0.967914	1.03595	1.07444	1.11004	1.16978	1.25688	1.34544	1.41803	1.47167	1.50562	1.50874	1.48011	1.4263	1.3565	1.26966	1.16114	1.02557	0.86398	0.69107	0.528546	0.395282	0.306191	0.26452	0.255506	0.262235	0.283994	0.320995	0.361629	0.388717	0.388132	0.349237	0.26901	0.17081	0.0857165	0.0353403	0.0339148	0.087485	0.190953	0.328394	0.48	0.624141	0.742775	0.831307	0.89376	0.934261	0.957544	0.965486	0.958605	0.935643	0.892789	0.830803	0.752389	0.658196	0.550877	0.432357	0.299605	0.153144	0	
0	0.268838	0.494932	0.653585	0.745156	0.784956	0.79429	0.776946	0.727449	0.65257	0.577886	0.525495	0.503418	0.525152	0.599759	0.717139	0.83843	0.919275	0.931581	0.872196	0.756217	0.598283	0.412205	0.215431	0.0222472	-0.153658	-0.30417	-0.422387	-0.506007	-0.548468	-0.538831	-0.473274	-0.358017	-0.205692	-0.0298423	0.157859	0.342822	0.512464	0.658614	0.779886	0.879409	0.962668	1.02813	1.06864	1.08902	1.11266	1.16085	1.23053	1.29849	1.35034	1.38786	1.41033	1.41055	1.38185	1.33039	1.26537	1.1875	1.09307	0.970871	0.817492	0.643571	0.472318	0.330082	0.236385	0.188374	0.173966	0.178639	0.196646	0.222581	0.244783	0.247996	0.220446	0.155391	0.0589396	-0.0456128	-0.134663	-0.190193	-0.199492	-0.147033	-0.0399401	0.104914	0.266898	0.421658	0.556615	0.661325	0.738383	0.791704	0.826121	0.848898	0.858384	0.852574	0.826072	0.774399	0.701403	0.610282	0.505086	0.390839	0.267114	0.135402	0	
0	0.28343	0.515589	0.668396	0.751645	0.785141	0.795968	0.782799	0.74702	0.69262	0.646849	0.623334	0.626387	0.660438	0.732453	0.83843	0.943525	1.00751	1.00081	0.923183	0.79136	0.623257	0.436975	0.246585	0.06735	-0.0847596	-0.203551	-0.283855	-0.334142	-0.350038	-0.328401	-0.26724	-0.170352	-0.0472278	0.100426	0.265225	0.436467	0.59889	0.735567	0.841738	0.919949	0.975021	1.0133	1.03231	1.03808	1.05	1.08249	1.13408	1.18232	1.21962	1.24353	1.25346	1.24224	1.20685	1.154	1.10195	1.04687	0.980082	0.882043	0.741359	0.571509	0.398526	0.254296	0.157861	0.108532	0.0939908	0.0969063	0.110993	0.128077	0.132237	0.108158	0.0507018	-0.0387957	-0.149772	-0.265773	-0.365161	-0.424194	-0.427589	-0.363344	-0.2444	-0.0877654	0.0818643	0.243892	0.389647	0.506408	0.597284	0.663192	0.707093	0.734948	0.746748	0.74162	0.718614	0.678036	0.618039	0.539348	0.444373	0.336297	0.22288	0.111074	0	
0	0.277852	0.498942	0.634484	0.698852	0.719412	0.724372	0.716708	0.697251	0.671823	0.654974	0.659313	0.684361	0.736657	0.816763	0.919275	1.00751	1.04246	1.00209	0.895254	0.741791	0.562784	0.374796	0.193165	0.0320507	-0.0923268	-0.17311	-0.212268	-0.219437	-0.200138	-0.158707	-0.0997626	-0.0263849	0.0616106	0.172692	0.304669	0.449076	0.587047	0.701416	0.786868	0.849609	0.892098	0.918052	0.926538	0.921195	0.917226	0.932601	0.962802	0.99355	1.01763	1.0285	1.02324	1.00336	0.964661	0.923918	0.897234	0.873452	0.839321	0.765327	0.639787	0.48057	0.318377	0.181754	0.0927102	0.0440668	0.0289115	0.0299668	0.0366878	0.037973	0.0201559	-0.0236254	-0.0992301	-0.205275	-0.332683	-0.465237	-0.577178	-0.636571	-0.627259	-0.543695	-0.406548	-0.233653	-0.0497861	0.120345	0.273273	0.395348	0.487349	0.555139	0.596829	0.617368	0.619516	0.604185	0.580516	0.549653	0.505731	0.448025	0.374275	0.285329	0.189694	0.095554	0	
0	0.246012	0.4368	0.542859	0.580762	0.579201	0.573314	0.567346	0.568971	0.572064	0.583637	0.608344	0.655064	0.730663	0.827261	0.931581	1.00081	1.00209	0.922158	0.779158	0.599127	0.401804	0.211523	0.0410495	-0.0960063	-0.185008	-0.223452	-0.211885	-0.169545	-0.108111	-0.0444367	0.0135421	0.0679275	0.125364	0.200717	0.291082	0.389656	0.483429	0.55936	0.619167	0.669285	0.706035	0.729348	0.734038	0.724946	0.715228	0.718494	0.734994	0.749015	0.757213	0.752473	0.733155	0.706617	0.67915	0.662513	0.670203	0.683233	0.680045	0.632114	0.529968	0.394601	0.251914	0.13512	0.0566828	0.0104721	-0.00820685	-0.015753	-0.0219343	-0.039016	-0.0739735	-0.132325	-0.219177	-0.341947	-0.486862	-0.633947	-0.751496	-0.802221	-0.776524	-0.670227	-0.509947	-0.315039	-0.113417	0.0686471	0.224477	0.340035	0.421784	0.472904	0.495169	0.496688	0.482423	0.457933	0.430717	0.400435	0.361983	0.318824	0.271741	0.215175	0.150079	0.080201	0	
0	0.196116	0.343445	0.41407	0.421297	0.396357	0.375148	0.370632	0.387298	0.415846	0.447478	0.490304	0.557514	0.657339	0.769474	0.872196	0.923183	0.895254	0.779158	0.602275	0.391053	0.176001	-0.0166514	-0.171262	-0.278173	-0.327267	-0.313895	-0.247322	-0.152079	-0.0510909	0.0334977	0.09572	0.140275	0.175743	0.215561	0.256005	0.297565	0.335373	0.366039	0.392183	0.422956	0.451783	0.472849	0.483121	0.483431	0.477831	0.481176	0.486181	0.483951	0.477291	0.458273	0.427814	0.405483	0.391529	0.400742	0.44009	0.481437	0.50698	0.48803	0.418087	0.315873	0.205214	0.106457	0.0381493	-0.00551017	-0.0274885	-0.0445722	-0.0648018	-0.09382	-0.139363	-0.203311	-0.301491	-0.441294	-0.60041	-0.753433	-0.865811	-0.90141	-0.851649	-0.723322	-0.544274	-0.329844	-0.113017	0.0740786	0.227312	0.334098	0.395588	0.419838	0.409168	0.380853	0.349015	0.3098	0.273638	0.237288	0.19497	0.161801	0.135803	0.108546	0.0788847	0.0447839	0	
0	0.139425	0.238118	0.269851	0.247832	0.200917	0.167461	0.158472	0.182715	0.224571	0.273412	0.334434	0.42365	0.542896	0.661	0.756217	0.79136	0.741791	0.599127	0.391053	0.155834	-0.0735967	-0.261449	-0.395348	-0.466189	-0.466372	-0.397104	-0.27538	-0.134718	-0.00119564	0.10354	0.172853	0.210659	0.221528	0.220977	0.208917	0.194677	0.180666	0.165913	0.155833	0.163486	0.182074	0.206143	0.22562	0.237888	0.24119	0.243427	0.242109	0.230388	0.213961	0.18831	0.155511	0.136477	0.139405	0.171645	0.232311	0.296332	0.344561	0.353071	0.314183	0.243928	0.158097	0.0855152	0.0355145	-0.000802282	-0.0241276	-0.0492118	-0.0783222	-0.117262	-0.167557	-0.23782	-0.344057	-0.49515	-0.660413	-0.808731	-0.908897	-0.928243	-0.864765	-0.717692	-0.516715	-0.287243	-0.0637542	0.123072	0.266825	0.354735	0.38816	0.376116	0.332736	0.277302	0.219953	0.160588	0.108923	0.0666115	0.031156	0.0100614	0.000983758	-0.00633691	-0.00994598	-0.00296709	0	
0	0.0833722	0.131196	0.12267	0.0704861	0.00584053	-0.0417291	-0.0608087	-0.0439376	0.00227378	0.0654147	0.148616	0.260465	0.393418	0.511664	0.598283	0.623257	0.562784	0.401804	0.176001	-0.0735967	-0.304745	-0.482221	-0.589515	-0.618424	-0.568845	-0.449683	-0.287781	-0.116026	0.0426034	0.164217	0.238852	0.263661	0.246351	0.205775	0.148453	0.0872052	0.0272736	-0.0273382	-0.0685679	-0.078695	-0.0624379	-0.0359056	-0.0111914	0.0070749	0.0124975	0.0189139	0.0192027	0.0067073	-0.00950258	-0.0350161	-0.0676008	-0.0756929	-0.0568118	-0.00569151	0.0741795	0.152954	0.215966	0.241707	0.22594	0.181133	0.125206	0.0787806	0.0534225	0.0373411	0.0210493	-0.00591253	-0.039453	-0.081197	-0.140337	-0.220214	-0.337283	-0.49659	-0.658377	-0.798163	-0.893018	-0.909848	-0.835601	-0.67677	-0.467697	-0.230085	-0.00110823	0.183409	0.311636	0.373224	0.374447	0.334031	0.265054	0.186228	0.107506	0.0241138	-0.0393914	-0.0811926	-0.110054	-0.116145	-0.112266	-0.103702	-0.0812478	-0.0428693	0	
0	0.0314982	0.0307006	-0.0190931	-0.100902	-0.185852	-0.251363	-0.291622	-0.292627	-0.251013	-0.176012	-0.0719313	0.0604826	0.205924	0.327564	0.412205	0.436975	0.374796	0.211523	-0.0166514	-0.261449	-0.482221	-0.63871	-0.712568	-0.697956	-0.607199	-0.457441	-0.276922	-0.0906712	0.0797293	0.207593	0.276394	0.285655	0.244881	0.175713	0.0827772	-0.0196873	-0.119253	-0.204567	-0.264651	-0.281175	-0.266149	-0.240807	-0.2196	-0.203504	-0.193018	-0.178773	-0.169692	-0.174789	-0.185229	-0.202704	-0.222004	-0.21604	-0.180997	-0.117244	-0.0351947	0.0453521	0.113234	0.1517	0.154723	0.135402	0.10929	0.098731	0.103317	0.106141	0.104798	0.0914946	0.0700603	0.0316294	-0.0335645	-0.130176	-0.264167	-0.431845	-0.597778	-0.73901	-0.833076	-0.849411	-0.780342	-0.629318	-0.425659	-0.19591	0.0245886	0.200236	0.314485	0.361373	0.348433	0.293376	0.211011	0.115305	0.0181817	-0.075058	-0.143092	-0.185656	-0.212042	-0.215876	-0.1992	-0.168948	-0.1237	-0.0610232	0	
0	-0.0110885	-0.0523617	-0.136727	-0.247036	-0.355768	-0.447246	-0.515222	-0.539689	-0.508104	-0.429633	-0.31435	-0.167912	-0.00853769	0.123734	0.215431	0.246585	0.193165	0.0410495	-0.171262	-0.395348	-0.589515	-0.712568	-0.744988	-0.689202	-0.568431	-0.402746	-0.217383	-0.0319722	0.131126	0.244793	0.297675	0.291507	0.236488	0.144867	0.0198105	-0.118658	-0.247957	-0.349452	-0.415782	-0.436361	-0.424636	-0.405821	-0.39118	-0.374103	-0.357365	-0.332651	-0.313125	-0.308022	-0.304105	-0.299762	-0.297652	-0.275082	-0.233361	-0.174447	-0.102601	-0.0311305	0.0327106	0.0757268	0.0957714	0.101817	0.106151	0.1252	0.159279	0.193907	0.220287	0.234584	0.236817	0.207268	0.133321	0.0242308	-0.1199	-0.300787	-0.479403	-0.630941	-0.73783	-0.768953	-0.711381	-0.576302	-0.396566	-0.192987	0.00488152	0.16121	0.260291	0.303554	0.296053	0.245887	0.159914	0.0570855	-0.0435403	-0.136755	-0.201781	-0.2459	-0.2754	-0.274019	-0.247244	-0.200758	-0.138298	-0.0679017	0	
0	-0.0397777	-0.106963	-0.213656	-0.348253	-0.484294	-0.607541	-0.704225	-0.752037	-0.73587	-0.667115	-0.556436	-0.404238	-0.231777	-0.0821521	0.0222472	0.06735	0.0320507	-0.0960063	-0.278173	-0.466189	-0.618424	-0.697956	-0.689202	-0.599937	-0.456919	-0.280932	-0.0975481	0.0714508	0.208107	0.29493	0.328987	0.312283	0.245647	0.132329	-0.0199091	-0.185927	-0.333276	-0.445282	-0.520854	-0.551861	-0.547778	-0.532576	-0.513378	-0.488056	-0.459225	-0.424655	-0.39645	-0.380253	-0.358089	-0.331002	-0.307576	-0.275212	-0.234791	-0.185189	-0.1284	-0.0708673	-0.0183854	0.0197219	0.0423877	0.0602842	0.0878608	0.137342	0.203099	0.272923	0.340626	0.395128	0.425386	0.411851	0.343926	0.231136	0.0771853	-0.115088	-0.313004	-0.488946	-0.61653	-0.669923	-0.640317	-0.536375	-0.383869	-0.208558	-0.0421876	0.0888336	0.174372	0.21778	0.216889	0.171538	0.0923432	0.00138399	-0.0857321	-0.16773	-0.229297	-0.272091	-0.296365	-0.289743	-0.257999	-0.209802	-0.148027	-0.0742446	0	
0	-0.0559511	-0.135551	-0.255669	-0.410023	-0.576898	-0.731688	-0.855225	-0.92352	-0.927784	-0.880253	-0.783874	-0.633394	-0.447565	-0.278394	-0.153658	-0.0847596	-0.0923268	-0.185008	-0.327267	-0.466372	-0.568845	-0.607199	-0.568431	-0.456919	-0.296693	-0.111985	0.0615151	0.205885	0.310255	0.371733	0.388925	0.358615	0.275652	0.143365	-0.02744	-0.206522	-0.364495	-0.487427	-0.577334	-0.624077	-0.630094	-0.613495	-0.587579	-0.551704	-0.511072	-0.466643	-0.427386	-0.395914	-0.357691	-0.314085	-0.28029	-0.249839	-0.216181	-0.174046	-0.126698	-0.0797578	-0.0407499	-0.014691	0.00302897	0.0247473	0.0612442	0.125741	0.220742	0.33469	0.450602	0.550012	0.617522	0.62595	0.570238	0.465565	0.310571	0.101009	-0.127818	-0.33421	-0.495164	-0.583831	-0.583684	-0.505368	-0.379699	-0.236262	-0.0975323	0.0130429	0.0847837	0.120259	0.114558	0.0735849	0.0127364	-0.052405	-0.117389	-0.183794	-0.236272	-0.271137	-0.285319	-0.274153	-0.24563	-0.203529	-0.147519	-0.0767307	0	
0	-0.0593274	-0.142064	-0.2675	-0.438957	-0.630971	-0.813685	-0.958811	-1.04796	-1.07735	-1.05479	-0.978309	-0.833095	-0.641735	-0.454265	-0.30417	-0.203551	-0.17311	-0.223452	-0.313895	-0.397104	-0.449683	-0.457441	-0.402746	-0.280932	-0.111985	0.0677092	0.22384	0.340421	0.420452	0.460916	0.458577	0.408272	0.310574	0.167086	-0.00589168	-0.187076	-0.347333	-0.477992	-0.581116	-0.645455	-0.661848	-0.648609	-0.617629	-0.574117	-0.523111	-0.466665	-0.412666	-0.36827	-0.319389	-0.270757	-0.238804	-0.214879	-0.185766	-0.147902	-0.104179	-0.0645228	-0.0372047	-0.0221543	-0.0113053	0.00580686	0.0443542	0.120277	0.2364	0.383877	0.537911	0.675586	0.776448	0.819436	0.792603	0.698269	0.535262	0.306621	0.0516583	-0.186053	-0.377271	-0.497918	-0.531132	-0.484667	-0.389401	-0.273614	-0.158068	-0.0627358	-0.0043325	0.0157137	0.00411786	-0.0293962	-0.0701405	-0.107792	-0.147981	-0.190578	-0.220386	-0.23861	-0.245575	-0.236833	-0.216592	-0.18171	-0.131028	-0.0689564	0	
0	-0.0561456	-0.13768	-0.268755	-0.451145	-0.661794	-0.862903	-1.02767	-1.13914	-1.19264	-1.19201	-1.12874	-0.992678	-0.800913	-0.599656	-0.422387	-0.283855	-0.212268	-0.211885	-0.247322	-0.27538	-0.287781	-0.276922	-0.217383	-0.0975481	0.0615151	0.22384	0.358115	0.45932	0.524447	0.54759	0.522239	0.452538	0.341839	0.194701	0.0225503	-0.152747	-0.306338	-0.434432	-0.542169	-0.616327	-0.643663	-0.633523	-0.602463	-0.559694	-0.504526	-0.441855	-0.379392	-0.324499	-0.271448	-0.224944	-0.19618	-0.179013	-0.155646	-0.11858	-0.0784441	-0.044994	-0.0224521	-0.0082213	0.00275108	0.0215793	0.0631023	0.143138	0.273803	0.44155	0.617654	0.776066	0.901272	0.969249	0.963	0.879983	0.71613	0.480891	0.20814	-0.0517805	-0.268724	-0.417141	-0.47812	-0.463825	-0.401951	-0.315588	-0.219998	-0.141294	-0.0973386	-0.0858064	-0.0966066	-0.118133	-0.142836	-0.166166	-0.186997	-0.199074	-0.199383	-0.193958	-0.18472	-0.171566	-0.150522	-0.12015	-0.0838784	-0.0424136	0	
0	-0.0515652	-0.133384	-0.268826	-0.457058	-0.675229	-0.887292	-1.07019	-1.2028	-1.27702	-1.28654	-1.23056	-1.10157	-0.915741	-0.707122	-0.506007	-0.334142	-0.219437	-0.169545	-0.152079	-0.134718	-0.116026	-0.0906712	-0.0319722	0.0714508	0.205885	0.340421	0.45932	0.549805	0.603939	0.609608	0.566607	0.483477	0.366356	0.216931	0.0514987	-0.109969	-0.247317	-0.364912	-0.470498	-0.55231	-0.588176	-0.583947	-0.55874	-0.52142	-0.469906	-0.406508	-0.337255	-0.278315	-0.226552	-0.185547	-0.163876	-0.153004	-0.130123	-0.0959601	-0.0562872	-0.0224197	0.00186839	0.0195721	0.0361481	0.0607939	0.108902	0.20114	0.34282	0.516709	0.691344	0.8515	0.984752	1.0644	1.06837	0.989823	0.831263	0.600058	0.328002	0.0634669	-0.16423	-0.332446	-0.424468	-0.44268	-0.410213	-0.346957	-0.271658	-0.212308	-0.182463	-0.176315	-0.179221	-0.192133	-0.21046	-0.22086	-0.220833	-0.204511	-0.176567	-0.146942	-0.116	-0.0858914	-0.0597596	-0.0366417	-0.0189843	-0.00884998	0	
0	-0.0525617	-0.137747	-0.276256	-0.463937	-0.681661	-0.900136	-1.09667	-1.24654	-1.33001	-1.34069	-1.28073	-1.15512	-0.974625	-0.764197	-0.548468	-0.350038	-0.200138	-0.108111	-0.0510909	-0.00119564	0.0426034	0.0797293	0.131126	0.208107	0.310255	0.420452	0.524447	0.603939	0.645664	0.641844	0.593354	0.508414	0.391544	0.248729	0.0982769	-0.0426614	-0.160459	-0.267171	-0.371776	-0.460998	-0.509498	-0.517081	-0.502098	-0.477934	-0.434889	-0.373088	-0.303316	-0.242792	-0.194892	-0.161399	-0.142792	-0.129951	-0.107676	-0.0722371	-0.0328702	-0.00143838	0.0247751	0.0479706	0.0708257	0.10544	0.169604	0.271667	0.416797	0.585939	0.755876	0.911102	1.03977	1.11872	1.12167	1.04118	0.88304	0.662007	0.399186	0.13714	-0.0923014	-0.268784	-0.377474	-0.41667	-0.404025	-0.357523	-0.300612	-0.259367	-0.234424	-0.225203	-0.22627	-0.23811	-0.253515	-0.254688	-0.23953	-0.207271	-0.163813	-0.113846	-0.0608513	-0.0157691	0.016349	0.0334929	0.0336191	0.0200233	0	
0	-0.0621579	-0.152812	-0.291189	-0.471718	-0.685873	-0.904855	-1.10872	-1.26221	-1.34523	-1.34604	-1.27513	-1.14397	-0.965998	-0.758895	-0.538831	-0.328401	-0.158707	-0.0444367	0.0334977	0.10354	0.164217	0.207593	0.244793	0.29493	0.371733	0.460916	0.54759	0.609608	0.641844	0.638226	0.596029	0.522079	0.420065	0.3006	0.17612	0.0617587	-0.0362661	-0.134995	-0.244203	-0.349466	-0.421447	-0.450363	-0.456345	-0.450052	-0.418071	-0.360135	-0.286633	-0.224543	-0.178108	-0.146056	-0.122773	-0.103601	-0.0741792	-0.0380197	0.0012312	0.0319416	0.0567353	0.0787418	0.10308	0.145731	0.217173	0.325772	0.471433	0.635653	0.801281	0.955825	1.0827	1.14955	1.13702	1.04665	0.88666	0.665051	0.403479	0.146871	-0.0765674	-0.249733	-0.358216	-0.393516	-0.37745	-0.334228	-0.28643	-0.249926	-0.223948	-0.217193	-0.22403	-0.240796	-0.253656	-0.25045	-0.234756	-0.202821	-0.159384	-0.105488	-0.0477092	0.000123117	0.0340172	0.0492426	0.0443821	0.0255117	0	
0	-0.0791838	-0.17755	-0.311647	-0.483701	-0.691026	-0.906659	-1.1042	-1.24859	-1.31862	-1.30447	-1.21464	-1.07131	-0.89005	-0.689	-0.473274	-0.26724	-0.0997626	0.0135421	0.09572	0.172853	0.238852	0.276394	0.297675	0.328987	0.388925	0.458577	0.522239	0.566607	0.593354	0.596029	0.571136	0.522939	0.456261	0.374781	0.285933	0.202515	0.123642	0.027935	-0.0945775	-0.225068	-0.328889	-0.390229	-0.424935	-0.439835	-0.4218	-0.364497	-0.290049	-0.225959	-0.178675	-0.140925	-0.106323	-0.0690295	-0.028779	0.0129755	0.0533039	0.0774685	0.0950733	0.109545	0.131048	0.176106	0.252608	0.359273	0.499464	0.661246	0.83096	0.986444	1.10397	1.15872	1.13194	1.0213	0.839554	0.604038	0.341184	0.0892217	-0.123938	-0.277419	-0.36093	-0.369791	-0.335997	-0.280951	-0.221962	-0.177914	-0.147509	-0.146269	-0.164701	-0.187449	-0.206261	-0.211917	-0.206548	-0.188406	-0.158186	-0.121065	-0.0821181	-0.0455804	-0.0173906	-0.000835125	0.00486932	0.00325152	0	
0	-0.0998484	-0.207428	-0.338379	-0.502846	-0.701982	-0.906344	-1.08533	-1.20771	-1.25687	-1.22193	-1.11055	-0.948698	-0.760922	-0.562776	-0.358017	-0.170352	-0.0263849	0.0679275	0.140275	0.210659	0.263661	0.285655	0.291507	0.312283	0.358615	0.408272	0.452538	0.483477	0.508414	0.522079	0.522939	0.515969	0.493715	0.45672	0.406987	0.353695	0.292113	0.196537	0.0616845	-0.0902448	-0.22628	-0.32458	-0.390502	-0.430775	-0.427742	-0.380646	-0.311914	-0.251422	-0.19853	-0.147784	-0.0920226	-0.0335724	0.0196326	0.0653593	0.103583	0.122336	0.132564	0.144176	0.166091	0.212929	0.28536	0.385386	0.520435	0.680714	0.853273	1.00408	1.10483	1.13349	1.07773	0.942669	0.741392	0.492879	0.227482	-0.0190718	-0.212245	-0.330713	-0.372432	-0.342382	-0.276923	-0.195158	-0.117756	-0.0603482	-0.027137	-0.0324219	-0.0564631	-0.0865979	-0.119097	-0.146817	-0.164517	-0.169335	-0.165771	-0.154452	-0.1401	-0.123386	-0.10175	-0.0795205	-0.0546323	-0.025075	0	
0	-0.118999	-0.237396	-0.371139	-0.530246	-0.718656	-0.901445	-1.05303	-1.14494	-1.1672	-1.1085	-0.973692	-0.794543	-0.595149	-0.39865	-0.205692	-0.0472278	0.0616106	0.125364	0.175743	0.221528	0.246351	0.244881	0.236488	0.245647	0.275652	0.310574	0.341839	0.366356	0.391544	0.420065	0.456261	0.493715	0.517888	0.526105	0.51176	0.486785	0.439058	0.350721	0.214317	0.0489625	-0.114931	-0.243826	-0.339404	-0.400169	-0.421641	-0.39592	-0.345912	-0.291801	-0.233446	-0.166445	-0.0925922	-0.0156113	0.049752	0.101376	0.142227	0.160085	0.173217	0.18839	0.215624	0.266577	0.337384	0.433132	0.565057	0.720576	0.878028	1.00028	1.06515	1.05617	0.966545	0.803178	0.582948	0.327547	0.0737526	-0.145967	-0.305385	-0.380622	-0.377258	-0.307938	-0.208013	-0.0930485	0.0141125	0.0826084	0.113737	0.107313	0.0772062	0.0365646	-0.014706	-0.0671467	-0.109611	-0.145725	-0.171024	-0.184625	-0.193115	-0.191166	-0.176929	-0.148596	-0.104503	-0.0512147	0	
0	-0.130554	-0.261241	-0.400527	-0.558733	-0.727267	-0.88332	-0.999802	-1.06061	-1.05223	-0.96828	-0.814177	-0.618684	-0.40956	-0.20978	-0.0298423	0.100426	0.172692	0.200717	0.215561	0.220977	0.205775	0.175713	0.144867	0.132329	0.143365	0.167086	0.194701	0.216931	0.248729	0.3006	0.374781	0.45672	0.526105	0.572069	0.589153	0.583576	0.555519	0.483998	0.354826	0.185294	0.0109676	-0.136372	-0.24845	-0.336102	-0.393217	-0.403748	-0.379426	-0.335837	-0.271999	-0.193377	-0.107074	-0.0146199	0.0610256	0.119748	0.16443	0.189079	0.211593	0.243543	0.288352	0.347227	0.418141	0.51164	0.633855	0.767677	0.893076	0.971389	0.984562	0.929818	0.802002	0.610746	0.37809	0.128912	-0.099295	-0.284996	-0.396942	-0.419612	-0.372184	-0.266171	-0.130887	0.0166673	0.142737	0.224209	0.265356	0.263015	0.230255	0.174976	0.101515	0.0258057	-0.0451075	-0.114786	-0.168689	-0.204242	-0.228353	-0.230922	-0.21132	-0.177828	-0.130669	-0.067141	0	
0	-0.133577	-0.271308	-0.419553	-0.571146	-0.717709	-0.838119	-0.921905	-0.949986	-0.912062	-0.804239	-0.63468	-0.429557	-0.211957	-0.0115004	0.157859	0.265225	0.304669	0.291082	0.256005	0.208917	0.148453	0.0827772	0.0198105	-0.0199091	-0.02744	-0.00589168	0.0225503	0.0514987	0.0982769	0.17612	0.285933	0.406987	0.51176	0.589153	0.62724	0.646446	0.64301	0.591105	0.473642	0.314575	0.146561	-0.00148565	-0.131862	-0.249183	-0.345741	-0.394666	-0.397169	-0.366949	-0.307093	-0.226058	-0.131705	-0.0286927	0.0587295	0.12642	0.17879	0.216124	0.260432	0.315434	0.375942	0.443666	0.515165	0.600815	0.704187	0.80522	0.882533	0.907421	0.872696	0.770497	0.602065	0.389927	0.153586	-0.0859876	-0.286697	-0.425374	-0.487112	-0.462214	-0.367714	-0.221985	-0.0498195	0.127117	0.274829	0.371888	0.424314	0.431636	0.390831	0.317412	0.223272	0.119927	0.0228452	-0.0710669	-0.146549	-0.19972	-0.235075	-0.236986	-0.211134	-0.176269	-0.131649	-0.0683727	0	
0	-0.126824	-0.265331	-0.413142	-0.55607	-0.674392	-0.763309	-0.815076	-0.816443	-0.752419	-0.625909	-0.448063	-0.237908	-0.0184368	0.1812	0.342822	0.436467	0.449076	0.389656	0.297565	0.194677	0.0872052	-0.0196873	-0.118658	-0.185927	-0.206522	-0.187076	-0.152747	-0.109969	-0.0426614	0.0617587	0.202515	0.353695	0.486785	0.583576	0.646446	0.688926	0.702635	0.66316	0.560757	0.424618	0.28001	0.136246	-0.00211458	-0.138239	-0.265211	-0.347314	-0.38103	-0.375786	-0.330066	-0.252869	-0.158482	-0.0487737	0.0476952	0.124245	0.187713	0.246486	0.314969	0.389489	0.461341	0.526164	0.587505	0.661211	0.741152	0.804364	0.836563	0.817128	0.737861	0.597742	0.40304	0.175995	-0.0607599	-0.285252	-0.455372	-0.555375	-0.576441	-0.512912	-0.379317	-0.188568	0.0268862	0.233807	0.40385	0.522202	0.588067	0.596499	0.548103	0.459405	0.343128	0.218062	0.0983508	-0.0145725	-0.0996933	-0.16112	-0.201609	-0.207572	-0.191994	-0.163322	-0.116233	-0.0554236	0	
0	-0.113925	-0.241755	-0.379814	-0.506197	-0.601138	-0.66284	-0.690684	-0.670259	-0.587588	-0.449461	-0.268127	-0.0584207	0.159106	0.355773	0.512464	0.59889	0.587047	0.483429	0.335373	0.180666	0.0272736	-0.119253	-0.247957	-0.333276	-0.364495	-0.347333	-0.306338	-0.247317	-0.160459	-0.0362661	0.123642	0.292113	0.439058	0.555519	0.64301	0.702635	0.725952	0.69764	0.618899	0.511776	0.390669	0.262633	0.130909	-0.0117319	-0.156144	-0.268027	-0.331056	-0.349109	-0.320697	-0.257303	-0.172484	-0.0692046	0.0278548	0.11272	0.192242	0.274959	0.363395	0.447874	0.516846	0.57267	0.623568	0.67825	0.728135	0.758738	0.758354	0.707823	0.601139	0.436127	0.22393	-0.00647287	-0.235864	-0.444081	-0.591076	-0.664047	-0.660005	-0.568026	-0.394501	-0.164959	0.0841351	0.320893	0.518862	0.658819	0.72997	0.732748	0.675976	0.579753	0.457135	0.32446	0.19668	0.0762293	-0.0166064	-0.0808533	-0.124993	-0.145898	-0.148288	-0.1327	-0.0938731	-0.0412823	0	
0	-0.0951028	-0.201537	-0.317338	-0.423352	-0.5001	-0.543998	-0.555333	-0.519746	-0.426717	-0.282846	-0.103419	0.10329	0.315421	0.507892	0.658614	0.735567	0.701416	0.55936	0.366039	0.165913	-0.0273382	-0.204567	-0.349452	-0.445282	-0.487427	-0.477992	-0.434432	-0.364912	-0.267171	-0.134995	0.027935	0.196537	0.350721	0.483998	0.591105	0.66316	0.69764	0.691225	0.63968	0.561039	0.474962	0.378508	0.263543	0.121255	-0.0361919	-0.168015	-0.250103	-0.288252	-0.278606	-0.233399	-0.162709	-0.0688147	0.0286243	0.117762	0.205535	0.298586	0.392686	0.475338	0.539379	0.587897	0.626101	0.660917	0.68506	0.687044	0.658337	0.589508	0.471808	0.297508	0.0814506	-0.145137	-0.36602	-0.562175	-0.69498	-0.747105	-0.720552	-0.606747	-0.407615	-0.155073	0.11295	0.367037	0.585187	0.741711	0.819492	0.826662	0.775194	0.682191	0.563905	0.44002	0.320257	0.204982	0.113499	0.0441125	-0.0113473	-0.0459173	-0.0612315	-0.0624583	-0.0519521	-0.0289017	0	
0	-0.0728877	-0.151589	-0.239806	-0.325496	-0.391688	-0.426586	-0.42838	-0.383635	-0.284163	-0.138714	0.0396717	0.242279	0.452118	0.639306	0.779886	0.841738	0.786868	0.619167	0.392183	0.155833	-0.0685679	-0.264651	-0.415782	-0.520854	-0.577334	-0.581116	-0.542169	-0.470498	-0.371776	-0.244203	-0.0945775	0.0616845	0.214317	0.354826	0.473642	0.560757	0.618899	0.63968	0.617957	0.580221	0.542542	0.483676	0.381997	0.240168	0.081165	-0.057366	-0.154229	-0.210096	-0.221664	-0.190015	-0.125832	-0.0383948	0.0547205	0.143054	0.229565	0.318617	0.404663	0.479042	0.537364	0.577379	0.603126	0.618832	0.62224	0.610471	0.572642	0.492902	0.363812	0.184992	-0.0270633	-0.249544	-0.460816	-0.639911	-0.759939	-0.80297	-0.766591	-0.638395	-0.426711	-0.16613	0.106752	0.367012	0.595488	0.760385	0.850121	0.875489	0.846621	0.773703	0.672415	0.565776	0.460133	0.361086	0.279494	0.206586	0.141836	0.095386	0.0673197	0.0452733	0.0201081	0.00338062	0	
0	-0.0447341	-0.0927795	-0.15211	-0.220288	-0.278698	-0.309806	-0.305801	-0.254962	-0.151938	-0.00461254	0.170791	0.371719	0.577939	0.757809	0.879409	0.919949	0.849609	0.669285	0.422956	0.163486	-0.078695	-0.281175	-0.436361	-0.551861	-0.624077	-0.645455	-0.616327	-0.55231	-0.460998	-0.349466	-0.225068	-0.0902448	0.0489625	0.185294	0.314575	0.424618	0.511776	0.561039	0.580221	0.593755	0.603029	0.568517	0.478646	0.346841	0.199124	0.0592381	-0.0463527	-0.118476	-0.140779	-0.11488	-0.0567936	0.0179232	0.100003	0.178813	0.256662	0.336733	0.410422	0.471162	0.513821	0.537984	0.546264	0.544391	0.540031	0.527855	0.486924	0.405424	0.277342	0.0972808	-0.115929	-0.327868	-0.520661	-0.685645	-0.798781	-0.834569	-0.787701	-0.656513	-0.448037	-0.192635	0.077149	0.34058	0.568074	0.733813	0.834537	0.881589	0.885912	0.846397	0.778652	0.700713	0.614467	0.53157	0.45763	0.386532	0.321303	0.265367	0.212867	0.160339	0.109058	0.0564381	0	
0	-0.0097392	-0.0243994	-0.0596076	-0.108439	-0.159447	-0.181554	-0.171987	-0.113058	-0.00580907	0.142036	0.315168	0.509329	0.708579	0.869238	0.962668	0.975021	0.892098	0.706035	0.451783	0.182074	-0.0624379	-0.266149	-0.424636	-0.547778	-0.630094	-0.661848	-0.643663	-0.588176	-0.509498	-0.421447	-0.328889	-0.22628	-0.114931	0.0109676	0.146561	0.28001	0.390669	0.474962	0.542542	0.603029	0.638629	0.625926	0.554757	0.444196	0.310806	0.179808	0.0729545	-0.000799648	-0.0264434	-0.0071104	0.0378312	0.0931518	0.160992	0.228961	0.294331	0.353294	0.406962	0.448215	0.472961	0.477071	0.464577	0.448431	0.439246	0.425609	0.383944	0.302241	0.1787	0.0104643	-0.186263	-0.388501	-0.573489	-0.725702	-0.827373	-0.846397	-0.783069	-0.646416	-0.446312	-0.200188	0.0613748	0.310931	0.529265	0.694356	0.806701	0.874659	0.901523	0.891817	0.860399	0.816216	0.757773	0.692576	0.625024	0.557222	0.494574	0.429619	0.350804	0.267289	0.188322	0.101573	0	
0	0.0263429	0.0373887	0.0221905	-0.0142251	-0.0494151	-0.0605557	-0.0359429	0.03284	0.147957	0.296749	0.46647	0.651422	0.834235	0.967914	1.02813	1.0133	0.918052	0.729348	0.472849	0.206143	-0.0359056	-0.240807	-0.405821	-0.532576	-0.613495	-0.648609	-0.633523	-0.583947	-0.517081	-0.450363	-0.390229	-0.32458	-0.243826	-0.136372	-0.00148565	0.136246	0.262633	0.378508	0.483676	0.568517	0.625926	0.641045	0.601618	0.51591	0.40727	0.298501	0.203675	0.132347	0.100715	0.109089	0.138413	0.181856	0.234035	0.28411	0.328411	0.365071	0.394194	0.415468	0.422532	0.40621	0.374543	0.344553	0.329925	0.315481	0.275191	0.196114	0.0769713	-0.0845959	-0.273372	-0.460816	-0.622534	-0.754228	-0.835583	-0.837813	-0.759881	-0.616932	-0.421907	-0.18064	0.0678986	0.300259	0.503545	0.669143	0.794131	0.87053	0.914643	0.925754	0.913118	0.892432	0.857127	0.811242	0.756858	0.694075	0.626708	0.548205	0.454383	0.352515	0.241626	0.120887	0	
