0	0	0	0	0	0	0	0	0	0	0	0	0	0	0	0	0	0	0	0	0	0	0	0	0	0	0	0	0	0	0	0	0	0	0	0	0	0	0	0	0	0	0	0	0	0	0	0	0	0	0	0	0	0	0	0	0	0	0	0	0	0	0	0	0	0	0	0	0	0	0	0	0	0	0	0	0	0	0	0	0	0	0	0	0	0	0	0	0	0	0	0	0	0	0	0	0	0	0	0	
0	0.0217374	0.0386147	0.0494227	0.054849	0.0610176	0.0693609	0.0840288	0.106552	0.135639	0.163701	0.185457	0.198565	0.195793	0.166919	0.112675	0.0430373	-0.0280338	-0.0903036	-0.134187	-0.158262	-0.166923	-0.164312	-0.155949	-0.146618	-0.139765	-0.135059	-0.133168	-0.133004	-0.134307	-0.137517	-0.142118	-0.147719	-0.154301	-0.165933	-0.184883	-0.208638	-0.23008	-0.241446	-0.23861	-0.220684	-0.189956	-0.151934	-0.106908	-0.0542278	-0.000435606	0.0505501	0.0923682	0.121179	0.136662	0.137473	0.123488	0.105233	0.0875322	0.0729273	0.0582192	0.0423111	0.024693	0.0075389	-0.0026048	-0.000830702	0.0143544	0.041868	0.0750104	0.107494	0.135961	0.160251	0.179482	0.190185	0.190706	0.181233	0.162001	0.134516	0.112907	0.105146	0.113625	0.13557	0.161397	0.181631	0.188414	0.183258	0.171105	0.156091	0.141986	0.13219	0.125332	0.119874	0.114533	0.107696	0.0962495	0.0781796	0.0591506	0.0410097	0.0287481	0.0270375	0.0307019	0.0342699	0.0315383	0.0192939	0	
0	0.0386147	0.0714954	0.093834	0.110198	0.124099	0.142644	0.168758	0.211555	0.266751	0.320836	0.361531	0.383386	0.374081	0.316555	0.21497	0.08886	-0.0384991	-0.152881	-0.238138	-0.291895	-0.317289	-0.318407	-0.30452	-0.284567	-0.270656	-0.261029	-0.258143	-0.257526	-0.257774	-0.26174	-0.271619	-0.284678	-0.3039	-0.327583	-0.362371	-0.399934	-0.431276	-0.445166	-0.438504	-0.405501	-0.352252	-0.28048	-0.191612	-0.0845198	0.0250501	0.126148	0.204335	0.254578	0.280678	0.279879	0.256055	0.225498	0.195112	0.166153	0.134451	0.0962423	0.0552629	0.0201372	0.00106255	0.00743521	0.0423054	0.100735	0.168287	0.234639	0.292624	0.336212	0.367635	0.383368	0.37995	0.358929	0.322456	0.278588	0.246423	0.234036	0.241223	0.265429	0.29799	0.323188	0.333848	0.330262	0.315571	0.296475	0.275379	0.259089	0.244906	0.232313	0.218952	0.201271	0.180472	0.151593	0.123618	0.0997307	0.0798844	0.0702543	0.0656092	0.0584609	0.0456143	0.0265707	0	
0	0.0494227	0.093834	0.132138	0.161636	0.190667	0.217915	0.255198	0.311724	0.387544	0.460445	0.512286	0.535423	0.514888	0.431511	0.294847	0.131616	-0.0317404	-0.183042	-0.305584	-0.392756	-0.444308	-0.458297	-0.443437	-0.415736	-0.392262	-0.376132	-0.368855	-0.363989	-0.36094	-0.365166	-0.380568	-0.406417	-0.436578	-0.472177	-0.513149	-0.553594	-0.583422	-0.593005	-0.578702	-0.536069	-0.462737	-0.363618	-0.234621	-0.0765083	0.0841424	0.228625	0.336646	0.402557	0.433903	0.433333	0.401302	0.361659	0.319812	0.276929	0.223665	0.162676	0.100844	0.0501336	0.0287284	0.0456597	0.0994035	0.183501	0.280219	0.374507	0.457104	0.524235	0.570114	0.584938	0.570445	0.537535	0.493378	0.438931	0.398911	0.378424	0.374542	0.385765	0.404535	0.424049	0.433627	0.434201	0.427171	0.41067	0.387322	0.366024	0.344755	0.322263	0.298452	0.274293	0.24839	0.218519	0.195903	0.172711	0.147103	0.124348	0.0969901	0.068754	0.0431429	0.0207549	0	
0	0.054849	0.110198	0.161636	0.210611	0.253921	0.295013	0.338782	0.40469	0.489034	0.567806	0.61817	0.634355	0.602321	0.502043	0.346178	0.164936	-0.016345	-0.191567	-0.342565	-0.461954	-0.542643	-0.576618	-0.570466	-0.538803	-0.506916	-0.476909	-0.456003	-0.439688	-0.429261	-0.433916	-0.457978	-0.492157	-0.53257	-0.569891	-0.612728	-0.651105	-0.676528	-0.677485	-0.652414	-0.590364	-0.496257	-0.369874	-0.211586	-0.0211363	0.170311	0.341182	0.468426	0.547491	0.589824	0.591467	0.554625	0.502498	0.443876	0.380331	0.308984	0.23191	0.160883	0.111108	0.0945817	0.118226	0.181787	0.27863	0.389774	0.504971	0.613642	0.701228	0.762804	0.787544	0.773263	0.732171	0.674546	0.609982	0.560356	0.525964	0.501254	0.489505	0.493424	0.503388	0.513608	0.519374	0.514313	0.498758	0.470279	0.441164	0.409831	0.378282	0.347877	0.318186	0.294507	0.268509	0.249224	0.229426	0.198581	0.164353	0.124613	0.0822603	0.0465315	0.0218758	0	
0	0.0610176	0.124099	0.190667	0.253921	0.316294	0.368149	0.420674	0.486535	0.567231	0.634062	0.668888	0.671745	0.631847	0.526141	0.365346	0.178971	-0.01045	-0.199083	-0.369825	-0.511741	-0.617091	-0.672715	-0.678897	-0.64954	-0.607317	-0.559397	-0.518333	-0.484699	-0.465932	-0.470382	-0.497742	-0.537185	-0.574344	-0.60962	-0.647759	-0.683214	-0.703078	-0.692448	-0.647403	-0.563276	-0.442652	-0.297993	-0.126735	0.0727231	0.26898	0.444634	0.578145	0.666257	0.717779	0.728067	0.688665	0.627792	0.554485	0.477289	0.391709	0.30866	0.239057	0.193538	0.185434	0.216919	0.283055	0.379742	0.494079	0.615955	0.735765	0.844031	0.926586	0.963134	0.95382	0.915744	0.858523	0.781218	0.713212	0.659617	0.617487	0.592578	0.585061	0.589294	0.592239	0.591763	0.585347	0.564907	0.528768	0.489053	0.443745	0.397112	0.355831	0.32533	0.303797	0.281391	0.266588	0.243852	0.209845	0.175863	0.135697	0.0958949	0.0607679	0.0297844	0	
0	0.0693609	0.142644	0.217915	0.295013	0.368149	0.432216	0.486551	0.547815	0.611608	0.655789	0.667515	0.658292	0.618776	0.520589	0.367407	0.185504	-0.00366795	-0.198852	-0.379974	-0.537479	-0.662063	-0.737267	-0.758895	-0.73353	-0.686275	-0.624302	-0.565629	-0.516135	-0.483027	-0.476783	-0.496425	-0.52555	-0.556543	-0.583457	-0.617929	-0.647834	-0.656533	-0.627094	-0.559629	-0.450564	-0.315145	-0.164568	-0.000218483	0.185005	0.365411	0.526908	0.652675	0.740373	0.800355	0.818623	0.785545	0.724142	0.648744	0.566346	0.479238	0.396345	0.329746	0.291615	0.288723	0.321659	0.388493	0.486308	0.59747	0.716929	0.836412	0.94289	1.02932	1.07968	1.08711	1.05961	1.00227	0.919727	0.841589	0.775598	0.722331	0.688038	0.674493	0.668987	0.663416	0.654191	0.636931	0.610684	0.566582	0.516118	0.457718	0.39716	0.344612	0.303503	0.275403	0.24619	0.223602	0.199571	0.168744	0.144424	0.121007	0.0947951	0.0667547	0.0366486	0	
0	0.0840288	0.168758	0.255198	0.338782	0.420674	0.486551	0.539503	0.587475	0.632482	0.652678	0.646771	0.63182	0.60019	0.516331	0.377025	0.206627	0.0234159	-0.171139	-0.358818	-0.527443	-0.666748	-0.757285	-0.789083	-0.769602	-0.723824	-0.660638	-0.598356	-0.537639	-0.488011	-0.460123	-0.4573	-0.469977	-0.486044	-0.504852	-0.529244	-0.545707	-0.535649	-0.483732	-0.395993	-0.277266	-0.140536	-0.00330124	0.140053	0.300695	0.455212	0.594883	0.703252	0.781667	0.839435	0.864041	0.838935	0.790163	0.727704	0.661026	0.584459	0.50865	0.444467	0.403773	0.399832	0.434422	0.50259	0.596469	0.700479	0.804403	0.901861	0.991822	1.071	1.12076	1.13463	1.12036	1.0752	0.9945	0.913362	0.846689	0.794399	0.761399	0.746295	0.735995	0.718617	0.69584	0.669912	0.633025	0.578795	0.519856	0.452517	0.38269	0.318114	0.263641	0.218226	0.172445	0.141084	0.113853	0.0891902	0.0777695	0.0666538	0.0544727	0.0404408	0.0223732	0	
0	0.106552	0.211555	0.311724	0.40469	0.486535	0.547815	0.587475	0.621258	0.650153	0.660445	0.650407	0.64126	0.621611	0.553255	0.430045	0.27483	0.104149	-0.0855797	-0.276272	-0.453656	-0.60392	-0.70367	-0.743238	-0.731041	-0.695094	-0.643683	-0.586992	-0.523153	-0.457451	-0.407553	-0.383174	-0.376813	-0.379753	-0.384835	-0.394201	-0.391808	-0.359057	-0.28669	-0.185607	-0.0635876	0.0626974	0.180938	0.296946	0.42678	0.552929	0.665005	0.751674	0.813756	0.863054	0.886428	0.870556	0.837169	0.801606	0.763279	0.712656	0.653075	0.592362	0.546261	0.530394	0.551051	0.606791	0.690426	0.775259	0.853886	0.923345	0.985909	1.04498	1.08779	1.10408	1.09226	1.05001	0.976661	0.905041	0.847733	0.805409	0.780436	0.770675	0.763711	0.749999	0.724845	0.685898	0.633308	0.562191	0.490537	0.417975	0.343433	0.271974	0.203751	0.140462	0.0801018	0.0395759	0.0139263	-0.00229094	-0.00381757	-0.00258507	-0.00240215	-0.00163295	0.00030504	0	
0	0.135639	0.266751	0.387544	0.489034	0.567231	0.611608	0.632482	0.650153	0.676161	0.693457	0.699536	0.707394	0.703683	0.65028	0.541352	0.402358	0.245026	0.0640151	-0.124933	-0.304956	-0.459115	-0.565786	-0.614343	-0.615111	-0.595644	-0.559493	-0.514814	-0.453758	-0.386016	-0.32958	-0.296554	-0.279461	-0.266409	-0.253053	-0.241121	-0.217351	-0.166217	-0.0789654	0.0291478	0.148531	0.264717	0.363183	0.454823	0.557242	0.655223	0.742294	0.804744	0.846504	0.881387	0.900109	0.89153	0.881799	0.879897	0.88226	0.866621	0.82763	0.770155	0.712447	0.676785	0.673076	0.701482	0.750374	0.802295	0.848744	0.888457	0.928598	0.972505	1.0011	1.00173	0.980335	0.93361	0.86125	0.79604	0.752508	0.726047	0.717848	0.72983	0.743412	0.741753	0.718372	0.673731	0.607467	0.52164	0.438351	0.356241	0.275015	0.195474	0.120213	0.0530111	-0.00820705	-0.045152	-0.0665365	-0.0780895	-0.0734113	-0.0652982	-0.0539948	-0.0378656	-0.0192953	0	
0	0.163701	0.320836	0.460445	0.567806	0.634062	0.655789	0.652678	0.660445	0.693457	0.736309	0.774667	0.813938	0.834958	0.800632	0.707906	0.582705	0.438227	0.268798	0.0887861	-0.0845538	-0.239432	-0.356122	-0.423357	-0.447061	-0.44741	-0.429492	-0.398218	-0.351819	-0.298283	-0.254912	-0.227636	-0.205653	-0.176649	-0.141112	-0.10506	-0.060762	0.00695784	0.102581	0.212395	0.324222	0.425336	0.505664	0.57544	0.654795	0.733149	0.79917	0.843541	0.870107	0.893647	0.911708	0.917367	0.931425	0.966404	1.00655	1.02154	1.00143	0.948025	0.879948	0.821028	0.784393	0.772043	0.780239	0.789799	0.801149	0.816535	0.839918	0.866093	0.873743	0.851982	0.80331	0.735824	0.655261	0.59192	0.558421	0.552314	0.572013	0.609745	0.64769	0.666665	0.655191	0.61441	0.54882	0.462197	0.37562	0.289111	0.20028	0.117612	0.0454724	-0.0157073	-0.0663547	-0.0982074	-0.11942	-0.131438	-0.128719	-0.116991	-0.0963625	-0.0680311	-0.0345657	0	
0	0.185457	0.361531	0.512286	0.61817	0.668888	0.667515	0.646771	0.650407	0.699536	0.774667	0.855955	0.937579	0.993777	0.986775	0.911093	0.79754	0.662528	0.50596	0.340999	0.177891	0.0229349	-0.109766	-0.203288	-0.254497	-0.279348	-0.28251	-0.274259	-0.253159	-0.226635	-0.204651	-0.189007	-0.164816	-0.123121	-0.0678199	-0.00946825	0.0555678	0.137822	0.239937	0.344288	0.441358	0.522774	0.581974	0.634342	0.697736	0.762746	0.818425	0.85333	0.872876	0.896737	0.923069	0.947429	0.989246	1.0525	1.11816	1.15278	1.14086	1.08506	1.00715	0.929855	0.863587	0.813712	0.776876	0.749384	0.732577	0.725432	0.727093	0.728712	0.705734	0.646468	0.566544	0.474526	0.380445	0.314735	0.293496	0.309999	0.355611	0.424288	0.487692	0.524289	0.528464	0.505873	0.461474	0.394036	0.318364	0.236223	0.151458	0.0731248	0.00838644	-0.0431253	-0.0885732	-0.120298	-0.145528	-0.164636	-0.167068	-0.157585	-0.134312	-0.0968755	-0.0510144	0	
0	0.198565	0.383386	0.535423	0.634355	0.671745	0.658292	0.63182	0.64126	0.707394	0.813938	0.937579	1.06442	1.16139	1.18389	1.12607	1.01969	0.889509	0.741866	0.586175	0.428792	0.268915	0.120271	0.00468997	-0.0716359	-0.120405	-0.15238	-0.175122	-0.185992	-0.186911	-0.185003	-0.179251	-0.157964	-0.11089	-0.0454175	0.0285116	0.110493	0.207053	0.313926	0.414241	0.496673	0.558545	0.600892	0.638227	0.68989	0.748917	0.800114	0.833941	0.857173	0.885476	0.923492	0.967028	1.02795	1.1115	1.19358	1.23734	1.22855	1.17036	1.08055	0.981655	0.888623	0.808123	0.743477	0.689427	0.648098	0.615929	0.58758	0.550441	0.485423	0.390782	0.277358	0.162251	0.0598001	-0.00290622	-0.010064	0.0312663	0.107934	0.199902	0.285428	0.348512	0.383882	0.39557	0.379555	0.334296	0.27357	0.202423	0.127382	0.0610884	0.00710789	-0.0400756	-0.0821178	-0.116417	-0.146114	-0.16662	-0.173569	-0.166929	-0.14399	-0.10625	-0.0564283	0	
0	0.195793	0.374081	0.514888	0.602321	0.631847	0.618776	0.60019	0.621611	0.703683	0.834958	0.993777	1.16139	1.29537	1.3487	1.31045	1.21428	1.08768	0.941144	0.783542	0.620054	0.451803	0.292478	0.162009	0.0652308	-0.0118647	-0.0798997	-0.139415	-0.182293	-0.205735	-0.216151	-0.21656	-0.1951	-0.146256	-0.0761469	0.00522855	0.0954212	0.199325	0.310143	0.408935	0.485642	0.53943	0.573716	0.606034	0.651027	0.705163	0.752016	0.783278	0.804254	0.835553	0.880121	0.936411	1.01295	1.10984	1.20078	1.25207	1.2452	1.18259	1.08532	0.974525	0.864073	0.764746	0.680015	0.609092	0.547422	0.487084	0.423181	0.347957	0.247211	0.117974	-0.0218038	-0.157045	-0.269933	-0.33159	-0.324737	-0.260317	-0.159609	-0.0370116	0.0842836	0.185464	0.259919	0.30487	0.317011	0.293795	0.247457	0.191023	0.130475	0.0735342	0.0250132	-0.0184001	-0.0571881	-0.0867245	-0.109897	-0.125515	-0.129034	-0.122343	-0.103955	-0.0747683	-0.0395966	0	
0	0.166919	0.316555	0.431511	0.502043	0.526141	0.520589	0.516331	0.553255	0.65028	0.800632	0.986775	1.18389	1.3487	1.43118	1.42024	1.34146	1.2204	1.06879	0.898801	0.72194	0.545367	0.379167	0.237894	0.118897	0.0100458	-0.0965336	-0.193939	-0.267884	-0.3129	-0.334845	-0.335623	-0.308888	-0.250958	-0.172348	-0.0839097	0.0132888	0.122889	0.237298	0.338908	0.415763	0.467992	0.503407	0.534726	0.575691	0.622398	0.659757	0.680922	0.696877	0.724595	0.771459	0.834763	0.917772	1.01893	1.11388	1.16993	1.16778	1.11212	1.01811	0.906965	0.797225	0.698302	0.609516	0.527137	0.445042	0.358246	0.265211	0.160959	0.0343829	-0.116289	-0.281578	-0.440885	-0.56767	-0.634725	-0.62457	-0.546739	-0.418806	-0.262027	-0.0988068	0.0478539	0.162723	0.238506	0.268703	0.263104	0.236579	0.19869	0.154741	0.110099	0.069273	0.032851	0.00466629	-0.0150746	-0.028316	-0.0342238	-0.0348421	-0.0309209	-0.0231093	-0.0148573	-0.00722099	0	
0	0.112675	0.21497	0.294847	0.346178	0.365346	0.367407	0.377025	0.430045	0.541352	0.707906	0.911093	1.12607	1.31045	1.42024	1.43982	1.38377	1.26938	1.11225	0.929301	0.741847	0.557123	0.383128	0.224901	0.0791752	-0.0615161	-0.204217	-0.33551	-0.440753	-0.508733	-0.540011	-0.537024	-0.494269	-0.417273	-0.320482	-0.216234	-0.107917	0.00931314	0.126577	0.229445	0.30863	0.365217	0.407248	0.443771	0.478813	0.512768	0.53138	0.537256	0.542815	0.567203	0.613401	0.678371	0.759958	0.856467	0.945403	0.99968	1.00034	0.951008	0.870112	0.777234	0.689144	0.609164	0.533115	0.453623	0.361624	0.258052	0.145919	0.0224642	-0.123194	-0.293981	-0.478435	-0.654229	-0.794195	-0.87191	-0.868381	-0.787131	-0.643698	-0.45752	-0.254288	-0.070469	0.0737074	0.170246	0.222006	0.243142	0.241744	0.229565	0.207059	0.178388	0.150771	0.124537	0.106641	0.0966937	0.0934274	0.095295	0.0949384	0.0892257	0.0759628	0.0545113	0.028386	0	
0	0.0430373	0.08886	0.131616	0.164936	0.178971	0.185504	0.206627	0.27483	0.402358	0.582705	0.79754	1.01969	1.21428	1.34146	1.38377	1.34151	1.23016	1.06729	0.879015	0.683125	0.490008	0.300578	0.121181	-0.0490429	-0.213613	-0.379536	-0.535447	-0.664616	-0.749797	-0.787867	-0.776909	-0.716901	-0.6171	-0.495658	-0.369542	-0.243021	-0.116009	0.00461706	0.109463	0.192451	0.254901	0.304084	0.341467	0.369219	0.387488	0.392197	0.387297	0.387	0.404748	0.441563	0.494015	0.564072	0.64824	0.728009	0.780366	0.780102	0.736616	0.667754	0.596932	0.540946	0.498832	0.453531	0.395334	0.313077	0.208409	0.0862464	-0.0545411	-0.219424	-0.408781	-0.608657	-0.796276	-0.943932	-1.02942	-1.03498	-0.958448	-0.808372	-0.606448	-0.383679	-0.177878	-0.00741439	0.11838	0.198363	0.247618	0.26906	0.273658	0.270263	0.261645	0.25311	0.246194	0.242376	0.241502	0.243545	0.243697	0.234608	0.211629	0.173434	0.122276	0.0628058	0	
0	-0.0280338	-0.0384991	-0.0317404	-0.016345	-0.01045	-0.00366795	0.0234159	0.104149	0.245026	0.438227	0.662528	0.889509	1.08768	1.2204	1.26938	1.23016	1.11774	0.958752	0.771897	0.574576	0.368447	0.161828	-0.0386138	-0.228493	-0.408323	-0.588992	-0.758483	-0.89914	-0.991327	-1.02665	-1.00501	-0.924982	-0.801418	-0.654631	-0.505965	-0.363454	-0.226844	-0.102084	0.00631996	0.0940421	0.157517	0.205657	0.239132	0.257902	0.270804	0.272041	0.26588	0.260979	0.265003	0.279529	0.310891	0.362187	0.431134	0.499604	0.541153	0.534168	0.491071	0.436106	0.392164	0.37705	0.376683	0.37096	0.345406	0.286319	0.200475	0.086696	-0.0574641	-0.234546	-0.43592	-0.649975	-0.851845	-1.01292	-1.11254	-1.12994	-1.05769	-0.905109	-0.703214	-0.478486	-0.265813	-0.0776572	0.0757278	0.186414	0.265685	0.309211	0.331779	0.345131	0.355296	0.367566	0.380116	0.394482	0.401566	0.399675	0.386267	0.354182	0.309399	0.250093	0.175029	0.0921151	0	
0	-0.0903036	-0.152881	-0.183042	-0.191567	-0.199083	-0.198852	-0.171139	-0.0855797	0.0640151	0.268798	0.50596	0.741866	0.941144	1.06879	1.11225	1.06729	0.958752	0.807591	0.632289	0.43352	0.220217	0.00167425	-0.210806	-0.412118	-0.601663	-0.789125	-0.96185	-1.10449	-1.1936	-1.22299	-1.18696	-1.08834	-0.94406	-0.777935	-0.613161	-0.455284	-0.305005	-0.168343	-0.0515578	0.0356799	0.0896434	0.122358	0.14094	0.152518	0.162249	0.168034	0.166012	0.157443	0.149495	0.145889	0.155212	0.188664	0.236931	0.280036	0.302495	0.281811	0.241245	0.205979	0.197832	0.222635	0.263366	0.295043	0.306999	0.285608	0.231432	0.143079	0.0143976	-0.155888	-0.363899	-0.592656	-0.817953	-1.00803	-1.12826	-1.15689	-1.0896	-0.942652	-0.748649	-0.53324	-0.325224	-0.13039	0.0362343	0.166478	0.270934	0.340799	0.389556	0.429431	0.460472	0.489168	0.517838	0.538972	0.54529	0.532017	0.495279	0.441421	0.374795	0.296457	0.207416	0.107632	0	
0	-0.134187	-0.238138	-0.305584	-0.342565	-0.369825	-0.379974	-0.358818	-0.276272	-0.124933	0.0887861	0.340999	0.586175	0.783542	0.898801	0.929301	0.879015	0.771897	0.632289	0.464505	0.271301	0.0579562	-0.158061	-0.37068	-0.574135	-0.765063	-0.949245	-1.1172	-1.25265	-1.33558	-1.35323	-1.30311	-1.18861	-1.03401	-0.859562	-0.685887	-0.513637	-0.34585	-0.194803	-0.0732237	0.00975615	0.0472103	0.0618656	0.0669437	0.0680084	0.0736212	0.0779643	0.0747129	0.0664364	0.0560579	0.045366	0.0475694	0.0677335	0.0912012	0.106295	0.100587	0.065844	0.0299571	0.01582	0.0348367	0.0949197	0.170955	0.240523	0.293855	0.314218	0.305019	0.250722	0.143319	-0.017821	-0.2247	-0.469546	-0.721708	-0.933406	-1.06957	-1.1118	-1.05831	-0.924269	-0.747778	-0.548916	-0.351904	-0.162091	0.00502557	0.139822	0.261134	0.359231	0.439109	0.508042	0.561745	0.602019	0.630889	0.64429	0.635175	0.607167	0.559814	0.492176	0.413423	0.319997	0.214674	0.111001	0	
0	-0.158262	-0.291895	-0.392756	-0.461954	-0.511741	-0.537479	-0.527443	-0.453656	-0.304956	-0.0845538	0.177891	0.428792	0.620054	0.72194	0.741847	0.683125	0.574576	0.43352	0.271301	0.0833227	-0.11909	-0.322129	-0.522417	-0.714423	-0.890848	-1.0569	-1.20454	-1.32312	-1.38777	-1.39016	-1.32657	-1.20875	-1.05753	-0.887865	-0.713281	-0.53373	-0.358855	-0.206654	-0.0889693	-0.0153234	0.012649	0.0175526	0.0136359	0.00916646	0.00567296	0.00381854	-0.00100358	-0.00964388	-0.0183192	-0.0270312	-0.0296478	-0.0173875	-0.00855548	-0.0156919	-0.0358727	-0.0762978	-0.107204	-0.110061	-0.0731564	0.00514444	0.106729	0.214092	0.31309	0.380445	0.408253	0.385303	0.299609	0.147272	-0.067122	-0.32332	-0.585642	-0.810724	-0.9543	-1.00639	-0.971021	-0.861495	-0.706396	-0.521752	-0.334872	-0.153068	0.00569066	0.139929	0.268041	0.376478	0.470109	0.555204	0.621308	0.665277	0.687236	0.681372	0.656122	0.618463	0.56507	0.499133	0.416665	0.316848	0.210275	0.105554	0	
0	-0.166923	-0.317289	-0.444308	-0.542643	-0.617091	-0.662063	-0.666748	-0.60392	-0.459115	-0.239432	0.0229349	0.268915	0.451803	0.545367	0.557123	0.490008	0.368447	0.220217	0.0579562	-0.11909	-0.304998	-0.48492	-0.659576	-0.822036	-0.965749	-1.09347	-1.204	-1.28586	-1.32172	-1.30484	-1.23847	-1.1302	-0.995814	-0.840131	-0.675974	-0.506606	-0.345797	-0.209955	-0.108437	-0.0439312	-0.0231207	-0.0240427	-0.0295155	-0.0358565	-0.0400487	-0.0418216	-0.0487712	-0.0592886	-0.0707936	-0.0864326	-0.0944109	-0.0861921	-0.0852359	-0.095585	-0.116413	-0.150897	-0.173786	-0.170165	-0.130669	-0.0421895	0.0786613	0.211964	0.341957	0.441817	0.506616	0.512562	0.445346	0.302888	0.0932729	-0.16548	-0.433262	-0.656645	-0.801371	-0.865858	-0.848954	-0.752782	-0.606085	-0.432036	-0.257674	-0.0876817	0.0611694	0.182904	0.297184	0.393735	0.475846	0.553379	0.613544	0.649421	0.662912	0.649289	0.616993	0.573613	0.514585	0.443583	0.366404	0.278371	0.184846	0.0966924	0	
0	-0.164312	-0.318407	-0.458297	-0.576618	-0.672715	-0.737267	-0.757285	-0.70367	-0.565786	-0.356122	-0.109766	0.120271	0.292478	0.379167	0.383128	0.300578	0.161828	0.00167425	-0.158061	-0.322129	-0.48492	-0.632035	-0.765415	-0.881422	-0.974406	-1.04577	-1.09737	-1.12636	-1.12439	-1.09382	-1.03358	-0.946296	-0.83754	-0.708803	-0.573632	-0.434783	-0.304926	-0.196709	-0.115426	-0.0654056	-0.0538355	-0.0587931	-0.0625682	-0.0588924	-0.0554861	-0.0552256	-0.065715	-0.0848882	-0.106436	-0.128882	-0.142663	-0.136619	-0.133265	-0.140983	-0.154625	-0.179131	-0.193451	-0.185302	-0.141901	-0.051605	0.0730724	0.217293	0.360256	0.476879	0.560428	0.592048	0.55102	0.426767	0.228508	-0.0167953	-0.270408	-0.491116	-0.638256	-0.705604	-0.689637	-0.591324	-0.443446	-0.274222	-0.110972	0.0402774	0.16361	0.258155	0.34245	0.408674	0.460269	0.507296	0.539403	0.553886	0.558092	0.544846	0.518166	0.475699	0.411885	0.342534	0.275511	0.207694	0.140956	0.0755834	0	
0	-0.155949	-0.30452	-0.443437	-0.570466	-0.678897	-0.758895	-0.789083	-0.743238	-0.614343	-0.423357	-0.203288	0.00468997	0.162009	0.237894	0.224901	0.121181	-0.0386138	-0.210806	-0.37068	-0.522417	-0.659576	-0.765415	-0.846156	-0.903032	-0.930576	-0.927631	-0.903251	-0.867962	-0.826612	-0.783311	-0.733124	-0.672914	-0.603238	-0.523102	-0.436733	-0.343628	-0.251664	-0.173327	-0.115847	-0.0821495	-0.0772284	-0.0826353	-0.0761099	-0.0603398	-0.0507043	-0.052447	-0.0705301	-0.0975609	-0.122704	-0.148176	-0.16475	-0.158504	-0.152979	-0.152751	-0.155052	-0.165313	-0.17029	-0.159392	-0.118176	-0.0312923	0.0896452	0.228845	0.370123	0.49279	0.589569	0.63407	0.602597	0.491014	0.313237	0.0942794	-0.135558	-0.337688	-0.47185	-0.530339	-0.505176	-0.396825	-0.240351	-0.0721525	0.0798689	0.212083	0.307698	0.363668	0.401658	0.421736	0.427257	0.428034	0.418423	0.404409	0.394618	0.37721	0.354073	0.320255	0.271386	0.223143	0.178885	0.131781	0.0860825	0.0467016	0	
0	-0.146618	-0.284567	-0.415736	-0.538803	-0.64954	-0.73353	-0.769602	-0.731041	-0.615111	-0.447061	-0.254497	-0.0716359	0.0652308	0.118897	0.0791752	-0.0490429	-0.228493	-0.412118	-0.574135	-0.714423	-0.822036	-0.881422	-0.903032	-0.892794	-0.84679	-0.762468	-0.662346	-0.566184	-0.486547	-0.427121	-0.383631	-0.35393	-0.335894	-0.315544	-0.287928	-0.246022	-0.199009	-0.159304	-0.131061	-0.11082	-0.105033	-0.0989137	-0.0784691	-0.0516421	-0.0386018	-0.0437613	-0.0661933	-0.0940535	-0.118942	-0.145467	-0.163436	-0.155975	-0.141184	-0.126924	-0.115908	-0.116311	-0.117572	-0.107356	-0.0701856	0.00921848	0.123283	0.258241	0.395049	0.512927	0.603327	0.641531	0.609394	0.506676	0.35005	0.161082	-0.0388263	-0.21306	-0.319328	-0.347916	-0.298898	-0.178287	-0.0209956	0.137595	0.277876	0.389712	0.454174	0.472103	0.464238	0.432865	0.380583	0.326624	0.276309	0.23506	0.207566	0.179256	0.154918	0.135876	0.115316	0.0991613	0.0827346	0.056339	0.0303969	0.0164157	0	
0	-0.139765	-0.270656	-0.392262	-0.506916	-0.607317	-0.686275	-0.723824	-0.695094	-0.595644	-0.44741	-0.279348	-0.120405	-0.0118647	0.0100458	-0.0615161	-0.213613	-0.408323	-0.601663	-0.765063	-0.890848	-0.965749	-0.974406	-0.930576	-0.84679	-0.722324	-0.564856	-0.400448	-0.253904	-0.137584	-0.0605517	-0.0252804	-0.0329772	-0.0679574	-0.108774	-0.138458	-0.154371	-0.162444	-0.168097	-0.165499	-0.150804	-0.132529	-0.112941	-0.0827313	-0.0502702	-0.0351149	-0.0399134	-0.0582574	-0.0814582	-0.102644	-0.126048	-0.141642	-0.128933	-0.102543	-0.0788409	-0.0645567	-0.0634014	-0.0657105	-0.0565952	-0.0176117	0.0624599	0.17192	0.299371	0.426708	0.534605	0.610019	0.635935	0.5988	0.500906	0.360888	0.198172	0.0307773	-0.109555	-0.178002	-0.168723	-0.0928667	0.0393641	0.197433	0.346776	0.464179	0.54366	0.574488	0.555612	0.502801	0.421422	0.32101	0.223738	0.139382	0.0727369	0.0216038	-0.02033	-0.0411979	-0.0438404	-0.0383644	-0.0248624	-0.0130077	-0.0101775	-0.00822325	-0.00159125	0	
0	-0.135059	-0.261029	-0.376132	-0.476909	-0.559397	-0.624302	-0.660638	-0.643683	-0.559493	-0.429492	-0.28251	-0.15238	-0.0798997	-0.0965336	-0.204217	-0.379536	-0.588992	-0.789125	-0.949245	-1.0569	-1.09347	-1.04577	-0.927631	-0.762468	-0.564856	-0.346759	-0.135213	0.0512348	0.195435	0.28081	0.299321	0.257981	0.179287	0.0905092	0.00559857	-0.0732837	-0.141848	-0.192645	-0.213457	-0.200338	-0.173399	-0.145131	-0.107	-0.0673793	-0.0419324	-0.0364854	-0.0472403	-0.0638334	-0.0780411	-0.0944581	-0.0995941	-0.0750593	-0.0401262	-0.0155298	-0.00899535	-0.0182562	-0.0273678	-0.0181805	0.0220486	0.0994162	0.208654	0.333295	0.452905	0.546445	0.605185	0.617718	0.578253	0.492123	0.369447	0.226116	0.0812282	-0.0220413	-0.0473837	0.00154521	0.105131	0.248707	0.405193	0.53601	0.625886	0.671003	0.663072	0.604461	0.509685	0.38856	0.254326	0.129125	0.018063	-0.0750868	-0.144964	-0.191303	-0.205087	-0.195024	-0.176691	-0.148292	-0.112507	-0.0793722	-0.0478737	-0.0181418	0	
0	-0.133168	-0.258143	-0.368855	-0.456003	-0.518333	-0.565629	-0.598356	-0.586992	-0.514814	-0.398218	-0.274259	-0.175122	-0.139415	-0.193939	-0.33551	-0.535447	-0.758483	-0.96185	-1.1172	-1.20454	-1.204	-1.09737	-0.903251	-0.662346	-0.400448	-0.135213	0.115957	0.33303	0.493097	0.576817	0.581134	0.518883	0.414276	0.285916	0.147642	0.00683793	-0.120066	-0.215093	-0.260707	-0.258695	-0.232301	-0.199344	-0.155326	-0.103539	-0.0610529	-0.0430843	-0.0420581	-0.0474893	-0.0498155	-0.0490378	-0.0363009	-0.00423554	0.0327601	0.0476554	0.0363229	0.0133822	-0.00375731	0.000386309	0.0370585	0.11266	0.217005	0.33767	0.452298	0.540279	0.592393	0.605834	0.573641	0.490357	0.373056	0.245162	0.131105	0.0633085	0.0688009	0.144451	0.265339	0.416904	0.571521	0.691641	0.759071	0.772624	0.731366	0.635344	0.503448	0.354902	0.203553	0.0588993	-0.073858	-0.186377	-0.271644	-0.321466	-0.337413	-0.331176	-0.30929	-0.27103	-0.218141	-0.161756	-0.105231	-0.0488354	0	
0	-0.133004	-0.257526	-0.363989	-0.439688	-0.484699	-0.516135	-0.537639	-0.523153	-0.453758	-0.351819	-0.253159	-0.185992	-0.182293	-0.267884	-0.440753	-0.664616	-0.89914	-1.10449	-1.25265	-1.32312	-1.28586	-1.12636	-0.867962	-0.566184	-0.253904	0.0512348	0.33303	0.566586	0.729495	0.808854	0.808658	0.740961	0.622115	0.464963	0.287163	0.0986137	-0.0759007	-0.212804	-0.291029	-0.310981	-0.295891	-0.268141	-0.220735	-0.157789	-0.0973894	-0.0591689	-0.0405473	-0.0278992	-0.00924396	0.0118169	0.0374464	0.0726808	0.101247	0.100729	0.0752162	0.0403541	0.0143768	0.0103875	0.0383121	0.102263	0.202273	0.320048	0.433298	0.520977	0.575291	0.594354	0.567154	0.490558	0.37954	0.263658	0.168606	0.125989	0.153998	0.247168	0.380907	0.535933	0.688064	0.80079	0.856461	0.852779	0.786126	0.661506	0.505617	0.33828	0.172286	0.0134756	-0.132258	-0.25008	-0.3383	-0.398701	-0.432344	-0.443235	-0.430738	-0.392273	-0.334533	-0.265795	-0.185089	-0.0946272	0	
0	-0.134307	-0.257774	-0.36094	-0.429261	-0.465932	-0.483027	-0.488011	-0.457451	-0.386016	-0.298283	-0.226635	-0.186911	-0.205735	-0.3129	-0.508733	-0.749797	-0.991327	-1.1936	-1.33558	-1.38777	-1.32172	-1.12439	-0.826612	-0.486547	-0.137584	0.195435	0.493097	0.729495	0.890397	0.972002	0.974739	0.90734	0.780576	0.609724	0.410618	0.193189	-0.0157702	-0.187233	-0.293745	-0.335518	-0.337102	-0.317946	-0.274057	-0.207144	-0.131523	-0.07876	-0.0435936	-0.0118952	0.0269159	0.066564	0.105227	0.136308	0.1539	0.140877	0.102684	0.0592222	0.0270091	0.0176149	0.0387257	0.100081	0.195457	0.306851	0.414854	0.501327	0.560655	0.585382	0.561078	0.4822	0.374516	0.269009	0.189513	0.162284	0.198656	0.300147	0.44384	0.606558	0.76012	0.871375	0.919614	0.901376	0.818374	0.680556	0.516547	0.340431	0.163541	-0.00679267	-0.154318	-0.270098	-0.364773	-0.436228	-0.488345	-0.514854	-0.510726	-0.48274	-0.427601	-0.349804	-0.250539	-0.12954	0	
0	-0.137517	-0.26174	-0.365166	-0.433916	-0.470382	-0.476783	-0.460123	-0.407553	-0.32958	-0.254912	-0.204651	-0.185003	-0.216151	-0.334845	-0.540011	-0.787867	-1.02665	-1.22299	-1.35323	-1.39016	-1.30484	-1.09382	-0.783311	-0.427121	-0.0605517	0.28081	0.576817	0.808854	0.972002	1.05773	1.06205	0.992292	0.864682	0.693735	0.489415	0.260993	0.0364143	-0.149363	-0.268266	-0.322613	-0.336622	-0.327269	-0.292997	-0.229452	-0.154242	-0.0965985	-0.0556091	-0.0127984	0.0407912	0.0955666	0.139077	0.165376	0.17308	0.151481	0.11349	0.0718562	0.0444993	0.038856	0.0639542	0.124957	0.216902	0.321814	0.426254	0.511839	0.56624	0.582408	0.546985	0.459792	0.350078	0.250698	0.181477	0.160863	0.202815	0.313503	0.465514	0.63186	0.787334	0.901326	0.946011	0.91988	0.831943	0.692913	0.528484	0.345814	0.161704	-0.00779098	-0.152027	-0.268442	-0.367577	-0.444782	-0.498136	-0.525211	-0.525184	-0.500032	-0.447032	-0.36547	-0.258701	-0.135053	0	
0	-0.142118	-0.271619	-0.380568	-0.457978	-0.497742	-0.496425	-0.4573	-0.383174	-0.296554	-0.227636	-0.189007	-0.179251	-0.21656	-0.335623	-0.537024	-0.776909	-1.00501	-1.18696	-1.30311	-1.32657	-1.23847	-1.03358	-0.733124	-0.383631	-0.0252804	0.299321	0.581134	0.808658	0.974739	1.06205	1.06258	0.993781	0.873729	0.712751	0.517931	0.296697	0.08034	-0.0995761	-0.215626	-0.272449	-0.292888	-0.293398	-0.269736	-0.221049	-0.155867	-0.107331	-0.0718986	-0.0296194	0.0285869	0.0870789	0.130424	0.151103	0.153584	0.137324	0.110006	0.0815775	0.0674714	0.0761093	0.111742	0.18029	0.274148	0.37674	0.477552	0.554029	0.59452	0.586905	0.525411	0.424075	0.311726	0.210019	0.138599	0.122558	0.172289	0.287415	0.446337	0.61891	0.774877	0.888887	0.931349	0.907842	0.827159	0.696246	0.536372	0.352529	0.172445	0.0082855	-0.134508	-0.252795	-0.351256	-0.417044	-0.456933	-0.473115	-0.464029	-0.435318	-0.380863	-0.304146	-0.212754	-0.109146	0	
0	-0.147719	-0.284678	-0.406417	-0.492157	-0.537185	-0.52555	-0.469977	-0.376813	-0.279461	-0.205653	-0.164816	-0.157964	-0.1951	-0.308888	-0.494269	-0.716901	-0.924982	-1.08834	-1.18861	-1.20875	-1.1302	-0.946296	-0.672914	-0.35393	-0.0329772	0.257981	0.518883	0.740961	0.90734	0.992292	0.993781	0.933838	0.827338	0.688377	0.515046	0.321836	0.129529	-0.0313072	-0.135946	-0.188506	-0.216278	-0.225412	-0.219311	-0.189045	-0.144253	-0.111078	-0.0877882	-0.0504957	0.00627021	0.062699	0.100663	0.114907	0.116033	0.107196	0.0983009	0.0881304	0.0955334	0.123934	0.174161	0.251895	0.348468	0.450563	0.549047	0.615808	0.63323	0.595236	0.508988	0.388116	0.259639	0.148297	0.0744852	0.0579007	0.107304	0.223629	0.382353	0.555689	0.71407	0.831406	0.882336	0.873842	0.810356	0.692696	0.54374	0.373773	0.206454	0.0532707	-0.0862272	-0.206692	-0.296472	-0.349601	-0.376935	-0.377362	-0.354531	-0.316591	-0.263607	-0.200916	-0.134277	-0.0665271	0	
0	-0.154301	-0.3039	-0.436578	-0.53257	-0.574344	-0.556543	-0.486044	-0.379753	-0.266409	-0.176649	-0.123121	-0.11089	-0.146256	-0.250958	-0.417273	-0.6171	-0.801418	-0.94406	-1.03401	-1.05753	-0.995814	-0.83754	-0.603238	-0.335894	-0.0679574	0.179287	0.414276	0.622115	0.780576	0.864682	0.873729	0.827338	0.746212	0.639382	0.508235	0.355817	0.198652	0.0626459	-0.030014	-0.0871313	-0.127191	-0.155436	-0.167483	-0.158483	-0.133676	-0.111795	-0.0931434	-0.0574416	-0.00439013	0.0440641	0.0687023	0.0760499	0.0762113	0.0796187	0.0885892	0.0988554	0.125098	0.168147	0.228926	0.313914	0.416011	0.523673	0.621605	0.673432	0.667771	0.605499	0.49683	0.360817	0.218023	0.0874384	-0.00291027	-0.0312086	0.0119434	0.11971	0.275265	0.44896	0.605183	0.731555	0.801796	0.82101	0.784617	0.688778	0.562983	0.415846	0.268196	0.126971	-0.00450648	-0.110855	-0.18704	-0.232933	-0.253764	-0.249405	-0.223312	-0.187546	-0.147479	-0.105287	-0.0665731	-0.0318001	0	
0	-0.165933	-0.327583	-0.472177	-0.569891	-0.60962	-0.583457	-0.504852	-0.384835	-0.253053	-0.141112	-0.0678199	-0.0454175	-0.0761469	-0.172348	-0.320482	-0.495658	-0.654631	-0.777935	-0.859562	-0.887865	-0.840131	-0.708803	-0.523102	-0.315544	-0.108774	0.0905092	0.285916	0.464963	0.609724	0.693735	0.712751	0.688377	0.639382	0.581947	0.500603	0.396817	0.279942	0.168374	0.0795985	0.013273	-0.0466173	-0.092767	-0.124634	-0.137408	-0.127691	-0.108315	-0.0851142	-0.0473177	0.00132478	0.0365657	0.0506987	0.0536221	0.0538548	0.063388	0.0849861	0.10617	0.1423	0.195888	0.263815	0.356381	0.466642	0.578623	0.671271	0.711375	0.693691	0.618177	0.499261	0.352027	0.190343	0.0383305	-0.0742441	-0.122988	-0.0990863	-0.0100275	0.132459	0.302134	0.46492	0.603928	0.698773	0.746429	0.734355	0.670635	0.583594	0.472778	0.348929	0.22913	0.121254	0.0327792	-0.0277731	-0.0688862	-0.0936071	-0.0950292	-0.0839739	-0.0672507	-0.0450732	-0.0283291	-0.0198087	-0.00939541	0	
0	-0.184883	-0.362371	-0.513149	-0.612728	-0.647759	-0.617929	-0.529244	-0.394201	-0.241121	-0.10506	-0.00946825	0.0285116	0.00522855	-0.0839097	-0.216234	-0.369542	-0.505965	-0.613161	-0.685887	-0.713281	-0.675974	-0.573632	-0.436733	-0.287928	-0.138458	0.00559857	0.147642	0.287163	0.410618	0.489415	0.517931	0.515046	0.508235	0.500603	0.473053	0.421911	0.345807	0.256898	0.171721	0.0956243	0.0217644	-0.0456878	-0.100906	-0.129688	-0.127507	-0.100664	-0.0676176	-0.0285167	0.0114758	0.0379815	0.0447068	0.0467059	0.0470492	0.0593854	0.0848162	0.112592	0.15568	0.211407	0.283417	0.385274	0.504171	0.621551	0.712875	0.746105	0.721347	0.64283	0.516528	0.351265	0.166739	-0.00684984	-0.139825	-0.215189	-0.216863	-0.149263	-0.0236847	0.138232	0.303231	0.457914	0.575484	0.647102	0.66631	0.639218	0.591949	0.520559	0.430768	0.346336	0.271651	0.208794	0.16364	0.128307	0.103526	0.0862128	0.070276	0.059459	0.0509882	0.0389626	0.0236231	0.0119141	0	
0	-0.208638	-0.399934	-0.553594	-0.651105	-0.683214	-0.647834	-0.545707	-0.391808	-0.217351	-0.060762	0.0555678	0.110493	0.0954212	0.0132888	-0.107917	-0.243021	-0.363454	-0.455284	-0.513637	-0.53373	-0.506606	-0.434783	-0.343628	-0.246022	-0.154371	-0.0732837	0.00683793	0.0986137	0.193189	0.260993	0.296697	0.321836	0.355817	0.396817	0.421911	0.417223	0.37805	0.310512	0.23488	0.160152	0.0738092	-0.0154363	-0.0850735	-0.121846	-0.117984	-0.0844589	-0.0469405	-0.00983025	0.0276465	0.0514478	0.0581567	0.0616447	0.0597864	0.0704923	0.0977451	0.129018	0.171021	0.228417	0.306424	0.415651	0.543525	0.667172	0.756281	0.786176	0.760256	0.670732	0.522616	0.337142	0.133823	-0.061119	-0.218519	-0.313218	-0.329692	-0.281112	-0.173712	-0.0217046	0.14424	0.304912	0.436446	0.528662	0.575423	0.588152	0.582374	0.551158	0.506501	0.471183	0.437538	0.401956	0.373267	0.342582	0.312725	0.281748	0.241345	0.197877	0.154267	0.109975	0.0724169	0.0419501	0	
0	-0.23008	-0.431276	-0.583422	-0.676528	-0.703078	-0.656533	-0.535649	-0.359057	-0.166217	0.00695784	0.137822	0.207053	0.199325	0.122889	0.00931314	-0.116009	-0.226844	-0.305005	-0.34585	-0.358855	-0.345797	-0.304926	-0.251664	-0.199009	-0.162444	-0.141848	-0.120066	-0.0759007	-0.0157702	0.0364143	0.08034	0.129529	0.198652	0.279942	0.345807	0.37805	0.370649	0.333163	0.280343	0.209509	0.11286	0.00963434	-0.0683897	-0.107754	-0.106942	-0.074997	-0.0323605	0.010112	0.0536428	0.0823495	0.0921277	0.0957741	0.0938527	0.103103	0.129404	0.160945	0.202063	0.259428	0.344258	0.467146	0.604115	0.726253	0.807156	0.827986	0.786963	0.677508	0.505527	0.290881	0.0620685	-0.147047	-0.315275	-0.422979	-0.450433	-0.408752	-0.308058	-0.157415	0.0125941	0.171418	0.303706	0.409695	0.485743	0.533246	0.562421	0.575604	0.580665	0.592544	0.598189	0.591059	0.5783	0.548949	0.509787	0.46354	0.403647	0.337357	0.267807	0.195554	0.129745	0.0705646	0	
0	-0.241446	-0.445166	-0.593005	-0.677485	-0.692448	-0.627094	-0.483732	-0.28669	-0.0789654	0.102581	0.239937	0.313926	0.310143	0.237298	0.126577	0.00461706	-0.102084	-0.168343	-0.194803	-0.206654	-0.209955	-0.196709	-0.173327	-0.159304	-0.168097	-0.192645	-0.215093	-0.212804	-0.187233	-0.149363	-0.0995761	-0.0313072	0.0626459	0.168374	0.256898	0.310512	0.333163	0.329962	0.297157	0.232258	0.135093	0.0303969	-0.049763	-0.094893	-0.101391	-0.0701689	-0.0229674	0.0279258	0.0791536	0.114415	0.13125	0.142629	0.147107	0.158273	0.183185	0.213162	0.253639	0.316503	0.413342	0.541551	0.6754	0.788534	0.853308	0.851694	0.782534	0.639421	0.433612	0.195141	-0.0457655	-0.265451	-0.442684	-0.550367	-0.57274	-0.522372	-0.413197	-0.254431	-0.0810032	0.0762388	0.212718	0.329804	0.424794	0.496066	0.557061	0.611735	0.65795	0.701319	0.728607	0.740368	0.73917	0.712014	0.668722	0.610817	0.535262	0.456514	0.377722	0.286717	0.187255	0.0938263	0	
0	-0.23861	-0.438504	-0.578702	-0.652414	-0.647403	-0.559629	-0.395993	-0.185607	0.0291478	0.212395	0.344288	0.414241	0.408935	0.338908	0.229445	0.109463	0.00631996	-0.0515578	-0.0732237	-0.0889693	-0.108437	-0.115426	-0.115847	-0.131061	-0.165499	-0.213457	-0.260707	-0.291029	-0.293745	-0.268266	-0.215626	-0.135946	-0.030014	0.0795985	0.171721	0.23488	0.280343	0.297157	0.277765	0.221653	0.136408	0.0352295	-0.0462829	-0.0927621	-0.0966029	-0.0673527	-0.0176161	0.035071	0.0895269	0.131925	0.158836	0.17936	0.194476	0.214293	0.246069	0.28585	0.334628	0.406387	0.507137	0.628124	0.744997	0.8335	0.870333	0.839305	0.733189	0.552117	0.315076	0.0548657	-0.196553	-0.414244	-0.580663	-0.673672	-0.678409	-0.610578	-0.486122	-0.314479	-0.129682	0.0372731	0.184704	0.317116	0.423932	0.506078	0.582855	0.655867	0.720763	0.773086	0.80715	0.82741	0.82887	0.807755	0.770275	0.711403	0.630831	0.544114	0.455361	0.350277	0.232217	0.116631	0	
0	-0.220684	-0.405501	-0.536069	-0.590364	-0.563276	-0.450564	-0.277266	-0.0635876	0.148531	0.324222	0.441358	0.496673	0.485642	0.415763	0.30863	0.192451	0.0940421	0.0356799	0.00975615	-0.0153234	-0.0439312	-0.0654056	-0.0821495	-0.11082	-0.150804	-0.200338	-0.258695	-0.310981	-0.335518	-0.322613	-0.272449	-0.188506	-0.0871313	0.013273	0.0956243	0.160152	0.209509	0.232258	0.221653	0.181924	0.106495	0.0113683	-0.0634959	-0.0975889	-0.0977672	-0.0739297	-0.0294645	0.0252569	0.087496	0.136882	0.171736	0.199943	0.231674	0.269227	0.320881	0.380297	0.448745	0.529044	0.621772	0.720846	0.808497	0.862801	0.861413	0.785391	0.631776	0.413621	0.155111	-0.1167	-0.367002	-0.570726	-0.716476	-0.7839	-0.764605	-0.667024	-0.516845	-0.328492	-0.126986	0.057231	0.22379	0.370087	0.48257	0.562899	0.634	0.69936	0.751085	0.793047	0.826098	0.846942	0.849807	0.833309	0.801613	0.752137	0.680684	0.593602	0.491762	0.373902	0.255624	0.136322	0	
0	-0.189956	-0.352252	-0.462737	-0.496257	-0.442652	-0.315145	-0.140536	0.0626974	0.264717	0.425336	0.522774	0.558545	0.53943	0.467992	0.365217	0.254901	0.157517	0.0896434	0.0472103	0.012649	-0.0231207	-0.0538355	-0.0772284	-0.105033	-0.132529	-0.173399	-0.232301	-0.295891	-0.337102	-0.336622	-0.292888	-0.216278	-0.127191	-0.0466173	0.0217644	0.0738092	0.11286	0.135093	0.136408	0.106495	0.0406769	-0.0394394	-0.0952182	-0.118427	-0.123362	-0.110116	-0.0691619	-0.00699491	0.0615627	0.119799	0.163163	0.210247	0.272616	0.343521	0.420982	0.5025	0.584449	0.666093	0.749482	0.824854	0.879315	0.893395	0.843149	0.70959	0.50238	0.249309	-0.0252362	-0.296987	-0.53309	-0.718496	-0.840409	-0.881138	-0.830023	-0.6973	-0.51525	-0.301805	-0.0808866	0.128992	0.309557	0.45651	0.568002	0.644021	0.702386	0.739486	0.761389	0.774934	0.788202	0.804191	0.804628	0.793156	0.770806	0.729455	0.671907	0.5951	0.493171	0.375099	0.258211	0.137545	0	
0	-0.151934	-0.28048	-0.363618	-0.369874	-0.297993	-0.164568	-0.00330124	0.180938	0.363183	0.505664	0.581974	0.600892	0.573716	0.503407	0.407248	0.304084	0.205657	0.122358	0.0618656	0.0175526	-0.0240427	-0.0587931	-0.0826353	-0.0989137	-0.112941	-0.145131	-0.199344	-0.268141	-0.317946	-0.327269	-0.293398	-0.225412	-0.155436	-0.092767	-0.0456878	-0.0154363	0.00963434	0.0303969	0.0352295	0.0113683	-0.0394394	-0.093412	-0.134213	-0.161909	-0.175731	-0.170291	-0.131171	-0.0674071	0.00867357	0.076094	0.141877	0.223563	0.324756	0.426626	0.531203	0.632536	0.724655	0.805311	0.870751	0.919735	0.94136	0.910591	0.807165	0.623315	0.37721	0.099555	-0.185085	-0.457198	-0.683767	-0.843639	-0.931081	-0.936681	-0.853779	-0.694914	-0.491053	-0.258726	-0.0126721	0.217165	0.403113	0.549499	0.652827	0.717775	0.755277	0.762479	0.757323	0.744329	0.730718	0.722214	0.712448	0.701401	0.682979	0.652518	0.603332	0.537288	0.458332	0.359417	0.243777	0.122256	0	
