0	0	0	0	0	0	0	0	0	0	0	0	0	0	0	0	0	0	0	0	0	0	0	0	0	0	0	0	0	0	0	0	0	0	0	0	0	0	0	0	0	0	0	0	0	0	0	0	0	0	0	0	0	0	0	0	0	0	0	0	0	0	0	0	0	0	0	0	0	0	0	0	0	0	0	0	0	0	0	0	0	0	0	0	0	0	0	0	0	0	0	0	0	0	0	0	0	0	0	0	
0	-0.164621	-0.335343	-0.49341	-0.60263	-0.644759	-0.638091	-0.615348	-0.595477	-0.580464	-0.56373	-0.536941	-0.495284	-0.43821	-0.369412	-0.295554	-0.220925	-0.147548	-0.0784053	-0.0156099	0.040315	0.0886265	0.129102	0.162352	0.188734	0.209105	0.224331	0.235046	0.242035	0.245651	0.246196	0.243728	0.237999	0.228717	0.215261	0.196955	0.173108	0.14283	0.105513	0.0607207	0.00791397	-0.0522357	-0.119099	-0.191435	-0.266042	-0.340569	-0.411623	-0.472832	-0.518083	-0.543802	-0.549076	-0.535456	-0.505173	-0.459588	-0.396463	-0.308702	-0.196773	-0.0807365	0.0168543	0.0976938	0.180141	0.266208	0.330801	0.345793	0.306457	0.233258	0.154556	0.0902511	0.0469406	0.0219435	0.00929139	0.00358711	0.00126994	0.00041434	0.000125132	3.51157e-05	9.1887e-06	2.24893e-06	5.16273e-07	1.11448e-07	2.26757e-08	4.35778e-09	7.92571e-10	1.36667e-10	2.23803e-11	3.48597e-12	5.17209e-13	7.31951e-14	9.8929e-15	1.27853e-15	1.58171e-16	1.87516e-17	2.13244e-18	2.32838e-19	2.44321e-20	2.46585e-21	2.39567e-22	2.24209e-23	2.00837e-24	0	
0	-0.335343	-0.664847	-0.947486	-1.13425	-1.21795	-1.2321	-1.2123	-1.17829	-1.13701	-1.08573	-1.01918	-0.934407	-0.830504	-0.710862	-0.580723	-0.444561	-0.308789	-0.179907	-0.0615129	0.0438351	0.134158	0.209636	0.270968	0.31923	0.356396	0.383838	0.403214	0.415769	0.422251	0.423378	0.418942	0.408941	0.392259	0.368225	0.335005	0.291385	0.235543	0.165965	0.0818893	-0.0171872	-0.130729	-0.255858	-0.389809	-0.526813	-0.659785	-0.783228	-0.891136	-0.977001	-1.03525	-1.06003	-1.04561	-0.987758	-0.885185	-0.74433	-0.575515	-0.384122	-0.178675	0.0215276	0.203056	0.369181	0.518236	0.623154	0.648244	0.583689	0.456961	0.313451	0.19005	0.102735	0.0499089	0.0219451	0.00878903	0.00322411	0.00108865	0.000339843	9.84651e-05	2.65718e-05	6.69988e-06	1.58294e-06	3.5135e-07	7.34393e-08	1.44869e-08	2.70243e-09	4.77605e-10	8.01061e-11	1.27714e-11	1.93834e-12	2.80447e-13	3.87313e-14	5.11207e-15	6.45589e-16	7.80925e-17	9.05739e-18	1.00823e-18	1.07814e-19	1.10848e-20	1.09669e-21	1.04485e-22	9.52238e-24	0	
0	-0.49341	-0.947486	-1.31447	-1.5657	-1.70649	-1.75625	-1.73997	-1.68862	-1.62085	-1.53774	-1.43602	-1.31164	-1.16429	-0.999065	-0.821076	-0.638752	-0.462211	-0.297209	-0.147359	-0.0164265	0.0947797	0.187353	0.261966	0.321084	0.366696	0.400547	0.424805	0.440454	0.448722	0.450163	0.444613	0.432188	0.411487	0.381822	0.341176	0.287687	0.219439	0.134237	0.0302584	-0.0924268	-0.234797	-0.39416	-0.566526	-0.747598	-0.927871	-1.09715	-1.24697	-1.36796	-1.45065	-1.48636	-1.46619	-1.38519	-1.24182	-1.04074	-0.802495	-0.546727	-0.27194	0.0214562	0.30653	0.549985	0.735375	0.851729	0.880376	0.810532	0.661017	0.476946	0.305365	0.174407	0.0894131	0.0414056	0.0174235	0.00669921	0.00236534	0.000770381	0.000232394	6.51697e-05	1.70454e-05	4.17073e-06	9.57308e-07	2.06638e-07	4.20418e-08	8.07942e-09	1.46944e-09	2.53381e-10	4.14928e-11	6.46286e-12	9.58865e-13	1.35694e-13	1.83396e-14	2.37005e-15	2.93197e-16	3.47578e-17	3.95251e-18	4.31553e-19	4.52821e-20	4.57007e-21	4.43965e-22	4.12283e-23	0	
0	-0.60263	-1.13425	-1.5657	-1.89415	-2.10355	-2.18187	-2.1616	-2.09273	-1.99972	-1.88914	-1.75828	-1.60042	-1.4189	-1.22047	-1.01403	-0.811914	-0.621405	-0.446617	-0.291946	-0.159535	-0.0474281	0.0451581	0.120199	0.180557	0.227311	0.263016	0.288763	0.305626	0.314808	0.316092	0.310346	0.296398	0.274666	0.242932	0.201179	0.146488	0.0775445	-0.00768414	-0.112168	-0.236851	-0.382082	-0.549093	-0.733193	-0.930978	-1.13575	-1.33511	-1.51492	-1.6607	-1.75679	-1.79253	-1.76164	-1.66235	-1.50152	-1.27955	-0.99623	-0.672385	-0.328341	0.0318544	0.386175	0.684728	0.892051	1.00717	1.03693	0.978357	0.835927	0.639679	0.436381	0.265604	0.144803	0.0710902	0.0316085	0.0127989	0.00474431	0.00161762	0.000509521	0.000148843	4.04686e-05	1.02736e-05	2.44237e-06	5.45176e-07	1.1454e-07	2.27006e-08	4.25279e-09	7.54548e-10	1.27011e-10	2.03162e-11	3.09282e-12	4.48734e-13	6.21335e-14	8.2206e-15	1.04048e-15	1.26122e-16	1.46564e-17	1.63447e-18	1.7508e-19	1.80299e-20	1.78643e-21	1.69078e-22	0	
0	-0.644759	-1.21795	-1.70649	-2.10355	-2.36865	-2.48506	-2.483	-2.39682	-2.26127	-2.10807	-1.94238	-1.76385	-1.57517	-1.37703	-1.1788	-0.987728	-0.808944	-0.648207	-0.508785	-0.389152	-0.28731	-0.202742	-0.132078	-0.0745896	-0.0286016	0.00761311	0.033931	0.0520409	0.0616995	0.0630955	0.0570835	0.0419456	0.0194222	-0.0131914	-0.0549006	-0.107647	-0.172697	-0.251586	-0.345493	-0.458892	-0.590266	-0.742399	-0.913828	-1.0993	-1.29307	-1.48555	-1.66252	-1.8097	-1.91242	-1.95576	-1.93319	-1.83581	-1.66325	-1.42749	-1.12351	-0.75218	-0.350292	0.0469249	0.422183	0.74295	0.968533	1.09033	1.12739	1.09008	0.97517	0.792401	0.577475	0.375707	0.218464	0.114003	0.0536765	0.0229315	0.00893772	0.00319427	0.00105167	0.000320316	9.05987e-05	2.38783e-05	5.88272e-06	1.35856e-06	2.94867e-07	6.02908e-08	1.16384e-08	2.12533e-09	3.6783e-10	6.0437e-11	9.44246e-12	1.40487e-12	1.99324e-13	2.70034e-14	3.49736e-15	4.33535e-16	5.14919e-17	5.86578e-18	6.41512e-19	6.74173e-20	6.81352e-21	6.57298e-22	0	
0	-0.638091	-1.2321	-1.75625	-2.18187	-2.48506	-2.65786	-2.68562	-2.57987	-2.40386	-2.20589	-2.00523	-1.81623	-1.6345	-1.46003	-1.29673	-1.14467	-1.00884	-0.888687	-0.783099	-0.688211	-0.604793	-0.530833	-0.466033	-0.410596	-0.363314	-0.325448	-0.296284	-0.275957	-0.265244	-0.263004	-0.270663	-0.286675	-0.31276	-0.346673	-0.390871	-0.442853	-0.5039	-0.574689	-0.653488	-0.742937	-0.845029	-0.958915	-1.08818	-1.2314	-1.38589	-1.54425	-1.69721	-1.8293	-1.92986	-1.98176	-1.97185	-1.89317	-1.72533	-1.47208	-1.15637	-0.780996	-0.3663	0.0376419	0.40273	0.719419	0.961473	1.10661	1.16475	1.15486	1.07682	0.925551	0.719213	0.499966	0.310169	0.17215	0.0858911	0.0387401	0.0158856	0.00595403	0.00204991	0.000651225	0.000191677	5.24629e-05	1.33974e-05	3.20177e-06	7.18043e-07	1.51492e-07	3.01375e-08	5.6652e-09	1.00823e-09	1.70183e-10	2.72907e-11	4.16413e-12	6.05442e-13	8.39937e-14	1.11326e-14	1.41136e-15	1.71339e-16	1.99393e-17	2.22656e-18	2.38799e-19	2.46187e-20	2.42083e-21	0	
0	-0.615348	-1.2123	-1.73997	-2.1616	-2.483	-2.68562	-2.72597	-2.62481	-2.43817	-2.20656	-1.98076	-1.78392	-1.61565	-1.48125	-1.36997	-1.27925	-1.20108	-1.12872	-1.05926	-0.990501	-0.92449	-0.860405	-0.801148	-0.74638	-0.69888	-0.659617	-0.628091	-0.607172	-0.594992	-0.592885	-0.601432	-0.618028	-0.646497	-0.681448	-0.726695	-0.778255	-0.836166	-0.898211	-0.965288	-1.03102	-1.10035	-1.17078	-1.2461	-1.32724	-1.42118	-1.52624	-1.64	-1.7499	-1.83786	-1.89114	-1.88232	-1.80701	-1.66105	-1.4249	-1.11989	-0.775617	-0.398983	-0.0195851	0.325262	0.628981	0.884319	1.06446	1.15871	1.18218	1.14307	1.03238	0.851345	0.630666	0.416897	0.245968	0.130025	0.0619165	0.0267135	0.0105013	0.00378116	0.00125302	0.000383818	0.000109102	2.88815e-05	7.1429e-06	1.65524e-06	3.60355e-07	7.38807e-08	1.42963e-08	2.61635e-09	4.53694e-10	7.46761e-11	1.16857e-11	1.74113e-12	2.47357e-13	3.35509e-14	4.35017e-15	5.39799e-16	6.41735e-17	7.31686e-18	8.00867e-19	8.42223e-20	8.44168e-21	0	
0	-0.595477	-1.17829	-1.68862	-2.09273	-2.39682	-2.57987	-2.62481	-2.54395	-2.35027	-2.10456	-1.87852	-1.69217	-1.56327	-1.48087	-1.4263	-1.38959	-1.35104	-1.31197	-1.26488	-1.21474	-1.1609	-1.10797	-1.05517	-1.00792	-0.966299	-0.931078	-0.904088	-0.885468	-0.874561	-0.873445	-0.87993	-0.895934	-0.919332	-0.951917	-0.990237	-1.03597	-1.08673	-1.13861	-1.19373	-1.24618	-1.29358	-1.33471	-1.37143	-1.40369	-1.43493	-1.47576	-1.52437	-1.5862	-1.6399	-1.67546	-1.67425	-1.6066	-1.48429	-1.30357	-1.05566	-0.768842	-0.456696	-0.124124	0.198591	0.49291	0.758609	0.975276	1.11524	1.17858	1.17814	1.11019	0.965455	0.758979	0.533301	0.334015	0.186925	0.0939291	0.0426246	0.0175699	0.0066148	0.00228615	0.000728669	0.00021508	5.9012e-05	1.51016e-05	3.61563e-06	8.12137e-07	1.71579e-07	3.4174e-08	6.43063e-09	1.14548e-09	1.93503e-10	3.10517e-11	4.74087e-12	6.89666e-13	9.57236e-14	1.26927e-14	1.60975e-15	1.95491e-16	2.27572e-17	2.54195e-18	2.72676e-19	2.78566e-20	0	
0	-0.580464	-1.13701	-1.62085	-1.99972	-2.26127	-2.40386	-2.43817	-2.35027	-2.15376	-1.92649	-1.717	-1.56367	-1.48429	-1.44778	-1.44247	-1.43788	-1.42726	-1.40689	-1.37454	-1.33884	-1.29873	-1.25896	-1.22038	-1.18798	-1.15741	-1.13288	-1.11509	-1.10013	-1.09445	-1.09231	-1.09712	-1.10905	-1.12395	-1.14833	-1.17435	-1.2075	-1.24337	-1.28343	-1.32123	-1.36153	-1.39438	-1.41955	-1.42856	-1.42895	-1.41055	-1.38996	-1.36902	-1.35906	-1.36436	-1.36366	-1.36281	-1.33485	-1.25995	-1.1487	-0.987147	-0.777251	-0.535279	-0.257859	0.040388	0.330423	0.604797	0.852088	1.03917	1.14763	1.18634	1.15969	1.05639	0.876812	0.652705	0.433056	0.256217	0.13573	0.0647372	0.027964	0.0110026	0.00396407	0.00131416	0.000402638	0.000114462	3.02995e-05	7.49269e-06	1.73596e-06	3.77829e-07	7.74394e-08	1.49798e-08	2.74041e-09	4.75021e-10	7.81546e-11	1.22249e-11	1.82072e-12	2.58556e-13	3.50555e-14	4.54343e-15	5.63559e-16	6.6973e-17	7.63328e-18	8.35133e-19	8.6949e-20	0	
0	-0.56373	-1.08573	-1.53774	-1.88914	-2.10807	-2.20589	-2.20656	-2.10456	-1.92649	-1.71704	-1.52352	-1.40632	-1.35658	-1.35547	-1.37735	-1.39022	-1.39949	-1.39169	-1.38346	-1.36758	-1.35224	-1.33314	-1.31998	-1.30228	-1.28907	-1.27687	-1.26728	-1.25958	-1.25685	-1.25511	-1.25841	-1.26402	-1.27265	-1.28374	-1.29731	-1.31227	-1.32726	-1.34601	-1.36086	-1.37702	-1.38771	-1.39525	-1.38676	-1.36194	-1.3147	-1.24239	-1.1677	-1.09298	-1.05008	-1.03089	-1.02613	-1.03711	-1.03163	-0.998648	-0.92591	-0.796727	-0.620814	-0.397999	-0.129104	0.156526	0.437968	0.707401	0.936115	1.09163	1.17102	1.18354	1.12238	0.978112	0.768312	0.538554	0.336236	0.18752	0.0939003	0.042467	0.0174479	0.00654846	0.00225654	0.000717214	0.000211135	5.77833e-05	1.47517e-05	3.52377e-06	7.8978e-07	1.6651e-07	3.30989e-08	6.21659e-09	1.10537e-09	1.86408e-10	2.98643e-11	4.55249e-12	6.61283e-13	9.16548e-14	1.21369e-14	1.5373e-15	1.86467e-16	2.16817e-17	2.41895e-18	2.56617e-19	0	
0	-0.536941	-1.01918	-1.43602	-1.75828	-1.94238	-2.00523	-1.98076	-1.87852	-1.717	-1.52352	-1.35555	-1.24893	-1.19634	-1.19274	-1.20145	-1.22167	-1.2447	-1.26982	-1.29554	-1.3131	-1.32959	-1.33992	-1.34738	-1.34772	-1.35005	-1.34833	-1.34508	-1.34605	-1.34191	-1.34409	-1.34365	-1.34479	-1.34845	-1.34752	-1.35044	-1.34726	-1.34328	-1.33345	-1.32132	-1.30143	-1.27981	-1.24914	-1.21901	-1.17531	-1.12397	-1.04123	-0.94243	-0.839897	-0.756896	-0.724759	-0.732326	-0.774002	-0.8257	-0.862742	-0.868949	-0.81537	-0.698972	-0.526291	-0.292206	-0.0170254	0.268114	0.551628	0.812797	1.01318	1.13473	1.18504	1.16424	1.0594	0.874256	0.64539	0.424221	0.248638	0.13053	0.0617308	0.0264559	0.0103335	0.00369796	0.0012183	0.000371109	0.000104932	2.76375e-05	6.80241e-06	1.56912e-06	3.40114e-07	6.94403e-08	1.33837e-08	2.44004e-09	4.21588e-10	6.91519e-11	1.07855e-11	1.60197e-12	2.26905e-13	3.06891e-14	3.96832e-15	4.91145e-16	5.82462e-17	6.62486e-18	7.1594e-19	0	
0	-0.495284	-0.934407	-1.31164	-1.60042	-1.76385	-1.81623	-1.78392	-1.69217	-1.56367	-1.40632	-1.24893	-1.11527	-1.02153	-0.96922	-0.953724	-0.979046	-1.02354	-1.0807	-1.1284	-1.17594	-1.21165	-1.24247	-1.26095	-1.28001	-1.28888	-1.29781	-1.30149	-1.30596	-1.30575	-1.3073	-1.30584	-1.30302	-1.29992	-1.2925	-1.28355	-1.26943	-1.25128	-1.22386	-1.19223	-1.14648	-1.09853	-1.03918	-0.976651	-0.914029	-0.857495	-0.798542	-0.718837	-0.630244	-0.545842	-0.499383	-0.505491	-0.56547	-0.656701	-0.743051	-0.807538	-0.819517	-0.759004	-0.632739	-0.437145	-0.18099	0.102185	0.392813	0.676369	0.915892	1.07971	1.16736	1.18434	1.11963	0.966274	0.748613	0.5167	0.317606	0.174504	0.0861711	0.0384713	0.0156194	0.00579844	0.00197807	0.000622894	0.000181801	4.93606e-05	1.25086e-05	2.96744e-06	6.60827e-07	1.38487e-07	2.73738e-08	5.11418e-09	9.04837e-10	1.51878e-10	2.42251e-11	3.6775e-12	5.32085e-13	7.34739e-14	9.69517e-15	1.22394e-15	1.4799e-16	1.71543e-17	1.88788e-18	0	
0	-0.43821	-0.830504	-1.16429	-1.4189	-1.57517	-1.6345	-1.61565	-1.56327	-1.48429	-1.35658	-1.19634	-1.02153	-0.864522	-0.760392	-0.723651	-0.744528	-0.793107	-0.848004	-0.901823	-0.953526	-0.994932	-1.03213	-1.06268	-1.08884	-1.10842	-1.12525	-1.13781	-1.14481	-1.15095	-1.15031	-1.1482	-1.14177	-1.1301	-1.11733	-1.09632	-1.07436	-1.04451	-1.01056	-0.970593	-0.922745	-0.864843	-0.805196	-0.735218	-0.664039	-0.603273	-0.561826	-0.522027	-0.469754	-0.407107	-0.36582	-0.364892	-0.416039	-0.519061	-0.635726	-0.739178	-0.802394	-0.794062	-0.712937	-0.558134	-0.329006	-0.0546632	0.237076	0.533689	0.804349	1.00842	1.13328	1.18571	1.15962	1.04194	0.844044	0.60996	0.392297	0.225144	0.115887	0.0538137	0.0226783	0.00872212	0.00307727	0.00100062	0.00030114	8.42005e-05	2.19482e-05	5.35021e-06	1.22309e-06	2.6289e-07	5.3253e-08	1.01883e-08	1.84465e-09	3.16646e-10	5.16205e-11	8.00467e-12	1.18244e-12	1.66618e-13	2.24252e-14	2.88631e-15	3.55662e-16	4.19981e-17	4.70496e-18	0	
0	-0.369412	-0.710862	-0.999065	-1.22047	-1.37703	-1.46003	-1.48125	-1.48087	-1.44778	-1.35547	-1.19274	-0.96922	-0.760392	-0.618254	-0.560014	-0.561445	-0.582154	-0.615809	-0.655159	-0.698063	-0.737135	-0.776779	-0.811869	-0.843364	-0.870763	-0.892747	-0.90963	-0.921045	-0.927608	-0.928075	-0.924263	-0.914434	-0.899607	-0.88029	-0.854275	-0.825637	-0.791203	-0.752425	-0.712825	-0.671175	-0.624504	-0.578741	-0.530851	-0.471731	-0.412811	-0.378877	-0.365993	-0.359077	-0.330399	-0.294661	-0.287429	-0.323032	-0.413865	-0.537814	-0.663743	-0.764837	-0.802982	-0.765727	-0.652976	-0.457344	-0.198841	0.0888668	0.390809	0.683702	0.923774	1.08531	1.17142	1.1814	1.10051	0.928644	0.700499	0.470208	0.281272	0.150623	0.0726246	0.0317177	0.0126193	0.00459823	0.00154193	0.000477917	0.000137455	3.68157e-05	9.21214e-06	2.15977e-06	4.75691e-07	9.8665e-08	1.93145e-08	3.57582e-09	6.27267e-10	1.04441e-10	1.65325e-11	2.49173e-12	3.58076e-13	4.9128e-14	6.44316e-15	8.087e-16	9.72323e-17	1.10828e-17	0	
0	-0.295554	-0.580723	-0.821076	-1.01403	-1.1788	-1.29673	-1.36997	-1.4263	-1.44247	-1.37735	-1.20145	-0.953724	-0.723651	-0.560014	-0.476843	-0.428396	-0.407948	-0.415715	-0.445099	-0.478868	-0.511694	-0.549372	-0.581573	-0.610422	-0.635767	-0.655009	-0.671427	-0.680706	-0.688118	-0.687583	-0.684817	-0.67612	-0.66127	-0.645115	-0.620267	-0.592848	-0.563882	-0.52687	-0.490097	-0.456889	-0.417789	-0.386322	-0.365994	-0.345519	-0.30386	-0.269133	-0.260445	-0.27381	-0.283598	-0.2693	-0.254432	-0.267969	-0.336521	-0.45222	-0.585404	-0.711537	-0.789094	-0.792908	-0.721556	-0.5639	-0.327983	-0.048918	0.252528	0.559141	0.829246	1.02585	1.14432	1.18757	1.14263	1.00063	0.785369	0.548739	0.341344	0.189782	0.094834	0.0428474	0.0176066	0.00661575	0.00228453	0.000728256	0.000215179	5.91467e-05	1.51745e-05	3.64459e-06	8.21705e-07	1.74339e-07	3.48877e-08	6.59865e-09	1.1819e-09	2.00826e-10	3.2426e-11	4.98272e-12	7.29731e-13	1.01991e-13	1.36212e-14	1.74031e-15	2.12923e-16	2.4679e-17	0	
0	-0.220925	-0.444561	-0.638752	-0.811914	-0.987728	-1.14467	-1.27925	-1.38959	-1.43788	-1.39022	-1.22167	-0.979046	-0.744528	-0.561445	-0.428396	-0.330454	-0.291523	-0.294612	-0.315498	-0.327505	-0.354859	-0.377553	-0.397551	-0.413581	-0.434394	-0.44268	-0.457986	-0.462536	-0.467783	-0.469586	-0.463778	-0.461998	-0.448413	-0.438327	-0.423901	-0.402989	-0.385289	-0.365065	-0.335085	-0.316487	-0.292451	-0.260374	-0.241952	-0.245827	-0.241999	-0.2197	-0.207263	-0.222432	-0.246914	-0.253097	-0.246059	-0.243632	-0.283377	-0.379967	-0.50891	-0.648338	-0.757707	-0.798821	-0.765957	-0.647833	-0.440363	-0.174516	0.122189	0.435315	0.728611	0.957429	1.10697	1.1809	1.16981	1.05938	0.862384	0.625463	0.403612	0.232474	0.120152	0.0560561	0.023748	0.00918678	0.00326174	0.0010678	0.000323671	9.11838e-05	2.39556e-05	5.88714e-06	1.35713e-06	2.94216e-07	6.01237e-08	1.16061e-08	2.12054e-09	3.67375e-10	6.04519e-11	9.46298e-12	1.41123e-12	2.00775e-13	2.72847e-14	3.54608e-15	4.41183e-16	5.19639e-17	0	
0	-0.147548	-0.308789	-0.462211	-0.621405	-0.808944	-1.00884	-1.20108	-1.35104	-1.42726	-1.39949	-1.2447	-1.02354	-0.793107	-0.582154	-0.407948	-0.291523	-0.250407	-0.238524	-0.228964	-0.228434	-0.245525	-0.250048	-0.259372	-0.273865	-0.282169	-0.29039	-0.299589	-0.303384	-0.30575	-0.308405	-0.303306	-0.301169	-0.294577	-0.28374	-0.277861	-0.265524	-0.25228	-0.248327	-0.232382	-0.220435	-0.219819	-0.208017	-0.184012	-0.183634	-0.195477	-0.195335	-0.183134	-0.188966	-0.222124	-0.242635	-0.243397	-0.235184	-0.250904	-0.323723	-0.439775	-0.580895	-0.713283	-0.788072	-0.790199	-0.710163	-0.534921	-0.286741	0.00189716	0.31594	0.625613	0.882697	1.06172	1.16403	1.18413	1.10522	0.930182	0.698314	0.466291	0.277603	0.148084	0.0711998	0.0310408	0.0123407	0.00449747	0.00150967	0.000468745	0.000135148	3.63086e-05	9.11807e-06	2.1465e-06	4.74919e-07	9.89927e-08	1.94817e-08	3.62711e-09	6.40042e-10	1.0723e-10	1.70833e-11	2.59194e-12	3.75036e-13	5.18181e-14	6.84505e-15	8.65338e-16	1.03497e-16	0	
0	-0.0784053	-0.179907	-0.297209	-0.446617	-0.648207	-0.888687	-1.12872	-1.31197	-1.40689	-1.39169	-1.26982	-1.0807	-0.848004	-0.615809	-0.415715	-0.294612	-0.238524	-0.197244	-0.171848	-0.171737	-0.178626	-0.175051	-0.186709	-0.195237	-0.195429	-0.206828	-0.207681	-0.211776	-0.214305	-0.213169	-0.214365	-0.208636	-0.208908	-0.200033	-0.19476	-0.192043	-0.176531	-0.178053	-0.17253	-0.162732	-0.163989	-0.175775	-0.16485	-0.155402	-0.168586	-0.178729	-0.178173	-0.173914	-0.197931	-0.228128	-0.241527	-0.236193	-0.233626	-0.28149	-0.381387	-0.516095	-0.660982	-0.764152	-0.798214	-0.753478	-0.611791	-0.384901	-0.107092	0.203729	0.523638	0.80437	1.0108	1.13939	1.18783	1.13919	0.988175	0.765704	0.527707	0.32396	0.177974	0.0880056	0.0394068	0.0160712	0.00600154	0.00206216	0.000654831	0.00019293	5.29271e-05	1.35632e-05	3.25624e-06	7.34334e-07	1.55936e-07	3.12489e-08	5.92173e-09	1.06317e-09	1.81158e-10	2.93433e-11	4.52498e-12	6.65254e-13	9.33671e-14	1.25248e-14	1.60747e-15	1.95067e-16	0	
0	-0.0156099	-0.0615129	-0.147359	-0.291946	-0.508785	-0.783099	-1.05926	-1.26488	-1.37454	-1.38346	-1.29554	-1.1284	-0.901823	-0.655159	-0.445099	-0.315498	-0.228964	-0.171848	-0.147314	-0.154984	-0.146281	-0.146368	-0.153221	-0.153472	-0.149931	-0.16122	-0.151877	-0.159762	-0.158253	-0.154508	-0.162494	-0.150993	-0.160257	-0.153057	-0.151577	-0.154597	-0.148988	-0.142034	-0.150077	-0.13965	-0.13357	-0.144213	-0.155631	-0.147002	-0.154866	-0.166645	-0.171703	-0.167107	-0.184343	-0.215794	-0.234479	-0.236897	-0.227826	-0.25277	-0.333312	-0.457463	-0.606678	-0.731295	-0.793413	-0.780682	-0.672121	-0.468955	-0.204174	0.100503	0.425515	0.725073	0.956316	1.10919	1.18318	1.16275	1.03643	0.826563	0.586404	0.370321	0.209046	0.106086	0.0486917	0.0203317	0.00776574	0.00272667	0.000884037	0.000265734	7.43258e-05	1.94077e-05	4.74507e-06	1.08922e-06	2.35325e-07	4.79595e-08	9.23928e-09	1.68573e-09	2.91804e-10	4.80022e-11	7.51552e-12	1.12151e-12	1.59725e-13	2.17374e-14	2.82968e-15	3.48087e-16	0	
0	0.040315	0.0438351	-0.0164265	-0.159535	-0.389152	-0.688211	-0.990501	-1.21474	-1.33884	-1.36758	-1.3131	-1.17594	-0.953526	-0.698063	-0.478868	-0.327505	-0.228434	-0.171737	-0.154984	-0.144854	-0.126844	-0.129929	-0.12915	-0.121635	-0.126414	-0.125072	-0.12283	-0.126319	-0.124933	-0.123777	-0.126924	-0.123603	-0.124235	-0.126013	-0.123884	-0.123361	-0.132944	-0.123816	-0.133801	-0.138369	-0.133843	-0.130408	-0.140309	-0.138369	-0.146865	-0.160483	-0.170499	-0.16497	-0.169819	-0.202046	-0.228807	-0.236912	-0.226391	-0.235365	-0.296324	-0.406208	-0.553709	-0.693658	-0.779521	-0.794869	-0.717594	-0.539377	-0.289266	0.0073217	0.333442	0.647213	0.900304	1.07541	1.1723	1.17756	1.0755	0.880311	0.64121	0.415525	0.240468	0.124965	0.0586709	0.0250341	0.00976156	0.00349608	0.00115532	0.000353725	0.000100712	2.6755e-05	6.65189e-06	1.55202e-06	3.40681e-07	7.05169e-08	1.37926e-08	2.55416e-09	4.48617e-10	7.48602e-11	1.18862e-11	1.79838e-12	2.59625e-13	3.58084e-14	4.72312e-15	5.88387e-16	0	
0	0.0886265	0.134158	0.0947797	-0.0474281	-0.28731	-0.604793	-0.92449	-1.1609	-1.29873	-1.35224	-1.32959	-1.21165	-0.994932	-0.737135	-0.511694	-0.354859	-0.245525	-0.178626	-0.146281	-0.126844	-0.117653	-0.119404	-0.115702	-0.113376	-0.118886	-0.113468	-0.117006	-0.116522	-0.114811	-0.117968	-0.114052	-0.118098	-0.114537	-0.116167	-0.117195	-0.112833	-0.118342	-0.114923	-0.118013	-0.121571	-0.128086	-0.132287	-0.142042	-0.136594	-0.137568	-0.152471	-0.165413	-0.165	-0.164871	-0.18958	-0.219339	-0.235551	-0.227118	-0.224943	-0.269488	-0.364143	-0.504645	-0.654013	-0.759648	-0.799253	-0.750391	-0.597066	-0.362636	-0.0753313	0.248994	0.572869	0.844645	1.03984	1.15711	1.18537	1.10628	0.926789	0.69126	0.458531	0.271397	0.144108	0.0690623	0.0300514	0.0119398	0.00435383	0.00146388	0.000455743	0.000131871	3.55853e-05	8.98295e-06	2.12719e-06	4.73735e-07	9.94524e-08	1.97229e-08	3.70216e-09	6.58954e-10	1.11403e-10	1.79169e-11	2.74526e-12	4.01278e-13	5.60277e-14	7.47976e-15	9.42657e-16	0	
0	0.129102	0.209636	0.187353	0.0451581	-0.202742	-0.530833	-0.860405	-1.10797	-1.25896	-1.33314	-1.33992	-1.24247	-1.03213	-0.776779	-0.549372	-0.377553	-0.250048	-0.175051	-0.146368	-0.129929	-0.119404	-0.118818	-0.115601	-0.112659	-0.114098	-0.109437	-0.111256	-0.109075	-0.108897	-0.109781	-0.10822	-0.111164	-0.10923	-0.112824	-0.112828	-0.113643	-0.118163	-0.115591	-0.118652	-0.121788	-0.118755	-0.12032	-0.135638	-0.137991	-0.135865	-0.145927	-0.163018	-0.165439	-0.158706	-0.178682	-0.210369	-0.233288	-0.229573	-0.219175	-0.249285	-0.330456	-0.461863	-0.61528	-0.736313	-0.796534	-0.772844	-0.643301	-0.424845	-0.147389	0.173203	0.503743	0.791048	1.00407	1.13933	1.18783	1.12986	0.96617	0.735977	0.49846	0.301028	0.162951	0.0795423	0.0352246	0.0142322	0.00527403	0.00180098	0.000569136	0.000167082	4.57241e-05	1.17009e-05	2.80789e-06	6.33497e-07	1.3469e-07	2.7045e-08	5.13881e-09	9.25671e-10	1.58345e-10	2.57629e-11	3.99263e-12	5.90195e-13	8.3322e-14	1.12456e-14	1.4322e-15	0	
0	0.162352	0.270968	0.261966	0.120199	-0.132078	-0.466033	-0.801148	-1.05517	-1.22038	-1.31998	-1.34738	-1.26095	-1.06268	-0.811869	-0.581573	-0.397551	-0.259372	-0.186709	-0.153221	-0.12915	-0.115702	-0.115601	-0.109131	-0.10533	-0.107672	-0.102622	-0.104422	-0.103282	-0.102248	-0.104036	-0.101628	-0.104941	-0.102671	-0.105347	-0.107337	-0.105256	-0.113786	-0.111605	-0.115308	-0.12177	-0.124313	-0.118071	-0.130486	-0.136546	-0.133468	-0.1415	-0.155636	-0.165072	-0.159348	-0.171727	-0.200398	-0.227392	-0.231234	-0.218211	-0.235704	-0.303515	-0.425196	-0.579499	-0.71204	-0.789184	-0.787157	-0.679519	-0.476661	-0.20908	0.106665	0.441161	0.74101	0.969521	1.12047	1.18649	1.14739	0.99886	0.775042	0.534605	0.328626	0.180937	0.0897648	0.0403715	0.016555	0.00622254	0.0021541	0.000689762	0.000205094	5.68257e-05	1.4718e-05	3.5736e-06	8.15545e-07	1.75351e-07	3.55984e-08	6.83733e-09	1.24474e-09	2.15155e-10	3.53665e-11	5.53663e-12	8.26627e-13	1.17854e-13	1.60614e-14	2.06467e-15	0	
0	0.188734	0.31923	0.321084	0.180557	-0.0745896	-0.410596	-0.74638	-1.00792	-1.18798	-1.30228	-1.34772	-1.28001	-1.08884	-0.843364	-0.610422	-0.413581	-0.273865	-0.195237	-0.153472	-0.121635	-0.113376	-0.112659	-0.10533	-0.105428	-0.109213	-0.101421	-0.10774	-0.103934	-0.103299	-0.107561	-0.100698	-0.109148	-0.102138	-0.106696	-0.107556	-0.1039	-0.108692	-0.110777	-0.107218	-0.116329	-0.122784	-0.121468	-0.125526	-0.134784	-0.131605	-0.138039	-0.153984	-0.163696	-0.156211	-0.165433	-0.194013	-0.223302	-0.231311	-0.217418	-0.226692	-0.283471	-0.39503	-0.547614	-0.688513	-0.779343	-0.795441	-0.707214	-0.51895	-0.260811	0.0496425	0.3861	0.695793	0.937443	1.10183	1.18272	1.16003	1.02541	0.80834	0.566423	0.353548	0.197533	0.0993803	0.0452976	0.0188141	0.00715894	0.00250768	0.00081218	0.000244171	6.83805e-05	1.7896e-05	4.38955e-06	1.01174e-06	2.19656e-07	4.50191e-08	8.72788e-09	1.60357e-09	2.79694e-10	4.63863e-11	7.32577e-12	1.10326e-12	1.58646e-13	2.1804e-14	2.82572e-15	0	
0	0.209105	0.356396	0.366696	0.227311	-0.0286016	-0.363314	-0.69888	-0.966299	-1.15741	-1.28907	-1.35005	-1.28888	-1.10842	-0.870763	-0.635767	-0.434394	-0.282169	-0.195429	-0.149931	-0.126414	-0.118886	-0.114098	-0.107672	-0.109213	-0.105055	-0.103251	-0.103959	-0.101465	-0.101165	-0.102757	-0.100106	-0.103459	-0.103073	-0.104197	-0.106979	-0.109041	-0.108792	-0.114042	-0.111891	-0.113587	-0.114982	-0.115824	-0.125952	-0.135382	-0.13204	-0.134361	-0.14836	-0.163122	-0.157302	-0.16171	-0.186569	-0.217578	-0.231817	-0.218579	-0.220537	-0.268106	-0.370997	-0.52067	-0.667153	-0.768659	-0.799504	-0.727843	-0.552623	-0.303081	0.00217313	0.33924	0.656429	0.908893	1.08448	1.1777	1.16882	1.04642	0.835902	0.593524	0.375252	0.212259	0.108054	0.0498077	0.020911	0.00803933	0.00284416	0.00093002	0.000282202	7.97455e-05	2.10539e-05	5.20842e-06	1.21054e-06	2.64972e-07	5.47438e-08	1.06971e-08	1.98064e-09	3.48106e-10	5.81676e-11	9.25473e-12	1.404e-12	2.03357e-13	2.81495e-14	3.67321e-15	0	
0	0.224331	0.383838	0.400547	0.263016	0.00761311	-0.325448	-0.659617	-0.931078	-1.13288	-1.27687	-1.34833	-1.29781	-1.12525	-0.892747	-0.655009	-0.44268	-0.29039	-0.206828	-0.16122	-0.125072	-0.113468	-0.109437	-0.102622	-0.101421	-0.103251	-0.0978334	-0.102198	-0.0987021	-0.0997763	-0.100928	-0.0979621	-0.102605	-0.0982675	-0.101882	-0.10215	-0.100685	-0.105335	-0.108963	-0.107139	-0.117485	-0.123696	-0.117176	-0.119038	-0.131627	-0.130888	-0.133463	-0.145586	-0.162179	-0.157201	-0.158102	-0.18195	-0.213632	-0.230884	-0.219307	-0.217009	-0.257155	-0.35239	-0.49881	-0.648986	-0.758526	-0.800876	-0.742709	-0.57855	-0.336414	-0.0358445	0.301032	0.623726	0.88475	1.06935	1.17241	1.17469	1.0625	0.857852	0.615642	0.393297	0.224696	0.11548	0.0537174	0.0227496	0.00881949	0.00314532	0.0010365	0.00031688	9.01996e-05	2.39833e-05	5.97428e-06	1.39796e-06	3.08028e-07	6.40539e-08	1.25964e-08	2.34701e-09	4.15055e-10	6.97787e-11	1.11692e-11	1.70454e-12	2.48343e-13	3.45771e-14	4.53723e-15	0	
0	0.235046	0.403214	0.424805	0.288763	0.033931	-0.296284	-0.628091	-0.904088	-1.11509	-1.26728	-1.34508	-1.30149	-1.13781	-0.90963	-0.671427	-0.457986	-0.299589	-0.207681	-0.151877	-0.12283	-0.117006	-0.111256	-0.104422	-0.10774	-0.103959	-0.102198	-0.103857	-0.101261	-0.100844	-0.103082	-0.0995218	-0.103389	-0.10265	-0.102757	-0.10601	-0.106819	-0.104504	-0.111633	-0.10693	-0.108615	-0.114515	-0.117569	-0.121098	-0.133251	-0.130911	-0.132118	-0.143585	-0.15905	-0.156856	-0.157845	-0.178389	-0.209354	-0.230008	-0.220273	-0.214872	-0.249545	-0.338822	-0.482202	-0.63465	-0.749946	-0.800787	-0.75293	-0.597508	-0.361299	-0.0645776	0.271751	0.598291	0.865713	1.05716	1.16766	1.17842	1.07419	0.874356	0.632605	0.407347	0.2345	0.121398	0.0568637	0.0242425	0.00945829	0.00339387	0.00112504	0.000345922	9.90151e-05	2.64701e-05	6.62861e-06	1.55909e-06	3.45274e-07	7.2156e-08	1.42591e-08	2.66957e-09	4.74335e-10	8.01176e-11	1.28832e-11	1.9751e-12	2.89061e-13	4.04259e-14	5.32746e-15	0	
0	0.242035	0.415769	0.440454	0.305626	0.0520409	-0.275957	-0.607172	-0.885468	-1.10013	-1.25958	-1.34605	-1.30596	-1.14481	-0.921045	-0.680706	-0.462536	-0.303384	-0.211776	-0.159762	-0.126319	-0.116522	-0.109075	-0.103282	-0.103934	-0.101465	-0.0987021	-0.101261	-0.0973099	-0.0993179	-0.0990099	-0.0977663	-0.100761	-0.0986779	-0.101421	-0.101694	-0.103669	-0.10393	-0.110897	-0.107826	-0.114071	-0.118581	-0.116138	-0.118039	-0.129823	-0.130564	-0.130433	-0.141554	-0.160923	-0.157464	-0.154738	-0.175436	-0.20759	-0.229676	-0.220726	-0.213479	-0.244657	-0.329844	-0.470878	-0.624594	-0.743625	-0.800145	-0.759387	-0.610134	-0.378146	-0.0842023	0.251554	0.580558	0.852307	1.04844	1.16402	1.18061	1.08194	0.88558	0.644314	0.417152	0.241405	0.125599	0.0591134	0.025317	0.00992088	0.00357489	0.00118988	0.000367302	0.000105537	2.83188e-05	7.11737e-06	1.68e-06	3.73347e-07	7.82896e-08	1.55232e-08	2.91585e-09	5.19784e-10	8.80766e-11	1.42081e-11	2.18505e-12	3.20783e-13	4.50003e-14	5.94782e-15	0	
0	0.245651	0.422251	0.448722	0.314808	0.0616995	-0.265244	-0.594992	-0.874561	-1.09445	-1.25685	-1.34191	-1.30575	-1.15095	-0.927608	-0.688118	-0.467783	-0.30575	-0.214305	-0.158253	-0.124933	-0.114811	-0.108897	-0.102248	-0.103299	-0.101165	-0.0997763	-0.100844	-0.0993179	-0.0991776	-0.100276	-0.0983754	-0.100493	-0.100048	-0.10026	-0.102437	-0.102855	-0.102896	-0.108237	-0.106447	-0.111252	-0.117727	-0.116169	-0.117102	-0.131476	-0.130674	-0.131695	-0.140857	-0.157353	-0.157239	-0.156166	-0.174731	-0.205375	-0.228558	-0.221179	-0.213301	-0.242192	-0.324878	-0.464673	-0.619103	-0.740064	-0.799572	-0.762694	-0.616887	-0.387257	-0.0948636	0.24052	0.570807	0.844888	1.04357	1.16191	1.18168	1.08606	0.891658	0.650715	0.422549	0.245227	0.127937	0.0603706	0.02592	0.0101814	0.00367722	0.00122665	0.000379467	0.00010926	2.93773e-05	7.39802e-06	1.74963e-06	3.89558e-07	8.18411e-08	1.6257e-08	3.0592e-09	5.46307e-10	9.27333e-11	1.49852e-11	2.30851e-12	3.39481e-13	4.77033e-14	6.31525e-15	0	
0	0.246196	0.423378	0.450163	0.316092	0.0630955	-0.263004	-0.592885	-0.873445	-1.09231	-1.25511	-1.34409	-1.3073	-1.15031	-0.928075	-0.687583	-0.469586	-0.308405	-0.213169	-0.154508	-0.123777	-0.117968	-0.109781	-0.104036	-0.107561	-0.102757	-0.100928	-0.103082	-0.0990099	-0.100276	-0.101204	-0.0985736	-0.102623	-0.101027	-0.102657	-0.104373	-0.106521	-0.103518	-0.112582	-0.10666	-0.108702	-0.114471	-0.117826	-0.119283	-0.130403	-0.130208	-0.129743	-0.14107	-0.159147	-0.157237	-0.154939	-0.173755	-0.205692	-0.229324	-0.221127	-0.212796	-0.241718	-0.324158	-0.463702	-0.618226	-0.739451	-0.799407	-0.763205	-0.618026	-0.388799	-0.0966472	0.238685	0.569182	0.843647	1.04275	1.16155	1.18185	1.08675	0.89267	0.651783	0.423452	0.245867	0.128329	0.0605815	0.0260212	0.0102252	0.00369442	0.00123284	0.000381515	0.000109887	2.95557e-05	7.44535e-06	1.76138e-06	3.92296e-07	8.24412e-08	1.63811e-08	3.08346e-09	5.50798e-10	9.35222e-11	1.51169e-11	2.32945e-12	3.42656e-13	4.81625e-14	6.37771e-15	0	
0	0.243728	0.418942	0.444613	0.310346	0.0570835	-0.270663	-0.601432	-0.87993	-1.09712	-1.25841	-1.34365	-1.30584	-1.1482	-0.924263	-0.684817	-0.463778	-0.303306	-0.214365	-0.162494	-0.126924	-0.114052	-0.10822	-0.101628	-0.100698	-0.100106	-0.0979621	-0.0995218	-0.0977663	-0.0983754	-0.0985736	-0.0973824	-0.0993878	-0.0977022	-0.099682	-0.100089	-0.100786	-0.103094	-0.107261	-0.10717	-0.115393	-0.120836	-0.115346	-0.115907	-0.130325	-0.130635	-0.131579	-0.141053	-0.159201	-0.157618	-0.1553	-0.175246	-0.206602	-0.228717	-0.220823	-0.213727	-0.243473	-0.327091	-0.467776	-0.622079	-0.741875	-0.799699	-0.760974	-0.613595	-0.382801	-0.0895663	0.246053	0.575709	0.848615	1.04602	1.16298	1.18116	1.08402	0.88863	0.647516	0.419845	0.243308	0.126761	0.059737	0.0256156	0.0100497	0.00362542	0.00120801	0.000373293	0.000107368	2.88388e-05	7.25508e-06	1.71413e-06	3.81284e-07	8.00267e-08	1.58817e-08	2.98583e-09	5.3272e-10	9.03457e-11	1.45864e-11	2.24511e-12	3.29871e-13	4.6313e-14	6.12614e-15	0	
0	0.237999	0.408941	0.432188	0.296398	0.0419456	-0.286675	-0.618028	-0.895934	-1.10905	-1.26402	-1.34479	-1.30302	-1.14177	-0.914434	-0.67612	-0.461998	-0.301169	-0.208636	-0.150993	-0.123603	-0.118098	-0.111164	-0.104941	-0.109148	-0.103459	-0.102605	-0.103389	-0.100761	-0.100493	-0.102623	-0.0993878	-0.103256	-0.102795	-0.103057	-0.106132	-0.107834	-0.104803	-0.113021	-0.107747	-0.10811	-0.113188	-0.117423	-0.120805	-0.13312	-0.130814	-0.131228	-0.143337	-0.158483	-0.156651	-0.15744	-0.176773	-0.208246	-0.23023	-0.220596	-0.214192	-0.247142	-0.334459	-0.477176	-0.630449	-0.747095	-0.800245	-0.755795	-0.603421	-0.369141	-0.0735587	0.262604	0.590289	0.859666	1.05323	1.16604	1.17946	1.07776	0.879483	0.637928	0.411787	0.237616	0.123289	0.0578734	0.0247236	0.00966492	0.00347455	0.00115388	0.000355412	0.000101905	2.72876e-05	6.84437e-06	1.61238e-06	3.57625e-07	7.48503e-08	1.48135e-08	2.77742e-09	4.94209e-10	8.3593e-11	1.34609e-11	2.06652e-12	3.02856e-13	4.24126e-14	5.59655e-15	0	
0	0.228717	0.392259	0.411487	0.274666	0.0194222	-0.31276	-0.646497	-0.919332	-1.12395	-1.27265	-1.34845	-1.29992	-1.1301	-0.899607	-0.66127	-0.448413	-0.294577	-0.208908	-0.160257	-0.124235	-0.114537	-0.10923	-0.102671	-0.102138	-0.103073	-0.0982675	-0.10265	-0.0986779	-0.100048	-0.101027	-0.0977022	-0.102795	-0.0982053	-0.101948	-0.102401	-0.101358	-0.10458	-0.109043	-0.106659	-0.115484	-0.122421	-0.117727	-0.119417	-0.130998	-0.130054	-0.132552	-0.14406	-0.162289	-0.158324	-0.156803	-0.179898	-0.212475	-0.230339	-0.219373	-0.216394	-0.253767	-0.345964	-0.491666	-0.643222	-0.75481	-0.800549	-0.747155	-0.58712	-0.347563	-0.0484986	0.288276	0.612697	0.876509	1.06409	1.17042	1.17642	1.0677	0.865114	0.623058	0.399409	0.228942	0.118033	0.0550702	0.0233894	0.00909241	0.0032512	0.00107411	0.000329186	9.39254e-05	2.50317e-05	6.2495e-06	1.46558e-06	3.23624e-07	6.74392e-08	1.32897e-08	2.48122e-09	4.39672e-10	7.40636e-11	1.18782e-11	1.81624e-12	2.65123e-13	3.6983e-14	4.86172e-15	0	
0	0.215261	0.368225	0.381822	0.242932	-0.0131914	-0.346673	-0.681448	-0.951917	-1.14833	-1.28374	-1.34752	-1.2925	-1.11733	-0.88029	-0.645115	-0.438327	-0.28374	-0.200033	-0.153057	-0.126013	-0.116167	-0.112824	-0.105347	-0.106696	-0.104197	-0.101882	-0.102757	-0.101421	-0.10026	-0.102657	-0.099682	-0.103057	-0.101948	-0.103383	-0.105166	-0.106253	-0.107806	-0.111532	-0.110102	-0.114649	-0.117369	-0.115823	-0.122023	-0.135139	-0.132324	-0.13476	-0.148355	-0.160909	-0.155888	-0.161209	-0.185013	-0.215474	-0.231375	-0.219166	-0.219131	-0.262928	-0.362533	-0.511627	-0.659949	-0.764321	-0.799828	-0.734296	-0.564119	-0.317692	-0.014217	0.322948	0.642562	0.898686	1.07813	1.17558	1.17149	1.05344	0.845367	0.602987	0.382924	0.217519	0.11118	0.0514463	0.0216785	0.00836375	0.00296894	0.00097399	0.000296475	8.40347e-05	2.22521e-05	5.52076e-06	1.28675e-06	2.82433e-07	5.85091e-08	1.14632e-08	2.12803e-09	3.74971e-10	6.28152e-11	1.00191e-11	1.52371e-12	2.21233e-13	3.06977e-14	4.01497e-15	0	
0	0.196955	0.335005	0.341176	0.201179	-0.0549006	-0.390871	-0.726695	-0.990237	-1.17435	-1.29731	-1.35044	-1.28355	-1.09632	-0.854275	-0.620267	-0.423901	-0.277861	-0.19476	-0.151577	-0.123884	-0.117195	-0.112828	-0.107337	-0.107556	-0.106979	-0.10215	-0.10601	-0.101694	-0.102437	-0.104373	-0.100089	-0.106132	-0.102401	-0.105166	-0.107852	-0.106386	-0.108708	-0.113042	-0.110467	-0.114523	-0.119032	-0.119014	-0.127236	-0.134963	-0.130798	-0.135689	-0.1505	-0.164286	-0.158204	-0.163323	-0.190087	-0.221293	-0.231733	-0.217727	-0.224005	-0.276545	-0.384466	-0.5366	-0.680048	-0.774841	-0.797013	-0.716174	-0.53368	-0.279063	0.0294602	0.366395	0.679351	0.92557	1.09468	1.18082	1.16398	1.03448	0.820071	0.577853	0.362635	0.20366	0.102969	0.0471539	0.0196731	0.00751794	0.0026443	0.000859833	0.00025949	7.2941e-05	1.91586e-05	4.71578e-06	1.09066e-06	2.37586e-07	4.88543e-08	9.50197e-09	1.75133e-09	3.06418e-10	5.09744e-11	8.07473e-12	1.21968e-12	1.75904e-13	2.42462e-14	3.15099e-15	0	
0	0.173108	0.291385	0.287687	0.146488	-0.107647	-0.442853	-0.778255	-1.03597	-1.2075	-1.31227	-1.34726	-1.26943	-1.07436	-0.825637	-0.592848	-0.402989	-0.265524	-0.192043	-0.154597	-0.123361	-0.112833	-0.113643	-0.105256	-0.1039	-0.109041	-0.100685	-0.106819	-0.103669	-0.102855	-0.106521	-0.100786	-0.107834	-0.101358	-0.106253	-0.106386	-0.102822	-0.110882	-0.109599	-0.10889	-0.119264	-0.125737	-0.120633	-0.127288	-0.134975	-0.132774	-0.140919	-0.1554	-0.164303	-0.157584	-0.16883	-0.197889	-0.225788	-0.23122	-0.217942	-0.231755	-0.294453	-0.412219	-0.566634	-0.702734	-0.78513	-0.790678	-0.691543	-0.494958	-0.231164	0.0826652	0.418245	0.722338	0.956355	1.11293	1.18522	1.15301	1.01022	0.78908	0.547881	0.338939	0.187755	0.0936893	0.0423701	0.0174665	0.00659838	0.00229532	0.000738421	0.000220555	6.13775e-05	1.59645e-05	3.89232e-06	8.9187e-07	1.92518e-07	3.92346e-08	7.56427e-09	1.3822e-09	2.39787e-10	3.95572e-11	6.21458e-12	9.31081e-13	1.33203e-13	1.82148e-14	2.3491e-15	0	
0	0.14283	0.235543	0.219439	0.0775445	-0.172697	-0.5039	-0.836166	-1.08673	-1.24337	-1.32726	-1.34328	-1.25128	-1.04451	-0.791203	-0.563882	-0.385289	-0.25228	-0.176531	-0.148988	-0.132944	-0.118342	-0.118163	-0.113786	-0.108692	-0.108792	-0.105335	-0.104504	-0.10393	-0.102896	-0.103518	-0.103094	-0.104803	-0.10458	-0.107806	-0.108708	-0.110882	-0.116387	-0.114423	-0.120233	-0.123539	-0.118534	-0.116621	-0.133292	-0.137545	-0.136031	-0.143081	-0.16001	-0.166229	-0.157795	-0.175457	-0.206809	-0.230905	-0.23038	-0.218696	-0.242987	-0.318562	-0.446546	-0.600925	-0.726693	-0.793691	-0.779134	-0.658976	-0.447043	-0.173485	0.145421	0.477916	0.770584	0.990052	1.13186	1.18769	1.13758	0.980066	0.752318	0.513408	0.312336	0.170261	0.0836666	0.0372872	0.0151572	0.00564951	0.00193997	0.000616359	0.000181885	5.00257e-05	1.28642e-05	3.10172e-06	7.0303e-07	1.50149e-07	3.02825e-08	5.77889e-09	1.04539e-09	1.7957e-10	2.93359e-11	4.56469e-12	6.77437e-13	9.60125e-14	1.30084e-14	1.66281e-15	0	
0	0.105513	0.165965	0.134237	-0.00768414	-0.251586	-0.574689	-0.898211	-1.13861	-1.28343	-1.34601	-1.33345	-1.22386	-1.01056	-0.752425	-0.52687	-0.365065	-0.248327	-0.178053	-0.142034	-0.123816	-0.114923	-0.115591	-0.111605	-0.110777	-0.114042	-0.108963	-0.111633	-0.110897	-0.108237	-0.112582	-0.107261	-0.113021	-0.109043	-0.111532	-0.113042	-0.109599	-0.114423	-0.112631	-0.113472	-0.117063	-0.122804	-0.129549	-0.139583	-0.138035	-0.135627	-0.149025	-0.164678	-0.163418	-0.162876	-0.186577	-0.214861	-0.234321	-0.228647	-0.222026	-0.260208	-0.349817	-0.487036	-0.638399	-0.750493	-0.798643	-0.760338	-0.616948	-0.389047	-0.105585	0.217564	0.544557	0.822921	1.02549	1.15024	1.18694	1.11656	0.943424	0.709835	0.474914	0.283431	0.151692	0.0732463	0.0321012	0.0128418	0.00471348	0.0015948	0.000499512	0.000145382	3.94536e-05	1.00142e-05	2.38407e-06	5.33708e-07	1.12612e-07	2.24435e-08	4.23329e-09	7.57075e-10	1.28589e-10	2.07757e-11	3.1976e-12	4.69467e-13	6.58341e-14	8.82661e-15	1.11697e-15	0	
0	0.0607207	0.0818893	0.0302584	-0.112168	-0.345493	-0.653488	-0.965288	-1.19373	-1.32123	-1.36086	-1.32132	-1.19223	-0.970593	-0.712825	-0.490097	-0.335085	-0.232382	-0.17253	-0.150077	-0.133801	-0.118013	-0.118652	-0.115308	-0.107218	-0.111891	-0.107139	-0.10693	-0.107826	-0.106447	-0.10666	-0.10717	-0.107747	-0.106659	-0.110102	-0.110467	-0.10889	-0.120233	-0.113472	-0.123214	-0.129603	-0.130504	-0.127819	-0.138228	-0.134833	-0.141392	-0.157018	-0.168693	-0.166667	-0.167428	-0.194867	-0.224817	-0.237501	-0.226656	-0.229986	-0.284492	-0.388624	-0.533535	-0.677735	-0.772063	-0.797576	-0.732049	-0.563983	-0.320171	-0.0271605	0.298644	0.616992	0.877946	1.06133	1.16666	1.18148	1.08881	0.899822	0.661862	0.433038	0.252924	0.132599	0.0627781	0.0270008	0.0106088	0.00382724	0.00127361	0.00039257	0.000112499	3.00741e-05	7.52266e-06	1.76558e-06	3.89793e-07	8.11356e-08	1.59565e-08	2.97072e-09	5.2452e-10	8.79758e-11	1.40391e-11	2.13462e-12	3.09663e-13	4.29137e-14	5.68688e-15	7.11635e-16	0	
0	0.00791397	-0.0171872	-0.0924268	-0.236851	-0.458892	-0.742937	-1.03102	-1.24618	-1.36153	-1.37702	-1.30143	-1.14648	-0.922745	-0.671175	-0.456889	-0.316487	-0.220435	-0.162732	-0.13965	-0.138369	-0.121571	-0.121788	-0.12177	-0.116329	-0.113587	-0.117485	-0.108615	-0.114071	-0.111252	-0.108702	-0.115393	-0.10811	-0.115484	-0.114649	-0.114523	-0.119264	-0.123539	-0.117063	-0.129603	-0.128245	-0.123458	-0.130171	-0.144207	-0.140956	-0.150224	-0.162987	-0.170399	-0.163511	-0.176457	-0.211173	-0.233037	-0.237032	-0.226654	-0.244232	-0.317288	-0.436367	-0.585079	-0.71636	-0.788779	-0.787831	-0.691957	-0.498735	-0.239776	0.06185	0.387821	0.693671	0.934032	1.09603	1.1795	1.16968	1.05318	0.848984	0.608867	0.388592	0.221596	0.113547	0.0525971	0.0221554	0.0085332	0.00302015	0.000986711	0.000298788	8.41667e-05	2.21287e-05	5.44643e-06	1.25831e-06	2.73568e-07	5.60952e-08	1.08712e-08	1.99505e-09	3.47319e-10	5.74534e-11	9.04444e-12	1.3569e-12	1.94265e-13	2.65745e-14	3.4769e-15	4.29777e-16	0	
