0	0	0	0	0	0	0	0	0	0	0	0	0	0	0	0	0	0	0	0	0	0	0	0	0	0	0	0	0	0	0	0	0	0	0	0	0	0	0	0	0	0	0	0	0	0	0	0	0	0	0	0	0	0	0	0	0	0	0	0	0	0	0	0	0	0	0	0	0	0	0	0	0	0	0	0	0	0	0	0	0	0	0	0	0	0	0	0	0	0	0	0	0	0	0	0	0	0	0	0	
0	0.0629317	0.115382	0.14809	0.157255	0.142607	0.106125	0.0494722	-0.0205656	-0.0976984	-0.173398	-0.239174	-0.285035	-0.308234	-0.310498	-0.291932	-0.257176	-0.213765	-0.168547	-0.11822	-0.0602305	0.00715693	0.0733682	0.121124	0.145162	0.155864	0.165493	0.176108	0.184514	0.187102	0.185942	0.180827	0.167347	0.145885	0.122199	0.100553	0.0753768	0.0335402	-0.0277923	-0.0963773	-0.153472	-0.191142	-0.207425	-0.208516	-0.19885	-0.181	-0.156941	-0.128615	-0.0961267	-0.063057	-0.0342645	-0.0111909	0.0128554	0.0418336	0.0677576	0.0814985	0.0799903	0.0701145	0.0571328	0.041551	0.0199712	-0.0046283	-0.0222723	-0.0291886	-0.031992	-0.0336166	-0.029348	-0.00839783	0.0305143	0.0751447	0.114124	0.140045	0.15145	0.151743	0.137357	0.108013	0.0680452	0.0245694	-0.0139559	-0.0458824	-0.0695702	-0.0862633	-0.0941073	-0.0908862	-0.0770989	-0.0558298	-0.0324515	-0.0115262	0.0039879	0.0138915	0.0164447	0.0130594	0.00562724	-0.00519586	-0.0177671	-0.0286055	-0.0339553	-0.0311078	-0.0180742	0	
0	0.115382	0.210914	0.270422	0.286998	0.25915	0.187199	0.0765961	-0.0577819	-0.200266	-0.340614	-0.465137	-0.55564	-0.600219	-0.599979	-0.559771	-0.492043	-0.411367	-0.322804	-0.221339	-0.107448	0.0159678	0.132721	0.219033	0.267962	0.296519	0.321856	0.347097	0.367055	0.374129	0.369792	0.355116	0.324639	0.281323	0.231416	0.180124	0.120466	0.0372927	-0.071278	-0.186084	-0.284901	-0.35303	-0.386143	-0.389785	-0.375301	-0.347603	-0.307807	-0.256137	-0.197405	-0.134954	-0.0770978	-0.024687	0.0286222	0.0824248	0.127645	0.153712	0.156226	0.140255	0.109638	0.069737	0.0290989	-0.00825444	-0.0360731	-0.0517421	-0.0602	-0.0553562	-0.0344502	0.0102295	0.0777591	0.153866	0.225179	0.276211	0.298746	0.293021	0.257923	0.197941	0.122265	0.043079	-0.0297517	-0.0909458	-0.135759	-0.165754	-0.176615	-0.166267	-0.140365	-0.106339	-0.0673308	-0.0327614	-0.00758908	0.0108141	0.0167327	0.0150995	0.00659519	-0.00818367	-0.022386	-0.0341012	-0.0393696	-0.0355712	-0.0208564	0	
0	0.14809	0.270422	0.344289	0.361064	0.318492	0.217908	0.0621719	-0.125303	-0.322537	-0.510655	-0.677378	-0.798812	-0.858591	-0.854275	-0.792037	-0.694074	-0.577168	-0.447873	-0.298512	-0.141111	0.0182163	0.166257	0.282692	0.361755	0.41677	0.463487	0.505204	0.539333	0.553623	0.54574	0.515989	0.463736	0.395094	0.315214	0.226248	0.125822	0.00624219	-0.12788	-0.263485	-0.381718	-0.473684	-0.522387	-0.532434	-0.517015	-0.486863	-0.442525	-0.38245	-0.306321	-0.222715	-0.137169	-0.0514878	0.0360331	0.116113	0.171454	0.202263	0.208593	0.187866	0.13738	0.0766603	0.0255757	-0.01144	-0.0380896	-0.0570119	-0.064712	-0.0476867	-0.00591197	0.0600798	0.145519	0.237577	0.327782	0.396945	0.42678	0.417062	0.362465	0.2732	0.16569	0.0547259	-0.0442628	-0.129761	-0.193364	-0.233507	-0.24497	-0.227344	-0.189909	-0.144775	-0.102698	-0.0682878	-0.0414564	-0.0185089	-0.00477917	0.00163912	0.0036755	0.00107463	-0.00526518	-0.0120936	-0.0169817	-0.0182716	-0.0101615	0	
0	0.157255	0.286998	0.361064	0.367244	0.308999	0.188025	0.00483826	-0.222513	-0.460677	-0.682257	-0.866907	-0.996637	-1.05819	-1.04947	-0.973119	-0.848345	-0.697244	-0.527722	-0.342304	-0.160926	0.0111339	0.173854	0.316731	0.430442	0.519181	0.589012	0.644402	0.688125	0.707797	0.69661	0.654434	0.581462	0.488179	0.376812	0.249707	0.111436	-0.0335307	-0.177459	-0.312374	-0.438766	-0.547578	-0.616574	-0.636765	-0.623889	-0.592454	-0.546232	-0.482598	-0.404753	-0.309814	-0.202586	-0.088168	0.0249479	0.117421	0.178443	0.210621	0.215297	0.19062	0.135269	0.0691175	0.020222	-0.0102842	-0.0282031	-0.0351703	-0.0324416	-0.00391656	0.0473756	0.123958	0.221113	0.321528	0.415739	0.486202	0.518989	0.509531	0.448682	0.342589	0.209832	0.0737511	-0.0491539	-0.152628	-0.228919	-0.280434	-0.298458	-0.280219	-0.239569	-0.192801	-0.144731	-0.106873	-0.0804506	-0.0535244	-0.0331471	-0.0120282	0.00608719	0.0141522	0.0164333	0.0106814	0.00113462	-0.00653285	-0.0057215	0	
0	0.142607	0.25915	0.318492	0.308999	0.234491	0.100817	-0.0981043	-0.342503	-0.600787	-0.833469	-1.01792	-1.13479	-1.18238	-1.16549	-1.08065	-0.940405	-0.760843	-0.561963	-0.354373	-0.16841	0.000791811	0.167816	0.32955	0.474164	0.594975	0.689164	0.755806	0.802067	0.818931	0.804247	0.756486	0.673787	0.561916	0.423194	0.26384	0.0983818	-0.0619794	-0.205501	-0.334889	-0.456055	-0.575232	-0.660736	-0.698094	-0.691966	-0.658182	-0.607805	-0.546218	-0.468363	-0.372234	-0.258718	-0.13756	-0.0184826	0.0810722	0.140978	0.168121	0.169168	0.149707	0.109733	0.0671037	0.0334285	0.00912381	-0.000159856	0.00877421	0.0292192	0.0661658	0.118519	0.195165	0.293869	0.392311	0.480186	0.542881	0.56877	0.560638	0.502035	0.395555	0.256659	0.107001	-0.0282718	-0.146417	-0.237571	-0.302628	-0.334646	-0.329156	-0.29501	-0.246312	-0.196087	-0.152556	-0.115216	-0.0772151	-0.0457189	-0.0178216	0.00667509	0.0217158	0.0235898	0.0151227	0.0016164	-0.0101944	-0.00740505	0	
0	0.106125	0.187199	0.217908	0.188025	0.100817	-0.0460236	-0.251507	-0.494645	-0.740035	-0.958537	-1.12441	-1.22016	-1.24703	-1.21634	-1.12303	-0.96904	-0.772831	-0.55796	-0.345047	-0.160761	0.00645001	0.177628	0.347828	0.502949	0.639253	0.750202	0.826962	0.871101	0.878436	0.855681	0.806777	0.721946	0.601122	0.446617	0.272549	0.0983071	-0.0642809	-0.20728	-0.32823	-0.443048	-0.559915	-0.656453	-0.70942	-0.716587	-0.687562	-0.63587	-0.571506	-0.498945	-0.407653	-0.301315	-0.191885	-0.0872535	-0.00382432	0.0480231	0.0706009	0.0747525	0.0755493	0.0727593	0.0650668	0.0577866	0.0482341	0.0485009	0.0688124	0.0992399	0.146753	0.20378	0.279334	0.371322	0.458671	0.533675	0.581894	0.595965	0.581801	0.527742	0.431143	0.30062	0.155041	0.0124786	-0.119489	-0.22852	-0.316882	-0.370749	-0.379721	-0.354142	-0.308801	-0.247829	-0.188121	-0.137088	-0.0855943	-0.047058	-0.0144444	0.00925708	0.0162971	0.0135296	0.000871968	-0.0144312	-0.0227576	-0.0157719	0	
0	0.0494722	0.0765961	0.0621719	0.00483826	-0.0981043	-0.251507	-0.456991	-0.680292	-0.890353	-1.06413	-1.19336	-1.26399	-1.27643	-1.2343	-1.12484	-0.954832	-0.747269	-0.533686	-0.325134	-0.142714	0.0310061	0.208367	0.374299	0.516011	0.64238	0.754893	0.83671	0.881009	0.881074	0.852843	0.802764	0.717784	0.592281	0.433056	0.261979	0.0993516	-0.0524876	-0.188474	-0.3078	-0.414684	-0.526564	-0.621514	-0.683359	-0.704017	-0.686283	-0.639168	-0.576626	-0.503933	-0.424411	-0.341203	-0.259955	-0.180536	-0.114947	-0.0834037	-0.0713131	-0.0567187	-0.024907	0.0111529	0.0463949	0.07701	0.0977557	0.117626	0.146414	0.183988	0.240794	0.306941	0.38003	0.456989	0.522646	0.577191	0.611036	0.617366	0.604351	0.554009	0.46384	0.34022	0.197581	0.0537949	-0.0933421	-0.228734	-0.342804	-0.415223	-0.431739	-0.401591	-0.344527	-0.276911	-0.212747	-0.153577	-0.094792	-0.0500718	-0.0178733	0.00176217	0.00580969	-0.00415064	-0.0203687	-0.035302	-0.0415623	-0.0250778	0	
0	-0.0205656	-0.0577819	-0.125303	-0.222513	-0.342503	-0.494645	-0.680292	-0.872317	-1.03227	-1.14821	-1.22686	-1.27197	-1.27636	-1.22535	-1.10039	-0.91518	-0.705463	-0.495802	-0.290438	-0.102994	0.0771229	0.254939	0.407077	0.523467	0.624133	0.719177	0.793047	0.83437	0.834378	0.806714	0.757894	0.672132	0.545206	0.391107	0.236734	0.0992407	-0.027816	-0.15034	-0.26242	-0.369785	-0.479822	-0.572548	-0.632163	-0.656823	-0.649186	-0.609823	-0.54751	-0.481746	-0.421452	-0.371298	-0.329312	-0.286997	-0.257794	-0.248259	-0.240152	-0.208377	-0.145151	-0.0718165	-0.000573342	0.0733095	0.137101	0.187906	0.233856	0.278573	0.340966	0.407351	0.476315	0.541335	0.586255	0.61808	0.63754	0.643253	0.637904	0.596479	0.509513	0.384672	0.237995	0.0815682	-0.0835929	-0.238147	-0.371486	-0.456194	-0.473421	-0.438231	-0.375297	-0.29638	-0.222587	-0.162001	-0.104078	-0.0624749	-0.030967	-0.0109244	-0.010458	-0.0222341	-0.0427145	-0.0610401	-0.0626696	-0.038688	0	
0	-0.0976984	-0.200266	-0.322537	-0.460677	-0.600787	-0.740035	-0.890353	-1.03227	-1.13842	-1.1983	-1.23199	-1.24841	-1.23668	-1.17379	-1.04085	-0.857617	-0.6538	-0.446963	-0.235019	-0.0414448	0.138657	0.306255	0.441318	0.532521	0.602104	0.665891	0.716624	0.749665	0.750831	0.725926	0.67607	0.590044	0.471235	0.33601	0.209547	0.103301	0.0047642	-0.094545	-0.196757	-0.300443	-0.409502	-0.493874	-0.542649	-0.563848	-0.563242	-0.535872	-0.487474	-0.437542	-0.405956	-0.397232	-0.402312	-0.40623	-0.411557	-0.424232	-0.41545	-0.364112	-0.272588	-0.167489	-0.0549431	0.0617457	0.163513	0.244801	0.311988	0.368175	0.429029	0.4892	0.549234	0.604437	0.636477	0.654439	0.665044	0.669844	0.669916	0.636118	0.557975	0.434948	0.280154	0.111521	-0.0678139	-0.236743	-0.381062	-0.475654	-0.502422	-0.470947	-0.404425	-0.322223	-0.246521	-0.18201	-0.122982	-0.0805828	-0.0484503	-0.0265035	-0.0203645	-0.0306896	-0.0498563	-0.0677033	-0.0716152	-0.0437594	0	
0	-0.173398	-0.340614	-0.510655	-0.682257	-0.833469	-0.958537	-1.06413	-1.14821	-1.1983	-1.21693	-1.21605	-1.19917	-1.1571	-1.07706	-0.946196	-0.776269	-0.586853	-0.384981	-0.172052	0.0250152	0.201528	0.360188	0.478518	0.54437	0.577346	0.600183	0.618195	0.633593	0.628613	0.597583	0.540701	0.459428	0.36478	0.271568	0.189309	0.119833	0.0508653	-0.0260639	-0.109579	-0.203643	-0.306156	-0.38179	-0.418227	-0.430659	-0.435956	-0.428987	-0.408663	-0.391987	-0.394152	-0.420799	-0.469035	-0.520155	-0.566398	-0.59281	-0.577349	-0.509268	-0.394804	-0.255994	-0.104504	0.0532899	0.190745	0.300047	0.386734	0.448453	0.502083	0.545139	0.588925	0.631253	0.656537	0.672518	0.681788	0.683537	0.685252	0.66393	0.600733	0.487972	0.335529	0.161912	-0.0271677	-0.208601	-0.369677	-0.483303	-0.524538	-0.504146	-0.445637	-0.363394	-0.282002	-0.212267	-0.146543	-0.0969611	-0.0584926	-0.0302968	-0.0210177	-0.0273822	-0.0455021	-0.0644257	-0.0662238	-0.0408493	0	
0	-0.239174	-0.465137	-0.677378	-0.866907	-1.01792	-1.12441	-1.19336	-1.22686	-1.23199	-1.21605	-1.18239	-1.12758	-1.05355	-0.959111	-0.831953	-0.676523	-0.505959	-0.323924	-0.124861	0.0655524	0.24176	0.396334	0.5039	0.545632	0.543669	0.525487	0.50527	0.492635	0.469399	0.425865	0.365178	0.296887	0.238606	0.194596	0.162715	0.134821	0.0985343	0.0491664	-0.0137883	-0.092568	-0.184223	-0.251827	-0.280568	-0.288696	-0.296529	-0.307204	-0.322654	-0.349733	-0.392016	-0.453261	-0.534619	-0.619086	-0.688265	-0.727941	-0.714956	-0.641363	-0.511334	-0.344062	-0.152396	0.0465111	0.222834	0.363795	0.466649	0.527863	0.564601	0.582963	0.596325	0.614552	0.629326	0.645887	0.660861	0.674703	0.69424	0.692042	0.647182	0.549876	0.412395	0.24614	0.0501406	-0.154829	-0.345606	-0.484303	-0.545021	-0.536601	-0.485122	-0.409678	-0.331714	-0.255236	-0.177161	-0.112734	-0.060899	-0.025422	-0.012575	-0.0203666	-0.0392836	-0.0587865	-0.0650988	-0.0410617	0	
0	-0.285035	-0.55564	-0.798812	-0.996637	-1.13479	-1.22016	-1.26399	-1.27197	-1.24841	-1.19917	-1.12758	-1.04045	-0.946548	-0.845027	-0.721746	-0.581391	-0.435128	-0.279267	-0.104158	0.0723277	0.241175	0.394921	0.498798	0.531686	0.510163	0.461864	0.403888	0.353416	0.30307	0.249411	0.194976	0.149478	0.120995	0.113869	0.121351	0.133594	0.134291	0.11555	0.0783258	0.0190614	-0.061911	-0.125471	-0.151968	-0.15424	-0.162052	-0.187394	-0.233695	-0.300981	-0.384489	-0.480316	-0.58883	-0.693327	-0.779582	-0.831568	-0.829835	-0.75891	-0.617488	-0.427285	-0.208254	0.0248685	0.238338	0.408554	0.524042	0.579882	0.598286	0.589437	0.576639	0.573883	0.576457	0.587896	0.611525	0.648909	0.697477	0.722755	0.702237	0.632603	0.519675	0.365292	0.160695	-0.0680862	-0.289739	-0.46446	-0.556843	-0.574427	-0.54113	-0.471738	-0.389186	-0.304255	-0.215525	-0.137338	-0.0729534	-0.0248974	-0.00305283	-0.00832056	-0.0336467	-0.0630234	-0.0714514	-0.0459774	0	
0	-0.308234	-0.600219	-0.858591	-1.05819	-1.18238	-1.24703	-1.27643	-1.27636	-1.23668	-1.1571	-1.05355	-0.946548	-0.844343	-0.740393	-0.626306	-0.506262	-0.383823	-0.250352	-0.0993875	0.0515676	0.203169	0.348366	0.45308	0.486909	0.462995	0.402731	0.320799	0.237035	0.158753	0.0951987	0.0542475	0.0316623	0.0264096	0.0380595	0.0697211	0.112668	0.147197	0.158726	0.147286	0.109562	0.0482719	-0.00555315	-0.030581	-0.0380518	-0.0522568	-0.0876908	-0.151526	-0.245953	-0.361346	-0.487795	-0.617173	-0.732845	-0.828402	-0.897632	-0.912848	-0.847315	-0.69959	-0.496045	-0.259821	-0.008194	0.225316	0.410429	0.530723	0.583757	0.590055	0.567703	0.542483	0.529987	0.522489	0.529131	0.559622	0.615119	0.685547	0.73716	0.752068	0.718938	0.634319	0.491433	0.288531	0.0477825	-0.202793	-0.415506	-0.551492	-0.605236	-0.592594	-0.531652	-0.448765	-0.357296	-0.260782	-0.17345	-0.096804	-0.0373887	-0.0076296	-0.00986357	-0.0340643	-0.0635422	-0.0754197	-0.0504364	0	
0	-0.310498	-0.599979	-0.854275	-1.04947	-1.16549	-1.21634	-1.2343	-1.22535	-1.17379	-1.07706	-0.959111	-0.845027	-0.740393	-0.640575	-0.539065	-0.437136	-0.332902	-0.221622	-0.102063	0.0185084	0.144709	0.273039	0.364671	0.393358	0.371238	0.317243	0.234795	0.135633	0.0359748	-0.0358972	-0.0675362	-0.0683013	-0.0562595	-0.0307264	0.0151854	0.0789704	0.13847	0.176893	0.191399	0.179262	0.137521	0.0961326	0.0745965	0.0628121	0.0356644	-0.0143595	-0.0890739	-0.193674	-0.326793	-0.472249	-0.611237	-0.730752	-0.832846	-0.911652	-0.936655	-0.877537	-0.734312	-0.534301	-0.298197	-0.0423154	0.195634	0.384585	0.508607	0.562224	0.56329	0.53203	0.496305	0.470802	0.456883	0.464846	0.504385	0.571691	0.656563	0.736034	0.785263	0.78101	0.715274	0.59035	0.398601	0.155467	-0.10801	-0.346644	-0.511574	-0.593762	-0.606745	-0.565157	-0.493291	-0.404314	-0.304289	-0.208593	-0.126402	-0.0632324	-0.0285251	-0.025496	-0.0457054	-0.0718171	-0.0776145	-0.0494678	0	
0	-0.291932	-0.559771	-0.792037	-0.973119	-1.08065	-1.12303	-1.12484	-1.10039	-1.04085	-0.946196	-0.831953	-0.721746	-0.626306	-0.539065	-0.448588	-0.355405	-0.270155	-0.191643	-0.108771	-0.0188623	0.0807305	0.178805	0.24498	0.260612	0.242975	0.204315	0.137257	0.0423818	-0.0578554	-0.129494	-0.153728	-0.14566	-0.124933	-0.0946305	-0.0406716	0.0380832	0.122172	0.187597	0.22774	0.234322	0.211405	0.184114	0.169567	0.154339	0.118635	0.0586389	-0.0270343	-0.145989	-0.291326	-0.441359	-0.578232	-0.694017	-0.795174	-0.874167	-0.90043	-0.848401	-0.721038	-0.535444	-0.307392	-0.0578135	0.175754	0.360483	0.479357	0.527416	0.517196	0.469748	0.413328	0.370599	0.351612	0.368924	0.422716	0.507513	0.618267	0.727341	0.799834	0.814922	0.773873	0.669785	0.491251	0.249831	-0.0199195	-0.262905	-0.438913	-0.540447	-0.578842	-0.567397	-0.519299	-0.443569	-0.34854	-0.250693	-0.160598	-0.0884626	-0.0477584	-0.0402387	-0.05635	-0.0789774	-0.0837023	-0.0546759	0	
0	-0.257176	-0.492043	-0.694074	-0.848345	-0.940405	-0.96904	-0.954832	-0.91518	-0.857617	-0.776269	-0.676523	-0.581391	-0.506262	-0.437136	-0.355405	-0.274046	-0.215245	-0.172417	-0.124619	-0.0669936	-0.00461671	0.057224	0.0983509	0.107754	0.0959925	0.0704576	0.0226815	-0.0458616	-0.117867	-0.169909	-0.191173	-0.18859	-0.174549	-0.145542	-0.0873296	0.00303419	0.104455	0.19318	0.253302	0.275101	0.263677	0.247376	0.24286	0.232354	0.19402	0.125352	0.0281159	-0.101354	-0.253044	-0.402842	-0.533084	-0.647357	-0.74759	-0.82105	-0.840587	-0.788282	-0.66671	-0.488646	-0.269191	-0.0330685	0.182438	0.348373	0.446707	0.472381	0.437028	0.363905	0.282823	0.223817	0.205613	0.231827	0.304208	0.421673	0.566158	0.701602	0.79503	0.837288	0.827546	0.750297	0.586957	0.353176	0.0903488	-0.157202	-0.348574	-0.472348	-0.535954	-0.548394	-0.522448	-0.466556	-0.38749	-0.295935	-0.204131	-0.123973	-0.0700808	-0.053059	-0.0680565	-0.0932587	-0.0972203	-0.0623997	0	
0	-0.213765	-0.411367	-0.577168	-0.697244	-0.760843	-0.772831	-0.747269	-0.705463	-0.6538	-0.586853	-0.505959	-0.435128	-0.383823	-0.332902	-0.270155	-0.215245	-0.186019	-0.171348	-0.15751	-0.142048	-0.121171	-0.0905959	-0.0643055	-0.056382	-0.0628834	-0.0781329	-0.0990092	-0.124334	-0.150214	-0.17772	-0.200397	-0.211797	-0.206098	-0.175451	-0.110358	-0.0145368	0.0950166	0.193773	0.265555	0.296306	0.294856	0.28423	0.278159	0.264152	0.22585	0.158232	0.0596613	-0.0702674	-0.216094	-0.355573	-0.481298	-0.594364	-0.692137	-0.758706	-0.772241	-0.714918	-0.58742	-0.403298	-0.186774	0.0313677	0.219937	0.350621	0.409228	0.395979	0.323926	0.21983	0.118359	0.0503593	0.0307838	0.0655667	0.160914	0.31231	0.489454	0.653452	0.778936	0.859305	0.882238	0.826134	0.685125	0.471913	0.214736	-0.0395645	-0.247367	-0.390786	-0.472312	-0.504948	-0.498937	-0.464281	-0.406718	-0.33199	-0.250817	-0.174895	-0.122284	-0.103002	-0.111545	-0.126119	-0.118651	-0.0744148	0	
0	-0.168547	-0.322804	-0.447873	-0.527722	-0.561963	-0.55796	-0.533686	-0.495802	-0.446963	-0.384981	-0.323924	-0.279267	-0.250352	-0.221622	-0.191643	-0.172417	-0.171348	-0.186374	-0.215378	-0.244794	-0.257767	-0.25044	-0.238744	-0.233036	-0.232022	-0.227199	-0.21162	-0.190021	-0.174578	-0.180841	-0.202728	-0.222898	-0.219194	-0.182547	-0.112187	-0.0160799	0.0893995	0.1865	0.257378	0.288985	0.290499	0.278852	0.271126	0.256037	0.220658	0.157794	0.0672043	-0.0501713	-0.181457	-0.31297	-0.430868	-0.535705	-0.619132	-0.672431	-0.676671	-0.611062	-0.474057	-0.283921	-0.0727594	0.123724	0.276273	0.362665	0.371673	0.313525	0.203195	0.0717487	-0.0479164	-0.128982	-0.154258	-0.114277	0.00119615	0.179917	0.383802	0.581731	0.747521	0.861624	0.908432	0.879474	0.770533	0.580077	0.335841	0.0879987	-0.122058	-0.277271	-0.379033	-0.437854	-0.459646	-0.449152	-0.411155	-0.354574	-0.291844	-0.234159	-0.194419	-0.179347	-0.183678	-0.186127	-0.161333	-0.0958293	0	
0	-0.11822	-0.221339	-0.298512	-0.342304	-0.354373	-0.345047	-0.325134	-0.290438	-0.235019	-0.172052	-0.124861	-0.104158	-0.0993875	-0.102063	-0.108771	-0.124619	-0.15751	-0.215378	-0.290954	-0.356316	-0.39548	-0.410888	-0.412582	-0.404083	-0.385089	-0.352165	-0.300177	-0.244523	-0.200785	-0.186506	-0.200437	-0.220817	-0.219619	-0.184613	-0.116145	-0.0246839	0.0734552	0.158714	0.218543	0.245346	0.248862	0.24427	0.243673	0.23748	0.210945	0.155438	0.0741464	-0.027532	-0.14398	-0.265783	-0.378261	-0.469944	-0.533605	-0.564903	-0.549595	-0.467376	-0.319319	-0.129298	0.0699675	0.240485	0.352715	0.384035	0.337276	0.230462	0.0858148	-0.0648508	-0.196197	-0.289325	-0.323529	-0.284274	-0.164814	0.0230656	0.246372	0.478043	0.678508	0.823737	0.905217	0.914028	0.835488	0.666132	0.4421	0.212155	0.00785832	-0.157626	-0.280592	-0.368077	-0.416501	-0.427883	-0.411082	-0.371997	-0.321449	-0.272568	-0.240056	-0.230425	-0.238921	-0.24066	-0.20565	-0.120989	0	
0	-0.0602305	-0.107448	-0.141111	-0.160926	-0.16841	-0.160761	-0.142714	-0.102994	-0.0414448	0.0250152	0.0655524	0.0723277	0.0515676	0.0185084	-0.0188623	-0.0669936	-0.142048	-0.244794	-0.356316	-0.450794	-0.517596	-0.554014	-0.562102	-0.544123	-0.50691	-0.448195	-0.37072	-0.295102	-0.232468	-0.200456	-0.197496	-0.210793	-0.211567	-0.188506	-0.134591	-0.0555543	0.0270922	0.0971953	0.146964	0.171029	0.184328	0.193692	0.209393	0.216182	0.200953	0.155538	0.0885516	0.00473171	-0.0959174	-0.213006	-0.321832	-0.408394	-0.458634	-0.466425	-0.417244	-0.302675	-0.140644	0.0442199	0.224026	0.362186	0.431548	0.41644	0.319778	0.173059	0.000223092	-0.168519	-0.312824	-0.418391	-0.46379	-0.434566	-0.324155	-0.139605	0.0965506	0.348111	0.569457	0.745793	0.866795	0.909628	0.858998	0.717653	0.519921	0.307858	0.104133	-0.0687492	-0.201265	-0.301851	-0.364586	-0.394015	-0.393585	-0.366055	-0.321223	-0.27433	-0.24344	-0.235886	-0.248376	-0.251967	-0.216266	-0.127957	0	
0	0.00715693	0.0159678	0.0182163	0.0111339	0.000791811	0.00645001	0.0310061	0.0771229	0.138657	0.201528	0.24176	0.241175	0.203169	0.144709	0.0807305	-0.00461671	-0.121171	-0.257767	-0.39548	-0.517596	-0.608555	-0.658395	-0.669828	-0.648871	-0.597277	-0.51818	-0.420352	-0.331388	-0.26079	-0.215113	-0.193008	-0.189422	-0.191919	-0.188351	-0.159421	-0.105617	-0.0429191	0.0166978	0.063876	0.0935778	0.116228	0.139525	0.168355	0.189203	0.189964	0.163053	0.116048	0.0510764	-0.0372567	-0.144654	-0.248279	-0.33213	-0.377185	-0.366507	-0.28632	-0.145322	0.0267957	0.200447	0.356589	0.464109	0.500883	0.451627	0.326894	0.149875	-0.0507523	-0.241223	-0.404838	-0.526013	-0.582639	-0.56798	-0.473884	-0.292799	-0.0549259	0.203892	0.443558	0.648879	0.797857	0.862078	0.834001	0.720164	0.547024	0.34931	0.159326	-0.00161083	-0.129052	-0.231259	-0.301899	-0.340977	-0.350573	-0.329716	-0.289199	-0.247117	-0.215864	-0.205407	-0.215474	-0.21697	-0.185968	-0.110228	0	
0	0.0733682	0.132721	0.166257	0.173854	0.167816	0.177628	0.208367	0.254939	0.306255	0.360188	0.396334	0.394921	0.348366	0.273039	0.178805	0.057224	-0.0905959	-0.25044	-0.410888	-0.554014	-0.658395	-0.719483	-0.745958	-0.729175	-0.668999	-0.572206	-0.457039	-0.356985	-0.2789	-0.221136	-0.175393	-0.15661	-0.161542	-0.176513	-0.175797	-0.148851	-0.106456	-0.0599833	-0.0220735	0.00155558	0.028901	0.0617137	0.105147	0.14778	0.17929	0.183921	0.159364	0.106861	0.0317755	-0.0610899	-0.150682	-0.22806	-0.270523	-0.25326	-0.161497	-0.0107776	0.160835	0.326477	0.464286	0.543921	0.552467	0.48364	0.337536	0.141938	-0.0780777	-0.291604	-0.47224	-0.605366	-0.676949	-0.678524	-0.597636	-0.432324	-0.203417	0.0536537	0.304263	0.531305	0.696938	0.776257	0.771101	0.679978	0.523772	0.35282	0.191647	0.0534233	-0.0581224	-0.153691	-0.22341	-0.268072	-0.282628	-0.270332	-0.23892	-0.198807	-0.169837	-0.16136	-0.173816	-0.180539	-0.158633	-0.0963118	0	
0	0.121124	0.219033	0.282692	0.316731	0.32955	0.347828	0.374299	0.407077	0.441318	0.478518	0.5039	0.498798	0.45308	0.364671	0.24498	0.0983509	-0.0643055	-0.238744	-0.412582	-0.562102	-0.669828	-0.745958	-0.788358	-0.778647	-0.715443	-0.613939	-0.489403	-0.377508	-0.288097	-0.214031	-0.156564	-0.135056	-0.142555	-0.166183	-0.180925	-0.175079	-0.154912	-0.133077	-0.122231	-0.117177	-0.097004	-0.0539173	0.0118574	0.0836779	0.150902	0.19176	0.193225	0.156954	0.0972547	0.0258728	-0.0437851	-0.10754	-0.142983	-0.125835	-0.0412037	0.0972569	0.262155	0.419689	0.543638	0.602892	0.589207	0.499059	0.34202	0.13531	-0.0943151	-0.313608	-0.502404	-0.645689	-0.729253	-0.745386	-0.682629	-0.534453	-0.328129	-0.0850899	0.165215	0.39282	0.563758	0.659218	0.673167	0.600505	0.472251	0.334558	0.203891	0.0890365	-0.00378861	-0.0835182	-0.145483	-0.185265	-0.20312	-0.199187	-0.171292	-0.138819	-0.119632	-0.120447	-0.143837	-0.16415	-0.154014	-0.0937899	0	
0	0.145162	0.267962	0.361755	0.430442	0.474164	0.502949	0.516011	0.523467	0.532521	0.54437	0.545632	0.531686	0.486909	0.393358	0.260612	0.107754	-0.056382	-0.233036	-0.404083	-0.544123	-0.648871	-0.729175	-0.778647	-0.774245	-0.722344	-0.630335	-0.50775	-0.387736	-0.283639	-0.201558	-0.148012	-0.133289	-0.140403	-0.162216	-0.184357	-0.193616	-0.200128	-0.213468	-0.235747	-0.255079	-0.242505	-0.191511	-0.10905	-0.00968767	0.0946525	0.169509	0.194434	0.180067	0.148151	0.104119	0.0594929	0.0194937	-0.00025088	0.0162487	0.0813355	0.194706	0.338602	0.482518	0.593454	0.638483	0.609892	0.509431	0.341585	0.131131	-0.095583	-0.314534	-0.500773	-0.646089	-0.739877	-0.765757	-0.714892	-0.593229	-0.410188	-0.187065	0.041616	0.254471	0.41946	0.518898	0.544064	0.494424	0.397954	0.292836	0.187346	0.0952903	0.0247136	-0.0376735	-0.0849609	-0.117731	-0.130605	-0.125269	-0.103349	-0.0800561	-0.075858	-0.0924326	-0.12924	-0.156889	-0.146867	-0.0892454	0	
0	0.155864	0.296519	0.41677	0.519181	0.594975	0.639253	0.64238	0.624133	0.602104	0.577346	0.543669	0.510163	0.462995	0.371238	0.242975	0.0959925	-0.0628834	-0.232022	-0.385089	-0.50691	-0.597277	-0.668999	-0.715443	-0.722344	-0.689043	-0.617111	-0.507299	-0.384541	-0.270946	-0.186589	-0.14018	-0.130928	-0.137537	-0.160073	-0.187101	-0.214437	-0.250199	-0.294138	-0.347172	-0.392997	-0.39523	-0.341198	-0.243974	-0.122823	0.00750479	0.109116	0.16355	0.184487	0.19081	0.18442	0.171189	0.157957	0.1559	0.167654	0.209426	0.293371	0.413128	0.536842	0.634454	0.672035	0.637194	0.5271	0.353374	0.136658	-0.0935385	-0.308442	-0.491667	-0.634722	-0.725945	-0.753857	-0.718899	-0.620233	-0.464121	-0.267805	-0.061812	0.132725	0.290692	0.387918	0.416426	0.381363	0.305226	0.220553	0.139322	0.0749937	0.0290047	-0.0122505	-0.0442761	-0.0663279	-0.0756455	-0.0719873	-0.0574205	-0.0508356	-0.059106	-0.0842851	-0.125381	-0.151116	-0.144152	-0.0899479	0	
0	0.165493	0.321856	0.463487	0.589012	0.689164	0.750202	0.754893	0.719177	0.665891	0.600183	0.525487	0.461864	0.402731	0.317243	0.204315	0.0704576	-0.0781329	-0.227199	-0.352165	-0.448195	-0.51818	-0.572206	-0.613939	-0.630335	-0.617111	-0.569997	-0.480508	-0.36351	-0.248629	-0.163504	-0.118086	-0.112687	-0.126494	-0.152219	-0.186221	-0.231252	-0.291389	-0.361773	-0.441831	-0.51006	-0.527652	-0.483713	-0.387619	-0.253386	-0.105151	0.0179272	0.1061	0.175748	0.236044	0.273238	0.290998	0.3013	0.307101	0.310513	0.334079	0.397135	0.495392	0.601713	0.686359	0.716661	0.675306	0.559034	0.376945	0.150894	-0.0865887	-0.309389	-0.494362	-0.632734	-0.715947	-0.740124	-0.712821	-0.634871	-0.501794	-0.329545	-0.143831	0.043438	0.19827	0.290646	0.314819	0.280116	0.20594	0.128024	0.0656678	0.0264413	0.00686886	-0.00682345	-0.019339	-0.0346843	-0.0442028	-0.0518935	-0.0549827	-0.0575756	-0.0702695	-0.0987682	-0.141646	-0.165526	-0.151627	-0.0932469	0	
0	0.176108	0.347097	0.505204	0.644402	0.755806	0.826962	0.83671	0.793047	0.716624	0.618195	0.50527	0.403888	0.320799	0.234795	0.137257	0.0226815	-0.0990092	-0.21162	-0.300177	-0.37072	-0.420352	-0.457039	-0.489403	-0.50775	-0.507299	-0.480508	-0.411983	-0.311299	-0.208491	-0.127422	-0.0825848	-0.0817515	-0.0998836	-0.128707	-0.173727	-0.237852	-0.318151	-0.409268	-0.507954	-0.590276	-0.626608	-0.601256	-0.516706	-0.387523	-0.234172	-0.0853104	0.0456432	0.165349	0.272037	0.345063	0.38602	0.411786	0.425494	0.428956	0.448335	0.502232	0.585711	0.6741	0.744289	0.763437	0.711315	0.586395	0.398486	0.165457	-0.0809615	-0.312999	-0.505907	-0.643918	-0.720677	-0.738046	-0.709217	-0.635826	-0.514076	-0.359716	-0.185665	-0.00508482	0.141581	0.22474	0.242453	0.202004	0.120956	0.04194	-0.0145902	-0.0426928	-0.0455142	-0.0413889	-0.0405034	-0.0450758	-0.0531089	-0.0679169	-0.0749646	-0.0827588	-0.106252	-0.138494	-0.172418	-0.19009	-0.171536	-0.101349	0	
0	0.184514	0.367055	0.539333	0.688125	0.802067	0.871101	0.881009	0.83437	0.749665	0.633593	0.492635	0.353416	0.237035	0.135633	0.0423818	-0.0458616	-0.124334	-0.190021	-0.244523	-0.295102	-0.331388	-0.356985	-0.377508	-0.387736	-0.384541	-0.36351	-0.311299	-0.235204	-0.156612	-0.0887761	-0.0468338	-0.04227	-0.0565587	-0.092044	-0.152801	-0.235138	-0.336785	-0.448973	-0.555467	-0.6428	-0.695278	-0.691817	-0.625344	-0.505065	-0.345279	-0.174135	-0.00999889	0.145257	0.282312	0.377616	0.437209	0.478763	0.502725	0.518036	0.545039	0.59509	0.669158	0.747912	0.806547	0.813767	0.746943	0.608638	0.411474	0.171939	-0.0768808	-0.314084	-0.513282	-0.654676	-0.733444	-0.74776	-0.709979	-0.628273	-0.505294	-0.355032	-0.186841	-0.0181254	0.112902	0.186046	0.198162	0.151384	0.063715	-0.023659	-0.0861239	-0.119933	-0.12779	-0.118726	-0.11075	-0.109515	-0.109261	-0.116018	-0.118881	-0.128066	-0.15473	-0.185838	-0.215861	-0.227083	-0.193397	-0.107899	0	
0	0.187102	0.374129	0.553623	0.707797	0.818931	0.878436	0.881074	0.834378	0.750831	0.628613	0.469399	0.30307	0.158753	0.0359748	-0.0578554	-0.117867	-0.150214	-0.174578	-0.200785	-0.232468	-0.26079	-0.2789	-0.288097	-0.283639	-0.270946	-0.248629	-0.208491	-0.156612	-0.105872	-0.0559893	-0.0145414	0.00454767	-0.00436015	-0.0461447	-0.116735	-0.211549	-0.333086	-0.462164	-0.579275	-0.677471	-0.742657	-0.7498	-0.699981	-0.592858	-0.431959	-0.246054	-0.0619321	0.11356	0.265372	0.375293	0.445487	0.493666	0.529671	0.55944	0.594762	0.648946	0.722472	0.798779	0.855217	0.856474	0.779064	0.629767	0.422636	0.178213	-0.0698251	-0.305434	-0.504173	-0.648118	-0.731211	-0.744378	-0.696532	-0.604749	-0.473998	-0.31965	-0.156768	-0.00467247	0.107393	0.169288	0.171753	0.114486	0.0185638	-0.0803668	-0.161254	-0.212815	-0.228832	-0.221022	-0.207217	-0.195656	-0.184243	-0.179311	-0.182887	-0.197158	-0.222359	-0.253499	-0.278783	-0.275331	-0.228129	-0.13083	0	
0	0.185942	0.369792	0.54574	0.69661	0.804247	0.855681	0.852843	0.806714	0.725926	0.597583	0.425865	0.249411	0.0951987	-0.0358972	-0.129494	-0.169909	-0.17772	-0.180841	-0.186506	-0.200456	-0.215113	-0.221136	-0.214031	-0.201558	-0.186589	-0.163504	-0.127422	-0.0887761	-0.0559893	-0.0172901	0.0294014	0.0555922	0.0469722	0.00330965	-0.0656674	-0.166532	-0.298786	-0.439774	-0.570158	-0.680762	-0.749727	-0.76492	-0.726515	-0.628053	-0.474747	-0.293252	-0.107337	0.0671795	0.220744	0.337322	0.408886	0.456607	0.500898	0.544975	0.59536	0.660088	0.738947	0.819076	0.87228	0.869616	0.795112	0.646932	0.440107	0.198908	-0.0493708	-0.283439	-0.482238	-0.62801	-0.710046	-0.716905	-0.65895	-0.55648	-0.418416	-0.259522	-0.103521	0.0288978	0.126052	0.170906	0.156318	0.0885718	-0.0194241	-0.137406	-0.241057	-0.309933	-0.336057	-0.332236	-0.315608	-0.295013	-0.275316	-0.266652	-0.269887	-0.284163	-0.306301	-0.333238	-0.351611	-0.331015	-0.262924	-0.150097	0	
0	0.180827	0.355116	0.515989	0.654434	0.756486	0.806777	0.802764	0.757894	0.67607	0.540701	0.365178	0.194976	0.0542475	-0.0675362	-0.153728	-0.191173	-0.200397	-0.202728	-0.200437	-0.197496	-0.193008	-0.175393	-0.156564	-0.148012	-0.14018	-0.118086	-0.0825848	-0.0468338	-0.0145414	0.0294014	0.0774465	0.104464	0.0972133	0.0629114	0.000886982	-0.0946157	-0.220843	-0.367408	-0.515053	-0.63478	-0.708053	-0.728737	-0.695553	-0.605274	-0.468453	-0.305246	-0.141324	0.0125384	0.153895	0.260309	0.322097	0.368418	0.419793	0.476436	0.542263	0.625791	0.720353	0.807337	0.863095	0.867008	0.802752	0.664847	0.465299	0.22515	-0.0250861	-0.258203	-0.452104	-0.590654	-0.659357	-0.656188	-0.594511	-0.490696	-0.353452	-0.19548	-0.0444663	0.0808866	0.1673	0.197662	0.163561	0.0748048	-0.0542508	-0.199577	-0.322873	-0.403096	-0.438876	-0.441627	-0.426631	-0.400944	-0.377796	-0.369019	-0.369717	-0.381089	-0.406487	-0.428599	-0.429412	-0.393401	-0.305105	-0.167802	0	
0	0.167347	0.324639	0.463736	0.581462	0.673787	0.721946	0.717784	0.672132	0.590044	0.459428	0.296887	0.149478	0.0316623	-0.0683013	-0.14566	-0.18859	-0.211797	-0.222898	-0.220817	-0.210793	-0.189422	-0.15661	-0.135056	-0.133289	-0.130928	-0.112687	-0.0817515	-0.04227	0.00454767	0.0555922	0.104464	0.135089	0.144619	0.127728	0.0814963	0.0052465	-0.107152	-0.256633	-0.411168	-0.539286	-0.6208	-0.644855	-0.609568	-0.529766	-0.417936	-0.291105	-0.171565	-0.0588082	0.0546848	0.140338	0.189131	0.232468	0.288724	0.359358	0.447169	0.557322	0.678349	0.782851	0.84753	0.863005	0.812973	0.689672	0.497832	0.261975	0.0122686	-0.221054	-0.410585	-0.538462	-0.597735	-0.58727	-0.524083	-0.423666	-0.284203	-0.127344	0.0191365	0.140118	0.217307	0.231099	0.181231	0.076421	-0.0770468	-0.246222	-0.387432	-0.485348	-0.537488	-0.544849	-0.527413	-0.503942	-0.483826	-0.475579	-0.475218	-0.487357	-0.514649	-0.528753	-0.512568	-0.461362	-0.353259	-0.188436	0	
0	0.145885	0.281323	0.395094	0.488179	0.561916	0.601122	0.592281	0.545206	0.471235	0.36478	0.238606	0.120995	0.0264096	-0.0562595	-0.124933	-0.174549	-0.206098	-0.219194	-0.219619	-0.211567	-0.191919	-0.161542	-0.142555	-0.140403	-0.137537	-0.126494	-0.0998836	-0.0565587	-0.00436015	0.0469722	0.0972133	0.144619	0.178256	0.187721	0.171958	0.123723	0.027233	-0.113246	-0.26088	-0.388733	-0.47472	-0.500278	-0.470741	-0.408693	-0.328975	-0.253327	-0.190819	-0.126498	-0.0628559	-0.0187035	0.0139448	0.0599537	0.127636	0.216985	0.329818	0.472566	0.626685	0.754018	0.837402	0.867984	0.826668	0.710862	0.528663	0.296409	0.0525026	-0.175467	-0.362774	-0.487439	-0.543464	-0.53453	-0.472991	-0.363559	-0.216864	-0.0560667	0.091556	0.205157	0.264773	0.265348	0.205961	0.0873	-0.0782758	-0.26464	-0.427859	-0.551376	-0.62313	-0.640239	-0.631471	-0.611664	-0.583814	-0.564306	-0.567449	-0.585262	-0.60493	-0.6126	-0.588949	-0.518995	-0.390783	-0.208652	0	
0	0.122199	0.231416	0.315214	0.376812	0.423194	0.446617	0.433056	0.391107	0.33601	0.271568	0.194596	0.113869	0.0380595	-0.0307264	-0.0946305	-0.145542	-0.175451	-0.182547	-0.184613	-0.188506	-0.188351	-0.176513	-0.166183	-0.162216	-0.160073	-0.152219	-0.128707	-0.092044	-0.0461447	0.00330965	0.0629114	0.127728	0.187721	0.23383	0.253984	0.232053	0.157412	0.0449884	-0.0774373	-0.194843	-0.276842	-0.309523	-0.296368	-0.255484	-0.209872	-0.18482	-0.176996	-0.172818	-0.173545	-0.179175	-0.172583	-0.133831	-0.0508711	0.0623674	0.208282	0.392922	0.581994	0.740694	0.846193	0.882956	0.844642	0.729829	0.546746	0.323456	0.0857963	-0.138337	-0.322788	-0.449152	-0.510786	-0.510123	-0.449151	-0.333758	-0.177674	-0.00467262	0.147615	0.256019	0.306414	0.296407	0.233023	0.112513	-0.0599989	-0.254686	-0.440376	-0.590343	-0.683043	-0.726233	-0.725976	-0.697321	-0.659374	-0.629632	-0.626079	-0.63568	-0.650641	-0.660654	-0.635518	-0.552039	-0.41129	-0.224609	0	
0	0.100553	0.180124	0.226248	0.249707	0.26384	0.272549	0.261979	0.236734	0.209547	0.189309	0.162715	0.121351	0.0697211	0.0151854	-0.0406716	-0.0873296	-0.110358	-0.112187	-0.116145	-0.134591	-0.159421	-0.175797	-0.180925	-0.184357	-0.187101	-0.186221	-0.173727	-0.152801	-0.116735	-0.0656674	0.000886982	0.0814963	0.171958	0.253984	0.306093	0.312048	0.274415	0.206988	0.125689	0.039364	-0.0339275	-0.0822355	-0.0901323	-0.0736384	-0.068167	-0.0886313	-0.124694	-0.176031	-0.241472	-0.300981	-0.325266	-0.299058	-0.21468	-0.0867596	0.0905238	0.313721	0.541909	0.734987	0.86131	0.899872	0.858801	0.738087	0.556552	0.340038	0.1015	-0.121485	-0.311027	-0.447208	-0.513448	-0.520296	-0.463661	-0.340591	-0.179962	0.00386112	0.169587	0.280239	0.332926	0.325483	0.261927	0.136778	-0.0412711	-0.242112	-0.439125	-0.601075	-0.705395	-0.760212	-0.763837	-0.730239	-0.686588	-0.644603	-0.621108	-0.623461	-0.641541	-0.649416	-0.624666	-0.546372	-0.407191	-0.221002	0	
0	0.0753768	0.120466	0.125822	0.111436	0.0983818	0.0983071	0.0993516	0.0992407	0.103301	0.119833	0.134821	0.133594	0.112668	0.0789704	0.0380832	0.00303419	-0.0145368	-0.0160799	-0.0246839	-0.0555543	-0.105617	-0.148851	-0.175079	-0.193616	-0.214437	-0.231252	-0.237852	-0.235138	-0.211549	-0.166532	-0.0946157	0.0052465	0.123723	0.232053	0.312048	0.357086	0.368843	0.356186	0.331552	0.289786	0.235177	0.179683	0.152716	0.135064	0.0985214	0.0372566	-0.0404971	-0.140726	-0.250097	-0.353688	-0.416429	-0.416576	-0.346512	-0.211143	-0.0123791	0.238297	0.496839	0.71582	0.856568	0.900945	0.857473	0.738423	0.555504	0.335167	0.0918864	-0.143373	-0.340463	-0.481331	-0.553392	-0.56433	-0.510659	-0.394104	-0.229585	-0.0327464	0.147101	0.275493	0.341714	0.343017	0.279196	0.149493	-0.0282453	-0.229292	-0.42534	-0.581554	-0.682843	-0.732222	-0.729361	-0.689271	-0.632141	-0.579165	-0.545087	-0.540765	-0.556022	-0.559061	-0.538556	-0.475769	-0.356412	-0.191319	0	
0	0.0335402	0.0372927	0.00624219	-0.0335307	-0.0619794	-0.0642809	-0.0524876	-0.027816	0.0047642	0.0508653	0.0985343	0.134291	0.147197	0.13847	0.122172	0.104455	0.0950166	0.0893995	0.0734552	0.0270922	-0.0429191	-0.106456	-0.154912	-0.200128	-0.250199	-0.291389	-0.318151	-0.336785	-0.333086	-0.298786	-0.220843	-0.107152	0.027233	0.157412	0.274415	0.368843	0.432172	0.47854	0.514053	0.52399	0.497976	0.454224	0.417574	0.367333	0.291108	0.191415	0.0716111	-0.069353	-0.220963	-0.36161	-0.457859	-0.486888	-0.436421	-0.304804	-0.0971402	0.165283	0.443155	0.676857	0.827579	0.877818	0.83338	0.71259	0.527342	0.298661	0.0495656	-0.194201	-0.39834	-0.542476	-0.62117	-0.635324	-0.587907	-0.479311	-0.310395	-0.106782	0.0840548	0.232166	0.31695	0.336745	0.286025	0.167805	-0.0019272	-0.19824	-0.384355	-0.528882	-0.617339	-0.653335	-0.637307	-0.580811	-0.504969	-0.434722	-0.387436	-0.373249	-0.37851	-0.38532	-0.378187	-0.335866	-0.25628	-0.136513	0	
0	-0.0277923	-0.071278	-0.12788	-0.177459	-0.205501	-0.20728	-0.188474	-0.15034	-0.094545	-0.0260639	0.0491664	0.11555	0.158726	0.176893	0.187597	0.19318	0.193773	0.1865	0.158714	0.0971953	0.0166978	-0.0599833	-0.133077	-0.213468	-0.294138	-0.361773	-0.409268	-0.448973	-0.462164	-0.439774	-0.367408	-0.256633	-0.113246	0.0449884	0.206988	0.356186	0.47854	0.582433	0.671342	0.723918	0.735951	0.713297	0.672189	0.599992	0.496975	0.36112	0.19871	0.020532	-0.164747	-0.337842	-0.463153	-0.51437	-0.479363	-0.357349	-0.157623	0.0964515	0.371152	0.611995	0.772905	0.832204	0.791966	0.661382	0.464375	0.223401	-0.0300368	-0.272471	-0.473812	-0.617101	-0.699	-0.719945	-0.684129	-0.581316	-0.413783	-0.204768	-0.00242578	0.165155	0.277235	0.321415	0.294513	0.199565	0.0449488	-0.135914	-0.303695	-0.43498	-0.513941	-0.537842	-0.503179	-0.426274	-0.325268	-0.230655	-0.164422	-0.132119	-0.133896	-0.153317	-0.169834	-0.162522	-0.130553	-0.0732776	0	
0	-0.0963773	-0.186084	-0.263485	-0.312374	-0.334889	-0.32823	-0.3078	-0.26242	-0.196757	-0.109579	-0.0137883	0.0783258	0.147286	0.191399	0.22774	0.253302	0.265555	0.257378	0.218543	0.146964	0.063876	-0.0220735	-0.122231	-0.235747	-0.347172	-0.441831	-0.507954	-0.555467	-0.579275	-0.570158	-0.515053	-0.411168	-0.26088	-0.0774373	0.125689	0.331552	0.514053	0.671342	0.797886	0.885055	0.927437	0.926495	0.886407	0.804494	0.684656	0.522859	0.327478	0.118448	-0.0954686	-0.291174	-0.428449	-0.49554	-0.470564	-0.366481	-0.190741	0.0434476	0.304278	0.53761	0.70408	0.769613	0.730646	0.592623	0.385463	0.141221	-0.116878	-0.355187	-0.556936	-0.707089	-0.792623	-0.820899	-0.790502	-0.684751	-0.513555	-0.301168	-0.0887535	0.0966306	0.233711	0.307776	0.315683	0.250541	0.12065	-0.0346987	-0.185955	-0.305153	-0.371709	-0.386148	-0.33761	-0.245802	-0.127472	-0.00535709	0.0829098	0.125925	0.123217	0.0897414	0.0464418	0.00941812	-0.0129456	-0.0145506	0	
0	-0.153472	-0.284901	-0.381718	-0.438766	-0.456055	-0.443048	-0.414684	-0.369785	-0.300443	-0.203643	-0.092568	0.0190614	0.109562	0.179262	0.234322	0.275101	0.296306	0.288985	0.245346	0.171029	0.0935778	0.00155558	-0.117177	-0.255079	-0.392997	-0.51006	-0.590276	-0.6428	-0.677471	-0.680762	-0.63478	-0.539286	-0.388733	-0.194843	0.039364	0.289786	0.52399	0.723918	0.885055	1.00084	1.06895	1.08238	1.04178	0.954834	0.823179	0.642931	0.431603	0.202578	-0.0252441	-0.225953	-0.366757	-0.433877	-0.419711	-0.335638	-0.189461	0.0165119	0.253136	0.472223	0.637456	0.708679	0.672404	0.535196	0.322745	0.0734527	-0.187078	-0.43016	-0.636565	-0.790403	-0.882949	-0.91589	-0.885156	-0.778476	-0.600897	-0.382683	-0.156834	0.0519002	0.21762	0.321006	0.360641	0.31988	0.209663	0.0788726	-0.0543718	-0.155829	-0.209985	-0.216992	-0.165451	-0.0671316	0.0644883	0.195339	0.295796	0.345349	0.347241	0.3135	0.24537	0.171483	0.10526	0.0476281	0	
0	-0.191142	-0.35303	-0.473684	-0.547578	-0.575232	-0.559915	-0.526564	-0.479822	-0.409502	-0.306156	-0.184223	-0.061911	0.0482719	0.137521	0.211405	0.263677	0.294856	0.290499	0.248862	0.184328	0.116228	0.028901	-0.097004	-0.242505	-0.39523	-0.527652	-0.626608	-0.695278	-0.742657	-0.749727	-0.708053	-0.6208	-0.47472	-0.276842	-0.0339275	0.235177	0.497976	0.735951	0.927437	1.06895	1.15327	1.17473	1.13713	1.04713	0.909311	0.722426	0.502072	0.264762	0.03713	-0.161263	-0.301396	-0.364363	-0.357529	-0.289564	-0.158612	0.0320985	0.24437	0.437656	0.587894	0.656331	0.618623	0.491728	0.285841	0.0335048	-0.225133	-0.475516	-0.685602	-0.841907	-0.940785	-0.977509	-0.9448	-0.837989	-0.655372	-0.432865	-0.196928	0.0344117	0.222099	0.359056	0.428125	0.404784	0.312218	0.194494	0.0707336	-0.0230852	-0.0697588	-0.0708135	-0.0214605	0.081291	0.215457	0.340902	0.451271	0.514533	0.52664	0.494668	0.418968	0.326241	0.217592	0.10878	0	
