0	0	0	0	0	0	0	0	0	0	0	0	0	0	0	0	0	0	0	0	0	0	0	0	0	0	0	0	0	0	0	0	0	0	0	0	0	0	0	0	0	0	0	0	0	0	0	0	0	0	0	0	0	0	0	0	0	0	0	0	0	0	0	0	0	0	0	0	0	0	0	0	0	0	0	0	0	0	0	0	0	0	0	0	0	0	0	0	0	0	0	0	0	0	0	0	0	0	0	0	
0	-0.00179293	-0.000191004	-0.00285146	-4.82512e-05	0.00123205	-0.00212207	0.00409143	-0.00146493	-0.00325906	0.00341303	0.00209194	0.000370243	7.43267e-06	-0.00117922	-0.000392261	-0.000419531	0.00183228	-0.00419004	-0.00212904	0.00119203	-0.00156485	-0.00320617	-0.000829377	0.00107796	-0.00425161	-0.00104615	-0.000348496	-0.000112574	-0.00291146	-0.00345456	0.00179391	-0.000261174	-0.00402051	-0.0048881	0.00279832	-0.000147757	-0.00427478	-0.00509425	-0.00230349	0.00164039	0.000490433	-0.00413261	-0.00936258	-0.00460869	0.00534353	0.00434564	-0.00233726	-0.00961138	-0.0124391	-0.00681235	-0.00177673	0.0119094	0.0107877	-0.00227784	-0.024277	-0.0450522	-0.0575053	-0.0649987	-0.0643207	-0.0529147	-0.0305349	-0.00597344	0.0112141	0.021704	0.037641	0.0557654	0.0816544	0.112159	0.121864	0.115264	0.0988227	0.0726986	0.0486673	0.0317748	0.0191734	0.00313752	-0.0163785	-0.0380201	-0.0609296	-0.0678297	-0.0589268	-0.0515965	-0.0383228	-0.0134888	0.00686769	0.0123892	0.00518079	-0.00410397	-0.00832781	-0.0121776	-0.0110633	0.00235066	0.0109148	0.00076834	-0.0100452	-0.00560872	0.00351552	0.00487042	0	
0	-0.000191004	0.00315217	0.00236672	-0.00290685	0.0047822	-0.00503462	-0.00141738	0.00336796	-0.00264284	0.000705807	-0.00463032	-0.00289618	0.000870912	0.00231991	-0.00102396	-0.00298779	0.0028397	0.00118261	-0.00135379	0.00441491	-0.000532863	-0.00239214	0.00281054	0.00328545	-0.00364654	-0.000541409	0.0024536	0.00144121	-0.00312404	-0.00346937	0.00448518	0.00254012	-0.00635052	-0.00505814	0.00661209	0.00259016	-0.00528887	-0.0071122	-0.00037123	0.00441492	0.00422972	-0.00689201	-0.0158306	-0.00703205	0.00917489	0.00738346	-0.00652044	-0.0233804	-0.024041	-0.0201957	-0.00266602	0.0199031	0.018411	-0.00194855	-0.048735	-0.0854079	-0.110532	-0.128133	-0.128171	-0.104768	-0.063204	-0.0157582	0.0263743	0.0469691	0.0751568	0.116349	0.162285	0.212553	0.238155	0.233404	0.19917	0.143342	0.0932683	0.0618928	0.0421164	0.0107595	-0.0333054	-0.0777882	-0.118222	-0.13122	-0.118326	-0.104317	-0.0758032	-0.0273484	0.0115486	0.0230624	0.0104528	-0.00729586	-0.0163994	-0.0238463	-0.0210701	0.00396452	0.0197393	0.00153194	-0.018187	-0.0105535	0.00597861	0.00875468	0	
0	-0.00285146	0.00236672	-0.00183038	-0.00232954	0.00419959	-0.00403793	0.00223221	0.000399318	-0.00434222	0.00466169	0.000789447	-0.00201814	0.00105766	-0.00206723	-0.0029717	-0.000509411	0.00286634	-0.00518366	-0.00554498	0.00346789	-0.00271076	-0.00557119	0.000230296	0.00145047	-0.00706536	-0.00180105	0.00048616	-6.01638e-05	-0.0060711	-0.00557397	0.00377083	0.000468272	-0.0098532	-0.00831257	0.00636566	3.85111e-05	-0.00963992	-0.0115894	-0.00342643	0.00368591	0.00144035	-0.0117311	-0.0237777	-0.00968733	0.0110519	0.00955715	-0.0103773	-0.0303949	-0.0335772	-0.0238094	-0.0011105	0.0288472	0.026268	-0.0103681	-0.0743256	-0.130934	-0.167783	-0.189781	-0.187374	-0.150459	-0.0878185	-0.0173437	0.0381614	0.0704214	0.11418	0.170879	0.242028	0.316842	0.348617	0.337816	0.289381	0.213207	0.144921	0.0976199	0.0610421	0.0142995	-0.044501	-0.10955	-0.172063	-0.194082	-0.176763	-0.1541	-0.112218	-0.044559	0.0120082	0.0315692	0.0159268	-0.00932444	-0.0240267	-0.0342601	-0.0290758	0.00410001	0.0247183	0.00227844	-0.0229129	-0.0142593	0.00658667	0.0108342	0	
0	-4.82512e-05	-0.00290685	-0.00232954	-0.000113428	0.000196665	-0.00233958	0.00438138	-9.23321e-05	-0.00392046	0.000933509	-0.00103762	0.000966358	-0.000408155	0.000555896	-0.000133046	-0.00213412	0.000368836	-0.00282737	-0.00111212	0.00217936	-0.00363183	-0.00456823	0.000832039	0.00047295	-0.00705524	-0.00171084	-0.000436717	-0.00106957	-0.00690936	-0.00527799	0.00239312	-0.000590846	-0.0115326	-0.00740604	0.00480343	-0.000533712	-0.0117874	-0.0120015	-0.00365423	0.00339886	0.00103055	-0.0157094	-0.0252175	-0.0107841	0.0127565	0.00931003	-0.0157613	-0.0370623	-0.0430522	-0.0285316	3.37696e-05	0.0319975	0.0284701	-0.0218373	-0.101884	-0.171888	-0.221864	-0.247442	-0.239573	-0.192886	-0.107909	-0.0165297	0.0518804	0.0999354	0.153812	0.223867	0.315651	0.407454	0.451933	0.438336	0.373427	0.280549	0.193686	0.129551	0.0840645	0.0275017	-0.0524541	-0.142191	-0.219237	-0.248066	-0.23341	-0.204054	-0.147835	-0.0641197	0.00727744	0.0359166	0.020854	-0.00974399	-0.0306001	-0.0426821	-0.0345961	0.00213603	0.02481	0.00295233	-0.0234582	-0.01632	0.00499987	0.0106138	0	
0	0.00123205	0.0047822	0.00419959	0.000196665	0.000966597	-0.00233613	-0.00475926	-0.00221189	0.000890207	0.00101173	-0.00392296	-0.00355399	-0.00129004	-0.000691219	-0.00214151	-0.000670899	0.000668694	0.000473222	-0.00307215	0.00215277	-0.00148469	-0.00136086	0.00102731	-0.000364073	-0.00310783	-0.000833764	0.000282238	-0.0011661	-0.00456151	-0.00283313	0.00159036	-0.000859084	-0.00936376	-0.00444231	0.00371912	-0.00138449	-0.0102666	-0.0106859	-0.00218861	0.00246601	-0.00094918	-0.0174474	-0.0256293	-0.00967063	0.00950963	0.00490028	-0.0224943	-0.0461684	-0.0494815	-0.0344471	0.00119026	0.0318331	0.0240929	-0.0362011	-0.127576	-0.211416	-0.269398	-0.297846	-0.288029	-0.225742	-0.125398	-0.0191944	0.0691011	0.131717	0.194995	0.283969	0.390392	0.483774	0.533495	0.524151	0.452717	0.344737	0.242948	0.167956	0.109154	0.0383767	-0.057187	-0.164819	-0.255592	-0.296853	-0.289002	-0.251181	-0.181526	-0.0873135	-0.00410041	0.0352024	0.0246218	-0.00883887	-0.0356137	-0.0482626	-0.0375045	-0.0023103	0.0198408	0.00339088	-0.020008	-0.0165506	0.00146292	0.00804235	0	
0	-0.00212207	-0.00503462	-0.00403793	-0.00233958	-0.00233613	0.00449588	0.00155457	0.00191024	0.00117624	-0.00373968	0.00134526	0.00180785	-0.000871685	-0.0014265	-0.0021379	-0.00139912	-0.00458442	-0.00305727	-0.00278363	-0.00450776	-0.00317282	-0.00461928	-0.00254115	-0.00590865	-0.00328638	-0.0043339	-0.00394322	-0.00493378	-0.00589417	-0.00408193	-0.00472179	-0.00499439	-0.0102746	-0.00502797	-0.00452472	-0.00590402	-0.0137467	-0.0114181	-0.00743689	-0.00315458	-0.009028	-0.0212038	-0.0253019	-0.010407	0.00406188	-0.0006005	-0.0274245	-0.0463079	-0.0505289	-0.029572	0.00583703	0.0298185	0.0156202	-0.0594765	-0.159128	-0.25493	-0.32104	-0.347167	-0.325747	-0.248528	-0.129094	-0.00603792	0.0903423	0.164575	0.235548	0.332176	0.449297	0.553254	0.613023	0.597922	0.514554	0.40232	0.294069	0.206507	0.135571	0.0560242	-0.0543491	-0.180917	-0.284207	-0.338182	-0.338559	-0.293971	-0.215216	-0.115011	-0.0216913	0.0289728	0.0257239	-0.00752428	-0.0383453	-0.0501908	-0.0381621	-0.00922771	0.0105945	0.00327311	-0.0137355	-0.0150256	-0.00319521	0.0035838	0	
0	0.00409143	-0.00141738	0.00223221	0.00438138	-0.00475926	0.00155457	-0.00411462	-0.00384773	0.00140255	-0.00606582	0.00131148	0.00160092	-0.00571451	3.18432e-05	0.000535818	-0.000684631	-0.00236474	0.000322546	0.00237716	-0.00649721	0.00208824	-0.00139879	-0.00247143	-0.00464487	0.000886944	-0.00323203	-0.00478733	-0.00383855	-0.00295363	-0.00194658	-0.00776828	-0.00441022	-0.00590719	-0.00190441	-0.00905305	-0.00503759	-0.0105815	-0.00646944	-0.00705247	-0.00529898	-0.0110126	-0.0193742	-0.017536	-0.0097855	-0.00214512	-0.00909963	-0.0340686	-0.0485837	-0.0542056	-0.0294105	0.00204679	0.0177532	-0.00438919	-0.0856461	-0.189027	-0.289583	-0.359622	-0.383093	-0.350493	-0.263513	-0.131273	0.00263385	0.110376	0.20084	0.281337	0.386485	0.505821	0.606925	0.667773	0.650345	0.567873	0.458476	0.344411	0.246696	0.166038	0.0765634	-0.0479826	-0.187763	-0.300241	-0.369556	-0.382003	-0.333799	-0.248679	-0.145077	-0.0449297	0.015572	0.0222415	-0.00644501	-0.0380189	-0.0482505	-0.0373476	-0.0179514	-0.00130455	0.00206874	-0.00661395	-0.012085	-0.00771135	-0.00179812	0	
0	-0.00146493	0.00336796	0.000399318	-9.23321e-05	-0.00221189	0.00191024	-0.00384773	-0.00269647	0.00373987	-0.0023913	0.000169073	-0.00468985	-0.00308424	-0.000668805	-0.00025423	-0.00509135	-0.00184909	-0.000383739	-0.00209137	-0.00810853	0.00213408	-0.00144877	-0.00686227	-0.00406252	0.00149124	-0.00546158	-0.00614979	-0.00503353	-0.000378166	-0.00473243	-0.0098391	-0.00730863	-0.000513212	-0.00583697	-0.0129407	-0.00897995	-0.0076668	-0.0065937	-0.0112022	-0.0112004	-0.0186164	-0.0167101	-0.0149768	-0.0121479	-0.0130688	-0.0215703	-0.0362795	-0.0502335	-0.0491353	-0.0250672	-0.00103671	0.00542612	-0.030015	-0.115318	-0.219107	-0.327025	-0.396404	-0.411501	-0.37062	-0.264876	-0.122277	0.016945	0.141024	0.239872	0.325079	0.435597	0.551214	0.646556	0.702354	0.68756	0.614962	0.505509	0.388043	0.290349	0.201841	0.099262	-0.0356753	-0.182934	-0.305756	-0.392057	-0.416113	-0.36798	-0.281659	-0.17762	-0.0736086	-0.00515979	0.0129553	-0.00678109	-0.0346643	-0.042813	-0.0357413	-0.0271394	-0.013842	-0.000911451	-0.000958524	-0.00831164	-0.0106966	-0.00677182	0	
0	-0.00325906	-0.00264284	-0.00434222	-0.00392046	0.000890207	0.00117624	0.00140255	0.00373987	0.000798132	-0.00643161	-0.000464792	0.00083942	-0.000678971	-0.00270023	-0.00094315	-0.00384525	-0.00645536	-0.000213462	-0.00411939	-0.00685139	-0.00174755	-0.00272609	-0.00982276	-0.00319952	-0.00137989	-0.0076466	-0.00819972	-0.00563821	-0.00120172	-0.00781047	-0.0130812	-0.00822684	0.00131046	-0.0108819	-0.017071	-0.0122515	-0.00478867	-0.0095941	-0.0146727	-0.0200946	-0.0223134	-0.0144861	-0.0114485	-0.0166075	-0.0258159	-0.0313735	-0.037614	-0.0470745	-0.0405922	-0.0215941	-0.00664483	-0.0151942	-0.0640463	-0.147246	-0.254519	-0.360654	-0.425029	-0.433928	-0.373027	-0.255092	-0.107077	0.0445594	0.174131	0.278309	0.371019	0.475008	0.580217	0.671836	0.728296	0.714099	0.640447	0.53955	0.434353	0.335062	0.237812	0.12782	-0.015292	-0.169862	-0.301877	-0.401961	-0.438	-0.396895	-0.314234	-0.211043	-0.106343	-0.0333403	-0.00358189	-0.00977628	-0.0288471	-0.0349089	-0.0338031	-0.0349935	-0.0250749	-0.00630299	0.00117102	-0.0044919	-0.0110457	-0.00990069	0	
0	0.00341303	0.000705807	0.00466169	0.000933509	0.00101173	-0.00373968	-0.00606582	-0.0023913	-0.00643161	-0.00130264	0.00342903	-0.00232554	-0.00252037	-0.00182743	-0.0027831	0.000415431	-0.00126344	0.00271369	-0.00575614	-0.00326732	0.00134138	-0.00213731	-0.00799924	-0.00108121	-0.00156637	-0.00687331	-0.00760226	-0.00375393	-0.00222762	-0.00800037	-0.0141436	-0.00475387	0.000793073	-0.0122801	-0.0187874	-0.00970283	-0.00156424	-0.00933856	-0.0159406	-0.024146	-0.0196604	-0.00805315	-0.00643467	-0.0205634	-0.0379281	-0.037663	-0.0394932	-0.042236	-0.0348904	-0.0253907	-0.0210384	-0.0496747	-0.103905	-0.183524	-0.287513	-0.383449	-0.440945	-0.436961	-0.359986	-0.235942	-0.0869149	0.0697906	0.20398	0.316198	0.417953	0.514072	0.607149	0.687871	0.728217	0.711929	0.65517	0.571536	0.475763	0.381001	0.27861	0.155441	0.00860017	-0.144364	-0.285622	-0.399469	-0.448049	-0.419836	-0.344246	-0.243317	-0.142381	-0.0690357	-0.0278744	-0.0163323	-0.0222128	-0.0263222	-0.031454	-0.039584	-0.0336504	-0.0144208	-0.00140261	-0.00151261	-0.0083534	-0.0100378	0	
0	0.00209194	-0.00463032	0.000789447	-0.00103762	-0.00392296	0.00134526	0.00131148	0.000169073	-0.000464792	0.00342903	-0.00438592	-0.00770267	-0.00170888	-0.00189348	-0.00208369	-0.00270623	-0.00685741	-0.0043364	-0.00466197	-0.0026278	-0.00387919	-0.00713005	-0.00532659	-0.00293829	-0.00464146	-0.00850671	-0.00620209	-0.00494661	-0.00431249	-0.0103758	-0.0127347	-0.00435202	-0.00277307	-0.0156467	-0.0198873	-0.00908706	-0.00411876	-0.0128346	-0.023181	-0.0295952	-0.021012	-0.00746702	-0.00965398	-0.0333867	-0.0508475	-0.046975	-0.0389873	-0.0351072	-0.0279852	-0.0263533	-0.0386592	-0.0834284	-0.141453	-0.220074	-0.316654	-0.403446	-0.454121	-0.431109	-0.341553	-0.210983	-0.0539522	0.104409	0.243232	0.363619	0.459748	0.538188	0.618152	0.68258	0.711198	0.705891	0.664785	0.59105	0.506664	0.420556	0.318032	0.192152	0.0452016	-0.114036	-0.264265	-0.381681	-0.442714	-0.435226	-0.369902	-0.273722	-0.181325	-0.110816	-0.0589314	-0.0276962	-0.0178089	-0.0189961	-0.0278925	-0.0395238	-0.0392069	-0.0249206	-0.00848753	-0.000204833	-0.00321942	-0.00678507	0	
0	0.000370243	-0.00289618	-0.00201814	0.000966358	-0.00355399	0.00180785	0.00160092	-0.00468985	0.00083942	-0.00232554	-0.00770267	0.00231725	0.00289522	-0.00525328	-0.00549186	-0.00165112	-0.00341026	-0.00404982	-0.00231097	-0.0032693	-0.00798821	-0.00400918	-0.00316966	-0.00530398	-0.0085963	-0.00575094	-0.00618995	-0.00642245	-0.00815044	-0.0107969	-0.0101615	-0.00612921	-0.00762002	-0.0177524	-0.017083	-0.00963165	-0.0061083	-0.0168942	-0.0263517	-0.0304749	-0.017313	-0.00578199	-0.013642	-0.0429248	-0.058334	-0.0501557	-0.0348702	-0.0263402	-0.0247485	-0.0345362	-0.0689975	-0.124682	-0.187024	-0.259488	-0.342533	-0.417526	-0.449206	-0.408493	-0.307584	-0.171056	-0.0158767	0.141526	0.2821	0.403389	0.492274	0.5563	0.62132	0.666286	0.688203	0.689589	0.650171	0.591228	0.535773	0.464767	0.360159	0.229168	0.0810311	-0.0781769	-0.227103	-0.34773	-0.427778	-0.441885	-0.386753	-0.301143	-0.222451	-0.156435	-0.0954098	-0.0454373	-0.0189962	-0.0144493	-0.0222565	-0.0346889	-0.0422663	-0.0365275	-0.0184393	-0.00115802	0.00271209	-0.000871509	0	
0	7.43267e-06	0.000870912	0.00105766	-0.000408155	-0.00129004	-0.000871685	-0.00571451	-0.00308424	-0.000678971	-0.00252037	-0.00170888	0.00289522	-0.00362409	-0.00610728	-0.000549239	-1.7702e-05	-0.00292666	-0.00547974	-0.00200456	-0.00404577	-0.00843002	-0.00208241	-0.0039267	-0.0100869	-0.0078974	-0.00495473	-0.00689105	-0.0104161	-0.0106427	-0.0103512	-0.00823816	-0.0106161	-0.0136641	-0.0168726	-0.0147897	-0.0114309	-0.0113164	-0.020793	-0.0287594	-0.0284233	-0.0141504	-0.00793264	-0.0216949	-0.05165	-0.0624637	-0.0509547	-0.0286181	-0.0208626	-0.0238852	-0.0537745	-0.104203	-0.170649	-0.232884	-0.29465	-0.363873	-0.419209	-0.430331	-0.371735	-0.263791	-0.123574	0.02638	0.178739	0.323784	0.438855	0.518055	0.571792	0.612659	0.637445	0.654056	0.652655	0.624659	0.59462	0.558256	0.494479	0.396672	0.269791	0.124327	-0.0329678	-0.181143	-0.305451	-0.400211	-0.432841	-0.393912	-0.326711	-0.263555	-0.202611	-0.135844	-0.0709444	-0.028665	-0.0138037	-0.0144156	-0.0264021	-0.0437673	-0.0471356	-0.0285584	-0.00450355	0.00706769	0.00573164	0	
0	-0.00117922	0.00231991	-0.00206723	0.000555896	-0.000691219	-0.0014265	3.18432e-05	-0.000668805	-0.00270023	-0.00182743	-0.00189348	-0.00525328	-0.00610728	-0.00604574	0.000829448	-0.00287149	-0.0083484	-0.00717947	0.00085965	-0.00424152	-0.0100769	-0.000910223	-0.00376172	-0.0102288	-0.00497629	-0.00402479	-0.0059411	-0.0115388	-0.00905817	-0.00713698	-0.00499356	-0.0151502	-0.014632	-0.0123744	-0.0105473	-0.0143458	-0.0157326	-0.0231747	-0.0285128	-0.0242782	-0.0144856	-0.0157379	-0.0346733	-0.0602059	-0.0660962	-0.0517145	-0.0258056	-0.0191393	-0.0328577	-0.0794982	-0.145132	-0.215089	-0.273482	-0.324223	-0.37452	-0.409797	-0.397961	-0.32659	-0.21212	-0.0722211	0.0718847	0.224991	0.364508	0.47101	0.539934	0.569999	0.588742	0.602476	0.610794	0.609063	0.596546	0.586345	0.564208	0.514565	0.431764	0.314831	0.17192	0.0147002	-0.128793	-0.251359	-0.357669	-0.4092	-0.391603	-0.347563	-0.301416	-0.247188	-0.178783	-0.104668	-0.0485069	-0.0178866	-0.00563049	-0.0172433	-0.0444988	-0.0542472	-0.0358622	-0.00978251	0.00738959	0.0101569	0	
0	-0.000392261	-0.00102396	-0.0029717	-0.000133046	-0.00214151	-0.0021379	0.000535818	-0.00025423	-0.00094315	-0.0027831	-0.00208369	-0.00549186	-0.000549239	0.000829448	-0.00462491	-0.00822241	-0.00561452	-0.00138803	-0.00231994	-0.0117189	-0.00832589	-0.000959894	-0.00800965	-0.0130985	-0.00662417	-0.00572815	-0.010644	-0.0143487	-0.012248	-0.00610251	-0.0104048	-0.0218713	-0.018164	-0.00951706	-0.0137877	-0.0213355	-0.0239583	-0.0258439	-0.0283474	-0.0209728	-0.0194846	-0.0267951	-0.0465639	-0.061577	-0.0640723	-0.0454406	-0.0221046	-0.0179985	-0.0489203	-0.112126	-0.189763	-0.261327	-0.313138	-0.350799	-0.378939	-0.387759	-0.351625	-0.268726	-0.148486	-0.0136662	0.123854	0.271621	0.399833	0.494374	0.547472	0.55765	0.558227	0.560736	0.563499	0.56361	0.562164	0.562139	0.553672	0.530031	0.469038	0.355865	0.213087	0.0679016	-0.0633259	-0.188604	-0.305442	-0.370263	-0.376425	-0.361052	-0.333904	-0.287911	-0.222617	-0.146197	-0.07829	-0.0273299	0.000953681	-0.010487	-0.0445522	-0.0556661	-0.0380872	-0.016015	0.00200105	0.0095367	0	
0	-0.000419531	-0.00298779	-0.000509411	-0.00213412	-0.000670899	-0.00139912	-0.000684631	-0.00509135	-0.00384525	0.000415431	-0.00270623	-0.00165112	-1.7702e-05	-0.00287149	-0.00822241	-0.00238453	-0.000217084	-0.00507419	-0.00936165	-0.00629666	-0.00433048	-0.00374225	-0.0130029	-0.00891416	-0.00660531	-0.00667636	-0.0137336	-0.0140156	-0.0110734	-0.00563785	-0.0151614	-0.02516	-0.0150776	-0.00759456	-0.0159734	-0.0285597	-0.0260497	-0.0265383	-0.021973	-0.0203484	-0.0254623	-0.0405358	-0.0532964	-0.0597805	-0.0579048	-0.0414724	-0.0209488	-0.0282793	-0.0750252	-0.153317	-0.237985	-0.303051	-0.349616	-0.366549	-0.371359	-0.35029	-0.292484	-0.199576	-0.0787865	0.0487732	0.182323	0.313898	0.429044	0.508347	0.538287	0.535313	0.524999	0.517745	0.513052	0.512459	0.518995	0.528844	0.539905	0.538733	0.488153	0.384689	0.262181	0.134177	0.00283136	-0.126111	-0.238801	-0.312455	-0.349763	-0.365704	-0.357021	-0.322687	-0.266632	-0.193417	-0.115422	-0.0433498	0.000504744	-0.00895946	-0.043186	-0.0504297	-0.0345861	-0.0219377	-0.00914885	0.00225897	0	
0	0.00183228	0.0028397	0.00286634	0.000368836	0.000668694	-0.00458442	-0.00236474	-0.00184909	-0.00645536	-0.00126344	-0.00685741	-0.00341026	-0.00292666	-0.0083484	-0.00561452	-0.000217084	-0.00204989	-0.0103633	-0.00438797	-0.000207969	-0.0051762	-0.00875408	-0.0078799	-0.00346289	-0.00668144	-0.0089105	-0.0117771	-0.0108055	-0.00733274	-0.00769958	-0.0176434	-0.0223468	-0.00948959	-0.00668434	-0.0199417	-0.0309037	-0.0264165	-0.0216475	-0.01708	-0.0218658	-0.0363883	-0.0536498	-0.0560258	-0.0564787	-0.0521619	-0.0415259	-0.029437	-0.0502146	-0.114222	-0.201395	-0.284137	-0.342809	-0.373284	-0.370252	-0.345497	-0.293339	-0.220776	-0.121195	-0.00700464	0.112351	0.234319	0.351675	0.452267	0.508632	0.52521	0.507145	0.480025	0.469483	0.46287	0.464455	0.473736	0.488702	0.516894	0.529093	0.492373	0.415395	0.315249	0.194629	0.0661436	-0.0518697	-0.156347	-0.245576	-0.312872	-0.354108	-0.367086	-0.352257	-0.309621	-0.24161	-0.156391	-0.0681997	-0.0117782	-0.0140434	-0.0396319	-0.0395883	-0.0266273	-0.0263322	-0.0240278	-0.010897	0	
0	-0.00419004	0.00118261	-0.00518366	-0.00282737	0.000473222	-0.00305727	0.000322546	-0.000383739	-0.000213462	0.00271369	-0.0043364	-0.00404982	-0.00547974	-0.00717947	-0.00138803	-0.00507419	-0.0103633	-0.0104277	-0.00581193	-0.00546163	-0.0132739	-0.0123917	-0.00629982	-0.00861327	-0.013693	-0.0138836	-0.0122087	-0.0119629	-0.0116777	-0.0161674	-0.0221087	-0.0203037	-0.011781	-0.0148684	-0.0291466	-0.0362794	-0.0294976	-0.0219292	-0.0200895	-0.0336858	-0.0538382	-0.0654437	-0.0572611	-0.0505615	-0.0475216	-0.0427928	-0.0420834	-0.0790873	-0.154077	-0.246037	-0.321818	-0.371601	-0.387288	-0.36203	-0.307246	-0.230803	-0.142934	-0.040947	0.0671825	0.182104	0.289636	0.38807	0.465054	0.49668	0.494929	0.464507	0.435956	0.422619	0.413621	0.418829	0.428447	0.448631	0.481893	0.499257	0.488064	0.441207	0.358109	0.251708	0.137446	0.0311507	-0.0706396	-0.172207	-0.258412	-0.322924	-0.365667	-0.375851	-0.347416	-0.285795	-0.198806	-0.103809	-0.0383971	-0.0257791	-0.0344247	-0.0262939	-0.0169561	-0.0283535	-0.0387373	-0.0263557	0	
0	-0.00212904	-0.00135379	-0.00554498	-0.00111212	-0.00307215	-0.00278363	0.00237716	-0.00209137	-0.00411939	-0.00575614	-0.00466197	-0.00231097	-0.00200456	0.00085965	-0.00231994	-0.00936165	-0.00438797	-0.00581193	-0.00299565	-0.00553194	-0.0120777	-0.00970324	-0.0035799	-0.0107261	-0.0159287	-0.0122842	-0.0101562	-0.0119141	-0.0165281	-0.0207907	-0.019006	-0.0159567	-0.0152482	-0.0220333	-0.031743	-0.0342024	-0.0265598	-0.0172392	-0.0234212	-0.0423939	-0.0644354	-0.0645302	-0.049324	-0.0403406	-0.0422225	-0.0492951	-0.0661145	-0.118963	-0.204898	-0.29143	-0.360697	-0.395695	-0.391192	-0.34021	-0.25155	-0.153052	-0.0542278	0.0465045	0.148207	0.24997	0.340657	0.415146	0.460771	0.470681	0.451789	0.413738	0.387618	0.379147	0.378121	0.380209	0.38229	0.400371	0.430773	0.46132	0.477585	0.451215	0.389987	0.308839	0.211484	0.115904	0.0174684	-0.0893781	-0.186526	-0.27492	-0.351795	-0.389143	-0.376074	-0.322796	-0.241053	-0.150054	-0.0784431	-0.0436676	-0.0303364	-0.0152041	-0.00883242	-0.0276514	-0.0484918	-0.0385884	0	
0	0.00119203	0.00441491	0.00346789	0.00217936	0.00215277	-0.00450776	-0.00649721	-0.00810853	-0.00685139	-0.00326732	-0.0026278	-0.0032693	-0.00404577	-0.00424152	-0.0117189	-0.00629666	-0.000207969	-0.00546163	-0.00553194	-0.00797948	-0.0120017	-0.00466702	-0.00328496	-0.0135003	-0.0154583	-0.00747133	-0.00832402	-0.0125268	-0.0208563	-0.0182788	-0.0126388	-0.0128966	-0.0221609	-0.0258265	-0.0301185	-0.0298078	-0.0229057	-0.0183309	-0.0317039	-0.0561847	-0.0704779	-0.061963	-0.0429776	-0.0360095	-0.0473804	-0.0678648	-0.104998	-0.170087	-0.256119	-0.334462	-0.389187	-0.406277	-0.379328	-0.29554	-0.180209	-0.0631442	0.0429214	0.136798	0.229435	0.315274	0.380316	0.422451	0.440375	0.428017	0.399532	0.369585	0.347781	0.34125	0.34047	0.337467	0.338362	0.35116	0.379744	0.421093	0.446888	0.439212	0.413065	0.362766	0.286049	0.202063	0.105622	0.000872493	-0.0994974	-0.211739	-0.323354	-0.388003	-0.392026	-0.350632	-0.28237	-0.204016	-0.127258	-0.0675521	-0.0326091	-0.0113848	-0.00479633	-0.0242308	-0.0492439	-0.0422171	0	
0	-0.00156485	-0.000532863	-0.00271076	-0.00363183	-0.00148469	-0.00317282	0.00208824	0.00213408	-0.00174755	0.00134138	-0.00387919	-0.00798821	-0.00843002	-0.0100769	-0.00832589	-0.00433048	-0.0051762	-0.0132739	-0.0120777	-0.0120017	-0.00901056	-0.00540441	-0.0129469	-0.0185106	-0.0130695	-0.00757647	-0.0127019	-0.0196985	-0.0238477	-0.0166988	-0.0102099	-0.0209594	-0.0317309	-0.0309684	-0.0285376	-0.0298744	-0.0257831	-0.0287789	-0.0487952	-0.0698531	-0.0741023	-0.0581858	-0.0404805	-0.0392852	-0.0600265	-0.0989472	-0.151389	-0.222547	-0.300756	-0.363769	-0.402488	-0.397748	-0.343917	-0.232843	-0.095873	0.0314852	0.134188	0.222072	0.302357	0.369086	0.41177	0.423365	0.41297	0.381382	0.345133	0.314249	0.297422	0.303962	0.309396	0.306416	0.30446	0.307568	0.327424	0.361485	0.393356	0.417275	0.428192	0.409424	0.35702	0.281776	0.19303	0.102376	-0.00139752	-0.139058	-0.278391	-0.366648	-0.391969	-0.36996	-0.322214	-0.258808	-0.177721	-0.0988505	-0.0477666	-0.0186271	-0.00580904	-0.0184238	-0.0394653	-0.0345802	0	
0	-0.00320617	-0.00239214	-0.00557119	-0.00456823	-0.00136086	-0.00461928	-0.00139879	-0.00144877	-0.00272609	-0.00213731	-0.00713005	-0.00400918	-0.00208241	-0.000910223	-0.000959894	-0.00374225	-0.00875408	-0.0123917	-0.00970324	-0.00466702	-0.00540441	-0.0155935	-0.019231	-0.0135497	-0.00999518	-0.0139132	-0.0203633	-0.023969	-0.0236914	-0.0143797	-0.0157169	-0.0310217	-0.0393838	-0.0296761	-0.026569	-0.0290096	-0.0314457	-0.0410208	-0.0608284	-0.0724902	-0.0644133	-0.0482669	-0.0347099	-0.0424674	-0.0776041	-0.134481	-0.201922	-0.271209	-0.33849	-0.387236	-0.406962	-0.380588	-0.298182	-0.161219	-0.00777212	0.127946	0.231183	0.312555	0.380545	0.424578	0.432076	0.406807	0.364542	0.314403	0.277977	0.258269	0.258159	0.276393	0.287522	0.287474	0.275026	0.260157	0.265621	0.292027	0.335672	0.38659	0.427494	0.441322	0.413297	0.355935	0.290951	0.210861	0.093746	-0.0585252	-0.210054	-0.321778	-0.377069	-0.382201	-0.356429	-0.304879	-0.224391	-0.140419	-0.0802341	-0.0380347	-0.0116754	-0.0111968	-0.021248	-0.0175012	0	
0	-0.000829377	0.00281054	0.000230296	0.000832039	0.00102731	-0.00254115	-0.00247143	-0.00686227	-0.00982276	-0.00799924	-0.00532659	-0.00316966	-0.0039267	-0.00376172	-0.00800965	-0.0130029	-0.0078799	-0.00629982	-0.0035799	-0.00328496	-0.0129469	-0.019231	-0.0082431	-0.00382029	-0.0124973	-0.0177751	-0.0186231	-0.0185649	-0.0162264	-0.0119259	-0.0203049	-0.0351752	-0.0350707	-0.0227066	-0.0211327	-0.0292951	-0.0393548	-0.0530718	-0.0675684	-0.0661516	-0.0552471	-0.0432332	-0.0412974	-0.0609016	-0.113699	-0.18857	-0.260648	-0.321754	-0.371653	-0.400202	-0.396951	-0.340274	-0.227718	-0.0702257	0.096035	0.232077	0.329442	0.400792	0.445988	0.459348	0.431546	0.368914	0.301872	0.24418	0.211905	0.208058	0.226412	0.257358	0.27423	0.267049	0.241698	0.215706	0.207125	0.226455	0.276178	0.338116	0.401599	0.451264	0.460031	0.437091	0.391713	0.306976	0.185419	0.0396609	-0.119222	-0.259469	-0.348598	-0.38344	-0.377303	-0.335714	-0.266388	-0.193182	-0.128857	-0.0683163	-0.0224533	-0.00449493	-0.000182963	0.0027167	0	
0	0.00107796	0.00328545	0.00145047	0.00047295	-0.000364073	-0.00590865	-0.00464487	-0.00406252	-0.00319952	-0.00108121	-0.00293829	-0.00530398	-0.0100869	-0.0102288	-0.0130985	-0.00891416	-0.00346289	-0.00861327	-0.0107261	-0.0135003	-0.0185106	-0.0135497	-0.00382029	-0.0123813	-0.0225009	-0.0202137	-0.0182041	-0.0170426	-0.0169157	-0.0197919	-0.0313236	-0.037326	-0.0322507	-0.0211013	-0.025512	-0.0390613	-0.0557821	-0.06688	-0.0692421	-0.059376	-0.0495968	-0.0485925	-0.0571224	-0.0919862	-0.161276	-0.245339	-0.314083	-0.357941	-0.388648	-0.39453	-0.363867	-0.277347	-0.140293	0.0316199	0.200081	0.333114	0.423637	0.477359	0.498531	0.477165	0.410275	0.317659	0.232804	0.17323	0.15279	0.165926	0.197126	0.235429	0.256612	0.249641	0.219846	0.182781	0.159084	0.162848	0.199396	0.266311	0.360388	0.451559	0.501553	0.509374	0.474262	0.395037	0.289269	0.151579	-0.020128	-0.183882	-0.302048	-0.366445	-0.378696	-0.351129	-0.30523	-0.252546	-0.186688	-0.107239	-0.039315	-0.00151404	0.0158446	0.0174113	0	
0	-0.00425161	-0.00364654	-0.00706536	-0.00705524	-0.00310783	-0.00328638	0.000886944	0.00149124	-0.00137989	-0.00156637	-0.00464146	-0.0085963	-0.0078974	-0.00497629	-0.00662417	-0.00660531	-0.00668144	-0.013693	-0.0159287	-0.0154583	-0.0130695	-0.00999518	-0.0124973	-0.0225009	-0.0245569	-0.0198179	-0.0190338	-0.0176425	-0.0234652	-0.032401	-0.0376053	-0.0345033	-0.029731	-0.0255963	-0.034722	-0.0539157	-0.0709562	-0.0723745	-0.0628372	-0.0500194	-0.0498488	-0.05917	-0.082602	-0.132174	-0.214624	-0.29921	-0.3548	-0.380194	-0.388933	-0.370296	-0.310613	-0.19666	-0.0419546	0.134593	0.301552	0.428478	0.508287	0.544906	0.536496	0.480143	0.379385	0.258737	0.16041	0.100213	0.0895172	0.11888	0.166522	0.220937	0.251184	0.243878	0.20796	0.154697	0.107258	0.0903777	0.118777	0.194912	0.311308	0.434656	0.52137	0.557771	0.54535	0.491012	0.400029	0.25997	0.0816946	-0.0926212	-0.23453	-0.325627	-0.358083	-0.355184	-0.340569	-0.308567	-0.244092	-0.152259	-0.0641623	-0.00708233	0.0186221	0.0192998	0	
0	-0.00104615	-0.000541409	-0.00180105	-0.00171084	-0.000833764	-0.0043339	-0.00323203	-0.00546158	-0.0076466	-0.00687331	-0.00850671	-0.00575094	-0.00495473	-0.00402479	-0.00572815	-0.00667636	-0.0089105	-0.0138836	-0.0122842	-0.00747133	-0.00757647	-0.0139132	-0.0177751	-0.0202137	-0.0198179	-0.0177109	-0.0156221	-0.018358	-0.0316071	-0.0378048	-0.0314059	-0.0257758	-0.0287247	-0.0309136	-0.0441158	-0.0647886	-0.0755126	-0.0644781	-0.0484736	-0.0433963	-0.0546725	-0.0793918	-0.117653	-0.183976	-0.271521	-0.348069	-0.386909	-0.391587	-0.377893	-0.330875	-0.241126	-0.103491	0.0624855	0.241278	0.404032	0.525276	0.592213	0.602981	0.560524	0.463263	0.32682	0.183827	0.0771954	0.0258501	0.0328878	0.0821801	0.149129	0.214465	0.248426	0.240071	0.193479	0.124383	0.0617519	0.0281201	0.0443633	0.120489	0.24846	0.395369	0.514451	0.587732	0.614262	0.586727	0.50182	0.362939	0.189176	0.0105338	-0.14657	-0.256935	-0.317523	-0.351719	-0.366997	-0.349965	-0.292638	-0.199876	-0.0987267	-0.0275337	0.00214149	0.00610019	0	
0	-0.000348496	0.0024536	0.00048616	-0.000436717	0.000282238	-0.00394322	-0.00478733	-0.00614979	-0.00819972	-0.00760226	-0.00620209	-0.00618995	-0.00689105	-0.0059411	-0.010644	-0.0137336	-0.0117771	-0.0122087	-0.0101562	-0.00832402	-0.0127019	-0.0203633	-0.0186231	-0.0182041	-0.0190338	-0.0156221	-0.0167351	-0.0272999	-0.0403246	-0.0339946	-0.0227754	-0.0245123	-0.0363327	-0.0421545	-0.0573021	-0.0741538	-0.0738973	-0.0537226	-0.0425751	-0.0495513	-0.0761596	-0.114715	-0.170496	-0.244867	-0.327881	-0.386906	-0.404648	-0.386469	-0.345018	-0.26668	-0.148521	0.0053281	0.176128	0.349749	0.506091	0.61501	0.660266	0.640214	0.557479	0.423537	0.259917	0.103225	-0.000716606	-0.0401829	-0.0148562	0.0541635	0.134478	0.208422	0.246044	0.23431	0.181214	0.102077	0.0235473	-0.025989	-0.0220716	0.0439721	0.171267	0.335553	0.48811	0.604323	0.670968	0.667413	0.594266	0.465066	0.297286	0.120843	-0.0367887	-0.163814	-0.263483	-0.337521	-0.374426	-0.369763	-0.327275	-0.245176	-0.14387	-0.0685887	-0.0348819	-0.0185017	0	
0	-0.000112574	0.00144121	-6.01638e-05	-0.00106957	-0.0011661	-0.00493378	-0.00383855	-0.00503353	-0.00563821	-0.00375393	-0.00494661	-0.00642245	-0.0104161	-0.0115388	-0.0143487	-0.0140156	-0.0108055	-0.0119629	-0.0119141	-0.0125268	-0.0196985	-0.023969	-0.0185649	-0.0170426	-0.0176425	-0.018358	-0.0272999	-0.0383605	-0.0384195	-0.025419	-0.0212076	-0.0333281	-0.0484537	-0.0557154	-0.0684825	-0.0757822	-0.0642585	-0.0454019	-0.0459095	-0.0686891	-0.10849	-0.163878	-0.230687	-0.305054	-0.371931	-0.409643	-0.404453	-0.360768	-0.288702	-0.179687	-0.0404798	0.121907	0.289106	0.456208	0.60108	0.692586	0.710794	0.653051	0.532391	0.366045	0.183789	0.0232917	-0.0729824	-0.0955319	-0.053521	0.0298165	0.12224	0.201883	0.241187	0.229035	0.17199	0.0861618	-0.00309835	-0.0700699	-0.0868809	-0.0357608	0.0893472	0.266188	0.446409	0.600856	0.704865	0.730401	0.677981	0.561593	0.404117	0.241296	0.0880347	-0.0606258	-0.197281	-0.300086	-0.354731	-0.367771	-0.34563	-0.283331	-0.198788	-0.130786	-0.0877681	-0.0478213	0	
0	-0.00291146	-0.00312404	-0.0060711	-0.00690936	-0.00456151	-0.00589417	-0.00295363	-0.000378166	-0.00120172	-0.00222762	-0.00431249	-0.00815044	-0.0106427	-0.00905817	-0.012248	-0.0110734	-0.00733274	-0.0116777	-0.0165281	-0.0208563	-0.0238477	-0.0236914	-0.0162264	-0.0169157	-0.0234652	-0.0316071	-0.0403246	-0.0384195	-0.0311867	-0.0248899	-0.0326403	-0.0477355	-0.0635258	-0.0690565	-0.0743424	-0.0686981	-0.055054	-0.0461962	-0.0631659	-0.0987144	-0.153598	-0.220881	-0.291306	-0.352072	-0.397361	-0.410914	-0.382082	-0.309548	-0.207159	-0.073732	0.0770931	0.237434	0.398063	0.553457	0.684041	0.752344	0.737413	0.64309	0.488122	0.298953	0.106709	-0.0506301	-0.135463	-0.145066	-0.0873705	0.00888683	0.107968	0.193818	0.237967	0.227336	0.169223	0.0758513	-0.0275514	-0.110824	-0.1448	-0.109066	0.00887987	0.191943	0.391961	0.574984	0.711529	0.770317	0.747027	0.653824	0.516398	0.366116	0.208627	0.0435148	-0.109357	-0.229056	-0.307531	-0.346076	-0.346962	-0.312577	-0.259122	-0.205063	-0.147073	-0.0769556	0	
0	-0.00345456	-0.00346937	-0.00557397	-0.00527799	-0.00283313	-0.00408193	-0.00194658	-0.00473243	-0.00781047	-0.00800037	-0.0103758	-0.0107969	-0.0103512	-0.00713698	-0.00610251	-0.00563785	-0.00769958	-0.0161674	-0.0207907	-0.0182788	-0.0166988	-0.0143797	-0.0119259	-0.0197919	-0.032401	-0.0378048	-0.0339946	-0.025419	-0.0248899	-0.0310955	-0.041989	-0.0569548	-0.0711107	-0.0712058	-0.0633267	-0.0529797	-0.0476439	-0.0567052	-0.0877347	-0.138229	-0.206175	-0.281139	-0.342864	-0.384056	-0.405445	-0.396574	-0.341031	-0.239294	-0.109162	0.0401437	0.19338	0.34927	0.499783	0.644388	0.755372	0.794471	0.744041	0.612942	0.429856	0.224896	0.030809	-0.119939	-0.192745	-0.186943	-0.118359	-0.0124957	0.0980431	0.190942	0.237851	0.227461	0.165225	0.0646531	-0.0489914	-0.146992	-0.196013	-0.170968	-0.0597349	0.1203	0.323847	0.521547	0.687335	0.786581	0.805126	0.745488	0.626057	0.477182	0.316425	0.155553	0.00620812	-0.127664	-0.235692	-0.304011	-0.333472	-0.33414	-0.314523	-0.273453	-0.20178	-0.104643	0	
0	0.00179391	0.00448518	0.00377083	0.00239312	0.00159036	-0.00472179	-0.00776828	-0.0098391	-0.0130812	-0.0141436	-0.0127347	-0.0101615	-0.00823816	-0.00499356	-0.0104048	-0.0151614	-0.0176434	-0.0221087	-0.019006	-0.0126388	-0.0102099	-0.0157169	-0.0203049	-0.0313236	-0.0376053	-0.0314059	-0.0227754	-0.0212076	-0.0326403	-0.041989	-0.0527142	-0.0661566	-0.0763678	-0.0637305	-0.0497262	-0.0459472	-0.0595151	-0.0839031	-0.129843	-0.193169	-0.270949	-0.340627	-0.383867	-0.400429	-0.398321	-0.363319	-0.278723	-0.146393	0.00357923	0.160235	0.310711	0.457693	0.599475	0.726945	0.812357	0.816802	0.727163	0.562946	0.358062	0.144746	-0.0467193	-0.185103	-0.242752	-0.223279	-0.139024	-0.0214495	0.0933247	0.188556	0.236264	0.223332	0.155889	0.0484414	-0.071201	-0.173022	-0.227424	-0.213789	-0.11955	0.0435336	0.239325	0.447474	0.644113	0.78729	0.849768	0.820964	0.714472	0.570928	0.422906	0.280763	0.139356	-0.00623146	-0.13977	-0.241405	-0.309444	-0.34601	-0.34958	-0.317017	-0.241992	-0.129656	0	
0	-0.000261174	0.00254012	0.000468272	-0.000590846	-0.000859084	-0.00499439	-0.00441022	-0.00730863	-0.00822684	-0.00475387	-0.00435202	-0.00612921	-0.0106161	-0.0151502	-0.0218713	-0.02516	-0.0223468	-0.0203037	-0.0159567	-0.0128966	-0.0209594	-0.0310217	-0.0351752	-0.037326	-0.0345033	-0.0257758	-0.0245123	-0.0333281	-0.0477355	-0.0569548	-0.0661566	-0.0761427	-0.0736827	-0.0537038	-0.0446677	-0.0601507	-0.0897608	-0.129001	-0.186846	-0.261218	-0.336338	-0.388801	-0.406464	-0.397739	-0.369648	-0.305247	-0.18763	-0.0312967	0.131222	0.286765	0.429179	0.567034	0.691646	0.795065	0.844623	0.806692	0.679438	0.488464	0.271951	0.0624605	-0.114161	-0.235368	-0.27514	-0.2403	-0.150003	-0.0302815	0.0871833	0.181338	0.224848	0.208559	0.141217	0.0377937	-0.0786487	-0.183019	-0.247544	-0.251952	-0.179837	-0.0348908	0.154644	0.372274	0.592433	0.767627	0.863205	0.862572	0.779808	0.660148	0.535589	0.410273	0.276031	0.12769	-0.0240668	-0.162901	-0.273497	-0.33727	-0.350604	-0.325136	-0.25915	-0.145749	0	
0	-0.00402051	-0.00635052	-0.0098532	-0.0115326	-0.00936376	-0.0102746	-0.00590719	-0.000513212	0.00131046	0.000793073	-0.00277307	-0.00762002	-0.0136641	-0.014632	-0.018164	-0.0150776	-0.00948959	-0.011781	-0.0152482	-0.0221609	-0.0317309	-0.0393838	-0.0350707	-0.0322507	-0.029731	-0.0287247	-0.0363327	-0.0484537	-0.0635258	-0.0711107	-0.0763678	-0.0736827	-0.0630059	-0.0463763	-0.0563006	-0.0879728	-0.131724	-0.18098	-0.249764	-0.322862	-0.382006	-0.408111	-0.398558	-0.364641	-0.308555	-0.212497	-0.0695844	0.100858	0.260899	0.406714	0.536751	0.6571	0.760215	0.83059	0.840957	0.766271	0.610702	0.406883	0.193406	-0.00374698	-0.164492	-0.267493	-0.294844	-0.254978	-0.160496	-0.0412755	0.0709319	0.162729	0.209172	0.199208	0.137388	0.0357287	-0.0822758	-0.192691	-0.269615	-0.289591	-0.231235	-0.0967894	0.0862091	0.302367	0.526976	0.715733	0.837152	0.873137	0.831409	0.747568	0.646512	0.534688	0.41011	0.264558	0.0982557	-0.0719026	-0.213123	-0.292641	-0.312388	-0.296964	-0.245633	-0.142668	0	
0	-0.0048881	-0.00505814	-0.00831257	-0.00740604	-0.00444231	-0.00502797	-0.00190441	-0.00583697	-0.0108819	-0.0122801	-0.0156467	-0.0177524	-0.0168726	-0.0123744	-0.00951706	-0.00759456	-0.00668434	-0.0148684	-0.0220333	-0.0258265	-0.0309684	-0.0296761	-0.0227066	-0.0211013	-0.0255963	-0.0309136	-0.0421545	-0.0557154	-0.0690565	-0.0712058	-0.0637305	-0.0537038	-0.0463763	-0.0488742	-0.0761681	-0.123301	-0.177028	-0.238649	-0.309189	-0.370225	-0.405179	-0.404865	-0.371905	-0.312626	-0.22776	-0.10541	0.0549362	0.225522	0.37835	0.512566	0.628737	0.732573	0.807224	0.842951	0.816083	0.708802	0.535325	0.32885	0.123184	-0.0582397	-0.201346	-0.292828	-0.312436	-0.268703	-0.17745	-0.0607057	0.0556869	0.153519	0.20354	0.19413	0.131429	0.0281243	-0.0941105	-0.209475	-0.289282	-0.312183	-0.259832	-0.136179	0.030981	0.229507	0.442799	0.636792	0.784399	0.86224	0.866731	0.821859	0.747271	0.651561	0.535164	0.389575	0.216369	0.0367881	-0.113603	-0.203508	-0.23626	-0.234432	-0.197301	-0.11455	0	
0	0.00279832	0.00661209	0.00636566	0.00480343	0.00371912	-0.00452472	-0.00905305	-0.0129407	-0.017071	-0.0187874	-0.0198873	-0.017083	-0.0147897	-0.0105473	-0.0137877	-0.0159734	-0.0199417	-0.0291466	-0.031743	-0.0301185	-0.0285376	-0.026569	-0.0211327	-0.025512	-0.034722	-0.0441158	-0.0573021	-0.0684825	-0.0743424	-0.0633267	-0.0497262	-0.0446677	-0.0563006	-0.0761681	-0.11966	-0.177027	-0.243031	-0.307231	-0.36747	-0.404587	-0.411961	-0.386974	-0.327421	-0.239588	-0.12578	0.0177288	0.183283	0.349626	0.490969	0.613056	0.714171	0.792264	0.834671	0.832437	0.769854	0.639301	0.455669	0.251657	0.0591049	-0.107495	-0.238154	-0.316329	-0.327663	-0.2805	-0.183848	-0.0642929	0.0501356	0.144506	0.191662	0.180495	0.114505	0.00830261	-0.110787	-0.218699	-0.293197	-0.315711	-0.270312	-0.164327	-0.0218232	0.15393	0.353385	0.548787	0.716594	0.830202	0.878064	0.874769	0.831695	0.752605	0.640015	0.496442	0.333937	0.170235	0.0269875	-0.0717319	-0.122207	-0.136992	-0.117852	-0.0668313	0	
0	-0.000147757	0.00259016	3.85111e-05	-0.000533712	-0.00138449	-0.00590402	-0.00503759	-0.00897995	-0.0122515	-0.00970283	-0.00908706	-0.00963165	-0.0114309	-0.0143458	-0.0213355	-0.0285597	-0.0309037	-0.0362794	-0.0342024	-0.0298078	-0.0298744	-0.0290096	-0.0292951	-0.0390613	-0.0539157	-0.0647886	-0.0741538	-0.0757822	-0.0686981	-0.0529797	-0.0459472	-0.0601507	-0.0879728	-0.123301	-0.177027	-0.246691	-0.314608	-0.368931	-0.405075	-0.413847	-0.395465	-0.343005	-0.254564	-0.136227	0.000606089	0.152946	0.317382	0.472524	0.602488	0.70918	0.785816	0.832061	0.833616	0.792161	0.699495	0.550625	0.364681	0.17236	-0.0033163	-0.149216	-0.258747	-0.322861	-0.324915	-0.273891	-0.182749	-0.0720503	0.036722	0.127392	0.170271	0.15474	0.0893496	-0.00921271	-0.118773	-0.217551	-0.2852	-0.309534	-0.276613	-0.189425	-0.0675031	0.08799	0.271071	0.461551	0.640711	0.780377	0.864092	0.898404	0.88516	0.823654	0.722294	0.596024	0.461346	0.325393	0.196643	0.0961309	0.0318842	-0.00541183	-0.0186666	-0.0123968	0	
0	-0.00427478	-0.00528887	-0.00963992	-0.0117874	-0.0102666	-0.0137467	-0.0105815	-0.0076668	-0.00478867	-0.00156424	-0.00411876	-0.0061083	-0.0113164	-0.0157326	-0.0239583	-0.0260497	-0.0264165	-0.0294976	-0.0265598	-0.0229057	-0.0257831	-0.0314457	-0.0393548	-0.0557821	-0.0709562	-0.0755126	-0.0738973	-0.0642585	-0.055054	-0.0476439	-0.0595151	-0.0897608	-0.131724	-0.177028	-0.243031	-0.314608	-0.371794	-0.401545	-0.408823	-0.39134	-0.345349	-0.264336	-0.144237	-0.00301406	0.143586	0.294198	0.446763	0.588379	0.69987	0.781249	0.825063	0.829545	0.791404	0.719075	0.607245	0.456548	0.282306	0.108752	-0.0427424	-0.167368	-0.263188	-0.316422	-0.315774	-0.270268	-0.185374	-0.082899	0.0166232	0.0996076	0.139465	0.128327	0.0697047	-0.0220322	-0.121512	-0.210745	-0.276366	-0.304717	-0.279196	-0.205546	-0.102036	0.03516	0.202981	0.385203	0.566407	0.717915	0.821187	0.879972	0.893848	0.861792	0.792862	0.70161	0.600524	0.491591	0.382246	0.291921	0.220258	0.15134	0.0883233	0.0399771	0	
0	-0.00509425	-0.0071122	-0.0115894	-0.0120015	-0.0106859	-0.0114181	-0.00646944	-0.0065937	-0.0095941	-0.00933856	-0.0128346	-0.0168942	-0.020793	-0.0231747	-0.0258439	-0.0265383	-0.0216475	-0.0219292	-0.0172392	-0.0183309	-0.0287789	-0.0410208	-0.0530718	-0.06688	-0.0723745	-0.0644781	-0.0537226	-0.0454019	-0.0461962	-0.0567052	-0.0839031	-0.129001	-0.18098	-0.238649	-0.307231	-0.368931	-0.401545	-0.403413	-0.38563	-0.342436	-0.26996	-0.15804	-0.015231	0.135913	0.279807	0.41852	0.559126	0.682898	0.772247	0.823361	0.828483	0.795369	0.725738	0.63383	0.517506	0.373476	0.214396	0.0632034	-0.0681656	-0.175814	-0.257309	-0.304807	-0.305053	-0.265425	-0.192977	-0.10375	-0.0114108	0.0710674	0.11403	0.105345	0.0505964	-0.0331549	-0.125345	-0.208814	-0.268847	-0.296557	-0.278197	-0.215646	-0.122799	0.00295059	0.156852	0.32593	0.496636	0.640449	0.743537	0.816608	0.862841	0.87753	0.859196	0.812265	0.745239	0.662684	0.576343	0.501106	0.422247	0.316417	0.197476	0.09174	0	
