0	0	0	0	0	0	0	0	0	0	0	0	0	0	0	0	0	0	0	0	0	0	0	0	0	0	0	0	0	0	0	0	0	0	0	0	0	0	0	0	0	0	0	0	0	0	0	0	0	0	0	0	0	0	0	0	0	0	0	0	0	0	0	0	0	0	0	0	0	0	0	0	0	0	0	0	0	0	0	0	0	0	0	0	0	0	0	0	0	0	0	0	0	0	0	0	0	0	0	0	
0	-0.0117074	-0.0227738	-0.0288816	-0.0308008	-0.0262038	-0.0219291	-0.0218786	-0.0271408	-0.0365951	-0.0433151	-0.0512175	-0.0613468	-0.0775089	-0.0966232	-0.111465	-0.119644	-0.11871	-0.109182	-0.092255	-0.0687492	-0.0427719	-0.0156628	0.0108268	0.0335394	0.0515184	0.0659166	0.0813694	0.0968653	0.108309	0.117456	0.125372	0.13316	0.137878	0.134231	0.126771	0.11449	0.0931156	0.0654872	0.0323265	-0.00314239	-0.0361372	-0.0649175	-0.0879736	-0.10638	-0.119761	-0.131637	-0.147709	-0.167699	-0.188313	-0.211639	-0.235911	-0.258041	-0.278092	-0.296237	-0.303702	-0.295803	-0.273136	-0.236218	-0.18644	-0.131316	-0.0701174	-0.00640706	0.0576194	0.121971	0.18074	0.233985	0.28018	0.316097	0.331688	0.331689	0.317406	0.288319	0.252145	0.204331	0.144532	0.0785859	0.0117989	-0.0542638	-0.116281	-0.172258	-0.221897	-0.262878	-0.296692	-0.31986	-0.329852	-0.334188	-0.335628	-0.32744	-0.310998	-0.291659	-0.269417	-0.244539	-0.215064	-0.18297	-0.150144	-0.114122	-0.0769483	-0.0392467	0	
0	-0.0227738	-0.0432919	-0.0549507	-0.0564788	-0.0457181	-0.035144	-0.0312125	-0.0401454	-0.0535822	-0.065111	-0.0765261	-0.0930582	-0.123661	-0.157243	-0.187159	-0.201246	-0.19984	-0.181845	-0.14966	-0.105333	-0.0578104	-0.00757848	0.0394417	0.0783589	0.108087	0.12957	0.153826	0.178453	0.197993	0.211501	0.227844	0.243002	0.253276	0.248564	0.23792	0.213512	0.177388	0.125458	0.0621461	-0.00638678	-0.0687601	-0.12903	-0.173808	-0.209767	-0.234924	-0.258685	-0.288915	-0.326229	-0.360437	-0.399515	-0.442965	-0.481773	-0.513318	-0.542157	-0.554219	-0.537609	-0.492895	-0.4211	-0.328948	-0.225883	-0.114384	0.00322655	0.119238	0.236027	0.343384	0.438185	0.523138	0.585839	0.612142	0.608564	0.577279	0.521183	0.450321	0.360666	0.248541	0.125163	0.00246594	-0.119444	-0.232374	-0.334493	-0.425249	-0.500547	-0.562419	-0.603114	-0.621989	-0.630894	-0.633697	-0.61818	-0.585795	-0.552445	-0.514327	-0.465015	-0.408541	-0.348765	-0.284762	-0.217181	-0.147178	-0.0731537	0	
0	-0.0288816	-0.0549507	-0.0662945	-0.0638253	-0.0423749	-0.0208025	-0.0110515	-0.0168456	-0.0339637	-0.0442314	-0.0573151	-0.0778152	-0.116898	-0.165603	-0.204425	-0.225214	-0.221713	-0.195992	-0.15132	-0.0912958	-0.0272924	0.0366009	0.0958602	0.141828	0.173326	0.193781	0.218216	0.244974	0.263892	0.279326	0.296419	0.316953	0.332972	0.32904	0.316258	0.290157	0.239674	0.169348	0.0813303	-0.0153543	-0.107213	-0.189129	-0.254835	-0.306682	-0.342397	-0.371548	-0.409462	-0.454685	-0.497626	-0.545016	-0.593077	-0.634449	-0.670454	-0.704482	-0.713531	-0.685307	-0.621538	-0.5247	-0.39955	-0.265122	-0.11971	0.0291958	0.176851	0.325151	0.459411	0.580416	0.686035	0.766343	0.794882	0.784119	0.73811	0.657187	0.561751	0.440048	0.289772	0.126214	-0.0362624	-0.194859	-0.341945	-0.473398	-0.589768	-0.686677	-0.76788	-0.823675	-0.847625	-0.859376	-0.866132	-0.848104	-0.807535	-0.759707	-0.703954	-0.639603	-0.562615	-0.47868	-0.392064	-0.297583	-0.200669	-0.101987	0	
0	-0.0308008	-0.0564788	-0.0638253	-0.0510476	-0.014286	0.0223527	0.0456709	0.0447617	0.0332474	0.0253717	0.0158801	-0.00434589	-0.0526865	-0.110163	-0.162092	-0.187174	-0.184444	-0.153421	-0.0988452	-0.0262519	0.0487721	0.123447	0.188079	0.235058	0.261534	0.272548	0.288644	0.307708	0.320993	0.328564	0.344276	0.365586	0.382812	0.377956	0.364809	0.33042	0.273277	0.18779	0.0794727	-0.0396425	-0.150207	-0.25467	-0.331409	-0.390069	-0.426737	-0.456443	-0.493848	-0.540405	-0.578816	-0.621441	-0.669087	-0.708905	-0.739137	-0.768119	-0.774183	-0.737421	-0.659383	-0.543232	-0.40115	-0.251023	-0.0944146	0.0645311	0.218096	0.371546	0.510193	0.632269	0.743109	0.823663	0.847959	0.828179	0.768908	0.676105	0.567695	0.434902	0.269229	0.0882418	-0.0882796	-0.262399	-0.422372	-0.566655	-0.696701	-0.806409	-0.899934	-0.963167	-0.992922	-1.01018	-1.01952	-0.998524	-0.949666	-0.896357	-0.833946	-0.754185	-0.661057	-0.561914	-0.45689	-0.347046	-0.23492	-0.116798	0	
0	-0.0262038	-0.0457181	-0.0423749	-0.014286	0.0414496	0.0978944	0.134427	0.143713	0.134954	0.131745	0.124024	0.101262	0.046703	-0.0251068	-0.0860475	-0.119617	-0.116882	-0.0819335	-0.0192203	0.0627775	0.147315	0.22686	0.294833	0.338094	0.356841	0.355755	0.359611	0.368128	0.368825	0.365569	0.370876	0.38509	0.397593	0.386465	0.365241	0.325552	0.255658	0.156174	0.0315831	-0.103757	-0.229925	-0.339092	-0.419382	-0.474204	-0.500411	-0.513843	-0.537959	-0.570804	-0.598323	-0.63149	-0.666867	-0.69514	-0.718471	-0.746029	-0.747076	-0.70374	-0.61805	-0.496295	-0.349374	-0.201326	-0.0523264	0.0914752	0.226785	0.360366	0.477364	0.581621	0.677042	0.748658	0.763152	0.736549	0.674912	0.582283	0.482701	0.359112	0.202447	0.0299631	-0.139841	-0.30668	-0.46287	-0.60455	-0.733663	-0.846909	-0.946552	-1.0167	-1.04906	-1.06831	-1.08342	-1.06534	-1.01458	-0.954365	-0.883863	-0.799488	-0.699323	-0.592098	-0.480995	-0.362616	-0.24404	-0.123079	0	
0	-0.0219291	-0.035144	-0.0208025	0.0223527	0.0978944	0.172151	0.224481	0.241594	0.238572	0.238014	0.231449	0.207118	0.14243	0.0600042	-0.0153699	-0.0556856	-0.056258	-0.0183358	0.0514635	0.14194	0.234347	0.320363	0.388743	0.430499	0.4396	0.426147	0.416177	0.409717	0.396192	0.377676	0.367834	0.370883	0.371284	0.348047	0.314907	0.260891	0.177879	0.0631517	-0.0772207	-0.225069	-0.357319	-0.468207	-0.536115	-0.571695	-0.573215	-0.560261	-0.555373	-0.563757	-0.567826	-0.579316	-0.6006	-0.619525	-0.636104	-0.657854	-0.660248	-0.618764	-0.534068	-0.413284	-0.273192	-0.13968	-0.0132277	0.100203	0.199792	0.294347	0.372614	0.441102	0.509376	0.560452	0.563458	0.532758	0.47552	0.399416	0.323328	0.231268	0.106069	-0.0370242	-0.177363	-0.320453	-0.455803	-0.582173	-0.702912	-0.810839	-0.90915	-0.97906	-1.01279	-1.03595	-1.05225	-1.03421	-0.985352	-0.927589	-0.859496	-0.776584	-0.678137	-0.572507	-0.462921	-0.350445	-0.237528	-0.118325	0	
0	-0.0218786	-0.0312125	-0.0110515	0.0456709	0.134427	0.224481	0.286627	0.309585	0.308309	0.306581	0.298955	0.268184	0.195074	0.0981367	0.0118236	-0.0378805	-0.039211	0.0017547	0.0792493	0.178716	0.279525	0.369725	0.440833	0.476979	0.478609	0.451905	0.426326	0.405065	0.3763	0.340248	0.316218	0.303616	0.289986	0.25297	0.204255	0.134125	0.0356549	-0.0944055	-0.248196	-0.405055	-0.540379	-0.642201	-0.695605	-0.704339	-0.668983	-0.613209	-0.569703	-0.540415	-0.512092	-0.497829	-0.497367	-0.501162	-0.509538	-0.53355	-0.540732	-0.506367	-0.42972	-0.320381	-0.197925	-0.0867697	0.00710164	0.0804309	0.134508	0.179986	0.210996	0.236466	0.270985	0.299132	0.29077	0.260418	0.214913	0.163558	0.123664	0.0736876	-0.00599382	-0.104495	-0.204568	-0.309156	-0.412826	-0.512563	-0.609944	-0.703895	-0.792168	-0.853929	-0.882591	-0.902235	-0.921072	-0.909816	-0.866374	-0.815975	-0.758975	-0.68768	-0.602821	-0.51282	-0.416013	-0.313336	-0.212079	-0.106537	0	
0	-0.0271408	-0.0401454	-0.0168456	0.0447617	0.143713	0.241594	0.309585	0.334111	0.329953	0.324579	0.310693	0.272635	0.188277	0.0791697	-0.0199352	-0.0756153	-0.0787953	-0.0328212	0.0532221	0.160636	0.269698	0.364384	0.433665	0.467567	0.458434	0.419917	0.380035	0.343022	0.298352	0.249268	0.207321	0.182031	0.155706	0.108041	0.046823	-0.0325344	-0.14333	-0.285585	-0.450363	-0.614004	-0.75142	-0.844227	-0.874602	-0.851477	-0.779272	-0.682103	-0.590549	-0.516664	-0.450992	-0.402607	-0.375814	-0.363327	-0.366702	-0.389086	-0.404592	-0.385426	-0.326822	-0.238704	-0.140455	-0.061816	-0.00576754	0.0224955	0.0293506	0.026415	0.0103738	-0.00282572	0.000372159	0.00843857	-0.00601597	-0.0335593	-0.0638719	-0.0872245	-0.0901899	-0.093947	-0.123959	-0.172416	-0.222847	-0.281136	-0.341114	-0.401667	-0.467022	-0.532472	-0.598321	-0.645853	-0.6655	-0.682653	-0.701684	-0.696477	-0.668765	-0.633387	-0.592309	-0.544527	-0.482697	-0.411117	-0.335866	-0.258261	-0.178179	-0.0899135	0	
0	-0.0365951	-0.0535822	-0.0339637	0.0332474	0.134954	0.238572	0.308309	0.329953	0.322084	0.306713	0.284697	0.233933	0.136731	0.0119121	-0.100422	-0.166641	-0.171988	-0.123528	-0.0309758	0.0852444	0.201115	0.299678	0.370388	0.39835	0.381837	0.331804	0.276131	0.224529	0.168385	0.105682	0.0567084	0.0234244	-0.00921385	-0.0599727	-0.124876	-0.212295	-0.327371	-0.474039	-0.642749	-0.808206	-0.942375	-1.02541	-1.04215	-0.99259	-0.883093	-0.742146	-0.608872	-0.492904	-0.387906	-0.305063	-0.250739	-0.219638	-0.212109	-0.235739	-0.263433	-0.263804	-0.229647	-0.169876	-0.108712	-0.067395	-0.0556812	-0.0727297	-0.110745	-0.158692	-0.210946	-0.255353	-0.272983	-0.277679	-0.293037	-0.313018	-0.329355	-0.326403	-0.295462	-0.257529	-0.237638	-0.232974	-0.230639	-0.23374	-0.24121	-0.253672	-0.273961	-0.305521	-0.344553	-0.37036	-0.380238	-0.394052	-0.415929	-0.423805	-0.412017	-0.397738	-0.383049	-0.358522	-0.32436	-0.284443	-0.234194	-0.178393	-0.123099	-0.0624357	0	
0	-0.0433151	-0.065111	-0.0442314	0.0253717	0.131745	0.238014	0.306581	0.324579	0.306713	0.278763	0.240948	0.172036	0.0568814	-0.0873374	-0.217602	-0.295974	-0.308707	-0.260205	-0.163814	-0.0444946	0.0759596	0.175044	0.242453	0.26696	0.243224	0.18629	0.122651	0.0632276	0.000312022	-0.0638329	-0.117473	-0.152622	-0.183996	-0.229152	-0.291012	-0.370235	-0.481482	-0.626604	-0.793877	-0.957774	-1.09124	-1.16466	-1.16321	-1.08897	-0.953251	-0.782198	-0.610162	-0.45443	-0.316881	-0.203723	-0.121446	-0.0711293	-0.0572532	-0.0808191	-0.118303	-0.140793	-0.13672	-0.114106	-0.0921228	-0.0949266	-0.129293	-0.191984	-0.271656	-0.355143	-0.436419	-0.497885	-0.527223	-0.535437	-0.543504	-0.55468	-0.555616	-0.53106	-0.47276	-0.398959	-0.334772	-0.27903	-0.222767	-0.168161	-0.117331	-0.0741704	-0.0452247	-0.0345515	-0.0408493	-0.0490722	-0.0519736	-0.066725	-0.0964804	-0.120715	-0.133174	-0.140702	-0.147102	-0.15138	-0.145464	-0.128438	-0.108393	-0.0882612	-0.0644701	-0.0340676	0	
0	-0.0512175	-0.0765261	-0.0573151	0.0158801	0.124024	0.231449	0.298955	0.310693	0.284697	0.240948	0.185866	0.0959751	-0.0402237	-0.206624	-0.357989	-0.454855	-0.479734	-0.437259	-0.343678	-0.223212	-0.102825	-0.00316974	0.0626197	0.0844749	0.0575944	-0.00109059	-0.0695265	-0.131579	-0.19215	-0.2514	-0.295852	-0.320519	-0.340647	-0.371342	-0.41984	-0.491052	-0.594181	-0.731531	-0.892061	-1.05123	-1.17789	-1.2439	-1.23428	-1.14346	-0.983875	-0.784522	-0.583715	-0.399473	-0.236275	-0.0982032	0.00317705	0.0660409	0.085511	0.0608376	0.00969321	-0.0354816	-0.060399	-0.0707117	-0.087724	-0.129311	-0.20399	-0.303391	-0.41477	-0.526263	-0.6243	-0.69582	-0.728838	-0.736332	-0.736167	-0.737265	-0.727446	-0.685678	-0.606815	-0.505031	-0.401307	-0.298626	-0.191829	-0.0814708	0.026069	0.122174	0.19891	0.247522	0.269378	0.280012	0.281876	0.263782	0.227763	0.187672	0.153903	0.122324	0.0892681	0.0601227	0.0366182	0.0215418	0.0142001	0.00891984	0.00418238	0.000691372	0	
0	-0.0613468	-0.0930582	-0.0778152	-0.00434589	0.101262	0.207118	0.268184	0.272635	0.233933	0.172036	0.0959751	-0.018487	-0.176052	-0.364675	-0.535459	-0.648396	-0.684284	-0.646183	-0.553955	-0.434037	-0.313233	-0.216142	-0.152674	-0.134447	-0.161713	-0.217993	-0.28322	-0.339237	-0.389322	-0.433961	-0.461361	-0.471139	-0.473933	-0.483438	-0.513928	-0.567297	-0.656767	-0.785038	-0.939671	-1.09595	-1.22261	-1.28336	-1.26486	-1.15875	-0.983191	-0.765671	-0.541433	-0.33206	-0.149295	0.00258119	0.116588	0.184873	0.201462	0.167911	0.103483	0.0381108	-0.0125607	-0.0499491	-0.0932371	-0.158851	-0.25832	-0.378855	-0.508682	-0.635317	-0.742553	-0.817115	-0.851449	-0.856384	-0.846758	-0.83859	-0.816986	-0.761883	-0.667387	-0.546086	-0.414944	-0.278004	-0.137125	0.0127333	0.16172	0.297609	0.413189	0.496058	0.546445	0.575434	0.584788	0.569197	0.529246	0.474962	0.421869	0.369187	0.313033	0.258057	0.207447	0.166744	0.12877	0.0906639	0.0573319	0.0256463	0	
0	-0.0775089	-0.123661	-0.116898	-0.0526865	0.046703	0.14243	0.195074	0.188277	0.136731	0.0568814	-0.0402237	-0.176052	-0.352577	-0.556841	-0.741913	-0.864964	-0.907106	-0.868744	-0.773781	-0.648644	-0.524335	-0.421944	-0.358155	-0.336724	-0.361378	-0.412183	-0.471876	-0.521289	-0.561154	-0.587071	-0.594808	-0.583629	-0.56318	-0.548511	-0.55691	-0.592668	-0.669342	-0.78898	-0.935917	-1.09027	-1.21469	-1.27656	-1.25586	-1.14227	-0.954905	-0.723194	-0.480143	-0.252508	-0.0596508	0.099762	0.214361	0.277482	0.279856	0.23099	0.147205	0.0592914	-0.0113831	-0.0650239	-0.116761	-0.187091	-0.287468	-0.404996	-0.533182	-0.658538	-0.764267	-0.836084	-0.86938	-0.872779	-0.855568	-0.839264	-0.808263	-0.742317	-0.639132	-0.508432	-0.363354	-0.211702	-0.0570777	0.107533	0.273286	0.428141	0.562689	0.667974	0.741722	0.789109	0.812635	0.807904	0.775567	0.72087	0.657683	0.589096	0.51342	0.433954	0.35516	0.287944	0.223619	0.161331	0.10686	0.0506454	0	
0	-0.0966232	-0.157243	-0.165603	-0.110163	-0.0251068	0.0600042	0.0981367	0.0791697	0.0119121	-0.0873374	-0.206624	-0.364675	-0.556841	-0.773235	-0.963759	-1.08972	-1.12843	-1.08	-0.973064	-0.833544	-0.695725	-0.584077	-0.510131	-0.484006	-0.501373	-0.5423	-0.595025	-0.636617	-0.663901	-0.676064	-0.664684	-0.636443	-0.599417	-0.563594	-0.551216	-0.569542	-0.633282	-0.7411	-0.882069	-1.03455	-1.16079	-1.22206	-1.20272	-1.08527	-0.890865	-0.649126	-0.395175	-0.158109	0.0420437	0.19868	0.305715	0.352655	0.33446	0.261101	0.153143	0.0450923	-0.0433091	-0.102969	-0.15178	-0.207942	-0.289299	-0.38506	-0.49274	-0.603961	-0.696554	-0.759587	-0.789203	-0.788023	-0.76451	-0.739085	-0.697853	-0.625464	-0.518485	-0.390145	-0.248971	-0.102173	0.0389293	0.190732	0.347007	0.493641	0.629499	0.743971	0.832533	0.900327	0.941329	0.954009	0.9392	0.892845	0.831935	0.7587	0.672039	0.58125	0.486119	0.396878	0.309568	0.226101	0.150456	0.0710076	0	
0	-0.111465	-0.187159	-0.204425	-0.162092	-0.0860475	-0.0153699	0.0118236	-0.0199352	-0.100422	-0.217602	-0.357989	-0.535459	-0.741913	-0.963759	-1.15627	-1.27809	-1.30832	-1.24573	-1.12011	-0.960538	-0.804934	-0.673125	-0.586738	-0.546788	-0.550892	-0.580562	-0.621137	-0.654567	-0.675619	-0.674479	-0.650654	-0.613717	-0.56376	-0.515306	-0.489051	-0.495015	-0.547186	-0.64863	-0.781368	-0.93049	-1.05248	-1.11675	-1.09502	-0.972192	-0.773532	-0.530756	-0.271432	-0.0274062	0.168191	0.313622	0.402961	0.429217	0.382102	0.280636	0.150535	0.0223676	-0.0780661	-0.141278	-0.176959	-0.211712	-0.264748	-0.326459	-0.405383	-0.489294	-0.560784	-0.607241	-0.625783	-0.618399	-0.587622	-0.555887	-0.510476	-0.438469	-0.340624	-0.227899	-0.104484	0.0188549	0.132794	0.254561	0.381546	0.50595	0.62402	0.73328	0.828484	0.904154	0.960298	0.994767	1.00016	0.973629	0.929008	0.8649	0.78298	0.691014	0.591465	0.495325	0.391185	0.287502	0.194435	0.0942288	0	
0	-0.119644	-0.201246	-0.225214	-0.187174	-0.119617	-0.0556856	-0.0378805	-0.0756153	-0.166641	-0.295974	-0.454855	-0.648396	-0.864964	-1.08972	-1.27809	-1.39322	-1.41272	-1.33339	-1.1893	-1.00889	-0.831622	-0.682427	-0.577056	-0.522906	-0.51306	-0.525901	-0.554719	-0.580154	-0.592151	-0.583225	-0.550351	-0.505306	-0.452254	-0.398036	-0.364651	-0.365146	-0.416316	-0.511882	-0.640078	-0.784393	-0.90292	-0.961006	-0.936744	-0.813334	-0.611018	-0.362801	-0.102004	0.134656	0.321838	0.448623	0.514333	0.512081	0.438236	0.312236	0.161655	0.0215259	-0.0867911	-0.146377	-0.169928	-0.183979	-0.207853	-0.238105	-0.284678	-0.339912	-0.383698	-0.406619	-0.409573	-0.390232	-0.355575	-0.322884	-0.281431	-0.225336	-0.149852	-0.0665772	0.0245411	0.117848	0.197298	0.283392	0.3788	0.471191	0.564606	0.659166	0.746077	0.825363	0.890478	0.938493	0.968076	0.96846	0.948415	0.905003	0.839473	0.761297	0.66689	0.565644	0.454904	0.343482	0.235918	0.11592	0	
0	-0.11871	-0.19984	-0.221713	-0.184444	-0.116882	-0.056258	-0.039211	-0.0787953	-0.171988	-0.308707	-0.479734	-0.684284	-0.907106	-1.12843	-1.30832	-1.41272	-1.41756	-1.32309	-1.15976	-0.960216	-0.76704	-0.600313	-0.483514	-0.418796	-0.396507	-0.39873	-0.414385	-0.430245	-0.435935	-0.41718	-0.374881	-0.326809	-0.271143	-0.2166	-0.18093	-0.181119	-0.230701	-0.326498	-0.454293	-0.598341	-0.714137	-0.774509	-0.748657	-0.618345	-0.41257	-0.169072	0.0845787	0.316636	0.489808	0.593505	0.632245	0.604914	0.505243	0.357769	0.197575	0.0527081	-0.0568099	-0.113912	-0.125724	-0.122878	-0.124694	-0.128474	-0.148659	-0.175021	-0.189979	-0.188037	-0.17044	-0.139539	-0.104072	-0.0762562	-0.0507213	-0.0211819	0.0179354	0.0595749	0.112032	0.167948	0.214385	0.268059	0.330658	0.394907	0.461828	0.537505	0.615362	0.688487	0.757783	0.821986	0.870777	0.89712	0.907522	0.888815	0.842287	0.782371	0.705118	0.609657	0.492017	0.371839	0.256144	0.126537	0	
0	-0.109182	-0.181845	-0.195992	-0.153421	-0.0819335	-0.0183358	0.0017547	-0.0328212	-0.123528	-0.260205	-0.437259	-0.646183	-0.868744	-1.08	-1.24573	-1.33339	-1.32309	-1.21284	-1.03307	-0.819858	-0.612366	-0.436088	-0.310401	-0.239447	-0.211727	-0.206387	-0.214658	-0.227456	-0.229581	-0.20649	-0.157592	-0.102437	-0.0429461	0.0153207	0.0555881	0.0573351	0.00564061	-0.0933859	-0.223846	-0.369395	-0.488519	-0.552271	-0.530286	-0.411482	-0.215404	0.022178	0.268635	0.486292	0.644852	0.72818	0.743933	0.694493	0.578672	0.419213	0.252007	0.105182	-0.00400785	-0.0576175	-0.063006	-0.0497439	-0.0338886	-0.0162194	-0.0128072	-0.0131718	-0.00235924	0.0225395	0.0576701	0.0967671	0.128605	0.145125	0.150982	0.148105	0.145484	0.142987	0.15081	0.16929	0.184494	0.207257	0.243913	0.283338	0.32776	0.386718	0.452119	0.521487	0.593652	0.664511	0.730368	0.784549	0.82355	0.830017	0.805905	0.76399	0.697577	0.60757	0.496289	0.379404	0.263158	0.133181	0	
0	-0.092255	-0.14966	-0.15132	-0.0988452	-0.0192203	0.0514635	0.0792493	0.0532221	-0.0309758	-0.163814	-0.343678	-0.553955	-0.773781	-0.973064	-1.12011	-1.1893	-1.15976	-1.03307	-0.836432	-0.608678	-0.389853	-0.205637	-0.0763184	-0.00531744	0.02094	0.0261383	0.0186495	0.00615163	0.00288275	0.0288136	0.0814673	0.142709	0.204405	0.265685	0.311168	0.319499	0.271272	0.177309	0.0457812	-0.103586	-0.232546	-0.311065	-0.309928	-0.209978	-0.0322172	0.182689	0.404753	0.605265	0.751203	0.82152	0.826234	0.768761	0.645571	0.481612	0.314839	0.169911	0.0588941	0.00233442	-0.00162951	0.0182873	0.0497698	0.0844998	0.109022	0.129182	0.158147	0.195995	0.238008	0.277531	0.299316	0.305047	0.295011	0.267827	0.233444	0.193352	0.162194	0.143718	0.127732	0.12136	0.13069	0.1477	0.174576	0.221778	0.280032	0.344831	0.418329	0.495216	0.569964	0.639537	0.698302	0.725325	0.72072	0.702986	0.664038	0.588351	0.483175	0.373982	0.261216	0.132033	0	
0	-0.0687492	-0.105333	-0.0912958	-0.0262519	0.0627775	0.14194	0.178716	0.160636	0.0852444	-0.0444946	-0.223212	-0.434037	-0.648644	-0.833544	-0.960538	-1.00889	-0.960216	-0.819858	-0.608678	-0.371328	-0.143962	0.0452657	0.177031	0.246874	0.272078	0.274324	0.266261	0.249783	0.241351	0.261594	0.314649	0.377299	0.44235	0.50882	0.563405	0.579442	0.541153	0.450517	0.319084	0.168306	0.0298217	-0.0671489	-0.0918122	-0.0276473	0.108908	0.287937	0.479269	0.658361	0.79166	0.855975	0.858268	0.803614	0.690304	0.533882	0.371638	0.226535	0.113583	0.053042	0.0443254	0.0679587	0.109951	0.160861	0.202205	0.236617	0.27508	0.313369	0.353702	0.383443	0.392789	0.389316	0.370104	0.332776	0.279377	0.215496	0.155161	0.10612	0.0642911	0.0323953	0.0189709	0.0191734	0.0332078	0.0689056	0.120024	0.180321	0.246788	0.31475	0.384951	0.462413	0.538054	0.584102	0.601514	0.611379	0.600732	0.549825	0.467	0.370107	0.262196	0.137145	0	
0	-0.0427719	-0.0578104	-0.0272924	0.0487721	0.147315	0.234347	0.279525	0.269698	0.201115	0.0759596	-0.102825	-0.313233	-0.524335	-0.695725	-0.804934	-0.831622	-0.76704	-0.612366	-0.389853	-0.143962	0.0914969	0.284235	0.416584	0.486016	0.504895	0.504368	0.492975	0.473139	0.460026	0.477875	0.527721	0.594679	0.660288	0.72913	0.787519	0.813177	0.781923	0.69884	0.57112	0.417706	0.264045	0.143637	0.0839766	0.102836	0.195983	0.332467	0.486051	0.636263	0.755671	0.819682	0.83075	0.789876	0.689403	0.547984	0.398177	0.263123	0.153693	0.0901857	0.0789824	0.103696	0.154158	0.21229	0.261945	0.301066	0.336297	0.367743	0.396724	0.412459	0.40952	0.397693	0.377649	0.341038	0.283883	0.213349	0.138426	0.0732815	0.0173156	-0.0319697	-0.0637101	-0.0804163	-0.080348	-0.0566301	-0.018873	0.0284397	0.0844423	0.139366	0.198405	0.272381	0.350539	0.41103	0.452774	0.492445	0.516129	0.495398	0.437364	0.35959	0.261215	0.138832	0	
0	-0.0156628	-0.00757848	0.0366009	0.123447	0.22686	0.320363	0.369725	0.364384	0.299678	0.175044	-0.00316974	-0.216142	-0.421944	-0.584077	-0.673125	-0.682427	-0.600313	-0.436088	-0.205637	0.0452657	0.284235	0.477488	0.610969	0.676378	0.693449	0.689131	0.675852	0.655563	0.639865	0.652984	0.703113	0.772041	0.840636	0.914298	0.978346	1.01036	0.986301	0.905999	0.772723	0.61051	0.43779	0.291808	0.192195	0.168448	0.213885	0.307956	0.424979	0.555724	0.668696	0.736279	0.754661	0.72336	0.641949	0.520077	0.387759	0.26664	0.170834	0.116504	0.106115	0.133068	0.183195	0.238964	0.28547	0.315958	0.341124	0.360025	0.377674	0.38164	0.368917	0.352958	0.333814	0.303903	0.253576	0.186867	0.114531	0.0500999	-0.00726834	-0.0592577	-0.102543	-0.135398	-0.152501	-0.152273	-0.133725	-0.101276	-0.0643483	-0.0280493	0.0180315	0.0870546	0.168745	0.236706	0.28959	0.351063	0.40304	0.408922	0.376217	0.319434	0.23627	0.127021	0	
0	0.0108268	0.0394417	0.0958602	0.188079	0.294833	0.388743	0.440833	0.433665	0.370388	0.242453	0.0626197	-0.152674	-0.358155	-0.510131	-0.586738	-0.577056	-0.483514	-0.310401	-0.0763184	0.177031	0.416584	0.610969	0.741159	0.806695	0.818264	0.811364	0.796775	0.776353	0.761277	0.774643	0.825598	0.901164	0.976686	1.05592	1.12487	1.16112	1.1413	1.05611	0.914647	0.735098	0.535906	0.353839	0.215727	0.146359	0.14985	0.211658	0.31018	0.43032	0.539714	0.61694	0.647538	0.630349	0.560746	0.456664	0.343028	0.244915	0.172352	0.133582	0.130256	0.159007	0.204205	0.249317	0.281703	0.295649	0.303323	0.307832	0.314788	0.307185	0.290235	0.270364	0.253516	0.236276	0.197812	0.146753	0.0894653	0.0386272	-0.00469577	-0.0517201	-0.101463	-0.14908	-0.189051	-0.216272	-0.2248	-0.213747	-0.19098	-0.167477	-0.132181	-0.0714762	0.00349855	0.071384	0.128523	0.19304	0.251991	0.276835	0.269041	0.235884	0.179571	0.0997325	0	
0	0.0335394	0.0783589	0.141828	0.235058	0.338094	0.430499	0.476979	0.467567	0.39835	0.26696	0.0844749	-0.134447	-0.336724	-0.484006	-0.546788	-0.522906	-0.418796	-0.239447	-0.00531744	0.246874	0.486016	0.676378	0.806695	0.868102	0.877843	0.868424	0.852579	0.835856	0.824337	0.840157	0.896301	0.978969	1.06372	1.15175	1.22337	1.26374	1.24202	1.14821	0.989893	0.784246	0.549944	0.33279	0.151482	0.0417746	0.0137513	0.0536481	0.140172	0.259868	0.381283	0.475605	0.523758	0.51832	0.464819	0.380391	0.289187	0.213398	0.164305	0.142577	0.146315	0.175383	0.212948	0.246433	0.264506	0.261651	0.250263	0.240954	0.232499	0.213535	0.191704	0.167782	0.157517	0.153866	0.136055	0.104659	0.0663123	0.0355963	0.00530604	-0.0296534	-0.0790847	-0.139597	-0.196776	-0.249068	-0.281155	-0.288314	-0.283219	-0.273025	-0.247409	-0.197829	-0.135771	-0.0818062	-0.0366302	0.0190636	0.0744586	0.107081	0.11681	0.111101	0.0908572	0.0512391	0	
0	0.0515184	0.108087	0.173326	0.261534	0.356841	0.4396	0.478609	0.458434	0.381837	0.243224	0.0575944	-0.161713	-0.361378	-0.501373	-0.550892	-0.51306	-0.396507	-0.211727	0.02094	0.272078	0.504895	0.693449	0.818264	0.877843	0.88459	0.87355	0.858426	0.846334	0.842127	0.864566	0.926552	1.01888	1.11466	1.20965	1.28547	1.32241	1.29373	1.18479	1.00224	0.763782	0.495734	0.239291	0.0211362	-0.118111	-0.17375	-0.150619	-0.0646351	0.0643924	0.197269	0.314386	0.385942	0.403798	0.372449	0.314804	0.245968	0.190249	0.15786	0.144977	0.147499	0.169966	0.198962	0.224843	0.237491	0.224175	0.201927	0.179562	0.155867	0.124098	0.0954422	0.0711423	0.0665839	0.0820761	0.0857973	0.0710514	0.0496591	0.0289275	0.00718531	-0.0189535	-0.0639008	-0.122326	-0.18558	-0.249966	-0.295723	-0.317755	-0.329733	-0.33783	-0.329023	-0.300456	-0.260537	-0.224049	-0.197442	-0.16299	-0.121543	-0.0866827	-0.0623486	-0.041341	-0.0206443	-0.00920337	0	
0	0.0659166	0.12957	0.193781	0.272548	0.355755	0.426147	0.451905	0.419917	0.331804	0.18629	-0.00109059	-0.217993	-0.412183	-0.5423	-0.580562	-0.525901	-0.39873	-0.206387	0.0261383	0.274324	0.504368	0.689131	0.811364	0.868424	0.87355	0.860125	0.844774	0.836971	0.841056	0.871123	0.943086	1.04307	1.15065	1.25341	1.32664	1.35564	1.3143	1.18081	0.971992	0.700419	0.398101	0.109039	-0.134735	-0.300262	-0.373017	-0.35864	-0.271405	-0.137865	0.0100872	0.149186	0.25075	0.300059	0.299286	0.268763	0.224047	0.184774	0.159151	0.14151	0.132111	0.14132	0.158063	0.181285	0.193361	0.181919	0.15748	0.131597	0.0987774	0.0574514	0.0264458	-0.000529821	0.00133715	0.0305696	0.0507244	0.0483149	0.0329078	0.0163374	-0.00382789	-0.0232385	-0.057494	-0.107086	-0.162112	-0.224136	-0.276053	-0.311147	-0.341509	-0.369122	-0.38492	-0.384779	-0.370587	-0.358252	-0.351219	-0.33821	-0.318601	-0.286094	-0.248272	-0.203123	-0.139588	-0.0717493	0	
0	0.0813694	0.153826	0.218216	0.288644	0.359611	0.416177	0.426326	0.380035	0.276131	0.122651	-0.0695265	-0.28322	-0.471876	-0.595025	-0.621137	-0.554719	-0.414385	-0.214658	0.0186495	0.266261	0.492975	0.675852	0.796775	0.852579	0.858426	0.844774	0.830533	0.827673	0.840092	0.87986	0.957196	1.06324	1.17727	1.28058	1.34816	1.36424	1.30031	1.14532	0.908887	0.605634	0.278341	-0.0327418	-0.296129	-0.472513	-0.554533	-0.549128	-0.461939	-0.32132	-0.15848	0.00672686	0.143601	0.226807	0.25727	0.258092	0.235929	0.204349	0.175065	0.14696	0.121997	0.108602	0.107842	0.121139	0.132287	0.123295	0.104571	0.0863422	0.0559212	0.0201334	-0.00939588	-0.0353984	-0.0334186	-0.00174496	0.0261417	0.0266251	0.0151879	-0.000510892	-0.0202098	-0.0317047	-0.0525979	-0.0880107	-0.133513	-0.186988	-0.23575	-0.280306	-0.330425	-0.381654	-0.422042	-0.453524	-0.473449	-0.485065	-0.496558	-0.503175	-0.495237	-0.464647	-0.419568	-0.349205	-0.247825	-0.133574	0	
0	0.0968653	0.178453	0.244974	0.307708	0.368128	0.409717	0.405065	0.343022	0.224529	0.0632276	-0.131579	-0.339237	-0.521289	-0.636617	-0.654567	-0.580154	-0.430245	-0.227456	0.00615163	0.249783	0.473139	0.655563	0.776353	0.835856	0.846334	0.836971	0.827673	0.831033	0.852799	0.90132	0.982663	1.08828	1.1999	1.29696	1.35025	1.34365	1.25596	1.07661	0.815524	0.494146	0.153396	-0.169206	-0.436487	-0.617106	-0.708838	-0.708952	-0.62071	-0.471526	-0.290736	-0.100269	0.0703845	0.192736	0.256852	0.277673	0.266558	0.239895	0.207731	0.169179	0.126908	0.0912705	0.0690516	0.0665166	0.0689801	0.059742	0.0515042	0.0469984	0.0326811	0.0117203	-0.0117084	-0.038212	-0.046163	-0.0245867	-0.00288959	-0.00469818	-0.0131197	-0.0237056	-0.0351035	-0.0362485	-0.0419305	-0.0622198	-0.0972125	-0.143675	-0.192117	-0.242643	-0.305459	-0.376952	-0.447798	-0.515002	-0.565123	-0.6015	-0.632093	-0.651149	-0.649503	-0.613255	-0.550835	-0.458939	-0.32769	-0.173163	0	
0	0.108309	0.197993	0.263892	0.320993	0.368825	0.396192	0.3763	0.298352	0.168385	0.000312022	-0.19215	-0.389322	-0.561154	-0.663901	-0.675619	-0.592151	-0.435935	-0.229581	0.00288275	0.241351	0.460026	0.639865	0.761277	0.824337	0.842127	0.841056	0.840092	0.852799	0.886357	0.944168	1.02912	1.12874	1.22983	1.30999	1.33978	1.30318	1.18553	0.982296	0.705742	0.374778	0.0323008	-0.28921	-0.552977	-0.734787	-0.826972	-0.830964	-0.743073	-0.586878	-0.387619	-0.171071	0.0357125	0.190119	0.273606	0.307979	0.308905	0.285962	0.247622	0.202204	0.150279	0.0963953	0.0521452	0.0318551	0.0233252	0.0150077	0.0174174	0.0273811	0.031674	0.0253417	0.00742662	-0.0226824	-0.0436764	-0.0389144	-0.0305046	-0.0360861	-0.0446382	-0.0509324	-0.0524519	-0.0424094	-0.0325597	-0.0409287	-0.0682698	-0.104887	-0.148993	-0.206388	-0.279972	-0.362744	-0.454746	-0.555272	-0.641734	-0.705755	-0.751564	-0.776407	-0.771106	-0.723639	-0.642073	-0.526272	-0.372437	-0.195178	0	
0	0.117456	0.211501	0.279326	0.328564	0.365569	0.377676	0.340248	0.249268	0.105682	-0.0638329	-0.2514	-0.433961	-0.587071	-0.676064	-0.674479	-0.583225	-0.41718	-0.20649	0.0288136	0.261594	0.477875	0.652984	0.774643	0.840157	0.864566	0.871123	0.87986	0.90132	0.944168	1.01306	1.09693	1.18782	1.27105	1.32808	1.32932	1.26334	1.11444	0.893515	0.60396	0.27279	-0.0667329	-0.379433	-0.636268	-0.810251	-0.901637	-0.905571	-0.815836	-0.647585	-0.430204	-0.195896	0.0300487	0.203015	0.303527	0.345577	0.349832	0.326815	0.289072	0.24073	0.180397	0.109234	0.0498233	0.0166901	0.00334075	0.000361539	0.0131806	0.034422	0.0487798	0.0511822	0.0326495	0.000298142	-0.0272015	-0.0356943	-0.0362128	-0.046561	-0.0595974	-0.0688477	-0.0714784	-0.0586525	-0.0386237	-0.0351378	-0.0548042	-0.0857327	-0.125469	-0.18184	-0.257853	-0.34951	-0.455699	-0.574047	-0.684457	-0.771738	-0.835853	-0.867955	-0.854848	-0.79574	-0.697909	-0.561952	-0.393188	-0.204026	0	
0	0.125372	0.227844	0.296419	0.344276	0.370876	0.367834	0.316218	0.207321	0.0567084	-0.117473	-0.295852	-0.461361	-0.594808	-0.664684	-0.650654	-0.550351	-0.374881	-0.157592	0.0814673	0.314649	0.527721	0.703113	0.825598	0.896301	0.926552	0.943086	0.957196	0.982663	1.02912	1.09693	1.17463	1.25125	1.30954	1.34252	1.32126	1.22735	1.0592	0.82708	0.533164	0.207826	-0.123493	-0.428347	-0.677115	-0.84407	-0.928234	-0.922577	-0.825978	-0.645308	-0.417007	-0.173513	0.0596263	0.242691	0.345742	0.386492	0.391512	0.373327	0.333284	0.279936	0.210993	0.131412	0.062909	0.0227817	0.0104988	0.0136019	0.0358886	0.0575214	0.0755981	0.076273	0.0540837	0.0234095	-0.00508305	-0.013833	-0.0175139	-0.0271643	-0.0453593	-0.0654914	-0.0757539	-0.0717101	-0.0540982	-0.0466393	-0.0597502	-0.0858329	-0.127314	-0.186853	-0.26216	-0.349939	-0.455364	-0.578539	-0.694654	-0.791625	-0.868854	-0.903384	-0.887935	-0.828912	-0.720589	-0.571652	-0.39571	-0.20069	0	
0	0.13316	0.243002	0.316953	0.365586	0.38509	0.370883	0.303616	0.182031	0.0234244	-0.152622	-0.320519	-0.471139	-0.583629	-0.636443	-0.613717	-0.505306	-0.326809	-0.102437	0.142709	0.377299	0.594679	0.772041	0.901164	0.978969	1.01888	1.04307	1.06324	1.08828	1.12874	1.18782	1.25125	1.30158	1.33105	1.33662	1.29152	1.18402	1.00976	0.776284	0.492735	0.180906	-0.142484	-0.437006	-0.67672	-0.836548	-0.909127	-0.89353	-0.788832	-0.599132	-0.363976	-0.11935	0.11459	0.297242	0.40177	0.442527	0.447755	0.425874	0.38258	0.327647	0.258165	0.178656	0.107829	0.0662249	0.0509346	0.0555298	0.0733802	0.0893311	0.102579	0.0961278	0.0719284	0.0401946	0.0176521	0.0113137	0.0120364	0.0121668	-0.00555279	-0.0307578	-0.0546071	-0.0664576	-0.0627175	-0.0656209	-0.0825109	-0.11011	-0.15016	-0.210316	-0.285434	-0.368806	-0.467037	-0.577788	-0.685892	-0.781332	-0.855901	-0.88699	-0.866779	-0.803293	-0.694285	-0.546156	-0.372551	-0.186043	0	
0	0.137878	0.253276	0.332972	0.382812	0.397593	0.371284	0.289986	0.155706	-0.00921385	-0.183996	-0.340647	-0.473933	-0.56318	-0.599417	-0.56376	-0.452254	-0.271143	-0.0429461	0.204405	0.44235	0.660288	0.840636	0.976686	1.06372	1.11466	1.15065	1.17727	1.1999	1.22983	1.27105	1.30954	1.33105	1.32599	1.30163	1.2417	1.12704	0.954055	0.731829	0.46499	0.169598	-0.135391	-0.41264	-0.641	-0.78685	-0.845519	-0.821008	-0.717086	-0.530554	-0.301173	-0.0577101	0.17188	0.356814	0.468272	0.511749	0.510746	0.483674	0.441298	0.388037	0.323669	0.252537	0.188109	0.143423	0.12117	0.116576	0.123978	0.132012	0.139281	0.129157	0.102685	0.070638	0.048159	0.0412997	0.0444507	0.0505317	0.0405229	0.0156142	-0.0178673	-0.0473039	-0.0659486	-0.0828284	-0.1062	-0.139136	-0.181701	-0.238762	-0.310923	-0.397392	-0.491335	-0.586935	-0.677183	-0.754249	-0.810354	-0.818626	-0.781616	-0.720081	-0.620226	-0.480335	-0.323047	-0.161683	0	
0	0.134231	0.248564	0.32904	0.377956	0.386465	0.348047	0.25297	0.108041	-0.0599727	-0.229152	-0.371342	-0.483438	-0.548511	-0.563594	-0.515306	-0.398036	-0.2166	0.0153207	0.265685	0.50882	0.72913	0.914298	1.05592	1.15175	1.20965	1.25341	1.28058	1.29696	1.30999	1.32808	1.34252	1.33662	1.30163	1.2568	1.18409	1.06902	0.905115	0.691951	0.441418	0.1676	-0.115294	-0.369012	-0.571995	-0.697705	-0.743245	-0.718053	-0.622825	-0.453505	-0.241747	-0.0123162	0.210318	0.399321	0.51776	0.566139	0.566259	0.544045	0.506501	0.46084	0.408033	0.350593	0.290484	0.239807	0.207971	0.192141	0.189536	0.192899	0.196297	0.182879	0.156321	0.120754	0.0947309	0.0836528	0.0833728	0.0897729	0.0836366	0.0618854	0.0237302	-0.0173753	-0.0561672	-0.0931429	-0.12709	-0.167755	-0.216115	-0.274022	-0.345367	-0.428857	-0.515778	-0.594152	-0.654614	-0.702011	-0.728744	-0.708368	-0.654935	-0.590189	-0.505771	-0.394404	-0.263417	-0.130026	0	
0	0.126771	0.23792	0.316258	0.364809	0.365241	0.314907	0.204255	0.046823	-0.124876	-0.291012	-0.41984	-0.513928	-0.55691	-0.551216	-0.489051	-0.364651	-0.18093	0.0555881	0.311168	0.563405	0.787519	0.978346	1.12487	1.22337	1.28547	1.32664	1.34816	1.35025	1.33978	1.32932	1.32126	1.29152	1.2417	1.18409	1.11056	1.00407	0.852344	0.649739	0.41932	0.162916	-0.0932306	-0.317962	-0.494263	-0.598226	-0.627737	-0.600771	-0.517686	-0.37526	-0.190109	0.0231288	0.235431	0.416744	0.539386	0.600273	0.612942	0.602147	0.582292	0.554819	0.513331	0.46044	0.39358	0.332971	0.288598	0.262779	0.255929	0.261941	0.266349	0.25348	0.230337	0.194578	0.16566	0.150431	0.142517	0.13787	0.129102	0.106114	0.0636133	0.0177328	-0.0335051	-0.0845903	-0.13538	-0.195622	-0.25611	-0.318835	-0.390352	-0.466884	-0.533683	-0.57868	-0.604145	-0.617152	-0.605136	-0.557333	-0.496452	-0.439039	-0.380304	-0.300489	-0.200236	-0.102049	0	
0	0.11449	0.213512	0.290157	0.33042	0.325552	0.260891	0.134125	-0.0325344	-0.212295	-0.370235	-0.491052	-0.567297	-0.592668	-0.569542	-0.495015	-0.365146	-0.181119	0.0573351	0.319499	0.579442	0.813177	1.01036	1.16112	1.26374	1.32241	1.35564	1.36424	1.34365	1.30318	1.26334	1.22735	1.18402	1.12704	1.06902	1.00407	0.917439	0.782955	0.600115	0.387943	0.15258	-0.0751794	-0.271751	-0.420252	-0.504214	-0.52731	-0.50699	-0.436671	-0.317369	-0.152011	0.0422751	0.235411	0.40572	0.530599	0.603221	0.633296	0.64906	0.659502	0.65155	0.621847	0.568923	0.495512	0.420668	0.362478	0.326938	0.31771	0.332343	0.34062	0.335336	0.318504	0.283232	0.250809	0.228961	0.210593	0.190551	0.175372	0.153051	0.112321	0.0649431	0.00721786	-0.056205	-0.126781	-0.210475	-0.296342	-0.37164	-0.438705	-0.501114	-0.537341	-0.53775	-0.51844	-0.494567	-0.455236	-0.391164	-0.324627	-0.274446	-0.241964	-0.198319	-0.133835	-0.0708104	0	
0	0.0931156	0.177388	0.239674	0.273277	0.255658	0.177879	0.0356549	-0.14333	-0.327371	-0.481482	-0.594181	-0.656767	-0.669342	-0.633282	-0.547186	-0.416316	-0.230701	0.00564061	0.271272	0.541153	0.781923	0.986301	1.1413	1.24202	1.29373	1.3143	1.30031	1.25596	1.18553	1.11444	1.0592	1.00976	0.954055	0.905115	0.852344	0.782955	0.668854	0.511961	0.324514	0.121813	-0.0710944	-0.23886	-0.370789	-0.448364	-0.476939	-0.464105	-0.405665	-0.304555	-0.159733	0.0141744	0.19512	0.358953	0.486304	0.576019	0.633532	0.677609	0.709457	0.723314	0.709001	0.663252	0.587414	0.504553	0.435689	0.384516	0.372481	0.390582	0.40872	0.416659	0.40803	0.376584	0.336355	0.306772	0.277784	0.245138	0.227282	0.207716	0.170018	0.121256	0.0560291	-0.0232588	-0.112579	-0.214607	-0.316313	-0.399716	-0.465967	-0.507581	-0.509404	-0.473621	-0.412637	-0.353782	-0.295796	-0.225349	-0.161031	-0.115639	-0.0925684	-0.0711985	-0.0415374	-0.0216745	0	
0	0.0654872	0.125458	0.169348	0.18779	0.156174	0.0631517	-0.0944055	-0.285585	-0.474039	-0.626604	-0.731531	-0.785038	-0.78898	-0.7411	-0.64863	-0.511882	-0.326498	-0.0933859	0.177309	0.450517	0.69884	0.905999	1.05611	1.14821	1.18479	1.18081	1.14532	1.07661	0.982296	0.893515	0.82708	0.776284	0.731829	0.691951	0.649739	0.600115	0.511961	0.385691	0.230915	0.0638105	-0.0995082	-0.246032	-0.362468	-0.435798	-0.473246	-0.472386	-0.429943	-0.351754	-0.230981	-0.0755582	0.0989319	0.263341	0.405134	0.520002	0.605055	0.667794	0.715622	0.745531	0.745758	0.712235	0.646527	0.570507	0.494825	0.433474	0.415548	0.43391	0.461162	0.480465	0.482494	0.455877	0.415058	0.382168	0.346327	0.307938	0.285667	0.265283	0.225493	0.16654	0.0903884	-0.000529001	-0.101898	-0.206331	-0.302678	-0.381374	-0.438675	-0.464888	-0.446236	-0.384025	-0.299161	-0.217204	-0.13964	-0.0663236	-0.00336831	0.0454631	0.062683	0.060578	0.0550638	0.0320194	0	
0	0.0323265	0.0621461	0.0813303	0.0794727	0.0315831	-0.0772207	-0.248196	-0.450363	-0.642749	-0.793877	-0.892061	-0.939671	-0.935917	-0.882069	-0.781368	-0.640078	-0.454293	-0.223846	0.0457812	0.319084	0.57112	0.772723	0.914647	0.989893	1.00224	0.971992	0.908887	0.815524	0.705742	0.60396	0.533164	0.492735	0.46499	0.441418	0.41932	0.387943	0.324514	0.230915	0.107081	-0.0302203	-0.167333	-0.293467	-0.401737	-0.477038	-0.522274	-0.530569	-0.509397	-0.452671	-0.356564	-0.222392	-0.0571093	0.11703	0.280048	0.419563	0.530155	0.610666	0.669141	0.707956	0.721754	0.702956	0.653306	0.590639	0.520898	0.461989	0.443708	0.458532	0.488192	0.512175	0.518775	0.501725	0.472244	0.447383	0.414046	0.372526	0.338442	0.308242	0.262078	0.193638	0.111259	0.0146104	-0.0866648	-0.179409	-0.261523	-0.324205	-0.365463	-0.378507	-0.346448	-0.271476	-0.168266	-0.0658611	0.0168533	0.0889477	0.14887	0.186533	0.197456	0.181788	0.141703	0.0778164	0	
0	-0.00314239	-0.00638678	-0.0153543	-0.0396425	-0.103757	-0.225069	-0.405055	-0.614004	-0.808206	-0.957774	-1.05123	-1.09595	-1.09027	-1.03455	-0.93049	-0.784393	-0.598341	-0.369395	-0.103586	0.168306	0.417706	0.61051	0.735098	0.784246	0.763782	0.700419	0.605634	0.494146	0.374778	0.27279	0.207826	0.180906	0.169598	0.1676	0.162916	0.15258	0.121813	0.0638105	-0.0302203	-0.141572	-0.265674	-0.388603	-0.495499	-0.570952	-0.619448	-0.640532	-0.635197	-0.595456	-0.52517	-0.412807	-0.250255	-0.0643862	0.109473	0.265489	0.396759	0.49646	0.567374	0.620086	0.648791	0.64103	0.60565	0.558185	0.501484	0.453226	0.436044	0.445804	0.473039	0.495696	0.504952	0.500045	0.492878	0.484633	0.462178	0.423486	0.374105	0.328874	0.273297	0.201377	0.120824	0.0243863	-0.0716735	-0.149608	-0.207561	-0.244131	-0.259045	-0.244075	-0.198937	-0.12717	-0.0216779	0.0892881	0.170526	0.23319	0.284655	0.313567	0.311565	0.273867	0.206082	0.113145	0	
0	-0.0361372	-0.0687601	-0.107213	-0.150207	-0.229925	-0.357319	-0.540379	-0.75142	-0.942375	-1.09124	-1.17789	-1.22261	-1.21469	-1.16079	-1.05248	-0.90292	-0.714137	-0.488519	-0.232546	0.0298217	0.264045	0.43779	0.535906	0.549944	0.495734	0.398101	0.278341	0.153396	0.0323008	-0.0667329	-0.123493	-0.142484	-0.135391	-0.115294	-0.0932306	-0.0751794	-0.0710944	-0.0995082	-0.167333	-0.265674	-0.388083	-0.508152	-0.615578	-0.694637	-0.750001	-0.780743	-0.79234	-0.768723	-0.712403	-0.605887	-0.446809	-0.265021	-0.0901389	0.0697677	0.211668	0.32697	0.415068	0.484686	0.525778	0.53325	0.513002	0.479476	0.432301	0.39007	0.371769	0.376556	0.406957	0.436589	0.45348	0.462422	0.471721	0.473756	0.460876	0.425195	0.368713	0.312958	0.251695	0.183967	0.108753	0.0234437	-0.0564487	-0.116073	-0.145782	-0.148652	-0.127934	-0.0833952	-0.0241922	0.0464534	0.138055	0.235342	0.311742	0.36887	0.407777	0.420635	0.399503	0.337626	0.243428	0.128289	0	
0	-0.0649175	-0.12903	-0.189129	-0.25467	-0.339092	-0.468207	-0.642201	-0.844227	-1.02541	-1.16466	-1.2439	-1.28336	-1.27656	-1.22206	-1.11675	-0.961006	-0.774509	-0.552271	-0.311065	-0.0671489	0.143637	0.291808	0.353839	0.33279	0.239291	0.109039	-0.0327418	-0.169206	-0.28921	-0.379433	-0.428347	-0.437006	-0.41264	-0.369012	-0.317962	-0.271751	-0.23886	-0.246032	-0.293467	-0.388603	-0.508152	-0.631204	-0.74162	-0.829061	-0.890156	-0.938186	-0.963055	-0.943115	-0.887737	-0.787828	-0.644684	-0.470543	-0.302626	-0.147984	-0.00414921	0.12362	0.227302	0.308821	0.369762	0.399228	0.39855	0.375887	0.330642	0.285707	0.254203	0.253998	0.290655	0.333281	0.36426	0.380668	0.394439	0.39699	0.387636	0.360754	0.31045	0.256255	0.200403	0.140333	0.072202	-0.000726172	-0.061206	-0.0900157	-0.0855728	-0.0524491	0.0110327	0.0868559	0.157608	0.227932	0.307807	0.381775	0.433805	0.475414	0.503563	0.501077	0.458054	0.376585	0.265785	0.134888	0	
