0	0	0	0	0	0	0	0	0	0	0	0	0	0	0	0	0	0	0	0	0	0	0	0	0	0	0	0	0	0	0	0	0	0	0	0	0	0	0	0	0	0	0	0	0	0	0	0	0	0	0	0	0	0	0	0	0	0	0	0	0	0	0	0	0	0	0	0	0	0	0	0	0	0	0	0	0	0	0	0	0	0	0	0	0	0	0	0	0	0	0	0	0	0	0	0	0	0	0	0	
0	0.0428797	0.077367	0.0986457	0.106726	0.105935	0.104258	0.107966	0.116654	0.125413	0.127858	0.119235	0.0992435	0.068331	0.0287975	-0.0199003	-0.0722672	-0.125973	-0.175448	-0.212458	-0.229763	-0.229343	-0.219181	-0.203318	-0.185582	-0.171812	-0.163944	-0.161517	-0.162537	-0.165961	-0.17034	-0.175027	-0.178188	-0.18056	-0.18419	-0.191192	-0.202113	-0.214623	-0.225791	-0.233296	-0.231142	-0.212466	-0.176825	-0.127807	-0.0702753	-0.0074276	0.0553801	0.113868	0.163655	0.20247	0.228934	0.241978	0.239324	0.227345	0.207277	0.178966	0.145012	0.105875	0.067024	0.0320919	0.00297312	-0.0147914	-0.0193562	-0.0128157	0.00257662	0.0196848	0.0337595	0.0432283	0.0480177	0.0481325	0.0461497	0.0430707	0.0404464	0.0388023	0.0455652	0.0653593	0.0965736	0.137874	0.179768	0.215132	0.23571	0.244063	0.247326	0.246135	0.245893	0.245724	0.240495	0.229943	0.214334	0.195651	0.17766	0.160264	0.143567	0.126378	0.106627	0.0849143	0.0627235	0.0411283	0.0196111	0	
0	0.077367	0.142092	0.189365	0.213391	0.222802	0.224103	0.232258	0.244929	0.258919	0.263516	0.250575	0.21608	0.158213	0.0792385	-0.0188892	-0.122801	-0.224988	-0.315392	-0.382637	-0.415518	-0.419966	-0.409024	-0.384945	-0.354077	-0.325325	-0.30711	-0.300165	-0.30094	-0.306825	-0.313442	-0.318036	-0.322917	-0.326149	-0.337269	-0.353805	-0.375211	-0.394494	-0.407898	-0.412807	-0.405783	-0.370709	-0.308372	-0.220749	-0.11252	0.0105227	0.136641	0.253961	0.351188	0.41996	0.463309	0.479024	0.467274	0.441202	0.404051	0.350114	0.285378	0.210623	0.134459	0.0680804	0.0163747	-0.0131963	-0.0186762	-0.00353508	0.0272751	0.0590174	0.0875997	0.108256	0.117526	0.115911	0.107859	0.0990151	0.0909911	0.0883264	0.102905	0.138711	0.192076	0.258572	0.327853	0.388453	0.428554	0.453026	0.464269	0.462382	0.458005	0.452001	0.440388	0.425844	0.407543	0.381467	0.352347	0.318357	0.279305	0.240784	0.20101	0.159829	0.121117	0.0824776	0.0398733	0	
0	0.0986457	0.189365	0.265401	0.320129	0.350955	0.36565	0.376757	0.389081	0.40158	0.406997	0.39287	0.35014	0.269763	0.15462	0.0090477	-0.141057	-0.282337	-0.402449	-0.490036	-0.536344	-0.550656	-0.54805	-0.526794	-0.488081	-0.447111	-0.416214	-0.400362	-0.396449	-0.399169	-0.402228	-0.405244	-0.408428	-0.417569	-0.437427	-0.465632	-0.494692	-0.513528	-0.518696	-0.514463	-0.495479	-0.446407	-0.362093	-0.243176	-0.0944622	0.0787549	0.257263	0.421403	0.551919	0.640923	0.689747	0.702739	0.679186	0.638872	0.582373	0.504779	0.411202	0.30405	0.201611	0.116252	0.0516265	0.0180932	0.0159859	0.0377981	0.0802711	0.128754	0.173612	0.208259	0.226645	0.223654	0.206202	0.183528	0.16707	0.16045	0.178406	0.223349	0.283356	0.357484	0.433421	0.50615	0.559538	0.594779	0.617177	0.616668	0.606784	0.594919	0.579046	0.564934	0.548969	0.524412	0.491421	0.445824	0.392663	0.337917	0.28196	0.227315	0.174196	0.119731	0.0593892	0	
0	0.106726	0.213391	0.320129	0.408422	0.471632	0.502689	0.520153	0.527807	0.535678	0.538224	0.52319	0.47422	0.377545	0.233797	0.0523736	-0.132484	-0.301996	-0.442391	-0.545088	-0.601362	-0.625013	-0.63321	-0.617126	-0.577131	-0.52632	-0.482803	-0.453445	-0.435753	-0.428025	-0.425095	-0.425707	-0.43564	-0.450857	-0.48155	-0.515426	-0.544511	-0.556344	-0.550521	-0.532683	-0.503651	-0.437362	-0.332012	-0.187633	-0.00955495	0.193228	0.398694	0.583921	0.729615	0.824536	0.878561	0.891128	0.861303	0.809046	0.73647	0.632762	0.511249	0.380251	0.260684	0.171177	0.11272	0.0883862	0.0935091	0.122851	0.175059	0.233629	0.295638	0.34955	0.379274	0.376265	0.347671	0.310656	0.278643	0.262453	0.278238	0.321501	0.377281	0.441242	0.507399	0.571134	0.619714	0.6595	0.68509	0.686187	0.677498	0.663835	0.644307	0.627151	0.610508	0.584573	0.553904	0.512748	0.460488	0.406028	0.345262	0.278096	0.211976	0.14429	0.0694781	0	
0	0.105935	0.222802	0.350955	0.471632	0.561672	0.612834	0.635876	0.642145	0.642524	0.63886	0.617104	0.561065	0.45285	0.295217	0.0961569	-0.105664	-0.291408	-0.446979	-0.561374	-0.625138	-0.653849	-0.66735	-0.656964	-0.617009	-0.561877	-0.507779	-0.461759	-0.426195	-0.40244	-0.389956	-0.391128	-0.403506	-0.42636	-0.459737	-0.494234	-0.52022	-0.525332	-0.510503	-0.484478	-0.441657	-0.358883	-0.231977	-0.06797	0.120872	0.327526	0.528967	0.707836	0.847433	0.944273	1.00391	1.02668	1.00023	0.944287	0.855162	0.72878	0.583236	0.433824	0.312696	0.234809	0.193509	0.188406	0.211186	0.251323	0.31241	0.383185	0.455661	0.517131	0.552147	0.54832	0.514195	0.468432	0.430713	0.405434	0.408817	0.43862	0.474232	0.51582	0.5562	0.597223	0.624327	0.644535	0.664953	0.66794	0.664853	0.658243	0.63807	0.612941	0.584379	0.551047	0.521864	0.489468	0.453155	0.411941	0.356908	0.290711	0.21982	0.146906	0.070251	0	
0	0.104258	0.224103	0.36565	0.502689	0.612834	0.677683	0.71221	0.720847	0.719029	0.707129	0.676956	0.612749	0.50115	0.34329	0.145115	-0.0595069	-0.254372	-0.423468	-0.55178	-0.624023	-0.656187	-0.672905	-0.662836	-0.621086	-0.557978	-0.490954	-0.429097	-0.375558	-0.337865	-0.316308	-0.310591	-0.321789	-0.340438	-0.373927	-0.407983	-0.433353	-0.436473	-0.416638	-0.38099	-0.328983	-0.231965	-0.0940733	0.0729709	0.255355	0.444921	0.625167	0.782362	0.907137	0.995229	1.05872	1.08935	1.07181	1.0196	0.931028	0.79758	0.643995	0.492626	0.376332	0.314228	0.296857	0.316956	0.359435	0.416885	0.489236	0.55994	0.628057	0.683783	0.710935	0.701196	0.66598	0.6236	0.585278	0.554266	0.546622	0.55652	0.56789	0.581651	0.593515	0.601991	0.597013	0.594863	0.597131	0.590751	0.584819	0.573475	0.546204	0.511364	0.474649	0.436312	0.40881	0.384425	0.357121	0.328834	0.288639	0.235751	0.18081	0.123238	0.0577627	0	
0	0.107966	0.232258	0.376757	0.520153	0.635876	0.71221	0.757171	0.776092	0.775896	0.761594	0.72561	0.659878	0.552261	0.405197	0.217964	0.018573	-0.180169	-0.36094	-0.5035	-0.587511	-0.628517	-0.64967	-0.63993	-0.590336	-0.513935	-0.433163	-0.358112	-0.295892	-0.249051	-0.215912	-0.197223	-0.192195	-0.202152	-0.232548	-0.271003	-0.302737	-0.307126	-0.282795	-0.239643	-0.177915	-0.0768425	0.0600576	0.216411	0.376351	0.539109	0.688628	0.818215	0.919169	0.992645	1.0487	1.08295	1.07268	1.03425	0.959878	0.843295	0.707279	0.572511	0.475012	0.430245	0.42755	0.460683	0.517187	0.58212	0.655806	0.723261	0.778321	0.813871	0.824571	0.807394	0.771679	0.732936	0.69951	0.664568	0.643582	0.639273	0.634544	0.629951	0.620713	0.607018	0.575802	0.541582	0.515669	0.481879	0.449866	0.420138	0.379459	0.338851	0.301414	0.263875	0.237116	0.210596	0.18573	0.167315	0.145489	0.122176	0.0997601	0.0726352	0.0350066	0	
0	0.116654	0.244929	0.389081	0.527807	0.642145	0.720847	0.776092	0.805428	0.816101	0.809691	0.784256	0.730415	0.638498	0.507912	0.335228	0.14404	-0.0543255	-0.241901	-0.396156	-0.495125	-0.549333	-0.580143	-0.570114	-0.511088	-0.420729	-0.328115	-0.24934	-0.186255	-0.13807	-0.0974792	-0.0645498	-0.04635	-0.0461362	-0.0748248	-0.115346	-0.146843	-0.147149	-0.1143	-0.0630528	-0.000152553	0.0959412	0.218303	0.3511	0.481177	0.608188	0.723798	0.820613	0.893596	0.944054	0.986963	1.01649	1.01558	0.996211	0.953563	0.875159	0.776327	0.674522	0.60006	0.569362	0.572948	0.607373	0.658377	0.718751	0.783203	0.83209	0.865676	0.883428	0.879807	0.851063	0.809476	0.766244	0.725876	0.68555	0.663938	0.658641	0.652157	0.645445	0.631132	0.604897	0.554852	0.496552	0.435052	0.360501	0.288495	0.225524	0.168446	0.124339	0.0911718	0.0593077	0.0336719	0.00783743	-0.0143742	-0.0223893	-0.0225912	-0.0181843	-0.00674681	0.00258101	-0.00073862	0	
0	0.125413	0.258919	0.40158	0.535678	0.642524	0.719029	0.775896	0.816101	0.842839	0.862053	0.866579	0.843705	0.778102	0.667598	0.509992	0.327642	0.132904	-0.0566254	-0.220029	-0.332445	-0.403092	-0.44583	-0.442171	-0.383473	-0.290302	-0.198728	-0.122702	-0.06503	-0.0193792	0.0215767	0.0561928	0.0775702	0.0795041	0.0551376	0.0228296	0.00392267	0.0198166	0.0653641	0.122711	0.183418	0.266142	0.368745	0.473228	0.566775	0.655775	0.731927	0.794046	0.837866	0.866066	0.895334	0.925274	0.935879	0.94356	0.938442	0.903785	0.847967	0.781107	0.729383	0.707109	0.709604	0.733943	0.771846	0.810905	0.850348	0.876671	0.887484	0.881265	0.856894	0.812897	0.753292	0.695046	0.648291	0.608288	0.590979	0.596974	0.604979	0.606246	0.59628	0.570769	0.514107	0.436699	0.345944	0.236827	0.13133	0.0447597	-0.0274953	-0.0780013	-0.113451	-0.146388	-0.167973	-0.187334	-0.197345	-0.18816	-0.1714	-0.145786	-0.110112	-0.0727152	-0.0393321	0	
0	0.127858	0.263516	0.406997	0.538224	0.63886	0.707129	0.761594	0.809691	0.862053	0.921689	0.97635	1.00015	0.970469	0.884087	0.741525	0.566656	0.373466	0.179153	0.00738904	-0.119145	-0.204863	-0.264646	-0.279395	-0.239014	-0.163042	-0.0833212	-0.0155532	0.0375232	0.0776921	0.110325	0.134181	0.146274	0.144915	0.127158	0.110506	0.114035	0.150827	0.211752	0.273668	0.328265	0.396221	0.476262	0.553609	0.617007	0.67249	0.718939	0.753553	0.772543	0.782602	0.802117	0.832761	0.862333	0.899416	0.932453	0.939843	0.91848	0.87644	0.839698	0.824035	0.823119	0.835989	0.850574	0.862585	0.869285	0.859926	0.839029	0.807687	0.75863	0.683511	0.596549	0.51602	0.45614	0.419405	0.420296	0.449228	0.477605	0.499599	0.506503	0.489574	0.434625	0.35184	0.251702	0.13366	0.0180031	-0.0806044	-0.164172	-0.229004	-0.276147	-0.310928	-0.327856	-0.333195	-0.327268	-0.30693	-0.279376	-0.245107	-0.196413	-0.136461	-0.0743858	0	
0	0.119235	0.250575	0.39287	0.52319	0.617104	0.676956	0.72561	0.784256	0.866579	0.97635	1.09009	1.1687	1.1826	1.12479	1.00061	0.831529	0.63509	0.433106	0.250968	0.113536	0.0113379	-0.0712867	-0.117839	-0.113709	-0.0682388	-0.00965352	0.0469275	0.0920007	0.122665	0.141658	0.151098	0.151871	0.146101	0.133312	0.129428	0.151464	0.207889	0.282371	0.350003	0.400697	0.453724	0.515735	0.571806	0.614264	0.651825	0.682063	0.702135	0.709243	0.707755	0.721255	0.756997	0.801482	0.862591	0.924742	0.960155	0.963117	0.941621	0.917815	0.905716	0.902416	0.89954	0.887479	0.861591	0.829452	0.789121	0.740112	0.677971	0.594886	0.487432	0.363111	0.252958	0.180231	0.145913	0.159075	0.211609	0.276522	0.332415	0.36842	0.372623	0.331673	0.259227	0.167022	0.0604114	-0.0441676	-0.139116	-0.228499	-0.303544	-0.360807	-0.400168	-0.41268	-0.41198	-0.399831	-0.373656	-0.344125	-0.304078	-0.24606	-0.174448	-0.0930898	0	
0	0.0992435	0.21608	0.35014	0.47422	0.561065	0.612749	0.659878	0.730415	0.843705	1.00015	1.1687	1.30117	1.35979	1.33598	1.23284	1.07088	0.872243	0.664037	0.477798	0.33203	0.213926	0.104487	0.0201157	-0.0158652	-0.00621101	0.0251591	0.0596489	0.0839187	0.0951701	0.0982687	0.0963177	0.0922355	0.0846192	0.0746322	0.0779734	0.112184	0.182442	0.26928	0.342636	0.392211	0.437789	0.487545	0.5329	0.566239	0.594809	0.619119	0.634611	0.634982	0.63097	0.644673	0.685044	0.744461	0.821875	0.898803	0.949743	0.96472	0.952739	0.937954	0.931309	0.921561	0.900186	0.859006	0.802658	0.739507	0.670689	0.597231	0.51098	0.398808	0.253938	0.098468	-0.0369365	-0.129797	-0.169924	-0.145951	-0.0673377	0.0314172	0.128263	0.20369	0.238678	0.223946	0.173995	0.107717	0.0273018	-0.0596372	-0.144647	-0.229108	-0.304568	-0.362778	-0.402169	-0.419701	-0.421882	-0.411529	-0.387462	-0.353249	-0.308891	-0.247883	-0.173027	-0.0922008	0	
0	0.068331	0.158213	0.269763	0.377545	0.45285	0.50115	0.552261	0.638498	0.778102	0.970469	1.1826	1.35979	1.46168	1.47098	1.39165	1.24024	1.04516	0.838521	0.651833	0.497945	0.360393	0.222604	0.104457	0.0329098	0.0079826	0.0059357	0.00538214	-0.00316472	-0.0177568	-0.0306428	-0.0376366	-0.0416625	-0.0470361	-0.0523379	-0.0433619	0.000722288	0.081675	0.17764	0.258254	0.313123	0.358582	0.407998	0.449674	0.479178	0.501735	0.521281	0.532038	0.532499	0.530269	0.549878	0.600906	0.674103	0.76236	0.847623	0.903389	0.92082	0.913397	0.899541	0.887231	0.869433	0.834321	0.776439	0.702671	0.625347	0.543988	0.449406	0.332712	0.187238	0.0156081	-0.16648	-0.323366	-0.427695	-0.470046	-0.441679	-0.349344	-0.220515	-0.0888842	0.0233136	0.0988131	0.12936	0.125565	0.0943525	0.0394239	-0.029545	-0.104502	-0.178495	-0.243366	-0.297162	-0.337965	-0.362743	-0.374948	-0.369759	-0.344081	-0.305464	-0.255184	-0.194776	-0.131383	-0.0671963	0	
0	0.0287975	0.0792385	0.15462	0.233797	0.295217	0.34329	0.405197	0.507912	0.667598	0.884087	1.12479	1.33598	1.47098	1.50942	1.45258	1.3173	1.13362	0.934145	0.747215	0.581605	0.421462	0.258667	0.111724	0.00752808	-0.0558666	-0.101039	-0.144817	-0.191331	-0.231883	-0.256022	-0.263032	-0.257334	-0.249029	-0.238462	-0.213747	-0.157586	-0.0690257	0.0304061	0.11266	0.170735	0.221107	0.275062	0.324071	0.359172	0.383285	0.400609	0.408217	0.403796	0.403061	0.429038	0.491225	0.581078	0.682166	0.772377	0.827728	0.841808	0.828453	0.809684	0.793495	0.771282	0.732833	0.676666	0.606657	0.525932	0.431588	0.315756	0.171558	-0.00417681	-0.205093	-0.406346	-0.575569	-0.690794	-0.734669	-0.699041	-0.5922	-0.446897	-0.292963	-0.147027	-0.0272481	0.0566659	0.103219	0.115458	0.0925396	0.0430159	-0.0168537	-0.0785083	-0.135022	-0.183377	-0.223078	-0.252165	-0.267569	-0.267048	-0.24868	-0.215238	-0.173017	-0.125084	-0.0787124	-0.0385697	0	
0	-0.0199003	-0.0188892	0.0090477	0.0523736	0.0961569	0.145115	0.217964	0.335228	0.509992	0.741525	1.00061	1.23284	1.39165	1.45258	1.41977	1.30554	1.13937	0.947191	0.759087	0.580032	0.402676	0.2203	0.0485182	-0.0908298	-0.199734	-0.291043	-0.377952	-0.457884	-0.518997	-0.551616	-0.552474	-0.530114	-0.497495	-0.458179	-0.408654	-0.332463	-0.233697	-0.13178	-0.0513509	0.00565271	0.0561451	0.115548	0.173095	0.220546	0.250399	0.270041	0.274298	0.267516	0.267841	0.299169	0.367966	0.465727	0.56751	0.652551	0.702184	0.71086	0.697829	0.681108	0.668971	0.655723	0.631833	0.591149	0.532991	0.457415	0.356928	0.221824	0.0517197	-0.148696	-0.370421	-0.591194	-0.776617	-0.899083	-0.939433	-0.897047	-0.783952	-0.625569	-0.449863	-0.274498	-0.115868	0.0119168	0.0995759	0.144713	0.150929	0.130959	0.0949862	0.0538039	0.0108311	-0.0315248	-0.0650259	-0.09203	-0.108591	-0.114272	-0.111364	-0.0981521	-0.078894	-0.0560819	-0.0340747	-0.0157845	0	
0	-0.0722672	-0.122801	-0.141057	-0.132484	-0.105664	-0.0595069	0.018573	0.14404	0.327642	0.566656	0.831529	1.07088	1.24024	1.3173	1.30554	1.2139	1.06272	0.879346	0.691932	0.513067	0.331642	0.142889	-0.0486002	-0.223059	-0.376711	-0.512527	-0.638726	-0.749158	-0.831293	-0.870251	-0.86423	-0.820919	-0.758402	-0.684425	-0.600019	-0.495458	-0.378107	-0.269105	-0.189932	-0.135278	-0.0852732	-0.023041	0.0435313	0.0992507	0.133621	0.151953	0.153708	0.146055	0.149425	0.182294	0.248867	0.339491	0.427601	0.497559	0.533122	0.536677	0.524542	0.515683	0.517428	0.526825	0.529515	0.518122	0.482367	0.415267	0.313709	0.17054	-0.012214	-0.230414	-0.470058	-0.705078	-0.898511	-1.02386	-1.06058	-1.01239	-0.892393	-0.723323	-0.532097	-0.335822	-0.156854	-0.0115195	0.0917101	0.156059	0.189223	0.201519	0.197881	0.183634	0.162531	0.138848	0.118946	0.100537	0.0872118	0.0753845	0.0621109	0.0490303	0.0345992	0.0205593	0.00904236	0.00376843	0	
0	-0.125973	-0.224988	-0.282337	-0.301996	-0.291408	-0.254372	-0.180169	-0.0543255	0.132904	0.373466	0.63509	0.872243	1.04516	1.13362	1.13937	1.06272	0.923988	0.746473	0.570763	0.401969	0.230804	0.0429974	-0.160744	-0.361244	-0.55002	-0.721025	-0.880023	-1.01878	-1.11764	-1.16255	-1.14769	-1.08608	-0.99633	-0.888569	-0.769053	-0.632459	-0.492543	-0.369993	-0.282089	-0.220049	-0.162725	-0.0971679	-0.0329034	0.0189403	0.0424035	0.0527735	0.0523128	0.0470935	0.0548564	0.0866263	0.139528	0.211809	0.27894	0.327024	0.348926	0.344263	0.331072	0.327565	0.34635	0.381761	0.42083	0.448176	0.445377	0.404005	0.315822	0.17699	-0.0101108	-0.237764	-0.490889	-0.734096	-0.929804	-1.05568	-1.08915	-1.03988	-0.920888	-0.750062	-0.551481	-0.350704	-0.170747	-0.0249745	0.0816788	0.159054	0.212386	0.250812	0.274869	0.290812	0.299479	0.301592	0.302994	0.294094	0.285393	0.272235	0.247197	0.218051	0.177096	0.128711	0.0822517	0.0395405	0	
0	-0.175448	-0.315392	-0.402449	-0.442391	-0.446979	-0.423468	-0.36094	-0.241901	-0.0566254	0.179153	0.433106	0.664037	0.838521	0.934145	0.947191	0.879346	0.746473	0.582629	0.422166	0.272508	0.11264	-0.0690831	-0.275708	-0.488641	-0.699493	-0.896336	-1.08445	-1.24552	-1.35964	-1.40576	-1.3826	-1.30117	-1.18333	-1.04137	-0.887815	-0.723529	-0.563255	-0.424093	-0.321143	-0.24259	-0.176418	-0.11443	-0.0618891	-0.0276588	-0.0184942	-0.0164814	-0.0192877	-0.0218237	-0.0135513	0.0092846	0.0478567	0.103071	0.15129	0.18381	0.186639	0.167226	0.144185	0.142148	0.17466	0.241242	0.319377	0.387288	0.421755	0.411896	0.353742	0.236029	0.060605	-0.165851	-0.420095	-0.6675	-0.870784	-1.00448	-1.04767	-1.00717	-0.894918	-0.726483	-0.532733	-0.344653	-0.180158	-0.0436685	0.0671221	0.156742	0.227741	0.289004	0.337233	0.37959	0.41677	0.445808	0.468304	0.474466	0.471578	0.454396	0.418422	0.371177	0.312351	0.242209	0.164749	0.0861022	0	
0	-0.212458	-0.382637	-0.490036	-0.545088	-0.561374	-0.55178	-0.5035	-0.396156	-0.220029	0.00738904	0.250968	0.477798	0.651833	0.747215	0.759087	0.691932	0.570763	0.422166	0.282415	0.145971	-0.00367467	-0.177349	-0.376113	-0.587754	-0.806571	-1.01917	-1.22369	-1.40097	-1.5228	-1.57065	-1.53686	-1.43598	-1.28908	-1.11679	-0.935838	-0.750238	-0.571882	-0.415077	-0.293235	-0.202782	-0.134282	-0.0849785	-0.0537885	-0.0363643	-0.0413409	-0.0483433	-0.0541863	-0.060149	-0.0552144	-0.0357218	-0.00625739	0.038135	0.0747712	0.0845667	0.061938	0.0194909	-0.0163689	-0.0169043	0.0351086	0.126512	0.233767	0.334811	0.402466	0.430168	0.407218	0.326349	0.181598	-0.0240647	-0.271015	-0.519038	-0.733001	-0.892354	-0.959755	-0.935538	-0.833121	-0.676275	-0.498433	-0.330423	-0.18308	-0.0563447	0.05207	0.150631	0.236161	0.318251	0.392449	0.459433	0.518151	0.56584	0.603328	0.617831	0.618944	0.596227	0.545924	0.487031	0.413928	0.327734	0.231586	0.1211	0	
0	-0.229763	-0.415518	-0.536344	-0.601362	-0.625138	-0.624023	-0.587511	-0.495125	-0.332445	-0.119145	0.113536	0.33203	0.497945	0.581605	0.580032	0.513067	0.401969	0.272508	0.145971	0.0200549	-0.120873	-0.280023	-0.460448	-0.656315	-0.866966	-1.07406	-1.27843	-1.45523	-1.57974	-1.62484	-1.5842	-1.46914	-1.30587	-1.11679	-0.919551	-0.718141	-0.523473	-0.3504	-0.218882	-0.124635	-0.0627084	-0.0289984	-0.0125412	-0.00897531	-0.0237573	-0.039853	-0.0559043	-0.0677853	-0.063998	-0.0463761	-0.018498	0.0200483	0.0409556	0.0305844	-0.0179562	-0.0791272	-0.123076	-0.119295	-0.0583988	0.0468475	0.170309	0.289365	0.384652	0.448645	0.469271	0.427188	0.316133	0.137134	-0.091143	-0.335293	-0.56285	-0.739764	-0.826591	-0.820176	-0.738593	-0.60418	-0.445562	-0.29553	-0.161238	-0.0422661	0.0638176	0.159814	0.246389	0.338709	0.426887	0.508683	0.580489	0.638822	0.683213	0.701191	0.701646	0.677363	0.62644	0.561901	0.479763	0.377567	0.260737	0.13558	0	
0	-0.229343	-0.419966	-0.550656	-0.625013	-0.653849	-0.656187	-0.628517	-0.549333	-0.403092	-0.204863	0.0113379	0.213926	0.360393	0.421462	0.402676	0.331642	0.230804	0.11264	-0.00367467	-0.120873	-0.247857	-0.387048	-0.541079	-0.709465	-0.891494	-1.07183	-1.25068	-1.4089	-1.51824	-1.55435	-1.50864	-1.3958	-1.23659	-1.05045	-0.850295	-0.642804	-0.442638	-0.269372	-0.140817	-0.0539877	0.000528341	0.0261732	0.0333652	0.0326059	0.0140439	-0.00912949	-0.0309351	-0.0485812	-0.0504342	-0.0365546	-0.0166223	0.00863888	0.0192648	-0.00544722	-0.0649942	-0.129418	-0.170266	-0.162941	-0.0993231	0.00366169	0.128858	0.263583	0.382543	0.47682	0.526288	0.516668	0.436876	0.28249	0.0698555	-0.165616	-0.388358	-0.568069	-0.660587	-0.663988	-0.600955	-0.492819	-0.359985	-0.225767	-0.096826	0.0171493	0.113699	0.19924	0.272774	0.35212	0.43095	0.506365	0.579995	0.64485	0.692034	0.710718	0.713069	0.693268	0.648613	0.58762	0.498992	0.385391	0.260495	0.130944	0	
0	-0.219181	-0.409024	-0.54805	-0.63321	-0.66735	-0.672905	-0.64967	-0.580143	-0.44583	-0.264646	-0.0712867	0.104487	0.222604	0.258667	0.2203	0.142889	0.0429974	-0.0690831	-0.177349	-0.280023	-0.387048	-0.501142	-0.623001	-0.752621	-0.890788	-1.02441	-1.1566	-1.27006	-1.34394	-1.35905	-1.31418	-1.21831	-1.08148	-0.915073	-0.72819	-0.534996	-0.351985	-0.196347	-0.0835431	-0.00745206	0.0402683	0.0571553	0.0595376	0.0576084	0.0437334	0.0254698	0.00449743	-0.0167002	-0.0251919	-0.0237115	-0.0196887	-0.011144	-0.0155329	-0.0473584	-0.106147	-0.160282	-0.187969	-0.16974	-0.102049	0.00136663	0.128596	0.266439	0.395945	0.504933	0.571338	0.579255	0.518751	0.383091	0.186647	-0.0321406	-0.237895	-0.398071	-0.477485	-0.478588	-0.426512	-0.335506	-0.213291	-0.0884348	0.0248221	0.119124	0.196895	0.260306	0.306898	0.357323	0.410533	0.466881	0.527747	0.586269	0.629838	0.649224	0.656175	0.641008	0.599372	0.53892	0.453503	0.348862	0.236356	0.11962	0	
0	-0.203318	-0.384945	-0.526794	-0.617126	-0.656964	-0.662836	-0.63993	-0.570114	-0.442171	-0.279395	-0.117839	0.0201157	0.104457	0.111724	0.0485182	-0.0486002	-0.160744	-0.275708	-0.376113	-0.460448	-0.541079	-0.623001	-0.703127	-0.782887	-0.8651	-0.937836	-1.00355	-1.05151	-1.07356	-1.06405	-1.02393	-0.951833	-0.84652	-0.711952	-0.559818	-0.404124	-0.257366	-0.131576	-0.0396121	0.0216699	0.0559927	0.0637177	0.0616047	0.0657922	0.0661546	0.058237	0.0406384	0.016773	0.000216066	-0.00864848	-0.0176129	-0.0271368	-0.0437097	-0.0814494	-0.136415	-0.177513	-0.187309	-0.153606	-0.0767446	0.0300811	0.159629	0.299321	0.424444	0.525266	0.585361	0.593848	0.539914	0.41467	0.235143	0.0404441	-0.132716	-0.256628	-0.307147	-0.286746	-0.218555	-0.117407	0.00321079	0.113698	0.204187	0.267378	0.309382	0.336599	0.347172	0.363478	0.385588	0.410513	0.442484	0.476665	0.504879	0.523011	0.532408	0.51845	0.477132	0.419337	0.348746	0.270728	0.188147	0.0975631	0	
0	-0.185582	-0.354077	-0.488081	-0.577131	-0.617009	-0.621086	-0.590336	-0.511088	-0.383473	-0.239014	-0.113709	-0.0158652	0.0329098	0.00752808	-0.0908298	-0.223059	-0.361244	-0.488641	-0.587754	-0.656315	-0.709465	-0.752621	-0.782887	-0.805757	-0.822523	-0.823416	-0.807843	-0.778659	-0.742906	-0.705036	-0.664773	-0.613995	-0.543387	-0.457829	-0.360954	-0.261601	-0.163128	-0.0742016	-0.00818558	0.0330077	0.0566054	0.0611909	0.064297	0.0792758	0.0902155	0.0845389	0.0634329	0.0351351	0.0170498	0.00857607	-0.00461791	-0.0239926	-0.0482993	-0.0868604	-0.134246	-0.161797	-0.157992	-0.114831	-0.0318277	0.0781676	0.205001	0.334915	0.448481	0.536365	0.580217	0.574177	0.509448	0.379378	0.209815	0.0469243	-0.0785418	-0.155314	-0.165408	-0.107836	-0.0080832	0.114387	0.245191	0.353219	0.421465	0.451055	0.4565	0.443083	0.413173	0.39022	0.374908	0.357342	0.342993	0.337071	0.334128	0.334116	0.335465	0.321515	0.293728	0.261069	0.220457	0.175067	0.124431	0.0638034	0	
0	-0.171812	-0.325325	-0.447111	-0.52632	-0.561877	-0.557978	-0.513935	-0.420729	-0.290302	-0.163042	-0.0682388	-0.00621101	0.0079826	-0.0558666	-0.199734	-0.376711	-0.55002	-0.699493	-0.806571	-0.866966	-0.891494	-0.890788	-0.8651	-0.822523	-0.766521	-0.687419	-0.59093	-0.490195	-0.401558	-0.333591	-0.288398	-0.254886	-0.225541	-0.194336	-0.158044	-0.116732	-0.0704002	-0.0263662	0.003448	0.022947	0.0383989	0.0483461	0.0618369	0.0843704	0.0993996	0.0926013	0.0677689	0.0398269	0.0261437	0.0202959	0.00709448	-0.0132304	-0.0325221	-0.0568023	-0.0848321	-0.0988604	-0.089621	-0.048326	0.0264423	0.125403	0.244339	0.365093	0.466775	0.537867	0.563221	0.534485	0.448751	0.313082	0.157469	0.023039	-0.0664262	-0.0989677	-0.0651183	0.0353575	0.176165	0.327634	0.470388	0.577576	0.639202	0.654329	0.632744	0.583686	0.512664	0.440968	0.371355	0.298358	0.234266	0.187337	0.151135	0.123255	0.104386	0.0904984	0.0838645	0.0827061	0.0763768	0.0622753	0.0426742	0.0199912	0	
0	-0.163944	-0.30711	-0.416214	-0.482803	-0.507779	-0.490954	-0.433163	-0.328115	-0.198728	-0.0833212	-0.00965352	0.0251591	0.0059357	-0.101039	-0.291043	-0.512527	-0.721025	-0.896336	-1.01917	-1.07406	-1.07183	-1.02441	-0.937836	-0.823416	-0.687419	-0.532866	-0.368236	-0.210644	-0.0768551	0.0193957	0.0691068	0.0806913	0.0704283	0.0529736	0.0367322	0.0232296	0.0123512	0.00374403	-0.00348262	-0.00352938	0.00880987	0.0264324	0.044566	0.0690603	0.0856006	0.0792134	0.0575413	0.0357929	0.0270614	0.0272821	0.0211412	0.00891571	0.00594301	0.00197464	-0.011495	-0.0219714	-0.0173983	0.0138611	0.0774599	0.168092	0.273462	0.378889	0.467056	0.524454	0.532028	0.486757	0.393397	0.258746	0.116522	0.00296638	-0.0594286	-0.0645415	0.00120581	0.141009	0.31888	0.498956	0.65922	0.778644	0.838555	0.840065	0.799438	0.722756	0.615917	0.496475	0.372385	0.24643	0.137903	0.0522442	-0.0217505	-0.0789521	-0.11508	-0.130175	-0.122224	-0.102721	-0.0829461	-0.0623743	-0.0424283	-0.0233438	0	
0	-0.161517	-0.300165	-0.400362	-0.453445	-0.461759	-0.429097	-0.358112	-0.24934	-0.122702	-0.0155532	0.0469275	0.0596489	0.00538214	-0.144817	-0.377952	-0.638726	-0.880023	-1.08445	-1.22369	-1.27843	-1.25068	-1.1566	-1.00355	-0.807843	-0.59093	-0.368236	-0.148867	0.0540875	0.224386	0.337346	0.378776	0.364587	0.320044	0.264841	0.203191	0.134993	0.067505	0.0117816	-0.0267238	-0.0419365	-0.0350183	-0.0196256	-0.0023728	0.0218433	0.0425044	0.0479524	0.0384596	0.027824	0.0307329	0.0418019	0.0461504	0.0490408	0.0587153	0.0635295	0.0542772	0.0378277	0.0334326	0.0567589	0.113188	0.192723	0.288479	0.383586	0.461915	0.505871	0.499476	0.443115	0.345546	0.220287	0.0905734	-0.0111911	-0.0602771	-0.0431166	0.0531621	0.224235	0.433597	0.638387	0.815831	0.945988	1.00709	1.00087	0.941094	0.837266	0.695305	0.531835	0.365852	0.20512	0.0612778	-0.0608939	-0.1653	-0.24466	-0.290658	-0.308804	-0.30385	-0.279628	-0.242246	-0.188532	-0.125505	-0.0642221	0	
0	-0.162537	-0.30094	-0.396449	-0.435753	-0.426195	-0.375558	-0.295892	-0.186255	-0.06503	0.0375232	0.0920007	0.0839187	-0.00316472	-0.191331	-0.457884	-0.749158	-1.01878	-1.24552	-1.40097	-1.45523	-1.4089	-1.27006	-1.05151	-0.778659	-0.490195	-0.210644	0.0540875	0.29508	0.488714	0.605195	0.633324	0.600245	0.532411	0.446382	0.33811	0.21705	0.0991119	0.00391005	-0.0603434	-0.0909513	-0.0951397	-0.0826717	-0.0660921	-0.038503	-0.00595821	0.0150449	0.0216786	0.0266093	0.042656	0.0666576	0.0858186	0.097596	0.109086	0.111604	0.0930702	0.0644878	0.0517032	0.070659	0.121589	0.20043	0.293086	0.384289	0.456747	0.490211	0.472721	0.406607	0.30817	0.187062	0.0646709	-0.030654	-0.0657116	-0.0233541	0.102029	0.298581	0.528658	0.752504	0.941991	1.07774	1.1356	1.11926	1.04268	0.912319	0.740116	0.548744	0.359033	0.176165	0.00789685	-0.141845	-0.266828	-0.356043	-0.41261	-0.442546	-0.445987	-0.424824	-0.375776	-0.299071	-0.206944	-0.105902	0	
0	-0.165961	-0.306825	-0.399169	-0.428025	-0.40244	-0.337865	-0.249051	-0.13807	-0.0193792	0.0776921	0.122665	0.0951701	-0.0177568	-0.231883	-0.518997	-0.831293	-1.11764	-1.35964	-1.5228	-1.57974	-1.51824	-1.34394	-1.07356	-0.742906	-0.401558	-0.0768551	0.224386	0.488714	0.691058	0.803143	0.825348	0.784214	0.701178	0.585858	0.436538	0.272904	0.116918	-0.00725078	-0.0918826	-0.136011	-0.147842	-0.138316	-0.121558	-0.0886506	-0.0491618	-0.012742	0.00925861	0.028099	0.0580921	0.0962688	0.122997	0.13835	0.142812	0.132143	0.104632	0.0691262	0.0545788	0.0732667	0.126543	0.20584	0.298786	0.389081	0.456841	0.480982	0.452907	0.38199	0.280787	0.156484	0.0296927	-0.0590612	-0.0728666	-0.00697965	0.140164	0.352863	0.596777	0.830874	1.02509	1.16241	1.21826	1.19474	1.10177	0.950028	0.758997	0.553709	0.352254	0.158425	-0.0239392	-0.184262	-0.312263	-0.411272	-0.481094	-0.524078	-0.536445	-0.511991	-0.45793	-0.373104	-0.263727	-0.138875	0	
0	-0.17034	-0.313442	-0.402228	-0.425095	-0.389956	-0.316308	-0.215912	-0.0974792	0.0215767	0.110325	0.141658	0.0982687	-0.0306428	-0.256022	-0.551616	-0.870251	-1.16255	-1.40576	-1.57065	-1.62484	-1.55435	-1.35905	-1.06405	-0.705036	-0.333591	0.0193957	0.337346	0.605195	0.803143	0.914723	0.940018	0.89951	0.806856	0.672063	0.497465	0.306976	0.127939	-0.0136427	-0.108369	-0.156971	-0.171026	-0.162593	-0.143374	-0.110661	-0.067782	-0.025677	0.00267358	0.0272528	0.0642767	0.108355	0.140628	0.157072	0.154216	0.139754	0.11098	0.0783873	0.0673264	0.0901409	0.144411	0.22687	0.321128	0.40763	0.465541	0.47723	0.442728	0.364313	0.254556	0.12695	0.00317756	-0.0803777	-0.0864141	-0.00714987	0.153659	0.372508	0.621679	0.860962	1.05533	1.19025	1.2437	1.21699	1.11675	0.958855	0.766835	0.560638	0.352823	0.151199	-0.0328695	-0.188969	-0.313686	-0.416254	-0.493314	-0.539172	-0.5502	-0.526578	-0.472691	-0.38825	-0.278112	-0.145007	0	
0	-0.175027	-0.318036	-0.405244	-0.425707	-0.391128	-0.310591	-0.197223	-0.0645498	0.0561928	0.134181	0.151098	0.0963177	-0.0376366	-0.263032	-0.552474	-0.86423	-1.14769	-1.3826	-1.53686	-1.5842	-1.50864	-1.31418	-1.02393	-0.664773	-0.288398	0.0691068	0.378776	0.633324	0.825348	0.940018	0.973508	0.937439	0.844115	0.706257	0.520461	0.318535	0.129873	-0.013946	-0.106468	-0.150061	-0.161163	-0.147729	-0.127055	-0.094267	-0.0583901	-0.0218762	0.000398257	0.0197576	0.0546871	0.10038	0.13472	0.152322	0.149185	0.135956	0.117465	0.0968704	0.0970599	0.12735	0.187743	0.272793	0.362289	0.438376	0.482411	0.484111	0.442129	0.357407	0.240521	0.103663	-0.0248922	-0.101437	-0.0969048	-0.0165189	0.139383	0.353454	0.597398	0.833224	1.0265	1.159	1.21317	1.18631	1.08845	0.942128	0.764514	0.568899	0.362352	0.166146	-0.00805649	-0.158805	-0.279166	-0.38045	-0.450201	-0.484134	-0.489948	-0.464139	-0.412359	-0.335651	-0.237286	-0.12249	0	
0	-0.178188	-0.322917	-0.408428	-0.43564	-0.403506	-0.321789	-0.192195	-0.04635	0.0775702	0.146274	0.151871	0.0922355	-0.0416625	-0.257334	-0.530114	-0.820919	-1.08608	-1.30117	-1.43598	-1.46914	-1.3958	-1.21831	-0.951833	-0.613995	-0.254886	0.0806913	0.364587	0.600245	0.784214	0.89951	0.937439	0.907161	0.825196	0.691825	0.509719	0.309396	0.128763	-0.00416743	-0.0862956	-0.12379	-0.127445	-0.112413	-0.0882959	-0.0588337	-0.0313973	-0.00395224	0.0104694	0.0218774	0.0503227	0.0905297	0.117468	0.130349	0.123769	0.117839	0.112975	0.111811	0.127385	0.168516	0.236656	0.324252	0.410186	0.478854	0.514346	0.507748	0.456813	0.358519	0.225145	0.0822896	-0.0420255	-0.1156	-0.114808	-0.0415866	0.109069	0.312877	0.543852	0.767808	0.950757	1.07712	1.12874	1.10717	1.02561	0.900559	0.742524	0.563389	0.375637	0.200945	0.0439584	-0.0938507	-0.204951	-0.293113	-0.343921	-0.366147	-0.367281	-0.340368	-0.294443	-0.233178	-0.161043	-0.081188	0	
0	-0.18056	-0.326149	-0.417569	-0.450857	-0.42636	-0.340438	-0.202152	-0.0461362	0.0795041	0.144915	0.146101	0.0846192	-0.0470361	-0.249029	-0.497495	-0.758402	-0.99633	-1.18333	-1.28908	-1.30587	-1.23659	-1.08148	-0.84652	-0.543387	-0.225541	0.0704283	0.320044	0.532411	0.701178	0.806856	0.844115	0.825196	0.755336	0.636753	0.468385	0.286638	0.12689	0.011144	-0.0614266	-0.0922531	-0.0956522	-0.0796259	-0.0534054	-0.0236758	0.000849065	0.0237423	0.0356217	0.043367	0.0673587	0.0959401	0.109449	0.107873	0.0935001	0.0869824	0.092346	0.105352	0.133991	0.189756	0.27076	0.365732	0.454398	0.523274	0.555104	0.543492	0.482156	0.366528	0.219092	0.070354	-0.0548158	-0.127819	-0.132105	-0.0653809	0.0754366	0.264483	0.475671	0.680755	0.849717	0.958102	1.00348	0.988432	0.921286	0.819804	0.686733	0.539438	0.388909	0.251278	0.124031	0.00672586	-0.0815003	-0.147529	-0.183152	-0.195238	-0.195814	-0.176628	-0.14545	-0.111629	-0.0739829	-0.0330701	0	
0	-0.18419	-0.337269	-0.437427	-0.48155	-0.459737	-0.373927	-0.232548	-0.0748248	0.0551376	0.127158	0.133312	0.0746322	-0.0523379	-0.238462	-0.458179	-0.684425	-0.888569	-1.04137	-1.11679	-1.11679	-1.05045	-0.915073	-0.711952	-0.457829	-0.194336	0.0529736	0.264841	0.446382	0.585858	0.672063	0.706257	0.691825	0.636753	0.535976	0.397163	0.249346	0.121042	0.029585	-0.0300654	-0.0629679	-0.0717925	-0.0626623	-0.0382527	-0.00651825	0.0169787	0.0424876	0.0641144	0.0824835	0.1064	0.123909	0.11529	0.0919526	0.0642596	0.0537415	0.0607856	0.0838669	0.125384	0.191311	0.28347	0.388923	0.486718	0.564221	0.60218	0.589167	0.515277	0.388216	0.234446	0.0809539	-0.0479349	-0.127117	-0.140584	-0.0885535	0.0347732	0.204471	0.390012	0.569628	0.715608	0.807097	0.846132	0.838227	0.791664	0.710867	0.605115	0.500475	0.399065	0.306792	0.220745	0.146043	0.0916786	0.047532	0.0241487	0.0122385	0.00563321	0.0104996	0.0137679	0.0133148	0.013282	0.0107025	0	
0	-0.191192	-0.353805	-0.465632	-0.515426	-0.494234	-0.407983	-0.271003	-0.115346	0.0228296	0.110506	0.129428	0.0779734	-0.0433619	-0.213747	-0.408654	-0.600019	-0.769053	-0.887815	-0.935838	-0.919551	-0.850295	-0.72819	-0.559818	-0.360954	-0.158044	0.0367322	0.203191	0.33811	0.436538	0.497465	0.520461	0.509719	0.468385	0.397163	0.301623	0.198365	0.113946	0.0526206	0.00140226	-0.0379144	-0.0585133	-0.0594309	-0.0384424	-0.0114443	0.0136445	0.0484702	0.0896907	0.123939	0.151296	0.155228	0.129735	0.0937143	0.0618852	0.0488935	0.0555333	0.0809688	0.122774	0.193868	0.293874	0.404975	0.513115	0.602765	0.644523	0.627129	0.547963	0.418084	0.264845	0.114569	-0.0174498	-0.111149	-0.148963	-0.120697	-0.0237581	0.11642	0.274222	0.427972	0.55369	0.631761	0.672597	0.676441	0.64389	0.590386	0.525263	0.467418	0.414904	0.367034	0.32819	0.304166	0.290091	0.271349	0.257778	0.243446	0.221465	0.200416	0.17384	0.134683	0.089993	0.0465056	0	
0	-0.202113	-0.375211	-0.494692	-0.544511	-0.52022	-0.433353	-0.302737	-0.146843	0.00392267	0.114035	0.151464	0.112184	0.000722288	-0.157586	-0.332463	-0.495458	-0.632459	-0.723529	-0.750238	-0.718141	-0.642804	-0.534996	-0.404124	-0.261601	-0.116732	0.0232296	0.134993	0.21705	0.272904	0.306976	0.318535	0.309396	0.286638	0.249346	0.198365	0.147225	0.108486	0.0753161	0.0320736	-0.012882	-0.0415168	-0.0525712	-0.0471147	-0.027956	-0.000651804	0.0455848	0.105529	0.153082	0.179842	0.17826	0.151385	0.117699	0.0939819	0.0847286	0.0901807	0.113787	0.154774	0.221374	0.316421	0.428664	0.541989	0.633081	0.673448	0.6551	0.574777	0.450824	0.305366	0.148951	0.00162681	-0.109156	-0.168308	-0.170451	-0.110206	-0.00254551	0.123014	0.252125	0.369521	0.451722	0.503592	0.523713	0.516573	0.495516	0.471229	0.458822	0.448336	0.441027	0.446492	0.462366	0.476719	0.481006	0.479796	0.461897	0.424038	0.378354	0.321613	0.248511	0.166331	0.0830203	0	
0	-0.214623	-0.394494	-0.513528	-0.556344	-0.525332	-0.436473	-0.307126	-0.147149	0.0198166	0.150827	0.207889	0.182442	0.081675	-0.0690257	-0.233697	-0.378107	-0.492543	-0.563255	-0.571882	-0.523473	-0.442638	-0.351985	-0.257366	-0.163128	-0.0704002	0.0123512	0.067505	0.0991119	0.116918	0.127939	0.129873	0.128763	0.12689	0.121042	0.113946	0.108486	0.105961	0.0929428	0.0558517	0.0106673	-0.027653	-0.0574545	-0.0679506	-0.0530824	-0.019131	0.0384756	0.107925	0.162553	0.192575	0.196166	0.179044	0.159185	0.151041	0.151544	0.160935	0.185892	0.222857	0.280342	0.366445	0.469545	0.577727	0.66526	0.699338	0.672132	0.588326	0.465132	0.313739	0.143768	-0.0188834	-0.148325	-0.229004	-0.254306	-0.220323	-0.135898	-0.0290837	0.0854873	0.19902	0.294247	0.366074	0.40839	0.430178	0.444274	0.455162	0.472848	0.496468	0.525216	0.563507	0.605471	0.634561	0.650245	0.655399	0.634557	0.58653	0.5202	0.433572	0.332859	0.229036	0.118782	0	
0	-0.225791	-0.407898	-0.518696	-0.550521	-0.510503	-0.416638	-0.282795	-0.1143	0.0653641	0.211752	0.282371	0.26928	0.17764	0.0304061	-0.13178	-0.269105	-0.369993	-0.424093	-0.415077	-0.3504	-0.269372	-0.196347	-0.131576	-0.0742016	-0.0263662	0.00374403	0.0117816	0.00391005	-0.00725078	-0.0136427	-0.013946	-0.00416743	0.011144	0.029585	0.0526206	0.0753161	0.0929428	0.093079	0.0666254	0.0178702	-0.0363856	-0.0834472	-0.10456	-0.0908701	-0.0509472	0.0103119	0.0876687	0.152991	0.193874	0.210178	0.208345	0.20448	0.214265	0.228998	0.246169	0.272831	0.305757	0.357522	0.438529	0.539753	0.643154	0.714452	0.72685	0.681062	0.580321	0.439114	0.268366	0.0796793	-0.0984909	-0.241127	-0.334149	-0.370343	-0.342025	-0.25972	-0.151927	-0.0319334	0.093907	0.20338	0.283273	0.340573	0.38779	0.430963	0.466148	0.50365	0.552861	0.605161	0.661951	0.715205	0.747281	0.762497	0.76048	0.732754	0.68133	0.606014	0.50467	0.389411	0.270877	0.141404	0	
0	-0.233296	-0.412807	-0.514463	-0.532683	-0.484478	-0.38099	-0.239643	-0.0630528	0.122711	0.273668	0.350003	0.342636	0.258254	0.11266	-0.0513509	-0.189932	-0.282089	-0.321143	-0.293235	-0.218882	-0.140817	-0.0835431	-0.0396121	-0.00818558	0.003448	-0.00348262	-0.0267238	-0.0603434	-0.0918826	-0.108369	-0.106468	-0.0862956	-0.0614266	-0.0300654	0.00140226	0.0320736	0.0558517	0.0666254	0.0415298	-0.016685	-0.0861825	-0.140324	-0.167817	-0.155982	-0.114187	-0.0439601	0.0420996	0.119288	0.172666	0.202298	0.218745	0.237059	0.268868	0.299035	0.325752	0.355377	0.394048	0.452763	0.540921	0.645132	0.738038	0.783995	0.765424	0.685271	0.550251	0.376826	0.176287	-0.0396641	-0.235551	-0.382396	-0.469907	-0.496088	-0.457194	-0.35646	-0.224359	-0.0817889	0.0622079	0.182441	0.267364	0.331584	0.390669	0.444434	0.489519	0.542202	0.605534	0.66492	0.720241	0.767411	0.796865	0.806481	0.794775	0.759695	0.703143	0.628229	0.532999	0.419093	0.287602	0.142952	0	
0	-0.231142	-0.405783	-0.495479	-0.503651	-0.441657	-0.328983	-0.177915	-0.000152553	0.183418	0.328265	0.400697	0.392211	0.313123	0.170735	0.00565271	-0.135278	-0.220049	-0.24259	-0.202782	-0.124635	-0.0539877	-0.00745206	0.0216699	0.0330077	0.022947	-0.00352938	-0.0419365	-0.0909513	-0.136011	-0.156971	-0.150061	-0.12379	-0.0922531	-0.0629679	-0.0379144	-0.012882	0.0106673	0.0178702	-0.016685	-0.0883563	-0.164238	-0.22443	-0.260319	-0.249493	-0.195827	-0.112585	-0.0202471	0.0640614	0.125134	0.171842	0.208021	0.248286	0.299261	0.351414	0.395587	0.44115	0.4973	0.574103	0.672728	0.770748	0.840368	0.854654	0.802085	0.684193	0.506512	0.287141	0.0467749	-0.190199	-0.391545	-0.537765	-0.612437	-0.615825	-0.545617	-0.414248	-0.25141	-0.083137	0.0744497	0.209584	0.305621	0.377551	0.43869	0.486464	0.526693	0.576296	0.636453	0.686039	0.726993	0.762147	0.780565	0.783537	0.768866	0.728804	0.66917	0.594698	0.505659	0.402446	0.274463	0.131679	0	
0	-0.212466	-0.370709	-0.446407	-0.437362	-0.358883	-0.231965	-0.0768425	0.0959412	0.266142	0.396221	0.453724	0.437789	0.358582	0.221107	0.0561451	-0.0852732	-0.162725	-0.176418	-0.134282	-0.0627084	0.000528341	0.0402683	0.0559927	0.0566054	0.0383989	0.00880987	-0.0350183	-0.0951397	-0.147842	-0.171026	-0.161163	-0.127445	-0.0956522	-0.0717925	-0.0585133	-0.0415168	-0.027653	-0.0363856	-0.0861825	-0.164238	-0.248326	-0.319998	-0.360618	-0.342619	-0.276647	-0.18912	-0.0976584	-0.0110191	0.0664233	0.133064	0.191298	0.252773	0.32629	0.404104	0.476266	0.545669	0.623761	0.717537	0.816908	0.900958	0.940792	0.91471	0.818731	0.656311	0.433719	0.174211	-0.0916532	-0.340624	-0.546935	-0.681138	-0.731182	-0.706397	-0.608216	-0.448664	-0.254403	-0.0613967	0.116363	0.265404	0.374696	0.4563	0.512556	0.550331	0.575944	0.606616	0.641776	0.668604	0.692377	0.708913	0.714856	0.706394	0.683353	0.645079	0.589297	0.516811	0.427628	0.331666	0.228671	0.114985	0	
0	-0.176825	-0.308372	-0.362093	-0.332012	-0.231977	-0.0940733	0.0600576	0.218303	0.368745	0.476262	0.515735	0.487545	0.407998	0.275062	0.115548	-0.023041	-0.0971679	-0.11443	-0.0849785	-0.0289984	0.0261732	0.0571553	0.0637177	0.0611909	0.0483461	0.0264324	-0.0196256	-0.0826717	-0.138316	-0.162593	-0.147729	-0.112413	-0.0796259	-0.0626623	-0.0594309	-0.0525712	-0.0574545	-0.0834472	-0.140324	-0.22443	-0.319998	-0.398803	-0.437937	-0.416896	-0.359918	-0.281562	-0.1967	-0.102467	-0.00911211	0.0811827	0.162846	0.253504	0.360463	0.475604	0.575251	0.663157	0.758926	0.85922	0.950511	1.01131	1.0172	0.954691	0.818576	0.609355	0.342991	0.0540358	-0.223023	-0.467023	-0.660409	-0.781224	-0.814561	-0.770223	-0.649624	-0.464261	-0.24474	-0.0316185	0.157686	0.322318	0.449301	0.535521	0.591764	0.62289	0.634595	0.642449	0.638585	0.629287	0.624289	0.616783	0.605225	0.582064	0.549977	0.508499	0.461023	0.402681	0.322448	0.240983	0.16713	0.0879431	0	
