0.000000000000000000e+00 0.000000000000000000e+00 0.000000000000000000e+00 0.000000000000000000e+00 0.000000000000000000e+00 0.000000000000000000e+00 0.000000000000000000e+00 0.000000000000000000e+00 0.000000000000000000e+00 0.000000000000000000e+00 0.000000000000000000e+00 0.000000000000000000e+00 0.000000000000000000e+00 0.000000000000000000e+00 0.000000000000000000e+00 0.000000000000000000e+00 0.000000000000000000e+00 0.000000000000000000e+00 0.000000000000000000e+00 0.000000000000000000e+00 0.000000000000000000e+00 0.000000000000000000e+00 0.000000000000000000e+00 0.000000000000000000e+00 0.000000000000000000e+00 0.000000000000000000e+00 0.000000000000000000e+00 0.000000000000000000e+00 0.000000000000000000e+00 0.000000000000000000e+00 0.000000000000000000e+00 0.000000000000000000e+00 0.000000000000000000e+00 0.000000000000000000e+00 0.000000000000000000e+00 0.000000000000000000e+00 0.000000000000000000e+00 0.000000000000000000e+00 0.000000000000000000e+00 0.000000000000000000e+00 0.000000000000000000e+00 0.000000000000000000e+00 0.000000000000000000e+00 0.000000000000000000e+00 0.000000000000000000e+00 0.000000000000000000e+00 0.000000000000000000e+00 0.000000000000000000e+00 0.000000000000000000e+00 0.000000000000000000e+00 0.000000000000000000e+00 0.000000000000000000e+00 0.000000000000000000e+00 0.000000000000000000e+00 0.000000000000000000e+00 0.000000000000000000e+00 0.000000000000000000e+00 0.000000000000000000e+00 0.000000000000000000e+00 0.000000000000000000e+00 0.000000000000000000e+00 0.000000000000000000e+00 0.000000000000000000e+00 0.000000000000000000e+00 0.000000000000000000e+00 0.000000000000000000e+00 0.000000000000000000e+00 0.000000000000000000e+00 0.000000000000000000e+00 0.000000000000000000e+00 0.000000000000000000e+00 0.000000000000000000e+00 0.000000000000000000e+00 0.000000000000000000e+00 0.000000000000000000e+00 0.000000000000000000e+00 0.000000000000000000e+00 0.000000000000000000e+00 0.000000000000000000e+00 0.000000000000000000e+00 0.000000000000000000e+00 0.000000000000000000e+00 0.000000000000000000e+00 0.000000000000000000e+00 0.000000000000000000e+00 0.000000000000000000e+00 0.000000000000000000e+00 0.000000000000000000e+00 0.000000000000000000e+00 0.000000000000000000e+00 0.000000000000000000e+00 0.000000000000000000e+00 0.000000000000000000e+00 0.000000000000000000e+00 0.000000000000000000e+00 0.000000000000000000e+00 0.000000000000000000e+00 0.000000000000000000e+00 0.000000000000000000e+00 0.000000000000000000e+00
0.000000000000000000e+00 -2.675349999999999950e-03 -6.496970000000000349e-03 -1.140689999999999933e-02 -1.269969999999999953e-02 -1.118959999999999920e-02 -6.951429999999999762e-03 -4.049790000000000161e-03 -2.935929999999999790e-03 -1.766699999999999954e-03 -3.675789999999999960e-03 -8.278090000000000101e-03 -2.074410000000000143e-02 -3.689680000000000043e-02 -5.485339999999999661e-02 -7.281940000000000635e-02 -8.855399999999999383e-02 -1.019859999999999933e-01 -1.076949999999999991e-01 -1.052059999999999940e-01 -9.368980000000000363e-02 -7.537800000000000056e-02 -5.228429999999999883e-02 -2.912500000000000158e-02 -9.132440000000000349e-03 8.055110000000000742e-03 2.647290000000000060e-02 4.494309999999999972e-02 6.222409999999999747e-02 7.725959999999999772e-02 9.313580000000000469e-02 1.124470000000000053e-01 1.276259999999999895e-01 1.378689999999999916e-01 1.439660000000000106e-01 1.437620000000000009e-01 1.363099999999999867e-01 1.206870000000000026e-01 9.719859999999999611e-02 7.138350000000000251e-02 4.461450000000000138e-02 2.184329999999999952e-02 2.544189999999999993e-03 -1.165279999999999962e-02 -2.065120000000000150e-02 -2.985180000000000125e-02 -4.388729999999999715e-02 -6.149219999999999686e-02 -8.136419999999999764e-02 -1.048889999999999961e-01 -1.334069999999999978e-01 -1.649460000000000093e-01 -1.968530000000000002e-01 -2.298030000000000073e-01 -2.592979999999999730e-01 -2.782419999999999893e-01 -2.827100000000000168e-01 -2.752029999999999754e-01 -2.558869999999999756e-01 -2.266710000000000114e-01 -1.888950000000000073e-01 -1.445500000000000118e-01 -8.972529999999999395e-02 -3.184290000000000037e-02 2.805979999999999933e-02 8.912539999999999352e-02 1.463679999999999981e-01 1.951160000000000116e-01 2.276559999999999973e-01 2.441180000000000017e-01 2.426200000000000023e-01 2.291519999999999946e-01 2.046939999999999871e-01 1.674579999999999957e-01 1.185060000000000002e-01 6.284439999999999471e-02 7.228410000000000217e-03 -4.785609999999999864e-02 -9.666120000000000267e-02 -1.374509999999999899e-01 -1.725409999999999999e-01 -1.996979999999999866e-01 -2.175570000000000004e-01 -2.268959999999999866e-01 -2.283159999999999912e-01 -2.254289999999999905e-01 -2.210100000000000120e-01 -2.151270000000000127e-01 -2.058560000000000112e-01 -1.918489999999999918e-01 -1.816750000000000032e-01 -1.733179999999999998e-01 -1.584770000000000068e-01 -1.411189999999999944e-01 -1.223380000000000023e-01 -1.036389999999999950e-01 -8.191260000000000208e-02 -5.424149999999999805e-02 -2.738789999999999975e-02 0.000000000000000000e+00
0.000000000000000000e+00 -6.496970000000000349e-03 -1.540650000000000006e-02 -2.586590000000000070e-02 -2.949610000000000079e-02 -2.687840000000000021e-02 -1.857879999999999948e-02 -1.335519999999999936e-02 -9.579169999999999699e-03 -7.771359999999999726e-03 -8.619069999999999510e-03 -1.639420000000000113e-02 -3.840620000000000145e-02 -6.596760000000000124e-02 -1.001240000000000047e-01 -1.297470000000000012e-01 -1.591319999999999957e-01 -1.813470000000000082e-01 -1.897500000000000020e-01 -1.830219999999999902e-01 -1.584740000000000038e-01 -1.216919999999999946e-01 -7.695249999999999313e-02 -3.239729999999999693e-02 4.818639999999999902e-03 3.456839999999999913e-02 6.686259999999999426e-02 9.739159999999999484e-02 1.253009999999999957e-01 1.475849999999999940e-01 1.737769999999999870e-01 2.040589999999999904e-01 2.307120000000000004e-01 2.483120000000000049e-01 2.583529999999999993e-01 2.578469999999999929e-01 2.465459999999999874e-01 2.145880000000000010e-01 1.724630000000000052e-01 1.249900000000000039e-01 7.531190000000000107e-02 3.268780000000000296e-02 4.603410000000000162e-04 -2.822780000000000081e-02 -4.523640000000000300e-02 -6.316720000000000668e-02 -8.883670000000000455e-02 -1.236580000000000040e-01 -1.623120000000000118e-01 -2.096530000000000060e-01 -2.626499999999999946e-01 -3.185769999999999991e-01 -3.760720000000000174e-01 -4.372599999999999820e-01 -4.884749999999999925e-01 -5.172870000000000523e-01 -5.196709999999999940e-01 -5.010959999999999859e-01 -4.609579999999999789e-01 -4.018419999999999770e-01 -3.310440000000000049e-01 -2.480289999999999995e-01 -1.492279999999999995e-01 -4.362209999999999699e-02 6.349299999999999389e-02 1.726479999999999959e-01 2.762890000000000068e-01 3.620880000000000210e-01 4.211759999999999948e-01 4.478079999999999838e-01 4.433949999999999836e-01 4.177699999999999747e-01 3.711229999999999807e-01 3.037139999999999840e-01 2.120249999999999913e-01 1.091489999999999960e-01 6.049950000000000119e-03 -9.721090000000000286e-02 -1.880809999999999982e-01 -2.660089999999999955e-01 -3.338389999999999969e-01 -3.877920000000000256e-01 -4.240129999999999733e-01 -4.449429999999999774e-01 -4.521680000000000144e-01 -4.488159999999999927e-01 -4.408369999999999789e-01 -4.269229999999999969e-01 -4.062069999999999848e-01 -3.782809999999999784e-01 -3.518620000000000081e-01 -3.276330000000000076e-01 -2.960169999999999746e-01 -2.589239999999999875e-01 -2.211710000000000065e-01 -1.866539999999999866e-01 -1.435170000000000057e-01 -9.244040000000000590e-02 -4.842350000000000126e-02 0.000000000000000000e+00
0.000000000000000000e+00 -1.140689999999999933e-02 -2.586590000000000070e-02 -4.234779999999999794e-02 -4.767350000000000060e-02 -4.315900000000000292e-02 -2.987920000000000159e-02 -1.921969999999999928e-02 -1.247430000000000067e-02 -4.956910000000000135e-03 -4.002699999999999661e-03 -1.034299999999999976e-02 -3.753519999999999773e-02 -7.513640000000000596e-02 -1.176949999999999941e-01 -1.593680000000000097e-01 -1.949150000000000049e-01 -2.234399999999999997e-01 -2.305830000000000102e-01 -2.155829999999999969e-01 -1.764469999999999927e-01 -1.207970000000000016e-01 -5.492430000000000229e-02 7.140729999999999647e-03 5.613449999999999690e-02 9.248460000000000014e-02 1.289009999999999878e-01 1.627139999999999975e-01 1.914369999999999961e-01 2.132769999999999944e-01 2.384999999999999898e-01 2.746959999999999957e-01 3.035749999999999837e-01 3.219380000000000019e-01 3.323209999999999775e-01 3.295830000000000148e-01 3.103369999999999740e-01 2.701970000000000205e-01 2.111629999999999896e-01 1.464580000000000048e-01 7.972179999999999545e-02 2.412550000000000111e-02 -2.204019999999999938e-02 -5.580129999999999812e-02 -7.675070000000000503e-02 -9.974560000000000370e-02 -1.370129999999999959e-01 -1.849329999999999863e-01 -2.386419999999999930e-01 -3.000309999999999921e-01 -3.714379999999999904e-01 -4.473050000000000082e-01 -5.205109999999999459e-01 -5.934690000000000243e-01 -6.540759999999999907e-01 -6.846809999999999841e-01 -6.761800000000000033e-01 -6.382499999999999840e-01 -5.734609999999999985e-01 -4.892190000000000150e-01 -3.912760000000000127e-01 -2.837080000000000157e-01 -1.560509999999999953e-01 -2.574890000000000165e-02 1.060959999999999959e-01 2.401010000000000089e-01 3.656079999999999885e-01 4.716199999999999837e-01 5.395919999999999606e-01 5.692960000000000242e-01 5.582460000000000200e-01 5.226739999999999720e-01 4.641219999999999790e-01 3.770020000000000038e-01 2.608079999999999843e-01 1.272729999999999972e-01 -7.168970000000000203e-03 -1.427849999999999953e-01 -2.657100000000000017e-01 -3.720120000000000093e-01 -4.682419999999999916e-01 -5.479950000000000099e-01 -6.053979999999999917e-01 -6.412499999999999867e-01 -6.547579999999999512e-01 -6.536079999999999668e-01 -6.447829999999999950e-01 -6.265309999999999491e-01 -5.934129999999999683e-01 -5.433360000000000412e-01 -5.001719999999999500e-01 -4.608780000000000099e-01 -4.054479999999999751e-01 -3.457489999999999730e-01 -2.873970000000000136e-01 -2.353770000000000029e-01 -1.805430000000000090e-01 -1.155930000000000013e-01 -5.758780000000000149e-02 0.000000000000000000e+00
0.000000000000000000e+00 -1.269969999999999953e-02 -2.949610000000000079e-02 -4.767350000000000060e-02 -5.169710000000000277e-02 -4.177940000000000126e-02 -2.007079999999999975e-02 -2.756199999999999883e-03 1.196269999999999972e-02 2.433950000000000002e-02 3.239929999999999893e-02 2.869100000000000122e-02 -1.035719999999999957e-03 -4.251100000000000018e-02 -9.541030000000000344e-02 -1.414070000000000049e-01 -1.854389999999999927e-01 -2.165809999999999957e-01 -2.225600000000000078e-01 -2.010619999999999907e-01 -1.488909999999999956e-01 -7.741850000000000120e-02 4.611960000000000018e-03 8.085440000000000682e-02 1.372190000000000076e-01 1.749989999999999879e-01 2.108130000000000004e-01 2.409669999999999868e-01 2.638320000000000110e-01 2.755589999999999984e-01 2.941900000000000071e-01 3.238940000000000152e-01 3.492049999999999876e-01 3.632560000000000233e-01 3.676749999999999741e-01 3.582500000000000129e-01 3.330159999999999787e-01 2.766649999999999943e-01 2.035299999999999887e-01 1.239689999999999959e-01 4.301839999999999831e-02 -2.274599999999999886e-02 -6.987809999999999855e-02 -1.077789999999999998e-01 -1.256279999999999897e-01 -1.452739999999999865e-01 -1.805489999999999873e-01 -2.327990000000000059e-01 -2.909260000000000179e-01 -3.609519999999999951e-01 -4.387420000000000209e-01 -5.176070000000000393e-01 -5.942490000000000272e-01 -6.731460000000000221e-01 -7.337770000000000126e-01 -7.533800000000000496e-01 -7.276749999999999607e-01 -6.699939999999999785e-01 -5.843880000000000186e-01 -4.788970000000000171e-01 -3.676630000000000176e-01 -2.509270000000000111e-01 -1.195920000000000039e-01 1.169240000000000036e-02 1.400980000000000003e-01 2.699659999999999838e-01 3.931950000000000167e-01 4.940300000000000247e-01 5.581760000000000055e-01 5.785989999999999744e-01 5.597879999999999523e-01 5.198540000000000383e-01 4.576669999999999905e-01 3.702110000000000123e-01 2.472660000000000136e-01 1.060859999999999997e-01 -3.736400000000000138e-02 -1.857550000000000034e-01 -3.209420000000000051e-01 -4.431939999999999769e-01 -5.576020000000000421e-01 -6.568199999999999594e-01 -7.322109999999999452e-01 -7.840580000000000327e-01 -8.117029999999999523e-01 -8.179100000000000259e-01 -8.111270000000000424e-01 -7.893499999999999961e-01 -7.474570000000000380e-01 -6.846919999999999673e-01 -6.224210000000000020e-01 -5.625909999999999522e-01 -4.887599999999999723e-01 -4.087410000000000210e-01 -3.337269999999999959e-01 -2.713389999999999969e-01 -2.020220000000000071e-01 -1.251339999999999952e-01 -6.440800000000000691e-02 0.000000000000000000e+00
0.000000000000000000e+00 -1.118959999999999920e-02 -2.687840000000000021e-02 -4.315900000000000292e-02 -4.177940000000000126e-02 -2.203389999999999863e-02 1.121250000000000024e-02 4.089140000000000136e-02 6.460259999999999614e-02 8.743180000000000396e-02 1.026389999999999941e-01 1.041060000000000041e-01 7.462470000000000214e-02 2.607809999999999989e-02 -3.234009999999999663e-02 -8.936330000000000662e-02 -1.385470000000000035e-01 -1.758409999999999973e-01 -1.813200000000000089e-01 -1.538869999999999960e-01 -9.102559999999999818e-02 -6.028640000000000040e-03 9.042089999999999850e-02 1.762730000000000130e-01 2.374320000000000042e-01 2.728450000000000042e-01 3.033939999999999970e-01 3.264690000000000092e-01 3.390969999999999818e-01 3.398700000000000054e-01 3.460920000000000107e-01 3.675769999999999871e-01 3.836600000000000010e-01 3.863639999999999852e-01 3.792260000000000075e-01 3.572580000000000200e-01 3.150359999999999827e-01 2.432989999999999875e-01 1.499300000000000077e-01 5.167250000000000315e-02 -4.378399999999999653e-02 -1.167379999999999945e-01 -1.681709999999999872e-01 -1.968509999999999982e-01 -2.030460000000000043e-01 -2.088700000000000001e-01 -2.328959999999999919e-01 -2.727479999999999905e-01 -3.216399999999999815e-01 -3.801709999999999812e-01 -4.504460000000000131e-01 -5.253830000000000444e-01 -5.959100000000000508e-01 -6.659230000000000427e-01 -7.173570000000000224e-01 -7.271699999999999831e-01 -6.847590000000000066e-01 -6.081530000000000546e-01 -5.054469999999999796e-01 -3.914360000000000062e-01 -2.796960000000000002e-01 -1.726620000000000099e-01 -5.727920000000000234e-02 4.875220000000000248e-02 1.481129999999999947e-01 2.482290000000000052e-01 3.424590000000000134e-01 4.201509999999999967e-01 4.622890000000000055e-01 4.674320000000000142e-01 4.392119999999999913e-01 4.001910000000000189e-01 3.493350000000000066e-01 2.766799999999999815e-01 1.723280000000000090e-01 4.672269999999999895e-02 -8.259080000000000588e-02 -2.196430000000000049e-01 -3.501290000000000235e-01 -4.705790000000000251e-01 -5.904679999999999929e-01 -7.009450000000000403e-01 -7.894339999999999691e-01 -8.547690000000000010e-01 -8.916140000000000176e-01 -9.063799999999999635e-01 -9.087110000000000465e-01 -8.923699999999999966e-01 -8.483270000000000532e-01 -7.765539999999999665e-01 -7.087959999999999816e-01 -6.437800000000000189e-01 -5.574810000000000043e-01 -4.649249999999999772e-01 -3.776050000000000240e-01 -3.031940000000000190e-01 -2.271960000000000091e-01 -1.421930000000000138e-01 -7.045179999999999498e-02 0.000000000000000000e+00
0.000000000000000000e+00 -6.951429999999999762e-03 -1.857879999999999948e-02 -2.987920000000000159e-02 -2.007079999999999975e-02 1.121250000000000024e-02 5.861170000000000269e-02 1.001790000000000042e-01 1.352760000000000074e-01 1.663580000000000059e-01 1.897139999999999938e-01 1.957669999999999966e-01 1.651809999999999945e-01 1.126090000000000008e-01 4.376789999999999847e-02 -2.027330000000000104e-02 -7.957519999999999871e-02 -1.212249999999999994e-01 -1.286130000000000051e-01 -9.748049999999999771e-02 -2.601540000000000102e-02 6.946399999999999797e-02 1.763679999999999970e-01 2.710879999999999956e-01 3.336930000000000174e-01 3.677340000000000053e-01 3.916069999999999829e-01 4.067160000000000220e-01 4.096790000000000154e-01 3.971210000000000018e-01 3.905580000000000163e-01 4.002279999999999727e-01 4.030969999999999831e-01 3.926390000000000158e-01 3.686409999999999965e-01 3.280390000000000250e-01 2.657220000000000137e-01 1.691060000000000063e-01 5.134169999999999706e-02 -6.936870000000000536e-02 -1.830479999999999885e-01 -2.659119999999999817e-01 -3.152340000000000142e-01 -3.365890000000000271e-01 -3.230939999999999923e-01 -3.022779999999999911e-01 -2.972130000000000050e-01 -3.119299999999999851e-01 -3.337669999999999804e-01 -3.685769999999999880e-01 -4.168899999999999828e-01 -4.700940000000000119e-01 -5.234539999999999749e-01 -5.825620000000000243e-01 -6.267110000000000181e-01 -6.243630000000000013e-01 -5.707799999999999541e-01 -4.856269999999999754e-01 -3.802900000000000169e-01 -2.700649999999999995e-01 -1.731499999999999984e-01 -9.149960000000000038e-02 -1.077089999999999992e-02 5.378700000000000148e-02 1.079289999999999972e-01 1.626640000000000030e-01 2.158499999999999863e-01 2.584580000000000211e-01 2.748470000000000080e-01 2.606049999999999756e-01 2.260520000000000029e-01 1.939099999999999990e-01 1.612300000000000122e-01 1.181129999999999958e-01 4.512229999999999713e-02 -4.676809999999999995e-02 -1.436530000000000029e-01 -2.519250000000000100e-01 -3.566840000000000011e-01 -4.600290000000000212e-01 -5.686409999999999521e-01 -6.738290000000000113e-01 -7.638019999999999810e-01 -8.342629999999999768e-01 -8.805420000000000469e-01 -9.045100000000000362e-01 -9.151470000000000438e-01 -9.104689999999999728e-01 -8.777810000000000334e-01 -8.144339999999999913e-01 -7.526869999999999949e-01 -6.923089999999999522e-01 -6.088369999999999616e-01 -5.147620000000000529e-01 -4.257799999999999918e-01 -3.487839999999999829e-01 -2.624529999999999919e-01 -1.654930000000000012e-01 -8.404739999999999434e-02 0.000000000000000000e+00
0.000000000000000000e+00 -4.049790000000000161e-03 -1.335519999999999936e-02 -1.921969999999999928e-02 -2.756199999999999883e-03 4.089140000000000136e-02 1.001790000000000042e-01 1.540199999999999902e-01 1.984029999999999960e-01 2.365559999999999885e-01 2.666660000000000141e-01 2.746489999999999765e-01 2.441290000000000127e-01 1.836919999999999942e-01 1.070239999999999941e-01 3.134880000000000305e-02 -3.501370000000000177e-02 -8.293960000000000221e-02 -9.044049999999999312e-02 -5.470110000000000250e-02 2.515030000000000043e-02 1.319760000000000100e-01 2.498799999999999910e-01 3.513859999999999761e-01 4.186969999999999859e-01 4.487619999999999942e-01 4.668610000000000260e-01 4.734959999999999725e-01 4.645659999999999790e-01 4.393509999999999915e-01 4.195059999999999900e-01 4.134619999999999962e-01 4.040529999999999955e-01 3.772750000000000270e-01 3.349030000000000062e-01 2.738990000000000036e-01 1.880910000000000082e-01 6.457259999999999389e-02 -8.074499999999999733e-02 -2.279009999999999925e-01 -3.613259999999999805e-01 -4.550879999999999925e-01 -5.047000000000000375e-01 -5.104109999999999481e-01 -4.751460000000000128e-01 -4.249200000000000199e-01 -3.846510000000000207e-01 -3.586420000000000163e-01 -3.433249999999999913e-01 -3.402359999999999829e-01 -3.537219999999999809e-01 -3.793210000000000193e-01 -4.109979999999999745e-01 -4.538050000000000139e-01 -4.859140000000000126e-01 -4.805470000000000019e-01 -4.266110000000000180e-01 -3.449130000000000251e-01 -2.487399999999999889e-01 -1.571289999999999909e-01 -9.037219999999999975e-02 -4.546990000000000059e-02 -1.008949999999999951e-02 5.504809999999999738e-03 9.618530000000000135e-03 1.601680000000000118e-02 2.745070000000000149e-02 3.639280000000000292e-02 2.857240000000000127e-02 -6.095589999999999689e-04 -3.843610000000000082e-02 -6.004000000000000309e-02 -6.961119999999999808e-02 -7.997840000000000504e-02 -1.122100000000000042e-01 -1.623429999999999873e-01 -2.166760000000000075e-01 -2.816779999999999839e-01 -3.489160000000000039e-01 -4.176529999999999965e-01 -4.989140000000000241e-01 -5.862579999999999458e-01 -6.637180000000000302e-01 -7.292049999999999921e-01 -7.752999999999999892e-01 -8.052799999999999958e-01 -8.312479999999999869e-01 -8.431370000000000253e-01 -8.265240000000000364e-01 -7.830059999999999798e-01 -7.410759999999999570e-01 -6.988079999999999847e-01 -6.318529999999999980e-01 -5.491660000000000430e-01 -4.647669999999999857e-01 -3.863190000000000235e-01 -2.965840000000000143e-01 -1.923120000000000107e-01 -9.700079999999999814e-02 0.000000000000000000e+00
0.000000000000000000e+00 -2.935929999999999790e-03 -9.579169999999999699e-03 -1.247430000000000067e-02 1.196269999999999972e-02 6.460259999999999614e-02 1.352760000000000074e-01 1.984029999999999960e-01 2.488750000000000129e-01 2.917060000000000208e-01 3.230629999999999891e-01 3.312069999999999736e-01 2.959530000000000216e-01 2.268129999999999868e-01 1.379650000000000043e-01 5.084930000000000005e-02 -2.611640000000000142e-02 -7.793909999999999727e-02 -8.645390000000000019e-02 -4.486819999999999697e-02 4.493699999999999778e-02 1.626950000000000063e-01 2.913519999999999999e-01 4.015480000000000160e-01 4.695529999999999982e-01 4.992489999999999983e-01 5.085539999999999505e-01 5.053760000000000474e-01 4.854459999999999886e-01 4.478030000000000066e-01 4.124920000000000253e-01 3.946089999999999876e-01 3.691769999999999774e-01 3.274270000000000236e-01 2.670159999999999756e-01 1.864649999999999919e-01 7.659789999999999655e-02 -6.820389999999999786e-02 -2.371099999999999874e-01 -4.061609999999999943e-01 -5.563989999999999769e-01 -6.583409999999999540e-01 -7.070589999999999931e-01 -7.012070000000000247e-01 -6.405330000000000190e-01 -5.538999999999999480e-01 -4.729550000000000143e-01 -4.079099999999999948e-01 -3.497060000000000168e-01 -3.036369999999999902e-01 -2.787830000000000030e-01 -2.703420000000000267e-01 -2.754800000000000026e-01 -3.002090000000000036e-01 -3.277639999999999998e-01 -3.228449999999999931e-01 -2.768639999999999990e-01 -2.098659999999999970e-01 -1.376989999999999881e-01 -8.004500000000000504e-02 -5.253429999999999905e-02 -5.461819999999999869e-02 -6.902780000000000027e-02 -1.037919999999999954e-01 -1.461649999999999894e-01 -1.799010000000000054e-01 -2.025139999999999996e-01 -2.163710000000000078e-01 -2.391580000000000095e-01 -2.761279999999999846e-01 -3.111530000000000129e-01 -3.217419999999999725e-01 -3.091700000000000004e-01 -2.879499999999999837e-01 -2.818689999999999807e-01 -2.881799999999999917e-01 -2.965570000000000150e-01 -3.126610000000000222e-01 -3.306140000000000190e-01 -3.551389999999999825e-01 -3.956000000000000072e-01 -4.478150000000000186e-01 -5.023750000000000160e-01 -5.532610000000000028e-01 -5.936839999999999895e-01 -6.267509999999999470e-01 -6.614480000000000359e-01 -6.935949999999999616e-01 -7.026959999999999873e-01 -6.830950000000000077e-01 -6.677560000000000162e-01 -6.518669999999999742e-01 -6.039630000000000276e-01 -5.360289999999999777e-01 -4.661449999999999760e-01 -3.955739999999999812e-01 -3.070550000000000224e-01 -2.019809999999999939e-01 -1.022939999999999960e-01 0.000000000000000000e+00
0.000000000000000000e+00 -1.766699999999999954e-03 -7.771359999999999726e-03 -4.956910000000000135e-03 2.433950000000000002e-02 8.743180000000000396e-02 1.663580000000000059e-01 2.365559999999999885e-01 2.917060000000000208e-01 3.332530000000000214e-01 3.646099999999999897e-01 3.665599999999999969e-01 3.249360000000000026e-01 2.430670000000000053e-01 1.397029999999999939e-01 3.691250000000000087e-02 -5.188179999999999875e-02 -1.120180000000000065e-01 -1.229549999999999949e-01 -7.852099999999999358e-02 1.642530000000000032e-02 1.433800000000000074e-01 2.792919999999999847e-01 3.940730000000000066e-01 4.662430000000000185e-01 4.923179999999999779e-01 4.956699999999999995e-01 4.838729999999999976e-01 4.521020000000000039e-01 4.019400000000000195e-01 3.553160000000000207e-01 3.200609999999999844e-01 2.842279999999999807e-01 2.309450000000000114e-01 1.582419999999999938e-01 6.404239999999999933e-02 -5.818829999999999836e-02 -2.210209999999999952e-01 -4.062709999999999932e-01 -5.906839999999999868e-01 -7.501219999999999555e-01 -8.558059999999999556e-01 -8.953520000000000367e-01 -8.688169999999999504e-01 -7.839939999999999687e-01 -6.671550000000000535e-01 -5.478840000000000376e-01 -4.383299999999999974e-01 -3.396210000000000062e-01 -2.552059999999999884e-01 -1.927919999999999912e-01 -1.522799999999999987e-01 -1.350689999999999946e-01 -1.470490000000000130e-01 -1.679859999999999964e-01 -1.691040000000000043e-01 -1.399980000000000113e-01 -9.713529999999999387e-02 -5.713660000000000266e-02 -3.822119999999999684e-02 -5.902759999999999951e-02 -1.090799999999999964e-01 -1.749600000000000044e-01 -2.546629999999999727e-01 -3.348670000000000258e-01 -4.002890000000000059e-01 -4.428309999999999746e-01 -4.700619999999999798e-01 -4.969870000000000121e-01 -5.342050000000000409e-01 -5.645229999999999970e-01 -5.641080000000000538e-01 -5.349310000000000453e-01 -4.888669999999999960e-01 -4.490649999999999920e-01 -4.163439999999999919e-01 -3.800439999999999929e-01 -3.439110000000000222e-01 -3.085680000000000089e-01 -2.788999999999999813e-01 -2.679549999999999987e-01 -2.778959999999999764e-01 -2.978319999999999856e-01 -3.255939999999999945e-01 -3.555769999999999764e-01 -3.882200000000000095e-01 -4.344330000000000136e-01 -4.822080000000000255e-01 -5.101360000000000339e-01 -5.184429999999999872e-01 -5.262179999999999636e-01 -5.301569999999999894e-01 -5.091569999999999707e-01 -4.639659999999999895e-01 -4.095179999999999931e-01 -3.517830000000000124e-01 -2.763979999999999770e-01 -1.844210000000000016e-01 -9.357880000000000364e-02 0.000000000000000000e+00
0.000000000000000000e+00 -3.675789999999999960e-03 -8.619069999999999510e-03 -4.002699999999999661e-03 3.239929999999999893e-02 1.026389999999999941e-01 1.897139999999999938e-01 2.666660000000000141e-01 3.230629999999999891e-01 3.646099999999999897e-01 3.901450000000000196e-01 3.850160000000000249e-01 3.325969999999999760e-01 2.341620000000000090e-01 1.120720000000000049e-01 -1.148230000000000084e-02 -1.182760000000000061e-01 -1.898370000000000057e-01 -2.087299999999999989e-01 -1.656340000000000034e-01 -6.825000000000000511e-02 6.186540000000000095e-02 2.012889999999999957e-01 3.176590000000000247e-01 3.868920000000000137e-01 4.093840000000000257e-01 4.032129999999999881e-01 3.810069999999999846e-01 3.401379999999999959e-01 2.838049999999999740e-01 2.285389999999999922e-01 1.887320000000000109e-01 1.474169999999999925e-01 8.954320000000000335e-02 1.201170000000000015e-02 -8.742260000000000308e-02 -2.197850000000000081e-01 -3.862039999999999917e-01 -5.761269999999999447e-01 -7.651850000000000041e-01 -9.249840000000000284e-01 -1.025439999999999907e+00 -1.055339999999999945e+00 -1.010199999999999987e+00 -8.972109999999999808e-01 -7.438740000000000352e-01 -5.866489999999999760e-01 -4.428500000000000214e-01 -3.100330000000000030e-01 -1.915219999999999978e-01 -9.982549999999999757e-02 -3.693389999999999868e-02 -4.278630000000000280e-03 -6.596740000000000242e-03 -2.995969999999999883e-02 -4.332210000000000227e-02 -3.341240000000000182e-02 -1.480019999999999947e-02 -6.041809999999999889e-03 -2.762500000000000025e-02 -8.903859999999999553e-02 -1.822310000000000041e-01 -2.905789999999999762e-01 -4.072129999999999916e-01 -5.175859999999999905e-01 -6.035030000000000117e-01 -6.610620000000000385e-01 -6.933449999999999891e-01 -7.214070000000000205e-01 -7.561630000000000296e-01 -7.799380000000000202e-01 -7.730050000000000532e-01 -7.300680000000000502e-01 -6.652179999999999760e-01 -5.977369999999999628e-01 -5.296819999999999862e-01 -4.533150000000000235e-01 -3.688500000000000112e-01 -2.814630000000000187e-01 -1.997770000000000101e-01 -1.370109999999999939e-01 -9.869100000000000095e-02 -8.200609999999999844e-02 -8.186899999999999733e-02 -9.169950000000000323e-02 -1.153659999999999963e-01 -1.602770000000000028e-01 -2.167509999999999992e-01 -2.610009999999999830e-01 -2.873689999999999856e-01 -3.175709999999999922e-01 -3.462959999999999927e-01 -3.451620000000000243e-01 -3.210529999999999773e-01 -2.931119999999999837e-01 -2.570859999999999812e-01 -2.033079999999999887e-01 -1.368070000000000119e-01 -6.846460000000000046e-02 0.000000000000000000e+00
0.000000000000000000e+00 -8.278090000000000101e-03 -1.639420000000000113e-02 -1.034299999999999976e-02 2.869100000000000122e-02 1.041060000000000041e-01 1.957669999999999966e-01 2.746489999999999765e-01 3.312069999999999736e-01 3.665599999999999969e-01 3.850160000000000249e-01 3.686349999999999905e-01 3.034830000000000028e-01 1.885560000000000014e-01 4.603290000000000159e-02 -9.855990000000000584e-02 -2.240719999999999934e-01 -3.097799999999999998e-01 -3.389909999999999868e-01 -3.013810000000000100e-01 -2.095019999999999938e-01 -8.110799999999999954e-02 5.346800000000000164e-02 1.652329999999999910e-01 2.298969999999999902e-01 2.465509999999999924e-01 2.326620000000000077e-01 2.034320000000000017e-01 1.564069999999999905e-01 9.702410000000000201e-02 4.151699999999999835e-02 -7.939909999999999676e-04 -3.890450000000000158e-02 -9.008149999999999491e-02 -1.597310000000000119e-01 -2.533270000000000244e-01 -3.784469999999999779e-01 -5.418589999999999796e-01 -7.300440000000000262e-01 -9.176440000000000152e-01 -1.071960000000000024e+00 -1.165519999999999889e+00 -1.177229999999999999e+00 -1.107180000000000053e+00 -9.679179999999999451e-01 -7.864579999999999904e-01 -5.960480000000000222e-01 -4.168999999999999928e-01 -2.543259999999999965e-01 -1.137699999999999961e-01 -4.187169999999999608e-03 7.199279999999999569e-02 1.071030000000000038e-01 9.938489999999999824e-02 6.609489999999999810e-02 3.670840000000000214e-02 2.298690000000000108e-02 1.707250000000000087e-02 -1.894769999999999885e-04 -4.791970000000000257e-02 -1.370589999999999864e-01 -2.564540000000000153e-01 -3.923260000000000081e-01 -5.306450000000000333e-01 -6.576889999999999681e-01 -7.572670000000000234e-01 -8.214770000000000127e-01 -8.574969999999999537e-01 -8.841449999999999587e-01 -9.146830000000000238e-01 -9.333510000000000417e-01 -9.199159999999999560e-01 -8.680149999999999810e-01 -7.895990000000000508e-01 -7.016839999999999744e-01 -6.082699999999999774e-01 -5.023480000000000167e-01 -3.817780000000000062e-01 -2.540789999999999993e-01 -1.294980000000000020e-01 -2.110679999999999848e-02 6.127099999999999907e-02 1.178359999999999963e-01 1.529139999999999944e-01 1.685869999999999869e-01 1.627210000000000045e-01 1.290290000000000048e-01 7.778150000000000341e-02 3.091680000000000123e-02 -9.293380000000000390e-03 -5.218600000000000322e-02 -9.560449999999999504e-02 -1.227339999999999959e-01 -1.291940000000000033e-01 -1.290759999999999963e-01 -1.226040000000000046e-01 -1.026019999999999988e-01 -7.197249999999999481e-02 -3.623019999999999713e-02 0.000000000000000000e+00
0.000000000000000000e+00 -2.074410000000000143e-02 -3.840620000000000145e-02 -3.753519999999999773e-02 -1.035719999999999957e-03 7.462470000000000214e-02 1.651809999999999945e-01 2.441290000000000127e-01 2.959530000000000216e-01 3.249360000000000026e-01 3.325969999999999760e-01 3.034830000000000028e-01 2.249109999999999998e-01 9.174899999999999722e-02 -6.997630000000000516e-02 -2.365949999999999998e-01 -3.800580000000000069e-01 -4.785909999999999886e-01 -5.161710000000000464e-01 -4.824339999999999740e-01 -3.924159999999999870e-01 -2.656540000000000012e-01 -1.331620000000000026e-01 -2.682789999999999828e-02 3.322080000000000172e-02 4.283300000000000302e-02 2.094479999999999953e-02 -1.665940000000000129e-02 -6.810159999999999825e-02 -1.250620000000000065e-01 -1.744610000000000050e-01 -2.093569999999999875e-01 -2.342410000000000048e-01 -2.709230000000000249e-01 -3.244949999999999779e-01 -4.035329999999999750e-01 -5.177319999999999700e-01 -6.684480000000000421e-01 -8.450029999999999486e-01 -1.023430000000000062e+00 -1.168330000000000091e+00 -1.251759999999999984e+00 -1.251560000000000006e+00 -1.163319999999999910e+00 -1.001120000000000010e+00 -7.915039999999999853e-01 -5.723599999999999799e-01 -3.678000000000000158e-01 -1.862139999999999906e-01 -3.289290000000000269e-02 8.446929999999999716e-02 1.577999999999999958e-01 1.816139999999999977e-01 1.570499999999999952e-01 1.036590000000000011e-01 4.760099999999999748e-02 7.988379999999999787e-03 -1.694259999999999863e-02 -4.856080000000000119e-02 -1.076870000000000049e-01 -2.026610000000000078e-01 -3.245069999999999899e-01 -4.644260000000000055e-01 -6.045719999999999983e-01 -7.343509999999999760e-01 -8.363340000000000218e-01 -9.032040000000000068e-01 -9.404400000000000537e-01 -9.667759999999999687e-01 -9.925429999999999531e-01 -1.004650000000000043e+00 -9.855190000000000339e-01 -9.233489999999999753e-01 -8.345529999999999893e-01 -7.313990000000000213e-01 -6.210729999999999862e-01 -5.001020000000000465e-01 -3.613129999999999953e-01 -2.146490000000000065e-01 -6.837619999999999809e-02 6.706520000000000536e-02 1.803369999999999973e-01 2.691339999999999844e-01 3.382040000000000046e-01 3.884610000000000007e-01 4.135369999999999879e-01 4.058359999999999745e-01 3.749410000000000243e-01 3.375460000000000127e-01 2.942029999999999923e-01 2.415120000000000045e-01 1.817229999999999956e-01 1.312339999999999895e-01 9.463950000000000140e-02 5.933909999999999879e-02 3.241329999999999906e-02 1.649540000000000034e-02 6.919100000000000077e-03 4.492669999999999823e-03 0.000000000000000000e+00
0.000000000000000000e+00 -3.689680000000000043e-02 -6.596760000000000124e-02 -7.513640000000000596e-02 -4.251100000000000018e-02 2.607809999999999989e-02 1.126090000000000008e-01 1.836919999999999942e-01 2.268129999999999868e-01 2.430670000000000053e-01 2.341620000000000090e-01 1.885560000000000014e-01 9.174899999999999722e-02 -5.830319999999999947e-02 -2.399320000000000064e-01 -4.240470000000000073e-01 -5.824240000000000528e-01 -6.881559999999999899e-01 -7.288029999999999786e-01 -6.935470000000000246e-01 -6.015449999999999964e-01 -4.710230000000000250e-01 -3.390170000000000128e-01 -2.314370000000000038e-01 -1.734150000000000136e-01 -1.629089999999999983e-01 -1.866780000000000106e-01 -2.269799999999999873e-01 -2.779030000000000111e-01 -3.286950000000000149e-01 -3.712799999999999989e-01 -3.958530000000000104e-01 -4.083300000000000263e-01 -4.273020000000000151e-01 -4.587550000000000239e-01 -5.176349999999999563e-01 -6.129559999999999453e-01 -7.456080000000000485e-01 -9.075809999999999711e-01 -1.075539999999999941e+00 -1.209300000000000042e+00 -1.284299999999999997e+00 -1.268909999999999982e+00 -1.164940000000000087e+00 -9.844039999999999457e-01 -7.567369999999999930e-01 -5.177009999999999668e-01 -2.958330000000000126e-01 -1.023730000000000057e-01 5.348830000000000251e-02 1.640510000000000024e-01 2.244329999999999936e-01 2.240030000000000077e-01 1.713220000000000021e-01 8.695709999999999551e-02 9.172919999999999989e-04 -6.606320000000000248e-02 -1.091519999999999990e-01 -1.470809999999999895e-01 -2.041050000000000086e-01 -2.854920000000000235e-01 -3.910250000000000115e-01 -5.147000000000000464e-01 -6.373900000000000121e-01 -7.538749999999999618e-01 -8.450250000000000261e-01 -9.045170000000000154e-01 -9.363850000000000229e-01 -9.564529999999999976e-01 -9.723450000000000149e-01 -9.740240000000000009e-01 -9.463190000000000213e-01 -8.754950000000000232e-01 -7.797770000000000534e-01 -6.709150000000000391e-01 -5.568800000000000416e-01 -4.367150000000000198e-01 -3.024839999999999751e-01 -1.583019999999999983e-01 -1.237100000000000005e-02 1.292439999999999978e-01 2.591189999999999882e-01 3.689290000000000069e-01 4.665400000000000102e-01 5.491139999999999910e-01 6.045859999999999568e-01 6.292919999999999625e-01 6.274720000000000297e-01 6.075949999999999962e-01 5.718349999999999822e-01 5.215819999999999901e-01 4.557350000000000012e-01 3.874230000000000174e-01 3.244589999999999974e-01 2.579870000000000219e-01 1.971650000000000069e-01 1.420069999999999943e-01 8.920160000000000589e-02 4.517739999999999950e-02 0.000000000000000000e+00
0.000000000000000000e+00 -5.485339999999999661e-02 -1.001240000000000047e-01 -1.176949999999999941e-01 -9.541030000000000344e-02 -3.234009999999999663e-02 4.376789999999999847e-02 1.070239999999999941e-01 1.379650000000000043e-01 1.397029999999999939e-01 1.120720000000000049e-01 4.603290000000000159e-02 -6.997630000000000516e-02 -2.399320000000000064e-01 -4.396070000000000255e-01 -6.428000000000000380e-01 -8.124930000000000208e-01 -9.240460000000000340e-01 -9.625000000000000222e-01 -9.198720000000000230e-01 -8.183420000000000138e-01 -6.768790000000000084e-01 -5.334020000000000428e-01 -4.193620000000000125e-01 -3.503359999999999808e-01 -3.328389999999999960e-01 -3.506589999999999985e-01 -3.868219999999999992e-01 -4.331900000000000195e-01 -4.758479999999999932e-01 -5.045420000000000460e-01 -5.198850000000000415e-01 -5.181850000000000067e-01 -5.198409999999999975e-01 -5.328070000000000306e-01 -5.749990000000000379e-01 -6.536739999999999773e-01 -7.702459999999999862e-01 -9.180789999999999784e-01 -1.071339999999999959e+00 -1.193000000000000060e+00 -1.257379999999999942e+00 -1.232299999999999951e+00 -1.113580000000000014e+00 -9.193550000000000333e-01 -6.790599999999999969e-01 -4.289780000000000260e-01 -1.964889999999999970e-01 -1.626330000000000050e-03 1.419779999999999931e-01 2.369590000000000030e-01 2.728490000000000082e-01 2.414870000000000072e-01 1.526780000000000082e-01 3.749670000000000086e-02 -7.884190000000000642e-02 -1.716669999999999863e-01 -2.261640000000000039e-01 -2.642959999999999754e-01 -3.077280000000000015e-01 -3.669640000000000124e-01 -4.434810000000000141e-01 -5.374200000000000088e-01 -6.307399999999999674e-01 -7.198579999999999979e-01 -7.892310000000000159e-01 -8.290039999999999631e-01 -8.462340000000000417e-01 -8.542309999999999626e-01 -8.540999999999999703e-01 -8.446690000000000031e-01 -8.102340000000000098e-01 -7.346369999999999845e-01 -6.411959999999999882e-01 -5.354489999999999528e-01 -4.279450000000000198e-01 -3.215939999999999910e-01 -2.036959999999999882e-01 -7.852760000000000296e-02 5.012670000000000320e-02 1.816550000000000109e-01 3.070720000000000116e-01 4.222060000000000257e-01 5.348479999999999901e-01 6.365800000000000347e-01 7.172159999999999647e-01 7.712560000000000526e-01 8.005360000000000253e-01 8.061700000000000532e-01 7.836149999999999505e-01 7.445929999999999493e-01 6.860880000000000312e-01 6.093279999999999808e-01 5.285069999999999490e-01 4.424560000000000159e-01 3.556619999999999782e-01 2.655520000000000103e-01 1.739390000000000103e-01 8.922929999999999751e-02 0.000000000000000000e+00
