0	0	0	0	0	0	0	0	0	0	0	0	0	0	0	0	0	0	0	0	0	0	0	0	0	0	0	0	0	0	0	0	0	0	0	0	0	0	0	0	0	0	0	0	0	0	0	0	0	0	0	0	0	0	0	0	0	0	0	0	0	0	0	0	0	0	0	0	0	0	0	0	0	0	0	0	0	0	0	0	0	0	0	0	0	0	0	0	0	0	0	0	0	0	0	0	0	0	0	0	
0	-0.0252616	-0.0620947	-0.10741	-0.146487	-0.171423	-0.175143	-0.161557	-0.134944	-0.0993409	-0.0508862	0.00845857	0.072859	0.138998	0.203259	0.260974	0.302193	0.319463	0.30966	0.281747	0.249865	0.223387	0.20037	0.171969	0.13585	0.0964942	0.0624292	0.0392487	0.0258612	0.0101587	-0.0195359	-0.0634332	-0.112465	-0.151786	-0.170374	-0.170406	-0.155997	-0.134485	-0.107149	-0.0700173	-0.0164286	0.0493354	0.114216	0.163652	0.189236	0.191527	0.177826	0.15319	0.11981	0.0800651	0.0368906	-0.00209853	-0.0351881	-0.061768	-0.0816324	-0.0914772	-0.0873843	-0.0674283	-0.0376799	-0.0114247	0.00349667	0.0165012	0.0362394	0.0632081	0.0913843	0.111335	0.120183	0.121837	0.119907	0.114984	0.0988283	0.070469	0.0319892	-0.0156333	-0.0661605	-0.11792	-0.166226	-0.20625	-0.236041	-0.254752	-0.265652	-0.269456	-0.260409	-0.236211	-0.197669	-0.149735	-0.0992473	-0.0523617	-0.0113595	0.0269282	0.0606617	0.0905004	0.113798	0.124813	0.123611	0.110967	0.0889232	0.0610329	0.0314389	0	
0	-0.0620947	-0.138869	-0.221058	-0.291236	-0.337101	-0.351009	-0.329728	-0.280474	-0.207561	-0.109706	0.00719886	0.132207	0.25929	0.381643	0.4878	0.560297	0.589912	0.573165	0.52638	0.468724	0.415185	0.364007	0.306723	0.243476	0.181004	0.125371	0.0819562	0.0473101	0.00821032	-0.0508696	-0.12714	-0.209868	-0.278156	-0.317221	-0.324687	-0.304542	-0.260378	-0.199431	-0.120001	-0.0177717	0.096233	0.202401	0.282998	0.325081	0.331399	0.309763	0.264511	0.202772	0.12692	0.0459908	-0.0265731	-0.0861482	-0.131176	-0.158455	-0.167896	-0.155699	-0.122465	-0.0776387	-0.0342118	-0.000869215	0.0346699	0.0774684	0.127653	0.177379	0.212872	0.230681	0.231899	0.221242	0.203081	0.168979	0.119497	0.0544917	-0.0278881	-0.120502	-0.217079	-0.308352	-0.384161	-0.44156	-0.479723	-0.495133	-0.492029	-0.46808	-0.424232	-0.363118	-0.287978	-0.205232	-0.120787	-0.0423556	0.0315218	0.0933926	0.140659	0.176133	0.193778	0.19429	0.181002	0.151217	0.10737	0.0577104	0	
0	-0.10741	-0.221058	-0.329833	-0.414654	-0.476152	-0.497749	-0.474355	-0.403373	-0.295514	-0.149792	0.0209262	0.199856	0.377763	0.541095	0.675263	0.76182	0.796144	0.776994	0.718767	0.640273	0.55792	0.477788	0.398082	0.324442	0.258003	0.196258	0.13573	0.0773863	0.0109351	-0.0733161	-0.171102	-0.274168	-0.364779	-0.423303	-0.445772	-0.421736	-0.355709	-0.256248	-0.134297	0.00657935	0.149999	0.276285	0.369736	0.420628	0.426214	0.392761	0.325569	0.233052	0.127994	0.0200645	-0.0729079	-0.147313	-0.197337	-0.220448	-0.217434	-0.194659	-0.154429	-0.0996143	-0.0421775	0.00772625	0.0629198	0.12364	0.182352	0.235929	0.276893	0.300212	0.30293	0.284557	0.252435	0.198405	0.128589	0.0443929	-0.0614683	-0.177029	-0.29765	-0.411716	-0.508178	-0.581003	-0.622083	-0.635262	-0.627491	-0.596757	-0.549689	-0.488112	-0.411158	-0.319045	-0.218566	-0.119845	-0.0246923	0.0534379	0.117511	0.169485	0.202147	0.218248	0.214759	0.187508	0.138056	0.074853	0	
0	-0.146487	-0.291236	-0.414654	-0.506871	-0.569485	-0.592384	-0.557996	-0.467723	-0.328489	-0.142556	0.075015	0.299169	0.511639	0.694296	0.833684	0.918895	0.953558	0.932616	0.866251	0.767471	0.659463	0.556523	0.465066	0.390803	0.328898	0.264128	0.190562	0.110051	0.0210683	-0.083331	-0.195416	-0.311082	-0.413462	-0.484396	-0.510702	-0.48071	-0.39011	-0.258392	-0.104689	0.0610122	0.218052	0.349772	0.446804	0.495834	0.493882	0.443079	0.347647	0.228616	0.0989804	-0.0252219	-0.127241	-0.203501	-0.249617	-0.259414	-0.241479	-0.203459	-0.150705	-0.0863072	-0.0154929	0.049969	0.117914	0.178348	0.228569	0.271553	0.302525	0.32064	0.318697	0.293019	0.24885	0.177326	0.088536	-0.0118163	-0.126075	-0.24488	-0.365567	-0.479206	-0.571665	-0.637866	-0.675119	-0.682001	-0.675236	-0.657127	-0.628435	-0.584766	-0.519437	-0.434481	-0.337461	-0.24158	-0.143052	-0.052059	0.030506	0.109292	0.169356	0.205004	0.215879	0.193861	0.142744	0.0790734	0	
0	-0.171423	-0.337101	-0.476152	-0.569485	-0.628108	-0.635058	-0.582913	-0.468229	-0.303695	-0.0850384	0.167484	0.42038	0.649072	0.833691	0.967392	1.04579	1.07541	1.04889	0.971189	0.856833	0.731307	0.614531	0.513855	0.436982	0.374013	0.306383	0.221179	0.124777	0.0175592	-0.100709	-0.218671	-0.333195	-0.432521	-0.4968	-0.51783	-0.473005	-0.363061	-0.206937	-0.0335278	0.142132	0.298625	0.421227	0.503725	0.539094	0.521294	0.45401	0.344084	0.207643	0.0653157	-0.0697308	-0.174481	-0.246522	-0.281022	-0.278898	-0.247611	-0.198492	-0.131514	-0.0445297	0.0464552	0.120781	0.18902	0.248266	0.290367	0.31673	0.32429	0.314547	0.287775	0.24368	0.187645	0.102338	0.00157085	-0.101266	-0.210453	-0.314353	-0.417879	-0.515401	-0.593486	-0.645312	-0.666998	-0.673781	-0.682422	-0.68463	-0.677671	-0.652689	-0.605021	-0.536708	-0.456631	-0.373497	-0.278384	-0.183735	-0.0857912	0.0126771	0.0912542	0.146755	0.172862	0.164171	0.125392	0.0701129	0	
0	-0.175143	-0.351009	-0.497749	-0.592384	-0.635058	-0.62038	-0.539677	-0.40118	-0.212507	0.0262975	0.292315	0.546475	0.767399	0.942639	1.06899	1.13981	1.16022	1.12118	1.03346	0.911894	0.78218	0.658988	0.549878	0.464062	0.395792	0.321817	0.227644	0.117634	-0.00161417	-0.124219	-0.234002	-0.331085	-0.408853	-0.455685	-0.459201	-0.401382	-0.275252	-0.106701	0.0716531	0.243732	0.384467	0.482082	0.537822	0.548182	0.515998	0.445508	0.334933	0.20037	0.0506498	-0.0929366	-0.20248	-0.26998	-0.296109	-0.283961	-0.247406	-0.189408	-0.107566	-0.00511465	0.0987027	0.178262	0.247705	0.303004	0.341082	0.357407	0.340207	0.295077	0.230937	0.156578	0.0819508	-0.00726858	-0.0999159	-0.188526	-0.279039	-0.365321	-0.451468	-0.529004	-0.584155	-0.620119	-0.641876	-0.65334	-0.671366	-0.688253	-0.698425	-0.695648	-0.672555	-0.628254	-0.565692	-0.493019	-0.40146	-0.304992	-0.20765	-0.107525	-0.0228769	0.0410226	0.0850016	0.0978628	0.0801407	0.0495276	0	
0	-0.161557	-0.329728	-0.474355	-0.557996	-0.582913	-0.539677	-0.432358	-0.267857	-0.063293	0.180243	0.432967	0.660456	0.852589	1.00766	1.12292	1.18571	1.19565	1.14554	1.04932	0.925573	0.79682	0.675078	0.563393	0.47286	0.39677	0.315239	0.212704	0.098885	-0.0168888	-0.127079	-0.215759	-0.287461	-0.340945	-0.362819	-0.347142	-0.272019	-0.138611	0.0283874	0.196038	0.349488	0.467214	0.536787	0.56105	0.5452	0.496235	0.422532	0.321982	0.19566	0.0526345	-0.0908696	-0.199116	-0.26514	-0.291251	-0.284936	-0.25203	-0.193744	-0.104799	0.0101209	0.119242	0.194245	0.254641	0.306904	0.340975	0.347778	0.316191	0.251826	0.164733	0.0701736	-0.0124539	-0.0995303	-0.17987	-0.250683	-0.328127	-0.40146	-0.469178	-0.525139	-0.562139	-0.585798	-0.599366	-0.613597	-0.640886	-0.668506	-0.696069	-0.715276	-0.716978	-0.69511	-0.651776	-0.595484	-0.517091	-0.434885	-0.346067	-0.248183	-0.159983	-0.0821976	-0.021271	0.0129336	0.0221229	0.0183931	0	
0	-0.134944	-0.280474	-0.403373	-0.467723	-0.468229	-0.40118	-0.267857	-0.0880177	0.118286	0.342404	0.560658	0.745018	0.896897	1.02062	1.11663	1.17052	1.17853	1.12651	1.02647	0.898571	0.771959	0.657714	0.554139	0.461937	0.374991	0.279013	0.170166	0.0646944	-0.0306314	-0.113817	-0.176142	-0.22232	-0.247267	-0.238298	-0.189361	-0.0937978	0.0430201	0.194479	0.33386	0.458253	0.5469	0.587088	0.581126	0.535377	0.465121	0.384378	0.288096	0.18032	0.0572339	-0.0665368	-0.165517	-0.234264	-0.2742	-0.283095	-0.26305	-0.209978	-0.124306	-0.0169049	0.0836975	0.150053	0.204632	0.247136	0.27287	0.276746	0.247058	0.186185	0.102435	0.00961262	-0.0715295	-0.149559	-0.217988	-0.279774	-0.347601	-0.410886	-0.469803	-0.516093	-0.541716	-0.556451	-0.56341	-0.568604	-0.592915	-0.630473	-0.675351	-0.714572	-0.73377	-0.727893	-0.702918	-0.670602	-0.621326	-0.562992	-0.490148	-0.397006	-0.302149	-0.215073	-0.138071	-0.0828555	-0.0490047	-0.0179683	0	
0	-0.0993409	-0.207561	-0.295514	-0.328489	-0.303695	-0.212507	-0.063293	0.118286	0.30235	0.487331	0.657823	0.796585	0.905504	0.992939	1.0636	1.10868	1.11945	1.07184	0.970786	0.84115	0.718377	0.615598	0.520133	0.425482	0.324753	0.216994	0.109307	0.0203803	-0.0478552	-0.10398	-0.140747	-0.159855	-0.151846	-0.101434	-0.0138475	0.107469	0.247319	0.381782	0.493906	0.585847	0.642039	0.647427	0.604398	0.52411	0.425739	0.329037	0.23674	0.14782	0.0573054	-0.0362425	-0.116222	-0.184713	-0.240449	-0.271957	-0.26986	-0.233382	-0.166309	-0.077559	0.00493477	0.0593124	0.104589	0.144859	0.170425	0.175474	0.151862	0.103964	0.035149	-0.040809	-0.103744	-0.171964	-0.234819	-0.287554	-0.342863	-0.394236	-0.445678	-0.495461	-0.528613	-0.540025	-0.532861	-0.525647	-0.546302	-0.587832	-0.642093	-0.690795	-0.720581	-0.730331	-0.72935	-0.72694	-0.705184	-0.671119	-0.615138	-0.530134	-0.436241	-0.338421	-0.244741	-0.167129	-0.104675	-0.0471835	0	
0	-0.0508862	-0.109706	-0.149792	-0.142556	-0.0850384	0.0262975	0.180243	0.342404	0.487331	0.618902	0.736083	0.825273	0.892395	0.945617	0.992844	1.02531	1.03113	0.98373	0.887305	0.766988	0.657141	0.564049	0.472807	0.373714	0.26728	0.159232	0.0591387	-0.0145039	-0.0660274	-0.102082	-0.11626	-0.10593	-0.0608562	0.0291523	0.154546	0.301354	0.450872	0.581047	0.675229	0.739984	0.760055	0.725748	0.644687	0.53204	0.409132	0.297206	0.200772	0.125849	0.0604553	-0.00357884	-0.0659044	-0.131563	-0.194812	-0.239886	-0.258867	-0.248748	-0.212052	-0.15274	-0.0915888	-0.0520557	-0.0136078	0.0222875	0.0474651	0.0555245	0.0379205	-0.00167002	-0.0526822	-0.104706	-0.149016	-0.200331	-0.249449	-0.287586	-0.324585	-0.361558	-0.410208	-0.460942	-0.491854	-0.501616	-0.492497	-0.483674	-0.502717	-0.543836	-0.599684	-0.656753	-0.705326	-0.739896	-0.761665	-0.775349	-0.767766	-0.742879	-0.693617	-0.61442	-0.519398	-0.416838	-0.31035	-0.214435	-0.135552	-0.0609159	0	
0	0.00845857	0.00719886	0.0209262	0.075015	0.167484	0.292315	0.432967	0.560658	0.657823	0.736083	0.796021	0.833603	0.859909	0.887353	0.915744	0.930363	0.920453	0.86857	0.783014	0.683472	0.591628	0.510131	0.424228	0.330843	0.231559	0.131709	0.0392185	-0.0307221	-0.0757807	-0.100073	-0.093861	-0.0565409	0.0175762	0.13684	0.290535	0.462064	0.630398	0.768193	0.856751	0.898776	0.885794	0.816037	0.704663	0.569222	0.428354	0.302897	0.201948	0.130978	0.0783379	0.0290369	-0.0181459	-0.0716552	-0.134118	-0.192621	-0.23594	-0.257789	-0.25265	-0.219054	-0.180237	-0.15794	-0.137226	-0.111214	-0.0893532	-0.0829128	-0.0998942	-0.12921	-0.163208	-0.193798	-0.213645	-0.243655	-0.271077	-0.288997	-0.311064	-0.339495	-0.375609	-0.410622	-0.427898	-0.42824	-0.422603	-0.42435	-0.453625	-0.503862	-0.5703	-0.643328	-0.70933	-0.759223	-0.793543	-0.814101	-0.804789	-0.773764	-0.71734	-0.630034	-0.528538	-0.419293	-0.31056	-0.215681	-0.135772	-0.0626804	0	
0	0.072859	0.132207	0.199856	0.299169	0.42038	0.546475	0.660456	0.745018	0.796585	0.825273	0.833603	0.821822	0.811581	0.814665	0.823294	0.819258	0.795298	0.743987	0.67257	0.59327	0.521427	0.457277	0.391377	0.317217	0.233569	0.142086	0.048026	-0.0276421	-0.0770249	-0.0944089	-0.0721801	-0.0141866	0.0794457	0.215337	0.38686	0.57882	0.765946	0.916595	1.00527	1.03293	0.996386	0.902217	0.77067	0.621233	0.47196	0.34092	0.23827	0.168763	0.119349	0.0772423	0.0393783	-0.00287026	-0.0563628	-0.121464	-0.191871	-0.250479	-0.281326	-0.279168	-0.267269	-0.270425	-0.269482	-0.257588	-0.243945	-0.239151	-0.247873	-0.265272	-0.283442	-0.29571	-0.297688	-0.299605	-0.298808	-0.296681	-0.307489	-0.326418	-0.347915	-0.360917	-0.357851	-0.351114	-0.346129	-0.357244	-0.401205	-0.470907	-0.558328	-0.645567	-0.720192	-0.772567	-0.801441	-0.812066	-0.795426	-0.753294	-0.681138	-0.579497	-0.466531	-0.357064	-0.256898	-0.174627	-0.11057	-0.0507877	0	
0	0.138998	0.25929	0.377763	0.511639	0.649072	0.767399	0.852589	0.896897	0.905504	0.892395	0.859909	0.811581	0.766284	0.736425	0.717603	0.697944	0.67221	0.628783	0.568994	0.50472	0.452162	0.415085	0.379615	0.333751	0.270007	0.186242	0.0890837	0.000109393	-0.0609107	-0.0802627	-0.0493575	0.0226014	0.127503	0.269217	0.446942	0.647096	0.845827	1.00722	1.10218	1.12772	1.08256	0.977131	0.834916	0.679168	0.529503	0.405321	0.311905	0.248001	0.198964	0.15804	0.129504	0.103011	0.055142	-0.0212987	-0.117058	-0.212196	-0.286195	-0.330857	-0.364381	-0.401636	-0.426867	-0.429706	-0.418985	-0.407383	-0.403343	-0.403739	-0.407331	-0.405917	-0.387598	-0.364752	-0.339847	-0.32107	-0.317157	-0.321648	-0.328373	-0.330778	-0.32144	-0.303841	-0.291162	-0.300264	-0.351977	-0.439912	-0.543306	-0.639976	-0.709675	-0.74638	-0.760334	-0.756628	-0.724678	-0.666772	-0.58226	-0.473307	-0.358628	-0.251945	-0.162279	-0.0977638	-0.0547847	-0.0227559	0	
0	0.203259	0.381643	0.541095	0.694296	0.833691	0.942639	1.00766	1.02062	0.992939	0.945617	0.887353	0.814665	0.736425	0.667564	0.617333	0.587078	0.564673	0.530767	0.480474	0.430073	0.398798	0.388002	0.381424	0.361909	0.319455	0.249485	0.154459	0.05607	-0.0191671	-0.0473892	-0.0174295	0.058005	0.164387	0.302847	0.475017	0.671922	0.870955	1.03659	1.1409	1.17452	1.13638	1.03514	0.895612	0.74531	0.608603	0.498774	0.419583	0.362845	0.318498	0.284169	0.263742	0.243427	0.197354	0.109909	-0.0130659	-0.148027	-0.273385	-0.377708	-0.468703	-0.550518	-0.603605	-0.61848	-0.607338	-0.586146	-0.564748	-0.549184	-0.536299	-0.513622	-0.476235	-0.435823	-0.399845	-0.368497	-0.346995	-0.335257	-0.333051	-0.333526	-0.322492	-0.299238	-0.274408	-0.27529	-0.321638	-0.404978	-0.503029	-0.587356	-0.644411	-0.66905	-0.66417	-0.638211	-0.589562	-0.51981	-0.429129	-0.320378	-0.209446	-0.112141	-0.0367551	0.00846834	0.0234024	0.0186585	0	
0	0.260974	0.4878	0.675263	0.833684	0.967392	1.06899	1.12292	1.11663	1.0636	0.992844	0.915744	0.823294	0.717603	0.617333	0.543548	0.501475	0.476787	0.447213	0.408231	0.375628	0.365064	0.375422	0.390186	0.390948	0.367912	0.314275	0.23133	0.135286	0.0533534	0.0136487	0.0289941	0.0898912	0.183632	0.310335	0.474624	0.665786	0.860734	1.02696	1.13773	1.18319	1.15897	1.07278	0.948809	0.817686	0.702357	0.614891	0.552366	0.507902	0.473199	0.448838	0.43463	0.411599	0.349603	0.238998	0.0903442	-0.0800224	-0.25411	-0.418277	-0.567477	-0.694739	-0.779543	-0.80925	-0.796337	-0.764154	-0.731396	-0.702434	-0.670472	-0.626445	-0.572619	-0.52124	-0.474756	-0.430773	-0.392576	-0.369109	-0.364067	-0.362943	-0.348415	-0.317978	-0.288259	-0.280672	-0.308476	-0.367635	-0.436669	-0.497084	-0.531128	-0.531544	-0.507604	-0.46396	-0.400862	-0.320459	-0.226166	-0.123801	-0.0256983	0.0540902	0.105499	0.120963	0.102174	0.0584437	0	
0	0.302193	0.560297	0.76182	0.918895	1.04579	1.13981	1.18571	1.17052	1.10868	1.02531	0.930363	0.819258	0.697944	0.587078	0.501475	0.446683	0.410238	0.380016	0.349108	0.330766	0.334995	0.362429	0.394361	0.410775	0.401243	0.363401	0.301566	0.22403	0.151479	0.105161	0.0979753	0.128645	0.194055	0.301643	0.455525	0.640964	0.831951	0.994296	1.10959	1.16323	1.15323	1.08602	0.986393	0.883686	0.799318	0.734924	0.691429	0.660787	0.640127	0.623795	0.604158	0.562915	0.478486	0.344736	0.169565	-0.0313747	-0.242173	-0.449091	-0.644229	-0.810488	-0.924414	-0.969366	-0.961091	-0.929393	-0.892015	-0.853146	-0.805408	-0.7443	-0.679035	-0.616992	-0.557385	-0.498158	-0.450104	-0.423458	-0.412166	-0.401053	-0.379311	-0.345404	-0.310378	-0.290502	-0.293933	-0.320431	-0.353561	-0.37538	-0.376327	-0.354024	-0.311019	-0.252127	-0.180024	-0.0948454	-0.00188949	0.0923513	0.173174	0.22555	0.241886	0.219722	0.165508	0.0882682	0	
0	0.319463	0.589912	0.796144	0.953558	1.07541	1.16022	1.19565	1.17853	1.11945	1.03113	0.920453	0.795298	0.67221	0.564673	0.476787	0.410238	0.361418	0.323443	0.290887	0.273996	0.28765	0.329919	0.381304	0.413897	0.419185	0.399004	0.362364	0.312843	0.259917	0.214625	0.185744	0.179293	0.209272	0.290294	0.428979	0.606553	0.790588	0.949824	1.06642	1.12617	1.12662	1.07655	1.00069	0.926992	0.870896	0.832442	0.809779	0.797687	0.788913	0.772695	0.738723	0.672399	0.562192	0.406719	0.215019	-0.0017906	-0.227842	-0.455849	-0.674867	-0.868527	-1.0103	-1.07987	-1.09071	-1.07021	-1.03449	-0.987807	-0.928409	-0.857715	-0.785374	-0.708083	-0.630469	-0.561812	-0.51087	-0.480873	-0.462302	-0.438613	-0.403362	-0.354576	-0.302797	-0.26571	-0.24858	-0.252419	-0.257674	-0.24977	-0.22061	-0.169644	-0.106154	-0.034123	0.0420581	0.124953	0.210283	0.287641	0.344536	0.366998	0.348878	0.292843	0.20895	0.107692	0	
0	0.30966	0.573165	0.776994	0.932616	1.04889	1.12118	1.14554	1.12651	1.07184	0.98373	0.86857	0.743987	0.628783	0.530767	0.447213	0.380016	0.323443	0.274725	0.228429	0.205955	0.220671	0.27541	0.344051	0.39927	0.427805	0.430763	0.422198	0.401182	0.371222	0.332298	0.286794	0.250034	0.24595	0.298238	0.412971	0.570288	0.739863	0.889087	1.00594	1.07072	1.08197	1.04848	0.992584	0.938131	0.900623	0.877636	0.872908	0.874922	0.87274	0.850122	0.799084	0.715663	0.592803	0.430052	0.233814	0.0168439	-0.206961	-0.433345	-0.659701	-0.864677	-1.02528	-1.12169	-1.16143	-1.16213	-1.13309	-1.08368	-1.01761	-0.939904	-0.855655	-0.764828	-0.678562	-0.608461	-0.558103	-0.523744	-0.495408	-0.45882	-0.408453	-0.33735	-0.261633	-0.203465	-0.168987	-0.158778	-0.149639	-0.126678	-0.0792267	-0.0108581	0.0667772	0.146652	0.22141	0.295346	0.364263	0.421027	0.454367	0.453543	0.413789	0.338664	0.239511	0.122476	0	
0	0.281747	0.52638	0.718767	0.866251	0.971189	1.03346	1.04932	1.02647	0.970786	0.887305	0.783014	0.67257	0.568994	0.480474	0.408231	0.349108	0.290887	0.228429	0.16949	0.13718	0.152053	0.211593	0.297847	0.379455	0.439795	0.474863	0.497982	0.504493	0.492364	0.454993	0.39811	0.337906	0.308245	0.330596	0.412502	0.540836	0.687662	0.824282	0.937934	1.00627	1.02732	1.00691	0.962628	0.914258	0.8792	0.860543	0.86172	0.869312	0.866909	0.837958	0.781873	0.696167	0.579368	0.425812	0.240452	0.0369471	-0.168498	-0.383165	-0.599656	-0.802318	-0.97242	-1.09074	-1.15759	-1.17949	-1.16318	-1.1198	-1.05575	-0.970624	-0.876605	-0.777872	-0.691725	-0.624445	-0.571491	-0.531105	-0.495533	-0.448398	-0.380348	-0.287512	-0.191263	-0.118441	-0.0717737	-0.0541543	-0.0436053	-0.0180375	0.0314952	0.100142	0.176431	0.252272	0.320091	0.382666	0.437056	0.47669	0.493178	0.48004	0.433492	0.355299	0.25263	0.130298	0	
0	0.249865	0.468724	0.640273	0.767471	0.856833	0.911894	0.925573	0.898571	0.84115	0.766988	0.683472	0.59327	0.50472	0.430073	0.375628	0.330766	0.273996	0.205955	0.13718	0.100884	0.112016	0.17679	0.27425	0.378735	0.471544	0.543564	0.601655	0.631119	0.627134	0.589537	0.523491	0.449733	0.396615	0.387565	0.433696	0.531758	0.658783	0.782066	0.887958	0.9534	0.975945	0.960222	0.916051	0.860113	0.814238	0.786092	0.781641	0.782193	0.773154	0.744067	0.695429	0.625841	0.527604	0.39752	0.240745	0.0671889	-0.113449	-0.304314	-0.504647	-0.696557	-0.864113	-0.991814	-1.07317	-1.1096	-1.10912	-1.08298	-1.02457	-0.93797	-0.840423	-0.7447	-0.66319	-0.597365	-0.543807	-0.499535	-0.459543	-0.40129	-0.32088	-0.217542	-0.113413	-0.0333182	0.017381	0.0352362	0.0456489	0.0633716	0.101564	0.15456	0.211693	0.272438	0.328205	0.381687	0.428441	0.461118	0.473194	0.459154	0.412941	0.335618	0.236719	0.121112	0	
0	0.223387	0.415185	0.55792	0.659463	0.731307	0.78218	0.79682	0.771959	0.718377	0.657141	0.591628	0.521427	0.452162	0.398798	0.365064	0.334995	0.28765	0.220671	0.152053	0.112016	0.125969	0.193389	0.297937	0.417934	0.539356	0.644324	0.726887	0.765777	0.764104	0.723186	0.653734	0.566023	0.491789	0.454391	0.472157	0.551152	0.666973	0.781647	0.87961	0.936253	0.950334	0.922203	0.859633	0.778925	0.708629	0.66053	0.638734	0.627554	0.615957	0.593633	0.562915	0.514564	0.445976	0.352221	0.235283	0.102673	-0.0365449	-0.199141	-0.37714	-0.553581	-0.713354	-0.837082	-0.91812	-0.961221	-0.976771	-0.965326	-0.920065	-0.841688	-0.754087	-0.668508	-0.592028	-0.52667	-0.474585	-0.434411	-0.391996	-0.32973	-0.246076	-0.141064	-0.0384757	0.0366613	0.0814143	0.092989	0.0931177	0.10002	0.118191	0.145086	0.181897	0.226241	0.271139	0.315292	0.358389	0.396327	0.414119	0.404702	0.361933	0.288826	0.199562	0.100762	0	
0	0.20037	0.364007	0.477788	0.556523	0.614531	0.658988	0.675078	0.657714	0.615598	0.564049	0.510131	0.457277	0.415085	0.388002	0.375422	0.362429	0.329919	0.27541	0.211593	0.17679	0.193389	0.263746	0.371314	0.504237	0.645153	0.763193	0.846595	0.881305	0.873599	0.829584	0.753519	0.659094	0.575203	0.526759	0.531122	0.599198	0.70822	0.818381	0.90955	0.955632	0.949394	0.892026	0.792024	0.672327	0.567625	0.490832	0.445401	0.418013	0.404358	0.399079	0.393549	0.373522	0.336353	0.284919	0.219192	0.137399	0.0406194	-0.0808109	-0.227852	-0.383985	-0.524057	-0.633375	-0.708136	-0.75321	-0.77718	-0.780899	-0.748905	-0.690429	-0.623863	-0.551784	-0.479629	-0.418066	-0.374182	-0.337499	-0.29976	-0.241197	-0.163787	-0.0695433	0.0215125	0.0821817	0.110004	0.108609	0.0960254	0.0793108	0.0754451	0.0884195	0.11228	0.144038	0.177781	0.219646	0.267862	0.308938	0.328676	0.322064	0.28686	0.227594	0.156002	0.0790762	0	
0	0.171969	0.306723	0.398082	0.465066	0.513855	0.549878	0.563393	0.554139	0.520133	0.472807	0.424228	0.391377	0.379615	0.381424	0.390186	0.394361	0.381304	0.344051	0.297847	0.27425	0.297937	0.371314	0.4856	0.628194	0.770909	0.877025	0.941892	0.958579	0.936797	0.879468	0.800964	0.713465	0.64435	0.607067	0.611272	0.672644	0.774445	0.877525	0.957642	0.983584	0.946125	0.848233	0.70635	0.547207	0.404558	0.290264	0.209396	0.161707	0.150083	0.162936	0.187391	0.201682	0.204705	0.196739	0.175042	0.139975	0.0962844	0.0226684	-0.080452	-0.195961	-0.304278	-0.393231	-0.460947	-0.508842	-0.54127	-0.552274	-0.538888	-0.50559	-0.45863	-0.400198	-0.336491	-0.2816	-0.242928	-0.21119	-0.177013	-0.129486	-0.0677228	0.00781816	0.0715432	0.104517	0.109109	0.0844353	0.04541	0.0123571	0.00135739	0.00757357	0.0227848	0.0469486	0.0838335	0.127658	0.173364	0.213085	0.229639	0.225217	0.199883	0.156633	0.107182	0.0546058	0	
0	0.13585	0.243476	0.324442	0.390803	0.436982	0.464062	0.47286	0.461937	0.425482	0.373714	0.330843	0.317217	0.333751	0.361909	0.390948	0.410775	0.413897	0.39927	0.379455	0.378735	0.417934	0.504237	0.628194	0.769861	0.8962	0.975504	1.00927	0.996831	0.948912	0.878109	0.802887	0.735798	0.695735	0.684936	0.703354	0.766632	0.862185	0.95071	1.0054	0.998618	0.921779	0.784499	0.606708	0.412211	0.230569	0.0729901	-0.047477	-0.118679	-0.132211	-0.0981506	-0.0422222	0.00716716	0.0487773	0.0846398	0.107762	0.117822	0.120035	0.101029	0.0534559	-0.0136637	-0.0790691	-0.144258	-0.208358	-0.259841	-0.296802	-0.321765	-0.3269	-0.311967	-0.27827	-0.228169	-0.171782	-0.121977	-0.0853113	-0.0523291	-0.0235447	0.0126146	0.0556226	0.099441	0.129791	0.129838	0.0972815	0.0389461	-0.0239658	-0.070804	-0.0883649	-0.0855937	-0.069247	-0.0390173	0.000966012	0.0433428	0.0845321	0.11835	0.134042	0.132766	0.115973	0.0849339	0.0508403	0.0245811	0	
0	0.0964942	0.181004	0.258003	0.328898	0.374013	0.395792	0.39677	0.374991	0.324753	0.26728	0.231559	0.233569	0.270007	0.319455	0.367912	0.401243	0.419185	0.427805	0.439795	0.471544	0.539356	0.645153	0.770909	0.8962	0.99418	1.03758	1.02904	0.97988	0.911531	0.83727	0.7708	0.72343	0.715409	0.742736	0.790758	0.867556	0.957131	1.02362	1.04279	0.995008	0.876129	0.701049	0.490771	0.264781	0.0461136	-0.148363	-0.299678	-0.389206	-0.407861	-0.368288	-0.291487	-0.204064	-0.114033	-0.0282706	0.0434374	0.100063	0.14844	0.17574	0.177196	0.159343	0.130222	0.0829857	0.0238865	-0.0288652	-0.073735	-0.109796	-0.128571	-0.122741	-0.0899717	-0.0448388	0.00487795	0.0513143	0.0857594	0.114494	0.13702	0.160382	0.183749	0.202898	0.202952	0.170217	0.104025	0.0169839	-0.0657216	-0.126252	-0.156903	-0.162496	-0.146227	-0.110237	-0.0647604	-0.0268776	0.00804801	0.0398926	0.0535191	0.0528526	0.039143	0.016257	-2.55221e-05	-0.00229768	0	
0	0.0624292	0.125371	0.196258	0.264128	0.306383	0.321817	0.315239	0.279013	0.216994	0.159232	0.131709	0.142086	0.186242	0.249485	0.314275	0.363401	0.399004	0.430763	0.474863	0.543564	0.644324	0.763193	0.877025	0.975504	1.03758	1.03463	0.977543	0.899121	0.825351	0.753362	0.691183	0.659354	0.685585	0.757219	0.84448	0.94154	1.03328	1.08422	1.07181	0.982234	0.817142	0.598618	0.350667	0.0904258	-0.15557	-0.368747	-0.532766	-0.63031	-0.655135	-0.612002	-0.517623	-0.397661	-0.261283	-0.118986	0.0072392	0.111947	0.203087	0.274402	0.319406	0.336891	0.331281	0.292105	0.23008	0.170725	0.116477	0.0706904	0.050633	0.0642994	0.101488	0.141865	0.181126	0.214729	0.235692	0.252447	0.267671	0.285315	0.301506	0.306363	0.286969	0.23123	0.140461	0.0381758	-0.0548021	-0.129095	-0.174515	-0.186078	-0.169105	-0.139918	-0.105813	-0.0720068	-0.0377571	-0.0107431	-0.00661569	-0.0170274	-0.0290384	-0.0395971	-0.0392839	-0.0208031	0	
0	0.0392487	0.0819562	0.13573	0.190562	0.221179	0.227644	0.212704	0.170166	0.109307	0.0591387	0.0392185	0.048026	0.0890837	0.154459	0.23133	0.301566	0.362364	0.422198	0.497982	0.601655	0.726887	0.846595	0.941892	1.00927	1.02904	0.977543	0.881103	0.788136	0.7098	0.634363	0.574105	0.561036	0.620645	0.732493	0.856934	0.982847	1.0897	1.13862	1.09988	0.967886	0.756484	0.495188	0.208845	-0.0808637	-0.345729	-0.563774	-0.72197	-0.813795	-0.836961	-0.790572	-0.683607	-0.536884	-0.363683	-0.178443	-0.00352759	0.148353	0.280223	0.391273	0.470973	0.509211	0.511313	0.474244	0.411498	0.345162	0.280641	0.227535	0.206178	0.22011	0.256195	0.293856	0.329576	0.357812	0.367454	0.372172	0.377939	0.388162	0.399211	0.398185	0.371006	0.304151	0.206433	0.101675	0.00169428	-0.0806052	-0.125898	-0.13547	-0.130771	-0.118338	-0.0925019	-0.0647614	-0.0418259	-0.0309207	-0.0388633	-0.0554886	-0.0704661	-0.078544	-0.0702326	-0.0389133	0	
0	0.0258612	0.0473101	0.0773863	0.110051	0.124777	0.117634	0.098885	0.0646944	0.0203803	-0.0145039	-0.0307221	-0.0276421	0.000109393	0.05607	0.135286	0.22403	0.312843	0.401182	0.504493	0.631119	0.765777	0.881305	0.958579	0.996831	0.97988	0.899121	0.788136	0.685322	0.596607	0.515562	0.46192	0.464832	0.543989	0.681016	0.838164	0.994728	1.12362	1.17307	1.11198	0.949665	0.709526	0.420462	0.107155	-0.205164	-0.480589	-0.69332	-0.838114	-0.915427	-0.928741	-0.875901	-0.76249	-0.605274	-0.413226	-0.195986	0.0152284	0.20137	0.364675	0.50262	0.600972	0.653278	0.664613	0.635075	0.574513	0.501276	0.421965	0.354086	0.317475	0.315169	0.33977	0.375856	0.419001	0.454278	0.470981	0.479749	0.485962	0.491423	0.495406	0.486257	0.451106	0.389359	0.303429	0.20333	0.104065	0.0246088	-0.0208998	-0.0405906	-0.0486988	-0.0436174	-0.02439	-0.0110811	-0.00793148	-0.00938768	-0.0232413	-0.0459219	-0.066904	-0.081966	-0.077905	-0.0450095	0	
0	0.0101587	0.00821032	0.0109351	0.0210683	0.0175592	-0.00161417	-0.0168888	-0.0306314	-0.0478552	-0.0660274	-0.0757807	-0.0770249	-0.0609107	-0.0191671	0.0533534	0.151479	0.259917	0.371222	0.492364	0.627134	0.764104	0.873599	0.936797	0.948912	0.911531	0.825351	0.7098	0.596607	0.499229	0.421893	0.377494	0.38879	0.480593	0.63794	0.821679	1.00307	1.14533	1.19206	1.11839	0.942425	0.690929	0.388623	0.0609857	-0.259057	-0.530207	-0.727788	-0.851276	-0.913638	-0.921034	-0.867266	-0.757395	-0.602093	-0.404272	-0.174798	0.0542807	0.259208	0.438295	0.591937	0.703551	0.761248	0.780211	0.762275	0.705952	0.625197	0.536304	0.45262	0.389775	0.361027	0.367456	0.401259	0.450154	0.499131	0.53328	0.557086	0.57344	0.58179	0.582453	0.568432	0.540261	0.489902	0.414512	0.325451	0.237642	0.167523	0.118577	0.0877229	0.0746159	0.0802693	0.0913107	0.0909218	0.0824484	0.0665931	0.03506	-0.00696606	-0.0432995	-0.0672549	-0.0682672	-0.0391219	0	
0	-0.0195359	-0.0508696	-0.0733161	-0.083331	-0.100709	-0.124219	-0.127079	-0.113817	-0.10398	-0.102082	-0.100073	-0.0944089	-0.0802627	-0.0473892	0.0136487	0.105161	0.214625	0.332298	0.454993	0.589537	0.723186	0.829584	0.879468	0.878109	0.83727	0.753362	0.634363	0.515562	0.421893	0.353744	0.315466	0.339398	0.447511	0.620441	0.818511	1.01125	1.16148	1.21318	1.14265	0.967527	0.713078	0.40647	0.0783436	-0.234176	-0.490636	-0.670983	-0.781191	-0.833309	-0.831359	-0.77613	-0.671907	-0.523556	-0.334973	-0.112128	0.114284	0.318849	0.499225	0.655728	0.770263	0.839501	0.86799	0.85401	0.797189	0.714231	0.62046	0.525921	0.445403	0.394853	0.384483	0.40583	0.445898	0.490396	0.531833	0.571382	0.604589	0.629836	0.645442	0.645667	0.626848	0.587085	0.524898	0.449816	0.381387	0.321975	0.276066	0.251878	0.243513	0.243216	0.23972	0.227433	0.207088	0.171069	0.111652	0.0440582	-0.011246	-0.0476903	-0.0547967	-0.0330135	0	
0	-0.0634332	-0.12714	-0.171102	-0.195416	-0.218671	-0.234002	-0.215759	-0.176142	-0.140747	-0.11626	-0.093861	-0.0721801	-0.0493575	-0.0174295	0.0289941	0.0979753	0.185744	0.286794	0.39811	0.523491	0.653734	0.753519	0.800964	0.802887	0.7708	0.691183	0.574105	0.46192	0.377494	0.315466	0.291002	0.335945	0.460296	0.636176	0.835107	1.03101	1.18829	1.25136	1.1943	1.02678	0.779878	0.483638	0.169002	-0.12603	-0.365327	-0.536549	-0.639919	-0.682406	-0.671762	-0.613903	-0.516804	-0.385312	-0.216179	-0.0147257	0.191151	0.379366	0.549304	0.697015	0.809147	0.878427	0.909903	0.902749	0.852412	0.775389	0.687421	0.589299	0.493309	0.428916	0.400328	0.399444	0.414818	0.444239	0.484396	0.52991	0.580626	0.630379	0.670193	0.694399	0.699791	0.675846	0.625956	0.564286	0.507118	0.459399	0.427235	0.41843	0.418715	0.413175	0.399447	0.376599	0.332497	0.265372	0.182922	0.0954099	0.0208375	-0.0312081	-0.0510691	-0.0356067	0	
0	-0.112465	-0.209868	-0.274168	-0.311082	-0.333195	-0.331085	-0.287461	-0.22232	-0.159855	-0.10593	-0.0565409	-0.0141866	0.0226014	0.058005	0.0898912	0.128645	0.179293	0.250034	0.337906	0.449733	0.566023	0.659094	0.713465	0.735798	0.72343	0.659354	0.561036	0.464832	0.38879	0.339398	0.335945	0.40128	0.529358	0.699426	0.891004	1.07808	1.23102	1.29896	1.25523	1.10502	0.880757	0.608518	0.319825	0.0513457	-0.16978	-0.33487	-0.43272	-0.470132	-0.457741	-0.408242	-0.328622	-0.218978	-0.0794126	0.0887384	0.263606	0.4231	0.564666	0.69456	0.80253	0.880059	0.918759	0.919413	0.884817	0.825127	0.746726	0.645576	0.542462	0.463094	0.409288	0.37864	0.367064	0.376889	0.409007	0.46118	0.527839	0.601733	0.66863	0.718457	0.740156	0.727357	0.693009	0.645538	0.598492	0.557932	0.539169	0.542749	0.546708	0.545486	0.533136	0.499109	0.430163	0.336575	0.233673	0.127043	0.032604	-0.0315765	-0.0546172	-0.040651	0	
0	-0.151786	-0.278156	-0.364779	-0.413462	-0.432521	-0.408853	-0.340945	-0.247267	-0.151846	-0.0608562	0.0175762	0.0794457	0.127503	0.164387	0.183632	0.194055	0.209272	0.24595	0.308245	0.396615	0.491789	0.575203	0.64435	0.695735	0.715409	0.685585	0.620645	0.543989	0.480593	0.447511	0.460296	0.529358	0.653778	0.815821	0.990286	1.15598	1.29293	1.36049	1.33257	1.20773	1.01127	0.767893	0.511429	0.273595	0.0708046	-0.0853755	-0.179557	-0.217831	-0.210869	-0.174393	-0.115369	-0.0370378	0.0636473	0.182015	0.304067	0.417372	0.530847	0.646145	0.755533	0.843699	0.895291	0.915689	0.904868	0.864068	0.793258	0.693344	0.583869	0.489303	0.408318	0.346184	0.30761	0.300192	0.329304	0.388983	0.472364	0.566264	0.646946	0.705473	0.73227	0.72588	0.70154	0.658689	0.617002	0.592272	0.588703	0.59774	0.607852	0.616133	0.603307	0.557505	0.477718	0.372509	0.24901	0.121916	0.0159707	-0.0501291	-0.0669154	-0.0454005	0	
0	-0.170374	-0.317221	-0.423303	-0.484396	-0.4968	-0.455685	-0.362819	-0.238298	-0.101434	0.0291523	0.13684	0.215337	0.269217	0.302847	0.310335	0.301643	0.290294	0.298238	0.330596	0.387565	0.454391	0.526759	0.607067	0.684936	0.742736	0.757219	0.732493	0.681016	0.63794	0.620441	0.636176	0.699426	0.815821	0.960811	1.10929	1.24917	1.3721	1.43851	1.42794	1.32624	1.1547	0.941623	0.719099	0.505852	0.319685	0.173055	0.0842666	0.0467045	0.0481936	0.0709906	0.104964	0.148137	0.199394	0.261019	0.328767	0.397362	0.477882	0.579749	0.689222	0.780375	0.840964	0.88159	0.901904	0.888508	0.834955	0.739258	0.620464	0.500582	0.385902	0.297248	0.24274	0.227517	0.253939	0.315257	0.399313	0.491221	0.569238	0.627556	0.658295	0.659447	0.642407	0.608163	0.577425	0.56153	0.56498	0.579732	0.599108	0.612197	0.593285	0.542174	0.458897	0.345467	0.210989	0.0794924	-0.0230778	-0.0850381	-0.0947428	-0.0599365	0	
0	-0.170406	-0.324687	-0.445772	-0.510702	-0.51783	-0.459201	-0.347142	-0.189361	-0.0138475	0.154546	0.290535	0.38686	0.446942	0.475017	0.474624	0.455525	0.428979	0.412971	0.412502	0.433696	0.472157	0.531122	0.611272	0.703354	0.790758	0.84448	0.856934	0.838164	0.821679	0.818511	0.835107	0.891004	0.990286	1.10929	1.22942	1.35251	1.46121	1.52512	1.52357	1.43752	1.28952	1.10579	0.905497	0.708183	0.537281	0.406844	0.329924	0.296904	0.294564	0.296617	0.301845	0.307484	0.315825	0.328894	0.350043	0.379273	0.435682	0.519277	0.613546	0.698193	0.763079	0.821616	0.866396	0.876219	0.840767	0.75898	0.642675	0.508328	0.372767	0.261494	0.183722	0.146293	0.155684	0.205162	0.275384	0.354156	0.420395	0.473265	0.509208	0.524209	0.525605	0.506912	0.489457	0.482402	0.487062	0.504603	0.526206	0.53587	0.51456	0.45882	0.368583	0.249938	0.117798	-0.00230255	-0.0942528	-0.142231	-0.135046	-0.0842233	0	
0	-0.155997	-0.304542	-0.421736	-0.48071	-0.473005	-0.401382	-0.272019	-0.0937978	0.107469	0.301354	0.462064	0.57882	0.647096	0.671922	0.665786	0.640964	0.606553	0.570288	0.540836	0.531758	0.551152	0.599198	0.672644	0.766632	0.867556	0.94154	0.982847	0.994728	1.00307	1.01125	1.03101	1.07808	1.15598	1.24917	1.35251	1.46109	1.55671	1.60951	1.60468	1.52779	1.39817	1.23201	1.04353	0.859697	0.710942	0.604336	0.544079	0.518271	0.501543	0.480501	0.457756	0.429642	0.400367	0.375933	0.356001	0.351747	0.386652	0.451908	0.5296	0.598587	0.657341	0.717369	0.770715	0.797708	0.786661	0.727997	0.625538	0.496568	0.357276	0.231804	0.130092	0.0619778	0.0406409	0.0602197	0.105041	0.164765	0.220509	0.274547	0.317462	0.34367	0.356367	0.351798	0.349194	0.351465	0.360889	0.380654	0.404048	0.407599	0.380694	0.327387	0.234694	0.114066	-0.0104778	-0.122136	-0.200748	-0.225428	-0.192245	-0.112725	0	
0	-0.134485	-0.260378	-0.355709	-0.39011	-0.363061	-0.275252	-0.138611	0.0430201	0.247319	0.450872	0.630398	0.765946	0.845827	0.870955	0.860734	0.831951	0.790588	0.739863	0.687662	0.658783	0.666973	0.70822	0.774445	0.862185	0.957131	1.03328	1.0897	1.12362	1.14533	1.16148	1.18829	1.23102	1.29293	1.3721	1.46121	1.55671	1.63164	1.66061	1.64046	1.56481	1.44841	1.29599	1.12446	0.964732	0.84038	0.753551	0.706498	0.673426	0.641382	0.601995	0.557158	0.505578	0.453325	0.395821	0.340382	0.306798	0.315256	0.357086	0.413908	0.468661	0.520623	0.576675	0.62868	0.663179	0.669219	0.631148	0.55017	0.439035	0.311774	0.181739	0.0603376	-0.032456	-0.0842151	-0.0939043	-0.0747851	-0.0359477	0.00600024	0.0535959	0.0994105	0.129248	0.151298	0.165095	0.172792	0.182718	0.20282	0.227135	0.246076	0.246132	0.218566	0.161071	0.0725196	-0.0399572	-0.156028	-0.251778	-0.314647	-0.319082	-0.255444	-0.142935	0	
0	-0.107149	-0.199431	-0.256248	-0.258392	-0.206937	-0.106701	0.0283874	0.194479	0.381782	0.581047	0.768193	0.916595	1.00722	1.03659	1.02696	0.994296	0.949824	0.889087	0.824282	0.782066	0.781647	0.818381	0.877525	0.95071	1.02362	1.08422	1.13862	1.17307	1.19206	1.21318	1.25136	1.29896	1.36049	1.43851	1.52512	1.60951	1.66061	1.65953	1.61385	1.53333	1.42	1.28135	1.13353	0.995277	0.889213	0.822846	0.779155	0.742417	0.702532	0.653334	0.596194	0.533238	0.464846	0.383736	0.300556	0.239912	0.224472	0.242829	0.279088	0.321005	0.367135	0.410448	0.45396	0.494738	0.508418	0.483321	0.424028	0.335251	0.223985	0.0953994	-0.0324483	-0.139819	-0.212138	-0.243893	-0.249532	-0.234025	-0.206497	-0.168118	-0.128614	-0.0929565	-0.0618705	-0.0399338	-0.0241015	-0.00652823	0.0266071	0.061691	0.0845759	0.0916445	0.0690575	0.00535219	-0.0866127	-0.193759	-0.30498	-0.390369	-0.42953	-0.41076	-0.323272	-0.175155	0	
0	-0.0700173	-0.120001	-0.134297	-0.104689	-0.0335278	0.0716531	0.196038	0.33386	0.493906	0.675229	0.856751	1.00527	1.10218	1.1409	1.13773	1.10959	1.06642	1.00594	0.937934	0.887958	0.87961	0.90955	0.957642	1.0054	1.04279	1.07181	1.09988	1.11198	1.11839	1.14265	1.1943	1.25523	1.33257	1.42794	1.52357	1.60468	1.64046	1.61385	1.54662	1.45086	1.33283	1.20133	1.06399	0.936542	0.847	0.791275	0.751719	0.7184	0.681516	0.632681	0.57647	0.515192	0.441142	0.346736	0.243406	0.158837	0.116908	0.116534	0.138797	0.166574	0.199296	0.227643	0.260266	0.296923	0.315477	0.305736	0.268767	0.204562	0.113114	-0.0101834	-0.140435	-0.250637	-0.337546	-0.38916	-0.41169	-0.415208	-0.403677	-0.378232	-0.342272	-0.30568	-0.274749	-0.245527	-0.219619	-0.18683	-0.137444	-0.0871974	-0.0479712	-0.0292736	-0.0460703	-0.1156	-0.218376	-0.330355	-0.444508	-0.52664	-0.546369	-0.499724	-0.386313	-0.209524	0	
0	-0.0164286	-0.0177717	0.00657935	0.0610122	0.142132	0.243732	0.349488	0.458253	0.585847	0.739984	0.898776	1.03293	1.12772	1.17452	1.18319	1.16323	1.12617	1.07072	1.00627	0.9534	0.936253	0.955632	0.983584	0.998618	0.995008	0.982234	0.967886	0.949665	0.942425	0.967527	1.02678	1.10502	1.20773	1.32624	1.43752	1.52779	1.56481	1.53333	1.45086	1.34162	1.21296	1.07181	0.929542	0.806292	0.72126	0.667656	0.630572	0.608526	0.584831	0.550107	0.514083	0.465076	0.392099	0.296774	0.184748	0.0852233	0.0270405	0.00383688	0.00341028	0.0119942	0.0223096	0.031915	0.0558772	0.0931986	0.115379	0.116101	0.100405	0.0562501	-0.0229443	-0.134353	-0.252516	-0.361779	-0.454185	-0.513733	-0.551805	-0.572144	-0.569768	-0.550282	-0.520176	-0.482886	-0.446947	-0.416374	-0.382318	-0.333084	-0.26993	-0.200086	-0.142067	-0.119298	-0.140192	-0.213779	-0.321954	-0.442441	-0.559091	-0.634811	-0.64282	-0.576908	-0.438721	-0.236307	0	
0	0.0493354	0.096233	0.149999	0.218052	0.298625	0.384467	0.467214	0.5469	0.642039	0.760055	0.885794	0.996386	1.08256	1.13638	1.15897	1.15323	1.12662	1.08197	1.02732	0.975945	0.950334	0.949394	0.946125	0.921779	0.876129	0.817142	0.756484	0.709526	0.690929	0.713078	0.779878	0.880757	1.01127	1.1547	1.28952	1.39817	1.44841	1.42	1.33283	1.21296	1.0647	0.905479	0.756273	0.632909	0.541233	0.479298	0.44795	0.437019	0.426641	0.418036	0.406093	0.374761	0.321494	0.242946	0.136827	0.0339724	-0.0392418	-0.0866138	-0.118286	-0.146374	-0.162107	-0.157709	-0.133257	-0.0953405	-0.0656518	-0.0556236	-0.0633681	-0.096597	-0.162277	-0.256875	-0.359117	-0.45536	-0.541162	-0.607444	-0.655429	-0.686202	-0.698156	-0.687069	-0.653504	-0.611145	-0.570766	-0.5321	-0.486194	-0.422345	-0.34826	-0.272458	-0.209695	-0.187267	-0.215518	-0.290409	-0.399884	-0.527976	-0.641577	-0.709168	-0.714227	-0.643332	-0.486907	-0.256326	0	
0	0.114216	0.202401	0.276285	0.349772	0.421227	0.482082	0.536787	0.587088	0.647427	0.725748	0.816037	0.902217	0.977131	1.03514	1.07278	1.08602	1.07655	1.04848	1.00691	0.960222	0.922203	0.892026	0.848233	0.784499	0.701049	0.598618	0.495188	0.420462	0.388623	0.40647	0.483638	0.608518	0.767893	0.941623	1.10579	1.23201	1.29599	1.28135	1.20133	1.07181	0.905479	0.731575	0.57639	0.440394	0.330836	0.259804	0.228256	0.221235	0.230334	0.250823	0.265084	0.265557	0.244145	0.191376	0.106432	0.00897967	-0.0835298	-0.157149	-0.221324	-0.279872	-0.312486	-0.312506	-0.286903	-0.24785	-0.216711	-0.200837	-0.201058	-0.226466	-0.278122	-0.353782	-0.43833	-0.521883	-0.600773	-0.665012	-0.716993	-0.757627	-0.776915	-0.770904	-0.740209	-0.696878	-0.650457	-0.593053	-0.528943	-0.45979	-0.37994	-0.30249	-0.250148	-0.235667	-0.268573	-0.350371	-0.462314	-0.586124	-0.696244	-0.761604	-0.760453	-0.681412	-0.51537	-0.271947	0	
0	0.163652	0.282998	0.369736	0.446804	0.503725	0.537822	0.56105	0.581126	0.604398	0.644687	0.704663	0.77067	0.834916	0.895612	0.948809	0.986393	1.00069	0.992584	0.962628	0.916051	0.859633	0.792024	0.70635	0.606708	0.490771	0.350667	0.208845	0.107155	0.0609857	0.0783436	0.169002	0.319825	0.511429	0.719099	0.905497	1.04353	1.12446	1.13353	1.06399	0.929542	0.756273	0.57639	0.407848	0.251011	0.125603	0.0451799	0.00630991	0.00164146	0.0268551	0.0695447	0.117086	0.155592	0.171372	0.150758	0.0920832	0.00465569	-0.0927942	-0.181903	-0.276927	-0.364045	-0.40507	-0.40707	-0.386482	-0.352017	-0.323527	-0.305767	-0.302282	-0.319845	-0.353952	-0.412178	-0.484511	-0.555673	-0.627362	-0.689446	-0.747261	-0.794588	-0.817637	-0.817774	-0.784176	-0.729317	-0.672789	-0.606265	-0.532314	-0.459778	-0.379053	-0.302672	-0.262926	-0.262321	-0.30088	-0.390668	-0.510629	-0.628891	-0.734386	-0.798318	-0.783178	-0.688015	-0.519217	-0.279493	0	
