0	0	0	0	0	0	0	0	0	0	0	0	0	0	0	0	0	0	0	0	0	0	0	0	0	0	0	0	0	0	0	0	0	0	0	0	0	0	0	0	0	0	0	0	0	0	0	0	0	0	0	0	0	0	0	0	0	0	0	0	0	0	0	0	0	0	0	0	0	0	0	0	0	0	0	0	0	0	0	0	0	0	0	0	0	0	0	0	0	0	0	0	0	0	0	0	0	0	0	0	
0	0.00021938	0.00074545	0.00129348	-0.000559628	0.000681413	-0.00131846	-0.00493391	0.000984991	-0.000329081	0.00249156	4.40426e-05	-0.00262501	0.00309836	0.00271671	-0.000879654	0.000318582	0.000611034	-0.000676251	-0.0012015	0.00203114	-0.00246936	-0.0034619	0.00113789	-0.00106113	-0.00255666	-0.00379628	-4.46855e-05	0.000690793	-0.00441323	-0.00506523	0.000361247	0.0023617	-0.00560956	-0.00552206	-0.00212352	0.00174353	0.000216883	-0.00447794	-0.00857007	-0.00536155	0.0048495	0.00580292	-0.00373993	-0.0110228	-0.0133759	-0.00602209	0.00102116	0.0105428	0.0130595	-0.00612373	-0.0253818	-0.0509362	-0.0589364	-0.0602234	-0.0540507	-0.0290489	0.00663425	0.0468908	0.0809076	0.103796	0.111183	0.116208	0.108685	0.0817506	0.0408383	-0.0172143	-0.0758635	-0.124724	-0.150769	-0.141455	-0.105647	-0.053869	0.004085	0.0597488	0.098028	0.112477	0.116915	0.110702	0.0920036	0.0686876	0.0334652	-0.010252	-0.041462	-0.0550633	-0.0577671	-0.0546059	-0.0433357	-0.0173353	0.00903318	0.0128335	0.00259292	-0.00210325	-0.00496421	-0.0113874	-0.0114834	-0.00146821	0.00813002	0.00818618	0	
0	0.00074545	-0.00119364	-0.0022074	0.00224769	-0.0018748	0.000482774	0.00660167	-0.00159479	-0.00377732	0.00156508	-0.00302701	-0.000901222	0.00036435	-0.00496247	-0.00507165	0.002547	0.0011161	-0.00456668	-0.00301686	0.00678743	-0.00449732	-0.00115134	0.00225366	0.00299325	-0.00316626	-0.00205343	0.00289095	0.00423433	-0.00402974	-0.00670063	0.00570501	0.00501467	-0.00494833	-0.00957598	0.00158122	0.00303438	0.00447275	-0.00894465	-0.0134357	-0.0100767	0.00945899	0.00859968	-0.00875917	-0.0256404	-0.0269047	-0.0175947	0.000416367	0.0163639	0.0199779	-0.0112026	-0.0549388	-0.095045	-0.114298	-0.115988	-0.100633	-0.055328	0.0132732	0.0919598	0.159019	0.200627	0.224052	0.235786	0.213975	0.165796	0.0819026	-0.0420663	-0.155191	-0.244188	-0.294292	-0.281263	-0.215686	-0.110745	0.0112827	0.12112	0.190838	0.220427	0.234368	0.22312	0.183773	0.135762	0.0673596	-0.017186	-0.0799336	-0.108813	-0.114942	-0.108415	-0.0856104	-0.0354757	0.0148618	0.0237354	0.00600869	-0.00339747	-0.0100009	-0.0222288	-0.0221691	-0.00320693	0.0152781	0.0157185	0	
0	0.00129348	-0.0022074	-0.000704493	0.00149282	-0.0025647	-0.000978263	0.000413293	0.000246798	-0.00164094	0.00269117	-0.00153146	-0.0021038	0.00234951	0.00118827	-0.0012706	-0.00082256	3.03035e-05	-0.00417794	-0.00192342	0.00363265	-0.00679632	-0.00515825	0.00131551	-0.00162883	-0.00580565	-0.00672185	0.00092552	0.000465809	-0.00836225	-0.011199	0.00358494	0.00263112	-0.0108835	-0.0138205	-0.00248096	0.00272399	0.000224876	-0.012931	-0.0217772	-0.0123764	0.0105538	0.010555	-0.0131915	-0.0348126	-0.0356057	-0.0210377	0.00357537	0.0262894	0.0266096	-0.0196814	-0.0830472	-0.143977	-0.170593	-0.174436	-0.148562	-0.0783948	0.0240965	0.142215	0.239551	0.302878	0.335923	0.346909	0.318034	0.242722	0.114689	-0.0607009	-0.231205	-0.366819	-0.437187	-0.417151	-0.318086	-0.163373	0.0105644	0.170957	0.282482	0.332983	0.348233	0.32892	0.276574	0.205927	0.102135	-0.0210417	-0.11307	-0.158426	-0.170368	-0.161034	-0.126139	-0.0551424	0.0148116	0.0309982	0.0106531	-0.00338588	-0.0150767	-0.0319007	-0.0312561	-0.00537338	0.0204736	0.021788	0	
0	-0.000559628	0.00224769	0.00149282	-0.000350311	0.000665099	7.1122e-05	-0.00562162	-0.0035366	-0.000152536	0.00207056	-0.000978272	-0.00206374	0.00136883	-0.000661434	-0.00435594	0.00237976	0.00106836	-0.0036598	-0.00159515	0.00256914	-0.0039186	-0.0042821	0.00242002	-0.0020703	-0.00455723	-0.00513439	0.000740381	0.000719831	-0.00927133	-0.00857412	0.002374	0.00295066	-0.0129802	-0.0122366	-0.00341562	0.00370678	-0.00165513	-0.0149937	-0.0238838	-0.0122777	0.0117135	0.00943486	-0.0185405	-0.0421035	-0.0443258	-0.0242166	0.00371378	0.0300704	0.0247071	-0.0343854	-0.114818	-0.188586	-0.224447	-0.224906	-0.186877	-0.0949264	0.0431249	0.192325	0.318341	0.403732	0.44484	0.455064	0.416431	0.31188	0.139672	-0.0816158	-0.302034	-0.482834	-0.575085	-0.548402	-0.420715	-0.220606	0.0100763	0.220494	0.365519	0.436838	0.459233	0.435765	0.370339	0.274339	0.137858	-0.0175388	-0.137978	-0.203136	-0.223317	-0.211134	-0.164122	-0.077293	0.00687302	0.0333615	0.0162732	-0.00210892	-0.0199957	-0.0396725	-0.0379594	-0.00793468	0.0227999	0.0253701	0	
0	0.000681413	-0.0018748	-0.0025647	0.000665099	-0.00293535	0.000968687	0.00569263	0.00261019	-0.000150305	-0.00536091	-0.00316344	-0.000748279	-0.0035717	-0.00303649	-0.0022837	-0.00309847	-0.0015456	-0.00572874	0.00049271	-0.00198311	-0.00343338	-0.00263799	6.59432e-05	-0.00218538	-0.00416285	-0.00290662	-0.000310492	-0.00123293	-0.00705793	-0.00667827	0.00217844	-0.00112708	-0.010658	-0.011568	-0.00285511	0.00121729	-0.00490407	-0.0169238	-0.0251982	-0.0112429	0.0071642	0.00270421	-0.0257196	-0.0514664	-0.0495579	-0.0302548	0.0036713	0.0289901	0.0137725	-0.0499164	-0.148213	-0.227037	-0.269559	-0.268668	-0.214529	-0.101162	0.0625216	0.242591	0.393657	0.494689	0.553236	0.562945	0.510226	0.37975	0.163323	-0.110924	-0.385452	-0.596071	-0.695707	-0.669644	-0.520882	-0.27623	0.00347706	0.256696	0.440656	0.53944	0.566752	0.538356	0.463041	0.342831	0.176777	-0.00576769	-0.153726	-0.241129	-0.271872	-0.257437	-0.199488	-0.102771	-0.00971413	0.030018	0.021672	-0.000224154	-0.0243466	-0.04474	-0.0415834	-0.0106627	0.0214926	0.0253309	0	
0	-0.00131846	0.000482774	-0.000978263	7.1122e-05	0.000968687	-0.00298865	-0.00313276	-0.00387963	-0.000984188	-2.7074e-05	0.00259894	0.00178681	-0.00224086	0.000233053	0.00205116	-0.00463099	5.45762e-05	-0.00244505	-0.00144472	-0.00602251	-0.00278918	-0.00304487	-0.00598367	-0.00534656	-0.00550639	-0.0049566	-0.00585122	-0.00751608	-0.00746336	-0.00804972	-0.00430612	-0.00917842	-0.0111702	-0.0128073	-0.00684277	-0.00556375	-0.0114758	-0.0195389	-0.0244239	-0.0101595	0.000518708	-0.00465252	-0.0299955	-0.0519763	-0.0475621	-0.0272682	0.00796807	0.0260493	0.000534054	-0.0732969	-0.182139	-0.268196	-0.31704	-0.310177	-0.238909	-0.101217	0.0924206	0.300637	0.474185	0.595381	0.659457	0.658509	0.59143	0.427254	0.170847	-0.137488	-0.452552	-0.696628	-0.816234	-0.789663	-0.613872	-0.330901	-0.00928627	0.285553	0.507514	0.632791	0.667134	0.638494	0.555752	0.411606	0.219097	0.0142892	-0.159029	-0.270001	-0.313962	-0.298905	-0.232522	-0.131916	-0.0344386	0.0204225	0.0247357	0.0011239	-0.0275528	-0.0463575	-0.0416389	-0.0132036	0.0160963	0.0207152	0	
0	-0.00493391	0.00660167	0.000413293	-0.00562162	0.00569263	-0.00313276	-0.00221545	-0.000267228	-0.00131272	-0.000788471	-0.00174047	-0.00431212	-0.00401381	-0.00124033	-0.00100301	-0.00435611	-0.00336416	0.00225384	-0.00538245	-0.00383473	-0.000619548	0.000120526	-0.00771093	-0.00205216	-0.00271796	-0.00158182	-0.00757736	-0.00617485	-0.0033368	-0.00314752	-0.00839943	-0.010034	-0.00623341	-0.00873682	-0.00664739	-0.0105537	-0.012216	-0.0196506	-0.0166207	-0.0104857	-0.00787302	-0.014966	-0.0370175	-0.0508953	-0.049906	-0.0272596	0.00308348	0.00913469	-0.023508	-0.106395	-0.215488	-0.301675	-0.353505	-0.333419	-0.24462	-0.0876084	0.13144	0.355402	0.546332	0.686973	0.75508	0.749859	0.667599	0.469981	0.175601	-0.171685	-0.523876	-0.79413	-0.92677	-0.893709	-0.697664	-0.387896	-0.0297084	0.303993	0.562333	0.715924	0.762632	0.736845	0.645282	0.478793	0.266277	0.0442968	-0.15304	-0.288627	-0.347594	-0.334049	-0.263472	-0.164535	-0.0657975	0.0041634	0.0227744	0.000536104	-0.0290504	-0.0440324	-0.0379782	-0.0152088	0.00665891	0.0111653	0	
0	0.000984991	-0.00159479	0.000246798	-0.0035366	0.00261019	-0.00387963	-0.000267228	0.00734741	-0.00362806	-0.00559127	-0.00227004	-0.000597651	-0.00455898	-0.00102502	-0.000992399	-0.00634458	-0.00473426	0.0018146	-0.00658245	-0.00682838	0.000752032	-0.00358363	-0.00918812	-0.00402051	-0.00207563	-0.00411214	-0.0107607	-0.00823833	-0.00149559	-0.00384205	-0.0155171	-0.0119278	-0.00498039	-0.00668315	-0.0129287	-0.0158047	-0.0180471	-0.0173846	-0.0125548	-0.0137071	-0.0196889	-0.0285051	-0.0393259	-0.0489172	-0.0458753	-0.0247444	-0.00447467	-0.00906577	-0.0547406	-0.14049	-0.245245	-0.335069	-0.380035	-0.349363	-0.244348	-0.0604551	0.172034	0.412196	0.625029	0.77305	0.847342	0.836842	0.726684	0.498702	0.173772	-0.210692	-0.596988	-0.883749	-1.01815	-0.985118	-0.780697	-0.445005	-0.0548022	0.311266	0.605431	0.787724	0.849906	0.830505	0.731321	0.546644	0.319148	0.0826154	-0.136133	-0.294706	-0.369913	-0.361964	-0.292918	-0.199484	-0.101422	-0.0191922	0.0129908	-0.00336291	-0.0285384	-0.0377457	-0.0309292	-0.0164809	-0.0060815	-0.00265644	0	
0	-0.000329081	-0.00377732	-0.00164094	-0.000152536	-0.000150305	-0.000984188	-0.00131272	-0.00362806	-0.00576357	0.00163021	0.00380916	-0.000612445	-0.00237421	-0.000210579	-0.00381606	-0.00461489	-0.000663384	-0.000777604	-0.00918403	-0.00731128	0.0017782	-0.00835993	-0.0104348	-0.005552	-0.00347033	-0.00776295	-0.0144429	-0.00940601	-0.00232475	-0.00754907	-0.0224838	-0.0131223	-0.00540334	-0.00785543	-0.0207953	-0.0219983	-0.023222	-0.0144694	-0.0106313	-0.0197686	-0.0336539	-0.0398876	-0.039271	-0.0426055	-0.038979	-0.0214499	-0.0161696	-0.0330889	-0.0923578	-0.175949	-0.275615	-0.363875	-0.39855	-0.3571	-0.229698	-0.0262688	0.219938	0.475632	0.702517	0.861034	0.935816	0.909819	0.769068	0.510865	0.155941	-0.255971	-0.653463	-0.952528	-1.10651	-1.07452	-0.852718	-0.499685	-0.0868248	0.311895	0.63472	0.84157	0.929143	0.920569	0.812249	0.614906	0.377603	0.128101	-0.108085	-0.286198	-0.378944	-0.382178	-0.320597	-0.234555	-0.138952	-0.0501569	-0.00671185	-0.0116408	-0.0263222	-0.0281798	-0.0213721	-0.0170556	-0.0205869	-0.0188274	0	
0	0.00249156	0.00156508	0.00269117	0.00207056	-0.00536091	-2.7074e-05	-0.000788471	-0.00559127	0.00163021	-0.000222215	-0.00591525	-0.00628406	-0.00506665	-0.00224089	-0.000977262	-0.00346577	-0.00376178	-0.00364607	-0.00413095	-0.00251237	-0.000591869	-0.00785689	-0.00568628	-0.00261493	-0.00326043	-0.00736924	-0.0116401	-0.00594438	-0.000668859	-0.00937696	-0.0210971	-0.00993941	-0.00160046	-0.00848945	-0.0222402	-0.0242413	-0.0205741	-0.00817366	-0.00777648	-0.0254263	-0.0461404	-0.0462886	-0.0379178	-0.0359279	-0.0336932	-0.0279289	-0.0370911	-0.0729586	-0.138386	-0.216218	-0.307072	-0.38261	-0.403571	-0.345029	-0.193668	0.0226025	0.276037	0.54123	0.771724	0.935303	1.01049	0.965475	0.800369	0.521253	0.135779	-0.299915	-0.710228	-1.02729	-1.18545	-1.1417	-0.912552	-0.551983	-0.123282	0.296291	0.645126	0.88633	1.00225	0.999147	0.886088	0.686063	0.440754	0.17919	-0.0683945	-0.262002	-0.373816	-0.393917	-0.344903	-0.267131	-0.176753	-0.0888929	-0.036946	-0.0249877	-0.0236312	-0.0168559	-0.0107142	-0.0171605	-0.0345713	-0.03429	0	
0	4.40426e-05	-0.00302701	-0.00153146	-0.000978272	-0.00316344	0.00259894	-0.00174047	-0.00227004	0.00380916	-0.00591525	-0.00759653	0.00236239	0.000415541	-0.00458191	-0.00547547	-0.00441593	-0.00371389	-0.00537864	-0.00422435	-0.00587504	-0.0067789	-0.00777121	-0.00552272	-0.00718343	-0.00751638	-0.0105293	-0.0109225	-0.00814178	-0.00553794	-0.0153297	-0.0205595	-0.0107437	-0.00526295	-0.0146234	-0.0277117	-0.0285704	-0.0207534	-0.00805389	-0.012754	-0.0383533	-0.0583062	-0.0530787	-0.0349251	-0.0294362	-0.0289297	-0.0364644	-0.0625147	-0.114031	-0.181198	-0.252409	-0.330042	-0.392244	-0.398577	-0.320055	-0.152569	0.0745458	0.335589	0.604703	0.843322	1.01161	1.07722	1.01183	0.818445	0.509531	0.100007	-0.345201	-0.762767	-1.08871	-1.24086	-1.1942	-0.97325	-0.609459	-0.163318	0.277285	0.646959	0.913878	1.05593	1.06682	0.959465	0.75904	0.504443	0.235336	-0.0165845	-0.222272	-0.354125	-0.395794	-0.363308	-0.294866	-0.213975	-0.134626	-0.0765032	-0.0438052	-0.0227054	-0.00613688	-0.000756107	-0.0170364	-0.0452825	-0.045446	0	
0	-0.00262501	-0.000901222	-0.0021038	-0.00206374	-0.000748279	0.00178681	-0.00431212	-0.000597651	-0.000612445	-0.00628406	0.00236239	-9.48672e-05	-0.00393072	-0.00819436	-0.00292973	-0.000743714	-0.00730543	-0.00767937	-0.00293321	-0.00755142	-0.00864198	-0.00690933	-0.00506513	-0.0109931	-0.00880824	-0.0110754	-0.00878722	-0.00987159	-0.0113681	-0.016893	-0.0170147	-0.0108886	-0.0110197	-0.0190495	-0.0306407	-0.0282078	-0.0196026	-0.00854647	-0.0222801	-0.0485972	-0.0672911	-0.0529721	-0.032435	-0.0216295	-0.0305136	-0.0515882	-0.0985931	-0.160807	-0.226609	-0.288635	-0.347947	-0.393844	-0.377478	-0.280128	-0.0964841	0.136439	0.401383	0.670903	0.910394	1.07911	1.12739	1.04072	0.821259	0.48423	0.0620811	-0.38826	-0.810937	-1.13453	-1.28633	-1.24831	-1.02556	-0.651239	-0.201152	0.243866	0.628943	0.925813	1.09876	1.12516	1.0256	0.828772	0.569939	0.298265	0.0458111	-0.168865	-0.319961	-0.385794	-0.372459	-0.316021	-0.250428	-0.185292	-0.122441	-0.0682873	-0.0265944	0.000921048	0.00656344	-0.0166782	-0.0500436	-0.0491581	0	
0	0.00309836	0.00036435	0.00234951	0.00136883	-0.0035717	-0.00224086	-0.00401381	-0.00455898	-0.00237421	-0.00506665	0.000415541	-0.00393072	-0.00656234	-0.00457476	0.00130867	0.000564528	-0.0116357	-0.00332048	0.00180361	-0.0078535	-0.00970981	-0.00297931	-0.00485336	-0.0114351	-0.0101462	-0.00890787	-0.00715036	-0.0122046	-0.0169913	-0.0146477	-0.0123126	-0.0133875	-0.017057	-0.0222933	-0.0287983	-0.0255247	-0.015981	-0.0130572	-0.0310742	-0.0558391	-0.0669745	-0.0485946	-0.0261997	-0.0165121	-0.0358365	-0.0764218	-0.141175	-0.211264	-0.272677	-0.321121	-0.362611	-0.382742	-0.343862	-0.224139	-0.029893	0.207864	0.472463	0.737291	0.976632	1.13081	1.16228	1.05356	0.80365	0.453133	0.0241171	-0.43224	-0.852472	-1.17289	-1.32514	-1.28813	-1.06331	-0.689531	-0.245514	0.200165	0.602542	0.927163	1.12277	1.1663	1.08525	0.897467	0.636182	0.365871	0.11717	-0.103366	-0.272022	-0.361557	-0.368833	-0.329867	-0.285931	-0.237266	-0.170702	-0.0985572	-0.038633	0.000973935	0.00951596	-0.0156803	-0.047009	-0.0438858	0	
0	0.00271671	-0.00496247	0.00118827	-0.000661434	-0.00303649	0.000233053	-0.00124033	-0.00102502	-0.000210579	-0.00224089	-0.00458191	-0.00819436	-0.00457476	0.000162536	-0.00675872	-0.00964075	-0.00981748	-0.00070028	-0.00462621	-0.0145561	-0.00904583	-0.00118933	-0.00964881	-0.01329	-0.0118848	-0.00595564	-0.00820216	-0.0164454	-0.0203569	-0.00986485	-0.00978074	-0.0191604	-0.0235045	-0.0243652	-0.0261265	-0.0240099	-0.0177977	-0.0257819	-0.0441917	-0.0639913	-0.0657454	-0.0484603	-0.0259543	-0.0219828	-0.0535504	-0.112751	-0.190283	-0.259984	-0.312278	-0.343653	-0.362111	-0.354273	-0.290946	-0.154051	0.0441343	0.282257	0.541053	0.800793	1.03245	1.17177	1.18413	1.04968	0.778569	0.413261	-0.0210852	-0.474183	-0.889001	-1.20258	-1.35354	-1.31489	-1.08827	-0.727876	-0.297144	0.156403	0.574257	0.909105	1.122	1.19611	1.13984	0.958745	0.700713	0.439585	0.195961	-0.0294356	-0.211098	-0.320113	-0.350062	-0.336621	-0.319055	-0.285631	-0.217317	-0.134684	-0.0615456	-0.00893144	0.00688964	-0.0134045	-0.0359631	-0.0305119	0	
0	-0.000879654	-0.00507165	-0.0012706	-0.00435594	-0.0022837	0.00205116	-0.00100301	-0.000992399	-0.00381606	-0.000977262	-0.00547547	-0.00292973	0.00130867	-0.00675872	-0.00937256	-0.00418442	-0.00451732	-0.0058584	-0.0109269	-0.0107754	-0.00590887	-0.006246	-0.0136656	-0.0151604	-0.0102756	-0.00830065	-0.0119247	-0.0237896	-0.0199757	-0.00810833	-0.013034	-0.0283956	-0.0299487	-0.0249311	-0.0243805	-0.023527	-0.0256136	-0.0404952	-0.0550904	-0.0643561	-0.0589879	-0.0450966	-0.0259539	-0.0315863	-0.0772613	-0.154656	-0.237489	-0.305692	-0.342904	-0.360376	-0.349394	-0.314036	-0.225499	-0.0751045	0.123627	0.360275	0.610833	0.864388	1.07879	1.20113	1.18987	1.0285	0.742678	0.365154	-0.0695817	-0.514528	-0.917641	-1.22085	-1.37039	-1.33143	-1.11321	-0.765977	-0.336235	0.116583	0.527612	0.869262	1.11142	1.21721	1.177	1.0078	0.767969	0.51931	0.277168	0.0501069	-0.136543	-0.260119	-0.316164	-0.335865	-0.346143	-0.325454	-0.259612	-0.17632	-0.0963987	-0.0305582	-0.00188392	-0.00956935	-0.0188977	-0.0124347	0	
0	0.000318582	0.002547	-0.00082256	0.00237976	-0.00309847	-0.00463099	-0.00435611	-0.00634458	-0.00461489	-0.00346577	-0.00441593	-0.000743714	0.000564528	-0.00964075	-0.00418442	1.75169e-05	-0.00447973	-0.00858969	-0.00783309	-0.00480127	-0.00726036	-0.0106414	-0.0130231	-0.0122974	-0.00946909	-0.0113418	-0.0164173	-0.0252662	-0.0155083	-0.00863712	-0.0184288	-0.0353644	-0.0304759	-0.0230254	-0.0203082	-0.0251206	-0.0358792	-0.0530876	-0.0597155	-0.0563403	-0.0502802	-0.0409369	-0.0313563	-0.0495797	-0.111152	-0.201872	-0.285315	-0.344803	-0.369894	-0.365021	-0.326853	-0.260154	-0.147507	0.00907259	0.210702	0.440996	0.684746	0.924928	1.11824	1.21509	1.17272	0.993011	0.690281	0.309644	-0.110666	-0.547137	-0.938387	-1.23379	-1.38101	-1.34068	-1.133	-0.793584	-0.369859	0.0676414	0.472604	0.825841	1.0884	1.21479	1.19442	1.05209	0.837197	0.597557	0.357838	0.136166	-0.0487897	-0.183676	-0.268427	-0.325146	-0.361914	-0.35323	-0.296578	-0.222169	-0.141834	-0.0637437	-0.0168475	-0.00514063	-8.6781e-05	0.00527048	0	
0	0.000611034	0.0011161	3.03035e-05	0.00106836	-0.0015456	5.45762e-05	-0.00336416	-0.00473426	-0.000663384	-0.00376178	-0.00371389	-0.00730543	-0.0116357	-0.00981748	-0.00451732	-0.00447973	-0.0102712	-0.0115066	-0.00682644	-0.00462959	-0.0103066	-0.012667	-0.00886529	-0.00901845	-0.00948867	-0.013337	-0.0173836	-0.0183627	-0.0108685	-0.0100903	-0.024164	-0.0340837	-0.027765	-0.0173442	-0.0188778	-0.0295864	-0.0497407	-0.0626584	-0.0596428	-0.0482007	-0.0462338	-0.0459348	-0.0506402	-0.083651	-0.161078	-0.255316	-0.333647	-0.378681	-0.38568	-0.355282	-0.28322	-0.185015	-0.0540226	0.107348	0.3032	0.522723	0.753968	0.970784	1.13734	1.2067	1.1401	0.945105	0.637067	0.261081	-0.153469	-0.576276	-0.952699	-1.24335	-1.38578	-1.34736	-1.14386	-0.807144	-0.40319	0.0145713	0.4176	0.774571	1.04809	1.19346	1.19729	1.08785	0.900009	0.671459	0.439789	0.228378	0.0488527	-0.0946538	-0.208035	-0.300309	-0.360893	-0.367566	-0.328405	-0.269603	-0.193804	-0.106009	-0.0378975	-0.00310913	0.0145429	0.0174099	0	
0	-0.000676251	-0.00456668	-0.00417794	-0.0036598	-0.00572874	-0.00244505	0.00225384	0.0018146	-0.000777604	-0.00364607	-0.00537864	-0.00767937	-0.00332048	-0.00070028	-0.0058584	-0.00858969	-0.0115066	-0.0128054	-0.00631973	-0.00667952	-0.0200443	-0.0152778	-0.0108548	-0.0121804	-0.0190717	-0.0213691	-0.0209722	-0.0175483	-0.0169995	-0.0238401	-0.0325546	-0.037487	-0.0284449	-0.0223596	-0.0254681	-0.04677	-0.0655243	-0.0718015	-0.055578	-0.0428983	-0.0458375	-0.0567726	-0.0765766	-0.124822	-0.209393	-0.301391	-0.36561	-0.396626	-0.38306	-0.324938	-0.224441	-0.0977271	0.0414791	0.202899	0.391054	0.599533	0.814985	1.00804	1.14494	1.18362	1.09744	0.889316	0.57951	0.210968	-0.193279	-0.603232	-0.970295	-1.24733	-1.37877	-1.34173	-1.14351	-0.824018	-0.442061	-0.0313153	0.366754	0.717143	0.994781	1.15286	1.18339	1.11267	0.952549	0.738949	0.52273	0.325527	0.152818	0.00192156	-0.135957	-0.256251	-0.339023	-0.369241	-0.355283	-0.31437	-0.246052	-0.152939	-0.06524	-0.00850858	0.0187247	0.0203167	0	
0	-0.0012015	-0.00301686	-0.00192342	-0.00159515	0.00049271	-0.00144472	-0.00538245	-0.00658245	-0.00918403	-0.00413095	-0.00422435	-0.00293321	0.00180361	-0.00462621	-0.0109269	-0.00783309	-0.00682644	-0.00631973	-0.00267328	-0.0129697	-0.0196329	-0.00838767	-0.00636791	-0.0156744	-0.0218386	-0.0208325	-0.0146964	-0.0145143	-0.0230272	-0.0310214	-0.0310892	-0.0314177	-0.026064	-0.0231254	-0.0334581	-0.0576315	-0.0724875	-0.0659069	-0.0447488	-0.0357058	-0.0474524	-0.0742396	-0.110976	-0.174473	-0.260187	-0.342159	-0.39266	-0.404941	-0.369081	-0.28253	-0.150349	-0.00528612	0.14214	0.300983	0.478341	0.676519	0.870781	1.03386	1.13838	1.14852	1.04003	0.823593	0.517361	0.153339	-0.233183	-0.620966	-0.972195	-1.23748	-1.36996	-1.33796	-1.1473	-0.841882	-0.466939	-0.06474	0.315226	0.653083	0.927414	1.09688	1.15969	1.12233	0.986019	0.798754	0.608385	0.425592	0.257307	0.101128	-0.0510268	-0.188898	-0.296143	-0.360061	-0.375319	-0.350783	-0.291653	-0.199374	-0.0994882	-0.027203	0.00751525	0.0128222	0	
0	0.00203114	0.00678743	0.00363265	0.00256914	-0.00198311	-0.00602251	-0.00383473	-0.00682838	-0.00731128	-0.00251237	-0.00587504	-0.00755142	-0.0078535	-0.0145561	-0.0107754	-0.00480127	-0.00462959	-0.00667952	-0.0129697	-0.0153978	-0.0111247	-0.00279315	-0.0119551	-0.0195174	-0.0205664	-0.0154382	-0.0098579	-0.0167852	-0.030613	-0.032609	-0.024373	-0.0257921	-0.0256814	-0.0296073	-0.0439703	-0.067975	-0.070884	-0.0571918	-0.0368813	-0.0375735	-0.0614135	-0.105257	-0.16126	-0.232394	-0.311686	-0.378685	-0.409944	-0.402731	-0.338143	-0.221103	-0.0627653	0.0992222	0.249604	0.403352	0.571635	0.750398	0.91542	1.04275	1.10648	1.08746	0.966686	0.751137	0.457221	0.113299	-0.25481	-0.633623	-0.975493	-1.23317	-1.36467	-1.33243	-1.14557	-0.844836	-0.479819	-0.100343	0.259904	0.585682	0.855281	1.03892	1.12263	1.10316	1.00007	0.85659	0.693761	0.521005	0.35745	0.202839	0.0489179	-0.0996934	-0.236408	-0.339709	-0.383255	-0.373113	-0.325025	-0.240818	-0.141154	-0.0636074	-0.0211923	-0.00387206	0	
0	-0.00246936	-0.00449732	-0.00679632	-0.0039186	-0.00343338	-0.00278918	-0.000619548	0.000752032	0.0017782	-0.000591869	-0.0067789	-0.00864198	-0.00970981	-0.00904583	-0.00590887	-0.00726036	-0.0103066	-0.0200443	-0.0196329	-0.0111247	-0.00883926	-0.0167621	-0.0233257	-0.0228114	-0.0205763	-0.0170258	-0.0158186	-0.0291233	-0.0402327	-0.0335421	-0.0225689	-0.0291212	-0.0363597	-0.045385	-0.061814	-0.0757397	-0.0691792	-0.0515082	-0.0414556	-0.0518092	-0.0897951	-0.150894	-0.219254	-0.289678	-0.351799	-0.398273	-0.408269	-0.373642	-0.280923	-0.134359	0.0420168	0.20917	0.356938	0.499027	0.650045	0.804772	0.936326	1.02652	1.06042	1.02237	0.896305	0.688224	0.405473	0.0731406	-0.282339	-0.646666	-0.976895	-1.22925	-1.35385	-1.31688	-1.13453	-0.844301	-0.497996	-0.137933	0.210584	0.525726	0.790075	0.973762	1.05745	1.06048	1.00797	0.907264	0.765391	0.606924	0.455263	0.309709	0.161639	0.00330971	-0.164439	-0.303677	-0.372065	-0.37731	-0.343094	-0.274507	-0.189768	-0.118111	-0.0657377	-0.0272323	0	
0	-0.0034619	-0.00115134	-0.00515825	-0.0042821	-0.00263799	-0.00304487	0.000120526	-0.00358363	-0.00835993	-0.00785689	-0.00777121	-0.00690933	-0.00297931	-0.00118933	-0.006246	-0.0106414	-0.012667	-0.0152778	-0.00838767	-0.00279315	-0.0167621	-0.0230568	-0.0201488	-0.0167675	-0.0191943	-0.017681	-0.0236701	-0.0364868	-0.0400812	-0.0271552	-0.0212768	-0.0339365	-0.0472202	-0.0588825	-0.0687632	-0.0707085	-0.0560184	-0.0457201	-0.0464533	-0.070444	-0.122869	-0.1995	-0.275017	-0.334102	-0.377998	-0.402728	-0.390405	-0.330062	-0.208159	-0.0411366	0.144943	0.314787	0.456034	0.589166	0.723666	0.849012	0.946624	0.999952	1.00167	0.949034	0.821822	0.62098	0.354312	0.0372287	-0.305833	-0.657284	-0.975682	-1.21534	-1.33376	-1.30216	-1.12791	-0.849079	-0.516774	-0.164102	0.176351	0.475286	0.721704	0.890451	0.977703	1.01501	1.00385	0.932355	0.818317	0.686863	0.552959	0.420979	0.279835	0.110352	-0.0815656	-0.24543	-0.336234	-0.361371	-0.345218	-0.299938	-0.242912	-0.185289	-0.120647	-0.0546211	0	
0	0.00113789	0.00225366	0.00131551	0.00242002	6.59432e-05	-0.00598367	-0.00771093	-0.00918812	-0.0104348	-0.00568628	-0.00552272	-0.00506513	-0.00485336	-0.00964881	-0.0136656	-0.0130231	-0.00886529	-0.0108548	-0.00636791	-0.0119551	-0.0233257	-0.0201488	-0.0142319	-0.0157332	-0.0184918	-0.022298	-0.0309893	-0.0371863	-0.0310336	-0.0226578	-0.0241133	-0.0428836	-0.0586962	-0.0684886	-0.0672235	-0.0584927	-0.0473296	-0.0488712	-0.0654099	-0.102727	-0.171392	-0.258627	-0.329754	-0.372941	-0.39278	-0.395601	-0.356478	-0.265917	-0.118966	0.0641646	0.253982	0.420763	0.555923	0.675284	0.784881	0.878447	0.936052	0.953356	0.932479	0.868167	0.744348	0.556995	0.305652	0.00499986	-0.319641	-0.655448	-0.965693	-1.20286	-1.32254	-1.29388	-1.12429	-0.850388	-0.520662	-0.176709	0.144466	0.422095	0.64935	0.807674	0.903627	0.960715	0.970617	0.930822	0.857818	0.759162	0.648255	0.533346	0.394559	0.215079	0.0142173	-0.160979	-0.273893	-0.324538	-0.332617	-0.31825	-0.295302	-0.25407	-0.177589	-0.0837927	0	
0	-0.00106113	0.00299325	-0.00162883	-0.0020703	-0.00218538	-0.00534656	-0.00205216	-0.00402051	-0.005552	-0.00261493	-0.00718343	-0.0109931	-0.0114351	-0.01329	-0.0151604	-0.0122974	-0.00901845	-0.0121804	-0.0156744	-0.0195174	-0.0228114	-0.0167675	-0.0157332	-0.0168781	-0.0233557	-0.0319127	-0.0365659	-0.0300285	-0.025501	-0.0267087	-0.0356771	-0.055012	-0.0709182	-0.0722995	-0.0591973	-0.0487683	-0.0483798	-0.0668884	-0.0969551	-0.150555	-0.230528	-0.318896	-0.376731	-0.396742	-0.393916	-0.369369	-0.301128	-0.181004	-0.0131756	0.176971	0.365502	0.527491	0.651835	0.752359	0.831572	0.883958	0.902241	0.887327	0.847351	0.783596	0.672015	0.503308	0.272742	-0.0125185	-0.327434	-0.658333	-0.963802	-1.19514	-1.31301	-1.28326	-1.11249	-0.842555	-0.523007	-0.19319	0.113564	0.375414	0.586389	0.736106	0.829466	0.887095	0.914008	0.911618	0.879795	0.818097	0.739448	0.639998	0.498111	0.317998	0.125328	-0.0524516	-0.186977	-0.266989	-0.307458	-0.329835	-0.33846	-0.310532	-0.227052	-0.112108	0	
0	-0.00255666	-0.00316626	-0.00580565	-0.00455723	-0.00416285	-0.00550639	-0.00271796	-0.00207563	-0.00347033	-0.00326043	-0.00751638	-0.00880824	-0.0101462	-0.0118848	-0.0102756	-0.00946909	-0.00948867	-0.0190717	-0.0218386	-0.0205664	-0.0205763	-0.0191943	-0.0184918	-0.0233557	-0.0352376	-0.0418379	-0.032998	-0.0247275	-0.0306228	-0.041889	-0.0508556	-0.0691956	-0.0790997	-0.0693023	-0.0501092	-0.0473233	-0.0639443	-0.0963242	-0.141918	-0.207018	-0.291612	-0.368398	-0.404412	-0.400833	-0.370934	-0.318492	-0.218673	-0.0746575	0.103606	0.292746	0.47363	0.624929	0.734059	0.807873	0.850404	0.864892	0.847842	0.812238	0.766825	0.708033	0.611757	0.4589	0.242106	-0.0311095	-0.337525	-0.659904	-0.959009	-1.18726	-1.30048	-1.26871	-1.10253	-0.837922	-0.525173	-0.206858	0.0879028	0.338159	0.53672	0.672543	0.750384	0.802553	0.845138	0.873065	0.880238	0.863754	0.819039	0.729512	0.590759	0.425636	0.249521	0.0719074	-0.080147	-0.190654	-0.271059	-0.330985	-0.361882	-0.342458	-0.260008	-0.135027	0	
0	-0.00379628	-0.00205343	-0.00672185	-0.00513439	-0.00290662	-0.0049566	-0.00158182	-0.00411214	-0.00776295	-0.00736924	-0.0105293	-0.0110754	-0.00890787	-0.00595564	-0.00830065	-0.0113418	-0.013337	-0.0213691	-0.0208325	-0.0154382	-0.0170258	-0.017681	-0.022298	-0.0319127	-0.0418379	-0.0347539	-0.0228791	-0.0248671	-0.0426466	-0.0542361	-0.061449	-0.0746577	-0.0750261	-0.0565977	-0.0422426	-0.0558881	-0.0883509	-0.135756	-0.193949	-0.267702	-0.344532	-0.40191	-0.414033	-0.385707	-0.329803	-0.245799	-0.119716	0.0405144	0.220371	0.403104	0.57403	0.713689	0.801935	0.844956	0.850033	0.825657	0.782134	0.731973	0.685538	0.638581	0.557276	0.421128	0.218584	-0.0459974	-0.344883	-0.661421	-0.955158	-1.1767	-1.28717	-1.25642	-1.09237	-0.834612	-0.531516	-0.2186	0.0725253	0.313579	0.496657	0.61272	0.671773	0.71631	0.766779	0.818267	0.86452	0.889139	0.870677	0.798438	0.682348	0.540821	0.377929	0.202343	0.0397795	-0.100002	-0.221247	-0.312273	-0.355898	-0.343	-0.269008	-0.145662	0	
0	-4.46855e-05	0.00289095	0.00092552	0.000740381	-0.000310492	-0.00585122	-0.00757736	-0.0107607	-0.0144429	-0.0116401	-0.0109225	-0.00878722	-0.00715036	-0.00820216	-0.0119247	-0.0164173	-0.0173836	-0.0209722	-0.0146964	-0.0098579	-0.0158186	-0.0236701	-0.0309893	-0.0365659	-0.032998	-0.0228791	-0.0215476	-0.0360412	-0.0543034	-0.0633056	-0.066674	-0.0713344	-0.0618596	-0.0453117	-0.046867	-0.0779015	-0.125562	-0.185187	-0.254566	-0.32484	-0.384824	-0.416924	-0.404948	-0.351923	-0.266015	-0.153442	-0.00629693	0.159477	0.334738	0.507467	0.66726	0.789565	0.852037	0.859738	0.825965	0.771099	0.707121	0.651882	0.611452	0.575834	0.509999	0.386801	0.196351	-0.057552	-0.349142	-0.657885	-0.946042	-1.16583	-1.27619	-1.24896	-1.09073	-0.835589	-0.532284	-0.221077	0.0646648	0.295827	0.462316	0.557118	0.598068	0.634209	0.688576	0.757033	0.82825	0.87837	0.889599	0.856631	0.777239	0.655708	0.501575	0.331529	0.163243	-0.000140021	-0.150814	-0.261429	-0.314617	-0.310755	-0.248908	-0.137059	0	
0	0.000690793	0.00423433	0.000465809	0.000719831	-0.00123293	-0.00751608	-0.00617485	-0.00823833	-0.00940601	-0.00594438	-0.00814178	-0.00987159	-0.0122046	-0.0164454	-0.0237896	-0.0252662	-0.0183627	-0.0175483	-0.0145143	-0.0167852	-0.0291233	-0.0364868	-0.0371863	-0.0300285	-0.0247275	-0.0248671	-0.0360412	-0.0507722	-0.065522	-0.0713925	-0.0677228	-0.0618297	-0.0515572	-0.0502546	-0.0711021	-0.118256	-0.177909	-0.249653	-0.319728	-0.376558	-0.410834	-0.417494	-0.380473	-0.298978	-0.182296	-0.0435674	0.115196	0.280754	0.447476	0.610567	0.754888	0.854998	0.883662	0.851721	0.781751	0.699122	0.623641	0.568877	0.538802	0.519101	0.469519	0.362932	0.184177	-0.061571	-0.345698	-0.652202	-0.940831	-1.16118	-1.2741	-1.24764	-1.08756	-0.831897	-0.528578	-0.217951	0.0616956	0.278907	0.427835	0.507939	0.538982	0.568065	0.617576	0.684265	0.760677	0.833196	0.88923	0.907826	0.864098	0.760008	0.616772	0.452609	0.280434	0.107939	-0.0504794	-0.170005	-0.236435	-0.246371	-0.197962	-0.106603	0	
0	-0.00441323	-0.00402974	-0.00836225	-0.00927133	-0.00705793	-0.00746336	-0.0033368	-0.00149559	-0.00232475	-0.000668859	-0.00553794	-0.0113681	-0.0169913	-0.0203569	-0.0199757	-0.0155083	-0.0108685	-0.0169995	-0.0230272	-0.030613	-0.0402327	-0.0400812	-0.0310336	-0.025501	-0.0306228	-0.0426466	-0.0543034	-0.065522	-0.077238	-0.0768514	-0.0626645	-0.0532523	-0.0566539	-0.0751633	-0.112882	-0.170605	-0.241415	-0.315409	-0.37436	-0.405335	-0.41189	-0.391824	-0.327238	-0.214706	-0.0696734	0.0850775	0.245695	0.402633	0.558144	0.704936	0.827914	0.894693	0.883859	0.812747	0.711217	0.613467	0.536223	0.492043	0.47849	0.47714	0.444786	0.349738	0.180735	-0.0602632	-0.346301	-0.653583	-0.942304	-1.16309	-1.27357	-1.24384	-1.08085	-0.8219	-0.519815	-0.218193	0.049845	0.258549	0.402831	0.478992	0.501443	0.514533	0.543764	0.594605	0.673001	0.774035	0.876276	0.939389	0.929026	0.848922	0.719473	0.558333	0.389021	0.229009	0.0836017	-0.0384225	-0.121713	-0.149589	-0.119205	-0.0589704	0	
0	-0.00506523	-0.00670063	-0.011199	-0.00857412	-0.00667827	-0.00804972	-0.00314752	-0.00384205	-0.00754907	-0.00937696	-0.0153297	-0.016893	-0.0146477	-0.00986485	-0.00810833	-0.00863712	-0.0100903	-0.0238401	-0.0310214	-0.032609	-0.0335421	-0.0271552	-0.0226578	-0.0267087	-0.041889	-0.0542361	-0.0633056	-0.0713925	-0.0768514	-0.0660972	-0.0473986	-0.0506517	-0.0743501	-0.111128	-0.159326	-0.227948	-0.302869	-0.368909	-0.403948	-0.406885	-0.386633	-0.340445	-0.246344	-0.10524	0.0587293	0.217259	0.370085	0.514665	0.654015	0.781366	0.873053	0.90266	0.851797	0.747469	0.628289	0.526699	0.459396	0.432069	0.437305	0.45133	0.429776	0.34206	0.173231	-0.0684515	-0.351902	-0.658199	-0.945248	-1.1612	-1.26654	-1.23303	-1.07063	-0.818638	-0.525291	-0.228335	0.0401372	0.25174	0.396888	0.466468	0.472069	0.460907	0.466373	0.504289	0.588007	0.710699	0.843008	0.94046	0.966484	0.91587	0.801112	0.648335	0.497765	0.367446	0.244848	0.125523	0.0286391	-0.020787	-0.0204733	-0.00389366	0	
0	0.000361247	0.00570501	0.00358494	0.002374	0.00217844	-0.00430612	-0.00839943	-0.0155171	-0.0224838	-0.0210971	-0.0205595	-0.0170147	-0.0123126	-0.00978074	-0.013034	-0.0184288	-0.024164	-0.0325546	-0.0310892	-0.024373	-0.0225689	-0.0212768	-0.0241133	-0.0356771	-0.0508556	-0.061449	-0.066674	-0.0677228	-0.0626645	-0.0473986	-0.0411792	-0.0651365	-0.108261	-0.155712	-0.214945	-0.289059	-0.359117	-0.403458	-0.410717	-0.386983	-0.34197	-0.268305	-0.145686	0.0165897	0.186758	0.339454	0.479928	0.610294	0.733467	0.834515	0.894111	0.884984	0.800613	0.67529	0.547669	0.451731	0.397159	0.384473	0.402463	0.427203	0.412144	0.327402	0.164342	-0.0730068	-0.355079	-0.656619	-0.937989	-1.152	-1.25968	-1.23257	-1.07656	-0.826903	-0.532012	-0.2304	0.043937	0.258051	0.398173	0.454248	0.440875	0.410447	0.401082	0.43108	0.513235	0.640349	0.786855	0.911306	0.970761	0.949136	0.858098	0.732978	0.617154	0.520142	0.420762	0.312001	0.209836	0.133993	0.0884652	0.0505583	0	
0	0.0023617	0.00501467	0.00263112	0.00295066	-0.00112708	-0.00917842	-0.010034	-0.0119278	-0.0131223	-0.00993941	-0.0107437	-0.0108886	-0.0133875	-0.0191604	-0.0283956	-0.0353644	-0.0340837	-0.037487	-0.0314177	-0.0257921	-0.0291212	-0.0339365	-0.0428836	-0.055012	-0.0691956	-0.0746577	-0.0713344	-0.0618297	-0.0532523	-0.0506517	-0.0651365	-0.109177	-0.16294	-0.221207	-0.286353	-0.357635	-0.407269	-0.423296	-0.402299	-0.35285	-0.280461	-0.176196	-0.0279931	0.146301	0.315346	0.45797	0.587298	0.703711	0.80447	0.87554	0.894668	0.847752	0.733911	0.592043	0.464091	0.376879	0.336156	0.339159	0.371564	0.405897	0.399151	0.322415	0.162442	-0.0704607	-0.346163	-0.647588	-0.934366	-1.15526	-1.2683	-1.2427	-1.08511	-0.831143	-0.529085	-0.221156	0.0539541	0.262752	0.393403	0.438326	0.414933	0.375942	0.357339	0.376159	0.44642	0.565552	0.713845	0.851633	0.934219	0.945748	0.898678	0.821972	0.747047	0.678823	0.602061	0.510802	0.407862	0.30068	0.200105	0.103184	0	
0	-0.00560956	-0.00494833	-0.0108835	-0.0129802	-0.010658	-0.0111702	-0.00623341	-0.00498039	-0.00540334	-0.00160046	-0.00526295	-0.0110197	-0.017057	-0.0235045	-0.0299487	-0.0304759	-0.027765	-0.0284449	-0.026064	-0.0256814	-0.0363597	-0.0472202	-0.0586962	-0.0709182	-0.0790997	-0.0750261	-0.0618596	-0.0515572	-0.0566539	-0.0743501	-0.108261	-0.16294	-0.226675	-0.29003	-0.352592	-0.403756	-0.424064	-0.409882	-0.361624	-0.284924	-0.181567	-0.0503317	0.113173	0.287901	0.445794	0.575458	0.688518	0.782756	0.853215	0.882628	0.861863	0.779791	0.644947	0.499496	0.378559	0.306757	0.284785	0.304514	0.350841	0.398352	0.39978	0.327127	0.171959	-0.0614853	-0.344661	-0.652787	-0.943203	-1.16601	-1.27923	-1.25105	-1.08679	-0.825403	-0.52019	-0.213773	0.0565624	0.259371	0.385625	0.428303	0.402884	0.359247	0.331539	0.336729	0.389711	0.490607	0.624997	0.761003	0.863142	0.919156	0.931722	0.911381	0.87756	0.837685	0.784044	0.708046	0.600173	0.461405	0.310404	0.157632	0	
0	-0.00552206	-0.00957598	-0.0138205	-0.0122366	-0.011568	-0.0128073	-0.00873682	-0.00668315	-0.00785543	-0.00848945	-0.0146234	-0.0190495	-0.0222933	-0.0243652	-0.0249311	-0.0230254	-0.0173442	-0.0223596	-0.0231254	-0.0296073	-0.045385	-0.0588825	-0.0684886	-0.0722995	-0.0693023	-0.0565977	-0.0453117	-0.0502546	-0.0751633	-0.111128	-0.155712	-0.221207	-0.29003	-0.351299	-0.394703	-0.417619	-0.407698	-0.36668	-0.292318	-0.185742	-0.056208	0.091901	0.257047	0.421075	0.564887	0.676817	0.769358	0.833969	0.864531	0.853572	0.794708	0.688702	0.546472	0.406632	0.303412	0.25343	0.251566	0.289728	0.350336	0.403287	0.406469	0.332993	0.170799	-0.0673192	-0.350417	-0.659557	-0.952041	-1.17551	-1.28519	-1.25108	-1.08376	-0.822187	-0.517762	-0.214063	0.0526395	0.254761	0.383063	0.427483	0.402927	0.357711	0.322171	0.311087	0.339543	0.411604	0.522752	0.654576	0.780625	0.884701	0.954803	0.988305	0.999089	0.992564	0.958394	0.885553	0.765173	0.60158	0.414952	0.214607	0	
0	-0.00212352	0.00158122	-0.00248096	-0.00341562	-0.00285511	-0.00684277	-0.00664739	-0.0129287	-0.0207953	-0.0222402	-0.0277117	-0.0306407	-0.0287983	-0.0261265	-0.0243805	-0.0203082	-0.0188778	-0.0254681	-0.0334581	-0.0439703	-0.061814	-0.0687632	-0.0672235	-0.0591973	-0.0501092	-0.0422426	-0.046867	-0.0711021	-0.112882	-0.159326	-0.214945	-0.286353	-0.352592	-0.394703	-0.410259	-0.40349	-0.366921	-0.300639	-0.196728	-0.0643632	0.0829385	0.233143	0.388826	0.538516	0.663829	0.756366	0.820825	0.84878	0.840776	0.792146	0.710127	0.594481	0.456623	0.334052	0.251118	0.220275	0.235364	0.28373	0.3486	0.404826	0.406676	0.329987	0.168703	-0.0693246	-0.355663	-0.666523	-0.957128	-1.17755	-1.28661	-1.25386	-1.08626	-0.824636	-0.522409	-0.219591	0.0485314	0.253196	0.385964	0.43667	0.417094	0.369924	0.32169	0.287909	0.287207	0.330859	0.424859	0.558842	0.706985	0.847114	0.961435	1.04467	1.10395	1.1314	1.10795	1.02715	0.891898	0.712695	0.504222	0.266485	0	
0	0.00174353	0.00303438	0.00272399	0.00370678	0.00121729	-0.00556375	-0.0105537	-0.0158047	-0.0219983	-0.0242413	-0.0285704	-0.0282078	-0.0255247	-0.0240099	-0.023527	-0.0251206	-0.0295864	-0.04677	-0.0576315	-0.067975	-0.0757397	-0.0707085	-0.0584927	-0.0487683	-0.0473233	-0.0558881	-0.0779015	-0.118256	-0.170605	-0.227948	-0.289059	-0.357635	-0.403756	-0.417619	-0.40349	-0.37048	-0.308513	-0.212438	-0.0814752	0.0709128	0.221736	0.364947	0.508371	0.642254	0.750729	0.817442	0.849088	0.838899	0.792938	0.718362	0.621788	0.505178	0.378779	0.272055	0.207667	0.194492	0.221218	0.278671	0.350622	0.406705	0.407251	0.330034	0.16486	-0.0735813	-0.356064	-0.664346	-0.955963	-1.18109	-1.29314	-1.26083	-1.09541	-0.835328	-0.53093	-0.225377	0.0455739	0.257838	0.401354	0.45902	0.439257	0.382738	0.315697	0.258628	0.236577	0.265498	0.35366	0.490311	0.648902	0.808352	0.953587	1.07846	1.1789	1.23159	1.21292	1.12478	0.979471	0.789319	0.564518	0.300672	0	
0	0.000216883	0.00447275	0.000224876	-0.00165513	-0.00490407	-0.0114758	-0.012216	-0.0180471	-0.023222	-0.0205741	-0.0207534	-0.0196026	-0.015981	-0.0177977	-0.0256136	-0.0358792	-0.0497407	-0.0655243	-0.0724875	-0.070884	-0.0691792	-0.0560184	-0.0473296	-0.0483798	-0.0639443	-0.0883509	-0.125562	-0.177909	-0.241415	-0.302869	-0.359117	-0.407269	-0.424064	-0.407698	-0.366921	-0.308513	-0.216031	-0.0920834	0.0610638	0.218031	0.36236	0.492737	0.621193	0.738795	0.8208	0.854654	0.846304	0.796182	0.721393	0.628764	0.52999	0.421816	0.309698	0.222155	0.175783	0.175235	0.212594	0.276241	0.349581	0.408148	0.409033	0.33128	0.169487	-0.0660729	-0.350407	-0.663453	-0.959597	-1.18795	-1.30451	-1.27741	-1.11225	-0.848955	-0.540761	-0.227376	0.0549577	0.276998	0.425289	0.481634	0.45412	0.383408	0.30017	0.231847	0.204766	0.231356	0.316892	0.450668	0.609686	0.776635	0.937598	1.08401	1.20506	1.27154	1.26043	1.17573	1.0274	0.825835	0.585583	0.308994	0	
0	-0.00447794	-0.00894465	-0.012931	-0.0149937	-0.0169238	-0.0195389	-0.0196506	-0.0173846	-0.0144694	-0.00817366	-0.00805389	-0.00854647	-0.0130572	-0.0257819	-0.0404952	-0.0530876	-0.0626584	-0.0718015	-0.0659069	-0.0571918	-0.0515082	-0.0457201	-0.0488712	-0.0668884	-0.0963242	-0.135756	-0.185187	-0.249653	-0.315409	-0.368909	-0.403458	-0.423296	-0.409882	-0.36668	-0.300639	-0.212438	-0.0920834	0.0543564	0.213021	0.363833	0.493919	0.609334	0.722654	0.815533	0.865398	0.858373	0.809749	0.727957	0.632815	0.535586	0.442594	0.345336	0.249719	0.178295	0.146081	0.15938	0.205911	0.276903	0.358335	0.419002	0.420001	0.342692	0.177344	-0.061071	-0.347622	-0.664299	-0.966359	-1.20459	-1.32776	-1.29993	-1.13098	-0.859669	-0.537658	-0.212416	0.0742302	0.296893	0.442516	0.490486	0.452956	0.375277	0.28996	0.224516	0.201479	0.22891	0.311293	0.440277	0.595271	0.757667	0.911599	1.05123	1.17054	1.24319	1.24553	1.17412	1.02845	0.817638	0.56781	0.293888	0	
0	-0.00857007	-0.0134357	-0.0217772	-0.0238838	-0.0251982	-0.0244239	-0.0166207	-0.0125548	-0.0106313	-0.00777648	-0.012754	-0.0222801	-0.0310742	-0.0441917	-0.0550904	-0.0597155	-0.0596428	-0.055578	-0.0447488	-0.0368813	-0.0414556	-0.0464533	-0.0654099	-0.0969551	-0.141918	-0.193949	-0.254566	-0.319728	-0.37436	-0.403948	-0.410717	-0.402299	-0.361624	-0.292318	-0.196728	-0.0814752	0.0610638	0.213021	0.366159	0.501713	0.615113	0.71432	0.803674	0.864894	0.871409	0.821865	0.737843	0.632707	0.531331	0.43882	0.358417	0.277714	0.199095	0.144803	0.129647	0.154603	0.211196	0.290332	0.374261	0.436069	0.435436	0.353726	0.185143	-0.0570448	-0.35088	-0.677429	-0.988494	-1.22968	-1.35013	-1.31658	-1.1362	-0.851961	-0.523206	-0.196604	0.0879102	0.304232	0.440978	0.483639	0.448376	0.376934	0.298643	0.241089	0.224465	0.254466	0.335681	0.459664	0.603279	0.743671	0.866479	0.976768	1.07943	1.15136	1.16523	1.10872	0.972245	0.764677	0.521237	0.265372	0	
