0	0	0	0	0	0	0	0	0	0	0	0	0	0	0	0	0	0	0	0	0	0	0	0	0	0	0	0	0	0	0	0	0	0	0	0	0	0	0	0	0	0	0	0	0	0	0	0	0	0	0	0	0	0	0	0	0	0	0	0	0	0	0	0	0	0	0	0	0	0	0	0	0	0	0	0	0	0	0	0	0	0	0	0	0	0	0	0	0	0	0	0	0	0	0	0	0	0	0	0	
0	-0.00122868	0.000188968	-0.00238259	-6.66281e-06	-0.000607952	-0.000727975	0.00140202	-5.86469e-05	-0.000141176	0.000952478	-0.00133229	-0.000504218	0.000436085	0.000129186	0.00143918	0.00100387	0.00171164	-8.17287e-05	-0.00184586	-0.000102696	0.00236799	-0.000552217	0.000145977	-0.000268604	0.000294076	-0.00105578	0.000472527	-0.001265	-0.00137027	-0.00194693	-0.00478303	-0.0084055	-0.0104889	-0.0184376	-0.0275857	-0.0336422	-0.0426645	-0.0483118	-0.0458145	-0.0338929	-0.0150779	0.0128386	0.0440465	0.0708222	0.0852578	0.0861085	0.0806396	0.0653155	0.0441673	0.0248737	0.0057417	-0.01736	-0.0396667	-0.0474857	-0.0405796	-0.0297124	-0.0151237	-0.00658084	0.00322702	0.0112462	0.00898149	-0.0021236	-0.0145569	-0.0132098	-0.00197768	0.0029632	-0.000886642	-0.0033361	-0.00558195	-0.00457398	-0.000355808	0.00253492	0.0029944	-0.00716661	-0.0163762	-0.0119902	0.00157859	0.0131619	0.0091123	-0.00207924	-0.00995313	-0.0201555	-0.0334557	-0.044267	-0.0448406	-0.0312043	-0.00732315	0.0158818	0.0333072	0.0555936	0.0797186	0.092495	0.101096	0.104971	0.0918982	0.0700242	0.048004	0.0237546	0	
0	0.000188968	0.00278353	0.000602655	0.00240256	0.000346727	-0.000168671	0.000134211	-0.00245649	0.00112874	-0.000836664	-0.000131155	0.00286408	-0.001594	-0.00110495	-0.000869716	-0.00271841	-0.00377526	0.00199107	0.000897634	3.42853e-05	-0.00133604	-0.00287383	0.00130598	-1.46512e-06	-0.00105608	-0.000565894	0.000804208	-0.00266563	-0.00433437	-0.00211122	-0.00973808	-0.0162506	-0.0224571	-0.0362797	-0.0550983	-0.0678202	-0.0856678	-0.0976414	-0.0915608	-0.0701798	-0.0310818	0.0226788	0.0855164	0.138556	0.166802	0.171153	0.158117	0.130452	0.0875427	0.0501685	0.0134821	-0.0343243	-0.0747716	-0.092653	-0.0787557	-0.0568352	-0.0309407	-0.0122989	0.00530496	0.018923	0.016172	-0.0070207	-0.0307555	-0.0243187	-0.00434945	0.00727034	0.00313434	-0.00641629	-0.0104802	-0.0088796	-0.00615599	0.00172618	0.00614513	-0.0132601	-0.0288864	-0.0190912	0.00341406	0.0198034	0.0134416	-0.000989847	-0.0165989	-0.042015	-0.0680494	-0.0870173	-0.0891536	-0.0626134	-0.0136653	0.0329249	0.0673545	0.111359	0.158868	0.184723	0.201883	0.208647	0.182483	0.139142	0.0951477	0.0470416	0	
0	-0.00238259	0.000602655	-0.00446866	6.65842e-05	-0.00112243	-0.00133878	0.00268264	-0.000387778	0.000307014	0.00157524	-0.00272732	-3.90815e-05	-0.000300529	-1.83138e-05	0.00294495	0.00105133	0.00272278	0.000876094	-0.00357695	-0.00126799	0.00422016	-0.00154284	0.00118931	-0.000497273	-0.00029899	-0.00272993	0.000967904	-0.00288181	-0.00474778	-0.00585197	-0.0146532	-0.0237893	-0.0329229	-0.0546622	-0.0816773	-0.100466	-0.127663	-0.143141	-0.136469	-0.102452	-0.0463493	0.0358562	0.127863	0.207001	0.251014	0.256909	0.239961	0.195713	0.13407	0.0770609	0.0194577	-0.0500129	-0.112932	-0.13807	-0.120341	-0.0889076	-0.048201	-0.0200345	0.00782129	0.0301884	0.0247083	-0.00715622	-0.0403395	-0.0365769	-0.00774342	0.00676143	-0.00143835	-0.0098245	-0.0151644	-0.0122645	-0.00353224	0.00544713	0.00651711	-0.0214044	-0.0444029	-0.0317386	0.00421327	0.0340971	0.024467	-0.00493629	-0.0306	-0.0634923	-0.101632	-0.130086	-0.129771	-0.0899189	-0.0203389	0.0488999	0.103243	0.168553	0.237241	0.276726	0.301855	0.309152	0.270363	0.206847	0.140741	0.0692354	0	
0	-6.66281e-06	0.00240256	6.65842e-05	0.00204358	0.000299371	-0.000715694	0.000575735	-0.00234155	0.000442855	-0.000213124	-0.000478406	0.00206619	-0.00050357	-0.000931855	-0.000248461	-0.00266559	-0.0020766	0.000366509	-3.99153e-06	0.00156493	-0.000473911	-0.00325944	0.000381861	-0.000767171	-0.000725072	-0.00021604	-0.000233898	-0.00550751	-0.0067313	-0.00657124	-0.018857	-0.0319613	-0.0448748	-0.0730045	-0.106575	-0.134998	-0.168943	-0.190444	-0.180454	-0.138791	-0.0633138	0.0436516	0.164562	0.269009	0.327958	0.340032	0.316568	0.260214	0.180151	0.105457	0.0283848	-0.0628695	-0.143795	-0.176956	-0.158454	-0.116914	-0.0660942	-0.0280819	0.00930134	0.0342852	0.029364	-0.011127	-0.0521813	-0.0450518	-0.0120241	0.00791241	0.00128752	-0.011408	-0.0178556	-0.0161768	-0.00865017	0.00251046	0.00397708	-0.0263153	-0.0518318	-0.0362714	0.00719866	0.0377453	0.0246551	-0.00594857	-0.0393136	-0.0863976	-0.135465	-0.170633	-0.170446	-0.116618	-0.0229694	0.0679534	0.140219	0.225851	0.314754	0.36833	0.400306	0.405584	0.354581	0.271986	0.183877	0.0901083	0	
0	-0.000607952	0.000346727	-0.00112243	0.000299371	-0.000305017	-0.000272287	0.00104635	-0.000869919	0.000597435	9.46664e-05	-0.00203174	0.00101108	-0.00152226	-0.00113532	0.00166674	-0.000823981	-0.000185636	0.00190471	-0.00173231	-0.00184991	0.000968471	-0.00163629	0.00211074	0.000245879	-0.0015226	-0.00335444	0.000115513	-0.00321102	-0.0076489	-0.0108836	-0.0236377	-0.0374237	-0.0567468	-0.0901734	-0.131227	-0.166913	-0.209288	-0.233264	-0.223244	-0.172121	-0.0796725	0.0522375	0.200015	0.328416	0.404422	0.422535	0.394816	0.325028	0.2295	0.135374	0.0383565	-0.0752871	-0.171775	-0.215595	-0.197346	-0.148039	-0.08774	-0.0360252	0.0083209	0.0400476	0.0342709	-0.0122389	-0.0567309	-0.0530279	-0.0178615	0.00391019	-0.00164933	-0.0143423	-0.0206692	-0.0169951	-0.00928881	0.00240027	0.00155898	-0.0342201	-0.061325	-0.0421077	0.00708009	0.0434308	0.0314731	-0.00824099	-0.0545057	-0.112524	-0.171505	-0.209357	-0.202135	-0.136804	-0.0274411	0.0853783	0.181653	0.286345	0.390345	0.458197	0.496799	0.497003	0.433851	0.333638	0.224049	0.109448	0	
0	-0.000727975	-0.000168671	-0.00133878	-0.000715694	-0.000272287	-0.00107538	0.000624321	0.000136269	-6.53717e-05	0.000970624	6.82171e-05	-1.84048e-05	0.00049676	0.00034123	0.000781909	-0.000881648	0.00177313	-0.00133035	-0.00160713	0.0010696	0.000834791	-0.00122062	-0.00139772	-0.00226228	-0.000715385	-0.000214515	-0.00248111	-0.0072032	-0.00914578	-0.0135959	-0.0275737	-0.0460339	-0.0692125	-0.108337	-0.154113	-0.200388	-0.248111	-0.275626	-0.264989	-0.206078	-0.0972674	0.058157	0.230406	0.382383	0.476164	0.502531	0.471562	0.390361	0.281105	0.169225	0.0493158	-0.0816192	-0.195959	-0.247779	-0.234916	-0.180319	-0.109675	-0.048132	0.00647861	0.0414269	0.0357889	-0.012267	-0.0588068	-0.0582538	-0.0245137	-0.000735568	-0.00506584	-0.0156083	-0.0208211	-0.0200912	-0.0102679	-0.000206676	-0.00760539	-0.0393458	-0.0641104	-0.045064	0.00932659	0.0460322	0.0305939	-0.0149633	-0.0706601	-0.136888	-0.202918	-0.245701	-0.235161	-0.154762	-0.0249396	0.10758	0.22389	0.34605	0.465374	0.547827	0.589938	0.581738	0.507437	0.391157	0.260664	0.126987	0	
0	0.00140202	0.000134211	0.00268264	0.000575735	0.00104635	0.000624321	-0.0011	-0.000746045	-0.00107507	-0.00160824	-0.000467625	-0.000815242	-0.000242954	-0.00152125	-0.000869067	-0.00117012	-0.00189595	-0.000150797	0.000641008	0.000335735	-0.00243891	3.10182e-05	0.000306383	0.00110406	-0.00102489	-0.00213768	-0.00250523	-0.00392017	-0.00891287	-0.0173709	-0.0304188	-0.0513083	-0.0802463	-0.124335	-0.174825	-0.231978	-0.283689	-0.315669	-0.303919	-0.240069	-0.114651	0.0602691	0.255478	0.429164	0.541012	0.57788	0.543807	0.454203	0.333842	0.202779	0.0635881	-0.0864926	-0.212023	-0.275236	-0.269064	-0.209569	-0.133704	-0.0589311	0.0020017	0.039096	0.0347054	-0.0134653	-0.0592272	-0.0618979	-0.0324944	-0.00830754	-0.00664794	-0.0160174	-0.0208971	-0.0197244	-0.0132711	-0.00662418	-0.0156619	-0.0446922	-0.0657075	-0.0430731	0.0102127	0.0420481	0.027814	-0.0195485	-0.0865242	-0.165621	-0.239274	-0.278859	-0.257047	-0.164587	-0.0230499	0.128358	0.270706	0.410163	0.539007	0.633433	0.678476	0.660674	0.574863	0.442962	0.293184	0.143006	0	
0	-5.86469e-05	-0.00245649	-0.000387778	-0.00234155	-0.000869919	0.000136269	-0.000746045	0.00200574	0.000215601	0.00101928	0.00120569	-0.00100529	0.000922676	-0.000152182	-0.000280275	0.00146033	-0.000537251	0.000278132	-0.000923231	-0.00159854	-0.000918543	0.000792613	-0.00235319	-0.00198059	-0.00134231	-0.0029353	-0.00405036	-0.00653553	-0.0120613	-0.0224458	-0.0348263	-0.0593496	-0.094019	-0.140994	-0.197453	-0.263242	-0.319251	-0.353499	-0.342607	-0.272416	-0.132368	0.0605467	0.277194	0.47096	0.603563	0.65072	0.617343	0.521102	0.391632	0.241511	0.0813669	-0.0855021	-0.222779	-0.299729	-0.301925	-0.242736	-0.161526	-0.074188	-0.00762552	0.0347797	0.032109	-0.0113795	-0.0525071	-0.062571	-0.0400776	-0.0175328	-0.0131315	-0.0181949	-0.0209121	-0.0203642	-0.0141482	-0.0114144	-0.0252766	-0.0502083	-0.0651931	-0.0401361	0.00963418	0.0376789	0.0243448	-0.0300627	-0.108619	-0.193387	-0.269969	-0.307852	-0.276518	-0.170614	-0.0155932	0.154409	0.32003	0.473586	0.611246	0.717143	0.762004	0.731965	0.634788	0.488754	0.321775	0.15736	0	
0	-0.000141176	0.00112874	0.000307014	0.000442855	0.000597435	-6.53717e-05	-0.00107507	0.000215601	-0.00148087	-0.00165299	0.00112341	-0.00285056	0.000597383	0.000178731	-0.0018384	0.000576544	-0.000124368	-0.00170617	2.84965e-05	0.00052622	-0.00114551	0.00178155	-0.00243088	-0.000385821	-0.000591637	-0.000445687	-0.00487614	-0.00632392	-0.0122231	-0.0234811	-0.0370603	-0.0659105	-0.104551	-0.154623	-0.216718	-0.291659	-0.350458	-0.388236	-0.378305	-0.302717	-0.151034	0.0577636	0.291292	0.505381	0.65622	0.716374	0.683982	0.586283	0.447832	0.281245	0.0998545	-0.0786733	-0.227971	-0.316861	-0.328623	-0.27338	-0.18567	-0.091971	-0.0177234	0.0261447	0.0250947	-0.0093493	-0.0479338	-0.0626442	-0.0485636	-0.0276138	-0.0180233	-0.0185305	-0.0184822	-0.0211538	-0.0166538	-0.0189244	-0.0381791	-0.0540934	-0.0600381	-0.0350771	0.00925596	0.0300344	0.0137306	-0.0438691	-0.129799	-0.221773	-0.300056	-0.332312	-0.289803	-0.169944	-0.00271694	0.182741	0.370373	0.539164	0.68413	0.796028	0.83758	0.796146	0.687818	0.527749	0.345899	0.169967	0	
0	0.000952478	-0.000836664	0.00157524	-0.000213124	9.46664e-05	0.000970624	-0.00160824	0.00101928	-0.00165299	-0.000283048	0.000524688	-0.00229613	0.00209938	-0.00151203	-0.00245866	0.0025445	-0.00507299	0.000777836	0.0013333	-0.00164249	-0.00239783	0.000902372	-0.00297244	0.000962774	-0.000520091	-0.00523206	-0.0055426	-0.00483199	-0.0138729	-0.0291555	-0.0413018	-0.0727425	-0.115853	-0.169441	-0.237616	-0.319175	-0.380375	-0.422284	-0.412008	-0.33287	-0.169236	0.0503353	0.301642	0.532124	0.703716	0.775489	0.749657	0.652036	0.508563	0.323264	0.12572	-0.0668392	-0.2252	-0.328476	-0.352414	-0.300934	-0.214588	-0.111731	-0.0341167	0.0125175	0.0173597	-0.00828028	-0.0400501	-0.0605527	-0.0549717	-0.0378203	-0.0238146	-0.019335	-0.0196796	-0.0204623	-0.0196936	-0.0295109	-0.0459611	-0.0570623	-0.057069	-0.0264567	0.00774719	0.0167753	0.000262296	-0.0598752	-0.152631	-0.249966	-0.329404	-0.352823	-0.293761	-0.161218	0.0128143	0.213191	0.42433	0.606933	0.755141	0.868618	0.905805	0.853399	0.732616	0.559254	0.366051	0.181097	0	
0	-0.00133229	-0.000131155	-0.00272732	-0.000478406	-0.00203174	6.82171e-05	-0.000467625	0.00120569	0.00112341	0.000524688	0.00191483	-0.0014355	0.000608944	-0.000492674	-0.00117748	0.00221099	-0.00116378	0.000610691	-0.0016289	-0.00252794	3.96139e-05	0.000386301	-0.00277664	-0.00265425	-0.00263542	-0.00253787	-0.00484217	-0.00941837	-0.018326	-0.0299722	-0.0450997	-0.081173	-0.127694	-0.182656	-0.258357	-0.343578	-0.409164	-0.452749	-0.444404	-0.359048	-0.189226	0.0420123	0.30563	0.553848	0.742557	0.828708	0.811157	0.718945	0.569262	0.369767	0.154836	-0.0476078	-0.217567	-0.335177	-0.369818	-0.329406	-0.241588	-0.137455	-0.0543543	-0.00374373	0.00692172	-0.00489892	-0.0318893	-0.0560014	-0.0597356	-0.0471002	-0.0312199	-0.0240331	-0.0203918	-0.0223131	-0.0241878	-0.0349793	-0.0538564	-0.0601519	-0.0500223	-0.0212748	0.0025623	0.00526931	-0.0163489	-0.0822183	-0.179776	-0.278216	-0.350364	-0.363402	-0.295497	-0.151449	0.0369042	0.252384	0.478298	0.672041	0.825353	0.93661	0.965283	0.901814	0.76906	0.58424	0.382434	0.190071	0	
0	-0.000504218	0.00286408	-3.90815e-05	0.00206619	0.00101108	-1.84048e-05	-0.000815242	-0.00100529	-0.00285056	-0.00229613	-0.0014355	-0.0020702	-0.000231515	8.47298e-05	-0.00119716	0.000244839	-0.00218918	1.37304e-05	0.00116184	-0.00133823	0.00117569	-0.000247297	-0.00117925	0.00111904	0.000407079	-0.0030868	-0.00665357	-0.00622724	-0.0164613	-0.0304114	-0.0502606	-0.0852579	-0.135427	-0.193473	-0.277094	-0.362978	-0.434461	-0.479361	-0.472666	-0.382299	-0.208843	0.0306068	0.304706	0.567093	0.771485	0.871448	0.866072	0.781617	0.627226	0.416628	0.187267	-0.0232493	-0.204816	-0.333703	-0.37976	-0.350052	-0.265634	-0.16289	-0.0765392	-0.0238158	-0.00513638	-0.00660442	-0.0279336	-0.0540665	-0.064183	-0.054019	-0.0373156	-0.0261011	-0.0209667	-0.0240214	-0.0295315	-0.0438829	-0.0604612	-0.0611514	-0.0439762	-0.0154899	-0.00219026	-0.0107188	-0.0397071	-0.107861	-0.205211	-0.302585	-0.369753	-0.37204	-0.288193	-0.129921	0.0665791	0.291161	0.532253	0.740198	0.894886	0.995674	1.01433	0.942484	0.797927	0.602656	0.394867	0.196848	0	
0	0.000436085	-0.001594	-0.000300529	-0.00050357	-0.00152226	0.00049676	-0.000242954	0.000922676	0.000597383	0.00209938	0.000608944	-0.000231515	0.00186346	-0.00251598	-0.000830148	-0.000199244	-0.00227713	-0.00178415	-0.00136147	-0.00126678	-0.00135578	-0.00307908	-0.00267234	-0.00226219	-0.00398148	-0.00528484	-0.00608883	-0.0106625	-0.0216789	-0.0359767	-0.0552259	-0.0945243	-0.145591	-0.210348	-0.295838	-0.385445	-0.459809	-0.508112	-0.499278	-0.406775	-0.230103	0.0157338	0.298663	0.573804	0.7921	0.907451	0.919328	0.84354	0.689592	0.468743	0.2301	0.00940825	-0.185468	-0.323345	-0.385801	-0.366634	-0.292953	-0.195157	-0.105561	-0.0502131	-0.0190851	-0.00895116	-0.0236805	-0.0479174	-0.0614823	-0.0577896	-0.0433382	-0.0321559	-0.0287071	-0.028946	-0.0360641	-0.0502757	-0.0606072	-0.0586484	-0.0398103	-0.014565	-0.00906543	-0.0276283	-0.0675735	-0.137856	-0.232272	-0.325597	-0.381483	-0.368921	-0.274587	-0.108329	0.100702	0.33919	0.589836	0.804608	0.958209	1.048	1.05584	0.973925	0.817621	0.615375	0.40431	0.201476	0	
0	0.000129186	-0.00110495	-1.83138e-05	-0.000931855	-0.00113532	0.00034123	-0.00152125	-0.000152182	0.000178731	-0.00151203	-0.000492674	8.47298e-05	-0.00251598	-0.000551184	0.00143469	-0.00217976	0.00247768	0.00138025	0.000244894	-0.00257208	-3.87533e-05	-0.000753695	0.00214397	-0.00200875	-0.00184277	-0.00218983	-0.00600705	-0.0118608	-0.0202207	-0.0340991	-0.0597946	-0.0987799	-0.152412	-0.220773	-0.310865	-0.400361	-0.481418	-0.528797	-0.520596	-0.425084	-0.249279	0.00227594	0.289816	0.574926	0.802838	0.935104	0.963723	0.899967	0.745757	0.521429	0.274666	0.0431579	-0.161194	-0.309726	-0.381771	-0.377507	-0.315391	-0.224383	-0.136332	-0.0748401	-0.0340113	-0.016165	-0.0240325	-0.0447022	-0.0601945	-0.0588018	-0.0486627	-0.0415006	-0.0341318	-0.0350497	-0.0451458	-0.0506998	-0.0585509	-0.0571167	-0.0348724	-0.017964	-0.022842	-0.0484815	-0.0951924	-0.166911	-0.26106	-0.346837	-0.385619	-0.359168	-0.256139	-0.0787972	0.143931	0.390295	0.644915	0.866638	1.01858	1.09329	1.08678	0.994679	0.830058	0.624247	0.410435	0.203249	0	
0	0.00143918	-0.000869716	0.00294495	-0.000248461	0.00166674	0.000781909	-0.000869067	-0.000280275	-0.0018384	-0.00245866	-0.00117748	-0.00119716	-0.000830148	0.00143469	-0.000171525	-0.00252527	0.000462118	-0.00603236	-0.00154048	0.00168226	-0.000169515	-0.00127012	-0.00228093	-0.00288706	-0.00214056	-0.00293516	-0.00881904	-0.0114463	-0.0211963	-0.0387238	-0.066201	-0.103299	-0.160334	-0.235525	-0.325004	-0.417839	-0.502203	-0.55111	-0.539666	-0.446155	-0.268903	-0.0157435	0.276174	0.566773	0.803452	0.953265	1.00081	0.950299	0.800971	0.578264	0.326158	0.0846195	-0.130077	-0.284572	-0.37006	-0.379552	-0.33509	-0.255506	-0.169743	-0.104656	-0.0533861	-0.029785	-0.0293783	-0.0428866	-0.0543206	-0.0552723	-0.0526501	-0.0479504	-0.0431702	-0.0447608	-0.0509136	-0.0533078	-0.056999	-0.0513339	-0.0351237	-0.0266931	-0.0329459	-0.0679318	-0.129628	-0.204973	-0.289405	-0.357788	-0.381379	-0.343298	-0.229318	-0.0433736	0.189103	0.44472	0.704034	0.926272	1.06977	1.12928	1.10937	1.00631	0.835323	0.628928	0.413527	0.203199	0	
0	0.00100387	-0.00271841	0.00105133	-0.00266559	-0.000823981	-0.000881648	-0.00117012	0.00146033	0.000576544	0.0025445	0.00221099	0.000244839	-0.000199244	-0.00217976	-0.00252527	-0.00374604	0.00309475	-0.00218302	0.00134112	-0.00106795	-0.0057018	-0.00208928	-0.00110898	-0.0021905	-0.0038541	-0.00442553	-0.00883048	-0.0147106	-0.0236166	-0.0424013	-0.0694788	-0.109852	-0.169519	-0.248916	-0.336825	-0.434555	-0.521631	-0.568999	-0.556687	-0.464258	-0.287468	-0.0325714	0.260234	0.553188	0.797853	0.963817	1.03196	0.993819	0.855568	0.638243	0.382613	0.130821	-0.0924903	-0.253354	-0.350688	-0.377628	-0.352295	-0.28706	-0.207125	-0.135239	-0.0778725	-0.046747	-0.0361095	-0.0399352	-0.0427516	-0.0480472	-0.0547931	-0.058615	-0.0592921	-0.0595066	-0.0598851	-0.0512506	-0.0464186	-0.0412496	-0.035378	-0.0406306	-0.0556622	-0.0980372	-0.162979	-0.234445	-0.311808	-0.367811	-0.373234	-0.317738	-0.194745	-0.00367017	0.239608	0.504407	0.763252	0.978721	1.11174	1.15856	1.12379	1.00757	0.833753	0.630518	0.414281	0.201829	0	
0	0.00171164	-0.00377526	0.00272278	-0.0020766	-0.000185636	0.00177313	-0.00189595	-0.000537251	-0.000124368	-0.00507299	-0.00116378	-0.00218918	-0.00227713	0.00247768	0.000462118	0.00309475	-0.000484226	-0.0021414	-0.000112816	0.000427317	-0.00313782	0.00451043	-0.000491023	-0.00269064	-0.00279062	-0.00206672	-0.00898108	-0.0136516	-0.0221903	-0.0435188	-0.0731355	-0.112512	-0.175892	-0.258056	-0.34581	-0.448546	-0.534959	-0.583118	-0.568064	-0.480408	-0.300683	-0.0493535	0.24316	0.534502	0.784153	0.966874	1.05002	1.02822	0.903323	0.695594	0.439525	0.176234	-0.0490422	-0.217325	-0.323857	-0.366414	-0.362236	-0.310935	-0.238468	-0.164784	-0.103244	-0.0692785	-0.0508141	-0.0408916	-0.0377561	-0.0435422	-0.0555932	-0.069335	-0.0717231	-0.0691293	-0.0637502	-0.0468489	-0.0387155	-0.0379146	-0.0442799	-0.0585234	-0.0777394	-0.126011	-0.194116	-0.266693	-0.337248	-0.371077	-0.352899	-0.283838	-0.15396	0.0427945	0.293235	0.564238	0.822243	1.02645	1.14449	1.1785	1.12861	1.00033	0.827533	0.62914	0.412546	0.199701	0	
0	-8.17287e-05	0.00199107	0.000876094	0.000366509	0.00190471	-0.00133035	-0.000150797	0.000278132	-0.00170617	0.000777836	0.000610691	1.37304e-05	-0.00178415	0.00138025	-0.00603236	-0.00218302	-0.0021414	-0.0028771	-0.00161453	-0.00216252	-0.000774774	-0.000973211	-0.00610039	-0.00335535	-0.00206078	-0.00481696	-0.0111834	-0.0144921	-0.0260913	-0.0478661	-0.0774706	-0.116938	-0.187407	-0.267235	-0.358704	-0.46269	-0.551913	-0.595948	-0.583974	-0.495921	-0.317224	-0.0687826	0.220714	0.50761	0.76419	0.958562	1.05871	1.05422	0.948557	0.756956	0.499058	0.233273	0.0041782	-0.170117	-0.285759	-0.349803	-0.364535	-0.333879	-0.273106	-0.199399	-0.140419	-0.100067	-0.0666965	-0.0431905	-0.0268313	-0.0306416	-0.0537895	-0.0760263	-0.0885607	-0.0883621	-0.0698391	-0.0440578	-0.0303502	-0.0297649	-0.0491789	-0.0792214	-0.110864	-0.160537	-0.226081	-0.2987	-0.353039	-0.360571	-0.327231	-0.247048	-0.105428	0.0959852	0.348763	0.625402	0.88073	1.06668	1.16597	1.18847	1.12523	0.987174	0.81696	0.623749	0.40911	0.198423	0	
0	-0.00184586	0.000897634	-0.00357695	-3.99153e-06	-0.00173231	-0.00160713	0.000641008	-0.000923231	2.84965e-05	0.0013333	-0.0016289	0.00116184	-0.00136147	0.000244894	-0.00154048	0.00134112	-0.000112816	-0.00161453	0.00318827	-0.00149118	-0.00243392	-0.00380443	-0.000339299	-0.000465273	-0.00357883	-0.00590614	-0.0101748	-0.0157176	-0.0280802	-0.0483855	-0.0797557	-0.122607	-0.195248	-0.27225	-0.369532	-0.473827	-0.562993	-0.603815	-0.595603	-0.505113	-0.328673	-0.0835277	0.199502	0.481754	0.742022	0.944438	1.0583	1.07172	0.988748	0.812327	0.556224	0.290759	0.0593574	-0.119908	-0.246298	-0.327717	-0.359708	-0.349014	-0.298371	-0.232006	-0.177346	-0.129634	-0.086058	-0.0474498	-0.0220732	-0.0271184	-0.0523651	-0.0848057	-0.106458	-0.0990243	-0.0716804	-0.0394397	-0.0204827	-0.0284364	-0.0615681	-0.104273	-0.147626	-0.199098	-0.259644	-0.319326	-0.354919	-0.349443	-0.300265	-0.199616	-0.0481619	0.153816	0.407906	0.685678	0.932644	1.09898	1.17939	1.18818	1.11268	0.969456	0.803035	0.614794	0.404803	0.198267	0	
0	-0.000102696	3.42853e-05	-0.00126799	0.00156493	-0.00184991	0.0010696	0.000335735	-0.00159854	0.00052622	-0.00164249	-0.00252794	-0.00133823	-0.00126678	-0.00257208	0.00168226	-0.00106795	0.000427317	-0.00216252	-0.00149118	-0.00545127	0.000843579	0.000391813	6.78626e-06	-0.00369822	-0.00449598	-0.00578393	-0.00919205	-0.0158226	-0.0277033	-0.0517676	-0.0818025	-0.12859	-0.198293	-0.280276	-0.379387	-0.484727	-0.570551	-0.613787	-0.60648	-0.513074	-0.341101	-0.0991108	0.173371	0.453392	0.711965	0.920054	1.04564	1.07817	1.02215	0.859985	0.613623	0.353795	0.121833	-0.0597816	-0.199913	-0.294566	-0.344326	-0.35478	-0.317381	-0.268532	-0.219964	-0.165626	-0.110406	-0.0557527	-0.0230069	-0.0240291	-0.0487498	-0.0902377	-0.118864	-0.108246	-0.0734967	-0.0350293	-0.0169735	-0.0338644	-0.0760459	-0.132505	-0.189236	-0.237244	-0.28514	-0.334382	-0.357427	-0.330905	-0.258926	-0.145492	0.0127076	0.217928	0.46809	0.740651	0.978907	1.1257	1.18319	1.17513	1.0922	0.949849	0.786611	0.602689	0.40006	0.198834	0	
0	0.00236799	-0.00133604	0.00422016	-0.000473911	0.000968471	0.000834791	-0.00243891	-0.000918543	-0.00114551	-0.00239783	3.96139e-05	0.00117569	-0.00135578	-3.87533e-05	-0.000169515	-0.0057018	-0.00313782	-0.000774774	-0.00243392	0.000843579	0.00063837	-0.00418565	-0.00452438	-0.00350635	-0.00401106	-0.00386331	-0.00981329	-0.0191159	-0.0322284	-0.0517133	-0.0837743	-0.134625	-0.204288	-0.287706	-0.388706	-0.493516	-0.577976	-0.624761	-0.613254	-0.521123	-0.350321	-0.116942	0.149754	0.423343	0.678804	0.88887	1.02297	1.07896	1.04514	0.901207	0.670104	0.419064	0.191979	0.00312195	-0.147404	-0.253496	-0.322478	-0.348118	-0.332862	-0.305771	-0.262822	-0.206417	-0.134901	-0.06764	-0.0315481	-0.0222443	-0.0454087	-0.0933787	-0.12473	-0.115372	-0.0775768	-0.0348609	-0.021493	-0.0443828	-0.0889053	-0.158724	-0.23103	-0.279519	-0.316847	-0.344984	-0.341616	-0.29626	-0.213043	-0.0900181	0.0764647	0.284673	0.532228	0.795281	1.01438	1.14001	1.17865	1.15367	1.06518	0.927637	0.767925	0.589023	0.395549	0.199482	0	
0	-0.000552217	-0.00287383	-0.00154284	-0.00325944	-0.00163629	-0.00122062	3.10182e-05	0.000792613	0.00178155	0.000902372	0.000386301	-0.000247297	-0.00307908	-0.000753695	-0.00127012	-0.00208928	0.00451043	-0.000973211	-0.00380443	0.000391813	-0.00418565	-0.00624878	0.00106627	-0.00131967	-0.00468456	-0.00811245	-0.0126328	-0.0202854	-0.0301281	-0.0529317	-0.0905668	-0.140512	-0.20635	-0.294747	-0.398435	-0.500094	-0.585219	-0.632459	-0.61861	-0.52552	-0.359275	-0.131035	0.127978	0.395489	0.644241	0.852321	0.995953	1.07158	1.05847	0.933488	0.723048	0.485771	0.263227	0.0675411	-0.0905876	-0.209133	-0.290499	-0.332279	-0.342581	-0.336074	-0.305353	-0.242645	-0.157736	-0.0869042	-0.0445248	-0.0299212	-0.0504353	-0.0947226	-0.128262	-0.118214	-0.0748385	-0.0342887	-0.0303029	-0.0588613	-0.110518	-0.195511	-0.275139	-0.318391	-0.339943	-0.339359	-0.313478	-0.260093	-0.166825	-0.0289471	0.148329	0.358885	0.596658	0.837893	1.03607	1.14869	1.16841	1.12186	1.03141	0.903798	0.748443	0.575432	0.391233	0.199124	0	
0	0.000145977	0.00130598	0.00118931	0.000381861	0.00211074	-0.00139772	0.000306383	-0.00235319	-0.00243088	-0.00297244	-0.00277664	-0.00117925	-0.00267234	0.00214397	-0.00228093	-0.00110898	-0.000491023	-0.00610039	-0.000339299	6.78626e-06	-0.00452438	0.00106627	0.00158467	-0.00698462	-0.00671047	-0.0044146	-0.00997758	-0.0188348	-0.0324875	-0.0551939	-0.0934033	-0.138892	-0.20974	-0.302704	-0.404501	-0.502483	-0.592104	-0.638665	-0.621383	-0.52952	-0.367305	-0.145391	0.107161	0.365589	0.604673	0.808934	0.959903	1.05304	1.05498	0.95526	0.768813	0.552183	0.335221	0.137469	-0.0256509	-0.154049	-0.244291	-0.304835	-0.341793	-0.362299	-0.345096	-0.280448	-0.189346	-0.114957	-0.0682783	-0.0446297	-0.0545143	-0.089192	-0.119833	-0.112123	-0.0736783	-0.0455735	-0.0521026	-0.0828797	-0.138892	-0.226532	-0.307591	-0.354884	-0.359599	-0.326658	-0.283228	-0.216216	-0.103764	0.0424906	0.21854	0.427155	0.656289	0.877187	1.05218	1.14505	1.14449	1.08467	0.997112	0.876932	0.727189	0.563919	0.387443	0.196704	0	
0	-0.000268604	-1.46512e-06	-0.000497273	-0.000767171	0.000245879	-0.00226228	0.00110406	-0.00198059	-0.000385821	0.000962774	-0.00265425	0.00111904	-0.00226219	-0.00200875	-0.00288706	-0.0021905	-0.00269064	-0.00335535	-0.000465273	-0.00369822	-0.00350635	-0.00131967	-0.00698462	-0.00598965	-0.00408121	-0.00573223	-0.0147178	-0.0224565	-0.0352443	-0.0569569	-0.0960758	-0.143108	-0.217745	-0.310394	-0.407845	-0.50939	-0.601461	-0.644256	-0.623658	-0.535119	-0.375767	-0.158076	0.088145	0.336504	0.564699	0.76463	0.922879	1.02545	1.04329	0.96857	0.811819	0.615871	0.406331	0.211089	0.0418356	-0.0925087	-0.193096	-0.272021	-0.335755	-0.381411	-0.377527	-0.313375	-0.221084	-0.146553	-0.0947295	-0.066781	-0.063543	-0.0845104	-0.111147	-0.101993	-0.0748758	-0.0618235	-0.0742454	-0.112741	-0.172576	-0.257443	-0.342536	-0.386052	-0.366737	-0.308401	-0.241915	-0.154006	-0.0368069	0.107778	0.289043	0.49852	0.714627	0.909544	1.05409	1.12507	1.11384	1.04914	0.960021	0.844072	0.706726	0.556291	0.383299	0.192133	0	
0	0.000294076	-0.00105608	-0.00029899	-0.000725072	-0.0015226	-0.000715385	-0.00102489	-0.00134231	-0.000591637	-0.000520091	-0.00263542	0.000407079	-0.00398148	-0.00184277	-0.00214056	-0.0038541	-0.00279062	-0.00206078	-0.00357883	-0.00449598	-0.00401106	-0.00468456	-0.00671047	-0.00408121	-0.00562546	-0.0102717	-0.0171597	-0.0237751	-0.0341115	-0.0606546	-0.100447	-0.147627	-0.222388	-0.314324	-0.412403	-0.517831	-0.607678	-0.646241	-0.626407	-0.541421	-0.381658	-0.169253	0.0716691	0.306219	0.52558	0.719493	0.881668	0.986914	1.0193	0.971523	0.845072	0.670238	0.474381	0.285047	0.11516	-0.0234549	-0.134206	-0.229958	-0.319622	-0.387104	-0.398212	-0.343461	-0.257893	-0.184665	-0.131614	-0.096186	-0.0761825	-0.0812639	-0.0933461	-0.0870726	-0.0790411	-0.0810096	-0.10632	-0.151784	-0.209431	-0.29157	-0.371653	-0.401488	-0.363032	-0.282386	-0.191124	-0.0883978	0.0318485	0.18094	0.364723	0.565158	0.761957	0.929863	1.04597	1.09693	1.07713	1.00986	0.920008	0.810936	0.688884	0.549224	0.378107	0.188213	0	
0	-0.00105578	-0.000565894	-0.00272993	-0.00021604	-0.00335444	-0.000214515	-0.00213768	-0.0029353	-0.000445687	-0.00523206	-0.00253787	-0.0030868	-0.00528484	-0.00218983	-0.00293516	-0.00442553	-0.00206672	-0.00481696	-0.00590614	-0.00578393	-0.00386331	-0.00811245	-0.0044146	-0.00573223	-0.0102717	-0.0154352	-0.0146507	-0.0227652	-0.0390419	-0.0679221	-0.100682	-0.14945	-0.228106	-0.319134	-0.417724	-0.523751	-0.611292	-0.647632	-0.631836	-0.544507	-0.387305	-0.17675	0.0536031	0.278872	0.486762	0.676848	0.835099	0.939013	0.986062	0.963336	0.866178	0.712486	0.537295	0.358405	0.193568	0.0502315	-0.0685641	-0.182685	-0.292206	-0.377197	-0.407439	-0.368256	-0.297832	-0.228046	-0.174108	-0.130852	-0.0944781	-0.0791126	-0.07398	-0.073239	-0.0831176	-0.10435	-0.145223	-0.195183	-0.252334	-0.327847	-0.391373	-0.400951	-0.346464	-0.248837	-0.135037	-0.0186747	0.105972	0.26125	0.441437	0.62068	0.793583	0.942471	1.03441	1.05836	1.02895	0.968545	0.883491	0.77989	0.670599	0.540669	0.373423	0.186725	0	
0	0.000472527	0.000804208	0.000967904	-0.000233898	0.000115513	-0.00248111	-0.00250523	-0.00405036	-0.00487614	-0.0055426	-0.00484217	-0.00665357	-0.00608883	-0.00600705	-0.00881904	-0.00883048	-0.00898108	-0.0111834	-0.0101748	-0.00919205	-0.00981329	-0.0126328	-0.00997758	-0.0147178	-0.0171597	-0.0146507	-0.018699	-0.0338783	-0.0487586	-0.0682581	-0.104167	-0.161018	-0.237618	-0.323617	-0.426152	-0.53365	-0.617816	-0.655109	-0.640331	-0.551884	-0.395894	-0.18968	0.0324723	0.248735	0.447921	0.63303	0.781364	0.885284	0.944806	0.947095	0.873053	0.746006	0.59497	0.434372	0.275903	0.130067	0.000459149	-0.130993	-0.253241	-0.355864	-0.404377	-0.391823	-0.339007	-0.274292	-0.220338	-0.16547	-0.115569	-0.0772294	-0.058789	-0.064807	-0.0904084	-0.13575	-0.188018	-0.239681	-0.297803	-0.360341	-0.400745	-0.388143	-0.317704	-0.205322	-0.0749823	0.0540879	0.189533	0.345523	0.507138	0.663894	0.820437	0.947618	1.00787	1.00871	0.979799	0.928489	0.846841	0.75032	0.653392	0.531221	0.369093	0.186997	0	
0	-0.001265	-0.00266563	-0.00288181	-0.00550751	-0.00321102	-0.0072032	-0.00392017	-0.00653553	-0.00632392	-0.00483199	-0.00941837	-0.00622724	-0.0106625	-0.0118608	-0.0114463	-0.0147106	-0.0136516	-0.0144921	-0.0157176	-0.0158226	-0.0191159	-0.0202854	-0.0188348	-0.0224565	-0.0237751	-0.0227652	-0.0338783	-0.0435886	-0.0538502	-0.0759116	-0.120582	-0.173347	-0.24324	-0.33281	-0.441189	-0.543846	-0.624708	-0.664998	-0.64967	-0.559358	-0.404324	-0.202144	0.0131958	0.222481	0.415032	0.591003	0.72689	0.829984	0.899948	0.918541	0.863737	0.763959	0.641713	0.503131	0.354754	0.208513	0.0678972	-0.0732906	-0.203811	-0.317291	-0.388671	-0.406667	-0.374169	-0.32129	-0.265431	-0.204091	-0.140398	-0.0832179	-0.0565924	-0.0623125	-0.10393	-0.166372	-0.227403	-0.288201	-0.34122	-0.388304	-0.405911	-0.362901	-0.272516	-0.149043	-0.00954557	0.128946	0.273553	0.424205	0.568787	0.706447	0.834085	0.928773	0.970365	0.964987	0.931818	0.879829	0.80939	0.728739	0.63817	0.518367	0.3647	0.189384	0	
0	-0.00137027	-0.00433437	-0.00474778	-0.0067313	-0.0076489	-0.00914578	-0.00891287	-0.0120613	-0.0122231	-0.0138729	-0.018326	-0.0164613	-0.0216789	-0.0202207	-0.0211963	-0.0236166	-0.0221903	-0.0260913	-0.0280802	-0.0277033	-0.0322284	-0.0301281	-0.0324875	-0.0352443	-0.0341115	-0.0390419	-0.0487586	-0.0538502	-0.0657786	-0.0945606	-0.135435	-0.183377	-0.254847	-0.352191	-0.456113	-0.553983	-0.636865	-0.681742	-0.66185	-0.571925	-0.417613	-0.221874	-0.00993087	0.192586	0.380189	0.541389	0.667232	0.769325	0.846033	0.873048	0.836098	0.766253	0.676315	0.564505	0.43049	0.286945	0.138521	-0.00649737	-0.141224	-0.265679	-0.363473	-0.413435	-0.405699	-0.366884	-0.311773	-0.244341	-0.167062	-0.0986289	-0.0655634	-0.0712631	-0.121754	-0.194869	-0.269165	-0.334031	-0.38105	-0.413931	-0.399112	-0.323904	-0.213818	-0.0813927	0.0583042	0.205452	0.357653	0.497566	0.625868	0.738411	0.827879	0.896781	0.932293	0.920789	0.877391	0.828883	0.778862	0.711892	0.620609	0.504665	0.361822	0.19119	0	
0	-0.00194693	-0.00211122	-0.00585197	-0.00657124	-0.0108836	-0.0135959	-0.0173709	-0.0224458	-0.0234811	-0.0291555	-0.0299722	-0.0304114	-0.0359767	-0.0340991	-0.0387238	-0.0424013	-0.0435188	-0.0478661	-0.0483855	-0.0517676	-0.0517133	-0.0529317	-0.0551939	-0.0569569	-0.0606546	-0.0679221	-0.0682581	-0.0759116	-0.0945606	-0.120804	-0.156999	-0.206407	-0.283062	-0.378253	-0.477093	-0.575177	-0.664377	-0.705869	-0.68343	-0.593568	-0.443691	-0.249758	-0.0408645	0.159375	0.338393	0.486125	0.605403	0.706902	0.783752	0.813462	0.794605	0.754182	0.69827	0.613704	0.499824	0.359833	0.211625	0.0662548	-0.0715104	-0.208119	-0.3344	-0.411975	-0.43047	-0.406741	-0.354487	-0.281028	-0.193864	-0.123043	-0.0886872	-0.0959885	-0.148478	-0.226363	-0.31058	-0.376233	-0.413061	-0.423368	-0.379672	-0.278103	-0.144757	-0.00509669	0.133011	0.283224	0.432767	0.565778	0.677938	0.753536	0.807544	0.859092	0.885658	0.869763	0.82712	0.786046	0.749265	0.690959	0.60429	0.496591	0.358457	0.187286	0	
0	-0.00478303	-0.00973808	-0.0146532	-0.018857	-0.0236377	-0.0275737	-0.0304188	-0.0348263	-0.0370603	-0.0413018	-0.0450997	-0.0502606	-0.0552259	-0.0597946	-0.066201	-0.0694788	-0.0731355	-0.0774706	-0.0797557	-0.0818025	-0.0837743	-0.0905668	-0.0934033	-0.0960758	-0.100447	-0.100682	-0.104167	-0.120582	-0.135435	-0.156999	-0.195197	-0.246951	-0.322455	-0.414849	-0.511696	-0.613951	-0.702708	-0.739803	-0.716234	-0.629594	-0.480914	-0.286735	-0.0777609	0.120028	0.289056	0.428156	0.544488	0.642539	0.712085	0.742133	0.739427	0.725476	0.698533	0.643319	0.549217	0.421041	0.280321	0.139232	0.00119017	-0.151262	-0.297023	-0.397278	-0.439353	-0.431801	-0.388774	-0.314026	-0.22755	-0.162939	-0.135521	-0.14175	-0.184441	-0.260035	-0.343081	-0.404267	-0.431265	-0.418791	-0.351418	-0.226646	-0.0724559	0.0759233	0.217271	0.36431	0.504978	0.625027	0.707798	0.750776	0.78468	0.815859	0.82794	0.817075	0.784539	0.748752	0.717855	0.668078	0.592171	0.491903	0.3523	0.179704	0	
0	-0.0084055	-0.0162506	-0.0237893	-0.0319613	-0.0374237	-0.0460339	-0.0513083	-0.0593496	-0.0659105	-0.0727425	-0.081173	-0.0852579	-0.0945243	-0.0987799	-0.103299	-0.109852	-0.112512	-0.116938	-0.122607	-0.12859	-0.134625	-0.140512	-0.138892	-0.143108	-0.147627	-0.14945	-0.161018	-0.173347	-0.183377	-0.206407	-0.246951	-0.297206	-0.37387	-0.461687	-0.559288	-0.663407	-0.750646	-0.783442	-0.763592	-0.678833	-0.530503	-0.334594	-0.126679	0.0658324	0.225807	0.361297	0.474354	0.562949	0.620763	0.65236	0.663124	0.670613	0.670981	0.645064	0.578296	0.471856	0.349567	0.218385	0.075278	-0.0911877	-0.253201	-0.372625	-0.435642	-0.44976	-0.420088	-0.350274	-0.271517	-0.218005	-0.197293	-0.198934	-0.230002	-0.292339	-0.368416	-0.425707	-0.434451	-0.399797	-0.315265	-0.169689	0.00384147	0.167724	0.312119	0.442545	0.564251	0.663974	0.720322	0.742961	0.755935	0.762526	0.766127	0.764522	0.745497	0.718552	0.688797	0.643928	0.58124	0.487016	0.344424	0.172874	0	
0	-0.0104889	-0.0224571	-0.0329229	-0.0448748	-0.0567468	-0.0692125	-0.0802463	-0.094019	-0.104551	-0.115853	-0.127694	-0.135427	-0.145591	-0.152412	-0.160334	-0.169519	-0.175892	-0.187407	-0.195248	-0.198293	-0.204288	-0.20635	-0.20974	-0.217745	-0.222388	-0.228106	-0.237618	-0.24324	-0.254847	-0.283062	-0.322455	-0.37387	-0.445019	-0.530682	-0.632006	-0.739044	-0.818724	-0.85315	-0.837225	-0.754262	-0.602501	-0.406185	-0.199795	-0.0124906	0.145418	0.282595	0.391305	0.467507	0.518223	0.553095	0.574146	0.596697	0.619062	0.622149	0.583877	0.508805	0.409641	0.28705	0.13702	-0.0420498	-0.212607	-0.342777	-0.421767	-0.454699	-0.440256	-0.385	-0.322245	-0.284128	-0.273862	-0.272123	-0.288237	-0.33328	-0.393424	-0.43218	-0.42085	-0.366068	-0.259617	-0.100277	0.0814049	0.255893	0.400256	0.51722	0.617515	0.688847	0.720718	0.72157	0.710807	0.705885	0.710136	0.713689	0.708831	0.692766	0.661554	0.621746	0.570999	0.478419	0.335198	0.169402	0	
0	-0.0184376	-0.0362797	-0.0546622	-0.0730045	-0.0901734	-0.108337	-0.124335	-0.140994	-0.154623	-0.169441	-0.182656	-0.193473	-0.210348	-0.220773	-0.235525	-0.248916	-0.258056	-0.267235	-0.27225	-0.280276	-0.287706	-0.294747	-0.302704	-0.310394	-0.314324	-0.319134	-0.323617	-0.33281	-0.352191	-0.378253	-0.414849	-0.461687	-0.530682	-0.620572	-0.726723	-0.824077	-0.900904	-0.941409	-0.929515	-0.842006	-0.688562	-0.493758	-0.290176	-0.104888	0.0568611	0.194365	0.293688	0.358047	0.404536	0.441121	0.463464	0.492948	0.532394	0.559763	0.556851	0.518673	0.448799	0.336684	0.18185	0.000270347	-0.172174	-0.305987	-0.395037	-0.445212	-0.451926	-0.42201	-0.38522	-0.36787	-0.366052	-0.362084	-0.364169	-0.382011	-0.411482	-0.420633	-0.383301	-0.308957	-0.19345	-0.0342904	0.152861	0.338739	0.48718	0.592977	0.663286	0.698781	0.701149	0.677342	0.65667	0.657249	0.663137	0.666114	0.669511	0.664017	0.642048	0.609017	0.55601	0.460827	0.327279	0.171781	0	
0	-0.0275857	-0.0550983	-0.0816773	-0.106575	-0.131227	-0.154113	-0.174825	-0.197453	-0.216718	-0.237616	-0.258357	-0.277094	-0.295838	-0.310865	-0.325004	-0.336825	-0.34581	-0.358704	-0.369532	-0.379387	-0.388706	-0.398435	-0.404501	-0.407845	-0.412403	-0.417724	-0.426152	-0.441189	-0.456113	-0.477093	-0.511696	-0.559288	-0.632006	-0.726723	-0.822824	-0.914937	-0.999759	-1.04816	-1.03147	-0.942058	-0.792725	-0.601962	-0.400749	-0.212488	-0.0472924	0.086209	0.174174	0.231495	0.278078	0.310626	0.32855	0.359784	0.410407	0.463002	0.496317	0.500721	0.46107	0.360959	0.212005	0.0342516	-0.133599	-0.2667	-0.363925	-0.429782	-0.464144	-0.471546	-0.467148	-0.468388	-0.472254	-0.4611	-0.443828	-0.432043	-0.421922	-0.39455	-0.335641	-0.248278	-0.124133	0.0407289	0.23176	0.418417	0.566297	0.658478	0.692993	0.688184	0.661597	0.624535	0.605521	0.611017	0.618688	0.622312	0.628481	0.637544	0.633819	0.597955	0.531505	0.441316	0.323026	0.173092	0	
0	-0.0336422	-0.0678202	-0.100466	-0.134998	-0.166913	-0.200388	-0.231978	-0.263242	-0.291659	-0.319175	-0.343578	-0.362978	-0.385445	-0.400361	-0.417839	-0.434555	-0.448546	-0.46269	-0.473827	-0.484727	-0.493516	-0.500094	-0.502483	-0.50939	-0.517831	-0.523751	-0.53365	-0.543846	-0.553983	-0.575177	-0.613951	-0.663407	-0.739044	-0.824077	-0.914937	-1.01566	-1.11139	-1.15415	-1.13489	-1.05241	-0.910616	-0.722797	-0.520632	-0.329392	-0.163752	-0.0388174	0.0412381	0.0988701	0.143225	0.167825	0.17624	0.205535	0.264484	0.338251	0.408957	0.450999	0.438607	0.35618	0.219779	0.0534237	-0.108023	-0.240683	-0.340844	-0.420268	-0.484337	-0.528371	-0.556096	-0.575102	-0.580437	-0.565043	-0.535577	-0.492655	-0.439617	-0.370449	-0.278115	-0.172054	-0.0410757	0.125241	0.311611	0.489707	0.625834	0.697235	0.703689	0.668749	0.617113	0.569593	0.549144	0.556671	0.575287	0.58973	0.59964	0.616263	0.618611	0.577975	0.511975	0.431578	0.314185	0.161828	0	
0	-0.0426645	-0.0856678	-0.127663	-0.168943	-0.209288	-0.248111	-0.283689	-0.319251	-0.350458	-0.380375	-0.409164	-0.434461	-0.459809	-0.481418	-0.502203	-0.521631	-0.534959	-0.551913	-0.562993	-0.570551	-0.577976	-0.585219	-0.592104	-0.601461	-0.607678	-0.611292	-0.617816	-0.624708	-0.636865	-0.664377	-0.702708	-0.750646	-0.818724	-0.900904	-0.999759	-1.11139	-1.20089	-1.23944	-1.22931	-1.15787	-1.02013	-0.832872	-0.630931	-0.437863	-0.277932	-0.160791	-0.0817903	-0.0234778	0.0145034	0.0239068	0.0200785	0.0422094	0.101501	0.1919	0.288021	0.358145	0.369839	0.311608	0.201697	0.0546079	-0.0953992	-0.221463	-0.322162	-0.415053	-0.508429	-0.593007	-0.65586	-0.693863	-0.705977	-0.68509	-0.635601	-0.558465	-0.457679	-0.339013	-0.213746	-0.0929867	0.0447502	0.211393	0.38749	0.545978	0.660714	0.714869	0.702236	0.640532	0.565463	0.50682	0.484287	0.501898	0.54174	0.571185	0.580952	0.589971	0.589748	0.559841	0.50605	0.421875	0.294637	0.145831	0	
0	-0.0483118	-0.0976414	-0.143141	-0.190444	-0.233264	-0.275626	-0.315669	-0.353499	-0.388236	-0.422284	-0.452749	-0.479361	-0.508112	-0.528797	-0.55111	-0.568999	-0.583118	-0.595948	-0.603815	-0.613787	-0.624761	-0.632459	-0.638665	-0.644256	-0.646241	-0.647632	-0.655109	-0.664998	-0.681742	-0.705869	-0.739803	-0.783442	-0.85315	-0.941409	-1.04816	-1.15415	-1.23944	-1.28797	-1.29208	-1.22686	-1.09232	-0.910811	-0.710661	-0.52398	-0.37347	-0.261486	-0.182093	-0.127981	-0.10601	-0.113169	-0.131949	-0.120984	-0.063998	0.033474	0.145248	0.233172	0.269686	0.246911	0.170516	0.0476318	-0.0897585	-0.213416	-0.319651	-0.430857	-0.55515	-0.673078	-0.764909	-0.822082	-0.837206	-0.806952	-0.73609	-0.622925	-0.47939	-0.319001	-0.159733	-0.0182417	0.126619	0.289408	0.455053	0.594789	0.681203	0.707574	0.674323	0.594901	0.504578	0.440945	0.427371	0.459897	0.511598	0.549813	0.563132	0.566678	0.564828	0.545751	0.495602	0.401504	0.274827	0.139085	0	
0	-0.0458145	-0.0915608	-0.136469	-0.180454	-0.223244	-0.264989	-0.303919	-0.342607	-0.378305	-0.412008	-0.444404	-0.472666	-0.499278	-0.520596	-0.539666	-0.556687	-0.568064	-0.583974	-0.595603	-0.60648	-0.613254	-0.61861	-0.621383	-0.623658	-0.626407	-0.631836	-0.640331	-0.64967	-0.66185	-0.68343	-0.716234	-0.763592	-0.837225	-0.929515	-1.03147	-1.13489	-1.22931	-1.29208	-1.30365	-1.24321	-1.11842	-0.942516	-0.749753	-0.57324	-0.430495	-0.317683	-0.238918	-0.197855	-0.191631	-0.21492	-0.248052	-0.250013	-0.202984	-0.109377	-0.00072998	0.0942387	0.154909	0.167841	0.127502	0.0296362	-0.0955206	-0.217547	-0.335728	-0.468617	-0.615867	-0.758701	-0.87407	-0.94834	-0.97118	-0.931088	-0.833688	-0.688485	-0.51128	-0.317049	-0.127934	0.0377302	0.197297	0.363323	0.518575	0.628957	0.675516	0.668207	0.615018	0.530128	0.443811	0.3871	0.381033	0.419828	0.477022	0.524093	0.548155	0.556223	0.549686	0.522729	0.469156	0.379656	0.262958	0.135555	0	
