0	0	0	0	0	0	0	0	0	0	0	0	0	0	0	0	0	0	0	0	0	0	0	0	0	0	0	0	0	0	0	0	0	0	0	0	0	0	0	0	0	0	0	0	0	0	0	0	0	0	0	0	0	0	0	0	0	0	0	0	0	0	0	0	0	0	0	0	0	0	0	0	0	0	0	0	0	0	0	0	0	0	0	0	0	0	0	0	0	0	0	0	0	0	0	0	0	0	0	0	
0	0.0262005	0.0500175	0.0688034	0.084657	0.0959552	0.106743	0.114978	0.123257	0.133943	0.147866	0.170585	0.197115	0.226501	0.252536	0.272822	0.289918	0.305552	0.321887	0.339155	0.356363	0.374233	0.392234	0.406982	0.416319	0.418386	0.420382	0.423194	0.426902	0.428706	0.423908	0.415778	0.409653	0.400959	0.394002	0.387668	0.379006	0.369316	0.359588	0.352383	0.349624	0.344535	0.336809	0.332539	0.334035	0.334673	0.333943	0.335049	0.339927	0.346327	0.352043	0.355504	0.359366	0.360363	0.354796	0.344426	0.326955	0.305541	0.285735	0.266918	0.252071	0.247143	0.250139	0.250298	0.252102	0.251998	0.245473	0.234184	0.219186	0.200981	0.172844	0.138723	0.102633	0.0693303	0.0397376	0.0144342	-0.00423278	-0.0245187	-0.0479639	-0.0687449	-0.0877887	-0.110371	-0.130817	-0.14337	-0.150004	-0.152267	-0.155532	-0.159967	-0.161094	-0.156015	-0.146515	-0.137168	-0.124328	-0.108209	-0.0938792	-0.0799088	-0.0625734	-0.0388464	-0.0151102	0	
0	0.0500175	0.0961589	0.130393	0.159473	0.179004	0.195772	0.209357	0.220729	0.238036	0.262029	0.302603	0.352264	0.407629	0.45612	0.494386	0.526088	0.553924	0.585126	0.616601	0.64974	0.684105	0.721462	0.750328	0.772566	0.779666	0.784137	0.794102	0.803117	0.807444	0.802075	0.790314	0.778229	0.766479	0.754014	0.741864	0.725094	0.708601	0.688691	0.675596	0.667172	0.656699	0.64249	0.633972	0.631389	0.631091	0.630731	0.632333	0.638022	0.64897	0.660091	0.666221	0.67238	0.672562	0.661955	0.639692	0.605901	0.561527	0.523703	0.48568	0.457532	0.449407	0.456071	0.460887	0.466004	0.471073	0.461841	0.444086	0.42006	0.387548	0.337689	0.273753	0.20665	0.144316	0.0888967	0.0427597	0.00829857	-0.0275773	-0.071553	-0.110044	-0.144989	-0.19058	-0.229923	-0.255914	-0.272775	-0.277168	-0.28573	-0.297074	-0.298799	-0.292396	-0.27758	-0.258717	-0.235791	-0.208938	-0.18247	-0.153696	-0.118425	-0.0746482	-0.0316823	0	
0	0.0688034	0.130393	0.175998	0.212193	0.234071	0.253261	0.264899	0.276014	0.293852	0.32168	0.374549	0.439647	0.513702	0.578416	0.627839	0.668295	0.705252	0.746286	0.79116	0.838224	0.889592	0.943127	0.989512	1.02242	1.03587	1.04917	1.06699	1.08725	1.10285	1.10018	1.08789	1.07869	1.06331	1.05044	1.03775	1.01711	0.992969	0.966265	0.945425	0.934784	0.9176	0.892249	0.874973	0.872552	0.868745	0.861184	0.858123	0.865514	0.878462	0.889666	0.895434	0.902075	0.901028	0.882186	0.84958	0.79737	0.734076	0.677088	0.623923	0.584694	0.575851	0.59142	0.60262	0.618967	0.631639	0.627087	0.6093	0.58183	0.544471	0.479411	0.396569	0.307366	0.225486	0.153923	0.0944623	0.0526195	0.0052574	-0.0529991	-0.105576	-0.155923	-0.218833	-0.277174	-0.315687	-0.338933	-0.350505	-0.36607	-0.385893	-0.396954	-0.391385	-0.373441	-0.354095	-0.32439	-0.28567	-0.250588	-0.2151	-0.169077	-0.10526	-0.0415368	0	
0	0.084657	0.159473	0.212193	0.25041	0.270428	0.28269	0.287534	0.288525	0.298876	0.323151	0.377827	0.451648	0.535979	0.609682	0.66399	0.707003	0.744728	0.790115	0.839652	0.895841	0.957245	1.02734	1.08667	1.13432	1.15821	1.17978	1.21146	1.2459	1.27268	1.28075	1.27657	1.27176	1.26452	1.25596	1.24563	1.22535	1.20054	1.16741	1.14415	1.12804	1.10537	1.07311	1.04978	1.03676	1.02713	1.01598	1.00886	1.01024	1.02116	1.03287	1.03696	1.0417	1.03525	1.00964	0.96369	0.895003	0.809964	0.736177	0.666985	0.618597	0.611344	0.635955	0.660939	0.690623	0.719897	0.726455	0.71753	0.697333	0.662097	0.594395	0.500588	0.399663	0.306784	0.226439	0.163855	0.120737	0.072539	0.008505	-0.0505116	-0.107188	-0.184928	-0.256986	-0.30666	-0.341011	-0.35807	-0.382287	-0.413756	-0.432332	-0.434193	-0.420556	-0.399912	-0.370063	-0.332484	-0.295054	-0.253176	-0.197521	-0.123274	-0.0506089	0	
0	0.0959552	0.179004	0.234071	0.270428	0.28196	0.285309	0.276054	0.264559	0.261813	0.276438	0.327797	0.400951	0.488704	0.562177	0.613894	0.650864	0.683025	0.724649	0.774544	0.832625	0.902451	0.980069	1.05198	1.10841	1.13968	1.17132	1.21553	1.2656	1.31125	1.33285	1.34114	1.34943	1.35199	1.35454	1.35394	1.33948	1.31805	1.28798	1.26304	1.24735	1.22126	1.18138	1.14849	1.13324	1.11776	1.09667	1.08015	1.07794	1.08634	1.09264	1.0928	1.09309	1.08197	1.04614	0.988234	0.901575	0.798171	0.706995	0.624644	0.569207	0.565065	0.601912	0.642106	0.691162	0.738056	0.762089	0.766522	0.758286	0.733118	0.668014	0.574688	0.470336	0.376197	0.29845	0.240558	0.20698	0.164729	0.103356	0.0460961	-0.0134768	-0.0968545	-0.177224	-0.233757	-0.271381	-0.294017	-0.325187	-0.366365	-0.397679	-0.407701	-0.401409	-0.390028	-0.363887	-0.326966	-0.29341	-0.257012	-0.203597	-0.125792	-0.0492273	0	
0	0.106743	0.195772	0.253261	0.28269	0.285309	0.272465	0.247186	0.216449	0.195863	0.196177	0.235952	0.30516	0.387406	0.457698	0.500359	0.526495	0.54689	0.577847	0.618743	0.673283	0.739257	0.820408	0.896011	0.956837	0.993808	1.03202	1.08583	1.15151	1.21217	1.24969	1.27248	1.29574	1.31484	1.33302	1.34752	1.34849	1.33672	1.31076	1.29325	1.28212	1.25858	1.21727	1.183	1.16011	1.13989	1.11439	1.09338	1.08429	1.08687	1.09038	1.08651	1.08271	1.06356	1.01921	0.948504	0.844569	0.722926	0.613901	0.518549	0.456385	0.454771	0.503087	0.56041	0.629574	0.697679	0.741162	0.764403	0.772525	0.760503	0.705903	0.616469	0.515796	0.425465	0.353634	0.308751	0.28815	0.259441	0.210969	0.162216	0.109864	0.0298174	-0.0511248	-0.107007	-0.144129	-0.167849	-0.201253	-0.248556	-0.289211	-0.308811	-0.310301	-0.305102	-0.288766	-0.264744	-0.242901	-0.217964	-0.174035	-0.103361	-0.0364682	0	
0	0.114978	0.209357	0.264899	0.287534	0.276054	0.247186	0.201315	0.151769	0.110554	0.0952751	0.1228	0.182673	0.260627	0.321295	0.354767	0.366056	0.370061	0.385628	0.413553	0.455535	0.516265	0.591585	0.665494	0.725437	0.761457	0.79845	0.857179	0.930051	1.00188	1.05305	1.09225	1.12969	1.16653	1.20356	1.23473	1.2506	1.25587	1.24831	1.24229	1.2402	1.22402	1.18963	1.15572	1.13511	1.11477	1.08674	1.06038	1.04765	1.04819	1.04693	1.03988	1.02998	1.00443	0.951059	0.866947	0.747384	0.607203	0.481729	0.373125	0.304806	0.306386	0.363594	0.440062	0.529202	0.617846	0.683307	0.724453	0.750753	0.752585	0.70838	0.627642	0.531549	0.4471	0.386186	0.35517	0.352276	0.342476	0.311021	0.279132	0.239414	0.168963	0.0973129	0.0485228	0.0185773	0.00262815	-0.0252815	-0.0716298	-0.114091	-0.138461	-0.149756	-0.155203	-0.149271	-0.138982	-0.134698	-0.128647	-0.104268	-0.0574285	-0.015962	0	
0	0.123257	0.220729	0.276014	0.288525	0.264559	0.216449	0.151769	0.0809319	0.0208072	-0.0109671	0.00210829	0.0548234	0.122581	0.177826	0.199886	0.197264	0.187004	0.185854	0.198575	0.229205	0.276843	0.342198	0.408944	0.458601	0.488027	0.520589	0.574874	0.650332	0.728381	0.786889	0.832795	0.881617	0.931426	0.983402	1.03407	1.0738	1.09644	1.10288	1.11419	1.12989	1.13029	1.107	1.08298	1.06767	1.05243	1.027	1.00283	0.990181	0.987864	0.984812	0.975644	0.961876	0.929136	0.866293	0.770437	0.633745	0.478145	0.333393	0.212115	0.137893	0.138922	0.205292	0.297269	0.406678	0.514753	0.599692	0.661029	0.703059	0.718155	0.686247	0.613032	0.523774	0.445812	0.393986	0.3791	0.392551	0.400482	0.391434	0.377152	0.352746	0.301836	0.244809	0.210915	0.199016	0.195274	0.179844	0.14363	0.102047	0.0761053	0.0638526	0.0538458	0.04762	0.0404706	0.0228671	-3.67442e-06	-0.00603787	0.0129676	0.0229041	0	
0	0.133943	0.238036	0.293852	0.298876	0.261813	0.195863	0.110554	0.0208072	-0.0597827	-0.105819	-0.105432	-0.0611618	0.00289368	0.0514934	0.0681529	0.0546054	0.0304501	0.0135629	0.0114036	0.0261868	0.0618649	0.115935	0.171644	0.212709	0.233737	0.253971	0.298884	0.367015	0.438046	0.497314	0.548107	0.600126	0.65864	0.722668	0.783841	0.836133	0.876603	0.907517	0.938762	0.970639	0.98792	0.98604	0.977638	0.974837	0.970533	0.956083	0.938565	0.929471	0.929768	0.928298	0.919633	0.901593	0.861927	0.791257	0.680527	0.528622	0.353924	0.189611	0.0527974	-0.0305372	-0.0310574	0.0374213	0.145708	0.271853	0.397959	0.503428	0.582659	0.641955	0.66862	0.647711	0.582939	0.498192	0.423946	0.380463	0.377865	0.405338	0.433249	0.446184	0.453037	0.448423	0.416945	0.380164	0.364102	0.368436	0.384072	0.388027	0.36699	0.338685	0.318353	0.303076	0.288379	0.271608	0.245733	0.204775	0.156493	0.119941	0.095568	0.0587644	0	
0	0.147866	0.262029	0.32168	0.323151	0.276438	0.196177	0.0952751	-0.0109671	-0.105819	-0.164201	-0.174248	-0.135605	-0.0777508	-0.0320332	-0.0204889	-0.0424926	-0.0756448	-0.105389	-0.118959	-0.115068	-0.0900376	-0.0486748	-0.003294	0.02383	0.0328523	0.0406906	0.0722619	0.128624	0.192255	0.245838	0.289464	0.337037	0.393558	0.457978	0.526247	0.592424	0.644684	0.688856	0.734727	0.785948	0.825305	0.845119	0.855631	0.871182	0.883633	0.884088	0.880412	0.882577	0.889322	0.891894	0.886861	0.867148	0.822822	0.742583	0.617988	0.449037	0.256221	0.0690455	-0.0858521	-0.179792	-0.188102	-0.119851	-0.00173218	0.138458	0.278798	0.399996	0.496246	0.568243	0.604633	0.593795	0.536809	0.457639	0.387853	0.352452	0.361635	0.402014	0.446202	0.480889	0.506622	0.517645	0.509181	0.493831	0.496822	0.523908	0.558961	0.581746	0.578786	0.560324	0.543694	0.531545	0.516154	0.489998	0.449175	0.386466	0.30756	0.236359	0.176158	0.10108	0	
0	0.170585	0.302603	0.374549	0.377827	0.327797	0.235952	0.1228	0.00210829	-0.105432	-0.174248	-0.193132	-0.159331	-0.104504	-0.059785	-0.0492024	-0.0758566	-0.116368	-0.157559	-0.183683	-0.191139	-0.178748	-0.147538	-0.113056	-0.0954779	-0.0947259	-0.0985424	-0.0823568	-0.040962	0.00600703	0.0489703	0.0835491	0.122225	0.172217	0.231167	0.295247	0.360455	0.416839	0.472035	0.531369	0.594131	0.649341	0.690771	0.724573	0.760089	0.792604	0.81595	0.833139	0.852441	0.871227	0.887218	0.891135	0.874537	0.828197	0.741955	0.603983	0.418687	0.205983	-0.00695012	-0.184086	-0.294255	-0.31643	-0.25651	-0.134352	0.0134658	0.164162	0.297529	0.408291	0.491875	0.53547	0.534282	0.48374	0.408791	0.341747	0.311387	0.329858	0.380055	0.440673	0.498227	0.54367	0.57315	0.587031	0.591911	0.610993	0.652841	0.703149	0.741528	0.753302	0.747157	0.7342	0.720265	0.700963	0.66322	0.606181	0.525964	0.427994	0.332823	0.238725	0.128528	0	
0	0.197115	0.352264	0.439647	0.451648	0.400951	0.30516	0.182673	0.0548234	-0.0611618	-0.135605	-0.159331	-0.129565	-0.0761529	-0.0323761	-0.0224234	-0.0517064	-0.0981433	-0.149678	-0.183969	-0.203651	-0.199374	-0.17938	-0.156464	-0.149183	-0.157851	-0.173947	-0.170616	-0.144216	-0.111926	-0.0793529	-0.056595	-0.0308029	0.00475669	0.0527071	0.10761	0.167734	0.2197	0.279442	0.339329	0.407864	0.473	0.533933	0.585625	0.641861	0.695151	0.742422	0.785605	0.828086	0.867784	0.901315	0.921892	0.915038	0.874103	0.787079	0.638754	0.442198	0.211133	-0.0263465	-0.226558	-0.356272	-0.395499	-0.350079	-0.230545	-0.0806094	0.0729583	0.213566	0.332349	0.421392	0.468841	0.471443	0.42648	0.354771	0.289243	0.266021	0.291421	0.350658	0.42773	0.504498	0.567903	0.613276	0.645792	0.669718	0.702403	0.754993	0.816077	0.86291	0.88064	0.877311	0.86024	0.839741	0.813256	0.76529	0.697088	0.603772	0.492542	0.382656	0.268173	0.139701	0	
0	0.226501	0.407629	0.513702	0.535979	0.488704	0.387406	0.260627	0.122581	0.00289368	-0.0777508	-0.104504	-0.0761529	-0.0234962	0.0226628	0.0364388	0.00738927	-0.0410662	-0.0987543	-0.144878	-0.171896	-0.180101	-0.171027	-0.158322	-0.161042	-0.177838	-0.201168	-0.210806	-0.200531	-0.182582	-0.161773	-0.151088	-0.137726	-0.112867	-0.0814763	-0.039311	0.00965129	0.0552574	0.105977	0.1632	0.229229	0.298737	0.366663	0.433037	0.504503	0.575147	0.6468	0.716873	0.787869	0.850846	0.912083	0.95648	0.969154	0.943414	0.862897	0.715187	0.512873	0.270638	0.0127653	-0.210035	-0.357613	-0.419076	-0.390121	-0.279693	-0.134264	0.0201577	0.160629	0.284868	0.376073	0.421911	0.427672	0.383551	0.311831	0.247448	0.22469	0.253459	0.319015	0.406729	0.502384	0.582021	0.639757	0.690399	0.728289	0.766377	0.82324	0.885138	0.928713	0.94588	0.93984	0.911645	0.88079	0.844815	0.783154	0.704853	0.607892	0.494457	0.380339	0.262909	0.136706	0	
0	0.252536	0.45612	0.578416	0.609682	0.562177	0.457698	0.321295	0.177826	0.0514934	-0.0320332	-0.059785	-0.0323761	0.0226628	0.0746551	0.0933919	0.0725245	0.0256095	-0.0355358	-0.0843347	-0.121149	-0.135822	-0.134991	-0.134033	-0.14424	-0.166919	-0.198986	-0.219416	-0.222866	-0.221355	-0.212081	-0.211104	-0.206885	-0.19793	-0.177944	-0.14881	-0.115276	-0.0859091	-0.0384511	0.0103766	0.0664136	0.126464	0.197131	0.269628	0.348718	0.429901	0.518108	0.613057	0.708413	0.799397	0.889054	0.963003	1.0026	1.00022	0.938216	0.799055	0.603556	0.35887	0.0894947	-0.146958	-0.311268	-0.389133	-0.377234	-0.278194	-0.136758	0.0132784	0.154286	0.279787	0.369045	0.414007	0.416239	0.371814	0.29903	0.230449	0.207902	0.234013	0.298635	0.394999	0.499936	0.588052	0.655313	0.712912	0.756704	0.795366	0.844536	0.898394	0.932815	0.939263	0.924284	0.885396	0.841451	0.792396	0.722148	0.641102	0.545312	0.44148	0.340016	0.228768	0.112985	0	
0	0.272822	0.494386	0.627839	0.66399	0.613894	0.500359	0.354767	0.199886	0.0681529	-0.0204889	-0.0492024	-0.0224234	0.0364388	0.0933919	0.123926	0.112686	0.073869	0.0188195	-0.0320776	-0.0672007	-0.0849347	-0.0892039	-0.0933315	-0.109518	-0.138094	-0.173696	-0.203018	-0.220981	-0.231869	-0.233202	-0.241719	-0.249499	-0.250864	-0.247008	-0.232612	-0.211645	-0.188291	-0.156249	-0.121951	-0.0786898	-0.0271493	0.0354465	0.105414	0.183912	0.26485	0.36166	0.471265	0.587687	0.699084	0.815665	0.918313	0.988313	1.01614	0.977611	0.859186	0.679294	0.443819	0.175477	-0.0669095	-0.238019	-0.327751	-0.327049	-0.236715	-0.0999824	0.0505594	0.19149	0.318721	0.409086	0.450758	0.451753	0.406196	0.32962	0.259908	0.231699	0.249678	0.31036	0.403363	0.508764	0.596557	0.658721	0.713233	0.751554	0.776948	0.811557	0.849264	0.864417	0.856976	0.831271	0.779464	0.726135	0.67233	0.599801	0.5232	0.442403	0.356297	0.267686	0.174531	0.0864113	0	
0	0.289918	0.526088	0.668295	0.707003	0.650864	0.526495	0.366056	0.197264	0.0546054	-0.0424926	-0.0758566	-0.0517064	0.00738927	0.0725245	0.112686	0.118379	0.0920522	0.0467652	0.00269501	-0.0295326	-0.0450399	-0.0478224	-0.0538696	-0.0692156	-0.0950801	-0.129516	-0.161468	-0.189884	-0.213828	-0.228539	-0.246386	-0.261689	-0.274615	-0.282938	-0.279253	-0.275187	-0.26961	-0.247894	-0.220028	-0.191452	-0.157373	-0.107838	-0.0444802	0.0251034	0.100543	0.194563	0.309178	0.433064	0.559191	0.694461	0.820383	0.917647	0.974495	0.964099	0.871561	0.715431	0.498121	0.241691	0.00465963	-0.166259	-0.259042	-0.262552	-0.178384	-0.0408666	0.112757	0.258432	0.391925	0.485785	0.531531	0.533587	0.489318	0.414109	0.341685	0.307129	0.312689	0.359364	0.442176	0.535158	0.609343	0.658812	0.695853	0.714624	0.717683	0.724961	0.734709	0.724871	0.700184	0.665899	0.611607	0.557493	0.503345	0.437118	0.374114	0.31179	0.250373	0.189348	0.120517	0.0564041	0	
0	0.305552	0.553924	0.705252	0.744728	0.683025	0.54689	0.370061	0.187004	0.0304501	-0.0756448	-0.116368	-0.0981433	-0.0410662	0.0256095	0.073869	0.0920522	0.0775545	0.0441704	0.00750142	-0.0163463	-0.0241695	-0.0210507	-0.0212867	-0.0319009	-0.0521138	-0.0790598	-0.109939	-0.141475	-0.172059	-0.193861	-0.216223	-0.238611	-0.26414	-0.284697	-0.29754	-0.307045	-0.309225	-0.29889	-0.287203	-0.273585	-0.254167	-0.218044	-0.16418	-0.105255	-0.0435858	0.0388319	0.149737	0.274561	0.403533	0.544931	0.683079	0.8003	0.879791	0.893089	0.826901	0.695539	0.502646	0.265775	0.0438247	-0.119339	-0.205037	-0.204527	-0.119712	0.0246924	0.186731	0.344217	0.486726	0.590201	0.643557	0.649306	0.610167	0.537033	0.466006	0.424671	0.415397	0.446452	0.510377	0.58149	0.631841	0.655052	0.662196	0.648885	0.620257	0.595646	0.574133	0.539553	0.497735	0.45445	0.401847	0.351708	0.303561	0.252244	0.211125	0.178495	0.14658	0.10602	0.0590962	0.0245609	0	
0	0.321887	0.585126	0.746286	0.790115	0.724649	0.577847	0.385628	0.185854	0.0135629	-0.105389	-0.157559	-0.149678	-0.0987543	-0.0355358	0.0188195	0.0467652	0.0441704	0.0220685	-0.00796462	-0.0258097	-0.027737	-0.0199064	-0.0140762	-0.0164685	-0.0247213	-0.0381027	-0.0560925	-0.0848902	-0.116306	-0.142668	-0.16647	-0.193321	-0.221272	-0.250944	-0.27448	-0.298804	-0.316077	-0.32241	-0.319254	-0.318274	-0.314997	-0.294455	-0.254307	-0.209342	-0.159969	-0.0887373	0.0100097	0.125092	0.2499	0.389271	0.530432	0.655299	0.747908	0.778231	0.734017	0.625759	0.456114	0.24538	0.0423506	-0.105621	-0.177218	-0.166486	-0.0731275	0.0810299	0.258899	0.432777	0.589391	0.708791	0.773595	0.788478	0.756366	0.688006	0.618871	0.568122	0.540264	0.548429	0.585661	0.625678	0.646371	0.640148	0.613237	0.567058	0.506517	0.449399	0.39569	0.333538	0.276254	0.23051	0.18392	0.141838	0.105345	0.0701285	0.0469874	0.0380274	0.0334003	0.0220736	0.00615443	-0.000934725	0	
0	0.339155	0.616601	0.79116	0.839652	0.774544	0.618743	0.413553	0.198575	0.0114036	-0.118959	-0.183683	-0.183969	-0.144878	-0.0843347	-0.0320776	0.00269501	0.00750142	-0.00796462	-0.0338941	-0.0477346	-0.0473738	-0.0347205	-0.0238148	-0.020328	-0.0179806	-0.0165058	-0.0230331	-0.0413061	-0.066719	-0.0898031	-0.107603	-0.127599	-0.15729	-0.190784	-0.223027	-0.256891	-0.285208	-0.302432	-0.31056	-0.3256	-0.339401	-0.337141	-0.307314	-0.274161	-0.237743	-0.186594	-0.100651	0.00510012	0.121192	0.249032	0.382375	0.507132	0.601012	0.638351	0.607186	0.51248	0.363957	0.175708	-0.00457634	-0.134481	-0.186557	-0.156293	-0.0489124	0.125042	0.324561	0.5221	0.700284	0.837711	0.918064	0.941709	0.91351	0.848326	0.775771	0.710459	0.660928	0.640011	0.644646	0.651033	0.638123	0.602071	0.544615	0.466387	0.381727	0.303673	0.225304	0.147114	0.0806277	0.0303916	-0.00741394	-0.0419075	-0.0764625	-0.101548	-0.104466	-0.088092	-0.0709473	-0.0625671	-0.0531028	-0.0314865	0	
0	0.356363	0.64974	0.838224	0.895841	0.832625	0.673283	0.455535	0.229205	0.0261868	-0.115068	-0.191139	-0.203651	-0.171896	-0.121149	-0.0672007	-0.0295326	-0.0163463	-0.0258097	-0.0477346	-0.0635315	-0.0616499	-0.0529247	-0.0406253	-0.0358089	-0.0259553	-0.0129066	-0.00460428	-0.011397	-0.0297179	-0.0471329	-0.0548891	-0.0673576	-0.0875337	-0.11341	-0.147803	-0.185193	-0.219975	-0.245696	-0.266132	-0.29171	-0.321153	-0.332278	-0.321898	-0.304085	-0.282965	-0.243744	-0.173555	-0.0830925	0.0208507	0.135195	0.259138	0.37334	0.460269	0.495492	0.467558	0.378362	0.240781	0.071229	-0.090374	-0.20265	-0.231943	-0.181461	-0.0507605	0.146897	0.374444	0.604569	0.808045	0.971043	1.06854	1.10044	1.07598	1.00711	0.924638	0.838527	0.757785	0.70078	0.666105	0.633441	0.590146	0.52958	0.44918	0.354433	0.259999	0.172425	0.0827483	-0.00315479	-0.0738464	-0.12206	-0.152049	-0.182162	-0.211281	-0.229133	-0.22695	-0.199816	-0.165107	-0.134468	-0.100395	-0.0558704	0	
0	0.374233	0.684105	0.889592	0.957245	0.902451	0.739257	0.516265	0.276843	0.0618649	-0.0900376	-0.178748	-0.199374	-0.180101	-0.135822	-0.0849347	-0.0450399	-0.0241695	-0.027737	-0.0473738	-0.0616499	-0.0654045	-0.0580739	-0.0508252	-0.0484779	-0.0372324	-0.0178816	-0.00112751	0.00247631	-0.0103071	-0.0208908	-0.0205724	-0.021293	-0.0272054	-0.044754	-0.0723927	-0.102489	-0.137129	-0.167114	-0.1876	-0.21981	-0.260703	-0.289837	-0.294641	-0.290072	-0.281269	-0.261161	-0.210447	-0.132757	-0.0410747	0.0594297	0.167771	0.270209	0.344079	0.372032	0.338426	0.24532	0.110291	-0.0503332	-0.20037	-0.298304	-0.310208	-0.238909	-0.0827936	0.141069	0.402943	0.667889	0.90573	1.09703	1.21232	1.25524	1.2276	1.15163	1.05192	0.936049	0.822285	0.722346	0.643889	0.575465	0.503554	0.424578	0.333517	0.232651	0.141162	0.0603567	-0.0281132	-0.113006	-0.179959	-0.221638	-0.242526	-0.266679	-0.29366	-0.309556	-0.299809	-0.262597	-0.223154	-0.183191	-0.129832	-0.0678333	0	
0	0.392234	0.721462	0.943127	1.02734	0.980069	0.820408	0.591585	0.342198	0.115935	-0.0486748	-0.147538	-0.17938	-0.171027	-0.134991	-0.0892039	-0.0478224	-0.0210507	-0.0199064	-0.0347205	-0.0529247	-0.0580739	-0.0591337	-0.0556686	-0.0592466	-0.0501965	-0.0291427	-0.0067621	0.00092125	-0.00789911	-0.0179263	-0.0130573	-0.00375231	0.00243187	-0.00134129	-0.0175081	-0.0392654	-0.0675344	-0.0867419	-0.104606	-0.136261	-0.179235	-0.213809	-0.232107	-0.239415	-0.244183	-0.239535	-0.204911	-0.143168	-0.0654769	0.0191433	0.11625	0.203471	0.264655	0.281235	0.238829	0.136529	-0.00307832	-0.163924	-0.310796	-0.401287	-0.404607	-0.318126	-0.141089	0.108901	0.401463	0.703771	0.978703	1.19844	1.33528	1.38515	1.35473	1.267	1.14274	0.998048	0.847423	0.705276	0.586164	0.485098	0.393479	0.303228	0.210705	0.115268	0.034224	-0.0336436	-0.113564	-0.18951	-0.247101	-0.280208	-0.287599	-0.29808	-0.317989	-0.328996	-0.313574	-0.274121	-0.231834	-0.184526	-0.128241	-0.0684808	0	
0	0.406982	0.750328	0.989512	1.08667	1.05198	0.896011	0.665494	0.408944	0.171644	-0.003294	-0.113056	-0.156464	-0.158322	-0.134033	-0.0933315	-0.0538696	-0.0212867	-0.0140762	-0.0238148	-0.0406253	-0.0508252	-0.0556686	-0.0605679	-0.0713484	-0.0669386	-0.0483842	-0.0252476	-0.0106115	-0.0211847	-0.0302133	-0.0254415	-0.0142681	0.00052508	0.00724592	-0.000706177	-0.00879907	-0.0257069	-0.0362481	-0.0452338	-0.0647953	-0.1011	-0.134281	-0.157891	-0.170979	-0.184058	-0.187882	-0.17045	-0.125171	-0.06399	0.00946055	0.091989	0.16552	0.212961	0.221525	0.169438	0.0597809	-0.085557	-0.251215	-0.397911	-0.487466	-0.488759	-0.398342	-0.20668	0.0591116	0.373993	0.706392	1.01232	1.2589	1.41164	1.46949	1.43562	1.33523	1.1906	1.01963	0.84101	0.663155	0.508992	0.38489	0.277909	0.181924	0.0935183	0.00894673	-0.0556678	-0.108273	-0.173778	-0.237801	-0.285315	-0.303029	-0.296311	-0.292557	-0.293152	-0.291067	-0.27157	-0.231559	-0.191481	-0.148857	-0.0986983	-0.0495251	0	
0	0.416319	0.772566	1.02242	1.13432	1.10841	0.956837	0.725437	0.458601	0.212709	0.02383	-0.0954779	-0.149183	-0.161042	-0.14424	-0.109518	-0.0692156	-0.0319009	-0.0164685	-0.020328	-0.0358089	-0.0484779	-0.0592466	-0.0713484	-0.0870787	-0.0896406	-0.0741177	-0.0483717	-0.034805	-0.0436437	-0.0552917	-0.057008	-0.0456836	-0.0242543	-0.0146645	-0.0124274	-0.0150644	-0.0254831	-0.0252727	-0.0215092	-0.030333	-0.0515575	-0.07641	-0.0974888	-0.107313	-0.117295	-0.126174	-0.120412	-0.0866671	-0.0372918	0.0223289	0.0908294	0.14963	0.186883	0.18609	0.126367	0.0127229	-0.137324	-0.306532	-0.45656	-0.545033	-0.554269	-0.467128	-0.273631	-0.00423505	0.320397	0.668327	0.998829	1.26344	1.43066	1.49589	1.46126	1.35367	1.19316	1.00768	0.809971	0.607578	0.42971	0.289486	0.175991	0.0767737	-0.00409228	-0.0735783	-0.126675	-0.16324	-0.211302	-0.264224	-0.296315	-0.296586	-0.273175	-0.246788	-0.231102	-0.219902	-0.191933	-0.155959	-0.126206	-0.0900612	-0.0524755	-0.0246923	0	
0	0.418386	0.779666	1.03587	1.15821	1.13968	0.993808	0.761457	0.488027	0.233737	0.0328523	-0.0947259	-0.157851	-0.177838	-0.166919	-0.138094	-0.0950801	-0.0521138	-0.0247213	-0.0179806	-0.0259553	-0.0372324	-0.0501965	-0.0669386	-0.0896406	-0.0984941	-0.0883419	-0.0656032	-0.050255	-0.0577418	-0.0730893	-0.078743	-0.0706101	-0.0514779	-0.0390514	-0.032831	-0.0340348	-0.0377459	-0.0315276	-0.0224053	-0.0210809	-0.0289375	-0.0424779	-0.0510384	-0.0553143	-0.0617312	-0.065136	-0.0565119	-0.0312493	0.00452683	0.0542106	0.110733	0.154913	0.178345	0.166719	0.0999449	-0.0162107	-0.167029	-0.340018	-0.488462	-0.577504	-0.596014	-0.519128	-0.336723	-0.0758301	0.238904	0.586637	0.92515	1.19769	1.37496	1.44785	1.4209	1.31602	1.1564	0.973302	0.774163	0.562909	0.371895	0.223355	0.101557	-0.00252716	-0.0778766	-0.136386	-0.175957	-0.197526	-0.226528	-0.259068	-0.274666	-0.261332	-0.224109	-0.180313	-0.147449	-0.128098	-0.105316	-0.0789373	-0.0551695	-0.031707	-0.0137159	-0.00377914	0	
0	0.420382	0.784137	1.04917	1.17978	1.17132	1.03202	0.79845	0.520589	0.253971	0.0406906	-0.0985424	-0.173947	-0.201168	-0.198986	-0.173696	-0.129516	-0.0790598	-0.0381027	-0.0165058	-0.0129066	-0.0178816	-0.0291427	-0.0483842	-0.0741177	-0.0883419	-0.083245	-0.0627004	-0.0468088	-0.0541645	-0.0711432	-0.0847041	-0.0833414	-0.0673712	-0.0542348	-0.0465495	-0.0469753	-0.049199	-0.0421469	-0.0313629	-0.0237592	-0.0209909	-0.0229279	-0.0252951	-0.0225274	-0.0151184	-0.00476304	0.00661971	0.0308128	0.0664228	0.113903	0.159789	0.191145	0.20359	0.18007	0.10385	-0.0157465	-0.169273	-0.346136	-0.494814	-0.5878	-0.618574	-0.56183	-0.403002	-0.167939	0.118769	0.447518	0.775879	1.04824	1.23225	1.31822	1.31172	1.22546	1.0879	0.927954	0.744622	0.540752	0.348746	0.194545	0.0658669	-0.0438497	-0.118025	-0.165571	-0.19448	-0.202968	-0.211123	-0.227489	-0.229171	-0.202081	-0.157484	-0.106879	-0.0657442	-0.0421428	-0.0269743	-0.0181326	-0.0071257	0.00867592	0.0152275	0.0108403	0	
0	0.423194	0.794102	1.06699	1.21146	1.21553	1.08583	0.857179	0.574874	0.298884	0.0722619	-0.0823568	-0.170616	-0.210806	-0.219416	-0.203018	-0.161468	-0.109939	-0.0560925	-0.0230331	-0.00460428	-0.00112751	-0.0067621	-0.0252476	-0.0483717	-0.0656032	-0.0627004	-0.0426974	-0.0285917	-0.0332717	-0.0523928	-0.0725347	-0.0787784	-0.0679916	-0.0578861	-0.0494161	-0.0524307	-0.0531677	-0.0480693	-0.0357465	-0.0268231	-0.0179059	-0.0142396	-0.00470197	0.00462648	0.0203242	0.040026	0.0679974	0.102334	0.142575	0.191896	0.238609	0.268689	0.273824	0.239905	0.154288	0.0304589	-0.130507	-0.314107	-0.470272	-0.573535	-0.623751	-0.59629	-0.475087	-0.282473	-0.0385212	0.251268	0.554221	0.816164	1.00297	1.10718	1.12893	1.07734	0.981377	0.862721	0.714746	0.536732	0.359122	0.208863	0.0778275	-0.0350168	-0.106708	-0.146365	-0.16955	-0.168489	-0.161956	-0.167157	-0.162759	-0.137081	-0.0949309	-0.0421291	-0.00108608	0.0158929	0.0195253	0.0196839	0.0246724	0.0298355	0.0268644	0.0174621	0	
0	0.426902	0.803117	1.08725	1.2459	1.2656	1.15151	0.930051	0.650332	0.367015	0.128624	-0.040962	-0.144216	-0.200531	-0.222866	-0.220981	-0.189884	-0.141475	-0.0848902	-0.0413061	-0.011397	0.00247631	0.00092125	-0.0106115	-0.034805	-0.050255	-0.0468088	-0.0285917	-0.0114091	-0.00797448	-0.0271892	-0.0485995	-0.0607574	-0.0610721	-0.0541544	-0.0487291	-0.0543772	-0.0565471	-0.0527569	-0.0424937	-0.0335105	-0.0230548	-0.0114443	0.00448716	0.0158107	0.0385943	0.0730667	0.116064	0.159121	0.211815	0.274621	0.334021	0.370874	0.381179	0.345575	0.259775	0.130561	-0.0367393	-0.231731	-0.402128	-0.527179	-0.605595	-0.617189	-0.549124	-0.409976	-0.223554	0.015492	0.278724	0.520954	0.707715	0.827544	0.882044	0.872423	0.829469	0.765294	0.666621	0.532669	0.387044	0.254724	0.131522	0.0256098	-0.0381449	-0.0717666	-0.0880047	-0.0828652	-0.0762822	-0.0790215	-0.0807897	-0.0730928	-0.0463272	-0.00659847	0.0278061	0.0442455	0.0387311	0.0291743	0.0334733	0.0380732	0.0300158	0.0160137	0	
0	0.428706	0.807444	1.10285	1.27268	1.31125	1.21217	1.00188	0.728381	0.438046	0.192255	0.00600703	-0.111926	-0.182582	-0.221355	-0.231869	-0.213828	-0.172059	-0.116306	-0.066719	-0.0297179	-0.0103071	-0.00789911	-0.0211847	-0.0436437	-0.0577418	-0.0541645	-0.0332717	-0.00797448	0.000162501	-0.0093699	-0.0275798	-0.046083	-0.0524401	-0.046253	-0.0474671	-0.0539069	-0.0594322	-0.0609711	-0.0560815	-0.0506255	-0.0412982	-0.0234015	-0.00300828	0.0114625	0.0391835	0.0815792	0.136193	0.194918	0.263695	0.342097	0.418449	0.477564	0.504031	0.481823	0.403868	0.278233	0.106702	-0.099224	-0.291593	-0.450712	-0.565514	-0.630115	-0.622892	-0.548873	-0.422602	-0.239029	-0.0202409	0.202174	0.384683	0.520226	0.601662	0.632132	0.640763	0.628875	0.585195	0.504235	0.406754	0.307078	0.207597	0.126279	0.0779463	0.0551491	0.0451632	0.0465309	0.0458953	0.0295848	0.00404699	-0.0122202	-0.00825772	0.00956075	0.0331031	0.0430115	0.0299154	0.0199213	0.0248503	0.0280801	0.0198356	0.00727998	0	
0	0.423908	0.802075	1.10018	1.28075	1.33285	1.24969	1.05305	0.786889	0.497314	0.245838	0.0489703	-0.0793529	-0.161773	-0.212081	-0.233202	-0.228539	-0.193861	-0.142668	-0.0898031	-0.0471329	-0.0208908	-0.0179263	-0.0302133	-0.0552917	-0.0730893	-0.0711432	-0.0523928	-0.0271892	-0.0093699	-0.00866606	-0.0193188	-0.033406	-0.0392916	-0.0357819	-0.0381376	-0.0439837	-0.0563261	-0.0628622	-0.0626414	-0.0614508	-0.0583601	-0.0411095	-0.0199165	7.41246e-06	0.0288597	0.0755903	0.142574	0.215628	0.29758	0.389085	0.488872	0.571745	0.620574	0.618551	0.558297	0.441408	0.269527	0.0558783	-0.163933	-0.36104	-0.521118	-0.641943	-0.699823	-0.690835	-0.620512	-0.488253	-0.307394	-0.104791	0.0749852	0.21975	0.319096	0.380401	0.428384	0.462907	0.471438	0.450741	0.411758	0.356925	0.294931	0.243999	0.21707	0.203285	0.194527	0.192497	0.17727	0.145348	0.100683	0.0537369	0.0298888	0.0269923	0.031678	0.0263657	0.00687962	-0.00296085	-0.000801782	0.00173801	0.00100143	-0.00218712	0	
0	0.415778	0.790314	1.08789	1.27657	1.34114	1.27248	1.09225	0.832795	0.548107	0.289464	0.0835491	-0.056595	-0.151088	-0.211104	-0.241719	-0.246386	-0.216223	-0.16647	-0.107603	-0.0548891	-0.0205724	-0.0130573	-0.0254415	-0.057008	-0.078743	-0.0847041	-0.0725347	-0.0485995	-0.0275798	-0.0193188	-0.0172635	-0.0290617	-0.0326836	-0.0289835	-0.0275218	-0.0303027	-0.0396335	-0.0469725	-0.0503807	-0.0616394	-0.0684211	-0.0535497	-0.0315398	-0.0127807	0.012338	0.0635958	0.138039	0.223714	0.318049	0.426091	0.54514	0.649676	0.721989	0.743461	0.703268	0.595265	0.427886	0.207737	-0.0383984	-0.273752	-0.481463	-0.657884	-0.779151	-0.832315	-0.813226	-0.725659	-0.575718	-0.388712	-0.209923	-0.0555442	0.057804	0.144502	0.224565	0.296288	0.353971	0.389577	0.406552	0.399548	0.373713	0.353325	0.345373	0.337028	0.333362	0.32844	0.300544	0.256009	0.193408	0.125834	0.0787935	0.0495778	0.0354449	0.0171464	-0.0108393	-0.0231988	-0.0230256	-0.022654	-0.0259469	-0.0242873	0	
0	0.409653	0.778229	1.07869	1.27176	1.34943	1.29574	1.12969	0.881617	0.600126	0.337037	0.122225	-0.0308029	-0.137726	-0.206885	-0.249499	-0.261689	-0.238611	-0.193321	-0.127599	-0.0673576	-0.021293	-0.00375231	-0.0142681	-0.0456836	-0.0706101	-0.0833414	-0.0787784	-0.0607574	-0.046083	-0.033406	-0.0290617	-0.037133	-0.0387667	-0.0326961	-0.0253375	-0.0187694	-0.0252054	-0.0286858	-0.0332817	-0.0462473	-0.0547563	-0.0465483	-0.0323428	-0.01421	0.0107325	0.0591099	0.136392	0.236527	0.345317	0.466557	0.601238	0.726594	0.817408	0.857065	0.82803	0.723914	0.557002	0.325922	0.057354	-0.212306	-0.46091	-0.68379	-0.857161	-0.960892	-0.98832	-0.937175	-0.813287	-0.642373	-0.462441	-0.301017	-0.172873	-0.0621398	0.042417	0.14837	0.248361	0.331581	0.398226	0.431729	0.438534	0.442568	0.446206	0.442598	0.441433	0.434806	0.401207	0.346385	0.272625	0.193886	0.131196	0.0855213	0.052947	0.0201679	-0.00821543	-0.0226359	-0.0319572	-0.0339413	-0.0327188	-0.0268618	0	
0	0.400959	0.766479	1.06331	1.26452	1.35199	1.31484	1.16653	0.931426	0.65864	0.393558	0.172217	0.00475669	-0.112867	-0.19793	-0.250864	-0.274615	-0.26414	-0.221272	-0.15729	-0.0875337	-0.0272054	0.00243187	0.00052508	-0.0242543	-0.0514779	-0.0673712	-0.0679916	-0.0610721	-0.0524401	-0.0392916	-0.0326836	-0.0387667	-0.0394619	-0.0400737	-0.0326823	-0.0242715	-0.0214344	-0.0153464	-0.01118	-0.0200326	-0.0304566	-0.029022	-0.012912	0.00794205	0.0274445	0.070652	0.150269	0.258397	0.376141	0.510524	0.660576	0.798818	0.901352	0.951737	0.924153	0.816421	0.639771	0.395961	0.108279	-0.183165	-0.46	-0.712408	-0.916226	-1.05848	-1.12463	-1.10792	-1.01276	-0.861798	-0.688124	-0.520545	-0.373718	-0.239103	-0.107629	0.0300873	0.164851	0.286121	0.384957	0.448148	0.480213	0.495294	0.507137	0.511135	0.512611	0.510798	0.478623	0.417041	0.340594	0.257885	0.18123	0.122193	0.0774338	0.0366364	0.0129182	0.00690404	-0.00190854	-0.0143476	-0.0225504	-0.018857	0	
0	0.394002	0.754014	1.05044	1.25596	1.35454	1.33302	1.20356	0.983402	0.722668	0.457978	0.231167	0.0527071	-0.0814763	-0.177944	-0.247008	-0.282938	-0.284697	-0.250944	-0.190784	-0.11341	-0.044754	-0.00134129	0.00724592	-0.0146645	-0.0390514	-0.0542348	-0.0578861	-0.0541544	-0.046253	-0.0357819	-0.0289835	-0.0326961	-0.0400737	-0.0500597	-0.0423789	-0.0339724	-0.0271473	-0.015991	-0.00484356	-0.0084873	-0.0117121	-0.00511708	0.01875	0.0424846	0.0659178	0.10885	0.186701	0.297594	0.424407	0.567864	0.722325	0.864658	0.973746	1.02367	0.987617	0.866115	0.674463	0.411456	0.110991	-0.191398	-0.482269	-0.742874	-0.957929	-1.11907	-1.21602	-1.22945	-1.16321	-1.03795	-0.875427	-0.703641	-0.536786	-0.377299	-0.22016	-0.0570068	0.103323	0.243746	0.355336	0.436898	0.481366	0.502139	0.523023	0.537276	0.552033	0.563007	0.536601	0.475547	0.398648	0.313795	0.232859	0.165922	0.110539	0.0714227	0.058788	0.0546723	0.0418744	0.0225446	0.00202664	-0.00653379	0	
0	0.387668	0.741864	1.03775	1.24563	1.35394	1.34752	1.23473	1.03407	0.783841	0.526247	0.295247	0.10761	-0.039311	-0.14881	-0.232612	-0.279253	-0.29754	-0.27448	-0.223027	-0.147803	-0.0723927	-0.0175081	-0.000706177	-0.0124274	-0.032831	-0.0465495	-0.0494161	-0.0487291	-0.0474671	-0.0381376	-0.0275218	-0.0253375	-0.0326823	-0.0423789	-0.0435115	-0.0456736	-0.0388055	-0.0256941	-0.0123809	-0.0075371	0.000285977	0.0115717	0.0438049	0.079395	0.119518	0.169371	0.251094	0.36482	0.495105	0.639489	0.789326	0.925901	1.02554	1.06202	1.00826	0.870382	0.65834	0.376513	0.070742	-0.23322	-0.523401	-0.779054	-0.986585	-1.15101	-1.26469	-1.29867	-1.25661	-1.15337	-1.00574	-0.832672	-0.651207	-0.474891	-0.301284	-0.123377	0.0482805	0.192025	0.305895	0.394457	0.446584	0.470491	0.494883	0.523525	0.552116	0.575652	0.567413	0.518066	0.4511	0.379736	0.304912	0.233479	0.169044	0.124557	0.107762	0.0972379	0.0797801	0.054546	0.0265424	0.00924876	0	
0	0.379006	0.725094	1.01711	1.22535	1.33948	1.34849	1.2506	1.0738	0.836133	0.592424	0.360455	0.167734	0.00965129	-0.115276	-0.211645	-0.275187	-0.307045	-0.298804	-0.256891	-0.185193	-0.102489	-0.0392654	-0.00879907	-0.0150644	-0.0340348	-0.0469753	-0.0524307	-0.0543772	-0.0539069	-0.0439837	-0.0303027	-0.0187694	-0.0242715	-0.0339724	-0.0456736	-0.0475384	-0.0439828	-0.0328661	-0.0199771	-0.00606395	-0.000576727	0.0150432	0.0584852	0.112442	0.172395	0.236807	0.330144	0.446996	0.583039	0.723703	0.860195	0.973756	1.0492	1.05993	0.980792	0.824114	0.593136	0.301934	0.00067475	-0.294919	-0.572329	-0.813975	-1.00528	-1.16076	-1.27759	-1.31978	-1.29182	-1.20332	-1.0697	-0.90242	-0.717611	-0.538772	-0.360792	-0.178287	-0.00654833	0.134579	0.245196	0.333816	0.385466	0.402207	0.424058	0.460169	0.50238	0.5487	0.568483	0.54911	0.510734	0.460453	0.397356	0.322399	0.245755	0.190002	0.159729	0.137744	0.107551	0.065419	0.0333048	0.0191839	0	
0	0.369316	0.708601	0.992969	1.20054	1.31805	1.33672	1.25587	1.09644	0.876603	0.644684	0.416839	0.2197	0.0552574	-0.0859091	-0.188291	-0.26961	-0.309225	-0.316077	-0.285208	-0.219975	-0.137129	-0.0675344	-0.0257069	-0.0254831	-0.0377459	-0.049199	-0.0531677	-0.0565471	-0.0594322	-0.0563261	-0.0396335	-0.0252054	-0.0214344	-0.0271473	-0.0388055	-0.0439828	-0.0433601	-0.032964	-0.0182711	-0.00600472	-0.000909408	0.026751	0.0734812	0.137339	0.211839	0.299911	0.40538	0.531255	0.670306	0.804223	0.922227	1.00622	1.04928	1.02111	0.912666	0.736037	0.491195	0.201502	-0.0910201	-0.36827	-0.62579	-0.849771	-1.02149	-1.1634	-1.26629	-1.30508	-1.27675	-1.18823	-1.06564	-0.905422	-0.732197	-0.56733	-0.398027	-0.227777	-0.0668355	0.0653716	0.169862	0.255599	0.30108	0.310354	0.326851	0.364432	0.41991	0.48877	0.542381	0.563387	0.558462	0.538187	0.497211	0.424415	0.339125	0.266462	0.210778	0.166949	0.124839	0.0804215	0.0419008	0.0162458	0	
0	0.359588	0.688691	0.966265	1.16741	1.28798	1.31076	1.24831	1.10288	0.907517	0.688856	0.472035	0.279442	0.105977	-0.0384511	-0.156249	-0.247894	-0.29889	-0.32241	-0.302432	-0.245696	-0.167114	-0.0867419	-0.0362481	-0.0252727	-0.0315276	-0.0421469	-0.0480693	-0.0527569	-0.0609711	-0.0628622	-0.0469725	-0.0286858	-0.0153464	-0.015991	-0.0256941	-0.0328661	-0.032964	-0.0230491	-0.00329531	0.0129784	0.0295319	0.0586699	0.103952	0.174405	0.264578	0.367085	0.480422	0.609243	0.74205	0.867001	0.964917	1.01982	1.02243	0.955082	0.819152	0.619919	0.366163	0.0790033	-0.201572	-0.457661	-0.690256	-0.887858	-1.03947	-1.15461	-1.23119	-1.25651	-1.21486	-1.12429	-1.00665	-0.860031	-0.712447	-0.568214	-0.42134	-0.271248	-0.127171	-0.00974908	0.0918174	0.170738	0.205094	0.209915	0.218037	0.249853	0.315562	0.404577	0.490347	0.555942	0.590881	0.599028	0.577514	0.515458	0.429733	0.34245	0.267194	0.204791	0.147584	0.102376	0.0663936	0.0304487	0	
0	0.352383	0.675596	0.945425	1.14415	1.26304	1.29325	1.24229	1.11419	0.938762	0.734727	0.531369	0.339329	0.1632	0.0103766	-0.121951	-0.220028	-0.287203	-0.319254	-0.31056	-0.266132	-0.1876	-0.104606	-0.0452338	-0.0215092	-0.0224053	-0.0313629	-0.0357465	-0.0424937	-0.0560815	-0.0626414	-0.0503807	-0.0332817	-0.01118	-0.00484356	-0.0123809	-0.0199771	-0.0182711	-0.00329531	0.0245583	0.0475033	0.0718677	0.106206	0.160403	0.237949	0.332534	0.438286	0.551976	0.67161	0.78954	0.896845	0.972315	0.999213	0.971187	0.879652	0.723423	0.507519	0.249292	-0.0347885	-0.309675	-0.551618	-0.757546	-0.927842	-1.05423	-1.13543	-1.18142	-1.18608	-1.13449	-1.04258	-0.928035	-0.799118	-0.672352	-0.548491	-0.423433	-0.293342	-0.177183	-0.0780458	0.0146114	0.0780318	0.105559	0.110662	0.115115	0.143786	0.211152	0.312176	0.421214	0.513859	0.579077	0.61934	0.621995	0.578855	0.508107	0.420055	0.332638	0.260681	0.197047	0.143016	0.0949012	0.0453084	0	
0	0.349624	0.667172	0.934784	1.12804	1.24735	1.28212	1.2402	1.12989	0.970639	0.785948	0.594131	0.407864	0.229229	0.0664136	-0.0786898	-0.191452	-0.273585	-0.318274	-0.3256	-0.29171	-0.21981	-0.136261	-0.0647953	-0.030333	-0.0210809	-0.0237592	-0.0268231	-0.0335105	-0.0506255	-0.0614508	-0.0616394	-0.0462473	-0.0200326	-0.0084873	-0.0075371	-0.00606395	-0.00600472	0.0129784	0.0475033	0.0806892	0.119255	0.169257	0.234742	0.313684	0.406317	0.509643	0.618016	0.720459	0.809428	0.885427	0.935564	0.943599	0.897902	0.796857	0.633533	0.415343	0.161844	-0.121869	-0.397088	-0.632623	-0.815559	-0.959396	-1.05556	-1.10028	-1.11509	-1.09931	-1.04576	-0.95919	-0.854907	-0.74428	-0.634679	-0.527317	-0.416736	-0.307605	-0.217621	-0.136247	-0.0584734	-0.00462625	0.0218896	0.0325453	0.0431843	0.0637693	0.11828	0.216499	0.328661	0.432013	0.518114	0.581978	0.615655	0.615805	0.576496	0.495991	0.407488	0.330523	0.259855	0.198351	0.135941	0.066322	0	
0	0.344535	0.656699	0.9176	1.10537	1.22126	1.25858	1.22402	1.13029	0.98792	0.825305	0.649341	0.473	0.298737	0.126464	-0.0271493	-0.157373	-0.254167	-0.314997	-0.339401	-0.321153	-0.260703	-0.179235	-0.1011	-0.0515575	-0.0289375	-0.0209909	-0.0179059	-0.0230548	-0.0412982	-0.0583601	-0.0684211	-0.0547563	-0.0304566	-0.0117121	0.000285977	-0.000576727	-0.000909408	0.0295319	0.0718677	0.119255	0.174486	0.237416	0.307875	0.38927	0.47706	0.572274	0.663422	0.736743	0.787774	0.830431	0.857332	0.846808	0.792446	0.69659	0.541273	0.337274	0.0950263	-0.179177	-0.450978	-0.677482	-0.842501	-0.963307	-1.02704	-1.04471	-1.03372	-1.00442	-0.954884	-0.880051	-0.794676	-0.703154	-0.611261	-0.518328	-0.41967	-0.327361	-0.25326	-0.184131	-0.11804	-0.0671648	-0.034533	-0.0144855	0.00129652	0.0114316	0.0445309	0.122915	0.219366	0.317847	0.417351	0.503107	0.568003	0.614252	0.616167	0.561527	0.483043	0.400675	0.327839	0.266318	0.188552	0.0933786	0	
0	0.336809	0.64249	0.892249	1.07311	1.18138	1.21727	1.18963	1.107	0.98604	0.845119	0.690771	0.533933	0.366663	0.197131	0.0354465	-0.107838	-0.218044	-0.294455	-0.337141	-0.332278	-0.289837	-0.213809	-0.134281	-0.07641	-0.0424779	-0.0229279	-0.0142396	-0.0114443	-0.0234015	-0.0411095	-0.0535497	-0.0465483	-0.029022	-0.00511708	0.0115717	0.0150432	0.026751	0.0586699	0.106206	0.169257	0.237416	0.307055	0.39078	0.472386	0.546134	0.614514	0.678025	0.720601	0.738622	0.747463	0.745477	0.7206	0.669926	0.5841	0.440087	0.253853	0.0323339	-0.222174	-0.476097	-0.683723	-0.83365	-0.929558	-0.970564	-0.972776	-0.949537	-0.914389	-0.865905	-0.806324	-0.740672	-0.670648	-0.601141	-0.524946	-0.440252	-0.357186	-0.281717	-0.213216	-0.152981	-0.100068	-0.0645218	-0.0426357	-0.0281035	-0.0329748	-0.0205087	0.0379196	0.11557	0.202011	0.299065	0.398235	0.493793	0.574737	0.611795	0.593469	0.540109	0.473023	0.40473	0.325143	0.228716	0.122598	0	
