0	0	0	0	0	0	0	0	0	0	0	0	0	0	0	0	0	0	0	0	0	0	0	0	0	0	0	0	0	0	0	0	0	0	0	0	0	0	0	0	0	0	0	0	0	0	0	0	0	0	0	0	0	0	0	0	0	0	0	0	0	0	0	0	0	0	0	0	0	0	0	0	0	0	0	0	0	0	0	0	0	0	0	0	0	0	0	0	0	0	0	0	0	0	0	0	0	0	0	0	
0	3.46256e-25	6.87259e-24	1.26135e-22	2.13971e-21	3.34608e-20	4.81016e-19	6.33752e-18	7.62832e-17	8.3602e-16	8.31242e-15	7.47012e-14	6.04389e-13	4.38475e-12	2.84081e-11	1.63703e-10	8.35826e-10	3.76784e-09	1.49523e-08	5.21254e-08	1.59478e-07	4.28455e-07	1.01313e-06	2.11718e-06	3.93165e-06	6.528e-06	9.74891e-06	1.31638e-05	1.61393e-05	1.80209e-05	1.83557e-05	1.70602e-05	1.44525e-05	1.11321e-05	7.76715e-06	4.88533e-06	2.75429e-06	1.38347e-06	6.15497e-07	2.41348e-07	8.31194e-08	2.50966e-08	6.64252e-09	1.54332e-09	3.15581e-10	5.69896e-11	9.12534e-12	1.30117e-12	1.65942e-13	1.90108e-14	1.9647e-15	1.83905e-16	1.56512e-17	1.2154e-18	8.64107e-20	5.64233e-21	3.39363e-22	1.88528e-23	9.69833e-25	4.63085e-26	2.05698e-27	8.51737e-29	3.294e-30	1.19199e-31	4.04281e-33	1.2872e-34	3.85305e-36	1.08583e-37	2.88463e-39	7.23301e-41	1.71376e-42	3.84109e-44	8.15223e-46	1.63995e-47	3.12978e-49	5.67142e-51	9.76593e-53	1.59922e-54	2.49219e-56	3.69848e-58	5.23007e-60	7.05163e-62	9.07004e-64	1.1135e-65	1.30541e-67	1.46209e-69	1.56514e-71	1.60198e-73	1.56836e-75	1.46913e-77	1.31715e-79	1.13057e-81	9.29303e-84	7.31669e-86	5.51898e-88	3.98906e-90	2.76323e-92	1.83467e-94	1.16768e-96	0	
0	6.87259e-24	1.31864e-22	2.33723e-21	3.8255e-20	5.76653e-19	7.98225e-18	1.01154e-16	1.16966e-15	1.22985e-14	1.17156e-13	1.00722e-12	7.78405e-12	5.38562e-11	3.3223e-10	1.82005e-09	8.82171e-09	3.77077e-08	1.41781e-07	4.68245e-07	1.35819e-06	3.46568e-06	7.80723e-06	1.56093e-05	2.7877e-05	4.47735e-05	6.50809e-05	8.60809e-05	0.000104052	0.000115286	0.000117273	0.000109554	9.38876e-05	7.36334e-05	5.26485e-05	3.41484e-05	1.99723e-05	1.04636e-05	4.87803e-06	2.01151e-06	7.30308e-07	2.32771e-07	6.50613e-08	1.59574e-08	3.44139e-09	6.54608e-10	1.10243e-10	1.6507e-11	2.20709e-12	2.64673e-13	2.85886e-14	2.79286e-15	2.47728e-16	2.00246e-17	1.48019e-18	1.00377e-19	6.26359e-21	3.60664e-22	1.92137e-23	9.49312e-25	4.35996e-26	1.86533e-27	7.4489e-29	2.7816e-30	9.73008e-32	3.19348e-33	9.84917e-35	2.85852e-36	7.81759e-38	2.01715e-39	4.91648e-41	1.13319e-42	2.4725e-44	5.11194e-46	1.00243e-47	1.86601e-49	3.30013e-51	5.54927e-53	8.87866e-55	1.35258e-56	1.96319e-58	2.71649e-60	3.58551e-62	4.51668e-64	5.43291e-66	6.24301e-68	6.85636e-70	7.1996e-72	7.23108e-74	6.94912e-76	6.3919e-78	5.62901e-80	4.74738e-82	3.83534e-84	2.96877e-86	2.20221e-88	1.56577e-90	1.06719e-92	6.97346e-95	0	
0	1.26135e-22	2.33723e-21	3.99639e-20	6.3039e-19	9.14784e-18	1.21759e-16	1.48176e-15	1.64316e-14	1.65444e-13	1.50679e-12	1.23643e-11	9.104e-11	5.99015e-10	3.50749e-09	1.82052e-08	8.34585e-08	3.36924e-07	1.19533e-06	3.72397e-06	1.01973e-05	2.46137e-05	5.26262e-05	0.000100325	0.000171801	0.000266232	0.000375865	0.000486187	0.000578736	0.000635869	0.000645909	0.000606754	0.000526534	0.000421068	0.000309118	0.00020725	0.0001261	6.91316e-05	3.3894e-05	1.47565e-05	5.6716e-06	1.9164e-06	5.6805e-07	1.47673e-07	3.3717e-08	6.7795e-09	1.20475e-09	1.89988e-10	2.67041e-11	3.36025e-12	3.80188e-13	3.88402e-14	3.59719e-15	3.0317e-16	2.33342e-17	1.64561e-18	1.06669e-19	6.37353e-21	3.51988e-22	1.80124e-23	8.56115e-25	3.78753e-26	1.5629e-27	6.02676e-29	2.17566e-30	7.3651e-32	2.34166e-33	7.00268e-35	1.97241e-36	5.23944e-38	1.31418e-39	3.11602e-41	6.99183e-43	1.48616e-44	2.99526e-46	5.72915e-48	1.04088e-49	1.79765e-51	2.95349e-53	4.61949e-55	6.88291e-57	9.77549e-59	1.32419e-60	1.71176e-62	2.11274e-64	2.49097e-66	2.80676e-68	3.02372e-70	3.11566e-72	3.07175e-74	2.89868e-76	2.61895e-78	2.26615e-80	1.87846e-82	1.492e-84	1.13574e-86	8.28741e-89	5.7977e-91	3.88898e-93	0	
0	2.13971e-21	3.8255e-20	6.3039e-19	9.57256e-18	1.33566e-16	1.70715e-15	1.99219e-14	2.11519e-13	2.03574e-12	1.7691e-11	1.38251e-10	9.67496e-10	6.03747e-09	3.34562e-08	1.63987e-07	7.08537e-07	2.6914e-06	8.97447e-06	2.62719e-05	6.76582e-05	0.00015394	0.000311421	0.000564572	0.000924918	0.00138031	0.00188985	0.00238782	0.00279671	0.00304571	0.00308919	0.00291902	0.00256681	0.00209525	0.0015815	0.00109794	0.000696445	0.000400543	0.000207138	9.55351e-05	3.90142e-05	1.40295e-05	4.42736e-06	1.2246e-06	2.97092e-07	6.33592e-08	1.19176e-08	1.98501e-09	2.94055e-10	3.89165e-11	4.62183e-12	4.94705e-13	4.79212e-14	4.2175e-15	3.38473e-16	2.4856e-17	1.67559e-18	1.04001e-19	5.95998e-21	3.16172e-22	1.5564e-23	7.12557e-25	3.04041e-26	1.21147e-27	4.51606e-29	1.57768e-30	5.17355e-32	1.59487e-33	4.62853e-35	1.26625e-36	3.26961e-38	7.9778e-40	1.84145e-41	4.02509e-43	8.33985e-45	1.63948e-46	3.06052e-48	5.4298e-50	9.16227e-52	1.47153e-53	2.25103e-55	3.28183e-57	4.56285e-59	6.05327e-61	7.66671e-63	9.27493e-65	1.07226e-66	1.18513e-68	1.25281e-70	1.26715e-72	1.22671e-74	1.13704e-76	1.00938e-78	8.58421e-81	6.99557e-83	5.46412e-85	4.09148e-87	2.93753e-89	2.02243e-91	0	
0	3.34608e-20	5.76653e-19	9.14784e-18	1.33566e-16	1.78956e-15	2.19324e-14	2.45035e-13	2.48651e-12	2.28297e-11	1.88884e-10	1.40229e-09	9.30126e-09	5.48804e-08	2.8683e-07	1.32273e-06	5.36459e-06	1.90909e-05	5.95632e-05	0.000163103	0.000393332	0.00084025	0.00160274	0.00275487	0.0043068	0.00617672	0.00818737	0.0100913	0.0116185	0.0125348	0.0126938	0.0120696	0.010763	0.00897851	0.00697868	0.00502651	0.00333182	0.00201589	0.00110327	0.000541096	0.000235773	9.06318e-05	3.05873e-05	9.04137e-06	2.34045e-06	5.31463e-07	1.06187e-07	1.87409e-08	2.93445e-09	4.09518e-10	5.11706e-11	5.7506e-12	5.83731e-13	5.37383e-14	4.50386e-15	3.4488e-16	2.42092e-17	1.56268e-18	9.30241e-20	5.12062e-21	2.61301e-22	1.23897e-23	5.47057e-25	2.2539e-26	8.68139e-28	3.13162e-29	1.05973e-30	3.36928e-32	1.00794e-33	2.84105e-35	7.55489e-37	1.89761e-38	4.5072e-40	1.01343e-41	2.15926e-43	4.36365e-45	8.37178e-47	1.52607e-48	2.64522e-50	4.3632e-52	6.85349e-54	1.02581e-55	1.46401e-57	1.99341e-59	2.59098e-61	3.2164e-63	3.8153e-65	4.32649e-67	4.69218e-69	4.86878e-71	4.83538e-73	4.59786e-75	4.18728e-77	3.6533e-79	3.05445e-81	2.44781e-83	1.88068e-85	1.38558e-87	9.78991e-90	0	
0	4.81016e-19	7.98225e-18	1.21759e-16	1.70715e-15	2.19324e-14	2.57333e-13	2.74758e-12	2.65949e-11	2.32427e-10	1.82629e-09	1.28449e-08	8.05017e-08	4.47539e-07	2.1975e-06	9.4932e-06	3.59698e-05	0.000119319	0.000346498	0.0008829	0.00198384	0.00396105	0.00709596	0.0115255	0.0171459	0.0235764	0.0301982	0.0362553	0.0409909	0.0437859	0.0442674	0.0423706	0.0383497	0.0327361	0.026247	0.0196558	0.0136506	0.00871627	0.00506718	0.00265412	0.00123991	0.000512124	0.000185811	5.8998e-05	1.63749e-05	3.97703e-06	8.47526e-07	1.59078e-07	2.64147e-08	3.89858e-09	5.13876e-10	6.07749e-11	6.47813e-12	6.24997e-13	5.4795e-14	4.38186e-15	3.20732e-16	2.15574e-17	1.33453e-18	7.63047e-20	4.04014e-21	1.98571e-22	9.07999e-24	3.87098e-25	1.54161e-26	5.74565e-28	2.00753e-29	6.58624e-31	2.03198e-32	5.90368e-34	1.61741e-35	4.18359e-37	1.02287e-38	2.36655e-40	5.18655e-42	1.07779e-43	2.12561e-45	3.982e-47	7.09154e-49	1.20154e-50	1.93823e-52	2.97881e-54	4.36443e-56	6.09989e-58	8.13719e-60	1.03661e-61	1.26173e-63	1.46802e-65	1.63343e-67	1.73882e-69	1.77157e-71	1.72809e-73	1.61445e-75	1.44499e-77	1.23939e-79	1.01899e-81	8.03241e-84	6.07196e-86	4.40231e-88	0	
0	6.33752e-18	1.01154e-16	1.48176e-15	1.99219e-14	2.45035e-13	2.74758e-12	2.79816e-11	2.57783e-10	2.1392e-09	1.59191e-08	1.05739e-07	6.23929e-07	3.25513e-06	1.49485e-05	6.01907e-05	0.000211892	0.000651311	0.00174965	0.00412323	0.00858304	0.015936	0.0266945	0.0408204	0.0576096	0.0757607	0.0935832	0.109274	0.121199	0.128112	0.129295	0.124622	0.114582	0.10022	0.0830377	0.0648037	0.0472869	0.0319744	0.0198265	0.0111447	0.00561271	0.00250577	0.0009834	0.000337429	0.000100988	2.63714e-05	6.02251e-06	1.20728e-06	2.13389e-07	3.34187e-08	4.66037e-09	5.81555e-10	6.5245e-11	6.6104e-12	6.07371e-13	5.08073e-14	3.88354e-15	2.72164e-16	1.75427e-17	1.04303e-18	5.73599e-20	2.92498e-21	1.38631e-22	6.12017e-24	2.52185e-25	9.71744e-27	3.50777e-28	1.18817e-29	3.78237e-31	1.13325e-32	3.20004e-34	8.52724e-36	2.14689e-37	5.11273e-39	1.15292e-40	2.46426e-42	4.9972e-44	9.62288e-46	1.76112e-47	3.06562e-49	5.07952e-51	8.01687e-53	1.20602e-54	1.73037e-56	2.36929e-58	3.09765e-60	3.86905e-62	4.61899e-64	5.27303e-66	5.75876e-68	6.01903e-70	6.02304e-72	5.77226e-74	5.29976e-76	4.66311e-78	3.93298e-80	3.18054e-82	2.46668e-84	1.83493e-86	0	
0	7.62832e-17	1.16966e-15	1.64316e-14	2.11519e-13	2.48651e-12	2.65949e-11	2.57783e-10	2.25486e-09	1.77187e-08	1.24489e-07	7.78137e-07	4.30543e-06	2.0982e-05	8.96445e-05	0.00033446	0.00108683	0.00307396	0.00758392	0.016413	0.0314469	0.0539888	0.0841692	0.120713	0.161125	0.202163	0.240387	0.272644	0.296411	0.309925	0.312218	0.303126	0.283297	0.254174	0.217987	0.177669	0.136597	0.0981549	0.0652005	0.0395388	0.0215995	0.0104945	0.00448693	0.00167555	0.000544386	0.000153787	3.7845e-05	8.14202e-06	1.53848e-06	2.56626e-07	3.79882e-08	5.01635e-09	5.93868e-10	6.33302e-11	6.11052e-12	5.3566e-13	4.28264e-14	3.13395e-15	2.10604e-16	1.30365e-17	7.45424e-19	3.94766e-20	1.94102e-21	8.88091e-23	3.78915e-24	1.51057e-25	5.63701e-27	1.97249e-28	6.48244e-30	2.00388e-31	5.83484e-33	1.60245e-34	4.15605e-36	1.01912e-37	2.36534e-39	5.20164e-41	1.08489e-42	2.14799e-44	4.04066e-46	7.22777e-48	1.23033e-49	1.99442e-51	3.081e-53	4.53861e-55	6.37934e-57	8.56048e-59	1.09729e-60	1.34422e-62	1.57451e-64	1.76418e-66	1.89165e-68	1.94183e-70	1.909e-72	1.79794e-74	1.62275e-76	1.40397e-78	1.16469e-80	9.26642e-83	7.07187e-85	0	
0	8.3602e-16	1.22985e-14	1.65444e-13	2.03574e-12	2.28297e-11	2.32427e-10	2.1392e-09	1.77187e-08	1.31442e-07	8.68825e-07	5.08996e-06	2.62854e-05	0.000119018	0.00047019	0.00161422	0.00480469	0.0124017	0.0278649	0.0549383	0.0962021	0.15184	0.219325	0.29402	0.370286	0.442558	0.506073	0.557279	0.593798	0.614145	0.617565	0.603941	0.573763	0.528205	0.469257	0.399975	0.324674	0.248662	0.17766	0.116843	0.0696931	0.0371347	0.0174398	0.00714684	0.00254072	0.000782102	0.000208738	4.8471e-05	9.83964e-06	1.75569e-06	2.76905e-07	3.88197e-08	4.86338e-09	5.47253e-10	5.55723e-11	5.11517e-12	4.28513e-13	3.27948e-14	2.30089e-15	1.48468e-16	8.83711e-18	4.86543e-19	2.48414e-20	1.17897e-21	5.21266e-23	2.15148e-24	8.30545e-26	3.0041e-27	1.0198e-28	3.25419e-30	9.77536e-32	2.76808e-33	7.39846e-35	1.86872e-36	4.46563e-38	1.0107e-39	2.16868e-41	4.41589e-43	8.54041e-45	1.57015e-46	2.74634e-48	4.5734e-50	7.25611e-52	1.09759e-53	1.58385e-55	2.18167e-57	2.87013e-59	3.60813e-61	4.33654e-63	4.98521e-65	5.48394e-67	5.77489e-69	5.82374e-71	5.62625e-73	5.20879e-75	4.62258e-77	3.93354e-79	3.21028e-81	2.51327e-83	0	
0	8.31242e-15	1.17156e-13	1.50679e-12	1.7691e-11	1.88884e-10	1.82629e-09	1.59191e-08	1.24489e-07	8.68825e-07	5.38168e-06	2.94144e-05	0.000141019	0.000589584	0.00213829	0.0066999	0.0181013	0.0422302	0.085592	0.152421	0.242265	0.349837	0.466801	0.584134	0.694031	0.79075	0.870788	0.932493	0.97515	0.998429	1.00229	0.986781	0.951861	0.897738	0.82492	0.734569	0.629376	0.51419	0.396037	0.283633	0.185842	0.109457	0.0569848	0.0258736	0.0101585	0.00343664	0.00100233	0.000252878	5.54645e-05	1.06381e-05	1.79521e-06	2.68162e-07	3.56646e-08	4.24631e-09	4.54918e-10	4.40607e-11	3.87487e-12	3.10662e-13	2.27903e-14	1.53504e-15	9.52264e-17	5.45659e-18	2.89585e-19	1.42691e-20	6.54312e-22	2.79814e-23	1.11819e-24	4.18336e-26	1.46777e-27	4.83738e-29	1.49984e-30	4.38104e-32	1.20722e-33	3.14206e-35	7.73342e-37	1.80194e-38	3.97895e-40	8.33461e-42	1.65764e-43	3.133e-45	5.63187e-47	9.63614e-49	1.57046e-50	2.43964e-52	3.61475e-54	5.11151e-56	6.90224e-58	8.90503e-60	1.09826e-61	1.29541e-63	1.46197e-65	1.57935e-67	1.6338e-69	1.61905e-71	1.53747e-73	1.39951e-75	1.22151e-77	1.02255e-79	8.21145e-82	0	
0	7.47012e-14	1.00722e-12	1.23643e-11	1.38251e-10	1.40229e-09	1.28449e-08	1.05739e-07	7.78137e-07	5.08996e-06	2.94144e-05	0.000149212	0.000660053	0.0025298	0.00835263	0.0236577	0.0574084	0.119748	0.216754	0.345941	0.496842	0.655612	0.80942	0.949029	1.06925	1.16808	1.24589	1.30386	1.34281	1.36363	1.36706	1.35323	1.32163	1.2714	1.20169	1.11142	0.999653	0.867377	0.718359	0.560219	0.404507	0.26507	0.154386	0.0784882	0.0343979	0.0129169	0.0041535	0.00114725	0.000273659	5.67353e-05	1.02926e-05	1.64485e-06	2.33042e-07	2.94469e-08	3.33697e-09	3.40867e-10	3.15334e-11	2.65321e-12	2.03844e-13	1.43522e-14	9.29124e-16	5.54744e-17	3.06337e-18	1.56865e-19	7.46655e-21	3.31095e-22	1.37065e-23	5.30743e-25	1.92578e-26	6.55882e-28	2.10003e-29	6.33058e-31	1.79921e-32	4.8273e-34	1.22416e-35	2.93749e-37	6.67714e-39	1.43919e-40	2.94425e-42	5.72203e-44	1.05733e-45	1.85912e-47	3.11288e-49	4.9669e-51	7.55734e-53	1.0972e-54	1.52088e-56	2.01389e-58	2.54885e-60	3.08482e-62	3.57187e-64	3.95852e-66	4.20065e-68	4.26987e-70	4.15891e-72	3.8829e-74	3.47598e-76	2.98445e-78	2.45813e-80	0	
0	6.04389e-13	7.78405e-12	9.104e-11	9.67496e-10	9.30126e-09	8.05017e-08	6.23929e-07	4.30543e-06	2.62854e-05	0.000141019	0.000660053	0.00267538	0.0093228	0.0277524	0.0702805	0.151399	0.279256	0.447725	0.638378	0.830687	1.00934	1.16571	1.29696	1.40336	1.48713	1.55113	1.59707	1.62655	1.64201	1.64465	1.63433	1.61069	1.57156	1.51495	1.43946	1.34243	1.22127	1.07481	0.904369	0.716129	0.522558	0.342659	0.197019	0.0974935	0.0410968	0.0147181	0.00449005	0.0011735	0.000264634	5.18839e-05	8.91036e-06	1.34996e-06	1.81625e-07	2.18325e-08	2.35784e-09	2.29938e-10	2.03424e-11	1.63954e-12	1.20848e-13	8.1751e-15	5.09199e-16	2.92898e-17	1.56017e-18	7.71538e-20	3.55049e-21	1.52374e-22	6.11088e-24	2.29447e-25	8.07997e-27	2.67298e-28	8.31967e-30	2.43985e-31	6.75071e-33	1.76446e-34	4.36182e-36	1.02093e-37	2.26494e-39	4.76732e-41	9.52912e-43	1.81039e-44	3.27184e-46	5.62923e-48	9.22702e-50	1.44189e-51	2.14951e-53	3.05884e-55	4.15749e-57	5.4001e-59	6.70642e-61	7.96723e-63	9.05835e-65	9.86051e-67	1.02809e-68	1.02708e-70	9.83498e-73	9.0297e-75	7.95123e-77	6.71658e-79	0	
0	4.38475e-12	5.38562e-11	5.99015e-10	6.03747e-09	5.48804e-08	4.47539e-07	3.25513e-06	2.0982e-05	0.000119018	0.000589584	0.0025298	0.0093228	0.0292643	0.0777032	0.173875	0.328751	0.531914	0.754817	0.970196	1.16354	1.32925	1.46653	1.57666	1.66137	1.72415	1.76756	1.79431	1.80951	1.81717	1.81855	1.81346	1.80165	1.77995	1.74362	1.68878	1.61339	1.51363	1.38749	1.2331	1.0505	0.842916	0.620362	0.405573	0.228936	0.109604	0.0442077	0.0150422	0.00434341	0.00107282	0.000228638	4.24014e-05	6.89766e-06	9.91559e-07	1.2681e-07	1.45165e-08	1.4957e-09	1.39405e-10	1.1807e-11	9.12481e-13	6.45903e-14	4.20211e-15	2.52055e-16	1.39801e-17	7.1891e-19	3.43603e-20	1.52985e-21	6.35869e-23	2.47212e-24	9.00634e-26	3.07995e-27	9.90258e-29	2.99784e-30	8.55716e-32	2.30611e-33	5.87479e-35	1.41634e-36	3.23501e-38	7.00745e-40	1.44092e-41	2.81516e-43	5.23028e-45	9.24811e-47	1.55746e-48	2.49992e-50	3.82714e-52	5.59163e-54	7.80148e-56	1.04001e-57	1.3254e-59	1.61558e-61	1.88444e-63	2.10426e-65	2.25041e-67	2.30587e-69	2.26453e-71	2.13223e-73	1.9255e-75	1.668e-77	0	
0	2.84081e-11	3.3223e-10	3.50749e-09	3.34562e-08	2.8683e-07	2.1975e-06	1.49485e-05	8.96445e-05	0.00047019	0.00213829	0.00835263	0.0277524	0.0777032	0.182012	0.35603	0.586691	0.834782	1.06637	1.27119	1.44752	1.59213	1.70374	1.78196	1.83048	1.85497	1.8609	1.85666	1.85129	1.84677	1.8455	1.84932	1.85452	1.85973	1.85912	1.84251	1.80457	1.73873	1.64072	1.50928	1.34506	1.15153	0.930288	0.685934	0.443284	0.243336	0.111755	0.0428498	0.0137914	0.00375899	0.000876203	0.000176374	3.09396e-05	4.7694e-06	6.50945e-07	7.91944e-08	8.64077e-09	8.50141e-10	7.57968e-11	6.15128e-12	4.56238e-13	3.10403e-14	1.94368e-15	1.12363e-16	6.0138e-18	2.98763e-19	1.38102e-20	5.95297e-22	2.39783e-23	9.0424e-25	3.19819e-26	1.06267e-27	3.32232e-29	9.78726e-31	2.72049e-32	7.14418e-34	1.77458e-35	4.17412e-37	9.3072e-39	1.96919e-40	3.95713e-42	7.55924e-44	1.37386e-45	2.37746e-47	3.92023e-49	6.16369e-51	9.24671e-53	1.3244e-54	1.81213e-56	2.36995e-58	2.9641e-60	3.54701e-62	4.06298e-64	4.45686e-66	4.68369e-68	4.71723e-70	4.55489e-72	4.21796e-74	3.74681e-76	0	
0	1.63703e-10	1.82005e-09	1.82052e-08	1.63987e-07	1.32273e-06	9.4932e-06	6.01907e-05	0.00033446	0.00161422	0.0066999	0.0236577	0.0702805	0.173875	0.35603	0.605592	0.874749	1.12123	1.33952	1.5309	1.68263	1.788	1.84753	1.86658	1.85627	1.82542	1.78546	1.74749	1.71718	1.69756	1.69337	1.70763	1.73391	1.76966	1.80964	1.84589	1.86525	1.85978	1.81699	1.73084	1.59702	1.41987	1.21181	0.976921	0.713599	0.449801	0.237068	0.103385	0.0374126	0.0113364	0.00290821	0.000638697	0.000121339	2.013e-05	2.94096e-06	3.81248e-07	4.41476e-08	4.59398e-09	4.31896e-10	3.68611e-11	2.86843e-12	2.04322e-13	1.33701e-14	8.06346e-16	4.49542e-17	2.32312e-18	1.11564e-19	4.9904e-21	2.08374e-22	8.13798e-24	2.97825e-25	1.02313e-26	3.3046e-28	1.00505e-29	2.88234e-31	7.80491e-33	1.99798e-34	4.84086e-36	1.11131e-37	2.41979e-39	5.00229e-41	9.82664e-43	1.83595e-44	3.26503e-46	5.53115e-48	8.93223e-50	1.37599e-51	2.0233e-53	2.84157e-55	3.81377e-57	4.89423e-59	6.00849e-61	7.06001e-63	7.94325e-65	8.561e-67	8.8421e-69	8.75487e-71	8.31297e-73	7.57148e-75	0	
0	8.35826e-10	8.82171e-09	8.34585e-08	7.08537e-07	5.36459e-06	3.59698e-05	0.000211892	0.00108683	0.00480469	0.0181013	0.0574084	0.151399	0.328751	0.586691	0.874749	1.13894	1.37326	1.582	1.73864	1.83098	1.86718	1.85405	1.80526	1.73176	1.64576	1.55938	1.48368	1.42279	1.38899	1.38405	1.40542	1.45653	1.52789	1.61032	1.69887	1.7779	1.83884	1.86724	1.85211	1.78356	1.65231	1.46141	1.23605	0.984671	0.701756	0.424139	0.211518	0.0866566	0.0293827	0.00834285	0.00200858	0.000414903	7.43238e-05	1.16562e-05	1.61389e-06	1.98747e-07	2.19123e-08	2.17556e-09	1.95531e-10	1.59827e-11	1.19319e-12	8.16683e-14	5.14262e-15	2.98867e-16	1.60765e-17	8.0256e-19	3.72737e-20	1.61416e-21	6.53157e-23	2.47434e-24	8.79132e-26	2.93449e-27	9.21673e-29	2.72786e-30	7.61838e-32	2.01029e-33	5.01803e-35	1.18625e-36	2.65862e-38	5.65459e-40	1.14242e-41	2.19438e-43	4.01076e-45	6.98091e-47	1.15796e-48	1.83177e-50	2.76527e-52	3.98624e-54	5.49041e-56	7.22939e-58	9.10505e-60	1.09739e-61	1.2663e-63	1.39959e-65	1.48228e-67	1.50484e-69	1.46499e-71	1.36797e-73	0	
0	3.76784e-09	3.77077e-08	3.36924e-07	2.6914e-06	1.90909e-05	0.000119319	0.000651311	0.00307396	0.0124017	0.0422302	0.119748	0.279256	0.531914	0.834782	1.12123	1.37326	1.59931	1.76359	1.84611	1.86762	1.82943	1.74243	1.61956	1.47508	1.32619	1.1858	1.06895	0.984099	0.936341	0.929058	0.9601	1.03093	1.13551	1.26907	1.41526	1.56399	1.6966	1.80039	1.85877	1.86216	1.80532	1.67468	1.46851	1.22592	0.95399	0.65103	0.370311	0.172221	0.065617	0.020707	0.00548539	0.00123593	0.000239705	4.04456e-05	5.99275e-06	7.86132e-07	9.19609e-08	9.65411e-09	9.1469e-10	7.86099e-11	6.15581e-12	4.41028e-13	2.9015e-14	1.75878e-15	9.85276e-17	5.11542e-18	2.46773e-19	1.10876e-20	4.64995e-22	1.82395e-23	6.70427e-25	2.31324e-26	7.50463e-28	2.29266e-29	6.60495e-31	1.79679e-32	4.62135e-34	1.1251e-35	2.59561e-37	5.68029e-39	1.18033e-40	2.33099e-42	4.37879e-44	7.83071e-46	1.33418e-47	2.16727e-49	3.35884e-51	4.96968e-53	7.02412e-55	9.48923e-57	1.22597e-58	1.51552e-60	1.79342e-62	2.03255e-64	2.20709e-66	2.29716e-68	2.29254e-70	2.19439e-72	0	
0	1.49523e-08	1.41781e-07	1.19533e-06	8.97447e-06	5.95632e-05	0.000346498	0.00174965	0.00758392	0.0278649	0.085592	0.216754	0.447725	0.754817	1.06637	1.33952	1.582	1.76359	1.84914	1.86714	1.81078	1.68288	1.50852	1.30212	1.08814	0.880747	0.698326	0.549567	0.443337	0.381592	0.370807	0.413049	0.501992	0.635049	0.804704	1.00286	1.21726	1.42736	1.61847	1.76593	1.85432	1.86371	1.80786	1.66481	1.44053	1.18055	0.883135	0.565127	0.297159	0.127237	0.0446947	0.0130514	0.0032132	0.000675783	0.000122846	1.95012e-05	2.72778e-06	3.38855e-07	3.7642e-08	3.76213e-09	3.40132e-10	2.79522e-11	2.09712e-12	1.44201e-13	9.11996e-15	5.3223e-16	2.87454e-17	1.44069e-18	6.71718e-20	2.92019e-21	1.18621e-22	4.51122e-24	1.60915e-25	5.39269e-27	1.70063e-28	5.05417e-30	1.41751e-31	3.75664e-33	9.41888e-35	2.23676e-36	5.03647e-38	1.07636e-39	2.18536e-41	4.21905e-43	7.75169e-45	1.35648e-46	2.26253e-48	3.5995e-50	5.46573e-52	7.92661e-54	1.09854e-55	1.45572e-57	1.84545e-59	2.23927e-61	2.6019e-63	2.89632e-65	3.08998e-67	3.1607e-69	3.10063e-71	0	
0	5.21254e-08	4.68245e-07	3.72397e-06	2.62719e-05	0.000163103	0.0008829	0.00412323	0.016413	0.0549383	0.152421	0.345941	0.638378	0.970196	1.27119	1.5309	1.73864	1.84611	1.86714	1.80356	1.64201	1.43029	1.17046	0.896938	0.620879	0.367309	0.147718	-0.0276463	-0.151282	-0.215569	-0.225065	-0.183584	-0.0824142	0.0722572	0.273156	0.516547	0.784257	1.06154	1.33004	1.56253	1.74743	1.85386	1.8627	1.79448	1.62244	1.37886	1.09633	0.771438	0.45336	0.217058	0.0846992	0.0272439	0.00732736	0.0016711	0.000327301	5.56717e-05	8.30425e-06	1.09556e-06	1.28787e-07	1.35785e-08	1.29149e-09	1.11385e-10	8.751e-12	6.28908e-13	4.14992e-14	2.52285e-15	1.41738e-16	7.37994e-18	3.57043e-19	1.60889e-20	6.76755e-22	2.66269e-23	9.81784e-25	3.39847e-26	1.10621e-27	3.39107e-29	9.80413e-31	2.67691e-32	6.91122e-34	1.68922e-35	3.91297e-37	8.59942e-39	1.79473e-40	3.56038e-42	6.71956e-44	1.2075e-45	2.06761e-47	3.37604e-49	5.26016e-51	7.82576e-53	1.11239e-54	1.51161e-56	1.96477e-58	2.44398e-60	2.91077e-62	3.32076e-64	3.63058e-66	3.80535e-68	3.82489e-70	0	
0	1.59478e-07	1.35819e-06	1.01973e-05	6.76582e-05	0.000393332	0.00198384	0.00858304	0.0314469	0.0962021	0.242265	0.496842	0.830687	1.16354	1.44752	1.68263	1.83098	1.86762	1.81078	1.64201	1.40439	1.10344	0.768013	0.426314	0.103976	-0.185194	-0.419478	-0.600054	-0.722938	-0.792572	-0.80422	-0.755734	-0.655507	-0.501536	-0.28522	-0.0167303	0.292751	0.632209	0.969816	1.29255	1.55257	1.75634	1.85611	1.85758	1.75579	1.54756	1.28237	0.968108	0.625125	0.331373	0.142814	0.0504145	0.0147751	0.00364708	0.000768473	0.000139883	2.22274e-05	3.1114e-06	3.86738e-07	4.29833e-08	4.2981e-09	3.88791e-10	3.19692e-11	2.40005e-12	1.65155e-13	1.04542e-14	6.10691e-16	3.30198e-17	1.657e-18	7.73652e-20	3.36855e-21	1.37067e-22	5.22242e-24	1.8666e-25	6.26911e-27	1.98165e-28	5.9041e-30	1.66031e-31	4.41261e-33	1.10969e-34	2.64362e-36	5.97253e-38	1.2809e-39	2.61027e-41	5.05889e-43	9.33237e-45	1.63999e-46	2.74746e-48	4.39106e-50	6.69954e-52	9.76413e-54	1.36017e-55	1.81205e-57	2.3099e-59	2.8189e-61	3.29483e-63	3.69018e-65	3.96189e-67	4.07876e-69	0	
0	4.28455e-07	3.46568e-06	2.46137e-05	0.00015394	0.00084025	0.00396105	0.015936	0.0539888	0.15184	0.349837	0.655612	1.00934	1.32925	1.59213	1.788	1.86718	1.82943	1.68288	1.43029	1.10344	0.718241	0.328371	-0.061041	-0.406192	-0.705116	-0.941268	-1.11148	-1.22544	-1.28075	-1.28809	-1.25422	-1.16636	-1.01651	-0.805041	-0.534063	-0.203174	0.169553	0.562791	0.953297	1.30831	1.5926	1.78577	1.86394	1.83567	1.68138	1.44024	1.1435	0.796233	0.461207	0.217585	0.0837634	0.0266215	0.00708494	0.00160094	0.000311017	5.25236e-05	7.78509e-06	1.02132e-06	1.19465e-07	1.25406e-08	1.18817e-09	1.02129e-10	8.00029e-12	5.73507e-13	3.77624e-14	2.29158e-15	1.28558e-16	6.68611e-18	3.23207e-19	1.45563e-20	6.12126e-22	2.40841e-23	8.88256e-25	3.07628e-26	1.00208e-27	3.07491e-29	8.90084e-31	2.43377e-32	6.29393e-34	1.54123e-35	3.57762e-37	7.88053e-39	1.64882e-40	3.27983e-42	6.20816e-44	1.11909e-45	1.92262e-47	3.15039e-49	4.92693e-51	7.3589e-53	1.05036e-54	1.43354e-56	1.87179e-58	2.33942e-60	2.80009e-62	3.21107e-64	3.5296e-66	3.71992e-68	0	
0	1.01313e-06	7.80723e-06	5.26262e-05	0.000311421	0.00160274	0.00709596	0.0266945	0.0841692	0.219325	0.466801	0.80942	1.16571	1.46653	1.70374	1.84753	1.85405	1.74243	1.50852	1.17046	0.768013	0.328371	-0.11554	-0.523541	-0.880195	-1.15888	-1.36694	-1.50287	-1.57916	-1.62088	-1.62878	-1.60107	-1.53898	-1.42797	-1.25183	-1.00206	-0.672417	-0.286586	0.150754	0.593049	1.01706	1.38202	1.66414	1.82327	1.86662	1.77633	1.56954	1.29359	0.954856	0.59572	0.304304	0.126681	0.0433666	0.012374	0.00298426	0.000616216	0.0001102	1.72403e-05	2.38033e-06	2.92278e-07	3.21336e-08	3.18216e-09	2.8536e-10	2.32828e-11	1.73582e-12	1.18706e-13	7.47234e-15	4.34349e-16	2.3382e-17	1.1688e-18	5.43857e-20	2.36099e-21	9.58245e-23	3.64314e-24	1.2998e-25	4.35918e-27	1.37639e-28	4.09757e-30	1.15173e-31	3.06036e-33	7.69689e-35	1.83431e-36	4.14671e-38	8.90115e-40	1.81597e-41	3.52436e-43	6.51215e-45	1.14653e-46	1.9248e-48	3.08343e-50	4.71651e-52	6.89316e-54	9.63132e-56	1.28726e-57	1.64661e-59	2.01685e-61	2.36659e-63	2.66151e-65	2.86963e-67	0	
0	2.11718e-06	1.56093e-05	0.000100325	0.000564572	0.00275487	0.0115255	0.0408204	0.120713	0.29402	0.584134	0.949029	1.29696	1.57666	1.78196	1.86658	1.80526	1.61956	1.30212	0.896938	0.426314	-0.061041	-0.523541	-0.933208	-1.2628	-1.50428	-1.65773	-1.74004	-1.77167	-1.7714	-1.76972	-1.77492	-1.75811	-1.69783	-1.57596	-1.36915	-1.07533	-0.69589	-0.249826	0.229814	0.71493	1.14872	1.50703	1.74572	1.85826	1.83364	1.66977	1.41779	1.09436	0.725288	0.396465	0.176746	0.0646394	0.0196359	0.00502351	0.00109661	0.000206684	3.39835e-05	4.91905e-06	6.31832e-07	7.25214e-08	7.48442e-09	6.98333e-10	5.91982e-11	4.57939e-12	3.24551e-13	2.11493e-14	1.27136e-15	7.07129e-17	3.64901e-18	1.75142e-19	7.83702e-21	3.27636e-22	1.28225e-23	4.70654e-25	1.62301e-26	5.26658e-28	1.61055e-29	4.64802e-31	1.26759e-32	3.27073e-34	7.99402e-36	1.85274e-37	4.07604e-39	8.52033e-41	1.6938e-42	3.20502e-44	5.77712e-46	9.92747e-48	1.62752e-49	2.54723e-51	3.80844e-53	5.44285e-55	7.43971e-57	9.73132e-59	1.2187e-60	1.46197e-62	1.68072e-64	1.8523e-66	0	
0	3.93165e-06	2.7877e-05	0.000171801	0.000924918	0.0043068	0.0171459	0.0576096	0.161125	0.370286	0.694031	1.06925	1.40336	1.66137	1.83048	1.85627	1.73176	1.47508	1.08814	0.620879	0.103976	-0.406192	-0.880195	-1.2628	-1.54933	-1.71983	-1.79226	-1.79618	-1.75939	-1.72917	-1.72468	-1.74621	-1.78277	-1.79962	-1.76046	-1.63096	-1.39083	-1.04616	-0.603098	-0.104081	0.417506	0.907938	1.33303	1.64559	1.82267	1.85959	1.74217	1.51678	1.21184	0.842846	0.48737	0.230292	0.0891621	0.0286046	0.00770735	0.0017673	0.00034902	5.99974e-05	9.06141e-06	1.21222e-06	1.4468e-07	1.55034e-08	1.49995e-09	1.31688e-10	1.05387e-11	7.71901e-13	5.19365e-14	3.22085e-15	1.84663e-16	9.8156e-18	4.8495e-19	2.23228e-20	9.59455e-22	3.85837e-23	1.45447e-24	5.14862e-26	1.71423e-27	5.37657e-29	1.59081e-30	4.44621e-32	1.17535e-33	2.94212e-35	6.98154e-37	1.57215e-38	3.36293e-40	6.83948e-42	1.3237e-43	2.43994e-45	4.28674e-47	7.18382e-49	1.14912e-50	1.75567e-52	2.56365e-54	3.57986e-56	4.78309e-58	6.11802e-60	7.49531e-62	8.79926e-64	9.902e-66	0	
0	6.528e-06	4.47735e-05	0.000266232	0.00138031	0.00617672	0.0235764	0.0757607	0.202163	0.442558	0.79075	1.16808	1.48713	1.72415	1.85497	1.82542	1.64576	1.32619	0.880747	0.367309	-0.185194	-0.705116	-1.15888	-1.50428	-1.71983	-1.80965	-1.78713	-1.69567	-1.58942	-1.5045	-1.48743	-1.55077	-1.6523	-1.75694	-1.81271	-1.76883	-1.60677	-1.3107	-0.896486	-0.398704	0.14749	0.682815	1.1604	1.53437	1.77014	1.86318	1.79093	1.59242	1.30663	0.943883	0.571184	0.283156	0.114967	0.0386162	0.0108723	0.00259983	0.000534445	9.54704e-05	1.49607e-05	2.07377e-06	2.56133e-07	2.83708e-08	2.83441e-09	2.5672e-10	2.11764e-11	1.59748e-12	1.1062e-13	7.05539e-15	4.15763e-16	2.27009e-17	1.15145e-18	5.43871e-20	2.39752e-21	9.88413e-23	3.81817e-24	1.38447e-25	4.72008e-27	1.51538e-28	4.58806e-30	1.31179e-31	3.54634e-33	9.07608e-35	2.20144e-36	5.06599e-38	1.10715e-39	2.30008e-41	4.5463e-43	8.55692e-45	1.53485e-46	2.62558e-48	4.28654e-50	6.68342e-52	9.9581e-54	1.41873e-55	1.93381e-57	2.52319e-59	3.15302e-61	3.77529e-63	4.33278e-65	0	
0	9.74891e-06	6.50809e-05	0.000375865	0.00188985	0.00818737	0.0301982	0.0935832	0.240387	0.506073	0.870788	1.24589	1.55113	1.76756	1.8609	1.78546	1.55938	1.1858	0.698326	0.147718	-0.419478	-0.941268	-1.36694	-1.65773	-1.79226	-1.78713	-1.65883	-1.48553	-1.32868	-1.22993	-1.21271	-1.28087	-1.4174	-1.58986	-1.74757	-1.80522	-1.73109	-1.5012	-1.12563	-0.637982	-0.0799255	0.482552	1.00114	1.42818	1.71236	1.85288	1.82156	1.64775	1.37953	1.02591	0.643359	0.331325	0.139744	0.0487074	0.0142105	0.00351633	0.000747017	0.000137739	2.22552e-05	3.17763e-06	4.0391e-07	4.60056e-08	4.72281e-09	4.39236e-10	3.71808e-11	2.87657e-12	2.04179e-13	1.33419e-14	8.05115e-16	4.49966e-17	2.33522e-18	1.12813e-19	5.08454e-21	2.14243e-22	8.45602e-24	3.13191e-25	1.09035e-26	3.57371e-28	1.10434e-29	3.22192e-31	8.88616e-33	2.31968e-34	5.73788e-36	1.34632e-37	2.99959e-39	6.35187e-41	1.27956e-42	2.45419e-44	4.4853e-46	7.81702e-48	1.30008e-49	2.06475e-51	3.13342e-53	4.54655e-55	6.31116e-57	8.38561e-59	1.06704e-60	1.30094e-62	1.52023e-64	0	
0	1.31638e-05	8.60809e-05	0.000486187	0.00238782	0.0100913	0.0362553	0.109274	0.272644	0.557279	0.932493	1.30386	1.59707	1.79431	1.85666	1.74749	1.48368	1.06895	0.549567	-0.0276463	-0.600054	-1.11148	-1.50287	-1.74004	-1.79618	-1.69567	-1.48553	-1.22701	-1.04927	-0.987253	-0.980624	-1.01279	-1.14098	-1.38074	-1.6234	-1.77072	-1.78578	-1.61665	-1.2858	-0.814547	-0.260606	0.322567	0.870289	1.33564	1.65638	1.83547	1.83982	1.68677	1.43242	1.08794	0.700639	0.371332	0.161191	0.0577808	0.0173207	0.00439948	0.000958564	0.000181128	2.99699e-05	4.37928e-06	5.69342e-07	6.62908e-08	6.95309e-09	6.60401e-10	5.7065e-11	4.50496e-12	3.26155e-13	2.17306e-14	1.33662e-15	7.61178e-17	4.02404e-18	1.9797e-19	9.08406e-21	3.89598e-22	1.56479e-23	5.89637e-25	2.08803e-26	6.95986e-28	2.18684e-29	6.48615e-31	1.81835e-32	4.82411e-34	1.21257e-35	2.8908e-37	6.54321e-39	1.40749e-40	2.87989e-42	5.60992e-44	1.04121e-45	1.84269e-47	3.11185e-49	5.018e-51	7.73165e-53	1.13897e-54	1.60508e-56	2.16506e-58	2.79676e-60	3.46152e-62	4.10631e-64	0	
0	1.61393e-05	0.000104052	0.000578736	0.00279671	0.0116185	0.0409909	0.121199	0.296411	0.593798	0.97515	1.34281	1.62655	1.80951	1.85129	1.71718	1.42279	0.984099	0.443337	-0.151282	-0.722938	-1.22544	-1.57916	-1.77167	-1.75939	-1.58942	-1.32868	-1.04927	-0.899601	-0.886291	-0.892452	-0.884069	-0.967718	-1.21189	-1.49422	-1.70381	-1.79386	-1.67514	-1.38891	-0.934227	-0.38874	0.211673	0.772703	1.26747	1.61592	1.81753	1.8479	1.71201	1.46767	1.13013	0.740955	0.400471	0.1773	0.0647871	0.0197849	0.00511653	0.00113441	0.000218025	3.66777e-05	5.44693e-06	7.19452e-07	8.50783e-08	9.06031e-09	8.73455e-10	7.6585e-11	6.13313e-12	4.50312e-13	3.04191e-14	1.8965e-15	1.09445e-16	5.86179e-18	2.92097e-19	1.35729e-20	5.89361e-22	2.39609e-23	9.13755e-25	3.27415e-26	1.10408e-27	3.50897e-29	1.05255e-30	2.98372e-32	8.00308e-34	2.0335e-35	4.89996e-37	1.12085e-38	2.43629e-40	5.0366e-42	9.91161e-44	1.85826e-45	3.32169e-47	5.66525e-49	9.22544e-51	1.43531e-52	2.13484e-54	3.03739e-56	4.13608e-58	5.39338e-60	6.73797e-62	8.06756e-64	0	
0	1.80209e-05	0.000115286	0.000635869	0.00304571	0.0125348	0.0437859	0.128112	0.309925	0.614145	0.998429	1.36363	1.64201	1.81717	1.84677	1.69756	1.38899	0.936341	0.381592	-0.215569	-0.792572	-1.28075	-1.62088	-1.7714	-1.72917	-1.5045	-1.22993	-0.987253	-0.886291	-0.954655	-0.984354	-0.903608	-0.921725	-1.12524	-1.39369	-1.65352	-1.7812	-1.70076	-1.44118	-0.998412	-0.455898	0.148091	0.720981	1.22657	1.59126	1.80701	1.85101	1.72489	1.48645	1.15299	0.763229	0.416912	0.186567	0.0688893	0.0212512	0.00554972	0.00124221	0.000240973	4.09086e-05	6.12971e-06	8.16763e-07	9.74201e-08	1.04626e-08	1.01702e-09	8.98994e-11	7.25678e-12	5.36968e-13	3.65491e-14	2.29564e-15	1.33441e-16	7.19768e-18	3.61144e-19	1.68944e-20	7.38402e-22	3.02123e-23	1.15934e-24	4.17934e-26	1.41766e-27	4.53155e-29	1.36692e-30	3.89607e-32	1.0506e-33	2.68334e-35	6.49858e-37	1.49387e-38	3.26275e-40	6.77686e-42	1.33975e-43	2.52305e-45	4.52973e-47	7.75857e-49	1.26869e-50	1.9819e-52	2.95955e-54	4.22714e-56	5.7781e-58	7.56257e-60	9.48236e-62	1.13939e-63	0	
0	1.83557e-05	0.000117273	0.000645909	0.00308919	0.0126938	0.0442674	0.129295	0.312218	0.617565	1.00229	1.36706	1.64465	1.81855	1.8455	1.69337	1.38405	0.929058	0.370807	-0.225065	-0.80422	-1.28809	-1.62878	-1.76972	-1.72468	-1.48743	-1.21271	-0.980624	-0.892452	-0.984354	-1.01941	-0.916691	-0.91943	-1.11331	-1.37428	-1.64598	-1.77856	-1.70527	-1.44976	-1.00818	-0.466839	0.136508	0.71244	1.21789	1.58701	1.80616	1.85153	1.72678	1.48952	1.15682	0.766966	0.419684	0.188139	0.0695895	0.0215029	0.00562447	0.00126091	0.000244974	4.16503e-05	6.25006e-06	8.34012e-07	9.96201e-08	1.07139e-08	1.0429e-09	9.23121e-11	7.46146e-12	5.52832e-13	3.76767e-14	2.36939e-15	1.37894e-16	7.44658e-18	3.74058e-19	1.75178e-20	7.66469e-22	3.13933e-23	1.20587e-24	4.35132e-26	1.47739e-27	4.72679e-29	1.42707e-30	4.071e-32	1.09868e-33	2.80839e-35	6.80673e-37	1.56589e-38	3.42252e-40	7.11372e-42	1.40731e-43	2.65203e-45	4.76434e-47	8.1655e-49	1.33604e-50	2.08832e-52	3.12025e-54	4.45912e-56	6.09846e-58	7.98602e-60	1.00183e-61	1.20439e-63	0	
0	1.70602e-05	0.000109554	0.000606754	0.00291902	0.0120696	0.0423706	0.124622	0.303126	0.603941	0.986781	1.35323	1.63433	1.81346	1.84932	1.70763	1.40542	0.9601	0.413049	-0.183584	-0.755734	-1.25422	-1.60107	-1.77492	-1.74621	-1.55077	-1.28087	-1.01279	-0.884069	-0.903608	-0.916691	-0.879977	-0.939259	-1.16787	-1.4483	-1.68048	-1.79046	-1.68967	-1.41616	-0.965291	-0.42153	0.180712	0.746012	1.24756	1.60418	1.81217	1.84944	1.71857	1.47716	1.1416	0.752067	0.408628	0.181874	0.0668026	0.0205023	0.00532765	0.00118676	0.000229131	3.87187e-05	5.77532e-06	7.66122e-07	9.09817e-08	9.72939e-09	9.41799e-10	8.29093e-11	6.66578e-12	4.91313e-13	3.33144e-14	2.08471e-15	1.20743e-16	6.4899e-18	3.2452e-19	1.51307e-20	6.59186e-22	2.68867e-23	1.02858e-24	3.69703e-26	1.25046e-27	3.98596e-29	1.19909e-30	3.40872e-32	9.16834e-34	2.33588e-35	5.64346e-37	1.29426e-38	2.82034e-40	5.84496e-42	1.15303e-43	2.16685e-45	3.8823e-47	6.63643e-49	1.0831e-50	1.68878e-52	2.51721e-54	3.58891e-56	4.89714e-58	6.39864e-60	8.00963e-62	9.60873e-64	0	
0	1.44525e-05	9.38876e-05	0.000526534	0.00256681	0.010763	0.0383497	0.114582	0.283297	0.573763	0.951861	1.32163	1.61069	1.80165	1.85452	1.73391	1.45653	1.03093	0.501992	-0.0824142	-0.655507	-1.16636	-1.53898	-1.75811	-1.78277	-1.6523	-1.4174	-1.14098	-0.967718	-0.921725	-0.91943	-0.939259	-1.05264	-1.30355	-1.5711	-1.74324	-1.79377	-1.64497	-1.33555	-0.870072	-0.317801	0.273644	0.826474	1.30488	1.63816	1.82786	1.84402	1.6985	1.44861	1.1072	0.718874	0.384387	0.168345	0.0608671	0.0183981	0.00471081	0.00103441	0.00019694	3.28268e-05	4.8313e-06	6.32531e-07	7.41555e-08	7.83047e-09	7.48651e-10	6.51101e-11	5.17277e-12	3.76844e-13	2.5262e-14	1.5632e-15	8.95493e-17	4.76175e-18	2.3561e-19	1.08725e-20	4.68905e-22	1.8937e-23	7.17456e-25	2.55432e-26	8.55932e-28	2.70352e-29	8.0603e-31	2.27127e-32	6.05644e-34	1.53001e-35	3.66585e-37	8.33873e-39	1.80256e-40	3.70632e-42	7.2549e-44	1.35303e-45	2.40607e-47	4.08269e-49	6.6149e-51	1.02405e-52	1.51568e-54	2.14602e-56	2.90832e-58	3.77449e-60	4.69348e-62	5.59372e-64	0	
0	1.11321e-05	7.36334e-05	0.000421068	0.00209525	0.00897851	0.0327361	0.10022	0.254174	0.528205	0.897738	1.2714	1.57156	1.77995	1.85973	1.76966	1.52789	1.13551	0.635049	0.0722572	-0.501536	-1.01651	-1.42797	-1.69783	-1.79962	-1.75694	-1.58986	-1.38074	-1.21189	-1.12524	-1.11331	-1.16787	-1.30355	-1.50807	-1.70123	-1.79874	-1.75836	-1.55495	-1.1953	-0.718326	-0.158994	0.413713	0.94603	1.38871	1.6883	1.84646	1.83048	1.66523	1.40297	1.05316	0.668193	0.34844	0.148807	0.0524975	0.0154957	0.00387753	0.000832686	0.000155143	2.5321e-05	3.65086e-06	4.68486e-07	5.38559e-08	5.57866e-09	5.23408e-10	4.46872e-11	3.48642e-12	2.49504e-13	1.64351e-14	9.99618e-16	5.63002e-17	2.94409e-18	1.4329e-19	6.50558e-21	2.761e-22	1.09749e-23	4.09325e-25	1.43485e-26	4.73472e-28	1.4729e-29	4.32552e-31	1.20076e-32	3.15463e-34	7.85264e-36	1.85407e-37	4.15639e-39	8.85535e-41	1.79467e-42	3.46276e-44	6.36607e-46	1.11599e-47	1.86682e-49	2.98189e-51	4.55104e-53	6.64082e-55	9.26991e-57	1.23853e-58	1.58468e-60	1.94263e-62	2.28242e-64	0	
0	7.76715e-06	5.26485e-05	0.000309118	0.0015815	0.00697868	0.026247	0.0830377	0.217987	0.469257	0.82492	1.20169	1.51495	1.74362	1.85912	1.80964	1.61032	1.26907	0.804704	0.273156	-0.28522	-0.805041	-1.25183	-1.57596	-1.76046	-1.81271	-1.74757	-1.6234	-1.49422	-1.39369	-1.37428	-1.4483	-1.5711	-1.70123	-1.79864	-1.79609	-1.66672	-1.39748	-0.995476	-0.499607	0.0491553	0.59854	1.09468	1.49096	1.74746	1.86041	1.80504	1.6168	1.33838	0.979098	0.601647	0.303148	0.125088	0.0426765	0.0121963	0.00295835	0.000616502	0.000111578	1.77058e-05	2.48412e-06	3.10412e-07	3.47723e-08	3.51201e-09	3.21469e-10	2.67905e-11	2.04121e-12	1.42721e-13	9.18899e-15	5.46487e-16	3.01068e-17	1.5405e-18	7.33868e-20	3.26217e-21	1.35589e-22	5.27971e-24	1.92946e-25	6.62866e-27	2.14417e-28	6.53984e-30	1.8834e-31	5.12795e-33	1.32157e-34	3.22759e-36	7.47765e-38	1.64509e-39	3.44005e-41	6.84344e-43	1.29625e-44	2.33964e-46	4.02706e-48	6.61471e-50	1.03755e-51	1.55512e-53	2.22859e-55	3.05533e-57	4.0094e-59	5.03866e-61	6.06698e-63	7.00159e-65	0	
0	4.88533e-06	3.41484e-05	0.00020725	0.00109794	0.00502651	0.0196558	0.0648037	0.177669	0.399975	0.734569	1.11142	1.43946	1.68878	1.84251	1.84589	1.69887	1.41526	1.00286	0.516547	-0.0167303	-0.534063	-1.00206	-1.36915	-1.63096	-1.76883	-1.80522	-1.77072	-1.70381	-1.65352	-1.64598	-1.68048	-1.74324	-1.79874	-1.79609	-1.69875	-1.48943	-1.16065	-0.730562	-0.227905	0.306416	0.814797	1.26377	1.60206	1.80268	1.8631	1.76438	1.5498	1.25251	0.885447	0.522005	0.251695	0.0994048	0.0325039	0.00891788	0.00208023	0.000417556	7.28966e-05	1.11728e-05	1.51584e-06	1.83365e-07	1.99036e-08	1.94967e-09	1.73222e-10	1.40226e-11	1.03852e-12	7.0628e-14	4.42561e-15	2.56296e-16	1.37564e-17	6.86099e-19	3.18732e-20	1.38222e-21	5.607e-23	2.13162e-24	7.60815e-26	2.55362e-27	8.07251e-29	2.40691e-30	6.77794e-32	1.80497e-33	4.55085e-35	1.08755e-36	2.46605e-38	5.31098e-40	1.08737e-41	2.11831e-43	3.92985e-45	6.94824e-47	1.17168e-48	1.88576e-50	2.8986e-52	4.25787e-54	5.98072e-56	8.03738e-58	1.03396e-59	1.27391e-61	1.50392e-63	1.70177e-65	0	
0	2.75429e-06	1.99723e-05	0.0001261	0.000696445	0.00333182	0.0136506	0.0472869	0.136597	0.324674	0.629376	0.999653	1.34243	1.61339	1.80457	1.86525	1.7779	1.56399	1.21726	0.784257	0.292751	-0.203174	-0.672417	-1.07533	-1.39083	-1.60677	-1.73109	-1.78578	-1.79386	-1.7812	-1.77856	-1.79046	-1.79377	-1.75836	-1.66672	-1.48943	-1.21215	-0.84476	-0.394989	0.091374	0.592285	1.05219	1.43851	1.70807	1.84698	1.84736	1.70192	1.46039	1.14414	0.774082	0.433293	0.19791	0.0741024	0.0230184	0.0060137	0.00133889	0.000257065	4.30117e-05	6.3294e-06	8.25788e-07	9.62004e-08	1.00694e-08	9.52273e-10	8.17718e-11	6.40416e-12	4.59284e-13	3.02719e-14	1.83981e-15	1.03417e-16	5.39133e-18	2.61332e-19	1.18059e-20	4.98145e-22	1.96713e-23	7.28358e-25	2.53303e-26	8.28756e-28	2.5548e-29	7.43101e-31	2.04209e-32	5.30855e-34	1.30695e-35	3.05074e-37	6.75862e-39	1.42247e-40	2.84681e-42	5.42227e-44	9.83705e-46	1.70116e-47	2.80634e-49	4.41923e-51	6.64735e-53	9.55678e-55	1.31398e-56	1.72869e-58	2.17732e-60	2.62672e-62	3.03665e-64	3.36514e-66	0	
0	1.38347e-06	1.04636e-05	6.91316e-05	0.000400543	0.00201589	0.00871627	0.0319744	0.0981549	0.248662	0.51419	0.867377	1.22127	1.51363	1.73873	1.85978	1.83884	1.6966	1.42736	1.06154	0.632209	0.169553	-0.286586	-0.69589	-1.04616	-1.3107	-1.5012	-1.61665	-1.67514	-1.70076	-1.70527	-1.68967	-1.64497	-1.55495	-1.39748	-1.16065	-0.84476	-0.456673	-0.0153851	0.44815	0.897819	1.28902	1.60507	1.79677	1.86718	1.80335	1.6132	1.34646	1.01324	0.648608	0.340848	0.145961	0.0513303	0.0150202	0.00370841	0.000782645	0.000142841	2.27761e-05	3.20127e-06	3.99738e-07	4.46499e-08	4.48847e-09	4.08274e-10	3.37656e-11	2.55006e-12	1.76553e-13	1.12457e-14	6.61131e-16	3.59796e-17	1.81746e-18	8.54263e-20	3.74483e-21	1.53428e-22	5.8866e-24	2.11886e-25	7.16728e-27	2.28197e-28	6.84876e-30	1.94027e-31	5.19544e-33	1.31651e-34	3.16054e-36	7.1962e-38	1.55557e-39	3.19546e-41	6.24347e-43	1.16128e-44	2.05783e-46	3.47678e-48	5.60462e-50	8.62602e-52	1.26837e-53	1.78285e-55	2.39696e-57	3.08402e-59	3.79931e-61	4.48362e-63	5.07089e-65	5.49805e-67	0	
