0	0	0	0	0	0	0	0	0	0	0	0	0	0	0	0	0	0	0	0	0	0	0	0	0	0	0	0	0	0	0	0	0	0	0	0	0	0	0	0	0	0	0	0	0	0	0	0	0	0	0	0	0	0	0	0	0	0	0	0	0	0	0	0	0	0	0	0	0	0	0	0	0	0	0	0	0	0	0	0	0	0	0	0	0	0	0	0	0	0	0	0	0	0	0	0	0	0	0	0	
0	0.0400442	0.0702745	0.0982347	0.14029	0.204103	0.277888	0.342842	0.383405	0.398781	0.394252	0.376321	0.346792	0.306972	0.260969	0.209414	0.151378	0.084707	0.0181769	-0.0352473	-0.0618535	-0.0622356	-0.0523187	-0.0491382	-0.0594591	-0.0792666	-0.0990134	-0.110539	-0.111601	-0.106309	-0.0980226	-0.087636	-0.06758	-0.0351963	0.000276299	0.0252365	0.0301668	0.0126119	-0.0183108	-0.04367	-0.051172	-0.038843	-0.0165787	0.00420782	0.0220459	0.0411064	0.0638429	0.0911312	0.118322	0.144835	0.170312	0.187225	0.187742	0.169095	0.138597	0.108732	0.0895777	0.0814945	0.0752374	0.06083	0.041848	0.0228158	0.00563668	-0.0156664	-0.0466857	-0.0854753	-0.129018	-0.170453	-0.205817	-0.235457	-0.253004	-0.257659	-0.251124	-0.234682	-0.210524	-0.175232	-0.130411	-0.0826032	-0.0395988	-0.00739268	0.0128214	0.0288849	0.04546	0.0609213	0.0727213	0.0786369	0.0795503	0.0787039	0.0794252	0.078313	0.0735311	0.0632276	0.0466073	0.02939	0.0165032	0.0092094	0.00685451	0.00656414	0.00371386	0	
0	0.0702745	0.132899	0.199828	0.287992	0.404261	0.5316	0.645384	0.720212	0.748822	0.738075	0.700816	0.644267	0.569244	0.479267	0.377386	0.2661	0.148462	0.0353687	-0.0563126	-0.108512	-0.11857	-0.107585	-0.100879	-0.112503	-0.141947	-0.177685	-0.202983	-0.208372	-0.19687	-0.175504	-0.152747	-0.119932	-0.0728939	-0.0249936	0.00801561	0.0132153	-0.0141477	-0.0623023	-0.105526	-0.119849	-0.100198	-0.0564323	-0.00743876	0.0407042	0.0876455	0.136144	0.184831	0.234427	0.282576	0.329251	0.360074	0.362766	0.333185	0.281382	0.221971	0.171372	0.138102	0.110479	0.0782028	0.046987	0.0173515	-0.0119562	-0.0486339	-0.0996597	-0.16483	-0.239665	-0.312112	-0.372393	-0.421323	-0.451736	-0.46305	-0.456704	-0.428159	-0.383124	-0.321077	-0.248889	-0.176975	-0.109694	-0.0535067	-0.00688299	0.0352558	0.071055	0.10322	0.129402	0.146772	0.153574	0.150179	0.144204	0.134191	0.124319	0.11404	0.0999594	0.0841428	0.0656608	0.0466401	0.0296349	0.0170308	0.00702784	0	
0	0.0982347	0.199828	0.317249	0.456453	0.613829	0.771557	0.911522	1.00649	1.0451	1.02885	0.974924	0.893118	0.784547	0.654139	0.506544	0.354097	0.201245	0.0620491	-0.0540461	-0.128261	-0.156767	-0.158391	-0.157384	-0.169185	-0.198612	-0.237751	-0.268789	-0.276227	-0.25952	-0.227022	-0.193693	-0.154671	-0.108635	-0.0698268	-0.0516523	-0.0586862	-0.0935961	-0.148144	-0.19375	-0.208963	-0.180049	-0.114486	-0.0320052	0.0561564	0.143053	0.223146	0.301366	0.373687	0.440982	0.499183	0.529856	0.523836	0.482606	0.416356	0.334075	0.248736	0.175185	0.117871	0.0665686	0.0228443	-0.0199889	-0.0624859	-0.111282	-0.173009	-0.246207	-0.332398	-0.416327	-0.485295	-0.543575	-0.582501	-0.603058	-0.601439	-0.570663	-0.518601	-0.447926	-0.369669	-0.290086	-0.207439	-0.125301	-0.0537796	0.0104764	0.0677856	0.116136	0.157481	0.18883	0.204887	0.204309	0.195285	0.179755	0.169028	0.166066	0.161495	0.152217	0.134047	0.105037	0.0722215	0.0438327	0.0182791	0	
0	0.14029	0.287992	0.456453	0.643104	0.834642	1.00927	1.155	1.253	1.29372	1.27671	1.21202	1.10762	0.967036	0.801248	0.622021	0.44132	0.267157	0.110477	-0.0191989	-0.108798	-0.1567	-0.182861	-0.204005	-0.225936	-0.25038	-0.277452	-0.29786	-0.301039	-0.284729	-0.251342	-0.216825	-0.178086	-0.139796	-0.123197	-0.134026	-0.165121	-0.210166	-0.259222	-0.293481	-0.292203	-0.246514	-0.157538	-0.0439111	0.0831593	0.210603	0.332138	0.443005	0.54323	0.623936	0.681089	0.697931	0.673366	0.615645	0.534684	0.430693	0.314544	0.209521	0.118607	0.0384335	-0.0246112	-0.0810128	-0.136287	-0.196709	-0.265757	-0.341748	-0.422914	-0.496113	-0.55468	-0.611462	-0.65756	-0.688107	-0.697326	-0.673127	-0.62862	-0.565276	-0.488502	-0.403523	-0.30794	-0.212709	-0.124215	-0.0414067	0.0296851	0.0955646	0.154035	0.199157	0.22493	0.22979	0.22899	0.22325	0.223277	0.228614	0.229573	0.224851	0.207912	0.178646	0.139916	0.0966878	0.048333	0	
0	0.204103	0.404261	0.613829	0.834642	1.05194	1.23676	1.37831	1.46418	1.49726	1.47592	1.40448	1.28296	1.11671	0.926265	0.725437	0.530376	0.343876	0.182371	0.0492107	-0.045426	-0.109094	-0.16221	-0.212123	-0.248762	-0.268371	-0.278508	-0.284234	-0.283828	-0.273795	-0.250856	-0.226924	-0.200134	-0.180618	-0.190741	-0.231359	-0.280308	-0.323689	-0.357876	-0.366484	-0.343064	-0.275826	-0.165903	-0.0271194	0.132193	0.299673	0.45824	0.603635	0.719658	0.8012	0.847496	0.847748	0.806388	0.732398	0.633507	0.507877	0.365074	0.227346	0.106278	-0.0054727	-0.0970964	-0.173885	-0.23707	-0.299326	-0.369166	-0.438506	-0.507484	-0.564623	-0.609182	-0.659361	-0.701966	-0.73111	-0.74054	-0.725324	-0.697111	-0.647798	-0.579141	-0.495396	-0.398278	-0.300712	-0.215891	-0.131966	-0.045295	0.0383208	0.112763	0.169735	0.204748	0.223057	0.240914	0.256623	0.27733	0.299999	0.311265	0.310788	0.296584	0.264559	0.216671	0.156937	0.080299	0	
0	0.277888	0.5316	0.771557	1.00927	1.23676	1.4254	1.56009	1.63131	1.64652	1.61293	1.53384	1.40543	1.22851	1.02245	0.808015	0.6036	0.418607	0.26274	0.135305	0.0372741	-0.0386134	-0.111755	-0.180791	-0.228196	-0.24652	-0.249117	-0.247187	-0.243742	-0.238058	-0.225867	-0.221964	-0.223413	-0.235954	-0.278163	-0.339454	-0.391788	-0.423307	-0.434346	-0.420339	-0.372162	-0.283827	-0.152591	0.00911717	0.197118	0.397034	0.590056	0.75351	0.873264	0.942566	0.974163	0.964714	0.915387	0.828651	0.709227	0.557689	0.389465	0.230942	0.0794013	-0.0682029	-0.18923	-0.280501	-0.3467	-0.405413	-0.467167	-0.528473	-0.586429	-0.628757	-0.655511	-0.68887	-0.716863	-0.737703	-0.750889	-0.742964	-0.72217	-0.679301	-0.616352	-0.544707	-0.466813	-0.39165	-0.318012	-0.234414	-0.147153	-0.0554189	0.0310666	0.102893	0.155527	0.19012	0.226838	0.263228	0.307756	0.355164	0.388403	0.403095	0.390196	0.348671	0.282334	0.199372	0.101786	0	
0	0.342842	0.645384	0.911522	1.155	1.37831	1.56009	1.68846	1.74575	1.74092	1.68772	1.60011	1.47181	1.29326	1.08023	0.856177	0.652809	0.476762	0.334131	0.211089	0.112014	0.03224	-0.0427592	-0.115661	-0.168926	-0.194702	-0.201971	-0.198619	-0.190653	-0.18383	-0.183929	-0.20848	-0.248815	-0.300198	-0.36859	-0.440876	-0.489498	-0.507603	-0.505045	-0.470842	-0.401576	-0.288063	-0.133216	0.0505116	0.261197	0.487528	0.70069	0.87851	0.994451	1.05125	1.06878	1.04745	0.987314	0.885993	0.749525	0.581824	0.398701	0.220985	0.0502901	-0.12337	-0.273976	-0.391587	-0.469009	-0.522145	-0.568314	-0.608346	-0.649246	-0.678104	-0.688105	-0.698687	-0.705891	-0.71579	-0.725309	-0.720224	-0.703612	-0.665302	-0.615184	-0.563788	-0.505981	-0.447305	-0.394431	-0.332469	-0.258975	-0.175991	-0.0881608	-0.00348792	0.068052	0.125332	0.184694	0.244049	0.312278	0.383702	0.437346	0.462752	0.451506	0.400509	0.31884	0.222078	0.110897	0	
0	0.383405	0.720212	1.00649	1.253	1.46418	1.63131	1.74575	1.78972	1.76767	1.70077	1.60715	1.47956	1.30353	1.09222	0.875371	0.683569	0.522519	0.388247	0.27005	0.175342	0.107675	0.0452073	-0.0218708	-0.0822913	-0.121047	-0.137804	-0.133939	-0.118853	-0.111909	-0.128412	-0.186946	-0.269188	-0.354389	-0.443082	-0.521625	-0.568847	-0.584195	-0.572815	-0.52385	-0.427161	-0.282635	-0.0994858	0.105147	0.329792	0.563093	0.780215	0.952021	1.06065	1.10828	1.11721	1.08689	1.01403	0.901684	0.758499	0.586548	0.396559	0.209899	0.0198858	-0.17731	-0.353049	-0.491291	-0.58243	-0.636575	-0.667866	-0.68727	-0.704878	-0.706618	-0.686746	-0.673515	-0.664555	-0.666177	-0.673332	-0.664416	-0.647573	-0.619865	-0.585842	-0.552034	-0.514348	-0.478875	-0.449233	-0.411966	-0.365055	-0.298698	-0.216463	-0.129298	-0.0479062	0.0227839	0.100301	0.180824	0.27162	0.363903	0.4338	0.471663	0.467916	0.423012	0.343757	0.242548	0.123859	0	
0	0.398781	0.748822	1.0451	1.29372	1.49726	1.64652	1.74092	1.76767	1.73658	1.66609	1.57091	1.44327	1.27374	1.08022	0.886062	0.714844	0.564541	0.437477	0.326261	0.24646	0.195909	0.149444	0.0864407	0.0197377	-0.0313702	-0.0579977	-0.0561462	-0.0401873	-0.0375537	-0.0722584	-0.161492	-0.276754	-0.388659	-0.490212	-0.572906	-0.620688	-0.633306	-0.617134	-0.551982	-0.431341	-0.257079	-0.046092	0.178644	0.410085	0.635157	0.829049	0.978263	1.06922	1.10848	1.11163	1.07401	0.996553	0.883978	0.74646	0.58013	0.38901	0.190996	-0.010512	-0.222047	-0.41386	-0.569024	-0.670384	-0.72567	-0.751612	-0.75456	-0.744957	-0.715254	-0.669196	-0.636526	-0.616814	-0.606206	-0.595537	-0.577339	-0.565406	-0.55234	-0.537717	-0.523727	-0.504141	-0.49147	-0.49197	-0.483882	-0.456258	-0.402793	-0.331491	-0.252585	-0.177719	-0.108057	-0.0236278	0.0715985	0.17978	0.289415	0.377854	0.433529	0.448719	0.419633	0.350612	0.254407	0.131534	0	
0	0.394252	0.738075	1.02885	1.27671	1.47592	1.61293	1.68772	1.70077	1.66609	1.59897	1.50724	1.38749	1.23958	1.07913	0.917176	0.764529	0.623452	0.502512	0.402621	0.333046	0.291902	0.248303	0.185172	0.113149	0.0547626	0.0202712	0.0155038	0.026966	0.0235144	-0.0224609	-0.126506	-0.259886	-0.385659	-0.496046	-0.58189	-0.629061	-0.639659	-0.616676	-0.541111	-0.40303	-0.206487	0.0272901	0.268939	0.501182	0.706167	0.866223	0.977134	1.04011	1.06332	1.05816	1.01701	0.937381	0.830279	0.703022	0.546726	0.361316	0.166679	-0.037923	-0.25247	-0.446832	-0.599314	-0.700189	-0.762581	-0.796112	-0.79997	-0.777198	-0.724105	-0.654864	-0.608002	-0.574007	-0.547459	-0.524368	-0.498398	-0.484524	-0.476246	-0.471103	-0.473849	-0.483544	-0.502601	-0.527998	-0.537574	-0.524148	-0.484124	-0.425911	-0.362218	-0.300946	-0.240995	-0.163698	-0.0705287	0.0439833	0.169258	0.279203	0.358255	0.394266	0.383487	0.328347	0.240237	0.125587	0	
0	0.376321	0.700816	0.974924	1.21202	1.40448	1.53384	1.60011	1.60715	1.57091	1.50724	1.42645	1.33038	1.21957	1.0999	0.970664	0.838146	0.708039	0.595055	0.498745	0.430449	0.384092	0.335833	0.266499	0.19069	0.128607	0.0889215	0.0769298	0.0795182	0.0688952	0.0203284	-0.0823645	-0.21135	-0.336007	-0.446036	-0.53313	-0.58137	-0.590265	-0.563565	-0.48104	-0.332389	-0.122478	0.125228	0.374198	0.599436	0.779606	0.902818	0.976381	1.00581	0.999483	0.9683	0.910219	0.827939	0.724861	0.605674	0.462947	0.296978	0.122337	-0.0624354	-0.262862	-0.446271	-0.592041	-0.692013	-0.759741	-0.803451	-0.814303	-0.791703	-0.734975	-0.659461	-0.594063	-0.539688	-0.495699	-0.461146	-0.43165	-0.413685	-0.402203	-0.401793	-0.42117	-0.451811	-0.493669	-0.540171	-0.569158	-0.574052	-0.550622	-0.510984	-0.463427	-0.417626	-0.374284	-0.308679	-0.218342	-0.100553	0.033186	0.157755	0.253872	0.307816	0.312847	0.272552	0.201875	0.105583	0	
0	0.346792	0.644267	0.893118	1.10762	1.28296	1.40543	1.47181	1.47956	1.44327	1.38749	1.33038	1.27202	1.20342	1.12362	1.02967	0.925964	0.814497	0.705044	0.603667	0.523964	0.468109	0.409261	0.332372	0.25057	0.185877	0.143379	0.123832	0.114923	0.0966884	0.0502667	-0.0343318	-0.141078	-0.246599	-0.347282	-0.432369	-0.481876	-0.490917	-0.461325	-0.372578	-0.215597	0.00366854	0.254387	0.496738	0.701875	0.853155	0.941904	0.975737	0.960325	0.908603	0.839313	0.757312	0.661832	0.558261	0.448783	0.326174	0.19075	0.0527398	-0.0982172	-0.268432	-0.432141	-0.566116	-0.663437	-0.735253	-0.783151	-0.800101	-0.785795	-0.73458	-0.651468	-0.568797	-0.494638	-0.440362	-0.404783	-0.374841	-0.354674	-0.342678	-0.346507	-0.372343	-0.414962	-0.470515	-0.533934	-0.584383	-0.610077	-0.608212	-0.586665	-0.558822	-0.53256	-0.501508	-0.446433	-0.361926	-0.243026	-0.102213	0.0329787	0.139875	0.205665	0.227074	0.206519	0.155933	0.0828058	0	
0	0.306972	0.569244	0.784547	0.967036	1.11671	1.22851	1.29326	1.30353	1.27374	1.23958	1.21957	1.20342	1.17439	1.13115	1.07683	1.00936	0.921332	0.816489	0.704729	0.610069	0.536939	0.464993	0.37636	0.286431	0.215467	0.166678	0.136866	0.116049	0.0915386	0.0561574	0.000102048	-0.0681023	-0.142151	-0.22233	-0.298296	-0.344452	-0.352035	-0.317411	-0.222846	-0.0577688	0.163821	0.407039	0.629248	0.805062	0.919392	0.96786	0.954781	0.886693	0.780627	0.664168	0.552983	0.448467	0.346968	0.249257	0.153079	0.0557237	-0.0399889	-0.147212	-0.27886	-0.414868	-0.534936	-0.627303	-0.693533	-0.735869	-0.752803	-0.742114	-0.692127	-0.607567	-0.516754	-0.439482	-0.384132	-0.346788	-0.319485	-0.305841	-0.306449	-0.319428	-0.347876	-0.390215	-0.451415	-0.526272	-0.592882	-0.637448	-0.652046	-0.649375	-0.638369	-0.627271	-0.614355	-0.57195	-0.491027	-0.372034	-0.228768	-0.0880892	0.0286622	0.10879	0.146339	0.144317	0.114428	0.0622732	0	
0	0.260969	0.479267	0.654139	0.801248	0.926265	1.02245	1.08023	1.09222	1.08022	1.07913	1.0999	1.12362	1.13115	1.12415	1.10477	1.06882	1.00514	0.912111	0.799308	0.689299	0.595994	0.504223	0.400762	0.297545	0.214665	0.155207	0.115157	0.0854679	0.0620828	0.0418826	0.0205919	-0.00603384	-0.0416658	-0.0931075	-0.148542	-0.182001	-0.178997	-0.135023	-0.0300372	0.140384	0.357895	0.580953	0.770788	0.905298	0.975171	0.972224	0.900582	0.771781	0.613565	0.459974	0.325287	0.208088	0.110235	0.0330999	-0.0313767	-0.0890143	-0.141481	-0.20472	-0.29438	-0.39979	-0.497961	-0.574246	-0.629715	-0.667264	-0.683268	-0.669434	-0.615637	-0.530524	-0.448333	-0.38364	-0.336531	-0.301424	-0.278316	-0.275017	-0.28505	-0.305104	-0.336668	-0.382255	-0.445926	-0.523883	-0.598244	-0.651716	-0.680298	-0.691028	-0.696886	-0.70494	-0.70339	-0.673153	-0.602763	-0.488953	-0.344885	-0.195553	-0.0664261	0.0290087	0.0857949	0.103088	0.0887415	0.05057	0	
0	0.209414	0.377386	0.506544	0.622021	0.725437	0.808015	0.856177	0.875371	0.886062	0.917176	0.970664	1.02967	1.07683	1.10477	1.11175	1.09567	1.05495	0.984078	0.88392	0.770562	0.659899	0.546026	0.419851	0.295584	0.194465	0.123366	0.076644	0.0478688	0.0327629	0.0319308	0.039625	0.0485412	0.0486071	0.0330235	0.0101724	0.00444477	0.0269485	0.0891797	0.204274	0.376064	0.578359	0.770959	0.919889	1.00756	1.02041	0.953584	0.814305	0.626152	0.423109	0.237469	0.0852353	-0.0355016	-0.124692	-0.182443	-0.213568	-0.229852	-0.239463	-0.261155	-0.31203	-0.383128	-0.451259	-0.505167	-0.548886	-0.584151	-0.601673	-0.585401	-0.529805	-0.456311	-0.392402	-0.345399	-0.308679	-0.280239	-0.262838	-0.25947	-0.270367	-0.292075	-0.326946	-0.37794	-0.445373	-0.523062	-0.59661	-0.652006	-0.686066	-0.710368	-0.733238	-0.757549	-0.775085	-0.759868	-0.696368	-0.585276	-0.438155	-0.280077	-0.134479	-0.0181438	0.056452	0.0877141	0.0820921	0.0485082	0	
0	0.151378	0.2661	0.354097	0.44132	0.530376	0.6036	0.652809	0.683569	0.714844	0.764529	0.838146	0.925964	1.00936	1.06882	1.09567	1.09437	1.07271	1.0265	0.95074	0.850516	0.735237	0.602082	0.450242	0.29964	0.17566	0.089837	0.0402748	0.0199223	0.0213003	0.0369578	0.0610072	0.0894402	0.117794	0.142132	0.166723	0.202861	0.259646	0.344937	0.470516	0.634671	0.81077	0.962865	1.06426	1.09787	1.04965	0.914149	0.70841	0.468354	0.231743	0.0283321	-0.134106	-0.255636	-0.334006	-0.369662	-0.372277	-0.351971	-0.322223	-0.304569	-0.317286	-0.352291	-0.386537	-0.417677	-0.454028	-0.494642	-0.52043	-0.513049	-0.473312	-0.420198	-0.37288	-0.339016	-0.314069	-0.293622	-0.277477	-0.266827	-0.264383	-0.277896	-0.310921	-0.363888	-0.435215	-0.51492	-0.589189	-0.642729	-0.679509	-0.711495	-0.748718	-0.791678	-0.82143	-0.816787	-0.760212	-0.648285	-0.49345	-0.320328	-0.15839	-0.0289987	0.0564965	0.0947233	0.0899685	0.053857	0	
0	0.084707	0.148462	0.201245	0.267157	0.343876	0.418607	0.476762	0.522519	0.564541	0.623452	0.708039	0.814497	0.921332	1.00514	1.05495	1.07271	1.07024	1.0466	1.00015	0.923112	0.815545	0.673283	0.503028	0.327371	0.174699	0.0687299	0.0138864	0.00483609	0.0231486	0.0499953	0.0803569	0.118275	0.170231	0.235437	0.309947	0.394935	0.488422	0.59934	0.730187	0.878793	1.02135	1.12931	1.18266	1.16504	1.05928	0.866887	0.610662	0.331663	0.0684756	-0.152747	-0.318607	-0.431551	-0.492892	-0.509667	-0.487385	-0.437238	-0.376165	-0.327373	-0.303917	-0.300511	-0.303592	-0.317753	-0.351911	-0.398991	-0.441673	-0.461471	-0.454922	-0.431519	-0.401855	-0.37699	-0.357262	-0.339077	-0.317645	-0.295146	-0.281485	-0.283561	-0.304665	-0.352545	-0.423836	-0.503169	-0.575587	-0.627374	-0.666012	-0.701603	-0.744158	-0.793278	-0.831477	-0.833154	-0.773215	-0.651345	-0.483026	-0.299637	-0.131326	0.00184161	0.0861005	0.121086	0.110205	0.0646633	0	
0	0.0181769	0.0353687	0.0620491	0.110477	0.182371	0.26274	0.334131	0.388247	0.437477	0.502512	0.595055	0.705044	0.816489	0.912111	0.984078	1.0265	1.0466	1.04658	1.0257	0.97362	0.882721	0.748656	0.574908	0.381863	0.204488	0.0789764	0.0161692	0.00909732	0.0316308	0.0627004	0.0960356	0.144574	0.216132	0.311447	0.424887	0.547316	0.672525	0.803003	0.934739	1.06662	1.1785	1.25041	1.2644	1.2052	1.05841	0.830148	0.544703	0.243015	-0.0404094	-0.273293	-0.442396	-0.544667	-0.589387	-0.588095	-0.548917	-0.479753	-0.399114	-0.323702	-0.266696	-0.23044	-0.209962	-0.217531	-0.254988	-0.316247	-0.3856	-0.443556	-0.475137	-0.481104	-0.468926	-0.454825	-0.439026	-0.415533	-0.385762	-0.353874	-0.327804	-0.314493	-0.319959	-0.354251	-0.414622	-0.486256	-0.558713	-0.614467	-0.653857	-0.685408	-0.721818	-0.766135	-0.796759	-0.786706	-0.713793	-0.578334	-0.400493	-0.212515	-0.0424366	0.0861352	0.161529	0.183967	0.1547	0.0881752	0	
0	-0.0352473	-0.0563126	-0.0540461	-0.0191989	0.0492107	0.135305	0.211089	0.27005	0.326261	0.402621	0.498745	0.603667	0.704729	0.799308	0.88392	0.95074	1.00015	1.0257	1.02979	1.00252	0.938686	0.824128	0.656667	0.458314	0.270074	0.135354	0.0613234	0.0414396	0.0565858	0.0862255	0.127982	0.188144	0.27324	0.383988	0.515881	0.657424	0.794532	0.927742	1.05125	1.16741	1.26386	1.31896	1.31216	1.22834	1.05925	0.817401	0.524246	0.213745	-0.0788686	-0.321255	-0.492434	-0.591524	-0.626662	-0.614704	-0.565841	-0.488345	-0.397272	-0.307238	-0.227532	-0.168123	-0.137138	-0.141966	-0.185195	-0.263344	-0.363438	-0.455625	-0.519528	-0.552708	-0.562742	-0.562288	-0.546717	-0.515871	-0.475231	-0.43373	-0.396009	-0.371018	-0.362558	-0.379873	-0.423969	-0.484087	-0.550379	-0.599746	-0.632107	-0.651841	-0.675391	-0.701148	-0.704317	-0.668995	-0.576605	-0.431318	-0.249896	-0.061252	0.106009	0.22879	0.289465	0.288474	0.228874	0.125353	0	
0	-0.0618535	-0.108512	-0.128261	-0.108798	-0.045426	0.0372741	0.112014	0.175342	0.24646	0.333046	0.430449	0.523964	0.610069	0.689299	0.770562	0.850516	0.923112	0.97362	1.00252	1.00674	0.973781	0.881539	0.728357	0.540203	0.360226	0.227261	0.145294	0.114776	0.119869	0.148972	0.19207	0.256861	0.344273	0.45562	0.588955	0.727059	0.853672	0.972536	1.07995	1.18814	1.2833	1.34013	1.32911	1.23803	1.06543	0.829064	0.545753	0.24402	-0.0474493	-0.290817	-0.467933	-0.569489	-0.605073	-0.591091	-0.539367	-0.460558	-0.37246	-0.282137	-0.20046	-0.140693	-0.106026	-0.110233	-0.157742	-0.252154	-0.376211	-0.495548	-0.582724	-0.64105	-0.67585	-0.688389	-0.674877	-0.638147	-0.586934	-0.529485	-0.478054	-0.441773	-0.421811	-0.427496	-0.457383	-0.501251	-0.54634	-0.569875	-0.578199	-0.580723	-0.583699	-0.581602	-0.557634	-0.498406	-0.391107	-0.235056	-0.0477649	0.139103	0.303806	0.415819	0.457131	0.429245	0.330409	0.179435	0	
0	-0.0622356	-0.11857	-0.156767	-0.1567	-0.109094	-0.0386134	0.03224	0.107675	0.195909	0.291902	0.384092	0.468109	0.536939	0.595994	0.659899	0.735237	0.815545	0.882721	0.938686	0.973781	0.968546	0.900405	0.772029	0.609355	0.446768	0.325794	0.252899	0.226065	0.231876	0.255607	0.293682	0.352386	0.431544	0.52933	0.642879	0.756606	0.857041	0.951946	1.04399	1.14526	1.24342	1.30649	1.30335	1.22497	1.07247	0.860051	0.598593	0.312838	0.0343507	-0.205765	-0.388259	-0.499842	-0.539707	-0.524731	-0.473821	-0.398281	-0.315689	-0.240948	-0.181087	-0.1372	-0.116105	-0.125465	-0.178349	-0.282326	-0.417173	-0.544688	-0.649018	-0.730846	-0.785635	-0.813019	-0.806981	-0.772062	-0.713442	-0.645562	-0.578125	-0.52683	-0.493481	-0.484086	-0.500035	-0.51877	-0.524703	-0.508934	-0.486213	-0.457939	-0.43478	-0.415576	-0.378339	-0.309149	-0.188814	-0.0195988	0.177545	0.368496	0.524198	0.619725	0.637084	0.57746	0.439596	0.236045	0	
0	-0.0523187	-0.107585	-0.158391	-0.182861	-0.16221	-0.111755	-0.0427592	0.0452073	0.149444	0.248303	0.335833	0.409261	0.464993	0.504223	0.546026	0.602082	0.673283	0.748656	0.824128	0.881539	0.900405	0.86325	0.774409	0.646972	0.514955	0.423933	0.377174	0.367066	0.374796	0.39598	0.42529	0.47158	0.529496	0.592958	0.666039	0.739694	0.806331	0.878011	0.954074	1.04635	1.14067	1.21009	1.22506	1.17597	1.0574	0.877674	0.645047	0.384628	0.124593	-0.10229	-0.283556	-0.400917	-0.450257	-0.443022	-0.393247	-0.316302	-0.240613	-0.183083	-0.149453	-0.13577	-0.135937	-0.163309	-0.228028	-0.332931	-0.459657	-0.586664	-0.698134	-0.793083	-0.866736	-0.908135	-0.917017	-0.89477	-0.840484	-0.766582	-0.687612	-0.617036	-0.561474	-0.533174	-0.520508	-0.503597	-0.474128	-0.425132	-0.368897	-0.309513	-0.263043	-0.232804	-0.194447	-0.121268	0.00425115	0.183165	0.388372	0.577722	0.730945	0.815049	0.809214	0.715988	0.533806	0.284277	0	
0	-0.0491382	-0.100879	-0.157384	-0.204005	-0.212123	-0.180791	-0.115661	-0.0218708	0.0864407	0.185172	0.266499	0.332372	0.37636	0.400762	0.419851	0.450242	0.503028	0.574908	0.656667	0.728357	0.772029	0.774409	0.732715	0.659774	0.584784	0.544967	0.532516	0.53747	0.552647	0.574107	0.593234	0.616467	0.637188	0.651628	0.669015	0.689243	0.712266	0.753254	0.812345	0.89344	0.984809	1.06424	1.10373	1.08956	1.00742	0.859713	0.657	0.42771	0.201584	-0.00198785	-0.175089	-0.295643	-0.352857	-0.354335	-0.313361	-0.241928	-0.171239	-0.129067	-0.118541	-0.122478	-0.145839	-0.192816	-0.264494	-0.362977	-0.478708	-0.598932	-0.716223	-0.823291	-0.908281	-0.966138	-0.990155	-0.977779	-0.927311	-0.853697	-0.764368	-0.678761	-0.606386	-0.548901	-0.503705	-0.455798	-0.399484	-0.329324	-0.25075	-0.171892	-0.117518	-0.0845836	-0.0382727	0.0433609	0.170321	0.342285	0.542036	0.734264	0.888981	0.969944	0.949174	0.829287	0.615429	0.32478	0	
0	-0.0594591	-0.112503	-0.169185	-0.225936	-0.248762	-0.228196	-0.168926	-0.0822913	0.0197377	0.113149	0.19069	0.25057	0.286431	0.297545	0.295584	0.29964	0.327371	0.381863	0.458314	0.540203	0.609355	0.646972	0.659774	0.663038	0.671169	0.694651	0.720315	0.750544	0.781802	0.804475	0.803706	0.791638	0.768308	0.726798	0.677743	0.626824	0.588584	0.58886	0.626065	0.696603	0.788608	0.883787	0.952279	0.973123	0.926903	0.814231	0.646801	0.451538	0.254382	0.0778668	-0.0751439	-0.188017	-0.249614	-0.261763	-0.233099	-0.176575	-0.122887	-0.0936428	-0.0887561	-0.0993231	-0.129706	-0.183992	-0.255877	-0.344755	-0.451039	-0.573573	-0.696765	-0.809849	-0.910497	-0.981182	-1.01485	-1.00932	-0.95995	-0.88282	-0.788519	-0.694315	-0.606369	-0.527243	-0.454972	-0.387334	-0.315884	-0.229446	-0.143732	-0.07178	-0.0242046	0.0132017	0.0667555	0.147969	0.267293	0.43773	0.637289	0.823979	0.975698	1.05334	1.02996	0.904649	0.674157	0.35804	0	
0	-0.0792666	-0.141947	-0.198612	-0.25038	-0.268371	-0.24652	-0.194702	-0.121047	-0.0313702	0.0547626	0.128607	0.185877	0.215467	0.214665	0.194465	0.17566	0.174699	0.204488	0.270074	0.360226	0.446768	0.514955	0.584784	0.671169	0.76262	0.851773	0.930488	1.00226	1.05493	1.0725	1.04379	0.991347	0.918452	0.815084	0.688977	0.559039	0.456936	0.414105	0.426266	0.482377	0.573608	0.68348	0.779319	0.835448	0.826427	0.749182	0.616688	0.452983	0.287347	0.138357	0.00759026	-0.0891845	-0.144829	-0.164701	-0.15601	-0.124012	-0.0878962	-0.0634685	-0.0529317	-0.0510962	-0.0768916	-0.12841	-0.193291	-0.276869	-0.38146	-0.500058	-0.618169	-0.731918	-0.839701	-0.925416	-0.976522	-0.986268	-0.9482	-0.875672	-0.778023	-0.674031	-0.571587	-0.474496	-0.392606	-0.318928	-0.236745	-0.148914	-0.0749111	-0.0166561	0.0260926	0.0594673	0.101827	0.176607	0.297727	0.468437	0.665283	0.849303	0.99709	1.07389	1.0505	0.925294	0.694746	0.369433	0	
0	-0.0990134	-0.177685	-0.237751	-0.277452	-0.278508	-0.249117	-0.201971	-0.137804	-0.0579977	0.0202712	0.0889215	0.143379	0.166678	0.155207	0.123366	0.089837	0.0687299	0.0789764	0.135354	0.227261	0.325794	0.423933	0.544967	0.694651	0.851773	1.00728	1.14947	1.26533	1.33627	1.3485	1.29296	1.1944	1.06182	0.887492	0.686397	0.49073	0.339823	0.259973	0.244828	0.285205	0.375224	0.497183	0.612688	0.690022	0.706612	0.662455	0.564497	0.431486	0.292887	0.172329	0.0678262	-0.014023	-0.0652564	-0.0878293	-0.0917609	-0.0782831	-0.0522735	-0.0255594	-0.00585148	0.00456331	-0.0103055	-0.0468818	-0.0969191	-0.166209	-0.256194	-0.360042	-0.465456	-0.573123	-0.687735	-0.787162	-0.858571	-0.895083	-0.881883	-0.829002	-0.742649	-0.638795	-0.531352	-0.430449	-0.344423	-0.264665	-0.182453	-0.108325	-0.0521278	-0.0059044	0.0259419	0.0438442	0.0752473	0.147826	0.268872	0.440823	0.639083	0.82564	0.977247	1.0579	1.03776	0.910722	0.678542	0.359581	0	
0	-0.110539	-0.202983	-0.268789	-0.29786	-0.284234	-0.247187	-0.198619	-0.133939	-0.0561462	0.0155038	0.0769298	0.123832	0.136866	0.115157	0.076644	0.0402748	0.0138864	0.0161692	0.0613234	0.145294	0.252899	0.377174	0.532516	0.720315	0.930488	1.14947	1.34776	1.50101	1.59374	1.60788	1.52622	1.37378	1.17351	0.92784	0.661556	0.415647	0.226485	0.115028	0.0822613	0.118738	0.217278	0.350186	0.471305	0.550088	0.57547	0.550759	0.482335	0.379243	0.269214	0.171942	0.0857961	0.0190996	-0.0204511	-0.0409099	-0.0509138	-0.0463503	-0.0244449	0.00639504	0.035037	0.0583354	0.0637888	0.0536721	0.0303687	-0.0141815	-0.0783459	-0.158059	-0.248771	-0.353295	-0.473064	-0.585278	-0.679454	-0.743672	-0.760407	-0.734381	-0.669088	-0.581255	-0.488839	-0.400345	-0.318662	-0.242441	-0.169069	-0.106776	-0.0612189	-0.0289836	-0.0183302	-0.0217187	-0.00164681	0.0698576	0.190314	0.360917	0.565911	0.76695	0.934249	1.02929	1.01791	0.896274	0.670584	0.3563	0	
0	-0.111601	-0.208372	-0.276227	-0.301039	-0.283828	-0.243742	-0.190653	-0.118853	-0.0401873	0.026966	0.0795182	0.114923	0.116049	0.0854679	0.0478688	0.0199223	0.00483609	0.00909732	0.0414396	0.114776	0.226065	0.367066	0.53747	0.750544	1.00226	1.26533	1.50101	1.68663	1.80311	1.81847	1.70934	1.51168	1.25552	0.95257	0.633864	0.345353	0.12221	-0.0119842	-0.0538608	-0.0118923	0.0980248	0.237189	0.352457	0.420827	0.444665	0.432686	0.382415	0.300534	0.212747	0.13612	0.0679717	0.0125632	-0.0227169	-0.0431506	-0.0589536	-0.0593891	-0.0312083	0.0117822	0.0543106	0.101045	0.139675	0.164083	0.174184	0.165623	0.135649	0.0796444	-0.000418645	-0.10391	-0.226464	-0.348484	-0.457356	-0.5407	-0.579854	-0.577902	-0.541094	-0.484745	-0.426134	-0.365145	-0.305052	-0.246966	-0.191053	-0.143526	-0.106475	-0.0896117	-0.0967903	-0.107899	-0.0915677	-0.0300326	0.0821031	0.256813	0.474202	0.690032	0.870778	0.980843	0.989054	0.886358	0.6723	0.360068	0	
0	-0.106309	-0.19687	-0.25952	-0.284729	-0.273795	-0.238058	-0.18383	-0.111909	-0.0375537	0.0235144	0.0688952	0.0966884	0.0915386	0.0620828	0.0327629	0.0213003	0.0231486	0.0316308	0.0565858	0.119869	0.231876	0.374796	0.552647	0.781802	1.05493	1.33627	1.59374	1.80311	1.93205	1.93807	1.81193	1.58651	1.29498	0.952837	0.597761	0.279911	0.0375209	-0.109712	-0.155933	-0.111668	0.0061813	0.146998	0.255567	0.312725	0.327357	0.308088	0.260679	0.190276	0.118272	0.0593425	0.00867155	-0.035839	-0.065452	-0.087659	-0.106388	-0.105906	-0.0713889	-0.0135424	0.0560886	0.134921	0.21079	0.273793	0.321245	0.352147	0.357725	0.324793	0.254	0.156167	0.0355013	-0.0894768	-0.205249	-0.297148	-0.351237	-0.37367	-0.369115	-0.35349	-0.337045	-0.313458	-0.284808	-0.258453	-0.227814	-0.192026	-0.169784	-0.168253	-0.180237	-0.192656	-0.184161	-0.134878	-0.0256762	0.151936	0.371973	0.597485	0.798662	0.934353	0.965686	0.879437	0.672647	0.36169	0	
0	-0.0980226	-0.175504	-0.227022	-0.251342	-0.250856	-0.225867	-0.183929	-0.128412	-0.0722584	-0.0224609	0.0203284	0.0502667	0.0561574	0.0418826	0.0319308	0.0369578	0.0499953	0.0627004	0.0862255	0.148972	0.255607	0.39598	0.574107	0.804475	1.0725	1.3485	1.60788	1.81847	1.93807	1.93542	1.80065	1.56299	1.25423	0.900578	0.538615	0.220039	-0.0211449	-0.169618	-0.222008	-0.178304	-0.0612018	0.0744717	0.175729	0.223246	0.222489	0.189409	0.132403	0.059788	-0.0071633	-0.0576259	-0.0974666	-0.127503	-0.143046	-0.150215	-0.1524	-0.137164	-0.0911848	-0.0216566	0.0635023	0.167477	0.274096	0.365973	0.448811	0.519024	0.556383	0.547166	0.500875	0.423148	0.317939	0.1976	0.0778244	-0.0269435	-0.105576	-0.157407	-0.193037	-0.219891	-0.240068	-0.249294	-0.251863	-0.246975	-0.231065	-0.216256	-0.217426	-0.234575	-0.255149	-0.275385	-0.277124	-0.226702	-0.111816	0.0641844	0.286948	0.525815	0.744484	0.89946	0.946992	0.868798	0.666286	0.360039	0	
0	-0.087636	-0.152747	-0.193693	-0.216825	-0.226924	-0.221964	-0.20848	-0.186946	-0.161492	-0.126506	-0.0823645	-0.0343318	0.000102048	0.0205919	0.039625	0.0610072	0.0803569	0.0960356	0.127982	0.19207	0.293682	0.42529	0.593234	0.803706	1.04379	1.29296	1.52622	1.70934	1.81193	1.80065	1.66398	1.42493	1.12725	0.795475	0.457921	0.16302	-0.0595953	-0.200129	-0.250703	-0.212303	-0.108705	0.0132622	0.10779	0.147893	0.136343	0.0892053	0.0161668	-0.0720956	-0.152533	-0.208879	-0.240278	-0.251383	-0.235336	-0.204133	-0.171128	-0.133355	-0.0749667	0.00627285	0.107788	0.222726	0.338511	0.447402	0.552334	0.647972	0.712191	0.737378	0.728585	0.68852	0.612207	0.501771	0.374009	0.245199	0.129271	0.0316835	-0.0447043	-0.10425	-0.148788	-0.176296	-0.192092	-0.197972	-0.198729	-0.203369	-0.224952	-0.257702	-0.296615	-0.33607	-0.341931	-0.288179	-0.168149	0.0139452	0.248033	0.499773	0.721426	0.876807	0.928001	0.852687	0.655093	0.357055	0	
0	-0.06758	-0.119932	-0.154671	-0.178086	-0.200134	-0.223413	-0.248815	-0.269188	-0.276754	-0.259886	-0.21135	-0.141078	-0.0681023	-0.00603384	0.0485412	0.0894402	0.118275	0.144574	0.188144	0.256861	0.352386	0.47158	0.616467	0.791638	0.991347	1.1944	1.37378	1.51168	1.58651	1.56299	1.42493	1.20577	0.94682	0.661252	0.369518	0.115681	-0.0738071	-0.187741	-0.227094	-0.19621	-0.112402	-0.00594703	0.0810074	0.116012	0.0949117	0.0297601	-0.0690768	-0.180571	-0.278193	-0.34099	-0.364404	-0.351063	-0.304235	-0.237841	-0.169655	-0.105389	-0.0323454	0.0607341	0.171293	0.288953	0.408523	0.521915	0.635701	0.740868	0.819542	0.871416	0.904049	0.90494	0.861207	0.769837	0.640885	0.491369	0.341597	0.211109	0.102694	0.0186708	-0.0404117	-0.0823164	-0.109238	-0.122992	-0.1378	-0.160547	-0.197459	-0.245788	-0.297695	-0.340947	-0.34767	-0.29583	-0.174798	0.0142594	0.256217	0.509923	0.73064	0.880478	0.925497	0.848953	0.65021	0.353502	0	
0	-0.0351963	-0.0728939	-0.108635	-0.139796	-0.180618	-0.235954	-0.300198	-0.354389	-0.388659	-0.385659	-0.336007	-0.246599	-0.142151	-0.0416658	0.0486071	0.117794	0.170231	0.216132	0.27324	0.344273	0.431544	0.529496	0.637188	0.768308	0.918452	1.06182	1.17351	1.25552	1.29498	1.25423	1.12725	0.94682	0.740555	0.513324	0.279255	0.0785151	-0.0631981	-0.136409	-0.155961	-0.125105	-0.0483823	0.0503233	0.128075	0.152293	0.113742	0.0221265	-0.104494	-0.238797	-0.351633	-0.419239	-0.434852	-0.407581	-0.335948	-0.237969	-0.143493	-0.0599811	0.0307109	0.135923	0.246717	0.355286	0.466292	0.583143	0.702268	0.811189	0.89714	0.963866	1.01221	1.03112	1.0132	0.945422	0.834508	0.694212	0.542139	0.395545	0.265578	0.158	0.076146	0.0200668	-0.012688	-0.030863	-0.0561017	-0.0901217	-0.134492	-0.187736	-0.246821	-0.290967	-0.292993	-0.243239	-0.123098	0.0651677	0.301364	0.550438	0.771229	0.921416	0.962307	0.880006	0.670734	0.360389	0	
0	0.000276299	-0.0249936	-0.0698268	-0.123197	-0.190741	-0.278163	-0.36859	-0.443082	-0.490212	-0.496046	-0.446036	-0.347282	-0.22233	-0.0931075	0.0330235	0.142132	0.235437	0.311447	0.383988	0.45562	0.52933	0.592958	0.651628	0.726798	0.815084	0.887492	0.92784	0.95257	0.952837	0.900578	0.795475	0.661252	0.513324	0.350893	0.186107	0.0510514	-0.0275026	-0.0481444	-0.0352252	0.0167187	0.100836	0.190613	0.249851	0.252534	0.186281	0.066694	-0.0841985	-0.237326	-0.36682	-0.44007	-0.455517	-0.417839	-0.32983	-0.213123	-0.0960202	0.0116872	0.117034	0.226236	0.330503	0.422383	0.523012	0.633577	0.747304	0.853104	0.941142	1.01179	1.06555	1.09571	1.09516	1.05039	0.962238	0.840366	0.699232	0.554476	0.416017	0.290787	0.191529	0.121453	0.0804589	0.0571829	0.0304337	0.0038373	-0.0365035	-0.0915878	-0.146572	-0.184808	-0.186457	-0.138862	-0.0236388	0.159161	0.387692	0.627777	0.846743	0.995614	1.03249	0.940884	0.71577	0.387727	0	
0	0.0252365	0.00801561	-0.0516523	-0.134026	-0.231359	-0.339454	-0.440876	-0.521625	-0.572906	-0.58189	-0.53313	-0.432369	-0.298296	-0.148542	0.0101724	0.166723	0.309947	0.424887	0.515881	0.588955	0.642879	0.666039	0.669015	0.677743	0.688977	0.686397	0.661556	0.633864	0.597761	0.538615	0.457921	0.369518	0.279255	0.186107	0.0992135	0.0477314	0.0481651	0.0930808	0.158326	0.245569	0.339365	0.413303	0.44386	0.412138	0.313863	0.169184	-0.00300589	-0.178511	-0.32037	-0.402697	-0.424784	-0.385426	-0.290481	-0.166078	-0.0358059	0.0932197	0.217974	0.33318	0.420623	0.488179	0.564287	0.655036	0.757603	0.86073	0.950339	1.02382	1.08151	1.11881	1.13475	1.10917	1.04055	0.938799	0.811452	0.671556	0.529036	0.39353	0.286392	0.211444	0.167714	0.143817	0.120478	0.100155	0.0661941	0.0233206	-0.0165235	-0.0463748	-0.0500463	-0.00456836	0.108463	0.280936	0.504494	0.743388	0.952393	1.09116	1.11604	1.00658	0.764924	0.415861	0	
0	0.0301668	0.0132153	-0.0586862	-0.165121	-0.280308	-0.391788	-0.489498	-0.568847	-0.620688	-0.629061	-0.58137	-0.481876	-0.344452	-0.182001	0.00444477	0.202861	0.394935	0.547316	0.657424	0.727059	0.756606	0.739694	0.689243	0.626824	0.559039	0.49073	0.415647	0.345353	0.279911	0.220039	0.16302	0.115681	0.0785151	0.0510514	0.0477314	0.0860971	0.168586	0.28624	0.410155	0.537691	0.643441	0.708011	0.709003	0.639826	0.509305	0.34014	0.140181	-0.0541294	-0.213512	-0.313472	-0.346833	-0.312707	-0.224264	-0.100339	0.0390315	0.180732	0.312948	0.419362	0.488828	0.534524	0.588089	0.65959	0.749643	0.847655	0.933891	1.00272	1.05834	1.10295	1.13003	1.12069	1.07394	0.992479	0.882801	0.752397	0.612172	0.474674	0.364615	0.287244	0.239308	0.216737	0.201735	0.189903	0.168264	0.13927	0.108504	0.0832619	0.0804651	0.124451	0.234734	0.405751	0.62548	0.861732	1.06593	1.18751	1.19412	1.06531	0.798997	0.430176	0	
0	0.0126119	-0.0141477	-0.0935961	-0.210166	-0.323689	-0.423307	-0.507603	-0.584195	-0.633306	-0.639659	-0.590265	-0.490917	-0.352035	-0.178997	0.0269485	0.259646	0.488422	0.672525	0.794532	0.853672	0.857041	0.806331	0.712266	0.588584	0.456936	0.339823	0.226485	0.12221	0.0375209	-0.0211449	-0.0595953	-0.0738071	-0.0631981	-0.0275026	0.0481651	0.168586	0.328347	0.511219	0.692114	0.857489	0.986763	1.04865	1.02047	0.917412	0.760628	0.561206	0.339001	0.124542	-0.0563873	-0.178131	-0.229652	-0.210297	-0.137728	-0.0281243	0.100068	0.238595	0.365628	0.462161	0.522923	0.563606	0.60463	0.664804	0.745827	0.828405	0.898719	0.953427	1.00466	1.05482	1.08945	1.09576	1.06788	1.00715	0.919556	0.805321	0.676452	0.544095	0.432811	0.349782	0.295655	0.268003	0.253846	0.24362	0.225623	0.209498	0.187002	0.166475	0.174248	0.225761	0.33716	0.510198	0.728337	0.955614	1.14887	1.25477	1.24133	1.09924	0.819927	0.433711	0	
0	-0.0183108	-0.0623023	-0.148144	-0.259222	-0.357876	-0.434346	-0.505045	-0.572815	-0.617134	-0.616676	-0.563565	-0.461325	-0.317411	-0.135023	0.0891797	0.344937	0.59934	0.803003	0.927742	0.972536	0.951946	0.878011	0.753254	0.58886	0.414105	0.259973	0.115028	-0.0119842	-0.109712	-0.169618	-0.200129	-0.187741	-0.136409	-0.0481444	0.0930808	0.28624	0.511219	0.752408	0.981173	1.19017	1.34471	1.40335	1.35415	1.22857	1.04275	0.816203	0.571417	0.33315	0.125617	-0.0187425	-0.0895471	-0.0926621	-0.044342	0.0374416	0.138328	0.253904	0.367843	0.459145	0.524221	0.573255	0.613625	0.668115	0.73811	0.80475	0.856191	0.895168	0.940822	0.991365	1.02852	1.04755	1.04085	0.999935	0.933726	0.835894	0.714932	0.588224	0.475259	0.385987	0.321129	0.281265	0.255883	0.231603	0.212243	0.202864	0.188056	0.181765	0.208042	0.275024	0.391005	0.571275	0.792296	1.00408	1.1832	1.28199	1.25832	1.10672	0.825069	0.438153	0	
0	-0.04367	-0.105526	-0.19375	-0.293481	-0.366484	-0.420339	-0.470842	-0.52385	-0.551982	-0.541111	-0.48104	-0.372578	-0.222846	-0.0300372	0.204274	0.470516	0.730187	0.934739	1.05125	1.07995	1.04399	0.954074	0.812345	0.626065	0.426266	0.244828	0.0822613	-0.0538608	-0.155933	-0.222008	-0.250703	-0.227094	-0.155961	-0.0352252	0.158326	0.410155	0.692114	0.981173	1.26201	1.5105	1.68255	1.74151	1.68562	1.54213	1.33113	1.07814	0.810571	0.546305	0.316023	0.155045	0.0587489	0.0281967	0.0471241	0.0933772	0.163202	0.256079	0.351192	0.441049	0.513568	0.564713	0.604582	0.655419	0.71697	0.766761	0.801997	0.83375	0.874024	0.921014	0.959827	0.986243	0.989605	0.964532	0.911832	0.821198	0.708483	0.585014	0.468844	0.375538	0.306354	0.251595	0.203764	0.166549	0.136321	0.118569	0.113183	0.122466	0.165211	0.249034	0.375851	0.562504	0.783627	0.994347	1.17389	1.27431	1.24994	1.0952	0.819487	0.43986	0	
0	-0.051172	-0.119849	-0.208963	-0.292203	-0.343064	-0.372162	-0.401576	-0.427161	-0.431341	-0.40303	-0.332389	-0.215597	-0.0577688	0.140384	0.376064	0.634671	0.878793	1.06662	1.16741	1.18814	1.14526	1.04635	0.89344	0.696603	0.482377	0.285205	0.118738	-0.0118923	-0.111668	-0.178304	-0.212303	-0.19621	-0.125105	0.0167187	0.245569	0.537691	0.857489	1.19017	1.5105	1.77946	1.96093	2.0289	1.97798	1.82611	1.5997	1.33296	1.04438	0.75837	0.513163	0.324562	0.197066	0.135094	0.119441	0.133341	0.177041	0.247115	0.33235	0.418031	0.481326	0.526309	0.561676	0.603153	0.655816	0.700004	0.729329	0.75943	0.80053	0.844109	0.8805	0.909394	0.917882	0.896389	0.845651	0.760725	0.647921	0.523408	0.409352	0.313097	0.233935	0.165379	0.102576	0.0493701	0.00994298	-0.0133396	-0.0154973	0.00542379	0.0527512	0.145295	0.290054	0.484461	0.710595	0.935383	1.11943	1.21838	1.19927	1.054	0.787716	0.417232	0	
0	-0.038843	-0.100198	-0.180049	-0.246514	-0.275826	-0.283827	-0.288063	-0.282635	-0.257079	-0.206487	-0.122478	0.00366854	0.163821	0.357895	0.578359	0.81077	1.02135	1.1785	1.26386	1.2833	1.24342	1.14067	0.984809	0.788608	0.573608	0.375224	0.217278	0.0980248	0.0061813	-0.0612018	-0.108705	-0.112402	-0.0483823	0.100836	0.339365	0.643441	0.986763	1.34471	1.68255	1.96093	2.1554	2.24281	2.20402	2.05643	1.8302	1.55144	1.24695	0.950849	0.68945	0.475364	0.319576	0.219917	0.167537	0.155405	0.17207	0.216542	0.290079	0.36397	0.415561	0.449468	0.474757	0.510862	0.552995	0.58663	0.618143	0.654306	0.697042	0.745518	0.783436	0.808946	0.81243	0.788764	0.740741	0.657927	0.553138	0.436197	0.317064	0.212796	0.117889	0.0251022	-0.0536641	-0.115095	-0.155214	-0.17324	-0.1747	-0.155766	-0.107311	-0.0133579	0.138242	0.346194	0.585859	0.826901	1.02364	1.12861	1.12108	0.991812	0.738958	0.387216	0	
0	-0.0165787	-0.0564323	-0.114486	-0.157538	-0.165903	-0.152591	-0.133216	-0.0994858	-0.046092	0.0272901	0.125228	0.254387	0.407039	0.580953	0.770959	0.962865	1.12931	1.25041	1.31896	1.34013	1.30649	1.21009	1.06424	0.883787	0.68348	0.497183	0.350186	0.237189	0.146998	0.0744717	0.0132622	-0.00594703	0.0503233	0.190613	0.413303	0.708011	1.04865	1.40335	1.74151	2.0289	2.24281	2.35294	2.33845	2.21331	1.99588	1.71301	1.40575	1.10161	0.82563	0.592341	0.407142	0.271473	0.185264	0.144329	0.136673	0.164534	0.224959	0.276656	0.305968	0.330152	0.347927	0.375529	0.407493	0.43461	0.468103	0.506141	0.555306	0.612101	0.64968	0.673405	0.676743	0.652139	0.611105	0.539783	0.444023	0.330546	0.205615	0.089137	-0.0291796	-0.145296	-0.23347	-0.301394	-0.3484	-0.365536	-0.363122	-0.345252	-0.296498	-0.197088	-0.0409025	0.178574	0.437681	0.689152	0.898974	1.02472	1.0308	0.915603	0.687904	0.366373	0	
0	0.00420782	-0.00743876	-0.0320052	-0.0439111	-0.0271194	0.00911717	0.0505116	0.105147	0.178644	0.268939	0.374198	0.496738	0.629248	0.770788	0.919889	1.06426	1.18266	1.2644	1.31216	1.32911	1.30335	1.22506	1.10373	0.952279	0.779319	0.612688	0.471305	0.352457	0.255567	0.175729	0.10779	0.0810074	0.128075	0.249851	0.44386	0.709003	1.02047	1.35415	1.68562	1.97798	2.20402	2.33845	2.36128	2.26554	2.0667	1.79659	1.49823	1.19291	0.906993	0.659832	0.447365	0.278193	0.169344	0.106419	0.0777269	0.0880057	0.128148	0.161705	0.172765	0.184888	0.199637	0.216614	0.234281	0.254062	0.284339	0.323613	0.379755	0.442315	0.485304	0.509768	0.514329	0.498773	0.468174	0.407198	0.319476	0.210176	0.0828329	-0.0460186	-0.178698	-0.307928	-0.414591	-0.497166	-0.551796	-0.570234	-0.564779	-0.545343	-0.486657	-0.370729	-0.204452	0.0217996	0.291014	0.549287	0.767557	0.909632	0.932935	0.836675	0.634913	0.343756	0	
