0	0	0	0	0	0	0	0	0	0	0	0	0	0	0	0	0	0	0	0	0	0	0	0	0	0	0	0	0	0	0	0	0	0	0	0	0	0	0	0	0	0	0	0	0	0	0	0	0	0	0	0	0	0	0	0	0	0	0	0	0	0	0	0	0	0	0	0	0	0	0	0	0	0	0	0	0	0	0	0	0	0	0	0	0	0	0	0	0	0	0	0	0	0	0	0	0	0	0	0	
0	0.0120688	-0.00370537	-0.00257596	0.00545249	0.00127812	-0.00722452	-0.0014998	0.00252612	-0.0151225	0.000726699	0.00727461	-0.0029071	-0.00268187	-0.00199494	0.0056273	0.00449107	-0.00706555	-0.0133227	-0.00078755	0.00340919	0.00107791	-0.0143669	-0.0197297	-0.0236697	-0.00378045	0.00955109	0.00743754	-0.013929	-0.0401406	-0.0687845	-0.0939076	-0.0923682	-0.071491	-0.0301346	0.00807338	0.0617437	0.112144	0.15628	0.176935	0.174681	0.166503	0.144276	0.111915	0.0638654	-0.00171135	-0.0541336	-0.0966014	-0.114479	-0.103321	-0.0919548	-0.0661959	-0.0416309	-0.0305127	-0.0137992	-0.000856254	-0.00213314	0.00182622	0.00949259	-0.00391304	-0.0100478	0.00529624	0.00832724	-0.000170263	0.000822181	0.0056189	-0.000429812	-0.00243554	0.00801236	0.00612398	-0.00326156	0.000712639	0.0072115	0.00686841	0.00156873	-0.00326892	0.00432055	0.0145006	0.00791664	-0.00356509	-0.00274546	0.005718	0.0152046	0.0180946	0.00208558	-0.0259396	-0.0440093	-0.0476774	-0.0466721	-0.0413064	-0.0288873	-0.016213	-0.00673849	0.00755713	0.0284056	0.0407319	0.0317902	0.0107157	-0.00193162	0	
0	-0.00370537	-0.00774337	-2.19552e-05	0.00273814	-0.00361042	-0.00537397	0.00617015	0.00483042	-0.0101858	0.000955727	0.00159412	-0.00732285	-0.0126636	-0.0102867	0.000390216	0.00208431	-0.0173108	-0.0214525	-0.00406307	0.010322	-0.000350764	-0.0196165	-0.0349746	-0.0337344	-0.00296234	0.0244048	0.0151699	-0.0226605	-0.075974	-0.129929	-0.176233	-0.173535	-0.128959	-0.0533009	0.0301752	0.128669	0.233852	0.313296	0.3551	0.350676	0.328579	0.285383	0.214746	0.115073	-0.00907666	-0.120637	-0.196097	-0.227966	-0.20982	-0.17191	-0.124541	-0.0771437	-0.0474597	-0.0273986	-0.0104684	-0.00924828	-0.00706461	0.00391064	0.00203928	0.00684372	0.0105964	-0.000275204	-0.00206962	0.0037691	0.00929454	0.00485564	-0.000972531	0.00918188	0.00932761	-0.00183022	0.00308899	0.0125892	0.0120046	0.00309277	-0.00363104	0.0098315	0.0256051	0.0137827	-0.00495408	-0.00272506	0.0126266	0.0290267	0.0320431	0.00139256	-0.049686	-0.0832635	-0.0913682	-0.0900023	-0.0800303	-0.0578155	-0.0350806	-0.0167969	0.0112627	0.0509242	0.0742634	0.0584175	0.0202209	-0.00299689	0	
0	-0.00257596	-2.19552e-05	0.00561787	-0.00363395	-0.00914554	-0.00130516	0.00463446	-0.00342909	-0.0115108	-0.00291636	0.000789751	-0.00419596	-0.014935	-0.00802522	0.00214241	-0.00267621	-0.0186763	-0.0256463	-0.0052096	0.00829602	-0.00906625	-0.0288562	-0.0510998	-0.0430464	-0.00704806	0.023806	0.0095597	-0.0466278	-0.118907	-0.1993	-0.254557	-0.25289	-0.182649	-0.0773312	0.0518262	0.195161	0.34745	0.462903	0.520635	0.521142	0.484606	0.421581	0.315375	0.164426	-0.00995737	-0.177565	-0.284323	-0.331198	-0.312124	-0.255975	-0.187114	-0.125617	-0.0722907	-0.0400344	-0.0219911	-0.00376245	-0.00116078	0.00146243	0.00420576	0.00650543	0.0059246	2.08102e-05	0.00513912	0.0116051	0.00972344	0.00189821	0.000962906	0.0138552	0.0127993	0.000801101	0.00593164	0.0157959	0.0145918	0.00580929	0.00132865	0.0159671	0.0303941	0.0170164	-0.00198784	0.00201242	0.0211398	0.0398096	0.0386127	-0.00362	-0.0689728	-0.113711	-0.127513	-0.127015	-0.114238	-0.0871777	-0.0589805	-0.0331153	0.00743743	0.0620036	0.0940484	0.075189	0.0271887	-0.0026902	0	
0	0.00545249	0.00273814	-0.00363395	-0.00452391	-0.000263778	-0.000641895	-0.0100739	-0.0105352	-0.00119431	-0.00377596	-0.00364855	-0.00619468	-0.00954403	-0.00454692	-0.00308945	-0.0105607	-0.0206736	-0.024404	-0.00936374	-0.00495007	-0.0209132	-0.0412688	-0.0601407	-0.0469492	-0.0128696	0.0129167	-0.0091696	-0.0777423	-0.167235	-0.264479	-0.322481	-0.3162	-0.225283	-0.0904484	0.080504	0.268377	0.458097	0.605001	0.676373	0.681338	0.632982	0.544194	0.403266	0.20354	-0.0187762	-0.228588	-0.368369	-0.423578	-0.405011	-0.33424	-0.24735	-0.168799	-0.101098	-0.0559889	-0.0286486	-0.00641303	0.000824835	0.00393367	0.00677457	0.00291904	0.00270352	0.0100422	0.0136294	0.00628802	0.00294767	0.010031	0.0134895	0.0107543	0.00761512	0.00879135	0.014191	0.0157149	0.0130006	0.0106779	0.0119537	0.0214539	0.0284144	0.0185957	0.00649405	0.0120674	0.0306795	0.0456893	0.0362633	-0.0124651	-0.0815404	-0.132528	-0.153344	-0.155514	-0.14319	-0.117927	-0.0897765	-0.0579965	-0.00726938	0.0568043	0.0948263	0.0782953	0.0300692	-0.00117141	0	
0	0.00127812	-0.00361042	-0.00914554	-0.000263778	0.0049811	-0.00176078	-0.010252	-0.00624814	0.00362565	-0.0122452	-0.0156173	-0.0117864	-0.00738152	-0.0101786	-0.0169131	-0.0172584	-0.0186441	-0.0133585	-0.0134338	-0.0165706	-0.0264525	-0.0443828	-0.0524058	-0.0381086	-0.01493	-0.00194401	-0.0357702	-0.109199	-0.215325	-0.314455	-0.371733	-0.351948	-0.247243	-0.081548	0.127257	0.355626	0.575411	0.744809	0.829911	0.836677	0.775495	0.656873	0.475034	0.231138	-0.0390396	-0.281554	-0.451874	-0.513463	-0.494353	-0.407631	-0.304504	-0.203518	-0.123453	-0.0695247	-0.0319877	-0.0138034	-0.00404238	0.000928688	0.00818381	0.0073802	0.00567928	0.0145422	0.0136291	0.00410035	0.00620169	0.0181262	0.0166478	0.00516476	0.00971167	0.020197	0.0180377	0.0127213	0.0132081	0.0186113	0.0240723	0.0243827	0.0223912	0.0209339	0.020272	0.02634	0.039559	0.045118	0.025834	-0.0225328	-0.0854524	-0.138366	-0.167159	-0.174539	-0.167665	-0.151548	-0.128672	-0.0930502	-0.0357343	0.0316412	0.0731818	0.0651137	0.0270215	0.000548183	0	
0	-0.00722452	-0.00537397	-0.00130516	-0.000641895	-0.00176078	-0.00965071	-0.00703158	0.00147979	-0.000749084	-0.015754	-0.0168189	-0.00637437	-0.00740706	-0.0144132	-0.027609	-0.0244595	-0.0133342	-0.0121438	-0.0262726	-0.0365793	-0.0398262	-0.0491415	-0.045228	-0.0347491	-0.0282689	-0.037069	-0.0776095	-0.157181	-0.267163	-0.361154	-0.406817	-0.372376	-0.255654	-0.0615069	0.180314	0.441863	0.682746	0.866605	0.964716	0.97196	0.898077	0.748825	0.527741	0.24608	-0.0581214	-0.328679	-0.51487	-0.589707	-0.567575	-0.474502	-0.358246	-0.242517	-0.151217	-0.0833788	-0.0453336	-0.0192351	-0.00295082	-0.00204952	0.0105382	0.0133526	0.0115825	0.0130731	0.00626461	0.0097321	0.0172017	0.0187055	0.0128321	0.006282	0.0182465	0.0273009	0.0169049	0.0112298	0.0173889	0.0282586	0.033977	0.0239535	0.0163652	0.0267415	0.0379138	0.042074	0.0453187	0.0378127	0.0108035	-0.0297879	-0.0795203	-0.131295	-0.168563	-0.184797	-0.189967	-0.189808	-0.176218	-0.139335	-0.0801882	-0.0155412	0.0279539	0.0343676	0.0159308	0.000605521	0	
0	-0.0014998	0.00617015	0.00463446	-0.0100739	-0.010252	-0.00703158	-0.011885	-0.0055342	-0.00453209	-0.0150779	-0.0116847	-0.00311906	-0.00619075	-0.0176191	-0.0312637	-0.0249898	-0.00883883	-0.0176383	-0.0428134	-0.0558738	-0.0537462	-0.0494022	-0.0386931	-0.0366976	-0.0543491	-0.0855264	-0.132707	-0.215465	-0.31771	-0.398519	-0.422827	-0.3755	-0.2434	-0.0269929	0.24508	0.528783	0.783553	0.976054	1.08432	1.09143	1.00288	0.821241	0.565002	0.250147	-0.0768489	-0.365857	-0.564846	-0.648915	-0.629085	-0.535698	-0.409607	-0.286148	-0.184285	-0.103991	-0.0561818	-0.0226014	0.000490626	0.00565246	0.00991498	0.0115451	0.0116719	0.0094984	0.0120664	0.0198176	0.0159049	0.015597	0.0174845	0.0129095	0.0217799	0.0281059	0.017787	0.0146844	0.023908	0.0365394	0.0388042	0.021771	0.0155185	0.0374903	0.0560844	0.0554337	0.0460811	0.0257407	-0.00332207	-0.030035	-0.0635753	-0.112556	-0.158738	-0.188908	-0.213533	-0.234389	-0.232524	-0.197602	-0.141974	-0.0847477	-0.0396097	-0.0138658	-0.00542351	-0.00347443	0	
0	0.00252612	0.00483042	-0.00342909	-0.0105352	-0.00624814	0.00147979	-0.0055342	-0.010942	-0.0181939	-0.0184413	-0.0111727	-0.0136788	-0.0149908	-0.0280839	-0.0291081	-0.0191048	-0.00774622	-0.0221026	-0.050328	-0.061921	-0.051462	-0.0384325	-0.0244537	-0.0422215	-0.0834689	-0.136693	-0.191138	-0.270576	-0.356775	-0.412484	-0.414128	-0.348837	-0.203388	0.0358963	0.32653	0.627371	0.884148	1.08505	1.19577	1.20194	1.09262	0.878751	0.585758	0.246554	-0.103285	-0.399335	-0.613796	-0.705563	-0.688079	-0.596458	-0.458542	-0.322926	-0.207348	-0.119915	-0.0587929	-0.0265128	-0.00562052	0.00729344	0.00717181	0.0097277	0.0106728	0.0127792	0.0230416	0.0241203	0.0142346	0.0127173	0.0191211	0.0241469	0.0271106	0.0232065	0.0184565	0.0239629	0.0335311	0.0402382	0.036607	0.0221281	0.0243329	0.0516401	0.0701213	0.0631839	0.0419259	0.0132531	-0.0103515	-0.0201435	-0.0384729	-0.0843751	-0.140709	-0.191283	-0.242233	-0.286605	-0.29762	-0.268482	-0.221222	-0.173701	-0.126033	-0.0782677	-0.0389997	-0.0142848	0	
0	-0.0151225	-0.0101858	-0.0115108	-0.00119431	0.00362565	-0.000749084	-0.00453209	-0.0181939	-0.0176845	-0.00436371	-0.0120597	-0.0256537	-0.0274882	-0.0306016	-0.0259781	-0.0214026	-0.0245184	-0.0389275	-0.0631263	-0.0678458	-0.0526248	-0.032474	-0.0268638	-0.0648471	-0.126926	-0.196204	-0.2567	-0.324077	-0.384736	-0.407799	-0.386204	-0.300408	-0.141233	0.114117	0.414324	0.717708	0.973694	1.17258	1.28401	1.28132	1.14899	0.906446	0.582456	0.228563	-0.128072	-0.428763	-0.643624	-0.74506	-0.73256	-0.640186	-0.501393	-0.356618	-0.230076	-0.136603	-0.0704609	-0.035363	-0.0124472	-0.00150863	0.00472116	0.0193938	0.0217606	0.0216119	0.0205063	0.0145481	0.0149084	0.0188939	0.0291824	0.0331105	0.0210474	0.0177451	0.0288946	0.0370954	0.0386955	0.0370713	0.0329156	0.0308325	0.0416533	0.0642742	0.0767513	0.0644677	0.0352872	0.00627229	-0.00494643	0.00117045	-0.00595897	-0.0500076	-0.119446	-0.197488	-0.279559	-0.347364	-0.371859	-0.352425	-0.316499	-0.277947	-0.226142	-0.156436	-0.0859208	-0.0338452	0	
0	0.000726699	0.000955727	-0.00291636	-0.00377596	-0.0122452	-0.015754	-0.0150779	-0.0184413	-0.00436371	0.00254019	-0.0181483	-0.0294026	-0.0252293	-0.021833	-0.0204608	-0.0305233	-0.045114	-0.0569689	-0.0691897	-0.0690243	-0.0542048	-0.0351767	-0.0506658	-0.104407	-0.184484	-0.263109	-0.326441	-0.373999	-0.398938	-0.390581	-0.339922	-0.237218	-0.0577205	0.200024	0.504568	0.797402	1.05112	1.24283	1.34935	1.3338	1.17872	0.910854	0.569476	0.205897	-0.143502	-0.443455	-0.657077	-0.764046	-0.76291	-0.675892	-0.540456	-0.395677	-0.265057	-0.163379	-0.0899912	-0.0437442	-0.00970347	0.00896325	0.0136964	0.0191889	0.0201636	0.0176606	0.0142917	0.0195519	0.0266208	0.0266327	0.0335235	0.0287589	0.0144739	0.0266608	0.0446752	0.043176	0.0367926	0.0324697	0.0353755	0.0485762	0.0610837	0.0710077	0.075724	0.06081	0.0307922	0.0111381	0.0159588	0.0330435	0.0314376	-0.0139342	-0.101531	-0.213211	-0.328031	-0.417429	-0.456094	-0.449338	-0.424594	-0.391384	-0.333845	-0.245005	-0.145779	-0.0628519	0	
0	0.00727461	0.00159412	0.000789751	-0.00364855	-0.0156173	-0.0168189	-0.0116847	-0.0111727	-0.0120597	-0.0181483	-0.0337109	-0.0306556	-0.0227716	-0.0181478	-0.0188735	-0.0406412	-0.0579434	-0.0590958	-0.0576876	-0.0575938	-0.04716	-0.046554	-0.0830219	-0.153237	-0.240864	-0.327184	-0.384065	-0.404996	-0.390521	-0.349745	-0.271276	-0.145663	0.0476879	0.305121	0.598198	0.880586	1.12425	1.30745	1.40191	1.3674	1.19284	0.903451	0.552051	0.188041	-0.156189	-0.450802	-0.666501	-0.786097	-0.793687	-0.717401	-0.584273	-0.430294	-0.291261	-0.17986	-0.0952111	-0.044118	-0.014835	0.00768327	0.0151665	0.0157056	0.0166373	0.0173253	0.0215352	0.0303062	0.0336171	0.028345	0.0262177	0.0242491	0.0271704	0.0420548	0.0477644	0.0415185	0.0360702	0.0331725	0.0463632	0.0699148	0.0756556	0.0708261	0.0692559	0.0559174	0.0349209	0.0328377	0.0520725	0.0727531	0.0704045	0.0179756	-0.0943022	-0.243121	-0.389073	-0.497796	-0.551444	-0.557994	-0.540618	-0.50718	-0.442957	-0.339655	-0.215992	-0.10008	0	
0	-0.0029071	-0.00732285	-0.00419596	-0.00619468	-0.0117864	-0.00637437	-0.00311906	-0.0136788	-0.0256537	-0.0294026	-0.0306556	-0.0276882	-0.0262237	-0.0225394	-0.0320426	-0.0613053	-0.072068	-0.0586257	-0.0510565	-0.0500456	-0.0558554	-0.0769175	-0.13376	-0.209485	-0.299206	-0.382508	-0.424319	-0.410699	-0.359211	-0.285469	-0.179655	-0.0305371	0.170532	0.416258	0.69042	0.953966	1.18501	1.35005	1.42443	1.36748	1.17306	0.87356	0.519467	0.163881	-0.166569	-0.453835	-0.666109	-0.793531	-0.813736	-0.744887	-0.616703	-0.462838	-0.314438	-0.196272	-0.10678	-0.0480698	-0.0182979	0.00121456	0.00691473	0.0140313	0.0241759	0.0273195	0.0311479	0.032879	0.0302019	0.0242669	0.0245592	0.0360253	0.0440172	0.0444952	0.0439885	0.0423087	0.0380499	0.0415321	0.0651325	0.0872029	0.080861	0.0657201	0.0614742	0.0561514	0.0544725	0.0726854	0.0997133	0.116516	0.106595	0.0386171	-0.10452	-0.290069	-0.46342	-0.58987	-0.658562	-0.675501	-0.658567	-0.618862	-0.547819	-0.435028	-0.291456	-0.142159	0	
0	-0.00268187	-0.0126636	-0.014935	-0.00954403	-0.00738152	-0.00740706	-0.00619075	-0.0149908	-0.0274882	-0.0252293	-0.0227716	-0.0262237	-0.0297487	-0.0350697	-0.0564429	-0.0781228	-0.0741017	-0.0579334	-0.0466142	-0.0549764	-0.0821469	-0.128755	-0.197343	-0.272094	-0.356646	-0.42654	-0.4425	-0.394663	-0.307532	-0.204063	-0.0677849	0.0989186	0.301086	0.525447	0.774713	1.01719	1.22779	1.3705	1.41582	1.33716	1.12955	0.827262	0.484032	0.140323	-0.171396	-0.447222	-0.657935	-0.789093	-0.821086	-0.763424	-0.639479	-0.488531	-0.340777	-0.217053	-0.126807	-0.0642814	-0.0263048	0.00136579	0.0150628	0.0215589	0.0291686	0.032461	0.0303117	0.0270464	0.030214	0.0302889	0.0334456	0.0477115	0.0491742	0.0419005	0.0436367	0.0439697	0.0451142	0.0610485	0.0840674	0.0922831	0.0778905	0.0605327	0.0584001	0.0695124	0.0933696	0.127118	0.153307	0.16004	0.134122	0.0404859	-0.1369	-0.355034	-0.55178	-0.695097	-0.77661	-0.797192	-0.7723	-0.721227	-0.643494	-0.524657	-0.364733	-0.183888	0	
0	-0.00199494	-0.0102867	-0.00802522	-0.00454692	-0.0101786	-0.0144132	-0.0176191	-0.0280839	-0.0306016	-0.021833	-0.0181478	-0.0225394	-0.0350697	-0.0521876	-0.0689471	-0.0703527	-0.0640935	-0.0534142	-0.0483721	-0.0739576	-0.128683	-0.196262	-0.268054	-0.337298	-0.409025	-0.453037	-0.438907	-0.35821	-0.241849	-0.106091	0.0556807	0.23551	0.426934	0.626627	0.847312	1.06588	1.25196	1.36418	1.38177	1.28274	1.07387	0.780591	0.455573	0.132425	-0.162488	-0.42662	-0.637706	-0.77792	-0.826469	-0.781835	-0.670626	-0.521154	-0.368918	-0.240339	-0.139666	-0.0685182	-0.0283084	0.0010989	0.0190483	0.0264722	0.0311626	0.0311918	0.0294733	0.0285839	0.0337193	0.0388341	0.044489	0.0534873	0.0493367	0.0404691	0.0425644	0.0499958	0.0658708	0.0843287	0.0897773	0.085356	0.0740091	0.0608282	0.0675944	0.102655	0.149748	0.189024	0.207302	0.19804	0.145474	0.0173619	-0.193208	-0.437917	-0.655213	-0.813942	-0.90244	-0.917208	-0.876648	-0.810711	-0.725518	-0.601094	-0.426916	-0.219096	0	
0	0.0056273	0.000390216	0.00214241	-0.00308945	-0.0169131	-0.027609	-0.0312637	-0.0291081	-0.0259781	-0.0204608	-0.0188735	-0.0320426	-0.0564429	-0.0689471	-0.064409	-0.0568871	-0.0563633	-0.0555014	-0.0626784	-0.11135	-0.189385	-0.265236	-0.332712	-0.391239	-0.438012	-0.447795	-0.401594	-0.294353	-0.150008	0.0158812	0.197575	0.37932	0.552614	0.724506	0.914832	1.1048	1.25777	1.33594	1.32275	1.212	1.00692	0.733289	0.430025	0.128622	-0.149405	-0.404427	-0.615645	-0.764475	-0.827833	-0.798059	-0.695358	-0.551665	-0.396454	-0.259785	-0.15411	-0.0725286	-0.0252164	0.00495329	0.0221297	0.0246233	0.0284061	0.0293436	0.0288141	0.0344455	0.0461299	0.0521412	0.0494716	0.0494377	0.0459296	0.0409902	0.0502103	0.0710063	0.0901601	0.0924628	0.0816263	0.0778516	0.0756025	0.0719537	0.0971029	0.156668	0.215905	0.250979	0.256537	0.223149	0.132837	-0.0337723	-0.272637	-0.538696	-0.774614	-0.94456	-1.03055	-1.0297	-0.968171	-0.885021	-0.789422	-0.656462	-0.469094	-0.241895	0	
0	0.00449107	0.00208431	-0.00267621	-0.0105607	-0.0172584	-0.0244595	-0.0249898	-0.0191048	-0.0214026	-0.0305233	-0.0406412	-0.0613053	-0.0781228	-0.0703527	-0.0568871	-0.0499733	-0.0570126	-0.0685577	-0.0966871	-0.167644	-0.253874	-0.326894	-0.385447	-0.423714	-0.435379	-0.406573	-0.33226	-0.202442	-0.0309573	0.159371	0.351227	0.523151	0.674445	0.817173	0.975488	1.12944	1.24369	1.2841	1.24616	1.12846	0.938541	0.686729	0.410162	0.127148	-0.136296	-0.384507	-0.597845	-0.753938	-0.830217	-0.811424	-0.716071	-0.571326	-0.4146	-0.270566	-0.159417	-0.0784187	-0.0286862	-0.000181827	0.0162492	0.0208414	0.0260657	0.0339816	0.0425546	0.0480234	0.0533534	0.054675	0.0456882	0.0429896	0.0475656	0.0540421	0.0725864	0.0933922	0.0974837	0.0851941	0.0739495	0.077396	0.0861701	0.102156	0.150914	0.224195	0.282221	0.307478	0.29445	0.22613	0.0908967	-0.112028	-0.3735	-0.657886	-0.909234	-1.08197	-1.15416	-1.13014	-1.04511	-0.94217	-0.8304	-0.683497	-0.484137	-0.247984	0	
0	-0.00706555	-0.0173108	-0.0186763	-0.0206736	-0.0186441	-0.0133342	-0.00883883	-0.00774622	-0.0245184	-0.045114	-0.0579434	-0.072068	-0.0741017	-0.0640935	-0.0563633	-0.0570126	-0.076826	-0.112431	-0.166502	-0.246357	-0.325755	-0.391611	-0.432291	-0.439978	-0.408856	-0.344091	-0.246012	-0.0933391	0.100573	0.30734	0.494429	0.650294	0.775437	0.89004	1.00947	1.12175	1.19105	1.19757	1.14108	1.02815	0.859689	0.638691	0.388821	0.130103	-0.120815	-0.357385	-0.571128	-0.731771	-0.818467	-0.812353	-0.725757	-0.587503	-0.430839	-0.28702	-0.174126	-0.0898901	-0.0402486	-0.00957696	0.0138121	0.0255242	0.0372305	0.0475312	0.0535389	0.0541481	0.0514762	0.0470358	0.0401656	0.0477033	0.0661824	0.0793025	0.091417	0.0972687	0.0900451	0.0791301	0.0745803	0.0858197	0.114313	0.15818	0.222246	0.293207	0.342136	0.353185	0.311448	0.198926	0.0192105	-0.214213	-0.494954	-0.795413	-1.055	-1.21862	-1.26702	-1.21602	-1.10641	-0.979436	-0.843543	-0.676949	-0.468307	-0.235637	0	
0	-0.0133227	-0.0214525	-0.0256463	-0.024404	-0.0133585	-0.0121438	-0.0176383	-0.0221026	-0.0389275	-0.0569689	-0.0590958	-0.0586257	-0.0579334	-0.0534142	-0.0555014	-0.0685577	-0.112431	-0.177919	-0.246643	-0.31929	-0.38944	-0.441666	-0.456407	-0.424824	-0.354038	-0.260892	-0.13979	0.0325688	0.242274	0.450144	0.623047	0.757977	0.8585	0.941986	1.01918	1.0841	1.11207	1.09173	1.02975	0.931523	0.791881	0.604345	0.382935	0.144432	-0.0918923	-0.323281	-0.535137	-0.703292	-0.802305	-0.810225	-0.737113	-0.608236	-0.457232	-0.311348	-0.196534	-0.105504	-0.0429383	-0.00609321	0.0233383	0.0395166	0.0493127	0.055299	0.0528422	0.0447963	0.0420707	0.0484446	0.0545046	0.0686562	0.0880745	0.0947305	0.093709	0.0902255	0.0840715	0.0801903	0.0843279	0.112804	0.169532	0.233804	0.296374	0.355411	0.391451	0.379068	0.297276	0.138897	-0.0784913	-0.337788	-0.636848	-0.948263	-1.20412	-1.34639	-1.36506	-1.28627	-1.15031	-0.992927	-0.824787	-0.634986	-0.422207	-0.206058	0	
0	-0.00078755	-0.00406307	-0.0052096	-0.00936374	-0.0134338	-0.0262726	-0.0428134	-0.050328	-0.0631263	-0.0691897	-0.0576876	-0.0510565	-0.0466142	-0.0483721	-0.0626784	-0.0966871	-0.166502	-0.246643	-0.311003	-0.373207	-0.428354	-0.45878	-0.43661	-0.36698	-0.266158	-0.14787	-0.00570772	0.181738	0.393165	0.588624	0.741776	0.854282	0.930332	0.977835	1.00868	1.02657	1.01921	0.9847	0.927905	0.852292	0.744778	0.588294	0.392448	0.169783	-0.0604005	-0.287628	-0.507304	-0.683776	-0.797562	-0.821162	-0.758175	-0.633331	-0.481209	-0.329158	-0.202895	-0.105998	-0.0378725	0.00535247	0.034665	0.0451892	0.046537	0.0457624	0.0443566	0.0448093	0.0510665	0.0653814	0.0759858	0.0870856	0.09933	0.0969925	0.0879322	0.0837161	0.0837552	0.0912185	0.114816	0.168962	0.245513	0.312105	0.363076	0.407269	0.422011	0.373297	0.247064	0.0497141	-0.198228	-0.482171	-0.79707	-1.10886	-1.3469	-1.45918	-1.44653	-1.33969	-1.17329	-0.978225	-0.772351	-0.560065	-0.350728	-0.163015	0	
0	0.00340919	0.010322	0.00829602	-0.00495007	-0.0165706	-0.0365793	-0.0558738	-0.061921	-0.0678458	-0.0690243	-0.0575938	-0.0500456	-0.0549764	-0.0739576	-0.11135	-0.167644	-0.246357	-0.31929	-0.373207	-0.416532	-0.445773	-0.437973	-0.3747	-0.274818	-0.14677	-0.0048518	0.157509	0.348319	0.546623	0.72223	0.85129	0.942916	0.986477	0.994072	0.973179	0.94819	0.914057	0.8743	0.830501	0.778667	0.699461	0.571121	0.392727	0.183947	-0.0414494	-0.26757	-0.486519	-0.670874	-0.791705	-0.823947	-0.768789	-0.646531	-0.491396	-0.334485	-0.203625	-0.100347	-0.0310917	0.00409063	0.0275673	0.0373192	0.0401181	0.0444136	0.0501189	0.0579389	0.0691949	0.0852864	0.0931039	0.0955404	0.0992839	0.0921296	0.0815983	0.0822424	0.0959007	0.126223	0.175883	0.246208	0.32373	0.381822	0.419102	0.441153	0.420732	0.32895	0.164287	-0.0632249	-0.338895	-0.646208	-0.968555	-1.2662	-1.47506	-1.5541	-1.51062	-1.37333	-1.1703	-0.932046	-0.688058	-0.458887	-0.261996	-0.111878	0	
0	0.00107791	-0.000350764	-0.00906625	-0.0209132	-0.0264525	-0.0398262	-0.0537462	-0.051462	-0.0526248	-0.0542048	-0.04716	-0.0558554	-0.0821469	-0.128683	-0.189385	-0.253874	-0.325755	-0.38944	-0.428354	-0.445773	-0.435525	-0.385869	-0.292008	-0.166611	-0.0157048	0.149895	0.320961	0.500309	0.676125	0.826108	0.934248	0.996715	1.00602	0.965097	0.899652	0.839222	0.792573	0.759507	0.734678	0.710045	0.65821	0.553863	0.39499	0.195615	-0.0223919	-0.244821	-0.465178	-0.649633	-0.776893	-0.816248	-0.764923	-0.646407	-0.495068	-0.338304	-0.208996	-0.112184	-0.0422529	-0.00276082	0.0225365	0.0350493	0.0424908	0.0539279	0.0664686	0.0776299	0.0875035	0.0989672	0.100403	0.0944451	0.0920447	0.0847205	0.081124	0.0983438	0.136681	0.191935	0.255903	0.324906	0.393228	0.440101	0.456639	0.442678	0.379003	0.249308	0.0557883	-0.197985	-0.500275	-0.823777	-1.13937	-1.40978	-1.58419	-1.63038	-1.55507	-1.38201	-1.13653	-0.854219	-0.577877	-0.341303	-0.16562	-0.0584023	0	
0	-0.0143669	-0.0196165	-0.0288562	-0.0412688	-0.0443828	-0.0491415	-0.0494022	-0.0384325	-0.032474	-0.0351767	-0.046554	-0.0769175	-0.128755	-0.196262	-0.265236	-0.326894	-0.391611	-0.441666	-0.45878	-0.437973	-0.385869	-0.30591	-0.187313	-0.0422418	0.132575	0.309535	0.474865	0.630827	0.778606	0.905476	0.986169	1.01765	0.982114	0.899484	0.794651	0.716653	0.669521	0.652819	0.653039	0.65407	0.628974	0.547571	0.404102	0.218785	0.00539377	-0.21204	-0.430464	-0.62085	-0.754101	-0.80421	-0.765926	-0.655027	-0.507656	-0.354423	-0.222158	-0.120591	-0.049837	-0.00984721	0.0209631	0.0430868	0.0574315	0.0720526	0.0859388	0.0954197	0.0989468	0.102501	0.0968172	0.0843396	0.0826154	0.0880307	0.105372	0.146781	0.206348	0.272893	0.335897	0.39552	0.451101	0.478113	0.459961	0.402114	0.300131	0.142447	-0.0755567	-0.354923	-0.677321	-1.00252	-1.29692	-1.53332	-1.67321	-1.6865	-1.575	-1.3599	-1.06986	-0.749001	-0.451285	-0.218456	-0.0707972	-0.00760837	0	
0	-0.0197297	-0.0349746	-0.0510998	-0.0601407	-0.0524058	-0.045228	-0.0386931	-0.0244537	-0.0268638	-0.0506658	-0.0830219	-0.13376	-0.197343	-0.268054	-0.332712	-0.385447	-0.432291	-0.456407	-0.43661	-0.3747	-0.292008	-0.187313	-0.050591	0.116344	0.301718	0.475528	0.619697	0.747105	0.867972	0.967621	1.01799	1.00769	0.931789	0.810533	0.685893	0.601655	0.567709	0.572613	0.596716	0.622898	0.617223	0.554082	0.423178	0.243403	0.0350878	-0.183061	-0.403734	-0.597262	-0.739494	-0.799009	-0.767586	-0.665382	-0.523192	-0.369764	-0.238002	-0.134152	-0.0530853	-0.00216525	0.0347078	0.0600811	0.0769909	0.0920377	0.100961	0.102849	0.0978327	0.0926075	0.0838369	0.0779225	0.0931113	0.122235	0.162331	0.220203	0.287356	0.352818	0.408399	0.45398	0.486287	0.479009	0.419243	0.323261	0.193106	0.0118817	-0.230412	-0.529708	-0.85745	-1.16824	-1.43311	-1.63513	-1.7412	-1.71805	-1.56396	-1.3034	-0.972998	-0.624981	-0.319561	-0.100721	0.015211	0.0369483	0	
0	-0.0236697	-0.0337344	-0.0430464	-0.0469492	-0.0381086	-0.0347491	-0.0366976	-0.0422215	-0.0648471	-0.104407	-0.153237	-0.209485	-0.272094	-0.337298	-0.391239	-0.423714	-0.439978	-0.424824	-0.36698	-0.274818	-0.166611	-0.0422418	0.116344	0.293113	0.475931	0.629582	0.748118	0.8471	0.940189	1.00811	1.01846	0.966676	0.852329	0.709824	0.576289	0.50178	0.485137	0.513027	0.559775	0.603401	0.615534	0.564237	0.442421	0.268875	0.0602377	-0.157416	-0.381136	-0.58249	-0.731927	-0.801717	-0.781041	-0.681437	-0.539191	-0.382803	-0.240432	-0.128379	-0.042443	0.0127569	0.0537334	0.0823609	0.0950291	0.100881	0.101106	0.0937041	0.0819289	0.0804304	0.0866449	0.100332	0.136698	0.185917	0.239178	0.301818	0.367447	0.425885	0.466729	0.485835	0.481185	0.434292	0.339533	0.215613	0.061504	-0.143325	-0.404699	-0.709277	-1.02507	-1.31129	-1.5456	-1.71464	-1.78419	-1.7182	-1.51712	-1.21388	-0.853841	-0.493495	-0.193592	0.00394204	0.0878771	0.0734134	0	
0	-0.00378045	-0.00296234	-0.00704806	-0.0128696	-0.01493	-0.0282689	-0.0543491	-0.0834689	-0.126926	-0.184484	-0.240864	-0.299206	-0.356646	-0.409025	-0.438012	-0.435379	-0.408856	-0.354038	-0.266158	-0.14677	-0.0157048	0.132575	0.301718	0.475931	0.638396	0.767594	0.859157	0.931273	0.991162	1.01946	0.986674	0.89576	0.75758	0.60564	0.47999	0.419687	0.424206	0.471621	0.53421	0.592135	0.612131	0.570208	0.452059	0.280007	0.071999	-0.148183	-0.373839	-0.577118	-0.731242	-0.804514	-0.78419	-0.686721	-0.541056	-0.378969	-0.232371	-0.113578	-0.0212585	0.0360107	0.0716226	0.089806	0.0930915	0.0903568	0.0839952	0.0797867	0.0803076	0.0945815	0.119902	0.153438	0.205779	0.265269	0.322431	0.383123	0.440289	0.481007	0.492937	0.473872	0.429963	0.35083	0.230347	0.0821201	-0.095883	-0.318843	-0.58452	-0.876706	-1.16934	-1.42891	-1.63407	-1.76821	-1.79504	-1.68108	-1.43472	-1.09875	-0.724052	-0.366178	-0.0819482	0.0908315	0.145443	0.101444	0	
0	0.00955109	0.0244048	0.023806	0.0129167	-0.00194401	-0.037069	-0.0855264	-0.136693	-0.196204	-0.263109	-0.327184	-0.382508	-0.42654	-0.453037	-0.447795	-0.406573	-0.344091	-0.260892	-0.14787	-0.0048518	0.149895	0.309535	0.475528	0.629582	0.767594	0.870594	0.93794	0.977443	0.998164	0.981471	0.909	0.791058	0.642859	0.497761	0.386702	0.3467	0.369467	0.433132	0.5085	0.573971	0.602768	0.565049	0.452384	0.282999	0.0762841	-0.142026	-0.366119	-0.569797	-0.722662	-0.795961	-0.776253	-0.673882	-0.5253	-0.36003	-0.21004	-0.0950897	-0.0096306	0.0383098	0.064881	0.0779486	0.0769376	0.0761322	0.0804014	0.0892006	0.10494	0.138563	0.182419	0.227997	0.287217	0.350515	0.405398	0.454437	0.489262	0.497848	0.472162	0.416115	0.341229	0.237416	0.0934514	-0.078531	-0.273808	-0.49953	-0.751759	-1.02027	-1.28722	-1.52107	-1.69516	-1.78834	-1.76693	-1.6059	-1.32371	-0.970101	-0.596286	-0.252598	0.0102139	0.158461	0.188368	0.121767	0	
0	0.00743754	0.0151699	0.0095597	-0.0091696	-0.0357702	-0.0776095	-0.132707	-0.191138	-0.2567	-0.326441	-0.384065	-0.424319	-0.4425	-0.438907	-0.401594	-0.33226	-0.246012	-0.13979	-0.00570772	0.157509	0.320961	0.474865	0.619697	0.748118	0.859157	0.93794	0.973903	0.975169	0.949809	0.892419	0.790629	0.66169	0.519251	0.390465	0.301015	0.280332	0.320574	0.397374	0.481956	0.5561	0.590006	0.560542	0.45279	0.289716	0.0880077	-0.125083	-0.344717	-0.543706	-0.695027	-0.768405	-0.749194	-0.652358	-0.507896	-0.349523	-0.207357	-0.0983041	-0.0197609	0.0246786	0.0496966	0.0640661	0.0717818	0.0826275	0.100221	0.127542	0.161448	0.207344	0.260688	0.313948	0.375707	0.433322	0.471797	0.493787	0.494216	0.466278	0.406997	0.322086	0.221878	0.094261	-0.0720011	-0.259319	-0.455458	-0.666328	-0.894323	-1.1369	-1.37891	-1.58454	-1.721	-1.76736	-1.69819	-1.49926	-1.19661	-0.841643	-0.481341	-0.158778	0.0812331	0.207856	0.218508	0.13567	0	
0	-0.013929	-0.0226605	-0.0466278	-0.0777423	-0.109199	-0.157181	-0.215465	-0.270576	-0.324077	-0.373999	-0.404996	-0.410699	-0.394663	-0.35821	-0.294353	-0.202442	-0.0933391	0.0325688	0.181738	0.348319	0.500309	0.630827	0.747105	0.8471	0.931273	0.977443	0.975169	0.92999	0.863095	0.774455	0.660978	0.536698	0.412139	0.306883	0.240354	0.239478	0.295055	0.383402	0.477517	0.558024	0.599803	0.575598	0.474685	0.315537	0.118003	-0.0936535	-0.311604	-0.513015	-0.667635	-0.74659	-0.735921	-0.645488	-0.509351	-0.357024	-0.22008	-0.115348	-0.0352252	0.0120971	0.0437319	0.0702824	0.0907939	0.11724	0.15159	0.191294	0.235878	0.293029	0.353402	0.404322	0.453643	0.489635	0.49824	0.485508	0.451377	0.39253	0.306236	0.195818	0.0706988	-0.0780632	-0.256226	-0.441425	-0.621223	-0.807437	-1.00949	-1.22689	-1.44101	-1.61105	-1.70325	-1.70293	-1.59518	-1.37413	-1.06814	-0.725393	-0.386262	-0.0869015	0.132229	0.241549	0.238304	0.144577	0	
0	-0.0401406	-0.075974	-0.118907	-0.167235	-0.215325	-0.267163	-0.31771	-0.356775	-0.384736	-0.398938	-0.390521	-0.359211	-0.307532	-0.241849	-0.150008	-0.0309573	0.100573	0.242274	0.393165	0.546623	0.676125	0.778606	0.867972	0.940189	0.991162	0.998164	0.949809	0.863095	0.763942	0.662353	0.55196	0.444964	0.343538	0.262404	0.216332	0.231281	0.297878	0.394493	0.493458	0.578662	0.622802	0.601926	0.50185	0.343976	0.144421	-0.0682187	-0.291118	-0.496715	-0.657782	-0.744639	-0.740069	-0.656557	-0.523962	-0.373994	-0.234286	-0.124263	-0.0394989	0.0187266	0.0634638	0.102736	0.138008	0.177698	0.224561	0.278025	0.331511	0.387956	0.439064	0.472567	0.496248	0.500716	0.475765	0.431154	0.368377	0.283053	0.170844	0.0355674	-0.109102	-0.266153	-0.438321	-0.605281	-0.760304	-0.920821	-1.0975	-1.28632	-1.46466	-1.59174	-1.63925	-1.60145	-1.47141	-1.24618	-0.951418	-0.629357	-0.31384	-0.0360137	0.166003	0.262623	0.250161	0.149769	0	
0	-0.0687845	-0.129929	-0.1993	-0.264479	-0.314455	-0.361154	-0.398519	-0.412484	-0.407799	-0.390581	-0.349745	-0.285469	-0.204063	-0.106091	0.0158812	0.159371	0.30734	0.450144	0.588624	0.72223	0.826108	0.905476	0.967621	1.00811	1.01946	0.981471	0.892419	0.774455	0.662353	0.563132	0.469305	0.384506	0.307076	0.246083	0.216193	0.241295	0.315152	0.414477	0.515375	0.599733	0.642875	0.619482	0.516822	0.354531	0.152228	-0.0664756	-0.291986	-0.502397	-0.667032	-0.755296	-0.752728	-0.668741	-0.534236	-0.37938	-0.235444	-0.117001	-0.0178079	0.0523368	0.109373	0.163557	0.21315	0.266533	0.322329	0.375713	0.42186	0.464379	0.493508	0.498281	0.490232	0.463507	0.409645	0.33782	0.248061	0.136075	0.000179003	-0.151243	-0.29998	-0.447496	-0.599625	-0.741773	-0.871529	-1.00642	-1.15355	-1.30554	-1.44063	-1.52403	-1.53581	-1.4771	-1.34346	-1.1295	-0.855271	-0.556845	-0.263315	-0.00321889	0.185964	0.274009	0.256097	0.15225	0	
0	-0.0939076	-0.176233	-0.254557	-0.322481	-0.371733	-0.406817	-0.422827	-0.414128	-0.386204	-0.339922	-0.271276	-0.179655	-0.0677849	0.0556807	0.197575	0.351227	0.494429	0.623047	0.741776	0.85129	0.934248	0.986169	1.01799	1.01846	0.986674	0.909	0.790629	0.660978	0.55196	0.469305	0.397059	0.335829	0.27778	0.232884	0.21274	0.245451	0.321448	0.422597	0.522014	0.6049	0.645606	0.619029	0.513314	0.348905	0.142465	-0.0763467	-0.305507	-0.51615	-0.679998	-0.767859	-0.76123	-0.671418	-0.529642	-0.36611	-0.208176	-0.077169	0.0315981	0.116708	0.189811	0.256052	0.312851	0.366156	0.415914	0.457414	0.483612	0.499855	0.499798	0.475122	0.438929	0.384864	0.303364	0.2037	0.0877697	-0.0451881	-0.192661	-0.343212	-0.478976	-0.605412	-0.733207	-0.850497	-0.954094	-1.05814	-1.16713	-1.27522	-1.36686	-1.41556	-1.40803	-1.34738	-1.22624	-1.03354	-0.783381	-0.507207	-0.231698	0.0151112	0.195336	0.27809	0.257604	0.152721	0	
0	-0.0923682	-0.173535	-0.25289	-0.3162	-0.351948	-0.372376	-0.3755	-0.348837	-0.300408	-0.237218	-0.145663	-0.0305371	0.0989186	0.23551	0.37932	0.523151	0.650294	0.757977	0.854282	0.942916	0.996715	1.01765	1.00769	0.966676	0.89576	0.791058	0.66169	0.536698	0.444964	0.384506	0.335829	0.294157	0.252358	0.217436	0.205936	0.241758	0.321131	0.421008	0.51962	0.599881	0.63672	0.606834	0.497316	0.329557	0.123525	-0.0973941	-0.322882	-0.529677	-0.687928	-0.76542	-0.74846	-0.648238	-0.493911	-0.316907	-0.14933	-0.00450006	0.121246	0.215821	0.292132	0.357067	0.407891	0.450012	0.480924	0.498018	0.498378	0.487843	0.460296	0.408691	0.344986	0.262026	0.152829	0.0296347	-0.102837	-0.242016	-0.383815	-0.518429	-0.632358	-0.735373	-0.839035	-0.929288	-1.0002	-1.06458	-1.12917	-1.19437	-1.25229	-1.28261	-1.27436	-1.22787	-1.12962	-0.962187	-0.735087	-0.477296	-0.215129	0.0224387	0.196722	0.276579	0.255667	0.151619	0	
0	-0.071491	-0.128959	-0.182649	-0.225283	-0.247243	-0.255654	-0.2434	-0.203388	-0.141233	-0.0577205	0.0476879	0.170532	0.301086	0.426934	0.552614	0.674445	0.775437	0.8585	0.930332	0.986477	1.00602	0.982114	0.931789	0.852329	0.75758	0.642859	0.519251	0.412139	0.343538	0.307076	0.27778	0.252358	0.220061	0.193879	0.185814	0.227189	0.30675	0.408348	0.505993	0.584958	0.621285	0.588876	0.479406	0.313669	0.108908	-0.104766	-0.325448	-0.523422	-0.669363	-0.734994	-0.703465	-0.586476	-0.418065	-0.22884	-0.0475982	0.10307	0.225583	0.316289	0.386851	0.440436	0.473238	0.492737	0.500845	0.493619	0.467348	0.430525	0.375648	0.294925	0.202902	0.0946545	-0.0341766	-0.168277	-0.300868	-0.42979	-0.553945	-0.666878	-0.75778	-0.836939	-0.912865	-0.968347	-0.997775	-1.01753	-1.0404	-1.07372	-1.1146	-1.14452	-1.15084	-1.12865	-1.05747	-0.914624	-0.707011	-0.462986	-0.209891	0.021568	0.191975	0.270567	0.250853	0.149178	0	
0	-0.0301346	-0.0533009	-0.0773312	-0.0904484	-0.081548	-0.0615069	-0.0269929	0.0358963	0.114117	0.200024	0.305121	0.416258	0.525447	0.626627	0.724506	0.817173	0.89004	0.941986	0.977835	0.994072	0.965097	0.899484	0.810533	0.709824	0.60564	0.497761	0.390465	0.306883	0.262404	0.246083	0.232884	0.217436	0.193879	0.171555	0.170606	0.214796	0.299616	0.402465	0.501847	0.582446	0.617903	0.586963	0.478901	0.316274	0.12008	-0.0869475	-0.295536	-0.479431	-0.611509	-0.659547	-0.612172	-0.485407	-0.309339	-0.116757	0.0581085	0.203013	0.320365	0.398771	0.451152	0.482788	0.49431	0.492406	0.474943	0.441143	0.389033	0.32356	0.238662	0.13237	0.0200589	-0.10283	-0.236344	-0.364232	-0.482971	-0.593597	-0.697101	-0.787403	-0.853188	-0.903162	-0.942943	-0.955441	-0.940151	-0.920058	-0.913763	-0.932485	-0.973886	-1.01756	-1.04752	-1.05339	-1.00871	-0.887169	-0.694724	-0.460284	-0.212956	0.0144993	0.182256	0.260648	0.243423	0.145485	0	
0	0.00807338	0.0301752	0.0518262	0.080504	0.127257	0.180314	0.24508	0.32653	0.414324	0.504568	0.598198	0.69042	0.774713	0.847312	0.914832	0.975488	1.00947	1.01918	1.00868	0.973179	0.899652	0.794651	0.685893	0.576289	0.47999	0.386702	0.301015	0.240354	0.216332	0.216193	0.21274	0.205936	0.185814	0.170606	0.173514	0.226481	0.315631	0.42413	0.528158	0.611428	0.651735	0.622437	0.519111	0.363719	0.173526	-0.0229424	-0.223413	-0.398717	-0.51999	-0.559986	-0.507377	-0.37562	-0.201005	-0.0151157	0.153218	0.284726	0.380961	0.438055	0.470932	0.482898	0.470665	0.44187	0.398679	0.336664	0.254248	0.163242	0.0578056	-0.0641006	-0.183724	-0.304333	-0.427345	-0.539626	-0.639987	-0.730358	-0.81151	-0.875179	-0.908638	-0.920772	-0.917694	-0.886271	-0.833387	-0.78768	-0.770076	-0.7914	-0.846407	-0.911425	-0.967693	-1.0007	-0.979339	-0.875073	-0.693956	-0.465929	-0.222143	0.00249737	0.168184	0.247057	0.233424	0.14053	0	
0	0.0617437	0.128669	0.195161	0.268377	0.355626	0.441863	0.528783	0.627371	0.717708	0.797402	0.880586	0.953966	1.01719	1.06588	1.1048	1.12944	1.12175	1.0841	1.02657	0.94819	0.839222	0.716653	0.601655	0.50178	0.419687	0.3467	0.280332	0.239478	0.231281	0.241295	0.245451	0.241758	0.227189	0.214796	0.226481	0.285496	0.382178	0.49564	0.602526	0.689645	0.728794	0.699743	0.596412	0.440823	0.254863	0.0598587	-0.137602	-0.307463	-0.425522	-0.461191	-0.405366	-0.278644	-0.112666	0.0613338	0.20913	0.32121	0.399944	0.437175	0.446925	0.430366	0.390391	0.335202	0.262762	0.174678	0.0739522	-0.032092	-0.148087	-0.269218	-0.37969	-0.488505	-0.596113	-0.689422	-0.768991	-0.836091	-0.889048	-0.917414	-0.910116	-0.880018	-0.83623	-0.770479	-0.695717	-0.642638	-0.630369	-0.666339	-0.741197	-0.828812	-0.909508	-0.966229	-0.964306	-0.873791	-0.701211	-0.477548	-0.236044	-0.0137453	0.149995	0.229792	0.220765	0.134234	0	
0	0.112144	0.233852	0.34745	0.458097	0.575411	0.682746	0.783553	0.884148	0.973694	1.05112	1.12425	1.18501	1.22779	1.25196	1.25777	1.24369	1.19105	1.11207	1.01921	0.914057	0.792573	0.669521	0.567709	0.485137	0.424206	0.369467	0.320574	0.295055	0.297878	0.315152	0.321448	0.321131	0.30675	0.299616	0.315631	0.382178	0.483429	0.598882	0.708096	0.79212	0.829414	0.794228	0.686163	0.528299	0.338841	0.142104	-0.0571938	-0.229833	-0.348672	-0.385224	-0.335357	-0.215092	-0.0603356	0.0965738	0.227027	0.317932	0.369448	0.377296	0.358297	0.315865	0.250436	0.170434	0.0800424	-0.0218075	-0.132866	-0.239687	-0.348356	-0.458708	-0.55641	-0.649535	-0.737733	-0.809065	-0.86315	-0.899046	-0.914635	-0.900704	-0.851133	-0.784457	-0.712197	-0.628922	-0.550457	-0.505815	-0.509723	-0.565394	-0.660124	-0.767275	-0.868311	-0.944759	-0.958885	-0.879622	-0.713926	-0.493563	-0.253837	-0.0339367	0.127675	0.208702	0.205266	0.126475	0	
0	0.15628	0.313296	0.462903	0.605001	0.744809	0.866605	0.976054	1.08505	1.17258	1.24283	1.30745	1.35005	1.3705	1.36418	1.33594	1.2841	1.19757	1.09173	0.9847	0.8743	0.759507	0.652819	0.572613	0.513027	0.471621	0.433132	0.397374	0.383402	0.394493	0.414477	0.422597	0.421008	0.408348	0.402465	0.42413	0.49564	0.598882	0.71553	0.820273	0.900685	0.928319	0.882891	0.765926	0.598444	0.403027	0.199694	-0.00647714	-0.182342	-0.304303	-0.345094	-0.299381	-0.190648	-0.0535833	0.0822394	0.184606	0.247199	0.270869	0.253284	0.212361	0.146537	0.0623315	-0.0289058	-0.127769	-0.231758	-0.334936	-0.432018	-0.532126	-0.628028	-0.706939	-0.780918	-0.845972	-0.887797	-0.906777	-0.903451	-0.877711	-0.823308	-0.740317	-0.651864	-0.568791	-0.485432	-0.41777	-0.391016	-0.414957	-0.489448	-0.600084	-0.721818	-0.838791	-0.931539	-0.959274	-0.889835	-0.730343	-0.512986	-0.275108	-0.0580444	0.101058	0.183553	0.186692	0.117098	0	
0	0.176935	0.3551	0.520635	0.676373	0.829911	0.964716	1.08432	1.19577	1.28401	1.34935	1.40191	1.42443	1.41582	1.38177	1.32275	1.24616	1.14108	1.02975	0.927905	0.830501	0.734678	0.653039	0.596716	0.559775	0.53421	0.5085	0.481956	0.477517	0.493458	0.515375	0.522014	0.51962	0.505993	0.501847	0.528158	0.602526	0.708096	0.820273	0.921589	0.991831	1.00831	0.948846	0.818514	0.639911	0.434719	0.220345	0.00559961	-0.178662	-0.309198	-0.35613	-0.322785	-0.230247	-0.112586	-0.00109066	0.0762558	0.114836	0.11563	0.0778686	0.0190535	-0.0578903	-0.14602	-0.23791	-0.331424	-0.426932	-0.522015	-0.607693	-0.69111	-0.767049	-0.82486	-0.873065	-0.904319	-0.907667	-0.886642	-0.843843	-0.782273	-0.699106	-0.599313	-0.507268	-0.429668	-0.358768	-0.309693	-0.303478	-0.34582	-0.434724	-0.555732	-0.68704	-0.816292	-0.922859	-0.962693	-0.902519	-0.749286	-0.535222	-0.299702	-0.0861953	0.0698979	0.154066	0.164777	0.105923	0	
0	0.174681	0.350676	0.521142	0.681338	0.836677	0.97196	1.09143	1.20194	1.28132	1.3338	1.3674	1.36748	1.33716	1.28274	1.212	1.12846	1.02815	0.931523	0.852292	0.778667	0.710045	0.65407	0.622898	0.603401	0.592135	0.573971	0.5561	0.558024	0.578662	0.599733	0.6049	0.599881	0.584958	0.582446	0.611428	0.689645	0.79212	0.900685	0.991831	1.05024	1.05006	0.971428	0.824294	0.629548	0.409663	0.181613	-0.046497	-0.242467	-0.38058	-0.437329	-0.41453	-0.335501	-0.236002	-0.144701	-0.0877491	-0.0653022	-0.0801211	-0.128052	-0.188341	-0.26485	-0.350003	-0.435128	-0.521371	-0.607177	-0.685464	-0.752383	-0.817205	-0.867483	-0.892919	-0.905384	-0.897524	-0.861088	-0.803328	-0.730396	-0.647551	-0.552961	-0.454004	-0.373351	-0.311549	-0.25874	-0.229635	-0.241703	-0.297858	-0.395594	-0.521596	-0.658396	-0.797342	-0.916104	-0.967203	-0.916336	-0.769948	-0.559908	-0.327617	-0.118611	0.0339082	0.119956	0.139245	0.0927563	0	
0	0.166503	0.328579	0.484606	0.632982	0.775495	0.898077	1.00288	1.09262	1.14899	1.17872	1.19284	1.17306	1.12955	1.07387	1.00692	0.938541	0.859689	0.791881	0.744778	0.699461	0.65821	0.628974	0.617223	0.615534	0.612131	0.602768	0.590006	0.599803	0.622802	0.642875	0.645606	0.63672	0.621285	0.617903	0.651735	0.728794	0.829414	0.928319	1.00831	1.05006	1.02909	0.928221	0.760867	0.546508	0.311633	0.0668441	-0.174576	-0.378479	-0.524407	-0.5843	-0.566101	-0.495926	-0.406828	-0.326249	-0.27968	-0.266526	-0.28569	-0.331372	-0.390369	-0.464383	-0.541476	-0.615987	-0.687949	-0.755996	-0.814531	-0.858236	-0.892486	-0.905623	-0.894106	-0.86972	-0.824092	-0.754994	-0.673785	-0.587391	-0.500375	-0.41019	-0.325189	-0.264351	-0.221692	-0.186728	-0.174821	-0.200584	-0.265234	-0.366597	-0.493225	-0.632643	-0.779646	-0.909533	-0.971441	-0.9303	-0.791718	-0.586807	-0.35895	-0.155564	-0.00719834	0.0809553	0.109821	0.0773969	0	
