0	0	0	0	0	0	0	0	0	0	0	0	0	0	0	0	0	0	0	0	0	0	0	0	0	0	0	0	0	0	0	0	0	0	0	0	0	0	0	0	0	0	0	0	0	0	0	0	0	0	0	0	0	0	0	0	0	0	0	0	0	0	0	0	0	0	0	0	0	0	0	0	0	0	0	0	0	0	0	0	0	0	0	0	0	0	0	0	0	0	0	0	0	0	0	0	0	0	0	0	
0	0.000958291	-0.000448409	0.00185763	-0.000146909	0.000783905	0.00025035	-0.0012882	-0.000845745	-0.0034929	-0.00426305	-0.00740417	-0.0107898	-0.0154489	-0.0220747	-0.0275505	-0.0344742	-0.0370283	-0.0348925	-0.0265825	-0.0106668	0.0131205	0.0351606	0.0566924	0.070039	0.0700048	0.0624276	0.0479688	0.0309145	0.0149101	-0.00189651	-0.0175383	-0.0284865	-0.036303	-0.0355893	-0.0251262	-0.00987156	-0.000704925	0.00532605	0.00601534	0.00361418	-0.000558875	-0.00490152	-0.0107106	-0.00807527	-0.000956567	0.00298525	0.00344582	-9.05823e-05	-0.00459177	-0.00422998	-0.00108768	0.00154534	0.000833666	0.00131929	-0.00160599	-0.00235481	-0.00185185	0.00163386	0.00293119	-0.0034441	-0.00403636	-3.63428e-05	0.00282458	-0.0018665	-0.00289103	0.00105603	0.00228892	0.00218356	0.00218434	0.00514644	0.00904085	0.0143677	0.0178666	0.0216731	0.0317034	0.0392845	0.0344157	0.0253786	0.0175193	-0.000909187	-0.0269972	-0.0518224	-0.0695341	-0.0724395	-0.0660807	-0.0538592	-0.0377074	-0.0244623	-0.0104103	0.00805879	0.0259182	0.0374372	0.0389153	0.0263782	0.00562779	-0.00530877	-0.00603326	-0.0056016	0	
0	-0.000448409	-0.00161201	-0.000896497	-0.00256433	-0.000905584	-0.00223769	-0.00192731	-0.00208585	-0.00544652	-0.00724399	-0.0134857	-0.0221797	-0.0308995	-0.0447555	-0.0571533	-0.0666181	-0.0722663	-0.0679624	-0.0475779	-0.019356	0.0256024	0.0710071	0.112394	0.138279	0.141957	0.128615	0.0982081	0.0623002	0.0288273	-0.001079	-0.0325205	-0.0570597	-0.072225	-0.0669059	-0.0485265	-0.0212884	-0.00121171	0.0134951	0.0139843	0.00775359	3.75795e-05	-0.00759751	-0.0196301	-0.0144415	-0.00181146	0.00738368	0.0067478	0.000679533	-0.00956694	-0.00888202	-0.00283999	0.000714781	0.00120213	-0.000386801	-0.00359459	-0.00677761	-0.0044147	0.00314938	0.00524235	-0.00486622	-0.00699847	0.00191091	0.00690311	-0.00238243	-0.00519901	0.00176758	0.00305426	0.00209468	0.0036239	0.00803438	0.018234	0.0300996	0.0359478	0.0469506	0.0642935	0.0767221	0.0691352	0.0482059	0.0323589	-0.000527461	-0.0528268	-0.10162	-0.13585	-0.144444	-0.134099	-0.110153	-0.0759227	-0.0467645	-0.0207575	0.0140292	0.0525008	0.075945	0.0752517	0.0506454	0.0134028	-0.0080977	-0.012402	-0.0123625	0	
0	0.00185763	-0.000896497	0.00371382	-0.000626945	0.00169372	-0.000376954	-0.00315928	-0.00335429	-0.010005	-0.0127558	-0.0224645	-0.0325536	-0.0467748	-0.0661128	-0.0831709	-0.10197	-0.11036	-0.103851	-0.0787307	-0.0323843	0.0364198	0.103459	0.166936	0.206682	0.209476	0.187998	0.144034	0.093418	0.0453735	-0.00366755	-0.0505792	-0.084462	-0.107935	-0.105141	-0.0756484	-0.0321596	-0.00374798	0.0149815	0.0174412	0.0104683	-0.00114371	-0.0144748	-0.0305215	-0.0237858	-0.00417984	0.00797048	0.00966887	-0.000214991	-0.0134384	-0.0124993	-0.00396841	0.00304865	0.00226761	0.00269574	-0.00436011	-0.00756347	-0.00562326	0.00456239	0.00749514	-0.00862148	-0.0113114	0.000155945	0.00760184	-0.0051052	-0.00742718	0.00245109	0.00576318	0.00591322	0.0067635	0.0151226	0.0270348	0.0425572	0.0536003	0.0665944	0.0942124	0.115153	0.102835	0.0763835	0.0518706	-0.00142282	-0.0787214	-0.152882	-0.204657	-0.215625	-0.198901	-0.162579	-0.114552	-0.0740693	-0.0320813	0.0222313	0.0762182	0.110613	0.113657	0.0777146	0.0197888	-0.0127278	-0.0169125	-0.0155512	0	
0	-0.000146909	-0.00256433	-0.000626945	-0.00365135	-0.00183442	-0.00328297	-0.0046644	-0.00502205	-0.0111763	-0.0162869	-0.0272978	-0.0441457	-0.0621527	-0.0887215	-0.112978	-0.134329	-0.144695	-0.13653	-0.0995822	-0.0408815	0.046635	0.136069	0.218377	0.270892	0.278637	0.252792	0.196223	0.127001	0.0597965	-0.00281808	-0.0634192	-0.11208	-0.14168	-0.135369	-0.0995757	-0.0473989	-0.00634893	0.0215463	0.0244133	0.014147	-0.000620325	-0.0166488	-0.0379568	-0.0293246	-0.00678029	0.0111849	0.0123232	0.000372453	-0.0174695	-0.0170732	-0.00638393	0.000737922	0.00174142	0.000343551	-0.00689029	-0.0120181	-0.00871027	0.00493184	0.0087191	-0.0093857	-0.0127717	0.00199999	0.0103231	-0.00416154	-0.00855888	0.00284691	0.00594731	0.00483242	0.00849898	0.0177387	0.0350016	0.057366	0.0718018	0.0927232	0.126641	0.150521	0.136562	0.100355	0.0661094	-0.00149097	-0.102293	-0.198786	-0.266423	-0.284721	-0.265777	-0.220442	-0.156864	-0.0980902	-0.0420146	0.0270702	0.100462	0.146212	0.146083	0.100384	0.0312034	-0.011468	-0.0218081	-0.020958	0	
0	0.000783905	-0.000905584	0.00169372	-0.00183442	0.000429136	-0.00325305	-0.00472377	-0.00779667	-0.0158639	-0.0221488	-0.0378284	-0.0553516	-0.0793933	-0.110203	-0.140257	-0.16749	-0.182462	-0.171875	-0.130492	-0.0560095	0.0512303	0.163889	0.267079	0.332609	0.344402	0.312438	0.240402	0.157106	0.0768395	-0.00237303	-0.0789721	-0.138384	-0.177008	-0.172681	-0.128072	-0.062475	-0.0126034	0.0194467	0.0257448	0.0152205	-0.00175764	-0.0243508	-0.0469731	-0.0391126	-0.0115533	0.00927959	0.0132813	-0.0011389	-0.0211752	-0.020695	-0.00887777	0.000466663	0.00238996	0.00125065	-0.00693385	-0.0134462	-0.00991672	0.00580799	0.00853238	-0.0105519	-0.0161078	0.000123221	0.00958173	-0.00673919	-0.00909714	0.00236359	0.00684437	0.00815091	0.0119647	0.0245236	0.0440706	0.0689961	0.0891612	0.114364	0.154714	0.184175	0.16958	0.129136	0.0847774	0.000274041	-0.124099	-0.245878	-0.329149	-0.353321	-0.331851	-0.274109	-0.196551	-0.12637	-0.055576	0.0316472	0.120962	0.177667	0.180294	0.125678	0.0414812	-0.0114206	-0.0238002	-0.0215742	0	
0	0.00025035	-0.00223769	-0.000376954	-0.00328297	-0.00325305	-0.00461797	-0.00832306	-0.0108036	-0.0186504	-0.0286165	-0.0441646	-0.0674307	-0.0960534	-0.133067	-0.169303	-0.203077	-0.218708	-0.207324	-0.15794	-0.0692691	0.0563549	0.188663	0.309713	0.389533	0.405197	0.368754	0.290645	0.192891	0.0924366	-0.00432419	-0.0930257	-0.165265	-0.208847	-0.205642	-0.156939	-0.0839839	-0.021547	0.0185967	0.0267963	0.0159488	-0.00431755	-0.0292555	-0.0549303	-0.0465997	-0.0182355	0.00746587	0.0130827	-0.00287692	-0.024381	-0.0252049	-0.0128471	-0.00240774	0.000312125	-3.98188e-05	-0.00977356	-0.0165173	-0.0124579	0.00369405	0.00815772	-0.0121663	-0.0168302	-0.00034866	0.00807274	-0.00533019	-0.00919722	0.00218332	0.00752214	0.00814365	0.0148953	0.0290394	0.0504993	0.0805768	0.106878	0.138097	0.184794	0.217454	0.201717	0.157201	0.101363	-0.000979445	-0.145241	-0.286447	-0.385581	-0.417873	-0.394475	-0.331342	-0.24475	-0.156484	-0.0662548	0.0365685	0.140299	0.206112	0.207932	0.147655	0.0571611	-0.00505063	-0.0251903	-0.0235635	0	
0	-0.0012882	-0.00192731	-0.00315928	-0.0046644	-0.00472377	-0.00832306	-0.0096965	-0.0155634	-0.0237817	-0.0357857	-0.0553848	-0.0817801	-0.115823	-0.156971	-0.200702	-0.23595	-0.256517	-0.243465	-0.188286	-0.0876977	0.051336	0.206423	0.346767	0.438517	0.464247	0.425929	0.333431	0.219536	0.106325	-0.00303894	-0.106039	-0.192442	-0.245019	-0.243378	-0.18868	-0.107862	-0.0354913	0.00975023	0.0235419	0.0127406	-0.00805478	-0.0382588	-0.0631571	-0.0575044	-0.0273921	0.00153716	0.00944749	-0.00671394	-0.0288402	-0.0306874	-0.0183884	-0.00795357	-0.00191634	-0.00395732	-0.0118677	-0.0200369	-0.0154053	0.00205553	0.00444124	-0.0114611	-0.0179302	-0.00224241	0.00616279	-0.00631126	-0.00846986	0.000737879	0.00589303	0.00902953	0.0177991	0.0336963	0.0588	0.0921559	0.123882	0.1628	0.212213	0.245044	0.233095	0.185607	0.117386	0.00285891	-0.160858	-0.32491	-0.438636	-0.481737	-0.461155	-0.388792	-0.287766	-0.184968	-0.0816328	0.0356193	0.155122	0.232259	0.235762	0.170092	0.0728325	0.0023002	-0.0231455	-0.02131	0	
0	-0.000845745	-0.00208585	-0.00335429	-0.00502205	-0.00779667	-0.0108036	-0.0155634	-0.0228372	-0.0320653	-0.0476556	-0.0688975	-0.0980393	-0.137967	-0.183491	-0.23323	-0.276069	-0.299212	-0.285835	-0.226298	-0.112678	0.0438207	0.217361	0.373934	0.480356	0.511458	0.469256	0.373728	0.250945	0.119786	-0.00878222	-0.125906	-0.222413	-0.280078	-0.282385	-0.227457	-0.140339	-0.0576649	-0.00525425	0.0130281	0.00469122	-0.0182502	-0.0508288	-0.0753371	-0.0718364	-0.0416273	-0.0100956	0.000912117	-0.0145831	-0.0350269	-0.0378855	-0.0269356	-0.0143974	-0.00738699	-0.00771119	-0.015786	-0.0235529	-0.017944	-0.00338055	0.000169351	-0.0138042	-0.0195875	-0.00625363	-4.77079e-05	-0.00692537	-0.00857111	-0.000958496	0.00584308	0.0106756	0.021454	0.0396185	0.0652183	0.100607	0.139813	0.184056	0.237855	0.273997	0.264151	0.21676	0.136426	0.00321316	-0.178086	-0.358764	-0.487631	-0.540844	-0.520203	-0.444645	-0.339077	-0.221619	-0.0966779	0.0383783	0.168119	0.251611	0.25753	0.191073	0.0927246	0.0152325	-0.019026	-0.0194383	0	
0	-0.0034929	-0.00544652	-0.010005	-0.0111763	-0.0158639	-0.0186504	-0.0237817	-0.0320653	-0.0419264	-0.0607704	-0.0844261	-0.119293	-0.164404	-0.215278	-0.271944	-0.317816	-0.343038	-0.330396	-0.264544	-0.142919	0.0246464	0.21547	0.388921	0.508744	0.551524	0.510445	0.408368	0.270406	0.124172	-0.0162798	-0.145189	-0.255932	-0.322045	-0.327735	-0.27147	-0.180097	-0.0886753	-0.0290861	-0.00467462	-0.00971134	-0.033578	-0.0665783	-0.0904732	-0.0892941	-0.0604832	-0.0262848	-0.0134086	-0.0266028	-0.0444352	-0.0492702	-0.0395942	-0.0272101	-0.0176792	-0.0181876	-0.0245155	-0.0312908	-0.024605	-0.0121894	-0.00801102	-0.0164042	-0.0205815	-0.0102793	-0.00566064	-0.0069862	-0.00893777	-0.00368605	0.0029589	0.00890327	0.0227719	0.0422919	0.0710891	0.110783	0.155996	0.208245	0.263943	0.298103	0.292784	0.244812	0.151937	0.00650109	-0.18853	-0.385176	-0.530069	-0.598027	-0.582782	-0.504524	-0.388608	-0.253845	-0.113531	0.0335123	0.174749	0.268069	0.277835	0.211503	0.113581	0.0305511	-0.0111852	-0.0141238	0	
0	-0.00426305	-0.00724399	-0.0127558	-0.0162869	-0.0221488	-0.0286165	-0.0357857	-0.0476556	-0.0607704	-0.0825137	-0.110111	-0.148234	-0.19844	-0.253637	-0.317494	-0.367498	-0.398724	-0.385857	-0.318047	-0.186323	-0.00710905	0.201356	0.390108	0.522588	0.574482	0.535515	0.430079	0.283385	0.124864	-0.0314934	-0.176069	-0.297615	-0.369988	-0.381241	-0.326074	-0.232455	-0.133693	-0.0686501	-0.0347716	-0.0368479	-0.0593963	-0.0943754	-0.114697	-0.117481	-0.0888277	-0.0544113	-0.039159	-0.047886	-0.0615645	-0.0667779	-0.0587033	-0.0451945	-0.032908	-0.0326378	-0.0362256	-0.0406249	-0.0335757	-0.0237162	-0.0207278	-0.0224797	-0.0253808	-0.0201101	-0.0153251	-0.0125155	-0.0121075	-0.00787685	-0.000926563	0.00941907	0.0245332	0.0458867	0.0773489	0.118044	0.168928	0.227901	0.285844	0.320691	0.321872	0.275651	0.170068	0.0102691	-0.198072	-0.409804	-0.569356	-0.649527	-0.640216	-0.561731	-0.439729	-0.292839	-0.13504	0.0288669	0.178813	0.277986	0.293654	0.231021	0.13624	0.0502636	0.000343863	-0.00823018	0	
0	-0.00740417	-0.0134857	-0.0224645	-0.0272978	-0.0378284	-0.0441646	-0.0553848	-0.0688975	-0.0844261	-0.110111	-0.141853	-0.184209	-0.241446	-0.302491	-0.371443	-0.428969	-0.460697	-0.451346	-0.378048	-0.243511	-0.0512672	0.168505	0.370305	0.518215	0.581636	0.543581	0.439587	0.286553	0.112222	-0.0586233	-0.216464	-0.347783	-0.428345	-0.443576	-0.394917	-0.298767	-0.195736	-0.119975	-0.0815072	-0.0757493	-0.0995396	-0.129402	-0.149974	-0.153484	-0.12729	-0.0929256	-0.0757588	-0.0794951	-0.0871633	-0.0931458	-0.0869738	-0.0720335	-0.0591628	-0.05647	-0.0576209	-0.0589988	-0.0488642	-0.045023	-0.0383681	-0.0348556	-0.0343977	-0.0310693	-0.0292378	-0.0186334	-0.0182124	-0.0155262	-0.00604337	0.00488944	0.0221531	0.046554	0.0804209	0.124632	0.182029	0.246825	0.306573	0.342819	0.34789	0.301843	0.187784	0.0140942	-0.205201	-0.425014	-0.601266	-0.698847	-0.695524	-0.618988	-0.494074	-0.33346	-0.156959	0.0208008	0.177034	0.282034	0.305138	0.249625	0.161028	0.0734903	0.0151366	-0.000879581	0	
0	-0.0107898	-0.0221797	-0.0325536	-0.0441457	-0.0553516	-0.0674307	-0.0817801	-0.0980393	-0.119293	-0.148234	-0.184209	-0.234177	-0.294731	-0.363419	-0.439287	-0.500224	-0.538004	-0.528923	-0.455404	-0.313779	-0.116112	0.115834	0.331503	0.491547	0.56463	0.538495	0.434262	0.269675	0.0860528	-0.0955425	-0.26669	-0.410067	-0.498975	-0.522844	-0.475393	-0.38084	-0.274422	-0.195161	-0.144493	-0.133846	-0.153325	-0.181983	-0.199165	-0.204299	-0.179786	-0.14693	-0.129459	-0.125405	-0.127191	-0.132139	-0.126677	-0.111691	-0.0964955	-0.0920778	-0.0898915	-0.0849902	-0.0755005	-0.0723066	-0.0663681	-0.0554878	-0.0497953	-0.051735	-0.0462503	-0.0332855	-0.0306345	-0.0256124	-0.0168753	-0.00166315	0.0168618	0.0427896	0.0819503	0.129402	0.19069	0.262305	0.325188	0.36117	0.372075	0.327976	0.202796	0.0188396	-0.205921	-0.437278	-0.629597	-0.74039	-0.749526	-0.678956	-0.545982	-0.372364	-0.183439	0.00568467	0.168641	0.280966	0.315102	0.268499	0.184702	0.0976172	0.0344904	0.00988792	0	
0	-0.0154489	-0.0308995	-0.0467748	-0.0621527	-0.0793933	-0.0960534	-0.115823	-0.137967	-0.164404	-0.19844	-0.241446	-0.294731	-0.36288	-0.436965	-0.51741	-0.586277	-0.626536	-0.621821	-0.546716	-0.404091	-0.196552	0.0448576	0.271662	0.445118	0.530832	0.507929	0.40724	0.245001	0.0525852	-0.145819	-0.332243	-0.484495	-0.580979	-0.609106	-0.570916	-0.480811	-0.374686	-0.285162	-0.227956	-0.209744	-0.226705	-0.249185	-0.265295	-0.270145	-0.247811	-0.219003	-0.200325	-0.189757	-0.183683	-0.186897	-0.181435	-0.165674	-0.149585	-0.141969	-0.135214	-0.124782	-0.112321	-0.112103	-0.104275	-0.0869981	-0.0780651	-0.0792865	-0.0741181	-0.0577048	-0.0514602	-0.0455715	-0.031972	-0.0143125	0.0055219	0.0367537	0.0796224	0.130506	0.196325	0.271543	0.337131	0.377961	0.393441	0.349505	0.219936	0.0259521	-0.207437	-0.445516	-0.652181	-0.779659	-0.798308	-0.731207	-0.599193	-0.420023	-0.21513	-0.0107293	0.157862	0.274405	0.318191	0.283709	0.210347	0.126999	0.0563912	0.0189594	0	
0	-0.0220747	-0.0447555	-0.0661128	-0.0887215	-0.110203	-0.133067	-0.156971	-0.183491	-0.215278	-0.253637	-0.302491	-0.363419	-0.436965	-0.52049	-0.607054	-0.681523	-0.726684	-0.723044	-0.647516	-0.503155	-0.290889	-0.0443458	0.191787	0.377929	0.474035	0.467249	0.372573	0.204425	0.00200759	-0.204787	-0.402643	-0.56433	-0.67117	-0.709157	-0.678751	-0.591638	-0.486804	-0.393935	-0.329398	-0.30239	-0.313085	-0.330602	-0.345365	-0.348117	-0.329089	-0.30439	-0.287042	-0.268794	-0.256751	-0.255849	-0.250598	-0.235255	-0.219205	-0.209214	-0.198214	-0.181951	-0.167485	-0.167692	-0.158245	-0.135552	-0.120365	-0.11951	-0.110921	-0.0923419	-0.0826498	-0.0719592	-0.0559243	-0.0361334	-0.0147579	0.0195456	0.0689778	0.125231	0.195596	0.27643	0.346693	0.392634	0.410235	0.365105	0.231049	0.0304551	-0.204076	-0.447471	-0.668884	-0.811368	-0.845552	-0.788554	-0.652836	-0.462379	-0.247186	-0.0361896	0.137077	0.261286	0.319854	0.301052	0.234904	0.153295	0.0807454	0.0335295	0	
0	-0.0275505	-0.0571533	-0.0831709	-0.112978	-0.140257	-0.169303	-0.200702	-0.23323	-0.271944	-0.317494	-0.371443	-0.439287	-0.51741	-0.607054	-0.697032	-0.778465	-0.826329	-0.825789	-0.754402	-0.605888	-0.391485	-0.138237	0.108956	0.306083	0.412667	0.41737	0.328591	0.164845	-0.0387739	-0.260008	-0.469951	-0.644286	-0.759567	-0.805846	-0.780324	-0.706202	-0.606746	-0.511321	-0.436885	-0.404158	-0.408484	-0.422149	-0.434591	-0.435476	-0.420839	-0.402914	-0.387512	-0.364903	-0.34635	-0.341552	-0.334558	-0.321076	-0.305313	-0.291857	-0.277658	-0.253403	-0.238285	-0.235248	-0.225794	-0.199574	-0.178644	-0.174914	-0.162841	-0.14514	-0.130834	-0.114466	-0.0932334	-0.0700147	-0.045207	-0.00440454	0.0507344	0.113618	0.187115	0.269365	0.346515	0.399127	0.419459	0.376813	0.240845	0.0369825	-0.198981	-0.451402	-0.68492	-0.839377	-0.887169	-0.837217	-0.703784	-0.511915	-0.288017	-0.0674409	0.113235	0.246177	0.317308	0.312352	0.25709	0.182728	0.10778	0.0473272	0	
0	-0.0344742	-0.0666181	-0.10197	-0.134329	-0.16749	-0.203077	-0.23595	-0.276069	-0.317816	-0.367498	-0.428969	-0.500224	-0.586277	-0.681523	-0.778465	-0.863121	-0.916745	-0.917024	-0.84596	-0.698182	-0.482357	-0.224737	0.027932	0.233518	0.356091	0.375187	0.294685	0.135939	-0.0721695	-0.302322	-0.523401	-0.707512	-0.832184	-0.887013	-0.876479	-0.812737	-0.717395	-0.620867	-0.544778	-0.505699	-0.500387	-0.510584	-0.520272	-0.52069	-0.509751	-0.50044	-0.488035	-0.463995	-0.441433	-0.431116	-0.423985	-0.413877	-0.39965	-0.387116	-0.368156	-0.342701	-0.324089	-0.319392	-0.311241	-0.281093	-0.258238	-0.244902	-0.230793	-0.213563	-0.192427	-0.171217	-0.143939	-0.118232	-0.090661	-0.0444657	0.0182105	0.0875736	0.16614	0.254129	0.336858	0.39916	0.422606	0.376034	0.241757	0.0409472	-0.196262	-0.452706	-0.693378	-0.863111	-0.927928	-0.886556	-0.755414	-0.560243	-0.331074	-0.105984	0.0825577	0.224378	0.308392	0.322728	0.281164	0.210383	0.132435	0.0619528	0	
0	-0.0370283	-0.0722663	-0.11036	-0.144695	-0.182462	-0.218708	-0.256517	-0.299212	-0.343038	-0.398724	-0.460697	-0.538004	-0.626536	-0.726684	-0.826329	-0.916745	-0.972126	-0.974796	-0.907119	-0.757351	-0.540408	-0.281609	-0.0223011	0.192842	0.323622	0.357018	0.290395	0.140233	-0.0696098	-0.308125	-0.537905	-0.734273	-0.870438	-0.937652	-0.93474	-0.883852	-0.80036	-0.710522	-0.630166	-0.583132	-0.57189	-0.579924	-0.588154	-0.586032	-0.583238	-0.582055	-0.576798	-0.555287	-0.531277	-0.51682	-0.510069	-0.505014	-0.495338	-0.483371	-0.464841	-0.437443	-0.41779	-0.411312	-0.403322	-0.376579	-0.34884	-0.329222	-0.314291	-0.296388	-0.27327	-0.244747	-0.212266	-0.184889	-0.151059	-0.0992326	-0.0305084	0.0474065	0.131359	0.221785	0.314224	0.386819	0.411196	0.367526	0.236426	0.0381028	-0.195763	-0.457261	-0.706086	-0.884492	-0.960833	-0.93055	-0.807911	-0.612903	-0.379961	-0.152737	0.04358	0.199513	0.299842	0.329452	0.297635	0.2332	0.158815	0.0812109	0	
0	-0.0348925	-0.0679624	-0.103851	-0.13653	-0.171875	-0.207324	-0.243465	-0.285835	-0.330396	-0.385857	-0.451346	-0.528923	-0.621821	-0.723044	-0.825789	-0.917024	-0.974796	-0.977173	-0.913727	-0.762652	-0.551378	-0.290076	-0.0270131	0.193306	0.339578	0.388538	0.330308	0.189176	-0.0170596	-0.260227	-0.499953	-0.709413	-0.855805	-0.9321	-0.943816	-0.911584	-0.83898	-0.754299	-0.674683	-0.626212	-0.606776	-0.613651	-0.617024	-0.618489	-0.621198	-0.631368	-0.633499	-0.620671	-0.597544	-0.580255	-0.576032	-0.577047	-0.574206	-0.566477	-0.550565	-0.525879	-0.506632	-0.498929	-0.495886	-0.472874	-0.445744	-0.42111	-0.406214	-0.391704	-0.36528	-0.333628	-0.298039	-0.266801	-0.228625	-0.170763	-0.0951216	-0.0101303	0.0802064	0.175882	0.275522	0.356009	0.384933	0.342359	0.215897	0.0298877	-0.200245	-0.466777	-0.717391	-0.905496	-0.996892	-0.975215	-0.857849	-0.666109	-0.43672	-0.208727	0.000249354	0.170981	0.282861	0.328659	0.314226	0.256928	0.179953	0.0945364	0	
0	-0.0265825	-0.0475779	-0.0787307	-0.0995822	-0.130492	-0.15794	-0.188286	-0.226298	-0.264544	-0.318047	-0.378048	-0.455404	-0.546716	-0.647516	-0.754402	-0.84596	-0.907119	-0.913727	-0.849141	-0.701389	-0.490643	-0.22899	0.03385	0.256229	0.412323	0.469482	0.429997	0.302913	0.0982691	-0.149121	-0.396925	-0.618807	-0.775794	-0.865187	-0.892408	-0.874555	-0.815483	-0.743564	-0.669322	-0.615197	-0.59002	-0.594359	-0.595746	-0.59771	-0.608407	-0.626996	-0.640599	-0.638987	-0.619313	-0.602677	-0.600751	-0.611033	-0.615496	-0.617508	-0.607532	-0.590823	-0.574568	-0.57017	-0.574065	-0.559586	-0.536107	-0.510006	-0.499025	-0.484943	-0.460061	-0.426973	-0.389973	-0.358494	-0.31521	-0.256247	-0.177668	-0.0873187	0.00786293	0.111191	0.218535	0.307807	0.343907	0.303589	0.183925	0.00774832	-0.220623	-0.48628	-0.735922	-0.929518	-1.0271	-1.01586	-0.912691	-0.727665	-0.500669	-0.27161	-0.0514759	0.135921	0.263239	0.324157	0.322753	0.271867	0.198219	0.110512	0	
0	-0.0106668	-0.019356	-0.0323843	-0.0408815	-0.0560095	-0.0692691	-0.0876977	-0.112678	-0.142919	-0.186323	-0.243511	-0.313779	-0.404091	-0.503155	-0.605888	-0.698182	-0.757351	-0.762652	-0.701389	-0.558383	-0.351339	-0.09716	0.162547	0.389597	0.553424	0.623723	0.596552	0.479474	0.279288	0.0338312	-0.223923	-0.454074	-0.625755	-0.727974	-0.770801	-0.766462	-0.728435	-0.668571	-0.600387	-0.54268	-0.515677	-0.515606	-0.512596	-0.517366	-0.534092	-0.561638	-0.58748	-0.600006	-0.587674	-0.57269	-0.577423	-0.593014	-0.610042	-0.62079	-0.6218	-0.614334	-0.602263	-0.605101	-0.615101	-0.612901	-0.595363	-0.575842	-0.571408	-0.561964	-0.543763	-0.516462	-0.485011	-0.452795	-0.409635	-0.34874	-0.268081	-0.176147	-0.0722573	0.0356538	0.146149	0.2401	0.278194	0.243565	0.133604	-0.0317469	-0.251005	-0.512707	-0.76294	-0.959492	-1.06364	-1.0631	-0.969734	-0.793171	-0.573128	-0.343359	-0.112443	0.0929957	0.237881	0.31215	0.323074	0.280968	0.211333	0.122029	0	
0	0.0131205	0.0256024	0.0364198	0.046635	0.0512303	0.0563549	0.051336	0.0438207	0.0246464	-0.00710905	-0.0512672	-0.116112	-0.196552	-0.290889	-0.391485	-0.482357	-0.540408	-0.551378	-0.490643	-0.351339	-0.15108	0.100084	0.356196	0.580104	0.746122	0.823791	0.81118	0.705561	0.513773	0.270185	0.00663819	-0.238036	-0.421973	-0.53584	-0.593658	-0.609953	-0.588336	-0.541301	-0.482469	-0.426115	-0.395202	-0.386218	-0.379397	-0.384247	-0.404658	-0.43658	-0.474336	-0.499812	-0.493733	-0.48423	-0.490796	-0.512883	-0.538611	-0.561063	-0.575388	-0.577248	-0.576408	-0.586967	-0.608954	-0.619705	-0.613143	-0.608478	-0.611435	-0.607923	-0.599054	-0.581278	-0.557617	-0.528759	-0.487337	-0.431963	-0.357576	-0.267545	-0.164491	-0.0514341	0.0616003	0.153414	0.200261	0.17354	0.0688486	-0.0867933	-0.300987	-0.558746	-0.803915	-0.997941	-1.10389	-1.11302	-1.03273	-0.868636	-0.658273	-0.427664	-0.181822	0.0443649	0.203151	0.28782	0.314602	0.284442	0.216352	0.125046	0	
0	0.0351606	0.0710071	0.103459	0.136069	0.163889	0.188663	0.206423	0.217361	0.21547	0.201356	0.168505	0.115834	0.0448576	-0.0443458	-0.138237	-0.224737	-0.281609	-0.290076	-0.22899	-0.09716	0.100084	0.341361	0.587961	0.808056	0.97635	1.05968	1.05932	0.964415	0.784596	0.541332	0.269733	0.0182975	-0.176109	-0.308521	-0.383386	-0.412018	-0.408113	-0.380362	-0.332363	-0.274866	-0.239853	-0.222234	-0.209416	-0.211241	-0.230735	-0.265504	-0.312651	-0.348164	-0.35022	-0.346514	-0.35497	-0.379507	-0.412646	-0.446417	-0.472047	-0.4842	-0.492772	-0.512699	-0.544274	-0.564068	-0.571798	-0.583979	-0.596212	-0.601265	-0.604537	-0.604575	-0.595205	-0.573055	-0.54188	-0.495354	-0.429087	-0.34846	-0.244664	-0.129057	-0.0231286	0.0644985	0.112017	0.0886456	-0.00811351	-0.160406	-0.368571	-0.615507	-0.856137	-1.0471	-1.15431	-1.17181	-1.10397	-0.958652	-0.757402	-0.518317	-0.261672	-0.0218183	0.15719	0.257305	0.292554	0.271609	0.213391	0.126669	0	
0	0.0566924	0.112394	0.166936	0.218377	0.267079	0.309713	0.346767	0.373934	0.388921	0.390108	0.370305	0.331503	0.271662	0.191787	0.108956	0.027932	-0.0223011	-0.0270131	0.03385	0.162547	0.356196	0.587961	0.827533	1.04587	1.20968	1.30099	1.31085	1.22745	1.05487	0.817123	0.545248	0.286377	0.0737997	-0.0721103	-0.159865	-0.208143	-0.225888	-0.21229	-0.173729	-0.122958	-0.0857576	-0.0555189	-0.0343269	-0.029659	-0.0456369	-0.0780962	-0.131117	-0.17031	-0.18083	-0.180466	-0.187837	-0.209344	-0.244941	-0.285763	-0.31871	-0.338165	-0.354878	-0.383572	-0.421507	-0.448182	-0.47081	-0.50188	-0.524604	-0.53797	-0.555178	-0.574631	-0.579662	-0.568039	-0.548969	-0.51435	-0.463146	-0.395372	-0.298553	-0.189271	-0.0935	-0.0177823	0.0251467	0.00721611	-0.0874957	-0.243224	-0.445208	-0.683418	-0.920383	-1.10653	-1.21456	-1.24161	-1.18908	-1.05992	-0.865325	-0.624711	-0.359103	-0.099567	0.097931	0.207994	0.255032	0.249719	0.19936	0.115758	0	
0	0.070039	0.138279	0.206682	0.270892	0.332609	0.389533	0.438517	0.480356	0.508744	0.522588	0.518215	0.491547	0.445118	0.377929	0.306083	0.233518	0.192842	0.193306	0.256229	0.389597	0.580104	0.808056	1.04587	1.25874	1.41981	1.51783	1.5346	1.46282	1.30845	1.07809	0.805944	0.537124	0.313298	0.151331	0.0465756	-0.0199721	-0.0531419	-0.0587629	-0.0366055	0.00636794	0.0495198	0.0896768	0.119725	0.133918	0.128014	0.0977644	0.0470469	0.00620424	-0.00866414	-0.0121199	-0.0146719	-0.0292477	-0.0630562	-0.104207	-0.141686	-0.16302	-0.186944	-0.220277	-0.260296	-0.288481	-0.322794	-0.36861	-0.398982	-0.41891	-0.446588	-0.483895	-0.501722	-0.503412	-0.498873	-0.478942	-0.44673	-0.394365	-0.310997	-0.213555	-0.131626	-0.0732384	-0.0382701	-0.0556022	-0.156161	-0.320106	-0.521823	-0.757849	-0.990578	-1.17166	-1.28337	-1.31849	-1.27973	-1.17264	-0.992102	-0.747259	-0.467888	-0.194991	0.0172767	0.143321	0.201925	0.20802	0.170581	0.0993195	0	
0	0.0700048	0.141957	0.209476	0.278637	0.344402	0.405197	0.464247	0.511458	0.551524	0.574482	0.581636	0.56463	0.530832	0.474035	0.412667	0.356091	0.323622	0.339578	0.412323	0.553424	0.746122	0.97635	1.20968	1.41981	1.58448	1.69184	1.71983	1.66756	1.52819	1.30418	1.0366	0.765013	0.532338	0.353853	0.232525	0.144845	0.0932869	0.0665511	0.0751097	0.105193	0.149131	0.195132	0.236566	0.264012	0.266066	0.242138	0.196157	0.159342	0.138501	0.133457	0.136632	0.129223	0.104415	0.0650639	0.0317511	0.00986625	-0.0153813	-0.0484443	-0.0846581	-0.107618	-0.147437	-0.199599	-0.234551	-0.257604	-0.293248	-0.341116	-0.370912	-0.38607	-0.393653	-0.390363	-0.371937	-0.334758	-0.26719	-0.182704	-0.120372	-0.0802304	-0.0593296	-0.0885129	-0.200352	-0.378067	-0.586587	-0.819685	-1.04764	-1.2306	-1.35089	-1.39861	-1.38206	-1.29799	-1.12564	-0.876896	-0.591231	-0.311549	-0.085992	0.0569284	0.128146	0.148212	0.127802	0.0746711	0	
0	0.0624276	0.128615	0.187998	0.252792	0.312438	0.368754	0.425929	0.469256	0.510445	0.535515	0.543581	0.538495	0.507929	0.467249	0.41737	0.375187	0.357018	0.388538	0.469482	0.623723	0.823791	1.05968	1.30099	1.51783	1.69184	1.80892	1.84998	1.81842	1.69544	1.49088	1.23868	0.969753	0.722988	0.529858	0.390557	0.286068	0.21382	0.166825	0.153659	0.166535	0.208148	0.255333	0.307916	0.34454	0.357934	0.338751	0.303602	0.269327	0.245648	0.241143	0.247427	0.250626	0.235735	0.206601	0.180513	0.161417	0.13954	0.109184	0.0813452	0.0652123	0.0258709	-0.0247253	-0.0617841	-0.0864121	-0.121367	-0.171857	-0.205275	-0.227245	-0.244143	-0.247956	-0.240752	-0.216357	-0.162957	-0.100716	-0.0563993	-0.0327992	-0.0305323	-0.0718553	-0.199183	-0.392863	-0.611623	-0.852628	-1.08444	-1.27562	-1.40869	-1.47208	-1.47933	-1.4152	-1.25567	-1.01817	-0.734053	-0.446277	-0.208231	-0.0496422	0.0350788	0.0678051	0.0663302	0.0405929	0	
0	0.0479688	0.0982081	0.144034	0.196223	0.240402	0.290645	0.333431	0.373728	0.408368	0.430079	0.439587	0.434262	0.40724	0.372573	0.328591	0.294685	0.290395	0.330308	0.429997	0.596552	0.81118	1.05932	1.31085	1.5346	1.71983	1.84998	1.91408	1.9096	1.81302	1.6385	1.39985	1.13331	0.885765	0.689446	0.530407	0.407677	0.312962	0.247472	0.207903	0.206247	0.235393	0.280666	0.338833	0.388057	0.408734	0.396677	0.372255	0.34042	0.316891	0.310674	0.317543	0.327321	0.32263	0.306063	0.286749	0.27192	0.254594	0.228692	0.2121	0.201862	0.173326	0.132397	0.0965108	0.0771835	0.0465367	0.00509454	-0.0259587	-0.0541007	-0.0719738	-0.0814703	-0.0792572	-0.0578974	-0.0179859	0.0294644	0.0628693	0.0749092	0.0640198	0.00220334	-0.146139	-0.356109	-0.592585	-0.843601	-1.08087	-1.28387	-1.43162	-1.52021	-1.55821	-1.51739	-1.38185	-1.15961	-0.873266	-0.586542	-0.351683	-0.180943	-0.0784331	-0.0313073	-0.00875027	0.00234759	0	
0	0.0309145	0.0623002	0.093418	0.127001	0.157106	0.192891	0.219536	0.250945	0.270406	0.283385	0.286553	0.269675	0.245001	0.204425	0.164845	0.135939	0.140233	0.189176	0.302913	0.479474	0.705561	0.964415	1.22745	1.46282	1.66756	1.81842	1.9096	1.93239	1.87008	1.72418	1.51224	1.26811	1.03192	0.8243	0.652106	0.515062	0.402488	0.31526	0.252441	0.230539	0.239628	0.278283	0.339685	0.396985	0.420612	0.417755	0.401645	0.371598	0.350115	0.340502	0.345859	0.357386	0.363917	0.360701	0.348868	0.341871	0.328199	0.311985	0.302266	0.298452	0.286119	0.255103	0.225145	0.207117	0.185062	0.159163	0.131594	0.107318	0.0931412	0.0859652	0.0959392	0.119579	0.154344	0.193217	0.21834	0.226615	0.205942	0.122795	-0.0424985	-0.262312	-0.51174	-0.774854	-1.02248	-1.24084	-1.41314	-1.53359	-1.60101	-1.58574	-1.47379	-1.27192	-1.00729	-0.737545	-0.503125	-0.320827	-0.204668	-0.143128	-0.0963508	-0.0453957	0	
0	0.0149101	0.0288273	0.0453735	0.0597965	0.0768395	0.0924366	0.106325	0.119786	0.124172	0.124864	0.112222	0.0860528	0.0525852	0.00200759	-0.0387739	-0.0721695	-0.0696098	-0.0170596	0.0982691	0.279288	0.513773	0.784596	1.05487	1.30845	1.52819	1.69544	1.81302	1.87008	1.84495	1.74192	1.57046	1.35332	1.13041	0.926183	0.753103	0.603895	0.478415	0.371498	0.287063	0.240983	0.230794	0.258259	0.317108	0.376598	0.404455	0.41264	0.399104	0.373481	0.354287	0.343096	0.342216	0.352445	0.368583	0.375367	0.373311	0.371731	0.3638	0.355722	0.347827	0.351261	0.353607	0.335455	0.312157	0.295322	0.286423	0.275968	0.257222	0.242581	0.233751	0.23609	0.257063	0.285701	0.323643	0.35936	0.384123	0.400529	0.376899	0.279731	0.107121	-0.11847	-0.37737	-0.649335	-0.911035	-1.1473	-1.33921	-1.48749	-1.58588	-1.59805	-1.51596	-1.35141	-1.11974	-0.866228	-0.640452	-0.462792	-0.338488	-0.259966	-0.186863	-0.0942461	0	
0	-0.00189651	-0.001079	-0.00366755	-0.00281808	-0.00237303	-0.00432419	-0.00303894	-0.00878222	-0.0162798	-0.0314934	-0.0586233	-0.0955425	-0.145819	-0.204787	-0.260008	-0.302322	-0.308125	-0.260227	-0.149121	0.0338312	0.270185	0.541332	0.817123	1.07809	1.30418	1.49088	1.6385	1.72418	1.74192	1.68566	1.55509	1.37413	1.18111	0.994088	0.827028	0.673698	0.538184	0.415225	0.316785	0.250217	0.217403	0.225993	0.279878	0.336924	0.37115	0.383359	0.371809	0.350169	0.335072	0.320187	0.310893	0.317811	0.338414	0.35273	0.360502	0.364427	0.364343	0.361743	0.353835	0.365618	0.379613	0.376455	0.3596	0.346762	0.351191	0.350564	0.344657	0.339277	0.336701	0.352127	0.382285	0.421158	0.468231	0.50868	0.544521	0.572151	0.551582	0.451581	0.2749	0.0497936	-0.205576	-0.481666	-0.752637	-0.995791	-1.2052	-1.38219	-1.50536	-1.54363	-1.4962	-1.37102	-1.17823	-0.955964	-0.752397	-0.587468	-0.461974	-0.369	-0.268936	-0.137727	0	
0	-0.0175383	-0.0325205	-0.0505792	-0.0634192	-0.0789721	-0.0930257	-0.106039	-0.125906	-0.145189	-0.176069	-0.216464	-0.26669	-0.332243	-0.402643	-0.469951	-0.523401	-0.537905	-0.499953	-0.396925	-0.223923	0.00663819	0.269733	0.545248	0.805944	1.0366	1.23868	1.39985	1.51224	1.57046	1.55509	1.46878	1.3396	1.18498	1.0238	0.867738	0.719181	0.582434	0.458431	0.348127	0.26119	0.204626	0.200462	0.241381	0.292562	0.328179	0.34358	0.330882	0.312859	0.29816	0.278483	0.259628	0.260519	0.277671	0.29685	0.312685	0.323852	0.333452	0.332125	0.32874	0.345404	0.37078	0.379372	0.368687	0.366367	0.375846	0.382929	0.389747	0.393215	0.402715	0.429948	0.470243	0.521225	0.57851	0.630674	0.6796	0.716153	0.702372	0.609706	0.439388	0.224239	-0.0170265	-0.288462	-0.561911	-0.809022	-1.03132	-1.22056	-1.35485	-1.41766	-1.40087	-1.31228	-1.16984	-0.993281	-0.818218	-0.672164	-0.552596	-0.449534	-0.334519	-0.179902	0	
0	-0.0284865	-0.0570597	-0.084462	-0.11208	-0.138384	-0.165265	-0.192442	-0.222413	-0.255932	-0.297615	-0.347783	-0.410067	-0.484495	-0.56433	-0.644286	-0.707512	-0.734273	-0.709413	-0.618807	-0.454074	-0.238036	0.0182975	0.286377	0.537124	0.765013	0.969753	1.13331	1.26811	1.35332	1.37413	1.3396	1.25896	1.13983	1.01088	0.880841	0.748557	0.620224	0.495004	0.378783	0.280101	0.2126	0.190039	0.212684	0.256151	0.29519	0.308569	0.293497	0.276824	0.259961	0.234631	0.206482	0.196738	0.203309	0.222032	0.241215	0.261095	0.274017	0.274448	0.272125	0.29327	0.324902	0.33838	0.341406	0.349929	0.364982	0.37834	0.396287	0.413942	0.435568	0.472021	0.520574	0.579659	0.646229	0.716258	0.779924	0.821967	0.821657	0.744756	0.584961	0.38684	0.161376	-0.101749	-0.36488	-0.608226	-0.831301	-1.01307	-1.14756	-1.22471	-1.22973	-1.18201	-1.0928	-0.957426	-0.812804	-0.698056	-0.601337	-0.498868	-0.36993	-0.198986	0	
0	-0.036303	-0.072225	-0.107935	-0.14168	-0.177008	-0.208847	-0.245019	-0.280078	-0.322045	-0.369988	-0.428345	-0.498975	-0.580979	-0.67117	-0.759567	-0.832184	-0.870438	-0.855805	-0.775794	-0.625755	-0.421973	-0.176109	0.0737997	0.313298	0.532338	0.722988	0.885765	1.03192	1.13041	1.18111	1.18498	1.13983	1.06414	0.97856	0.877197	0.762806	0.645649	0.530021	0.420198	0.321418	0.244556	0.20475	0.214407	0.254333	0.292359	0.299821	0.28629	0.267741	0.245557	0.211538	0.173902	0.147094	0.135562	0.144366	0.161222	0.184679	0.197278	0.196368	0.19527	0.219487	0.24935	0.266869	0.282586	0.304181	0.322262	0.336862	0.365248	0.395617	0.430334	0.475595	0.532224	0.598738	0.678474	0.769891	0.844692	0.89307	0.903371	0.842056	0.704364	0.522104	0.310107	0.069286	-0.178987	-0.416168	-0.620886	-0.781014	-0.906277	-0.983644	-1.00523	-0.98926	-0.935141	-0.843607	-0.74654	-0.66684	-0.593721	-0.502787	-0.370983	-0.195804	0	
0	-0.0355893	-0.0669059	-0.105141	-0.135369	-0.172681	-0.205642	-0.243378	-0.282385	-0.327735	-0.381241	-0.443576	-0.522844	-0.609106	-0.709157	-0.805846	-0.887013	-0.937652	-0.9321	-0.865187	-0.727974	-0.53584	-0.308521	-0.0721103	0.151331	0.353853	0.529858	0.689446	0.8243	0.926183	0.994088	1.0238	1.01088	0.97856	0.925628	0.850726	0.757396	0.660496	0.56125	0.461782	0.366191	0.289296	0.243564	0.247459	0.282854	0.317419	0.326697	0.319479	0.297169	0.268651	0.228161	0.182849	0.134685	0.102531	0.0919346	0.101342	0.120549	0.127942	0.122838	0.119426	0.140642	0.160619	0.176511	0.201152	0.23204	0.250417	0.265811	0.299802	0.342644	0.389818	0.442312	0.50736	0.580237	0.675198	0.785841	0.872153	0.928211	0.947263	0.907714	0.793805	0.625849	0.432038	0.211763	-0.0201369	-0.236974	-0.416469	-0.552338	-0.651853	-0.712485	-0.743579	-0.750615	-0.723791	-0.676487	-0.628684	-0.581866	-0.530723	-0.460311	-0.346215	-0.184763	0	
0	-0.0251262	-0.0485265	-0.0756484	-0.0995757	-0.128072	-0.156939	-0.18868	-0.227457	-0.27147	-0.326074	-0.394917	-0.475393	-0.570916	-0.678751	-0.780324	-0.876479	-0.93474	-0.943816	-0.892408	-0.770801	-0.593658	-0.383386	-0.159865	0.0465756	0.232525	0.390557	0.530407	0.652106	0.753103	0.827028	0.867738	0.880841	0.877197	0.850726	0.800544	0.733781	0.65545	0.568827	0.476884	0.398523	0.330623	0.28722	0.287347	0.324985	0.361841	0.38425	0.384721	0.363356	0.333822	0.294001	0.240059	0.174504	0.119779	0.0867194	0.0807592	0.0881372	0.0882876	0.0747663	0.0683184	0.0770185	0.0841682	0.0929942	0.117635	0.150744	0.166109	0.179815	0.21321	0.262869	0.316961	0.377094	0.447626	0.528028	0.639389	0.761031	0.859879	0.926322	0.955338	0.940739	0.852161	0.703561	0.527518	0.324196	0.112503	-0.0802886	-0.229042	-0.327957	-0.393889	-0.438685	-0.474985	-0.495192	-0.489862	-0.480171	-0.474778	-0.46407	-0.445015	-0.400318	-0.300286	-0.154125	0	
0	-0.00987156	-0.0212884	-0.0321596	-0.0473989	-0.062475	-0.0839839	-0.107862	-0.140339	-0.180097	-0.232455	-0.298767	-0.38084	-0.480811	-0.591638	-0.706202	-0.812737	-0.883852	-0.911584	-0.874555	-0.766462	-0.609953	-0.412018	-0.208143	-0.0199721	0.144845	0.286068	0.407677	0.515062	0.603895	0.673698	0.719181	0.748557	0.762806	0.757396	0.733781	0.685261	0.61561	0.5349	0.461539	0.398664	0.337726	0.298746	0.309143	0.353199	0.39908	0.440767	0.455616	0.447376	0.42731	0.394689	0.33691	0.262897	0.190829	0.134999	0.107276	0.0992958	0.08766	0.0683543	0.0511258	0.0447995	0.0387569	0.035755	0.0545223	0.0791448	0.0935246	0.103942	0.130654	0.177791	0.230501	0.2919	0.362329	0.450913	0.569452	0.697577	0.809448	0.887426	0.937067	0.943948	0.875804	0.753163	0.593444	0.406352	0.221556	0.0609335	-0.0508666	-0.115073	-0.154119	-0.182365	-0.215045	-0.245663	-0.265576	-0.288938	-0.321232	-0.351316	-0.363843	-0.338174	-0.252946	-0.125891	0	
0	-0.000704925	-0.00121171	-0.00374798	-0.00634893	-0.0126034	-0.021547	-0.0354913	-0.0576649	-0.0886753	-0.133693	-0.195736	-0.274422	-0.374686	-0.486804	-0.606746	-0.717395	-0.80036	-0.83898	-0.815483	-0.728435	-0.588336	-0.408113	-0.225888	-0.0531419	0.0932869	0.21382	0.312962	0.402488	0.478415	0.538184	0.582434	0.620224	0.645649	0.660496	0.65545	0.61561	0.551361	0.481676	0.415594	0.35331	0.298548	0.274452	0.294986	0.340417	0.402446	0.466768	0.505026	0.518134	0.519525	0.499413	0.447622	0.376783	0.29462	0.220659	0.170047	0.14483	0.1247	0.0997009	0.0714005	0.052711	0.0359463	0.0239845	0.0255611	0.0374698	0.0493201	0.0529118	0.0706175	0.103488	0.148047	0.206052	0.275315	0.369111	0.487986	0.614522	0.728818	0.822584	0.89169	0.911836	0.868278	0.771506	0.632052	0.468851	0.309057	0.182496	0.11088	0.080477	0.0643725	0.045003	0.0134532	-0.0284215	-0.0766734	-0.131695	-0.202972	-0.276402	-0.30986	-0.292037	-0.227527	-0.121316	0	
0	0.00532605	0.0134951	0.0149815	0.0215463	0.0194467	0.0185967	0.00975023	-0.00525425	-0.0290861	-0.0686501	-0.119975	-0.195161	-0.285162	-0.393935	-0.511321	-0.620867	-0.710522	-0.754299	-0.743564	-0.668571	-0.541301	-0.380362	-0.21229	-0.0587629	0.0665511	0.166825	0.247472	0.31526	0.371498	0.415225	0.458431	0.495004	0.530021	0.56125	0.568827	0.5349	0.481676	0.411504	0.337394	0.270688	0.224417	0.204921	0.223005	0.272852	0.353936	0.43856	0.501513	0.547484	0.581086	0.582235	0.551509	0.494358	0.416605	0.331465	0.262497	0.220756	0.191705	0.160029	0.118421	0.0898687	0.0666491	0.0433266	0.0249555	0.024304	0.0324299	0.0357248	0.0444393	0.0611868	0.09506	0.143249	0.210984	0.302683	0.411413	0.527975	0.639917	0.747439	0.833633	0.867263	0.838232	0.761899	0.64889	0.505843	0.372288	0.286558	0.251139	0.246211	0.242429	0.226928	0.196469	0.136041	0.0542049	-0.0318347	-0.139454	-0.24911	-0.301115	-0.29087	-0.232284	-0.126625	0	
0	0.00601534	0.0139843	0.0174412	0.0244133	0.0257448	0.0267963	0.0235419	0.0130281	-0.00467462	-0.0347716	-0.0815072	-0.144493	-0.227956	-0.329398	-0.436885	-0.544778	-0.630166	-0.674683	-0.669322	-0.600387	-0.482469	-0.332363	-0.173729	-0.0366055	0.0751097	0.153659	0.207903	0.252441	0.287063	0.316785	0.348127	0.378783	0.420198	0.461782	0.476884	0.461539	0.415594	0.337394	0.252178	0.183383	0.130161	0.101256	0.114134	0.16967	0.258326	0.352559	0.442334	0.526562	0.595307	0.627059	0.627014	0.595797	0.532305	0.447251	0.366587	0.310066	0.273066	0.229868	0.179187	0.145073	0.118415	0.0846682	0.0490871	0.0377927	0.0416421	0.0450999	0.0472368	0.0515558	0.0705487	0.111158	0.178001	0.262035	0.360473	0.46368	0.571184	0.688057	0.784706	0.827535	0.805667	0.744011	0.651208	0.526597	0.41827	0.360134	0.351046	0.367463	0.368615	0.347065	0.304781	0.226221	0.118443	-0.00388438	-0.139278	-0.262009	-0.334146	-0.338946	-0.266033	-0.136757	0	
0	0.00361418	0.00775359	0.0104683	0.014147	0.0152205	0.0159488	0.0127406	0.00469122	-0.00971134	-0.0368479	-0.0757493	-0.133846	-0.209744	-0.30239	-0.404158	-0.505699	-0.583132	-0.626212	-0.615197	-0.54268	-0.426115	-0.274866	-0.122958	0.00636794	0.105193	0.166535	0.206247	0.230539	0.240983	0.250217	0.26119	0.280101	0.321418	0.366191	0.398523	0.398664	0.35331	0.270688	0.183383	0.101187	0.0285617	-0.0140757	-0.0102223	0.0382042	0.116346	0.214702	0.325047	0.440836	0.542066	0.612481	0.653248	0.656267	0.620654	0.550112	0.470719	0.408846	0.361531	0.308448	0.251656	0.215268	0.183957	0.137264	0.0912498	0.069126	0.0647259	0.0664053	0.0657447	0.0629191	0.0710274	0.106667	0.171411	0.24954	0.33756	0.434608	0.544803	0.66393	0.768048	0.817326	0.79448	0.736482	0.652048	0.542855	0.452873	0.409348	0.412058	0.425877	0.414575	0.380422	0.320833	0.228492	0.105734	-0.0404839	-0.189841	-0.318634	-0.400007	-0.402008	-0.31368	-0.165201	0	
0	-0.000558875	3.75795e-05	-0.00114371	-0.000620325	-0.00175764	-0.00431755	-0.00805478	-0.0182502	-0.033578	-0.0593963	-0.0995396	-0.153325	-0.226705	-0.313085	-0.408484	-0.500387	-0.57189	-0.606776	-0.59002	-0.515677	-0.395202	-0.239853	-0.0857576	0.0495198	0.149131	0.208148	0.235393	0.239628	0.230794	0.217403	0.204626	0.2126	0.244556	0.289296	0.330623	0.337726	0.298548	0.224417	0.130161	0.0285617	-0.061791	-0.122316	-0.136077	-0.108861	-0.0471205	0.0443287	0.161035	0.291872	0.421626	0.534534	0.61705	0.661541	0.66316	0.623528	0.562427	0.504067	0.450635	0.390112	0.333187	0.296081	0.254369	0.198478	0.145951	0.112478	0.0954949	0.0881719	0.0876361	0.0844293	0.0877735	0.123258	0.186684	0.259257	0.344119	0.444819	0.559573	0.679723	0.784928	0.838338	0.821345	0.762063	0.678019	0.578015	0.488697	0.435464	0.418941	0.406363	0.37718	0.324816	0.242481	0.138835	0.0119859	-0.135934	-0.281659	-0.404581	-0.474955	-0.463637	-0.36576	-0.199454	0	
