0	0	0	0	0	0	0	0	0	0	0	0	0	0	0	0	0	0	0	0	0	0	0	0	0	0	0	0	0	0	0	0	0	0	0	0	0	0	0	0	0	0	0	0	0	0	0	0	0	0	0	0	0	0	0	0	0	0	0	0	0	0	0	0	0	0	0	0	0	0	0	0	0	0	0	0	0	0	0	0	0	0	0	0	0	0	0	0	0	0	0	0	0	0	0	0	0	0	0	0	
0	-3.8127e-06	0.000605567	0.000485546	-0.000442254	0.000652507	-0.000464401	-0.000832662	0.00153667	-0.000588929	0.000999412	0.00187842	-0.000623374	-0.000436519	-0.000340138	-0.002169	-0.00132274	-9.18702e-05	0.00094572	0.000435496	-0.00202412	-0.00178342	0.0010173	-0.00067413	-0.000738526	-4.63161e-05	0.000129716	-0.00148718	-0.000117608	6.48354e-05	-0.00217554	-0.000982263	-0.00236705	-0.00611311	-0.0078826	-0.0116315	-0.0208	-0.0281255	-0.0360038	-0.0451075	-0.0506257	-0.0473725	-0.0352126	-0.0139438	0.0129202	0.046414	0.0734769	0.086279	0.0865581	0.0810462	0.0663832	0.0447402	0.0247161	0.00479029	-0.0183805	-0.0386966	-0.0478674	-0.0438497	-0.0275483	-0.0140268	-0.00469809	-0.000133229	0.0059299	0.0101683	0.000196837	-0.0129629	-0.0149542	-0.00801444	0.000758614	0.00620091	0.002609	-0.00297478	-0.0114067	-0.0174396	-0.00702986	0.00603772	0.00953937	0.00359751	-0.00369404	-0.0058299	-0.0163962	-0.0354982	-0.0472272	-0.0457513	-0.0320526	-0.0102511	0.0132101	0.0325764	0.0524307	0.0746206	0.0857204	0.0878596	0.0879515	0.0717871	0.0421722	0.018805	0.00214421	-0.00866886	-0.00784636	0	
0	0.000605567	-0.00217684	0.000448862	-0.000329891	-0.00107933	0.00194555	-0.000974018	-0.000105172	-0.000333936	-0.00256956	-0.000366714	-0.0024641	0.00242936	0.000984787	0.000782671	0.0047744	-0.00120112	-0.00229631	-4.53187e-05	0.00321545	9.30009e-05	0.0018616	-0.00135838	0.000549459	0.000432855	0.000292094	-0.000911492	0.00110025	0.000313881	-0.00450252	-0.000242254	-0.00420219	-0.0103653	-0.0160215	-0.0210127	-0.0411672	-0.053092	-0.0716184	-0.0869956	-0.0995447	-0.091984	-0.0682128	-0.0268	0.0283148	0.0924544	0.147726	0.17205	0.172815	0.162525	0.13004	0.0898333	0.046943	0.00794127	-0.0374635	-0.0795359	-0.0945104	-0.0874796	-0.0549098	-0.0253726	-0.0084508	0.00182105	0.0146896	0.0182898	-0.000623962	-0.0266905	-0.0345842	-0.0167685	0.00206223	0.0115802	0.00988461	-0.00220635	-0.0239694	-0.0354945	-0.0162954	0.00747497	0.0178869	0.0125424	-0.0023429	-0.0151933	-0.0382994	-0.0702516	-0.0921131	-0.0911891	-0.0629529	-0.0187448	0.0264975	0.0649127	0.10537	0.149109	0.171217	0.175778	0.174605	0.141856	0.0838418	0.0373027	0.00382427	-0.0173158	-0.0155332	0	
0	0.000485546	0.000448862	0.00136904	-0.00072611	0.000656987	-0.000226922	-0.00203294	0.0025657	-0.00108985	0.00142799	0.00330906	-0.00142486	5.25494e-05	-0.000908677	-0.00425588	-0.000855801	-0.00185512	0.00183635	0.00161597	-0.00307843	-0.00352292	0.00164944	-0.00183173	-0.000941402	0.000895453	-0.000373652	-0.00352165	-6.30753e-05	0.000188978	-0.00562083	-0.0029294	-0.00732096	-0.0170392	-0.0232915	-0.0350114	-0.0611224	-0.0823373	-0.107405	-0.132959	-0.14944	-0.139582	-0.104968	-0.042288	0.0381565	0.135782	0.215748	0.255286	0.258819	0.242561	0.197595	0.136206	0.0752835	0.0158897	-0.0531663	-0.113268	-0.139747	-0.129577	-0.0836659	-0.0435979	-0.0161632	-0.000159247	0.0182381	0.0276535	-6.86878e-06	-0.0368401	-0.0446657	-0.0238849	0.00182524	0.0160292	0.0089092	-0.0083549	-0.0348741	-0.0488365	-0.0207825	0.0148888	0.0275781	0.0122129	-0.0104859	-0.0222643	-0.0539216	-0.105106	-0.137646	-0.133909	-0.0933017	-0.0278133	0.04198	0.100001	0.158789	0.222362	0.256198	0.263269	0.258554	0.209289	0.124804	0.0547549	0.00432868	-0.0257611	-0.0226882	0	
0	-0.000442254	-0.000329891	-0.00072611	0.000161989	-0.000543136	0.00120061	-0.000673646	0.000470237	-0.000537495	-0.00217534	0.000412632	-0.00271621	0.00124736	0.00114253	-0.000161407	0.00308821	-0.000291358	-0.00197066	-0.000844135	0.00088723	1.10793e-06	0.00241322	-0.00114644	-0.0004811	-0.000952755	0.000399867	-0.000977037	0.000901813	-0.00142412	-0.00658511	-0.00265859	-0.00925924	-0.0210396	-0.0307293	-0.0459842	-0.0794067	-0.107091	-0.141462	-0.174325	-0.194972	-0.18329	-0.137347	-0.0568467	0.0516927	0.177052	0.283383	0.336316	0.344337	0.321889	0.262149	0.182258	0.101727	0.0211741	-0.0693365	-0.147937	-0.183559	-0.169015	-0.113485	-0.0584194	-0.0222577	0.000174831	0.0264926	0.0332153	-0.0011999	-0.0478094	-0.0609637	-0.0327231	0.00106579	0.0200003	0.014315	-0.00896327	-0.0446286	-0.0630784	-0.0301112	0.0154864	0.0335249	0.0187376	-0.00871368	-0.0338448	-0.0794858	-0.140351	-0.180281	-0.174377	-0.118069	-0.0324456	0.0562408	0.134377	0.214647	0.295888	0.339865	0.349794	0.338978	0.272526	0.164095	0.0709752	0.00367469	-0.0340332	-0.0294359	0	
0	0.000652507	-0.00107933	0.000656987	-0.000543136	-0.000847457	0.000557997	-0.00151653	0.000983309	-0.000603857	0.000378303	0.00135992	-0.00152371	0.00183122	-0.000700449	-0.00221544	0.00246435	-0.00276193	0.000446503	0.00178267	-0.000147342	-0.00168933	0.000265031	-0.00251153	-9.62956e-06	0.00212423	-0.00111408	-0.00377229	-0.000533247	-0.000485587	-0.00684314	-0.00564246	-0.0130941	-0.025548	-0.038339	-0.0595186	-0.0979175	-0.133238	-0.176417	-0.216184	-0.24111	-0.226956	-0.172746	-0.0727256	0.0603449	0.214553	0.343763	0.414233	0.427864	0.401029	0.327648	0.232178	0.132297	0.0310369	-0.080693	-0.177549	-0.221771	-0.208238	-0.144068	-0.0788926	-0.0335274	-0.00132367	0.0299144	0.0381266	-0.00145531	-0.0542857	-0.0700128	-0.0396665	3.72595e-05	0.0198476	0.0138768	-0.0139511	-0.0559263	-0.0711265	-0.0329355	0.0181248	0.0402568	0.0201605	-0.0164434	-0.0486129	-0.102248	-0.172797	-0.218316	-0.210758	-0.144231	-0.0375293	0.0760724	0.174234	0.270276	0.366166	0.42285	0.43592	0.414397	0.330317	0.201344	0.0855938	0.00153953	-0.0421008	-0.0356131	0	
0	-0.000464401	0.00194555	-0.000226922	0.00120061	0.000557997	0.000100856	-0.000301984	8.97042e-05	-0.000514835	-0.000736495	0.000248207	-0.000533772	-0.00147429	-0.000258067	-0.00138982	-0.00153061	-0.000723015	8.87481e-05	-0.000721466	-0.00281049	-0.000456196	0.000492112	0.00058435	-0.00114638	-0.00212939	-0.000499578	-0.000283831	-7.42477e-05	-0.00355111	-0.00602908	-0.00746319	-0.014761	-0.0302368	-0.0447835	-0.0735458	-0.113488	-0.159429	-0.208626	-0.257484	-0.283317	-0.27035	-0.206504	-0.0904564	0.0674731	0.246374	0.398493	0.486366	0.509597	0.476099	0.394239	0.281858	0.166044	0.042828	-0.0897286	-0.200035	-0.257428	-0.24215	-0.175923	-0.101667	-0.0455021	-0.0048776	0.0322808	0.0395612	-0.0025759	-0.0597007	-0.0766822	-0.045876	-0.00405522	0.0204758	0.0130849	-0.0204813	-0.0618508	-0.0771818	-0.0391058	0.0195987	0.0433398	0.0194917	-0.020688	-0.0633011	-0.128373	-0.207499	-0.257458	-0.242766	-0.159847	-0.0362987	0.0935445	0.21282	0.329726	0.438077	0.503451	0.518143	0.484275	0.383052	0.235638	0.0978217	-0.00191609	-0.0497907	-0.0413025	0	
0	-0.000832662	-0.000974018	-0.00203294	-0.000673646	-0.00151653	-0.000301984	0.000512839	-0.000470242	0.000778764	6.58748e-05	-0.000575195	0.000157421	0.000579272	0.00047391	0.00135612	0.00104424	0.00115533	-0.00135749	-0.000108367	0.000709873	0.00117718	-0.00170358	-0.00134785	-0.000515697	7.45609e-05	-0.000574284	-0.00251389	-0.00233979	-0.00341345	-0.00579736	-0.0107621	-0.0188206	-0.0335278	-0.0533297	-0.0863536	-0.129792	-0.183266	-0.240733	-0.294927	-0.32301	-0.310237	-0.238046	-0.107053	0.0745791	0.27496	0.449017	0.556364	0.588592	0.552031	0.459962	0.335169	0.201274	0.0549123	-0.0947916	-0.221691	-0.287786	-0.275632	-0.209642	-0.125587	-0.0597791	-0.0074465	0.0346412	0.0390561	-0.00396579	-0.0614799	-0.0826664	-0.053143	-0.00857515	0.0159019	0.0108932	-0.0242932	-0.0678496	-0.0797995	-0.0412979	0.0176606	0.0424813	0.0196716	-0.026047	-0.0844577	-0.159742	-0.239153	-0.287012	-0.268344	-0.175886	-0.0349692	0.116857	0.258272	0.389826	0.505704	0.581529	0.598635	0.548501	0.428701	0.265512	0.108001	-0.00600599	-0.0572964	-0.0468688	0	
0	0.00153667	-0.000105172	0.0025657	0.000470237	0.000983309	8.97042e-05	-0.000470242	-0.00075289	-0.00114329	-0.000112074	-0.00146745	0.000381088	-0.00132998	-0.00134947	-0.00078814	-0.00254364	-0.000900542	-0.000721859	-0.000212919	-0.000755703	-0.000870059	-0.00145005	0.000754007	-0.000452868	-0.000945743	-0.000785007	-0.000794037	-0.0021385	-0.00308327	-0.00522935	-0.0130036	-0.0208887	-0.0361934	-0.06101	-0.0985809	-0.144937	-0.206863	-0.271985	-0.330877	-0.362463	-0.349513	-0.272082	-0.125903	0.0745046	0.295197	0.489013	0.617621	0.66075	0.622958	0.525506	0.390912	0.240194	0.0729597	-0.0927125	-0.233588	-0.308606	-0.304604	-0.241434	-0.153542	-0.0785561	-0.0138454	0.0290764	0.0337641	-0.00624476	-0.0607572	-0.0813428	-0.0561951	-0.0140475	0.00999587	0.00463681	-0.0324482	-0.0721037	-0.0781222	-0.0412105	0.0154863	0.0394186	0.015586	-0.0366933	-0.106803	-0.188707	-0.270493	-0.316272	-0.288447	-0.183011	-0.0273042	0.141662	0.303806	0.451412	0.574613	0.657373	0.672685	0.605277	0.468562	0.291091	0.115426	-0.0108904	-0.0644995	-0.0521013	0	
0	-0.000588929	-0.000333936	-0.00108985	-0.000537495	-0.000603857	-0.000514835	0.000778764	-0.00114329	0.00175641	-0.000286276	-0.00104559	0.00284125	-0.00285549	0.000338025	0.0021688	-0.00433746	0.00319867	-0.00101459	-0.00113954	-0.00131101	0.000373803	-0.00300049	0.00166062	-0.00143265	-0.00361803	-0.000697884	-0.000240656	-0.00378551	-0.00597351	-0.0055912	-0.0165224	-0.0233772	-0.0413412	-0.069502	-0.111532	-0.159171	-0.230955	-0.3001	-0.365305	-0.396926	-0.386889	-0.30104	-0.14437	0.075304	0.31108	0.526209	0.674416	0.730431	0.692306	0.593163	0.449053	0.280965	0.0936363	-0.0890202	-0.239896	-0.327639	-0.330798	-0.274663	-0.184293	-0.0965338	-0.0223618	0.0236109	0.0270335	-0.0084639	-0.0570523	-0.0789576	-0.0595971	-0.0237292	0.00109843	-0.00304646	-0.0400968	-0.0701526	-0.0731028	-0.0422455	0.0113978	0.0312458	0.00745597	-0.0469521	-0.130468	-0.221274	-0.300659	-0.339435	-0.301631	-0.183506	-0.0153671	0.168541	0.352468	0.515924	0.642384	0.727717	0.740156	0.656427	0.502115	0.310286	0.120047	-0.0154601	-0.0713242	-0.0574037	0	
0	0.000999412	-0.00256956	0.00142799	-0.00217534	0.000378303	-0.000736495	6.58748e-05	-0.000112074	-0.000286276	3.30654e-05	-0.00119989	0.000106033	-0.0013281	0.000739972	0.000725927	-0.00134724	0.00290992	-0.00337135	-0.000990381	0.00205754	-0.00084316	-0.000930249	-0.000964012	-0.00149432	-0.000460929	0.00106089	-0.00310194	-0.00540827	-0.00296783	-0.00581169	-0.0188443	-0.0266635	-0.0434008	-0.0785697	-0.120543	-0.175038	-0.250951	-0.328426	-0.394383	-0.431779	-0.419794	-0.330975	-0.16217	0.0699593	0.320856	0.553954	0.723218	0.790484	0.758036	0.658813	0.508805	0.32439	0.117073	-0.0762806	-0.241184	-0.335873	-0.352972	-0.305646	-0.213968	-0.118503	-0.0329908	0.0118056	0.016002	-0.0123861	-0.0517001	-0.0725654	-0.0623574	-0.03151	-0.0111156	-0.0151713	-0.0440451	-0.0686618	-0.0673186	-0.0373897	0.00331415	0.017262	-0.0012315	-0.0608388	-0.157706	-0.254594	-0.329114	-0.354595	-0.305168	-0.180395	-0.0014517	0.201676	0.406009	0.579586	0.707643	0.794163	0.800663	0.700094	0.528547	0.323522	0.122501	-0.0197588	-0.0780175	-0.0626097	0	
0	0.00187842	-0.000366714	0.00330906	0.000412632	0.00135992	0.000248207	-0.000575195	-0.00146745	-0.00104559	-0.00119989	-0.00156645	0.000920038	-0.0019074	-0.000850096	-0.00067617	-0.00455597	0.000576588	-0.00140734	-0.000632433	0.000173241	-0.00250608	-0.00134327	0.00147533	0.000149914	-0.00310398	-0.00161719	0.000194739	-0.00334377	-0.0041066	-0.00855371	-0.0192216	-0.0278313	-0.0477227	-0.0866466	-0.129839	-0.189746	-0.271436	-0.353518	-0.422922	-0.463709	-0.451763	-0.358751	-0.181803	0.0606172	0.323525	0.574346	0.762054	0.842539	0.819017	0.724064	0.570608	0.369669	0.148538	-0.0586438	-0.231273	-0.337547	-0.369236	-0.332746	-0.246345	-0.141463	-0.0510718	-0.00613604	0.000451859	-0.0176956	-0.0439139	-0.0627777	-0.0596073	-0.0405949	-0.0254678	-0.0283126	-0.0523966	-0.0648364	-0.0570405	-0.0344333	-0.00515756	0.00263263	-0.0175692	-0.0809471	-0.184451	-0.284197	-0.352632	-0.367328	-0.306048	-0.167219	0.0238002	0.237198	0.456213	0.643847	0.775519	0.855114	0.849858	0.735965	0.549594	0.331108	0.12214	-0.0240018	-0.0841707	-0.0672568	0	
0	-0.000623374	-0.0024641	-0.00142486	-0.00271621	-0.00152371	-0.000533772	0.000157421	0.000381088	0.00284125	0.000106033	0.000920038	0.00174931	-0.00239474	0.00162116	-0.000128622	0.000174549	0.000872915	-0.0014097	-0.000763087	-0.000341769	-0.00237468	-0.00100622	-0.00151846	-0.003443	-0.0022783	-6.64261e-05	-0.00343839	-0.00724173	-0.00602545	-0.00937563	-0.0226754	-0.0317877	-0.0549887	-0.0940978	-0.140728	-0.205432	-0.291399	-0.376891	-0.449279	-0.493399	-0.479337	-0.383628	-0.199438	0.0498036	0.323852	0.590841	0.793939	0.889508	0.877464	0.790218	0.633309	0.417315	0.183961	-0.0371713	-0.217232	-0.335945	-0.3829	-0.358408	-0.277445	-0.16553	-0.0708976	-0.0255264	-0.0148465	-0.0214806	-0.0362675	-0.0524917	-0.0592261	-0.0528411	-0.0428813	-0.0440889	-0.055882	-0.0563995	-0.0457338	-0.0305818	-0.0177509	-0.0181034	-0.0380314	-0.103597	-0.211015	-0.313343	-0.374458	-0.371091	-0.294372	-0.14893	0.0486245	0.276974	0.513019	0.709231	0.83836	0.907429	0.890829	0.765556	0.563592	0.332363	0.119775	-0.0276824	-0.0897471	-0.0714034	0	
0	-0.000436519	0.00242936	5.25494e-05	0.00124736	0.00183122	-0.00147429	0.000579272	-0.00132998	-0.00285549	-0.0013281	-0.0019074	-0.00239474	-0.00119572	0.000645472	-0.00227778	-0.00016604	0.000789235	-0.00141378	-0.00159989	1.84564e-06	-0.000219756	0.00166359	-0.00113374	0.000538088	-0.00036614	-0.000699144	-0.00231656	-0.00261495	-0.00361567	-0.0104813	-0.0213724	-0.0325038	-0.0576486	-0.0987276	-0.147708	-0.218794	-0.306832	-0.396453	-0.472367	-0.519284	-0.503899	-0.406538	-0.21874	0.0338569	0.317668	0.595752	0.812933	0.922724	0.927224	0.850759	0.691356	0.468459	0.222967	-0.00566358	-0.193624	-0.324218	-0.384296	-0.376833	-0.302637	-0.191102	-0.0989305	-0.0525166	-0.0369575	-0.0312943	-0.029981	-0.0408278	-0.0560272	-0.0590486	-0.0592423	-0.0610221	-0.0577426	-0.0500556	-0.0370753	-0.0270787	-0.0312016	-0.0422416	-0.0647377	-0.129065	-0.235949	-0.33939	-0.389938	-0.368429	-0.279391	-0.124657	0.0846498	0.323931	0.566846	0.769735	0.899947	0.955435	0.921701	0.784682	0.570641	0.330355	0.116028	-0.0320849	-0.0947575	-0.0742492	0	
0	-0.000340138	0.000984787	-0.000908677	0.00114253	-0.000700449	-0.000258067	0.00047391	-0.00134947	0.000338025	0.000739972	-0.000850096	0.00162116	0.000645472	-0.00121438	-0.00159713	0.000110676	-0.00590247	-0.000279496	0.00065659	-0.000911195	-0.0019375	-0.0036376	-0.0024377	-0.00128513	-0.00220723	-0.00397067	-0.00194967	-0.00511233	-0.00853103	-0.0136746	-0.0226155	-0.0375801	-0.0657794	-0.104978	-0.159581	-0.234032	-0.324616	-0.416307	-0.496762	-0.543936	-0.526916	-0.428048	-0.23835	0.0167679	0.309023	0.595819	0.824335	0.950575	0.97507	0.90931	0.752647	0.522328	0.270925	0.0306114	-0.164737	-0.307608	-0.383747	-0.390314	-0.327522	-0.220196	-0.131173	-0.0822866	-0.0593397	-0.0385735	-0.0239557	-0.0307859	-0.0496317	-0.067701	-0.0786855	-0.0746431	-0.0620766	-0.0447844	-0.0251587	-0.0275826	-0.047312	-0.0641951	-0.0947413	-0.162727	-0.265153	-0.359053	-0.394146	-0.358791	-0.258232	-0.0924391	0.125428	0.37222	0.622325	0.831116	0.956771	0.99336	0.942362	0.795698	0.571971	0.32515	0.110239	-0.0372553	-0.0984713	-0.0754754	0	
0	-0.002169	0.000782671	-0.00425588	-0.000161407	-0.00221544	-0.00138982	0.00135612	-0.00078814	0.0021688	0.000725927	-0.00067617	-0.000128622	-0.00227778	-0.00159713	-0.000402779	0.00191995	1.39555e-05	0.00305939	-0.00284911	-0.00440268	0.000647168	-0.00051036	-2.68426e-05	-0.00174526	-0.00147415	-0.00260663	-0.00233487	-0.00513159	-0.00817339	-0.0123761	-0.0234421	-0.0413835	-0.0691144	-0.108347	-0.169094	-0.246131	-0.337435	-0.432772	-0.516799	-0.563109	-0.545241	-0.445344	-0.257202	0.000538805	0.296824	0.58909	0.82488	0.969339	1.0135	0.960718	0.80791	0.578201	0.320502	0.0727083	-0.13111	-0.285222	-0.37309	-0.396202	-0.344103	-0.249163	-0.165823	-0.113967	-0.0832514	-0.0486883	-0.0235823	-0.0232927	-0.047106	-0.0763287	-0.0943289	-0.0887915	-0.0622451	-0.0344949	-0.017406	-0.0309893	-0.06452	-0.0956997	-0.134808	-0.195225	-0.284477	-0.370412	-0.395909	-0.344885	-0.228563	-0.0539613	0.171347	0.426849	0.679636	0.886466	1.00453	1.02454	0.956185	0.796783	0.565758	0.31807	0.103877	-0.0429944	-0.101151	-0.0754179	0	
0	-0.00132274	0.0047744	-0.000855801	0.00308821	0.00246435	-0.00153061	0.00104424	-0.00254364	-0.00433746	-0.00134724	-0.00455597	0.000174549	-0.00016604	0.000110676	0.00191995	-0.0033684	-0.00315145	-0.00118477	-0.00104019	-0.00100563	0.00468888	-0.00374886	-0.00140242	-0.000732437	-0.000183396	-0.00333538	-0.00107674	-0.00309072	-0.00961257	-0.0128461	-0.0238913	-0.0434581	-0.0726743	-0.112015	-0.179612	-0.255413	-0.350888	-0.447567	-0.536369	-0.579016	-0.562489	-0.462216	-0.276156	-0.0182819	0.281044	0.572168	0.815823	0.977718	1.04171	1.00384	0.858834	0.63666	0.375571	0.12176	-0.0892975	-0.253421	-0.35221	-0.389684	-0.355495	-0.277994	-0.204661	-0.152245	-0.111052	-0.0663666	-0.0292722	-0.0189524	-0.0428638	-0.0775213	-0.102722	-0.0962696	-0.0635992	-0.0328894	-0.0185715	-0.0420315	-0.0830395	-0.122038	-0.170128	-0.229694	-0.310732	-0.380616	-0.384113	-0.317968	-0.19384	-0.0112064	0.223549	0.484219	0.735475	0.937355	1.04482	1.04777	0.961053	0.787691	0.554019	0.310612	0.0967674	-0.0495949	-0.102637	-0.0739549	0	
0	-9.18702e-05	-0.00120112	-0.00185512	-0.000291358	-0.00276193	-0.000723015	0.00115533	-0.000900542	0.00319867	0.00290992	0.000576588	0.000872915	0.000789235	-0.00590247	1.39555e-05	-0.00315145	0.000200942	-0.000502459	-0.00279739	-0.000838119	-0.00273978	-0.00649344	-0.000919453	-0.0010668	-0.0035882	-0.0051322	-0.00209541	-0.00760477	-0.0116839	-0.0148525	-0.0258015	-0.0515649	-0.0751324	-0.121169	-0.1888	-0.269173	-0.362545	-0.466073	-0.552821	-0.595197	-0.578058	-0.477572	-0.294893	-0.0342055	0.261772	0.552145	0.801884	0.980195	1.06532	1.0391	0.911417	0.697264	0.435225	0.17723	-0.046225	-0.216136	-0.327417	-0.379612	-0.363316	-0.309323	-0.244364	-0.186903	-0.137959	-0.0812786	-0.0346338	-0.0202748	-0.0407761	-0.0819185	-0.113656	-0.1029	-0.0653319	-0.0305397	-0.0188622	-0.0519669	-0.104325	-0.157169	-0.211212	-0.266441	-0.332736	-0.375524	-0.359878	-0.288334	-0.155513	0.03846	0.279876	0.543799	0.79269	0.982536	1.07312	1.06134	0.958746	0.771139	0.537545	0.301568	0.0889409	-0.0556518	-0.10277	-0.0719359	0	
0	0.00094572	-0.00229631	0.00183635	-0.00197066	0.000446503	8.87481e-05	-0.00135749	-0.000721859	-0.00101459	-0.00337135	-0.00140734	-0.0014097	-0.00141378	-0.000279496	0.00305939	-0.00118477	-0.000502459	0.00250339	-0.00215617	-0.000937782	-0.00167985	0.00166686	0.00125211	-0.0017281	-0.00235687	-0.00204969	-0.00139947	-0.00585491	-0.00938875	-0.0136963	-0.0275841	-0.0517705	-0.0750068	-0.126385	-0.194999	-0.275893	-0.371125	-0.479222	-0.563037	-0.606289	-0.587585	-0.490118	-0.307964	-0.0496073	0.240692	0.526453	0.77949	0.973165	1.07194	1.0622	0.953963	0.752124	0.495313	0.232101	0.00408207	-0.170611	-0.290987	-0.352935	-0.361799	-0.331812	-0.277985	-0.224654	-0.168373	-0.106371	-0.0555727	-0.0285165	-0.0437719	-0.0830166	-0.108083	-0.100389	-0.0655932	-0.0318275	-0.0320937	-0.0742609	-0.130975	-0.189525	-0.247782	-0.300961	-0.346431	-0.362649	-0.334515	-0.251815	-0.105508	0.0939445	0.338262	0.60518	0.847453	1.01885	1.09106	1.06664	0.948722	0.747955	0.517072	0.290525	0.081429	-0.0598225	-0.102176	-0.0704944	0	
0	0.000435496	-4.53187e-05	0.00161597	-0.000844135	0.00178267	-0.000721466	-0.000108367	-0.000212919	-0.00113954	-0.000990381	-0.000632433	-0.000763087	-0.00159989	0.00065659	-0.00284911	-0.00104019	-0.00279739	-0.00215617	-0.00590213	0.00203556	-0.00056062	-0.00172576	-0.00463287	-0.00244484	-0.00227536	-0.00274825	-0.00296918	-0.00650984	-0.0120284	-0.0153957	-0.0308052	-0.0526336	-0.0807321	-0.133766	-0.202471	-0.284481	-0.384092	-0.493429	-0.574078	-0.619412	-0.598609	-0.504368	-0.320696	-0.0676313	0.215909	0.496278	0.752734	0.958433	1.06868	1.07898	0.994207	0.808211	0.559796	0.29312	0.0623876	-0.118163	-0.246888	-0.321702	-0.358745	-0.351557	-0.312167	-0.261339	-0.200056	-0.135557	-0.0758002	-0.0406422	-0.0494932	-0.0792753	-0.101575	-0.0970565	-0.066	-0.0418579	-0.051516	-0.097471	-0.161188	-0.224423	-0.27998	-0.326803	-0.357895	-0.35096	-0.297142	-0.198705	-0.0507519	0.150449	0.399399	0.665103	0.897601	1.04945	1.09974	1.05979	0.929665	0.721927	0.494826	0.276577	0.0741827	-0.0614926	-0.101058	-0.0698162	0	
0	-0.00202412	0.00321545	-0.00307843	0.00088723	-0.000147342	-0.00281049	0.000709873	-0.000755703	-0.00131101	0.00205754	0.000173241	-0.000341769	1.84564e-06	-0.000911195	-0.00440268	-0.00100563	-0.000838119	-0.000937782	0.00203556	-0.00113002	-0.00476719	-0.00366788	-0.00110594	-0.00145479	-0.000844876	-0.0040543	-0.00495936	-0.00824871	-0.0101473	-0.0163065	-0.0334222	-0.0543654	-0.0852071	-0.138267	-0.208393	-0.291724	-0.396475	-0.501188	-0.584311	-0.627291	-0.608502	-0.512266	-0.330299	-0.0837359	0.19211	0.464735	0.72509	0.933841	1.0548	1.08669	1.02422	0.859723	0.618754	0.355414	0.124962	-0.0618333	-0.193092	-0.285301	-0.346878	-0.359673	-0.338732	-0.292108	-0.233977	-0.170635	-0.102524	-0.0614228	-0.0603841	-0.0751549	-0.0903427	-0.0891769	-0.0676391	-0.0572062	-0.0754376	-0.125002	-0.195449	-0.258924	-0.310285	-0.352155	-0.361519	-0.322255	-0.24847	-0.144393	0.00706552	0.212297	0.461523	0.724193	0.943867	1.06967	1.09628	1.0428	0.904383	0.694428	0.470725	0.259575	0.0678089	-0.0603854	-0.0996485	-0.0699283	0	
0	-0.00178342	9.30009e-05	-0.00352292	1.10793e-06	-0.00168933	-0.000456196	0.00117718	-0.000870059	0.000373803	-0.00084316	-0.00250608	-0.00237468	-0.000219756	-0.0019375	0.000647168	0.00468888	-0.00273978	-0.00167985	-0.00056062	-0.00476719	-0.00176719	0.00285195	-0.00122176	-0.00222003	-0.00368801	-0.00468639	-0.00380256	-0.00413879	-0.0111283	-0.0206844	-0.0335814	-0.0532895	-0.08935	-0.143449	-0.211836	-0.299911	-0.40459	-0.508871	-0.591263	-0.635306	-0.614705	-0.517777	-0.338235	-0.098633	0.166892	0.43527	0.692507	0.900826	1.0313	1.08352	1.0461	0.901477	0.673803	0.420088	0.190004	0.00409055	-0.133812	-0.243224	-0.323041	-0.358777	-0.352765	-0.318121	-0.273327	-0.2087	-0.138161	-0.0920887	-0.0740215	-0.0727747	-0.0757012	-0.0731459	-0.0681268	-0.0766279	-0.104291	-0.163742	-0.240682	-0.29418	-0.331956	-0.359696	-0.348261	-0.291883	-0.203663	-0.0842051	0.0755143	0.281201	0.526117	0.776483	0.975463	1.08092	1.08935	1.01625	0.869159	0.665774	0.4474	0.241055	0.0620128	-0.0574756	-0.098015	-0.0702803	0	
0	0.0010173	0.0018616	0.00164944	0.00241322	0.000265031	0.000492112	-0.00170358	-0.00145005	-0.00300049	-0.000930249	-0.00134327	-0.00100622	0.00166359	-0.0036376	-0.00051036	-0.00374886	-0.00649344	0.00166686	-0.00172576	-0.00366788	0.00285195	-0.00154515	-0.00702072	-0.0027867	8.94408e-05	-0.0029088	-0.00341712	-0.00763122	-0.0128592	-0.0207018	-0.0300524	-0.0574494	-0.095003	-0.145666	-0.214936	-0.309179	-0.412663	-0.515333	-0.599409	-0.643098	-0.621131	-0.523234	-0.34701	-0.11646	0.142133	0.403609	0.65586	0.85836	1.00041	1.07146	1.05839	0.935104	0.726926	0.487359	0.262799	0.0782501	-0.0698062	-0.194444	-0.29365	-0.346893	-0.358835	-0.345383	-0.31347	-0.252077	-0.177698	-0.120826	-0.0879893	-0.0688858	-0.058895	-0.062217	-0.077583	-0.102855	-0.139991	-0.206166	-0.279198	-0.322594	-0.350876	-0.358778	-0.327846	-0.25952	-0.149605	-0.00966586	0.150866	0.347975	0.583697	0.820656	1.00179	1.08713	1.07088	0.97681	0.830069	0.638777	0.423699	0.22197	0.0571358	-0.0542887	-0.0961369	-0.069615	0	
0	-0.00067413	-0.00135838	-0.00183173	-0.00114644	-0.00251153	0.00058435	-0.00134785	0.000754007	0.00166062	-0.000964012	0.00147533	-0.00151846	-0.00113374	-0.0024377	-2.68426e-05	-0.00140242	-0.000919453	0.00125211	-0.00463287	-0.00110594	-0.00122176	-0.00702072	-0.00204831	0.000676229	-0.00251563	-0.00768062	-0.00556086	-0.00741306	-0.0127207	-0.0217722	-0.0332314	-0.0628229	-0.0974319	-0.146693	-0.222419	-0.318164	-0.41777	-0.520937	-0.607084	-0.648837	-0.624208	-0.525335	-0.35405	-0.129891	0.121617	0.377674	0.616895	0.8155	0.965033	1.05249	1.05896	0.956208	0.773173	0.549407	0.33659	0.152139	-0.00501197	-0.14281	-0.253859	-0.319791	-0.350803	-0.362122	-0.350077	-0.294735	-0.221505	-0.156007	-0.108675	-0.0735923	-0.0479196	-0.0546077	-0.0851628	-0.124598	-0.178001	-0.251614	-0.321826	-0.358311	-0.362354	-0.339745	-0.295671	-0.214391	-0.0852847	0.0606525	0.220844	0.419104	0.645362	0.859601	1.01414	1.07701	1.04295	0.936799	0.790008	0.606461	0.399018	0.207456	0.0532648	-0.053609	-0.0938789	-0.0665936	0	
0	-0.000738526	0.000549459	-0.000941402	-0.0004811	-9.62956e-06	-0.00114638	-0.000515697	-0.000452868	-0.00143265	-0.00149432	0.000149914	-0.003443	0.000538088	-0.00128513	-0.00174526	-0.000732437	-0.0010668	-0.0017281	-0.00244484	-0.00145479	-0.00222003	-0.0027867	0.000676229	-0.00293058	-0.00443613	-0.00597632	-0.00292876	-0.00589061	-0.0148047	-0.022613	-0.0336607	-0.0634714	-0.0974667	-0.149668	-0.229043	-0.321716	-0.420561	-0.526789	-0.613949	-0.651366	-0.62638	-0.527079	-0.362276	-0.142251	0.103051	0.349621	0.574107	0.768257	0.923874	1.02298	1.04429	0.966843	0.810396	0.610893	0.41285	0.230129	0.0653841	-0.0836451	-0.201786	-0.279797	-0.333955	-0.375566	-0.384937	-0.342015	-0.267307	-0.190417	-0.131371	-0.0770941	-0.0434934	-0.0555531	-0.0950109	-0.153437	-0.220632	-0.296158	-0.364866	-0.386402	-0.360604	-0.312074	-0.251331	-0.158481	-0.0239757	0.129998	0.301201	0.494727	0.698248	0.884263	1.01289	1.0577	1.01127	0.89453	0.744717	0.57011	0.378036	0.198047	0.0479112	-0.0556189	-0.0904198	-0.0618028	0	
0	-4.63161e-05	0.000432855	0.000895453	-0.000952755	0.00212423	-0.00212939	7.45609e-05	-0.000945743	-0.00361803	-0.000460929	-0.00310398	-0.0022783	-0.00036614	-0.00220723	-0.00147415	-0.000183396	-0.0035882	-0.00235687	-0.00227536	-0.000844876	-0.00368801	8.94408e-05	-0.00251563	-0.00443613	-0.00534323	-0.00113791	-0.00348814	-0.0090691	-0.017533	-0.0187993	-0.0346918	-0.0657739	-0.0992038	-0.15293	-0.232818	-0.324226	-0.424374	-0.53429	-0.616948	-0.654336	-0.626811	-0.531401	-0.368489	-0.152987	0.0872622	0.32082	0.530649	0.722659	0.879174	0.984678	1.01769	0.966375	0.83878	0.667527	0.485892	0.308354	0.136291	-0.0175649	-0.139328	-0.230026	-0.307186	-0.3799	-0.413361	-0.385147	-0.311059	-0.226686	-0.154613	-0.089244	-0.0535591	-0.0639666	-0.110957	-0.182817	-0.259818	-0.341764	-0.404472	-0.40505	-0.350578	-0.275497	-0.19597	-0.0938094	0.0425055	0.202881	0.381637	0.564518	0.740811	0.898998	1.00451	1.029	0.968688	0.848837	0.701753	0.534567	0.357687	0.19007	0.042573	-0.057719	-0.0866769	-0.0575372	0	
0	0.000129716	0.000292094	-0.000373652	0.000399867	-0.00111408	-0.000499578	-0.000574284	-0.000785007	-0.000697884	0.00106089	-0.00161719	-6.64261e-05	-0.000699144	-0.00397067	-0.00260663	-0.00333538	-0.0051322	-0.00204969	-0.00274825	-0.0040543	-0.00468639	-0.0029088	-0.00768062	-0.00597632	-0.00113791	-0.0052689	-0.0112179	-0.0123373	-0.0128322	-0.0221649	-0.0423504	-0.0688503	-0.0997411	-0.159157	-0.238483	-0.328619	-0.4315	-0.541182	-0.621475	-0.6581	-0.630325	-0.536791	-0.374491	-0.162134	0.0731838	0.290397	0.492606	0.679019	0.835007	0.938295	0.984046	0.956161	0.858967	0.716034	0.553812	0.382813	0.208341	0.0559915	-0.071003	-0.171822	-0.274744	-0.374039	-0.431403	-0.42143	-0.348672	-0.260364	-0.178509	-0.111866	-0.0784724	-0.0868829	-0.137057	-0.211471	-0.295412	-0.381723	-0.433324	-0.413439	-0.334162	-0.232985	-0.130645	-0.0197967	0.114915	0.279835	0.457045	0.62066	0.775007	0.911376	0.985981	0.982558	0.918126	0.808603	0.662883	0.496924	0.336469	0.184009	0.0388814	-0.0594262	-0.0840023	-0.0548277	0	
0	-0.00148718	-0.000911492	-0.00352165	-0.000977037	-0.00377229	-0.000283831	-0.00251389	-0.000794037	-0.000240656	-0.00310194	0.000194739	-0.00343839	-0.00231656	-0.00194967	-0.00233487	-0.00107674	-0.00209541	-0.00139947	-0.00296918	-0.00495936	-0.00380256	-0.00341712	-0.00556086	-0.00292876	-0.00348814	-0.0112179	-0.00843463	-0.00728238	-0.0148686	-0.0295397	-0.0414462	-0.0644853	-0.102861	-0.164805	-0.238402	-0.329196	-0.435858	-0.543488	-0.622005	-0.65818	-0.631288	-0.538392	-0.376753	-0.166196	0.0589208	0.26337	0.458127	0.638366	0.784825	0.883558	0.939168	0.932549	0.864248	0.749772	0.610866	0.450723	0.285561	0.137053	0.00851618	-0.106653	-0.232176	-0.353586	-0.438558	-0.445942	-0.383544	-0.293626	-0.208462	-0.148351	-0.115638	-0.124282	-0.167473	-0.237502	-0.329578	-0.413156	-0.452477	-0.413193	-0.307102	-0.18137	-0.0583123	0.0615248	0.194879	0.354643	0.519991	0.670667	0.806501	0.908328	0.94863	0.931831	0.871361	0.766095	0.621013	0.463871	0.319073	0.175904	0.0348852	-0.0588864	-0.0822714	-0.0549489	0	
0	-0.000117608	0.00110025	-6.30753e-05	0.000901813	-0.000533247	-7.42477e-05	-0.00233979	-0.0021385	-0.00378551	-0.00540827	-0.00334377	-0.00724173	-0.00261495	-0.00511233	-0.00513159	-0.00309072	-0.00760477	-0.00585491	-0.00650984	-0.00824871	-0.00413879	-0.00763122	-0.00741306	-0.00589061	-0.0090691	-0.0123373	-0.00728238	-0.0118561	-0.0220454	-0.0301753	-0.0397531	-0.0688497	-0.111794	-0.166564	-0.239064	-0.335243	-0.443915	-0.546588	-0.626281	-0.662481	-0.638182	-0.543499	-0.382696	-0.174675	0.0386891	0.236079	0.425992	0.596956	0.731023	0.825573	0.890452	0.901924	0.859348	0.772817	0.658106	0.516423	0.36696	0.22485	0.0910084	-0.0410838	-0.184074	-0.325228	-0.431921	-0.458603	-0.408748	-0.321504	-0.243314	-0.192084	-0.167524	-0.175258	-0.206889	-0.271443	-0.356904	-0.43312	-0.459893	-0.394275	-0.267453	-0.124918	0.015799	0.144807	0.281023	0.430171	0.575878	0.710232	0.819507	0.888067	0.90982	0.884516	0.817053	0.714722	0.585459	0.442695	0.300673	0.16116	0.0326473	-0.0544697	-0.0825574	-0.058497	0	
0	6.48354e-05	0.000313881	0.000188978	-0.00142412	-0.000485587	-0.00355111	-0.00341345	-0.00308327	-0.00597351	-0.00296783	-0.0041066	-0.00602545	-0.00361567	-0.00853103	-0.00817339	-0.00961257	-0.0116839	-0.00938875	-0.0120284	-0.0101473	-0.0111283	-0.0128592	-0.0127207	-0.0148047	-0.017533	-0.0128322	-0.0148686	-0.0220454	-0.0281765	-0.0334226	-0.0476026	-0.0795705	-0.118128	-0.16961	-0.246491	-0.346692	-0.449841	-0.551246	-0.632178	-0.670506	-0.644657	-0.548553	-0.387287	-0.185328	0.0198617	0.215598	0.399445	0.557939	0.677684	0.770072	0.839077	0.863741	0.839812	0.77917	0.688808	0.574385	0.446561	0.312284	0.172159	0.0245551	-0.128721	-0.283932	-0.407067	-0.452629	-0.419359	-0.345564	-0.284139	-0.247847	-0.234254	-0.240143	-0.259761	-0.308479	-0.377223	-0.438649	-0.444177	-0.359761	-0.220225	-0.063285	0.0885996	0.230521	0.370896	0.501587	0.625702	0.73607	0.811958	0.858249	0.869649	0.832036	0.758547	0.666666	0.556754	0.424023	0.280264	0.146726	0.0324057	-0.0516662	-0.085053	-0.0613828	0	
0	-0.00217554	-0.00450252	-0.00562083	-0.00658511	-0.00684314	-0.00602908	-0.00579736	-0.00522935	-0.0055912	-0.00581169	-0.00855371	-0.00937563	-0.0104813	-0.0136746	-0.0123761	-0.0128461	-0.0148525	-0.0136963	-0.0153957	-0.0163065	-0.0206844	-0.0207018	-0.0217722	-0.022613	-0.0187993	-0.0221649	-0.0295397	-0.0301753	-0.0334226	-0.0430233	-0.0585395	-0.0886511	-0.124507	-0.177304	-0.25815	-0.355488	-0.454616	-0.557724	-0.641002	-0.678848	-0.65058	-0.553642	-0.3943	-0.199891	0.00363791	0.198256	0.373793	0.516008	0.625477	0.714009	0.783564	0.812927	0.803873	0.763915	0.702876	0.622966	0.521294	0.398934	0.251125	0.096746	-0.0632517	-0.227506	-0.36273	-0.429202	-0.418055	-0.371364	-0.33496	-0.317486	-0.312389	-0.312874	-0.320212	-0.344992	-0.387555	-0.427639	-0.412965	-0.314164	-0.162343	0.00251897	0.161641	0.31711	0.459093	0.572865	0.666323	0.737194	0.78827	0.825119	0.823092	0.776514	0.706104	0.622557	0.526297	0.405395	0.265244	0.136346	0.0283462	-0.0545476	-0.0869472	-0.0604784	0	
0	-0.000982263	-0.000242254	-0.0029294	-0.00265859	-0.00564246	-0.00746319	-0.0107621	-0.0130036	-0.0165224	-0.0188443	-0.0192216	-0.0226754	-0.0213724	-0.0226155	-0.0234421	-0.0238913	-0.0258015	-0.0275841	-0.0308052	-0.0334222	-0.0335814	-0.0300524	-0.0332314	-0.0336607	-0.0346918	-0.0423504	-0.0414462	-0.0397531	-0.0476026	-0.0585395	-0.0726254	-0.102906	-0.13577	-0.19162	-0.273185	-0.367123	-0.464779	-0.572136	-0.655773	-0.692184	-0.662628	-0.567269	-0.413173	-0.222501	-0.0169668	0.175206	0.338911	0.468409	0.572477	0.657354	0.722928	0.754301	0.754722	0.735589	0.707186	0.664936	0.592457	0.478428	0.328782	0.17051	0.00561839	-0.162856	-0.309144	-0.392318	-0.407287	-0.394868	-0.388577	-0.389736	-0.390874	-0.391251	-0.38593	-0.386331	-0.398809	-0.403355	-0.365012	-0.254191	-0.0916669	0.0774587	0.240873	0.39905	0.533975	0.631313	0.692585	0.728957	0.759959	0.779126	0.765266	0.72414	0.661699	0.582797	0.49585	0.385957	0.254528	0.129596	0.0197948	-0.0621331	-0.0877467	-0.0576044	0	
0	-0.00236705	-0.00420219	-0.00732096	-0.00925924	-0.0130941	-0.014761	-0.0188206	-0.0208887	-0.0233772	-0.0266635	-0.0278313	-0.0317877	-0.0325038	-0.0375801	-0.0413835	-0.0434581	-0.0515649	-0.0517705	-0.0526336	-0.0543654	-0.0532895	-0.0574494	-0.0628229	-0.0634714	-0.0657739	-0.0688503	-0.0644853	-0.0688497	-0.0795705	-0.0886511	-0.102906	-0.128066	-0.162138	-0.222365	-0.302084	-0.389071	-0.490313	-0.599725	-0.681377	-0.714365	-0.685324	-0.592768	-0.441642	-0.248182	-0.038727	0.148266	0.301633	0.42593	0.527548	0.605549	0.663228	0.689814	0.695096	0.691624	0.69515	0.687806	0.640293	0.539081	0.39567	0.24274	0.0805934	-0.088058	-0.238782	-0.336178	-0.382979	-0.41231	-0.442565	-0.466791	-0.476469	-0.475056	-0.458748	-0.432263	-0.400571	-0.364817	-0.301216	-0.174133	-0.00852238	0.156606	0.315825	0.466395	0.5964	0.681501	0.711439	0.713324	0.715589	0.71695	0.706725	0.678307	0.624083	0.550276	0.464904	0.362504	0.247799	0.126856	0.00744313	-0.0731629	-0.088446	-0.055142	0	
0	-0.00611311	-0.0103653	-0.0170392	-0.0210396	-0.025548	-0.0302368	-0.0335278	-0.0361934	-0.0413412	-0.0434008	-0.0477227	-0.0549887	-0.0576486	-0.0657794	-0.0691144	-0.0726743	-0.0751324	-0.0750068	-0.0807321	-0.0852071	-0.08935	-0.095003	-0.0974319	-0.0974667	-0.0992038	-0.0997411	-0.102861	-0.111794	-0.118128	-0.124507	-0.13577	-0.162138	-0.202307	-0.261539	-0.330442	-0.418571	-0.525724	-0.633211	-0.709419	-0.742383	-0.717198	-0.627591	-0.476598	-0.277917	-0.0700352	0.108536	0.255723	0.379434	0.476926	0.544513	0.590894	0.61165	0.617448	0.631632	0.663962	0.6878	0.665771	0.58361	0.46023	0.319796	0.163945	-0.00292013	-0.158204	-0.272779	-0.355032	-0.429091	-0.498855	-0.544963	-0.562399	-0.559086	-0.526885	-0.469162	-0.39438	-0.315599	-0.223233	-0.089053	0.0733462	0.239026	0.3943	0.532927	0.647861	0.710914	0.713336	0.68391	0.658626	0.65478	0.654642	0.633841	0.588615	0.521819	0.436645	0.342949	0.241847	0.11947	-0.00607592	-0.0814771	-0.0910098	-0.057656	0	
0	-0.0078826	-0.0160215	-0.0232915	-0.0307293	-0.038339	-0.0447835	-0.0533297	-0.06101	-0.069502	-0.0785697	-0.0866466	-0.0940978	-0.0987276	-0.104978	-0.108347	-0.112015	-0.121169	-0.126385	-0.133766	-0.138267	-0.143449	-0.145666	-0.146693	-0.149668	-0.15293	-0.159157	-0.164805	-0.166564	-0.16961	-0.177304	-0.19162	-0.222365	-0.261539	-0.308895	-0.377613	-0.47471	-0.581332	-0.680285	-0.755577	-0.793802	-0.771437	-0.68295	-0.527529	-0.326946	-0.123903	0.049306	0.19855	0.325435	0.416808	0.474164	0.51149	0.524826	0.533569	0.5612	0.616207	0.662755	0.663071	0.61068	0.514468	0.393857	0.248071	0.0824268	-0.0777182	-0.211903	-0.329402	-0.443608	-0.54697	-0.614775	-0.639457	-0.630424	-0.58387	-0.498319	-0.385392	-0.270195	-0.149514	0.000635901	0.170024	0.334147	0.475178	0.590944	0.677122	0.712147	0.693737	0.645431	0.606929	0.60048	0.600722	0.585037	0.552959	0.498956	0.422231	0.329892	0.22321	0.102825	-0.0110646	-0.0836231	-0.100447	-0.0677281	0	
0	-0.0116315	-0.0210127	-0.0350114	-0.0459842	-0.0595186	-0.0735458	-0.0863536	-0.0985809	-0.111532	-0.120543	-0.129839	-0.140728	-0.147708	-0.159581	-0.169094	-0.179612	-0.1888	-0.194999	-0.202471	-0.208393	-0.211836	-0.214936	-0.222419	-0.229043	-0.232818	-0.238483	-0.238402	-0.239064	-0.246491	-0.25815	-0.273185	-0.302084	-0.330442	-0.377613	-0.45617	-0.553675	-0.648266	-0.744621	-0.826291	-0.867218	-0.844988	-0.753725	-0.595849	-0.396942	-0.199352	-0.024325	0.133148	0.260447	0.344952	0.393891	0.423381	0.432156	0.441382	0.478589	0.543632	0.60272	0.627933	0.609526	0.549273	0.454869	0.322924	0.163448	-0.00260858	-0.156427	-0.300927	-0.44611	-0.579414	-0.669215	-0.707321	-0.698565	-0.634532	-0.521807	-0.376037	-0.221805	-0.0681129	0.09934	0.271783	0.426866	0.549577	0.635409	0.683597	0.69136	0.660815	0.604619	0.558218	0.544025	0.543936	0.540133	0.523433	0.484293	0.415591	0.312577	0.195384	0.0887325	-0.0102176	-0.0900689	-0.115332	-0.0766832	0	
0	-0.0208	-0.0411672	-0.0611224	-0.0794067	-0.0979175	-0.113488	-0.129792	-0.144937	-0.159171	-0.175038	-0.189746	-0.205432	-0.218794	-0.234032	-0.246131	-0.255413	-0.269173	-0.275893	-0.284481	-0.291724	-0.299911	-0.309179	-0.318164	-0.321716	-0.324226	-0.328619	-0.329196	-0.335243	-0.346692	-0.355488	-0.367123	-0.389071	-0.418571	-0.47471	-0.553675	-0.637386	-0.727795	-0.831923	-0.916337	-0.955664	-0.93153	-0.840031	-0.682347	-0.489332	-0.292753	-0.109177	0.0541099	0.17844	0.254904	0.297993	0.322117	0.325487	0.335327	0.370981	0.435401	0.503534	0.555862	0.580377	0.562395	0.502142	0.393106	0.240157	0.0641391	-0.109992	-0.279595	-0.448918	-0.604698	-0.717316	-0.767016	-0.749874	-0.665313	-0.525996	-0.352262	-0.174433	0.00181841	0.189725	0.369213	0.51427	0.613949	0.66776	0.681317	0.658385	0.608682	0.549249	0.504718	0.49092	0.499428	0.508937	0.499063	0.46516	0.401081	0.297049	0.18053	0.0775587	-0.0235636	-0.105871	-0.124425	-0.0776436	0	
0	-0.0281255	-0.053092	-0.0823373	-0.107091	-0.133238	-0.159429	-0.183266	-0.206863	-0.230955	-0.250951	-0.271436	-0.291399	-0.306832	-0.324616	-0.337435	-0.350888	-0.362545	-0.371125	-0.384092	-0.396475	-0.40459	-0.412663	-0.41777	-0.420561	-0.424374	-0.4315	-0.435858	-0.443915	-0.449841	-0.454616	-0.464779	-0.490313	-0.525724	-0.581332	-0.648266	-0.727795	-0.827189	-0.934997	-1.01691	-1.05508	-1.03437	-0.944345	-0.793937	-0.606167	-0.405013	-0.213394	-0.0489931	0.0687187	0.141904	0.183625	0.205588	0.209147	0.215199	0.243338	0.300757	0.377039	0.459986	0.524351	0.548696	0.52512	0.438807	0.291044	0.10319	-0.0893143	-0.271577	-0.449721	-0.617818	-0.742976	-0.800231	-0.77856	-0.675792	-0.517143	-0.329492	-0.136434	0.0607845	0.268145	0.455634	0.593907	0.67194	0.691595	0.664644	0.605454	0.537328	0.48143	0.452097	0.453708	0.471453	0.482122	0.470985	0.43999	0.384838	0.292498	0.176356	0.0572	-0.0522427	-0.120995	-0.126283	-0.0783507	0	
0	-0.0360038	-0.0716184	-0.107405	-0.141462	-0.176417	-0.208626	-0.240733	-0.271985	-0.3001	-0.328426	-0.353518	-0.376891	-0.396453	-0.416307	-0.432772	-0.447567	-0.466073	-0.479222	-0.493429	-0.501188	-0.508871	-0.515333	-0.520937	-0.526789	-0.53429	-0.541182	-0.543488	-0.546588	-0.551246	-0.557724	-0.572136	-0.599725	-0.633211	-0.680285	-0.744621	-0.831923	-0.934997	-1.03955	-1.11974	-1.16277	-1.14419	-1.0615	-0.919238	-0.731275	-0.522198	-0.326552	-0.167518	-0.0521068	0.0213515	0.0643656	0.0873592	0.0873319	0.0836805	0.0934108	0.139715	0.224032	0.330777	0.43024	0.494268	0.508594	0.449912	0.309406	0.114208	-0.0857935	-0.271755	-0.450305	-0.619681	-0.751651	-0.812419	-0.783858	-0.670314	-0.500662	-0.304367	-0.104895	0.104863	0.330706	0.531208	0.662487	0.709784	0.690858	0.629905	0.542715	0.460493	0.41235	0.404342	0.422895	0.445757	0.457346	0.448897	0.420813	0.370714	0.2852	0.16622	0.0345229	-0.0775715	-0.135073	-0.132689	-0.0834582	0	
0	-0.0451075	-0.0869956	-0.132959	-0.174325	-0.216184	-0.257484	-0.294927	-0.330877	-0.365305	-0.394383	-0.422922	-0.449279	-0.472367	-0.496762	-0.516799	-0.536369	-0.552821	-0.563037	-0.574078	-0.584311	-0.591263	-0.599409	-0.607084	-0.613949	-0.616948	-0.621475	-0.622005	-0.626281	-0.632178	-0.641002	-0.655773	-0.681377	-0.709419	-0.755577	-0.826291	-0.916337	-1.01691	-1.11974	-1.20536	-1.25128	-1.24088	-1.16991	-1.03412	-0.842069	-0.630716	-0.442895	-0.289086	-0.174702	-0.0994236	-0.0550958	-0.0335676	-0.0403059	-0.0632185	-0.0733998	-0.0357026	0.0538886	0.178718	0.30347	0.40145	0.452119	0.417759	0.287231	0.0945468	-0.104559	-0.284426	-0.454431	-0.618222	-0.743916	-0.800275	-0.769662	-0.651921	-0.478583	-0.279806	-0.0752387	0.142339	0.375362	0.576453	0.695273	0.718466	0.670721	0.583459	0.479714	0.390503	0.343459	0.348984	0.388453	0.426284	0.443399	0.436389	0.408212	0.354466	0.264328	0.147424	0.0214632	-0.0926795	-0.15598	-0.149174	-0.0890914	0	
