0	0	0	0	0	0	0	0	0	0	0	0	0	0	0	0	0	0	0	0	0	0	0	0	0	0	0	0	0	0	0	0	0	0	0	0	0	0	0	0	0	0	0	0	0	0	0	0	0	0	0	0	0	0	0	0	0	0	0	0	0	0	0	0	0	0	0	0	0	0	0	0	0	0	0	0	0	0	0	0	0	0	0	0	0	0	0	0	0	0	0	0	0	0	0	0	0	0	0	0	
0	0.00678274	0.0184459	0.0407391	0.0799704	0.140693	0.221811	0.313524	0.398463	0.458016	0.480291	0.464194	0.417495	0.35159	0.276726	0.199573	0.123165	0.0482401	-0.0251341	-0.0964515	-0.164652	-0.22855	-0.287029	-0.33913	-0.384204	-0.421906	-0.45212	-0.474911	-0.490423	-0.498805	-0.500164	-0.49452	-0.481815	-0.461914	-0.434673	-0.39998	-0.357858	-0.308536	-0.252516	-0.190634	-0.123984	-0.0537612	0.0188625	0.0931528	0.168971	0.246027	0.322384	0.392902	0.448619	0.478163	0.471653	0.426141	0.349355	0.258055	0.171056	0.101622	0.0541538	0.0259458	0.0112123	0.00438642	0.00155953	0.000505854	0.000150262	4.10235e-05	1.03291e-05	2.40619e-06	5.20169e-07	1.04647e-07	1.96434e-08	3.44885e-09	5.67668e-10	8.77813e-11	1.2778e-11	1.75426e-12	2.27535e-13	2.79284e-14	3.24905e-15	3.58767e-16	3.76538e-17	3.76107e-18	3.57973e-19	3.25035e-20	2.81857e-21	2.33667e-22	1.85383e-23	1.40881e-24	1.02645e-25	7.17622e-27	4.81817e-28	3.1091e-29	1.92965e-30	1.15272e-31	6.63232e-33	3.67781e-34	1.96683e-35	1.01499e-36	5.05734e-38	2.4344e-39	1.13046e-40	0	
0	0.0184459	0.0480097	0.100311	0.185548	0.307421	0.4574	0.613558	0.747402	0.835419	0.867046	0.844306	0.776285	0.673949	0.547328	0.404638	0.252579	0.0969425	-0.0569505	-0.204364	-0.341783	-0.466925	-0.578282	-0.67506	-0.757104	-0.824623	-0.878075	-0.918057	-0.945117	-0.95971	-0.962105	-0.95234	-0.930251	-0.895448	-0.847426	-0.785602	-0.709443	-0.618616	-0.513091	-0.393337	-0.260579	-0.116775	0.0350482	0.190577	0.344712	0.491895	0.625857	0.739026	0.822047	0.864132	0.854968	0.788974	0.671241	0.520636	0.365018	0.230156	0.130275	0.0662356	0.0303169	0.0125322	0.0046959	0.00160119	0.000498746	0.000142449	3.74399e-05	9.08608e-06	2.04249e-06	4.26552e-07	8.29871e-08	1.50798e-08	2.56546e-09	4.0954e-10	6.14743e-11	8.69372e-12	1.16045e-12	1.46454e-13	1.75035e-14	1.98408e-15	2.1361e-16	2.18723e-17	2.13269e-18	1.98264e-19	1.75928e-20	1.49165e-21	1.20972e-22	9.39318e-24	6.98953e-25	4.98854e-26	3.41786e-27	2.24977e-28	1.42382e-29	8.67013e-31	5.08337e-32	2.8716e-33	1.56395e-34	8.21705e-36	4.16734e-37	2.04125e-38	9.64256e-40	0	
0	0.0407391	0.100311	0.194966	0.333136	0.508887	0.700039	0.875984	1.01149	1.09501	1.12542	1.10419	1.03248	0.913045	0.751925	0.558658	0.345089	0.123482	-0.0951989	-0.3029	-0.494708	-0.667492	-0.819433	-0.950097	-1.05982	-1.14933	-1.21974	-1.27213	-1.30746	-1.32652	-1.3297	-1.31708	-1.28836	-1.2429	-1.17979	-1.09801	-0.996462	-0.874239	-0.73087	-0.566374	-0.381916	-0.180087	0.0350488	0.256684	0.474894	0.677769	0.853087	0.990209	1.08157	1.12319	1.11359	1.05144	0.936023	0.773876	0.585168	0.400012	0.245572	0.135086	0.0666356	0.0295538	0.011828	0.00428914	0.00141518	0.000426604	0.000117955	3.00258e-05	7.06107e-06	1.53901e-06	3.11827e-07	5.88969e-08	1.03968e-08	1.71939e-09	2.66987e-10	3.90072e-11	5.37258e-12	6.98861e-13	8.60013e-14	1.0028e-14	1.10961e-15	1.16677e-16	1.16742e-17	1.11287e-18	1.01193e-19	8.78678e-21	7.29358e-22	5.79325e-23	4.40746e-24	3.21466e-25	2.24976e-26	1.512e-27	9.7662e-29	6.06711e-30	3.62771e-31	2.0892e-32	1.15959e-33	6.20711e-35	3.2062e-36	1.59906e-37	7.68852e-39	0	
0	0.0799704	0.185548	0.333136	0.52135	0.728484	0.922199	1.07741	1.1864	1.25129	1.27074	1.23811	1.1491	1.0061	0.817484	0.595561	0.353835	0.104967	-0.140728	-0.376096	-0.595501	-0.794173	-0.969524	-1.12067	-1.24747	-1.35073	-1.43177	-1.49186	-1.53233	-1.55413	-1.55779	-1.54348	-1.51068	-1.45868	-1.38618	-1.2919	-1.17456	-1.03309	-0.867278	-0.677799	-0.466312	-0.23678	0.00554843	0.254269	0.500259	0.731694	0.935207	1.09776	1.20914	1.26426	1.2649	1.21771	1.12667	0.989821	0.809426	0.604104	0.405862	0.243774	0.130693	0.0626528	0.0269523	0.0104501	0.00366896	0.00117181	0.000341966	9.15622e-05	2.25803e-05	5.1472e-06	1.0881e-06	2.13962e-07	3.92459e-08	6.73231e-09	1.08265e-09	1.63578e-10	2.3269e-11	3.12234e-12	3.95922e-13	4.75222e-14	5.40781e-15	5.84288e-16	6.00225e-17	5.87017e-18	5.47231e-19	4.86833e-20	4.13769e-21	3.36323e-22	2.61701e-23	1.95126e-24	1.39531e-25	9.57739e-27	6.31529e-28	4.00357e-29	2.44191e-30	1.434e-31	8.11336e-33	4.42552e-34	2.32869e-35	1.18277e-36	5.78945e-38	0	
0	0.140693	0.307421	0.508887	0.728484	0.933542	1.09776	1.21587	1.29402	1.33034	1.31391	1.23932	1.11162	0.940226	0.735524	0.507718	0.266054	0.0192943	-0.225187	-0.460512	-0.679233	-0.876377	-1.04998	-1.19883	-1.32284	-1.42338	-1.50178	-1.55959	-1.5984	-1.61918	-1.62266	-1.60894	-1.57756	-1.52759	-1.45772	-1.36622	-1.25166	-1.11277	-0.948783	-0.760767	-0.550299	-0.320908	-0.0793492	0.167381	0.41207	0.646462	0.861522	1.04738	1.19376	1.29067	1.33041	1.31401	1.25185	1.15049	1.00533	0.815272	0.599931	0.394962	0.231274	0.120434	0.0559429	0.0232857	0.00872983	0.00296299	0.000914987	0.00025827	6.69222e-05	1.59815e-05	3.53009e-06	7.23632e-07	1.38081e-07	2.45952e-08	4.10004e-09	6.41177e-10	9.42712e-11	1.30581e-11	1.70727e-12	2.11066e-13	2.47143e-14	2.74513e-15	2.89664e-16	2.90761e-17	2.78e-18	2.53482e-19	2.20669e-20	1.83611e-21	1.46172e-22	1.11446e-23	8.14504e-25	5.71135e-26	3.8456e-27	2.48837e-28	1.54854e-29	9.27484e-31	5.35014e-32	2.97434e-33	1.59462e-34	8.24962e-36	4.1115e-37	0	
0	0.221811	0.4574	0.700039	0.922199	1.09776	1.22254	1.30614	1.34682	1.32989	1.25098	1.12232	0.956704	0.762066	0.546054	0.315901	0.0796112	-0.154645	-0.380084	-0.589241	-0.776969	-0.942551	-1.08551	-1.20534	-1.30376	-1.38256	-1.44305	-1.48741	-1.51685	-1.53245	-1.53508	-1.52446	-1.50074	-1.46241	-1.40875	-1.33763	-1.2473	-1.13624	-1.00262	-0.84572	-0.66679	-0.465781	-0.2462	-0.014683	0.221775	0.455332	0.677904	0.881893	1.0598	1.20442	1.30502	1.34723	1.32808	1.26082	1.15425	1.00171	0.801666	0.577928	0.370452	0.210291	0.105874	0.0474781	0.0190672	0.0068966	0.00225909	0.000673649	0.000183742	4.60423e-05	1.06417e-05	2.27689e-06	4.52478e-07	8.37699e-08	1.44885e-08	2.34698e-09	3.56921e-10	5.10686e-11	6.8886e-12	8.77641e-13	1.05796e-13	1.20864e-14	1.31056e-15	1.35076e-16	1.32506e-17	1.23875e-18	1.10494e-19	9.41424e-21	7.66993e-22	5.98127e-23	4.46896e-24	3.20203e-25	2.20205e-26	1.45468e-27	9.23825e-29	5.6444e-30	3.3202e-31	1.88159e-32	1.02798e-33	5.41772e-35	2.74962e-36	0	
0	0.313524	0.613558	0.875984	1.07741	1.21587	1.30614	1.35	1.33009	1.24159	1.10394	0.933193	0.733092	0.511243	0.278572	0.0451374	-0.178532	-0.386048	-0.572588	-0.734584	-0.873591	-0.99122	-1.08719	-1.16381	-1.22458	-1.2708	-1.30507	-1.32949	-1.34507	-1.3533	-1.35462	-1.34893	-1.33631	-1.31546	-1.28532	-1.24435	-1.19003	-1.11993	-1.03237	-0.923318	-0.792772	-0.640147	-0.463202	-0.263771	-0.0457949	0.184822	0.419055	0.646631	0.856552	1.03934	1.1913	1.30205	1.35026	1.33025	1.25905	1.14604	0.9826	0.770242	0.53973	0.334495	0.183015	0.088678	0.0382557	0.0147829	0.00514796	0.00162486	0.00046731	0.000123054	2.97984e-05	6.66229e-06	1.38024e-06	2.65834e-07	4.77412e-08	8.01664e-09	1.26183e-09	1.86605e-10	2.59831e-11	3.4132e-12	4.23775e-13	4.98146e-14	5.55289e-15	5.87859e-16	5.91873e-17	5.67487e-18	5.18794e-19	4.52745e-20	3.77582e-21	3.01247e-22	2.30153e-23	1.6854e-24	1.18404e-25	7.98696e-27	5.1772e-28	3.22733e-29	1.93618e-30	1.11869e-31	6.22911e-33	3.34482e-34	1.72892e-35	0	
0	0.398463	0.747402	1.01149	1.1864	1.29402	1.34682	1.33009	1.23647	1.0898	0.910218	0.69634	0.456932	0.212091	-0.0260429	-0.246444	-0.442238	-0.611781	-0.752054	-0.864837	-0.953064	-1.01755	-1.06169	-1.09173	-1.11057	-1.12075	-1.12649	-1.12861	-1.12936	-1.12968	-1.1294	-1.12979	-1.12878	-1.1277	-1.12314	-1.115	-1.10039	-1.07544	-1.03747	-0.982137	-0.903162	-0.80054	-0.671255	-0.513494	-0.328	-0.116793	0.115333	0.358876	0.602708	0.828798	1.02203	1.18303	1.30151	1.35058	1.32628	1.24932	1.12625	0.94725	0.721139	0.487234	0.289979	0.152102	0.070635	0.0292203	0.010838	0.00362687	0.00110145	0.000305177	7.75144e-05	1.81275e-05	3.91856e-06	7.85753e-07	1.46629e-07	2.55389e-08	4.16295e-09	6.36632e-10	9.15476e-11	1.24048e-11	1.58692e-12	1.92011e-13	2.20107e-14	2.39419e-15	2.47476e-16	2.43421e-17	2.28134e-18	2.03967e-19	1.74167e-20	1.42192e-21	1.11105e-22	8.317e-24	5.96995e-25	4.1127e-26	2.72144e-27	1.73113e-28	1.05938e-29	6.24128e-31	3.54242e-32	1.93827e-33	1.02049e-34	0	
0	0.458016	0.835419	1.09501	1.25129	1.33034	1.32989	1.24159	1.0898	0.901692	0.674153	0.415362	0.156778	-0.088631	-0.314447	-0.509637	-0.673136	-0.800906	-0.892538	-0.952333	-0.983386	-0.991993	-0.986482	-0.972572	-0.952656	-0.932388	-0.913805	-0.898194	-0.887549	-0.881448	-0.880301	-0.884975	-0.893561	-0.90763	-0.924969	-0.944443	-0.964234	-0.981998	-0.99096	-0.989645	-0.968218	-0.920433	-0.84185	-0.728589	-0.579381	-0.396461	-0.182114	0.0565586	0.310666	0.572637	0.815552	1.01909	1.18786	1.30777	1.34974	1.31694	1.2312	1.09281	0.893915	0.655077	0.423485	0.240557	0.120393	0.0533898	0.02112	0.00750279	0.00240873	0.000702918	0.000187434	4.58848e-05	1.03565e-05	2.16342e-06	4.19722e-07	7.58649e-08	1.28122e-08	2.02698e-09	3.01133e-10	4.21032e-11	5.55143e-12	6.91594e-13	8.15489e-14	9.11624e-15	9.67629e-16	9.76607e-17	9.38494e-18	8.59789e-19	7.51826e-20	6.28196e-21	5.02095e-22	3.8426e-23	2.81855e-24	1.98327e-25	1.33987e-26	8.69815e-28	5.43014e-29	3.2624e-30	1.88762e-31	1.05253e-32	5.64494e-34	0	
0	0.480291	0.867046	1.12542	1.27074	1.31391	1.25098	1.10394	0.910218	0.674153	0.40031	0.127889	-0.126501	-0.364981	-0.568046	-0.729799	-0.848769	-0.921085	-0.955279	-0.956065	-0.933996	-0.897451	-0.854147	-0.807611	-0.763551	-0.725731	-0.694026	-0.670799	-0.654387	-0.645519	-0.644481	-0.649475	-0.663848	-0.683364	-0.71279	-0.748169	-0.789024	-0.834768	-0.880386	-0.920318	-0.949965	-0.958968	-0.939426	-0.882582	-0.783005	-0.637846	-0.451179	-0.224882	0.0241374	0.28932	0.567202	0.821534	1.03295	1.2064	1.31911	1.34638	1.30169	1.20257	1.04237	0.821286	0.574317	0.35279	0.190262	0.0904914	0.0382043	0.0144177	0.00489659	0.00150596	0.000421808	0.000108148	2.54982e-05	5.55111e-06	1.12006e-06	2.10164e-07	3.67831e-08	6.02177e-09	9.24459e-10	1.33399e-10	1.81323e-11	2.32623e-12	2.82196e-13	3.24258e-14	3.5348e-15	3.66118e-16	3.60799e-17	3.38741e-18	3.03363e-19	2.5945e-20	2.12138e-21	1.65998e-22	1.24434e-23	8.94393e-25	6.16955e-26	4.08772e-27	2.60351e-28	1.59521e-29	9.40965e-31	5.3472e-32	2.92147e-33	0	
0	0.464194	0.844306	1.10419	1.23811	1.23932	1.12232	0.933193	0.69634	0.415362	0.127889	-0.13877	-0.392115	-0.60709	-0.766323	-0.878827	-0.936903	-0.951928	-0.930883	-0.883713	-0.822638	-0.753549	-0.685991	-0.624124	-0.572709	-0.531036	-0.499443	-0.476531	-0.460777	-0.453176	-0.451751	-0.456321	-0.469456	-0.488354	-0.516898	-0.554722	-0.603554	-0.659214	-0.725854	-0.794238	-0.860984	-0.914144	-0.947663	-0.947333	-0.907911	-0.817382	-0.676712	-0.48451	-0.242427	0.019079	0.298847	0.588862	0.847612	1.0642	1.23583	1.33117	1.33857	1.27889	1.15945	0.97134	0.729812	0.483147	0.280356	0.142929	0.0643941	0.0258182	0.00927736	0.00300764	0.000885049	0.000237698	5.85508e-05	1.32863e-05	2.78846e-06	5.43203e-07	9.85381e-08	1.66943e-08	2.64862e-09	3.94481e-10	5.52798e-11	7.30374e-12	9.11589e-13	1.07672e-13	1.20553e-14	1.28145e-15	1.29508e-16	1.24611e-17	1.14297e-18	1.00059e-19	8.36964e-21	6.69659e-22	5.13022e-23	3.76677e-24	2.65308e-25	1.79412e-26	1.16582e-27	7.28503e-29	4.38101e-30	2.53727e-31	1.41221e-32	0	
0	0.417495	0.776285	1.03248	1.1491	1.11162	0.956704	0.733092	0.456932	0.156778	-0.126501	-0.392115	-0.620747	-0.781604	-0.892592	-0.947112	-0.947101	-0.910167	-0.838089	-0.754665	-0.663507	-0.581446	-0.510729	-0.455599	-0.412457	-0.382609	-0.360181	-0.344748	-0.336708	-0.331443	-0.330754	-0.334676	-0.340298	-0.354444	-0.371727	-0.398539	-0.437366	-0.487741	-0.551392	-0.628628	-0.717807	-0.806108	-0.884181	-0.937275	-0.951861	-0.921986	-0.831324	-0.692481	-0.490355	-0.234551	0.0411593	0.339132	0.635228	0.893762	1.11172	1.27036	1.33923	1.3244	1.24485	1.09636	0.877505	0.622816	0.387717	0.211529	0.101601	0.0432524	0.0164373	0.00561539	0.00173561	0.000488175	0.000125609	2.97046e-05	6.48358e-06	1.31111e-06	2.46478e-07	4.32099e-08	7.084e-09	1.08889e-09	1.57298e-10	2.14016e-11	2.74804e-12	3.33626e-13	3.83626e-14	4.18473e-15	4.337e-16	4.27647e-17	4.01723e-18	3.59959e-19	3.08015e-20	2.51977e-21	1.97275e-22	1.47956e-23	1.06402e-24	7.34365e-26	4.86834e-27	3.10247e-28	1.90205e-29	1.12264e-30	6.36527e-32	0	
0	0.35159	0.673949	0.913045	1.0061	0.940226	0.762066	0.511243	0.212091	-0.088631	-0.364981	-0.60709	-0.781604	-0.896415	-0.95496	-0.942266	-0.889461	-0.797904	-0.693389	-0.591172	-0.500639	-0.432518	-0.380234	-0.345569	-0.323341	-0.309126	-0.299767	-0.295523	-0.294212	-0.291093	-0.292615	-0.292896	-0.294121	-0.298914	-0.305102	-0.317255	-0.333739	-0.366066	-0.409332	-0.471637	-0.551197	-0.652602	-0.755814	-0.857481	-0.925185	-0.957153	-0.928353	-0.833121	-0.685803	-0.467024	-0.200681	0.0932635	0.407388	0.702646	0.959555	1.1705	1.30241	1.33979	1.30099	1.19321	1.00799	0.762027	0.506808	0.295113	0.150849	0.0680955	0.0273413	0.00983462	0.00319047	0.000939235	0.000252301	6.21501e-05	1.41017e-05	2.959e-06	5.76267e-07	1.04501e-07	1.7698e-08	2.80675e-09	4.17859e-10	5.85314e-11	7.73015e-12	9.64419e-13	1.13868e-13	1.27443e-14	1.35422e-15	1.3682e-16	1.31609e-17	1.20686e-18	1.05629e-19	8.83396e-21	7.06711e-22	5.41354e-23	3.97457e-24	2.79939e-25	1.89311e-26	1.23023e-27	7.68839e-29	4.62426e-30	2.67068e-31	0	
0	0.276726	0.547328	0.751925	0.817484	0.735524	0.546054	0.278572	-0.0260429	-0.314447	-0.568046	-0.766323	-0.892592	-0.95496	-0.939718	-0.872941	-0.773805	-0.651828	-0.543897	-0.447214	-0.383941	-0.337736	-0.316322	-0.302704	-0.300011	-0.294104	-0.296659	-0.295956	-0.294447	-0.296011	-0.294935	-0.294907	-0.296212	-0.294385	-0.296261	-0.297983	-0.300563	-0.309828	-0.327284	-0.363832	-0.417626	-0.502371	-0.606909	-0.725296	-0.837881	-0.916608	-0.958503	-0.925514	-0.824955	-0.655599	-0.41801	-0.138087	0.177431	0.498554	0.789384	1.04188	1.23106	1.32526	1.33038	1.26258	1.11602	0.89217	0.63071	0.390605	0.21194	0.101252	0.0428843	0.0162196	0.00551639	0.00169795	0.000475739	0.000121968	2.87467e-05	6.25476e-06	1.26111e-06	2.36423e-07	4.13398e-08	6.76091e-09	1.03685e-09	1.4946e-10	2.02943e-11	2.60094e-12	3.15211e-13	3.61853e-14	3.94114e-15	4.07868e-16	4.01637e-17	3.76823e-18	3.3726e-19	2.88287e-20	2.35609e-21	1.84297e-22	1.38112e-23	9.92514e-25	6.84568e-26	4.53563e-27	2.889e-28	1.77041e-29	1.04134e-30	0	
0	0.199573	0.404638	0.558658	0.595561	0.507718	0.315901	0.0451374	-0.246444	-0.509637	-0.729799	-0.878827	-0.947112	-0.942266	-0.872941	-0.767269	-0.63429	-0.512447	-0.414012	-0.351145	-0.320636	-0.309047	-0.308689	-0.306535	-0.305009	-0.304097	-0.30112	-0.298546	-0.294371	-0.296259	-0.293196	-0.295241	-0.298243	-0.298897	-0.303327	-0.304118	-0.307185	-0.306286	-0.309805	-0.313541	-0.336823	-0.382597	-0.470511	-0.581874	-0.716346	-0.833977	-0.920609	-0.954134	-0.91431	-0.79871	-0.600891	-0.344873	-0.0422951	0.289963	0.608541	0.89456	1.13175	1.28249	1.33508	1.3069	1.19999	1.00708	0.752497	0.493596	0.283398	0.142927	0.0637217	0.0252957	0.00900498	0.00289388	0.00084462	0.000225106	5.50517e-05	1.24084e-05	2.58776e-06	5.01117e-07	9.03971e-08	1.52348e-08	2.40515e-09	3.56559e-10	4.97481e-11	6.54599e-12	8.13876e-13	9.57847e-14	1.06882e-14	1.13255e-15	1.14123e-16	1.09508e-17	1.00189e-18	8.75016e-20	7.30338e-21	5.83182e-22	4.45958e-23	3.26895e-24	2.299e-25	1.5526e-26	1.00768e-27	6.29027e-29	3.76726e-30	0	
0	0.123165	0.252579	0.345089	0.353835	0.266054	0.0796112	-0.178532	-0.442238	-0.673136	-0.848769	-0.936903	-0.947101	-0.889461	-0.773805	-0.63429	-0.499009	-0.398005	-0.337884	-0.319996	-0.316764	-0.319723	-0.311519	-0.306343	-0.295676	-0.288679	-0.277047	-0.272284	-0.267308	-0.263523	-0.26426	-0.265084	-0.268854	-0.276082	-0.282833	-0.292854	-0.302824	-0.308315	-0.317623	-0.318428	-0.31845	-0.326306	-0.368425	-0.45374	-0.577453	-0.719602	-0.847804	-0.932323	-0.948583	-0.892591	-0.746386	-0.522443	-0.24175	0.0868184	0.423642	0.736611	1.01237	1.21521	1.31726	1.32911	1.26083	1.10338	0.866336	0.599139	0.362693	0.192528	0.0901249	0.0374675	0.0139332	0.00466654	0.00141645	0.000391851	9.93002e-05	2.31559e-05	4.98916e-06	9.96884e-07	1.85334e-07	3.21568e-08	5.22142e-09	7.95421e-10	1.13947e-10	1.53825e-11	1.96076e-12	2.36422e-13	2.70119e-14	2.92893e-15	3.01851e-16	2.96078e-17	2.76767e-18	2.46857e-19	2.1033e-20	1.71377e-21	1.33673e-22	9.9908e-24	7.16179e-25	4.9282e-26	3.25809e-27	2.07102e-28	1.26253e-29	0	
0	0.0482401	0.0969425	0.123482	0.104967	0.0192943	-0.154645	-0.386048	-0.611781	-0.800906	-0.921085	-0.951928	-0.910167	-0.797904	-0.651828	-0.512447	-0.398005	-0.337484	-0.319108	-0.32337	-0.321952	-0.309507	-0.292026	-0.276619	-0.261139	-0.248534	-0.240721	-0.233519	-0.230184	-0.227528	-0.227751	-0.229489	-0.231525	-0.238439	-0.244134	-0.256424	-0.270484	-0.286108	-0.301638	-0.319052	-0.324641	-0.320347	-0.32565	-0.367621	-0.461705	-0.594544	-0.740682	-0.872352	-0.942861	-0.940579	-0.850278	-0.668057	-0.416028	-0.102293	0.241846	0.574815	0.880463	1.12851	1.27966	1.3322	1.30091	1.18011	0.968083	0.702515	0.446639	0.248723	0.121899	0.0529356	0.0205162	0.0071461	0.00225142	0.000645342	0.000169177	4.07522e-05	9.05836e-06	1.86503e-06	3.56902e-07	6.36782e-08	1.06228e-08	1.66119e-09	2.44096e-10	3.37764e-11	4.41013e-12	5.44361e-13	6.36317e-14	7.05525e-15	7.43122e-16	7.44612e-17	7.10718e-18	6.46999e-19	5.62416e-20	4.67349e-21	3.71628e-22	2.83068e-23	2.06726e-24	1.4488e-25	9.75213e-27	6.30979e-28	3.9138e-29	0	
0	-0.0251341	-0.0569505	-0.0951989	-0.140728	-0.225187	-0.380084	-0.572588	-0.752054	-0.892538	-0.955279	-0.930883	-0.838089	-0.693389	-0.543897	-0.414012	-0.337884	-0.319108	-0.323848	-0.328102	-0.304306	-0.277568	-0.252584	-0.241817	-0.230084	-0.225322	-0.220737	-0.219323	-0.218499	-0.217258	-0.218345	-0.217625	-0.218664	-0.221553	-0.222752	-0.227059	-0.237203	-0.247563	-0.265377	-0.293113	-0.321179	-0.327951	-0.319119	-0.325174	-0.375509	-0.487977	-0.632277	-0.784027	-0.900191	-0.950723	-0.915742	-0.780425	-0.562831	-0.272046	0.0695319	0.415373	0.742959	1.02804	1.22557	1.31912	1.32323	1.23814	1.05542	0.799799	0.531861	0.309622	0.158377	0.0716398	0.0288626	0.0104304	0.00340338	0.00100871	0.000273029	6.78172e-05	1.55254e-05	3.28865e-06	6.46834e-07	1.1851e-07	2.02848e-08	3.25226e-09	4.89618e-10	6.93678e-11	9.26791e-12	1.16992e-12	1.39783e-13	1.58339e-14	1.70306e-15	1.74181e-16	1.69626e-17	1.57489e-18	1.39571e-19	1.182e-20	9.57582e-22	7.42868e-23	5.5238e-24	3.94047e-25	2.69908e-26	1.77661e-27	1.12067e-28	0	
0	-0.0964515	-0.204364	-0.3029	-0.376096	-0.460512	-0.589241	-0.734584	-0.864837	-0.952333	-0.956065	-0.883713	-0.754665	-0.591172	-0.447214	-0.351145	-0.319996	-0.32337	-0.328102	-0.301246	-0.260816	-0.236417	-0.234389	-0.23261	-0.22687	-0.224049	-0.227488	-0.220891	-0.22363	-0.220519	-0.220056	-0.223391	-0.219295	-0.225041	-0.225971	-0.224853	-0.229841	-0.235875	-0.233011	-0.248283	-0.28436	-0.321873	-0.32705	-0.319231	-0.331558	-0.401243	-0.52875	-0.68978	-0.835902	-0.929292	-0.946501	-0.860551	-0.681559	-0.419893	-0.0890984	0.263331	0.606103	0.91972	1.15879	1.29274	1.3309	1.27944	1.12764	0.888157	0.615204	0.373023	0.19849	0.0932406	0.0389409	0.0145626	0.0049093	0.00150111	0.000418623	0.000107006	2.51824e-05	5.4782e-06	1.10559e-06	2.07679e-07	3.64182e-08	5.97792e-09	9.20801e-10	1.334e-10	1.82152e-11	2.34879e-12	2.86529e-13	3.31236e-14	3.63438e-15	3.79039e-16	3.76263e-17	3.55971e-18	3.21351e-19	2.7713e-20	2.28556e-21	1.80448e-22	1.36516e-23	9.90572e-25	6.8998e-26	4.61733e-27	2.96009e-28	0	
0	-0.164652	-0.341783	-0.494708	-0.595501	-0.679233	-0.776969	-0.873591	-0.953064	-0.983386	-0.933996	-0.822638	-0.663507	-0.500639	-0.383941	-0.320636	-0.316764	-0.321952	-0.304306	-0.260816	-0.234541	-0.237065	-0.24453	-0.231077	-0.225652	-0.224129	-0.218807	-0.210875	-0.211641	-0.209762	-0.206739	-0.212601	-0.211908	-0.214747	-0.223296	-0.224953	-0.227164	-0.241336	-0.242041	-0.232746	-0.246638	-0.288098	-0.318992	-0.320556	-0.314132	-0.351993	-0.446846	-0.595654	-0.75956	-0.887082	-0.950038	-0.911817	-0.772356	-0.54406	-0.231589	0.121786	0.474791	0.809253	1.08359	1.25597	1.32686	1.30655	1.18531	0.965907	0.694021	0.436661	0.240884	0.11714	0.0505649	0.0195143	0.00677923	0.0021333	0.000611546	0.000160516	3.87526e-05	8.64088e-06	1.78605e-06	3.43365e-07	6.15834e-08	1.03328e-08	1.62597e-09	2.40525e-10	3.35186e-11	4.40911e-12	5.48465e-13	6.46281e-14	7.22532e-15	7.6754e-16	7.75814e-17	7.47125e-18	6.86345e-19	6.02153e-20	5.05083e-21	4.05469e-22	3.1183e-23	2.29957e-24	1.62753e-25	1.10642e-26	7.20333e-28	0	
0	-0.22855	-0.466925	-0.667492	-0.794173	-0.876377	-0.942551	-0.99122	-1.01755	-0.991993	-0.897451	-0.753549	-0.581446	-0.432518	-0.337736	-0.309047	-0.319723	-0.309507	-0.277568	-0.236417	-0.237065	-0.245773	-0.238561	-0.213816	-0.212717	-0.206662	-0.195671	-0.195087	-0.193299	-0.19061	-0.190263	-0.19166	-0.193988	-0.194612	-0.201672	-0.212647	-0.209272	-0.228806	-0.244843	-0.242358	-0.230929	-0.259806	-0.297664	-0.320283	-0.310699	-0.319725	-0.385953	-0.515493	-0.683404	-0.832393	-0.932596	-0.940125	-0.838861	-0.643928	-0.355493	-0.00721597	0.352128	0.70144	1.00436	1.21187	1.31388	1.32214	1.22979	1.0324	0.766323	0.498423	0.284055	0.142534	0.0633987	0.0251771	0.00898874	0.00290356	0.00085352	0.00022951	5.67173e-05	1.29352e-05	2.73283e-06	5.36671e-07	9.82654e-08	1.68233e-08	2.69995e-09	4.07153e-10	5.78175e-11	7.74696e-12	9.8125e-13	1.17694e-13	1.33892e-14	1.44689e-15	1.48731e-16	1.45624e-17	1.35976e-18	1.21229e-19	1.03309e-20	8.42393e-22	6.57907e-23	4.92602e-24	3.53912e-25	2.44188e-26	1.61306e-27	0	
0	-0.287029	-0.578282	-0.819433	-0.969524	-1.04998	-1.08551	-1.08719	-1.06169	-0.986482	-0.854147	-0.685991	-0.510729	-0.380234	-0.316322	-0.308689	-0.311519	-0.292026	-0.252584	-0.234389	-0.24453	-0.238561	-0.207736	-0.193827	-0.202445	-0.197026	-0.185179	-0.199001	-0.186996	-0.190205	-0.194698	-0.18423	-0.198408	-0.188895	-0.189815	-0.204285	-0.19605	-0.199848	-0.225734	-0.247642	-0.236033	-0.242786	-0.275429	-0.308125	-0.310902	-0.308093	-0.3475	-0.447707	-0.610379	-0.774601	-0.90151	-0.949507	-0.885969	-0.722343	-0.459621	-0.121575	0.240278	0.599822	0.92517	1.16361	1.29458	1.3288	1.2629	1.08779	0.830805	0.556491	0.326489	0.168484	0.0769799	0.0313644	0.0114756	0.00379494	0.001141	0.000313554	7.91313e-05	1.84179e-05	3.96876e-06	7.94497e-07	1.48222e-07	2.5844e-08	4.22241e-09	6.47967e-10	9.36037e-11	1.27544e-11	1.64238e-12	2.00211e-13	2.31426e-14	2.54041e-15	2.65204e-16	2.63646e-17	2.49902e-18	2.26121e-19	1.95532e-20	1.61755e-21	1.28143e-22	9.73054e-24	7.08889e-25	4.95886e-26	3.32025e-27	0	
0	-0.33913	-0.67506	-0.950097	-1.12067	-1.19883	-1.20534	-1.16381	-1.09173	-0.972572	-0.807611	-0.624124	-0.455599	-0.345569	-0.302704	-0.306535	-0.306343	-0.276619	-0.241817	-0.23261	-0.231077	-0.213816	-0.193827	-0.207911	-0.207209	-0.194315	-0.193035	-0.198261	-0.186421	-0.18947	-0.193978	-0.184036	-0.19544	-0.195539	-0.193175	-0.200264	-0.211088	-0.197484	-0.202836	-0.226191	-0.232548	-0.235178	-0.261364	-0.29625	-0.31074	-0.299375	-0.322395	-0.400298	-0.547182	-0.717979	-0.864102	-0.944294	-0.916179	-0.782721	-0.545311	-0.220236	0.140995	0.507074	0.849443	1.11422	1.27143	1.32893	1.28661	1.13281	0.886774	0.609418	0.366762	0.193994	0.0907563	0.0378229	0.0141411	0.00477438	0.00146438	0.000410229	0.000105471	2.49948e-05	5.48109e-06	1.11611e-06	2.11717e-07	3.752e-08	6.22838e-09	9.70827e-10	1.42406e-10	1.96982e-11	2.5743e-12	3.18413e-13	3.73366e-14	4.15677e-15	4.40026e-16	4.4349e-17	4.2611e-18	3.90758e-19	3.42398e-20	2.8698e-21	2.30306e-22	1.77136e-23	1.30692e-24	9.25758e-26	6.27531e-27	0	
0	-0.384204	-0.757104	-1.05982	-1.24747	-1.32284	-1.30376	-1.22458	-1.11057	-0.952656	-0.763551	-0.572709	-0.412457	-0.323341	-0.300011	-0.305009	-0.295676	-0.261139	-0.230084	-0.22687	-0.225652	-0.212717	-0.202445	-0.207209	-0.194529	-0.1843	-0.188325	-0.181465	-0.177629	-0.180069	-0.17786	-0.179032	-0.179797	-0.184439	-0.188134	-0.186776	-0.205629	-0.202841	-0.208627	-0.220087	-0.229013	-0.22487	-0.247982	-0.28203	-0.306061	-0.299551	-0.308021	-0.365027	-0.49464	-0.665501	-0.826111	-0.931866	-0.933348	-0.826985	-0.613918	-0.303309	0.0551803	0.425133	0.780013	1.06645	1.24672	1.3247	1.30288	1.16849	0.934026	0.656136	0.40362	0.218078	0.104128	0.0442516	0.0168568	0.0057942	0.00180808	0.000515008	0.000134558	3.23898e-05	7.21146e-06	1.49038e-06	2.86831e-07	5.1556e-08	8.67792e-09	1.37118e-09	2.0384e-10	2.85693e-11	3.7823e-12	4.73837e-13	5.6265e-14	6.34238e-15	6.7967e-16	6.93368e-17	6.74219e-18	6.25648e-19	5.54678e-20	4.70324e-21	3.81801e-22	2.97014e-23	2.21621e-24	1.58748e-25	1.08797e-26	0	
0	-0.421906	-0.824623	-1.14933	-1.35073	-1.42338	-1.38256	-1.2708	-1.12075	-0.932388	-0.725731	-0.531036	-0.382609	-0.309126	-0.294104	-0.304097	-0.288679	-0.248534	-0.225322	-0.224049	-0.224129	-0.206662	-0.197026	-0.194315	-0.1843	-0.178141	-0.18318	-0.173701	-0.177203	-0.176679	-0.172976	-0.179221	-0.173114	-0.179679	-0.181088	-0.179482	-0.191871	-0.194997	-0.202009	-0.21725	-0.226421	-0.222081	-0.236853	-0.272455	-0.302853	-0.297167	-0.297845	-0.340913	-0.456229	-0.62153	-0.788318	-0.914568	-0.942344	-0.859029	-0.667084	-0.370934	-0.0166915	0.355218	0.719052	1.02272	1.22252	1.31802	1.31349	1.19601	0.972703	0.695921	0.436014	0.239824	0.116493	0.050326	0.0194745	0.00679568	0.00215158	0.000621492	0.000164596	4.01453e-05	9.05345e-06	1.8946e-06	3.69109e-07	6.71442e-08	1.14353e-08	1.82783e-09	2.74828e-10	3.89515e-11	5.21393e-12	6.60327e-13	7.92553e-14	9.02915e-15	9.77789e-16	1.00789e-16	9.90163e-18	9.28212e-19	8.31243e-20	7.11893e-21	5.83644e-22	4.58505e-23	3.45463e-24	2.49855e-25	1.72869e-26	0	
0	-0.45212	-0.878075	-1.21974	-1.43177	-1.50178	-1.44305	-1.30507	-1.12649	-0.913805	-0.694026	-0.499443	-0.360181	-0.299767	-0.296659	-0.30112	-0.277047	-0.240721	-0.220737	-0.227488	-0.218807	-0.195671	-0.185179	-0.193035	-0.188325	-0.18318	-0.184313	-0.181554	-0.178266	-0.179318	-0.178697	-0.178622	-0.180821	-0.183144	-0.184501	-0.183923	-0.194431	-0.186903	-0.189892	-0.208652	-0.22836	-0.221034	-0.230941	-0.26058	-0.296769	-0.298121	-0.29466	-0.323743	-0.424244	-0.586633	-0.757829	-0.896545	-0.944597	-0.881193	-0.707238	-0.423988	-0.0744074	0.298164	0.668165	0.985009	1.20063	1.3105	1.32001	1.21654	1.00315	0.728328	0.463113	0.25843	0.127285	0.0557237	0.0218393	0.00771448	0.00247134	0.000721998	0.000193326	4.76583e-05	1.086e-05	2.29584e-06	4.51743e-07	8.29796e-08	1.42679e-08	2.30214e-09	3.49361e-10	4.9969e-11	6.74917e-12	8.62391e-13	1.04421e-13	1.2e-14	1.31073e-15	1.36264e-16	1.35001e-17	1.27618e-18	1.15237e-19	9.95063e-21	8.22484e-22	6.51391e-23	4.94757e-24	3.607e-25	2.51531e-26	0	
0	-0.474911	-0.918057	-1.27213	-1.49186	-1.55959	-1.48741	-1.32949	-1.12861	-0.898194	-0.670799	-0.476531	-0.344748	-0.295523	-0.295956	-0.298546	-0.272284	-0.233519	-0.219323	-0.220891	-0.210875	-0.195087	-0.199001	-0.198261	-0.181465	-0.173701	-0.181554	-0.166259	-0.171711	-0.170604	-0.164707	-0.174846	-0.164824	-0.175231	-0.179896	-0.173633	-0.193775	-0.198861	-0.19687	-0.201205	-0.220543	-0.217901	-0.225932	-0.254401	-0.292223	-0.29828	-0.29146	-0.313231	-0.403545	-0.559567	-0.732601	-0.881084	-0.944099	-0.895632	-0.735859	-0.463372	-0.11812	0.254439	0.628503	0.954887	1.18253	1.3035	1.32373	1.23112	1.0258	0.753117	0.484291	0.273234	0.136008	0.0601492	0.0238036	0.00848704	0.00274331	0.00080842	0.000218289	5.42526e-05	1.24613e-05	2.65485e-06	5.26367e-07	9.74102e-08	1.68722e-08	2.74203e-09	4.19082e-10	6.03624e-11	8.20957e-12	1.0562e-12	1.28756e-13	1.48959e-14	1.63787e-15	1.71396e-16	1.70919e-17	1.62619e-18	1.47788e-19	1.28429e-20	1.06829e-21	8.51398e-23	6.50721e-24	4.77359e-25	3.34924e-26	0	
0	-0.490423	-0.945117	-1.30746	-1.53233	-1.5984	-1.51685	-1.34507	-1.12936	-0.887549	-0.654387	-0.460777	-0.336708	-0.294212	-0.294447	-0.294371	-0.267308	-0.230184	-0.218499	-0.22363	-0.211641	-0.193299	-0.186996	-0.186421	-0.177629	-0.177203	-0.178266	-0.171711	-0.173021	-0.174008	-0.169258	-0.176022	-0.171652	-0.175673	-0.178571	-0.175716	-0.184539	-0.186364	-0.190257	-0.202882	-0.222273	-0.219908	-0.22317	-0.250361	-0.287897	-0.295399	-0.291109	-0.308041	-0.389086	-0.541009	-0.715214	-0.869507	-0.942469	-0.904355	-0.754533	-0.489877	-0.148006	0.224286	0.600828	0.933497	1.16937	1.29803	1.32567	1.24059	1.04108	0.770184	0.499104	0.283727	0.142263	0.0633554	0.0252404	0.00905718	0.00294571	0.00087325	0.000237159	5.9274e-05	1.36893e-05	2.9321e-06	5.84386e-07	1.08704e-07	1.89237e-08	3.09077e-09	4.74703e-10	6.87056e-11	9.38908e-12	1.21367e-12	1.48648e-13	1.72772e-14	1.90846e-15	2.00626e-16	2.00974e-17	1.92076e-18	1.75339e-19	1.53048e-20	1.27869e-21	1.02356e-22	7.85713e-24	5.78886e-25	4.07895e-26	0	
0	-0.498805	-0.95971	-1.32652	-1.55413	-1.61918	-1.53245	-1.3533	-1.12968	-0.881448	-0.645519	-0.453176	-0.331443	-0.291093	-0.296011	-0.296259	-0.263523	-0.227528	-0.217258	-0.220519	-0.209762	-0.19061	-0.190205	-0.18947	-0.180069	-0.176679	-0.179318	-0.170604	-0.174008	-0.172339	-0.168724	-0.175366	-0.16949	-0.175771	-0.179515	-0.176209	-0.186483	-0.190094	-0.189652	-0.199619	-0.219738	-0.217032	-0.22159	-0.245626	-0.287073	-0.297929	-0.289672	-0.303384	-0.382046	-0.532023	-0.705739	-0.862492	-0.940937	-0.908733	-0.764456	-0.504163	-0.164237	0.207829	0.585608	0.921602	1.16195	1.29483	1.32651	1.24557	1.0493	0.779496	0.507268	0.289558	0.145763	0.0651618	0.0260547	0.00938209	0.00306165	0.000910573	0.000248075	6.2192e-05	1.4406e-05	3.09463e-06	6.18542e-07	1.15381e-07	2.01414e-08	3.29859e-09	5.07981e-10	7.37166e-11	1.01003e-11	1.30898e-12	1.60733e-13	1.87293e-14	2.07409e-15	2.18582e-16	2.19506e-17	2.10304e-18	1.9245e-19	1.68393e-20	1.4103e-21	1.13163e-22	8.70751e-24	6.43068e-25	4.54184e-26	0	
0	-0.500164	-0.962105	-1.3297	-1.55779	-1.62266	-1.53508	-1.35462	-1.1294	-0.880301	-0.644481	-0.451751	-0.330754	-0.292615	-0.294935	-0.293196	-0.26426	-0.227751	-0.218345	-0.220056	-0.206739	-0.190263	-0.194698	-0.193978	-0.17786	-0.172976	-0.178697	-0.164707	-0.169258	-0.168724	-0.163255	-0.172668	-0.1646	-0.173148	-0.177449	-0.172205	-0.189924	-0.194903	-0.192523	-0.196593	-0.218724	-0.218101	-0.222416	-0.247196	-0.285271	-0.296605	-0.28989	-0.304076	-0.380993	-0.529115	-0.703889	-0.862101	-0.940833	-0.909125	-0.76601	-0.506644	-0.16699	0.205107	0.583086	0.919609	1.16069	1.29428	1.32664	1.24639	1.05066	0.78105	0.508633	0.290535	0.146352	0.0654657	0.0261919	0.00943691	0.00308124	0.000916886	0.000249923	6.26867e-05	1.45277e-05	3.12226e-06	6.24354e-07	1.16518e-07	2.03491e-08	3.33409e-09	5.13671e-10	7.45746e-11	1.02222e-11	1.32534e-12	1.6281e-13	1.89792e-14	2.10263e-15	2.2168e-16	2.22708e-17	2.13458e-18	1.95414e-19	1.71055e-20	1.43317e-21	1.15043e-22	8.85565e-24	6.54265e-25	4.62271e-26	0	
0	-0.49452	-0.95234	-1.31708	-1.54348	-1.60894	-1.52446	-1.34893	-1.12979	-0.884975	-0.649475	-0.456321	-0.334676	-0.292896	-0.294907	-0.295241	-0.265084	-0.229489	-0.217625	-0.223391	-0.212601	-0.19166	-0.18423	-0.184036	-0.179032	-0.179221	-0.178622	-0.174846	-0.176022	-0.175366	-0.172668	-0.176644	-0.174496	-0.176755	-0.179741	-0.178106	-0.182497	-0.18349	-0.187552	-0.202953	-0.222273	-0.218971	-0.22225	-0.24782	-0.287372	-0.295798	-0.290666	-0.30598	-0.385224	-0.536643	-0.710898	-0.866081	-0.941392	-0.906317	-0.759652	-0.497286	-0.156197	0.216124	0.593285	0.927582	1.16568	1.29645	1.32612	1.24311	1.04521	0.774845	0.503178	0.286628	0.144	0.0642499	0.0256428	0.00921741	0.00300278	0.00089159	0.000242514	6.07032e-05	1.40398e-05	3.01148e-06	6.01044e-07	1.11956e-07	1.95161e-08	3.19174e-09	4.90853e-10	7.11348e-11	9.73347e-12	1.25978e-12	1.54488e-13	1.79783e-14	1.98835e-15	2.09279e-16	2.09896e-17	2.00844e-18	1.83563e-19	1.60418e-20	1.34185e-21	1.07537e-22	8.26456e-24	6.09615e-25	4.30041e-26	0	
0	-0.481815	-0.930251	-1.28836	-1.51068	-1.57756	-1.50074	-1.33631	-1.12878	-0.893561	-0.663848	-0.469456	-0.340298	-0.294121	-0.296212	-0.298243	-0.268854	-0.231525	-0.218664	-0.219295	-0.211908	-0.193988	-0.198408	-0.19544	-0.179797	-0.173114	-0.180821	-0.164824	-0.171652	-0.16949	-0.1646	-0.174496	-0.164957	-0.174278	-0.179057	-0.173021	-0.191268	-0.197593	-0.196397	-0.201228	-0.220626	-0.216717	-0.225125	-0.251467	-0.29032	-0.299856	-0.29066	-0.309758	-0.397319	-0.550677	-0.72469	-0.876552	-0.943277	-0.899154	-0.744561	-0.475903	-0.131852	0.24085	0.616057	0.945254	1.17662	1.30108	1.32469	1.2355	1.0328	0.760883	0.490997	0.277964	0.138816	0.0615835	0.0244442	0.00874045	0.002833	0.000837071	0.000226607	5.64604e-05	1.29999e-05	2.77618e-06	5.51699e-07	1.02331e-07	1.77641e-08	2.89334e-09	4.43166e-10	6.3968e-11	8.71835e-12	1.124e-12	1.37305e-13	1.59175e-14	1.75376e-15	1.83893e-16	1.83747e-17	1.75171e-18	1.59509e-19	1.38887e-20	1.15752e-21	9.24298e-23	7.07796e-24	5.20221e-25	3.65686e-26	0	
0	-0.461914	-0.895448	-1.2429	-1.45868	-1.52759	-1.46241	-1.31546	-1.1277	-0.90763	-0.683364	-0.488354	-0.354444	-0.298914	-0.294385	-0.298897	-0.276082	-0.238439	-0.221553	-0.225041	-0.214747	-0.194612	-0.188895	-0.195539	-0.184439	-0.179679	-0.183144	-0.175231	-0.175673	-0.175771	-0.173148	-0.176755	-0.174278	-0.180642	-0.181611	-0.179894	-0.193674	-0.191025	-0.191068	-0.205126	-0.224488	-0.221368	-0.229633	-0.25863	-0.295106	-0.295735	-0.292711	-0.320349	-0.414716	-0.574273	-0.74768	-0.890393	-0.943899	-0.88721	-0.720308	-0.441852	-0.0936717	0.2792	0.651012	0.972003	1.19286	1.30758	1.32179	1.22307	1.01315	0.739178	0.47232	0.264828	0.131035	0.057617	0.0226759	0.00804214	0.00258623	0.00075837	0.000203794	5.04142e-05	1.1527e-05	2.4449e-06	4.82629e-07	8.89342e-08	1.53393e-08	2.48259e-09	3.77882e-10	5.42088e-11	7.3433e-12	9.41025e-13	1.14269e-13	1.31689e-14	1.44244e-15	1.50373e-16	1.49389e-17	1.41604e-18	1.28213e-19	1.11009e-20	9.20005e-22	7.30557e-23	5.56346e-24	4.06662e-25	2.84313e-26	0	
0	-0.434673	-0.847426	-1.17979	-1.38618	-1.45772	-1.40875	-1.28532	-1.12314	-0.924969	-0.71279	-0.516898	-0.371727	-0.305102	-0.296261	-0.303327	-0.282833	-0.244134	-0.222752	-0.225971	-0.223296	-0.201672	-0.189815	-0.193175	-0.188134	-0.181088	-0.184501	-0.179896	-0.178571	-0.179515	-0.177449	-0.179741	-0.179057	-0.181611	-0.18387	-0.18356	-0.193101	-0.189693	-0.195698	-0.214258	-0.228375	-0.22134	-0.233249	-0.266104	-0.300343	-0.29889	-0.297004	-0.332672	-0.441746	-0.606644	-0.775889	-0.907321	-0.943206	-0.868598	-0.684995	-0.394331	-0.0415588	0.330963	0.697525	1.00685	1.2134	1.31503	1.31653	1.20504	0.98588	0.709799	0.447522	0.247668	0.121013	0.0525729	0.0204533	0.00717401	0.00228259	0.000662476	0.000176258	4.31816e-05	9.78046e-06	2.0554e-06	4.02093e-07	7.34402e-08	1.25572e-08	2.01498e-09	3.04128e-10	4.3267e-11	5.81312e-12	7.38914e-13	8.90088e-14	1.01766e-14	1.10595e-15	1.14398e-16	1.12776e-17	1.06082e-18	9.53227e-20	8.1911e-21	6.73786e-22	5.31072e-23	4.01452e-24	2.91294e-25	2.02186e-26	0	
0	-0.39998	-0.785602	-1.09801	-1.2919	-1.36622	-1.33763	-1.24435	-1.115	-0.944443	-0.748169	-0.554722	-0.398539	-0.317255	-0.297983	-0.304118	-0.292854	-0.256424	-0.227059	-0.224853	-0.224953	-0.212647	-0.204285	-0.200264	-0.186776	-0.179482	-0.183923	-0.173633	-0.175716	-0.176209	-0.172205	-0.178106	-0.173021	-0.179894	-0.18356	-0.179647	-0.197285	-0.201919	-0.209817	-0.219361	-0.227413	-0.22305	-0.242577	-0.279315	-0.304021	-0.298807	-0.303964	-0.353303	-0.477676	-0.647415	-0.810916	-0.925107	-0.937332	-0.84096	-0.637278	-0.332571	0.0246733	0.395793	0.754615	1.04839	1.23688	1.32224	1.30774	1.18046	0.950549	0.672925	0.417154	0.227085	0.109209	0.0467297	0.0179175	0.00619746	0.00194556	0.000557383	0.000146445	3.54426e-05	7.93275e-06	1.64786e-06	3.18729e-07	5.75701e-08	9.73669e-09	1.54571e-09	2.30847e-10	3.25014e-11	4.32209e-12	5.43843e-13	6.48578e-14	7.34227e-15	7.90144e-16	8.09429e-17	7.90317e-18	7.36369e-19	6.55468e-20	5.58e-21	4.54761e-22	3.55153e-23	2.66027e-24	1.91286e-25	1.31589e-26	0	
0	-0.357858	-0.709443	-0.996462	-1.17456	-1.25166	-1.2473	-1.19003	-1.10039	-0.964234	-0.789024	-0.603554	-0.437366	-0.333739	-0.300563	-0.307185	-0.302824	-0.270484	-0.237203	-0.229841	-0.227164	-0.209272	-0.19605	-0.211088	-0.205629	-0.191871	-0.194431	-0.193775	-0.184539	-0.186483	-0.189924	-0.182497	-0.191268	-0.193674	-0.193101	-0.197285	-0.213984	-0.199827	-0.201597	-0.220627	-0.231129	-0.230012	-0.256804	-0.290266	-0.310602	-0.299419	-0.313427	-0.384532	-0.525877	-0.696614	-0.848641	-0.939682	-0.924121	-0.802207	-0.575016	-0.255609	0.104958	0.473008	0.820874	1.09481	1.26163	1.32767	1.29395	1.14819	0.906761	0.628908	0.381963	0.203827	0.0961664	0.0404021	0.0152221	0.00517733	0.00159922	0.000451059	0.000116731	2.78395e-05	6.14263e-06	1.25834e-06	2.40094e-07	4.27921e-08	7.14326e-09	1.11952e-09	1.65098e-10	2.29573e-11	3.01572e-12	3.74908e-13	4.41809e-14	4.94298e-15	5.2579e-16	5.32461e-17	5.14006e-18	4.73555e-19	4.16853e-20	3.50968e-21	2.82919e-22	2.18566e-23	1.61964e-24	1.15224e-25	7.84365e-27	0	
0	-0.308536	-0.618616	-0.874239	-1.03309	-1.11277	-1.13624	-1.11993	-1.07544	-0.981998	-0.834768	-0.659214	-0.487741	-0.366066	-0.309828	-0.306286	-0.308315	-0.286108	-0.247563	-0.235875	-0.241336	-0.228806	-0.199848	-0.197484	-0.202841	-0.194997	-0.186903	-0.198861	-0.186364	-0.190094	-0.194903	-0.18349	-0.197593	-0.191025	-0.189693	-0.201919	-0.199827	-0.195946	-0.215703	-0.241162	-0.236367	-0.24042	-0.268955	-0.303588	-0.309141	-0.30268	-0.337738	-0.427631	-0.583886	-0.751359	-0.886173	-0.948631	-0.900307	-0.748682	-0.496052	-0.163094	0.198879	0.561578	0.894385	1.14388	1.28567	1.32953	1.27346	1.10706	0.854277	0.578352	0.342911	0.178769	0.0824768	0.0339168	0.0125196	0.0041753	0.00126556	0.000350503	8.91221e-05	2.08943e-05	4.53414e-06	9.13895e-07	1.71634e-07	3.01202e-08	4.95224e-09	7.64673e-10	1.11132e-10	1.52327e-11	1.97291e-12	2.41876e-13	2.81153e-14	3.10327e-15	3.25717e-16	3.25527e-17	3.10175e-18	2.82106e-19	2.45184e-20	2.03846e-21	1.62285e-22	1.23832e-23	9.06477e-25	6.37112e-26	4.28566e-27	0	
0	-0.252516	-0.513091	-0.73087	-0.867278	-0.948783	-1.00262	-1.03237	-1.03747	-0.99096	-0.880386	-0.725854	-0.551392	-0.409332	-0.327284	-0.309805	-0.317623	-0.301638	-0.265377	-0.233011	-0.242041	-0.244843	-0.225734	-0.202836	-0.208627	-0.202009	-0.189892	-0.19687	-0.190257	-0.189652	-0.192523	-0.187552	-0.196397	-0.191068	-0.195698	-0.209817	-0.201597	-0.215703	-0.238887	-0.247018	-0.231854	-0.250341	-0.287856	-0.315976	-0.311907	-0.314693	-0.367756	-0.486261	-0.653482	-0.808353	-0.92105	-0.946886	-0.860327	-0.677294	-0.399326	-0.0550528	0.305808	0.659925	0.972576	1.19295	1.3068	1.32577	1.24436	1.05593	0.793145	0.522182	0.301173	0.152871	0.0687464	0.0275873	0.00994772	0.00324401	0.000962309	0.000261033	6.50523e-05	1.49571e-05	3.18491e-06	6.3023e-07	1.16253e-07	2.00465e-08	3.23985e-09	4.91921e-10	7.03225e-11	9.48416e-12	1.20898e-12	1.45918e-13	1.6702e-14	1.81574e-15	1.8775e-16	1.84893e-17	1.73628e-18	1.55664e-19	1.33384e-20	1.09352e-21	8.58589e-23	6.46232e-24	4.66687e-25	3.23638e-26	2.14853e-27	0	
0	-0.190634	-0.393337	-0.566374	-0.677799	-0.760767	-0.84572	-0.923318	-0.982137	-0.989645	-0.920318	-0.794238	-0.628628	-0.471637	-0.363832	-0.313541	-0.318428	-0.319052	-0.293113	-0.248283	-0.232746	-0.242358	-0.247642	-0.226191	-0.220087	-0.21725	-0.208652	-0.201205	-0.202882	-0.199619	-0.196593	-0.202953	-0.201228	-0.205126	-0.214258	-0.219361	-0.220627	-0.241162	-0.247018	-0.234726	-0.236673	-0.275943	-0.311268	-0.322116	-0.310523	-0.336562	-0.421073	-0.56148	-0.727823	-0.866209	-0.945923	-0.92616	-0.801397	-0.586436	-0.283529	0.0682789	0.424421	0.765634	1.05223	1.23909	1.32262	1.31407	1.20467	0.993933	0.723845	0.461691	0.258113	0.127135	0.0555519	0.0216887	0.00761812	0.00242263	0.000701505	0.000185912	4.53019e-05	1.01919e-05	2.12488e-06	4.1193e-07	7.4481e-08	1.25953e-08	1.9972e-09	2.97644e-10	4.178e-11	5.53478e-12	6.93256e-13	8.22418e-14	9.2553e-15	9.89545e-16	1.00655e-16	9.75345e-18	9.01451e-19	7.95594e-20	6.71249e-21	5.41962e-22	4.19156e-23	3.1082e-24	2.21184e-25	1.51171e-26	9.89355e-28	0	
