0	0	0	0	0	0	0	0	0	0	0	0	0	0	0	0	0	0	0	0	0	0	0	0	0	0	0	0	0	0	0	0	0	0	0	0	0	0	0	0	0	0	0	0	0	0	0	0	0	0	0	0	0	0	0	0	0	0	0	0	0	0	0	0	0	0	0	0	0	0	0	0	0	0	0	0	0	0	0	0	0	0	0	0	0	0	0	0	0	0	0	0	0	0	0	0	0	0	0	0	
0	0.0075967	0.0125775	0.0102758	0.0017517	-0.0109078	-0.0211046	-0.026029	-0.0192021	0.00105256	0.0291087	0.0548024	0.0715687	0.0782302	0.078197	0.0765282	0.0791547	0.0859884	0.0975249	0.113655	0.132247	0.151863	0.173931	0.201797	0.233425	0.267005	0.297667	0.318063	0.324132	0.323783	0.327712	0.339661	0.357732	0.374902	0.387304	0.394642	0.397015	0.393799	0.384321	0.367758	0.347326	0.323683	0.296893	0.26903	0.240273	0.210261	0.178819	0.146958	0.112396	0.0748646	0.0399061	0.0171405	0.0123594	0.0304748	0.0628333	0.105348	0.151893	0.189073	0.209837	0.212852	0.196566	0.165921	0.125238	0.0794438	0.0337602	-0.00924334	-0.0495776	-0.0875924	-0.124143	-0.156254	-0.178795	-0.191612	-0.192712	-0.185187	-0.171841	-0.160522	-0.154132	-0.151001	-0.152395	-0.15527	-0.160978	-0.170796	-0.186605	-0.209597	-0.231886	-0.245534	-0.248485	-0.234912	-0.208333	-0.180714	-0.156582	-0.141073	-0.134558	-0.13169	-0.125745	-0.112793	-0.0925096	-0.064695	-0.0332656	0	
0	0.0125775	0.0206394	0.0197045	0.00681426	-0.00907867	-0.0235934	-0.0281469	-0.0160015	0.0190809	0.0665445	0.109905	0.139376	0.153455	0.157849	0.159569	0.16786	0.18086	0.202157	0.231754	0.269417	0.309982	0.354227	0.407041	0.461216	0.51812	0.569715	0.605783	0.619346	0.622173	0.63127	0.652793	0.678512	0.703454	0.718564	0.730281	0.737089	0.736977	0.72384	0.69842	0.661205	0.619747	0.570625	0.519351	0.463668	0.404143	0.338335	0.272345	0.205056	0.135382	0.076346	0.0434124	0.0437608	0.0816456	0.14256	0.214941	0.291712	0.353462	0.38739	0.390772	0.361733	0.306677	0.228309	0.136568	0.0449086	-0.044357	-0.12877	-0.206477	-0.275374	-0.330928	-0.36964	-0.390517	-0.391983	-0.37675	-0.352831	-0.333643	-0.31883	-0.309141	-0.307973	-0.314441	-0.327115	-0.344116	-0.370159	-0.401257	-0.42757	-0.442231	-0.443951	-0.42396	-0.386099	-0.345778	-0.303343	-0.267807	-0.243094	-0.223196	-0.203692	-0.179641	-0.147431	-0.104502	-0.0548529	0	
0	0.0102758	0.0197045	0.0198256	0.0134827	0.00249276	-0.00320095	-0.00393756	0.0131761	0.0535849	0.1082	0.158336	0.195012	0.218456	0.23411	0.247289	0.265907	0.286718	0.314097	0.354502	0.406654	0.464406	0.524614	0.589562	0.652162	0.714729	0.774817	0.821374	0.843257	0.854592	0.873084	0.900017	0.928679	0.947476	0.956886	0.96551	0.975474	0.980709	0.972103	0.942746	0.899578	0.845409	0.780478	0.709246	0.630428	0.543127	0.449278	0.358238	0.269654	0.184867	0.116877	0.0846911	0.094057	0.150514	0.226853	0.315275	0.408375	0.47996	0.517925	0.521257	0.482474	0.407176	0.298631	0.165093	0.0212367	-0.120669	-0.251925	-0.36599	-0.461789	-0.534341	-0.578177	-0.601107	-0.602108	-0.58734	-0.558151	-0.52883	-0.504244	-0.483211	-0.475573	-0.478223	-0.491732	-0.510526	-0.530907	-0.553461	-0.565248	-0.561521	-0.553438	-0.530212	-0.492577	-0.454411	-0.407934	-0.358585	-0.312856	-0.2713	-0.232704	-0.195499	-0.157566	-0.110908	-0.0581129	0	
0	0.0017517	0.00681426	0.0134827	0.0175117	0.0258139	0.0341858	0.0438844	0.0608862	0.0983428	0.147336	0.192961	0.229776	0.260504	0.289329	0.317358	0.350201	0.37983	0.414761	0.46138	0.522731	0.587058	0.648723	0.711637	0.765725	0.822838	0.88231	0.933452	0.962588	0.98139	1.00819	1.04354	1.07064	1.08482	1.0815	1.08125	1.08698	1.09356	1.08616	1.06008	1.01328	0.955317	0.879135	0.793792	0.69795	0.595965	0.489215	0.392472	0.305017	0.221244	0.157117	0.131416	0.149825	0.214932	0.300579	0.392892	0.489159	0.564818	0.604381	0.604512	0.557568	0.466494	0.32617	0.148255	-0.0435231	-0.236489	-0.415213	-0.566128	-0.68268	-0.761129	-0.805286	-0.825883	-0.826314	-0.809052	-0.777279	-0.745069	-0.707886	-0.669306	-0.643061	-0.633392	-0.636838	-0.642092	-0.648762	-0.648395	-0.632008	-0.603853	-0.578497	-0.547424	-0.510891	-0.480181	-0.438008	-0.388294	-0.337459	-0.283833	-0.232105	-0.184549	-0.140072	-0.0937187	-0.0482309	0	
0	-0.0109078	-0.00907867	0.00249276	0.0258139	0.0536902	0.0825909	0.09795	0.111937	0.136829	0.171556	0.203368	0.232341	0.26389	0.301281	0.34328	0.391675	0.436757	0.482051	0.536789	0.599079	0.657046	0.705266	0.75044	0.789567	0.836552	0.893884	0.948143	0.978289	0.999304	1.03094	1.0697	1.10029	1.10599	1.09031	1.07414	1.068	1.06859	1.06251	1.0374	0.995625	0.935956	0.855254	0.761483	0.659096	0.554684	0.453709	0.370454	0.298832	0.230228	0.175831	0.157657	0.18117	0.254916	0.342197	0.435719	0.53271	0.603807	0.635374	0.627835	0.568938	0.45903	0.294543	0.0826123	-0.154177	-0.391997	-0.607463	-0.782526	-0.911651	-0.992382	-1.02934	-1.04324	-1.03844	-1.02075	-0.985983	-0.945684	-0.90043	-0.848148	-0.804195	-0.769615	-0.744343	-0.71949	-0.692287	-0.666055	-0.628786	-0.581047	-0.545016	-0.506369	-0.464795	-0.436122	-0.40083	-0.359986	-0.315838	-0.264423	-0.20761	-0.150751	-0.101343	-0.0581849	-0.0264352	0	
0	-0.0211046	-0.0235934	-0.00320095	0.0341858	0.0825909	0.122158	0.139858	0.14178	0.150159	0.163919	0.175751	0.187558	0.209299	0.245455	0.294928	0.360045	0.424408	0.488551	0.552545	0.614117	0.658641	0.685109	0.709625	0.731869	0.770745	0.82565	0.876535	0.901138	0.913771	0.9405	0.980304	1.00844	1.01084	0.983164	0.954361	0.937333	0.930825	0.919583	0.893731	0.848354	0.78922	0.707933	0.617287	0.522215	0.430578	0.345361	0.280653	0.229218	0.17679	0.138111	0.134381	0.173603	0.257348	0.350872	0.439908	0.5261	0.585395	0.604818	0.583454	0.511249	0.387796	0.200531	-0.0390985	-0.301715	-0.563468	-0.798462	-0.984823	-1.11571	-1.19056	-1.21907	-1.22249	-1.20887	-1.18211	-1.14137	-1.10084	-1.05209	-0.991772	-0.930592	-0.870565	-0.809395	-0.741363	-0.677992	-0.621355	-0.565031	-0.511553	-0.473552	-0.434412	-0.391762	-0.361917	-0.326515	-0.288201	-0.250164	-0.204422	-0.153272	-0.103355	-0.0608391	-0.0277929	-0.0107667	0	
0	-0.026029	-0.0281469	-0.00393756	0.0438844	0.09795	0.139858	0.146982	0.1341	0.121842	0.11508	0.103554	0.0933211	0.0977347	0.125084	0.178592	0.25837	0.345983	0.42959	0.50512	0.564399	0.594835	0.600953	0.604312	0.610886	0.639341	0.686057	0.729757	0.74171	0.742316	0.759922	0.793156	0.819108	0.815389	0.783362	0.750089	0.729597	0.718863	0.700419	0.662425	0.608186	0.541561	0.462664	0.381452	0.302758	0.231729	0.16792	0.12532	0.0959493	0.0659201	0.0480266	0.0657542	0.121297	0.218388	0.312319	0.393766	0.467095	0.510519	0.513778	0.480395	0.398378	0.262907	0.066332	-0.182939	-0.455502	-0.721685	-0.952744	-1.13009	-1.25033	-1.31427	-1.33285	-1.32805	-1.30599	-1.27304	-1.22874	-1.18663	-1.14186	-1.08306	-1.01365	-0.932119	-0.83782	-0.731323	-0.629031	-0.546357	-0.475489	-0.41391	-0.377804	-0.341873	-0.301498	-0.273981	-0.238228	-0.200105	-0.164295	-0.126464	-0.0908738	-0.0599233	-0.0371066	-0.0191169	-0.00853445	0	
0	-0.0192021	-0.0160015	0.0131761	0.0608862	0.111937	0.14178	0.1341	0.10155	0.0715965	0.043688	0.0095406	-0.0257693	-0.0425925	-0.0282025	0.0228038	0.111835	0.213634	0.311377	0.393905	0.453107	0.476839	0.470826	0.459524	0.450711	0.463361	0.496588	0.525422	0.524419	0.511066	0.517946	0.544562	0.565682	0.561672	0.531239	0.501566	0.483792	0.4686	0.43822	0.3838	0.312108	0.237185	0.158572	0.0881156	0.0291798	-0.0178841	-0.0539603	-0.0672186	-0.0662562	-0.0675976	-0.0593857	-0.0237077	0.0454953	0.144456	0.233724	0.303423	0.363254	0.39639	0.393245	0.353278	0.265015	0.126766	-0.0736888	-0.320527	-0.581484	-0.827693	-1.03609	-1.19121	-1.29342	-1.34525	-1.35367	-1.34013	-1.31304	-1.27884	-1.23755	-1.20325	-1.16549	-1.10902	-1.03482	-0.942234	-0.831752	-0.706606	-0.587723	-0.486155	-0.397621	-0.323905	-0.278103	-0.24027	-0.202856	-0.178548	-0.147706	-0.11346	-0.0858395	-0.063157	-0.0481638	-0.0426454	-0.0397523	-0.0308464	-0.0193588	0	
0	0.00105256	0.0190809	0.0535849	0.0983428	0.136829	0.150159	0.121842	0.0715965	0.0225852	-0.0239642	-0.0809609	-0.139562	-0.176497	-0.177336	-0.133739	-0.0484594	0.0547609	0.154119	0.239361	0.302646	0.329865	0.324144	0.306304	0.284852	0.282126	0.297595	0.311678	0.295289	0.269393	0.265436	0.28559	0.304882	0.301053	0.273134	0.245012	0.225212	0.204798	0.163837	0.0975338	0.0163307	-0.0667431	-0.145558	-0.210075	-0.254449	-0.274814	-0.276295	-0.250402	-0.209736	-0.179213	-0.152344	-0.108382	-0.0428946	0.0481332	0.127679	0.189304	0.242827	0.273265	0.267316	0.224483	0.13635	-0.00108076	-0.190293	-0.416897	-0.64909	-0.861503	-1.03371	-1.1566	-1.23279	-1.26383	-1.26203	-1.24485	-1.22013	-1.1932	-1.16407	-1.14201	-1.11491	-1.06652	-0.995367	-0.90719	-0.80274	-0.682733	-0.565359	-0.46137	-0.364161	-0.276135	-0.21643	-0.165467	-0.120347	-0.0947346	-0.067858	-0.0471894	-0.0374792	-0.0335249	-0.0377447	-0.0433632	-0.0452522	-0.0379972	-0.0224533	0	
0	0.0291087	0.0665445	0.1082	0.147336	0.171556	0.163919	0.11508	0.043688	-0.0239642	-0.091068	-0.167877	-0.245496	-0.299057	-0.313839	-0.284816	-0.212945	-0.120268	-0.0254958	0.063612	0.1379	0.180457	0.186968	0.172387	0.147895	0.133939	0.135691	0.131761	0.0984593	0.0559208	0.0410745	0.0555726	0.0740756	0.0687755	0.0369138	0.000832837	-0.0265761	-0.0547256	-0.0983295	-0.165727	-0.247851	-0.331394	-0.411166	-0.472146	-0.501849	-0.497757	-0.463425	-0.398043	-0.323714	-0.26858	-0.230051	-0.190057	-0.132653	-0.0538605	0.0157243	0.0708646	0.121533	0.151767	0.147783	0.107285	0.0238246	-0.0992691	-0.265873	-0.457278	-0.646482	-0.810057	-0.93495	-1.0159	-1.05773	-1.0662	-1.04837	-1.02675	-1.01118	-1.00435	-0.999554	-0.998723	-0.990467	-0.958769	-0.907461	-0.843359	-0.766213	-0.674765	-0.579278	-0.485661	-0.388315	-0.291802	-0.215196	-0.147438	-0.0874079	-0.0516306	-0.0282925	-0.017677	-0.02306	-0.0329179	-0.0396056	-0.0426915	-0.0376033	-0.0250302	-0.0145702	0	
0	0.0548024	0.109905	0.158336	0.192961	0.203368	0.175751	0.103554	0.0095406	-0.0809609	-0.167877	-0.261419	-0.352925	-0.418716	-0.449484	-0.438716	-0.387122	-0.307909	-0.215871	-0.118686	-0.026457	0.0379806	0.0648649	0.0649693	0.0481265	0.0349496	0.0274961	0.00740627	-0.0458797	-0.106	-0.135146	-0.127965	-0.116275	-0.130026	-0.173352	-0.221329	-0.257356	-0.286453	-0.328087	-0.390116	-0.468422	-0.551709	-0.627846	-0.680692	-0.69473	-0.664921	-0.601024	-0.510471	-0.41531	-0.349208	-0.309758	-0.272906	-0.221684	-0.150195	-0.083841	-0.0312231	0.0141081	0.0420785	0.0390628	0.00385072	-0.0625629	-0.159795	-0.286885	-0.430878	-0.567135	-0.677736	-0.750089	-0.781031	-0.778765	-0.751108	-0.717316	-0.696343	-0.69719	-0.715631	-0.740503	-0.77072	-0.793842	-0.799345	-0.788448	-0.770401	-0.73989	-0.687263	-0.622097	-0.54826	-0.460759	-0.366003	-0.280608	-0.197651	-0.124251	-0.076893	-0.0465424	-0.0362745	-0.0396311	-0.0428654	-0.0431992	-0.035687	-0.0234176	-0.0123069	-0.00489834	0	
0	0.0715687	0.139376	0.195012	0.229776	0.232341	0.187558	0.0933211	-0.0257693	-0.139562	-0.245496	-0.352925	-0.45522	-0.535809	-0.585445	-0.598397	-0.567955	-0.499854	-0.407256	-0.298627	-0.189307	-0.10335	-0.0530127	-0.0328475	-0.0313607	-0.0350298	-0.0422386	-0.0710237	-0.135473	-0.207779	-0.248059	-0.254638	-0.257229	-0.288142	-0.346553	-0.405837	-0.44676	-0.47808	-0.518017	-0.578821	-0.654472	-0.730545	-0.794536	-0.829213	-0.820439	-0.769922	-0.689205	-0.588239	-0.492384	-0.426643	-0.388134	-0.353923	-0.301952	-0.229264	-0.162403	-0.111153	-0.0685369	-0.042849	-0.043193	-0.0669615	-0.111557	-0.174358	-0.257713	-0.350174	-0.433172	-0.487942	-0.504233	-0.482339	-0.432052	-0.370656	-0.315915	-0.291531	-0.304997	-0.348026	-0.407478	-0.475492	-0.544797	-0.602712	-0.648917	-0.68582	-0.704	-0.696798	-0.668306	-0.623106	-0.555928	-0.471637	-0.388151	-0.304895	-0.22897	-0.175628	-0.137841	-0.109958	-0.0905978	-0.0716281	-0.0512769	-0.0353827	-0.0214755	-0.0102827	-0.00609273	0	
0	0.0782302	0.153455	0.218456	0.260504	0.26389	0.209299	0.0977347	-0.0425925	-0.176497	-0.299057	-0.418716	-0.535809	-0.636346	-0.712837	-0.752729	-0.744217	-0.687131	-0.594556	-0.479541	-0.359171	-0.256105	-0.184268	-0.140521	-0.116055	-0.100991	-0.0946002	-0.115551	-0.174213	-0.245973	-0.296752	-0.320551	-0.346014	-0.396636	-0.468265	-0.535574	-0.582081	-0.618909	-0.666661	-0.731677	-0.805763	-0.872529	-0.916622	-0.926242	-0.892184	-0.821235	-0.727565	-0.628222	-0.540797	-0.487123	-0.459963	-0.431635	-0.377587	-0.301017	-0.224684	-0.164623	-0.119736	-0.0907089	-0.0821047	-0.0907132	-0.110112	-0.14059	-0.184963	-0.236302	-0.275389	-0.283987	-0.250647	-0.177242	-0.0809061	0.0168343	0.0912807	0.123175	0.105136	0.0474201	-0.036497	-0.141972	-0.259157	-0.373404	-0.475757	-0.564316	-0.630981	-0.667117	-0.679562	-0.671354	-0.63748	-0.584877	-0.523177	-0.455867	-0.390352	-0.33108	-0.274998	-0.221321	-0.170444	-0.125254	-0.0905832	-0.065851	-0.0479407	-0.0333593	-0.0178577	0	
0	0.078197	0.157849	0.23411	0.289329	0.301281	0.245455	0.125084	-0.0282025	-0.177336	-0.313839	-0.449484	-0.585445	-0.712837	-0.817439	-0.883566	-0.894429	-0.84847	-0.759538	-0.643722	-0.517623	-0.403185	-0.313165	-0.250229	-0.203948	-0.165283	-0.134856	-0.131619	-0.169326	-0.230776	-0.285263	-0.325261	-0.368898	-0.435087	-0.518317	-0.596142	-0.655563	-0.706914	-0.765647	-0.83475	-0.903513	-0.955491	-0.979082	-0.964509	-0.908762	-0.82199	-0.722375	-0.627626	-0.556656	-0.520194	-0.509029	-0.491616	-0.442566	-0.365176	-0.282835	-0.21417	-0.157586	-0.113253	-0.084273	-0.068843	-0.0627967	-0.0708348	-0.09368	-0.121974	-0.133877	-0.108241	-0.0345891	0.0800565	0.216429	0.34668	0.446532	0.496832	0.490093	0.434102	0.334795	0.20203	0.0469377	-0.110862	-0.25909	-0.392777	-0.503606	-0.58785	-0.647197	-0.683522	-0.69189	-0.678228	-0.651274	-0.611741	-0.56077	-0.499562	-0.429035	-0.35258	-0.279864	-0.216957	-0.165945	-0.12724	-0.093903	-0.0624682	-0.0324953	0	
0	0.0765282	0.159569	0.247289	0.317358	0.34328	0.294928	0.178592	0.0228038	-0.133739	-0.284816	-0.438716	-0.598397	-0.752729	-0.883566	-0.972513	-1.00313	-0.972665	-0.894889	-0.783406	-0.657873	-0.535356	-0.432883	-0.353731	-0.285269	-0.219525	-0.15688	-0.124546	-0.137749	-0.185363	-0.240354	-0.287666	-0.342469	-0.419359	-0.51443	-0.607801	-0.683248	-0.747476	-0.811633	-0.876462	-0.934857	-0.972367	-0.979282	-0.94841	-0.877501	-0.782629	-0.680076	-0.594343	-0.540215	-0.52264	-0.528092	-0.525551	-0.484574	-0.413186	-0.329546	-0.251446	-0.181276	-0.116089	-0.0594002	-0.0145649	0.0142865	0.0225421	0.00920039	-0.0135864	-0.0181679	0.0197169	0.111586	0.248694	0.410257	0.567142	0.697683	0.781616	0.804891	0.76866	0.676297	0.537058	0.364359	0.179511	-0.00439694	-0.177044	-0.333268	-0.46568	-0.571058	-0.651898	-0.70533	-0.738921	-0.749717	-0.738075	-0.702693	-0.639787	-0.563296	-0.479267	-0.396854	-0.3245	-0.258502	-0.199258	-0.14461	-0.0928976	-0.0457959	0	
0	0.0791547	0.16786	0.265907	0.350201	0.391675	0.360045	0.25837	0.111835	-0.0484594	-0.212945	-0.387122	-0.567955	-0.744217	-0.894429	-1.00313	-1.05424	-1.04663	-0.985558	-0.887891	-0.768978	-0.64919	-0.541364	-0.450355	-0.362057	-0.268963	-0.179017	-0.122823	-0.115079	-0.1464	-0.190097	-0.233182	-0.289312	-0.374284	-0.484362	-0.595504	-0.688173	-0.76144	-0.824439	-0.878872	-0.919761	-0.937804	-0.926294	-0.878053	-0.798674	-0.701589	-0.604773	-0.532101	-0.495578	-0.49165	-0.509773	-0.515171	-0.482965	-0.420183	-0.33886	-0.256301	-0.172941	-0.0874724	-0.0044233	0.0637619	0.110322	0.123636	0.109305	0.0820598	0.0715486	0.101438	0.184209	0.316732	0.482979	0.659957	0.824636	0.952887	1.02243	1.02555	0.958522	0.830838	0.658889	0.463066	0.256183	0.0524721	-0.138867	-0.309247	-0.453737	-0.574054	-0.668501	-0.741388	-0.783919	-0.795346	-0.777029	-0.728456	-0.664095	-0.589162	-0.507275	-0.423815	-0.3393	-0.256825	-0.181577	-0.114731	-0.0545186	0	
0	0.0859884	0.18086	0.286718	0.37983	0.436757	0.424408	0.345983	0.213634	0.0547609	-0.120268	-0.307909	-0.499854	-0.687131	-0.84847	-0.972665	-1.04663	-1.06439	-1.03026	-0.953612	-0.856548	-0.749549	-0.644925	-0.545059	-0.438883	-0.325839	-0.21816	-0.147449	-0.122359	-0.13168	-0.157129	-0.188434	-0.243758	-0.334656	-0.455849	-0.579651	-0.682401	-0.760917	-0.821264	-0.863386	-0.887521	-0.883747	-0.851596	-0.787534	-0.697004	-0.599087	-0.5068	-0.443371	-0.420435	-0.428749	-0.453093	-0.465699	-0.438929	-0.37972	-0.298712	-0.208521	-0.11294	-0.0126999	0.0839849	0.165141	0.213729	0.224447	0.201032	0.157653	0.126836	0.132308	0.191001	0.30349	0.466564	0.656449	0.85059	1.01796	1.13009	1.17403	1.1409	1.04181	0.889966	0.701479	0.487456	0.273384	0.0675824	-0.123728	-0.292173	-0.442477	-0.569656	-0.673641	-0.740243	-0.772929	-0.777113	-0.7512	-0.711484	-0.653305	-0.578192	-0.49472	-0.399924	-0.306313	-0.220157	-0.139168	-0.0677006	0	
0	0.0975249	0.202157	0.314097	0.414761	0.482051	0.488551	0.42959	0.311377	0.154119	-0.0254958	-0.215871	-0.407256	-0.594556	-0.759538	-0.894889	-0.985558	-1.03026	-1.02241	-0.977501	-0.9085	-0.823745	-0.726375	-0.622067	-0.507606	-0.387145	-0.274049	-0.196012	-0.153325	-0.140583	-0.146439	-0.169231	-0.222058	-0.313309	-0.434508	-0.558198	-0.663324	-0.74256	-0.798917	-0.832536	-0.840229	-0.818977	-0.770325	-0.689099	-0.589704	-0.48717	-0.393925	-0.33551	-0.319967	-0.330889	-0.358106	-0.36883	-0.341791	-0.285465	-0.20344	-0.108568	-0.0059025	0.0982907	0.198692	0.274983	0.312081	0.301041	0.252325	0.18247	0.122534	0.0986268	0.133275	0.23826	0.404085	0.607769	0.822226	1.01151	1.14668	1.21619	1.21673	1.15138	1.03124	0.869938	0.675591	0.474998	0.274118	0.0782612	-0.103737	-0.269371	-0.411459	-0.529614	-0.611028	-0.665499	-0.699263	-0.706227	-0.694864	-0.660332	-0.602778	-0.532143	-0.448891	-0.357576	-0.267721	-0.177223	-0.0860051	0	
0	0.113655	0.231754	0.354502	0.46138	0.536789	0.552545	0.50512	0.393905	0.239361	0.063612	-0.118686	-0.298627	-0.479541	-0.643722	-0.783406	-0.887891	-0.953612	-0.977501	-0.965028	-0.930525	-0.869608	-0.785159	-0.685054	-0.574488	-0.456435	-0.342566	-0.254571	-0.195297	-0.163235	-0.159102	-0.178363	-0.230928	-0.315651	-0.427348	-0.540715	-0.637268	-0.708428	-0.755979	-0.77647	-0.773293	-0.739809	-0.680354	-0.591446	-0.484507	-0.378614	-0.284476	-0.222796	-0.20371	-0.209881	-0.225403	-0.227379	-0.197537	-0.139066	-0.0575674	0.0391803	0.142636	0.241701	0.325295	0.379919	0.384375	0.338603	0.253268	0.145063	0.0549197	0.0100745	0.0353326	0.137726	0.314799	0.533078	0.755854	0.949485	1.09416	1.18176	1.20242	1.16576	1.08567	0.967685	0.812992	0.64942	0.47522	0.290181	0.11164	-0.0536038	-0.19534	-0.316873	-0.413113	-0.493268	-0.560373	-0.602963	-0.624662	-0.61867	-0.588711	-0.545037	-0.480751	-0.403118	-0.317191	-0.216426	-0.10947	0	
0	0.132247	0.269417	0.406654	0.522731	0.599079	0.614117	0.564399	0.453107	0.302646	0.1379	-0.026457	-0.189307	-0.359171	-0.517623	-0.657873	-0.768978	-0.856548	-0.9085	-0.930525	-0.927991	-0.896577	-0.835798	-0.755805	-0.662182	-0.553067	-0.436185	-0.337018	-0.261279	-0.216853	-0.204964	-0.223206	-0.270756	-0.34578	-0.442299	-0.537699	-0.617084	-0.67134	-0.701284	-0.708972	-0.693217	-0.651274	-0.587776	-0.493983	-0.387047	-0.281526	-0.183086	-0.113441	-0.0838447	-0.0746251	-0.0778163	-0.0686662	-0.0307983	0.0321798	0.11937	0.221182	0.322998	0.40333	0.45769	0.472431	0.432797	0.3417	0.215231	0.075566	-0.0411404	-0.104802	-0.0869175	0.0231014	0.204529	0.422	0.646408	0.842764	0.991794	1.08775	1.1304	1.12132	1.0749	1.0025	0.899771	0.786974	0.655898	0.504805	0.351264	0.204716	0.0697021	-0.0590638	-0.174389	-0.281717	-0.37798	-0.453316	-0.509664	-0.540078	-0.545855	-0.532227	-0.491546	-0.427858	-0.349061	-0.247001	-0.126359	0	
0	0.151863	0.309982	0.464406	0.587058	0.657046	0.658641	0.594835	0.476839	0.329865	0.180457	0.0379806	-0.10335	-0.256105	-0.403185	-0.535356	-0.64919	-0.749549	-0.823745	-0.869608	-0.896577	-0.899873	-0.87822	-0.834217	-0.769854	-0.675741	-0.562244	-0.457488	-0.373992	-0.318901	-0.298413	-0.307671	-0.345414	-0.404758	-0.479927	-0.550599	-0.604556	-0.6344	-0.643567	-0.631779	-0.60188	-0.551302	-0.483739	-0.393242	-0.28988	-0.185565	-0.083993	-0.00442291	0.0369304	0.0524199	0.0570577	0.0740026	0.117932	0.191761	0.287992	0.395109	0.491576	0.552685	0.57371	0.551563	0.471189	0.339794	0.173731	-0.00428388	-0.145562	-0.219858	-0.205948	-0.102897	0.0747639	0.291212	0.508563	0.70022	0.856963	0.968939	1.0268	1.04074	1.03464	1.00919	0.952213	0.885614	0.801292	0.695685	0.583805	0.466572	0.343549	0.210376	0.0776305	-0.0482517	-0.164461	-0.265818	-0.352532	-0.418899	-0.461504	-0.480238	-0.464067	-0.416852	-0.347537	-0.248184	-0.127835	0	
0	0.173931	0.354227	0.524614	0.648723	0.705266	0.685109	0.600953	0.470826	0.324144	0.186968	0.0648649	-0.0530127	-0.184268	-0.313165	-0.432883	-0.541364	-0.644925	-0.726375	-0.785159	-0.835798	-0.87822	-0.902863	-0.902153	-0.873134	-0.804041	-0.707978	-0.612999	-0.531661	-0.471588	-0.44045	-0.43963	-0.46344	-0.501969	-0.548939	-0.585273	-0.604308	-0.599979	-0.574877	-0.53382	-0.482208	-0.420238	-0.353876	-0.269024	-0.172362	-0.0721299	0.0285719	0.108721	0.146055	0.155696	0.156712	0.175789	0.227436	0.310558	0.413128	0.52113	0.612368	0.658579	0.660287	0.615596	0.50793	0.342875	0.13913	-0.0701287	-0.237247	-0.331196	-0.327466	-0.22662	-0.0565568	0.147623	0.360123	0.552443	0.711101	0.832832	0.91716	0.966574	0.996798	1.00869	0.987981	0.954742	0.908816	0.845342	0.770996	0.68286	0.575379	0.448119	0.314332	0.183809	0.061037	-0.0546622	-0.159022	-0.244621	-0.312507	-0.358091	-0.366362	-0.340166	-0.28672	-0.202665	-0.102972	0	
0	0.201797	0.407041	0.589562	0.711637	0.75044	0.709625	0.604312	0.459524	0.306304	0.172387	0.0649693	-0.0328475	-0.140521	-0.250229	-0.353731	-0.450355	-0.545059	-0.622067	-0.685054	-0.755805	-0.834217	-0.902153	-0.94372	-0.955394	-0.927428	-0.867754	-0.799714	-0.732431	-0.673583	-0.635496	-0.622854	-0.626345	-0.637171	-0.646128	-0.641443	-0.616343	-0.566264	-0.496015	-0.416699	-0.336329	-0.259959	-0.185693	-0.0999418	-0.00617593	0.0841359	0.166497	0.221754	0.234182	0.221994	0.213675	0.235914	0.295629	0.386236	0.489869	0.595792	0.682956	0.723082	0.716109	0.659246	0.531788	0.339367	0.1048	-0.132639	-0.318423	-0.420968	-0.427539	-0.343412	-0.188477	0.00960502	0.218284	0.410588	0.580146	0.718882	0.823148	0.897754	0.958599	0.998533	1.00201	0.994229	0.977484	0.944284	0.897274	0.831522	0.745723	0.641098	0.523806	0.402929	0.281831	0.163256	0.0585479	-0.027298	-0.0971146	-0.150121	-0.174759	-0.171747	-0.15037	-0.107097	-0.0528913	0	
0	0.233425	0.461216	0.652162	0.765725	0.789567	0.731869	0.610886	0.450711	0.284852	0.147895	0.0481265	-0.0313607	-0.116055	-0.203948	-0.285269	-0.362057	-0.438883	-0.507606	-0.574488	-0.662182	-0.769854	-0.873134	-0.955394	-1.01735	-1.04398	-1.03685	-1.00641	-0.96278	-0.912701	-0.870535	-0.841286	-0.81831	-0.791504	-0.756643	-0.701506	-0.621882	-0.517199	-0.398545	-0.280072	-0.173198	-0.0762756	0.0138939	0.107051	0.19676	0.267513	0.315035	0.331942	0.30972	0.268864	0.244856	0.2617	0.320315	0.411995	0.517744	0.626927	0.718282	0.760037	0.744276	0.667903	0.516859	0.301396	0.0512132	-0.190123	-0.374386	-0.48186	-0.499093	-0.428209	-0.286978	-0.0983252	0.107195	0.302811	0.476746	0.6264	0.744883	0.829105	0.894284	0.941257	0.965021	0.985158	1.00332	1.00172	0.975337	0.929455	0.867735	0.790772	0.699748	0.603374	0.503137	0.398454	0.305451	0.229541	0.16587	0.116819	0.0853882	0.0608355	0.0365005	0.0203654	0.00936766	0	
0	0.267005	0.51812	0.714729	0.822838	0.836552	0.770745	0.639341	0.463361	0.282126	0.133939	0.0349496	-0.0350298	-0.100991	-0.165283	-0.219525	-0.268963	-0.325839	-0.387145	-0.456435	-0.553067	-0.675741	-0.804041	-0.927428	-1.04398	-1.13657	-1.19009	-1.21023	-1.2029	-1.17262	-1.12885	-1.0805	-1.02058	-0.947836	-0.854333	-0.734928	-0.590785	-0.431864	-0.271646	-0.125964	0.00412296	0.121054	0.227681	0.32693	0.408163	0.454346	0.46886	0.450389	0.395684	0.327086	0.281639	0.282957	0.3348	0.422615	0.525973	0.634774	0.724993	0.757867	0.724586	0.626745	0.456011	0.228783	-0.023566	-0.256995	-0.433527	-0.532906	-0.545708	-0.474649	-0.334625	-0.147999	0.0554372	0.246523	0.416659	0.560828	0.671177	0.746842	0.803076	0.850235	0.886858	0.926183	0.966624	0.989833	0.992796	0.97901	0.952224	0.912148	0.856865	0.796739	0.733787	0.661611	0.589728	0.525201	0.463761	0.406826	0.355164	0.294337	0.220302	0.145292	0.0717817	0	
0	0.297667	0.569715	0.774817	0.88231	0.893884	0.82565	0.686057	0.496588	0.297595	0.135691	0.0274961	-0.0422386	-0.0946002	-0.134856	-0.15688	-0.179017	-0.21816	-0.274049	-0.342566	-0.436185	-0.562244	-0.707978	-0.867754	-1.03685	-1.19009	-1.30618	-1.38195	-1.4201	-1.41685	-1.37852	-1.3124	-1.21818	-1.09375	-0.934856	-0.745993	-0.538117	-0.329722	-0.134879	0.0391144	0.191539	0.323644	0.438924	0.532015	0.597115	0.621721	0.609638	0.565522	0.491337	0.403403	0.341437	0.331844	0.371803	0.444836	0.532237	0.623076	0.693285	0.70888	0.656286	0.537092	0.356545	0.129405	-0.112718	-0.331879	-0.490816	-0.57324	-0.569806	-0.482508	-0.328857	-0.133264	0.0655783	0.244884	0.397896	0.52284	0.609497	0.66041	0.70025	0.741429	0.782106	0.825372	0.873789	0.915252	0.946882	0.975078	0.998568	1.00792	1.00092	0.989078	0.967986	0.93051	0.885295	0.83249	0.767291	0.691125	0.604034	0.503326	0.389583	0.26738	0.137504	0	
0	0.318063	0.605783	0.821374	0.933452	0.948143	0.876535	0.729757	0.525422	0.311678	0.131761	0.00740627	-0.0710237	-0.115551	-0.131619	-0.124546	-0.122823	-0.147449	-0.196012	-0.254571	-0.337018	-0.457488	-0.612999	-0.799714	-1.00641	-1.21023	-1.38195	-1.51401	-1.60053	-1.63176	-1.60737	-1.5326	-1.40657	-1.23135	-1.01118	-0.761505	-0.501264	-0.251375	-0.0217391	0.179142	0.348519	0.489319	0.603173	0.689037	0.743072	0.750202	0.719101	0.657743	0.571225	0.47699	0.412197	0.394357	0.424372	0.477717	0.538748	0.600142	0.642396	0.63153	0.553643	0.419503	0.237837	0.0232563	-0.199239	-0.393084	-0.529709	-0.590137	-0.561608	-0.451966	-0.282405	-0.0829052	0.115746	0.287904	0.421103	0.517012	0.570875	0.594377	0.610401	0.635156	0.664729	0.696632	0.741556	0.796682	0.859611	0.930115	1.00406	1.06874	1.11814	1.15524	1.17588	1.17506	1.15575	1.12014	1.05302	0.953541	0.833149	0.692029	0.539477	0.376009	0.193275	0	
0	0.324132	0.619346	0.843257	0.962588	0.978289	0.901138	0.74171	0.524419	0.295289	0.0984593	-0.0458797	-0.135473	-0.174213	-0.169326	-0.137749	-0.115079	-0.122359	-0.153325	-0.195297	-0.261279	-0.373992	-0.531661	-0.732431	-0.96278	-1.2029	-1.4201	-1.60053	-1.73251	-1.80093	-1.79595	-1.71514	-1.55965	-1.34291	-1.07815	-0.788416	-0.490304	-0.20523	0.0524159	0.27133	0.449493	0.591136	0.705877	0.788825	0.831682	0.823926	0.775755	0.703468	0.618875	0.533708	0.470872	0.449617	0.465657	0.495492	0.531207	0.56567	0.57947	0.544101	0.448178	0.300944	0.123552	-0.0748466	-0.271765	-0.438609	-0.546522	-0.575521	-0.520856	-0.393713	-0.214859	-0.00954246	0.189337	0.355686	0.473804	0.543158	0.563841	0.556126	0.544044	0.542562	0.549486	0.565403	0.60724	0.674463	0.760103	0.861231	0.976013	1.08891	1.19061	1.27742	1.33887	1.37266	1.3773	1.3484	1.27807	1.16878	1.02764	0.859113	0.668117	0.456793	0.232258	0	
0	0.323783	0.622173	0.854592	0.98139	0.999304	0.913771	0.742316	0.511066	0.269393	0.0559208	-0.106	-0.207779	-0.245973	-0.230776	-0.185363	-0.1464	-0.13168	-0.140583	-0.163235	-0.216853	-0.318901	-0.471588	-0.673583	-0.912701	-1.17262	-1.41685	-1.63176	-1.80093	-1.90225	-1.91409	-1.82441	-1.64714	-1.40485	-1.11815	-0.805374	-0.480827	-0.173078	0.0972042	0.320092	0.496649	0.638775	0.752702	0.8276	0.857102	0.832473	0.777019	0.709495	0.640651	0.570676	0.514363	0.485042	0.48952	0.504593	0.524413	0.539785	0.530737	0.475434	0.362812	0.210162	0.0389924	-0.144052	-0.32284	-0.469854	-0.556008	-0.564207	-0.489078	-0.344601	-0.150939	0.0618213	0.261107	0.418685	0.517702	0.567155	0.571945	0.549334	0.517038	0.489399	0.471359	0.473771	0.512796	0.587214	0.685917	0.804079	0.942341	1.08139	1.21694	1.33913	1.43513	1.50099	1.51876	1.49011	1.41602	1.30133	1.15432	0.967545	0.747592	0.505199	0.251672	0	
0	0.327712	0.63127	0.873084	1.00819	1.03094	0.9405	0.759922	0.517946	0.265436	0.0410745	-0.135146	-0.248059	-0.296752	-0.285263	-0.240354	-0.190097	-0.157129	-0.146439	-0.159102	-0.204964	-0.298413	-0.44045	-0.635496	-0.870535	-1.12885	-1.37852	-1.60737	-1.79595	-1.91409	-1.9276	-1.82764	-1.63791	-1.38774	-1.09703	-0.776451	-0.447008	-0.140795	0.120241	0.33352	0.504415	0.643836	0.748633	0.812103	0.824506	0.792254	0.739499	0.68577	0.63392	0.582093	0.532411	0.50656	0.513681	0.528102	0.542892	0.542974	0.515037	0.444096	0.325749	0.172516	0.00506176	-0.1763	-0.354167	-0.498812	-0.57925	-0.575402	-0.485456	-0.327966	-0.125229	0.0906347	0.289723	0.442042	0.531504	0.573497	0.576775	0.556574	0.520221	0.484816	0.461504	0.459918	0.495349	0.567871	0.668611	0.791886	0.935168	1.07894	1.21985	1.34848	1.45233	1.52314	1.54224	1.51394	1.44196	1.32887	1.17676	0.983774	0.760429	0.51567	0.259384	0	
0	0.339661	0.652793	0.900017	1.04354	1.0697	0.980304	0.793156	0.544562	0.28559	0.0555726	-0.127965	-0.254638	-0.320551	-0.325261	-0.287666	-0.233182	-0.188434	-0.169231	-0.178363	-0.223206	-0.307671	-0.43963	-0.622854	-0.841286	-1.0805	-1.3124	-1.5326	-1.71514	-1.82441	-1.82764	-1.71777	-1.52525	-1.28039	-0.998404	-0.695171	-0.389359	-0.111197	0.12486	0.319983	0.478818	0.602775	0.692253	0.739627	0.743736	0.711117	0.669826	0.630932	0.59701	0.563518	0.528777	0.515385	0.534693	0.559276	0.576607	0.575284	0.541663	0.468537	0.349839	0.192224	0.0114962	-0.184228	-0.37246	-0.524763	-0.606188	-0.600202	-0.510236	-0.351885	-0.145586	0.0724109	0.268285	0.416141	0.510771	0.564845	0.583221	0.57338	0.546121	0.520992	0.507711	0.522993	0.56492	0.632663	0.725813	0.835445	0.960403	1.08214	1.20443	1.31139	1.38769	1.43752	1.44284	1.41202	1.34788	1.23761	1.08767	0.907139	0.704508	0.484771	0.24847	0	
0	0.357732	0.678512	0.928679	1.07064	1.10029	1.00844	0.819108	0.565682	0.304882	0.0740756	-0.116275	-0.257229	-0.346014	-0.368898	-0.342469	-0.289312	-0.243758	-0.222058	-0.230928	-0.270756	-0.345414	-0.46344	-0.626345	-0.81831	-1.02058	-1.21818	-1.40657	-1.55965	-1.64714	-1.63791	-1.52525	-1.33951	-1.10632	-0.854869	-0.591817	-0.33324	-0.095861	0.106869	0.27473	0.404281	0.504919	0.572361	0.610749	0.613315	0.589393	0.56183	0.54097	0.525127	0.512288	0.49742	0.502641	0.539859	0.581172	0.614513	0.622879	0.598671	0.533054	0.415306	0.248474	0.0497852	-0.166674	-0.37343	-0.53738	-0.626121	-0.629179	-0.545241	-0.389728	-0.187779	0.0225124	0.215672	0.372082	0.482015	0.557258	0.597377	0.606213	0.599419	0.598372	0.610492	0.641631	0.688252	0.75105	0.825683	0.906987	0.993232	1.07296	1.15279	1.21411	1.24787	1.26306	1.25114	1.21652	1.15194	1.04881	0.91672	0.762918	0.593006	0.408249	0.208238	0	
0	0.374902	0.703454	0.947476	1.08482	1.10599	1.01084	0.815389	0.561672	0.301053	0.0687755	-0.130026	-0.288142	-0.396636	-0.435087	-0.419359	-0.374284	-0.334656	-0.313309	-0.315651	-0.34578	-0.404758	-0.501969	-0.637171	-0.791504	-0.947836	-1.09375	-1.23135	-1.34291	-1.40485	-1.38774	-1.28039	-1.10632	-0.906941	-0.706599	-0.506246	-0.304943	-0.112933	0.0511052	0.179676	0.27823	0.351758	0.402775	0.434506	0.438449	0.42352	0.413113	0.413181	0.419625	0.43447	0.445218	0.473289	0.52957	0.59223	0.642279	0.669341	0.661971	0.605224	0.490106	0.316315	0.0979002	-0.136571	-0.353728	-0.528883	-0.630123	-0.64112	-0.564145	-0.416174	-0.222513	-0.0184282	0.175931	0.34315	0.47654	0.572702	0.631731	0.663743	0.684864	0.71013	0.737851	0.781207	0.826709	0.871055	0.920562	0.963917	1.00205	1.03261	1.05785	1.06277	1.0488	1.03122	0.99818	0.949148	0.884234	0.797124	0.698285	0.587675	0.455173	0.308931	0.156836	0	
0	0.387304	0.718564	0.956886	1.0815	1.09031	0.983164	0.783362	0.531239	0.273134	0.0369138	-0.173352	-0.346553	-0.468265	-0.518317	-0.51443	-0.484362	-0.455849	-0.434508	-0.427348	-0.442299	-0.479927	-0.548939	-0.646128	-0.756643	-0.854333	-0.934856	-1.01118	-1.07815	-1.11815	-1.09703	-0.998404	-0.854869	-0.706599	-0.575437	-0.442903	-0.298855	-0.15696	-0.0397728	0.048033	0.111189	0.159604	0.193415	0.217099	0.225888	0.225177	0.236451	0.262522	0.298028	0.341247	0.381819	0.435178	0.51122	0.59332	0.663814	0.708246	0.712185	0.660866	0.543595	0.361861	0.13449	-0.103969	-0.324807	-0.50261	-0.603873	-0.620722	-0.552388	-0.410564	-0.22286	-0.0208814	0.176519	0.35505	0.503469	0.616671	0.694999	0.74488	0.788775	0.831652	0.865071	0.90375	0.937258	0.960713	0.976975	0.983689	0.977588	0.953417	0.919977	0.87222	0.817966	0.769025	0.713153	0.649783	0.585736	0.51986	0.454612	0.381782	0.292137	0.197029	0.100371	0	
0	0.394642	0.730281	0.96551	1.08125	1.07414	0.954361	0.750089	0.501566	0.245012	0.000832837	-0.221329	-0.405837	-0.535574	-0.596142	-0.607801	-0.595504	-0.579651	-0.558198	-0.540715	-0.537699	-0.550599	-0.585273	-0.641443	-0.701506	-0.734928	-0.745993	-0.761505	-0.788416	-0.805374	-0.776451	-0.695171	-0.591817	-0.506246	-0.442903	-0.374014	-0.291474	-0.205417	-0.136966	-0.0925866	-0.0629915	-0.0418074	-0.0270134	-0.00818367	0.00690245	0.0222996	0.0578533	0.113974	0.180597	0.256726	0.329691	0.407769	0.500921	0.599749	0.681993	0.734445	0.743183	0.684847	0.556573	0.369223	0.13903	-0.0964127	-0.307468	-0.473854	-0.567823	-0.577349	-0.502128	-0.360305	-0.177947	0.0238533	0.230395	0.421443	0.578547	0.693757	0.77592	0.837678	0.891752	0.934715	0.960059	0.984507	0.998568	0.994544	0.981992	0.956778	0.91056	0.844492	0.763973	0.675174	0.589226	0.505571	0.421311	0.345193	0.283455	0.231631	0.189601	0.150865	0.108531	0.0727613	0.0392122	0	
0	0.397015	0.737089	0.975474	1.08698	1.068	0.937333	0.729597	0.483792	0.225212	-0.0265761	-0.257356	-0.44676	-0.582081	-0.655563	-0.683248	-0.688173	-0.682401	-0.663324	-0.637268	-0.617084	-0.604556	-0.604308	-0.616343	-0.621882	-0.590785	-0.538117	-0.501264	-0.490304	-0.480827	-0.447008	-0.389359	-0.33324	-0.304943	-0.298855	-0.291474	-0.268343	-0.23658	-0.214187	-0.209545	-0.215641	-0.22275	-0.223635	-0.212385	-0.191465	-0.160047	-0.101869	-0.0171931	0.0794649	0.183089	0.283147	0.382805	0.48842	0.597379	0.687064	0.743215	0.744512	0.670908	0.529659	0.3348	0.104721	-0.119292	-0.312358	-0.456593	-0.523996	-0.51081	-0.422946	-0.273699	-0.0817745	0.132822	0.345478	0.533278	0.684839	0.796344	0.874254	0.928539	0.971891	1.00028	1.00727	1.012	1.00608	0.975938	0.93518	0.881464	0.803001	0.704335	0.594638	0.482619	0.369777	0.255614	0.151073	0.0664706	0.00276293	-0.0467083	-0.0757826	-0.0836836	-0.0794576	-0.0586737	-0.0287757	0	
0	0.393799	0.736977	0.980709	1.09356	1.06859	0.930825	0.718863	0.4686	0.204798	-0.0547256	-0.286453	-0.47808	-0.618909	-0.706914	-0.747476	-0.76144	-0.760917	-0.74256	-0.708428	-0.67134	-0.6344	-0.599979	-0.566264	-0.517199	-0.431864	-0.329722	-0.251375	-0.20523	-0.173078	-0.140795	-0.111197	-0.095861	-0.112933	-0.15696	-0.205417	-0.23658	-0.25245	-0.269406	-0.301038	-0.334659	-0.360674	-0.372918	-0.366971	-0.340717	-0.2995	-0.225729	-0.12579	-0.0118002	0.106121	0.2227	0.333103	0.446045	0.561501	0.657871	0.714992	0.708953	0.620611	0.463907	0.265587	0.0455415	-0.161997	-0.332255	-0.442964	-0.476217	-0.434801	-0.321685	-0.148451	0.0624331	0.291433	0.508203	0.688392	0.824526	0.919982	0.982559	1.01567	1.03263	1.0336	1.01396	0.989136	0.956232	0.902828	0.834389	0.75037	0.645295	0.527119	0.404585	0.281242	0.15396	0.0258597	-0.0843134	-0.1683	-0.233812	-0.281378	-0.296446	-0.279419	-0.238711	-0.171669	-0.0880807	0	
0	0.384321	0.72384	0.972103	1.08616	1.06251	0.919583	0.700419	0.43822	0.163837	-0.0983295	-0.328087	-0.518017	-0.666661	-0.765647	-0.811633	-0.824439	-0.821264	-0.798917	-0.755979	-0.701284	-0.643567	-0.574877	-0.496015	-0.398545	-0.271646	-0.134879	-0.0217391	0.0524159	0.0972042	0.120241	0.12486	0.106869	0.0511052	-0.0397728	-0.136966	-0.214187	-0.269406	-0.319788	-0.371935	-0.418823	-0.449711	-0.464243	-0.457002	-0.428532	-0.383651	-0.313344	-0.213982	-0.101192	0.0123997	0.125601	0.234748	0.34929	0.470915	0.575464	0.633404	0.621642	0.524797	0.367929	0.180049	-0.0200062	-0.201404	-0.339535	-0.416824	-0.418018	-0.344039	-0.199253	-0.000295716	0.234556	0.478752	0.69466	0.863557	0.984683	1.06444	1.10066	1.10459	1.08808	1.05216	0.996379	0.930851	0.862227	0.775246	0.673255	0.559294	0.434197	0.307607	0.178536	0.053623	-0.0678524	-0.185541	-0.28082	-0.352755	-0.409611	-0.43995	-0.433082	-0.397776	-0.335039	-0.239003	-0.122603	0	
0	0.367758	0.69842	0.942746	1.06008	1.0374	0.893731	0.662425	0.3838	0.0975338	-0.165727	-0.390116	-0.578821	-0.731677	-0.83475	-0.876462	-0.878872	-0.863386	-0.832536	-0.77647	-0.708972	-0.631779	-0.53382	-0.416699	-0.280072	-0.125964	0.0391144	0.179142	0.27133	0.320092	0.33352	0.319983	0.27473	0.179676	0.048033	-0.0925866	-0.209545	-0.301038	-0.371935	-0.431107	-0.473027	-0.496442	-0.499404	-0.486729	-0.458781	-0.424859	-0.365883	-0.280531	-0.185739	-0.0953617	-0.00421541	0.0927745	0.206745	0.331696	0.437877	0.496732	0.482771	0.390632	0.248518	0.0865442	-0.0778726	-0.223182	-0.325594	-0.364533	-0.332389	-0.233726	-0.0679781	0.155396	0.41059	0.662539	0.876924	1.03627	1.14709	1.21409	1.23041	1.20089	1.14101	1.06333	0.96041	0.845969	0.730099	0.601056	0.462911	0.32148	0.187148	0.0562076	-0.0730414	-0.18992	-0.292363	-0.377245	-0.444015	-0.491773	-0.521028	-0.522653	-0.48761	-0.430498	-0.354176	-0.250428	-0.12853	0	
0	0.347326	0.661205	0.899578	1.01328	0.995625	0.848354	0.608186	0.312108	0.0163307	-0.247851	-0.468422	-0.654472	-0.805763	-0.903513	-0.934857	-0.919761	-0.887521	-0.840229	-0.773293	-0.693217	-0.60188	-0.482208	-0.336329	-0.173198	0.00412296	0.191539	0.348519	0.449493	0.496649	0.504415	0.478818	0.404281	0.27823	0.111189	-0.0629915	-0.215641	-0.334659	-0.418823	-0.473027	-0.505037	-0.509657	-0.498559	-0.482028	-0.462483	-0.436504	-0.389285	-0.323948	-0.257617	-0.202833	-0.139152	-0.0548799	0.0561972	0.17278	0.272148	0.322206	0.310139	0.234923	0.118738	-0.00929143	-0.129718	-0.230508	-0.292614	-0.297727	-0.23808	-0.11353	0.0754328	0.310372	0.567208	0.815977	1.02757	1.19045	1.30097	1.35703	1.34602	1.28011	1.18083	1.05673	0.905682	0.737923	0.57062	0.400932	0.225856	0.0640346	-0.0717365	-0.200326	-0.320859	-0.418322	-0.491183	-0.543131	-0.57471	-0.583058	-0.575321	-0.545209	-0.488171	-0.41482	-0.326344	-0.226862	-0.118969	0	
0	0.323683	0.619747	0.845409	0.955317	0.935956	0.78922	0.541561	0.237185	-0.0667431	-0.331394	-0.551709	-0.730545	-0.872529	-0.955491	-0.972367	-0.937804	-0.883747	-0.818977	-0.739809	-0.651274	-0.551302	-0.420238	-0.259959	-0.0762756	0.121054	0.323644	0.489319	0.591136	0.638775	0.643836	0.602775	0.504919	0.351758	0.159604	-0.0418074	-0.22275	-0.360674	-0.449711	-0.496442	-0.509657	-0.496596	-0.479806	-0.467729	-0.455798	-0.433614	-0.397867	-0.352499	-0.314446	-0.280707	-0.235474	-0.162204	-0.0648136	0.0332043	0.110531	0.14952	0.140461	0.0798642	-0.0107613	-0.10549	-0.187176	-0.248246	-0.268421	-0.237812	-0.151545	-0.0053537	0.200565	0.44649	0.706933	0.950861	1.16117	1.31943	1.41704	1.45295	1.41746	1.32127	1.17793	1.0072	0.8106	0.602298	0.395696	0.192327	0.000263105	-0.171218	-0.308927	-0.428477	-0.528315	-0.595652	-0.637511	-0.661844	-0.667296	-0.641525	-0.594062	-0.534568	-0.460468	-0.375989	-0.281953	-0.186432	-0.0950774	0	
0	0.296893	0.570625	0.780478	0.879135	0.855254	0.707933	0.462664	0.158572	-0.145558	-0.411166	-0.627846	-0.794536	-0.916622	-0.979082	-0.979282	-0.926294	-0.851596	-0.770325	-0.680354	-0.587776	-0.483739	-0.353876	-0.185693	0.0138939	0.227681	0.438924	0.603173	0.705877	0.752702	0.748633	0.692253	0.572361	0.402775	0.193415	-0.0270134	-0.223635	-0.372918	-0.464243	-0.499404	-0.498559	-0.479806	-0.466945	-0.458645	-0.445067	-0.425252	-0.398482	-0.368096	-0.340703	-0.317085	-0.284738	-0.223349	-0.138202	-0.0607363	-0.00318812	0.0211505	0.0029726	-0.0532246	-0.132106	-0.205749	-0.254361	-0.276572	-0.267738	-0.214176	-0.0997013	0.0762997	0.303926	0.561619	0.82566	1.06712	1.26957	1.41001	1.47904	1.47943	1.40909	1.27495	1.09927	0.900412	0.673638	0.4377	0.208039	-0.0002804	-0.188256	-0.351788	-0.480635	-0.59365	-0.672183	-0.71281	-0.730989	-0.726409	-0.703171	-0.652858	-0.580322	-0.497758	-0.410892	-0.326411	-0.239652	-0.151218	-0.0717318	0	
