0	0	0	0	0	0	0	0	0	0	0	0	0	0	0	0	0	0	0	0	0	0	0	0	0	0	0	0	0	0	0	0	0	0	0	0	0	0	0	0	0	0	0	0	0	0	0	0	0	0	0	0	0	0	0	0	0	0	0	0	0	0	0	0	0	0	0	0	0	0	0	0	0	0	0	0	0	0	0	0	0	0	0	0	0	0	0	0	0	0	0	0	0	0	0	0	0	0	0	0	
0	-0.00568902	-0.0107682	-0.0187786	-0.0342873	-0.0592053	-0.0940463	-0.140135	-0.197212	-0.258962	-0.31634	-0.363859	-0.397622	-0.41889	-0.427405	-0.427518	-0.418691	-0.403351	-0.384919	-0.3655	-0.346367	-0.327078	-0.308596	-0.291604	-0.280593	-0.282856	-0.297969	-0.319685	-0.344155	-0.369586	-0.392477	-0.411196	-0.425489	-0.433657	-0.4347	-0.431027	-0.423947	-0.412578	-0.396323	-0.379284	-0.367663	-0.364686	-0.370463	-0.378719	-0.382363	-0.378209	-0.36576	-0.346928	-0.325401	-0.303909	-0.289213	-0.280493	-0.281724	-0.294331	-0.313068	-0.333209	-0.350418	-0.360568	-0.365724	-0.363942	-0.351624	-0.332682	-0.310557	-0.282734	-0.24702	-0.203071	-0.152085	-0.0968468	-0.0379509	0.0191492	0.0699429	0.108685	0.134522	0.145948	0.145643	0.137079	0.12113	0.103335	0.081882	0.0565006	0.028695	0.00207136	-0.0208921	-0.0361693	-0.0373351	-0.0248799	-0.00109798	0.0261646	0.0497546	0.0657409	0.0693539	0.0643513	0.0578098	0.0523074	0.0501301	0.0498539	0.0475782	0.03895	0.0211847	0	
0	-0.0107682	-0.0211067	-0.0346533	-0.0642551	-0.108285	-0.17262	-0.255511	-0.360444	-0.473402	-0.579692	-0.668273	-0.73354	-0.776545	-0.796756	-0.800551	-0.78429	-0.753516	-0.712081	-0.668787	-0.625671	-0.584543	-0.548877	-0.51667	-0.497381	-0.501447	-0.527258	-0.564921	-0.607639	-0.654791	-0.703366	-0.744672	-0.781752	-0.803346	-0.808974	-0.801914	-0.788333	-0.765587	-0.738564	-0.708695	-0.690381	-0.684434	-0.692341	-0.700309	-0.701573	-0.690625	-0.669451	-0.643424	-0.614702	-0.584498	-0.563396	-0.548842	-0.54512	-0.563771	-0.595195	-0.630885	-0.664993	-0.690128	-0.705385	-0.706435	-0.688456	-0.65643	-0.613531	-0.557061	-0.48331	-0.395594	-0.295	-0.186348	-0.0719948	0.0382807	0.132745	0.205705	0.25347	0.275366	0.276677	0.259022	0.226776	0.188306	0.145409	0.097164	0.0435258	-0.00459098	-0.04546	-0.0726223	-0.0784179	-0.0649277	-0.0315243	0.00649619	0.0430554	0.0781119	0.0977821	0.106062	0.113273	0.113866	0.110023	0.105121	0.0921413	0.0690745	0.0369426	0	
0	-0.0187786	-0.0346533	-0.0557962	-0.0937914	-0.152429	-0.232935	-0.339384	-0.472974	-0.619341	-0.757083	-0.874895	-0.964203	-1.02801	-1.06215	-1.07271	-1.05214	-1.00359	-0.937343	-0.864812	-0.796101	-0.735589	-0.687535	-0.64976	-0.628202	-0.635725	-0.66869	-0.711951	-0.762314	-0.823366	-0.890543	-0.957448	-1.01755	-1.05789	-1.07136	-1.06523	-1.04892	-1.02507	-0.994412	-0.964344	-0.94527	-0.939219	-0.944203	-0.946341	-0.93602	-0.914304	-0.88688	-0.85919	-0.833928	-0.807893	-0.790626	-0.774375	-0.771292	-0.791774	-0.828928	-0.875498	-0.922863	-0.959336	-0.987621	-0.998291	-0.977428	-0.932934	-0.873402	-0.79265	-0.685837	-0.555401	-0.407628	-0.252901	-0.0944329	0.0536512	0.181253	0.276342	0.338761	0.365887	0.364226	0.339907	0.293102	0.238398	0.173668	0.102028	0.0306174	-0.0307677	-0.080802	-0.117242	-0.131057	-0.125569	-0.100753	-0.0650532	-0.0220423	0.0284477	0.0725028	0.10834	0.13827	0.152811	0.151552	0.137391	0.112884	0.0802455	0.039031	0	
0	-0.0342873	-0.0642551	-0.0937914	-0.14162	-0.204008	-0.289709	-0.398163	-0.538907	-0.69299	-0.841122	-0.969799	-1.07299	-1.15174	-1.19954	-1.21918	-1.19521	-1.13264	-1.04079	-0.94278	-0.852094	-0.777979	-0.727273	-0.690314	-0.673064	-0.68536	-0.720195	-0.762995	-0.810685	-0.87347	-0.951968	-1.03141	-1.11073	-1.16452	-1.18772	-1.18828	-1.18158	-1.16718	-1.15097	-1.1305	-1.12177	-1.11977	-1.12492	-1.11766	-1.09474	-1.05842	-1.01981	-0.9901	-0.968638	-0.948941	-0.940567	-0.93334	-0.933632	-0.963658	-1.01178	-1.06719	-1.12207	-1.16574	-1.19692	-1.20575	-1.18074	-1.12749	-1.05148	-0.9475	-0.810668	-0.649576	-0.471778	-0.288903	-0.105445	0.0633157	0.201576	0.304001	0.370009	0.399059	0.398636	0.367562	0.309617	0.238789	0.159348	0.074596	-0.0126909	-0.0843293	-0.142365	-0.185488	-0.207689	-0.213372	-0.195481	-0.167481	-0.125281	-0.0606321	0.000678993	0.0549606	0.104923	0.128719	0.127204	0.112413	0.0856005	0.0549264	0.0252226	0	
0	-0.0592053	-0.108285	-0.152429	-0.204008	-0.265073	-0.338235	-0.432607	-0.556462	-0.698071	-0.83568	-0.961146	-1.06646	-1.15411	-1.21209	-1.23869	-1.21398	-1.13805	-1.02806	-0.909765	-0.805057	-0.724918	-0.674462	-0.642409	-0.628972	-0.643337	-0.678577	-0.714306	-0.752952	-0.808335	-0.881031	-0.962964	-1.04636	-1.11091	-1.14717	-1.16547	-1.18033	-1.19101	-1.1937	-1.19072	-1.19224	-1.19868	-1.20786	-1.2014	-1.17225	-1.12635	-1.0779	-1.03955	-1.01492	-0.99772	-0.999317	-1.0033	-1.02261	-1.07048	-1.13557	-1.20566	-1.27006	-1.31465	-1.34489	-1.34879	-1.30673	-1.22954	-1.13101	-1.00578	-0.848997	-0.669732	-0.479575	-0.293008	-0.111976	0.0509831	0.18869	0.291688	0.360898	0.392287	0.391191	0.358378	0.291115	0.20873	0.112229	0.00934895	-0.0884043	-0.167546	-0.230866	-0.281071	-0.310879	-0.323228	-0.31336	-0.28803	-0.245483	-0.181905	-0.119269	-0.0640823	-0.0133956	0.0172858	0.0282363	0.0291674	0.0238869	0.0159104	0.00473648	0	
0	-0.0940463	-0.17262	-0.232935	-0.289709	-0.338235	-0.389534	-0.451151	-0.543184	-0.653344	-0.76746	-0.876083	-0.974946	-1.06309	-1.12582	-1.15806	-1.13298	-1.05269	-0.932613	-0.806286	-0.695442	-0.611028	-0.558847	-0.522724	-0.504333	-0.513714	-0.541193	-0.56814	-0.592607	-0.632695	-0.693379	-0.764124	-0.847487	-0.918948	-0.972022	-1.0146	-1.05846	-1.09575	-1.1225	-1.13395	-1.14885	-1.16544	-1.18586	-1.18695	-1.16198	-1.11537	-1.06284	-1.02181	-0.996158	-0.981383	-0.989543	-1.00751	-1.04106	-1.11198	-1.20326	-1.2962	-1.3758	-1.42805	-1.45198	-1.43582	-1.368	-1.25939	-1.1275	-0.974082	-0.800101	-0.61888	-0.441662	-0.276764	-0.11824	0.0269784	0.150221	0.24812	0.320982	0.360534	0.367149	0.332365	0.257027	0.160358	0.0505815	-0.0625829	-0.174165	-0.264084	-0.336171	-0.393829	-0.430976	-0.450191	-0.443652	-0.427229	-0.39621	-0.341877	-0.292884	-0.247639	-0.194641	-0.152748	-0.118729	-0.083966	-0.0550153	-0.0319932	-0.0164309	0	
0	-0.140135	-0.255511	-0.339384	-0.398163	-0.432607	-0.451151	-0.473954	-0.521903	-0.593694	-0.673891	-0.758522	-0.841047	-0.92067	-0.981115	-1.01393	-0.992527	-0.914385	-0.798326	-0.67574	-0.567698	-0.482816	-0.424661	-0.378716	-0.348266	-0.343638	-0.358987	-0.368304	-0.372684	-0.390119	-0.428591	-0.485502	-0.562501	-0.640946	-0.710235	-0.774793	-0.843768	-0.905317	-0.950573	-0.979735	-1.00788	-1.04028	-1.07603	-1.09101	-1.07682	-1.03743	-0.989914	-0.953179	-0.932188	-0.922324	-0.939574	-0.967117	-1.01914	-1.11177	-1.22934	-1.34793	-1.44665	-1.50346	-1.5191	-1.4816	-1.37566	-1.22359	-1.05559	-0.880417	-0.698907	-0.525517	-0.369028	-0.233535	-0.108924	0.00596916	0.11085	0.200002	0.269074	0.30762	0.31481	0.281959	0.205994	0.107656	-0.00796696	-0.131035	-0.249893	-0.348581	-0.429803	-0.496547	-0.542965	-0.570356	-0.576407	-0.574333	-0.561933	-0.531219	-0.500006	-0.465099	-0.409763	-0.348021	-0.283624	-0.211899	-0.144275	-0.0872178	-0.0425199	0	
0	-0.197212	-0.360444	-0.472974	-0.538907	-0.556462	-0.543184	-0.521903	-0.524931	-0.551697	-0.593824	-0.645212	-0.702019	-0.762893	-0.812452	-0.844017	-0.828617	-0.763435	-0.663118	-0.556591	-0.460552	-0.379386	-0.317132	-0.26086	-0.21539	-0.194043	-0.187725	-0.173274	-0.148181	-0.136829	-0.151045	-0.190543	-0.260093	-0.337999	-0.411665	-0.484429	-0.563163	-0.638908	-0.702432	-0.751183	-0.802805	-0.857284	-0.913389	-0.946003	-0.944745	-0.916215	-0.879266	-0.852571	-0.841168	-0.842085	-0.868146	-0.910302	-0.979237	-1.09526	-1.23907	-1.38027	-1.48908	-1.54311	-1.5392	-1.46823	-1.32798	-1.14131	-0.945098	-0.753094	-0.570992	-0.409499	-0.276001	-0.169912	-0.0738087	0.0139145	0.0907722	0.15279	0.201009	0.225503	0.22538	0.192307	0.124597	0.0387387	-0.0620976	-0.172204	-0.289571	-0.395335	-0.486702	-0.565045	-0.623352	-0.662518	-0.68234	-0.70186	-0.715028	-0.70769	-0.696059	-0.668766	-0.608624	-0.533909	-0.448118	-0.351734	-0.255905	-0.164955	-0.0833881	0	
0	-0.258962	-0.473402	-0.619341	-0.69299	-0.698071	-0.653344	-0.593694	-0.551697	-0.535576	-0.53583	-0.549329	-0.573602	-0.608267	-0.644146	-0.673225	-0.66923	-0.623663	-0.547226	-0.464433	-0.386481	-0.316003	-0.256246	-0.195345	-0.139685	-0.0985216	-0.0665638	-0.0188486	0.0397589	0.0826119	0.0919389	0.067952	0.0105424	-0.0571536	-0.119636	-0.179739	-0.251491	-0.327104	-0.400688	-0.470279	-0.545555	-0.628179	-0.711004	-0.765505	-0.783116	-0.769172	-0.742344	-0.726206	-0.725678	-0.738514	-0.781827	-0.844011	-0.936741	-1.07479	-1.23839	-1.39029	-1.499	-1.54059	-1.51492	-1.41827	-1.24774	-1.03566	-0.823249	-0.627672	-0.448628	-0.298149	-0.181371	-0.0941572	-0.0242976	0.0338679	0.0788289	0.108748	0.122455	0.117565	0.101744	0.0681162	0.0166537	-0.0417244	-0.112131	-0.197192	-0.295521	-0.392319	-0.48459	-0.570594	-0.643925	-0.701532	-0.743972	-0.785983	-0.819628	-0.830819	-0.83034	-0.81125	-0.755782	-0.680745	-0.593079	-0.485951	-0.370586	-0.251255	-0.127928	0	
0	-0.31634	-0.579692	-0.757083	-0.841122	-0.83568	-0.76746	-0.673891	-0.593824	-0.53583	-0.494746	-0.468565	-0.457671	-0.466873	-0.489722	-0.520629	-0.53154	-0.50845	-0.458404	-0.400151	-0.343879	-0.289929	-0.239783	-0.182972	-0.120982	-0.0623784	-0.00156616	0.0789194	0.170868	0.240372	0.27107	0.263071	0.223379	0.176687	0.139226	0.103569	0.054727	-0.00947959	-0.0819357	-0.160542	-0.254735	-0.361218	-0.469338	-0.550818	-0.590058	-0.592862	-0.581378	-0.576904	-0.589387	-0.621525	-0.684204	-0.769856	-0.885912	-1.04221	-1.21704	-1.37317	-1.47559	-1.50427	-1.46108	-1.34504	-1.16203	-0.938507	-0.718099	-0.519279	-0.346663	-0.206485	-0.10383	-0.0372924	0.00949352	0.0392681	0.0518347	0.0455415	0.0268655	-0.00174173	-0.0318435	-0.0631004	-0.0983029	-0.130359	-0.165363	-0.210574	-0.273031	-0.344631	-0.42156	-0.506034	-0.591808	-0.670235	-0.737688	-0.802098	-0.851694	-0.873514	-0.88034	-0.867798	-0.82399	-0.76147	-0.680558	-0.575864	-0.450889	-0.30986	-0.160535	0	
0	-0.363859	-0.668273	-0.874895	-0.969799	-0.961146	-0.876083	-0.758522	-0.645212	-0.549329	-0.468565	-0.403442	-0.361701	-0.348404	-0.364597	-0.400039	-0.426634	-0.424979	-0.397669	-0.363174	-0.329682	-0.296577	-0.262929	-0.2154	-0.153019	-0.0809266	0.00285396	0.109756	0.225375	0.317411	0.366909	0.378801	0.363047	0.343377	0.335393	0.33119	0.310244	0.270265	0.212235	0.136071	0.036672	-0.0855923	-0.214268	-0.315974	-0.374205	-0.394331	-0.396012	-0.408395	-0.4411	-0.496011	-0.58231	-0.691303	-0.824263	-0.989732	-1.17005	-1.32573	-1.42352	-1.44562	-1.39269	-1.26675	-1.07299	-0.84429	-0.623764	-0.432166	-0.26915	-0.143384	-0.0608384	-0.0149525	0.00445983	0.00492908	-0.0145405	-0.0488846	-0.0906738	-0.132894	-0.163362	-0.186799	-0.202233	-0.206779	-0.209085	-0.217521	-0.239138	-0.270596	-0.316193	-0.383383	-0.470121	-0.562966	-0.65147	-0.73435	-0.794544	-0.822156	-0.832305	-0.826864	-0.79605	-0.749329	-0.684786	-0.589192	-0.46804	-0.326399	-0.167653	0	
0	-0.397622	-0.73354	-0.964203	-1.07299	-1.06646	-0.974946	-0.841047	-0.702019	-0.573602	-0.457671	-0.361701	-0.295436	-0.269206	-0.2828	-0.323767	-0.362453	-0.374968	-0.364801	-0.348772	-0.335626	-0.324115	-0.307673	-0.274295	-0.219299	-0.146191	-0.0554442	0.0610271	0.189045	0.296869	0.369271	0.406528	0.420612	0.4311	0.45255	0.476724	0.48638	0.472334	0.435092	0.372488	0.278732	0.157005	0.0267943	-0.0814299	-0.148714	-0.180672	-0.202197	-0.235329	-0.290101	-0.368372	-0.4723	-0.595429	-0.741954	-0.916902	-1.10278	-1.26193	-1.35748	-1.37113	-1.3059	-1.16894	-0.97265	-0.746731	-0.534503	-0.357514	-0.218039	-0.117725	-0.0587018	-0.0397634	-0.0488017	-0.0786735	-0.123776	-0.17715	-0.228983	-0.268604	-0.28885	-0.290689	-0.281967	-0.262796	-0.235612	-0.209699	-0.192785	-0.189058	-0.202773	-0.243962	-0.313466	-0.395735	-0.480886	-0.563682	-0.628719	-0.667587	-0.689078	-0.694713	-0.678211	-0.644079	-0.592	-0.514719	-0.412036	-0.288731	-0.150114	0	
0	-0.41889	-0.776545	-1.02801	-1.15174	-1.15411	-1.06309	-0.92067	-0.762893	-0.608267	-0.466873	-0.348404	-0.269206	-0.235969	-0.250411	-0.294077	-0.338674	-0.359287	-0.360223	-0.357136	-0.359571	-0.36336	-0.361111	-0.342636	-0.302323	-0.243693	-0.162625	-0.0527284	0.0750842	0.194588	0.28622	0.348161	0.389595	0.426438	0.474414	0.526256	0.564733	0.579094	0.565224	0.52064	0.444082	0.337421	0.221659	0.122663	0.0577667	0.0167479	-0.0190597	-0.0714877	-0.145738	-0.242306	-0.358761	-0.496136	-0.653298	-0.834887	-1.02533	-1.18386	-1.2724	-1.27576	-1.19843	-1.05168	-0.853448	-0.638377	-0.446517	-0.296819	-0.187381	-0.118805	-0.0944537	-0.108108	-0.148394	-0.203849	-0.26911	-0.331653	-0.379156	-0.403397	-0.401299	-0.379242	-0.341928	-0.292011	-0.235382	-0.181051	-0.136355	-0.105106	-0.0917776	-0.105076	-0.143954	-0.195746	-0.255296	-0.320534	-0.379245	-0.424343	-0.458417	-0.476199	-0.472453	-0.451616	-0.416065	-0.362802	-0.293038	-0.208356	-0.108335	0	
0	-0.427405	-0.796756	-1.06215	-1.19954	-1.21209	-1.12582	-0.981115	-0.812452	-0.644146	-0.489722	-0.364597	-0.2828	-0.250411	-0.265778	-0.30871	-0.352981	-0.375714	-0.380023	-0.381778	-0.387326	-0.396967	-0.402172	-0.399729	-0.384761	-0.354501	-0.299873	-0.209786	-0.0916058	0.0301189	0.135296	0.214795	0.27795	0.338366	0.409932	0.485982	0.549838	0.587865	0.596238	0.574339	0.52378	0.445679	0.357183	0.27756	0.219835	0.176734	0.129954	0.0663388	-0.0189931	-0.125779	-0.251602	-0.397337	-0.56329	-0.748839	-0.935176	-1.0843	-1.16005	-1.15029	-1.06325	-0.918424	-0.733602	-0.541024	-0.374344	-0.253123	-0.178146	-0.147017	-0.158579	-0.207061	-0.279062	-0.357561	-0.430513	-0.485252	-0.516947	-0.519048	-0.493905	-0.444995	-0.381487	-0.307282	-0.222687	-0.141735	-0.0716874	-0.0200277	0.0131497	0.0277213	0.0248189	0.014428	-0.00525057	-0.0381064	-0.0790943	-0.123574	-0.165085	-0.194807	-0.207989	-0.20327	-0.186948	-0.161342	-0.127586	-0.0900704	-0.0462533	0	
0	-0.427518	-0.800551	-1.07271	-1.21918	-1.23869	-1.15806	-1.01393	-0.844017	-0.673225	-0.520629	-0.400039	-0.323767	-0.294077	-0.30871	-0.346589	-0.387345	-0.406659	-0.410096	-0.405546	-0.405306	-0.411048	-0.420609	-0.436791	-0.451388	-0.456921	-0.432645	-0.367158	-0.266746	-0.152452	-0.0480649	0.0372689	0.112231	0.189233	0.280767	0.377187	0.464339	0.527102	0.559632	0.563918	0.539872	0.487199	0.422633	0.358477	0.312389	0.275606	0.232485	0.17077	0.0849582	-0.0293984	-0.160594	-0.31309	-0.479705	-0.656159	-0.826114	-0.95773	-1.0205	-1.00547	-0.924259	-0.7913	-0.626902	-0.461032	-0.322618	-0.229586	-0.186113	-0.1898	-0.236469	-0.318017	-0.413405	-0.503071	-0.575109	-0.618459	-0.630564	-0.609943	-0.564927	-0.4961	-0.410913	-0.313252	-0.206442	-0.105272	-0.0152156	0.0590083	0.119054	0.164621	0.199513	0.225839	0.238855	0.237344	0.221659	0.193356	0.157966	0.123664	0.0917006	0.068809	0.0555822	0.0472753	0.0420597	0.0327734	0.0190309	0	
0	-0.418691	-0.78429	-1.05214	-1.19521	-1.21398	-1.13298	-0.992527	-0.828617	-0.66923	-0.53154	-0.426634	-0.362453	-0.338674	-0.352981	-0.387345	-0.421897	-0.437407	-0.430989	-0.414216	-0.398296	-0.397219	-0.411066	-0.446538	-0.491439	-0.530015	-0.534463	-0.495148	-0.418048	-0.322906	-0.229232	-0.148794	-0.0702035	0.0162812	0.119847	0.231981	0.339286	0.425987	0.484114	0.509609	0.504584	0.468571	0.418252	0.370145	0.339782	0.318282	0.289206	0.239665	0.159805	0.0512412	-0.0750977	-0.219622	-0.374345	-0.535962	-0.689406	-0.809769	-0.869675	-0.861697	-0.792272	-0.680492	-0.539039	-0.400223	-0.287942	-0.221629	-0.20849	-0.243428	-0.319941	-0.422171	-0.529195	-0.619417	-0.682882	-0.711518	-0.707336	-0.670884	-0.6105	-0.525228	-0.423445	-0.311735	-0.192957	-0.0815939	0.0237565	0.120293	0.208304	0.290544	0.364092	0.424404	0.467549	0.492937	0.502055	0.491683	0.465716	0.430166	0.380064	0.328867	0.281115	0.23329	0.186551	0.132011	0.070369	0	
0	-0.403351	-0.753516	-1.00359	-1.13264	-1.13805	-1.05269	-0.914385	-0.763435	-0.623663	-0.50845	-0.424979	-0.374968	-0.359287	-0.375714	-0.406659	-0.437407	-0.443575	-0.427078	-0.392561	-0.363486	-0.357302	-0.377941	-0.429902	-0.496376	-0.557408	-0.582399	-0.564791	-0.513617	-0.441394	-0.367756	-0.300487	-0.232203	-0.150029	-0.0453373	0.0739732	0.198301	0.308321	0.384663	0.425173	0.427017	0.397093	0.359765	0.327196	0.316784	0.317458	0.307153	0.275301	0.215406	0.12332	0.0173237	-0.106555	-0.24403	-0.392511	-0.537209	-0.657485	-0.728616	-0.735078	-0.685229	-0.589004	-0.465409	-0.347723	-0.256456	-0.211321	-0.223619	-0.28645	-0.380114	-0.492804	-0.600195	-0.684681	-0.737538	-0.753792	-0.740059	-0.694144	-0.625431	-0.529265	-0.420598	-0.30667	-0.186925	-0.0737172	0.0403796	0.157326	0.274168	0.387895	0.496737	0.586357	0.653418	0.704072	0.732741	0.736661	0.719917	0.685203	0.626495	0.555478	0.47707	0.388962	0.297026	0.199888	0.101937	0	
0	-0.384919	-0.712081	-0.937343	-1.04079	-1.02806	-0.932613	-0.798326	-0.663118	-0.547226	-0.458404	-0.397669	-0.364801	-0.360223	-0.380023	-0.410096	-0.430989	-0.427078	-0.394025	-0.344882	-0.303642	-0.29548	-0.320313	-0.380441	-0.456194	-0.529656	-0.567885	-0.570276	-0.543196	-0.498173	-0.448083	-0.405963	-0.35969	-0.294704	-0.1997	-0.0798611	0.0533237	0.173468	0.259116	0.300672	0.304365	0.283613	0.26066	0.249774	0.262164	0.282061	0.292002	0.285163	0.250547	0.190558	0.115122	0.0162773	-0.104379	-0.246645	-0.392656	-0.523251	-0.609241	-0.633734	-0.596839	-0.513907	-0.39884	-0.291996	-0.21499	-0.18508	-0.213116	-0.286374	-0.389413	-0.501671	-0.599902	-0.672257	-0.716899	-0.730294	-0.711159	-0.661263	-0.592954	-0.502602	-0.402216	-0.298033	-0.190757	-0.0850464	0.0334863	0.164337	0.296817	0.430743	0.562711	0.675241	0.767718	0.841345	0.890624	0.908139	0.898801	0.8724	0.814139	0.734708	0.637998	0.516382	0.385811	0.252908	0.124611	0	
0	-0.3655	-0.668787	-0.864812	-0.94278	-0.909765	-0.806286	-0.67574	-0.556591	-0.464433	-0.400151	-0.363174	-0.348772	-0.357136	-0.381778	-0.405546	-0.414216	-0.392561	-0.344882	-0.280748	-0.230498	-0.216663	-0.238959	-0.295247	-0.370452	-0.447903	-0.496634	-0.515084	-0.512689	-0.495052	-0.4779	-0.467931	-0.454943	-0.414662	-0.335428	-0.225123	-0.0977493	0.0203537	0.10024	0.142084	0.150785	0.142149	0.139542	0.14838	0.177268	0.215629	0.246387	0.265588	0.267122	0.24285	0.199117	0.125951	0.017975	-0.123751	-0.275598	-0.415914	-0.517654	-0.553364	-0.525851	-0.443918	-0.329951	-0.229526	-0.157497	-0.129438	-0.15842	-0.23289	-0.323267	-0.418086	-0.501861	-0.566137	-0.605498	-0.615338	-0.602499	-0.564906	-0.511294	-0.43948	-0.366096	-0.289961	-0.201606	-0.107169	0.00520432	0.136221	0.26964	0.404834	0.547622	0.674982	0.785172	0.882061	0.950824	0.987054	0.996643	0.983361	0.935756	0.858278	0.752486	0.618079	0.467365	0.309054	0.154867	0	
0	-0.346367	-0.625671	-0.796101	-0.852094	-0.805057	-0.695442	-0.567698	-0.460552	-0.386481	-0.343879	-0.329682	-0.335626	-0.359571	-0.387326	-0.405306	-0.398296	-0.363486	-0.303642	-0.230498	-0.169869	-0.145653	-0.156058	-0.199956	-0.266204	-0.342177	-0.395313	-0.426127	-0.443592	-0.45662	-0.472977	-0.499987	-0.520578	-0.507189	-0.451621	-0.363491	-0.256559	-0.156164	-0.0832826	-0.0413849	-0.0257013	-0.0197273	-0.00913197	0.0138034	0.0574326	0.112278	0.165494	0.216703	0.251421	0.263034	0.249836	0.199323	0.104175	-0.0343668	-0.186858	-0.332498	-0.440307	-0.481842	-0.454689	-0.371917	-0.254186	-0.149	-0.0746258	-0.040587	-0.0563785	-0.107455	-0.176333	-0.250939	-0.313985	-0.364981	-0.40448	-0.426513	-0.425636	-0.406068	-0.383527	-0.351119	-0.313912	-0.266887	-0.204747	-0.129927	-0.0304498	0.0888821	0.207811	0.332714	0.470049	0.595576	0.711157	0.817555	0.904563	0.964778	0.997849	1.00826	0.975589	0.906627	0.810137	0.680332	0.531415	0.36602	0.186347	0	
0	-0.327078	-0.584543	-0.735589	-0.777979	-0.724918	-0.611028	-0.482816	-0.379386	-0.316003	-0.289929	-0.296577	-0.324115	-0.36336	-0.396967	-0.411048	-0.397219	-0.357302	-0.29548	-0.216663	-0.145653	-0.105656	-0.100114	-0.127035	-0.180058	-0.248422	-0.300432	-0.336782	-0.370344	-0.406317	-0.449439	-0.500822	-0.545018	-0.556587	-0.529935	-0.476551	-0.405139	-0.330731	-0.274159	-0.23932	-0.224009	-0.21628	-0.19813	-0.162902	-0.103705	-0.028251	0.0510481	0.129647	0.196585	0.240273	0.253964	0.226809	0.146786	0.0162862	-0.131482	-0.271387	-0.375211	-0.41124	-0.379465	-0.28875	-0.163664	-0.0552511	0.0278084	0.0824024	0.0948527	0.0710807	0.0317508	-0.016332	-0.0664369	-0.115377	-0.155415	-0.181597	-0.199187	-0.21257	-0.22632	-0.234058	-0.237733	-0.222164	-0.181254	-0.125626	-0.0492033	0.0475803	0.143313	0.244308	0.363703	0.474006	0.576257	0.67902	0.771174	0.845347	0.897442	0.924062	0.9108	0.86167	0.783947	0.67722	0.543741	0.382209	0.199148	0	
0	-0.308596	-0.548877	-0.687535	-0.727273	-0.674462	-0.558847	-0.424661	-0.317132	-0.256246	-0.239783	-0.262929	-0.307673	-0.361111	-0.402172	-0.420609	-0.411066	-0.377941	-0.320313	-0.238959	-0.156058	-0.100114	-0.0787826	-0.0875713	-0.124384	-0.178349	-0.223547	-0.259372	-0.298275	-0.343775	-0.394548	-0.452597	-0.510413	-0.543469	-0.550106	-0.535909	-0.503395	-0.462222	-0.432467	-0.41993	-0.425874	-0.431738	-0.41889	-0.377143	-0.302931	-0.204236	-0.0969173	0.0137805	0.112837	0.185764	0.220346	0.207884	0.136669	0.0120941	-0.125343	-0.249626	-0.336733	-0.358055	-0.312848	-0.211612	-0.077547	0.0451346	0.146883	0.225059	0.268198	0.277776	0.264364	0.233555	0.198125	0.158655	0.115448	0.0749463	0.037926	-0.00118035	-0.0485755	-0.0911759	-0.120845	-0.127797	-0.111305	-0.0810793	-0.0312347	0.0371542	0.101873	0.171405	0.255932	0.333507	0.412366	0.499138	0.584284	0.657376	0.708426	0.73801	0.73714	0.708884	0.658091	0.578389	0.469918	0.332333	0.172017	0	
0	-0.291604	-0.51667	-0.64976	-0.690314	-0.642409	-0.522724	-0.378716	-0.26086	-0.195345	-0.182972	-0.2154	-0.274295	-0.342636	-0.399729	-0.436791	-0.446538	-0.429902	-0.380441	-0.295247	-0.199956	-0.127035	-0.0875713	-0.0754891	-0.0890028	-0.125165	-0.160717	-0.192545	-0.228329	-0.269658	-0.313096	-0.369301	-0.432569	-0.484188	-0.51614	-0.53281	-0.5351	-0.532581	-0.54122	-0.570135	-0.61191	-0.645403	-0.646911	-0.605237	-0.518523	-0.398958	-0.262725	-0.120782	0.00790254	0.10533	0.156528	0.1541	0.0879161	-0.0310082	-0.160055	-0.270298	-0.337409	-0.337191	-0.271045	-0.147104	0.00916783	0.151327	0.269621	0.36996	0.438609	0.47147	0.477036	0.463888	0.439853	0.404782	0.363525	0.317188	0.264534	0.204181	0.141994	0.0890355	0.0495316	0.0318417	0.0270555	0.0231274	0.0313851	0.0570709	0.0801647	0.107514	0.153096	0.198208	0.246595	0.306929	0.369126	0.420395	0.455787	0.479633	0.486478	0.475184	0.445383	0.391464	0.314751	0.218752	0.11124	0	
0	-0.280593	-0.497381	-0.628202	-0.673064	-0.628972	-0.504333	-0.348266	-0.21539	-0.139685	-0.120982	-0.153019	-0.219299	-0.302323	-0.384761	-0.451388	-0.491439	-0.496376	-0.456194	-0.370452	-0.266204	-0.180058	-0.124384	-0.0890028	-0.0799259	-0.0963183	-0.121548	-0.142902	-0.164888	-0.189951	-0.222426	-0.273997	-0.343891	-0.407995	-0.456715	-0.496177	-0.531614	-0.568427	-0.620758	-0.690461	-0.767492	-0.830501	-0.850772	-0.815543	-0.725613	-0.591546	-0.432126	-0.266379	-0.112928	0.0055516	0.0690824	0.0738658	0.0116842	-0.104157	-0.226947	-0.319175	-0.362248	-0.337412	-0.244713	-0.0947222	0.0852044	0.251877	0.396346	0.517908	0.605421	0.650983	0.663322	0.656772	0.639602	0.61183	0.568742	0.515955	0.456618	0.394897	0.338455	0.290332	0.252329	0.223026	0.195077	0.159703	0.127656	0.107381	0.084006	0.0663449	0.0677805	0.077499	0.0940939	0.117198	0.139915	0.157556	0.169985	0.183407	0.197078	0.200745	0.1897	0.168015	0.134348	0.0910393	0.0466345	0	
0	-0.282856	-0.501447	-0.635725	-0.68536	-0.643337	-0.513714	-0.343638	-0.194043	-0.0985216	-0.0623784	-0.0809266	-0.146191	-0.243693	-0.354501	-0.456921	-0.530015	-0.557408	-0.529656	-0.447903	-0.342177	-0.248422	-0.178349	-0.125165	-0.0963183	-0.097779	-0.111906	-0.120064	-0.124395	-0.135964	-0.160219	-0.211915	-0.281851	-0.347789	-0.402208	-0.457949	-0.522481	-0.599329	-0.689794	-0.794851	-0.903253	-0.991005	-1.02833	-0.999982	-0.905016	-0.759486	-0.586018	-0.404489	-0.237527	-0.110936	-0.0398875	-0.0314235	-0.0896656	-0.195792	-0.301699	-0.371707	-0.386872	-0.335768	-0.220622	-0.0473259	0.157467	0.354757	0.523947	0.666108	0.770063	0.826101	0.840068	0.828442	0.80458	0.769134	0.722875	0.670361	0.615817	0.563858	0.517253	0.475275	0.436175	0.397141	0.349802	0.28804	0.226181	0.169427	0.106781	0.0489542	0.0102271	-0.0169408	-0.0416276	-0.063492	-0.0816486	-0.0961838	-0.102269	-0.0945918	-0.0793816	-0.0667991	-0.0587739	-0.0513582	-0.0413475	-0.0297624	-0.0164597	0	
0	-0.297969	-0.527258	-0.66869	-0.720195	-0.678577	-0.541193	-0.358987	-0.187725	-0.0665638	-0.00156616	0.00285396	-0.0554442	-0.162625	-0.299873	-0.432645	-0.534463	-0.582399	-0.567885	-0.496634	-0.395313	-0.300432	-0.223547	-0.160717	-0.121548	-0.111906	-0.116474	-0.113156	-0.107278	-0.112422	-0.135727	-0.184685	-0.246173	-0.306003	-0.360239	-0.428948	-0.519586	-0.6269	-0.746175	-0.877469	-1.00463	-1.11069	-1.15884	-1.13287	-1.03531	-0.883407	-0.698827	-0.508748	-0.335735	-0.205554	-0.137219	-0.132888	-0.189738	-0.284659	-0.374448	-0.418175	-0.403922	-0.331413	-0.197308	-0.00545669	0.221445	0.442501	0.637753	0.801018	0.920401	0.982627	0.993923	0.980024	0.95003	0.907382	0.851518	0.793771	0.74148	0.698752	0.663203	0.621295	0.571075	0.51597	0.454825	0.379767	0.300318	0.219773	0.133059	0.047488	-0.027272	-0.0900789	-0.153337	-0.2134	-0.260239	-0.295143	-0.316992	-0.324777	-0.317942	-0.301398	-0.277359	-0.237467	-0.187456	-0.132752	-0.0677841	0	
0	-0.319685	-0.564921	-0.711951	-0.762995	-0.714306	-0.56814	-0.368304	-0.173274	-0.0188486	0.0789194	0.109756	0.0610271	-0.0527284	-0.209786	-0.367158	-0.495148	-0.564791	-0.570276	-0.515084	-0.426127	-0.336782	-0.259372	-0.192545	-0.142902	-0.120064	-0.113156	-0.104732	-0.0987583	-0.106992	-0.132547	-0.177044	-0.230118	-0.283576	-0.339436	-0.418518	-0.525431	-0.652591	-0.789748	-0.932055	-1.06841	-1.18034	-1.23177	-1.20818	-1.10644	-0.946481	-0.75309	-0.556401	-0.381845	-0.26196	-0.201953	-0.205235	-0.260161	-0.34407	-0.418003	-0.446531	-0.418564	-0.333525	-0.185858	0.0260515	0.275665	0.523968	0.737613	0.906498	1.02779	1.09545	1.11524	1.10357	1.06991	1.01925	0.954574	0.891351	0.8362	0.793014	0.75446	0.710335	0.658379	0.595814	0.522926	0.434622	0.340984	0.24677	0.151081	0.0531269	-0.0449035	-0.139382	-0.236671	-0.324629	-0.389619	-0.436018	-0.470419	-0.492626	-0.49729	-0.4818	-0.444118	-0.381077	-0.300048	-0.209228	-0.107226	0	
0	-0.344155	-0.607639	-0.762314	-0.810685	-0.752952	-0.592607	-0.372684	-0.148181	0.0397589	0.170868	0.225375	0.189045	0.0750842	-0.0916058	-0.266746	-0.418048	-0.513617	-0.543196	-0.512689	-0.443592	-0.370344	-0.298275	-0.228329	-0.164888	-0.124395	-0.107278	-0.0987583	-0.0971098	-0.107542	-0.130212	-0.170609	-0.218109	-0.272075	-0.333549	-0.422429	-0.543806	-0.686519	-0.832586	-0.976081	-1.10505	-1.20889	-1.25457	-1.22231	-1.11062	-0.940018	-0.741613	-0.548169	-0.388996	-0.284788	-0.236406	-0.243306	-0.294352	-0.370832	-0.442809	-0.472403	-0.439929	-0.346782	-0.182919	0.0480765	0.319299	0.582628	0.803783	0.977111	1.10417	1.17793	1.19932	1.18697	1.14976	1.09349	1.02402	0.957366	0.89927	0.853957	0.808987	0.756674	0.696807	0.63074	0.556996	0.463122	0.364165	0.263731	0.164124	0.0612892	-0.0512883	-0.163219	-0.279436	-0.387109	-0.469823	-0.535351	-0.584364	-0.61321	-0.620116	-0.598931	-0.551145	-0.474252	-0.371539	-0.255848	-0.128999	0	
0	-0.369586	-0.654791	-0.823366	-0.87347	-0.808335	-0.632695	-0.390119	-0.136829	0.0826119	0.240372	0.317411	0.296869	0.194588	0.0301189	-0.152452	-0.322906	-0.441394	-0.498173	-0.495052	-0.45662	-0.406317	-0.343775	-0.269658	-0.189951	-0.135964	-0.112422	-0.106992	-0.107542	-0.111932	-0.129406	-0.165951	-0.213112	-0.270815	-0.338063	-0.438323	-0.573404	-0.727947	-0.877505	-1.01187	-1.12438	-1.21215	-1.23913	-1.19001	-1.05856	-0.876954	-0.679381	-0.500664	-0.361751	-0.28097	-0.246646	-0.265155	-0.323592	-0.404945	-0.482004	-0.511514	-0.471734	-0.364776	-0.187007	0.057582	0.338304	0.610118	0.841734	1.02282	1.15464	1.23265	1.25525	1.2349	1.18539	1.12313	1.05678	0.997469	0.943474	0.892553	0.836383	0.774615	0.705948	0.631885	0.554988	0.467623	0.376099	0.281204	0.183245	0.069556	-0.0554025	-0.175894	-0.296776	-0.409209	-0.505771	-0.589332	-0.652425	-0.684777	-0.687097	-0.659664	-0.605166	-0.522114	-0.411693	-0.283895	-0.142227	0	
0	-0.392477	-0.703366	-0.890543	-0.951968	-0.881031	-0.693379	-0.428591	-0.151045	0.0919389	0.27107	0.366909	0.369271	0.28622	0.135296	-0.0480649	-0.229232	-0.367756	-0.448083	-0.4779	-0.472977	-0.449439	-0.394548	-0.313096	-0.222426	-0.160219	-0.135727	-0.132547	-0.130212	-0.129406	-0.144186	-0.181893	-0.233238	-0.291404	-0.364529	-0.471916	-0.614992	-0.77283	-0.918536	-1.03716	-1.13046	-1.19095	-1.192	-1.11553	-0.966093	-0.776501	-0.587801	-0.424972	-0.309271	-0.251965	-0.241945	-0.283885	-0.362262	-0.459664	-0.542322	-0.570644	-0.519997	-0.395271	-0.198642	0.0569428	0.346185	0.62506	0.861455	1.04531	1.17845	1.25431	1.26962	1.2374	1.18176	1.12114	1.06178	1.01	0.957799	0.906503	0.843402	0.775162	0.702323	0.624005	0.548214	0.465479	0.382738	0.291837	0.186951	0.0670301	-0.0631181	-0.185973	-0.300358	-0.408628	-0.506817	-0.594667	-0.661462	-0.694389	-0.698662	-0.669228	-0.610934	-0.530531	-0.424556	-0.299281	-0.153996	0	
0	-0.411196	-0.744672	-0.957448	-1.03141	-0.962964	-0.764124	-0.485502	-0.190543	0.067952	0.263071	0.378801	0.406528	0.348161	0.214795	0.0372689	-0.148794	-0.300487	-0.405963	-0.467931	-0.499987	-0.500822	-0.452597	-0.369301	-0.273997	-0.211915	-0.184685	-0.177044	-0.170609	-0.165951	-0.181893	-0.225445	-0.279154	-0.342519	-0.420708	-0.534238	-0.678923	-0.833051	-0.965662	-1.06275	-1.12036	-1.141	-1.10428	-1.00413	-0.842859	-0.655468	-0.476765	-0.32843	-0.23453	-0.205596	-0.226801	-0.299859	-0.406418	-0.519906	-0.610975	-0.639726	-0.579177	-0.43549	-0.221797	0.0493044	0.351648	0.634938	0.872219	1.05294	1.17215	1.23086	1.23312	1.19526	1.14282	1.09001	1.03953	0.98853	0.935343	0.882733	0.823604	0.764545	0.694753	0.619258	0.545271	0.464465	0.379432	0.28383	0.175667	0.0534909	-0.067123	-0.179588	-0.289577	-0.39033	-0.479827	-0.559911	-0.619374	-0.649556	-0.658562	-0.632352	-0.57179	-0.493138	-0.395367	-0.28084	-0.146103	0	
0	-0.425489	-0.781752	-1.01755	-1.11073	-1.04636	-0.847487	-0.562501	-0.260093	0.0105424	0.223379	0.363047	0.420612	0.389595	0.27795	0.112231	-0.0702035	-0.232203	-0.35969	-0.454943	-0.520578	-0.545018	-0.510413	-0.432569	-0.343891	-0.281851	-0.246173	-0.230118	-0.218109	-0.213112	-0.233238	-0.279154	-0.341513	-0.409422	-0.49427	-0.610621	-0.752873	-0.89782	-1.01454	-1.0761	-1.08816	-1.05856	-0.984459	-0.862123	-0.69209	-0.501829	-0.329474	-0.19964	-0.136001	-0.144752	-0.206282	-0.313362	-0.443573	-0.57731	-0.678324	-0.708938	-0.644511	-0.486853	-0.254251	0.0302814	0.339166	0.625465	0.862384	1.03236	1.13283	1.17374	1.16552	1.12296	1.072	1.02478	0.977792	0.929933	0.879105	0.829668	0.775895	0.724459	0.666737	0.599174	0.53077	0.452791	0.362238	0.26175	0.15334	0.0464496	-0.0527325	-0.154565	-0.254428	-0.347318	-0.427861	-0.490039	-0.53237	-0.550991	-0.555921	-0.535569	-0.486057	-0.418742	-0.3322	-0.230825	-0.116563	0	
0	-0.433657	-0.803346	-1.05789	-1.16452	-1.11091	-0.918948	-0.640946	-0.337999	-0.0571536	0.176687	0.343377	0.4311	0.426438	0.338366	0.189233	0.0162812	-0.150029	-0.294704	-0.414662	-0.507189	-0.556587	-0.543469	-0.484188	-0.407995	-0.347789	-0.306003	-0.283576	-0.272075	-0.270815	-0.291404	-0.342519	-0.409422	-0.481632	-0.569016	-0.683867	-0.821696	-0.954647	-1.04229	-1.06032	-1.01929	-0.940101	-0.830821	-0.68445	-0.498602	-0.301483	-0.137905	-0.0298541	-0.00103907	-0.0487469	-0.150333	-0.291877	-0.456924	-0.616672	-0.73063	-0.767077	-0.698928	-0.528515	-0.289847	-0.00756328	0.297368	0.575113	0.801368	0.963526	1.05293	1.08169	1.06612	1.02166	0.972603	0.926076	0.882119	0.837468	0.793045	0.751103	0.702219	0.653865	0.599165	0.541394	0.482971	0.408924	0.32204	0.229368	0.131288	0.0416232	-0.032883	-0.113362	-0.194044	-0.26177	-0.319013	-0.366168	-0.392622	-0.395951	-0.395784	-0.381636	-0.349218	-0.306055	-0.240079	-0.158803	-0.076716	0	
0	-0.4347	-0.808974	-1.07136	-1.18772	-1.14717	-0.972022	-0.710235	-0.411665	-0.119636	0.139226	0.335393	0.45255	0.474414	0.409932	0.280767	0.119847	-0.0453373	-0.1997	-0.335428	-0.451621	-0.529935	-0.550106	-0.51614	-0.456715	-0.402208	-0.360239	-0.339436	-0.333549	-0.338063	-0.364529	-0.420708	-0.49427	-0.569016	-0.653919	-0.764533	-0.888068	-0.990508	-1.03337	-0.997775	-0.904519	-0.781772	-0.635535	-0.46241	-0.261678	-0.06346	0.0885391	0.172761	0.172492	0.0923324	-0.0496547	-0.232157	-0.433551	-0.620752	-0.74984	-0.788779	-0.722403	-0.557022	-0.327724	-0.0583298	0.228351	0.488058	0.702111	0.852078	0.927464	0.948039	0.933738	0.896869	0.853962	0.808526	0.760666	0.712642	0.668843	0.626837	0.580894	0.536917	0.489611	0.439517	0.387763	0.324067	0.251165	0.18237	0.112464	0.04858	-0.00185674	-0.0573092	-0.104594	-0.134076	-0.157917	-0.178956	-0.18927	-0.185055	-0.18112	-0.173695	-0.158104	-0.138644	-0.109165	-0.0717839	-0.0334099	0	
0	-0.431027	-0.801914	-1.06523	-1.18828	-1.16547	-1.0146	-0.774793	-0.484429	-0.179739	0.103569	0.33119	0.476724	0.526256	0.485982	0.377187	0.231981	0.0739732	-0.0798611	-0.225123	-0.363491	-0.476551	-0.535909	-0.53281	-0.496177	-0.457949	-0.428948	-0.418518	-0.422429	-0.438323	-0.471916	-0.534238	-0.610621	-0.683867	-0.764533	-0.860624	-0.953052	-1.00716	-0.991791	-0.901571	-0.757663	-0.586375	-0.400397	-0.203277	0.00275764	0.19071	0.326404	0.388202	0.362009	0.247797	0.0660054	-0.152442	-0.381046	-0.585105	-0.718451	-0.763731	-0.713279	-0.566848	-0.359022	-0.113582	0.150311	0.389386	0.579365	0.706498	0.767963	0.786625	0.780659	0.755462	0.715593	0.665958	0.611751	0.558007	0.506223	0.455464	0.407298	0.366682	0.331955	0.294269	0.249946	0.198085	0.151831	0.122218	0.090436	0.064464	0.0512551	0.0315289	0.021965	0.0312262	0.0433669	0.0524897	0.063178	0.0749716	0.0776459	0.0794755	0.0840953	0.0795609	0.063537	0.0402613	0.0180595	0	
0	-0.423947	-0.788333	-1.04892	-1.18158	-1.18033	-1.05846	-0.843768	-0.563163	-0.251491	0.054727	0.310244	0.48638	0.564733	0.549838	0.464339	0.339286	0.198301	0.0533237	-0.0977493	-0.256559	-0.405139	-0.503395	-0.5351	-0.531614	-0.522481	-0.519586	-0.525431	-0.543806	-0.573404	-0.614992	-0.678923	-0.752873	-0.821696	-0.888068	-0.953052	-0.995494	-0.987746	-0.913541	-0.769253	-0.57312	-0.355529	-0.137081	0.0720737	0.269737	0.444003	0.560768	0.596741	0.536776	0.384868	0.165149	-0.0784433	-0.31995	-0.52677	-0.662748	-0.716856	-0.683778	-0.563439	-0.383012	-0.16335	0.0695304	0.272421	0.431106	0.540623	0.597232	0.615026	0.610598	0.587707	0.548768	0.495256	0.432271	0.369058	0.308326	0.254593	0.207459	0.169442	0.138291	0.109415	0.0838685	0.0583105	0.0505901	0.0636448	0.0737365	0.0898478	0.119961	0.148409	0.179574	0.223195	0.268151	0.305897	0.339523	0.361908	0.367094	0.362562	0.346828	0.310594	0.248984	0.168164	0.0831885	0	
0	-0.412578	-0.765587	-1.02507	-1.16718	-1.19101	-1.09575	-0.905317	-0.638908	-0.327104	-0.00947959	0.270265	0.472334	0.579094	0.587865	0.527102	0.425987	0.308321	0.173468	0.0203537	-0.156164	-0.330731	-0.462222	-0.532581	-0.568427	-0.599329	-0.6269	-0.652591	-0.686519	-0.727947	-0.77283	-0.833051	-0.89782	-0.954647	-0.990508	-1.00716	-0.987746	-0.919216	-0.785513	-0.589595	-0.346256	-0.0981854	0.133992	0.337111	0.523248	0.676052	0.769649	0.77176	0.674846	0.486023	0.239489	-0.0212379	-0.267509	-0.473036	-0.610765	-0.670142	-0.652581	-0.556459	-0.402944	-0.215036	-0.0216173	0.145825	0.274539	0.361905	0.408654	0.425298	0.417458	0.388095	0.337642	0.27533	0.210488	0.149787	0.0938853	0.0422364	0.000924251	-0.0294566	-0.0501405	-0.0634593	-0.068797	-0.059343	-0.0246158	0.0270751	0.076308	0.13077	0.202808	0.277863	0.348937	0.424824	0.497852	0.55768	0.603874	0.63463	0.645074	0.629323	0.584064	0.509745	0.409303	0.287938	0.149998	0	
0	-0.396323	-0.738564	-0.994412	-1.15097	-1.1937	-1.1225	-0.950573	-0.702432	-0.400688	-0.0819357	0.212235	0.435092	0.565224	0.596238	0.559632	0.484114	0.384663	0.259116	0.10024	-0.0832826	-0.274159	-0.432467	-0.54122	-0.620758	-0.689794	-0.746175	-0.789748	-0.832586	-0.877505	-0.918536	-0.965662	-1.01454	-1.04229	-1.03337	-0.991791	-0.913541	-0.785513	-0.59926	-0.358328	-0.0911634	0.162542	0.386679	0.578928	0.743519	0.869854	0.929351	0.892111	0.759595	0.542166	0.277643	0.00922649	-0.233901	-0.437463	-0.574836	-0.640468	-0.635231	-0.560627	-0.430374	-0.270429	-0.111383	0.0193592	0.116099	0.184083	0.221079	0.220644	0.192088	0.146238	0.0855293	0.0199364	-0.0445692	-0.0965212	-0.14117	-0.171044	-0.188364	-0.20135	-0.205344	-0.195805	-0.164983	-0.120006	-0.0523578	0.0282488	0.106529	0.196939	0.302694	0.412037	0.515125	0.613606	0.702871	0.772524	0.821121	0.849725	0.855699	0.824098	0.747524	0.642061	0.513972	0.361966	0.190583	0	
0	-0.379284	-0.708695	-0.964344	-1.1305	-1.19072	-1.13395	-0.979735	-0.751183	-0.470279	-0.160542	0.136071	0.372488	0.52064	0.574339	0.563918	0.509609	0.425173	0.300672	0.142084	-0.0413849	-0.23932	-0.41993	-0.570135	-0.690461	-0.794851	-0.877469	-0.932055	-0.976081	-1.01187	-1.03716	-1.06275	-1.0761	-1.06032	-0.997775	-0.901571	-0.769253	-0.589595	-0.358328	-0.0965904	0.1687	0.405937	0.612596	0.782287	0.918093	1.00612	1.02397	0.951039	0.787456	0.548713	0.276867	0.00920697	-0.230456	-0.425053	-0.561048	-0.628838	-0.629483	-0.570932	-0.463875	-0.330183	-0.198865	-0.0945694	-0.0218284	0.0236761	0.038871	0.0148185	-0.0404559	-0.109483	-0.179068	-0.244247	-0.30255	-0.343943	-0.365235	-0.364918	-0.355741	-0.339506	-0.315163	-0.270737	-0.206932	-0.134392	-0.0413002	0.0609724	0.16934	0.2848	0.410874	0.543433	0.660293	0.766741	0.8602	0.924595	0.961945	0.975801	0.958149	0.901332	0.807637	0.688627	0.547337	0.378947	0.193062	0	
0	-0.367663	-0.690381	-0.94527	-1.12177	-1.19224	-1.14885	-1.00788	-0.802805	-0.545555	-0.254735	0.036672	0.278732	0.444082	0.52378	0.539872	0.504584	0.427017	0.304365	0.150785	-0.0257013	-0.224009	-0.425874	-0.61191	-0.767492	-0.903253	-1.00463	-1.06841	-1.10505	-1.12438	-1.13046	-1.12036	-1.08816	-1.01929	-0.904519	-0.757663	-0.57312	-0.346256	-0.0911634	0.1687	0.410307	0.619361	0.796929	0.935122	1.03346	1.07859	1.05567	0.944515	0.751919	0.497586	0.225745	-0.0371849	-0.260708	-0.442486	-0.570246	-0.631892	-0.63288	-0.585392	-0.49284	-0.376176	-0.265454	-0.180498	-0.126753	-0.101331	-0.109597	-0.160716	-0.240247	-0.325958	-0.406716	-0.475743	-0.52666	-0.549569	-0.54947	-0.527922	-0.493287	-0.4484	-0.390994	-0.310901	-0.213957	-0.115778	-0.00862966	0.109636	0.239101	0.371441	0.505484	0.639628	0.758239	0.854717	0.934166	0.990803	1.01094	1.00031	0.957223	0.877431	0.772166	0.651251	0.50783	0.340021	0.169046	0	
0	-0.364686	-0.684434	-0.939219	-1.11977	-1.19868	-1.16544	-1.04028	-0.857284	-0.628179	-0.361218	-0.0855923	0.157005	0.337421	0.445679	0.487199	0.468571	0.397093	0.283613	0.142149	-0.0197273	-0.21628	-0.431738	-0.645403	-0.830501	-0.991005	-1.11069	-1.18034	-1.20889	-1.21215	-1.19095	-1.141	-1.05856	-0.940101	-0.781772	-0.586375	-0.355529	-0.0981854	0.162542	0.405937	0.619361	0.797334	0.938544	1.04036	1.09751	1.09871	1.02674	0.877483	0.658434	0.394462	0.126022	-0.121749	-0.328686	-0.491963	-0.600959	-0.64988	-0.642033	-0.592415	-0.507769	-0.406446	-0.304547	-0.230349	-0.190904	-0.181977	-0.208251	-0.278162	-0.376466	-0.47732	-0.561397	-0.625731	-0.670956	-0.687329	-0.674602	-0.636439	-0.587899	-0.52237	-0.438985	-0.332317	-0.213218	-0.101087	0.0187561	0.149453	0.286036	0.418683	0.547162	0.670915	0.775205	0.854632	0.917713	0.956865	0.958067	0.926062	0.862619	0.778137	0.67626	0.556853	0.425234	0.281725	0.13946	0	
0	-0.370463	-0.692341	-0.944203	-1.12492	-1.20786	-1.18586	-1.07603	-0.913389	-0.711004	-0.469338	-0.214268	0.0267943	0.221659	0.357183	0.422633	0.418252	0.359765	0.26066	0.139542	-0.00913197	-0.19813	-0.41889	-0.646911	-0.850772	-1.02833	-1.15884	-1.23177	-1.25457	-1.23913	-1.192	-1.10428	-0.984459	-0.830821	-0.635535	-0.400397	-0.137081	0.133992	0.386679	0.612596	0.796929	0.938544	1.04166	1.1055	1.1224	1.07638	0.955012	0.768851	0.52482	0.251973	-0.00958635	-0.241284	-0.427036	-0.566919	-0.65791	-0.689123	-0.66566	-0.606505	-0.523974	-0.423685	-0.320964	-0.247909	-0.212712	-0.213904	-0.253533	-0.332028	-0.433085	-0.539061	-0.62539	-0.689851	-0.73046	-0.741819	-0.725963	-0.688276	-0.636933	-0.558948	-0.4624	-0.345491	-0.218561	-0.0979562	0.0248441	0.156793	0.289211	0.40646	0.516799	0.617708	0.698275	0.753822	0.794717	0.817525	0.803866	0.76488	0.704441	0.62901	0.541219	0.436264	0.326987	0.218832	0.111197	0	
