0	0	0	0	0	0	0	0	0	0	0	0	0	0	0	0	0	0	0	0	0	0	0	0	0	0	0	0	0	0	0	0	0	0	0	0	0	0	0	0	0	0	0	0	0	0	0	0	0	0	0	0	0	0	0	0	0	0	0	0	0	0	0	0	0	0	0	0	0	0	0	0	0	0	0	0	0	0	0	0	0	0	0	0	0	0	0	0	0	0	0	0	0	0	0	0	0	0	0	0	
0	0.000391505	-0.00282448	0.00241284	-0.00788501	-0.0067286	0.00968232	0.00420744	-0.00764379	-0.00110079	0.00299014	-0.00495631	-0.0114227	-0.0162645	-0.00338958	0.00882314	-0.00388578	-0.0186147	-0.0190853	-0.0131394	0.00592914	0.0173899	0.00538738	-0.0268046	-0.0596239	-0.0850992	-0.100839	-0.0922357	-0.054609	-0.00619093	0.045497	0.0969613	0.152045	0.190634	0.205163	0.195234	0.174941	0.146431	0.104374	0.0459826	-0.0210033	-0.0807243	-0.115642	-0.127732	-0.112612	-0.0909405	-0.0642767	-0.0404398	-0.0252372	-0.013118	-0.00238306	-0.00108683	0.00393431	0.00806641	0.00169928	-0.000123094	0.00290721	-0.00538265	-0.00443669	0.0139015	0.011317	-0.00431753	-0.00460953	0.00603211	0.00992659	-0.000197923	-0.00142446	0.00925286	0.00777865	-0.000620175	-0.000765927	0.00790897	0.0156906	0.007357	-0.00620045	-0.000622715	0.0157402	0.0235075	0.0206346	0.00662706	-0.0110079	-0.00937313	0.0173998	0.0507163	0.078988	0.100023	0.101748	0.0734898	0.0246246	-0.0298427	-0.0891248	-0.15681	-0.223447	-0.272718	-0.29812	-0.302389	-0.282989	-0.227863	-0.129403	0	
0	-0.00282448	0.00392198	0.00186888	-0.0103059	-0.000151335	0.00778245	-0.00900514	-0.0218248	0.00070028	0.00795964	-0.00505199	-0.0130435	-0.0205979	0.0034509	0.0104669	-0.00972268	-0.038354	-0.0394776	-0.0288603	0.00333186	0.0206212	-0.00204387	-0.064472	-0.122866	-0.175051	-0.198769	-0.182294	-0.106679	-0.0132808	0.0899946	0.19261	0.298117	0.374014	0.398703	0.383221	0.337932	0.283545	0.194333	0.081084	-0.051405	-0.165425	-0.233687	-0.250829	-0.224597	-0.172127	-0.122465	-0.0729172	-0.0409015	-0.0230348	-0.00584962	-0.00577583	-0.000989595	0.0017353	0.00190179	0.00282719	0.00986306	0.00988171	-0.000227312	0.00487818	0.00606315	7.53753e-05	0.00574413	0.0150635	0.00928651	-0.00564659	0.00386515	0.021201	0.011288	-0.0017001	0.00280204	0.0164014	0.0260355	0.0126073	-0.00729989	0.00302136	0.0304059	0.0433611	0.0371036	0.0118704	-0.0171216	-0.0111558	0.0390543	0.102114	0.156617	0.195336	0.195772	0.140079	0.0450961	-0.0628719	-0.181289	-0.314373	-0.443816	-0.539935	-0.590382	-0.598667	-0.558698	-0.448016	-0.253583	0	
0	0.00241284	0.00186888	-0.00176816	-0.00515631	-0.000890364	-0.00492027	-0.013851	-0.00945621	-0.000725405	-0.00230537	-0.00655861	-0.0190151	-0.0216067	0.00128886	0.00264785	-0.0211529	-0.0465334	-0.0526491	-0.0327748	0.00113476	0.0168983	-0.0181734	-0.102002	-0.183161	-0.254448	-0.284333	-0.252207	-0.148502	-0.008559	0.139338	0.296396	0.442795	0.552998	0.587131	0.566401	0.501832	0.414183	0.283521	0.111923	-0.0773975	-0.241995	-0.342852	-0.365218	-0.332048	-0.256322	-0.181799	-0.113622	-0.0620123	-0.0325177	-0.0138222	-0.00149404	-0.00125906	-8.53342e-05	0.00805875	0.00199499	0.00534725	0.0139336	0.0106697	0.00500673	0.00188878	0.01037	0.0132959	0.00749825	0.00831201	0.0077957	0.012242	0.0184543	0.0109339	0.00558235	0.0119395	0.0225209	0.0286533	0.0157386	-0.000208487	0.0134105	0.0429772	0.0564034	0.0464805	0.0158888	-0.013685	0.000624293	0.068358	0.15474	0.23109	0.281041	0.275038	0.193593	0.0572996	-0.102325	-0.279059	-0.47289	-0.658051	-0.796602	-0.871248	-0.882759	-0.819908	-0.653034	-0.367617	0	
0	-0.00788501	-0.0103059	-0.00515631	0.0036876	-0.00028628	-0.00661218	-0.0055971	-0.00103547	-0.011889	-0.0176205	-0.0162196	-0.0266913	-0.0176745	-0.0112808	-0.012704	-0.0300929	-0.0459461	-0.0507753	-0.0265086	-0.0018482	0.00495213	-0.0466549	-0.137563	-0.240218	-0.319072	-0.350427	-0.298559	-0.172376	0.00783197	0.200181	0.404836	0.588279	0.721093	0.769349	0.740142	0.662635	0.535443	0.365194	0.138598	-0.101143	-0.307057	-0.437271	-0.468047	-0.426772	-0.340764	-0.240621	-0.159676	-0.0933788	-0.0480977	-0.0261395	-0.00349749	0.00482632	0.00717273	0.014288	0.0123956	0.00521054	0.00471836	0.00824542	0.00757678	0.0117066	0.0188543	0.0127516	0.00508444	0.0118935	0.0189474	0.0163715	0.013476	0.0142585	0.0172166	0.0215927	0.0255325	0.025651	0.0191871	0.0159015	0.0296007	0.051656	0.0609093	0.0486772	0.0211629	0.00303882	0.0291566	0.107285	0.208729	0.299784	0.352075	0.333828	0.229088	0.0572056	-0.151389	-0.384072	-0.631626	-0.863202	-1.03848	-1.13571	-1.14866	-1.05959	-0.836107	-0.467191	0	
0	-0.0067286	-0.000151335	-0.000890364	-0.00028628	-0.0159409	-0.0170833	0.000551505	-0.00149604	-0.0148262	-0.018607	-0.0168986	-0.0151933	-0.00878554	-0.0275411	-0.0360176	-0.0422598	-0.0526841	-0.0488134	-0.0349398	-0.0242631	-0.0374195	-0.0988575	-0.188227	-0.300243	-0.377328	-0.396521	-0.327372	-0.176913	0.0318659	0.271905	0.511089	0.726683	0.870688	0.931413	0.895786	0.79927	0.634621	0.416793	0.144343	-0.139616	-0.3784	-0.528111	-0.568894	-0.516001	-0.418518	-0.294482	-0.194332	-0.112283	-0.0565783	-0.0249876	-0.00761718	0.00481337	0.00717367	0.00381774	0.0131245	0.00816888	0.00949642	0.0146055	0.0121647	0.0201261	0.0164171	0.00796909	0.0106618	0.0188534	0.0271684	0.0185185	0.00893592	0.0198995	0.0311007	0.0306222	0.0244548	0.0200901	0.0272278	0.0394739	0.0471321	0.054548	0.0576929	0.0469307	0.0319875	0.035144	0.0745342	0.156106	0.263309	0.359055	0.403591	0.368191	0.243005	0.040975	-0.212859	-0.496642	-0.788793	-1.05659	-1.2623	-1.37936	-1.3905	-1.27115	-0.991446	-0.548913	0	
0	0.00968232	0.00778245	-0.00492027	-0.00661218	-0.0170833	-0.0202824	-0.00105758	-0.00670478	-0.0255319	-0.0237965	-0.0161265	-0.00425453	-0.0127779	-0.0427477	-0.0524202	-0.0476564	-0.044044	-0.0407064	-0.0410683	-0.0544452	-0.0940582	-0.156749	-0.24442	-0.351046	-0.417705	-0.417684	-0.330315	-0.16291	0.0729455	0.350082	0.619072	0.85249	1.00612	1.07355	1.03689	0.917358	0.717794	0.453891	0.143375	-0.171289	-0.435727	-0.597533	-0.649058	-0.59289	-0.483858	-0.349564	-0.228869	-0.135777	-0.0710659	-0.0310445	-0.0115833	-0.00120114	0.00504525	0.00512021	0.0115037	0.0134539	0.0192008	0.0222389	0.016422	0.0126813	0.010916	0.0183429	0.020796	0.0221596	0.029576	0.0177849	0.0111115	0.0307514	0.0414476	0.0338788	0.0220616	0.0201774	0.0420122	0.0634656	0.0603889	0.0524066	0.050494	0.046707	0.0530815	0.0826708	0.134165	0.213242	0.316236	0.404418	0.431597	0.376067	0.23298	0.00521839	-0.288574	-0.61555	-0.941773	-1.23599	-1.46572	-1.59822	-1.60265	-1.44882	-1.11473	-0.610607	0	
0	0.00420744	-0.00900514	-0.013851	-0.0055971	0.000551505	-0.00105758	-0.00826366	-0.0243047	-0.033327	-0.0270903	-0.0211964	-0.0130046	-0.0312126	-0.0568371	-0.0618049	-0.043897	-0.0281337	-0.0307818	-0.0493636	-0.093015	-0.15458	-0.215172	-0.298211	-0.384769	-0.43283	-0.407958	-0.304355	-0.123794	0.136428	0.437819	0.729762	0.967555	1.13029	1.19861	1.16275	1.01721	0.784564	0.478777	0.139955	-0.195791	-0.473936	-0.648499	-0.706853	-0.658903	-0.542105	-0.406503	-0.271368	-0.170336	-0.0953277	-0.0468019	-0.0180368	-4.93253e-05	0.0107289	0.0170324	0.0198719	0.0197509	0.0159393	0.0162084	0.0156896	0.0122578	0.0186261	0.0304294	0.0297618	0.0224956	0.0195781	0.0196738	0.0300901	0.042118	0.0393709	0.0313967	0.0258466	0.0320578	0.0600077	0.079367	0.0665774	0.0485604	0.0448905	0.0546293	0.0881787	0.143321	0.203446	0.275217	0.363509	0.431163	0.433595	0.357007	0.197528	-0.0525119	-0.378785	-0.738119	-1.0876	-1.39978	-1.64699	-1.78861	-1.77999	-1.58817	-1.20356	-0.651527	0	
0	-0.00764379	-0.0218248	-0.00945621	-0.00103547	-0.00149604	-0.00670478	-0.0243047	-0.0227903	-0.0156441	-0.0194656	-0.023096	-0.028173	-0.0483815	-0.0695323	-0.0677609	-0.0472816	-0.0311679	-0.0428918	-0.0864376	-0.155013	-0.227134	-0.284941	-0.350325	-0.405549	-0.422677	-0.370203	-0.25188	-0.0558614	0.220039	0.536421	0.836512	1.07294	1.2375	1.30423	1.26107	1.08978	0.820804	0.481332	0.119531	-0.22768	-0.512331	-0.697052	-0.762425	-0.720789	-0.603427	-0.457164	-0.311684	-0.195461	-0.10772	-0.051242	-0.0174706	0.00302667	0.0147591	0.0149207	0.0174106	0.0196128	0.0104524	0.0153511	0.0236012	0.0268673	0.031203	0.0283437	0.0236783	0.018787	0.0232103	0.0395972	0.0440402	0.0366598	0.0345002	0.0358738	0.0382177	0.0511978	0.0744103	0.0838989	0.0672815	0.047088	0.0473898	0.0773083	0.138442	0.212479	0.276585	0.336735	0.399606	0.435287	0.408895	0.311568	0.135872	-0.133023	-0.48172	-0.860668	-1.22351	-1.54681	-1.80449	-1.94696	-1.91826	-1.68661	-1.25776	-0.672447	0	
0	-0.00110079	0.00070028	-0.000725405	-0.011889	-0.0148262	-0.0255319	-0.033327	-0.0156441	-0.00850007	-0.0184994	-0.029706	-0.0424875	-0.0598284	-0.0646032	-0.0602882	-0.0482919	-0.040406	-0.0701311	-0.138041	-0.223498	-0.299347	-0.353525	-0.391858	-0.409632	-0.388343	-0.313185	-0.177664	0.031084	0.314352	0.632925	0.927643	1.16082	1.31939	1.38381	1.3249	1.13162	0.830267	0.468873	0.0950436	-0.251982	-0.536986	-0.724945	-0.800383	-0.765618	-0.651801	-0.501799	-0.346016	-0.219222	-0.121702	-0.0577824	-0.0205339	-0.00268842	0.00900354	0.0115189	0.0116251	0.0217405	0.0240377	0.0264809	0.0303021	0.0296022	0.0260161	0.0241975	0.0278907	0.0265142	0.0357439	0.0521006	0.0431356	0.0309249	0.0371259	0.0455646	0.0572391	0.0723045	0.0795315	0.0782273	0.0667894	0.0531325	0.0651967	0.118874	0.201016	0.284086	0.347387	0.390834	0.418305	0.414419	0.358391	0.240651	0.0481752	-0.234775	-0.593615	-0.979245	-1.34737	-1.67607	-1.93624	-2.06986	-2.01461	-1.74392	-1.27948	-0.675565	0	
0	0.00299014	0.00795964	-0.00230537	-0.0176205	-0.018607	-0.0237965	-0.0270903	-0.0194656	-0.0184994	-0.0326027	-0.0482597	-0.063245	-0.0627304	-0.04636	-0.0500382	-0.049736	-0.0597078	-0.111077	-0.196458	-0.287375	-0.364103	-0.406108	-0.415374	-0.386134	-0.331918	-0.232028	-0.080979	0.138533	0.418776	0.724487	1.00802	1.23045	1.38364	1.43389	1.36105	1.14278	0.82315	0.44848	0.0757194	-0.263253	-0.54227	-0.733125	-0.815435	-0.796982	-0.687278	-0.54237	-0.385019	-0.248185	-0.148422	-0.0762695	-0.0308226	-0.0073649	0.00798619	0.0198734	0.02026	0.0250524	0.029772	0.0305142	0.0317401	0.0283418	0.0238895	0.0264732	0.037003	0.0424263	0.0448365	0.0473582	0.0404672	0.0367789	0.0443509	0.0593013	0.0804697	0.0863378	0.0734838	0.0692805	0.0711459	0.0725832	0.104011	0.178347	0.269516	0.352118	0.409342	0.429285	0.414102	0.368346	0.283804	0.145197	-0.0637968	-0.353514	-0.709336	-1.09041	-1.4577	-1.78615	-2.03961	-2.15447	-2.06818	-1.76243	-1.27304	-0.664218	0	
0	-0.00495631	-0.00505199	-0.00655861	-0.0162196	-0.0168986	-0.0161265	-0.0211964	-0.023096	-0.029706	-0.0482597	-0.0685752	-0.0742628	-0.052944	-0.0388602	-0.0541227	-0.0719581	-0.106023	-0.175483	-0.262226	-0.349568	-0.413849	-0.438528	-0.40653	-0.334313	-0.245897	-0.12287	0.045512	0.268967	0.534757	0.816651	1.08224	1.29126	1.43037	1.46208	1.36703	1.13277	0.799443	0.425552	0.0592572	-0.268539	-0.538693	-0.734988	-0.827051	-0.822982	-0.727478	-0.581644	-0.424968	-0.279385	-0.168625	-0.0902958	-0.039186	-0.00779162	0.00970068	0.023401	0.0288207	0.0339047	0.031816	0.0249832	0.0277815	0.029801	0.0322095	0.0383179	0.0468202	0.0500046	0.0441438	0.042842	0.0443987	0.0456563	0.0583826	0.0817881	0.0960448	0.0838042	0.0640118	0.0678278	0.0863238	0.11073	0.164635	0.249008	0.336525	0.411282	0.454993	0.443786	0.383826	0.298693	0.186778	0.0265834	-0.195864	-0.482608	-0.823478	-1.19172	-1.55319	-1.87475	-2.11154	-2.19908	-2.08058	-1.74699	-1.24437	-0.642443	0	
0	-0.0114227	-0.0130435	-0.0190151	-0.0266913	-0.0151933	-0.00425453	-0.0130046	-0.028173	-0.0424875	-0.063245	-0.0742628	-0.0654096	-0.0497138	-0.0491492	-0.0749419	-0.11608	-0.176863	-0.250261	-0.328936	-0.40056	-0.446476	-0.442405	-0.368251	-0.259836	-0.138163	0.00726754	0.190452	0.408778	0.647772	0.901883	1.14143	1.33654	1.44986	1.46031	1.34083	1.09823	0.76451	0.399228	0.0484934	-0.266439	-0.528806	-0.726781	-0.83466	-0.843764	-0.764015	-0.624094	-0.463253	-0.310875	-0.188708	-0.0971502	-0.0389235	-0.00327098	0.0156143	0.025716	0.0252689	0.02742	0.0322914	0.02923	0.0306312	0.0372176	0.0440785	0.0474248	0.0520021	0.0517576	0.0401678	0.0413279	0.0545487	0.0649695	0.081671	0.0961298	0.0914443	0.0746196	0.0650759	0.0795898	0.117378	0.17062	0.240854	0.320904	0.395937	0.455945	0.475856	0.428216	0.327486	0.207693	0.0685299	-0.112257	-0.341068	-0.614225	-0.931479	-1.28156	-1.632	-1.93851	-2.14915	-2.20401	-2.0561	-1.70448	-1.2003	-0.614441	0	
0	-0.0162645	-0.0205979	-0.0216067	-0.0176745	-0.00878554	-0.0127779	-0.0312126	-0.0483815	-0.0598284	-0.0627304	-0.052944	-0.0497138	-0.0502985	-0.062965	-0.106256	-0.178328	-0.257912	-0.326806	-0.39006	-0.442015	-0.461071	-0.41998	-0.312702	-0.171882	-0.0211491	0.147272	0.336666	0.538475	0.745454	0.965508	1.17903	1.34847	1.43394	1.41467	1.27913	1.03534	0.714394	0.36881	0.0365955	-0.25941	-0.513756	-0.7114	-0.828806	-0.852973	-0.784977	-0.650386	-0.491649	-0.332257	-0.204167	-0.109985	-0.044835	-0.00715002	0.0106519	0.0249851	0.0273183	0.0247758	0.030344	0.0349075	0.0429637	0.0512145	0.0548204	0.0514003	0.0465496	0.0450839	0.0425489	0.0537739	0.0765411	0.0902642	0.0946207	0.0890691	0.0790898	0.0765324	0.0812874	0.1077	0.17015	0.248322	0.320281	0.385393	0.442816	0.478457	0.4643	0.38085	0.247391	0.0968362	-0.0693007	-0.265584	-0.490353	-0.741037	-1.03018	-1.35839	-1.69108	-1.97349	-2.15081	-2.17213	-2.00149	-1.64301	-1.14772	-0.584068	0	
0	-0.00338958	0.0034509	0.00128886	-0.0112808	-0.0275411	-0.0427477	-0.0568371	-0.0695323	-0.0646032	-0.04636	-0.0388602	-0.0491492	-0.062965	-0.0934313	-0.159519	-0.250722	-0.331697	-0.385428	-0.428726	-0.453885	-0.433247	-0.359969	-0.225412	-0.0608548	0.118529	0.301454	0.485825	0.661186	0.833377	1.01836	1.19962	1.33754	1.38806	1.34397	1.19765	0.967074	0.668452	0.349661	0.0408309	-0.239817	-0.483682	-0.684005	-0.812201	-0.850361	-0.799749	-0.672719	-0.516613	-0.357061	-0.222284	-0.123719	-0.0591013	-0.0170394	0.00210533	0.016124	0.0281997	0.0353041	0.0474075	0.0510882	0.0528091	0.0552397	0.0502801	0.0424619	0.0422875	0.0532562	0.0631859	0.0773235	0.0964176	0.0996262	0.0882456	0.077776	0.0790094	0.0924692	0.112868	0.159739	0.244356	0.33024	0.39084	0.437312	0.470373	0.46984	0.417045	0.304465	0.145869	-0.0331556	-0.222766	-0.424559	-0.63441	-0.857638	-1.11739	-1.41963	-1.72617	-1.97626	-2.11729	-2.10914	-1.92526	-1.5709	-1.09272	-0.554429	0	
0	0.00882314	0.0104669	0.00264785	-0.012704	-0.0360176	-0.0524202	-0.0618049	-0.0677609	-0.0602882	-0.0500382	-0.0541227	-0.0749419	-0.106256	-0.159519	-0.235193	-0.32236	-0.387534	-0.420995	-0.438726	-0.420871	-0.361176	-0.258919	-0.106293	0.0808844	0.28158	0.468337	0.634459	0.780048	0.916292	1.06557	1.20662	1.30668	1.32196	1.25827	1.11381	0.904408	0.638164	0.348195	0.0620876	-0.203588	-0.443985	-0.645533	-0.790226	-0.845267	-0.814619	-0.702598	-0.552972	-0.393607	-0.255092	-0.147231	-0.0714543	-0.0216854	0.00984373	0.0296839	0.042845	0.0475069	0.0545735	0.0555455	0.0495808	0.0453763	0.04539	0.0478555	0.0551002	0.0743528	0.0887361	0.0938673	0.0992044	0.0931708	0.0802151	0.0785546	0.0931835	0.123693	0.168836	0.236836	0.325471	0.40152	0.446781	0.470972	0.468393	0.424317	0.337082	0.20341	0.0237288	-0.180276	-0.38409	-0.578755	-0.765892	-0.960791	-1.19061	-1.46102	-1.73266	-1.94541	-2.05246	-2.02315	-1.83664	-1.49574	-1.04006	-0.52766	0	
0	-0.00388578	-0.00972268	-0.0211529	-0.0300929	-0.0422598	-0.0476564	-0.043897	-0.0472816	-0.0482919	-0.049736	-0.0719581	-0.11608	-0.178328	-0.250722	-0.32236	-0.39323	-0.440409	-0.452206	-0.428596	-0.364322	-0.268356	-0.142963	0.0275922	0.234609	0.446959	0.623712	0.766919	0.880591	0.984729	1.09103	1.18739	1.24303	1.22851	1.15287	1.01977	0.838489	0.605407	0.34463	0.076613	-0.177977	-0.415965	-0.622286	-0.777832	-0.849878	-0.832827	-0.731698	-0.582947	-0.42073	-0.271755	-0.155879	-0.0716987	-0.0139259	0.018228	0.0389133	0.0517814	0.0499248	0.0496875	0.0469359	0.0434491	0.0468684	0.0550383	0.0676554	0.0803387	0.0949182	0.0999828	0.0935864	0.0915033	0.0876723	0.0830478	0.0933111	0.125127	0.180997	0.25045	0.32236	0.396085	0.456213	0.483789	0.475522	0.428252	0.343799	0.230814	0.0800778	-0.118234	-0.338392	-0.542337	-0.719037	-0.8806	-1.04818	-1.24573	-1.47709	-1.70728	-1.88284	-1.96337	-1.92368	-1.74439	-1.42353	-0.992861	-0.504901	0	
0	-0.0186147	-0.038354	-0.0465334	-0.0459461	-0.0526841	-0.044044	-0.0281337	-0.0311679	-0.040406	-0.0597078	-0.106023	-0.176863	-0.257912	-0.331697	-0.387534	-0.440409	-0.469592	-0.447321	-0.380353	-0.277749	-0.156469	-0.0120829	0.173302	0.38979	0.595477	0.753321	0.868627	0.953976	1.02164	1.08102	1.12709	1.14154	1.10665	1.03114	0.920256	0.771444	0.575239	0.341528	0.0930095	-0.15288	-0.386471	-0.595639	-0.759758	-0.8438	-0.840041	-0.746753	-0.600573	-0.434697	-0.280199	-0.156261	-0.069549	-0.011469	0.0207254	0.033017	0.0435711	0.0425651	0.0436184	0.0492015	0.0529493	0.0642885	0.0791835	0.0893641	0.0932716	0.100219	0.101054	0.0891843	0.0846715	0.089028	0.100235	0.131182	0.187124	0.263281	0.338175	0.3968	0.450255	0.491441	0.4908	0.439926	0.350316	0.235869	0.102504	-0.0648362	-0.275273	-0.496591	-0.686668	-0.839954	-0.976594	-1.11644	-1.27678	-1.46281	-1.64994	-1.7943	-1.85935	-1.82028	-1.65573	-1.35833	-0.952649	-0.48644	0	
0	-0.0190853	-0.0394776	-0.0526491	-0.0507753	-0.0488134	-0.0407064	-0.0307818	-0.0428918	-0.0701311	-0.111077	-0.175483	-0.250261	-0.326806	-0.385428	-0.420995	-0.452206	-0.447321	-0.38654	-0.284325	-0.156468	-0.0167997	0.144077	0.335795	0.542088	0.728092	0.85891	0.948662	1.00258	1.02932	1.03728	1.03371	1.01714	0.973343	0.912439	0.829376	0.718143	0.5566	0.351325	0.119347	-0.11532	-0.346298	-0.554333	-0.726909	-0.821828	-0.831105	-0.751366	-0.610536	-0.449857	-0.294769	-0.170487	-0.0811052	-0.0233764	0.0113635	0.0278441	0.0392835	0.044649	0.0528391	0.0649165	0.073992	0.0840399	0.0942806	0.102136	0.100612	0.0974193	0.0931995	0.0829698	0.0870382	0.110382	0.146188	0.200529	0.271733	0.349026	0.413285	0.454488	0.485072	0.495704	0.455219	0.363454	0.243046	0.106212	-0.047128	-0.227484	-0.436416	-0.642453	-0.81007	-0.939622	-1.05167	-1.15994	-1.27737	-1.41594	-1.56486	-1.68877	-1.75052	-1.7212	-1.57572	-1.30221	-0.919639	-0.471951	0	
0	-0.0131394	-0.0288603	-0.0327748	-0.0265086	-0.0349398	-0.0410683	-0.0493636	-0.0864376	-0.138041	-0.196458	-0.262226	-0.328936	-0.39006	-0.428726	-0.438726	-0.428596	-0.380353	-0.284325	-0.155592	-0.00671973	0.15249	0.326957	0.508223	0.693222	0.849294	0.956584	1.01858	1.03717	1.0182	0.973527	0.930896	0.89282	0.856946	0.815078	0.766517	0.686949	0.558488	0.374443	0.156399	-0.0730941	-0.302271	-0.515665	-0.694416	-0.80562	-0.827316	-0.761477	-0.629594	-0.470798	-0.316435	-0.189141	-0.096779	-0.0336684	0.00544585	0.027564	0.0493514	0.0600469	0.0696695	0.0846476	0.0935095	0.100928	0.104678	0.102421	0.092951	0.08684	0.0885097	0.0919693	0.115592	0.1643	0.22286	0.288183	0.356615	0.421832	0.471148	0.491223	0.487438	0.455528	0.376229	0.255585	0.113344	-0.044613	-0.215254	-0.396749	-0.587469	-0.767147	-0.910332	-1.01689	-1.10114	-1.17176	-1.24345	-1.33898	-1.46043	-1.57688	-1.64609	-1.6324	-1.50707	-1.25559	-0.893155	-0.460769	0	
0	0.00592914	0.00333186	0.00113476	-0.0018482	-0.0242631	-0.0544452	-0.093015	-0.155013	-0.223498	-0.287375	-0.349568	-0.40056	-0.442015	-0.453885	-0.420871	-0.364322	-0.277749	-0.156468	-0.00671973	0.162671	0.338841	0.508824	0.669147	0.820513	0.950129	1.03149	1.06261	1.03964	0.972385	0.884587	0.813285	0.771943	0.749901	0.736731	0.716689	0.669245	0.564982	0.400434	0.192017	-0.0338804	-0.263549	-0.480808	-0.670052	-0.792256	-0.831063	-0.777535	-0.653152	-0.4985	-0.340021	-0.205781	-0.105349	-0.035024	0.0143815	0.0404607	0.0635507	0.0817371	0.0928151	0.103625	0.105265	0.102038	0.0974374	0.0919646	0.0837348	0.084894	0.105067	0.133965	0.180162	0.245225	0.310841	0.372523	0.4295	0.478052	0.504981	0.491458	0.443533	0.371135	0.264594	0.124118	-0.0383432	-0.214706	-0.390874	-0.556771	-0.717475	-0.867746	-0.987134	-1.06811	-1.11807	-1.14662	-1.1759	-1.23946	-1.34762	-1.46883	-1.55297	-1.5572	-1.45045	-1.21772	-0.872077	-0.452127	0	
0	0.0173899	0.0206212	0.0168983	0.00495213	-0.0374195	-0.0940582	-0.15458	-0.227134	-0.299347	-0.364103	-0.413849	-0.446476	-0.461071	-0.433247	-0.361176	-0.268356	-0.156469	-0.0167997	0.15249	0.338841	0.513115	0.668094	0.794858	0.917995	1.01921	1.07346	1.06633	0.999156	0.890194	0.771759	0.689727	0.654869	0.656294	0.667766	0.676866	0.650808	0.568877	0.416712	0.215956	-0.00736864	-0.238786	-0.459181	-0.653695	-0.788336	-0.833983	-0.792111	-0.671665	-0.515147	-0.354201	-0.212919	-0.102708	-0.0247967	0.0307117	0.0651495	0.0893603	0.0999775	0.101531	0.104392	0.0990728	0.0901785	0.0840161	0.0851901	0.093126	0.115678	0.159408	0.207869	0.263896	0.33186	0.394603	0.445947	0.484726	0.506061	0.497335	0.442833	0.35557	0.254331	0.128373	-0.0306701	-0.210451	-0.39295	-0.5569	-0.694717	-0.822475	-0.944388	-1.03774	-1.08644	-1.09627	-1.08419	-1.08155	-1.12855	-1.23757	-1.37264	-1.47515	-1.49644	-1.40506	-1.18728	-0.855199	-0.445317	0	
0	0.00538738	-0.00204387	-0.0181734	-0.0466549	-0.0988575	-0.156749	-0.215172	-0.284941	-0.353525	-0.406108	-0.438528	-0.442405	-0.41998	-0.359969	-0.258919	-0.142963	-0.0120829	0.144077	0.326957	0.508824	0.668094	0.791874	0.889617	0.981304	1.05268	1.07009	1.02055	0.912404	0.774631	0.642594	0.564443	0.545966	0.571538	0.608555	0.638683	0.633754	0.566259	0.4274	0.232774	0.0113546	-0.218089	-0.441914	-0.639457	-0.779834	-0.834961	-0.796027	-0.6777	-0.518553	-0.348654	-0.199548	-0.0845193	-0.00297001	0.0511585	0.0761864	0.0927494	0.100208	0.0944926	0.0898549	0.0834206	0.0814379	0.0893972	0.109928	0.139786	0.180442	0.237314	0.294453	0.351779	0.414803	0.46659	0.49779	0.50576	0.48792	0.439254	0.350628	0.235781	0.112339	-0.0325196	-0.206823	-0.390992	-0.561084	-0.699274	-0.805871	-0.90273	-0.994952	-1.05545	-1.06493	-1.03441	-0.990872	-0.971949	-1.01834	-1.13936	-1.29303	-1.41372	-1.44917	-1.3693	-1.1628	-0.841465	-0.439784	0	
0	-0.0268046	-0.064472	-0.102002	-0.137563	-0.188227	-0.24442	-0.298211	-0.350325	-0.391858	-0.415374	-0.40653	-0.368251	-0.312702	-0.225412	-0.106293	0.0275922	0.173302	0.335795	0.508223	0.669147	0.794858	0.889617	0.954213	1.01291	1.0437	1.01872	0.927626	0.791055	0.639893	0.512178	0.447378	0.450891	0.499541	0.557827	0.607348	0.61683	0.565743	0.436828	0.251342	0.0354842	-0.191518	-0.411034	-0.609207	-0.752495	-0.809705	-0.778297	-0.662405	-0.504566	-0.338544	-0.190094	-0.0756125	-7.25947e-05	0.0504178	0.0732856	0.0812455	0.0819129	0.0769415	0.0816303	0.0896815	0.103486	0.129763	0.168357	0.212335	0.262675	0.326096	0.384715	0.434819	0.482607	0.51054	0.508009	0.47631	0.419708	0.33954	0.226743	0.0893981	-0.0555147	-0.214892	-0.390623	-0.56036	-0.704298	-0.813117	-0.890724	-0.956385	-1.01261	-1.03261	-1.00138	-0.938546	-0.878753	-0.860311	-0.919054	-1.05853	-1.23143	-1.36759	-1.4134	-1.34134	-1.14299	-0.830086	-0.435154	0	
0	-0.0596239	-0.122866	-0.183161	-0.240218	-0.300243	-0.351046	-0.384769	-0.405549	-0.409632	-0.386134	-0.334313	-0.259836	-0.171882	-0.0608548	0.0808844	0.234609	0.38979	0.542088	0.693222	0.820513	0.917995	0.981304	1.01291	1.02859	1.01319	0.945317	0.824235	0.673734	0.527764	0.413684	0.370699	0.393958	0.46413	0.539213	0.60293	0.626363	0.585536	0.46847	0.288726	0.0769787	-0.146639	-0.368402	-0.56691	-0.717074	-0.783401	-0.759158	-0.652645	-0.501528	-0.33823	-0.195695	-0.0870491	-0.0142915	0.0305407	0.0514055	0.0659071	0.0788279	0.0862496	0.102656	0.126282	0.157241	0.196906	0.247124	0.302046	0.356273	0.41594	0.465133	0.495897	0.513873	0.505783	0.465424	0.398696	0.312475	0.208191	0.0739305	-0.0843922	-0.243883	-0.402579	-0.56115	-0.703497	-0.817982	-0.899321	-0.947572	-0.976261	-0.988985	-0.966259	-0.901554	-0.821329	-0.762316	-0.758218	-0.837166	-0.996866	-1.18665	-1.33438	-1.38685	-1.31952	-1.12686	-0.820551	-0.431207	0	
0	-0.0850992	-0.175051	-0.254448	-0.319072	-0.377328	-0.417705	-0.43283	-0.422677	-0.388343	-0.331918	-0.245897	-0.138163	-0.0211491	0.118529	0.28158	0.446959	0.595477	0.728092	0.849294	0.950129	1.01921	1.05268	1.0437	1.01319	0.953306	0.855221	0.72016	0.575294	0.444737	0.353912	0.330172	0.373033	0.45728	0.544971	0.6185	0.649371	0.618193	0.505665	0.331358	0.119937	-0.105173	-0.328572	-0.534321	-0.692475	-0.769491	-0.758729	-0.662361	-0.518971	-0.363242	-0.220628	-0.109214	-0.0333501	0.0218145	0.0532531	0.0756809	0.099305	0.120492	0.153747	0.192238	0.235006	0.286578	0.343348	0.396938	0.444003	0.489198	0.513845	0.510749	0.491783	0.449047	0.377788	0.283849	0.172709	0.0455845	-0.107452	-0.276866	-0.433752	-0.573738	-0.703831	-0.816479	-0.903328	-0.956109	-0.968804	-0.953274	-0.920516	-0.862112	-0.778735	-0.698451	-0.65456	-0.673266	-0.774953	-0.953105	-1.15592	-1.3113	-1.36737	-1.30254	-1.11376	-0.812591	-0.427851	0	
0	-0.100839	-0.198769	-0.284333	-0.350427	-0.396521	-0.417684	-0.407958	-0.370203	-0.313185	-0.232028	-0.12287	0.00726754	0.147272	0.301454	0.468337	0.623712	0.753321	0.85891	0.956584	1.03149	1.07346	1.07009	1.01872	0.945317	0.855221	0.744118	0.615294	0.487596	0.382055	0.312698	0.30837	0.363202	0.458082	0.552095	0.630226	0.666018	0.636887	0.52878	0.353121	0.140833	-0.0874875	-0.316638	-0.526693	-0.693392	-0.778289	-0.773797	-0.682507	-0.540832	-0.380922	-0.235411	-0.117443	-0.0320196	0.0306684	0.0750674	0.11261	0.152376	0.188534	0.232474	0.282437	0.333519	0.384763	0.436662	0.479799	0.504057	0.51737	0.508744	0.472376	0.421478	0.350229	0.252943	0.134026	-0.000433149	-0.144909	-0.303991	-0.466115	-0.603251	-0.715241	-0.815864	-0.900573	-0.957968	-0.97523	-0.944869	-0.883625	-0.813086	-0.734153	-0.649748	-0.584195	-0.564187	-0.608357	-0.731203	-0.924132	-1.13595	-1.29574	-1.35328	-1.28951	-1.10333	-0.806102	-0.42507	0	
0	-0.0922357	-0.182294	-0.252207	-0.298559	-0.327372	-0.330315	-0.304355	-0.25188	-0.177664	-0.080979	0.045512	0.190452	0.336666	0.485825	0.634459	0.766919	0.868627	0.948662	1.01858	1.06261	1.06633	1.02055	0.927626	0.824235	0.72016	0.615294	0.504221	0.402524	0.320962	0.27281	0.28179	0.346404	0.446932	0.544892	0.626278	0.663398	0.638317	0.530316	0.357051	0.142779	-0.0865461	-0.317503	-0.530822	-0.700459	-0.788976	-0.787507	-0.696905	-0.55169	-0.387886	-0.231726	-0.10216	-0.00407279	0.0746042	0.132232	0.182973	0.234926	0.281049	0.333809	0.385452	0.431414	0.472293	0.502908	0.516531	0.510373	0.493523	0.454447	0.388236	0.309566	0.212456	0.0904361	-0.0500944	-0.198627	-0.344758	-0.491534	-0.631379	-0.741658	-0.825683	-0.898238	-0.952237	-0.972666	-0.946858	-0.872277	-0.77382	-0.681558	-0.600295	-0.529982	-0.488185	-0.494696	-0.562452	-0.70257	-0.906175	-1.12363	-1.2856	-1.3434	-1.27989	-1.09541	-0.801084	-0.422891	0	
0	-0.054609	-0.106679	-0.148502	-0.172376	-0.176913	-0.16291	-0.123794	-0.0558614	0.031084	0.138533	0.268967	0.408778	0.538475	0.661186	0.780048	0.880591	0.953976	1.00258	1.03717	1.03964	0.999156	0.912404	0.791055	0.673734	0.575294	0.487596	0.402524	0.325645	0.266427	0.233726	0.252911	0.323324	0.427156	0.527879	0.610005	0.650041	0.625436	0.521084	0.347745	0.135587	-0.0935062	-0.323264	-0.535193	-0.703525	-0.790091	-0.785338	-0.68883	-0.536947	-0.361401	-0.194641	-0.0518081	0.0599228	0.151049	0.222816	0.282057	0.340135	0.388105	0.433354	0.472725	0.499178	0.513053	0.51689	0.504045	0.467887	0.42062	0.354151	0.261611	0.156556	0.0352911	-0.104992	-0.253917	-0.398611	-0.52902	-0.651815	-0.765026	-0.84889	-0.905214	-0.94568	-0.961035	-0.937531	-0.86837	-0.75877	-0.639905	-0.544877	-0.476817	-0.429745	-0.414331	-0.445185	-0.532082	-0.68494	-0.89569	-1.11645	-1.27936	-1.33694	-1.27338	-1.08994	-0.797583	-0.421357	0	
0	-0.00619093	-0.0132808	-0.008559	0.00783197	0.0318659	0.0729455	0.136428	0.220039	0.314352	0.418776	0.534757	0.647772	0.745454	0.833377	0.916292	0.984729	1.02164	1.02932	1.0182	0.972385	0.890194	0.774631	0.639893	0.527764	0.444737	0.382055	0.320962	0.266427	0.223731	0.202244	0.22876	0.302493	0.409842	0.511381	0.596622	0.637326	0.616746	0.513906	0.344759	0.134728	-0.0899848	-0.316193	-0.522436	-0.68563	-0.765147	-0.75209	-0.647081	-0.482537	-0.296134	-0.116142	0.0382351	0.159991	0.25722	0.329596	0.388568	0.43869	0.471423	0.498757	0.515307	0.51736	0.506518	0.481669	0.439268	0.376311	0.30293	0.209416	0.0907037	-0.0357013	-0.169559	-0.311455	-0.450891	-0.577109	-0.683548	-0.780413	-0.867542	-0.923449	-0.946376	-0.946597	-0.917457	-0.851402	-0.749291	-0.621914	-0.50187	-0.419974	-0.374417	-0.353124	-0.361728	-0.412048	-0.512894	-0.674445	-0.889814	-1.11259	-1.27603	-1.33344	-1.26982	-1.08694	-0.795649	-0.420506	0	
0	0.045497	0.0899946	0.139338	0.200181	0.271905	0.350082	0.437819	0.536421	0.632925	0.724487	0.816651	0.901883	0.965508	1.01836	1.06557	1.09103	1.08102	1.03728	0.973527	0.884587	0.771759	0.642594	0.512178	0.413684	0.353912	0.312698	0.27281	0.233726	0.202244	0.188768	0.219107	0.297245	0.405571	0.511012	0.597255	0.642588	0.624629	0.527473	0.363103	0.160143	-0.0579681	-0.27495	-0.473438	-0.626028	-0.696344	-0.674213	-0.558574	-0.387588	-0.193534	-0.00904679	0.147229	0.266855	0.3601	0.424506	0.46596	0.498042	0.512429	0.517051	0.509614	0.485137	0.446447	0.396016	0.327604	0.236394	0.135791	0.0198401	-0.113744	-0.245551	-0.374849	-0.503073	-0.622123	-0.724634	-0.806328	-0.877211	-0.934908	-0.955445	-0.936776	-0.892581	-0.822553	-0.726089	-0.608914	-0.48271	-0.377069	-0.317619	-0.297096	-0.299048	-0.326553	-0.390704	-0.500788	-0.667982	-0.88649	-1.11084	-1.27497	-1.33264	-1.26913	-1.0864	-0.795315	-0.420362	0	
0	0.0969613	0.19261	0.296396	0.404836	0.511089	0.619072	0.729762	0.836512	0.927643	1.00802	1.08224	1.14143	1.17903	1.19962	1.20662	1.18739	1.12709	1.03371	0.930896	0.813285	0.689727	0.564443	0.447378	0.370699	0.330172	0.30837	0.28179	0.252911	0.22876	0.219107	0.254711	0.334211	0.447343	0.553619	0.644759	0.692065	0.678851	0.585499	0.426375	0.228923	0.0176483	-0.193998	-0.384125	-0.531499	-0.594797	-0.566485	-0.448902	-0.274813	-0.0828794	0.0960585	0.243845	0.352629	0.42877	0.474638	0.501768	0.514054	0.503801	0.483722	0.450718	0.401091	0.335883	0.256633	0.161214	0.0479848	-0.0682605	-0.191898	-0.324231	-0.446305	-0.558893	-0.665922	-0.761969	-0.840387	-0.895435	-0.934891	-0.95484	-0.932433	-0.870096	-0.787721	-0.690887	-0.582685	-0.469045	-0.358626	-0.276033	-0.241466	-0.243445	-0.263398	-0.303974	-0.376848	-0.492502	-0.663354	-0.884375	-1.11046	-1.27581	-1.33434	-1.27123	-1.0883	-0.796574	-0.420924	0	
0	0.152045	0.298117	0.442795	0.588279	0.726683	0.85249	0.967555	1.07294	1.16082	1.23045	1.29126	1.33654	1.34847	1.33754	1.30668	1.24303	1.14154	1.01714	0.89282	0.771943	0.654869	0.545966	0.450891	0.393958	0.373033	0.363202	0.346404	0.323324	0.302493	0.297245	0.334211	0.418517	0.531665	0.641825	0.733021	0.78302	0.770767	0.678993	0.522523	0.327924	0.119079	-0.0882424	-0.278185	-0.422106	-0.485621	-0.460054	-0.344645	-0.179652	0.00221216	0.170018	0.303628	0.395638	0.457615	0.485437	0.48625	0.473615	0.440508	0.395851	0.335977	0.257836	0.167149	0.0675975	-0.0438161	-0.165688	-0.281926	-0.398796	-0.517543	-0.620704	-0.712487	-0.797649	-0.869293	-0.918925	-0.939714	-0.939527	-0.916111	-0.851334	-0.754232	-0.649669	-0.545295	-0.443477	-0.346846	-0.259591	-0.201821	-0.189621	-0.208977	-0.24107	-0.289488	-0.367081	-0.485751	-0.659164	-0.882669	-1.11099	-1.27828	-1.3384	-1.27603	-1.09257	-0.799377	-0.422167	0	
0	0.190634	0.374014	0.552998	0.721093	0.870688	1.00612	1.13029	1.2375	1.31939	1.38364	1.43037	1.44986	1.43394	1.38806	1.32196	1.22851	1.10665	0.973343	0.856946	0.749901	0.656294	0.571538	0.499541	0.46413	0.45728	0.458082	0.446932	0.427156	0.409842	0.405571	0.447343	0.531665	0.648031	0.756106	0.847719	0.894979	0.879497	0.784874	0.624325	0.427309	0.216017	0.00395985	-0.187214	-0.335975	-0.402509	-0.379893	-0.272834	-0.115675	0.054711	0.205617	0.320834	0.393721	0.42969	0.432048	0.413458	0.377319	0.316635	0.244664	0.160986	0.0649303	-0.040225	-0.14849	-0.260038	-0.375796	-0.481078	-0.582157	-0.681849	-0.764871	-0.834664	-0.893536	-0.933578	-0.946029	-0.92533	-0.882701	-0.819984	-0.724424	-0.610018	-0.50274	-0.408096	-0.32484	-0.251232	-0.187793	-0.151934	-0.157211	-0.188336	-0.227389	-0.279578	-0.359042	-0.47911	-0.654622	-0.880932	-1.11215	-1.28219	-1.34464	-1.28338	-1.09907	-0.803626	-0.424039	0	
0	0.205163	0.398703	0.587131	0.769349	0.931413	1.07355	1.19861	1.30423	1.38381	1.43389	1.46208	1.46031	1.41467	1.34397	1.25827	1.15287	1.03114	0.912439	0.815078	0.736731	0.667766	0.608555	0.557827	0.539213	0.544971	0.552095	0.544892	0.527879	0.511381	0.511012	0.553619	0.641825	0.756106	0.863805	0.951384	0.993807	0.972981	0.870535	0.705335	0.502936	0.286018	0.071026	-0.127605	-0.279608	-0.351841	-0.338483	-0.240134	-0.0984899	0.0527629	0.184939	0.278409	0.326662	0.342544	0.322025	0.274635	0.212298	0.131524	0.0454871	-0.0494382	-0.153409	-0.257904	-0.359789	-0.463379	-0.565515	-0.652716	-0.736255	-0.816065	-0.874005	-0.91439	-0.939134	-0.93989	-0.909792	-0.848086	-0.771078	-0.68351	-0.575462	-0.462695	-0.368702	-0.294376	-0.234293	-0.183254	-0.13999	-0.121104	-0.138678	-0.176718	-0.218747	-0.271822	-0.351273	-0.4718	-0.649348	-0.878952	-1.11375	-1.2873	-1.35284	-1.29304	-1.10761	-0.80917	-0.426459	0	
0	0.195234	0.383221	0.566401	0.740142	0.895786	1.03689	1.16275	1.26107	1.3249	1.36105	1.36703	1.34083	1.27913	1.19765	1.11381	1.01977	0.920256	0.829376	0.766517	0.716689	0.676866	0.638683	0.607348	0.60293	0.6185	0.630226	0.626278	0.610005	0.596622	0.597255	0.644759	0.733021	0.847719	0.951384	1.0337	1.06946	1.03766	0.926668	0.750543	0.539651	0.314692	0.088926	-0.116721	-0.277785	-0.358784	-0.353061	-0.268236	-0.142358	-0.00841334	0.100199	0.168877	0.194784	0.184069	0.140335	0.0798818	0.00726195	-0.0816074	-0.173559	-0.268979	-0.366179	-0.46274	-0.553717	-0.64092	-0.725657	-0.795303	-0.856582	-0.907484	-0.932551	-0.936499	-0.920576	-0.87976	-0.811927	-0.721025	-0.626409	-0.532657	-0.429767	-0.332779	-0.260843	-0.209938	-0.171584	-0.138833	-0.110487	-0.103637	-0.129197	-0.170489	-0.212687	-0.264728	-0.342976	-0.463477	-0.643231	-0.876645	-1.11563	-1.29339	-1.36271	-1.30472	-1.11792	-0.815804	-0.429322	0	
0	0.174941	0.337932	0.501832	0.662635	0.79927	0.917358	1.01721	1.08978	1.13162	1.14278	1.13277	1.09823	1.03534	0.967074	0.904408	0.838489	0.771444	0.718143	0.686949	0.669245	0.650808	0.633754	0.61683	0.626363	0.649371	0.666018	0.663398	0.650041	0.637326	0.642588	0.692065	0.78302	0.894979	0.993807	1.06946	1.09363	1.05121	0.925376	0.73822	0.516491	0.279391	0.045122	-0.172747	-0.342297	-0.431966	-0.438566	-0.366767	-0.257669	-0.145177	-0.0558617	-0.00492822	0.00324661	-0.0174234	-0.0682681	-0.136217	-0.213928	-0.302802	-0.387435	-0.47352	-0.561506	-0.643443	-0.717598	-0.789872	-0.853349	-0.894034	-0.924525	-0.940758	-0.926072	-0.8893	-0.835573	-0.762912	-0.67186	-0.56954	-0.475852	-0.391939	-0.305839	-0.231256	-0.18299	-0.153135	-0.131806	-0.111855	-0.0934642	-0.0947618	-0.125207	-0.167205	-0.207695	-0.257472	-0.333794	-0.454079	-0.636321	-0.873998	-1.11763	-1.30015	-1.37388	-1.31803	-1.12963	-0.82327	-0.432495	0	
0	0.146431	0.283545	0.414183	0.535443	0.634621	0.717794	0.784564	0.820804	0.830267	0.82315	0.799443	0.76451	0.714394	0.668452	0.638164	0.605407	0.575239	0.5566	0.558488	0.564982	0.568877	0.566259	0.565743	0.585536	0.618193	0.636887	0.638317	0.625436	0.616746	0.624629	0.678851	0.770767	0.879497	0.972981	1.03766	1.05121	0.99149	0.851363	0.649142	0.413897	0.165688	-0.0817184	-0.309072	-0.485948	-0.58319	-0.594727	-0.530373	-0.43232	-0.328794	-0.250612	-0.211203	-0.209006	-0.236286	-0.291005	-0.355451	-0.426677	-0.505209	-0.580445	-0.656541	-0.728864	-0.794391	-0.849062	-0.893389	-0.924471	-0.932682	-0.926972	-0.902008	-0.848807	-0.780537	-0.70209	-0.613471	-0.517171	-0.420959	-0.342228	-0.277048	-0.21185	-0.159808	-0.132115	-0.118313	-0.108527	-0.0964127	-0.084218	-0.0910809	-0.124384	-0.165368	-0.202913	-0.249657	-0.323644	-0.443723	-0.628776	-0.871034	-1.11956	-1.30723	-1.38589	-1.3325	-1.14232	-0.831256	-0.435824	0	
0	0.104374	0.194333	0.283521	0.365194	0.416793	0.453891	0.478777	0.481332	0.468873	0.44848	0.425552	0.399228	0.36881	0.349661	0.348195	0.34463	0.341528	0.351325	0.374443	0.400434	0.416712	0.4274	0.436828	0.46847	0.505665	0.52878	0.530316	0.521084	0.513906	0.527473	0.585499	0.678993	0.784874	0.870535	0.926668	0.925376	0.851363	0.695214	0.479841	0.235227	-0.0235264	-0.276583	-0.50916	-0.687054	-0.782761	-0.792799	-0.730109	-0.6337	-0.535766	-0.463282	-0.425931	-0.425085	-0.449566	-0.498483	-0.555008	-0.618285	-0.688166	-0.749303	-0.806849	-0.858475	-0.896753	-0.919603	-0.93316	-0.928929	-0.897207	-0.854684	-0.797902	-0.719027	-0.633418	-0.547167	-0.46041	-0.374085	-0.295106	-0.23777	-0.193119	-0.147285	-0.11411	-0.101952	-0.0988709	-0.0958711	-0.0878883	-0.0795041	-0.0904652	-0.125341	-0.164113	-0.197895	-0.241146	-0.312617	-0.432648	-0.620827	-0.867797	-1.1212	-1.31421	-1.39821	-1.34752	-1.15546	-0.839395	-0.439134	0	
0	0.0459826	0.081084	0.111923	0.138598	0.144343	0.143375	0.139955	0.119531	0.0950436	0.0757194	0.0592572	0.0484934	0.0365955	0.0408309	0.0620876	0.076613	0.0930095	0.119347	0.156399	0.192017	0.215956	0.232774	0.251342	0.288726	0.331358	0.353121	0.357051	0.347745	0.344759	0.363103	0.426375	0.522523	0.624325	0.705335	0.750543	0.73822	0.649142	0.479841	0.255536	0.00309377	-0.259026	-0.514323	-0.745947	-0.917075	-1.00536	-1.00774	-0.937792	-0.839847	-0.740978	-0.667116	-0.629895	-0.625894	-0.645831	-0.687077	-0.732935	-0.783911	-0.832873	-0.870207	-0.90328	-0.924658	-0.93079	-0.92073	-0.896911	-0.854805	-0.793646	-0.728353	-0.651864	-0.562565	-0.477883	-0.399921	-0.326659	-0.258077	-0.200553	-0.164766	-0.137492	-0.106575	-0.0874658	-0.0859045	-0.0891107	-0.089404	-0.0831659	-0.0773593	-0.0917222	-0.127299	-0.162953	-0.192426	-0.231953	-0.30092	-0.421187	-0.612759	-0.864334	-1.12231	-1.32061	-1.4102	-1.36241	-1.16843	-0.84727	-0.442234	0	
0	-0.0210033	-0.051405	-0.0773975	-0.101143	-0.139616	-0.171289	-0.195791	-0.22768	-0.251982	-0.263253	-0.268539	-0.266439	-0.25941	-0.239817	-0.203588	-0.177977	-0.15288	-0.11532	-0.0730941	-0.0338804	-0.00736864	0.0113546	0.0354842	0.0769787	0.119937	0.140833	0.142779	0.135587	0.134728	0.160143	0.228923	0.327924	0.427309	0.502936	0.539651	0.516491	0.413897	0.235227	0.00309377	-0.251116	-0.514322	-0.767155	-0.992473	-1.15251	-1.22959	-1.21732	-1.14012	-1.03575	-0.932056	-0.856519	-0.814913	-0.802614	-0.811815	-0.839975	-0.866045	-0.892583	-0.915856	-0.925872	-0.927584	-0.915133	-0.885937	-0.842034	-0.790946	-0.726307	-0.64771	-0.572389	-0.493794	-0.41131	-0.339561	-0.277852	-0.223266	-0.174293	-0.136852	-0.118611	-0.103534	-0.0827763	-0.0734899	-0.0785893	-0.084884	-0.0861919	-0.0803844	-0.0767483	-0.0942517	-0.129816	-0.161599	-0.186426	-0.222193	-0.288848	-0.409752	-0.604902	-0.860692	-1.12261	-1.32588	-1.4211	-1.37633	-1.18051	-0.854412	-0.444917	0	
0	-0.0807243	-0.165425	-0.241995	-0.307057	-0.3784	-0.435727	-0.473936	-0.512331	-0.536986	-0.54227	-0.538693	-0.528806	-0.513756	-0.483682	-0.443985	-0.415965	-0.386471	-0.346298	-0.302271	-0.263549	-0.238786	-0.218089	-0.191518	-0.146639	-0.105173	-0.0874875	-0.0865461	-0.0935062	-0.0899848	-0.0579681	0.0176483	0.119079	0.216017	0.286018	0.314692	0.279391	0.165688	-0.0235264	-0.259026	-0.514322	-0.775073	-1.02157	-1.23647	-1.38142	-1.43947	-1.41173	-1.32051	-1.20535	-1.09553	-1.01157	-0.958793	-0.932863	-0.925779	-0.928515	-0.927461	-0.930095	-0.922704	-0.899506	-0.869468	-0.827	-0.773016	-0.710197	-0.643479	-0.567723	-0.488857	-0.420786	-0.351656	-0.283805	-0.230958	-0.18851	-0.151831	-0.119339	-0.0978976	-0.0921582	-0.0842149	-0.0697788	-0.0672448	-0.0762402	-0.0835223	-0.0844899	-0.0785639	-0.0772224	-0.0977765	-0.132609	-0.159859	-0.179891	-0.212054	-0.27678	-0.398827	-0.597617	-0.856906	-1.12177	-1.32939	-1.43007	-1.38835	-1.19089	-0.860308	-0.446968	0	
