0	0	0	0	0	0	0	0	0	0	0	0	0	0	0	0	0	0	0	0	0	0	0	0	0	0	0	0	0	0	0	0	0	0	0	0	0	0	0	0	0	0	0	0	0	0	0	0	0	0	0	0	0	0	0	0	0	0	0	0	0	0	0	0	0	0	0	0	0	0	0	0	0	0	0	0	0	0	0	0	0	0	0	0	0	0	0	0	0	0	0	0	0	0	0	0	0	0	0	0	
0	0.00164775	0.00567317	0.0100804	0.016091	0.0188506	0.022315	0.0249994	0.0279231	0.0289455	0.02697	0.0237371	0.0167428	0.00998097	0.00684454	0.0141004	0.0294175	0.0509483	0.0763194	0.106131	0.136401	0.162625	0.181304	0.189932	0.186964	0.170338	0.136162	0.0845439	0.0222352	-0.0411858	-0.0962282	-0.138699	-0.163431	-0.173786	-0.175153	-0.168461	-0.151825	-0.131869	-0.109369	-0.0876325	-0.0656721	-0.0447923	-0.0200393	0.00868934	0.0401852	0.0714028	0.103143	0.127671	0.143189	0.142648	0.127004	0.104451	0.0797911	0.0573665	0.0411998	0.0294274	0.0223534	0.0204997	0.0199794	0.0200561	0.0216877	0.0214609	0.0186178	0.0185113	0.0202249	0.0239718	0.0268611	0.0279914	0.0285393	0.0306259	0.0275182	0.0192944	0.0111257	0.000211158	-0.0118259	-0.0263535	-0.0431279	-0.0591022	-0.0758266	-0.0959189	-0.115174	-0.130054	-0.138852	-0.136685	-0.119112	-0.0837496	-0.0290305	0.0428322	0.120432	0.197075	0.265235	0.312162	0.3332	0.328034	0.300503	0.253624	0.193833	0.130927	0.0659896	0	
0	0.00567317	0.0146199	0.0266308	0.0386381	0.0469629	0.0539562	0.0605542	0.0671051	0.0689852	0.0659375	0.0587133	0.045234	0.0313691	0.0253927	0.0390401	0.0699498	0.110832	0.16148	0.217819	0.275837	0.324963	0.357296	0.371758	0.361965	0.327326	0.260568	0.160662	0.0430532	-0.0746473	-0.176315	-0.251979	-0.296065	-0.314384	-0.318132	-0.308178	-0.281212	-0.245526	-0.20483	-0.163263	-0.120967	-0.0788299	-0.0341572	0.0199257	0.0758344	0.13111	0.188446	0.237929	0.269817	0.276787	0.257716	0.223667	0.183381	0.145218	0.112323	0.0803586	0.0558891	0.043257	0.0362888	0.0339192	0.0367021	0.0389793	0.0396025	0.043626	0.0483691	0.0522348	0.0552404	0.0527377	0.0491017	0.0512194	0.0447792	0.0332334	0.0199723	0.00270819	-0.0179472	-0.0468248	-0.0816748	-0.120254	-0.157526	-0.197493	-0.232802	-0.255053	-0.263385	-0.246206	-0.199262	-0.124428	-0.0203748	0.10937	0.245986	0.377902	0.494416	0.575878	0.613545	0.605521	0.559652	0.479617	0.371215	0.253471	0.130333	0	
0	0.0100804	0.0266308	0.0447614	0.066653	0.0794517	0.0930967	0.104408	0.116051	0.121559	0.117849	0.109214	0.0896279	0.0703328	0.0612363	0.0815777	0.124431	0.184117	0.253361	0.332916	0.411459	0.475816	0.516815	0.529108	0.510154	0.456803	0.360073	0.221551	0.0604616	-0.0972542	-0.228294	-0.325092	-0.378101	-0.400241	-0.407712	-0.401371	-0.371998	-0.33221	-0.28127	-0.226744	-0.166971	-0.109202	-0.044032	0.0273193	0.100779	0.171808	0.24864	0.31593	0.37146	0.395327	0.385096	0.355675	0.312755	0.262395	0.212936	0.161555	0.115104	0.0831279	0.0616236	0.0521704	0.0572978	0.0650549	0.068154	0.0757715	0.0827572	0.0881652	0.0859073	0.0757145	0.0652741	0.0639608	0.0544344	0.0366771	0.0218063	-0.000295999	-0.0292209	-0.0710316	-0.124946	-0.180218	-0.235788	-0.293384	-0.336689	-0.35505	-0.34622	-0.303134	-0.223608	-0.110572	0.0339502	0.203117	0.370473	0.527459	0.666077	0.761798	0.80778	0.803015	0.751981	0.653782	0.515577	0.358285	0.184694	0	
0	0.016091	0.0386381	0.066653	0.0953799	0.116419	0.134799	0.152225	0.169561	0.178257	0.176009	0.165046	0.141481	0.117023	0.106884	0.132266	0.188531	0.261475	0.349015	0.443369	0.536105	0.607894	0.64661	0.651852	0.617492	0.545144	0.425433	0.258118	0.0707203	-0.107174	-0.251147	-0.3516	-0.405331	-0.428279	-0.442389	-0.446253	-0.426306	-0.390308	-0.338989	-0.277726	-0.208384	-0.137216	-0.0629431	0.0220475	0.10591	0.188236	0.280189	0.370843	0.44708	0.492086	0.498815	0.479095	0.440383	0.391231	0.335399	0.266797	0.202409	0.155773	0.122583	0.10377	0.101584	0.103405	0.103789	0.110175	0.116208	0.118306	0.115432	0.101947	0.0868097	0.0834495	0.0672486	0.0429529	0.0172039	-0.0150069	-0.053446	-0.107674	-0.173022	-0.241406	-0.302316	-0.359648	-0.397437	-0.401464	-0.373716	-0.302266	-0.189599	-0.0483702	0.1174	0.300833	0.474946	0.632078	0.769433	0.866326	0.914792	0.912749	0.866201	0.767839	0.615811	0.434437	0.228264	0	
0	0.0188506	0.0469629	0.0794517	0.116419	0.141325	0.16573	0.187937	0.211411	0.225496	0.225207	0.215187	0.189088	0.16332	0.153062	0.18642	0.252222	0.340287	0.438576	0.545733	0.645369	0.71756	0.751271	0.743545	0.695241	0.607427	0.470353	0.287577	0.0860229	-0.0990382	-0.241337	-0.337834	-0.384123	-0.404495	-0.423784	-0.439195	-0.430757	-0.405932	-0.360901	-0.30406	-0.233968	-0.164125	-0.0853848	0.00231823	0.0920594	0.181793	0.288152	0.393757	0.493941	0.558628	0.57959	0.572913	0.544332	0.50011	0.448591	0.384955	0.318973	0.266172	0.222469	0.190779	0.175897	0.164845	0.149729	0.144101	0.144654	0.148748	0.147381	0.13493	0.120326	0.115071	0.0923648	0.0530425	0.0128183	-0.0358409	-0.0895604	-0.153641	-0.224161	-0.285829	-0.336458	-0.380762	-0.398899	-0.381814	-0.330875	-0.241238	-0.117722	0.0304328	0.198349	0.379037	0.541938	0.685286	0.812341	0.900261	0.94594	0.948961	0.909145	0.814801	0.661986	0.472113	0.248987	0	
0	0.022315	0.0539562	0.0930967	0.134799	0.16573	0.193283	0.220517	0.249084	0.267637	0.269839	0.259446	0.232308	0.204819	0.197034	0.235268	0.312551	0.409115	0.518632	0.630952	0.733525	0.801874	0.825155	0.805333	0.74349	0.644157	0.49928	0.308632	0.105047	-0.0770085	-0.211211	-0.29499	-0.330616	-0.343461	-0.362622	-0.3846	-0.385175	-0.369701	-0.336275	-0.290829	-0.235415	-0.178176	-0.113158	-0.0316467	0.0561339	0.151476	0.268368	0.393532	0.510467	0.591697	0.627728	0.633821	0.620378	0.596514	0.564499	0.512011	0.454935	0.404784	0.356368	0.31115	0.277071	0.243651	0.208948	0.189831	0.182463	0.181913	0.180817	0.169698	0.154783	0.147833	0.117525	0.0672622	0.0107202	-0.0521413	-0.115439	-0.185999	-0.25466	-0.306883	-0.335694	-0.351973	-0.3426	-0.299945	-0.23313	-0.134846	-0.0107403	0.125341	0.272323	0.427672	0.565997	0.686913	0.796005	0.874592	0.914936	0.915747	0.880404	0.792607	0.644997	0.461583	0.245204	0	
0	0.0249994	0.0605542	0.104408	0.152225	0.187937	0.220517	0.252809	0.288262	0.312896	0.319039	0.309859	0.281747	0.253959	0.245218	0.286893	0.365625	0.4664	0.574556	0.685447	0.781533	0.840014	0.851866	0.819906	0.749884	0.646856	0.500685	0.313835	0.114465	-0.0571707	-0.176319	-0.242766	-0.258654	-0.255131	-0.263776	-0.281379	-0.286193	-0.280824	-0.264896	-0.245579	-0.218285	-0.191362	-0.150694	-0.0861882	-0.00526957	0.0908917	0.2186	0.357915	0.495866	0.597126	0.651907	0.678602	0.687937	0.687075	0.678219	0.649362	0.604376	0.55739	0.504494	0.449573	0.401539	0.35402	0.304197	0.267708	0.246699	0.236063	0.225413	0.203121	0.177705	0.16167	0.124067	0.0661757	0.0036276	-0.0635969	-0.128936	-0.194965	-0.253181	-0.286303	-0.291985	-0.280566	-0.239872	-0.17226	-0.0869872	0.0154109	0.124818	0.234248	0.34643	0.464222	0.56449	0.651299	0.73479	0.792079	0.817211	0.810479	0.771393	0.687892	0.554199	0.393069	0.208783	0	
0	0.0279231	0.0671051	0.116051	0.169561	0.211411	0.249084	0.288262	0.330998	0.363538	0.374324	0.366126	0.337215	0.305584	0.294076	0.329122	0.402532	0.493092	0.590742	0.686952	0.768237	0.810601	0.808762	0.766982	0.693888	0.592874	0.455161	0.277731	0.0929166	-0.0620573	-0.158117	-0.196477	-0.183254	-0.151248	-0.136838	-0.143958	-0.148658	-0.157852	-0.170418	-0.188428	-0.205958	-0.221882	-0.216051	-0.175484	-0.106124	-0.00744847	0.129951	0.289602	0.451638	0.580223	0.663437	0.717303	0.753893	0.779281	0.791454	0.77431	0.740389	0.699786	0.650823	0.596301	0.54709	0.494295	0.433561	0.384608	0.346775	0.315158	0.279713	0.234491	0.189929	0.157978	0.111064	0.0486383	-0.0132023	-0.0719175	-0.123498	-0.174265	-0.21476	-0.225528	-0.20479	-0.166655	-0.101975	-0.0135871	0.0823208	0.183863	0.281656	0.364575	0.437822	0.507621	0.558734	0.598911	0.638551	0.661032	0.657137	0.627426	0.578353	0.498726	0.386943	0.267887	0.14126	0	
0	0.0289455	0.0689852	0.121559	0.178257	0.225496	0.267637	0.312896	0.363538	0.403211	0.418934	0.410624	0.378169	0.34084	0.31931	0.341946	0.398106	0.470393	0.547155	0.623306	0.685257	0.712723	0.700505	0.655577	0.585696	0.493645	0.367497	0.206366	0.037446	-0.0934993	-0.160896	-0.162894	-0.110077	-0.0408434	0.00170176	0.011376	0.001198	-0.0270958	-0.0747952	-0.139622	-0.207626	-0.270398	-0.30627	-0.294532	-0.24062	-0.145558	0.00222378	0.184855	0.378582	0.542655	0.660519	0.742991	0.801305	0.842533	0.865773	0.860997	0.833802	0.800883	0.763645	0.723089	0.68333	0.636399	0.577484	0.516243	0.459759	0.404704	0.345914	0.275795	0.207302	0.157406	0.101018	0.0387796	-0.0178305	-0.0641308	-0.0964783	-0.121626	-0.133578	-0.118921	-0.0769236	-0.0185715	0.0613772	0.155461	0.253559	0.350726	0.431751	0.489471	0.529235	0.557536	0.560315	0.545082	0.528451	0.496836	0.446595	0.386881	0.324908	0.255855	0.179155	0.114432	0.0603422	0	
0	0.02697	0.0659375	0.117849	0.176009	0.225207	0.269839	0.319039	0.374324	0.418934	0.436011	0.423037	0.38305	0.332353	0.295396	0.295419	0.326809	0.373392	0.426162	0.482273	0.530481	0.550693	0.540577	0.503167	0.446936	0.369581	0.259641	0.113702	-0.036094	-0.146246	-0.183519	-0.149062	-0.0576603	0.0474075	0.119054	0.139805	0.126781	0.0776141	-0.00403294	-0.110269	-0.22486	-0.334403	-0.408015	-0.427996	-0.394336	-0.303698	-0.149846	0.0512996	0.272895	0.469737	0.617521	0.723424	0.799068	0.850902	0.879404	0.878351	0.861978	0.842735	0.821704	0.797766	0.774469	0.74036	0.684174	0.621708	0.558497	0.492717	0.416434	0.329371	0.24874	0.186145	0.124975	0.0615088	0.0114825	-0.0186547	-0.0304227	-0.0316257	-0.0189472	0.0223645	0.0853564	0.155184	0.237878	0.327028	0.411107	0.487406	0.547427	0.58198	0.593646	0.584837	0.543895	0.479771	0.407195	0.323672	0.232027	0.144329	0.0754189	0.0224169	-0.0163958	-0.0259832	-0.0136959	0	
0	0.0237371	0.0587133	0.109214	0.165046	0.215187	0.259446	0.309859	0.366126	0.410624	0.423037	0.398793	0.34174	0.269609	0.206457	0.174638	0.173534	0.189546	0.219509	0.261038	0.304015	0.330371	0.332933	0.314198	0.277525	0.217497	0.122848	-0.00682361	-0.140981	-0.227915	-0.238977	-0.171448	-0.0485047	0.0830297	0.170897	0.19939	0.176541	0.111839	0.00720593	-0.126339	-0.272985	-0.411663	-0.517494	-0.564444	-0.549492	-0.468877	-0.315524	-0.102153	0.135828	0.351064	0.516867	0.634736	0.71877	0.779962	0.820177	0.835444	0.832466	0.825339	0.818828	0.81038	0.798287	0.774259	0.73275	0.678781	0.62111	0.558141	0.485587	0.400258	0.316151	0.249823	0.188566	0.130929	0.086736	0.0651359	0.0681831	0.0863942	0.120894	0.17824	0.252554	0.331768	0.411436	0.484427	0.546745	0.596158	0.623132	0.62418	0.604492	0.564435	0.492572	0.392644	0.281768	0.163592	0.0451823	-0.0519158	-0.11294	-0.142073	-0.14297	-0.11099	-0.0568964	0	
0	0.0167428	0.045234	0.0896279	0.141481	0.189088	0.232308	0.281747	0.337215	0.378169	0.38305	0.34174	0.262693	0.161095	0.064361	-0.00647578	-0.0475801	-0.0641027	-0.0579627	-0.0273759	0.0162046	0.0536452	0.0753501	0.078355	0.0623771	0.0203135	-0.0590809	-0.172742	-0.28767	-0.354534	-0.341625	-0.249724	-0.106524	0.038794	0.136358	0.165661	0.138759	0.0641009	-0.0536823	-0.203367	-0.369111	-0.529276	-0.651624	-0.713193	-0.707473	-0.629597	-0.478145	-0.267957	-0.0341145	0.179715	0.343909	0.463636	0.555974	0.630887	0.686666	0.72133	0.739894	0.751539	0.758761	0.76133	0.760626	0.751147	0.723788	0.686706	0.64839	0.605856	0.548862	0.475586	0.403088	0.340079	0.282037	0.224591	0.182135	0.166575	0.175615	0.203762	0.250562	0.322214	0.405756	0.486507	0.560582	0.618627	0.654787	0.669121	0.659647	0.62553	0.571763	0.49871	0.401102	0.284476	0.160829	0.0380761	-0.0749166	-0.163121	-0.212074	-0.223473	-0.204118	-0.152335	-0.0781516	0	
0	0.00998097	0.0313691	0.0703328	0.117023	0.16332	0.204819	0.253959	0.305584	0.34084	0.332353	0.269609	0.161095	0.0233798	-0.112423	-0.228115	-0.309149	-0.358788	-0.371048	-0.346543	-0.298409	-0.246817	-0.207821	-0.187472	-0.188155	-0.219824	-0.28747	-0.386604	-0.483111	-0.528456	-0.49555	-0.383934	-0.227576	-0.0747032	0.026817	0.0582194	0.0274133	-0.0528659	-0.178973	-0.337017	-0.514991	-0.682033	-0.809792	-0.873852	-0.867297	-0.788758	-0.643291	-0.441847	-0.222702	-0.0248627	0.127556	0.238598	0.329248	0.411109	0.483269	0.539266	0.57902	0.608756	0.633928	0.655246	0.670412	0.676364	0.66922	0.65361	0.635894	0.615003	0.581639	0.531987	0.476244	0.422199	0.370399	0.317702	0.27704	0.262038	0.276168	0.312579	0.368426	0.443106	0.524349	0.600814	0.659487	0.696038	0.70883	0.696323	0.657484	0.593043	0.512372	0.416855	0.30633	0.186652	0.067573	-0.0414891	-0.13625	-0.205057	-0.237804	-0.239267	-0.211575	-0.155394	-0.0816025	0	
0	0.00684454	0.0253927	0.0612363	0.106884	0.153062	0.197034	0.245218	0.294076	0.31931	0.295396	0.206457	0.064361	-0.112423	-0.290941	-0.449343	-0.570007	-0.646691	-0.673265	-0.650057	-0.594972	-0.529627	-0.475974	-0.440453	-0.430543	-0.451301	-0.509524	-0.593726	-0.674527	-0.705508	-0.662347	-0.543484	-0.383719	-0.228616	-0.123003	-0.0848212	-0.112547	-0.194126	-0.323755	-0.48882	-0.673399	-0.842923	-0.967877	-1.02673	-1.01408	-0.934907	-0.796789	-0.612076	-0.416721	-0.239327	-0.105358	-0.00761239	0.0740156	0.152132	0.222185	0.285384	0.338334	0.386897	0.433844	0.479178	0.519031	0.549067	0.566753	0.57273	0.575746	0.576075	0.563057	0.5328	0.495341	0.455172	0.416361	0.376002	0.347826	0.344803	0.36777	0.412021	0.471845	0.541913	0.609311	0.665375	0.69986	0.710929	0.699179	0.665043	0.608144	0.530097	0.436628	0.328724	0.215681	0.105294	0.00469207	-0.0769786	-0.140609	-0.185215	-0.206841	-0.207355	-0.185311	-0.139188	-0.075365	0	
0	0.0141004	0.0390401	0.0815777	0.132266	0.18642	0.235268	0.286893	0.329122	0.341946	0.295419	0.174638	-0.00647578	-0.228115	-0.449343	-0.650763	-0.804776	-0.903412	-0.936835	-0.909477	-0.84353	-0.762798	-0.69274	-0.642673	-0.619151	-0.630518	-0.677328	-0.752089	-0.822366	-0.849679	-0.808474	-0.693091	-0.53805	-0.386562	-0.277802	-0.236085	-0.260973	-0.343472	-0.476227	-0.639769	-0.821773	-0.983897	-1.09856	-1.15072	-1.13809	-1.06381	-0.939731	-0.774054	-0.599295	-0.44102	-0.323403	-0.243717	-0.179775	-0.119437	-0.059965	-0.00265474	0.0533899	0.112257	0.174295	0.242023	0.3069	0.364401	0.407245	0.438068	0.458975	0.472406	0.470044	0.45115	0.428634	0.404471	0.389125	0.378637	0.3833	0.408654	0.451504	0.504694	0.561148	0.61384	0.653736	0.67964	0.681697	0.666661	0.633891	0.582057	0.51533	0.430401	0.334864	0.230854	0.128273	0.0387145	-0.036663	-0.0897182	-0.120748	-0.138232	-0.142106	-0.135341	-0.117312	-0.086502	-0.048301	0	
0	0.0294175	0.0699498	0.124431	0.188531	0.252222	0.312551	0.365625	0.402532	0.398106	0.326809	0.173534	-0.0475801	-0.309149	-0.570007	-0.804776	-0.98503	-1.09772	-1.1333	-1.0994	-1.02247	-0.925767	-0.839379	-0.770448	-0.731726	-0.727806	-0.7658	-0.831709	-0.900851	-0.933481	-0.904467	-0.803257	-0.660718	-0.51771	-0.415369	-0.372756	-0.399417	-0.486118	-0.616812	-0.776427	-0.950957	-1.10138	-1.20703	-1.25652	-1.24342	-1.17673	-1.06398	-0.9132	-0.757934	-0.617604	-0.518924	-0.457035	-0.414037	-0.372897	-0.332147	-0.284199	-0.232883	-0.174545	-0.106559	-0.0264905	0.056385	0.131365	0.198734	0.250567	0.284711	0.306164	0.309635	0.29996	0.288747	0.284687	0.298972	0.327432	0.373861	0.431866	0.495545	0.555774	0.603605	0.63225	0.64319	0.641426	0.617726	0.581635	0.533031	0.468588	0.38946	0.299735	0.206751	0.11111	0.0302195	-0.0302229	-0.0738322	-0.0934332	-0.0939996	-0.0838552	-0.0670071	-0.051107	-0.0329722	-0.0172447	-0.011918	0	
0	0.0509483	0.110832	0.184117	0.261475	0.340287	0.409115	0.4664	0.493092	0.470393	0.373392	0.189546	-0.0641027	-0.358788	-0.646691	-0.903412	-1.09772	-1.21561	-1.24771	-1.20445	-1.11425	-1.00059	-0.894415	-0.805556	-0.749111	-0.734687	-0.766768	-0.835852	-0.910662	-0.956689	-0.945528	-0.860522	-0.732677	-0.604214	-0.51009	-0.475953	-0.508918	-0.600368	-0.735175	-0.891909	-1.06207	-1.20978	-1.31263	-1.36008	-1.34905	-1.28171	-1.16912	-1.02493	-0.880217	-0.753605	-0.669571	-0.626151	-0.601606	-0.580558	-0.554933	-0.522767	-0.481757	-0.426353	-0.362206	-0.282148	-0.196575	-0.113216	-0.0409362	0.017438	0.0574384	0.0846713	0.0973533	0.100601	0.112459	0.134962	0.17793	0.237768	0.314984	0.396172	0.469407	0.528256	0.568117	0.5813	0.571577	0.54934	0.508344	0.460287	0.398011	0.31988	0.236861	0.147423	0.062172	-0.0128412	-0.0678253	-0.0953995	-0.107489	-0.103906	-0.0805914	-0.052051	-0.0222724	0.00618844	0.0265989	0.0322664	0.0174033	0	
0	0.0763194	0.16148	0.253361	0.349015	0.438576	0.518632	0.574556	0.590742	0.547155	0.426162	0.219509	-0.0579627	-0.371048	-0.673265	-0.936835	-1.1333	-1.24771	-1.27064	-1.21407	-1.10674	-0.971772	-0.842275	-0.73132	-0.660672	-0.63973	-0.677983	-0.757184	-0.846731	-0.91054	-0.917292	-0.8519	-0.741277	-0.628334	-0.550163	-0.524812	-0.56381	-0.665102	-0.804358	-0.968485	-1.14792	-1.30376	-1.4125	-1.46421	-1.4474	-1.37111	-1.24792	-1.09622	-0.9503	-0.826656	-0.750335	-0.71538	-0.706647	-0.705482	-0.702468	-0.687429	-0.659905	-0.619224	-0.566802	-0.496157	-0.419327	-0.352886	-0.292391	-0.240678	-0.206129	-0.176338	-0.149048	-0.116957	-0.0744856	-0.0215002	0.0465156	0.125201	0.214073	0.294894	0.363764	0.418227	0.451069	0.454914	0.439084	0.408789	0.355327	0.295269	0.224666	0.142206	0.0583193	-0.0179691	-0.0794355	-0.129033	-0.154224	-0.155365	-0.147989	-0.128961	-0.0965753	-0.0595865	-0.0221404	0.00754425	0.0312257	0.0389972	0.0186356	0	
0	0.106131	0.217819	0.332916	0.443369	0.545733	0.630952	0.685447	0.686952	0.623306	0.482273	0.261038	-0.0273759	-0.346543	-0.650057	-0.909477	-1.0994	-1.20445	-1.21407	-1.13984	-1.00975	-0.847741	-0.690481	-0.556979	-0.473672	-0.453481	-0.501211	-0.596569	-0.702428	-0.783225	-0.811489	-0.768168	-0.67971	-0.589191	-0.526708	-0.510898	-0.556962	-0.665236	-0.819072	-1.00081	-1.19906	-1.37313	-1.49269	-1.54283	-1.51753	-1.42512	-1.28147	-1.1152	-0.958497	-0.829199	-0.747891	-0.714313	-0.714331	-0.730603	-0.747478	-0.758711	-0.756982	-0.734892	-0.704242	-0.659648	-0.611656	-0.570797	-0.535592	-0.502994	-0.475479	-0.441485	-0.398029	-0.342948	-0.270371	-0.188024	-0.102485	-0.0145023	0.0761425	0.149895	0.203933	0.243805	0.270739	0.273298	0.255211	0.22171	0.165144	0.0999751	0.0226128	-0.0592655	-0.126848	-0.180548	-0.217037	-0.23711	-0.241376	-0.226338	-0.203969	-0.178471	-0.139645	-0.0990806	-0.0647186	-0.0361945	-0.013194	0.000190242	-0.00196686	0	
0	0.136401	0.275837	0.411459	0.536105	0.645369	0.733525	0.781533	0.768237	0.685257	0.530481	0.304015	0.0162046	-0.298409	-0.594972	-0.84353	-1.02247	-1.11425	-1.10674	-1.00975	-0.849781	-0.655981	-0.467929	-0.312976	-0.221726	-0.204354	-0.264709	-0.374551	-0.49376	-0.59106	-0.638096	-0.619413	-0.554912	-0.484844	-0.438806	-0.433856	-0.488636	-0.615072	-0.791583	-0.998999	-1.21931	-1.40735	-1.52912	-1.57302	-1.53424	-1.42404	-1.26142	-1.07825	-0.907184	-0.765678	-0.676549	-0.638509	-0.642602	-0.671981	-0.709027	-0.741477	-0.76166	-0.771417	-0.780212	-0.776797	-0.767541	-0.764929	-0.757758	-0.738503	-0.717362	-0.685019	-0.634931	-0.564674	-0.47483	-0.376649	-0.279339	-0.183146	-0.0907764	-0.0235688	0.0186031	0.046557	0.0608728	0.0546435	0.0365857	0.00288969	-0.0527162	-0.112839	-0.182211	-0.254074	-0.308753	-0.339607	-0.349464	-0.348157	-0.334498	-0.30711	-0.278087	-0.247102	-0.205321	-0.163333	-0.128611	-0.102416	-0.0766756	-0.0504936	-0.0311861	0	
0	0.162625	0.324963	0.475816	0.607894	0.71756	0.801874	0.840014	0.810601	0.712723	0.550693	0.330371	0.0536452	-0.246817	-0.529627	-0.762798	-0.925767	-1.00059	-0.971772	-0.847741	-0.655981	-0.430834	-0.216043	-0.0467093	0.0494935	0.0619928	-0.00574804	-0.123123	-0.25047	-0.357643	-0.421514	-0.42501	-0.380529	-0.327837	-0.295334	-0.301272	-0.370762	-0.518404	-0.721774	-0.95496	-1.19218	-1.38845	-1.50848	-1.54282	-1.48904	-1.36055	-1.17776	-0.979139	-0.797159	-0.654056	-0.564025	-0.525103	-0.53124	-0.566603	-0.612133	-0.663966	-0.715084	-0.761704	-0.811915	-0.855521	-0.890937	-0.923996	-0.943422	-0.94187	-0.928529	-0.897853	-0.847102	-0.773923	-0.678261	-0.571883	-0.471143	-0.37385	-0.279842	-0.214863	-0.180349	-0.162362	-0.15596	-0.167138	-0.191161	-0.226651	-0.275187	-0.324647	-0.377596	-0.427943	-0.461444	-0.477511	-0.476926	-0.462257	-0.437317	-0.397544	-0.351655	-0.311858	-0.269838	-0.229134	-0.197873	-0.171747	-0.138179	-0.0966975	-0.0547814	0	
0	0.181304	0.357296	0.516815	0.64661	0.751271	0.825155	0.851866	0.808762	0.700505	0.540577	0.332933	0.0753501	-0.207821	-0.475974	-0.69274	-0.839379	-0.894415	-0.842275	-0.690481	-0.467929	-0.216043	0.0183642	0.197746	0.295141	0.305961	0.235247	0.114794	-0.0164689	-0.129557	-0.203928	-0.218143	-0.182483	-0.135144	-0.109254	-0.125913	-0.21282	-0.381977	-0.61117	-0.863851	-1.11056	-1.30798	-1.4233	-1.44562	-1.37971	-1.23761	-1.04245	-0.837537	-0.656623	-0.518045	-0.43098	-0.393683	-0.400756	-0.441552	-0.502498	-0.576468	-0.653372	-0.731894	-0.820974	-0.904215	-0.976703	-1.0432	-1.09084	-1.11053	-1.11038	-1.09139	-1.04444	-0.969621	-0.870092	-0.763063	-0.66782	-0.576531	-0.489466	-0.425708	-0.388904	-0.367092	-0.358517	-0.369735	-0.394746	-0.433423	-0.478214	-0.514632	-0.54833	-0.577634	-0.5912	-0.589529	-0.576799	-0.552896	-0.517774	-0.467449	-0.411673	-0.365673	-0.323834	-0.286621	-0.256333	-0.224309	-0.181087	-0.126156	-0.066587	0	
0	0.189932	0.371758	0.529108	0.651852	0.743545	0.805333	0.819906	0.766982	0.655577	0.503167	0.314198	0.078355	-0.187472	-0.440453	-0.642673	-0.770448	-0.805556	-0.73132	-0.556979	-0.312976	-0.0467093	0.197746	0.378349	0.477588	0.489336	0.42255	0.306177	0.179114	0.0691852	-7.939e-05	-0.0120808	0.0275733	0.0766159	0.0981857	0.0704196	-0.0281463	-0.211225	-0.451552	-0.711276	-0.959789	-1.1564	-1.26695	-1.28458	-1.21272	-1.0634	-0.866803	-0.665079	-0.491384	-0.364881	-0.28856	-0.256275	-0.269255	-0.323318	-0.403234	-0.50278	-0.609267	-0.72002	-0.835223	-0.945183	-1.04526	-1.13951	-1.21639	-1.26008	-1.27554	-1.26318	-1.22019	-1.14642	-1.04692	-0.944598	-0.85792	-0.779295	-0.700323	-0.63738	-0.596912	-0.56644	-0.547841	-0.547516	-0.566969	-0.603649	-0.642037	-0.667603	-0.680452	-0.683194	-0.674717	-0.657001	-0.631175	-0.598309	-0.558887	-0.506005	-0.447865	-0.402104	-0.364207	-0.325976	-0.289323	-0.249744	-0.196264	-0.13242	-0.0680729	0	
0	0.186964	0.361965	0.510154	0.617492	0.695241	0.74349	0.749884	0.693888	0.585696	0.446936	0.277525	0.0623771	-0.188155	-0.430543	-0.619151	-0.731726	-0.749111	-0.660672	-0.473672	-0.221726	0.0494935	0.295141	0.477588	0.58039	0.599192	0.541674	0.43649	0.319428	0.226642	0.173253	0.178511	0.230194	0.285657	0.306214	0.274912	0.1699	-0.0123831	-0.254463	-0.515183	-0.761109	-0.953202	-1.06032	-1.07241	-0.998627	-0.854435	-0.666742	-0.477173	-0.318623	-0.20747	-0.141451	-0.121154	-0.150399	-0.225694	-0.335917	-0.465854	-0.600101	-0.731596	-0.866584	-0.999889	-1.12613	-1.24336	-1.33634	-1.39304	-1.4127	-1.40493	-1.36643	-1.29824	-1.20684	-1.11432	-1.03888	-0.969208	-0.895951	-0.830393	-0.782485	-0.745473	-0.720049	-0.709347	-0.716853	-0.73662	-0.753941	-0.762056	-0.758333	-0.743657	-0.716008	-0.677716	-0.634335	-0.588626	-0.545979	-0.502477	-0.455857	-0.417576	-0.382208	-0.337595	-0.29094	-0.243269	-0.188509	-0.127841	-0.0637575	0	
0	0.170338	0.327326	0.456803	0.545144	0.607427	0.644157	0.646856	0.592874	0.493645	0.369581	0.217497	0.0203135	-0.219824	-0.451301	-0.630518	-0.727806	-0.734687	-0.63973	-0.453481	-0.204354	0.0619928	0.305961	0.489336	0.599192	0.628221	0.586928	0.499419	0.406452	0.340073	0.315672	0.343279	0.406705	0.467308	0.488461	0.455134	0.354787	0.180315	-0.0549424	-0.3068	-0.545054	-0.727952	-0.827923	-0.838474	-0.771868	-0.635399	-0.461165	-0.281874	-0.13503	-0.0387565	0.00504203	-0.00144857	-0.0575854	-0.163444	-0.303912	-0.461226	-0.61851	-0.777164	-0.936839	-1.09164	-1.23428	-1.35895	-1.45631	-1.51033	-1.52223	-1.50777	-1.47176	-1.41382	-1.33401	-1.25565	-1.18846	-1.12374	-1.05217	-0.983244	-0.934314	-0.89935	-0.873804	-0.854948	-0.847183	-0.844898	-0.835009	-0.813591	-0.784349	-0.751434	-0.710585	-0.659601	-0.598947	-0.541073	-0.495589	-0.458316	-0.426916	-0.400365	-0.369217	-0.321398	-0.265075	-0.211063	-0.158045	-0.104797	-0.0511692	0	
0	0.136162	0.260568	0.360073	0.425433	0.470353	0.49928	0.500685	0.455161	0.367497	0.259641	0.122848	-0.0590809	-0.28747	-0.509524	-0.677328	-0.7658	-0.766768	-0.677983	-0.501211	-0.264709	-0.00574804	0.235247	0.42255	0.541674	0.586928	0.567125	0.509166	0.446688	0.413929	0.417615	0.462588	0.532852	0.594294	0.616087	0.586477	0.492189	0.32907	0.107153	-0.134074	-0.357856	-0.527832	-0.619794	-0.629936	-0.565009	-0.434757	-0.265801	-0.0922257	0.0410192	0.113636	0.12616	0.0875428	-0.000170016	-0.133162	-0.303494	-0.488388	-0.677504	-0.86332	-1.0407	-1.20744	-1.35629	-1.47644	-1.55731	-1.59358	-1.58846	-1.5633	-1.52768	-1.47708	-1.40837	-1.34176	-1.28187	-1.22556	-1.16143	-1.09735	-1.05378	-1.026	-1.00676	-0.984287	-0.962614	-0.933468	-0.891449	-0.844481	-0.789762	-0.731653	-0.673384	-0.609499	-0.540374	-0.479572	-0.432799	-0.397943	-0.368442	-0.341295	-0.312369	-0.266532	-0.21253	-0.162708	-0.115232	-0.0722349	-0.0334635	0	
0	0.0845439	0.160662	0.221551	0.258118	0.287577	0.308632	0.313835	0.277731	0.206366	0.113702	-0.00682361	-0.172742	-0.386604	-0.593726	-0.752089	-0.831709	-0.835852	-0.757184	-0.596569	-0.374551	-0.123123	0.114794	0.306177	0.43649	0.499419	0.509166	0.484223	0.456004	0.452422	0.475251	0.531494	0.601767	0.662644	0.685177	0.656533	0.565327	0.41236	0.201942	-0.0220218	-0.231108	-0.385448	-0.467758	-0.471826	-0.402924	-0.267548	-0.0983653	0.0707522	0.187601	0.232899	0.21329	0.139198	0.0232157	-0.136486	-0.335269	-0.551383	-0.76691	-0.974146	-1.16521	-1.33283	-1.46939	-1.5657	-1.62112	-1.634	-1.60819	-1.56801	-1.52804	-1.48065	-1.41963	-1.3624	-1.31142	-1.26695	-1.21976	-1.1739	-1.14548	-1.13291	-1.1186	-1.09134	-1.05869	-1.01044	-0.948014	-0.873655	-0.792026	-0.711014	-0.630147	-0.553488	-0.479262	-0.418167	-0.371166	-0.330392	-0.292226	-0.254621	-0.221862	-0.184568	-0.142659	-0.104608	-0.0683004	-0.0365666	-0.0139946	0	
0	0.0222352	0.0430532	0.0604616	0.0707203	0.0860229	0.105047	0.114465	0.0929166	0.037446	-0.036094	-0.140981	-0.28767	-0.483111	-0.674527	-0.822366	-0.900851	-0.910662	-0.846731	-0.702428	-0.49376	-0.25047	-0.0164689	0.179114	0.319428	0.406452	0.446688	0.456004	0.456215	0.468347	0.500855	0.558447	0.626273	0.683302	0.703011	0.670586	0.580226	0.433769	0.239549	0.0298513	-0.165145	-0.308223	-0.379634	-0.37226	-0.28962	-0.143319	0.0299273	0.193657	0.292188	0.315509	0.2653	0.163507	0.0223098	-0.16206	-0.390268	-0.631217	-0.86929	-1.09036	-1.27848	-1.42904	-1.54324	-1.61409	-1.64131	-1.62958	-1.58561	-1.53208	-1.48648	-1.44126	-1.38472	-1.33567	-1.29375	-1.26613	-1.24328	-1.22128	-1.21522	-1.2161	-1.20641	-1.17667	-1.13198	-1.06946	-0.994369	-0.907564	-0.807372	-0.701477	-0.602835	-0.513471	-0.432471	-0.373046	-0.320692	-0.266733	-0.215566	-0.164623	-0.124618	-0.0946812	-0.0693318	-0.0489242	-0.0296	-0.0131389	-0.00369472	0	
0	-0.0411858	-0.0746473	-0.0972542	-0.107174	-0.0990382	-0.0770085	-0.0571707	-0.0620573	-0.0934993	-0.146246	-0.227915	-0.354534	-0.528456	-0.705508	-0.849679	-0.933481	-0.956689	-0.91054	-0.783225	-0.59106	-0.357643	-0.129557	0.0691852	0.226642	0.340073	0.413929	0.452422	0.468347	0.485401	0.515518	0.569712	0.632069	0.680384	0.691281	0.651728	0.557955	0.416658	0.233762	0.0348594	-0.151865	-0.283597	-0.338484	-0.316272	-0.217993	-0.0662289	0.103991	0.258304	0.347464	0.355753	0.290712	0.169239	0.00552198	-0.201851	-0.449787	-0.709262	-0.957269	-1.17271	-1.34568	-1.47347	-1.5598	-1.60312	-1.60716	-1.57952	-1.52807	-1.47027	-1.4266	-1.38462	-1.33607	-1.29608	-1.26739	-1.26121	-1.2629	-1.26607	-1.27304	-1.27963	-1.2669	-1.22867	-1.17591	-1.10235	-1.02009	-0.924683	-0.81573	-0.703667	-0.595983	-0.501624	-0.417285	-0.348613	-0.286637	-0.223869	-0.163572	-0.105464	-0.0603834	-0.0292647	-0.0103187	-0.00632503	-0.00507639	-0.00384559	-0.00591261	0	
0	-0.0962282	-0.176315	-0.228294	-0.251147	-0.241337	-0.211211	-0.176319	-0.158117	-0.160896	-0.183519	-0.238977	-0.341625	-0.49555	-0.662347	-0.808474	-0.904467	-0.945528	-0.917292	-0.811489	-0.638096	-0.421514	-0.203928	-7.939e-05	0.173253	0.315672	0.417615	0.475251	0.500855	0.515518	0.542542	0.594133	0.647833	0.682226	0.676932	0.622259	0.518436	0.373082	0.192839	-0.0002856	-0.177905	-0.293669	-0.331891	-0.294757	-0.192444	-0.0457679	0.117715	0.26635	0.349261	0.355787	0.281494	0.144472	-0.0317029	-0.247003	-0.500723	-0.760217	-0.999354	-1.20026	-1.35294	-1.4516	-1.5085	-1.52967	-1.51893	-1.48801	-1.44362	-1.39572	-1.35997	-1.33072	-1.2982	-1.27463	-1.26481	-1.27611	-1.29776	-1.31496	-1.3262	-1.32535	-1.29862	-1.25327	-1.19029	-1.10866	-1.02118	-0.917512	-0.805634	-0.696444	-0.596368	-0.50756	-0.42475	-0.354295	-0.282868	-0.212174	-0.155617	-0.101826	-0.0524989	-0.0184126	0.00271406	0.00937799	0.00484636	-0.00244315	-0.00726818	0	
0	-0.138699	-0.251979	-0.325092	-0.3516	-0.337834	-0.29499	-0.242766	-0.196477	-0.162894	-0.149062	-0.171448	-0.249724	-0.383934	-0.543484	-0.693091	-0.803257	-0.860522	-0.8519	-0.768168	-0.619413	-0.42501	-0.218143	-0.0120808	0.178511	0.343279	0.462588	0.531494	0.558447	0.569712	0.594133	0.639239	0.684248	0.700971	0.675605	0.602185	0.480355	0.317962	0.131724	-0.0605728	-0.228492	-0.330944	-0.354706	-0.314181	-0.214483	-0.0744137	0.0838982	0.227466	0.311077	0.312891	0.229253	0.0865543	-0.0927596	-0.304223	-0.541533	-0.781086	-0.999536	-1.17361	-1.29637	-1.36596	-1.39895	-1.40764	-1.39466	-1.36761	-1.33502	-1.30283	-1.28753	-1.28164	-1.27348	-1.27259	-1.28376	-1.3124	-1.34165	-1.35898	-1.36301	-1.3497	-1.31239	-1.25676	-1.1817	-1.08904	-0.993499	-0.888228	-0.781336	-0.685049	-0.601487	-0.526513	-0.452716	-0.383297	-0.312838	-0.244059	-0.188947	-0.141363	-0.0957751	-0.0602859	-0.0373322	-0.0250537	-0.0164424	-0.0125062	-0.0136616	0	
0	-0.163431	-0.296065	-0.378101	-0.405331	-0.384123	-0.330616	-0.258654	-0.183254	-0.110077	-0.0576603	-0.0485047	-0.106524	-0.227576	-0.383719	-0.53805	-0.660718	-0.732677	-0.741277	-0.67971	-0.554912	-0.380529	-0.182483	0.0275733	0.230194	0.406705	0.532852	0.601767	0.626273	0.632069	0.647833	0.684248	0.715782	0.712806	0.664328	0.564721	0.415523	0.231234	0.035823	-0.151371	-0.308457	-0.402592	-0.424648	-0.387494	-0.292803	-0.157506	0.00210753	0.146601	0.230597	0.230895	0.147988	0.00378804	-0.171001	-0.364624	-0.573648	-0.781657	-0.960208	-1.09202	-1.18168	-1.22588	-1.24209	-1.2459	-1.23583	-1.22055	-1.21002	-1.20265	-1.20773	-1.22542	-1.24812	-1.27486	-1.30662	-1.34237	-1.37065	-1.38287	-1.37401	-1.34316	-1.29238	-1.23072	-1.14855	-1.0482	-0.949114	-0.848935	-0.76086	-0.691163	-0.626711	-0.562392	-0.497715	-0.432709	-0.365466	-0.301997	-0.2526	-0.211072	-0.17059	-0.140792	-0.118728	-0.093704	-0.0623311	-0.0352912	-0.0206533	0	
0	-0.173786	-0.314384	-0.400241	-0.428279	-0.404495	-0.343461	-0.255131	-0.151248	-0.0408434	0.0474075	0.0830297	0.038794	-0.0747032	-0.228616	-0.386562	-0.51771	-0.604214	-0.628334	-0.589191	-0.484844	-0.327837	-0.135144	0.0766159	0.285657	0.467308	0.594294	0.662644	0.683302	0.680384	0.682226	0.700971	0.712806	0.684533	0.601202	0.466839	0.28488	0.0799982	-0.1178	-0.293825	-0.441221	-0.531047	-0.55603	-0.520341	-0.428782	-0.292553	-0.132428	0.0122206	0.100769	0.10858	0.0323023	-0.101709	-0.260752	-0.431191	-0.602268	-0.764814	-0.897059	-0.988218	-1.04084	-1.05364	-1.04785	-1.04601	-1.04585	-1.04975	-1.06102	-1.07736	-1.10485	-1.1464	-1.19206	-1.23967	-1.29262	-1.33876	-1.36593	-1.36905	-1.34916	-1.30457	-1.24097	-1.17102	-1.08464	-0.991071	-0.906545	-0.825951	-0.759527	-0.710425	-0.662795	-0.608604	-0.551625	-0.494872	-0.437021	-0.380263	-0.334562	-0.298525	-0.260907	-0.228506	-0.200476	-0.16106	-0.10852	-0.061939	-0.0315395	0	
0	-0.175153	-0.318132	-0.407712	-0.442389	-0.423784	-0.362622	-0.263776	-0.136838	0.00170176	0.119054	0.170897	0.136358	0.026817	-0.123003	-0.277802	-0.415369	-0.51009	-0.550163	-0.526708	-0.438806	-0.295334	-0.109254	0.0981857	0.306214	0.488461	0.616087	0.685177	0.703011	0.691281	0.676932	0.675605	0.664328	0.601202	0.475181	0.295806	0.0810538	-0.140135	-0.338356	-0.505867	-0.642933	-0.730001	-0.749182	-0.706392	-0.610315	-0.472022	-0.312492	-0.168709	-0.0757555	-0.0601436	-0.123181	-0.237141	-0.373167	-0.507867	-0.634015	-0.751515	-0.840128	-0.886267	-0.898826	-0.880753	-0.854119	-0.842046	-0.843387	-0.855241	-0.881939	-0.918088	-0.960781	-1.017	-1.0793	-1.14694	-1.21317	-1.26609	-1.29446	-1.29607	-1.27364	-1.22144	-1.15731	-1.08934	-1.01225	-0.937472	-0.873733	-0.820204	-0.775621	-0.737714	-0.693416	-0.643226	-0.598456	-0.555006	-0.510125	-0.462629	-0.419492	-0.385406	-0.344889	-0.299323	-0.255599	-0.202836	-0.14154	-0.0886631	-0.0464081	0	
0	-0.168461	-0.308178	-0.401371	-0.446253	-0.439195	-0.3846	-0.281379	-0.143958	0.011376	0.139805	0.19939	0.165661	0.0582194	-0.0848212	-0.236085	-0.372756	-0.475953	-0.524812	-0.510898	-0.433856	-0.301272	-0.125913	0.0704196	0.274912	0.455134	0.586477	0.656533	0.670586	0.651728	0.622259	0.602185	0.564721	0.466839	0.295806	0.0785681	-0.162327	-0.396312	-0.600177	-0.76411	-0.896299	-0.971685	-0.978055	-0.921737	-0.816543	-0.674362	-0.515575	-0.370829	-0.273519	-0.251462	-0.298584	-0.39336	-0.502466	-0.603081	-0.686319	-0.755875	-0.795249	-0.800969	-0.780296	-0.737354	-0.69257	-0.668528	-0.662609	-0.669441	-0.691084	-0.725436	-0.772483	-0.837752	-0.915275	-0.994368	-1.06493	-1.11287	-1.13388	-1.13981	-1.12823	-1.09155	-1.04154	-0.986906	-0.932155	-0.883508	-0.84807	-0.817186	-0.785675	-0.755427	-0.713868	-0.668142	-0.629964	-0.594252	-0.557649	-0.516777	-0.475793	-0.439917	-0.39693	-0.340249	-0.283269	-0.228589	-0.169863	-0.115834	-0.0641375	0	
0	-0.151825	-0.281212	-0.371998	-0.426306	-0.430757	-0.385175	-0.286193	-0.148658	0.001198	0.126781	0.176541	0.138759	0.0274133	-0.112547	-0.260973	-0.399417	-0.508918	-0.56381	-0.556962	-0.488636	-0.370762	-0.21282	-0.0281463	0.1699	0.354787	0.492189	0.565327	0.580226	0.557955	0.518436	0.480355	0.415523	0.28488	0.0810538	-0.162327	-0.418349	-0.660138	-0.869767	-1.03081	-1.14951	-1.21012	-1.20491	-1.13635	-1.02807	-0.881799	-0.721744	-0.573709	-0.474802	-0.440561	-0.473454	-0.547322	-0.633445	-0.704909	-0.752318	-0.776072	-0.770653	-0.737831	-0.686174	-0.626485	-0.572885	-0.537382	-0.517538	-0.505766	-0.505028	-0.527264	-0.571669	-0.638898	-0.712539	-0.787733	-0.851654	-0.891662	-0.908663	-0.915142	-0.920189	-0.909025	-0.886815	-0.858854	-0.832049	-0.812993	-0.798716	-0.786139	-0.769935	-0.746205	-0.71086	-0.669326	-0.630204	-0.596842	-0.564999	-0.528508	-0.49082	-0.453854	-0.405799	-0.346251	-0.291787	-0.240877	-0.188299	-0.133992	-0.0703678	0	
0	-0.131869	-0.245526	-0.33221	-0.390308	-0.405932	-0.369701	-0.280824	-0.157852	-0.0270958	0.0776141	0.111839	0.0641009	-0.0528659	-0.194126	-0.343472	-0.486118	-0.600368	-0.665102	-0.665236	-0.615072	-0.518404	-0.381977	-0.211225	-0.0123831	0.180315	0.32907	0.41236	0.433769	0.416658	0.373082	0.317962	0.231234	0.0799982	-0.140135	-0.396312	-0.660138	-0.908821	-1.1193	-1.26952	-1.36844	-1.41151	-1.39226	-1.32161	-1.2121	-1.07005	-0.919202	-0.777699	-0.674797	-0.631043	-0.644869	-0.697113	-0.762663	-0.809453	-0.823316	-0.803711	-0.759371	-0.697228	-0.626357	-0.552342	-0.483147	-0.425584	-0.382442	-0.349014	-0.333685	-0.345389	-0.379421	-0.427692	-0.4822	-0.54281	-0.591987	-0.627275	-0.646882	-0.665835	-0.682704	-0.687017	-0.688187	-0.687056	-0.697431	-0.709295	-0.715226	-0.713215	-0.700604	-0.684898	-0.661778	-0.630973	-0.59305	-0.557412	-0.529968	-0.502051	-0.467968	-0.429089	-0.38312	-0.325321	-0.273822	-0.234287	-0.185005	-0.12579	-0.0652452	0	
0	-0.109369	-0.20483	-0.28127	-0.338989	-0.360901	-0.336275	-0.264896	-0.170418	-0.0747952	-0.00403294	0.00720593	-0.0536823	-0.178973	-0.323755	-0.476227	-0.616812	-0.735175	-0.804358	-0.819072	-0.791583	-0.721774	-0.61117	-0.451552	-0.254463	-0.0549424	0.107153	0.201942	0.239549	0.233762	0.192839	0.131724	0.035823	-0.1178	-0.338356	-0.600177	-0.869767	-1.1193	-1.32152	-1.45347	-1.52931	-1.55187	-1.52441	-1.45132	-1.34644	-1.21846	-1.08361	-0.951111	-0.856082	-0.807741	-0.809794	-0.847282	-0.886594	-0.898888	-0.877226	-0.8235	-0.752358	-0.674156	-0.587742	-0.496648	-0.405595	-0.321109	-0.254168	-0.205801	-0.177933	-0.174989	-0.194083	-0.21966	-0.243882	-0.275556	-0.309521	-0.341141	-0.362905	-0.386069	-0.412535	-0.436099	-0.455262	-0.481567	-0.526856	-0.568561	-0.594196	-0.59882	-0.590655	-0.575722	-0.558026	-0.54015	-0.513149	-0.489742	-0.467951	-0.440173	-0.408225	-0.37	-0.330612	-0.286046	-0.239855	-0.200275	-0.15529	-0.100388	-0.0473034	0	
0	-0.0876325	-0.163263	-0.226744	-0.277726	-0.30406	-0.290829	-0.245579	-0.188428	-0.139622	-0.110269	-0.126339	-0.203367	-0.337017	-0.48882	-0.639769	-0.776427	-0.891909	-0.968485	-1.00081	-0.998999	-0.95496	-0.863851	-0.711276	-0.515183	-0.3068	-0.134074	-0.0220218	0.0298513	0.0348594	-0.0002856	-0.0605728	-0.151371	-0.293825	-0.505867	-0.76411	-1.03081	-1.26952	-1.45347	-1.56636	-1.62158	-1.6288	-1.59233	-1.52105	-1.42568	-1.31356	-1.19413	-1.07793	-0.994112	-0.950532	-0.951394	-0.970664	-0.979817	-0.961458	-0.912079	-0.828598	-0.735953	-0.638891	-0.535365	-0.426224	-0.316659	-0.215655	-0.132657	-0.0684762	-0.0227036	-0.0039091	-0.00816302	-0.0128735	-0.0110218	-0.0178521	-0.0324493	-0.0513116	-0.0658811	-0.0845682	-0.115829	-0.159149	-0.205277	-0.257171	-0.321432	-0.379683	-0.421029	-0.44003	-0.445038	-0.441712	-0.437855	-0.432404	-0.416892	-0.405861	-0.390391	-0.357121	-0.315672	-0.278581	-0.25172	-0.223221	-0.186678	-0.151145	-0.113738	-0.0713883	-0.0338103	0	
0	-0.0656721	-0.120967	-0.166971	-0.208384	-0.233968	-0.235415	-0.218285	-0.205958	-0.207626	-0.22486	-0.272985	-0.369111	-0.514991	-0.673399	-0.821773	-0.950957	-1.06207	-1.14792	-1.19906	-1.21931	-1.19218	-1.11056	-0.959789	-0.761109	-0.545054	-0.357856	-0.231108	-0.165145	-0.151865	-0.177905	-0.228492	-0.308457	-0.441221	-0.642933	-0.896299	-1.14951	-1.36844	-1.52931	-1.62158	-1.65807	-1.65042	-1.60712	-1.54322	-1.45828	-1.36034	-1.25458	-1.15295	-1.08286	-1.04574	-1.03472	-1.03049	-1.01144	-0.968615	-0.898496	-0.798213	-0.68311	-0.559729	-0.436038	-0.311546	-0.193862	-0.0855514	0.00649742	0.0811046	0.132998	0.16394	0.176704	0.188621	0.207684	0.219425	0.224975	0.224488	0.225336	0.215417	0.181306	0.123623	0.0580512	-0.0140123	-0.0892462	-0.152512	-0.206517	-0.248102	-0.282804	-0.306068	-0.319685	-0.327725	-0.322629	-0.316681	-0.302608	-0.267484	-0.224308	-0.187531	-0.16643	-0.150073	-0.120386	-0.0909631	-0.0652136	-0.0369771	-0.017986	0	
0	-0.0447923	-0.0788299	-0.109202	-0.137216	-0.164125	-0.178176	-0.191362	-0.221882	-0.270398	-0.334403	-0.411663	-0.529276	-0.682033	-0.842923	-0.983897	-1.10138	-1.20978	-1.30376	-1.37313	-1.40735	-1.38845	-1.30798	-1.1564	-0.953202	-0.727952	-0.527832	-0.385448	-0.308223	-0.283597	-0.293669	-0.330944	-0.402592	-0.531047	-0.730001	-0.971685	-1.21012	-1.41151	-1.55187	-1.6288	-1.65042	-1.6276	-1.57967	-1.51881	-1.43861	-1.35319	-1.26047	-1.17664	-1.11475	-1.06797	-1.03335	-1.00129	-0.956164	-0.897106	-0.814511	-0.698861	-0.563845	-0.424693	-0.291296	-0.159482	-0.0328243	0.0784905	0.17221	0.244186	0.295551	0.33294	0.353565	0.37887	0.417208	0.453525	0.470486	0.474768	0.482913	0.481247	0.449931	0.384786	0.31047	0.23034	0.151054	0.078972	0.00865099	-0.0511792	-0.108525	-0.160112	-0.201588	-0.227486	-0.232033	-0.22793	-0.214545	-0.189639	-0.160879	-0.131262	-0.105572	-0.0836034	-0.0567553	-0.0363788	-0.0224279	-0.00728951	-0.00297296	0	
0	-0.0200393	-0.0341572	-0.044032	-0.0629431	-0.0853848	-0.113158	-0.150694	-0.216051	-0.30627	-0.408015	-0.517494	-0.651624	-0.809792	-0.967877	-1.09856	-1.20703	-1.31263	-1.4125	-1.49269	-1.52912	-1.50848	-1.4233	-1.26695	-1.06032	-0.827923	-0.619794	-0.467758	-0.379634	-0.338484	-0.331891	-0.354706	-0.424648	-0.55603	-0.749182	-0.978055	-1.20491	-1.39226	-1.52441	-1.59233	-1.60712	-1.57967	-1.52937	-1.46291	-1.38598	-1.30468	-1.21911	-1.13905	-1.06643	-0.997492	-0.937498	-0.877478	-0.80693	-0.724603	-0.621287	-0.499028	-0.363631	-0.22353	-0.0937535	0.0369294	0.161435	0.265584	0.348652	0.410951	0.455105	0.490003	0.522699	0.559535	0.610033	0.657625	0.683278	0.694065	0.70009	0.69714	0.663777	0.601193	0.527558	0.446587	0.370072	0.290052	0.204128	0.12861	0.0584446	-0.00918544	-0.0704932	-0.119722	-0.146516	-0.149737	-0.142754	-0.131414	-0.120751	-0.107387	-0.0787655	-0.0506478	-0.0288019	-0.0137491	-0.00882642	-0.00269842	0.000280814	0	
