0.000000000000000000e+00 0.000000000000000000e+00 0.000000000000000000e+00 0.000000000000000000e+00 0.000000000000000000e+00 0.000000000000000000e+00 0.000000000000000000e+00 0.000000000000000000e+00 0.000000000000000000e+00 0.000000000000000000e+00 0.000000000000000000e+00 0.000000000000000000e+00 0.000000000000000000e+00 0.000000000000000000e+00 0.000000000000000000e+00 0.000000000000000000e+00 0.000000000000000000e+00 0.000000000000000000e+00 0.000000000000000000e+00 0.000000000000000000e+00 0.000000000000000000e+00 0.000000000000000000e+00 0.000000000000000000e+00 0.000000000000000000e+00 0.000000000000000000e+00 0.000000000000000000e+00 0.000000000000000000e+00 0.000000000000000000e+00 0.000000000000000000e+00 0.000000000000000000e+00 0.000000000000000000e+00 0.000000000000000000e+00 0.000000000000000000e+00 0.000000000000000000e+00 0.000000000000000000e+00 0.000000000000000000e+00 0.000000000000000000e+00 0.000000000000000000e+00 0.000000000000000000e+00 0.000000000000000000e+00 0.000000000000000000e+00 0.000000000000000000e+00 0.000000000000000000e+00 0.000000000000000000e+00 0.000000000000000000e+00 0.000000000000000000e+00 0.000000000000000000e+00 0.000000000000000000e+00 0.000000000000000000e+00 0.000000000000000000e+00 0.000000000000000000e+00 0.000000000000000000e+00 0.000000000000000000e+00 0.000000000000000000e+00 0.000000000000000000e+00 0.000000000000000000e+00 0.000000000000000000e+00 0.000000000000000000e+00 0.000000000000000000e+00 0.000000000000000000e+00 0.000000000000000000e+00 0.000000000000000000e+00 0.000000000000000000e+00 0.000000000000000000e+00 0.000000000000000000e+00 0.000000000000000000e+00 0.000000000000000000e+00 0.000000000000000000e+00 0.000000000000000000e+00 0.000000000000000000e+00 0.000000000000000000e+00 0.000000000000000000e+00 0.000000000000000000e+00 0.000000000000000000e+00 0.000000000000000000e+00 0.000000000000000000e+00 0.000000000000000000e+00 0.000000000000000000e+00 0.000000000000000000e+00 0.000000000000000000e+00 0.000000000000000000e+00 0.000000000000000000e+00 0.000000000000000000e+00 0.000000000000000000e+00 0.000000000000000000e+00 0.000000000000000000e+00 0.000000000000000000e+00 0.000000000000000000e+00 0.000000000000000000e+00 0.000000000000000000e+00 0.000000000000000000e+00 0.000000000000000000e+00 0.000000000000000000e+00 0.000000000000000000e+00 0.000000000000000000e+00 0.000000000000000000e+00 0.000000000000000000e+00 0.000000000000000000e+00 0.000000000000000000e+00 0.000000000000000000e+00
0.000000000000000000e+00 -2.560770000000000060e-02 -1.150039999999999916e-02 4.441729999999999637e-03 -1.391590000000000014e-02 -3.830950000000000327e-02 -3.860589999999999855e-02 -2.567470000000000169e-02 -2.396550000000000069e-02 -4.055439999999999739e-02 -5.385170000000000234e-02 -4.095150000000000179e-02 -4.290859999999999640e-03 4.141449999999999992e-02 7.877670000000000505e-02 9.466769999999999352e-02 9.004449999999999954e-02 7.377419999999999811e-02 5.251659999999999662e-02 3.131960000000000299e-02 1.432259999999999957e-02 1.305680000000000035e-03 -7.395989999999999856e-03 -1.233390000000000007e-02 -1.510399999999999937e-02 -1.570600000000000121e-02 -1.556890000000000010e-02 -1.489689999999999938e-02 -1.406160000000000049e-02 -1.372160000000000046e-02 -1.334650000000000072e-02 -1.384389999999999926e-02 -1.408659999999999947e-02 -1.508040000000000075e-02 -1.515659999999999924e-02 -1.524110000000000048e-02 -1.335150000000000052e-02 -9.606029999999999777e-03 -2.588809999999999983e-03 9.084409999999999361e-03 2.596069999999999975e-02 4.882679999999999659e-02 7.889169999999999516e-02 1.127979999999999955e-01 1.503869999999999929e-01 1.875479999999999925e-01 2.182560000000000056e-01 2.396949999999999914e-01 2.458539999999999892e-01 2.290840000000000098e-01 1.878620000000000012e-01 1.241000000000000020e-01 4.224350000000000327e-02 -4.835509999999999808e-02 -1.406769999999999965e-01 -2.267419999999999991e-01 -3.015120000000000022e-01 -3.714569999999999816e-01 -4.280900000000000261e-01 -4.454569999999999919e-01 -4.268440000000000012e-01 -3.994079999999999853e-01 -3.600439999999999752e-01 -2.843240000000000212e-01 -1.796679999999999944e-01 -8.035280000000000200e-02 1.301290000000000086e-03 8.233730000000000215e-02 1.714529999999999943e-01 2.483680000000000054e-01 2.836929999999999730e-01 2.671270000000000033e-01 2.133140000000000036e-01 1.475360000000000005e-01 8.983080000000000231e-02 4.877399999999999791e-02 2.386040000000000036e-02 1.060660000000000075e-02 4.314560000000000270e-03 1.615649999999999942e-03 5.597799999999999564e-04 1.802440000000000043e-04 5.414370000000000136e-05 1.522500000000000077e-05 4.019800000000000036e-06 9.992290000000000599e-07 2.344240000000000086e-07 5.202140000000000153e-08 1.094159999999999952e-08 2.185290000000000009e-09 4.151519999999999742e-10 7.513810000000000030e-11 1.297489999999999957e-11 2.140580000000000154e-12 3.378259999999999986e-13 5.106300000000000163e-14 7.400389999999999542e-15 1.029169999999999919e-15 1.353940000000000116e-16 0.000000000000000000e+00
0.000000000000000000e+00 -1.150039999999999916e-02 -1.596550000000000052e-02 -2.649050000000000016e-02 -4.754889999999999811e-02 -6.569750000000000589e-02 -7.015459999999999752e-02 -6.791569999999999552e-02 -8.441269999999999329e-02 -1.235760000000000053e-01 -1.473349999999999937e-01 -1.223159999999999942e-01 -4.847259999999999763e-02 4.648710000000000342e-02 1.258849999999999969e-01 1.700760000000000050e-01 1.789520000000000000e-01 1.631299999999999972e-01 1.342440000000000022e-01 1.031829999999999969e-01 7.574329999999999952e-02 5.375760000000000260e-02 3.830150000000000221e-02 2.765930000000000125e-02 2.112680000000000113e-02 1.752379999999999910e-02 1.542570000000000052e-02 1.479749999999999989e-02 1.439380000000000000e-02 1.437989999999999928e-02 1.445809999999999977e-02 1.428349999999999932e-02 1.470310000000000020e-02 1.495389999999999914e-02 1.662150000000000086e-02 1.937919999999999920e-02 2.472830000000000167e-02 3.371129999999999960e-02 4.751600000000000268e-02 6.768580000000000430e-02 9.640749999999999320e-02 1.331340000000000023e-01 1.800329999999999986e-01 2.348520000000000052e-01 2.936000000000000276e-01 3.517210000000000059e-01 3.997930000000000095e-01 4.281980000000000230e-01 4.281030000000000113e-01 3.924830000000000263e-01 3.183719999999999883e-01 2.090920000000000001e-01 6.792829999999999702e-02 -9.633949999999999458e-02 -2.717970000000000108e-01 -4.490709999999999980e-01 -6.073859999999999815e-01 -7.287949999999999706e-01 -8.132960000000000189e-01 -8.546529999999999960e-01 -8.427390000000000159e-01 -7.852160000000000251e-01 -6.873890000000000278e-01 -5.404130000000000322e-01 -3.545829999999999815e-01 -1.658370000000000122e-01 6.237669999999999847e-03 1.734189999999999898e-01 3.407700000000000173e-01 4.779490000000000127e-01 5.410589999999999566e-01 5.130230000000000068e-01 4.165099999999999913e-01 2.944869999999999988e-01 1.838450000000000084e-01 1.025009999999999949e-01 5.152310000000000223e-02 2.353569999999999968e-02 9.836160000000000042e-03 3.782690000000000011e-03 1.345290000000000071e-03 4.443839999999999791e-04 1.368650000000000118e-04 3.943549999999999877e-05 1.066260000000000020e-05 2.712690000000000027e-06 6.509839999999999746e-07 1.476889999999999932e-07 3.174090000000000069e-08 6.474450000000000116e-09 1.255590000000000004e-09 2.318729999999999964e-10 4.083709999999999772e-11 6.868499999999999662e-12 1.104669999999999977e-12 1.700930000000000003e-13 2.510249999999999957e-14 3.553660000000000241e-15 4.754899999999999620e-16 0.000000000000000000e+00
0.000000000000000000e+00 4.441729999999999637e-03 -2.649050000000000016e-02 -6.157050000000000023e-02 -7.844049999999999634e-02 -1.010869999999999963e-01 -1.324660000000000004e-01 -1.624259999999999871e-01 -2.042329999999999979e-01 -2.530129999999999879e-01 -2.791520000000000112e-01 -2.525419999999999887e-01 -1.600479999999999958e-01 -2.954009999999999969e-02 9.835889999999999911e-02 1.955250000000000044e-01 2.501650000000000262e-01 2.669360000000000066e-01 2.581879999999999731e-01 2.378599999999999881e-01 2.127979999999999872e-01 1.893489999999999895e-01 1.685599999999999876e-01 1.510680000000000078e-01 1.374009999999999954e-01 1.261160000000000059e-01 1.178629999999999955e-01 1.117709999999999954e-01 1.075099999999999945e-01 1.056030000000000024e-01 1.048229999999999995e-01 1.065870000000000012e-01 1.093200000000000005e-01 1.150459999999999955e-01 1.218359999999999999e-01 1.324369999999999992e-01 1.448089999999999933e-01 1.614200000000000079e-01 1.818940000000000001e-01 2.064429999999999876e-01 2.366649999999999865e-01 2.725350000000000272e-01 3.124689999999999968e-01 3.592230000000000145e-01 4.078809999999999936e-01 4.555750000000000077e-01 4.960479999999999889e-01 5.194809999999999706e-01 5.135490000000000332e-01 4.692120000000000180e-01 3.765629999999999811e-01 2.333689999999999931e-01 4.607510000000000078e-02 -1.778059999999999918e-01 -4.162589999999999901e-01 -6.522679999999999589e-01 -8.725540000000000518e-01 -1.044419999999999904e+00 -1.154709999999999903e+00 -1.215659999999999963e+00 -1.213419999999999943e+00 -1.125389999999999890e+00 -9.650940000000000074e-01 -7.584170000000000078e-01 -5.156279999999999752e-01 -2.490469999999999906e-01 1.899930000000000022e-02 2.726270000000000082e-01 4.996570000000000178e-01 6.723010000000000375e-01 7.521970000000000045e-01 7.212180000000000257e-01 6.007209999999999495e-01 4.392860000000000098e-01 2.847870000000000124e-01 1.651509999999999923e-01 8.636499999999999733e-02 4.102039999999999853e-02 1.780779999999999863e-02 7.105249999999999587e-03 2.618409999999999835e-03 8.950839999999999838e-04 2.849269999999999776e-04 8.475020000000000047e-05 2.362800000000000146e-05 6.191629999999999705e-06 1.528869999999999899e-06 3.565560000000000066e-07 7.870230000000000191e-08 1.647369999999999947e-08 3.275780000000000035e-09 6.198290000000000110e-10 1.117710000000000010e-10 1.923549999999999978e-11 3.163529999999999951e-12 4.978220000000000370e-13 7.504379999999999877e-14 1.084550000000000002e-14 1.479799999999999907e-15 0.000000000000000000e+00
0.000000000000000000e+00 -1.391590000000000014e-02 -4.754889999999999811e-02 -7.844049999999999634e-02 -1.081590000000000051e-01 -1.596619999999999984e-01 -2.307069999999999954e-01 -3.139339999999999908e-01 -3.924750000000000183e-01 -4.470470000000000277e-01 -4.725570000000000048e-01 -4.420669999999999877e-01 -3.367820000000000258e-01 -1.733049999999999868e-01 1.374210000000000015e-02 1.788019999999999887e-01 2.979720000000000146e-01 3.657380000000000075e-01 3.932080000000000020e-01 3.936939999999999884e-01 3.787200000000000011e-01 3.570760000000000045e-01 3.326609999999999845e-01 3.097360000000000113e-01 2.884700000000000042e-01 2.701580000000000092e-01 2.557860000000000134e-01 2.439489999999999992e-01 2.366459999999999952e-01 2.321809999999999985e-01 2.314120000000000066e-01 2.346209999999999962e-01 2.402990000000000126e-01 2.510459999999999914e-01 2.636310000000000042e-01 2.811589999999999923e-01 3.009720000000000173e-01 3.240060000000000162e-01 3.492850000000000121e-01 3.766510000000000136e-01 4.030299999999999994e-01 4.314330000000000109e-01 4.561890000000000112e-01 4.788189999999999946e-01 4.982570000000000054e-01 5.129350000000000298e-01 5.193069999999999631e-01 5.135459999999999470e-01 4.879740000000000189e-01 4.295660000000000034e-01 3.276700000000000168e-01 1.687670000000000003e-01 -4.076380000000000281e-02 -2.917919999999999958e-01 -5.683030000000000026e-01 -8.353979999999999739e-01 -1.082270000000000065e+00 -1.297909999999999897e+00 -1.446590000000000042e+00 -1.514969999999999928e+00 -1.501500000000000057e+00 -1.390260000000000051e+00 -1.190809999999999924e+00 -9.391420000000000323e-01 -6.476079999999999615e-01 -3.126999999999999780e-01 4.094339999999999785e-02 3.673040000000000194e-01 6.330700000000000216e-01 8.195080000000000142e-01 9.072179999999999689e-01 8.828129999999999589e-01 7.592989999999999462e-01 5.789210000000000189e-01 3.930230000000000112e-01 2.389600000000000057e-01 1.309460000000000068e-01 6.508060000000000234e-02 2.951010000000000091e-02 1.227460000000000009e-02 4.706440000000000103e-03 1.670859999999999923e-03 5.514100000000000078e-04 1.697629999999999940e-04 4.891450000000000068e-05 1.322889999999999967e-05 3.367019999999999825e-06 8.084400000000000050e-07 1.835199999999999916e-07 3.946649999999999808e-08 8.055459999999999395e-09 1.563199999999999937e-09 2.888609999999999809e-10 5.090489999999999810e-11 8.566879999999999540e-12 1.378600000000000002e-12 2.123870000000000017e-13 3.135099999999999687e-14 4.363950000000000239e-15 0.000000000000000000e+00
0.000000000000000000e+00 -3.830950000000000327e-02 -6.569750000000000589e-02 -1.010869999999999963e-01 -1.596619999999999984e-01 -2.385549999999999893e-01 -3.569220000000000170e-01 -5.092879999999999630e-01 -6.345570000000000377e-01 -7.087799999999999656e-01 -7.310879999999999601e-01 -6.823360000000000536e-01 -5.571019999999999861e-01 -3.554010000000000224e-01 -1.147210000000000035e-01 1.143689999999999984e-01 2.982949999999999768e-01 4.189539999999999931e-01 4.859350000000000058e-01 5.099799999999999889e-01 5.090959999999999930e-01 4.926900000000000168e-01 4.718680000000000097e-01 4.485700000000000243e-01 4.267299999999999982e-01 4.079269999999999841e-01 3.918229999999999769e-01 3.795850000000000057e-01 3.714439999999999964e-01 3.663549999999999862e-01 3.661820000000000075e-01 3.687750000000000195e-01 3.763179999999999858e-01 3.865040000000000142e-01 4.018120000000000025e-01 4.189069999999999738e-01 4.408099999999999796e-01 4.638639999999999985e-01 4.883290000000000131e-01 5.136129999999999862e-01 5.354189999999999783e-01 5.527100000000000346e-01 5.644439999999999458e-01 5.642869999999999830e-01 5.524179999999999646e-01 5.267950000000000133e-01 4.889060000000000072e-01 4.333069999999999977e-01 3.646849999999999814e-01 2.741660000000000208e-01 1.580429999999999890e-01 5.279950000000000268e-03 -1.951839999999999964e-01 -4.316889999999999894e-01 -7.060100000000000264e-01 -9.954979999999999940e-01 -1.259660000000000002e+00 -1.488369999999999971e+00 -1.655280000000000085e+00 -1.723379999999999912e+00 -1.693840000000000012e+00 -1.573890000000000011e+00 -1.361930000000000085e+00 -1.075630000000000086e+00 -7.344049999999999745e-01 -3.444429999999999992e-01 6.612139999999999684e-02 4.381380000000000274e-01 7.246059999999999723e-01 9.136549999999999949e-01 1.005940000000000056e+00 9.965389999999999526e-01 8.883149999999999658e-01 7.092060000000000031e-01 5.063760000000000483e-01 3.240540000000000087e-01 1.866939999999999988e-01 9.735459999999999947e-02 4.620860000000000245e-02 2.007099999999999856e-02 8.018010000000000762e-03 2.959369999999999796e-03 1.013360000000000042e-03 3.231299999999999776e-04 9.627419999999999381e-05 2.688350000000000104e-05 7.055149999999999697e-06 1.744489999999999920e-06 4.073509999999999794e-07 9.001750000000000518e-08 1.886179999999999953e-08 3.754200000000000126e-09 7.109630000000000191e-10 1.283039999999999945e-10 2.209629999999999986e-11 3.636330000000000117e-12 5.725500000000000191e-13 8.632490000000000610e-14 1.225829999999999963e-14 0.000000000000000000e+00
0.000000000000000000e+00 -3.860589999999999855e-02 -7.015459999999999752e-02 -1.324660000000000004e-01 -2.307069999999999954e-01 -3.569220000000000170e-01 -5.329390000000000516e-01 -7.289740000000000109e-01 -8.888749999999999707e-01 -9.881790000000000296e-01 -1.004240000000000022e+00 -9.439539999999999598e-01 -8.050880000000000258e-01 -5.817560000000000509e-01 -3.112190000000000234e-01 -3.099829999999999947e-02 2.065750000000000086e-01 3.814560000000000173e-01 4.915630000000000277e-01 5.485970000000000013e-01 5.708189999999999653e-01 5.733019999999999783e-01 5.658919999999999506e-01 5.526649999999999618e-01 5.401550000000000518e-01 5.274579999999999824e-01 5.158989999999999965e-01 5.084260000000000446e-01 5.009940000000000504e-01 4.986940000000000262e-01 4.976070000000000215e-01 4.997539999999999760e-01 5.056479999999999864e-01 5.119259999999999922e-01 5.236760000000000304e-01 5.342400000000000482e-01 5.489349999999999508e-01 5.628020000000000245e-01 5.773399999999999643e-01 5.885880000000000001e-01 5.987980000000000524e-01 5.981670000000000043e-01 5.907259999999999733e-01 5.676940000000000319e-01 5.286710000000000020e-01 4.655480000000000174e-01 3.856510000000000216e-01 2.862250000000000072e-01 1.724140000000000117e-01 5.250350000000000156e-02 -8.093369999999999731e-02 -2.241799999999999904e-01 -4.014099999999999890e-01 -6.157160000000000410e-01 -8.563460000000000516e-01 -1.127119999999999900e+00 -1.389650000000000052e+00 -1.605439999999999978e+00 -1.761020000000000030e+00 -1.828689999999999927e+00 -1.798200000000000021e+00 -1.679939999999999989e+00 -1.465170000000000083e+00 -1.152199999999999891e+00 -7.697030000000000260e-01 -3.481360000000000010e-01 8.159569999999999323e-02 4.682649999999999868e-01 7.634229999999999627e-01 9.549910000000000343e-01 1.054750000000000076e+00 1.066680000000000073e+00 9.865350000000000508e-01 8.256099999999999550e-01 6.206970000000000542e-01 4.185309999999999864e-01 2.537249999999999783e-01 1.389100000000000057e-01 6.904580000000000439e-02 3.132650000000000018e-02 1.304029999999999946e-02 5.004139999999999804e-03 1.777949999999999930e-03 5.871640000000000453e-04 1.808810000000000051e-04 5.214490000000000282e-05 1.410850000000000053e-05 3.592080000000000174e-06 8.626930000000000342e-07 1.958709999999999941e-07 4.212749999999999788e-08 8.599119999999999976e-09 1.668720000000000003e-09 3.083519999999999915e-10 5.433639999999999938e-11 9.143560000000000270e-12 1.471220000000000066e-12 2.265449999999999955e-13 3.281420000000000219e-14 0.000000000000000000e+00
0.000000000000000000e+00 -2.567470000000000169e-02 -6.791569999999999552e-02 -1.624259999999999871e-01 -3.139339999999999908e-01 -5.092879999999999630e-01 -7.289740000000000109e-01 -9.446980000000000377e-01 -1.135450000000000070e+00 -1.248680000000000012e+00 -1.260029999999999983e+00 -1.195969999999999978e+00 -1.052110000000000101e+00 -8.406540000000000123e-01 -5.710159999999999680e-01 -2.747669999999999835e-01 -2.832419999999999990e-03 2.227059999999999873e-01 3.796990000000000087e-01 4.831280000000000019e-01 5.427640000000000242e-01 5.786769999999999969e-01 5.935049999999999493e-01 6.036249999999999671e-01 6.058120000000000172e-01 6.060919999999999641e-01 6.050480000000000302e-01 6.036270000000000246e-01 6.014969999999999484e-01 6.014690000000000314e-01 6.004009999999999625e-01 6.016209999999999614e-01 6.025530000000000053e-01 6.043479999999999963e-01 6.054950000000000054e-01 6.067540000000000155e-01 6.052070000000000505e-01 6.020400000000000196e-01 5.956740000000000368e-01 5.827409999999999535e-01 5.663049999999999473e-01 5.411460000000000159e-01 5.063109999999999555e-01 4.597229999999999928e-01 3.991430000000000256e-01 3.206040000000000001e-01 2.166609999999999925e-01 9.638810000000000433e-02 -4.896350000000000008e-02 -1.971179999999999877e-01 -3.479889999999999928e-01 -4.968799999999999883e-01 -6.458460000000000312e-01 -8.246759999999999646e-01 -1.022299999999999986e+00 -1.232939999999999925e+00 -1.449480000000000102e+00 -1.635440000000000005e+00 -1.773009999999999975e+00 -1.843830000000000080e+00 -1.821630000000000082e+00 -1.703279999999999905e+00 -1.484450000000000047e+00 -1.160430000000000073e+00 -7.634980000000000100e-01 -3.417749999999999955e-01 7.348100000000000465e-02 4.501450000000000173e-01 7.480290000000000550e-01 9.486940000000000373e-01 1.062769999999999992e+00 1.100270000000000081e+00 1.054980000000000029e+00 9.242320000000000535e-01 7.308729999999999949e-01 5.189030000000000031e-01 3.308380000000000210e-01 1.900810000000000000e-01 9.890150000000000330e-02 4.685260000000000119e-02 2.031509999999999913e-02 8.102180000000000493e-03 2.985750000000000123e-03 1.020850000000000013e-03 3.250439999999999731e-04 9.670699999999999414e-05 2.696710000000000139e-05 7.067599999999999892e-06 1.745279999999999916e-06 4.070190000000000264e-07 8.983290000000000233e-08 1.880059999999999896e-08 3.737640000000000340e-09 7.070269999999999615e-10 1.274539999999999923e-10 2.192660000000000070e-11 3.604679999999999944e-12 5.667840000000000212e-13 8.372469999999999513e-14 0.000000000000000000e+00
0.000000000000000000e+00 -2.396550000000000069e-02 -8.441269999999999329e-02 -2.042329999999999979e-01 -3.924750000000000183e-01 -6.345570000000000377e-01 -8.888749999999999707e-01 -1.135450000000000070e+00 -1.346600000000000019e+00 -1.463449999999999918e+00 -1.482920000000000016e+00 -1.422190000000000065e+00 -1.301739999999999897e+00 -1.132139999999999924e+00 -8.900979999999999448e-01 -6.032009999999999872e-01 -3.002779999999999894e-01 -3.210670000000000190e-02 1.788190000000000057e-01 3.314940000000000109e-01 4.338279999999999914e-01 4.994480000000000031e-01 5.417349999999999666e-01 5.715959999999999930e-01 5.888069999999999693e-01 6.022319999999999895e-01 6.114549999999999708e-01 6.149790000000000534e-01 6.207770000000000232e-01 6.198930000000000273e-01 6.219569999999999821e-01 6.199409999999999643e-01 6.170109999999999761e-01 6.139069999999999805e-01 6.046470000000000455e-01 5.967869999999999564e-01 5.800689999999999458e-01 5.612909999999999844e-01 5.334870000000000445e-01 4.999460000000000015e-01 4.541370000000000129e-01 4.032890000000000086e-01 3.382800000000000251e-01 2.678550000000000098e-01 1.821840000000000126e-01 9.232129999999999503e-02 -1.598379999999999940e-02 -1.373570000000000069e-01 -2.821440000000000059e-01 -4.497269999999999879e-01 -6.148500000000000076e-01 -7.750460000000000127e-01 -9.082099999999999618e-01 -1.028980000000000006e+00 -1.159880000000000022e+00 -1.299080000000000013e+00 -1.450870000000000104e+00 -1.595920000000000005e+00 -1.710930000000000062e+00 -1.777190000000000047e+00 -1.758140000000000036e+00 -1.636679999999999913e+00 -1.419640000000000013e+00 -1.111369999999999969e+00 -7.374330000000000052e-01 -3.457879999999999843e-01 3.393999999999999795e-02 3.870299999999999851e-01 6.855019999999999447e-01 9.028429999999999511e-01 1.038910000000000000e+00 1.104659999999999975e+00 1.096249999999999947e+00 1.002529999999999921e+00 8.318940000000000223e-01 6.207770000000000232e-01 4.157049999999999912e-01 2.503859999999999975e-01 1.362549999999999872e-01 6.734510000000000496e-02 3.039450000000000138e-02 1.259039999999999986e-02 4.809420000000000014e-03 1.701459999999999908e-03 5.596530000000000168e-04 1.717570000000000023e-04 4.933939999999999724e-05 1.330490000000000030e-05 3.376790000000000156e-06 8.085699999999999936e-07 1.830630000000000028e-07 3.926729999999999984e-08 7.994869999999999711e-09 1.547699999999999939e-09 2.853309999999999942e-10 5.016930000000000273e-11 8.424599999999999464e-12 1.352270000000000053e-12 2.036639999999999993e-13 0.000000000000000000e+00
0.000000000000000000e+00 -4.055439999999999739e-02 -1.235760000000000053e-01 -2.530129999999999879e-01 -4.470470000000000277e-01 -7.087799999999999656e-01 -9.881790000000000296e-01 -1.248680000000000012e+00 -1.463449999999999918e+00 -1.604049999999999976e+00 -1.662009999999999987e+00 -1.644600000000000062e+00 -1.581420000000000048e+00 -1.454390000000000072e+00 -1.243670000000000053e+00 -9.600589999999999957e-01 -6.374649999999999483e-01 -3.360469999999999846e-01 -7.791449999999999765e-02 1.111079999999999984e-01 2.460589999999999999e-01 3.330739999999999812e-01 3.974480000000000235e-01 4.361280000000000157e-01 4.684369999999999923e-01 4.893770000000000064e-01 5.063050000000000050e-01 5.168289999999999829e-01 5.257819999999999716e-01 5.282229999999999981e-01 5.302099999999999591e-01 5.269719999999999960e-01 5.208059999999999912e-01 5.117129999999999734e-01 4.970160000000000133e-01 4.786830000000000251e-01 4.542249999999999899e-01 4.233759999999999746e-01 3.840060000000000140e-01 3.378129999999999744e-01 2.780309999999999726e-01 2.102169999999999872e-01 1.270360000000000100e-01 3.441240000000000271e-02 -6.924299999999999899e-02 -1.839359999999999884e-01 -3.019470000000000209e-01 -4.269319999999999782e-01 -5.516269999999999785e-01 -6.982399999999999718e-01 -8.521290000000000253e-01 -9.975519999999999943e-01 -1.116900000000000004e+00 -1.197510000000000074e+00 -1.261230000000000073e+00 -1.326359999999999983e+00 -1.410800000000000054e+00 -1.507309999999999928e+00 -1.585809999999999942e+00 -1.627650000000000041e+00 -1.602980000000000071e+00 -1.488140000000000018e+00 -1.293730000000000047e+00 -1.031539999999999901e+00 -7.132749999999999924e-01 -3.722770000000000246e-01 -3.580309999999999743e-02 2.898459999999999925e-01 5.878989999999999494e-01 8.264700000000000379e-01 9.904819999999999736e-01 1.086200000000000054e+00 1.113820000000000032e+00 1.059600000000000097e+00 9.197039999999999660e-01 7.195939999999999559e-01 5.052069999999999617e-01 3.185509999999999731e-01 1.810890000000000000e-01 9.328649999999999443e-02 4.378359999999999891e-02 1.882129999999999914e-02 7.446679999999999792e-03 2.723919999999999900e-03 9.249300000000000230e-04 2.926200000000000003e-04 8.654090000000000350e-05 2.399759999999999873e-05 6.256440000000000190e-06 1.537390000000000031e-06 3.568780000000000011e-07 7.842339999999999535e-08 1.634530000000000145e-08 3.236889999999999976e-09 6.100509999999999854e-10 1.095889999999999976e-10 1.879070000000000070e-11 3.078050000000000198e-12 4.724949999999999976e-13 0.000000000000000000e+00
0.000000000000000000e+00 -5.385170000000000234e-02 -1.473349999999999937e-01 -2.791520000000000112e-01 -4.725570000000000048e-01 -7.310879999999999601e-01 -1.004240000000000022e+00 -1.260029999999999983e+00 -1.482920000000000016e+00 -1.662009999999999987e+00 -1.786249999999999893e+00 -1.846729999999999983e+00 -1.842729999999999979e+00 -1.756399999999999961e+00 -1.581679999999999975e+00 -1.320559999999999956e+00 -1.008969999999999922e+00 -6.883080000000000309e-01 -4.065130000000000132e-01 -1.872999999999999943e-01 -2.651150000000000034e-02 8.550389999999999380e-02 1.640060000000000129e-01 2.193519999999999914e-01 2.630529999999999813e-01 2.946449999999999902e-01 3.190749999999999975e-01 3.387749999999999928e-01 3.488180000000000169e-01 3.577949999999999742e-01 3.569089999999999763e-01 3.538080000000000114e-01 3.437760000000000260e-01 3.272720000000000073e-01 3.076559999999999850e-01 2.773599999999999954e-01 2.450400000000000078e-01 2.012929999999999997e-01 1.526520000000000099e-01 9.362170000000000214e-02 2.705660000000000009e-02 -5.137110000000000287e-02 -1.370609999999999884e-01 -2.402459999999999873e-01 -3.472790000000000044e-01 -4.667060000000000097e-01 -5.904989999999999961e-01 -7.145730000000000137e-01 -8.241610000000000325e-01 -9.271190000000000264e-01 -1.038180000000000103e+00 -1.149429999999999952e+00 -1.242010000000000058e+00 -1.296019999999999950e+00 -1.320529999999999982e+00 -1.327609999999999957e+00 -1.338529999999999998e+00 -1.368610000000000104e+00 -1.396169999999999911e+00 -1.403469999999999995e+00 -1.374959999999999960e+00 -1.287020000000000053e+00 -1.141489999999999894e+00 -9.479710000000000081e-01 -7.034979999999999567e-01 -4.217679999999999763e-01 -1.274260000000000115e-01 1.723709999999999964e-01 4.683959999999999790e-01 7.282690000000000552e-01 9.230840000000000156e-01 1.049800000000000066e+00 1.111380000000000035e+00 1.096090000000000009e+00 9.916629999999999612e-01 8.112570000000000059e-01 5.958590000000000275e-01 3.926490000000000258e-01 2.328479999999999994e-01 1.248650000000000038e-01 6.087769999999999987e-02 2.713000000000000134e-02 1.110730000000000051e-02 4.197189999999999949e-03 1.470050000000000089e-03 4.790549999999999865e-04 1.457540000000000007e-04 4.153289999999999668e-05 1.111560000000000078e-05 2.801300000000000183e-06 6.663370000000000460e-07 1.499249999999999876e-07 3.197089999999999679e-08 6.473399999999999587e-09 1.246639999999999947e-09 2.286939999999999963e-10 4.002280000000000189e-11 6.687770000000000290e-12 1.045920000000000051e-12 0.000000000000000000e+00
0.000000000000000000e+00 -4.095150000000000179e-02 -1.223159999999999942e-01 -2.525419999999999887e-01 -4.420669999999999877e-01 -6.823360000000000536e-01 -9.439539999999999598e-01 -1.195969999999999978e+00 -1.422190000000000065e+00 -1.644600000000000062e+00 -1.846729999999999983e+00 -1.980879999999999974e+00 -2.030710000000000015e+00 -1.991950000000000109e+00 -1.872449999999999948e+00 -1.667699999999999960e+00 -1.388430000000000053e+00 -1.076009999999999911e+00 -7.844259999999999566e-01 -5.402379999999999960e-01 -3.549260000000000193e-01 -2.204250000000000098e-01 -1.251289999999999902e-01 -5.267859999999999904e-02 -5.111710000000000429e-04 4.193009999999999793e-02 7.286589999999999734e-02 9.716850000000000487e-02 1.119259999999999977e-01 1.215750000000000025e-01 1.220129999999999965e-01 1.168529999999999985e-01 1.040289999999999965e-01 8.333469999999999767e-02 5.649900000000000061e-02 2.013229999999999881e-02 -2.242639999999999911e-02 -7.447639999999999816e-02 -1.337220000000000075e-01 -2.011290000000000022e-01 -2.755290000000000239e-01 -3.582790000000000141e-01 -4.428179999999999894e-01 -5.359880000000000200e-01 -6.346399999999999819e-01 -7.334100000000000064e-01 -8.376909999999999634e-01 -9.460199999999999720e-01 -1.039239999999999942e+00 -1.108519999999999950e+00 -1.167180000000000106e+00 -1.231170000000000098e+00 -1.297870000000000079e+00 -1.330580000000000096e+00 -1.320990000000000109e+00 -1.280589999999999895e+00 -1.223729999999999984e+00 -1.180080000000000018e+00 -1.153189999999999937e+00 -1.133520000000000083e+00 -1.114840000000000053e+00 -1.072969999999999979e+00 -9.933959999999999457e-01 -8.764910000000000201e-01 -7.088649999999999674e-01 -4.864100000000000090e-01 -2.298739999999999950e-01 4.721820000000000184e-02 3.386390000000000233e-01 6.160099999999999465e-01 8.411210000000000075e-01 9.990970000000000129e-01 1.092479999999999896e+00 1.113779999999999992e+00 1.046640000000000015e+00 8.925720000000000320e-01 6.842310000000000336e-01 4.703169999999999851e-01 2.904840000000000200e-01 1.619299999999999906e-01 8.190630000000000133e-02 3.779659999999999964e-02 1.599520000000000108e-02 6.237529999999999811e-03 2.251250000000000213e-03 7.549899999999999797e-04 2.361130000000000076e-04 6.908220000000000072e-05 1.896489999999999862e-05 4.898149999999999851e-06 1.193060000000000017e-06 2.746689999999999828e-07 5.989019999999999984e-08 1.239129999999999959e-08 2.436949999999999944e-09 4.562930000000000083e-10 8.146109999999999749e-11 1.387870000000000063e-11 2.210310000000000101e-12 0.000000000000000000e+00
0.000000000000000000e+00 -4.290859999999999640e-03 -4.847259999999999763e-02 -1.600479999999999958e-01 -3.367820000000000258e-01 -5.571019999999999861e-01 -8.050880000000000258e-01 -1.052110000000000101e+00 -1.301739999999999897e+00 -1.581420000000000048e+00 -1.842729999999999979e+00 -2.030710000000000015e+00 -2.125680000000000014e+00 -2.143209999999999837e+00 -2.101069999999999993e+00 -1.963100000000000067e+00 -1.731200000000000072e+00 -1.440549999999999997e+00 -1.148910000000000098e+00 -8.909709999999999575e-01 -6.888859999999999983e-01 -5.415510000000000046e-01 -4.355419999999999847e-01 -3.593259999999999788e-01 -3.030990000000000073e-01 -2.590899999999999870e-01 -2.265340000000000131e-01 -2.013459999999999972e-01 -1.850809999999999955e-01 -1.754900000000000071e-01 -1.743919999999999915e-01 -1.798700000000000021e-01 -1.935620000000000118e-01 -2.146959999999999980e-01 -2.430529999999999913e-01 -2.799490000000000034e-01 -3.242670000000000274e-01 -3.752420000000000200e-01 -4.362480000000000246e-01 -5.010860000000000314e-01 -5.727750000000000341e-01 -6.517429999999999612e-01 -7.294340000000000268e-01 -8.080659999999999510e-01 -8.875600000000000156e-01 -9.605799999999999894e-01 -1.024650000000000061e+00 -1.098810000000000064e+00 -1.175189999999999957e+00 -1.226499999999999924e+00 -1.252040000000000042e+00 -1.261919999999999931e+00 -1.279199999999999893e+00 -1.285940000000000083e+00 -1.248879999999999990e+00 -1.167170000000000041e+00 -1.056740000000000013e+00 -9.565029999999999921e-01 -8.914499999999999647e-01 -8.617550000000000487e-01 -8.657449999999999868e-01 -8.779099999999999682e-01 -8.664330000000000087e-01 -8.204209999999999559e-01 -7.223519999999999941e-01 -5.552200000000000468e-01 -3.329849999999999755e-01 -7.623000000000000609e-02 2.075639999999999985e-01 4.963569999999999927e-01 7.484009999999999829e-01 9.369180000000000286e-01 1.060230000000000006e+00 1.115089999999999915e+00 1.084850000000000092e+00 9.614580000000000348e-01 7.673079999999999901e-01 5.490209999999999813e-01 3.525550000000000073e-01 2.039849999999999997e-01 1.068940000000000029e-01 5.101139999999999841e-02 2.228700000000000125e-02 8.958850000000000841e-03 3.328370000000000200e-03 1.147540000000000062e-03 3.685280000000000196e-04 1.106089999999999976e-04 3.112000000000000020e-05 8.230260000000000378e-06 2.051149999999999835e-06 4.828180000000000291e-07 1.075680000000000008e-07 2.272639999999999961e-08 4.561420000000000157e-09 8.711779999999999668e-10 1.585650000000000103e-10 2.752879999999999959e-11 4.462089999999999620e-12 0.000000000000000000e+00
0.000000000000000000e+00 4.141449999999999992e-02 4.648710000000000342e-02 -2.954009999999999969e-02 -1.733049999999999868e-01 -3.554010000000000224e-01 -5.817560000000000509e-01 -8.406540000000000123e-01 -1.132139999999999924e+00 -1.454390000000000072e+00 -1.756399999999999961e+00 -1.991950000000000109e+00 -2.143209999999999837e+00 -2.240479999999999805e+00 -2.266039999999999832e+00 -2.179590000000000138e+00 -1.990210000000000035e+00 -1.730450000000000044e+00 -1.454050000000000065e+00 -1.191599999999999993e+00 -9.905270000000000463e-01 -8.396350000000000202e-01 -7.361929999999999863e-01 -6.610859999999999514e-01 -6.104020000000000001e-01 -5.673439999999999594e-01 -5.396159999999999846e-01 -5.143739999999999979e-01 -5.005500000000000504e-01 -4.914180000000000215e-01 -4.896209999999999729e-01 -4.968239999999999879e-01 -5.069970000000000310e-01 -5.289850000000000385e-01 -5.529560000000000031e-01 -5.855569999999999942e-01 -6.249989999999999712e-01 -6.665320000000000134e-01 -7.161079999999999668e-01 -7.713219999999999521e-01 -8.239220000000000432e-01 -8.875680000000000236e-01 -9.501819999999999711e-01 -1.008659999999999890e+00 -1.072109999999999896e+00 -1.132109999999999950e+00 -1.170830000000000037e+00 -1.195380000000000109e+00 -1.233279999999999932e+00 -1.263560000000000016e+00 -1.264499999999999957e+00 -1.234820000000000029e+00 -1.195249999999999924e+00 -1.153699999999999948e+00 -1.089390000000000081e+00 -9.899839999999999751e-01 -8.580160000000000009e-01 -7.317960000000000020e-01 -6.524889999999999857e-01 -6.274600000000000177e-01 -6.564910000000000467e-01 -7.166510000000000380e-01 -7.639019999999999699e-01 -7.758019999999999916e-01 -7.352999999999999536e-01 -6.183610000000000495e-01 -4.291329999999999867e-01 -1.920250000000000012e-01 8.126469999999999527e-02 3.748259999999999925e-01 6.485090000000000021e-01 8.656890000000000418e-01 1.017339999999999911e+00 1.102729999999999988e+00 1.107499999999999929e+00 1.016950000000000021e+00 8.427259999999999751e-01 6.263100000000000334e-01 4.173680000000000168e-01 2.502249999999999752e-01 1.356410000000000116e-01 6.684560000000000501e-02 3.011130000000000057e-02 1.246129999999999981e-02 4.759890000000000128e-03 1.685249999999999899e-03 5.551679999999999809e-04 1.707550000000000007e-04 4.918889999999999927e-05 1.330859999999999994e-05 3.390670000000000013e-06 8.153549999999999845e-07 1.854589999999999933e-07 3.998059999999999737e-08 8.183510000000000002e-09 1.593130000000000060e-09 2.954299999999999817e-10 5.223119999999999821e-11 8.611129999999999478e-12 0.000000000000000000e+00
0.000000000000000000e+00 7.877670000000000505e-02 1.258849999999999969e-01 9.835889999999999911e-02 1.374210000000000015e-02 -1.147210000000000035e-01 -3.112190000000000234e-01 -5.710159999999999680e-01 -8.900979999999999448e-01 -1.243670000000000053e+00 -1.581679999999999975e+00 -1.872449999999999948e+00 -2.101069999999999993e+00 -2.266039999999999832e+00 -2.332289999999999974e+00 -2.295490000000000030e+00 -2.165519999999999889e+00 -1.957920000000000105e+00 -1.697400000000000020e+00 -1.447740000000000027e+00 -1.249619999999999953e+00 -1.095020000000000104e+00 -9.898540000000000116e-01 -9.203879999999999839e-01 -8.687610000000000054e-01 -8.335010000000000474e-01 -8.065430000000000099e-01 -7.868849999999999456e-01 -7.727309999999999457e-01 -7.670949999999999713e-01 -7.635509999999999797e-01 -7.707000000000000517e-01 -7.801069999999999949e-01 -7.963050000000000406e-01 -8.207659999999999956e-01 -8.441060000000000230e-01 -8.788040000000000296e-01 -9.132510000000000350e-01 -9.481950000000000101e-01 -9.924399999999999888e-01 -1.030319999999999903e+00 -1.067420000000000035e+00 -1.113469999999999960e+00 -1.146160000000000068e+00 -1.175049999999999928e+00 -1.213859999999999939e+00 -1.243370000000000086e+00 -1.240769999999999929e+00 -1.227090000000000014e+00 -1.215689999999999937e+00 -1.187359999999999971e+00 -1.120759999999999978e+00 -1.036620000000000097e+00 -9.584399999999999586e-01 -8.747819999999999485e-01 -7.776809999999999556e-01 -6.593010000000000259e-01 -5.401270000000000238e-01 -4.659730000000000261e-01 -4.515509999999999802e-01 -4.976720000000000033e-01 -5.896810000000000107e-01 -6.806039999999999868e-01 -7.366800000000000015e-01 -7.415990000000000082e-01 -6.694679999999999520e-01 -5.134670000000000067e-01 -2.968520000000000048e-01 -3.651730000000000254e-02 2.557679999999999954e-01 5.448899999999999855e-01 7.877239999999999798e-01 9.661480000000000068e-01 1.079339999999999966e+00 1.116419999999999968e+00 1.059080000000000021e+00 9.088889999999999469e-01 7.000199999999999756e-01 4.831409999999999871e-01 2.996130000000000182e-01 1.677329999999999932e-01 8.523419999999999608e-02 3.952989999999999976e-02 1.681929999999999883e-02 6.596920000000000041e-03 2.395589999999999959e-03 8.085870000000000427e-04 2.545819999999999962e-04 7.500770000000000354e-05 2.074069999999999947e-05 5.396700000000000355e-06 1.324529999999999963e-06 3.073149999999999960e-07 6.754110000000000120e-08 1.408719999999999991e-08 2.793199999999999826e-09 5.273299999999999771e-10 9.487280000000000505e-11 1.589829999999999901e-11 0.000000000000000000e+00
