0	0	0	0	0	0	0	0	0	0	0	0	0	0	0	0	0	0	0	0	0	0	0	0	0	0	0	0	0	0	0	0	0	0	0	0	0	0	0	0	0	0	0	0	0	0	0	0	0	0	0	0	0	0	0	0	0	0	0	0	0	0	0	0	0	0	0	0	0	0	0	0	0	0	0	0	0	0	0	0	0	0	0	0	0	0	0	0	0	0	0	0	0	0	0	0	0	0	0	0	
0	-0.00536657	-0.0149473	-0.03351	-0.0596592	-0.0962264	-0.13605	-0.174693	-0.203128	-0.219831	-0.224389	-0.217247	-0.20261	-0.182915	-0.161426	-0.136761	-0.110874	-0.0834909	-0.0554661	-0.0294625	-0.0119169	-0.00581402	-0.0122689	-0.031757	-0.0619346	-0.0971057	-0.135048	-0.173954	-0.21044	-0.240545	-0.264914	-0.284894	-0.296776	-0.303472	-0.305881	-0.305247	-0.302442	-0.300768	-0.301684	-0.309736	-0.321682	-0.336728	-0.34925	-0.35671	-0.357665	-0.35403	-0.346856	-0.340004	-0.336246	-0.336318	-0.337305	-0.341986	-0.350641	-0.358648	-0.371651	-0.389987	-0.412583	-0.437833	-0.456899	-0.463476	-0.458031	-0.436007	-0.395707	-0.339651	-0.273984	-0.20526	-0.141629	-0.0873952	-0.0497534	-0.0306754	-0.0287585	-0.0408889	-0.0597043	-0.0816746	-0.103891	-0.126234	-0.146648	-0.167752	-0.190868	-0.210411	-0.22299	-0.226376	-0.215777	-0.193178	-0.163501	-0.129884	-0.0995436	-0.0709027	-0.0446083	-0.0238331	-0.0047625	0.00862868	0.0111944	0.00398653	-0.0101129	-0.0266563	-0.0378801	-0.036394	-0.0220588	0	
0	-0.0149473	-0.0381301	-0.0741979	-0.125624	-0.191574	-0.265413	-0.334124	-0.385607	-0.415731	-0.424417	-0.412756	-0.386017	-0.349137	-0.30602	-0.255272	-0.200786	-0.145816	-0.0911723	-0.0456357	-0.0171645	-0.011559	-0.0273582	-0.0629446	-0.117146	-0.177884	-0.245802	-0.318245	-0.387125	-0.444521	-0.489321	-0.522001	-0.541122	-0.549843	-0.557118	-0.562922	-0.568062	-0.573743	-0.582245	-0.596083	-0.616133	-0.638995	-0.66054	-0.67432	-0.680705	-0.675892	-0.663843	-0.648515	-0.635738	-0.6297	-0.628728	-0.637569	-0.656995	-0.679785	-0.709002	-0.745332	-0.787645	-0.831799	-0.86076	-0.867376	-0.853351	-0.806884	-0.726514	-0.620458	-0.498914	-0.373977	-0.256695	-0.15734	-0.0895477	-0.05599	-0.0528909	-0.0727024	-0.109537	-0.153863	-0.199597	-0.244921	-0.285645	-0.330276	-0.374399	-0.409518	-0.43116	-0.438147	-0.423928	-0.385783	-0.334541	-0.2735	-0.211715	-0.151955	-0.0995648	-0.0612166	-0.0312907	-0.016047	-0.0177664	-0.0305258	-0.0496259	-0.0667756	-0.0741766	-0.0641209	-0.0362421	0	
0	-0.03351	-0.0741979	-0.131649	-0.201328	-0.291182	-0.384791	-0.473768	-0.538242	-0.577493	-0.591002	-0.577865	-0.544702	-0.493378	-0.429527	-0.349565	-0.263769	-0.177898	-0.0999084	-0.0382385	-0.00647765	-0.00486522	-0.0276245	-0.0719373	-0.13405	-0.205445	-0.288761	-0.383585	-0.479571	-0.560008	-0.621349	-0.665979	-0.687984	-0.702571	-0.718833	-0.740338	-0.762536	-0.783421	-0.798248	-0.816445	-0.834643	-0.859995	-0.88599	-0.909652	-0.924591	-0.928472	-0.917346	-0.897465	-0.877677	-0.865502	-0.858886	-0.869758	-0.899806	-0.932951	-0.979293	-1.03545	-1.09608	-1.15602	-1.1926	-1.19158	-1.15822	-1.08367	-0.965936	-0.814082	-0.645535	-0.476786	-0.325526	-0.198814	-0.111544	-0.0660843	-0.0586927	-0.0844181	-0.129791	-0.189798	-0.258837	-0.334042	-0.404687	-0.472633	-0.538014	-0.587923	-0.61847	-0.630509	-0.614357	-0.572488	-0.511685	-0.433263	-0.353694	-0.27158	-0.19721	-0.1469	-0.110842	-0.0931942	-0.0956525	-0.104303	-0.10986	-0.109642	-0.0992949	-0.0741658	-0.0389309	0	
0	-0.0596592	-0.125624	-0.201328	-0.28845	-0.388227	-0.492885	-0.587562	-0.658279	-0.703065	-0.722843	-0.71445	-0.680355	-0.620716	-0.537995	-0.429998	-0.310414	-0.19449	-0.0908045	-0.0157814	0.0218231	0.0226147	8.98064e-05	-0.0388889	-0.0958995	-0.160917	-0.2449	-0.350169	-0.46123	-0.558232	-0.633965	-0.688791	-0.722661	-0.747796	-0.782779	-0.825543	-0.867803	-0.900842	-0.920597	-0.932988	-0.946535	-0.967435	-0.997476	-1.02986	-1.06157	-1.07997	-1.08264	-1.07095	-1.05365	-1.03986	-1.02987	-1.03819	-1.06895	-1.11035	-1.16729	-1.23836	-1.31774	-1.39484	-1.43597	-1.42795	-1.37725	-1.26966	-1.10918	-0.91608	-0.712419	-0.517577	-0.345433	-0.203326	-0.105806	-0.052224	-0.0372782	-0.0546951	-0.103006	-0.176035	-0.268225	-0.373732	-0.476243	-0.580519	-0.673258	-0.739075	-0.776331	-0.792279	-0.782103	-0.742061	-0.685343	-0.610403	-0.527808	-0.440664	-0.361097	-0.304581	-0.259711	-0.230451	-0.214138	-0.195494	-0.170029	-0.138259	-0.103945	-0.067374	-0.0309872	0	
0	-0.0962264	-0.191574	-0.291182	-0.388227	-0.494847	-0.596423	-0.689491	-0.756587	-0.802731	-0.827001	-0.823132	-0.790977	-0.725287	-0.628897	-0.497016	-0.35154	-0.20891	-0.0865533	0.00348825	0.0476427	0.0541263	0.0408186	0.0146831	-0.0241177	-0.07162	-0.141327	-0.237933	-0.348618	-0.448033	-0.530987	-0.600947	-0.650286	-0.698015	-0.754555	-0.818176	-0.874633	-0.914533	-0.931424	-0.941642	-0.949828	-0.973137	-1.00783	-1.05191	-1.09596	-1.13184	-1.15068	-1.15472	-1.15123	-1.14799	-1.14071	-1.14879	-1.1807	-1.21913	-1.28055	-1.36163	-1.45259	-1.53921	-1.58338	-1.56272	-1.48757	-1.3528	-1.16342	-0.94035	-0.712144	-0.500294	-0.319509	-0.170442	-0.0653937	-0.00310497	0.0200075	0.00353086	-0.0470034	-0.131696	-0.24628	-0.382041	-0.516189	-0.643132	-0.755379	-0.836356	-0.884849	-0.91089	-0.908479	-0.882229	-0.840658	-0.781636	-0.721477	-0.650746	-0.578516	-0.521657	-0.460449	-0.400253	-0.346841	-0.28847	-0.225458	-0.166422	-0.115093	-0.0690812	-0.0304633	0	
0	-0.13605	-0.265413	-0.384791	-0.492885	-0.596423	-0.692052	-0.773369	-0.832927	-0.874231	-0.899036	-0.897309	-0.866329	-0.799373	-0.696585	-0.554951	-0.395315	-0.240882	-0.104448	-0.00415045	0.0513079	0.0677103	0.0671121	0.0587976	0.0401025	0.0169644	-0.0266205	-0.100173	-0.189674	-0.276122	-0.355823	-0.432264	-0.499136	-0.564797	-0.641496	-0.720839	-0.787252	-0.831124	-0.850081	-0.859243	-0.872262	-0.900211	-0.944345	-0.997293	-1.05327	-1.09985	-1.13173	-1.14875	-1.15869	-1.16805	-1.17212	-1.19084	-1.23026	-1.27796	-1.34258	-1.42329	-1.51135	-1.59231	-1.62207	-1.58497	-1.49427	-1.3409	-1.13435	-0.90082	-0.667852	-0.453284	-0.268322	-0.11324	-0.00135688	0.066399	0.0903892	0.0713791	0.0093253	-0.09156	-0.223574	-0.373697	-0.516486	-0.654842	-0.776402	-0.86591	-0.925287	-0.967397	-0.988152	-0.983733	-0.967695	-0.937047	-0.900357	-0.851135	-0.792941	-0.73578	-0.659851	-0.571652	-0.482619	-0.388649	-0.296494	-0.21655	-0.150909	-0.0938053	-0.0431133	0	
0	-0.174693	-0.334124	-0.473768	-0.587562	-0.689491	-0.773369	-0.842426	-0.887814	-0.91957	-0.936886	-0.931236	-0.89921	-0.833914	-0.736522	-0.599157	-0.445155	-0.290688	-0.152534	-0.042877	0.0231367	0.0526341	0.068045	0.0790563	0.0857151	0.093058	0.0834209	0.04627	-0.0132205	-0.0756001	-0.143116	-0.219653	-0.291736	-0.368048	-0.453715	-0.54182	-0.615466	-0.664248	-0.686561	-0.701848	-0.720605	-0.760455	-0.81551	-0.881006	-0.946021	-0.999732	-1.03605	-1.05876	-1.07735	-1.10161	-1.12466	-1.16431	-1.22659	-1.28828	-1.36031	-1.43892	-1.51655	-1.57929	-1.5899	-1.53101	-1.4211	-1.26078	-1.05473	-0.824137	-0.595968	-0.388486	-0.208578	-0.0559484	0.0536337	0.118125	0.137781	0.11115	0.0410875	-0.0656988	-0.199331	-0.345836	-0.482782	-0.61124	-0.728108	-0.824304	-0.89974	-0.964884	-1.01146	-1.03774	-1.0505	-1.04661	-1.03802	-1.00689	-0.956638	-0.899015	-0.810719	-0.704611	-0.597466	-0.486613	-0.380395	-0.287612	-0.208392	-0.135067	-0.0644219	0	
0	-0.203128	-0.385607	-0.538242	-0.658279	-0.756587	-0.832927	-0.887814	-0.919783	-0.936269	-0.941793	-0.92753	-0.894394	-0.837623	-0.755742	-0.639766	-0.503462	-0.363104	-0.227885	-0.114325	-0.0371849	0.00621326	0.039978	0.0752228	0.112877	0.154888	0.183744	0.181127	0.153481	0.114359	0.0645684	0.000184316	-0.064727	-0.135298	-0.220086	-0.311903	-0.391267	-0.446875	-0.473568	-0.491115	-0.515906	-0.562368	-0.629396	-0.70715	-0.781967	-0.842033	-0.88218	-0.907482	-0.934136	-0.972593	-1.01552	-1.08059	-1.16525	-1.24686	-1.32736	-1.40518	-1.47405	-1.52499	-1.51936	-1.44668	-1.32725	-1.15935	-0.952315	-0.72842	-0.514046	-0.322016	-0.161164	-0.0281258	0.0663561	0.119147	0.129511	0.0995442	0.037027	-0.052705	-0.164518	-0.286875	-0.401488	-0.518151	-0.634334	-0.737055	-0.824896	-0.907805	-0.978371	-1.03012	-1.07048	-1.09416	-1.10413	-1.08547	-1.03925	-0.97874	-0.888846	-0.780541	-0.673621	-0.562973	-0.451058	-0.349248	-0.255664	-0.165227	-0.0798982	0	
0	-0.219831	-0.415731	-0.577493	-0.703065	-0.802731	-0.874231	-0.91957	-0.936269	-0.936552	-0.924988	-0.90044	-0.866891	-0.822453	-0.764748	-0.676466	-0.567942	-0.446406	-0.322729	-0.210854	-0.129151	-0.0748056	-0.0224928	0.0408949	0.113152	0.192246	0.253835	0.280674	0.275233	0.257906	0.228364	0.18642	0.142828	0.0899372	0.0165963	-0.0718514	-0.155132	-0.213964	-0.244565	-0.263863	-0.290384	-0.342964	-0.416289	-0.500778	-0.582021	-0.646008	-0.690805	-0.7254	-0.763763	-0.81762	-0.87855	-0.957692	-1.05517	-1.14669	-1.23463	-1.3169	-1.39007	-1.44025	-1.43249	-1.35376	-1.22551	-1.05631	-0.852298	-0.636555	-0.436692	-0.270019	-0.136298	-0.0322141	0.0312997	0.0590419	0.0587623	0.0366772	-0.00623618	-0.0642102	-0.135684	-0.218675	-0.305123	-0.404058	-0.511191	-0.61637	-0.71256	-0.805159	-0.888002	-0.955652	-1.01163	-1.05138	-1.07661	-1.06679	-1.02699	-0.971737	-0.886848	-0.788533	-0.691349	-0.588375	-0.482793	-0.379124	-0.280065	-0.18344	-0.087839	0	
0	-0.224389	-0.424417	-0.591002	-0.722843	-0.827001	-0.899036	-0.936886	-0.941793	-0.924988	-0.898223	-0.864306	-0.83258	-0.803739	-0.7697	-0.7115	-0.629504	-0.531195	-0.424558	-0.324208	-0.247331	-0.189418	-0.122192	-0.0341182	0.0707411	0.178495	0.265185	0.310529	0.32403	0.326104	0.32277	0.309305	0.29486	0.267293	0.213078	0.134943	0.0568198	-0.00314072	-0.0338729	-0.0546026	-0.0843948	-0.138333	-0.213883	-0.300531	-0.381488	-0.448801	-0.500593	-0.543239	-0.593338	-0.657185	-0.723743	-0.806689	-0.904926	-0.999086	-1.09006	-1.17867	-1.25839	-1.31626	-1.31527	-1.24332	-1.12107	-0.957266	-0.764822	-0.565724	-0.388481	-0.245588	-0.143435	-0.0752523	-0.0400935	-0.0336849	-0.0471747	-0.0712224	-0.0927444	-0.113094	-0.142824	-0.182783	-0.229992	-0.296553	-0.383089	-0.47461	-0.56239	-0.652383	-0.737889	-0.811615	-0.873383	-0.918538	-0.946699	-0.943017	-0.912782	-0.871499	-0.807723	-0.728172	-0.649792	-0.563872	-0.468948	-0.377457	-0.285335	-0.189179	-0.0943434	0	
0	-0.217247	-0.412756	-0.577865	-0.71445	-0.823132	-0.897309	-0.931236	-0.92753	-0.90044	-0.864306	-0.827891	-0.802624	-0.788823	-0.776605	-0.74235	-0.684671	-0.609224	-0.524093	-0.442715	-0.378055	-0.322904	-0.248846	-0.143664	-0.0192707	0.106084	0.205791	0.265036	0.294873	0.319824	0.341803	0.359391	0.373366	0.374139	0.344815	0.286672	0.219295	0.166615	0.135278	0.114158	0.0831211	0.0281381	-0.0470594	-0.13195	-0.214783	-0.284379	-0.339816	-0.388837	-0.440616	-0.501037	-0.56311	-0.636539	-0.724516	-0.814628	-0.904756	-0.994694	-1.08174	-1.14883	-1.16201	-1.10908	-1.00802	-0.871961	-0.706616	-0.533307	-0.379937	-0.264993	-0.187527	-0.14338	-0.136085	-0.153027	-0.176982	-0.194059	-0.202841	-0.201729	-0.19642	-0.194375	-0.198075	-0.219659	-0.25951	-0.313458	-0.377462	-0.453267	-0.534299	-0.606237	-0.662981	-0.703147	-0.727503	-0.727872	-0.714419	-0.696493	-0.661191	-0.613423	-0.560061	-0.496512	-0.425767	-0.351325	-0.27402	-0.189407	-0.094922	0	
0	-0.20261	-0.386017	-0.544702	-0.680355	-0.790977	-0.866329	-0.89921	-0.894394	-0.866891	-0.83258	-0.802624	-0.786427	-0.786317	-0.787612	-0.770525	-0.73055	-0.674681	-0.611177	-0.549726	-0.500887	-0.455157	-0.384219	-0.2786	-0.149449	-0.019961	0.0873629	0.160619	0.211732	0.259713	0.307427	0.348686	0.386775	0.411387	0.406733	0.37023	0.320784	0.27873	0.256968	0.242045	0.213552	0.158459	0.0778776	-0.0165228	-0.106652	-0.180999	-0.236446	-0.276911	-0.317263	-0.363021	-0.409999	-0.467986	-0.541551	-0.618317	-0.696514	-0.780943	-0.86999	-0.949549	-0.988848	-0.971905	-0.908481	-0.807287	-0.676153	-0.532855	-0.405735	-0.31219	-0.259042	-0.241952	-0.251748	-0.278777	-0.307987	-0.327527	-0.325151	-0.303599	-0.275431	-0.240844	-0.20171	-0.169299	-0.154776	-0.158028	-0.178579	-0.222286	-0.281307	-0.340658	-0.389408	-0.426429	-0.453075	-0.463842	-0.468413	-0.47558	-0.473306	-0.459606	-0.441588	-0.410521	-0.363515	-0.309832	-0.245365	-0.168624	-0.0867839	0	
0	-0.182915	-0.349137	-0.493378	-0.620716	-0.725287	-0.799373	-0.833914	-0.837623	-0.822453	-0.803739	-0.788823	-0.786317	-0.796673	-0.806774	-0.800036	-0.771033	-0.728554	-0.67855	-0.631769	-0.596722	-0.564138	-0.509257	-0.418219	-0.300574	-0.17726	-0.0666666	0.0195372	0.0911026	0.161392	0.228583	0.291604	0.348521	0.394066	0.410686	0.394898	0.362456	0.33775	0.329768	0.327564	0.303973	0.245125	0.15198	0.0435377	-0.0586259	-0.136573	-0.18504	-0.213927	-0.2367	-0.260635	-0.286245	-0.319893	-0.364729	-0.419133	-0.481069	-0.55817	-0.654164	-0.75368	-0.824359	-0.846	-0.821828	-0.758398	-0.65994	-0.545344	-0.444598	-0.379179	-0.350881	-0.353514	-0.379883	-0.415489	-0.44219	-0.449405	-0.435487	-0.401608	-0.350298	-0.285001	-0.208551	-0.131572	-0.0662111	-0.0184587	0.00554396	0.00439573	-0.0184146	-0.0500284	-0.0814477	-0.116331	-0.150806	-0.181017	-0.211749	-0.24346	-0.271142	-0.292904	-0.3078	-0.309528	-0.291679	-0.255122	-0.203583	-0.139874	-0.0701275	0	
0	-0.161426	-0.30602	-0.429527	-0.537995	-0.628897	-0.696585	-0.736522	-0.755742	-0.764748	-0.7697	-0.776605	-0.787612	-0.806774	-0.820792	-0.818467	-0.793215	-0.753323	-0.706947	-0.667478	-0.645216	-0.633114	-0.605458	-0.542769	-0.44734	-0.33541	-0.226374	-0.129331	-0.0406111	0.0474654	0.132727	0.212387	0.284348	0.343092	0.373107	0.373144	0.358957	0.354478	0.367341	0.3801	0.361077	0.295582	0.187441	0.0633748	-0.0493879	-0.128608	-0.171401	-0.187644	-0.193574	-0.194146	-0.194466	-0.195678	-0.209009	-0.236879	-0.282509	-0.35777	-0.466048	-0.587235	-0.688097	-0.743114	-0.746435	-0.706534	-0.633233	-0.547792	-0.477782	-0.442358	-0.441591	-0.466594	-0.502281	-0.536928	-0.557199	-0.55639	-0.528656	-0.47519	-0.401291	-0.30798	-0.200933	-0.0904765	0.00790723	0.0904404	0.155219	0.199578	0.222506	0.227335	0.216391	0.184399	0.138092	0.0863135	0.0300184	-0.0272718	-0.0810342	-0.129802	-0.170456	-0.195743	-0.199359	-0.182622	-0.148384	-0.101779	-0.0520501	0	
0	-0.136761	-0.255272	-0.349565	-0.429998	-0.497016	-0.554951	-0.599157	-0.639766	-0.676466	-0.7115	-0.74235	-0.770525	-0.800036	-0.818467	-0.818647	-0.790251	-0.743914	-0.691886	-0.653874	-0.645135	-0.655807	-0.660403	-0.630155	-0.560012	-0.466221	-0.36541	-0.269339	-0.173066	-0.0744057	0.0225045	0.115808	0.197754	0.265618	0.306807	0.322364	0.327397	0.3423	0.370516	0.393419	0.375678	0.30809	0.195074	0.0672364	-0.0468931	-0.127182	-0.168699	-0.181364	-0.176526	-0.156263	-0.126785	-0.0943638	-0.0726358	-0.0774593	-0.114666	-0.1949	-0.316805	-0.455358	-0.574167	-0.644492	-0.66362	-0.639119	-0.587039	-0.52866	-0.489419	-0.483749	-0.50749	-0.549036	-0.591271	-0.625286	-0.638513	-0.626815	-0.584762	-0.514622	-0.418715	-0.303264	-0.176965	-0.0489002	0.0671054	0.173277	0.265225	0.343774	0.403463	0.438994	0.449182	0.425752	0.37845	0.312723	0.235275	0.158945	0.0853816	0.0219836	-0.0257367	-0.0608415	-0.0796958	-0.0852375	-0.0793026	-0.0598724	-0.033735	0	
0	-0.110874	-0.200786	-0.263769	-0.310414	-0.35154	-0.395315	-0.445155	-0.503462	-0.567942	-0.629504	-0.684671	-0.73055	-0.771033	-0.793215	-0.790251	-0.750959	-0.69011	-0.625837	-0.589037	-0.59286	-0.626784	-0.661138	-0.66098	-0.619449	-0.548227	-0.467897	-0.383153	-0.290624	-0.190622	-0.0898791	0.00834364	0.0954041	0.169976	0.22276	0.256691	0.279087	0.308611	0.346054	0.373492	0.361576	0.299754	0.192035	0.0700028	-0.0443621	-0.12634	-0.168535	-0.179065	-0.164369	-0.122413	-0.0710842	-0.0121594	0.0313352	0.0398385	0.00561914	-0.0781356	-0.207268	-0.352337	-0.476549	-0.55482	-0.578728	-0.561963	-0.523003	-0.484895	-0.465532	-0.476879	-0.511841	-0.557017	-0.600843	-0.633789	-0.644367	-0.628215	-0.581506	-0.50591	-0.4023	-0.282907	-0.156716	-0.0282162	0.0934594	0.212923	0.325042	0.426808	0.508618	0.562873	0.585848	0.573659	0.535721	0.473296	0.393677	0.312992	0.236043	0.169224	0.122121	0.0856833	0.0544014	0.0298172	0.00900201	-0.00299118	-0.00545709	0	
0	-0.0834909	-0.145816	-0.177898	-0.19449	-0.20891	-0.240882	-0.290688	-0.363104	-0.446406	-0.531195	-0.609224	-0.674681	-0.728554	-0.753323	-0.743914	-0.69011	-0.610827	-0.53525	-0.496095	-0.509055	-0.555334	-0.608058	-0.631237	-0.616201	-0.574406	-0.52245	-0.461908	-0.386015	-0.29934	-0.209081	-0.115098	-0.0265164	0.0578381	0.127308	0.180035	0.218717	0.256345	0.297082	0.329847	0.32348	0.271528	0.172695	0.0549991	-0.0558183	-0.134796	-0.172134	-0.172471	-0.142363	-0.0841534	-0.0145916	0.057721	0.111042	0.123277	0.0863029	-0.00379724	-0.136839	-0.281221	-0.403754	-0.477718	-0.503195	-0.486272	-0.451108	-0.417934	-0.400099	-0.4055	-0.429773	-0.467244	-0.502552	-0.5321	-0.544983	-0.536799	-0.498699	-0.434703	-0.348968	-0.250485	-0.144379	-0.0306495	0.0840667	0.207047	0.324494	0.431351	0.520738	0.582576	0.616484	0.621093	0.604271	0.562151	0.501623	0.440725	0.377645	0.31813	0.271321	0.225052	0.179956	0.137131	0.0957048	0.0611688	0.0270946	0	
0	-0.0554661	-0.0911723	-0.0999084	-0.0908045	-0.0865533	-0.104448	-0.152534	-0.227885	-0.322729	-0.424558	-0.524093	-0.611177	-0.67855	-0.706947	-0.691886	-0.625837	-0.53525	-0.449639	-0.408844	-0.420232	-0.466361	-0.523866	-0.560707	-0.569122	-0.554212	-0.532362	-0.499888	-0.450087	-0.388582	-0.319001	-0.237426	-0.148837	-0.0578107	0.0227826	0.0886264	0.135841	0.179837	0.227217	0.26425	0.266312	0.219454	0.122369	0.00943244	-0.0959714	-0.164006	-0.181441	-0.160318	-0.109175	-0.0282502	0.0529198	0.130725	0.182774	0.187378	0.136214	0.0332732	-0.106723	-0.252648	-0.369495	-0.439116	-0.455627	-0.428406	-0.380243	-0.330771	-0.288761	-0.265371	-0.262958	-0.274678	-0.298049	-0.325216	-0.342392	-0.345389	-0.330102	-0.300772	-0.251993	-0.195266	-0.127794	-0.0434882	0.0506867	0.159212	0.264767	0.361724	0.447218	0.515127	0.560675	0.586742	0.59881	0.587864	0.562146	0.534242	0.495907	0.445374	0.39512	0.337865	0.277206	0.224067	0.171352	0.118193	0.060305	0	
0	-0.0294625	-0.0456357	-0.0382385	-0.0157814	0.00348825	-0.00415045	-0.042877	-0.114325	-0.210854	-0.324208	-0.442715	-0.549726	-0.631769	-0.667478	-0.653874	-0.589037	-0.496095	-0.408844	-0.361335	-0.363293	-0.39597	-0.44622	-0.48671	-0.508449	-0.511223	-0.511528	-0.504539	-0.482679	-0.44886	-0.403292	-0.335267	-0.254203	-0.167404	-0.090294	-0.0258918	0.0247645	0.0744039	0.125906	0.167587	0.168526	0.120008	0.0248344	-0.0824116	-0.17204	-0.214782	-0.203025	-0.150438	-0.0683971	0.0326842	0.126578	0.203862	0.244426	0.23127	0.158045	0.0341332	-0.119867	-0.269376	-0.384096	-0.443221	-0.448002	-0.395957	-0.312389	-0.221752	-0.135231	-0.0675521	-0.0250866	-0.0121216	-0.020003	-0.041323	-0.0641329	-0.0846873	-0.0986647	-0.109451	-0.11138	-0.105487	-0.0841522	-0.0426426	0.0148453	0.0932802	0.171096	0.246063	0.32336	0.392822	0.448413	0.495403	0.53693	0.562341	0.574098	0.58031	0.565659	0.524905	0.47598	0.414356	0.347836	0.286397	0.22214	0.155244	0.0787891	0	
0	-0.0119169	-0.0171645	-0.00647765	0.0218231	0.0476427	0.0513079	0.0231367	-0.0371849	-0.129151	-0.247331	-0.378055	-0.500887	-0.596722	-0.645216	-0.645135	-0.59286	-0.509055	-0.420232	-0.363293	-0.34628	-0.357762	-0.390867	-0.42492	-0.448648	-0.458354	-0.47228	-0.485312	-0.48649	-0.475982	-0.449089	-0.399153	-0.333908	-0.267319	-0.208457	-0.153302	-0.103869	-0.053206	-0.00163899	0.0311759	0.0249335	-0.0272795	-0.118789	-0.209478	-0.273361	-0.284668	-0.235479	-0.146476	-0.0356455	0.0877761	0.188836	0.258191	0.280767	0.244396	0.143416	-0.00564998	-0.175	-0.331869	-0.441845	-0.489767	-0.470073	-0.380234	-0.24948	-0.10511	0.0383721	0.159434	0.241365	0.285132	0.294153	0.278703	0.251735	0.213633	0.167638	0.112866	0.0640095	0.0213072	-0.00333269	-0.00601685	0.00465868	0.0367128	0.0757863	0.120581	0.180566	0.247283	0.307455	0.371331	0.439949	0.49636	0.541034	0.57309	0.577484	0.551571	0.513022	0.459509	0.394366	0.325531	0.248271	0.167839	0.0833526	0	
0	-0.00581402	-0.011559	-0.00486522	0.0226147	0.0541263	0.0677103	0.0526341	0.00621326	-0.0748056	-0.189418	-0.322904	-0.455157	-0.564138	-0.633114	-0.655807	-0.626784	-0.555334	-0.466361	-0.39597	-0.357762	-0.343718	-0.354199	-0.374043	-0.392263	-0.40286	-0.423951	-0.449352	-0.465107	-0.468582	-0.460255	-0.433174	-0.396809	-0.361223	-0.326431	-0.284778	-0.239403	-0.191402	-0.148899	-0.126379	-0.139805	-0.1921	-0.271285	-0.343049	-0.380312	-0.359269	-0.275443	-0.153686	-0.0134173	0.125503	0.230633	0.2888	0.289905	0.228448	0.100745	-0.0710612	-0.255195	-0.415702	-0.518879	-0.547702	-0.501517	-0.371775	-0.187606	0.012475	0.206301	0.370965	0.493474	0.569053	0.599089	0.593428	0.560634	0.50249	0.424211	0.332998	0.249276	0.174624	0.114313	0.0662756	0.0294985	0.0160989	0.0116039	0.0196336	0.0557819	0.108052	0.164866	0.239349	0.326467	0.404992	0.468288	0.516581	0.539315	0.533056	0.515989	0.479411	0.421472	0.351886	0.267165	0.178179	0.0885456	0	
0	-0.0122689	-0.0273582	-0.0276245	8.98064e-05	0.0408186	0.0671121	0.068045	0.039978	-0.0224928	-0.122192	-0.248846	-0.384219	-0.509257	-0.605458	-0.660403	-0.661138	-0.608058	-0.523866	-0.44622	-0.390867	-0.354199	-0.340261	-0.343479	-0.354106	-0.361945	-0.383696	-0.411143	-0.431871	-0.446781	-0.458948	-0.46286	-0.460108	-0.455231	-0.444171	-0.416554	-0.379637	-0.3412	-0.309114	-0.296029	-0.31193	-0.355751	-0.418085	-0.465886	-0.474464	-0.423648	-0.312	-0.164946	-0.00750237	0.140579	0.24736	0.297685	0.285535	0.209799	0.0669016	-0.120117	-0.313787	-0.475524	-0.5689	-0.580036	-0.505446	-0.337151	-0.112647	0.12532	0.355343	0.553578	0.702572	0.798031	0.84134	0.839106	0.798099	0.723098	0.625234	0.516783	0.414452	0.320938	0.24029	0.164977	0.0928801	0.0402067	0.000960958	-0.0253955	-0.0191333	0.0153834	0.0620522	0.133096	0.219451	0.296854	0.362374	0.4191	0.462506	0.486384	0.495454	0.479489	0.43513	0.369601	0.286415	0.195753	0.0985216	0	
0	-0.031757	-0.0629446	-0.0719373	-0.0388889	0.0146831	0.0587976	0.0790563	0.0752228	0.0408949	-0.0341182	-0.143664	-0.2786	-0.418219	-0.542769	-0.630155	-0.66098	-0.631237	-0.560707	-0.48671	-0.42492	-0.374043	-0.343479	-0.338009	-0.344871	-0.351072	-0.364514	-0.384253	-0.402802	-0.425402	-0.456382	-0.486272	-0.508058	-0.528862	-0.540673	-0.535815	-0.518408	-0.496899	-0.478102	-0.473769	-0.486445	-0.51704	-0.554381	-0.572443	-0.549296	-0.471505	-0.337035	-0.173093	-0.00392142	0.149504	0.258007	0.302529	0.283179	0.202777	0.0568122	-0.131206	-0.321798	-0.478185	-0.562237	-0.559147	-0.466803	-0.277612	-0.0254726	0.241151	0.489602	0.697932	0.853489	0.952499	0.991322	0.979247	0.928139	0.846242	0.746267	0.638898	0.538535	0.4418	0.347111	0.253786	0.167812	0.103419	0.0484889	0.00204983	-0.0128335	-0.00140522	0.0243249	0.0754622	0.139878	0.199367	0.255263	0.312769	0.36813	0.411076	0.439921	0.443886	0.419846	0.372146	0.300041	0.211746	0.110123	0	
0	-0.0619346	-0.117146	-0.13405	-0.0958995	-0.0241177	0.0401025	0.0857151	0.112877	0.113152	0.0707411	-0.0192707	-0.149449	-0.300574	-0.44734	-0.560012	-0.619449	-0.616201	-0.569122	-0.508449	-0.448648	-0.392263	-0.354106	-0.344871	-0.350488	-0.348089	-0.347408	-0.354289	-0.37151	-0.401991	-0.447489	-0.491001	-0.529236	-0.568337	-0.605841	-0.628759	-0.636468	-0.635984	-0.63798	-0.647083	-0.664994	-0.684976	-0.696593	-0.681445	-0.622884	-0.510813	-0.349409	-0.164694	0.0180954	0.174155	0.278938	0.317138	0.293154	0.214007	0.0764503	-0.102213	-0.287421	-0.436419	-0.510171	-0.495177	-0.388106	-0.183811	0.0798093	0.347426	0.591293	0.791815	0.93839	1.02232	1.04409	1.01724	0.955734	0.87581	0.787578	0.69777	0.609033	0.521647	0.436124	0.347134	0.262815	0.197137	0.141028	0.0886794	0.0608164	0.0545732	0.0527551	0.0652655	0.0926127	0.127167	0.170705	0.225904	0.283506	0.327568	0.35691	0.368182	0.358109	0.32615	0.269153	0.192531	0.100905	0	
0	-0.0971057	-0.177884	-0.205445	-0.160917	-0.07162	0.0169644	0.093058	0.154888	0.192246	0.178495	0.106084	-0.019961	-0.17726	-0.33541	-0.466221	-0.548227	-0.574406	-0.554212	-0.511223	-0.458354	-0.40286	-0.361945	-0.351072	-0.348089	-0.333588	-0.31479	-0.312549	-0.330144	-0.36663	-0.415716	-0.465734	-0.513991	-0.574578	-0.641088	-0.69606	-0.732717	-0.760291	-0.786721	-0.816931	-0.842846	-0.852873	-0.840891	-0.792909	-0.696183	-0.548371	-0.354874	-0.142432	0.0567739	0.220976	0.330443	0.367757	0.343466	0.265239	0.129083	-0.0521373	-0.235943	-0.37767	-0.437171	-0.403932	-0.282098	-0.0761552	0.176911	0.430252	0.651496	0.827201	0.949777	1.01276	1.01802	0.978653	0.915799	0.843816	0.773836	0.707599	0.642606	0.579534	0.514962	0.447393	0.379445	0.320098	0.263687	0.207652	0.170387	0.145698	0.119002	0.0988148	0.0926996	0.101255	0.125931	0.162043	0.198817	0.227627	0.243854	0.250596	0.24922	0.230069	0.19287	0.141448	0.0743107	0	
0	-0.135048	-0.245802	-0.288761	-0.2449	-0.141327	-0.0266205	0.0834209	0.183744	0.253835	0.265185	0.205791	0.0873629	-0.0666666	-0.226374	-0.36541	-0.467897	-0.52245	-0.532362	-0.511528	-0.47228	-0.423951	-0.383696	-0.364514	-0.347408	-0.31479	-0.280652	-0.269472	-0.285657	-0.319633	-0.368512	-0.421942	-0.486829	-0.572525	-0.670382	-0.758767	-0.827421	-0.883086	-0.937433	-0.987176	-1.02151	-1.02657	-0.99295	-0.913527	-0.78035	-0.593847	-0.366791	-0.129076	0.0913184	0.272528	0.394381	0.444057	0.425805	0.345656	0.204376	0.0189055	-0.169428	-0.305417	-0.350279	-0.302419	-0.171992	0.02776	0.266902	0.495911	0.686794	0.82972	0.92345	0.960287	0.944108	0.895653	0.836615	0.781595	0.732493	0.687643	0.646727	0.613727	0.580791	0.539327	0.491106	0.445264	0.397737	0.345882	0.302463	0.262158	0.214837	0.167574	0.134382	0.115535	0.104623	0.10289	0.10686	0.109998	0.111426	0.111335	0.108072	0.0997704	0.085001	0.0643297	0.0364502	0	
0	-0.173954	-0.318245	-0.383585	-0.350169	-0.237933	-0.100173	0.04627	0.181127	0.280674	0.310529	0.265036	0.160619	0.0195372	-0.129331	-0.269339	-0.383153	-0.461908	-0.499888	-0.504539	-0.485312	-0.449352	-0.411143	-0.384253	-0.354289	-0.312549	-0.269472	-0.251997	-0.260459	-0.288015	-0.332746	-0.390736	-0.470575	-0.576468	-0.701425	-0.820022	-0.919062	-1.0035	-1.08231	-1.15037	-1.19644	-1.19456	-1.14048	-1.02874	-0.858945	-0.640965	-0.39069	-0.131111	0.110143	0.313726	0.459708	0.525545	0.513811	0.429862	0.285251	0.0956074	-0.090821	-0.217247	-0.25261	-0.199613	-0.0728856	0.113861	0.33259	0.543711	0.714762	0.833068	0.896091	0.900277	0.864719	0.810802	0.759624	0.718887	0.689023	0.664394	0.638821	0.621109	0.607065	0.589529	0.565949	0.543983	0.518163	0.481077	0.435689	0.383279	0.324667	0.261967	0.209418	0.16007	0.10633	0.0569708	0.0160511	-0.0104304	-0.028776	-0.0404866	-0.0430215	-0.0452289	-0.040934	-0.0276975	-0.0150288	0	
0	-0.21044	-0.387125	-0.479571	-0.46123	-0.348618	-0.189674	-0.0132205	0.153481	0.275233	0.32403	0.294873	0.211732	0.0911026	-0.0406111	-0.173066	-0.290624	-0.386015	-0.450087	-0.482679	-0.48649	-0.465107	-0.431871	-0.402802	-0.37151	-0.330144	-0.285657	-0.260459	-0.260917	-0.283389	-0.327543	-0.390334	-0.479032	-0.598189	-0.740304	-0.879526	-0.998959	-1.10005	-1.19377	-1.27551	-1.3261	-1.31728	-1.2428	-1.10496	-0.914694	-0.680337	-0.415453	-0.137893	0.126337	0.356623	0.517537	0.591972	0.57746	0.487187	0.341786	0.160899	-0.014689	-0.131305	-0.161908	-0.112147	0.00726892	0.178669	0.384298	0.583773	0.736951	0.829555	0.867823	0.856917	0.814628	0.760561	0.714822	0.679846	0.653209	0.631641	0.615867	0.610978	0.606342	0.602516	0.60026	0.60409	0.603522	0.584695	0.54475	0.489479	0.427113	0.355417	0.284982	0.210303	0.123504	0.0365666	-0.0421359	-0.106491	-0.154074	-0.181122	-0.187524	-0.180025	-0.158088	-0.119019	-0.0649982	0	
0	-0.240545	-0.444521	-0.560008	-0.558232	-0.448033	-0.276122	-0.0756001	0.114359	0.257906	0.326104	0.319824	0.259713	0.161392	0.0474654	-0.0744057	-0.190622	-0.29934	-0.388582	-0.44886	-0.475982	-0.468582	-0.446781	-0.425402	-0.401991	-0.36663	-0.319633	-0.288015	-0.283389	-0.306661	-0.355077	-0.42001	-0.514809	-0.639963	-0.790022	-0.936641	-1.06101	-1.16456	-1.26036	-1.33913	-1.38187	-1.35629	-1.26315	-1.11299	-0.916728	-0.680548	-0.41026	-0.124065	0.151815	0.388453	0.550176	0.619356	0.599084	0.50318	0.360456	0.188167	0.0213051	-0.0853833	-0.108253	-0.0516628	0.0690244	0.237018	0.430944	0.611368	0.743372	0.818325	0.845357	0.830606	0.793825	0.747469	0.701361	0.659051	0.626656	0.602302	0.587927	0.58764	0.596957	0.610952	0.623433	0.640154	0.645285	0.633323	0.601663	0.556181	0.502574	0.425471	0.339053	0.241302	0.131984	0.0287635	-0.0714146	-0.160673	-0.22943	-0.273747	-0.285659	-0.271717	-0.235205	-0.173832	-0.0944003	0	
0	-0.264914	-0.489321	-0.621349	-0.633965	-0.530987	-0.355823	-0.143116	0.0645684	0.228364	0.32277	0.341803	0.307427	0.228583	0.132727	0.0225045	-0.0898791	-0.209081	-0.319001	-0.403292	-0.449089	-0.460255	-0.458948	-0.456382	-0.447489	-0.415716	-0.368512	-0.332746	-0.327543	-0.355077	-0.403693	-0.469068	-0.564398	-0.689365	-0.838907	-0.981574	-1.10219	-1.19892	-1.27987	-1.33606	-1.35172	-1.30016	-1.19195	-1.03419	-0.841589	-0.6107	-0.350659	-0.0771101	0.180617	0.399816	0.538977	0.591451	0.555006	0.447379	0.303205	0.139219	-0.0118403	-0.0996019	-0.104051	-0.0325754	0.100316	0.271417	0.458769	0.630331	0.752304	0.815323	0.836023	0.825655	0.797045	0.752392	0.703951	0.656552	0.617406	0.590591	0.57823	0.580629	0.592785	0.614646	0.635178	0.649853	0.650168	0.635333	0.604897	0.568562	0.522361	0.446125	0.352659	0.24546	0.129559	0.0205687	-0.0810517	-0.171186	-0.241655	-0.288559	-0.305961	-0.291392	-0.244539	-0.172329	-0.0902182	0	
0	-0.284894	-0.522001	-0.665979	-0.688791	-0.600947	-0.432264	-0.219653	0.000184316	0.18642	0.309305	0.359391	0.348686	0.291604	0.212387	0.115808	0.00834364	-0.115098	-0.237426	-0.335267	-0.399153	-0.433174	-0.46286	-0.486272	-0.491001	-0.465734	-0.421942	-0.390736	-0.390334	-0.42001	-0.469068	-0.531934	-0.62159	-0.739861	-0.875806	-1.00615	-1.11261	-1.18713	-1.23378	-1.25137	-1.23013	-1.15669	-1.03438	-0.872293	-0.6816	-0.465961	-0.229591	0.0063129	0.22187	0.396522	0.491559	0.50196	0.431743	0.303819	0.154144	0.00615937	-0.118009	-0.178824	-0.159318	-0.0640783	0.0860344	0.269462	0.464128	0.636976	0.759452	0.827334	0.853392	0.84785	0.819648	0.773769	0.722301	0.672911	0.636901	0.608823	0.594086	0.590157	0.597553	0.615166	0.625294	0.629387	0.616195	0.594569	0.565754	0.525368	0.473488	0.398695	0.313162	0.218199	0.117207	0.0258477	-0.0592917	-0.132383	-0.183377	-0.222648	-0.242812	-0.231953	-0.193513	-0.133219	-0.067415	0	
0	-0.296776	-0.541122	-0.687984	-0.722661	-0.650286	-0.499136	-0.291736	-0.064727	0.142828	0.29486	0.373366	0.386775	0.348521	0.284348	0.197754	0.0954041	-0.0265164	-0.148837	-0.254203	-0.333908	-0.396809	-0.460108	-0.508058	-0.529236	-0.513991	-0.486829	-0.470575	-0.479032	-0.514809	-0.564398	-0.62159	-0.700239	-0.797887	-0.91271	-1.01815	-1.09456	-1.1284	-1.12662	-1.09625	-1.04078	-0.942337	-0.805807	-0.637851	-0.458692	-0.269788	-0.0753971	0.10999	0.271461	0.38842	0.422311	0.376526	0.261644	0.105907	-0.0464054	-0.177316	-0.274421	-0.305859	-0.256825	-0.135533	0.0379286	0.243012	0.449134	0.628522	0.763684	0.845849	0.88517	0.889553	0.864674	0.816979	0.762636	0.713407	0.673121	0.640582	0.620627	0.608019	0.605564	0.605411	0.593299	0.574298	0.547074	0.516191	0.47651	0.428796	0.369724	0.300861	0.238337	0.174008	0.107632	0.0509007	-0.00214542	-0.0502486	-0.0798766	-0.100453	-0.112362	-0.107481	-0.0919909	-0.0676607	-0.0380307	0	
0	-0.303472	-0.549843	-0.702571	-0.747796	-0.698015	-0.564797	-0.368048	-0.135298	0.0899372	0.267293	0.374139	0.411387	0.394066	0.343092	0.265618	0.169976	0.0578381	-0.0578107	-0.167404	-0.267319	-0.361223	-0.455231	-0.528862	-0.568337	-0.574578	-0.572525	-0.576468	-0.598189	-0.639963	-0.689365	-0.739861	-0.797887	-0.873978	-0.958593	-1.02676	-1.05662	-1.0367	-0.97931	-0.903371	-0.807187	-0.682459	-0.53265	-0.370047	-0.214469	-0.0650063	0.0842301	0.217803	0.31906	0.369699	0.337873	0.23368	0.0780795	-0.0933204	-0.248739	-0.369422	-0.444993	-0.455483	-0.384036	-0.233341	-0.0310967	0.195886	0.417546	0.613061	0.768264	0.872997	0.931049	0.950125	0.934033	0.889204	0.830598	0.768744	0.714385	0.668528	0.637845	0.612225	0.588567	0.563656	0.525561	0.484501	0.442267	0.401365	0.359539	0.307949	0.250122	0.200554	0.161594	0.127232	0.101747	0.0876992	0.0733037	0.0553746	0.0495505	0.0483675	0.0483208	0.0491495	0.037834	0.0201565	0.00498688	0	
0	-0.305881	-0.557118	-0.718833	-0.782779	-0.754555	-0.641496	-0.453715	-0.220086	0.0165963	0.213078	0.344815	0.406733	0.410686	0.373107	0.306807	0.22276	0.127308	0.0227826	-0.090294	-0.208457	-0.326431	-0.444171	-0.540673	-0.605841	-0.641088	-0.670382	-0.701425	-0.740304	-0.790022	-0.838907	-0.875806	-0.91271	-0.958593	-1.00234	-1.02029	-0.994614	-0.923768	-0.820763	-0.699868	-0.565572	-0.417683	-0.26391	-0.117736	0.0105394	0.125282	0.233203	0.313325	0.35287	0.336634	0.246263	0.0977207	-0.0821937	-0.265643	-0.425947	-0.542403	-0.608942	-0.606541	-0.514816	-0.343847	-0.125241	0.122776	0.366703	0.583389	0.767356	0.904888	0.989594	1.0233	1.01001	0.964085	0.901479	0.83292	0.762833	0.694275	0.639172	0.588338	0.538008	0.482029	0.41909	0.365978	0.31699	0.267441	0.224396	0.184027	0.143783	0.119642	0.110439	0.104652	0.110316	0.133268	0.15522	0.168571	0.189282	0.20282	0.200922	0.188567	0.156241	0.109623	0.0555807	0	
0	-0.305247	-0.562922	-0.740338	-0.825543	-0.818176	-0.720839	-0.54182	-0.311903	-0.0718514	0.134943	0.286672	0.37023	0.394898	0.373144	0.322364	0.256691	0.180035	0.0886264	-0.0258918	-0.153302	-0.284778	-0.416554	-0.535815	-0.628759	-0.69606	-0.758767	-0.820022	-0.879526	-0.936641	-0.981574	-1.00615	-1.01815	-1.02676	-1.02029	-0.981526	-0.907439	-0.795777	-0.65284	-0.493062	-0.329073	-0.171771	-0.0298564	0.0968958	0.202935	0.29034	0.361977	0.395798	0.381634	0.312294	0.181498	0.00129438	-0.199978	-0.39657	-0.567077	-0.69108	-0.753345	-0.742443	-0.643759	-0.467004	-0.239599	0.020501	0.282988	0.531164	0.75334	0.921441	1.02418	1.06792	1.06197	1.02112	0.956027	0.877083	0.792294	0.709109	0.630589	0.545007	0.456544	0.373009	0.29853	0.239745	0.187878	0.136633	0.0997967	0.0762153	0.060078	0.0675323	0.0904307	0.115688	0.1508	0.196715	0.241098	0.27922	0.316411	0.333037	0.320003	0.288544	0.240764	0.1781	0.0962202	0	
0	-0.302442	-0.568062	-0.762536	-0.867803	-0.874633	-0.787252	-0.615466	-0.391267	-0.155132	0.0568198	0.219295	0.320784	0.362456	0.358957	0.327397	0.279087	0.218717	0.135841	0.0247645	-0.103869	-0.239403	-0.379637	-0.518408	-0.636468	-0.732717	-0.827421	-0.919062	-0.998959	-1.06101	-1.10219	-1.11261	-1.09456	-1.05662	-0.994614	-0.907439	-0.79443	-0.650173	-0.475961	-0.28934	-0.114455	0.0363156	0.163854	0.27336	0.36151	0.426738	0.466755	0.466723	0.416666	0.314948	0.158444	-0.0433438	-0.263425	-0.475192	-0.662012	-0.796103	-0.861463	-0.85347	-0.758112	-0.585653	-0.359858	-0.0901383	0.194289	0.464626	0.703447	0.886292	1.00201	1.05288	1.05215	1.01354	0.94893	0.86768	0.776947	0.680849	0.581253	0.477883	0.370669	0.271572	0.18941	0.128601	0.0772278	0.0291707	0.00964686	0.0101488	0.0192729	0.0555139	0.108361	0.162732	0.22002	0.279943	0.334636	0.378875	0.41219	0.418487	0.394261	0.350224	0.288573	0.209641	0.111168	0	
0	-0.300768	-0.573743	-0.783421	-0.900842	-0.914533	-0.831124	-0.664248	-0.446875	-0.213964	-0.00314072	0.166615	0.27873	0.33775	0.354478	0.3423	0.308611	0.256345	0.179837	0.0744039	-0.053206	-0.191402	-0.3412	-0.496899	-0.635984	-0.760291	-0.883086	-1.0035	-1.10005	-1.16456	-1.19892	-1.18713	-1.1284	-1.0367	-0.923768	-0.795777	-0.650173	-0.479125	-0.28609	-0.0937292	0.0762562	0.21668	0.330292	0.423221	0.494791	0.538271	0.557824	0.536006	0.465012	0.342933	0.172355	-0.0441836	-0.275443	-0.499097	-0.697463	-0.844056	-0.921003	-0.921807	-0.836756	-0.675953	-0.454775	-0.182228	0.107287	0.380394	0.616895	0.79493	0.905692	0.954372	0.952074	0.914133	0.851314	0.77183	0.683094	0.585318	0.481617	0.374149	0.27073	0.181066	0.105638	0.0502747	0.0042165	-0.0287309	-0.0246208	0.0035571	0.0411817	0.0988312	0.173064	0.243741	0.30992	0.376359	0.429273	0.462422	0.474167	0.459569	0.426033	0.374594	0.299595	0.206526	0.104194	0	
0	-0.301684	-0.582245	-0.798248	-0.920597	-0.931424	-0.850081	-0.686561	-0.473568	-0.244565	-0.0338729	0.135278	0.256968	0.329768	0.367341	0.370516	0.346054	0.297082	0.227217	0.125906	-0.00163899	-0.148899	-0.309114	-0.478102	-0.63798	-0.786721	-0.937433	-1.08231	-1.19377	-1.26036	-1.27987	-1.23378	-1.12662	-0.97931	-0.820763	-0.65284	-0.475961	-0.28609	-0.0930185	0.0930958	0.252359	0.384875	0.482863	0.55743	0.606868	0.635553	0.635688	0.599826	0.514893	0.382601	0.20381	-0.0160467	-0.252446	-0.480992	-0.681807	-0.835165	-0.919008	-0.928287	-0.857565	-0.714757	-0.507784	-0.249326	0.0274756	0.284041	0.494958	0.645116	0.735605	0.768572	0.759393	0.718789	0.657265	0.583651	0.50239	0.415468	0.322791	0.237383	0.160768	0.0952201	0.0435539	0.00797392	-0.0139247	-0.0184303	0.0101631	0.062218	0.121672	0.193096	0.275323	0.350979	0.416283	0.473613	0.512479	0.522776	0.505259	0.472001	0.42745	0.363496	0.280894	0.188042	0.0923453	0	
0	-0.309736	-0.596083	-0.816445	-0.932988	-0.941642	-0.859243	-0.701848	-0.491115	-0.263863	-0.0546026	0.114158	0.242045	0.327564	0.3801	0.393419	0.373492	0.329847	0.26425	0.167587	0.0311759	-0.126379	-0.296029	-0.473769	-0.647083	-0.816931	-0.987176	-1.15037	-1.27551	-1.33913	-1.33606	-1.25137	-1.09625	-0.903371	-0.699868	-0.493062	-0.28934	-0.0937292	0.0930958	0.268609	0.42198	0.542951	0.622987	0.673522	0.703924	0.712459	0.695849	0.646494	0.549781	0.410333	0.228032	0.00860077	-0.224086	-0.442876	-0.635956	-0.784267	-0.870704	-0.886396	-0.830018	-0.706488	-0.521825	-0.28959	-0.0441038	0.171641	0.336153	0.449784	0.512983	0.523637	0.496209	0.445501	0.388189	0.324849	0.26009	0.188914	0.121393	0.0747108	0.0436248	0.0233132	0.00763167	0.0112802	0.0270707	0.0566036	0.111591	0.178182	0.248762	0.31931	0.392067	0.457138	0.508868	0.548163	0.562591	0.550603	0.51611	0.467973	0.410994	0.334849	0.249175	0.168287	0.0854234	0	
0	-0.321682	-0.616133	-0.834643	-0.946535	-0.949828	-0.872262	-0.720605	-0.515906	-0.290384	-0.0843948	0.0831211	0.213552	0.303973	0.361077	0.375678	0.361576	0.32348	0.266312	0.168526	0.0249335	-0.139805	-0.31193	-0.486445	-0.664994	-0.842846	-1.02151	-1.19644	-1.3261	-1.38187	-1.35172	-1.23013	-1.04078	-0.807187	-0.565572	-0.329073	-0.114455	0.0762562	0.252359	0.42198	0.566085	0.676133	0.738771	0.769919	0.776157	0.763578	0.728393	0.663681	0.558197	0.414631	0.231038	0.0190569	-0.200881	-0.409528	-0.585906	-0.723276	-0.808701	-0.827404	-0.780266	-0.675786	-0.51929	-0.324967	-0.124501	0.0445313	0.160916	0.228352	0.254596	0.24074	0.198306	0.142196	0.0879389	0.0361043	-0.0116918	-0.0531955	-0.0752768	-0.072748	-0.0533543	-0.0287835	0.00326462	0.0569412	0.116895	0.180612	0.247297	0.319822	0.389762	0.443611	0.498778	0.544105	0.567842	0.576129	0.565113	0.536704	0.49458	0.440679	0.375764	0.299387	0.222288	0.151994	0.0786555	0	
0	-0.336728	-0.638995	-0.859995	-0.967435	-0.973137	-0.900211	-0.760455	-0.562368	-0.342964	-0.138333	0.0281381	0.158459	0.245125	0.295582	0.30809	0.299754	0.271528	0.219454	0.120008	-0.0272795	-0.1921	-0.355751	-0.51704	-0.684976	-0.852873	-1.02657	-1.19456	-1.31728	-1.35629	-1.30016	-1.15669	-0.942337	-0.682459	-0.417683	-0.171771	0.0363156	0.21668	0.384875	0.542951	0.676133	0.772692	0.819549	0.828676	0.810064	0.778175	0.728927	0.65571	0.544813	0.401483	0.220109	0.0173146	-0.195526	-0.389197	-0.550449	-0.679317	-0.764321	-0.788124	-0.752988	-0.663382	-0.527651	-0.367902	-0.210831	-0.0901836	-0.0199821	0.00902632	0.00396693	-0.033201	-0.0872828	-0.144658	-0.194571	-0.236418	-0.260061	-0.262772	-0.238806	-0.188171	-0.119953	-0.0466544	0.0302095	0.124052	0.220631	0.31081	0.389128	0.458065	0.514229	0.547165	0.571044	0.586004	0.577277	0.547906	0.513456	0.476127	0.430184	0.374501	0.313972	0.251893	0.191438	0.132147	0.0659535	0	
