0	0	0	0	0	0	0	0	0	0	0	0	0	0	0	0	0	0	0	0	0	0	0	0	0	0	0	0	0	0	0	0	0	0	0	0	0	0	0	0	0	0	0	0	0	0	0	0	0	0	0	0	0	0	0	0	0	0	0	0	0	0	0	0	0	0	0	0	0	0	0	0	0	0	0	0	0	0	0	0	0	0	0	0	0	0	0	0	0	0	0	0	0	0	0	0	0	0	0	0	
0	7.14084e-06	2.98873e-05	0.000109547	0.000366103	0.00111469	0.00308442	0.00773976	0.0175872	0.0361759	0.0674288	0.114206	0.176602	0.250963	0.330357	0.406351	0.471221	0.519646	0.549418	0.5612	0.557679	0.54255	0.519689	0.492663	0.464506	0.437648	0.413943	0.394751	0.381019	0.373349	0.372056	0.37719	0.388547	0.405643	0.427675	0.453458	0.481344	0.509143	0.534067	0.552747	0.561388	0.556135	0.533777	0.492725	0.433971	0.361618	0.28258	0.205256	0.137435	0.0842233	0.04698	0.023767	0.0108855	0.00451272	0.00169505	0.000577944	0.000179311	5.07635e-05	1.31521e-05	3.12783e-06	6.84829e-07	1.38443e-07	2.59128e-08	4.5027e-09	7.28184e-10	1.09864e-10	1.54989e-11	2.04879e-12	2.54285e-13	2.96885e-14	3.26645e-15	3.39247e-16	3.33117e-17	3.09719e-18	2.73053e-19	2.28567e-20	1.81895e-21	1.37782e-22	9.94542e-24	6.84832e-25	4.50322e-26	2.83053e-27	1.70224e-28	9.80332e-30	5.41118e-31	2.86503e-32	1.45621e-33	7.11043e-35	3.33776e-36	1.50729e-37	6.55248e-39	2.74379e-40	1.10737e-41	4.31008e-43	1.6187e-44	5.86903e-46	2.05546e-47	6.95679e-49	2.27432e-50	0	
0	2.98873e-05	0.000119737	0.000417403	0.00132266	0.00380793	0.00993611	0.023452	0.0500198	0.096444	0.168479	0.267835	0.390056	0.524827	0.658727	0.778845	0.875609	0.944032	0.983488	0.996606	0.987894	0.962579	0.925912	0.882828	0.837712	0.794273	0.755544	0.723901	0.70109	0.688286	0.686119	0.694692	0.713594	0.741872	0.778013	0.819894	0.864743	0.909119	0.948905	0.979373	0.995372	0.991602	0.96314	0.906444	0.820681	0.709013	0.579236	0.443178	0.314471	0.205087	0.122015	0.0658688	0.0321647	0.0141911	0.0056595	0.00204342	0.000669539	0.000199642	5.43398e-05	1.35437e-05	3.10082e-06	6.54129e-07	1.2752e-07	2.30379e-08	3.86738e-09	6.04776e-10	8.83094e-11	1.20678e-11	1.54656e-12	1.86246e-13	2.11152e-14	2.25764e-15	2.28025e-16	2.17899e-17	1.97292e-18	1.69493e-19	1.38341e-20	1.07411e-21	7.94244e-23	5.59959e-24	3.76804e-25	2.42254e-26	1.4895e-27	8.76637e-29	4.943e-30	2.67247e-31	1.38655e-32	6.90849e-34	3.30808e-35	1.52341e-36	6.75137e-38	2.88126e-39	1.18482e-40	4.69742e-42	1.79659e-43	6.63218e-45	2.36433e-46	8.14375e-48	2.70881e-49	0	
0	0.000109547	0.000417403	0.00137228	0.00408272	0.0109891	0.0266912	0.0583903	0.114982	0.204093	0.327829	0.479829	0.646201	0.810097	0.956859	1.07692	1.1661	1.22433	1.25399	1.25867	1.24238	1.2094	1.16441	1.11223	1.05749	1.00443	0.956774	0.917574	0.88917	0.873175	0.870464	0.881185	0.904758	0.939871	0.984473	1.0358	1.09037	1.14412	1.19256	1.2309	1.25438	1.25859	1.23939	1.19297	1.11633	1.00837	0.87146	0.712924	0.54557	0.385897	0.249633	0.146495	0.0775886	0.0369986	0.0158819	0.00614544	0.00214879	0.000680998	0.000196276	5.16254e-05	1.24347e-05	2.75196e-06	5.6141e-07	1.05896e-07	1.8522e-08	3.01225e-09	4.56656e-10	6.46879e-11	8.5815e-12	1.06837e-12	1.2507e-13	1.37929e-14	1.43546e-15	1.4121e-16	1.31506e-17	1.16108e-18	9.73214e-20	7.75442e-21	5.88052e-22	4.24924e-23	2.92896e-24	1.92787e-25	1.21293e-26	7.3012e-28	4.2087e-29	2.32524e-30	1.23228e-31	6.26922e-33	3.0641e-34	1.43976e-35	6.50835e-37	2.83225e-38	1.18725e-39	4.79698e-41	1.86921e-42	7.02841e-44	2.55149e-45	8.94731e-47	3.02913e-48	0	
0	0.000366103	0.00132266	0.00408272	0.011343	0.0283646	0.0636666	0.128039	0.230728	0.37362	0.547255	0.732844	0.909841	1.06332	1.18629	1.27759	1.33894	1.37272	1.38122	1.36676	1.33222	1.28163	1.22001	1.15252	1.08406	1.01919	0.96185	0.915192	0.88165	0.862861	0.859702	0.872331	0.900133	0.941794	0.995197	1.05748	1.12504	1.19354	1.25814	1.31376	1.35523	1.3781	1.37908	1.35569	1.30565	1.22657	1.11631	0.974567	0.805625	0.621212	0.440285	0.283367	0.164249	0.0853715	0.039745	0.0165918	0.00622662	0.00210775	0.000646001	0.000179963	4.57459e-05	1.06502e-05	2.27903e-06	4.49764e-07	8.21161e-08	1.39111e-08	2.19269e-09	3.22396e-10	4.4324e-11	5.71077e-12	6.90978e-13	7.86677e-14	8.44281e-15	8.5562e-16	8.20124e-17	7.44633e-18	6.41343e-19	5.24699e-20	4.08276e-21	3.02514e-22	2.13689e-23	1.44056e-24	9.27775e-26	5.71397e-27	3.36838e-28	1.90229e-29	1.03008e-30	5.35244e-32	2.67088e-33	1.28085e-34	5.90731e-36	2.62191e-37	1.12064e-38	4.61528e-40	1.83263e-41	7.02012e-43	2.59563e-44	9.26823e-46	3.1942e-47	0	
0	0.00111469	0.00380793	0.0109891	0.0283646	0.0655083	0.134991	0.247847	0.406016	0.596824	0.796	0.97908	1.13171	1.25041	1.33674	1.39262	1.41915	1.41714	1.38826	1.33572	1.26457	1.18121	1.09182	1.00161	0.915342	0.837127	0.770136	0.716895	0.679254	0.658379	0.654925	0.668978	0.700099	0.747307	0.80905	0.883077	0.96651	1.05569	1.14604	1.23254	1.30936	1.36999	1.4088	1.42184	1.40687	1.36283	1.28882	1.18328	1.04418	0.872198	0.676925	0.479594	0.306084	0.174602	0.088755	0.0402196	0.0162884	0.00591719	0.00193639	0.00057336	0.00015428	3.78846e-05	8.52324e-06	1.76339e-06	3.36665e-07	5.95039e-08	9.76533e-09	1.49219e-09	2.1285e-10	2.84099e-11	3.55616e-12	4.1832e-13	4.6333e-14	4.84076e-15	4.77877e-16	4.46465e-17	3.95348e-18	3.32279e-19	2.6542e-20	2.01752e-21	1.46107e-22	1.0092e-23	6.65585e-25	4.19552e-26	2.53011e-27	1.46105e-28	8.08604e-30	4.29255e-31	2.18748e-32	1.07091e-33	5.04026e-35	2.28216e-36	9.9476e-38	4.17682e-39	1.69041e-40	6.59795e-42	2.48509e-43	9.03696e-45	3.17098e-46	0	
0	0.00308442	0.00993611	0.0266912	0.0636666	0.134991	0.253776	0.422894	0.627343	0.837554	1.02496	1.17612	1.29133	1.37315	1.4208	1.43264	1.40878	1.35228	1.26905	1.16663	1.05338	0.936536	0.821041	0.711188	0.611033	0.523379	0.450256	0.393382	0.353703	0.331878	0.328299	0.342905	0.375619	0.425743	0.492539	0.57457	0.669905	0.77617	0.889901	1.00676	1.12227	1.22999	1.32184	1.38986	1.42735	1.43005	1.39662	1.32823	1.2265	1.09006	0.916393	0.712482	0.501862	0.315837	0.176386	0.0872968	0.038366	0.0150312	0.00527458	0.00166609	0.000476069	0.000123638	2.9314e-05	6.3713e-06	1.27429e-06	2.35356e-07	4.02725e-08	6.40355e-09	9.48775e-10	1.31325e-10	1.70217e-11	2.07058e-12	2.36864e-13	2.55305e-14	2.59744e-15	2.49854e-16	2.27594e-17	1.96613e-18	1.61301e-19	1.25836e-20	9.34662e-22	6.61741e-23	4.47081e-24	2.88537e-25	1.7806e-26	1.0517e-27	5.95065e-29	3.22817e-30	1.68044e-31	8.40036e-33	4.03559e-34	1.86448e-35	8.28979e-37	3.54935e-38	1.46434e-39	5.82484e-41	2.23524e-42	8.27939e-44	2.95828e-45	0	
0	0.00773976	0.023452	0.0583903	0.128039	0.247847	0.422894	0.637641	0.8581	1.05099	1.20301	1.31788	1.39755	1.43596	1.42854	1.37735	1.28901	1.17295	1.03884	0.895581	0.750762	0.608914	0.473816	0.350149	0.240933	0.147529	0.0714302	0.0132696	-0.0268829	-0.0487691	-0.0524376	-0.0379432	-0.00510444	0.0458964	0.114902	0.20154	0.304665	0.422629	0.553564	0.693146	0.837295	0.982018	1.12076	1.24518	1.34577	1.41288	1.43852	1.41833	1.35435	1.25336	1.11689	0.939875	0.727223	0.505648	0.311646	0.169381	0.0812225	0.0344886	0.0130338	0.00440847	0.00134199	0.000369631	9.25789e-05	2.11825e-05	4.44631e-06	8.59529e-07	1.53568e-07	2.5441e-08	3.91974e-09	5.63205e-10	7.56597e-11	9.52515e-12	1.12625e-12	1.25322e-13	1.31484e-14	1.30297e-15	1.2216e-16	1.08522e-17	9.14829e-19	7.32792e-20	5.58468e-21	4.05434e-22	2.80699e-23	1.85539e-24	1.17204e-25	7.08261e-27	4.09813e-28	2.27249e-29	1.20867e-30	6.17096e-32	3.02667e-33	1.42712e-34	6.47361e-36	2.82689e-37	1.18912e-38	4.8213e-40	1.88529e-41	7.11398e-43	2.58871e-44	0	
0	0.0175872	0.0500198	0.114982	0.230728	0.406016	0.627343	0.8581	1.0594	1.21574	1.33326	1.41306	1.4425	1.41479	1.3373	1.22107	1.07681	0.914545	0.742291	0.567981	0.397465	0.235097	0.0869663	-0.0429648	-0.154369	-0.246697	-0.319475	-0.374141	-0.411096	-0.430992	-0.434545	-0.421287	-0.391565	-0.343977	-0.27853	-0.19402	-0.0899626	0.032706	0.17366	0.330986	0.498701	0.672249	0.846149	1.01332	1.16586	1.29444	1.38882	1.43789	1.43138	1.37023	1.26722	1.12746	0.943751	0.720938	0.490707	0.293955	0.154508	0.0714314	0.0291941	0.0106122	0.00345248	0.00101128	0.0002682	6.47324e-05	1.42855e-05	2.89491e-06	5.40787e-07	9.34559e-08	1.49893e-08	2.23788e-09	3.11857e-10	4.06654e-11	4.97337e-12	5.71696e-13	6.18915e-14	6.32198e-15	6.10355e-16	5.57853e-17	4.8342e-18	3.97751e-19	3.11145e-20	2.31699e-21	1.64442e-22	1.11357e-23	7.20269e-25	4.45439e-26	2.63639e-27	1.49471e-28	8.12462e-30	4.23747e-31	2.12231e-32	1.02149e-33	4.72822e-35	2.10616e-36	9.03448e-38	3.73426e-39	1.48819e-40	5.72152e-42	2.12065e-43	0	
0	0.0361759	0.096444	0.204093	0.37362	0.596824	0.837554	1.05099	1.21574	1.33834	1.4206	1.44408	1.39937	1.30111	1.16418	0.99606	0.80631	0.603742	0.398045	0.198998	0.0125482	-0.154735	-0.29844	-0.419743	-0.519944	-0.598731	-0.658885	-0.702762	-0.731376	-0.746675	-0.749416	-0.739129	-0.71633	-0.678782	-0.625343	-0.554128	-0.46275	-0.349383	-0.215018	-0.0568344	0.122455	0.317182	0.521336	0.726203	0.922237	1.10004	1.25017	1.36522	1.43357	1.43763	1.37663	1.2694	1.12291	0.928228	0.693708	0.458058	0.264631	0.133683	0.0593012	0.023244	0.0081053	0.00253125	0.000712394	0.000181722	4.22331e-05	8.98461e-06	1.75709e-06	3.17109e-07	5.29992e-08	8.22923e-09	1.19055e-09	1.60914e-10	2.03691e-11	2.42027e-12	2.70513e-13	2.84964e-14	2.83437e-15	2.66641e-16	2.37622e-17	2.009e-18	1.61366e-19	1.23297e-20	8.97301e-22	6.22691e-23	4.1251e-24	2.61143e-25	1.58136e-26	9.16855e-28	5.09419e-29	2.71471e-30	1.38866e-31	6.82379e-33	3.22356e-34	1.46497e-35	6.4091e-37	2.70098e-38	1.09716e-39	4.29831e-41	1.62291e-42	0	
0	0.0674288	0.168479	0.327829	0.547255	0.796	1.02496	1.20301	1.33326	1.4206	1.44412	1.38956	1.27715	1.12559	0.935445	0.716778	0.484634	0.250783	0.029027	-0.173555	-0.352002	-0.502414	-0.626541	-0.726954	-0.803822	-0.860205	-0.901676	-0.929289	-0.946707	-0.955717	-0.956728	-0.951278	-0.936832	-0.914229	-0.878667	-0.828489	-0.760547	-0.669522	-0.55473	-0.415348	-0.247762	-0.0546948	0.160413	0.390628	0.624964	0.850774	1.05391	1.22106	1.35012	1.43081	1.43855	1.37368	1.26009	1.10278	0.892528	0.646115	0.410108	0.22679	0.109472	0.0463905	0.0173815	0.00579996	0.00173554	0.000468672	0.000114872	2.56872e-05	5.26496e-06	9.93284e-07	1.7314e-07	2.79807e-08	4.20551e-09	5.89545e-10	7.72845e-11	9.4971e-12	1.09642e-12	1.19164e-13	1.22159e-14	1.18328e-15	1.0848e-16	9.42734e-18	7.77734e-19	6.09916e-20	4.55262e-21	3.2384e-22	2.19773e-23	1.42448e-24	8.82727e-26	5.23481e-27	2.97358e-28	1.61936e-29	8.46159e-31	4.24571e-32	2.04723e-33	9.49328e-35	4.2364e-36	1.82052e-37	7.53852e-39	3.00976e-40	1.15773e-41	0	
0	0.114206	0.267835	0.479829	0.732844	0.97908	1.17612	1.31788	1.41306	1.44408	1.38956	1.26893	1.10657	0.896923	0.65038	0.394079	0.139311	-0.100112	-0.315006	-0.502591	-0.657843	-0.781735	-0.876	-0.942841	-0.986267	-1.01435	-1.03055	-1.03813	-1.04186	-1.04289	-1.04244	-1.04246	-1.03906	-1.03374	-1.02169	-0.999562	-0.962357	-0.906496	-0.822535	-0.711257	-0.568234	-0.393741	-0.189215	0.0412659	0.29123	0.548346	0.801317	1.02851	1.20924	1.3477	1.43226	1.43445	1.36143	1.23858	1.06499	0.835482	0.579888	0.350755	0.18441	0.08462	0.0341243	0.0121864	0.00388279	0.00111143	0.000287621	6.76722e-05	1.45498e-05	2.87165e-06	5.22416e-07	8.79259e-08	1.37369e-08	1.99826e-09	2.71407e-10	3.45065e-11	4.11636e-12	4.6174e-13	4.88006e-14	4.8686e-15	4.5929e-16	4.1037e-17	3.47798e-18	2.79999e-19	2.14408e-20	1.56361e-21	1.08724e-22	7.21643e-24	4.57693e-25	2.77661e-26	1.61271e-27	8.97617e-29	4.79169e-30	2.4553e-31	1.20858e-32	5.71904e-34	2.60349e-35	1.14095e-36	4.81656e-38	1.95991e-39	7.68109e-41	0	
0	0.176602	0.390056	0.646201	0.909841	1.13171	1.29133	1.39755	1.4425	1.39937	1.27715	1.10657	0.883508	0.614516	0.339541	0.0688672	-0.190043	-0.419177	-0.616827	-0.774338	-0.892334	-0.972292	-1.01943	-1.04125	-1.04634	-1.04097	-1.02856	-1.01603	-1.00474	-0.998366	-0.99767	-1.00131	-1.01185	-1.02267	-1.03577	-1.04544	-1.04512	-1.03136	-0.995089	-0.928785	-0.826449	-0.684634	-0.502988	-0.285363	-0.0374321	0.230601	0.504031	0.779189	1.02414	1.21451	1.35845	1.43666	1.42431	1.33958	1.20266	1.00635	0.756755	0.498648	0.28521	0.141735	0.0615593	0.0235471	0.00799526	0.00242783	0.000663828	0.00016444	3.71076e-05	7.66571e-06	1.4561e-06	2.55329e-07	4.14797e-08	6.26333e-09	8.81642e-10	1.16003e-10	1.43024e-11	1.65617e-12	1.80496e-13	1.855e-14	1.80103e-15	1.65474e-16	1.44097e-17	1.19106e-18	9.35767e-20	6.99715e-21	4.98568e-22	3.38904e-23	2.20016e-24	1.36553e-25	8.11041e-27	4.61405e-28	2.51653e-29	1.31693e-30	6.61786e-32	3.19588e-33	1.48423e-34	6.63357e-36	2.85509e-37	1.18411e-38	4.72832e-40	0	
0	0.250963	0.524827	0.810097	1.06332	1.25041	1.37315	1.43596	1.41479	1.30111	1.12559	0.896923	0.614516	0.321762	0.035789	-0.246004	-0.491138	-0.695128	-0.852011	-0.958162	-1.02208	-1.04593	-1.04428	-1.02265	-0.990539	-0.953543	-0.918574	-0.889288	-0.867797	-0.856639	-0.854746	-0.862013	-0.880906	-0.90644	-0.939237	-0.97444	-1.01128	-1.0371	-1.04909	-1.03523	-0.989399	-0.899601	-0.764573	-0.577784	-0.349449	-0.0793742	0.207147	0.496357	0.788465	1.04103	1.23687	1.3795	1.43952	1.40651	1.30664	1.14812	0.923776	0.658346	0.408212	0.219362	0.102556	0.042014	0.0152037	0.00489838	0.00141537	0.0003692	8.74576e-05	1.89133e-05	3.75162e-06	6.85475e-07	1.15808e-07	1.81533e-08	2.6485e-09	3.60667e-10	4.5963e-11	5.49468e-12	6.17543e-13	6.53831e-14	6.53369e-15	6.17316e-16	5.52362e-17	4.68782e-18	3.77895e-19	2.89739e-20	2.11557e-21	1.47282e-22	9.78729e-24	6.21479e-25	3.77466e-26	2.19498e-27	1.22315e-28	6.53727e-30	3.35381e-31	1.65289e-32	7.8313e-34	3.56961e-35	1.56638e-36	6.62133e-38	2.69396e-39	0	
0	0.330357	0.658727	0.956859	1.18629	1.33674	1.4208	1.42854	1.3373	1.16418	0.935445	0.65038	0.339541	0.035789	-0.265731	-0.528307	-0.73533	-0.895992	-0.993668	-1.04588	-1.04953	-1.02245	-0.971608	-0.910119	-0.846312	-0.790196	-0.741095	-0.704462	-0.680561	-0.665426	-0.663296	-0.673313	-0.691862	-0.726206	-0.769847	-0.822195	-0.883473	-0.94701	-1.00489	-1.04158	-1.05258	-1.0197	-0.941691	-0.806453	-0.616415	-0.378	-0.0861997	0.217101	0.526065	0.827622	1.07892	1.27549	1.40436	1.4355	1.37926	1.25856	1.06934	0.816418	0.545681	0.31607	0.158769	0.0695809	0.0268151	0.00916138	0.00279622	0.000767814	0.000190874	4.32002e-05	8.94651e-06	1.70295e-06	2.99146e-07	4.86716e-08	7.35887e-09	1.03703e-09	1.36583e-10	1.68546e-11	1.95325e-12	2.13027e-13	2.1908e-14	2.12841e-15	1.95671e-16	1.70494e-17	1.41007e-18	1.10848e-19	8.29352e-21	5.91295e-22	4.02186e-23	2.61265e-24	1.62263e-25	9.64413e-27	5.49058e-28	2.99687e-29	1.56955e-30	7.8939e-32	3.81544e-33	1.77358e-34	7.93437e-36	3.41836e-37	1.41701e-38	0	
0	0.406351	0.778845	1.07692	1.27759	1.39262	1.43264	1.37735	1.22107	0.99606	0.716778	0.394079	0.0688672	-0.246004	-0.528307	-0.746295	-0.916474	-1.01656	-1.05515	-1.04305	-0.985312	-0.908064	-0.816935	-0.734162	-0.659853	-0.599604	-0.553273	-0.521125	-0.499714	-0.486154	-0.486456	-0.493176	-0.510121	-0.538698	-0.57892	-0.635787	-0.701398	-0.78279	-0.871043	-0.95752	-1.02309	-1.05733	-1.03722	-0.966132	-0.819907	-0.622538	-0.365399	-0.0581557	0.262144	0.590652	0.89116	1.13724	1.32515	1.42405	1.42076	1.33936	1.18825	0.961785	0.687924	0.427488	0.230013	0.107606	0.0440916	0.0159536	0.0051381	0.00148383	0.000386798	9.15565e-05	1.97834e-05	3.92086e-06	7.15771e-07	1.20821e-07	1.89228e-08	2.75845e-09	3.75339e-10	4.7796e-11	5.70969e-12	6.41274e-13	6.78535e-14	6.77671e-15	6.39951e-16	5.72357e-17	4.85562e-18	3.91292e-19	2.99931e-20	2.18954e-21	1.52411e-22	1.01273e-23	6.43061e-25	3.90594e-26	2.27158e-27	1.26606e-28	6.76824e-30	3.47335e-31	1.71243e-32	8.1169e-34	3.7016e-35	1.6252e-36	6.86318e-38	0	
0	0.471221	0.875609	1.1661	1.33894	1.41915	1.40878	1.28901	1.07681	0.80631	0.484634	0.139311	-0.190043	-0.491138	-0.73533	-0.916474	-1.02608	-1.05396	-1.03031	-0.950502	-0.851762	-0.739343	-0.642227	-0.555992	-0.494204	-0.445537	-0.418601	-0.395497	-0.382724	-0.378962	-0.376388	-0.380379	-0.391866	-0.406603	-0.43326	-0.473421	-0.528555	-0.605784	-0.697228	-0.80799	-0.911993	-1.00417	-1.05049	-1.04538	-0.970678	-0.814461	-0.597425	-0.314482	0.0052004	0.346187	0.683399	0.975009	1.21254	1.3746	1.43074	1.39267	1.27996	1.08748	0.82568	0.547317	0.314152	0.156407	0.0679769	0.0259969	0.00881984	0.00267482	0.000730198	0.000180553	4.06636e-05	8.3831e-06	1.58904e-06	2.78058e-07	4.50788e-08	6.79306e-09	9.54347e-10	1.25335e-10	1.54257e-11	1.78328e-12	1.94048e-13	1.99143e-14	1.93096e-15	1.77202e-16	1.54148e-17	1.27296e-18	9.9933e-20	7.46755e-21	5.31808e-22	3.6136e-23	2.34535e-24	1.45547e-25	8.64473e-27	4.91875e-28	2.68346e-29	1.40487e-30	7.06359e-32	3.41343e-33	1.58653e-34	7.09736e-36	3.05285e-37	0	
0	0.519646	0.944032	1.22433	1.37272	1.41714	1.35228	1.17295	0.914545	0.603742	0.250783	-0.100112	-0.419177	-0.695128	-0.895992	-1.01656	-1.05396	-1.02341	-0.936497	-0.815027	-0.687812	-0.570642	-0.484154	-0.42268	-0.389162	-0.368476	-0.354971	-0.349609	-0.344947	-0.34576	-0.343182	-0.344393	-0.348466	-0.351607	-0.362958	-0.378781	-0.408628	-0.454954	-0.53298	-0.637365	-0.765077	-0.889407	-0.995693	-1.04818	-1.04193	-0.953487	-0.785511	-0.537079	-0.231458	0.107685	0.465892	0.796827	1.07726	1.29398	1.41059	1.42034	1.34622	1.19054	0.951775	0.668726	0.407505	0.215103	0.0988543	0.0398544	0.0142109	0.00451686	0.00128897	0.000332401	7.79135e-05	1.66858e-05	3.28007e-06	5.94328e-07	9.96335e-08	1.55058e-08	2.24716e-09	3.04116e-10	3.85328e-11	4.58177e-12	5.1238e-13	5.39986e-14	5.37298e-15	5.05643e-16	4.50789e-17	3.81295e-18	3.06423e-19	2.34279e-20	1.70625e-21	1.18511e-22	7.859e-24	4.98111e-25	3.02042e-26	1.7539e-27	9.76167e-29	5.21194e-30	2.67167e-31	1.31587e-32	6.23172e-34	2.83972e-35	1.24383e-36	0	
0	0.549418	0.983488	1.25399	1.38122	1.38826	1.26905	1.03884	0.742291	0.398045	0.029027	-0.315006	-0.616827	-0.852011	-0.993668	-1.05515	-1.03031	-0.936497	-0.801569	-0.6563	-0.528549	-0.441083	-0.391544	-0.372111	-0.360208	-0.356208	-0.352537	-0.35301	-0.350817	-0.349459	-0.351016	-0.350785	-0.351497	-0.353819	-0.354173	-0.357694	-0.368215	-0.380773	-0.417309	-0.487289	-0.602196	-0.742526	-0.886162	-0.999383	-1.05528	-1.02819	-0.919198	-0.721312	-0.441749	-0.113542	0.250461	0.610271	0.927801	1.19064	1.3642	1.42456	1.38968	1.27089	1.06174	0.785568	0.505565	0.281729	0.136414	0.057796	0.0215997	0.00717729	0.00213625	0.00057337	0.000139612	3.1006e-05	6.31099e-06	1.18235e-06	2.04683e-07	3.28565e-08	4.90622e-09	6.83467e-10	8.906e-11	1.08817e-11	1.2495e-12	1.35112e-13	1.37849e-14	1.32935e-15	1.21373e-16	1.0508e-17	8.63917e-19	6.75403e-20	5.02749e-21	3.56746e-22	2.41591e-23	1.56309e-24	9.67187e-26	5.729e-27	3.25152e-28	1.76975e-29	9.24514e-31	4.63912e-32	2.23771e-33	1.03832e-34	4.62957e-36	0	
0	0.5612	0.996606	1.25867	1.36676	1.33572	1.16663	0.895581	0.567981	0.198998	-0.173555	-0.502591	-0.774338	-0.958162	-1.04588	-1.04305	-0.950502	-0.815027	-0.6563	-0.518437	-0.424201	-0.380843	-0.370412	-0.36853	-0.364842	-0.36034	-0.354408	-0.348279	-0.34387	-0.341391	-0.340453	-0.342209	-0.345795	-0.352628	-0.357093	-0.362513	-0.367539	-0.369918	-0.373939	-0.400681	-0.474597	-0.596454	-0.752104	-0.899821	-1.0143	-1.05587	-1.00409	-0.85982	-0.619316	-0.311469	0.0469791	0.423815	0.77145	1.07249	1.29701	1.4083	1.41336	1.33028	1.15362	0.893134	0.603763	0.353566	0.179659	0.0797107	0.0311236	0.0107808	0.00333796	0.000930201	0.000234762	5.39567e-05	1.13496e-05	2.19464e-06	3.91677e-07	6.47505e-08	9.94778e-09	1.42452e-09	1.90657e-10	2.39088e-11	2.81567e-12	3.12062e-13	3.26127e-14	3.21967e-15	3.0078e-16	2.6631e-17	2.23805e-18	1.78772e-19	1.35907e-20	9.84533e-22	6.80406e-23	4.49088e-24	2.8338e-25	1.71123e-26	9.89808e-28	5.48888e-29	2.92059e-30	1.49232e-31	7.32804e-33	3.4607e-34	1.56999e-35	0	
0	0.557679	0.987894	1.24238	1.33222	1.26457	1.05338	0.750762	0.397465	0.0125482	-0.352002	-0.657843	-0.892334	-1.02208	-1.04953	-0.985312	-0.851762	-0.687812	-0.528549	-0.424201	-0.373331	-0.375485	-0.378688	-0.374095	-0.350913	-0.337121	-0.323357	-0.313633	-0.306136	-0.300919	-0.302578	-0.303727	-0.308294	-0.320436	-0.331714	-0.343929	-0.365973	-0.379482	-0.378527	-0.370374	-0.397285	-0.479851	-0.620503	-0.788539	-0.937999	-1.03431	-1.04432	-0.957284	-0.761976	-0.482028	-0.13787	0.245349	0.615267	0.946742	1.21488	1.3752	1.42047	1.37146	1.22747	0.988408	0.698062	0.427553	0.227034	0.105085	0.0427199	0.0153763	0.00493787	0.00142481	0.000371766	8.8216e-05	1.91339e-05	3.8108e-06	6.99791e-07	1.18922e-07	1.87653e-08	2.75783e-09	3.78533e-10	4.86485e-11	5.86788e-12	6.65697e-13	7.11742e-14	7.18497e-15	6.86014e-16	6.20506e-17	5.32497e-18	4.34171e-19	3.36785e-20	2.48848e-21	1.75355e-22	1.17973e-23	7.5856e-25	4.66626e-26	2.74872e-27	1.55191e-28	8.40511e-30	4.37037e-31	2.18336e-32	1.04879e-33	4.83818e-35	0	
0	0.54255	0.962579	1.2094	1.28163	1.18121	0.936536	0.608914	0.235097	-0.154735	-0.502414	-0.781735	-0.972292	-1.04593	-1.02245	-0.908064	-0.739343	-0.570642	-0.441083	-0.380843	-0.375485	-0.386618	-0.370882	-0.334218	-0.307785	-0.297376	-0.288744	-0.27343	-0.275573	-0.271076	-0.269114	-0.276225	-0.27318	-0.282429	-0.294643	-0.302459	-0.320001	-0.35763	-0.383797	-0.38113	-0.37326	-0.408649	-0.511571	-0.669457	-0.844128	-0.986314	-1.04815	-1.01591	-0.86992	-0.623949	-0.300954	0.0802896	0.465649	0.82031	1.12385	1.32919	1.41418	1.39752	1.28471	1.06998	0.785322	0.500679	0.276631	0.133046	0.0561063	0.0209126	0.0069433	0.00206829	0.000556372	0.000135944	3.03293e-05	6.20717e-06	1.17024e-06	2.04009e-07	3.29986e-08	4.96779e-09	6.98043e-10	9.1786e-11	1.13209e-11	1.31265e-12	1.43371e-13	1.47787e-14	1.44024e-15	1.32913e-16	1.16332e-17	9.67046e-19	7.64539e-20	5.75579e-21	4.13124e-22	2.83018e-23	1.85255e-24	1.15981e-25	6.95146e-27	3.99242e-28	2.19908e-29	1.16264e-30	5.90467e-32	2.88277e-33	1.3513e-34	0	
0	0.519689	0.925912	1.16441	1.22001	1.09182	0.821041	0.473816	0.0869663	-0.29844	-0.626541	-0.876	-1.01943	-1.04428	-0.971608	-0.816935	-0.642227	-0.484154	-0.391544	-0.370412	-0.378688	-0.370882	-0.328188	-0.290661	-0.28386	-0.28175	-0.273059	-0.26783	-0.272864	-0.268594	-0.265514	-0.271978	-0.26838	-0.269537	-0.279287	-0.283751	-0.284817	-0.309759	-0.356892	-0.379378	-0.373419	-0.375895	-0.437799	-0.57403	-0.746442	-0.917004	-1.02454	-1.04392	-0.947032	-0.736739	-0.439991	-0.0686092	0.326591	0.699122	1.0301	1.27463	1.39758	1.41152	1.32751	1.13776	0.86342	0.570275	0.326405	0.162455	0.0707953	0.0272282	0.00931504	0.00285546	0.000789535	0.000198086	4.53349e-05	9.50991e-06	1.83628e-06	3.27634e-07	5.42047e-08	8.34168e-09	1.19753e-09	1.60799e-10	2.02435e-11	2.39479e-12	2.66758e-13	2.80328e-14	2.78411e-15	2.61755e-16	2.33326e-17	1.97479e-18	1.58912e-19	1.21739e-20	8.88917e-22	6.19363e-23	4.12239e-24	2.62371e-25	1.59833e-26	9.32814e-28	5.22017e-29	2.80347e-30	1.44601e-31	7.16862e-33	3.41136e-34	0	
0	0.492663	0.882828	1.11223	1.15252	1.00161	0.711188	0.350149	-0.0429648	-0.419743	-0.726954	-0.942841	-1.04125	-1.02265	-0.910119	-0.734162	-0.555992	-0.42268	-0.372111	-0.36853	-0.374095	-0.334218	-0.290661	-0.272859	-0.294259	-0.28527	-0.273212	-0.273721	-0.271951	-0.267314	-0.266471	-0.271043	-0.273916	-0.272916	-0.277589	-0.296659	-0.279391	-0.279655	-0.313995	-0.363678	-0.37266	-0.368388	-0.392242	-0.496421	-0.658457	-0.846258	-0.986686	-1.04682	-0.997705	-0.823452	-0.553473	-0.198349	0.200362	0.586884	0.939052	1.21615	1.37386	1.41632	1.35832	1.19254	0.931191	0.634188	0.374373	0.192024	0.086137	0.034058	0.011964	0.00376161	0.00106572	0.000273723	6.4081e-05	1.37405e-05	2.71027e-06	4.93696e-07	8.3344e-08	1.30812e-08	1.91445e-09	2.61953e-10	3.35928e-11	4.04661e-12	4.58841e-13	4.9068e-14	4.95766e-15	4.74051e-16	4.29655e-17	3.69655e-18	3.0231e-19	2.35313e-20	1.74545e-21	1.23519e-22	8.34827e-24	5.39439e-25	3.33575e-26	1.97584e-27	1.12202e-28	6.11368e-30	3.19892e-31	1.60855e-32	7.76258e-34	0	
0	0.464506	0.837712	1.05749	1.08406	0.915342	0.611033	0.240933	-0.154369	-0.519944	-0.803822	-0.986267	-1.04634	-0.990539	-0.846312	-0.659853	-0.494204	-0.389162	-0.360208	-0.364842	-0.350913	-0.307785	-0.28386	-0.294259	-0.295447	-0.266801	-0.251538	-0.265266	-0.243967	-0.246601	-0.253525	-0.23873	-0.259977	-0.258288	-0.254961	-0.286866	-0.296471	-0.28792	-0.291376	-0.336931	-0.360868	-0.36363	-0.367379	-0.44519	-0.586545	-0.773636	-0.941587	-1.03535	-1.02775	-0.88926	-0.64385	-0.306476	0.0899192	0.486108	0.854597	1.15807	1.34628	1.4146	1.37955	1.23565	0.988245	0.69083	0.418755	0.220429	0.101378	0.0410541	0.0147553	0.00474212	0.00137215	0.000359671	8.58754e-05	1.87684e-05	3.77135e-06	6.99508e-07	1.2019e-07	1.91926e-08	2.8567e-09	3.97406e-10	5.17983e-11	6.34009e-12	7.30275e-13	7.93112e-14	8.13626e-15	7.89749e-16	7.26459e-17	6.34205e-18	5.26195e-19	4.15457e-20	3.12535e-21	2.24269e-22	1.53677e-23	1.00662e-24	6.30914e-26	3.78725e-27	2.17927e-28	1.20309e-29	6.37725e-31	3.24823e-32	1.58757e-33	0	
0	0.437648	0.794273	1.00443	1.01919	0.837127	0.523379	0.147529	-0.246697	-0.598731	-0.860205	-1.01435	-1.04097	-0.953543	-0.790196	-0.599604	-0.445537	-0.368476	-0.356208	-0.36034	-0.337121	-0.297376	-0.28175	-0.28527	-0.266801	-0.246039	-0.24627	-0.251347	-0.234338	-0.239639	-0.245941	-0.231893	-0.246578	-0.248934	-0.24445	-0.257313	-0.279015	-0.285429	-0.285383	-0.32292	-0.352789	-0.360893	-0.356903	-0.406094	-0.530767	-0.712447	-0.896657	-1.01617	-1.04067	-0.935705	-0.71504	-0.394619	-0.00285481	0.399365	0.779811	1.10393	1.31788	1.40882	1.39347	1.26863	1.03474	0.739141	0.458058	0.246414	0.115731	0.0478174	0.01752	0.00573559	0.00168936	0.000450478	0.000109357	2.4289e-05	4.95785e-06	9.3377e-07	1.62861e-07	2.63905e-08	3.98495e-09	5.62244e-10	7.43077e-11	9.22033e-12	1.07642e-12	1.18466e-13	1.23131e-14	1.21072e-15	1.12799e-16	9.9725e-18	8.37794e-19	6.69692e-20	5.09978e-21	3.704e-22	2.56868e-23	1.70263e-24	1.07977e-25	6.55759e-27	3.81725e-28	2.13165e-29	1.14285e-30	5.88717e-32	2.90964e-33	0	
0	0.413943	0.755544	0.956774	0.96185	0.770136	0.450256	0.0714302	-0.319475	-0.658885	-0.901676	-1.03055	-1.02856	-0.918574	-0.741095	-0.553273	-0.418601	-0.354971	-0.352537	-0.354408	-0.323357	-0.288744	-0.273059	-0.273212	-0.251538	-0.24627	-0.252364	-0.246771	-0.2406	-0.243858	-0.244807	-0.240677	-0.244485	-0.24941	-0.251027	-0.245337	-0.26654	-0.273498	-0.279606	-0.308428	-0.344878	-0.355907	-0.349523	-0.38406	-0.491561	-0.662737	-0.853119	-0.994605	-1.04667	-0.967248	-0.767211	-0.463384	-0.0779517	0.327988	0.717108	1.05675	1.29136	1.40117	1.40207	1.29301	1.07115	0.77849	0.491101	0.268864	0.128432	0.0539349	0.0200716	0.00666988	0.00199302	0.000538889	0.000132594	2.9838e-05	6.16871e-06	1.17639e-06	2.07696e-07	3.40606e-08	5.20391e-09	7.4276e-10	9.92883e-11	1.24589e-11	1.47069e-12	1.63634e-13	1.71923e-14	1.70861e-15	1.60875e-16	1.43721e-17	1.21996e-18	9.85215e-20	7.57905e-21	5.56036e-22	3.8947e-23	2.60724e-24	1.66976e-25	1.024e-26	6.01873e-28	3.39344e-29	1.83678e-30	9.55184e-32	4.76528e-33	0	
0	0.394751	0.723901	0.917574	0.915192	0.716895	0.393382	0.0132696	-0.374141	-0.702762	-0.929289	-1.03813	-1.01603	-0.889288	-0.704462	-0.521125	-0.395497	-0.349609	-0.35301	-0.348279	-0.313633	-0.27343	-0.26783	-0.273721	-0.265266	-0.251347	-0.246771	-0.240217	-0.233997	-0.234034	-0.233366	-0.233283	-0.238886	-0.243735	-0.249047	-0.258768	-0.272157	-0.271145	-0.266425	-0.296213	-0.336402	-0.355221	-0.347439	-0.36911	-0.461948	-0.62628	-0.821437	-0.973407	-1.04498	-0.988393	-0.804995	-0.513858	-0.134673	0.272935	0.668013	1.01881	1.26899	1.3935	1.407	1.31018	1.09811	0.808564	0.517006	0.286849	0.138804	0.0590179	0.0222257	0.0074704	0.00225688	0.000616744	0.00015332	3.48491e-05	7.27536e-06	1.40074e-06	2.49629e-07	4.13149e-08	6.36949e-09	9.17243e-10	1.23692e-10	1.56559e-11	1.86393e-12	2.09146e-13	2.21584e-14	2.22043e-15	2.10786e-16	1.89844e-17	1.62448e-18	1.3224e-19	1.02537e-20	7.5819e-22	5.35219e-23	3.61075e-24	2.33026e-25	1.43999e-26	8.52818e-28	4.84463e-29	2.64195e-30	1.38415e-31	6.95633e-33	0	
0	0.381019	0.70109	0.88917	0.88165	0.679254	0.353703	-0.0268829	-0.411096	-0.731376	-0.946707	-1.04186	-1.00474	-0.867797	-0.680561	-0.499714	-0.382724	-0.344947	-0.350817	-0.34387	-0.306136	-0.275573	-0.272864	-0.271951	-0.243967	-0.234338	-0.2406	-0.233997	-0.229436	-0.230506	-0.233055	-0.228284	-0.231002	-0.238191	-0.238784	-0.235458	-0.262509	-0.275138	-0.271868	-0.291307	-0.33084	-0.351658	-0.345899	-0.358421	-0.444386	-0.60217	-0.797245	-0.958057	-1.04243	-1.00051	-0.82943	-0.54782	-0.173442	0.23488	0.633675	0.991751	1.25252	1.3873	1.40958	1.32126	1.11621	0.829247	0.53516	0.299656	0.146295	0.0627351	0.0238194	0.00806915	0.00245626	0.00067615	0.000169283	3.87436e-05	8.14301e-06	1.57814e-06	2.83065e-07	4.71469e-08	7.31413e-09	1.05978e-09	1.43783e-10	1.83084e-11	2.19268e-12	2.47482e-13	2.63728e-14	2.658e-15	2.53768e-16	2.29853e-17	1.9779e-18	1.61909e-19	1.26239e-20	9.38582e-22	6.66182e-23	4.51865e-24	2.93192e-25	1.8215e-26	1.0845e-27	6.19336e-29	3.39523e-30	1.7881e-31	9.03296e-33	0	
0	0.373349	0.688286	0.873175	0.862861	0.658379	0.331878	-0.0487691	-0.430992	-0.746675	-0.955717	-1.04289	-0.998366	-0.856639	-0.665426	-0.486154	-0.378962	-0.34576	-0.349459	-0.341391	-0.300919	-0.271076	-0.268594	-0.267314	-0.246601	-0.239639	-0.243858	-0.234034	-0.230506	-0.232844	-0.231301	-0.23167	-0.233903	-0.238344	-0.244157	-0.239144	-0.261327	-0.268728	-0.26834	-0.285093	-0.327371	-0.349545	-0.346076	-0.357642	-0.434703	-0.587042	-0.784375	-0.950172	-1.04024	-1.00586	-0.842118	-0.566245	-0.194595	0.214097	0.614794	0.976668	1.24315	1.38358	1.4107	1.32705	1.12592	0.840521	0.545175	0.306792	0.150505	0.0648412	0.024729	0.00841319	0.00257156	0.000710712	0.000178625	4.10356e-05	8.65645e-06	1.68369e-06	3.03063e-07	5.06529e-08	7.88488e-09	1.14633e-09	1.56043e-10	1.99349e-11	2.39524e-12	2.71217e-13	2.89943e-14	2.93147e-15	2.80756e-16	2.5509e-17	2.20186e-18	1.80796e-19	1.41394e-20	1.05444e-21	7.50669e-23	5.10694e-24	3.32347e-25	2.07085e-26	1.23658e-27	7.08244e-29	3.89388e-30	2.05662e-31	1.04191e-32	0	
0	0.372056	0.686119	0.870464	0.859702	0.654925	0.328299	-0.0524376	-0.434545	-0.749416	-0.956728	-1.04244	-0.99767	-0.854746	-0.663296	-0.486456	-0.376388	-0.343182	-0.351016	-0.340453	-0.302578	-0.269114	-0.265514	-0.266471	-0.253525	-0.245941	-0.244807	-0.233366	-0.233055	-0.231301	-0.228275	-0.233151	-0.23161	-0.239623	-0.247164	-0.248393	-0.262603	-0.267275	-0.264856	-0.286968	-0.326889	-0.351245	-0.344894	-0.354967	-0.433198	-0.585962	-0.782303	-0.947477	-1.03971	-1.00744	-0.844357	-0.569146	-0.198076	0.210625	0.611646	0.974138	1.24156	1.38294	1.41086	1.328	1.12754	0.842402	0.546851	0.30799	0.151213	0.0651963	0.0248826	0.00847141	0.0025911	0.000716582	0.000180214	4.14261e-05	8.74408e-06	1.70173e-06	3.06487e-07	5.12542e-08	7.98293e-09	1.16122e-09	1.58156e-10	2.02157e-11	2.43028e-12	2.75329e-13	2.94494e-14	2.97903e-15	2.85457e-16	2.59494e-17	2.24101e-18	1.84104e-19	1.44053e-20	1.07481e-21	7.65551e-23	5.21076e-24	3.39269e-25	2.11502e-26	1.26357e-27	7.24051e-29	3.98269e-30	2.10454e-31	1.06669e-32	0	
0	0.37719	0.694692	0.881185	0.872331	0.668978	0.342905	-0.0379432	-0.421287	-0.739129	-0.951278	-1.04246	-1.00131	-0.862013	-0.673313	-0.493176	-0.380379	-0.344393	-0.350785	-0.342209	-0.303727	-0.276225	-0.271978	-0.271043	-0.23873	-0.231893	-0.240677	-0.233283	-0.228284	-0.23167	-0.233151	-0.229263	-0.231059	-0.23791	-0.237674	-0.230415	-0.259601	-0.274118	-0.27211	-0.28942	-0.328624	-0.350316	-0.346557	-0.355978	-0.440105	-0.595345	-0.790371	-0.954961	-1.04149	-1.0023	-0.83574	-0.557631	-0.184209	0.224658	0.624361	0.98424	1.24785	1.38547	1.41017	1.32419	1.12109	0.834892	0.540157	0.303205	0.148382	0.0637767	0.0242681	0.0082385	0.0025129	0.000693094	0.000173854	3.98631e-05	8.39339e-06	1.62953e-06	2.92787e-07	4.88488e-08	7.59079e-09	1.10167e-09	1.4971e-10	1.90937e-11	2.29037e-12	2.58916e-13	2.76342e-14	2.78945e-15	2.66727e-16	2.41959e-17	2.08522e-18	1.70951e-19	1.33487e-20	9.9395e-22	7.06522e-23	4.79931e-24	3.11856e-25	1.94027e-26	1.15688e-27	6.61618e-29	3.6322e-30	1.91562e-31	9.69073e-33	0	
0	0.388547	0.713594	0.904758	0.900133	0.700099	0.375619	-0.00510444	-0.391565	-0.71633	-0.936832	-1.03906	-1.01185	-0.880906	-0.691862	-0.510121	-0.391866	-0.348466	-0.351497	-0.345795	-0.308294	-0.27318	-0.26838	-0.273916	-0.259977	-0.246578	-0.244485	-0.238886	-0.231002	-0.233903	-0.23161	-0.231059	-0.236822	-0.241065	-0.246484	-0.252631	-0.270543	-0.271934	-0.267659	-0.292364	-0.332523	-0.354186	-0.346311	-0.366833	-0.454151	-0.613106	-0.810796	-0.967307	-1.04341	-0.993548	-0.816628	-0.529979	-0.152415	0.255878	0.652595	1.00661	1.2616	1.39078	1.40827	1.31531	1.10641	0.817979	0.525222	0.292615	0.142161	0.0606768	0.0229342	0.00773561	0.00234489	0.000642883	0.000160322	3.65524e-05	7.65379e-06	1.47791e-06	2.64135e-07	4.38386e-08	6.77726e-09	9.78623e-10	1.32323e-10	1.67929e-11	2.00454e-12	2.25507e-13	2.39532e-14	2.40639e-15	2.29015e-16	2.06779e-17	1.77378e-18	1.44749e-19	1.12511e-20	8.33959e-22	5.90125e-23	3.99069e-24	2.58159e-25	1.59908e-26	9.49263e-28	5.40511e-29	2.95445e-30	1.55145e-31	7.81499e-33	0	
0	0.405643	0.741872	0.939871	0.941794	0.747307	0.425743	0.0458964	-0.343977	-0.678782	-0.914229	-1.03374	-1.02267	-0.90644	-0.726206	-0.538698	-0.406603	-0.351607	-0.353819	-0.352628	-0.320436	-0.282429	-0.269537	-0.272916	-0.258288	-0.248934	-0.24941	-0.243735	-0.238191	-0.238344	-0.239623	-0.23791	-0.241065	-0.246551	-0.250498	-0.252136	-0.268266	-0.271937	-0.27316	-0.303987	-0.342334	-0.356631	-0.3486	-0.374965	-0.477244	-0.647686	-0.840219	-0.986046	-1.04592	-0.976108	-0.784264	-0.486395	-0.102986	0.304217	0.695928	1.04037	1.28179	1.39801	1.40442	1.30071	1.08307	0.791658	0.502355	0.276623	0.132879	0.0561018	0.020985	0.00700766	0.00210384	0.000571441	0.000141223	3.19158e-05	6.62575e-06	1.26869e-06	2.24883e-07	3.70232e-08	5.67824e-09	8.13518e-10	1.09151e-10	1.37467e-11	1.62857e-12	1.81847e-13	1.91733e-14	1.91214e-15	1.80661e-16	1.6195e-17	1.37935e-18	1.11768e-19	8.6267e-21	6.34987e-22	4.46227e-23	2.9969e-24	1.9255e-25	1.18462e-26	6.98495e-28	3.95064e-29	2.14508e-30	1.11899e-31	5.5997e-33	0	
0	0.427675	0.778013	0.984473	0.995197	0.80905	0.492539	0.114902	-0.27853	-0.625343	-0.878667	-1.02169	-1.03577	-0.939237	-0.769847	-0.57892	-0.43326	-0.362958	-0.354173	-0.357093	-0.331714	-0.294643	-0.279287	-0.277589	-0.254961	-0.24445	-0.251027	-0.249047	-0.238784	-0.244157	-0.247164	-0.237674	-0.246484	-0.250498	-0.248193	-0.246442	-0.270407	-0.279979	-0.284737	-0.316472	-0.350111	-0.357526	-0.35407	-0.396203	-0.512981	-0.691846	-0.878884	-1.00723	-1.04319	-0.949578	-0.738482	-0.424996	-0.0351057	0.369144	0.753322	1.0841	1.30691	1.40588	1.39748	1.27938	1.05052	0.755996	0.472073	0.255854	0.12103	0.0503515	0.0185699	0.00611761	0.00181279	0.000486209	0.000118697	2.65076e-05	5.43949e-06	1.0298e-06	1.8052e-07	2.93971e-08	4.46054e-09	6.32351e-10	8.39657e-11	1.04669e-11	1.22751e-12	1.357e-13	1.41668e-14	1.39908e-15	1.30911e-16	1.16231e-17	9.80586e-19	7.87103e-20	6.01862e-21	4.38923e-22	3.0562e-23	2.0339e-24	1.29497e-25	7.89552e-27	4.614e-28	2.58654e-29	1.39206e-30	7.19818e-32	3.57095e-33	0	
0	0.453458	0.819894	1.0358	1.05748	0.883077	0.57457	0.20154	-0.19402	-0.554128	-0.828489	-0.999562	-1.04544	-0.97444	-0.822195	-0.635787	-0.473421	-0.378781	-0.357694	-0.362513	-0.343929	-0.302459	-0.283751	-0.296659	-0.286866	-0.257313	-0.245337	-0.258768	-0.235458	-0.239144	-0.248393	-0.230415	-0.252631	-0.252136	-0.246442	-0.277821	-0.294538	-0.290819	-0.286974	-0.331057	-0.356186	-0.36259	-0.36108	-0.427318	-0.564566	-0.747898	-0.9223	-1.02776	-1.03441	-0.910246	-0.674976	-0.344325	0.0506433	0.449752	0.823486	1.1358	1.33487	1.41265	1.38592	1.25003	1.00814	0.711214	0.435145	0.231154	0.107247	0.0437956	0.0158669	0.00513854	0.00149781	0.000395392	9.50508e-05	2.09115e-05	4.22904e-06	7.89316e-07	1.3645e-07	2.19191e-08	3.28159e-09	4.59127e-10	6.0179e-11	7.40649e-12	8.5773e-13	9.36498e-14	9.6576e-15	9.42262e-16	8.71162e-17	7.64351e-18	6.37317e-19	5.05652e-20	3.82223e-21	2.75582e-22	1.89728e-23	1.24855e-24	7.86149e-26	4.74057e-27	2.74011e-28	1.51945e-29	8.08968e-31	4.13844e-32	2.03137e-33	0	
0	0.481344	0.864743	1.09037	1.12504	0.96651	0.669905	0.304665	-0.0899626	-0.46275	-0.760547	-0.962357	-1.04512	-1.01128	-0.883473	-0.701398	-0.528555	-0.408628	-0.368215	-0.367539	-0.365973	-0.320001	-0.284817	-0.279391	-0.296471	-0.279015	-0.26654	-0.272157	-0.262509	-0.261327	-0.262603	-0.259601	-0.270543	-0.268266	-0.270407	-0.294538	-0.28554	-0.279172	-0.301694	-0.351932	-0.369363	-0.366574	-0.382048	-0.474444	-0.62556	-0.816011	-0.969079	-1.04361	-1.01288	-0.852405	-0.591781	-0.244217	0.153885	0.545062	0.904441	1.19273	1.36313	1.41629	1.36788	1.21117	0.95535	0.6578	0.392627	0.203567	0.0922636	0.0368419	0.0130642	0.00414462	0.00118439	0.000306734	7.23852e-05	1.56414e-05	3.10841e-06	5.70351e-07	9.69682e-08	1.53249e-08	2.25796e-09	3.10995e-10	4.01395e-11	4.86581e-12	5.55151e-13	5.97284e-14	6.07081e-15	5.83896e-16	5.32266e-17	4.60536e-18	3.78736e-19	2.96423e-20	2.21065e-21	1.57274e-22	1.06856e-23	6.9405e-25	4.31379e-26	2.56806e-27	1.46559e-28	8.02499e-30	4.2194e-31	2.13186e-32	1.03366e-33	0	
0	0.509143	0.909119	1.14412	1.19354	1.05569	0.77617	0.422629	0.032706	-0.349383	-0.669522	-0.906496	-1.03136	-1.0371	-0.94701	-0.78279	-0.605784	-0.454954	-0.380773	-0.369918	-0.379482	-0.35763	-0.309759	-0.279655	-0.28792	-0.285429	-0.273498	-0.271145	-0.275138	-0.268728	-0.267275	-0.274118	-0.271934	-0.271937	-0.279979	-0.290819	-0.279172	-0.293949	-0.339398	-0.376162	-0.374023	-0.371164	-0.41525	-0.539703	-0.710675	-0.888622	-1.01026	-1.04842	-0.970589	-0.773575	-0.488084	-0.123437	0.274096	0.653101	0.993275	1.25152	1.38878	1.41442	1.3412	1.16124	0.891854	0.59663	0.345888	0.174302	0.0768662	0.0298997	0.0103399	0.00320242	0.000894238	0.000226487	5.23087e-05	1.10695e-05	2.15565e-06	3.87794e-07	6.46722e-08	1.00301e-08	1.45085e-09	1.96253e-10	2.48854e-11	2.96466e-12	3.32513e-13	3.51785e-14	3.51687e-15	3.32787e-16	2.98525e-17	2.54234e-18	2.05834e-19	1.58632e-20	1.16513e-21	8.16525e-23	5.46567e-24	3.49816e-25	2.14279e-26	1.25737e-27	7.07412e-29	3.81915e-30	1.98012e-31	9.86681e-33	4.71899e-34	0	
0	0.534067	0.948905	1.19256	1.25814	1.14604	0.889901	0.553564	0.17366	-0.215018	-0.55473	-0.822535	-0.995089	-1.04909	-1.00489	-0.871043	-0.697228	-0.53298	-0.417309	-0.373939	-0.378527	-0.383797	-0.356892	-0.313995	-0.291376	-0.285383	-0.279606	-0.266425	-0.271868	-0.26834	-0.264856	-0.27211	-0.267659	-0.27316	-0.284737	-0.286974	-0.301694	-0.339398	-0.377855	-0.382146	-0.372816	-0.391081	-0.479102	-0.628293	-0.802725	-0.960489	-1.04217	-1.03048	-0.904198	-0.672361	-0.359555	0.0184093	0.408465	0.771005	1.08646	1.30821	1.40864	1.40445	1.3035	1.0988	0.817791	0.529071	0.2966	0.144666	0.06183	0.0233415	0.00784426	0.00236381	0.00064292	0.00015876	3.57806e-05	7.39468e-06	1.40732e-06	2.47581e-07	4.04009e-08	6.13436e-09	8.69141e-10	1.15209e-10	1.43219e-11	1.67336e-12	1.84137e-13	1.91196e-14	1.87657e-15	1.74388e-16	1.53674e-17	1.286e-18	1.02335e-19	7.75361e-21	5.60014e-22	3.86013e-23	2.542e-24	1.60089e-25	9.65108e-27	5.57463e-28	3.08787e-29	1.64158e-30	8.38242e-32	4.11438e-33	1.93874e-34	0	
0	0.552747	0.979373	1.2309	1.31376	1.23254	1.00676	0.693146	0.330986	-0.0568344	-0.415348	-0.711257	-0.928785	-1.03523	-1.04158	-0.95752	-0.80799	-0.637365	-0.487289	-0.400681	-0.370374	-0.38113	-0.379378	-0.363678	-0.336931	-0.32292	-0.308428	-0.296213	-0.291307	-0.285093	-0.286968	-0.28942	-0.292364	-0.303987	-0.316472	-0.331057	-0.351932	-0.376162	-0.382146	-0.372928	-0.381296	-0.445184	-0.571936	-0.739958	-0.903654	-1.01813	-1.04921	-0.985499	-0.80956	-0.541879	-0.205536	0.177319	0.554101	0.89587	1.1793	1.35821	1.41945	1.38358	1.25233	1.02279	0.73399	0.457053	0.246679	0.115976	0.047854	0.0174689	0.0056855	0.00166156	0.000438829	0.000105343	2.31038e-05	4.65079e-06	8.62842e-07	1.48088e-07	2.35915e-08	3.49924e-09	4.84608e-10	6.28231e-11	7.64159e-12	8.74035e-13	9.41951e-14	9.58281e-15	9.21886e-16	8.40012e-17	7.26066e-18	5.96164e-19	4.65622e-20	3.46359e-21	2.45672e-22	1.66345e-23	1.07633e-24	6.66196e-26	3.94809e-27	2.24231e-28	1.22151e-29	6.38781e-31	3.20918e-32	1.55005e-33	7.18925e-35	0	
