0	0	0	0	0	0	0	0	0	0	0	0	0	0	0	0	0	0	0	0	0	0	0	0	0	0	0	0	0	0	0	0	0	0	0	0	0	0	0	0	0	0	0	0	0	0	0	0	0	0	0	0	0	0	0	0	0	0	0	0	0	0	0	0	0	0	0	0	0	0	0	0	0	0	0	0	0	0	0	0	0	0	0	0	0	0	0	0	0	0	0	0	0	0	0	0	0	0	0	0	
0	-0.00311736	-0.000169215	-0.00474242	0.000187365	0.00433469	-0.00356046	-0.000400311	0.00222507	0.000653972	0.00257275	-0.000493714	-0.000287328	-0.00100363	0.00144743	-0.000494258	-0.00575001	-0.00187346	0.00179624	-0.00489403	-0.00320475	-0.00259996	0.00196492	-0.00443213	-0.00387281	-0.0025481	0.00391106	-0.00257699	-0.00772196	-0.00200273	0.00269255	0.00100704	-0.00615854	-0.00711681	-0.00731926	0.00363995	0.00377999	-0.00274042	-0.0179629	-0.015637	-0.00958778	0.00187782	0.00734884	0.00766716	-0.00879467	-0.034431	-0.0586557	-0.0659342	-0.0636638	-0.0485553	-0.0238565	0.0160587	0.0600558	0.0963797	0.119777	0.128455	0.133186	0.127661	0.107002	0.0742951	0.0273469	-0.0252572	-0.0581748	-0.0798382	-0.0895484	-0.0742741	-0.0572153	-0.0448	-0.0336925	-0.0286333	-0.0290161	-0.0366077	-0.048781	-0.0667862	-0.0822794	-0.0814502	-0.0727169	-0.0514493	-0.00490539	0.0484236	0.089786	0.117399	0.132038	0.137399	0.130618	0.108849	0.0813565	0.047657	0.00187388	-0.0395751	-0.0594485	-0.0634732	-0.0582823	-0.0424852	-0.0221872	-0.00534857	0.00871005	0.0185421	0.0158782	0	
0	-0.000169215	0.00633512	0.00181228	-0.00249152	0.00257979	-0.00422728	-0.00163394	0.00404337	-0.00941787	-0.00160263	0.00214993	-0.000838356	-0.00441409	-0.000829773	0.00573129	-0.00321675	-0.000883479	0.00813154	-0.00398721	-0.00151663	0.00137642	0.00422978	-0.00220465	-0.00725119	-3.10899e-05	0.00616619	-0.00295265	-0.0132076	-0.00309119	0.006216	0.000433974	-0.00887543	-0.0144575	-0.0093272	0.0060584	0.0109159	-0.00570136	-0.0289556	-0.0273066	-0.0123147	0.00701924	0.0199873	0.0155881	-0.0136773	-0.0692512	-0.113005	-0.131991	-0.128668	-0.0973593	-0.052845	0.0308376	0.115923	0.190641	0.239857	0.261719	0.268907	0.257878	0.217095	0.140024	0.0496426	-0.0500972	-0.123304	-0.158917	-0.16849	-0.145209	-0.118493	-0.0928817	-0.0645946	-0.0528489	-0.0607211	-0.0779613	-0.0961691	-0.128206	-0.162472	-0.165786	-0.145779	-0.0990561	-0.00956648	0.0925966	0.176099	0.233496	0.263312	0.272956	0.259282	0.217934	0.163786	0.0954831	0.00515719	-0.07564	-0.115688	-0.12501	-0.115584	-0.0855486	-0.0460278	-0.0117005	0.0169853	0.0358765	0.0302668	0	
0	-0.00474242	0.00181228	-0.00223736	-0.00360226	0.00298684	-0.00181779	0.00184426	0.00443558	-0.00512587	0.00142265	-0.000714454	-0.00296622	-0.00257444	0.0014237	-0.00154922	-0.00809905	-0.00350453	0.00438668	-0.00831359	-0.00600736	-0.000698778	0.000595256	-0.00512066	-0.0101917	-0.00126324	0.00564279	-0.00598294	-0.0160697	-0.00444706	0.00706601	-0.00169358	-0.0124465	-0.0203638	-0.0120653	0.00604128	0.0109152	-0.0126711	-0.0429253	-0.0399996	-0.020832	0.00704214	0.0216603	0.0148562	-0.0308315	-0.107091	-0.168751	-0.194298	-0.185407	-0.139135	-0.0657596	0.0536223	0.180756	0.286338	0.357453	0.388148	0.396544	0.378535	0.314683	0.206514	0.070182	-0.0740728	-0.178473	-0.235928	-0.248627	-0.217746	-0.178719	-0.135445	-0.0978049	-0.0839287	-0.0883256	-0.110684	-0.1468	-0.195745	-0.237733	-0.2431	-0.217323	-0.147194	-0.0164393	0.132751	0.257762	0.345209	0.391536	0.405353	0.385015	0.327313	0.247656	0.143656	0.0115632	-0.104812	-0.165752	-0.182785	-0.170965	-0.129488	-0.0726602	-0.0199518	0.0240264	0.0505854	0.0417792	0	
0	0.000187365	-0.00249152	-0.00360226	0.00233209	0.00165643	-0.00143901	-0.00536866	-0.00208352	0.00156291	0.000452909	0.00140199	-0.000412014	-0.00406167	2.27514e-05	0.000103628	-0.00659144	0.000183529	-0.00181772	-0.00451138	-0.00690964	-0.000319956	-0.00242275	-0.006282	-0.00979238	-0.00283269	0.00215054	-0.00893789	-0.0173663	-0.00494022	0.00250899	-0.00406766	-0.0180147	-0.0225481	-0.0145829	0.00467411	0.00745438	-0.0214879	-0.0496402	-0.0494792	-0.0222977	0.00747572	0.0237826	0.0121886	-0.0516194	-0.140649	-0.21938	-0.250956	-0.233667	-0.178722	-0.0713929	0.0781603	0.240766	0.380926	0.46863	0.511674	0.525012	0.493129	0.408725	0.26946	0.0858187	-0.0972891	-0.233882	-0.312586	-0.32961	-0.290463	-0.229401	-0.172838	-0.133148	-0.114217	-0.118824	-0.148638	-0.194688	-0.254832	-0.308754	-0.322034	-0.286948	-0.189897	-0.0247835	0.16472	0.331347	0.451163	0.515453	0.532859	0.50682	0.436859	0.332771	0.192478	0.0230937	-0.124059	-0.207073	-0.23513	-0.223522	-0.174071	-0.102324	-0.0308304	0.0284169	0.060919	0.0492186	0	
0	0.00433469	0.00257979	0.00298684	0.00165643	-0.00683668	-0.00125451	0.00271735	-0.00279305	-0.00124971	-0.00604213	-0.00458517	-0.00150535	-0.00227314	-0.00152705	-0.000848473	-0.00349751	0.00122373	-0.00267277	-0.00164173	-0.00335875	-0.00100126	-0.00285912	-0.00512496	-0.00617586	-0.00306266	-0.00181656	-0.00932254	-0.0133966	-0.00485047	-0.00162642	-0.00690436	-0.0191386	-0.0210488	-0.013146	0.00278662	0.000954118	-0.0273946	-0.0514162	-0.0509549	-0.0207926	0.00796435	0.023431	-0.00011083	-0.0760067	-0.177784	-0.267077	-0.30177	-0.281024	-0.208349	-0.0726264	0.106852	0.305311	0.47227	0.580761	0.639553	0.648634	0.603562	0.496034	0.313328	0.0898937	-0.123003	-0.292536	-0.380719	-0.389421	-0.351398	-0.288757	-0.221509	-0.167559	-0.140495	-0.146231	-0.183205	-0.244415	-0.314964	-0.373778	-0.394932	-0.35247	-0.229804	-0.0361729	0.188343	0.395665	0.548885	0.632343	0.654045	0.624709	0.546045	0.418016	0.242454	0.0420203	-0.130922	-0.237613	-0.280543	-0.272304	-0.218345	-0.134219	-0.0449086	0.0280796	0.0648291	0.0516355	0	
0	-0.00356046	-0.00422728	-0.00181779	-0.00143901	-0.00125451	0.0014668	0.00323401	-0.00562963	0.00146694	0.000175121	-0.00367709	0.000400151	-0.0013918	-0.00599418	-0.00601637	-0.00119201	-0.00570036	-0.00826539	-0.00520688	-0.00267599	-0.00858032	-0.00642893	-0.00793769	-0.00382689	-0.00787243	-0.00826011	-0.010742	-0.00862468	-0.0081443	-0.00844856	-0.0121554	-0.0199595	-0.0191317	-0.0142224	-0.0041007	-0.0142887	-0.0342901	-0.0556846	-0.0508071	-0.0255851	0.00149693	0.0103511	-0.026727	-0.109868	-0.217974	-0.309865	-0.341902	-0.315456	-0.219134	-0.0558596	0.149025	0.377702	0.560983	0.687209	0.754854	0.755902	0.698311	0.56616	0.352579	0.0984196	-0.143749	-0.340564	-0.444429	-0.457937	-0.41874	-0.340677	-0.256653	-0.198301	-0.172056	-0.177419	-0.219159	-0.291959	-0.368532	-0.433608	-0.463719	-0.412013	-0.267045	-0.051517	0.204328	0.450042	0.635146	0.738939	0.768164	0.739148	0.653525	0.501741	0.294544	0.0705452	-0.123831	-0.255896	-0.317587	-0.316118	-0.260561	-0.166666	-0.0626732	0.0205041	0.0601856	0.0483432	0	
0	-0.000400311	-0.00163394	0.00184426	-0.00536866	0.00271735	0.00323401	-0.00917009	-0.00437492	0.00349854	-0.0017585	-0.0044184	1.86662e-05	-0.00228098	-0.00711845	-0.00238344	0.00247349	-0.00759	-0.00915506	0.000949997	-0.00360394	-0.00945668	-0.00914878	-0.00454968	-0.0034266	-0.0109884	-0.0150684	-0.0087029	-0.00521808	-0.012529	-0.016488	-0.0170796	-0.0181753	-0.0171054	-0.0134396	-0.0165498	-0.0263314	-0.0409076	-0.049576	-0.0467194	-0.0250517	-0.00439488	-0.00762339	-0.0558124	-0.145924	-0.254129	-0.34195	-0.376323	-0.336336	-0.221879	-0.0348126	0.197781	0.441528	0.647153	0.792058	0.863226	0.863434	0.787294	0.622531	0.381712	0.0982811	-0.173804	-0.386908	-0.497305	-0.51988	-0.478855	-0.383223	-0.293062	-0.236299	-0.203394	-0.206528	-0.255204	-0.33474	-0.417603	-0.492664	-0.526102	-0.462118	-0.301846	-0.0705557	0.212932	0.492568	0.707374	0.833349	0.874617	0.849571	0.757201	0.582752	0.350201	0.110156	-0.10235	-0.260933	-0.344722	-0.353295	-0.298269	-0.197564	-0.0845958	0.00324885	0.0451524	0.0388984	0	
0	0.00222507	0.00404337	0.00443558	-0.00208352	-0.00279305	-0.00562963	-0.00437492	0.00289329	-0.0014808	-0.00768549	-0.00483243	-0.00241313	-0.00107561	-0.00424773	-0.00336241	0.00125993	-0.00975696	-0.00529052	0.00142913	-0.00648224	-0.0102001	-0.00918113	-0.00296571	-0.00416103	-0.0152051	-0.0177244	-0.0064146	-0.00251491	-0.018887	-0.0222665	-0.0208081	-0.01425	-0.0148245	-0.0154216	-0.0306653	-0.0391359	-0.0428632	-0.0419018	-0.0397633	-0.0270821	-0.016244	-0.0348489	-0.0947031	-0.185457	-0.289082	-0.367907	-0.399177	-0.344433	-0.209464	0.000164116	0.252343	0.509571	0.731534	0.89001	0.96662	0.958107	0.860724	0.66703	0.398456	0.0891314	-0.204052	-0.427495	-0.547829	-0.570579	-0.519463	-0.428662	-0.342736	-0.270851	-0.228504	-0.23637	-0.2896	-0.375773	-0.468003	-0.545615	-0.575135	-0.5062	-0.337939	-0.0904205	0.216438	0.521723	0.763085	0.913789	0.972595	0.954645	0.854794	0.66062	0.410941	0.161175	-0.067162	-0.252121	-0.360148	-0.381478	-0.328613	-0.225016	-0.111122	-0.0253673	0.0186505	0.0230764	0	
0	0.000653972	-0.00941787	-0.00512587	0.00156291	-0.00124971	0.00146694	0.00349854	-0.0014808	-0.00483902	-0.00410947	-0.00100147	-0.000576322	-0.00590175	-0.00961129	-0.00579062	-0.00281428	-0.0105773	-0.00791046	-0.00349719	-0.00905349	-0.0110485	-0.00924784	-0.00464272	-0.00620576	-0.0182899	-0.0172177	-0.00368641	-0.00394045	-0.0232136	-0.0268954	-0.0199774	-0.0114414	-0.0117763	-0.0227598	-0.0440539	-0.0509942	-0.0413944	-0.034508	-0.0354789	-0.0345625	-0.0394947	-0.0748054	-0.143479	-0.231618	-0.320938	-0.390702	-0.407785	-0.337364	-0.17957	0.0517852	0.316426	0.58314	0.817062	0.981294	1.05712	1.03644	0.909561	0.692347	0.405364	0.0765573	-0.223565	-0.453764	-0.590906	-0.620239	-0.568491	-0.476559	-0.377796	-0.295343	-0.256786	-0.271872	-0.327929	-0.413981	-0.509334	-0.59081	-0.618946	-0.545852	-0.369729	-0.108873	0.213266	0.53675	0.801857	0.979116	1.06059	1.05186	0.944224	0.735968	0.477925	0.222497	-0.0199248	-0.229148	-0.361674	-0.397577	-0.348826	-0.247911	-0.142504	-0.0655505	-0.0191984	0.000896889	0	
0	0.00257275	-0.00160263	0.00142265	0.000452909	-0.00604213	0.000175121	-0.0017585	-0.00768549	-0.00410947	0.00285807	-0.00156775	-0.00796921	-0.00603565	-0.000855548	-0.00218093	-0.00780834	-0.00725786	-0.00557321	-0.00522298	-0.0106595	-0.0100646	-0.010327	-0.00644572	-0.0124172	-0.0192157	-0.0175415	-0.00461704	-0.0122085	-0.02815	-0.0313136	-0.0205195	-0.0115357	-0.0157334	-0.0340377	-0.0592531	-0.0574265	-0.0389653	-0.02609	-0.032868	-0.0452327	-0.0674488	-0.11952	-0.190735	-0.270684	-0.343307	-0.397724	-0.40015	-0.312333	-0.134449	0.107782	0.381927	0.651025	0.892728	1.06396	1.13714	1.10108	0.951533	0.709603	0.400519	0.0618515	-0.248141	-0.487099	-0.626455	-0.655295	-0.60705	-0.516724	-0.409532	-0.326726	-0.295073	-0.306473	-0.354631	-0.444853	-0.553916	-0.635626	-0.65184	-0.575721	-0.397913	-0.127195	0.204291	0.538535	0.82365	1.02896	1.13644	1.13744	1.02414	0.810393	0.551341	0.29159	0.037124	-0.191832	-0.346729	-0.398067	-0.356823	-0.266199	-0.178456	-0.115526	-0.0667609	-0.0272369	0	
0	-0.000493714	0.00214993	-0.000714454	0.00140199	-0.00458517	-0.00367709	-0.0044184	-0.00483243	-0.00100147	-0.00156775	-0.00503183	-0.00981674	0.00218003	-0.00124531	-0.00952808	-0.00862766	-0.00196414	-0.00515205	-0.0118555	-0.0100421	-0.00794032	-0.0105596	-0.0103414	-0.0171967	-0.0164362	-0.0148252	-0.00972666	-0.0196131	-0.0300512	-0.0303288	-0.0200723	-0.0127097	-0.02283	-0.0463047	-0.0683865	-0.0581019	-0.0339022	-0.0199259	-0.0355997	-0.0620467	-0.107401	-0.168918	-0.242915	-0.305472	-0.362066	-0.394729	-0.378098	-0.270458	-0.0755246	0.175202	0.452212	0.721917	0.967336	1.13601	1.20426	1.14489	0.973127	0.711108	0.38642	0.0470317	-0.268358	-0.510323	-0.65356	-0.688941	-0.641211	-0.550078	-0.443706	-0.362795	-0.326072	-0.331587	-0.385309	-0.485024	-0.594379	-0.664503	-0.675374	-0.60514	-0.422489	-0.140772	0.190888	0.527204	0.829841	1.06348	1.19657	1.20753	1.09476	0.885421	0.629614	0.365091	0.101853	-0.140024	-0.312717	-0.379684	-0.351664	-0.280629	-0.21771	-0.171453	-0.120796	-0.060257	0	
0	-0.000287328	-0.000838356	-0.00296622	-0.000412014	-0.00150535	0.000400151	1.86662e-05	-0.00241313	-0.000576322	-0.00796921	-0.00981674	-0.00687262	-0.00123705	-0.00890775	-0.0160148	-0.00455453	-0.00157734	-0.0118193	-0.0148567	-0.00573798	-0.00566077	-0.0111359	-0.0148427	-0.0156714	-0.00976816	-0.0113163	-0.0168399	-0.0226381	-0.0257386	-0.0248332	-0.0178673	-0.0155903	-0.0307926	-0.055483	-0.0681235	-0.0527536	-0.0270317	-0.0184506	-0.0433045	-0.0891871	-0.15424	-0.224638	-0.291904	-0.338569	-0.372903	-0.383017	-0.341478	-0.214051	-0.0068647	0.249899	0.52462	0.79551	1.03735	1.20302	1.25478	1.17341	0.978276	0.693109	0.366327	0.0251119	-0.287304	-0.521645	-0.670513	-0.712574	-0.672251	-0.58455	-0.477167	-0.397058	-0.353495	-0.357387	-0.421029	-0.521608	-0.622394	-0.688264	-0.701207	-0.627941	-0.434423	-0.152054	0.169639	0.506354	0.824665	1.08164	1.23644	1.25986	1.15735	0.960872	0.709457	0.439897	0.172798	-0.0736914	-0.257684	-0.340383	-0.33367	-0.291925	-0.257637	-0.227844	-0.176613	-0.0960712	0	
0	-0.00100363	-0.00441409	-0.00257444	-0.00406167	-0.00227314	-0.0013918	-0.00228098	-0.00107561	-0.00590175	-0.00603565	0.00218003	-0.00123705	-0.00781144	-0.00704382	-0.00910228	-0.00357947	-0.00807938	-0.0167587	-0.0142062	-0.00683938	-0.0120998	-0.0182649	-0.0232319	-0.0162482	-0.0110991	-0.0190733	-0.0315707	-0.0284399	-0.0258237	-0.0264616	-0.0255781	-0.0298312	-0.0478216	-0.06715	-0.0679288	-0.0518812	-0.0292746	-0.0303106	-0.0636778	-0.1306	-0.207878	-0.280663	-0.332921	-0.359435	-0.368247	-0.349303	-0.280768	-0.135964	0.0781279	0.33162	0.599778	0.864297	1.09483	1.24958	1.28132	1.17881	0.965594	0.671691	0.344408	0.00989041	-0.295454	-0.533201	-0.685018	-0.734237	-0.700395	-0.613365	-0.509503	-0.42369	-0.377199	-0.393991	-0.457994	-0.545751	-0.645411	-0.71547	-0.722311	-0.636708	-0.439321	-0.166456	0.145479	0.482369	0.809034	1.08113	1.25391	1.29455	1.21228	1.03393	0.786801	0.514116	0.249401	0.00687676	-0.181223	-0.28026	-0.304026	-0.299657	-0.294109	-0.278403	-0.228457	-0.131299	0	
0	0.00144743	-0.000829773	0.0014237	2.27514e-05	-0.00152705	-0.00599418	-0.00711845	-0.00424773	-0.00961129	-0.000855548	-0.00124531	-0.00890775	-0.00704382	-0.00555512	-0.00587712	-0.00590907	-0.00858795	-0.0131338	-0.0100047	-0.00615208	-0.0134465	-0.0194914	-0.020384	-0.0121023	-0.00921216	-0.0269884	-0.0353519	-0.0264814	-0.019175	-0.0261187	-0.0311643	-0.0422103	-0.0578332	-0.0656083	-0.0576569	-0.0445464	-0.0326487	-0.0431331	-0.0902893	-0.173833	-0.260217	-0.327438	-0.362909	-0.369189	-0.350629	-0.302886	-0.206414	-0.0514535	0.166138	0.410049	0.673121	0.926312	1.1447	1.28241	1.29197	1.1714	0.940558	0.644747	0.318727	-0.0064512	-0.303297	-0.541842	-0.693837	-0.750764	-0.720528	-0.635965	-0.537137	-0.451928	-0.411096	-0.427134	-0.482361	-0.571	-0.672874	-0.736647	-0.732346	-0.637959	-0.443394	-0.180509	0.124516	0.457102	0.782869	1.06193	1.24943	1.31274	1.25812	1.09948	0.857806	0.587494	0.331955	0.100682	-0.0853922	-0.201999	-0.263914	-0.301247	-0.321737	-0.316971	-0.270097	-0.161358	0	
0	-0.000494258	0.00573129	-0.00154922	0.000103628	-0.000848473	-0.00601637	-0.00238344	-0.00336241	-0.00579062	-0.00218093	-0.00952808	-0.0160148	-0.00910228	-0.00587712	-0.00618355	-0.0122014	-0.0133877	-0.00988237	-0.00808203	-0.00967875	-0.0167704	-0.0179456	-0.015964	-0.00923584	-0.0141636	-0.0323436	-0.0339437	-0.0208471	-0.0151177	-0.0284574	-0.0399106	-0.0550659	-0.061639	-0.0578081	-0.0455771	-0.0430282	-0.0444197	-0.0679779	-0.129707	-0.225401	-0.313245	-0.368545	-0.384846	-0.369346	-0.320575	-0.241406	-0.120772	0.0437948	0.255524	0.493302	0.745359	0.985661	1.18676	1.29962	1.28731	1.14626	0.90508	0.606487	0.28805	-0.0227004	-0.312542	-0.540146	-0.691772	-0.75868	-0.733937	-0.660477	-0.566527	-0.482728	-0.4447	-0.452446	-0.504869	-0.597271	-0.695924	-0.754197	-0.737754	-0.632803	-0.444718	-0.19159	0.108254	0.431401	0.747483	1.02564	1.2259	1.31624	1.29084	1.1509	0.920109	0.661392	0.420931	0.20536	0.0248938	-0.110377	-0.213513	-0.291718	-0.334444	-0.338217	-0.295529	-0.181101	0	
0	-0.00575001	-0.00321675	-0.00809905	-0.00659144	-0.00349751	-0.00119201	0.00247349	0.00125993	-0.00281428	-0.00780834	-0.00862766	-0.00455453	-0.00357947	-0.00590907	-0.0122014	-0.0207778	-0.0139841	-0.00752427	-0.0159544	-0.0227666	-0.0220047	-0.0196425	-0.017643	-0.0188722	-0.0277888	-0.038346	-0.0340188	-0.0216082	-0.0223457	-0.0393843	-0.0579033	-0.0689374	-0.0652819	-0.0505899	-0.0445321	-0.0541536	-0.0729788	-0.109381	-0.185016	-0.283349	-0.363983	-0.400186	-0.395699	-0.352331	-0.271614	-0.157924	-0.0172366	0.151759	0.355494	0.581207	0.818481	1.03726	1.20982	1.29204	1.25545	1.09855	0.85554	0.566813	0.263043	-0.0301921	-0.305795	-0.532237	-0.689941	-0.763522	-0.752004	-0.687525	-0.594232	-0.510354	-0.464867	-0.471803	-0.536199	-0.627821	-0.715945	-0.763294	-0.732628	-0.627219	-0.448856	-0.195388	0.100598	0.40461	0.702899	0.976557	1.18956	1.30542	1.30355	1.18267	0.973967	0.737423	0.515578	0.316822	0.142572	-0.0108838	-0.151441	-0.264476	-0.326194	-0.337844	-0.299764	-0.186019	0	
0	-0.00187346	-0.000883479	-0.00350453	0.000183529	0.00122373	-0.00570036	-0.00759	-0.00975696	-0.0105773	-0.00725786	-0.00196414	-0.00157734	-0.00807938	-0.00858795	-0.0133877	-0.0139841	-0.00064352	-0.00615807	-0.0232691	-0.0203525	-0.0152027	-0.0126644	-0.019689	-0.0260089	-0.0337284	-0.0331673	-0.0286878	-0.0240154	-0.0300279	-0.0511663	-0.0694764	-0.0734161	-0.0560352	-0.0415819	-0.0435886	-0.0708686	-0.103033	-0.156121	-0.236447	-0.33048	-0.394142	-0.410651	-0.383187	-0.313047	-0.199198	-0.0606998	0.0941798	0.257059	0.448223	0.659849	0.875201	1.07149	1.21096	1.26536	1.21001	1.04645	0.808065	0.532033	0.24518	-0.0354131	-0.300686	-0.526024	-0.689736	-0.771791	-0.766931	-0.701629	-0.610345	-0.531257	-0.491054	-0.506092	-0.567575	-0.646844	-0.726589	-0.765684	-0.731292	-0.628799	-0.443908	-0.184627	0.0943861	0.372326	0.654658	0.92387	1.14516	1.27642	1.29008	1.19401	1.02107	0.814859	0.612968	0.429714	0.260087	0.0920037	-0.0749991	-0.212951	-0.29169	-0.312394	-0.279588	-0.173638	0	
0	0.00179624	0.00813154	0.00438668	-0.00181772	-0.00267277	-0.00826539	-0.00915506	-0.00529052	-0.00791046	-0.00557321	-0.00515205	-0.0118193	-0.0167587	-0.0131338	-0.00988237	-0.00752427	-0.00615807	-0.0204972	-0.0238179	-0.0145593	-0.0111482	-0.0153625	-0.0252301	-0.0333227	-0.0314633	-0.0241336	-0.0256877	-0.0305826	-0.0397801	-0.0608221	-0.0741448	-0.0668346	-0.0441993	-0.0367488	-0.0545701	-0.0965063	-0.14712	-0.211594	-0.292549	-0.371537	-0.415078	-0.411053	-0.358694	-0.259668	-0.115785	0.0450177	0.204138	0.361967	0.538798	0.733309	0.927724	1.09169	1.19815	1.22529	1.15307	0.988865	0.759764	0.496579	0.223392	-0.0417949	-0.299081	-0.521346	-0.679139	-0.765551	-0.770235	-0.71428	-0.634408	-0.560087	-0.521417	-0.533368	-0.58561	-0.660384	-0.736983	-0.773002	-0.736943	-0.621153	-0.421952	-0.173324	0.0808878	0.341984	0.612578	0.872642	1.09205	1.22539	1.25057	1.18848	1.06108	0.889313	0.708318	0.538259	0.371372	0.196318	0.0188286	-0.132566	-0.226964	-0.259052	-0.234146	-0.14451	0	
0	-0.00489403	-0.00398721	-0.00831359	-0.00451138	-0.00164173	-0.00520688	0.000949997	0.00142913	-0.00349719	-0.00522298	-0.0118555	-0.0148567	-0.0142062	-0.0100047	-0.00808203	-0.0159544	-0.0232691	-0.0238179	-0.0192435	-0.0147978	-0.0188646	-0.0229001	-0.0349135	-0.0377706	-0.026833	-0.0206627	-0.033126	-0.0445303	-0.0537638	-0.0695561	-0.0738329	-0.0578464	-0.0398132	-0.0468369	-0.0800461	-0.137995	-0.203402	-0.275705	-0.344812	-0.402835	-0.422814	-0.395886	-0.316699	-0.186473	-0.0165785	0.157917	0.319416	0.466829	0.63093	0.804983	0.969923	1.09893	1.16724	1.16581	1.08167	0.9195	0.701955	0.459582	0.206902	-0.0415003	-0.283437	-0.50095	-0.666994	-0.764616	-0.778241	-0.73211	-0.658622	-0.584881	-0.543576	-0.549522	-0.601336	-0.679545	-0.75305	-0.782746	-0.732143	-0.597775	-0.402112	-0.173099	0.0705937	0.323468	0.577871	0.822483	1.02904	1.15374	1.19179	1.17	1.08988	0.953877	0.795609	0.637011	0.473739	0.303269	0.131908	-0.0222493	-0.129938	-0.175946	-0.16515	-0.102161	0	
0	-0.00320475	-0.00151663	-0.00600736	-0.00690964	-0.00335875	-0.00267599	-0.00360394	-0.00648224	-0.00905349	-0.0106595	-0.0100421	-0.00573798	-0.00683938	-0.00615208	-0.00967875	-0.0227666	-0.0203525	-0.0145593	-0.0147978	-0.0213651	-0.0238673	-0.0309847	-0.0410283	-0.0356306	-0.0230976	-0.0272249	-0.0487653	-0.0616222	-0.0665205	-0.0738427	-0.0674151	-0.0522297	-0.0469586	-0.0710509	-0.118237	-0.189187	-0.266336	-0.333186	-0.383171	-0.412573	-0.408551	-0.355649	-0.245971	-0.0887066	0.100425	0.279579	0.434343	0.571055	0.712657	0.860312	0.988308	1.07531	1.11043	1.08814	1.00171	0.854046	0.657172	0.434984	0.201039	-0.0345482	-0.271388	-0.488354	-0.656815	-0.762418	-0.788066	-0.748329	-0.674104	-0.600219	-0.56011	-0.568718	-0.625321	-0.70148	-0.764576	-0.781253	-0.716827	-0.579779	-0.394422	-0.16968	0.0728434	0.312337	0.548359	0.774002	0.95672	1.06879	1.12364	1.13973	1.10094	1.00105	0.867933	0.721979	0.569023	0.416378	0.263618	0.115202	-0.00107074	-0.06322	-0.0765792	-0.0517438	0	
0	-0.00259996	0.00137642	-0.000698778	-0.000319956	-0.00100126	-0.00858032	-0.00945668	-0.0102001	-0.0110485	-0.0100646	-0.00794032	-0.00566077	-0.0120998	-0.0134465	-0.0167704	-0.0220047	-0.0152027	-0.0111482	-0.0188646	-0.0238673	-0.0281736	-0.0346621	-0.0353559	-0.0248407	-0.0227768	-0.0375393	-0.0605377	-0.0690917	-0.0684266	-0.0635884	-0.054562	-0.0488104	-0.0639125	-0.102506	-0.16315	-0.245035	-0.324648	-0.378346	-0.400982	-0.404605	-0.374851	-0.295258	-0.158034	0.0214318	0.217003	0.394427	0.540373	0.661794	0.782694	0.897455	0.986298	1.03649	1.04075	1.00602	0.925084	0.791548	0.616151	0.415913	0.196296	-0.0280946	-0.257361	-0.477225	-0.651481	-0.760792	-0.78961	-0.753116	-0.685514	-0.617892	-0.581243	-0.592917	-0.647191	-0.714143	-0.767446	-0.775959	-0.707182	-0.570974	-0.384293	-0.156617	0.079505	0.30587	0.526059	0.724698	0.878441	0.983676	1.05424	1.09507	1.08832	1.0241	0.918535	0.792278	0.662743	0.539002	0.41052	0.274103	0.155806	0.0754133	0.0261147	0.00212137	0	
0	0.00196492	0.00422978	0.000595256	-0.00242275	-0.00285912	-0.00642893	-0.00914878	-0.00918113	-0.00924784	-0.010327	-0.0105596	-0.0111359	-0.0182649	-0.0194914	-0.0179456	-0.0196425	-0.0126644	-0.0153625	-0.0229001	-0.0309847	-0.0346621	-0.0319867	-0.0248708	-0.0240482	-0.0362742	-0.0524245	-0.069138	-0.0734736	-0.063339	-0.0520089	-0.0481545	-0.0632678	-0.095503	-0.148425	-0.218673	-0.305959	-0.377056	-0.407016	-0.402511	-0.377711	-0.32231	-0.213527	-0.0515747	0.13903	0.335446	0.503949	0.639152	0.744148	0.83572	0.914879	0.962825	0.9774	0.962002	0.922665	0.851315	0.738787	0.582235	0.397049	0.191533	-0.0251027	-0.248895	-0.463147	-0.635742	-0.751064	-0.790238	-0.761481	-0.699633	-0.637037	-0.602538	-0.611404	-0.660308	-0.722744	-0.770076	-0.773071	-0.702455	-0.562091	-0.368865	-0.140962	0.0896293	0.306558	0.504649	0.671988	0.806998	0.911095	0.984117	1.03266	1.04969	1.01804	0.943327	0.850937	0.760615	0.671548	0.567506	0.447413	0.332603	0.231599	0.137061	0.0571583	0	
0	-0.00443213	-0.00220465	-0.00512066	-0.006282	-0.00512496	-0.00793769	-0.00454968	-0.00296571	-0.00464272	-0.00644572	-0.0103414	-0.0148427	-0.0232319	-0.020384	-0.015964	-0.017643	-0.019689	-0.0252301	-0.0349135	-0.0410283	-0.0353559	-0.0248708	-0.0257865	-0.0410339	-0.0562291	-0.0643881	-0.0753342	-0.0731308	-0.0561345	-0.0454265	-0.0607174	-0.0954542	-0.144208	-0.206106	-0.284085	-0.365253	-0.41674	-0.419611	-0.386231	-0.335237	-0.249061	-0.113789	0.0658838	0.260613	0.449283	0.610033	0.731772	0.816089	0.875778	0.913261	0.921647	0.906746	0.874574	0.836485	0.778765	0.684057	0.549596	0.38335	0.190968	-0.0144454	-0.232004	-0.447511	-0.624892	-0.745109	-0.789675	-0.769179	-0.714871	-0.653968	-0.618746	-0.625551	-0.669718	-0.727844	-0.772976	-0.775173	-0.700332	-0.550079	-0.349712	-0.121608	0.103771	0.304565	0.477609	0.62768	0.756813	0.851194	0.908864	0.953981	0.986317	0.981038	0.944038	0.903062	0.863906	0.810417	0.729587	0.627443	0.516797	0.39295	0.250747	0.113563	0	
0	-0.00387281	-0.00725119	-0.0101917	-0.00979238	-0.00617586	-0.00382689	-0.0034266	-0.00416103	-0.00620576	-0.0124172	-0.0171967	-0.0156714	-0.0162482	-0.0121023	-0.00923584	-0.0188722	-0.0260089	-0.0333227	-0.0377706	-0.0356306	-0.0248407	-0.0240482	-0.0410339	-0.0606875	-0.068549	-0.0701432	-0.0757885	-0.0671209	-0.049198	-0.0541171	-0.0907189	-0.143051	-0.201053	-0.270841	-0.345403	-0.408789	-0.432374	-0.406002	-0.346176	-0.263661	-0.1491	0.00937071	0.195797	0.384709	0.563045	0.70942	0.813779	0.869071	0.888144	0.883622	0.855782	0.818498	0.782935	0.753152	0.713559	0.642659	0.526034	0.375289	0.195249	-0.00451833	-0.216907	-0.430808	-0.611877	-0.739975	-0.795408	-0.780458	-0.726627	-0.666073	-0.62802	-0.6305	-0.676208	-0.73868	-0.782824	-0.778314	-0.692854	-0.531561	-0.326674	-0.102952	0.109736	0.293858	0.457758	0.606452	0.725186	0.794922	0.829403	0.864851	0.901208	0.918113	0.928884	0.95128	0.967126	0.949403	0.892224	0.805124	0.693045	0.545744	0.361951	0.171955	0	
0	-0.0025481	-3.10899e-05	-0.00126324	-0.00283269	-0.00306266	-0.00787243	-0.0109884	-0.0152051	-0.0182899	-0.0192157	-0.0164362	-0.00976816	-0.0110991	-0.00921216	-0.0141636	-0.0277888	-0.0337284	-0.0314633	-0.026833	-0.0230976	-0.0227768	-0.0362742	-0.0562291	-0.068549	-0.06999	-0.0668732	-0.0654755	-0.0547059	-0.0508112	-0.0778406	-0.133414	-0.195422	-0.26168	-0.330874	-0.391543	-0.426595	-0.420589	-0.367992	-0.279273	-0.167687	-0.0261701	0.142296	0.326023	0.502754	0.665802	0.796228	0.874709	0.894974	0.871633	0.827356	0.772117	0.724684	0.691958	0.67827	0.660296	0.609766	0.514031	0.376796	0.204346	0.00888941	-0.205247	-0.423826	-0.60992	-0.741286	-0.797278	-0.783021	-0.729408	-0.667844	-0.632893	-0.64226	-0.691437	-0.75171	-0.78892	-0.773385	-0.676553	-0.510158	-0.309966	-0.097142	0.106342	0.289961	0.458796	0.602221	0.69836	0.740178	0.751702	0.769574	0.801884	0.843549	0.907644	0.992171	1.06064	1.08154	1.04896	0.969043	0.846847	0.678495	0.464723	0.230301	0	
0	0.00391106	0.00616619	0.00564279	0.00215054	-0.00181656	-0.00826011	-0.0150684	-0.0177244	-0.0172177	-0.0175415	-0.0148252	-0.0113163	-0.0190733	-0.0269884	-0.0323436	-0.038346	-0.0331673	-0.0241336	-0.0206627	-0.0272249	-0.0375393	-0.0524245	-0.0643881	-0.0701432	-0.0668732	-0.0562686	-0.0511652	-0.0525999	-0.0723318	-0.119016	-0.185009	-0.254238	-0.322667	-0.381346	-0.415885	-0.419893	-0.387063	-0.308258	-0.192194	-0.0518877	0.103525	0.272842	0.443692	0.605346	0.75159	0.859637	0.907929	0.889342	0.826898	0.753077	0.683906	0.637002	0.618513	0.622668	0.623835	0.590991	0.504612	0.373953	0.204428	0.00940147	-0.201682	-0.418382	-0.602528	-0.732825	-0.791115	-0.778597	-0.72923	-0.675891	-0.646386	-0.656984	-0.704724	-0.758056	-0.783005	-0.758181	-0.661213	-0.501143	-0.307995	-0.097568	0.111402	0.30345	0.47152	0.599231	0.672361	0.691032	0.677453	0.673547	0.705139	0.775013	0.884624	1.0187	1.13594	1.19846	1.1882	1.10633	0.968531	0.784029	0.551321	0.282245	0	
0	-0.00257699	-0.00295265	-0.00598294	-0.00893789	-0.00932254	-0.010742	-0.0087029	-0.0064146	-0.00368641	-0.00461704	-0.00972666	-0.0168399	-0.0315707	-0.0353519	-0.0339437	-0.0340188	-0.0286878	-0.0256877	-0.033126	-0.0487653	-0.0605377	-0.069138	-0.0753342	-0.0757885	-0.0654755	-0.0511652	-0.0571094	-0.0826742	-0.123521	-0.181078	-0.25303	-0.325342	-0.385762	-0.420338	-0.422774	-0.39725	-0.337909	-0.232038	-0.0859243	0.0740598	0.236405	0.39634	0.554644	0.700757	0.828499	0.910213	0.922725	0.865592	0.769186	0.674547	0.598606	0.558828	0.552226	0.572395	0.588366	0.566725	0.491288	0.36712	0.203951	0.0144493	-0.193077	-0.405345	-0.588873	-0.721798	-0.784253	-0.780041	-0.738536	-0.688623	-0.660185	-0.666637	-0.703689	-0.748081	-0.772011	-0.752258	-0.661219	-0.503126	-0.306375	-0.087813	0.129586	0.322862	0.48167	0.594111	0.649465	0.645732	0.60793	0.591487	0.631057	0.72234	0.858471	1.02707	1.18752	1.28772	1.29337	1.20571	1.05442	0.85861	0.612674	0.318836	0	
0	-0.00772196	-0.0132076	-0.0160697	-0.0173663	-0.0133966	-0.00862468	-0.00521808	-0.00251491	-0.00394045	-0.0122085	-0.0196131	-0.0226381	-0.0284399	-0.0264814	-0.0208471	-0.0216082	-0.0240154	-0.0305826	-0.0445303	-0.0616222	-0.0690917	-0.0734736	-0.0731308	-0.0671209	-0.0547059	-0.0525999	-0.0826742	-0.129928	-0.18275	-0.245213	-0.320513	-0.385761	-0.424192	-0.425666	-0.397039	-0.343445	-0.257319	-0.121243	0.0473151	0.218119	0.373598	0.521063	0.662432	0.79049	0.891541	0.937862	0.909219	0.813988	0.690396	0.583064	0.509884	0.480273	0.490538	0.526489	0.55709	0.549078	0.483223	0.368297	0.211283	0.0266755	-0.177505	-0.392705	-0.580413	-0.718921	-0.789592	-0.789687	-0.748275	-0.695019	-0.658178	-0.657315	-0.694804	-0.744722	-0.773825	-0.756939	-0.664919	-0.500698	-0.295072	-0.0693561	0.14973	0.338023	0.487401	0.587256	0.62552	0.603398	0.555483	0.541614	0.588778	0.685123	0.829499	1.01918	1.20939	1.33319	1.34835	1.26001	1.10354	0.899206	0.64114	0.333171	0	
0	-0.00200273	-0.00309119	-0.00444706	-0.00494022	-0.00485047	-0.0081443	-0.012529	-0.018887	-0.0232136	-0.02815	-0.0300512	-0.0257386	-0.0258237	-0.019175	-0.0151177	-0.0223457	-0.0300279	-0.0397801	-0.0537638	-0.0665205	-0.0684266	-0.063339	-0.0561345	-0.049198	-0.0508112	-0.0723318	-0.123521	-0.18275	-0.240621	-0.306592	-0.37568	-0.420671	-0.426203	-0.396139	-0.33917	-0.259676	-0.14398	0.0155046	0.1967	0.362258	0.50467	0.633718	0.756304	0.857739	0.923935	0.927484	0.858206	0.73166	0.592108	0.485442	0.422858	0.412803	0.441904	0.496302	0.542558	0.545686	0.488245	0.376919	0.221642	0.0342567	-0.174437	-0.391619	-0.58375	-0.725507	-0.794036	-0.789925	-0.742768	-0.684908	-0.649217	-0.652878	-0.69466	-0.748599	-0.779907	-0.760741	-0.662104	-0.489807	-0.278158	-0.0506382	0.165692	0.347294	0.486527	0.573551	0.600775	0.576659	0.536269	0.529306	0.573825	0.661817	0.802645	0.996461	1.19273	1.32159	1.34404	1.26506	1.11248	0.901876	0.634207	0.324673	0	
0	0.00269255	0.006216	0.00706601	0.00250899	-0.00162642	-0.00844856	-0.016488	-0.0222665	-0.0268954	-0.0313136	-0.0303288	-0.0248332	-0.0264616	-0.0261187	-0.0284574	-0.0393843	-0.0511663	-0.0608221	-0.0695561	-0.0738427	-0.0635884	-0.0520089	-0.0454265	-0.0541171	-0.0778406	-0.119016	-0.181078	-0.245213	-0.306592	-0.366539	-0.41642	-0.428634	-0.402697	-0.344097	-0.262776	-0.154479	-0.0151257	0.158765	0.336005	0.488539	0.612251	0.722932	0.821318	0.891198	0.916934	0.881046	0.779233	0.63646	0.496528	0.401156	0.359135	0.368174	0.415931	0.483839	0.538214	0.546006	0.489741	0.377753	0.219305	0.0311419	-0.178192	-0.39765	-0.586277	-0.721673	-0.786313	-0.779666	-0.732789	-0.677683	-0.644814	-0.652609	-0.699054	-0.753939	-0.781475	-0.756322	-0.651688	-0.474749	-0.261112	-0.0355619	0.174122	0.345457	0.474427	0.557013	0.590409	0.580691	0.552292	0.545666	0.580077	0.654382	0.779812	0.954177	1.1306	1.25022	1.27988	1.21636	1.07354	0.863095	0.596025	0.299401	0	
0	0.00100704	0.000433974	-0.00169358	-0.00406766	-0.00690436	-0.0121554	-0.0170796	-0.0208081	-0.0199774	-0.0205195	-0.0200723	-0.0178673	-0.0255781	-0.0311643	-0.0399106	-0.0579033	-0.0694764	-0.0741448	-0.0738329	-0.0674151	-0.054562	-0.0481545	-0.0607174	-0.0907189	-0.133414	-0.185009	-0.25303	-0.320513	-0.37568	-0.41642	-0.433368	-0.413486	-0.357929	-0.274837	-0.164138	-0.0307112	0.126605	0.299982	0.466593	0.601826	0.708777	0.798506	0.868535	0.900492	0.886607	0.814924	0.692867	0.54408	0.412359	0.334675	0.310032	0.337619	0.397874	0.473665	0.532694	0.541386	0.483928	0.370794	0.213456	0.0250234	-0.181547	-0.393605	-0.57903	-0.713984	-0.777173	-0.770476	-0.725155	-0.673648	-0.645659	-0.655479	-0.700077	-0.751393	-0.774748	-0.745023	-0.636417	-0.458188	-0.248056	-0.0312884	0.167133	0.330559	0.460784	0.555814	0.60834	0.614883	0.592585	0.582057	0.605529	0.660154	0.752985	0.885522	1.02535	1.12742	1.15953	1.10844	0.979083	0.782561	0.534667	0.265617	0	
0	-0.00615854	-0.00887543	-0.0124465	-0.0180147	-0.0191386	-0.0199595	-0.0181753	-0.01425	-0.0114414	-0.0115357	-0.0127097	-0.0155903	-0.0298312	-0.0422103	-0.0550659	-0.0689374	-0.0734161	-0.0668346	-0.0578464	-0.0522297	-0.0488104	-0.0632678	-0.0954542	-0.143051	-0.195422	-0.254238	-0.325342	-0.385761	-0.420671	-0.428634	-0.413486	-0.363606	-0.283502	-0.171014	-0.0350309	0.117878	0.27626	0.440265	0.589165	0.706935	0.79345	0.855792	0.889368	0.880616	0.828536	0.732493	0.599198	0.455692	0.338714	0.27796	0.272131	0.311826	0.3812	0.462846	0.523653	0.533295	0.478221	0.367258	0.211222	0.0275529	-0.176951	-0.390969	-0.57447	-0.706195	-0.76948	-0.765552	-0.723797	-0.673662	-0.644432	-0.652416	-0.693923	-0.740123	-0.758582	-0.726234	-0.619222	-0.448877	-0.250987	-0.0452464	0.148915	0.318493	0.464912	0.580865	0.651474	0.66842	0.649111	0.634769	0.643105	0.665302	0.710008	0.79042	0.888187	0.964949	0.987184	0.939774	0.828676	0.664341	0.456523	0.227842	0	
0	-0.00711681	-0.0144575	-0.0203638	-0.0225481	-0.0210488	-0.0191317	-0.0171054	-0.0148245	-0.0117763	-0.0157334	-0.02283	-0.0307926	-0.0478216	-0.0578332	-0.061639	-0.0652819	-0.0560352	-0.0441993	-0.0398132	-0.0469586	-0.0639125	-0.095503	-0.144208	-0.201053	-0.26168	-0.322667	-0.385762	-0.424192	-0.426203	-0.402697	-0.357929	-0.283502	-0.173742	-0.0359657	0.120462	0.275005	0.425165	0.571506	0.702776	0.799759	0.859092	0.885878	0.877363	0.828092	0.747148	0.634462	0.502505	0.369477	0.269763	0.229049	0.237832	0.29142	0.370208	0.457035	0.521891	0.533607	0.477807	0.367257	0.213144	0.0280395	-0.175836	-0.385733	-0.56993	-0.705651	-0.77097	-0.766614	-0.722772	-0.670741	-0.638166	-0.639425	-0.673995	-0.716097	-0.735024	-0.709554	-0.615393	-0.459459	-0.270893	-0.0650505	0.139156	0.326448	0.493253	0.627026	0.710552	0.735481	0.718026	0.694034	0.675007	0.653047	0.645816	0.676104	0.730161	0.771106	0.769605	0.719332	0.632609	0.515118	0.362296	0.184107	0	
0	-0.00731926	-0.0093272	-0.0120653	-0.0145829	-0.013146	-0.0142224	-0.0134396	-0.0154216	-0.0227598	-0.0340377	-0.0463047	-0.055483	-0.06715	-0.0656083	-0.0578081	-0.0505899	-0.0415819	-0.0367488	-0.0468369	-0.0710509	-0.102506	-0.148425	-0.206106	-0.270841	-0.330874	-0.381346	-0.420338	-0.425666	-0.396139	-0.344097	-0.274837	-0.171014	-0.0359657	0.121982	0.279782	0.425412	0.557052	0.685418	0.795287	0.86451	0.888551	0.872673	0.823419	0.74288	0.644091	0.531315	0.408569	0.294006	0.215559	0.192172	0.217601	0.281278	0.366591	0.458767	0.525007	0.536325	0.482534	0.372331	0.216154	0.0315666	-0.176006	-0.393443	-0.580199	-0.713662	-0.774986	-0.76695	-0.718099	-0.65688	-0.614639	-0.610465	-0.643642	-0.689793	-0.720931	-0.711516	-0.630399	-0.481074	-0.289755	-0.0714381	0.150638	0.356391	0.53964	0.687421	0.782051	0.811791	0.787326	0.740228	0.683277	0.61619	0.563466	0.548198	0.555209	0.552132	0.521025	0.467746	0.408731	0.341743	0.248355	0.128628	0	
0	0.00363995	0.0060584	0.00604128	0.00467411	0.00278662	-0.0041007	-0.0165498	-0.0306653	-0.0440539	-0.0592531	-0.0683865	-0.0681235	-0.0679288	-0.0576569	-0.0455771	-0.0445321	-0.0435886	-0.0545701	-0.0800461	-0.118237	-0.16315	-0.218673	-0.284085	-0.345403	-0.391543	-0.415885	-0.422774	-0.397039	-0.33917	-0.262776	-0.164138	-0.0350309	0.120462	0.279782	0.429012	0.555433	0.669772	0.777734	0.861211	0.895677	0.876985	0.820625	0.738177	0.638484	0.537759	0.432113	0.327372	0.232365	0.173654	0.169618	0.207923	0.282656	0.376409	0.471762	0.53882	0.548811	0.488525	0.371995	0.210846	0.0182087	-0.193883	-0.408909	-0.592643	-0.722446	-0.776216	-0.756153	-0.694149	-0.625041	-0.580082	-0.577414	-0.619652	-0.680406	-0.725567	-0.725814	-0.648323	-0.494953	-0.291398	-0.05657	0.181663	0.402565	0.600218	0.759921	0.859706	0.882394	0.836576	0.75686	0.662001	0.556683	0.464666	0.404836	0.363583	0.31857	0.263452	0.210582	0.175784	0.151236	0.11294	0.0578657	0	
0	0.00377999	0.0109159	0.0109152	0.00745438	0.000954118	-0.0142887	-0.0263314	-0.0391359	-0.0509942	-0.0574265	-0.0581019	-0.0527536	-0.0518812	-0.0445464	-0.0430282	-0.0541536	-0.0708686	-0.0965063	-0.137995	-0.189187	-0.245035	-0.305959	-0.365253	-0.408789	-0.426595	-0.419893	-0.39725	-0.343445	-0.259676	-0.154479	-0.0307112	0.117878	0.275005	0.425412	0.555433	0.663715	0.758203	0.841337	0.891309	0.882818	0.823859	0.733689	0.632865	0.531103	0.439436	0.353355	0.268909	0.195298	0.157332	0.167199	0.217106	0.297901	0.392081	0.486148	0.547458	0.547843	0.48143	0.359061	0.191751	-0.00101609	-0.212892	-0.426955	-0.603013	-0.719063	-0.756735	-0.725905	-0.660188	-0.590711	-0.551166	-0.560651	-0.614369	-0.682652	-0.733951	-0.735762	-0.652343	-0.488959	-0.273196	-0.0241072	0.229108	0.464146	0.672124	0.834267	0.925122	0.926825	0.852107	0.740882	0.613912	0.474828	0.344695	0.242193	0.160599	0.0871796	0.0196901	-0.0310207	-0.050871	-0.046361	-0.0373787	-0.0246028	0	
0	-0.00274042	-0.00570136	-0.0126711	-0.0214879	-0.0273946	-0.0342901	-0.0409076	-0.0428632	-0.0413944	-0.0389653	-0.0339022	-0.0270317	-0.0292746	-0.0326487	-0.0444197	-0.0729788	-0.103033	-0.14712	-0.203402	-0.266336	-0.324648	-0.377056	-0.41674	-0.432374	-0.420589	-0.387063	-0.337909	-0.257319	-0.14398	-0.0151257	0.126605	0.27626	0.425165	0.557052	0.669772	0.758203	0.829902	0.88208	0.890882	0.842099	0.748369	0.639819	0.53541	0.442127	0.369017	0.300366	0.234718	0.176678	0.150669	0.170424	0.224735	0.306355	0.400529	0.490142	0.544407	0.539158	0.465133	0.33805	0.171592	-0.0198514	-0.226105	-0.427765	-0.591274	-0.698113	-0.731159	-0.698864	-0.634063	-0.571554	-0.540663	-0.55491	-0.612137	-0.682704	-0.731555	-0.726601	-0.635925	-0.464713	-0.236787	0.0272186	0.292798	0.534274	0.739891	0.889426	0.959109	0.934923	0.833726	0.695729	0.538647	0.365366	0.199473	0.0642761	-0.0406357	-0.125069	-0.195171	-0.244827	-0.258535	-0.235303	-0.186071	-0.107788	0	
0	-0.0179629	-0.0289556	-0.0429253	-0.0496402	-0.0514162	-0.0556846	-0.049576	-0.0419018	-0.034508	-0.02609	-0.0199259	-0.0184506	-0.0303106	-0.0431331	-0.0679779	-0.109381	-0.156121	-0.211594	-0.275705	-0.333186	-0.378346	-0.407016	-0.419611	-0.406002	-0.367992	-0.308258	-0.232038	-0.121243	0.0155046	0.158765	0.299982	0.440265	0.571506	0.685418	0.777734	0.841337	0.88208	0.893206	0.86062	0.773369	0.658265	0.542866	0.445073	0.368191	0.311541	0.259942	0.206894	0.158588	0.142316	0.166572	0.223528	0.306467	0.39828	0.485413	0.536939	0.526731	0.453147	0.329746	0.166626	-0.0180788	-0.219731	-0.419517	-0.581595	-0.686816	-0.716498	-0.684393	-0.624121	-0.563783	-0.53317	-0.548585	-0.60261	-0.665125	-0.708131	-0.698331	-0.599458	-0.417863	-0.179106	0.0930433	0.35969	0.593067	0.781755	0.909022	0.955401	0.908562	0.784441	0.619876	0.431112	0.226107	0.0351402	-0.115452	-0.225763	-0.308631	-0.376151	-0.424704	-0.434161	-0.39518	-0.311366	-0.177555	0	
0	-0.015637	-0.0273066	-0.0399996	-0.0494792	-0.0509549	-0.0508071	-0.0467194	-0.0397633	-0.0354789	-0.032868	-0.0355997	-0.0433045	-0.0636778	-0.0902893	-0.129707	-0.185016	-0.236447	-0.292549	-0.344812	-0.383171	-0.400982	-0.402511	-0.386231	-0.346176	-0.279273	-0.192194	-0.0859243	0.0473151	0.1967	0.336005	0.466593	0.589165	0.702776	0.795287	0.861211	0.891309	0.890882	0.86062	0.788141	0.676263	0.551238	0.441277	0.358409	0.297916	0.258764	0.218433	0.174558	0.134478	0.125457	0.15634	0.219724	0.306453	0.403402	0.493962	0.544788	0.535412	0.460816	0.335101	0.171262	-0.01684	-0.222383	-0.422541	-0.583579	-0.686523	-0.7155	-0.683241	-0.61917	-0.555429	-0.52086	-0.527617	-0.572506	-0.628502	-0.663766	-0.64307	-0.535654	-0.350794	-0.111726	0.155187	0.407543	0.620022	0.785525	0.890719	0.916759	0.848949	0.700954	0.50868	0.291828	0.0665849	-0.132525	-0.282321	-0.387085	-0.462536	-0.523179	-0.564831	-0.563576	-0.506342	-0.394476	-0.222504	0	
0	-0.00958778	-0.0123147	-0.020832	-0.0222977	-0.0207926	-0.0255851	-0.0250517	-0.0270821	-0.0345625	-0.0452327	-0.0620467	-0.0891871	-0.1306	-0.173833	-0.225401	-0.283349	-0.33048	-0.371537	-0.402835	-0.412573	-0.404605	-0.377711	-0.335237	-0.263661	-0.167687	-0.0518877	0.0740598	0.218119	0.362258	0.488539	0.601826	0.706935	0.799759	0.86451	0.895677	0.882818	0.842099	0.773369	0.676263	0.552691	0.433091	0.339301	0.275376	0.235936	0.212002	0.183967	0.150065	0.119117	0.12144	0.162193	0.233084	0.32701	0.427831	0.517727	0.566174	0.549579	0.468217	0.337368	0.167283	-0.0256883	-0.23633	-0.439104	-0.60016	-0.701013	-0.722295	-0.680488	-0.608893	-0.53611	-0.490668	-0.488183	-0.521356	-0.561972	-0.586206	-0.561561	-0.456282	-0.280151	-0.0557521	0.190789	0.41928	0.608312	0.751935	0.836453	0.84157	0.751078	0.579755	0.365937	0.133771	-0.0952383	-0.288096	-0.428691	-0.524143	-0.588224	-0.63396	-0.657042	-0.634776	-0.556836	-0.42652	-0.23809	0	
