0	0	0	0	0	0	0	0	0	0	0	0	0	0	0	0	0	0	0	0	0	0	0	0	0	0	0	0	0	0	0	0	0	0	0	0	0	0	0	0	0	0	0	0	0	0	0	0	0	0	0	0	0	0	0	0	0	0	0	0	0	0	0	0	0	0	0	0	0	0	0	0	0	0	0	0	0	0	0	0	0	0	0	0	0	0	0	0	0	0	0	0	0	0	0	0	0	0	0	0	
0	1.83019e-20	2.63535e-19	3.50277e-18	4.30328e-17	4.87359e-16	5.07378e-15	4.8412e-14	4.22038e-13	3.3505e-12	2.41413e-11	1.57329e-10	9.24165e-10	4.87664e-09	2.30432e-08	9.72297e-08	3.65528e-07	1.22265e-06	3.63764e-06	9.63726e-06	2.27965e-05	4.83512e-05	9.24661e-05	0.000160449	0.000254258	0.000370208	0.000497952	0.000621501	0.000722267	0.000783397	0.00079406	0.000752329	0.000665694	0.000549059	0.000420859	0.000298584	0.000195083	0.000116696	6.35066e-05	3.12394e-05	1.38072e-05	5.45582e-06	1.92043e-06	6.0095e-07	1.67093e-07	4.13163e-08	9.1024e-09	1.79154e-09	3.16025e-10	5.01365e-11	7.17957e-12	9.31392e-13	1.09851e-13	1.18199e-14	1.1641e-15	1.05268e-16	8.76631e-18	6.74156e-19	4.80028e-20	3.1725e-21	1.95061e-22	1.11818e-23	5.98831e-25	3.00179e-26	1.41096e-27	6.22932e-29	2.58728e-30	1.01244e-31	3.73789e-33	1.30374e-34	4.30135e-36	1.34394e-37	3.98104e-39	1.11922e-40	2.98926e-42	7.59198e-44	1.83517e-45	4.22565e-47	9.27587e-49	1.94263e-50	3.88431e-52	7.4203e-54	1.35517e-55	2.36757e-57	3.9591e-59	6.34043e-61	9.72964e-63	1.43136e-64	2.01965e-66	2.73449e-68	3.55412e-70	4.43628e-72	5.31985e-74	6.13097e-76	6.7929e-78	7.23793e-80	7.41885e-82	7.31717e-84	6.94563e-86	0	
0	2.63535e-19	3.6668e-18	4.70335e-17	5.5701e-16	6.07384e-15	6.08054e-14	5.57137e-13	4.65716e-12	3.53964e-11	2.43764e-10	1.51574e-09	8.48011e-09	4.25436e-08	1.90798e-07	7.62916e-07	2.71461e-06	8.58764e-06	2.41632e-05	6.05929e-05	0.000135924	0.000274223	0.000500814	0.000833846	0.00127456	0.00180006	0.00236202	0.00289286	0.00331838	0.0035737	0.00361801	0.00344412	0.00308012	0.00258279	0.00202455	0.00147738	0.000998475	0.000621169	0.000353314	0.000182434	8.49307e-05	3.54347e-05	1.3188e-05	4.3653e-06	1.28343e-06	3.35237e-07	7.79129e-08	1.6151e-08	2.99539e-09	4.9874e-10	7.48244e-11	1.01523e-11	1.25033e-12	1.40268e-13	1.43827e-14	1.35231e-15	1.16946e-16	9.32866e-18	6.88258e-19	4.7085e-20	2.99396e-21	1.77341e-22	9.80573e-24	5.07121e-25	2.45755e-26	1.1179e-27	4.78103e-29	1.9254e-30	7.31181e-32	2.62195e-33	8.88946e-35	2.853e-36	8.67757e-38	2.504e-39	6.86202e-41	1.7876e-42	4.43085e-44	1.04587e-45	2.35287e-47	5.04879e-49	1.03411e-50	2.02319e-52	3.78345e-54	6.767e-56	1.15829e-57	1.89847e-59	2.98115e-61	4.48727e-63	6.47753e-65	8.97148e-67	1.19271e-68	1.52266e-70	1.86739e-72	2.20087e-74	2.4936e-76	2.71693e-78	2.84761e-80	2.87185e-82	2.7874e-84	0	
0	3.50277e-18	4.70335e-17	5.81365e-16	6.62651e-15	6.94513e-14	6.67299e-13	5.85892e-12	4.68506e-11	3.40015e-10	2.23156e-09	1.31969e-08	7.007e-08	3.32896e-07	1.41083e-06	5.32065e-06	1.78275e-05	5.30519e-05	0.000140388	0.000331368	0.00070112	0.00133855	0.00232346	0.00369591	0.00542826	0.00741132	0.00946105	0.0113455	0.0128263	0.0137036	0.013855	0.0132592	0.0119999	0.0102498	0.00823721	0.00620204	0.00435166	0.00282723	0.0016885	0.000919773	0.00045343	0.000200856	7.94814e-05	2.79814e-05	8.74447e-06	2.42472e-06	5.9718e-07	1.3092e-07	2.56241e-08	4.49287e-09	7.08336e-10	1.00795e-10	1.29944e-11	1.52329e-12	1.62948e-13	1.59589e-14	1.43557e-15	1.18961e-16	9.10672e-18	6.45709e-19	4.25106e-20	2.60462e-21	1.4884e-22	7.94872e-24	3.97472e-25	1.86431e-26	8.21606e-28	3.4074e-29	1.33181e-30	4.91276e-32	1.71256e-33	5.64857e-35	1.76488e-36	5.22946e-38	1.47101e-39	3.9321e-41	9.99742e-43	2.41987e-44	5.58089e-46	1.22735e-47	2.5758e-49	5.16239e-51	9.88732e-53	1.81082e-54	3.17329e-56	5.32393e-58	8.55627e-60	1.31793e-61	1.9466e-63	2.75827e-65	3.75119e-67	4.89844e-69	6.14437e-71	7.40615e-73	8.58139e-75	9.56138e-77	1.02475e-78	1.05678e-80	1.04881e-82	0	
0	4.30328e-17	5.5701e-16	6.62651e-15	7.25946e-14	7.30192e-13	6.72219e-12	5.64517e-11	4.30938e-10	2.9795e-09	1.85884e-08	1.04249e-07	5.2364e-07	2.34761e-06	9.36582e-06	3.31746e-05	0.000104207	0.000290373	0.00071934	0.00159111	0.0031623	0.00569226	0.00936097	0.0141866	0.0199737	0.0263115	0.0326241	0.0382588	0.0425907	0.045122	0.0455564	0.0438426	0.0401819	0.0349992	0.0288792	0.0224762	0.0164088	0.0111622	0.007021	0.00404888	0.00212201	0.00100231	0.00042363	0.000159352	5.31721e-05	1.57188e-05	4.11891e-06	9.58483e-07	1.98634e-07	3.67863e-08	6.11107e-09	9.14207e-10	1.23642e-10	1.51752e-11	1.69646e-12	1.73345e-13	1.62431e-14	1.40012e-15	1.11344e-16	8.19141e-18	5.5892e-19	3.54552e-20	2.09566e-21	1.1566e-22	5.97198e-24	2.89021e-25	1.31331e-26	5.61219e-28	2.25888e-29	8.57573e-31	3.07507e-32	1.04279e-33	3.34831e-35	1.01913e-36	2.94359e-38	8.07627e-40	2.10692e-41	5.23099e-43	1.23707e-44	2.7889e-46	5.99845e-48	1.23177e-49	2.41665e-51	4.53287e-53	8.13362e-55	1.39703e-56	2.29818e-58	3.62287e-60	5.47564e-62	7.93852e-64	1.1045e-65	1.47539e-67	1.89295e-69	2.33362e-71	2.76531e-73	3.15086e-75	3.45327e-77	3.64152e-79	3.69547e-81	0	
0	4.87359e-16	6.07384e-15	6.94513e-14	7.30192e-13	7.03704e-12	6.19583e-11	4.96644e-10	3.61102e-09	2.37242e-08	1.40289e-07	7.4374e-07	3.52141e-06	1.48382e-05	5.54788e-05	0.000183682	0.000538138	0.00139669	0.0032221	0.0066453	0.0123499	0.0208758	0.0324128	0.0466635	0.0628255	0.0796898	0.0958194	0.109758	0.120222	0.126245	0.127271	0.123208	0.114428	0.101741	0.0863197	0.0695717	0.0529671	0.0378298	0.0251418	0.0154076	0.00862224	0.00436373	0.00198008	0.000800041	0.00028652	9.07493e-05	2.54167e-05	6.30436e-06	1.38861e-06	2.72545e-07	4.78518e-08	7.54616e-09	1.07323e-09	1.38211e-10	1.61785e-11	1.72772e-12	1.68907e-13	1.51662e-14	1.25452e-15	9.58725e-17	6.78702e-18	4.46184e-19	2.7303e-20	1.55852e-21	8.31584e-23	4.15545e-24	1.94817e-25	8.58338e-27	3.55959e-28	1.39154e-29	5.13512e-31	1.79117e-32	5.91277e-34	1.84937e-35	5.48672e-37	1.54566e-38	4.13864e-40	1.05426e-41	2.55724e-43	5.91142e-45	1.30334e-46	2.7428e-48	5.51333e-50	1.05928e-51	1.94658e-53	3.42338e-55	5.76526e-57	9.30253e-59	1.4389e-60	2.13463e-62	3.03866e-64	4.15246e-66	5.44975e-68	6.87177e-70	8.32814e-72	9.70446e-74	1.08764e-75	1.17281e-77	1.217e-79	0	
0	5.07378e-15	6.08054e-14	6.67299e-13	6.72219e-12	6.19583e-11	5.20678e-10	3.97477e-09	2.7456e-08	1.70916e-07	9.54865e-07	4.76771e-06	2.11905e-05	8.35334e-05	0.000291201	0.000896115	0.00243402	0.00584788	0.0124872	0.0238772	0.0412836	0.0652484	0.0953004	0.129942	0.166888	0.203437	0.236865	0.264744	0.285136	0.296682	0.298637	0.290876	0.273896	0.248813	0.217338	0.181721	0.144601	0.108733	0.0766152	0.0500983	0.0300785	0.0163997	0.00803653	0.00350925	0.00135708	0.000463182	0.000139399	3.70345e-05	8.70767e-06	1.81829e-06	3.38561e-07	5.64521e-08	8.46571e-09	1.14663e-09	1.40841e-10	1.57491e-11	1.60913e-12	1.50736e-13	1.29874e-14	1.03231e-15	7.59074e-17	5.177e-18	3.2828e-19	1.93984e-20	1.07044e-21	5.52711e-23	2.6753e-24	1.21603e-25	5.199e-27	2.09395e-28	7.95624e-30	2.85585e-31	9.69627e-33	3.11773e-34	9.50455e-36	2.75012e-37	7.56029e-39	1.97657e-40	4.91891e-42	1.16623e-43	2.63638e-45	5.68702e-47	1.17147e-48	2.30595e-50	4.34041e-52	7.8171e-54	1.34789e-55	2.22642e-57	3.52479e-59	5.35129e-61	7.79455e-63	1.08977e-64	1.4631e-66	1.88709e-68	2.33916e-70	2.78764e-72	3.19503e-74	3.52306e-76	3.7382e-78	0	
0	4.8412e-14	5.57137e-13	5.85892e-12	5.64517e-11	4.96644e-10	3.97477e-09	2.88247e-08	1.88624e-07	1.10898e-06	5.83196e-06	2.73107e-05	0.000113404	0.000415969	0.00134389	0.00381856	0.00954872	0.0210854	0.0413882	0.0729162	0.116664	0.171646	0.235016	0.302682	0.370103	0.432982	0.487738	0.531679	0.562933	0.580318	0.583238	0.5716	0.545791	0.506746	0.456044	0.396034	0.329946	0.261836	0.196217	0.137455	0.0889815	0.0525756	0.02801	0.0133117	0.00559803	0.00207289	0.000674574	0.000193041	4.86943e-05	1.08658e-05	2.15396e-06	3.81044e-07	6.04332e-08	8.63174e-09	1.11514e-09	1.30843e-10	1.39974e-11	1.37023e-12	1.23156e-13	1.01952e-14	7.79637e-16	5.52239e-17	3.63247e-18	2.22405e-19	1.27033e-20	6.7828e-22	3.39204e-23	1.59169e-24	7.01992e-26	2.91456e-27	1.14085e-28	4.21609e-30	1.47295e-31	4.87084e-33	1.5264e-34	4.53795e-36	1.28126e-37	3.43897e-39	8.78299e-41	2.13631e-42	4.95289e-44	1.0954e-45	2.31279e-47	4.66509e-49	8.9958e-51	1.65942e-52	2.93008e-54	4.95517e-56	8.03038e-58	1.24779e-59	1.8599e-61	2.66065e-63	3.65452e-65	4.82174e-67	6.11339e-69	7.45131e-71	8.73396e-73	9.84844e-75	1.06855e-76	0	
0	4.22038e-13	4.65716e-12	4.68506e-11	4.30938e-10	3.61102e-09	2.7456e-08	1.88624e-07	1.16564e-06	6.44911e-06	3.17913e-05	0.000138961	0.000536123	0.00181836	0.00540614	0.0140744	0.032138	0.064697	0.115861	0.186864	0.275286	0.375685	0.481079	0.584522	0.6802	0.763931	0.833172	0.886563	0.923441	0.943575	0.946929	0.933501	0.903311	0.856486	0.793482	0.715327	0.62402	0.52307	0.417671	0.314413	0.220431	0.141973	0.0828157	0.0431755	0.0199061	0.00806023	0.00285708	0.000886486	0.000241298	5.78311e-05	1.2259e-05	2.30971e-06	3.88712e-07	5.87197e-08	7.99935e-09	9.87096e-10	1.10789e-10	1.13537e-11	1.06623e-12	9.20608e-14	7.33089e-15	5.39937e-16	3.68801e-17	2.34196e-18	1.38583e-19	7.65803e-21	3.9598e-22	1.91953e-23	8.73861e-25	3.74226e-26	1.50987e-27	5.74766e-29	2.06718e-30	7.03338e-32	2.26658e-33	6.92626e-35	2.00916e-36	5.53813e-38	1.45199e-39	3.6242e-41	8.61958e-43	1.95498e-44	4.23171e-46	8.74845e-48	1.72859e-49	3.26651e-51	5.90724e-53	1.02295e-54	1.69722e-56	2.69944e-58	4.11797e-60	6.02805e-62	8.47145e-64	1.14345e-65	1.48296e-67	1.84874e-69	2.21621e-71	2.55558e-73	2.83538e-75	0	
0	3.3505e-12	3.53964e-11	3.40015e-10	2.9795e-09	2.37242e-08	1.70916e-07	1.10898e-06	6.44911e-06	3.34408e-05	0.000153799	0.000624052	0.0022228	0.00692035	0.0187788	0.044394	0.091715	0.166849	0.270593	0.397411	0.537462	0.679782	0.814937	0.936371	1.04047	1.1261	1.19358	1.24365	1.27723	1.29524	1.29822	1.28625	1.25899	1.21563	1.15524	1.07698	0.980241	0.86545	0.735165	0.594723	0.452504	0.319089	0.205144	0.118297	0.0603403	0.0269604	0.0104982	0.00355892	0.00105237	0.000272478	6.20757e-05	1.25102e-05	2.24246e-06	3.59434e-07	5.17794e-08	6.73621e-09	7.94941e-10	8.54504e-11	8.39885e-12	7.57519e-13	6.29014e-14	4.82324e-15	3.42491e-16	2.25801e-17	1.38555e-18	7.9307e-20	4.24336e-21	2.1265e-22	9.99943e-24	4.41958e-25	1.83899e-26	7.21481e-28	2.67259e-29	9.36007e-31	3.1032e-32	9.75072e-34	2.907e-35	8.23175e-37	2.21621e-38	5.67818e-40	1.38572e-41	3.22386e-43	7.15582e-45	1.51655e-46	3.07098e-48	5.94595e-50	1.10146e-51	1.9534e-53	3.31849e-55	5.40329e-57	8.43673e-59	1.26388e-60	1.81744e-62	2.50977e-64	3.32976e-66	4.24594e-68	5.20575e-70	6.13904e-72	6.96505e-74	0	
0	2.41413e-11	2.43764e-10	2.23156e-09	1.85884e-08	1.40289e-07	9.54865e-07	5.83196e-06	3.17913e-05	0.000153799	0.000656416	0.00245705	0.00802099	0.0227305	0.0557673	0.118518	0.219371	0.357713	0.5227	0.698218	0.869086	1.02449	1.1588	1.2704	1.36027	1.43073	1.48393	1.52172	1.54622	1.55911	1.56124	1.55273	1.53302	1.50075	1.45395	1.39064	1.30886	1.20617	1.08092	0.933515	0.767832	0.592587	0.421402	0.270674	0.154156	0.0767652	0.0331567	0.0123894	0.00401078	0.00112935	0.000278087	6.02372e-05	1.15482e-05	1.97102e-06	3.01182e-07	4.14192e-08	5.15132e-09	5.82005e-10	5.99817e-11	5.66037e-12	4.90823e-13	3.92338e-14	2.89964e-15	1.98688e-16	1.26546e-17	7.5094e-19	4.16097e-20	2.15728e-21	1.0485e-22	4.78585e-24	2.05494e-25	8.31324e-27	3.17328e-28	1.14449e-29	3.90525e-31	1.26225e-32	3.86902e-34	1.12588e-35	3.11359e-37	8.19095e-39	2.05167e-40	4.89734e-42	1.11494e-43	2.4228e-45	5.02903e-47	9.97828e-49	1.89375e-50	3.44002e-52	5.98456e-54	9.97664e-56	1.59461e-57	2.44492e-59	3.59774e-61	5.08337e-63	6.89956e-65	8.99956e-67	1.12856e-68	1.36111e-70	1.57917e-72	0	
0	1.57329e-10	1.51574e-09	1.31969e-08	1.04249e-07	7.4374e-07	4.76771e-06	2.73107e-05	0.000138961	0.000624052	0.00245705	0.00842468	0.0249984	0.0638747	0.140224	0.265145	0.435978	0.634555	0.837181	1.02575	1.19057	1.32848	1.44025	1.52807	1.59507	1.64409	1.67743	1.69848	1.71099	1.71707	1.71798	1.71419	1.70443	1.6871	1.65907	1.61657	1.55709	1.47802	1.37615	1.24892	1.09471	0.914937	0.716286	0.513395	0.328742	0.184232	0.0891872	0.0370959	0.0132621	0.00409172	0.00109591	0.000256526	5.28374e-05	9.64007e-06	1.56768e-06	2.28551e-07	3.00315e-08	3.57401e-09	3.86957e-10	3.82715e-11	3.47075e-12	2.89601e-13	2.2304e-14	1.59013e-15	1.05226e-16	6.47944e-18	3.72112e-19	1.99741e-20	1.00411e-21	4.73619e-23	2.09973e-24	8.76376e-26	3.44884e-27	1.28155e-28	4.50252e-30	1.49758e-31	4.72118e-33	1.41231e-34	4.01315e-36	1.08431e-37	2.78836e-39	6.83061e-41	1.59534e-42	3.55535e-44	7.56618e-46	1.53869e-47	2.99231e-49	5.56832e-51	9.92144e-53	1.69361e-54	2.77129e-56	4.34924e-58	6.54977e-60	9.4695e-62	1.31497e-63	1.75459e-65	2.25056e-67	2.77603e-69	3.29369e-71	0	
0	9.24165e-10	8.48011e-09	7.007e-08	5.2364e-07	3.52141e-06	2.11905e-05	0.000113404	0.000536123	0.0022228	0.00802099	0.0249984	0.0668183	0.152393	0.296304	0.494403	0.720294	0.94204	1.14088	1.31108	1.45151	1.56288	1.64621	1.70356	1.73859	1.75474	1.7576	1.7543	1.74934	1.74532	1.74444	1.74743	1.7523	1.75673	1.75696	1.74694	1.71983	1.672	1.59936	1.49946	1.37072	1.21234	1.02475	0.810786	0.583202	0.370126	0.202759	0.094834	0.0377961	0.0128822	0.00377913	0.000961506	0.000213821	4.1874e-05	7.27249e-06	1.12738e-06	1.56914e-07	1.97147e-08	2.24682e-09	2.33303e-10	2.21617e-11	1.93293e-12	1.55321e-13	1.15341e-14	7.93818e-16	5.0767e-17	3.02428e-18	1.68198e-19	8.75153e-21	4.26836e-22	1.95496e-23	8.42271e-25	3.41894e-26	1.30949e-27	4.73905e-29	1.62266e-30	5.26317e-32	1.61903e-33	4.72856e-35	1.31255e-36	3.46613e-38	8.71596e-40	2.08886e-41	4.77513e-43	1.04205e-44	2.1724e-46	4.32961e-48	8.25481e-50	1.50658e-51	2.6337e-53	4.41245e-55	7.08876e-57	1.09261e-58	1.61649e-60	2.2967e-62	3.13508e-64	4.11328e-66	5.18919e-68	6.29635e-70	0	
0	4.87664e-09	4.25436e-08	3.32896e-07	2.34761e-06	1.48382e-05	8.35334e-05	0.000415969	0.00181836	0.00692035	0.0227305	0.0638747	0.152393	0.307343	0.525433	0.773162	1.00977	1.21705	1.395	1.54119	1.65124	1.72374	1.75994	1.76602	1.74895	1.717	1.68074	1.64764	1.62041	1.60421	1.60166	1.61205	1.63548	1.66687	1.70241	1.73748	1.76144	1.76564	1.74239	1.6848	1.58992	1.45754	1.29175	1.09638	0.870588	0.623253	0.388291	0.206003	0.0923759	0.0350762	0.0113528	0.00315879	0.000762299	0.00016093	2.99577e-05	4.95323e-06	7.32193e-07	9.73394e-08	1.17003e-08	1.27774e-09	1.27328e-10	1.16242e-11	9.75733e-13	7.55546e-14	5.41337e-15	3.59881e-16	2.22562e-17	1.28342e-18	6.91628e-20	3.49014e-21	1.65236e-22	7.35234e-24	3.07982e-25	1.21639e-26	4.53631e-28	1.59956e-29	5.33981e-31	1.68966e-32	5.07357e-34	1.44722e-35	3.92556e-37	1.01351e-38	2.49294e-40	5.84681e-42	1.30859e-43	2.79706e-45	5.71382e-47	1.1163e-48	2.08714e-50	3.73685e-52	6.41067e-54	1.05436e-55	1.66339e-57	2.51848e-59	3.66127e-61	5.11299e-63	6.86208e-65	8.85427e-67	1.09869e-68	0	
0	2.30432e-08	1.90798e-07	1.41083e-06	9.36582e-06	5.54788e-05	0.000291201	0.00134389	0.00540614	0.0187788	0.0557673	0.140224	0.296304	0.525433	0.790902	1.04245	1.2602	1.44986	1.60411	1.70849	1.76161	1.76764	1.73605	1.67838	1.60406	1.52527	1.45121	1.38644	1.33701	1.30953	1.30543	1.32301	1.36432	1.42367	1.49509	1.57256	1.65045	1.71554	1.75936	1.7693	1.73614	1.65258	1.51688	1.33977	1.13366	0.895053	0.630072	0.380434	0.193303	0.0823989	0.0296298	0.00907009	0.00238736	0.000545612	0.000109253	1.93246e-05	3.04162e-06	4.28806e-07	5.44661e-08	6.26597e-09	6.56e-10	6.2767e-11	5.51003e-12	4.45353e-13	3.32492e-14	2.29967e-15	1.47752e-16	8.84039e-18	4.93719e-19	2.57922e-20	1.26287e-21	5.80623e-23	2.51097e-24	1.02306e-25	3.93304e-27	1.42868e-28	4.91018e-30	1.59867e-31	4.9366e-33	1.44739e-34	4.03355e-36	1.06945e-37	2.70029e-39	6.49861e-41	1.49195e-42	3.27006e-44	6.8478e-46	1.37104e-47	2.62632e-49	4.81638e-51	8.46126e-53	1.42476e-54	2.30082e-56	3.56517e-58	5.3034e-60	7.57717e-62	1.04024e-63	1.37284e-65	1.74212e-67	0	
0	9.72297e-08	7.62916e-07	5.32065e-06	3.31746e-05	0.000183682	0.000896115	0.00381856	0.0140744	0.044394	0.118518	0.265145	0.494403	0.773162	1.04245	1.27421	1.47762	1.64123	1.73771	1.76992	1.74878	1.68265	1.58499	1.46523	1.33603	1.209	1.09328	0.995846	0.928045	0.889537	0.882415	0.909484	0.965334	1.0514	1.1616	1.28437	1.41463	1.53894	1.64707	1.72717	1.76734	1.75804	1.68841	1.5498	1.35942	1.13983	0.884701	0.603144	0.347773	0.16725	0.0671943	0.022748	0.00656019	0.00162931	0.000352076	6.68041e-05	1.12219e-05	1.68104e-06	2.26022e-07	2.74334e-08	3.02134e-09	3.03331e-10	2.78765e-11	2.354e-12	1.83277e-13	1.31978e-14	8.81526e-16	5.47583e-17	3.17103e-18	1.71578e-19	8.69233e-21	4.13107e-22	1.8451e-23	7.75781e-25	3.07538e-26	1.15117e-27	4.0743e-29	1.36523e-30	4.33635e-32	1.30709e-33	3.743e-35	1.01932e-36	2.64235e-38	6.52622e-40	1.53708e-41	3.45501e-43	7.41746e-45	1.52207e-46	2.98738e-48	5.61187e-50	1.00963e-51	1.74064e-53	2.87737e-55	4.56308e-57	6.94569e-59	1.01527e-60	1.42578e-62	1.92452e-64	2.4975e-66	0	
0	3.65528e-07	2.71461e-06	1.78275e-05	0.000104207	0.000538138	0.00243402	0.00954872	0.032138	0.091715	0.219371	0.435978	0.720294	1.00977	1.2602	1.47762	1.65334	1.74802	1.7669	1.72936	1.63345	1.49391	1.32268	1.13567	0.948661	0.774229	0.624043	0.504658	0.420532	0.373234	0.364423	0.397602	0.467055	0.573009	0.710449	0.877226	1.05968	1.24918	1.42765	1.58246	1.69684	1.75867	1.76306	1.70137	1.55519	1.35103	1.11542	0.8392	0.544639	0.295424	0.132968	0.0499559	0.0158372	0.00428723	0.00100231	0.000204459	3.67237e-05	5.85485e-06	8.34438e-07	1.06982e-07	1.24076e-08	1.30826e-09	1.25971e-10	1.11216e-11	9.03596e-13	6.77844e-14	4.70925e-15	3.03841e-16	1.82525e-17	1.0233e-18	5.36574e-20	2.63683e-21	1.21667e-22	5.28035e-24	2.15903e-25	8.32952e-27	3.03648e-28	1.04734e-29	3.42235e-31	1.06069e-32	3.12155e-34	8.73218e-36	2.32423e-37	5.89179e-39	1.42369e-40	3.28204e-42	7.2241e-44	1.51936e-45	3.05554e-47	5.87976e-49	1.08332e-50	1.91226e-52	3.23579e-54	5.2517e-56	8.17963e-58	1.2232e-59	1.75711e-61	2.42569e-63	3.219e-65	0	
0	1.22265e-06	8.58764e-06	5.30519e-05	0.000290373	0.00139669	0.00584788	0.0210854	0.064697	0.166849	0.357713	0.634555	0.94204	1.21705	1.44986	1.64123	1.74802	1.76483	1.71996	1.59777	1.4155	1.19588	0.954347	0.712485	0.482199	0.278326	0.105953	-0.0290244	-0.124966	-0.175061	-0.182583	-0.149795	-0.0716109	0.0472417	0.204683	0.397209	0.61705	0.857237	1.09955	1.33143	1.52995	1.67994	1.7547	1.76308	1.69546	1.53282	1.31444	1.05804	0.758297	0.460361	0.231717	0.0966678	0.0337359	0.00996941	0.00252533	0.000554528	0.000106619	1.81086e-05	2.73804e-06	3.71078e-07	4.53506e-08	5.02485e-09	5.07188e-10	4.68369e-11	3.97253e-12	3.10551e-13	2.2448e-14	1.50477e-15	9.37947e-17	5.44967e-18	2.95825e-19	1.50345e-20	7.16772e-22	3.21144e-23	1.3545e-24	5.38656e-26	2.02272e-27	7.18214e-29	2.41453e-30	7.69495e-32	2.3274e-33	6.68808e-35	1.82786e-36	4.7557e-38	1.17901e-39	2.78755e-41	6.29057e-43	1.35599e-44	2.79412e-46	5.50753e-48	1.03916e-49	1.87798e-51	3.25274e-53	5.40257e-55	8.60956e-57	1.31709e-58	1.93513e-60	2.73196e-62	3.70701e-64	0	
0	3.63764e-06	2.41632e-05	0.000140388	0.00071934	0.0032221	0.0124872	0.0413882	0.115861	0.270593	0.5227	0.837181	1.14088	1.395	1.60411	1.73771	1.7669	1.71996	1.58385	1.36773	1.11482	0.825204	0.53293	0.245428	-0.0137627	-0.238722	-0.421362	-0.557168	-0.647207	-0.697728	-0.706304	-0.67125	-0.599029	-0.482592	-0.316646	-0.109689	0.138336	0.415542	0.708107	1.00125	1.27123	1.50333	1.67754	1.75642	1.76078	1.66919	1.48379	1.24803	0.963657	0.64513	0.360568	0.166526	0.0638989	0.0206051	0.00565485	0.00133677	0.000275163	4.97939e-05	7.98838e-06	1.14456e-06	1.47413e-07	1.7165e-08	1.81629e-09	1.75448e-10	1.55352e-11	1.26563e-12	9.51878e-14	6.62944e-15	4.28761e-16	2.58176e-17	1.45082e-18	7.62534e-20	3.75612e-21	1.73729e-22	7.55829e-24	3.09816e-25	1.19834e-26	4.38001e-28	1.51486e-29	4.96391e-31	1.54292e-32	4.5543e-34	1.27795e-35	3.41234e-37	8.67862e-39	2.10423e-40	4.86798e-42	1.07538e-43	2.27021e-45	4.58321e-47	8.85466e-49	1.63815e-50	2.9039e-52	4.93526e-54	8.04601e-56	1.25899e-57	1.89172e-59	2.73077e-61	3.78821e-63	0	
0	9.63726e-06	6.05929e-05	0.000331368	0.00159111	0.0066453	0.0238772	0.0729162	0.186864	0.397411	0.698218	1.02575	1.31108	1.54119	1.70849	1.76992	1.72936	1.59777	1.36773	1.08923	0.758897	0.413752	0.0755984	-0.234548	-0.504438	-0.721756	-0.891761	-1.01177	-1.09136	-1.13227	-1.13889	-1.11411	-1.0503	-0.94337	-0.796137	-0.597644	-0.34682	-0.0537236	0.278239	0.619544	0.963732	1.26085	1.51583	1.68886	1.76379	1.74767	1.61782	1.40843	1.1464	0.830628	0.509569	0.25881	0.108758	0.0381701	0.0113284	0.00287892	0.000633724	0.000122073	2.07628e-05	3.14285e-06	4.26319e-07	5.21405e-08	5.78096e-09	5.83861e-10	5.39496e-11	4.57862e-12	3.58167e-13	2.59083e-14	1.73808e-15	1.0843e-16	6.30602e-18	3.4267e-19	1.74353e-20	8.32279e-22	3.73407e-23	1.57728e-24	6.28256e-26	2.36324e-27	8.40676e-29	2.8318e-30	9.04367e-32	2.74141e-33	7.89631e-35	2.16342e-36	5.64343e-38	1.40292e-39	3.32646e-41	7.52926e-43	1.62809e-44	3.36578e-46	6.65692e-48	1.26047e-49	2.28633e-51	3.97513e-53	6.62855e-55	1.06066e-56	1.62947e-58	2.40462e-60	3.40954e-62	0	
0	2.27965e-05	0.000135924	0.00070112	0.0031623	0.0123499	0.0412836	0.116664	0.275286	0.537462	0.869086	1.19057	1.45151	1.65124	1.76161	1.74878	1.63345	1.4155	1.11482	0.758897	0.369153	-0.00629167	-0.366614	-0.672479	-0.93049	-1.12313	-1.26237	-1.35392	-1.40149	-1.42462	-1.43011	-1.41552	-1.37545	-1.30357	-1.18659	-1.01308	-0.78386	-0.494728	-0.155007	0.217293	0.603447	0.979132	1.30227	1.55999	1.71378	1.77076	1.70975	1.53908	1.302	1.00261	0.665711	0.368332	0.168416	0.0640296	0.0204762	0.00557781	0.00130982	0.000268015	4.8242e-05	7.70243e-06	1.09885e-06	1.40982e-07	1.63596e-08	1.72575e-09	1.66247e-10	1.46851e-11	1.19386e-12	8.96263e-14	6.23242e-15	4.02561e-16	2.42144e-17	1.35961e-18	7.14171e-20	3.51655e-21	1.6262e-22	7.07517e-24	2.90078e-25	1.12246e-26	4.1051e-28	1.42089e-29	4.66043e-31	1.45023e-32	4.28624e-34	1.20449e-35	3.22146e-37	8.20786e-39	1.99398e-40	4.62269e-42	1.02352e-43	2.16598e-45	4.3841e-47	8.49323e-49	1.57584e-50	2.80197e-52	4.77732e-54	7.81472e-56	1.2271e-57	1.85057e-59	2.68111e-61	0	
0	4.83512e-05	0.000274223	0.00133855	0.00569226	0.0208758	0.0652484	0.171646	0.375685	0.679782	1.02449	1.32848	1.56288	1.72374	1.76764	1.68265	1.49391	1.19588	0.825204	0.413752	-0.00629167	-0.410252	-0.76159	-1.05265	-1.26357	-1.41033	-1.48923	-1.5292	-1.54606	-1.54762	-1.54764	-1.54704	-1.53785	-1.51092	-1.44837	-1.32953	-1.14778	-0.884457	-0.559957	-0.170321	0.24371	0.664909	1.05303	1.38657	1.62011	1.7473	1.75803	1.63836	1.43035	1.15356	0.817232	0.487179	0.240382	0.0983649	0.0337184	0.00980262	0.00244651	0.000530051	0.000100681	1.69129e-05	2.53191e-06	3.40068e-07	4.12248e-08	4.53447e-09	4.54702e-10	4.17451e-11	3.52233e-12	2.74101e-13	1.97343e-14	1.31833e-15	8.19347e-17	4.74914e-18	2.57303e-19	1.30576e-20	6.21887e-22	2.78467e-23	1.1743e-24	4.67098e-26	1.75509e-27	6.23809e-29	2.10003e-30	6.70424e-32	2.03199e-33	5.85342e-35	1.6042e-36	4.18681e-38	1.04156e-39	2.4719e-41	5.6012e-43	1.21275e-44	2.51085e-46	4.9743e-48	9.43611e-50	1.71505e-51	2.98845e-53	4.99509e-55	8.0132e-57	1.23441e-58	1.82652e-60	0	
0	9.24661e-05	0.000500814	0.00232346	0.00936097	0.0324128	0.0953004	0.235016	0.481079	0.814937	1.1588	1.44025	1.64621	1.75994	1.73605	1.58499	1.32268	0.954347	0.53293	0.0755984	-0.366614	-0.76159	-1.08689	-1.32704	-1.47965	-1.5527	-1.56945	-1.54528	-1.5106	-1.48706	-1.48226	-1.49873	-1.53181	-1.56342	-1.56396	-1.51829	-1.39781	-1.1938	-0.901564	-0.531519	-0.1059	0.351833	0.790901	1.18528	1.49348	1.68872	1.76776	1.70585	1.53225	1.28082	0.955839	0.607012	0.320222	0.139962	0.0510965	0.0157657	0.00416168	0.000950603	0.000189816	3.34334e-05	5.23582e-06	7.34134e-07	9.27327e-08	1.06106e-08	1.10515e-09	1.0524e-10	9.19909e-12	7.40741e-13	5.51269e-14	3.80302e-15	2.43864e-16	1.45718e-17	8.13255e-19	4.24835e-20	2.08141e-21	9.58162e-23	4.15157e-24	1.69581e-25	6.54008e-27	2.38476e-28	8.23257e-30	2.69399e-31	8.36629e-33	2.46847e-34	6.92677e-36	1.85042e-37	4.71034e-39	1.14355e-40	2.65e-42	5.86629e-44	1.24147e-45	2.51348e-47	4.8716e-49	9.04493e-51	1.60969e-52	2.74747e-54	4.50007e-56	7.07667e-58	1.06879e-59	0	
0	0.000160449	0.000833846	0.00369591	0.0141866	0.0466635	0.129942	0.302682	0.584522	0.936371	1.2704	1.52807	1.70356	1.76602	1.67838	1.46523	1.13567	0.712485	0.245428	-0.234548	-0.672479	-1.05265	-1.32704	-1.50429	-1.57111	-1.5592	-1.48933	-1.4026	-1.33311	-1.29103	-1.28278	-1.31078	-1.37222	-1.45547	-1.53621	-1.57532	-1.54302	-1.41021	-1.17554	-0.83401	-0.416032	0.0519036	0.529099	0.974093	1.34742	1.60661	1.74805	1.74449	1.60916	1.38435	1.07677	0.720708	0.402642	0.186418	0.0719544	0.023411	0.00649865	0.00155692	0.000325291	5.98211e-05	9.76222e-06	1.42387e-06	1.868e-07	2.21673e-08	2.39145e-09	2.35602e-10	2.12828e-11	1.76932e-12	1.3582e-13	9.65656e-15	6.37672e-16	3.92105e-17	2.25043e-18	1.20819e-19	6.07985e-21	2.87314e-22	1.2773e-23	5.35065e-25	2.11528e-26	7.90317e-28	2.79441e-29	9.36236e-31	2.97581e-32	8.98331e-34	2.57835e-35	7.04294e-37	1.83268e-38	4.54705e-40	1.07659e-41	2.43444e-43	5.26146e-45	1.08765e-46	2.15203e-48	4.07815e-50	7.40642e-52	1.28985e-53	2.15526e-55	3.45718e-57	5.32522e-59	0	
0	0.000254258	0.00127456	0.00542826	0.0199737	0.0628255	0.166888	0.370103	0.6802	1.04047	1.36027	1.59507	1.73859	1.74895	1.60406	1.33603	0.948661	0.482199	-0.0137627	-0.504438	-0.93049	-1.26357	-1.47965	-1.57111	-1.55416	-1.44893	-1.31102	-1.16813	-1.06547	-1.02404	-1.01795	-1.04155	-1.12154	-1.25137	-1.39444	-1.52047	-1.57463	-1.53115	-1.36386	-1.07667	-0.683641	-0.21446	0.286969	0.768717	1.19428	1.51097	1.70878	1.76024	1.66399	1.4656	1.17795	0.823017	0.482459	0.23461	0.0950035	0.0323655	0.00938731	0.00234502	0.000509904	9.74222e-05	1.64916e-05	2.49164e-06	3.38174e-07	4.14689e-08	4.61808e-09	4.69193e-10	4.36707e-11	3.73769e-12	2.95168e-13	2.15742e-14	1.46364e-15	9.24065e-17	5.4423e-18	2.99668e-19	1.54587e-20	7.48533e-22	3.40823e-23	1.46168e-24	5.91362e-26	2.26031e-27	8.17318e-29	2.7995e-30	9.09414e-32	2.80499e-33	8.22348e-35	2.29392e-36	6.09417e-38	1.54334e-39	3.72901e-41	8.60333e-43	1.89677e-44	3.9991e-46	8.06879e-48	1.55899e-49	2.88632e-51	5.12353e-53	8.72504e-55	1.42618e-56	2.23832e-58	0	
0	0.000370208	0.00180006	0.00741132	0.0263115	0.0796898	0.203437	0.432982	0.763931	1.1261	1.43073	1.64409	1.75474	1.717	1.52527	1.209	0.774229	0.278326	-0.238722	-0.721756	-1.12313	-1.41033	-1.5527	-1.5592	-1.44893	-1.26414	-1.07156	-0.921581	-0.840355	-0.813817	-0.810671	-0.823724	-0.880517	-1.00376	-1.18515	-1.38123	-1.52721	-1.57174	-1.48502	-1.2546	-0.894565	-0.439527	0.0708923	0.579441	1.04804	1.41274	1.6586	1.75983	1.70098	1.52715	1.25921	0.910548	0.555208	0.2812	0.118522	0.0419685	0.0126318	0.00326942	0.000735501	0.000145194	2.53649e-05	3.95065e-06	5.52222e-07	6.96793e-08	7.9781e-09	8.32769e-10	7.95798e-11	6.98848e-12	5.65928e-13	4.2394e-14	2.94619e-15	1.9045e-16	1.14794e-17	6.46631e-19	3.41113e-20	1.68844e-21	7.85606e-23	3.4418e-24	1.42204e-25	5.54916e-27	2.048e-28	7.15792e-30	2.37209e-31	7.4621e-33	2.23076e-34	6.34384e-36	1.71784e-37	4.43345e-39	1.09147e-40	2.56537e-42	5.76102e-44	1.23704e-45	2.5416e-47	4.99994e-49	9.424e-51	1.70287e-52	2.95159e-54	4.91018e-56	7.84215e-58	0	
0	0.000497952	0.00236202	0.00946105	0.0326241	0.0958194	0.236865	0.487738	0.833172	1.19358	1.48393	1.67743	1.7576	1.68074	1.45121	1.09328	0.624043	0.105953	-0.421362	-0.891761	-1.26237	-1.48923	-1.56945	-1.48933	-1.31102	-1.07156	-0.862737	-0.745145	-0.70093	-0.711638	-0.717829	-0.700982	-0.720786	-0.804169	-0.979137	-1.21899	-1.42589	-1.55495	-1.53884	-1.37169	-1.05303	-0.620504	-0.105096	0.418584	0.917363	1.32064	1.60512	1.74923	1.72462	1.57227	1.32168	0.981477	0.6174	0.323041	0.140612	0.051366	0.0159305	0.00424369	0.00098152	0.000199017	3.56802e-05	5.69873e-06	8.16272e-07	1.05477e-07	1.23605e-08	1.31981e-09	1.28951e-10	1.15729e-11	9.57352e-13	7.32307e-14	5.19478e-15	3.42651e-16	2.10676e-17	1.21016e-18	6.50804e-20	3.2831e-21	1.55646e-22	6.94621e-24	2.92284e-25	1.16133e-26	4.3632e-28	1.55212e-29	5.23423e-31	1.6753e-32	5.09477e-34	1.47366e-35	4.05824e-37	1.065e-38	2.66574e-40	6.36945e-42	1.45394e-43	3.17309e-45	6.62546e-47	1.32448e-48	2.53658e-50	4.65687e-52	8.20046e-54	1.38586e-55	2.24839e-57	0	
0	0.000621501	0.00289286	0.0113455	0.0382588	0.109758	0.264744	0.531679	0.886563	1.24365	1.52172	1.69848	1.7543	1.64764	1.38644	0.995846	0.504658	-0.0290244	-0.557168	-1.01177	-1.35392	-1.5292	-1.54528	-1.4026	-1.16813	-0.921581	-0.745145	-0.699615	-0.714015	-0.705419	-0.700391	-0.71325	-0.70579	-0.712309	-0.836744	-1.06806	-1.31276	-1.50732	-1.55284	-1.44679	-1.16338	-0.75333	-0.241119	0.289731	0.811024	1.24607	1.55732	1.73324	1.738	1.60395	1.36721	1.03521	0.66656	0.357449	0.159436	0.0596383	0.0189229	0.00515285	0.00121738	0.000251972	4.6086e-05	7.50543e-06	1.09568e-06	1.44236e-07	1.72126e-08	1.87095e-09	1.86023e-10	1.69839e-11	1.42888e-12	1.11127e-13	8.01281e-15	5.37096e-16	3.35502e-17	1.95751e-18	1.06906e-19	5.47569e-21	2.6352e-22	1.19362e-23	5.09671e-25	2.05465e-26	7.83103e-28	2.82558e-29	9.66374e-31	3.13646e-32	9.67098e-34	2.83592e-35	7.9166e-37	2.10577e-38	5.34193e-40	1.29349e-41	2.99195e-43	6.6161e-45	1.39965e-46	2.83466e-48	5.49962e-50	1.02278e-51	1.82436e-53	3.1229e-55	5.13162e-57	0	
0	0.000722267	0.00331838	0.0128263	0.0425907	0.120222	0.285136	0.562933	0.923441	1.27723	1.54622	1.71099	1.74934	1.62041	1.33701	0.928045	0.420532	-0.124966	-0.647207	-1.09136	-1.40149	-1.54606	-1.5106	-1.33311	-1.06547	-0.840355	-0.70093	-0.714015	-0.759261	-0.715326	-0.69639	-0.749588	-0.739855	-0.688766	-0.770546	-0.967371	-1.22693	-1.45877	-1.54773	-1.48543	-1.22942	-0.840965	-0.337447	0.202974	0.732947	1.18919	1.52218	1.71924	1.7444	1.62407	1.39741	1.07187	0.70113	0.382358	0.173425	0.0659339	0.0212507	0.00587483	0.00140839	0.000295679	5.48343e-05	9.05182e-06	1.33906e-06	1.7858e-07	2.15848e-08	2.37577e-09	2.39145e-10	2.21001e-11	1.88159e-12	1.48063e-13	1.08e-14	7.32197e-16	4.62521e-17	2.72854e-18	1.50641e-19	7.79886e-21	3.79304e-22	1.73604e-23	7.4893e-25	3.04991e-26	1.17411e-27	4.27841e-29	1.47758e-30	4.84201e-32	1.50726e-33	4.46166e-35	1.25713e-36	3.3748e-38	8.63948e-40	2.1109e-41	4.92644e-43	1.09905e-44	2.34552e-46	4.79172e-48	9.37696e-50	1.75882e-51	3.16394e-53	5.46168e-55	9.04994e-57	0	
0	0.000783397	0.0035737	0.0137036	0.045122	0.126245	0.296682	0.580318	0.943575	1.29524	1.55911	1.71707	1.74532	1.60421	1.30953	0.889537	0.373234	-0.175061	-0.697728	-1.13227	-1.42462	-1.54762	-1.48706	-1.29103	-1.02404	-0.813817	-0.711638	-0.705419	-0.715326	-0.660157	-0.638104	-0.698239	-0.715943	-0.699105	-0.762212	-0.926987	-1.18567	-1.42324	-1.54167	-1.49785	-1.26584	-0.887688	-0.38942	0.153417	0.690366	1.15711	1.50147	1.7105	1.74704	1.63445	1.41347	1.09174	0.720224	0.396368	0.181424	0.0695878	0.0226205	0.00630518	0.00152366	0.00032237	6.02388e-05	1.00181e-05	1.49283e-06	2.00519e-07	2.44079e-08	2.7052e-09	2.7417e-10	2.55076e-11	2.18611e-12	1.73147e-13	1.27107e-14	8.67164e-16	5.5117e-17	3.27127e-18	1.81683e-19	9.46102e-21	4.62789e-22	2.13008e-23	9.24004e-25	3.78328e-26	1.46418e-27	5.36325e-29	1.86171e-30	6.13138e-32	1.91801e-33	5.70488e-35	1.61502e-36	4.35565e-38	1.12011e-39	2.74899e-41	6.44369e-43	1.44371e-44	3.09401e-46	6.34694e-48	1.24707e-49	2.34841e-51	4.24104e-53	7.34908e-55	1.22232e-56	0	
0	0.00079406	0.00361801	0.013855	0.0455564	0.127271	0.298637	0.583238	0.946929	1.29822	1.56124	1.71798	1.74444	1.60166	1.30543	0.882415	0.364423	-0.182583	-0.706304	-1.13889	-1.43011	-1.54764	-1.48226	-1.28278	-1.01795	-0.810671	-0.717829	-0.700391	-0.69639	-0.638104	-0.617784	-0.678417	-0.702913	-0.7026	-0.762598	-0.920753	-1.17906	-1.41537	-1.54136	-1.50009	-1.27397	-0.894467	-0.397244	0.145249	0.684623	1.15152	1.49716	1.70892	1.74758	1.63617	1.41611	1.09504	0.723423	0.398728	0.182778	0.0702095	0.0228546	0.00637904	0.00154353	0.000326989	6.11781e-05	1.01867e-05	1.51979e-06	2.04382e-07	2.49071e-08	2.76371e-09	2.80418e-10	2.61182e-11	2.24091e-12	1.77681e-13	1.30574e-14	8.91755e-16	5.67385e-17	3.37092e-18	1.87403e-19	9.76839e-21	4.7828e-22	2.20343e-23	9.56694e-25	3.92062e-26	1.51865e-27	5.56752e-29	1.93422e-30	6.37536e-32	1.99591e-33	5.94117e-35	1.68318e-36	4.54283e-38	1.16909e-39	2.87119e-41	6.73474e-43	1.50992e-44	3.23803e-46	6.64658e-48	1.30676e-49	2.4623e-51	4.44933e-53	7.71446e-55	1.28381e-56	0	
0	0.000752329	0.00344412	0.0132592	0.0438426	0.123208	0.290876	0.5716	0.933501	1.28625	1.55273	1.71419	1.74743	1.61205	1.32301	0.909484	0.397602	-0.149795	-0.67125	-1.11411	-1.41552	-1.54704	-1.49873	-1.31078	-1.04155	-0.823724	-0.700982	-0.71325	-0.749588	-0.698239	-0.678417	-0.73656	-0.735806	-0.690557	-0.761345	-0.945201	-1.2036	-1.44151	-1.54363	-1.49388	-1.24966	-0.864865	-0.362467	0.179553	0.710886	1.17264	1.51225	1.71518	1.74576	1.62929	1.4055	1.08184	0.710659	0.389313	0.177378	0.0677322	0.0219223	0.0060851	0.00146453	0.000308639	5.74511e-05	9.51842e-06	1.41313e-06	1.89123e-07	2.29383e-08	2.53338e-09	2.55868e-10	2.3724e-11	2.02645e-12	1.59975e-13	1.17059e-14	7.9609e-16	5.04427e-17	2.98475e-18	1.65277e-19	8.58157e-21	4.18573e-22	1.92118e-23	8.31108e-25	3.39382e-26	1.31001e-27	4.78626e-29	1.65726e-30	5.44468e-32	1.69912e-33	5.04197e-35	1.42408e-36	3.83209e-38	9.83313e-40	2.40807e-41	5.63273e-43	1.25942e-44	2.69364e-46	5.51477e-48	1.08148e-49	2.03274e-51	3.66418e-53	6.338e-55	1.05228e-56	0	
0	0.000665694	0.00308012	0.0119999	0.0401819	0.114428	0.273896	0.545791	0.903311	1.25899	1.53302	1.70443	1.7523	1.63548	1.36432	0.965334	0.467055	-0.0716109	-0.599029	-1.0503	-1.37545	-1.53785	-1.53181	-1.37222	-1.12154	-0.880517	-0.720786	-0.70579	-0.739855	-0.715943	-0.702913	-0.735806	-0.725163	-0.696501	-0.802613	-1.02068	-1.27525	-1.48698	-1.5523	-1.46415	-1.1947	-0.795174	-0.284731	0.251098	0.776232	1.22069	1.54155	1.72717	1.74121	1.61331	1.3811	1.05194	0.682199	0.368624	0.165663	0.062421	0.0199452	0.00546798	0.00130028	0.000270836	4.98421e-05	8.16602e-06	1.19914e-06	1.58767e-07	1.9054e-08	2.08261e-09	2.082e-10	1.91108e-11	1.61632e-12	1.2636e-13	9.15786e-15	6.1695e-16	3.87303e-17	2.27085e-18	1.24619e-19	6.4135e-21	3.10109e-22	1.4112e-23	6.05356e-25	2.45151e-26	9.38577e-28	3.40167e-29	1.16854e-30	3.8092e-32	1.17963e-33	3.474e-35	9.73916e-37	2.60152e-38	6.62723e-40	1.6114e-41	3.74274e-43	8.31037e-45	1.76526e-46	3.58967e-48	6.99264e-50	1.30569e-51	2.33833e-53	4.01869e-55	6.62988e-57	0	
0	0.000549059	0.00258279	0.0102498	0.0349992	0.101741	0.248813	0.506746	0.856486	1.21563	1.50075	1.6871	1.75673	1.66687	1.42367	1.0514	0.573009	0.0472417	-0.482592	-0.94337	-1.30357	-1.51092	-1.56342	-1.45547	-1.25137	-1.00376	-0.804169	-0.712309	-0.688766	-0.699105	-0.7026	-0.690557	-0.696501	-0.755253	-0.913055	-1.15427	-1.38128	-1.53831	-1.54972	-1.40729	-1.10048	-0.679702	-0.164991	0.362635	0.8723	1.28892	1.58461	1.74294	1.7311	1.58652	1.34188	1.00507	0.638726	0.337795	0.148597	0.0548402	0.0171757	0.00461869	0.00107799	0.000220504	3.98696e-05	6.42062e-06	9.27092e-07	1.2074e-07	1.42577e-08	1.53383e-09	1.50963e-10	1.3646e-11	1.13683e-12	8.7563e-14	6.25381e-15	4.1527e-16	2.57008e-17	1.48587e-18	8.0418e-20	4.08237e-21	1.94738e-22	8.74397e-24	3.7015e-25	1.47947e-26	5.5912e-28	2.00051e-29	6.78508e-31	2.18401e-32	6.67907e-34	1.94264e-35	5.37915e-37	1.41933e-38	3.57176e-40	8.57981e-42	1.96885e-43	4.31934e-45	9.06571e-47	1.82164e-48	3.50655e-50	6.47028e-52	1.14511e-53	1.94489e-55	3.17098e-57	0	
0	0.000420859	0.00202455	0.00823721	0.0288792	0.0863197	0.217338	0.456044	0.793482	1.15524	1.45395	1.65907	1.75696	1.70241	1.49509	1.1616	0.710449	0.204683	-0.316646	-0.796137	-1.18659	-1.44837	-1.56396	-1.53621	-1.39444	-1.18515	-0.979137	-0.836744	-0.770546	-0.762212	-0.762598	-0.761345	-0.802613	-0.913055	-1.09747	-1.31715	-1.48919	-1.57068	-1.51105	-1.30893	-0.965189	-0.516431	-0.00495705	0.511619	0.993909	1.37422	1.63687	1.75667	1.71199	1.54705	1.28641	0.940997	0.5815	0.298628	0.127597	0.0457797	0.0139535	0.00365527	0.000831856	0.000166049	2.93201e-05	4.61414e-06	6.51449e-07	8.30011e-08	9.59339e-09	1.0106e-09	9.74395e-11	8.6317e-12	7.04962e-13	5.32494e-14	3.73076e-15	2.4309e-16	1.47667e-17	8.38169e-19	4.4547e-20	2.22122e-21	1.04096e-22	4.59287e-24	1.91085e-25	7.50765e-27	2.78947e-28	9.81401e-30	3.2735e-31	1.03639e-32	3.11782e-34	8.9217e-36	2.43073e-37	6.3113e-39	1.56306e-40	3.69545e-42	8.3471e-44	1.80263e-45	3.72468e-47	7.36845e-49	1.39652e-50	2.53727e-52	4.4217e-54	7.39525e-56	1.18738e-57	0	
0	0.000298584	0.00147738	0.00620204	0.0224762	0.0695717	0.181721	0.396034	0.715327	1.07698	1.39064	1.61657	1.74694	1.73748	1.57256	1.28437	0.877226	0.397209	-0.109689	-0.597644	-1.01308	-1.32953	-1.51829	-1.57532	-1.52047	-1.38123	-1.21899	-1.06806	-0.967371	-0.926987	-0.920753	-0.945201	-1.02068	-1.15427	-1.31715	-1.47172	-1.56582	-1.55615	-1.42153	-1.15318	-0.774293	-0.31096	0.196153	0.689919	1.13466	1.47199	1.68968	1.76164	1.68072	1.49248	1.21287	0.859966	0.512603	0.253572	0.104415	0.0361476	0.0106459	0.00269844	0.000594957	0.00011519	1.97487e-05	3.02035e-06	4.14769e-07	5.14399e-08	5.79136e-09	5.94642e-10	5.59157e-11	4.8334e-12	3.85387e-13	2.84331e-14	1.94659e-15	1.2399e-16	7.36569e-18	4.09002e-19	2.12728e-20	1.03835e-21	4.76503e-23	2.05928e-24	8.39409e-26	3.23204e-27	1.17712e-28	4.06044e-30	1.32818e-31	4.12449e-33	1.21727e-34	3.41781e-36	9.1385e-38	2.32898e-39	5.66233e-41	1.31438e-42	2.91531e-44	6.18306e-46	1.25483e-47	2.43849e-49	4.5403e-51	8.10475e-53	1.38783e-54	2.28093e-56	3.59911e-58	0	
0	0.000195083	0.000998475	0.00435166	0.0164088	0.0529671	0.144601	0.329946	0.62402	0.980241	1.30886	1.55709	1.71983	1.76144	1.65045	1.41463	1.05968	0.61705	0.138336	-0.34682	-0.78386	-1.14778	-1.39781	-1.54302	-1.57463	-1.52721	-1.42589	-1.31276	-1.22693	-1.18567	-1.17906	-1.2036	-1.27525	-1.38128	-1.48919	-1.56582	-1.56582	-1.47043	-1.25992	-0.941361	-0.528357	-0.0577721	0.428519	0.890442	1.28683	1.56954	1.7341	1.7532	1.63362	1.41948	1.11972	0.763249	0.435117	0.205615	0.0809528	0.0268405	0.00758494	0.00184813	0.000392365	7.32603e-05	1.21294e-05	1.7937e-06	2.38439e-07	2.86546e-08	3.12898e-09	3.11873e-10	2.84904e-11	2.39427e-12	1.85723e-13	1.33386e-14	8.89473e-16	5.52145e-17	3.19822e-18	1.73243e-19	8.79389e-21	4.19095e-22	1.87852e-23	7.93252e-25	3.16057e-26	1.1899e-27	4.23871e-29	1.4305e-30	4.57931e-32	1.39206e-33	4.02277e-35	1.10622e-36	2.89748e-38	7.23527e-40	1.72392e-41	3.92244e-43	8.52924e-45	1.77376e-46	3.53029e-48	6.7289e-50	1.22905e-51	2.15249e-53	3.61667e-55	5.8332e-57	9.03365e-59	0	
0	0.000116696	0.000621169	0.00282723	0.0111622	0.0378298	0.108733	0.261836	0.52307	0.86545	1.20617	1.47802	1.672	1.76564	1.71554	1.53894	1.24918	0.857237	0.415542	-0.0537236	-0.494728	-0.884457	-1.1938	-1.41021	-1.53115	-1.57174	-1.55495	-1.50732	-1.45877	-1.42324	-1.41537	-1.44151	-1.48698	-1.53831	-1.57068	-1.55615	-1.47043	-1.29126	-1.0204	-0.657171	-0.236269	0.228159	0.685515	1.10046	1.43669	1.65865	1.76303	1.72448	1.56592	1.3251	1.00657	0.653577	0.353134	0.15806	0.059033	0.0186102	0.00501274	0.00116691	0.000237201	4.2488e-05	6.7604e-06	9.62291e-07	1.23305e-07	1.43025e-08	1.50919e-09	1.45517e-10	1.28724e-11	1.04847e-12	7.88931e-14	5.50062e-15	3.56348e-16	2.15045e-17	1.21169e-18	6.38854e-20	3.15813e-21	1.46652e-22	6.40808e-24	2.6391e-25	1.02596e-26	3.77024e-28	1.31145e-29	4.32339e-31	1.35238e-32	4.01842e-34	1.13542e-35	3.0537e-37	7.82488e-39	1.91203e-40	4.45905e-42	9.93272e-44	2.11495e-45	4.30773e-47	8.3987e-49	1.56845e-50	2.80733e-52	4.81873e-54	7.93655e-56	1.25493e-57	1.90558e-59	0	
0	6.35066e-05	0.000353314	0.0016885	0.007021	0.0251418	0.0766152	0.196217	0.417671	0.735165	1.08092	1.37615	1.59936	1.74239	1.75936	1.64707	1.42765	1.09955	0.708107	0.278239	-0.155007	-0.559957	-0.901564	-1.17554	-1.36386	-1.48502	-1.53884	-1.55284	-1.54773	-1.54167	-1.54136	-1.54363	-1.5523	-1.54972	-1.51105	-1.42153	-1.25992	-1.0204	-0.705078	-0.322133	0.102484	0.540244	0.947693	1.30808	1.5734	1.72772	1.76604	1.6691	1.4743	1.20743	0.874625	0.535428	0.271602	0.114174	0.0401469	0.0119524	0.00304991	0.000674572	0.000130629	2.23443e-05	3.40237e-06	4.64368e-07	5.71529e-08	6.37747e-09	6.48308e-10	6.02993e-11	5.15149e-12	4.05673e-13	2.95418e-14	1.99522e-15	1.25315e-16	7.33757e-18	4.01446e-19	2.05659e-20	9.88469e-22	4.46547e-23	1.89931e-24	7.61801e-26	2.88567e-27	1.03375e-28	3.50685e-30	1.12794e-31	3.44367e-33	9.99079e-35	2.75719e-36	7.24514e-38	1.81442e-39	4.33428e-41	9.88429e-43	2.15358e-44	4.48628e-46	8.94184e-48	1.70637e-49	3.11963e-51	5.46735e-53	9.1906e-55	1.48266e-56	2.29665e-58	3.41692e-60	0	
