0	0	0	0	0	0	0	0	0	0	0	0	0	0	0	0	0	0	0	0	0	0	0	0	0	0	0	0	0	0	0	0	0	0	0	0	0	0	0	0	0	0	0	0	0	0	0	0	0	0	0	0	0	0	0	0	0	0	0	0	0	0	0	0	0	0	0	0	0	0	0	0	0	0	0	0	0	0	0	0	0	0	0	0	0	0	0	0	0	0	0	0	0	0	0	0	0	0	0	0	
0	0.0187158	-0.000160392	-0.00683431	0.00336432	0.000685949	-0.00985761	-0.00664127	0.00607181	-0.00501561	-0.00496261	0.00356523	0.00300371	0.00474296	-0.00793198	-0.0129313	-0.0017438	0.0059569	-0.00446698	-0.0170984	-0.0249947	-0.01855	-0.00356121	0.0134379	0.00378694	-0.0225512	-0.052557	-0.0802208	-0.0991753	-0.0948804	-0.0630029	-0.0187759	0.0287403	0.0797641	0.134144	0.173871	0.191179	0.184082	0.167424	0.142222	0.102257	0.0493209	-0.0176547	-0.0732578	-0.109897	-0.122275	-0.106885	-0.0864006	-0.0598177	-0.034687	-0.0238982	-0.0122699	-0.00540809	-0.00771815	-0.00361052	0.00374132	0.000757247	0.00350306	0.0140089	9.34116e-05	-0.01146	0.00305229	0.0101633	0.00262963	-0.00135088	0.00445017	0.00576263	-0.00147086	0.00137829	0.00880738	0.00635461	0.000389154	-0.00168928	0.00591122	0.0154769	0.00804782	-0.00527973	-0.00166543	0.0117744	0.0209992	0.0220957	0.0092582	-0.00992475	-0.011642	0.00977407	0.0383632	0.0648432	0.0848971	0.0832675	0.0479887	-0.0124584	-0.0829925	-0.158186	-0.231706	-0.28269	-0.287515	-0.242245	-0.165739	-0.0814511	0	
0	-0.000160392	-0.0120884	-0.00501095	0.00831883	0.00412571	-0.0118304	-0.00132483	0.0126304	-0.00946959	-0.0136529	-0.00846905	0.00120899	-0.00114906	-0.0182819	-0.0223529	-0.000700798	0.0129575	-0.00549455	-0.0262251	-0.038529	-0.0270339	0.000194341	0.0271052	0.00665185	-0.0429836	-0.102547	-0.154802	-0.190543	-0.179992	-0.117665	-0.0321832	0.0644559	0.164381	0.272366	0.34916	0.383207	0.372764	0.33787	0.289463	0.207719	0.100892	-0.0288441	-0.143257	-0.216	-0.241508	-0.221528	-0.175367	-0.129743	-0.0784762	-0.0478895	-0.0245555	-0.0055187	-0.00193562	0.00226685	0.00624982	0.0012163	-0.00385068	0.00400892	0.005412	0.00433097	0.00974155	0.00778973	-0.000725482	-0.00224665	0.0125426	0.0146488	-0.00331449	0.000805401	0.0166064	0.0121663	0.00128726	-0.000149812	0.0128116	0.0263244	0.0136282	-0.00668339	0.000509386	0.0236256	0.0394257	0.0399611	0.0164092	-0.0161101	-0.0168525	0.0236248	0.07819	0.129173	0.165743	0.159492	0.0896346	-0.0286394	-0.168225	-0.317363	-0.461272	-0.55961	-0.568507	-0.480787	-0.331326	-0.164042	0	
0	-0.00683431	-0.00501095	0.00712404	-0.00107639	-0.00941778	-0.0019706	0.00126641	-0.00179177	-0.0100755	-0.0129607	-0.00786754	0.00192489	-0.00743296	-0.0224799	-0.0214676	-0.00406738	0.00772855	-0.0135083	-0.0404445	-0.0480887	-0.0381142	0.00060153	0.0235884	-0.00419392	-0.0737566	-0.156473	-0.229067	-0.274326	-0.253807	-0.165416	-0.0395654	0.101748	0.252755	0.4039	0.51606	0.562174	0.549825	0.4985	0.420118	0.301184	0.13652	-0.0456089	-0.213498	-0.317125	-0.350753	-0.325046	-0.25701	-0.187252	-0.120579	-0.0695227	-0.0373125	-0.018407	-0.000540003	0.000101922	0.00222301	0.0100509	0.00331702	0.00264698	0.00557596	0.0101181	0.00974158	0.00197116	0.00572687	0.0114093	0.0123486	0.00815961	0.00155044	0.0104345	0.0197741	0.0121431	0.00463003	0.0071425	0.019781	0.0300916	0.0165638	-0.00160898	0.00857489	0.0352565	0.0529861	0.0505006	0.0207443	-0.0149054	-0.0103882	0.0449662	0.1207	0.191972	0.238303	0.222222	0.1192	-0.0522341	-0.257999	-0.478231	-0.686286	-0.825191	-0.836867	-0.71193	-0.496088	-0.248372	0	
0	0.00336432	0.00831883	-0.00107639	-0.0127407	-0.00830273	-0.000418571	-0.00746444	-0.0114386	-0.00126204	-0.00564763	-0.00381236	-0.00462086	-0.0149224	-0.020008	-0.0202175	-0.0121082	-0.0110174	-0.0291978	-0.0519274	-0.056043	-0.0437182	-0.00557138	0.00460317	-0.0287259	-0.113549	-0.209925	-0.297805	-0.341777	-0.308882	-0.198642	-0.0353192	0.146876	0.347258	0.531853	0.673158	0.72948	0.715259	0.648744	0.536317	0.377979	0.160601	-0.0722888	-0.28038	-0.414767	-0.453327	-0.419743	-0.336458	-0.238618	-0.157226	-0.0895242	-0.0465724	-0.0262251	-0.00778914	-0.00271295	-0.00155004	0.00717307	0.0106232	0.0105021	0.0114994	0.00930928	0.00403942	0.00657192	0.0158689	0.0138275	0.00637658	0.0096955	0.0155472	0.0159285	0.0141778	0.013017	0.0142004	0.0177434	0.0238887	0.0271483	0.0189982	0.011211	0.0224197	0.0454187	0.0597551	0.0528794	0.0239167	-0.00307124	0.0108946	0.0760448	0.16654	0.251303	0.298149	0.266128	0.131985	-0.0868598	-0.354626	-0.640897	-0.903888	-1.0743	-1.08724	-0.931961	-0.658376	-0.334056	0	
0	0.000685949	0.00412571	-0.00941778	-0.00830273	0.00520299	0.000271355	-0.0118176	-0.0182091	-0.00629891	-0.00769604	-0.0130272	-0.0200592	-0.0209797	-0.0114931	-0.0144428	-0.0146147	-0.0261798	-0.034694	-0.0461802	-0.0504069	-0.0341197	-0.0157141	-0.0229298	-0.0657306	-0.159002	-0.262429	-0.357467	-0.389837	-0.344812	-0.213809	-0.0203835	0.203901	0.444428	0.658232	0.819594	0.887365	0.874681	0.790948	0.649169	0.445136	0.187109	-0.093396	-0.331835	-0.493634	-0.542142	-0.506052	-0.414727	-0.299559	-0.202399	-0.119945	-0.0661905	-0.029709	-0.0126992	0.00317338	0.00783216	0.00759975	0.0126667	0.0074832	0.0117047	0.0101204	0.00497987	0.0161513	0.0207431	0.0122267	0.00569616	0.0144547	0.025738	0.0182096	0.0100544	0.016493	0.0251996	0.0286834	0.0252645	0.0205999	0.0237067	0.0309113	0.0395961	0.0521957	0.0590535	0.0492361	0.0297508	0.0216285	0.0477145	0.11766	0.215322	0.304083	0.340933	0.287385	0.124485	-0.135966	-0.460157	-0.804616	-1.1108	-1.30255	-1.31528	-1.13707	-0.815259	-0.419456	0	
0	-0.00985761	-0.0118304	-0.0019706	-0.000418571	0.000271355	-0.000953699	-0.0127402	-0.0155097	-0.0061297	-0.00712969	-0.0213653	-0.0312686	-0.0232798	-0.0100791	-0.0134389	-0.0331325	-0.0461262	-0.0439438	-0.0428435	-0.0419272	-0.0305518	-0.0392118	-0.0640447	-0.118328	-0.206852	-0.313736	-0.397539	-0.414631	-0.352941	-0.205064	0.0137515	0.277051	0.545571	0.782501	0.952	1.0322	1.0162	0.915273	0.73833	0.490632	0.193255	-0.120614	-0.386824	-0.562556	-0.624294	-0.58411	-0.484271	-0.357452	-0.241167	-0.146807	-0.0808589	-0.0361552	-0.0119356	0.00425791	0.00755194	0.0103511	0.0112002	0.00473807	0.0111282	0.0154797	0.0188235	0.0184484	0.0121188	0.0150896	0.014315	0.0190103	0.0290187	0.0185142	0.0112453	0.0238558	0.0350856	0.0355019	0.0237391	0.0168578	0.0342009	0.0533545	0.0552779	0.0543008	0.0527055	0.0444775	0.042982	0.0598704	0.0986233	0.168999	0.265127	0.346199	0.362895	0.283797	0.0942697	-0.202618	-0.575945	-0.967628	-1.30354	-1.5065	-1.51764	-1.32327	-0.962442	-0.501663	0	
0	-0.00664127	-0.00132483	0.00126641	-0.00746444	-0.0118176	-0.0127402	-0.0157059	-0.00581697	0.000503174	-0.00941436	-0.0243988	-0.0288065	-0.0193736	-0.0117622	-0.0235899	-0.0563437	-0.0655654	-0.05413	-0.0426787	-0.0368521	-0.0425516	-0.0775597	-0.121653	-0.182438	-0.261036	-0.360018	-0.419415	-0.417307	-0.336755	-0.175268	0.0661162	0.359056	0.645982	0.895344	1.06778	1.15637	1.13503	1.0148	0.800199	0.513766	0.18206	-0.15253	-0.437389	-0.621969	-0.691841	-0.651587	-0.542625	-0.405821	-0.272414	-0.167899	-0.0913649	-0.0451121	-0.0189069	-0.00325591	0.00148579	0.00668802	0.0139541	0.015805	0.0169184	0.020682	0.0213955	0.0132382	0.011448	0.0201548	0.0228656	0.0268477	0.0271077	0.0156634	0.0190454	0.0354762	0.041092	0.0353025	0.0224138	0.0225825	0.0503643	0.0720003	0.065327	0.052446	0.0449311	0.0450828	0.0677878	0.110566	0.160511	0.227448	0.312231	0.373049	0.361408	0.254595	0.0397433	-0.289087	-0.702102	-1.1272	-1.47886	-1.68393	-1.6919	-1.48628	-1.09447	-0.576757	0	
0	0.00607181	0.0126304	-0.00179177	-0.0114386	-0.0182091	-0.0155097	-0.00581697	-0.00865328	-0.02025	-0.0265811	-0.022991	-0.0231365	-0.0149889	-0.0162069	-0.0341806	-0.060257	-0.0666528	-0.0479406	-0.0327894	-0.0325877	-0.0638038	-0.12452	-0.188584	-0.250547	-0.321081	-0.394433	-0.427218	-0.398853	-0.302774	-0.126496	0.133234	0.443415	0.742035	0.992351	1.16942	1.25954	1.23479	1.09284	0.845366	0.526964	0.173137	-0.173319	-0.464466	-0.658307	-0.736803	-0.702172	-0.59807	-0.45434	-0.315248	-0.201337	-0.114564	-0.0587152	-0.0267438	-0.00598042	0.00972078	0.0103346	0.0191201	0.0255071	0.0178531	0.0166906	0.0137961	0.0135275	0.0235281	0.0317672	0.0303282	0.0207722	0.0176499	0.0272481	0.0373074	0.039431	0.0373168	0.0337115	0.0294585	0.0388492	0.0660352	0.0815315	0.0691418	0.0493889	0.0415147	0.057618	0.106457	0.170931	0.229073	0.288467	0.351308	0.380402	0.335302	0.199939	-0.0400086	-0.396265	-0.837096	-1.27996	-1.63418	-1.83372	-1.83618	-1.62159	-1.20523	-0.640327	0	
0	-0.00501561	-0.00946959	-0.0100755	-0.00126204	-0.00629891	-0.0061297	0.000503174	-0.02025	-0.0391134	-0.0272077	-0.0213222	-0.0244851	-0.0242384	-0.0372343	-0.0502117	-0.0635318	-0.0629664	-0.0442465	-0.0297788	-0.0447406	-0.0984727	-0.179622	-0.25284	-0.315681	-0.366406	-0.405637	-0.403884	-0.350035	-0.236743	-0.0453376	0.224678	0.54142	0.83809	1.08621	1.25973	1.34851	1.31182	1.14693	0.868355	0.523713	0.155652	-0.194072	-0.488901	-0.68574	-0.776376	-0.749409	-0.648897	-0.505432	-0.35646	-0.232232	-0.135809	-0.0681502	-0.0255324	-0.00234618	0.0155428	0.0172194	0.0161089	0.0156456	0.0134584	0.0185992	0.0235245	0.0293065	0.028934	0.0279454	0.027937	0.017837	0.0248225	0.045873	0.0448822	0.0347576	0.034152	0.0372535	0.0454497	0.0601256	0.0754234	0.0812156	0.0687182	0.0491962	0.0493305	0.087092	0.158291	0.236817	0.29913	0.345681	0.376219	0.365276	0.284734	0.120366	-0.145056	-0.523038	-0.977682	-1.4224	-1.76793	-1.95558	-1.94885	-1.72469	-1.28878	-0.688187	0	
0	-0.00496261	-0.0136529	-0.0129607	-0.00564763	-0.00769604	-0.00712969	-0.00941436	-0.0265811	-0.0272077	-0.0149607	-0.0194103	-0.0242373	-0.041661	-0.0621711	-0.0649708	-0.0641341	-0.0609033	-0.0494206	-0.04709	-0.0790279	-0.15405	-0.240473	-0.319962	-0.374745	-0.398169	-0.395643	-0.357499	-0.279286	-0.145958	0.0578718	0.330137	0.638864	0.926397	1.16465	1.3331	1.40889	1.35879	1.16656	0.865281	0.502459	0.128746	-0.215604	-0.508363	-0.70814	-0.803435	-0.79139	-0.688956	-0.546236	-0.389407	-0.251406	-0.147867	-0.0760457	-0.0299723	-0.00821172	0.00531617	0.0124792	0.0165234	0.0207615	0.0210221	0.0253403	0.0316786	0.0326939	0.0261948	0.0242009	0.0275762	0.0289874	0.0416321	0.050765	0.0403302	0.0342029	0.0376712	0.0470688	0.0668845	0.078304	0.0757162	0.0745146	0.0679962	0.0575384	0.0749068	0.134772	0.219433	0.30345	0.364697	0.391344	0.381243	0.326475	0.210644	0.0164987	-0.274099	-0.665897	-1.11932	-1.55157	-1.8795	-2.0495	-2.02814	-1.79151	-1.34033	-0.717128	0	
0	0.00356523	-0.00846905	-0.00786754	-0.00381236	-0.0130272	-0.0213653	-0.0243988	-0.022991	-0.0213222	-0.0194103	-0.0202511	-0.0303874	-0.0572555	-0.0726247	-0.059662	-0.0506885	-0.0529895	-0.0596845	-0.0783631	-0.133513	-0.219449	-0.305694	-0.385527	-0.42419	-0.415293	-0.368596	-0.297214	-0.194208	-0.0391572	0.170814	0.437479	0.724065	0.999618	1.22224	1.38181	1.4388	1.37004	1.1585	0.841973	0.475791	0.108348	-0.225703	-0.506554	-0.709887	-0.811439	-0.812268	-0.721919	-0.581901	-0.424048	-0.28268	-0.16963	-0.0905318	-0.0403266	-0.0124178	0.00546993	0.0130629	0.0161104	0.0286453	0.0327977	0.0304873	0.0306914	0.0280929	0.0246442	0.0279688	0.0389012	0.0447422	0.0451058	0.0451057	0.041692	0.0392419	0.0447649	0.0650428	0.0881118	0.0853008	0.0686122	0.0678121	0.0728438	0.0811854	0.121511	0.196894	0.284178	0.365984	0.418745	0.417365	0.36243	0.264462	0.114051	-0.110705	-0.423774	-0.819079	-1.25704	-1.66545	-1.96889	-2.11515	-2.07221	-1.81917	-1.35713	-0.725566	0	
0	0.00300371	0.00120899	0.00192489	-0.00462086	-0.0200592	-0.0312686	-0.0288065	-0.0231365	-0.0244851	-0.0242373	-0.0303874	-0.0477203	-0.0698436	-0.0680286	-0.048303	-0.0415605	-0.0554361	-0.0837123	-0.128974	-0.200573	-0.283512	-0.365312	-0.432109	-0.448392	-0.401001	-0.315579	-0.212759	-0.083384	0.0894163	0.300891	0.546986	0.808878	1.06215	1.27074	1.40895	1.44456	1.3529	1.12802	0.808067	0.446309	0.0937195	-0.226522	-0.497228	-0.699763	-0.812344	-0.826656	-0.748179	-0.61676	-0.458644	-0.312883	-0.196109	-0.109084	-0.0504263	-0.0165921	0.00809455	0.0245004	0.0266837	0.0301157	0.0304433	0.0288159	0.0283995	0.0297698	0.0340522	0.0377405	0.047877	0.051436	0.0426465	0.0423087	0.0460211	0.0481517	0.0629969	0.0866002	0.0955706	0.0800524	0.062993	0.0683757	0.0899398	0.125239	0.186537	0.265968	0.346858	0.419046	0.453199	0.417055	0.318451	0.180534	-0.00429045	-0.259089	-0.588223	-0.975407	-1.38638	-1.76299	-2.03597	-2.15145	-2.07944	-1.80672	-1.33926	-0.713908	0	
0	0.00474296	-0.00114906	-0.00743296	-0.0149224	-0.0209797	-0.0232798	-0.0193736	-0.0149889	-0.0242384	-0.041661	-0.0572555	-0.0698436	-0.0733892	-0.0600894	-0.0479224	-0.0478347	-0.0725453	-0.126519	-0.194608	-0.2666	-0.341147	-0.40681	-0.452948	-0.43542	-0.354381	-0.234299	-0.102548	0.0534011	0.237652	0.440205	0.658777	0.88988	1.12001	1.30519	1.41862	1.42435	1.31431	1.0827	0.769082	0.422557	0.0852836	-0.218497	-0.481461	-0.687907	-0.810203	-0.843137	-0.778856	-0.652284	-0.496681	-0.341777	-0.212684	-0.119415	-0.0518572	-0.0124516	0.00739578	0.0235322	0.0278819	0.0312864	0.0311994	0.0275812	0.0306301	0.0377459	0.0443126	0.0476207	0.0532943	0.0506105	0.0392794	0.0428836	0.0558282	0.0695476	0.0869999	0.093993	0.0863808	0.0744648	0.0672434	0.0817078	0.126092	0.189651	0.261408	0.333968	0.402361	0.455643	0.460156	0.387006	0.250264	0.0757525	-0.14338	-0.424207	-0.759414	-1.12767	-1.50411	-1.8435	-2.07973	-2.15667	-2.04917	-1.75585	-1.28985	-0.684545	0	
0	-0.00793198	-0.0182819	-0.0224799	-0.020008	-0.0114931	-0.0100791	-0.0117622	-0.0162069	-0.0372343	-0.0621711	-0.0726247	-0.0680286	-0.0600894	-0.0556145	-0.059999	-0.0703981	-0.115573	-0.197026	-0.272381	-0.338304	-0.395112	-0.438838	-0.449599	-0.397222	-0.28631	-0.137676	0.0243268	0.200926	0.388497	0.570726	0.758774	0.95607	1.15799	1.31302	1.39274	1.3699	1.24362	1.01708	0.719408	0.394298	0.0793921	-0.210457	-0.46143	-0.670566	-0.802026	-0.84825	-0.798947	-0.679716	-0.524513	-0.366904	-0.230956	-0.127588	-0.057174	-0.012272	0.00994941	0.0228674	0.0231712	0.0243272	0.0315252	0.0350972	0.0412591	0.0511525	0.0560687	0.0498592	0.045676	0.0454474	0.043867	0.0562717	0.0786672	0.093163	0.0942674	0.0837891	0.0773704	0.0793919	0.0839176	0.114293	0.184955	0.266455	0.335294	0.394812	0.444503	0.467181	0.434472	0.327809	0.159586	-0.0494016	-0.300572	-0.598762	-0.92844	-1.26998	-1.60807	-1.90573	-2.09794	-2.12899	-1.98256	-1.67116	-1.21477	-0.641464	0	
0	-0.0129313	-0.0223529	-0.0214676	-0.0202175	-0.0144428	-0.0134389	-0.0235899	-0.0341806	-0.0502117	-0.0649708	-0.059662	-0.048303	-0.0479224	-0.059999	-0.0812735	-0.113524	-0.185567	-0.277062	-0.349604	-0.401918	-0.437757	-0.4479	-0.417264	-0.333776	-0.199988	-0.0244821	0.162558	0.352774	0.528948	0.687672	0.8411	1.00594	1.17104	1.29014	1.33268	1.28432	1.15234	0.939161	0.668401	0.369181	0.0777452	-0.195388	-0.438246	-0.645149	-0.786179	-0.843421	-0.807397	-0.69531	-0.544259	-0.38358	-0.246174	-0.1416	-0.0686434	-0.0252395	-0.0018198	0.0172256	0.0257994	0.032914	0.0432712	0.0497209	0.0543745	0.0537374	0.0502949	0.0437171	0.0427809	0.0533385	0.0637707	0.079551	0.0975556	0.098527	0.085478	0.075237	0.0799708	0.0955438	0.118692	0.17262	0.260173	0.342405	0.400388	0.44317	0.464279	0.446211	0.376024	0.24253	0.0473207	-0.193865	-0.47007	-0.773348	-1.0874	-1.39845	-1.69638	-1.94706	-2.08753	-2.06769	-1.88332	-1.56	-1.12183	-0.589573	0	
0	-0.0017438	-0.000700798	-0.00406738	-0.0121082	-0.0146147	-0.0331325	-0.0563437	-0.060257	-0.0635318	-0.0641341	-0.0506885	-0.0415605	-0.0478347	-0.0703981	-0.113524	-0.172624	-0.253431	-0.339312	-0.401029	-0.438444	-0.445084	-0.414594	-0.346045	-0.240337	-0.0868438	0.109572	0.314442	0.5022	0.659251	0.790168	0.911315	1.03962	1.16239	1.24119	1.24919	1.18578	1.05833	0.871731	0.632489	0.36552	0.0959039	-0.161392	-0.397809	-0.606767	-0.758422	-0.832356	-0.814354	-0.716508	-0.572835	-0.415897	-0.273233	-0.163151	-0.0844942	-0.029232	-0.000728547	0.0231402	0.0388327	0.0463986	0.0553397	0.054788	0.0500889	0.0467944	0.0455987	0.0454719	0.0549829	0.076527	0.0889943	0.0938305	0.0975953	0.0903207	0.07956	0.0787754	0.0943839	0.129131	0.180079	0.251148	0.336306	0.407778	0.452221	0.470489	0.451819	0.390585	0.289041	0.133802	-0.0861957	-0.353697	-0.642703	-0.938553	-1.23089	-1.51061	-1.76615	-1.96342	-2.04577	-1.97436	-1.75797	-1.43163	-1.01963	-0.533895	0	
0	0.0059569	0.0129575	0.00772855	-0.0110174	-0.0261798	-0.0461262	-0.0655654	-0.0666528	-0.0629664	-0.0609033	-0.0529895	-0.0554361	-0.0725453	-0.115573	-0.185567	-0.253431	-0.324325	-0.391997	-0.437731	-0.448804	-0.413418	-0.340612	-0.241437	-0.114632	0.0563762	0.269346	0.477029	0.65117	0.783833	0.887301	0.975689	1.06098	1.13637	1.17205	1.15309	1.08226	0.970079	0.812107	0.607576	0.367085	0.117715	-0.131212	-0.363342	-0.577067	-0.74022	-0.828583	-0.828318	-0.7411	-0.603738	-0.44477	-0.297086	-0.175766	-0.0882177	-0.0250254	0.0125298	0.0357017	0.0485696	0.0498494	0.0508455	0.0479302	0.043231	0.044148	0.0554472	0.0680133	0.0788653	0.0942843	0.0988312	0.0930791	0.0901455	0.0854598	0.0833139	0.0945706	0.12895	0.190819	0.26248	0.331627	0.401507	0.459003	0.483344	0.465163	0.402336	0.304558	0.178172	0.00247725	-0.238553	-0.520553	-0.807847	-1.08738	-1.35606	-1.60384	-1.81281	-1.95031	-1.97189	-1.85368	-1.61536	-1.29601	-0.916265	-0.478858	0	
0	-0.00446698	-0.00549455	-0.0135083	-0.0291978	-0.034694	-0.0439438	-0.05413	-0.0479406	-0.0442465	-0.0494206	-0.0596845	-0.0837123	-0.126519	-0.197026	-0.277062	-0.339312	-0.391997	-0.439273	-0.459834	-0.43103	-0.351021	-0.245273	-0.118414	0.0272539	0.215333	0.430385	0.627513	0.780242	0.887381	0.964688	1.01431	1.05321	1.07588	1.07595	1.03691	0.972275	0.879752	0.755048	0.581634	0.36705	0.131824	-0.107747	-0.34047	-0.554244	-0.728345	-0.826351	-0.837413	-0.758324	-0.620768	-0.458635	-0.303385	-0.176445	-0.08352	-0.0201406	0.0135783	0.0347787	0.0441875	0.0415507	0.0437061	0.0465226	0.0523259	0.0630218	0.0763587	0.0870625	0.0929397	0.101094	0.0990313	0.0869767	0.0836491	0.0882346	0.101904	0.134831	0.193712	0.272998	0.345529	0.400602	0.452658	0.489711	0.481033	0.42006	0.319594	0.194291	0.0451821	-0.149908	-0.402312	-0.682949	-0.95671	-1.21629	-1.46095	-1.67391	-1.83064	-1.90468	-1.86851	-1.71348	-1.4656	-1.16248	-0.818392	-0.427791	0	
0	-0.0170984	-0.0262251	-0.0404445	-0.0519274	-0.0461802	-0.0428435	-0.0426787	-0.0327894	-0.0297788	-0.04709	-0.0783631	-0.128974	-0.194608	-0.272381	-0.349604	-0.401029	-0.437731	-0.459834	-0.444953	-0.375476	-0.265468	-0.133899	0.0135294	0.178434	0.369332	0.571347	0.746513	0.874725	0.957952	1.00387	1.01171	0.998588	0.976211	0.947642	0.905833	0.854703	0.79168	0.699574	0.558971	0.368979	0.14966	-0.0806534	-0.307883	-0.522874	-0.69957	-0.808462	-0.829865	-0.759851	-0.62929	-0.468761	-0.312838	-0.183487	-0.0915734	-0.0263856	0.00715195	0.0235606	0.0378337	0.0427772	0.0511864	0.0613659	0.070294	0.0812765	0.0941049	0.10123	0.0980442	0.0969248	0.0918857	0.0816822	0.0870607	0.110369	0.149008	0.205771	0.277355	0.354375	0.415888	0.455034	0.483455	0.486246	0.436436	0.338605	0.211125	0.0623637	-0.109192	-0.316733	-0.565198	-0.83021	-1.08462	-1.32382	-1.54231	-1.7148	-1.8147	-1.82691	-1.74214	-1.56375	-1.31861	-1.03855	-0.730572	-0.382733	0	
0	-0.0249947	-0.038529	-0.0480887	-0.056043	-0.0504069	-0.0419272	-0.0368521	-0.0325877	-0.0447406	-0.0790279	-0.133513	-0.200573	-0.2666	-0.338304	-0.401918	-0.438444	-0.448804	-0.43103	-0.375476	-0.277123	-0.143115	0.0070145	0.176736	0.347879	0.527017	0.702345	0.851032	0.95521	1.01106	1.02037	0.981331	0.920675	0.862049	0.821285	0.786404	0.759974	0.725399	0.666596	0.553638	0.384784	0.178836	-0.0450636	-0.27022	-0.484365	-0.669968	-0.785537	-0.820812	-0.762402	-0.638485	-0.484089	-0.330939	-0.200689	-0.106673	-0.0407495	0.00103747	0.0259243	0.0439784	0.053194	0.0663395	0.0808715	0.091332	0.0982097	0.102706	0.102224	0.0922402	0.0870582	0.0867896	0.0899723	0.11625	0.165289	0.225318	0.291304	0.358387	0.423401	0.470909	0.487477	0.478806	0.438738	0.353117	0.229694	0.0804173	-0.0912672	-0.279393	-0.48508	-0.714495	-0.956167	-1.19025	-1.40772	-1.59444	-1.72042	-1.76334	-1.72199	-1.60251	-1.41503	-1.18266	-0.92923	-0.65519	-0.344523	0	
0	-0.01855	-0.0270339	-0.0381142	-0.0437182	-0.0341197	-0.0305518	-0.0425516	-0.0638038	-0.0984727	-0.15405	-0.219449	-0.283512	-0.341147	-0.395112	-0.437757	-0.445084	-0.413418	-0.351021	-0.265468	-0.143115	0.00754732	0.17942	0.358481	0.521695	0.674599	0.818374	0.940765	1.01878	1.0409	1.00822	0.922608	0.824541	0.744176	0.704355	0.687505	0.686671	0.682315	0.649823	0.561375	0.409641	0.212135	-0.0057558	-0.232457	-0.449755	-0.641738	-0.772106	-0.818674	-0.773588	-0.658902	-0.505992	-0.350687	-0.216775	-0.11601	-0.0425205	0.00239543	0.0313937	0.0596274	0.0756173	0.0884421	0.0993054	0.10334	0.10224	0.0982292	0.0921219	0.0816496	0.0840568	0.103268	0.131408	0.179737	0.244582	0.31077	0.372691	0.428252	0.476749	0.500772	0.48135	0.428672	0.351489	0.241167	0.0975959	-0.0730149	-0.262024	-0.452243	-0.640351	-0.842233	-1.05927	-1.27227	-1.46288	-1.61063	-1.68756	-1.68008	-1.59911	-1.46075	-1.27664	-1.06343	-0.836934	-0.592752	-0.313068	0	
0	-0.00356121	0.000194341	0.00060153	-0.00557138	-0.0157141	-0.0392118	-0.0775597	-0.12452	-0.179622	-0.240473	-0.305694	-0.365312	-0.40681	-0.438838	-0.4479	-0.414594	-0.340612	-0.245273	-0.133899	0.0070145	0.17942	0.362148	0.537123	0.678656	0.801004	0.91538	1.01089	1.05674	1.03969	0.961748	0.839942	0.716005	0.631191	0.601307	0.606833	0.631534	0.650045	0.64023	0.568017	0.428907	0.238329	0.0209248	-0.204846	-0.425897	-0.624844	-0.761881	-0.821241	-0.784946	-0.675107	-0.526122	-0.368574	-0.226751	-0.119066	-0.0367486	0.0216325	0.055613	0.0811691	0.0936314	0.1014	0.105239	0.099798	0.0907303	0.0842366	0.0841279	0.0888926	0.112729	0.155653	0.202757	0.261381	0.32932	0.391844	0.443433	0.480762	0.501024	0.488165	0.427927	0.338658	0.235325	0.105119	-0.0584051	-0.24497	-0.436406	-0.611721	-0.77293	-0.94632	-1.13884	-1.32617	-1.48214	-1.58637	-1.61846	-1.57363	-1.46994	-1.32729	-1.15528	-0.963717	-0.761829	-0.542436	-0.287707	0	
0	0.0134379	0.0271052	0.0235884	0.00460317	-0.0229298	-0.0640447	-0.121653	-0.188584	-0.25284	-0.319962	-0.385527	-0.432109	-0.452948	-0.449599	-0.417264	-0.346045	-0.241437	-0.118414	0.0135294	0.176736	0.358481	0.537123	0.69196	0.805547	0.899413	0.98415	1.04735	1.05447	0.993483	0.87945	0.73178	0.602264	0.52256	0.512243	0.539708	0.586518	0.624932	0.629643	0.572006	0.441077	0.254483	0.0397996	-0.189675	-0.411609	-0.615716	-0.7612	-0.824983	-0.794851	-0.686175	-0.530688	-0.366458	-0.217791	-0.100948	-0.016546	0.0390601	0.0711686	0.0943172	0.0999494	0.0958867	0.0911403	0.084505	0.0800296	0.0853278	0.105555	0.13241	0.173845	0.231116	0.287225	0.346902	0.410104	0.461658	0.492891	0.498618	0.479213	0.427415	0.334872	0.219601	0.0941896	-0.0559066	-0.23377	-0.421106	-0.597151	-0.747071	-0.880297	-1.02645	-1.19086	-1.3445	-1.4599	-1.5228	-1.52151	-1.45618	-1.34598	-1.21	-1.05451	-0.88375	-0.702531	-0.502695	-0.267528	0	
0	0.00378694	0.00665185	-0.00419392	-0.0287259	-0.0657306	-0.118328	-0.182438	-0.250547	-0.315681	-0.374745	-0.42419	-0.448392	-0.43542	-0.397222	-0.333776	-0.240337	-0.114632	0.0272539	0.178434	0.347879	0.521695	0.678656	0.805547	0.892941	0.957967	1.00931	1.03266	0.996131	0.898422	0.758378	0.605445	0.480638	0.419137	0.427527	0.477132	0.54168	0.59419	0.612844	0.564348	0.443628	0.262397	0.0508744	-0.173916	-0.395335	-0.597737	-0.743442	-0.811097	-0.782492	-0.674084	-0.520656	-0.353798	-0.202509	-0.0874492	-0.00345551	0.0496585	0.0716961	0.0832222	0.0825715	0.0794179	0.0805882	0.0843907	0.0973099	0.12177	0.158732	0.200846	0.253958	0.317874	0.374731	0.427925	0.476688	0.50389	0.501026	0.467253	0.410041	0.328325	0.212203	0.0740438	-0.0728577	-0.23626	-0.412759	-0.582938	-0.732756	-0.855702	-0.962538	-1.07891	-1.20755	-1.3207	-1.39624	-1.42793	-1.40947	-1.3404	-1.2363	-1.11328	-0.97489	-0.821927	-0.656848	-0.471773	-0.251622	0	
0	-0.0225512	-0.0429836	-0.0737566	-0.113549	-0.159002	-0.206852	-0.261036	-0.321081	-0.366406	-0.398169	-0.415293	-0.401001	-0.354381	-0.28631	-0.199988	-0.0868438	0.0563762	0.215333	0.369332	0.527017	0.674599	0.801004	0.899413	0.957967	0.989057	0.997524	0.97526	0.899418	0.775267	0.628568	0.482448	0.376827	0.334663	0.365177	0.4325	0.512421	0.578127	0.606312	0.570173	0.456734	0.283241	0.0770508	-0.145437	-0.362634	-0.565245	-0.713281	-0.783091	-0.760062	-0.656615	-0.50481	-0.344114	-0.198951	-0.0888486	-0.0150926	0.0316464	0.0530008	0.0682964	0.0751608	0.0800617	0.0950593	0.11648	0.144244	0.183306	0.235594	0.287643	0.343275	0.405767	0.454695	0.488485	0.507562	0.498764	0.458391	0.390316	0.304356	0.198968	0.0607668	-0.0985098	-0.258202	-0.418325	-0.575865	-0.71865	-0.840799	-0.938108	-1.01611	-1.09551	-1.18149	-1.25401	-1.2989	-1.31508	-1.29619	-1.23663	-1.14623	-1.03815	-0.91481	-0.775678	-0.622405	-0.448049	-0.239217	0	
0	-0.052557	-0.102547	-0.156473	-0.209925	-0.262429	-0.313736	-0.360018	-0.394433	-0.405637	-0.395643	-0.368596	-0.315579	-0.234299	-0.137676	-0.0244821	0.109572	0.269346	0.430385	0.571347	0.702345	0.818374	0.91538	0.98415	1.00931	0.997524	0.958654	0.894358	0.790662	0.65802	0.51849	0.392391	0.308239	0.28849	0.336012	0.418841	0.510371	0.584916	0.623215	0.593468	0.489245	0.319522	0.116954	-0.103651	-0.32236	-0.527343	-0.68156	-0.761109	-0.748366	-0.654641	-0.514196	-0.358567	-0.2174	-0.109273	-0.031654	0.0193437	0.0464241	0.0696053	0.0882326	0.109296	0.139149	0.174812	0.218528	0.268616	0.325691	0.38006	0.431832	0.479929	0.503828	0.504468	0.487356	0.443885	0.372836	0.2779	0.167031	0.0386617	-0.118326	-0.287451	-0.442097	-0.582047	-0.711622	-0.82623	-0.921974	-0.99071	-1.03243	-1.06811	-1.1113	-1.15204	-1.18175	-1.19921	-1.19328	-1.15119	-1.07725	-0.983035	-0.871454	-0.742206	-0.59707	-0.43022	-0.229736	0	
0	-0.0802208	-0.154802	-0.229067	-0.297805	-0.357467	-0.397539	-0.419415	-0.427218	-0.403884	-0.357499	-0.297214	-0.212759	-0.102548	0.0243268	0.162558	0.314442	0.477029	0.627513	0.746513	0.851032	0.940765	1.01089	1.04735	1.03266	0.97526	0.894358	0.801466	0.687852	0.562546	0.442206	0.33966	0.278055	0.275604	0.33634	0.428528	0.526072	0.606214	0.646753	0.622166	0.518245	0.350268	0.145372	-0.0783193	-0.301146	-0.512208	-0.674288	-0.761394	-0.756638	-0.669811	-0.530949	-0.37784	-0.234703	-0.121812	-0.0393298	0.0224376	0.0613811	0.0986832	0.133052	0.1669	0.211082	0.25946	0.309754	0.364212	0.421355	0.464172	0.492663	0.511471	0.502931	0.469505	0.420283	0.348389	0.251393	0.131341	-0.00301919	-0.14836	-0.310511	-0.470966	-0.604707	-0.717089	-0.81872	-0.906284	-0.972212	-1.00442	-1.00291	-0.995076	-1.00474	-1.02936	-1.0608	-1.09305	-1.10796	-1.08608	-1.02787	-0.944899	-0.841685	-0.71899	-0.579147	-0.417339	-0.222783	0	
0	-0.0991753	-0.190543	-0.274326	-0.341777	-0.389837	-0.414631	-0.417307	-0.398853	-0.350035	-0.279286	-0.194208	-0.083384	0.0534011	0.200926	0.352774	0.5022	0.65117	0.780242	0.874725	0.95521	1.01878	1.05674	1.05447	0.996131	0.899418	0.790662	0.687852	0.581686	0.4754	0.379683	0.300487	0.257976	0.268428	0.337784	0.434603	0.535706	0.616227	0.659062	0.63342	0.53103	0.360346	0.154064	-0.0733796	-0.299462	-0.515019	-0.681261	-0.773023	-0.772111	-0.685486	-0.546764	-0.38783	-0.237673	-0.114595	-0.019896	0.0531709	0.107133	0.15819	0.205343	0.252822	0.30591	0.359329	0.410175	0.453567	0.489356	0.506673	0.506103	0.49298	0.452754	0.389797	0.313352	0.215375	0.0931551	-0.0488134	-0.197017	-0.343213	-0.492428	-0.630409	-0.737605	-0.823011	-0.897327	-0.953754	-0.981676	-0.970455	-0.926167	-0.884697	-0.877164	-0.902941	-0.949746	-1.0046	-1.0427	-1.0399	-0.994895	-0.920294	-0.822652	-0.70403	-0.567417	-0.408774	-0.21811	0	
0	-0.0948804	-0.179992	-0.253807	-0.308882	-0.344812	-0.352941	-0.336755	-0.302774	-0.236743	-0.145958	-0.0391572	0.0894163	0.237652	0.388497	0.528948	0.659251	0.783833	0.887381	0.957952	1.01106	1.0409	1.03969	0.993483	0.898422	0.775267	0.65802	0.562546	0.4754	0.39423	0.322044	0.263754	0.234802	0.255179	0.328485	0.428824	0.529445	0.611239	0.652269	0.627635	0.523473	0.353102	0.14492	-0.0823997	-0.309948	-0.524556	-0.691169	-0.781605	-0.777489	-0.687872	-0.541537	-0.374759	-0.213634	-0.0787159	0.0301636	0.119608	0.185171	0.248073	0.305771	0.356608	0.407663	0.450538	0.481899	0.50277	0.513205	0.500621	0.468785	0.426646	0.359397	0.269548	0.166205	0.0434771	-0.0974196	-0.247884	-0.392049	-0.522276	-0.647802	-0.75979	-0.841077	-0.899039	-0.940947	-0.957928	-0.941637	-0.888162	-0.811515	-0.753375	-0.746549	-0.787347	-0.857189	-0.936596	-0.996135	-1.00928	-0.974577	-0.90606	-0.812086	-0.695888	-0.561068	-0.404133	-0.215572	0	
0	-0.0630029	-0.117665	-0.165416	-0.198642	-0.213809	-0.205064	-0.175268	-0.126496	-0.0453376	0.0578718	0.170814	0.300891	0.440205	0.570726	0.687672	0.790168	0.887301	0.964688	1.00387	1.02037	1.00822	0.961748	0.87945	0.758378	0.628568	0.51849	0.442206	0.379683	0.322044	0.271424	0.227479	0.21038	0.235731	0.314149	0.414614	0.517489	0.597962	0.640222	0.614587	0.511336	0.340624	0.134049	-0.0930722	-0.316836	-0.529568	-0.690481	-0.774399	-0.763277	-0.66214	-0.50492	-0.325048	-0.150657	-0.00147595	0.117807	0.214915	0.290081	0.355117	0.406712	0.446764	0.480734	0.503226	0.511325	0.504033	0.485041	0.445043	0.386662	0.317255	0.222074	0.10558	-0.0196356	-0.155818	-0.299159	-0.440551	-0.566283	-0.672778	-0.773101	-0.859542	-0.912754	-0.936863	-0.93807	-0.910546	-0.85271	-0.768351	-0.676644	-0.620038	-0.6281	-0.691566	-0.786025	-0.887624	-0.964678	-0.990217	-0.963477	-0.899682	-0.808359	-0.693611	-0.559595	-0.403182	-0.215084	0	
0	-0.0187759	-0.0321832	-0.0395654	-0.0353192	-0.0203835	0.0137515	0.0661162	0.133234	0.224678	0.330137	0.437479	0.546986	0.658777	0.758774	0.8411	0.911315	0.975689	1.01431	1.01171	0.981331	0.922608	0.839942	0.73178	0.605445	0.482448	0.392391	0.33966	0.300487	0.263754	0.227479	0.195856	0.184378	0.216388	0.295724	0.399846	0.501941	0.584813	0.627032	0.603392	0.502091	0.335136	0.132723	-0.0867672	-0.304739	-0.50653	-0.657947	-0.73085	-0.706181	-0.594655	-0.425811	-0.235137	-0.0520451	0.102033	0.2267	0.324178	0.388678	0.440845	0.478067	0.499273	0.511095	0.507695	0.488889	0.456322	0.411283	0.343268	0.256447	0.159581	0.0407261	-0.0920785	-0.224299	-0.357191	-0.487343	-0.60852	-0.71084	-0.793151	-0.868026	-0.924967	-0.942296	-0.924497	-0.881543	-0.814147	-0.727618	-0.63015	-0.541374	-0.500346	-0.530967	-0.618462	-0.734656	-0.853841	-0.944037	-0.979	-0.958858	-0.899358	-0.810393	-0.696605	-0.562699	-0.405783	-0.216596	0	
0	0.0287403	0.0644559	0.101748	0.146876	0.203901	0.277051	0.359056	0.443415	0.54142	0.638864	0.724065	0.808878	0.88988	0.95607	1.00594	1.03962	1.06098	1.05321	0.998588	0.920675	0.824541	0.716005	0.602264	0.480638	0.376827	0.308239	0.278055	0.257976	0.234802	0.21038	0.184378	0.180858	0.215397	0.301255	0.406319	0.513373	0.597777	0.643686	0.623162	0.525485	0.363905	0.168549	-0.0447445	-0.251843	-0.445999	-0.58563	-0.646581	-0.612748	-0.49058	-0.315118	-0.122765	0.0587586	0.208468	0.32027	0.402476	0.455536	0.491379	0.50642	0.503685	0.491102	0.463966	0.419177	0.35805	0.284734	0.189363	0.0783422	-0.0364141	-0.165199	-0.298651	-0.422071	-0.538577	-0.648008	-0.746705	-0.825195	-0.881191	-0.924873	-0.943788	-0.917882	-0.856729	-0.776545	-0.683771	-0.586983	-0.494073	-0.421528	-0.403344	-0.457797	-0.566177	-0.698963	-0.830672	-0.930251	-0.972684	-0.958767	-0.903906	-0.817521	-0.704516	-0.570197	-0.411846	-0.220066	0	
0	0.0797641	0.164381	0.252755	0.347258	0.444428	0.545571	0.645982	0.742035	0.83809	0.926397	0.999618	1.06215	1.12001	1.15799	1.17104	1.16239	1.13637	1.07588	0.976211	0.862049	0.744176	0.631191	0.52256	0.419137	0.334663	0.28849	0.275604	0.268428	0.255179	0.235731	0.216388	0.215397	0.257261	0.345183	0.456177	0.564841	0.653378	0.702012	0.683799	0.590358	0.43326	0.243429	0.0385487	-0.163957	-0.3493	-0.48289	-0.539758	-0.500957	-0.380438	-0.210104	-0.0239792	0.147092	0.282101	0.382766	0.449946	0.479313	0.49146	0.484192	0.45903	0.421018	0.364804	0.292187	0.205344	0.107422	-0.00693346	-0.128063	-0.245797	-0.369782	-0.489772	-0.59486	-0.691382	-0.779286	-0.853762	-0.903744	-0.92594	-0.930122	-0.905367	-0.837187	-0.742043	-0.640732	-0.54149	-0.451727	-0.375723	-0.325713	-0.331251	-0.406369	-0.530291	-0.674121	-0.813937	-0.920185	-0.96917	-0.961921	-0.912592	-0.829343	-0.717131	-0.581971	-0.421292	-0.225452	0	
0	0.134144	0.272366	0.4039	0.531853	0.658232	0.782501	0.895344	0.992351	1.08621	1.16465	1.22224	1.27074	1.30519	1.31302	1.29014	1.24119	1.17205	1.07595	0.947642	0.821285	0.704355	0.601307	0.512243	0.427527	0.365177	0.336012	0.33634	0.337784	0.328485	0.314149	0.295724	0.301255	0.345183	0.439927	0.551693	0.66382	0.752858	0.800978	0.782593	0.68657	0.529431	0.339965	0.133269	-0.0672803	-0.25473	-0.387908	-0.443663	-0.407856	-0.290696	-0.126372	0.0469923	0.202823	0.321665	0.398626	0.441219	0.451355	0.442302	0.408948	0.354785	0.288965	0.208575	0.11264	0.00727908	-0.10024	-0.218147	-0.336414	-0.443676	-0.552059	-0.653982	-0.739538	-0.814104	-0.876321	-0.919961	-0.932968	-0.913858	-0.87559	-0.811247	-0.712533	-0.600815	-0.497414	-0.408262	-0.33682	-0.282892	-0.255464	-0.281386	-0.371963	-0.505766	-0.655792	-0.80037	-0.911619	-0.967083	-0.967533	-0.924981	-0.845614	-0.734306	-0.59792	-0.434039	-0.232697	0	
0	0.173871	0.34916	0.51606	0.673158	0.819594	0.952	1.06778	1.16942	1.25973	1.3331	1.38181	1.40895	1.41862	1.39274	1.33268	1.24919	1.15309	1.03691	0.905833	0.786404	0.687505	0.606833	0.539708	0.477132	0.4325	0.418841	0.428528	0.434603	0.428824	0.414614	0.399846	0.406319	0.456177	0.551693	0.66549	0.776057	0.86227	0.907266	0.881644	0.781175	0.619039	0.425095	0.217152	0.0112368	-0.177922	-0.313226	-0.374062	-0.342078	-0.234119	-0.0849391	0.0729967	0.209913	0.305114	0.362807	0.383461	0.365026	0.326714	0.266092	0.19035	0.10529	0.0074545	-0.0972548	-0.204331	-0.311095	-0.421536	-0.524574	-0.615973	-0.708196	-0.789482	-0.850639	-0.897315	-0.926194	-0.930498	-0.900673	-0.840641	-0.767726	-0.67792	-0.566805	-0.45715	-0.367091	-0.297993	-0.248904	-0.216174	-0.207497	-0.248721	-0.349389	-0.48817	-0.640649	-0.787695	-0.903107	-0.965573	-0.97513	-0.9408	-0.866161	-0.75592	-0.61794	-0.449979	-0.241725	0	
0	0.191179	0.383207	0.562174	0.72948	0.887365	1.0322	1.15637	1.25954	1.34851	1.40889	1.4388	1.44456	1.42435	1.3699	1.28432	1.18578	1.08226	0.972275	0.854703	0.759974	0.686671	0.631534	0.586518	0.54168	0.512421	0.510371	0.526072	0.535706	0.529445	0.517489	0.501941	0.513373	0.564841	0.66382	0.776057	0.883687	0.965834	1.0018	0.968559	0.857038	0.686619	0.485727	0.268534	0.0566049	-0.140217	-0.282196	-0.347775	-0.323821	-0.22758	-0.0914138	0.0462851	0.159001	0.230408	0.259099	0.250411	0.209505	0.152915	0.0765724	-0.0132609	-0.10736	-0.206239	-0.309428	-0.410447	-0.503879	-0.599664	-0.688105	-0.761734	-0.83133	-0.885594	-0.915719	-0.925993	-0.914022	-0.876456	-0.808112	-0.71838	-0.62712	-0.530246	-0.424244	-0.330508	-0.262152	-0.215883	-0.187468	-0.171564	-0.176426	-0.227962	-0.3342	-0.474174	-0.626419	-0.774457	-0.893764	-0.964131	-0.984422	-0.959856	-0.890831	-0.781844	-0.6419	-0.468974	-0.252435	0	
0	0.184082	0.372764	0.549825	0.715259	0.874681	1.0162	1.13503	1.23479	1.31182	1.35879	1.37004	1.3529	1.31431	1.24362	1.15234	1.05833	0.970079	0.879752	0.79168	0.725399	0.682315	0.650045	0.624932	0.59419	0.578127	0.584916	0.606214	0.616227	0.611239	0.597962	0.584813	0.597777	0.653378	0.752858	0.86227	0.965834	1.03842	1.06567	1.01778	0.894081	0.712448	0.499703	0.274292	0.0511464	-0.154817	-0.303926	-0.379444	-0.366204	-0.283842	-0.168877	-0.0535482	0.0365323	0.0830341	0.0931187	0.0687267	0.0136862	-0.0544502	-0.139767	-0.229804	-0.31934	-0.413033	-0.505113	-0.591436	-0.673148	-0.753944	-0.818966	-0.867032	-0.908667	-0.927765	-0.917955	-0.88761	-0.837116	-0.76598	-0.672848	-0.571138	-0.47991	-0.391808	-0.302566	-0.231302	-0.186113	-0.16024	-0.147776	-0.143283	-0.156846	-0.214724	-0.323149	-0.461558	-0.611695	-0.759792	-0.883069	-0.962457	-0.995214	-0.981971	-0.919452	-0.811919	-0.669634	-0.490842	-0.264694	0	
0	0.167424	0.33787	0.4985	0.648744	0.790948	0.915273	1.0148	1.09284	1.14693	1.16656	1.1585	1.12802	1.0827	1.01708	0.939161	0.871731	0.812107	0.755048	0.699574	0.666596	0.649823	0.64023	0.629643	0.612844	0.606312	0.623215	0.646753	0.659062	0.652269	0.640222	0.627032	0.643686	0.702012	0.800978	0.907266	1.0018	1.06567	1.07692	1.01359	0.872633	0.67533	0.449434	0.209593	-0.0266607	-0.243488	-0.403001	-0.486975	-0.481768	-0.412963	-0.311005	-0.210975	-0.138484	-0.105854	-0.108402	-0.143469	-0.203268	-0.271384	-0.351031	-0.433791	-0.515908	-0.597894	-0.677782	-0.749943	-0.810327	-0.865171	-0.902315	-0.918754	-0.922202	-0.900034	-0.85192	-0.787885	-0.710246	-0.621273	-0.521547	-0.425419	-0.348151	-0.277858	-0.209786	-0.161207	-0.136074	-0.125666	-0.123732	-0.125807	-0.144429	-0.20591	-0.31413	-0.448978	-0.59567	-0.743223	-0.870735	-0.96037	-1.00734	-1.00695	-0.951806	-0.845941	-0.700927	-0.515348	-0.278331	0	
0	0.142222	0.289463	0.420118	0.536317	0.649169	0.73833	0.800199	0.845366	0.868355	0.865281	0.841973	0.808067	0.769082	0.719408	0.668401	0.632489	0.607576	0.581634	0.558971	0.553638	0.561375	0.568017	0.572006	0.564348	0.570173	0.593468	0.622166	0.63342	0.627635	0.614587	0.603392	0.623162	0.683799	0.782593	0.881644	0.968559	1.01778	1.01359	0.930726	0.770992	0.558846	0.317728	0.0661936	-0.181111	-0.406248	-0.570045	-0.656011	-0.654897	-0.589981	-0.495653	-0.405644	-0.341095	-0.315323	-0.32054	-0.35624	-0.411572	-0.4729	-0.54767	-0.621349	-0.690294	-0.757604	-0.816922	-0.862622	-0.896966	-0.921789	-0.920416	-0.89757	-0.864288	-0.807507	-0.730715	-0.646969	-0.55973	-0.470595	-0.379616	-0.300721	-0.24414	-0.193732	-0.145629	-0.116158	-0.106078	-0.105886	-0.10978	-0.114839	-0.136217	-0.199596	-0.305907	-0.435685	-0.57793	-0.724511	-0.856614	-0.957759	-1.02065	-1.03453	-0.987613	-0.883642	-0.7355	-0.542198	-0.293136	0	
0	0.102257	0.207719	0.301184	0.377979	0.445136	0.490632	0.513766	0.526964	0.523713	0.502459	0.475791	0.446309	0.422557	0.394298	0.369181	0.36552	0.367085	0.36705	0.368979	0.384784	0.409641	0.428907	0.441077	0.443628	0.456734	0.489245	0.518245	0.53103	0.523473	0.511336	0.502091	0.525485	0.590358	0.68657	0.781175	0.857038	0.894081	0.872633	0.770992	0.595032	0.368907	0.117335	-0.141709	-0.395681	-0.621258	-0.781717	-0.863889	-0.855641	-0.789097	-0.695611	-0.60643	-0.544416	-0.520055	-0.524349	-0.555875	-0.604679	-0.659816	-0.721783	-0.776965	-0.826466	-0.869783	-0.901756	-0.917398	-0.916427	-0.901899	-0.863642	-0.809813	-0.748095	-0.66837	-0.579933	-0.494613	-0.413434	-0.336453	-0.263114	-0.206208	-0.170506	-0.137147	-0.104941	-0.0898045	-0.0898249	-0.0954639	-0.101716	-0.107501	-0.130448	-0.194721	-0.297812	-0.421298	-0.558296	-0.703576	-0.840668	-0.954562	-1.03495	-1.06441	-1.0265	-0.92468	-0.773002	-0.571023	-0.30885	0	
0	0.0493209	0.100892	0.13652	0.160601	0.187109	0.193255	0.18206	0.173137	0.155652	0.128746	0.108348	0.0937195	0.0852836	0.0793921	0.0777452	0.0959039	0.117715	0.131824	0.14966	0.178836	0.212135	0.238329	0.254483	0.262397	0.283241	0.319522	0.350268	0.360346	0.353102	0.340624	0.335136	0.363905	0.43326	0.529431	0.619039	0.686619	0.712448	0.67533	0.558846	0.368907	0.134553	-0.122617	-0.384638	-0.638615	-0.858183	-1.01165	-1.08029	-1.06291	-0.989904	-0.891033	-0.800797	-0.738838	-0.711127	-0.70891	-0.735495	-0.772384	-0.80875	-0.850174	-0.882209	-0.905295	-0.918028	-0.914678	-0.892962	-0.858658	-0.813692	-0.747259	-0.67269	-0.598096	-0.513746	-0.429736	-0.355433	-0.289967	-0.231222	-0.177865	-0.141857	-0.123139	-0.101983	-0.0811405	-0.0759816	-0.0821183	-0.0904118	-0.0967558	-0.1021	-0.126224	-0.190768	-0.289499	-0.405646	-0.536738	-0.680452	-0.822948	-0.950759	-1.05003	-1.09617	-1.06802	-0.968615	-0.812991	-0.601382	-0.32517	0	
