0	0	0	0	0	0	0	0	0	0	0	0	0	0	0	0	0	0	0	0	0	0	0	0	0	0	0	0	0	0	0	0	0	0	0	0	0	0	0	0	0	0	0	0	0	0	0	0	0	0	0	0	0	0	0	0	0	0	0	0	0	0	0	0	0	0	0	0	0	0	0	0	0	0	0	0	0	0	0	0	0	0	0	0	0	0	0	0	0	0	0	0	0	0	0	0	0	0	0	0	
0	-0.0011499	-0.00201573	-0.00400742	-0.00629065	-0.00924112	-0.0141671	-0.0190616	-0.0255536	-0.0322385	-0.0369357	-0.0399668	-0.0377433	-0.0288989	-0.014988	0.00545873	0.0265067	0.0448921	0.0555604	0.0572622	0.0480954	0.034126	0.0167899	0.000859419	-0.015296	-0.0283995	-0.039641	-0.0472208	-0.0443289	-0.0347608	-0.0222896	-0.0113127	-0.00606682	-0.00610582	-0.00778342	-0.01294	-0.0169169	-0.0190642	-0.0176217	-0.0142304	-0.00703286	-0.00505922	-0.00943205	-0.0137615	-0.0121009	-0.0105384	-0.00660607	-0.00513872	-0.00666743	-0.00753801	-0.00752121	-0.00713667	-0.00404136	-0.00154655	-0.00484309	-0.00726659	-0.00404183	-0.00114088	-0.0019279	-0.00512982	-0.00327379	0.000174881	-0.000296688	0.00091363	0.00392528	0.00811624	0.0114961	0.0183828	0.024861	0.0282958	0.0323809	0.0331623	0.0259415	0.0122606	-0.00453524	-0.0278056	-0.0486612	-0.0608484	-0.0677957	-0.0655918	-0.0526179	-0.0333034	-0.0173876	-0.00544514	0.00840223	0.0238688	0.0351903	0.033448	0.0239866	0.013168	0.00101407	-0.004089	-0.00461973	-0.00626939	-0.00417527	-0.000557622	0.0035831	0.00989403	0.00996309	0	
0	-0.00201573	-0.00707811	-0.00809189	-0.0155271	-0.0200157	-0.0291806	-0.0402223	-0.051422	-0.0661589	-0.0756235	-0.0828427	-0.0786144	-0.0624304	-0.0344947	0.00792672	0.0489702	0.0883939	0.111546	0.112147	0.0965848	0.0667906	0.0296478	-0.00109469	-0.0310833	-0.0597109	-0.0786364	-0.0937834	-0.0899908	-0.0730036	-0.0475728	-0.0245108	-0.0124082	-0.0150621	-0.0184608	-0.025546	-0.0337448	-0.0420815	-0.0382303	-0.0283034	-0.0148334	-0.0133599	-0.0217004	-0.028534	-0.0261687	-0.0235625	-0.0163921	-0.0131449	-0.0160786	-0.0185498	-0.017704	-0.0184238	-0.0102601	-0.0073077	-0.0113014	-0.0170045	-0.00954989	-0.00301171	-0.00495561	-0.00884695	-0.0067611	0.00151602	-0.000206771	0.00204512	0.00778049	0.014771	0.0215823	0.0345054	0.0480177	0.0545034	0.0644038	0.0665399	0.0523482	0.0274026	-0.00855746	-0.0544433	-0.096051	-0.124442	-0.136255	-0.131602	-0.106981	-0.0648359	-0.033224	-0.011062	0.0174762	0.0464989	0.0674703	0.065774	0.048794	0.0284535	0.00314229	-0.00962422	-0.00929591	-0.010756	-0.00933087	-0.00308208	0.00809458	0.021007	0.0193565	0	
0	-0.00400742	-0.00809189	-0.0140707	-0.0219618	-0.0316292	-0.0461976	-0.0623206	-0.081729	-0.10239	-0.117666	-0.127005	-0.121383	-0.0963032	-0.0549635	0.0051804	0.0672468	0.122749	0.154738	0.159494	0.133716	0.091399	0.0394494	-0.00819689	-0.0559045	-0.0961066	-0.129219	-0.151556	-0.145056	-0.118027	-0.0805375	-0.0473035	-0.031462	-0.0312801	-0.0361458	-0.0500007	-0.0616112	-0.0686849	-0.0645888	-0.0538412	-0.0330708	-0.0273816	-0.0386878	-0.0504961	-0.0464898	-0.0414656	-0.0299039	-0.0252208	-0.0288739	-0.0307211	-0.0305979	-0.0292484	-0.0194802	-0.0125421	-0.0202952	-0.0269428	-0.0175102	-0.00883346	-0.0104454	-0.0180004	-0.0131838	-0.0031165	-0.00359507	0.000321416	0.00961901	0.021299	0.0321611	0.052977	0.0719916	0.0829387	0.095577	0.098082	0.0774374	0.0373165	-0.0135438	-0.0813479	-0.14371	-0.182321	-0.202385	-0.196072	-0.158245	-0.100963	-0.0538393	-0.0175855	0.0243408	0.0698285	0.102507	0.0989306	0.0729694	0.041082	0.00479356	-0.0117414	-0.0137928	-0.0180216	-0.0130238	-0.00234785	0.0112288	0.029261	0.0287346	0	
0	-0.00629065	-0.0155271	-0.0219618	-0.0358303	-0.0476443	-0.0676443	-0.0895686	-0.11504	-0.143545	-0.164537	-0.179041	-0.172281	-0.141707	-0.0875652	-0.00746021	0.0744577	0.149366	0.195645	0.199181	0.168633	0.110614	0.0395719	-0.0244595	-0.08561	-0.141203	-0.181993	-0.211607	-0.204569	-0.171769	-0.123863	-0.0793536	-0.054893	-0.0557019	-0.0627137	-0.0768949	-0.0928376	-0.106147	-0.1007	-0.0816141	-0.0564573	-0.0507215	-0.0650706	-0.0770425	-0.0737716	-0.0671448	-0.0528076	-0.0463071	-0.0497493	-0.0528348	-0.0515643	-0.0509821	-0.0362728	-0.0285514	-0.0357605	-0.0437124	-0.0311039	-0.0186895	-0.0198156	-0.0267768	-0.0209848	-0.0073297	-0.00744118	-0.00151623	0.00987245	0.0244301	0.0391211	0.0656181	0.0918474	0.105981	0.124629	0.129436	0.102448	0.0525233	-0.016723	-0.105753	-0.188087	-0.244422	-0.27036	-0.261754	-0.21304	-0.135201	-0.0721429	-0.0235277	0.032813	0.0903905	0.131641	0.128993	0.0970797	0.0577547	0.010769	-0.0153955	-0.0190628	-0.0223996	-0.0186796	-0.00552897	0.0162695	0.0399865	0.036837	0	
0	-0.00924112	-0.0200157	-0.0316292	-0.0476443	-0.0665977	-0.0915004	-0.121662	-0.155162	-0.191035	-0.219831	-0.236908	-0.230347	-0.193297	-0.126236	-0.0304327	0.0702108	0.162031	0.215921	0.223723	0.184949	0.114713	0.0288086	-0.0511414	-0.128675	-0.197362	-0.251865	-0.287783	-0.282186	-0.242429	-0.181128	-0.125712	-0.0979925	-0.0961842	-0.10385	-0.123077	-0.140988	-0.153812	-0.148136	-0.129148	-0.0973178	-0.0877105	-0.10165	-0.117669	-0.113705	-0.104244	-0.0860184	-0.0774221	-0.0803317	-0.0814397	-0.0807066	-0.0774806	-0.0605566	-0.049786	-0.057238	-0.065106	-0.0509246	-0.03617	-0.0363292	-0.0431829	-0.0361413	-0.0207818	-0.0178942	-0.0102742	0.00595668	0.023925	0.04413	0.0790758	0.109994	0.130382	0.1523	0.157231	0.125848	0.062209	-0.0226123	-0.130281	-0.232742	-0.301944	-0.334762	-0.324691	-0.264942	-0.173294	-0.0955673	-0.0330341	0.0373245	0.110631	0.161524	0.160063	0.123655	0.0729366	0.0142655	-0.0169871	-0.0231319	-0.0281963	-0.0225262	-0.00548025	0.0196176	0.0470197	0.0442128	0	
0	-0.0141671	-0.0291806	-0.0461976	-0.0676443	-0.0915004	-0.124513	-0.160125	-0.202982	-0.246202	-0.282203	-0.304577	-0.299045	-0.257438	-0.18041	-0.0697851	0.0507085	0.156737	0.225022	0.234774	0.191739	0.108199	0.00734133	-0.0915075	-0.185037	-0.266752	-0.332105	-0.375128	-0.368456	-0.3222	-0.255583	-0.192094	-0.155515	-0.148721	-0.158598	-0.17843	-0.20142	-0.216487	-0.211727	-0.185209	-0.151645	-0.138912	-0.154249	-0.168907	-0.166605	-0.154513	-0.133911	-0.123543	-0.123944	-0.124756	-0.123198	-0.118306	-0.0988925	-0.0851277	-0.0917761	-0.0973863	-0.0819239	-0.0646909	-0.0611215	-0.0672218	-0.056977	-0.0402647	-0.0341971	-0.0222419	-0.00419603	0.0183899	0.0440144	0.0845452	0.122854	0.147909	0.174294	0.182105	0.145881	0.0726948	-0.0266318	-0.153025	-0.274139	-0.358727	-0.400591	-0.389535	-0.319274	-0.214483	-0.121003	-0.0408215	0.0436412	0.128252	0.1875	0.187611	0.14574	0.0890142	0.0252558	-0.0150585	-0.0284397	-0.0343829	-0.0281503	-0.00752105	0.0245951	0.0553922	0.0499875	0	
0	-0.0190616	-0.0402223	-0.0623206	-0.0895686	-0.121662	-0.160125	-0.206449	-0.257448	-0.309917	-0.35534	-0.382885	-0.378718	-0.334992	-0.246391	-0.12183	0.014708	0.138554	0.215825	0.229025	0.180885	0.0863152	-0.0308101	-0.144795	-0.25134	-0.348162	-0.425267	-0.473545	-0.472683	-0.425602	-0.345844	-0.270552	-0.228281	-0.220963	-0.230989	-0.252824	-0.275557	-0.293094	-0.28823	-0.261595	-0.223524	-0.208395	-0.220531	-0.236762	-0.235368	-0.220849	-0.19832	-0.185292	-0.183572	-0.1825	-0.180297	-0.173224	-0.150806	-0.13575	-0.138435	-0.141843	-0.125629	-0.10486	-0.0997197	-0.100422	-0.0899227	-0.0712352	-0.0599007	-0.0460567	-0.0222639	0.00315131	0.0355866	0.0840309	0.127585	0.160843	0.19239	0.201109	0.163043	0.0809032	-0.0345097	-0.176604	-0.315577	-0.417201	-0.4652	-0.451856	-0.374062	-0.256305	-0.147515	-0.054146	0.0444728	0.14266	0.208588	0.21424	0.174148	0.108719	0.0330435	-0.0162408	-0.0326101	-0.037592	-0.0316359	-0.00910543	0.0278867	0.0611577	0.0542771	0	
0	-0.0255536	-0.051422	-0.081729	-0.11504	-0.155162	-0.202982	-0.257448	-0.318898	-0.380129	-0.433946	-0.466466	-0.465688	-0.418198	-0.322373	-0.187733	-0.0339833	0.101123	0.190021	0.209338	0.15838	0.0545941	-0.0736016	-0.205585	-0.330465	-0.439786	-0.529917	-0.58512	-0.585198	-0.531155	-0.448913	-0.369373	-0.3202	-0.303569	-0.313524	-0.336606	-0.364516	-0.382139	-0.378848	-0.348873	-0.311077	-0.291901	-0.302394	-0.317796	-0.318004	-0.301264	-0.277885	-0.262974	-0.257865	-0.255001	-0.252476	-0.241766	-0.219407	-0.201171	-0.201232	-0.200568	-0.184098	-0.162672	-0.152324	-0.150222	-0.136614	-0.116833	-0.100367	-0.0806034	-0.0532977	-0.0217935	0.0188855	0.0731693	0.124333	0.165708	0.200695	0.211526	0.171806	0.0815016	-0.0450062	-0.201422	-0.35673	-0.470821	-0.528721	-0.516219	-0.4304	-0.305959	-0.182573	-0.0683974	0.0457838	0.15522	0.228802	0.238702	0.195333	0.123853	0.0470616	-0.00854423	-0.0358536	-0.0447359	-0.0368875	-0.00979366	0.0320442	0.0659565	0.0566105	0	
0	-0.0322385	-0.0661589	-0.10239	-0.143545	-0.191035	-0.246202	-0.309917	-0.380129	-0.450717	-0.5136	-0.553057	-0.55511	-0.507348	-0.403635	-0.257353	-0.0885955	0.0618667	0.163236	0.187183	0.134446	0.0224061	-0.120383	-0.268065	-0.404873	-0.52848	-0.629272	-0.690262	-0.697412	-0.646038	-0.557095	-0.467594	-0.409554	-0.390934	-0.401862	-0.424678	-0.452726	-0.472956	-0.471632	-0.44144	-0.404379	-0.383357	-0.390718	-0.40533	-0.40798	-0.391109	-0.368914	-0.352586	-0.344579	-0.341783	-0.33823	-0.326106	-0.303307	-0.284811	-0.28015	-0.275142	-0.259166	-0.235481	-0.221813	-0.21279	-0.197669	-0.176022	-0.153626	-0.129883	-0.0980186	-0.0616291	-0.0131183	0.046607	0.1056	0.156811	0.198054	0.211766	0.172777	0.0792176	-0.0598942	-0.229959	-0.399673	-0.530482	-0.596456	-0.581976	-0.490968	-0.356861	-0.217107	-0.0872387	0.0408102	0.160549	0.240003	0.259167	0.221077	0.145627	0.0611113	-0.00598011	-0.0399504	-0.047302	-0.0393919	-0.0116183	0.0345535	0.0690236	0.0567504	0	
0	-0.0369357	-0.0756235	-0.117666	-0.164537	-0.219831	-0.282203	-0.35534	-0.433946	-0.5136	-0.583706	-0.628754	-0.632421	-0.583759	-0.47296	-0.318277	-0.13704	0.0262544	0.136819	0.169735	0.116822	0.00146318	-0.151665	-0.313491	-0.466759	-0.604991	-0.718884	-0.786007	-0.797783	-0.745402	-0.653287	-0.561285	-0.49747	-0.472683	-0.479374	-0.504271	-0.534291	-0.557735	-0.557141	-0.530605	-0.494686	-0.473129	-0.47691	-0.49243	-0.496934	-0.480773	-0.461874	-0.444416	-0.435239	-0.431726	-0.42846	-0.41459	-0.394035	-0.376274	-0.367712	-0.359345	-0.345108	-0.32187	-0.306275	-0.291594	-0.275818	-0.253296	-0.225036	-0.19748	-0.159798	-0.116678	-0.0594598	0.00672557	0.0732589	0.13583	0.182117	0.196398	0.159618	0.0629565	-0.0856457	-0.265649	-0.447032	-0.58948	-0.663537	-0.649782	-0.55617	-0.417485	-0.262643	-0.113708	0.0311027	0.163259	0.249562	0.276733	0.241678	0.162169	0.0755684	0.00333805	-0.0402088	-0.052176	-0.0429697	-0.0122154	0.0360904	0.0696595	0.055526	0	
0	-0.0399668	-0.0828427	-0.127005	-0.179041	-0.236908	-0.304577	-0.382885	-0.466466	-0.553057	-0.628754	-0.677114	-0.685363	-0.632354	-0.51815	-0.353261	-0.15816	0.0173781	0.14173	0.18281	0.132593	0.0125682	-0.149706	-0.325967	-0.493798	-0.645499	-0.768948	-0.845261	-0.864598	-0.812633	-0.72282	-0.627522	-0.556177	-0.523913	-0.531231	-0.554658	-0.588835	-0.613341	-0.616898	-0.591793	-0.562845	-0.541659	-0.543837	-0.55887	-0.565955	-0.554993	-0.540604	-0.525618	-0.515574	-0.515269	-0.512954	-0.499785	-0.48458	-0.469277	-0.458898	-0.44854	-0.435741	-0.416447	-0.397864	-0.379765	-0.3633	-0.338991	-0.309258	-0.276143	-0.236493	-0.187178	-0.121583	-0.0539373	0.0224405	0.0960111	0.147357	0.165522	0.1319	0.0357222	-0.119423	-0.309843	-0.502225	-0.655712	-0.738412	-0.726275	-0.629306	-0.484208	-0.314736	-0.146015	0.0148422	0.154813	0.249128	0.289181	0.259582	0.179462	0.0924771	0.0126803	-0.0414036	-0.0562794	-0.0453733	-0.0128095	0.0369346	0.0680283	0.0509525	0	
0	-0.0377433	-0.0786144	-0.121383	-0.172281	-0.230347	-0.299045	-0.378718	-0.465688	-0.55511	-0.632421	-0.685363	-0.68909	-0.637226	-0.514358	-0.340544	-0.135561	0.0544127	0.189614	0.24078	0.194144	0.0754569	-0.0964026	-0.284841	-0.466078	-0.63279	-0.769869	-0.852607	-0.878253	-0.8359	-0.746595	-0.647857	-0.569997	-0.537179	-0.539067	-0.564797	-0.597669	-0.627127	-0.632656	-0.616949	-0.592053	-0.573951	-0.574918	-0.591189	-0.601791	-0.595766	-0.590129	-0.577117	-0.57065	-0.573574	-0.573498	-0.563918	-0.555118	-0.546225	-0.536079	-0.525446	-0.518255	-0.502795	-0.488053	-0.467597	-0.452329	-0.430988	-0.398272	-0.366149	-0.323286	-0.26749	-0.198544	-0.126223	-0.04349	0.0400006	0.0981515	0.11578	0.0862096	-0.00684135	-0.169052	-0.367303	-0.566232	-0.730236	-0.820273	-0.808535	-0.71335	-0.563635	-0.376806	-0.190731	-0.0148641	0.138456	0.242039	0.29242	0.27318	0.196721	0.106095	0.0194691	-0.0407134	-0.0580449	-0.0463186	-0.0138605	0.0341558	0.0632115	0.0459589	0	
0	-0.0288989	-0.0624304	-0.0963032	-0.141707	-0.193297	-0.257438	-0.334992	-0.418198	-0.507348	-0.583759	-0.632354	-0.637226	-0.575921	-0.44925	-0.264977	-0.0486311	0.153066	0.299977	0.362379	0.32224	0.204081	0.0275292	-0.171474	-0.368874	-0.552065	-0.699259	-0.795138	-0.830852	-0.789188	-0.705423	-0.612278	-0.533188	-0.491448	-0.489589	-0.513717	-0.551561	-0.584065	-0.59395	-0.583054	-0.566767	-0.554715	-0.555642	-0.572886	-0.584654	-0.588904	-0.590515	-0.584385	-0.581484	-0.590274	-0.593874	-0.58934	-0.590597	-0.589484	-0.583029	-0.576205	-0.573466	-0.568416	-0.557992	-0.540433	-0.529695	-0.510281	-0.483477	-0.451621	-0.409745	-0.351667	-0.278602	-0.20813	-0.119156	-0.0265828	0.0334483	0.0522577	0.0257156	-0.0664608	-0.23195	-0.437481	-0.644125	-0.813987	-0.910052	-0.903871	-0.809767	-0.654658	-0.456113	-0.250666	-0.0557206	0.108141	0.223753	0.289688	0.277877	0.203063	0.1164	0.0308611	-0.0374531	-0.0625118	-0.0496912	-0.0152814	0.030257	0.0557076	0.038652	0	
0	-0.014988	-0.0344947	-0.0549635	-0.0875652	-0.126236	-0.18041	-0.246391	-0.322373	-0.403635	-0.47296	-0.51815	-0.514358	-0.44925	-0.313851	-0.119377	0.106577	0.322316	0.482678	0.55561	0.52484	0.408212	0.226178	0.0152488	-0.19699	-0.394539	-0.555701	-0.6623	-0.705835	-0.679538	-0.607173	-0.512511	-0.428872	-0.385859	-0.381195	-0.405582	-0.443996	-0.477197	-0.490606	-0.489374	-0.482491	-0.474995	-0.477324	-0.493872	-0.509135	-0.521138	-0.53283	-0.532849	-0.537071	-0.551604	-0.559874	-0.563111	-0.574664	-0.584314	-0.584816	-0.583629	-0.588156	-0.594083	-0.592474	-0.58181	-0.575361	-0.563518	-0.543091	-0.517213	-0.479986	-0.420786	-0.352719	-0.284656	-0.194423	-0.0996597	-0.037031	-0.0208913	-0.0460851	-0.135069	-0.305093	-0.517752	-0.73054	-0.908714	-1.01266	-1.01249	-0.922211	-0.762183	-0.548302	-0.32445	-0.115916	0.0604168	0.190893	0.269339	0.271627	0.209657	0.123775	0.0329894	-0.0388494	-0.0654853	-0.0516017	-0.0174575	0.0232341	0.0434169	0.0279445	0	
0	0.00545873	0.00792672	0.0051804	-0.00746021	-0.0304327	-0.0697851	-0.12183	-0.187733	-0.257353	-0.318277	-0.353261	-0.340544	-0.264977	-0.119377	0.0855241	0.323221	0.549772	0.72204	0.807051	0.785247	0.67441	0.49169	0.272166	0.045464	-0.169871	-0.347371	-0.469135	-0.524932	-0.508132	-0.443034	-0.358473	-0.280356	-0.233171	-0.222097	-0.244338	-0.282666	-0.319404	-0.338857	-0.343702	-0.343185	-0.343264	-0.348918	-0.363807	-0.37886	-0.398596	-0.41807	-0.426006	-0.436221	-0.455562	-0.467688	-0.477976	-0.499378	-0.51853	-0.528738	-0.533182	-0.545852	-0.563343	-0.573976	-0.573922	-0.574658	-0.573552	-0.563906	-0.548917	-0.518365	-0.46393	-0.403089	-0.339855	-0.252771	-0.158251	-0.0989953	-0.0875689	-0.116019	-0.208691	-0.383725	-0.605508	-0.82561	-1.00944	-1.12073	-1.12936	-1.04604	-0.884606	-0.661127	-0.422594	-0.198102	-0.00451951	0.144003	0.237262	0.251877	0.197733	0.117333	0.0335152	-0.0381575	-0.06992	-0.0569969	-0.0250468	0.00935703	0.0290234	0.0205411	0	
0	0.0265067	0.0489702	0.0672468	0.0744577	0.0702108	0.0507085	0.014708	-0.0339833	-0.0885955	-0.13704	-0.15816	-0.135561	-0.0486311	0.106577	0.323221	0.570445	0.812128	0.997582	1.09595	1.08875	0.982706	0.799521	0.572659	0.330508	0.0987771	-0.0921871	-0.228698	-0.297807	-0.297371	-0.24922	-0.172548	-0.097134	-0.0466747	-0.0327184	-0.0526166	-0.0931672	-0.129495	-0.149209	-0.1596	-0.169337	-0.177504	-0.182348	-0.19338	-0.207192	-0.232533	-0.256895	-0.271584	-0.287339	-0.309033	-0.324521	-0.340852	-0.369107	-0.398473	-0.416955	-0.429523	-0.446973	-0.476191	-0.499083	-0.509453	-0.518917	-0.52631	-0.530251	-0.526627	-0.50476	-0.460275	-0.410152	-0.356249	-0.278112	-0.191359	-0.139715	-0.136274	-0.171244	-0.269942	-0.452565	-0.682829	-0.914324	-1.10931	-1.23042	-1.25554	-1.18246	-1.01864	-0.78871	-0.536719	-0.298528	-0.0919031	0.0740691	0.182573	0.213147	0.175369	0.103702	0.0236856	-0.0465146	-0.0800242	-0.0677801	-0.0344839	-0.00416494	0.00842761	0.00382229	0	
0	0.0448921	0.0883939	0.122749	0.149366	0.162031	0.156737	0.138554	0.101123	0.0618667	0.0262544	0.0173781	0.0544127	0.153066	0.322316	0.549772	0.812128	1.0641	1.26662	1.37896	1.38836	1.29215	1.11813	0.88567	0.632905	0.388153	0.177598	0.0246434	-0.0558686	-0.0715827	-0.0386623	0.0258048	0.0920247	0.143091	0.159157	0.142861	0.105351	0.0718439	0.043959	0.0288915	0.0124824	0.0020215	-0.00851766	-0.0136988	-0.0258559	-0.0492332	-0.0772082	-0.0971683	-0.115757	-0.136826	-0.152432	-0.171139	-0.202263	-0.236152	-0.263216	-0.278001	-0.299521	-0.335555	-0.367872	-0.390674	-0.404161	-0.423631	-0.438636	-0.446998	-0.43671	-0.401945	-0.365717	-0.320604	-0.253123	-0.179331	-0.138122	-0.144242	-0.192554	-0.30419	-0.496869	-0.741409	-0.986619	-1.19295	-1.33029	-1.37347	-1.31389	-1.15942	-0.928619	-0.668354	-0.422565	-0.198356	-0.010753	0.110437	0.154264	0.131621	0.0716857	0.00140248	-0.0619886	-0.0927866	-0.0818822	-0.0542442	-0.0306039	-0.0151101	-0.00678371	0	
0	0.0555604	0.111546	0.154738	0.195645	0.215921	0.225022	0.215825	0.190021	0.163236	0.136819	0.14173	0.189614	0.299977	0.482678	0.72204	0.997582	1.26662	1.48446	1.61787	1.64563	1.5672	1.40207	1.17321	0.9147	0.658967	0.43446	0.27137	0.173424	0.139967	0.15937	0.20918	0.264426	0.314301	0.334066	0.321707	0.28571	0.248774	0.22174	0.204971	0.182478	0.160499	0.150282	0.15093	0.144435	0.123311	0.0956378	0.073043	0.0534944	0.0369559	0.022204	0.00581986	-0.0233883	-0.0591258	-0.0896083	-0.105261	-0.126404	-0.163344	-0.20329	-0.230786	-0.249465	-0.274485	-0.296707	-0.31589	-0.311078	-0.289928	-0.263788	-0.225927	-0.173182	-0.112572	-0.0845161	-0.102179	-0.164658	-0.293361	-0.500368	-0.758494	-1.02175	-1.24777	-1.40378	-1.47152	-1.43377	-1.29036	-1.06589	-0.807877	-0.556282	-0.318384	-0.117147	0.0172492	0.0775406	0.0703175	0.0236861	-0.0346186	-0.0881665	-0.115342	-0.107789	-0.0820394	-0.059236	-0.0436926	-0.0252965	0	
0	0.0572622	0.112147	0.159494	0.199181	0.223723	0.234774	0.229025	0.209338	0.187183	0.169735	0.18281	0.24078	0.362379	0.55561	0.807051	1.09595	1.37896	1.61787	1.77167	1.82729	1.77105	1.62729	1.40745	1.15028	0.887965	0.654812	0.479282	0.373521	0.328373	0.331248	0.362571	0.40936	0.45657	0.47652	0.467322	0.434472	0.400671	0.370805	0.34871	0.317527	0.291848	0.27848	0.282177	0.278923	0.265636	0.240383	0.215059	0.197698	0.185021	0.175	0.16239	0.14005	0.105481	0.0756556	0.0621831	0.0450472	0.0116863	-0.0285821	-0.0573151	-0.0765193	-0.101608	-0.126921	-0.147449	-0.147752	-0.134691	-0.113169	-0.0819275	-0.0380452	0.00728521	0.023149	-0.00313137	-0.0828828	-0.229219	-0.450501	-0.723261	-1.00504	-1.25226	-1.4331	-1.53059	-1.51904	-1.39876	-1.19204	-0.940968	-0.688891	-0.443011	-0.229388	-0.0849527	-0.0172981	-0.0117243	-0.0391269	-0.0831303	-0.126802	-0.147141	-0.141534	-0.119893	-0.0976882	-0.0773965	-0.0447527	0	
0	0.0480954	0.0965848	0.133716	0.168633	0.184949	0.191739	0.180885	0.15838	0.134446	0.116822	0.132593	0.194144	0.32224	0.52484	0.785247	1.08875	1.38836	1.64563	1.82729	1.90844	1.88091	1.7636	1.56206	1.3154	1.06025	0.822148	0.645878	0.530049	0.473369	0.465206	0.486438	0.521274	0.564193	0.584856	0.580664	0.551965	0.518131	0.484889	0.458821	0.422568	0.387151	0.36737	0.370656	0.37196	0.366102	0.341769	0.316187	0.299269	0.292573	0.284503	0.281079	0.265117	0.236593	0.210611	0.201921	0.191981	0.165987	0.132401	0.106509	0.0907008	0.0686013	0.0474985	0.0295714	0.028549	0.0382148	0.059561	0.0919565	0.129847	0.167269	0.177082	0.145126	0.0552123	-0.108059	-0.342802	-0.628507	-0.930388	-1.20072	-1.40978	-1.53642	-1.55333	-1.46349	-1.28074	-1.04813	-0.806158	-0.558036	-0.340551	-0.191348	-0.115331	-0.0986763	-0.112375	-0.143984	-0.174794	-0.18585	-0.183307	-0.168203	-0.144647	-0.113478	-0.0632256	0	
0	0.034126	0.0667906	0.091399	0.110614	0.114713	0.108199	0.0863152	0.0545941	0.0224061	0.00146318	0.0125682	0.0754569	0.204081	0.408212	0.67441	0.982706	1.29215	1.5672	1.77105	1.88091	1.89099	1.80306	1.62895	1.40294	1.15354	0.920514	0.746413	0.63029	0.572903	0.559806	0.566828	0.596898	0.63438	0.65843	0.660725	0.639213	0.603601	0.572034	0.542328	0.498165	0.451111	0.425957	0.425407	0.428306	0.427587	0.406226	0.379242	0.364371	0.358084	0.354913	0.357327	0.349452	0.326008	0.305598	0.301928	0.295989	0.280854	0.254396	0.236436	0.223771	0.209029	0.197817	0.188809	0.192836	0.205721	0.235734	0.272863	0.312922	0.347018	0.354901	0.322454	0.224228	0.0526546	-0.191033	-0.484161	-0.794985	-1.08732	-1.32164	-1.47495	-1.52809	-1.47374	-1.32391	-1.11858	-0.885848	-0.642004	-0.430033	-0.280223	-0.205657	-0.186137	-0.185149	-0.203155	-0.223362	-0.227822	-0.23003	-0.22066	-0.192669	-0.15119	-0.0858221	0	
0	0.0167899	0.0296478	0.0394494	0.0395719	0.0288086	0.00734133	-0.0308101	-0.0736016	-0.120383	-0.151665	-0.149706	-0.0964026	0.0275292	0.226178	0.49169	0.799521	1.11813	1.40207	1.62729	1.7636	1.80306	1.74789	1.60471	1.4007	1.1694	0.951285	0.783901	0.672434	0.618493	0.60312	0.6078	0.634806	0.672101	0.703148	0.712551	0.698014	0.671057	0.642527	0.604558	0.553976	0.499457	0.466216	0.453407	0.455764	0.457934	0.437771	0.40893	0.392053	0.38457	0.382322	0.390707	0.387535	0.369799	0.357523	0.356015	0.357012	0.349628	0.336574	0.32712	0.318624	0.313641	0.312616	0.316162	0.324796	0.344933	0.385279	0.430238	0.476698	0.516222	0.530513	0.502038	0.409066	0.236471	-0.00937932	-0.300992	-0.619973	-0.927205	-1.18152	-1.35963	-1.43973	-1.42031	-1.30829	-1.12986	-0.914188	-0.685722	-0.483941	-0.338965	-0.26885	-0.249074	-0.240842	-0.248157	-0.259981	-0.26406	-0.271593	-0.266886	-0.237387	-0.186109	-0.105039	0	
0	0.000859419	-0.00109469	-0.00819689	-0.0244595	-0.0511414	-0.0915075	-0.144795	-0.205585	-0.268065	-0.313491	-0.325967	-0.284841	-0.171474	0.0152488	0.272166	0.572659	0.88567	1.17321	1.40745	1.56206	1.62895	1.60471	1.49122	1.31457	1.10309	0.898162	0.741027	0.639421	0.594845	0.582641	0.592364	0.622432	0.663085	0.700257	0.725616	0.727512	0.710222	0.683128	0.648667	0.596323	0.532599	0.486085	0.464573	0.464223	0.46536	0.44476	0.415577	0.395835	0.383521	0.381976	0.393375	0.392552	0.380997	0.374883	0.375924	0.378975	0.377881	0.37713	0.373955	0.370551	0.37131	0.382232	0.397848	0.412375	0.445277	0.497121	0.552433	0.610607	0.660704	0.684494	0.6635	0.578022	0.412717	0.172595	-0.114059	-0.426975	-0.738544	-1.00505	-1.19443	-1.29869	-1.31402	-1.23642	-1.08646	-0.888555	-0.674873	-0.486285	-0.350627	-0.288228	-0.270917	-0.25957	-0.26257	-0.271161	-0.274519	-0.28884	-0.297615	-0.271671	-0.208703	-0.114444	0	
0	-0.015296	-0.0310833	-0.0559045	-0.08561	-0.128675	-0.185037	-0.25134	-0.330465	-0.404873	-0.466759	-0.493798	-0.466078	-0.368874	-0.19699	0.045464	0.330508	0.632905	0.9147	1.15028	1.3154	1.40294	1.4007	1.31457	1.16024	0.96581	0.775342	0.628692	0.53737	0.502434	0.499799	0.51863	0.552042	0.599825	0.653955	0.698014	0.716689	0.719044	0.707488	0.677342	0.621923	0.555297	0.503028	0.469577	0.461335	0.457495	0.438541	0.407402	0.381908	0.361859	0.358782	0.36904	0.367066	0.361046	0.359078	0.362583	0.364905	0.369372	0.378704	0.383385	0.385284	0.39114	0.414088	0.438664	0.461982	0.506842	0.567978	0.63286	0.70116	0.765289	0.799754	0.78601	0.714137	0.563485	0.334457	0.0606317	-0.240138	-0.548429	-0.814744	-1.00934	-1.13051	-1.17023	-1.12207	-0.99475	-0.810752	-0.611267	-0.43487	-0.308347	-0.250477	-0.236855	-0.229374	-0.225912	-0.23024	-0.245848	-0.274413	-0.290816	-0.271088	-0.213897	-0.120778	0	
0	-0.0283995	-0.0597109	-0.0961066	-0.141203	-0.197362	-0.266752	-0.348162	-0.439786	-0.52848	-0.604991	-0.645499	-0.63279	-0.552065	-0.394539	-0.169871	0.0987771	0.388153	0.658967	0.887965	1.06025	1.15354	1.1694	1.10309	0.96581	0.785872	0.609835	0.467008	0.384504	0.355104	0.358831	0.384387	0.42692	0.487606	0.557596	0.620746	0.666723	0.695918	0.7008	0.683351	0.637404	0.574341	0.512595	0.470949	0.454325	0.445564	0.423756	0.391207	0.357975	0.328907	0.321614	0.324416	0.321492	0.316178	0.319119	0.322291	0.324593	0.331608	0.348222	0.361437	0.36797	0.379162	0.409605	0.441531	0.473801	0.529677	0.59805	0.670483	0.750016	0.829134	0.874936	0.868834	0.81199	0.678698	0.463822	0.204851	-0.0825727	-0.378842	-0.635808	-0.830224	-0.956988	-1.01182	-0.984923	-0.869154	-0.695631	-0.508739	-0.338757	-0.215904	-0.157033	-0.141047	-0.132116	-0.12419	-0.132508	-0.161443	-0.202347	-0.235637	-0.235166	-0.188242	-0.103688	0	
0	-0.039641	-0.0786364	-0.129219	-0.181993	-0.251865	-0.332105	-0.425267	-0.529917	-0.629272	-0.718884	-0.768948	-0.769869	-0.699259	-0.555701	-0.347371	-0.0921871	0.177598	0.43446	0.654812	0.822148	0.920514	0.951285	0.898162	0.775342	0.609835	0.433601	0.290633	0.207904	0.176859	0.183625	0.218125	0.265011	0.33456	0.414988	0.500666	0.576801	0.637909	0.668739	0.673701	0.641339	0.585522	0.525784	0.482003	0.45634	0.439128	0.4167	0.383035	0.340326	0.302957	0.285017	0.279148	0.268445	0.262791	0.263786	0.266313	0.265897	0.270409	0.290251	0.308228	0.320763	0.334711	0.369986	0.407139	0.451276	0.517229	0.592915	0.673594	0.76358	0.858829	0.91233	0.91433	0.86996	0.751039	0.554279	0.307596	0.0359614	-0.239301	-0.482494	-0.667985	-0.794661	-0.861582	-0.844185	-0.735552	-0.572173	-0.38568	-0.210758	-0.0840093	-0.0130942	0.01409	0.0261196	0.0363785	0.026726	-0.0112173	-0.0665688	-0.120013	-0.146356	-0.129837	-0.0750132	0	
0	-0.0472208	-0.0937834	-0.151556	-0.211607	-0.287783	-0.375128	-0.473545	-0.58512	-0.690262	-0.786007	-0.845261	-0.852607	-0.795138	-0.6623	-0.469135	-0.228698	0.0246434	0.27137	0.479282	0.645878	0.746413	0.783901	0.741027	0.628692	0.467008	0.290633	0.14575	0.0559591	0.0155137	0.019144	0.0473138	0.0901257	0.161847	0.253996	0.360163	0.46227	0.553316	0.616432	0.651333	0.640201	0.602953	0.551896	0.511844	0.47895	0.458732	0.435588	0.398911	0.349085	0.301764	0.270755	0.248107	0.227734	0.213192	0.207161	0.205834	0.198887	0.1979	0.213539	0.235289	0.252811	0.269354	0.305221	0.346865	0.401405	0.474926	0.555651	0.641354	0.742496	0.847178	0.909915	0.922328	0.887769	0.788306	0.609001	0.376701	0.122584	-0.134683	-0.359173	-0.536506	-0.664296	-0.732266	-0.716092	-0.608863	-0.44651	-0.256702	-0.0734395	0.0669275	0.157743	0.203695	0.229571	0.251023	0.24578	0.197465	0.121363	0.0467525	-0.00817343	-0.0335818	-0.0260639	0	
0	-0.0443289	-0.0899908	-0.145056	-0.204569	-0.282186	-0.368456	-0.472683	-0.585198	-0.697412	-0.797783	-0.864598	-0.878253	-0.830852	-0.705835	-0.524932	-0.297807	-0.0558686	0.173424	0.373521	0.530049	0.63029	0.672434	0.639421	0.53737	0.384504	0.207904	0.0559591	-0.0505463	-0.109817	-0.119027	-0.107321	-0.0692726	-0.000932755	0.0904646	0.197272	0.322466	0.443548	0.543715	0.606386	0.626336	0.611028	0.57989	0.550758	0.520838	0.501871	0.479689	0.445208	0.393286	0.340957	0.29399	0.256002	0.223595	0.19489	0.178179	0.168743	0.15322	0.140578	0.144103	0.163707	0.180406	0.194742	0.224794	0.265016	0.326769	0.402566	0.486351	0.579862	0.688871	0.802886	0.876114	0.899011	0.876526	0.789912	0.626944	0.410107	0.168845	-0.0660564	-0.269038	-0.435246	-0.556438	-0.621304	-0.600944	-0.494611	-0.337227	-0.14253	0.0545269	0.217822	0.337884	0.41128	0.460517	0.492194	0.484343	0.432738	0.351568	0.25863	0.163848	0.0838531	0.0337774	0	
0	-0.0347608	-0.0730036	-0.118027	-0.171769	-0.242429	-0.3222	-0.425602	-0.531155	-0.646038	-0.745402	-0.812633	-0.8359	-0.789188	-0.679538	-0.508132	-0.297371	-0.0715827	0.139967	0.328373	0.473369	0.572903	0.618493	0.594845	0.502434	0.355104	0.176859	0.0155137	-0.109817	-0.183649	-0.214805	-0.22219	-0.200591	-0.152247	-0.0774469	0.0334243	0.171447	0.31056	0.439442	0.534798	0.587368	0.598475	0.597862	0.587647	0.570503	0.559232	0.546905	0.520067	0.475414	0.423611	0.364726	0.315549	0.268812	0.223102	0.192371	0.170353	0.144694	0.11334	0.101288	0.110558	0.12158	0.131524	0.149163	0.187593	0.248325	0.321292	0.407142	0.502263	0.615889	0.731162	0.809678	0.844873	0.829662	0.753331	0.608632	0.408264	0.185319	-0.0253835	-0.206898	-0.358792	-0.472722	-0.53067	-0.504021	-0.398561	-0.241841	-0.0428321	0.170347	0.361653	0.50585	0.605408	0.680403	0.719625	0.71794	0.676506	0.586664	0.470032	0.343428	0.212407	0.0975529	0	
0	-0.0222896	-0.0475728	-0.0805375	-0.123863	-0.181128	-0.255583	-0.345844	-0.448913	-0.557095	-0.653287	-0.72282	-0.746595	-0.705423	-0.607173	-0.443034	-0.24922	-0.0386623	0.15937	0.331248	0.465206	0.559806	0.60312	0.582641	0.499799	0.358831	0.183625	0.019144	-0.119027	-0.214805	-0.274236	-0.304722	-0.309077	-0.283341	-0.22455	-0.125317	0.00205511	0.152487	0.303241	0.425616	0.505805	0.548235	0.577531	0.589887	0.595793	0.601689	0.604902	0.591482	0.567596	0.524665	0.465329	0.412615	0.355077	0.297309	0.252099	0.220825	0.182652	0.134777	0.105551	0.0979932	0.101223	0.0997274	0.105194	0.135547	0.185187	0.25126	0.331572	0.425062	0.536274	0.644321	0.727243	0.771163	0.760801	0.693296	0.560883	0.377497	0.175113	-0.0168437	-0.177552	-0.310759	-0.413138	-0.456092	-0.417201	-0.31153	-0.156583	0.0443279	0.267938	0.477595	0.643042	0.769089	0.864684	0.911202	0.914168	0.874959	0.781971	0.656497	0.504644	0.327528	0.156	0	
0	-0.0113127	-0.0245108	-0.0473035	-0.0793536	-0.125712	-0.192094	-0.270552	-0.369373	-0.467594	-0.561285	-0.627522	-0.647857	-0.612278	-0.512511	-0.358473	-0.172548	0.0258048	0.20918	0.362571	0.486438	0.566828	0.6078	0.592364	0.51863	0.384387	0.218125	0.0473138	-0.107321	-0.22219	-0.304722	-0.360461	-0.390352	-0.388472	-0.357387	-0.284386	-0.173309	-0.0205778	0.137672	0.280219	0.379359	0.44772	0.50083	0.543676	0.574395	0.60156	0.621876	0.633815	0.639079	0.614101	0.569606	0.523137	0.464856	0.400226	0.347649	0.309199	0.260747	0.201379	0.155456	0.129775	0.120878	0.10591	0.101628	0.119239	0.152807	0.209125	0.28075	0.370924	0.47268	0.570295	0.653656	0.697882	0.690185	0.622981	0.493565	0.326622	0.140577	-0.034459	-0.173035	-0.287239	-0.368482	-0.390102	-0.344037	-0.238657	-0.0853275	0.110691	0.339168	0.565601	0.746682	0.883813	0.987367	1.03657	1.0367	1.00039	0.918834	0.792572	0.618762	0.408499	0.197973	0	
0	-0.00606682	-0.0124082	-0.031462	-0.054893	-0.0979925	-0.155515	-0.228281	-0.3202	-0.409554	-0.49747	-0.556177	-0.569997	-0.533188	-0.428872	-0.280356	-0.097134	0.0920247	0.264426	0.40936	0.521274	0.596898	0.634806	0.622432	0.552042	0.42692	0.265011	0.0901257	-0.0692726	-0.200591	-0.309077	-0.390352	-0.444416	-0.474918	-0.472655	-0.427974	-0.334268	-0.196411	-0.0405323	0.106307	0.219838	0.306438	0.379918	0.442916	0.495414	0.544686	0.585	0.625354	0.659174	0.663917	0.647607	0.619	0.568871	0.507535	0.456276	0.414289	0.35969	0.296187	0.235981	0.195732	0.170517	0.144678	0.135843	0.138107	0.15894	0.202941	0.268052	0.352658	0.438877	0.528304	0.603386	0.642084	0.634436	0.561005	0.432628	0.277143	0.105846	-0.05434	-0.180206	-0.27658	-0.335634	-0.341315	-0.289005	-0.183457	-0.0341241	0.157212	0.383926	0.609574	0.791685	0.930337	1.03165	1.07717	1.07717	1.04943	0.978783	0.853745	0.675192	0.454992	0.223608	0	
0	-0.00610582	-0.0150621	-0.0312801	-0.0557019	-0.0961842	-0.148721	-0.220963	-0.303569	-0.390934	-0.472683	-0.523913	-0.537179	-0.491448	-0.385859	-0.233171	-0.0466747	0.143091	0.314301	0.45657	0.564193	0.63438	0.672101	0.663085	0.599825	0.487606	0.33456	0.161847	-0.000932755	-0.152247	-0.283341	-0.388472	-0.474918	-0.533461	-0.554978	-0.539197	-0.476857	-0.362757	-0.216916	-0.0680831	0.0530318	0.145932	0.226089	0.302242	0.374656	0.437846	0.493241	0.554972	0.616586	0.655648	0.67509	0.672059	0.640796	0.594661	0.554234	0.513338	0.463055	0.400207	0.336128	0.284065	0.241953	0.210599	0.194318	0.186186	0.191726	0.224019	0.285359	0.357586	0.434733	0.519112	0.585247	0.621168	0.611637	0.534501	0.405482	0.253259	0.0911414	-0.0610002	-0.182214	-0.264915	-0.301805	-0.29556	-0.244032	-0.144026	-0.00790211	0.167735	0.379135	0.589302	0.764969	0.896891	0.985535	1.02992	1.03731	1.01615	0.958756	0.850069	0.682654	0.469324	0.236447	0	
0	-0.00778342	-0.0184608	-0.0361458	-0.0627137	-0.10385	-0.158598	-0.230989	-0.313524	-0.401862	-0.479374	-0.531231	-0.539067	-0.489589	-0.381195	-0.222097	-0.0327184	0.159157	0.334066	0.47652	0.584856	0.65843	0.703148	0.700257	0.653955	0.557596	0.414988	0.253996	0.0904646	-0.0774469	-0.22455	-0.357387	-0.472655	-0.554978	-0.608797	-0.631646	-0.598725	-0.507531	-0.376808	-0.235553	-0.117015	-0.0238969	0.0599624	0.145796	0.223675	0.292061	0.357093	0.434375	0.514131	0.585741	0.642373	0.671893	0.66941	0.649001	0.626192	0.596421	0.556943	0.501853	0.441094	0.379832	0.325537	0.285216	0.26369	0.245499	0.23828	0.265041	0.319313	0.382883	0.456351	0.538946	0.60085	0.631708	0.620198	0.545805	0.416949	0.265875	0.114187	-0.0326079	-0.152208	-0.222056	-0.24883	-0.244872	-0.202208	-0.124292	-0.0153171	0.138451	0.317948	0.496078	0.656013	0.77143	0.846884	0.896382	0.914028	0.908461	0.882582	0.80559	0.655507	0.453225	0.230507	0	
0	-0.01294	-0.025546	-0.0500007	-0.0768949	-0.123077	-0.17843	-0.252824	-0.336606	-0.424678	-0.504271	-0.554658	-0.564797	-0.513717	-0.405582	-0.244338	-0.0526166	0.142861	0.321707	0.467322	0.580664	0.660725	0.712551	0.725616	0.698014	0.620746	0.500666	0.360163	0.197272	0.0334243	-0.125317	-0.284386	-0.427974	-0.539197	-0.631646	-0.682393	-0.68031	-0.621352	-0.516706	-0.388171	-0.274063	-0.179751	-0.0953322	-0.011932	0.0629366	0.134418	0.203732	0.280298	0.365284	0.462241	0.548806	0.611523	0.640762	0.652371	0.652649	0.644313	0.623561	0.584133	0.535902	0.475402	0.416093	0.368911	0.341348	0.314602	0.29964	0.31893	0.363281	0.417138	0.489022	0.57396	0.634175	0.663094	0.654888	0.591037	0.469323	0.323378	0.178755	0.035703	-0.0786229	-0.144255	-0.172559	-0.177338	-0.159341	-0.116564	-0.042277	0.0687381	0.199323	0.338407	0.465176	0.553596	0.621753	0.682769	0.728358	0.758692	0.760622	0.711726	0.59928	0.428459	0.221888	0	
0	-0.0169169	-0.0337448	-0.0616112	-0.0928376	-0.140988	-0.20142	-0.275557	-0.364516	-0.452726	-0.534291	-0.588835	-0.597669	-0.551561	-0.443996	-0.282666	-0.0931672	0.105351	0.28571	0.434472	0.551965	0.639213	0.698014	0.727512	0.716689	0.666723	0.576801	0.46227	0.322466	0.171447	0.00205511	-0.173309	-0.334268	-0.476857	-0.598725	-0.68031	-0.717622	-0.699455	-0.622735	-0.512258	-0.404354	-0.316639	-0.237573	-0.159686	-0.0854507	-0.0153126	0.0469405	0.111003	0.195506	0.302306	0.405696	0.494739	0.556947	0.59927	0.625897	0.647493	0.650133	0.635892	0.605946	0.560126	0.504646	0.453843	0.420712	0.387985	0.371033	0.382047	0.414118	0.459772	0.532288	0.619146	0.681535	0.710886	0.708245	0.660466	0.551155	0.414377	0.274631	0.136458	0.0300773	-0.0372662	-0.0762944	-0.101714	-0.116338	-0.111922	-0.0855088	-0.0309892	0.0455073	0.130022	0.206492	0.273991	0.345512	0.416745	0.492437	0.56651	0.602472	0.587629	0.518777	0.387464	0.206845	0	
0	-0.0190642	-0.0420815	-0.0686849	-0.106147	-0.153812	-0.216487	-0.293094	-0.382139	-0.472956	-0.557735	-0.613341	-0.627127	-0.584065	-0.477197	-0.319404	-0.129495	0.0718439	0.248774	0.400671	0.518131	0.603601	0.671057	0.710222	0.719044	0.695918	0.637909	0.553316	0.443548	0.31056	0.152487	-0.0205778	-0.196411	-0.362757	-0.507531	-0.621352	-0.699455	-0.717218	-0.672659	-0.58874	-0.501503	-0.425306	-0.347926	-0.274716	-0.206368	-0.144958	-0.0910354	-0.0407491	0.0351759	0.131032	0.237114	0.344035	0.431347	0.494638	0.548022	0.598609	0.630304	0.642068	0.639388	0.619356	0.578911	0.533287	0.494476	0.464307	0.447725	0.451187	0.471904	0.511183	0.584868	0.673326	0.740768	0.774538	0.782183	0.747782	0.654525	0.527978	0.384806	0.252776	0.151804	0.0762106	0.0216634	-0.033065	-0.0824693	-0.116969	-0.144151	-0.148659	-0.12681	-0.0959715	-0.0673565	-0.0265283	0.0414233	0.128479	0.236304	0.343971	0.413035	0.441594	0.416869	0.318884	0.169597	0	
0	-0.0176217	-0.0382303	-0.0645888	-0.1007	-0.148136	-0.211727	-0.28823	-0.378848	-0.471632	-0.557141	-0.616898	-0.632656	-0.59395	-0.490606	-0.338857	-0.149209	0.043959	0.22174	0.370805	0.484889	0.572034	0.642527	0.683128	0.707488	0.7008	0.668739	0.616432	0.543715	0.439442	0.303241	0.137672	-0.0405323	-0.216916	-0.376808	-0.516706	-0.622735	-0.672659	-0.667585	-0.619771	-0.556484	-0.486948	-0.419478	-0.357939	-0.29916	-0.23854	-0.194487	-0.156071	-0.0975718	-0.0215277	0.0784572	0.191203	0.28954	0.363776	0.437965	0.511706	0.567077	0.603619	0.629814	0.640517	0.627287	0.591556	0.557892	0.53515	0.523641	0.525755	0.538243	0.578085	0.650488	0.738791	0.811872	0.85353	0.870604	0.846261	0.768958	0.64764	0.503199	0.371466	0.264601	0.177667	0.0930324	0.0021246	-0.0751706	-0.146305	-0.216162	-0.265647	-0.293725	-0.311232	-0.3265	-0.314326	-0.248793	-0.145034	-0.0155348	0.114107	0.209274	0.269152	0.283232	0.232295	0.129289	0	
0	-0.0142304	-0.0283034	-0.0538412	-0.0816141	-0.129148	-0.185209	-0.261595	-0.348873	-0.44144	-0.530605	-0.591793	-0.616949	-0.583054	-0.489374	-0.343702	-0.1596	0.0288915	0.204971	0.34871	0.458821	0.542328	0.604558	0.648667	0.677342	0.683351	0.673701	0.651333	0.606386	0.534798	0.425616	0.280219	0.106307	-0.0680831	-0.235553	-0.388171	-0.512258	-0.58874	-0.619771	-0.602469	-0.559889	-0.509007	-0.460556	-0.409285	-0.353088	-0.300507	-0.269632	-0.238567	-0.197695	-0.142229	-0.058418	0.0506009	0.146509	0.227367	0.313086	0.399537	0.473096	0.530453	0.584214	0.628229	0.647392	0.633431	0.614841	0.603357	0.601007	0.602917	0.616592	0.657352	0.725209	0.814424	0.891731	0.94642	0.974049	0.955792	0.885921	0.764713	0.614106	0.46924	0.347658	0.236938	0.118273	0.00132168	-0.102104	-0.200405	-0.295758	-0.381265	-0.447965	-0.499361	-0.546072	-0.557217	-0.497946	-0.384256	-0.244657	-0.103698	0.0139504	0.0958639	0.136675	0.134354	0.0862285	0	
0	-0.00703286	-0.0148334	-0.0330708	-0.0564573	-0.0973178	-0.151645	-0.223524	-0.311077	-0.404379	-0.494686	-0.562845	-0.592053	-0.566767	-0.482491	-0.343185	-0.169337	0.0124824	0.182478	0.317527	0.422568	0.498165	0.553976	0.596323	0.621923	0.637404	0.641339	0.640201	0.626336	0.587368	0.505805	0.379359	0.219838	0.0530318	-0.117015	-0.274063	-0.404354	-0.501503	-0.556484	-0.559889	-0.541556	-0.515111	-0.47995	-0.433518	-0.389116	-0.352766	-0.328182	-0.300949	-0.276638	-0.242398	-0.17369	-0.0760988	0.0145027	0.0998921	0.188485	0.281391	0.364332	0.438765	0.511835	0.584201	0.635838	0.652538	0.66	0.665332	0.675148	0.688024	0.714323	0.757986	0.824973	0.911588	0.991607	1.0556	1.08513	1.06581	0.987207	0.856678	0.697099	0.531921	0.384548	0.243208	0.0965313	-0.0419341	-0.162817	-0.272941	-0.382758	-0.485357	-0.573761	-0.653501	-0.723702	-0.751607	-0.69607	-0.574526	-0.434952	-0.290897	-0.154106	-0.0519413	0.0118718	0.0435821	0.0370784	0	
0	-0.00505922	-0.0133599	-0.0273816	-0.0507215	-0.0877105	-0.138912	-0.208395	-0.291901	-0.383357	-0.473129	-0.541659	-0.573951	-0.554715	-0.474995	-0.343264	-0.177504	0.0020215	0.160499	0.291848	0.387151	0.451111	0.499457	0.532599	0.555297	0.574341	0.585522	0.602953	0.611028	0.598475	0.548235	0.44772	0.306438	0.145932	-0.0238969	-0.179751	-0.316639	-0.425306	-0.486948	-0.509007	-0.515111	-0.504126	-0.472443	-0.438737	-0.409131	-0.383551	-0.36239	-0.34858	-0.342726	-0.324328	-0.273919	-0.195484	-0.113074	-0.0271559	0.0605211	0.152311	0.241293	0.324932	0.410946	0.504299	0.585014	0.643092	0.68642	0.717721	0.748043	0.786018	0.835558	0.887996	0.956491	1.041	1.12037	1.18092	1.20584	1.1718	1.06686	0.916299	0.735881	0.544316	0.362476	0.188183	0.0261328	-0.119999	-0.243847	-0.35604	-0.468999	-0.573269	-0.675973	-0.773881	-0.851979	-0.889174	-0.844366	-0.725188	-0.577881	-0.424534	-0.283091	-0.164094	-0.0706937	-0.0220259	-0.0102335	0	
