0	0	0	0	0	0	0	0	0	0	0	0	0	0	0	0	0	0	0	0	0	0	0	0	0	0	0	0	0	0	0	0	0	0	0	0	0	0	0	0	0	0	0	0	0	0	0	0	0	0	0	0	0	0	0	0	0	0	0	0	0	0	0	0	0	0	0	0	0	0	0	0	0	0	0	0	0	0	0	0	0	0	0	0	0	0	0	0	0	0	0	0	0	0	0	0	0	0	0	0	
0	-0.0351853	-0.0591186	-0.0740016	-0.08774	-0.106807	-0.133306	-0.164064	-0.187947	-0.196078	-0.1869	-0.159242	-0.112176	-0.0505394	0.0157625	0.0751979	0.122102	0.155315	0.182248	0.205197	0.224641	0.237739	0.244693	0.245401	0.236253	0.213471	0.174966	0.121893	0.059183	0.00178877	-0.0351364	-0.0476077	-0.0417289	-0.028759	-0.0157949	-0.003474	0.00978999	0.0243067	0.0403129	0.0565733	0.0654237	0.0670338	0.0635328	0.055638	0.0417592	0.01843	-0.0165433	-0.0537905	-0.0851826	-0.100997	-0.100512	-0.0893058	-0.0728645	-0.0544075	-0.0377174	-0.0241891	-0.0165644	-0.0161426	-0.0198308	-0.0190473	-0.00820921	0.00520146	0.0153746	0.0202542	0.0245957	0.0367863	0.0555111	0.0742622	0.0864009	0.0894462	0.0904336	0.0902315	0.0874208	0.0779294	0.0577954	0.0296406	-0.00259033	-0.0379803	-0.0730669	-0.105329	-0.134438	-0.156418	-0.173316	-0.185109	-0.190713	-0.189849	-0.182048	-0.167114	-0.14774	-0.131155	-0.118562	-0.111323	-0.108664	-0.10507	-0.097924	-0.0868135	-0.0699657	-0.0483061	-0.0254986	0	
0	-0.0591186	-0.10592	-0.143779	-0.182355	-0.222164	-0.268197	-0.317599	-0.357726	-0.371864	-0.3541	-0.299117	-0.205568	-0.0857663	0.0405964	0.155041	0.247518	0.315997	0.368688	0.410029	0.442146	0.464489	0.477764	0.478846	0.456809	0.406533	0.32813	0.230164	0.119583	0.0191882	-0.0495918	-0.0811213	-0.0826621	-0.066506	-0.0438153	-0.0140982	0.0165788	0.0458756	0.0741131	0.1025	0.12287	0.134618	0.137826	0.129752	0.104063	0.0555427	-0.0143194	-0.0904337	-0.153598	-0.189619	-0.194703	-0.177916	-0.148201	-0.115812	-0.0858602	-0.0597346	-0.0398241	-0.0265067	-0.0199733	-0.0094799	0.0108785	0.0296404	0.0427051	0.0526705	0.0641437	0.0833589	0.111475	0.142923	0.167545	0.177454	0.181557	0.177041	0.159707	0.133724	0.0948662	0.0443036	-0.0119731	-0.0720468	-0.13127	-0.192562	-0.252583	-0.303892	-0.347604	-0.375389	-0.387705	-0.383666	-0.366233	-0.340885	-0.309456	-0.280116	-0.249988	-0.222328	-0.200206	-0.179744	-0.161081	-0.142283	-0.117707	-0.0845296	-0.0456929	0	
0	-0.0740016	-0.143779	-0.217235	-0.291937	-0.358101	-0.415482	-0.471543	-0.515046	-0.526979	-0.496091	-0.413056	-0.277382	-0.107345	0.0720695	0.237458	0.376918	0.480001	0.555915	0.607976	0.645606	0.670621	0.683882	0.676179	0.631577	0.54665	0.432054	0.302405	0.164442	0.0386503	-0.053709	-0.106	-0.120746	-0.107251	-0.0728793	-0.0240887	0.0276098	0.0711321	0.108492	0.148947	0.18158	0.20589	0.216225	0.203314	0.161499	0.0899982	-0.0090853	-0.110755	-0.201084	-0.259313	-0.280078	-0.269522	-0.237371	-0.194607	-0.154051	-0.114634	-0.0745437	-0.0364804	-0.00712335	0.0170669	0.0451363	0.0698061	0.0943829	0.117269	0.136203	0.158073	0.182357	0.210566	0.239046	0.255544	0.261031	0.246246	0.213269	0.167226	0.107616	0.0405278	-0.0304689	-0.109449	-0.191493	-0.27535	-0.363694	-0.443312	-0.510584	-0.554673	-0.569804	-0.562023	-0.540591	-0.508998	-0.468039	-0.425245	-0.37534	-0.324217	-0.28094	-0.243744	-0.213291	-0.188001	-0.156191	-0.112222	-0.0615886	0	
0	-0.08774	-0.182355	-0.291937	-0.406389	-0.497311	-0.564684	-0.618052	-0.652174	-0.646315	-0.591722	-0.480757	-0.313042	-0.106481	0.114223	0.325128	0.505321	0.638388	0.728929	0.785737	0.82139	0.840544	0.8414	0.812833	0.737739	0.621331	0.481043	0.337385	0.189406	0.0534055	-0.0511682	-0.116597	-0.141291	-0.127467	-0.0843612	-0.0155183	0.0565952	0.118271	0.171887	0.226965	0.271491	0.29826	0.298177	0.264347	0.196714	0.101875	-0.0115177	-0.127233	-0.23138	-0.310728	-0.354061	-0.361834	-0.337063	-0.293936	-0.243181	-0.185166	-0.120646	-0.0550643	-0.00485815	0.0347824	0.074908	0.110977	0.149916	0.192654	0.2279	0.250641	0.265366	0.281478	0.298205	0.304078	0.306078	0.289045	0.243571	0.18189	0.103814	0.0156578	-0.0718245	-0.160813	-0.250833	-0.352611	-0.461305	-0.557713	-0.638192	-0.687044	-0.708773	-0.707118	-0.687913	-0.655288	-0.605444	-0.549885	-0.485185	-0.421836	-0.3702	-0.324747	-0.284876	-0.246398	-0.19924	-0.139952	-0.0746828	0	
0	-0.106807	-0.222164	-0.358101	-0.497311	-0.607521	-0.679978	-0.726658	-0.739014	-0.701827	-0.614798	-0.477276	-0.288136	-0.0609841	0.184707	0.422764	0.63032	0.781533	0.882735	0.938848	0.965514	0.966097	0.942711	0.886139	0.783895	0.644271	0.491422	0.345523	0.201541	0.0710232	-0.0303235	-0.0963857	-0.123139	-0.109856	-0.0566805	0.0300816	0.128853	0.21723	0.29236	0.364064	0.410216	0.424666	0.400087	0.334297	0.236883	0.121592	-0.00870981	-0.133994	-0.254619	-0.352757	-0.417993	-0.446392	-0.437945	-0.398763	-0.341751	-0.266215	-0.176858	-0.0893348	-0.0237202	0.0250745	0.0787623	0.13377	0.194051	0.249904	0.288985	0.315628	0.330629	0.340576	0.346499	0.339613	0.327935	0.29724	0.242149	0.165103	0.0681161	-0.0314854	-0.123041	-0.216137	-0.311778	-0.414488	-0.525409	-0.622953	-0.70493	-0.762524	-0.793477	-0.803038	-0.795627	-0.767823	-0.718211	-0.660907	-0.593257	-0.525829	-0.468791	-0.41546	-0.363892	-0.313437	-0.251921	-0.175323	-0.0938364	0	
0	-0.133306	-0.268197	-0.415482	-0.564684	-0.679978	-0.751351	-0.782861	-0.767107	-0.693581	-0.573076	-0.410131	-0.20374	0.0344293	0.284707	0.526319	0.737366	0.896223	1.0021	1.05535	1.06431	1.03706	0.981983	0.898421	0.774062	0.620297	0.461375	0.321313	0.191225	0.0777208	-0.00872663	-0.0668583	-0.0917935	-0.0729847	-0.00700242	0.108383	0.243284	0.367419	0.470073	0.551557	0.589939	0.579008	0.519575	0.41886	0.29072	0.148629	-0.00113311	-0.146634	-0.279999	-0.390424	-0.468324	-0.513895	-0.523611	-0.499552	-0.443921	-0.356351	-0.249002	-0.142727	-0.0630983	0.00418058	0.0794207	0.152338	0.219774	0.278282	0.321064	0.351123	0.371897	0.385521	0.384048	0.357271	0.325686	0.277348	0.20126	0.110054	0.00578009	-0.10041	-0.193672	-0.279622	-0.360532	-0.451304	-0.552043	-0.644866	-0.732218	-0.796929	-0.838428	-0.855408	-0.85167	-0.831612	-0.792168	-0.747451	-0.688737	-0.623043	-0.561505	-0.499176	-0.439545	-0.381002	-0.310148	-0.220503	-0.118125	0	
0	-0.164064	-0.317599	-0.471543	-0.618052	-0.726658	-0.782861	-0.792194	-0.747096	-0.643728	-0.496067	-0.310874	-0.0880301	0.154928	0.397664	0.622599	0.820287	0.971443	1.07598	1.12277	1.11663	1.06318	0.978592	0.865811	0.719312	0.551831	0.391719	0.261792	0.147863	0.0524547	-0.0183228	-0.0627489	-0.072658	-0.0354085	0.0595991	0.210168	0.385968	0.54776	0.674104	0.762908	0.784442	0.740499	0.641659	0.503257	0.343949	0.178377	0.00555972	-0.154618	-0.301684	-0.419597	-0.50615	-0.565384	-0.594531	-0.586258	-0.539065	-0.449673	-0.332546	-0.21364	-0.11607	-0.0285759	0.0718068	0.167549	0.250587	0.312437	0.351295	0.379573	0.398306	0.406713	0.396487	0.356546	0.301622	0.22615	0.133224	0.0335598	-0.0718505	-0.171588	-0.257995	-0.339952	-0.413798	-0.48896	-0.575524	-0.660889	-0.745904	-0.812921	-0.852314	-0.865693	-0.862906	-0.847082	-0.817419	-0.783643	-0.734537	-0.677202	-0.623322	-0.56904	-0.51337	-0.454623	-0.375827	-0.268661	-0.144755	0	
0	-0.187947	-0.357726	-0.515046	-0.652174	-0.739014	-0.767107	-0.747096	-0.676911	-0.552552	-0.387949	-0.189251	0.0396451	0.278846	0.504791	0.705401	0.873788	0.999816	1.08533	1.12321	1.10979	1.04569	0.93992	0.802508	0.635475	0.461803	0.30873	0.192671	0.092403	0.00742118	-0.0504268	-0.075236	-0.0591547	0.0103786	0.136949	0.320558	0.529159	0.72061	0.869311	0.961333	0.966929	0.889473	0.751298	0.578984	0.395221	0.211883	0.0289771	-0.142923	-0.297282	-0.425182	-0.523869	-0.597563	-0.64062	-0.645087	-0.608273	-0.52779	-0.414033	-0.286455	-0.172098	-0.0587655	0.0648148	0.177502	0.269986	0.339558	0.381639	0.401215	0.403423	0.394487	0.367442	0.308885	0.239685	0.154117	0.0530377	-0.0464638	-0.145439	-0.240236	-0.319239	-0.387058	-0.445434	-0.51267	-0.596512	-0.678085	-0.755699	-0.809819	-0.838921	-0.848571	-0.847021	-0.835009	-0.805582	-0.771766	-0.72745	-0.682294	-0.647567	-0.612565	-0.571531	-0.516055	-0.429539	-0.308451	-0.164442	0	
0	-0.196078	-0.371864	-0.526979	-0.646315	-0.701827	-0.693581	-0.643728	-0.552552	-0.415515	-0.24419	-0.0481477	0.169583	0.390332	0.594073	0.765431	0.897231	0.982734	1.03728	1.05953	1.04512	0.980307	0.869877	0.722606	0.551972	0.38321	0.241169	0.136567	0.0446634	-0.0294712	-0.0695768	-0.0674179	-0.0185853	0.0807582	0.233351	0.436562	0.662815	0.870009	1.02539	1.11367	1.10162	0.999611	0.837882	0.64802	0.454269	0.26792	0.0821801	-0.0922776	-0.257534	-0.399076	-0.511476	-0.594997	-0.645645	-0.659513	-0.636902	-0.571868	-0.468337	-0.341325	-0.215022	-0.0897753	0.0448184	0.166457	0.265943	0.335517	0.369734	0.375433	0.360298	0.334361	0.293377	0.228415	0.153993	0.066877	-0.0320917	-0.131825	-0.228861	-0.309789	-0.364722	-0.409813	-0.454459	-0.516813	-0.598515	-0.674942	-0.7397	-0.780033	-0.800558	-0.806858	-0.805148	-0.792427	-0.763854	-0.731984	-0.693401	-0.659053	-0.638735	-0.621378	-0.594746	-0.549725	-0.467183	-0.339897	-0.183243	0	
0	-0.1869	-0.3541	-0.496091	-0.591722	-0.614798	-0.573076	-0.496067	-0.387949	-0.24419	-0.0782209	0.101096	0.292206	0.483326	0.655276	0.792388	0.884551	0.930703	0.95054	0.951052	0.925664	0.863989	0.76472	0.636867	0.485968	0.332867	0.199625	0.0991896	0.0160251	-0.0420721	-0.0580709	-0.0272996	0.0477687	0.170164	0.338821	0.551369	0.780181	0.98132	1.1249	1.19614	1.17013	1.05893	0.893278	0.703541	0.511833	0.328905	0.149872	-0.0212825	-0.184488	-0.329646	-0.447837	-0.536416	-0.593522	-0.618116	-0.613436	-0.570471	-0.482756	-0.36161	-0.240105	-0.117261	0.0115409	0.126662	0.216968	0.276766	0.299896	0.293201	0.266221	0.228935	0.179397	0.110478	0.0426485	-0.0338355	-0.125973	-0.222817	-0.313634	-0.380689	-0.414039	-0.43246	-0.45456	-0.500227	-0.569715	-0.635505	-0.691987	-0.72652	-0.737196	-0.732093	-0.721214	-0.704876	-0.680515	-0.659779	-0.636889	-0.617167	-0.608252	-0.600944	-0.587606	-0.555968	-0.483418	-0.360181	-0.195552	0	
0	-0.159242	-0.299117	-0.413056	-0.480757	-0.477276	-0.410131	-0.310874	-0.189251	-0.0481477	0.101096	0.252999	0.411246	0.56427	0.694222	0.7896	0.844787	0.858927	0.847879	0.81767	0.773779	0.714393	0.644093	0.55621	0.442953	0.312835	0.189068	0.0944384	0.0215007	-0.0198632	-0.0166403	0.0322613	0.125437	0.263483	0.443652	0.655467	0.868416	1.04255	1.15612	1.20611	1.1753	1.07296	0.922258	0.745613	0.564481	0.39257	0.228424	0.0743597	-0.0747916	-0.208443	-0.318606	-0.40616	-0.472209	-0.516106	-0.532346	-0.506955	-0.43889	-0.344184	-0.249559	-0.155169	-0.0480048	0.0534231	0.131071	0.173536	0.179641	0.158216	0.120013	0.075958	0.0231852	-0.0390497	-0.0976981	-0.161688	-0.240723	-0.322972	-0.394789	-0.442151	-0.458375	-0.462635	-0.466229	-0.486513	-0.527306	-0.573305	-0.617116	-0.64013	-0.641126	-0.622423	-0.597199	-0.575253	-0.556689	-0.548565	-0.541068	-0.536136	-0.541918	-0.550782	-0.550638	-0.530001	-0.466731	-0.34968	-0.190867	0	
0	-0.112176	-0.205568	-0.277382	-0.313042	-0.288136	-0.20374	-0.0880301	0.0396451	0.169583	0.292206	0.411246	0.531887	0.64152	0.724116	0.774884	0.792971	0.774652	0.728959	0.668539	0.608779	0.562635	0.527653	0.486807	0.416608	0.318963	0.217495	0.137095	0.0762648	0.0433934	0.0501802	0.102385	0.200229	0.345987	0.528923	0.728641	0.912412	1.04742	1.12574	1.15645	1.12882	1.047	0.923978	0.776063	0.620904	0.474454	0.336012	0.20747	0.0854005	-0.0248386	-0.121136	-0.208207	-0.288545	-0.352939	-0.391552	-0.391562	-0.352021	-0.293896	-0.245822	-0.194047	-0.121982	-0.047357	0.00668136	0.0289182	0.0168047	-0.0197925	-0.0689953	-0.120129	-0.170615	-0.22432	-0.270985	-0.320821	-0.376699	-0.42949	-0.47284	-0.498466	-0.502431	-0.491212	-0.473068	-0.466228	-0.481409	-0.504922	-0.527925	-0.535023	-0.517261	-0.485508	-0.455907	-0.43031	-0.408014	-0.395143	-0.389629	-0.396326	-0.418331	-0.445206	-0.463166	-0.456582	-0.406356	-0.306207	-0.166273	0	
0	-0.0505394	-0.0857663	-0.107345	-0.106481	-0.0609841	0.0344293	0.154928	0.278846	0.390332	0.483326	0.56427	0.64152	0.706522	0.74584	0.756049	0.731342	0.669499	0.585659	0.503446	0.446366	0.422652	0.424794	0.425963	0.400341	0.343948	0.275274	0.216264	0.167744	0.137019	0.138177	0.179354	0.267607	0.404768	0.576641	0.755259	0.907156	1.00514	1.05268	1.06437	1.03921	0.978363	0.891522	0.787566	0.678986	0.573369	0.472191	0.375349	0.283407	0.200862	0.12398	0.038654	-0.0574936	-0.149219	-0.215782	-0.244292	-0.244729	-0.237672	-0.238054	-0.232497	-0.203439	-0.165363	-0.14269	-0.148053	-0.180695	-0.233389	-0.291536	-0.339451	-0.380727	-0.421421	-0.457415	-0.49042	-0.522874	-0.547238	-0.560086	-0.558987	-0.535149	-0.49665	-0.456232	-0.433592	-0.433782	-0.440736	-0.439722	-0.418857	-0.385722	-0.346033	-0.306838	-0.271115	-0.236032	-0.210713	-0.197336	-0.201403	-0.230876	-0.275135	-0.315565	-0.335836	-0.315439	-0.245857	-0.136473	0	
0	0.0157625	0.0405964	0.0720695	0.114223	0.184707	0.284707	0.397664	0.504791	0.594073	0.655276	0.694222	0.724116	0.74584	0.749139	0.719378	0.646188	0.535509	0.419264	0.331899	0.291188	0.297912	0.336208	0.379107	0.39847	0.384117	0.348317	0.309642	0.272567	0.244929	0.237772	0.262649	0.329106	0.443017	0.591201	0.744386	0.868704	0.941535	0.965794	0.960447	0.929835	0.881448	0.826034	0.77065	0.716277	0.66364	0.607636	0.551168	0.496675	0.443916	0.382815	0.298034	0.189472	0.0767631	-0.0205583	-0.0926168	-0.141273	-0.183828	-0.234404	-0.277862	-0.297852	-0.306197	-0.322741	-0.354886	-0.403918	-0.46196	-0.514802	-0.554348	-0.584727	-0.6125	-0.63196	-0.643536	-0.649599	-0.651302	-0.643895	-0.612851	-0.554244	-0.481091	-0.417609	-0.382694	-0.372334	-0.365492	-0.347803	-0.314882	-0.265087	-0.207715	-0.153073	-0.099563	-0.048434	-0.00606062	0.0199504	0.0191804	-0.0136231	-0.0729545	-0.142915	-0.20061	-0.221074	-0.189671	-0.109859	0	
0	0.0751979	0.155041	0.237458	0.325128	0.422764	0.526319	0.622599	0.705401	0.765431	0.792388	0.7896	0.774884	0.756049	0.719378	0.645049	0.52312	0.374854	0.241658	0.159979	0.140535	0.178241	0.253504	0.337111	0.398402	0.422673	0.418054	0.399111	0.375216	0.351665	0.339943	0.350188	0.393835	0.478073	0.593207	0.713851	0.812421	0.86621	0.878999	0.860596	0.822961	0.777397	0.741162	0.720468	0.713171	0.709247	0.704517	0.694242	0.67971	0.656695	0.614797	0.538939	0.429689	0.304034	0.179003	0.0650405	-0.0390285	-0.139663	-0.24123	-0.333922	-0.405607	-0.460099	-0.512774	-0.570654	-0.629712	-0.682984	-0.721078	-0.742225	-0.756418	-0.766235	-0.765352	-0.755128	-0.745558	-0.733991	-0.704471	-0.64317	-0.55058	-0.448536	-0.364008	-0.310338	-0.28434	-0.269586	-0.24664	-0.204825	-0.145141	-0.0733489	0.00181579	0.0723342	0.136118	0.185759	0.214196	0.214204	0.173894	0.0976036	0.0035938	-0.0837005	-0.135436	-0.13474	-0.0833792	0	
0	0.122102	0.247518	0.376918	0.505321	0.63032	0.737366	0.820287	0.873788	0.897231	0.884551	0.844787	0.792971	0.731342	0.646188	0.52312	0.366242	0.201874	0.0705852	0.00284546	0.00814524	0.0763206	0.183987	0.298507	0.39273	0.452098	0.479581	0.48279	0.470502	0.450189	0.434957	0.435673	0.463326	0.521242	0.6027	0.690116	0.761572	0.802056	0.806781	0.779727	0.731653	0.679092	0.644529	0.639206	0.659334	0.695527	0.73743	0.775717	0.803511	0.8117	0.793684	0.737748	0.643708	0.517363	0.369783	0.212408	0.0568772	-0.0992466	-0.254592	-0.398614	-0.515048	-0.606607	-0.688615	-0.76338	-0.824872	-0.865896	-0.883859	-0.885521	-0.879556	-0.864948	-0.840972	-0.814405	-0.791322	-0.763858	-0.714144	-0.629322	-0.518098	-0.397924	-0.293873	-0.221885	-0.181294	-0.160681	-0.136585	-0.0943794	-0.0279671	0.0551729	0.140718	0.220311	0.288242	0.338229	0.360594	0.34489	0.286877	0.193347	0.0823823	-0.0182038	-0.0832638	-0.0978899	-0.063212	0	
0	0.155315	0.315997	0.480001	0.638388	0.781533	0.896223	0.971443	0.999816	0.982734	0.930703	0.858927	0.774652	0.669499	0.535509	0.374854	0.201874	0.0420396	-0.0742722	-0.11751	-0.084805	0.0103778	0.136044	0.26617	0.381155	0.470217	0.530985	0.559077	0.561997	0.546483	0.527772	0.520722	0.534303	0.570914	0.624605	0.68352	0.733853	0.760737	0.758098	0.718927	0.655793	0.587653	0.540909	0.531787	0.562828	0.623316	0.703219	0.782234	0.848385	0.891824	0.907733	0.884684	0.813112	0.691814	0.528511	0.339216	0.137166	-0.0709442	-0.275586	-0.458746	-0.60445	-0.715109	-0.806193	-0.884328	-0.943206	-0.976854	-0.983033	-0.968969	-0.938931	-0.897701	-0.854214	-0.81503	-0.778284	-0.731209	-0.661206	-0.56237	-0.444495	-0.318929	-0.209617	-0.132831	-0.0909163	-0.0692285	-0.0399536	0.00891886	0.0799848	0.16314	0.24816	0.324759	0.385976	0.424445	0.429026	0.394323	0.317214	0.207868	0.0878793	-0.0160176	-0.08027	-0.0938715	-0.0606456	0	
0	0.182248	0.368688	0.555915	0.728929	0.882735	1.0021	1.07598	1.08533	1.03728	0.95054	0.847879	0.728959	0.585659	0.419264	0.241658	0.0705852	-0.0742722	-0.163266	-0.176434	-0.11435	-0.00279323	0.130687	0.264495	0.3884	0.495199	0.580067	0.631916	0.653271	0.644653	0.623686	0.604418	0.603708	0.621952	0.657185	0.702064	0.740514	0.759381	0.745824	0.688612	0.602229	0.507964	0.436893	0.411774	0.441452	0.518012	0.625715	0.738488	0.838987	0.915817	0.966998	0.972699	0.920796	0.80362	0.633047	0.426525	0.198472	-0.0469104	-0.285285	-0.494968	-0.655558	-0.768858	-0.854567	-0.92191	-0.970867	-0.997763	-0.999869	-0.97471	-0.927896	-0.868686	-0.808711	-0.751949	-0.694161	-0.628162	-0.549026	-0.451259	-0.336987	-0.216621	-0.119061	-0.0574565	-0.0248602	-0.00602317	0.0246081	0.0762074	0.145388	0.223942	0.301203	0.366864	0.416629	0.441875	0.433686	0.383002	0.288357	0.164649	0.0324989	-0.0761944	-0.137037	-0.139121	-0.0853323	0	
0	0.205197	0.410029	0.607976	0.785737	0.938848	1.05535	1.12277	1.12321	1.05953	0.951052	0.81767	0.668539	0.503446	0.331899	0.159979	0.00284546	-0.11751	-0.176434	-0.159214	-0.0799438	0.0403757	0.174396	0.307145	0.428856	0.536776	0.63049	0.696405	0.732014	0.734352	0.712428	0.68482	0.66878	0.672687	0.698479	0.739987	0.776455	0.788933	0.762597	0.685209	0.572238	0.449132	0.348271	0.300313	0.320632	0.401008	0.523509	0.65766	0.784454	0.891173	0.966955	0.991012	0.947924	0.835925	0.669406	0.465821	0.232786	-0.0220245	-0.273631	-0.491584	-0.653774	-0.764101	-0.835516	-0.884161	-0.919094	-0.936931	-0.926282	-0.890247	-0.831286	-0.761016	-0.689942	-0.619444	-0.549341	-0.480062	-0.409079	-0.318902	-0.21664	-0.114868	-0.0393538	0.00101612	0.0172529	0.0259413	0.0491348	0.092695	0.156276	0.225845	0.292298	0.347909	0.387427	0.404909	0.387057	0.325245	0.219999	0.0844293	-0.0574155	-0.171735	-0.228373	-0.211092	-0.12632	0	
0	0.224641	0.442146	0.645606	0.82139	0.965514	1.06431	1.11663	1.10979	1.04512	0.925664	0.773779	0.608779	0.446366	0.291188	0.140535	0.00814524	-0.084805	-0.11435	-0.0799438	0.00882272	0.130154	0.263772	0.392	0.504143	0.600325	0.683642	0.74369	0.782991	0.79109	0.774644	0.741584	0.718987	0.718395	0.746661	0.79508	0.832102	0.8364	0.796232	0.700592	0.567507	0.420177	0.292713	0.218445	0.218522	0.286401	0.404134	0.544267	0.686426	0.810901	0.902811	0.931876	0.892762	0.789767	0.640211	0.456028	0.24038	-0.00386434	-0.242208	-0.450679	-0.608734	-0.710756	-0.768817	-0.800273	-0.815439	-0.807787	-0.775134	-0.719678	-0.651347	-0.578449	-0.50046	-0.425258	-0.360897	-0.306261	-0.251694	-0.182648	-0.102013	-0.0250174	0.0235027	0.0429392	0.0409212	0.0302913	0.0351103	0.0657025	0.114961	0.172703	0.23297	0.2856	0.324015	0.333224	0.307964	0.238858	0.122973	-0.0194144	-0.166676	-0.278307	-0.320488	-0.280103	-0.162854	0	
0	0.237739	0.464489	0.670621	0.840544	0.966097	1.03706	1.06318	1.04569	0.980307	0.863989	0.714393	0.562635	0.422652	0.297912	0.178241	0.0763206	0.0103778	-0.00279323	0.0403757	0.130154	0.250009	0.377943	0.497775	0.595897	0.669539	0.726163	0.766582	0.796567	0.807882	0.793807	0.765085	0.749115	0.761508	0.804849	0.863379	0.898173	0.890618	0.834951	0.726479	0.579386	0.417842	0.271084	0.17318	0.145286	0.182425	0.273141	0.398223	0.537127	0.665475	0.757321	0.790923	0.764703	0.682898	0.558227	0.402195	0.214742	0.00176512	-0.210437	-0.39637	-0.533672	-0.624319	-0.66932	-0.682676	-0.674157	-0.637135	-0.570152	-0.494776	-0.416665	-0.337607	-0.2615	-0.199334	-0.15617	-0.122297	-0.0895792	-0.0405009	0.0120302	0.0575725	0.081239	0.074449	0.0471023	0.0169363	0.0037794	0.0157237	0.0517621	0.102653	0.160039	0.207907	0.236669	0.239518	0.207299	0.128592	0.00581913	-0.140404	-0.280915	-0.377334	-0.397324	-0.328627	-0.187626	0	
0	0.244693	0.477764	0.683882	0.8414	0.942711	0.981983	0.978592	0.93992	0.869877	0.76472	0.644093	0.527653	0.424794	0.336208	0.253504	0.183987	0.136044	0.130687	0.174396	0.263772	0.377943	0.496462	0.603754	0.679994	0.722913	0.7478	0.763222	0.778127	0.779321	0.766631	0.748636	0.754972	0.79234	0.856189	0.927667	0.964891	0.950943	0.885285	0.764922	0.606419	0.434107	0.275	0.156171	0.0955488	0.0904731	0.136783	0.226891	0.342767	0.456119	0.543988	0.582793	0.576765	0.527757	0.439789	0.318755	0.168047	-0.00773334	-0.180338	-0.331097	-0.444622	-0.516705	-0.547782	-0.545835	-0.514329	-0.444917	-0.352578	-0.255651	-0.161478	-0.0792544	-0.0104622	0.0296723	0.0466768	0.0605373	0.0771885	0.102904	0.132385	0.15401	0.147652	0.113213	0.0603355	0.00763633	-0.025678	-0.0272181	0.000820274	0.0446696	0.0914467	0.127984	0.148562	0.13807	0.0952608	0.00913536	-0.118439	-0.257219	-0.384592	-0.461814	-0.458664	-0.369996	-0.208003	0	
0	0.245401	0.478846	0.676179	0.812833	0.886139	0.898421	0.865811	0.802508	0.722606	0.636867	0.55621	0.486807	0.425963	0.379107	0.337111	0.298507	0.26617	0.264495	0.307145	0.392	0.497775	0.603754	0.689954	0.735985	0.745709	0.741367	0.731621	0.718561	0.701243	0.686732	0.686281	0.718697	0.781642	0.868604	0.961953	1.01771	1.01381	0.947166	0.819899	0.650211	0.467915	0.295177	0.151921	0.0526321	-0.00222681	-0.00620896	0.0419093	0.122284	0.209254	0.281221	0.327521	0.350824	0.341233	0.296492	0.226202	0.127613	0.00137821	-0.130962	-0.249231	-0.335927	-0.395542	-0.41545	-0.395744	-0.342937	-0.255077	-0.143371	-0.0305899	0.0762113	0.164108	0.221891	0.242394	0.240557	0.238265	0.235487	0.243385	0.25466	0.254884	0.229683	0.173115	0.0992167	0.0292699	-0.0210617	-0.0370243	-0.0227365	0.0065321	0.0386047	0.0610139	0.069472	0.0508264	-0.0010223	-0.0938718	-0.219754	-0.351059	-0.463759	-0.528559	-0.514183	-0.408545	-0.230253	0	
0	0.236253	0.456809	0.631577	0.737739	0.783895	0.774062	0.719312	0.635475	0.551972	0.485968	0.442953	0.416608	0.400341	0.39847	0.398402	0.39273	0.381155	0.3884	0.428856	0.504143	0.595897	0.679994	0.735985	0.747907	0.727892	0.695575	0.653434	0.605964	0.565839	0.549882	0.564784	0.621183	0.711596	0.827909	0.954332	1.04136	1.0598	1.00448	0.880397	0.706244	0.512219	0.31795	0.140975	-0.00231765	-0.103161	-0.152271	-0.147149	-0.105944	-0.0507206	0.00662015	0.0586657	0.108755	0.145382	0.158442	0.148316	0.110429	0.040491	-0.0461853	-0.130285	-0.19748	-0.245329	-0.256553	-0.227546	-0.167638	-0.0749125	0.0399832	0.162546	0.279791	0.36521	0.415449	0.425271	0.410441	0.393102	0.374251	0.366528	0.366978	0.357066	0.319374	0.253117	0.169409	0.0886171	0.0266527	-0.0016597	-0.0035553	0.00302289	0.0137403	0.0265689	0.0295712	0.000117104	-0.057767	-0.150894	-0.276303	-0.406859	-0.522166	-0.58494	-0.56046	-0.441653	-0.246294	0	
0	0.213471	0.406533	0.54665	0.621331	0.644271	0.620297	0.551831	0.461803	0.38321	0.332867	0.312835	0.318963	0.343948	0.384117	0.422673	0.452098	0.470217	0.495199	0.536776	0.600325	0.669539	0.722913	0.745709	0.727892	0.679256	0.614236	0.537122	0.456229	0.391675	0.366831	0.393013	0.4777	0.603658	0.756764	0.918306	1.04024	1.0881	1.05551	0.945692	0.770941	0.561604	0.339252	0.124448	-0.0582829	-0.197033	-0.28373	-0.315759	-0.311239	-0.281709	-0.23343	-0.170149	-0.0937113	-0.0210733	0.0372275	0.0858317	0.111395	0.101547	0.0666712	0.0215532	-0.022193	-0.0616127	-0.0699094	-0.0431459	0.00524408	0.0819088	0.186253	0.302969	0.413155	0.493918	0.543054	0.555698	0.541937	0.519855	0.494971	0.482683	0.478431	0.461865	0.422118	0.353775	0.263817	0.176944	0.107642	0.0653021	0.0438376	0.0393063	0.0484869	0.0556306	0.0476621	0.0122578	-0.0469415	-0.144339	-0.283463	-0.43271	-0.559809	-0.628578	-0.601099	-0.470376	-0.262736	0	
0	0.174966	0.32813	0.432054	0.481043	0.491422	0.461375	0.391719	0.30873	0.241169	0.199625	0.189068	0.217495	0.275274	0.348317	0.418054	0.479581	0.530985	0.580067	0.63049	0.683642	0.726163	0.7478	0.741367	0.695575	0.614236	0.516046	0.41232	0.303837	0.213432	0.178731	0.222659	0.342961	0.506838	0.692683	0.88536	1.03874	1.11609	1.10707	1.01205	0.840173	0.620748	0.37776	0.137381	-0.0732469	-0.242519	-0.365156	-0.436996	-0.462496	-0.446928	-0.398529	-0.325581	-0.232051	-0.133138	-0.0396938	0.0488901	0.122441	0.168369	0.184084	0.178833	0.162731	0.137933	0.128708	0.140511	0.163172	0.208129	0.282312	0.372401	0.459692	0.528722	0.584794	0.615795	0.6201	0.616683	0.608461	0.603559	0.598561	0.578525	0.534674	0.460547	0.36985	0.284637	0.210024	0.158737	0.135502	0.134428	0.141549	0.144144	0.133647	0.095082	0.0240047	-0.0957079	-0.256997	-0.422939	-0.563299	-0.641665	-0.620098	-0.490531	-0.275325	0	
0	0.121893	0.230164	0.302405	0.337385	0.345523	0.321313	0.261792	0.192671	0.136567	0.0991896	0.0944384	0.137095	0.216264	0.309642	0.399111	0.48279	0.559077	0.631916	0.696405	0.74369	0.766582	0.763222	0.731621	0.653434	0.537122	0.41232	0.288068	0.157252	0.0498941	0.0198079	0.0898313	0.240392	0.432925	0.648058	0.869865	1.05247	1.15247	1.16024	1.08076	0.919637	0.701795	0.451282	0.196645	-0.0329605	-0.227233	-0.382475	-0.485463	-0.534092	-0.529273	-0.480444	-0.400213	-0.295976	-0.179901	-0.064751	0.0525392	0.163248	0.251076	0.307771	0.337835	0.344372	0.329922	0.314186	0.300801	0.286304	0.292212	0.326326	0.376967	0.435845	0.496507	0.560006	0.607859	0.639966	0.668728	0.69048	0.706557	0.711117	0.69091	0.643258	0.571317	0.48505	0.402934	0.332093	0.285613	0.270906	0.274937	0.280882	0.283712	0.273173	0.224968	0.131495	-0.012863	-0.195674	-0.378993	-0.531969	-0.621768	-0.609252	-0.48571	-0.273683	0	
0	0.059183	0.119583	0.164442	0.189406	0.201541	0.191225	0.147863	0.092403	0.0446634	0.0160251	0.0215007	0.0762648	0.167744	0.272567	0.375216	0.470502	0.561997	0.653271	0.732014	0.782991	0.796567	0.778127	0.718561	0.605964	0.456229	0.303837	0.157252	0.0133774	-0.0883333	-0.0964012	-0.0032516	0.169379	0.388373	0.63546	0.886436	1.09106	1.20512	1.22737	1.16503	1.01998	0.806467	0.5519	0.290789	0.0517202	-0.15942	-0.335441	-0.462625	-0.529787	-0.53655	-0.495511	-0.416237	-0.301735	-0.170007	-0.0380401	0.0965194	0.229757	0.347256	0.435242	0.491644	0.517126	0.503802	0.465635	0.418155	0.369371	0.337467	0.334502	0.357545	0.397771	0.45143	0.513842	0.569089	0.615732	0.667704	0.717223	0.754619	0.775258	0.768264	0.731471	0.665436	0.58644	0.513202	0.456856	0.432927	0.435374	0.44696	0.456557	0.460893	0.443251	0.376071	0.258676	0.095649	-0.104572	-0.310401	-0.483361	-0.585957	-0.580893	-0.462685	-0.259067	0	
0	0.00178877	0.0191882	0.0386503	0.0534055	0.0710232	0.0777208	0.0524547	0.00742118	-0.0294712	-0.0420721	-0.0198632	0.0433934	0.137019	0.244929	0.351665	0.450189	0.546483	0.644653	0.734352	0.79109	0.807882	0.779321	0.701243	0.565839	0.391675	0.213432	0.0498941	-0.0883333	-0.168042	-0.15769	-0.0485078	0.141927	0.387093	0.660846	0.933094	1.15478	1.28393	1.32147	1.27554	1.1401	0.92815	0.673985	0.413564	0.170476	-0.0484795	-0.237372	-0.378987	-0.458543	-0.477494	-0.444432	-0.366054	-0.249084	-0.111027	0.0261016	0.165079	0.310337	0.447461	0.554141	0.627345	0.659217	0.640023	0.581172	0.503743	0.422535	0.357937	0.325829	0.326911	0.358171	0.406655	0.460565	0.510313	0.564252	0.629456	0.693993	0.753022	0.795195	0.807054	0.784814	0.733379	0.666721	0.606538	0.571466	0.565921	0.585329	0.612977	0.636423	0.644012	0.608347	0.518506	0.384044	0.204259	-0.0158171	-0.240445	-0.426856	-0.538469	-0.543085	-0.437919	-0.245982	0	
0	-0.0351364	-0.0495918	-0.053709	-0.0511682	-0.0303235	-0.00872663	-0.0183228	-0.0504268	-0.0695768	-0.0580709	-0.0166403	0.0501802	0.138177	0.237772	0.339943	0.434957	0.527772	0.623686	0.712428	0.774644	0.793807	0.766631	0.686732	0.549882	0.366831	0.178731	0.0198079	-0.0964012	-0.15769	-0.133057	-0.00930014	0.199663	0.459065	0.746094	1.03207	1.26689	1.40333	1.44389	1.39436	1.25782	1.0501	0.806405	0.556192	0.319233	0.101093	-0.0862543	-0.227729	-0.312233	-0.3443	-0.328517	-0.265168	-0.155672	-0.0242612	0.107893	0.244851	0.390086	0.526936	0.639443	0.716474	0.747068	0.722039	0.653036	0.565303	0.469962	0.379336	0.315732	0.29464	0.305081	0.335804	0.380235	0.436376	0.503589	0.58097	0.660538	0.730403	0.782151	0.807384	0.801208	0.766272	0.717242	0.675495	0.659016	0.667282	0.694268	0.734271	0.768111	0.770745	0.727248	0.632864	0.485318	0.283313	0.043067	-0.191249	-0.382754	-0.503259	-0.519897	-0.426725	-0.242545	0	
0	-0.0476077	-0.0811213	-0.106	-0.116597	-0.0963857	-0.0668583	-0.0627489	-0.075236	-0.0674179	-0.0272996	0.0322613	0.102385	0.179354	0.262649	0.350188	0.435673	0.520722	0.604418	0.68482	0.741584	0.765085	0.748636	0.686281	0.564784	0.393013	0.222659	0.0898313	-0.0032516	-0.0485078	-0.00930014	0.131595	0.345827	0.605396	0.897546	1.19108	1.42652	1.55386	1.5754	1.5059	1.362	1.15997	0.928516	0.692129	0.469124	0.268539	0.102389	-0.0242498	-0.108307	-0.157448	-0.165835	-0.124557	-0.0361572	0.0790407	0.197222	0.318397	0.449751	0.577843	0.679661	0.74919	0.779479	0.761239	0.701144	0.615602	0.509991	0.396247	0.309119	0.262087	0.24776	0.259496	0.294206	0.352421	0.429216	0.517347	0.605585	0.686744	0.745963	0.778131	0.779329	0.754563	0.723568	0.701433	0.696997	0.708407	0.743778	0.789678	0.82002	0.820731	0.781242	0.68974	0.531033	0.313647	0.0650918	-0.17889	-0.382677	-0.51014	-0.527891	-0.43204	-0.243323	0	
0	-0.0417289	-0.0826621	-0.120746	-0.141291	-0.123139	-0.0917935	-0.072658	-0.0591547	-0.0185853	0.0477687	0.125437	0.200229	0.267607	0.329106	0.393835	0.463326	0.534303	0.603708	0.66878	0.718987	0.749115	0.754972	0.718697	0.621183	0.4777	0.342961	0.240392	0.169379	0.141927	0.199663	0.345827	0.554677	0.809491	1.09947	1.3858	1.60571	1.71254	1.70806	1.61376	1.45709	1.25198	1.0253	0.802954	0.601639	0.430187	0.296648	0.19293	0.111703	0.0495576	0.0238845	0.0420305	0.106028	0.194679	0.288507	0.386787	0.496749	0.603088	0.692741	0.751311	0.771571	0.757205	0.709547	0.633752	0.529553	0.411332	0.31087	0.244609	0.2054	0.194991	0.218143	0.272483	0.347227	0.432244	0.52039	0.599583	0.656707	0.693094	0.703463	0.695616	0.680454	0.663609	0.662599	0.681174	0.720947	0.766537	0.796396	0.801424	0.76727	0.669661	0.503812	0.288057	0.037546	-0.21677	-0.429571	-0.554291	-0.563531	-0.456782	-0.253166	0	
0	-0.028759	-0.066506	-0.107251	-0.127467	-0.109856	-0.0729847	-0.0354085	0.0103786	0.0807582	0.170164	0.263483	0.345987	0.404768	0.443017	0.478073	0.521242	0.570914	0.621952	0.672687	0.718395	0.761508	0.79234	0.781642	0.711596	0.603658	0.506838	0.432925	0.388373	0.387093	0.459065	0.605396	0.809491	1.05409	1.32187	1.57719	1.76846	1.84787	1.81513	1.69392	1.51879	1.30621	1.08585	0.880846	0.705462	0.566641	0.466374	0.384093	0.310641	0.248653	0.212138	0.211394	0.249644	0.311678	0.380774	0.458227	0.547684	0.632242	0.693224	0.722168	0.72857	0.715524	0.678414	0.613655	0.521009	0.4117	0.314398	0.236564	0.177197	0.149139	0.15401	0.18832	0.244207	0.313599	0.387057	0.454861	0.505694	0.544587	0.565304	0.571754	0.572058	0.568837	0.576985	0.600113	0.638688	0.679695	0.711554	0.717145	0.675953	0.573459	0.407015	0.193244	-0.0550917	-0.304894	-0.503983	-0.613647	-0.612627	-0.4936	-0.273879	0	
0	-0.0157949	-0.0438153	-0.0728793	-0.0843612	-0.0566805	-0.00700242	0.0595991	0.136949	0.233351	0.338821	0.443652	0.528923	0.576641	0.591201	0.593207	0.6027	0.624605	0.657185	0.698479	0.746661	0.804849	0.856189	0.868604	0.827909	0.756764	0.692683	0.648058	0.63546	0.660846	0.746094	0.897546	1.09947	1.32187	1.54643	1.75732	1.90307	1.94143	1.87164	1.72063	1.52715	1.31145	1.10016	0.913133	0.764568	0.660644	0.592741	0.534139	0.478783	0.423581	0.384896	0.368548	0.381575	0.413462	0.457252	0.50934	0.572392	0.628959	0.66269	0.666437	0.654784	0.639414	0.608339	0.552251	0.472855	0.380562	0.290768	0.210065	0.144738	0.101102	0.0814866	0.0851947	0.111909	0.159029	0.214704	0.270754	0.316884	0.357779	0.384944	0.401774	0.41294	0.417322	0.434323	0.468006	0.509908	0.550622	0.582304	0.582692	0.531594	0.423203	0.259507	0.0437553	-0.20081	-0.429616	-0.60754	-0.695852	-0.672547	-0.534792	-0.294927	0	
0	-0.003474	-0.0140982	-0.0240887	-0.0155183	0.0300816	0.108383	0.210168	0.320558	0.436562	0.551369	0.655467	0.728641	0.755259	0.744386	0.713851	0.690116	0.68352	0.702064	0.739987	0.79508	0.863379	0.927667	0.961953	0.954332	0.918306	0.88536	0.869865	0.886436	0.933094	1.03207	1.19108	1.3858	1.57719	1.75732	1.91222	1.99521	1.97623	1.86457	1.68657	1.47779	1.26101	1.05627	0.88683	0.77152	0.703908	0.66422	0.634545	0.601028	0.563855	0.532131	0.509115	0.498667	0.49637	0.499515	0.514077	0.543601	0.568583	0.57649	0.563954	0.549208	0.532827	0.504847	0.455811	0.387789	0.308964	0.224863	0.141235	0.0680798	0.00982008	-0.0322155	-0.0521864	-0.0417239	-0.00796047	0.0353364	0.0843039	0.127989	0.166719	0.191802	0.205847	0.211295	0.219157	0.246513	0.289346	0.341939	0.394131	0.431018	0.424698	0.365242	0.252891	0.084986	-0.130726	-0.364896	-0.575712	-0.732628	-0.79964	-0.747326	-0.576944	-0.315403	0	
0	0.00978999	0.0165788	0.0276098	0.0565952	0.128853	0.243284	0.385968	0.529159	0.662815	0.780181	0.868416	0.912412	0.907156	0.868704	0.812421	0.761572	0.733853	0.740514	0.776455	0.832102	0.898173	0.964891	1.01771	1.04136	1.04024	1.03874	1.05247	1.09106	1.15478	1.26689	1.42652	1.60571	1.76846	1.90307	1.99521	2.00577	1.92983	1.78297	1.58297	1.36392	1.14315	0.943715	0.796658	0.71243	0.670385	0.657313	0.654905	0.65274	0.645867	0.637123	0.616096	0.584875	0.543576	0.501497	0.473819	0.466626	0.464715	0.45394	0.432912	0.416707	0.403406	0.382452	0.344703	0.287965	0.211608	0.121507	0.0292229	-0.055098	-0.133001	-0.191611	-0.219254	-0.213852	-0.180384	-0.138482	-0.0949308	-0.05764	-0.0276716	-0.0107359	-0.00514345	-0.000449298	0.0131019	0.0436297	0.0957271	0.162036	0.229163	0.273351	0.267519	0.208811	0.0871174	-0.0912682	-0.305834	-0.528611	-0.723888	-0.860077	-0.897089	-0.816739	-0.621708	-0.335067	0	
0	0.0243067	0.0458756	0.0711321	0.118271	0.21723	0.367419	0.54776	0.72061	0.870009	0.98132	1.04255	1.04742	1.00514	0.941535	0.86621	0.802056	0.760737	0.759381	0.788933	0.8364	0.890618	0.950943	1.01381	1.0598	1.0881	1.11609	1.15247	1.20512	1.28393	1.40333	1.55386	1.71254	1.84787	1.94143	1.97623	1.92983	1.81318	1.63849	1.42554	1.19243	0.963115	0.767255	0.634892	0.567122	0.547619	0.56109	0.59725	0.634284	0.665199	0.678802	0.658895	0.609922	0.537181	0.458199	0.4007	0.369695	0.345589	0.322701	0.295938	0.275252	0.259535	0.246101	0.220952	0.169826	0.0955375	0.00167618	-0.10326	-0.204205	-0.297211	-0.363362	-0.392027	-0.381277	-0.348261	-0.314549	-0.278596	-0.249085	-0.227423	-0.21411	-0.203882	-0.194027	-0.175832	-0.139438	-0.0817659	-0.00668993	0.0696738	0.120323	0.124119	0.0739185	-0.0459522	-0.225971	-0.44205	-0.663761	-0.854449	-0.975298	-0.990367	-0.889938	-0.673599	-0.363361	0	
0	0.0403129	0.0741131	0.108492	0.171887	0.29236	0.470073	0.674104	0.869311	1.02539	1.1249	1.15612	1.12574	1.05268	0.965794	0.878999	0.806781	0.758098	0.745824	0.762597	0.796232	0.834951	0.885285	0.947166	1.00448	1.05551	1.10707	1.16024	1.22737	1.32147	1.44389	1.5754	1.70806	1.81513	1.87164	1.86457	1.78297	1.63849	1.45191	1.23003	0.986574	0.750944	0.555258	0.423939	0.363686	0.361588	0.405347	0.474219	0.548217	0.611542	0.642841	0.632382	0.579497	0.488371	0.388701	0.313834	0.262087	0.223334	0.189674	0.156751	0.133637	0.116633	0.107074	0.0878938	0.0380511	-0.0403229	-0.136708	-0.24277	-0.350909	-0.452777	-0.519417	-0.546095	-0.542989	-0.516813	-0.485577	-0.456515	-0.429508	-0.404926	-0.384865	-0.369751	-0.352923	-0.326164	-0.286455	-0.218182	-0.135057	-0.0578434	-0.0015656	0.00849617	-0.0397846	-0.157401	-0.331347	-0.542453	-0.761084	-0.946511	-1.06122	-1.06897	-0.952401	-0.716192	-0.388314	0	
0	0.0565733	0.1025	0.148947	0.226965	0.364064	0.551557	0.762908	0.961333	1.11367	1.19614	1.20611	1.15645	1.06437	0.960447	0.860596	0.779727	0.718927	0.688612	0.685209	0.700592	0.726479	0.764922	0.819899	0.880397	0.945692	1.01205	1.08076	1.16503	1.27554	1.39436	1.5059	1.61376	1.69392	1.72063	1.68657	1.58297	1.42554	1.23003	1.00456	0.756784	0.521828	0.327825	0.196415	0.142806	0.157105	0.216866	0.309885	0.409502	0.490837	0.542475	0.551624	0.506635	0.416768	0.314887	0.229648	0.167348	0.12001	0.0739572	0.0301209	-0.00155919	-0.021246	-0.0248545	-0.0397749	-0.0921873	-0.168238	-0.263688	-0.378073	-0.493843	-0.597492	-0.661027	-0.687935	-0.685827	-0.660218	-0.634984	-0.607697	-0.576042	-0.545982	-0.514702	-0.485758	-0.45725	-0.420407	-0.373919	-0.301345	-0.212441	-0.135566	-0.0844935	-0.0748155	-0.13133	-0.254819	-0.417407	-0.619302	-0.832793	-1.00611	-1.11154	-1.11711	-0.992944	-0.743416	-0.402699	0	
0	0.0654237	0.12287	0.18158	0.271491	0.410216	0.589939	0.784442	0.966929	1.10162	1.17013	1.1753	1.12882	1.03921	0.929835	0.822961	0.731653	0.655793	0.602229	0.572238	0.567507	0.579386	0.606419	0.650211	0.706244	0.770941	0.840173	0.919637	1.01998	1.1401	1.25782	1.362	1.45709	1.51879	1.52715	1.47779	1.36392	1.19243	0.986574	0.756784	0.512705	0.288323	0.103867	-0.018835	-0.0642587	-0.0477482	0.0180706	0.120955	0.225578	0.318859	0.390721	0.42059	0.397093	0.32853	0.239317	0.160122	0.0950558	0.0363679	-0.0221359	-0.0724902	-0.106414	-0.12666	-0.128438	-0.143666	-0.196742	-0.269776	-0.362319	-0.475083	-0.591808	-0.696617	-0.762219	-0.794978	-0.801936	-0.781591	-0.756212	-0.726929	-0.688602	-0.648758	-0.602516	-0.558323	-0.519922	-0.470244	-0.406696	-0.324713	-0.236028	-0.162	-0.119441	-0.123719	-0.189606	-0.319657	-0.487604	-0.685393	-0.891604	-1.05233	-1.13906	-1.13552	-1.00598	-0.748178	-0.403056	0	
0	0.0670338	0.134618	0.20589	0.29826	0.424666	0.579008	0.740499	0.889473	0.999611	1.05893	1.07296	1.047	0.978363	0.881448	0.777397	0.679092	0.587653	0.507964	0.449132	0.420177	0.417842	0.434107	0.467915	0.512219	0.561604	0.620748	0.701795	0.806467	0.92815	1.0501	1.15997	1.25198	1.30621	1.31145	1.26101	1.14315	0.963115	0.750944	0.521828	0.288323	0.0781156	-0.0884626	-0.200442	-0.248827	-0.235424	-0.169302	-0.0726172	0.0277764	0.126762	0.214508	0.266198	0.272759	0.236267	0.167756	0.102049	0.0455314	-0.0113671	-0.0722711	-0.125497	-0.158451	-0.176086	-0.188678	-0.216478	-0.269953	-0.337511	-0.419172	-0.518806	-0.626955	-0.728129	-0.80267	-0.854581	-0.880257	-0.873968	-0.855212	-0.823541	-0.771697	-0.711426	-0.648583	-0.590764	-0.537018	-0.475016	-0.402305	-0.318232	-0.231103	-0.155602	-0.119097	-0.138809	-0.215397	-0.352761	-0.533375	-0.735695	-0.933121	-1.0835	-1.15806	-1.13414	-0.989137	-0.732213	-0.393359	0	
0	0.0635328	0.137826	0.216225	0.298177	0.400087	0.519575	0.641659	0.751298	0.837882	0.893278	0.922258	0.923978	0.891522	0.826034	0.741162	0.644529	0.540909	0.436893	0.348271	0.292713	0.271084	0.275	0.295177	0.31795	0.339252	0.37776	0.451282	0.5519	0.673985	0.806405	0.928516	1.0253	1.08585	1.10016	1.05627	0.943715	0.767255	0.555258	0.327825	0.103867	-0.0884626	-0.237903	-0.343787	-0.39187	-0.378303	-0.319574	-0.241343	-0.149928	-0.0516427	0.0404184	0.1082	0.145329	0.138711	0.100845	0.0631876	0.0263294	-0.0182513	-0.0672889	-0.112879	-0.146923	-0.173981	-0.204437	-0.241398	-0.292104	-0.352047	-0.420069	-0.506516	-0.606908	-0.706656	-0.795784	-0.866917	-0.911215	-0.928738	-0.925336	-0.895012	-0.836574	-0.757521	-0.669241	-0.587578	-0.514551	-0.445715	-0.370528	-0.285315	-0.200998	-0.130839	-0.102761	-0.133233	-0.222086	-0.368964	-0.559248	-0.765422	-0.954019	-1.0952	-1.16098	-1.12183	-0.965553	-0.71197	-0.384109	0	
0	0.055638	0.129752	0.203314	0.264347	0.334297	0.41886	0.503257	0.578984	0.64802	0.703541	0.745613	0.776063	0.787566	0.77065	0.720468	0.639206	0.531787	0.411774	0.300313	0.218445	0.17318	0.156171	0.151921	0.140975	0.124448	0.137381	0.196645	0.290789	0.413564	0.556192	0.692129	0.802954	0.880846	0.913133	0.88683	0.796658	0.634892	0.423939	0.196415	-0.018835	-0.200442	-0.343787	-0.444057	-0.485036	-0.471123	-0.427729	-0.366602	-0.285386	-0.194271	-0.10549	-0.027101	0.0245364	0.0432007	0.0429272	0.0384876	0.0325123	0.0134439	-0.0260005	-0.0642147	-0.0895982	-0.12091	-0.162203	-0.203613	-0.25091	-0.307247	-0.371918	-0.45036	-0.545967	-0.65106	-0.749572	-0.834693	-0.900603	-0.943153	-0.958152	-0.93696	-0.876608	-0.781811	-0.675591	-0.577437	-0.488685	-0.402702	-0.320004	-0.237515	-0.152177	-0.0922528	-0.0775321	-0.11451	-0.215836	-0.373851	-0.566058	-0.768894	-0.9562	-1.0939	-1.15269	-1.11663	-0.967481	-0.711811	-0.380682	0	
