0	0	0	0	0	0	0	0	0	0	0	0	0	0	0	0	0	0	0	0	0	0	0	0	0	0	0	0	0	0	0	0	0	0	0	0	0	0	0	0	0	0	0	0	0	0	0	0	0	0	0	0	0	0	0	0	0	0	0	0	0	0	0	0	0	0	0	0	0	0	0	0	0	0	0	0	0	0	0	0	0	0	0	0	0	0	0	0	0	0	0	0	0	0	0	0	0	0	0	0	
0	0.106094	0.214129	0.316475	0.394691	0.429221	0.413032	0.356719	0.279874	0.197656	0.114957	0.0298147	-0.0607042	-0.156757	-0.254906	-0.349563	-0.435203	-0.508309	-0.567988	-0.614782	-0.64975	-0.67453	-0.691006	-0.700942	-0.70604	-0.707848	-0.707641	-0.706504	-0.705247	-0.704426	-0.704358	-0.705067	-0.706358	-0.707728	-0.708473	-0.707595	-0.703905	-0.696	-0.682262	-0.660984	-0.63036	-0.588541	-0.534175	-0.466412	-0.385446	-0.293782	-0.196316	-0.0988464	-0.00586973	0.0812945	0.164688	0.247267	0.327607	0.39461	0.429283	0.416441	0.357235	0.270285	0.180668	0.107131	0.0566505	0.0268651	0.0114892	0.00445466	0.00157367	0.000508836	0.000151228	4.14717e-05	1.0531e-05	2.48425e-06	5.46033e-07	1.12132e-07	2.1569e-08	3.89522e-09	6.61874e-10	1.06032e-10	1.60445e-11	2.29724e-12	3.11735e-13	4.01542e-14	4.91661e-15	5.73031e-16	6.36532e-17	6.74708e-18	6.83216e-19	6.61628e-20	6.13376e-21	5.44901e-22	4.64285e-23	3.7976e-24	2.98438e-25	2.25509e-26	1.63972e-27	1.14812e-28	7.74666e-30	5.04016e-31	3.16412e-32	1.91779e-33	1.11946e-34	0	
0	0.214129	0.420895	0.601786	0.729452	0.783054	0.761352	0.679836	0.556854	0.405002	0.23271	0.0476659	-0.142556	-0.330667	-0.510054	-0.67536	-0.822886	-0.950976	-1.05916	-1.14712	-1.21552	-1.26628	-1.30169	-1.3244	-1.33735	-1.34326	-1.34463	-1.34363	-1.34189	-1.34061	-1.34043	-1.34145	-1.34326	-1.34485	-1.34474	-1.34096	-1.33111	-1.31255	-1.28245	-1.238	-1.17687	-1.09694	-0.996936	-0.876822	-0.73692	-0.578363	-0.404063	-0.218742	-0.0285401	0.159532	0.337973	0.499063	0.634998	0.735543	0.784771	0.765789	0.675092	0.532467	0.373988	0.233831	0.130469	0.0652286	0.0293598	0.0119562	0.00442651	0.00149675	0.000464217	0.000132588	3.50018e-05	8.5693e-06	1.95173e-06	4.14721e-07	8.24328e-08	1.53643e-08	2.69137e-09	4.44011e-10	6.91229e-11	1.0173e-11	1.41777e-12	1.87409e-13	2.35313e-14	2.81048e-15	3.19718e-16	3.46852e-17	3.59271e-18	3.55698e-19	3.36961e-20	3.05737e-21	2.65949e-22	2.21984e-23	1.77946e-24	1.37106e-25	1.01615e-26	7.24973e-28	4.98258e-29	3.30104e-30	2.10958e-31	1.30124e-32	7.72701e-34	0	
0	0.316475	0.601786	0.825879	0.968653	1.02806	1.01387	0.932783	0.785533	0.578181	0.327931	0.0562994	-0.218062	-0.481646	-0.726336	-0.947831	-1.14419	-1.31455	-1.45742	-1.57224	-1.66086	-1.72596	-1.77053	-1.79849	-1.81376	-1.81989	-1.82037	-1.81796	-1.81486	-1.8127	-1.81225	-1.81376	-1.81657	-1.81953	-1.82056	-1.81718	-1.80609	-1.78369	-1.74621	-1.68966	-1.6106	-1.50648	-1.37488	-1.21548	-1.02946	-0.817849	-0.582094	-0.325382	-0.0541254	0.220448	0.481771	0.7089	0.881919	0.990757	1.03527	1.01462	0.92463	0.770932	0.579827	0.39021	0.234405	0.125869	0.0606302	0.0263179	0.0103445	0.00369961	0.00120942	0.000362947	0.000100386	2.56839e-05	6.09904e-06	1.3484e-06	2.78332e-07	5.37815e-08	9.75165e-09	1.66291e-09	2.67241e-10	4.05525e-11	5.82094e-12	7.91689e-13	1.02184e-13	1.25348e-14	1.46336e-15	1.628e-16	1.72804e-17	1.75207e-18	1.69873e-19	1.57658e-20	1.40202e-21	1.19577e-22	9.78982e-24	7.70024e-25	5.82351e-26	4.23789e-27	2.96972e-28	2.00534e-29	1.30574e-30	8.20343e-32	4.95957e-33	0	
0	0.394691	0.729452	0.968653	1.11074	1.17288	1.16325	1.07392	0.901301	0.660098	0.373081	0.0600413	-0.261687	-0.577095	-0.874201	-1.14362	-1.37947	-1.5779	-1.73725	-1.86038	-1.95175	-2.01526	-2.05587	-2.07899	-2.08897	-2.09019	-2.08647	-2.08063	-2.07519	-2.07169	-2.07096	-2.07331	-2.07792	-2.08379	-2.08865	-2.08988	-2.08406	-2.06695	-2.03396	-1.98036	-1.90053	-1.79044	-1.64595	-1.46319	-1.24209	-0.985521	-0.698528	-0.389139	-0.0683003	0.250056	0.549577	0.811952	1.01526	1.14081	1.18781	1.17066	1.09799	0.96695	0.78238	0.571287	0.372838	0.216907	0.112687	0.0524867	0.0220266	0.00837157	0.00289609	0.000916266	0.000266281	7.13707e-05	1.77077e-05	4.08067e-06	8.76134e-07	1.75755e-07	3.30274e-08	5.82788e-09	9.67783e-10	1.51554e-10	2.24235e-11	3.14019e-12	4.1691e-13	5.25574e-14	6.30025e-15	7.19125e-16	7.82579e-17	8.12928e-18	8.06993e-19	7.66386e-20	6.96991e-21	6.07614e-22	5.08214e-23	4.08191e-24	3.15091e-25	2.33943e-26	1.67191e-27	1.15095e-28	7.63732e-30	4.88817e-31	3.00931e-32	0	
0	0.429221	0.783054	1.02806	1.17288	1.2317	1.20153	1.08035	0.885576	0.638548	0.349563	0.028874	-0.306905	-0.640536	-0.955494	-1.23908	-1.48371	-1.6848	-1.8436	-1.96469	-2.05141	-2.10849	-2.14268	-2.15932	-2.1632	-2.15953	-2.15168	-2.14292	-2.13561	-2.13105	-2.13033	-2.1333	-2.13969	-2.14791	-2.15643	-2.16206	-2.16171	-2.15107	-2.12465	-2.07758	-2.0036	-1.89651	-1.75323	-1.56926	-1.34187	-1.07322	-0.769497	-0.441495	-0.104413	0.224571	0.527925	0.793214	1.01269	1.17111	1.25144	1.25731	1.2081	1.1112	0.959741	0.758716	0.538817	0.340759	0.191655	0.0961395	0.0432183	0.0175061	0.00642473	0.00214751	0.000656961	0.000184758	4.79609e-05	1.15345e-05	2.57866e-06	5.3754e-07	1.04777e-07	1.9146e-08	3.28756e-09	5.31624e-10	8.11235e-11	1.17035e-11	1.59906e-12	2.07254e-13	2.55205e-14	2.98979e-15	3.33687e-16	3.55245e-17	3.61179e-18	3.51081e-19	3.26619e-20	2.91111e-21	2.48812e-22	2.04112e-23	1.60852e-24	1.2187e-25	8.88413e-27	6.23601e-28	4.21773e-29	2.75055e-30	1.72456e-31	0	
0	0.413032	0.761352	1.01387	1.16325	1.20153	1.12989	0.976378	0.771855	0.523352	0.234653	-0.076149	-0.391449	-0.697265	-0.980607	-1.23423	-1.45202	-1.631	-1.77305	-1.87902	-1.95155	-1.99758	-2.02326	-2.03285	-2.03232	-2.0259	-2.0165	-2.00748	-2.00009	-1.9957	-1.99521	-1.99797	-2.00465	-2.01296	-2.02256	-2.03032	-2.03342	-2.02831	-2.01015	-1.97278	-1.91209	-1.82004	-1.69252	-1.52839	-1.32588	-1.0862	-0.813943	-0.515816	-0.202661	0.112065	0.41255	0.679716	0.9059	1.09266	1.22542	1.28338	1.27121	1.20845	1.09769	0.929982	0.715604	0.491753	0.299871	0.162354	0.0783603	0.0339021	0.0132252	0.00467851	0.0015089	0.000445848	0.000121233	3.04594e-05	7.09695e-06	1.53858e-06	3.11299e-07	5.89451e-08	1.0472e-08	1.74958e-09	2.75483e-10	4.09609e-11	5.76183e-12	7.68084e-13	9.71871e-14	1.16898e-14	1.33847e-15	1.46078e-16	1.52149e-17	1.51415e-18	1.4413e-19	1.31366e-20	1.14756e-21	9.617e-23	7.73853e-24	5.98408e-25	4.45045e-26	3.18574e-27	2.19651e-28	1.45972e-29	9.32222e-31	0	
0	0.356719	0.679836	0.932783	1.07392	1.08035	0.976378	0.806209	0.58602	0.321525	0.0393095	-0.239179	-0.508116	-0.757957	-0.982863	-1.17916	-1.3411	-1.46963	-1.56567	-1.6315	-1.67393	-1.69952	-1.71125	-1.71374	-1.71176	-1.70647	-1.70085	-1.69567	-1.69151	-1.68936	-1.68886	-1.69054	-1.69386	-1.69899	-1.7044	-1.71017	-1.71366	-1.71254	-1.70521	-1.68577	-1.65077	-1.59565	-1.51205	-1.39681	-1.24804	-1.06523	-0.851322	-0.61086	-0.348483	-0.0728553	0.210347	0.48823	0.735523	0.94526	1.12147	1.24395	1.2897	1.26741	1.19498	1.06919	0.8831	0.656712	0.433824	0.253699	0.13165	0.0609304	0.0253033	0.00948653	0.00322957	0.00100371	0.000286165	7.51751e-05	1.82687e-05	4.12171e-06	8.66166e-07	1.70045e-07	3.12711e-08	5.40024e-09	8.77736e-10	1.34557e-10	1.94932e-11	2.67349e-12	3.47708e-13	4.29511e-14	5.04647e-15	5.64742e-16	6.02724e-17	6.1421e-18	5.98329e-19	5.57769e-20	4.98083e-21	4.2648e-22	3.50464e-23	2.76639e-24	2.09925e-25	1.53264e-26	1.07738e-27	7.29708e-29	4.74716e-30	0	
0	0.279874	0.556854	0.785533	0.901301	0.885576	0.771855	0.58602	0.340353	0.0731338	-0.181929	-0.424045	-0.64486	-0.832369	-0.987266	-1.10486	-1.1881	-1.24325	-1.27467	-1.29093	-1.29787	-1.29881	-1.29601	-1.29419	-1.29296	-1.29259	-1.29371	-1.29437	-1.29559	-1.29628	-1.2959	-1.29609	-1.29413	-1.29401	-1.29246	-1.29266	-1.29383	-1.29559	-1.29699	-1.2985	-1.29381	-1.28268	-1.25817	-1.21349	-1.14196	-1.03851	-0.898539	-0.723872	-0.515584	-0.279805	-0.0282423	0.241369	0.514709	0.758803	0.968154	1.14324	1.25636	1.28912	1.2566	1.17154	1.02557	0.819018	0.584124	0.368626	0.205722	0.101933	0.0451055	0.0179388	0.00645199	0.00211078	0.000631432	0.000173546	4.40122e-05	1.03391e-05	2.25768e-06	4.59717e-07	8.7543e-08	1.56314e-08	2.62342e-09	4.14757e-10	6.18963e-11	8.73579e-12	1.16807e-12	1.48208e-13	1.78721e-14	2.05115e-15	2.24345e-16	2.34142e-17	2.33452e-18	2.22615e-19	2.0324e-20	1.77824e-21	1.49248e-22	1.20269e-23	9.31304e-25	6.9355e-26	4.97102e-27	3.43169e-28	2.27437e-29	0	
0	0.197656	0.405002	0.578181	0.660098	0.638548	0.523352	0.321525	0.0731338	-0.170599	-0.402412	-0.612939	-0.775823	-0.894472	-0.970725	-1.00592	-1.01414	-1.00042	-0.976751	-0.949313	-0.92371	-0.90333	-0.891403	-0.887459	-0.888614	-0.894052	-0.900533	-0.907305	-0.912974	-0.91595	-0.916716	-0.914408	-0.909757	-0.903012	-0.896446	-0.889987	-0.886759	-0.890011	-0.897699	-0.914545	-0.937973	-0.965378	-0.99183	-1.01058	-1.01245	-0.988618	-0.930049	-0.828048	-0.683476	-0.489167	-0.259538	-0.0114118	0.262295	0.539454	0.785602	0.999203	1.17079	1.26831	1.28489	1.23944	1.13565	0.964035	0.737885	0.50111	0.300455	0.159358	0.0751573	0.0317204	0.0120585	0.00415439	0.00130448	0.000375241	9.93409e-05	2.4305e-05	5.51621e-06	1.16528e-06	2.29827e-07	4.24387e-08	7.35566e-09	1.19949e-09	1.84425e-10	2.67889e-11	3.68298e-12	4.80059e-13	5.94197e-14	6.99441e-15	7.84079e-16	8.38151e-17	8.55399e-18	8.3445e-19	7.78913e-20	6.96436e-21	5.97034e-22	4.91183e-23	3.88144e-24	2.94857e-25	2.15498e-26	1.51637e-27	1.02387e-28	0	
0	0.114957	0.23271	0.327931	0.373081	0.349563	0.234653	0.0393095	-0.181929	-0.402412	-0.609567	-0.763296	-0.861178	-0.916213	-0.920543	-0.8922	-0.839238	-0.773701	-0.710202	-0.653223	-0.613366	-0.58837	-0.57913	-0.579258	-0.587069	-0.597549	-0.609395	-0.621011	-0.62856	-0.633965	-0.635011	-0.630892	-0.625531	-0.613706	-0.603359	-0.590982	-0.581405	-0.577372	-0.584417	-0.601591	-0.635622	-0.684941	-0.748047	-0.81337	-0.874034	-0.91248	-0.923128	-0.888636	-0.806787	-0.675403	-0.479402	-0.244833	0.0136444	0.299576	0.579664	0.827991	1.0436	1.20288	1.27795	1.27613	1.213	1.08272	0.882367	0.64189	0.412506	0.233932	0.117529	0.052629	0.0211448	0.0076715	0.00252852	0.000761261	0.00021039	5.36123e-05	1.26469e-05	2.77168e-06	5.66184e-07	1.0812e-07	1.93536e-08	3.25527e-09	5.15663e-10	7.70905e-11	1.08975e-11	1.45919e-12	1.85388e-13	2.23823e-14	2.5716e-15	2.81556e-16	2.94131e-17	2.93527e-18	2.80139e-19	2.55963e-20	2.24128e-21	1.88252e-22	1.51811e-23	1.1764e-24	8.76692e-26	6.28799e-27	4.32546e-28	0	
0	0.0298147	0.0476659	0.0562994	0.0600413	0.028874	-0.076149	-0.239179	-0.424045	-0.612939	-0.763296	-0.853621	-0.901657	-0.892145	-0.836339	-0.756778	-0.658565	-0.570358	-0.493869	-0.442741	-0.412433	-0.39991	-0.399889	-0.408338	-0.419111	-0.432596	-0.445439	-0.455446	-0.462601	-0.467467	-0.467421	-0.464985	-0.458718	-0.449743	-0.437802	-0.425042	-0.41346	-0.401159	-0.398876	-0.405678	-0.429266	-0.469685	-0.537291	-0.621622	-0.718153	-0.807882	-0.873282	-0.90497	-0.876439	-0.799826	-0.663937	-0.458812	-0.215227	0.0613079	0.358546	0.638359	0.888337	1.09818	1.23411	1.28274	1.26035	1.17195	1.00797	0.780729	0.535816	0.324199	0.173285	0.0822597	0.034908	0.0133311	0.00461043	0.00145233	0.000418895	0.000111149	2.72456e-05	6.19347e-06	1.31011e-06	2.58684e-07	4.78128e-08	8.29382e-09	1.3534e-09	2.0821e-10	3.02589e-11	4.16182e-12	5.42675e-13	6.7192e-14	7.91161e-15	8.87134e-16	9.48545e-17	9.68291e-18	9.44791e-19	8.82107e-20	7.88881e-21	6.7644e-22	5.56644e-23	4.39984e-24	3.34326e-25	2.44408e-26	1.71275e-27	0	
0	-0.0607042	-0.142556	-0.218062	-0.261687	-0.306905	-0.391449	-0.508116	-0.64486	-0.775823	-0.861178	-0.901657	-0.886656	-0.812665	-0.717434	-0.603323	-0.498972	-0.417504	-0.359411	-0.331837	-0.317403	-0.320286	-0.325675	-0.33534	-0.342427	-0.352689	-0.35738	-0.361246	-0.366188	-0.365597	-0.36726	-0.366149	-0.362331	-0.360585	-0.353083	-0.346896	-0.338528	-0.330435	-0.320856	-0.317636	-0.324384	-0.346487	-0.389489	-0.46406	-0.558114	-0.673657	-0.775997	-0.86102	-0.900694	-0.872621	-0.790203	-0.63623	-0.419842	-0.161479	0.13501	0.437196	0.715825	0.96423	1.15551	1.25932	1.28044	1.23267	1.10942	0.908647	0.662878	0.426636	0.242112	0.121661	0.0544701	0.0218755	0.00793199	0.00261253	0.000785929	0.000217021	5.5252e-05	1.30215e-05	2.8511e-06	5.81855e-07	1.11008e-07	1.9852e-08	3.33607e-09	5.27993e-10	7.88657e-11	1.11392e-11	1.49037e-12	1.89205e-13	2.28266e-14	2.62085e-15	2.86765e-16	2.99392e-17	2.9861e-18	2.84843e-19	2.60139e-20	2.27686e-21	1.91168e-22	1.54109e-23	1.19385e-24	8.89461e-26	6.34917e-27	0	
0	-0.156757	-0.330667	-0.481646	-0.577095	-0.640536	-0.697265	-0.757957	-0.832369	-0.894472	-0.916213	-0.892145	-0.812665	-0.705556	-0.585504	-0.466112	-0.381387	-0.321166	-0.298446	-0.290265	-0.295459	-0.299039	-0.30178	-0.300332	-0.30185	-0.297238	-0.295388	-0.293052	-0.292567	-0.289991	-0.291544	-0.291228	-0.292451	-0.294763	-0.296832	-0.299725	-0.299836	-0.302973	-0.29938	-0.297745	-0.290746	-0.295254	-0.30762	-0.353658	-0.427826	-0.534952	-0.659005	-0.769015	-0.861071	-0.896794	-0.867328	-0.76707	-0.590737	-0.359588	-0.0788187	0.232108	0.533711	0.811475	1.0483	1.2071	1.27529	1.26752	1.18534	1.01932	0.786238	0.53627	0.322251	0.171063	0.0806731	0.0340247	0.0129197	0.00444456	0.00139323	0.000400023	0.000105693	2.58062e-05	5.84471e-06	1.23209e-06	2.42494e-07	4.46851e-08	7.72928e-09	1.25792e-09	1.93036e-10	2.79874e-11	3.84086e-12	4.99779e-13	6.17594e-14	7.25854e-15	8.12494e-16	8.67327e-17	8.84033e-18	8.61348e-19	8.0313e-20	7.17358e-21	6.14401e-22	5.05049e-23	3.98807e-24	3.02754e-25	2.20096e-26	0	
0	-0.254906	-0.510054	-0.726336	-0.874201	-0.955494	-0.980607	-0.982863	-0.987266	-0.970725	-0.920543	-0.836339	-0.717434	-0.585504	-0.456043	-0.362086	-0.307861	-0.288698	-0.292388	-0.293779	-0.293848	-0.281362	-0.273788	-0.260885	-0.252731	-0.24145	-0.237644	-0.232995	-0.228142	-0.229586	-0.226746	-0.228815	-0.231766	-0.233334	-0.241448	-0.247442	-0.257484	-0.268434	-0.278907	-0.288672	-0.295116	-0.293481	-0.290145	-0.295201	-0.336526	-0.412081	-0.531512	-0.66218	-0.782884	-0.867609	-0.894126	-0.852128	-0.724626	-0.527166	-0.272366	0.0321452	0.348177	0.648407	0.920428	1.12941	1.24676	1.27951	1.23693	1.10944	0.899698	0.647577	0.410748	0.229767	0.113902	0.0503612	0.0199945	0.0071743	0.00234042	0.000697913	0.000191168	4.83098e-05	1.13076e-05	2.46015e-06	4.99118e-07	9.47027e-08	1.68497e-08	2.81806e-09	4.44024e-10	6.60471e-11	9.29219e-12	1.2387e-12	1.56714e-13	1.88456e-14	2.1572e-15	2.3536e-16	2.45064e-17	2.43808e-18	2.32016e-19	2.11422e-20	1.8466e-21	1.54739e-22	1.24513e-23	9.629e-25	7.12735e-26	0	
0	-0.349563	-0.67536	-0.947831	-1.14362	-1.23908	-1.23423	-1.17916	-1.10486	-1.00592	-0.8922	-0.756778	-0.603323	-0.466112	-0.362086	-0.306421	-0.290521	-0.296283	-0.295539	-0.284036	-0.263069	-0.246783	-0.231281	-0.219578	-0.20953	-0.20658	-0.200799	-0.200334	-0.197645	-0.198809	-0.197739	-0.198202	-0.200206	-0.200274	-0.204365	-0.207859	-0.215748	-0.225273	-0.241957	-0.254696	-0.276414	-0.291833	-0.298793	-0.29148	-0.296122	-0.333531	-0.417938	-0.541054	-0.681967	-0.806126	-0.87854	-0.890546	-0.819002	-0.662807	-0.4398	-0.153831	0.16578	0.481771	0.779767	1.0313	1.19724	1.2715	1.26681	1.1783	0.998973	0.755347	0.503926	0.296201	0.153977	0.071221	0.0295097	0.0110252	0.00373722	0.00115579	0.000327773	8.56254e-05	2.06891e-05	4.64073e-06	9.69576e-07	1.89251e-07	3.46057e-08	5.94292e-09	9.60716e-10	1.46505e-10	2.11166e-11	2.882e-12	3.73072e-13	4.58779e-14	5.36736e-15	5.98219e-16	6.36004e-17	6.45781e-18	6.26945e-19	5.82587e-20	5.18704e-21	4.42918e-22	3.63052e-23	2.85905e-24	2.154e-25	0	
0	-0.435203	-0.822886	-1.14419	-1.37947	-1.48371	-1.45202	-1.3411	-1.1881	-1.01414	-0.839238	-0.658565	-0.498972	-0.381387	-0.307861	-0.290521	-0.295133	-0.296154	-0.277535	-0.249662	-0.228178	-0.21529	-0.205976	-0.201541	-0.199712	-0.198583	-0.197694	-0.198007	-0.197677	-0.197192	-0.197382	-0.197317	-0.197131	-0.198161	-0.197726	-0.199831	-0.200012	-0.203135	-0.211548	-0.222276	-0.238985	-0.26609	-0.291145	-0.297383	-0.290979	-0.294633	-0.3431	-0.439917	-0.570749	-0.717306	-0.831826	-0.891317	-0.874187	-0.765258	-0.579065	-0.319968	-0.00718583	0.317481	0.633377	0.918604	1.12989	1.24619	1.27805	1.22706	1.08182	0.855327	0.597929	0.368146	0.200146	0.0966175	0.041689	0.0161862	0.00569072	0.00182219	0.000534184	0.000144045	3.588e-05	8.28708e-06	1.78088e-06	3.57194e-07	6.70561e-08	1.18129e-08	1.95744e-09	3.05756e-10	4.5112e-11	6.29857e-12	8.33634e-13	1.04758e-13	1.25179e-14	1.42433e-15	1.54525e-16	1.6004e-17	1.58419e-18	1.5004e-19	1.36108e-20	1.18374e-21	9.87936e-23	7.91909e-24	6.07002e-25	0	
0	-0.508309	-0.950976	-1.31455	-1.5779	-1.6848	-1.631	-1.46963	-1.24325	-1.00042	-0.773701	-0.570358	-0.417504	-0.321166	-0.288698	-0.296283	-0.296154	-0.278289	-0.238157	-0.215581	-0.206724	-0.209022	-0.204508	-0.204291	-0.201495	-0.200705	-0.196232	-0.195631	-0.192276	-0.192005	-0.192125	-0.191563	-0.194647	-0.195741	-0.197594	-0.202118	-0.203858	-0.203484	-0.208116	-0.208175	-0.210453	-0.225993	-0.263095	-0.292237	-0.297949	-0.28882	-0.297174	-0.361451	-0.474609	-0.621208	-0.761241	-0.861287	-0.894937	-0.835301	-0.68961	-0.463333	-0.166158	0.16045	0.487433	0.797407	1.04853	1.20626	1.27374	1.25801	1.14776	0.94455	0.689204	0.443028	0.251167	0.126212	0.056578	0.0227785	0.00828948	0.00274302	0.000829781	0.000230586	5.91191e-05	1.40393e-05	3.09899e-06	6.37881e-07	1.22791e-07	2.2164e-08	3.76044e-09	6.01043e-10	9.06859e-11	1.29409e-11	1.74963e-12	2.24488e-13	2.73759e-14	3.17756e-15	3.51519e-16	3.71091e-17	3.74282e-18	3.6107e-19	3.33513e-20	2.95254e-21	2.50756e-22	2.04482e-23	1.59379e-24	0	
0	-0.567988	-1.05916	-1.45742	-1.73725	-1.8436	-1.77305	-1.56567	-1.27467	-0.976751	-0.710202	-0.493869	-0.359411	-0.298446	-0.292388	-0.295539	-0.277535	-0.238157	-0.208741	-0.211592	-0.218031	-0.214275	-0.200293	-0.199106	-0.191567	-0.183739	-0.180044	-0.175996	-0.174774	-0.171914	-0.173989	-0.17355	-0.174678	-0.181043	-0.181083	-0.187936	-0.197256	-0.19892	-0.207628	-0.219238	-0.214905	-0.20705	-0.222633	-0.263425	-0.291201	-0.293586	-0.287035	-0.31294	-0.393185	-0.528888	-0.681652	-0.810411	-0.887356	-0.87563	-0.771857	-0.582448	-0.308394	0.0139933	0.346807	0.673527	0.95752	1.15451	1.25677	1.27389	1.19769	1.02139	0.77484	0.518228	0.305447	0.159333	0.0740177	0.0308279	0.011587	0.00395414	0.00123191	0.000352142	9.27689e-05	2.26142e-05	5.11949e-06	1.07985e-06	2.12852e-07	3.93144e-08	6.82117e-09	1.11426e-09	1.7173e-10	2.50193e-11	3.45187e-12	4.51759e-13	5.61703e-14	6.64485e-15	7.48915e-16	8.05198e-17	8.26832e-18	8.11833e-19	7.62985e-20	6.87073e-21	5.93394e-22	4.91946e-23	3.89658e-24	0	
0	-0.614782	-1.14712	-1.57224	-1.86038	-1.96469	-1.87902	-1.6315	-1.29093	-0.949313	-0.653223	-0.442741	-0.331837	-0.290265	-0.293779	-0.284036	-0.249662	-0.215581	-0.211592	-0.222652	-0.213631	-0.191214	-0.184582	-0.181826	-0.172193	-0.166291	-0.170851	-0.162693	-0.165888	-0.16431	-0.162035	-0.16671	-0.161415	-0.16754	-0.168512	-0.168219	-0.178701	-0.184027	-0.185632	-0.204265	-0.222384	-0.216065	-0.210108	-0.233172	-0.271651	-0.29085	-0.282217	-0.289606	-0.338833	-0.448806	-0.600397	-0.747338	-0.859334	-0.891945	-0.828477	-0.676714	-0.431755	-0.119815	0.214706	0.551894	0.861435	1.09402	1.22983	1.27753	1.2333	1.08541	0.852746	0.591345	0.361224	0.195044	0.0936453	0.040248	0.0155876	0.00547368	0.00175265	0.00051433	0.000138965	3.47114e-05	8.04552e-06	1.73622e-06	3.49902e-07	6.60354e-08	1.17002e-08	1.95076e-09	3.06714e-10	4.55655e-11	6.40774e-12	8.54427e-13	1.08201e-13	1.3032e-14	1.49493e-15	1.63536e-16	1.70814e-17	1.70547e-18	1.62948e-19	1.49135e-20	1.30876e-21	1.10223e-22	8.86547e-24	0	
0	-0.64975	-1.21552	-1.66086	-1.95175	-2.05141	-1.95155	-1.67393	-1.29787	-0.92371	-0.613366	-0.412433	-0.317403	-0.295459	-0.293848	-0.263069	-0.228178	-0.206724	-0.218031	-0.213631	-0.18927	-0.172397	-0.179497	-0.1737	-0.168069	-0.170542	-0.171638	-0.164177	-0.169752	-0.167264	-0.16458	-0.17133	-0.165081	-0.169626	-0.171526	-0.16815	-0.17063	-0.180136	-0.174123	-0.179856	-0.205041	-0.220262	-0.209085	-0.21699	-0.246543	-0.283073	-0.285726	-0.279163	-0.302219	-0.384624	-0.526432	-0.680527	-0.816629	-0.889218	-0.864569	-0.748263	-0.534926	-0.239143	0.0931578	0.436147	0.764541	1.02802	1.19549	1.27165	1.25678	1.13708	0.921668	0.660373	0.416731	0.232226	0.114918	0.0508357	0.0202371	0.0072956	0.00239557	0.000720202	0.000199172	5.08814e-05	1.20528e-05	2.65646e-06	5.46446e-07	1.05207e-07	1.90068e-08	3.22972e-09	5.17313e-10	7.82607e-11	1.12031e-11	1.52013e-12	1.95825e-13	2.39855e-14	2.79723e-15	3.11011e-16	3.30084e-17	3.34795e-18	3.24874e-19	3.01912e-20	2.68967e-21	2.29912e-22	1.87623e-23	0	
0	-0.67453	-1.26628	-1.72596	-2.01526	-2.10849	-1.99758	-1.69952	-1.29881	-0.90333	-0.58837	-0.39991	-0.320286	-0.299039	-0.281362	-0.246783	-0.21529	-0.209022	-0.214275	-0.191214	-0.172397	-0.175931	-0.188825	-0.1711	-0.170306	-0.172622	-0.16257	-0.162608	-0.161909	-0.159198	-0.158915	-0.160621	-0.162476	-0.161579	-0.168683	-0.174125	-0.165385	-0.185041	-0.181288	-0.172744	-0.179309	-0.209153	-0.210462	-0.210981	-0.229308	-0.266055	-0.281861	-0.277113	-0.285668	-0.337877	-0.460916	-0.616382	-0.766928	-0.871326	-0.883678	-0.800916	-0.618826	-0.342812	-0.0163102	0.328863	0.670441	0.959721	1.15628	1.25874	1.27039	1.1775	0.981103	0.72379	0.470331	0.269679	0.137157	0.0622814	0.0254204	0.00938559	0.00315316	0.000969036	0.000273727	7.13741e-05	1.72459e-05	3.87492e-06	8.1216e-07	1.59244e-07	2.92863e-08	5.06387e-09	8.25032e-10	1.26914e-10	1.84677e-11	2.54645e-12	3.33256e-13	4.14572e-14	4.90921e-15	5.54101e-16	5.96858e-17	6.1428e-18	6.04722e-19	5.70021e-20	5.14992e-21	4.46351e-22	3.69209e-23	0	
0	-0.691006	-1.30169	-1.77053	-2.05587	-2.14268	-2.02326	-1.71125	-1.29601	-0.891403	-0.57913	-0.399889	-0.325675	-0.30178	-0.273788	-0.231281	-0.205976	-0.204508	-0.200293	-0.184582	-0.179497	-0.188825	-0.173673	-0.158462	-0.161367	-0.160666	-0.145614	-0.157958	-0.147646	-0.148726	-0.154509	-0.143487	-0.157732	-0.148686	-0.152765	-0.164111	-0.157986	-0.166757	-0.183852	-0.185613	-0.178947	-0.195655	-0.203169	-0.204069	-0.216293	-0.251308	-0.279531	-0.274741	-0.274454	-0.307355	-0.408145	-0.557785	-0.716633	-0.844446	-0.888937	-0.837455	-0.685407	-0.430908	-0.112828	0.231844	0.582033	0.892096	1.1146	1.24107	1.2764	1.20814	1.03114	0.78057	0.520614	0.306209	0.159599	0.0741893	0.0309656	0.0116802	0.00400539	0.00125547	0.000361448	9.59972e-05	2.36129e-05	5.39823e-06	1.15069e-06	2.29365e-07	4.28658e-08	7.5294e-09	1.24578e-09	1.94557e-10	2.8734e-11	4.02027e-12	5.33742e-13	6.73423e-14	8.08619e-15	9.25291e-16	1.01027e-16	1.05373e-17	1.0511e-18	1.00377e-19	9.18617e-21	8.06369e-22	6.75347e-23	0	
0	-0.700942	-1.3244	-1.79849	-2.07899	-2.15932	-2.03285	-1.71374	-1.29419	-0.887459	-0.579258	-0.408338	-0.33534	-0.300332	-0.260885	-0.219578	-0.201541	-0.204291	-0.199106	-0.181826	-0.1737	-0.1711	-0.158462	-0.157046	-0.160717	-0.154156	-0.151867	-0.157121	-0.150197	-0.152199	-0.154992	-0.148754	-0.156093	-0.153294	-0.153607	-0.157365	-0.15946	-0.156381	-0.166056	-0.173145	-0.177048	-0.192283	-0.204321	-0.20036	-0.2081	-0.235904	-0.27001	-0.275155	-0.270766	-0.287596	-0.367539	-0.506292	-0.667963	-0.813667	-0.885292	-0.861134	-0.736555	-0.503999	-0.196155	0.146162	0.501511	0.827763	1.07272	1.22071	1.27686	1.2306	1.07231	0.83013	0.566439	0.340702	0.181448	0.086105	0.036655	0.0140897	0.00491988	0.0015692	0.000459421	0.000124017	3.09898e-05	7.19416e-06	1.55659e-06	3.14831e-07	5.96838e-08	1.0631e-08	1.78323e-09	2.82264e-10	4.22425e-11	5.9877e-12	8.05198e-13	1.02883e-13	1.25087e-14	1.44905e-15	1.60146e-16	1.69051e-17	1.7064e-18	1.64878e-19	1.5265e-20	1.35545e-21	1.14802e-22	0	
0	-0.70604	-1.33735	-1.81376	-2.08897	-2.1632	-2.03232	-1.71176	-1.29296	-0.888614	-0.587069	-0.419111	-0.342427	-0.30185	-0.252731	-0.20953	-0.199712	-0.201495	-0.191567	-0.172193	-0.168069	-0.170306	-0.161367	-0.160717	-0.16001	-0.154123	-0.153071	-0.152731	-0.148213	-0.149774	-0.149595	-0.148218	-0.151644	-0.152269	-0.154187	-0.156883	-0.161961	-0.159349	-0.167936	-0.169292	-0.168858	-0.18303	-0.199733	-0.199508	-0.200221	-0.22479	-0.264029	-0.273804	-0.267717	-0.273918	-0.337866	-0.465707	-0.624414	-0.781024	-0.875566	-0.875558	-0.774976	-0.563101	-0.266327	0.0724019	0.430424	0.768898	1.03271	1.19951	1.27364	1.24648	1.10538	0.872248	0.606942	0.372167	0.201929	0.0975478	0.0422399	0.0165033	0.00585356	0.00189531	0.000563018	0.000154134	3.90449e-05	9.18528e-06	2.01331e-06	4.12392e-07	7.91531e-08	1.42712e-08	2.42253e-09	3.87977e-10	5.87364e-11	8.42073e-12	1.14513e-12	1.47943e-13	1.81843e-14	2.12936e-15	2.37851e-16	2.53736e-17	2.58805e-18	2.5266e-19	2.36325e-20	2.11978e-21	1.81326e-22	0	
0	-0.707848	-1.34326	-1.81989	-2.09019	-2.15953	-2.0259	-1.70647	-1.29259	-0.894052	-0.597549	-0.432596	-0.352689	-0.297238	-0.24145	-0.20658	-0.198583	-0.200705	-0.183739	-0.166291	-0.170542	-0.172622	-0.160666	-0.154156	-0.154123	-0.147103	-0.144369	-0.145287	-0.141509	-0.142077	-0.142963	-0.140544	-0.144508	-0.143967	-0.145743	-0.151331	-0.154702	-0.156232	-0.168552	-0.173054	-0.166216	-0.17441	-0.196263	-0.198545	-0.199083	-0.214218	-0.253383	-0.271908	-0.269289	-0.267371	-0.314325	-0.431827	-0.588424	-0.751378	-0.862673	-0.882855	-0.803	-0.609709	-0.323773	0.0108164	0.369832	0.717235	0.996353	1.17909	1.26836	1.25727	1.13125	0.906964	0.64151	0.399774	0.220325	0.108041	0.047459	0.0187985	0.00675594	0.00221536	0.000666186	0.00018455	4.72899e-05	1.12501e-05	2.49296e-06	5.1612e-07	1.00104e-07	1.82346e-08	3.12668e-09	5.0574e-10	7.73162e-11	1.11917e-11	1.53648e-12	2.00373e-13	2.48582e-14	2.93769e-15	3.31133e-16	3.56437e-17	3.66807e-18	3.61269e-19	3.4088e-20	3.08423e-21	2.66075e-22	0	
0	-0.707641	-1.34463	-1.82037	-2.08647	-2.15168	-2.0165	-1.70085	-1.29371	-0.900533	-0.609395	-0.445439	-0.35738	-0.295388	-0.237644	-0.200799	-0.197694	-0.196232	-0.180044	-0.170851	-0.171638	-0.16257	-0.145614	-0.151867	-0.153071	-0.144369	-0.148781	-0.147953	-0.144433	-0.146235	-0.146999	-0.144661	-0.147019	-0.148852	-0.146881	-0.146621	-0.156836	-0.144691	-0.156092	-0.168488	-0.172772	-0.17307	-0.192046	-0.196117	-0.195292	-0.208422	-0.246985	-0.269381	-0.267964	-0.263082	-0.299894	-0.406558	-0.558416	-0.725468	-0.849724	-0.885798	-0.822655	-0.64515	-0.369082	-0.0386153	0.320401	0.674098	0.965146	1.16083	1.26236	1.26426	1.15081	0.934481	0.66974	0.422849	0.236007	0.117143	0.052057	0.0208499	0.00757342	0.002509	0.000761993	0.000213123	5.51226e-05	1.32329e-05	2.95841e-06	6.17808e-07	1.20848e-07	2.21975e-08	3.83751e-09	6.25743e-10	9.64255e-11	1.40677e-11	1.94634e-12	2.55775e-13	3.19726e-14	3.80688e-15	4.32306e-16	4.68777e-17	4.85947e-18	4.82085e-19	4.58155e-20	4.17495e-21	3.62692e-22	0	
0	-0.706504	-1.34363	-1.81796	-2.08063	-2.14292	-2.00748	-1.69567	-1.29437	-0.907305	-0.621011	-0.455446	-0.361246	-0.293052	-0.232995	-0.200334	-0.198007	-0.195631	-0.175996	-0.162693	-0.164177	-0.162608	-0.157958	-0.157121	-0.152731	-0.145287	-0.147953	-0.142186	-0.141337	-0.142866	-0.138544	-0.143632	-0.140502	-0.144719	-0.148017	-0.147721	-0.157007	-0.155952	-0.161509	-0.163403	-0.162977	-0.167764	-0.189221	-0.196852	-0.194559	-0.204519	-0.241331	-0.265704	-0.268308	-0.261604	-0.289156	-0.387975	-0.536259	-0.704977	-0.838111	-0.8862	-0.835864	-0.67077	-0.402866	-0.0760247	0.28252	0.640448	0.940283	1.14584	1.25676	1.26855	1.16487	0.955077	0.691389	0.440877	0.248452	0.124466	0.0558028	0.0225403	0.0082542	0.00275601	0.000843354	0.000237611	6.18945e-05	1.49618e-05	3.36762e-06	7.07935e-07	1.39379e-07	2.5765e-08	4.48227e-09	7.35406e-10	1.14017e-10	1.67345e-11	2.32911e-12	3.07881e-13	3.87106e-14	4.63581e-15	5.29454e-16	5.77383e-17	6.01905e-18	6.00462e-19	5.73825e-20	5.25784e-21	4.59237e-22	0	
0	-0.705247	-1.34189	-1.81486	-2.07519	-2.13561	-2.00009	-1.69151	-1.29559	-0.912974	-0.62856	-0.462601	-0.366188	-0.292567	-0.228142	-0.197645	-0.197677	-0.192276	-0.174774	-0.165888	-0.169752	-0.161909	-0.147646	-0.150197	-0.148213	-0.141509	-0.144433	-0.141337	-0.140163	-0.141061	-0.140214	-0.14131	-0.140357	-0.144323	-0.142429	-0.143657	-0.152477	-0.146795	-0.155886	-0.167988	-0.168501	-0.168056	-0.186934	-0.19484	-0.193971	-0.199157	-0.236726	-0.266026	-0.268282	-0.259572	-0.282688	-0.376083	-0.521191	-0.690563	-0.829349	-0.885513	-0.844014	-0.687677	-0.425712	-0.101595	0.2564	0.616949	0.922653	1.135	1.25239	1.27098	1.17411	0.96903	0.706326	0.453489	0.257259	0.1297	0.0585045	0.0237697	0.00875319	0.00293839	0.000903845	0.000255939	6.69955e-05	1.62722e-05	3.67966e-06	7.77065e-07	1.53674e-07	2.85326e-08	4.98527e-09	8.21424e-10	1.27889e-10	1.88487e-11	2.63416e-12	3.49623e-13	4.41362e-14	5.30667e-15	6.08475e-16	6.66167e-17	6.97169e-18	6.98194e-19	6.6979e-20	6.16063e-21	5.40109e-22	0	
0	-0.704426	-1.34061	-1.8127	-2.07169	-2.13105	-1.9957	-1.68936	-1.29628	-0.91595	-0.633965	-0.467467	-0.365597	-0.289991	-0.229586	-0.198809	-0.197192	-0.192005	-0.171914	-0.16431	-0.167264	-0.159198	-0.148726	-0.152199	-0.149774	-0.142077	-0.146235	-0.142866	-0.141061	-0.143065	-0.140316	-0.142643	-0.141413	-0.143944	-0.145749	-0.143817	-0.154099	-0.147271	-0.155355	-0.163682	-0.167141	-0.164694	-0.185353	-0.194334	-0.193644	-0.200911	-0.234578	-0.262514	-0.267886	-0.260348	-0.280049	-0.369145	-0.512492	-0.682735	-0.824571	-0.884811	-0.848049	-0.696643	-0.438068	-0.115498	0.242139	0.604019	0.912856	1.1289	1.24982	1.27213	1.179	0.976566	0.714488	0.46044	0.262148	0.132624	0.0600224	0.0244639	0.00903636	0.00304235	0.000938479	0.000266476	6.99399e-05	1.70316e-05	3.86116e-06	8.1742e-07	1.6205e-07	3.01599e-08	5.28202e-09	8.72346e-10	1.3613e-10	2.01087e-11	2.81656e-12	3.74663e-13	4.74013e-14	5.7117e-15	6.56334e-16	7.20108e-17	7.55229e-18	7.57943e-19	7.28641e-20	6.71597e-21	5.90006e-22	0	
0	-0.704358	-1.34043	-1.81225	-2.07096	-2.13033	-1.99521	-1.68886	-1.2959	-0.916716	-0.635011	-0.467421	-0.36726	-0.291544	-0.226746	-0.197739	-0.197382	-0.192125	-0.173989	-0.162035	-0.16458	-0.158915	-0.154509	-0.154992	-0.149595	-0.142963	-0.146999	-0.138544	-0.140214	-0.140316	-0.136594	-0.142678	-0.137713	-0.14429	-0.145198	-0.144893	-0.155031	-0.154241	-0.157213	-0.16265	-0.163624	-0.166642	-0.186142	-0.195286	-0.19329	-0.198449	-0.234316	-0.263637	-0.268347	-0.259292	-0.278735	-0.368567	-0.511658	-0.681369	-0.823557	-0.884586	-0.848689	-0.698164	-0.440169	-0.117824	0.239774	0.601868	0.911215	1.12787	1.24938	1.27231	1.1798	0.97782	0.71585	0.461603	0.262967	0.133115	0.0602775	0.0245808	0.00908406	0.00305989	0.000944325	0.000268257	7.04379e-05	1.71601e-05	3.89191e-06	8.24266e-07	1.63472e-07	3.04364e-08	5.3325e-09	8.81017e-10	1.37534e-10	2.03237e-11	2.84771e-12	3.78944e-13	4.79602e-14	5.78109e-15	6.64543e-16	7.2937e-17	7.65209e-18	7.68225e-19	7.3878e-20	6.81175e-21	5.98622e-22	0	
0	-0.705067	-1.34145	-1.81376	-2.07331	-2.1333	-1.99797	-1.69054	-1.29609	-0.914408	-0.630892	-0.464985	-0.366149	-0.291228	-0.228815	-0.198202	-0.197317	-0.191563	-0.17355	-0.16671	-0.17133	-0.160621	-0.143487	-0.148754	-0.148218	-0.140544	-0.144661	-0.143632	-0.14131	-0.142643	-0.142678	-0.141358	-0.14251	-0.144173	-0.142901	-0.142789	-0.151786	-0.142209	-0.153502	-0.167603	-0.170556	-0.166348	-0.186077	-0.193516	-0.194071	-0.199779	-0.235096	-0.265087	-0.267967	-0.259786	-0.28193	-0.372387	-0.516345	-0.686924	-0.827281	-0.884962	-0.845824	-0.692277	-0.432082	-0.108599	0.249313	0.610532	0.917782	1.13197	1.25112	1.27158	1.17658	0.972814	0.710409	0.456957	0.259691	0.131152	0.0592566	0.024113	0.00889297	0.00298962	0.000920884	0.000261115	6.84398e-05	1.66442e-05	3.76845e-06	7.96782e-07	1.57761e-07	2.93258e-08	5.12975e-09	8.4619e-10	1.31893e-10	1.94603e-11	2.7226e-12	3.61754e-13	4.57165e-14	5.50253e-15	6.31598e-16	6.92206e-17	7.25174e-18	7.26991e-19	6.98132e-20	6.42788e-21	5.64104e-22	0	
0	-0.706358	-1.34326	-1.81657	-2.07792	-2.13969	-2.00465	-1.69386	-1.29413	-0.909757	-0.625531	-0.458718	-0.362331	-0.292451	-0.231766	-0.200206	-0.197131	-0.194647	-0.174678	-0.161415	-0.165081	-0.162476	-0.157732	-0.156093	-0.151644	-0.144508	-0.147019	-0.140502	-0.140357	-0.141413	-0.137713	-0.14251	-0.139973	-0.143623	-0.147094	-0.146831	-0.156149	-0.156062	-0.161514	-0.16406	-0.163124	-0.16659	-0.18809	-0.196489	-0.194235	-0.203738	-0.239726	-0.264391	-0.268197	-0.261108	-0.285923	-0.382185	-0.529519	-0.69895	-0.834309	-0.88552	-0.839373	-0.678734	-0.413579	-0.0877295	0.270725	0.629864	0.932342	1.14097	1.25483	1.26972	1.16914	0.961457	0.698181	0.446586	0.252422	0.126817	0.0570126	0.0230892	0.00847637	0.002837	0.000870149	0.00024571	6.41435e-05	1.55383e-05	3.50461e-06	7.38223e-07	1.4563e-07	2.69729e-08	4.7014e-09	7.72812e-10	1.20039e-10	1.76507e-11	2.46108e-12	3.25911e-13	4.10503e-14	4.92466e-15	5.63426e-16	6.15494e-17	6.42737e-18	6.42291e-19	6.1484e-20	5.64314e-21	4.93705e-22	0	
0	-0.707728	-1.34485	-1.81953	-2.08379	-2.14791	-2.01296	-1.69899	-1.29401	-0.903012	-0.613706	-0.449743	-0.360585	-0.294763	-0.233334	-0.200274	-0.198161	-0.195741	-0.181043	-0.16754	-0.169626	-0.161579	-0.148686	-0.153294	-0.152269	-0.143967	-0.148852	-0.144719	-0.144323	-0.143944	-0.14429	-0.144173	-0.143623	-0.148143	-0.146054	-0.146628	-0.155902	-0.148244	-0.156108	-0.166845	-0.169364	-0.172171	-0.192281	-0.19563	-0.195526	-0.204721	-0.242754	-0.269912	-0.268777	-0.261567	-0.295338	-0.398223	-0.548336	-0.717056	-0.845076	-0.885635	-0.828275	-0.656786	-0.384306	-0.0550854	0.303941	0.659534	0.954407	1.15438	1.26003	1.26627	1.15708	0.943556	0.679207	0.430685	0.241388	0.120294	0.0536621	0.0215714	0.0078629	0.00261367	0.000796352	0.000223432	5.79644e-05	1.39563e-05	3.12914e-06	6.55306e-07	1.28537e-07	2.36738e-08	4.10365e-09	6.70895e-10	1.03651e-10	1.51604e-11	2.1028e-12	2.77025e-13	3.47141e-14	4.14339e-15	4.71656e-16	5.12672e-17	5.32712e-18	5.29724e-19	5.04606e-20	4.60891e-21	4.01304e-22	0	
0	-0.708473	-1.34474	-1.82056	-2.08865	-2.15643	-2.02256	-1.7044	-1.29246	-0.896446	-0.603359	-0.437802	-0.353083	-0.296832	-0.241448	-0.204365	-0.197726	-0.197594	-0.181083	-0.168512	-0.171526	-0.168683	-0.152765	-0.153607	-0.154187	-0.145743	-0.146881	-0.148017	-0.142429	-0.145749	-0.145198	-0.142901	-0.147094	-0.146054	-0.146782	-0.149866	-0.156202	-0.150112	-0.162975	-0.171478	-0.169673	-0.173272	-0.192882	-0.197109	-0.197393	-0.212936	-0.252122	-0.270091	-0.26779	-0.265839	-0.307974	-0.420195	-0.575674	-0.741194	-0.857417	-0.883755	-0.811489	-0.625521	-0.343695	-0.0104669	0.348798	0.698979	0.983206	1.17146	1.26598	1.26048	1.13982	0.918848	0.653588	0.409572	0.226941	0.111859	0.0493773	0.0196502	0.00709374	0.00233616	0.000705434	0.000196208	5.04733e-05	1.20529e-05	2.68073e-06	5.56998e-07	1.08414e-07	1.98168e-08	3.40954e-09	5.53337e-10	8.48712e-11	1.23252e-11	1.69751e-12	2.22075e-13	2.76366e-14	3.27613e-15	3.70411e-16	3.99924e-17	4.12793e-18	4.0777e-19	3.85891e-20	3.50169e-21	3.02952e-22	0	
0	-0.707595	-1.34096	-1.81718	-2.08988	-2.16206	-2.03032	-1.71017	-1.29266	-0.889987	-0.590982	-0.425042	-0.346896	-0.299725	-0.247442	-0.207859	-0.199831	-0.202118	-0.187936	-0.168219	-0.16815	-0.174125	-0.164111	-0.157365	-0.156883	-0.151331	-0.146621	-0.147721	-0.143657	-0.143817	-0.144893	-0.142789	-0.146831	-0.146628	-0.149866	-0.154104	-0.157298	-0.160625	-0.171296	-0.171719	-0.16587	-0.178836	-0.198577	-0.200309	-0.199727	-0.219305	-0.259359	-0.272999	-0.268611	-0.271024	-0.327218	-0.450988	-0.609535	-0.769163	-0.870376	-0.878609	-0.787215	-0.583555	-0.291134	0.0462618	0.404983	0.747368	1.01767	1.19118	1.27171	1.25136	1.11659	0.887045	0.621517	0.383704	0.209558	0.101869	0.0443755	0.017437	0.00621857	0.00202408	0.000604318	0.000166251	4.23139e-05	1.00002e-05	2.20177e-06	4.52972e-07	8.73147e-08	1.58088e-08	2.69459e-09	4.33295e-10	6.58581e-11	9.47872e-12	1.29398e-12	1.6781e-13	2.07037e-14	2.43337e-15	2.72806e-16	2.92081e-17	2.98984e-18	2.9292e-19	2.74946e-20	2.47478e-21	2.12413e-22	0	
0	-0.703905	-1.33111	-1.80609	-2.08406	-2.16171	-2.03342	-1.71366	-1.29383	-0.886759	-0.581405	-0.41346	-0.338528	-0.299836	-0.257484	-0.215748	-0.200012	-0.203858	-0.197256	-0.178701	-0.17063	-0.165385	-0.157986	-0.15946	-0.161961	-0.154702	-0.156836	-0.157007	-0.152477	-0.154099	-0.155031	-0.151786	-0.156149	-0.155902	-0.156202	-0.157298	-0.163521	-0.156061	-0.162714	-0.167926	-0.175093	-0.188895	-0.203673	-0.199938	-0.203865	-0.232267	-0.266384	-0.274396	-0.270697	-0.281139	-0.353898	-0.489143	-0.650139	-0.800616	-0.881699	-0.867552	-0.753327	-0.529569	-0.226053	0.115168	0.47196	0.803533	1.05642	1.21225	1.27594	1.2377	1.08651	0.847906	0.583325	0.353687	0.189825	0.090748	0.0389044	0.0150551	0.00529091	0.00169798	0.000500091	0.000135773	3.41164e-05	7.96286e-06	1.73199e-06	3.52106e-07	6.7085e-08	1.2008e-08	2.02389e-09	3.21869e-10	4.83928e-11	6.89072e-12	9.30785e-13	1.19455e-13	1.45866e-14	1.69702e-15	1.88344e-16	1.99649e-17	2.02357e-18	1.96321e-19	1.82495e-20	1.6269e-21	1.3833e-22	0	
0	-0.696	-1.31255	-1.78369	-2.06695	-2.15107	-2.02831	-1.71254	-1.29559	-0.890011	-0.577372	-0.401159	-0.330435	-0.302973	-0.268434	-0.225273	-0.203135	-0.203484	-0.19892	-0.184027	-0.180136	-0.185041	-0.166757	-0.156381	-0.159349	-0.156232	-0.144691	-0.155952	-0.146795	-0.147271	-0.154241	-0.142209	-0.156062	-0.148244	-0.150112	-0.160625	-0.156061	-0.161044	-0.178686	-0.184744	-0.179139	-0.193833	-0.203098	-0.201082	-0.212386	-0.243764	-0.277375	-0.276792	-0.271416	-0.297179	-0.390751	-0.536659	-0.696843	-0.832284	-0.888194	-0.848155	-0.707636	-0.462133	-0.147955	0.196122	0.548844	0.865911	1.09779	1.23316	1.27717	1.21807	1.04869	0.801314	0.539536	0.320291	0.16843	0.0789616	0.0332252	0.0126296	0.00436305	0.0013773	0.000399233	0.000106732	2.6421e-05	6.07763e-06	1.30331e-06	2.61309e-07	4.91152e-08	8.67533e-09	1.44323e-09	2.266e-10	3.36423e-11	4.73126e-12	6.31316e-13	8.00499e-14	9.65916e-15	1.11061e-15	1.21837e-16	1.27674e-17	1.27944e-18	1.22739e-19	1.12831e-20	9.94838e-22	8.368e-23	0	
0	-0.682262	-1.28245	-1.74621	-2.03396	-2.12465	-2.01015	-1.70521	-1.29699	-0.897699	-0.584417	-0.398876	-0.320856	-0.29938	-0.278907	-0.241957	-0.211548	-0.208116	-0.207628	-0.185632	-0.174123	-0.181288	-0.183852	-0.166056	-0.167936	-0.168552	-0.156092	-0.161509	-0.155886	-0.155355	-0.157213	-0.153502	-0.161514	-0.156108	-0.162975	-0.171296	-0.162714	-0.178686	-0.183605	-0.176812	-0.176654	-0.202295	-0.207591	-0.208969	-0.22421	-0.261858	-0.28075	-0.273927	-0.280305	-0.324484	-0.438756	-0.592662	-0.74633	-0.860827	-0.887294	-0.817487	-0.647445	-0.379987	-0.0566682	0.288677	0.634306	0.932509	1.13981	1.25214	1.27363	1.1909	1.00229	0.747373	0.49091	0.284443	0.146127	0.0669928	0.0275937	0.010277	0.00348146	0.00107849	0.000306989	8.0641e-05	1.96247e-05	4.44004e-06	9.36879e-07	1.84903e-07	3.42224e-08	5.95424e-09	9.76002e-10	1.51031e-10	2.21052e-11	3.06542e-12	4.03422e-13	5.04618e-14	6.00777e-15	6.81693e-16	7.38129e-17	7.63576e-18	7.55494e-19	7.15686e-20	6.49767e-21	5.65884e-22	4.70288e-23	0	
0	-0.660984	-1.238	-1.68966	-1.98036	-2.07758	-1.97278	-1.68577	-1.2985	-0.914545	-0.601591	-0.405678	-0.317636	-0.297745	-0.288672	-0.254696	-0.222276	-0.208175	-0.219238	-0.204265	-0.179856	-0.172744	-0.185613	-0.173145	-0.169292	-0.173054	-0.168488	-0.163403	-0.167988	-0.163682	-0.16265	-0.167603	-0.16406	-0.166845	-0.171478	-0.171719	-0.167926	-0.184744	-0.176812	-0.174326	-0.193082	-0.21802	-0.210786	-0.213911	-0.238212	-0.275365	-0.284569	-0.278686	-0.294054	-0.364084	-0.499673	-0.653891	-0.796118	-0.883661	-0.87481	-0.771527	-0.570456	-0.282535	0.047651	0.392006	0.726434	1.00088	1.1803	1.26722	1.26333	1.15459	0.94665	0.686509	0.438475	0.247214	0.12371	0.0553102	0.0222424	0.00809624	0.00268309	0.000813794	0.000226972	5.8459e-05	1.39575e-05	3.09982e-06	6.42383e-07	1.24569e-07	2.26627e-08	3.87727e-09	6.25171e-10	9.5193e-11	1.37136e-11	1.87235e-12	2.42667e-13	2.99002e-14	3.50741e-15	3.9221e-16	4.18608e-17	4.26932e-18	4.16533e-19	3.89161e-20	3.48519e-21	2.99454e-22	2.45604e-23	0	
