0	0	0	0	0	0	0	0	0	0	0	0	0	0	0	0	0	0	0	0	0	0	0	0	0	0	0	0	0	0	0	0	0	0	0	0	0	0	0	0	0	0	0	0	0	0	0	0	0	0	0	0	0	0	0	0	0	0	0	0	0	0	0	0	0	0	0	0	0	0	0	0	0	0	0	0	0	0	0	0	0	0	0	0	0	0	0	0	0	0	0	0	0	0	0	0	0	0	0	0	
0	-0.205643	-0.366885	-0.491251	-0.604776	-0.702718	-0.756315	-0.740406	-0.650901	-0.510862	-0.353978	-0.205487	-0.0785392	0.0260223	0.11128	0.176611	0.223236	0.254466	0.271526	0.276237	0.272237	0.261889	0.247662	0.23217	0.216511	0.202236	0.190021	0.180266	0.173525	0.169674	0.169069	0.171522	0.177164	0.185717	0.197159	0.210734	0.226132	0.241887	0.256684	0.268764	0.27525	0.27418	0.263006	0.238516	0.200602	0.147798	0.0807517	0.0046294	-0.0767693	-0.161563	-0.246565	-0.328088	-0.400749	-0.457401	-0.491052	-0.494166	-0.46887	-0.430833	-0.382803	-0.305825	-0.196704	-0.0848869	0.00568786	0.0849128	0.171045	0.255608	0.307989	0.306822	0.258109	0.186847	0.118268	0.0663225	0.0333097	0.0151177	0.00624689	0.00236518	0.000824995	0.000266363	7.99324e-05	2.23759e-05	5.86211e-06	1.44146e-06	3.33555e-07	7.28078e-08	1.50236e-08	2.93641e-09	5.44628e-10	9.60187e-11	1.61162e-11	2.579e-12	3.94013e-13	5.75426e-14	8.04275e-15	1.07706e-15	1.38342e-16	1.70598e-17	2.02167e-18	2.30408e-19	2.50119e-20	0	
0	-0.366885	-0.699332	-0.976355	-1.19347	-1.35298	-1.43894	-1.41357	-1.26031	-1.00917	-0.713149	-0.423211	-0.171795	0.0317171	0.187808	0.301821	0.381888	0.433603	0.461039	0.469912	0.465451	0.451348	0.432118	0.410501	0.388704	0.368844	0.351549	0.337998	0.328438	0.323061	0.322313	0.325649	0.333761	0.345539	0.361622	0.380439	0.401748	0.423709	0.444197	0.460644	0.469601	0.466226	0.447586	0.408178	0.34482	0.256023	0.139953	-0.000959889	-0.160051	-0.328872	-0.495853	-0.64826	-0.776414	-0.871759	-0.930679	-0.951483	-0.924655	-0.846525	-0.727454	-0.572523	-0.383492	-0.181196	0.00730086	0.179355	0.345843	0.493884	0.583247	0.582482	0.498405	0.370032	0.241262	0.139653	0.0724514	0.033966	0.0144916	0.00566128	0.00203589	0.000677113	0.000209132	6.02029e-05	1.62058e-05	4.09125e-06	9.71236e-07	2.17333e-07	4.59425e-08	9.19326e-09	1.74461e-09	3.14517e-10	5.39514e-11	8.81894e-12	1.37558e-12	2.05008e-13	2.92279e-14	3.99081e-15	5.22428e-16	6.56348e-17	7.92131e-18	9.19086e-19	1.01502e-19	0	
0	-0.491251	-0.976355	-1.4008	-1.7186	-1.92947	-2.02506	-1.9744	-1.77088	-1.44454	-1.05316	-0.663925	-0.320465	-0.0422421	0.168192	0.321904	0.428993	0.497327	0.536017	0.55395	0.556152	0.548232	0.534674	0.51768	0.500544	0.48427	0.470092	0.459064	0.450998	0.446783	0.446031	0.448979	0.455551	0.465417	0.478279	0.493771	0.510465	0.52768	0.543125	0.553574	0.55674	0.546361	0.5174	0.465349	0.382847	0.267863	0.119582	-0.0614278	-0.268599	-0.489872	-0.712326	-0.919399	-1.09718	-1.23426	-1.31741	-1.34489	-1.31311	-1.20375	-1.02049	-0.796448	-0.549158	-0.276147	0.00963672	0.279748	0.51407	0.69714	0.802638	0.804936	0.706516	0.54481	0.371237	0.225119	0.122383	0.0600687	0.0267924	0.0109235	0.00409236	0.00141542	0.000453848	0.000135419	3.77268e-05	9.84343e-06	2.41192e-06	5.56401e-07	1.2112e-07	2.49321e-08	4.86246e-09	9.00085e-10	1.58401e-10	2.65431e-11	4.24113e-12	6.47041e-13	9.43726e-14	1.31745e-14	1.76231e-15	2.26119e-16	2.78567e-17	3.29767e-18	3.71252e-19	0	
0	-0.604776	-1.19347	-1.7186	-2.13029	-2.39076	-2.47629	-2.3949	-2.1643	-1.8044	-1.37057	-0.930002	-0.532562	-0.209943	0.0352104	0.212671	0.335133	0.417663	0.472921	0.509047	0.530617	0.543488	0.54928	0.551051	0.550459	0.547952	0.545529	0.542757	0.540707	0.539687	0.539139	0.540456	0.541574	0.544711	0.546681	0.549738	0.550771	0.550093	0.546134	0.536585	0.51877	0.491256	0.446327	0.381492	0.28995	0.166189	0.00790027	-0.183841	-0.405277	-0.645732	-0.893057	-1.13394	-1.3477	-1.51996	-1.62938	-1.65293	-1.59638	-1.4665	-1.25696	-0.985618	-0.680503	-0.343356	0.0204202	0.368357	0.651476	0.849116	0.95668	0.965607	0.87381	0.705234	0.506635	0.324644	0.186409	0.0964595	0.045249	0.0193523	0.00758598	0.00273866	0.000914548	0.00028361	8.19642e-05	2.21465e-05	5.61083e-06	1.3364e-06	2.99974e-07	6.35951e-08	1.27597e-08	2.42744e-09	4.38629e-10	7.54025e-11	1.23499e-11	1.92991e-12	2.88118e-13	4.1143e-14	5.62617e-15	7.37549e-16	9.27839e-17	1.12102e-17	1.28689e-18	0	
0	-0.702718	-1.35298	-1.92947	-2.39076	-2.66693	-2.74644	-2.66999	-2.44987	-2.10113	-1.67193	-1.21709	-0.800546	-0.461155	-0.203898	-0.0202801	0.112731	0.212185	0.290985	0.353991	0.406152	0.449188	0.484047	0.51246	0.534038	0.550684	0.562909	0.570855	0.576561	0.578909	0.57942	0.577671	0.573092	0.566352	0.555674	0.541092	0.521785	0.496342	0.463916	0.425255	0.376131	0.319391	0.252323	0.171953	0.0760934	-0.0403291	-0.183442	-0.358698	-0.566448	-0.80407	-1.05486	-1.30438	-1.52827	-1.70062	-1.81439	-1.84651	-1.78118	-1.6383	-1.42251	-1.12437	-0.764392	-0.37147	0.0367402	0.423124	0.733082	0.938738	1.0472	1.06762	0.997859	0.845178	0.64237	0.43654	0.265623	0.145316	0.0718591	0.0322992	0.0132675	0.00500559	0.00174256	0.000562071	0.000168618	4.72061e-05	1.23713e-05	3.04347e-06	7.04637e-07	1.53892e-07	3.17724e-08	6.21325e-09	1.15295e-09	2.03357e-10	3.41459e-11	5.46615e-12	8.35367e-13	1.22033e-13	1.70609e-14	2.28524e-15	2.93583e-16	3.62046e-17	4.23812e-18	0	
0	-0.756315	-1.43894	-2.02506	-2.47629	-2.74644	-2.84533	-2.79375	-2.60713	-2.31894	-1.94782	-1.53377	-1.14046	-0.801332	-0.535767	-0.33312	-0.175522	-0.0499605	0.0564439	0.146357	0.225519	0.292468	0.350003	0.396121	0.433773	0.463277	0.484829	0.501106	0.511247	0.516621	0.517911	0.513561	0.506159	0.491335	0.473241	0.445756	0.412552	0.369685	0.316937	0.254299	0.181963	0.0969715	0.0049595	-0.0962588	-0.204841	-0.324298	-0.453235	-0.601675	-0.772055	-0.969829	-1.1882	-1.40702	-1.61478	-1.77708	-1.87653	-1.91603	-1.86935	-1.72603	-1.5002	-1.18714	-0.796779	-0.374612	0.0421354	0.428676	0.746444	0.963306	1.08199	1.12036	1.08117	0.959819	0.771402	0.556056	0.358717	0.207592	0.108267	0.0511644	0.0220303	0.00868821	0.00315357	0.00105816	0.000329541	9.5597e-05	2.59163e-05	6.58535e-06	1.57264e-06	3.53827e-07	7.51688e-08	1.511e-08	2.87936e-09	5.2107e-10	8.96953e-11	1.47087e-11	2.30105e-12	3.43869e-13	4.91489e-14	6.72655e-15	8.82472e-16	1.11075e-16	1.32585e-17	0	
0	-0.740406	-1.41357	-1.9744	-2.3949	-2.66999	-2.79375	-2.76837	-2.64666	-2.45538	-2.18329	-1.85972	-1.51446	-1.18621	-0.90674	-0.673307	-0.488616	-0.334624	-0.207153	-0.0980426	-0.00462458	0.0753438	0.141285	0.196181	0.241402	0.276643	0.303983	0.325005	0.337383	0.345765	0.346299	0.34162	0.331227	0.312923	0.289362	0.256536	0.215779	0.164724	0.104034	0.0286648	-0.0552868	-0.154328	-0.263746	-0.383096	-0.504608	-0.630206	-0.754265	-0.87533	-1.00195	-1.13348	-1.28532	-1.44375	-1.60152	-1.75037	-1.84827	-1.88385	-1.84848	-1.71315	-1.48217	-1.17152	-0.790933	-0.379229	0.0177287	0.381648	0.695336	0.928764	1.07036	1.13418	1.12899	1.04668	0.88673	0.676632	0.46224	0.282771	0.155471	0.0772232	0.0348454	0.0143616	0.00543407	0.00189641	0.000612996	0.000184227	5.16559e-05	1.35552e-05	3.33845e-06	7.73663e-07	1.69102e-07	3.49362e-08	6.83583e-09	1.26908e-09	2.23929e-10	3.76124e-11	6.02271e-12	9.20629e-13	1.34513e-13	1.88084e-14	2.51962e-15	3.23667e-16	3.93917e-17	0	
0	-0.650901	-1.26031	-1.77088	-2.1643	-2.44987	-2.60713	-2.64666	-2.61596	-2.51954	-2.36116	-2.13822	-1.84951	-1.54528	-1.25241	-1.00043	-0.79593	-0.628504	-0.497082	-0.384109	-0.29102	-0.209913	-0.143217	-0.0822194	-0.0346246	0.00648344	0.0391705	0.06264	0.0798837	0.0885192	0.0899992	0.0844619	0.0702153	0.0503216	0.0197371	-0.0157796	-0.0625811	-0.117066	-0.180866	-0.255686	-0.342097	-0.43768	-0.545541	-0.662531	-0.786382	-0.904177	-1.01912	-1.11239	-1.19492	-1.26683	-1.34243	-1.43953	-1.53816	-1.64117	-1.72679	-1.75515	-1.71706	-1.59451	-1.38169	-1.10267	-0.770923	-0.405541	-0.045334	0.289575	0.59461	0.846978	1.02102	1.11736	1.14721	1.10581	0.982992	0.791369	0.571242	0.368864	0.213583	0.111419	0.0526538	0.0226673	0.00893644	0.00324221	0.00108732	0.000338417	9.81073e-05	2.65783e-05	6.74866e-06	1.61044e-06	3.62057e-07	7.68585e-08	1.54378e-08	2.9396e-09	5.3157e-10	9.14348e-11	1.49831e-11	2.34229e-12	3.4979e-13	4.99614e-14	6.83325e-15	8.95732e-16	1.11134e-16	0	
0	-0.510862	-1.00917	-1.44454	-1.8044	-2.10113	-2.31894	-2.45538	-2.51954	-2.5269	-2.48255	-2.34242	-2.10962	-1.82096	-1.52092	-1.26711	-1.06146	-0.911038	-0.791108	-0.694308	-0.610879	-0.537895	-0.469031	-0.40976	-0.357782	-0.312737	-0.2762	-0.250017	-0.228386	-0.220599	-0.216713	-0.224632	-0.240594	-0.263505	-0.298256	-0.337835	-0.388328	-0.444177	-0.509437	-0.576771	-0.654589	-0.732955	-0.819951	-0.906734	-1.00398	-1.09891	-1.19346	-1.27434	-1.32582	-1.35967	-1.37168	-1.39484	-1.43452	-1.47627	-1.5172	-1.52766	-1.49079	-1.39751	-1.23422	-1.01581	-0.756686	-0.458037	-0.142114	0.166217	0.462446	0.731929	0.941705	1.07563	1.14105	1.13919	1.05723	0.894304	0.680145	0.46266	0.281722	0.154176	0.0762354	0.0342521	0.0140598	0.00529955	0.00184281	0.000593649	0.000177842	4.97148e-05	1.30086e-05	3.19515e-06	7.38554e-07	1.61035e-07	3.31926e-08	6.48035e-09	1.20057e-09	2.11416e-10	3.54433e-11	5.66511e-12	8.64471e-13	1.261e-13	1.76044e-14	2.35432e-15	2.97716e-16	0	
0	-0.353978	-0.713149	-1.05316	-1.37057	-1.67193	-1.94782	-2.18329	-2.36116	-2.48255	-2.525	-2.45096	-2.26561	-1.99651	-1.71963	-1.48059	-1.29439	-1.15862	-1.05056	-0.969509	-0.89397	-0.828681	-0.76432	-0.712371	-0.659494	-0.61905	-0.583807	-0.556672	-0.538823	-0.528208	-0.526938	-0.533485	-0.548687	-0.572573	-0.603126	-0.643845	-0.689278	-0.742773	-0.801863	-0.863406	-0.928094	-0.991721	-1.05364	-1.11397	-1.16782	-1.22429	-1.27719	-1.33766	-1.37602	-1.38654	-1.36377	-1.31633	-1.27706	-1.25183	-1.24375	-1.23674	-1.21261	-1.16632	-1.07663	-0.936695	-0.756074	-0.528203	-0.258482	0.0267355	0.314955	0.596714	0.839556	1.01296	1.11459	1.1499	1.10886	0.981198	0.783615	0.56019	0.358074	0.205282	0.106081	0.0496906	0.0212169	0.0083013	0.00299065	0.000996425	0.000308251	8.88584e-05	2.39459e-05	6.05031e-06	1.43712e-06	3.2169e-07	6.80105e-08	1.3608e-08	2.58176e-09	4.65259e-10	7.97689e-11	1.30312e-11	2.03122e-12	3.02496e-13	4.30928e-14	5.87784e-15	7.57354e-16	0	
0	-0.205487	-0.423211	-0.663925	-0.930002	-1.21709	-1.53377	-1.85972	-2.13822	-2.34242	-2.45096	-2.44188	-2.31557	-2.10643	-1.87484	-1.65468	-1.47506	-1.33462	-1.23581	-1.15837	-1.09539	-1.04095	-0.99435	-0.950226	-0.912757	-0.880308	-0.854378	-0.831981	-0.820485	-0.809564	-0.810811	-0.814754	-0.826329	-0.846085	-0.867943	-0.900532	-0.934036	-0.975753	-1.01897	-1.06813	-1.11556	-1.16768	-1.20956	-1.25202	-1.28247	-1.30314	-1.31119	-1.32054	-1.33007	-1.316	-1.26693	-1.18038	-1.08233	-0.995855	-0.945472	-0.934094	-0.937231	-0.944011	-0.931565	-0.872634	-0.765365	-0.602734	-0.378649	-0.115667	0.164203	0.452126	0.721317	0.932695	1.07096	1.1413	1.13912	1.0498	0.87724	0.657273	0.440108	0.26387	0.142299	0.0694047	0.0307902	0.0124917	0.00465792	0.00160363	0.000511852	0.000152031	4.21624e-05	1.09509e-05	2.67116e-06	6.13443e-07	1.32945e-07	2.72464e-08	5.29092e-09	9.75256e-10	1.7092e-10	2.8525e-11	4.53985e-12	6.89963e-13	1.00259e-13	1.39425e-14	1.82983e-15	0	
0	-0.0785392	-0.171795	-0.320465	-0.532562	-0.800546	-1.14046	-1.51446	-1.84951	-2.10962	-2.26561	-2.31557	-2.2703	-2.1403	-1.95612	-1.75153	-1.56926	-1.43222	-1.33937	-1.27299	-1.2289	-1.19303	-1.16378	-1.13551	-1.11345	-1.09045	-1.07343	-1.05856	-1.0486	-1.04279	-1.04181	-1.04562	-1.05375	-1.06655	-1.08325	-1.10301	-1.12645	-1.15107	-1.1779	-1.20543	-1.23121	-1.25939	-1.28322	-1.29892	-1.30988	-1.30527	-1.27711	-1.23337	-1.19137	-1.148	-1.08403	-0.980571	-0.861253	-0.752874	-0.680694	-0.668974	-0.701162	-0.755386	-0.807353	-0.818814	-0.774893	-0.669471	-0.490186	-0.251405	0.0182624	0.3064	0.59341	0.838275	1.01269	1.11658	1.15036	1.09966	0.957928	0.750035	0.524889	0.328493	0.184565	0.0935959	0.0430842	0.0181025	0.00697851	0.00247992	0.000815874	0.000249455	7.11309e-05	1.89754e-05	4.74933e-06	1.11818e-06	2.48232e-07	5.20739e-08	1.03435e-08	1.94894e-09	3.48946e-10	5.94613e-11	9.65757e-12	1.49712e-12	2.21799e-13	3.14333e-14	4.20005e-15	0	
0	0.0260223	0.0317171	-0.0422421	-0.209943	-0.461155	-0.801332	-1.18621	-1.54528	-1.82096	-1.99651	-2.10643	-2.1403	-2.08034	-1.93311	-1.73737	-1.5657	-1.44096	-1.36388	-1.31727	-1.29397	-1.27753	-1.26457	-1.25188	-1.23915	-1.22626	-1.21577	-1.20614	-1.19985	-1.19616	-1.19552	-1.19826	-1.20359	-1.21192	-1.22227	-1.23343	-1.24691	-1.25703	-1.26799	-1.2755	-1.27609	-1.27353	-1.26624	-1.24906	-1.22626	-1.20121	-1.15351	-1.07488	-0.988582	-0.909816	-0.844299	-0.761272	-0.653597	-0.551083	-0.480458	-0.47139	-0.520862	-0.605707	-0.702196	-0.767977	-0.776108	-0.720148	-0.585126	-0.374416	-0.118008	0.165393	0.461735	0.733506	0.942194	1.07854	1.14544	1.13175	1.024	0.835295	0.609424	0.397287	0.232145	0.122203	0.0582821	0.025326	0.0100805	0.00369314	0.00125091	0.000393286	0.000115187	3.15302e-05	8.09019e-06	1.95103e-06	4.43306e-07	9.51152e-08	1.93106e-08	3.71677e-09	6.79388e-10	1.1813e-10	1.95679e-11	3.09231e-12	4.66819e-13	6.73842e-14	9.16209e-15	0	
0	0.11128	0.187808	0.168192	0.0352104	-0.203898	-0.535767	-0.90674	-1.25241	-1.52092	-1.71963	-1.87484	-1.95612	-1.93311	-1.79837	-1.62525	-1.47761	-1.36945	-1.30206	-1.26698	-1.26188	-1.25739	-1.2607	-1.26092	-1.26241	-1.25999	-1.26011	-1.25723	-1.2563	-1.25583	-1.25428	-1.25681	-1.25603	-1.2589	-1.26079	-1.26026	-1.26206	-1.2589	-1.25053	-1.24309	-1.22294	-1.19449	-1.16212	-1.11312	-1.05057	-0.991571	-0.94047	-0.863996	-0.767592	-0.674291	-0.604756	-0.550354	-0.485115	-0.412001	-0.351606	-0.341583	-0.39433	-0.490591	-0.610967	-0.715158	-0.765153	-0.751401	-0.659373	-0.481089	-0.241901	0.0329008	0.331331	0.622478	0.862017	1.02966	1.12723	1.14795	1.07508	0.910785	0.690964	0.468173	0.283955	0.15489	0.076413	0.034289	0.0140717	0.00530782	0.00184861	0.000596921	0.000179369	5.03259e-05	1.32242e-05	3.26345e-06	7.58238e-07	1.66247e-07	3.44693e-08	6.77157e-09	1.2627e-09	2.23865e-10	3.77933e-11	6.08435e-12	9.35325e-13	1.3743e-13	1.90034e-14	0	
0	0.176611	0.301821	0.321904	0.212671	-0.0202801	-0.33312	-0.673307	-1.00043	-1.26711	-1.48059	-1.65468	-1.75153	-1.73737	-1.62525	-1.48429	-1.34106	-1.21932	-1.13816	-1.11375	-1.11125	-1.12027	-1.14076	-1.16104	-1.17373	-1.19103	-1.19749	-1.20747	-1.20973	-1.21411	-1.21325	-1.21154	-1.20955	-1.19974	-1.19513	-1.17965	-1.16433	-1.14727	-1.11895	-1.09005	-1.05921	-1.0101	-0.964015	-0.914084	-0.842099	-0.757263	-0.690812	-0.63249	-0.558438	-0.476777	-0.419099	-0.3884	-0.359094	-0.323269	-0.282276	-0.268156	-0.311499	-0.403156	-0.529596	-0.658137	-0.742009	-0.764166	-0.712207	-0.569494	-0.351866	-0.0888499	0.20611	0.509224	0.774924	0.972206	1.09841	1.15059	1.1118	0.975204	0.767236	0.539063	0.33867	0.19107	0.0973362	0.0450313	0.0190248	0.00737767	0.00263845	0.000873871	0.000269076	7.72909e-05	2.07761e-05	5.24092e-06	1.24388e-06	2.78421e-07	5.88991e-08	1.17995e-08	2.24263e-09	4.05071e-10	6.96408e-11	1.14128e-11	1.78528e-12	2.66827e-13	3.74976e-14	0	
0	0.223236	0.381888	0.428993	0.335133	0.112731	-0.175522	-0.488616	-0.79593	-1.06146	-1.29439	-1.47506	-1.56926	-1.5657	-1.47761	-1.34106	-1.16923	-1.01963	-0.933714	-0.904943	-0.895987	-0.918652	-0.949475	-0.975561	-1.00023	-1.0264	-1.03763	-1.05534	-1.06131	-1.06589	-1.06936	-1.06186	-1.06032	-1.04471	-1.03154	-1.01237	-0.983109	-0.95595	-0.919188	-0.872242	-0.832279	-0.779866	-0.717999	-0.669154	-0.620484	-0.548176	-0.482073	-0.434234	-0.392728	-0.337785	-0.289405	-0.277534	-0.277571	-0.271026	-0.249496	-0.231998	-0.260393	-0.338523	-0.457868	-0.597514	-0.708085	-0.76135	-0.745499	-0.6393	-0.44704	-0.198642	0.0888232	0.397356	0.683804	0.908371	1.0614	1.14214	1.13552	1.02814	0.836563	0.608034	0.394847	0.229951	0.120744	0.0574928	0.0249648	0.00993782	0.00364409	0.00123626	0.000389545	0.000114412	3.14221e-05	8.09306e-06	1.95996e-06	4.47384e-07	9.64652e-08	1.96878e-08	3.81038e-09	7.00542e-10	1.22544e-10	2.0426e-11	3.24873e-12	4.93518e-13	7.04333e-14	0	
0	0.254466	0.433603	0.497327	0.417663	0.212185	-0.0499605	-0.334624	-0.628504	-0.911038	-1.15862	-1.33462	-1.43222	-1.44096	-1.36945	-1.21932	-1.01963	-0.856881	-0.754692	-0.700002	-0.677385	-0.698049	-0.717195	-0.741791	-0.771631	-0.792468	-0.809771	-0.827434	-0.834056	-0.84063	-0.842611	-0.835915	-0.831184	-0.816414	-0.799311	-0.779554	-0.752565	-0.719293	-0.692076	-0.642918	-0.603698	-0.561	-0.507828	-0.452494	-0.421646	-0.378995	-0.328965	-0.295084	-0.273336	-0.250921	-0.219328	-0.211761	-0.224524	-0.238105	-0.23629	-0.218816	-0.230061	-0.290886	-0.396856	-0.536921	-0.666161	-0.746048	-0.762197	-0.691551	-0.527263	-0.295931	-0.0187802	0.289842	0.591482	0.840308	1.01835	1.12499	1.14801	1.06991	0.897903	0.673465	0.451043	0.270602	0.146177	0.0715092	0.0318605	0.0129981	0.00487953	0.00169311	0.000545186	0.000163506	4.58215e-05	1.20349e-05	2.97045e-06	6.90673e-07	1.51625e-07	3.14926e-08	6.20032e-09	1.15917e-09	2.06118e-10	3.49122e-11	5.64078e-12	8.70211e-13	1.26022e-13	0	
0	0.271526	0.461039	0.536017	0.472921	0.290985	0.0564439	-0.207153	-0.497082	-0.791108	-1.05056	-1.23581	-1.33937	-1.36388	-1.30206	-1.13816	-0.933714	-0.754692	-0.62158	-0.52664	-0.490306	-0.491138	-0.496164	-0.518031	-0.544283	-0.55653	-0.581727	-0.59029	-0.601982	-0.607772	-0.606496	-0.606792	-0.593552	-0.587927	-0.565376	-0.548589	-0.527409	-0.493683	-0.474193	-0.441808	-0.405599	-0.380747	-0.350315	-0.306865	-0.276608	-0.25934	-0.230394	-0.211519	-0.203756	-0.198667	-0.17981	-0.176042	-0.195376	-0.216886	-0.228025	-0.216487	-0.214792	-0.256594	-0.345898	-0.479566	-0.62007	-0.721688	-0.765499	-0.728079	-0.593014	-0.380694	-0.11576	0.188919	0.500544	0.770124	0.971238	1.10136	1.15123	1.10139	0.950805	0.734107	0.505918	0.312023	0.173063	0.0868189	0.0396201	0.0165379	0.00634579	0.00224861	0.000738837	0.000225944	6.45243e-05	1.72595e-05	4.3362e-06	1.02578e-06	2.29008e-07	4.8352e-08	9.67346e-09	1.83708e-09	3.31717e-10	5.70386e-11	9.35297e-12	1.46396e-12	2.1494e-13	0	
0	0.276237	0.469912	0.55395	0.509047	0.353991	0.146357	-0.0980426	-0.384109	-0.694308	-0.969509	-1.15837	-1.27299	-1.31727	-1.26698	-1.11375	-0.904943	-0.700002	-0.52664	-0.409048	-0.361632	-0.337243	-0.335848	-0.351495	-0.365745	-0.376038	-0.396844	-0.398999	-0.411419	-0.414503	-0.411273	-0.416172	-0.400997	-0.400291	-0.383343	-0.368718	-0.353999	-0.332513	-0.307764	-0.293991	-0.265029	-0.245448	-0.233616	-0.217527	-0.197978	-0.189164	-0.171764	-0.162007	-0.162891	-0.172568	-0.166195	-0.157115	-0.174023	-0.201944	-0.222367	-0.217068	-0.208093	-0.233733	-0.305175	-0.427386	-0.572824	-0.691573	-0.758748	-0.751222	-0.64527	-0.453289	-0.201795	0.096113	0.413195	0.699821	0.921848	1.07322	1.14714	1.12377	0.99532	0.789107	0.558307	0.353216	0.200748	0.103076	0.0480933	0.0205038	0.00802844	0.00290064	0.000971058	0.000302363	8.78667e-05	2.39041e-05	6.10503e-06	1.46749e-06	3.3277e-07	7.13376e-08	1.44861e-08	2.79142e-09	5.11293e-10	8.91576e-11	1.48223e-11	2.35161e-12	3.49712e-13	0	
0	0.272237	0.465451	0.556152	0.530617	0.406152	0.225519	-0.00462458	-0.29102	-0.610879	-0.89397	-1.09539	-1.2289	-1.29397	-1.26188	-1.11125	-0.895987	-0.677385	-0.490306	-0.361632	-0.287532	-0.247126	-0.235152	-0.23813	-0.239176	-0.249728	-0.255727	-0.26045	-0.266551	-0.267498	-0.268301	-0.267145	-0.262945	-0.257764	-0.2511	-0.242675	-0.232031	-0.225058	-0.209779	-0.201916	-0.187701	-0.175853	-0.163013	-0.153721	-0.146409	-0.153625	-0.147574	-0.139147	-0.141901	-0.154719	-0.15772	-0.150955	-0.16209	-0.188585	-0.216158	-0.218674	-0.205626	-0.218553	-0.274143	-0.382332	-0.526989	-0.658307	-0.744933	-0.763573	-0.685444	-0.51438	-0.276997	0.0123306	0.331196	0.631227	0.871825	1.04234	1.1376	1.13847	1.03189	0.837985	0.607264	0.393238	0.22854	0.119873	0.0570773	0.0248102	0.0098965	0.00363976	0.00123954	0.000392394	0.000115868	3.20144e-05	8.30055e-06	2.02474e-06	4.65753e-07	1.01253e-07	2.08442e-08	4.07084e-09	7.55512e-10	1.33456e-10	2.24704e-11	3.60971e-12	5.43185e-13	0	
0	0.261889	0.451348	0.548232	0.543488	0.449188	0.292468	0.0753438	-0.209913	-0.537895	-0.828681	-1.04095	-1.19303	-1.27753	-1.25739	-1.12027	-0.918652	-0.698049	-0.491138	-0.337243	-0.247126	-0.193476	-0.170866	-0.16475	-0.163709	-0.167614	-0.17198	-0.174208	-0.178419	-0.17874	-0.17926	-0.178988	-0.175392	-0.17354	-0.168364	-0.163448	-0.158293	-0.153289	-0.145436	-0.145998	-0.137875	-0.135902	-0.13783	-0.13279	-0.121338	-0.128375	-0.132739	-0.129235	-0.129777	-0.145806	-0.156148	-0.147824	-0.153357	-0.177055	-0.208422	-0.219985	-0.206631	-0.208854	-0.25048	-0.344687	-0.48479	-0.624308	-0.7266	-0.767623	-0.715208	-0.564879	-0.341784	-0.0620124	0.255859	0.565943	0.822658	1.01028	1.1243	1.14693	1.06122	0.880587	0.652076	0.431243	0.255748	0.136759	0.0663275	0.0293422	0.0119027	0.00444881	0.00153878	0.000494476	0.000148144	4.15125e-05	1.09114e-05	2.69731e-06	6.28589e-07	1.38401e-07	2.88486e-08	5.70327e-09	1.07123e-09	1.91466e-10	3.26129e-11	5.29896e-12	8.06018e-13	0	
0	0.247662	0.432118	0.534674	0.54928	0.484047	0.350003	0.141285	-0.143217	-0.469031	-0.76432	-0.99435	-1.16378	-1.26457	-1.2607	-1.14076	-0.949475	-0.717195	-0.496164	-0.335848	-0.235152	-0.170866	-0.143359	-0.134596	-0.12674	-0.130093	-0.129748	-0.130908	-0.132558	-0.132747	-0.132627	-0.132822	-0.131527	-0.129808	-0.129228	-0.125862	-0.123067	-0.123818	-0.114785	-0.11851	-0.114254	-0.11075	-0.112973	-0.121107	-0.113093	-0.119372	-0.126242	-0.125003	-0.12599	-0.136641	-0.151254	-0.147948	-0.149944	-0.168799	-0.199609	-0.218296	-0.208569	-0.204008	-0.233371	-0.313848	-0.447147	-0.591465	-0.706018	-0.765701	-0.736321	-0.605856	-0.396775	-0.12687	0.188081	0.505306	0.775683	0.978387	1.10878	1.15058	1.08419	0.917016	0.692252	0.466508	0.281713	0.15327	0.0755706	0.0339613	0.0139854	0.00530328	0.00186001	0.000605774	0.000183861	5.21743e-05	1.3883e-05	3.47311e-06	8.1888e-07	1.82367e-07	3.844e-08	7.68319e-09	1.45873e-09	2.63499e-10	4.53521e-11	7.44466e-12	1.14343e-12	0	
0	0.23217	0.410501	0.51768	0.551051	0.51246	0.396121	0.196181	-0.0822194	-0.40976	-0.712371	-0.950226	-1.13551	-1.25188	-1.26092	-1.16104	-0.975561	-0.741791	-0.518031	-0.351495	-0.23813	-0.16475	-0.134596	-0.117176	-0.106165	-0.10883	-0.103752	-0.105202	-0.105991	-0.103866	-0.106636	-0.103565	-0.106603	-0.103215	-0.105706	-0.105241	-0.102474	-0.109233	-0.102358	-0.106834	-0.107856	-0.104832	-0.104192	-0.111191	-0.110024	-0.112614	-0.122804	-0.12207	-0.121396	-0.133558	-0.150443	-0.146923	-0.14524	-0.161627	-0.192816	-0.216565	-0.210002	-0.20117	-0.221329	-0.28958	-0.41472	-0.561037	-0.684944	-0.759879	-0.750541	-0.638466	-0.442702	-0.182448	0.128414	0.450389	0.732061	0.94785	1.09234	1.15075	1.10172	0.947562	0.727498	0.498442	0.305833	0.168946	0.0845188	0.0385129	0.0160716	0.00617244	0.00219153	0.000722235	0.000221732	6.36239e-05	1.71135e-05	4.32664e-06	1.03067e-06	2.31857e-07	4.9356e-08	9.96101e-09	1.90927e-09	3.48124e-10	6.0472e-11	1.0017e-11	1.55178e-12	0	
0	0.216511	0.388704	0.500544	0.550459	0.534038	0.433773	0.241402	-0.0346246	-0.357782	-0.659494	-0.912757	-1.11345	-1.23915	-1.26241	-1.17373	-1.00023	-0.771631	-0.544283	-0.365745	-0.239176	-0.163709	-0.12674	-0.106165	-0.0974877	-0.0978172	-0.0923408	-0.0959468	-0.0943181	-0.0933741	-0.0969053	-0.0916617	-0.0973198	-0.0921709	-0.0949076	-0.0944032	-0.0927927	-0.09508	-0.0958172	-0.0960689	-0.101216	-0.102773	-0.105362	-0.10892	-0.104622	-0.108751	-0.120015	-0.123004	-0.120765	-0.127071	-0.146506	-0.148132	-0.144813	-0.156186	-0.184779	-0.213415	-0.211933	-0.200375	-0.212791	-0.270626	-0.387656	-0.53405	-0.664787	-0.751886	-0.759502	-0.663875	-0.480344	-0.229108	0.0771391	0.402009	0.692781	0.919684	1.07612	1.14861	1.11476	0.972631	0.757681	0.526583	0.327576	0.183354	0.092885	0.0428352	0.0180813	0.00702105	0.00251934	0.000838791	0.000260075	7.53454e-05	2.04564e-05	5.2191e-06	1.25438e-06	2.84649e-07	6.11134e-08	1.24376e-08	2.40369e-09	4.41841e-10	7.73665e-11	1.29167e-11	2.01592e-12	0	
0	0.202236	0.368844	0.48427	0.547952	0.550684	0.463277	0.276643	0.00648344	-0.312737	-0.61905	-0.880308	-1.09045	-1.22626	-1.25999	-1.19103	-1.0264	-0.792468	-0.55653	-0.376038	-0.249728	-0.167614	-0.130093	-0.10883	-0.0978172	-0.0962557	-0.0922954	-0.0922122	-0.0917876	-0.0907558	-0.0916508	-0.0906796	-0.0923153	-0.0912009	-0.0936678	-0.0934392	-0.0933246	-0.0975704	-0.0928147	-0.0959233	-0.0977153	-0.0942417	-0.0968627	-0.110008	-0.109209	-0.106905	-0.117103	-0.120533	-0.119873	-0.124899	-0.144335	-0.147794	-0.142874	-0.152372	-0.179503	-0.210114	-0.212579	-0.200347	-0.207251	-0.256321	-0.365681	-0.511019	-0.646623	-0.743165	-0.76466	-0.683193	-0.510471	-0.267287	0.0343426	0.360766	0.65866	0.894744	1.06106	1.14519	1.12418	0.992685	0.782781	0.550586	0.346492	0.196099	0.100395	0.0467675	0.0199322	0.00781167	0.00282808	0.000949702	0.000296921	8.6717e-05	2.37294e-05	6.10069e-06	1.47728e-06	3.37694e-07	7.30248e-08	1.49671e-08	2.91266e-09	5.39068e-10	9.50285e-11	1.59709e-11	2.5083e-12	0	
0	0.190021	0.351549	0.470092	0.545529	0.562909	0.484829	0.303983	0.0391705	-0.2762	-0.583807	-0.854378	-1.07343	-1.21577	-1.26011	-1.19749	-1.03763	-0.809771	-0.581727	-0.396844	-0.255727	-0.17198	-0.129748	-0.103752	-0.0923408	-0.0922954	-0.0840289	-0.0883961	-0.0855245	-0.0844113	-0.0885872	-0.0822558	-0.0897022	-0.0838395	-0.0876067	-0.0889281	-0.0865643	-0.0917186	-0.0941357	-0.0926947	-0.10076	-0.102132	-0.0990713	-0.102575	-0.104437	-0.104874	-0.116637	-0.120852	-0.119617	-0.123133	-0.141121	-0.147009	-0.143095	-0.149852	-0.174336	-0.206928	-0.213202	-0.200718	-0.203545	-0.245814	-0.348569	-0.492282	-0.631202	-0.734839	-0.767256	-0.697423	-0.533797	-0.297437	-1.16213e-05	0.327076	0.630348	0.873736	1.04795	1.14136	1.13076	1.00819	0.80286	0.570205	0.362212	0.20684	0.106803	0.0501594	0.0215452	0.0085072	0.00310213	0.00104899	0.000330178	9.70614e-05	2.67294e-05	6.91469e-06	1.68456e-06	3.87368e-07	8.42555e-08	1.73679e-08	3.39892e-09	6.32557e-10	1.12119e-10	1.89449e-11	2.99055e-12	0	
0	0.180266	0.337998	0.459064	0.542757	0.570855	0.501106	0.325005	0.06264	-0.250017	-0.556672	-0.831981	-1.05856	-1.20614	-1.25723	-1.20747	-1.05534	-0.827434	-0.59029	-0.398999	-0.26045	-0.174208	-0.130908	-0.105202	-0.0959468	-0.0922122	-0.0883961	-0.0894574	-0.0878838	-0.0875298	-0.0887053	-0.0867909	-0.0893189	-0.0875771	-0.0898288	-0.0893393	-0.0902802	-0.091058	-0.0912763	-0.090733	-0.0951289	-0.0940221	-0.0978575	-0.107172	-0.107891	-0.104695	-0.113943	-0.120267	-0.118536	-0.119879	-0.140481	-0.14817	-0.142032	-0.147292	-0.170971	-0.204484	-0.213381	-0.201167	-0.201231	-0.238417	-0.335932	-0.477991	-0.619064	-0.727758	-0.768288	-0.707418	-0.550946	-0.319975	-0.026025	0.301213	0.608341	0.857217	1.0374	1.13779	1.13514	1.01955	0.818015	0.585275	0.374448	0.215293	0.111894	0.0528786	0.0228488	0.00907354	0.00332686	0.00113097	0.00035781	0.00010571	2.92524e-05	7.60324e-06	1.86089e-06	4.29857e-07	9.39133e-08	1.94433e-08	3.82147e-09	7.14209e-10	1.27121e-10	2.15682e-11	3.41792e-12	0	
0	0.173525	0.328438	0.450998	0.540707	0.576561	0.511247	0.337383	0.0798837	-0.228386	-0.538823	-0.820485	-1.0486	-1.19985	-1.2563	-1.20973	-1.06131	-0.834056	-0.601982	-0.411419	-0.266551	-0.178419	-0.132558	-0.105991	-0.0943181	-0.0917876	-0.0855245	-0.0878838	-0.0852798	-0.084919	-0.087102	-0.0834945	-0.0882137	-0.0850212	-0.0874788	-0.0892008	-0.0876312	-0.0917534	-0.0933934	-0.0922592	-0.0977584	-0.0984567	-0.0958435	-0.103025	-0.105464	-0.102916	-0.113952	-0.119285	-0.120019	-0.121012	-0.13717	-0.14619	-0.142781	-0.147069	-0.168498	-0.202167	-0.213228	-0.201651	-0.199996	-0.233646	-0.327415	-0.468171	-0.610562	-0.722536	-0.768514	-0.713853	-0.562419	-0.335249	-0.043817	0.283349	0.593002	0.845607	1.02986	1.13502	1.13784	1.02714	0.828354	0.59569	0.382987	0.22124	0.115502	0.0548179	0.0237839	0.00948203	0.00348979	0.00119069	0.000378036	0.000112068	3.11156e-05	8.11387e-06	1.99219e-06	4.61623e-07	1.01162e-07	2.1007e-08	4.14103e-09	7.76189e-10	1.3855e-10	2.3574e-11	3.74579e-12	0	
0	0.169674	0.323061	0.446783	0.539687	0.578909	0.516621	0.345765	0.0885192	-0.220599	-0.528208	-0.809564	-1.04279	-1.19616	-1.25583	-1.21411	-1.06589	-0.84063	-0.607772	-0.414503	-0.267498	-0.17874	-0.132747	-0.103866	-0.0933741	-0.0907558	-0.0844113	-0.0875298	-0.084919	-0.0844352	-0.0869874	-0.0827994	-0.0879113	-0.0838217	-0.0873667	-0.0870979	-0.0874229	-0.0893387	-0.091949	-0.0896171	-0.0974155	-0.0973705	-0.097261	-0.102397	-0.106865	-0.1041	-0.113272	-0.119881	-0.11783	-0.118762	-0.138312	-0.147561	-0.142051	-0.145375	-0.167102	-0.201594	-0.2134	-0.20175	-0.199256	-0.231152	-0.32287	-0.462847	-0.605888	-0.719561	-0.768453	-0.717205	-0.568576	-0.343512	-0.05349	0.273581	0.584566	0.839188	1.02565	1.1334	1.1392	1.0312	0.833963	0.601388	0.387688	0.224531	0.117507	0.0558998	0.0243075	0.00971155	0.00358163	0.00122445	0.000389504	0.000115684	3.21779e-05	8.40576e-06	2.06743e-06	4.79872e-07	1.05337e-07	2.19097e-08	4.32593e-09	8.12136e-10	1.45194e-10	2.47425e-11	3.93721e-12	0	
0	0.169069	0.322313	0.446031	0.539139	0.57942	0.517911	0.346299	0.0899992	-0.216713	-0.526938	-0.810811	-1.04181	-1.19552	-1.25428	-1.21325	-1.06936	-0.842611	-0.606496	-0.411273	-0.268301	-0.17926	-0.132627	-0.106636	-0.0969053	-0.0916508	-0.0885872	-0.0887053	-0.087102	-0.0869874	-0.0877914	-0.0864039	-0.0884845	-0.08772	-0.0886766	-0.0899113	-0.0896863	-0.0909695	-0.0921544	-0.0914084	-0.094088	-0.0946762	-0.0964309	-0.105864	-0.106633	-0.102415	-0.112541	-0.11909	-0.119674	-0.119658	-0.136797	-0.146505	-0.142387	-0.146244	-0.167183	-0.200876	-0.213031	-0.201966	-0.199357	-0.230689	-0.322018	-0.46199	-0.605169	-0.719046	-0.768382	-0.717738	-0.569616	-0.344906	-0.0551064	0.271955	0.58316	0.838115	1.02494	1.13313	1.13942	1.03187	0.834898	0.602339	0.388474	0.225082	0.117843	0.0560812	0.0243953	0.00975008	0.00359706	0.00123013	0.000391433	0.000116292	3.23567e-05	8.45491e-06	2.08011e-06	4.82949e-07	1.06041e-07	2.20621e-08	4.35715e-09	8.18208e-10	1.46317e-10	2.49401e-11	3.9696e-12	0	
0	0.171522	0.325649	0.448979	0.540456	0.577671	0.513561	0.34162	0.0844619	-0.224632	-0.533485	-0.814754	-1.04562	-1.19826	-1.25681	-1.21154	-1.06186	-0.835915	-0.606792	-0.416172	-0.267145	-0.178988	-0.132822	-0.103565	-0.0916617	-0.0906796	-0.0822558	-0.0867909	-0.0834945	-0.0827994	-0.0864039	-0.0804887	-0.0876568	-0.0817825	-0.086267	-0.0867412	-0.085709	-0.0899862	-0.0929556	-0.0904912	-0.0998802	-0.100558	-0.0967017	-0.1001	-0.105589	-0.10374	-0.114296	-0.119854	-0.118456	-0.120303	-0.13771	-0.146722	-0.142755	-0.145932	-0.167459	-0.20213	-0.213468	-0.201666	-0.199637	-0.232294	-0.325027	-0.465619	-0.608379	-0.72101	-0.768357	-0.715504	-0.565573	-0.339454	-0.0486759	0.278478	0.588804	0.842412	1.02777	1.13423	1.13853	1.02919	0.831167	0.598539	0.385332	0.222879	0.116499	0.0553548	0.0240433	0.00959559	0.00353517	0.00120735	0.000383688	0.000113848	3.16379e-05	8.25724e-06	2.02911e-06	4.70569e-07	1.03206e-07	2.14487e-08	4.23141e-09	7.93746e-10	1.41792e-10	2.41437e-11	3.83906e-12	0	
0	0.177164	0.333761	0.455551	0.541574	0.573092	0.506159	0.331227	0.0702153	-0.240594	-0.548687	-0.826329	-1.05375	-1.20359	-1.25603	-1.20955	-1.06032	-0.831184	-0.593552	-0.400997	-0.262945	-0.175392	-0.131527	-0.106603	-0.0973198	-0.0923153	-0.0897022	-0.0893189	-0.0882137	-0.0879113	-0.0884845	-0.0876568	-0.089202	-0.0885701	-0.0901835	-0.0901196	-0.090998	-0.0918707	-0.0915405	-0.0917167	-0.0939626	-0.0928428	-0.0966631	-0.107617	-0.108202	-0.104037	-0.11337	-0.119729	-0.118895	-0.119578	-0.139336	-0.147839	-0.142056	-0.147064	-0.17024	-0.203426	-0.212947	-0.201468	-0.200926	-0.236035	-0.331795	-0.473724	-0.615477	-0.725323	-0.768194	-0.710328	-0.556312	-0.327056	-0.0341539	0.293121	0.601414	0.851976	1.034	1.13657	1.13641	1.02304	0.822733	0.590007	0.378314	0.217978	0.113519	0.0537496	0.0232678	0.00925619	0.00339957	0.00115756	0.000366802	0.000108531	3.00778e-05	7.82909e-06	1.91887e-06	4.43864e-07	9.71048e-08	2.01308e-08	3.96176e-09	7.41383e-10	1.32125e-10	2.24453e-11	3.56112e-12	0	
0	0.185717	0.345539	0.465417	0.544711	0.566352	0.491335	0.312923	0.0503216	-0.263505	-0.572573	-0.846085	-1.06655	-1.21192	-1.2589	-1.19974	-1.04471	-0.816414	-0.587927	-0.400291	-0.257764	-0.17354	-0.129808	-0.103215	-0.0921709	-0.0912009	-0.0838395	-0.0875771	-0.0850212	-0.0838217	-0.08772	-0.0817825	-0.0885701	-0.083507	-0.0866288	-0.088365	-0.0861006	-0.090749	-0.0930031	-0.0919515	-0.099398	-0.1015	-0.0990578	-0.102857	-0.10469	-0.103393	-0.116045	-0.120504	-0.119449	-0.123679	-0.140108	-0.146188	-0.143366	-0.14896	-0.172387	-0.205894	-0.213416	-0.201049	-0.202587	-0.242204	-0.342769	-0.486344	-0.626245	-0.731652	-0.767485	-0.701829	-0.541534	-0.307497	-0.01145	0.315809	0.620798	0.866578	1.0434	1.13987	1.13276	1.01323	0.80952	0.57679	0.367534	0.210502	0.109001	0.0513296	0.0221045	0.00874953	0.00319803	0.00108389	0.000341912	0.000100725	2.77959e-05	7.20512e-06	1.75878e-06	4.05217e-07	8.83045e-08	1.82363e-08	3.5754e-09	6.66596e-10	1.18362e-10	2.00346e-11	3.16779e-12	0	
0	0.197159	0.361622	0.478279	0.546681	0.555674	0.473241	0.289362	0.0197371	-0.298256	-0.603126	-0.867943	-1.08325	-1.22227	-1.26079	-1.19513	-1.03154	-0.799311	-0.565376	-0.383343	-0.2511	-0.168364	-0.129228	-0.105706	-0.0949076	-0.0936678	-0.0876067	-0.0898288	-0.0874788	-0.0873667	-0.0886766	-0.086267	-0.0901835	-0.0866288	-0.0911201	-0.0898262	-0.0903418	-0.0944382	-0.0922902	-0.0934267	-0.0980276	-0.0956132	-0.0968033	-0.106965	-0.107996	-0.107483	-0.117117	-0.120837	-0.119152	-0.122225	-0.143064	-0.149013	-0.142841	-0.150507	-0.177611	-0.209043	-0.212538	-0.200563	-0.205811	-0.251369	-0.358041	-0.503388	-0.640414	-0.739497	-0.765577	-0.689407	-0.52079	-0.280462	0.0195523	0.346402	0.646646	0.885851	1.05555	1.14368	1.12714	0.999432	0.791427	0.558975	0.353176	0.200644	0.103095	0.0481909	0.0206067	0.00810148	0.0029419	0.000990813	0.00031065	9.09749e-05	2.49608e-05	6.43392e-06	1.56191e-06	3.57925e-07	7.75874e-08	1.594e-08	3.10927e-09	5.76779e-10	1.01907e-10	1.71652e-11	2.70154e-12	0	
0	0.210734	0.380439	0.493771	0.549738	0.541092	0.445756	0.256536	-0.0157796	-0.337835	-0.643845	-0.900532	-1.10301	-1.23343	-1.26026	-1.17965	-1.01237	-0.779554	-0.548589	-0.368718	-0.242675	-0.163448	-0.125862	-0.105241	-0.0944032	-0.0934392	-0.0889281	-0.0893393	-0.0892008	-0.0870979	-0.0899113	-0.0867412	-0.0901196	-0.088365	-0.0898262	-0.0912827	-0.0900401	-0.0938858	-0.0921583	-0.0955389	-0.0979548	-0.0981314	-0.100883	-0.109385	-0.106408	-0.105941	-0.118055	-0.121243	-0.120545	-0.12812	-0.145652	-0.146668	-0.143985	-0.154991	-0.182458	-0.211832	-0.212243	-0.200635	-0.210349	-0.263938	-0.378137	-0.524815	-0.657504	-0.748102	-0.761576	-0.672278	-0.493496	-0.245556	0.0589661	0.384671	0.678516	0.909296	1.06992	1.14736	1.11895	0.981259	0.768348	0.5367	0.335497	0.188661	0.0959961	0.0444565	0.0188411	0.00734428	0.00264507	0.000883793	0.000274972	7.99273e-05	2.17708e-05	5.572e-06	1.34332e-06	3.05751e-07	6.58378e-08	1.3438e-08	2.6044e-09	4.80074e-10	8.42926e-11	1.41111e-11	2.20799e-12	0	
0	0.226132	0.401748	0.510465	0.550771	0.521785	0.412552	0.215779	-0.0625811	-0.388328	-0.689278	-0.934036	-1.12645	-1.24691	-1.26206	-1.16433	-0.983109	-0.752565	-0.527409	-0.353999	-0.232031	-0.158293	-0.123067	-0.102474	-0.0927927	-0.0933246	-0.0865643	-0.0902802	-0.0876312	-0.0874229	-0.0896863	-0.085709	-0.090998	-0.0861006	-0.0903418	-0.0900401	-0.0887518	-0.0943589	-0.0932546	-0.0953009	-0.100445	-0.102128	-0.103387	-0.107625	-0.105044	-0.110658	-0.121888	-0.122705	-0.120768	-0.129523	-0.148259	-0.148087	-0.145272	-0.158877	-0.189406	-0.215498	-0.210861	-0.200838	-0.21745	-0.281021	-0.403281	-0.550264	-0.676863	-0.756495	-0.754341	-0.649482	-0.458965	-0.202338	0.106858	0.43026	0.715822	0.936266	1.08578	1.15013	1.10746	0.958258	0.740203	0.510177	0.314832	0.174871	0.087939	0.0402704	0.0168846	0.00651415	0.00232293	0.000768757	0.000236973	6.82645e-05	1.84318e-05	4.67728e-06	1.11824e-06	2.52448e-07	5.3926e-08	1.09203e-08	2.10014e-09	3.84184e-10	6.69513e-11	1.11255e-11	1.72868e-12	0	
0	0.241887	0.423709	0.52768	0.550093	0.496342	0.369685	0.164724	-0.117066	-0.444177	-0.742773	-0.975753	-1.15107	-1.25703	-1.2589	-1.14727	-0.95595	-0.719293	-0.493683	-0.332513	-0.225058	-0.153289	-0.123818	-0.109233	-0.09508	-0.0975704	-0.0917186	-0.091058	-0.0917534	-0.0893387	-0.0909695	-0.0899862	-0.0918707	-0.090749	-0.0944382	-0.0938858	-0.0943589	-0.101167	-0.0935551	-0.101721	-0.101674	-0.0973956	-0.0990956	-0.111325	-0.109062	-0.114266	-0.122377	-0.121609	-0.123464	-0.134958	-0.150537	-0.147515	-0.1478	-0.165611	-0.196822	-0.21764	-0.209196	-0.202776	-0.227893	-0.303136	-0.433666	-0.579336	-0.697596	-0.763376	-0.742488	-0.619934	-0.416442	-0.150362	0.163197	0.482648	0.757814	0.965968	1.10226	1.15103	1.09184	0.92996	0.706974	0.47971	0.291601	0.15965	0.0791883	0.0357903	0.0148189	0.00564869	0.00199108	0.000651596	0.000198691	5.66375e-05	1.51367e-05	3.80293e-06	9.00376e-07	2.01332e-07	4.26064e-08	8.54914e-09	1.62934e-09	2.95423e-10	5.10345e-11	8.40783e-12	1.29579e-12	0	
0	0.256684	0.444197	0.543125	0.546134	0.463916	0.316937	0.104034	-0.180866	-0.509437	-0.801863	-1.01897	-1.1779	-1.26799	-1.25053	-1.11895	-0.919188	-0.692076	-0.474193	-0.307764	-0.209779	-0.145436	-0.114785	-0.102358	-0.0958172	-0.0928147	-0.0941357	-0.0912763	-0.0933934	-0.091949	-0.0921544	-0.0929556	-0.0915405	-0.0930031	-0.0922902	-0.0921583	-0.0932546	-0.0935551	-0.0927539	-0.0992237	-0.0976046	-0.102202	-0.112814	-0.114998	-0.106489	-0.115819	-0.123167	-0.124571	-0.124738	-0.139979	-0.154829	-0.146885	-0.150609	-0.173621	-0.204836	-0.219377	-0.207568	-0.206516	-0.242674	-0.331427	-0.469362	-0.611206	-0.718454	-0.767144	-0.724433	-0.58247	-0.365146	-0.0892317	0.227784	0.541109	0.803576	0.99745	1.1183	1.14893	1.07117	0.895929	0.668743	0.445711	0.266303	0.143416	0.0700272	0.0311786	0.0127254	0.00478434	0.0016642	0.000537692	0.000161939	4.56093e-05	1.20475e-05	2.99249e-06	7.00648e-07	1.54973e-07	3.24473e-08	6.44282e-09	1.21533e-09	2.18138e-10	3.73096e-11	6.08672e-12	9.29399e-13	0	
0	0.268764	0.460644	0.553574	0.536585	0.425255	0.254299	0.0286648	-0.255686	-0.576771	-0.863406	-1.06813	-1.20543	-1.2755	-1.24309	-1.09005	-0.872242	-0.642918	-0.441808	-0.293991	-0.201916	-0.145998	-0.11851	-0.106834	-0.0960689	-0.0959233	-0.0926947	-0.090733	-0.0922592	-0.0896171	-0.0914084	-0.0904912	-0.0917167	-0.0919515	-0.0934267	-0.0955389	-0.0953009	-0.101721	-0.0992237	-0.105979	-0.105808	-0.107809	-0.107273	-0.107443	-0.108522	-0.122175	-0.128028	-0.124667	-0.129655	-0.147401	-0.152361	-0.146553	-0.158594	-0.183419	-0.212279	-0.219531	-0.205945	-0.21368	-0.26366	-0.366579	-0.509781	-0.644716	-0.737889	-0.765865	-0.698427	-0.535911	-0.304326	-0.0186757	0.300187	0.604677	0.852014	1.0296	1.13266	1.14257	1.0445	0.855823	0.625736	0.408719	0.239512	0.126623	0.0607452	0.0265939	0.0106806	0.00395385	0.00135498	0.000431534	0.00012817	3.56141e-05	9.28455e-06	2.27685e-06	5.2647e-07	1.15033e-07	2.37982e-08	4.67027e-09	8.70874e-10	1.5455e-10	2.61408e-11	4.21814e-12	6.37427e-13	0	
0	0.27525	0.469601	0.55674	0.51877	0.376131	0.181963	-0.0552868	-0.342097	-0.654589	-0.928094	-1.11556	-1.23121	-1.27609	-1.22294	-1.05921	-0.832279	-0.603698	-0.405599	-0.265029	-0.187701	-0.137875	-0.114254	-0.107856	-0.101216	-0.0977153	-0.10076	-0.0951289	-0.0977584	-0.0974155	-0.094088	-0.0998802	-0.0939626	-0.099398	-0.0980276	-0.0979548	-0.100445	-0.101674	-0.0976046	-0.105808	-0.101254	-0.10324	-0.11004	-0.116003	-0.116503	-0.128092	-0.125399	-0.125061	-0.134376	-0.151204	-0.155413	-0.150646	-0.165156	-0.193739	-0.219344	-0.217691	-0.206149	-0.226435	-0.291887	-0.408691	-0.55411	-0.678392	-0.753879	-0.757254	-0.662666	-0.479148	-0.233321	0.0613699	0.379654	0.672121	0.901863	1.06113	1.14391	1.13055	1.01093	0.809452	0.578361	0.369405	0.211869	0.109734	0.0516231	0.022182	0.00875087	0.0031844	0.00107342	0.000336457	9.8402e-05	2.69365e-05	6.92089e-06	1.67333e-06	3.81605e-07	8.22604e-08	1.67945e-08	3.25338e-09	5.98992e-10	1.0498e-10	1.75396e-11	2.79625e-12	4.17751e-13	0	
