0	0	0	0	0	0	0	0	0	0	0	0	0	0	0	0	0	0	0	0	0	0	0	0	0	0	0	0	0	0	0	0	0	0	0	0	0	0	0	0	0	0	0	0	0	0	0	0	0	0	0	0	0	0	0	0	0	0	0	0	0	0	0	0	0	0	0	0	0	0	0	0	0	0	0	0	0	0	0	0	0	0	0	0	0	0	0	0	0	0	0	0	0	0	0	0	0	0	0	0	
0	-0.00227423	-0.00269817	-0.00154248	-0.00105562	-0.00213537	-0.00429206	-0.00446344	-0.00299817	0.000792521	0.00536154	0.0106477	0.0140174	0.0131831	0.00988334	0.00873255	0.011837	0.0184582	0.0258582	0.0342009	0.0421489	0.0430796	0.0376475	0.0249752	0.0086964	-0.0141975	-0.0443704	-0.0755536	-0.101584	-0.117068	-0.118025	-0.103728	-0.0770506	-0.0416593	-0.0050974	0.0293248	0.056953	0.0821523	0.102954	0.117835	0.128838	0.137041	0.141741	0.145971	0.149283	0.152051	0.147526	0.12934	0.0998787	0.0578414	0.00620506	-0.0494528	-0.105574	-0.158053	-0.19917	-0.225718	-0.237382	-0.235766	-0.220023	-0.189433	-0.14513	-0.0961831	-0.0481457	-0.00536924	0.0283215	0.0548494	0.0763394	0.0881462	0.0926888	0.0936248	0.0877691	0.0770916	0.0648906	0.0455717	0.0171167	-0.0177853	-0.0612223	-0.106124	-0.150656	-0.195318	-0.232378	-0.254862	-0.259327	-0.248827	-0.223399	-0.182121	-0.128471	-0.0701167	-0.013461	0.039622	0.0845586	0.11719	0.137831	0.145586	0.139128	0.124151	0.101324	0.0696445	0.0357771	0	
0	-0.00269817	-0.00307541	0.0013251	0.00193566	0.000910768	-0.00334391	-0.00472439	-0.00134028	0.00347779	0.012569	0.0203834	0.0257236	0.0224351	0.014156	0.0107759	0.0168938	0.0294189	0.0462323	0.0642972	0.0827619	0.0897135	0.082195	0.0634318	0.0356845	-0.00531967	-0.0608116	-0.120444	-0.170898	-0.201524	-0.204394	-0.178651	-0.127392	-0.0602448	0.00934208	0.0748796	0.127827	0.173592	0.213971	0.242005	0.261109	0.277159	0.285133	0.289	0.291489	0.293974	0.278257	0.240473	0.18242	0.101212	0.00119311	-0.101645	-0.203438	-0.29579	-0.368624	-0.417292	-0.440485	-0.439147	-0.416621	-0.369889	-0.298309	-0.214581	-0.130113	-0.0533937	0.0124685	0.0674045	0.118487	0.149658	0.167154	0.175557	0.165775	0.145937	0.118038	0.0778013	0.0205941	-0.046978	-0.125416	-0.205843	-0.281968	-0.357569	-0.419976	-0.457195	-0.466895	-0.451872	-0.409952	-0.340064	-0.249724	-0.149805	-0.0484105	0.0495709	0.136433	0.200984	0.242349	0.264312	0.258373	0.232285	0.194082	0.136079	0.0682366	0	
0	-0.00154248	0.0013251	0.00821959	0.0117234	0.0101669	0.00395472	0.00199292	0.0036067	0.0102196	0.0187087	0.0278819	0.0315219	0.0229154	0.00800246	0.00090227	0.0084938	0.0290302	0.0546953	0.0855805	0.117575	0.132097	0.129196	0.106348	0.07239	0.0180515	-0.0590903	-0.142103	-0.213196	-0.256298	-0.259951	-0.221925	-0.149373	-0.0536135	0.0448828	0.136764	0.209121	0.274227	0.327716	0.364203	0.388677	0.404085	0.407639	0.407325	0.403252	0.397776	0.372931	0.313909	0.229088	0.116928	-0.0134978	-0.147043	-0.276055	-0.393183	-0.482973	-0.541424	-0.571737	-0.580426	-0.565631	-0.520405	-0.441858	-0.347611	-0.247577	-0.148849	-0.0595356	0.0243594	0.105627	0.164401	0.201727	0.222084	0.213857	0.183097	0.141619	0.0794624	-0.00380659	-0.0961023	-0.200482	-0.297831	-0.386285	-0.473384	-0.544237	-0.585178	-0.591299	-0.572787	-0.527894	-0.449756	-0.343077	-0.222507	-0.0997238	0.0231999	0.135789	0.225775	0.291793	0.328924	0.328871	0.304523	0.256459	0.17969	0.09305	0	
0	-0.00105562	0.00193566	0.0117234	0.0148688	0.0131166	0.00507078	0.000872755	0.00397137	0.00959258	0.0213602	0.0306442	0.0341841	0.0211851	-0.000151998	-0.0112411	-0.00136636	0.0238781	0.059428	0.100155	0.143273	0.167125	0.165356	0.142242	0.101821	0.0356538	-0.0595773	-0.164424	-0.253766	-0.306802	-0.308837	-0.257275	-0.160015	-0.0344632	0.0936214	0.210726	0.301736	0.377048	0.438522	0.475596	0.493264	0.501134	0.493001	0.476772	0.458969	0.445355	0.406256	0.335495	0.238628	0.112771	-0.0340433	-0.176052	-0.31106	-0.430388	-0.522798	-0.58677	-0.625894	-0.644757	-0.645799	-0.618735	-0.553569	-0.46463	-0.363856	-0.260746	-0.15968	-0.0596491	0.046228	0.124449	0.177564	0.208444	0.198802	0.16194	0.107019	0.0302403	-0.0694023	-0.175584	-0.286993	-0.386622	-0.468175	-0.545618	-0.605755	-0.634485	-0.633347	-0.611187	-0.564674	-0.487745	-0.385164	-0.269394	-0.147638	-0.0212506	0.0997712	0.198044	0.271021	0.320646	0.329532	0.308691	0.267379	0.190636	0.0962429	0	
0	-0.00213537	0.000910768	0.0101669	0.0131166	0.00980406	-0.000948636	-0.00551879	-0.00403786	0.00401066	0.0162816	0.0278397	0.0310303	0.0144286	-0.0117903	-0.0251077	-0.0135365	0.0199387	0.0629873	0.114312	0.167019	0.195185	0.195103	0.164811	0.11555	0.0341296	-0.0823408	-0.208516	-0.315598	-0.376428	-0.37369	-0.304658	-0.180174	-0.0220943	0.137462	0.281453	0.388864	0.475811	0.538697	0.568695	0.572992	0.559672	0.52705	0.489135	0.452565	0.425432	0.382737	0.3072	0.21012	0.0891857	-0.0456734	-0.176879	-0.299338	-0.409572	-0.495145	-0.555375	-0.598119	-0.632794	-0.656925	-0.651756	-0.60516	-0.533582	-0.447918	-0.354481	-0.261531	-0.164162	-0.0583733	0.0222076	0.0768436	0.108416	0.099121	0.0588949	0.00531274	-0.0717016	-0.170524	-0.272118	-0.378455	-0.463244	-0.526501	-0.585418	-0.625937	-0.6349	-0.613034	-0.579757	-0.533579	-0.462646	-0.370732	-0.270557	-0.168912	-0.0629615	0.0402551	0.127669	0.199037	0.249236	0.262322	0.253858	0.223768	0.158513	0.0816775	0	
0	-0.00429206	-0.00334391	0.00395472	0.00507078	-0.000948636	-0.0129368	-0.0195339	-0.0161952	-0.0070937	0.00949761	0.0238951	0.0293671	0.0117212	-0.0165299	-0.0306744	-0.0139095	0.0263538	0.0797934	0.139824	0.200231	0.233709	0.230631	0.194736	0.132274	0.0332193	-0.105926	-0.25742	-0.384178	-0.455248	-0.449958	-0.363668	-0.211583	-0.0196674	0.17451	0.346114	0.47403	0.569837	0.633256	0.653958	0.638547	0.599618	0.53855	0.470453	0.410266	0.3716	0.322565	0.253196	0.16905	0.065428	-0.0514405	-0.157401	-0.257069	-0.347373	-0.419591	-0.475422	-0.522454	-0.567567	-0.607459	-0.624886	-0.601472	-0.551551	-0.487727	-0.419841	-0.354411	-0.284091	-0.200801	-0.140584	-0.101122	-0.077476	-0.0887331	-0.121661	-0.162309	-0.219731	-0.295982	-0.374476	-0.455987	-0.51786	-0.555485	-0.589129	-0.607696	-0.596087	-0.559784	-0.515774	-0.465097	-0.400922	-0.324078	-0.24735	-0.174153	-0.0961064	-0.0179852	0.0473136	0.101796	0.146308	0.1621	0.162624	0.152093	0.109618	0.0544438	0	
0	-0.00446344	-0.00472439	0.00199292	0.000872755	-0.00551879	-0.0195339	-0.0256713	-0.0224	-0.0108758	0.00812724	0.0252998	0.0319474	0.0134377	-0.0166615	-0.0296998	-0.00818285	0.0425105	0.106128	0.177664	0.246627	0.285238	0.282639	0.238997	0.164633	0.0462313	-0.117585	-0.29433	-0.444291	-0.527832	-0.5221	-0.423186	-0.245639	-0.0223993	0.203092	0.403809	0.550817	0.657229	0.721379	0.732844	0.698253	0.633557	0.543054	0.447611	0.365679	0.313721	0.263941	0.199332	0.127783	0.0442358	-0.0462911	-0.129948	-0.206296	-0.275801	-0.332235	-0.376127	-0.417014	-0.464408	-0.518181	-0.552438	-0.550118	-0.526641	-0.497459	-0.470354	-0.449102	-0.423905	-0.382559	-0.356906	-0.34225	-0.33152	-0.341791	-0.361268	-0.374993	-0.397363	-0.43326	-0.4706	-0.513847	-0.538116	-0.545075	-0.555632	-0.556175	-0.531322	-0.484663	-0.439157	-0.394907	-0.339966	-0.279733	-0.224409	-0.174599	-0.124729	-0.0744321	-0.0303552	0.0110203	0.0490983	0.0656831	0.076011	0.0808481	0.0580739	0.0277349	0	
0	-0.00299817	-0.00134028	0.0036067	0.00397137	-0.00403786	-0.0161952	-0.0224	-0.0173161	-0.00355901	0.0180254	0.0375033	0.04488	0.0250023	-0.00622854	-0.0189785	0.0080947	0.0677946	0.142775	0.224485	0.301915	0.346194	0.343351	0.294871	0.207106	0.0705761	-0.115931	-0.318955	-0.489153	-0.58558	-0.580991	-0.468434	-0.269079	-0.0184303	0.237635	0.460652	0.625322	0.739748	0.802387	0.804349	0.753986	0.664871	0.549779	0.430673	0.332141	0.272166	0.222845	0.167727	0.107329	0.0356726	-0.0423097	-0.10733	-0.165544	-0.217342	-0.255305	-0.282138	-0.310153	-0.352602	-0.405877	-0.452675	-0.474309	-0.484491	-0.497238	-0.518973	-0.553424	-0.581004	-0.588342	-0.599907	-0.610864	-0.613834	-0.621481	-0.624821	-0.609549	-0.591219	-0.578247	-0.564488	-0.557498	-0.537704	-0.506643	-0.488005	-0.473548	-0.444291	-0.402186	-0.364242	-0.33183	-0.29572	-0.252371	-0.215223	-0.187477	-0.155758	-0.121723	-0.0930568	-0.063462	-0.0339597	-0.0182163	-0.000803056	0.0166599	0.0128608	0.00448997	0	
0	0.000792521	0.00347779	0.0102196	0.00959258	0.00401066	-0.0070937	-0.0108758	-0.00355901	0.0129189	0.0374799	0.0591514	0.0665251	0.045867	0.0129443	0.000425675	0.031575	0.0985208	0.182226	0.272184	0.35396	0.402214	0.398334	0.34367	0.244614	0.0907989	-0.116252	-0.339192	-0.528243	-0.632996	-0.625141	-0.499282	-0.275474	0.00424157	0.286162	0.532085	0.70946	0.824152	0.878477	0.866244	0.793089	0.682058	0.546837	0.411853	0.304315	0.242966	0.198497	0.150615	0.0985148	0.036881	-0.0309565	-0.0915612	-0.141633	-0.178877	-0.200723	-0.209788	-0.22054	-0.248449	-0.301843	-0.359665	-0.404072	-0.446339	-0.501709	-0.575692	-0.660919	-0.738203	-0.788737	-0.832919	-0.866017	-0.879306	-0.885875	-0.874717	-0.834942	-0.780984	-0.722292	-0.66014	-0.601643	-0.533106	-0.463171	-0.416056	-0.384238	-0.350563	-0.31549	-0.293399	-0.280159	-0.261206	-0.23805	-0.217983	-0.20009	-0.183139	-0.166448	-0.151708	-0.135431	-0.115553	-0.103769	-0.0860846	-0.0582593	-0.0424652	-0.027169	0	
0	0.00536154	0.012569	0.0187087	0.0213602	0.0162816	0.00949761	0.00812724	0.0180254	0.0374799	0.0636385	0.0861723	0.0920035	0.0688321	0.0332287	0.0202638	0.0529158	0.126222	0.216725	0.31236	0.397582	0.446394	0.440455	0.379369	0.266838	0.0967327	-0.127123	-0.367899	-0.566295	-0.673054	-0.655653	-0.508119	-0.257177	0.0495265	0.358289	0.618083	0.801453	0.910668	0.94971	0.915305	0.82077	0.683456	0.526974	0.377757	0.266767	0.206615	0.173325	0.140375	0.0982478	0.0411502	-0.0231373	-0.077538	-0.120368	-0.15068	-0.162178	-0.158255	-0.157743	-0.182908	-0.236595	-0.304341	-0.369885	-0.440714	-0.5296	-0.637712	-0.760973	-0.872236	-0.955802	-1.02222	-1.06916	-1.09178	-1.09481	-1.0733	-1.01565	-0.935034	-0.842947	-0.744467	-0.648469	-0.544606	-0.442485	-0.368043	-0.32013	-0.280712	-0.247209	-0.230726	-0.229043	-0.227938	-0.219574	-0.214801	-0.217899	-0.218326	-0.218483	-0.222949	-0.223813	-0.221421	-0.217601	-0.195093	-0.155345	-0.113891	-0.0628798	0	
0	0.0106477	0.0203834	0.0278819	0.0306442	0.0278397	0.0238951	0.0252998	0.0375033	0.0591514	0.0861723	0.109024	0.111958	0.0863416	0.0485182	0.0335306	0.0681957	0.143938	0.239955	0.339146	0.424317	0.47401	0.466161	0.400941	0.280066	0.0984702	-0.136509	-0.385845	-0.590054	-0.693821	-0.663885	-0.496173	-0.219538	0.114229	0.442782	0.71457	0.89938	0.994926	1.01093	0.951799	0.828048	0.666793	0.493333	0.334181	0.220091	0.163387	0.137479	0.114874	0.0832446	0.0384353	-0.0152816	-0.0653141	-0.10424	-0.128048	-0.13547	-0.132484	-0.136542	-0.166964	-0.231728	-0.31551	-0.397915	-0.482015	-0.582057	-0.704983	-0.839417	-0.962854	-1.05992	-1.13531	-1.18948	-1.21498	-1.21669	-1.18731	-1.12135	-1.0288	-0.920438	-0.80852	-0.694924	-0.574796	-0.458484	-0.366587	-0.300412	-0.247009	-0.207092	-0.1889	-0.19009	-0.198793	-0.209966	-0.226795	-0.248208	-0.272781	-0.299943	-0.325191	-0.34365	-0.352844	-0.350034	-0.323538	-0.267506	-0.195271	-0.108364	0	
0	0.0140174	0.0257236	0.0315219	0.0341841	0.0310303	0.0293671	0.0319474	0.04488	0.0665251	0.0920035	0.111958	0.109351	0.0799567	0.0378348	0.0230376	0.0574004	0.138806	0.241243	0.346965	0.436802	0.489855	0.485298	0.420785	0.294755	0.106203	-0.135105	-0.389488	-0.593323	-0.691587	-0.648478	-0.462333	-0.165707	0.183579	0.522172	0.793104	0.969298	1.04718	1.04134	0.958196	0.815219	0.634881	0.445725	0.27607	0.159759	0.100242	0.0813111	0.0702561	0.0492543	0.0128821	-0.0299383	-0.0690911	-0.098549	-0.119266	-0.13037	-0.135528	-0.153255	-0.202225	-0.283901	-0.380132	-0.471883	-0.558432	-0.653821	-0.765873	-0.887789	-0.999847	-1.09142	-1.1596	-1.20731	-1.2314	-1.22951	-1.1985	-1.13514	-1.04558	-0.942192	-0.838045	-0.731772	-0.618269	-0.504948	-0.40893	-0.333412	-0.269154	-0.216983	-0.18794	-0.186212	-0.20174	-0.227789	-0.267401	-0.318517	-0.370542	-0.419971	-0.462345	-0.489841	-0.50153	-0.488862	-0.443004	-0.364531	-0.261205	-0.139628	0	
0	0.0131831	0.0224351	0.0229154	0.0211851	0.0144286	0.0117212	0.0134377	0.0250023	0.045867	0.0688321	0.0863416	0.0799567	0.0486231	0.00830399	-0.00441072	0.0363345	0.124065	0.237667	0.352396	0.449879	0.510139	0.51324	0.454699	0.330641	0.140148	-0.101286	-0.357068	-0.560051	-0.656488	-0.608484	-0.415411	-0.112528	0.239831	0.577567	0.839808	1.00459	1.06437	1.03718	0.935825	0.777966	0.585981	0.388985	0.215343	0.0957214	0.0331541	0.0133616	0.00686232	-0.00703324	-0.0320395	-0.0639003	-0.095928	-0.122495	-0.145346	-0.162277	-0.180859	-0.214448	-0.278709	-0.369787	-0.473037	-0.566252	-0.64327	-0.719368	-0.806722	-0.898722	-0.979399	-1.04448	-1.08735	-1.11656	-1.13159	-1.12892	-1.1052	-1.06084	-0.99508	-0.91685	-0.841218	-0.75785	-0.666209	-0.571141	-0.482245	-0.406592	-0.339313	-0.284612	-0.251819	-0.247685	-0.270143	-0.311219	-0.368609	-0.438992	-0.509499	-0.57335	-0.619809	-0.640638	-0.63809	-0.602265	-0.533567	-0.433862	-0.305561	-0.161419	0	
0	0.00988334	0.014156	0.00800246	-0.000151998	-0.0117903	-0.0165299	-0.0166615	-0.00622854	0.0129443	0.0332287	0.0485182	0.0378348	0.00830399	-0.0295207	-0.0332083	0.0154018	0.116435	0.24486	0.375866	0.487047	0.560074	0.575984	0.527627	0.406806	0.216408	-0.0290409	-0.286881	-0.495103	-0.596607	-0.552344	-0.364146	-0.0680769	0.276952	0.600391	0.84858	0.998895	1.04302	1.00272	0.892655	0.729105	0.533446	0.331381	0.15204	0.029393	-0.0395892	-0.0580432	-0.059308	-0.0660275	-0.0857389	-0.112191	-0.14434	-0.175301	-0.204452	-0.231922	-0.260112	-0.302248	-0.368185	-0.456884	-0.552922	-0.635439	-0.697572	-0.750448	-0.809639	-0.864286	-0.906455	-0.936497	-0.945413	-0.949178	-0.951707	-0.949957	-0.940462	-0.924551	-0.893756	-0.853185	-0.814875	-0.764287	-0.703034	-0.636238	-0.570465	-0.510698	-0.45908	-0.417994	-0.393163	-0.394692	-0.420294	-0.466763	-0.530327	-0.603601	-0.676134	-0.737474	-0.772692	-0.777196	-0.752122	-0.685445	-0.58886	-0.467327	-0.3198	-0.165086	0	
0	0.00873255	0.0107759	0.00090227	-0.0112411	-0.0251077	-0.0306744	-0.0296998	-0.0189785	0.000425675	0.0202638	0.0335306	0.0230376	-0.00441072	-0.0332083	-0.0270477	0.0346317	0.148167	0.294616	0.441305	0.568421	0.653941	0.683246	0.645162	0.529367	0.33564	0.0879488	-0.179521	-0.397412	-0.514142	-0.487547	-0.317971	-0.0397355	0.284249	0.593199	0.826316	0.967474	1.00587	0.961158	0.846826	0.683954	0.487384	0.280804	0.0995725	-0.0253093	-0.0966505	-0.115758	-0.110694	-0.110641	-0.126094	-0.154994	-0.193447	-0.23345	-0.277137	-0.313529	-0.347024	-0.386063	-0.445305	-0.517751	-0.594209	-0.659338	-0.700802	-0.730255	-0.759106	-0.780821	-0.789125	-0.788547	-0.770973	-0.753866	-0.748402	-0.74958	-0.754291	-0.766394	-0.769315	-0.766097	-0.766541	-0.750568	-0.725363	-0.694662	-0.659964	-0.630797	-0.60892	-0.594817	-0.592347	-0.606609	-0.639252	-0.68475	-0.738706	-0.801472	-0.855512	-0.892811	-0.905282	-0.882409	-0.828329	-0.733974	-0.614152	-0.478849	-0.321916	-0.162099	0	
0	0.011837	0.0168938	0.0084938	-0.00136636	-0.0135365	-0.0139095	-0.00818285	0.0080947	0.031575	0.0529158	0.0681957	0.0574004	0.0363345	0.0154018	0.0346317	0.10651	0.233235	0.393191	0.555956	0.696134	0.792519	0.832966	0.802781	0.687533	0.490241	0.229891	-0.048657	-0.286226	-0.426933	-0.425919	-0.283372	-0.0329585	0.272467	0.56175	0.78524	0.923631	0.961729	0.917157	0.805654	0.643506	0.446957	0.239188	0.0563187	-0.0679091	-0.140137	-0.154222	-0.143994	-0.139254	-0.15391	-0.18461	-0.231844	-0.286005	-0.336724	-0.376229	-0.407509	-0.440799	-0.482839	-0.533135	-0.587297	-0.628197	-0.646658	-0.648963	-0.653906	-0.650375	-0.638627	-0.626529	-0.601351	-0.582565	-0.577942	-0.584114	-0.598076	-0.624779	-0.648544	-0.672066	-0.702051	-0.71902	-0.7312	-0.741839	-0.748079	-0.752496	-0.765964	-0.787839	-0.811688	-0.843408	-0.882948	-0.926436	-0.966928	-1.0015	-1.0253	-1.03129	-1.00695	-0.953754	-0.874435	-0.755169	-0.621332	-0.479897	-0.317673	-0.1578	0	
0	0.0184582	0.0294189	0.0290302	0.0238781	0.0199387	0.0263538	0.0425105	0.0677946	0.0985208	0.126222	0.143938	0.138806	0.124065	0.116435	0.148167	0.233235	0.369612	0.543315	0.717947	0.869523	0.972858	1.01895	0.990738	0.872237	0.660588	0.385381	0.0842684	-0.178375	-0.348224	-0.379669	-0.268076	-0.0419826	0.240977	0.519347	0.738101	0.876375	0.91942	0.878396	0.765956	0.604681	0.410075	0.19982	0.0193927	-0.101446	-0.168351	-0.180649	-0.165086	-0.155444	-0.171006	-0.210114	-0.263887	-0.318704	-0.372343	-0.409347	-0.433982	-0.453784	-0.48156	-0.511744	-0.538615	-0.554503	-0.548953	-0.530507	-0.513767	-0.495127	-0.479546	-0.471604	-0.458887	-0.451198	-0.456517	-0.469751	-0.486617	-0.517551	-0.548304	-0.585609	-0.636487	-0.680458	-0.727873	-0.77919	-0.82439	-0.867052	-0.914268	-0.963511	-1.01381	-1.06229	-1.10731	-1.14634	-1.17041	-1.18106	-1.16698	-1.12847	-1.07114	-0.990579	-0.888678	-0.759086	-0.62049	-0.478092	-0.316883	-0.15557	0	
0	0.0258582	0.0462323	0.0546953	0.059428	0.0629873	0.0797934	0.106128	0.142775	0.182226	0.216725	0.239955	0.241243	0.237667	0.24486	0.294616	0.393191	0.543315	0.728787	0.917084	1.07884	1.18648	1.23438	1.20283	1.07255	0.843152	0.540434	0.211436	-0.0842102	-0.290988	-0.357725	-0.277609	-0.0776063	0.192724	0.46494	0.685857	0.832111	0.882382	0.843726	0.730424	0.567998	0.372642	0.165424	-0.00896548	-0.121998	-0.184891	-0.194558	-0.179168	-0.171699	-0.189067	-0.226143	-0.27734	-0.335112	-0.385122	-0.414358	-0.43042	-0.44216	-0.453847	-0.461998	-0.467161	-0.461055	-0.437413	-0.403094	-0.376831	-0.355353	-0.343286	-0.345833	-0.348229	-0.355127	-0.370488	-0.389232	-0.409274	-0.440001	-0.473067	-0.518711	-0.579138	-0.640719	-0.714922	-0.800296	-0.882814	-0.956137	-1.03259	-1.11071	-1.17927	-1.23669	-1.28315	-1.31358	-1.31808	-1.29849	-1.2519	-1.1791	-1.0857	-0.981147	-0.86774	-0.734823	-0.604069	-0.473928	-0.318839	-0.156846	0	
0	0.0342009	0.0642972	0.0855805	0.100155	0.114312	0.139824	0.177664	0.224485	0.272184	0.31236	0.339146	0.346965	0.352396	0.375866	0.441305	0.555956	0.717947	0.917084	1.12009	1.29338	1.40739	1.45502	1.416	1.27061	1.01313	0.676223	0.309059	-0.0284267	-0.27469	-0.379617	-0.329546	-0.148525	0.112382	0.384395	0.612784	0.766523	0.827105	0.794799	0.686052	0.528895	0.343208	0.14428	-0.0220604	-0.132107	-0.192735	-0.206969	-0.194872	-0.183702	-0.195614	-0.230858	-0.278157	-0.32657	-0.369086	-0.392786	-0.402454	-0.403575	-0.402728	-0.394928	-0.379339	-0.356978	-0.327639	-0.295437	-0.271776	-0.254725	-0.250213	-0.260447	-0.272476	-0.286639	-0.305734	-0.328856	-0.352791	-0.384618	-0.421115	-0.470286	-0.533873	-0.602404	-0.688409	-0.794799	-0.90439	-1.00864	-1.11243	-1.20985	-1.29468	-1.35624	-1.39174	-1.40489	-1.38738	-1.33979	-1.25961	-1.15518	-1.04264	-0.926156	-0.805022	-0.675999	-0.553534	-0.433106	-0.292154	-0.143082	0	
0	0.0421489	0.0827619	0.117575	0.143273	0.167019	0.200231	0.246627	0.301915	0.35396	0.397582	0.424317	0.436802	0.449879	0.487047	0.568421	0.696134	0.869523	1.07884	1.29338	1.47517	1.59046	1.63098	1.57817	1.40962	1.12033	0.74514	0.337311	-0.0397103	-0.324623	-0.463919	-0.441198	-0.277889	-0.0254073	0.248413	0.484694	0.651303	0.72797	0.712357	0.618332	0.477869	0.310181	0.127374	-0.0270379	-0.130413	-0.190814	-0.211821	-0.203505	-0.192317	-0.198824	-0.221219	-0.252531	-0.292077	-0.327473	-0.342931	-0.343997	-0.336441	-0.322868	-0.302583	-0.278287	-0.25531	-0.232471	-0.21213	-0.199686	-0.192333	-0.193688	-0.204459	-0.219573	-0.234757	-0.25419	-0.279396	-0.307561	-0.343141	-0.384902	-0.44044	-0.504368	-0.572309	-0.660772	-0.773935	-0.89551	-1.01278	-1.12998	-1.24209	-1.33485	-1.39308	-1.41564	-1.4069	-1.36372	-1.29278	-1.1927	-1.06751	-0.936951	-0.810038	-0.682829	-0.556479	-0.44676	-0.346022	-0.231203	-0.111256	0	
0	0.0430796	0.0897135	0.132097	0.167125	0.195185	0.233709	0.285238	0.346194	0.402214	0.446394	0.47401	0.489855	0.510139	0.560074	0.653941	0.792519	0.972858	1.18648	1.40739	1.59046	1.7004	1.72544	1.64889	1.44941	1.12257	0.704606	0.257106	-0.156321	-0.471215	-0.634721	-0.627936	-0.474086	-0.222915	0.055284	0.300155	0.480175	0.576346	0.583182	0.515667	0.40463	0.264328	0.107482	-0.0314495	-0.130772	-0.192446	-0.218099	-0.213532	-0.197594	-0.191828	-0.203669	-0.22587	-0.254787	-0.275146	-0.275789	-0.261908	-0.241096	-0.220174	-0.19598	-0.17186	-0.153878	-0.146185	-0.143775	-0.142028	-0.141077	-0.142828	-0.154279	-0.171037	-0.188941	-0.210064	-0.237276	-0.271305	-0.309381	-0.357812	-0.41983	-0.486077	-0.554648	-0.637542	-0.743859	-0.861064	-0.975653	-1.0875	-1.19352	-1.28202	-1.33239	-1.33916	-1.30921	-1.2441	-1.14939	-1.02946	-0.895536	-0.763626	-0.637414	-0.513156	-0.393072	-0.292246	-0.210844	-0.131275	-0.0574601	0	
0	0.0376475	0.082195	0.129196	0.165356	0.195103	0.230631	0.282639	0.343351	0.398334	0.440455	0.466161	0.485298	0.51324	0.575984	0.683246	0.832966	1.01895	1.23438	1.45502	1.63098	1.72544	1.7208	1.60711	1.36609	0.994133	0.534765	0.0520893	-0.387096	-0.717038	-0.890416	-0.88846	-0.733512	-0.478949	-0.191761	0.0696865	0.270941	0.396719	0.438271	0.405546	0.323667	0.211384	0.075905	-0.05021	-0.14097	-0.195123	-0.21968	-0.213452	-0.192709	-0.182476	-0.186223	-0.197524	-0.212166	-0.217686	-0.2037	-0.175786	-0.144986	-0.117008	-0.0950803	-0.0773932	-0.0710582	-0.0755969	-0.0846294	-0.0903504	-0.0908892	-0.0917273	-0.099446	-0.116364	-0.1366	-0.158582	-0.188352	-0.224749	-0.265413	-0.320668	-0.389921	-0.462143	-0.532517	-0.611972	-0.709826	-0.811607	-0.905461	-0.992221	-1.07382	-1.14123	-1.16973	-1.15187	-1.09964	-1.01751	-0.91062	-0.784272	-0.647295	-0.520151	-0.40635	-0.295418	-0.195189	-0.120097	-0.0667489	-0.0272062	-0.00519041	0	
0	0.0249752	0.0634318	0.106348	0.142242	0.164811	0.194736	0.238997	0.294871	0.34367	0.379369	0.400941	0.420785	0.454699	0.527627	0.645162	0.802781	0.990738	1.20283	1.416	1.57817	1.64889	1.60711	1.45031	1.16224	0.747928	0.251154	-0.259673	-0.712464	-1.04827	-1.22013	-1.21184	-1.04833	-0.780813	-0.471282	-0.184307	0.0531789	0.218912	0.301674	0.304902	0.253532	0.160675	0.0431442	-0.0717167	-0.155372	-0.205212	-0.226507	-0.21634	-0.192585	-0.172372	-0.164575	-0.164124	-0.169363	-0.162699	-0.136914	-0.100517	-0.0670503	-0.0452635	-0.0282341	-0.0135965	-0.00764424	-0.0156311	-0.0316478	-0.0400309	-0.0417311	-0.0384635	-0.043326	-0.0579222	-0.0764754	-0.0982922	-0.126556	-0.163755	-0.205203	-0.261908	-0.333951	-0.4091	-0.479275	-0.553715	-0.640216	-0.727896	-0.801731	-0.85431	-0.896502	-0.924423	-0.918628	-0.874416	-0.798253	-0.700254	-0.587615	-0.463579	-0.339599	-0.230708	-0.138225	-0.0568711	0.0106247	0.0527809	0.0677812	0.0640648	0.0406208	0	
0	0.0086964	0.0356845	0.07239	0.101821	0.11555	0.132274	0.164633	0.207106	0.244614	0.266838	0.280066	0.294755	0.330641	0.406806	0.529367	0.687533	0.872237	1.07255	1.27061	1.40962	1.44941	1.36609	1.16224	0.831869	0.382823	-0.137744	-0.659044	-1.11206	-1.4382	-1.59779	-1.57791	-1.40006	-1.11429	-0.779495	-0.454806	-0.173077	0.0409651	0.171206	0.214376	0.18832	0.112046	0.00765962	-0.101738	-0.180832	-0.228039	-0.24616	-0.237726	-0.209102	-0.178805	-0.154004	-0.138117	-0.124267	-0.103684	-0.0767438	-0.0470576	-0.0246043	-0.00912626	0.00406856	0.0208367	0.0323692	0.0307204	0.0183516	0.00909511	0.00816991	0.0141354	0.0118009	0.0022695	-0.0136871	-0.032022	-0.0550807	-0.087139	-0.122879	-0.175533	-0.24161	-0.3127	-0.379356	-0.446566	-0.523941	-0.597155	-0.647184	-0.66642	-0.66523	-0.645994	-0.596954	-0.516555	-0.423522	-0.328167	-0.225993	-0.120299	-0.0196304	0.0663781	0.132983	0.18215	0.212229	0.213403	0.187697	0.142341	0.0761744	0	
0	-0.0141975	-0.00531967	0.0180515	0.0356538	0.0341296	0.0332193	0.0462313	0.0705761	0.0907989	0.0967327	0.0984702	0.106203	0.140148	0.216408	0.33564	0.490241	0.660588	0.843152	1.01313	1.12033	1.12257	0.994133	0.747928	0.382823	-0.085426	-0.609159	-1.12369	-1.55767	-1.86156	-2.00012	-1.96037	-1.76449	-1.4567	-1.08989	-0.726796	-0.398948	-0.139398	0.0314688	0.108411	0.104081	0.0433434	-0.0482175	-0.147602	-0.222799	-0.270619	-0.295675	-0.290162	-0.261755	-0.21941	-0.173435	-0.132971	-0.101485	-0.0752181	-0.0488957	-0.0246926	-0.0094547	-0.00344688	0.00785971	0.0300296	0.0534862	0.0653405	0.0625973	0.0591438	0.064821	0.0770209	0.0782948	0.0721786	0.05799	0.0423559	0.0253627	0.00550367	-0.0205428	-0.061665	-0.117127	-0.185239	-0.243617	-0.301041	-0.363473	-0.415432	-0.439607	-0.419806	-0.373868	-0.310763	-0.226467	-0.126686	-0.0251748	0.0623854	0.137297	0.209738	0.277458	0.333603	0.373949	0.392672	0.387084	0.348566	0.283459	0.20142	0.10093	0	
0	-0.0443704	-0.0608116	-0.0590903	-0.0595773	-0.0823408	-0.105926	-0.117585	-0.115931	-0.116252	-0.127123	-0.136509	-0.135105	-0.101286	-0.0290409	0.0879488	0.229891	0.385381	0.540434	0.676223	0.74514	0.704606	0.534765	0.251154	-0.137744	-0.609159	-1.12142	-1.61227	-2.01561	-2.2884	-2.39557	-2.33013	-2.10762	-1.77174	-1.37226	-0.972683	-0.607496	-0.316908	-0.116543	-0.0179937	-0.00392161	-0.0520367	-0.130211	-0.22094	-0.290574	-0.344159	-0.369682	-0.367341	-0.337932	-0.284824	-0.221117	-0.169372	-0.128862	-0.0944174	-0.0661132	-0.0423408	-0.0284861	-0.0203262	-0.00512664	0.0244193	0.0585313	0.0849081	0.0957799	0.103888	0.122431	0.147336	0.156485	0.156838	0.147367	0.132945	0.124455	0.115296	0.0979833	0.0685278	0.0211691	-0.0413518	-0.0937203	-0.136577	-0.173878	-0.196313	-0.18367	-0.127649	-0.0471303	0.0471346	0.14953	0.2561	0.350952	0.421581	0.474737	0.515383	0.543451	0.562729	0.56661	0.54434	0.503227	0.434179	0.338659	0.232985	0.115414	0	
0	-0.0755536	-0.120444	-0.142103	-0.164424	-0.208516	-0.25742	-0.29433	-0.318955	-0.339192	-0.367899	-0.385845	-0.389488	-0.357068	-0.286881	-0.179521	-0.048657	0.0842684	0.211436	0.309059	0.337311	0.257106	0.0520893	-0.259673	-0.659044	-1.12369	-1.61227	-2.07112	-2.44002	-2.67603	-2.75004	-2.65237	-2.40104	-2.03451	-1.60639	-1.17771	-0.787556	-0.475578	-0.260859	-0.144753	-0.121261	-0.161184	-0.233204	-0.317044	-0.385459	-0.435545	-0.457542	-0.451172	-0.415559	-0.3558	-0.28736	-0.231916	-0.187008	-0.153832	-0.122713	-0.092327	-0.0688453	-0.0518535	-0.0255747	0.013355	0.0580445	0.0967823	0.120664	0.136247	0.165191	0.203272	0.225728	0.243103	0.24478	0.238034	0.23449	0.231174	0.215837	0.18927	0.150306	0.0946866	0.058058	0.0383158	0.0291797	0.043445	0.0900452	0.173229	0.27531	0.381325	0.484985	0.583894	0.669233	0.728813	0.763005	0.778447	0.771486	0.746395	0.703243	0.634132	0.553728	0.457212	0.347599	0.236205	0.114268	0	
0	-0.101584	-0.170898	-0.213196	-0.253766	-0.315598	-0.384178	-0.444291	-0.489153	-0.528243	-0.566295	-0.590054	-0.593323	-0.560051	-0.495103	-0.397412	-0.286226	-0.178375	-0.0842102	-0.0284267	-0.0397103	-0.156321	-0.387096	-0.712464	-1.11206	-1.55767	-2.01561	-2.44002	-2.77283	-2.97566	-3.01667	-2.88972	-2.6112	-2.22184	-1.77473	-1.33024	-0.927024	-0.606188	-0.379491	-0.254071	-0.221818	-0.256063	-0.328885	-0.410559	-0.473338	-0.520269	-0.534579	-0.517167	-0.478896	-0.418721	-0.348728	-0.293206	-0.252007	-0.218928	-0.184196	-0.14793	-0.115973	-0.0881777	-0.0519057	-0.000424664	0.0582125	0.110612	0.140637	0.156214	0.189045	0.23532	0.273687	0.308844	0.329066	0.330244	0.328306	0.322454	0.29794	0.272608	0.239871	0.199524	0.188612	0.201052	0.228617	0.273599	0.345859	0.445041	0.553304	0.659027	0.753567	0.83789	0.908795	0.958525	0.980733	0.974003	0.936381	0.871834	0.781061	0.667148	0.555806	0.442303	0.326589	0.22003	0.107969	0	
0	-0.117068	-0.201524	-0.256298	-0.306802	-0.376428	-0.455248	-0.527832	-0.58558	-0.632996	-0.673054	-0.693821	-0.691587	-0.656488	-0.596607	-0.514142	-0.426933	-0.348224	-0.290988	-0.27469	-0.324623	-0.471215	-0.717038	-1.04827	-1.4382	-1.86156	-2.2884	-2.67603	-2.97566	-3.1449	-3.15488	-3.00247	-2.70676	-2.30837	-1.86171	-1.41994	-1.01899	-0.695684	-0.464745	-0.330141	-0.28914	-0.321905	-0.394581	-0.470011	-0.527444	-0.566466	-0.570852	-0.552721	-0.518204	-0.462451	-0.397588	-0.342839	-0.296713	-0.258363	-0.218719	-0.17925	-0.145358	-0.114322	-0.0687127	-0.00687637	0.059574	0.118413	0.154244	0.17114	0.201611	0.24929	0.293434	0.338321	0.36582	0.367536	0.363653	0.352055	0.323393	0.299009	0.276782	0.257796	0.272932	0.317939	0.379154	0.456282	0.549348	0.651939	0.759581	0.861706	0.946985	1.01557	1.06768	1.10086	1.10567	1.0785	1.01487	0.920999	0.802346	0.661964	0.532192	0.413304	0.298433	0.1992	0.100326	0	
0	-0.118025	-0.204394	-0.259951	-0.308837	-0.37369	-0.449958	-0.5221	-0.580991	-0.625141	-0.655653	-0.663885	-0.648478	-0.608484	-0.552344	-0.487547	-0.425919	-0.379669	-0.357725	-0.379617	-0.463919	-0.634721	-0.890416	-1.22013	-1.59779	-2.00012	-2.39557	-2.75004	-3.01667	-3.15488	-3.13979	-2.9703	-2.67088	-2.2812	-1.8522	-1.42839	-1.04169	-0.724821	-0.495471	-0.358016	-0.313664	-0.340632	-0.409256	-0.473748	-0.517011	-0.544402	-0.549285	-0.536865	-0.514249	-0.475106	-0.41851	-0.358976	-0.306212	-0.262918	-0.218665	-0.177511	-0.141218	-0.108561	-0.0678314	-0.0134678	0.050505	0.113224	0.154217	0.173009	0.203111	0.247804	0.28717	0.322399	0.338626	0.330186	0.318142	0.304469	0.280868	0.265166	0.254613	0.252623	0.28989	0.360908	0.448902	0.553873	0.669262	0.781464	0.886544	0.978109	1.05162	1.10571	1.1397	1.15345	1.13493	1.08387	1.00463	0.899463	0.771713	0.631282	0.501961	0.379309	0.264314	0.171805	0.0861765	0	
0	-0.103728	-0.178651	-0.221925	-0.257275	-0.304658	-0.363668	-0.423186	-0.468434	-0.499282	-0.508119	-0.496173	-0.462333	-0.415411	-0.364146	-0.317971	-0.283372	-0.268076	-0.277609	-0.329546	-0.441198	-0.627936	-0.88846	-1.21184	-1.57791	-1.96037	-2.33013	-2.65237	-2.88972	-3.00247	-2.9703	-2.79766	-2.50999	-2.14422	-1.74676	-1.35207	-0.987715	-0.685728	-0.465637	-0.333611	-0.286618	-0.306826	-0.365865	-0.4136	-0.443562	-0.464627	-0.474575	-0.473281	-0.468343	-0.442548	-0.395298	-0.337598	-0.28553	-0.236554	-0.185604	-0.139107	-0.103502	-0.0797377	-0.0520834	-0.00930326	0.043674	0.0982537	0.138937	0.161477	0.187616	0.218975	0.242367	0.255502	0.250771	0.224984	0.200679	0.18333	0.166732	0.164355	0.169416	0.186271	0.239912	0.328023	0.43871	0.566405	0.696124	0.813386	0.917157	1.00187	1.06317	1.09948	1.11398	1.111	1.07644	1.0087	0.920029	0.815241	0.69647	0.572265	0.456015	0.340044	0.227113	0.140165	0.0707803	0	
0	-0.0770506	-0.127392	-0.149373	-0.160015	-0.180174	-0.211583	-0.245639	-0.269079	-0.275474	-0.257177	-0.219538	-0.165707	-0.112528	-0.0680769	-0.0397355	-0.0329585	-0.0419826	-0.0776063	-0.148525	-0.277889	-0.474086	-0.733512	-1.04833	-1.40006	-1.76449	-2.10762	-2.40104	-2.6112	-2.70676	-2.67088	-2.50999	-2.24741	-1.91974	-1.56003	-1.20338	-0.870003	-0.590072	-0.385456	-0.262814	-0.209498	-0.220355	-0.265468	-0.303955	-0.327279	-0.349398	-0.366994	-0.379059	-0.383869	-0.373395	-0.339139	-0.286076	-0.232349	-0.180147	-0.128145	-0.0841815	-0.0547544	-0.0394576	-0.0253508	0.000812104	0.0394463	0.0870513	0.122594	0.13716	0.142034	0.150977	0.152799	0.14472	0.12085	0.0782039	0.0401536	0.0105335	-0.00299073	0.00238511	0.0239623	0.0689378	0.144948	0.248469	0.367042	0.50184	0.636474	0.751064	0.847537	0.92343	0.977407	1.00383	1.00256	0.981287	0.931938	0.858144	0.772862	0.677929	0.577135	0.478018	0.385551	0.28895	0.188964	0.113908	0.0602749	0	
0	-0.0416593	-0.0602448	-0.0536135	-0.0344632	-0.0220943	-0.0196674	-0.0223993	-0.0184303	0.00424157	0.0495265	0.114229	0.183579	0.239831	0.276952	0.284249	0.272467	0.240977	0.192724	0.112382	-0.0254073	-0.222915	-0.478949	-0.780813	-1.11429	-1.4567	-1.77174	-2.03451	-2.22184	-2.30837	-2.2812	-2.14422	-1.91974	-1.63388	-1.32062	-1.00737	-0.71096	-0.459217	-0.274102	-0.155222	-0.0982877	-0.0967226	-0.132062	-0.16913	-0.196411	-0.221637	-0.251402	-0.273455	-0.289042	-0.291256	-0.266811	-0.217932	-0.166007	-0.113348	-0.0632111	-0.0264399	-0.00729813	-0.00590541	-0.00561683	0.0107011	0.0442967	0.080315	0.100145	0.0939243	0.0728222	0.0529071	0.0306295	0.00529567	-0.0336802	-0.0845853	-0.138522	-0.180877	-0.195874	-0.185372	-0.145314	-0.0772086	0.0237504	0.141709	0.260974	0.386254	0.503524	0.607181	0.69481	0.762988	0.811253	0.827539	0.810971	0.772851	0.714447	0.640778	0.566567	0.491855	0.414538	0.34756	0.288191	0.2181	0.147092	0.0951188	0.0510828	0	
0	-0.0050974	0.00934208	0.0448828	0.0936214	0.137462	0.17451	0.203092	0.237635	0.286162	0.358289	0.442782	0.522172	0.577567	0.600391	0.593199	0.56175	0.519347	0.46494	0.384395	0.248413	0.055284	-0.191761	-0.471282	-0.779495	-1.08989	-1.37226	-1.60639	-1.77473	-1.86171	-1.8522	-1.74676	-1.56003	-1.32062	-1.05307	-0.788138	-0.535443	-0.31638	-0.145694	-0.0341636	0.0308515	0.0402308	0.00669039	-0.0403877	-0.0748024	-0.110803	-0.149062	-0.180004	-0.206031	-0.220696	-0.206733	-0.163468	-0.111799	-0.0585372	-0.0163521	0.0112115	0.0197187	0.0137434	0.00908562	0.0211791	0.0428463	0.0620548	0.0637527	0.0404256	-0.00466647	-0.0518326	-0.0966901	-0.142439	-0.195547	-0.257285	-0.318319	-0.36395	-0.376188	-0.355558	-0.301289	-0.213114	-0.0986617	0.0210957	0.136775	0.246976	0.342462	0.422704	0.487842	0.540254	0.576279	0.582862	0.554357	0.501751	0.437684	0.373426	0.319282	0.267948	0.217616	0.180853	0.156422	0.127142	0.093474	0.0706999	0.0452918	0	
0	0.0293248	0.0748796	0.136764	0.210726	0.281453	0.346114	0.403809	0.460652	0.532085	0.618083	0.71457	0.793104	0.839808	0.84858	0.826316	0.78524	0.738101	0.685857	0.612784	0.484694	0.300155	0.0696865	-0.184307	-0.454806	-0.726796	-0.972683	-1.17771	-1.33024	-1.41994	-1.42839	-1.35207	-1.20338	-1.00737	-0.788138	-0.574297	-0.364267	-0.172774	-0.0172813	0.0936755	0.158373	0.164353	0.126013	0.0660181	0.0180533	-0.025848	-0.0713914	-0.116128	-0.15276	-0.177437	-0.171131	-0.137795	-0.09078	-0.0445513	-0.0072652	0.016471	0.0246889	0.0203071	0.0138605	0.0138903	0.0193779	0.0229474	0.0104302	-0.0261842	-0.0856166	-0.149696	-0.217435	-0.282418	-0.351721	-0.41893	-0.477888	-0.513371	-0.508441	-0.474008	-0.408026	-0.316023	-0.202474	-0.0911237	0.00618802	0.0966408	0.173522	0.233218	0.269751	0.291116	0.302525	0.291919	0.252742	0.194334	0.133518	0.0814906	0.0418753	0.0139111	-0.00392461	-0.00685565	0.00680646	0.0169231	0.0225992	0.0322462	0.0252595	0	
0	0.056953	0.127827	0.209121	0.301736	0.388864	0.47403	0.550817	0.625322	0.70946	0.801453	0.89938	0.969298	1.00459	0.998895	0.967474	0.923631	0.876375	0.832111	0.766523	0.651303	0.480175	0.270941	0.0531789	-0.173077	-0.398948	-0.607496	-0.787556	-0.927024	-1.01899	-1.04169	-0.987715	-0.870003	-0.71096	-0.535443	-0.364267	-0.190214	-0.0241636	0.120195	0.223735	0.276988	0.276476	0.228429	0.153595	0.0953404	0.0406478	-0.0174836	-0.0721933	-0.120673	-0.15833	-0.168152	-0.152229	-0.118159	-0.0791429	-0.0438197	-0.0150261	0.000814247	-0.00256893	-0.0156039	-0.0270594	-0.032385	-0.041363	-0.0629301	-0.104239	-0.165721	-0.241544	-0.327304	-0.406196	-0.481451	-0.545623	-0.593856	-0.610033	-0.588572	-0.535603	-0.459597	-0.373316	-0.273625	-0.183045	-0.106255	-0.0406914	0.014211	0.0555393	0.064409	0.0486099	0.020684	-0.0149318	-0.0626975	-0.121344	-0.172005	-0.206001	-0.227224	-0.235505	-0.228198	-0.198769	-0.148857	-0.10575	-0.0674135	-0.0281272	-0.00989078	0	
0	0.0821523	0.173592	0.274227	0.377048	0.475811	0.569837	0.657229	0.739748	0.824152	0.910668	0.994926	1.04718	1.06437	1.04302	1.00587	0.961729	0.91942	0.882382	0.827105	0.72797	0.576346	0.396719	0.218912	0.0409651	-0.139398	-0.316908	-0.475578	-0.606188	-0.695684	-0.724821	-0.685728	-0.590072	-0.459217	-0.31638	-0.172774	-0.0241636	0.124957	0.255632	0.345902	0.383598	0.372101	0.313462	0.232318	0.161873	0.0945516	0.0301122	-0.0347831	-0.0982173	-0.150732	-0.182399	-0.194603	-0.178705	-0.14622	-0.105007	-0.0664505	-0.0489596	-0.0549281	-0.0729782	-0.0922394	-0.11033	-0.126483	-0.150329	-0.195393	-0.259838	-0.343561	-0.436475	-0.517425	-0.585364	-0.636129	-0.661644	-0.651307	-0.612158	-0.544347	-0.463041	-0.383344	-0.300758	-0.235338	-0.189253	-0.153854	-0.122518	-0.107408	-0.126948	-0.174826	-0.237377	-0.299445	-0.357732	-0.408072	-0.441334	-0.455771	-0.459714	-0.449721	-0.417775	-0.366638	-0.295092	-0.226317	-0.166463	-0.104893	-0.0532843	0	
0	0.102954	0.213971	0.327716	0.438522	0.538697	0.633256	0.721379	0.802387	0.878477	0.94971	1.01093	1.04134	1.03718	1.00272	0.961158	0.917157	0.878396	0.843726	0.794799	0.712357	0.583182	0.438271	0.301674	0.171206	0.0314688	-0.116543	-0.260859	-0.379491	-0.464745	-0.495471	-0.465637	-0.385456	-0.274102	-0.145694	-0.0172813	0.120195	0.255632	0.373241	0.450769	0.477909	0.458292	0.395351	0.307485	0.225463	0.149758	0.0814677	0.0104163	-0.0662173	-0.14132	-0.205342	-0.24506	-0.244651	-0.217973	-0.175022	-0.138466	-0.122487	-0.131166	-0.152439	-0.178412	-0.200611	-0.218959	-0.251814	-0.304021	-0.369141	-0.448348	-0.53973	-0.612868	-0.661529	-0.690213	-0.685977	-0.649971	-0.594479	-0.516583	-0.437886	-0.370847	-0.30449	-0.255089	-0.233942	-0.231587	-0.231533	-0.245416	-0.293813	-0.370215	-0.453622	-0.527836	-0.589282	-0.635198	-0.656588	-0.647432	-0.626776	-0.595634	-0.545279	-0.48462	-0.406266	-0.326077	-0.251045	-0.169805	-0.0902125	0	
0	0.117835	0.242005	0.364203	0.475596	0.568695	0.653958	0.732844	0.804349	0.866244	0.915305	0.951799	0.958196	0.935825	0.892655	0.846826	0.805654	0.765956	0.730424	0.686052	0.618332	0.515667	0.405546	0.304902	0.214376	0.108411	-0.0179937	-0.144753	-0.254071	-0.330141	-0.358016	-0.333611	-0.262814	-0.155222	-0.0341636	0.0936755	0.223735	0.345902	0.450769	0.52206	0.543736	0.5264	0.464186	0.379838	0.295048	0.216359	0.143794	0.0615215	-0.0376363	-0.13699	-0.223691	-0.28153	-0.298106	-0.284138	-0.251746	-0.223085	-0.21324	-0.225714	-0.247039	-0.271182	-0.294948	-0.323235	-0.363229	-0.42017	-0.481304	-0.553314	-0.633705	-0.687354	-0.711574	-0.710724	-0.677444	-0.619117	-0.553505	-0.475106	-0.401886	-0.348532	-0.298284	-0.261951	-0.25863	-0.281157	-0.313271	-0.361037	-0.431915	-0.521908	-0.611429	-0.680648	-0.732385	-0.768824	-0.782574	-0.764948	-0.723614	-0.665058	-0.59731	-0.531199	-0.457013	-0.379658	-0.297562	-0.204816	-0.109455	0	
0	0.128838	0.261109	0.388677	0.493264	0.572992	0.638547	0.698253	0.753986	0.793089	0.82077	0.828048	0.815219	0.777966	0.729105	0.683954	0.643506	0.604681	0.567998	0.528895	0.477869	0.40463	0.323667	0.253532	0.18832	0.104081	-0.00392161	-0.121261	-0.221818	-0.28914	-0.313664	-0.286618	-0.209498	-0.0982877	0.0308515	0.158373	0.276988	0.383598	0.477909	0.543736	0.575684	0.569292	0.518937	0.450098	0.374189	0.296972	0.21862	0.124422	0.00776722	-0.110773	-0.218243	-0.292691	-0.330865	-0.337649	-0.321544	-0.305348	-0.305904	-0.324466	-0.349977	-0.378824	-0.411898	-0.445207	-0.489534	-0.548126	-0.605389	-0.662192	-0.718001	-0.74742	-0.740761	-0.709129	-0.647059	-0.570641	-0.498871	-0.423938	-0.362882	-0.321993	-0.285782	-0.265083	-0.281031	-0.324996	-0.382414	-0.453341	-0.534427	-0.622643	-0.698815	-0.751836	-0.785265	-0.801588	-0.806448	-0.781217	-0.724237	-0.653705	-0.578098	-0.512448	-0.44849	-0.374424	-0.294538	-0.203706	-0.103094	0	
0	0.137041	0.277159	0.404085	0.501134	0.559672	0.599618	0.633557	0.664871	0.682058	0.683456	0.666793	0.634881	0.585981	0.533446	0.487384	0.446957	0.410075	0.372642	0.343208	0.310181	0.264328	0.211384	0.160675	0.112046	0.0433434	-0.0520367	-0.161184	-0.256063	-0.321905	-0.340632	-0.306826	-0.220355	-0.0967226	0.0402308	0.164353	0.276476	0.372101	0.458292	0.5264	0.569292	0.572373	0.543139	0.499381	0.444518	0.37888	0.302478	0.201266	0.0764551	-0.0544992	-0.174414	-0.26916	-0.337509	-0.370735	-0.374383	-0.373409	-0.383087	-0.410912	-0.450944	-0.496012	-0.54157	-0.587063	-0.640097	-0.697223	-0.743046	-0.774832	-0.802393	-0.802747	-0.768458	-0.706102	-0.618851	-0.527772	-0.444098	-0.372977	-0.323739	-0.298217	-0.278671	-0.271501	-0.302154	-0.361025	-0.433663	-0.510597	-0.586644	-0.661449	-0.717928	-0.749945	-0.759886	-0.751438	-0.733485	-0.696735	-0.635878	-0.560727	-0.488842	-0.432315	-0.378442	-0.32031	-0.257676	-0.180426	-0.0910865	0	
