0	0	0	0	0	0	0	0	0	0	0	0	0	0	0	0	0	0	0	0	0	0	0	0	0	0	0	0	0	0	0	0	0	0	0	0	0	0	0	0	0	0	0	0	0	0	0	0	0	0	0	0	0	0	0	0	0	0	0	0	0	0	0	0	0	0	0	0	0	0	0	0	0	0	0	0	0	0	0	0	0	0	0	0	0	0	0	0	0	0	0	0	0	0	0	0	0	0	0	0	
0	-0.0215213	-0.0420586	-0.0603688	-0.0776758	-0.0932613	-0.110357	-0.125771	-0.139321	-0.147332	-0.149088	-0.149549	-0.149082	-0.153833	-0.1617	-0.17494	-0.195277	-0.221426	-0.250745	-0.277866	-0.300138	-0.321448	-0.344181	-0.367701	-0.389431	-0.405781	-0.419234	-0.428283	-0.435024	-0.438041	-0.436598	-0.430094	-0.41596	-0.394315	-0.373401	-0.347101	-0.314641	-0.277644	-0.238552	-0.199894	-0.160792	-0.118507	-0.08025	-0.0463343	-0.0172871	0.00514219	0.0174899	0.0211426	0.0149385	0.000724052	-0.0169731	-0.0338529	-0.048525	-0.0561817	-0.0566207	-0.0534633	-0.049391	-0.0466071	-0.0439457	-0.0424036	-0.0439943	-0.0449334	-0.0473929	-0.0542237	-0.0628639	-0.064815	-0.0614778	-0.0520328	-0.0354678	-0.0184846	-0.000917829	0.0146046	0.0323996	0.0512786	0.0687069	0.090875	0.120301	0.153078	0.184925	0.217631	0.248451	0.27989	0.316064	0.352544	0.385585	0.412738	0.434958	0.453779	0.466536	0.469937	0.465724	0.450607	0.420782	0.384361	0.340779	0.285102	0.221004	0.150227	0.0754078	0	
0	-0.0420586	-0.0836184	-0.118361	-0.153154	-0.183277	-0.215447	-0.246542	-0.270554	-0.286859	-0.288981	-0.288881	-0.2882	-0.296203	-0.311368	-0.336726	-0.375018	-0.424368	-0.480061	-0.528689	-0.569614	-0.606149	-0.646581	-0.68778	-0.72723	-0.754645	-0.777448	-0.7932	-0.801349	-0.806204	-0.802674	-0.789158	-0.763468	-0.727027	-0.687034	-0.642159	-0.584068	-0.516403	-0.444548	-0.377561	-0.30476	-0.226681	-0.153929	-0.0903972	-0.0361712	0.00612203	0.0337493	0.0428877	0.0295869	0.00255268	-0.027959	-0.0578045	-0.085901	-0.0990535	-0.0976844	-0.0883505	-0.0802404	-0.0726822	-0.0679358	-0.0632981	-0.0673754	-0.0693833	-0.0742867	-0.0896072	-0.105721	-0.112149	-0.104927	-0.0872594	-0.0550786	-0.0203629	0.0132689	0.0457689	0.0807609	0.118566	0.153718	0.196568	0.254155	0.316449	0.376994	0.437351	0.493522	0.550927	0.615633	0.683108	0.741783	0.787583	0.827098	0.857359	0.875617	0.87766	0.863515	0.834	0.779772	0.707385	0.623559	0.523224	0.405325	0.273721	0.137296	0	
0	-0.0603688	-0.118361	-0.169425	-0.218063	-0.26118	-0.308231	-0.350695	-0.387107	-0.408099	-0.41084	-0.409353	-0.40543	-0.415568	-0.434376	-0.467869	-0.520212	-0.588042	-0.663702	-0.730781	-0.782818	-0.82987	-0.879588	-0.931515	-0.978097	-1.00996	-1.03452	-1.04873	-1.05798	-1.06102	-1.05462	-1.03813	-1.00421	-0.953897	-0.907342	-0.850252	-0.777695	-0.693222	-0.602833	-0.514077	-0.421509	-0.317653	-0.220877	-0.133272	-0.0560783	0.00625775	0.0440674	0.0589577	0.0475881	0.0151062	-0.0260658	-0.065103	-0.0972711	-0.110003	-0.102615	-0.0856166	-0.0679806	-0.0556218	-0.0458646	-0.0405071	-0.0461221	-0.0507244	-0.0605228	-0.0835714	-0.111177	-0.120361	-0.112988	-0.0869388	-0.039851	0.00972419	0.0606929	0.106413	0.157707	0.211247	0.260271	0.321061	0.400865	0.488602	0.571671	0.654027	0.728476	0.80149	0.88546	0.96925	1.04054	1.09432	1.13473	1.16539	1.18131	1.17474	1.15054	1.10169	1.01853	0.922054	0.812034	0.676216	0.52194	0.35255	0.175893	0	
0	-0.0776758	-0.153154	-0.218063	-0.280045	-0.334498	-0.390715	-0.443857	-0.484439	-0.508226	-0.506768	-0.498974	-0.49035	-0.496881	-0.516678	-0.554127	-0.614921	-0.694786	-0.78456	-0.859911	-0.917777	-0.964872	-1.01755	-1.07081	-1.12047	-1.1501	-1.17156	-1.18278	-1.18579	-1.1854	-1.17649	-1.1557	-1.11782	-1.06589	-1.01477	-0.958417	-0.883162	-0.792397	-0.69473	-0.603474	-0.500104	-0.383773	-0.271574	-0.169534	-0.0777842	-0.00260844	0.0507223	0.0751909	0.0634125	0.0282165	-0.0125579	-0.0496275	-0.0812729	-0.0861095	-0.0650883	-0.0301715	0.000720723	0.0250556	0.0421371	0.0533705	0.0466983	0.0398293	0.025219	-0.00956059	-0.0480992	-0.0675627	-0.0624272	-0.03443	0.0212108	0.0824102	0.142822	0.200313	0.261914	0.327247	0.387286	0.459444	0.55665	0.660777	0.758465	0.852154	0.932812	1.01087	1.09934	1.18857	1.2592	1.30528	1.33846	1.35732	1.35744	1.33374	1.29025	1.2257	1.12589	1.00678	0.878595	0.73132	0.562137	0.376324	0.187757	0	
0	-0.0932613	-0.183277	-0.26118	-0.334498	-0.396912	-0.462025	-0.518916	-0.5635	-0.583791	-0.575201	-0.557641	-0.537246	-0.536333	-0.549029	-0.58395	-0.645698	-0.730519	-0.826513	-0.906714	-0.963413	-1.00923	-1.05756	-1.11033	-1.15575	-1.18076	-1.19624	-1.20027	-1.19896	-1.19585	-1.18445	-1.16492	-1.12691	-1.07396	-1.02861	-0.977189	-0.907671	-0.822374	-0.729223	-0.640383	-0.54211	-0.423551	-0.306727	-0.19728	-0.0967607	-0.00986044	0.0503368	0.0811842	0.0780219	0.0487852	0.011587	-0.0200355	-0.0373075	-0.0241869	0.0199392	0.0786287	0.133662	0.176098	0.207691	0.227019	0.222925	0.214529	0.193343	0.147114	0.0926415	0.0616382	0.0570012	0.0828022	0.14061	0.204968	0.270379	0.329314	0.394651	0.461917	0.522978	0.598824	0.700812	0.812831	0.915196	1.01034	1.08891	1.15945	1.24148	1.32192	1.37859	1.40771	1.41894	1.41585	1.39614	1.353	1.29305	1.21038	1.09399	0.969678	0.840408	0.692562	0.528994	0.351093	0.172075	0	
0	-0.110357	-0.215447	-0.308231	-0.390715	-0.462025	-0.529457	-0.588254	-0.628284	-0.640209	-0.618334	-0.583103	-0.546949	-0.528993	-0.530119	-0.55414	-0.610049	-0.692065	-0.786982	-0.86422	-0.916314	-0.952655	-0.995947	-1.04185	-1.0836	-1.10435	-1.11439	-1.11466	-1.11127	-1.10607	-1.09691	-1.07959	-1.04486	-0.997571	-0.958982	-0.918648	-0.860689	-0.785775	-0.703876	-0.627698	-0.535463	-0.424447	-0.312033	-0.205057	-0.102804	-0.0149203	0.0516204	0.0882406	0.0872847	0.060951	0.031471	0.0145271	0.0140151	0.0515581	0.125878	0.219924	0.307602	0.377517	0.432304	0.467517	0.472603	0.46665	0.441383	0.383973	0.313867	0.266021	0.247586	0.263172	0.315012	0.37486	0.434489	0.488889	0.546914	0.607542	0.661867	0.729531	0.827544	0.934207	1.02954	1.11491	1.17697	1.2295	1.29306	1.35342	1.38774	1.39155	1.37825	1.35184	1.30839	1.24492	1.1713	1.08136	0.961286	0.836188	0.716183	0.587533	0.444801	0.292245	0.144027	0	
0	-0.125771	-0.246542	-0.350695	-0.443857	-0.518916	-0.588254	-0.642525	-0.675289	-0.673513	-0.634509	-0.578381	-0.520048	-0.482475	-0.463307	-0.472565	-0.514186	-0.586167	-0.673223	-0.741853	-0.783444	-0.810665	-0.842216	-0.882941	-0.91935	-0.93603	-0.943178	-0.942102	-0.936928	-0.935201	-0.930006	-0.919227	-0.892416	-0.855702	-0.827036	-0.798835	-0.754731	-0.692516	-0.622537	-0.559542	-0.484607	-0.38505	-0.279801	-0.178561	-0.0841746	0.000464941	0.0630506	0.095557	0.0939573	0.0691667	0.0440331	0.0345166	0.0536878	0.117823	0.226564	0.359208	0.485556	0.592114	0.676655	0.735731	0.75657	0.758472	0.733831	0.667798	0.584868	0.519997	0.485099	0.488941	0.529171	0.579905	0.62923	0.67125	0.716522	0.760983	0.798955	0.850343	0.929718	1.0197	1.09672	1.1579	1.1945	1.21762	1.25111	1.28477	1.29014	1.26556	1.22665	1.17601	1.11441	1.04092	0.961161	0.87	0.759051	0.650131	0.549984	0.448116	0.336871	0.214748	0.100384	0	
0	-0.139321	-0.270554	-0.387107	-0.484439	-0.5635	-0.628284	-0.675289	-0.695381	-0.676541	-0.617457	-0.536921	-0.455695	-0.392417	-0.353515	-0.341498	-0.366868	-0.42518	-0.499087	-0.557315	-0.587304	-0.600074	-0.621117	-0.650903	-0.678869	-0.692281	-0.695087	-0.69248	-0.692006	-0.693836	-0.696574	-0.695826	-0.679186	-0.651786	-0.635417	-0.621274	-0.592025	-0.545508	-0.492582	-0.442798	-0.376803	-0.291371	-0.200336	-0.112282	-0.0264189	0.0467243	0.0984039	0.119963	0.108109	0.0734834	0.0414446	0.0351012	0.0656624	0.149863	0.287515	0.456901	0.624853	0.768974	0.889992	0.976951	1.02178	1.03881	1.01938	0.953619	0.861923	0.784816	0.73632	0.728115	0.758162	0.797598	0.83481	0.863557	0.890323	0.914468	0.930888	0.956755	1.01031	1.07286	1.12055	1.15029	1.14987	1.13513	1.13283	1.12939	1.10223	1.05063	0.987308	0.920678	0.849067	0.77245	0.700803	0.622492	0.526797	0.439188	0.367922	0.298491	0.221919	0.140751	0.0671941	0	
0	-0.147332	-0.286859	-0.408099	-0.508226	-0.583791	-0.640209	-0.673513	-0.676541	-0.636684	-0.556509	-0.451867	-0.347881	-0.26375	-0.203911	-0.176625	-0.185392	-0.230159	-0.29173	-0.337217	-0.354035	-0.354228	-0.360309	-0.379244	-0.399778	-0.407209	-0.406323	-0.403228	-0.400595	-0.404926	-0.413895	-0.419746	-0.414356	-0.403552	-0.399346	-0.398749	-0.385874	-0.352994	-0.312407	-0.276183	-0.228977	-0.158846	-0.0781918	-0.00011433	0.0691754	0.126478	0.161666	0.1641	0.131768	0.0782516	0.0306549	0.0120747	0.040829	0.133763	0.290839	0.489429	0.690531	0.873169	1.02893	1.14829	1.22198	1.25912	1.25418	1.19368	1.10402	1.01948	0.962666	0.948185	0.968508	1.00095	1.0275	1.04382	1.05402	1.05619	1.04931	1.0482	1.0688	1.09728	1.11059	1.09883	1.05692	1.00121	0.956592	0.918578	0.862215	0.785641	0.706612	0.628871	0.552322	0.482676	0.4216	0.360224	0.293907	0.235485	0.193421	0.159691	0.117605	0.0659354	0.0248681	0	
0	-0.149088	-0.288981	-0.41084	-0.506768	-0.575201	-0.618334	-0.634509	-0.617457	-0.556509	-0.455288	-0.329271	-0.206287	-0.102181	-0.0281057	0.0137933	0.016164	-0.0196866	-0.0716321	-0.111688	-0.121562	-0.11316	-0.109169	-0.117537	-0.126389	-0.127222	-0.118345	-0.109174	-0.105169	-0.109649	-0.12101	-0.132847	-0.135618	-0.131882	-0.137117	-0.148728	-0.149777	-0.133849	-0.112189	-0.0878936	-0.050419	0.00580809	0.0704335	0.132616	0.188721	0.230265	0.244772	0.223156	0.167135	0.0871198	0.0113867	-0.030031	-0.0140346	0.0735607	0.235321	0.447984	0.674423	0.886314	1.07313	1.2215	1.32576	1.38826	1.40107	1.35704	1.27674	1.19537	1.1395	1.12481	1.14386	1.1726	1.19313	1.19974	1.19249	1.17218	1.13968	1.10802	1.09294	1.08512	1.06242	1.01271	0.932599	0.839942	0.760762	0.689575	0.608042	0.515536	0.423904	0.341707	0.268795	0.209702	0.166145	0.124483	0.0797265	0.0464893	0.0326995	0.0271842	0.0176436	0.00507367	-0.00171112	0	
0	-0.149549	-0.288881	-0.409353	-0.498974	-0.557641	-0.583103	-0.578381	-0.536921	-0.451867	-0.329271	-0.183019	-0.0436847	0.0742265	0.158771	0.206575	0.214433	0.181907	0.133562	0.0957118	0.0878935	0.10039	0.110409	0.110189	0.107068	0.110905	0.124992	0.138955	0.149122	0.151827	0.143719	0.135526	0.130931	0.127345	0.1163	0.0977876	0.0862862	0.0906467	0.100578	0.112901	0.134249	0.173021	0.224204	0.274334	0.314255	0.336476	0.329462	0.283972	0.198853	0.0884798	-0.0191316	-0.0903304	-0.100398	-0.0298521	0.124455	0.339394	0.577472	0.810252	1.02084	1.19511	1.33018	1.41956	1.45689	1.43566	1.37567	1.30563	1.25909	1.25132	1.27232	1.30194	1.31763	1.31582	1.29172	1.24822	1.19029	1.12823	1.07772	1.03396	0.978395	0.89427	0.782516	0.664015	0.559153	0.467785	0.376449	0.278627	0.186251	0.106616	0.0371626	-0.0129303	-0.0465818	-0.0748009	-0.097646	-0.110123	-0.102271	-0.0824968	-0.0678171	-0.055662	-0.0346559	0	
0	-0.149082	-0.2882	-0.40543	-0.49035	-0.537246	-0.546949	-0.520048	-0.455695	-0.347881	-0.206287	-0.0436847	0.108873	0.23764	0.329417	0.381452	0.391285	0.359428	0.311042	0.268805	0.257153	0.263677	0.273991	0.275351	0.275266	0.282162	0.300104	0.318393	0.334982	0.342775	0.339828	0.337876	0.335661	0.334981	0.326738	0.310018	0.294738	0.290959	0.288526	0.294521	0.304795	0.331317	0.366961	0.401857	0.424769	0.430005	0.401717	0.330447	0.219068	0.0782594	-0.0622226	-0.168093	-0.206584	-0.159262	-0.0219617	0.183743	0.422614	0.667747	0.892274	1.08536	1.24672	1.36151	1.42461	1.4311	1.39817	1.34875	1.31997	1.32675	1.35638	1.39043	1.40518	1.3943	1.35219	1.28319	1.19514	1.10153	1.01401	0.936409	0.854793	0.745769	0.617417	0.489231	0.374137	0.276395	0.186345	0.0934283	0.00699944	-0.0659137	-0.127346	-0.166516	-0.191038	-0.210735	-0.221734	-0.222487	-0.203045	-0.169957	-0.134791	-0.096824	-0.0543951	0	
0	-0.153833	-0.296203	-0.415568	-0.496881	-0.536333	-0.528993	-0.482475	-0.392417	-0.26375	-0.102181	0.0742265	0.23764	0.374703	0.470052	0.522794	0.532006	0.497414	0.447481	0.400746	0.380593	0.3821	0.386916	0.387136	0.386642	0.389571	0.405162	0.423806	0.441182	0.453826	0.458091	0.463281	0.467072	0.471126	0.469602	0.457851	0.448782	0.445019	0.441116	0.443743	0.451276	0.467502	0.490457	0.511533	0.521525	0.509299	0.457827	0.363367	0.224024	0.0548638	-0.119	-0.256445	-0.326687	-0.305996	-0.18865	0.00087991	0.235425	0.483895	0.716509	0.922364	1.10398	1.24221	1.32796	1.36422	1.36085	1.33535	1.32999	1.35256	1.39358	1.43377	1.44661	1.42837	1.36765	1.2734	1.15842	1.03425	0.915431	0.810461	0.707494	0.584568	0.449677	0.32215	0.21023	0.115856	0.0380925	-0.0379344	-0.111209	-0.1715	-0.221083	-0.251367	-0.269946	-0.282405	-0.284186	-0.276699	-0.248921	-0.210196	-0.168357	-0.117184	-0.0624651	0	
0	-0.1617	-0.311368	-0.434376	-0.516678	-0.549029	-0.530119	-0.463307	-0.353515	-0.203911	-0.0281057	0.158771	0.329417	0.470052	0.567108	0.619106	0.624557	0.589102	0.536232	0.483358	0.457077	0.446455	0.445612	0.442892	0.436957	0.436935	0.44738	0.460796	0.477541	0.49095	0.49538	0.506767	0.513872	0.522624	0.526788	0.52817	0.527447	0.529656	0.529519	0.542438	0.549895	0.564558	0.58338	0.600132	0.598713	0.571306	0.502718	0.385798	0.222465	0.0251311	-0.176447	-0.34559	-0.445707	-0.448967	-0.35272	-0.178691	0.0460985	0.296933	0.532266	0.744854	0.941245	1.09329	1.19751	1.25587	1.27694	1.27436	1.28777	1.32645	1.37747	1.42301	1.43812	1.41241	1.33812	1.22472	1.08527	0.939737	0.796689	0.670647	0.557815	0.428003	0.296293	0.181371	0.0766541	-0.00807137	-0.0681887	-0.127986	-0.184305	-0.227624	-0.263135	-0.279293	-0.28755	-0.291313	-0.282258	-0.26694	-0.236696	-0.199061	-0.157695	-0.107755	-0.0581526	0	
0	-0.17494	-0.336726	-0.467869	-0.554127	-0.58395	-0.55414	-0.472565	-0.341498	-0.176625	0.0137933	0.206575	0.381452	0.522794	0.619106	0.666669	0.669225	0.629347	0.573755	0.517437	0.48	0.461518	0.452126	0.444316	0.437153	0.43136	0.434915	0.444189	0.455664	0.464528	0.469821	0.480297	0.487789	0.4977	0.508621	0.516374	0.527807	0.53798	0.546425	0.565928	0.588396	0.614414	0.636006	0.650825	0.649489	0.618871	0.536758	0.404596	0.220115	0.00117788	-0.227863	-0.423888	-0.550682	-0.576942	-0.498152	-0.340486	-0.120902	0.130928	0.36918	0.587788	0.791538	0.953644	1.06524	1.13617	1.17092	1.17899	1.20371	1.24713	1.30171	1.35048	1.36528	1.33814	1.25786	1.13415	0.985627	0.829313	0.675703	0.543092	0.425144	0.298419	0.176872	0.0735701	-0.0189029	-0.0944702	-0.141586	-0.181985	-0.221902	-0.249295	-0.264915	-0.264169	-0.259281	-0.2494	-0.22882	-0.206252	-0.176382	-0.147864	-0.114854	-0.0704503	-0.0342166	0	
0	-0.195277	-0.375018	-0.520212	-0.614921	-0.645698	-0.610049	-0.514186	-0.366868	-0.185392	0.016164	0.214433	0.391285	0.532006	0.624557	0.669225	0.664065	0.622375	0.563542	0.50296	0.46006	0.431173	0.414813	0.40504	0.393596	0.38454	0.381722	0.382982	0.389445	0.395096	0.397424	0.407901	0.41421	0.422034	0.429849	0.442815	0.461476	0.476952	0.493736	0.52927	0.564331	0.598513	0.631242	0.659632	0.66785	0.638166	0.555749	0.415884	0.219429	-0.01683	-0.263889	-0.483349	-0.63563	-0.681515	-0.618806	-0.472194	-0.257808	-0.00202321	0.242464	0.467557	0.678134	0.84326	0.955739	1.02706	1.05959	1.06615	1.08459	1.11973	1.16767	1.21103	1.22744	1.20207	1.12605	1.00901	0.864445	0.715591	0.568478	0.438817	0.326941	0.207436	0.0966369	0.00805208	-0.0766993	-0.145393	-0.178658	-0.204541	-0.228122	-0.235438	-0.231918	-0.216672	-0.200376	-0.179725	-0.15009	-0.121319	-0.0918117	-0.073343	-0.0569018	-0.0300628	-0.0120018	0	
0	-0.221426	-0.424368	-0.588042	-0.694786	-0.730519	-0.692065	-0.586167	-0.42518	-0.230159	-0.0196866	0.181907	0.359428	0.497414	0.589102	0.629347	0.622375	0.579946	0.521069	0.461817	0.412447	0.376201	0.352516	0.338025	0.326199	0.315089	0.307357	0.305464	0.306991	0.308163	0.307645	0.314048	0.316761	0.319948	0.325918	0.341336	0.363413	0.381642	0.401606	0.439132	0.485839	0.538764	0.584627	0.622679	0.643368	0.627022	0.55195	0.416075	0.217948	-0.0248474	-0.284816	-0.520516	-0.690897	-0.753913	-0.705834	-0.570684	-0.358851	-0.0991415	0.153335	0.385851	0.600286	0.764862	0.871047	0.930637	0.94766	0.937483	0.9348	0.948725	0.97848	1.01323	1.03069	1.01416	0.956182	0.858548	0.736285	0.608752	0.480026	0.365681	0.262299	0.154151	0.0580658	-0.0182677	-0.0922062	-0.152919	-0.177782	-0.190008	-0.199667	-0.193825	-0.175616	-0.148262	-0.122807	-0.0971177	-0.0656022	-0.0373429	-0.0187836	-0.0158311	-0.00961326	0.00690037	0.00922685	0	
0	-0.250745	-0.480061	-0.663702	-0.78456	-0.826513	-0.786982	-0.673223	-0.499087	-0.29173	-0.0716321	0.133562	0.311042	0.447481	0.536232	0.573755	0.563542	0.521069	0.463907	0.407741	0.357352	0.317783	0.290609	0.275808	0.2657	0.254115	0.242854	0.234443	0.231356	0.22697	0.2255	0.229925	0.23205	0.230444	0.232011	0.242515	0.265665	0.283094	0.304505	0.345789	0.402464	0.45948	0.512383	0.563217	0.599997	0.597279	0.536344	0.409833	0.216912	-0.0227651	-0.281821	-0.525204	-0.709328	-0.787098	-0.751595	-0.626821	-0.421564	-0.162396	0.0943327	0.332192	0.544722	0.703902	0.797304	0.836472	0.828644	0.791449	0.758515	0.741306	0.746904	0.768757	0.787392	0.785966	0.753982	0.689591	0.602703	0.509576	0.413727	0.32331	0.235918	0.143488	0.0629426	-0.000991047	-0.0661494	-0.119337	-0.137697	-0.141319	-0.140434	-0.123421	-0.0953239	-0.0681207	-0.0487774	-0.0278116	-0.0016132	0.0203374	0.0310534	0.0231987	0.0154345	0.0229795	0.021506	0	
0	-0.277866	-0.528689	-0.730781	-0.859911	-0.906714	-0.86422	-0.741853	-0.557315	-0.337217	-0.111688	0.0957118	0.268805	0.400746	0.483358	0.517437	0.50296	0.461817	0.407741	0.35684	0.30828	0.267093	0.236404	0.221969	0.214621	0.205934	0.195328	0.18644	0.179629	0.17425	0.169349	0.169631	0.168581	0.162414	0.156987	0.168192	0.191343	0.208222	0.227539	0.265209	0.323082	0.386655	0.448689	0.505669	0.552204	0.559635	0.512841	0.400081	0.223146	-0.00569298	-0.258717	-0.498957	-0.684017	-0.767282	-0.742323	-0.627423	-0.430424	-0.179526	0.0756067	0.30701	0.508452	0.650576	0.721434	0.731413	0.688828	0.620706	0.551309	0.501607	0.481935	0.490164	0.513289	0.53046	0.531297	0.507656	0.464243	0.413935	0.359295	0.301278	0.236716	0.167213	0.108238	0.061986	0.0111018	-0.0347097	-0.0510125	-0.0533527	-0.0540296	-0.0405991	-0.018977	-0.000717983	0.0117082	0.0207907	0.0344459	0.0504136	0.0518666	0.0344318	0.0219774	0.0259186	0.0228793	0	
0	-0.300138	-0.569614	-0.782818	-0.917777	-0.963413	-0.916314	-0.783444	-0.587304	-0.354035	-0.121562	0.0878935	0.257153	0.380593	0.457077	0.48	0.46006	0.412447	0.357352	0.30828	0.260087	0.216426	0.185473	0.17019	0.169544	0.166174	0.158859	0.149728	0.142974	0.135019	0.130529	0.130411	0.12995	0.11925	0.110917	0.116535	0.135176	0.152425	0.170723	0.206071	0.266459	0.334522	0.397468	0.458762	0.510726	0.530664	0.497988	0.398499	0.233489	0.0196145	-0.214679	-0.442367	-0.619619	-0.70344	-0.680512	-0.570314	-0.384124	-0.146439	0.0958805	0.312241	0.488788	0.601886	0.641445	0.612475	0.534686	0.432823	0.330247	0.252231	0.20735	0.204026	0.227448	0.260481	0.291334	0.304663	0.306448	0.30317	0.296567	0.283259	0.255058	0.219779	0.193639	0.170264	0.135108	0.0981973	0.0747368	0.0597598	0.0488914	0.0492177	0.0544886	0.053143	0.0454681	0.0394203	0.044562	0.0528301	0.047101	0.0291285	0.0173471	0.0222481	0.0231707	0	
0	-0.321448	-0.606149	-0.82987	-0.964872	-1.00923	-0.952655	-0.810665	-0.600074	-0.354228	-0.11316	0.10039	0.263677	0.3821	0.446455	0.461518	0.431173	0.376201	0.317783	0.267093	0.216426	0.170068	0.130841	0.114351	0.114845	0.115988	0.114399	0.109069	0.103923	0.100509	0.0983056	0.0997588	0.100941	0.0895261	0.0775961	0.0792073	0.097439	0.114114	0.129083	0.159887	0.22125	0.287523	0.355557	0.421015	0.480253	0.50541	0.482174	0.394488	0.247531	0.0524869	-0.166701	-0.377121	-0.538921	-0.612257	-0.587136	-0.477647	-0.298972	-0.0770385	0.149824	0.342452	0.486758	0.563277	0.56289	0.49374	0.379205	0.246938	0.118146	0.0161385	-0.0474165	-0.0642813	-0.0450843	-0.00147102	0.0472429	0.0904869	0.130877	0.170141	0.215179	0.250882	0.267968	0.27858	0.29223	0.300449	0.288135	0.258845	0.227428	0.196146	0.163024	0.138806	0.119281	0.0946878	0.0679558	0.0436366	0.0348627	0.0382286	0.0330646	0.0157482	0.00182129	0.00822126	0.0167568	0	
0	-0.344181	-0.646581	-0.879588	-1.01755	-1.05756	-0.995947	-0.842216	-0.621117	-0.360309	-0.109169	0.110409	0.273991	0.386916	0.445612	0.452126	0.414813	0.352516	0.290609	0.236404	0.185473	0.130841	0.086768	0.0609771	0.0607254	0.0630018	0.0642015	0.0605959	0.0578167	0.0570246	0.0595017	0.0662921	0.07325	0.065805	0.054551	0.0565527	0.0708397	0.0884313	0.101569	0.13034	0.184717	0.252993	0.323694	0.390967	0.449446	0.482829	0.471698	0.396123	0.262742	0.0808777	-0.119193	-0.312083	-0.456709	-0.523865	-0.495015	-0.38483	-0.213697	-0.00674094	0.202518	0.372176	0.486001	0.526716	0.489944	0.384786	0.2406	0.0857762	-0.0623619	-0.178251	-0.257475	-0.288328	-0.276392	-0.233513	-0.175586	-0.115113	-0.0480604	0.0287201	0.115905	0.199173	0.264576	0.31873	0.374683	0.417025	0.429532	0.413595	0.375458	0.327599	0.278527	0.23451	0.189101	0.140662	0.0945218	0.0522036	0.0296874	0.0223922	0.00990092	-0.00633127	-0.0144905	-0.00565696	0.0056142	0	
0	-0.367701	-0.68778	-0.931515	-1.07081	-1.11033	-1.04185	-0.882941	-0.650903	-0.379244	-0.117537	0.110189	0.275351	0.387136	0.442892	0.444316	0.40504	0.338025	0.275808	0.221969	0.17019	0.114351	0.0609771	0.0289295	0.0222745	0.0229202	0.0243415	0.0193843	0.0141439	0.0151472	0.0173236	0.0295464	0.0423738	0.040326	0.0362671	0.0400356	0.0556711	0.0785045	0.09171	0.117487	0.170811	0.236987	0.305455	0.374023	0.435266	0.474518	0.469231	0.405438	0.284639	0.119835	-0.067538	-0.246635	-0.382943	-0.447092	-0.423078	-0.320333	-0.163197	0.0261693	0.217639	0.368325	0.461421	0.477616	0.416887	0.288433	0.128477	-0.0418366	-0.198475	-0.322695	-0.41384	-0.455561	-0.455456	-0.413709	-0.353912	-0.284409	-0.19736	-0.0972663	0.0205195	0.137525	0.237658	0.326411	0.413357	0.485269	0.523853	0.524782	0.490934	0.437147	0.380159	0.325417	0.265175	0.203115	0.139733	0.0787666	0.0417408	0.0204924	0.00106824	-0.0163274	-0.0280335	-0.0191711	-0.00192952	0	
0	-0.389431	-0.72723	-0.978097	-1.12047	-1.15575	-1.0836	-0.91935	-0.678869	-0.399778	-0.126389	0.107068	0.275266	0.386642	0.436957	0.437153	0.393596	0.326199	0.2657	0.214621	0.169544	0.114845	0.0607254	0.0222745	0.0108508	0.00897843	0.0083273	0.000168682	-0.00830881	-0.0132314	-0.0113341	0.000488956	0.0143281	0.0183273	0.0191252	0.0248517	0.0471697	0.0754423	0.0949734	0.127404	0.178346	0.24188	0.31534	0.385337	0.445504	0.487286	0.488763	0.433297	0.325708	0.172195	-0.00630912	-0.180032	-0.312727	-0.38557	-0.378585	-0.297968	-0.164189	0.0025301	0.173716	0.312446	0.397425	0.4087	0.340067	0.209379	0.0458085	-0.129946	-0.289327	-0.420685	-0.519681	-0.575048	-0.582436	-0.54217	-0.479505	-0.399163	-0.300031	-0.182793	-0.0516077	0.0795408	0.197201	0.297378	0.399193	0.491616	0.552983	0.574523	0.554054	0.510261	0.459023	0.403221	0.339212	0.271603	0.199606	0.128424	0.0779279	0.0451718	0.0212162	-0.00110499	-0.017746	-0.0151327	-0.00539746	0	
0	-0.405781	-0.754645	-1.00996	-1.1501	-1.18076	-1.10435	-0.93603	-0.692281	-0.407209	-0.127222	0.110905	0.282162	0.389571	0.436935	0.43136	0.38454	0.315089	0.254115	0.205934	0.166174	0.115988	0.0630018	0.0229202	0.00897843	0.00748878	0.00903955	0.000876766	-0.0121077	-0.0200369	-0.0257832	-0.0180053	-0.00640516	-0.00307794	-0.000702426	0.00926373	0.032233	0.0667173	0.0961002	0.136611	0.191648	0.264498	0.34368	0.419235	0.483833	0.530379	0.536569	0.491929	0.391235	0.243254	0.0683905	-0.103052	-0.244894	-0.337329	-0.359276	-0.31209	-0.212019	-0.0753632	0.0741512	0.203442	0.294809	0.314722	0.257976	0.141687	-0.0111718	-0.181618	-0.339423	-0.471802	-0.578985	-0.643994	-0.657699	-0.618723	-0.550413	-0.463394	-0.355648	-0.232689	-0.103743	0.0249496	0.141135	0.238283	0.339606	0.444457	0.526907	0.569981	0.571027	0.541926	0.503769	0.459615	0.398936	0.335179	0.266781	0.194311	0.139552	0.09936	0.0694137	0.0438997	0.0214976	0.0109335	0.00440768	0	
0	-0.419234	-0.777448	-1.03452	-1.17156	-1.19624	-1.11439	-0.943178	-0.695087	-0.406323	-0.118345	0.124992	0.300104	0.405162	0.44738	0.434915	0.381722	0.307357	0.242854	0.195328	0.158859	0.114399	0.0642015	0.0243415	0.0083273	0.00903955	0.0135268	0.00842847	-0.0027775	-0.0144186	-0.0224041	-0.0173828	-0.0114155	-0.00994383	-0.0076169	-0.00362304	0.0188483	0.0542067	0.0903758	0.141505	0.206342	0.286586	0.377933	0.467803	0.544391	0.601584	0.615534	0.575738	0.478505	0.335148	0.155353	-0.0314003	-0.193985	-0.312264	-0.370696	-0.367138	-0.306002	-0.197689	-0.0692803	0.0578646	0.163114	0.205729	0.173665	0.0855593	-0.0435726	-0.199364	-0.344978	-0.473821	-0.583593	-0.656502	-0.678616	-0.645095	-0.578557	-0.491217	-0.384357	-0.26479	-0.14755	-0.0321315	0.0730032	0.156185	0.249176	0.358545	0.454627	0.518846	0.545228	0.540632	0.521226	0.490732	0.448582	0.399986	0.335403	0.267339	0.214892	0.171853	0.13955	0.107047	0.0722934	0.0459502	0.0206559	0	
0	-0.428283	-0.7932	-1.04873	-1.18278	-1.20027	-1.11466	-0.942102	-0.69248	-0.403228	-0.109174	0.138955	0.318393	0.423806	0.460796	0.444189	0.382982	0.305464	0.234443	0.18644	0.149728	0.109069	0.0605959	0.0193843	0.000168682	0.000876766	0.00842847	0.00903176	0.00209806	-0.00868117	-0.0145552	-0.0119372	-0.00711151	-0.00694732	-0.00705956	-0.00548132	0.0145046	0.0432147	0.0843265	0.140445	0.21142	0.300331	0.408105	0.514661	0.611502	0.680938	0.707582	0.679654	0.588379	0.436859	0.24058	0.0333904	-0.158227	-0.314114	-0.417253	-0.458035	-0.432064	-0.349171	-0.236194	-0.10688	0.0175779	0.0877715	0.0853435	0.0326244	-0.0664116	-0.194203	-0.315923	-0.428392	-0.529215	-0.604709	-0.635599	-0.617271	-0.565017	-0.491463	-0.399259	-0.294682	-0.196022	-0.0984514	-0.00960701	0.0570211	0.135853	0.243696	0.350192	0.430242	0.482465	0.508904	0.516017	0.509717	0.490373	0.461074	0.414389	0.354946	0.297057	0.246564	0.206791	0.163649	0.117	0.0749035	0.0329688	0	
0	-0.435024	-0.801349	-1.05798	-1.18579	-1.19896	-1.11127	-0.936928	-0.692006	-0.400595	-0.105169	0.149122	0.334982	0.441182	0.477541	0.455664	0.389445	0.306991	0.231356	0.179629	0.142974	0.103923	0.0578167	0.0141439	-0.00830881	-0.0121077	-0.0027775	0.00209806	-0.00197827	-0.00969899	-0.0141046	-0.0110303	-0.00432502	-0.00160471	-0.000159242	0.00474143	0.0208287	0.0455612	0.0871397	0.146518	0.222663	0.318981	0.435004	0.557847	0.673498	0.760704	0.804108	0.784575	0.692387	0.534853	0.324528	0.0855972	-0.147364	-0.344688	-0.489409	-0.574333	-0.581418	-0.519121	-0.413253	-0.2786	-0.133142	-0.0355569	-0.00488834	-0.0212592	-0.0850333	-0.173005	-0.26041	-0.341053	-0.422854	-0.492997	-0.533744	-0.541403	-0.515796	-0.472114	-0.407294	-0.326712	-0.250327	-0.171077	-0.0994611	-0.0491396	0.0135483	0.112066	0.219121	0.311846	0.391091	0.448481	0.485492	0.513842	0.530024	0.525668	0.493064	0.440057	0.381255	0.320845	0.262528	0.20363	0.14603	0.0928422	0.0421563	0	
0	-0.438041	-0.806204	-1.06102	-1.1854	-1.19585	-1.10607	-0.935201	-0.693836	-0.404926	-0.109649	0.151827	0.342775	0.453826	0.49095	0.464528	0.395096	0.308163	0.22697	0.17425	0.135019	0.100509	0.0570246	0.0151472	-0.0132314	-0.0200369	-0.0144186	-0.00868117	-0.00969899	-0.0167631	-0.0206477	-0.014496	-0.00621225	-0.00143151	0.00588024	0.0153529	0.0330432	0.0586458	0.103691	0.166846	0.25061	0.350105	0.471802	0.605421	0.734634	0.831327	0.882441	0.866791	0.775367	0.60919	0.376402	0.107304	-0.159989	-0.392182	-0.578232	-0.700352	-0.735996	-0.688902	-0.589414	-0.448095	-0.284267	-0.158736	-0.0915941	-0.0722167	-0.0939605	-0.138806	-0.183818	-0.228378	-0.286031	-0.345258	-0.398998	-0.43337	-0.442724	-0.435288	-0.403144	-0.35388	-0.299388	-0.240053	-0.188197	-0.154398	-0.107777	-0.0227708	0.0774721	0.177629	0.279078	0.369037	0.438196	0.49509	0.545029	0.57169	0.557426	0.511696	0.452545	0.385342	0.315007	0.244311	0.174113	0.110247	0.0535545	0	
0	-0.436598	-0.802674	-1.05462	-1.17649	-1.18445	-1.09691	-0.930006	-0.696574	-0.413895	-0.12101	0.143719	0.339828	0.458091	0.49538	0.469821	0.397424	0.307645	0.2255	0.169349	0.130529	0.0983056	0.0595017	0.0173236	-0.0113341	-0.0257832	-0.0224041	-0.0145552	-0.0141046	-0.0206477	-0.0217575	-0.019785	-0.0108914	-0.00325334	0.00630993	0.0238992	0.0492731	0.0790551	0.128936	0.201772	0.296319	0.401941	0.527603	0.666512	0.800664	0.897049	0.945265	0.920264	0.817289	0.632546	0.383497	0.0921161	-0.199413	-0.459306	-0.668441	-0.814974	-0.872934	-0.844211	-0.751917	-0.608245	-0.43273	-0.278892	-0.174754	-0.114337	-0.0936598	-0.092208	-0.0976837	-0.109915	-0.143149	-0.193514	-0.254332	-0.311902	-0.352056	-0.377036	-0.379773	-0.363875	-0.336612	-0.301508	-0.272462	-0.254137	-0.219318	-0.147101	-0.051108	0.0539611	0.168369	0.278088	0.365366	0.446066	0.521484	0.567878	0.578752	0.554564	0.507027	0.447936	0.375439	0.294533	0.214009	0.141538	0.0741712	0	
0	-0.430094	-0.789158	-1.03813	-1.1557	-1.16492	-1.07959	-0.919227	-0.695826	-0.419746	-0.132847	0.135526	0.337876	0.463281	0.506767	0.480297	0.407901	0.314048	0.229925	0.169631	0.130411	0.0997588	0.0662921	0.0295464	0.000488956	-0.0180053	-0.0173828	-0.0119372	-0.0110303	-0.014496	-0.019785	-0.0169933	-0.00639752	-0.000616862	0.0134643	0.0410346	0.0700806	0.108821	0.166275	0.249917	0.358591	0.476941	0.608175	0.750505	0.879652	0.967798	0.999991	0.952999	0.823286	0.616301	0.34705	0.037519	-0.269064	-0.537148	-0.753391	-0.911027	-0.985949	-0.974527	-0.891422	-0.753226	-0.571116	-0.393298	-0.248767	-0.147977	-0.0820962	-0.0383311	-0.0110938	0.00232176	-0.0152226	-0.0568838	-0.123827	-0.195609	-0.258244	-0.309248	-0.339498	-0.355708	-0.35404	-0.344235	-0.3379	-0.331129	-0.303852	-0.241882	-0.156848	-0.053501	0.064984	0.175302	0.266646	0.357597	0.44816	0.519674	0.556708	0.55758	0.541173	0.502049	0.434127	0.356626	0.271987	0.185838	0.100465	0	
0	-0.41596	-0.763468	-1.00421	-1.11782	-1.12691	-1.04486	-0.892416	-0.679186	-0.414356	-0.135618	0.130931	0.335661	0.467072	0.513872	0.487789	0.41421	0.316761	0.23205	0.168581	0.12995	0.100941	0.07325	0.0423738	0.0143281	-0.00640516	-0.0114155	-0.00711151	-0.00432502	-0.00621225	-0.0108914	-0.00639752	0.00132188	0.00884554	0.0259918	0.0577003	0.0958154	0.146859	0.208878	0.306799	0.431118	0.560535	0.694268	0.834448	0.95616	1.03308	1.03946	0.959654	0.800555	0.566407	0.274695	-0.0468778	-0.354713	-0.621105	-0.834017	-0.98755	-1.0684	-1.06691	-0.992186	-0.858153	-0.673791	-0.476717	-0.300846	-0.167436	-0.0661572	0.00685208	0.0569491	0.0854968	0.0802578	0.0443718	-0.0228067	-0.0997226	-0.175979	-0.240661	-0.289621	-0.325721	-0.343424	-0.354332	-0.366486	-0.373986	-0.354265	-0.305991	-0.237228	-0.144148	-0.0375999	0.064325	0.152369	0.241043	0.337623	0.42774	0.49293	0.528033	0.546548	0.538465	0.490233	0.413181	0.322302	0.232119	0.130814	0	
0	-0.394315	-0.727027	-0.953897	-1.06589	-1.07396	-0.997571	-0.855702	-0.651786	-0.403552	-0.131882	0.127345	0.334981	0.471126	0.522624	0.4977	0.422034	0.319948	0.230444	0.162414	0.11925	0.0895261	0.065805	0.040326	0.0183273	-0.00307794	-0.00994383	-0.00694732	-0.00160471	-0.00143151	-0.00325334	-0.000616862	0.00884554	0.0150555	0.0364145	0.0739454	0.126101	0.186721	0.258267	0.364718	0.49814	0.635771	0.773383	0.907466	1.01358	1.06929	1.04723	0.941953	0.753471	0.494224	0.188728	-0.134809	-0.441431	-0.705348	-0.906708	-1.04984	-1.12906	-1.12998	-1.05421	-0.916328	-0.728327	-0.516536	-0.32308	-0.16984	-0.0494118	0.0373798	0.101414	0.140385	0.146101	0.116156	0.0505188	-0.0293982	-0.116145	-0.191288	-0.247711	-0.289009	-0.3123	-0.329286	-0.351439	-0.369876	-0.363804	-0.338572	-0.293754	-0.222132	-0.136041	-0.0518874	0.0268111	0.114343	0.211369	0.311164	0.400267	0.467893	0.519577	0.53976	0.515063	0.450455	0.360218	0.263618	0.147912	0	
0	-0.373401	-0.687034	-0.907342	-1.01477	-1.02861	-0.958982	-0.827036	-0.635417	-0.399346	-0.137117	0.1163	0.326738	0.469602	0.526788	0.508621	0.429849	0.325918	0.232011	0.156987	0.110917	0.0775961	0.054551	0.0362671	0.0191252	-0.000702426	-0.0076169	-0.00705956	-0.000159242	0.00588024	0.00630993	0.0134643	0.0259918	0.0364145	0.0619408	0.104879	0.167082	0.236535	0.314469	0.427384	0.567193	0.707593	0.839131	0.951415	1.03334	1.06568	1.01876	0.886056	0.674703	0.405006	0.0947334	-0.226948	-0.5285	-0.78346	-0.976107	-1.11086	-1.18138	-1.17441	-1.0858	-0.937203	-0.735611	-0.512896	-0.312119	-0.149918	-0.0277272	0.0609959	0.127333	0.172674	0.186873	0.160016	0.0983168	0.0148609	-0.0800301	-0.160753	-0.216924	-0.248333	-0.263189	-0.276383	-0.299289	-0.329916	-0.346093	-0.347944	-0.335524	-0.292987	-0.226644	-0.157724	-0.0854099	-0.0018062	0.089427	0.191196	0.288461	0.373085	0.450659	0.496946	0.494103	0.444349	0.369041	0.282051	0.159317	0	
0	-0.347101	-0.642159	-0.850252	-0.958417	-0.977189	-0.918648	-0.798835	-0.621274	-0.398749	-0.148728	0.0977876	0.310018	0.457851	0.52817	0.516374	0.442815	0.341336	0.242515	0.168192	0.116535	0.0792073	0.0565527	0.0400356	0.0248517	0.00926373	-0.00362304	-0.00548132	0.00474143	0.0153529	0.0238992	0.0410346	0.0577003	0.0739454	0.104879	0.153155	0.226454	0.307399	0.393819	0.504782	0.635711	0.767592	0.883367	0.970081	1.02588	1.02989	0.955628	0.804691	0.584649	0.311637	0.00375994	-0.306589	-0.59734	-0.84549	-1.03298	-1.15614	-1.21599	-1.19717	-1.09935	-0.937449	-0.722678	-0.495411	-0.292044	-0.127801	-0.00662234	0.0757469	0.139356	0.187059	0.2033	0.181718	0.126056	0.0453309	-0.0478802	-0.130071	-0.180365	-0.198282	-0.205431	-0.211829	-0.234097	-0.27926	-0.31765	-0.34609	-0.362222	-0.345746	-0.30248	-0.244449	-0.172522	-0.0965008	-0.0171091	0.0748841	0.165699	0.253949	0.341483	0.406069	0.428817	0.397711	0.3364	0.260941	0.145926	0	
0	-0.314641	-0.584068	-0.777695	-0.883162	-0.907671	-0.860689	-0.754731	-0.592025	-0.385874	-0.149777	0.0862862	0.294738	0.448782	0.527447	0.527807	0.461476	0.363413	0.265665	0.191343	0.135176	0.097439	0.0708397	0.0556711	0.0471697	0.032233	0.0188483	0.0145046	0.0208287	0.0330432	0.0492731	0.0700806	0.0958154	0.126101	0.167082	0.226454	0.31426	0.401814	0.48892	0.590132	0.70758	0.821029	0.912723	0.968918	0.993229	0.965761	0.876445	0.719692	0.499145	0.229913	-0.0662464	-0.36489	-0.644478	-0.881144	-1.05596	-1.1684	-1.2159	-1.18787	-1.08828	-0.925626	-0.71044	-0.486987	-0.286906	-0.117859	0.00304641	0.0818117	0.140884	0.184301	0.198216	0.180583	0.136327	0.0686799	-0.0114339	-0.0870891	-0.130463	-0.141885	-0.146942	-0.151317	-0.173817	-0.224635	-0.279729	-0.326095	-0.36104	-0.375096	-0.357114	-0.312607	-0.252122	-0.181683	-0.109382	-0.0331418	0.0479897	0.131714	0.210829	0.275043	0.311096	0.299333	0.258746	0.206422	0.118549	0	
0	-0.277644	-0.516403	-0.693222	-0.792397	-0.822374	-0.785775	-0.692516	-0.545508	-0.352994	-0.133849	0.0906467	0.290959	0.445019	0.529656	0.53798	0.476952	0.381642	0.283094	0.208222	0.152425	0.114114	0.0884313	0.0785045	0.0754423	0.0667173	0.0542067	0.0432147	0.0455612	0.0586458	0.0790551	0.108821	0.146859	0.186721	0.236535	0.307399	0.401814	0.495931	0.589613	0.67953	0.771688	0.85574	0.916831	0.939055	0.931032	0.883286	0.789257	0.632639	0.418469	0.162973	-0.11865	-0.403161	-0.665204	-0.882028	-1.04033	-1.13786	-1.16851	-1.13434	-1.04491	-0.897348	-0.69538	-0.487394	-0.294654	-0.124111	0.000134322	0.0788604	0.133819	0.170763	0.178222	0.165526	0.132606	0.0829831	0.0217735	-0.0428125	-0.0799836	-0.0904843	-0.094768	-0.0989207	-0.117671	-0.167174	-0.229076	-0.280644	-0.331697	-0.375773	-0.386413	-0.363789	-0.316913	-0.257408	-0.197078	-0.133271	-0.0699536	-0.00575105	0.0632316	0.122329	0.158259	0.166224	0.154133	0.124962	0.0701888	0	
0	-0.238552	-0.444548	-0.602833	-0.69473	-0.729223	-0.703876	-0.622537	-0.492582	-0.312407	-0.112189	0.100578	0.288526	0.441116	0.529519	0.546425	0.493736	0.401606	0.304505	0.227539	0.170723	0.129083	0.101569	0.09171	0.0949734	0.0961002	0.0903758	0.0843265	0.0871397	0.103691	0.128936	0.166275	0.208878	0.258267	0.314469	0.393819	0.48892	0.589613	0.67572	0.74628	0.810963	0.864439	0.890762	0.886068	0.857872	0.793691	0.694079	0.541227	0.344147	0.104457	-0.159564	-0.424694	-0.662544	-0.851934	-0.98638	-1.06339	-1.08132	-1.04768	-0.974825	-0.851272	-0.673646	-0.489567	-0.310406	-0.146173	-0.0220298	0.0605977	0.117644	0.155615	0.166765	0.16312	0.141549	0.104062	0.0532961	-0.00551115	-0.0459032	-0.0612595	-0.0656518	-0.0672134	-0.078053	-0.119097	-0.172982	-0.217262	-0.270327	-0.332572	-0.373062	-0.380176	-0.362309	-0.327857	-0.28687	-0.242552	-0.196765	-0.151273	-0.09928	-0.044875	-0.0033026	0.0176984	0.0243902	0.0256104	0.0181018	0	
0	-0.199894	-0.377561	-0.514077	-0.603474	-0.640383	-0.627698	-0.559542	-0.442798	-0.276183	-0.0878936	0.112901	0.294521	0.443743	0.542438	0.565928	0.52927	0.439132	0.345789	0.265209	0.206071	0.159887	0.13034	0.117487	0.127404	0.136611	0.141505	0.140445	0.146518	0.166846	0.201772	0.249917	0.306799	0.364718	0.427384	0.504782	0.590132	0.67953	0.74628	0.796113	0.829621	0.850607	0.850223	0.835384	0.788032	0.716125	0.617309	0.476187	0.288396	0.0605774	-0.184061	-0.42735	-0.634994	-0.793542	-0.899917	-0.963091	-0.977637	-0.949955	-0.897924	-0.800926	-0.655135	-0.494753	-0.332946	-0.184966	-0.0615868	0.0283422	0.0999081	0.153654	0.18162	0.195275	0.179406	0.141976	0.0859982	0.017806	-0.0335894	-0.0585617	-0.0606376	-0.0519483	-0.0533085	-0.0809732	-0.118296	-0.150604	-0.19812	-0.266694	-0.326365	-0.362639	-0.381278	-0.379692	-0.365408	-0.345722	-0.323936	-0.300387	-0.265824	-0.226636	-0.184266	-0.139709	-0.109454	-0.0804523	-0.038869	0	
0	-0.160792	-0.30476	-0.421509	-0.500104	-0.54211	-0.535463	-0.484607	-0.376803	-0.228977	-0.050419	0.134249	0.304795	0.451276	0.549895	0.588396	0.564331	0.485839	0.402464	0.323082	0.266459	0.22125	0.184717	0.170811	0.178346	0.191648	0.206342	0.21142	0.222663	0.25061	0.296319	0.358591	0.431118	0.49814	0.567193	0.635711	0.70758	0.771688	0.810963	0.829621	0.83172	0.818866	0.801026	0.775518	0.728157	0.667236	0.575412	0.441067	0.260828	0.0502353	-0.177533	-0.395147	-0.574944	-0.704562	-0.788594	-0.842308	-0.85678	-0.842892	-0.809545	-0.742789	-0.632369	-0.498717	-0.3644	-0.23643	-0.118864	-0.0174172	0.0759779	0.152045	0.209466	0.24221	0.235078	0.198399	0.13027	0.051385	-0.0173899	-0.0585292	-0.0599128	-0.04644	-0.0412319	-0.0569039	-0.0800004	-0.0977931	-0.134477	-0.198476	-0.264335	-0.323738	-0.374182	-0.405241	-0.423981	-0.433284	-0.439395	-0.441797	-0.424629	-0.397393	-0.362553	-0.314325	-0.26115	-0.192919	-0.10146	0	
0	-0.118507	-0.226681	-0.317653	-0.383773	-0.423551	-0.424447	-0.38505	-0.291371	-0.158846	0.00580809	0.173021	0.331317	0.467502	0.564558	0.614414	0.598513	0.538764	0.45948	0.386655	0.334522	0.287523	0.252993	0.236987	0.24188	0.264498	0.286586	0.300331	0.318981	0.350105	0.401941	0.476941	0.560535	0.635771	0.707593	0.767592	0.821029	0.85574	0.864439	0.850607	0.818866	0.777627	0.746976	0.719269	0.686304	0.637378	0.554495	0.435102	0.277126	0.0879942	-0.117337	-0.311112	-0.473057	-0.585832	-0.656393	-0.703814	-0.727084	-0.726118	-0.707452	-0.671423	-0.600397	-0.502476	-0.397847	-0.290301	-0.176405	-0.0595741	0.0540298	0.154844	0.237063	0.28491	0.291833	0.25846	0.187169	0.0998447	0.0104005	-0.0476277	-0.0597257	-0.0450759	-0.0306885	-0.036546	-0.0418427	-0.050579	-0.0860644	-0.139967	-0.207239	-0.288071	-0.361618	-0.415543	-0.458023	-0.492044	-0.52842	-0.56167	-0.571355	-0.559444	-0.527797	-0.479655	-0.410103	-0.304853	-0.16551	0	
0	-0.08025	-0.153929	-0.220877	-0.271574	-0.306727	-0.312033	-0.279801	-0.200336	-0.0781918	0.0704335	0.224204	0.366961	0.490457	0.58338	0.636006	0.631242	0.584627	0.512383	0.448689	0.397468	0.355557	0.323694	0.305455	0.31534	0.34368	0.377933	0.408105	0.435004	0.471802	0.527603	0.608175	0.694268	0.773383	0.839131	0.883367	0.912723	0.916831	0.890762	0.850223	0.801026	0.746976	0.706165	0.676006	0.652561	0.611778	0.5458	0.451266	0.322329	0.161212	-0.0156337	-0.18673	-0.336653	-0.444188	-0.514953	-0.565993	-0.59791	-0.604257	-0.596639	-0.588788	-0.552366	-0.488632	-0.410751	-0.31944	-0.207956	-0.080916	0.0451509	0.162898	0.256733	0.314273	0.334201	0.31097	0.248485	0.157858	0.0576371	-0.0174017	-0.0480169	-0.0367915	-0.020697	-0.016802	-0.00798043	-0.0135338	-0.0465416	-0.096512	-0.163229	-0.249224	-0.338163	-0.411547	-0.4741	-0.535617	-0.602818	-0.663761	-0.702109	-0.708322	-0.67422	-0.614881	-0.522488	-0.378171	-0.199185	0	
