0	0	0	0	0	0	0	0	0	0	0	0	0	0	0	0	0	0	0	0	0	0	0	0	0	0	0	0	0	0	0	0	0	0	0	0	0	0	0	0	0	0	0	0	0	0	0	0	0	0	0	0	0	0	0	0	0	0	0	0	0	0	0	0	0	0	0	0	0	0	0	0	0	0	0	0	0	0	0	0	0	0	0	0	0	0	0	0	0	0	0	0	0	0	0	0	0	0	0	0	
0	-0.00950185	-0.0201444	-0.0287651	-0.032005	-0.0342325	-0.0423325	-0.0610232	-0.0904518	-0.133398	-0.189975	-0.256898	-0.325665	-0.388731	-0.440319	-0.475488	-0.495612	-0.500715	-0.493849	-0.475827	-0.44945	-0.418739	-0.385935	-0.356807	-0.32825	-0.296352	-0.262908	-0.23608	-0.221579	-0.220634	-0.23148	-0.252352	-0.274417	-0.295021	-0.309741	-0.315424	-0.311765	-0.30572	-0.299841	-0.293127	-0.279686	-0.258317	-0.229533	-0.202433	-0.181873	-0.170693	-0.169206	-0.172169	-0.176802	-0.180796	-0.179559	-0.175918	-0.170813	-0.163223	-0.156209	-0.15185	-0.14848	-0.144585	-0.139677	-0.137163	-0.138026	-0.139661	-0.139044	-0.137119	-0.133299	-0.12185	-0.0986033	-0.0633863	-0.0175489	0.0370556	0.0986664	0.16106	0.216234	0.260872	0.289454	0.304135	0.304379	0.292203	0.2746	0.25455	0.234574	0.210248	0.181332	0.146974	0.105479	0.0602412	0.0170821	-0.0142971	-0.0295191	-0.0278561	-0.00687897	0.0258639	0.0575716	0.0847187	0.100301	0.0994203	0.0860498	0.0624936	0.0329759	0	
0	-0.0201444	-0.0428703	-0.0613279	-0.0698528	-0.075535	-0.0926865	-0.12861	-0.184702	-0.263882	-0.369185	-0.491277	-0.618315	-0.733277	-0.829038	-0.895456	-0.935312	-0.949266	-0.939908	-0.908571	-0.859629	-0.799858	-0.737137	-0.682381	-0.63146	-0.577687	-0.520438	-0.475589	-0.451046	-0.446	-0.461895	-0.492497	-0.527774	-0.562632	-0.589572	-0.600881	-0.596178	-0.584185	-0.574483	-0.563436	-0.542485	-0.509397	-0.464665	-0.421413	-0.386406	-0.364196	-0.351564	-0.344833	-0.341354	-0.341047	-0.335932	-0.336221	-0.334944	-0.329604	-0.324645	-0.320293	-0.312355	-0.302092	-0.288651	-0.276867	-0.271958	-0.272497	-0.270052	-0.265816	-0.256649	-0.233471	-0.190403	-0.124834	-0.0399853	0.063332	0.176377	0.290908	0.394143	0.478579	0.534873	0.562917	0.567639	0.550166	0.519667	0.481254	0.437093	0.386089	0.328239	0.262344	0.189777	0.115629	0.0485341	0.00138094	-0.0206216	-0.019083	0.00743285	0.0510005	0.0932087	0.129692	0.152949	0.154653	0.136235	0.10058	0.0550619	0	
0	-0.0287651	-0.0613279	-0.0887845	-0.101645	-0.111025	-0.135221	-0.185464	-0.260465	-0.366719	-0.504898	-0.667469	-0.834149	-0.988036	-1.11741	-1.21132	-1.27357	-1.30158	-1.29785	-1.25934	-1.1906	-1.10417	-1.01139	-0.934256	-0.868535	-0.802702	-0.736339	-0.684454	-0.655285	-0.647762	-0.659253	-0.691357	-0.729066	-0.771119	-0.807235	-0.825206	-0.819648	-0.806521	-0.79476	-0.784988	-0.764889	-0.731557	-0.682658	-0.634738	-0.592376	-0.557123	-0.529738	-0.503255	-0.481736	-0.469993	-0.462622	-0.467727	-0.4814	-0.491763	-0.498226	-0.500968	-0.494228	-0.475969	-0.448942	-0.426994	-0.415737	-0.409777	-0.400087	-0.389223	-0.37548	-0.343679	-0.282779	-0.192652	-0.0772663	0.0590496	0.212323	0.368387	0.508238	0.625514	0.706689	0.757182	0.773226	0.75499	0.715846	0.65993	0.5942	0.512031	0.421253	0.329562	0.238325	0.154689	0.0853316	0.0416318	0.0205341	0.0153596	0.0341453	0.0677908	0.0977732	0.130071	0.154713	0.158352	0.144486	0.110295	0.0607967	0	
0	-0.032005	-0.0698528	-0.101645	-0.116759	-0.126517	-0.154907	-0.211964	-0.297545	-0.415222	-0.571076	-0.752128	-0.941635	-1.11674	-1.26981	-1.38689	-1.47188	-1.52033	-1.5283	-1.48872	-1.40599	-1.29485	-1.17706	-1.08181	-1.0067	-0.938852	-0.869605	-0.817638	-0.788074	-0.775141	-0.783162	-0.810375	-0.848252	-0.894822	-0.938034	-0.961137	-0.958085	-0.943897	-0.937086	-0.934791	-0.923798	-0.897956	-0.852501	-0.803592	-0.754759	-0.709805	-0.665331	-0.621293	-0.584638	-0.566002	-0.557264	-0.576327	-0.606706	-0.634917	-0.659824	-0.677103	-0.676625	-0.659843	-0.628599	-0.595182	-0.572245	-0.559059	-0.54162	-0.522602	-0.498954	-0.454633	-0.379295	-0.270717	-0.134943	0.0267586	0.203313	0.383375	0.549272	0.692295	0.798293	0.867142	0.900187	0.891921	0.850793	0.781361	0.689475	0.580476	0.466065	0.355444	0.256503	0.172975	0.10817	0.0690814	0.0491233	0.038492	0.0438589	0.0632354	0.0796564	0.100899	0.122496	0.129541	0.120669	0.0936617	0.054109	0	
0	-0.0342325	-0.075535	-0.111025	-0.126517	-0.135511	-0.162214	-0.218868	-0.300672	-0.415464	-0.566808	-0.748437	-0.93886	-1.12123	-1.28565	-1.41959	-1.52594	-1.59501	-1.61836	-1.58293	-1.49117	-1.3651	-1.23023	-1.12602	-1.05071	-0.984535	-0.918807	-0.868075	-0.838348	-0.824596	-0.826594	-0.851262	-0.885333	-0.930233	-0.973857	-0.997753	-0.995206	-0.989508	-0.997107	-1.01662	-1.0259	-1.01327	-0.970661	-0.917348	-0.860465	-0.803965	-0.751405	-0.698628	-0.657001	-0.636961	-0.634406	-0.661518	-0.709432	-0.758059	-0.801391	-0.835284	-0.848136	-0.834417	-0.797621	-0.759626	-0.730964	-0.70806	-0.678105	-0.646638	-0.612727	-0.557272	-0.466816	-0.343127	-0.194099	-0.0253361	0.158945	0.346401	0.518684	0.673082	0.793653	0.88524	0.937082	0.93904	0.900683	0.824335	0.72262	0.595907	0.463825	0.345645	0.245272	0.165004	0.104932	0.0697888	0.0476236	0.0274795	0.0241863	0.0332318	0.0362296	0.0485155	0.0627797	0.0644937	0.0600357	0.0460915	0.0269549	0	
0	-0.0423325	-0.0926865	-0.135221	-0.154907	-0.162214	-0.184576	-0.230225	-0.29693	-0.389513	-0.519413	-0.678823	-0.853148	-1.02403	-1.1856	-1.32407	-1.44121	-1.52487	-1.56146	-1.53302	-1.44382	-1.31623	-1.18327	-1.08605	-1.02017	-0.964063	-0.900833	-0.851119	-0.821023	-0.803641	-0.803617	-0.821865	-0.84912	-0.885437	-0.920165	-0.938415	-0.937267	-0.942121	-0.975261	-1.02552	-1.06441	-1.07143	-1.03569	-0.980691	-0.916731	-0.854611	-0.796203	-0.741263	-0.69979	-0.685434	-0.688938	-0.731269	-0.794539	-0.859429	-0.919998	-0.969677	-0.992609	-0.985029	-0.949792	-0.903563	-0.864442	-0.832572	-0.791147	-0.744213	-0.69339	-0.620953	-0.515967	-0.383132	-0.233142	-0.0690843	0.10327	0.276398	0.437629	0.585008	0.705909	0.801539	0.863605	0.87804	0.848689	0.777808	0.675214	0.55131	0.424895	0.310425	0.216167	0.138758	0.0776615	0.0391925	0.0122905	-0.0131444	-0.0255425	-0.0264005	-0.0358557	-0.0401981	-0.0383726	-0.0412959	-0.0401771	-0.0325431	-0.0155727	0	
0	-0.0610232	-0.12861	-0.185464	-0.211964	-0.218868	-0.230225	-0.257011	-0.293779	-0.35185	-0.443085	-0.567933	-0.711132	-0.859109	-1.00448	-1.13467	-1.25015	-1.33851	-1.3826	-1.36417	-1.28469	-1.17113	-1.05492	-0.976975	-0.930129	-0.88514	-0.827532	-0.777537	-0.746137	-0.727653	-0.721877	-0.732829	-0.747568	-0.768698	-0.790448	-0.799969	-0.79918	-0.817779	-0.874804	-0.957463	-1.02648	-1.05545	-1.03342	-0.984433	-0.924942	-0.865697	-0.811197	-0.758774	-0.721807	-0.711242	-0.72493	-0.777252	-0.855966	-0.937425	-1.01161	-1.07224	-1.10483	-1.10093	-1.0632	-1.01595	-0.970501	-0.924922	-0.862985	-0.79354	-0.721054	-0.631512	-0.517025	-0.383574	-0.242526	-0.0978124	0.0491642	0.194948	0.330187	0.456801	0.561109	0.647448	0.704797	0.71902	0.696649	0.640151	0.561696	0.461199	0.353115	0.25478	0.16823	0.0910665	0.0266783	-0.016877	-0.0504713	-0.0854734	-0.107822	-0.12221	-0.148736	-0.166498	-0.172784	-0.173827	-0.155923	-0.118737	-0.0618677	0	
0	-0.0904518	-0.184702	-0.260465	-0.297545	-0.300672	-0.29693	-0.293779	-0.292558	-0.304949	-0.350849	-0.432924	-0.539085	-0.656126	-0.775809	-0.886313	-0.989052	-1.07251	-1.12133	-1.11346	-1.05262	-0.961864	-0.872553	-0.820744	-0.794144	-0.762736	-0.70854	-0.657582	-0.622393	-0.597246	-0.583155	-0.581004	-0.582889	-0.591768	-0.603808	-0.609741	-0.610013	-0.63526	-0.707626	-0.808499	-0.899676	-0.949708	-0.945907	-0.915241	-0.872346	-0.827828	-0.785814	-0.743948	-0.714894	-0.71505	-0.738873	-0.804164	-0.89486	-0.987638	-1.07159	-1.14196	-1.18319	-1.18583	-1.15223	-1.09776	-1.03963	-0.97646	-0.891678	-0.794162	-0.69798	-0.593696	-0.473161	-0.347708	-0.227333	-0.111932	0.00435454	0.119485	0.223925	0.318857	0.393973	0.454865	0.49254	0.499034	0.483457	0.448045	0.398805	0.335201	0.262194	0.185981	0.110749	0.03138	-0.0441866	-0.100965	-0.148596	-0.195697	-0.231072	-0.257679	-0.292018	-0.313121	-0.311934	-0.294826	-0.251747	-0.18339	-0.0943751	0	
0	-0.133398	-0.263882	-0.366719	-0.415222	-0.415464	-0.389513	-0.35185	-0.304949	-0.268768	-0.266237	-0.303936	-0.37086	-0.452507	-0.540036	-0.623628	-0.705683	-0.781064	-0.83183	-0.838015	-0.797877	-0.733674	-0.673165	-0.647196	-0.641934	-0.623605	-0.575096	-0.521222	-0.477269	-0.438481	-0.406412	-0.38702	-0.375461	-0.376777	-0.387687	-0.393798	-0.39588	-0.422607	-0.496363	-0.604989	-0.707192	-0.771539	-0.78768	-0.777574	-0.757764	-0.737942	-0.717438	-0.694327	-0.683282	-0.696219	-0.735009	-0.813705	-0.918772	-1.0258	-1.12229	-1.20195	-1.2494	-1.25234	-1.2103	-1.14422	-1.06527	-0.975713	-0.863071	-0.742504	-0.628615	-0.51601	-0.402446	-0.292524	-0.193967	-0.104959	-0.0230064	0.0540019	0.12313	0.18351	0.224763	0.253385	0.268902	0.266447	0.254637	0.238678	0.222468	0.195395	0.152952	0.100639	0.0378989	-0.0400869	-0.122227	-0.193723	-0.259711	-0.326599	-0.378536	-0.413225	-0.44468	-0.450908	-0.426071	-0.380672	-0.309621	-0.217628	-0.109976	0	
0	-0.189975	-0.369185	-0.504898	-0.571076	-0.566808	-0.519413	-0.443085	-0.350849	-0.266237	-0.216249	-0.210758	-0.236131	-0.279964	-0.330756	-0.383205	-0.443656	-0.509194	-0.564341	-0.583599	-0.563626	-0.522685	-0.487673	-0.485507	-0.501242	-0.498496	-0.457727	-0.401194	-0.344219	-0.286015	-0.231868	-0.191783	-0.16828	-0.16369	-0.172083	-0.177172	-0.175014	-0.195776	-0.266691	-0.374252	-0.483138	-0.557874	-0.58684	-0.593765	-0.595949	-0.598793	-0.604719	-0.607851	-0.619113	-0.65405	-0.715029	-0.814328	-0.941327	-1.07136	-1.1858	-1.27616	-1.325	-1.31572	-1.25084	-1.14943	-1.03525	-0.914686	-0.779102	-0.641768	-0.52295	-0.417654	-0.314224	-0.222166	-0.148515	-0.091672	-0.0404447	0.00484348	0.0354116	0.054848	0.0606113	0.0642845	0.0628436	0.0556268	0.0527674	0.0524395	0.0533307	0.0464458	0.0257992	-0.0062021	-0.0495713	-0.114609	-0.19355	-0.271762	-0.354614	-0.438687	-0.502656	-0.540472	-0.559192	-0.544245	-0.49531	-0.426028	-0.337077	-0.2324	-0.116751	0	
0	-0.256898	-0.491277	-0.667469	-0.752128	-0.748437	-0.678823	-0.567933	-0.432924	-0.303936	-0.210758	-0.161929	-0.146993	-0.150713	-0.164848	-0.188062	-0.228634	-0.288211	-0.346611	-0.37643	-0.370219	-0.345114	-0.33005	-0.348748	-0.384889	-0.399844	-0.369077	-0.310809	-0.242115	-0.166004	-0.0925079	-0.0358566	0.000148962	0.0138322	0.0144197	0.020894	0.0339355	0.0235354	-0.037132	-0.141089	-0.248076	-0.32317	-0.357872	-0.374254	-0.391462	-0.418629	-0.449403	-0.479087	-0.518492	-0.580286	-0.672362	-0.806799	-0.970309	-1.13261	-1.27012	-1.36761	-1.40575	-1.371	-1.26904	-1.12766	-0.971865	-0.815971	-0.658089	-0.513646	-0.397643	-0.303241	-0.224258	-0.15866	-0.109743	-0.0754698	-0.0542594	-0.0451179	-0.0456448	-0.0564415	-0.0774271	-0.097476	-0.109205	-0.114626	-0.114292	-0.107017	-0.0962806	-0.0921758	-0.101137	-0.118041	-0.142775	-0.187956	-0.250464	-0.321279	-0.402588	-0.489156	-0.555773	-0.589072	-0.595852	-0.565475	-0.500615	-0.419746	-0.325434	-0.220729	-0.110504	0	
0	-0.325665	-0.618315	-0.834149	-0.941635	-0.93886	-0.853148	-0.711132	-0.539085	-0.37086	-0.236131	-0.146993	-0.091443	-0.0592603	-0.0423877	-0.0445011	-0.0744526	-0.132709	-0.195145	-0.231274	-0.230847	-0.213779	-0.211335	-0.244057	-0.296433	-0.32437	-0.303679	-0.247955	-0.175646	-0.0954121	-0.0164366	0.0488186	0.0948744	0.125099	0.146983	0.176119	0.21012	0.217597	0.170155	0.0785609	-0.0203323	-0.0884243	-0.118999	-0.134485	-0.159803	-0.198502	-0.249675	-0.307044	-0.379012	-0.479209	-0.617656	-0.795708	-0.998708	-1.19295	-1.3467	-1.44301	-1.46631	-1.40427	-1.26661	-1.08407	-0.891955	-0.70764	-0.533073	-0.382238	-0.272622	-0.19888	-0.143861	-0.105693	-0.0866128	-0.0835991	-0.087075	-0.0977461	-0.122726	-0.157713	-0.196064	-0.225977	-0.244457	-0.252507	-0.247418	-0.23471	-0.219189	-0.207099	-0.203998	-0.205042	-0.212849	-0.240373	-0.284866	-0.337614	-0.399897	-0.462628	-0.505836	-0.523473	-0.517561	-0.483679	-0.425452	-0.352989	-0.271466	-0.183205	-0.0909685	0	
0	-0.388731	-0.733277	-0.988036	-1.11674	-1.12123	-1.02403	-0.859109	-0.656126	-0.452507	-0.279964	-0.150713	-0.0592603	0.00373695	0.0418338	0.05112	0.0238425	-0.0358174	-0.101422	-0.138548	-0.140201	-0.126185	-0.131904	-0.174292	-0.235464	-0.273042	-0.2627	-0.216089	-0.153566	-0.0829055	-0.0103383	0.0564562	0.114674	0.165048	0.213948	0.271402	0.330345	0.359892	0.335343	0.263107	0.182778	0.129928	0.111186	0.103631	0.083314	0.0401657	-0.0220008	-0.102238	-0.208064	-0.3514	-0.537619	-0.762634	-1.00495	-1.22392	-1.38818	-1.47948	-1.48545	-1.39987	-1.23739	-1.02988	-0.813574	-0.608873	-0.425257	-0.277189	-0.177348	-0.118674	-0.0886896	-0.0775095	-0.082901	-0.10131	-0.129164	-0.166256	-0.208428	-0.25564	-0.301669	-0.338915	-0.359588	-0.365468	-0.361128	-0.343624	-0.316549	-0.287217	-0.263411	-0.246238	-0.238233	-0.248399	-0.272159	-0.297056	-0.321959	-0.34394	-0.352702	-0.348512	-0.33619	-0.311811	-0.273022	-0.225759	-0.172136	-0.113644	-0.0562066	0	
0	-0.440319	-0.829038	-1.11741	-1.26981	-1.28565	-1.1856	-1.00448	-0.775809	-0.540036	-0.330756	-0.164848	-0.0423877	0.0418338	0.0908896	0.100843	0.0706277	0.00559683	-0.0610088	-0.100134	-0.101309	-0.0886906	-0.0970445	-0.139409	-0.200985	-0.241502	-0.243094	-0.215262	-0.17381	-0.126053	-0.0687631	-0.00483039	0.0624305	0.132992	0.208402	0.295121	0.381725	0.437407	0.438406	0.38931	0.328137	0.293254	0.290818	0.303025	0.298674	0.266721	0.203873	0.108215	-0.0260545	-0.204169	-0.430888	-0.691332	-0.960969	-1.20033	-1.37535	-1.46638	-1.46322	-1.36426	-1.18255	-0.955951	-0.726723	-0.517386	-0.33992	-0.204908	-0.12065	-0.079793	-0.0678071	-0.0732431	-0.0981239	-0.139676	-0.191017	-0.248426	-0.308904	-0.367405	-0.413622	-0.445831	-0.459525	-0.459164	-0.44624	-0.418913	-0.379811	-0.333254	-0.287577	-0.245344	-0.214147	-0.197053	-0.187659	-0.176417	-0.159759	-0.138212	-0.112681	-0.091292	-0.0770461	-0.070094	-0.0663519	-0.060498	-0.0517416	-0.0374786	-0.0194891	0	
0	-0.475488	-0.895456	-1.21132	-1.38689	-1.41959	-1.32407	-1.13467	-0.886313	-0.623628	-0.383205	-0.188062	-0.0445011	0.05112	0.100843	0.107467	0.069945	0.00296829	-0.0663587	-0.104886	-0.106974	-0.0922657	-0.0968583	-0.131997	-0.187133	-0.229032	-0.246657	-0.24194	-0.227417	-0.202696	-0.162272	-0.104074	-0.0331548	0.0472447	0.139437	0.246212	0.353222	0.430762	0.454837	0.429433	0.39295	0.381609	0.406011	0.444293	0.463375	0.447462	0.39206	0.292698	0.150588	-0.0419139	-0.286518	-0.567509	-0.860415	-1.12043	-1.31234	-1.40937	-1.40242	-1.29262	-1.10203	-0.868494	-0.639619	-0.437869	-0.278123	-0.166655	-0.102877	-0.0798037	-0.083547	-0.104609	-0.145819	-0.204979	-0.27501	-0.349096	-0.419009	-0.477957	-0.516674	-0.538437	-0.539878	-0.52584	-0.500619	-0.459562	-0.405331	-0.343038	-0.276897	-0.211318	-0.149669	-0.089802	-0.0325955	0.0266379	0.0835463	0.133328	0.174006	0.195848	0.202543	0.191287	0.16333	0.128547	0.0896389	0.0541323	0.0246815	0	
0	-0.495612	-0.935312	-1.27357	-1.47188	-1.52594	-1.44121	-1.25015	-0.989052	-0.705683	-0.443656	-0.228634	-0.0744526	0.0238425	0.0706277	0.069945	0.0285351	-0.0429373	-0.111448	-0.151575	-0.15035	-0.128448	-0.120222	-0.140421	-0.183918	-0.226521	-0.258517	-0.277462	-0.284524	-0.282016	-0.258489	-0.214446	-0.151799	-0.0751523	0.0191183	0.132943	0.249248	0.336385	0.378485	0.375214	0.366278	0.387075	0.441711	0.509913	0.555091	0.558837	0.518634	0.431646	0.296105	0.107613	-0.139395	-0.430335	-0.735599	-1.00898	-1.21142	-1.31259	-1.30095	-1.18904	-0.99604	-0.768087	-0.553063	-0.369709	-0.234487	-0.149101	-0.108308	-0.102801	-0.128524	-0.171082	-0.232291	-0.307183	-0.387682	-0.465035	-0.527709	-0.573455	-0.596264	-0.603775	-0.588985	-0.557948	-0.515211	-0.455857	-0.386143	-0.31129	-0.229854	-0.141296	-0.0498649	0.0532391	0.160076	0.260225	0.349316	0.418081	0.462178	0.479228	0.474618	0.445253	0.391894	0.322055	0.241364	0.158505	0.0765246	0	
0	-0.500715	-0.949266	-1.30158	-1.52033	-1.59501	-1.52487	-1.33851	-1.07251	-0.781064	-0.509194	-0.288211	-0.132709	-0.0358174	0.00559683	0.00296829	-0.0429373	-0.112167	-0.179676	-0.214508	-0.205422	-0.168975	-0.143585	-0.147234	-0.181975	-0.225115	-0.271368	-0.30624	-0.330786	-0.343544	-0.34028	-0.314899	-0.270225	-0.209437	-0.126714	-0.0220063	0.0852722	0.172107	0.223247	0.243973	0.269069	0.322376	0.40894	0.504027	0.571082	0.596873	0.579013	0.509493	0.392231	0.215295	-0.0265018	-0.315106	-0.6191	-0.888047	-1.08537	-1.17623	-1.15696	-1.04342	-0.862616	-0.654099	-0.464123	-0.308329	-0.201223	-0.14424	-0.126608	-0.147693	-0.198563	-0.265232	-0.347942	-0.435084	-0.514428	-0.576566	-0.621099	-0.64514	-0.644829	-0.632379	-0.600652	-0.552413	-0.490048	-0.413182	-0.329156	-0.242308	-0.14466	-0.0368963	0.0783626	0.212873	0.349588	0.476327	0.58346	0.662827	0.711477	0.720709	0.706228	0.664349	0.591568	0.503618	0.396074	0.271715	0.139132	0	
0	-0.493849	-0.939908	-1.29785	-1.5283	-1.61836	-1.56146	-1.3826	-1.12133	-0.83183	-0.564341	-0.346611	-0.195145	-0.101422	-0.0610088	-0.0663587	-0.111448	-0.179676	-0.240244	-0.267416	-0.245795	-0.195195	-0.154406	-0.148263	-0.176538	-0.221543	-0.27402	-0.319891	-0.353184	-0.381312	-0.395772	-0.393432	-0.369973	-0.331469	-0.271287	-0.188984	-0.0990662	-0.0236045	0.0358831	0.0775835	0.129257	0.209955	0.317598	0.431472	0.521336	0.570271	0.574157	0.526217	0.422813	0.256746	0.0291051	-0.243967	-0.52478	-0.765546	-0.93474	-1.0044	-0.969867	-0.858944	-0.692139	-0.510578	-0.354877	-0.230407	-0.155971	-0.133084	-0.150331	-0.199349	-0.281242	-0.376134	-0.474694	-0.563482	-0.633483	-0.680686	-0.700624	-0.697512	-0.673687	-0.638111	-0.581291	-0.510435	-0.430174	-0.336792	-0.239039	-0.140881	-0.027368	0.0987585	0.226495	0.370569	0.512876	0.637535	0.746036	0.82971	0.880504	0.892938	0.874294	0.824632	0.745488	0.643347	0.51804	0.366613	0.188716	0	
0	-0.475827	-0.908571	-1.25934	-1.48872	-1.58293	-1.53302	-1.36417	-1.11346	-0.838015	-0.583599	-0.37643	-0.231274	-0.138548	-0.100134	-0.104886	-0.151575	-0.214508	-0.267416	-0.284253	-0.254197	-0.196574	-0.151628	-0.143253	-0.170242	-0.213158	-0.267746	-0.316387	-0.356729	-0.392342	-0.42211	-0.436134	-0.431643	-0.417019	-0.383297	-0.327213	-0.261822	-0.198598	-0.141958	-0.0929988	-0.0283498	0.061177	0.180391	0.310553	0.420088	0.491177	0.516149	0.480541	0.389315	0.238167	0.0326742	-0.20757	-0.446235	-0.640321	-0.76984	-0.80665	-0.75327	-0.63863	-0.486658	-0.33067	-0.20462	-0.115918	-0.080402	-0.0997508	-0.155021	-0.243857	-0.359121	-0.476383	-0.587933	-0.676624	-0.734691	-0.760628	-0.761867	-0.737689	-0.687177	-0.623766	-0.540745	-0.445702	-0.344577	-0.237896	-0.129584	-0.0194762	0.109072	0.245549	0.37421	0.510214	0.63425	0.739531	0.830732	0.90362	0.952976	0.964626	0.949566	0.904054	0.820486	0.712655	0.574027	0.40236	0.209097	0	
0	-0.44945	-0.859629	-1.1906	-1.40599	-1.49117	-1.44382	-1.28469	-1.05262	-0.797877	-0.563626	-0.370219	-0.230847	-0.140201	-0.101309	-0.106974	-0.15035	-0.205422	-0.245795	-0.254197	-0.222023	-0.168975	-0.128757	-0.124451	-0.149648	-0.189254	-0.240949	-0.29161	-0.332721	-0.371621	-0.406209	-0.429788	-0.439569	-0.444276	-0.434493	-0.403721	-0.360965	-0.32091	-0.282374	-0.245226	-0.190337	-0.103064	0.0189509	0.157377	0.281829	0.368905	0.405533	0.384353	0.308946	0.179783	0.00902322	-0.190164	-0.381342	-0.527754	-0.613532	-0.61694	-0.538574	-0.414136	-0.264796	-0.125071	-0.0272109	0.0311398	0.0321471	-0.028246	-0.129525	-0.255926	-0.400605	-0.539769	-0.657808	-0.740823	-0.787178	-0.800995	-0.785379	-0.739854	-0.668745	-0.580812	-0.474678	-0.364677	-0.25247	-0.133647	-0.0149609	0.101822	0.235013	0.369173	0.483827	0.599106	0.701059	0.779677	0.84488	0.895267	0.926028	0.931604	0.916626	0.875484	0.798052	0.685911	0.543252	0.374791	0.189587	0	
0	-0.418739	-0.799858	-1.10417	-1.29485	-1.3651	-1.31623	-1.17113	-0.961864	-0.733674	-0.522685	-0.345114	-0.213779	-0.126185	-0.0886906	-0.0922657	-0.128448	-0.168975	-0.195195	-0.196574	-0.168975	-0.12503	-0.0902577	-0.0857918	-0.103935	-0.135531	-0.182067	-0.230773	-0.271602	-0.308778	-0.346523	-0.379082	-0.400532	-0.42077	-0.427406	-0.415104	-0.397261	-0.38758	-0.381569	-0.373755	-0.338764	-0.266317	-0.153251	-0.0186164	0.10755	0.200872	0.250392	0.246898	0.194969	0.0965146	-0.0373434	-0.195247	-0.342641	-0.444565	-0.49236	-0.465061	-0.363618	-0.22312	-0.0689553	0.0667394	0.158033	0.200073	0.173521	0.077466	-0.0582701	-0.214641	-0.380004	-0.52762	-0.645574	-0.722929	-0.759853	-0.762836	-0.736528	-0.677614	-0.590979	-0.489608	-0.376294	-0.262426	-0.15081	-0.0359648	0.0802337	0.192891	0.316161	0.432136	0.523391	0.611891	0.685872	0.739448	0.779309	0.804606	0.817415	0.810961	0.788946	0.747215	0.671475	0.566206	0.438246	0.294432	0.147366	0	
0	-0.385935	-0.737137	-1.01139	-1.17706	-1.23023	-1.18327	-1.05492	-0.872553	-0.673165	-0.487673	-0.33005	-0.211335	-0.131904	-0.0970445	-0.0968583	-0.120222	-0.143585	-0.154406	-0.151628	-0.128757	-0.0902577	-0.0535489	-0.0394898	-0.0454775	-0.0661575	-0.104697	-0.150148	-0.188623	-0.224797	-0.267844	-0.307851	-0.339232	-0.366895	-0.384928	-0.392362	-0.405393	-0.434375	-0.468908	-0.490667	-0.478755	-0.424293	-0.329779	-0.21267	-0.0983616	-0.00637048	0.051054	0.0663719	0.0412007	-0.0234308	-0.117152	-0.233251	-0.338453	-0.40379	-0.421466	-0.370485	-0.248404	-0.0894659	0.0808479	0.227593	0.321575	0.359115	0.325434	0.216606	0.0639496	-0.103306	-0.269103	-0.413403	-0.524866	-0.593706	-0.623163	-0.61946	-0.586797	-0.522911	-0.436792	-0.341454	-0.242622	-0.150202	-0.0559346	0.0461853	0.144343	0.233653	0.329187	0.414854	0.476931	0.537344	0.587285	0.615685	0.629833	0.634253	0.629645	0.611578	0.581126	0.536174	0.470258	0.388248	0.297283	0.200098	0.100812	0	
0	-0.356807	-0.682381	-0.934256	-1.08181	-1.12602	-1.08605	-0.976975	-0.820744	-0.647196	-0.485507	-0.348748	-0.244057	-0.174292	-0.139409	-0.131997	-0.140421	-0.147234	-0.148263	-0.143253	-0.124451	-0.0857918	-0.0394898	-0.0113577	-0.00154752	-0.00871459	-0.0351827	-0.0727505	-0.107804	-0.14518	-0.191907	-0.23785	-0.272161	-0.303238	-0.333158	-0.364499	-0.410691	-0.477749	-0.5456	-0.593832	-0.606362	-0.577787	-0.51379	-0.42626	-0.331234	-0.245373	-0.183396	-0.151705	-0.154293	-0.190575	-0.250538	-0.329134	-0.398184	-0.42954	-0.415625	-0.340184	-0.197402	-0.0159745	0.172417	0.333072	0.442435	0.496036	0.47478	0.377882	0.23911	0.0909615	-0.0533423	-0.181021	-0.279559	-0.341905	-0.366755	-0.362937	-0.334629	-0.283458	-0.223239	-0.160794	-0.0991914	-0.0409806	0.0214127	0.0940117	0.165775	0.225892	0.286679	0.337425	0.367044	0.391696	0.408248	0.411056	0.404763	0.39403	0.380602	0.355997	0.318102	0.275759	0.229907	0.182425	0.140405	0.0985887	0.0508951	0	
0	-0.32825	-0.63146	-0.868535	-1.0067	-1.05071	-1.02017	-0.930129	-0.794144	-0.641934	-0.501242	-0.384889	-0.296433	-0.235464	-0.200985	-0.187133	-0.183918	-0.181975	-0.176538	-0.170242	-0.149648	-0.103935	-0.0454775	-0.00154752	0.0219005	0.0271214	0.0121064	-0.020005	-0.0556686	-0.0935544	-0.139548	-0.178995	-0.206588	-0.235669	-0.275475	-0.327959	-0.402169	-0.496384	-0.591828	-0.667419	-0.70883	-0.713668	-0.685989	-0.630077	-0.558389	-0.485316	-0.424357	-0.385801	-0.375737	-0.390279	-0.425013	-0.4749	-0.513437	-0.515508	-0.475674	-0.376398	-0.210052	-0.00436134	0.207778	0.389923	0.520893	0.593668	0.600655	0.540772	0.442646	0.337147	0.233481	0.139145	0.0611669	0.0103213	-0.01266	-0.0168001	-0.00769134	0.00885098	0.0246505	0.0356846	0.0455524	0.0583684	0.0831121	0.120769	0.152438	0.173549	0.195645	0.20916	0.205753	0.196945	0.184664	0.165382	0.143188	0.12093	0.0966913	0.0647231	0.0271082	-0.00316522	-0.0214991	-0.0293169	-0.0263979	-0.0173763	-0.00772475	0	
0	-0.296352	-0.577687	-0.802702	-0.938852	-0.984535	-0.964063	-0.88514	-0.762736	-0.623605	-0.498496	-0.399844	-0.32437	-0.273042	-0.241502	-0.229032	-0.226521	-0.225115	-0.221543	-0.213158	-0.189254	-0.135531	-0.0661575	-0.00871459	0.0271214	0.0445873	0.0391628	0.0112681	-0.0237351	-0.0584231	-0.0939836	-0.12014	-0.140345	-0.16744	-0.215001	-0.2792	-0.364086	-0.470919	-0.584908	-0.682465	-0.754876	-0.793073	-0.802155	-0.783491	-0.74263	-0.688264	-0.637992	-0.60031	-0.583534	-0.589449	-0.612963	-0.646379	-0.667602	-0.652513	-0.589811	-0.468094	-0.281263	-0.0483004	0.190244	0.398011	0.554737	0.660831	0.707479	0.693087	0.643138	0.588681	0.538731	0.48729	0.440781	0.405265	0.382706	0.361821	0.336727	0.306171	0.269145	0.232607	0.199385	0.168835	0.147165	0.136732	0.121579	0.0992881	0.0789558	0.0550327	0.019458	-0.0229652	-0.0604257	-0.093699	-0.128565	-0.162109	-0.194552	-0.229119	-0.257914	-0.266334	-0.252282	-0.224374	-0.18249	-0.127457	-0.0663859	0	
0	-0.262908	-0.520438	-0.736339	-0.869605	-0.918807	-0.900833	-0.827532	-0.70854	-0.575096	-0.457727	-0.369077	-0.303679	-0.2627	-0.243094	-0.246657	-0.258517	-0.271368	-0.27402	-0.267746	-0.240949	-0.182067	-0.104697	-0.0351827	0.0121064	0.0391628	0.0411875	0.0181993	-0.0113267	-0.0357456	-0.0554505	-0.0699598	-0.0842327	-0.110878	-0.158495	-0.221242	-0.305916	-0.417329	-0.541793	-0.658911	-0.751984	-0.814188	-0.853617	-0.865515	-0.853608	-0.823768	-0.790831	-0.76627	-0.763129	-0.774973	-0.801818	-0.830949	-0.843582	-0.815647	-0.738084	-0.600613	-0.392684	-0.132676	0.137821	0.377507	0.56978	0.710607	0.796912	0.831001	0.83246	0.829072	0.822226	0.80709	0.785777	0.763806	0.740324	0.701396	0.646808	0.576744	0.499815	0.424683	0.356274	0.291467	0.226782	0.164062	0.0943921	0.0223399	-0.0450245	-0.108296	-0.173845	-0.240407	-0.297113	-0.347195	-0.396502	-0.441709	-0.475098	-0.494099	-0.496648	-0.475008	-0.430652	-0.37375	-0.301194	-0.209965	-0.108874	0	
0	-0.23608	-0.475589	-0.684454	-0.817638	-0.868075	-0.851119	-0.777537	-0.657582	-0.521222	-0.401194	-0.310809	-0.247955	-0.216089	-0.215262	-0.24194	-0.277462	-0.30624	-0.319891	-0.316387	-0.29161	-0.230773	-0.150148	-0.0727505	-0.020005	0.0112681	0.0181993	0.00490791	-0.0121033	-0.0211625	-0.0277371	-0.0330497	-0.0447854	-0.0670274	-0.107895	-0.165239	-0.247428	-0.360324	-0.492309	-0.617471	-0.720577	-0.795925	-0.85027	-0.88284	-0.892945	-0.884761	-0.873915	-0.875835	-0.895124	-0.929804	-0.97652	-1.01803	-1.03733	-1.00983	-0.920774	-0.760006	-0.525509	-0.232488	0.0695459	0.340662	0.562274	0.739927	0.874892	0.962775	1.01212	1.044	1.06616	1.07202	1.06223	1.04357	1.01608	0.967258	0.895126	0.802407	0.705382	0.607799	0.50919	0.405033	0.296697	0.191539	0.0778722	-0.0389626	-0.153132	-0.260203	-0.356865	-0.445354	-0.517441	-0.577464	-0.637415	-0.68469	-0.705001	-0.700155	-0.668708	-0.615732	-0.546143	-0.463075	-0.366542	-0.251991	-0.128231	0	
0	-0.221579	-0.451046	-0.655285	-0.788074	-0.838348	-0.821023	-0.746137	-0.622393	-0.477269	-0.344219	-0.242115	-0.175646	-0.153566	-0.17381	-0.227417	-0.284524	-0.330786	-0.353184	-0.356729	-0.332721	-0.271602	-0.188623	-0.107804	-0.0556686	-0.0237351	-0.0113267	-0.0121033	-0.0152298	-0.0174258	-0.0187356	-0.0218478	-0.0295262	-0.0435716	-0.0764066	-0.127502	-0.206831	-0.318606	-0.449693	-0.577526	-0.684985	-0.76272	-0.823333	-0.861776	-0.883013	-0.888685	-0.89571	-0.918438	-0.96535	-1.02978	-1.11069	-1.18194	-1.22117	-1.1991	-1.09718	-0.914312	-0.653166	-0.334455	-0.00492213	0.29306	0.546799	0.764779	0.941696	1.07004	1.15371	1.21161	1.24873	1.26295	1.25674	1.23668	1.20253	1.14576	1.06862	0.973467	0.870375	0.758032	0.639318	0.506634	0.361566	0.215322	0.0639255	-0.0906078	-0.245634	-0.386216	-0.511396	-0.6211	-0.706158	-0.772902	-0.826021	-0.855165	-0.85161	-0.820818	-0.766219	-0.693461	-0.605006	-0.504755	-0.393467	-0.267768	-0.136918	0	
0	-0.220634	-0.446	-0.647762	-0.775141	-0.824596	-0.803641	-0.727653	-0.597246	-0.438481	-0.286015	-0.166004	-0.0954121	-0.0829055	-0.126053	-0.202696	-0.282016	-0.343544	-0.381312	-0.392342	-0.371621	-0.308778	-0.224797	-0.14518	-0.0935544	-0.0584231	-0.0357456	-0.0211625	-0.0174258	-0.02099	-0.0254882	-0.0291537	-0.0316737	-0.0437863	-0.0739488	-0.125579	-0.203466	-0.311678	-0.437994	-0.565463	-0.667803	-0.741136	-0.792266	-0.827264	-0.848445	-0.859263	-0.871463	-0.907337	-0.97219	-1.06462	-1.17783	-1.27646	-1.33422	-1.31619	-1.21042	-1.01706	-0.746158	-0.416128	-0.0709791	0.25247	0.535849	0.783313	0.988357	1.14118	1.24084	1.30433	1.34562	1.36889	1.36687	1.34262	1.30008	1.23587	1.15644	1.06365	0.968856	0.858549	0.728941	0.579533	0.411153	0.236613	0.0543866	-0.130977	-0.309701	-0.470503	-0.610368	-0.731192	-0.830395	-0.898646	-0.938392	-0.946299	-0.91975	-0.875426	-0.810535	-0.727126	-0.627568	-0.512744	-0.392419	-0.26536	-0.134905	0	
0	-0.23148	-0.461895	-0.659253	-0.783162	-0.826594	-0.803617	-0.721877	-0.583155	-0.406412	-0.231868	-0.0925079	-0.0164366	-0.0103383	-0.0687631	-0.162272	-0.258489	-0.34028	-0.395772	-0.42211	-0.406209	-0.346523	-0.267844	-0.191907	-0.139548	-0.0939836	-0.0554505	-0.0277371	-0.0187356	-0.0254882	-0.0325957	-0.0331821	-0.0383577	-0.0574132	-0.0988806	-0.159276	-0.241884	-0.349013	-0.473859	-0.595464	-0.689726	-0.747962	-0.783497	-0.802029	-0.810441	-0.808478	-0.810774	-0.846881	-0.922391	-1.03347	-1.16555	-1.27871	-1.33921	-1.32303	-1.21992	-1.03314	-0.773101	-0.455694	-0.110005	0.224228	0.520709	0.784662	1.00185	1.15838	1.26035	1.32633	1.3696	1.39331	1.38757	1.35719	1.30521	1.23879	1.16272	1.0772	0.986701	0.875303	0.748471	0.59722	0.422754	0.238698	0.0467445	-0.144056	-0.322121	-0.477666	-0.620348	-0.747744	-0.852336	-0.927064	-0.964395	-0.962673	-0.932312	-0.886946	-0.818211	-0.732928	-0.631688	-0.510737	-0.384421	-0.25547	-0.127462	0	
0	-0.252352	-0.492497	-0.691357	-0.810375	-0.851262	-0.821865	-0.732829	-0.581004	-0.38702	-0.191783	-0.0358566	0.0488186	0.0564562	-0.00483039	-0.104074	-0.214446	-0.314899	-0.393432	-0.436134	-0.429788	-0.379082	-0.307851	-0.23785	-0.178995	-0.12014	-0.0699598	-0.0330497	-0.0218478	-0.0291537	-0.0331821	-0.036075	-0.0467253	-0.0825865	-0.140491	-0.214513	-0.306645	-0.420987	-0.545481	-0.665975	-0.751008	-0.794649	-0.805339	-0.793083	-0.766996	-0.73461	-0.717236	-0.745421	-0.821912	-0.937034	-1.06912	-1.17789	-1.23821	-1.22467	-1.13365	-0.966855	-0.7299	-0.435321	-0.108322	0.212166	0.498563	0.752898	0.96004	1.11354	1.21863	1.28465	1.32214	1.33689	1.31894	1.27544	1.22162	1.16264	1.09606	1.01733	0.926672	0.813558	0.685197	0.54328	0.384205	0.216665	0.0493377	-0.118778	-0.275104	-0.416226	-0.551693	-0.669955	-0.771506	-0.845054	-0.88675	-0.901062	-0.885769	-0.851148	-0.790344	-0.711261	-0.621637	-0.512613	-0.389117	-0.258657	-0.129285	0	
0	-0.274417	-0.527774	-0.729066	-0.848252	-0.885333	-0.84912	-0.747568	-0.582889	-0.375461	-0.16828	0.000148962	0.0948744	0.114674	0.0624305	-0.0331548	-0.151799	-0.270225	-0.369973	-0.431643	-0.439569	-0.400532	-0.339232	-0.272161	-0.206588	-0.140345	-0.0842327	-0.0447854	-0.0295262	-0.0316737	-0.0383577	-0.0467253	-0.0730346	-0.130195	-0.207813	-0.299067	-0.403209	-0.52012	-0.643185	-0.757003	-0.831545	-0.855972	-0.831977	-0.775042	-0.704962	-0.63935	-0.596705	-0.608062	-0.668739	-0.768684	-0.886126	-0.992387	-1.05374	-1.04995	-0.979598	-0.83533	-0.624199	-0.365692	-0.0732772	0.217456	0.47224	0.696404	0.880645	1.01684	1.11098	1.16633	1.18842	1.18783	1.15897	1.11372	1.06166	1.00945	0.951905	0.880519	0.795137	0.686241	0.568507	0.443932	0.311644	0.182691	0.0575999	-0.0675848	-0.185361	-0.30429	-0.427113	-0.526948	-0.607926	-0.673516	-0.720154	-0.750465	-0.764365	-0.757495	-0.715985	-0.655819	-0.584667	-0.490714	-0.382136	-0.262636	-0.133221	0	
0	-0.295021	-0.562632	-0.771119	-0.894822	-0.930233	-0.885437	-0.768698	-0.591768	-0.376777	-0.16369	0.0138322	0.125099	0.165048	0.132992	0.0472447	-0.0751523	-0.209437	-0.331469	-0.417019	-0.444276	-0.42077	-0.366895	-0.303238	-0.235669	-0.16744	-0.110878	-0.0670274	-0.0435716	-0.0437863	-0.0574132	-0.0825865	-0.130195	-0.210739	-0.312525	-0.419373	-0.528776	-0.64222	-0.754958	-0.855542	-0.91201	-0.901894	-0.830381	-0.721846	-0.609533	-0.512838	-0.448872	-0.437672	-0.47691	-0.560102	-0.665909	-0.767485	-0.832091	-0.839509	-0.786754	-0.669998	-0.494176	-0.273962	-0.0176605	0.236733	0.457123	0.647835	0.793941	0.890817	0.950541	0.975574	0.972569	0.952503	0.91341	0.865691	0.820664	0.778357	0.726361	0.663259	0.591399	0.509162	0.424607	0.334752	0.240089	0.152604	0.0758489	-0.00472366	-0.0830713	-0.165881	-0.258239	-0.331079	-0.392352	-0.450724	-0.499775	-0.53991	-0.570424	-0.587721	-0.57636	-0.540517	-0.489051	-0.417449	-0.332057	-0.236932	-0.125941	0	
0	-0.309741	-0.589572	-0.807235	-0.938034	-0.973857	-0.920165	-0.790448	-0.603808	-0.387687	-0.172083	0.0144197	0.146983	0.213948	0.208402	0.139437	0.0191183	-0.126714	-0.271287	-0.383297	-0.434493	-0.427406	-0.384928	-0.333158	-0.275475	-0.215001	-0.158495	-0.107895	-0.0764066	-0.0739488	-0.0988806	-0.140491	-0.207813	-0.312525	-0.434704	-0.5524	-0.660825	-0.762793	-0.859622	-0.935649	-0.954426	-0.895109	-0.768689	-0.610389	-0.460798	-0.337846	-0.25489	-0.227803	-0.259559	-0.338604	-0.441213	-0.544342	-0.613833	-0.63021	-0.600207	-0.513099	-0.366311	-0.17877	0.0430908	0.265806	0.451693	0.595776	0.691363	0.741051	0.756419	0.737504	0.691965	0.639717	0.588705	0.54376	0.506004	0.470499	0.43258	0.393835	0.352572	0.306521	0.260571	0.217274	0.174923	0.137622	0.10287	0.0608384	0.0240359	-0.0182105	-0.0686859	-0.104579	-0.145529	-0.199082	-0.247061	-0.286163	-0.321041	-0.350138	-0.361219	-0.353299	-0.329286	-0.285922	-0.229849	-0.16612	-0.0890067	0	
0	-0.315424	-0.600881	-0.825206	-0.961137	-0.997753	-0.938415	-0.799969	-0.609741	-0.393798	-0.177172	0.020894	0.176119	0.271402	0.295121	0.246212	0.132943	-0.0220063	-0.188984	-0.327213	-0.403721	-0.415104	-0.392362	-0.364499	-0.327959	-0.2792	-0.221242	-0.165239	-0.127502	-0.125579	-0.159276	-0.214513	-0.299067	-0.419373	-0.5524	-0.669053	-0.764661	-0.848375	-0.916383	-0.950733	-0.920373	-0.808599	-0.633654	-0.434512	-0.249814	-0.104968	-0.0137237	0.0113214	-0.0287501	-0.117094	-0.226209	-0.338358	-0.421514	-0.459597	-0.453289	-0.38664	-0.259231	-0.0913236	0.10432	0.289412	0.429436	0.525646	0.572493	0.569532	0.529871	0.461293	0.372717	0.286858	0.216558	0.166948	0.137324	0.118503	0.106036	0.0976323	0.0937345	0.0928716	0.0954769	0.101594	0.111462	0.129237	0.138516	0.132858	0.132645	0.129993	0.119697	0.114956	0.100025	0.0646572	0.0278561	-0.0019627	-0.0327659	-0.0628851	-0.0861963	-0.104059	-0.116179	-0.11469	-0.0950457	-0.0650957	-0.0327609	0	
0	-0.311765	-0.596178	-0.819648	-0.958085	-0.995206	-0.937267	-0.79918	-0.610013	-0.39588	-0.175014	0.0339355	0.21012	0.330345	0.381725	0.353222	0.249248	0.0852722	-0.0990662	-0.261822	-0.360965	-0.397261	-0.405393	-0.410691	-0.402169	-0.364086	-0.305916	-0.247428	-0.206831	-0.203466	-0.241884	-0.306645	-0.403209	-0.528776	-0.660825	-0.764661	-0.839802	-0.888708	-0.910513	-0.88777	-0.804332	-0.646325	-0.43426	-0.198678	0.00869258	0.161126	0.240137	0.247614	0.189168	0.088323	-0.0348732	-0.164695	-0.271869	-0.334192	-0.345285	-0.292974	-0.176451	-0.0232178	0.143264	0.289645	0.390697	0.440053	0.434223	0.377912	0.286307	0.170267	0.0448379	-0.0669143	-0.149454	-0.20103	-0.226507	-0.233622	-0.224917	-0.199165	-0.163167	-0.120915	-0.069794	-0.0113325	0.0531925	0.115838	0.162037	0.196384	0.234672	0.270414	0.292942	0.312337	0.324429	0.317668	0.303712	0.287606	0.263815	0.235129	0.204568	0.169561	0.127718	0.0892796	0.0649224	0.0480629	0.0275205	0	
0	-0.30572	-0.584185	-0.806521	-0.943897	-0.989508	-0.942121	-0.817779	-0.63526	-0.422607	-0.195776	0.0235354	0.217597	0.359892	0.437407	0.430762	0.336385	0.172107	-0.0236045	-0.198598	-0.32091	-0.38758	-0.434375	-0.477749	-0.496384	-0.470919	-0.417329	-0.360324	-0.318606	-0.311678	-0.349013	-0.420987	-0.52012	-0.64222	-0.762793	-0.848375	-0.888708	-0.88969	-0.849573	-0.768587	-0.635406	-0.438154	-0.190361	0.0670409	0.281441	0.417195	0.466012	0.445121	0.363179	0.242304	0.098112	-0.0521154	-0.1824	-0.260157	-0.281497	-0.236003	-0.130116	0.00692219	0.144533	0.25696	0.322755	0.334513	0.28878	0.18905	0.0522341	-0.0958464	-0.240301	-0.361412	-0.444631	-0.495996	-0.521583	-0.529209	-0.508151	-0.462449	-0.397921	-0.316572	-0.224537	-0.125563	-0.0250847	0.0734012	0.154999	0.228986	0.309743	0.380571	0.432399	0.474837	0.510607	0.534423	0.546325	0.546842	0.535666	0.511477	0.473575	0.428101	0.374544	0.308085	0.236938	0.162435	0.0804908	0	
0	-0.299841	-0.574483	-0.79476	-0.937086	-0.997107	-0.975261	-0.874804	-0.707626	-0.496363	-0.266691	-0.037132	0.170155	0.335343	0.438406	0.454837	0.378485	0.223247	0.0358831	-0.141958	-0.282374	-0.381569	-0.468908	-0.5456	-0.591828	-0.584908	-0.541793	-0.492309	-0.449693	-0.437994	-0.473859	-0.545481	-0.643185	-0.754958	-0.859622	-0.916383	-0.910513	-0.849573	-0.748664	-0.613692	-0.435721	-0.201749	0.0674799	0.328735	0.525889	0.630273	0.646095	0.589976	0.476842	0.326697	0.154555	-0.0187898	-0.161287	-0.247346	-0.269701	-0.228225	-0.134206	-0.0147223	0.0982042	0.183083	0.224016	0.211889	0.13959	0.0122315	-0.144135	-0.296436	-0.433216	-0.54557	-0.630368	-0.68464	-0.711506	-0.715103	-0.692332	-0.646064	-0.572491	-0.478621	-0.364427	-0.246178	-0.127878	-0.00796963	0.10024	0.212447	0.327582	0.431067	0.511825	0.576236	0.638658	0.688086	0.721614	0.745946	0.755014	0.739837	0.702935	0.652344	0.590064	0.506594	0.395524	0.266621	0.132149	0	
0	-0.293127	-0.563436	-0.784988	-0.934791	-1.01662	-1.02552	-0.957463	-0.808499	-0.604989	-0.374252	-0.141089	0.0785609	0.263107	0.38931	0.429433	0.375214	0.243973	0.0775835	-0.0929988	-0.245226	-0.373755	-0.490667	-0.593832	-0.667419	-0.682465	-0.658911	-0.617471	-0.577526	-0.565463	-0.595464	-0.665975	-0.757003	-0.855542	-0.935649	-0.950733	-0.88777	-0.768587	-0.613692	-0.432892	-0.214883	0.0431897	0.314495	0.556284	0.722702	0.794324	0.770377	0.673327	0.522182	0.339006	0.13909	-0.0466211	-0.200023	-0.290756	-0.313739	-0.277826	-0.193683	-0.083459	0.0162746	0.0843251	0.109335	0.0825466	0.000678516	-0.126934	-0.274016	-0.409711	-0.528139	-0.628635	-0.707515	-0.760555	-0.788435	-0.79545	-0.778114	-0.736125	-0.668653	-0.579555	-0.472716	-0.362236	-0.244151	-0.116202	0.0129911	0.144209	0.273066	0.395454	0.501551	0.595506	0.684379	0.763571	0.822588	0.86462	0.896871	0.899119	0.870366	0.82362	0.751875	0.644902	0.507264	0.349769	0.176821	0	
0	-0.279686	-0.542485	-0.764889	-0.923798	-1.0259	-1.06441	-1.02648	-0.899676	-0.707192	-0.483138	-0.248076	-0.0203323	0.182778	0.328137	0.39295	0.366278	0.269069	0.129257	-0.0283498	-0.190337	-0.338764	-0.478755	-0.606362	-0.70883	-0.754876	-0.751984	-0.720577	-0.684985	-0.667803	-0.689726	-0.751008	-0.831545	-0.91201	-0.954426	-0.920373	-0.804332	-0.635406	-0.435721	-0.214883	0.0319826	0.291453	0.541568	0.747095	0.876806	0.906352	0.841525	0.699925	0.512167	0.298724	0.0793433	-0.1215	-0.281011	-0.373387	-0.39998	-0.367771	-0.288234	-0.183774	-0.0904749	-0.0256126	-0.00435306	-0.0276044	-0.0998508	-0.213317	-0.338615	-0.447239	-0.542243	-0.627907	-0.702406	-0.753832	-0.781873	-0.791783	-0.781575	-0.751764	-0.697392	-0.628049	-0.543372	-0.454561	-0.355856	-0.235443	-0.105506	0.0276372	0.160774	0.292352	0.417974	0.537986	0.652057	0.757617	0.840763	0.901323	0.94642	0.961616	0.948007	0.905223	0.825391	0.706873	0.558485	0.393875	0.206722	0	
0	-0.258317	-0.509397	-0.731557	-0.897956	-1.01327	-1.07143	-1.05545	-0.949708	-0.771539	-0.557874	-0.32317	-0.0884243	0.129928	0.293254	0.381609	0.387075	0.322376	0.209955	0.061177	-0.103064	-0.266317	-0.424293	-0.577787	-0.713668	-0.793073	-0.814188	-0.795925	-0.76272	-0.741136	-0.747962	-0.794649	-0.855972	-0.901894	-0.895109	-0.808599	-0.646325	-0.438154	-0.201749	0.0431897	0.291453	0.52815	0.739055	0.90054	0.982697	0.965699	0.855993	0.670858	0.448942	0.210223	-0.0254536	-0.231271	-0.388554	-0.481497	-0.506366	-0.474374	-0.395968	-0.290747	-0.187223	-0.11578	-0.0896144	-0.0995975	-0.150403	-0.237399	-0.336455	-0.42459	-0.503628	-0.57661	-0.649334	-0.703673	-0.732985	-0.743612	-0.743597	-0.727456	-0.687987	-0.639756	-0.582765	-0.523655	-0.447192	-0.343474	-0.225554	-0.108529	0.0134301	0.151077	0.288791	0.424264	0.555713	0.679185	0.777855	0.848589	0.903488	0.927262	0.919373	0.877552	0.793719	0.677139	0.535975	0.376654	0.197242	0	
