0	0	0	0	0	0	0	0	0	0	0	0	0	0	0	0	0	0	0	0	0	0	0	0	0	0	0	0	0	0	0	0	0	0	0	0	0	0	0	0	0	0	0	0	0	0	0	0	0	0	0	0	0	0	0	0	0	0	0	0	0	0	0	0	0	0	0	0	0	0	0	0	0	0	0	0	0	0	0	0	0	0	0	0	0	0	0	0	0	0	0	0	0	0	0	0	0	0	0	0	
0	1.44659e-68	8.24729e-66	3.88115e-63	1.52768e-60	5.07839e-58	1.43583e-55	3.47007e-53	7.19269e-51	1.28117e-48	1.96238e-46	2.58352e-44	2.9187e-42	2.82169e-40	2.32506e-38	1.62426e-36	9.55475e-35	4.69299e-33	1.90485e-31	6.31068e-30	1.68207e-28	3.55007e-27	5.83793e-26	7.37526e-25	7.06511e-24	4.98172e-23	2.35037e-22	6.21318e-22	1.33445e-21	2.58325e-21	2.89659e-21	1.85508e-21	8.71475e-22	3.66455e-22	9.90763e-23	1.75343e-23	2.10717e-24	1.79324e-25	1.12517e-26	5.38647e-28	2.02243e-29	6.08725e-31	1.4944e-32	3.03373e-34	5.14863e-36	7.36839e-38	8.95316e-40	9.28493e-42	8.2502e-44	6.29772e-46	4.13604e-48	2.33789e-50	1.13647e-52	4.74124e-55	1.69175e-57	5.13665e-60	1.31775e-62	2.82858e-65	5.01332e-68	7.20357e-71	8.17565e-74	7.04985e-77	4.33803e-80	1.69611e-83	3.1654e-87	0	0	0	0	0	0	0	0	0	0	0	0	0	0	0	0	0	0	0	0	0	0	0	0	0	0	0	0	0	0	0	0	0	0	0	
0	8.24729e-66	4.0566e-63	1.67228e-60	5.83491e-58	1.73577e-55	4.42553e-53	9.70599e-51	1.83529e-48	2.99523e-46	4.219e-44	5.12364e-42	5.35322e-40	4.79654e-38	3.66962e-36	2.38366e-34	1.30534e-32	5.97437e-31	2.26143e-29	6.99179e-28	1.74044e-26	3.43351e-25	5.28401e-24	6.2566e-23	5.62583e-22	3.72987e-21	1.66694e-20	4.31508e-20	8.98777e-20	1.66053e-19	1.84963e-19	1.21953e-19	5.98398e-20	2.57368e-20	7.22587e-21	1.34812e-21	1.72526e-22	1.57166e-23	1.05807e-24	5.43991e-26	2.19451e-27	7.0988e-29	1.8736e-30	4.09122e-32	7.47398e-34	1.15253e-35	1.51093e-37	1.69337e-39	1.62941e-41	1.35027e-43	9.65591e-46	5.96437e-48	3.18199e-50	1.46448e-52	5.8009e-55	1.97024e-57	5.70742e-60	1.39985e-62	2.87833e-65	4.89539e-68	6.76087e-71	7.38623e-74	6.13946e-77	3.64631e-80	1.37769e-83	2.48741e-87	0	0	0	0	0	0	0	0	0	0	0	0	0	0	0	0	0	0	0	0	0	0	0	0	0	0	0	0	0	0	0	0	0	0	
0	3.88115e-63	1.67228e-60	6.11093e-58	1.90806e-55	5.1185e-53	1.18426e-50	2.36933e-48	4.10477e-46	6.16029e-44	8.00383e-42	8.98867e-40	8.70334e-38	7.23956e-36	5.14914e-34	3.11298e-32	1.58801e-30	6.77495e-29	2.39167e-27	6.89909e-26	1.60303e-24	2.95369e-23	4.24953e-22	4.71002e-21	3.96986e-20	2.47168e-19	1.04572e-18	2.64731e-18	5.34817e-18	9.43751e-18	1.04401e-17	7.08866e-18	3.6289e-18	1.59771e-18	4.665e-19	9.18545e-20	1.2532e-20	1.22344e-21	8.84635e-23	4.88884e-24	2.12028e-25	7.3737e-27	2.09241e-28	4.91342e-30	9.65672e-32	1.60314e-33	2.26479e-35	2.73878e-37	2.84818e-39	2.55606e-41	1.98441e-43	1.33471e-45	7.78147e-48	3.93059e-50	1.71761e-52	6.47618e-55	2.09857e-57	5.81215e-60	1.36553e-62	2.69433e-65	4.40444e-68	5.85532e-71	6.16622e-74	4.94693e-77	2.83917e-80	1.03779e-83	1.81461e-87	0	0	0	0	0	0	0	0	0	0	0	0	0	0	0	0	0	0	0	0	0	0	0	0	0	0	0	0	0	0	0	0	0	
0	1.52768e-60	5.83491e-58	1.90806e-55	5.37241e-53	1.30782e-50	2.76027e-48	5.05964e-46	8.06044e-44	1.11577e-41	1.34054e-39	1.39509e-37	1.25391e-35	9.69554e-34	6.41715e-32	3.61312e-30	1.71754e-28	6.83067e-27	2.24831e-25	6.04783e-24	1.3106e-22	2.25299e-21	3.02617e-20	3.13471e-19	2.47242e-18	1.44343e-17	5.77622e-17	1.42793e-16	2.79818e-16	4.72052e-16	5.18514e-16	3.62587e-16	1.93438e-16	8.72648e-17	2.65413e-17	5.52315e-18	8.04479e-19	8.42896e-20	6.55511e-21	3.89853e-22	1.81942e-23	6.80702e-25	2.07753e-26	5.24657e-28	1.10909e-29	1.98115e-31	3.01341e-33	3.92722e-35	4.407e-37	4.27463e-39	3.59408e-41	2.62448e-43	1.66614e-45	9.19721e-48	4.41101e-50	1.83481e-52	6.60038e-55	2.04487e-57	5.42506e-60	1.22309e-62	2.31952e-65	3.6499e-68	4.67722e-71	4.75404e-74	3.6856e-77	2.04636e-80	7.24393e-84	1.22787e-87	0	0	0	0	0	0	0	0	0	0	0	0	0	0	0	0	0	0	0	0	0	0	0	0	0	0	0	0	0	0	0	0	
0	5.07839e-58	1.73577e-55	5.1185e-53	1.30782e-50	2.90418e-48	5.61583e-46	9.46568e-44	1.39086e-41	1.7803e-39	1.982e-37	1.91459e-35	1.59949e-33	1.15075e-31	7.09219e-30	3.7202e-28	1.64799e-26	6.10806e-25	1.87348e-23	4.6954e-22	9.47892e-21	1.51804e-19	1.90032e-18	1.83615e-17	1.35245e-16	7.39017e-16	2.79414e-15	6.73355e-15	1.27987e-14	2.06649e-14	2.25349e-14	1.62279e-14	9.01199e-15	4.17038e-15	1.32371e-15	2.91621e-16	4.54278e-17	5.11774e-18	4.28824e-19	2.7489e-20	1.3823e-21	5.56919e-23	1.82942e-24	4.97055e-26	1.13026e-27	2.17191e-29	3.55499e-31	4.98873e-33	6.03354e-35	6.31533e-37	5.73922e-39	4.53888e-41	3.12843e-43	1.88048e-45	9.85609e-48	4.49961e-50	1.78572e-52	6.14163e-55	1.82265e-57	4.64012e-60	1.00548e-62	1.83549e-65	2.78406e-68	3.4434e-71	3.38211e-74	2.53657e-77	1.36393e-80	4.6804e-84	7.69777e-88	0	0	0	0	0	0	0	0	0	0	0	0	0	0	0	0	0	0	0	0	0	0	0	0	0	0	0	0	0	0	0	
0	1.43583e-55	4.42553e-53	1.18426e-50	2.76027e-48	5.61583e-46	9.98557e-44	1.55238e-41	2.10919e-39	2.50161e-37	2.585e-35	2.32085e-33	1.8039e-31	1.20834e-29	6.93685e-28	3.39008e-26	1.39909e-24	4.82987e-23	1.37927e-21	3.21683e-20	6.04038e-19	8.99537e-18	1.04724e-16	9.41622e-16	6.46117e-15	3.29726e-14	1.17621e-13	2.75778e-13	5.08362e-13	7.86649e-13	8.51547e-13	6.31297e-13	3.64529e-13	1.73268e-13	5.75158e-14	1.34423e-14	2.24437e-15	2.72482e-16	2.46543e-17	1.70686e-18	9.26384e-20	4.0248e-21	1.42448e-22	4.16701e-24	1.01968e-25	2.10805e-27	3.7123e-29	5.60645e-31	7.30168e-33	8.23745e-35	8.07855e-37	6.90572e-39	5.15507e-41	3.36428e-43	1.92013e-45	9.57976e-48	4.17263e-50	1.58321e-52	5.21593e-55	1.48537e-57	3.63452e-60	7.58101e-63	1.33397e-65	1.95285e-68	2.33399e-71	2.21773e-74	1.61077e-77	8.39597e-81	2.7955e-84	4.46497e-88	0	0	0	0	0	0	0	0	0	0	0	0	0	0	0	0	0	0	0	0	0	0	0	0	0	0	0	0	0	0	
0	3.47007e-53	9.70599e-51	2.36933e-48	5.05964e-46	9.46568e-44	1.55238e-41	2.23156e-39	2.8094e-37	3.09269e-35	2.97014e-33	2.48084e-31	1.79517e-29	1.11997e-27	5.98917e-26	2.7262e-24	1.04757e-22	3.3653e-21	8.93647e-20	1.93644e-18	3.37555e-17	4.66371e-16	5.03621e-15	4.20192e-14	2.67815e-13	1.27306e-12	4.27725e-12	9.73477e-12	1.73983e-11	2.58438e-11	2.777e-11	2.11818e-11	1.27034e-11	6.2118e-12	2.16166e-12	5.37303e-13	9.64051e-14	1.26484e-14	1.23914e-15	9.28813e-17	5.45263e-18	2.5592e-19	9.77303e-21	3.08142e-22	8.12043e-24	1.80692e-25	3.42383e-27	5.56368e-29	7.79869e-31	9.4747e-33	1.00154e-34	9.23928e-37	7.45505e-39	5.26939e-41	3.26523e-43	1.77395e-45	8.44402e-48	3.51636e-50	1.27803e-52	4.04029e-55	1.10585e-57	2.60459e-60	5.23664e-63	8.89331e-66	1.25806e-68	1.45457e-71	1.33845e-74	9.42353e-78	4.76587e-81	1.541e-84	2.39215e-88	0	0	0	0	0	0	0	0	0	0	0	0	0	0	0	0	0	0	0	0	0	0	0	0	0	0	0	0	0	
0	7.19269e-51	1.83529e-48	4.10477e-46	8.06044e-44	1.39086e-41	2.10919e-39	2.8094e-37	3.28274e-35	3.35853e-33	3.00062e-31	2.3332e-29	1.57235e-27	9.13668e-26	4.55009e-24	1.92795e-22	6.89153e-21	2.05756e-19	5.07237e-18	1.01914e-16	1.64521e-15	2.10289e-14	2.0997e-13	1.62004e-12	9.55762e-12	4.2187e-11	1.33218e-10	2.93529e-10	5.08388e-10	7.26278e-10	7.74713e-10	6.07443e-10	3.77967e-10	1.90494e-10	6.9687e-11	1.84768e-11	3.57395e-12	5.08431e-13	5.41112e-14	4.4047e-15	2.80439e-16	1.42517e-17	5.88322e-19	2.00231e-20	5.689e-22	1.36355e-23	2.78129e-25	4.86352e-27	7.33575e-29	9.59255e-31	1.09201e-32	1.08584e-34	9.45536e-37	7.22399e-39	4.84822e-41	2.85972e-43	1.48228e-45	6.74564e-48	2.69079e-50	9.38427e-53	2.85132e-55	7.512e-58	1.70538e-60	3.30917e-63	5.43046e-66	7.43138e-69	8.32055e-72	7.42163e-75	5.06984e-78	2.48992e-81	7.82466e-85	1.18144e-88	0	0	0	0	0	0	0	0	0	0	0	0	0	0	0	0	0	0	0	0	0	0	0	0	0	0	0	0	
0	1.28117e-48	2.99523e-46	6.16029e-44	1.11577e-41	1.7803e-39	2.50161e-37	3.09269e-35	3.35853e-33	3.19653e-31	2.65857e-29	1.92513e-27	1.20827e-25	6.53775e-24	3.03022e-22	1.19409e-20	3.96543e-19	1.0985e-17	2.50884e-16	4.66209e-15	6.94905e-14	8.1891e-13	7.53145e-12	5.35154e-11	2.91024e-10	1.18841e-09	3.51804e-09	7.4808e-09	1.25474e-08	1.72763e-08	1.82971e-08	1.47297e-08	9.49943e-09	4.94591e-09	1.90811e-09	5.41599e-10	1.1337e-10	1.75589e-11	2.03827e-12	1.80852e-13	1.25289e-14	6.91339e-16	3.09231e-17	1.13822e-18	3.49189e-20	9.02533e-22	1.98325e-23	3.7336e-25	6.06046e-27	8.52806e-29	1.04496e-30	1.11901e-32	1.05032e-34	8.66004e-37	6.28219e-39	4.01329e-41	2.25847e-43	1.11918e-45	4.87861e-48	1.86731e-50	6.25897e-53	1.83047e-55	4.64823e-58	1.01843e-60	1.90952e-63	3.03127e-66	4.01697e-69	4.35964e-72	3.77286e-75	2.50276e-78	1.1946e-81	3.65133e-85	5.36623e-89	0	0	0	0	0	0	0	0	0	0	0	0	0	0	0	0	0	0	0	0	0	0	0	0	0	0	0	
0	1.96238e-46	4.219e-44	8.00383e-42	1.34054e-39	1.982e-37	2.585e-35	2.97014e-33	3.00062e-31	2.65857e-29	2.05912e-27	1.38863e-25	8.11499e-24	4.08621e-22	1.76108e-20	6.44568e-19	1.98532e-17	5.09211e-16	1.07463e-14	1.84124e-13	2.52482e-12	2.73176e-11	2.30339e-10	1.49981e-09	7.48065e-09	2.81363e-08	7.7839e-08	1.5914e-07	2.58232e-07	3.43507e-07	3.61315e-07	2.9817e-07	1.99135e-07	1.07407e-07	4.38617e-08	1.3385e-08	3.04612e-09	5.16164e-10	6.56711e-11	6.38011e-12	4.82864e-13	2.90302e-14	1.41107e-15	5.6307e-17	1.86884e-18	5.21678e-20	1.23638e-21	2.50775e-23	4.38265e-25	6.63717e-27	8.75179e-29	1.00878e-30	1.01971e-32	9.06242e-35	7.09461e-37	4.89886e-39	2.98571e-41	1.60631e-43	7.62442e-46	3.18901e-48	1.17309e-50	3.78459e-53	1.0668e-55	2.61438e-58	5.53471e-61	1.00383e-63	1.54309e-66	1.98209e-69	2.08707e-72	1.75387e-75	1.13069e-78	5.24912e-82	1.56162e-85	2.23542e-89	0	0	0	0	0	0	0	0	0	0	0	0	0	0	0	0	0	0	0	0	0	0	0	0	0	0	
0	2.58352e-44	5.12364e-42	8.98867e-40	1.39509e-37	1.91459e-35	2.32085e-33	2.48084e-31	2.3332e-29	1.92513e-27	1.38863e-25	8.71924e-24	4.74163e-22	2.2199e-20	8.88491e-19	3.01536e-17	8.59578e-16	2.03597e-14	3.95775e-13	6.2287e-12	7.82285e-11	7.73162e-10	5.94315e-09	3.52479e-08	1.60274e-07	5.52323e-07	1.42255e-06	2.7838e-06	4.36387e-06	5.62265e-06	5.87619e-06	4.96167e-06	3.42935e-06	1.92279e-06	8.34759e-07	2.75293e-07	6.84949e-08	1.2774e-08	1.79189e-09	1.91666e-10	1.59245e-11	1.04753e-12	5.55285e-14	2.40929e-15	8.67225e-17	2.61965e-18	6.70638e-20	1.46723e-21	2.76286e-23	4.50499e-25	6.39315e-27	7.93007e-29	8.62807e-31	8.25787e-33	6.96805e-35	5.19229e-37	3.42039e-39	1.99287e-41	1.02692e-43	4.67685e-46	1.87993e-48	6.65582e-51	2.06955e-53	5.62972e-56	1.33304e-58	2.72977e-61	4.79409e-64	7.14299e-67	8.90139e-70	9.10119e-73	7.43268e-76	4.66035e-79	2.10575e-82	6.10166e-86	8.51276e-90	0	0	0	0	0	0	0	0	0	0	0	0	0	0	0	0	0	0	0	0	0	0	0	0	0	
0	2.9187e-42	5.35322e-40	8.70334e-38	1.25391e-35	1.59949e-33	1.8039e-31	1.79517e-29	1.57235e-27	1.20827e-25	8.11499e-24	4.74163e-22	2.39738e-20	1.04225e-18	3.86747e-17	1.21448e-15	3.1958e-14	6.96771e-13	1.24279e-11	1.78831e-10	2.04601e-09	1.8357e-08	1.27749e-07	6.85026e-07	2.81888e-06	8.84423e-06	2.1109e-05	3.93259e-05	5.94344e-05	7.4367e-05	7.72632e-05	6.66115e-05	4.76349e-05	2.78841e-05	1.29351e-05	4.63884e-06	1.27047e-06	2.62678e-07	4.09215e-08	4.85171e-09	4.45174e-10	3.22055e-11	1.8699e-12	8.85376e-14	3.46661e-15	1.13595e-16	3.1474e-18	7.43869e-20	1.51097e-21	2.65464e-23	4.05613e-25	5.41468e-27	6.33959e-29	6.53064e-31	5.93428e-33	4.766e-35	3.38791e-37	2.13344e-39	1.19053e-41	5.88595e-44	2.57602e-46	9.96556e-49	3.4004e-51	1.02031e-53	2.68159e-56	6.14168e-59	1.21777e-61	2.07287e-64	2.99622e-67	3.62545e-70	3.60223e-73	2.86106e-76	1.74595e-79	7.68341e-83	2.1698e-86	2.95219e-90	0	0	0	0	0	0	0	0	0	0	0	0	0	0	0	0	0	0	0	0	0	0	0	0	
0	2.82169e-40	4.79654e-38	7.23956e-36	9.69554e-34	1.15075e-31	1.20834e-29	1.11997e-27	9.13668e-26	6.53775e-24	4.08621e-22	2.2199e-20	1.04225e-18	4.20069e-17	1.44213e-15	4.17937e-14	1.01192e-12	2.02295e-11	3.29518e-10	4.31095e-09	4.46321e-08	3.6074e-07	2.25336e-06	1.08254e-05	3.99526e-05	0.000113259	0.000249081	0.000438895	0.000637683	0.000776704	0.000802699	0.000705093	0.000521903	0.000320687	0.000159914	6.28364e-05	1.91022e-05	4.41793e-06	7.71234e-07	1.02199e-07	1.04323e-08	8.35229e-10	5.33982e-11	2.77134e-12	1.18465e-13	4.22368e-15	1.26966e-16	3.24795e-18	7.12711e-20	1.35069e-21	2.22365e-23	3.19592e-25	4.0268e-27	4.46355e-29	4.36522e-31	3.77514e-33	2.89216e-35	1.96518e-37	1.18517e-39	6.345e-42	3.01438e-44	1.26961e-46	4.73331e-49	1.55846e-51	4.51777e-54	1.14841e-56	2.54663e-59	4.89381e-62	8.08089e-65	1.1341e-67	1.33348e-70	1.2885e-73	9.95983e-77	5.91932e-80	2.53864e-83	6.99116e-87	9.28146e-91	0	0	0	0	0	0	0	0	0	0	0	0	0	0	0	0	0	0	0	0	0	0	0	
0	2.32506e-38	3.66962e-36	5.14914e-34	6.41715e-32	7.09219e-30	6.93685e-28	5.98917e-26	4.55009e-24	3.03022e-22	1.76108e-20	8.88491e-19	3.86747e-17	1.44213e-15	4.56874e-14	1.21805e-12	2.70309e-11	4.93138e-10	7.29379e-09	8.61581e-08	8.00593e-07	5.77375e-06	3.2026e-05	0.000136275	0.000446093	0.00113218	0.00227831	0.0037674	0.00524125	0.00622496	0.00640327	0.0057204	0.00438897	0.00284998	0.00153857	0.000668489	0.000227907	5.962e-05	1.17938e-05	1.76495e-06	2.02256e-07	1.80593e-08	1.27955e-09	7.31812e-11	3.43042e-12	1.33559e-13	4.36883e-15	1.21257e-16	2.87993e-18	5.89592e-20	1.04695e-21	1.62115e-23	2.19896e-25	2.62287e-27	2.75987e-29	2.56857e-31	2.11877e-33	1.55145e-35	1.00951e-37	5.84039e-40	3.00434e-42	1.37347e-44	5.57444e-47	2.00524e-49	6.37812e-52	1.78816e-54	4.40073e-57	9.45728e-60	1.7629e-62	2.8262e-65	3.85404e-68	4.40672e-71	4.14381e-74	3.11931e-77	1.8066e-80	7.55526e-84	2.03011e-87	2.63123e-91	0	0	0	0	0	0	0	0	0	0	0	0	0	0	0	0	0	0	0	0	0	0	
0	1.62426e-36	2.38366e-34	3.11298e-32	3.61312e-30	3.7202e-28	3.39008e-26	2.7262e-24	1.92795e-22	1.19409e-20	6.44568e-19	3.01536e-17	1.21448e-15	4.17937e-14	1.21805e-12	2.97604e-11	6.02492e-10	9.97324e-09	1.33005e-07	1.40656e-06	1.16108e-05	7.38183e-05	0.000358675	0.00133243	0.00381596	0.00857698	0.0156592	0.0240805	0.0319042	0.0369599	0.0378576	0.0343661	0.0274136	0.0189651	0.0111758	0.00542777	0.00210177	0.000630577	0.000143353	2.45457e-05	3.19383e-06	3.21091e-07	2.54126e-08	1.6121e-09	8.33118e-11	3.55766e-12	1.27088e-13	3.83822e-15	9.88988e-17	2.19122e-18	4.20274e-20	7.01841e-22	1.02552e-23	1.31667e-25	1.49064e-27	1.49247e-29	1.3247e-31	1.0443e-33	7.32185e-36	4.56983e-38	2.54004e-40	1.25721e-42	5.53793e-45	2.1685e-47	7.53494e-50	2.31767e-52	6.29031e-55	1.50013e-57	3.12692e-60	5.65856e-63	8.81395e-66	1.16874e-68	1.30038e-71	1.19074e-74	8.73431e-78	4.93242e-81	2.01252e-84	5.27904e-88	6.68308e-92	0	0	0	0	0	0	0	0	0	0	0	0	0	0	0	0	0	0	0	0	0	
0	9.55475e-35	1.30534e-32	1.58801e-30	1.71754e-28	1.64799e-26	1.39909e-24	1.04757e-22	6.89153e-21	3.96543e-19	1.98532e-17	8.59578e-16	3.1958e-14	1.01192e-12	2.70309e-11	6.02492e-10	1.10647e-08	1.65037e-07	1.96757e-06	1.84318e-05	0.000133427	0.000736407	0.00308005	0.00980845	0.0241698	0.0475241	0.0779589	0.11044	0.138425	0.156088	0.1592	0.146998	0.122511	0.0910832	0.0591122	0.0324837	0.0145064	0.00507808	0.00135059	0.000269026	4.03202e-05	4.61872e-06	4.12312e-07	2.92418e-08	1.67678e-09	7.89476e-11	3.09305e-12	1.02001e-13	2.85936e-15	6.87169e-17	1.42609e-18	2.5718e-20	4.05196e-22	5.60305e-24	6.82668e-26	7.35271e-28	7.01968e-30	5.95352e-32	4.49319e-34	3.0213e-36	1.81143e-38	9.68645e-41	4.61896e-43	1.96272e-45	7.42289e-48	2.49397e-50	7.42544e-53	1.9527e-55	4.5164e-58	9.13828e-61	1.60658e-63	2.43308e-66	3.13918e-69	3.4009e-72	3.03427e-75	2.16999e-78	1.19549e-81	4.76139e-85	1.21982e-88	1.50901e-92	0	0	0	0	0	0	0	0	0	0	0	0	0	0	0	0	0	0	0	0	
0	4.69299e-33	5.97437e-31	6.77495e-29	6.83067e-27	6.10806e-25	4.82987e-23	3.3653e-21	2.05756e-19	1.0985e-17	5.09211e-16	2.03597e-14	6.96771e-13	2.02295e-11	4.93138e-10	9.97324e-09	1.65037e-07	2.19957e-06	2.31968e-05	0.000189964	0.00118627	0.00557224	0.0196176	0.0523553	0.108953	0.185267	0.270697	0.351044	0.41412	0.452427	0.45915	0.432746	0.378801	0.304328	0.219096	0.137704	0.0721116	0.0300617	0.00956536	0.00226408	0.000398042	5.27335e-05	5.37376e-06	4.30187e-07	2.75827e-08	1.44081e-09	6.22228e-11	2.24975e-12	6.88404e-14	1.79926e-15	4.04884e-17	7.89799e-19	1.34337e-20	2.0024e-22	2.62692e-24	3.04414e-26	3.12561e-28	2.85069e-30	2.31414e-32	1.67465e-34	1.0815e-36	6.23705e-39	3.21261e-41	1.47755e-43	6.06304e-46	2.21685e-48	7.20856e-51	2.07927e-53	5.3023e-56	1.19028e-58	2.33944e-61	3.99839e-64	5.89117e-67	7.4e-70	7.81037e-73	6.79319e-76	4.73897e-79	2.54818e-82	9.91099e-86	2.48088e-89	3.00022e-93	0	0	0	0	0	0	0	0	0	0	0	0	0	0	0	0	0	0	0	
0	1.90485e-31	2.26143e-29	2.39167e-27	2.24831e-25	1.87348e-23	1.37927e-21	8.93647e-20	5.07237e-18	2.50884e-16	1.07463e-14	3.95775e-13	1.24279e-11	3.29518e-10	7.29379e-09	1.33005e-07	1.96757e-06	2.31968e-05	0.000213635	0.00150439	0.00793695	0.0309381	0.0891719	0.194511	0.336844	0.493984	0.643621	0.76888	0.858701	0.90783	0.916112	0.883282	0.809663	0.697551	0.555605	0.399433	0.248089	0.125695	0.049119	0.0141875	0.00299425	0.000467428	5.51813e-05	5.04436e-06	3.64983e-07	2.13071e-08	1.02025e-09	4.0636e-11	1.36245e-12	3.88474e-14	9.5021e-16	2.00882e-17	3.69415e-19	5.94203e-21	8.3995e-23	1.04766e-24	1.15697e-26	1.13449e-28	9.90072e-31	7.70436e-33	5.35329e-35	3.3246e-37	1.84638e-39	9.17077e-42	4.0722e-44	1.61517e-46	5.71439e-49	1.79982e-51	5.03328e-54	1.24552e-56	2.71551e-59	5.1877e-62	8.62454e-65	1.23694e-67	1.51347e-70	1.55699e-73	1.32076e-76	8.99138e-80	4.72068e-83	1.79372e-86	4.38861e-90	5.18998e-94	0	0	0	0	0	0	0	0	0	0	0	0	0	0	0	0	0	0	
0	6.31068e-30	6.99179e-28	6.89909e-26	6.04783e-24	4.6954e-22	3.21683e-20	1.93644e-18	1.01914e-16	4.66209e-15	1.84124e-13	6.2287e-12	1.78831e-10	4.31095e-09	8.61581e-08	1.40656e-06	1.84318e-05	0.000189964	0.00150439	0.00892747	0.0387798	0.121677	0.278842	0.489581	0.712597	0.924336	1.1067	1.25326	1.35919	1.4137	1.42224	1.38735	1.30163	1.1692	1.00169	0.799295	0.579647	0.358739	0.176144	0.0639921	0.0166754	0.00313841	0.00043692	4.62402e-05	3.81604e-06	2.51065e-07	1.34183e-08	5.91871e-10	2.18368e-11	6.81565e-13	1.81708e-14	4.17228e-16	8.30944e-18	1.44412e-19	2.20155e-21	2.95721e-23	3.51329e-25	3.70356e-27	3.47343e-29	2.90456e-31	2.16937e-33	1.44903e-35	8.66317e-38	4.63792e-40	2.22337e-42	9.53992e-45	3.6603e-47	1.25399e-49	3.82823e-52	1.03861e-54	2.49551e-57	5.28703e-60	9.82241e-63	1.58918e-65	2.21962e-68	2.64651e-71	2.65476e-74	2.19715e-77	1.46014e-80	7.48757e-84	2.78021e-87	6.6504e-91	7.69284e-95	0	0	0	0	0	0	0	0	0	0	0	0	0	0	0	0	0	
0	1.68207e-28	1.74044e-26	1.60303e-24	1.3106e-22	9.47892e-21	6.04038e-19	3.37555e-17	1.64521e-15	6.94905e-14	2.52482e-12	7.82285e-11	2.04601e-09	4.46321e-08	8.00593e-07	1.16108e-05	0.000133427	0.00118627	0.00793695	0.0387798	0.134749	0.330609	0.596031	0.870031	1.13599	1.37972	1.5907	1.75094	1.86372	1.928	1.93886	1.89589	1.8014	1.66043	1.46991	1.23607	0.978811	0.706215	0.432074	0.201816	0.0668784	0.0155732	0.0026092	0.000324686	3.09269e-05	2.31429e-06	1.39051e-07	6.83116e-09	2.78591e-10	9.55268e-12	2.78385e-13	6.95827e-15	1.50343e-16	2.82682e-18	4.65197e-20	6.73341e-22	8.60837e-24	9.75553e-26	9.82959e-28	8.82805e-30	7.08146e-32	5.0816e-34	3.2659e-36	1.8813e-38	9.71645e-41	4.49898e-43	1.86657e-45	6.93207e-48	2.30097e-50	6.81206e-53	1.7938e-55	4.18669e-58	8.62276e-61	1.55845e-63	2.45462e-66	3.33972e-69	3.88145e-72	3.79743e-75	3.06698e-78	1.99006e-81	9.96899e-85	3.61776e-88	8.46178e-92	9.57515e-96	0	0	0	0	0	0	0	0	0	0	0	0	0	0	0	0	
0	3.55007e-27	3.43351e-25	2.95369e-23	2.25299e-21	1.51804e-19	8.99537e-18	4.66371e-16	2.10289e-14	8.1891e-13	2.73176e-11	7.73162e-10	1.8357e-08	3.6074e-07	5.77375e-06	7.38183e-05	0.000736407	0.00557224	0.0309381	0.121677	0.330609	0.632884	0.949726	1.27278	1.581	1.84257	2.04916	2.20371	2.30159	2.34781	2.35489	2.32583	2.24949	2.11765	1.9315	1.69292	1.39913	1.0792	0.758328	0.445121	0.190439	0.0561218	0.0115417	0.00171498	0.000190776	1.63842e-05	1.11443e-06	6.13084e-08	2.77558e-09	1.04908e-10	3.3506e-12	9.13526e-14	2.14467e-15	4.36767e-17	7.76488e-19	1.21163e-20	1.66715e-22	2.03084e-24	2.19756e-26	2.11836e-28	1.82338e-30	1.40408e-32	9.68689e-35	5.99391e-37	3.32853e-39	1.65927e-41	7.4238e-44	2.97934e-46	1.07135e-48	3.44647e-51	9.89732e-54	2.53014e-56	5.73734e-59	1.14888e-61	2.02026e-64	3.09794e-67	4.10622e-70	4.65185e-73	4.43879e-76	3.49832e-79	2.21621e-82	1.08443e-85	3.8459e-89	8.79467e-93	9.73386e-97	0	0	0	0	0	0	0	0	0	0	0	0	0	0	0	
0	5.83793e-26	5.28401e-24	4.24953e-22	3.02617e-20	1.90032e-18	1.04724e-16	5.03621e-15	2.0997e-13	7.53145e-12	2.30339e-10	5.94315e-09	1.27749e-07	2.25336e-06	3.2026e-05	0.000358675	0.00308005	0.0196176	0.0891719	0.278842	0.596031	0.949726	1.32268	1.68241	1.9844	2.23334	2.41602	2.52932	2.59846	2.63421	2.64011	2.61685	2.56102	2.46802	2.31602	2.08977	1.8098	1.47268	1.09588	0.735905	0.394099	0.147496	0.0376508	0.00675167	0.000884679	8.77779e-05	6.79336e-06	4.20132e-07	2.11771e-08	8.84275e-10	3.1004e-11	9.23155e-13	2.35677e-14	5.2009e-16	9.99032e-18	1.68038e-19	2.4876e-21	3.25539e-23	3.78007e-25	3.90707e-27	3.60423e-29	2.97397e-31	2.19881e-33	1.45865e-35	8.69026e-38	4.65239e-40	2.23845e-42	9.67694e-45	3.75623e-47	1.30767e-49	4.07626e-52	1.13524e-54	2.8167e-57	6.20373e-60	1.20744e-62	2.06507e-65	3.08183e-68	3.97777e-71	4.39064e-74	4.08415e-77	3.13943e-80	1.94072e-83	9.27065e-87	3.21106e-90	7.17448e-94	7.76151e-98	0	0	0	0	0	0	0	0	0	0	0	0	0	0	
0	7.37526e-25	6.2566e-23	4.71002e-21	3.13471e-19	1.83615e-17	9.41622e-16	4.20192e-14	1.62004e-12	5.35154e-11	1.49981e-09	3.52479e-08	6.85026e-07	1.08254e-05	0.000136275	0.00133243	0.00980845	0.0523553	0.194511	0.489581	0.870031	1.27278	1.68241	2.03361	2.32452	2.52075	2.63723	2.70186	2.72537	2.72596	2.725	2.72711	2.71567	2.66792	2.57565	2.41386	2.16144	1.82789	1.44009	1.02851	0.638337	0.294302	0.0925268	0.0200034	0.00308897	0.000354312	3.12125e-05	2.17021e-06	1.21772e-07	5.61499e-09	2.15982e-10	7.01741e-12	1.94623e-13	4.64873e-15	9.63596e-17	1.74461e-18	2.77436e-20	3.89378e-22	4.84289e-24	5.35654e-26	5.28445e-28	4.66154e-30	3.68431e-32	2.61327e-34	1.6655e-36	9.54545e-39	4.92196e-41	2.28349e-43	9.52867e-46	3.57367e-48	1.20315e-50	3.63006e-53	9.79296e-56	2.35538e-58	5.03233e-61	9.50735e-64	1.57932e-66	2.29051e-69	2.87465e-72	3.08683e-75	2.79467e-78	2.09178e-81	1.25963e-84	5.86372e-88	1.97994e-91	4.31402e-95	4.55264e-99	0	0	0	0	0	0	0	0	0	0	0	0	0	
0	7.06511e-24	5.62583e-22	3.96986e-20	2.47242e-18	1.35245e-16	6.46117e-15	2.67815e-13	9.55762e-12	2.91024e-10	7.48065e-09	1.60274e-07	2.81888e-06	3.99526e-05	0.000446093	0.00381596	0.0241698	0.108953	0.336844	0.712597	1.13599	1.581	1.9844	2.32452	2.5534	2.67322	2.70651	2.65552	2.56404	2.49265	2.4793	2.53032	2.62046	2.69437	2.69721	2.61372	2.42734	2.12933	1.75329	1.31113	0.881095	0.475214	0.179315	0.0460654	0.00830058	0.00109206	0.000108778	8.45335e-06	5.25193e-07	2.66107e-08	1.11776e-09	3.94547e-11	1.18373e-12	3.0478e-14	6.78984e-16	1.31798e-17	2.24259e-19	3.36217e-21	4.46118e-23	5.25889e-25	5.5254e-27	5.18862e-29	4.36467e-31	3.29515e-33	2.23593e-35	1.36513e-37	7.50467e-40	3.71605e-42	1.65733e-44	6.65472e-47	2.40372e-49	7.80038e-52	2.27016e-54	5.91152e-57	1.37327e-59	2.83542e-62	5.17941e-65	8.32265e-68	1.16807e-70	1.41914e-73	1.47568e-76	1.2941e-79	9.38436e-83	5.47601e-86	2.47053e-89	8.08546e-93	1.70763e-96	1.74678e-100	0	0	0	0	0	0	0	0	0	0	0	0	
0	4.98172e-23	3.72987e-21	2.47168e-19	1.44343e-17	7.39017e-16	3.29726e-14	1.27306e-12	4.2187e-11	1.18841e-09	2.81363e-08	5.52323e-07	8.84423e-06	0.000113259	0.00113218	0.00857698	0.0475241	0.185267	0.493984	0.924336	1.37972	1.84257	2.23334	2.52075	2.67322	2.69489	2.57037	2.3599	2.15935	2.03385	2.01198	2.09793	2.27412	2.49107	2.66028	2.69839	2.59748	2.36872	2.00744	1.57101	1.10463	0.65937	0.287944	0.0859325	0.0177728	0.00264605	0.000294526	2.53113e-05	1.72431e-06	9.51361e-08	4.32665e-09	1.64574e-10	5.29984e-12	1.45988e-13	3.46981e-15	7.16912e-17	1.2959e-18	2.06069e-20	2.89628e-22	3.61263e-24	4.01309e-26	3.98193e-28	3.53798e-30	2.82073e-32	2.02134e-34	1.30361e-36	7.57339e-39	3.96559e-41	1.87193e-43	7.96462e-46	3.05278e-48	1.05309e-50	3.26488e-53	9.07988e-56	2.25967e-58	5.01675e-61	9.89798e-64	1.72727e-66	2.65043e-69	3.55026e-72	4.1138e-75	4.07617e-78	3.40248e-81	2.3455e-84	1.29904e-87	5.55229e-91	1.71777e-94	3.42066e-98	3.28916e-102	0	0	0	0	0	0	0	0	0	0	0	
0	2.35037e-22	1.66694e-20	1.04572e-18	5.77622e-17	2.79414e-15	1.17621e-13	4.27725e-12	1.33218e-10	3.51804e-09	7.7839e-08	1.42255e-06	2.1109e-05	0.000249081	0.00227831	0.0156592	0.0779589	0.270697	0.643621	1.1067	1.5907	2.04916	2.41602	2.63723	2.70651	2.57037	2.27497	1.94849	1.6862	1.53329	1.50722	1.61054	1.83258	2.14172	2.46431	2.67659	2.68675	2.5233	2.20818	1.78219	1.29582	0.825135	0.400813	0.134869	0.031327	0.00519154	0.000637349	5.99221e-05	4.43496e-06	2.64291e-07	1.29184e-08	5.2593e-10	1.80634e-11	5.29062e-13	1.33359e-14	2.91569e-16	5.56636e-18	9.33285e-20	1.38111e-21	1.81161e-23	2.11408e-25	2.2017e-27	2.05175e-29	1.71465e-31	1.28734e-33	8.69539e-36	5.28945e-38	2.89967e-40	1.43297e-42	6.3833e-45	2.56201e-47	9.25704e-50	3.00715e-52	8.76705e-55	2.28852e-57	5.33297e-60	1.10531e-62	2.02812e-65	3.27578e-68	4.62442e-71	5.65512e-74	5.9229e-77	5.23523e-80	3.82919e-83	2.25533e-86	1.02777e-89	3.40016e-93	7.26455e-97	7.52347e-101	0	0	0	0	0	0	0	0	0	0	0	
0	6.21318e-22	4.31508e-20	2.64731e-18	1.42793e-16	6.73355e-15	2.75778e-13	9.73477e-12	2.93529e-10	7.4808e-09	1.5914e-07	2.7838e-06	3.93259e-05	0.000438895	0.0037674	0.0240805	0.11044	0.351044	0.76888	1.25326	1.75094	2.20371	2.52932	2.70186	2.65552	2.3599	1.94849	1.56016	1.26689	1.0996	1.07125	1.18386	1.42917	1.7851	2.20011	2.56211	2.71667	2.61796	2.3505	1.94288	1.4531	0.959941	0.500435	0.183971	0.0467657	0.00844906	0.00112537	0.000114273	9.09859e-06	5.81337e-07	3.03784e-08	1.31895e-09	4.82093e-11	1.50001e-12	4.01063e-14	9.2893e-16	1.87678e-17	3.32732e-19	5.20318e-21	7.20894e-23	8.88325e-25	9.76803e-27	9.61173e-29	8.48377e-31	6.73016e-33	4.80621e-35	3.09353e-37	1.79623e-39	9.41356e-42	4.4536e-44	1.90176e-46	7.32575e-49	2.54324e-51	7.9463e-54	2.23037e-56	5.61022e-59	1.26084e-61	2.52218e-64	4.46997e-67	6.97815e-70	9.52738e-73	1.12748e-75	1.14339e-78	9.79076e-82	6.941e-85	3.96425e-88	1.75255e-91	5.62695e-95	1.16721e-98	1.17402e-102	0	0	0	0	0	0	0	0	0	0	
0	1.33445e-21	8.98777e-20	5.34817e-18	2.79818e-16	1.27987e-14	5.08362e-13	1.73983e-11	5.08388e-10	1.25474e-08	2.58232e-07	4.36387e-06	5.94344e-05	0.000637683	0.00524125	0.0319042	0.138425	0.41412	0.858701	1.35919	1.86372	2.30159	2.59846	2.72537	2.56404	2.15935	1.6862	1.26689	0.956642	0.780676	0.750897	0.86924	1.12789	1.50786	1.96949	2.42218	2.70002	2.67517	2.43366	2.05696	1.55871	1.05636	0.57659	0.224158	0.0605199	0.0116279	0.00164569	0.000177181	1.49141e-05	1.00413e-06	5.51106e-08	2.50506e-09	9.55731e-11	3.09532e-12	8.5926e-14	2.06154e-15	4.30534e-17	7.87504e-19	1.26838e-20	1.80718e-22	2.28691e-24	2.5792e-26	2.60007e-28	2.34871e-30	1.90511e-32	1.3899e-34	9.13243e-37	5.40931e-39	2.89006e-41	1.39311e-43	6.05794e-46	2.37524e-48	8.38955e-51	2.66588e-53	7.60709e-56	1.94467e-58	4.44038e-61	9.02224e-64	1.62373e-66	2.5735e-69	3.56652e-72	4.2834e-75	4.40773e-78	3.82926e-81	2.75388e-84	1.59536e-87	7.15324e-91	2.32918e-94	4.89944e-98	4.99713e-102	0	0	0	0	0	0	0	0	0	0	
0	2.58325e-21	1.66053e-19	9.43751e-18	4.72052e-16	2.06649e-14	7.86649e-13	2.58438e-11	7.26278e-10	1.72763e-08	3.43507e-07	5.62265e-06	7.4367e-05	0.000776704	0.00622496	0.0369599	0.156088	0.452427	0.90783	1.4137	1.928	2.34781	2.63421	2.72596	2.49265	2.03385	1.53329	1.0996	0.780676	0.600062	0.569506	0.69095	0.956602	1.34821	1.8305	2.3251	2.67244	2.70448	2.4751	2.11809	1.61602	1.11426	0.620337	0.247762	0.0692018	0.0137868	0.00202063	0.000224585	1.9445e-05	1.34184e-06	7.52407e-08	3.48439e-09	1.35114e-10	4.43858e-12	1.24766e-13	3.02668e-15	6.38341e-17	1.17792e-18	1.91223e-20	2.74403e-22	3.49498e-24	3.96495e-26	4.01864e-28	3.64817e-30	2.97268e-32	2.17795e-34	1.43667e-36	8.54084e-39	4.57879e-41	2.21422e-43	9.65758e-46	3.79736e-48	1.34486e-50	4.28432e-53	1.22548e-55	3.13999e-58	7.18538e-61	1.46301e-63	2.63823e-66	4.18939e-69	5.81657e-72	6.99801e-75	7.21333e-78	6.27688e-81	4.52122e-84	2.62319e-87	1.17791e-90	3.84088e-94	8.09047e-98	8.26283e-102	0	0	0	0	0	0	0	0	0	0	
0	2.89659e-21	1.84963e-19	1.04401e-17	5.18514e-16	2.25349e-14	8.51547e-13	2.777e-11	7.74713e-10	1.82971e-08	3.61315e-07	5.87619e-06	7.72632e-05	0.000802699	0.00640327	0.0378576	0.1592	0.45915	0.916112	1.42224	1.93886	2.35489	2.64011	2.725	2.4793	2.01198	1.50722	1.07125	0.750897	0.569506	0.53882	0.660783	0.927598	1.32108	1.80655	2.30753	2.66624	2.70913	2.48221	2.12812	1.62609	1.12446	0.627602	0.251742	0.0707313	0.0141809	0.00209068	0.000233575	2.03123e-05	1.40689e-06	7.91334e-08	3.67426e-09	1.42792e-10	4.69972e-12	1.32321e-13	3.21447e-15	6.7878e-17	1.25389e-18	2.03749e-20	2.92625e-22	3.72988e-24	4.23431e-26	4.29428e-28	3.90057e-30	3.17995e-32	2.33089e-34	1.53821e-36	9.14807e-39	4.90611e-41	2.37331e-43	1.03547e-45	4.07267e-48	1.44276e-50	4.59738e-53	1.31535e-55	3.37102e-58	7.71573e-61	1.57132e-63	2.83409e-66	4.50125e-69	6.25065e-72	7.52153e-75	7.75421e-78	6.74858e-81	4.86171e-84	2.82115e-87	1.26697e-90	4.13183e-94	8.70444e-98	8.89097e-102	0	0	0	0	0	0	0	0	0	0	
0	1.85508e-21	1.21953e-19	7.08866e-18	3.62587e-16	1.62279e-14	6.31297e-13	2.11818e-11	6.07443e-10	1.47297e-08	2.9817e-07	4.96167e-06	6.66115e-05	0.000705093	0.0057204	0.0343661	0.146998	0.432746	0.883282	1.38735	1.89589	2.32583	2.61685	2.72711	2.53032	2.09793	1.61054	1.18386	0.86924	0.69095	0.660783	0.780674	1.04283	1.42869	1.90093	2.37516	2.68783	2.69003	2.45435	2.08761	1.58702	1.08482	0.598354	0.23579	0.0647255	0.0126593	0.00182312	0.000199475	1.70363e-05	1.16189e-06	6.4497e-08	2.96116e-09	1.13973e-10	3.72008e-12	1.03985e-13	2.51019e-15	5.27126e-17	9.68973e-19	1.56766e-20	2.24269e-22	2.84855e-24	3.22353e-26	3.25975e-28	2.9531e-30	2.40173e-32	1.75655e-34	1.15682e-36	6.86683e-39	3.67619e-41	1.77542e-43	7.73425e-46	3.03763e-48	1.07464e-50	3.41998e-53	9.77307e-56	2.50183e-58	5.7201e-61	1.16371e-63	2.09686e-66	3.32723e-69	4.61623e-72	5.55007e-75	5.71708e-78	4.97174e-81	3.57896e-84	2.07528e-87	9.31355e-91	3.03527e-94	6.39016e-98	6.52299e-102	0	0	0	0	0	0	0	0	0	0	
0	8.71475e-22	5.98398e-20	3.6289e-18	1.93438e-16	9.01199e-15	3.64529e-13	1.27034e-11	3.77967e-10	9.49943e-09	1.99135e-07	3.42935e-06	4.76349e-05	0.000521903	0.00438897	0.0274136	0.122511	0.378801	0.809663	1.30163	1.8014	2.24949	2.56102	2.71567	2.62046	2.27412	1.83258	1.42917	1.12789	0.956602	0.927598	1.04283	1.29433	1.66168	2.09925	2.50431	2.71377	2.64457	2.3896	1.99473	1.50118	1.00264	0.534283	0.201609	0.0526473	0.00977116	0.00133655	0.000139297	1.13751e-05	7.4474e-07	3.98403e-08	1.76904e-09	6.60647e-11	2.09822e-12	5.72126e-14	1.35025e-15	2.77749e-17	5.00978e-19	7.96487e-21	1.12122e-22	1.40298e-24	1.56571e-26	1.56285e-28	1.39869e-30	1.12459e-32	8.13664e-35	5.3042e-37	3.11827e-39	1.65412e-41	7.91902e-44	3.42106e-46	1.33293e-48	4.67958e-51	1.47833e-53	4.19471e-56	1.0665e-58	2.42237e-61	4.89675e-64	8.76887e-67	1.38308e-69	1.90773e-72	2.28066e-75	2.33631e-78	2.02077e-81	1.44701e-84	8.34739e-88	3.72728e-91	1.20871e-94	2.53236e-98	2.57268e-102	0	0	0	0	0	0	0	0	0	0	
0	3.66455e-22	2.57368e-20	1.59771e-18	8.72648e-17	4.17038e-15	1.73268e-13	6.2118e-12	1.90494e-10	4.94591e-09	1.07407e-07	1.92279e-06	2.78841e-05	0.000320687	0.00284998	0.0189651	0.0910832	0.304328	0.697551	1.1692	1.66043	2.11765	2.46802	2.66792	2.69437	2.49107	2.14172	1.7851	1.50786	1.34821	1.32108	1.42869	1.66168	1.99326	2.3597	2.6389	2.70633	2.56694	2.2731	1.85205	1.36456	0.883468	0.442709	0.154902	0.0374216	0.00643232	0.000816356	7.90988e-05	6.0169e-06	3.67667e-07	1.83911e-08	7.64919e-10	2.68005e-11	7.9976e-13	2.05169e-14	4.56095e-16	8.84609e-18	1.50573e-19	2.2607e-21	3.00695e-23	3.55652e-25	3.75255e-27	3.54169e-29	2.99679e-31	2.27757e-33	1.557e-35	9.5848e-38	5.31701e-40	2.65889e-42	1.19863e-44	4.86913e-47	1.78101e-49	5.85872e-52	1.73035e-54	4.57829e-57	1.08215e-59	2.277e-62	4.24656e-65	6.98194e-68	1.00529e-70	1.25714e-73	1.35126e-76	1.23189e-79	9.36145e-83	5.79287e-86	2.82488e-89	1.03406e-92	2.62661e-96	4.00061e-100	2.55691e-104	0	0	0	0	0	0	0	0	0	0	
0	9.90763e-23	7.22587e-21	4.665e-19	2.65413e-17	1.32371e-15	5.75158e-14	2.16166e-12	6.9687e-11	1.90811e-09	4.38617e-08	8.34759e-07	1.29351e-05	0.000159914	0.00153857	0.0111758	0.0591122	0.219096	0.555605	1.00169	1.46991	1.9315	2.31602	2.57565	2.69721	2.66028	2.46431	2.20011	1.96949	1.8305	1.80655	1.90093	2.09925	2.3597	2.59736	2.70437	2.64093	2.43963	2.09395	1.66185	1.18445	0.728617	0.333709	0.104796	0.0227245	0.00352925	0.000407828	3.6237e-05	2.54355e-06	1.44181e-07	6.72055e-09	2.6147e-10	8.59775e-12	2.41468e-13	5.8442e-15	1.22826e-16	2.2563e-18	3.64321e-20	5.19584e-22	6.57233e-24	7.39991e-26	7.43871e-28	6.69342e-30	5.40259e-32	3.91839e-34	2.5571e-36	1.50295e-38	7.96083e-41	3.80101e-43	1.63573e-45	6.34125e-48	2.21255e-50	6.93868e-53	1.9522e-55	4.9158e-58	1.10451e-60	2.20601e-63	3.89828e-66	6.05968e-69	8.22643e-72	9.66592e-75	9.71787e-78	8.23663e-81	5.77023e-84	3.25096e-87	1.41513e-90	4.46491e-94	9.08198e-98	8.93733e-102	0	0	0	0	0	0	0	0	0	0	0	
0	1.75343e-23	1.34812e-21	9.18545e-20	5.52315e-18	2.91621e-16	1.34423e-14	5.37303e-13	1.84768e-11	5.41599e-10	1.3385e-08	2.75293e-07	4.63884e-06	6.28364e-05	0.000668489	0.00542777	0.0324837	0.137704	0.399433	0.799295	1.23607	1.69292	2.08977	2.41386	2.61372	2.69839	2.67659	2.56211	2.42218	2.3251	2.30753	2.37516	2.50431	2.6389	2.70437	2.6587	2.50706	2.23519	1.86199	1.41921	0.974054	0.550194	0.220967	0.0603443	0.0114769	0.00158186	0.000164012	1.31981e-05	8.45523e-07	4.40266e-08	1.89524e-09	6.8405e-11	2.09461e-12	5.49573e-14	1.24601e-15	2.45877e-17	4.24915e-19	6.46517e-21	8.70029e-23	1.03959e-24	1.10668e-26	1.05253e-28	8.96471e-31	6.85114e-33	4.70524e-35	2.90733e-37	1.61748e-39	8.10574e-42	3.65909e-44	1.48741e-46	5.44047e-49	1.78846e-51	5.27519e-54	1.39303e-56	3.28423e-59	6.88862e-62	1.27987e-64	2.09507e-67	3.00151e-70	3.73241e-73	3.9867e-76	3.60928e-79	2.72168e-82	1.66982e-85	8.06544e-89	2.92057e-92	7.32484e-96	1.09789e-99	6.84849e-104	0	0	0	0	0	0	0	0	0	0	0	
0	2.10717e-24	1.72526e-22	1.2532e-20	8.04479e-19	4.54278e-17	2.24437e-15	9.64051e-14	3.57395e-12	1.1337e-10	3.04612e-09	6.84949e-08	1.27047e-06	1.91022e-05	0.000227907	0.00210177	0.0145064	0.0721116	0.248089	0.579647	0.978811	1.39913	1.8098	2.16144	2.42734	2.59748	2.68675	2.71667	2.70002	2.67244	2.66624	2.68783	2.71377	2.70633	2.64093	2.50706	2.28017	1.95425	1.57228	1.14377	0.736374	0.364366	0.123599	0.0285742	0.00466884	0.000561591	5.15176e-05	3.7099e-06	2.14686e-07	1.01755e-08	4.01255e-10	1.33368e-11	3.77741e-13	9.20132e-15	1.94281e-16	3.57974e-18	5.78912e-20	8.25771e-22	1.04336e-23	1.17195e-25	1.17388e-27	1.05123e-29	8.43456e-32	6.07382e-34	3.9307e-36	2.2882e-38	1.19889e-40	5.65468e-43	2.40045e-45	9.16597e-48	3.14498e-50	9.6821e-53	2.66909e-55	6.57174e-58	1.44048e-60	2.79955e-63	4.8001e-66	7.21617e-69	9.43901e-72	1.06398e-74	1.02101e-77	8.21015e-81	5.41709e-84	2.84875e-87	1.14446e-90	3.28436e-94	5.95932e-98	5.0911e-102	0	0	0	0	0	0	0	0	0	0	0	0	
0	1.79324e-25	1.57166e-23	1.22344e-21	8.42896e-20	5.11774e-18	2.72482e-16	1.26484e-14	5.08431e-13	1.75589e-11	5.16164e-10	1.2774e-08	2.62678e-07	4.41793e-06	5.962e-05	0.000630577	0.00507808	0.0300617	0.125695	0.358739	0.706215	1.0792	1.47268	1.82789	2.12933	2.36872	2.5233	2.61796	2.67517	2.70448	2.70913	2.69003	2.64457	2.56694	2.43963	2.23519	1.95425	1.62205	1.23478	0.852579	0.490388	0.200405	0.0554255	0.0106344	0.00147465	0.00015352	1.23849e-05	7.94375e-07	4.13651e-08	1.77887e-09	6.40773e-11	1.95635e-12	5.11328e-14	1.15382e-15	2.26407e-17	3.88725e-19	5.87082e-21	7.83491e-23	9.27555e-25	9.77361e-27	9.19168e-29	7.73339e-31	5.83176e-33	3.94755e-35	2.40119e-37	1.31341e-39	6.46233e-42	2.86001e-44	1.13798e-46	4.0673e-49	1.30406e-51	3.74374e-54	9.60024e-57	2.19226e-59	4.44088e-62	7.94223e-65	1.24666e-67	1.70493e-70	2.01289e-73	2.02778e-76	1.71691e-79	1.19747e-82	6.69101e-86	2.87592e-89	8.91415e-93	1.77056e-96	1.68904e-100	0	0	0	0	0	0	0	0	0	0	0	0	0	
0	1.12517e-26	1.05807e-24	8.84635e-23	6.55511e-21	4.28824e-19	2.46543e-17	1.23914e-15	5.41112e-14	2.03827e-12	6.56711e-11	1.79189e-09	4.09215e-08	7.71234e-07	1.17938e-05	0.000143353	0.00135059	0.00956536	0.049119	0.176144	0.432074	0.758328	1.09588	1.44009	1.75329	2.00744	2.20818	2.3505	2.43366	2.4751	2.48221	2.45435	2.3896	2.2731	2.09395	1.86199	1.57228	1.23478	0.891446	0.561283	0.263948	0.0851752	0.0189477	0.00300966	0.000354463	3.19889e-05	2.27306e-06	1.3004e-07	6.10017e-09	2.38223e-10	7.84328e-12	2.20044e-13	5.30814e-15	1.10953e-16	2.02285e-18	3.23496e-20	4.56003e-22	5.68935e-24	6.30516e-26	6.22549e-28	5.49014e-30	4.33331e-32	3.06612e-34	1.94727e-36	1.11094e-38	5.69613e-41	2.6249e-43	1.08677e-45	4.03943e-48	1.34623e-50	4.01592e-53	1.06983e-55	2.53761e-58	5.33953e-61	9.92063e-64	1.61821e-66	2.30081e-69	2.82596e-72	2.96429e-75	2.61636e-78	1.90501e-81	1.1133e-84	5.01654e-88	1.63493e-91	3.42739e-95	3.46762e-99	0	0	0	0	0	0	0	0	0	0	0	0	0	0	
0	5.38647e-28	5.43991e-26	4.88884e-24	3.89853e-22	2.7489e-20	1.70686e-18	9.28813e-17	4.4047e-15	1.80852e-13	6.38011e-12	1.91666e-10	4.85171e-09	1.02199e-07	1.76495e-06	2.45457e-05	0.000269026	0.00226408	0.0141875	0.0639921	0.201816	0.445121	0.735905	1.02851	1.31113	1.57101	1.78219	1.94288	2.05696	2.11809	2.12812	2.08761	1.99473	1.85205	1.66185	1.41921	1.14377	0.852579	0.561283	0.288491	0.10516	0.0266841	0.0048204	0.000640687	6.46733e-05	5.09628e-06	3.20797e-07	1.64429e-08	6.97316e-10	2.47972e-11	7.47827e-13	1.93104e-14	4.30448e-16	8.34132e-18	1.41365e-19	2.10612e-21	2.77068e-23	3.23065e-25	3.3496e-27	3.09646e-29	2.55782e-31	1.8914e-33	1.25371e-35	7.45628e-38	3.98113e-40	1.90861e-42	8.21387e-45	3.17102e-47	1.09692e-49	3.39437e-52	9.37534e-55	2.3047e-57	5.02414e-60	9.66851e-63	1.63323e-65	2.40466e-68	3.05855e-71	3.32282e-74	3.0383e-77	2.2927e-80	1.38934e-83	6.4961e-87	2.19882e-90	4.79273e-94	5.04878e-98	0	0	0	0	0	0	0	0	0	0	0	0	0	0	0	
0	2.02243e-29	2.19451e-27	2.12028e-25	1.81942e-23	1.3823e-21	9.26384e-20	5.45263e-18	2.80439e-16	1.25289e-14	4.82864e-13	1.59245e-11	4.45174e-10	1.04323e-08	2.02256e-07	3.19383e-06	4.03202e-05	0.000398042	0.00299425	0.0166754	0.0668784	0.190439	0.394099	0.638337	0.881095	1.10463	1.29582	1.4531	1.55871	1.61602	1.62609	1.58702	1.50118	1.36456	1.18445	0.974054	0.736374	0.490388	0.263948	0.10516	0.0298894	0.00609292	0.000912045	0.00010307	9.02715e-06	6.26963e-07	3.52144e-08	1.62626e-09	6.26248e-11	2.03495e-12	5.63658e-14	1.34243e-15	2.76953e-17	4.98115e-19	7.85317e-21	1.09043e-22	1.33888e-24	1.45869e-26	1.41423e-28	1.22307e-30	9.45358e-33	6.54047e-35	4.0547e-37	2.25392e-39	1.12373e-41	5.02418e-44	2.0132e-46	7.22214e-49	2.31591e-51	6.624e-54	1.68518e-56	3.79976e-59	7.55967e-62	1.31964e-64	2.00711e-67	2.63641e-70	2.95722e-73	2.79136e-76	2.1742e-79	1.35993e-82	6.5636e-86	2.2936e-89	5.16237e-93	5.61735e-97	0	0	0	0	0	0	0	0	0	0	0	0	0	0	0	0	
0	6.08725e-31	7.0988e-29	7.3737e-27	6.80702e-25	5.56919e-23	4.0248e-21	2.5592e-19	1.42517e-17	6.91339e-16	2.90302e-14	1.04753e-12	3.22055e-11	8.35229e-10	1.80593e-08	3.21091e-07	4.61872e-06	5.27335e-05	0.000467428	0.00313841	0.0155732	0.0561218	0.147496	0.294302	0.475214	0.65937	0.825135	0.959941	1.05636	1.11426	1.12446	1.08482	1.00264	0.883468	0.728617	0.550194	0.364366	0.200405	0.0851752	0.0266841	0.00609292	0.00102567	0.000130001	1.26974e-05	9.76861e-07	6.03656e-08	3.04752e-09	1.27535e-10	4.4797e-12	1.33488e-13	3.40551e-15	7.49704e-17	1.43386e-18	2.39641e-20	3.5175e-22	4.55399e-24	5.2195e-26	5.31238e-28	4.81385e-30	3.89181e-32	2.81178e-34	1.81765e-36	1.05216e-38	5.4558e-41	2.53405e-43	1.05374e-45	3.91911e-48	1.30175e-50	3.85348e-53	1.01386e-55	2.36255e-58	4.85449e-61	8.74701e-64	1.37248e-66	1.85897e-69	2.14923e-72	2.09019e-75	1.67686e-78	1.07998e-81	5.36588e-85	1.92989e-88	4.47012e-92	5.00516e-96	0	0	0	0	0	0	0	0	0	0	0	0	0	0	0	0	0	
0	1.4944e-32	1.8736e-30	2.09241e-28	2.07753e-26	1.82942e-24	1.42448e-22	9.77303e-21	5.88322e-19	3.09231e-17	1.41107e-15	5.55285e-14	1.8699e-12	5.33982e-11	1.27955e-09	2.54126e-08	4.12312e-07	5.37376e-06	5.51813e-05	0.00043692	0.0026092	0.0115417	0.0376508	0.0925268	0.179315	0.287944	0.400813	0.500435	0.57659	0.620337	0.627602	0.598354	0.534283	0.442709	0.333709	0.220967	0.123599	0.0554255	0.0189477	0.0048204	0.000912045	0.000130001	1.42223e-05	1.21818e-06	8.32471e-08	4.61675e-09	2.10914e-10	8.04111e-12	2.58724e-13	7.09368e-15	1.67126e-16	3.40783e-18	6.05164e-20	9.40916e-22	1.28679e-23	1.55398e-25	1.66268e-27	1.58055e-29	1.33793e-31	1.01034e-33	6.81552e-36	4.11085e-38	2.21807e-40	1.07065e-42	4.62144e-45	1.78226e-47	6.1322e-50	1.87863e-52	5.11081e-55	1.23046e-57	2.61024e-60	4.85229e-63	7.84992e-66	1.09558e-68	1.30444e-71	1.30581e-74	1.0778e-77	7.13879e-81	3.64621e-84	1.34764e-87	3.20672e-91	3.68756e-95	0	0	0	0	0	0	0	0	0	0	0	0	0	0	0	0	0	0	
