0	0	0	0	0	0	0	0	0	0	0	0	0	0	0	0	0	0	0	0	0	0	0	0	0	0	0	0	0	0	0	0	0	0	0	0	0	0	0	0	0	0	0	0	0	0	0	0	0	0	0	0	0	0	0	0	0	0	0	0	0	0	0	0	0	0	0	0	0	0	0	0	0	0	0	0	0	0	0	0	0	0	0	0	0	0	0	0	0	0	0	0	0	0	0	0	0	0	0	0	
0	0.00332453	0.00564825	0.00641846	0.00694155	0.00981802	0.0161592	0.021638	0.0235798	0.0224786	0.0249786	0.0303966	0.0334122	0.029899	0.0205476	0.0109641	-0.00095118	-0.0124146	-0.0204042	-0.0204941	-0.0106387	0.00547734	0.0276979	0.0518783	0.0762132	0.100908	0.125558	0.148948	0.169432	0.180317	0.177482	0.156888	0.122568	0.075381	0.0181026	-0.0442944	-0.106603	-0.167707	-0.22139	-0.260725	-0.277491	-0.275228	-0.253559	-0.21612	-0.172412	-0.12637	-0.0799706	-0.0394826	-0.00493461	0.0254373	0.0547383	0.0823835	0.104126	0.117137	0.11995	0.113199	0.101133	0.0856221	0.0675395	0.0483845	0.0323869	0.0205562	0.0127102	0.00930712	0.00696983	0.00238355	-0.00156427	-0.0056828	-0.00755463	-0.00729369	-0.00840953	-0.00719778	-0.00307558	0.0020725	0.00443177	0.00637796	0.00798889	0.0115706	0.0173285	0.0221421	0.0306101	0.0384013	0.0418066	0.0396849	0.0291206	0.00895153	-0.0200096	-0.0531638	-0.0879631	-0.11917	-0.140751	-0.152477	-0.153734	-0.143717	-0.124871	-0.100512	-0.0760168	-0.0506203	-0.0227611	0	
0	0.00564825	0.00936949	0.0099395	0.0101313	0.0151238	0.026537	0.0373559	0.0397112	0.0386492	0.042206	0.0545841	0.0603792	0.0546593	0.0378714	0.0194612	-0.00133316	-0.0228494	-0.0365587	-0.0344276	-0.0137845	0.0199991	0.065102	0.112262	0.160669	0.206642	0.25195	0.294184	0.327492	0.343661	0.331441	0.286522	0.216316	0.125502	0.016321	-0.0972561	-0.210376	-0.319551	-0.417002	-0.486945	-0.519744	-0.516538	-0.478464	-0.412558	-0.333896	-0.248667	-0.163981	-0.0895813	-0.0225293	0.0337546	0.0898945	0.144622	0.188178	0.212596	0.220777	0.21354	0.197757	0.174151	0.1429	0.106624	0.0765197	0.0509937	0.030865	0.0186953	0.0124672	0.00521411	-0.000973979	-0.00420178	-0.00498687	-0.00133521	-0.00448067	-0.00573178	-0.000737669	0.00399549	0.00683488	0.009019	0.0140617	0.0258794	0.0384609	0.0479838	0.0614048	0.0730084	0.0751324	0.063105	0.0365567	-0.00454159	-0.05831	-0.117619	-0.180109	-0.23519	-0.270295	-0.287556	-0.288036	-0.265914	-0.228528	-0.185782	-0.139874	-0.0919505	-0.0433139	0	
0	0.00641846	0.0099395	0.00917308	0.00803244	0.0140793	0.0303884	0.0447374	0.0493663	0.0462087	0.0539319	0.0711948	0.0821425	0.074839	0.0513492	0.0273916	-0.00196819	-0.0298124	-0.0469686	-0.0410667	-0.00675539	0.0450383	0.112204	0.182048	0.24862	0.311594	0.369773	0.420356	0.459109	0.470127	0.443682	0.372119	0.269507	0.141315	-0.0049964	-0.156109	-0.301747	-0.443329	-0.569471	-0.664379	-0.708172	-0.709335	-0.665192	-0.581834	-0.480952	-0.370084	-0.253762	-0.148772	-0.057339	0.0232333	0.101212	0.175446	0.235381	0.2752	0.292685	0.290628	0.278954	0.258598	0.227208	0.184744	0.141532	0.100796	0.0660459	0.0433163	0.0284235	0.0139678	0.00735818	0.00468135	0.00797765	0.0131371	0.00781643	0.00281148	0.00295717	0.0070394	0.00821884	0.0139291	0.0243858	0.042956	0.0646727	0.0769761	0.0904684	0.0945748	0.0826118	0.0562977	0.0130708	-0.0462545	-0.118541	-0.193542	-0.267956	-0.332268	-0.373442	-0.393235	-0.391617	-0.364215	-0.316024	-0.255329	-0.194183	-0.129776	-0.0582994	0	
0	0.00694155	0.0101313	0.00803244	0.00557081	0.0133087	0.0333408	0.0531918	0.0582161	0.0575104	0.0673547	0.0938008	0.109746	0.103313	0.0764925	0.0466794	0.0127361	-0.0216906	-0.0417091	-0.0315875	0.0132111	0.0812711	0.16759	0.253458	0.335897	0.407749	0.472341	0.525649	0.559839	0.562332	0.51724	0.420863	0.291026	0.138243	-0.0322214	-0.200528	-0.362493	-0.519698	-0.666274	-0.778606	-0.839382	-0.850262	-0.807765	-0.718083	-0.603279	-0.470446	-0.330997	-0.204528	-0.09031	0.0040908	0.0961564	0.184992	0.256843	0.301154	0.325663	0.333566	0.335076	0.327134	0.303459	0.262064	0.218413	0.17211	0.126347	0.0904789	0.0657049	0.043278	0.0281174	0.0216462	0.0218755	0.0275028	0.0185809	0.00965599	0.0107876	0.0147913	0.019145	0.027316	0.043192	0.0699921	0.0919912	0.0989437	0.102544	0.0939619	0.066102	0.0186327	-0.0430381	-0.114934	-0.19275	-0.267575	-0.342423	-0.406281	-0.443748	-0.462482	-0.464254	-0.436404	-0.386172	-0.324819	-0.254247	-0.173191	-0.0829296	0	
0	0.00981802	0.0151238	0.0140793	0.0133087	0.0241533	0.0509686	0.0753912	0.0852212	0.0846754	0.100734	0.132768	0.154877	0.148193	0.116158	0.0816267	0.0403944	0.000573023	-0.0222787	-0.00929399	0.0468713	0.129498	0.23175	0.333012	0.423423	0.501029	0.564897	0.612892	0.639701	0.628292	0.567134	0.45114	0.303879	0.137263	-0.0416603	-0.216765	-0.382399	-0.548272	-0.70678	-0.836612	-0.910414	-0.933108	-0.896641	-0.803951	-0.680432	-0.535428	-0.378636	-0.235101	-0.112767	-0.0106519	0.0852415	0.17638	0.250494	0.302181	0.331273	0.344989	0.356522	0.36259	0.35466	0.32681	0.290765	0.247254	0.201447	0.162821	0.129382	0.091824	0.0622052	0.0410143	0.0322615	0.0316569	0.0214443	0.0164948	0.0241065	0.0404509	0.053343	0.0679118	0.0838911	0.104548	0.118517	0.10897	0.0930424	0.0615109	0.0106262	-0.0518883	-0.123471	-0.198976	-0.274539	-0.341753	-0.402893	-0.454049	-0.484058	-0.499988	-0.505079	-0.486305	-0.443209	-0.381817	-0.308783	-0.216792	-0.103458	0	
0	0.0161592	0.026537	0.0303884	0.0333408	0.0509686	0.0837953	0.116063	0.128408	0.132097	0.151307	0.190624	0.217017	0.209763	0.17387	0.132557	0.0859649	0.0401787	0.014201	0.0306793	0.0953786	0.191111	0.307564	0.418238	0.516364	0.593098	0.653423	0.693485	0.707837	0.683966	0.606915	0.476333	0.318217	0.146187	-0.0335449	-0.20526	-0.369117	-0.534519	-0.700911	-0.839334	-0.922846	-0.951105	-0.915095	-0.818564	-0.689418	-0.537282	-0.377603	-0.236573	-0.11723	-0.0244788	0.065464	0.154955	0.230077	0.27861	0.309313	0.328408	0.348243	0.365496	0.370252	0.355867	0.335399	0.308909	0.274334	0.239283	0.203813	0.158431	0.113842	0.0770694	0.0555231	0.0494557	0.0398146	0.0413583	0.0622755	0.0903497	0.11183	0.126076	0.134627	0.141664	0.130438	0.0937142	0.0517434	-0.00200158	-0.0693604	-0.145737	-0.223822	-0.298313	-0.364088	-0.414437	-0.459899	-0.494652	-0.507413	-0.512876	-0.514756	-0.495976	-0.457585	-0.403887	-0.333464	-0.237954	-0.116703	0	
0	0.021638	0.0373559	0.0447374	0.0531918	0.0753912	0.116063	0.152955	0.170763	0.176767	0.20161	0.246534	0.277948	0.271383	0.232237	0.186972	0.136241	0.0872583	0.0608769	0.0809839	0.154868	0.261917	0.387889	0.505577	0.60253	0.675095	0.724774	0.752362	0.75352	0.715813	0.627926	0.488787	0.325773	0.155258	-0.020179	-0.185943	-0.342266	-0.504179	-0.667732	-0.805157	-0.885535	-0.908021	-0.8653	-0.764097	-0.633582	-0.487391	-0.340081	-0.215294	-0.11934	-0.0463391	0.0271376	0.107295	0.179564	0.233404	0.266057	0.287696	0.314125	0.341432	0.360483	0.362971	0.361186	0.350752	0.332216	0.311212	0.28457	0.240335	0.191415	0.149328	0.1239	0.114945	0.105136	0.108018	0.130332	0.160852	0.179086	0.181918	0.170729	0.152628	0.115305	0.0489398	-0.021047	-0.0969794	-0.179643	-0.260756	-0.336553	-0.401747	-0.45395	-0.489246	-0.512527	-0.524206	-0.51675	-0.501638	-0.489348	-0.463731	-0.421521	-0.36926	-0.305367	-0.217836	-0.105674	0	
0	0.0235798	0.0397112	0.0493663	0.0582161	0.0852212	0.128408	0.170763	0.191665	0.202759	0.234118	0.286818	0.32673	0.32466	0.288381	0.243747	0.194081	0.146428	0.121693	0.146251	0.225802	0.338864	0.467319	0.581406	0.670427	0.72827	0.762957	0.773982	0.760551	0.713163	0.618422	0.477928	0.318228	0.152945	-0.0121091	-0.167171	-0.313669	-0.462412	-0.615057	-0.739942	-0.805551	-0.813039	-0.759378	-0.652844	-0.528172	-0.398261	-0.276584	-0.183115	-0.118822	-0.075757	-0.0240395	0.0424408	0.10889	0.158737	0.195041	0.225762	0.26258	0.304065	0.339583	0.359806	0.372677	0.381488	0.381184	0.375979	0.364871	0.337147	0.304119	0.273215	0.255727	0.248327	0.234645	0.22642	0.231025	0.23929	0.232281	0.208155	0.170115	0.12397	0.0563383	-0.0347902	-0.125366	-0.217389	-0.307147	-0.387749	-0.455146	-0.506103	-0.536697	-0.544811	-0.544404	-0.532813	-0.501156	-0.465751	-0.433446	-0.390825	-0.339322	-0.284673	-0.229414	-0.161072	-0.0744974	0	
0	0.0224786	0.0386492	0.0462087	0.0575104	0.0846754	0.132097	0.176767	0.202759	0.220417	0.259885	0.323422	0.373628	0.381058	0.352102	0.312345	0.267875	0.223721	0.201587	0.227878	0.307458	0.418384	0.539051	0.64033	0.711182	0.75032	0.765383	0.761771	0.737861	0.685295	0.592041	0.457045	0.303854	0.150047	-0.00357948	-0.144742	-0.273061	-0.403131	-0.533224	-0.634459	-0.68035	-0.670551	-0.605738	-0.501672	-0.387627	-0.278132	-0.185977	-0.125872	-0.0977559	-0.088377	-0.067541	-0.0235948	0.0298448	0.0770661	0.112873	0.149135	0.200365	0.259848	0.314633	0.35257	0.384351	0.407192	0.421765	0.435714	0.448592	0.448233	0.438302	0.430471	0.428698	0.425939	0.404471	0.3733	0.346016	0.316753	0.27092	0.206473	0.131772	0.0569618	-0.0332758	-0.143882	-0.250423	-0.349942	-0.440522	-0.514017	-0.565513	-0.592063	-0.594946	-0.578225	-0.549532	-0.51122	-0.45832	-0.39994	-0.348804	-0.29219	-0.229331	-0.17504	-0.129962	-0.083271	-0.0343877	0	
0	0.0249786	0.042206	0.0539319	0.0673547	0.100734	0.151307	0.20161	0.234118	0.259885	0.310176	0.382959	0.444602	0.460799	0.438971	0.403171	0.360819	0.316892	0.292392	0.313109	0.384205	0.484282	0.588439	0.671302	0.721823	0.741963	0.743769	0.731071	0.70477	0.656162	0.569994	0.446139	0.304922	0.161237	0.0226305	-0.102223	-0.212498	-0.317465	-0.420773	-0.49678	-0.519468	-0.491287	-0.419491	-0.316108	-0.213519	-0.125312	-0.0607647	-0.0308352	-0.0375441	-0.06261	-0.0740746	-0.0590397	-0.0274848	0.00566617	0.0394335	0.0833615	0.14427	0.217603	0.288844	0.344995	0.388598	0.427708	0.462491	0.497486	0.532563	0.556183	0.572301	0.582899	0.592542	0.590163	0.560158	0.510254	0.451192	0.384552	0.298779	0.195993	0.0873425	-0.019498	-0.133716	-0.255743	-0.3681	-0.468964	-0.552576	-0.611803	-0.645514	-0.651845	-0.6288	-0.581896	-0.526977	-0.465689	-0.392378	-0.318662	-0.251601	-0.182663	-0.114467	-0.0596917	-0.0273666	-0.0068653	0.00766442	0	
0	0.0303966	0.0545841	0.0711948	0.0938008	0.132768	0.190624	0.246534	0.286818	0.323422	0.382959	0.466154	0.536233	0.560625	0.54407	0.508453	0.463204	0.412915	0.376652	0.381934	0.432477	0.510485	0.59127	0.651603	0.68467	0.695099	0.694627	0.688664	0.673906	0.638947	0.568423	0.458641	0.327269	0.194011	0.0665766	-0.0438542	-0.133179	-0.214951	-0.291713	-0.342671	-0.348399	-0.308664	-0.22872	-0.127665	-0.0299789	0.0485132	0.0961771	0.100699	0.0636673	0.00399236	-0.0445357	-0.061098	-0.0506155	-0.0294644	-0.00410085	0.0360845	0.100407	0.180855	0.260897	0.328003	0.388995	0.446485	0.500263	0.556324	0.61244	0.656953	0.683621	0.701598	0.712937	0.707173	0.670139	0.60461	0.526722	0.434959	0.321054	0.185826	0.0455673	-0.0854559	-0.217031	-0.347251	-0.458754	-0.547572	-0.614469	-0.65641	-0.670959	-0.658154	-0.619469	-0.561506	-0.491503	-0.411524	-0.321972	-0.230756	-0.14988	-0.0760724	-0.00933914	0.0340688	0.050484	0.0503055	0.0342229	0	
0	0.0334122	0.0603792	0.0821425	0.109746	0.154877	0.217017	0.277948	0.32673	0.373628	0.444602	0.536233	0.614706	0.645927	0.632804	0.593834	0.540574	0.475949	0.421438	0.401304	0.423445	0.473958	0.527741	0.569658	0.591579	0.602242	0.612245	0.6227	0.628314	0.614054	0.562466	0.471026	0.354554	0.233352	0.120182	0.0246495	-0.0505203	-0.116917	-0.17788	-0.217263	-0.214825	-0.165641	-0.0801183	0.0260512	0.126377	0.200966	0.237552	0.227385	0.167465	0.0836702	0.00962723	-0.0316118	-0.0431458	-0.0385005	-0.0234008	0.0104418	0.06837	0.145861	0.230371	0.310704	0.386233	0.461779	0.537767	0.613338	0.682181	0.733861	0.76522	0.781463	0.786331	0.771921	0.726704	0.653535	0.562596	0.45561	0.325891	0.173876	0.0171298	-0.132794	-0.273964	-0.400992	-0.503695	-0.57653	-0.620961	-0.638277	-0.633926	-0.609303	-0.561535	-0.49619	-0.420806	-0.335851	-0.241918	-0.148202	-0.0658418	0.00303974	0.057808	0.0867353	0.0870074	0.0715483	0.0428676	0	
0	0.029899	0.0546593	0.074839	0.103313	0.148193	0.209763	0.271383	0.32466	0.381058	0.460799	0.560625	0.645927	0.684793	0.675059	0.633327	0.568712	0.488624	0.409965	0.361015	0.349512	0.368746	0.397069	0.422921	0.441608	0.461665	0.490203	0.525466	0.556373	0.565256	0.535273	0.463574	0.363955	0.257227	0.158745	0.0763431	0.0119573	-0.0465674	-0.100928	-0.137252	-0.135032	-0.0860616	0.00308304	0.112237	0.217703	0.295936	0.334657	0.319553	0.253872	0.161417	0.0748928	0.0195075	-0.00434129	-0.0140882	-0.0166459	-0.00118027	0.0415334	0.112053	0.195979	0.284204	0.373602	0.465354	0.555333	0.641813	0.717857	0.775817	0.807927	0.821237	0.820468	0.799201	0.74714	0.664338	0.564106	0.446103	0.307203	0.148188	-0.013146	-0.163703	-0.301168	-0.417367	-0.503057	-0.552392	-0.570259	-0.562348	-0.53449	-0.492624	-0.438989	-0.37711	-0.309261	-0.232647	-0.150631	-0.0711905	-0.00300983	0.0459324	0.0778393	0.0873528	0.0759319	0.0571327	0.0307628	0	
0	0.0205476	0.0378714	0.0513492	0.0764925	0.116158	0.17387	0.232237	0.288381	0.352102	0.438971	0.54407	0.632804	0.675059	0.665258	0.613629	0.533169	0.428705	0.323201	0.240759	0.196369	0.188179	0.198015	0.219259	0.245216	0.283794	0.337076	0.397302	0.452749	0.481098	0.470766	0.419516	0.338572	0.248543	0.164233	0.0900994	0.0293574	-0.0325465	-0.0889648	-0.127798	-0.129116	-0.0786831	0.0149271	0.12837	0.239562	0.323891	0.368112	0.362732	0.308015	0.228823	0.149927	0.0946516	0.0612403	0.036587	0.0166451	0.0115954	0.0362896	0.0916513	0.16796	0.255414	0.348677	0.443125	0.536914	0.628013	0.704553	0.763155	0.795334	0.807633	0.801855	0.77426	0.715517	0.626576	0.519725	0.395803	0.257193	0.104968	-0.043722	-0.179935	-0.295119	-0.384273	-0.444752	-0.467145	-0.459995	-0.429128	-0.382324	-0.327798	-0.267188	-0.207551	-0.151216	-0.0954407	-0.0450341	-0.000718591	0.0345304	0.0527613	0.0609828	0.0557588	0.0411186	0.0284673	0.0120107	0	
0	0.0109641	0.0194612	0.0273916	0.0466794	0.0816267	0.132557	0.186972	0.243747	0.312345	0.403171	0.508453	0.593834	0.633327	0.613629	0.545857	0.437317	0.302664	0.161658	0.043672	-0.0349579	-0.0675953	-0.0697856	-0.0455259	-0.00368057	0.0605876	0.142515	0.232489	0.31255	0.363922	0.373728	0.342305	0.278378	0.197056	0.114695	0.038291	-0.0332809	-0.104273	-0.164274	-0.203607	-0.201669	-0.14478	-0.0443066	0.0776342	0.200223	0.297421	0.362061	0.377809	0.348238	0.290884	0.226847	0.176723	0.141911	0.109015	0.0765579	0.0572115	0.0617892	0.0983429	0.154927	0.22736	0.305337	0.386371	0.4715	0.555196	0.626137	0.680552	0.711932	0.720331	0.707819	0.675224	0.612148	0.522422	0.416684	0.295819	0.167977	0.0368893	-0.0831764	-0.185983	-0.261134	-0.306213	-0.326064	-0.315858	-0.282537	-0.234273	-0.177687	-0.118219	-0.0613079	-0.0115701	0.0262587	0.053905	0.0681581	0.068757	0.0647865	0.0516045	0.0364179	0.0232459	0.0125299	0.00737054	4.93512e-05	0	
0	-0.00095118	-0.00133316	-0.00196819	0.0127361	0.0403944	0.0859649	0.136241	0.194081	0.267875	0.360819	0.463204	0.540574	0.568712	0.533169	0.437317	0.294074	0.118468	-0.0611044	-0.218328	-0.328517	-0.382942	-0.390678	-0.357751	-0.294935	-0.202431	-0.0890397	0.0291806	0.138725	0.212314	0.245217	0.233357	0.180849	0.100112	0.0093156	-0.0862102	-0.175058	-0.264077	-0.330973	-0.366989	-0.357621	-0.290097	-0.17208	-0.0315469	0.112477	0.237593	0.33105	0.37536	0.371593	0.33649	0.284508	0.238431	0.202359	0.168466	0.136132	0.107893	0.101609	0.119576	0.151976	0.195206	0.247247	0.302589	0.362222	0.427777	0.481954	0.525686	0.547667	0.547849	0.527412	0.488309	0.422556	0.335149	0.2391	0.133758	0.0310777	-0.0618795	-0.13371	-0.182858	-0.199426	-0.188742	-0.160163	-0.110199	-0.0552526	0.00132288	0.0599438	0.112808	0.158177	0.192278	0.210283	0.213423	0.192186	0.153679	0.114705	0.0700996	0.0341224	0.0116885	0.000732356	-0.000292003	-0.00530211	0	
0	-0.0124146	-0.0228494	-0.0298124	-0.0216906	0.000573023	0.0401787	0.0872583	0.146428	0.223721	0.316892	0.412915	0.475949	0.488624	0.428705	0.302664	0.118468	-0.0969641	-0.315307	-0.505858	-0.644041	-0.714685	-0.725841	-0.683575	-0.601876	-0.484118	-0.344747	-0.196959	-0.0624579	0.0374996	0.0910364	0.0941506	0.0478063	-0.0411107	-0.152715	-0.268415	-0.382167	-0.487108	-0.557359	-0.589173	-0.569389	-0.484668	-0.346548	-0.179144	-0.00151232	0.157059	0.285172	0.356678	0.375529	0.353173	0.307479	0.262874	0.226455	0.192121	0.160192	0.134167	0.119189	0.120408	0.128417	0.146667	0.16784	0.186096	0.213028	0.246604	0.27203	0.289884	0.297453	0.287844	0.257679	0.214976	0.149025	0.0717723	-0.00609193	-0.0850636	-0.145708	-0.180501	-0.187553	-0.171411	-0.12259	-0.0524894	0.0222255	0.101862	0.177647	0.243139	0.298323	0.345322	0.37894	0.397687	0.397217	0.376909	0.331746	0.264977	0.1984	0.1318	0.0729568	0.0327716	0.0128794	0.00460714	-0.00502887	0	
0	-0.0204042	-0.0365587	-0.0469686	-0.0417091	-0.0222787	0.014201	0.0608769	0.121693	0.201587	0.292392	0.376652	0.421438	0.409965	0.323201	0.161658	-0.0611044	-0.315307	-0.564625	-0.782742	-0.940297	-1.02418	-1.03648	-0.986843	-0.889762	-0.752224	-0.588617	-0.418163	-0.257582	-0.138851	-0.0713422	-0.0623227	-0.114112	-0.219792	-0.351978	-0.491489	-0.620242	-0.733958	-0.803562	-0.823759	-0.787967	-0.685617	-0.522139	-0.324254	-0.117551	0.0724895	0.226171	0.316023	0.346654	0.333604	0.293096	0.249254	0.21146	0.177931	0.149064	0.114926	0.0897705	0.0772065	0.066407	0.0579665	0.0505778	0.0370363	0.022829	0.0154109	0.00109554	-0.0132737	-0.0304327	-0.0590702	-0.0992291	-0.144409	-0.203202	-0.260837	-0.305158	-0.338249	-0.342421	-0.307899	-0.239879	-0.152865	-0.0434026	0.0731507	0.184112	0.290508	0.378683	0.45164	0.515792	0.561255	0.584007	0.588141	0.569345	0.532869	0.472174	0.391924	0.315672	0.234955	0.157579	0.0977252	0.0562502	0.028954	0.00608239	0	
0	-0.0204941	-0.0344276	-0.0410667	-0.0315875	-0.00929399	0.0306793	0.0809839	0.146251	0.227878	0.313109	0.381934	0.401304	0.361015	0.240759	0.043672	-0.218328	-0.505858	-0.782742	-1.02096	-1.19509	-1.28979	-1.30377	-1.24869	-1.13752	-0.980225	-0.795169	-0.59993	-0.420693	-0.288506	-0.217925	-0.216438	-0.281916	-0.407304	-0.562871	-0.717574	-0.857843	-0.975419	-1.03761	-1.04231	-0.984441	-0.855315	-0.66316	-0.438402	-0.208846	-0.0049221	0.156076	0.247344	0.282417	0.275344	0.242337	0.205406	0.170169	0.134051	0.0986763	0.0605537	0.0252246	-0.00624802	-0.0412339	-0.0736382	-0.108311	-0.157249	-0.206884	-0.251432	-0.305679	-0.362551	-0.414609	-0.468972	-0.527168	-0.576147	-0.621035	-0.643552	-0.635971	-0.607847	-0.542101	-0.43212	-0.296342	-0.150363	0.00947074	0.165438	0.306092	0.432474	0.53885	0.623247	0.689056	0.735647	0.752078	0.740455	0.704709	0.653013	0.585406	0.505621	0.43299	0.357585	0.274641	0.197192	0.133936	0.0798634	0.0299385	0	
0	-0.0106387	-0.0137845	-0.00675539	0.0132111	0.0468713	0.0953786	0.154868	0.225802	0.307458	0.384205	0.432477	0.423445	0.349512	0.196369	-0.0349579	-0.328517	-0.644041	-0.940297	-1.19509	-1.38354	-1.4904	-1.50998	-1.45157	-1.32779	-1.1513	-0.941812	-0.723922	-0.526693	-0.385614	-0.319631	-0.330028	-0.414197	-0.561665	-0.739111	-0.912129	-1.06481	-1.18435	-1.23968	-1.22242	-1.13546	-0.976489	-0.759156	-0.51517	-0.279469	-0.0754774	0.079934	0.167375	0.200886	0.195879	0.168131	0.133299	0.0957326	0.058974	0.0257402	-0.0192967	-0.0698854	-0.121869	-0.181935	-0.245006	-0.309608	-0.385744	-0.466403	-0.545544	-0.635151	-0.728665	-0.815602	-0.900707	-0.977131	-1.02676	-1.05148	-1.03056	-0.962518	-0.866448	-0.734454	-0.56266	-0.371294	-0.179971	0.0130866	0.197341	0.366801	0.518785	0.642504	0.73883	0.811423	0.849702	0.849604	0.823945	0.775799	0.718081	0.653436	0.580703	0.517519	0.452811	0.376364	0.298338	0.223657	0.147112	0.0677778	0	
0	0.00547734	0.0199991	0.0450383	0.0812711	0.129498	0.191111	0.261917	0.338864	0.418384	0.484282	0.510485	0.473958	0.368746	0.188179	-0.0675953	-0.382942	-0.714685	-1.02418	-1.28979	-1.4904	-1.60927	-1.63236	-1.5688	-1.42841	-1.22875	-0.994772	-0.756526	-0.547223	-0.406045	-0.349378	-0.376892	-0.479501	-0.64677	-0.844609	-1.03679	-1.20263	-1.3282	-1.37856	-1.34381	-1.23207	-1.05179	-0.818923	-0.567938	-0.334852	-0.137731	0.00864196	0.0872329	0.114508	0.107631	0.0783986	0.0405104	-0.00125411	-0.0444847	-0.0870523	-0.139194	-0.198882	-0.268752	-0.352702	-0.440126	-0.529657	-0.630947	-0.737905	-0.842793	-0.960565	-1.0844	-1.19562	-1.29512	-1.37417	-1.41737	-1.41889	-1.35986	-1.24357	-1.09501	-0.913115	-0.694992	-0.468511	-0.249192	-0.0335939	0.169457	0.358403	0.526951	0.662941	0.762589	0.829519	0.861117	0.853077	0.818298	0.768635	0.716524	0.660832	0.59972	0.547509	0.493508	0.426313	0.354219	0.278742	0.192126	0.0948791	0	
0	0.0276979	0.065102	0.112204	0.16759	0.23175	0.307564	0.387889	0.467319	0.539051	0.588439	0.59127	0.527741	0.397069	0.198015	-0.0697856	-0.390678	-0.725841	-1.03648	-1.30377	-1.50998	-1.63236	-1.65389	-1.5783	-1.41758	-1.19482	-0.940698	-0.688298	-0.476629	-0.338747	-0.295429	-0.33952	-0.461396	-0.649033	-0.8721	-1.08638	-1.26993	-1.40171	-1.44797	-1.39817	-1.27051	-1.07993	-0.847555	-0.605505	-0.383695	-0.196957	-0.0606083	0.0135596	0.0376538	0.0255915	-0.00949661	-0.0560221	-0.113193	-0.171369	-0.225266	-0.286397	-0.359224	-0.443981	-0.540218	-0.64135	-0.74414	-0.861495	-0.98946	-1.12035	-1.25904	-1.39574	-1.51157	-1.60286	-1.66556	-1.68731	-1.66375	-1.57766	-1.43236	-1.25756	-1.05295	-0.816362	-0.572829	-0.340082	-0.122684	0.0783707	0.265033	0.429233	0.560434	0.655697	0.716877	0.742157	0.734895	0.709145	0.673039	0.635519	0.595254	0.545578	0.49808	0.454492	0.403327	0.3458	0.284425	0.205668	0.105291	0	
0	0.0518783	0.112262	0.182048	0.253458	0.333012	0.418238	0.505577	0.581406	0.64033	0.671302	0.651603	0.569658	0.422921	0.219259	-0.0455259	-0.357751	-0.683575	-0.986843	-1.24869	-1.45157	-1.5688	-1.5783	-1.48183	-1.29552	-1.04946	-0.777648	-0.519554	-0.309369	-0.181161	-0.154386	-0.219199	-0.365706	-0.58035	-0.828946	-1.06736	-1.26539	-1.39966	-1.44514	-1.39	-1.25891	-1.07367	-0.854692	-0.625364	-0.417922	-0.243004	-0.117389	-0.052533	-0.0401484	-0.060229	-0.101102	-0.15874	-0.229633	-0.30571	-0.379515	-0.456172	-0.537597	-0.625407	-0.723145	-0.825593	-0.935518	-1.05896	-1.19589	-1.33476	-1.47671	-1.61177	-1.71572	-1.78559	-1.81891	-1.81527	-1.76809	-1.66374	-1.50915	-1.33056	-1.1305	-0.904913	-0.674056	-0.454578	-0.253953	-0.0716808	0.0927462	0.230563	0.334429	0.408373	0.460628	0.488436	0.49324	0.484644	0.468091	0.451334	0.431298	0.402453	0.375726	0.350631	0.318012	0.279058	0.23121	0.167897	0.0887639	0	
0	0.0762132	0.160669	0.24862	0.335897	0.423423	0.516364	0.60253	0.670427	0.711182	0.721823	0.68467	0.591579	0.441608	0.245216	-0.00368057	-0.294935	-0.601876	-0.889762	-1.13752	-1.32779	-1.42841	-1.41758	-1.29552	-1.08546	-0.820683	-0.540557	-0.28053	-0.0756942	0.043157	0.0557174	-0.031467	-0.205254	-0.447037	-0.723074	-0.983585	-1.19404	-1.33688	-1.387	-1.3375	-1.2141	-1.03954	-0.833256	-0.621954	-0.430191	-0.271905	-0.165886	-0.1165	-0.117038	-0.146356	-0.198436	-0.267316	-0.355263	-0.449191	-0.537276	-0.6154	-0.693419	-0.781114	-0.878389	-0.982004	-1.0888	-1.20635	-1.33504	-1.46357	-1.58999	-1.70355	-1.78805	-1.8329	-1.83982	-1.81345	-1.74507	-1.62854	-1.47158	-1.3052	-1.13363	-0.948688	-0.76019	-0.580575	-0.4216	-0.280355	-0.154996	-0.0545707	0.0138919	0.0586274	0.0902286	0.115246	0.137332	0.151837	0.161773	0.170765	0.174696	0.173804	0.173785	0.177443	0.175598	0.159004	0.133076	0.0981739	0.0506101	0	
0	0.100908	0.206642	0.311594	0.407749	0.501029	0.593098	0.675095	0.72827	0.75032	0.741963	0.695099	0.602242	0.461665	0.283794	0.0605876	-0.202431	-0.484118	-0.752224	-0.980225	-1.1513	-1.22875	-1.19482	-1.04946	-0.820683	-0.545653	-0.260006	-0.000106906	0.201799	0.315414	0.31379	0.205748	0.00558144	-0.26163	-0.556945	-0.832982	-1.05697	-1.20915	-1.27467	-1.24189	-1.13343	-0.972989	-0.784139	-0.590662	-0.417422	-0.281435	-0.196339	-0.166813	-0.187148	-0.236682	-0.303864	-0.38917	-0.489358	-0.591477	-0.680161	-0.75233	-0.824906	-0.905473	-0.997211	-1.09492	-1.19743	-1.30067	-1.40581	-1.50692	-1.60287	-1.68758	-1.74604	-1.76466	-1.74616	-1.69935	-1.61748	-1.4984	-1.35239	-1.21082	-1.07917	-0.951725	-0.824958	-0.706125	-0.607202	-0.517798	-0.442628	-0.390962	-0.363725	-0.349993	-0.337085	-0.320399	-0.294043	-0.262101	-0.22848	-0.19023	-0.151169	-0.116623	-0.0827975	-0.0486238	-0.0223073	-0.0110826	-0.00818498	-0.00485617	-0.00293666	0	
0	0.125558	0.25195	0.369773	0.472341	0.564897	0.653423	0.724774	0.762957	0.765383	0.743769	0.694627	0.612245	0.490203	0.337076	0.142515	-0.0890397	-0.344747	-0.588617	-0.795169	-0.941812	-0.994772	-0.940698	-0.777648	-0.540557	-0.260006	0.0275517	0.288584	0.492226	0.601461	0.591315	0.467057	0.247827	-0.0328455	-0.337647	-0.625231	-0.861454	-1.03317	-1.12016	-1.10954	-1.01999	-0.87413	-0.70223	-0.530761	-0.381321	-0.270186	-0.212652	-0.207709	-0.255271	-0.325674	-0.412645	-0.510737	-0.616897	-0.719507	-0.806667	-0.8712	-0.930169	-1.0013	-1.08588	-1.175	-1.26056	-1.34001	-1.41821	-1.4913	-1.55752	-1.60892	-1.63557	-1.62185	-1.57387	-1.50855	-1.4214	-1.31248	-1.19243	-1.08603	-1.00072	-0.929525	-0.860521	-0.805331	-0.772185	-0.750594	-0.738623	-0.73508	-0.747476	-0.762913	-0.770039	-0.763695	-0.736673	-0.699403	-0.648853	-0.582832	-0.512985	-0.442572	-0.376709	-0.317971	-0.262109	-0.217128	-0.174236	-0.119352	-0.0618265	0	
0	0.148948	0.294184	0.420356	0.525649	0.612892	0.693485	0.752362	0.773982	0.761771	0.731071	0.688664	0.6227	0.525466	0.397302	0.232489	0.0291806	-0.196959	-0.418163	-0.59993	-0.723922	-0.756526	-0.688298	-0.519554	-0.28053	-0.000106906	0.288584	0.554068	0.76056	0.87021	0.857572	0.725986	0.500951	0.215788	-0.0918594	-0.388772	-0.641967	-0.834733	-0.942407	-0.953524	-0.879505	-0.750241	-0.596852	-0.451717	-0.327124	-0.245394	-0.214543	-0.241233	-0.315816	-0.411757	-0.515249	-0.619656	-0.724608	-0.826833	-0.912391	-0.971368	-1.02632	-1.08841	-1.15821	-1.22691	-1.29299	-1.35159	-1.40551	-1.45283	-1.49059	-1.50704	-1.49793	-1.44817	-1.3702	-1.2875	-1.2008	-1.11333	-1.02563	-0.958584	-0.916416	-0.89267	-0.874875	-0.874141	-0.902624	-0.945289	-0.997131	-1.04971	-1.09641	-1.12997	-1.14939	-1.15125	-1.13074	-1.09492	-1.03897	-0.957283	-0.863296	-0.769182	-0.679479	-0.59703	-0.513578	-0.429581	-0.337111	-0.227784	-0.116444	0	
0	0.169432	0.327492	0.459109	0.559839	0.639701	0.707837	0.75352	0.760551	0.737861	0.70477	0.673906	0.628314	0.556373	0.452749	0.31255	0.138725	-0.0624579	-0.257582	-0.420693	-0.526693	-0.547223	-0.476629	-0.309369	-0.0756942	0.201799	0.492226	0.76056	0.971282	1.08417	1.0737	0.945936	0.721758	0.438118	0.128448	-0.176454	-0.444589	-0.652635	-0.775254	-0.800355	-0.743065	-0.625684	-0.490474	-0.365439	-0.263447	-0.207713	-0.208196	-0.264289	-0.366839	-0.481189	-0.591121	-0.696381	-0.801311	-0.906465	-0.997326	-1.06319	-1.11289	-1.16131	-1.21682	-1.27204	-1.32294	-1.36593	-1.39879	-1.41998	-1.42559	-1.40624	-1.36053	-1.27878	-1.17835	-1.08274	-1.00221	-0.933267	-0.876246	-0.842785	-0.835136	-0.852851	-0.876895	-0.924748	-1.00123	-1.09345	-1.19574	-1.28545	-1.36131	-1.41421	-1.44058	-1.446	-1.42794	-1.39264	-1.3369	-1.25466	-1.15653	-1.05073	-0.943719	-0.839956	-0.726032	-0.605163	-0.471479	-0.317507	-0.162635	0	
0	0.180317	0.343661	0.470127	0.562332	0.628292	0.683966	0.715813	0.713163	0.685295	0.656162	0.638947	0.614054	0.565256	0.481098	0.363922	0.212314	0.0374996	-0.138851	-0.288506	-0.385614	-0.406045	-0.338747	-0.181161	0.043157	0.315414	0.601461	0.87021	1.08417	1.20052	1.20063	1.08012	0.861041	0.576088	0.262943	-0.0497634	-0.325335	-0.541394	-0.667467	-0.700403	-0.647964	-0.537348	-0.407394	-0.293949	-0.210571	-0.179592	-0.202764	-0.283437	-0.399852	-0.518237	-0.631827	-0.738901	-0.846595	-0.960415	-1.06167	-1.1305	-1.17624	-1.21809	-1.26809	-1.31702	-1.36127	-1.39261	-1.40468	-1.39708	-1.37161	-1.31781	-1.2399	-1.13784	-1.02575	-0.92811	-0.854467	-0.80152	-0.764451	-0.752673	-0.772914	-0.818841	-0.878836	-0.965399	-1.07454	-1.19639	-1.32102	-1.42899	-1.51642	-1.57916	-1.61578	-1.62181	-1.59973	-1.55973	-1.50142	-1.42307	-1.33645	-1.23988	-1.12405	-0.999911	-0.860081	-0.705742	-0.542698	-0.366569	-0.188049	0	
0	0.177482	0.331441	0.443682	0.51724	0.567134	0.606915	0.627926	0.618422	0.592041	0.569994	0.568423	0.562466	0.535273	0.470766	0.373728	0.245217	0.0910364	-0.0713422	-0.217925	-0.319631	-0.349378	-0.295429	-0.154386	0.0557174	0.31379	0.591315	0.857572	1.0737	1.20063	1.21083	1.09857	0.879081	0.587246	0.267396	-0.0454335	-0.320832	-0.532521	-0.653664	-0.681803	-0.626534	-0.507512	-0.371341	-0.259445	-0.184168	-0.164502	-0.199228	-0.286087	-0.401573	-0.523612	-0.639399	-0.749562	-0.864455	-0.985641	-1.09005	-1.1668	-1.21917	-1.26429	-1.31829	-1.36974	-1.40947	-1.43173	-1.42439	-1.38755	-1.32938	-1.24698	-1.14816	-1.03516	-0.921943	-0.825334	-0.761862	-0.723199	-0.700055	-0.703223	-0.738542	-0.806501	-0.894459	-1.00576	-1.12927	-1.25551	-1.37878	-1.47869	-1.55594	-1.6137	-1.64607	-1.64993	-1.62583	-1.5784	-1.519	-1.44942	-1.37348	-1.28705	-1.17388	-1.03897	-0.884046	-0.716769	-0.541762	-0.362592	-0.18856	0	
0	0.156888	0.286522	0.372119	0.420863	0.45114	0.476333	0.488787	0.477928	0.457045	0.446139	0.458641	0.471026	0.463574	0.419516	0.342305	0.233357	0.0941506	-0.0623227	-0.216438	-0.330028	-0.376892	-0.33952	-0.219199	-0.031467	0.205748	0.467057	0.725986	0.945936	1.08012	1.09857	0.98916	0.764498	0.46637	0.145968	-0.158979	-0.423147	-0.623348	-0.732632	-0.747183	-0.677098	-0.541204	-0.390768	-0.266762	-0.18783	-0.161974	-0.186125	-0.263884	-0.375953	-0.49755	-0.618431	-0.735805	-0.853452	-0.97608	-1.08879	-1.18096	-1.24596	-1.30264	-1.36791	-1.42664	-1.46695	-1.47981	-1.45148	-1.38823	-1.30695	-1.20629	-1.09109	-0.975435	-0.86868	-0.78058	-0.725946	-0.694533	-0.681175	-0.695344	-0.742351	-0.818338	-0.91792	-1.03878	-1.15676	-1.26606	-1.3638	-1.43619	-1.48858	-1.52576	-1.53965	-1.52794	-1.49752	-1.44936	-1.39027	-1.32428	-1.25638	-1.17801	-1.0699	-0.944059	-0.802585	-0.642993	-0.477419	-0.316173	-0.16238	0	
0	0.122568	0.216316	0.269507	0.291026	0.303879	0.318217	0.325773	0.318228	0.303854	0.304922	0.327269	0.354554	0.363955	0.338572	0.278378	0.180849	0.0478063	-0.114112	-0.281916	-0.414197	-0.479501	-0.461396	-0.365706	-0.205254	0.00558144	0.247827	0.500951	0.721758	0.861041	0.879081	0.764498	0.534441	0.233343	-0.0798336	-0.366025	-0.609601	-0.788675	-0.875402	-0.867382	-0.776387	-0.622296	-0.452794	-0.309345	-0.210562	-0.158489	-0.159667	-0.220616	-0.322299	-0.442699	-0.567164	-0.683109	-0.803256	-0.933011	-1.058	-1.16855	-1.25612	-1.3325	-1.41133	-1.4771	-1.51624	-1.52338	-1.48693	-1.40945	-1.31119	-1.19903	-1.08043	-0.971177	-0.872124	-0.790521	-0.741006	-0.714976	-0.704831	-0.722506	-0.773706	-0.847813	-0.941853	-1.04381	-1.13209	-1.2081	-1.26944	-1.30645	-1.32214	-1.32513	-1.31026	-1.27723	-1.23649	-1.18721	-1.13326	-1.07193	-1.00462	-0.93097	-0.836606	-0.733916	-0.628035	-0.504515	-0.368013	-0.239108	-0.122565	0	
0	0.075381	0.125502	0.141315	0.138243	0.137263	0.146187	0.155258	0.152945	0.150047	0.161237	0.194011	0.233352	0.257227	0.248543	0.197056	0.100112	-0.0411107	-0.219792	-0.407304	-0.561665	-0.64677	-0.649033	-0.58035	-0.447037	-0.26163	-0.0328455	0.215788	0.438118	0.576088	0.587246	0.46637	0.233343	-0.0626737	-0.361438	-0.624549	-0.839004	-0.98802	-1.04622	-1.00966	-0.897395	-0.726236	-0.533975	-0.362245	-0.232573	-0.150324	-0.127105	-0.171335	-0.262132	-0.376305	-0.491563	-0.603198	-0.724014	-0.859273	-1.00057	-1.13863	-1.25198	-1.34492	-1.43199	-1.50225	-1.54339	-1.54939	-1.50876	-1.42529	-1.3277	-1.22229	-1.11175	-1.01007	-0.921401	-0.8476	-0.799768	-0.775509	-0.766652	-0.786057	-0.826089	-0.877158	-0.943002	-1.00555	-1.04846	-1.07382	-1.08779	-1.08497	-1.06378	-1.03074	-0.980009	-0.923358	-0.875921	-0.830303	-0.784209	-0.731651	-0.671812	-0.606787	-0.530032	-0.455386	-0.390159	-0.315627	-0.227385	-0.146676	-0.0773901	0	
0	0.0181026	0.016321	-0.0049964	-0.0322214	-0.0416603	-0.0335449	-0.020179	-0.0121091	-0.00357948	0.0226305	0.0665766	0.120182	0.158745	0.164233	0.114695	0.0093156	-0.152715	-0.351978	-0.562871	-0.739111	-0.844609	-0.8721	-0.828946	-0.723074	-0.556945	-0.337647	-0.0918594	0.128448	0.262943	0.267396	0.145968	-0.0798336	-0.361438	-0.641202	-0.874793	-1.0563	-1.17165	-1.20177	-1.14296	-1.01475	-0.823688	-0.605685	-0.396964	-0.235502	-0.127762	-0.0907583	-0.121137	-0.202706	-0.303432	-0.40879	-0.513665	-0.634017	-0.775297	-0.931321	-1.08647	-1.21887	-1.32913	-1.42422	-1.49608	-1.53379	-1.53472	-1.49481	-1.42039	-1.33375	-1.24378	-1.14934	-1.06446	-0.989564	-0.92483	-0.88094	-0.854195	-0.843036	-0.855374	-0.877228	-0.894246	-0.910074	-0.918217	-0.907044	-0.880313	-0.843554	-0.79132	-0.727443	-0.657956	-0.583669	-0.517086	-0.467519	-0.428678	-0.391673	-0.350853	-0.307925	-0.263056	-0.210869	-0.163889	-0.134351	-0.108078	-0.0779779	-0.0552009	-0.0339603	0	
0	-0.0442944	-0.0972561	-0.156109	-0.200528	-0.216765	-0.20526	-0.185943	-0.167171	-0.144742	-0.102223	-0.0438542	0.0246495	0.0763431	0.0900994	0.038291	-0.0862102	-0.268415	-0.491489	-0.717574	-0.912129	-1.03679	-1.08638	-1.06736	-0.983585	-0.832982	-0.625231	-0.388772	-0.176454	-0.0497634	-0.0454335	-0.158979	-0.366025	-0.624549	-0.874793	-1.07669	-1.21865	-1.30274	-1.31195	-1.23959	-1.09477	-0.888695	-0.640843	-0.403566	-0.217721	-0.0939712	-0.0420903	-0.0600776	-0.128236	-0.220216	-0.322236	-0.426549	-0.547389	-0.688055	-0.847501	-1.00921	-1.15427	-1.2707	-1.36349	-1.43082	-1.46666	-1.46785	-1.43607	-1.37097	-1.29754	-1.2269	-1.15977	-1.09844	-1.04088	-0.990643	-0.948212	-0.919141	-0.89755	-0.892653	-0.887495	-0.866686	-0.837319	-0.789402	-0.724664	-0.645655	-0.55685	-0.462522	-0.365056	-0.269663	-0.182475	-0.11559	-0.0709163	-0.0386796	-0.00795459	0.0243313	0.0482141	0.0633166	0.0814891	0.0947293	0.0895907	0.0733008	0.0535218	0.0277429	0.00536381	0	
0	-0.106603	-0.210376	-0.301747	-0.362493	-0.382399	-0.369117	-0.342266	-0.313669	-0.273061	-0.212498	-0.133179	-0.0505203	0.0119573	0.0293574	-0.0332809	-0.175058	-0.382167	-0.620242	-0.857843	-1.06481	-1.20263	-1.26993	-1.26539	-1.19404	-1.05697	-0.861454	-0.641967	-0.444589	-0.325335	-0.320832	-0.423147	-0.609601	-0.839004	-1.0563	-1.21865	-1.32165	-1.37615	-1.36814	-1.2822	-1.12561	-0.901665	-0.638417	-0.387016	-0.185504	-0.0494156	0.0141761	0.0128133	-0.0446395	-0.132902	-0.231675	-0.337579	-0.458771	-0.599727	-0.756743	-0.913075	-1.05023	-1.1574	-1.23675	-1.29276	-1.32318	-1.32481	-1.29801	-1.2463	-1.19236	-1.14556	-1.10453	-1.06439	-1.03071	-0.998421	-0.964287	-0.930463	-0.899625	-0.88064	-0.845898	-0.789508	-0.713879	-0.62244	-0.516902	-0.392122	-0.263301	-0.136503	-0.0232924	0.074435	0.155434	0.213562	0.257681	0.29027	0.317071	0.338629	0.345391	0.337696	0.321163	0.298048	0.261349	0.207457	0.152736	0.098967	0.0423251	0	
0	-0.167707	-0.319551	-0.443329	-0.519698	-0.548272	-0.534519	-0.504179	-0.462412	-0.403131	-0.317465	-0.214951	-0.116917	-0.0465674	-0.0325465	-0.104273	-0.264077	-0.487108	-0.733958	-0.975419	-1.18435	-1.3282	-1.40171	-1.39966	-1.33688	-1.20915	-1.03317	-0.834733	-0.652635	-0.541394	-0.532521	-0.623348	-0.788675	-0.98802	-1.17165	-1.30274	-1.37615	-1.40866	-1.38336	-1.28291	-1.10789	-0.874496	-0.607992	-0.353211	-0.145538	-0.0035441	0.0722241	0.0797916	0.0262624	-0.0553164	-0.153661	-0.260916	-0.379247	-0.512494	-0.658707	-0.796662	-0.916069	-1.00249	-1.05612	-1.0866	-1.09616	-1.08517	-1.06096	-1.02799	-0.9969	-0.973381	-0.956809	-0.937483	-0.918576	-0.903167	-0.886781	-0.864601	-0.835455	-0.801695	-0.745607	-0.660132	-0.547123	-0.424346	-0.296029	-0.154683	-0.00708869	0.130332	0.239448	0.32863	0.396656	0.446471	0.489398	0.519591	0.541161	0.553589	0.544147	0.516414	0.478964	0.428192	0.367417	0.299123	0.229157	0.161339	0.0834618	0	
0	-0.22139	-0.417002	-0.569471	-0.666274	-0.70678	-0.700911	-0.667732	-0.615057	-0.533224	-0.420773	-0.291713	-0.17788	-0.100928	-0.0889648	-0.164274	-0.330973	-0.557359	-0.803562	-1.03761	-1.23968	-1.37856	-1.44797	-1.44514	-1.387	-1.27467	-1.12016	-0.942407	-0.775254	-0.667467	-0.653664	-0.732632	-0.875402	-1.04622	-1.20177	-1.31195	-1.36814	-1.38336	-1.3421	-1.22809	-1.04628	-0.81441	-0.552653	-0.300515	-0.085644	0.0634419	0.142287	0.147586	0.0947133	0.00833352	-0.0934709	-0.200806	-0.31272	-0.435753	-0.560022	-0.672032	-0.767111	-0.827654	-0.851454	-0.8439	-0.819231	-0.787574	-0.758848	-0.732549	-0.716086	-0.709865	-0.708233	-0.69846	-0.690769	-0.693495	-0.698927	-0.695337	-0.677149	-0.643073	-0.577126	-0.479861	-0.355585	-0.226713	-0.0987164	0.0372098	0.174335	0.3007	0.399695	0.475632	0.530982	0.572515	0.610393	0.634698	0.643284	0.644042	0.628119	0.59151	0.542263	0.48166	0.416028	0.341587	0.267313	0.196269	0.103498	0	
0	-0.260725	-0.486945	-0.664379	-0.778606	-0.836612	-0.839334	-0.805157	-0.739942	-0.634459	-0.49678	-0.342671	-0.217263	-0.137252	-0.127798	-0.203607	-0.366989	-0.589173	-0.823759	-1.04231	-1.22242	-1.34381	-1.39817	-1.39	-1.3375	-1.24189	-1.10954	-0.953524	-0.800355	-0.700403	-0.681803	-0.747183	-0.867382	-1.00966	-1.14296	-1.23959	-1.2822	-1.28291	-1.22809	-1.11258	-0.940365	-0.721663	-0.473977	-0.227414	-0.00902284	0.140976	0.220816	0.224085	0.163774	0.0679914	-0.0431423	-0.157239	-0.264245	-0.369677	-0.46787	-0.553365	-0.616158	-0.642444	-0.62753	-0.582211	-0.526112	-0.474808	-0.432383	-0.401	-0.384997	-0.375242	-0.372934	-0.371956	-0.383315	-0.407294	-0.433176	-0.441185	-0.427512	-0.399203	-0.347374	-0.266636	-0.15609	-0.0449148	0.0639391	0.176764	0.285652	0.379916	0.448942	0.506052	0.552646	0.588416	0.616766	0.630901	0.633218	0.631038	0.613538	0.574732	0.521047	0.457342	0.397132	0.329393	0.254466	0.182887	0.095361	0	
0	-0.277491	-0.519744	-0.708172	-0.839382	-0.910414	-0.922846	-0.885535	-0.805551	-0.68035	-0.519468	-0.348399	-0.214825	-0.135032	-0.129116	-0.201669	-0.357621	-0.569389	-0.787967	-0.984441	-1.13546	-1.23207	-1.27051	-1.25891	-1.2141	-1.13343	-1.01999	-0.879505	-0.743065	-0.647964	-0.626534	-0.677098	-0.776387	-0.897395	-1.01475	-1.09477	-1.12561	-1.10789	-1.04628	-0.940365	-0.788378	-0.589184	-0.362929	-0.127934	0.0794935	0.224507	0.299891	0.294118	0.224887	0.119887	-0.000512139	-0.115473	-0.21776	-0.315661	-0.395795	-0.449937	-0.471162	-0.452877	-0.401174	-0.323388	-0.241675	-0.174254	-0.11842	-0.0722124	-0.0354077	-0.0115758	-0.00449501	-0.0138375	-0.0383173	-0.0754113	-0.119297	-0.13905	-0.132176	-0.112639	-0.0872215	-0.0438184	0.028509	0.107083	0.187862	0.264868	0.332412	0.38551	0.419776	0.447287	0.477771	0.510794	0.534656	0.543451	0.536715	0.527612	0.510742	0.471804	0.42425	0.372507	0.32323	0.269083	0.201685	0.135328	0.0677364	0	
0	-0.275228	-0.516538	-0.709335	-0.850262	-0.933108	-0.951105	-0.908021	-0.813039	-0.670551	-0.491287	-0.308664	-0.165641	-0.0860616	-0.0786831	-0.14478	-0.290097	-0.484668	-0.685617	-0.855315	-0.976489	-1.05179	-1.07993	-1.07367	-1.03954	-0.972989	-0.87413	-0.750241	-0.625684	-0.537348	-0.507512	-0.541204	-0.622296	-0.726236	-0.823688	-0.888695	-0.901665	-0.874496	-0.81441	-0.721663	-0.589184	-0.413392	-0.209361	-0.000606516	0.181907	0.311157	0.370346	0.347567	0.26444	0.148261	0.0217977	-0.0945665	-0.198647	-0.287065	-0.342371	-0.363864	-0.342135	-0.284225	-0.202369	-0.0980186	0.00844076	0.0983963	0.175753	0.246391	0.295974	0.328375	0.343783	0.336143	0.308987	0.263263	0.209471	0.172836	0.162146	0.15821	0.152526	0.163989	0.193651	0.229072	0.266177	0.295128	0.315385	0.329651	0.337931	0.343358	0.358038	0.379065	0.393279	0.397852	0.384722	0.365652	0.341543	0.307122	0.276532	0.245723	0.215087	0.178179	0.129661	0.0829461	0.0387479	0	
0	-0.253559	-0.478464	-0.665192	-0.807765	-0.896641	-0.915095	-0.8653	-0.759378	-0.605738	-0.419491	-0.22872	-0.0801183	0.00308304	0.0149271	-0.0443066	-0.17208	-0.346548	-0.522139	-0.66316	-0.759156	-0.818923	-0.847555	-0.854692	-0.833256	-0.784139	-0.70223	-0.596852	-0.490474	-0.407394	-0.371341	-0.390768	-0.452794	-0.533975	-0.605685	-0.640843	-0.638417	-0.607992	-0.552653	-0.473977	-0.362929	-0.209361	-0.0351356	0.143169	0.29821	0.403598	0.435831	0.386988	0.281874	0.148807	0.0124286	-0.108851	-0.211203	-0.28354	-0.309546	-0.292658	-0.231342	-0.144135	-0.0407723	0.0830865	0.214579	0.330554	0.432857	0.51937	0.577899	0.616806	0.637432	0.632995	0.606918	0.56586	0.505919	0.45351	0.42503	0.395039	0.361019	0.33986	0.33079	0.321632	0.304692	0.277716	0.248696	0.231788	0.225279	0.216512	0.21402	0.217908	0.217766	0.216233	0.202369	0.177994	0.154164	0.132925	0.122219	0.115024	0.0987032	0.0736008	0.0485101	0.027724	0.0101512	0	
