0	0	0	0	0	0	0	0	0	0	0	0	0	0	0	0	0	0	0	0	0	0	0	0	0	0	0	0	0	0	0	0	0	0	0	0	0	0	0	0	0	0	0	0	0	0	0	0	0	0	0	0	0	0	0	0	0	0	0	0	0	0	0	0	0	0	0	0	0	0	0	0	0	0	0	0	0	0	0	0	0	0	0	0	0	0	0	0	0	0	0	0	0	0	0	0	0	0	0	0	
0	-0.0139566	-0.0243903	-0.0298119	-0.0354847	-0.0485863	-0.0718227	-0.0990603	-0.12267	-0.133071	-0.123539	-0.0966844	-0.0618831	-0.0266427	0.00834257	0.0410398	0.0733576	0.10837	0.141523	0.160744	0.15768	0.13517	0.0991896	0.0531027	-0.00024115	-0.0594989	-0.115912	-0.161793	-0.190202	-0.199903	-0.192951	-0.17539	-0.151867	-0.125268	-0.0930044	-0.0533915	-0.00895955	0.0337275	0.0700922	0.0920907	0.0912718	0.0657189	0.0230928	-0.024599	-0.067812	-0.105314	-0.139701	-0.170965	-0.19859	-0.222385	-0.237214	-0.235089	-0.212939	-0.170354	-0.112062	-0.048854	0.0128674	0.0664443	0.11256	0.152984	0.187229	0.214175	0.229318	0.231662	0.230505	0.233744	0.245284	0.265105	0.288421	0.30623	0.31147	0.30683	0.298778	0.289054	0.276399	0.260766	0.23906	0.211361	0.178375	0.144534	0.108259	0.0677307	0.0266861	-0.0154609	-0.0522896	-0.0824861	-0.107214	-0.128392	-0.151184	-0.173209	-0.19096	-0.200925	-0.199795	-0.187019	-0.166393	-0.141206	-0.110815	-0.0768876	-0.0402237	0	
0	-0.0243903	-0.0438417	-0.0551719	-0.0679183	-0.0923957	-0.132361	-0.175737	-0.211221	-0.224771	-0.206053	-0.158013	-0.0954341	-0.0267857	0.0446907	0.114318	0.179166	0.245986	0.307078	0.342587	0.336955	0.293492	0.220027	0.123684	0.0114541	-0.108193	-0.217455	-0.304418	-0.359796	-0.385577	-0.383659	-0.358942	-0.317767	-0.260584	-0.1893	-0.105146	-0.0168767	0.0609503	0.125759	0.166938	0.169969	0.131809	0.0624913	-0.0212922	-0.100234	-0.176165	-0.247526	-0.311991	-0.363826	-0.405271	-0.425346	-0.416776	-0.374979	-0.300057	-0.199283	-0.0893809	0.0223885	0.124143	0.21296	0.292346	0.357426	0.405473	0.433984	0.442725	0.445942	0.455278	0.479007	0.51385	0.550185	0.579323	0.590101	0.586767	0.573256	0.55146	0.522638	0.487685	0.443501	0.38773	0.324855	0.259451	0.187004	0.112459	0.0418838	-0.0265885	-0.0846201	-0.135021	-0.180294	-0.221064	-0.261833	-0.29965	-0.32841	-0.343554	-0.344316	-0.325292	-0.290876	-0.247927	-0.192378	-0.130793	-0.0682838	0	
0	-0.0298119	-0.0551719	-0.0724085	-0.0909063	-0.121498	-0.16565	-0.208127	-0.239374	-0.247212	-0.220255	-0.160288	-0.0789526	0.015473	0.122618	0.227074	0.322648	0.414808	0.497342	0.544336	0.534355	0.469124	0.357945	0.209395	0.0394596	-0.137551	-0.29471	-0.418868	-0.504051	-0.553887	-0.56808	-0.548137	-0.493086	-0.407665	-0.295115	-0.16627	-0.0396798	0.0670105	0.152709	0.210076	0.224003	0.187358	0.110569	0.0134233	-0.0873517	-0.190007	-0.294901	-0.390075	-0.464153	-0.514896	-0.53462	-0.513618	-0.454493	-0.359584	-0.236009	-0.101116	0.0397503	0.172445	0.294833	0.40348	0.491548	0.558297	0.599069	0.615615	0.629765	0.651818	0.682046	0.719024	0.759998	0.794757	0.81029	0.809108	0.796705	0.768702	0.722463	0.665972	0.597514	0.517135	0.423093	0.32655	0.228778	0.133908	0.0553018	-0.0168088	-0.0794268	-0.139549	-0.199966	-0.255359	-0.308688	-0.35099	-0.379389	-0.395528	-0.396827	-0.378843	-0.344411	-0.295928	-0.230457	-0.156768	-0.080994	0	
0	-0.0354847	-0.0679183	-0.0909063	-0.112638	-0.140624	-0.175899	-0.203077	-0.218771	-0.21548	-0.181572	-0.113785	-0.0216094	0.0929992	0.226162	0.359597	0.478306	0.591566	0.690277	0.74318	0.722381	0.631513	0.482244	0.289463	0.0713149	-0.153108	-0.353682	-0.517332	-0.635189	-0.711928	-0.743166	-0.725959	-0.662968	-0.5555	-0.414993	-0.255147	-0.098762	0.0294481	0.134631	0.21047	0.239026	0.214157	0.145882	0.0513504	-0.0478956	-0.161103	-0.283079	-0.398415	-0.484444	-0.540188	-0.552204	-0.519969	-0.449648	-0.347294	-0.21973	-0.0819712	0.0678978	0.216154	0.35483	0.482056	0.585166	0.662728	0.715927	0.747126	0.774786	0.805017	0.840678	0.876422	0.909306	0.940561	0.958629	0.965806	0.957513	0.925423	0.868996	0.794656	0.702313	0.591908	0.472765	0.359222	0.250436	0.157928	0.0881008	0.0250177	-0.0300461	-0.0893267	-0.153195	-0.212721	-0.267997	-0.312066	-0.341048	-0.35669	-0.362998	-0.350534	-0.322246	-0.283846	-0.224292	-0.153845	-0.08188	0	
0	-0.0485863	-0.0923957	-0.121498	-0.140624	-0.157102	-0.174158	-0.180308	-0.178837	-0.165332	-0.125225	-0.052413	0.0480947	0.172237	0.320734	0.468148	0.602284	0.730001	0.8413	0.894769	0.859531	0.742683	0.565039	0.34195	0.0927344	-0.168812	-0.411103	-0.616025	-0.77016	-0.871255	-0.912753	-0.896135	-0.823822	-0.706097	-0.551631	-0.375491	-0.203726	-0.05872	0.0629929	0.157082	0.204705	0.196367	0.143753	0.0680346	-0.0167294	-0.116896	-0.235649	-0.349752	-0.434035	-0.482883	-0.488982	-0.449211	-0.37743	-0.279674	-0.160416	-0.0321255	0.11102	0.25458	0.3959	0.527475	0.637833	0.727738	0.793461	0.833622	0.870228	0.907471	0.940735	0.969904	1.00087	1.03133	1.04752	1.05318	1.05059	1.02531	0.966661	0.882051	0.770694	0.640147	0.501534	0.380896	0.281199	0.20209	0.150655	0.10286	0.0589899	0.0116049	-0.040279	-0.087986	-0.137582	-0.180619	-0.213506	-0.23992	-0.257228	-0.258376	-0.248231	-0.227717	-0.186968	-0.133363	-0.0724802	0	
0	-0.0718227	-0.132361	-0.16565	-0.175899	-0.174158	-0.170537	-0.158456	-0.144668	-0.124037	-0.0794217	-0.00120684	0.10251	0.230322	0.380652	0.532254	0.669781	0.803885	0.918741	0.968958	0.920369	0.788401	0.595863	0.359685	0.0911153	-0.198465	-0.475101	-0.716138	-0.898393	-1.01785	-1.06721	-1.04903	-0.974819	-0.852474	-0.695754	-0.517673	-0.341008	-0.190824	-0.0559779	0.0592825	0.131798	0.150201	0.124042	0.071519	0.0128391	-0.0677287	-0.167612	-0.265535	-0.331154	-0.365663	-0.360247	-0.319029	-0.253758	-0.169761	-0.068715	0.0393138	0.163143	0.291407	0.418644	0.545276	0.658658	0.75643	0.831452	0.8787	0.915645	0.947846	0.980704	1.0107	1.03824	1.06577	1.0813	1.09091	1.09381	1.07466	1.02266	0.938001	0.819748	0.679127	0.538909	0.427018	0.340215	0.279633	0.244038	0.211761	0.188865	0.163933	0.135166	0.105316	0.0644834	0.0183975	-0.0264708	-0.0675903	-0.103816	-0.122611	-0.128431	-0.128217	-0.107861	-0.0769811	-0.044808	0	
0	-0.0990603	-0.175737	-0.208127	-0.203077	-0.180308	-0.158456	-0.133877	-0.112637	-0.0878627	-0.0403338	0.0375599	0.138739	0.259407	0.403479	0.546006	0.674897	0.798403	0.905472	0.947526	0.894748	0.760891	0.570154	0.330631	0.0514692	-0.256493	-0.555557	-0.816591	-1.01636	-1.14875	-1.20585	-1.19311	-1.11876	-0.997037	-0.840962	-0.664516	-0.492321	-0.341578	-0.199288	-0.0643836	0.0383377	0.090744	0.0992787	0.0832145	0.0558531	0.00748341	-0.0671604	-0.140964	-0.185961	-0.203336	-0.190475	-0.148024	-0.0907139	-0.0205085	0.0607823	0.141845	0.234481	0.328954	0.432973	0.547616	0.661276	0.766464	0.847097	0.889528	0.915706	0.938202	0.962031	0.988498	1.02038	1.05319	1.06963	1.07952	1.09033	1.08389	1.04282	0.969318	0.862492	0.734479	0.604832	0.503176	0.427979	0.378068	0.362045	0.356554	0.36157	0.364518	0.356077	0.338556	0.301659	0.253295	0.203041	0.149731	0.0991496	0.0635306	0.0362125	0.0148855	0.00825361	0.00495328	-0.000851103	0	
0	-0.12267	-0.211221	-0.239374	-0.218771	-0.178837	-0.144668	-0.112637	-0.0862698	-0.0575385	-0.0100527	0.0633949	0.154717	0.263986	0.393916	0.519992	0.626688	0.728388	0.817354	0.85198	0.798207	0.67049	0.483712	0.244996	-0.0391046	-0.353812	-0.658028	-0.923986	-1.1281	-1.26587	-1.32908	-1.3193	-1.24821	-1.12716	-0.973177	-0.800671	-0.630954	-0.48149	-0.332135	-0.179609	-0.0500139	0.0370738	0.0850667	0.110075	0.126688	0.116185	0.0756298	0.0274116	0.00222428	-0.00358074	0.0134777	0.0512437	0.0986548	0.151225	0.206445	0.255031	0.309576	0.370675	0.448088	0.550098	0.662188	0.769443	0.845283	0.877024	0.88815	0.89498	0.911185	0.934247	0.963698	0.997123	1.02056	1.03989	1.05829	1.05889	1.02997	0.974917	0.892512	0.790949	0.682225	0.592764	0.52571	0.490137	0.495431	0.520716	0.561834	0.594308	0.607099	0.600378	0.567212	0.519132	0.46477	0.405829	0.344359	0.291436	0.242152	0.189419	0.145258	0.100398	0.0467741	0	
0	-0.133071	-0.224771	-0.247212	-0.21548	-0.165332	-0.124037	-0.0878627	-0.0575385	-0.0275442	0.0163803	0.0795641	0.156506	0.247342	0.355066	0.453275	0.531365	0.60711	0.682333	0.710852	0.65907	0.532342	0.348514	0.112844	-0.165516	-0.471109	-0.766631	-1.02484	-1.22468	-1.36081	-1.42256	-1.41386	-1.34332	-1.22465	-1.07268	-0.900323	-0.729742	-0.57449	-0.416375	-0.249058	-0.0976938	0.0163045	0.098332	0.165341	0.226442	0.263595	0.262316	0.244538	0.237288	0.23653	0.246361	0.269216	0.294163	0.321198	0.346418	0.359348	0.378655	0.407346	0.463896	0.552819	0.655597	0.751448	0.816809	0.836535	0.835335	0.833975	0.842607	0.860864	0.890526	0.930694	0.961194	0.986963	1.01254	1.02064	1.00292	0.966601	0.90918	0.830603	0.741404	0.668204	0.6164	0.599385	0.630971	0.687493	0.75748	0.817934	0.85447	0.868168	0.851032	0.810757	0.760091	0.696217	0.622422	0.549584	0.467654	0.375998	0.286366	0.192328	0.0933425	0	
0	-0.123539	-0.206053	-0.220255	-0.181572	-0.125225	-0.0794217	-0.0403338	-0.0100527	0.0163803	0.051016	0.0996092	0.156823	0.220553	0.293498	0.354557	0.401265	0.459397	0.52729	0.556249	0.50151	0.372566	0.18873	-0.0371791	-0.297058	-0.578505	-0.849576	-1.08649	-1.27018	-1.39386	-1.4494	-1.4385	-1.3713	-1.25731	-1.10969	-0.93868	-0.764091	-0.599146	-0.426569	-0.241223	-0.0702555	0.0656289	0.171641	0.26951	0.369317	0.448225	0.488301	0.501405	0.509257	0.508333	0.501533	0.495726	0.488231	0.478879	0.466547	0.447471	0.436574	0.44156	0.475468	0.541122	0.619789	0.694326	0.739384	0.748697	0.748107	0.751389	0.766628	0.789674	0.825022	0.870748	0.911209	0.945529	0.976774	0.991875	0.982449	0.95438	0.904493	0.837612	0.76254	0.708987	0.687951	0.70433	0.762256	0.839319	0.927328	1.00763	1.06988	1.10991	1.11721	1.09708	1.05434	0.988634	0.902639	0.805163	0.693637	0.565406	0.43341	0.29477	0.145186	0	
0	-0.0966844	-0.158013	-0.160288	-0.113785	-0.052413	-0.00120684	0.0375599	0.0633949	0.0795641	0.0996092	0.128934	0.159399	0.187739	0.216969	0.237545	0.257778	0.303931	0.371565	0.399576	0.343829	0.211426	0.0310248	-0.181657	-0.417711	-0.665587	-0.898675	-1.09764	-1.24775	-1.34731	-1.38793	-1.37273	-1.30762	-1.20036	-1.05967	-0.893685	-0.717825	-0.543489	-0.356699	-0.155763	0.0305199	0.178602	0.300047	0.418834	0.547097	0.661019	0.732738	0.768357	0.785827	0.779517	0.755495	0.722773	0.679521	0.632286	0.582306	0.527089	0.48632	0.466031	0.47646	0.514446	0.561536	0.602762	0.627375	0.630308	0.631664	0.647862	0.682781	0.728955	0.782908	0.843001	0.888994	0.924066	0.956689	0.973246	0.965995	0.935405	0.879891	0.806678	0.74013	0.711983	0.723207	0.774088	0.861506	0.963514	1.07091	1.16808	1.24686	1.30604	1.33411	1.32991	1.29891	1.23355	1.13665	1.02147	0.884013	0.728818	0.565275	0.387029	0.194907	0	
0	-0.0618831	-0.0954341	-0.0789526	-0.0216094	0.0480947	0.10251	0.138739	0.154717	0.156506	0.156823	0.159399	0.15736	0.146544	0.136167	0.124185	0.124522	0.161904	0.224843	0.253445	0.19982	0.0728432	-0.100157	-0.299994	-0.514181	-0.72674	-0.914075	-1.06063	-1.16316	-1.22324	-1.23876	-1.2114	-1.14592	-1.04553	-0.914901	-0.755619	-0.581672	-0.401985	-0.210188	-0.00768539	0.176304	0.324145	0.448775	0.581377	0.729202	0.864742	0.956073	1.00552	1.02835	1.02495	0.99491	0.94411	0.873316	0.787176	0.693413	0.602143	0.5304	0.484992	0.471099	0.482451	0.501983	0.519533	0.522155	0.512675	0.516695	0.547718	0.606873	0.680634	0.760885	0.834203	0.885464	0.919945	0.949329	0.964619	0.949582	0.903544	0.831214	0.751526	0.687714	0.668833	0.702704	0.781831	0.899654	1.03396	1.16922	1.29094	1.38834	1.45689	1.49055	1.48968	1.4549	1.38342	1.27803	1.14774	0.994733	0.819785	0.632031	0.431304	0.216171	0	
0	-0.0266427	-0.0267857	0.015473	0.0929992	0.172237	0.230322	0.259407	0.263986	0.247342	0.220553	0.187739	0.146544	0.102315	0.0642584	0.0338598	0.0209855	0.0468589	0.102345	0.131767	0.0900556	-0.0214402	-0.179477	-0.363492	-0.555299	-0.732815	-0.871902	-0.962793	-1.00769	-1.01711	-0.995052	-0.947994	-0.879683	-0.789058	-0.67079	-0.524805	-0.359724	-0.189273	-0.010897	0.172585	0.339806	0.476511	0.602096	0.740684	0.897045	1.03898	1.13507	1.18936	1.22051	1.22638	1.20184	1.14509	1.05292	0.935778	0.806955	0.680875	0.577181	0.505796	0.468716	0.458445	0.459442	0.458685	0.448904	0.432405	0.430796	0.4663	0.540687	0.635133	0.730063	0.814806	0.876013	0.919376	0.953361	0.962574	0.934939	0.871197	0.782484	0.687051	0.614422	0.593251	0.628525	0.721068	0.862499	1.03069	1.20215	1.3513	1.4652	1.53881	1.56515	1.54744	1.49485	1.40855	1.29452	1.1598	0.999837	0.817835	0.62253	0.417124	0.207737	0	
0	0.00834257	0.0446907	0.122618	0.226162	0.320734	0.380652	0.403479	0.393916	0.355066	0.293498	0.216969	0.136167	0.0642584	0.0101345	-0.031263	-0.0550129	-0.0417476	0.00456117	0.0369312	0.0122413	-0.0754757	-0.206681	-0.361554	-0.519387	-0.654651	-0.745315	-0.77973	-0.767043	-0.722857	-0.661504	-0.595101	-0.526123	-0.447811	-0.350271	-0.228176	-0.092518	0.0479695	0.193805	0.347072	0.492118	0.619183	0.740327	0.878295	1.02999	1.16646	1.26036	1.31847	1.35523	1.36973	1.34881	1.2864	1.18523	1.05578	0.913746	0.775094	0.65327	0.556766	0.49276	0.459291	0.443435	0.430818	0.409315	0.382936	0.375478	0.407362	0.476981	0.568029	0.666755	0.760663	0.839522	0.902631	0.947533	0.959349	0.92272	0.843106	0.737932	0.627884	0.540927	0.503312	0.532337	0.628415	0.780266	0.962644	1.14488	1.30603	1.42645	1.49506	1.51051	1.4778	1.40899	1.3129	1.19475	1.0589	0.905486	0.735646	0.556602	0.372562	0.185519	0	
0	0.0410398	0.114318	0.227074	0.359597	0.468148	0.532254	0.546006	0.519992	0.453275	0.354557	0.237545	0.124185	0.0338598	-0.031263	-0.078616	-0.108018	-0.0988699	-0.056291	-0.0182441	-0.0268002	-0.0869035	-0.182587	-0.294758	-0.405489	-0.49184	-0.531415	-0.513859	-0.451108	-0.362719	-0.270258	-0.185969	-0.11341	-0.0473913	0.0238789	0.101508	0.184529	0.270974	0.369814	0.486168	0.608402	0.722598	0.837555	0.96666	1.10896	1.23483	1.32281	1.37768	1.41108	1.42293	1.40042	1.34003	1.24728	1.13241	1.00343	0.87059	0.739659	0.627726	0.544628	0.492635	0.46097	0.432135	0.394657	0.352948	0.328511	0.343891	0.399985	0.483679	0.581899	0.685878	0.784319	0.865342	0.917339	0.926761	0.886362	0.802392	0.690807	0.568479	0.466452	0.41498	0.432015	0.518647	0.660186	0.834306	1.01041	1.16077	1.26734	1.32106	1.32238	1.28165	1.20843	1.11048	0.994275	0.864996	0.729297	0.590675	0.450231	0.305686	0.155027	0	
0	0.0733576	0.179166	0.322648	0.478306	0.602284	0.669781	0.674897	0.626688	0.531365	0.401265	0.257778	0.124522	0.0209855	-0.0550129	-0.108018	-0.134803	-0.12084	-0.0735549	-0.030733	-0.0233662	-0.0571761	-0.113272	-0.176291	-0.231832	-0.260954	-0.247259	-0.18482	-0.0875564	0.0246459	0.135629	0.232213	0.308875	0.362851	0.400487	0.42623	0.446548	0.473036	0.519555	0.591735	0.680301	0.771413	0.86846	0.983359	1.11047	1.22275	1.3002	1.34659	1.37216	1.38087	1.36459	1.31964	1.25298	1.16637	1.06234	0.94324	0.816623	0.700891	0.610736	0.549323	0.503141	0.452224	0.38933	0.323763	0.275108	0.268333	0.303248	0.375689	0.476147	0.589992	0.698782	0.786019	0.839443	0.852069	0.816919	0.735951	0.623377	0.495028	0.387218	0.324943	0.326026	0.393244	0.511936	0.662189	0.812378	0.939588	1.02447	1.05957	1.05116	1.00502	0.928472	0.830852	0.719615	0.605002	0.495948	0.394431	0.297763	0.200851	0.102396	0	
0	0.10837	0.245986	0.414808	0.591566	0.730001	0.803885	0.798403	0.728388	0.60711	0.459397	0.303931	0.161904	0.0468589	-0.0417476	-0.0988699	-0.12084	-0.0953827	-0.0431754	0.00797585	0.0289635	0.0203021	-0.0010745	-0.0180529	-0.0171489	0.0125063	0.0763688	0.174187	0.289142	0.413211	0.530911	0.63297	0.705518	0.739465	0.741668	0.717487	0.682108	0.652212	0.644315	0.665562	0.711369	0.77198	0.847892	0.942994	1.05129	1.14199	1.20219	1.23724	1.25531	1.26904	1.27116	1.2554	1.2248	1.17312	1.09299	0.991549	0.872462	0.761069	0.669785	0.59962	0.536446	0.46269	0.374415	0.281564	0.206797	0.171971	0.183632	0.24295	0.338031	0.448	0.557117	0.650067	0.711204	0.738008	0.716937	0.643132	0.531116	0.400491	0.287555	0.215302	0.203014	0.251409	0.346989	0.469974	0.590478	0.688169	0.748731	0.766496	0.744811	0.689271	0.603577	0.506403	0.40995	0.319253	0.243713	0.177662	0.119823	0.072439	0.0334719	0	
0	0.141523	0.307078	0.497342	0.690277	0.8413	0.918741	0.905472	0.817354	0.682333	0.52729	0.371565	0.224843	0.102345	0.00456117	-0.056291	-0.0735549	-0.0431754	0.0150581	0.0729614	0.11005	0.122359	0.13005	0.153555	0.205582	0.285928	0.390831	0.51163	0.639901	0.767143	0.883499	0.973967	1.02598	1.03011	0.996486	0.930825	0.849441	0.770537	0.714805	0.689189	0.696585	0.727331	0.778215	0.84893	0.930944	0.998704	1.04431	1.07153	1.09042	1.11294	1.13629	1.15125	1.15588	1.13592	1.08649	1.0064	0.904881	0.804297	0.713036	0.6316	0.549216	0.45194	0.339839	0.224868	0.122563	0.0633342	0.0521328	0.0931925	0.172004	0.267402	0.367826	0.464051	0.542403	0.589065	0.584369	0.520112	0.411061	0.277299	0.161426	0.0856237	0.0654602	0.104531	0.182862	0.278297	0.366007	0.431392	0.466439	0.46594	0.431141	0.367062	0.28216	0.197411	0.122238	0.0594254	0.0126051	-0.0199017	-0.0373194	-0.0390933	-0.0228856	0	
0	0.160744	0.342587	0.544336	0.74318	0.894769	0.968958	0.947526	0.85198	0.710852	0.556249	0.399576	0.253445	0.131767	0.0369312	-0.0182441	-0.030733	0.00797585	0.0729614	0.14516	0.2007	0.235535	0.269776	0.324991	0.411591	0.52169	0.646089	0.78053	0.912339	1.03696	1.13679	1.20325	1.22603	1.19977	1.13376	1.03166	0.910452	0.793166	0.703015	0.646595	0.623503	0.626488	0.649489	0.691121	0.749997	0.799599	0.836225	0.863337	0.88294	0.914423	0.957341	0.997609	1.03063	1.04004	1.01429	0.96118	0.883711	0.799511	0.715172	0.632482	0.540429	0.425585	0.291256	0.149211	0.0271082	-0.0498933	-0.073899	-0.0424541	0.0231541	0.100655	0.189772	0.287934	0.36899	0.423266	0.426631	0.367898	0.263203	0.132691	0.0162393	-0.0659351	-0.0932494	-0.064775	-1.57581e-05	0.0755242	0.141566	0.189641	0.20708	0.189188	0.144042	0.0836406	0.0142	-0.0458516	-0.0967827	-0.139849	-0.161334	-0.164298	-0.144973	-0.105629	-0.0556958	0	
0	0.15768	0.336955	0.534355	0.722381	0.859531	0.920369	0.894748	0.798207	0.65907	0.50151	0.343829	0.19982	0.0900556	0.0122413	-0.0268002	-0.0233662	0.0289635	0.11005	0.2007	0.280466	0.34197	0.40054	0.474958	0.573948	0.68843	0.816524	0.948589	1.07381	1.17875	1.25295	1.29137	1.28871	1.23595	1.14025	1.00579	0.855336	0.714832	0.608254	0.531612	0.483972	0.458979	0.454601	0.473531	0.513288	0.549741	0.581007	0.606808	0.633711	0.678755	0.741901	0.805022	0.857695	0.880421	0.873738	0.83984	0.78657	0.729033	0.665977	0.595013	0.504948	0.383743	0.233191	0.0744247	-0.0625186	-0.142818	-0.167839	-0.141533	-0.0837968	-0.0141343	0.0679152	0.157256	0.231246	0.27294	0.265684	0.205705	0.102593	-0.0291194	-0.149364	-0.235227	-0.272484	-0.25819	-0.20826	-0.140973	-0.0724731	-0.0240302	-0.0096787	-0.0305584	-0.0737999	-0.121926	-0.172613	-0.213158	-0.244595	-0.264962	-0.262479	-0.238461	-0.193287	-0.135176	-0.0682366	0	
0	0.13517	0.293492	0.469124	0.631513	0.742683	0.788401	0.760891	0.67049	0.532342	0.372566	0.211426	0.0728432	-0.0214402	-0.0754757	-0.0869035	-0.0571761	0.0203021	0.122359	0.235535	0.34197	0.428616	0.502511	0.577312	0.667421	0.77075	0.886809	1.0047	1.10726	1.187	1.2368	1.2561	1.23476	1.16046	1.04101	0.886175	0.721102	0.569499	0.449494	0.352939	0.278813	0.230574	0.210282	0.216056	0.24609	0.272983	0.29879	0.330745	0.370176	0.432842	0.516007	0.592746	0.651067	0.680926	0.683139	0.668461	0.641904	0.609089	0.569391	0.520055	0.443379	0.323039	0.170764	0.0113518	-0.117264	-0.193796	-0.220856	-0.19781	-0.145153	-0.0797431	-0.000774552	0.084196	0.139882	0.160119	0.134323	0.0552712	-0.064587	-0.205839	-0.32861	-0.418125	-0.463585	-0.4564	-0.403702	-0.329747	-0.253549	-0.19464	-0.170234	-0.177305	-0.203664	-0.238783	-0.280919	-0.312469	-0.330184	-0.329048	-0.302006	-0.261941	-0.207696	-0.144135	-0.0751887	0	
0	0.0991896	0.220027	0.357945	0.482244	0.565039	0.595863	0.570154	0.483712	0.348514	0.18873	0.0310248	-0.100157	-0.179477	-0.206681	-0.182587	-0.113272	-0.0010745	0.13005	0.269776	0.40054	0.502511	0.573063	0.629506	0.695227	0.772292	0.862095	0.95055	1.02761	1.08772	1.12519	1.13339	1.09893	1.01263	0.885452	0.72994	0.56366	0.402903	0.264554	0.141536	0.0413685	-0.0238116	-0.0529905	-0.050342	-0.0247863	-0.000796205	0.0300772	0.0737319	0.129771	0.204915	0.292899	0.369404	0.427325	0.459104	0.474475	0.477628	0.473486	0.467089	0.452314	0.422171	0.360197	0.256852	0.119981	-0.0229044	-0.137163	-0.203843	-0.230041	-0.212041	-0.157763	-0.0879002	-0.01273	0.0565317	0.0936907	0.0874786	0.0290306	-0.0786379	-0.222966	-0.382179	-0.517185	-0.60921	-0.648308	-0.627474	-0.557586	-0.467768	-0.377729	-0.308126	-0.267182	-0.252423	-0.25993	-0.283108	-0.32016	-0.346594	-0.355699	-0.344384	-0.31066	-0.267837	-0.212034	-0.147794	-0.0773429	0	
0	0.0531027	0.123684	0.209395	0.289463	0.34195	0.359685	0.330631	0.244996	0.112844	-0.0371791	-0.181657	-0.299994	-0.363492	-0.361554	-0.294758	-0.176291	-0.0180529	0.153555	0.324991	0.474958	0.577312	0.629506	0.655154	0.683111	0.716462	0.761556	0.813429	0.868606	0.917884	0.946815	0.944307	0.901883	0.816511	0.701318	0.562185	0.406734	0.244323	0.0925932	-0.0496872	-0.170202	-0.252213	-0.291553	-0.297072	-0.276039	-0.248544	-0.20712	-0.146029	-0.076611	-0.000285971	0.0807191	0.148979	0.200146	0.235724	0.262299	0.283236	0.303506	0.322087	0.334033	0.330615	0.291944	0.208222	0.0953656	-0.021666	-0.114121	-0.171647	-0.194212	-0.169131	-0.109983	-0.0415066	0.0241609	0.0766402	0.0866238	0.0450939	-0.0495813	-0.193691	-0.369799	-0.549612	-0.694024	-0.784327	-0.812643	-0.770334	-0.673444	-0.564179	-0.459091	-0.370299	-0.307177	-0.271182	-0.264177	-0.277314	-0.300878	-0.316887	-0.32363	-0.316499	-0.292738	-0.257937	-0.204168	-0.140526	-0.0730459	0	
0	-0.00024115	0.0114541	0.0394596	0.0713149	0.0927344	0.0911153	0.0514692	-0.0391046	-0.165516	-0.297058	-0.417711	-0.514181	-0.555299	-0.519387	-0.405489	-0.231832	-0.0171489	0.205582	0.411591	0.573948	0.667421	0.695227	0.683111	0.657985	0.628816	0.61565	0.627665	0.661385	0.6966	0.713089	0.701788	0.659808	0.589411	0.497109	0.386335	0.254702	0.106495	-0.0408926	-0.187067	-0.319829	-0.416948	-0.473025	-0.492392	-0.479558	-0.45154	-0.4011	-0.329118	-0.254908	-0.184632	-0.114738	-0.0551956	-0.00577263	0.0336419	0.0693553	0.104973	0.148076	0.195181	0.235852	0.258459	0.247708	0.199541	0.122192	0.0328328	-0.0407537	-0.0867536	-0.100687	-0.070197	-0.00722526	0.0573077	0.1041	0.12876	0.109323	0.0326738	-0.101547	-0.281013	-0.487352	-0.69301	-0.855393	-0.947332	-0.959991	-0.894866	-0.777132	-0.645369	-0.511696	-0.392274	-0.30519	-0.255082	-0.23499	-0.23194	-0.238263	-0.242356	-0.248335	-0.247793	-0.233776	-0.210915	-0.168021	-0.115103	-0.0611781	0	
0	-0.0594989	-0.108193	-0.137551	-0.153108	-0.168812	-0.198465	-0.256493	-0.353812	-0.471109	-0.578505	-0.665587	-0.72674	-0.732815	-0.654651	-0.49184	-0.260954	0.0125063	0.285928	0.52169	0.68843	0.77075	0.772292	0.716462	0.628816	0.530617	0.458818	0.429048	0.4329	0.445957	0.448805	0.435014	0.402338	0.3503	0.285229	0.208923	0.112347	-0.0049986	-0.13112	-0.26503	-0.396838	-0.505623	-0.580851	-0.620761	-0.627066	-0.607394	-0.558627	-0.484791	-0.410095	-0.344122	-0.281039	-0.222855	-0.173615	-0.132395	-0.0905915	-0.0419459	0.02115	0.0934219	0.163348	0.218059	0.243402	0.23617	0.198336	0.141971	0.0920235	0.0618322	0.0580918	0.0888446	0.13966	0.182282	0.204538	0.202338	0.154057	0.0417691	-0.130069	-0.345005	-0.585699	-0.817329	-0.993659	-1.08431	-1.08863	-1.01336	-0.876464	-0.713976	-0.544395	-0.393607	-0.282779	-0.212586	-0.175041	-0.156821	-0.151392	-0.152067	-0.155822	-0.15223	-0.140818	-0.125778	-0.0988014	-0.068251	-0.0374898	0	
0	-0.115912	-0.217455	-0.29471	-0.353682	-0.411103	-0.475101	-0.555557	-0.658028	-0.766631	-0.849576	-0.898675	-0.914075	-0.871902	-0.745315	-0.531415	-0.247259	0.0763688	0.390831	0.646089	0.816524	0.886809	0.862095	0.761556	0.61565	0.458818	0.332113	0.252516	0.214359	0.197578	0.189708	0.179635	0.161286	0.134258	0.103217	0.0678122	0.0131348	-0.0687842	-0.167076	-0.280565	-0.405375	-0.522562	-0.617075	-0.682321	-0.710559	-0.705534	-0.666251	-0.597273	-0.526335	-0.465264	-0.40326	-0.342278	-0.289738	-0.243962	-0.197465	-0.14041	-0.0621145	0.0270914	0.115902	0.196226	0.259446	0.295785	0.299623	0.277464	0.254506	0.244657	0.252057	0.280543	0.314701	0.334486	0.32705	0.291116	0.207843	0.0599129	-0.144223	-0.391319	-0.661572	-0.916556	-1.10448	-1.1983	-1.20104	-1.11455	-0.956808	-0.763805	-0.563198	-0.385213	-0.250156	-0.155538	-0.0946568	-0.0643352	-0.0538424	-0.0529468	-0.0566648	-0.0521033	-0.0446468	-0.0406578	-0.0298283	-0.0197298	-0.0131516	0	
0	-0.161793	-0.304418	-0.418868	-0.517332	-0.616025	-0.716138	-0.816591	-0.923986	-1.02484	-1.08649	-1.09764	-1.06063	-0.962793	-0.77973	-0.513859	-0.18482	0.174187	0.51163	0.78053	0.948589	1.0047	0.95055	0.813429	0.627665	0.429048	0.252516	0.121173	0.0362397	-0.0086498	-0.0276527	-0.0324528	-0.0316602	-0.026772	-0.0188119	-0.0119533	-0.0292508	-0.0772727	-0.148782	-0.240812	-0.355233	-0.477624	-0.591392	-0.678931	-0.731339	-0.746139	-0.723339	-0.669187	-0.608246	-0.548809	-0.484367	-0.415108	-0.352541	-0.299943	-0.24794	-0.182822	-0.100776	-0.00579781	0.0952371	0.19527	0.283823	0.35185	0.38601	0.394333	0.405727	0.428614	0.456855	0.48539	0.509377	0.50965	0.472073	0.395573	0.27065	0.0818062	-0.164759	-0.446226	-0.737647	-0.998902	-1.18704	-1.28	-1.2767	-1.17881	-1.00032	-0.781614	-0.562029	-0.365956	-0.207211	-0.0901083	-0.0149553	0.0224771	0.0355232	0.0365043	0.0319465	0.0305027	0.0294954	0.0241728	0.0218603	0.0171633	0.00625584	0	
0	-0.190202	-0.359796	-0.504051	-0.635189	-0.77016	-0.898393	-1.01636	-1.1281	-1.22468	-1.27018	-1.24775	-1.16316	-1.00769	-0.767043	-0.451108	-0.0875564	0.289142	0.639901	0.912339	1.07381	1.10726	1.02761	0.868606	0.661385	0.4329	0.214359	0.0362397	-0.0881036	-0.163048	-0.194881	-0.194794	-0.169442	-0.128619	-0.0793621	-0.0345893	-0.0169682	-0.0369851	-0.0868236	-0.161114	-0.265923	-0.393369	-0.521005	-0.62826	-0.700977	-0.734639	-0.734369	-0.700796	-0.653037	-0.598845	-0.530745	-0.451128	-0.377293	-0.311811	-0.247573	-0.175254	-0.0884833	0.00779672	0.109547	0.212439	0.309475	0.386958	0.438729	0.478481	0.524708	0.581267	0.635294	0.680099	0.703692	0.690906	0.627478	0.511245	0.337927	0.0972344	-0.192164	-0.504041	-0.808378	-1.06976	-1.24984	-1.33093	-1.31101	-1.19004	-0.995246	-0.768363	-0.54256	-0.335473	-0.163356	-0.0347874	0.0488503	0.0923877	0.113358	0.114783	0.102527	0.0902365	0.0740377	0.0563843	0.0436736	0.0294817	0.0134272	0	
0	-0.199903	-0.385577	-0.553887	-0.711928	-0.871255	-1.01785	-1.14875	-1.26587	-1.36081	-1.39386	-1.34731	-1.22324	-1.01711	-0.722857	-0.362719	0.0246459	0.413211	0.767143	1.03696	1.17875	1.187	1.08772	0.917884	0.6966	0.445957	0.197578	-0.0086498	-0.163048	-0.260828	-0.303629	-0.294264	-0.24541	-0.173291	-0.0912964	-0.0158829	0.0263633	0.0259574	-0.00761404	-0.0659327	-0.158953	-0.284495	-0.420276	-0.539248	-0.626332	-0.681823	-0.706972	-0.699474	-0.670222	-0.620245	-0.54946	-0.462701	-0.375328	-0.295195	-0.220728	-0.137775	-0.0490839	0.0478876	0.149736	0.249814	0.340383	0.416917	0.478591	0.538222	0.613277	0.697617	0.772647	0.8296	0.862681	0.848192	0.763651	0.611204	0.39525	0.114853	-0.211752	-0.548324	-0.858474	-1.11448	-1.28412	-1.34965	-1.30557	-1.16628	-0.964868	-0.734096	-0.505276	-0.293419	-0.118508	0.00804894	0.0928792	0.142254	0.164683	0.165365	0.149666	0.126146	0.0989678	0.0699419	0.0482568	0.0323656	0.0142971	0	
0	-0.192951	-0.383659	-0.56808	-0.743166	-0.912753	-1.06721	-1.20585	-1.32908	-1.42256	-1.4494	-1.38793	-1.23876	-0.995052	-0.661504	-0.270258	0.135629	0.530911	0.883499	1.13679	1.25295	1.2368	1.12519	0.946815	0.713089	0.448805	0.189708	-0.0276527	-0.194881	-0.303629	-0.346266	-0.327536	-0.262804	-0.172323	-0.070476	0.0205285	0.0745037	0.0863197	0.0667913	0.0252618	-0.0516894	-0.167923	-0.30093	-0.421963	-0.520956	-0.597006	-0.649714	-0.667456	-0.651929	-0.60667	-0.536438	-0.447874	-0.355765	-0.270462	-0.187266	-0.097898	-0.00193816	0.102451	0.207012	0.301997	0.385068	0.458014	0.525842	0.600197	0.682786	0.7729	0.853864	0.915876	0.946695	0.924602	0.83318	0.670025	0.437615	0.137796	-0.203427	-0.545859	-0.85709	-1.11425	-1.27732	-1.32818	-1.26923	-1.1234	-0.923787	-0.692628	-0.462478	-0.253197	-0.083619	0.0402148	0.124174	0.170528	0.189356	0.186152	0.16842	0.142598	0.110316	0.0798452	0.055084	0.0335436	0.0159017	0	
0	-0.17539	-0.358942	-0.548137	-0.725959	-0.896135	-1.04903	-1.19311	-1.3193	-1.41386	-1.4385	-1.37273	-1.2114	-0.947994	-0.595101	-0.185969	0.232213	0.63297	0.973967	1.20325	1.29137	1.2561	1.13339	0.944307	0.701788	0.435014	0.179635	-0.0324528	-0.194794	-0.294264	-0.327536	-0.300239	-0.228233	-0.133016	-0.0268082	0.0628877	0.119236	0.13694	0.127392	0.0989261	0.0413172	-0.0551304	-0.172619	-0.290639	-0.397135	-0.493377	-0.567851	-0.602879	-0.600133	-0.561712	-0.499036	-0.418549	-0.330222	-0.24309	-0.158509	-0.0616004	0.0424065	0.15513	0.263329	0.357112	0.439774	0.515426	0.588658	0.660769	0.732055	0.804191	0.867608	0.919621	0.947086	0.925698	0.83739	0.678117	0.449777	0.164158	-0.158539	-0.491347	-0.800211	-1.05639	-1.21755	-1.26877	-1.21348	-1.07324	-0.875874	-0.64407	-0.4163	-0.215143	-0.0540727	0.0630076	0.13936	0.179365	0.190192	0.182121	0.162637	0.136024	0.111609	0.0878532	0.0620242	0.0372939	0.0162012	0	
0	-0.151867	-0.317767	-0.493086	-0.662968	-0.823822	-0.974819	-1.11876	-1.24821	-1.34332	-1.3713	-1.30762	-1.14592	-0.879683	-0.526123	-0.11341	0.308875	0.705518	1.02598	1.22603	1.28871	1.23476	1.09893	0.901883	0.659808	0.402338	0.161286	-0.0316602	-0.169442	-0.24541	-0.262804	-0.228233	-0.157835	-0.0691488	0.025676	0.108261	0.161294	0.177971	0.170272	0.152664	0.119192	0.0520825	-0.047963	-0.16143	-0.274379	-0.383837	-0.469808	-0.518757	-0.52892	-0.503316	-0.451069	-0.381287	-0.296922	-0.213459	-0.126709	-0.0250818	0.0867454	0.207031	0.317913	0.412298	0.494563	0.569852	0.636518	0.690424	0.73291	0.780943	0.827802	0.866014	0.885933	0.867027	0.79198	0.654107	0.451302	0.194562	-0.104739	-0.418786	-0.712116	-0.95939	-1.11471	-1.17021	-1.12762	-0.998805	-0.807668	-0.57988	-0.360766	-0.170908	-0.0219807	0.0790672	0.139581	0.166196	0.166031	0.153073	0.132832	0.111207	0.0965606	0.0812087	0.0611582	0.0405022	0.0213837	0	
0	-0.125268	-0.260584	-0.407665	-0.5555	-0.706097	-0.852474	-0.997037	-1.12716	-1.22465	-1.25731	-1.20036	-1.04553	-0.789058	-0.447811	-0.0473913	0.362851	0.739465	1.03011	1.19977	1.23595	1.16046	1.01263	0.816511	0.589411	0.3503	0.134258	-0.026772	-0.128619	-0.173291	-0.172323	-0.133016	-0.0691488	0.00289796	0.0874682	0.162265	0.207319	0.213803	0.202523	0.195176	0.184768	0.139254	0.0532637	-0.0540103	-0.16351	-0.270894	-0.362271	-0.423534	-0.452698	-0.443326	-0.405089	-0.344252	-0.264698	-0.179068	-0.0850329	0.0283573	0.15016	0.270992	0.373537	0.455013	0.526368	0.587501	0.634251	0.663318	0.681271	0.707452	0.737822	0.772097	0.795586	0.785552	0.730182	0.616714	0.43913	0.213007	-0.0560541	-0.349179	-0.625412	-0.85078	-0.992296	-1.04429	-1.00158	-0.874665	-0.689845	-0.481455	-0.284669	-0.116951	0.00918827	0.0878154	0.124535	0.135172	0.123715	0.105222	0.0896508	0.0720589	0.0573682	0.0444922	0.0333252	0.0262548	0.0183669	0	
0	-0.0930044	-0.1893	-0.295115	-0.414993	-0.551631	-0.695754	-0.840962	-0.973177	-1.07268	-1.10969	-1.05967	-0.914901	-0.67079	-0.350271	0.0238789	0.400487	0.741668	0.996486	1.13376	1.14025	1.04101	0.885452	0.701318	0.497109	0.285229	0.103217	-0.0188119	-0.0793621	-0.0912964	-0.070476	-0.0268082	0.025676	0.0874682	0.16379	0.228939	0.259513	0.251993	0.240706	0.239945	0.238707	0.206256	0.132965	0.0374167	-0.0568021	-0.158775	-0.251573	-0.325932	-0.372376	-0.380998	-0.354263	-0.304735	-0.228767	-0.138118	-0.03035	0.096143	0.222124	0.333419	0.41526	0.475849	0.523401	0.555924	0.573177	0.574923	0.573443	0.590436	0.620465	0.659137	0.693337	0.701128	0.664791	0.575043	0.422389	0.218957	-0.0304626	-0.300351	-0.545353	-0.742296	-0.860031	-0.893466	-0.839419	-0.707415	-0.533932	-0.351857	-0.184584	-0.0483615	0.0459757	0.0950408	0.110208	0.101823	0.0727023	0.0485602	0.0296883	0.00866607	-0.00513602	-0.0143423	-0.0151286	-0.0104789	-0.0049532	0	
0	-0.0533915	-0.105146	-0.16627	-0.255147	-0.375491	-0.517673	-0.664516	-0.800671	-0.900323	-0.93868	-0.893685	-0.755619	-0.524805	-0.228176	0.101508	0.42623	0.717487	0.930825	1.03166	1.00579	0.886175	0.72994	0.562185	0.386335	0.208923	0.0678122	-0.0119533	-0.0345893	-0.0158829	0.0205285	0.0628877	0.108261	0.162265	0.228939	0.282043	0.300905	0.295197	0.288956	0.28989	0.291733	0.268199	0.204458	0.12066	0.0342882	-0.058275	-0.14895	-0.227933	-0.286686	-0.309793	-0.297546	-0.257052	-0.183161	-0.0856928	0.0352935	0.167625	0.286928	0.377023	0.435032	0.471148	0.491851	0.494874	0.481008	0.456934	0.441271	0.452419	0.483633	0.533662	0.585346	0.608606	0.590747	0.520575	0.385619	0.201008	-0.0235092	-0.257524	-0.463498	-0.622623	-0.7133	-0.724892	-0.654822	-0.525096	-0.366679	-0.210807	-0.0751038	0.0268711	0.0870474	0.108556	0.10051	0.0753621	0.0350561	-0.00175677	-0.034463	-0.065173	-0.0778474	-0.0752673	-0.067196	-0.0564194	-0.0330083	0	
0	-0.00895955	-0.0168767	-0.0396798	-0.098762	-0.203726	-0.341008	-0.492321	-0.630954	-0.729742	-0.764091	-0.717825	-0.581672	-0.359724	-0.092518	0.184529	0.446548	0.682108	0.849441	0.910452	0.855336	0.721102	0.56366	0.406734	0.254702	0.112347	0.0131348	-0.0292508	-0.0169682	0.0263633	0.0745037	0.119236	0.161294	0.207319	0.259513	0.300905	0.324065	0.327136	0.330595	0.340309	0.35176	0.337905	0.280205	0.197454	0.120104	0.036394	-0.0510972	-0.135827	-0.20901	-0.247795	-0.242661	-0.204163	-0.128841	-0.0227378	0.102536	0.225657	0.326433	0.394882	0.431499	0.448093	0.446225	0.420992	0.383041	0.344266	0.319793	0.322394	0.353217	0.411797	0.471612	0.504907	0.500264	0.446449	0.328157	0.163407	-0.0245826	-0.213834	-0.379552	-0.50441	-0.564487	-0.551396	-0.476255	-0.354799	-0.213478	-0.0798228	0.0363904	0.11315	0.144038	0.137522	0.104057	0.0583239	0.00421352	-0.0435909	-0.0880096	-0.120209	-0.12621	-0.120077	-0.103911	-0.0773338	-0.0411168	0	
0	0.0337275	0.0609503	0.0670105	0.0294481	-0.05872	-0.190824	-0.341578	-0.48149	-0.57449	-0.599146	-0.543489	-0.401985	-0.189273	0.0479695	0.270974	0.473036	0.652212	0.770537	0.793166	0.714832	0.569499	0.402903	0.244323	0.106495	-0.0049986	-0.0687842	-0.0772727	-0.0369851	0.0259574	0.0863197	0.13694	0.177971	0.213803	0.251993	0.295197	0.327136	0.345583	0.370413	0.40326	0.428201	0.41495	0.352728	0.274566	0.204842	0.129069	0.0413594	-0.05364	-0.139153	-0.187439	-0.189147	-0.155142	-0.0823542	0.0214611	0.142158	0.254776	0.341725	0.392817	0.413132	0.411543	0.385742	0.341329	0.291097	0.24398	0.217337	0.220424	0.249423	0.302699	0.362248	0.399312	0.398285	0.353638	0.256108	0.119768	-0.033928	-0.183629	-0.311919	-0.401851	-0.430354	-0.394466	-0.313247	-0.199793	-0.0696178	0.0479768	0.140494	0.196081	0.208776	0.182285	0.129908	0.06474	-0.00750895	-0.0681862	-0.114114	-0.138893	-0.143575	-0.140295	-0.117844	-0.0776516	-0.0353283	0	
0	0.0700922	0.125759	0.152709	0.134631	0.0629929	-0.0559779	-0.199288	-0.332135	-0.416375	-0.426569	-0.356699	-0.210188	-0.010897	0.193805	0.369814	0.519555	0.644315	0.714805	0.703015	0.608254	0.449494	0.264554	0.0925932	-0.0408926	-0.13112	-0.167076	-0.148782	-0.0868236	-0.00761404	0.0667913	0.127392	0.170272	0.202523	0.240706	0.288956	0.330595	0.370413	0.426434	0.484466	0.510147	0.490386	0.432781	0.364914	0.304116	0.234425	0.143059	0.0442219	-0.0468828	-0.106295	-0.12273	-0.101761	-0.0416274	0.0528742	0.161971	0.258448	0.329855	0.365866	0.369917	0.348489	0.306598	0.252898	0.197401	0.148897	0.120908	0.118427	0.147985	0.208034	0.268161	0.30228	0.302624	0.263046	0.175474	0.0598765	-0.0565017	-0.166054	-0.260853	-0.31757	-0.317801	-0.265118	-0.17761	-0.062429	0.0653415	0.17299	0.249913	0.288033	0.282951	0.242531	0.177632	0.0979375	0.0132068	-0.0586959	-0.108671	-0.133482	-0.142864	-0.139463	-0.11304	-0.077302	-0.0411337	0	
0	0.0920907	0.166938	0.210076	0.21047	0.157082	0.0592825	-0.0643836	-0.179609	-0.249058	-0.241223	-0.155763	-0.00768539	0.172585	0.347072	0.486168	0.591735	0.665562	0.689189	0.646595	0.531612	0.352939	0.141536	-0.0496872	-0.187067	-0.26503	-0.280565	-0.240812	-0.161114	-0.0659327	0.0252618	0.0989261	0.152664	0.195176	0.239945	0.28989	0.340309	0.40326	0.484466	0.54901	0.570679	0.55506	0.513073	0.460932	0.411794	0.351673	0.268295	0.172955	0.0761128	-0.000171199	-0.0391943	-0.0351857	0.00701031	0.0818367	0.167532	0.240338	0.287781	0.303677	0.290839	0.256681	0.207991	0.154579	0.101225	0.0536206	0.0286693	0.0323763	0.0654344	0.123741	0.186135	0.224107	0.217903	0.172509	0.0979981	0.00306878	-0.091406	-0.176304	-0.241656	-0.265965	-0.239908	-0.170493	-0.0722486	0.0541158	0.190375	0.300605	0.37307	0.400653	0.381639	0.325889	0.246027	0.154136	0.0638244	-0.0127128	-0.0733343	-0.112647	-0.13107	-0.128385	-0.104323	-0.0795436	-0.0513084	0	
0	0.0912718	0.169969	0.224003	0.239026	0.204705	0.131798	0.0383377	-0.0500139	-0.0976938	-0.0702555	0.0305199	0.176304	0.339806	0.492118	0.608402	0.680301	0.711369	0.696585	0.623503	0.483972	0.278813	0.0413685	-0.170202	-0.319829	-0.396838	-0.405375	-0.355233	-0.265923	-0.158953	-0.0516894	0.0413172	0.119192	0.184768	0.238707	0.291733	0.35176	0.428201	0.510147	0.570679	0.59555	0.593575	0.571855	0.542808	0.518494	0.481357	0.414106	0.324812	0.222006	0.125897	0.066637	0.0482474	0.0612502	0.099866	0.147805	0.187181	0.210372	0.206546	0.175749	0.131334	0.0845981	0.0432647	0.00320913	-0.0307219	-0.0408575	-0.0239787	0.0185912	0.0799584	0.136907	0.165968	0.154514	0.114389	0.0493174	-0.039138	-0.130328	-0.207894	-0.257547	-0.26659	-0.223588	-0.135198	-0.0116411	0.139315	0.289779	0.409995	0.488229	0.52162	0.502492	0.440912	0.353247	0.249675	0.153828	0.0697423	-0.00787005	-0.0640598	-0.0977414	-0.111887	-0.101575	-0.0786441	-0.0474077	0	
0	0.0657189	0.131809	0.187358	0.214157	0.196367	0.150201	0.090744	0.0370738	0.0163045	0.0656289	0.178602	0.324145	0.476511	0.619183	0.722598	0.771413	0.77198	0.727331	0.626488	0.458979	0.230574	-0.0238116	-0.252213	-0.416948	-0.505623	-0.522562	-0.477624	-0.393369	-0.284495	-0.167923	-0.0551304	0.0520825	0.139254	0.206256	0.268199	0.337905	0.41495	0.490386	0.55506	0.593575	0.607226	0.61012	0.616798	0.623684	0.610778	0.560406	0.48193	0.378472	0.275956	0.194804	0.142681	0.110718	0.100277	0.101097	0.103404	0.0957616	0.0685235	0.0253165	-0.0192525	-0.0503409	-0.0678119	-0.0837813	-0.0941156	-0.082913	-0.0485844	0.00450581	0.0722182	0.135264	0.164817	0.146727	0.0956833	0.0233625	-0.0719591	-0.171808	-0.25217	-0.301453	-0.30813	-0.259657	-0.155496	-0.00587051	0.166545	0.336223	0.476705	0.573993	0.624315	0.620757	0.574471	0.494974	0.394737	0.292551	0.190916	0.0977473	0.0273382	-0.0226208	-0.0595769	-0.0717759	-0.0552756	-0.0283763	0	
0	0.0230928	0.0624913	0.110569	0.145882	0.143753	0.124042	0.0992787	0.0850667	0.098332	0.171641	0.300047	0.448775	0.602096	0.740327	0.837555	0.86846	0.847892	0.778215	0.649489	0.454601	0.210282	-0.0529905	-0.291553	-0.473025	-0.580851	-0.617075	-0.591392	-0.521005	-0.420276	-0.30093	-0.172619	-0.047963	0.0532637	0.132965	0.204458	0.280205	0.352728	0.432781	0.513073	0.571855	0.61012	0.653219	0.69701	0.731866	0.735534	0.70485	0.639672	0.545909	0.436747	0.332328	0.241479	0.162228	0.0968659	0.044149	0.00279872	-0.0433104	-0.0966197	-0.147177	-0.173551	-0.174702	-0.163143	-0.15357	-0.141426	-0.108998	-0.050017	0.0255213	0.106363	0.172455	0.19903	0.171181	0.107681	0.0166464	-0.10393	-0.226541	-0.31868	-0.368158	-0.37762	-0.324817	-0.208746	-0.0483438	0.139553	0.331237	0.502316	0.63072	0.709243	0.733788	0.709379	0.647242	0.558453	0.455225	0.345541	0.243006	0.163836	0.102801	0.0512692	0.0215595	0.0098244	0.00200215	0	
0	-0.024599	-0.0212922	0.0134233	0.0513504	0.0680346	0.071519	0.0832145	0.110075	0.165341	0.26951	0.418834	0.581377	0.740684	0.878295	0.96666	0.983359	0.942994	0.84893	0.691121	0.473531	0.216056	-0.050342	-0.297072	-0.492392	-0.620761	-0.682321	-0.678931	-0.62826	-0.539248	-0.421963	-0.290639	-0.16143	-0.0540103	0.0374167	0.12066	0.197454	0.274566	0.364914	0.460932	0.542808	0.616798	0.69701	0.773314	0.830772	0.859467	0.851688	0.804634	0.720003	0.604528	0.474245	0.343924	0.218396	0.0967838	-0.00945394	-0.09947	-0.183599	-0.256661	-0.302902	-0.314092	-0.292279	-0.251733	-0.213107	-0.172088	-0.111262	-0.0266091	0.0653066	0.154067	0.221479	0.240139	0.199152	0.114414	-0.00569427	-0.147406	-0.287273	-0.393357	-0.453882	-0.4677	-0.411378	-0.285662	-0.105875	0.0969156	0.3089	0.511427	0.671357	0.782217	0.837561	0.838234	0.793427	0.718999	0.625127	0.520009	0.420263	0.332296	0.253895	0.188965	0.139904	0.0902228	0.03888	0	
