0	0	0	0	0	0	0	0	0	0	0	0	0	0	0	0	0	0	0	0	0	0	0	0	0	0	0	0	0	0	0	0	0	0	0	0	0	0	0	0	0	0	0	0	0	0	0	0	0	0	0	0	0	0	0	0	0	0	0	0	0	0	0	0	0	0	0	0	0	0	0	0	0	0	0	0	0	0	0	0	0	0	0	0	0	0	0	0	0	0	0	0	0	0	0	0	0	0	0	0	
0	0.0130824	0.023591	0.0321284	0.0420224	0.050682	0.0565899	0.0582818	0.0596449	0.0595055	0.0586058	0.060241	0.0702407	0.089961	0.113525	0.139732	0.166768	0.193777	0.213953	0.220688	0.211688	0.18617	0.147672	0.0988742	0.0415671	-0.015986	-0.0659549	-0.102015	-0.121856	-0.127194	-0.11891	-0.104865	-0.085372	-0.0587526	-0.0261205	0.0077396	0.0439688	0.080877	0.118341	0.152468	0.183139	0.201593	0.204826	0.195288	0.17511	0.148625	0.120413	0.0931003	0.0747228	0.0673162	0.0675753	0.0727953	0.0771607	0.0789425	0.0797766	0.0807339	0.0821316	0.0841696	0.0865183	0.0871204	0.0863709	0.0855383	0.0809297	0.0720825	0.0597871	0.0466917	0.0355049	0.0241332	0.010967	-0.00100339	-0.0115725	-0.0210587	-0.0323726	-0.0442836	-0.0547931	-0.0648476	-0.0743742	-0.0818385	-0.0848345	-0.0825645	-0.0690604	-0.0451942	-0.0115793	0.0326959	0.081707	0.129936	0.171372	0.203395	0.222424	0.228981	0.227954	0.222851	0.217575	0.210126	0.199868	0.18434	0.155212	0.113032	0.0610593	0	
0	0.023591	0.0424929	0.0569588	0.0749814	0.0901285	0.100465	0.103005	0.104173	0.104556	0.101505	0.106507	0.125883	0.166251	0.213448	0.265398	0.319302	0.371919	0.410754	0.423593	0.404487	0.35497	0.280862	0.18733	0.0802069	-0.0288023	-0.122083	-0.189322	-0.228813	-0.240319	-0.229181	-0.206927	-0.173396	-0.12383	-0.0606272	0.00910085	0.0825541	0.157684	0.231226	0.295622	0.349927	0.381154	0.383698	0.363338	0.328719	0.283239	0.235244	0.187973	0.155904	0.137598	0.135477	0.141801	0.147001	0.150519	0.156498	0.161133	0.165023	0.170499	0.175973	0.175569	0.17103	0.165304	0.155866	0.14121	0.120415	0.0980092	0.0785778	0.0611926	0.0366498	0.0139156	-0.00783342	-0.0290489	-0.0538593	-0.0827845	-0.105573	-0.128112	-0.148759	-0.162116	-0.164754	-0.152739	-0.122287	-0.0753428	-0.0110347	0.0708914	0.161377	0.248336	0.323424	0.386912	0.429636	0.449749	0.456932	0.453519	0.441129	0.420637	0.392646	0.351077	0.288835	0.207635	0.109548	0	
0	0.0321284	0.0569588	0.0763641	0.100112	0.121103	0.134994	0.137554	0.139696	0.138678	0.136308	0.142396	0.172618	0.230787	0.299254	0.37381	0.449241	0.522627	0.57544	0.589731	0.560976	0.489353	0.386582	0.260645	0.115638	-0.0284985	-0.153114	-0.244343	-0.299169	-0.322689	-0.315831	-0.29566	-0.257658	-0.191999	-0.0999252	0.00386009	0.116732	0.228691	0.334411	0.421577	0.492152	0.527805	0.526039	0.498862	0.453993	0.399811	0.342668	0.283518	0.240092	0.21758	0.210787	0.216377	0.22295	0.228369	0.236457	0.247021	0.256914	0.263395	0.265315	0.258037	0.246142	0.236911	0.223323	0.203625	0.178638	0.153452	0.133216	0.110389	0.0780999	0.0448991	0.0117431	-0.0217888	-0.0635911	-0.108929	-0.149297	-0.185008	-0.213194	-0.228245	-0.224012	-0.200899	-0.14834	-0.074506	0.0155936	0.124008	0.238171	0.350154	0.451302	0.540325	0.608637	0.652139	0.675356	0.678306	0.663791	0.625804	0.568306	0.494527	0.393358	0.27321	0.143432	0	
0	0.0420224	0.0749814	0.100112	0.13147	0.158739	0.176877	0.180883	0.181963	0.181481	0.175563	0.183845	0.21905	0.291191	0.374237	0.463151	0.552372	0.637252	0.695207	0.706557	0.664069	0.573997	0.450519	0.302708	0.138567	-0.0260296	-0.165784	-0.268419	-0.335326	-0.368012	-0.371841	-0.360972	-0.326562	-0.253095	-0.140972	-0.00698497	0.137865	0.282121	0.414011	0.518966	0.59885	0.63622	0.629479	0.594198	0.546742	0.490896	0.43366	0.373583	0.332716	0.308615	0.307126	0.318154	0.327762	0.335287	0.34707	0.354928	0.357015	0.356033	0.350574	0.333551	0.311784	0.295091	0.279146	0.260681	0.236268	0.210226	0.188121	0.165622	0.126355	0.0844496	0.0403739	-0.00613047	-0.061992	-0.125136	-0.176625	-0.222587	-0.257613	-0.270621	-0.256978	-0.21384	-0.139054	-0.043965	0.0681777	0.1969	0.330132	0.455388	0.567168	0.673508	0.761065	0.822132	0.86287	0.875604	0.854973	0.798981	0.714402	0.604545	0.469074	0.319981	0.163631	0	
0	0.050682	0.0901285	0.121103	0.158739	0.19271	0.215962	0.221428	0.224419	0.222196	0.216395	0.222691	0.262283	0.340943	0.430873	0.524653	0.615968	0.70076	0.754694	0.754161	0.697585	0.590947	0.454759	0.299989	0.129274	-0.0371161	-0.178916	-0.283463	-0.352754	-0.394013	-0.406038	-0.405234	-0.377299	-0.300683	-0.175076	-0.023393	0.142555	0.304262	0.450173	0.562752	0.647437	0.684313	0.673468	0.63636	0.587466	0.535873	0.486342	0.436807	0.40843	0.406092	0.422757	0.449342	0.46785	0.474729	0.475583	0.471807	0.461954	0.445284	0.425644	0.397919	0.3706	0.354744	0.341221	0.322883	0.297858	0.27161	0.250247	0.222832	0.175734	0.12268	0.0671725	0.00995011	-0.0596539	-0.132922	-0.193455	-0.240966	-0.270787	-0.275513	-0.248265	-0.191523	-0.096908	0.0191663	0.148124	0.291572	0.43402	0.569717	0.692499	0.806209	0.902003	0.969985	1.01078	1.01828	0.988439	0.913305	0.803098	0.669989	0.510227	0.340675	0.173987	0	
0	0.0565899	0.100465	0.134994	0.176877	0.215962	0.242166	0.24953	0.25073	0.24766	0.236971	0.240883	0.277895	0.357045	0.445388	0.535053	0.61984	0.697151	0.739675	0.726642	0.654915	0.537369	0.396407	0.241538	0.077444	-0.0834662	-0.217016	-0.313737	-0.379315	-0.417756	-0.43201	-0.435048	-0.411017	-0.336493	-0.209143	-0.0540518	0.112948	0.276948	0.423142	0.53656	0.621728	0.657485	0.644377	0.604056	0.558355	0.516204	0.484176	0.458415	0.462899	0.490978	0.540229	0.589927	0.617682	0.620222	0.608985	0.583715	0.549757	0.516808	0.487872	0.455671	0.426663	0.412322	0.401653	0.386978	0.363643	0.334855	0.308004	0.276251	0.221446	0.158556	0.092374	0.0247977	-0.0516389	-0.129213	-0.186261	-0.227487	-0.248182	-0.238436	-0.19716	-0.124669	-0.018096	0.105732	0.24371	0.397181	0.55313	0.698628	0.82596	0.943618	1.03552	1.09113	1.11609	1.10313	1.0498	0.954585	0.828931	0.683749	0.517903	0.34534	0.175165	0	
0	0.0582818	0.103005	0.137554	0.180883	0.221428	0.24953	0.25524	0.254146	0.244958	0.227942	0.222705	0.251572	0.321309	0.399046	0.475398	0.547039	0.610904	0.64258	0.617996	0.539734	0.420048	0.284264	0.141324	-0.0096424	-0.155117	-0.27498	-0.358358	-0.411377	-0.442031	-0.450389	-0.45306	-0.434051	-0.367384	-0.251597	-0.110496	0.0422359	0.191772	0.329187	0.437664	0.521471	0.558155	0.544618	0.505783	0.465841	0.437884	0.428145	0.434329	0.473458	0.541803	0.624117	0.69696	0.734613	0.734154	0.708267	0.668135	0.621668	0.57415	0.535718	0.498508	0.469104	0.456828	0.450978	0.437939	0.412502	0.381268	0.352137	0.315427	0.252406	0.18059	0.109335	0.0413259	-0.0339336	-0.105384	-0.151628	-0.174852	-0.174702	-0.147495	-0.0909537	-0.00904947	0.103043	0.228747	0.365098	0.516285	0.667932	0.813652	0.942665	1.05405	1.13564	1.17303	1.17014	1.13015	1.05455	0.944125	0.812995	0.670351	0.510218	0.342278	0.174837	0	
0	0.0596449	0.104173	0.139696	0.181963	0.224419	0.25073	0.254146	0.244916	0.225116	0.193625	0.170947	0.180446	0.228678	0.284061	0.338687	0.390463	0.440634	0.462153	0.43434	0.357312	0.246154	0.125053	0.00012356	-0.129797	-0.256163	-0.356025	-0.419704	-0.454758	-0.469262	-0.469662	-0.471423	-0.461825	-0.415101	-0.323703	-0.210069	-0.0849593	0.0449333	0.167553	0.27056	0.354465	0.392975	0.38365	0.351752	0.323126	0.314362	0.330289	0.364194	0.433453	0.528605	0.636931	0.729941	0.782559	0.790881	0.769762	0.728159	0.675494	0.623894	0.578706	0.533624	0.495054	0.47724	0.466429	0.450699	0.425721	0.392347	0.359116	0.317857	0.254089	0.182066	0.112991	0.0518596	-0.0096033	-0.0602857	-0.0833335	-0.0826913	-0.0578597	-0.00590972	0.0684777	0.161437	0.27612	0.394407	0.516467	0.648748	0.782476	0.907513	1.01349	1.10441	1.16402	1.18075	1.1611	1.10678	1.02441	0.914528	0.788292	0.655835	0.505264	0.342276	0.176891	0	
0	0.0595055	0.104556	0.138678	0.181481	0.222196	0.24766	0.244958	0.225116	0.188898	0.1361	0.0880785	0.0678944	0.0838094	0.108149	0.133733	0.164605	0.200257	0.217082	0.190853	0.122264	0.0245593	-0.0789729	-0.184327	-0.293425	-0.398261	-0.476082	-0.515814	-0.527122	-0.522973	-0.512051	-0.514489	-0.518282	-0.49524	-0.436142	-0.355381	-0.26026	-0.157173	-0.0509686	0.0431651	0.122921	0.164819	0.162909	0.140674	0.128824	0.140246	0.176354	0.232425	0.319598	0.432733	0.559212	0.672539	0.746914	0.778335	0.778124	0.756082	0.71794	0.667525	0.61753	0.562401	0.511103	0.47688	0.454726	0.430356	0.395362	0.35605	0.320464	0.281673	0.219707	0.151586	0.0940688	0.0502759	0.0111056	-0.0143141	-0.00601892	0.0306447	0.0887977	0.167634	0.262964	0.369127	0.484441	0.593357	0.697134	0.79991	0.893344	0.975984	1.04159	1.09245	1.12291	1.12073	1.09029	1.03872	0.964692	0.868137	0.757901	0.635477	0.494701	0.338829	0.173695	0	
0	0.0586058	0.101505	0.136308	0.175563	0.216395	0.236971	0.227942	0.193625	0.1361	0.0577292	-0.0228628	-0.0781496	-0.101	-0.111696	-0.114399	-0.103033	-0.0762838	-0.0601869	-0.0803042	-0.139083	-0.22417	-0.314598	-0.404996	-0.497668	-0.583431	-0.63908	-0.655022	-0.642948	-0.619429	-0.600637	-0.602914	-0.617837	-0.615615	-0.580787	-0.526039	-0.458535	-0.378667	-0.296604	-0.22028	-0.153437	-0.118395	-0.120141	-0.132763	-0.132813	-0.104805	-0.051094	0.0201977	0.120023	0.249197	0.396456	0.534987	0.640823	0.705225	0.735093	0.737825	0.717943	0.682894	0.637612	0.57862	0.515167	0.466312	0.425088	0.380476	0.332054	0.282336	0.240782	0.19858	0.144423	0.0887101	0.0460873	0.0232671	0.0125318	0.0246485	0.0696063	0.14291	0.238677	0.349724	0.465957	0.581456	0.696222	0.793528	0.873217	0.942553	0.997544	1.03408	1.04916	1.05266	1.04361	1.01794	0.98023	0.932411	0.872831	0.790952	0.689884	0.578095	0.445798	0.300071	0.154249	0	
0	0.060241	0.106507	0.142396	0.183845	0.222691	0.240883	0.222705	0.170947	0.0880785	-0.0228628	-0.139978	-0.236315	-0.300657	-0.345625	-0.373228	-0.373565	-0.348679	-0.326846	-0.336381	-0.384775	-0.459884	-0.541271	-0.623491	-0.70397	-0.774836	-0.813077	-0.810007	-0.780522	-0.744761	-0.719765	-0.722378	-0.742016	-0.749139	-0.728993	-0.690995	-0.642623	-0.588425	-0.530921	-0.477566	-0.432899	-0.413814	-0.425099	-0.447189	-0.449205	-0.418767	-0.357993	-0.270686	-0.148881	0.0065863	0.184378	0.356032	0.493173	0.58613	0.641506	0.667519	0.667326	0.644095	0.606892	0.552378	0.487213	0.425264	0.367922	0.307249	0.237806	0.169864	0.115243	0.0712625	0.0225213	-0.0204553	-0.0376457	-0.0276054	0.0025588	0.0563086	0.145287	0.260895	0.387685	0.519497	0.646975	0.765085	0.869718	0.951456	1.01299	1.05523	1.07445	1.07093	1.04501	1.00553	0.959533	0.905376	0.847207	0.791102	0.729346	0.653743	0.566252	0.466714	0.355752	0.238227	0.11873	0	
0	0.0702407	0.125883	0.172618	0.21905	0.262283	0.277895	0.251572	0.180446	0.0678944	-0.0781496	-0.236315	-0.374659	-0.480732	-0.556925	-0.603561	-0.608818	-0.580883	-0.548775	-0.54734	-0.584896	-0.650065	-0.723532	-0.794556	-0.861886	-0.916232	-0.938587	-0.924138	-0.887548	-0.849762	-0.829485	-0.834937	-0.857945	-0.869331	-0.855641	-0.826441	-0.792864	-0.756452	-0.722504	-0.692088	-0.67276	-0.678262	-0.715971	-0.76023	-0.783549	-0.765326	-0.704261	-0.60246	-0.458742	-0.26982	-0.055174	0.151684	0.321397	0.440748	0.513409	0.550064	0.558618	0.545907	0.515629	0.464937	0.400272	0.335922	0.270866	0.195841	0.111257	0.027321	-0.0417545	-0.0971182	-0.141402	-0.164427	-0.150549	-0.0972426	-0.0152681	0.0926935	0.225022	0.372059	0.521674	0.662742	0.788147	0.8974	0.989204	1.05565	1.09465	1.1106	1.10235	1.06674	1.00631	0.931263	0.851531	0.769847	0.689682	0.61775	0.55056	0.477546	0.401051	0.324691	0.242751	0.159329	0.0800102	0	
0	0.089961	0.166251	0.230787	0.291191	0.340943	0.357045	0.321309	0.228678	0.0838094	-0.101	-0.300657	-0.480732	-0.624594	-0.726543	-0.783763	-0.787726	-0.749347	-0.705284	-0.688833	-0.714167	-0.766741	-0.82787	-0.88581	-0.937732	-0.977366	-0.991059	-0.974434	-0.942378	-0.912311	-0.900754	-0.912093	-0.93735	-0.952521	-0.947016	-0.928898	-0.908156	-0.888018	-0.87001	-0.85576	-0.857674	-0.890702	-0.959473	-1.04099	-1.09742	-1.10257	-1.0488	-0.937384	-0.770007	-0.551475	-0.305887	-0.0683072	0.127603	0.267778	0.356587	0.405162	0.419081	0.407678	0.37529	0.325042	0.261503	0.193906	0.124046	0.0455842	-0.0467196	-0.140647	-0.218351	-0.273793	-0.30565	-0.304719	-0.253448	-0.155599	-0.0238111	0.127921	0.293844	0.461765	0.615482	0.751409	0.86644	0.962271	1.03598	1.08456	1.10502	1.09497	1.05617	0.989714	0.902311	0.803781	0.702966	0.602985	0.505788	0.419515	0.345502	0.280165	0.226661	0.181945	0.139719	0.0965771	0.0487358	0	
0	0.113525	0.213448	0.299254	0.374237	0.430873	0.445388	0.399046	0.284061	0.108149	-0.111696	-0.345625	-0.556925	-0.726543	-0.839971	-0.897146	-0.887972	-0.835848	-0.774121	-0.742363	-0.751813	-0.78827	-0.834352	-0.87659	-0.915044	-0.945959	-0.95913	-0.953273	-0.935492	-0.921705	-0.924584	-0.944695	-0.975399	-0.995915	-0.999192	-0.989939	-0.97613	-0.964343	-0.956449	-0.956035	-0.983374	-1.04876	-1.15703	-1.27755	-1.36816	-1.39653	-1.35331	-1.23762	-1.06166	-0.827767	-0.564379	-0.307121	-0.0900518	0.0699747	0.173978	0.230195	0.250288	0.242882	0.211659	0.160622	0.0961402	0.02537	-0.0479102	-0.127703	-0.219287	-0.305543	-0.370132	-0.40741	-0.412809	-0.379176	-0.29638	-0.171081	-0.0155163	0.151808	0.323445	0.489303	0.637496	0.762491	0.86427	0.944899	0.998382	1.02551	1.01859	0.979863	0.915629	0.825996	0.722053	0.61105	0.502206	0.399282	0.301258	0.217934	0.150906	0.0980566	0.0659183	0.047766	0.036411	0.0284132	0.0145757	0	
0	0.139732	0.265398	0.37381	0.463151	0.524653	0.535053	0.475398	0.338687	0.133733	-0.114399	-0.373228	-0.603561	-0.783763	-0.897146	-0.939593	-0.911092	-0.834972	-0.752136	-0.69673	-0.684595	-0.699051	-0.728099	-0.757826	-0.79249	-0.826668	-0.855617	-0.871699	-0.879582	-0.88572	-0.905416	-0.934983	-0.969776	-0.994041	-1.00234	-0.995046	-0.982751	-0.97244	-0.9724	-0.988504	-1.04211	-1.14384	-1.29124	-1.44903	-1.57264	-1.62738	-1.59746	-1.48762	-1.30994	-1.07062	-0.801038	-0.534842	-0.308244	-0.137938	-0.0241114	0.0424377	0.0685511	0.0697292	0.0423184	-0.005753	-0.0691836	-0.142833	-0.219182	-0.29699	-0.375439	-0.438901	-0.471242	-0.47115	-0.435574	-0.365697	-0.261992	-0.131607	0.0178832	0.169035	0.318021	0.460362	0.587052	0.693369	0.775856	0.832753	0.85726	0.853379	0.816416	0.751691	0.670506	0.574014	0.472119	0.370134	0.269841	0.176135	0.0906447	0.0184299	-0.0341679	-0.0685973	-0.0816892	-0.0783144	-0.065623	-0.0442523	-0.0229283	0	
0	0.166768	0.319302	0.449241	0.552372	0.615968	0.61984	0.547039	0.390463	0.164605	-0.103033	-0.373565	-0.608818	-0.787726	-0.887972	-0.911092	-0.855021	-0.754317	-0.644042	-0.562014	-0.522064	-0.512474	-0.524378	-0.547569	-0.585393	-0.633023	-0.682549	-0.727791	-0.761141	-0.79187	-0.828639	-0.87042	-0.910241	-0.934329	-0.940067	-0.929008	-0.907605	-0.897633	-0.905677	-0.93919	-1.02304	-1.15939	-1.34107	-1.53289	-1.68725	-1.76757	-1.75966	-1.66271	-1.4938	-1.26043	-0.995757	-0.731611	-0.504557	-0.333018	-0.214995	-0.146426	-0.112701	-0.104935	-0.127089	-0.170029	-0.227605	-0.297549	-0.368443	-0.427579	-0.481021	-0.50877	-0.500522	-0.459168	-0.386532	-0.290044	-0.175253	-0.0537929	0.0729468	0.189247	0.298853	0.401371	0.48946	0.560337	0.611358	0.634501	0.620289	0.582805	0.516654	0.432054	0.345003	0.252889	0.166048	0.0825538	0.00133739	-0.0699442	-0.131565	-0.177243	-0.205183	-0.219041	-0.212399	-0.195566	-0.166875	-0.118235	-0.0642937	0	
0	0.193777	0.371919	0.522627	0.637252	0.70076	0.697151	0.610904	0.440634	0.200257	-0.0762838	-0.348679	-0.580883	-0.749347	-0.835848	-0.834972	-0.754317	-0.625081	-0.486482	-0.372235	-0.302078	-0.266509	-0.264836	-0.28482	-0.331827	-0.393133	-0.464403	-0.532231	-0.591253	-0.64032	-0.693637	-0.744268	-0.783507	-0.801401	-0.800576	-0.780549	-0.757537	-0.750658	-0.771296	-0.826077	-0.932496	-1.09431	-1.30285	-1.51952	-1.70101	-1.81295	-1.82949	-1.75483	-1.6043	-1.38771	-1.13994	-0.889954	-0.674286	-0.507289	-0.38986	-0.318393	-0.285738	-0.273816	-0.292841	-0.332034	-0.380289	-0.43382	-0.478811	-0.508309	-0.522588	-0.508683	-0.462	-0.391631	-0.297779	-0.184986	-0.0708719	0.0372941	0.141424	0.224688	0.291664	0.3445	0.381807	0.400548	0.399404	0.374516	0.320277	0.24936	0.159511	0.0641839	-0.0240596	-0.109312	-0.182529	-0.243001	-0.297599	-0.339301	-0.363806	-0.376185	-0.375183	-0.362529	-0.335288	-0.298493	-0.249998	-0.178015	-0.0938344	0	
0	0.213953	0.410754	0.57544	0.695207	0.754694	0.739675	0.64258	0.462153	0.217082	-0.0601869	-0.326846	-0.548775	-0.705284	-0.774121	-0.752136	-0.644042	-0.486482	-0.315079	-0.167678	-0.0656155	-0.00797689	0.00513165	-0.0156459	-0.0697248	-0.141899	-0.22485	-0.310509	-0.384203	-0.448554	-0.508871	-0.560007	-0.590874	-0.595784	-0.584512	-0.564417	-0.543484	-0.549202	-0.58703	-0.658003	-0.782841	-0.963654	-1.1896	-1.42738	-1.63465	-1.77241	-1.8178	-1.77047	-1.64594	-1.45833	-1.24123	-1.01806	-0.821021	-0.666862	-0.554533	-0.488645	-0.455821	-0.445016	-0.464391	-0.494286	-0.521052	-0.545347	-0.55826	-0.543338	-0.513116	-0.458777	-0.379652	-0.286426	-0.178483	-0.0627664	0.0447102	0.135315	0.214337	0.266847	0.29697	0.303084	0.282377	0.239614	0.180088	0.098412	-0.00345843	-0.102131	-0.207366	-0.310724	-0.399273	-0.481207	-0.543182	-0.58293	-0.609436	-0.613901	-0.598925	-0.574504	-0.542196	-0.504469	-0.450742	-0.38847	-0.315692	-0.217787	-0.112345	0	
0	0.220688	0.423593	0.589731	0.706557	0.754161	0.726642	0.617996	0.43434	0.190853	-0.0803042	-0.336381	-0.54734	-0.688833	-0.742363	-0.69673	-0.562014	-0.372235	-0.167678	0.0136409	0.143867	0.220496	0.24193	0.221981	0.164981	0.0906213	0.0018363	-0.0908409	-0.175788	-0.24469	-0.302648	-0.34427	-0.357128	-0.345054	-0.326457	-0.306631	-0.295521	-0.313653	-0.364009	-0.451416	-0.590357	-0.787837	-1.03268	-1.28896	-1.51527	-1.67904	-1.7498	-1.73138	-1.63772	-1.48457	-1.30249	-1.10997	-0.93991	-0.80569	-0.709293	-0.655937	-0.63623	-0.627861	-0.636387	-0.647589	-0.647175	-0.636869	-0.608642	-0.55594	-0.485807	-0.390643	-0.276729	-0.161163	-0.0446967	0.0725473	0.166991	0.234097	0.284399	0.303579	0.296655	0.26098	0.193071	0.0957918	-0.0223501	-0.157418	-0.300695	-0.432523	-0.555231	-0.659763	-0.745461	-0.820622	-0.871161	-0.891001	-0.891327	-0.866684	-0.815773	-0.75877	-0.70051	-0.635489	-0.554922	-0.465988	-0.367304	-0.247554	-0.124356	0	
0	0.211688	0.404487	0.560976	0.664069	0.697585	0.654915	0.539734	0.357312	0.122264	-0.139083	-0.384775	-0.584896	-0.714167	-0.751813	-0.684595	-0.522064	-0.302078	-0.0656155	0.143867	0.297725	0.388785	0.418503	0.402467	0.348253	0.275411	0.187001	0.0895086	0.00195802	-0.0630943	-0.107508	-0.12807	-0.11894	-0.089254	-0.062757	-0.0468715	-0.042585	-0.0678736	-0.128819	-0.226499	-0.378867	-0.592554	-0.853011	-1.12429	-1.37021	-1.5559	-1.65305	-1.662	-1.59257	-1.46438	-1.30842	-1.1457	-1.00584	-0.903202	-0.836155	-0.80883	-0.801473	-0.794697	-0.796791	-0.79019	-0.760613	-0.715998	-0.655843	-0.566489	-0.456151	-0.324973	-0.181685	-0.0459959	0.0801826	0.194574	0.273388	0.315148	0.332747	0.319521	0.279476	0.204568	0.0932099	-0.0458709	-0.20305	-0.377086	-0.552042	-0.703238	-0.838346	-0.948312	-1.02689	-1.08686	-1.11707	-1.11302	-1.0944	-1.05538	-0.991111	-0.918115	-0.837692	-0.746527	-0.636465	-0.519287	-0.401068	-0.26697	-0.131282	0	
0	0.18617	0.35497	0.489353	0.573997	0.590947	0.537369	0.420048	0.246154	0.0245593	-0.22417	-0.459884	-0.650065	-0.766741	-0.78827	-0.699051	-0.512474	-0.266509	-0.00797689	0.220496	0.388785	0.488666	0.526519	0.515872	0.467484	0.399326	0.313576	0.219251	0.137629	0.086039	0.0640779	0.0649982	0.0938934	0.136887	0.169601	0.186883	0.19213	0.166747	0.103952	-0.0025454	-0.166293	-0.394261	-0.668217	-0.952853	-1.21273	-1.41539	-1.53002	-1.55413	-1.49571	-1.3813	-1.24636	-1.1114	-1.00531	-0.938714	-0.904996	-0.904536	-0.920432	-0.929229	-0.931872	-0.916572	-0.872151	-0.803092	-0.710617	-0.58766	-0.442685	-0.278032	-0.109507	0.036404	0.159505	0.263891	0.328817	0.350916	0.342083	0.297706	0.221589	0.110767	-0.0354916	-0.203545	-0.380176	-0.563515	-0.739968	-0.894939	-1.02757	-1.12701	-1.19494	-1.2386	-1.2486	-1.22739	-1.1984	-1.15705	-1.09141	-1.01316	-0.921741	-0.810669	-0.679027	-0.54494	-0.415133	-0.275161	-0.135038	0	
0	0.147672	0.280862	0.386582	0.450519	0.454759	0.396407	0.284264	0.125053	-0.0789729	-0.314598	-0.541271	-0.723532	-0.82787	-0.834352	-0.728099	-0.524378	-0.264836	0.00513165	0.24193	0.418503	0.526519	0.5731	0.570142	0.528259	0.463477	0.382402	0.295232	0.224095	0.190798	0.188458	0.208108	0.251282	0.306252	0.349385	0.375542	0.385663	0.364732	0.300337	0.187878	0.0171947	-0.217012	-0.496733	-0.785671	-1.0499	-1.25788	-1.37642	-1.40011	-1.33972	-1.22935	-1.10677	-0.997764	-0.925582	-0.893614	-0.89412	-0.926423	-0.969501	-1.00145	-1.02286	-1.02104	-0.975867	-0.891871	-0.775841	-0.626783	-0.454399	-0.27058	-0.0956273	0.0478002	0.160626	0.252349	0.303098	0.308883	0.279472	0.212854	0.112436	-0.0270563	-0.197414	-0.375552	-0.549204	-0.716776	-0.867891	-0.997387	-1.10881	-1.18997	-1.23769	-1.26156	-1.25554	-1.22119	-1.18628	-1.14842	-1.08777	-1.0109	-0.919206	-0.804761	-0.668305	-0.530929	-0.401314	-0.264997	-0.128592	0	
0	0.0988742	0.18733	0.260645	0.302708	0.299989	0.241538	0.141324	0.00012356	-0.184327	-0.404996	-0.623491	-0.794556	-0.88581	-0.87659	-0.757826	-0.547569	-0.28482	-0.0156459	0.221981	0.402467	0.515872	0.570142	0.572597	0.534891	0.473935	0.400452	0.324903	0.268598	0.24932	0.259657	0.288721	0.338341	0.402539	0.458406	0.495115	0.513976	0.500853	0.439632	0.329865	0.159836	-0.0747032	-0.353068	-0.63656	-0.892618	-1.08506	-1.18708	-1.19581	-1.12476	-1.01391	-0.904899	-0.82091	-0.775426	-0.772946	-0.805136	-0.869275	-0.948971	-1.021	-1.07463	-1.09079	-1.05365	-0.965035	-0.840362	-0.685059	-0.508635	-0.325932	-0.156153	-0.0262586	0.0704465	0.144592	0.182807	0.17667	0.129185	0.045524	-0.0706825	-0.217208	-0.384571	-0.548004	-0.695717	-0.829096	-0.939759	-1.0274	-1.09374	-1.13379	-1.15272	-1.15843	-1.14375	-1.10872	-1.07284	-1.03038	-0.967026	-0.891347	-0.806434	-0.70687	-0.589083	-0.465811	-0.348732	-0.227668	-0.107303	0	
0	0.0415671	0.0802069	0.115638	0.138567	0.129274	0.077444	-0.0096424	-0.129797	-0.293425	-0.497668	-0.70397	-0.861886	-0.937732	-0.915044	-0.79249	-0.585393	-0.331827	-0.0697248	0.164981	0.348253	0.467484	0.528259	0.534891	0.501853	0.445148	0.379817	0.314922	0.265593	0.249933	0.261812	0.292188	0.347297	0.422282	0.492468	0.543365	0.571833	0.566028	0.512923	0.407166	0.240225	0.0123602	-0.254003	-0.517631	-0.742742	-0.903028	-0.980266	-0.969223	-0.889199	-0.777532	-0.673594	-0.601205	-0.575862	-0.598233	-0.662454	-0.764192	-0.882609	-0.990815	-1.06968	-1.10773	-1.08681	-1.01031	-0.896169	-0.757121	-0.602823	-0.444235	-0.301604	-0.194525	-0.118427	-0.0626018	-0.0377965	-0.0583829	-0.118473	-0.207758	-0.318109	-0.446358	-0.5839	-0.705909	-0.806897	-0.888183	-0.946064	-0.985337	-1.00316	-0.99562	-0.975958	-0.957234	-0.932537	-0.897137	-0.859246	-0.813569	-0.746349	-0.667457	-0.594022	-0.518066	-0.43142	-0.345035	-0.259925	-0.16878	-0.0797234	0	
0	-0.015986	-0.0288023	-0.0284985	-0.0260296	-0.0371161	-0.0834662	-0.155117	-0.256163	-0.398261	-0.583431	-0.774836	-0.916232	-0.977366	-0.945959	-0.826668	-0.633023	-0.393133	-0.141899	0.0906213	0.275411	0.399326	0.463477	0.473935	0.445148	0.392967	0.333302	0.271789	0.220544	0.200163	0.205915	0.238559	0.298518	0.384051	0.469306	0.534428	0.573348	0.580653	0.534844	0.43605	0.274581	0.0569474	-0.188593	-0.418993	-0.606641	-0.730591	-0.779475	-0.75083	-0.65862	-0.537677	-0.430266	-0.368	-0.359315	-0.405854	-0.501294	-0.632333	-0.778831	-0.91317	-1.01828	-1.07768	-1.07908	-1.02652	-0.944603	-0.849117	-0.740103	-0.625916	-0.521203	-0.447634	-0.398896	-0.365746	-0.354887	-0.381901	-0.44416	-0.524025	-0.609587	-0.695848	-0.776404	-0.834814	-0.874503	-0.895729	-0.895404	-0.8775	-0.841923	-0.792159	-0.739121	-0.696269	-0.656534	-0.611475	-0.56593	-0.51508	-0.45116	-0.382908	-0.324256	-0.274053	-0.224895	-0.179175	-0.139715	-0.0953707	-0.0444378	0	
0	-0.0659549	-0.122083	-0.153114	-0.165784	-0.178916	-0.217016	-0.27498	-0.356025	-0.476082	-0.63908	-0.813077	-0.938587	-0.991059	-0.95913	-0.855617	-0.682549	-0.464403	-0.22485	0.0018363	0.187001	0.313576	0.382402	0.400452	0.379817	0.333302	0.274428	0.208067	0.148888	0.117607	0.118817	0.152793	0.218576	0.314905	0.414973	0.497602	0.552857	0.570085	0.531812	0.436702	0.278528	0.0766378	-0.142813	-0.339724	-0.491484	-0.583096	-0.611767	-0.563628	-0.457326	-0.321868	-0.207714	-0.147667	-0.152165	-0.218763	-0.335805	-0.486333	-0.649499	-0.802317	-0.9219	-1.00076	-1.03301	-1.02348	-0.991895	-0.952534	-0.906637	-0.852515	-0.801126	-0.769564	-0.752751	-0.745404	-0.747728	-0.776889	-0.826978	-0.876209	-0.913189	-0.935085	-0.943803	-0.929728	-0.89517	-0.844045	-0.781689	-0.710936	-0.631703	-0.547023	-0.469628	-0.407536	-0.348299	-0.290793	-0.235028	-0.182661	-0.133351	-0.083077	-0.0463908	-0.0233455	-0.00634887	-0.00420831	-0.0121642	-0.0149636	-0.00966925	0	
0	-0.102015	-0.189322	-0.244343	-0.268419	-0.283463	-0.313737	-0.358358	-0.419704	-0.515814	-0.655022	-0.810007	-0.924138	-0.974434	-0.953273	-0.871699	-0.727791	-0.532231	-0.310509	-0.0908409	0.0895086	0.219251	0.295232	0.324903	0.314922	0.271789	0.208067	0.134402	0.0672445	0.0326472	0.0337475	0.0729114	0.146304	0.25158	0.366919	0.4666	0.53273	0.554416	0.516516	0.422062	0.273021	0.0877232	-0.106326	-0.278268	-0.405461	-0.478036	-0.48755	-0.423548	-0.301244	-0.151854	-0.0288355	0.0299203	0.0166716	-0.0585618	-0.183866	-0.338448	-0.50643	-0.663281	-0.797671	-0.901465	-0.968703	-1.00391	-1.02771	-1.05572	-1.08102	-1.0926	-1.0982	-1.11386	-1.13555	-1.15678	-1.17147	-1.19532	-1.2184	-1.22299	-1.19824	-1.14598	-1.07554	-0.983428	-0.878725	-0.758837	-0.632101	-0.508114	-0.391451	-0.286296	-0.193873	-0.117678	-0.0461176	0.0225891	0.0818839	0.125952	0.156086	0.178766	0.188198	0.185239	0.173376	0.146602	0.108036	0.0683895	0.0321561	0	
0	-0.121856	-0.228813	-0.299169	-0.335326	-0.352754	-0.379315	-0.411377	-0.454758	-0.527122	-0.642948	-0.780522	-0.887548	-0.942378	-0.935492	-0.879582	-0.761141	-0.591253	-0.384203	-0.175788	0.00195802	0.137629	0.224095	0.268598	0.265593	0.220544	0.148888	0.0672445	0.00103152	-0.0293636	-0.0227783	0.0251893	0.105501	0.221534	0.349091	0.460429	0.529962	0.547397	0.504083	0.411784	0.266931	0.0939755	-0.0889471	-0.247194	-0.359197	-0.412505	-0.404661	-0.325089	-0.196329	-0.0422938	0.0821933	0.139327	0.127219	0.0551147	-0.0634608	-0.210224	-0.36946	-0.526758	-0.671418	-0.793381	-0.892469	-0.975978	-1.05501	-1.13959	-1.22526	-1.29616	-1.35509	-1.41682	-1.47732	-1.52634	-1.55267	-1.56352	-1.5529	-1.50882	-1.42429	-1.3081	-1.17041	-1.01547	-0.844552	-0.661831	-0.487607	-0.321786	-0.176932	-0.0552232	0.0498052	0.13494	0.212403	0.277693	0.330407	0.365277	0.375604	0.375703	0.360417	0.326962	0.289598	0.244811	0.191829	0.13505	0.0691098	0	
0	-0.127194	-0.240319	-0.322689	-0.368012	-0.394013	-0.417756	-0.442031	-0.469262	-0.522973	-0.619429	-0.744761	-0.849762	-0.912311	-0.921705	-0.88572	-0.79187	-0.64032	-0.448554	-0.24469	-0.0630943	0.086039	0.190798	0.24932	0.249933	0.200163	0.117607	0.0326472	-0.0293636	-0.0546729	-0.0412093	0.010218	0.0990845	0.222578	0.358254	0.473656	0.54244	0.550884	0.503698	0.407136	0.26113	0.0837507	-0.0974938	-0.250372	-0.347695	-0.383448	-0.359763	-0.275176	-0.147054	0.0047506	0.125999	0.18644	0.176847	0.110982	0.00555137	-0.122696	-0.26644	-0.409936	-0.552782	-0.688445	-0.814574	-0.933737	-1.05222	-1.17762	-1.30724	-1.41994	-1.5187	-1.61739	-1.70735	-1.77725	-1.80973	-1.81035	-1.77016	-1.68728	-1.56246	-1.40186	-1.22051	-1.02253	-0.810195	-0.591145	-0.386739	-0.20285	-0.0477905	0.0829321	0.196886	0.292104	0.374839	0.438131	0.481837	0.506371	0.507165	0.490393	0.455637	0.403259	0.346154	0.287786	0.229319	0.16587	0.0854545	0	
0	-0.11891	-0.229181	-0.315831	-0.371841	-0.406038	-0.43201	-0.450389	-0.469662	-0.512051	-0.600637	-0.719765	-0.829485	-0.900754	-0.924584	-0.905416	-0.828639	-0.693637	-0.508871	-0.302648	-0.107508	0.0640779	0.188458	0.259657	0.261812	0.205915	0.118817	0.0337475	-0.0227783	-0.0412093	-0.0274832	0.0252382	0.114223	0.235279	0.365797	0.477082	0.540789	0.545617	0.493757	0.391413	0.234723	0.0477612	-0.138531	-0.287258	-0.372412	-0.397836	-0.366463	-0.281721	-0.158551	-0.0131853	0.109538	0.172028	0.167884	0.114076	0.0277209	-0.0809762	-0.200588	-0.322823	-0.457464	-0.592191	-0.723111	-0.858209	-0.996727	-1.14284	-1.29705	-1.43527	-1.55553	-1.67022	-1.77656	-1.85606	-1.89347	-1.88702	-1.83248	-1.73744	-1.59619	-1.41897	-1.21886	-1.00739	-0.787239	-0.567978	-0.372955	-0.192829	-0.0389414	0.093044	0.217305	0.320817	0.404998	0.469065	0.511941	0.533384	0.529559	0.506947	0.467559	0.413133	0.357647	0.298402	0.234834	0.167521	0.0846352	0	
0	-0.104865	-0.206927	-0.29566	-0.360972	-0.405234	-0.435048	-0.45306	-0.471423	-0.514489	-0.602914	-0.722378	-0.834937	-0.912093	-0.944695	-0.934983	-0.87042	-0.744268	-0.560007	-0.34427	-0.12807	0.0649982	0.208108	0.288721	0.292188	0.238559	0.152793	0.0729114	0.0251893	0.010218	0.0252382	0.0712248	0.149975	0.256509	0.37096	0.471511	0.531879	0.52922	0.465711	0.346805	0.173939	-0.0243203	-0.211655	-0.353757	-0.433711	-0.455607	-0.425613	-0.35128	-0.239717	-0.101772	0.0165984	0.0868776	0.0979655	0.0607971	-0.00339836	-0.0859277	-0.180244	-0.279124	-0.391869	-0.507314	-0.624713	-0.751834	-0.885527	-1.02633	-1.1768	-1.3161	-1.4407	-1.56222	-1.66992	-1.74865	-1.78982	-1.78746	-1.73757	-1.64953	-1.52374	-1.36245	-1.17821	-0.987123	-0.791261	-0.607224	-0.446348	-0.291258	-0.148953	-0.0158954	0.110096	0.216188	0.302068	0.364966	0.406465	0.432091	0.436518	0.421646	0.398533	0.365755	0.326289	0.275617	0.211733	0.143592	0.0695366	0	
0	-0.085372	-0.173396	-0.257658	-0.326562	-0.377299	-0.411017	-0.434051	-0.461825	-0.518282	-0.617837	-0.742016	-0.857945	-0.93735	-0.975399	-0.969776	-0.910241	-0.783507	-0.590874	-0.357128	-0.11894	0.0938934	0.251282	0.338341	0.347297	0.298518	0.218576	0.146304	0.105501	0.0990845	0.114223	0.149975	0.213427	0.298949	0.395826	0.485881	0.536454	0.517014	0.428215	0.281626	0.0902178	-0.118386	-0.308095	-0.45081	-0.530897	-0.55704	-0.534402	-0.472738	-0.375457	-0.253561	-0.138243	-0.0579031	-0.0327625	-0.0483061	-0.0836388	-0.138527	-0.202137	-0.266172	-0.349817	-0.443421	-0.538249	-0.640175	-0.74388	-0.850593	-0.971933	-1.09219	-1.20401	-1.31557	-1.41806	-1.49272	-1.53234	-1.53329	-1.49659	-1.43678	-1.34913	-1.23301	-1.10194	-0.967175	-0.829469	-0.700112	-0.582169	-0.460153	-0.340834	-0.222755	-0.10447	-0.00329176	0.0790945	0.147442	0.193678	0.223684	0.244586	0.252118	0.2531	0.248309	0.232822	0.197224	0.147401	0.0977636	0.0455229	0	
0	-0.0587526	-0.12383	-0.191999	-0.253095	-0.300683	-0.336493	-0.367384	-0.415101	-0.49524	-0.615615	-0.749139	-0.869331	-0.952521	-0.995915	-0.994041	-0.934329	-0.801401	-0.595784	-0.345054	-0.089254	0.136887	0.306252	0.402539	0.422282	0.384051	0.314905	0.25158	0.221534	0.222578	0.235279	0.256509	0.298949	0.36736	0.451351	0.530218	0.566493	0.521972	0.399604	0.223869	0.0104298	-0.214879	-0.418413	-0.572638	-0.66389	-0.699962	-0.68666	-0.639506	-0.556009	-0.444747	-0.330685	-0.243727	-0.201229	-0.19514	-0.20349	-0.224086	-0.248879	-0.280108	-0.335483	-0.400373	-0.463503	-0.528881	-0.592688	-0.656577	-0.73456	-0.819457	-0.905726	-0.997826	-1.08182	-1.14021	-1.17593	-1.18501	-1.16838	-1.14278	-1.1053	-1.05283	-0.992789	-0.930788	-0.865353	-0.802196	-0.735801	-0.652381	-0.564645	-0.477881	-0.387397	-0.302473	-0.224078	-0.15165	-0.0987787	-0.0570518	-0.0161527	0.0165253	0.0436415	0.0621774	0.0677075	0.0570017	0.0382761	0.0261492	0.0135985	0	
0	-0.0261205	-0.0606272	-0.0999252	-0.140972	-0.175076	-0.209143	-0.251597	-0.323703	-0.436142	-0.580787	-0.728993	-0.855641	-0.947016	-0.999192	-1.00234	-0.940067	-0.800576	-0.584512	-0.326457	-0.062757	0.169601	0.349385	0.458406	0.492468	0.469306	0.414973	0.366919	0.349091	0.358254	0.365797	0.37096	0.395826	0.451351	0.521936	0.584245	0.595037	0.522701	0.369586	0.167001	-0.0695579	-0.316498	-0.544954	-0.719135	-0.831995	-0.884871	-0.88898	-0.854331	-0.780138	-0.673138	-0.556273	-0.453539	-0.388358	-0.354568	-0.329452	-0.31696	-0.312303	-0.314306	-0.334799	-0.365481	-0.391287	-0.413682	-0.434654	-0.459191	-0.50008	-0.555787	-0.612604	-0.671342	-0.720627	-0.755387	-0.7872	-0.81109	-0.824781	-0.834163	-0.841113	-0.845012	-0.85391	-0.866623	-0.873694	-0.875288	-0.860209	-0.824964	-0.781039	-0.730021	-0.67324	-0.616025	-0.55347	-0.486425	-0.432052	-0.381074	-0.321109	-0.266832	-0.220614	-0.179122	-0.143559	-0.115537	-0.0897595	-0.0559625	-0.0233273	0	
0	0.0077396	0.00910085	0.00386009	-0.00698497	-0.023393	-0.0540518	-0.110496	-0.210069	-0.355381	-0.526039	-0.690995	-0.826441	-0.928898	-0.989939	-0.995046	-0.929008	-0.780549	-0.564417	-0.306631	-0.0468715	0.186883	0.375542	0.495115	0.543365	0.534428	0.497602	0.4666	0.460429	0.473656	0.477082	0.471511	0.485881	0.530218	0.584245	0.617828	0.599886	0.499268	0.319259	0.0903644	-0.170226	-0.443045	-0.692728	-0.89141	-1.02735	-1.1018	-1.12394	-1.10162	-1.03344	-0.929326	-0.804562	-0.680355	-0.58182	-0.507752	-0.448177	-0.405709	-0.37486	-0.351463	-0.342054	-0.335203	-0.317586	-0.295327	-0.281562	-0.279173	-0.295096	-0.321659	-0.345197	-0.368769	-0.387771	-0.405256	-0.429595	-0.464552	-0.501181	-0.542978	-0.589857	-0.64104	-0.707892	-0.776847	-0.845305	-0.905617	-0.940862	-0.954077	-0.951392	-0.938494	-0.916691	-0.891771	-0.85804	-0.809353	-0.760628	-0.703064	-0.627746	-0.557699	-0.498852	-0.434499	-0.360499	-0.287685	-0.215771	-0.13853	-0.0649552	0	
0	0.0439688	0.0825541	0.116732	0.137865	0.142555	0.112948	0.0422359	-0.0849593	-0.26026	-0.458535	-0.642623	-0.792864	-0.908156	-0.97613	-0.982751	-0.907605	-0.757537	-0.543484	-0.295521	-0.042585	0.19213	0.385663	0.513976	0.571833	0.573348	0.552857	0.53273	0.529962	0.54244	0.540789	0.531879	0.536454	0.566493	0.595037	0.599886	0.552928	0.432036	0.228842	-0.0241283	-0.310066	-0.601287	-0.874107	-1.09215	-1.24684	-1.33475	-1.36528	-1.34485	-1.28141	-1.17696	-1.03941	-0.889937	-0.75084	-0.637033	-0.546124	-0.477708	-0.422762	-0.37432	-0.329577	-0.287535	-0.241387	-0.195299	-0.160849	-0.138733	-0.126604	-0.123205	-0.122542	-0.124754	-0.12457	-0.125858	-0.144507	-0.180803	-0.224499	-0.281115	-0.356636	-0.455619	-0.570565	-0.682369	-0.788433	-0.882138	-0.959805	-1.02149	-1.0663	-1.09142	-1.10181	-1.10897	-1.101	-1.07292	-1.03121	-0.969116	-0.886482	-0.802655	-0.72908	-0.646299	-0.541703	-0.432475	-0.326922	-0.215776	-0.103365	0	
0	0.080877	0.157684	0.228691	0.282121	0.304262	0.276948	0.191772	0.0449333	-0.157173	-0.378667	-0.588425	-0.756452	-0.888018	-0.964343	-0.97244	-0.897633	-0.750658	-0.549202	-0.313653	-0.0678736	0.166747	0.364732	0.500853	0.566028	0.580653	0.570085	0.554416	0.547397	0.550884	0.545617	0.52922	0.517014	0.521972	0.522701	0.499268	0.432036	0.29374	0.0733625	-0.198579	-0.499303	-0.805147	-1.08951	-1.31895	-1.48188	-1.5693	-1.59804	-1.57286	-1.50121	-1.37718	-1.21643	-1.03351	-0.861886	-0.720521	-0.609389	-0.515977	-0.434302	-0.356376	-0.283803	-0.22203	-0.163066	-0.106409	-0.0634467	-0.030838	-0.0037019	0.0181789	0.0372547	0.0482644	0.0575815	0.0603983	0.052893	0.0242011	-0.0209286	-0.0846077	-0.176728	-0.298184	-0.440024	-0.573117	-0.696867	-0.81243	-0.917116	-1.01662	-1.10532	-1.17254	-1.22218	-1.2564	-1.25965	-1.23612	-1.19692	-1.13823	-1.05831	-0.967695	-0.875644	-0.771717	-0.6502	-0.525515	-0.401923	-0.268682	-0.130676	0	
0	0.118341	0.231226	0.334411	0.414011	0.450173	0.423142	0.329187	0.167553	-0.0509686	-0.296604	-0.530921	-0.722504	-0.87001	-0.956449	-0.9724	-0.905677	-0.771296	-0.58703	-0.364009	-0.128819	0.103952	0.300337	0.439632	0.512923	0.534844	0.531812	0.516516	0.504083	0.503698	0.493757	0.465711	0.428215	0.399604	0.369586	0.319259	0.228842	0.0733625	-0.157587	-0.436778	-0.74185	-1.04827	-1.33159	-1.56009	-1.71322	-1.79294	-1.81012	-1.76409	-1.66257	-1.50468	-1.30597	-1.09409	-0.897417	-0.732321	-0.600925	-0.490417	-0.394371	-0.303143	-0.220091	-0.14852	-0.0852194	-0.0284794	0.0126679	0.0420291	0.0673976	0.0973364	0.12673	0.147692	0.163645	0.174509	0.174579	0.147957	0.102353	0.0323925	-0.0616142	-0.182927	-0.319906	-0.451201	-0.582118	-0.707041	-0.831867	-0.953161	-1.06415	-1.15688	-1.22986	-1.28528	-1.30014	-1.27875	-1.24141	-1.19408	-1.12872	-1.03675	-0.931599	-0.81339	-0.67924	-0.550573	-0.423071	-0.281321	-0.138459	0	
0	0.152468	0.295622	0.421577	0.518966	0.562752	0.53656	0.437664	0.27056	0.0431651	-0.22028	-0.477566	-0.692088	-0.85576	-0.956035	-0.988504	-0.93919	-0.826077	-0.658003	-0.451416	-0.226499	-0.0025454	0.187878	0.329865	0.407166	0.43605	0.436702	0.422062	0.411784	0.407136	0.391413	0.346805	0.281626	0.223869	0.167001	0.0903644	-0.0241283	-0.198579	-0.436778	-0.718921	-1.02246	-1.32041	-1.58909	-1.79753	-1.93131	-1.99199	-1.98063	-1.89572	-1.7496	-1.54324	-1.31009	-1.07232	-0.848676	-0.660666	-0.514749	-0.397242	-0.301482	-0.21711	-0.141655	-0.0773862	-0.0213026	0.0240082	0.0531649	0.07294	0.0951528	0.129425	0.162597	0.186724	0.208084	0.227591	0.231957	0.204637	0.154537	0.0853257	0.000355131	-0.10541	-0.219507	-0.333521	-0.452054	-0.575317	-0.703691	-0.822997	-0.935599	-1.03227	-1.11314	-1.17703	-1.20132	-1.19595	-1.172	-1.13493	-1.08287	-1.0001	-0.895833	-0.781902	-0.653833	-0.527046	-0.40652	-0.275081	-0.137474	0	
0	0.183139	0.349927	0.492152	0.59885	0.647437	0.621728	0.521471	0.354465	0.122921	-0.153437	-0.432899	-0.67276	-0.857674	-0.983374	-1.04211	-1.02304	-0.932496	-0.782841	-0.590357	-0.378867	-0.166293	0.0171947	0.159836	0.240225	0.274581	0.278528	0.273021	0.266931	0.26113	0.234723	0.173939	0.0902178	0.0104298	-0.0695579	-0.170226	-0.310066	-0.499303	-0.74185	-1.02246	-1.31755	-1.59956	-1.84478	-2.03015	-2.13859	-2.16537	-2.1044	-1.96158	-1.75526	-1.50192	-1.23304	-0.963896	-0.716534	-0.510892	-0.35527	-0.242961	-0.163837	-0.0942633	-0.0401895	-0.000306888	0.0269088	0.0424841	0.0529308	0.0645424	0.0832895	0.11879	0.160233	0.187512	0.204302	0.221898	0.232731	0.216634	0.171182	0.104876	0.0333244	-0.0451677	-0.129845	-0.220014	-0.312125	-0.410113	-0.519618	-0.625518	-0.72718	-0.813466	-0.883192	-0.942761	-0.97972	-0.995064	-0.994602	-0.975464	-0.933538	-0.868231	-0.789175	-0.703203	-0.597821	-0.482805	-0.370975	-0.252857	-0.130373	0	
0	0.201593	0.381154	0.527805	0.63622	0.684313	0.657485	0.558155	0.392975	0.164819	-0.118395	-0.413814	-0.678262	-0.890702	-1.04876	-1.14384	-1.15939	-1.09431	-0.963654	-0.787837	-0.592554	-0.394261	-0.217012	-0.0747032	0.0123602	0.0569474	0.0766378	0.0877232	0.0939755	0.0837507	0.0477612	-0.0243203	-0.118386	-0.214879	-0.316498	-0.443045	-0.601287	-0.805147	-1.04827	-1.32041	-1.59956	-1.85965	-2.08045	-2.24315	-2.31803	-2.29901	-2.17848	-1.97434	-1.71011	-1.40519	-1.09037	-0.789726	-0.524714	-0.313788	-0.162137	-0.0642342	0.00127377	0.0495167	0.0698165	0.0716686	0.0615216	0.045515	0.0351367	0.0394553	0.0549551	0.0937048	0.136305	0.161126	0.17827	0.20015	0.213295	0.198185	0.161468	0.111162	0.0626181	0.0146559	-0.0370175	-0.0945268	-0.1512	-0.212936	-0.28717	-0.361897	-0.44328	-0.517579	-0.573262	-0.623084	-0.669012	-0.707712	-0.735063	-0.742416	-0.726043	-0.687359	-0.638525	-0.588402	-0.515536	-0.423552	-0.325309	-0.218475	-0.113164	0	
0	0.204826	0.383698	0.526039	0.629479	0.673468	0.644377	0.544618	0.38365	0.162909	-0.120141	-0.425099	-0.715971	-0.959473	-1.15703	-1.29124	-1.34107	-1.30285	-1.1896	-1.03268	-0.853011	-0.668217	-0.496733	-0.353068	-0.254003	-0.188593	-0.142813	-0.106326	-0.0889471	-0.0974938	-0.138531	-0.211655	-0.308095	-0.418413	-0.544954	-0.692728	-0.874107	-1.08951	-1.33159	-1.58909	-1.84478	-2.08045	-2.28031	-2.4101	-2.44165	-2.36979	-2.19092	-1.93334	-1.61364	-1.25744	-0.903382	-0.580687	-0.310582	-0.104042	0.0437491	0.129823	0.171697	0.187227	0.169683	0.132935	0.0923014	0.0532844	0.0308373	0.0261153	0.0336648	0.0622697	0.102345	0.132405	0.152207	0.17617	0.187412	0.178371	0.153262	0.123708	0.109021	0.10053	0.0857299	0.0599164	0.0378787	0.0111994	-0.0283455	-0.0700204	-0.120727	-0.1716	-0.215451	-0.266039	-0.326646	-0.382557	-0.431377	-0.468456	-0.486748	-0.488372	-0.472218	-0.449286	-0.411082	-0.349026	-0.27141	-0.18002	-0.0885829	0	
