0	0	0	0	0	0	0	0	0	0	0	0	0	0	0	0	0	0	0	0	0	0	0	0	0	0	0	0	0	0	0	0	0	0	0	0	0	0	0	0	0	0	0	0	0	0	0	0	0	0	0	0	0	0	0	0	0	0	0	0	0	0	0	0	0	0	0	0	0	0	0	0	0	0	0	0	0	0	0	0	0	0	0	0	0	0	0	0	0	0	0	0	0	0	0	0	0	0	0	0	
0	-0.2163	-0.401277	-0.555073	-0.691123	-0.79626	-0.836136	-0.797326	-0.699216	-0.572327	-0.441927	-0.321406	-0.214181	-0.120272	-0.0364316	0.0400351	0.106914	0.162462	0.207195	0.240747	0.263457	0.27738	0.283979	0.285138	0.282993	0.278729	0.273928	0.269428	0.265902	0.263971	0.263619	0.2652	0.268184	0.2726	0.277362	0.282053	0.285068	0.285215	0.280818	0.269838	0.250783	0.222178	0.182164	0.131393	0.0695531	-0.00208085	-0.0793493	-0.160268	-0.243679	-0.325579	-0.400221	-0.460706	-0.500131	-0.514126	-0.501469	-0.468393	-0.424452	-0.364071	-0.272117	-0.156467	-0.0481966	0.037926	0.117717	0.205057	0.284304	0.32402	0.308438	0.249577	0.174571	0.1071	0.0583399	0.0285041	0.012598	0.00507302	0.00187263	0.000637007	0.000200602	5.87183e-05	1.60327e-05	4.09655e-06	9.82312e-07	2.21627e-07	4.71583e-08	9.48394e-09	1.80621e-09	3.26351e-10	5.60361e-11	9.15781e-12	1.42655e-12	2.12099e-13	3.0137e-14	4.09716e-15	5.33548e-16	6.66238e-17	7.9851e-18	9.19466e-19	1.01808e-19	1.08479e-20	1.10299e-21	0	
0	-0.401277	-0.76293	-1.08253	-1.35693	-1.54391	-1.59845	-1.51859	-1.33987	-1.11123	-0.873992	-0.648403	-0.441372	-0.254589	-0.0869286	0.0595572	0.182354	0.282025	0.35927	0.414773	0.451769	0.473853	0.483989	0.48611	0.482854	0.476622	0.469609	0.46288	0.457777	0.454791	0.454228	0.456393	0.460637	0.466958	0.473953	0.48075	0.485438	0.485705	0.478983	0.462121	0.431192	0.383823	0.316118	0.226203	0.114259	-0.01963	-0.170662	-0.330606	-0.490742	-0.641011	-0.771608	-0.875776	-0.947657	-0.983261	-0.978107	-0.924056	-0.821789	-0.682606	-0.51164	-0.31379	-0.110791	0.0754376	0.246298	0.408965	0.543996	0.61092	0.585773	0.484022	0.348361	0.220759	0.124419	0.0629231	0.028779	0.0119847	0.00457124	0.00160524	0.000521342	0.000157229	4.41905e-05	1.16121e-05	2.8611e-06	6.62741e-07	1.4467e-07	2.98258e-08	5.81905e-09	1.07638e-09	1.89094e-10	3.15994e-11	5.0305e-12	7.63968e-13	1.10824e-13	1.53748e-14	2.04222e-15	2.60003e-16	3.17596e-17	3.72572e-18	4.20124e-19	4.55734e-20	4.71439e-21	0	
0	-0.555073	-1.08253	-1.55464	-1.92883	-2.161	-2.23038	-2.13684	-1.90656	-1.59726	-1.26545	-0.946248	-0.657785	-0.40238	-0.179816	0.00865834	0.165726	0.292903	0.390336	0.461181	0.510692	0.542135	0.560216	0.568959	0.57081	0.569177	0.56545	0.561348	0.55806	0.555818	0.555569	0.556681	0.55968	0.563193	0.567354	0.569773	0.569789	0.564306	0.550449	0.525177	0.483519	0.421199	0.335517	0.221416	0.0793996	-0.0893822	-0.282439	-0.491172	-0.703234	-0.906508	-1.08733	-1.23423	-1.3378	-1.38766	-1.37998	-1.30807	-1.16082	-0.95231	-0.714464	-0.456706	-0.174849	0.113677	0.37772	0.597513	0.758317	0.835874	0.810079	0.690438	0.518456	0.344621	0.204081	0.108418	0.0520213	0.022687	0.00904425	0.00331287	0.00112014	0.000351055	0.000102357	2.78583e-05	7.09894e-06	1.69835e-06	3.82418e-07	8.12305e-08	1.6311e-08	3.10214e-09	5.59805e-10	9.6012e-11	1.56746e-11	2.43935e-12	3.62359e-13	5.14446e-14	6.98854e-15	9.09418e-16	1.13482e-16	1.35926e-17	1.56423e-18	1.73086e-19	1.82497e-20	0	
0	-0.691123	-1.35693	-1.92883	-2.3458	-2.60195	-2.69811	-2.61456	-2.36572	-2.00857	-1.60624	-1.21638	-0.870276	-0.573778	-0.327029	-0.122841	0.0444864	0.177565	0.28054	0.359768	0.4194	0.462675	0.494435	0.516375	0.531587	0.542	0.548386	0.5528	0.555079	0.556217	0.556575	0.555397	0.553937	0.549927	0.544746	0.535731	0.52271	0.503752	0.476537	0.438083	0.386576	0.315282	0.222572	0.103799	-0.0444277	-0.220793	-0.423167	-0.646757	-0.88139	-1.11464	-1.3321	-1.51333	-1.64239	-1.70146	-1.67759	-1.58063	-1.41534	-1.17689	-0.884787	-0.563631	-0.214289	0.151483	0.486284	0.744545	0.912748	0.990918	0.97301	0.860071	0.679199	0.477774	0.299863	0.168653	0.0854779	0.0392673	0.0164428	0.00630901	0.0022288	0.00072809	0.000220803	6.23831e-05	1.64725e-05	4.07701e-06	9.48334e-07	2.0781e-07	4.29949e-08	8.41583e-09	1.56142e-09	2.75067e-10	4.60846e-11	7.35396e-12	1.11929e-12	1.62701e-13	2.26149e-14	3.00926e-15	3.83758e-16	4.69495e-17	5.51571e-18	6.22761e-19	6.69437e-20	0	
0	-0.79626	-1.54391	-2.161	-2.60195	-2.87428	-2.9758	-2.90324	-2.67677	-2.32397	-1.9014	-1.47949	-1.09853	-0.780789	-0.527178	-0.326594	-0.170584	-0.0470388	0.0528902	0.136424	0.205237	0.263518	0.312246	0.352658	0.386407	0.413018	0.434096	0.449644	0.459779	0.465673	0.466288	0.462934	0.454247	0.441337	0.42219	0.398373	0.367181	0.329489	0.284442	0.229505	0.165408	0.0896294	-0.00268009	-0.112643	-0.24649	-0.40757	-0.59749	-0.812615	-1.04601	-1.28072	-1.50121	-1.68655	-1.81575	-1.88142	-1.86453	-1.75761	-1.5805	-1.33242	-1.00493	-0.624415	-0.22332	0.179106	0.545548	0.825867	1.00013	1.08085	1.078	0.98929	0.823452	0.614957	0.410448	0.245167	0.131604	0.0638257	0.0281239	0.0113203	0.00418336	0.00142586	0.000450115	0.000132099	3.61645e-05	9.26437e-06	2.22698e-06	5.03606e-07	1.07388e-07	2.16393e-08	4.12866e-09	7.47211e-10	1.28493e-10	2.10281e-11	3.27973e-12	4.88186e-13	6.94382e-14	9.44922e-15	1.2316e-15	1.53914e-16	1.8461e-17	2.12699e-18	2.33115e-19	0	
0	-0.836136	-1.59845	-2.23038	-2.69811	-2.9758	-3.07022	-3.02249	-2.83887	-2.52049	-2.12423	-1.71144	-1.33529	-1.03064	-0.793166	-0.613399	-0.470827	-0.350968	-0.245578	-0.150503	-0.0654413	0.0117155	0.0792815	0.138802	0.188466	0.229373	0.262204	0.28575	0.302564	0.311147	0.312423	0.307227	0.292996	0.273315	0.24317	0.20665	0.160064	0.104771	0.0401533	-0.0324117	-0.116133	-0.205164	-0.303765	-0.410917	-0.530017	-0.66225	-0.814529	-0.987763	-1.18065	-1.38367	-1.57662	-1.74757	-1.86958	-1.93064	-1.93047	-1.84133	-1.65673	-1.39437	-1.05231	-0.645638	-0.223449	0.17925	0.542477	0.832178	1.02105	1.11571	1.13461	1.07916	0.944771	0.748312	0.531102	0.337038	0.191716	0.0982115	0.0455594	0.0192451	0.00744189	0.00264716	0.000870037	0.000265274	7.53055e-05	1.99689e-05	4.961e-06	1.15783e-06	2.54477e-07	5.27913e-08	1.03582e-08	1.92597e-09	3.39952e-10	5.7056e-11	9.11935e-12	1.39002e-12	2.02324e-13	2.81568e-14	3.75091e-15	4.78833e-16	5.86375e-17	6.89415e-18	7.70368e-19	0	
0	-0.797326	-1.51859	-2.13684	-2.61456	-2.90324	-3.02249	-3.00948	-2.86094	-2.60039	-2.26677	-1.90224	-1.5727	-1.30212	-1.0923	-0.930684	-0.792638	-0.672433	-0.558157	-0.452947	-0.354089	-0.264975	-0.184441	-0.116155	-0.0580762	-0.0102619	0.026942	0.0548085	0.0741646	0.0837528	0.086068	0.0788876	0.063814	0.0392254	0.00609651	-0.0380197	-0.0913398	-0.155653	-0.231908	-0.316078	-0.411284	-0.513956	-0.620379	-0.727792	-0.835585	-0.942643	-1.04756	-1.16071	-1.28173	-1.42093	-1.56513	-1.70321	-1.82283	-1.88451	-1.88106	-1.80517	-1.62937	-1.36462	-1.03346	-0.646983	-0.242549	0.137454	0.479863	0.771164	0.983047	1.1054	1.15299	1.13379	1.03915	0.869718	0.654905	0.441	0.265647	0.143689	0.070158	0.0310965	0.0125809	0.00466987	0.00159781	0.000506079	0.000148954	4.08818e-05	1.04958e-05	2.52783e-06	5.726e-07	1.2228e-07	2.46717e-08	4.71255e-09	8.53733e-10	1.4694e-10	2.40656e-11	3.75606e-12	5.59431e-13	7.96153e-14	1.08395e-14	1.41342e-15	1.76707e-16	2.11999e-17	2.41512e-18	0	
0	-0.699216	-1.33987	-1.90656	-2.36572	-2.67677	-2.83887	-2.86094	-2.77293	-2.60508	-2.35465	-2.0656	-1.78874	-1.5448	-1.35449	-1.19718	-1.06665	-0.949467	-0.839294	-0.738919	-0.644072	-0.558838	-0.482677	-0.418197	-0.360693	-0.314812	-0.277958	-0.248595	-0.23083	-0.219141	-0.218004	-0.225166	-0.23981	-0.266091	-0.297665	-0.342191	-0.393498	-0.455877	-0.527108	-0.609814	-0.697329	-0.7951	-0.894812	-0.995407	-1.08525	-1.16992	-1.23717	-1.29763	-1.35615	-1.42186	-1.50825	-1.59332	-1.67667	-1.73397	-1.72577	-1.65167	-1.50045	-1.26762	-0.979866	-0.650686	-0.295086	0.0513938	0.370851	0.660599	0.898245	1.05797	1.14088	1.1584	1.10554	0.972729	0.774339	0.552028	0.351634	0.200636	0.103038	0.0478949	0.0202642	0.00784593	0.00279365	0.000918876	0.000280323	7.96091e-05	2.11157e-05	5.24669e-06	1.22457e-06	2.69142e-07	5.58288e-08	1.09527e-08	2.03614e-09	3.59322e-10	6.02928e-11	9.6342e-12	1.46809e-12	2.13628e-13	2.97215e-14	3.95823e-15	5.05155e-16	6.18345e-17	7.18081e-18	0	
0	-0.572327	-1.11123	-1.59726	-2.00857	-2.32397	-2.52049	-2.60039	-2.60508	-2.53671	-2.39011	-2.19446	-1.96326	-1.74042	-1.5464	-1.38171	-1.25446	-1.14445	-1.05764	-0.977108	-0.90681	-0.840711	-0.784484	-0.728779	-0.6831	-0.642445	-0.609167	-0.583023	-0.566214	-0.554992	-0.554617	-0.56048	-0.575277	-0.598178	-0.628289	-0.665809	-0.710189	-0.761514	-0.816294	-0.880341	-0.946176	-1.01854	-1.09242	-1.17166	-1.24551	-1.31016	-1.36049	-1.383	-1.39529	-1.39423	-1.40708	-1.43452	-1.45793	-1.47989	-1.47126	-1.41487	-1.30877	-1.14056	-0.922607	-0.668695	-0.377359	-0.0685917	0.232108	0.519875	0.780334	0.980182	1.10331	1.15782	1.14538	1.05356	0.882728	0.664238	0.446518	0.268373	0.14481	0.0705285	0.0311832	0.0125855	0.00466062	0.00159105	0.000502844	0.000147693	4.04546e-05	1.03662e-05	2.49201e-06	5.63486e-07	1.20129e-07	2.41982e-08	4.61486e-09	8.3478e-10	1.43471e-10	2.3465e-11	3.65749e-12	5.44061e-13	7.73343e-14	1.05167e-14	1.36983e-15	1.7105e-16	2.02453e-17	0	
0	-0.441927	-0.873992	-1.26545	-1.60624	-1.9014	-2.12423	-2.26677	-2.35465	-2.39011	-2.36631	-2.25827	-2.07153	-1.85793	-1.64701	-1.48269	-1.36279	-1.28094	-1.22138	-1.16847	-1.12398	-1.07898	-1.0364	-0.993117	-0.957835	-0.922428	-0.894187	-0.873464	-0.855355	-0.849253	-0.84581	-0.852513	-0.865695	-0.883809	-0.912183	-0.941418	-0.979584	-1.01873	-1.06166	-1.10373	-1.14848	-1.18954	-1.23314	-1.27153	-1.31609	-1.35286	-1.38901	-1.39674	-1.37419	-1.32572	-1.26014	-1.21386	-1.18483	-1.17193	-1.16495	-1.14278	-1.09943	-1.01449	-0.878115	-0.700058	-0.474401	-0.20533	0.079355	0.364942	0.642017	0.878484	1.04369	1.13589	1.1615	1.1111	0.975188	0.771845	0.546206	0.345185	0.195418	0.0996088	0.0459758	0.019325	0.00743674	0.00263297	0.00086147	0.00026152	7.39291e-05	1.9525e-05	4.83192e-06	1.1235e-06	2.46049e-07	5.08673e-08	9.94775e-09	1.84377e-09	3.24452e-10	5.42955e-11	8.65383e-12	1.31552e-12	1.90988e-13	2.65139e-14	3.52376e-15	4.48749e-16	5.41197e-17	0	
0	-0.321406	-0.648403	-0.946248	-1.21638	-1.47949	-1.71144	-1.90224	-2.0656	-2.19446	-2.25827	-2.21301	-2.06607	-1.86245	-1.6662	-1.52345	-1.42756	-1.37142	-1.32699	-1.29734	-1.26465	-1.23451	-1.20007	-1.17268	-1.14143	-1.11754	-1.09505	-1.0796	-1.06594	-1.06163	-1.05886	-1.06404	-1.0741	-1.0878	-1.10868	-1.13151	-1.15951	-1.18861	-1.2213	-1.24983	-1.28034	-1.30021	-1.31875	-1.32607	-1.32556	-1.31799	-1.30887	-1.29645	-1.25312	-1.17928	-1.07552	-0.971733	-0.895548	-0.861192	-0.867546	-0.887003	-0.905547	-0.901506	-0.845497	-0.736072	-0.570128	-0.341948	-0.0745658	0.20721	0.493781	0.75937	0.965031	1.09557	1.15722	1.14635	1.04898	0.869956	0.646258	0.428516	0.254094	0.135355	0.0651378	0.0284821	0.0113783	0.00417397	0.00141254	0.000442838	0.000129098	3.51159e-05	8.94e-06	2.13617e-06	4.80291e-07	1.01849e-07	2.04137e-08	3.87485e-09	6.97819e-10	1.19431e-10	1.94562e-11	3.02133e-12	4.47843e-13	6.34446e-14	8.60049e-15	1.11666e-15	1.37177e-16	0	
0	-0.214181	-0.441372	-0.657785	-0.870276	-1.09853	-1.33529	-1.5727	-1.78874	-1.96326	-2.07153	-2.06607	-1.95092	-1.77961	-1.61765	-1.4966	-1.41643	-1.36724	-1.34013	-1.32493	-1.30873	-1.29617	-1.28156	-1.26819	-1.25293	-1.24184	-1.23044	-1.22115	-1.21632	-1.21111	-1.21201	-1.21343	-1.21862	-1.22738	-1.23577	-1.24979	-1.26119	-1.27617	-1.28906	-1.30089	-1.3101	-1.31431	-1.30549	-1.29101	-1.25866	-1.21009	-1.15049	-1.09713	-1.03992	-0.962181	-0.855321	-0.741974	-0.651157	-0.603535	-0.618555	-0.674477	-0.743022	-0.80227	-0.815001	-0.765618	-0.652664	-0.466308	-0.220415	0.0543141	0.343741	0.62932	0.87072	1.03935	1.13575	1.16162	1.10337	0.955056	0.742473	0.515308	0.319421	0.177528	0.0889441	0.0404043	0.0167355	0.00635372	0.00222165	0.000718569	0.000215826	6.04111e-05	1.58087e-05	3.87882e-06	8.94692e-07	1.94474e-07	3.99229e-08	7.75598e-09	1.42862e-09	2.49926e-10	4.1593e-11	6.59466e-12	9.97545e-13	1.44147e-13	1.99225e-14	2.63609e-15	3.2973e-16	0	
0	-0.120272	-0.254589	-0.40238	-0.573778	-0.780789	-1.03064	-1.30212	-1.5448	-1.74042	-1.85793	-1.86245	-1.77961	-1.64488	-1.5065	-1.38813	-1.30005	-1.25463	-1.24127	-1.24479	-1.25428	-1.26669	-1.27586	-1.28213	-1.28678	-1.28774	-1.28819	-1.28706	-1.28669	-1.28531	-1.28585	-1.28577	-1.28657	-1.28774	-1.28723	-1.28749	-1.28353	-1.27872	-1.26955	-1.25516	-1.23595	-1.21401	-1.18125	-1.14155	-1.09455	-1.02772	-0.939281	-0.85386	-0.78265	-0.722491	-0.645978	-0.549932	-0.469349	-0.42504	-0.44044	-0.512358	-0.61116	-0.712833	-0.778587	-0.780428	-0.714976	-0.571334	-0.352366	-0.0889427	0.197854	0.494484	0.764699	0.969613	1.09993	1.1598	1.13921	1.02516	0.831341	0.60237	0.389491	0.225435	0.117394	0.0553191	0.023724	0.00930958	0.00335929	0.00111967	0.000346114	9.9591e-05	2.67627e-05	6.73669e-06	1.59277e-06	3.54587e-07	7.44981e-08	1.48021e-08	2.78672e-09	4.97993e-10	8.46113e-11	1.36891e-11	2.11193e-12	3.11116e-13	4.38172e-14	5.90562e-15	7.51784e-16	0	
0	-0.0364316	-0.0869286	-0.179816	-0.327029	-0.527178	-0.793166	-1.0923	-1.35449	-1.5464	-1.64701	-1.6662	-1.61765	-1.5065	-1.36483	-1.21309	-1.10681	-1.06096	-1.06046	-1.07986	-1.10881	-1.14225	-1.16821	-1.19083	-1.20771	-1.21992	-1.22945	-1.235	-1.2399	-1.24087	-1.24255	-1.24025	-1.23764	-1.2329	-1.2237	-1.2139	-1.19806	-1.17611	-1.15191	-1.11727	-1.07404	-1.02877	-0.972234	-0.910227	-0.852309	-0.79809	-0.719494	-0.628807	-0.551772	-0.501143	-0.466259	-0.415216	-0.356937	-0.31714	-0.326592	-0.39704	-0.505302	-0.629373	-0.733033	-0.777706	-0.754595	-0.653617	-0.466962	-0.219743	0.06013	0.360243	0.651331	0.889004	1.05226	1.14382	1.15834	1.0797	0.910314	0.686728	0.462123	0.277992	0.150194	0.0732957	0.0324959	0.0131612	0.00489434	0.00167894	0.000533496	0.000157625	4.34505e-05	1.12093e-05	2.7139e-06	6.18224e-07	1.32815e-07	2.69667e-08	5.1849e-09	9.45746e-10	1.63931e-10	2.70445e-11	4.25267e-12	6.38262e-13	9.15468e-14	1.25608e-14	1.62641e-15	0	
0	0.0400351	0.0595572	0.00865834	-0.122841	-0.326594	-0.613399	-0.930684	-1.19718	-1.38171	-1.48269	-1.52345	-1.4966	-1.38813	-1.21309	-1.03134	-0.916993	-0.863727	-0.8528	-0.86065	-0.897495	-0.930023	-0.962788	-0.991556	-1.02023	-1.03709	-1.05844	-1.06715	-1.07838	-1.0816	-1.08191	-1.08088	-1.07041	-1.06337	-1.04557	-1.02662	-1.00482	-0.973265	-0.939069	-0.903524	-0.851286	-0.801897	-0.74765	-0.677821	-0.60578	-0.555677	-0.512291	-0.450009	-0.386061	-0.345905	-0.332788	-0.319135	-0.294388	-0.265588	-0.262976	-0.318286	-0.420396	-0.550492	-0.678789	-0.758993	-0.773066	-0.71266	-0.562218	-0.336366	-0.0670034	0.230829	0.534986	0.800455	0.995091	1.11645	1.16317	1.11923	0.977887	0.765887	0.53509	0.333832	0.186769	0.0942235	0.0431146	0.0179946	0.00688624	0.0024278	0.000791965	0.000239965	6.77734e-05	1.78986e-05	4.43275e-06	1.03219e-06	2.26524e-07	4.69556e-08	9.212e-09	1.71364e-09	3.02783e-10	5.08957e-11	8.15107e-12	1.24547e-12	1.81801e-13	2.53765e-14	3.34006e-15	0	
0	0.106914	0.182354	0.165726	0.0444864	-0.170584	-0.470827	-0.792638	-1.06665	-1.25446	-1.36279	-1.42756	-1.41643	-1.30005	-1.10681	-0.916993	-0.781722	-0.688054	-0.636549	-0.632957	-0.65944	-0.682091	-0.718275	-0.753575	-0.78103	-0.806988	-0.829211	-0.843177	-0.85492	-0.861796	-0.860297	-0.859551	-0.84811	-0.834615	-0.817777	-0.790112	-0.764599	-0.732458	-0.691015	-0.657508	-0.614216	-0.564019	-0.526626	-0.485613	-0.424703	-0.373443	-0.345495	-0.319089	-0.279305	-0.246725	-0.249143	-0.259862	-0.25847	-0.243874	-0.233065	-0.268031	-0.354273	-0.477644	-0.618035	-0.727072	-0.77408	-0.750548	-0.637611	-0.43768	-0.182156	0.109228	0.419607	0.707091	0.930689	1.08018	1.15625	1.14513	1.03353	0.837989	0.606321	0.391438	0.226316	0.11781	0.055539	0.0238476	0.00937657	0.00339249	0.00113446	0.00035204	0.000101739	2.74717e-05	6.95137e-06	1.65273e-06	3.7012e-07	7.82459e-08	1.56478e-08	2.96579e-09	5.3368e-10	9.13236e-11	1.48834e-11	2.31339e-12	3.43396e-13	4.87269e-14	6.51462e-15	0	
0	0.162462	0.282025	0.292903	0.177565	-0.0470388	-0.350968	-0.672433	-0.949467	-1.14445	-1.28094	-1.37142	-1.36724	-1.25463	-1.06096	-0.863727	-0.688054	-0.546498	-0.471329	-0.455162	-0.459533	-0.474611	-0.508825	-0.534066	-0.555665	-0.5837	-0.596598	-0.613438	-0.622369	-0.627177	-0.6293	-0.623919	-0.618982	-0.602995	-0.59031	-0.568004	-0.54101	-0.51916	-0.480339	-0.449397	-0.419503	-0.379582	-0.342852	-0.326548	-0.298379	-0.259018	-0.24035	-0.232207	-0.221324	-0.197884	-0.197113	-0.219427	-0.236611	-0.237034	-0.222597	-0.237042	-0.304209	-0.414259	-0.555465	-0.685136	-0.761148	-0.770624	-0.69419	-0.523252	-0.284579	-0.00264607	0.308425	0.611998	0.86135	1.03724	1.14005	1.15921	1.0775	0.901856	0.674052	0.449276	0.26787	0.143599	0.0696172	0.0306997	0.0123815	0.00458994	0.0015711	0.00049859	0.000147239	4.05969e-05	1.04824e-05	2.54163e-06	5.80143e-07	1.24944e-07	2.5443e-08	4.90827e-09	8.98604e-10	1.56389e-10	2.59126e-11	4.09357e-12	6.17389e-13	8.89834e-14	1.20749e-14	0	
0	0.207195	0.35927	0.390336	0.28054	0.0528902	-0.245578	-0.558157	-0.839294	-1.05764	-1.22138	-1.32699	-1.34013	-1.24127	-1.06046	-0.8528	-0.636549	-0.471329	-0.37949	-0.342768	-0.318287	-0.327044	-0.343177	-0.354697	-0.371009	-0.391313	-0.394842	-0.41352	-0.414745	-0.419857	-0.423651	-0.414046	-0.417265	-0.39949	-0.393946	-0.378869	-0.359348	-0.345747	-0.327141	-0.298083	-0.285689	-0.262134	-0.232446	-0.215405	-0.214719	-0.194088	-0.182478	-0.182299	-0.184543	-0.174429	-0.173073	-0.195695	-0.218868	-0.231533	-0.22219	-0.220871	-0.266974	-0.360819	-0.495809	-0.637711	-0.737746	-0.776246	-0.733946	-0.593444	-0.374063	-0.103721	0.203875	0.518004	0.789343	0.989674	1.11688	1.1635	1.11068	0.956953	0.736914	0.505909	0.310382	0.171001	0.0850908	0.0384666	0.015886	0.00602409	0.00210733	0.000682893	0.000205775	5.78536e-05	1.5223e-05	3.7594e-06	8.73549e-07	1.91433e-07	3.96489e-08	7.77649e-09	1.44697e-09	2.55851e-10	4.30571e-11	6.90653e-12	1.05736e-12	1.54652e-13	2.1282e-14	0	
0	0.240747	0.414773	0.461181	0.359768	0.136424	-0.150503	-0.452947	-0.738919	-0.977108	-1.16847	-1.29734	-1.32493	-1.24479	-1.07986	-0.86065	-0.632957	-0.455162	-0.342768	-0.268603	-0.227149	-0.228025	-0.225796	-0.231084	-0.246168	-0.252487	-0.260417	-0.271	-0.272227	-0.276737	-0.278739	-0.273091	-0.273284	-0.264659	-0.255935	-0.248449	-0.237432	-0.220549	-0.220754	-0.200143	-0.193404	-0.19055	-0.180029	-0.162163	-0.162181	-0.155694	-0.151249	-0.157094	-0.168124	-0.165475	-0.157458	-0.177613	-0.206779	-0.226424	-0.223263	-0.214123	-0.241707	-0.317378	-0.441284	-0.588641	-0.707593	-0.770872	-0.759328	-0.649214	-0.450845	-0.193578	0.107618	0.427522	0.716848	0.939387	1.0888	1.16006	1.13432	1.0033	0.793964	0.56008	0.352793	0.199338	0.101609	0.0470007	0.0198404	0.00768301	0.00274225	0.000906006	0.000278149	7.96261e-05	2.13219e-05	5.35582e-06	1.26526e-06	2.81781e-07	5.92876e-08	1.18087e-08	2.23059e-09	4.00277e-10	6.83452e-11	1.11199e-11	1.72636e-12	2.55993e-13	3.56911e-14	0	
0	0.263457	0.451769	0.510692	0.4194	0.205237	-0.0654413	-0.354089	-0.644072	-0.90681	-1.12398	-1.26465	-1.30873	-1.25428	-1.10881	-0.897495	-0.65944	-0.459533	-0.318287	-0.227149	-0.187302	-0.173238	-0.16466	-0.168297	-0.176787	-0.17455	-0.185682	-0.184672	-0.1884	-0.190993	-0.187921	-0.191584	-0.184124	-0.186418	-0.178726	-0.174224	-0.172177	-0.159846	-0.157633	-0.15002	-0.141926	-0.138199	-0.140341	-0.13781	-0.144223	-0.141471	-0.134521	-0.140939	-0.154487	-0.161924	-0.154962	-0.1654	-0.193332	-0.220247	-0.224632	-0.211768	-0.225339	-0.284256	-0.393907	-0.540599	-0.673606	-0.757755	-0.773123	-0.692013	-0.515506	-0.272257	0.020647	0.342476	0.645864	0.888127	1.05764	1.15082	1.14987	1.04132	0.844665	0.610766	0.394096	0.227883	0.118751	0.0560975	0.0241607	0.00953748	0.00346748	0.00116612	0.000364185	0.000105996	2.88426e-05	7.35888e-06	1.76508e-06	3.98962e-07	8.51672e-08	1.72053e-08	3.29539e-09	5.99456e-10	1.0373e-10	1.71001e-11	2.68929e-12	4.03874e-13	5.69937e-14	0	
0	0.27738	0.473853	0.542135	0.462675	0.263518	0.0117155	-0.264975	-0.558838	-0.840711	-1.07898	-1.23451	-1.29617	-1.26669	-1.14225	-0.930023	-0.682091	-0.474611	-0.327044	-0.228025	-0.173238	-0.14892	-0.1349	-0.132695	-0.132025	-0.1307	-0.134586	-0.13321	-0.135407	-0.136064	-0.134884	-0.136631	-0.133467	-0.134697	-0.131609	-0.131145	-0.130282	-0.127661	-0.129343	-0.126572	-0.125177	-0.126255	-0.122313	-0.116371	-0.125713	-0.135022	-0.13059	-0.132982	-0.147772	-0.159262	-0.151707	-0.157206	-0.182464	-0.212737	-0.225554	-0.212415	-0.214537	-0.259173	-0.354628	-0.496234	-0.638325	-0.739543	-0.778021	-0.723643	-0.568938	-0.340124	-0.0565726	0.264288	0.578139	0.837499	1.02505	1.13757	1.15887	1.07178	0.888833	0.657193	0.433389	0.255907	0.136048	0.065506	0.0287312	0.011541	0.00426661	0.00145813	0.000462508	0.000136651	3.77299e-05	9.76372e-06	2.37444e-06	5.43976e-07	1.17663e-07	2.40783e-08	4.67044e-09	8.60187e-10	1.50672e-10	2.51378e-11	4.00024e-12	6.0776e-13	8.6718e-14	0	
0	0.283979	0.483989	0.560216	0.494435	0.312246	0.0792815	-0.184441	-0.482677	-0.784484	-1.0364	-1.20007	-1.28156	-1.27586	-1.16821	-0.962788	-0.718275	-0.508825	-0.343177	-0.225796	-0.16466	-0.1349	-0.116033	-0.111565	-0.111727	-0.10782	-0.112478	-0.109827	-0.112008	-0.112146	-0.110782	-0.113263	-0.109263	-0.112479	-0.108868	-0.108882	-0.110425	-0.105814	-0.109822	-0.110776	-0.108937	-0.114452	-0.122	-0.115049	-0.11841	-0.128942	-0.127456	-0.128897	-0.138634	-0.156206	-0.153987	-0.153114	-0.172644	-0.20314	-0.2239	-0.21505	-0.209133	-0.240583	-0.322396	-0.456789	-0.604047	-0.718657	-0.776472	-0.745996	-0.612245	-0.397777	-0.123968	0.19393	0.515137	0.788949	0.99245	1.1219	1.16281	1.09556	0.926566	0.698828	0.469897	0.28271	0.153012	0.0749428	0.0334103	0.0136315	0.00511545	0.00177359	0.000570443	0.000170824	4.7785e-05	1.25238e-05	3.08358e-06	7.15024e-07	1.56499e-07	3.23984e-08	6.35604e-09	1.18376e-09	2.09634e-10	3.53541e-11	5.68604e-12	8.72966e-13	1.25805e-13	0	
0	0.285138	0.48611	0.568959	0.516375	0.352658	0.138802	-0.116155	-0.418197	-0.728779	-0.993117	-1.17268	-1.26819	-1.28213	-1.19083	-0.991556	-0.753575	-0.534066	-0.354697	-0.231084	-0.168297	-0.132695	-0.111565	-0.109397	-0.105523	-0.101074	-0.105653	-0.100735	-0.102733	-0.103385	-0.0999791	-0.105362	-0.099469	-0.10513	-0.102213	-0.102461	-0.105669	-0.102514	-0.102981	-0.107556	-0.102822	-0.105677	-0.113473	-0.114974	-0.113294	-0.126094	-0.125778	-0.126485	-0.13639	-0.152556	-0.151748	-0.149442	-0.166605	-0.196153	-0.220773	-0.216227	-0.20642	-0.22787	-0.297045	-0.422731	-0.572139	-0.697051	-0.770709	-0.760967	-0.646636	-0.445943	-0.181737	0.131993	0.458021	0.74374	0.961108	1.10518	1.16307	1.11367	0.958166	0.735351	0.502985	0.30765	0.169158	0.0841072	0.0380385	0.0157347	0.00598308	0.0021009	0.000684049	0.000207288	5.86566e-05	1.55462e-05	3.86977e-06	9.06946e-07	2.00587e-07	4.19523e-08	8.31334e-09	1.56363e-09	2.79604e-10	4.76067e-11	7.72902e-12	1.19767e-12	1.74129e-13	0	
0	0.282993	0.482854	0.57081	0.531587	0.386407	0.188466	-0.0580762	-0.360693	-0.6831	-0.957835	-1.14143	-1.25293	-1.28678	-1.20771	-1.02023	-0.78103	-0.555665	-0.371009	-0.246168	-0.176787	-0.132025	-0.111727	-0.105523	-0.0969017	-0.0958799	-0.0963754	-0.0920656	-0.094678	-0.0934622	-0.0917119	-0.0954882	-0.0915981	-0.0952077	-0.0950189	-0.0957514	-0.0973571	-0.102238	-0.0985086	-0.107213	-0.105456	-0.105676	-0.108201	-0.11	-0.112319	-0.123925	-0.126267	-0.124129	-0.129953	-0.150046	-0.15388	-0.148049	-0.159799	-0.18811	-0.21779	-0.218225	-0.205331	-0.218655	-0.27743	-0.394463	-0.543756	-0.676211	-0.76257	-0.770328	-0.673362	-0.485418	-0.230244	0.078778	0.407679	0.702949	0.932104	1.0886	1.16091	1.1271	0.984063	0.766617	0.53216	0.330163	0.184027	0.0926974	0.0424472	0.017768	0.00683367	0.00242604	0.000798316	0.000244406	6.98511e-05	1.86932e-05	4.69723e-06	1.11107e-06	2.47961e-07	5.23213e-08	1.04585e-08	1.98398e-09	3.57763e-10	6.1421e-11	1.00535e-11	1.57046e-12	2.30084e-13	0	
0	0.278729	0.476622	0.569177	0.542	0.413018	0.229373	-0.0102619	-0.314812	-0.642445	-0.922428	-1.11754	-1.24184	-1.28774	-1.21992	-1.03709	-0.806988	-0.5837	-0.391313	-0.252487	-0.17455	-0.1307	-0.10782	-0.101074	-0.0958799	-0.0946261	-0.0948743	-0.093189	-0.0945873	-0.0933315	-0.0940817	-0.094043	-0.0937744	-0.094754	-0.0939662	-0.0947578	-0.0949813	-0.0949537	-0.0955226	-0.10019	-0.0993435	-0.105258	-0.114065	-0.112552	-0.107145	-0.119731	-0.124598	-0.124587	-0.128129	-0.146343	-0.152789	-0.146796	-0.156615	-0.182517	-0.213463	-0.218777	-0.205597	-0.212747	-0.262538	-0.371535	-0.51954	-0.657354	-0.753588	-0.775644	-0.693616	-0.516999	-0.269938	0.0343746	0.364753	0.667462	0.90636	1.07316	1.15739	1.13675	1.00475	0.792608	0.557054	0.349767	0.197201	0.100425	0.0464682	0.0196464	0.00762882	0.0027334	0.000907499	0.000280236	8.0764e-05	2.17903e-05	5.51911e-06	1.31564e-06	2.95854e-07	6.28939e-08	1.26642e-08	2.41974e-09	4.39445e-10	7.59727e-11	1.25214e-11	1.96928e-12	2.90387e-13	0	
0	0.273928	0.469609	0.56545	0.548386	0.434096	0.262204	0.026942	-0.277958	-0.609167	-0.894187	-1.09505	-1.23044	-1.28819	-1.22945	-1.05844	-0.829211	-0.596598	-0.394842	-0.260417	-0.185682	-0.134586	-0.112478	-0.105653	-0.0963754	-0.0948743	-0.0953308	-0.0906111	-0.0929865	-0.0916874	-0.0898263	-0.0936573	-0.0900544	-0.0934831	-0.094412	-0.0940996	-0.0968527	-0.101283	-0.0953437	-0.104545	-0.101602	-0.0982161	-0.103484	-0.111747	-0.109622	-0.119962	-0.124312	-0.123452	-0.125862	-0.142766	-0.152633	-0.14726	-0.153386	-0.177201	-0.210141	-0.219259	-0.205975	-0.20881	-0.251699	-0.353728	-0.499816	-0.641294	-0.744971	-0.778254	-0.708483	-0.541438	-0.301283	-0.00125915	0.329686	0.637986	0.884633	1.05969	1.15342	1.14346	1.02071	0.813387	0.577404	0.366072	0.208315	0.107028	0.0499437	0.0212871	0.00833025	0.00300707	0.00100557	0.000312693	9.07301e-05	2.46409e-05	6.28136e-06	1.50679e-06	3.40928e-07	7.29145e-08	1.47692e-08	2.83845e-09	5.18456e-10	9.01415e-11	1.49399e-11	2.36265e-12	3.50225e-13	0	
0	0.269428	0.46288	0.561348	0.5528	0.449644	0.28575	0.0548085	-0.248595	-0.583023	-0.873464	-1.0796	-1.22115	-1.28706	-1.235	-1.06715	-0.843177	-0.613438	-0.41352	-0.271	-0.184672	-0.13321	-0.109827	-0.100735	-0.0920656	-0.093189	-0.0906111	-0.0897142	-0.0911821	-0.0889836	-0.091006	-0.0895491	-0.0910369	-0.0905312	-0.0910156	-0.092698	-0.0908485	-0.0958414	-0.0935163	-0.10006	-0.100995	-0.105071	-0.10916	-0.110673	-0.105969	-0.115998	-0.123745	-0.122661	-0.12425	-0.14268	-0.152335	-0.145521	-0.151371	-0.174208	-0.207263	-0.219144	-0.206479	-0.206371	-0.244094	-0.340618	-0.484774	-0.628625	-0.73762	-0.77923	-0.718891	-0.559393	-0.324713	-0.0282342	0.302768	0.61506	0.867525	1.04882	1.14972	1.14791	1.0324	0.829064	0.593037	0.378769	0.217071	0.112282	0.0527343	0.0226155	0.00890258	0.00323201	0.00108674	0.000339737	9.90873e-05	2.70462e-05	6.92838e-06	1.66998e-06	3.79631e-07	8.15669e-08	1.65968e-08	3.20392e-09	5.87785e-10	1.02639e-10	1.7084e-11	2.71315e-12	4.038e-13	0	
0	0.265902	0.457777	0.55806	0.555079	0.459779	0.302564	0.0741646	-0.23083	-0.566214	-0.855355	-1.06594	-1.21632	-1.28669	-1.2399	-1.07838	-0.85492	-0.622369	-0.414745	-0.272227	-0.1884	-0.135407	-0.112008	-0.102733	-0.094678	-0.0945873	-0.0929865	-0.0911821	-0.0923183	-0.0908144	-0.0909789	-0.0915445	-0.0912312	-0.0915872	-0.0935228	-0.0927161	-0.0943341	-0.0977455	-0.0936529	-0.0998357	-0.0997812	-0.0983647	-0.104982	-0.111035	-0.107101	-0.1171	-0.123257	-0.123916	-0.123339	-0.138188	-0.151876	-0.147427	-0.150458	-0.171008	-0.204763	-0.219142	-0.207121	-0.205006	-0.239134	-0.331793	-0.474458	-0.619747	-0.73219	-0.779382	-0.725571	-0.571399	-0.340592	-0.04668	0.284177	0.599071	0.855489	1.04106	1.14685	1.15064	1.0402	0.839754	0.60384	0.387633	0.223235	0.116009	0.0547265	0.0235697	0.009316	0.00339537	0.00114599	0.000359572	0.000105245	2.88265e-05	7.40941e-06	1.79183e-06	4.08648e-07	8.80801e-08	1.7978e-08	3.48122e-09	6.4059e-10	1.12194e-10	1.87294e-11	2.98312e-12	4.45209e-13	0	
0	0.263971	0.454791	0.555818	0.556217	0.465673	0.311147	0.0837528	-0.219141	-0.554992	-0.849253	-1.06163	-1.21111	-1.28531	-1.24087	-1.0816	-0.861796	-0.627177	-0.419857	-0.276737	-0.190993	-0.136064	-0.112146	-0.103385	-0.0934622	-0.0933315	-0.0916874	-0.0889836	-0.0908144	-0.088911	-0.0894495	-0.090236	-0.0896576	-0.0912326	-0.0914592	-0.0932508	-0.0925414	-0.098184	-0.0936336	-0.101882	-0.10049	-0.100634	-0.104372	-0.111864	-0.106874	-0.114898	-0.122819	-0.121775	-0.123363	-0.140161	-0.151476	-0.145612	-0.149359	-0.170456	-0.204146	-0.218855	-0.207069	-0.204324	-0.236662	-0.327081	-0.468832	-0.61486	-0.7291	-0.779269	-0.729042	-0.577839	-0.349182	-0.0567072	0.274012	0.590277	0.848831	1.03672	1.14516	1.15201	1.04436	0.845552	0.609751	0.392513	0.226647	0.11808	0.0558388	0.0241044	0.00954851	0.00348754	0.00117953	0.000370833	0.000108752	2.98431e-05	7.68481e-06	1.86177e-06	4.25347e-07	9.1838e-08	1.87769e-08	3.64199e-09	6.7128e-10	1.1776e-10	1.96902e-11	3.14112e-12	4.69498e-13	0	
0	0.263619	0.454228	0.555569	0.556575	0.466288	0.312423	0.086068	-0.218004	-0.554617	-0.84581	-1.05886	-1.21201	-1.28585	-1.24255	-1.08191	-0.860297	-0.6293	-0.423651	-0.278739	-0.187921	-0.134884	-0.110782	-0.0999791	-0.0917119	-0.0940817	-0.0898263	-0.091006	-0.0909789	-0.0894495	-0.0912645	-0.0891024	-0.0915581	-0.0892772	-0.0916922	-0.091434	-0.0907666	-0.0952837	-0.0926924	-0.0972742	-0.100464	-0.102676	-0.107231	-0.109437	-0.105286	-0.115472	-0.123333	-0.123586	-0.122608	-0.138235	-0.151585	-0.146816	-0.149875	-0.169651	-0.203224	-0.21892	-0.207514	-0.204309	-0.236089	-0.326204	-0.467953	-0.614116	-0.728562	-0.779184	-0.729592	-0.578927	-0.350633	-0.0583828	0.272321	0.588811	0.847717	1.03599	1.14487	1.15223	1.04505	0.846518	0.610738	0.393329	0.227218	0.118428	0.0560253	0.0241941	0.00958755	0.00350303	0.00118517	0.000372728	0.000109342	3.00143e-05	7.73122e-06	1.87356e-06	4.28164e-07	9.24723e-08	1.89118e-08	3.66916e-09	6.76468e-10	1.18701e-10	1.98529e-11	3.16788e-12	4.73614e-13	0	
0	0.2652	0.456393	0.556681	0.555397	0.462934	0.307227	0.0788876	-0.225166	-0.56048	-0.852513	-1.06404	-1.21343	-1.28577	-1.24025	-1.08088	-0.859551	-0.623919	-0.414046	-0.273091	-0.191584	-0.136631	-0.113263	-0.105362	-0.0954882	-0.094043	-0.0936573	-0.0895491	-0.0915445	-0.090236	-0.0891024	-0.0921865	-0.0894544	-0.0927941	-0.0930874	-0.0938879	-0.0953513	-0.0998839	-0.0943149	-0.103317	-0.100038	-0.0970165	-0.102227	-0.112669	-0.108107	-0.116444	-0.122909	-0.122297	-0.12378	-0.138973	-0.151454	-0.146768	-0.149564	-0.170658	-0.20491	-0.218992	-0.206886	-0.204727	-0.237872	-0.329301	-0.471729	-0.617473	-0.730617	-0.779189	-0.727275	-0.574699	-0.344967	-0.0517173	0.27911	0.594696	0.852175	1.0389	1.14602	1.15134	1.0423	0.842662	0.606796	0.390068	0.224934	0.117038	0.0552784	0.0238346	0.00943101	0.0034409	0.00116254	0.000365121	0.000106971	2.93262e-05	7.54464e-06	1.82613e-06	4.1683e-07	8.99196e-08	1.83687e-08	3.55977e-09	6.55572e-10	1.14909e-10	1.91977e-11	3.06006e-12	4.57027e-13	0	
0	0.268184	0.460637	0.55968	0.553937	0.454247	0.292996	0.063814	-0.23981	-0.575277	-0.865695	-1.0741	-1.21862	-1.28657	-1.23764	-1.07041	-0.84811	-0.618982	-0.417265	-0.273284	-0.184124	-0.133467	-0.109263	-0.099469	-0.0915981	-0.0937744	-0.0900544	-0.0910369	-0.0912312	-0.0896576	-0.0915581	-0.0894544	-0.0914915	-0.0900806	-0.0908968	-0.0921055	-0.0902947	-0.0945495	-0.092876	-0.0977541	-0.100091	-0.105068	-0.109813	-0.110482	-0.10525	-0.115414	-0.123646	-0.122908	-0.123632	-0.141759	-0.152239	-0.145824	-0.151145	-0.172959	-0.205864	-0.218912	-0.206987	-0.206003	-0.241587	-0.3363	-0.480281	-0.624904	-0.735101	-0.779084	-0.721905	-0.565012	-0.33208	-0.0366626	0.294349	0.607842	0.862093	1.04533	1.14845	1.1492	1.03599	0.833943	0.597945	0.382782	0.219853	0.11396	0.0536288	0.0230429	0.00908736	0.00330487	0.00111312	0.00034855	0.000101818	2.78344e-05	7.141e-06	1.72375e-06	3.92416e-07	8.44322e-08	1.72035e-08	3.32556e-09	6.10916e-10	1.06819e-10	1.78028e-11	2.83093e-12	4.21844e-13	0	
0	0.2726	0.466958	0.563193	0.549927	0.441337	0.273315	0.0392254	-0.266091	-0.598178	-0.883809	-1.0878	-1.22738	-1.28774	-1.2329	-1.06337	-0.834615	-0.602995	-0.39949	-0.264659	-0.186418	-0.134697	-0.112479	-0.10513	-0.0952077	-0.094754	-0.0934831	-0.0905312	-0.0915872	-0.0912326	-0.0892772	-0.0927941	-0.0900806	-0.092507	-0.0941649	-0.0934489	-0.0959272	-0.100419	-0.0953156	-0.103776	-0.101946	-0.0990071	-0.103354	-0.111141	-0.10826	-0.119788	-0.124469	-0.123496	-0.126006	-0.140869	-0.151684	-0.1479	-0.152419	-0.175277	-0.209248	-0.219355	-0.206106	-0.207804	-0.248088	-0.347689	-0.49352	-0.636141	-0.741682	-0.77844	-0.713065	-0.549545	-0.311748	-0.0131212	0.317962	0.628041	0.877222	1.055	1.15188	1.1455	1.0259	0.820278	0.584235	0.371594	0.212108	0.109296	0.0511442	0.0218568	0.00857499	0.003103	0.0010401	0.000324168	9.42676e-05	2.56567e-05	6.55401e-06	1.57541e-06	3.57168e-07	7.65376e-08	1.5533e-08	2.99089e-09	5.47319e-10	9.53348e-11	1.58292e-11	2.50777e-12	3.72371e-13	0	
0	0.277362	0.473953	0.567354	0.544746	0.42219	0.24317	0.00609651	-0.297665	-0.628289	-0.912183	-1.10868	-1.23577	-1.28723	-1.2237	-1.04557	-0.817777	-0.59031	-0.393946	-0.255935	-0.178726	-0.131609	-0.108868	-0.102213	-0.0950189	-0.0939662	-0.094412	-0.0910156	-0.0935228	-0.0914592	-0.0916922	-0.0930874	-0.0908968	-0.0941649	-0.0922771	-0.0943246	-0.0946534	-0.0964135	-0.0946565	-0.101759	-0.0996198	-0.103208	-0.110729	-0.113163	-0.108616	-0.118614	-0.123855	-0.122977	-0.12641	-0.146521	-0.153772	-0.146027	-0.154721	-0.180748	-0.212126	-0.218608	-0.205906	-0.211283	-0.257421	-0.363521	-0.511483	-0.650926	-0.74981	-0.776549	-0.700106	-0.527818	-0.283642	0.019033	0.349805	0.654959	0.897168	1.06751	1.15582	1.13977	1.0117	0.801557	0.565755	0.356698	0.201902	0.103206	0.0479259	0.0203319	0.00792086	0.00284696	0.000948064	0.00029362	8.48614e-05	2.29589e-05	5.83074e-06	1.39358e-06	3.14184e-07	6.69585e-08	1.35159e-08	2.58874e-09	4.71259e-10	8.16645e-11	1.34906e-11	2.12658e-12	3.14263e-13	0	
0	0.282053	0.48075	0.569773	0.535731	0.398373	0.20665	-0.0380197	-0.342191	-0.665809	-0.941418	-1.13151	-1.24979	-1.28749	-1.2139	-1.02662	-0.790112	-0.568004	-0.378869	-0.248449	-0.174224	-0.131145	-0.108882	-0.102461	-0.0957514	-0.0947578	-0.0940996	-0.092698	-0.0927161	-0.0932508	-0.091434	-0.0938879	-0.0921055	-0.0934489	-0.0943246	-0.0940836	-0.0955363	-0.0979433	-0.0972027	-0.102446	-0.102064	-0.105243	-0.110596	-0.110454	-0.108418	-0.122689	-0.126158	-0.125239	-0.130362	-0.147125	-0.152157	-0.148319	-0.158825	-0.185333	-0.215936	-0.21864	-0.205599	-0.216007	-0.270519	-0.384514	-0.534019	-0.668678	-0.75869	-0.772463	-0.682175	-0.499211	-0.24735	0.0599226	0.389637	0.68812	0.921389	1.08225	1.15963	1.13139	0.992966	0.777664	0.542652	0.338369	0.189509	0.0958966	0.0441039	0.0185385	0.00715844	0.00255107	0.000842562	0.000258873	7.42417e-05	1.9935e-05	5.02568e-06	1.19256e-06	2.66978e-07	5.65065e-08	1.1329e-08	2.15544e-09	3.89811e-10	6.71139e-11	1.10163e-11	1.72562e-12	2.53482e-13	0	
0	0.285068	0.485438	0.569789	0.52271	0.367181	0.160064	-0.0913398	-0.393498	-0.710189	-0.979584	-1.15951	-1.26119	-1.28353	-1.19806	-1.00482	-0.764599	-0.54101	-0.359348	-0.237432	-0.172177	-0.130282	-0.110425	-0.105669	-0.0973571	-0.0949813	-0.0968527	-0.0908485	-0.0943341	-0.0925414	-0.0907666	-0.0953513	-0.0902947	-0.0959272	-0.0946534	-0.0955363	-0.0992275	-0.100891	-0.0987346	-0.107278	-0.104661	-0.104476	-0.108769	-0.111753	-0.113835	-0.125443	-0.125475	-0.124483	-0.132868	-0.151902	-0.153415	-0.148728	-0.163257	-0.192885	-0.219776	-0.217011	-0.20593	-0.223767	-0.288218	-0.41073	-0.56078	-0.68873	-0.767285	-0.764945	-0.658229	-0.463	-0.202416	0.109622	0.43708	0.726886	0.94919	1.09848	1.16246	1.11959	0.96922	0.748514	0.51515	0.316965	0.175269	0.0876164	0.0398295	0.0165564	0.00632517	0.00223106	0.000729589	0.000222018	6.30807e-05	1.67849e-05	4.19421e-06	9.86681e-07	2.19023e-07	4.5973e-08	9.1422e-09	1.72548e-09	3.09594e-10	5.28895e-11	8.61499e-12	1.33929e-12	1.95319e-13	0	
0	0.285215	0.485705	0.564306	0.503752	0.329489	0.104771	-0.155653	-0.455877	-0.761514	-1.01873	-1.18861	-1.27617	-1.27872	-1.17611	-0.973265	-0.732458	-0.51916	-0.345747	-0.220549	-0.159846	-0.127661	-0.105814	-0.102514	-0.102238	-0.0949537	-0.101283	-0.0958414	-0.0977455	-0.098184	-0.0952837	-0.0998839	-0.0945495	-0.100419	-0.0964135	-0.0979433	-0.100891	-0.0956505	-0.100821	-0.102914	-0.0989196	-0.106126	-0.118328	-0.114822	-0.114815	-0.126027	-0.12566	-0.128358	-0.137232	-0.154396	-0.153464	-0.151315	-0.169819	-0.200283	-0.222686	-0.215636	-0.207956	-0.234786	-0.311202	-0.442608	-0.591319	-0.710054	-0.774203	-0.752507	-0.627099	-0.418398	-0.148384	0.168099	0.491578	0.770445	0.979718	1.11528	1.16331	1.10348	0.939961	0.714084	0.483573	0.292929	0.159579	0.0786445	0.035268	0.0144708	0.00545975	0.00190279	0.000615061	0.000185075	5.20139e-05	1.36941e-05	3.38664e-06	7.88686e-07	1.73348e-07	3.60345e-08	7.09791e-09	1.32716e-09	2.35943e-10	3.99432e-11	6.44828e-12	9.93653e-13	1.43701e-13	0	
0	0.280818	0.478983	0.550449	0.476537	0.284442	0.0401533	-0.231908	-0.527108	-0.816294	-1.06166	-1.2213	-1.28906	-1.26955	-1.15191	-0.939069	-0.691015	-0.480339	-0.327141	-0.220754	-0.157633	-0.129343	-0.109822	-0.102981	-0.0985086	-0.0955226	-0.0953437	-0.0935163	-0.0936529	-0.0936336	-0.0926924	-0.0943149	-0.092876	-0.0953156	-0.0946565	-0.0972027	-0.0987346	-0.100821	-0.1052	-0.107353	-0.110237	-0.116001	-0.114264	-0.108353	-0.118172	-0.129183	-0.12891	-0.129393	-0.143414	-0.159163	-0.150988	-0.154381	-0.179063	-0.208844	-0.224907	-0.213708	-0.211868	-0.250686	-0.340828	-0.480066	-0.624627	-0.731308	-0.777754	-0.733437	-0.587531	-0.364604	-0.0848518	0.235145	0.552347	0.817798	1.01195	1.13153	1.16101	1.08209	0.904729	0.674465	0.448362	0.266796	0.142883	0.0692791	0.030589	0.0123656	0.00459935	0.00158106	0.000504329	0.000149819	4.1584e-05	1.08162e-05	2.64349e-06	6.08553e-07	1.32254e-07	2.71896e-08	5.29785e-09	9.80076e-10	1.7242e-10	2.88894e-11	4.61658e-12	7.04303e-13	1.00888e-13	0	
0	0.269838	0.462121	0.525177	0.438083	0.229505	-0.0324117	-0.316078	-0.609814	-0.880341	-1.10373	-1.24983	-1.30089	-1.25516	-1.11727	-0.903524	-0.657508	-0.449397	-0.298083	-0.200143	-0.15002	-0.126572	-0.110776	-0.107556	-0.107213	-0.10019	-0.104545	-0.10006	-0.0998357	-0.101882	-0.0972742	-0.103317	-0.0977541	-0.103776	-0.101759	-0.102446	-0.107278	-0.102914	-0.107353	-0.107732	-0.105929	-0.107849	-0.113495	-0.116773	-0.127088	-0.133048	-0.127464	-0.1335	-0.149247	-0.157607	-0.152912	-0.163128	-0.188151	-0.216432	-0.22558	-0.211943	-0.219915	-0.273233	-0.377522	-0.522458	-0.659485	-0.750833	-0.775855	-0.705834	-0.538277	-0.300864	-0.0115524	0.310296	0.618337	0.867755	1.04471	1.14594	1.15422	1.05442	0.863162	0.629901	0.410095	0.239176	0.125658	0.0598233	0.0259566	0.0103191	0.00377709	0.00127851	0.000401791	0.000117649	3.22011e-05	8.26244e-06	1.99275e-06	4.52845e-07	9.71767e-08	1.9732e-08	3.79827e-09	6.94324e-10	1.20724e-10	1.99955e-11	3.1592e-12	4.76604e-13	6.7548e-14	0	
0	0.250783	0.431192	0.483519	0.386576	0.165408	-0.116133	-0.411284	-0.697329	-0.946176	-1.14848	-1.28034	-1.3101	-1.23595	-1.07404	-0.851286	-0.614216	-0.419503	-0.285689	-0.193404	-0.141926	-0.125177	-0.108937	-0.102822	-0.105456	-0.0993435	-0.101602	-0.100995	-0.0997812	-0.10049	-0.100464	-0.100038	-0.100091	-0.101946	-0.0996198	-0.102064	-0.104661	-0.0989196	-0.110237	-0.105929	-0.109577	-0.11792	-0.123483	-0.119088	-0.128671	-0.128983	-0.129089	-0.1401	-0.156213	-0.161883	-0.154002	-0.169226	-0.199857	-0.224217	-0.224023	-0.212376	-0.233936	-0.303201	-0.421633	-0.569024	-0.694164	-0.76639	-0.766063	-0.667762	-0.478193	-0.226534	0.0715604	0.392742	0.688209	0.918944	1.07663	1.15699	1.14148	1.01953	0.815069	0.580836	0.369489	0.21075	0.108395	0.0505692	0.0215209	0.00839867	0.00302002	0.00100491	0.000310638	8.95172e-05	2.41245e-05	6.09753e-06	1.44919e-06	3.24642e-07	6.86973e-08	1.37594e-08	2.61329e-09	4.71458e-10	8.09205e-11	1.32335e-11	2.06484e-12	3.07696e-13	4.31009e-14	0	
