0	0	0	0	0	0	0	0	0	0	0	0	0	0	0	0	0	0	0	0	0	0	0	0	0	0	0	0	0	0	0	0	0	0	0	0	0	0	0	0	0	0	0	0	0	0	0	0	0	0	0	0	0	0	0	0	0	0	0	0	0	0	0	0	0	0	0	0	0	0	0	0	0	0	0	0	0	0	0	0	0	0	0	0	0	0	0	0	0	0	0	0	0	0	0	0	0	0	0	0	
0	0.0196312	0.0421532	0.0642131	0.0891361	0.109427	0.124323	0.130952	0.127501	0.119297	0.106622	0.0952402	0.0847005	0.0758497	0.0682835	0.0634833	0.0636743	0.0699342	0.0796285	0.088877	0.0923444	0.0889523	0.0832443	0.0739873	0.0672748	0.0613817	0.0555976	0.0554735	0.0563649	0.0541464	0.0489921	0.0393862	0.0315972	0.0294348	0.0275373	0.024776	0.0181945	0.0105259	0.00406299	-0.00100337	-0.00629567	-0.0117515	-0.0187656	-0.0280306	-0.036352	-0.0421671	-0.0487232	-0.0576135	-0.0675639	-0.076145	-0.0813154	-0.0878224	-0.0972194	-0.102556	-0.104817	-0.109193	-0.110784	-0.113759	-0.11742	-0.123808	-0.13196	-0.149319	-0.169898	-0.18907	-0.209492	-0.224871	-0.231197	-0.223435	-0.210614	-0.193929	-0.173012	-0.152686	-0.135708	-0.121554	-0.106099	-0.095257	-0.0936931	-0.0967142	-0.0987582	-0.0984922	-0.093889	-0.0839107	-0.0707006	-0.0589549	-0.0495513	-0.0405693	-0.0378764	-0.0363525	-0.0319757	-0.0305204	-0.0238549	-0.0138502	-0.00978753	-0.009375	-0.0119588	-0.0112516	-0.00464066	-0.000256676	0.00061192	0	
0	0.0421532	0.0877931	0.135836	0.186071	0.228655	0.260489	0.273546	0.268908	0.252512	0.227812	0.206212	0.185562	0.169217	0.155492	0.147788	0.148553	0.163056	0.181999	0.200016	0.207173	0.199919	0.186907	0.17069	0.157034	0.144036	0.136149	0.132722	0.133117	0.128994	0.118081	0.0966454	0.0846419	0.0788764	0.0750861	0.068128	0.0559332	0.0409013	0.0300944	0.0166154	0.00705061	-0.000759203	-0.012826	-0.0347695	-0.0501301	-0.0592711	-0.0701987	-0.0894341	-0.107745	-0.123977	-0.132324	-0.145762	-0.163072	-0.173193	-0.177603	-0.185264	-0.189856	-0.194331	-0.20421	-0.216086	-0.234942	-0.270452	-0.312604	-0.354033	-0.394844	-0.428897	-0.442087	-0.428903	-0.405021	-0.372538	-0.333202	-0.293649	-0.262565	-0.235845	-0.207973	-0.188974	-0.18672	-0.195587	-0.199115	-0.199127	-0.191555	-0.169628	-0.145335	-0.12351	-0.103466	-0.0884624	-0.0829466	-0.076858	-0.0689198	-0.0651468	-0.0504622	-0.0318693	-0.0232414	-0.0212156	-0.0268097	-0.0251039	-0.0106611	-0.000621367	0.00181146	0	
0	0.0642131	0.135836	0.208084	0.286914	0.35352	0.403843	0.429017	0.425297	0.405795	0.373422	0.34387	0.316803	0.294153	0.275789	0.264652	0.268029	0.288768	0.318981	0.347526	0.359378	0.350201	0.333216	0.306405	0.285364	0.266384	0.249147	0.245724	0.246217	0.238686	0.2221	0.192518	0.169658	0.161441	0.15517	0.146184	0.127901	0.106511	0.0886951	0.0740438	0.0604261	0.0468866	0.0286476	0.00380055	-0.0179687	-0.0323571	-0.0488163	-0.0719562	-0.0983808	-0.120971	-0.133931	-0.151436	-0.176314	-0.190869	-0.197218	-0.209107	-0.214352	-0.223393	-0.236471	-0.2568	-0.284853	-0.339284	-0.404317	-0.467503	-0.533069	-0.5857	-0.611171	-0.596437	-0.56599	-0.523478	-0.469147	-0.416101	-0.372968	-0.33744	-0.298947	-0.273481	-0.274167	-0.288134	-0.298633	-0.302484	-0.292795	-0.265824	-0.229554	-0.196494	-0.168962	-0.143464	-0.134264	-0.127801	-0.114866	-0.108802	-0.0875454	-0.0572034	-0.0429671	-0.0396919	-0.0446117	-0.0401882	-0.0199117	-0.00511776	-1.04204e-05	0	
0	0.0891361	0.186071	0.286914	0.393625	0.485591	0.556737	0.592232	0.592257	0.568849	0.528764	0.493154	0.459123	0.433586	0.412231	0.402591	0.409855	0.440993	0.483219	0.522125	0.539569	0.529621	0.505651	0.473602	0.446022	0.419539	0.400543	0.392825	0.3907	0.380869	0.357062	0.31608	0.28813	0.27477	0.266366	0.254282	0.230144	0.202653	0.181914	0.160161	0.143809	0.131274	0.111552	0.0766142	0.0510826	0.0367686	0.0206835	-0.00915452	-0.0398141	-0.0659173	-0.0786883	-0.0995769	-0.128448	-0.144471	-0.151819	-0.164058	-0.171336	-0.18108	-0.200338	-0.226729	-0.267338	-0.341061	-0.430002	-0.519641	-0.609656	-0.686346	-0.724682	-0.713428	-0.67934	-0.628761	-0.564766	-0.500215	-0.451651	-0.410936	-0.36843	-0.343842	-0.349843	-0.375594	-0.394221	-0.403617	-0.396535	-0.362465	-0.318762	-0.279055	-0.243064	-0.213496	-0.201385	-0.189803	-0.173886	-0.163595	-0.133306	-0.0938242	-0.0719072	-0.0653777	-0.0720409	-0.0636982	-0.0327204	-0.0100178	-0.00154137	0	
0	0.109427	0.228655	0.35352	0.485591	0.601871	0.691649	0.740281	0.744465	0.720034	0.676083	0.634752	0.598577	0.569044	0.54854	0.538789	0.55252	0.593375	0.649151	0.701504	0.728439	0.720476	0.696447	0.658473	0.625125	0.593956	0.568353	0.558413	0.555537	0.54263	0.513882	0.464789	0.427951	0.410444	0.398421	0.381682	0.354147	0.322565	0.296288	0.273466	0.25556	0.239784	0.216689	0.183813	0.156022	0.140321	0.122327	0.0945632	0.0614021	0.0343	0.0213211	0.000667399	-0.0287372	-0.0452498	-0.0511189	-0.0629528	-0.0682829	-0.0788983	-0.100287	-0.132345	-0.182647	-0.273677	-0.384748	-0.499281	-0.615138	-0.714453	-0.770112	-0.765147	-0.732559	-0.679336	-0.609197	-0.540782	-0.488749	-0.447696	-0.405383	-0.383563	-0.400516	-0.438921	-0.471713	-0.493721	-0.492539	-0.46024	-0.412615	-0.367488	-0.327433	-0.291905	-0.27661	-0.263824	-0.244824	-0.231606	-0.194469	-0.143891	-0.114895	-0.104133	-0.104072	-0.0892468	-0.0531132	-0.0233559	-0.00720017	0	
0	0.124323	0.260489	0.403843	0.556737	0.691649	0.797346	0.854066	0.860741	0.832024	0.781146	0.733981	0.690846	0.661191	0.638444	0.6338	0.655418	0.708473	0.781686	0.849855	0.888035	0.888204	0.864014	0.825232	0.790132	0.756581	0.729904	0.720593	0.717537	0.704349	0.669327	0.614403	0.569206	0.545649	0.531609	0.515366	0.481075	0.443644	0.413319	0.387505	0.367642	0.352946	0.330572	0.293754	0.2653	0.25114	0.237712	0.20997	0.177592	0.152761	0.143422	0.126367	0.0995162	0.0876642	0.0853481	0.0791717	0.0784573	0.0707007	0.0504458	0.0156858	-0.0425982	-0.147194	-0.278899	-0.416575	-0.556946	-0.678989	-0.749869	-0.754879	-0.723085	-0.667889	-0.594891	-0.522076	-0.471375	-0.432136	-0.393883	-0.382742	-0.412869	-0.46916	-0.521979	-0.559472	-0.570024	-0.54357	-0.496184	-0.450868	-0.410514	-0.374754	-0.359152	-0.347029	-0.32861	-0.311134	-0.267031	-0.207141	-0.166979	-0.151569	-0.151025	-0.128677	-0.0783963	-0.0371489	-0.0142329	0	
0	0.130952	0.273546	0.429017	0.592232	0.740281	0.854066	0.914715	0.919176	0.883073	0.823661	0.765891	0.718595	0.682324	0.662265	0.659583	0.689712	0.756594	0.846116	0.931691	0.987025	0.997671	0.980845	0.948266	0.915409	0.884159	0.861726	0.853226	0.8522	0.840941	0.806348	0.746512	0.699073	0.672437	0.654728	0.630318	0.594772	0.555651	0.521619	0.491475	0.469647	0.453411	0.42932	0.394943	0.36624	0.353494	0.340921	0.317887	0.288481	0.267691	0.262706	0.250281	0.231176	0.22494	0.229254	0.231937	0.238065	0.238265	0.221322	0.189188	0.126492	0.0128261	-0.13231	-0.290996	-0.45015	-0.590676	-0.675598	-0.68743	-0.657495	-0.599125	-0.521931	-0.448189	-0.397049	-0.360479	-0.330392	-0.329466	-0.375522	-0.452008	-0.525671	-0.584651	-0.612222	-0.596251	-0.557871	-0.519107	-0.482263	-0.451711	-0.438981	-0.427885	-0.412436	-0.394858	-0.346881	-0.280894	-0.235107	-0.213703	-0.201073	-0.167867	-0.112083	-0.061516	-0.0255539	0	
0	0.127501	0.268908	0.425297	0.592257	0.744465	0.860741	0.919176	0.918064	0.869585	0.797729	0.726768	0.666599	0.625188	0.598747	0.598513	0.635641	0.713634	0.821979	0.928263	1.00184	1.03058	1.02555	1.00095	0.975195	0.952159	0.935479	0.936558	0.945387	0.941555	0.908691	0.853294	0.800714	0.769659	0.752273	0.732126	0.693046	0.647962	0.607791	0.576305	0.55252	0.533487	0.508313	0.47335	0.443926	0.430083	0.420653	0.400962	0.374392	0.358036	0.356552	0.351403	0.34023	0.341898	0.354313	0.367472	0.385096	0.393519	0.386703	0.359222	0.296549	0.181145	0.0254291	-0.145893	-0.321232	-0.474527	-0.568022	-0.587173	-0.554055	-0.490029	-0.407081	-0.327574	-0.273705	-0.236789	-0.210968	-0.221232	-0.281682	-0.376153	-0.476222	-0.559156	-0.606197	-0.609284	-0.582686	-0.552055	-0.525566	-0.503304	-0.496612	-0.496604	-0.490977	-0.474612	-0.426851	-0.356701	-0.301206	-0.275112	-0.259917	-0.218993	-0.149615	-0.0843952	-0.0370872	0	
0	0.119297	0.252512	0.405795	0.568849	0.720034	0.832024	0.883073	0.869585	0.80412	0.713732	0.622397	0.547695	0.492071	0.460203	0.458247	0.498736	0.587349	0.709489	0.832458	0.925204	0.971588	0.979922	0.971921	0.958444	0.948105	0.947313	0.959805	0.978617	0.986169	0.963937	0.915341	0.869829	0.843183	0.82695	0.802021	0.763802	0.720223	0.679007	0.642191	0.613866	0.591591	0.56415	0.527922	0.49639	0.481161	0.471038	0.452485	0.429099	0.41664	0.417884	0.417799	0.416101	0.425713	0.446035	0.471974	0.49925	0.520293	0.522979	0.503568	0.443043	0.328072	0.168822	-0.0140076	-0.198934	-0.359992	-0.458098	-0.478395	-0.438893	-0.362778	-0.267871	-0.179097	-0.116349	-0.0737627	-0.0514918	-0.0690621	-0.139478	-0.250847	-0.371272	-0.475735	-0.543822	-0.563377	-0.554302	-0.539884	-0.525857	-0.519643	-0.52481	-0.533968	-0.540107	-0.530147	-0.487054	-0.420925	-0.366095	-0.337255	-0.311436	-0.259722	-0.185256	-0.112189	-0.0518939	0	
0	0.106622	0.227812	0.373422	0.528764	0.676083	0.781146	0.823661	0.797729	0.713732	0.604096	0.489618	0.394375	0.320593	0.274491	0.263761	0.301137	0.392019	0.523102	0.660248	0.770332	0.83457	0.859535	0.864959	0.863246	0.867265	0.880889	0.909204	0.947775	0.972681	0.966387	0.933768	0.896425	0.874238	0.865269	0.848712	0.817381	0.77415	0.729883	0.69271	0.663327	0.636748	0.605411	0.5687	0.533766	0.513566	0.500088	0.481897	0.45951	0.447767	0.44788	0.451203	0.457168	0.471607	0.498865	0.534454	0.571937	0.60326	0.61756	0.606132	0.549354	0.439204	0.278646	0.0903511	-0.101963	-0.265838	-0.365124	-0.385653	-0.33686	-0.246196	-0.135782	-0.0332338	0.0456893	0.100967	0.12806	0.111617	0.0383889	-0.0807284	-0.218237	-0.342536	-0.428274	-0.467352	-0.475551	-0.473038	-0.472284	-0.480651	-0.497637	-0.524197	-0.548741	-0.549414	-0.516679	-0.457287	-0.402768	-0.373634	-0.346176	-0.292895	-0.214532	-0.131757	-0.0610744	0	
0	0.0952402	0.206212	0.34387	0.493154	0.634752	0.733981	0.765891	0.726768	0.622397	0.489618	0.349292	0.22767	0.132529	0.0668255	0.0445884	0.0730431	0.161478	0.2931	0.43718	0.555236	0.632833	0.667933	0.686237	0.696254	0.715227	0.745239	0.790636	0.845919	0.888855	0.901579	0.890669	0.871128	0.863251	0.865651	0.858168	0.836502	0.800695	0.763041	0.727214	0.697578	0.667224	0.635523	0.595453	0.558508	0.532463	0.514709	0.492155	0.469529	0.457736	0.453937	0.458698	0.469182	0.487859	0.520128	0.563713	0.609256	0.649533	0.674329	0.66938	0.615045	0.509448	0.347627	0.154183	-0.0446342	-0.210839	-0.308984	-0.328958	-0.268813	-0.159248	-0.0302275	0.0921306	0.192593	0.265877	0.303333	0.292266	0.223818	0.10413	-0.0419092	-0.175794	-0.271719	-0.322966	-0.344521	-0.353131	-0.364062	-0.387753	-0.416896	-0.457694	-0.498376	-0.50937	-0.489729	-0.446033	-0.401307	-0.376147	-0.348952	-0.296634	-0.221012	-0.13953	-0.0669029	0	
0	0.0847005	0.185562	0.316803	0.459123	0.598577	0.690846	0.718595	0.666599	0.547695	0.394375	0.22767	0.0827004	-0.0406187	-0.126709	-0.168184	-0.155081	-0.0772958	0.048218	0.188801	0.312898	0.395571	0.438131	0.463295	0.478694	0.504556	0.546498	0.604277	0.675892	0.736463	0.773075	0.784462	0.784738	0.795282	0.813905	0.820309	0.816665	0.797113	0.768481	0.740323	0.714215	0.686885	0.654414	0.617377	0.577925	0.54751	0.522546	0.496019	0.472909	0.457069	0.44774	0.449459	0.462864	0.48191	0.516106	0.565056	0.614168	0.662465	0.694982	0.694451	0.64344	0.539875	0.379748	0.1812	-0.0240887	-0.190333	-0.290688	-0.309276	-0.240739	-0.115262	0.0341692	0.174854	0.300637	0.397451	0.448833	0.452396	0.397208	0.283917	0.139558	0.0031298	-0.0979633	-0.154752	-0.183869	-0.197067	-0.210283	-0.240427	-0.277466	-0.328759	-0.382261	-0.405926	-0.401293	-0.37285	-0.341289	-0.324811	-0.302419	-0.259975	-0.199243	-0.128427	-0.0615059	0	
0	0.0758497	0.169217	0.294153	0.433586	0.569044	0.661191	0.682324	0.625188	0.492071	0.320593	0.132529	-0.0406187	-0.186466	-0.297258	-0.357758	-0.361184	-0.29708	-0.185161	-0.048746	0.0688776	0.153514	0.197119	0.221792	0.236366	0.265521	0.310723	0.375109	0.45741	0.530857	0.583724	0.618676	0.642289	0.669254	0.70435	0.732661	0.752709	0.748455	0.737417	0.722461	0.709398	0.686121	0.661101	0.625974	0.590727	0.557064	0.527392	0.495646	0.470345	0.451713	0.433731	0.432222	0.444025	0.461839	0.49727	0.546562	0.599331	0.651406	0.69034	0.693137	0.641668	0.541602	0.379388	0.176542	-0.0351134	-0.206065	-0.306685	-0.328067	-0.25388	-0.11202	0.0530186	0.214799	0.366874	0.485435	0.556084	0.575735	0.536032	0.437445	0.300089	0.168649	0.073543	0.0170138	-0.0125766	-0.0197902	-0.028908	-0.0582826	-0.0932691	-0.14785	-0.208091	-0.23652	-0.242861	-0.233773	-0.217455	-0.208864	-0.199991	-0.179629	-0.140245	-0.0887664	-0.041781	0	
0	0.0682835	0.155492	0.275789	0.412231	0.54854	0.638444	0.662265	0.598747	0.460203	0.274491	0.0668255	-0.126709	-0.297258	-0.42844	-0.5069	-0.527432	-0.478433	-0.378229	-0.256019	-0.141921	-0.0626038	-0.0215838	-0.000944772	0.00884916	0.0315466	0.0750206	0.139053	0.221525	0.297601	0.363509	0.414525	0.454038	0.502108	0.554751	0.598019	0.635995	0.659253	0.670633	0.675343	0.674648	0.66569	0.649652	0.626156	0.5979	0.566484	0.533186	0.497349	0.472799	0.448942	0.424125	0.414962	0.423187	0.437839	0.470385	0.518557	0.569428	0.624159	0.666409	0.66878	0.618881	0.516875	0.354683	0.147247	-0.0729049	-0.246408	-0.352823	-0.376745	-0.299631	-0.148501	0.0331102	0.212799	0.388691	0.531767	0.619241	0.657111	0.637161	0.552281	0.428645	0.309709	0.222116	0.173575	0.152049	0.154061	0.158508	0.141602	0.113572	0.0656516	0.0128914	-0.0146399	-0.0285011	-0.0336589	-0.0347194	-0.0406843	-0.0457638	-0.0471455	-0.0410342	-0.0268236	-0.0123193	0	
0	0.0634833	0.147788	0.264652	0.402591	0.538789	0.6338	0.659583	0.598513	0.458247	0.263761	0.0445884	-0.168184	-0.357758	-0.5069	-0.604052	-0.638394	-0.604646	-0.519985	-0.40669	-0.301937	-0.225264	-0.185948	-0.171658	-0.17064	-0.157669	-0.125351	-0.0700793	0.00525529	0.0792585	0.147599	0.206971	0.260181	0.315696	0.373504	0.433984	0.496627	0.539285	0.570939	0.596321	0.61693	0.625188	0.626057	0.616796	0.601552	0.57808	0.546543	0.511671	0.487181	0.461548	0.429119	0.413077	0.413874	0.422917	0.450329	0.491637	0.5382	0.590635	0.631463	0.631862	0.579335	0.474555	0.310351	0.0974606	-0.128477	-0.309177	-0.42041	-0.448328	-0.373736	-0.214222	-0.0225069	0.173963	0.373058	0.535341	0.642904	0.700193	0.69818	0.632391	0.5251	0.419971	0.344883	0.304536	0.292382	0.310521	0.334661	0.337375	0.326505	0.294594	0.254082	0.231966	0.21702	0.20018	0.185627	0.171923	0.14857	0.112421	0.0796415	0.0559555	0.0308027	0	
0	0.0636743	0.148553	0.268029	0.409855	0.55252	0.655418	0.689712	0.635641	0.498736	0.301137	0.0730431	-0.155081	-0.361184	-0.527432	-0.638394	-0.685179	-0.664085	-0.590455	-0.489749	-0.39157	-0.320283	-0.284242	-0.275688	-0.282748	-0.281269	-0.259184	-0.215911	-0.153472	-0.0926974	-0.0319055	0.0266979	0.0828637	0.142987	0.206728	0.271639	0.339737	0.400018	0.454412	0.500562	0.540576	0.568424	0.586206	0.59604	0.60185	0.59344	0.568696	0.537834	0.519292	0.495076	0.460313	0.436451	0.429856	0.432584	0.452978	0.484815	0.523245	0.56984	0.604209	0.599235	0.540719	0.428938	0.258734	0.0389421	-0.195913	-0.386904	-0.506204	-0.541632	-0.470992	-0.30939	-0.108552	0.10527	0.324082	0.507786	0.634716	0.710682	0.727381	0.677758	0.589113	0.501574	0.439659	0.411475	0.413114	0.447587	0.491918	0.516061	0.522199	0.508082	0.487917	0.480249	0.467462	0.439982	0.412048	0.3859	0.343776	0.280544	0.211067	0.143525	0.0744159	0	
0	0.0699342	0.163056	0.288768	0.440993	0.593375	0.708473	0.756594	0.713634	0.587349	0.392019	0.161478	-0.0772958	-0.29708	-0.478433	-0.604646	-0.664085	-0.658913	-0.598574	-0.511486	-0.421763	-0.353743	-0.317717	-0.313106	-0.325918	-0.336497	-0.330203	-0.30041	-0.256415	-0.209568	-0.159236	-0.105759	-0.0536947	0.0024462	0.054848	0.118014	0.190176	0.263004	0.327288	0.389329	0.443691	0.491331	0.529387	0.563749	0.590568	0.601695	0.593156	0.57667	0.568819	0.552401	0.521498	0.496	0.483465	0.482521	0.494439	0.515723	0.543693	0.579096	0.603082	0.586633	0.519419	0.39447	0.214725	-0.0144451	-0.260836	-0.464328	-0.59619	-0.640918	-0.579244	-0.42186	-0.216566	0.0101568	0.245234	0.447129	0.594791	0.691049	0.727483	0.698744	0.631792	0.565082	0.517048	0.497721	0.512306	0.560096	0.622627	0.670545	0.694062	0.698608	0.697074	0.695808	0.681345	0.646154	0.606734	0.57038	0.514138	0.425627	0.320628	0.2151	0.110052	0	
0	0.0796285	0.181999	0.318981	0.483219	0.649151	0.781686	0.846116	0.821979	0.709489	0.523102	0.2931	0.048218	-0.185161	-0.378229	-0.519985	-0.590455	-0.598574	-0.552361	-0.478358	-0.3992	-0.337217	-0.304463	-0.302371	-0.32203	-0.342697	-0.346433	-0.331225	-0.30397	-0.272948	-0.239619	-0.199381	-0.15106	-0.104478	-0.0607564	-0.00844589	0.0559183	0.126223	0.196631	0.265634	0.333108	0.395657	0.446905	0.49926	0.550728	0.590143	0.601139	0.603526	0.611879	0.614133	0.596997	0.576283	0.565883	0.565897	0.575193	0.589264	0.608203	0.634183	0.643558	0.617598	0.536481	0.39628	0.203161	-0.0414433	-0.300232	-0.524572	-0.673434	-0.733097	-0.687712	-0.540208	-0.336611	-0.100331	0.148019	0.36652	0.534514	0.651414	0.705898	0.696785	0.654346	0.60859	0.576087	0.570092	0.596217	0.655999	0.733809	0.794986	0.828475	0.845452	0.855086	0.860007	0.842093	0.79287	0.740406	0.692948	0.621081	0.513536	0.388796	0.263846	0.136788	0	
0	0.088877	0.200016	0.347526	0.522125	0.701504	0.849855	0.931691	0.928263	0.832458	0.660248	0.43718	0.188801	-0.048746	-0.256019	-0.40669	-0.489749	-0.511486	-0.478358	-0.419519	-0.35219	-0.295097	-0.264913	-0.264375	-0.287768	-0.317858	-0.334918	-0.333713	-0.323048	-0.308711	-0.29145	-0.259053	-0.221027	-0.185296	-0.154528	-0.116557	-0.0678903	-0.0022144	0.0656104	0.135416	0.203643	0.269301	0.331227	0.401082	0.473391	0.531837	0.5681	0.595148	0.627309	0.652976	0.65876	0.654667	0.65553	0.666679	0.679928	0.694792	0.711628	0.729152	0.728893	0.692251	0.598391	0.44333	0.232583	-0.0252953	-0.301204	-0.54679	-0.715677	-0.797059	-0.769722	-0.641666	-0.446535	-0.206086	0.0465602	0.278172	0.464632	0.598255	0.671049	0.683441	0.664064	0.641627	0.62478	0.626492	0.662297	0.728386	0.810992	0.881818	0.921709	0.941276	0.953709	0.956044	0.9251	0.860271	0.794677	0.734047	0.654509	0.542635	0.40822	0.27196	0.138277	0	
0	0.0923444	0.207173	0.359378	0.539569	0.728439	0.888035	0.987025	1.00184	0.925204	0.770332	0.555236	0.312898	0.0688776	-0.141921	-0.301937	-0.39157	-0.421763	-0.3992	-0.35219	-0.293829	-0.243528	-0.213912	-0.213444	-0.239213	-0.275968	-0.303075	-0.315032	-0.321381	-0.323219	-0.3223	-0.304181	-0.273761	-0.245165	-0.22695	-0.207649	-0.173317	-0.118697	-0.061863	0.000526607	0.0646473	0.130978	0.192109	0.266684	0.347226	0.427221	0.484473	0.534435	0.586695	0.641756	0.677436	0.697353	0.720389	0.750386	0.779012	0.805174	0.828813	0.846548	0.842351	0.801114	0.69886	0.531248	0.307268	0.0347969	-0.255986	-0.521347	-0.714232	-0.81635	-0.812728	-0.707932	-0.524389	-0.28912	-0.0342417	0.206174	0.405457	0.554494	0.640123	0.669701	0.671685	0.667065	0.661857	0.669882	0.707721	0.771377	0.851432	0.918774	0.953999	0.970791	0.97917	0.972143	0.926409	0.848373	0.77128	0.698456	0.6149	0.506337	0.378153	0.252898	0.130181	0	
0	0.0889523	0.199919	0.350201	0.529621	0.720476	0.888204	0.997671	1.03058	0.971588	0.83457	0.632833	0.395571	0.153514	-0.0626038	-0.225264	-0.320283	-0.353743	-0.337217	-0.295097	-0.243528	-0.191007	-0.161514	-0.153857	-0.178573	-0.219172	-0.253334	-0.278234	-0.298946	-0.31517	-0.332181	-0.326453	-0.305101	-0.289301	-0.280152	-0.274651	-0.257584	-0.220544	-0.173125	-0.120784	-0.0649987	-0.0112292	0.0438221	0.113874	0.198679	0.283739	0.354335	0.419145	0.490313	0.570116	0.633661	0.682672	0.732881	0.789841	0.840542	0.89002	0.929732	0.957781	0.959145	0.921653	0.817246	0.645718	0.412783	0.130101	-0.171017	-0.454005	-0.66614	-0.791521	-0.810651	-0.728692	-0.562369	-0.332906	-0.0799094	0.167471	0.379732	0.538337	0.63508	0.678049	0.692224	0.69766	0.695615	0.699418	0.727119	0.777519	0.842523	0.894323	0.919765	0.925504	0.920382	0.905421	0.849225	0.759911	0.677886	0.602754	0.522967	0.426949	0.317215	0.212067	0.108459	0	
0	0.0832443	0.186907	0.333216	0.505651	0.696447	0.864014	0.980845	1.02555	0.979922	0.859535	0.667933	0.438131	0.197119	-0.0215838	-0.185948	-0.284242	-0.317717	-0.304463	-0.264913	-0.213912	-0.161514	-0.121912	-0.104638	-0.119748	-0.153393	-0.189214	-0.222705	-0.252125	-0.286145	-0.319185	-0.32626	-0.31772	-0.308483	-0.307503	-0.321281	-0.321006	-0.297939	-0.26471	-0.224362	-0.179796	-0.13945	-0.095314	-0.0346457	0.0410751	0.122098	0.197881	0.270375	0.35017	0.444994	0.531907	0.607477	0.687834	0.770702	0.851417	0.929238	0.995328	1.04098	1.05874	1.03169	0.932581	0.765514	0.528515	0.242307	-0.0671085	-0.358573	-0.587311	-0.731841	-0.769004	-0.708214	-0.554521	-0.334568	-0.0814151	0.17391	0.394519	0.562404	0.665352	0.716957	0.736872	0.741619	0.735698	0.723879	0.727029	0.750064	0.781335	0.804498	0.812248	0.800769	0.784021	0.762947	0.701002	0.614936	0.536521	0.461335	0.395859	0.325884	0.241691	0.161969	0.0836521	0	
0	0.0739873	0.17069	0.306405	0.473602	0.658473	0.825232	0.948266	1.00095	0.971921	0.864959	0.686237	0.463295	0.221792	-0.000944772	-0.171658	-0.275688	-0.313106	-0.302371	-0.264375	-0.213444	-0.153857	-0.104638	-0.0710109	-0.06913	-0.0922905	-0.122499	-0.154552	-0.190924	-0.232029	-0.275063	-0.295401	-0.298841	-0.297786	-0.309212	-0.334564	-0.349809	-0.345891	-0.327629	-0.298714	-0.268424	-0.239743	-0.206987	-0.163059	-0.101906	-0.0288962	0.0440099	0.111734	0.190347	0.290245	0.388344	0.483763	0.585901	0.693193	0.800227	0.911103	1.0057	1.07776	1.12092	1.1112	1.02929	0.873633	0.644915	0.359482	0.0495386	-0.243817	-0.485096	-0.644614	-0.700107	-0.655107	-0.516093	-0.305588	-0.0501696	0.213931	0.446514	0.622277	0.73397	0.791042	0.807322	0.803919	0.78063	0.742378	0.709178	0.689539	0.680339	0.666547	0.647157	0.618507	0.587846	0.559844	0.502989	0.428737	0.362732	0.301609	0.253437	0.208854	0.159702	0.111398	0.0570068	0	
0	0.0672748	0.157034	0.285364	0.446022	0.625125	0.790132	0.915409	0.975195	0.958444	0.863246	0.696254	0.478694	0.236366	0.00884916	-0.17064	-0.282748	-0.325918	-0.32203	-0.287768	-0.239213	-0.178573	-0.119748	-0.06913	-0.0491468	-0.0512075	-0.0666458	-0.0920062	-0.122731	-0.16605	-0.215739	-0.243419	-0.254502	-0.259563	-0.276489	-0.313633	-0.345586	-0.361616	-0.360282	-0.345571	-0.326277	-0.313093	-0.297242	-0.267061	-0.217905	-0.16096	-0.100893	-0.0403797	0.0333436	0.126151	0.22354	0.328706	0.446525	0.56872	0.699048	0.838505	0.962634	1.06589	1.13859	1.15477	1.09534	0.961733	0.748549	0.470777	0.167277	-0.122925	-0.369095	-0.540723	-0.610357	-0.576819	-0.451214	-0.250609	0.007425	0.279897	0.519946	0.702597	0.818549	0.875643	0.884484	0.863955	0.822014	0.755014	0.677878	0.613622	0.556502	0.499532	0.454137	0.405421	0.361376	0.334331	0.288941	0.228981	0.175106	0.129283	0.104475	0.0883109	0.0702788	0.0557417	0.0329509	0	
0	0.0613817	0.144036	0.266384	0.419539	0.593956	0.756581	0.884159	0.952159	0.948105	0.867265	0.715227	0.504556	0.265521	0.0315466	-0.157669	-0.281269	-0.336497	-0.342697	-0.317858	-0.275968	-0.219172	-0.153393	-0.0922905	-0.0512075	-0.0333677	-0.0321444	-0.0443446	-0.0655887	-0.10562	-0.149726	-0.177938	-0.191407	-0.19569	-0.215635	-0.25739	-0.30196	-0.335547	-0.350842	-0.350816	-0.350445	-0.351526	-0.346533	-0.332313	-0.304193	-0.264447	-0.213313	-0.164036	-0.102674	-0.0252221	0.0644601	0.169075	0.289862	0.416832	0.560227	0.718681	0.866721	0.998896	1.10303	1.14756	1.11852	1.01524	0.828021	0.569715	0.281401	0.00459551	-0.237682	-0.415944	-0.49574	-0.472557	-0.363057	-0.175909	0.0784784	0.352609	0.595043	0.778202	0.89564	0.948901	0.94338	0.905147	0.842327	0.745039	0.630338	0.52322	0.42335	0.333534	0.264143	0.201155	0.149745	0.119395	0.0848056	0.0415654	-0.00142766	-0.0367721	-0.0470657	-0.0360494	-0.01755	-0.00338623	-0.000741438	0	
0	0.0555976	0.136149	0.249147	0.400543	0.568353	0.729904	0.861726	0.935479	0.947313	0.880889	0.745239	0.546498	0.310723	0.0750206	-0.125351	-0.259184	-0.330203	-0.346433	-0.334918	-0.303075	-0.253334	-0.189214	-0.122499	-0.0666458	-0.0321444	-0.0161416	-0.0115309	-0.0247627	-0.0534659	-0.0895015	-0.113413	-0.123547	-0.120679	-0.13765	-0.173422	-0.223244	-0.266755	-0.298675	-0.31364	-0.328111	-0.340796	-0.357542	-0.36086	-0.349106	-0.323956	-0.293962	-0.257592	-0.208045	-0.145397	-0.0727895	0.0229417	0.13755	0.261639	0.406502	0.571579	0.734299	0.889032	1.02002	1.09196	1.09709	1.02761	0.876484	0.646781	0.384491	0.130453	-0.0989647	-0.274275	-0.360776	-0.346004	-0.253569	-0.0846129	0.159097	0.425214	0.659445	0.835239	0.945736	0.985327	0.961325	0.903822	0.820883	0.702718	0.561696	0.422905	0.296759	0.186689	0.0997313	0.0296555	-0.0240663	-0.0544225	-0.0785734	-0.113109	-0.151819	-0.17714	-0.175564	-0.149887	-0.108212	-0.0619127	-0.0255598	0	
0	0.0554735	0.132722	0.245724	0.392825	0.558413	0.720593	0.853226	0.936558	0.959805	0.909204	0.790636	0.604277	0.375109	0.139053	-0.0700793	-0.215911	-0.30041	-0.331225	-0.333713	-0.315032	-0.278234	-0.222705	-0.154552	-0.0920062	-0.0443446	-0.0115309	0.00296597	-0.00114938	-0.0206594	-0.0506592	-0.0704494	-0.0703715	-0.0612074	-0.0652992	-0.0872427	-0.131431	-0.178464	-0.217154	-0.241999	-0.266582	-0.293005	-0.324154	-0.341613	-0.349372	-0.347898	-0.335805	-0.310721	-0.273718	-0.23077	-0.174439	-0.0916901	0.0118749	0.1273	0.264279	0.42585	0.590818	0.759603	0.904874	1.00122	1.03432	0.999302	0.886833	0.693273	0.467561	0.2423	0.039707	-0.124231	-0.209113	-0.200584	-0.126973	0.0216075	0.242471	0.487883	0.701044	0.858542	0.952143	0.97015	0.927028	0.852118	0.756271	0.629102	0.475147	0.321562	0.182931	0.0625911	-0.0303813	-0.101056	-0.154792	-0.178888	-0.188984	-0.216342	-0.253393	-0.274896	-0.267577	-0.230257	-0.171992	-0.106247	-0.0471835	0	
0	0.0563649	0.133117	0.246217	0.3907	0.555537	0.717537	0.8522	0.945387	0.978617	0.947775	0.845919	0.675892	0.45741	0.221525	0.00525529	-0.153472	-0.256415	-0.30397	-0.323048	-0.321381	-0.298946	-0.252125	-0.190924	-0.122731	-0.0655887	-0.0247627	-0.00114938	0.00100786	-0.0159304	-0.0399002	-0.0532808	-0.0478203	-0.0326011	-0.021796	-0.0292074	-0.0609757	-0.09931	-0.1342	-0.160461	-0.187563	-0.219461	-0.259625	-0.289	-0.314176	-0.329408	-0.337783	-0.328169	-0.307409	-0.278242	-0.238372	-0.172598	-0.0818997	0.0231125	0.149847	0.297358	0.459517	0.628659	0.780323	0.891535	0.945893	0.941089	0.864541	0.714701	0.528979	0.341531	0.172772	0.0299833	-0.0472124	-0.0478631	0.00645152	0.126621	0.313545	0.524005	0.705715	0.838794	0.908816	0.90607	0.845874	0.761344	0.661135	0.531001	0.38006	0.224036	0.0817571	-0.0350777	-0.128974	-0.197348	-0.239314	-0.252675	-0.254482	-0.271698	-0.29753	-0.312294	-0.301539	-0.258651	-0.193988	-0.121926	-0.0552853	0	
0	0.0541464	0.128994	0.238686	0.380869	0.54263	0.704349	0.840941	0.941555	0.986169	0.972681	0.888855	0.736463	0.530857	0.297601	0.0792585	-0.0926974	-0.209568	-0.272948	-0.308711	-0.323219	-0.31517	-0.286145	-0.232029	-0.16605	-0.10562	-0.0534659	-0.0206594	-0.0159304	-0.0254922	-0.0483861	-0.062065	-0.0556204	-0.0384554	-0.0191418	-0.0114667	-0.0245856	-0.047671	-0.0760583	-0.101221	-0.12133	-0.148823	-0.188066	-0.224162	-0.256764	-0.288257	-0.316177	-0.323935	-0.317412	-0.302566	-0.281569	-0.232966	-0.156034	-0.0576072	0.0562172	0.192426	0.348393	0.513652	0.666284	0.786226	0.856018	0.872608	0.827632	0.718732	0.57335	0.423563	0.290985	0.174392	0.107713	0.0973719	0.130504	0.220324	0.363622	0.53029	0.674341	0.776509	0.821903	0.796961	0.726	0.641326	0.542575	0.424142	0.287631	0.13954	0.00683967	-0.106003	-0.199959	-0.263129	-0.295337	-0.290962	-0.274456	-0.277859	-0.288452	-0.289362	-0.270287	-0.230158	-0.176651	-0.109729	-0.045278	0	
0	0.0489921	0.118081	0.2221	0.357062	0.513882	0.669327	0.806348	0.908691	0.963937	0.966387	0.901579	0.773075	0.583724	0.363509	0.147599	-0.0319055	-0.159236	-0.239619	-0.29145	-0.3223	-0.332181	-0.319185	-0.275063	-0.215739	-0.149726	-0.0895015	-0.0506592	-0.0399002	-0.0483861	-0.0747472	-0.0868392	-0.0823969	-0.0663201	-0.0407315	-0.0236722	-0.0238132	-0.0357732	-0.0571074	-0.0699682	-0.0783891	-0.100055	-0.133209	-0.162134	-0.194568	-0.234874	-0.274481	-0.296422	-0.305207	-0.305561	-0.301008	-0.273177	-0.211348	-0.122701	-0.0206725	0.105739	0.253811	0.412815	0.563502	0.68858	0.767821	0.798487	0.778741	0.705717	0.597438	0.485168	0.386605	0.300427	0.246088	0.224727	0.238288	0.291867	0.387203	0.503895	0.605085	0.678438	0.69879	0.659689	0.589236	0.510628	0.424288	0.32239	0.203965	0.0734094	-0.0505014	-0.158463	-0.245398	-0.302563	-0.317944	-0.288876	-0.25656	-0.242349	-0.232768	-0.222837	-0.199781	-0.166375	-0.127579	-0.073861	-0.0252891	0	
0	0.0393862	0.0966454	0.192518	0.31608	0.464789	0.614403	0.746512	0.853294	0.915341	0.933768	0.890669	0.784462	0.618676	0.414525	0.206971	0.0266979	-0.105759	-0.199381	-0.259053	-0.304181	-0.326453	-0.32626	-0.295401	-0.243419	-0.177938	-0.113413	-0.0704494	-0.0532808	-0.062065	-0.0868392	-0.0989379	-0.0978706	-0.0878524	-0.0642613	-0.0468336	-0.0343114	-0.034379	-0.043401	-0.0528855	-0.0575516	-0.0706257	-0.086734	-0.108396	-0.134448	-0.172088	-0.214502	-0.249919	-0.271031	-0.281584	-0.294331	-0.291113	-0.248305	-0.175008	-0.0859636	0.0294052	0.169449	0.32146	0.471506	0.601942	0.687209	0.729569	0.72713	0.680398	0.60179	0.516824	0.444849	0.382652	0.336797	0.307373	0.300929	0.32337	0.3772	0.448647	0.518322	0.567855	0.570421	0.527497	0.459317	0.389464	0.31607	0.227584	0.129072	0.0207102	-0.0891093	-0.187141	-0.262965	-0.309036	-0.305234	-0.253364	-0.207949	-0.181498	-0.154752	-0.131644	-0.10773	-0.0876129	-0.0693032	-0.0412195	-0.0163208	0	
0	0.0315972	0.0846419	0.169658	0.28813	0.427951	0.569206	0.699073	0.800714	0.869829	0.896425	0.871128	0.784738	0.642289	0.454038	0.260181	0.0828637	-0.0536947	-0.15106	-0.221027	-0.273761	-0.305101	-0.31772	-0.298841	-0.254502	-0.191407	-0.123547	-0.0703715	-0.0478203	-0.0556204	-0.0823969	-0.0978706	-0.108973	-0.101152	-0.0829946	-0.0631499	-0.0439792	-0.0339446	-0.0418759	-0.0471702	-0.0463895	-0.0489103	-0.0573976	-0.068779	-0.08121	-0.110156	-0.149153	-0.187081	-0.210504	-0.227048	-0.252857	-0.267489	-0.245145	-0.191755	-0.119899	-0.0162649	0.111363	0.252801	0.402525	0.532554	0.62286	0.669713	0.675469	0.640869	0.575786	0.505881	0.444059	0.393829	0.352253	0.31649	0.297251	0.29915	0.325578	0.371401	0.423613	0.459812	0.458231	0.417785	0.355622	0.295694	0.231578	0.156399	0.0774394	-0.00918319	-0.101414	-0.187492	-0.253259	-0.28789	-0.266429	-0.198314	-0.142698	-0.10433	-0.0682122	-0.0426096	-0.0237722	-0.0219248	-0.0269537	-0.0140705	-0.000558392	0	
0	0.0294348	0.0788764	0.161441	0.27477	0.410444	0.545649	0.672437	0.769659	0.843183	0.874238	0.863251	0.795282	0.669254	0.502108	0.315696	0.142987	0.0024462	-0.104478	-0.185296	-0.245165	-0.289301	-0.308483	-0.297786	-0.259563	-0.19569	-0.120679	-0.0612074	-0.0326011	-0.0384554	-0.0663201	-0.0878524	-0.101152	-0.097694	-0.0936087	-0.0784788	-0.057119	-0.0422522	-0.0431172	-0.0392329	-0.0390541	-0.038382	-0.0407981	-0.0401652	-0.0419357	-0.0575522	-0.0847509	-0.118994	-0.139351	-0.153693	-0.178306	-0.201963	-0.19566	-0.162262	-0.105447	-0.0144601	0.0945338	0.22525	0.368336	0.495344	0.5846	0.631194	0.636044	0.595531	0.529193	0.454288	0.384469	0.327464	0.278657	0.237786	0.209224	0.200306	0.218662	0.260278	0.312557	0.353584	0.362459	0.337923	0.291962	0.241845	0.190567	0.129836	0.0639894	-0.00123103	-0.0766825	-0.156509	-0.213653	-0.23709	-0.208184	-0.137016	-0.0787964	-0.0407667	-0.00577248	0.0237839	0.0394606	0.0271814	0.00721954	0.00368761	0.00325474	0	
0	0.0275373	0.0750861	0.15517	0.266366	0.398421	0.531609	0.654728	0.752273	0.82695	0.865269	0.865651	0.813905	0.70435	0.554751	0.373504	0.206728	0.054848	-0.0607564	-0.154528	-0.22695	-0.280152	-0.307503	-0.309212	-0.276489	-0.215635	-0.13765	-0.0652992	-0.021796	-0.0191418	-0.0407315	-0.0642613	-0.0829946	-0.0936087	-0.100142	-0.0913175	-0.0751602	-0.0571803	-0.0479303	-0.042971	-0.0478401	-0.0419933	-0.0396325	-0.0287993	-0.0231143	-0.0236137	-0.0426898	-0.0664626	-0.0779097	-0.082112	-0.0982159	-0.117267	-0.113842	-0.0921129	-0.0421005	0.037638	0.131858	0.251345	0.383861	0.502046	0.584322	0.625281	0.618238	0.55798	0.47309	0.375677	0.279477	0.195319	0.126417	0.0766828	0.0389892	0.0263863	0.0523576	0.107806	0.177883	0.238261	0.273349	0.279476	0.255765	0.224221	0.192276	0.148402	0.103309	0.0593972	-0.000360513	-0.0722425	-0.132339	-0.161576	-0.143512	-0.0892729	-0.0410651	-0.00832726	0.0272273	0.0621028	0.073877	0.0556124	0.0298533	0.0103516	-0.00178833	0	
0	0.024776	0.068128	0.146184	0.254282	0.381682	0.515366	0.630318	0.732126	0.802021	0.848712	0.858168	0.820309	0.732661	0.598019	0.433984	0.271639	0.118014	-0.00844589	-0.116557	-0.207649	-0.274651	-0.321281	-0.334564	-0.313633	-0.25739	-0.173422	-0.0872427	-0.0292074	-0.0114667	-0.0236722	-0.0468336	-0.0631499	-0.0784788	-0.0913175	-0.0976797	-0.088256	-0.0729532	-0.0615204	-0.0635824	-0.0623357	-0.0569164	-0.0529714	-0.041198	-0.026753	-0.0168454	-0.0243239	-0.0352609	-0.0402882	-0.0339826	-0.0354507	-0.0346388	-0.0245598	-0.000933152	0.0541064	0.131781	0.221423	0.331944	0.451444	0.555116	0.620558	0.647275	0.614103	0.522999	0.405719	0.272694	0.143551	0.0202289	-0.0721562	-0.131803	-0.178846	-0.189431	-0.152605	-0.0766273	0.0145956	0.0979705	0.169134	0.213017	0.2251	0.228171	0.22837	0.218007	0.199808	0.174459	0.128726	0.0539878	-0.0212688	-0.0668281	-0.076632	-0.0523583	-0.0197309	0.00392783	0.0320635	0.0616929	0.0734371	0.0591102	0.0297895	0.00863348	0.00228149	0	
0	0.0181945	0.0559332	0.127901	0.230144	0.354147	0.481075	0.594772	0.693046	0.763802	0.817381	0.836502	0.816665	0.752709	0.635995	0.496627	0.339737	0.190176	0.0559183	-0.0678903	-0.173317	-0.257584	-0.321006	-0.349809	-0.345586	-0.30196	-0.223244	-0.131431	-0.0609757	-0.0245856	-0.0238132	-0.0343114	-0.0439792	-0.057119	-0.0751602	-0.088256	-0.0906665	-0.0811479	-0.0720174	-0.0698689	-0.0708346	-0.0767967	-0.077441	-0.0632018	-0.0410298	-0.024677	-0.0202192	-0.0231637	-0.0195174	-0.00388689	0.0121358	0.0327197	0.05604	0.0956336	0.162335	0.247845	0.342323	0.449169	0.556996	0.638091	0.681146	0.678561	0.609363	0.481445	0.320165	0.153317	-0.010907	-0.168812	-0.280685	-0.35503	-0.407159	-0.420625	-0.377441	-0.283083	-0.176633	-0.0643451	0.0492424	0.137673	0.199623	0.248886	0.289285	0.316845	0.325693	0.315008	0.278731	0.203429	0.113123	0.0427746	0.000369697	-0.0105097	-0.0058993	0.00102371	0.0191193	0.0400099	0.0484326	0.0375304	0.0119365	-0.00517909	-0.00487801	0	
0	0.0105259	0.0409013	0.106511	0.202653	0.322565	0.443644	0.555651	0.647962	0.720223	0.77415	0.800695	0.797113	0.748455	0.659253	0.539285	0.400018	0.263004	0.126223	-0.0022144	-0.118697	-0.220544	-0.297939	-0.345891	-0.361616	-0.335547	-0.266755	-0.178464	-0.09931	-0.047671	-0.0357732	-0.034379	-0.0339446	-0.0422522	-0.0571803	-0.0729532	-0.0811479	-0.0717431	-0.061727	-0.0620319	-0.071927	-0.0857891	-0.091674	-0.0817819	-0.0625601	-0.0436445	-0.0317795	-0.0233899	-0.00989536	0.0132952	0.0425597	0.0814814	0.126933	0.187635	0.269034	0.369639	0.478571	0.589968	0.685895	0.745553	0.75814	0.712924	0.599985	0.423447	0.214933	0.0102272	-0.185061	-0.363122	-0.491169	-0.572486	-0.625878	-0.642585	-0.59269	-0.491653	-0.372741	-0.229657	-0.0786225	0.0576069	0.174341	0.273581	0.360263	0.425393	0.457523	0.459721	0.428189	0.350384	0.250026	0.15392	0.0751335	0.0350794	0.0182457	0.00513077	0.00423864	0.0102404	0.0143124	0.00798558	-0.0121747	-0.0265803	-0.0204892	0	
0	0.00406299	0.0300944	0.0886951	0.181914	0.296288	0.413319	0.521619	0.607791	0.679007	0.729883	0.763041	0.768481	0.737417	0.670633	0.570939	0.454412	0.327288	0.196631	0.0656104	-0.061863	-0.173125	-0.26471	-0.327629	-0.360282	-0.350842	-0.298675	-0.217154	-0.1342	-0.0760583	-0.0571074	-0.043401	-0.0418759	-0.0431172	-0.0479303	-0.0615204	-0.0720174	-0.061727	-0.053485	-0.0483363	-0.0547376	-0.0716526	-0.0893296	-0.0912183	-0.0802154	-0.0625888	-0.0441397	-0.0267341	-0.0061796	0.0252759	0.0692946	0.127267	0.195752	0.278145	0.373479	0.491439	0.614516	0.72967	0.814977	0.854451	0.831933	0.738986	0.578454	0.352379	0.097508	-0.1453	-0.362824	-0.550632	-0.686439	-0.770857	-0.825012	-0.840511	-0.791251	-0.692464	-0.56105	-0.391881	-0.20424	-0.020726	0.147481	0.301347	0.43261	0.525851	0.578756	0.589784	0.556535	0.480606	0.375167	0.253778	0.147443	0.0831099	0.0412873	0.0158573	0.00462488	-0.00957934	-0.0153818	-0.0162401	-0.0254648	-0.0266205	-0.0145278	0	
0	-0.00100337	0.0166154	0.0740438	0.160161	0.273466	0.387505	0.491475	0.576305	0.642191	0.69271	0.727214	0.740323	0.722461	0.675343	0.596321	0.500562	0.389329	0.265634	0.135416	0.000526607	-0.120784	-0.224362	-0.298714	-0.345571	-0.350816	-0.31364	-0.241999	-0.160461	-0.101221	-0.0699682	-0.0528855	-0.0471702	-0.0392329	-0.042971	-0.0635824	-0.0698689	-0.0620319	-0.0483363	-0.0300268	-0.0264689	-0.0460213	-0.0697667	-0.0809008	-0.0761657	-0.0629589	-0.0476395	-0.0311562	-0.00294861	0.0414272	0.0968915	0.167293	0.261117	0.364738	0.474829	0.603073	0.733112	0.847244	0.921392	0.943498	0.885014	0.752287	0.549278	0.282498	-0.0115456	-0.290503	-0.526166	-0.72102	-0.861497	-0.94964	-1.00194	-1.01146	-0.963507	-0.86749	-0.725423	-0.535433	-0.320804	-0.102534	0.108576	0.310544	0.482047	0.602903	0.675746	0.697317	0.667983	0.59624	0.48468	0.341513	0.213372	0.128928	0.0666693	0.0260042	0.00213301	-0.0151164	-0.0130112	-0.00845479	-0.0115398	-0.00590185	0.000794578	0	
0	-0.00629567	0.00705061	0.0604261	0.143809	0.25556	0.367642	0.469647	0.55252	0.613866	0.663327	0.697578	0.714215	0.709398	0.674648	0.61693	0.540576	0.443691	0.333108	0.203643	0.0646473	-0.0649987	-0.179796	-0.268424	-0.326277	-0.350445	-0.328111	-0.266582	-0.187563	-0.12133	-0.0783891	-0.0575516	-0.0463895	-0.0390541	-0.0478401	-0.0623357	-0.0708346	-0.071927	-0.0547376	-0.0264689	-0.0162426	-0.0239234	-0.0400709	-0.0514898	-0.0517681	-0.0462922	-0.0354851	-0.017717	0.0194671	0.0687004	0.127261	0.210295	0.327605	0.447967	0.568572	0.700065	0.827164	0.928784	0.990401	0.989602	0.903443	0.742199	0.5108	0.221517	-0.099848	-0.403159	-0.657782	-0.86143	-1.00776	-1.10253	-1.1503	-1.1499	-1.09956	-1.00206	-0.851375	-0.653198	-0.42721	-0.193417	0.0419623	0.280851	0.485983	0.636258	0.736061	0.776818	0.76291	0.700082	0.585704	0.42804	0.274988	0.169482	0.0981649	0.0452225	0.0109048	-0.000417697	0.0071702	0.0151782	0.0248748	0.0306878	0.0179173	0	
0	-0.0117515	-0.000759203	0.0468866	0.131274	0.239784	0.352946	0.453411	0.533487	0.591591	0.636748	0.667224	0.686885	0.686121	0.66569	0.625188	0.568424	0.491331	0.395657	0.269301	0.130978	-0.0112292	-0.13945	-0.239743	-0.313093	-0.351526	-0.340796	-0.293005	-0.219461	-0.148823	-0.100055	-0.0706257	-0.0489103	-0.038382	-0.0419933	-0.0569164	-0.0767967	-0.0857891	-0.0716526	-0.0460213	-0.0239234	-0.0119889	-0.0210726	-0.0292534	-0.0288683	-0.0161272	-0.00251249	0.0194526	0.0569066	0.110791	0.173251	0.264534	0.389005	0.516251	0.646274	0.774939	0.886338	0.969721	1.01401	0.990922	0.885382	0.708082	0.466699	0.168469	-0.15997	-0.477112	-0.74859	-0.962782	-1.1192	-1.21681	-1.25906	-1.24754	-1.18855	-1.08573	-0.934854	-0.743874	-0.528351	-0.30243	-0.0586289	0.198856	0.433356	0.62131	0.749032	0.821185	0.835823	0.779504	0.66897	0.514385	0.350935	0.233502	0.151819	0.0850009	0.0426774	0.0259215	0.0252561	0.0358901	0.0556205	0.0633701	0.0404908	0	
0	-0.0187656	-0.012826	0.0286476	0.111552	0.216689	0.330572	0.42932	0.508313	0.56415	0.605411	0.635523	0.654414	0.661101	0.649652	0.626057	0.586206	0.529387	0.446905	0.331227	0.192109	0.0438221	-0.095314	-0.206987	-0.297242	-0.346533	-0.357542	-0.324154	-0.259625	-0.188066	-0.133209	-0.086734	-0.0573976	-0.0407981	-0.0396325	-0.0529714	-0.077441	-0.091674	-0.0893296	-0.0697667	-0.0400709	-0.0210726	-0.0216239	-0.0207408	-0.00774593	0.0155992	0.0374217	0.0657908	0.114065	0.179503	0.242937	0.330568	0.442947	0.569279	0.695539	0.808701	0.894518	0.958577	0.985471	0.944689	0.831252	0.653562	0.415094	0.123782	-0.195615	-0.511943	-0.78895	-1.01468	-1.17586	-1.27341	-1.3139	-1.29684	-1.23394	-1.1281	-0.987047	-0.817561	-0.627016	-0.42003	-0.184759	0.0732933	0.329128	0.546157	0.703168	0.813584	0.863216	0.834161	0.743879	0.604526	0.455235	0.336643	0.234202	0.145205	0.0888129	0.0596003	0.0465879	0.0489378	0.0627156	0.0714858	0.0516873	0	
