0	0	0	0	0	0	0	0	0	0	0	0	0	0	0	0	0	0	0	0	0	0	0	0	0	0	0	0	0	0	0	0	0	0	0	0	0	0	0	0	0	0	0	0	0	0	0	0	0	0	0	0	0	0	0	0	0	0	0	0	0	0	0	0	0	0	0	0	0	0	0	0	0	0	0	0	0	0	0	0	0	0	0	0	0	0	0	0	0	0	0	0	0	0	0	0	0	0	0	0	
0	0.0143033	0.0205313	0.0183608	0.0158257	0.0154286	0.0218149	0.0300689	0.0337599	0.0233751	0.000562458	-0.0287523	-0.0565978	-0.0720061	-0.0708938	-0.0553526	-0.0334036	-0.00655388	0.0194454	0.0402892	0.05599	0.0716673	0.0888673	0.102825	0.106701	0.0923934	0.0584896	0.00842441	-0.0457031	-0.089024	-0.111441	-0.111511	-0.0966087	-0.0788119	-0.0638656	-0.0550625	-0.0503179	-0.0512478	-0.0522683	-0.0513534	-0.0470169	-0.0397044	-0.0299779	-0.0202843	-0.00577332	0.0123202	0.0387266	0.0791071	0.130995	0.184808	0.230201	0.259945	0.272903	0.272379	0.260519	0.237874	0.204283	0.160547	0.107665	0.0530438	0.0038468	-0.0339968	-0.0597993	-0.0813157	-0.105172	-0.132531	-0.162232	-0.187192	-0.202956	-0.207861	-0.204596	-0.194254	-0.177329	-0.154311	-0.126816	-0.0969015	-0.0646042	-0.0308246	0.00949633	0.0564667	0.103342	0.145704	0.17948	0.204388	0.227976	0.253983	0.283717	0.313761	0.334333	0.340862	0.332117	0.3113	0.28262	0.251793	0.219649	0.183173	0.144417	0.10039	0.0506925	0	
0	0.0205313	0.0290404	0.0280477	0.0239351	0.0220856	0.0245554	0.0321206	0.0326996	0.0137653	-0.0259809	-0.0783043	-0.128946	-0.157788	-0.153923	-0.124123	-0.0839596	-0.0364855	0.0110847	0.0542873	0.0936423	0.133934	0.172009	0.195136	0.193363	0.1598	0.0955489	0.00952581	-0.0833096	-0.159613	-0.203565	-0.210103	-0.187911	-0.154318	-0.122663	-0.0969352	-0.0826407	-0.0811347	-0.0851729	-0.0881575	-0.0862086	-0.0766842	-0.0639301	-0.0473981	-0.0231463	0.00873495	0.0555545	0.127365	0.220195	0.318113	0.402434	0.460308	0.491287	0.495904	0.478137	0.437211	0.375209	0.295413	0.203336	0.109861	0.0238149	-0.0436032	-0.0938366	-0.138914	-0.183856	-0.230344	-0.283221	-0.33308	-0.365834	-0.378031	-0.372817	-0.349657	-0.311826	-0.263372	-0.212741	-0.156536	-0.0917569	-0.0241424	0.0504407	0.129024	0.205062	0.272393	0.331739	0.383562	0.432615	0.484031	0.534736	0.579743	0.610056	0.619998	0.607096	0.574323	0.52457	0.466234	0.402454	0.330489	0.256511	0.176281	0.0883727	0	
0	0.0183608	0.0280477	0.028886	0.0290352	0.0202472	0.0123307	0.00494182	-0.00308547	-0.0305211	-0.0785592	-0.142248	-0.206935	-0.243451	-0.23921	-0.201668	-0.154288	-0.0962397	-0.0322511	0.0356385	0.105652	0.177453	0.237136	0.264635	0.252308	0.19886	0.115561	0.010051	-0.10142	-0.197073	-0.258522	-0.276196	-0.255738	-0.216687	-0.169797	-0.128085	-0.0955953	-0.0858428	-0.0880908	-0.0958874	-0.101193	-0.0999572	-0.0898139	-0.075288	-0.0440716	-0.0033514	0.0547616	0.143221	0.257286	0.377714	0.485173	0.566107	0.616173	0.636151	0.622877	0.574764	0.496746	0.399513	0.288928	0.178028	0.0733721	-0.0172786	-0.0897776	-0.153565	-0.214842	-0.2758	-0.34268	-0.406522	-0.456068	-0.478187	-0.470531	-0.434161	-0.377277	-0.308658	-0.233493	-0.15105	-0.0581531	0.0362782	0.133372	0.227115	0.307254	0.379817	0.449771	0.516584	0.586109	0.650617	0.706645	0.753958	0.783058	0.79484	0.786258	0.755117	0.699095	0.625811	0.538655	0.436475	0.333321	0.225443	0.111208	0	
0	0.0158257	0.0239351	0.0290352	0.0285127	0.0148571	-0.0113213	-0.0354084	-0.0589719	-0.0931537	-0.142927	-0.205568	-0.269652	-0.30802	-0.305384	-0.272285	-0.229286	-0.168241	-0.0887113	0.00499245	0.10497	0.202416	0.277339	0.306175	0.285412	0.22159	0.127923	0.0153624	-0.104472	-0.208325	-0.277763	-0.302804	-0.287983	-0.250072	-0.201715	-0.146632	-0.0987036	-0.0722488	-0.0649624	-0.0720739	-0.0858086	-0.0948045	-0.0969684	-0.0856806	-0.0532579	-0.00791679	0.0530329	0.14121	0.253288	0.372424	0.482248	0.57122	0.638423	0.675159	0.676413	0.635403	0.5615	0.46798	0.364811	0.260058	0.152133	0.0515209	-0.037963	-0.121438	-0.193619	-0.254534	-0.322444	-0.393079	-0.44635	-0.470553	-0.46505	-0.425934	-0.360113	-0.276758	-0.188289	-0.0864541	0.0307169	0.142201	0.244619	0.331108	0.399864	0.458538	0.520867	0.586734	0.654474	0.720625	0.776775	0.822103	0.853136	0.869968	0.869594	0.84851	0.798663	0.725119	0.62909	0.509398	0.385808	0.25772	0.125736	0	
0	0.0154286	0.0220856	0.0202472	0.0148571	-0.0122966	-0.0505217	-0.0914775	-0.124465	-0.163999	-0.208305	-0.258327	-0.310213	-0.341565	-0.342746	-0.319455	-0.287269	-0.22524	-0.132045	-0.0173329	0.100892	0.211145	0.291655	0.321184	0.300427	0.235095	0.141697	0.0262102	-0.0965762	-0.203136	-0.27518	-0.30303	-0.292841	-0.263103	-0.216477	-0.159015	-0.0945196	-0.0501048	-0.0254332	-0.0234989	-0.0381526	-0.0585339	-0.072009	-0.0752646	-0.0490712	-0.00950247	0.0435992	0.121902	0.22056	0.32311	0.417355	0.497554	0.562433	0.608802	0.625639	0.606921	0.560047	0.498833	0.424312	0.340484	0.243835	0.143231	0.0516578	-0.0310126	-0.100719	-0.158379	-0.218253	-0.276736	-0.324339	-0.347259	-0.343915	-0.311993	-0.255005	-0.176207	-0.0804442	0.0299108	0.14889	0.254193	0.343807	0.415075	0.462621	0.499232	0.536172	0.574626	0.62621	0.683995	0.744325	0.805837	0.852017	0.882505	0.89227	0.877783	0.833357	0.765085	0.672874	0.551828	0.423599	0.286306	0.140079	0	
0	0.0218149	0.0245554	0.0123307	-0.0113213	-0.0505217	-0.101157	-0.144858	-0.179874	-0.214058	-0.248439	-0.282875	-0.319808	-0.343622	-0.344659	-0.328076	-0.301813	-0.240264	-0.140603	-0.0191576	0.103971	0.216042	0.29817	0.329489	0.311455	0.251602	0.162897	0.0520616	-0.0688775	-0.175847	-0.249103	-0.28069	-0.276164	-0.251047	-0.210394	-0.148383	-0.0750665	-0.0142901	0.0272537	0.0428022	0.0345291	0.0144632	-0.00947447	-0.0246241	-0.015786	0.0053172	0.0379317	0.0930711	0.168305	0.245607	0.314341	0.370834	0.422636	0.466321	0.498142	0.506592	0.497689	0.475348	0.437571	0.38394	0.308685	0.229309	0.158798	0.0948134	0.0438715	0.00766933	-0.0349562	-0.0811809	-0.113977	-0.127086	-0.127802	-0.107973	-0.0628825	0.00564206	0.084912	0.177087	0.27591	0.354311	0.414928	0.456935	0.476583	0.481276	0.486587	0.497807	0.527545	0.581205	0.652016	0.73206	0.802199	0.851771	0.873819	0.866263	0.82517	0.762952	0.679773	0.569091	0.44883	0.311055	0.155681	0	
0	0.0300689	0.0321206	0.00494182	-0.0354084	-0.0914775	-0.144858	-0.183275	-0.20087	-0.217486	-0.234838	-0.258135	-0.28888	-0.308834	-0.306686	-0.286811	-0.262523	-0.207773	-0.121048	-0.0127075	0.0997176	0.208589	0.291971	0.3265	0.314792	0.264313	0.19078	0.0953966	-0.0136655	-0.114785	-0.190536	-0.228861	-0.233021	-0.217436	-0.180167	-0.119384	-0.0373812	0.03435	0.0889694	0.116999	0.118529	0.10262	0.0798071	0.0544746	0.0476978	0.0438901	0.0446532	0.0669497	0.109056	0.154248	0.191165	0.220274	0.251084	0.290257	0.332229	0.367816	0.394098	0.409405	0.403574	0.377284	0.332539	0.288548	0.259327	0.237236	0.22229	0.2104	0.188434	0.161626	0.139678	0.131821	0.134313	0.151832	0.185267	0.23366	0.287458	0.343933	0.400026	0.438497	0.462137	0.470777	0.457406	0.43074	0.407114	0.394416	0.4133	0.462271	0.536142	0.628476	0.71289	0.7802	0.818661	0.823368	0.791936	0.737582	0.663858	0.562116	0.449857	0.317059	0.159621	0	
0	0.0337599	0.0326996	-0.00308547	-0.0589719	-0.124465	-0.179874	-0.20087	-0.191142	-0.176032	-0.174057	-0.191166	-0.224791	-0.245573	-0.23672	-0.209348	-0.185961	-0.149304	-0.0910171	-0.0138228	0.0772675	0.175965	0.258238	0.296757	0.293369	0.258611	0.206722	0.135135	0.0480594	-0.0394532	-0.108722	-0.15021	-0.163499	-0.157731	-0.130835	-0.0726203	0.0100741	0.0861055	0.144576	0.175402	0.181507	0.173521	0.156907	0.135146	0.118917	0.0938399	0.0630579	0.0468854	0.0527057	0.0627799	0.0678076	0.0686525	0.0805349	0.111608	0.163019	0.217124	0.269958	0.312868	0.337399	0.345464	0.337306	0.335236	0.350857	0.372548	0.395852	0.419105	0.42161	0.406325	0.392327	0.392402	0.399385	0.417913	0.447292	0.475581	0.490881	0.504062	0.521025	0.523439	0.513478	0.48735	0.436948	0.376696	0.330475	0.306788	0.319261	0.365841	0.437996	0.52821	0.614789	0.686885	0.735601	0.753751	0.734265	0.689625	0.618667	0.517062	0.406466	0.279897	0.13887	0	
0	0.0233751	0.0137653	-0.0305211	-0.0931537	-0.163999	-0.214058	-0.217486	-0.176032	-0.130048	-0.106829	-0.118891	-0.153698	-0.174765	-0.161696	-0.131875	-0.11804	-0.105152	-0.0824669	-0.0404216	0.0221437	0.105125	0.183963	0.22983	0.243471	0.232304	0.207124	0.163206	0.100315	0.0340809	-0.0231324	-0.0612979	-0.0808514	-0.0873604	-0.0731429	-0.0271844	0.047119	0.116333	0.168389	0.197086	0.206526	0.20775	0.202606	0.184798	0.162857	0.120967	0.0657682	0.0240831	0.00246713	-0.0147773	-0.0392391	-0.0660465	-0.0754018	-0.0523154	0.000988354	0.0707972	0.146365	0.217338	0.273466	0.315085	0.344784	0.382199	0.436936	0.496343	0.557799	0.608932	0.630717	0.626117	0.614601	0.616959	0.632066	0.657627	0.680585	0.691152	0.681708	0.665053	0.651634	0.627587	0.588267	0.530302	0.451641	0.365559	0.296303	0.253701	0.254361	0.294345	0.362659	0.449992	0.532156	0.601082	0.647885	0.666795	0.650256	0.605967	0.534984	0.43287	0.326863	0.217425	0.102971	0	
0	0.000562458	-0.0259809	-0.0785592	-0.142927	-0.208305	-0.248439	-0.234838	-0.174057	-0.106829	-0.0687436	-0.0695181	-0.0982632	-0.117356	-0.109321	-0.0933084	-0.0992045	-0.114329	-0.121832	-0.111672	-0.0747734	-0.00665019	0.0723839	0.134295	0.174857	0.195586	0.202619	0.185869	0.147995	0.0994872	0.0556376	0.0222177	0.000177418	-0.016065	-0.0199009	0.00194127	0.0498431	0.096704	0.136296	0.164677	0.187098	0.206271	0.215673	0.203614	0.17466	0.120851	0.0525952	-0.00436561	-0.0407875	-0.077984	-0.125035	-0.172012	-0.195012	-0.177049	-0.117578	-0.0393023	0.0500342	0.141487	0.226619	0.302817	0.365687	0.433177	0.517276	0.607809	0.693404	0.763842	0.795658	0.79154	0.779668	0.786871	0.808249	0.837132	0.864485	0.873289	0.858848	0.836366	0.811134	0.767303	0.704605	0.624278	0.520664	0.410009	0.316587	0.251156	0.231394	0.253489	0.309257	0.387756	0.462282	0.522302	0.560724	0.569856	0.544351	0.496623	0.427239	0.338294	0.25296	0.166439	0.0790658	0	
0	-0.0287523	-0.0783043	-0.142248	-0.205568	-0.258327	-0.282875	-0.258135	-0.191166	-0.118891	-0.0695181	-0.0555708	-0.070064	-0.0886911	-0.0967303	-0.10833	-0.145043	-0.189361	-0.225593	-0.240183	-0.220876	-0.157924	-0.0685433	0.0179278	0.0927284	0.152681	0.194919	0.208282	0.189824	0.155129	0.119374	0.0922659	0.0708843	0.0467094	0.0196106	0.00584518	0.0127238	0.0277658	0.0502077	0.0809975	0.118749	0.159827	0.187727	0.187155	0.162623	0.109258	0.0386887	-0.0238005	-0.0728798	-0.124358	-0.183438	-0.236285	-0.256638	-0.232102	-0.170882	-0.089581	0.00462466	0.105674	0.208545	0.307815	0.398051	0.493041	0.599889	0.70501	0.801305	0.870933	0.898016	0.891811	0.881691	0.891504	0.915484	0.948378	0.980866	1.00691	1.01636	1.01181	0.993453	0.94627	0.8689	0.766353	0.643359	0.512001	0.394985	0.304541	0.257221	0.254592	0.286182	0.341739	0.400387	0.448291	0.47435	0.471474	0.436132	0.384567	0.325164	0.256513	0.195918	0.134929	0.0650798	0	
0	-0.0565978	-0.128946	-0.206935	-0.269652	-0.310213	-0.319808	-0.28888	-0.224791	-0.153698	-0.0982632	-0.070064	-0.073987	-0.0960098	-0.124867	-0.168855	-0.238307	-0.315872	-0.379708	-0.413622	-0.399771	-0.328163	-0.218486	-0.101127	0.0116203	0.111007	0.189071	0.226733	0.224796	0.19963	0.173594	0.154144	0.135096	0.100143	0.0482135	-0.00348869	-0.0360951	-0.0528849	-0.0498691	-0.0260577	0.0181012	0.0733519	0.122304	0.145456	0.140557	0.103311	0.0406393	-0.0243554	-0.0798292	-0.13589	-0.192557	-0.233427	-0.241757	-0.211404	-0.151257	-0.0795187	0.00508788	0.10567	0.218287	0.333094	0.440825	0.551377	0.669681	0.781129	0.868841	0.925358	0.943719	0.934354	0.924008	0.933842	0.958288	0.993557	1.04252	1.09303	1.13458	1.1641	1.17065	1.13801	1.06312	0.95242	0.807932	0.650195	0.50782	0.39594	0.328777	0.300073	0.304895	0.335623	0.368825	0.392849	0.399224	0.381301	0.341711	0.29543	0.245069	0.191625	0.145345	0.097916	0.0473611	0	
0	-0.0720061	-0.157788	-0.243451	-0.30802	-0.341565	-0.343622	-0.308834	-0.245573	-0.174765	-0.117356	-0.0886911	-0.0960098	-0.130192	-0.180578	-0.252551	-0.353086	-0.461477	-0.549573	-0.59287	-0.570578	-0.477477	-0.336872	-0.181691	-0.0297791	0.106384	0.209338	0.263217	0.270439	0.254031	0.235882	0.221068	0.197549	0.151181	0.0787625	0.00418234	-0.0538293	-0.0925835	-0.110245	-0.10191	-0.0651934	-0.00354328	0.0633371	0.113763	0.137173	0.123578	0.0779257	0.02246	-0.0284444	-0.0774481	-0.121797	-0.151161	-0.151252	-0.121612	-0.0725576	-0.01225	0.061882	0.150301	0.251393	0.358465	0.465264	0.578905	0.698086	0.803771	0.883976	0.929648	0.939297	0.925692	0.913832	0.922457	0.949857	0.998487	1.06745	1.14727	1.22111	1.28053	1.3175	1.31203	1.25306	1.14061	0.984994	0.809793	0.643985	0.50671	0.411932	0.363609	0.351225	0.360006	0.371699	0.371187	0.356128	0.327865	0.286915	0.243839	0.198078	0.146145	0.10061	0.061151	0.0256062	0	
0	-0.0708938	-0.153923	-0.23921	-0.305384	-0.342746	-0.344659	-0.306686	-0.23672	-0.161696	-0.109321	-0.0967303	-0.124867	-0.180578	-0.252136	-0.347874	-0.471198	-0.601131	-0.70078	-0.740506	-0.698647	-0.574785	-0.396477	-0.200788	-0.0120355	0.150618	0.269287	0.331762	0.345409	0.333241	0.314497	0.292352	0.258475	0.200538	0.120589	0.0373428	-0.0310059	-0.0809827	-0.112239	-0.116316	-0.0856261	-0.0226826	0.0552231	0.12452	0.168322	0.178923	0.157068	0.124102	0.0923084	0.0605336	0.0266606	0.00221472	-0.00207878	0.0187203	0.0582298	0.107809	0.16547	0.232729	0.308165	0.385647	0.467147	0.561859	0.668741	0.770065	0.84769	0.893937	0.905928	0.891047	0.873786	0.880335	0.919424	0.988321	1.08157	1.18033	1.27224	1.35381	1.41357	1.43242	1.39411	1.29677	1.14555	0.960156	0.771541	0.607889	0.4894	0.41953	0.391118	0.387388	0.385484	0.374641	0.353992	0.322327	0.282259	0.237998	0.188832	0.138491	0.0942367	0.0566053	0.0253432	0	
0	-0.0553526	-0.124123	-0.201668	-0.272285	-0.319455	-0.328076	-0.286811	-0.209348	-0.131875	-0.0933084	-0.10833	-0.168855	-0.252551	-0.347874	-0.461236	-0.594002	-0.724392	-0.814098	-0.832006	-0.757328	-0.594626	-0.378172	-0.149098	0.0609414	0.235791	0.35943	0.424652	0.437826	0.418057	0.385608	0.349192	0.305147	0.24703	0.17144	0.0942734	0.0285139	-0.0206191	-0.0541769	-0.0645311	-0.0424638	0.0134921	0.088646	0.164318	0.223844	0.258652	0.270192	0.2714	0.269058	0.257186	0.232599	0.203922	0.188703	0.195104	0.219832	0.255408	0.293719	0.331961	0.370212	0.410872	0.459434	0.52551	0.610816	0.703622	0.785488	0.841364	0.860904	0.850125	0.838258	0.85382	0.906092	0.989029	1.09186	1.19861	1.29951	1.38953	1.4595	1.48952	1.46418	1.37561	1.22723	1.03935	0.83929	0.660855	0.525909	0.444728	0.408254	0.398045	0.401307	0.401884	0.393049	0.368157	0.323811	0.26901	0.211361	0.157794	0.113122	0.0743087	0.0366769	0	
0	-0.0334036	-0.0839596	-0.154288	-0.229286	-0.287269	-0.301813	-0.262523	-0.185961	-0.11804	-0.0992045	-0.145043	-0.238307	-0.353086	-0.471198	-0.594002	-0.717101	-0.823461	-0.878262	-0.853325	-0.729374	-0.522345	-0.272955	-0.0281131	0.184744	0.356631	0.475188	0.535686	0.538075	0.503192	0.453537	0.403794	0.355252	0.299575	0.235166	0.172873	0.121746	0.086389	0.0567219	0.0391398	0.0448981	0.0820936	0.144193	0.218318	0.286555	0.343861	0.387542	0.42897	0.462453	0.479491	0.468221	0.437384	0.406136	0.389005	0.384456	0.390204	0.397249	0.405638	0.41779	0.430179	0.451326	0.491337	0.557995	0.644077	0.73034	0.795359	0.824306	0.824736	0.825413	0.853475	0.918629	1.00928	1.11234	1.2165	1.31538	1.40247	1.46656	1.48955	1.45569	1.35626	1.19723	0.998787	0.793997	0.621191	0.495142	0.422746	0.395487	0.399033	0.420946	0.440213	0.443322	0.420547	0.374736	0.31443	0.249899	0.190837	0.136695	0.0883489	0.0439443	0	
0	-0.00655388	-0.0364855	-0.0962397	-0.168241	-0.22524	-0.240264	-0.207773	-0.149304	-0.105152	-0.114329	-0.189361	-0.315872	-0.461477	-0.601131	-0.724392	-0.823461	-0.886409	-0.886167	-0.797135	-0.611152	-0.354418	-0.079949	0.171117	0.375246	0.531749	0.631714	0.671957	0.656861	0.607587	0.546767	0.488945	0.433795	0.379316	0.327228	0.286756	0.259008	0.239122	0.211018	0.178757	0.161529	0.175882	0.220844	0.287957	0.359806	0.432011	0.507238	0.587418	0.659564	0.705155	0.707246	0.672595	0.624472	0.578518	0.539785	0.509793	0.480692	0.459083	0.442801	0.430787	0.43058	0.454507	0.512097	0.6	0.689245	0.756324	0.788954	0.798913	0.817675	0.862597	0.939373	1.0349	1.14051	1.24425	1.33761	1.41076	1.45098	1.44282	1.37568	1.24241	1.05565	0.847217	0.646553	0.487775	0.379701	0.328907	0.330828	0.365194	0.415041	0.453384	0.465536	0.449326	0.409747	0.352708	0.286035	0.21761	0.149439	0.0899921	0.0422583	0	
0	0.0194454	0.0110847	-0.0322511	-0.0887113	-0.132045	-0.140603	-0.121048	-0.0910171	-0.0824669	-0.121832	-0.225593	-0.379708	-0.549573	-0.70078	-0.814098	-0.878262	-0.886167	-0.81639	-0.655883	-0.404549	-0.105967	0.190542	0.443741	0.63417	0.762897	0.825521	0.83486	0.800351	0.744026	0.679757	0.615492	0.555249	0.501487	0.462865	0.442577	0.430272	0.417335	0.384159	0.33914	0.304714	0.300169	0.326419	0.378041	0.442532	0.522147	0.618325	0.730874	0.829231	0.892118	0.901268	0.863912	0.805383	0.743204	0.678482	0.619398	0.561405	0.508406	0.463015	0.423606	0.404707	0.417449	0.472434	0.558364	0.645575	0.711328	0.746698	0.771999	0.809252	0.867945	0.953848	1.0566	1.16113	1.25734	1.33533	1.38176	1.38869	1.33958	1.22882	1.05519	0.843043	0.626199	0.429373	0.28279	0.192429	0.171797	0.207669	0.272316	0.346836	0.40228	0.430813	0.43185	0.408971	0.363509	0.301589	0.2344	0.164055	0.100998	0.0488818	0	
0	0.0402892	0.0542873	0.0356385	0.00499245	-0.0173329	-0.0191576	-0.0127075	-0.0138228	-0.0404216	-0.111672	-0.240183	-0.413622	-0.59287	-0.740506	-0.832006	-0.853325	-0.797135	-0.655883	-0.425503	-0.12348	0.20968	0.521592	0.77559	0.944367	1.03041	1.04347	1.01155	0.951671	0.882438	0.809466	0.743194	0.687044	0.646239	0.62572	0.620606	0.615494	0.602675	0.567893	0.518119	0.473394	0.450161	0.44921	0.475078	0.523158	0.59815	0.704517	0.828724	0.935187	1.0029	1.01584	0.984524	0.932942	0.870066	0.798581	0.7264	0.645413	0.569856	0.497037	0.431768	0.393752	0.397196	0.442423	0.517377	0.591485	0.651408	0.694369	0.734675	0.791293	0.861807	0.952792	1.05192	1.1451	1.21999	1.26885	1.28507	1.25584	1.16618	1.01769	0.815532	0.585993	0.36011	0.16017	0.0230385	-0.043059	-0.033981	0.033058	0.122904	0.218107	0.298841	0.352275	0.37729	0.373851	0.33982	0.289527	0.234426	0.174097	0.115982	0.0594696	0	
0	0.05599	0.0936423	0.105652	0.10497	0.100892	0.103971	0.0997176	0.0772675	0.0221437	-0.0747734	-0.220876	-0.399771	-0.570578	-0.698647	-0.757328	-0.729374	-0.611152	-0.404549	-0.12348	0.215849	0.567452	0.886698	1.12922	1.26674	1.30635	1.26801	1.18954	1.0899	0.98935	0.900628	0.835185	0.796367	0.777312	0.777668	0.786389	0.788235	0.780278	0.751253	0.703899	0.651615	0.606815	0.575878	0.570078	0.593354	0.650859	0.742252	0.85634	0.9539	1.02035	1.04665	1.03665	1.00565	0.958515	0.892115	0.816669	0.728635	0.634362	0.540286	0.458935	0.412345	0.403402	0.432373	0.486081	0.541903	0.593167	0.632719	0.678452	0.738304	0.808911	0.896931	0.98937	1.06358	1.112	1.1327	1.11437	1.05061	0.928191	0.757091	0.538209	0.292355	0.0562005	-0.142568	-0.265603	-0.307221	-0.265988	-0.171694	-0.0575412	0.0649269	0.171421	0.250276	0.295685	0.308936	0.294608	0.263279	0.22542	0.177122	0.122156	0.0644894	0	
0	0.0716673	0.133934	0.177453	0.202416	0.211145	0.216042	0.208589	0.175965	0.105125	-0.00665019	-0.157924	-0.328163	-0.477477	-0.574785	-0.594626	-0.522345	-0.354418	-0.105967	0.20968	0.567452	0.925681	1.23373	1.45272	1.55792	1.55971	1.47835	1.35031	1.19803	1.05628	0.944721	0.880926	0.85707	0.858721	0.87928	0.905866	0.921844	0.924791	0.905586	0.86214	0.802515	0.739687	0.681147	0.646348	0.641715	0.667397	0.728984	0.815584	0.895958	0.963089	1.00514	1.02011	1.01736	0.992195	0.942072	0.876573	0.785799	0.687446	0.585919	0.4966	0.442391	0.427042	0.440246	0.471938	0.507965	0.541232	0.561424	0.582292	0.622887	0.67812	0.754305	0.836492	0.900498	0.936296	0.936075	0.894487	0.80532	0.66067	0.472668	0.240604	-0.0138852	-0.255298	-0.449652	-0.555764	-0.574958	-0.51384	-0.394498	-0.248638	-0.0930137	0.0454182	0.144969	0.209307	0.244105	0.249224	0.237787	0.211123	0.167615	0.116556	0.0598782	0	
0	0.0888673	0.172009	0.237136	0.277339	0.291655	0.29817	0.291971	0.258238	0.183963	0.0723839	-0.0685433	-0.218486	-0.336872	-0.396477	-0.378172	-0.272955	-0.079949	0.190542	0.521592	0.886698	1.23373	1.51813	1.70877	1.78878	1.76235	1.64331	1.46631	1.26465	1.08211	0.9473	0.875088	0.856962	0.871645	0.911898	0.959451	0.993735	1.00958	1.00037	0.961034	0.897145	0.819219	0.739439	0.678732	0.645134	0.637955	0.662715	0.71873	0.780536	0.84238	0.895026	0.929997	0.949812	0.95004	0.92516	0.877899	0.801498	0.707501	0.608358	0.524213	0.471798	0.445476	0.442922	0.458832	0.475315	0.482777	0.466506	0.451076	0.456529	0.482819	0.538281	0.609029	0.667381	0.69932	0.696016	0.646496	0.548151	0.394108	0.197977	-0.0438782	-0.308768	-0.546738	-0.725676	-0.820505	-0.831566	-0.755019	-0.609921	-0.428926	-0.238472	-0.0708566	0.0579731	0.147037	0.200002	0.219286	0.211925	0.18659	0.14649	0.0986841	0.0507412	0	
0	0.102825	0.195136	0.264635	0.306175	0.321184	0.329489	0.3265	0.296757	0.22983	0.134295	0.0179278	-0.101127	-0.181691	-0.200788	-0.149098	-0.0281131	0.171117	0.443741	0.77559	1.12922	1.45272	1.70877	1.87558	1.93366	1.87804	1.72194	1.50534	1.26702	1.05409	0.8953	0.810799	0.791333	0.815219	0.870662	0.935954	0.986924	1.01476	1.01678	0.98539	0.921587	0.835563	0.739169	0.654967	0.59398	0.550286	0.537597	0.561458	0.602878	0.658186	0.716395	0.765662	0.809114	0.837113	0.839133	0.816271	0.760179	0.68813	0.607417	0.531713	0.477036	0.444679	0.430197	0.427175	0.423118	0.402979	0.352458	0.300017	0.273601	0.270285	0.296201	0.345214	0.391648	0.420063	0.41703	0.375397	0.289293	0.142369	-0.0565872	-0.301922	-0.559818	-0.786466	-0.9564	-1.04313	-1.03964	-0.942072	-0.772214	-0.567693	-0.354291	-0.159994	-0.0067118	0.104563	0.170556	0.192151	0.185625	0.157952	0.120468	0.0813185	0.0397635	0	
0	0.106701	0.193363	0.252308	0.285412	0.300427	0.311455	0.314792	0.293369	0.243471	0.174857	0.0927284	0.0116203	-0.0297791	-0.0120355	0.0609414	0.184744	0.375246	0.63417	0.944367	1.26674	1.55792	1.78878	1.93366	1.96482	1.87445	1.68531	1.4417	1.18069	0.946873	0.772193	0.680111	0.661899	0.692337	0.757508	0.836197	0.899956	0.938908	0.952015	0.931366	0.874605	0.787935	0.681587	0.579042	0.489337	0.41004	0.358594	0.350225	0.373029	0.421419	0.484621	0.55053	0.617678	0.674129	0.709038	0.717437	0.693518	0.649284	0.58979	0.525183	0.468373	0.424874	0.397664	0.380014	0.353963	0.306946	0.22902	0.149622	0.0933606	0.0579272	0.0530039	0.0763609	0.104768	0.122702	0.121654	0.0952812	0.0266371	-0.10583	-0.289731	-0.514778	-0.753236	-0.964101	-1.11777	-1.1882	-1.1638	-1.0443	-0.857095	-0.638734	-0.41541	-0.211288	-0.047203	0.068985	0.135637	0.158744	0.151874	0.126935	0.0958457	0.0627361	0.0305316	0	
0	0.0923934	0.1598	0.19886	0.22159	0.235095	0.251602	0.264313	0.258611	0.232304	0.195586	0.152681	0.111007	0.106384	0.150618	0.235791	0.356631	0.531749	0.762897	1.03041	1.30635	1.55971	1.76235	1.87804	1.87445	1.74951	1.53668	1.27682	1.00676	0.767167	0.593529	0.506015	0.493011	0.528333	0.599413	0.68385	0.754047	0.795342	0.814207	0.804811	0.76198	0.685809	0.583353	0.470917	0.360288	0.248211	0.158849	0.117445	0.119096	0.157216	0.224432	0.306734	0.399445	0.487662	0.555679	0.597859	0.611231	0.600675	0.562843	0.506325	0.4507	0.406634	0.371951	0.335096	0.283457	0.20894	0.105363	0.00270538	-0.0778157	-0.13871	-0.172582	-0.177358	-0.170143	-0.161815	-0.157444	-0.170287	-0.222468	-0.334312	-0.49246	-0.685003	-0.891638	-1.07484	-1.20244	-1.24476	-1.18998	-1.05042	-0.856158	-0.63793	-0.419425	-0.225159	-0.0741954	0.0312358	0.0913675	0.115838	0.116077	0.0980149	0.0760139	0.0514921	0.0240519	0	
0	0.0584896	0.0955489	0.115561	0.127923	0.141697	0.162897	0.19078	0.206722	0.207124	0.202619	0.194919	0.189071	0.209338	0.269287	0.35943	0.475188	0.631714	0.825521	1.04347	1.26801	1.47835	1.64331	1.72194	1.68531	1.53668	1.30999	1.04709	0.781282	0.553799	0.39242	0.313032	0.302547	0.339566	0.409599	0.495622	0.564543	0.604728	0.625705	0.627438	0.602237	0.545413	0.454798	0.345471	0.224713	0.0924634	-0.0235826	-0.0929531	-0.113765	-0.0893748	-0.0265962	0.0623126	0.170944	0.28205	0.381922	0.463157	0.516424	0.539444	0.528716	0.491504	0.447472	0.408773	0.367829	0.308448	0.227947	0.1248	-0.00427868	-0.136154	-0.244831	-0.328462	-0.382762	-0.402632	-0.401147	-0.390522	-0.382003	-0.386334	-0.425443	-0.514515	-0.640466	-0.797558	-0.971859	-1.12629	-1.21895	-1.22749	-1.15224	-1.00373	-0.806141	-0.590238	-0.383651	-0.209329	-0.0794015	0.00889353	0.0589742	0.0818613	0.0868416	0.0764101	0.0618484	0.043037	0.0196703	0	
0	0.00842441	0.00952581	0.010051	0.0153624	0.0262102	0.0520616	0.0953966	0.135135	0.163206	0.185869	0.208282	0.226733	0.263217	0.331762	0.424652	0.535686	0.671957	0.83486	1.01155	1.18954	1.35031	1.46631	1.50534	1.4417	1.27682	1.04709	0.791694	0.547453	0.341676	0.197117	0.123898	0.112234	0.143336	0.207457	0.288402	0.355843	0.393545	0.414935	0.426464	0.420326	0.383793	0.312393	0.215027	0.0994838	-0.0324577	-0.159253	-0.248031	-0.289909	-0.288456	-0.243302	-0.162466	-0.0541033	0.0692599	0.195596	0.3105	0.403267	0.46314	0.484186	0.477654	0.46197	0.439501	0.393998	0.314867	0.202782	0.0640037	-0.0977815	-0.256498	-0.387798	-0.487327	-0.550369	-0.574883	-0.568481	-0.548826	-0.528134	-0.522918	-0.552566	-0.622913	-0.728425	-0.8642	-1.01388	-1.13398	-1.19239	-1.17824	-1.0877	-0.93253	-0.734753	-0.524503	-0.330996	-0.172329	-0.0557443	0.0179485	0.0552807	0.0728718	0.0746899	0.0638523	0.0509236	0.0337677	0.0148653	0	
0	-0.0457031	-0.0833096	-0.10142	-0.104472	-0.0965762	-0.0688775	-0.0136655	0.0480594	0.100315	0.147995	0.189824	0.224796	0.270439	0.345409	0.437826	0.538075	0.656861	0.800351	0.951671	1.0899	1.19803	1.26465	1.26702	1.18069	1.00676	0.781282	0.547453	0.329986	0.148032	0.0174432	-0.0537296	-0.0747229	-0.0565686	-0.00467207	0.0728419	0.140343	0.180701	0.208187	0.234125	0.246368	0.22725	0.168829	0.0856976	-0.012374	-0.128007	-0.248117	-0.343506	-0.403324	-0.423265	-0.401683	-0.342641	-0.247487	-0.123247	0.0167986	0.15859	0.28306	0.377122	0.441645	0.479917	0.499049	0.493157	0.444228	0.342294	0.204327	0.0387844	-0.150477	-0.337748	-0.489638	-0.597048	-0.663052	-0.680787	-0.659003	-0.625063	-0.599835	-0.59104	-0.608835	-0.665794	-0.76288	-0.888964	-1.01921	-1.11707	-1.1555	-1.12479	-1.02422	-0.860843	-0.661089	-0.456272	-0.267775	-0.115847	-0.00798117	0.0567609	0.0838308	0.0890026	0.0784321	0.0573295	0.0405665	0.0268862	0.0109814	0	
0	-0.089024	-0.159613	-0.197073	-0.208325	-0.203136	-0.175847	-0.114785	-0.0394532	0.0340809	0.0994872	0.155129	0.19963	0.254031	0.333241	0.418057	0.503192	0.607587	0.744026	0.882438	0.98935	1.05628	1.08211	1.05409	0.946873	0.767167	0.553799	0.341676	0.148032	-0.0156521	-0.135479	-0.207861	-0.240771	-0.23655	-0.194989	-0.123384	-0.0563357	-0.00741357	0.0347628	0.0798009	0.108152	0.0977475	0.0488649	-0.0153202	-0.0882647	-0.177187	-0.28378	-0.382802	-0.454005	-0.492902	-0.495277	-0.458498	-0.380884	-0.264302	-0.117309	0.0380417	0.18173	0.305159	0.406186	0.482194	0.529187	0.536286	0.485877	0.37836	0.224759	0.037757	-0.168049	-0.36765	-0.529461	-0.642307	-0.701911	-0.709251	-0.676445	-0.637351	-0.606788	-0.590217	-0.606748	-0.667075	-0.76818	-0.889267	-1.00559	-1.08837	-1.117	-1.07644	-0.964069	-0.794637	-0.592571	-0.387036	-0.201301	-0.0542992	0.0496269	0.108969	0.128571	0.120872	0.0924566	0.0599396	0.0370062	0.0208189	0.0083209	0	
0	-0.111441	-0.203565	-0.258522	-0.277763	-0.27518	-0.249103	-0.190536	-0.108722	-0.0231324	0.0556376	0.119374	0.173594	0.235882	0.314497	0.385608	0.453537	0.546767	0.679757	0.809466	0.900628	0.944721	0.9473	0.8953	0.772193	0.593529	0.39242	0.197117	0.0174432	-0.135479	-0.249761	-0.325033	-0.364367	-0.369194	-0.340153	-0.281198	-0.21565	-0.152105	-0.0892646	-0.0258963	0.0139557	0.0125151	-0.0216292	-0.0622897	-0.10843	-0.175759	-0.274158	-0.373799	-0.454368	-0.504961	-0.524266	-0.506574	-0.443763	-0.331836	-0.187453	-0.0308171	0.119096	0.254182	0.376077	0.471381	0.530755	0.541584	0.494256	0.388818	0.238845	0.0555369	-0.148979	-0.347449	-0.507426	-0.613596	-0.665904	-0.667535	-0.631966	-0.591405	-0.560468	-0.549404	-0.574189	-0.643938	-0.750541	-0.869847	-0.979882	-1.057	-1.07903	-1.02835	-0.909289	-0.734617	-0.53067	-0.325851	-0.141415	8.86484e-05	0.0993826	0.153507	0.165279	0.150129	0.118365	0.0832242	0.0516829	0.0262165	0.00868388	0	
0	-0.111511	-0.210103	-0.276196	-0.302804	-0.30303	-0.28069	-0.228861	-0.15021	-0.0612979	0.0222177	0.0922659	0.154144	0.221068	0.292352	0.349192	0.403794	0.488945	0.615492	0.743194	0.835185	0.880926	0.875088	0.810799	0.680111	0.506015	0.313032	0.123898	-0.0537296	-0.207861	-0.325033	-0.399518	-0.438435	-0.449227	-0.435189	-0.387776	-0.31854	-0.238044	-0.158246	-0.0823692	-0.0306897	-0.0177725	-0.0328923	-0.0513158	-0.0778136	-0.131487	-0.220288	-0.319461	-0.403214	-0.46162	-0.493848	-0.489114	-0.434547	-0.33051	-0.194833	-0.0479984	0.0900817	0.22155	0.341543	0.432797	0.485429	0.495506	0.455364	0.364428	0.230172	0.0673036	-0.10908	-0.283123	-0.424609	-0.517521	-0.559991	-0.560497	-0.531476	-0.499746	-0.47732	-0.475896	-0.515822	-0.601896	-0.71697	-0.840444	-0.953696	-1.03125	-1.0504	-0.990856	-0.865966	-0.689624	-0.482934	-0.278741	-0.0956994	0.0458136	0.141329	0.187949	0.193444	0.176802	0.149267	0.115693	0.077649	0.0442198	0.0188124	0	
0	-0.0966087	-0.187911	-0.255738	-0.287983	-0.292841	-0.276164	-0.233021	-0.163499	-0.0808514	0.000177418	0.0708843	0.135096	0.197549	0.258475	0.305147	0.355252	0.433795	0.555249	0.687044	0.796367	0.85707	0.856962	0.791333	0.661899	0.493011	0.302547	0.112234	-0.0747229	-0.240771	-0.364367	-0.438435	-0.477078	-0.497269	-0.493021	-0.44804	-0.373721	-0.281169	-0.190141	-0.100948	-0.0342116	-0.00467082	-0.00286583	-0.00305771	-0.0148514	-0.05333	-0.133295	-0.227353	-0.312879	-0.373946	-0.411072	-0.411097	-0.363112	-0.271604	-0.158161	-0.0375284	0.078253	0.189197	0.290788	0.36455	0.406565	0.412829	0.379542	0.308235	0.202622	0.0763688	-0.0609496	-0.193721	-0.300106	-0.370052	-0.401519	-0.406545	-0.390572	-0.368254	-0.356243	-0.375954	-0.439043	-0.540284	-0.667385	-0.80842	-0.937598	-1.02302	-1.04157	-0.977553	-0.847677	-0.662388	-0.451119	-0.24662	-0.0636512	0.0768037	0.170277	0.213906	0.2241	0.213058	0.183392	0.148074	0.109125	0.0734372	0.0398707	0	
0	-0.0788119	-0.154318	-0.216687	-0.250072	-0.263103	-0.251047	-0.217436	-0.157731	-0.0873604	-0.016065	0.0467094	0.100143	0.151181	0.200538	0.24703	0.299575	0.379316	0.501487	0.646239	0.777312	0.858721	0.871645	0.815219	0.692337	0.528333	0.339566	0.143336	-0.0565686	-0.23655	-0.369194	-0.449227	-0.497269	-0.525461	-0.521297	-0.477546	-0.401177	-0.302841	-0.197713	-0.0964759	-0.0193958	0.0215417	0.0400906	0.0566274	0.0649462	0.0402541	-0.0252198	-0.108311	-0.185835	-0.241634	-0.278527	-0.287833	-0.260012	-0.19914	-0.12169	-0.0304065	0.0582094	0.146847	0.223921	0.275702	0.303665	0.307613	0.28586	0.238014	0.167669	0.0878294	-0.000495479	-0.0910313	-0.163852	-0.209685	-0.227977	-0.225873	-0.207902	-0.19333	-0.202855	-0.251848	-0.339478	-0.464426	-0.614807	-0.778969	-0.926885	-1.02237	-1.05082	-0.992497	-0.861295	-0.671338	-0.450998	-0.23653	-0.0444762	0.100364	0.192969	0.244765	0.265915	0.255405	0.222637	0.183336	0.141372	0.0999744	0.0529562	0	
0	-0.0638656	-0.122663	-0.169797	-0.201715	-0.216477	-0.210394	-0.180167	-0.130835	-0.0731429	-0.0199009	0.0196106	0.0482135	0.0787625	0.120589	0.17144	0.235166	0.327228	0.462865	0.62572	0.777668	0.87928	0.911898	0.870662	0.757508	0.599413	0.409599	0.207457	-0.00467207	-0.194989	-0.340153	-0.435189	-0.493021	-0.521297	-0.516444	-0.474714	-0.40197	-0.295576	-0.184373	-0.0848268	-0.00779832	0.0460009	0.0840068	0.125298	0.152607	0.146959	0.103998	0.04441	-0.0158513	-0.0647482	-0.109227	-0.143539	-0.153069	-0.138442	-0.102631	-0.0460957	0.0135942	0.073492	0.125153	0.161616	0.186305	0.196144	0.188054	0.165124	0.12793	0.0869863	0.0399886	-0.0055068	-0.0361539	-0.053039	-0.0486994	-0.0295687	-0.00621439	0.00578519	-0.01909	-0.0916722	-0.207357	-0.366589	-0.553718	-0.752351	-0.922343	-1.03458	-1.07603	-1.0266	-0.902895	-0.711805	-0.483027	-0.253968	-0.0451579	0.116291	0.226603	0.291183	0.314762	0.298067	0.260522	0.219452	0.165079	0.105156	0.0515305	0	
0	-0.0550625	-0.0969352	-0.128085	-0.146632	-0.159015	-0.148383	-0.119384	-0.0726203	-0.0271844	0.00194127	0.00584518	-0.00348869	0.00418234	0.0373428	0.0942734	0.172873	0.286756	0.442577	0.620606	0.786389	0.905866	0.959451	0.935954	0.836197	0.68385	0.495622	0.288402	0.0728419	-0.123384	-0.281198	-0.387776	-0.44804	-0.477546	-0.474714	-0.441358	-0.368031	-0.266296	-0.166146	-0.077815	0.00344355	0.0764007	0.141122	0.201475	0.248711	0.264373	0.249748	0.21972	0.177332	0.13308	0.0781952	0.0141694	-0.0422501	-0.0784177	-0.0931721	-0.0819952	-0.0626706	-0.0330677	0.000141261	0.0335888	0.0663681	0.0844007	0.0880242	0.0851134	0.0756394	0.068545	0.058752	0.0545498	0.0614548	0.0776475	0.114712	0.163626	0.203251	0.212972	0.175094	0.0814335	-0.0628829	-0.25854	-0.483459	-0.714015	-0.912626	-1.04636	-1.10378	-1.06565	-0.94231	-0.750948	-0.520015	-0.28345	-0.0640939	0.117103	0.247673	0.324123	0.348469	0.329889	0.294218	0.246332	0.179733	0.112962	0.0556079	0	
0	-0.0503179	-0.0826407	-0.0955953	-0.0987036	-0.0945196	-0.0750665	-0.0373812	0.0100741	0.047119	0.0498431	0.0127238	-0.0360951	-0.0538293	-0.0310059	0.0285139	0.121746	0.259008	0.430272	0.615494	0.788235	0.921844	0.993735	0.986924	0.899956	0.754047	0.564543	0.355843	0.140343	-0.0563357	-0.21565	-0.31854	-0.373721	-0.401177	-0.40197	-0.368031	-0.305788	-0.229581	-0.153347	-0.0755937	0.0126303	0.105106	0.190498	0.274345	0.345805	0.385617	0.399344	0.390513	0.362626	0.323569	0.260533	0.168313	0.0726256	-0.0132587	-0.0782026	-0.114675	-0.137762	-0.141772	-0.127254	-0.0970804	-0.0622935	-0.0362731	-0.0174624	-0.000455778	0.0165991	0.0415155	0.0638488	0.0906403	0.132132	0.184638	0.257515	0.339768	0.397248	0.409033	0.357461	0.240983	0.0650938	-0.170686	-0.427494	-0.678518	-0.891968	-1.03904	-1.10342	-1.06902	-0.951979	-0.762723	-0.532772	-0.301558	-0.0823946	0.104668	0.238509	0.318929	0.350658	0.340051	0.303218	0.24584	0.178712	0.119845	0.064503	0	
0	-0.0512478	-0.0811347	-0.0858428	-0.0722488	-0.0501048	-0.0142901	0.03435	0.0861055	0.116333	0.096704	0.0277658	-0.0528849	-0.0925835	-0.0809827	-0.0206191	0.086389	0.239122	0.417335	0.602675	0.780278	0.924791	1.00958	1.01476	0.938908	0.795342	0.604728	0.393545	0.180701	-0.00741357	-0.152105	-0.238044	-0.281169	-0.302841	-0.295576	-0.266296	-0.229581	-0.187551	-0.133508	-0.0640049	0.0227411	0.124134	0.231737	0.339013	0.431594	0.490756	0.518646	0.527898	0.518811	0.488837	0.419881	0.305679	0.173346	0.0455409	-0.0628448	-0.146639	-0.211651	-0.245867	-0.248958	-0.228585	-0.196368	-0.167302	-0.137185	-0.0962394	-0.0485365	0.00609024	0.0603897	0.125874	0.203807	0.290355	0.398913	0.505185	0.56588	0.568654	0.504368	0.363414	0.150694	-0.11348	-0.385994	-0.644086	-0.861222	-1.00792	-1.06828	-1.03394	-0.916054	-0.732544	-0.512901	-0.289232	-0.0823948	0.089294	0.205805	0.274004	0.308369	0.306091	0.272473	0.222786	0.169907	0.116451	0.0606513	0	
0	-0.0522683	-0.0851729	-0.0880908	-0.0649624	-0.0254332	0.0272537	0.0889694	0.144576	0.168389	0.136296	0.0502077	-0.0498691	-0.110245	-0.112239	-0.0541769	0.0567219	0.211018	0.384159	0.567893	0.751253	0.905586	1.00037	1.01678	0.952015	0.814207	0.625705	0.414935	0.208187	0.0347628	-0.0892646	-0.158246	-0.190141	-0.197713	-0.184373	-0.166146	-0.153347	-0.133508	-0.0921776	-0.0383849	0.0372738	0.145072	0.267382	0.388748	0.493888	0.561679	0.605093	0.637556	0.648694	0.624824	0.54752	0.413179	0.253069	0.0915444	-0.0566471	-0.184089	-0.287382	-0.349079	-0.368492	-0.356001	-0.327773	-0.296447	-0.256482	-0.201905	-0.129623	-0.0391186	0.0529857	0.153276	0.271236	0.398151	0.527518	0.638637	0.698401	0.691826	0.608152	0.445878	0.21776	-0.054574	-0.331134	-0.591691	-0.811796	-0.955119	-1.00702	-0.969551	-0.853859	-0.67863	-0.471791	-0.26407	-0.0766942	0.0704066	0.16454	0.220948	0.244724	0.23774	0.215084	0.184525	0.148303	0.0989897	0.0445894	0	
0	-0.0513534	-0.0881575	-0.0958874	-0.0720739	-0.0234989	0.0428022	0.116999	0.175402	0.197086	0.164677	0.0809975	-0.0260577	-0.10191	-0.116316	-0.0645311	0.0391398	0.178757	0.33914	0.518119	0.703899	0.86214	0.961034	0.98539	0.931366	0.804811	0.627438	0.426464	0.234125	0.0798009	-0.0258963	-0.0823692	-0.100948	-0.0964759	-0.0848268	-0.077815	-0.0755937	-0.0640049	-0.0383849	-0.00163363	0.066139	0.172815	0.297939	0.424148	0.536172	0.616148	0.675895	0.726128	0.748584	0.720809	0.633676	0.485587	0.305233	0.115438	-0.0698672	-0.238907	-0.370531	-0.447202	-0.475552	-0.4708	-0.4476	-0.412877	-0.362323	-0.289606	-0.192213	-0.0761697	0.0438706	0.17577	0.321367	0.467733	0.608493	0.723645	0.781326	0.76857	0.678777	0.511125	0.28059	0.0116646	-0.261216	-0.517964	-0.733389	-0.872084	-0.922645	-0.887757	-0.775531	-0.609318	-0.419783	-0.235355	-0.0762445	0.0433222	0.12228	0.169317	0.181497	0.171457	0.155973	0.135243	0.108272	0.072299	0.0345444	0	
0	-0.0470169	-0.0862086	-0.101193	-0.0858086	-0.0381526	0.0345291	0.118529	0.181507	0.206526	0.187098	0.118749	0.0181012	-0.0651934	-0.0856261	-0.0424638	0.0448981	0.161529	0.304714	0.473394	0.651615	0.802515	0.897145	0.921587	0.874605	0.76198	0.602237	0.420326	0.246368	0.108152	0.0139557	-0.0306897	-0.0342116	-0.0193958	-0.00779832	0.00344355	0.0126303	0.0227411	0.0372738	0.066139	0.121082	0.211473	0.324514	0.451091	0.568359	0.658631	0.728194	0.787222	0.809823	0.778749	0.682886	0.522644	0.325297	0.111377	-0.103184	-0.295905	-0.439369	-0.523566	-0.557082	-0.55828	-0.536488	-0.49528	-0.432423	-0.342021	-0.221411	-0.0857104	0.0463234	0.183719	0.335598	0.487261	0.625447	0.738894	0.806417	0.80286	0.715506	0.553054	0.332999	0.0782705	-0.184369	-0.430175	-0.63353	-0.766175	-0.815129	-0.786121	-0.687082	-0.536593	-0.36528	-0.20175	-0.0647762	0.0356956	0.100367	0.132959	0.134295	0.12093	0.101368	0.0723586	0.0468042	0.0312834	0.0177278	0	
0	-0.0397044	-0.0766842	-0.0999572	-0.0948045	-0.0585339	0.0144632	0.10262	0.173521	0.20775	0.206271	0.159827	0.0733519	-0.00354328	-0.0226826	0.0134921	0.0820936	0.175882	0.300169	0.450161	0.606815	0.739687	0.819219	0.835563	0.787935	0.685809	0.545413	0.383793	0.22725	0.0977475	0.0125151	-0.0177725	-0.00467082	0.0215417	0.0460009	0.0764007	0.105106	0.124134	0.145072	0.172815	0.211473	0.276689	0.37606	0.492396	0.600565	0.684657	0.749649	0.803658	0.824714	0.788103	0.684267	0.522569	0.320701	0.0962908	-0.130832	-0.328607	-0.474473	-0.562265	-0.602171	-0.608097	-0.58519	-0.534015	-0.457416	-0.355698	-0.227211	-0.0869395	0.0475697	0.182029	0.324206	0.464736	0.592103	0.703249	0.777761	0.776857	0.699075	0.558632	0.365627	0.132023	-0.113931	-0.338309	-0.522733	-0.64259	-0.688954	-0.664568	-0.578479	-0.448609	-0.297531	-0.154907	-0.0356008	0.0516863	0.101936	0.114924	0.100779	0.0806283	0.0517014	0.0164858	-0.00268833	-0.00778371	-0.00751063	0	
0	-0.0299779	-0.0639301	-0.0898139	-0.0969684	-0.072009	-0.00947447	0.0798071	0.156907	0.202606	0.215673	0.187727	0.122304	0.0633371	0.0552231	0.088646	0.144193	0.220844	0.326419	0.44921	0.575878	0.681147	0.739439	0.739169	0.681587	0.583353	0.454798	0.312393	0.168829	0.0488649	-0.0216292	-0.0328923	-0.00286583	0.0400906	0.0840068	0.141122	0.190498	0.231737	0.267382	0.297939	0.324514	0.37606	0.457271	0.551791	0.635497	0.700484	0.74501	0.779863	0.784003	0.733128	0.62648	0.474129	0.286247	0.0739462	-0.139349	-0.327557	-0.469767	-0.559815	-0.604313	-0.617557	-0.598813	-0.544843	-0.464235	-0.356147	-0.222296	-0.0843726	0.0430915	0.16683	0.295351	0.421441	0.536792	0.638898	0.706043	0.706274	0.640166	0.520567	0.353761	0.151751	-0.0569007	-0.246224	-0.398744	-0.502632	-0.545492	-0.520064	-0.446103	-0.336154	-0.2108	-0.0929135	0.00715378	0.0757809	0.111999	0.110738	0.0848519	0.0555598	0.0183828	-0.0138212	-0.023934	-0.02585	-0.0222549	0	
