0	0	0	0	0	0	0	0	0	0	0	0	0	0	0	0	0	0	0	0	0	0	0	0	0	0	0	0	0	0	0	0	0	0	0	0	0	0	0	0	0	0	0	0	0	0	0	0	0	0	0	0	0	0	0	0	0	0	0	0	0	0	0	0	0	0	0	0	0	0	0	0	0	0	0	0	0	0	0	0	0	0	0	0	0	0	0	0	0	0	0	0	0	0	0	0	0	0	0	0	
0	-0.0253698	-0.00128776	0.00729622	0.0044431	5.33043e-05	-0.00115154	0.00266562	-0.00657302	-0.00971697	-0.00630996	0.0016057	0.000809858	-0.00788512	-0.00943332	0.00161367	0.0111558	0.000285089	-0.0160193	-0.0201881	-0.0153488	0.000487883	0.0151072	0.00290619	-0.0260569	-0.0580421	-0.0850867	-0.102145	-0.0966113	-0.0610771	-0.0156104	0.0348063	0.0855554	0.140884	0.180053	0.196294	0.188325	0.169979	0.144053	0.103242	0.0485847	-0.0180335	-0.0750102	-0.110615	-0.122664	-0.107924	-0.0872575	-0.0618077	-0.0382099	-0.0262089	-0.0148003	-0.00579599	-0.00553283	0.000557518	0.00736728	0.00358922	0.00332577	0.00826459	-0.00492075	-0.0100958	0.00882993	0.0123844	0.000302318	-0.00341306	0.00399555	0.00761119	-0.00017112	0.000394509	0.00879397	0.00674088	-2.65116e-05	-0.00113838	0.0068087	0.0156223	0.00778769	-0.0057987	-0.00122946	0.0137052	0.0222515	0.0214664	0.00805353	-0.0104644	-0.0105477	0.0136931	0.045054	0.0732573	0.095228	0.0974069	0.0683767	0.0164547	-0.0447926	-0.114584	-0.193911	-0.268196	-0.314084	-0.318362	-0.282359	-0.212389	-0.11473	0	
0	-0.00128776	0.0089458	0.00189548	-0.00658846	-0.0147532	-0.00258221	0.00902467	-0.00308733	-0.011558	-0.00350571	0.00937227	-0.00456193	-0.0178658	-0.0246309	-0.0022393	0.00855205	-0.00968404	-0.0344339	-0.0399093	-0.0286489	0.00199771	0.0246537	0.00380722	-0.0522451	-0.110783	-0.163458	-0.192975	-0.179911	-0.110761	-0.0215123	0.0785354	0.179882	0.286511	0.363177	0.392095	0.379563	0.338625	0.287548	0.20105	0.0910699	-0.0409995	-0.155356	-0.226557	-0.247628	-0.224751	-0.17439	-0.126482	-0.0748313	-0.043175	-0.0221735	-0.00436707	-0.00343071	0.000265739	0.00234198	-0.000177314	-0.00177319	0.00771191	0.00961626	0.00326629	0.00721085	0.00561203	-0.00141217	0.00167745	0.014888	0.0129355	-0.00518201	0.00143975	0.0191035	0.012148	-0.000115522	0.00113696	0.0144108	0.0262809	0.0132438	-0.00708585	0.00162836	0.0269301	0.0414066	0.0387145	0.0143153	-0.016638	-0.0140776	0.0315918	0.0912483	0.14565	0.186127	0.187432	0.130019	0.0286575	-0.0928547	-0.231882	-0.387638	-0.531749	-0.620747	-0.629483	-0.559167	-0.420957	-0.227384	0	
0	0.00729622	0.00189548	-0.0113333	-0.00412856	-0.00226554	-0.00305478	0.00238051	-0.00765824	-0.0128192	-0.00102626	0.00041607	-0.0114837	-0.0201346	-0.025241	-0.00420278	0.00499099	-0.0202321	-0.0435309	-0.0505591	-0.0360306	0.0031002	0.0207022	-0.0080199	-0.0861999	-0.16737	-0.239717	-0.278008	-0.251272	-0.156298	-0.0225636	0.121115	0.276018	0.424111	0.536068	0.575676	0.559644	0.501228	0.418387	0.293164	0.124918	-0.0613816	-0.227918	-0.33096	-0.359058	-0.330302	-0.258031	-0.186043	-0.117774	-0.0659451	-0.034257	-0.0148955	0.000417291	0.000502568	0.00139907	0.00891469	0.00125627	0.00254982	0.00948623	0.0112013	0.00810858	0.00174169	0.00819427	0.012728	0.00947157	0.00756712	0.00463906	0.0119029	0.0194041	0.0111957	0.00485767	0.00958057	0.0211852	0.0294553	0.0161763	-0.00108503	0.0108197	0.0390841	0.054789	0.0486928	0.0184509	-0.0143799	-0.0049578	0.0571416	0.139522	0.215833	0.268177	0.263329	0.178857	0.0324085	-0.147473	-0.354171	-0.580544	-0.786153	-0.913142	-0.926518	-0.824803	-0.62156	-0.335637	0	
0	0.0044431	-0.00658846	-0.00412856	0.00470248	0.00174831	-0.00951171	-0.0113024	-0.0120927	-0.012021	-0.00562478	-0.0128386	-0.0114293	-0.0156872	-0.0145322	-0.00498973	-0.00672443	-0.0278625	-0.0466477	-0.0546106	-0.0367863	-0.00583058	0.000999309	-0.0403614	-0.130124	-0.228956	-0.313392	-0.35115	-0.308944	-0.191118	-0.0187949	0.168082	0.37141	0.555268	0.693151	0.745638	0.724527	0.653135	0.533854	0.37056	0.149248	-0.0860775	-0.292256	-0.423874	-0.457905	-0.420231	-0.335821	-0.237312	-0.157472	-0.0916592	-0.048981	-0.0286601	-0.00818432	-0.000689732	0.00242512	0.0119979	0.0138052	0.00949183	0.00819853	0.0076052	0.00475554	0.0087792	0.0174952	0.0136759	0.00587273	0.010821	0.0172435	0.0159975	0.0137705	0.0136303	0.0156272	0.0196272	0.0247433	0.0264794	0.0190459	0.0132895	0.0258328	0.0486434	0.0605284	0.0508973	0.0225201	-0.000184125	0.0200075	0.0924881	0.19031	0.281576	0.336668	0.319559	0.209958	0.0236206	-0.211835	-0.482862	-0.77122	-1.02722	-1.18547	-1.20333	-1.07354	-0.809527	-0.436763	0	
0	5.33043e-05	-0.0147532	-0.00226554	0.00174831	-0.000351985	-0.00786828	-0.0159936	-0.00175959	-0.00187196	-0.0144862	-0.0245551	-0.0193676	-0.0192675	-0.0150827	-0.0211064	-0.0346057	-0.0370841	-0.0490857	-0.0489961	-0.0305563	-0.0185489	-0.0255011	-0.0792539	-0.170205	-0.277813	-0.365491	-0.390217	-0.335088	-0.193159	0.00679816	0.239867	0.479329	0.694725	0.847408	0.912192	0.887898	0.798123	0.644533	0.433581	0.167682	-0.115142	-0.354641	-0.511148	-0.556689	-0.512344	-0.418628	-0.298269	-0.199875	-0.11654	-0.0615367	-0.0267642	-0.00940859	0.00509025	0.00836379	0.00558663	0.0127558	0.00728874	0.00996575	0.011486	0.00837623	0.0192472	0.0193039	0.00983393	0.00760033	0.0165144	0.0266251	0.0183305	0.009485	0.0181187	0.0279626	0.0297814	0.0250388	0.0201952	0.025188	0.0349827	0.0433693	0.0536158	0.0585511	0.0480052	0.0306374	0.0281504	0.061252	0.138199	0.243061	0.339544	0.38702	0.352205	0.21968	-0.00156902	-0.288709	-0.618141	-0.957408	-1.25132	-1.43327	-1.4546	-1.29958	-0.979671	-0.527668	0	
0	-0.00115154	-0.00258221	-0.00305478	-0.00951171	-0.00786828	-0.00975414	-0.0145523	0.000752696	0.000555657	-0.0225607	-0.0279863	-0.0202137	-0.0126186	-0.0151967	-0.0415727	-0.0540428	-0.0469539	-0.0463028	-0.0415037	-0.0342149	-0.0463509	-0.075227	-0.136266	-0.222216	-0.330643	-0.405733	-0.414406	-0.340985	-0.182434	0.0436414	0.315148	0.582861	0.819324	0.980098	1.05489	1.02784	0.918158	0.729251	0.473468	0.168779	-0.145968	-0.412166	-0.581356	-0.638864	-0.59043	-0.486508	-0.354883	-0.236049	-0.140869	-0.0747799	-0.0314398	-0.00975395	0.00272689	0.00646421	0.00639885	0.00950091	0.00719834	0.0150166	0.0202671	0.0190471	0.0160445	0.0108241	0.0161415	0.0170757	0.0202782	0.0299359	0.0186749	0.0108007	0.0267376	0.0382407	0.0351537	0.0230098	0.0180195	0.0377228	0.0584416	0.0580585	0.053602	0.0516197	0.045258	0.0475755	0.0710117	0.116795	0.193108	0.295704	0.385443	0.415349	0.359099	0.205531	-0.0465537	-0.379917	-0.75875	-1.1362	-1.45558	-1.65343	-1.67584	-1.49715	-1.12658	-0.605118	0	
0	0.00266562	0.00902467	0.00238051	-0.0113024	-0.0159936	-0.0145523	-0.0107525	-0.00922376	-0.0176993	-0.0294153	-0.0230024	-0.0137318	-0.00576858	-0.0198202	-0.0534678	-0.0607531	-0.048833	-0.037333	-0.0355051	-0.0499556	-0.08903	-0.142584	-0.204529	-0.284128	-0.379125	-0.431085	-0.419317	-0.32601	-0.155611	0.0956345	0.393267	0.682543	0.927195	1.09434	1.17396	1.14499	1.01316	0.789534	0.494299	0.159321	-0.174898	-0.455914	-0.634133	-0.697772	-0.652404	-0.539394	-0.403099	-0.26949	-0.167981	-0.0936709	-0.0476978	-0.0209021	-0.0042938	0.00444601	0.0114552	0.0181085	0.019451	0.0181198	0.0195533	0.0179945	0.0110948	0.0132191	0.0249791	0.027782	0.0260769	0.0232652	0.0162493	0.0237864	0.0395305	0.0409086	0.033169	0.0236049	0.0268655	0.0551284	0.0759763	0.066209	0.0505721	0.0446835	0.0492555	0.0773312	0.126758	0.182824	0.254187	0.34437	0.4146	0.419066	0.339578	0.165884	-0.113806	-0.485751	-0.90205	-1.30449	-1.63806	-1.84393	-1.8632	-1.6608	-1.24513	-0.666142	0	
0	-0.00657302	-0.00308733	-0.00765824	-0.0120927	-0.00175959	0.000752696	-0.00922376	-0.0251543	-0.0290733	-0.025138	-0.0237898	-0.0212214	-0.0244721	-0.0403821	-0.0655065	-0.0652645	-0.0452609	-0.0290611	-0.0329837	-0.0715148	-0.134999	-0.204475	-0.264793	-0.332982	-0.398968	-0.423312	-0.384552	-0.276525	-0.0913987	0.177037	0.490356	0.790074	1.0341	1.20505	1.28431	1.25047	1.09448	0.836206	0.507426	0.149069	-0.197913	-0.486816	-0.676338	-0.74933	-0.711645	-0.601543	-0.457109	-0.314871	-0.200211	-0.112414	-0.0563066	-0.0225406	-0.00116387	0.0136686	0.0143246	0.0201243	0.0235451	0.0127551	0.013431	0.0165849	0.0203877	0.0293975	0.0317991	0.0271355	0.0183277	0.0191679	0.0334236	0.041447	0.0386757	0.0356745	0.0341564	0.0334759	0.0448512	0.0703456	0.0831349	0.0684002	0.0479942	0.0438743	0.0666062	0.121718	0.191765	0.254305	0.316501	0.383613	0.422865	0.397194	0.293943	0.0998226	-0.204237	-0.604561	-1.0444	-1.45945	-1.79763	-2.00341	-2.01334	-1.78586	-1.33122	-0.708533	0	
0	-0.00971697	-0.011558	-0.0128192	-0.012021	-0.00187196	0.000555657	-0.0176993	-0.0290733	-0.0182487	-0.0166102	-0.0223485	-0.0323768	-0.045636	-0.0587628	-0.0695843	-0.0633259	-0.0468746	-0.0342493	-0.0543537	-0.115917	-0.197866	-0.273556	-0.332211	-0.377026	-0.406545	-0.394703	-0.331047	-0.206125	-0.00657464	0.270562	0.588354	0.884457	1.12539	1.29168	1.36858	1.32095	1.14192	0.851677	0.498346	0.126586	-0.222266	-0.513238	-0.706134	-0.790051	-0.759687	-0.652699	-0.506185	-0.352778	-0.226713	-0.127985	-0.0611743	-0.0203455	-0.000518485	0.0133297	0.0134526	0.0112702	0.0166402	0.0179253	0.023394	0.0283167	0.0305731	0.0277483	0.0253577	0.0269915	0.0212429	0.0303058	0.0500648	0.0445073	0.0324382	0.0350269	0.0409624	0.0511978	0.0662789	0.0777963	0.0801249	0.0676538	0.0504621	0.0563009	0.101983	0.179058	0.26096	0.325523	0.373358	0.407228	0.407513	0.350196	0.222853	0.00733709	-0.316536	-0.732736	-1.18184	-1.59897	-1.93365	-2.13062	-2.12345	-1.86898	-1.38249	-0.731294	0	
0	-0.00630996	-0.00350571	-0.00102626	-0.00562478	-0.0144862	-0.0225607	-0.0294153	-0.025138	-0.0166102	-0.0146853	-0.0213272	-0.0424449	-0.0577579	-0.0628159	-0.0564828	-0.0552937	-0.0527485	-0.0555243	-0.0979091	-0.179624	-0.266647	-0.347185	-0.393854	-0.411346	-0.394802	-0.348306	-0.259443	-0.116133	0.0948109	0.372439	0.679031	0.965768	1.19537	1.35712	1.41955	1.35876	1.1529	0.842646	0.473395	0.100196	-0.241465	-0.526955	-0.721771	-0.809536	-0.793831	-0.686395	-0.542692	-0.385012	-0.248321	-0.147386	-0.0766186	-0.0312785	-0.00927216	0.0055119	0.0160066	0.0182943	0.0228508	0.0252269	0.0287569	0.0327826	0.0307751	0.0244357	0.0239301	0.031597	0.0362349	0.0440937	0.0493455	0.0399023	0.0351295	0.0407602	0.0525901	0.0735371	0.0829041	0.0751303	0.0718934	0.0688947	0.0638755	0.0882326	0.15565	0.244269	0.328903	0.39019	0.416754	0.409569	0.367772	0.279337	0.127031	-0.110085	-0.44679	-0.86525	-1.3108	-1.72164	-2.04539	-2.22406	-2.19145	-1.9088	-1.39889	-0.734941	0	
0	0.0016057	0.00937227	0.00041607	-0.0128386	-0.0245551	-0.0279863	-0.0230024	-0.0237898	-0.0223485	-0.0213272	-0.03647	-0.0620117	-0.0705833	-0.0567877	-0.0429627	-0.0511298	-0.06549	-0.0892951	-0.154056	-0.240395	-0.327268	-0.401818	-0.432018	-0.414156	-0.353247	-0.274567	-0.161068	0.00100535	0.217287	0.484951	0.768354	1.04069	1.25541	1.40654	1.44999	1.36955	1.14574	0.821528	0.45071	0.0841977	-0.247254	-0.52229	-0.722675	-0.818698	-0.817753	-0.724018	-0.58146	-0.423739	-0.280499	-0.168516	-0.090497	-0.0405482	-0.0113526	0.00585896	0.0171932	0.0226672	0.0333566	0.0339847	0.0278727	0.0283463	0.0276164	0.0276567	0.0330268	0.0434684	0.0478986	0.0445923	0.0440584	0.0428716	0.0416813	0.0507465	0.0732114	0.0928823	0.0854482	0.0662345	0.0670152	0.0784069	0.0944787	0.14181	0.222402	0.310742	0.390472	0.44105	0.438466	0.38701	0.304621	0.185894	0.00758642	-0.248708	-0.588725	-0.996644	-1.42865	-1.82642	-2.1315	-2.28192	-2.21648	-1.90647	-1.38296	-0.721541	0	
0	0.000809858	-0.00456193	-0.0114837	-0.0114293	-0.0193676	-0.0202137	-0.0137318	-0.0212214	-0.0323768	-0.0424449	-0.0620117	-0.0774479	-0.0671322	-0.0478873	-0.0399534	-0.0594291	-0.0938981	-0.146014	-0.221297	-0.302346	-0.381059	-0.438945	-0.445386	-0.386615	-0.28872	-0.178019	-0.0397272	0.137972	0.353286	0.596564	0.854361	1.10207	1.3034	1.43077	1.45336	1.34914	1.11484	0.788815	0.424821	0.0738491	-0.244183	-0.510074	-0.711175	-0.821143	-0.834227	-0.75553	-0.621415	-0.462641	-0.314348	-0.194981	-0.104782	-0.0452697	-0.00909683	0.0134134	0.0269508	0.0261551	0.0282348	0.031046	0.0288044	0.0291853	0.0327616	0.0386593	0.0424202	0.0503864	0.0525277	0.0417166	0.0413867	0.0490389	0.0552558	0.0724024	0.0925417	0.0945343	0.0773605	0.0630288	0.0726023	0.102158	0.14637	0.212724	0.293494	0.372494	0.440144	0.469815	0.432017	0.338812	0.21978	0.0708039	-0.133005	-0.402138	-0.734707	-1.12211	-1.5336	-1.91194	-2.18969	-2.30253	-2.19956	-1.86589	-1.33966	-0.694461	0	
0	-0.00788512	-0.0178658	-0.0201346	-0.0156872	-0.0192675	-0.0126186	-0.00576858	-0.0244721	-0.045636	-0.0577579	-0.0705833	-0.0671322	-0.0565466	-0.0535304	-0.0569631	-0.0912481	-0.153738	-0.226102	-0.297839	-0.365291	-0.424508	-0.456904	-0.426996	-0.333411	-0.201442	-0.0611645	0.102377	0.288946	0.492013	0.704927	0.930549	1.1529	1.32985	1.42992	1.42244	1.29981	1.06095	0.743342	0.396083	0.0611092	-0.239873	-0.498463	-0.701501	-0.820949	-0.85007	-0.783358	-0.652542	-0.49502	-0.337178	-0.208498	-0.114588	-0.0482057	-0.00925387	0.00937558	0.0257147	0.0290497	0.0283886	0.0294463	0.028843	0.0352274	0.0439683	0.0506227	0.0514562	0.0512577	0.0477404	0.0391681	0.0463442	0.0652391	0.080497	0.0925314	0.0925694	0.0823649	0.0744897	0.0728609	0.092935	0.146384	0.217733	0.290534	0.360453	0.424442	0.470613	0.468656	0.394735	0.266566	0.114513	-0.0646767	-0.289721	-0.561808	-0.877287	-1.23811	-1.62414	-1.97578	-2.21704	-2.2852	-2.14407	-1.79357	-1.27573	-0.657886	0	
0	-0.00943332	-0.0246309	-0.025241	-0.0145322	-0.0150827	-0.0151967	-0.0198202	-0.0403821	-0.0587628	-0.0628159	-0.0567877	-0.0478873	-0.0535304	-0.0660474	-0.0833178	-0.141879	-0.227705	-0.305701	-0.367328	-0.415146	-0.451239	-0.444973	-0.38195	-0.259043	-0.100819	0.0691608	0.250865	0.436561	0.616777	0.796636	0.9883	1.18007	1.32662	1.39186	1.35787	1.22124	0.99174	0.693111	0.370243	0.0582642	-0.227792	-0.474958	-0.680316	-0.809713	-0.851821	-0.80135	-0.677156	-0.520653	-0.360619	-0.224285	-0.122375	-0.0553693	-0.0124676	0.00595214	0.0174156	0.0221882	0.0267367	0.0383216	0.0433032	0.0488205	0.0556616	0.0550164	0.0460475	0.0421152	0.0473125	0.0518361	0.0664585	0.0889067	0.0980509	0.0920495	0.0803074	0.0769978	0.0845949	0.0964914	0.134795	0.213201	0.297953	0.363549	0.417522	0.460146	0.473056	0.433218	0.328235	0.172311	-0.0106098	-0.217344	-0.454539	-0.718525	-1.01063	-1.34221	-1.69799	-2.01437	-2.2108	-2.23123	-2.05604	-1.698	-1.19887	-0.616204	0	
0	0.00161367	-0.0022393	-0.00420278	-0.00498973	-0.0211064	-0.0415727	-0.0534678	-0.0655065	-0.0695843	-0.0564828	-0.0429627	-0.0399534	-0.0569631	-0.0833178	-0.126358	-0.206126	-0.297016	-0.369974	-0.415487	-0.44317	-0.442773	-0.396578	-0.305306	-0.161538	0.0202266	0.213796	0.404101	0.574779	0.728697	0.872762	1.03115	1.18399	1.29453	1.32313	1.26741	1.1289	0.917832	0.649585	0.355585	0.06792	-0.200526	-0.440622	-0.643736	-0.785384	-0.840517	-0.807008	-0.694704	-0.545556	-0.386466	-0.250616	-0.145761	-0.0729734	-0.0266409	0.000981946	0.0218399	0.0339913	0.0406914	0.0508246	0.0549685	0.0539344	0.0497761	0.046557	0.0437701	0.0465699	0.0626416	0.0766792	0.0883879	0.100181	0.096243	0.0821367	0.0758204	0.0850316	0.107495	0.141284	0.202867	0.292398	0.37252	0.424747	0.459317	0.470009	0.440662	0.36482	0.236266	0.0569179	-0.154146	-0.380499	-0.617514	-0.864538	-1.13097	-1.43196	-1.75139	-2.02357	-2.16982	-2.14464	-1.94377	-1.58865	-1.11661	-0.573408	0	
0	0.0111558	0.00855205	0.00499099	-0.00672443	-0.0346057	-0.0540428	-0.0607531	-0.0652645	-0.0633259	-0.0552937	-0.0511298	-0.0594291	-0.0912481	-0.141879	-0.206126	-0.283947	-0.360713	-0.416326	-0.441378	-0.433384	-0.387811	-0.304307	-0.190585	-0.0278342	0.173316	0.38223	0.565238	0.714926	0.83837	0.950146	1.06891	1.17792	1.24634	1.24219	1.17321	1.04215	0.858621	0.62213	0.358536	0.0896996	-0.166276	-0.403761	-0.611779	-0.766324	-0.839763	-0.8237	-0.724595	-0.579762	-0.420449	-0.275322	-0.162177	-0.0806791	-0.0230099	0.00816736	0.0319733	0.0479126	0.0509025	0.0548936	0.0513292	0.0455858	0.0444293	0.0473582	0.0546378	0.0675801	0.0875044	0.0963703	0.0945269	0.0946337	0.0884099	0.0803371	0.0844146	0.106976	0.152153	0.213425	0.286255	0.366792	0.433229	0.469978	0.476239	0.444514	0.373113	0.26885	0.121428	-0.0791318	-0.311188	-0.544094	-0.769269	-0.994921	-1.2358	-1.50364	-1.77928	-2.00012	-2.09574	-2.03237	-1.81704	-1.47477	-1.03544	-0.532646	0	
0	0.000285089	-0.00968404	-0.0202321	-0.0278625	-0.0370841	-0.0469539	-0.048833	-0.0452609	-0.0468746	-0.0527485	-0.06549	-0.0938981	-0.153738	-0.227705	-0.297016	-0.360713	-0.417116	-0.455383	-0.44855	-0.396063	-0.308577	-0.195864	-0.0614369	0.118393	0.333216	0.540827	0.707465	0.831082	0.926504	1.00375	1.07735	1.13711	1.16289	1.13439	1.06131	0.948433	0.795081	0.593813	0.356548	0.106849	-0.141009	-0.374924	-0.586996	-0.752104	-0.838689	-0.838053	-0.747572	-0.606161	-0.442667	-0.290514	-0.165956	-0.0774753	-0.0152599	0.0200002	0.036922	0.0476972	0.0458825	0.0456804	0.0457934	0.0451481	0.0524114	0.0672991	0.0800596	0.0871354	0.0981129	0.100709	0.0914191	0.0873172	0.0861023	0.0893068	0.109558	0.154749	0.225222	0.300163	0.364788	0.427057	0.477334	0.490194	0.456583	0.381133	0.276427	0.149943	-0.015572	-0.232442	-0.472148	-0.697288	-0.903468	-1.10721	-1.322	-1.55176	-1.77661	-1.94339	-1.99379	-1.90368	-1.68582	-1.3643	-0.9602	-0.495992	0	
0	-0.0160193	-0.0344339	-0.0435309	-0.0466477	-0.0490857	-0.0463028	-0.037333	-0.0290611	-0.0342493	-0.0555243	-0.0892951	-0.146014	-0.226102	-0.305701	-0.369974	-0.416326	-0.455383	-0.466525	-0.419506	-0.327882	-0.210245	-0.0742404	0.0784031	0.27176	0.482752	0.676551	0.818778	0.917581	0.984465	1.0221	1.0468	1.05482	1.04704	1.00339	0.940629	0.851043	0.73321	0.564602	0.35482	0.120631	-0.116061	-0.348111	-0.55794	-0.731185	-0.82584	-0.835506	-0.754298	-0.614388	-0.451951	-0.296672	-0.170817	-0.0802765	-0.0203667	0.0131148	0.0307632	0.0403133	0.0403369	0.0459666	0.0542931	0.0627405	0.0737876	0.0855394	0.0954445	0.0980303	0.100676	0.0969253	0.0842866	0.083442	0.0960749	0.120045	0.164444	0.231049	0.310966	0.380259	0.428713	0.471014	0.496162	0.472152	0.395956	0.286129	0.156827	0.00930426	-0.172288	-0.393898	-0.624942	-0.832028	-1.01736	-1.19933	-1.38454	-1.57002	-1.74048	-1.85669	-1.87244	-1.76885	-1.55898	-1.26309	-0.893805	-0.46446	0	
0	-0.0201881	-0.0399093	-0.0505591	-0.0546106	-0.0489961	-0.0415037	-0.0355051	-0.0329837	-0.0543537	-0.0979091	-0.154056	-0.221297	-0.297839	-0.367328	-0.415487	-0.441378	-0.44855	-0.419506	-0.335219	-0.216901	-0.0765445	0.0773747	0.246689	0.435014	0.628085	0.795278	0.912448	0.985836	1.01873	1.01315	0.984919	0.951232	0.918333	0.877992	0.832109	0.775547	0.690723	0.556032	0.370022	0.151374	-0.0774426	-0.305749	-0.518791	-0.696799	-0.805761	-0.827486	-0.758681	-0.627529	-0.467451	-0.312592	-0.184833	-0.0937792	-0.030764	0.00440825	0.0227544	0.0418725	0.0499079	0.0592577	0.0721434	0.0816233	0.0920974	0.10122	0.104023	0.0968056	0.0920893	0.0891244	0.0837242	0.0970465	0.133039	0.182814	0.24585	0.317114	0.388847	0.444988	0.475573	0.48915	0.475276	0.410405	0.301065	0.16718	0.015868	-0.15162	-0.340005	-0.550104	-0.759607	-0.944837	-1.10973	-1.26728	-1.41672	-1.55361	-1.67212	-1.74748	-1.74219	-1.6376	-1.44326	-1.17461	-0.837417	-0.438191	0	
0	-0.0153488	-0.0286489	-0.0360306	-0.0367863	-0.0305563	-0.0342149	-0.0499556	-0.0715148	-0.115917	-0.179624	-0.240395	-0.302346	-0.365291	-0.415146	-0.44317	-0.433384	-0.396063	-0.327882	-0.216901	-0.0773572	0.081729	0.255393	0.425211	0.59678	0.758952	0.899274	0.991459	1.03576	1.02951	0.976072	0.902092	0.835796	0.795078	0.7654	0.746399	0.718649	0.666764	0.558199	0.392745	0.185765	-0.0378198	-0.265143	-0.479583	-0.667395	-0.785437	-0.823374	-0.767629	-0.644565	-0.491177	-0.336426	-0.204666	-0.107953	-0.0398966	0.00628681	0.0310068	0.0515119	0.0654667	0.0793453	0.0937552	0.100587	0.102775	0.102109	0.0983731	0.0874386	0.0831815	0.091554	0.106771	0.144046	0.202963	0.267235	0.332137	0.394679	0.452329	0.491108	0.493738	0.465734	0.409166	0.312566	0.180899	0.0262361	-0.145986	-0.32478	-0.504122	-0.688923	-0.871532	-1.03503	-1.17767	-1.3046	-1.41256	-1.50189	-1.57769	-1.62621	-1.61363	-1.5177	-1.34279	-1.10015	-0.790842	-0.416742	0	
0	0.000487883	0.00199771	0.0031002	-0.00583058	-0.0185489	-0.0463509	-0.08903	-0.134999	-0.197866	-0.266647	-0.327268	-0.381059	-0.424508	-0.451239	-0.442773	-0.387811	-0.308577	-0.210245	-0.0765445	0.081729	0.263131	0.440504	0.599925	0.740912	0.872809	0.986077	1.0511	1.05969	1.00926	0.9115	0.802568	0.720022	0.682717	0.67395	0.679902	0.681752	0.653308	0.567718	0.416319	0.216523	-0.00362904	-0.233749	-0.452229	-0.646693	-0.779114	-0.826005	-0.782743	-0.665754	-0.511432	-0.354202	-0.217617	-0.112794	-0.0377335	0.0131784	0.0463567	0.075615	0.090156	0.0978018	0.105053	0.104032	0.0981561	0.090866	0.0861143	0.0826597	0.0941927	0.126624	0.166202	0.219949	0.287624	0.352708	0.410278	0.458696	0.495161	0.50411	0.467063	0.396286	0.306653	0.188521	0.0376423	-0.136792	-0.321189	-0.494764	-0.650509	-0.804283	-0.9602	-1.10073	-1.21515	-1.30453	-1.36999	-1.41986	-1.46745	-1.50424	-1.49566	-1.41413	-1.25913	-1.03927	-0.753042	-0.399379	0	
0	0.0151072	0.0246537	0.0207022	0.000999309	-0.0255011	-0.075227	-0.142584	-0.204475	-0.273556	-0.347185	-0.401818	-0.438945	-0.456904	-0.444973	-0.396578	-0.304307	-0.195864	-0.0742404	0.0773747	0.255393	0.440504	0.608563	0.741552	0.852189	0.954444	1.03937	1.07033	1.0378	0.943747	0.813234	0.684114	0.601558	0.577211	0.592093	0.623319	0.647243	0.640403	0.57006	0.431392	0.237954	0.0186906	-0.210144	-0.432815	-0.632742	-0.772194	-0.831226	-0.794685	-0.681566	-0.528066	-0.363658	-0.216764	-0.103453	-0.0194028	0.039161	0.068658	0.0902178	0.100535	0.101534	0.0999305	0.0912172	0.0832466	0.0817874	0.0912763	0.108998	0.142379	0.193932	0.246882	0.305706	0.372299	0.430581	0.473768	0.498038	0.49998	0.469072	0.393646	0.290893	0.17767	0.0402271	-0.128917	-0.314155	-0.493469	-0.645979	-0.771844	-0.89551	-1.02446	-1.13631	-1.21482	-1.26386	-1.29313	-1.31766	-1.3534	-1.39153	-1.39423	-1.32893	-1.19178	-0.990496	-0.722625	-0.385317	0	
0	0.00290619	0.00380722	-0.0080199	-0.0403614	-0.0792539	-0.136266	-0.204529	-0.264793	-0.332211	-0.393854	-0.432018	-0.445386	-0.426996	-0.38195	-0.305306	-0.190585	-0.0614369	0.0784031	0.246689	0.425211	0.599925	0.741552	0.847503	0.928746	1.00099	1.05068	1.04118	0.966029	0.839273	0.689206	0.559287	0.486117	0.482357	0.519582	0.571957	0.614966	0.621787	0.566233	0.435805	0.248328	0.0327894	-0.196819	-0.417304	-0.619147	-0.7628	-0.822561	-0.790592	-0.676642	-0.518354	-0.351889	-0.202244	-0.0853531	-0.0050966	0.0490984	0.0768514	0.0922334	0.0928153	0.0849617	0.0827729	0.0817846	0.0859741	0.101956	0.132572	0.168933	0.215343	0.276913	0.335213	0.3914	0.448875	0.490425	0.506248	0.493549	0.454772	0.38806	0.284855	0.15841	0.0232632	-0.132208	-0.309976	-0.488319	-0.646092	-0.770423	-0.867424	-0.961872	-1.05892	-1.13393	-1.17243	-1.18594	-1.19218	-1.20809	-1.24658	-1.29502	-1.312	-1.26174	-1.13898	-0.951928	-0.698205	-0.373868	0	
0	-0.0260569	-0.0522451	-0.0861999	-0.130124	-0.170205	-0.222216	-0.284128	-0.332982	-0.377026	-0.411346	-0.414156	-0.386615	-0.333411	-0.259043	-0.161538	-0.0278342	0.118393	0.27176	0.435014	0.59678	0.740912	0.852189	0.928746	0.978036	1.01214	1.01785	0.964573	0.855561	0.708652	0.559079	0.438693	0.386506	0.402425	0.462457	0.532593	0.590742	0.612302	0.567617	0.449438	0.268924	0.0584417	-0.165513	-0.385694	-0.585514	-0.732021	-0.797931	-0.770128	-0.661139	-0.507673	-0.340971	-0.193266	-0.0811828	-0.00396552	0.0432804	0.0609714	0.0715719	0.0763516	0.0776924	0.0863347	0.0998165	0.12247	0.154853	0.199035	0.248597	0.303383	0.366942	0.421634	0.465699	0.501157	0.511416	0.489564	0.438428	0.365841	0.272774	0.147508	-0.00133785	-0.155564	-0.318054	-0.486405	-0.641665	-0.77082	-0.867658	-0.936874	-0.997962	-1.05518	-1.08844	-1.09066	-1.0811	-1.08089	-1.10344	-1.15492	-1.21792	-1.24876	-1.2106	-1.09842	-0.92169	-0.67862	-0.364515	0	
0	-0.0580421	-0.110783	-0.16737	-0.228956	-0.277813	-0.330643	-0.379125	-0.398968	-0.406545	-0.394802	-0.353247	-0.28872	-0.201442	-0.100819	0.0202266	0.173316	0.333216	0.482752	0.628085	0.758952	0.872809	0.954444	1.00099	1.01214	1.00053	0.959837	0.870683	0.740806	0.593174	0.455	0.35613	0.323792	0.360922	0.437432	0.521969	0.592278	0.622873	0.589994	0.47837	0.305296	0.0983278	-0.124523	-0.342783	-0.545912	-0.697494	-0.769823	-0.752618	-0.65258	-0.506032	-0.349514	-0.207932	-0.0991384	-0.0267534	0.0235529	0.0490699	0.0676233	0.0820257	0.0941882	0.11873	0.148853	0.184773	0.231058	0.287194	0.341508	0.394416	0.451107	0.490125	0.506541	0.506814	0.480192	0.423585	0.34215	0.243423	0.127184	-0.0193102	-0.185438	-0.345365	-0.496484	-0.640215	-0.766223	-0.867589	-0.937565	-0.974659	-0.994763	-1.00728	-1.00206	-0.980058	-0.964011	-0.972863	-1.01279	-1.08232	-1.1602	-1.2024	-1.17284	-1.06778	-0.89821	-0.663014	-0.356915	0	
0	-0.0850867	-0.163458	-0.239717	-0.313392	-0.365491	-0.405733	-0.431085	-0.423312	-0.394703	-0.348306	-0.274567	-0.178019	-0.0611645	0.0691608	0.213796	0.38223	0.540827	0.676551	0.795278	0.899274	0.986077	1.03937	1.05068	1.01785	0.959837	0.881554	0.771083	0.639658	0.504077	0.388628	0.31127	0.300058	0.351601	0.441297	0.534631	0.611633	0.64946	0.620471	0.515101	0.342416	0.13569	-0.089174	-0.312964	-0.521303	-0.68252	-0.765832	-0.758602	-0.667179	-0.527587	-0.370591	-0.228403	-0.116107	-0.0360322	0.0200363	0.054186	0.0842156	0.113721	0.142589	0.180332	0.22386	0.27284	0.324928	0.38165	0.433504	0.473904	0.506207	0.513846	0.495303	0.460838	0.40285	0.318548	0.211611	0.0883366	-0.0492281	-0.209256	-0.377005	-0.523923	-0.649948	-0.764344	-0.862344	-0.936154	-0.974228	-0.97123	-0.945764	-0.917218	-0.885664	-0.856206	-0.84953	-0.878382	-0.9408	-1.02891	-1.11954	-1.1699	-1.1458	-1.04513	-0.880315	-0.650821	-0.350872	0	
0	-0.102145	-0.192975	-0.278008	-0.35115	-0.390217	-0.414406	-0.419317	-0.384552	-0.331047	-0.259443	-0.161068	-0.0397272	0.102377	0.250865	0.404101	0.565238	0.707465	0.818778	0.912448	0.991459	1.0511	1.07033	1.04118	0.964573	0.870683	0.771083	0.659232	0.540818	0.428173	0.336792	0.281104	0.285043	0.347452	0.44419	0.541689	0.622477	0.661199	0.636108	0.530037	0.358733	0.149073	-0.0784061	-0.305609	-0.518878	-0.685643	-0.774346	-0.772694	-0.684967	-0.544515	-0.387343	-0.239156	-0.118572	-0.0292628	0.0413042	0.089241	0.133666	0.177429	0.217958	0.268361	0.320384	0.371417	0.422219	0.468778	0.498162	0.50908	0.51017	0.485925	0.435435	0.37144	0.286801	0.177074	0.0458523	-0.0975575	-0.245367	-0.401747	-0.553128	-0.675145	-0.772923	-0.859546	-0.929175	-0.969761	-0.967577	-0.919926	-0.85312	-0.796417	-0.7558	-0.735105	-0.748997	-0.80284	-0.887903	-0.992261	-1.09256	-1.14818	-1.12717	-1.02899	-0.867214	-0.641708	-0.346292	0	
0	-0.0966113	-0.179911	-0.251272	-0.308944	-0.335088	-0.340985	-0.32601	-0.276525	-0.206125	-0.116133	0.00100535	0.137972	0.288946	0.436561	0.574779	0.714926	0.831082	0.917581	0.985836	1.03576	1.05969	1.0378	0.966029	0.855561	0.740806	0.639658	0.540818	0.445589	0.358245	0.289954	0.251673	0.267029	0.336457	0.436849	0.53714	0.618058	0.658917	0.633018	0.529032	0.355807	0.146019	-0.0836095	-0.31225	-0.52727	-0.695622	-0.785723	-0.784154	-0.69322	-0.549058	-0.382355	-0.224709	-0.0919832	0.0105011	0.093393	0.156962	0.213791	0.268752	0.319077	0.371694	0.420836	0.461727	0.491032	0.511099	0.513674	0.494886	0.464478	0.41073	0.332806	0.242238	0.131793	-0.0011024	-0.148803	-0.297696	-0.437514	-0.574295	-0.700185	-0.795492	-0.866348	-0.923834	-0.958704	-0.957776	-0.911204	-0.823638	-0.729176	-0.662435	-0.629493	-0.62898	-0.668406	-0.746944	-0.851585	-0.968659	-1.07576	-1.1346	-1.11522	-1.01837	-0.858416	-0.635499	-0.343141	0	
0	-0.0610771	-0.110761	-0.156298	-0.191118	-0.193159	-0.182434	-0.155611	-0.0913987	-0.00657464	0.0948109	0.217287	0.353286	0.492013	0.616777	0.728697	0.83837	0.926504	0.984465	1.01873	1.02951	1.00926	0.943747	0.839273	0.708652	0.593174	0.504077	0.428173	0.358245	0.294182	0.245041	0.219084	0.243284	0.316193	0.420261	0.520627	0.603909	0.644199	0.621009	0.516952	0.346134	0.136504	-0.090844	-0.318519	-0.530299	-0.696501	-0.782476	-0.775246	-0.678481	-0.523709	-0.346824	-0.175872	-0.0295485	0.0874025	0.183421	0.254396	0.318489	0.375747	0.419601	0.460622	0.490931	0.508224	0.513509	0.506289	0.478395	0.430395	0.373139	0.292849	0.187741	0.0714894	-0.0592194	-0.203091	-0.350074	-0.486712	-0.605389	-0.716646	-0.816556	-0.885522	-0.9265	-0.947657	-0.939877	-0.894487	-0.809299	-0.696074	-0.592626	-0.53318	-0.519627	-0.54423	-0.608605	-0.708092	-0.827891	-0.954264	-1.06615	-1.12714	-1.10875	-1.01262	-0.853634	-0.632109	-0.341414	0	
0	-0.0156104	-0.0215123	-0.0225636	-0.0187949	0.00679816	0.0436414	0.0956345	0.177037	0.270562	0.372439	0.484951	0.596564	0.704927	0.796636	0.872762	0.950146	1.00375	1.0221	1.01315	0.976072	0.9115	0.813234	0.689206	0.559079	0.455	0.388628	0.336792	0.289954	0.245041	0.208818	0.193092	0.221564	0.299281	0.403632	0.50692	0.589658	0.632576	0.609782	0.50872	0.339891	0.134563	-0.0891423	-0.309713	-0.515769	-0.672389	-0.748848	-0.73166	-0.621632	-0.456255	-0.267276	-0.0857904	0.0696287	0.19115	0.289881	0.362394	0.417573	0.460408	0.487994	0.508211	0.515892	0.507718	0.484254	0.449665	0.396058	0.321073	0.235618	0.128339	0.000761612	-0.13007	-0.26522	-0.402701	-0.533784	-0.648328	-0.742381	-0.828401	-0.901522	-0.939204	-0.942231	-0.919951	-0.868308	-0.78595	-0.677291	-0.557171	-0.462126	-0.42193	-0.432763	-0.481684	-0.566833	-0.682089	-0.812697	-0.945785	-1.06146	-1.12442	-1.10699	-1.01135	-0.852705	-0.631492	-0.341109	0	
0	0.0348063	0.0785354	0.121115	0.168082	0.239867	0.315148	0.393267	0.490356	0.588354	0.679031	0.768354	0.854361	0.930549	0.9883	1.03115	1.06891	1.07735	1.0468	0.984919	0.902092	0.802568	0.684114	0.559287	0.438693	0.35613	0.31127	0.281104	0.251673	0.219084	0.193092	0.182215	0.217204	0.296442	0.405784	0.509794	0.597208	0.642131	0.624008	0.527194	0.364339	0.165394	-0.0495822	-0.26318	-0.458185	-0.606325	-0.67264	-0.644445	-0.527369	-0.353515	-0.159053	0.0244593	0.178262	0.296725	0.384843	0.439694	0.480083	0.506043	0.511689	0.507806	0.489422	0.455781	0.407274	0.345055	0.262459	0.160354	0.0517414	-0.0721406	-0.207346	-0.336257	-0.460371	-0.579464	-0.688172	-0.779001	-0.848294	-0.906577	-0.946271	-0.94401	-0.903156	-0.838465	-0.752543	-0.649597	-0.536343	-0.42614	-0.351073	-0.335139	-0.369529	-0.438339	-0.538629	-0.664553	-0.80248	-0.940745	-1.06012	-1.12551	-1.10945	-1.01434	-0.855524	-0.633606	-0.342214	0	
0	0.0855554	0.179882	0.276018	0.37141	0.479329	0.582861	0.682543	0.790074	0.884457	0.965768	1.04069	1.10207	1.1529	1.18007	1.18399	1.17792	1.13711	1.05482	0.951232	0.835796	0.720022	0.601558	0.486117	0.386506	0.323792	0.300058	0.285043	0.267029	0.243284	0.221564	0.217204	0.254171	0.339606	0.449677	0.558754	0.64739	0.696222	0.680752	0.587341	0.429377	0.236404	0.0268611	-0.177759	-0.367669	-0.506775	-0.566239	-0.534404	-0.413062	-0.241464	-0.0531846	0.122076	0.264475	0.366284	0.440053	0.481754	0.500788	0.501895	0.483781	0.456086	0.412791	0.350956	0.273615	0.185433	0.0797307	-0.0397793	-0.157519	-0.282521	-0.410311	-0.524095	-0.62856	-0.726116	-0.811947	-0.877271	-0.916755	-0.939461	-0.937599	-0.891244	-0.810066	-0.71482	-0.612212	-0.507674	-0.405887	-0.316145	-0.265539	-0.273056	-0.326589	-0.409451	-0.519377	-0.651767	-0.794613	-0.937463	-1.06112	-1.12986	-1.11583	-1.02141	-0.861997	-0.638394	-0.344697	0	
0	0.140884	0.286511	0.424111	0.555268	0.694725	0.819324	0.927195	1.0341	1.12539	1.19537	1.25541	1.3034	1.32985	1.32662	1.29453	1.24634	1.16289	1.04704	0.918333	0.795078	0.682717	0.577211	0.482357	0.402425	0.360922	0.351601	0.347452	0.336457	0.316193	0.299281	0.296442	0.339606	0.426271	0.541367	0.650715	0.742305	0.791807	0.776552	0.684446	0.527009	0.335724	0.128825	-0.0766817	-0.263963	-0.404126	-0.464941	-0.433619	-0.318826	-0.154355	0.0254782	0.187496	0.314138	0.401701	0.453836	0.468717	0.465918	0.445318	0.402452	0.346789	0.274861	0.18856	0.0898065	-0.0161617	-0.1316	-0.252356	-0.365127	-0.478644	-0.588938	-0.683056	-0.767062	-0.841543	-0.900073	-0.93264	-0.933913	-0.914492	-0.869707	-0.785584	-0.678081	-0.570875	-0.470384	-0.379428	-0.298435	-0.232556	-0.205217	-0.231942	-0.298907	-0.39019	-0.5052	-0.640988	-0.78734	-0.934894	-1.06387	-1.13711	-1.1259	-1.03242	-0.872018	-0.645765	-0.348501	0	
0	0.180053	0.363177	0.536068	0.693151	0.847408	0.980098	1.09434	1.20505	1.29168	1.35712	1.40654	1.43077	1.42992	1.39186	1.32313	1.24219	1.13439	1.00339	0.877992	0.7654	0.67395	0.592093	0.519582	0.462457	0.437432	0.441297	0.44419	0.436849	0.420261	0.403632	0.405784	0.449677	0.541367	0.654942	0.76529	0.854105	0.900115	0.881008	0.782685	0.621891	0.427249	0.215883	0.00969814	-0.182579	-0.323691	-0.386273	-0.360679	-0.251483	-0.097887	0.0648903	0.208993	0.315564	0.377808	0.408282	0.403768	0.37547	0.325698	0.255298	0.177104	0.0866346	-0.0160588	-0.123615	-0.229974	-0.342192	-0.453792	-0.551076	-0.647427	-0.739253	-0.811983	-0.870916	-0.91568	-0.938865	-0.930702	-0.889348	-0.830037	-0.751938	-0.645842	-0.53106	-0.430085	-0.345649	-0.276296	-0.218322	-0.174306	-0.165908	-0.206493	-0.281476	-0.376562	-0.493277	-0.630407	-0.779597	-0.932435	-1.06798	-1.14698	-1.13947	-1.04722	-0.885446	-0.65559	-0.353541	0	
0	0.196294	0.392095	0.575676	0.745638	0.912192	1.05489	1.17396	1.28431	1.36858	1.41955	1.44999	1.45336	1.42244	1.35787	1.26741	1.17321	1.06131	0.940629	0.832109	0.746399	0.679902	0.623319	0.571957	0.532593	0.521969	0.534631	0.541689	0.53714	0.520627	0.50692	0.509794	0.558754	0.650715	0.76529	0.872818	0.957535	0.998769	0.9706	0.866005	0.697292	0.496257	0.280129	0.065522	-0.131644	-0.27905	-0.349636	-0.330354	-0.233298	-0.0954414	0.0515152	0.174693	0.25698	0.29804	0.301633	0.266877	0.214582	0.145584	0.0609057	-0.029825	-0.129072	-0.231618	-0.335057	-0.43502	-0.534263	-0.628619	-0.709728	-0.78805	-0.855641	-0.899878	-0.926557	-0.93357	-0.914869	-0.864743	-0.786952	-0.700723	-0.606616	-0.497289	-0.392221	-0.309845	-0.247968	-0.201318	-0.163545	-0.136654	-0.142069	-0.191599	-0.270233	-0.365699	-0.481774	-0.618951	-0.770805	-0.929767	-1.07321	-1.15923	-1.1563	-1.06561	-0.902096	-0.667691	-0.359701	0	
0	0.188325	0.379563	0.559644	0.724527	0.887898	1.02784	1.14499	1.25047	1.32095	1.35876	1.36955	1.34914	1.29981	1.22124	1.1289	1.04215	0.948433	0.851043	0.775547	0.718649	0.681752	0.647243	0.614966	0.590742	0.592278	0.611633	0.622477	0.618058	0.603909	0.589658	0.597208	0.64739	0.742305	0.854105	0.957535	1.03627	1.06684	1.02898	0.91097	0.732128	0.521876	0.294664	0.072844	-0.134436	-0.289259	-0.366508	-0.35772	-0.273806	-0.152124	-0.0286233	0.0699364	0.128565	0.143604	0.126782	0.0786333	0.0148308	-0.0646725	-0.156803	-0.247827	-0.341693	-0.438062	-0.53019	-0.614071	-0.699185	-0.77715	-0.835492	-0.886987	-0.923633	-0.932004	-0.918706	-0.884536	-0.827428	-0.745365	-0.646526	-0.551732	-0.459622	-0.36214	-0.277178	-0.218259	-0.178886	-0.15148	-0.12877	-0.113805	-0.128562	-0.183224	-0.262312	-0.35576	-0.469617	-0.606055	-0.760701	-0.926736	-1.07939	-1.17363	-1.17614	-1.08734	-0.921724	-0.681844	-0.366834	0	
0	0.169979	0.338625	0.501228	0.653135	0.798123	0.918158	1.01316	1.09448	1.14192	1.1529	1.14574	1.11484	1.06095	0.99174	0.917832	0.858621	0.795081	0.73321	0.690723	0.666764	0.653308	0.640403	0.621787	0.612302	0.622873	0.64946	0.661199	0.658917	0.644199	0.632576	0.642131	0.696222	0.791807	0.900115	0.998769	1.06684	1.08761	1.03334	0.901795	0.709212	0.48555	0.247677	0.0123391	-0.206006	-0.369884	-0.458391	-0.459512	-0.388397	-0.284529	-0.177355	-0.095492	-0.054578	-0.0507333	-0.078358	-0.136308	-0.20465	-0.284608	-0.369614	-0.452163	-0.537862	-0.620654	-0.698161	-0.768221	-0.832501	-0.881876	-0.910969	-0.930214	-0.927255	-0.894341	-0.843272	-0.776309	-0.693738	-0.596469	-0.495138	-0.408724	-0.331329	-0.253575	-0.191848	-0.155262	-0.134389	-0.120913	-0.107962	-0.1006	-0.121458	-0.178588	-0.25589	-0.345676	-0.456253	-0.591488	-0.749221	-0.923284	-1.08633	-1.18987	-1.19865	-1.11211	-0.944025	-0.697766	-0.374761	0	
0	0.144053	0.287548	0.418387	0.533854	0.644533	0.729251	0.789534	0.836206	0.851677	0.842646	0.821528	0.788815	0.743342	0.693111	0.649585	0.62213	0.593813	0.564602	0.556032	0.558199	0.567718	0.57006	0.566233	0.567617	0.589994	0.620471	0.636108	0.633018	0.621009	0.609782	0.624008	0.680752	0.776552	0.881008	0.9706	1.02898	1.03334	0.962985	0.813526	0.605179	0.368948	0.117208	-0.128607	-0.356039	-0.526333	-0.618759	-0.623194	-0.559826	-0.462908	-0.366163	-0.296059	-0.263161	-0.266073	-0.296891	-0.352573	-0.414811	-0.486842	-0.564274	-0.637335	-0.709085	-0.776641	-0.833678	-0.876161	-0.911659	-0.929411	-0.92146	-0.90083	-0.859361	-0.793377	-0.715975	-0.631067	-0.54077	-0.445982	-0.357087	-0.289369	-0.231955	-0.175083	-0.134529	-0.115901	-0.108189	-0.103448	-0.0959568	-0.0932213	-0.118145	-0.175968	-0.24991	-0.334888	-0.441458	-0.575225	-0.736427	-0.919409	-1.09384	-1.2076	-1.22344	-1.1395	-0.968616	-0.715118	-0.383272	0	
0	0.103242	0.20105	0.293164	0.37056	0.433581	0.473468	0.494299	0.507426	0.498346	0.473395	0.45071	0.424821	0.396083	0.370243	0.355585	0.358536	0.356548	0.35482	0.370022	0.392745	0.416319	0.431392	0.435805	0.449438	0.47837	0.515101	0.530037	0.529032	0.516952	0.50872	0.527194	0.587341	0.684446	0.782685	0.866005	0.91097	0.901795	0.813526	0.647689	0.427	0.17881	-0.0807448	-0.333394	-0.564697	-0.733493	-0.823133	-0.825314	-0.759674	-0.664995	-0.571959	-0.503723	-0.473017	-0.474594	-0.503023	-0.552757	-0.607379	-0.67265	-0.735925	-0.790529	-0.842295	-0.883693	-0.910985	-0.923932	-0.924455	-0.901211	-0.856771	-0.805457	-0.736018	-0.649819	-0.563045	-0.478266	-0.39573	-0.315192	-0.24659	-0.200782	-0.16248	-0.12332	-0.0994597	-0.0936228	-0.0941402	-0.0940154	-0.089025	-0.0892121	-0.117081	-0.174381	-0.243791	-0.323145	-0.425205	-0.557384	-0.72248	-0.91514	-1.10171	-1.2264	-1.25001	-1.16904	-0.995031	-0.7335	-0.392128	0	
0	0.0485847	0.0910699	0.124918	0.149248	0.167682	0.168779	0.159321	0.149069	0.126586	0.100196	0.0841977	0.0738491	0.0611092	0.0582642	0.06792	0.0896996	0.106849	0.120631	0.151374	0.185765	0.216523	0.237954	0.248328	0.268924	0.305296	0.342416	0.358733	0.355807	0.346134	0.339891	0.364339	0.429377	0.527009	0.621891	0.697292	0.732128	0.709212	0.605179	0.427	0.196043	-0.057592	-0.320561	-0.574511	-0.801895	-0.962591	-1.04407	-1.03445	-0.964055	-0.866193	-0.7709	-0.703183	-0.671725	-0.669109	-0.690728	-0.731681	-0.773966	-0.82004	-0.860283	-0.891295	-0.915129	-0.92533	-0.918124	-0.893589	-0.858639	-0.80484	-0.735646	-0.664253	-0.582052	-0.494316	-0.414374	-0.341783	-0.275651	-0.214602	-0.167732	-0.141541	-0.11797	-0.0918508	-0.0800165	-0.0824491	-0.0873943	-0.0890379	-0.0848089	-0.0871911	-0.11745	-0.173287	-0.237234	-0.31038	-0.407602	-0.538193	-0.70762	-0.910534	-1.10968	-1.24577	-1.27776	-1.20012	-1.02271	-0.752447	-0.401061	0	
0	-0.0180335	-0.0409995	-0.0613816	-0.0860775	-0.115142	-0.145968	-0.174898	-0.197913	-0.222266	-0.241465	-0.247254	-0.244183	-0.239873	-0.227792	-0.200526	-0.166276	-0.141009	-0.116061	-0.0774426	-0.0378198	-0.00362904	0.0186906	0.0327894	0.0584417	0.0983278	0.13569	0.149073	0.146019	0.136504	0.134563	0.165394	0.236404	0.335724	0.427249	0.496257	0.521876	0.48555	0.368948	0.17881	-0.057592	-0.314507	-0.577578	-0.828391	-1.04755	-1.19721	-1.2623	-1.24028	-1.15966	-1.05345	-0.955055	-0.883683	-0.845341	-0.83324	-0.845225	-0.866862	-0.884742	-0.908066	-0.921055	-0.921008	-0.911168	-0.885939	-0.84579	-0.794546	-0.736072	-0.661631	-0.581747	-0.508453	-0.429911	-0.352794	-0.288721	-0.234602	-0.187402	-0.145057	-0.116884	-0.105498	-0.0914958	-0.0741231	-0.0705433	-0.0778645	-0.0846331	-0.0862748	-0.0819947	-0.0864989	-0.118858	-0.172379	-0.23008	-0.296631	-0.388854	-0.51798	-0.692164	-0.905661	-1.11744	-1.26512	-1.30598	-1.23203	-1.05097	-0.771437	-0.409784	0	
