0	0	0	0	0	0	0	0	0	0	0	0	0	0	0	0	0	0	0	0	0	0	0	0	0	0	0	0	0	0	0	0	0	0	0	0	0	0	0	0	0	0	0	0	0	0	0	0	0	0	0	0	0	0	0	0	0	0	0	0	0	0	0	0	0	0	0	0	0	0	0	0	0	0	0	0	0	0	0	0	0	0	0	0	0	0	0	0	0	0	0	0	0	0	0	0	0	0	0	0	
0	-0.00158489	-0.00413632	-0.00431302	0.00167979	0.00850144	-0.000539107	-0.000128535	0.000391405	-0.00547783	0.00304896	-0.00909618	-0.00432447	0.00454828	-0.00410874	-0.00522473	0.00185361	0.000867514	0.00406224	-0.00669436	-0.00152148	0.00554526	0.00469448	-0.00509323	-0.00922155	-0.000238496	0.00418769	0.00464809	-0.00293144	-0.0185774	-0.016318	-0.00591237	0.012444	0.0088325	0.00283062	-0.0203843	-0.0491664	-0.0737377	-0.0818648	-0.0638353	-0.0415588	-0.00501908	0.0405552	0.0874696	0.133134	0.14873	0.156863	0.151749	0.133519	0.112479	0.063368	0.00955291	-0.0391485	-0.0817481	-0.0976591	-0.0907336	-0.0842733	-0.0626379	-0.0390562	-0.0330335	-0.0168408	-0.00383194	-0.000714989	0.00174844	-0.00219583	-0.00128968	0.00191205	0.00279256	0.00174594	-0.00172162	0.00344854	0.00546404	-0.00265865	-0.000682049	0.00575107	0.00239811	-0.00364792	-0.00648177	-0.00579478	-0.0111326	-0.0324892	-0.0548569	-0.0659738	-0.0786414	-0.0945617	-0.0960273	-0.0725664	-0.0219951	0.0476911	0.108169	0.136144	0.141056	0.14448	0.151559	0.156415	0.153713	0.136811	0.101275	0.0525882	0	
0	-0.00413632	0.00562221	0.00674947	-0.0085657	-0.00484293	-0.000572487	-0.00349806	-0.00212167	0.000136613	0.0104535	-0.00651593	-0.00217466	0.00808118	-0.00384448	-0.00849324	-0.00301153	0.00164191	-0.00378387	-0.0148781	-0.0109319	0.00305016	0.00103213	-0.0170869	-0.0210759	-0.00629008	0.00192475	0.00395086	-0.0136103	-0.036081	-0.0372337	-0.0107514	0.0148971	0.0142634	-0.00448665	-0.0471001	-0.104055	-0.152606	-0.163929	-0.134104	-0.0848417	-0.0135353	0.0762589	0.175467	0.258037	0.300579	0.313866	0.306483	0.275806	0.226058	0.130547	0.0236013	-0.0846658	-0.165493	-0.198061	-0.195928	-0.165804	-0.121453	-0.0798248	-0.0518323	-0.0230554	-0.0126048	-0.0155102	-0.00269939	0.00484045	0.000703771	0.00050893	0.00692745	0.00428796	-0.00424605	0.00527635	0.0097385	-0.00241967	0.000446278	0.00879739	0.00296943	-0.00578212	-0.0109434	-0.0124919	-0.0250532	-0.0645362	-0.106466	-0.130885	-0.157919	-0.188114	-0.189485	-0.142281	-0.0426413	0.0923621	0.209695	0.267047	0.280858	0.289761	0.304085	0.313798	0.308044	0.273422	0.202031	0.104943	0	
0	-0.00431302	0.00674947	0.00109655	-0.0065754	-0.000470613	0.00260193	-0.0018009	-0.00271749	-0.00119972	-0.0039486	-0.00782728	-0.00150482	0.00298514	-0.00628328	-0.00902071	-0.00111113	0.00268943	-0.00446062	-0.0125122	-0.00885073	0.00566444	0.00272855	-0.0203677	-0.0201507	-0.007598	0.00569673	0.00256269	-0.0189868	-0.0468716	-0.047019	-0.0103498	0.0180264	0.0202627	-0.013389	-0.071026	-0.154398	-0.21786	-0.232119	-0.18955	-0.113871	-0.00830618	0.123847	0.269268	0.382287	0.448681	0.463444	0.449447	0.405937	0.319408	0.187369	0.0273531	-0.128264	-0.238501	-0.287696	-0.284381	-0.239924	-0.179366	-0.124394	-0.0806076	-0.0421125	-0.0248345	-0.0145084	0.00321203	0.0043758	9.75314e-07	0.00214879	0.00421631	0.00379763	0.00297074	0.00900138	0.00713669	-0.00201191	0.00434819	0.0107807	0.00256398	-0.00711131	-0.0139628	-0.0203798	-0.0425116	-0.0955371	-0.152988	-0.194121	-0.237843	-0.279301	-0.277817	-0.206498	-0.0610822	0.13091	0.298686	0.388164	0.418132	0.436398	0.458465	0.472901	0.463133	0.409261	0.301691	0.156915	0	
0	0.00167979	-0.0085657	-0.0065754	0.00520788	0.00427745	-3.5111e-05	-0.00308075	-0.00574042	-0.000583164	-0.00220236	-0.00675555	-0.00443251	-0.00361913	-0.00597911	-0.005853	-0.00375011	-0.00181152	-0.00665056	-0.0112316	-0.00850076	0.00144435	-0.00421494	-0.0216828	-0.0212146	-0.00951274	0.00131124	-0.00467985	-0.0285944	-0.0549489	-0.0509807	-0.013135	0.0161839	0.0140852	-0.029627	-0.105728	-0.204906	-0.27964	-0.29242	-0.23898	-0.136948	0.00218815	0.176505	0.358872	0.503997	0.588529	0.609556	0.590511	0.527719	0.410168	0.237561	0.028178	-0.168259	-0.308746	-0.376189	-0.369098	-0.313585	-0.242766	-0.165892	-0.103652	-0.0619841	-0.0288941	-0.00737363	-0.00290047	-0.00543958	0.000916057	0.00794185	0.00785935	0.0059841	0.00366252	0.0062259	0.00847517	0.00512272	0.00623377	0.00802052	0.00247075	-0.00591453	-0.0157378	-0.0306316	-0.0637124	-0.124501	-0.193748	-0.255584	-0.317725	-0.366309	-0.35845	-0.263011	-0.0773605	0.160244	0.370726	0.496193	0.551539	0.584486	0.615372	0.634008	0.61827	0.543119	0.399553	0.208445	0	
0	0.00850144	-0.00484293	-0.000470613	0.00427745	-0.0086499	-0.00853894	0.00174352	-0.000839157	-0.00191059	-0.00306975	-0.00136394	-0.00133221	-0.00771864	-0.00526405	-0.00495696	-0.00954605	-0.00893265	-0.0116778	-0.0122764	-0.0102359	-0.00983018	-0.0145075	-0.0215942	-0.0210329	-0.0126416	-0.00850123	-0.0157781	-0.0392761	-0.0562065	-0.0494825	-0.0164906	0.0069294	-0.00205905	-0.0563842	-0.148078	-0.255505	-0.333912	-0.343022	-0.278994	-0.151769	0.0210376	0.233051	0.446608	0.618905	0.721416	0.749606	0.726079	0.641394	0.492379	0.279589	0.0254496	-0.208159	-0.377487	-0.460099	-0.452089	-0.384091	-0.297595	-0.202627	-0.123642	-0.0777896	-0.0391109	-0.0156736	-0.0109135	0.000137795	0.0101433	0.00692401	0.00232113	0.00689265	0.0107336	0.00700709	0.00685578	0.0102254	0.00890637	0.00545536	0.00199513	-0.00400582	-0.0170007	-0.0432853	-0.0872351	-0.150662	-0.229888	-0.31556	-0.39586	-0.446784	-0.428994	-0.310463	-0.0925737	0.177719	0.423484	0.589331	0.679617	0.733508	0.775027	0.796649	0.77171	0.673079	0.494672	0.259423	0	
0	-0.000539107	-0.000572487	0.00260193	-3.5111e-05	-0.00853894	-0.00457959	0.00292237	-0.0017935	-0.00811905	-0.0103403	0.00401824	-0.00583877	-0.0130271	-0.00244382	-0.00341768	-0.00867634	-0.0130474	-0.0101757	-0.00565894	-0.00868765	-0.0183882	-0.0195444	-0.0164994	-0.0155199	-0.0182433	-0.0183113	-0.0313552	-0.0451252	-0.0525567	-0.0428196	-0.0223907	-0.0100544	-0.0272249	-0.0930868	-0.192513	-0.30074	-0.37263	-0.375424	-0.299129	-0.146948	0.0588606	0.30137	0.53996	0.730718	0.847221	0.882274	0.843715	0.739983	0.55111	0.304394	0.0156196	-0.247284	-0.436758	-0.527545	-0.52125	-0.450448	-0.345671	-0.242838	-0.154897	-0.0918868	-0.0476475	-0.0234424	-0.0112796	0.00506132	0.0100374	0.00374946	0.00212654	0.0114583	0.0161851	0.00522277	0.00553854	0.0160872	0.0110462	0.00286597	0.00255636	-0.00187678	-0.0202172	-0.0580453	-0.109868	-0.173925	-0.264288	-0.374186	-0.469452	-0.518069	-0.487653	-0.348737	-0.108639	0.181828	0.457063	0.667226	0.800759	0.882246	0.936851	0.959305	0.920726	0.796648	0.585726	0.309429	0	
0	-0.000128535	-0.00349806	-0.0018009	-0.00308075	0.00174352	0.00292237	-0.00312696	-0.0087021	-0.0110539	-0.00343029	0.00114055	-0.0149047	-0.0147022	0.00166622	-0.00532629	-0.012061	-0.016261	-0.00894731	-0.00109184	-0.0137666	-0.0267005	-0.023578	-0.00959079	-0.0141763	-0.0249343	-0.0324366	-0.045413	-0.0469217	-0.0434407	-0.0343404	-0.0332353	-0.0330626	-0.0649064	-0.136108	-0.241099	-0.337541	-0.399109	-0.392031	-0.30175	-0.127911	0.10963	0.373745	0.629851	0.835337	0.961692	1.00273	0.950206	0.818816	0.599215	0.315646	0.00203415	-0.282091	-0.489838	-0.585228	-0.583114	-0.507423	-0.393853	-0.283619	-0.183154	-0.111355	-0.0575474	-0.022685	-0.00837916	0.00205757	0.00219914	0.00381978	0.0122727	0.0163392	0.0108451	0.00257541	0.012736	0.0219791	0.00824047	0.000871807	0.0058989	-0.000709186	-0.0269014	-0.0731263	-0.129124	-0.195948	-0.299883	-0.430486	-0.535213	-0.577856	-0.53367	-0.379098	-0.127629	0.172957	0.473958	0.730684	0.913263	1.02871	1.09901	1.11917	1.06188	0.911036	0.670866	0.35742	0	
0	0.000391405	-0.00212167	-0.00271749	-0.00574042	-0.000839157	-0.0017935	-0.0087021	-0.00171206	0.000477813	-0.00278867	-0.00731046	-0.0112985	-0.00869835	-0.00485856	-0.0131212	-0.0196054	-0.0186027	-0.0111519	-0.00759791	-0.0226181	-0.0353101	-0.0231115	-0.00740972	-0.0170584	-0.0336675	-0.0482142	-0.0541494	-0.044849	-0.0302441	-0.0308955	-0.0480855	-0.066984	-0.111431	-0.18884	-0.287785	-0.368736	-0.412447	-0.394852	-0.288721	-0.0943927	0.167087	0.447451	0.712616	0.928301	1.06512	1.10565	1.04309	0.880898	0.63396	0.32209	-0.0106811	-0.312057	-0.530894	-0.638888	-0.642808	-0.561195	-0.443326	-0.319037	-0.203672	-0.123685	-0.0699317	-0.0325651	-0.0100667	-0.000935191	0.00249788	0.0130462	0.014434	0.00817659	0.0106402	0.0134484	0.0171064	0.0166739	0.00736129	0.00646871	0.00847723	-0.00472598	-0.0357101	-0.0851217	-0.1446	-0.219734	-0.338307	-0.482301	-0.59011	-0.624749	-0.567752	-0.40396	-0.150765	0.153877	0.478554	0.781279	1.01547	1.17007	1.25801	1.27208	1.19146	1.01346	0.74762	0.40151	0	
0	-0.00547783	0.000136613	-0.00119972	-0.000583164	-0.00191059	-0.00811905	-0.0110539	0.000477813	-0.0026799	-0.0113357	-0.00776005	-0.00682376	-0.00456219	-0.0111829	-0.0117035	-0.015449	-0.0133287	-0.0110881	-0.013613	-0.0284248	-0.0340535	-0.0219742	-0.0106146	-0.0263979	-0.0463459	-0.0646084	-0.0607278	-0.0422806	-0.0238013	-0.0390313	-0.0738769	-0.114105	-0.16945	-0.247452	-0.331408	-0.388042	-0.412329	-0.374686	-0.25446	-0.036433	0.239808	0.530758	0.799684	1.02018	1.16121	1.19881	1.11398	0.924818	0.646322	0.311261	-0.0301522	-0.343087	-0.565265	-0.679455	-0.686107	-0.608037	-0.483502	-0.351452	-0.234523	-0.138854	-0.0779956	-0.0396407	-0.0155299	-0.00488076	0.00804125	0.0169867	0.0109514	0.00803905	0.0163025	0.0191333	0.0150055	0.0128292	0.0126796	0.0128852	0.0068699	-0.0115154	-0.0439563	-0.0933254	-0.158093	-0.247626	-0.379037	-0.52685	-0.632124	-0.658855	-0.592233	-0.426073	-0.17736	0.129647	0.476257	0.821029	1.10596	1.30253	1.40843	1.41268	1.30583	1.10137	0.812917	0.438992	0	
0	0.00304896	0.0104535	-0.0039486	-0.00220236	-0.00306975	-0.0103403	-0.00343029	-0.00278867	-0.0113357	-0.0159765	-0.010551	-0.00531145	-0.00694226	-0.0170877	-0.0139817	-0.00943728	-0.0123714	-0.013694	-0.0223685	-0.0278093	-0.0257973	-0.0202903	-0.0172006	-0.0347199	-0.0557881	-0.0699898	-0.0581349	-0.0326199	-0.0231418	-0.0505324	-0.106354	-0.163328	-0.230712	-0.299296	-0.362078	-0.391266	-0.391483	-0.33404	-0.194652	0.037388	0.322082	0.6144	0.879957	1.10249	1.23976	1.26916	1.16248	0.944264	0.642644	0.294036	-0.0542026	-0.364473	-0.591054	-0.710462	-0.717374	-0.645396	-0.517541	-0.382593	-0.262632	-0.162565	-0.0973975	-0.0444511	-0.0131722	-0.00016088	0.0117085	0.0107907	0.00818945	0.0130581	0.0204233	0.0221356	0.013544	0.0122301	0.0195343	0.0165661	0.0023847	-0.0184769	-0.0497923	-0.0983074	-0.172971	-0.280783	-0.419001	-0.561273	-0.661197	-0.682309	-0.610545	-0.447167	-0.204228	0.106763	0.472506	0.852234	1.1836	1.42123	1.54305	1.53484	1.4017	1.17239	0.86331	0.466704	0	
0	-0.00909618	-0.00651593	-0.00782728	-0.00675555	-0.00136394	0.00401824	0.00114055	-0.00731046	-0.00776005	-0.010551	-0.00920444	-0.00468979	-0.0181834	-0.0275262	-0.0166711	-0.0123551	-0.0191133	-0.027092	-0.0332288	-0.024559	-0.0216983	-0.0245525	-0.0317402	-0.0439583	-0.0627523	-0.0673542	-0.0493719	-0.0274549	-0.031443	-0.0738992	-0.144565	-0.220545	-0.289896	-0.346314	-0.378225	-0.383184	-0.354142	-0.276474	-0.118436	0.120656	0.403361	0.690827	0.94946	1.16645	1.29901	1.31113	1.18732	0.944929	0.628583	0.278561	-0.0677564	-0.372887	-0.600676	-0.728991	-0.749529	-0.68344	-0.560608	-0.42152	-0.286695	-0.17565	-0.101026	-0.0483164	-0.0177328	-0.00156562	0.00356312	0.00679965	0.0182054	0.0200564	0.0207597	0.0213572	0.0110986	0.0161585	0.0280457	0.0162888	-0.00453503	-0.0233604	-0.0515273	-0.102887	-0.193239	-0.317104	-0.453056	-0.584543	-0.680003	-0.698739	-0.625849	-0.466769	-0.226028	0.0918132	0.472022	0.877377	1.2474	1.52034	1.65359	1.63224	1.47596	1.22417	0.895418	0.481733	0	
0	-0.00432447	-0.00217466	-0.00150482	-0.00443251	-0.00133221	-0.00583877	-0.0149047	-0.0112985	-0.00682376	-0.00531145	-0.00468979	-0.00735758	-0.021373	-0.0181316	-0.0060958	-0.0122269	-0.0238665	-0.0354708	-0.0335247	-0.0201167	-0.0231826	-0.039879	-0.0515162	-0.058928	-0.0689067	-0.065892	-0.046994	-0.0409185	-0.0600328	-0.116942	-0.198698	-0.288078	-0.352029	-0.386306	-0.386991	-0.36247	-0.303722	-0.199547	-0.024685	0.214914	0.49291	0.769135	1.02264	1.22811	1.34892	1.34127	1.1959	0.932394	0.606637	0.253231	-0.0863845	-0.384932	-0.615293	-0.744963	-0.772379	-0.711878	-0.588678	-0.444292	-0.309463	-0.194357	-0.11082	-0.0583567	-0.0261807	-0.00719962	0.0043846	0.0166235	0.0237603	0.0191017	0.0181669	0.0182765	0.0166271	0.0272699	0.0285746	0.00878878	-0.00723535	-0.0215583	-0.0520955	-0.11337	-0.21929	-0.34991	-0.477255	-0.599406	-0.693047	-0.711712	-0.639661	-0.481812	-0.236445	0.0901212	0.478387	0.898888	1.29619	1.59348	1.73181	1.699	1.52537	1.25408	0.906537	0.482259	0	
0	0.00454828	0.00808118	0.00298514	-0.00361913	-0.00771864	-0.0130271	-0.0147022	-0.00869835	-0.00456219	-0.00694226	-0.0181834	-0.021373	-0.0145218	-0.00958699	-0.0109039	-0.0210339	-0.0289318	-0.0333014	-0.0269494	-0.0141824	-0.0279209	-0.0517888	-0.0626641	-0.0619002	-0.0614768	-0.053039	-0.0454814	-0.0590867	-0.0958836	-0.161529	-0.253086	-0.344768	-0.395989	-0.402027	-0.372061	-0.317437	-0.227227	-0.0975331	0.0873975	0.31973	0.582743	0.845678	1.08395	1.27311	1.37092	1.3406	1.17523	0.899046	0.571689	0.226451	-0.100607	-0.389078	-0.614067	-0.750426	-0.783929	-0.73073	-0.614627	-0.46796	-0.333534	-0.215531	-0.129409	-0.072504	-0.0274289	-0.00258686	0.0111959	0.020686	0.0201211	0.0148872	0.0155618	0.0245088	0.0316383	0.0286868	0.0172992	0.00715412	-0.000204281	-0.0186884	-0.0581173	-0.13105	-0.245167	-0.373002	-0.492709	-0.611049	-0.704344	-0.723572	-0.651096	-0.487074	-0.229817	0.104776	0.493895	0.918626	1.32819	1.63463	1.77093	1.73005	1.54604	1.25907	0.895259	0.46824	0	
0	-0.00410874	-0.00384448	-0.00628328	-0.00597911	-0.00526405	-0.00244382	0.00166622	-0.00485856	-0.0111829	-0.0170877	-0.0275262	-0.0181316	-0.00958699	-0.0188547	-0.0273415	-0.0304478	-0.0308431	-0.0312928	-0.0230127	-0.0200403	-0.0408046	-0.0632239	-0.0686586	-0.0586735	-0.0486575	-0.0438587	-0.0551613	-0.0910388	-0.140931	-0.21422	-0.307441	-0.392023	-0.421328	-0.398708	-0.339056	-0.253334	-0.13263	0.0198937	0.20538	0.424336	0.666867	0.912045	1.13159	1.29435	1.36688	1.31117	1.13274	0.853945	0.533681	0.204839	-0.104426	-0.380712	-0.601087	-0.742528	-0.790979	-0.74913	-0.643345	-0.502776	-0.362131	-0.235253	-0.138449	-0.0718253	-0.0258359	-0.00111865	0.00991325	0.0110645	0.0149132	0.0217066	0.0254596	0.0343124	0.0323451	0.0173241	0.0152358	0.0184661	0.00611105	-0.0219866	-0.0698186	-0.151154	-0.263959	-0.385373	-0.504591	-0.624016	-0.716327	-0.734846	-0.656404	-0.476444	-0.20286	0.136278	0.519471	0.937126	1.34094	1.63931	1.76685	1.72135	1.53329	1.2359	0.861826	0.441567	0	
0	-0.00522473	-0.00849324	-0.00902071	-0.005853	-0.00495696	-0.00341768	-0.00532629	-0.0131212	-0.0117035	-0.0139817	-0.0166711	-0.0060958	-0.0109039	-0.0273415	-0.0328397	-0.0312469	-0.0310094	-0.029412	-0.0292082	-0.0408274	-0.060868	-0.0747982	-0.0753529	-0.0568649	-0.0459514	-0.0530085	-0.089304	-0.142266	-0.20321	-0.279129	-0.365295	-0.431046	-0.433545	-0.383712	-0.294095	-0.177499	-0.0265458	0.140345	0.321995	0.521474	0.744497	0.968798	1.16614	1.29934	1.34357	1.26881	1.08283	0.811294	0.502061	0.191698	-0.104884	-0.371134	-0.591862	-0.741856	-0.799146	-0.768382	-0.666858	-0.523338	-0.379433	-0.248504	-0.145874	-0.077887	-0.0335021	-0.00917057	0.00421091	0.0137927	0.0243837	0.0293583	0.0290703	0.0327296	0.025967	0.0175297	0.0257892	0.0259316	0.00546894	-0.02773	-0.0842744	-0.168258	-0.271951	-0.391364	-0.518724	-0.640571	-0.729758	-0.743301	-0.649289	-0.445198	-0.155837	0.182947	0.554449	0.952864	1.33172	1.60582	1.71864	1.6699	1.48216	1.18177	0.808017	0.405488	0	
0	0.00185361	-0.00301153	-0.00111113	-0.00375011	-0.00954605	-0.00867634	-0.012061	-0.0196054	-0.015449	-0.00943728	-0.0123551	-0.0122269	-0.0210339	-0.0304478	-0.0312469	-0.0298709	-0.0237902	-0.025294	-0.041122	-0.0589713	-0.0672638	-0.072678	-0.0687096	-0.0498491	-0.045845	-0.075237	-0.132604	-0.198599	-0.26642	-0.338256	-0.406623	-0.44313	-0.419269	-0.341497	-0.223574	-0.0741693	0.0991024	0.27365	0.442916	0.621891	0.820505	1.02019	1.18522	1.28391	1.29644	1.2051	1.01915	0.758495	0.468501	0.17622	-0.103463	-0.35947	-0.577529	-0.7326	-0.799901	-0.77644	-0.683724	-0.541557	-0.395487	-0.266018	-0.159998	-0.0898489	-0.0415729	-0.00962729	0.00734611	0.0188919	0.0297006	0.0328988	0.0280039	0.0271227	0.0272472	0.028466	0.0334228	0.0268702	0.00392874	-0.0365116	-0.0990064	-0.174844	-0.270749	-0.399332	-0.538605	-0.660375	-0.74306	-0.743215	-0.623103	-0.392484	-0.0923173	0.241704	0.595979	0.961993	1.29848	1.53581	1.62819	1.57396	1.38872	1.09519	0.73646	0.36338	0	
0	0.000867514	0.00164191	0.00268943	-0.00181152	-0.00893265	-0.0130474	-0.016261	-0.0186027	-0.0133287	-0.0123714	-0.0191133	-0.0238665	-0.0289318	-0.0308431	-0.0310094	-0.0237902	-0.0184353	-0.0350823	-0.0598936	-0.0684014	-0.0643057	-0.0633986	-0.0607031	-0.047274	-0.0628945	-0.11415	-0.186524	-0.260021	-0.328943	-0.38822	-0.426367	-0.431845	-0.380448	-0.278449	-0.129204	0.045901	0.234692	0.405251	0.559636	0.714879	0.887647	1.05444	1.18338	1.2422	1.2284	1.12549	0.947069	0.705779	0.435651	0.165783	-0.0980839	-0.342746	-0.557358	-0.715128	-0.793061	-0.780962	-0.69608	-0.56306	-0.418152	-0.283974	-0.174222	-0.098739	-0.0446454	-0.00850709	0.0132839	0.0249327	0.0290753	0.0295731	0.0260156	0.0291596	0.0370389	0.0377966	0.0357093	0.0266223	-0.00138348	-0.0477634	-0.103134	-0.168922	-0.271212	-0.41579	-0.562709	-0.681022	-0.751447	-0.726657	-0.5745	-0.322181	-0.0175022	0.308315	0.638341	0.959117	1.24106	1.43383	1.49928	1.43371	1.25185	0.976819	0.649571	0.317323	0	
0	0.00406224	-0.00378387	-0.00446062	-0.00665056	-0.0116778	-0.0101757	-0.00894731	-0.0111519	-0.0110881	-0.013694	-0.027092	-0.0354708	-0.0333014	-0.0312928	-0.029412	-0.025294	-0.0350823	-0.0604906	-0.0745698	-0.0711947	-0.0583384	-0.0575366	-0.056509	-0.0620917	-0.0999152	-0.167292	-0.246179	-0.321261	-0.384106	-0.417766	-0.421712	-0.394186	-0.32029	-0.190647	-0.0166294	0.179098	0.367871	0.529446	0.663369	0.7944	0.934977	1.06333	1.15033	1.17438	1.13777	1.03747	0.873512	0.659127	0.414953	0.165005	-0.0819385	-0.319265	-0.533313	-0.698122	-0.786692	-0.786621	-0.712316	-0.582032	-0.437849	-0.303699	-0.185955	-0.101321	-0.0427128	-0.00508122	0.014271	0.0222852	0.0260889	0.0295579	0.0293192	0.0366362	0.0474543	0.0441806	0.0350389	0.0203091	-0.00979433	-0.0473173	-0.0917405	-0.163879	-0.283503	-0.438329	-0.586883	-0.698547	-0.746653	-0.687397	-0.506167	-0.241044	0.0633437	0.376546	0.673085	0.939161	1.16161	1.30573	1.3366	1.25236	1.07494	0.829706	0.548604	0.267158	0	
0	-0.00669436	-0.0148781	-0.0125122	-0.0112316	-0.0122764	-0.00565894	-0.00109184	-0.00759791	-0.013613	-0.0223685	-0.0332288	-0.0335247	-0.0269494	-0.0230127	-0.0292082	-0.041122	-0.0598936	-0.0745698	-0.0761265	-0.067536	-0.0565343	-0.0550758	-0.0702873	-0.101763	-0.159424	-0.232892	-0.312535	-0.383255	-0.427829	-0.428128	-0.396115	-0.339667	-0.241081	-0.0863491	0.109664	0.311609	0.494716	0.64034	0.756158	0.859954	0.964108	1.05032	1.09595	1.09007	1.04301	0.949096	0.809516	0.621363	0.401448	0.172021	-0.0641382	-0.2949	-0.509079	-0.681774	-0.78339	-0.793748	-0.728526	-0.603506	-0.452529	-0.311387	-0.19039	-0.103278	-0.0447597	-0.00741558	0.0110664	0.0181201	0.0241956	0.0343379	0.0409086	0.0485178	0.0531291	0.0416368	0.0269199	0.014475	-0.00390209	-0.0307736	-0.0816677	-0.17281	-0.303809	-0.460524	-0.608125	-0.705321	-0.719692	-0.62585	-0.425867	-0.155549	0.144514	0.437189	0.690984	0.899434	1.06375	1.15669	1.14558	1.03734	0.866398	0.658984	0.43343	0.210656	0	
0	-0.00152148	-0.0109319	-0.00885073	-0.00850076	-0.0102359	-0.00868765	-0.0137666	-0.0226181	-0.0284248	-0.0278093	-0.024559	-0.0201167	-0.0141824	-0.0200403	-0.0408274	-0.0589713	-0.0684014	-0.0711947	-0.067536	-0.0643602	-0.0529665	-0.0648999	-0.105217	-0.162236	-0.227853	-0.300586	-0.375822	-0.431813	-0.446537	-0.411128	-0.346272	-0.262778	-0.13854	0.0385502	0.244759	0.4439	0.612047	0.743232	0.837182	0.911181	0.974037	1.01533	1.02541	0.998168	0.948577	0.87185	0.754099	0.594426	0.394089	0.177088	-0.0499161	-0.278995	-0.495178	-0.670774	-0.778151	-0.79599	-0.732829	-0.609298	-0.461926	-0.321087	-0.1968	-0.108791	-0.0527016	-0.0163922	0.00534671	0.0204214	0.0345958	0.0486133	0.0519944	0.0494364	0.0461865	0.0345529	0.0258121	0.0250195	0.0156361	-0.0176015	-0.086455	-0.190275	-0.323723	-0.480221	-0.620127	-0.690164	-0.668036	-0.550235	-0.34177	-0.0708992	0.217714	0.479082	0.685328	0.840211	0.950512	0.990333	0.933294	0.80062	0.63857	0.471116	0.303468	0.144955	0	
0	0.00554526	0.00305016	0.00566444	0.00144435	-0.00983018	-0.0183882	-0.0267005	-0.0353101	-0.0340535	-0.0257973	-0.0216983	-0.0231826	-0.0279209	-0.0408046	-0.060868	-0.0672638	-0.0643057	-0.0583384	-0.0565343	-0.0529665	-0.0535726	-0.0883508	-0.154139	-0.222863	-0.287317	-0.355244	-0.417469	-0.445487	-0.425635	-0.356284	-0.26439	-0.151615	-0.00477778	0.186838	0.390469	0.576239	0.727821	0.839315	0.909031	0.944083	0.960164	0.957638	0.934558	0.895681	0.849445	0.790309	0.699019	0.561943	0.382877	0.181001	-0.0372195	-0.258476	-0.471546	-0.650915	-0.764266	-0.788941	-0.735281	-0.61773	-0.470153	-0.332686	-0.213602	-0.124685	-0.0618742	-0.0161559	0.0143479	0.0348046	0.0471151	0.0532146	0.0481465	0.0407176	0.040966	0.0396924	0.0411628	0.0449478	0.0290148	-0.0190561	-0.099241	-0.207309	-0.341755	-0.492009	-0.61012	-0.647741	-0.599868	-0.470689	-0.259161	0.00605911	0.271366	0.492973	0.654162	0.762981	0.822742	0.809632	0.709429	0.557267	0.405232	0.27332	0.159659	0.0687719	0	
0	0.00469448	0.00103213	0.00272855	-0.00421494	-0.0145075	-0.0195444	-0.023578	-0.0231115	-0.0219742	-0.0202903	-0.0245525	-0.039879	-0.0517888	-0.0632239	-0.0747982	-0.072678	-0.0633986	-0.0575366	-0.0550758	-0.0648999	-0.0883508	-0.147268	-0.223276	-0.291403	-0.350392	-0.405705	-0.440756	-0.432875	-0.378198	-0.282613	-0.161993	-0.0238958	0.141368	0.331851	0.522362	0.688928	0.820148	0.910227	0.946131	0.939125	0.9079	0.86773	0.826307	0.785148	0.754257	0.719183	0.653282	0.543334	0.381921	0.192875	-0.014962	-0.232953	-0.445209	-0.625639	-0.748199	-0.784295	-0.739583	-0.633732	-0.493414	-0.353504	-0.225023	-0.125241	-0.055519	-0.00509047	0.0264806	0.0409031	0.0443081	0.045763	0.0418965	0.0401357	0.0505561	0.0584402	0.0605335	0.0566454	0.029589	-0.0274261	-0.11257	-0.223196	-0.35205	-0.481449	-0.57083	-0.586326	-0.527184	-0.393028	-0.183574	0.0639646	0.294389	0.475509	0.599062	0.667781	0.67976	0.619315	0.486207	0.322457	0.178929	0.0736542	0.00664479	-0.0156225	0	
0	-0.00509323	-0.0170869	-0.0203677	-0.0216828	-0.0215942	-0.0164994	-0.00959079	-0.00740972	-0.0106146	-0.0172006	-0.0317402	-0.0515162	-0.0626641	-0.0686586	-0.0753529	-0.0687096	-0.0607031	-0.056509	-0.0702873	-0.105217	-0.154139	-0.223276	-0.297755	-0.362364	-0.410261	-0.440453	-0.438631	-0.394192	-0.312809	-0.190703	-0.0447609	0.117139	0.285405	0.465531	0.634621	0.781467	0.891474	0.952962	0.952655	0.900183	0.83001	0.764753	0.716205	0.687459	0.675515	0.667301	0.627806	0.538528	0.394493	0.214994	0.0100251	-0.206622	-0.423743	-0.614808	-0.746351	-0.79262	-0.755091	-0.647662	-0.500868	-0.355655	-0.22365	-0.119396	-0.0470758	-0.000249029	0.0244912	0.0349388	0.0374937	0.0420555	0.0469316	0.0542175	0.0692311	0.0761422	0.0714953	0.0584874	0.0237422	-0.0385632	-0.125622	-0.229796	-0.338388	-0.440581	-0.511249	-0.519542	-0.456346	-0.321766	-0.126044	0.0901619	0.282057	0.42899	0.521255	0.552724	0.522517	0.427513	0.276197	0.108104	-0.0304783	-0.118331	-0.146056	-0.101774	0	
0	-0.00922155	-0.0210759	-0.0201507	-0.0212146	-0.0210329	-0.0155199	-0.0141763	-0.0170584	-0.0263979	-0.0347199	-0.0439583	-0.058928	-0.0619002	-0.0586735	-0.0568649	-0.0498491	-0.047274	-0.0620917	-0.101763	-0.162236	-0.222863	-0.291403	-0.362364	-0.418392	-0.4437	-0.437594	-0.398199	-0.325271	-0.218944	-0.0726299	0.0981754	0.269153	0.430875	0.589968	0.738716	0.864393	0.948975	0.977801	0.93545	0.845006	0.744148	0.667485	0.624046	0.610241	0.620572	0.632711	0.61129	0.536783	0.39968	0.223296	0.0205255	-0.198405	-0.41593	-0.606668	-0.742544	-0.790511	-0.753486	-0.649113	-0.501856	-0.353628	-0.219301	-0.11678	-0.0505963	-0.00702334	0.0175838	0.0294782	0.0384547	0.0525225	0.0635806	0.0714434	0.0845024	0.087329	0.0746075	0.0526762	0.0124731	-0.0492584	-0.126217	-0.209753	-0.293961	-0.379771	-0.446073	-0.454031	-0.391192	-0.267787	-0.100651	0.0784495	0.237161	0.35644	0.41944	0.41716	0.356702	0.244695	0.0890472	-0.0788634	-0.215398	-0.291131	-0.28489	-0.18025	0	
0	-0.000238496	-0.00629008	-0.007598	-0.00951274	-0.0126416	-0.0182433	-0.0249343	-0.0336675	-0.0463459	-0.0557881	-0.0627523	-0.0689067	-0.0614768	-0.0486575	-0.0459514	-0.045845	-0.0628945	-0.0999152	-0.159424	-0.227853	-0.287317	-0.350392	-0.410261	-0.4437	-0.432591	-0.388236	-0.318309	-0.220492	-0.0902419	0.0798258	0.262088	0.429783	0.571631	0.708788	0.833818	0.934343	0.985459	0.972462	0.890096	0.764535	0.646655	0.56703	0.534497	0.539399	0.567247	0.598093	0.591448	0.528145	0.400188	0.229341	0.0289635	-0.185641	-0.402637	-0.594877	-0.730347	-0.782032	-0.747055	-0.643315	-0.498812	-0.354785	-0.226524	-0.126298	-0.0583727	-0.0132744	0.0162224	0.0369611	0.0513938	0.0671804	0.0804306	0.0878711	0.0951331	0.0888715	0.0667862	0.0401571	0.00439975	-0.0426199	-0.0975003	-0.159625	-0.231068	-0.313731	-0.381626	-0.393511	-0.342949	-0.246404	-0.114864	0.0318391	0.164254	0.257598	0.29258	0.265932	0.192559	0.0801583	-0.0706279	-0.2355	-0.368903	-0.431972	-0.395231	-0.241316	0	
0	0.00418769	0.00192475	0.00569673	0.00131124	-0.00850123	-0.0183113	-0.0324366	-0.0482142	-0.0646084	-0.0699898	-0.0673542	-0.065892	-0.053039	-0.0438587	-0.0530085	-0.075237	-0.11415	-0.167292	-0.232892	-0.300586	-0.355244	-0.405705	-0.440453	-0.437594	-0.388236	-0.312573	-0.217206	-0.0946431	0.0591226	0.242072	0.421887	0.572358	0.691962	0.804889	0.904489	0.972127	0.982053	0.927621	0.808735	0.663996	0.539362	0.469663	0.453455	0.477558	0.523979	0.569604	0.575819	0.52309	0.402609	0.236989	0.0427017	-0.169751	-0.383282	-0.574206	-0.713925	-0.769704	-0.742	-0.646311	-0.506322	-0.364736	-0.23518	-0.132585	-0.0621304	-0.0104886	0.0250701	0.0492049	0.0683207	0.087355	0.0970467	0.0947364	0.0913345	0.0777613	0.0545197	0.0364911	0.0192272	-0.00510313	-0.0410164	-0.0933847	-0.16314	-0.247843	-0.322222	-0.350362	-0.327963	-0.26575	-0.165416	-0.0440148	0.0638771	0.131265	0.145265	0.110074	0.0408555	-0.0611693	-0.202333	-0.359867	-0.483601	-0.529088	-0.465432	-0.277928	0	
0	0.00464809	0.00395086	0.00256269	-0.00467985	-0.0157781	-0.0313552	-0.045413	-0.0541494	-0.0607278	-0.0581349	-0.0493719	-0.046994	-0.0454814	-0.0551613	-0.089304	-0.132604	-0.186524	-0.246179	-0.312535	-0.375822	-0.417469	-0.440756	-0.438631	-0.398199	-0.318309	-0.217206	-0.0965938	0.049769	0.217785	0.398402	0.561906	0.690336	0.786533	0.874241	0.941827	0.969216	0.936621	0.844332	0.704195	0.551671	0.436588	0.382704	0.387854	0.431759	0.494706	0.554408	0.571761	0.527857	0.413982	0.253318	0.0601037	-0.150276	-0.365908	-0.560705	-0.704187	-0.767018	-0.743432	-0.651926	-0.514998	-0.372522	-0.242073	-0.134665	-0.056474	0.000900179	0.0429322	0.0721101	0.0878633	0.0973852	0.0974069	0.0862428	0.0775145	0.0675068	0.0579498	0.0605135	0.0647741	0.0566532	0.0288911	-0.0220507	-0.0946329	-0.18798	-0.282188	-0.341709	-0.354181	-0.321972	-0.24593	-0.148175	-0.0654046	-0.0181666	-0.0105717	-0.0376526	-0.0916999	-0.178674	-0.306208	-0.448396	-0.552317	-0.574922	-0.4903	-0.287793	0	
0	-0.00293144	-0.0136103	-0.0189868	-0.0285944	-0.0392761	-0.0451252	-0.0469217	-0.044849	-0.0422806	-0.0326199	-0.0274549	-0.0409185	-0.0590867	-0.0910388	-0.142266	-0.198599	-0.260021	-0.321261	-0.383255	-0.431813	-0.445487	-0.432875	-0.394192	-0.325271	-0.220492	-0.0946431	0.049769	0.211086	0.377172	0.542027	0.682727	0.789038	0.860847	0.918583	0.946793	0.931812	0.859915	0.7438	0.594472	0.450726	0.351161	0.31942	0.344017	0.405633	0.481304	0.551055	0.575473	0.536919	0.426873	0.266757	0.0751356	-0.137554	-0.355001	-0.553299	-0.702347	-0.769636	-0.751357	-0.6606	-0.521306	-0.375519	-0.237039	-0.121358	-0.0373069	0.0241733	0.0635219	0.0840312	0.0909606	0.0918228	0.0841536	0.0717658	0.0724426	0.0805408	0.0917717	0.112766	0.130408	0.129858	0.104404	0.0500464	-0.0343364	-0.150953	-0.278782	-0.374301	-0.416772	-0.40834	-0.355514	-0.282328	-0.21927	-0.178	-0.160437	-0.168644	-0.203427	-0.272562	-0.379639	-0.495712	-0.570555	-0.568818	-0.472522	-0.273708	0	
0	-0.0185774	-0.036081	-0.0468716	-0.0549489	-0.0562065	-0.0525567	-0.0434407	-0.0302441	-0.0238013	-0.0231418	-0.031443	-0.0600328	-0.0958836	-0.140931	-0.20321	-0.26642	-0.328943	-0.384106	-0.427829	-0.446537	-0.425635	-0.378198	-0.312809	-0.218944	-0.0902419	0.0591226	0.217785	0.377172	0.527655	0.668955	0.787295	0.869384	0.912866	0.931931	0.917973	0.862195	0.763991	0.636379	0.494352	0.366439	0.289738	0.278407	0.321815	0.396113	0.481558	0.556198	0.584131	0.546646	0.435226	0.274308	0.0783913	-0.136713	-0.35748	-0.558303	-0.708362	-0.775358	-0.752744	-0.658884	-0.513651	-0.358601	-0.215614	-0.0985402	-0.0166134	0.0373056	0.0681951	0.0800451	0.0777583	0.0751578	0.0744838	0.0769971	0.0959957	0.122386	0.149202	0.181982	0.207341	0.209458	0.179309	0.109753	-0.00146308	-0.152977	-0.316463	-0.44214	-0.509179	-0.524453	-0.495999	-0.441839	-0.384189	-0.332409	-0.294308	-0.280281	-0.294148	-0.339918	-0.416762	-0.497242	-0.539281	-0.517791	-0.42154	-0.242248	0	
0	-0.016318	-0.0372337	-0.047019	-0.0509807	-0.0494825	-0.0428196	-0.0343404	-0.0308955	-0.0390313	-0.0505324	-0.0738992	-0.116942	-0.161529	-0.21422	-0.279129	-0.338256	-0.38822	-0.417766	-0.428128	-0.411128	-0.356284	-0.282613	-0.190703	-0.0726299	0.0798258	0.242072	0.398402	0.542027	0.668955	0.787788	0.881359	0.935897	0.940989	0.918256	0.861714	0.777205	0.663925	0.540385	0.411904	0.305197	0.248075	0.254245	0.308902	0.391387	0.479123	0.555718	0.582104	0.542931	0.430658	0.266623	0.071127	-0.144247	-0.363511	-0.561143	-0.705963	-0.767072	-0.739212	-0.636784	-0.487513	-0.335237	-0.195667	-0.0848834	-0.0121156	0.0325261	0.0546234	0.0630206	0.0665116	0.076096	0.0903966	0.109156	0.144205	0.184906	0.223207	0.263423	0.290137	0.284703	0.235745	0.13673	-0.0096943	-0.195423	-0.388232	-0.539537	-0.631899	-0.67202	-0.661846	-0.612059	-0.543278	-0.470512	-0.409058	-0.372173	-0.360578	-0.373872	-0.411482	-0.452858	-0.466219	-0.434894	-0.350536	-0.20155	0	
0	-0.00591237	-0.0107514	-0.0103498	-0.013135	-0.0164906	-0.0223907	-0.0332353	-0.0480855	-0.0738769	-0.106354	-0.144565	-0.198698	-0.253086	-0.307441	-0.365295	-0.406623	-0.426367	-0.421712	-0.396115	-0.346272	-0.26439	-0.161993	-0.0447609	0.0981754	0.262088	0.421887	0.561906	0.682727	0.787295	0.881359	0.947119	0.962806	0.925888	0.859187	0.772081	0.669419	0.557672	0.445393	0.336941	0.249948	0.210821	0.229794	0.293473	0.37937	0.470349	0.545544	0.572156	0.532686	0.419555	0.259174	0.0661348	-0.143977	-0.356204	-0.54669	-0.685919	-0.741764	-0.711109	-0.613887	-0.470201	-0.32229	-0.19166	-0.0909227	-0.0254257	0.0169791	0.0440803	0.061874	0.0768564	0.100634	0.130557	0.164586	0.213417	0.264773	0.308872	0.34758	0.362565	0.33432	0.254227	0.12121	-0.057077	-0.270937	-0.49005	-0.668118	-0.786029	-0.843858	-0.83693	-0.775273	-0.685318	-0.589099	-0.504283	-0.440808	-0.395071	-0.366901	-0.361974	-0.369115	-0.364701	-0.335839	-0.272852	-0.159124	0	
0	0.012444	0.0148971	0.0180264	0.0161839	0.0069294	-0.0100544	-0.0330626	-0.066984	-0.114105	-0.163328	-0.220545	-0.288078	-0.344768	-0.392023	-0.431046	-0.44313	-0.431845	-0.394186	-0.339667	-0.262778	-0.151615	-0.0238958	0.117139	0.269153	0.429783	0.572358	0.690336	0.789038	0.869384	0.935897	0.962806	0.936359	0.854952	0.757453	0.650875	0.54886	0.447117	0.354634	0.266019	0.197901	0.174194	0.204318	0.275176	0.367304	0.460519	0.540611	0.569463	0.533202	0.425785	0.268489	0.0808534	-0.125195	-0.335995	-0.52609	-0.664762	-0.723885	-0.698505	-0.603102	-0.465973	-0.328665	-0.203732	-0.103412	-0.0338374	0.0153905	0.0510871	0.0812583	0.111318	0.150151	0.194528	0.24167	0.299571	0.353401	0.391402	0.41336	0.401803	0.341924	0.230116	0.0680253	-0.137147	-0.377917	-0.624496	-0.827562	-0.961965	-1.0221	-1.003	-0.920433	-0.807339	-0.687794	-0.576217	-0.477945	-0.389145	-0.315999	-0.273679	-0.258647	-0.250526	-0.235285	-0.199135	-0.120414	0	
0	0.0088325	0.0142634	0.0202627	0.0140852	-0.00205905	-0.0272249	-0.0649064	-0.111431	-0.16945	-0.230712	-0.289896	-0.352029	-0.395989	-0.421328	-0.433545	-0.419269	-0.380448	-0.32029	-0.241081	-0.13854	-0.00477778	0.141368	0.285405	0.430875	0.571631	0.691962	0.786533	0.860847	0.912866	0.940989	0.925888	0.854952	0.743212	0.627001	0.522473	0.431514	0.351815	0.281303	0.214292	0.165138	0.156369	0.198701	0.278875	0.37609	0.475897	0.557039	0.587912	0.552274	0.442554	0.286173	0.0966996	-0.112094	-0.324184	-0.51642	-0.659762	-0.721117	-0.698786	-0.611153	-0.477196	-0.336606	-0.207591	-0.103175	-0.0275159	0.0323926	0.0823601	0.126555	0.171159	0.224998	0.280389	0.332743	0.388581	0.430014	0.445849	0.439501	0.397514	0.308322	0.169329	-0.0189044	-0.251012	-0.519074	-0.788745	-1.00516	-1.14009	-1.18845	-1.14973	-1.04506	-0.90889	-0.762371	-0.616028	-0.47449	-0.339224	-0.226157	-0.158938	-0.137071	-0.138266	-0.144099	-0.135939	-0.0883225	0	
0	0.00283062	-0.00448665	-0.013389	-0.029627	-0.0563842	-0.0930868	-0.136108	-0.18884	-0.247452	-0.299296	-0.346314	-0.386306	-0.402027	-0.398708	-0.383712	-0.341497	-0.278449	-0.190647	-0.0863491	0.0385502	0.186838	0.331851	0.465531	0.589968	0.708788	0.804889	0.874241	0.918583	0.931931	0.918256	0.859187	0.757453	0.627001	0.5135	0.420458	0.352086	0.294253	0.245171	0.196001	0.160339	0.16394	0.214165	0.299443	0.401014	0.500286	0.582256	0.609978	0.569611	0.457302	0.295232	0.100748	-0.112274	-0.33089	-0.528427	-0.672018	-0.734202	-0.710822	-0.615187	-0.475922	-0.333563	-0.199739	-0.0859256	0.00350034	0.077238	0.140853	0.20059	0.258009	0.317858	0.372698	0.416837	0.454326	0.4698	0.45767	0.423275	0.353517	0.237628	0.0723012	-0.142562	-0.400086	-0.687982	-0.966619	-1.17988	-1.30274	-1.33385	-1.27525	-1.14837	-0.984953	-0.803283	-0.614231	-0.426784	-0.250449	-0.110023	-0.0336712	-0.0190345	-0.0384901	-0.0682483	-0.0857576	-0.0635276	0	
0	-0.0203843	-0.0471001	-0.071026	-0.105728	-0.148078	-0.192513	-0.241099	-0.287785	-0.331408	-0.362078	-0.378225	-0.386991	-0.372061	-0.339056	-0.294095	-0.223574	-0.129204	-0.0166294	0.109664	0.244759	0.390469	0.522362	0.634621	0.738716	0.833818	0.904489	0.941827	0.946793	0.917973	0.861714	0.772081	0.650875	0.522473	0.420458	0.350259	0.303209	0.266588	0.234087	0.196543	0.171998	0.182548	0.23859	0.327175	0.427182	0.526395	0.601997	0.622805	0.575068	0.452792	0.28476	0.0850392	-0.13334	-0.352558	-0.547364	-0.688688	-0.743545	-0.712268	-0.612925	-0.466817	-0.31205	-0.1635	-0.0361681	0.0654502	0.153361	0.229965	0.295228	0.352587	0.406822	0.4458	0.466837	0.479035	0.467769	0.428509	0.367274	0.270564	0.127487	-0.0642468	-0.301418	-0.573366	-0.865086	-1.13647	-1.33556	-1.44261	-1.45701	-1.37809	-1.22418	-1.02512	-0.800851	-0.567523	-0.3406	-0.136179	0.0158068	0.0869998	0.0848389	0.0433307	-0.00921219	-0.0480109	-0.0452012	0	
0	-0.0491664	-0.104055	-0.154398	-0.204906	-0.255505	-0.30074	-0.337541	-0.368736	-0.388042	-0.391266	-0.383184	-0.36247	-0.317437	-0.253334	-0.177499	-0.0741693	0.045901	0.179098	0.311609	0.4439	0.576239	0.688928	0.781467	0.864393	0.934343	0.972127	0.969216	0.931812	0.862195	0.777205	0.669419	0.54886	0.431514	0.352086	0.303209	0.276534	0.255232	0.232111	0.202584	0.181673	0.197578	0.25553	0.343354	0.442624	0.536502	0.607092	0.620738	0.563908	0.436446	0.263565	0.0595234	-0.159025	-0.3783	-0.571235	-0.70295	-0.747024	-0.70317	-0.584566	-0.421272	-0.253304	-0.0932098	0.0451874	0.158647	0.252215	0.326961	0.386644	0.4311	0.463725	0.478793	0.476817	0.46331	0.423996	0.357944	0.269677	0.144746	-0.0238903	-0.233977	-0.47919	-0.748677	-1.02947	-1.28458	-1.46688	-1.55874	-1.55528	-1.45045	-1.26113	-1.01977	-0.752565	-0.482751	-0.230298	-0.0138216	0.135601	0.192126	0.169172	0.106311	0.0346914	-0.0203529	-0.0317783	0	
0	-0.0737377	-0.152606	-0.21786	-0.27964	-0.333912	-0.37263	-0.399109	-0.412447	-0.412329	-0.391483	-0.354142	-0.303722	-0.227227	-0.13263	-0.0265458	0.0991024	0.234692	0.367871	0.494716	0.612047	0.727821	0.820148	0.891474	0.948975	0.985459	0.982053	0.936621	0.859915	0.763991	0.663925	0.557672	0.447117	0.351815	0.294253	0.266588	0.255232	0.243496	0.227447	0.199761	0.183766	0.202332	0.262281	0.35119	0.446582	0.538253	0.601692	0.606778	0.542697	0.407944	0.231468	0.0282699	-0.188288	-0.400096	-0.578447	-0.694359	-0.717994	-0.653134	-0.51878	-0.342414	-0.162415	0.00807199	0.150893	0.260177	0.345423	0.40795	0.447684	0.470258	0.48246	0.473326	0.444202	0.40363	0.336621	0.242174	0.126297	-0.0213636	-0.20338	-0.415769	-0.65283	-0.907381	-1.17057	-1.40748	-1.57262	-1.64675	-1.61903	-1.48015	-1.25003	-0.967674	-0.666769	-0.375529	-0.114116	0.100406	0.238127	0.276253	0.233302	0.152706	0.0667702	0.00017731	-0.0215476	0	
0	-0.0818648	-0.163929	-0.232119	-0.29242	-0.343022	-0.375424	-0.392031	-0.394852	-0.374686	-0.33404	-0.276474	-0.199547	-0.0975331	0.0198937	0.140345	0.27365	0.405251	0.529446	0.64034	0.743232	0.839315	0.910227	0.952962	0.977801	0.972462	0.927621	0.844332	0.7438	0.636379	0.540385	0.445393	0.354634	0.281303	0.245171	0.234087	0.232111	0.227447	0.211577	0.18664	0.171403	0.193557	0.255867	0.343912	0.43922	0.52779	0.586856	0.588056	0.519189	0.384283	0.212401	0.0144311	-0.191562	-0.38966	-0.55352	-0.648834	-0.651963	-0.569797	-0.418515	-0.232203	-0.0495444	0.115429	0.245589	0.342001	0.410589	0.451992	0.472012	0.473348	0.458248	0.42085	0.36607	0.29704	0.199632	0.0805591	-0.0519837	-0.207753	-0.387469	-0.587982	-0.807048	-1.04215	-1.28624	-1.50289	-1.64611	-1.69515	-1.63558	-1.45895	-1.19145	-0.879046	-0.560501	-0.264905	-0.00855889	0.195255	0.317969	0.338811	0.279736	0.186279	0.0906992	0.0163869	-0.0129962	0	
0	-0.0638353	-0.134104	-0.18955	-0.23898	-0.278994	-0.299129	-0.30175	-0.288721	-0.25446	-0.194652	-0.118436	-0.024685	0.0873975	0.20538	0.321995	0.442916	0.559636	0.663369	0.756158	0.837182	0.909031	0.946131	0.952655	0.93545	0.890096	0.808735	0.704195	0.594472	0.494352	0.411904	0.336941	0.266019	0.214292	0.196001	0.196543	0.202584	0.199761	0.18664	0.162095	0.151942	0.180357	0.247457	0.341082	0.438205	0.529592	0.588802	0.588888	0.520339	0.389525	0.223182	0.0354683	-0.158887	-0.344238	-0.49001	-0.567716	-0.554852	-0.461007	-0.305931	-0.123945	0.0480562	0.199877	0.315235	0.392477	0.439772	0.459541	0.453255	0.426719	0.38564	0.320129	0.235511	0.139543	0.0225857	-0.106815	-0.241803	-0.391651	-0.557384	-0.739113	-0.937351	-1.15121	-1.37225	-1.56146	-1.67423	-1.69146	-1.59839	-1.38977	-1.09779	-0.772395	-0.453501	-0.167466	0.0754118	0.265659	0.37477	0.382436	0.312423	0.211001	0.109744	0.0305554	-0.00494496	0	
0	-0.0415588	-0.0848417	-0.113871	-0.136948	-0.151769	-0.146948	-0.127911	-0.0943927	-0.036433	0.037388	0.120656	0.214914	0.31973	0.424336	0.521474	0.621891	0.714879	0.7944	0.859954	0.911181	0.944083	0.939125	0.900183	0.845006	0.764535	0.663996	0.551671	0.450726	0.366439	0.305197	0.249948	0.197901	0.165138	0.160339	0.171998	0.181673	0.183766	0.171403	0.151942	0.149388	0.187234	0.264694	0.365195	0.469183	0.565891	0.626639	0.62827	0.561113	0.433071	0.274038	0.092678	-0.0949017	-0.270738	-0.408408	-0.477025	-0.457222	-0.361385	-0.208735	-0.036896	0.122575	0.257404	0.348746	0.402281	0.424733	0.416291	0.382948	0.329741	0.258046	0.164227	0.0611659	-0.0471349	-0.170849	-0.297472	-0.422409	-0.557877	-0.705739	-0.866581	-1.04072	-1.22736	-1.41655	-1.56903	-1.64565	-1.63182	-1.51338	-1.28738	-0.98893	-0.66789	-0.36216	-0.0936454	0.133368	0.311755	0.411378	0.411127	0.335404	0.230277	0.12643	0.0443504	0.00344918	0	
