0	0	0	0	0	0	0	0	0	0	0	0	0	0	0	0	0	0	0	0	0	0	0	0	0	0	0	0	0	0	0	0	0	0	0	0	0	0	0	0	0	0	0	0	0	0	0	0	0	0	0	0	0	0	0	0	0	0	0	0	0	0	0	0	0	0	0	0	0	0	0	0	0	0	0	0	0	0	0	0	0	0	0	0	0	0	0	0	0	0	0	0	0	0	0	0	0	0	0	0	
0	-0.000409894	-5.80624e-06	-0.000504635	-0.000784044	-0.000313902	-0.000235727	-0.000401914	0.00109965	0.00110013	0.000666602	0.00191948	0.000148616	-0.000565327	-0.000524435	-0.0014276	0.000106028	-0.00154014	0.00208751	0.000214478	-0.00192325	-0.00187023	0.000498627	-0.000807202	-0.000255532	-0.000923573	-0.000803059	-0.00145961	-0.00140169	-0.00372426	-0.00481664	-0.0068305	-0.0134715	-0.0193841	-0.0252659	-0.0355102	-0.0445321	-0.046037	-0.0461596	-0.0355438	-0.0151801	0.0141443	0.0421024	0.0682489	0.0839451	0.0875336	0.0773449	0.0610346	0.046407	0.0268204	0.00217629	-0.0184717	-0.034864	-0.0431214	-0.0433788	-0.029507	-0.0134702	-0.00373029	0.00440528	0.00497506	0.00483344	-8.55456e-05	-0.00834566	-0.0131257	-0.00932927	0.00100433	0.00775201	0.00358019	-0.00568124	-0.00905551	-0.00910736	-0.00246347	0.00605097	0.00627016	-0.00255512	-0.0130323	-0.0116529	-0.00524112	0.000219729	0.00712737	0.00762735	0.0018257	-0.00679353	-0.0197961	-0.0357426	-0.045335	-0.0406648	-0.0282257	-0.0099104	0.0160969	0.0402907	0.0616173	0.0844218	0.104648	0.118762	0.120275	0.104332	0.077631	0.0433426	0	
0	-5.80624e-06	0.000896299	-4.09831e-05	0.00162362	0.000298411	0.000680434	-0.000213085	-0.000584352	-0.00287243	-0.00122688	-0.00170627	-0.00303959	0.0032938	-0.000198337	0.000811726	0.00312607	-0.00133514	-0.00125466	-0.000786045	0.00174671	0.00292396	0.00107571	-0.00184481	0.00136637	0.00122694	-0.0017513	-0.000116678	-0.000733574	-0.00460803	-0.0103206	-0.0109159	-0.0252972	-0.0354923	-0.0501847	-0.0682721	-0.0867776	-0.0897431	-0.0900028	-0.0695152	-0.0278891	0.0283274	0.0856756	0.136075	0.168043	0.175012	0.153621	0.123116	0.0904686	0.0532526	0.00260325	-0.0384927	-0.0699691	-0.0890844	-0.086015	-0.0602193	-0.0272875	-0.00555011	0.00913352	0.0127863	0.0122565	0.000200052	-0.0152562	-0.0269308	-0.0221465	0.000751331	0.012002	0.00470167	-0.00771244	-0.0163867	-0.015415	-0.000652972	0.0100002	0.00843046	-0.00719579	-0.0279002	-0.0235598	-0.00629414	0.00602452	0.013122	0.00900923	0.0019322	-0.0112412	-0.0396931	-0.0721984	-0.0889223	-0.0802907	-0.0568408	-0.0193186	0.0330559	0.0811481	0.123731	0.168784	0.208725	0.236565	0.239247	0.207574	0.154258	0.0856956	0	
0	-0.000504635	-4.09831e-05	-0.000763215	-0.00107345	-0.000814008	-0.000254314	-0.000944056	0.00184881	0.00154683	0.00125266	0.00349966	-0.000477474	0.000168562	-0.00158641	-0.00297804	0.000984581	-0.00369509	0.00357811	0.000865534	-0.00266579	-0.00366748	0.000599209	-0.0021896	8.0445e-06	-0.00110128	-0.00220708	-0.00377997	-0.00420385	-0.00927939	-0.0142469	-0.0202502	-0.0395572	-0.0559341	-0.0759195	-0.104538	-0.130935	-0.13658	-0.136771	-0.105086	-0.0452614	0.0398246	0.123796	0.201179	0.248727	0.259963	0.231317	0.185123	0.139094	0.0808701	0.00871561	-0.0527542	-0.101568	-0.12882	-0.127449	-0.0893466	-0.0426845	-0.0121285	0.0106251	0.0158602	0.0147084	0.000223148	-0.0234023	-0.038682	-0.0279979	0.00174888	0.0197656	0.00877372	-0.0146037	-0.0254454	-0.0247709	-0.00584281	0.0149998	0.0155789	-0.00835887	-0.0378128	-0.0339976	-0.0135196	0.00328447	0.0192396	0.0191185	0.00385103	-0.0216235	-0.0610248	-0.107178	-0.133518	-0.119307	-0.0811205	-0.0258702	0.0493465	0.121818	0.186919	0.253274	0.312207	0.352807	0.355267	0.308179	0.229009	0.126518	0	
0	-0.000784044	0.00162362	-0.00107345	0.0016482	0.000113324	0.00056362	-6.42525e-05	-0.000247529	-0.00200452	-0.00118332	-0.00125321	-0.00237094	0.00190269	-0.000108209	0.000667223	0.00269333	-0.00203857	0.000348557	-0.00173213	-0.000751244	0.00314537	0.0010868	-0.00156087	0.000548851	-0.000645031	-0.00309636	-0.00100309	-0.00304175	-0.0114238	-0.0190575	-0.0256949	-0.0492296	-0.0723615	-0.0998341	-0.137295	-0.169329	-0.180559	-0.178138	-0.138668	-0.0581083	0.0502519	0.163525	0.264379	0.328446	0.343898	0.30738	0.248799	0.184698	0.107615	0.0131934	-0.0684315	-0.13349	-0.171096	-0.16863	-0.119265	-0.0600987	-0.016601	0.0130958	0.0220455	0.0223574	0.00084044	-0.0290971	-0.0502359	-0.0393946	-0.000184447	0.0208537	0.00846231	-0.0164029	-0.0305018	-0.0279514	-0.00493905	0.0175251	0.0160053	-0.0155702	-0.0501625	-0.0439597	-0.015112	0.0108525	0.0258159	0.018374	0.000194173	-0.0304946	-0.0828284	-0.14109	-0.172964	-0.156947	-0.106729	-0.0300561	0.068991	0.163767	0.250455	0.337614	0.414665	0.466211	0.467167	0.405425	0.300876	0.164745	0	
0	-0.000313902	0.000298411	-0.000814008	0.000113324	-0.000819313	-0.000176591	-0.000637464	0.000513013	-0.000347433	0.000551293	0.00137928	-0.00159972	0.00193061	-0.00122909	-0.00168268	0.00167543	-0.00224894	0.000892334	0.00105323	0.000354355	-0.0012129	-0.000502481	-0.00244232	0.000468288	0.000470323	-0.00230226	-0.00513999	-0.00709822	-0.0127279	-0.022367	-0.0346227	-0.0625943	-0.0895959	-0.125524	-0.170021	-0.209781	-0.224698	-0.221832	-0.171821	-0.0751163	0.0577201	0.197629	0.323303	0.403717	0.424519	0.384022	0.313761	0.2334	0.136641	0.0233975	-0.0787197	-0.159631	-0.209417	-0.205228	-0.150026	-0.0792497	-0.025085	0.0102574	0.0262741	0.0245422	0.00140862	-0.0345418	-0.0599169	-0.0447974	-0.00145966	0.0232861	0.0091745	-0.0197385	-0.0365603	-0.0341943	-0.00761108	0.018022	0.0171777	-0.0169695	-0.0571283	-0.052906	-0.0188611	0.0110228	0.0278026	0.0227991	-0.000422115	-0.0424067	-0.106278	-0.176521	-0.214111	-0.19054	-0.124179	-0.0306732	0.0870903	0.206127	0.316556	0.422361	0.515142	0.575748	0.573885	0.498064	0.368842	0.19996	0	
0	-0.000235727	0.000680434	-0.000254314	0.00056362	-0.000176591	0.000555517	-0.000245642	0.000313692	0.000449755	-0.000234605	0.000222942	-1.22949e-05	-0.000778462	-0.00102224	-0.000484444	-0.000278496	-0.00233897	0.00139783	-0.00134468	-0.00319946	-0.000281873	-0.000228033	-0.000128576	-0.000969424	-0.003338	-0.00406419	-0.00339258	-0.00691474	-0.017404	-0.0273335	-0.0431701	-0.0717193	-0.107737	-0.149666	-0.202665	-0.246094	-0.268958	-0.262267	-0.205024	-0.091914	0.0618494	0.228233	0.37727	0.47412	0.501236	0.459547	0.378865	0.282481	0.16632	0.0358799	-0.0849478	-0.184325	-0.242401	-0.241097	-0.179138	-0.100471	-0.0363685	0.00788071	0.0278979	0.0278172	0.00170887	-0.039629	-0.0669673	-0.0503864	-0.00490986	0.0217201	0.00895898	-0.0226536	-0.0399295	-0.0352135	-0.0109457	0.017632	0.016843	-0.0240783	-0.0636044	-0.0587594	-0.0227902	0.0143474	0.0332413	0.0241323	-0.00756839	-0.0601845	-0.132088	-0.206569	-0.24704	-0.222939	-0.143435	-0.0274193	0.111459	0.250767	0.381585	0.506299	0.61461	0.680874	0.673843	0.584895	0.432166	0.231855	0	
0	-0.000401914	-0.000213085	-0.000944056	-6.42525e-05	-0.000637464	-0.000245642	-0.000218413	-0.000464614	-0.00103035	-0.000450615	-0.0010222	-0.000602188	0.000563622	0.00073215	0.00103783	0.000416887	0.0016078	-0.00117888	0.000228745	0.00115962	0.00206498	-0.00116318	-0.000758835	-0.000921096	0.000144257	-0.00173198	-0.00582224	-0.0101247	-0.0173874	-0.0298263	-0.0511331	-0.0819549	-0.123233	-0.172963	-0.231672	-0.280337	-0.309894	-0.299534	-0.235682	-0.107579	0.0644787	0.25692	0.427285	0.540964	0.575899	0.534801	0.446483	0.3324	0.19838	0.0519708	-0.08953	-0.204294	-0.274988	-0.273445	-0.210668	-0.125372	-0.0493254	0.00163563	0.0304598	0.0308146	0.00262149	-0.0415893	-0.0708477	-0.0553046	-0.0103612	0.0165166	0.00482249	-0.023368	-0.0408857	-0.0362567	-0.0112196	0.0148186	0.0104568	-0.028957	-0.0665242	-0.0640296	-0.0238352	0.0177	0.0331409	0.0206805	-0.0154414	-0.0757929	-0.157453	-0.239862	-0.280885	-0.248932	-0.153389	-0.0198031	0.135324	0.295904	0.449243	0.591344	0.710861	0.779204	0.766718	0.665668	0.489843	0.259834	0	
0	0.00109965	-0.000584352	0.00184881	-0.000247529	0.000513013	0.000313692	-0.000464614	0.000190498	0.000291888	-8.20423e-05	0.000447499	0.000125126	-0.0012238	-0.000989753	-0.00126951	-0.002885	0.000371365	-0.00244182	9.4585e-05	-0.000736104	-0.00295935	-0.00121001	-0.000100072	-0.00170145	-0.00312961	-0.0029954	-0.00753562	-0.0113001	-0.020113	-0.0353742	-0.060183	-0.0923418	-0.139763	-0.197547	-0.26017	-0.315791	-0.350296	-0.338085	-0.266842	-0.128106	0.0621291	0.27726	0.468363	0.599043	0.643123	0.607472	0.512238	0.38376	0.233346	0.0729417	-0.0870773	-0.217813	-0.298473	-0.299482	-0.240094	-0.150061	-0.0662839	-0.00760552	0.0289031	0.0282314	0.0010167	-0.04445	-0.0726674	-0.0562372	-0.0160471	0.0105897	0.00280992	-0.0241098	-0.0412159	-0.0365091	-0.0148966	0.00910344	0.00366394	-0.0328995	-0.0662451	-0.0658641	-0.0257779	0.0165594	0.0320746	0.0196376	-0.0258344	-0.099103	-0.186622	-0.268399	-0.306628	-0.270213	-0.162014	-0.00925849	0.165218	0.345042	0.516193	0.674348	0.804322	0.871653	0.851549	0.738453	0.541135	0.284468	0	
0	0.00110013	-0.00287243	0.00154683	-0.00200452	-0.000347433	0.000449755	-0.00103035	0.000291888	5.45401e-05	-0.000308916	-0.000784298	0.00118716	-0.00140172	0.000584007	0.00114132	-0.00136511	0.00186249	-0.000836633	0.000357346	-0.00100292	-0.000340331	-0.000471151	0.000643358	-0.00237318	-0.00251682	-0.00357891	-0.00686252	-0.012632	-0.0228075	-0.0401842	-0.0670871	-0.100733	-0.155927	-0.219102	-0.286269	-0.346763	-0.387129	-0.371192	-0.295245	-0.146265	0.0598893	0.295295	0.506068	0.652375	0.708875	0.679217	0.580066	0.436776	0.272414	0.0963258	-0.0809061	-0.229383	-0.31714	-0.325534	-0.270615	-0.178308	-0.0882018	-0.017042	0.0241723	0.0274025	0.000569179	-0.044451	-0.0683451	-0.0573611	-0.0243348	-0.00044567	-0.00332236	-0.0246154	-0.039547	-0.0331359	-0.0166772	0.00226546	-0.00562051	-0.0399093	-0.0649768	-0.0633999	-0.0270871	0.0148952	0.03054	0.0130656	-0.0415838	-0.122789	-0.215578	-0.295853	-0.327679	-0.285583	-0.165495	0.00661178	0.19947	0.395216	0.583017	0.757543	0.894165	0.95574	0.927378	0.803202	0.585791	0.305556	0	
0	0.000666602	-0.00122688	0.00125266	-0.00118332	0.000551293	-0.000234605	-0.000450615	-8.20423e-05	-0.000308916	-0.00134751	-9.47e-06	-0.000664163	-0.00170425	0.00166724	-0.000385126	-0.00223555	0.00413878	-0.00503706	0.000253761	0.00174424	-0.00145674	-4.16847e-05	-0.0010133	-0.00297953	-0.00159427	-0.000993661	-0.0104146	-0.0158077	-0.0233596	-0.0431443	-0.074599	-0.111517	-0.17053	-0.239876	-0.310236	-0.378275	-0.421026	-0.403637	-0.323459	-0.166419	0.0531836	0.306823	0.533785	0.697455	0.766491	0.747053	0.644816	0.491439	0.313767	0.125064	-0.0714029	-0.231658	-0.329545	-0.344387	-0.298284	-0.208099	-0.10963	-0.0320932	0.0178426	0.0221032	-0.00355275	-0.0424363	-0.0631061	-0.0562707	-0.0335586	-0.012493	-0.010125	-0.0239336	-0.0350954	-0.0320527	-0.0177663	-0.00596089	-0.0207542	-0.0436113	-0.0590913	-0.0608935	-0.0266614	0.0119071	0.0233136	0.00273074	-0.0592458	-0.147861	-0.243659	-0.321741	-0.346039	-0.29322	-0.160424	0.026157	0.235667	0.44842	0.651733	0.838735	0.977669	1.03174	0.994806	0.858833	0.62303	0.323403	0	
0	0.00191948	-0.00170627	0.00349966	-0.00125321	0.00137928	0.000222942	-0.0010222	0.000447499	-0.000784298	-9.47e-06	0.000103316	0.000262941	-0.00111445	-0.000433691	-0.00231205	-0.00236295	-0.000273445	-0.00247746	0.00126581	-0.00142383	-0.00413007	0.000191117	-0.00107063	-0.00143087	-0.00351145	-0.00591245	-0.0100595	-0.0141384	-0.0267359	-0.0509823	-0.0808475	-0.120316	-0.185509	-0.260125	-0.333603	-0.407975	-0.451936	-0.434643	-0.350278	-0.188092	0.0450369	0.311026	0.555074	0.733226	0.818968	0.809584	0.708721	0.547395	0.360451	0.156612	-0.0544238	-0.228351	-0.332265	-0.358647	-0.323788	-0.236421	-0.136533	-0.048267	0.00497243	0.012603	-0.00936058	-0.0412267	-0.0540274	-0.0537127	-0.0418897	-0.0253563	-0.0163799	-0.0224045	-0.0325013	-0.029011	-0.0209257	-0.0188885	-0.0326848	-0.0474099	-0.0535827	-0.0513975	-0.0272645	0.00195397	0.0147347	-0.00838806	-0.0794652	-0.176655	-0.275434	-0.343647	-0.352596	-0.292667	-0.154641	0.0484005	0.279624	0.506076	0.71873	0.915698	1.05557	1.10025	1.0525	0.904103	0.653227	0.338765	0	
0	0.000148616	-0.00303959	-0.000477474	-0.00237094	-0.00159972	-1.22949e-05	-0.000602188	0.000125126	0.00118716	-0.000664163	0.000262941	-8.0227e-06	-0.000792899	0.00143748	0.000221195	0.00185226	0.00127678	-0.00112316	0.000104555	0.000513152	-0.00135556	0.000918236	-0.00180234	-0.00326205	-0.00279919	-0.00351553	-0.0100803	-0.0194902	-0.0300765	-0.0534004	-0.0857858	-0.131924	-0.199587	-0.277281	-0.35497	-0.435096	-0.478483	-0.462071	-0.37453	-0.207373	0.036202	0.312386	0.570385	0.764021	0.866191	0.869108	0.771507	0.606682	0.410931	0.191796	-0.0334927	-0.219234	-0.330257	-0.370878	-0.347871	-0.267696	-0.165056	-0.0690528	-0.0102793	0.00238442	-0.0149384	-0.0348386	-0.0423395	-0.0494213	-0.0515621	-0.0416458	-0.0262116	-0.0239094	-0.0287862	-0.0253241	-0.0221038	-0.0288557	-0.0462673	-0.0522763	-0.0467391	-0.0424817	-0.0277169	-0.006789	0.00218019	-0.0270006	-0.104419	-0.204728	-0.300979	-0.360823	-0.35906	-0.287496	-0.137303	0.0792058	0.32428	0.562854	0.787282	0.99088	1.12541	1.1589	1.10047	0.939885	0.676641	0.351128	0	
0	-0.000565327	0.0032938	0.000168562	0.00190269	0.00193061	-0.000778462	0.000563622	-0.0012238	-0.00140172	-0.00170425	-0.00111445	-0.000792899	-0.00281891	0.00107056	-0.00303084	-0.00177132	-0.000567191	-0.00195711	-0.000880276	-0.0020649	-0.000472393	3.62072e-05	-0.00173195	-0.00154408	-0.00251643	-0.00541789	-0.012024	-0.0174436	-0.031265	-0.0566699	-0.0932504	-0.139878	-0.212157	-0.291551	-0.377467	-0.457965	-0.504034	-0.487017	-0.399998	-0.226664	0.0220353	0.305944	0.575082	0.783172	0.902297	0.918264	0.827827	0.665454	0.461236	0.231235	-0.00792199	-0.19971	-0.319015	-0.374502	-0.362407	-0.295112	-0.190785	-0.0928667	-0.030843	-0.0135813	-0.0261596	-0.0323698	-0.0330176	-0.0460881	-0.0596541	-0.0532852	-0.0337971	-0.0230148	-0.0238128	-0.024766	-0.0263125	-0.0412603	-0.060184	-0.0550003	-0.0371879	-0.0318839	-0.0299774	-0.0189932	-0.0139083	-0.0491913	-0.131256	-0.233347	-0.326702	-0.37479	-0.355535	-0.270885	-0.115404	0.110297	0.372434	0.62574	0.856756	1.05819	1.18527	1.21002	1.13941	0.965297	0.693224	0.360869	0	
0	-0.000524435	-0.000198337	-0.00158641	-0.000108209	-0.00122909	-0.00102224	0.00073215	-0.000989753	0.000584007	0.00166724	-0.000433691	0.00143748	0.00107056	-0.000603108	-0.00128052	0.00114682	-0.00319322	-0.000319189	0.000491784	0.000320015	-0.00179648	-0.00308306	-0.00294199	-0.0015107	-0.00478116	-0.00777659	-0.0114075	-0.0208144	-0.0374356	-0.0625392	-0.0984105	-0.151273	-0.224974	-0.308474	-0.397974	-0.480677	-0.52581	-0.511845	-0.421539	-0.245392	0.00821056	0.296038	0.575922	0.797083	0.933515	0.962822	0.885211	0.726715	0.518216	0.274477	0.0263648	-0.173265	-0.303726	-0.372547	-0.377578	-0.320548	-0.221736	-0.122815	-0.0555152	-0.0343068	-0.0354171	-0.0272757	-0.0223305	-0.0396266	-0.0639555	-0.0657372	-0.0428054	-0.0249659	-0.025199	-0.0235421	-0.0300614	-0.0547618	-0.0679102	-0.0555	-0.0309285	-0.0208521	-0.0306535	-0.0346858	-0.0386511	-0.0767153	-0.157135	-0.260235	-0.348698	-0.381263	-0.346377	-0.251247	-0.0864916	0.151084	0.424619	0.687285	0.923596	1.12023	1.23725	1.25177	1.16734	0.981315	0.704462	0.36795	0	
0	-0.0014276	0.000811726	-0.00297804	0.000667223	-0.00168268	-0.000484444	0.00103783	-0.00126951	0.00114132	-0.000385126	-0.00231205	0.000221195	-0.00303084	-0.00128052	0.00131505	-0.000179436	0.000970472	0.00239061	-0.00288298	-0.00349553	0.00116421	-0.00125587	0.00155464	-0.00284525	-0.00433647	-0.00634822	-0.0106117	-0.0236279	-0.0377787	-0.0625362	-0.104041	-0.160722	-0.233976	-0.320488	-0.416548	-0.497383	-0.545226	-0.531386	-0.441484	-0.260641	-0.00890903	0.283316	0.568577	0.802808	0.953038	0.9977	0.935514	0.785394	0.573046	0.320023	0.0652094	-0.141029	-0.282003	-0.365134	-0.382956	-0.341534	-0.249164	-0.153741	-0.0840532	-0.0561568	-0.0467919	-0.0250928	-0.0152548	-0.0347484	-0.0678111	-0.0748174	-0.0516581	-0.0310227	-0.025111	-0.0242683	-0.0364939	-0.0606299	-0.0726501	-0.0575946	-0.0237373	-0.0160546	-0.0386053	-0.0496054	-0.06049	-0.105656	-0.189904	-0.289718	-0.362793	-0.379324	-0.332637	-0.223955	-0.047584	0.195976	0.475744	0.750044	0.99108	1.17522	1.27782	1.2831	1.18602	0.98995	0.710338	0.371311	0	
0	0.000106028	0.00312607	0.000984581	0.00269333	0.00167543	-0.000278496	0.000416887	-0.002885	-0.00136511	-0.00223555	-0.00236295	0.00185226	-0.00177132	0.00114682	-0.000179436	-0.0040509	-0.00309178	-0.00202833	-0.00205855	0.00109879	0.00176701	-0.00469434	-0.00154636	-0.00357285	-0.00394304	-0.00708017	-0.0130099	-0.0236489	-0.0409436	-0.0668988	-0.111955	-0.16763	-0.243915	-0.335002	-0.43452	-0.512907	-0.563771	-0.551327	-0.45893	-0.277808	-0.02761	0.264869	0.55535	0.799172	0.961877	1.02393	0.979697	0.842385	0.627764	0.370826	0.112097	-0.100913	-0.25298	-0.348024	-0.38036	-0.354297	-0.275771	-0.187054	-0.117007	-0.0842157	-0.0607141	-0.0299859	-0.0137096	-0.0310144	-0.0679147	-0.0771037	-0.0572463	-0.0347826	-0.0265508	-0.0286082	-0.044876	-0.0703732	-0.0775833	-0.0556379	-0.0175271	-0.0114884	-0.0416297	-0.0670463	-0.0947741	-0.144209	-0.220457	-0.309384	-0.370071	-0.372988	-0.31178	-0.190179	-0.00399491	0.246357	0.531446	0.813036	1.05299	1.2212	1.30929	1.30487	1.19505	0.991522	0.71158	0.371583	0	
0	-0.00154014	-0.00133514	-0.00369509	-0.00203857	-0.00224894	-0.00233897	0.0016078	0.000371365	0.00186249	0.00413878	-0.000273445	0.00127678	-0.000567191	-0.00319322	0.000970472	-0.00309178	0.00460601	-0.000749261	-0.00165557	-0.000885066	-0.00232995	-0.00583583	0.000649306	-0.00292705	-0.00600208	-0.00937113	-0.0136608	-0.027694	-0.0441973	-0.0712892	-0.117137	-0.17778	-0.253261	-0.349955	-0.448627	-0.527933	-0.580693	-0.56756	-0.473801	-0.292509	-0.0471076	0.247084	0.538476	0.790299	0.964075	1.04323	1.02198	0.895721	0.685269	0.426728	0.165808	-0.0545671	-0.220994	-0.324579	-0.373398	-0.36474	-0.302682	-0.224998	-0.1547	-0.112539	-0.0761151	-0.0345115	-0.0116409	-0.0260472	-0.0602719	-0.0771721	-0.0660991	-0.0448514	-0.0376734	-0.0380134	-0.0516007	-0.0716977	-0.0715742	-0.0479662	-0.0157367	-0.019097	-0.0547898	-0.0881711	-0.127097	-0.178081	-0.249521	-0.330303	-0.373506	-0.356511	-0.282717	-0.151654	0.0464843	0.303532	0.58837	0.872073	1.10877	1.2606	1.33182	1.31481	1.19458	0.988192	0.709144	0.368786	0	
0	0.00208751	-0.00125466	0.00357811	0.000348557	0.000892334	0.00139783	-0.00117888	-0.00244182	-0.000836633	-0.00503706	-0.00247746	-0.00112316	-0.00195711	-0.000319189	0.00239061	-0.00202833	-0.000749261	-0.00105722	-0.00152916	0.000797808	-0.00263655	0.0016172	0.00173267	-0.00438569	-0.00536634	-0.00611622	-0.0130759	-0.027532	-0.0430217	-0.0730681	-0.121594	-0.18281	-0.258789	-0.361715	-0.457936	-0.540268	-0.592029	-0.581121	-0.483229	-0.308198	-0.0640985	0.22575	0.516999	0.772142	0.953598	1.05244	1.05068	0.940133	0.736423	0.482074	0.223602	-0.00797004	-0.180598	-0.293512	-0.354888	-0.362282	-0.322787	-0.255922	-0.190563	-0.14226	-0.0942459	-0.0495642	-0.0216195	-0.0258028	-0.0563486	-0.0742728	-0.0681413	-0.0540183	-0.0439702	-0.0446224	-0.0607588	-0.0729987	-0.0674849	-0.0446649	-0.0182147	-0.0271528	-0.0663311	-0.111867	-0.161569	-0.21445	-0.283287	-0.346841	-0.363273	-0.329799	-0.248727	-0.107886	0.102055	0.364061	0.647502	0.928703	1.15662	1.29118	1.34441	1.31363	1.18689	0.98111	0.702882	0.36322	0	
0	0.000214478	-0.000786045	0.000865534	-0.00173213	0.00105323	-0.00134468	0.000228745	9.4585e-05	0.000357346	0.000253761	0.00126581	0.000104555	-0.000880276	0.000491784	-0.00288298	-0.00205855	-0.00165557	-0.00152916	-0.00447702	0.000845023	-0.00171569	-0.00183766	-0.00635569	-0.00492847	-0.00463949	-0.00940251	-0.0171332	-0.029437	-0.047727	-0.0797707	-0.127931	-0.189318	-0.270572	-0.375011	-0.469096	-0.554254	-0.606111	-0.59386	-0.494438	-0.32492	-0.0823065	0.202133	0.491954	0.746831	0.937252	1.05435	1.07346	0.980257	0.789025	0.545524	0.287778	0.0475826	-0.131991	-0.254235	-0.328069	-0.356979	-0.340565	-0.289737	-0.232175	-0.175094	-0.119626	-0.0696829	-0.0308802	-0.0245073	-0.0441418	-0.06361	-0.0716006	-0.0641559	-0.0583289	-0.0617605	-0.0680023	-0.0709641	-0.0589534	-0.0341646	-0.0218291	-0.0435088	-0.087237	-0.138771	-0.196204	-0.255328	-0.311939	-0.347945	-0.346687	-0.30148	-0.206259	-0.0563634	0.160059	0.428457	0.710071	0.979332	1.19287	1.31321	1.34871	1.30266	1.1725	0.969917	0.693589	0.356858	0	
0	-0.00192325	0.00174671	-0.00266579	-0.000751244	0.000354355	-0.00319946	0.00115962	-0.000736104	-0.00100292	0.00174424	-0.00142383	0.000513152	-0.0020649	0.000320015	-0.00349553	0.00109879	-0.000885066	0.000797808	0.000845023	-0.000390804	-0.00441219	-0.00295147	-0.00104069	-0.00117628	-0.00519008	-0.0103261	-0.0169784	-0.0298687	-0.0495558	-0.0801559	-0.131783	-0.194172	-0.280496	-0.380028	-0.478517	-0.563799	-0.616498	-0.599033	-0.503826	-0.337016	-0.0972714	0.180007	0.466006	0.716046	0.91579	1.04645	1.08518	1.01016	0.835861	0.608149	0.349746	0.105398	-0.0792941	-0.20973	-0.293522	-0.344829	-0.348812	-0.316655	-0.268333	-0.205681	-0.148962	-0.0941407	-0.0464436	-0.027458	-0.034433	-0.0558452	-0.0730323	-0.0742229	-0.0746098	-0.0756195	-0.073287	-0.0674383	-0.0470664	-0.0261025	-0.030737	-0.0645252	-0.115298	-0.172762	-0.231753	-0.285842	-0.329102	-0.349315	-0.328829	-0.261133	-0.153881	-0.000210358	0.222488	0.494776	0.769844	1.02328	1.22061	1.32601	1.34274	1.28328	1.15334	0.954963	0.681959	0.350851	0	
0	-0.00187023	0.00292396	-0.00366748	0.00314537	-0.0012129	-0.000281873	0.00206498	-0.00295935	-0.000340331	-0.00145674	-0.00413007	-0.00135556	-0.000472393	-0.00179648	0.00116421	0.00176701	-0.00232995	-0.00263655	-0.00171569	-0.00441219	0.000547202	0.000726936	-0.00133131	-0.00470459	-0.00715447	-0.011436	-0.0156061	-0.0292669	-0.0510575	-0.0860845	-0.134757	-0.199419	-0.286813	-0.387756	-0.487503	-0.573725	-0.623156	-0.604728	-0.514226	-0.346648	-0.113352	0.15886	0.434178	0.682752	0.886437	1.02935	1.08558	1.02907	0.880533	0.667081	0.413399	0.168871	-0.0205045	-0.154819	-0.253327	-0.323104	-0.347181	-0.338558	-0.297937	-0.239939	-0.185215	-0.123161	-0.0690418	-0.0327979	-0.0270777	-0.0502413	-0.0707484	-0.082172	-0.0905596	-0.0864789	-0.076246	-0.0634286	-0.0378294	-0.0249949	-0.0452693	-0.0890694	-0.146919	-0.205321	-0.261867	-0.315848	-0.348067	-0.342657	-0.296217	-0.211769	-0.0957179	0.0616792	0.284598	0.558805	0.830239	1.0629	1.2361	1.32575	1.32808	1.25937	1.13039	0.935822	0.668768	0.345983	0	
0	0.000498627	0.00107571	0.000599209	0.0010868	-0.000502481	-0.000228033	-0.00116318	-0.00121001	-0.000471151	-4.16847e-05	0.000191117	0.000918236	3.62072e-05	-0.00308306	-0.00125587	-0.00469434	-0.00583583	0.0016172	-0.00183766	-0.00295147	0.000726936	-0.00465666	-0.00765876	-0.00457906	-0.00577084	-0.0101586	-0.0179797	-0.0343858	-0.0563445	-0.0875376	-0.136326	-0.208064	-0.295813	-0.394402	-0.496128	-0.583721	-0.629213	-0.612695	-0.522751	-0.357021	-0.127783	0.134389	0.401927	0.645525	0.85227	1.00355	1.07417	1.04131	0.919186	0.723217	0.478231	0.237654	0.0476307	-0.0936574	-0.206845	-0.292089	-0.339588	-0.350784	-0.324836	-0.279345	-0.224939	-0.160301	-0.0925719	-0.0380894	-0.0250316	-0.041057	-0.0654887	-0.0901512	-0.103952	-0.100309	-0.0837214	-0.0600066	-0.0315013	-0.0255901	-0.054945	-0.113118	-0.187633	-0.247524	-0.295987	-0.339543	-0.349884	-0.31965	-0.25764	-0.162347	-0.0354795	0.129245	0.353821	0.624774	0.881908	1.09025	1.24283	1.31652	1.30462	1.23098	1.10443	0.913621	0.655157	0.342376	0	
0	-0.000807202	-0.00184481	-0.0021896	-0.00156087	-0.00244232	-0.000128576	-0.000758835	-0.000100072	0.000643358	-0.0010133	-0.00107063	-0.00180234	-0.00173195	-0.00294199	0.00155464	-0.00154636	0.000649306	0.00173267	-0.00635569	-0.00104069	-0.00133131	-0.00765876	-0.00111707	-0.000686975	-0.00839711	-0.0151571	-0.0191994	-0.0344322	-0.0552263	-0.0897976	-0.141901	-0.21576	-0.297845	-0.399213	-0.505171	-0.590454	-0.631574	-0.617894	-0.52822	-0.362778	-0.139818	0.113757	0.371421	0.610456	0.815477	0.971027	1.05397	1.04474	0.949363	0.769506	0.540061	0.306433	0.118788	-0.0319544	-0.156513	-0.255466	-0.32179	-0.350143	-0.344092	-0.313202	-0.265617	-0.196105	-0.115474	-0.0512872	-0.0308708	-0.0417054	-0.0666628	-0.0962488	-0.113646	-0.107336	-0.0824941	-0.0534869	-0.0312372	-0.0350768	-0.0729994	-0.147418	-0.231324	-0.28463	-0.324777	-0.351414	-0.337971	-0.2949	-0.220402	-0.104491	0.0375188	0.205035	0.422434	0.680325	0.922727	1.11432	1.24361	1.2927	1.27126	1.20182	1.07735	0.889083	0.641613	0.339389	0	
0	-0.000255532	0.00136637	8.0445e-06	0.000548851	0.000468288	-0.000969424	-0.000921096	-0.00170145	-0.00237318	-0.00297953	-0.00143087	-0.00326205	-0.00154408	-0.0015107	-0.00284525	-0.00357285	-0.00292705	-0.00438569	-0.00492847	-0.00117628	-0.00470459	-0.00457906	-0.000686975	-0.00933343	-0.0112246	-0.013006	-0.018564	-0.0366283	-0.0592336	-0.0939839	-0.146545	-0.218561	-0.301916	-0.408009	-0.514339	-0.59331	-0.636439	-0.625236	-0.534013	-0.369061	-0.15378	0.0907735	0.339658	0.572027	0.772398	0.928569	1.02275	1.03861	0.965549	0.808214	0.598229	0.38055	0.195199	0.0363397	-0.0965635	-0.20927	-0.2899	-0.338232	-0.356695	-0.348023	-0.310229	-0.236394	-0.143599	-0.0715273	-0.0445262	-0.0445166	-0.0661491	-0.0949064	-0.114563	-0.111797	-0.0824593	-0.0563334	-0.0431003	-0.0489739	-0.0939494	-0.17929	-0.268397	-0.325811	-0.354697	-0.35228	-0.319841	-0.262402	-0.165045	-0.0367389	0.106773	0.278105	0.492234	0.73374	0.956604	1.12767	1.2306	1.25868	1.23535	1.17104	1.04707	0.864836	0.629582	0.33526	0	
0	-0.000923573	0.00122694	-0.00110128	-0.000645031	0.000470323	-0.003338	0.000144257	-0.00312961	-0.00251682	-0.00159427	-0.00351145	-0.00279919	-0.00251643	-0.00478116	-0.00433647	-0.00394304	-0.00600208	-0.00536634	-0.00463949	-0.00519008	-0.00715447	-0.00577084	-0.00839711	-0.0112246	-0.0111846	-0.014434	-0.0245194	-0.0412274	-0.0647999	-0.0961756	-0.151587	-0.224317	-0.31025	-0.416827	-0.519501	-0.597968	-0.64455	-0.632203	-0.537034	-0.375971	-0.168046	0.0698968	0.30998	0.535227	0.726407	0.882227	0.986309	1.02332	0.96979	0.836797	0.652845	0.454035	0.270855	0.107531	-0.0341467	-0.156257	-0.249245	-0.317189	-0.361412	-0.377987	-0.350637	-0.272523	-0.172513	-0.0976745	-0.0643156	-0.057822	-0.070534	-0.0916851	-0.113033	-0.108063	-0.0808514	-0.0647835	-0.0579159	-0.0715398	-0.122878	-0.2102	-0.306543	-0.366381	-0.375309	-0.344208	-0.290091	-0.213642	-0.104415	0.0274145	0.178206	0.356618	0.563233	0.780971	0.975891	1.12534	1.20984	1.2227	1.19503	1.1339	1.01635	0.845165	0.618411	0.327973	0	
0	-0.000803059	-0.0017513	-0.00220708	-0.00309636	-0.00230226	-0.00406419	-0.00173198	-0.0029954	-0.00357891	-0.000993661	-0.00591245	-0.00351553	-0.00541789	-0.00777659	-0.00634822	-0.00708017	-0.00937113	-0.00611622	-0.00940251	-0.0103261	-0.011436	-0.0101586	-0.0151571	-0.013006	-0.014434	-0.0221283	-0.033817	-0.0465149	-0.0667458	-0.103312	-0.162496	-0.232395	-0.317515	-0.425779	-0.527021	-0.607397	-0.653554	-0.638049	-0.5413	-0.387211	-0.181299	0.0486062	0.283359	0.495564	0.68004	0.831212	0.946159	0.996096	0.96063	0.855102	0.70119	0.523147	0.344706	0.181015	0.032844	-0.0951025	-0.200567	-0.285577	-0.35862	-0.399667	-0.383589	-0.30713	-0.204802	-0.130808	-0.0931107	-0.0789867	-0.0781807	-0.0879639	-0.103293	-0.0978837	-0.0822823	-0.0776685	-0.0807263	-0.103286	-0.155885	-0.243266	-0.34251	-0.397749	-0.38581	-0.327528	-0.249934	-0.155728	-0.0394239	0.0954533	0.254165	0.435915	0.628325	0.816224	0.982557	1.11379	1.18227	1.18098	1.14978	1.0948	0.988264	0.828234	0.606818	0.319626	0	
0	-0.00145961	-0.000116678	-0.00377997	-0.00100309	-0.00513999	-0.00339258	-0.00582224	-0.00753562	-0.00686252	-0.0104146	-0.0100595	-0.0100803	-0.012024	-0.0114075	-0.0106117	-0.0130099	-0.0136608	-0.0130759	-0.0171332	-0.0169784	-0.0156061	-0.0179797	-0.0191994	-0.018564	-0.0245194	-0.033817	-0.0362472	-0.0497792	-0.0769987	-0.117728	-0.168152	-0.237215	-0.32893	-0.437271	-0.534732	-0.616442	-0.662632	-0.643638	-0.550047	-0.398222	-0.195849	0.0291066	0.253992	0.455314	0.62965	0.777428	0.897653	0.953381	0.936065	0.858723	0.738532	0.580299	0.41476	0.254346	0.106589	-0.0273843	-0.141569	-0.245139	-0.345102	-0.407217	-0.408071	-0.337401	-0.243848	-0.171898	-0.13085	-0.10934	-0.0902337	-0.0842924	-0.085064	-0.082863	-0.0847051	-0.0947665	-0.114458	-0.143915	-0.194485	-0.27918	-0.370794	-0.41383	-0.385002	-0.304262	-0.20144	-0.0912491	0.0297358	0.172698	0.336079	0.505063	0.677578	0.846021	0.986404	1.08813	1.13957	1.13719	1.10754	1.05523	0.960022	0.812401	0.596126	0.312591	0	
0	-0.00140169	-0.000733574	-0.00420385	-0.00304175	-0.00709822	-0.00691474	-0.0101247	-0.0113001	-0.012632	-0.0158077	-0.0141384	-0.0194902	-0.0174436	-0.0208144	-0.0236279	-0.0236489	-0.027694	-0.027532	-0.029437	-0.0298687	-0.0292669	-0.0343858	-0.0344322	-0.0366283	-0.0412274	-0.0465149	-0.0497792	-0.0716374	-0.0975014	-0.13104	-0.180801	-0.259225	-0.351001	-0.451755	-0.55045	-0.636838	-0.679897	-0.658174	-0.568006	-0.417015	-0.216983	0.00337344	0.219366	0.411025	0.576523	0.722085	0.841481	0.900493	0.900727	0.8538	0.763692	0.628435	0.480244	0.329999	0.184015	0.0450239	-0.0790304	-0.20243	-0.322384	-0.405106	-0.42119	-0.366777	-0.286491	-0.216241	-0.174321	-0.141268	-0.107342	-0.0804016	-0.0658028	-0.0711558	-0.0888276	-0.121469	-0.154326	-0.185343	-0.239374	-0.314492	-0.389028	-0.418105	-0.372882	-0.272027	-0.145832	-0.0198302	0.108102	0.255202	0.410176	0.562882	0.723374	0.870993	0.973928	1.04517	1.09307	1.09702	1.06421	1.01376	0.934138	0.79828	0.585808	0.307156	0	
0	-0.00372426	-0.00460803	-0.00927939	-0.0114238	-0.0127279	-0.017404	-0.0173874	-0.020113	-0.0228075	-0.0233596	-0.0267359	-0.0300765	-0.031265	-0.0374356	-0.0377787	-0.0409436	-0.0441973	-0.0430217	-0.047727	-0.0495558	-0.0510575	-0.0563445	-0.0552263	-0.0592336	-0.0647999	-0.0667458	-0.0769987	-0.0975014	-0.119248	-0.151692	-0.209793	-0.286968	-0.372204	-0.471821	-0.578367	-0.662145	-0.699442	-0.678768	-0.592516	-0.439622	-0.241743	-0.0250679	0.181549	0.36577	0.522848	0.665076	0.775918	0.83698	0.852872	0.832708	0.767361	0.657708	0.533386	0.399474	0.259351	0.117471	-0.016328	-0.155177	-0.288355	-0.385973	-0.420768	-0.391411	-0.328664	-0.265179	-0.221211	-0.179146	-0.130888	-0.081122	-0.0532857	-0.0616601	-0.097603	-0.151247	-0.193896	-0.23294	-0.28525	-0.347729	-0.404616	-0.407674	-0.343092	-0.227604	-0.0840046	0.0529163	0.190264	0.339815	0.481059	0.616955	0.757278	0.874436	0.948534	1.00323	1.04548	1.04824	1.01862	0.980161	0.912355	0.780796	0.575252	0.305979	0	
0	-0.00481664	-0.0103206	-0.0142469	-0.0190575	-0.022367	-0.0273335	-0.0298263	-0.0353742	-0.0401842	-0.0431443	-0.0509823	-0.0534004	-0.0566699	-0.0625392	-0.0625362	-0.0668988	-0.0712892	-0.0730681	-0.0797707	-0.0801559	-0.0860845	-0.0875376	-0.0897976	-0.0939839	-0.0961756	-0.103312	-0.117728	-0.13104	-0.151692	-0.191233	-0.248682	-0.320607	-0.404368	-0.510856	-0.6165	-0.694493	-0.730102	-0.716288	-0.627701	-0.474121	-0.276709	-0.0671479	0.134486	0.310962	0.463863	0.596569	0.697813	0.760383	0.791061	0.790146	0.746652	0.66668	0.572326	0.461551	0.330406	0.189961	0.0453975	-0.101688	-0.24267	-0.352308	-0.409858	-0.412946	-0.371378	-0.318427	-0.272547	-0.222551	-0.158917	-0.0888974	-0.049649	-0.058018	-0.109768	-0.18136	-0.236187	-0.282783	-0.332684	-0.38221	-0.409178	-0.380031	-0.297855	-0.170728	-0.0191932	0.128562	0.27661	0.41947	0.54753	0.666163	0.772492	0.859271	0.919761	0.960681	0.989141	0.993707	0.980089	0.954683	0.888788	0.760255	0.567275	0.307824	0	
0	-0.0068305	-0.0109159	-0.0202502	-0.0256949	-0.0346227	-0.0431701	-0.0511331	-0.060183	-0.0670871	-0.074599	-0.0808475	-0.0857858	-0.0932504	-0.0984105	-0.104041	-0.111955	-0.117137	-0.121594	-0.127931	-0.131783	-0.134757	-0.136326	-0.141901	-0.146545	-0.151587	-0.162496	-0.168152	-0.180801	-0.209793	-0.248682	-0.300619	-0.372615	-0.459923	-0.566531	-0.668122	-0.743411	-0.784495	-0.771376	-0.67944	-0.524989	-0.331873	-0.125934	0.0722266	0.245348	0.393063	0.513754	0.607416	0.67334	0.714279	0.725125	0.70279	0.655521	0.596167	0.510565	0.395153	0.254805	0.104603	-0.04705	-0.192568	-0.312018	-0.398617	-0.431892	-0.41375	-0.371685	-0.322956	-0.264744	-0.186509	-0.10499	-0.0586963	-0.0700764	-0.132796	-0.214806	-0.28267	-0.331765	-0.372994	-0.405941	-0.40225	-0.342044	-0.237893	-0.102751	0.0482736	0.204592	0.359548	0.498297	0.613947	0.699911	0.766823	0.833688	0.884041	0.912082	0.932811	0.942814	0.944322	0.929178	0.865738	0.744119	0.560826	0.305616	0	
0	-0.0134715	-0.0252972	-0.0395572	-0.0492296	-0.0625943	-0.0717193	-0.0819549	-0.0923418	-0.100733	-0.111517	-0.120316	-0.131924	-0.139878	-0.151273	-0.160722	-0.16763	-0.17778	-0.18281	-0.189318	-0.194172	-0.199419	-0.208064	-0.21576	-0.218561	-0.224317	-0.232395	-0.237215	-0.259225	-0.286968	-0.320607	-0.372615	-0.446506	-0.53264	-0.639143	-0.736982	-0.813727	-0.857024	-0.841891	-0.746249	-0.594638	-0.403677	-0.198651	-0.000431288	0.170819	0.310908	0.420409	0.510127	0.57766	0.620078	0.635053	0.632834	0.616945	0.590847	0.533598	0.435604	0.301981	0.152835	0.00394361	-0.139268	-0.270675	-0.380888	-0.441029	-0.446884	-0.417274	-0.372505	-0.309389	-0.2234	-0.139274	-0.0931552	-0.103074	-0.16307	-0.249879	-0.322273	-0.370438	-0.40662	-0.41838	-0.385766	-0.298664	-0.171058	-0.0275797	0.126327	0.287846	0.440144	0.569263	0.662613	0.714886	0.755197	0.800895	0.834464	0.85985	0.882715	0.895636	0.908223	0.903579	0.846294	0.732902	0.553511	0.298346	0	
0	-0.0193841	-0.0354923	-0.0559341	-0.0723615	-0.0895959	-0.107737	-0.123233	-0.139763	-0.155927	-0.17053	-0.185509	-0.199587	-0.212157	-0.224974	-0.233976	-0.243915	-0.253261	-0.258789	-0.270572	-0.280496	-0.286813	-0.295813	-0.297845	-0.301916	-0.31025	-0.317515	-0.32893	-0.351001	-0.372204	-0.404368	-0.459923	-0.53264	-0.621317	-0.723699	-0.819375	-0.898917	-0.94605	-0.925634	-0.832153	-0.684028	-0.495861	-0.289045	-0.0918154	0.0756454	0.205637	0.307873	0.395678	0.46019	0.495701	0.514787	0.531877	0.546119	0.552888	0.526747	0.454097	0.334359	0.197239	0.0562469	-0.087579	-0.232676	-0.365044	-0.448551	-0.47651	-0.463875	-0.426197	-0.35919	-0.271086	-0.19054	-0.146928	-0.153295	-0.204413	-0.284952	-0.358143	-0.40656	-0.428513	-0.418461	-0.364672	-0.248406	-0.0940883	0.0617005	0.215915	0.366687	0.508394	0.625988	0.695004	0.722095	0.738372	0.754282	0.77349	0.806658	0.838332	0.856121	0.873941	0.875458	0.829303	0.725656	0.54513	0.288572	0	
0	-0.0252659	-0.0501847	-0.0759195	-0.0998341	-0.125524	-0.149666	-0.172963	-0.197547	-0.219102	-0.239876	-0.260125	-0.277281	-0.291551	-0.308474	-0.320488	-0.335002	-0.349955	-0.361715	-0.375011	-0.380028	-0.387756	-0.394402	-0.399213	-0.408009	-0.416827	-0.425779	-0.437271	-0.451755	-0.471821	-0.510856	-0.566531	-0.639143	-0.723699	-0.82221	-0.920901	-1.00836	-1.05003	-1.02794	-0.939653	-0.796909	-0.605984	-0.397642	-0.201489	-0.0391566	0.0844659	0.186047	0.271971	0.327209	0.35444	0.377577	0.411436	0.447732	0.482085	0.487451	0.440711	0.345137	0.225776	0.0947711	-0.0524019	-0.212153	-0.357586	-0.456274	-0.501672	-0.505625	-0.477468	-0.413471	-0.330238	-0.25941	-0.224265	-0.225066	-0.261993	-0.331053	-0.396022	-0.434412	-0.43756	-0.40269	-0.323035	-0.185927	-0.0183291	0.14877	0.304603	0.444161	0.571691	0.669507	0.714012	0.716329	0.703934	0.69815	0.71362	0.754187	0.798443	0.823927	0.839219	0.846421	0.817008	0.718896	0.534075	0.28003	0	
0	-0.0355102	-0.0682721	-0.104538	-0.137295	-0.170021	-0.202665	-0.231672	-0.26017	-0.286269	-0.310236	-0.333603	-0.35497	-0.377467	-0.397974	-0.416548	-0.43452	-0.448627	-0.457936	-0.469096	-0.478517	-0.487503	-0.496128	-0.505171	-0.514339	-0.519501	-0.527021	-0.534732	-0.55045	-0.578367	-0.6165	-0.668122	-0.736982	-0.819375	-0.920901	-1.02863	-1.1109	-1.14756	-1.13203	-1.05381	-0.909482	-0.716318	-0.509931	-0.317785	-0.160981	-0.0386024	0.0624224	0.140601	0.181387	0.200127	0.227039	0.267673	0.316837	0.373253	0.406351	0.392166	0.327298	0.2343	0.113918	-0.0394694	-0.206615	-0.358215	-0.463255	-0.519908	-0.540902	-0.527066	-0.47584	-0.409218	-0.355418	-0.328833	-0.325463	-0.344319	-0.387538	-0.430245	-0.445808	-0.423093	-0.367514	-0.27469	-0.129809	0.0505394	0.235209	0.396097	0.524806	0.629682	0.696662	0.710624	0.685572	0.656394	0.648271	0.661596	0.701281	0.756404	0.791588	0.810714	0.827315	0.803806	0.702391	0.522959	0.280381	0	
0	-0.0445321	-0.0867776	-0.130935	-0.169329	-0.209781	-0.246094	-0.280337	-0.315791	-0.346763	-0.378275	-0.407975	-0.435096	-0.457965	-0.480677	-0.497383	-0.512907	-0.527933	-0.540268	-0.554254	-0.563799	-0.573725	-0.583721	-0.590454	-0.59331	-0.597968	-0.607397	-0.616442	-0.636838	-0.662145	-0.694493	-0.743411	-0.813727	-0.898917	-1.00836	-1.1109	-1.18692	-1.23098	-1.2305	-1.15254	-1.00623	-0.817589	-0.617938	-0.430882	-0.276221	-0.154411	-0.0575412	0.00622833	0.032136	0.0461307	0.0701291	0.108506	0.160857	0.232559	0.292536	0.312342	0.287116	0.223132	0.112415	-0.0424031	-0.212914	-0.364189	-0.471196	-0.539168	-0.577207	-0.58541	-0.561008	-0.517309	-0.478733	-0.457114	-0.442435	-0.438587	-0.453779	-0.46346	-0.449111	-0.404381	-0.329121	-0.220881	-0.0668928	0.122644	0.317409	0.483765	0.600786	0.670837	0.699252	0.685391	0.641653	0.607361	0.601801	0.611635	0.648054	0.710756	0.762702	0.797322	0.813561	0.778949	0.679877	0.517832	0.285361	0	
0	-0.046037	-0.0897431	-0.13658	-0.180559	-0.224698	-0.268958	-0.309894	-0.350296	-0.387129	-0.421026	-0.451936	-0.478483	-0.504034	-0.52581	-0.545226	-0.563771	-0.580693	-0.592029	-0.606111	-0.616498	-0.623156	-0.629213	-0.631574	-0.636439	-0.64455	-0.653554	-0.662632	-0.679897	-0.699442	-0.730102	-0.784495	-0.857024	-0.94605	-1.05003	-1.14756	-1.23098	-1.29277	-1.29381	-1.21378	-1.07487	-0.897768	-0.704271	-0.519764	-0.367135	-0.246917	-0.160913	-0.112739	-0.095724	-0.0872392	-0.0717669	-0.0459677	0.00316574	0.0840265	0.164796	0.220113	0.231008	0.192096	0.0896433	-0.0651628	-0.233635	-0.383269	-0.49167	-0.564733	-0.6167	-0.650777	-0.657332	-0.641969	-0.620118	-0.60043	-0.580105	-0.560245	-0.542466	-0.510081	-0.454237	-0.374406	-0.27751	-0.159515	-9.80531e-06	0.192806	0.389142	0.552566	0.653328	0.694098	0.690201	0.648877	0.589277	0.550496	0.545799	0.561877	0.606137	0.674854	0.738593	0.782761	0.792629	0.754394	0.667419	0.511931	0.277675	0	
0	-0.0461596	-0.0900028	-0.136771	-0.178138	-0.221832	-0.262267	-0.299534	-0.338085	-0.371192	-0.403637	-0.434643	-0.462071	-0.487017	-0.511845	-0.531386	-0.551327	-0.56756	-0.581121	-0.59386	-0.599033	-0.604728	-0.612695	-0.617894	-0.625236	-0.632203	-0.638049	-0.643638	-0.658174	-0.678768	-0.716288	-0.771376	-0.841891	-0.925634	-1.02794	-1.13203	-1.2305	-1.29381	-1.29171	-1.22027	-1.09659	-0.927434	-0.736329	-0.555743	-0.404251	-0.291808	-0.219714	-0.183515	-0.173211	-0.17459	-0.179949	-0.173943	-0.137197	-0.0578889	0.0376661	0.118978	0.159124	0.139883	0.0490432	-0.0936563	-0.253969	-0.399384	-0.506408	-0.584186	-0.652144	-0.718535	-0.768222	-0.788126	-0.78432	-0.769449	-0.740869	-0.700368	-0.64724	-0.564248	-0.457505	-0.342279	-0.227015	-0.098812	0.0655824	0.253722	0.440418	0.596022	0.685769	0.703698	0.667783	0.598715	0.523405	0.48003	0.485432	0.523369	0.581073	0.647454	0.708275	0.756117	0.773219	0.743994	0.659051	0.495346	0.260257	0	
0	-0.0355438	-0.0695152	-0.105086	-0.138668	-0.171821	-0.205024	-0.235682	-0.266842	-0.295245	-0.323459	-0.350278	-0.37453	-0.399998	-0.421539	-0.441484	-0.45893	-0.473801	-0.483229	-0.494438	-0.503826	-0.514226	-0.522751	-0.52822	-0.534013	-0.537034	-0.5413	-0.550047	-0.568006	-0.592516	-0.627701	-0.67944	-0.746249	-0.832153	-0.939653	-1.05381	-1.15254	-1.21378	-1.22027	-1.16633	-1.0531	-0.888027	-0.703744	-0.526634	-0.381583	-0.281307	-0.222575	-0.19316	-0.1898	-0.210925	-0.240319	-0.257951	-0.237833	-0.164528	-0.062537	0.0368625	0.094234	0.0913458	0.0200008	-0.105017	-0.2552	-0.399815	-0.512046	-0.598584	-0.688552	-0.793695	-0.88606	-0.941877	-0.959031	-0.947723	-0.912154	-0.852199	-0.761406	-0.62958	-0.473192	-0.319569	-0.185135	-0.0497771	0.116895	0.303223	0.481233	0.618513	0.687174	0.684475	0.623352	0.531257	0.448129	0.412702	0.433432	0.487146	0.555974	0.62369	0.678838	0.728693	0.759209	0.735163	0.640833	0.474892	0.25071	0	
