0	0	0	0	0	0	0	0	0	0	0	0	0	0	0	0	0	0	0	0	0	0	0	0	0	0	0	0	0	0	0	0	0	0	0	0	0	0	0	0	0	0	0	0	0	0	0	0	0	0	0	0	0	0	0	0	0	0	0	0	0	0	0	0	0	0	0	0	0	0	0	0	0	0	0	0	0	0	0	0	0	0	0	0	0	0	0	0	0	0	0	0	0	0	0	0	0	0	0	0	
0	0.00845313	0.0183694	0.0248559	0.0274557	0.0191207	0.00382632	-0.0142063	-0.029648	-0.0355385	-0.0347347	-0.0246541	-0.0106108	0.00384512	0.013562	0.0137324	0.00683877	-0.00336266	-0.0145958	-0.0277232	-0.0463793	-0.0692669	-0.0931117	-0.115989	-0.137608	-0.16107	-0.184716	-0.209478	-0.235729	-0.258963	-0.279956	-0.298238	-0.314243	-0.330633	-0.339608	-0.339646	-0.336414	-0.328214	-0.312978	-0.2892	-0.259714	-0.228533	-0.194343	-0.15914	-0.126923	-0.100046	-0.0789473	-0.0634451	-0.0507065	-0.039429	-0.0281892	-0.0146912	0.00288187	0.0184229	0.0284767	0.0334533	0.0333924	0.0265518	0.0158102	8.00626e-05	-0.0171107	-0.0398643	-0.0648261	-0.0847483	-0.0975713	-0.1029	-0.103512	-0.0981248	-0.0946939	-0.0900566	-0.0830053	-0.0742912	-0.0636108	-0.0503681	-0.0277869	-0.00114138	0.0258137	0.0535468	0.0809167	0.109747	0.143658	0.180609	0.215055	0.24538	0.273134	0.299948	0.322159	0.338473	0.348837	0.351729	0.345867	0.330548	0.311565	0.286215	0.248839	0.205867	0.159436	0.10932	0.0568565	0	
0	0.0183694	0.0380034	0.053318	0.0579071	0.0425109	0.0126854	-0.0246555	-0.053674	-0.0681657	-0.0658858	-0.0471097	-0.0211559	0.00821474	0.0245587	0.0251751	0.00964421	-0.0118865	-0.0359451	-0.0631661	-0.102494	-0.148601	-0.196798	-0.242472	-0.284005	-0.327893	-0.37161	-0.416886	-0.462341	-0.506092	-0.541274	-0.572577	-0.600519	-0.628243	-0.639431	-0.639911	-0.630167	-0.614091	-0.58635	-0.543496	-0.48593	-0.430428	-0.367644	-0.305353	-0.246331	-0.197149	-0.157685	-0.133192	-0.110533	-0.0864559	-0.0613743	-0.0344719	0.00283545	0.0388505	0.0643628	0.0784349	0.0818761	0.0734346	0.0544426	0.0268935	-0.00732154	-0.0504753	-0.100814	-0.141052	-0.166999	-0.180408	-0.181166	-0.173417	-0.166608	-0.158273	-0.145643	-0.127583	-0.107992	-0.0811138	-0.0371115	0.0150332	0.0684404	0.122234	0.176119	0.231475	0.297215	0.367412	0.431349	0.487823	0.535729	0.581719	0.618262	0.641531	0.658356	0.659852	0.640373	0.608238	0.572206	0.52252	0.451304	0.370313	0.285022	0.196759	0.103778	0	
0	0.0248559	0.053318	0.0728085	0.0795071	0.0550735	0.00937264	-0.0447962	-0.0906976	-0.109864	-0.108084	-0.0802428	-0.0409689	-0.000806189	0.0243057	0.0214138	-0.00298188	-0.0378639	-0.0754212	-0.118101	-0.175569	-0.243938	-0.313292	-0.377999	-0.435872	-0.49625	-0.554461	-0.613259	-0.673554	-0.724852	-0.76747	-0.802477	-0.831886	-0.863362	-0.876292	-0.868464	-0.853714	-0.829955	-0.791097	-0.732227	-0.66006	-0.586304	-0.506376	-0.425195	-0.351716	-0.291767	-0.246347	-0.213909	-0.184712	-0.154314	-0.118868	-0.0724861	-0.00992591	0.0504529	0.0974744	0.129563	0.146617	0.143235	0.125359	0.090881	0.0483175	-0.0126248	-0.0833542	-0.1419	-0.181514	-0.20105	-0.206129	-0.195361	-0.189063	-0.179049	-0.161999	-0.13895	-0.109871	-0.0722173	-0.00799884	0.0683894	0.145419	0.22326	0.298201	0.37455	0.46293	0.55679	0.640231	0.708822	0.767078	0.820661	0.859899	0.882532	0.89091	0.880715	0.848697	0.796051	0.739187	0.670563	0.575269	0.469713	0.360588	0.246975	0.129057	0	
0	0.0274557	0.0579071	0.0795071	0.0814918	0.0447058	-0.0197427	-0.0976036	-0.1599	-0.191516	-0.190683	-0.156651	-0.108179	-0.0540793	-0.0239277	-0.0250938	-0.0571233	-0.101407	-0.14938	-0.202924	-0.275775	-0.36057	-0.447025	-0.525052	-0.593204	-0.661126	-0.725373	-0.789508	-0.851526	-0.906549	-0.946896	-0.977949	-1.00474	-1.03349	-1.03797	-1.02507	-1.00079	-0.970537	-0.926408	-0.860188	-0.7755	-0.697346	-0.610787	-0.526248	-0.449299	-0.389262	-0.344175	-0.319802	-0.293464	-0.256752	-0.208051	-0.145264	-0.0567757	0.0368999	0.115961	0.175744	0.214997	0.230539	0.223123	0.194373	0.149557	0.0810815	-0.00445954	-0.0763972	-0.124809	-0.150881	-0.154916	-0.143441	-0.134593	-0.122691	-0.103088	-0.0738003	-0.0404454	0.00641437	0.0840349	0.176758	0.27032	0.361005	0.447911	0.532851	0.631613	0.735437	0.822613	0.891163	0.943003	0.987734	1.01546	1.02281	1.01986	0.995036	0.940513	0.8709	0.803816	0.722645	0.613199	0.494633	0.375953	0.258678	0.13733	0	
0	0.0191207	0.0425109	0.0550735	0.0447058	-0.0114085	-0.101854	-0.204652	-0.290113	-0.33295	-0.335776	-0.296284	-0.235299	-0.170375	-0.128416	-0.128072	-0.161013	-0.210492	-0.261995	-0.319588	-0.396906	-0.488887	-0.580008	-0.661923	-0.729347	-0.796887	-0.859019	-0.919782	-0.979801	-1.02869	-1.06194	-1.08507	-1.10283	-1.12537	-1.12507	-1.10256	-1.07295	-1.0389	-0.99154	-0.922311	-0.838843	-0.759294	-0.676982	-0.597987	-0.531099	-0.482967	-0.454915	-0.44188	-0.425037	-0.394262	-0.342953	-0.262929	-0.145645	-0.0192262	0.0961464	0.191678	0.266026	0.310621	0.327824	0.316633	0.285189	0.220654	0.133644	0.0588093	0.00893335	-0.0147442	-0.0155078	0.00245405	0.0138807	0.0286603	0.0507187	0.080998	0.117623	0.166241	0.250338	0.350692	0.448317	0.540796	0.622672	0.699411	0.789073	0.88185	0.9546	1.00252	1.03337	1.05782	1.06419	1.05174	1.02856	0.987173	0.921531	0.839746	0.764305	0.682334	0.573857	0.4584	0.347373	0.239286	0.127049	0	
0	0.00382632	0.0126854	0.00937264	-0.0197427	-0.101854	-0.22166	-0.356294	-0.466641	-0.526567	-0.535323	-0.491824	-0.421979	-0.342114	-0.290103	-0.279757	-0.309489	-0.355038	-0.401663	-0.453733	-0.525151	-0.611914	-0.698912	-0.771622	-0.830753	-0.886579	-0.937119	-0.98766	-1.0368	-1.07555	-1.10003	-1.11232	-1.12335	-1.14028	-1.13548	-1.10958	-1.07654	-1.04164	-0.996797	-0.928967	-0.848096	-0.778385	-0.706069	-0.639653	-0.588051	-0.560637	-0.552998	-0.565107	-0.569557	-0.550058	-0.498628	-0.409377	-0.272832	-0.113021	0.0407949	0.176849	0.289838	0.373316	0.425175	0.443807	0.436829	0.389294	0.31323	0.2468	0.20553	0.191681	0.203334	0.231412	0.252083	0.272231	0.297207	0.32882	0.362353	0.408469	0.487245	0.581298	0.669738	0.744487	0.804805	0.854379	0.91433	0.978646	1.01864	1.03264	1.03092	1.02257	1.0005	0.966164	0.92735	0.873696	0.797729	0.71506	0.647403	0.575294	0.47965	0.378512	0.283342	0.196137	0.106463	0	
0	-0.0142063	-0.0246555	-0.0447962	-0.0976036	-0.204652	-0.356294	-0.521174	-0.656683	-0.733371	-0.746445	-0.699927	-0.617689	-0.524889	-0.456879	-0.436764	-0.456149	-0.494561	-0.531319	-0.571212	-0.629791	-0.703856	-0.775046	-0.833403	-0.8729	-0.909644	-0.942355	-0.975387	-1.00894	-1.03691	-1.04897	-1.05292	-1.0575	-1.07048	-1.06326	-1.03794	-1.00598	-0.975093	-0.935875	-0.876592	-0.804371	-0.739929	-0.679956	-0.630894	-0.600417	-0.594425	-0.615339	-0.653951	-0.683487	-0.684498	-0.645496	-0.555759	-0.404162	-0.220757	-0.0343289	0.137408	0.290135	0.414619	0.504563	0.560847	0.585942	0.566469	0.512831	0.465061	0.442792	0.446894	0.478048	0.522092	0.554558	0.582932	0.609593	0.638104	0.664959	0.698842	0.762428	0.838173	0.902	0.947205	0.969647	0.976886	0.994539	1.01439	1.01101	0.982586	0.940478	0.898575	0.848622	0.791787	0.740139	0.682636	0.608228	0.532401	0.476523	0.421561	0.346615	0.267894	0.200412	0.142669	0.0793545	0	
0	-0.029648	-0.053674	-0.0906976	-0.1599	-0.290113	-0.466641	-0.656683	-0.813162	-0.901105	-0.916561	-0.86314	-0.76857	-0.659868	-0.578185	-0.543825	-0.554673	-0.583315	-0.608882	-0.636868	-0.678562	-0.735785	-0.790857	-0.827805	-0.848575	-0.863763	-0.875264	-0.889243	-0.906509	-0.916411	-0.917369	-0.909907	-0.907711	-0.916276	-0.913478	-0.890475	-0.863656	-0.839018	-0.807775	-0.754389	-0.693089	-0.642839	-0.597322	-0.561843	-0.548635	-0.56772	-0.615164	-0.682249	-0.741472	-0.768095	-0.74523	-0.660836	-0.508551	-0.310921	-0.101622	0.0994983	0.284217	0.443075	0.570597	0.662625	0.723506	0.735067	0.710368	0.688846	0.689526	0.719047	0.772849	0.835454	0.882727	0.917312	0.94432	0.964754	0.977096	0.992511	1.02933	1.0752	1.10597	1.10954	1.08644	1.04583	1.01239	0.985822	0.93834	0.867915	0.792439	0.719591	0.645935	0.577724	0.517936	0.456122	0.386122	0.32146	0.28052	0.246678	0.199096	0.147051	0.105093	0.0765129	0.0458207	0	
0	-0.0355385	-0.0681657	-0.109864	-0.191516	-0.33295	-0.526567	-0.733371	-0.901105	-0.996016	-1.00644	-0.943469	-0.832251	-0.707073	-0.607357	-0.559989	-0.558304	-0.578383	-0.595932	-0.61305	-0.644036	-0.689048	-0.729845	-0.753646	-0.757341	-0.752283	-0.745355	-0.739956	-0.73749	-0.735268	-0.722839	-0.705857	-0.697593	-0.701112	-0.69412	-0.674423	-0.65097	-0.632215	-0.609657	-0.570421	-0.520304	-0.476133	-0.442296	-0.424891	-0.432634	-0.471209	-0.54371	-0.638397	-0.726613	-0.778819	-0.777025	-0.70724	-0.559655	-0.357579	-0.135943	0.0816189	0.286611	0.471716	0.625255	0.748623	0.837299	0.879172	0.884139	0.888489	0.916567	0.971118	1.05128	1.13291	1.19417	1.23527	1.25711	1.26385	1.2547	1.24129	1.24198	1.24849	1.23706	1.1963	1.12636	1.03958	0.964189	0.897664	0.816246	0.719052	0.618494	0.525927	0.439041	0.359722	0.297908	0.240949	0.176043	0.122533	0.096168	0.077599	0.0493286	0.0214002	0.0101055	0.0137291	0.0131849	0	
0	-0.0347347	-0.0658858	-0.108084	-0.190683	-0.335776	-0.535323	-0.746445	-0.916561	-1.00644	-1.00447	-0.924326	-0.791308	-0.645812	-0.527969	-0.464803	-0.453685	-0.466728	-0.479202	-0.492317	-0.514918	-0.551702	-0.584598	-0.598951	-0.594019	-0.578846	-0.560777	-0.543841	-0.531053	-0.515135	-0.491387	-0.464043	-0.445452	-0.439034	-0.432119	-0.411628	-0.389298	-0.373088	-0.353544	-0.318115	-0.278318	-0.246588	-0.227325	-0.222681	-0.245995	-0.307126	-0.405733	-0.525986	-0.642587	-0.724113	-0.746085	-0.691674	-0.556451	-0.360237	-0.136873	0.0878331	0.302992	0.499041	0.669168	0.811488	0.920773	0.98552	1.01571	1.04538	1.09635	1.17774	1.28086	1.38006	1.454	1.49584	1.50914	1.4946	1.45698	1.4093	1.36745	1.33069	1.27773	1.1949	1.08423	0.96258	0.853804	0.759936	0.660375	0.549396	0.441831	0.344482	0.25581	0.181205	0.121757	0.065295	0.00778342	-0.0368823	-0.0575387	-0.0625834	-0.069144	-0.0768018	-0.0688365	-0.0426941	-0.0162054	0	
0	-0.0246541	-0.0471097	-0.0802428	-0.156651	-0.296284	-0.491824	-0.699927	-0.86314	-0.943469	-0.924326	-0.8238	-0.667485	-0.499934	-0.36176	-0.281755	-0.258003	-0.262846	-0.272575	-0.282717	-0.304001	-0.338056	-0.370657	-0.384693	-0.380566	-0.361384	-0.339903	-0.317318	-0.29742	-0.27616	-0.247735	-0.215064	-0.191064	-0.176229	-0.160552	-0.134718	-0.107736	-0.0874342	-0.0662116	-0.0365566	-0.00156997	0.0272674	0.0397299	0.0299063	-0.0123956	-0.0945078	-0.216061	-0.363159	-0.510005	-0.619404	-0.66638	-0.63249	-0.514218	-0.326723	-0.107694	0.11626	0.331004	0.529036	0.703382	0.85355	0.969443	1.04604	1.09259	1.13767	1.20594	1.30664	1.42922	1.54261	1.627	1.66972	1.67224	1.63632	1.5689	1.48575	1.40135	1.32131	1.22961	1.11096	0.969591	0.825459	0.699375	0.593906	0.491602	0.385197	0.282838	0.190601	0.109779	0.0420953	-0.00872976	-0.0549059	-0.102902	-0.135844	-0.146653	-0.144623	-0.142004	-0.136219	-0.112794	-0.0734589	-0.0333226	0	
0	-0.0106108	-0.0211559	-0.0409689	-0.108179	-0.235299	-0.421979	-0.617689	-0.76857	-0.832251	-0.791308	-0.667485	-0.484733	-0.295689	-0.136825	-0.041729	-0.00690882	-0.00628212	-0.0161675	-0.0278195	-0.0492383	-0.0838726	-0.115875	-0.134078	-0.133738	-0.118455	-0.101582	-0.0823778	-0.0644402	-0.0454607	-0.0156578	0.0172939	0.0455179	0.0680558	0.0887479	0.118703	0.151052	0.179429	0.210527	0.246651	0.28284	0.312891	0.320505	0.30346	0.248495	0.148962	0.00305784	-0.170565	-0.3465	-0.487726	-0.562817	-0.552145	-0.451599	-0.279588	-0.0697041	0.149985	0.360762	0.553691	0.724045	0.873398	0.985621	1.06336	1.11543	1.16537	1.2399	1.35068	1.4825	1.6037	1.69328	1.73369	1.72588	1.66922	1.57733	1.46503	1.34726	1.23582	1.11718	0.977811	0.819973	0.666835	0.53522	0.425422	0.328205	0.233385	0.142501	0.0640207	-0.000236635	-0.0516683	-0.0877109	-0.120676	-0.153256	-0.172372	-0.175876	-0.165148	-0.152098	-0.138761	-0.111688	-0.0734437	-0.0344214	0	
0	0.00384512	0.00821474	-0.000806189	-0.0540793	-0.170375	-0.342114	-0.524889	-0.659868	-0.707073	-0.645812	-0.499934	-0.295689	-0.0859847	0.0883524	0.199014	0.243168	0.249547	0.238955	0.224509	0.199105	0.164502	0.126585	0.10408	0.0959453	0.10396	0.115112	0.129503	0.141268	0.157267	0.180964	0.207343	0.233023	0.25748	0.28058	0.313912	0.352428	0.388875	0.43113	0.47405	0.519656	0.555309	0.568912	0.551888	0.492166	0.377965	0.21485	0.0193932	-0.184465	-0.354943	-0.459315	-0.471661	-0.393033	-0.235764	-0.0354696	0.179976	0.387421	0.572739	0.739154	0.881678	0.983135	1.05218	1.09653	1.13849	1.20275	1.30814	1.43507	1.55204	1.64136	1.67734	1.66231	1.59487	1.48882	1.36293	1.22884	1.10021	0.971909	0.825269	0.663721	0.515021	0.385073	0.278297	0.192279	0.111291	0.0353079	-0.0278321	-0.0758742	-0.108918	-0.127297	-0.14341	-0.154818	-0.15428	-0.147314	-0.130139	-0.111601	-0.0962154	-0.0753839	-0.0498268	-0.0223858	0	
0	0.013562	0.0245587	0.0243057	-0.0239277	-0.128416	-0.290103	-0.456879	-0.578185	-0.607357	-0.527969	-0.36176	-0.136825	0.0883524	0.27894	0.399675	0.452985	0.463227	0.448941	0.429647	0.400247	0.360917	0.322837	0.293085	0.27759	0.279521	0.282499	0.289481	0.296752	0.304361	0.321448	0.340423	0.360098	0.382179	0.405242	0.437822	0.474257	0.516863	0.569261	0.620828	0.671934	0.721083	0.745539	0.735108	0.674327	0.558325	0.387198	0.175583	-0.0482932	-0.244549	-0.373788	-0.411525	-0.351251	-0.210255	-0.0202402	0.193047	0.398009	0.580978	0.742604	0.879791	0.968279	1.02239	1.05272	1.07275	1.11467	1.19804	1.30281	1.40477	1.48243	1.5117	1.49287	1.42155	1.31738	1.19405	1.0631	0.939747	0.817322	0.680829	0.530936	0.393228	0.273161	0.171076	0.0931844	0.0282689	-0.0351284	-0.0840031	-0.111661	-0.127531	-0.128976	-0.125392	-0.118359	-0.103251	-0.0867618	-0.0664411	-0.0505613	-0.0368948	-0.0214975	-0.0142087	-0.00779863	0	
0	0.0137324	0.0251751	0.0214138	-0.0250938	-0.128072	-0.279757	-0.436764	-0.543825	-0.559989	-0.464803	-0.281755	-0.041729	0.199014	0.399675	0.531871	0.593386	0.607131	0.591941	0.567874	0.532427	0.494349	0.451941	0.419333	0.398195	0.391157	0.388676	0.390268	0.389745	0.393235	0.404452	0.413367	0.42739	0.445992	0.465864	0.491929	0.525823	0.567673	0.624565	0.680147	0.742198	0.795798	0.828238	0.827399	0.777621	0.663434	0.490106	0.273946	0.0392049	-0.172824	-0.32293	-0.377233	-0.33384	-0.207245	-0.0257044	0.186251	0.393811	0.573731	0.735274	0.866985	0.942388	0.980322	0.987872	0.98032	0.987386	1.03498	1.10559	1.17898	1.23973	1.26004	1.24042	1.17835	1.08783	0.984753	0.877481	0.773478	0.674171	0.559624	0.428754	0.312565	0.204178	0.108281	0.0427489	-0.0100132	-0.0606429	-0.0934064	-0.105938	-0.105872	-0.0941274	-0.0813006	-0.0611841	-0.0369285	-0.0222927	-0.00595579	0.00800633	0.0163826	0.0183723	0.0115682	0.00742762	0	
0	0.00683877	0.00964421	-0.00298188	-0.0571233	-0.161013	-0.309489	-0.456149	-0.554673	-0.558304	-0.453685	-0.258003	-0.00690882	0.243168	0.452985	0.593386	0.662974	0.683111	0.667893	0.64044	0.603834	0.563224	0.523433	0.487999	0.461437	0.450049	0.442494	0.438941	0.436407	0.43549	0.440257	0.442116	0.447786	0.460568	0.477074	0.500482	0.526826	0.566761	0.624709	0.681203	0.738856	0.79719	0.840996	0.848643	0.801537	0.692799	0.526627	0.310987	0.0757345	-0.142714	-0.301098	-0.36798	-0.333305	-0.215216	-0.0396411	0.172759	0.380604	0.560404	0.718979	0.84283	0.903393	0.919317	0.901273	0.858796	0.825737	0.830447	0.85778	0.899705	0.939126	0.951616	0.938213	0.891937	0.828115	0.758092	0.685949	0.617135	0.54888	0.464546	0.364117	0.271525	0.181379	0.097613	0.0419804	0.00425156	-0.0340351	-0.0566028	-0.0574225	-0.0517572	-0.0386998	-0.0224938	-0.00115291	0.0201529	0.0308565	0.0380723	0.0397631	0.0435336	0.0423178	0.022493	0.00644399	0	
0	-0.00336266	-0.0118865	-0.0378639	-0.101407	-0.210492	-0.355038	-0.494561	-0.583315	-0.578383	-0.466728	-0.262846	-0.00628212	0.249547	0.463227	0.607131	0.683111	0.704849	0.689644	0.658012	0.617039	0.579029	0.541669	0.508822	0.483111	0.468302	0.45878	0.452585	0.445498	0.441903	0.442299	0.437869	0.438258	0.447535	0.462571	0.479547	0.497944	0.533762	0.589303	0.645492	0.706847	0.765256	0.807005	0.817558	0.778235	0.676566	0.514491	0.305096	0.0745842	-0.141709	-0.301207	-0.367171	-0.332725	-0.2175	-0.0434572	0.17107	0.380811	0.556346	0.706391	0.814606	0.853265	0.840601	0.789237	0.708402	0.633921	0.593156	0.578995	0.589635	0.609552	0.618527	0.612791	0.58867	0.554976	0.521781	0.493573	0.464867	0.436419	0.392374	0.330258	0.273521	0.209045	0.141465	0.0997632	0.0716936	0.0390304	0.0207308	0.020912	0.0233306	0.0274698	0.0334712	0.0469905	0.0588356	0.0573717	0.0524629	0.0470788	0.047886	0.0438768	0.0246047	0.0100135	0	
0	-0.0145958	-0.0359451	-0.0754212	-0.14938	-0.261995	-0.401663	-0.531319	-0.608882	-0.595932	-0.479202	-0.272575	-0.0161675	0.238955	0.448941	0.591941	0.667893	0.689644	0.672837	0.634572	0.589963	0.550244	0.51571	0.484831	0.459228	0.44312	0.434182	0.428307	0.423987	0.421555	0.421698	0.413169	0.406973	0.410832	0.423215	0.436405	0.451632	0.483604	0.537625	0.593842	0.650169	0.704143	0.751718	0.767733	0.72981	0.63052	0.473916	0.270177	0.0486789	-0.158263	-0.310616	-0.371665	-0.329052	-0.20578	-0.0241512	0.19572	0.407983	0.579838	0.716272	0.801199	0.808562	0.758652	0.665498	0.542997	0.426095	0.341289	0.289743	0.272357	0.277498	0.284381	0.288564	0.2859	0.280042	0.283623	0.297071	0.312052	0.327059	0.32835	0.315724	0.302544	0.273867	0.232623	0.206247	0.187144	0.157513	0.13481	0.122363	0.105528	0.0889083	0.0765017	0.072759	0.0713484	0.0617965	0.049367	0.0398589	0.0404896	0.0361024	0.014525	2.2397e-05	0	
0	-0.0277232	-0.0631661	-0.118101	-0.202924	-0.319588	-0.453733	-0.571212	-0.636868	-0.61305	-0.492317	-0.282717	-0.0278195	0.224509	0.429647	0.567874	0.64044	0.658012	0.634572	0.584728	0.530444	0.483905	0.448799	0.42002	0.394897	0.379715	0.372012	0.367939	0.365402	0.367318	0.367191	0.360953	0.353152	0.357173	0.369622	0.383335	0.390633	0.418161	0.468019	0.525976	0.581966	0.638666	0.685164	0.701381	0.666933	0.573786	0.423656	0.228179	0.0157162	-0.183956	-0.326722	-0.374888	-0.319888	-0.185197	0.00630587	0.236527	0.454423	0.623973	0.745008	0.801309	0.775598	0.682475	0.545962	0.381992	0.226614	0.105049	0.0222355	-0.0154948	-0.0225234	-0.0166358	-0.00552681	0.00504472	0.0184658	0.047732	0.0944204	0.148607	0.205798	0.256413	0.300814	0.340829	0.356823	0.349943	0.342002	0.328223	0.296381	0.261799	0.232108	0.193796	0.149171	0.113749	0.0929837	0.0764299	0.0556816	0.0330197	0.0171392	0.0188035	0.0220926	0.00908298	-0.00239053	0	
0	-0.0463793	-0.102494	-0.175569	-0.275775	-0.396906	-0.525151	-0.629791	-0.678562	-0.644036	-0.514918	-0.304001	-0.0492383	0.199105	0.400247	0.532427	0.603834	0.617039	0.589963	0.530444	0.465236	0.410464	0.371276	0.338978	0.311734	0.291859	0.281959	0.2784	0.280054	0.286134	0.293276	0.291179	0.284295	0.289146	0.305435	0.318166	0.327358	0.353443	0.400831	0.4587	0.512876	0.566101	0.611771	0.633168	0.603393	0.517277	0.370169	0.181697	-0.0223132	-0.208599	-0.341692	-0.383841	-0.320575	-0.175188	0.0287278	0.26557	0.489058	0.6603	0.7688	0.803502	0.747562	0.619385	0.444767	0.246857	0.0624217	-0.0906464	-0.195531	-0.251798	-0.269351	-0.264618	-0.251965	-0.233081	-0.20885	-0.163361	-0.0925568	-0.00851421	0.0825216	0.17552	0.269834	0.359004	0.420223	0.447914	0.460477	0.456653	0.428331	0.389255	0.34401	0.284039	0.21912	0.162537	0.116938	0.0833412	0.0536781	0.0231179	0.00349403	0.000944008	0.00161051	-0.00672057	-0.0115874	0	
0	-0.0692669	-0.148601	-0.243938	-0.36057	-0.488887	-0.611914	-0.703856	-0.735785	-0.689048	-0.551702	-0.338056	-0.0838726	0.164502	0.360917	0.494349	0.563224	0.579029	0.550244	0.483905	0.410464	0.346831	0.301641	0.268664	0.235855	0.212176	0.197364	0.189905	0.190191	0.198416	0.206458	0.20945	0.205391	0.21572	0.236837	0.257709	0.271133	0.295794	0.342491	0.403904	0.457939	0.510276	0.557942	0.579353	0.552722	0.469401	0.330996	0.152729	-0.0415012	-0.222448	-0.351091	-0.387965	-0.324245	-0.177983	0.0239516	0.259706	0.483261	0.654552	0.755321	0.774949	0.703572	0.554564	0.357845	0.142805	-0.0601131	-0.231337	-0.352807	-0.424952	-0.450689	-0.450173	-0.434996	-0.411405	-0.380803	-0.323	-0.239964	-0.137728	-0.0262665	0.0902517	0.21873	0.342831	0.437299	0.497797	0.530612	0.537171	0.520792	0.487187	0.439956	0.373882	0.295546	0.224411	0.165702	0.118547	0.0738241	0.0287297	-0.000712141	-0.00956202	-0.0081141	-0.0112441	-0.0144598	0	
0	-0.0931117	-0.196798	-0.313292	-0.447025	-0.580008	-0.698912	-0.775046	-0.790857	-0.729845	-0.584598	-0.370657	-0.115875	0.126585	0.322837	0.451941	0.523433	0.541669	0.51571	0.448799	0.371276	0.301641	0.255949	0.220278	0.187285	0.158686	0.137029	0.124502	0.120526	0.125456	0.13358	0.137168	0.13322	0.145275	0.170522	0.198685	0.219215	0.250382	0.301892	0.368795	0.426105	0.485168	0.530776	0.554141	0.531933	0.458102	0.323525	0.15132	-0.0382676	-0.212117	-0.33704	-0.380549	-0.329202	-0.196812	-0.00679612	0.21243	0.424653	0.591229	0.686379	0.702235	0.629237	0.478773	0.281278	0.0659613	-0.139677	-0.318937	-0.452369	-0.538097	-0.575368	-0.57753	-0.559295	-0.530466	-0.488102	-0.421027	-0.32955	-0.218893	-0.105499	0.0161098	0.152815	0.289477	0.403447	0.483358	0.533419	0.557229	0.560134	0.543189	0.506759	0.447687	0.372755	0.297568	0.227124	0.170284	0.120422	0.0692202	0.0292284	0.00736849	0.00275422	-0.00150283	-0.00933349	0	
0	-0.115989	-0.242472	-0.377999	-0.525052	-0.661923	-0.771622	-0.833403	-0.827805	-0.753646	-0.598951	-0.384693	-0.134078	0.10408	0.293085	0.419333	0.487999	0.508822	0.484831	0.42002	0.338978	0.268664	0.220278	0.189826	0.157288	0.129602	0.104627	0.0873172	0.0798574	0.0806671	0.085008	0.0867742	0.0794905	0.0887036	0.114427	0.144656	0.174347	0.210114	0.268138	0.343807	0.414455	0.4797	0.533616	0.565595	0.552513	0.482404	0.354553	0.189532	0.00293172	-0.171176	-0.30414	-0.361333	-0.33417	-0.22604	-0.0650245	0.126507	0.317746	0.475494	0.567629	0.588073	0.525901	0.391118	0.21075	0.0116926	-0.183166	-0.360294	-0.497988	-0.597599	-0.644647	-0.650691	-0.630573	-0.593211	-0.541392	-0.464073	-0.369344	-0.261995	-0.155477	-0.0480478	0.0769103	0.210203	0.327545	0.419623	0.482507	0.520939	0.547669	0.555262	0.538357	0.495312	0.433835	0.365575	0.296089	0.240774	0.189227	0.133435	0.0902964	0.0598651	0.0412	0.0267353	0.0089718	0	
0	-0.137608	-0.284005	-0.435872	-0.593204	-0.729347	-0.830753	-0.8729	-0.848575	-0.757341	-0.594019	-0.380566	-0.133738	0.0959453	0.27759	0.398195	0.461437	0.483111	0.459228	0.394897	0.311734	0.235855	0.187285	0.157288	0.130517	0.105621	0.0813539	0.0648767	0.0565362	0.0553138	0.059834	0.0572773	0.04722	0.0526288	0.0712386	0.102322	0.135574	0.172579	0.236668	0.319817	0.400905	0.483383	0.552565	0.595749	0.596912	0.540825	0.42399	0.26336	0.0764548	-0.106753	-0.253875	-0.336263	-0.342889	-0.274491	-0.14983	0.00752966	0.176024	0.322936	0.417587	0.449914	0.406368	0.297314	0.144001	-0.0275413	-0.20348	-0.36416	-0.498917	-0.603132	-0.655446	-0.66592	-0.642772	-0.604836	-0.547438	-0.468876	-0.381649	-0.284886	-0.197209	-0.1115	-0.00876977	0.110475	0.225657	0.321612	0.395131	0.44869	0.495565	0.528274	0.53621	0.518696	0.478885	0.423724	0.366397	0.319187	0.270592	0.218367	0.168241	0.122839	0.0943267	0.067231	0.0296167	0	
0	-0.16107	-0.327893	-0.49625	-0.661126	-0.796887	-0.886579	-0.909644	-0.863763	-0.752283	-0.578846	-0.361384	-0.118455	0.10396	0.279521	0.391157	0.450049	0.468302	0.44312	0.379715	0.291859	0.212176	0.158686	0.129602	0.105621	0.0842806	0.0616611	0.0454202	0.0383108	0.0394783	0.04427	0.0449146	0.0361786	0.0376889	0.0530811	0.0813522	0.112223	0.151457	0.216449	0.30114	0.395348	0.492402	0.573881	0.635854	0.657428	0.618162	0.515695	0.36191	0.169641	-0.0262508	-0.195934	-0.314211	-0.369392	-0.347589	-0.265542	-0.142149	0.00303234	0.144135	0.249447	0.301095	0.282353	0.201747	0.0829671	-0.059039	-0.20543	-0.339563	-0.458237	-0.553738	-0.605754	-0.616033	-0.597858	-0.566968	-0.518035	-0.453654	-0.383025	-0.308352	-0.240874	-0.17917	-0.102408	0.00216069	0.109577	0.203543	0.280583	0.345733	0.412385	0.468836	0.507092	0.523793	0.515394	0.483203	0.438582	0.399284	0.355929	0.300591	0.241067	0.184936	0.138983	0.0962126	0.0492091	0	
0	-0.184716	-0.37161	-0.554461	-0.725373	-0.859019	-0.937119	-0.942355	-0.875264	-0.745355	-0.560777	-0.339903	-0.101582	0.115112	0.282499	0.388676	0.442494	0.45878	0.434182	0.372012	0.281959	0.197364	0.137029	0.104627	0.0813539	0.0616611	0.0395311	0.0241175	0.0181768	0.0202388	0.0299097	0.032702	0.0280009	0.0322291	0.0457443	0.0724714	0.107931	0.148161	0.213407	0.29861	0.398889	0.504267	0.60159	0.678512	0.71659	0.693792	0.605317	0.456915	0.263953	0.0520224	-0.148784	-0.3079	-0.408624	-0.437602	-0.401454	-0.310986	-0.182631	-0.0428228	0.0779175	0.154373	0.16075	0.111412	0.0250381	-0.0851079	-0.198328	-0.298033	-0.388675	-0.465622	-0.506775	-0.515916	-0.504521	-0.487304	-0.458803	-0.418551	-0.375617	-0.32927	-0.285847	-0.249127	-0.198751	-0.112779	-0.0153033	0.0721483	0.150673	0.224482	0.304618	0.387908	0.459922	0.511365	0.537747	0.532916	0.509272	0.478545	0.431638	0.372548	0.303742	0.231262	0.169972	0.115046	0.0588161	0	
0	-0.209478	-0.416886	-0.613259	-0.789508	-0.919782	-0.98766	-0.975387	-0.889243	-0.739956	-0.543841	-0.317318	-0.0823778	0.129503	0.289481	0.390268	0.438941	0.452585	0.428307	0.367939	0.2784	0.189905	0.124502	0.0873172	0.0648767	0.0454202	0.0241175	0.00696945	-0.000723682	0.00154631	0.011719	0.0167875	0.0187558	0.0264193	0.0424803	0.0742532	0.112676	0.160595	0.231141	0.317699	0.424306	0.539975	0.646166	0.730282	0.77734	0.762655	0.683182	0.534869	0.331825	0.0980852	-0.126715	-0.319456	-0.465149	-0.542629	-0.544603	-0.479025	-0.366407	-0.229277	-0.0915532	0.00955021	0.0431404	0.024672	-0.0265239	-0.101982	-0.178016	-0.238264	-0.297834	-0.350709	-0.380291	-0.389296	-0.386655	-0.385939	-0.380995	-0.369066	-0.356251	-0.341088	-0.324031	-0.313435	-0.289178	-0.221954	-0.137727	-0.0588156	0.0197166	0.100419	0.189706	0.288018	0.388937	0.478601	0.536244	0.555618	0.554258	0.536785	0.494992	0.433034	0.354816	0.274939	0.203081	0.134679	0.0693043	0	
0	-0.235729	-0.462341	-0.673554	-0.851526	-0.979801	-1.0368	-1.00894	-0.906509	-0.73749	-0.531053	-0.29742	-0.0644402	0.141268	0.296752	0.389745	0.436407	0.445498	0.423987	0.365402	0.280054	0.190191	0.120526	0.0798574	0.0565362	0.0383108	0.0181768	-0.000723682	-0.0114618	-0.00916345	-0.00176323	0.0061386	0.0114253	0.0233323	0.0425202	0.0779156	0.121486	0.183866	0.26226	0.358273	0.472731	0.597386	0.709804	0.800115	0.844946	0.828535	0.738786	0.576189	0.356951	0.104479	-0.14825	-0.372225	-0.545908	-0.651837	-0.680612	-0.634869	-0.533666	-0.398239	-0.248058	-0.126925	-0.066771	-0.0534554	-0.0660686	-0.104391	-0.139489	-0.163418	-0.195251	-0.228609	-0.253704	-0.265677	-0.273455	-0.284341	-0.296533	-0.307342	-0.318859	-0.333049	-0.344463	-0.361876	-0.36504	-0.318978	-0.246888	-0.174393	-0.096666	-0.011516	0.0809296	0.185257	0.300436	0.408283	0.488322	0.535888	0.558278	0.556753	0.530885	0.482049	0.410699	0.330863	0.249123	0.165391	0.0846543	0	
0	-0.258963	-0.506092	-0.724852	-0.906549	-1.02869	-1.07555	-1.03691	-0.916411	-0.735268	-0.515135	-0.27616	-0.0454607	0.157267	0.304361	0.393235	0.43549	0.441903	0.421555	0.367318	0.286134	0.198416	0.125456	0.0806671	0.0553138	0.0394783	0.0202388	0.00154631	-0.00916345	-0.0100016	-0.00282923	0.00505335	0.011234	0.0267096	0.0510545	0.0875696	0.140126	0.215217	0.306003	0.413513	0.538513	0.672518	0.795198	0.885002	0.921261	0.890306	0.780746	0.594693	0.348812	0.0650739	-0.214004	-0.454169	-0.642197	-0.766159	-0.809751	-0.769458	-0.673944	-0.540232	-0.384383	-0.245019	-0.161073	-0.115455	-0.0924257	-0.0927377	-0.0890586	-0.0852555	-0.0942094	-0.118857	-0.143808	-0.164026	-0.181258	-0.195594	-0.21768	-0.238448	-0.266204	-0.303532	-0.341216	-0.386921	-0.414516	-0.39065	-0.332303	-0.264322	-0.185071	-0.100192	-0.0177994	0.078365	0.194084	0.305816	0.39408	0.460156	0.511865	0.543032	0.542898	0.513982	0.462558	0.392531	0.305381	0.206745	0.104974	0	
0	-0.279956	-0.541274	-0.76747	-0.946896	-1.06194	-1.10003	-1.04897	-0.917369	-0.722839	-0.491387	-0.247735	-0.0156578	0.180964	0.321448	0.404452	0.440257	0.442299	0.421698	0.367191	0.293276	0.206458	0.13358	0.085008	0.059834	0.04427	0.0299097	0.011719	-0.00176323	-0.00282923	0.00193593	0.00846978	0.0188703	0.0397395	0.0676631	0.110064	0.168349	0.254272	0.358804	0.481117	0.61297	0.756435	0.8841	0.971588	0.99466	0.944674	0.807146	0.591422	0.314532	0.00414127	-0.295431	-0.551724	-0.748915	-0.879009	-0.92397	-0.886761	-0.790995	-0.65505	-0.488644	-0.332352	-0.222751	-0.148631	-0.0975956	-0.0663727	-0.0372987	-0.013843	-0.0110187	-0.0305865	-0.0594883	-0.0909477	-0.114925	-0.134056	-0.157801	-0.181174	-0.214221	-0.25919	-0.31377	-0.376566	-0.420979	-0.417423	-0.377124	-0.321227	-0.249974	-0.175953	-0.108483	-0.0324605	0.0677438	0.17736	0.270694	0.353599	0.432423	0.492329	0.522746	0.522971	0.494879	0.439278	0.355449	0.244418	0.120212	0	
0	-0.298238	-0.572577	-0.802477	-0.977949	-1.08507	-1.11232	-1.05292	-0.909907	-0.705857	-0.464043	-0.215064	0.0172939	0.207343	0.340423	0.413367	0.442116	0.437869	0.413169	0.360953	0.291179	0.20945	0.137168	0.0867742	0.0572773	0.0449146	0.032702	0.0167875	0.0061386	0.00505335	0.00846978	0.0193663	0.0298617	0.054972	0.0921762	0.137501	0.201859	0.300108	0.417816	0.550375	0.687792	0.833015	0.957806	1.03467	1.03937	0.96659	0.801009	0.559197	0.257846	-0.0696654	-0.386233	-0.6504	-0.850224	-0.979992	-1.02999	-0.993089	-0.890824	-0.740967	-0.558103	-0.376978	-0.236173	-0.13723	-0.0676526	-0.0221858	0.0170721	0.0424578	0.0489977	0.0290816	-0.00583306	-0.0464229	-0.0805808	-0.103814	-0.127878	-0.146702	-0.171526	-0.208373	-0.260686	-0.326579	-0.379161	-0.39753	-0.384286	-0.349625	-0.299225	-0.245403	-0.197285	-0.138755	-0.0511363	0.0449046	0.135617	0.232355	0.326836	0.410241	0.468928	0.49247	0.49015	0.454874	0.378368	0.264491	0.129517	0	
0	-0.314243	-0.600519	-0.831886	-1.00474	-1.10283	-1.12335	-1.0575	-0.907711	-0.697593	-0.445452	-0.191064	0.0455179	0.233023	0.360098	0.42739	0.447786	0.438258	0.406973	0.353152	0.284295	0.205391	0.13322	0.0794905	0.04722	0.0361786	0.0280009	0.0187558	0.0114253	0.011234	0.0188703	0.0298617	0.0434352	0.0779548	0.12203	0.174173	0.249043	0.352045	0.480023	0.621132	0.755512	0.891613	1.00511	1.06499	1.04828	0.946994	0.754791	0.495264	0.183275	-0.152155	-0.471237	-0.734514	-0.93407	-1.06725	-1.12142	-1.0858	-0.976302	-0.809552	-0.604989	-0.392183	-0.218153	-0.0949401	-0.0149388	0.0363081	0.071647	0.090762	0.0942823	0.0705661	0.0307758	-0.0202369	-0.0637806	-0.0964661	-0.120633	-0.132001	-0.14365	-0.160244	-0.199403	-0.25552	-0.307797	-0.344865	-0.361483	-0.356812	-0.330817	-0.300843	-0.273298	-0.230076	-0.158097	-0.0730621	0.0126344	0.106303	0.207613	0.304332	0.372893	0.415232	0.439879	0.424283	0.362749	0.257383	0.123579	0	
0	-0.330633	-0.628243	-0.863362	-1.03349	-1.12537	-1.14028	-1.07048	-0.916276	-0.701112	-0.439034	-0.176229	0.0680558	0.25748	0.382179	0.445992	0.460568	0.447535	0.410832	0.357173	0.289146	0.21572	0.145275	0.0887036	0.0526288	0.0376889	0.0322291	0.0264193	0.0233323	0.0267096	0.0397395	0.054972	0.0779548	0.120606	0.177466	0.240104	0.320624	0.423952	0.559289	0.696701	0.823414	0.942859	1.03405	1.06538	1.02107	0.892193	0.68353	0.413109	0.0949435	-0.235312	-0.546086	-0.806313	-1.00591	-1.1364	-1.19143	-1.1613	-1.04609	-0.863856	-0.638103	-0.399102	-0.19529	-0.0490348	0.0424753	0.0990656	0.128561	0.140361	0.135575	0.102608	0.0525951	-0.00918298	-0.0630652	-0.10301	-0.12256	-0.12238	-0.115495	-0.11157	-0.133258	-0.178331	-0.230866	-0.280858	-0.325226	-0.349326	-0.34981	-0.343728	-0.328261	-0.296101	-0.240556	-0.169166	-0.0920106	-0.00722403	0.0831783	0.175252	0.247922	0.2959	0.33074	0.339127	0.305296	0.220014	0.104476	0	
0	-0.339608	-0.639431	-0.876292	-1.03797	-1.12507	-1.13548	-1.06326	-0.913478	-0.69412	-0.432119	-0.160552	0.0887479	0.28058	0.405242	0.465864	0.477074	0.462571	0.423215	0.369622	0.305435	0.236837	0.170522	0.114427	0.0712386	0.0530811	0.0457443	0.0424803	0.0425202	0.0510545	0.0676631	0.0921762	0.12203	0.177466	0.245696	0.323042	0.408786	0.515263	0.648494	0.77899	0.887293	0.977173	1.03388	1.03683	0.97036	0.821288	0.60073	0.325229	0.0162581	-0.301395	-0.602547	-0.855131	-1.04628	-1.16902	-1.22449	-1.19418	-1.07479	-0.886108	-0.653963	-0.406282	-0.18622	-0.027086	0.0782594	0.141672	0.171452	0.181911	0.167446	0.124467	0.0617158	-0.00848125	-0.0678521	-0.109333	-0.117315	-0.101425	-0.078813	-0.0609075	-0.071863	-0.111783	-0.164721	-0.222824	-0.282957	-0.325165	-0.34719	-0.360665	-0.359843	-0.34086	-0.301019	-0.248103	-0.185208	-0.112868	-0.0374832	0.0382852	0.100163	0.148179	0.18789	0.208006	0.197064	0.143792	0.0669075	0	
0	-0.339646	-0.639911	-0.868464	-1.02507	-1.10256	-1.10958	-1.03794	-0.890475	-0.674423	-0.411628	-0.134718	0.118703	0.313912	0.437822	0.491929	0.500482	0.479547	0.436405	0.383335	0.318166	0.257709	0.198685	0.144656	0.102322	0.0813522	0.0724714	0.0742532	0.0779156	0.0875696	0.110064	0.137501	0.174173	0.240104	0.323042	0.415257	0.508706	0.613253	0.736075	0.848323	0.934525	0.993819	1.01595	0.991131	0.901941	0.737791	0.51591	0.248737	-0.047501	-0.352295	-0.63597	-0.874852	-1.05507	-1.16702	-1.21037	-1.17436	-1.05795	-0.873994	-0.6498	-0.406887	-0.191374	-0.0265507	0.0903166	0.160571	0.19746	0.209647	0.192678	0.141343	0.0698976	-0.00443166	-0.0699919	-0.110784	-0.111359	-0.0839586	-0.0487962	-0.0239633	-0.0263156	-0.0596008	-0.110914	-0.164942	-0.225694	-0.279975	-0.316274	-0.345539	-0.364226	-0.365188	-0.351199	-0.32057	-0.271661	-0.217746	-0.159322	-0.0974179	-0.0518772	-0.0183395	0.0157491	0.0472997	0.0605977	0.0449629	0.0195486	0	
0	-0.336414	-0.630167	-0.853714	-1.00079	-1.07295	-1.07654	-1.00598	-0.863656	-0.65097	-0.389298	-0.107736	0.151052	0.352428	0.474257	0.525823	0.526826	0.497944	0.451632	0.390633	0.327358	0.271133	0.219215	0.174347	0.135574	0.112223	0.107931	0.112676	0.121486	0.140126	0.168349	0.201859	0.249043	0.320624	0.408786	0.508706	0.599683	0.694092	0.799899	0.894806	0.957686	0.983939	0.97305	0.924695	0.819682	0.653473	0.437829	0.177785	-0.106261	-0.392791	-0.655435	-0.876163	-1.03537	-1.12633	-1.15334	-1.11421	-1.00382	-0.834663	-0.625583	-0.400295	-0.19788	-0.0333499	0.0888685	0.162957	0.20417	0.224075	0.211043	0.163027	0.0955319	0.0206052	-0.0510618	-0.10066	-0.109852	-0.0833257	-0.0450325	-0.0149536	-0.00333855	-0.025419	-0.0675947	-0.108211	-0.161059	-0.216867	-0.263175	-0.305423	-0.337004	-0.361374	-0.378742	-0.375605	-0.354281	-0.325359	-0.287873	-0.247891	-0.214501	-0.18829	-0.163532	-0.124143	-0.0824822	-0.0558684	-0.0292748	0	
0	-0.328214	-0.614091	-0.829955	-0.970537	-1.0389	-1.04164	-0.975093	-0.839018	-0.632215	-0.373088	-0.0874342	0.179429	0.388875	0.516863	0.567673	0.566761	0.533762	0.483604	0.418161	0.353443	0.295794	0.250382	0.210114	0.172579	0.151457	0.148161	0.160595	0.183866	0.215217	0.254272	0.300108	0.352045	0.423952	0.515263	0.613253	0.694092	0.772989	0.849587	0.912119	0.946408	0.948857	0.917657	0.856449	0.74871	0.589821	0.377044	0.123803	-0.146883	-0.415736	-0.65862	-0.852604	-0.985212	-1.05522	-1.06827	-1.02539	-0.929258	-0.785052	-0.598015	-0.392699	-0.207142	-0.0486414	0.0738792	0.14674	0.19376	0.223701	0.226019	0.196837	0.147441	0.0803474	0.00202704	-0.0643882	-0.0992243	-0.0907997	-0.0614805	-0.0303022	-0.00625466	-0.0139553	-0.0416214	-0.0678459	-0.104893	-0.154581	-0.202045	-0.241653	-0.28235	-0.328331	-0.372553	-0.408424	-0.428136	-0.431293	-0.422224	-0.403194	-0.378338	-0.355892	-0.333941	-0.291303	-0.229473	-0.161712	-0.0833841	0	
0	-0.312978	-0.58635	-0.791097	-0.926408	-0.99154	-0.996797	-0.935875	-0.807775	-0.609657	-0.353544	-0.0662116	0.210527	0.43113	0.569261	0.624565	0.624709	0.589303	0.537625	0.468019	0.400831	0.342491	0.301892	0.268138	0.236668	0.216449	0.213407	0.231141	0.26226	0.306003	0.358804	0.417816	0.480023	0.559289	0.648494	0.736075	0.799899	0.849587	0.883449	0.913702	0.922019	0.905161	0.861784	0.800344	0.698324	0.549614	0.348063	0.110727	-0.146373	-0.402691	-0.624063	-0.791299	-0.900642	-0.955188	-0.95998	-0.920803	-0.846775	-0.730717	-0.569022	-0.388198	-0.224699	-0.0775918	0.0408114	0.115162	0.172066	0.21889	0.244248	0.242452	0.217439	0.160086	0.0794875	-0.0056278	-0.071042	-0.0907689	-0.0800362	-0.052749	-0.0234633	-0.0167637	-0.0275106	-0.0366412	-0.0564425	-0.100918	-0.147002	-0.18425	-0.229385	-0.287795	-0.353076	-0.416832	-0.472437	-0.514549	-0.53436	-0.536069	-0.532822	-0.524661	-0.502887	-0.454598	-0.373191	-0.262038	-0.131989	0	
0	-0.2892	-0.543496	-0.732227	-0.860188	-0.922311	-0.928967	-0.876592	-0.754389	-0.570421	-0.318115	-0.0365566	0.246651	0.47405	0.620828	0.680147	0.681203	0.645492	0.593842	0.525976	0.4587	0.403904	0.368795	0.343807	0.319817	0.30114	0.29861	0.317699	0.358273	0.413513	0.481117	0.550375	0.621132	0.696701	0.77899	0.848323	0.894806	0.912119	0.913702	0.90884	0.889689	0.858448	0.813569	0.751341	0.657055	0.529854	0.348107	0.130293	-0.111128	-0.3422	-0.539162	-0.683971	-0.777941	-0.828011	-0.835464	-0.807379	-0.750913	-0.661137	-0.528132	-0.374959	-0.237284	-0.106446	0.00256874	0.0832494	0.155535	0.219513	0.267107	0.286569	0.278879	0.230374	0.151982	0.0602436	-0.0244568	-0.068432	-0.0750893	-0.0580142	-0.0325665	-0.0193287	-0.017971	-0.0124158	-0.0203264	-0.0597476	-0.105798	-0.146409	-0.194495	-0.25473	-0.324366	-0.405261	-0.490879	-0.567414	-0.624154	-0.653605	-0.664975	-0.667826	-0.652978	-0.600845	-0.496782	-0.350974	-0.182363	0	
0	-0.259714	-0.48593	-0.66006	-0.7755	-0.838843	-0.848096	-0.804371	-0.693089	-0.520304	-0.278318	-0.00156997	0.28284	0.519656	0.671934	0.742198	0.738856	0.706847	0.650169	0.581966	0.512876	0.457939	0.426105	0.414455	0.400905	0.395348	0.398889	0.424306	0.472731	0.538513	0.61297	0.687792	0.755512	0.823414	0.887293	0.934525	0.957686	0.946408	0.922019	0.889689	0.855506	0.819585	0.778132	0.71659	0.638877	0.523694	0.360443	0.167804	-0.0389164	-0.237692	-0.410617	-0.535174	-0.622856	-0.676598	-0.698452	-0.683906	-0.646429	-0.584355	-0.480222	-0.35686	-0.240391	-0.128402	-0.0252601	0.0695412	0.157104	0.238701	0.300646	0.333756	0.335871	0.291307	0.220216	0.127328	0.0329402	-0.0276656	-0.052732	-0.0469462	-0.0318231	-0.0212625	-0.00902685	0.00778037	0.00827813	-0.0229431	-0.069116	-0.116509	-0.171657	-0.235107	-0.302396	-0.388969	-0.495377	-0.600806	-0.687943	-0.747432	-0.783055	-0.788621	-0.762703	-0.702132	-0.579376	-0.405293	-0.211482	0	
0	-0.228533	-0.430428	-0.586304	-0.697346	-0.759294	-0.778385	-0.739929	-0.642839	-0.476133	-0.246588	0.0272674	0.312891	0.555309	0.721083	0.795798	0.79719	0.765256	0.704143	0.638666	0.566101	0.510276	0.485168	0.4797	0.483383	0.492402	0.504267	0.539975	0.597386	0.672518	0.756435	0.833015	0.891613	0.942859	0.977173	0.993819	0.983939	0.948857	0.905161	0.858448	0.819585	0.793434	0.760764	0.709391	0.639329	0.532124	0.393908	0.232129	0.0572484	-0.115792	-0.264022	-0.376079	-0.458056	-0.51638	-0.553224	-0.558311	-0.544435	-0.507696	-0.437188	-0.339069	-0.235527	-0.131301	-0.0222199	0.0863974	0.187901	0.278349	0.346451	0.387184	0.390783	0.352856	0.287151	0.19341	0.0977658	0.024128	-0.0110348	-0.0121743	-0.0103072	-0.00680728	0.00174559	0.0164911	0.0207211	-0.0032423	-0.0428162	-0.092521	-0.152429	-0.210988	-0.276839	-0.373223	-0.494485	-0.624864	-0.740725	-0.820953	-0.870487	-0.878264	-0.834962	-0.744776	-0.600388	-0.416524	-0.215189	0	
0	-0.194343	-0.367644	-0.506376	-0.610787	-0.676982	-0.706069	-0.679956	-0.597322	-0.442296	-0.227325	0.0397299	0.320505	0.568912	0.745539	0.828238	0.840996	0.807005	0.751718	0.685164	0.611771	0.557942	0.530776	0.533616	0.552565	0.573881	0.60159	0.646166	0.709804	0.795198	0.8841	0.957806	1.00511	1.03405	1.03388	1.01595	0.97305	0.917657	0.861784	0.813569	0.778132	0.760764	0.740241	0.708824	0.654023	0.569673	0.461053	0.324269	0.171285	0.0187494	-0.115513	-0.221655	-0.297774	-0.357271	-0.405198	-0.42836	-0.435237	-0.429045	-0.395881	-0.320426	-0.223451	-0.118453	-0.000963222	0.11916	0.230079	0.324611	0.397256	0.44156	0.44973	0.423483	0.36331	0.274122	0.178652	0.0976392	0.056126	0.0436493	0.0348283	0.0225522	0.0134559	0.0181537	0.0145426	0.000815304	-0.0206215	-0.0698182	-0.132623	-0.190646	-0.260791	-0.363755	-0.49639	-0.641958	-0.770626	-0.860924	-0.910417	-0.909885	-0.854804	-0.744505	-0.587911	-0.405334	-0.206142	0	
