0	0	0	0	0	0	0	0	0	0	0	0	0	0	0	0	0	0	0	0	0	0	0	0	0	0	0	0	0	0	0	0	0	0	0	0	0	0	0	0	0	0	0	0	0	0	0	0	0	0	0	0	0	0	0	0	0	0	0	0	0	0	0	0	0	0	0	0	0	0	0	0	0	0	0	0	0	0	0	0	0	0	0	0	0	0	0	0	0	0	0	0	0	0	0	0	0	0	0	0	
0	0.00374546	0.00548289	0.00571671	0.00374616	0.00377466	0.00589834	0.00978254	0.0121494	0.0108003	0.00572352	-0.00165053	-0.00869259	-0.011487	-0.00853519	-0.00239146	0.00449678	0.00965404	0.015974	0.0204979	0.0225031	0.0211456	0.0198897	0.0170141	0.0102927	0.00021976	-0.00844837	-0.0125982	-0.0145265	-0.0151549	-0.0128635	-0.00773576	-0.000949577	0.00944297	0.0198767	0.0323288	0.043937	0.0529695	0.0571131	0.0585704	0.0589381	0.0594959	0.0568235	0.0563165	0.0560219	0.0587001	0.0662181	0.0819799	0.104433	0.128045	0.147971	0.162481	0.167139	0.161697	0.148171	0.12414	0.0890885	0.0469619	0.000853306	-0.0502023	-0.104037	-0.156239	-0.199014	-0.230888	-0.250631	-0.264521	-0.272392	-0.275661	-0.274532	-0.26952	-0.265673	-0.260589	-0.255193	-0.2467	-0.232687	-0.210507	-0.179219	-0.141614	-0.0991421	-0.050724	0.00163838	0.050013	0.0909973	0.124269	0.148648	0.161114	0.161901	0.153754	0.138367	0.11846	0.0963901	0.0741021	0.0527875	0.0360561	0.0240086	0.0129954	0.0050191	0.00221881	0.00177663	0	
0	0.00548289	0.00807914	0.00645532	0.00253161	0.0013789	0.00585024	0.0137779	0.0194559	0.017898	0.00978038	-0.00338771	-0.01529	-0.0185837	-0.0124253	0.00255188	0.01435	0.0257865	0.035962	0.0427807	0.0449798	0.0383457	0.0331666	0.0242703	0.00756764	-0.0149089	-0.0341908	-0.0452807	-0.0499973	-0.0527699	-0.0486851	-0.0389571	-0.0238283	-0.00342423	0.0193627	0.0455035	0.068979	0.0872136	0.0984584	0.100357	0.105026	0.110117	0.108919	0.111038	0.117738	0.124752	0.143162	0.177416	0.223248	0.265809	0.299906	0.321633	0.324899	0.308634	0.275615	0.223868	0.157229	0.0809386	-0.0022426	-0.0936514	-0.189148	-0.281087	-0.360416	-0.420268	-0.462305	-0.494601	-0.518468	-0.535018	-0.539855	-0.537455	-0.531274	-0.521677	-0.50833	-0.486939	-0.457416	-0.410848	-0.350847	-0.28088	-0.203496	-0.117149	-0.0206372	0.0693959	0.146415	0.210905	0.263211	0.297276	0.308769	0.302183	0.280508	0.250577	0.215004	0.172626	0.129508	0.0940255	0.0659899	0.0414706	0.0214832	0.0113776	0.00834468	0	
0	0.00571671	0.00645532	0.00327035	-0.00497516	-0.00691524	-0.00137531	0.0106214	0.0194711	0.0185407	0.00752571	-0.00975858	-0.0251867	-0.0284039	-0.0150712	0.0067939	0.0289989	0.0447521	0.0611987	0.0707297	0.0710291	0.0594772	0.0465387	0.0278438	-0.00213787	-0.0415436	-0.0759165	-0.0961862	-0.10786	-0.113945	-0.110168	-0.0964743	-0.0760912	-0.0446865	-0.0110818	0.0289219	0.067197	0.0993699	0.118845	0.131261	0.143168	0.157289	0.16403	0.17737	0.191392	0.211494	0.241744	0.290324	0.351562	0.408439	0.447554	0.465922	0.454391	0.41571	0.359608	0.283277	0.188213	0.0848062	-0.0200122	-0.132505	-0.251875	-0.371444	-0.474507	-0.558187	-0.62132	-0.678761	-0.726962	-0.764776	-0.786459	-0.789733	-0.785736	-0.769067	-0.743619	-0.706651	-0.656288	-0.588425	-0.504344	-0.411959	-0.313858	-0.203538	-0.0812972	0.0359105	0.141941	0.237723	0.321221	0.382382	0.417885	0.430759	0.421503	0.394974	0.354618	0.303483	0.246456	0.194888	0.150071	0.104963	0.0661431	0.0406897	0.0224352	0	
0	0.00374616	0.00253161	-0.00497516	-0.016617	-0.0215944	-0.0149877	-1.7146e-05	0.0123556	0.0119281	-4.73983e-05	-0.0205717	-0.0372273	-0.0366352	-0.0168035	0.0186664	0.0482939	0.0743227	0.0959935	0.109372	0.110574	0.0931149	0.0740384	0.0458689	0.00148514	-0.0547088	-0.105789	-0.139909	-0.161451	-0.176899	-0.178051	-0.166244	-0.141733	-0.103186	-0.057061	-0.000517053	0.0551098	0.104497	0.143009	0.16805	0.198325	0.23077	0.252125	0.276996	0.305047	0.329392	0.365468	0.421212	0.48841	0.540668	0.568989	0.569394	0.534598	0.469684	0.384963	0.281119	0.165799	0.0501021	-0.064793	-0.186907	-0.316554	-0.446982	-0.565593	-0.664096	-0.745523	-0.823328	-0.894309	-0.955236	-0.991629	-1.00473	-1.00053	-0.978986	-0.942363	-0.889308	-0.824108	-0.73643	-0.636209	-0.53097	-0.423202	-0.305294	-0.169184	-0.0376058	0.0830402	0.197964	0.308732	0.403419	0.470704	0.512977	0.530516	0.528281	0.507084	0.462509	0.402133	0.341953	0.282223	0.217253	0.152889	0.0999516	0.055134	0	
0	0.00377466	0.0013789	-0.00691524	-0.0215944	-0.0272041	-0.0200617	-0.00177097	0.0127789	0.0125652	-0.00265508	-0.0272697	-0.0461214	-0.0447233	-0.0156475	0.0279636	0.0709179	0.103941	0.134941	0.154483	0.157591	0.139096	0.114425	0.0776269	0.0210403	-0.0525544	-0.119999	-0.167713	-0.201336	-0.225846	-0.234805	-0.226059	-0.201785	-0.157097	-0.100026	-0.0270981	0.0497244	0.123969	0.184426	0.235028	0.287647	0.34159	0.380661	0.420433	0.451971	0.479155	0.508265	0.552683	0.605779	0.643082	0.647935	0.62088	0.555153	0.459269	0.351429	0.231388	0.103551	-0.021326	-0.137696	-0.259353	-0.391936	-0.531408	-0.658521	-0.766186	-0.856447	-0.946722	-1.03057	-1.1029	-1.14873	-1.16334	-1.15982	-1.13361	-1.0895	-1.0288	-0.952785	-0.856467	-0.747046	-0.635973	-0.526524	-0.406722	-0.270872	-0.136705	-0.00902972	0.117289	0.245469	0.362586	0.460332	0.538507	0.592863	0.62584	0.634381	0.613711	0.569586	0.515665	0.450039	0.365952	0.273411	0.185027	0.0985498	0	
0	0.00589834	0.00585024	-0.00137531	-0.0149877	-0.0200617	-0.00995452	0.0118877	0.0301163	0.0299175	0.0124147	-0.0164334	-0.0383638	-0.034958	-0.00183739	0.0520797	0.100554	0.141467	0.175675	0.19866	0.20224	0.179875	0.149647	0.104891	0.0365093	-0.0494124	-0.130901	-0.188636	-0.230226	-0.26184	-0.274629	-0.267601	-0.240399	-0.187223	-0.116954	-0.0243993	0.0757626	0.175015	0.262779	0.337262	0.414451	0.489939	0.544038	0.589021	0.620651	0.634021	0.644785	0.667415	0.695627	0.70089	0.67455	0.616628	0.521717	0.403113	0.276518	0.143362	0.00872003	-0.114283	-0.229155	-0.351363	-0.48681	-0.629991	-0.761628	-0.871226	-0.96139	-1.0496	-1.13114	-1.20251	-1.24561	-1.25866	-1.2534	-1.22885	-1.18666	-1.1281	-1.0555	-0.957134	-0.846131	-0.733356	-0.622588	-0.50342	-0.364861	-0.230708	-0.106013	0.0209204	0.156061	0.288548	0.406233	0.509559	0.596765	0.666463	0.713477	0.726305	0.70479	0.664294	0.601202	0.506559	0.391067	0.270139	0.144294	0	
0	0.00978254	0.0137779	0.0106214	-1.7146e-05	-0.00177097	0.0118877	0.0388169	0.0605202	0.0610582	0.0409421	0.00690776	-0.0178221	-0.0163493	0.0212392	0.0782007	0.132181	0.17345	0.208286	0.229337	0.22875	0.200169	0.16039	0.105222	0.0265013	-0.0720712	-0.161217	-0.225054	-0.26774	-0.296842	-0.306362	-0.292368	-0.253727	-0.187754	-0.097344	0.0172058	0.141615	0.266364	0.376797	0.470583	0.563403	0.6494	0.707737	0.748799	0.764872	0.757873	0.738422	0.728115	0.725051	0.703638	0.648098	0.562912	0.446223	0.309476	0.172261	0.0345718	-0.0992285	-0.223029	-0.335964	-0.454504	-0.58799	-0.731229	-0.862257	-0.964534	-1.04425	-1.11973	-1.18868	-1.24957	-1.28444	-1.29217	-1.28711	-1.26761	-1.23388	-1.18703	-1.12513	-1.03665	-0.931273	-0.821277	-0.71211	-0.592734	-0.456289	-0.321247	-0.194863	-0.0701031	0.0648101	0.20073	0.327874	0.446804	0.553597	0.649017	0.722716	0.758777	0.760934	0.739266	0.6834	0.58729	0.461634	0.321177	0.170746	0	
0	0.0121494	0.0194559	0.0194711	0.0123556	0.0127789	0.0301163	0.0605202	0.0853385	0.086462	0.062903	0.0252944	-0.00371546	-0.00209782	0.0369896	0.0979597	0.153546	0.195444	0.226529	0.244204	0.236631	0.199518	0.148534	0.0815538	-0.00913599	-0.115469	-0.212345	-0.275252	-0.3134	-0.333454	-0.330203	-0.300609	-0.245624	-0.156784	-0.0440305	0.0954772	0.245364	0.392871	0.520157	0.626812	0.72287	0.803854	0.849985	0.868745	0.855997	0.814304	0.760815	0.718022	0.685094	0.636529	0.56256	0.463494	0.333709	0.189241	0.0463754	-0.0938988	-0.230442	-0.350113	-0.456737	-0.568273	-0.693132	-0.826239	-0.941615	-1.02659	-1.0861	-1.1409	-1.19196	-1.23815	-1.26436	-1.26677	-1.26176	-1.24865	-1.22494	-1.19338	-1.14854	-1.07622	-0.986775	-0.890468	-0.791555	-0.679518	-0.545728	-0.412853	-0.289462	-0.164207	-0.0297455	0.105881	0.233512	0.352684	0.463976	0.565312	0.649257	0.702114	0.718054	0.70803	0.665516	0.579198	0.46	0.323606	0.172572	0	
0	0.0108003	0.017898	0.0185407	0.0119281	0.0125652	0.0299175	0.0610582	0.086462	0.0853964	0.0589062	0.0157242	-0.0149853	-0.0137185	0.0289473	0.0942734	0.153759	0.196896	0.227313	0.241942	0.230322	0.187696	0.127536	0.0518747	-0.0456742	-0.158482	-0.254715	-0.316727	-0.346918	-0.355032	-0.338569	-0.293761	-0.216867	-0.108487	0.0318227	0.197382	0.371458	0.537578	0.678618	0.785477	0.873534	0.936824	0.957457	0.939887	0.885724	0.800575	0.702826	0.622771	0.564608	0.503266	0.419764	0.313384	0.182628	0.03759	-0.106687	-0.247872	-0.379037	-0.493413	-0.591717	-0.686934	-0.790362	-0.897336	-0.988472	-1.04443	-1.07692	-1.10651	-1.13776	-1.17147	-1.18818	-1.18703	-1.18073	-1.17087	-1.15539	-1.1364	-1.10947	-1.05961	-0.99396	-0.921782	-0.845688	-0.753911	-0.637996	-0.514013	-0.395003	-0.278022	-0.150365	-0.0199004	0.100103	0.211024	0.314485	0.412714	0.496349	0.548857	0.575042	0.582688	0.556791	0.491326	0.39525	0.279234	0.149009	0	
0	0.00572352	0.00978038	0.00752571	-4.73983e-05	-0.00265508	0.0124147	0.0409421	0.062903	0.0589062	0.0251952	-0.0220075	-0.0568175	-0.0546801	-0.00796943	0.0624482	0.128963	0.17764	0.211356	0.229968	0.219885	0.178326	0.11578	0.0356157	-0.0656674	-0.178356	-0.275012	-0.331639	-0.353983	-0.350791	-0.32159	-0.261944	-0.172364	-0.0453933	0.112784	0.29662	0.489295	0.670855	0.817262	0.924902	0.998524	1.03411	1.01905	0.957247	0.852864	0.719126	0.580661	0.46715	0.383265	0.306871	0.221772	0.11998	-0.00627851	-0.145513	-0.282933	-0.414643	-0.536882	-0.636679	-0.712791	-0.781398	-0.854518	-0.931163	-0.98819	-1.01387	-1.019	-1.0246	-1.0392	-1.05853	-1.06886	-1.06256	-1.05351	-1.04435	-1.03221	-1.02383	-1.01133	-0.983753	-0.946195	-0.905673	-0.862723	-0.803281	-0.718312	-0.621704	-0.525135	-0.423478	-0.311682	-0.197815	-0.0910532	0.0055629	0.0954619	0.181808	0.259631	0.319619	0.358293	0.381078	0.381823	0.348886	0.287408	0.208643	0.113292	0	
0	-0.00165053	-0.00338771	-0.00975858	-0.0205717	-0.0272697	-0.0164334	0.00690776	0.0252944	0.0157242	-0.0220075	-0.0734145	-0.108481	-0.10244	-0.0501855	0.0294202	0.104235	0.161248	0.201144	0.22432	0.218522	0.181323	0.118518	0.0388358	-0.0612019	-0.170317	-0.259734	-0.310875	-0.32486	-0.312581	-0.275632	-0.210322	-0.111457	0.0226185	0.193223	0.388806	0.59213	0.776977	0.923638	1.01882	1.07043	1.07598	1.02664	0.921267	0.773313	0.595514	0.416358	0.270363	0.166625	0.0834504	-0.00272778	-0.103478	-0.221456	-0.347097	-0.470253	-0.583985	-0.679477	-0.748403	-0.793326	-0.827192	-0.864674	-0.9058	-0.935104	-0.936468	-0.92041	-0.906587	-0.905701	-0.914336	-0.916338	-0.907464	-0.89681	-0.888938	-0.883769	-0.884328	-0.885801	-0.878326	-0.864222	-0.852118	-0.841546	-0.819729	-0.776051	-0.717899	-0.658282	-0.594609	-0.516247	-0.428602	-0.345525	-0.267489	-0.188869	-0.10796	-0.0312467	0.0321547	0.0856952	0.132559	0.161362	0.16363	0.144512	0.109908	0.0604058	0	
0	-0.00869259	-0.01529	-0.0251867	-0.0372273	-0.0461214	-0.0383638	-0.0178221	-0.00371546	-0.0149853	-0.0568175	-0.108481	-0.142198	-0.131379	-0.0711576	0.0161372	0.101575	0.167513	0.214903	0.244196	0.243822	0.211042	0.149894	0.0682389	-0.0312266	-0.137431	-0.221588	-0.267	-0.27281	-0.251145	-0.205876	-0.133975	-0.0316384	0.104809	0.277281	0.471373	0.671553	0.849904	0.982961	1.06079	1.08539	1.0559	0.969395	0.826533	0.640978	0.431104	0.22894	0.0646953	-0.0543695	-0.145476	-0.230013	-0.324617	-0.430819	-0.540766	-0.640337	-0.722267	-0.779868	-0.808758	-0.810785	-0.803638	-0.806479	-0.821021	-0.830039	-0.818089	-0.792266	-0.768594	-0.760936	-0.760849	-0.75941	-0.750395	-0.741123	-0.737385	-0.739139	-0.749249	-0.759816	-0.767078	-0.770345	-0.779446	-0.796546	-0.809225	-0.810249	-0.801357	-0.789782	-0.771085	-0.735234	-0.684262	-0.626652	-0.56627	-0.501307	-0.429034	-0.355466	-0.286467	-0.221556	-0.161222	-0.106278	-0.0646983	-0.036226	-0.0144832	-0.00368984	0	
0	-0.011487	-0.0185837	-0.0284039	-0.0366352	-0.0447233	-0.034958	-0.0163493	-0.00209782	-0.0137185	-0.0546801	-0.10244	-0.131379	-0.110591	-0.0423451	0.055766	0.150084	0.224654	0.276774	0.307786	0.307601	0.275029	0.209752	0.124542	0.0217137	-0.0803857	-0.159091	-0.197698	-0.195477	-0.165707	-0.114093	-0.0389932	0.0624688	0.197265	0.365519	0.551673	0.741134	0.899721	1.00838	1.05597	1.04409	0.976353	0.857885	0.684621	0.47635	0.247169	0.032783	-0.139315	-0.26119	-0.348231	-0.424231	-0.508135	-0.599659	-0.686039	-0.758108	-0.805904	-0.824105	-0.81103	-0.773944	-0.733667	-0.708055	-0.701028	-0.696763	-0.681086	-0.653647	-0.627811	-0.620102	-0.618821	-0.618985	-0.615218	-0.610373	-0.61131	-0.621329	-0.637979	-0.655772	-0.673991	-0.688949	-0.713608	-0.750018	-0.790393	-0.827513	-0.860045	-0.894188	-0.920937	-0.929502	-0.917848	-0.891848	-0.855322	-0.805833	-0.745533	-0.682601	-0.617627	-0.550109	-0.48172	-0.406906	-0.332397	-0.255842	-0.171154	-0.0877986	0	
0	-0.00853519	-0.0124253	-0.0150712	-0.0168035	-0.0156475	-0.00183739	0.0212392	0.0369896	0.0289473	-0.00796943	-0.0501855	-0.0711576	-0.0423451	0.034581	0.139152	0.241205	0.320672	0.375993	0.405251	0.403091	0.367227	0.297215	0.203535	0.097606	-0.0058215	-0.0784024	-0.112603	-0.103546	-0.0655751	-0.00728354	0.0683648	0.168608	0.293571	0.449063	0.617028	0.782313	0.911399	0.988431	1.00204	0.953241	0.850806	0.701693	0.506228	0.281727	0.0451244	-0.168168	-0.335634	-0.45087	-0.524254	-0.579463	-0.641848	-0.703737	-0.760283	-0.800953	-0.818373	-0.804534	-0.763506	-0.703357	-0.641307	-0.599264	-0.577538	-0.565837	-0.549266	-0.523955	-0.503322	-0.502879	-0.508579	-0.516939	-0.522883	-0.524044	-0.526666	-0.539682	-0.557533	-0.576378	-0.602611	-0.627247	-0.663462	-0.715489	-0.773865	-0.83574	-0.89739	-0.960129	-1.02001	-1.06432	-1.08814	-1.0977	-1.09176	-1.07006	-1.03547	-0.993496	-0.943031	-0.881197	-0.810909	-0.720368	-0.611145	-0.482968	-0.33219	-0.172404	0	
0	-0.00239146	0.00255188	0.0067939	0.0186664	0.0279636	0.0520797	0.0782007	0.0979597	0.0942734	0.0624482	0.0294202	0.0161372	0.055766	0.139152	0.250794	0.357086	0.440858	0.495634	0.520057	0.511708	0.46894	0.390818	0.289678	0.176322	0.0768178	0.00893125	-0.018134	-0.00130179	0.0419717	0.102274	0.175639	0.261486	0.369773	0.501695	0.639564	0.773814	0.867913	0.908688	0.889392	0.810487	0.679394	0.511908	0.305235	0.0777335	-0.160197	-0.366217	-0.521648	-0.62187	-0.673385	-0.697827	-0.721042	-0.745971	-0.766103	-0.776289	-0.768376	-0.738426	-0.688986	-0.621955	-0.558112	-0.511451	-0.484938	-0.466964	-0.450385	-0.428332	-0.411229	-0.419277	-0.4309	-0.448046	-0.464396	-0.47026	-0.47437	-0.489306	-0.506599	-0.527204	-0.560203	-0.59365	-0.640043	-0.698745	-0.763716	-0.832977	-0.90358	-0.978644	-1.05152	-1.1198	-1.17984	-1.22623	-1.25955	-1.27863	-1.28022	-1.26826	-1.23437	-1.17842	-1.10685	-0.997577	-0.855464	-0.683444	-0.473864	-0.246049	0	
0	0.00449678	0.01435	0.0289989	0.0482939	0.0709179	0.100554	0.132181	0.153546	0.153759	0.128963	0.104235	0.101575	0.150084	0.241205	0.357086	0.468434	0.554252	0.609385	0.627976	0.612496	0.562568	0.478079	0.367721	0.252331	0.152942	0.0932343	0.0731664	0.0937283	0.139943	0.197964	0.257213	0.324109	0.402441	0.497577	0.598548	0.692596	0.747833	0.756873	0.713425	0.613794	0.471983	0.298429	0.0944804	-0.128799	-0.357155	-0.549637	-0.690393	-0.771396	-0.792506	-0.777216	-0.763066	-0.746088	-0.729633	-0.712827	-0.691853	-0.65615	-0.607102	-0.549749	-0.494555	-0.455607	-0.429456	-0.412522	-0.400003	-0.378764	-0.363773	-0.37123	-0.382316	-0.400474	-0.421288	-0.432525	-0.439503	-0.460629	-0.482366	-0.506148	-0.545965	-0.584465	-0.631946	-0.690663	-0.750948	-0.814321	-0.88226	-0.954024	-1.0317	-1.11335	-1.19537	-1.27932	-1.35221	-1.4085	-1.45005	-1.47086	-1.45557	-1.40422	-1.32481	-1.19745	-1.02705	-0.818098	-0.567124	-0.294644	0	
0	0.00965404	0.0257865	0.0447521	0.0743227	0.103941	0.141467	0.17345	0.195444	0.196896	0.17764	0.161248	0.167513	0.224654	0.320672	0.440858	0.554252	0.643329	0.698161	0.711284	0.689651	0.632687	0.542591	0.427858	0.307474	0.212662	0.158941	0.143425	0.166579	0.208337	0.254939	0.295358	0.329095	0.368053	0.419997	0.474631	0.528526	0.551222	0.537503	0.482571	0.383513	0.24488	0.0796894	-0.111059	-0.317536	-0.530599	-0.70319	-0.817708	-0.871746	-0.864657	-0.817543	-0.76292	-0.712834	-0.672764	-0.641736	-0.61341	-0.579464	-0.540774	-0.493118	-0.451314	-0.424456	-0.409342	-0.399913	-0.393631	-0.376821	-0.359221	-0.359499	-0.358421	-0.366424	-0.385792	-0.398873	-0.412462	-0.444596	-0.474347	-0.505015	-0.547992	-0.585315	-0.628215	-0.675374	-0.722935	-0.776706	-0.838145	-0.905694	-0.978132	-1.06339	-1.1627	-1.26494	-1.36177	-1.45134	-1.52192	-1.56478	-1.56376	-1.51687	-1.43317	-1.29009	-1.09781	-0.86847	-0.597412	-0.306845	0	
0	0.015974	0.035962	0.0611987	0.0959935	0.134941	0.175675	0.208286	0.226529	0.227313	0.211356	0.201144	0.214903	0.276774	0.375993	0.495634	0.609385	0.698161	0.750447	0.756909	0.725801	0.660502	0.566102	0.44554	0.32564	0.234217	0.187715	0.178651	0.198306	0.230632	0.258463	0.266801	0.260189	0.252992	0.255159	0.269372	0.290095	0.292606	0.271807	0.223863	0.137916	0.0185787	-0.126022	-0.290125	-0.471619	-0.657269	-0.799701	-0.8869	-0.914476	-0.877092	-0.797559	-0.720552	-0.654192	-0.603499	-0.568834	-0.545337	-0.518427	-0.485943	-0.450806	-0.42378	-0.411355	-0.406305	-0.406364	-0.410646	-0.398677	-0.380042	-0.370536	-0.35584	-0.351857	-0.364872	-0.378247	-0.396799	-0.43633	-0.47318	-0.506887	-0.548359	-0.580419	-0.6111	-0.645405	-0.678506	-0.718101	-0.773139	-0.835608	-0.90475	-0.987688	-1.08646	-1.19714	-1.30132	-1.39598	-1.48148	-1.53915	-1.54249	-1.49445	-1.4058	-1.25636	-1.06032	-0.833265	-0.570234	-0.290653	0	
0	0.0204979	0.0427807	0.0707297	0.109372	0.154483	0.19866	0.229337	0.244204	0.241942	0.229968	0.22432	0.244196	0.307786	0.405251	0.520057	0.627976	0.711284	0.756909	0.752515	0.709303	0.634536	0.534122	0.411981	0.291496	0.204663	0.164815	0.158195	0.172579	0.1905	0.193837	0.169218	0.120518	0.0671592	0.0258272	0.00414509	0.00171061	-0.0027859	-0.0154098	-0.0421484	-0.0974908	-0.183986	-0.297754	-0.429884	-0.578775	-0.730054	-0.840107	-0.891892	-0.888364	-0.830708	-0.740694	-0.651457	-0.578787	-0.529229	-0.499933	-0.482793	-0.465104	-0.44406	-0.419393	-0.402339	-0.399741	-0.402537	-0.407302	-0.414908	-0.407564	-0.393323	-0.382768	-0.365417	-0.357259	-0.368256	-0.380871	-0.397475	-0.434202	-0.466008	-0.494164	-0.528146	-0.552259	-0.574611	-0.596118	-0.614523	-0.644015	-0.692618	-0.748654	-0.808805	-0.883264	-0.976889	-1.07846	-1.17191	-1.25953	-1.33632	-1.38577	-1.38945	-1.34566	-1.25905	-1.11543	-0.930559	-0.721233	-0.48658	-0.244553	0	
0	0.0225031	0.0449798	0.0710291	0.110574	0.157591	0.20224	0.22875	0.236631	0.230322	0.219885	0.218522	0.243822	0.307601	0.403091	0.511708	0.612496	0.689651	0.725801	0.709303	0.650704	0.561932	0.454149	0.327272	0.206524	0.123219	0.0888983	0.0856179	0.0942189	0.0963658	0.0750829	0.0170581	-0.0703525	-0.163326	-0.237897	-0.281077	-0.290566	-0.285959	-0.27765	-0.275713	-0.294785	-0.34639	-0.425376	-0.517882	-0.625427	-0.736495	-0.809142	-0.832272	-0.813171	-0.748271	-0.654137	-0.565258	-0.498915	-0.456537	-0.435105	-0.428701	-0.42083	-0.409019	-0.395211	-0.388826	-0.390598	-0.389933	-0.389518	-0.392823	-0.389324	-0.381667	-0.37807	-0.368453	-0.364867	-0.377616	-0.386405	-0.395803	-0.417482	-0.43456	-0.45115	-0.473993	-0.493876	-0.512906	-0.530616	-0.541708	-0.55897	-0.596506	-0.642588	-0.691358	-0.751465	-0.83021	-0.916584	-0.989244	-1.05305	-1.11087	-1.14342	-1.13297	-1.08557	-1.008	-0.886601	-0.735526	-0.571594	-0.386063	-0.190576	0	
0	0.0211456	0.0383457	0.0594772	0.0931149	0.139096	0.179875	0.200169	0.199518	0.187696	0.178326	0.181323	0.211042	0.275029	0.367227	0.46894	0.562568	0.632687	0.660502	0.634536	0.561932	0.46413	0.351025	0.22442	0.105836	0.0253636	-0.00715139	-0.0108485	-0.0142166	-0.0301548	-0.0764425	-0.161768	-0.276815	-0.392192	-0.484041	-0.531499	-0.53524	-0.512706	-0.479618	-0.443458	-0.425982	-0.438252	-0.477939	-0.531629	-0.60199	-0.675407	-0.720229	-0.724999	-0.69557	-0.634516	-0.554037	-0.478102	-0.422421	-0.388645	-0.376464	-0.37921	-0.384579	-0.383439	-0.377207	-0.371604	-0.369181	-0.361549	-0.349951	-0.345291	-0.342319	-0.343722	-0.349185	-0.348185	-0.350589	-0.361815	-0.366691	-0.366335	-0.369502	-0.369132	-0.36879	-0.377962	-0.392929	-0.412312	-0.431253	-0.441215	-0.457353	-0.492253	-0.530106	-0.564827	-0.608084	-0.667854	-0.731455	-0.775715	-0.804143	-0.826659	-0.831145	-0.807965	-0.765232	-0.704138	-0.616291	-0.512574	-0.400191	-0.270412	-0.132489	0	
0	0.0198897	0.0331666	0.0465387	0.0740384	0.114425	0.149647	0.16039	0.148534	0.127536	0.11578	0.118518	0.149894	0.209752	0.297215	0.390818	0.478079	0.542591	0.566102	0.534122	0.454149	0.351025	0.23733	0.115865	0.00255502	-0.0746066	-0.103952	-0.112029	-0.125046	-0.159679	-0.228563	-0.335847	-0.468051	-0.598175	-0.691042	-0.732266	-0.718517	-0.668843	-0.601743	-0.531685	-0.473875	-0.447323	-0.450681	-0.469203	-0.504632	-0.548436	-0.577328	-0.574543	-0.551159	-0.505316	-0.44176	-0.376472	-0.330195	-0.307486	-0.307609	-0.324212	-0.337521	-0.341383	-0.337344	-0.330793	-0.323197	-0.306012	-0.287867	-0.277339	-0.279139	-0.287213	-0.295359	-0.295975	-0.293642	-0.297551	-0.294801	-0.286124	-0.275159	-0.260364	-0.24651	-0.241227	-0.247592	-0.267287	-0.291828	-0.308951	-0.332751	-0.371708	-0.411821	-0.442506	-0.46859	-0.504148	-0.53954	-0.55253	-0.549819	-0.539407	-0.512053	-0.470766	-0.426132	-0.379634	-0.328348	-0.276277	-0.223492	-0.154811	-0.0737599	0	
0	0.0170141	0.0242703	0.0278438	0.0458689	0.0776269	0.104891	0.105222	0.0815538	0.0518747	0.0356157	0.0388358	0.0682389	0.124542	0.203535	0.289678	0.367721	0.427858	0.44554	0.411981	0.327272	0.22442	0.115865	0.00546513	-0.0969473	-0.165344	-0.193345	-0.202044	-0.225529	-0.275984	-0.361798	-0.483012	-0.624258	-0.75438	-0.84264	-0.871304	-0.837839	-0.762015	-0.664053	-0.556039	-0.455656	-0.386758	-0.347183	-0.333584	-0.344751	-0.375634	-0.401148	-0.407355	-0.395538	-0.365241	-0.316009	-0.26394	-0.229261	-0.212642	-0.218186	-0.236851	-0.254711	-0.258946	-0.252079	-0.240193	-0.227404	-0.209973	-0.189969	-0.177957	-0.182419	-0.192587	-0.199514	-0.193345	-0.182388	-0.175119	-0.16548	-0.154816	-0.136719	-0.116669	-0.0952995	-0.0785869	-0.0782943	-0.0949808	-0.12037	-0.145637	-0.181813	-0.234308	-0.285217	-0.317127	-0.336991	-0.356996	-0.368422	-0.353363	-0.316468	-0.275229	-0.225773	-0.169195	-0.120955	-0.0836296	-0.0557028	-0.0432648	-0.0411598	-0.0295951	-0.010389	0	
0	0.0102927	0.00756764	-0.00213787	0.00148514	0.0210403	0.0365093	0.0265013	-0.00913599	-0.0456742	-0.0656674	-0.0612019	-0.0312266	0.0217137	0.097606	0.176322	0.252331	0.307474	0.32564	0.291496	0.206524	0.105836	0.00255502	-0.0969473	-0.187432	-0.25087	-0.27471	-0.285766	-0.312979	-0.369559	-0.462323	-0.585245	-0.72274	-0.849035	-0.928258	-0.94731	-0.90075	-0.80327	-0.676331	-0.531186	-0.38874	-0.27448	-0.196829	-0.157321	-0.153825	-0.176107	-0.208397	-0.226578	-0.229634	-0.217638	-0.188504	-0.150504	-0.117607	-0.10012	-0.101999	-0.115728	-0.122367	-0.116373	-0.103807	-0.0914272	-0.0821924	-0.0680652	-0.0493034	-0.0339501	-0.0355597	-0.0426224	-0.0436407	-0.0300449	-0.011217	0.00525529	0.0169474	0.0268498	0.0434846	0.0583253	0.0773263	0.091954	0.0926906	0.0738614	0.0442969	0.0164673	-0.0275525	-0.089179	-0.152281	-0.19688	-0.216309	-0.223401	-0.217165	-0.182891	-0.124954	-0.0592895	0.00996627	0.0739442	0.124121	0.15848	0.17145	0.158484	0.126502	0.0910386	0.0513232	0	
0	0.00021976	-0.0149089	-0.0415436	-0.0547088	-0.0525544	-0.0494124	-0.0720712	-0.115469	-0.158482	-0.178356	-0.170317	-0.137431	-0.0803857	-0.0058215	0.0768178	0.152942	0.212662	0.234217	0.204663	0.123219	0.0253636	-0.0746066	-0.165344	-0.25087	-0.310423	-0.33696	-0.350222	-0.377198	-0.434203	-0.522128	-0.636821	-0.762628	-0.876824	-0.945387	-0.956814	-0.897883	-0.78561	-0.632666	-0.456905	-0.277653	-0.128337	-0.0187782	0.0367413	0.051661	0.0294094	-0.00701343	-0.0348094	-0.0527928	-0.0595095	-0.0474646	-0.0224091	0.00251504	0.0250429	0.0367556	0.0442439	0.0552903	0.0732799	0.0901104	0.100385	0.10411	0.112306	0.130828	0.152635	0.159511	0.160352	0.165624	0.18467	0.209809	0.229908	0.241389	0.246014	0.252829	0.256928	0.260632	0.26122	0.249758	0.218973	0.183393	0.147734	0.0989719	0.0350698	-0.0359772	-0.0867797	-0.110052	-0.112939	-0.0913505	-0.0388148	0.0381476	0.11902	0.195318	0.260488	0.306128	0.332221	0.335273	0.305492	0.250308	0.182901	0.0983154	0	
0	-0.00844837	-0.0341908	-0.0759165	-0.105789	-0.119999	-0.130901	-0.161217	-0.212345	-0.254715	-0.275012	-0.259734	-0.221588	-0.159091	-0.0784024	0.00893125	0.0932343	0.158941	0.187715	0.164815	0.0888983	-0.00715139	-0.103952	-0.193345	-0.27471	-0.33696	-0.368157	-0.38509	-0.41151	-0.462836	-0.54233	-0.643489	-0.754225	-0.854382	-0.91155	-0.912893	-0.843886	-0.712947	-0.537842	-0.332842	-0.126367	0.0474207	0.174032	0.237376	0.251942	0.229935	0.194488	0.160066	0.133857	0.116282	0.113596	0.121856	0.147667	0.180172	0.207669	0.230966	0.256901	0.282591	0.302276	0.311268	0.311953	0.317478	0.338195	0.366368	0.381186	0.38874	0.395504	0.419457	0.447139	0.469146	0.477805	0.473096	0.466425	0.452212	0.439613	0.420737	0.389535	0.341403	0.288078	0.239905	0.18313	0.116189	0.0471107	-0.00309822	-0.0216947	-0.0121808	0.0214984	0.0836122	0.171689	0.263304	0.33882	0.395283	0.432078	0.443998	0.434386	0.396101	0.327642	0.239894	0.128	0	
0	-0.0125982	-0.0452807	-0.0961862	-0.139909	-0.167713	-0.188636	-0.225054	-0.275252	-0.316727	-0.331639	-0.310875	-0.267	-0.197698	-0.112603	-0.018134	0.0731664	0.143425	0.178651	0.158195	0.0856179	-0.0108485	-0.112029	-0.202044	-0.285766	-0.350222	-0.38509	-0.40342	-0.423385	-0.464574	-0.531578	-0.620012	-0.718825	-0.808422	-0.857721	-0.850375	-0.767189	-0.619573	-0.419499	-0.189107	0.0346348	0.223974	0.359039	0.421193	0.433904	0.411506	0.373031	0.337033	0.305563	0.281488	0.27276	0.282457	0.3154	0.359635	0.398722	0.430468	0.459284	0.486438	0.506932	0.51649	0.518553	0.528195	0.554326	0.584717	0.604065	0.610158	0.61358	0.633752	0.660099	0.679342	0.681839	0.670763	0.647336	0.619509	0.591103	0.55262	0.504947	0.434543	0.358886	0.290045	0.222729	0.158901	0.0989611	0.0649065	0.0649221	0.0910198	0.136092	0.198918	0.279715	0.362818	0.430376	0.478869	0.507368	0.512686	0.495574	0.44616	0.371049	0.272643	0.140117	0	
0	-0.0145265	-0.0499973	-0.10786	-0.161451	-0.201336	-0.230226	-0.26774	-0.3134	-0.346918	-0.353983	-0.32486	-0.27281	-0.195477	-0.103546	-0.00130179	0.0937283	0.166579	0.198306	0.172579	0.0942189	-0.0142166	-0.125046	-0.225529	-0.312979	-0.377198	-0.41151	-0.423385	-0.430852	-0.456836	-0.509	-0.585927	-0.675628	-0.757687	-0.799881	-0.783893	-0.690714	-0.528768	-0.312712	-0.0688524	0.167355	0.365014	0.505103	0.57222	0.584457	0.555768	0.516811	0.475189	0.436043	0.412671	0.410642	0.425768	0.469406	0.524711	0.570868	0.604838	0.632836	0.654381	0.671245	0.682763	0.690247	0.706136	0.736719	0.772626	0.797088	0.80301	0.795902	0.804519	0.82151	0.829792	0.827521	0.809324	0.774285	0.735774	0.693051	0.636212	0.566987	0.479024	0.386115	0.302115	0.232784	0.180828	0.146335	0.139251	0.161891	0.206181	0.256701	0.309654	0.370161	0.431556	0.480312	0.520262	0.549169	0.549122	0.526401	0.474188	0.387587	0.27774	0.142556	0	
0	-0.0151549	-0.0527699	-0.113945	-0.176899	-0.225846	-0.26184	-0.296842	-0.333454	-0.355032	-0.350791	-0.312581	-0.251145	-0.165707	-0.0655751	0.0419717	0.139943	0.208337	0.230632	0.1905	0.0963658	-0.0301548	-0.159679	-0.275984	-0.369559	-0.434203	-0.462836	-0.464574	-0.456836	-0.463183	-0.498967	-0.562683	-0.642055	-0.713596	-0.748061	-0.723573	-0.624709	-0.459889	-0.243066	0.00409771	0.238962	0.440435	0.587563	0.66146	0.673089	0.644506	0.602963	0.5573	0.518555	0.499392	0.499757	0.517637	0.565553	0.625133	0.676456	0.711965	0.737643	0.75913	0.778584	0.789485	0.794153	0.811342	0.848612	0.890475	0.92304	0.930052	0.914047	0.909001	0.910862	0.906561	0.898184	0.877641	0.834975	0.787048	0.73194	0.656658	0.569946	0.468918	0.368119	0.287903	0.23352	0.203117	0.196814	0.21956	0.267	0.325406	0.377548	0.420097	0.460459	0.498193	0.525287	0.549843	0.568716	0.560302	0.527586	0.465571	0.374634	0.262529	0.129247	0	
0	-0.0128635	-0.0486851	-0.110168	-0.178051	-0.234805	-0.274629	-0.306362	-0.330203	-0.338569	-0.32159	-0.275632	-0.205876	-0.114093	-0.00728354	0.102274	0.197964	0.254939	0.258463	0.193837	0.0750829	-0.0764425	-0.228563	-0.361798	-0.462323	-0.522128	-0.54233	-0.531578	-0.509	-0.498967	-0.519578	-0.570143	-0.637435	-0.694554	-0.717257	-0.684147	-0.585006	-0.427276	-0.220812	0.0156377	0.243461	0.444516	0.592143	0.673155	0.68731	0.659129	0.620866	0.585044	0.551038	0.536544	0.537583	0.551111	0.587336	0.637307	0.684516	0.722311	0.756437	0.784117	0.80316	0.811394	0.814639	0.830907	0.865071	0.906022	0.944239	0.955118	0.937469	0.925198	0.920434	0.908612	0.895712	0.870552	0.818117	0.761043	0.694537	0.607703	0.515768	0.419146	0.328074	0.26323	0.233552	0.234129	0.2581	0.301818	0.362711	0.431067	0.489407	0.5323	0.561801	0.579492	0.585793	0.588804	0.583019	0.550498	0.498745	0.426985	0.332723	0.225073	0.108921	0	
0	-0.00773576	-0.0389571	-0.0964743	-0.166244	-0.226059	-0.267601	-0.292368	-0.300609	-0.293761	-0.261944	-0.210322	-0.133975	-0.0389932	0.0683648	0.175639	0.257213	0.295358	0.266801	0.169218	0.0170581	-0.161768	-0.335847	-0.483012	-0.585245	-0.636821	-0.643489	-0.620012	-0.585927	-0.562683	-0.570143	-0.60951	-0.661561	-0.706053	-0.717544	-0.680888	-0.58872	-0.447151	-0.257657	-0.0383297	0.181925	0.376288	0.523908	0.607942	0.623575	0.597768	0.570941	0.547643	0.526946	0.520227	0.516847	0.514877	0.529544	0.564467	0.606421	0.645709	0.680946	0.711976	0.737633	0.752437	0.754139	0.764488	0.789535	0.823979	0.857234	0.868978	0.855329	0.846314	0.845495	0.832205	0.817154	0.781342	0.715716	0.647757	0.576194	0.495714	0.415484	0.341247	0.278408	0.243103	0.24141	0.266301	0.316645	0.382749	0.455052	0.525479	0.585008	0.633181	0.663521	0.670886	0.657423	0.63148	0.591758	0.527145	0.451788	0.373773	0.283735	0.186849	0.0911565	0	
0	-0.000949577	-0.0238283	-0.0760912	-0.141733	-0.201785	-0.240399	-0.253727	-0.245624	-0.216867	-0.172364	-0.111457	-0.0316384	0.0624688	0.168608	0.261486	0.324109	0.329095	0.260189	0.120518	-0.0703525	-0.276815	-0.468051	-0.624258	-0.72274	-0.762628	-0.754225	-0.718825	-0.675628	-0.642055	-0.637435	-0.661561	-0.701747	-0.734719	-0.743157	-0.714516	-0.640507	-0.520892	-0.357035	-0.152629	0.0584517	0.246655	0.391487	0.479406	0.498944	0.483689	0.469393	0.461772	0.451435	0.442011	0.428645	0.413922	0.411861	0.431487	0.464354	0.497211	0.532667	0.568166	0.598539	0.613912	0.616567	0.62331	0.639678	0.662083	0.686738	0.699636	0.690449	0.686693	0.685739	0.673827	0.654605	0.609869	0.538535	0.462144	0.394042	0.32918	0.276892	0.239205	0.211826	0.214834	0.246446	0.299019	0.371715	0.453296	0.535909	0.609167	0.669202	0.717907	0.744866	0.741958	0.713423	0.665243	0.593016	0.497824	0.404284	0.3226	0.240571	0.15851	0.0796085	0	
0	0.00944297	-0.00342423	-0.0446865	-0.103186	-0.157097	-0.187223	-0.187754	-0.156784	-0.108487	-0.0453933	0.0226185	0.104809	0.197265	0.293571	0.369773	0.402441	0.368053	0.252992	0.0671592	-0.163326	-0.392192	-0.598175	-0.75438	-0.849035	-0.876824	-0.854382	-0.808422	-0.757687	-0.713596	-0.694554	-0.706053	-0.734719	-0.766688	-0.783625	-0.77299	-0.723617	-0.63448	-0.494097	-0.312011	-0.113953	0.0661552	0.211367	0.306603	0.34432	0.346413	0.344016	0.345992	0.336911	0.320817	0.297002	0.271187	0.25226	0.260641	0.285345	0.316506	0.351427	0.386099	0.412448	0.426351	0.424883	0.4227	0.429136	0.447255	0.471425	0.485311	0.479198	0.468356	0.458414	0.44047	0.416998	0.373282	0.306865	0.237558	0.177134	0.128158	0.102008	0.0995648	0.119403	0.167244	0.234716	0.318311	0.414309	0.511093	0.598492	0.668791	0.723843	0.769423	0.791165	0.775391	0.734606	0.67106	0.579239	0.471638	0.367858	0.279258	0.201304	0.130414	0.0657442	0	
0	0.0198767	0.0193627	-0.0110818	-0.057061	-0.100026	-0.116954	-0.097344	-0.0440305	0.0318227	0.112784	0.193223	0.277281	0.365519	0.449063	0.501695	0.497577	0.419997	0.255159	0.0258272	-0.237897	-0.484041	-0.691042	-0.84264	-0.928258	-0.945387	-0.91155	-0.857721	-0.799881	-0.748061	-0.717257	-0.717544	-0.743157	-0.783625	-0.816176	-0.832576	-0.814383	-0.754655	-0.647168	-0.492743	-0.309146	-0.139262	0.00986183	0.121471	0.182733	0.202241	0.212493	0.217468	0.207867	0.181899	0.149726	0.112645	0.0822449	0.0776747	0.0960004	0.126812	0.163141	0.197094	0.219986	0.224994	0.210627	0.197362	0.199871	0.220819	0.244127	0.259743	0.249818	0.22646	0.196051	0.164134	0.135328	0.0936132	0.0425693	-0.0151549	-0.0610748	-0.0886132	-0.0909229	-0.0614406	0.00110263	0.0987049	0.207001	0.315858	0.426431	0.530802	0.618096	0.681982	0.732128	0.773625	0.787055	0.760964	0.710241	0.640391	0.545739	0.434486	0.330984	0.243258	0.161772	0.0980366	0.0518205	0	
0	0.0323288	0.0455035	0.0289219	-0.000517053	-0.0270981	-0.0243993	0.0172058	0.0954772	0.197382	0.29662	0.388806	0.471373	0.551673	0.617028	0.639564	0.598548	0.474631	0.269372	0.00414509	-0.281077	-0.531499	-0.732266	-0.871304	-0.94731	-0.956814	-0.912893	-0.850375	-0.783893	-0.723573	-0.684147	-0.680888	-0.714516	-0.77299	-0.832576	-0.880557	-0.893115	-0.868197	-0.795872	-0.669875	-0.508837	-0.344654	-0.184886	-0.0575472	0.0263527	0.0651652	0.0792612	0.085498	0.0782608	0.0515953	0.0152436	-0.0298566	-0.0712391	-0.0854129	-0.0727044	-0.043676	-0.00534592	0.0281223	0.0440079	0.0373544	0.016442	-0.00220183	-0.00415959	0.00989912	0.0260385	0.0345684	0.0179842	-0.0168783	-0.0640267	-0.107375	-0.147902	-0.189792	-0.231442	-0.27464	-0.300937	-0.304469	-0.274809	-0.215743	-0.120639	0.00810111	0.141915	0.272148	0.391105	0.497954	0.584703	0.643416	0.68494	0.716396	0.722721	0.687178	0.62678	0.556008	0.469567	0.376756	0.289319	0.202205	0.124631	0.0710616	0.0322535	0	
0	0.043937	0.068979	0.067197	0.0551098	0.0497244	0.0757626	0.141615	0.245364	0.371458	0.489295	0.59213	0.671553	0.741134	0.782313	0.773814	0.692596	0.528526	0.290095	0.00171061	-0.290566	-0.53524	-0.718517	-0.837839	-0.90075	-0.897883	-0.843886	-0.767189	-0.690714	-0.624709	-0.585006	-0.58872	-0.640507	-0.723617	-0.814383	-0.893115	-0.941129	-0.952154	-0.91746	-0.824319	-0.682924	-0.518634	-0.352064	-0.211398	-0.109736	-0.0624819	-0.0437466	-0.0321495	-0.0350373	-0.0601954	-0.0955137	-0.1436	-0.187794	-0.209357	-0.20609	-0.180441	-0.146171	-0.119234	-0.108611	-0.112288	-0.130019	-0.152241	-0.162224	-0.161329	-0.160428	-0.167615	-0.192327	-0.232843	-0.28779	-0.342178	-0.39602	-0.445777	-0.488452	-0.519983	-0.524143	-0.49601	-0.433696	-0.346937	-0.22732	-0.0858217	0.051709	0.181049	0.301349	0.411066	0.494081	0.545839	0.575764	0.590454	0.582024	0.540795	0.482649	0.420549	0.351551	0.281608	0.219121	0.150716	0.084886	0.0455623	0.0208619	0	
0	0.0529695	0.0872136	0.0993699	0.104497	0.123969	0.175015	0.266364	0.392871	0.537578	0.670855	0.776977	0.849904	0.899721	0.911399	0.867913	0.747833	0.551222	0.292606	-0.0027859	-0.285959	-0.512706	-0.668843	-0.762015	-0.80327	-0.78561	-0.712947	-0.619573	-0.528768	-0.459889	-0.427276	-0.447151	-0.520892	-0.63448	-0.754655	-0.868197	-0.952154	-1.00177	-1.00432	-0.941426	-0.817243	-0.656501	-0.486064	-0.340439	-0.234054	-0.180261	-0.156596	-0.142245	-0.138982	-0.152978	-0.181464	-0.227383	-0.269075	-0.295668	-0.299271	-0.284392	-0.258118	-0.231401	-0.211852	-0.20787	-0.224035	-0.246314	-0.265995	-0.28249	-0.302227	-0.325407	-0.359352	-0.406509	-0.468411	-0.536754	-0.601334	-0.655016	-0.696619	-0.715079	-0.698307	-0.641767	-0.549586	-0.441822	-0.313385	-0.174309	-0.0469923	0.0650128	0.168047	0.26954	0.350904	0.393223	0.403435	0.397068	0.374261	0.331931	0.278621	0.23	0.187955	0.1472	0.114876	0.0767732	0.0397431	0.0244571	0.0121739	0	
0	0.0571131	0.0984584	0.118845	0.143009	0.184426	0.262779	0.376797	0.520157	0.678618	0.817262	0.923638	0.982961	1.00838	0.988431	0.908688	0.756873	0.537503	0.271807	-0.0154098	-0.27765	-0.479618	-0.601743	-0.664053	-0.676331	-0.632666	-0.537842	-0.419499	-0.312712	-0.243066	-0.220812	-0.257657	-0.357035	-0.494097	-0.647168	-0.795872	-0.91746	-1.00432	-1.0397	-0.998746	-0.892851	-0.739527	-0.577791	-0.439838	-0.337067	-0.280745	-0.251577	-0.231294	-0.222356	-0.227502	-0.247744	-0.285183	-0.32205	-0.35383	-0.371893	-0.369123	-0.343035	-0.308079	-0.27791	-0.267371	-0.277351	-0.302834	-0.332485	-0.363384	-0.392931	-0.426257	-0.474062	-0.528903	-0.600342	-0.68141	-0.752517	-0.803708	-0.835646	-0.836419	-0.799936	-0.727998	-0.623314	-0.505195	-0.377771	-0.251671	-0.141365	-0.0528192	0.0232224	0.100534	0.163842	0.193751	0.185865	0.153187	0.114564	0.0740479	0.0312934	0.00236569	-0.013794	-0.0250285	-0.0208216	-0.0189497	-0.0148355	0.00243087	0.00494515	0	
0	0.0585704	0.100357	0.131261	0.16805	0.235028	0.337262	0.470583	0.626812	0.785477	0.924902	1.01882	1.06079	1.05597	1.00204	0.889392	0.713425	0.482571	0.223863	-0.0421484	-0.275713	-0.443458	-0.531685	-0.556039	-0.531186	-0.456905	-0.332842	-0.189107	-0.0688524	0.00409771	0.0156377	-0.0383297	-0.152629	-0.312011	-0.492743	-0.669875	-0.824319	-0.941426	-0.998746	-0.982899	-0.90248	-0.769205	-0.627435	-0.49986	-0.402812	-0.344108	-0.313016	-0.294367	-0.28607	-0.279142	-0.289419	-0.320812	-0.360352	-0.40336	-0.433634	-0.434773	-0.405558	-0.362011	-0.322491	-0.30434	-0.316118	-0.343204	-0.374675	-0.40928	-0.443528	-0.489029	-0.547967	-0.611447	-0.687069	-0.775958	-0.8461	-0.885697	-0.904085	-0.882366	-0.825941	-0.745842	-0.643569	-0.53466	-0.423891	-0.315127	-0.222599	-0.159018	-0.112619	-0.0717067	-0.0417473	-0.0375791	-0.0673132	-0.112959	-0.158815	-0.197904	-0.228887	-0.242154	-0.23056	-0.205758	-0.169431	-0.129769	-0.0867663	-0.0418089	-0.0159254	0	
0	0.0589381	0.105026	0.143168	0.198325	0.287647	0.414451	0.563403	0.72287	0.873534	0.998524	1.07043	1.08539	1.04409	0.953241	0.810487	0.613794	0.383513	0.137916	-0.0974908	-0.294785	-0.425982	-0.473875	-0.455656	-0.38874	-0.277653	-0.126367	0.0346348	0.167355	0.238962	0.243461	0.181925	0.0584517	-0.113953	-0.309146	-0.508837	-0.682924	-0.817243	-0.892851	-0.90248	-0.847499	-0.746063	-0.627809	-0.514264	-0.427496	-0.374538	-0.340435	-0.318732	-0.30484	-0.292642	-0.301931	-0.33738	-0.388642	-0.440902	-0.473796	-0.476366	-0.446533	-0.398998	-0.355016	-0.337895	-0.349808	-0.371792	-0.4015	-0.438916	-0.480952	-0.533865	-0.604703	-0.672154	-0.7453	-0.831601	-0.889399	-0.913676	-0.909818	-0.864996	-0.79081	-0.705424	-0.612313	-0.521365	-0.440856	-0.359902	-0.288029	-0.247516	-0.234365	-0.234754	-0.244514	-0.276625	-0.327525	-0.37626	-0.414343	-0.438258	-0.456578	-0.458173	-0.42874	-0.38228	-0.316264	-0.239131	-0.167717	-0.0999756	-0.0439775	0	
0	0.0594959	0.110117	0.157289	0.23077	0.34159	0.489939	0.6494	0.803854	0.936824	1.03411	1.07598	1.0559	0.976353	0.850806	0.679394	0.471983	0.24488	0.0185787	-0.183986	-0.34639	-0.438252	-0.447323	-0.386758	-0.27448	-0.128337	0.0474207	0.223974	0.365014	0.440435	0.444516	0.376288	0.246655	0.0661552	-0.139262	-0.344654	-0.518634	-0.656501	-0.739527	-0.769205	-0.746063	-0.681286	-0.587834	-0.492398	-0.418485	-0.367273	-0.328572	-0.303556	-0.287898	-0.276265	-0.291617	-0.336834	-0.398603	-0.454144	-0.492319	-0.503583	-0.478445	-0.43298	-0.389168	-0.369187	-0.374822	-0.394644	-0.425725	-0.467339	-0.514887	-0.575512	-0.654099	-0.719899	-0.784005	-0.853631	-0.893587	-0.897744	-0.870902	-0.806876	-0.719729	-0.63694	-0.555656	-0.483624	-0.43104	-0.379502	-0.335293	-0.319013	-0.335679	-0.375722	-0.423113	-0.481399	-0.549971	-0.603064	-0.627163	-0.633922	-0.634473	-0.617411	-0.57226	-0.506125	-0.422183	-0.329507	-0.241039	-0.158989	-0.0806657	0	
