0	0	0	0	0	0	0	0	0	0	0	0	0	0	0	0	0	0	0	0	0	0	0	0	0	0	0	0	0	0	0	0	0	0	0	0	0	0	0	0	0	0	0	0	0	0	0	0	0	0	0	0	0	0	0	0	0	0	0	0	0	0	0	0	0	0	0	0	0	0	0	0	0	0	0	0	0	0	0	0	0	0	0	0	0	0	0	0	0	0	0	0	0	0	0	0	0	0	0	0	
0	0.0965573	0.212739	0.289794	0.323254	0.354592	0.364704	0.34945	0.342227	0.340655	0.321547	0.26913	0.198184	0.12857	0.0512552	-0.0418325	-0.137753	-0.204389	-0.225321	-0.202789	-0.1564	-0.107191	-0.0658888	-0.0380233	-0.0207225	-0.0105934	-0.0057731	-0.00225561	-0.00120315	-0.000137145	-4.68761e-05	-0.000599601	-0.000951779	-0.00264849	-0.00347893	-0.00531488	-0.00641876	-0.00693448	-0.0067472	-0.00481815	-0.000147487	0.00517756	0.0152683	0.0257164	0.036194	0.0473828	0.0521744	0.0495494	0.0385336	0.020025	-0.00152644	-0.0130684	-0.00867214	0.02015	0.070722	0.124089	0.173121	0.197371	0.1858	0.160027	0.110911	0.0227839	-0.0698772	-0.147274	-0.228992	-0.304828	-0.344174	-0.354174	-0.354051	-0.331014	-0.269175	-0.185587	-0.106545	-0.0331065	0.0485948	0.136335	0.206458	0.235606	0.219899	0.174521	0.120664	0.0739316	0.0406605	0.0202753	0.00924119	0.00387573	0.0015041	0.00054271	0.000182818	5.77021e-05	1.71184e-05	4.78696e-06	1.26496e-06	3.16592e-07	7.52022e-08	1.69857e-08	3.65423e-09	7.49217e-10	1.42133e-10	0	
0	0.212739	0.400945	0.534592	0.630126	0.702177	0.735258	0.736757	0.724487	0.697944	0.62874	0.503612	0.358455	0.213124	0.0602913	-0.109916	-0.275071	-0.385679	-0.413737	-0.364921	-0.274816	-0.177897	-0.0997239	-0.0460381	-0.0141497	0.00230813	0.0103562	0.0137855	0.0149633	0.0157833	0.015611	0.0161127	0.0157948	0.0164938	0.0162476	0.0176129	0.0179131	0.0201851	0.0223283	0.0257302	0.0306779	0.0366349	0.0431953	0.0518971	0.0581125	0.0633051	0.0638007	0.0600964	0.0478327	0.0335169	0.0214926	0.0187509	0.0366797	0.0789476	0.151277	0.23542	0.309578	0.360135	0.357113	0.291945	0.180634	0.032113	-0.134515	-0.299139	-0.458	-0.591382	-0.670204	-0.699229	-0.694108	-0.639944	-0.522072	-0.366378	-0.210504	-0.0590695	0.103617	0.26995	0.400096	0.454787	0.426943	0.342789	0.240605	0.149973	0.0840143	0.0427024	0.0198461	0.00848829	0.00335935	0.00123597	0.000424464	0.000136551	4.128e-05	1.17595e-05	3.16469e-06	8.06417e-07	1.9497e-07	4.481e-08	9.80653e-09	2.04458e-09	3.9393e-10	0	
0	0.289794	0.534592	0.748917	0.924888	1.03711	1.10954	1.14558	1.12752	1.05837	0.919973	0.721702	0.495734	0.261768	0.0295458	-0.206418	-0.41343	-0.547063	-0.573649	-0.503237	-0.374703	-0.236608	-0.122261	-0.0416705	0.00601182	0.0306199	0.0426401	0.045703	0.0479041	0.0472628	0.0479082	0.0486236	0.0492911	0.0520579	0.0532795	0.0572526	0.0595897	0.0632671	0.066062	0.06873	0.0689123	0.0702411	0.0663352	0.0634834	0.0588257	0.0534597	0.0491526	0.0494923	0.0539141	0.0608162	0.0767717	0.0952654	0.129122	0.180325	0.250869	0.342188	0.418284	0.460855	0.453827	0.365728	0.211707	0.018914	-0.211766	-0.456656	-0.674838	-0.848148	-0.967566	-1.02082	-1.00244	-0.910283	-0.747253	-0.535493	-0.306056	-0.0720275	0.167559	0.396128	0.56941	0.643865	0.610311	0.49919	0.358799	0.229679	0.132333	0.069221	0.0331105	0.0145716	0.00593118	0.0022431	0.000791338	0.000261343	8.10508e-05	2.36711e-05	6.52673e-06	1.70287e-06	4.21293e-07	9.9022e-08	2.21496e-08	4.71715e-09	9.26698e-10	0	
0	0.323254	0.630126	0.924888	1.16781	1.34621	1.48461	1.55328	1.52377	1.39401	1.18474	0.927805	0.625988	0.309205	-0.00342646	-0.293585	-0.528981	-0.679664	-0.71272	-0.636761	-0.486864	-0.320913	-0.171955	-0.0649866	0.00333979	0.0412771	0.0594953	0.0671485	0.0703589	0.0706176	0.0717208	0.0718443	0.0734322	0.0746337	0.0773189	0.0789512	0.0825669	0.0841427	0.086606	0.0877739	0.0865904	0.0841331	0.079386	0.0703575	0.0623946	0.0536307	0.0510554	0.0530058	0.0737539	0.105043	0.151802	0.207432	0.261068	0.318919	0.369754	0.425875	0.479332	0.49452	0.463025	0.367929	0.196663	-0.035572	-0.315159	-0.608509	-0.866322	-1.07452	-1.22901	-1.29797	-1.26094	-1.13422	-0.938239	-0.682561	-0.384007	-0.0692988	0.236751	0.507533	0.705481	0.793885	0.762661	0.639232	0.473734	0.313641	0.187126	0.101371	0.0501914	0.0228452	0.00960761	0.00375007	0.00136393	0.000463894	0.000148011	4.44281e-05	1.25787e-05	3.36698e-06	8.539e-07	2.05581e-07	4.70684e-08	1.02521e-08	2.0557e-09	0	
0	0.354592	0.702177	1.03711	1.34621	1.61744	1.81567	1.90474	1.86202	1.68659	1.43961	1.14005	0.778921	0.383791	-0.0106641	-0.349233	-0.616135	-0.783856	-0.83483	-0.767648	-0.617881	-0.431479	-0.255568	-0.119528	-0.025979	0.0300097	0.0587445	0.0754329	0.0798538	0.0845769	0.0841305	0.0850085	0.0851294	0.0836135	0.0848175	0.0818137	0.0826286	0.0796471	0.0788811	0.076051	0.075601	0.0719009	0.0737328	0.0723998	0.0765627	0.0810548	0.0944059	0.112396	0.141849	0.188848	0.247195	0.326536	0.397935	0.451983	0.481598	0.482467	0.479914	0.462057	0.405846	0.296471	0.110929	-0.142983	-0.43674	-0.744644	-1.03182	-1.27071	-1.44154	-1.51038	-1.45893	-1.31039	-1.08919	-0.794694	-0.435503	-0.0532719	0.301854	0.595473	0.803003	0.901355	0.880654	0.759812	0.583401	0.401314	0.248945	0.140149	0.0720345	0.0339896	0.014797	0.00597	0.0022413	0.000785818	0.000258142	7.96875e-05	2.31778e-05	6.36737e-06	1.65582e-06	4.08423e-07	9.57276e-08	2.13274e-08	4.36493e-09	0	
0	0.364704	0.735258	1.10954	1.48461	1.81567	2.03779	2.1355	2.09834	1.93865	1.69341	1.35987	0.947543	0.478026	0.0215169	-0.361846	-0.653798	-0.836055	-0.909681	-0.865504	-0.730337	-0.536809	-0.346516	-0.182297	-0.0668806	0.00752496	0.0493628	0.0719753	0.0815227	0.0872587	0.0879451	0.0886091	0.0876936	0.0858835	0.083945	0.0811257	0.0773907	0.0743585	0.0704461	0.0673541	0.0670932	0.0680317	0.0749149	0.0880802	0.108169	0.138864	0.173878	0.221849	0.268876	0.323694	0.374291	0.430086	0.490371	0.528711	0.539869	0.509498	0.448736	0.374192	0.277278	0.146116	-0.0414368	-0.287463	-0.568692	-0.872983	-1.17462	-1.42461	-1.58905	-1.64962	-1.59539	-1.43705	-1.19169	-0.860975	-0.45723	-0.0317126	0.350903	0.652328	0.860718	0.967686	0.96456	0.859242	0.685474	0.491106	0.317353	0.185931	0.0993046	0.0486077	0.0219138	0.00914086	0.00354252	0.00128032	0.000432984	0.000137435	4.10584e-05	1.15737e-05	3.08539e-06	7.7951e-07	1.8699e-07	4.26013e-08	8.89664e-09	0	
0	0.34945	0.736757	1.14558	1.55328	1.90474	2.1355	2.2429	2.23998	2.12493	1.88245	1.52387	1.07987	0.584382	0.109391	-0.295106	-0.592483	-0.792201	-0.892657	-0.888413	-0.782753	-0.610884	-0.417841	-0.242821	-0.111644	-0.0244727	0.0280875	0.0529704	0.0686833	0.0718336	0.0763702	0.0759622	0.0767085	0.0778222	0.0765368	0.079921	0.0789298	0.0839737	0.0866753	0.094646	0.103251	0.118926	0.135974	0.164297	0.194411	0.239034	0.286861	0.341421	0.398258	0.451639	0.494599	0.516665	0.537345	0.548816	0.533384	0.473829	0.368853	0.238666	0.0927221	-0.0615181	-0.236358	-0.455539	-0.71492	-1.00068	-1.28617	-1.51906	-1.66568	-1.72065	-1.67161	-1.50728	-1.23732	-0.878498	-0.454364	-0.0155474	0.373465	0.673854	0.881048	0.997744	1.01728	0.937119	0.77761	0.580673	0.391041	0.238457	0.132331	0.0671774	0.0313526	0.0135156	0.00540468	0.00201259	0.000700356	0.000228474	7.00742e-05	2.02589e-05	5.53407e-06	1.43148e-06	3.51297e-07	8.18102e-08	1.74259e-08	0	
0	0.342227	0.724487	1.12752	1.52377	1.86202	2.09834	2.23998	2.28589	2.20267	1.96288	1.60015	1.16628	0.697968	0.240032	-0.153248	-0.452035	-0.668023	-0.797198	-0.835987	-0.7737	-0.634232	-0.449396	-0.273618	-0.128461	-0.0301043	0.0309586	0.0621806	0.0790051	0.0845684	0.0888486	0.090419	0.0928263	0.09684	0.100951	0.108636	0.117406	0.129807	0.145378	0.164935	0.188309	0.217087	0.248362	0.28595	0.32505	0.365328	0.412618	0.456199	0.498986	0.53859	0.568439	0.568667	0.543317	0.505068	0.452802	0.364433	0.224881	0.0584429	-0.116054	-0.287702	-0.455958	-0.647958	-0.872727	-1.11388	-1.35146	-1.55032	-1.68005	-1.73124	-1.68382	-1.51212	-1.2245	-0.85561	-0.439012	-0.0149581	0.36399	0.660251	0.869047	0.998095	1.04319	0.994097	0.857781	0.667319	0.468061	0.29689	0.171074	0.0900054	0.0434557	0.0193462	0.00797691	0.00305849	0.00109445	0.000366716	0.0001154	3.41978e-05	9.56704e-06	2.53231e-06	6.35445e-07	1.5119e-07	3.28308e-08	0	
0	0.340655	0.697944	1.05837	1.39401	1.68659	1.93865	2.12493	2.20267	2.14056	1.92132	1.5967	1.21805	0.804932	0.3913	0.0195422	-0.28128	-0.508778	-0.662609	-0.736849	-0.715702	-0.603597	-0.434134	-0.253336	-0.0964657	0.0167152	0.088193	0.128107	0.146772	0.156301	0.160099	0.164	0.168268	0.174217	0.183104	0.193453	0.208611	0.224931	0.247814	0.271865	0.302462	0.336163	0.372695	0.412238	0.454277	0.489924	0.523914	0.552701	0.567275	0.572455	0.575053	0.55175	0.490077	0.397391	0.292926	0.183239	0.0386039	-0.141819	-0.333867	-0.520119	-0.687232	-0.848601	-1.01904	-1.19303	-1.36841	-1.52989	-1.64262	-1.68201	-1.62584	-1.44974	-1.16319	-0.809432	-0.425181	-0.0358666	0.323013	0.615739	0.831062	0.975486	1.04709	1.03162	0.924547	0.748402	0.546112	0.359926	0.215129	0.11719	0.0584785	0.0268627	0.0114111	0.00450125	0.00165505	0.000569169	0.000183639	5.57443e-05	1.59607e-05	4.32038e-06	1.10789e-06	2.69161e-07	5.95522e-08	0	
0	0.321547	0.62874	0.919973	1.18474	1.43961	1.69341	1.88245	1.96288	1.92132	1.76278	1.5263	1.22332	0.881395	0.524415	0.183178	-0.110945	-0.343778	-0.508845	-0.609018	-0.617546	-0.534789	-0.379807	-0.19858	-0.0300471	0.0973683	0.182995	0.23077	0.25587	0.267708	0.273355	0.279513	0.284563	0.2944	0.30471	0.319074	0.33675	0.355412	0.379303	0.404591	0.430649	0.46258	0.491723	0.520892	0.552594	0.575821	0.591023	0.598772	0.588395	0.545943	0.496071	0.44057	0.355864	0.238467	0.0988483	-0.0393453	-0.185691	-0.360265	-0.554661	-0.746005	-0.903056	-1.02306	-1.12967	-1.23474	-1.34891	-1.46835	-1.5537	-1.56918	-1.49971	-1.33216	-1.07284	-0.759023	-0.423402	-0.0785179	0.256125	0.5471	0.773549	0.935889	1.03358	1.05169	0.977206	0.821666	0.62282	0.425944	0.263762	0.1486	0.0765588	0.0362508	0.0158497	0.00642643	0.00242583	0.000855516	0.000282786	8.78632e-05	2.57285e-05	7.11734e-06	1.8639e-06	4.62091e-07	1.04105e-07	0	
0	0.26913	0.503612	0.721702	0.927805	1.14005	1.35987	1.52387	1.60015	1.5967	1.5263	1.37379	1.14447	0.885923	0.602592	0.309023	0.0299449	-0.190227	-0.361952	-0.477409	-0.511693	-0.454939	-0.318431	-0.136714	0.0402681	0.186091	0.285371	0.34683	0.377673	0.395325	0.401864	0.409858	0.416028	0.425122	0.438598	0.450694	0.47065	0.488396	0.508716	0.532612	0.550792	0.569919	0.588798	0.593394	0.599562	0.596028	0.575787	0.548133	0.516477	0.454605	0.360719	0.264577	0.160935	0.0321236	-0.122138	-0.278266	-0.431792	-0.596342	-0.768966	-0.936934	-1.06844	-1.1471	-1.19898	-1.24617	-1.3002	-1.3645	-1.40827	-1.39643	-1.32252	-1.18319	-0.975204	-0.718566	-0.437853	-0.138419	0.171636	0.461972	0.702315	0.884113	1.00664	1.05661	1.01581	0.885451	0.695991	0.493172	0.31597	0.183879	0.0976961	0.0476316	0.0214128	0.00891526	0.00345167	0.00124721	0.000421989	0.000134093	4.0126e-05	1.13353e-05	3.02935e-06	7.65839e-07	1.7557e-07	0	
0	0.198184	0.358455	0.495734	0.625988	0.778921	0.947543	1.07987	1.16628	1.21805	1.22332	1.14447	1.00406	0.836509	0.622354	0.36393	0.108995	-0.102562	-0.283215	-0.401597	-0.452633	-0.414887	-0.290247	-0.104642	0.0826636	0.253221	0.369373	0.449537	0.490826	0.513848	0.526054	0.530669	0.540138	0.542432	0.554373	0.560671	0.571071	0.583515	0.590267	0.601262	0.60876	0.606113	0.608027	0.594824	0.568722	0.541952	0.495305	0.425388	0.35682	0.281875	0.177117	0.053337	-0.0722375	-0.205446	-0.36645	-0.532433	-0.678003	-0.815175	-0.94725	-1.07233	-1.17185	-1.21947	-1.22939	-1.22457	-1.21477	-1.21329	-1.21121	-1.18264	-1.12265	-1.02935	-0.886822	-0.694128	-0.466733	-0.208631	0.0781815	0.367506	0.62221	0.823843	0.969577	1.04881	1.04109	0.938787	0.763786	0.559847	0.370574	0.222467	0.121742	0.0610444	0.0281848	0.0120373	0.00477514	0.00176612	0.000611093	0.000198417	6.06236e-05	1.7474e-05	4.76189e-06	1.22665e-06	2.85947e-07	0	
0	0.12857	0.213124	0.261768	0.309205	0.383791	0.478026	0.584382	0.697968	0.804932	0.881395	0.885923	0.836509	0.734406	0.559947	0.33662	0.106642	-0.107292	-0.283089	-0.397405	-0.45991	-0.435166	-0.315393	-0.134529	0.0718941	0.260249	0.400677	0.498699	0.554252	0.583909	0.60116	0.605063	0.612347	0.611989	0.614476	0.616195	0.612896	0.612578	0.6065	0.593857	0.58561	0.560187	0.534948	0.504843	0.456492	0.400473	0.344104	0.258649	0.156619	0.0575403	-0.0589649	-0.19235	-0.334496	-0.469754	-0.611657	-0.762557	-0.888373	-0.98858	-1.07381	-1.1521	-1.2194	-1.24228	-1.21405	-1.15578	-1.08277	-1.02069	-0.984391	-0.957799	-0.929134	-0.890602	-0.815467	-0.684545	-0.504698	-0.2821	-0.0169248	0.269622	0.537136	0.757887	0.925092	1.03066	1.05427	0.981372	0.824834	0.62435	0.426314	0.263641	0.148406	0.0764373	0.036204	0.0158428	0.00643259	0.00243274	0.00085996	0.000285039	8.88408e-05	2.61052e-05	7.24796e-06	1.90088e-06	4.50236e-07	0	
0	0.0512552	0.0602913	0.0295458	-0.00342646	-0.0106641	0.0215169	0.109391	0.240032	0.3913	0.524415	0.602592	0.622354	0.559947	0.429348	0.248019	0.0377026	-0.174237	-0.340212	-0.460637	-0.534976	-0.520093	-0.416977	-0.241818	-0.0220637	0.177682	0.344275	0.457931	0.527841	0.567739	0.585513	0.594438	0.594281	0.594567	0.586807	0.58261	0.570751	0.555978	0.542156	0.512043	0.486998	0.448371	0.397516	0.346875	0.282033	0.200953	0.118403	0.0297882	-0.087571	-0.203686	-0.326378	-0.458776	-0.592009	-0.715206	-0.828951	-0.945379	-1.03955	-1.10424	-1.15094	-1.18605	-1.21379	-1.20481	-1.13786	-1.03161	-0.910439	-0.809297	-0.759255	-0.75099	-0.762139	-0.776401	-0.76115	-0.684615	-0.545601	-0.35317	-0.108391	0.172794	0.450195	0.688448	0.875372	1.00443	1.05693	1.01349	0.878267	0.685308	0.481939	0.306572	0.17727	0.0936645	0.0454538	0.0203562	0.00844999	0.00326415	0.0011776	0.000398055	0.000126438	3.78402e-05	1.06944e-05	2.85308e-06	6.86074e-07	0	
0	-0.0418325	-0.109916	-0.206418	-0.293585	-0.349233	-0.361846	-0.295106	-0.153248	0.0195422	0.183178	0.309023	0.36393	0.33662	0.248019	0.100236	-0.0976075	-0.305437	-0.46764	-0.601472	-0.677955	-0.67864	-0.592284	-0.421192	-0.196724	0.0155779	0.207183	0.334396	0.423096	0.470926	0.491945	0.505539	0.497753	0.498808	0.480034	0.469294	0.446877	0.420481	0.391637	0.35451	0.306117	0.262286	0.194063	0.125773	0.0474901	-0.044501	-0.148902	-0.247887	-0.360578	-0.476385	-0.588476	-0.704793	-0.817445	-0.913424	-0.988901	-1.06828	-1.13608	-1.1695	-1.17672	-1.16589	-1.14604	-1.09829	-0.99842	-0.863291	-0.72189	-0.609564	-0.563718	-0.580574	-0.629555	-0.687091	-0.719606	-0.688377	-0.584359	-0.418124	-0.192918	0.0801595	0.363856	0.617345	0.822225	0.972154	1.05077	1.03587	0.923699	0.741658	0.536288	0.350376	0.207817	0.112492	0.0558601	0.0255709	0.0108392	0.00427195	0.00157118	0.000541048	0.000174969	5.32811e-05	1.53137e-05	4.15209e-06	1.01281e-06	0	
0	-0.137753	-0.275071	-0.41343	-0.528981	-0.616135	-0.653798	-0.592483	-0.452035	-0.28128	-0.110945	0.0299449	0.108995	0.106642	0.0377026	-0.0976075	-0.292894	-0.49243	-0.665052	-0.803271	-0.884308	-0.899655	-0.828624	-0.661569	-0.442934	-0.211544	-0.00845646	0.139731	0.241209	0.297867	0.325403	0.337038	0.331804	0.32323	0.304896	0.280903	0.252518	0.21616	0.171069	0.125969	0.0625149	0.00199149	-0.0700008	-0.150167	-0.233804	-0.322583	-0.422123	-0.520918	-0.625165	-0.725172	-0.811864	-0.898295	-0.981912	-1.05501	-1.10148	-1.13921	-1.17196	-1.17421	-1.14096	-1.07953	-1.01026	-0.931055	-0.817559	-0.680169	-0.546521	-0.445345	-0.412878	-0.451873	-0.529556	-0.617984	-0.685692	-0.691194	-0.617702	-0.475017	-0.268803	-0.00624139	0.280072	0.546144	0.767182	0.935632	1.03757	1.04958	0.961175	0.792667	0.588353	0.394172	0.239462	0.132607	0.0672908	0.0314459	0.0135951	0.00546028	0.00204502	0.000716642	0.000235701	7.29581e-05	2.1304e-05	5.86494e-06	1.44996e-06	0	
0	-0.204389	-0.385679	-0.547063	-0.679664	-0.783856	-0.836055	-0.792201	-0.668023	-0.508778	-0.343778	-0.190227	-0.102562	-0.107292	-0.174237	-0.305437	-0.49243	-0.699813	-0.886063	-1.03411	-1.13094	-1.1662	-1.11336	-0.964336	-0.752135	-0.513402	-0.301126	-0.135277	-0.0227382	0.0425069	0.0774168	0.0868779	0.0854797	0.0706152	0.0509802	0.0225632	-0.0119776	-0.0516875	-0.100676	-0.153132	-0.215331	-0.281086	-0.356001	-0.432943	-0.514033	-0.596912	-0.680468	-0.754865	-0.833721	-0.918924	-0.984813	-1.04157	-1.09418	-1.1367	-1.15202	-1.15079	-1.14161	-1.10333	-1.03103	-0.930257	-0.825511	-0.732344	-0.629226	-0.513737	-0.406015	-0.326549	-0.307844	-0.360557	-0.45554	-0.563247	-0.655418	-0.690419	-0.644097	-0.523225	-0.335458	-0.0852098	0.200367	0.476218	0.71157	0.896448	1.019	1.05584	0.99108	0.837927	0.637314	0.43713	0.271584	0.153639	0.0795614	0.0379059	0.0166934	0.0068243	0.00259968	0.000926047	0.000309426	9.72558e-05	2.88233e-05	8.04896e-06	2.01501e-06	0	
0	-0.225321	-0.413737	-0.573649	-0.71272	-0.83483	-0.909681	-0.892657	-0.797198	-0.662609	-0.508845	-0.361952	-0.283215	-0.283089	-0.340212	-0.46764	-0.665052	-0.886063	-1.09206	-1.2652	-1.38361	-1.4429	-1.41577	-1.28897	-1.08719	-0.850827	-0.62901	-0.452531	-0.329112	-0.254753	-0.216656	-0.202384	-0.205786	-0.218828	-0.240715	-0.270357	-0.304088	-0.345769	-0.392565	-0.440517	-0.500262	-0.555378	-0.617319	-0.685323	-0.748646	-0.814113	-0.887683	-0.949764	-0.998963	-1.05395	-1.0965	-1.12495	-1.1428	-1.15258	-1.13283	-1.08505	-1.03192	-0.959449	-0.860624	-0.742232	-0.627434	-0.540555	-0.464038	-0.382975	-0.307456	-0.250475	-0.2409	-0.298012	-0.400177	-0.518113	-0.626546	-0.685183	-0.663311	-0.562961	-0.392997	-0.156168	0.125877	0.408761	0.656546	0.855968	0.996626	1.05598	1.01406	0.877319	0.68256	0.478507	0.303562	0.175173	0.0924423	0.0448423	0.0200902	0.00834917	0.00323122	0.00116866	0.000396276	0.000126339	3.79625e-05	1.07425e-05	2.72078e-06	0	
0	-0.202789	-0.364921	-0.503237	-0.636761	-0.767648	-0.865504	-0.888413	-0.835987	-0.736849	-0.609018	-0.477409	-0.401597	-0.397405	-0.460637	-0.601472	-0.803271	-1.03411	-1.2652	-1.45823	-1.59745	-1.68341	-1.68316	-1.58002	-1.39926	-1.16604	-0.945313	-0.75962	-0.628891	-0.548435	-0.50349	-0.489132	-0.485907	-0.501027	-0.516496	-0.544997	-0.575085	-0.609296	-0.653541	-0.693323	-0.742915	-0.793932	-0.840907	-0.893847	-0.944866	-0.986944	-1.03081	-1.07521	-1.10295	-1.13125	-1.14235	-1.13553	-1.11495	-1.08239	-1.02719	-0.944781	-0.859592	-0.768819	-0.665324	-0.552882	-0.449648	-0.382955	-0.338706	-0.292461	-0.245976	-0.207117	-0.201341	-0.255605	-0.357588	-0.479496	-0.598298	-0.675807	-0.675912	-0.594908	-0.441939	-0.218983	0.0573931	0.344788	0.60313	0.815368	0.971838	1.05132	1.03092	0.910969	0.723679	0.517669	0.334798	0.196775	0.10567	0.0521174	0.0237229	0.0100097	0.00393079	0.00144179	0.000495567	0.000160083	4.87183e-05	1.39558e-05	3.57265e-06	0	
0	-0.1564	-0.274816	-0.374703	-0.486864	-0.617881	-0.730337	-0.782753	-0.7737	-0.715702	-0.617546	-0.511693	-0.452633	-0.45991	-0.534976	-0.677955	-0.884308	-1.13094	-1.38361	-1.59745	-1.7639	-1.87775	-1.90321	-1.83174	-1.66888	-1.44724	-1.22762	-1.03676	-0.899594	-0.813584	-0.762729	-0.746089	-0.738412	-0.750515	-0.762202	-0.784628	-0.808826	-0.836159	-0.867931	-0.901563	-0.933998	-0.973633	-1.00557	-1.04236	-1.07365	-1.10127	-1.11983	-1.13379	-1.1291	-1.12069	-1.10058	-1.05711	-0.998748	-0.936201	-0.858023	-0.755187	-0.657645	-0.570335	-0.483176	-0.394256	-0.313597	-0.26933	-0.253552	-0.236068	-0.211698	-0.185303	-0.179375	-0.226543	-0.323836	-0.44575	-0.570794	-0.663234	-0.68289	-0.619973	-0.483015	-0.273834	-0.00459025	0.285127	0.552207	0.775657	0.945866	1.0431	1.04257	0.939192	0.76045	0.554101	0.364743	0.218008	0.118957	0.0595704	0.027512	0.011771	0.00468453	0.00174049	0.000605705	0.000198026	6.09715e-05	1.76623e-05	4.56587e-06	0	
0	-0.107191	-0.177897	-0.236608	-0.320913	-0.431479	-0.536809	-0.610884	-0.634232	-0.603597	-0.534789	-0.454939	-0.414887	-0.435166	-0.520093	-0.67864	-0.899655	-1.1662	-1.4429	-1.68341	-1.87775	-2.01531	-2.06974	-2.02537	-1.88192	-1.67375	-1.45623	-1.26195	-1.12079	-1.02724	-0.974147	-0.951488	-0.942279	-0.948882	-0.957144	-0.973465	-0.990417	-1.01055	-1.03077	-1.05342	-1.0713	-1.09298	-1.10592	-1.11852	-1.12584	-1.12296	-1.11522	-1.10052	-1.06361	-1.02156	-0.970074	-0.90281	-0.821203	-0.737761	-0.656179	-0.559956	-0.47081	-0.399979	-0.337583	-0.277962	-0.222669	-0.197058	-0.20081	-0.203305	-0.194251	-0.175988	-0.167902	-0.206217	-0.296522	-0.416119	-0.54455	-0.648625	-0.685393	-0.639142	-0.517047	-0.321099	-0.0598314	0.230425	0.504538	0.737696	0.919772	1.0325	1.04994	0.962434	0.792811	0.587414	0.392908	0.238447	0.132009	0.0670239	0.0313642	0.0135892	0.00547391	0.00205758	0.000724149	0.000239339	7.44731e-05	2.17929e-05	5.68362e-06	0	
0	-0.0658888	-0.0997239	-0.122261	-0.171955	-0.255568	-0.346516	-0.417841	-0.449396	-0.434134	-0.379807	-0.318431	-0.290247	-0.315393	-0.416977	-0.592284	-0.828624	-1.11336	-1.41577	-1.68316	-1.90321	-2.06974	-2.15285	-2.13676	-2.01758	-1.82464	-1.61281	-1.41959	-1.27402	-1.17687	-1.11955	-1.09219	-1.07935	-1.0795	-1.08177	-1.08909	-1.09658	-1.10381	-1.11178	-1.11751	-1.1187	-1.12183	-1.11219	-1.1014	-1.08283	-1.05298	-1.01147	-0.973892	-0.915014	-0.848664	-0.781207	-0.702195	-0.618703	-0.540155	-0.469337	-0.389929	-0.320236	-0.273821	-0.238115	-0.203801	-0.168133	-0.154828	-0.170218	-0.185181	-0.185956	-0.17298	-0.162315	-0.19175	-0.27425	-0.390288	-0.520156	-0.633116	-0.684573	-0.653399	-0.54487	-0.361281	-0.108286	0.181155	0.460761	0.702216	0.894462	1.02053	1.05394	0.981223	0.820826	0.617329	0.418874	0.257696	0.144527	0.0742913	0.0351769	0.0154138	0.00627638	0.00238391	0.000847474	0.000282838	8.88422e-05	2.6234e-05	6.89595e-06	0	
0	-0.0380233	-0.0460381	-0.0416705	-0.0649866	-0.119528	-0.182297	-0.242821	-0.273618	-0.253336	-0.19858	-0.136714	-0.104642	-0.134529	-0.241818	-0.421192	-0.661569	-0.964336	-1.28897	-1.58002	-1.83174	-2.02537	-2.13676	-2.15184	-2.05562	-1.87965	-1.67747	-1.48424	-1.33847	-1.23725	-1.17574	-1.14552	-1.126	-1.12151	-1.11527	-1.11292	-1.10888	-1.10308	-1.09199	-1.08432	-1.06078	-1.04469	-1.01559	-0.981347	-0.943909	-0.899535	-0.841555	-0.782734	-0.715208	-0.644403	-0.57827	-0.507837	-0.434048	-0.368588	-0.319978	-0.266611	-0.218116	-0.191068	-0.175604	-0.161073	-0.139628	-0.132353	-0.152685	-0.17485	-0.182079	-0.172811	-0.159909	-0.181347	-0.256151	-0.368102	-0.498115	-0.617698	-0.681499	-0.663676	-0.567294	-0.394937	-0.150053	0.137642	0.421401	0.669836	0.870701	1.00811	1.05543	0.996125	0.844652	0.643667	0.442294	0.275396	0.15623	0.0811851	0.038842	0.0171895	0.00706643	0.00270872	0.000971502	0.000327021	0.000103577	3.08295e-05	8.16024e-06	0	
0	-0.0207225	-0.0141497	0.00601182	0.00333979	-0.025979	-0.0668806	-0.111644	-0.128461	-0.0964657	-0.0300471	0.0402681	0.0826636	0.0718941	-0.0220637	-0.196724	-0.442934	-0.752135	-1.08719	-1.39926	-1.66888	-1.88192	-2.01758	-2.05562	-1.97848	-1.82097	-1.62288	-1.43506	-1.28681	-1.18203	-1.12008	-1.08139	-1.06255	-1.04712	-1.03751	-1.02506	-1.01092	-0.995579	-0.972996	-0.950382	-0.919287	-0.885627	-0.844047	-0.798416	-0.747651	-0.692053	-0.63334	-0.581645	-0.518658	-0.453084	-0.398072	-0.344683	-0.291759	-0.245831	-0.217799	-0.185823	-0.154612	-0.14303	-0.141438	-0.138654	-0.125661	-0.121028	-0.142689	-0.168551	-0.179999	-0.173628	-0.159181	-0.17388	-0.241617	-0.349431	-0.478797	-0.603184	-0.677116	-0.670824	-0.585066	-0.422635	-0.185328	0.100084	0.386874	0.641066	0.849126	0.996003	1.05519	1.0077	0.864508	0.66633	0.462887	0.291228	0.166852	0.0875234	0.0422514	0.0188593	0.00781689	0.00302019	0.00109152	0.00037015	0.00011808	3.53887e-05	9.42302e-06	0	
0	-0.0105934	0.00230813	0.0306199	0.0412771	0.0300097	0.00752496	-0.0244727	-0.0301043	0.0167152	0.0973683	0.186091	0.253221	0.260249	0.177682	0.0155779	-0.211544	-0.513402	-0.850827	-1.16604	-1.44724	-1.67375	-1.82464	-1.87965	-1.82097	-1.67229	-1.48372	-1.29515	-1.14664	-1.03982	-0.972839	-0.934246	-0.907751	-0.891991	-0.874322	-0.856987	-0.836954	-0.812375	-0.783394	-0.755159	-0.71423	-0.680469	-0.637666	-0.591117	-0.547328	-0.500734	-0.443005	-0.395906	-0.349629	-0.302011	-0.26513	-0.229874	-0.196052	-0.16684	-0.154098	-0.13936	-0.120971	-0.117401	-0.123129	-0.127792	-0.119918	-0.115535	-0.136538	-0.164284	-0.178645	-0.174622	-0.159273	-0.168579	-0.230178	-0.334131	-0.462438	-0.590206	-0.672228	-0.675592	-0.598856	-0.444911	-0.214356	0.0685857	0.357501	0.616325	0.830258	0.98487	1.0539	1.01648	0.880638	0.68528	0.480438	0.304924	0.176156	0.0931371	0.0453015	0.020367	0.00850035	0.00330618	0.00120258	0.000410352	0.000131696	3.96976e-05	1.06234e-05	0	
0	-0.0057731	0.0103562	0.0426401	0.0594953	0.0587445	0.0493628	0.0280875	0.0309586	0.088193	0.182995	0.285371	0.369373	0.400677	0.344275	0.207183	-0.00845646	-0.301126	-0.62901	-0.945313	-1.22762	-1.45623	-1.61281	-1.67747	-1.62288	-1.48372	-1.2929	-1.1058	-0.953184	-0.842804	-0.775204	-0.731166	-0.707443	-0.685992	-0.67092	-0.651317	-0.63015	-0.608756	-0.578101	-0.552339	-0.516798	-0.482328	-0.445223	-0.406228	-0.366776	-0.331156	-0.294092	-0.263975	-0.232635	-0.197848	-0.176088	-0.15786	-0.13743	-0.120966	-0.121101	-0.115856	-0.103046	-0.104404	-0.114549	-0.122884	-0.117717	-0.112904	-0.132596	-0.161165	-0.177569	-0.175482	-0.15972	-0.164894	-0.221439	-0.322042	-0.449172	-0.579235	-0.667488	-0.678621	-0.609241	-0.46225	-0.237396	0.0431818	0.333525	0.595948	0.814519	0.975235	1.05212	1.02293	0.893291	0.700522	0.494784	0.316259	0.183937	0.0978755	0.0478975	0.0216601	0.00909071	0.00355488	0.00129977	0.000445752	0.000143755	4.35354e-05	1.16976e-05	0	
0	-0.00225561	0.0137855	0.045703	0.0671485	0.0754329	0.0719753	0.0529704	0.0621806	0.128107	0.23077	0.34683	0.449537	0.498699	0.457931	0.334396	0.139731	-0.135277	-0.452531	-0.75962	-1.03676	-1.26195	-1.41959	-1.48424	-1.43506	-1.29515	-1.1058	-0.914867	-0.7599	-0.646357	-0.576137	-0.532192	-0.506368	-0.487635	-0.471977	-0.454975	-0.437449	-0.41709	-0.393895	-0.372473	-0.34416	-0.320753	-0.295176	-0.266584	-0.243114	-0.219408	-0.189924	-0.17166	-0.154808	-0.135282	-0.124924	-0.117064	-0.108848	-0.0982583	-0.101446	-0.103669	-0.0964306	-0.0990519	-0.11003	-0.120355	-0.117055	-0.11171	-0.130043	-0.158879	-0.176668	-0.176109	-0.160253	-0.162431	-0.21508	-0.313008	-0.439062	-0.570609	-0.663409	-0.680431	-0.616698	-0.475063	-0.254693	0.0238661	0.315118	0.580194	0.802232	0.967515	1.05034	1.02745	0.902692	0.712083	0.505808	0.325057	0.190027	0.101611	0.0499574	0.0226923	0.00956468	0.0037556	0.00137861	0.000474606	0.00015363	4.66919e-05	1.25844e-05	0	
0	-0.00120315	0.0149633	0.0479041	0.0703589	0.0798538	0.0815227	0.0686833	0.0790051	0.146772	0.25587	0.377673	0.490826	0.554252	0.527841	0.423096	0.241209	-0.0227382	-0.329112	-0.628891	-0.899594	-1.12079	-1.27402	-1.33847	-1.28681	-1.14664	-0.953184	-0.7599	-0.600252	-0.484616	-0.412463	-0.367827	-0.343749	-0.325806	-0.314111	-0.300839	-0.287219	-0.27468	-0.255828	-0.243241	-0.222718	-0.20699	-0.18956	-0.172279	-0.156592	-0.145644	-0.129243	-0.120387	-0.114348	-0.100835	-0.0980217	-0.0966399	-0.0911995	-0.0867615	-0.0957667	-0.099399	-0.0921191	-0.095794	-0.108207	-0.11965	-0.117016	-0.110999	-0.128348	-0.157341	-0.176024	-0.17652	-0.160702	-0.160897	-0.210852	-0.306892	-0.432128	-0.564557	-0.66037	-0.681419	-0.621594	-0.483671	-0.266452	0.0106126	0.302398	0.56925	0.793641	0.96202	1.04889	1.03036	0.909031	0.720002	0.513432	0.331185	0.194295	0.104243	0.0514158	0.0234264	0.00990309	0.00389947	0.00143533	0.000495437	0.000160783	4.89855e-05	1.32305e-05	0	
0	-0.000137145	0.0157833	0.0472628	0.0706176	0.0845769	0.0872587	0.0718336	0.0845684	0.156301	0.267708	0.395325	0.513848	0.583909	0.567739	0.470926	0.297867	0.0425069	-0.254753	-0.548435	-0.813584	-1.02724	-1.17687	-1.23725	-1.18203	-1.03982	-0.842804	-0.646357	-0.484616	-0.366017	-0.294044	-0.248553	-0.226554	-0.210152	-0.202344	-0.192254	-0.184596	-0.176418	-0.164996	-0.158339	-0.146161	-0.136846	-0.129361	-0.117713	-0.109959	-0.104445	-0.0959413	-0.0934039	-0.0907452	-0.0836476	-0.0842826	-0.0873165	-0.0870891	-0.0821166	-0.0901567	-0.0967039	-0.0918499	-0.0954783	-0.107176	-0.118772	-0.116924	-0.11087	-0.127588	-0.15647	-0.175595	-0.176736	-0.161	-0.160112	-0.208577	-0.303591	-0.428368	-0.561221	-0.658624	-0.681862	-0.624184	-0.488303	-0.272823	0.00339243	0.295439	0.563244	0.788905	0.958959	1.04803	1.03188	0.912446	0.72431	0.517605	0.334555	0.196651	0.1057	0.0522258	0.0238352	0.010092	0.00398	0.00146715	0.000507147	0.000164813	5.02801e-05	1.35958e-05	0	
0	-4.68761e-05	0.015611	0.0479082	0.0717208	0.0841305	0.0879451	0.0763702	0.0888486	0.160099	0.273355	0.401864	0.526054	0.60116	0.585513	0.491945	0.325403	0.0774168	-0.216656	-0.50349	-0.762729	-0.974147	-1.11955	-1.17574	-1.12008	-0.972839	-0.775204	-0.576137	-0.412463	-0.294044	-0.220232	-0.176863	-0.153981	-0.141104	-0.133507	-0.127696	-0.12199	-0.117719	-0.110409	-0.108006	-0.0995654	-0.0977294	-0.0927345	-0.0884816	-0.0868375	-0.0865593	-0.0776387	-0.0780183	-0.0819444	-0.0766911	-0.0796962	-0.0829289	-0.0823301	-0.080444	-0.090425	-0.0964509	-0.0908546	-0.0944352	-0.106899	-0.119134	-0.117089	-0.110644	-0.127354	-0.156357	-0.175536	-0.176783	-0.161074	-0.159966	-0.208165	-0.303051	-0.427778	-0.560673	-0.658305	-0.681909	-0.624611	-0.489082	-0.273893	0.00218655	0.294279	0.562242	0.788114	0.958445	1.04788	1.03214	0.913014	0.725029	0.518302	0.335118	0.197045	0.105944	0.0523614	0.0239036	0.0101237	0.00399349	0.00147248	0.00050911	0.000165488	5.04973e-05	1.36571e-05	0	
0	-0.000599601	0.0161127	0.0486236	0.0718443	0.0850085	0.0886091	0.0759622	0.090419	0.164	0.279513	0.409858	0.530669	0.605063	0.594438	0.505539	0.337038	0.0868779	-0.202384	-0.489132	-0.746089	-0.951488	-1.09219	-1.14552	-1.08139	-0.934246	-0.731166	-0.532192	-0.367827	-0.248553	-0.176863	-0.132076	-0.113163	-0.0989483	-0.0964706	-0.0909575	-0.0893114	-0.0887339	-0.0834161	-0.0852084	-0.0806815	-0.0780886	-0.0780634	-0.0738799	-0.0713225	-0.0730837	-0.0730752	-0.0759441	-0.0772732	-0.0726452	-0.0763608	-0.0820971	-0.0823053	-0.0794231	-0.0897851	-0.095863	-0.0907574	-0.0952904	-0.107399	-0.118822	-0.116743	-0.110916	-0.128049	-0.156881	-0.17571	-0.176667	-0.160947	-0.160447	-0.2096	-0.305263	-0.430355	-0.56292	-0.659437	-0.681587	-0.622897	-0.486031	-0.269673	0.00699185	0.298924	0.566256	0.79128	0.960497	1.04847	1.03114	0.910748	0.722161	0.515518	0.332867	0.195468	0.104968	0.0518182	0.0236292	0.00999672	0.00393933	0.00145106	0.000501221	0.000162771	4.96237e-05	1.34105e-05	0	
0	-0.000951779	0.0157948	0.0492911	0.0734322	0.0851294	0.0876936	0.0767085	0.0928263	0.168268	0.284563	0.416028	0.540138	0.612347	0.594281	0.497753	0.331804	0.0854797	-0.205786	-0.485907	-0.738412	-0.942279	-1.07935	-1.126	-1.06255	-0.907751	-0.707443	-0.506368	-0.343749	-0.226554	-0.153981	-0.113163	-0.0911295	-0.0816862	-0.0759014	-0.0735014	-0.0717801	-0.0704321	-0.0682237	-0.069976	-0.0654571	-0.0692944	-0.0687384	-0.068235	-0.0718839	-0.0745638	-0.0670573	-0.0696777	-0.07482	-0.0723685	-0.0771702	-0.0811456	-0.0819568	-0.0803062	-0.089691	-0.0958275	-0.0913202	-0.0952482	-0.107561	-0.119564	-0.116869	-0.111085	-0.129177	-0.158133	-0.176257	-0.176377	-0.160601	-0.16161	-0.212955	-0.310273	-0.436098	-0.567911	-0.661929	-0.680799	-0.618951	-0.479064	-0.260107	0.0178224	0.30935	0.57524	0.798346	0.96504	1.04971	1.02881	0.905596	0.715692	0.509271	0.327832	0.191955	0.102798	0.0506136	0.023022	0.00971641	0.00382	0.00140396	0.000483902	0.000156818	4.77126e-05	1.28716e-05	0	
0	-0.00264849	0.0164938	0.0520579	0.0746337	0.0836135	0.0858835	0.0778222	0.09684	0.174217	0.2944	0.425122	0.542432	0.611989	0.594567	0.498808	0.32323	0.0706152	-0.218828	-0.501027	-0.750515	-0.948882	-1.0795	-1.12151	-1.04712	-0.891991	-0.685992	-0.487635	-0.325806	-0.210152	-0.141104	-0.0989483	-0.0816862	-0.069515	-0.0682386	-0.0653263	-0.0648619	-0.0672147	-0.06392	-0.0680914	-0.0659064	-0.0663744	-0.066817	-0.0658066	-0.0645851	-0.0668737	-0.0680638	-0.0737466	-0.076341	-0.0717831	-0.0762637	-0.0819899	-0.080777	-0.0794038	-0.0920096	-0.0962583	-0.090302	-0.0963538	-0.109363	-0.119787	-0.116131	-0.111741	-0.131369	-0.160004	-0.176936	-0.175863	-0.160132	-0.163614	-0.218376	-0.318165	-0.445006	-0.575529	-0.665578	-0.679325	-0.612566	-0.467995	-0.245067	0.034705	0.325497	0.589093	0.809181	0.971904	1.0514	1.02496	0.897444	0.705594	0.499599	0.320088	0.186579	0.0994917	0.0487865	0.0221045	0.00929432	0.00364092	0.0013335	0.000458073	0.000147964	4.48784e-05	1.20743e-05	0	
0	-0.00347893	0.0162476	0.0532795	0.0773189	0.0848175	0.083945	0.0765368	0.100951	0.183104	0.30471	0.438598	0.554373	0.614476	0.586807	0.480034	0.304896	0.0509802	-0.240715	-0.516496	-0.762202	-0.957144	-1.08177	-1.11527	-1.03751	-0.874322	-0.67092	-0.471977	-0.314111	-0.202344	-0.133507	-0.0964706	-0.0759014	-0.0682386	-0.0639969	-0.0619067	-0.0624372	-0.0615199	-0.0604058	-0.0640373	-0.0594996	-0.064317	-0.0650129	-0.0646616	-0.0688346	-0.0729094	-0.0674031	-0.0709274	-0.0731093	-0.0713572	-0.0779062	-0.0816579	-0.0824068	-0.0820252	-0.0912206	-0.0952279	-0.0918621	-0.0976501	-0.109937	-0.120425	-0.116136	-0.112683	-0.134019	-0.162443	-0.177843	-0.175106	-0.159606	-0.166688	-0.226095	-0.329067	-0.457063	-0.585578	-0.670059	-0.676818	-0.603418	-0.452537	-0.224367	0.0576689	0.347266	0.607651	0.823575	0.980819	1.05323	1.01933	0.886122	0.691831	0.48657	0.309748	0.179455	0.0951393	0.046395	0.0209101	0.00874764	0.00341009	0.00124309	0.000425072	0.000136699	4.12865e-05	1.10673e-05	0	
0	-0.00531488	0.0176129	0.0572526	0.0789512	0.0818137	0.0811257	0.079921	0.108636	0.193453	0.319074	0.450694	0.560671	0.616195	0.58261	0.469294	0.280903	0.0225632	-0.270357	-0.544997	-0.784628	-0.973465	-1.08909	-1.11292	-1.02506	-0.856987	-0.651317	-0.454975	-0.300839	-0.192254	-0.127696	-0.0909575	-0.0735014	-0.0653263	-0.0619067	-0.0616269	-0.0603557	-0.0626319	-0.0609332	-0.0645714	-0.0622614	-0.0663039	-0.0647657	-0.0655929	-0.066851	-0.0678004	-0.0662235	-0.0733129	-0.0761845	-0.0734519	-0.078551	-0.0828122	-0.0805632	-0.0806625	-0.0945114	-0.0966685	-0.0908211	-0.0987723	-0.11261	-0.121108	-0.115163	-0.114088	-0.13784	-0.165438	-0.178672	-0.174007	-0.159231	-0.17119	-0.236402	-0.343119	-0.472219	-0.597767	-0.674919	-0.67281	-0.591074	-0.432311	-0.197775	0.0867309	0.374508	0.630683	0.841238	0.991412	1.05478	1.01154	0.871415	0.674368	0.470284	0.296971	0.170735	0.0898575	0.043515	0.0194818	0.00809818	0.00313754	0.00113696	0.000386553	0.000123621	3.71377e-05	9.9092e-06	0	
0	-0.00641876	0.0179131	0.0595897	0.0825669	0.0826286	0.0773907	0.0789298	0.117406	0.208611	0.33675	0.47065	0.571071	0.612896	0.570751	0.446877	0.252518	-0.0119776	-0.304088	-0.575085	-0.808826	-0.990417	-1.09658	-1.10888	-1.01092	-0.836954	-0.63015	-0.437449	-0.287219	-0.184596	-0.12199	-0.0893114	-0.0717801	-0.0648619	-0.0624372	-0.0603557	-0.061706	-0.0617647	-0.0607836	-0.064836	-0.0614954	-0.0650865	-0.0651573	-0.0657774	-0.0676572	-0.0702826	-0.06883	-0.0755149	-0.0737831	-0.0718623	-0.0792993	-0.0825055	-0.0822989	-0.0846048	-0.0947184	-0.094684	-0.0924302	-0.101646	-0.113981	-0.121167	-0.11497	-0.116479	-0.14226	-0.168671	-0.179409	-0.172609	-0.159256	-0.177548	-0.249644	-0.360468	-0.490363	-0.611682	-0.679564	-0.666708	-0.574994	-0.40686	-0.165034	0.121875	0.40701	0.657888	0.861787	1.0032	1.05553	1.00115	0.853083	0.65319	0.450884	0.281962	0.160613	0.0837885	0.0402366	0.0178699	0.00737109	0.00283473	0.0010199	0.000344356	0.000109388	3.2651e-05	8.66349e-06	0	
0	-0.00693448	0.0201851	0.0632671	0.0841427	0.0796471	0.0743585	0.0839737	0.129807	0.224931	0.355412	0.488396	0.583515	0.612578	0.555978	0.420481	0.21616	-0.0516875	-0.345769	-0.609296	-0.836159	-1.01055	-1.10381	-1.10308	-0.995579	-0.812375	-0.608756	-0.41709	-0.27468	-0.176418	-0.117719	-0.0887339	-0.0704321	-0.0672147	-0.0615199	-0.0626319	-0.0617647	-0.0618006	-0.0616123	-0.0644399	-0.060034	-0.0668986	-0.0643533	-0.0654603	-0.0694226	-0.0718311	-0.0685557	-0.0738639	-0.0738649	-0.0751338	-0.081973	-0.0836916	-0.0813043	-0.0844353	-0.0969862	-0.0958287	-0.0928531	-0.103432	-0.116664	-0.121777	-0.114366	-0.119453	-0.147695	-0.172218	-0.179789	-0.170858	-0.160089	-0.186335	-0.266197	-0.381223	-0.511289	-0.626763	-0.683256	-0.657804	-0.554541	-0.375664	-0.12589	0.163028	0.444483	0.688881	0.884744	1.01558	1.05482	0.987654	0.830876	0.628314	0.428564	0.264972	0.149311	0.0770947	0.0366603	0.0161294	0.00659344	0.00251375	0.000896867	0.00030037	9.46687e-05	2.80451e-05	7.39281e-06	0	
0	-0.0067472	0.0223283	0.066062	0.086606	0.0788811	0.0704461	0.0866753	0.145378	0.247814	0.379303	0.508716	0.590267	0.6065	0.542156	0.391637	0.171069	-0.100676	-0.392565	-0.653541	-0.867931	-1.03077	-1.11178	-1.09199	-0.972996	-0.783394	-0.578101	-0.393895	-0.255828	-0.164996	-0.110409	-0.0834161	-0.0682237	-0.06392	-0.0604058	-0.0609332	-0.0607836	-0.0616123	-0.0630644	-0.0641434	-0.0649475	-0.0685008	-0.0659667	-0.069426	-0.0706157	-0.0675112	-0.0677131	-0.0783881	-0.0752956	-0.0759976	-0.0815094	-0.0830818	-0.0829015	-0.0878353	-0.0980785	-0.0946057	-0.0946427	-0.107197	-0.118785	-0.121177	-0.114363	-0.124063	-0.153861	-0.175529	-0.179636	-0.168964	-0.162307	-0.19818	-0.286426	-0.405429	-0.534659	-0.642271	-0.685103	-0.645279	-0.528991	-0.338163	-0.080123	0.210031	0.48655	0.723188	0.90952	1.02784	1.05193	0.970492	0.804561	0.599813	0.403577	0.2463	0.137084	0.0699535	0.0328932	0.0143173	0.00579268	0.00218665	0.00077272	0.000256402	8.00875e-05	2.35217e-05	6.15404e-06	0	
0	-0.00481815	0.0257302	0.06873	0.0877739	0.076051	0.0673541	0.094646	0.164935	0.271865	0.404591	0.532612	0.601262	0.593857	0.512043	0.35451	0.125969	-0.153132	-0.440517	-0.693323	-0.901563	-1.05342	-1.11751	-1.08432	-0.950382	-0.755159	-0.552339	-0.372473	-0.243241	-0.158339	-0.108006	-0.0852084	-0.069976	-0.0680914	-0.0640373	-0.0645714	-0.064836	-0.0644399	-0.0641434	-0.0663124	-0.0624295	-0.066292	-0.0646927	-0.0662608	-0.0681168	-0.0722277	-0.0753779	-0.0780296	-0.0726983	-0.0767209	-0.0840776	-0.0846273	-0.0824527	-0.0905755	-0.100193	-0.0940786	-0.0966045	-0.110595	-0.120828	-0.120917	-0.1152	-0.129759	-0.160459	-0.178545	-0.178877	-0.167166	-0.166635	-0.213796	-0.310654	-0.43302	-0.559943	-0.657258	-0.684067	-0.62822	-0.497553	-0.293789	-0.0275912	0.262613	0.532732	0.760236	0.935402	1.03911	1.04602	0.949102	0.773954	0.56783	0.376243	0.226289	0.124209	0.0625511	0.0290437	0.0124901	0.00499515	0.00186467	0.000651874	0.000214058	6.61884e-05	1.92517e-05	4.99445e-06	0	
0	-0.000147487	0.0306779	0.0689123	0.0865904	0.075601	0.0670932	0.103251	0.188309	0.302462	0.430649	0.550792	0.60876	0.58561	0.486998	0.306117	0.0625149	-0.215331	-0.500262	-0.742915	-0.933998	-1.0713	-1.1187	-1.06078	-0.919287	-0.71423	-0.516798	-0.34416	-0.222718	-0.146161	-0.0995654	-0.0806815	-0.0654571	-0.0659064	-0.0594996	-0.0622614	-0.0614954	-0.060034	-0.0649475	-0.0624295	-0.0651805	-0.0703646	-0.0674	-0.0719447	-0.075599	-0.0716245	-0.0694997	-0.0764349	-0.07415	-0.081918	-0.0854181	-0.083592	-0.0856811	-0.0937319	-0.0987038	-0.0941592	-0.100912	-0.114472	-0.122362	-0.120147	-0.116936	-0.137103	-0.167459	-0.180811	-0.177333	-0.165996	-0.174055	-0.233902	-0.339087	-0.46376	-0.586377	-0.670553	-0.678978	-0.605637	-0.459389	-0.242012	0.0317241	0.320362	0.582437	0.799341	0.961544	1.04842	1.0362	0.922934	0.738947	0.532603	0.346953	0.205322	0.110979	0.0550755	0.0252175	0.0107004	0.00422473	0.00155766	0.000538076	0.000174656	5.34022e-05	1.53662e-05	3.94912e-06	0	
0	0.00517756	0.0366349	0.0702411	0.0841331	0.0719009	0.0680317	0.118926	0.217087	0.336163	0.46258	0.569919	0.606113	0.560187	0.448371	0.262286	0.00199149	-0.281086	-0.555378	-0.793932	-0.973633	-1.09298	-1.12183	-1.04469	-0.885627	-0.680469	-0.482328	-0.320753	-0.20699	-0.136846	-0.0977294	-0.0780886	-0.0692944	-0.0663744	-0.064317	-0.0663039	-0.0650865	-0.0668986	-0.0685008	-0.066292	-0.0703646	-0.0682148	-0.0669788	-0.0706423	-0.0691585	-0.0674539	-0.0779361	-0.0814893	-0.0770357	-0.0827531	-0.0839812	-0.0851224	-0.0858121	-0.0963685	-0.101807	-0.0950596	-0.103745	-0.118281	-0.123614	-0.119336	-0.120619	-0.146093	-0.174008	-0.181892	-0.175252	-0.166334	-0.18566	-0.259123	-0.371768	-0.497191	-0.612903	-0.680747	-0.668556	-0.576486	-0.413648	-0.18239	0.0976665	0.382704	0.634954	0.839697	0.986947	1.05466	1.02154	0.891504	0.699549	0.494475	0.316167	0.183814	0.0976914	0.0477085	0.0215118	0.00899493	0.00350164	0.00127364	0.000434228	0.000139168	4.20309e-05	1.1952e-05	3.04004e-06	0	
