0	0	0	0	0	0	0	0	0	0	0	0	0	0	0	0	0	0	0	0	0	0	0	0	0	0	0	0	0	0	0	0	0	0	0	0	0	0	0	0	0	0	0	0	0	0	0	0	0	0	0	0	0	0	0	0	0	0	0	0	0	0	0	0	0	0	0	0	0	0	0	0	0	0	0	0	0	0	0	0	0	0	0	0	0	0	0	0	0	0	0	0	0	0	0	0	0	0	0	0	
0	-0.00104183	-0.000621786	-0.00259618	-0.000112261	-0.00165657	-4.54081e-05	0.00146837	-5.11729e-05	0.00147585	0.000972493	-0.00055268	-0.00076499	0.0010598	-0.000853969	0.000633643	0.00271833	5.96503e-05	-0.000149522	-0.00203744	-0.000172379	0.00147288	-0.000581548	-0.000852812	-0.000253891	0.000310757	-0.00193458	0.000292059	-1.06669e-06	-0.00140306	-0.00115259	0.000261901	-0.00337898	-0.00262152	-0.00403064	-0.00866222	-0.013908	-0.0178899	-0.0280863	-0.0373633	-0.0455002	-0.0486778	-0.0473762	-0.0372805	-0.014032	0.0171312	0.046473	0.0710639	0.0893355	0.0927567	0.0792473	0.064108	0.0476434	0.0285404	0.00282447	-0.022261	-0.0417359	-0.0464086	-0.0405608	-0.0300701	-0.0196223	-0.00669603	0.00942596	0.012911	0.00474586	-0.00764262	-0.0161149	-0.0128969	-0.00188499	0.00379679	0.00310632	-0.00403938	-0.0145079	-0.012611	-0.00317138	0.00694113	0.0118401	0.00254643	-0.0108146	-0.0231416	-0.0353389	-0.0436545	-0.0451595	-0.0344176	-0.0124619	0.0143625	0.0376607	0.053565	0.0702291	0.0864966	0.0921553	0.0845528	0.0641665	0.037095	0.0103797	-0.0137166	-0.0271917	-0.0253228	-0.0144331	0	
0	-0.000621786	0.00477391	0.000271796	0.00283795	0.00197896	-0.00125253	-0.000300189	-0.00172483	-0.00229547	-0.000575992	-0.000625214	0.0013939	-0.000535449	-0.000413189	-0.000820404	-0.00240631	-0.00414065	0.00308292	0.00244384	-0.0017929	0.000407933	-0.00102819	0.000645068	0.000178473	0.00151924	-0.00104844	0.00119627	0.000822681	-0.00207792	0.000991866	0.000592956	-0.00438274	-0.00551687	-0.00524062	-0.0177079	-0.0250844	-0.0367751	-0.0541649	-0.0750632	-0.0901241	-0.0975544	-0.0957605	-0.0745411	-0.0307186	0.0323579	0.0894238	0.138933	0.176498	0.181184	0.158693	0.126595	0.0959406	0.0586157	0.00643009	-0.0398371	-0.0805933	-0.0899995	-0.0783868	-0.061241	-0.0397891	-0.0145481	0.013588	0.0233135	0.008105	-0.0166994	-0.0275502	-0.0221964	-0.00316337	0.0105393	0.0045018	-0.0135343	-0.0302498	-0.0254463	-0.00641088	0.0175273	0.0281778	0.00387715	-0.0283715	-0.0489451	-0.0671933	-0.0853957	-0.0903374	-0.0672546	-0.0237115	0.0280227	0.0750547	0.108294	0.141002	0.172361	0.183593	0.168069	0.127044	0.0734196	0.0203657	-0.0275535	-0.0541598	-0.050419	-0.0287798	0	
0	-0.00259618	0.000271796	-0.00541873	0.000262716	-0.00253323	-0.000680626	0.00298133	-0.00036101	0.00256101	0.00164434	-0.00118815	-0.000880686	0.000921058	-0.00165218	0.00151966	0.00332532	0.000498668	0.000531316	-0.00374412	-0.00153807	0.00288154	-0.00136648	-0.000691477	-0.00024155	-0.000263181	-0.00394045	0.00115127	0.000479639	-0.00385017	-0.00197293	-0.000230063	-0.00808683	-0.00802069	-0.0115966	-0.0260818	-0.0394909	-0.0548484	-0.0825105	-0.111428	-0.134111	-0.145749	-0.141115	-0.111029	-0.0433741	0.0471966	0.134478	0.209024	0.26366	0.273002	0.238301	0.192818	0.144836	0.0863946	0.011128	-0.0612272	-0.119721	-0.135007	-0.120921	-0.0918097	-0.0596426	-0.0210322	0.023186	0.0344019	0.012931	-0.0214079	-0.0431124	-0.0354965	-0.00740646	0.0102709	0.00648827	-0.0154479	-0.0401408	-0.0348487	-0.00911685	0.0210954	0.0328628	0.00463164	-0.0350056	-0.0710544	-0.105038	-0.129092	-0.132532	-0.0987924	-0.0330334	0.0447417	0.11283	0.16265	0.212208	0.257493	0.273296	0.249767	0.18816	0.108034	0.0288886	-0.0416016	-0.0802851	-0.0750274	-0.0431516	0	
0	-0.000112261	0.00283795	0.000262716	0.00207641	0.000984638	-0.00091777	-2.0705e-06	-0.00153305	-0.00184459	0.000295121	-0.000922972	0.000649876	0.00112466	-0.00125038	-0.000526851	-0.000486933	-0.00451679	0.00202457	0.00122338	-0.000658133	0.00097961	-0.00171024	-0.00104817	-0.000518393	0.00233347	-0.00172671	0.000423884	-0.000464579	-0.00284347	-2.64136e-05	-0.00077171	-0.00910066	-0.0101864	-0.0147003	-0.0338656	-0.050781	-0.073363	-0.108836	-0.146638	-0.177454	-0.192923	-0.188363	-0.146613	-0.0607698	0.0581629	0.1725	0.273382	0.344988	0.358089	0.31678	0.258127	0.194424	0.11667	0.0190675	-0.0757296	-0.150814	-0.175745	-0.15863	-0.123552	-0.0815319	-0.0289332	0.0230808	0.0400744	0.0150085	-0.0273496	-0.0507706	-0.0425763	-0.00939374	0.0128267	0.00516685	-0.0245604	-0.0534681	-0.0446135	-0.00998244	0.0289345	0.043562	0.00519417	-0.0526214	-0.099809	-0.138927	-0.169061	-0.17127	-0.124578	-0.0407394	0.0586596	0.150989	0.22114	0.284511	0.34001	0.360511	0.328822	0.246106	0.140185	0.0358313	-0.0558297	-0.105491	-0.099019	-0.0573735	0	
0	-0.00165657	0.00197896	-0.00253323	0.000984638	-0.000294814	-0.000784022	0.00127187	-0.00103018	0.00054184	-0.000230281	-0.00141633	0.000432577	-0.0011786	-0.00119662	0.00150232	-0.000943269	-9.28652e-05	0.00182906	-0.00126725	-0.0022681	0.00137644	-0.00130449	0.00160377	0.000790928	-0.00132241	-0.00294712	0.00176246	0.00132897	-0.00409318	-0.00121152	-0.00232989	-0.00924538	-0.0129986	-0.0197279	-0.0418831	-0.0619121	-0.0925864	-0.1341	-0.18133	-0.217784	-0.239775	-0.231643	-0.181434	-0.0755613	0.0665426	0.210088	0.335739	0.424418	0.44136	0.396507	0.325047	0.245095	0.146769	0.0274189	-0.0877454	-0.181104	-0.214049	-0.198459	-0.156219	-0.101917	-0.0375864	0.0244654	0.0443335	0.0175775	-0.0301507	-0.0588572	-0.0506535	-0.0163935	0.0106167	0.00327783	-0.03101	-0.0581222	-0.0490719	-0.0124153	0.0318076	0.0440695	0.000714089	-0.0638639	-0.123638	-0.174196	-0.209087	-0.208965	-0.149721	-0.0427981	0.0795592	0.189405	0.277214	0.357117	0.422867	0.4448	0.402834	0.30018	0.169761	0.0404299	-0.0704992	-0.129314	-0.122091	-0.0714344	0	
0	-4.54081e-05	-0.00125253	-0.000680626	-0.00091777	-0.000784022	-0.000371584	0.000495788	0.000604936	0.000481563	0.00160037	0.000402271	-0.000699555	0.00151216	-0.0012008	-3.17619e-05	0.000421072	-0.000207869	-0.00126697	-0.00195025	9.53971e-05	0.000280129	-0.00127777	-0.00288021	-0.00206907	0.000336086	-0.00106517	-0.00164577	-0.00271565	-0.00301633	-0.00264468	-0.00439135	-0.0122518	-0.0154362	-0.027489	-0.0485641	-0.0756119	-0.11104	-0.161326	-0.213763	-0.25908	-0.284743	-0.275224	-0.214854	-0.0926017	0.0717559	0.242488	0.394745	0.497263	0.522843	0.474978	0.394904	0.297687	0.177857	0.0415963	-0.0974433	-0.203496	-0.250204	-0.237741	-0.188899	-0.125121	-0.047508	0.0208602	0.0448894	0.0187229	-0.0298733	-0.0624709	-0.0570376	-0.0213677	0.00474639	-0.00305242	-0.0358694	-0.0636948	-0.0533597	-0.010399	0.033219	0.041438	-0.0031418	-0.0775646	-0.151906	-0.211868	-0.247677	-0.237759	-0.164507	-0.043456	0.0962648	0.229057	0.339447	0.431347	0.501345	0.523748	0.472493	0.350602	0.19555	0.0418313	-0.0853108	-0.1513	-0.144157	-0.0853238	0	
0	0.00146837	-0.000300189	0.00298133	-2.0705e-06	0.00127187	0.000495788	-0.00187576	-0.000524198	-0.00234931	-0.00210015	-0.00090543	-0.000780173	-0.000397677	-0.000300804	6.46093e-05	-0.00110822	-0.00110332	0.000573452	0.00114403	0.000762365	-0.00150731	0.000543175	0.00131763	0.00121879	-0.000350926	-0.000452509	0.000188921	0.000425816	-0.000969461	-0.00240032	-0.00459448	-0.0100401	-0.0169703	-0.0314166	-0.0535338	-0.0852329	-0.128201	-0.184196	-0.243238	-0.296548	-0.326451	-0.315982	-0.246016	-0.111005	0.0729011	0.269738	0.445498	0.563072	0.596129	0.551327	0.463079	0.348806	0.211572	0.0567287	-0.0990966	-0.219372	-0.280097	-0.271435	-0.220958	-0.146921	-0.0595616	0.0110602	0.039686	0.0173508	-0.0307367	-0.0628657	-0.0589556	-0.0283992	-0.00139857	-0.00954506	-0.0436618	-0.0657528	-0.0535553	-0.0102487	0.0323615	0.0365209	-0.0119227	-0.09572	-0.179682	-0.24437	-0.281283	-0.265589	-0.178551	-0.0377052	0.121168	0.2709	0.398766	0.503962	0.580108	0.59926	0.534592	0.394923	0.217793	0.040762	-0.100316	-0.171735	-0.165035	-0.0986526	0	
0	-5.11729e-05	-0.00172483	-0.00036101	-0.00153305	-0.00103018	0.000604936	-0.000524198	0.00147263	0.00164082	0.000219263	0.00172032	-0.000401343	-0.0006385	-0.000301541	-0.000718452	-0.00137459	0.00110482	-0.00184553	-0.00149411	-0.00131056	-0.0020262	-0.000562604	-0.00169056	-0.00210022	-0.00234488	-0.000751582	-0.00252569	-0.00235857	-0.00266009	-0.00554743	-0.00783468	-0.012011	-0.0222974	-0.039198	-0.0615526	-0.0984825	-0.148252	-0.208658	-0.274593	-0.33386	-0.36885	-0.354655	-0.277685	-0.129691	0.0709708	0.293907	0.49211	0.624224	0.668566	0.629391	0.534834	0.403978	0.248912	0.0762727	-0.0959209	-0.232306	-0.307046	-0.306688	-0.254993	-0.170078	-0.0762518	-0.000394514	0.0334627	0.0165287	-0.026396	-0.0602407	-0.0610412	-0.0373187	-0.0135605	-0.0205924	-0.0486618	-0.0629214	-0.0504822	-0.00871214	0.0283879	0.0244289	-0.0260315	-0.11272	-0.205226	-0.278808	-0.314095	-0.285127	-0.183133	-0.0276141	0.146311	0.313539	0.46087	0.578272	0.65574	0.666897	0.589157	0.434881	0.236125	0.0360889	-0.115636	-0.190149	-0.184362	-0.111345	0	
0	0.00147585	-0.00229547	0.00256101	-0.00184459	0.00054184	0.000481563	-0.00234931	0.00164082	-0.00215023	-0.0011529	0.00159611	-0.00336833	0.000973275	0.000999729	-0.00242816	0.00182467	0.000613472	-0.002388	-3.9047e-05	0.002001	-0.00303225	0.00302898	-0.00222659	-0.00132848	0.000122085	0.00207787	-0.00344635	-0.00236798	0.000629013	-0.00572116	-0.00717011	-0.0123415	-0.0235517	-0.0441885	-0.0648067	-0.110248	-0.162773	-0.23073	-0.299644	-0.36874	-0.404397	-0.390916	-0.305368	-0.150327	0.0669069	0.311105	0.529873	0.674892	0.733349	0.702008	0.60305	0.458474	0.286299	0.10097	-0.0882895	-0.235917	-0.326551	-0.33552	-0.283057	-0.193884	-0.094613	-0.0181395	0.0210541	0.0120081	-0.0243527	-0.0555113	-0.0612534	-0.0436189	-0.0259033	-0.0332816	-0.0509736	-0.0607367	-0.04842	-0.00566471	0.0213032	0.00869276	-0.0420581	-0.133688	-0.232587	-0.309626	-0.341513	-0.298789	-0.181076	-0.0129407	0.174606	0.359922	0.524116	0.650094	0.727569	0.728921	0.636354	0.467882	0.249327	0.0291466	-0.130501	-0.207069	-0.202208	-0.122985	0	
0	0.000972493	-0.000575992	0.00164434	0.000295121	-0.000230281	0.00160037	-0.00210015	0.000219263	-0.0011529	-0.00219227	0.000312457	-0.00149662	0.000173518	9.46579e-05	-0.00180702	0.000249773	-0.00248018	-0.000646892	0.00156752	-0.000468791	-0.00272645	0.000327122	-0.00053654	0.000605591	-0.000957871	-0.00173064	-0.00242324	0.000236341	-0.000474477	-0.00822593	-0.00825183	-0.0118402	-0.0284758	-0.0481292	-0.0723004	-0.120968	-0.180343	-0.250529	-0.327256	-0.400694	-0.440091	-0.424079	-0.334082	-0.171497	0.0591632	0.323371	0.55861	0.718894	0.792756	0.772475	0.671998	0.513936	0.331069	0.128023	-0.0712372	-0.235029	-0.339933	-0.358611	-0.311681	-0.217429	-0.119402	-0.0403704	0.0052724	0.00602322	-0.0210805	-0.0498935	-0.0572649	-0.0513366	-0.0411198	-0.0442964	-0.0560232	-0.0568827	-0.0410065	-0.00685476	0.0111927	-0.00745862	-0.0652944	-0.159435	-0.258207	-0.335724	-0.360843	-0.306418	-0.177058	0.00696138	0.211643	0.409505	0.583938	0.719564	0.797603	0.784046	0.673891	0.49343	0.258395	0.02073	-0.145432	-0.223021	-0.218069	-0.133011	0	
0	-0.00055268	-0.000625214	-0.00118815	-0.000922972	-0.00141633	0.000402271	-0.00090543	0.00172032	0.00159611	0.000312457	0.00289602	-0.00132003	-0.000813941	0.000301645	-0.00374557	0.00162752	-0.000808605	-0.00210575	-0.00102283	-0.00237418	-0.00261557	0.000953347	-0.0029395	-0.00426192	-0.00185165	0.00103583	-0.00443533	-0.00359481	-0.00289131	-0.0081073	-0.0100493	-0.0149766	-0.0338428	-0.0525211	-0.0806077	-0.13328	-0.196676	-0.270837	-0.353453	-0.431474	-0.472275	-0.455277	-0.36131	-0.192993	0.0501498	0.330163	0.579643	0.755937	0.846846	0.84025	0.738585	0.573654	0.377698	0.161811	-0.0505589	-0.229134	-0.346849	-0.379125	-0.335747	-0.244138	-0.14743	-0.0653948	-0.0120818	0.000205481	-0.0182213	-0.0422277	-0.0551442	-0.0591324	-0.0573211	-0.0595328	-0.0571661	-0.0499989	-0.0356361	-0.00710588	-0.000698132	-0.0309715	-0.0936795	-0.185485	-0.281122	-0.358089	-0.377469	-0.307473	-0.160742	0.0339844	0.247546	0.459211	0.647424	0.788925	0.860003	0.82943	0.704212	0.512364	0.262118	0.0108432	-0.159888	-0.237899	-0.231834	-0.141371	0	
0	-0.00076499	0.0013939	-0.000880686	0.000649876	0.000432577	-0.000699555	-0.000780173	-0.000401343	-0.00336833	-0.00149662	-0.00132003	-0.00264079	0.000714551	0.000961004	-0.000480049	0.00109221	0.000143732	-0.000282005	0.00134294	-0.000551633	0.000572575	0.000953437	-0.000931238	0.00127641	0.000802867	-0.000812095	-0.00337985	0.000584455	-0.00069424	-0.00791171	-0.00916962	-0.0151538	-0.0346321	-0.0541879	-0.0864774	-0.141636	-0.208982	-0.28672	-0.375979	-0.455863	-0.499413	-0.481074	-0.386025	-0.212822	0.0400363	0.329801	0.591329	0.78229	0.891393	0.898468	0.798501	0.63203	0.424972	0.199395	-0.0244825	-0.2156	-0.343025	-0.388452	-0.351638	-0.26819	-0.178152	-0.0945689	-0.0347055	-0.0126551	-0.0204361	-0.038452	-0.0521939	-0.0627679	-0.0703371	-0.0693029	-0.0572884	-0.0460528	-0.0323606	-0.0126767	-0.0156068	-0.0548518	-0.125614	-0.214657	-0.304099	-0.374771	-0.382039	-0.299845	-0.144137	0.0627745	0.293017	0.516231	0.70779	0.850215	0.915826	0.869795	0.727209	0.521244	0.260155	0.00175071	-0.173277	-0.25252	-0.243601	-0.147648	0	
0	0.0010598	-0.000535449	0.000921058	0.00112466	-0.0011786	0.00151216	-0.000397677	-0.0006385	0.000973275	0.000173518	-0.000813941	0.000714551	-0.000147634	-0.00254597	-0.00140867	-0.000876708	-0.00439395	-0.00255711	-0.000550791	-0.00185499	-0.000947238	-0.00378061	-0.00155171	-0.0024706	-0.00228126	-0.00249014	-0.00194721	-0.00258809	-0.00503247	-0.00887658	-0.0109079	-0.0193638	-0.0391526	-0.0590802	-0.0968001	-0.152966	-0.224196	-0.306225	-0.400692	-0.481898	-0.527045	-0.50831	-0.412553	-0.233755	0.0257422	0.323062	0.594422	0.802247	0.930714	0.951055	0.860781	0.693463	0.481335	0.244005	0.00784025	-0.194221	-0.334936	-0.391626	-0.366914	-0.297477	-0.213211	-0.12756	-0.0591489	-0.0238767	-0.0223628	-0.034887	-0.0464863	-0.0674216	-0.0843235	-0.0772526	-0.0602216	-0.0437149	-0.0284785	-0.0211222	-0.0337262	-0.080681	-0.158877	-0.246166	-0.327696	-0.384501	-0.377773	-0.286337	-0.119348	0.100614	0.340863	0.570693	0.767742	0.910441	0.963816	0.899721	0.74159	0.522587	0.254351	-0.00700451	-0.186388	-0.266604	-0.252933	-0.151866	0	
0	-0.000853969	-0.000413189	-0.00165218	-0.00125038	-0.00119662	-0.0012008	-0.000300804	-0.000301541	0.000999729	9.46579e-05	0.000301645	0.000961004	-0.00254597	-0.00042447	0.000762681	-0.00305447	0.00370561	0.00147578	-0.000703218	-0.00342175	-0.000292863	-0.00140218	0.00102024	-0.00176165	-0.00199588	-0.000464781	-0.00268665	-0.00349373	-0.00451007	-0.00634683	-0.0127615	-0.0220265	-0.0395254	-0.0623737	-0.104316	-0.160597	-0.235265	-0.321883	-0.420146	-0.501012	-0.548539	-0.529091	-0.433972	-0.249532	0.0121893	0.312676	0.591217	0.815257	0.958671	0.994725	0.913799	0.753917	0.535191	0.290199	0.0431936	-0.169116	-0.31628	-0.385578	-0.373702	-0.321975	-0.24658	-0.160472	-0.0844437	-0.0406183	-0.0317982	-0.0350366	-0.0468188	-0.0715028	-0.0902954	-0.0842765	-0.0611044	-0.0387096	-0.0314456	-0.0336348	-0.0514059	-0.112223	-0.199444	-0.278334	-0.343306	-0.383584	-0.366666	-0.266646	-0.0882864	0.141626	0.391716	0.629954	0.828523	0.962111	0.999316	0.922177	0.750795	0.516109	0.243157	-0.0156323	-0.19793	-0.27927	-0.260362	-0.154764	0	
0	0.000633643	-0.000820404	0.00151966	-0.000526851	0.00150232	-3.17619e-05	6.46093e-05	-0.000718452	-0.00242816	-0.00180702	-0.00374557	-0.000480049	-0.00140867	0.000762681	0.00291816	-0.0030698	0.00105691	-0.00512736	-0.00180269	0.00140196	0.00194365	-0.00249907	-0.00097052	-0.000980985	-0.00158742	-0.00109166	-0.00172391	-0.00239686	-0.00441241	-0.00659738	-0.0143224	-0.0230225	-0.0399163	-0.0673674	-0.111547	-0.167662	-0.246899	-0.338132	-0.438168	-0.519609	-0.568576	-0.550499	-0.453865	-0.266744	-0.00453305	0.294401	0.580861	0.818103	0.976008	1.02726	0.963189	0.812756	0.593232	0.34156	0.0849649	-0.133453	-0.289112	-0.367688	-0.375637	-0.344276	-0.279781	-0.196302	-0.113863	-0.064188	-0.0462318	-0.0417297	-0.0478839	-0.0701781	-0.0910561	-0.082426	-0.0600601	-0.0423935	-0.0414054	-0.0529077	-0.077798	-0.143441	-0.230023	-0.304788	-0.361891	-0.382856	-0.344898	-0.234307	-0.0513002	0.186791	0.446898	0.689074	0.88493	1.00679	1.02621	0.936293	0.751683	0.502453	0.228949	-0.0238614	-0.20818	-0.290309	-0.266057	-0.156567	0	
0	0.00271833	-0.00240631	0.00332532	-0.000486933	-0.000943269	0.000421072	-0.00110822	-0.00137459	0.00182467	0.000249773	0.00162752	0.00109221	-0.000876708	-0.00305447	-0.0030698	-0.00551411	0.00151403	-0.0018239	-0.0015377	0.00115499	-0.00595912	-0.00350446	-0.000549229	-0.00125297	-0.00415935	-0.00114104	-0.00188949	-0.00643113	-0.00504272	-0.00735885	-0.0160658	-0.0274482	-0.0406967	-0.0756407	-0.117026	-0.178057	-0.257825	-0.356279	-0.453634	-0.538327	-0.587177	-0.569979	-0.472209	-0.281547	-0.0243532	0.273984	0.566154	0.814005	0.985017	1.05112	1.01008	0.87075	0.653704	0.397753	0.131752	-0.0912904	-0.254418	-0.3456	-0.374189	-0.365353	-0.312829	-0.23042	-0.145695	-0.0884476	-0.0615478	-0.0505532	-0.0495136	-0.0692632	-0.0892727	-0.0822972	-0.0641837	-0.0490892	-0.0539854	-0.0707976	-0.102671	-0.177611	-0.265626	-0.335425	-0.374467	-0.36609	-0.311817	-0.198301	-0.00948968	0.23748	0.503021	0.747281	0.939703	1.04428	1.04148	0.939721	0.745335	0.4853	0.212686	-0.0336881	-0.217257	-0.298345	-0.270099	-0.158107	0	
0	5.96503e-05	-0.00414065	0.000498668	-0.00451679	-9.28652e-05	-0.000207869	-0.00110332	0.00110482	0.000613472	-0.00248018	-0.000808605	0.000143732	-0.00439395	0.00370561	0.00105691	0.00151403	0.000754625	-0.000481372	-0.00107858	-0.000624631	-0.00351953	0.00220587	0.000214211	-0.00250471	-0.00328193	-4.35724e-05	-0.00330169	-0.00501939	-0.00411833	-0.0069839	-0.0200017	-0.0253581	-0.0434077	-0.0793901	-0.122925	-0.182889	-0.268778	-0.36843	-0.465411	-0.552261	-0.599831	-0.585161	-0.482328	-0.294441	-0.0416445	0.253096	0.547891	0.803712	0.979806	1.06586	1.04578	0.920139	0.710913	0.449358	0.183042	-0.0446503	-0.212238	-0.311894	-0.364588	-0.373728	-0.333838	-0.261739	-0.177631	-0.120017	-0.0904105	-0.0689371	-0.0606224	-0.0694639	-0.0767383	-0.0724256	-0.0625922	-0.0573506	-0.0747753	-0.10108	-0.13958	-0.211967	-0.293435	-0.355961	-0.375421	-0.345702	-0.278657	-0.153763	0.0426281	0.292076	0.560166	0.804698	0.987885	1.07155	1.04756	0.93408	0.731599	0.465545	0.194697	-0.0455157	-0.224386	-0.302691	-0.273098	-0.160092	0	
0	-0.000149522	0.00308292	0.000531316	0.00202457	0.00182906	-0.00126697	0.000573452	-0.00184553	-0.002388	-0.000646892	-0.00210575	-0.000282005	-0.00255711	0.00147578	-0.00512736	-0.0018239	-0.000481372	-0.00414315	-0.00303315	0.000148633	0.000389795	-0.00122945	-0.00334772	-0.00214329	-0.00150062	-0.00047995	-0.00267273	-0.00431431	-0.00457329	-0.00811607	-0.0200477	-0.0244552	-0.0477681	-0.0832868	-0.12735	-0.189663	-0.281235	-0.379834	-0.478725	-0.566458	-0.615127	-0.599605	-0.494528	-0.310424	-0.063221	0.227124	0.524457	0.781196	0.964789	1.07127	1.0744	0.967871	0.767697	0.509323	0.243854	0.012269	-0.158443	-0.274744	-0.349853	-0.376929	-0.355898	-0.293	-0.215686	-0.158831	-0.117576	-0.0892479	-0.0706177	-0.0613235	-0.0639868	-0.0643907	-0.0646599	-0.0771326	-0.102292	-0.131136	-0.175707	-0.24627	-0.318001	-0.366353	-0.371349	-0.32595	-0.23542	-0.0950929	0.0998827	0.348062	0.617682	0.857244	1.02768	1.09172	1.04597	0.917109	0.709688	0.445252	0.176701	-0.0589899	-0.23	-0.303979	-0.27508	-0.162098	0	
0	-0.00203744	0.00244384	-0.00374412	0.00122338	-0.00126725	-0.00195025	0.00114403	-0.00149411	-3.9047e-05	0.00156752	-0.00102283	0.00134294	-0.000550791	-0.000703218	-0.00180269	-0.0015377	-0.00107858	-0.00303315	0.00399298	-0.00238798	-0.00346525	-0.00472134	-0.000757409	-0.0018875	-0.00199216	-0.00268365	-0.00427898	-0.00649584	-0.00491976	-0.0101565	-0.0210626	-0.0275755	-0.0524525	-0.086416	-0.132674	-0.198007	-0.292566	-0.388072	-0.491563	-0.577149	-0.627746	-0.607484	-0.503036	-0.322557	-0.0808593	0.204977	0.5014	0.753393	0.94396	1.06939	1.09309	1.00697	0.81707	0.567405	0.305293	0.0719292	-0.101474	-0.235199	-0.325945	-0.368393	-0.364409	-0.315851	-0.253409	-0.1981	-0.152164	-0.117911	-0.0851917	-0.0594136	-0.0505302	-0.0518837	-0.0684264	-0.0982118	-0.131184	-0.168361	-0.217524	-0.278363	-0.336608	-0.372625	-0.359855	-0.290975	-0.182296	-0.0363437	0.160327	0.409088	0.674075	0.904834	1.05969	1.10171	1.03443	0.8911	0.682604	0.424629	0.15851	-0.0732099	-0.23423	-0.303055	-0.27592	-0.163649	0	
0	-0.000172379	-0.0017929	-0.00153807	-0.000658133	-0.0022681	9.53971e-05	0.000762365	-0.00131056	0.002001	-0.000468791	-0.00237418	-0.000551633	-0.00185499	-0.00342175	0.00140196	0.00115499	-0.000624631	0.000148633	-0.00238798	-0.0055952	-0.000413657	0.000771484	-0.000859074	-0.00143006	-0.00372449	-0.00354068	-0.0030381	-0.00287465	-0.00557281	-0.0127012	-0.0196232	-0.0287354	-0.0542029	-0.0893729	-0.135851	-0.206855	-0.298278	-0.397498	-0.500827	-0.588371	-0.636069	-0.613958	-0.511115	-0.334004	-0.0991692	0.184337	0.471928	0.718278	0.915831	1.05582	1.10213	1.03359	0.861666	0.626754	0.369764	0.141737	-0.0406557	-0.188952	-0.290764	-0.350313	-0.361364	-0.33577	-0.29398	-0.240411	-0.192989	-0.150941	-0.101364	-0.0593468	-0.0382536	-0.039523	-0.073066	-0.120644	-0.163434	-0.212091	-0.264012	-0.312441	-0.351203	-0.360603	-0.328075	-0.253159	-0.134345	0.0271851	0.229886	0.474006	0.730303	0.944468	1.07637	1.10127	1.01857	0.858811	0.649201	0.402086	0.141368	-0.0857587	-0.237494	-0.301588	-0.275582	-0.164033	0	
0	0.00147288	0.000407933	0.00288154	0.00097961	0.00137644	0.000280129	-0.00150731	-0.0020262	-0.00303225	-0.00272645	-0.00261557	0.000572575	-0.000947238	-0.000292863	0.00194365	-0.00595912	-0.00351953	0.000389795	-0.00346525	-0.000413657	0.00370262	-0.0036027	-0.00372841	-0.00271117	-0.00145484	-0.00129251	-0.000628566	-0.006013	-0.00819345	-0.0106182	-0.0165497	-0.0328041	-0.057017	-0.0895711	-0.140462	-0.213584	-0.30449	-0.404921	-0.510729	-0.597151	-0.642843	-0.619504	-0.518357	-0.346292	-0.11392	0.162107	0.438977	0.678382	0.881421	1.03433	1.09814	1.04964	0.901074	0.683475	0.440446	0.215426	0.0238622	-0.134455	-0.248949	-0.318788	-0.349526	-0.354632	-0.331748	-0.287583	-0.238425	-0.181977	-0.118824	-0.0599438	-0.0258262	-0.0335355	-0.0842663	-0.147082	-0.204306	-0.260595	-0.303808	-0.337524	-0.355748	-0.338772	-0.294094	-0.212968	-0.0765205	0.100352	0.304168	0.538615	0.778161	0.971844	1.08588	1.09514	0.992375	0.818669	0.614227	0.378688	0.124629	-0.0953882	-0.240019	-0.301078	-0.27401	-0.162389	0	
0	-0.000581548	-0.00102819	-0.00136648	-0.00171024	-0.00130449	-0.00127777	0.000543175	-0.000562604	0.00302898	0.000327122	0.000953347	0.000953437	-0.00378061	-0.00140218	-0.00249907	-0.00350446	0.00220587	-0.00122945	-0.00472134	0.000771484	-0.0036027	-0.00847624	-0.00028689	0.000115116	-0.00347696	-0.00547321	-0.00452977	-0.00651464	-0.00806156	-0.0100936	-0.0218822	-0.0378152	-0.0574448	-0.091811	-0.149181	-0.220807	-0.310185	-0.414131	-0.520905	-0.605413	-0.64851	-0.624033	-0.526057	-0.354432	-0.126078	0.143096	0.404619	0.640834	0.845579	1.00709	1.08428	1.05594	0.93309	0.736212	0.510193	0.287105	0.0888446	-0.0786974	-0.198426	-0.277023	-0.328969	-0.361786	-0.362997	-0.330322	-0.28052	-0.215345	-0.14046	-0.0694029	-0.0284962	-0.0385439	-0.0956411	-0.169915	-0.241906	-0.303347	-0.344248	-0.367984	-0.354854	-0.305881	-0.248458	-0.15596	-0.00901447	0.168735	0.372024	0.601959	0.825538	0.995065	1.08343	1.07156	0.956824	0.781627	0.580233	0.349618	0.107843	-0.0996173	-0.24188	-0.302594	-0.271337	-0.158633	0	
0	-0.000852812	0.000645068	-0.000691477	-0.00104817	0.00160377	-0.00288021	0.00131763	-0.00169056	-0.00222659	-0.00053654	-0.0029395	-0.000931238	-0.00155171	0.00102024	-0.00097052	-0.000549229	0.000214211	-0.00334772	-0.000757409	-0.000859074	-0.00372841	-0.00028689	0.00186907	-0.00356002	-0.00549243	-0.00250764	-0.00120815	-0.00487212	-0.00921353	-0.0101473	-0.0228001	-0.0362408	-0.0559494	-0.0956246	-0.154004	-0.221814	-0.313613	-0.421405	-0.527204	-0.609121	-0.650806	-0.627366	-0.530917	-0.36012	-0.134696	0.121012	0.370046	0.601065	0.804501	0.968808	1.05484	1.05019	0.952278	0.783881	0.576825	0.359977	0.159049	-0.0121639	-0.134557	-0.223299	-0.298684	-0.362964	-0.389417	-0.375145	-0.325163	-0.24964	-0.164681	-0.0809362	-0.0385169	-0.050089	-0.109464	-0.198494	-0.282602	-0.347053	-0.384172	-0.384795	-0.338852	-0.267176	-0.191264	-0.0887552	0.0535156	0.23436	0.447718	0.667887	0.863059	1.00273	1.06718	1.0399	0.919362	0.744162	0.542689	0.318226	0.094428	-0.100469	-0.244376	-0.304738	-0.267678	-0.154341	0	
0	-0.000253891	0.000178473	-0.00024155	-0.000518393	0.000790928	-0.00206907	0.00121879	-0.00210022	-0.00132848	0.000605591	-0.00426192	0.00127641	-0.0024706	-0.00176165	-0.000980985	-0.00125297	-0.00250471	-0.00214329	-0.0018875	-0.00143006	-0.00271117	0.000115116	-0.00356002	-0.00383388	-0.00402764	-3.87717e-05	-0.00276112	-0.00799624	-0.0098389	-0.00856515	-0.0239814	-0.0370712	-0.0581128	-0.100225	-0.156086	-0.224496	-0.319901	-0.429915	-0.531438	-0.614305	-0.653667	-0.633287	-0.534664	-0.364556	-0.143682	0.0980258	0.337444	0.563992	0.762066	0.923571	1.01908	1.03483	0.964506	0.824686	0.637751	0.430735	0.229898	0.0606719	-0.0645869	-0.165208	-0.263112	-0.353703	-0.406913	-0.409718	-0.361916	-0.282864	-0.187812	-0.104349	-0.0661953	-0.0732513	-0.134035	-0.226591	-0.315669	-0.386496	-0.414315	-0.390334	-0.318327	-0.222017	-0.125772	-0.0168498	0.124197	0.307823	0.518262	0.720329	0.888955	1.00276	1.04524	1.00022	0.872982	0.703749	0.508477	0.290405	0.0809831	-0.102643	-0.245609	-0.304724	-0.264384	-0.15165	0	
0	0.000310757	0.00151924	-0.000263181	0.00233347	-0.00132241	0.000336086	-0.000350926	-0.00234488	0.000122085	-0.000957871	-0.00185165	0.000802867	-0.00228126	-0.00199588	-0.00158742	-0.00415935	-0.00328193	-0.00150062	-0.00199216	-0.00372449	-0.00145484	-0.00347696	-0.00549243	-0.00402764	0.000428553	-0.00416928	-0.00695435	-0.00928543	-0.00474025	-0.0121531	-0.0274455	-0.0380227	-0.0593125	-0.104156	-0.158448	-0.228625	-0.327469	-0.434849	-0.536567	-0.618346	-0.658867	-0.637732	-0.537394	-0.367667	-0.153434	0.0747361	0.310275	0.527946	0.718193	0.872346	0.976987	1.01018	0.966683	0.853994	0.690384	0.495959	0.304385	0.141156	0.0109127	-0.101367	-0.221462	-0.334084	-0.412374	-0.434087	-0.393132	-0.312407	-0.215059	-0.138927	-0.104545	-0.111372	-0.167761	-0.254792	-0.347146	-0.416771	-0.430348	-0.384368	-0.289897	-0.171887	-0.0549517	0.062502	0.202126	0.38214	0.579422	0.759543	0.906515	0.997757	1.01349	0.948285	0.822215	0.666463	0.477972	0.264306	0.0664171	-0.106024	-0.244452	-0.302494	-0.262527	-0.150986	0	
0	-0.00193458	-0.00104844	-0.00394045	-0.00172671	-0.00294712	-0.00106517	-0.000452509	-0.000751582	0.00207787	-0.00173064	0.00103583	-0.000812095	-0.00249014	-0.000464781	-0.00109166	-0.00114104	-4.35724e-05	-0.00047995	-0.00268365	-0.00354068	-0.00129251	-0.00547321	-0.00250764	-3.87717e-05	-0.00416928	-0.00961157	-0.00404714	-0.0038024	-0.00910159	-0.0182536	-0.0255597	-0.035376	-0.0640476	-0.107264	-0.158915	-0.231946	-0.332182	-0.437208	-0.539263	-0.620339	-0.661675	-0.637918	-0.536635	-0.366831	-0.163807	0.0587988	0.287551	0.496432	0.671268	0.819288	0.928705	0.975919	0.954987	0.8676	0.728726	0.553357	0.381495	0.224915	0.0926964	-0.0349636	-0.170654	-0.300518	-0.403294	-0.442078	-0.416159	-0.340102	-0.250779	-0.186847	-0.156844	-0.163697	-0.206852	-0.283069	-0.372617	-0.434025	-0.434507	-0.368621	-0.252193	-0.11421	0.0190629	0.145964	0.287925	0.453493	0.626138	0.790405	0.918844	0.977636	0.966792	0.896361	0.776188	0.625506	0.445479	0.244624	0.0545749	-0.112706	-0.243118	-0.297849	-0.261545	-0.152384	0	
0	0.000292059	0.00119627	0.00115127	0.000423884	0.00176246	-0.00164577	0.000188921	-0.00252569	-0.00344635	-0.00242324	-0.00443533	-0.00337985	-0.00194721	-0.00268665	-0.00172391	-0.00188949	-0.00330169	-0.00267273	-0.00427898	-0.0030381	-0.000628566	-0.00452977	-0.00120815	-0.00276112	-0.00695435	-0.00404714	-0.000369708	-0.00729619	-0.0132854	-0.0132896	-0.0208797	-0.0389339	-0.0681581	-0.10422	-0.158383	-0.236497	-0.335407	-0.438541	-0.542194	-0.624061	-0.665885	-0.639711	-0.537652	-0.372407	-0.177611	0.0422125	0.265164	0.460666	0.621256	0.764371	0.876746	0.935031	0.932115	0.869515	0.755938	0.609739	0.461127	0.314375	0.175437	0.0328408	-0.113935	-0.260552	-0.379475	-0.43813	-0.428046	-0.364244	-0.292612	-0.240005	-0.220476	-0.225176	-0.255446	-0.320627	-0.391613	-0.438416	-0.423616	-0.334764	-0.202304	-0.0519292	0.0926144	0.229481	0.374082	0.521829	0.669771	0.810904	0.908297	0.941312	0.922968	0.850252	0.724185	0.577563	0.418809	0.234026	0.0419743	-0.123524	-0.241064	-0.291665	-0.26151	-0.154895	0	
0	-1.06669e-06	0.000822681	0.000479639	-0.000464579	0.00132897	-0.00271565	0.000425816	-0.00235857	-0.00236798	0.000236341	-0.00359481	0.000584455	-0.00258809	-0.00349373	-0.00239686	-0.00643113	-0.00501939	-0.00431431	-0.00649584	-0.00287465	-0.006013	-0.00651464	-0.00487212	-0.00799624	-0.00928543	-0.0038024	-0.00729619	-0.013062	-0.0139965	-0.0138251	-0.0276624	-0.0467561	-0.0689724	-0.105281	-0.16554	-0.244524	-0.337789	-0.442819	-0.547241	-0.630725	-0.669145	-0.641284	-0.538788	-0.379975	-0.187365	0.0325833	0.247142	0.428386	0.576734	0.715893	0.826414	0.889632	0.898232	0.855551	0.768799	0.656891	0.534834	0.398322	0.253353	0.101661	-0.0519429	-0.20755	-0.338046	-0.41407	-0.42378	-0.385832	-0.338856	-0.304892	-0.295124	-0.296916	-0.317347	-0.359126	-0.403772	-0.428324	-0.389303	-0.2868	-0.145204	0.0144276	0.164507	0.313032	0.458894	0.585786	0.70578	0.813071	0.880525	0.901924	0.877969	0.797698	0.671203	0.536913	0.396754	0.221324	0.0291677	-0.130791	-0.239517	-0.289384	-0.261771	-0.154903	0	
0	-0.00140306	-0.00207792	-0.00385017	-0.00284347	-0.00409318	-0.00301633	-0.000969461	-0.00266009	0.000629013	-0.000474477	-0.00289131	-0.00069424	-0.00503247	-0.00451007	-0.00441241	-0.00504272	-0.00411833	-0.00457329	-0.00491976	-0.00557281	-0.00819345	-0.00806156	-0.00921353	-0.0098389	-0.00474025	-0.00910159	-0.0132854	-0.0139965	-0.0135053	-0.0184821	-0.0323903	-0.0482354	-0.0682897	-0.109484	-0.171929	-0.245801	-0.337896	-0.44604	-0.551731	-0.633632	-0.669332	-0.640998	-0.541709	-0.387895	-0.192327	0.0246058	0.228732	0.395037	0.536526	0.668547	0.774162	0.835087	0.851169	0.8242	0.768294	0.693684	0.599716	0.476231	0.328796	0.17664	0.0191044	-0.140831	-0.279403	-0.372682	-0.40853	-0.407324	-0.392238	-0.37944	-0.376893	-0.375359	-0.383379	-0.397741	-0.40822	-0.399881	-0.340913	-0.229011	-0.0779216	0.0846535	0.23869	0.393199	0.533915	0.645872	0.732428	0.79578	0.841743	0.857443	0.825394	0.745249	0.627916	0.502006	0.370392	0.205299	0.0229201	-0.13266	-0.243291	-0.292887	-0.26025	-0.151349	0	
0	-0.00115259	0.000991866	-0.00197293	-2.64136e-05	-0.00121152	-0.00264468	-0.00240032	-0.00554743	-0.00572116	-0.00822593	-0.0081073	-0.00791171	-0.00887658	-0.00634683	-0.00659738	-0.00735885	-0.0069839	-0.00811607	-0.0101565	-0.0127012	-0.0106182	-0.0100936	-0.0101473	-0.00856515	-0.0121531	-0.0182536	-0.0132896	-0.0138251	-0.0184821	-0.0234008	-0.0358104	-0.0503001	-0.0710837	-0.115621	-0.175795	-0.246322	-0.340952	-0.451804	-0.556634	-0.636145	-0.671458	-0.645074	-0.551261	-0.39654	-0.198823	0.0125353	0.203817	0.361848	0.498234	0.622668	0.718805	0.775545	0.794016	0.783493	0.759706	0.720728	0.655806	0.544126	0.404612	0.255154	0.0960684	-0.0651627	-0.212105	-0.320218	-0.387497	-0.426787	-0.446568	-0.453898	-0.4561	-0.454396	-0.449245	-0.43714	-0.411628	-0.363474	-0.280155	-0.156752	-0.000572098	0.162842	0.318289	0.466436	0.595308	0.688836	0.74102	0.773349	0.801326	0.801386	0.765957	0.697596	0.591306	0.471351	0.34421	0.188269	0.0196771	-0.132842	-0.250635	-0.298753	-0.258014	-0.147635	0	
0	0.000261901	0.000592956	-0.000230063	-0.00077171	-0.00232989	-0.00439135	-0.00459448	-0.00783468	-0.00717011	-0.00825183	-0.0100493	-0.00916962	-0.0109079	-0.0127615	-0.0143224	-0.0160658	-0.0200017	-0.0200477	-0.0210626	-0.0196232	-0.0165497	-0.0218822	-0.0228001	-0.0239814	-0.0274455	-0.0255597	-0.0208797	-0.0276624	-0.0323903	-0.0358104	-0.0481426	-0.0591603	-0.0835376	-0.129774	-0.186155	-0.254719	-0.35406	-0.464525	-0.566837	-0.644522	-0.681358	-0.658544	-0.565808	-0.406309	-0.208065	-0.00474451	0.17902	0.335639	0.468523	0.58299	0.668575	0.716594	0.735055	0.737822	0.740869	0.731165	0.687724	0.594181	0.470141	0.330654	0.177469	0.0171397	-0.131936	-0.25423	-0.355017	-0.436818	-0.494453	-0.525592	-0.538619	-0.535048	-0.517584	-0.478446	-0.406815	-0.316766	-0.206911	-0.0688918	0.0875097	0.247187	0.393718	0.524458	0.639495	0.716412	0.743541	0.748141	0.747232	0.734355	0.709344	0.654747	0.559356	0.447164	0.319659	0.169456	0.0161426	-0.133195	-0.258137	-0.30458	-0.257542	-0.146372	0	
0	-0.00337898	-0.00438274	-0.00808683	-0.00910066	-0.00924538	-0.0122518	-0.0100401	-0.012011	-0.0123415	-0.0118402	-0.0149766	-0.0151538	-0.0193638	-0.0220265	-0.0230225	-0.0274482	-0.0253581	-0.0244552	-0.0275755	-0.0287354	-0.0328041	-0.0378152	-0.0362408	-0.0370712	-0.0380227	-0.035376	-0.0389339	-0.0467561	-0.0482354	-0.0503001	-0.0591603	-0.0732287	-0.102902	-0.144789	-0.193885	-0.267182	-0.369083	-0.475412	-0.574004	-0.652696	-0.692861	-0.671858	-0.576484	-0.413289	-0.220675	-0.02541	0.156202	0.312964	0.438388	0.540564	0.612289	0.650866	0.666408	0.681974	0.705194	0.716957	0.696576	0.629149	0.53305	0.412185	0.26857	0.111461	-0.0422509	-0.184464	-0.320579	-0.44402	-0.539427	-0.594399	-0.616967	-0.611054	-0.576496	-0.505012	-0.394635	-0.265252	-0.124024	0.0225808	0.175164	0.331442	0.467607	0.581309	0.672855	0.722415	0.727885	0.709158	0.687006	0.673604	0.658755	0.612534	0.528692	0.424819	0.30003	0.156292	0.00855728	-0.140443	-0.262993	-0.306434	-0.260591	-0.149975	0	
0	-0.00262152	-0.00551687	-0.00802069	-0.0101864	-0.0129986	-0.0154362	-0.0169703	-0.0222974	-0.0235517	-0.0284758	-0.0338428	-0.0346321	-0.0391526	-0.0395254	-0.0399163	-0.0406967	-0.0434077	-0.0477681	-0.0524525	-0.0542029	-0.057017	-0.0574448	-0.0559494	-0.0581128	-0.0593125	-0.0640476	-0.0681581	-0.0689724	-0.0682897	-0.0710837	-0.0835376	-0.102902	-0.128228	-0.160231	-0.213901	-0.294405	-0.391794	-0.492054	-0.59191	-0.675338	-0.717329	-0.69615	-0.596447	-0.436082	-0.250925	-0.0584265	0.127279	0.284	0.401399	0.492826	0.554808	0.584538	0.601495	0.624881	0.659195	0.684363	0.684724	0.651664	0.587662	0.490782	0.360477	0.205934	0.0445815	-0.119863	-0.28782	-0.445531	-0.570586	-0.64873	-0.682548	-0.670583	-0.618232	-0.520256	-0.377959	-0.216937	-0.050625	0.112234	0.27359	0.425391	0.5436	0.628855	0.683183	0.70231	0.691165	0.662112	0.636571	0.622944	0.607356	0.568144	0.49697	0.405757	0.292977	0.148127	-0.0109035	-0.154714	-0.260923	-0.304687	-0.268839	-0.157968	0	
0	-0.00403064	-0.00524062	-0.0115966	-0.0147003	-0.0197279	-0.027489	-0.0314166	-0.039198	-0.0441885	-0.0481292	-0.0525211	-0.0541879	-0.0590802	-0.0623737	-0.0673674	-0.0756407	-0.0793901	-0.0832868	-0.086416	-0.0893729	-0.0895711	-0.091811	-0.0956246	-0.100225	-0.104156	-0.107264	-0.10422	-0.105281	-0.109484	-0.115621	-0.129774	-0.144789	-0.160231	-0.196508	-0.259485	-0.335229	-0.422452	-0.523158	-0.628354	-0.712105	-0.7533	-0.72809	-0.628304	-0.473656	-0.292893	-0.0955016	0.0963031	0.249708	0.359682	0.44363	0.496879	0.522237	0.537883	0.562661	0.595927	0.626121	0.650697	0.652692	0.626286	0.558781	0.445259	0.296498	0.124831	-0.0613342	-0.252471	-0.432898	-0.581731	-0.681552	-0.729139	-0.717322	-0.648101	-0.526628	-0.361105	-0.171183	0.0254999	0.20985	0.375569	0.513852	0.608769	0.660228	0.674335	0.664224	0.641724	0.614415	0.590947	0.571737	0.556328	0.528871	0.470553	0.392951	0.288399	0.134471	-0.0327174	-0.164874	-0.259855	-0.308822	-0.277895	-0.162627	0	
0	-0.00866222	-0.0177079	-0.0260818	-0.0338656	-0.0418831	-0.0485641	-0.0535338	-0.0615526	-0.0648067	-0.0723004	-0.0806077	-0.0864774	-0.0968001	-0.104316	-0.111547	-0.117026	-0.122925	-0.12735	-0.132674	-0.135851	-0.140462	-0.149181	-0.154004	-0.156086	-0.158448	-0.158915	-0.158383	-0.16554	-0.171929	-0.175795	-0.186155	-0.193885	-0.213901	-0.259485	-0.317823	-0.380434	-0.467638	-0.575	-0.679462	-0.760551	-0.798721	-0.772916	-0.676668	-0.528639	-0.345589	-0.139364	0.0539393	0.202549	0.307096	0.386364	0.435258	0.456528	0.469924	0.485153	0.508542	0.5434	0.591295	0.631801	0.645522	0.612782	0.524451	0.382019	0.198869	-0.00589173	-0.21612	-0.413446	-0.579438	-0.700507	-0.76128	-0.743067	-0.656001	-0.513363	-0.32725	-0.121208	0.0921855	0.294132	0.466033	0.593083	0.661403	0.677639	0.658248	0.619662	0.579863	0.553796	0.538698	0.525834	0.519868	0.502186	0.449434	0.374954	0.271831	0.122406	-0.0382144	-0.173261	-0.275518	-0.320425	-0.279296	-0.160518	0	
0	-0.013908	-0.0250844	-0.0394909	-0.050781	-0.0619121	-0.0756119	-0.0852329	-0.0984825	-0.110248	-0.120968	-0.13328	-0.141636	-0.152966	-0.160597	-0.167662	-0.178057	-0.182889	-0.189663	-0.198007	-0.206855	-0.213584	-0.220807	-0.221814	-0.224496	-0.228625	-0.231946	-0.236497	-0.244524	-0.245801	-0.246322	-0.254719	-0.267182	-0.294405	-0.335229	-0.380434	-0.442654	-0.538388	-0.644356	-0.744285	-0.822764	-0.861903	-0.83793	-0.749778	-0.603906	-0.413784	-0.202807	-0.0122398	0.131283	0.235082	0.314264	0.361844	0.383933	0.389641	0.391434	0.404702	0.445699	0.519186	0.593332	0.645677	0.6492	0.583743	0.44569	0.251662	0.0311285	-0.188482	-0.389895	-0.563035	-0.691714	-0.755979	-0.735181	-0.636962	-0.482731	-0.292332	-0.080106	0.147952	0.364831	0.542316	0.659719	0.703372	0.686826	0.631584	0.56074	0.505041	0.483985	0.487377	0.495016	0.498865	0.479751	0.425036	0.350774	0.253806	0.119578	-0.0374632	-0.190335	-0.30089	-0.330249	-0.276608	-0.159213	0	
0	-0.0178899	-0.0367751	-0.0548484	-0.073363	-0.0925864	-0.11104	-0.128201	-0.148252	-0.162773	-0.180343	-0.196676	-0.208982	-0.224196	-0.235265	-0.246899	-0.257825	-0.268778	-0.281235	-0.292566	-0.298278	-0.30449	-0.310185	-0.313613	-0.319901	-0.327469	-0.332182	-0.335407	-0.337789	-0.337896	-0.340952	-0.35406	-0.369083	-0.391794	-0.422452	-0.467638	-0.538388	-0.632926	-0.732592	-0.829569	-0.909795	-0.949108	-0.932161	-0.848824	-0.698418	-0.501327	-0.289906	-0.103727	0.0418078	0.150082	0.233236	0.285022	0.304462	0.298945	0.283088	0.286909	0.334628	0.423977	0.524436	0.610125	0.646781	0.606214	0.477117	0.281903	0.0603597	-0.158363	-0.357472	-0.526975	-0.655783	-0.721046	-0.697691	-0.598068	-0.443303	-0.251397	-0.0373374	0.194601	0.418751	0.602001	0.710558	0.72562	0.673102	0.588027	0.497328	0.43273	0.417895	0.441488	0.468247	0.477934	0.458577	0.406202	0.334309	0.240199	0.109996	-0.0486845	-0.206815	-0.316374	-0.339822	-0.281873	-0.161839	0	
0	-0.0280863	-0.0541649	-0.0825105	-0.108836	-0.1341	-0.161326	-0.184196	-0.208658	-0.23073	-0.250529	-0.270837	-0.28672	-0.306225	-0.321883	-0.338132	-0.356279	-0.36843	-0.379834	-0.388072	-0.397498	-0.404921	-0.414131	-0.421405	-0.429915	-0.434849	-0.437208	-0.438541	-0.442819	-0.44604	-0.451804	-0.464525	-0.475412	-0.492054	-0.523158	-0.575	-0.644356	-0.732592	-0.828454	-0.9273	-1.00631	-1.05147	-1.04138	-0.95747	-0.80111	-0.604102	-0.399666	-0.213685	-0.0639194	0.0502221	0.138881	0.191464	0.205107	0.18298	0.153697	0.154154	0.205696	0.306455	0.425623	0.538947	0.60573	0.587031	0.472718	0.289771	0.0766654	-0.133763	-0.322821	-0.481757	-0.597374	-0.653152	-0.631357	-0.538599	-0.391227	-0.205641	0.00695823	0.238713	0.459003	0.632534	0.72365	0.717088	0.641948	0.537575	0.438086	0.372509	0.359207	0.390881	0.433946	0.459732	0.44842	0.397424	0.32403	0.224085	0.0865415	-0.0689092	-0.214311	-0.321517	-0.354456	-0.296299	-0.166053	0	
0	-0.0373633	-0.0750632	-0.111428	-0.146638	-0.18133	-0.213763	-0.243238	-0.274593	-0.299644	-0.327256	-0.353453	-0.375979	-0.400692	-0.420146	-0.438168	-0.453634	-0.465411	-0.478725	-0.491563	-0.500827	-0.510729	-0.520905	-0.527204	-0.531438	-0.536567	-0.539263	-0.542194	-0.547241	-0.551731	-0.556634	-0.566837	-0.574004	-0.59191	-0.628354	-0.679462	-0.744285	-0.829569	-0.9273	-1.02496	-1.10932	-1.16322	-1.15646	-1.06845	-0.913817	-0.727912	-0.527692	-0.338893	-0.182347	-0.0622112	0.0306974	0.0824593	0.084214	0.0499228	0.0147142	0.0137058	0.0657801	0.16749	0.296575	0.428346	0.514013	0.516131	0.426283	0.268376	0.0780887	-0.116406	-0.291727	-0.428707	-0.521302	-0.562134	-0.537449	-0.456481	-0.324935	-0.149744	0.0538621	0.270913	0.470253	0.624254	0.70232	0.683787	0.594835	0.482423	0.382498	0.317764	0.30633	0.344442	0.400617	0.443607	0.443849	0.393569	0.313972	0.204995	0.0611673	-0.0902908	-0.224693	-0.32774	-0.366508	-0.311687	-0.175677	0	
