0	0	0	0	0	0	0	0	0	0	0	0	0	0	0	0	0	0	0	0	0	0	0	0	0	0	0	0	0	0	0	0	0	0	0	0	0	0	0	0	0	0	0	0	0	0	0	0	0	0	0	0	0	0	0	0	0	0	0	0	0	0	0	0	0	0	0	0	0	0	0	0	0	0	0	0	0	0	0	0	0	0	0	0	0	0	0	0	0	0	0	0	0	0	0	0	0	0	0	0	
0	-0.000215806	-2.36723e-05	-0.000404988	-0.000481264	-0.000110273	-0.00088028	0.000153933	-0.000111332	-0.00010757	0.000939964	-0.000180987	-0.000627998	-0.00111822	-0.00495351	-0.00707068	-0.0113692	-0.0178512	-0.0227904	-0.0297259	-0.0351743	-0.0381269	-0.0354811	-0.026562	-0.00945184	0.0127262	0.0402802	0.0598132	0.072157	0.0729536	0.0651352	0.0491899	0.0318605	0.0143462	-0.00149511	-0.0173762	-0.0315211	-0.0391131	-0.0344199	-0.0237411	-0.0114101	0.000975416	0.00630859	0.00559456	0.00507434	0.000557647	-0.00670783	-0.00984763	-0.00580726	-0.000305153	0.00486276	0.00341779	-0.000577889	-0.004429	-0.00414986	-0.000941998	0.00131864	5.58785e-05	-0.00060885	-0.00220142	-0.00347795	-0.00217091	0.00240347	0.00212685	-0.00355727	-0.00247536	0.00155784	0.00204209	-0.0002652	-0.00221529	-0.00218855	0.00134944	0.00333641	0.00258332	0.00257086	0.00748244	0.0183084	0.0219749	0.0234566	0.0308305	0.0357845	0.0371554	0.0320215	0.0176857	-0.00587636	-0.0347688	-0.0569552	-0.0680666	-0.0700933	-0.0667642	-0.0597476	-0.0474088	-0.0313112	-0.0096695	0.0139196	0.0310528	0.0428766	0.0428627	0.024757	0	
0	-2.36723e-05	0.000528072	0.000178768	0.000848192	0.000376999	0.000880569	-3.59478e-05	-0.000200959	-0.000963426	-0.00249961	-0.00278607	-0.00493982	-0.00600588	-0.0101122	-0.0128434	-0.0227256	-0.0318834	-0.0440263	-0.0614987	-0.0704363	-0.076073	-0.0725025	-0.0501814	-0.0153104	0.0287121	0.0785632	0.11867	0.144931	0.149891	0.129293	0.0999423	0.0668862	0.0322933	-0.00441478	-0.0331736	-0.0600895	-0.075254	-0.0691229	-0.0472459	-0.0219372	0.00209896	0.0122683	0.0106715	0.0097691	0.000484844	-0.014575	-0.0200676	-0.0142185	-0.00139197	0.00648697	0.00615032	-0.00307472	-0.00953139	-0.00809689	-0.00272312	0.00432534	0.000430002	0.00121177	-0.00259018	-0.00552322	-0.00276744	0.00481236	0.00355854	-0.00808528	-0.00656806	0.000411696	0.00333053	-0.00167712	-0.00400004	-0.00128785	0.00317725	0.00912616	0.00672392	0.00267424	0.0146541	0.0341216	0.0406331	0.0485752	0.0633129	0.0727929	0.0763125	0.063542	0.0327169	-0.0140703	-0.0685867	-0.109827	-0.134666	-0.142059	-0.133217	-0.118088	-0.0966025	-0.064467	-0.0181529	0.0290084	0.0610883	0.0838581	0.0848588	0.0498982	0	
0	-0.000404988	0.000178768	-0.000709122	-0.000711166	-0.000188875	-0.0015885	0.000101984	-0.000404431	-0.00043003	0.000946265	-0.000833941	-0.00305288	-0.00463096	-0.0141475	-0.0211622	-0.0338771	-0.0521337	-0.0678991	-0.0895619	-0.104599	-0.113583	-0.106269	-0.0784516	-0.0279891	0.0373789	0.116686	0.177052	0.214762	0.218812	0.194503	0.148984	0.0973319	0.0458224	-0.00337313	-0.0498971	-0.0923152	-0.11408	-0.103065	-0.0717241	-0.0353497	0.00131562	0.0170574	0.0166011	0.0147133	0.00135604	-0.0192366	-0.0283877	-0.0182929	-0.00192944	0.0125487	0.0099565	-0.00207036	-0.0125033	-0.0118841	-0.00323998	0.00364569	0.00013926	-0.000746334	-0.00584185	-0.0100062	-0.00586581	0.00638259	0.00547261	-0.00994748	-0.00766921	0.00359946	0.00547653	-0.00109377	-0.0058153	-0.00523477	0.00380629	0.0101643	0.00783464	0.00730292	0.0230433	0.0529147	0.0642625	0.0712828	0.09215	0.107209	0.111416	0.0948173	0.0517822	-0.0170937	-0.100357	-0.166216	-0.201912	-0.209977	-0.200512	-0.179791	-0.14338	-0.0943227	-0.0295634	0.0398391	0.0912572	0.125431	0.124905	0.0734045	0	
0	-0.000481264	0.000848192	-0.000711166	0.000950574	6.63979e-05	0.000391831	0.000372229	-0.000622041	-0.00123164	-0.00258875	-0.00489629	-0.00742575	-0.0112148	-0.0195274	-0.0270165	-0.044789	-0.0646519	-0.0883741	-0.119179	-0.139604	-0.150958	-0.142553	-0.102128	-0.0351609	0.0538444	0.152831	0.231768	0.283953	0.294031	0.259155	0.201504	0.135326	0.0653834	-0.00398511	-0.0638026	-0.116822	-0.147381	-0.136386	-0.0966027	-0.0464705	6.04437e-05	0.0212789	0.021459	0.0188203	0.00133544	-0.0259362	-0.0370195	-0.0272458	-0.00451909	0.0125044	0.0114837	-0.0043937	-0.0170543	-0.0156125	-0.00503375	0.00485162	0.00135342	0.00119935	-0.00534635	-0.0109428	-0.00642812	0.0089039	0.00579263	-0.0134142	-0.0111188	0.000865516	0.00571171	-0.0027163	-0.00754606	-0.00342677	0.00590877	0.0154387	0.0125224	0.00874711	0.0302913	0.0664564	0.0815663	0.0953819	0.12344	0.145089	0.150362	0.125391	0.0670736	-0.0248964	-0.131945	-0.21446	-0.263886	-0.279912	-0.267613	-0.23981	-0.194228	-0.127655	-0.0383752	0.0526085	0.118561	0.16233	0.162518	0.0973668	0	
0	-0.000110273	0.000376999	-0.000188875	6.63979e-05	-0.000257729	-0.000463969	-0.000621637	-0.000749131	-0.00105576	-0.0019903	-0.00262626	-0.00731156	-0.0107593	-0.0224023	-0.0349362	-0.0557282	-0.0832808	-0.111655	-0.14824	-0.172273	-0.18659	-0.175699	-0.128696	-0.0467989	0.0596721	0.18299	0.286176	0.351126	0.362453	0.322636	0.251998	0.167493	0.083686	-0.000543526	-0.0768386	-0.146146	-0.181125	-0.169816	-0.121498	-0.0621513	-0.00378617	0.0230817	0.026731	0.0229151	0.00170608	-0.0288995	-0.0435185	-0.0321053	-0.00631917	0.0155361	0.0147125	-0.00361048	-0.0187315	-0.0180671	-0.00659508	0.00407695	0.000664334	0.000418269	-0.00752175	-0.0151931	-0.00811338	0.00845143	0.00628301	-0.0138456	-0.0125685	0.0029717	0.00684648	-0.00242433	-0.00776058	-0.00550643	0.00588586	0.0162699	0.0134795	0.0127251	0.0395432	0.0824831	0.102747	0.119888	0.152337	0.178122	0.184414	0.154841	0.0837405	-0.0265131	-0.155966	-0.263087	-0.327976	-0.347728	-0.335285	-0.301789	-0.241905	-0.158144	-0.0515848	0.0597211	0.145401	0.198855	0.196407	0.118438	0	
0	-0.00088028	0.000880569	-0.0015885	0.000391831	-0.000463969	-0.000847632	0.000504208	-0.00104079	-0.00118882	-0.0016359	-0.00569709	-0.00855132	-0.0157816	-0.0275783	-0.042855	-0.0662811	-0.0976617	-0.133048	-0.17323	-0.205847	-0.223135	-0.209694	-0.155034	-0.0603211	0.071218	0.216065	0.334845	0.412519	0.429347	0.387469	0.305779	0.20744	0.102967	0.00345989	-0.0885502	-0.166752	-0.212027	-0.201098	-0.148435	-0.0764038	-0.00999351	0.0238232	0.0310122	0.0258453	0.00215593	-0.0323054	-0.0491916	-0.0389072	-0.0102134	0.0154388	0.0151943	-0.00398115	-0.0207698	-0.0212982	-0.00776848	0.00151061	0.00205357	0.000417373	-0.00817348	-0.0157221	-0.00980946	0.00968534	0.00564454	-0.0146699	-0.0131655	0.000965579	0.00602383	-0.00305032	-0.00912183	-0.00543098	0.00731466	0.0182006	0.016769	0.0187602	0.0479268	0.0942783	0.121054	0.141685	0.179733	0.21462	0.220607	0.18421	0.1016	-0.0300258	-0.182921	-0.307378	-0.383884	-0.411876	-0.40272	-0.365417	-0.294047	-0.190636	-0.0624064	0.0671089	0.167714	0.229425	0.226736	0.13905	0	
0	0.000153933	-3.59478e-05	0.000101984	0.000372229	-0.000621637	0.000504208	-0.00139679	-0.00117314	-0.00220368	-0.00485505	-0.00612816	-0.0116543	-0.0186025	-0.0308355	-0.0489781	-0.0766866	-0.112197	-0.154149	-0.201837	-0.238139	-0.256201	-0.242049	-0.179489	-0.0696375	0.0762653	0.237127	0.380755	0.474439	0.497364	0.449938	0.357922	0.244096	0.127831	0.0112776	-0.0965896	-0.188784	-0.239031	-0.231799	-0.174079	-0.0936834	-0.0188284	0.0223026	0.0342336	0.0284066	0.00206921	-0.0339112	-0.0536613	-0.0452546	-0.0141949	0.013343	0.0154014	-0.00415135	-0.022121	-0.0224235	-0.0110255	0.000410156	0.0018658	0.000595821	-0.00790964	-0.0177434	-0.00915351	0.00770201	0.00397908	-0.0138684	-0.0148588	-0.000299764	0.00482998	-0.00365897	-0.00820992	-0.00399178	0.00757123	0.0193384	0.0192312	0.0225863	0.0565693	0.105567	0.137655	0.167041	0.209914	0.247038	0.253397	0.211777	0.11526	-0.0313871	-0.19852	-0.343707	-0.44038	-0.479219	-0.471157	-0.426886	-0.343084	-0.22314	-0.0778728	0.0694675	0.18812	0.25775	0.251929	0.155258	0	
0	-0.000111332	-0.000200959	-0.000404431	-0.000622041	-0.000749131	-0.00104079	-0.00117314	-0.00123073	-0.00226447	-0.0030927	-0.00638769	-0.0118332	-0.0210338	-0.0358015	-0.0587969	-0.0883314	-0.129376	-0.176974	-0.225841	-0.26934	-0.291016	-0.274773	-0.208247	-0.0882292	0.0778737	0.261101	0.421961	0.52631	0.554499	0.510791	0.411739	0.284735	0.149772	0.0189122	-0.104493	-0.206459	-0.265597	-0.261908	-0.20216	-0.113811	-0.0320521	0.0175599	0.0355007	0.0290513	0.00187411	-0.0341203	-0.0567651	-0.0495469	-0.0187303	0.0115591	0.0148108	-0.00311214	-0.0210084	-0.0237073	-0.0128419	-0.00334584	0.00160054	-0.00111671	-0.00999338	-0.0187077	-0.0105104	0.00485593	0.00214118	-0.0120122	-0.0132931	-0.00062082	0.00313767	-0.00330893	-0.00775026	-0.00499725	0.00705255	0.018024	0.0205779	0.0314737	0.066651	0.115603	0.155623	0.188935	0.234855	0.278392	0.285287	0.239866	0.133628	-0.0289949	-0.215555	-0.381048	-0.490795	-0.53822	-0.537167	-0.491628	-0.395876	-0.256521	-0.0925824	0.0701588	0.202784	0.279144	0.272571	0.169797	0	
0	-0.00010757	-0.000963426	-0.00043003	-0.00123164	-0.00105576	-0.00118882	-0.00220368	-0.00226447	-0.00459387	-0.00610704	-0.0107133	-0.0158038	-0.0268441	-0.0407851	-0.065547	-0.0981874	-0.142353	-0.197032	-0.251119	-0.301371	-0.323332	-0.306227	-0.23298	-0.101389	0.07938	0.275936	0.455382	0.576393	0.61489	0.57159	0.464061	0.326405	0.177259	0.0318222	-0.108083	-0.219468	-0.287948	-0.288688	-0.229152	-0.134222	-0.0478872	0.0109025	0.0348463	0.0283973	0.00163348	-0.0348126	-0.0592723	-0.0554256	-0.0249589	0.00509516	0.0104633	-0.00446465	-0.0215975	-0.0251639	-0.0166278	-0.00673223	0.00137781	-0.00193594	-0.00980457	-0.0168171	-0.0094159	0.00183717	-0.000693679	-0.010731	-0.0127614	-0.00450711	-0.000799807	-0.00408102	-0.00690035	-0.00235785	0.00785924	0.0181599	0.0239406	0.0384749	0.0742984	0.122132	0.16952	0.212587	0.263608	0.309668	0.315737	0.265268	0.147584	-0.0272361	-0.225143	-0.406989	-0.536074	-0.600227	-0.604829	-0.553239	-0.446482	-0.291396	-0.110923	0.0662655	0.212888	0.296253	0.287484	0.17864	0	
0	0.000939964	-0.00249961	0.000946265	-0.00258875	-0.0019903	-0.0016359	-0.00485505	-0.0030927	-0.00610704	-0.00834685	-0.0110326	-0.0195873	-0.0298787	-0.0481649	-0.0753719	-0.112706	-0.160873	-0.22036	-0.277954	-0.333127	-0.356294	-0.339691	-0.264524	-0.120785	0.0712449	0.283972	0.483128	0.617199	0.66377	0.624713	0.514551	0.365746	0.204568	0.0428684	-0.11141	-0.234542	-0.309369	-0.316872	-0.258356	-0.161111	-0.0703074	-0.000918693	0.0286684	0.0251106	-0.00145497	-0.0347383	-0.0618563	-0.0591325	-0.0309507	-0.00173982	0.00592347	-0.00455093	-0.0203467	-0.0244012	-0.0208334	-0.0096572	-0.000978577	-0.00563098	-0.011199	-0.0178204	-0.00888284	-0.00455692	-0.00483235	-0.00739668	-0.0112538	-0.00527277	-0.00341421	-0.0043328	-0.00479249	-0.00178141	0.00593786	0.0156021	0.0258388	0.0468929	0.0836323	0.130473	0.183643	0.235217	0.290347	0.335111	0.342304	0.2921	0.163965	-0.0214367	-0.229896	-0.431015	-0.579156	-0.65687	-0.668575	-0.614596	-0.497806	-0.32794	-0.132136	0.0589482	0.217415	0.306147	0.296245	0.18374	0	
0	-0.000180987	-0.00278607	-0.000833941	-0.00489629	-0.00262626	-0.00569709	-0.00612816	-0.00638769	-0.0107133	-0.0110326	-0.0179747	-0.0247547	-0.0380518	-0.0565213	-0.0875678	-0.125906	-0.179287	-0.243706	-0.305216	-0.364797	-0.39179	-0.373965	-0.29349	-0.145537	0.0589708	0.289289	0.501712	0.647756	0.706487	0.674806	0.562553	0.407887	0.230767	0.0548778	-0.112861	-0.243588	-0.329563	-0.343979	-0.288133	-0.190558	-0.0958262	-0.0185469	0.0193825	0.0172132	-0.00483633	-0.0375174	-0.0646347	-0.0640891	-0.0393347	-0.0126647	-0.00302856	-0.00865959	-0.0201304	-0.0270849	-0.0249145	-0.0147474	-0.00468262	-0.00874102	-0.0147591	-0.014202	-0.00943626	-0.010553	-0.00801777	-0.00724807	-0.00826367	-0.00857904	-0.00848644	-0.00437781	-0.00375177	-0.000514852	0.00561153	0.0139756	0.028056	0.0562072	0.0916637	0.134648	0.196744	0.257928	0.314832	0.361159	0.369176	0.314707	0.180238	-0.0118104	-0.232904	-0.450425	-0.61472	-0.70916	-0.730201	-0.674516	-0.550072	-0.366752	-0.154886	0.0479983	0.21415	0.308263	0.299194	0.184397	0	
0	-0.000627998	-0.00493982	-0.00305288	-0.00742575	-0.00731156	-0.00855132	-0.0116543	-0.0118332	-0.0158038	-0.0195873	-0.0247547	-0.035024	-0.0483208	-0.0700238	-0.10137	-0.144934	-0.200615	-0.269863	-0.336165	-0.402029	-0.428676	-0.412273	-0.330933	-0.171151	0.0413302	0.278708	0.505869	0.669479	0.741389	0.715748	0.603727	0.44153	0.256603	0.0676445	-0.114166	-0.257727	-0.350747	-0.371143	-0.3211	-0.226201	-0.13011	-0.0423049	0.000717413	0.00537219	-0.0142262	-0.0428618	-0.0703084	-0.0703441	-0.0499182	-0.0274986	-0.0160423	-0.015324	-0.0233093	-0.029679	-0.0317957	-0.0204819	-0.0103272	-0.0160515	-0.0169446	-0.0137353	-0.00948801	-0.016755	-0.0141262	-0.00536866	-0.00748568	-0.012135	-0.0125801	-0.00697956	-0.0027282	0.0010017	0.00394069	0.0124047	0.0321704	0.0640132	0.0979511	0.140669	0.206866	0.278371	0.342126	0.383991	0.391158	0.338519	0.196333	-0.00387403	-0.229764	-0.459603	-0.645958	-0.761011	-0.790129	-0.730893	-0.598483	-0.406286	-0.184158	0.0299086	0.205527	0.304724	0.294513	0.178308	0	
0	-0.00111822	-0.00600588	-0.00463096	-0.0112148	-0.0107593	-0.0157816	-0.0186025	-0.0210338	-0.0268441	-0.0298787	-0.0380518	-0.0483208	-0.0636636	-0.0885108	-0.123392	-0.170421	-0.232362	-0.303929	-0.376129	-0.441882	-0.472893	-0.45684	-0.372856	-0.211929	0.00591578	0.261076	0.500983	0.673992	0.757655	0.741891	0.635853	0.472917	0.277094	0.071463	-0.1212	-0.273132	-0.374159	-0.404646	-0.36035	-0.271479	-0.172241	-0.0792351	-0.0273887	-0.0169935	-0.0298912	-0.0557742	-0.0802601	-0.0801204	-0.0646126	-0.0465442	-0.0337434	-0.0265457	-0.0286274	-0.0351715	-0.0389514	-0.0280266	-0.01994	-0.0248701	-0.0243006	-0.0147366	-0.013677	-0.026406	-0.0208471	-0.00830663	-0.00678978	-0.0145403	-0.0167267	-0.00740703	-0.00167928	0.00106433	0.00171397	0.00941543	0.0335136	0.0703337	0.104632	0.146516	0.218758	0.300179	0.364085	0.402588	0.41191	0.358475	0.214701	0.0128136	-0.224062	-0.47099	-0.674242	-0.803734	-0.841276	-0.783937	-0.649516	-0.450756	-0.215723	0.00987075	0.188817	0.289536	0.2826	0.170542	0	
0	-0.00495351	-0.0101122	-0.0141475	-0.0195274	-0.0224023	-0.0275783	-0.0308355	-0.0358015	-0.0407851	-0.0481649	-0.0565213	-0.0700238	-0.0885108	-0.113791	-0.152703	-0.20155	-0.266607	-0.34249	-0.420998	-0.489853	-0.526127	-0.510571	-0.424087	-0.259111	-0.0335863	0.225427	0.473049	0.661661	0.76184	0.755949	0.657296	0.490779	0.287667	0.0727259	-0.128852	-0.294883	-0.404178	-0.441945	-0.404215	-0.324249	-0.224239	-0.127164	-0.066872	-0.0480992	-0.0544113	-0.0763135	-0.096587	-0.0960685	-0.0855106	-0.073858	-0.0597793	-0.0482269	-0.0426925	-0.0489685	-0.0521273	-0.0422303	-0.0356455	-0.0386573	-0.0344444	-0.0178884	-0.0192735	-0.0339081	-0.0284617	-0.0124253	-0.00896653	-0.0200206	-0.0227711	-0.0132751	-0.00418851	-0.000542576	-0.000842607	0.00983038	0.0374326	0.0760583	0.109641	0.15036	0.227323	0.317928	0.385244	0.423097	0.43177	0.377009	0.232293	0.0260269	-0.216398	-0.471489	-0.693845	-0.843453	-0.890633	-0.834623	-0.696829	-0.493103	-0.252426	-0.0207026	0.163736	0.268785	0.263677	0.156368	0	
0	-0.00707068	-0.0128434	-0.0211622	-0.0270165	-0.0349362	-0.042855	-0.0489781	-0.0587969	-0.065547	-0.0753719	-0.0875678	-0.10137	-0.123392	-0.152703	-0.19406	-0.248462	-0.318755	-0.398217	-0.47992	-0.552864	-0.589748	-0.575286	-0.490364	-0.325265	-0.0951031	0.172042	0.428834	0.629479	0.741054	0.748088	0.658114	0.496014	0.28937	0.063936	-0.15267	-0.327383	-0.443083	-0.487797	-0.463388	-0.391194	-0.293384	-0.193275	-0.125801	-0.096581	-0.0955048	-0.111871	-0.125367	-0.123019	-0.11692	-0.109329	-0.0963778	-0.0777824	-0.0661566	-0.0677047	-0.0690975	-0.0619811	-0.055163	-0.0596731	-0.0492583	-0.0298986	-0.0326342	-0.046329	-0.043254	-0.0229692	-0.0165172	-0.0266126	-0.0282685	-0.0180815	-0.00740874	-0.00345206	-0.00398449	0.00648926	0.0383104	0.0776744	0.111245	0.157847	0.238665	0.333794	0.403863	0.438978	0.445665	0.393748	0.253602	0.0450594	-0.205543	-0.472903	-0.711878	-0.87506	-0.930427	-0.878293	-0.742186	-0.540853	-0.296997	-0.055579	0.133968	0.237646	0.234968	0.139335	0	
0	-0.0113692	-0.0227256	-0.0338771	-0.044789	-0.0557282	-0.0662811	-0.0766866	-0.0883314	-0.0981874	-0.112706	-0.125906	-0.144934	-0.170421	-0.20155	-0.248462	-0.306058	-0.380532	-0.463726	-0.554322	-0.625415	-0.669857	-0.656252	-0.569243	-0.403749	-0.173614	0.0966784	0.36049	0.572782	0.697728	0.717717	0.64259	0.48465	0.273762	0.038508	-0.182555	-0.368542	-0.492124	-0.548695	-0.531557	-0.470616	-0.375273	-0.278293	-0.20075	-0.161646	-0.151887	-0.161281	-0.166761	-0.162245	-0.159375	-0.157015	-0.144846	-0.123658	-0.104051	-0.100246	-0.0990242	-0.0923973	-0.0888583	-0.0887082	-0.0748115	-0.0516866	-0.0511275	-0.0640227	-0.0599464	-0.0393332	-0.0303631	-0.0361933	-0.0383716	-0.0289397	-0.0157587	-0.0111424	-0.0102149	0.00545671	0.0380686	0.0755969	0.113504	0.162003	0.246469	0.348664	0.417926	0.454097	0.462116	0.408067	0.270749	0.063052	-0.191618	-0.468636	-0.723896	-0.899322	-0.962205	-0.918554	-0.78855	-0.588133	-0.342311	-0.098766	0.0918309	0.19647	0.201128	0.121524	0	
0	-0.0178512	-0.0318834	-0.0521337	-0.0646519	-0.0832808	-0.0976617	-0.112197	-0.129376	-0.142353	-0.160873	-0.179287	-0.200615	-0.232362	-0.266607	-0.318755	-0.380532	-0.457815	-0.547037	-0.637099	-0.714359	-0.761663	-0.749234	-0.664785	-0.503984	-0.265257	0.00546408	0.273011	0.493444	0.631489	0.667715	0.605711	0.454145	0.245141	0.00849545	-0.225886	-0.423078	-0.554355	-0.615609	-0.613816	-0.56285	-0.476493	-0.381038	-0.297037	-0.247724	-0.22914	-0.230263	-0.225739	-0.21978	-0.217495	-0.219499	-0.209709	-0.186365	-0.159687	-0.148043	-0.141193	-0.137532	-0.132429	-0.130428	-0.111594	-0.0856882	-0.0822563	-0.0881176	-0.0867699	-0.0657305	-0.0526369	-0.0540775	-0.0534971	-0.044849	-0.0312621	-0.0242523	-0.019026	-0.000104353	0.0342064	0.0718667	0.11134	0.166722	0.256431	0.355812	0.426027	0.467931	0.473322	0.4213	0.293089	0.0833156	-0.179961	-0.465502	-0.729794	-0.913499	-0.986993	-0.953081	-0.828993	-0.636079	-0.397751	-0.152466	0.0451788	0.150269	0.158332	0.0971622	0	
0	-0.0227904	-0.0440263	-0.0678991	-0.0883741	-0.111655	-0.133048	-0.154149	-0.176974	-0.197032	-0.22036	-0.243706	-0.269863	-0.303929	-0.34249	-0.398217	-0.463726	-0.547037	-0.641785	-0.736086	-0.818047	-0.865901	-0.853293	-0.770333	-0.607601	-0.374351	-0.106477	0.166706	0.39806	0.545345	0.598641	0.550085	0.411769	0.205742	-0.0354456	-0.279458	-0.482301	-0.621796	-0.694998	-0.706767	-0.665618	-0.590477	-0.501226	-0.412498	-0.353498	-0.327049	-0.316226	-0.304134	-0.293321	-0.292162	-0.295438	-0.290383	-0.266004	-0.233368	-0.211993	-0.199443	-0.196756	-0.190635	-0.185754	-0.163388	-0.137923	-0.126483	-0.12767	-0.12629	-0.10559	-0.0898534	-0.0812033	-0.0780285	-0.0679447	-0.0524519	-0.0432096	-0.0318979	-0.00999408	0.0236634	0.0594297	0.102798	0.167282	0.261854	0.361582	0.434157	0.478838	0.483294	0.432486	0.307479	0.0999095	-0.163229	-0.456602	-0.731493	-0.921575	-1.00216	-0.979842	-0.869429	-0.687237	-0.455093	-0.211297	-0.0127568	0.0923622	0.110925	0.0741946	0	
0	-0.0297259	-0.0614987	-0.0895619	-0.119179	-0.14824	-0.17323	-0.201837	-0.225841	-0.251119	-0.277954	-0.305216	-0.336165	-0.376129	-0.420998	-0.47992	-0.554322	-0.637099	-0.736086	-0.832201	-0.915392	-0.965988	-0.958142	-0.878744	-0.719222	-0.484865	-0.216545	0.0590789	0.292555	0.451478	0.519197	0.489069	0.363469	0.164016	-0.0783283	-0.326762	-0.539375	-0.689625	-0.772415	-0.796414	-0.767406	-0.708831	-0.626255	-0.535991	-0.470532	-0.43521	-0.413513	-0.392115	-0.379852	-0.375398	-0.383065	-0.382745	-0.36135	-0.32615	-0.29425	-0.279193	-0.274174	-0.268475	-0.259216	-0.235448	-0.20881	-0.187216	-0.181313	-0.177393	-0.157594	-0.136997	-0.121703	-0.113966	-0.103679	-0.0896722	-0.0749226	-0.058333	-0.0302781	0.00629999	0.0426237	0.0939179	0.165843	0.262812	0.359628	0.430703	0.481554	0.491105	0.443541	0.323749	0.11833	-0.15039	-0.451523	-0.728203	-0.919136	-1.00751	-1.00036	-0.907314	-0.738347	-0.517083	-0.2803	-0.0804357	0.0294506	0.059871	0.0472047	0	
0	-0.0351743	-0.0704363	-0.104599	-0.139604	-0.172273	-0.205847	-0.238139	-0.26934	-0.301371	-0.333127	-0.364797	-0.402029	-0.441882	-0.489853	-0.552864	-0.625415	-0.714359	-0.818047	-0.915392	-1.0041	-1.05684	-1.04683	-0.96772	-0.808821	-0.579149	-0.315213	-0.0389611	0.196916	0.366025	0.451501	0.437575	0.324493	0.136104	-0.102857	-0.357714	-0.580903	-0.738699	-0.833767	-0.871431	-0.859238	-0.817276	-0.746014	-0.65936	-0.591465	-0.549118	-0.515387	-0.489701	-0.472473	-0.46712	-0.476897	-0.482594	-0.467287	-0.428384	-0.391151	-0.369055	-0.362855	-0.35517	-0.342408	-0.3219	-0.292737	-0.26479	-0.253893	-0.247595	-0.229742	-0.205929	-0.182701	-0.16942	-0.15423	-0.136401	-0.117406	-0.0907933	-0.0593057	-0.0246747	0.0164828	0.0707719	0.149936	0.255402	0.350331	0.424997	0.483695	0.495626	0.449572	0.331458	0.129575	-0.138823	-0.443174	-0.717501	-0.908036	-1.00695	-1.0165	-0.940917	-0.789015	-0.58445	-0.357472	-0.155844	-0.0386322	0.00500748	0.0165264	0	
0	-0.0381269	-0.076073	-0.113583	-0.150958	-0.18659	-0.223135	-0.256201	-0.291016	-0.323332	-0.356294	-0.39179	-0.428676	-0.472893	-0.526127	-0.589748	-0.669857	-0.761663	-0.865901	-0.965988	-1.05684	-1.10624	-1.10072	-1.02593	-0.868511	-0.643808	-0.382537	-0.109496	0.129459	0.309063	0.404697	0.405082	0.313527	0.138249	-0.10036	-0.357768	-0.585009	-0.754411	-0.864614	-0.915673	-0.918976	-0.897025	-0.839619	-0.761791	-0.694679	-0.645625	-0.602765	-0.572467	-0.551635	-0.544835	-0.55799	-0.57207	-0.564378	-0.529653	-0.48969	-0.466054	-0.458464	-0.450169	-0.439434	-0.422504	-0.392458	-0.359549	-0.342929	-0.333029	-0.313464	-0.285387	-0.259309	-0.238664	-0.219233	-0.202318	-0.176316	-0.144808	-0.111043	-0.0692702	-0.0229337	0.0396359	0.129317	0.235709	0.331758	0.410121	0.471071	0.491743	0.451977	0.3351	0.136477	-0.131804	-0.433343	-0.702378	-0.895373	-0.999616	-1.02137	-0.971775	-0.844499	-0.654109	-0.437973	-0.241623	-0.115059	-0.0500465	-0.0124275	0	
0	-0.0354811	-0.0725025	-0.106269	-0.142553	-0.175699	-0.209694	-0.242049	-0.274773	-0.306227	-0.339691	-0.373965	-0.412273	-0.45684	-0.510571	-0.575286	-0.656252	-0.749234	-0.853293	-0.958142	-1.04683	-1.10072	-1.09745	-1.02374	-0.868173	-0.652491	-0.392204	-0.122376	0.114848	0.296626	0.404349	0.425392	0.349882	0.186066	-0.0430664	-0.297486	-0.53585	-0.717406	-0.839606	-0.902817	-0.928862	-0.926403	-0.886985	-0.822362	-0.762553	-0.708755	-0.660925	-0.627767	-0.604206	-0.598251	-0.615768	-0.639173	-0.641778	-0.615269	-0.578347	-0.554574	-0.544952	-0.537539	-0.530654	-0.51975	-0.489641	-0.456823	-0.439543	-0.427159	-0.406564	-0.379597	-0.354318	-0.328281	-0.304607	-0.282989	-0.251575	-0.215063	-0.176257	-0.130528	-0.0754474	-0.00453565	0.0876302	0.197857	0.300824	0.382485	0.448857	0.481066	0.445887	0.32931	0.135108	-0.129511	-0.426858	-0.688129	-0.874164	-0.983105	-1.02615	-1.0019	-0.89598	-0.726777	-0.528215	-0.334085	-0.191864	-0.106009	-0.0454616	0	
0	-0.026562	-0.0501814	-0.0784516	-0.102128	-0.128696	-0.155034	-0.179489	-0.208247	-0.23298	-0.264524	-0.29349	-0.330933	-0.372856	-0.424087	-0.490364	-0.569243	-0.664785	-0.770333	-0.878744	-0.96772	-1.02593	-1.02374	-0.949776	-0.801373	-0.589087	-0.335494	-0.0769474	0.155767	0.3461	0.462348	0.498024	0.438714	0.293898	0.0725212	-0.17971	-0.423237	-0.612111	-0.750222	-0.829854	-0.876395	-0.891636	-0.873672	-0.828583	-0.777363	-0.722497	-0.672603	-0.63648	-0.610825	-0.60563	-0.629565	-0.659788	-0.67623	-0.660908	-0.634486	-0.613199	-0.603861	-0.600688	-0.602134	-0.599963	-0.573412	-0.548133	-0.534224	-0.521796	-0.499412	-0.476704	-0.456273	-0.427027	-0.399692	-0.373166	-0.339415	-0.301444	-0.260965	-0.210279	-0.144523	-0.0671637	0.0265977	0.141448	0.253676	0.342154	0.415658	0.457508	0.426301	0.312114	0.120181	-0.140094	-0.421325	-0.666377	-0.851424	-0.970141	-1.02772	-1.02641	-0.9503	-0.804496	-0.619391	-0.429841	-0.274645	-0.163369	-0.0760482	0	
0	-0.00945184	-0.0153104	-0.0279891	-0.0351609	-0.0467989	-0.0603211	-0.0696375	-0.0882292	-0.101389	-0.120785	-0.145537	-0.171151	-0.211929	-0.259111	-0.325265	-0.403749	-0.503984	-0.607601	-0.719222	-0.808821	-0.868511	-0.868173	-0.801373	-0.661717	-0.457986	-0.213749	0.0354701	0.269724	0.456282	0.576575	0.6232	0.584392	0.454543	0.249569	0.00266879	-0.243024	-0.444551	-0.593695	-0.687746	-0.754235	-0.787839	-0.794277	-0.767574	-0.729325	-0.676252	-0.627422	-0.586764	-0.557876	-0.556994	-0.583095	-0.622867	-0.650214	-0.652667	-0.641168	-0.625485	-0.621159	-0.623111	-0.637868	-0.643946	-0.625877	-0.613515	-0.607424	-0.596586	-0.574685	-0.559765	-0.548535	-0.523817	-0.494172	-0.467152	-0.435581	-0.400004	-0.362501	-0.304118	-0.22816	-0.145533	-0.04947	0.0675242	0.189817	0.286599	0.363445	0.411729	0.388797	0.281133	0.0925889	-0.156188	-0.418303	-0.653721	-0.8363	-0.956231	-1.02683	-1.05024	-1.00375	-0.884235	-0.716607	-0.529955	-0.357803	-0.219496	-0.105298	0	
0	0.0127262	0.0287121	0.0373789	0.0538444	0.0596721	0.071218	0.0762653	0.0778737	0.07938	0.0712449	0.0589708	0.0413302	0.00591578	-0.0335863	-0.0951031	-0.173614	-0.265257	-0.374351	-0.484865	-0.579149	-0.643808	-0.652491	-0.589087	-0.457986	-0.258805	-0.0280107	0.211434	0.434602	0.611671	0.736034	0.798398	0.776411	0.661307	0.472457	0.232534	-0.0100162	-0.219327	-0.375853	-0.490961	-0.571616	-0.624474	-0.651054	-0.647968	-0.62229	-0.576161	-0.52924	-0.481171	-0.452445	-0.450947	-0.481034	-0.524549	-0.562975	-0.58402	-0.587375	-0.581949	-0.581224	-0.591004	-0.617488	-0.630405	-0.626327	-0.63045	-0.63651	-0.633789	-0.615814	-0.614466	-0.619281	-0.602807	-0.57871	-0.551712	-0.523842	-0.497907	-0.460469	-0.398675	-0.319083	-0.233459	-0.144425	-0.0274994	0.105648	0.210965	0.296959	0.352066	0.335499	0.233232	0.0460848	-0.189345	-0.430147	-0.649874	-0.820484	-0.942589	-1.0324	-1.07943	-1.06018	-0.96739	-0.813821	-0.626923	-0.442222	-0.278721	-0.133586	0	
0	0.0402802	0.0785632	0.116686	0.152831	0.18299	0.216065	0.237127	0.261101	0.275936	0.283972	0.289289	0.278708	0.261076	0.225427	0.172042	0.0966784	0.00546408	-0.106477	-0.216545	-0.315213	-0.382537	-0.392204	-0.335494	-0.213749	-0.0280107	0.186918	0.413649	0.622995	0.796822	0.925205	0.991193	0.975487	0.882131	0.712471	0.486115	0.246064	0.0341357	-0.133462	-0.26316	-0.355415	-0.425708	-0.473274	-0.490818	-0.476479	-0.442283	-0.393373	-0.338512	-0.304373	-0.300232	-0.328196	-0.370778	-0.416567	-0.451939	-0.470063	-0.476226	-0.480506	-0.500547	-0.534588	-0.556261	-0.570455	-0.590606	-0.614669	-0.619753	-0.610154	-0.624038	-0.640783	-0.641589	-0.625072	-0.602319	-0.58937	-0.575048	-0.546857	-0.489732	-0.409291	-0.329091	-0.244662	-0.125471	0.0125388	0.127255	0.21747	0.269938	0.257056	0.160143	-0.0180658	-0.233317	-0.452137	-0.652894	-0.816572	-0.949548	-1.05021	-1.10758	-1.11456	-1.05324	-0.914668	-0.725223	-0.526742	-0.336172	-0.158263	0	
0	0.0598132	0.11867	0.177052	0.231768	0.286176	0.334845	0.380755	0.421961	0.455382	0.483128	0.501712	0.505869	0.500983	0.473049	0.428834	0.36049	0.273011	0.166706	0.0590789	-0.0389611	-0.109496	-0.122376	-0.0769474	0.0354701	0.211434	0.413649	0.627172	0.824865	0.987953	1.10557	1.17365	1.17434	1.10098	0.945032	0.734445	0.501241	0.2914	0.114683	-0.0244157	-0.130126	-0.215952	-0.281611	-0.314231	-0.315754	-0.294829	-0.242777	-0.181001	-0.139385	-0.129117	-0.150424	-0.187866	-0.237305	-0.279693	-0.311536	-0.326434	-0.337726	-0.363764	-0.396977	-0.427394	-0.453299	-0.48917	-0.52688	-0.540988	-0.546432	-0.570653	-0.604308	-0.626063	-0.622116	-0.614365	-0.616296	-0.616674	-0.600921	-0.549253	-0.477413	-0.409046	-0.33179	-0.218339	-0.0846203	0.0335201	0.126349	0.174889	0.162636	0.073554	-0.0934998	-0.292864	-0.492222	-0.678171	-0.835771	-0.965327	-1.06983	-1.14728	-1.18135	-1.14269	-1.01476	-0.819806	-0.606967	-0.394585	-0.186899	0	
0	0.072157	0.144931	0.214762	0.283953	0.351126	0.412519	0.474439	0.52631	0.576393	0.617199	0.647756	0.669479	0.673992	0.661661	0.629479	0.572782	0.493444	0.39806	0.292555	0.196916	0.129459	0.114848	0.155767	0.269724	0.434602	0.622995	0.824865	1.00511	1.15327	1.26824	1.33956	1.34669	1.28499	1.14725	0.953632	0.731774	0.527018	0.342888	0.193419	0.0750247	-0.0228319	-0.104556	-0.151023	-0.172642	-0.161705	-0.108835	-0.0409906	0.0104047	0.0318449	0.0236631	-0.00643432	-0.0498516	-0.0929798	-0.130926	-0.152166	-0.170929	-0.194802	-0.223855	-0.257782	-0.291926	-0.338992	-0.384592	-0.411683	-0.430861	-0.461845	-0.509464	-0.547409	-0.559858	-0.569491	-0.5851	-0.602379	-0.601026	-0.562218	-0.511613	-0.461047	-0.392826	-0.291059	-0.166026	-0.0484175	0.0393029	0.0802433	0.0635093	-0.0276393	-0.184305	-0.364592	-0.548812	-0.72104	-0.867473	-0.997307	-1.11346	-1.20464	-1.25245	-1.23131	-1.11384	-0.913552	-0.687147	-0.452775	-0.214836	0	
0	0.0729536	0.149891	0.218812	0.294031	0.362453	0.429347	0.497364	0.554499	0.61489	0.66377	0.706487	0.741389	0.757655	0.76184	0.741054	0.697728	0.631489	0.545345	0.451478	0.366025	0.309063	0.296626	0.3461	0.456282	0.611671	0.796822	0.987953	1.15327	1.29536	1.40428	1.46823	1.48062	1.43027	1.31134	1.13594	0.930385	0.726197	0.537759	0.381322	0.254095	0.138755	0.0445145	-0.0173887	-0.0568214	-0.0579723	-0.00845426	0.0625375	0.124996	0.162107	0.167612	0.149023	0.117105	0.0803397	0.0428653	0.0163184	-0.007727	-0.0241426	-0.046272	-0.0773248	-0.114275	-0.163005	-0.209913	-0.249479	-0.275427	-0.309251	-0.362627	-0.409329	-0.440851	-0.466715	-0.49613	-0.529148	-0.540318	-0.521902	-0.496556	-0.463855	-0.408472	-0.319074	-0.208024	-0.105937	-0.0302689	-0.000655789	-0.0342094	-0.129215	-0.269636	-0.438135	-0.615897	-0.778316	-0.922123	-1.05459	-1.1732	-1.27259	-1.33273	-1.32267	-1.21227	-1.00832	-0.765048	-0.507585	-0.24414	0	
0	0.0651352	0.129293	0.194503	0.259155	0.322636	0.387469	0.449938	0.510791	0.57159	0.624713	0.674806	0.715748	0.741891	0.755949	0.748088	0.717717	0.667715	0.598641	0.519197	0.451501	0.404697	0.404349	0.462348	0.576575	0.736034	0.925205	1.10557	1.26824	1.40428	1.50062	1.56013	1.57976	1.54179	1.43958	1.28064	1.08635	0.890653	0.704868	0.54248	0.397011	0.267767	0.163638	0.0855214	0.0255173	0.0109945	0.0522233	0.12205	0.195493	0.247384	0.267348	0.26164	0.245384	0.218717	0.187684	0.155125	0.131069	0.121179	0.10948	0.0856576	0.0531654	0.0149436	-0.0318609	-0.0754118	-0.103821	-0.136894	-0.185548	-0.237233	-0.282595	-0.321719	-0.361853	-0.40101	-0.42131	-0.423506	-0.421162	-0.406256	-0.366093	-0.291783	-0.20077	-0.123732	-0.0658648	-0.0508564	-0.103326	-0.204159	-0.339433	-0.507229	-0.682851	-0.8461	-0.995667	-1.12546	-1.24279	-1.3539	-1.42497	-1.41829	-1.30879	-1.0969	-0.835351	-0.563202	-0.281881	0	
0	0.0491899	0.0999423	0.148984	0.201504	0.251998	0.305779	0.357922	0.411739	0.464061	0.514551	0.562553	0.603727	0.635853	0.657296	0.658114	0.64259	0.605711	0.550085	0.489069	0.437575	0.405082	0.425392	0.498024	0.6232	0.798398	0.991193	1.17365	1.33956	1.46823	1.56013	1.62707	1.6517	1.61937	1.53052	1.39067	1.21692	1.03302	0.847565	0.675036	0.516353	0.377379	0.257705	0.158475	0.0790591	0.0509867	0.0741827	0.138886	0.218035	0.283884	0.315359	0.325431	0.324284	0.313435	0.289915	0.257401	0.234662	0.230796	0.228968	0.212845	0.195392	0.167359	0.125636	0.0819663	0.0540882	0.0280567	-0.0122005	-0.0583791	-0.10815	-0.1541	-0.196686	-0.233147	-0.259801	-0.280614	-0.294075	-0.296146	-0.269623	-0.204616	-0.135971	-0.0852224	-0.0466811	-0.054901	-0.12732	-0.236803	-0.380046	-0.553249	-0.734566	-0.911801	-1.06813	-1.19722	-1.32477	-1.44934	-1.52141	-1.50695	-1.39284	-1.17993	-0.90906	-0.617437	-0.311751	0	
0	0.0318605	0.0668862	0.0973319	0.135326	0.167493	0.20744	0.244096	0.284735	0.326405	0.365746	0.407887	0.44153	0.472917	0.490779	0.496014	0.48465	0.454145	0.411769	0.363469	0.324493	0.313527	0.349882	0.438714	0.584392	0.776411	0.975487	1.17434	1.34669	1.48062	1.57976	1.6517	1.67493	1.65657	1.58808	1.47207	1.31548	1.14326	0.963784	0.78908	0.620606	0.466361	0.327509	0.209096	0.11554	0.0660219	0.0667304	0.122249	0.203757	0.278259	0.320387	0.346747	0.360296	0.365849	0.350967	0.322334	0.301083	0.29918	0.300471	0.295924	0.294733	0.279442	0.244693	0.206086	0.186155	0.166454	0.139285	0.103445	0.0570803	0.0111471	-0.0285892	-0.0569976	-0.086854	-0.114374	-0.134913	-0.145085	-0.122583	-0.069759	-0.0174871	0.0135729	0.0225957	-0.0064801	-0.0884602	-0.214247	-0.373531	-0.555562	-0.754357	-0.954092	-1.12504	-1.26851	-1.40705	-1.53194	-1.60326	-1.58714	-1.46744	-1.25115	-0.973713	-0.664811	-0.335956	0	
0	0.0143462	0.0322933	0.0458224	0.0653834	0.083686	0.102967	0.127831	0.149772	0.177259	0.204568	0.230767	0.256603	0.277094	0.287667	0.28937	0.273762	0.245141	0.205742	0.164016	0.136104	0.138249	0.186066	0.293898	0.454543	0.661307	0.882131	1.10098	1.28499	1.43027	1.54179	1.61937	1.65657	1.65738	1.61109	1.51451	1.38017	1.22956	1.06665	0.889579	0.712123	0.54269	0.387309	0.250911	0.139942	0.0624187	0.0409032	0.0816555	0.157812	0.232443	0.285991	0.325825	0.353629	0.37383	0.369623	0.351121	0.331852	0.328976	0.329427	0.338123	0.35342	0.349124	0.322118	0.29361	0.281834	0.268414	0.251564	0.227425	0.19359	0.153349	0.122937	0.103047	0.0744469	0.0503831	0.0320162	0.0256531	0.0463243	0.0923533	0.139463	0.15321	0.140001	0.0979888	0.00724089	-0.128498	-0.301836	-0.506453	-0.734705	-0.9588	-1.14837	-1.31188	-1.46229	-1.58881	-1.66337	-1.64722	-1.51716	-1.29224	-1.01582	-0.70542	-0.361183	0	
0	-0.00149511	-0.00441478	-0.00337313	-0.00398511	-0.000543526	0.00345989	0.0112776	0.0189122	0.0318222	0.0428684	0.0548778	0.0676445	0.071463	0.0727259	0.063936	0.038508	0.00849545	-0.0354456	-0.0783283	-0.102857	-0.10036	-0.0430664	0.0725212	0.249569	0.472457	0.712471	0.945032	1.14725	1.31134	1.43958	1.53052	1.58808	1.61109	1.585	1.51461	1.41364	1.29517	1.14561	0.973378	0.796359	0.617164	0.442001	0.287456	0.155617	0.0507162	0.00628343	0.0245485	0.0854515	0.155254	0.218036	0.26745	0.308109	0.339458	0.350681	0.343717	0.330544	0.321612	0.321867	0.342551	0.370455	0.377434	0.358784	0.34507	0.341725	0.333278	0.321786	0.308968	0.290383	0.262651	0.244093	0.22766	0.206999	0.193455	0.18582	0.192325	0.212346	0.256453	0.304665	0.31234	0.290463	0.242907	0.154255	0.0154301	-0.177605	-0.408815	-0.661719	-0.907537	-1.12234	-1.3114	-1.47415	-1.60369	-1.67925	-1.65742	-1.51961	-1.29934	-1.03553	-0.723566	-0.36615	0	
0	-0.0173762	-0.0331736	-0.0498971	-0.0638026	-0.0768386	-0.0885502	-0.0965896	-0.104493	-0.108083	-0.11141	-0.112861	-0.114166	-0.1212	-0.128852	-0.15267	-0.182555	-0.225886	-0.279458	-0.326762	-0.357714	-0.357768	-0.297486	-0.17971	0.00266879	0.232534	0.486115	0.734445	0.953632	1.13594	1.28064	1.39067	1.47207	1.51451	1.51461	1.48228	1.42019	1.32922	1.20307	1.05535	0.885414	0.694027	0.501138	0.334025	0.176702	0.0463503	-0.0263979	-0.0359897	-5.66835e-05	0.0603996	0.124517	0.179266	0.228853	0.270873	0.296925	0.305524	0.297254	0.28422	0.28506	0.310829	0.348685	0.361442	0.356528	0.356893	0.362281	0.36069	0.350855	0.349776	0.348994	0.34067	0.331176	0.315986	0.302495	0.299958	0.311666	0.329456	0.353659	0.405336	0.455775	0.469943	0.453469	0.406601	0.326126	0.191432	-0.0112463	-0.263188	-0.539759	-0.805885	-1.04237	-1.24986	-1.4237	-1.55805	-1.62647	-1.59682	-1.4654	-1.25808	-1.00632	-0.704925	-0.356234	0	
0	-0.0315211	-0.0600895	-0.0923152	-0.116822	-0.146146	-0.166752	-0.188784	-0.206459	-0.219468	-0.234542	-0.243588	-0.257727	-0.273132	-0.294883	-0.327383	-0.368542	-0.423078	-0.482301	-0.539375	-0.580903	-0.585009	-0.53585	-0.423237	-0.243024	-0.0100162	0.246064	0.501241	0.731774	0.930385	1.08635	1.21692	1.31548	1.38017	1.41364	1.42019	1.39094	1.33934	1.25719	1.14072	0.979497	0.786977	0.5926	0.409851	0.226536	0.0722814	-0.0281292	-0.0720482	-0.0681604	-0.0248314	0.0283311	0.0821271	0.133171	0.181229	0.218479	0.237626	0.233264	0.218809	0.218397	0.244693	0.283771	0.306157	0.317873	0.331313	0.350389	0.353721	0.347231	0.354068	0.368085	0.380269	0.377285	0.363003	0.357517	0.37308	0.403705	0.433429	0.468305	0.521669	0.576534	0.604944	0.600368	0.570079	0.505262	0.376909	0.171984	-0.0930406	-0.381756	-0.659534	-0.911355	-1.12665	-1.30468	-1.43623	-1.48882	-1.45654	-1.34155	-1.14564	-0.908603	-0.643897	-0.334547	0	
0	-0.0391131	-0.075254	-0.11408	-0.147381	-0.181125	-0.212027	-0.239031	-0.265597	-0.287948	-0.309369	-0.329563	-0.350747	-0.374159	-0.404178	-0.443083	-0.492124	-0.554355	-0.621796	-0.689625	-0.738699	-0.754411	-0.717406	-0.612111	-0.444551	-0.219327	0.0341357	0.2914	0.527018	0.726197	0.890653	1.03302	1.14326	1.22956	1.29517	1.32922	1.33934	1.33836	1.30384	1.22103	1.08647	0.91318	0.721013	0.521631	0.320087	0.147957	0.0174513	-0.0660303	-0.0961639	-0.0813241	-0.0485085	-0.00590621	0.0407587	0.0910268	0.133	0.159027	0.157248	0.147042	0.14364	0.16082	0.195042	0.224567	0.247928	0.270998	0.29836	0.307667	0.306538	0.317548	0.34779	0.377895	0.38367	0.376775	0.380745	0.413457	0.45934	0.49931	0.542943	0.602649	0.66497	0.705156	0.725708	0.720639	0.666696	0.549044	0.351597	0.0849915	-0.208198	-0.492448	-0.741867	-0.947743	-1.11913	-1.23561	-1.27013	-1.2356	-1.13123	-0.954828	-0.750921	-0.533185	-0.278809	0	
0	-0.0344199	-0.0691229	-0.103065	-0.136386	-0.169816	-0.201098	-0.231799	-0.261908	-0.288688	-0.316872	-0.343979	-0.371143	-0.404646	-0.441945	-0.487797	-0.548695	-0.615609	-0.694998	-0.772415	-0.833767	-0.864614	-0.839606	-0.750222	-0.593695	-0.375853	-0.133462	0.114683	0.342888	0.537759	0.704868	0.847565	0.963784	1.06665	1.14561	1.20307	1.25719	1.30384	1.31474	1.27994	1.19159	1.04704	0.86568	0.663995	0.460552	0.273649	0.115862	-5.95697e-06	-0.061711	-0.0806508	-0.0766865	-0.0523188	-0.014711	0.031342	0.0719065	0.0944042	0.0960355	0.0888511	0.0765516	0.0764717	0.0980036	0.130303	0.157152	0.184031	0.216629	0.232947	0.237757	0.253547	0.292345	0.331603	0.349362	0.352704	0.370485	0.418928	0.474084	0.524928	0.578879	0.6476	0.718803	0.774519	0.82493	0.84719	0.809169	0.69837	0.503811	0.246755	-0.0366715	-0.312346	-0.547524	-0.735619	-0.880039	-0.96961	-0.991287	-0.944035	-0.837362	-0.6948	-0.541243	-0.374115	-0.188714	0	
0	-0.0237411	-0.0472459	-0.0717241	-0.0966027	-0.121498	-0.148435	-0.174079	-0.20216	-0.229152	-0.258356	-0.288133	-0.3211	-0.36035	-0.404215	-0.463388	-0.531557	-0.613816	-0.706767	-0.796414	-0.871431	-0.915673	-0.902817	-0.829854	-0.687746	-0.490961	-0.26316	-0.0244157	0.193419	0.381322	0.54248	0.675036	0.78908	0.889579	0.973378	1.05535	1.14072	1.22103	1.27994	1.30414	1.26676	1.16368	1.0082	0.825128	0.627814	0.433812	0.259586	0.1238	0.0346485	-0.0213084	-0.0488801	-0.0484119	-0.0244905	0.0129456	0.0433404	0.0603776	0.0645592	0.0594528	0.0360628	0.0151582	0.0244176	0.0493832	0.0708333	0.0951036	0.126417	0.147889	0.157339	0.17472	0.211566	0.249811	0.275751	0.294707	0.327092	0.382767	0.446053	0.506285	0.572614	0.659644	0.745151	0.819117	0.895657	0.942336	0.919999	0.813483	0.631131	0.396035	0.126448	-0.134658	-0.348744	-0.508764	-0.612833	-0.667058	-0.666721	-0.603871	-0.502528	-0.391583	-0.282952	-0.180571	-0.0860992	0	
0	-0.0114101	-0.0219372	-0.0353497	-0.0464705	-0.0621513	-0.0764038	-0.0936834	-0.113811	-0.134222	-0.161111	-0.190558	-0.226201	-0.271479	-0.324249	-0.391194	-0.470616	-0.56285	-0.665618	-0.767406	-0.859238	-0.918976	-0.928862	-0.876395	-0.754235	-0.571616	-0.355415	-0.130126	0.0750247	0.254095	0.397011	0.516353	0.620606	0.712123	0.796359	0.885414	0.979497	1.08647	1.19159	1.26676	1.28433	1.23073	1.11588	0.96308	0.783433	0.593958	0.418518	0.276508	0.16512	0.0803969	0.0227857	-0.000435489	0.0069862	0.0310648	0.0509563	0.0626734	0.0705668	0.0650127	0.0307347	-0.0023707	-0.00639471	0.00368276	0.0124496	0.0266366	0.0539824	0.0743705	0.0840311	0.0988938	0.121008	0.147161	0.178204	0.212586	0.258289	0.318842	0.383972	0.450801	0.52913	0.62979	0.73455	0.831587	0.929918	1.00414	1.0051	0.909966	0.740324	0.520088	0.269588	0.0338721	-0.154058	-0.277849	-0.337081	-0.354367	-0.330779	-0.261833	-0.167101	-0.0729765	-0.00797757	0.0205474	0.0218111	0	
