0	0	0	0	0	0	0	0	0	0	0	0	0	0	0	0	0	0	0	0	0	0	0	0	0	0	0	0	0	0	0	0	0	0	0	0	0	0	0	0	0	0	0	0	0	0	0	0	0	0	0	0	0	0	0	0	0	0	0	0	0	0	0	0	0	0	0	0	0	0	0	0	0	0	0	0	0	0	0	0	0	0	0	0	0	0	0	0	0	0	0	0	0	0	0	0	0	0	0	0	
0	-0.00198556	-0.00315174	0.0042746	0.0225989	0.0448914	0.0598508	0.0651618	0.0639389	0.0637487	0.0622452	0.0512695	0.0304968	0.0146534	0.0166043	0.0295603	0.0359451	0.0274474	0.0119841	0.00261653	0.00528992	0.0174317	0.0286443	0.0342881	0.0358856	0.035529	0.0343063	0.0295384	0.0177365	-0.000185109	-0.0153276	-0.0238059	-0.0268967	-0.02688	-0.0261208	-0.0231412	-0.016122	-0.00570052	0.00720474	0.0231984	0.0430979	0.0686888	0.0967574	0.11515	0.113171	0.0901455	0.0598215	0.0399409	0.0323734	0.0261993	0.0151302	0.000292372	-0.0136523	-0.0275542	-0.0413195	-0.0530032	-0.0595172	-0.0586351	-0.0518747	-0.0466123	-0.0465441	-0.0523383	-0.0638388	-0.0804779	-0.0987076	-0.108869	-0.107479	-0.0948835	-0.0771922	-0.060282	-0.0400352	-0.0144248	0.0139708	0.040196	0.0563402	0.0640438	0.0667204	0.0658249	0.0591472	0.0436792	0.0198414	-0.00613945	-0.0244834	-0.0334161	-0.0322196	-0.025081	-0.0181078	-0.0123092	-0.00539584	0.0039495	0.0146887	0.025398	0.0317954	0.0336767	0.032502	0.0283707	0.0233081	0.0172259	0.00905383	0	
0	-0.00315174	8.20105e-05	0.0180615	0.0492812	0.0812315	0.107737	0.124369	0.128976	0.121227	0.105522	0.0806543	0.0534483	0.0392816	0.0457567	0.0607777	0.0629253	0.0502342	0.0321717	0.0209752	0.0192597	0.0266855	0.0358225	0.0436015	0.0516699	0.0561784	0.0558102	0.0464498	0.026348	-0.0020818	-0.0224284	-0.0332528	-0.0379939	-0.0409051	-0.0424785	-0.0382189	-0.0232571	-0.0015359	0.027703	0.0596154	0.0962238	0.134428	0.172615	0.19455	0.188231	0.151137	0.103471	0.0666655	0.0483681	0.0344045	0.01852	0.000827047	-0.019162	-0.0420251	-0.064953	-0.0855361	-0.102132	-0.107937	-0.10478	-0.100925	-0.102941	-0.115504	-0.137037	-0.16445	-0.190391	-0.2036	-0.203938	-0.190373	-0.161597	-0.121348	-0.0728087	-0.0207821	0.0282597	0.0718501	0.101547	0.118965	0.122135	0.108553	0.0855828	0.0562694	0.0253052	-0.00205433	-0.0202179	-0.0273197	-0.0249715	-0.0176308	-0.00937805	-0.00275163	0.0039828	0.0106304	0.018036	0.0277885	0.0343187	0.0368638	0.034958	0.0290868	0.0220477	0.0143043	0.0069807	0	
0	0.0042746	0.0180615	0.0484789	0.0844874	0.119157	0.152675	0.185178	0.193665	0.172989	0.135648	0.101903	0.0820746	0.0800582	0.0903056	0.0964259	0.0895238	0.0753655	0.0624159	0.0497988	0.0346222	0.0249265	0.0219524	0.0284056	0.0416511	0.05194	0.0559172	0.051896	0.0373082	0.0129319	-0.00624127	-0.0193171	-0.0306308	-0.0387669	-0.0418736	-0.034355	-0.0145752	0.0142572	0.0519013	0.0990533	0.148096	0.192281	0.22639	0.239406	0.226166	0.185312	0.129592	0.0830748	0.0526824	0.0310767	0.0168111	0.00394576	-0.0138004	-0.0444789	-0.0780363	-0.104085	-0.122445	-0.134417	-0.137789	-0.140911	-0.151584	-0.177103	-0.214685	-0.253308	-0.284379	-0.299214	-0.303423	-0.287602	-0.242409	-0.175323	-0.096155	-0.0251696	0.0300287	0.0789823	0.117367	0.143427	0.147175	0.126605	0.0929511	0.0603822	0.0362197	0.0212533	0.0172488	0.0143455	0.0164443	0.0236488	0.027892	0.0264733	0.0214186	0.014608	0.00835398	0.0076887	0.00736017	0.00731084	0.00752034	0.00406375	0.0010342	-0.00014217	-0.00105757	0	
0	0.0225989	0.0492812	0.0844874	0.122922	0.158097	0.198366	0.233626	0.238251	0.20397	0.16027	0.130911	0.122715	0.128936	0.137892	0.138972	0.12707	0.114673	0.102212	0.0827181	0.051373	0.0242214	0.00937461	0.00850678	0.0175215	0.0244806	0.0325882	0.043111	0.0500464	0.040545	0.0263309	0.00563142	-0.0157945	-0.027971	-0.0257738	-0.0105312	0.0138428	0.0392566	0.0777929	0.128492	0.186297	0.230703	0.257924	0.260684	0.242659	0.20083	0.146004	0.0918931	0.0521274	0.0225111	0.0068164	-0.00114826	-0.0183083	-0.05094	-0.0853246	-0.11054	-0.128975	-0.136724	-0.138667	-0.147508	-0.172914	-0.219254	-0.274769	-0.327369	-0.368382	-0.389611	-0.395639	-0.374873	-0.314888	-0.227455	-0.132935	-0.0508216	0.0120421	0.0655079	0.10308	0.128035	0.134348	0.118056	0.0953339	0.0742107	0.0595483	0.0527862	0.0557356	0.0654934	0.0771623	0.08367	0.080189	0.0646872	0.0438554	0.0206533	-0.000365913	-0.0125251	-0.0225849	-0.0293542	-0.0327356	-0.0332692	-0.0286376	-0.0209512	-0.010931	0	
0	0.0448914	0.0812315	0.119157	0.158097	0.197822	0.23377	0.260431	0.252511	0.220749	0.191135	0.179793	0.179859	0.185309	0.192657	0.191655	0.179381	0.163703	0.147289	0.119333	0.0753241	0.0344282	0.00557453	-0.00794296	-0.0114984	-0.0141506	-0.00745365	0.015451	0.0425208	0.0513948	0.0449277	0.0226804	-0.0045937	-0.0166377	-0.00688231	0.0192679	0.049591	0.0778599	0.113559	0.164747	0.216891	0.252116	0.266862	0.25997	0.23857	0.198656	0.142348	0.0879142	0.0427986	0.00428536	-0.0181276	-0.0275082	-0.0341124	-0.0553542	-0.0810618	-0.0985175	-0.107376	-0.110464	-0.11064	-0.125674	-0.162764	-0.220877	-0.287583	-0.352353	-0.412109	-0.451733	-0.469737	-0.449971	-0.387698	-0.302969	-0.207697	-0.12037	-0.0483235	0.0153339	0.0588242	0.087566	0.0998718	0.0973486	0.0892592	0.0810057	0.0755751	0.0771557	0.0941035	0.114411	0.136454	0.151838	0.145476	0.116828	0.0778136	0.0377631	0.00283805	-0.0204993	-0.0408889	-0.0573989	-0.0665145	-0.070247	-0.0633469	-0.046332	-0.025127	0	
0	0.0598508	0.107737	0.152675	0.198366	0.23377	0.259237	0.270949	0.264364	0.249227	0.247652	0.255255	0.261069	0.264779	0.268426	0.263799	0.24238	0.218478	0.196161	0.165895	0.115869	0.0620181	0.0149313	-0.0176574	-0.0358372	-0.0492196	-0.0474688	-0.0233448	0.0129289	0.0334326	0.0415544	0.0310756	0.0130097	0.00838922	0.0261429	0.060545	0.101457	0.136224	0.17708	0.219891	0.256032	0.268054	0.264608	0.246934	0.220132	0.175033	0.119231	0.0657394	0.0224279	-0.0221025	-0.0562921	-0.0678561	-0.0635621	-0.058111	-0.0534457	-0.0496851	-0.0518971	-0.0517955	-0.0543757	-0.0758046	-0.120995	-0.187199	-0.261783	-0.341166	-0.418702	-0.476189	-0.512662	-0.516372	-0.479075	-0.413738	-0.329093	-0.239935	-0.158557	-0.0817488	-0.0244886	0.0203705	0.0510638	0.0633562	0.0712911	0.0801133	0.0925303	0.110692	0.139359	0.173944	0.205569	0.221268	0.212256	0.175935	0.125564	0.0702202	0.0185162	-0.0195963	-0.0528525	-0.07957	-0.0978067	-0.105955	-0.0984755	-0.0760611	-0.0413413	0	
0	0.0651618	0.124369	0.185178	0.233626	0.260431	0.270949	0.284872	0.293374	0.305345	0.326391	0.349581	0.360125	0.360794	0.356952	0.338802	0.302735	0.264231	0.235748	0.205347	0.156429	0.0965209	0.0341351	-0.0174302	-0.0511093	-0.0729631	-0.0756001	-0.0526276	-0.016605	0.00814566	0.026571	0.0325464	0.0314767	0.0408585	0.0695548	0.115026	0.16687	0.214258	0.256299	0.290901	0.304599	0.291953	0.266525	0.229181	0.182896	0.121458	0.0545118	0.00488688	-0.028911	-0.066324	-0.095788	-0.102029	-0.0785036	-0.0466652	-0.0119007	0.0195864	0.0359679	0.0349288	0.0226984	-0.00811647	-0.0578669	-0.130057	-0.218051	-0.312912	-0.407762	-0.483148	-0.545147	-0.581057	-0.575858	-0.535825	-0.467082	-0.391303	-0.317493	-0.234306	-0.153655	-0.0748505	-0.0124013	0.0267762	0.0566823	0.0868922	0.121608	0.161083	0.207194	0.245996	0.276232	0.292447	0.280054	0.235888	0.172934	0.101079	0.030982	-0.0244488	-0.0708354	-0.106031	-0.126001	-0.132166	-0.119934	-0.0896053	-0.0486245	0	
0	0.0639389	0.128976	0.193665	0.238251	0.252511	0.264364	0.293374	0.327442	0.358377	0.39536	0.428748	0.443565	0.439159	0.423211	0.392832	0.344694	0.296525	0.260382	0.230241	0.18705	0.132795	0.0671933	0.00290765	-0.0465885	-0.0805053	-0.0886172	-0.0686108	-0.0349779	-0.0136522	0.00651806	0.0216521	0.0351139	0.0621911	0.10984	0.174174	0.244319	0.300069	0.340567	0.357341	0.347044	0.307824	0.256279	0.190906	0.113656	0.0236591	-0.0566466	-0.104652	-0.121944	-0.135225	-0.13953	-0.117912	-0.0714162	-0.0151022	0.0453152	0.098153	0.121227	0.117265	0.0957737	0.0576203	0.00227751	-0.0762729	-0.16997	-0.271509	-0.371491	-0.461358	-0.552773	-0.627477	-0.658153	-0.648512	-0.606252	-0.550395	-0.486132	-0.396016	-0.296112	-0.19105	-0.0973652	-0.0274024	0.0315605	0.0888016	0.146631	0.203879	0.263177	0.316966	0.356765	0.370685	0.350376	0.292898	0.213964	0.125873	0.0400359	-0.0293306	-0.087049	-0.128443	-0.149908	-0.152055	-0.133593	-0.0981224	-0.051596	0	
0	0.0637487	0.121227	0.172989	0.20397	0.220749	0.249227	0.305345	0.358377	0.402434	0.44635	0.485942	0.500978	0.490409	0.464842	0.425392	0.372284	0.318839	0.278751	0.246226	0.208386	0.163452	0.106362	0.0413066	-0.0182394	-0.0655368	-0.0854582	-0.0727019	-0.0456792	-0.0310832	-0.0156466	-0.00029519	0.0211527	0.062523	0.131992	0.221764	0.311539	0.376543	0.407073	0.403208	0.365047	0.296272	0.213078	0.113185	0.00529116	-0.103656	-0.191358	-0.232011	-0.227998	-0.205366	-0.163405	-0.101101	-0.0231516	0.0481529	0.114246	0.168973	0.192712	0.182687	0.154328	0.110228	0.05276	-0.0231678	-0.108134	-0.197348	-0.300113	-0.41128	-0.535794	-0.646038	-0.712749	-0.738785	-0.730824	-0.700672	-0.645253	-0.55198	-0.439644	-0.315248	-0.19912	-0.104189	-0.0195899	0.0595278	0.136768	0.214872	0.295502	0.366634	0.419063	0.441845	0.41997	0.35131	0.257815	0.155071	0.0577479	-0.0194543	-0.0823676	-0.130019	-0.157623	-0.163974	-0.146705	-0.108036	-0.0575177	0	
0	0.0622452	0.105522	0.135648	0.16027	0.191135	0.247652	0.326391	0.39536	0.44635	0.493123	0.530207	0.543151	0.530778	0.502314	0.458107	0.401733	0.349095	0.30992	0.278492	0.242056	0.204894	0.15868	0.10215	0.0407824	-0.0183421	-0.0548995	-0.0587511	-0.0453708	-0.0412043	-0.033532	-0.0190788	0.0068089	0.0613148	0.149683	0.258481	0.360252	0.423122	0.440337	0.414005	0.348858	0.250825	0.136691	0.0112773	-0.112625	-0.22482	-0.302602	-0.323902	-0.291209	-0.230651	-0.148131	-0.0468214	0.0541769	0.132639	0.190876	0.231052	0.242205	0.230871	0.206221	0.163582	0.10361	0.0318596	-0.0381724	-0.115734	-0.215958	-0.340183	-0.488521	-0.629296	-0.731952	-0.799341	-0.826273	-0.819321	-0.779784	-0.693736	-0.582904	-0.454931	-0.327632	-0.215366	-0.11126	-0.0087578	0.0918674	0.188994	0.287003	0.376855	0.4466	0.480035	0.465403	0.401193	0.308557	0.207063	0.110297	0.029454	-0.0415156	-0.09987	-0.139173	-0.156126	-0.147379	-0.113197	-0.0611023	0	
0	0.0512695	0.0806543	0.101903	0.130911	0.179793	0.255255	0.349581	0.428748	0.485942	0.530207	0.562076	0.572724	0.564286	0.538552	0.493881	0.437426	0.387796	0.355881	0.330848	0.301816	0.270109	0.23277	0.184436	0.126383	0.0608185	0.00708925	-0.018752	-0.025961	-0.0376197	-0.0388816	-0.0282832	0.00279543	0.0668638	0.167203	0.281715	0.377621	0.426929	0.425976	0.381057	0.296822	0.17763	0.0446051	-0.0928123	-0.215955	-0.315324	-0.373346	-0.369444	-0.30419	-0.20514	-0.085938	0.039115	0.151521	0.223989	0.262184	0.278686	0.276626	0.263646	0.244076	0.206449	0.152806	0.0883881	0.0244871	-0.0470112	-0.146636	-0.271035	-0.421971	-0.576684	-0.706687	-0.803145	-0.862272	-0.889747	-0.880987	-0.822975	-0.728404	-0.605704	-0.476787	-0.357026	-0.238178	-0.118949	-0.000191681	0.118026	0.234356	0.341286	0.426327	0.47833	0.484935	0.441445	0.369886	0.282555	0.190869	0.108864	0.0329525	-0.0346704	-0.0861306	-0.114596	-0.116199	-0.0916832	-0.0503572	0	
0	0.0304968	0.0534483	0.0820746	0.122715	0.179859	0.261069	0.360125	0.443565	0.500978	0.543151	0.572724	0.585465	0.580742	0.560561	0.520475	0.468599	0.424826	0.402974	0.39432	0.378751	0.35433	0.318728	0.274687	0.220792	0.153316	0.0866265	0.0408216	0.0139659	-0.0100747	-0.0216074	-0.0148043	0.0154354	0.083386	0.183752	0.288087	0.362476	0.387079	0.364325	0.302643	0.201795	0.070801	-0.0668855	-0.19635	-0.304827	-0.385124	-0.418721	-0.381897	-0.279258	-0.144415	0.00208736	0.145411	0.259933	0.319339	0.332013	0.320145	0.295387	0.269482	0.247093	0.217801	0.176943	0.123984	0.0653713	-0.00549876	-0.0935549	-0.200728	-0.339522	-0.494203	-0.634616	-0.753588	-0.842645	-0.906849	-0.939563	-0.916577	-0.850615	-0.750489	-0.635084	-0.518844	-0.399342	-0.273068	-0.14095	-0.00562885	0.134383	0.267968	0.382779	0.464587	0.50033	0.485359	0.43335	0.360252	0.2782	0.196858	0.116256	0.0416134	-0.0168286	-0.0536282	-0.0675763	-0.0580239	-0.032764	0	
0	0.0146534	0.0392816	0.0800582	0.128936	0.185309	0.264779	0.360794	0.439159	0.490409	0.530778	0.564286	0.580742	0.579543	0.562655	0.529038	0.484485	0.449853	0.443	0.451891	0.451899	0.431947	0.397641	0.356335	0.308426	0.245281	0.176783	0.124024	0.0903231	0.0594836	0.0409661	0.0377583	0.0603452	0.117467	0.201311	0.278579	0.319981	0.313834	0.268329	0.187856	0.0732504	-0.0655458	-0.200155	-0.315549	-0.400651	-0.450608	-0.447947	-0.372335	-0.229566	-0.0563445	0.116848	0.268858	0.376317	0.416387	0.401939	0.36032	0.305959	0.252665	0.212258	0.181403	0.153443	0.115251	0.0678095	0.0135675	-0.0535245	-0.138823	-0.257446	-0.397562	-0.53453	-0.660999	-0.776964	-0.879474	-0.949127	-0.965804	-0.934993	-0.866463	-0.777888	-0.683615	-0.578526	-0.456342	-0.315088	-0.157439	0.00999457	0.179488	0.332662	0.451959	0.520285	0.526736	0.490731	0.425976	0.344871	0.262815	0.180143	0.100061	0.0321959	-0.0142783	-0.0359429	-0.0347737	-0.0202586	0	
0	0.0166043	0.0457567	0.0903056	0.137892	0.192657	0.268426	0.356952	0.423211	0.464842	0.502314	0.538552	0.560561	0.562655	0.548525	0.519143	0.485199	0.465587	0.472018	0.491623	0.49891	0.485706	0.456397	0.42163	0.38365	0.336686	0.286084	0.247152	0.217213	0.184001	0.153401	0.135911	0.138171	0.168003	0.214076	0.248425	0.248225	0.211819	0.14466	0.0502801	-0.0750018	-0.215419	-0.3432	-0.442187	-0.503531	-0.518076	-0.469104	-0.343097	-0.158016	0.0445734	0.236425	0.395982	0.496129	0.517793	0.478692	0.407126	0.318249	0.229163	0.161579	0.118725	0.0882418	0.0580689	0.0307503	0.00431686	-0.0315035	-0.0908296	-0.184725	-0.299778	-0.418024	-0.543994	-0.676072	-0.80623	-0.913642	-0.971253	-0.981526	-0.952109	-0.900855	-0.83739	-0.751457	-0.633256	-0.483164	-0.308036	-0.111213	0.0930986	0.2825	0.432109	0.520217	0.542086	0.512635	0.453142	0.378752	0.295832	0.207178	0.119168	0.0459095	-0.00307562	-0.0277741	-0.0296299	-0.0176372	0	
0	0.0295603	0.0607777	0.0964259	0.138972	0.191655	0.263799	0.338802	0.392832	0.425392	0.458107	0.493881	0.520475	0.529038	0.519143	0.499171	0.482615	0.479621	0.491496	0.50817	0.518009	0.513109	0.495161	0.472213	0.45288	0.435216	0.418743	0.4045	0.383558	0.344528	0.298475	0.256781	0.226352	0.211426	0.206621	0.191802	0.153185	0.0880878	0.00206644	-0.10526	-0.232346	-0.364017	-0.478963	-0.562099	-0.600007	-0.577778	-0.481803	-0.310753	-0.0894636	0.142715	0.350925	0.514112	0.607787	0.618133	0.558702	0.457356	0.334575	0.215554	0.123517	0.059805	0.0151943	-0.0148089	-0.0244113	-0.0204703	-0.0251348	-0.0563289	-0.119028	-0.202038	-0.297744	-0.411185	-0.547125	-0.698538	-0.840483	-0.944259	-0.999724	-1.01596	-1.00412	-0.966383	-0.893827	-0.779519	-0.626045	-0.438351	-0.223117	0.00439347	0.213687	0.377934	0.479307	0.512275	0.495802	0.445863	0.372288	0.287958	0.198061	0.108861	0.0331452	-0.0188433	-0.0426748	-0.0411049	-0.0239973	0	
0	0.0359451	0.0629253	0.0895238	0.12707	0.179381	0.24238	0.302735	0.344694	0.372284	0.401733	0.437426	0.468599	0.484485	0.485199	0.482615	0.485503	0.492309	0.498256	0.504481	0.509953	0.511038	0.507801	0.508229	0.518333	0.535779	0.55441	0.56839	0.560819	0.521701	0.457582	0.382379	0.304702	0.23497	0.175828	0.116937	0.0429801	-0.049658	-0.159106	-0.277904	-0.398802	-0.508766	-0.597518	-0.657256	-0.673222	-0.622648	-0.490534	-0.282395	-0.0303328	0.22204	0.444365	0.614029	0.707135	0.70941	0.631972	0.502515	0.350992	0.208503	0.0978466	0.0192498	-0.0361189	-0.0629715	-0.0579738	-0.0342271	-0.015796	-0.0206335	-0.0541004	-0.112551	-0.190477	-0.292234	-0.426184	-0.588061	-0.753371	-0.892097	-0.990299	-1.0488	-1.07048	-1.05337	-0.992815	-0.888418	-0.739508	-0.549357	-0.327784	-0.0973065	0.11512	0.287388	0.399553	0.447601	0.440171	0.394726	0.327256	0.245502	0.15638	0.0677798	-0.00610049	-0.0536963	-0.0724086	-0.0642103	-0.0365615	0	
0	0.0274474	0.0502342	0.0753655	0.114673	0.163703	0.218478	0.264231	0.296525	0.318839	0.349095	0.387796	0.424826	0.449853	0.465587	0.479621	0.492309	0.498615	0.49672	0.491746	0.488936	0.493167	0.511946	0.545733	0.58956	0.636837	0.687118	0.731766	0.746995	0.714543	0.632141	0.517502	0.387738	0.263121	0.154287	0.0536548	-0.0541601	-0.178372	-0.311098	-0.438013	-0.547319	-0.629158	-0.687244	-0.717376	-0.706623	-0.630354	-0.473596	-0.242453	0.0285489	0.297548	0.524952	0.692656	0.779031	0.773162	0.679157	0.526444	0.353289	0.193841	0.0683785	-0.019788	-0.072759	-0.0884968	-0.0720679	-0.0390382	-0.0059883	0.00778932	-0.006389	-0.0479737	-0.114094	-0.206402	-0.335219	-0.495608	-0.665279	-0.819278	-0.940562	-1.02742	-1.07444	-1.07967	-1.04306	-0.956134	-0.816641	-0.63682	-0.430657	-0.214033	-0.00609501	0.168894	0.287786	0.344313	0.346628	0.31211	0.250927	0.172162	0.0834276	-0.00554551	-0.0762824	-0.117002	-0.121275	-0.0949475	-0.0512623	0	
0	0.0119841	0.0321717	0.0624159	0.102212	0.147289	0.196161	0.235748	0.260382	0.278751	0.30992	0.355881	0.402974	0.443	0.472018	0.491496	0.498256	0.49672	0.486676	0.472667	0.463847	0.475484	0.5148	0.574789	0.642335	0.716776	0.800149	0.880331	0.923659	0.902826	0.809387	0.662202	0.4887	0.316104	0.159685	0.0178045	-0.12645	-0.278778	-0.427733	-0.558244	-0.656304	-0.71631	-0.742812	-0.73702	-0.692944	-0.592294	-0.420541	-0.182624	0.0918511	0.3593	0.584236	0.74407	0.818479	0.797949	0.688867	0.523042	0.33809	0.16511	0.0272218	-0.062065	-0.106261	-0.108258	-0.0860481	-0.0496344	-0.0105133	0.0135181	0.0141994	-0.0102277	-0.0596419	-0.138466	-0.260005	-0.416089	-0.582124	-0.739343	-0.866309	-0.961079	-1.02552	-1.05743	-1.04614	-0.979898	-0.861955	-0.706572	-0.521365	-0.318271	-0.119633	0.0474832	0.159174	0.214891	0.221595	0.19276	0.138735	0.0630943	-0.0258982	-0.111325	-0.174041	-0.199874	-0.184161	-0.138353	-0.0730399	0	
0	0.00261653	0.0209752	0.0497988	0.0827181	0.119333	0.165895	0.205347	0.230241	0.246226	0.278492	0.330848	0.39432	0.451891	0.491623	0.50817	0.504481	0.491746	0.472667	0.456043	0.454266	0.475296	0.519765	0.58247	0.66353	0.760915	0.872868	0.979302	1.04381	1.03903	0.945551	0.782479	0.579906	0.37341	0.183888	0.0110257	-0.157654	-0.326423	-0.482345	-0.613151	-0.709064	-0.757411	-0.761363	-0.721467	-0.644301	-0.523489	-0.347767	-0.115724	0.147015	0.40501	0.618746	0.765	0.81861	0.778138	0.656856	0.486222	0.300424	0.124536	-0.0175067	-0.106859	-0.145121	-0.143179	-0.116545	-0.0745322	-0.0264146	0.00658508	0.0211774	0.0196322	-0.00517627	-0.0634927	-0.172255	-0.321295	-0.48809	-0.647194	-0.775493	-0.878817	-0.961822	-1.01586	-1.02631	-0.985753	-0.897472	-0.768298	-0.59813	-0.406495	-0.219411	-0.0652724	0.0364502	0.0899755	0.0940364	0.0628459	0.00422767	-0.0752235	-0.162565	-0.242189	-0.292921	-0.30565	-0.272562	-0.201916	-0.107727	0	
0	0.00528992	0.0192597	0.0346222	0.051373	0.0753241	0.115869	0.156429	0.18705	0.208386	0.242056	0.301816	0.378751	0.451899	0.49891	0.518009	0.509953	0.488936	0.463847	0.454266	0.463687	0.48488	0.514643	0.570051	0.65631	0.766406	0.888507	1.00355	1.0805	1.08915	1.00501	0.839086	0.628224	0.413969	0.214065	0.0301209	-0.148655	-0.321467	-0.473364	-0.6009	-0.692737	-0.73687	-0.729246	-0.670392	-0.573434	-0.441907	-0.268753	-0.0534074	0.18686	0.420906	0.614743	0.738801	0.770244	0.714934	0.589294	0.423448	0.242423	0.0687736	-0.072153	-0.160424	-0.202029	-0.196113	-0.158923	-0.0985299	-0.0335398	0.0122208	0.0404218	0.0563689	0.0518604	0.0149969	-0.0725331	-0.20681	-0.363974	-0.523251	-0.661931	-0.787554	-0.897473	-0.975064	-1.01224	-1.00279	-0.942007	-0.826745	-0.662747	-0.481746	-0.308084	-0.162363	-0.0671519	-0.023049	-0.0282685	-0.0707206	-0.137818	-0.220125	-0.308279	-0.381945	-0.424386	-0.422825	-0.365737	-0.267899	-0.140613	0	
0	0.0174317	0.0266855	0.0249265	0.0242214	0.0344282	0.0620181	0.0965209	0.132795	0.163452	0.204894	0.270109	0.35433	0.431947	0.485706	0.513109	0.511038	0.493167	0.475484	0.475296	0.48488	0.49133	0.507174	0.554088	0.637846	0.741754	0.858789	0.969069	1.04085	1.05069	0.972735	0.82096	0.632473	0.441167	0.256138	0.0766394	-0.0975672	-0.260636	-0.398823	-0.512391	-0.597917	-0.641659	-0.636385	-0.578199	-0.479596	-0.347752	-0.181543	0.0138462	0.219102	0.41443	0.573207	0.669258	0.679104	0.614247	0.492536	0.33163	0.156538	-0.00782882	-0.140232	-0.227156	-0.267277	-0.256661	-0.202384	-0.12102	-0.03832	0.0218214	0.0632367	0.091978	0.101402	0.08651	0.0245037	-0.0812659	-0.21738	-0.370815	-0.525336	-0.678604	-0.817838	-0.927853	-0.998537	-1.0204	-0.977394	-0.873694	-0.72595	-0.561228	-0.393069	-0.250777	-0.164922	-0.129484	-0.145944	-0.196378	-0.267975	-0.354363	-0.446037	-0.522166	-0.554414	-0.53322	-0.450785	-0.322647	-0.168543	0	
0	0.0286443	0.0358225	0.0219524	0.00937461	0.00557453	0.0149313	0.0341351	0.0671933	0.106362	0.15868	0.23277	0.318728	0.397641	0.456397	0.495161	0.507801	0.511946	0.5148	0.519765	0.514643	0.507174	0.510719	0.543848	0.605529	0.69176	0.794423	0.883774	0.930333	0.923166	0.853471	0.736097	0.597666	0.45604	0.305765	0.15454	0.00659238	-0.133472	-0.251414	-0.352574	-0.432136	-0.480315	-0.488883	-0.448692	-0.365352	-0.246393	-0.0976749	0.0699632	0.240139	0.394242	0.512277	0.573148	0.56197	0.491193	0.368767	0.212315	0.047351	-0.099931	-0.214968	-0.289963	-0.325249	-0.302726	-0.237356	-0.1478	-0.0549929	0.0195302	0.0753869	0.118051	0.143756	0.14638	0.11159	0.0355216	-0.0764894	-0.221672	-0.384993	-0.558198	-0.724859	-0.867935	-0.973513	-1.01648	-0.991534	-0.912946	-0.786192	-0.633306	-0.471204	-0.334735	-0.254423	-0.222344	-0.237747	-0.292038	-0.37461	-0.474735	-0.578197	-0.651176	-0.674355	-0.639806	-0.535144	-0.382878	-0.198938	0	
0	0.0342881	0.0436015	0.0284056	0.00850678	-0.00794296	-0.0176574	-0.0174302	0.00290765	0.0413066	0.10215	0.184436	0.274687	0.356335	0.42163	0.472213	0.508229	0.545733	0.574789	0.58247	0.570051	0.554088	0.543848	0.545497	0.573528	0.628143	0.698043	0.747905	0.755643	0.727433	0.667749	0.590809	0.512502	0.433273	0.345848	0.255293	0.161371	0.0598266	-0.0374687	-0.129084	-0.205832	-0.260007	-0.28825	-0.282097	-0.235971	-0.150779	-0.0305569	0.109653	0.246828	0.363975	0.446602	0.477871	0.446485	0.365484	0.244984	0.0955271	-0.0534286	-0.178026	-0.275026	-0.341421	-0.365487	-0.337651	-0.272129	-0.183756	-0.0888057	-0.0027745	0.0698652	0.129592	0.171118	0.194071	0.178719	0.124926	0.0324844	-0.101638	-0.263012	-0.442049	-0.629357	-0.804156	-0.932155	-0.996799	-0.996994	-0.939516	-0.826202	-0.681871	-0.531109	-0.40584	-0.326076	-0.28517	-0.297678	-0.358131	-0.452182	-0.563904	-0.676309	-0.757911	-0.781099	-0.73866	-0.619717	-0.444507	-0.234121	0	
0	0.0358856	0.0516699	0.0416511	0.0175215	-0.0114984	-0.0358372	-0.0511093	-0.0465885	-0.0182394	0.0407824	0.126383	0.220792	0.308426	0.38365	0.45288	0.518333	0.58956	0.642335	0.66353	0.65631	0.637846	0.605529	0.573528	0.557239	0.557418	0.568456	0.567956	0.540111	0.492538	0.438891	0.395568	0.371066	0.363886	0.357512	0.350217	0.328424	0.277199	0.208659	0.131877	0.0627624	0.00160101	-0.0544298	-0.0900828	-0.0896877	-0.0493887	0.0305648	0.138648	0.249676	0.337028	0.388418	0.395756	0.35225	0.267761	0.149186	0.0135806	-0.114548	-0.220947	-0.306602	-0.365313	-0.38901	-0.365325	-0.311407	-0.236037	-0.142323	-0.0463805	0.0406476	0.119313	0.182592	0.219014	0.218278	0.176745	0.092755	-0.0288092	-0.179165	-0.356519	-0.551929	-0.737533	-0.882962	-0.969676	-0.993453	-0.949448	-0.83829	-0.70478	-0.568107	-0.446632	-0.365714	-0.326902	-0.338622	-0.39424	-0.4841	-0.597736	-0.719935	-0.811107	-0.844655	-0.807056	-0.681234	-0.490116	-0.255844	0	
0	0.035529	0.0561784	0.05194	0.0244806	-0.0141506	-0.0492196	-0.0729631	-0.0805053	-0.0655368	-0.0183421	0.0608185	0.153316	0.245281	0.336686	0.435216	0.535779	0.636837	0.716776	0.760915	0.766406	0.741754	0.69176	0.628143	0.557418	0.481799	0.420705	0.36746	0.303627	0.235762	0.186471	0.170472	0.196722	0.258304	0.332419	0.407551	0.463012	0.473287	0.44527	0.394654	0.337432	0.268721	0.18791	0.113621	0.0684549	0.0619119	0.100325	0.174748	0.257172	0.323133	0.361487	0.359032	0.306291	0.212112	0.0929673	-0.0350656	-0.150775	-0.243655	-0.317746	-0.371369	-0.39527	-0.387567	-0.356145	-0.295123	-0.208195	-0.108849	-0.00985911	0.084327	0.160512	0.209048	0.215844	0.180264	0.106077	-0.0033668	-0.142803	-0.310599	-0.497954	-0.681035	-0.833153	-0.939368	-0.980041	-0.944515	-0.847059	-0.723318	-0.582948	-0.452702	-0.367046	-0.324996	-0.327695	-0.374884	-0.460742	-0.570729	-0.695297	-0.798516	-0.841872	-0.810388	-0.690187	-0.499673	-0.263186	0	
0	0.0343063	0.0558102	0.0559172	0.0325882	-0.00745365	-0.0474688	-0.0756001	-0.0886172	-0.0854582	-0.0548995	0.00708925	0.0866265	0.176783	0.286084	0.418743	0.55441	0.687118	0.800149	0.872868	0.888507	0.858789	0.794423	0.698043	0.568456	0.420705	0.290888	0.178839	0.0720867	-0.0152393	-0.0597133	-0.0526622	0.0133165	0.130699	0.272188	0.423324	0.554775	0.629625	0.652703	0.639544	0.600585	0.528369	0.42896	0.324512	0.238841	0.184623	0.179125	0.225	0.297747	0.361462	0.398664	0.393782	0.330649	0.218364	0.0833568	-0.0538085	-0.176508	-0.272274	-0.341528	-0.387851	-0.414771	-0.419616	-0.40174	-0.355404	-0.279482	-0.184863	-0.0873785	0.00712833	0.0861215	0.135949	0.151096	0.131129	0.0756405	-0.0110663	-0.133458	-0.286839	-0.459482	-0.63696	-0.796347	-0.912305	-0.963649	-0.944511	-0.860565	-0.735595	-0.580441	-0.431018	-0.322011	-0.252396	-0.233066	-0.270885	-0.357842	-0.478601	-0.613996	-0.719812	-0.766686	-0.744818	-0.639481	-0.466033	-0.245944	0	
0	0.0295384	0.0464498	0.051896	0.043111	0.015451	-0.0233448	-0.0526276	-0.0686108	-0.0727019	-0.0587511	-0.018752	0.0408216	0.124024	0.247152	0.4045	0.56839	0.731766	0.880331	0.979302	1.00355	0.969069	0.883774	0.747905	0.567956	0.36746	0.178839	0.0102835	-0.132423	-0.232524	-0.275873	-0.257107	-0.166672	-0.00843331	0.190192	0.407778	0.603318	0.738284	0.815385	0.845501	0.828652	0.760499	0.649737	0.520832	0.404412	0.31957	0.287001	0.317576	0.385859	0.453665	0.495912	0.486303	0.410046	0.281202	0.12831	-0.0314789	-0.180491	-0.298323	-0.37878	-0.431199	-0.461668	-0.470083	-0.456491	-0.417318	-0.354815	-0.274746	-0.190666	-0.110077	-0.0429683	0.00363984	0.0294786	0.0319009	0.00691033	-0.0507079	-0.149819	-0.283515	-0.443777	-0.618658	-0.779528	-0.894891	-0.948215	-0.933505	-0.847938	-0.711037	-0.54036	-0.369072	-0.225735	-0.120121	-0.0739143	-0.0999386	-0.186992	-0.313047	-0.457462	-0.576729	-0.640204	-0.634885	-0.545821	-0.395666	-0.21026	0	
0	0.0177365	0.026348	0.0373082	0.0500464	0.0425208	0.0129289	-0.016605	-0.0349779	-0.0456792	-0.0453708	-0.025961	0.0139659	0.0903231	0.217213	0.383558	0.560819	0.746995	0.923659	1.04381	1.0805	1.04085	0.930333	0.755643	0.540111	0.303627	0.0720867	-0.132423	-0.294835	-0.408014	-0.459199	-0.441483	-0.3388	-0.153036	0.0906357	0.358514	0.606167	0.798108	0.930251	0.998695	1.00046	0.932107	0.811138	0.672203	0.549101	0.455546	0.41596	0.444082	0.514434	0.583075	0.620839	0.603523	0.517844	0.377559	0.20976	0.0244945	-0.159799	-0.309276	-0.411601	-0.478661	-0.515404	-0.524583	-0.514647	-0.491202	-0.451554	-0.390687	-0.321154	-0.2517	-0.189364	-0.139727	-0.105202	-0.0879197	-0.0943019	-0.13145	-0.206671	-0.314323	-0.452406	-0.613373	-0.761403	-0.866993	-0.916169	-0.894457	-0.796106	-0.64264	-0.457505	-0.264527	-0.0905464	0.0414773	0.110803	0.107531	0.037608	-0.0854311	-0.240945	-0.383285	-0.475787	-0.500866	-0.446585	-0.330074	-0.176326	0	
0	-0.000185109	-0.0020818	0.0129319	0.040545	0.0513948	0.0334326	0.00814566	-0.0136522	-0.0310832	-0.0412043	-0.0376197	-0.0100747	0.0594836	0.184001	0.344528	0.521701	0.714543	0.902826	1.03903	1.08915	1.05069	0.923166	0.727433	0.492538	0.235762	-0.0152393	-0.232524	-0.408014	-0.535572	-0.59814	-0.581216	-0.474869	-0.274605	-0.00767326	0.29021	0.578005	0.818011	0.987158	1.08053	1.09207	1.02366	0.900658	0.76831	0.657481	0.577091	0.544646	0.57603	0.64817	0.717986	0.750439	0.722149	0.626853	0.477092	0.292153	0.0849917	-0.122251	-0.298334	-0.42789	-0.516455	-0.565344	-0.580268	-0.578731	-0.572155	-0.550875	-0.507397	-0.451852	-0.391486	-0.330319	-0.277144	-0.232924	-0.204258	-0.199931	-0.220751	-0.273408	-0.355366	-0.469195	-0.604857	-0.729522	-0.817201	-0.853083	-0.817143	-0.7042	-0.543509	-0.348464	-0.135404	0.0581655	0.209108	0.303767	0.325449	0.269319	0.150259	-0.0110085	-0.176405	-0.302778	-0.368089	-0.360346	-0.281889	-0.153681	0	
0	-0.0153276	-0.0224284	-0.00624127	0.0263309	0.0449277	0.0415544	0.026571	0.00651806	-0.0156466	-0.033532	-0.0388816	-0.0216074	0.0409661	0.153401	0.298475	0.457582	0.632141	0.809387	0.945551	1.00501	0.972735	0.853471	0.667749	0.438891	0.186471	-0.0597133	-0.275873	-0.459199	-0.59814	-0.663326	-0.645929	-0.537268	-0.339014	-0.0745397	0.227688	0.530004	0.784538	0.965445	1.06998	1.0924	1.03422	0.927743	0.817283	0.728147	0.667616	0.651698	0.693656	0.774559	0.849673	0.878315	0.844068	0.742325	0.579991	0.378562	0.152612	-0.0754167	-0.271548	-0.422974	-0.531177	-0.589949	-0.611813	-0.622966	-0.631214	-0.627027	-0.601528	-0.564362	-0.518872	-0.46589	-0.410745	-0.358481	-0.318295	-0.296323	-0.295712	-0.32004	-0.373384	-0.456289	-0.560035	-0.659419	-0.73148	-0.754459	-0.707171	-0.593534	-0.428065	-0.224884	-0.00513066	0.200203	0.366651	0.479224	0.512983	0.459979	0.337488	0.166656	-0.0151846	-0.164516	-0.256993	-0.279514	-0.230751	-0.129176	0	
0	-0.0238059	-0.0332528	-0.0193171	0.00563142	0.0226804	0.0310756	0.0325464	0.0216521	-0.00029519	-0.0190788	-0.0282832	-0.0148043	0.0377583	0.135911	0.256781	0.382379	0.517502	0.662202	0.782479	0.839086	0.82096	0.736097	0.590809	0.395568	0.170472	-0.0526622	-0.257107	-0.441483	-0.581216	-0.645929	-0.62053	-0.509925	-0.324841	-0.0830411	0.195919	0.473413	0.70379	0.868182	0.970449	0.999649	0.961729	0.883604	0.804492	0.750196	0.724715	0.732255	0.791199	0.88568	0.966712	0.997266	0.965633	0.857693	0.677726	0.452269	0.209953	-0.024052	-0.229192	-0.391465	-0.503753	-0.567647	-0.602085	-0.625849	-0.648659	-0.659074	-0.652293	-0.635523	-0.608416	-0.567018	-0.515789	-0.459327	-0.407123	-0.36916	-0.344246	-0.340668	-0.362202	-0.408863	-0.47928	-0.554483	-0.612394	-0.628495	-0.584364	-0.479539	-0.322453	-0.120283	0.105901	0.322227	0.503332	0.618843	0.647902	0.588522	0.450954	0.265681	0.0726449	-0.0905427	-0.195527	-0.224713	-0.187276	-0.107615	0	
0	-0.0268967	-0.0379939	-0.0306308	-0.0157945	-0.0045937	0.0130097	0.0314767	0.0351139	0.0211527	0.0068089	0.00279543	0.0154354	0.0603452	0.138171	0.226352	0.304702	0.387738	0.4887	0.579906	0.628224	0.632473	0.597666	0.512502	0.371066	0.196722	0.0133165	-0.166672	-0.3388	-0.474869	-0.537268	-0.509925	-0.407832	-0.249758	-0.0474049	0.184868	0.410062	0.593874	0.724834	0.805142	0.833724	0.818165	0.773255	0.736453	0.729792	0.746216	0.786427	0.868364	0.974128	1.06065	1.09607	1.06454	0.950567	0.758479	0.517206	0.266982	0.0329024	-0.168544	-0.324457	-0.433066	-0.503626	-0.549848	-0.590292	-0.623487	-0.642522	-0.649386	-0.647202	-0.634329	-0.606455	-0.561319	-0.503754	-0.44677	-0.396575	-0.358421	-0.33396	-0.329468	-0.344181	-0.380712	-0.434357	-0.47876	-0.491618	-0.462206	-0.37985	-0.236644	-0.0427693	0.179581	0.397011	0.578943	0.694069	0.715197	0.643528	0.496293	0.301667	0.102531	-0.0637919	-0.171082	-0.203461	-0.173575	-0.101318	0	
0	-0.02688	-0.0409051	-0.0387669	-0.027971	-0.0166377	0.00838922	0.0408585	0.0621911	0.062523	0.0613148	0.0668638	0.083386	0.117467	0.168003	0.211426	0.23497	0.263121	0.316104	0.37341	0.413969	0.441167	0.45604	0.433273	0.363886	0.258304	0.130699	-0.00843331	-0.153036	-0.274605	-0.339014	-0.324841	-0.249758	-0.133673	0.017128	0.187727	0.350181	0.476484	0.55623	0.602739	0.624424	0.6238	0.610814	0.623897	0.670581	0.735786	0.82037	0.933374	1.04953	1.13464	1.16364	1.1265	1.00523	0.807654	0.56897	0.330535	0.10852	-0.0872776	-0.237625	-0.343292	-0.419145	-0.47497	-0.519748	-0.555519	-0.578685	-0.593408	-0.597908	-0.592695	-0.573194	-0.529738	-0.476424	-0.422475	-0.373202	-0.33502	-0.302453	-0.278596	-0.269911	-0.287097	-0.322653	-0.354645	-0.367432	-0.350141	-0.282726	-0.160369	0.00479588	0.202805	0.406471	0.581155	0.688078	0.707341	0.637848	0.494111	0.302539	0.0982925	-0.0686656	-0.177749	-0.221675	-0.192891	-0.109687	0	
0	-0.0261208	-0.0424785	-0.0418736	-0.0257738	-0.00688231	0.0261429	0.0695548	0.10984	0.131992	0.149683	0.167203	0.183752	0.201311	0.214076	0.206621	0.175828	0.154287	0.159685	0.183888	0.214065	0.256138	0.305765	0.345848	0.357512	0.332419	0.272188	0.190192	0.0906357	-0.00767326	-0.0745397	-0.0830411	-0.0474049	0.017128	0.104255	0.205451	0.295458	0.349305	0.370462	0.381128	0.389145	0.393205	0.409203	0.467687	0.564386	0.686891	0.828442	0.975743	1.10518	1.18749	1.20084	1.1477	1.02266	0.83369	0.607751	0.380498	0.165757	-0.0197489	-0.160349	-0.257989	-0.330993	-0.38039	-0.41764	-0.446206	-0.464111	-0.478799	-0.487504	-0.48975	-0.47727	-0.440415	-0.391048	-0.341927	-0.299789	-0.267625	-0.234189	-0.205471	-0.190758	-0.197385	-0.222593	-0.248398	-0.262726	-0.255333	-0.204619	-0.109434	0.024118	0.195149	0.374871	0.526739	0.623789	0.650466	0.590645	0.453143	0.267924	0.0665846	-0.107708	-0.223875	-0.267124	-0.230637	-0.128282	0	
0	-0.0231412	-0.0382189	-0.034355	-0.0105312	0.0192679	0.060545	0.115026	0.174174	0.221764	0.258481	0.281715	0.288087	0.278579	0.248425	0.191802	0.116937	0.0536548	0.0178045	0.0110257	0.0301209	0.0766394	0.15454	0.255293	0.350217	0.407551	0.423324	0.407778	0.358514	0.29021	0.227688	0.195919	0.184868	0.187727	0.205451	0.228631	0.232938	0.208909	0.177792	0.15783	0.145455	0.150678	0.190678	0.283128	0.421509	0.596854	0.786529	0.970383	1.11935	1.20367	1.20889	1.1479	1.01807	0.832371	0.61761	0.393532	0.179344	0.000932919	-0.12722	-0.208019	-0.25612	-0.280501	-0.292744	-0.300968	-0.307408	-0.315523	-0.328277	-0.339931	-0.337497	-0.30698	-0.261567	-0.215101	-0.176396	-0.148007	-0.11717	-0.091584	-0.0817377	-0.0930508	-0.119824	-0.153148	-0.179868	-0.185842	-0.158321	-0.0933903	0.0141376	0.158747	0.316064	0.455871	0.544624	0.568324	0.508346	0.373582	0.196009	0.00319419	-0.16786	-0.280499	-0.308539	-0.259653	-0.149487	0	
0	-0.016122	-0.0232571	-0.0145752	0.0138428	0.049591	0.101457	0.16687	0.244319	0.311539	0.360252	0.377621	0.362476	0.319981	0.248225	0.153185	0.0429801	-0.0541601	-0.12645	-0.157654	-0.148655	-0.0975672	0.00659238	0.161371	0.328424	0.463012	0.554775	0.603318	0.606167	0.578005	0.530004	0.473413	0.410062	0.350181	0.295458	0.232938	0.15008	0.0566156	-0.016968	-0.0720775	-0.102697	-0.094925	-0.0380244	0.0784545	0.252673	0.465551	0.690099	0.905556	1.08039	1.17408	1.18045	1.11543	0.984668	0.808732	0.596931	0.371823	0.164088	-0.00177549	-0.116215	-0.17653	-0.200582	-0.194102	-0.171959	-0.146862	-0.121858	-0.111104	-0.123668	-0.147923	-0.160232	-0.140779	-0.0989252	-0.0490006	-0.00775742	0.0205281	0.04431	0.0541059	0.0457183	0.0212244	-0.0144218	-0.0577097	-0.0961167	-0.121056	-0.123017	-0.0933897	-0.013425	0.110045	0.245584	0.3746	0.457456	0.46893	0.406399	0.277812	0.105551	-0.0717904	-0.225306	-0.322452	-0.33386	-0.27584	-0.157826	0	
0	-0.00570052	-0.0015359	0.0142572	0.0392566	0.0778599	0.136224	0.214258	0.300069	0.376543	0.423122	0.426929	0.387079	0.313834	0.211819	0.0880878	-0.049658	-0.178372	-0.278778	-0.326423	-0.321467	-0.260636	-0.133472	0.0598266	0.277199	0.473287	0.629625	0.738284	0.798108	0.818011	0.784538	0.70379	0.593874	0.476484	0.349305	0.208909	0.0566156	-0.0895128	-0.209101	-0.298958	-0.348903	-0.34454	-0.280022	-0.142361	0.0574806	0.292631	0.543207	0.788798	0.984975	1.09587	1.11795	1.05691	0.934076	0.770064	0.565644	0.34729	0.152029	-0.00285402	-0.100896	-0.141944	-0.141988	-0.105224	-0.0571188	0.0019109	0.063676	0.0988251	0.0995421	0.0796371	0.0617176	0.0741754	0.107831	0.14627	0.177748	0.193266	0.203608	0.19967	0.17775	0.146481	0.0990009	0.043128	-0.00736742	-0.054054	-0.0783071	-0.0728454	-0.0174842	0.081552	0.191307	0.301472	0.369548	0.36859	0.305468	0.189628	0.0278135	-0.13966	-0.270234	-0.350588	-0.357761	-0.289771	-0.16168	0	
0	0.00720474	0.027703	0.0519013	0.0777929	0.113559	0.17708	0.256299	0.340567	0.407073	0.440337	0.425976	0.364325	0.268329	0.14466	0.00206644	-0.159106	-0.311098	-0.427733	-0.482345	-0.473364	-0.398823	-0.251414	-0.0374687	0.208659	0.44527	0.652703	0.815385	0.930251	0.987158	0.965445	0.868182	0.724834	0.55623	0.370462	0.177792	-0.016968	-0.209101	-0.369852	-0.494806	-0.568418	-0.581094	-0.516276	-0.365289	-0.152151	0.0961504	0.370139	0.638319	0.861192	1.00493	1.04868	1.00682	0.898477	0.739997	0.541518	0.336411	0.156065	0.019293	-0.0632848	-0.089577	-0.0729964	-0.02125	0.0468734	0.132303	0.225037	0.288509	0.313482	0.311266	0.302053	0.312932	0.330972	0.347699	0.357378	0.354362	0.350612	0.338332	0.312644	0.27495	0.2191	0.155506	0.0941415	0.0320609	-0.0106988	-0.0207672	0.0146023	0.0879737	0.178608	0.264186	0.309221	0.303034	0.240495	0.127627	-0.0228004	-0.178213	-0.303966	-0.383419	-0.388563	-0.311487	-0.170409	0	
0	0.0231984	0.0596154	0.0990533	0.128492	0.164747	0.219891	0.290901	0.357341	0.403208	0.414005	0.381057	0.302643	0.187856	0.0502801	-0.10526	-0.277904	-0.438013	-0.558244	-0.613151	-0.6009	-0.512391	-0.352574	-0.129084	0.131877	0.394654	0.639544	0.845501	0.998695	1.08053	1.06998	0.970449	0.805142	0.602739	0.381128	0.15783	-0.0720775	-0.298958	-0.494806	-0.650476	-0.753597	-0.783651	-0.717542	-0.564616	-0.348768	-0.0886269	0.1997	0.489286	0.744795	0.92194	0.997152	0.978926	0.886845	0.733711	0.546505	0.355383	0.188831	0.0647865	-0.00890202	-0.0227789	0.00786975	0.0659075	0.146339	0.249427	0.358801	0.445823	0.493875	0.512358	0.518394	0.523877	0.527648	0.524017	0.511078	0.498289	0.486221	0.473462	0.44868	0.404386	0.34546	0.27955	0.211059	0.143436	0.096092	0.0743139	0.0931962	0.145347	0.212275	0.273593	0.299803	0.285427	0.219533	0.106768	-0.0359903	-0.184713	-0.316642	-0.397697	-0.395192	-0.319927	-0.180856	0	
0	0.0430979	0.0962238	0.148096	0.186297	0.216891	0.256032	0.304599	0.347044	0.365047	0.348858	0.296822	0.201795	0.0732504	-0.0750018	-0.232346	-0.398802	-0.547319	-0.656304	-0.709064	-0.692737	-0.597917	-0.432136	-0.205832	0.0627624	0.337432	0.600585	0.828652	1.00046	1.09207	1.0924	0.999649	0.833724	0.624424	0.389145	0.145455	-0.102697	-0.348903	-0.568418	-0.753597	-0.88041	-0.921145	-0.864258	-0.720401	-0.505951	-0.239647	0.0604368	0.374827	0.660305	0.867634	0.973266	0.981085	0.900943	0.754178	0.582363	0.406036	0.247179	0.132799	0.0704479	0.0618469	0.0999243	0.160546	0.245229	0.351957	0.463104	0.562727	0.625183	0.661177	0.680564	0.684337	0.677923	0.660857	0.635561	0.618615	0.606751	0.595636	0.572893	0.527258	0.47167	0.410549	0.344348	0.280519	0.2297	0.200948	0.208874	0.244047	0.295549	0.341372	0.356326	0.331116	0.25832	0.145612	-0.00288487	-0.155816	-0.288281	-0.372547	-0.374841	-0.307774	-0.176384	0	
0	0.0686888	0.134428	0.192281	0.230703	0.252116	0.268054	0.291953	0.307824	0.296272	0.250825	0.17763	0.070801	-0.0655458	-0.215419	-0.364017	-0.508766	-0.629158	-0.71631	-0.757411	-0.73687	-0.641659	-0.480315	-0.260007	0.00160101	0.268721	0.528369	0.760499	0.932107	1.02366	1.03422	0.961729	0.818165	0.6238	0.393205	0.150678	-0.094925	-0.34454	-0.581094	-0.783651	-0.921145	-0.975875	-0.9364	-0.808039	-0.59957	-0.331592	-0.020902	0.310262	0.613702	0.834749	0.968313	1.0018	0.937891	0.808954	0.651889	0.48961	0.34364	0.23347	0.175621	0.168157	0.1966	0.251045	0.331513	0.436166	0.545957	0.646549	0.716551	0.757409	0.779492	0.786023	0.777659	0.75717	0.732573	0.713293	0.697315	0.685826	0.660795	0.616991	0.575109	0.52997	0.47609	0.425376	0.38817	0.360309	0.363819	0.399962	0.437049	0.465951	0.468566	0.427277	0.349365	0.232506	0.0777479	-0.0788035	-0.213895	-0.307124	-0.327501	-0.271442	-0.152703	0	
0	0.0967574	0.172615	0.22639	0.257924	0.266862	0.264608	0.266525	0.256279	0.213078	0.136691	0.0446051	-0.0668855	-0.200155	-0.3432	-0.478963	-0.597518	-0.687244	-0.742812	-0.761363	-0.729246	-0.636385	-0.488883	-0.28825	-0.0544298	0.18791	0.42896	0.649737	0.811138	0.900658	0.927743	0.883604	0.773255	0.610814	0.409203	0.190678	-0.0380244	-0.280022	-0.516276	-0.717542	-0.864258	-0.9364	-0.918665	-0.807705	-0.609486	-0.346782	-0.031923	0.302235	0.602931	0.835675	0.988205	1.04075	0.996085	0.889436	0.752188	0.603745	0.467608	0.365807	0.30879	0.286131	0.292559	0.333515	0.400802	0.493882	0.598248	0.691168	0.757878	0.800634	0.827899	0.840564	0.837213	0.816971	0.789467	0.764606	0.747519	0.73274	0.708424	0.679476	0.651476	0.624824	0.595445	0.568917	0.552365	0.542443	0.559671	0.59696	0.619554	0.629348	0.617084	0.560449	0.467822	0.345618	0.193248	0.030782	-0.111638	-0.21669	-0.25594	-0.216477	-0.126125	0	
