0	0	0	0	0	0	0	0	0	0	0	0	0	0	0	0	0	0	0	0	0	0	0	0	0	0	0	0	0	0	0	0	0	0	0	0	0	0	0	0	0	0	0	0	0	0	0	0	0	0	0	0	0	0	0	0	0	0	0	0	0	0	0	0	0	0	0	0	0	0	0	0	0	0	0	0	0	0	0	0	0	0	0	0	0	0	0	0	0	0	0	0	0	0	0	0	0	0	0	0	
0	-0.00221424	-0.00375609	-0.00350536	-0.00160776	-0.00120748	-0.0035632	-0.00661418	-0.00516302	-0.00049527	0.00423103	0.00610745	0.00765171	0.00940199	0.00925925	0.00614771	0.00240787	-0.0016215	-0.00673554	-0.0139802	-0.0203761	-0.0223713	-0.0202717	-0.00864632	0.0119804	0.0418327	0.075275	0.106185	0.131891	0.150289	0.162188	0.166056	0.156921	0.133323	0.0982952	0.0519583	0.000690321	-0.0496457	-0.0936125	-0.133813	-0.168414	-0.192297	-0.207068	-0.212782	-0.207674	-0.196671	-0.181463	-0.162272	-0.143252	-0.123816	-0.105543	-0.084255	-0.0560676	-0.0201117	0.0197289	0.0587127	0.0925537	0.119727	0.138093	0.146181	0.139409	0.120142	0.0933185	0.0631959	0.0334256	0.00839189	-0.0117535	-0.0270637	-0.0368222	-0.0403844	-0.0369039	-0.0289822	-0.0182051	-0.000934251	0.0237962	0.0519418	0.0812028	0.106206	0.127259	0.13941	0.134958	0.116421	0.0854106	0.0438627	-0.00594888	-0.0592902	-0.111139	-0.159398	-0.202475	-0.239868	-0.272512	-0.297525	-0.311389	-0.31531	-0.304553	-0.2754	-0.227394	-0.162508	-0.0865412	0	
0	-0.00375609	-0.00515115	-0.00463871	0.00114164	0.00218207	-0.00116149	-0.00578945	-0.00280764	0.00878294	0.0175214	0.0231506	0.0257827	0.0296616	0.0293411	0.0225449	0.0140809	0.00526631	-0.00754603	-0.0232368	-0.0389196	-0.0460892	-0.0436166	-0.0244492	0.0154311	0.0729301	0.138022	0.200213	0.251256	0.28898	0.314116	0.322937	0.305483	0.260287	0.191013	0.100475	0.000858075	-0.0960282	-0.180917	-0.256545	-0.323137	-0.371543	-0.401123	-0.416342	-0.410839	-0.391422	-0.360683	-0.323391	-0.279505	-0.234736	-0.19271	-0.145606	-0.0851214	-0.016373	0.0538966	0.118555	0.172973	0.216873	0.247389	0.260302	0.250797	0.222711	0.181986	0.132579	0.0798009	0.0352623	-0.00557999	-0.0381174	-0.0622114	-0.072167	-0.0653744	-0.0501292	-0.026074	0.006826	0.0531365	0.103229	0.151184	0.190717	0.220401	0.238213	0.230832	0.200156	0.14944	0.0799984	-0.00347602	-0.0956016	-0.191477	-0.287566	-0.378034	-0.458228	-0.530273	-0.586655	-0.617732	-0.626332	-0.604141	-0.544788	-0.447014	-0.317509	-0.169525	0	
0	-0.00350536	-0.00463871	-0.000672092	0.00847498	0.0128828	0.00962921	0.00443512	0.0122277	0.0296526	0.0463363	0.0545465	0.0603284	0.0660979	0.0652198	0.0543007	0.0399204	0.0231546	0.00201019	-0.0263079	-0.0529142	-0.0668427	-0.0673636	-0.0389378	0.0180704	0.103657	0.201092	0.292336	0.368442	0.42289	0.457658	0.468093	0.44017	0.370719	0.268826	0.137241	-0.00499949	-0.141066	-0.256268	-0.359767	-0.450054	-0.514973	-0.559595	-0.584326	-0.581616	-0.560967	-0.523286	-0.466628	-0.400509	-0.326397	-0.253405	-0.175827	-0.0886643	0.00621316	0.0971872	0.173746	0.231386	0.274311	0.304388	0.321975	0.315994	0.288435	0.246567	0.194568	0.136139	0.08033	0.026923	-0.0208321	-0.056746	-0.0734679	-0.0667365	-0.044148	-0.0127637	0.0321514	0.090226	0.148375	0.201198	0.238793	0.268856	0.28502	0.271207	0.235542	0.179216	0.101088	-0.000533506	-0.120901	-0.251831	-0.388617	-0.523691	-0.649828	-0.763059	-0.849171	-0.894897	-0.90354	-0.864915	-0.77305	-0.63037	-0.445826	-0.236238	0	
0	-0.00160776	0.00114164	0.00847498	0.0244356	0.0318507	0.0298378	0.0254978	0.035546	0.0609106	0.0808814	0.0927414	0.0980394	0.104479	0.101742	0.0859105	0.0646672	0.0419289	0.0112471	-0.0256747	-0.0619617	-0.0813578	-0.0797804	-0.0433017	0.0347342	0.14786	0.275322	0.394913	0.490237	0.555699	0.59297	0.595936	0.548665	0.449601	0.310175	0.139194	-0.0388622	-0.201143	-0.332405	-0.44365	-0.54011	-0.61148	-0.660319	-0.693568	-0.698128	-0.680836	-0.639342	-0.577015	-0.492114	-0.396112	-0.300959	-0.200362	-0.086621	0.0269112	0.126979	0.20336	0.254885	0.291438	0.31739	0.332266	0.327221	0.30614	0.274057	0.230742	0.177799	0.130196	0.0800976	0.0340076	-0.00428911	-0.0217672	-0.0125991	0.00922647	0.0407205	0.0805525	0.134745	0.187337	0.229465	0.255316	0.271952	0.281144	0.263675	0.223856	0.164417	0.0802662	-0.0299796	-0.16467	-0.320237	-0.490323	-0.661502	-0.818662	-0.957183	-1.05863	-1.10308	-1.09847	-1.03718	-0.913926	-0.733954	-0.51286	-0.271373	0	
0	-0.00120748	0.00218207	0.0128828	0.0318507	0.0416789	0.0395314	0.0340292	0.048041	0.0776676	0.104142	0.117487	0.124774	0.132454	0.129728	0.111141	0.0864837	0.058277	0.0239264	-0.0205456	-0.0615583	-0.0816781	-0.076566	-0.0248693	0.0739297	0.215709	0.371704	0.511856	0.619268	0.683691	0.709735	0.692695	0.615707	0.479694	0.302702	0.0968366	-0.106102	-0.281045	-0.409558	-0.511865	-0.597203	-0.656472	-0.700304	-0.732869	-0.740506	-0.729969	-0.696621	-0.633758	-0.548705	-0.446648	-0.343748	-0.235483	-0.118016	0.00265771	0.108885	0.185668	0.232948	0.262919	0.284361	0.300942	0.301475	0.286394	0.264266	0.237823	0.207782	0.183474	0.158011	0.131757	0.108588	0.0989941	0.106569	0.120465	0.133178	0.15196	0.182585	0.211242	0.233032	0.239025	0.243788	0.241641	0.211595	0.163547	0.0961071	0.00427378	-0.117418	-0.267097	-0.436132	-0.616586	-0.794245	-0.954901	-1.09049	-1.17896	-1.20308	-1.17389	-1.08604	-0.939464	-0.742988	-0.513048	-0.269942	0	
0	-0.0035632	-0.00116149	0.00962921	0.0298378	0.0395314	0.034907	0.0283842	0.0427835	0.0780325	0.107738	0.124604	0.133201	0.144116	0.143593	0.126707	0.101454	0.0749382	0.0393395	-0.00502473	-0.0471669	-0.0656988	-0.0524652	0.0110682	0.130726	0.294784	0.470513	0.623459	0.730239	0.783355	0.788116	0.74161	0.630302	0.456682	0.244421	0.0127224	-0.204543	-0.376675	-0.488806	-0.566283	-0.625426	-0.663377	-0.690344	-0.714352	-0.720206	-0.712607	-0.683721	-0.63338	-0.558077	-0.47044	-0.384706	-0.292642	-0.183145	-0.0693965	0.0328463	0.109486	0.158595	0.194094	0.222948	0.247444	0.255083	0.251621	0.247107	0.242997	0.239195	0.248008	0.257335	0.262101	0.260003	0.261284	0.268457	0.267224	0.254825	0.238817	0.234817	0.232339	0.22328	0.202563	0.183265	0.163141	0.11667	0.0484696	-0.037032	-0.145123	-0.276532	-0.426328	-0.588959	-0.755034	-0.910291	-1.0392	-1.13835	-1.19188	-1.18113	-1.12338	-1.01919	-0.865448	-0.672162	-0.458539	-0.241081	0	
0	-0.00661418	-0.00578945	0.00443512	0.0254978	0.0340292	0.0283842	0.0203214	0.0378121	0.0779122	0.113951	0.135164	0.148185	0.164062	0.169187	0.155908	0.134399	0.109263	0.0765977	0.0314402	-0.0105472	-0.0280404	-0.0103936	0.0639972	0.197058	0.376852	0.563661	0.71759	0.815774	0.847882	0.825187	0.747757	0.60322	0.399157	0.162192	-0.0852128	-0.303079	-0.463593	-0.550824	-0.596219	-0.623082	-0.631213	-0.633539	-0.639683	-0.635281	-0.624743	-0.602856	-0.56452	-0.511966	-0.452673	-0.400452	-0.343084	-0.267152	-0.173684	-0.0800808	-0.0068497	0.0462182	0.0905036	0.133604	0.175813	0.20724	0.226803	0.245375	0.267933	0.294111	0.333013	0.369662	0.396396	0.409359	0.417592	0.421239	0.407965	0.374026	0.33025	0.293009	0.255203	0.211859	0.156696	0.105686	0.0524292	-0.0254105	-0.118784	-0.226492	-0.34796	-0.481564	-0.622175	-0.759197	-0.883352	-0.98382	-1.05404	-1.09762	-1.10116	-1.05416	-0.976488	-0.867242	-0.724849	-0.555798	-0.375588	-0.198419	0	
0	-0.00516302	-0.00280764	0.0122277	0.035546	0.048041	0.0427835	0.0378121	0.0594253	0.106276	0.149088	0.175436	0.192695	0.213581	0.223	0.214335	0.194113	0.170965	0.137767	0.0914147	0.046064	0.0257275	0.0441588	0.122183	0.263423	0.450151	0.639732	0.789216	0.871688	0.882589	0.83319	0.728107	0.559938	0.33448	0.0822145	-0.168588	-0.382241	-0.524413	-0.583935	-0.596162	-0.587174	-0.560867	-0.533594	-0.51354	-0.491263	-0.473155	-0.45447	-0.434367	-0.40975	-0.389924	-0.382015	-0.368898	-0.329812	-0.267838	-0.196256	-0.131985	-0.0795191	-0.0260064	0.0347291	0.104391	0.164925	0.216136	0.268022	0.320301	0.369921	0.423265	0.471392	0.502791	0.515638	0.522056	0.522622	0.505894	0.464204	0.406755	0.350305	0.287469	0.208877	0.112014	0.0176311	-0.0763387	-0.191126	-0.317351	-0.444638	-0.57313	-0.69879	-0.811503	-0.905438	-0.973143	-1.00916	-1.01156	-0.988976	-0.941137	-0.860389	-0.767948	-0.668344	-0.551253	-0.418083	-0.282606	-0.150979	0	
0	-0.00049527	0.00878294	0.0296526	0.0609106	0.0776676	0.0780325	0.0779122	0.106276	0.161152	0.211174	0.243599	0.265438	0.290191	0.304473	0.298655	0.280149	0.256351	0.221605	0.170908	0.11986	0.0917043	0.105901	0.181724	0.323162	0.510131	0.696001	0.835595	0.904173	0.895266	0.827063	0.705091	0.522395	0.287299	0.0289752	-0.223997	-0.428625	-0.554709	-0.589249	-0.566625	-0.518539	-0.455808	-0.39188	-0.342953	-0.303421	-0.2786	-0.26684	-0.266639	-0.273269	-0.292093	-0.328255	-0.360831	-0.365372	-0.335386	-0.285128	-0.237455	-0.190608	-0.132023	-0.0542553	0.0383039	0.132624	0.21945	0.300474	0.375105	0.438428	0.498842	0.544133	0.56806	0.572484	0.572238	0.570362	0.553435	0.514077	0.454972	0.388329	0.307711	0.201892	0.0698756	-0.0675451	-0.207351	-0.359118	-0.510671	-0.652974	-0.778825	-0.88232	-0.960174	-1.00607	-1.01412	-0.983323	-0.92028	-0.842608	-0.751401	-0.645242	-0.547183	-0.457803	-0.366465	-0.271522	-0.181343	-0.098684	0	
0	0.00423103	0.0175214	0.0463363	0.0808814	0.104142	0.107738	0.113951	0.149088	0.211174	0.269875	0.309127	0.337727	0.368981	0.39014	0.391221	0.377147	0.354866	0.319653	0.264784	0.20557	0.167193	0.171212	0.239304	0.375081	0.555629	0.733768	0.863655	0.918146	0.89784	0.817413	0.686442	0.499888	0.262142	0.00154798	-0.246225	-0.444149	-0.553069	-0.562982	-0.508355	-0.424035	-0.323052	-0.228684	-0.15369	-0.0996783	-0.0732693	-0.0740544	-0.0956678	-0.13235	-0.187503	-0.259717	-0.327228	-0.365061	-0.366943	-0.342815	-0.309063	-0.268232	-0.207643	-0.119929	-0.00651042	0.109929	0.216524	0.316006	0.404208	0.476807	0.535815	0.580196	0.600895	0.601099	0.596776	0.58956	0.571038	0.527719	0.463452	0.38863	0.29488	0.168814	0.0106433	-0.154967	-0.323413	-0.501194	-0.67111	-0.815737	-0.930003	-1.00861	-1.04459	-1.03929	-0.993274	-0.91083	-0.802329	-0.682653	-0.561272	-0.440196	-0.336886	-0.259164	-0.193635	-0.133115	-0.0861845	-0.0491952	0	
0	0.00610745	0.0231506	0.0545465	0.0927414	0.117487	0.124604	0.135164	0.175436	0.243599	0.309127	0.355578	0.392009	0.430673	0.461733	0.47348	0.467745	0.452325	0.419287	0.363508	0.297989	0.247055	0.239156	0.29368	0.417374	0.586027	0.751857	0.870094	0.91603	0.888757	0.806202	0.67564	0.491295	0.256241	-0.00245437	-0.249241	-0.438233	-0.531185	-0.517763	-0.429627	-0.30641	-0.174907	-0.0545199	0.0348626	0.0892731	0.10766	0.0939808	0.0541241	-0.00222887	-0.0777938	-0.172464	-0.265872	-0.330086	-0.35243	-0.343293	-0.322639	-0.289635	-0.23121	-0.141151	-0.0280105	0.0905977	0.201689	0.301602	0.389133	0.462185	0.527108	0.577679	0.604579	0.610154	0.60558	0.595516	0.567735	0.513807	0.436026	0.344244	0.236905	0.0985767	-0.0689543	-0.247391	-0.42809	-0.608668	-0.776238	-0.912967	-1.00648	-1.05071	-1.04746	-1.00036	-0.912059	-0.791869	-0.654963	-0.519222	-0.390121	-0.268094	-0.169136	-0.0982472	-0.0446284	-0.00787002	0.00508064	0.00174644	0	
0	0.00765171	0.0257827	0.0603284	0.0980394	0.124774	0.133201	0.148185	0.192695	0.265438	0.337727	0.392009	0.4379	0.485713	0.529254	0.553002	0.559458	0.549395	0.518876	0.458722	0.382111	0.314726	0.287827	0.324976	0.434185	0.590152	0.747621	0.861222	0.905003	0.880849	0.800687	0.67292	0.491316	0.258158	-0.0010158	-0.242773	-0.421982	-0.495056	-0.456063	-0.335925	-0.182579	-0.0254395	0.108045	0.203235	0.255021	0.266984	0.241051	0.192249	0.125998	0.0402398	-0.0618529	-0.161738	-0.235251	-0.269435	-0.271681	-0.258568	-0.233248	-0.18797	-0.115324	-0.0201674	0.0799829	0.172072	0.257291	0.336987	0.411614	0.479556	0.538232	0.575889	0.590123	0.587776	0.571245	0.53285	0.462496	0.366699	0.257244	0.134193	-0.0124276	-0.178712	-0.347757	-0.512802	-0.672788	-0.814148	-0.919988	-0.982394	-0.996091	-0.960606	-0.883571	-0.773873	-0.641689	-0.501967	-0.365994	-0.239796	-0.126644	-0.0334191	0.0298046	0.0684506	0.0859861	0.073162	0.0384362	0	
0	0.00940199	0.0296616	0.0660979	0.104479	0.132454	0.144116	0.164062	0.213581	0.290191	0.368981	0.430673	0.485713	0.541939	0.594933	0.630464	0.643838	0.637541	0.601772	0.531911	0.437414	0.346226	0.295114	0.31052	0.402961	0.548884	0.701926	0.819192	0.871137	0.858937	0.789669	0.669194	0.491899	0.260086	-2.45319e-05	-0.240339	-0.411487	-0.467463	-0.406757	-0.260303	-0.0789041	0.096501	0.240352	0.339165	0.389094	0.397373	0.371526	0.324601	0.261902	0.180982	0.0843284	-0.0126115	-0.0842397	-0.115355	-0.117927	-0.109593	-0.0991976	-0.0770663	-0.0350572	0.0236497	0.0872602	0.150652	0.213538	0.276244	0.341618	0.406345	0.464807	0.502994	0.517766	0.510904	0.488691	0.440833	0.359658	0.252633	0.13025	-0.000339375	-0.146405	-0.299408	-0.44695	-0.579136	-0.692434	-0.78479	-0.843207	-0.862025	-0.841191	-0.783733	-0.696843	-0.586239	-0.460167	-0.33375	-0.2148	-0.106791	-0.0124413	0.0654723	0.117584	0.146545	0.149502	0.118671	0.0655581	0	
0	0.00925925	0.0293411	0.0652198	0.101742	0.129728	0.143593	0.169187	0.223	0.304473	0.39014	0.461733	0.529254	0.594933	0.660823	0.70553	0.727199	0.717306	0.670641	0.58015	0.457639	0.333085	0.249642	0.238812	0.315461	0.454342	0.612937	0.742306	0.813242	0.82012	0.765474	0.653657	0.479733	0.249309	-0.00887492	-0.246168	-0.406523	-0.446687	-0.371011	-0.206615	-0.00946759	0.177111	0.328711	0.435431	0.492837	0.512387	0.495247	0.460296	0.407146	0.336525	0.253385	0.171358	0.111096	0.0847596	0.0813567	0.0801821	0.0733608	0.0663037	0.0724972	0.0912368	0.117518	0.149644	0.18386	0.223406	0.270671	0.319423	0.36163	0.387415	0.393224	0.375697	0.344293	0.288698	0.20243	0.0939197	-0.0284316	-0.156682	-0.290145	-0.41777	-0.53056	-0.616297	-0.672805	-0.701621	-0.699818	-0.668737	-0.612101	-0.537784	-0.44962	-0.352866	-0.25096	-0.15109	-0.0567603	0.0293259	0.0995835	0.153649	0.183616	0.189066	0.171156	0.127833	0.0695809	0	
0	0.00614771	0.0225449	0.0543007	0.0859105	0.111141	0.126707	0.155908	0.214335	0.298655	0.391221	0.47348	0.553002	0.630464	0.70553	0.76076	0.785156	0.770065	0.704847	0.589341	0.432961	0.272906	0.155219	0.120058	0.18213	0.319516	0.484439	0.631492	0.720267	0.747998	0.708321	0.605895	0.439049	0.217172	-0.0349876	-0.261364	-0.411629	-0.439912	-0.354205	-0.180965	0.0264239	0.224057	0.384679	0.501062	0.5717	0.602877	0.599648	0.580773	0.544904	0.492652	0.429077	0.363813	0.314142	0.290984	0.277869	0.264594	0.236927	0.203712	0.179498	0.168193	0.164196	0.165968	0.171524	0.178624	0.195613	0.213149	0.226289	0.229526	0.217612	0.18574	0.145062	0.0857155	0.00212076	-0.0958149	-0.202282	-0.310312	-0.415777	-0.505563	-0.575721	-0.613033	-0.613959	-0.585465	-0.526354	-0.445433	-0.354949	-0.260262	-0.168781	-0.0856847	-0.00609457	0.0632198	0.125821	0.180636	0.214808	0.23523	0.23524	0.212486	0.173779	0.121383	0.0645416	0	
0	0.00240787	0.0140809	0.0399204	0.0646672	0.0864837	0.101454	0.134399	0.194113	0.280149	0.377147	0.467745	0.559458	0.643838	0.727199	0.785156	0.809179	0.779901	0.690534	0.541779	0.34893	0.151605	0.00277078	-0.0529405	0.00173906	0.140968	0.319981	0.48227	0.592238	0.636769	0.610311	0.5177	0.3596	0.147706	-0.0883648	-0.303962	-0.439543	-0.454228	-0.36086	-0.178408	0.0417501	0.250325	0.42203	0.55038	0.630089	0.672285	0.680104	0.677653	0.658684	0.626992	0.585595	0.537272	0.494319	0.465068	0.441104	0.409437	0.362604	0.30928	0.266307	0.23189	0.20091	0.178798	0.152796	0.124049	0.101967	0.0830356	0.0601489	0.0328208	0.000695356	-0.047265	-0.0940364	-0.151943	-0.224275	-0.299266	-0.376846	-0.451182	-0.512874	-0.553347	-0.575102	-0.561606	-0.511542	-0.43343	-0.331211	-0.212661	-0.0910704	0.0180838	0.113792	0.190799	0.249277	0.290971	0.321145	0.340242	0.338265	0.321167	0.289312	0.241204	0.180338	0.117931	0.0627976	0	
0	-0.0016215	0.00526631	0.0231546	0.0419289	0.058277	0.0749382	0.109263	0.170965	0.256351	0.354866	0.452325	0.549395	0.637541	0.717306	0.770065	0.779901	0.726705	0.600658	0.412216	0.177941	-0.05395	-0.22976	-0.298097	-0.244952	-0.0949997	0.0981342	0.282531	0.411179	0.475532	0.465654	0.385595	0.239759	0.0444738	-0.179519	-0.381029	-0.505938	-0.512012	-0.40831	-0.214528	0.0202834	0.247572	0.434517	0.571098	0.66065	0.708506	0.724123	0.733078	0.729495	0.714258	0.687307	0.649821	0.611006	0.578414	0.539412	0.498157	0.443144	0.379115	0.319358	0.265606	0.21342	0.162596	0.106826	0.0434324	-0.0130403	-0.0693393	-0.131445	-0.188921	-0.244563	-0.306937	-0.358656	-0.410838	-0.464477	-0.508429	-0.545776	-0.576585	-0.587531	-0.568835	-0.530181	-0.461437	-0.362506	-0.242642	-0.106997	0.0326957	0.162747	0.279884	0.377501	0.444161	0.488724	0.506907	0.50607	0.492798	0.452699	0.402055	0.346424	0.277061	0.202633	0.13302	0.0690108	0	
0	-0.00673554	-0.00754603	0.00201019	0.0112471	0.0239264	0.0393395	0.0765977	0.137767	0.221605	0.319653	0.419287	0.518876	0.601772	0.670641	0.704847	0.690534	0.600658	0.430584	0.194868	-0.08056	-0.344691	-0.541664	-0.617377	-0.559999	-0.398831	-0.185288	0.0196144	0.174702	0.264979	0.279541	0.222041	0.0953023	-0.0854523	-0.294762	-0.491324	-0.612841	-0.61342	-0.504794	-0.301372	-0.0495667	0.195481	0.396011	0.544423	0.641364	0.696002	0.71928	0.738632	0.742562	0.732351	0.709607	0.67253	0.630506	0.591156	0.55293	0.512578	0.456623	0.388698	0.320954	0.250248	0.171698	0.0983041	0.0178119	-0.073256	-0.159849	-0.243724	-0.332193	-0.414453	-0.487402	-0.561106	-0.615252	-0.660445	-0.69685	-0.709943	-0.70716	-0.690979	-0.642974	-0.561462	-0.460966	-0.331259	-0.182017	-0.0261459	0.129734	0.277448	0.406554	0.511501	0.599066	0.660716	0.691403	0.690404	0.664281	0.616603	0.542886	0.46163	0.384968	0.306092	0.223288	0.147884	0.0794041	0	
0	-0.0139802	-0.0232368	-0.0263079	-0.0256747	-0.0205456	-0.00502473	0.0314402	0.0914147	0.170908	0.264784	0.363508	0.458722	0.531911	0.58015	0.589341	0.541779	0.412216	0.194868	-0.0854588	-0.397299	-0.6864	-0.897065	-0.975391	-0.912796	-0.737343	-0.505941	-0.2749	-0.0894434	0.0329939	0.0809813	0.0492473	-0.0588926	-0.225662	-0.428804	-0.623538	-0.743599	-0.744602	-0.631493	-0.42367	-0.164789	0.0895164	0.299853	0.454658	0.563174	0.628768	0.663391	0.687977	0.690914	0.674406	0.640518	0.594086	0.547811	0.507576	0.464209	0.423681	0.373471	0.309043	0.236037	0.154457	0.063529	-0.0284148	-0.127933	-0.236648	-0.33783	-0.43424	-0.535631	-0.624428	-0.700004	-0.773732	-0.827254	-0.869507	-0.893821	-0.881618	-0.842151	-0.781321	-0.679759	-0.536889	-0.374328	-0.195205	-0.00969814	0.171556	0.339013	0.484896	0.603396	0.699633	0.775722	0.820148	0.837539	0.820794	0.772312	0.702201	0.60219	0.493761	0.398639	0.306854	0.218407	0.144079	0.0758566	0	
0	-0.0203761	-0.0389196	-0.0529142	-0.0619617	-0.0615583	-0.0471669	-0.0105472	0.046064	0.11986	0.20557	0.297989	0.382111	0.437414	0.457639	0.432961	0.34893	0.177941	-0.08056	-0.397299	-0.733076	-1.03341	-1.24653	-1.32042	-1.24819	-1.05983	-0.808981	-0.553068	-0.33729	-0.1817	-0.104442	-0.114267	-0.210141	-0.372151	-0.573466	-0.768743	-0.891351	-0.892865	-0.78076	-0.574936	-0.315737	-0.0561874	0.16048	0.323417	0.441028	0.513125	0.549906	0.570788	0.566311	0.537507	0.493006	0.439049	0.384919	0.333169	0.284406	0.242113	0.191342	0.128088	0.0576247	-0.0241451	-0.119606	-0.215375	-0.316642	-0.429103	-0.534538	-0.630261	-0.726423	-0.808385	-0.877166	-0.942038	-0.98934	-1.02437	-1.03645	-1.00303	-0.930817	-0.829473	-0.680699	-0.493074	-0.29202	-0.0822325	0.119375	0.305122	0.472066	0.61351	0.723784	0.808185	0.874174	0.910264	0.911306	0.876555	0.81302	0.726626	0.614571	0.496776	0.391839	0.292875	0.200716	0.127062	0.0648215	0	
0	-0.0223713	-0.0460892	-0.0668427	-0.0813578	-0.0816781	-0.0656988	-0.0280404	0.0257275	0.0917043	0.167193	0.247055	0.314726	0.346226	0.333085	0.272906	0.151605	-0.05395	-0.344691	-0.6864	-1.03341	-1.33577	-1.54395	-1.61037	-1.52901	-1.32635	-1.05543	-0.773265	-0.525683	-0.342497	-0.243883	-0.245835	-0.345361	-0.517209	-0.726705	-0.928468	-1.0541	-1.05772	-0.946115	-0.743196	-0.483684	-0.219372	0.00437406	0.174431	0.295858	0.365581	0.395902	0.403516	0.382643	0.339714	0.284616	0.223352	0.165898	0.110629	0.0524971	-0.002528	-0.0589516	-0.120635	-0.189116	-0.265946	-0.353594	-0.440568	-0.5309	-0.628557	-0.718416	-0.801583	-0.887214	-0.962079	-1.0215	-1.07388	-1.10929	-1.12971	-1.12292	-1.06289	-0.96265	-0.834901	-0.663474	-0.457288	-0.240143	-0.0269126	0.169756	0.349601	0.509729	0.64481	0.750125	0.827755	0.878369	0.894407	0.877718	0.829708	0.760271	0.679623	0.581065	0.473928	0.376209	0.281884	0.189738	0.116054	0.0578266	0	
0	-0.0202717	-0.0436166	-0.0673636	-0.0797804	-0.076566	-0.0524652	-0.0103936	0.0441588	0.105901	0.171212	0.239156	0.287827	0.295114	0.249642	0.155219	0.00277078	-0.22976	-0.541664	-0.897065	-1.24653	-1.54395	-1.74283	-1.80173	-1.71046	-1.49444	-1.20531	-0.899015	-0.628603	-0.429224	-0.324391	-0.333611	-0.448981	-0.637889	-0.861684	-1.07241	-1.2056	-1.21865	-1.11386	-0.916118	-0.656304	-0.383682	-0.146406	0.0301591	0.149102	0.207061	0.217639	0.200206	0.16069	0.103635	0.0388474	-0.0244537	-0.0837229	-0.145594	-0.210562	-0.270045	-0.325945	-0.385568	-0.449656	-0.521413	-0.596782	-0.66542	-0.728807	-0.797814	-0.86563	-0.931266	-1.00606	-1.07606	-1.13364	-1.17722	-1.19849	-1.1994	-1.16725	-1.08325	-0.962402	-0.820615	-0.648382	-0.451442	-0.246783	-0.0475891	0.135109	0.302144	0.452049	0.575322	0.665703	0.72839	0.764142	0.765503	0.736347	0.684765	0.623409	0.561687	0.492563	0.417522	0.344369	0.266528	0.185678	0.115117	0.0553697	0	
0	-0.00864632	-0.0244492	-0.0389378	-0.0433017	-0.0248693	0.0110682	0.0639972	0.122183	0.181724	0.239304	0.29368	0.324976	0.31052	0.238812	0.120058	-0.0529405	-0.298097	-0.617377	-0.975391	-1.32042	-1.61037	-1.80173	-1.85605	-1.75982	-1.53613	-1.23389	-0.913037	-0.631393	-0.428248	-0.33211	-0.35813	-0.495641	-0.707903	-0.949808	-1.17291	-1.3212	-1.34537	-1.24939	-1.0563	-0.795318	-0.515539	-0.275297	-0.100112	0.00668563	0.0458018	0.0371582	0.000995549	-0.0549091	-0.128267	-0.203786	-0.275288	-0.338151	-0.399356	-0.461249	-0.520486	-0.575336	-0.627589	-0.682927	-0.740085	-0.798408	-0.848201	-0.889172	-0.933862	-0.979047	-1.03117	-1.09461	-1.1603	-1.21239	-1.24344	-1.25204	-1.23622	-1.18666	-1.08615	-0.955215	-0.814287	-0.65753	-0.48546	-0.307208	-0.137227	0.0171404	0.161181	0.294974	0.402905	0.476501	0.519183	0.5336	0.52577	0.499175	0.459453	0.421021	0.386857	0.349496	0.308657	0.267094	0.222083	0.168669	0.111847	0.0572118	0	
0	0.0119804	0.0154311	0.0180704	0.0347342	0.0739297	0.130726	0.197058	0.263423	0.323162	0.375081	0.417374	0.434185	0.402961	0.315461	0.18213	0.00173906	-0.244952	-0.559999	-0.912796	-1.24819	-1.52901	-1.71046	-1.75982	-1.65933	-1.43051	-1.12379	-0.801118	-0.523309	-0.335197	-0.259391	-0.310975	-0.474847	-0.710406	-0.971217	-1.20983	-1.3697	-1.40732	-1.3205	-1.13338	-0.878588	-0.606886	-0.374049	-0.21193	-0.125529	-0.103545	-0.129496	-0.182636	-0.253224	-0.33633	-0.421372	-0.495745	-0.557926	-0.617098	-0.678977	-0.739317	-0.784652	-0.820761	-0.855472	-0.894789	-0.933898	-0.967076	-0.995213	-1.02902	-1.06924	-1.11503	-1.16807	-1.22282	-1.26227	-1.27924	-1.27469	-1.24977	-1.19444	-1.09223	-0.963405	-0.826726	-0.688051	-0.545723	-0.401519	-0.270386	-0.153308	-0.0436739	0.0563977	0.134224	0.184482	0.209998	0.213976	0.204359	0.188916	0.171877	0.159814	0.155571	0.151588	0.144372	0.136796	0.12924	0.112587	0.082467	0.045048	0	
0	0.0418327	0.0729301	0.103657	0.14786	0.215709	0.294784	0.376852	0.450151	0.510131	0.555629	0.586027	0.590152	0.548884	0.454342	0.319516	0.140968	-0.0949997	-0.398831	-0.737343	-1.05983	-1.32635	-1.49444	-1.53613	-1.43051	-1.20178	-0.899728	-0.586361	-0.327607	-0.161522	-0.113845	-0.193354	-0.383625	-0.645793	-0.930302	-1.18377	-1.35854	-1.4058	-1.32759	-1.1512	-0.911678	-0.659761	-0.449123	-0.309626	-0.245286	-0.243231	-0.283783	-0.349342	-0.42591	-0.515707	-0.601729	-0.673446	-0.731926	-0.787259	-0.844972	-0.898151	-0.935026	-0.954533	-0.967861	-0.982773	-1.00388	-1.03054	-1.05889	-1.09501	-1.13582	-1.18159	-1.22765	-1.2718	-1.29781	-1.29793	-1.27936	-1.24596	-1.18714	-1.09004	-0.971042	-0.84787	-0.733865	-0.620229	-0.510771	-0.42081	-0.349366	-0.28888	-0.229869	-0.188033	-0.168304	-0.161431	-0.165183	-0.168234	-0.167407	-0.164928	-0.152017	-0.130345	-0.105268	-0.0749645	-0.0445572	-0.0104217	0.0173054	0.023216	0.0168878	0	
0	0.075275	0.138022	0.201092	0.275322	0.371704	0.470513	0.563661	0.639732	0.696001	0.733768	0.751857	0.747621	0.701926	0.612937	0.484439	0.319981	0.0981342	-0.185288	-0.505941	-0.808981	-1.05543	-1.20531	-1.23389	-1.12379	-0.899728	-0.608989	-0.315723	-0.0801904	0.059108	0.0778361	-0.0286872	-0.247903	-0.537457	-0.845378	-1.1146	-1.29839	-1.35404	-1.29044	-1.13221	-0.922089	-0.70214	-0.520708	-0.40217	-0.359183	-0.370315	-0.424812	-0.498034	-0.582178	-0.672608	-0.754433	-0.819059	-0.869093	-0.912693	-0.958737	-1.00502	-1.02814	-1.02789	-1.02055	-1.0243	-1.04121	-1.06731	-1.09824	-1.1354	-1.17643	-1.22209	-1.26444	-1.30369	-1.32095	-1.30718	-1.27149	-1.22183	-1.15618	-1.06362	-0.958908	-0.859492	-0.777524	-0.701247	-0.628756	-0.574886	-0.542821	-0.526545	-0.519863	-0.525133	-0.535888	-0.549249	-0.560261	-0.558603	-0.546271	-0.527924	-0.495894	-0.4486	-0.391746	-0.324758	-0.256508	-0.185181	-0.119175	-0.0725846	-0.03266	0	
0	0.106185	0.200213	0.292336	0.394913	0.511856	0.623459	0.71759	0.789216	0.835595	0.863655	0.870094	0.861222	0.819192	0.742306	0.631492	0.48227	0.282531	0.0196144	-0.2749	-0.553068	-0.773265	-0.899015	-0.913037	-0.801118	-0.586361	-0.315723	-0.0458054	0.163794	0.276872	0.269967	0.136209	-0.107361	-0.4204	-0.745339	-1.02342	-1.21202	-1.27935	-1.23607	-1.10965	-0.933619	-0.750447	-0.59432	-0.494129	-0.465006	-0.48937	-0.55203	-0.631546	-0.716847	-0.804274	-0.882887	-0.941419	-0.981256	-1.00922	-1.03977	-1.0645	-1.07038	-1.05864	-1.0451	-1.04615	-1.06466	-1.0935	-1.12653	-1.16168	-1.19903	-1.24138	-1.28024	-1.31392	-1.3214	-1.29594	-1.24041	-1.17342	-1.09784	-1.00991	-0.924359	-0.851025	-0.806446	-0.768187	-0.733461	-0.716207	-0.718147	-0.742692	-0.778684	-0.826024	-0.876075	-0.912227	-0.930567	-0.927391	-0.903651	-0.870978	-0.823676	-0.755466	-0.671767	-0.574266	-0.476326	-0.374705	-0.275623	-0.187966	-0.0931556	0	
0	0.131891	0.251256	0.368442	0.490237	0.619268	0.730239	0.815774	0.871688	0.904173	0.918146	0.91603	0.905003	0.871137	0.813242	0.720267	0.592238	0.411179	0.174702	-0.0894434	-0.33729	-0.525683	-0.628603	-0.631393	-0.523309	-0.327607	-0.0801904	0.163794	0.348555	0.440859	0.410155	0.256663	-0.0044103	-0.328476	-0.659657	-0.937766	-1.1289	-1.20732	-1.19052	-1.0936	-0.952693	-0.799091	-0.66525	-0.579584	-0.560567	-0.589982	-0.657897	-0.736299	-0.820687	-0.910914	-0.988257	-1.04173	-1.07029	-1.07947	-1.08576	-1.0937	-1.09282	-1.07845	-1.06206	-1.06405	-1.08451	-1.11454	-1.14971	-1.18611	-1.21939	-1.2545	-1.28496	-1.30277	-1.2929	-1.24829	-1.17567	-1.09738	-1.0202	-0.943193	-0.873218	-0.826099	-0.809792	-0.803288	-0.808035	-0.826746	-0.865109	-0.924888	-0.99545	-1.07118	-1.14044	-1.19555	-1.22529	-1.22354	-1.19541	-1.15049	-1.08395	-0.997038	-0.899818	-0.78599	-0.668859	-0.54861	-0.41964	-0.289497	-0.14732	0	
0	0.150289	0.28898	0.42289	0.555699	0.683691	0.783355	0.847882	0.882589	0.895266	0.89784	0.888757	0.880849	0.858937	0.82012	0.747998	0.636769	0.475532	0.264979	0.0329939	-0.1817	-0.342497	-0.429224	-0.428248	-0.335197	-0.161522	0.059108	0.276872	0.440859	0.511623	0.464099	0.298306	0.0346637	-0.28369	-0.603651	-0.873647	-1.06018	-1.14773	-1.15005	-1.07878	-0.960235	-0.828982	-0.711526	-0.633043	-0.615797	-0.647536	-0.714784	-0.793101	-0.885357	-0.978488	-1.05659	-1.10677	-1.12329	-1.11463	-1.11138	-1.11487	-1.11611	-1.10638	-1.09149	-1.09161	-1.11289	-1.14417	-1.18178	-1.21884	-1.2476	-1.27131	-1.28117	-1.27123	-1.23245	-1.16888	-1.08218	-0.998918	-0.9315	-0.870274	-0.819438	-0.789616	-0.790442	-0.808608	-0.844049	-0.898068	-0.969877	-1.05891	-1.15193	-1.2363	-1.30872	-1.36499	-1.39716	-1.40194	-1.37231	-1.31774	-1.23915	-1.13731	-1.03071	-0.917108	-0.796443	-0.664438	-0.51901	-0.359531	-0.179397	0	
0	0.162188	0.314116	0.457658	0.59297	0.709735	0.788116	0.825187	0.83319	0.827063	0.817413	0.806202	0.800687	0.789669	0.765474	0.708321	0.610311	0.465654	0.279541	0.0809813	-0.104442	-0.243883	-0.324391	-0.33211	-0.259391	-0.113845	0.0778361	0.269967	0.410155	0.464099	0.407562	0.243634	-0.0036354	-0.297721	-0.594565	-0.847389	-1.02302	-1.10863	-1.11591	-1.05258	-0.94361	-0.823941	-0.712518	-0.637392	-0.615545	-0.643852	-0.712067	-0.796921	-0.893831	-0.99256	-1.07241	-1.11827	-1.12923	-1.12129	-1.12087	-1.12852	-1.14036	-1.14093	-1.13031	-1.13275	-1.15572	-1.1888	-1.23046	-1.26889	-1.28675	-1.28597	-1.26978	-1.22799	-1.16105	-1.07834	-0.981193	-0.898257	-0.838167	-0.791586	-0.756689	-0.743447	-0.754806	-0.785163	-0.845465	-0.926217	-1.02125	-1.12719	-1.22675	-1.30626	-1.36726	-1.41075	-1.43055	-1.42893	-1.39835	-1.33993	-1.25578	-1.15368	-1.05269	-0.944404	-0.825343	-0.695024	-0.544477	-0.372945	-0.185914	0	
0	0.166056	0.322937	0.468093	0.595936	0.692695	0.74161	0.747757	0.728107	0.705091	0.686442	0.67564	0.67292	0.669194	0.653657	0.605895	0.5177	0.385595	0.222041	0.0492473	-0.114267	-0.245835	-0.333611	-0.35813	-0.310975	-0.193354	-0.0286872	0.136209	0.256663	0.298306	0.243634	0.0974256	-0.120601	-0.379454	-0.644124	-0.872689	-1.02609	-1.09212	-1.08549	-1.01417	-0.901244	-0.779079	-0.66681	-0.585495	-0.553538	-0.58118	-0.652738	-0.741694	-0.844869	-0.94648	-1.02488	-1.07657	-1.09731	-1.10064	-1.11235	-1.13499	-1.16265	-1.17725	-1.17679	-1.18561	-1.21646	-1.25672	-1.29721	-1.32455	-1.32122	-1.2937	-1.24816	-1.17523	-1.08428	-0.987882	-0.88609	-0.802659	-0.74951	-0.711261	-0.685237	-0.684852	-0.705734	-0.748668	-0.820676	-0.909197	-1.00866	-1.11207	-1.2035	-1.26668	-1.30688	-1.32963	-1.32909	-1.31045	-1.27065	-1.21366	-1.13882	-1.04797	-0.958981	-0.861144	-0.745572	-0.622806	-0.489189	-0.333692	-0.164089	0	
0	0.156921	0.305483	0.44017	0.548665	0.615707	0.630302	0.60322	0.559938	0.522395	0.499888	0.491295	0.491316	0.491899	0.479733	0.439049	0.3596	0.239759	0.0953023	-0.0588926	-0.210141	-0.345361	-0.448981	-0.495641	-0.474847	-0.383625	-0.247903	-0.107361	-0.0044103	0.0346637	-0.0036354	-0.120601	-0.299615	-0.517449	-0.746348	-0.942264	-1.06341	-1.09791	-1.06353	-0.973143	-0.845105	-0.70909	-0.585716	-0.493284	-0.45289	-0.477868	-0.5505	-0.642458	-0.746678	-0.848055	-0.936064	-1.00232	-1.03961	-1.06338	-1.09398	-1.13077	-1.17374	-1.20882	-1.22969	-1.25531	-1.29422	-1.33147	-1.35986	-1.37144	-1.34418	-1.28488	-1.20747	-1.10969	-1.00187	-0.898088	-0.796173	-0.712786	-0.661895	-0.625857	-0.607679	-0.615559	-0.640759	-0.692163	-0.770285	-0.85604	-0.93745	-1.01286	-1.0766	-1.11598	-1.13594	-1.13471	-1.10816	-1.06922	-1.01981	-0.96537	-0.906613	-0.839426	-0.769347	-0.683872	-0.577066	-0.46964	-0.365777	-0.247922	-0.119918	0	
0	0.133323	0.260287	0.370719	0.449601	0.479694	0.456682	0.399157	0.33448	0.287299	0.262142	0.256241	0.258158	0.260086	0.249309	0.217172	0.147706	0.0444738	-0.0854523	-0.225662	-0.372151	-0.517209	-0.637889	-0.707903	-0.710406	-0.645793	-0.537457	-0.4204	-0.328476	-0.28369	-0.297721	-0.379454	-0.517449	-0.693279	-0.878202	-1.03432	-1.11496	-1.11074	-1.04379	-0.929481	-0.778911	-0.624999	-0.4868	-0.385623	-0.335381	-0.353527	-0.416565	-0.502648	-0.602031	-0.711389	-0.815493	-0.904053	-0.965269	-1.00937	-1.05271	-1.10564	-1.17282	-1.23658	-1.28445	-1.32508	-1.36779	-1.40136	-1.41687	-1.40356	-1.34549	-1.25406	-1.15083	-1.034	-0.913236	-0.804524	-0.7033	-0.622678	-0.569099	-0.529545	-0.514791	-0.530226	-0.563447	-0.614905	-0.684735	-0.753802	-0.807832	-0.848664	-0.87268	-0.878073	-0.871888	-0.849169	-0.804971	-0.749341	-0.692878	-0.642581	-0.597059	-0.552112	-0.506425	-0.445274	-0.3622	-0.281667	-0.213937	-0.14063	-0.064075	0	
0	0.0982952	0.191013	0.268826	0.310175	0.302702	0.244421	0.162192	0.0822145	0.0289752	0.00154798	-0.00245437	-0.0010158	-2.45319e-05	-0.00887492	-0.0349876	-0.0883648	-0.179519	-0.294762	-0.428804	-0.573466	-0.726705	-0.861684	-0.949808	-0.971217	-0.930302	-0.845378	-0.745339	-0.659657	-0.603651	-0.594565	-0.644124	-0.746348	-0.878202	-1.01855	-1.12619	-1.16481	-1.11944	-1.01674	-0.872116	-0.702845	-0.530568	-0.387862	-0.281518	-0.221531	-0.219719	-0.264038	-0.335428	-0.431888	-0.549486	-0.669472	-0.7768	-0.855552	-0.918158	-0.981042	-1.05841	-1.1478	-1.2368	-1.30938	-1.3668	-1.41448	-1.4436	-1.44061	-1.40463	-1.32321	-1.20889	-1.08228	-0.951121	-0.826022	-0.713748	-0.613934	-0.530172	-0.473051	-0.431646	-0.416998	-0.434061	-0.465077	-0.510356	-0.561004	-0.600446	-0.621779	-0.62558	-0.614962	-0.592602	-0.558891	-0.51128	-0.453028	-0.394109	-0.343473	-0.303559	-0.26723	-0.23498	-0.212181	-0.182614	-0.138272	-0.098077	-0.0674637	-0.0359058	-0.00985533	0	
0	0.0519583	0.100475	0.137241	0.139194	0.0968366	0.0127224	-0.0852128	-0.168588	-0.223997	-0.246225	-0.249241	-0.242773	-0.240339	-0.246168	-0.261364	-0.303962	-0.381029	-0.491324	-0.623538	-0.768743	-0.928468	-1.07241	-1.17291	-1.20983	-1.18377	-1.1146	-1.02342	-0.937766	-0.873647	-0.847389	-0.872689	-0.942264	-1.03432	-1.12619	-1.18919	-1.18842	-1.10525	-0.966935	-0.797321	-0.608913	-0.430635	-0.28653	-0.1744	-0.102435	-0.0800931	-0.104011	-0.165401	-0.258861	-0.375291	-0.500295	-0.613896	-0.707029	-0.787341	-0.870717	-0.968877	-1.08091	-1.19305	-1.28711	-1.35502	-1.40107	-1.4199	-1.40498	-1.35565	-1.26218	-1.13671	-1.00002	-0.868296	-0.740477	-0.628987	-0.532555	-0.4539	-0.395878	-0.349637	-0.336318	-0.345206	-0.362457	-0.382053	-0.39866	-0.407287	-0.396037	-0.369503	-0.328163	-0.278961	-0.224529	-0.161918	-0.101354	-0.0504636	-0.0152391	0.00787976	0.0306983	0.0508048	0.0602329	0.061533	0.0634097	0.0663714	0.0586369	0.0474798	0.0351737	0	
0	0.000690321	0.000858075	-0.00499949	-0.0388622	-0.106102	-0.204543	-0.303079	-0.382241	-0.428625	-0.444149	-0.438233	-0.421982	-0.411487	-0.406523	-0.411629	-0.439543	-0.505938	-0.612841	-0.743599	-0.891351	-1.0541	-1.2056	-1.3212	-1.3697	-1.35854	-1.29839	-1.21202	-1.1289	-1.06018	-1.02302	-1.02609	-1.06341	-1.11496	-1.16481	-1.18842	-1.15545	-1.04167	-0.875925	-0.684853	-0.491459	-0.312449	-0.165196	-0.0472654	0.0371289	0.0794331	0.0666698	0.0108453	-0.0744671	-0.187727	-0.308723	-0.421252	-0.520307	-0.612711	-0.710614	-0.828055	-0.957343	-1.08685	-1.19724	-1.27222	-1.3136	-1.32441	-1.30148	-1.24435	-1.15133	-1.03259	-0.904762	-0.781091	-0.66214	-0.555914	-0.465828	-0.396699	-0.3416	-0.296739	-0.274806	-0.269776	-0.269449	-0.25663	-0.235514	-0.207725	-0.16881	-0.114232	-0.0423117	0.028184	0.0990374	0.16681	0.216698	0.247921	0.259816	0.261178	0.268122	0.274578	0.26742	0.251657	0.226354	0.192617	0.15304	0.106555	0.057486	0	
0	-0.0496457	-0.0960282	-0.141066	-0.201143	-0.281045	-0.376675	-0.463593	-0.524413	-0.554709	-0.553069	-0.531185	-0.495056	-0.467463	-0.446687	-0.439912	-0.454228	-0.512012	-0.61342	-0.744602	-0.892865	-1.05772	-1.21865	-1.34537	-1.40732	-1.4058	-1.35404	-1.27935	-1.20732	-1.14773	-1.10863	-1.09212	-1.09791	-1.11074	-1.11944	-1.10525	-1.04167	-0.903962	-0.720731	-0.524727	-0.334571	-0.157959	-0.00891631	0.117381	0.209684	0.260214	0.254583	0.210464	0.131712	0.0279146	-0.0872468	-0.200521	-0.307867	-0.405849	-0.512095	-0.637757	-0.774382	-0.912577	-1.02996	-1.11069	-1.15283	-1.15923	-1.13033	-1.07391	-0.991801	-0.890682	-0.78206	-0.682907	-0.588853	-0.501285	-0.422911	-0.360134	-0.308946	-0.266043	-0.240447	-0.221203	-0.197903	-0.154867	-0.0963365	-0.0324827	0.035996	0.115419	0.20703	0.292496	0.365565	0.420798	0.452029	0.465602	0.466477	0.455025	0.444369	0.434369	0.411105	0.377414	0.330386	0.273239	0.203942	0.126294	0.0619582	0	
0	-0.0936125	-0.180917	-0.256268	-0.332405	-0.409558	-0.488806	-0.550824	-0.583935	-0.589249	-0.562982	-0.517763	-0.456063	-0.406757	-0.371011	-0.354205	-0.36086	-0.40831	-0.504794	-0.631493	-0.78076	-0.946115	-1.11386	-1.24939	-1.3205	-1.32759	-1.29044	-1.23607	-1.19052	-1.15005	-1.11591	-1.08549	-1.06353	-1.04379	-1.01674	-0.966935	-0.875925	-0.720731	-0.530212	-0.332626	-0.143946	0.0291636	0.179877	0.302902	0.388527	0.440779	0.445126	0.413527	0.349771	0.256557	0.144735	0.0313244	-0.0784042	-0.181683	-0.295109	-0.419433	-0.550486	-0.678806	-0.791738	-0.872719	-0.914986	-0.919588	-0.896579	-0.85134	-0.784281	-0.709199	-0.637078	-0.57619	-0.514182	-0.451602	-0.391387	-0.344228	-0.301059	-0.258502	-0.225019	-0.194297	-0.153843	-0.080368	0.0106923	0.103022	0.194506	0.290011	0.38788	0.46841	0.529953	0.571603	0.590345	0.594696	0.592142	0.577951	0.556987	0.529966	0.490026	0.441375	0.377983	0.30698	0.227485	0.137533	0.0629867	0	
0	-0.133813	-0.256545	-0.359767	-0.44365	-0.511865	-0.566283	-0.596219	-0.596162	-0.566625	-0.508355	-0.429627	-0.335925	-0.260303	-0.206615	-0.180965	-0.178408	-0.214528	-0.301372	-0.42367	-0.574936	-0.743196	-0.916118	-1.0563	-1.13338	-1.1512	-1.13221	-1.10965	-1.0936	-1.07878	-1.05258	-1.01417	-0.973143	-0.929481	-0.872116	-0.797321	-0.684853	-0.524727	-0.332626	-0.131057	0.0626526	0.235353	0.383007	0.490675	0.56411	0.609814	0.617644	0.598356	0.545039	0.458893	0.355078	0.242659	0.127332	0.0183877	-0.0948617	-0.211644	-0.328895	-0.441333	-0.536513	-0.604349	-0.637476	-0.635191	-0.612984	-0.578268	-0.539492	-0.501842	-0.468792	-0.437782	-0.40512	-0.373033	-0.338758	-0.318886	-0.30113	-0.272155	-0.230043	-0.182119	-0.124288	-0.0356197	0.0710596	0.180851	0.28378	0.384498	0.478903	0.550794	0.595261	0.617611	0.630827	0.636165	0.635097	0.617771	0.587578	0.554969	0.508831	0.452022	0.384975	0.312174	0.23774	0.154303	0.0733758	0	
0	-0.168414	-0.323137	-0.450054	-0.54011	-0.597203	-0.625426	-0.623082	-0.587174	-0.518539	-0.424035	-0.30641	-0.182579	-0.0789041	-0.00946759	0.0264239	0.0417501	0.0202834	-0.0495667	-0.164789	-0.315737	-0.483684	-0.656304	-0.795318	-0.878588	-0.911678	-0.922089	-0.933619	-0.952693	-0.960235	-0.94361	-0.901244	-0.845105	-0.778911	-0.702845	-0.608913	-0.491459	-0.334571	-0.143946	0.0626526	0.25952	0.429132	0.561973	0.652662	0.714669	0.752074	0.761577	0.745404	0.692284	0.606965	0.5022	0.384887	0.270187	0.163427	0.0534155	-0.0512061	-0.153559	-0.245069	-0.314781	-0.359499	-0.370166	-0.348071	-0.317217	-0.298381	-0.284352	-0.275564	-0.272069	-0.264801	-0.257424	-0.251705	-0.250168	-0.262948	-0.277033	-0.265696	-0.22247	-0.167978	-0.0990369	-0.00885679	0.0913362	0.195454	0.295632	0.391092	0.474075	0.535951	0.568184	0.580832	0.590015	0.593863	0.595495	0.579985	0.550349	0.520047	0.476109	0.419981	0.354956	0.288702	0.228392	0.160438	0.0819802	0	
0	-0.192297	-0.371543	-0.514973	-0.61148	-0.656472	-0.663377	-0.631213	-0.560867	-0.455808	-0.323052	-0.174907	-0.0254395	0.096501	0.177111	0.224057	0.250325	0.247572	0.195481	0.0895164	-0.0561874	-0.219372	-0.383682	-0.515539	-0.606886	-0.659761	-0.70214	-0.750447	-0.799091	-0.828982	-0.823941	-0.779079	-0.70909	-0.624999	-0.530568	-0.430635	-0.312449	-0.157959	0.0291636	0.235353	0.429132	0.582953	0.696995	0.773012	0.822615	0.848707	0.853015	0.834541	0.779305	0.690639	0.578287	0.452865	0.334147	0.226258	0.124742	0.0347737	-0.0489534	-0.112479	-0.14909	-0.161207	-0.147841	-0.108315	-0.0724065	-0.0536708	-0.0421544	-0.0428141	-0.0553997	-0.0681931	-0.0812103	-0.104761	-0.130419	-0.166712	-0.204927	-0.206805	-0.17465	-0.131606	-0.0748106	7.13294e-05	0.0863645	0.175026	0.258176	0.331397	0.391213	0.43864	0.46252	0.469965	0.480023	0.488186	0.493062	0.486666	0.464833	0.436923	0.398299	0.345528	0.289738	0.238726	0.189423	0.136494	0.0737771	0	
0	-0.207068	-0.401123	-0.559595	-0.660319	-0.700304	-0.690344	-0.633539	-0.533594	-0.39188	-0.228684	-0.0545199	0.108045	0.240352	0.328711	0.384679	0.42203	0.434517	0.396011	0.299853	0.16048	0.00437406	-0.146406	-0.275297	-0.374049	-0.449123	-0.520708	-0.59432	-0.66525	-0.711526	-0.712518	-0.66681	-0.585716	-0.4868	-0.387862	-0.28653	-0.165196	-0.00891631	0.179877	0.383007	0.561973	0.696995	0.788223	0.839921	0.869931	0.877087	0.870628	0.846783	0.788977	0.691432	0.567856	0.433351	0.313967	0.205587	0.10741	0.0285107	-0.0283442	-0.0529608	-0.0451057	-0.0197834	0.0149887	0.064341	0.11329	0.146703	0.169594	0.178567	0.16624	0.144466	0.109148	0.0596457	0.0150118	-0.0347456	-0.0870027	-0.10704	-0.0952539	-0.0759649	-0.0459138	0.00191573	0.0668291	0.139681	0.199605	0.2374	0.264173	0.291528	0.310032	0.323002	0.336777	0.342376	0.346495	0.346249	0.334064	0.313152	0.276904	0.234825	0.201333	0.166428	0.131031	0.0952483	0.0484016	0	
