0	0	0	0	0	0	0	0	0	0	0	0	0	0	0	0	0	0	0	0	0	0	0	0	0	0	0	0	0	0	0	0	0	0	0	0	0	0	0	0	0	0	0	0	0	0	0	0	0	0	0	0	0	0	0	0	0	0	0	0	0	0	0	0	0	0	0	0	0	0	0	0	0	0	0	0	0	0	0	0	0	0	0	0	0	0	0	0	0	0	0	0	0	0	0	0	0	0	0	0	
0	-0.00038594	-0.000468681	-0.00119886	-0.000318834	-0.00150794	0.000175725	-9.2826e-05	0.000332423	0.00183146	0.000771045	0.00138677	0.000348292	0.000532606	-0.00172032	-0.000105191	0.000477459	-0.00163233	0.00211747	0.000299989	-0.000917333	-0.0017423	-0.00092382	-0.000370802	-0.000255122	-0.00253373	-0.0034996	-0.003871	-0.00853024	-0.0130717	-0.0183217	-0.0248287	-0.0363291	-0.0406891	-0.0457217	-0.0438278	-0.0332636	-0.0112629	0.0119752	0.0434462	0.0678273	0.081677	0.0827979	0.0752517	0.0600047	0.0411041	0.0219816	0.00331587	-0.0175796	-0.0361337	-0.0448142	-0.0365082	-0.027183	-0.0147658	-0.00250923	0.00615388	0.00815596	0.00306283	-0.0019244	-0.00973151	-0.0107454	-0.00669906	-0.000460196	0.00295326	0.00400802	0.000841765	-0.00693189	-0.00814301	-0.00213869	0.00450828	0.00310218	-0.00528042	-0.00961792	-0.00298846	0.00320982	0.00282049	0.00227758	-0.00359457	-0.0102721	-0.0102541	-0.0054431	0.00218517	0.00618289	0.00753776	0.00546082	-0.00528414	-0.0172368	-0.0254086	-0.0308897	-0.0280149	-0.00883175	0.0219235	0.0493082	0.0724808	0.0944889	0.104773	0.0996281	0.0813573	0.0468189	0	
0	-0.000468681	0.00245606	0.00019434	0.00166351	0.00199279	-0.000377495	0.000257651	-0.00044063	-0.00348713	-0.00114334	-0.00186186	-0.00233112	0.00126878	0.000983152	1.00504e-06	0.00177573	-0.00167978	0.000311609	-0.00260002	0.00062068	0.00349503	0.0010195	-0.00256331	-8.22572e-05	-0.0019373	-0.00488205	-0.00796467	-0.0134807	-0.0235703	-0.0350842	-0.0500015	-0.0685704	-0.0796385	-0.0886273	-0.087283	-0.0633158	-0.0222158	0.0260069	0.0865858	0.136019	0.163488	0.16537	0.151271	0.119013	0.082761	0.0428993	0.00559248	-0.0357952	-0.0745771	-0.0891951	-0.0765067	-0.0551791	-0.0310989	-0.00626612	0.0134111	0.0158499	0.00896893	-0.00137965	-0.0174333	-0.0189825	-0.0130517	-0.00248225	0.00514583	0.00475263	-0.00165332	-0.013439	-0.0175767	-0.00252582	0.0128864	0.00640895	-0.00800633	-0.0179305	-0.0106301	0.0032894	0.00503746	0.0039139	-0.00484827	-0.015821	-0.0188611	-0.0149307	0.000305252	0.0142844	0.0174803	0.00914888	-0.0113199	-0.0331737	-0.0514847	-0.0631114	-0.0550151	-0.0157953	0.0442756	0.0984531	0.145111	0.188785	0.209362	0.199501	0.162575	0.0931062	0	
0	-0.00119886	0.00019434	-0.00291156	2.89516e-05	-0.00266715	-0.000117757	0.000106571	0.000385709	0.00288009	0.00170084	0.00240436	0.000446252	0.00129897	-0.00317968	-0.000548095	0.000609936	-0.0029128	0.0034779	0.000449647	-0.000987491	-0.00277343	-0.00290648	-0.00150366	-0.000905583	-0.00596643	-0.00903708	-0.0124852	-0.0246737	-0.0378104	-0.053601	-0.0748725	-0.10586	-0.121132	-0.134921	-0.130311	-0.0977401	-0.0358239	0.0359128	0.126692	0.200169	0.241611	0.247369	0.225254	0.180265	0.12481	0.0675515	0.0111436	-0.0507942	-0.106054	-0.130482	-0.111133	-0.0823894	-0.0459768	-0.00926881	0.0169638	0.022004	0.0110914	-0.00475443	-0.0264971	-0.0306132	-0.0207215	-0.00243581	0.00783289	0.0103352	0.000829236	-0.0195162	-0.0229856	-0.00558883	0.0128173	0.00767081	-0.0142553	-0.026297	-0.0107638	0.00763887	0.00896505	0.0053971	-0.0107735	-0.0283996	-0.0301317	-0.0165317	0.00646373	0.0189453	0.0216858	0.0131723	-0.0176903	-0.0521197	-0.0767588	-0.091742	-0.0807262	-0.0230559	0.0667687	0.148531	0.218799	0.28296	0.313308	0.299219	0.243466	0.138849	0	
0	-0.000318834	0.00166351	2.89516e-05	0.00148698	0.00106173	0.000326943	-6.65506e-06	-0.000275368	-0.00239878	-0.00127227	-0.00149192	-0.00223071	0.00133371	-7.17865e-05	0.000471012	0.0025466	-0.00332313	0.00214967	-0.00316528	-0.00104999	0.0025475	0.00104301	-0.00268212	-0.00173932	-0.00593568	-0.0111711	-0.0159393	-0.028266	-0.0477196	-0.0711684	-0.0996995	-0.135446	-0.158742	-0.176902	-0.171572	-0.12733	-0.0481653	0.0479405	0.166324	0.262741	0.319916	0.327781	0.300821	0.239789	0.168385	0.0909929	0.0155385	-0.0664943	-0.139744	-0.171066	-0.150626	-0.112172	-0.0636082	-0.0147935	0.0204588	0.0283702	0.0165398	-0.00280589	-0.0314138	-0.0382439	-0.0263547	-0.00585359	0.00912622	0.0103642	-0.00314166	-0.0250024	-0.0299728	-0.00606667	0.0182542	0.0103857	-0.0157637	-0.0321684	-0.0171173	0.00524373	0.00956318	0.00627236	-0.0128502	-0.0332286	-0.035961	-0.0231649	0.00376529	0.0244974	0.0293635	0.014832	-0.0242082	-0.0691544	-0.10498	-0.122924	-0.102464	-0.0253533	0.0896912	0.19803	0.293336	0.376979	0.416592	0.399009	0.323761	0.183467	0	
0	-0.00150794	0.00199279	-0.00266715	0.00106173	-0.00106526	-0.000802967	0.000348145	-0.000319369	0.000311929	0.000807993	0.000664491	-0.000159176	0.000776482	-0.0010737	-0.000587231	-0.000196185	-0.00108498	0.00128028	-0.000409745	0.000753063	0.000224651	-0.00369653	-0.0027476	-0.00260246	-0.00699252	-0.0121252	-0.0219632	-0.0390173	-0.0602352	-0.0865635	-0.124611	-0.168434	-0.199053	-0.21896	-0.212675	-0.158665	-0.0647073	0.0577153	0.200112	0.321538	0.392217	0.407746	0.373663	0.301837	0.213059	0.118609	0.0232602	-0.0776181	-0.166886	-0.206014	-0.187004	-0.140395	-0.0810203	-0.0214756	0.0214315	0.030577	0.020909	-0.00468374	-0.0368762	-0.0467176	-0.0345448	-0.0072999	0.0101434	0.0129722	-0.00289107	-0.0287346	-0.0331335	-0.00835899	0.0171704	0.00873163	-0.0201085	-0.0360719	-0.0197995	0.00681483	0.0143474	0.00528454	-0.0187495	-0.042066	-0.046365	-0.0254904	0.00984866	0.0303868	0.0323207	0.0131572	-0.0348637	-0.0889573	-0.129643	-0.149048	-0.123053	-0.0276177	0.114147	0.249819	0.368942	0.470048	0.519049	0.498568	0.402959	0.226885	0	
0	0.000175725	-0.000377495	-0.000117757	0.000326943	-0.000802967	0.000880509	-0.000244127	0.000307883	0.000611599	0.000102748	0.00021432	-0.000520496	0.00070825	-0.00190143	0.000162341	0.0007794	-0.00258472	0.00137267	-0.00111209	-0.00254374	-0.00172232	-0.00112909	-0.00176873	-0.00431495	-0.0103395	-0.0176108	-0.0258293	-0.0436173	-0.0711728	-0.106711	-0.148795	-0.197752	-0.235945	-0.261226	-0.251083	-0.190411	-0.0802326	0.0642983	0.231723	0.373927	0.462147	0.483774	0.446174	0.36314	0.259412	0.147221	0.0326287	-0.0873808	-0.189791	-0.239091	-0.222313	-0.170055	-0.100081	-0.0290617	0.0180006	0.034246	0.0237885	-0.00405288	-0.0392754	-0.05489	-0.0400268	-0.0113834	0.00977171	0.0136178	-0.0051764	-0.0316618	-0.0350339	-0.00986173	0.0145745	0.00830903	-0.0216097	-0.0390324	-0.0211594	0.00496981	0.0130448	0.00407742	-0.023026	-0.0491723	-0.0504744	-0.0248091	0.0105648	0.0312666	0.0331122	0.010931	-0.0426606	-0.108016	-0.159329	-0.177024	-0.136698	-0.0228714	0.138783	0.300486	0.445859	0.563658	0.620601	0.596779	0.480496	0.269296	0	
0	-9.2826e-05	0.000257651	0.000106571	-6.65506e-06	0.000348145	-0.000244127	-0.000614987	-0.000270273	-0.00167478	-0.000987521	-0.000954729	-0.000749052	-0.00023502	0.00105154	0.000469153	-0.000127312	0.000826497	-0.000277596	-0.000695384	0.000837552	0.00184434	-0.00140235	-0.00320886	-0.00546894	-0.00850417	-0.0157631	-0.0308951	-0.0518624	-0.0815897	-0.119888	-0.171231	-0.22516	-0.272551	-0.298049	-0.287623	-0.218897	-0.0970384	0.0717651	0.258795	0.423603	0.528023	0.558556	0.518157	0.426179	0.308462	0.179034	0.0440543	-0.092775	-0.209629	-0.267488	-0.258388	-0.200512	-0.121167	-0.0419546	0.0130257	0.0337567	0.0276175	-0.00239648	-0.0401147	-0.0586399	-0.0451685	-0.0154959	0.00833694	0.0114991	-0.00873919	-0.0328121	-0.0359598	-0.0120213	0.0124025	0.00514842	-0.0230281	-0.0376327	-0.0247899	0.00152703	0.0141233	0.000926747	-0.027645	-0.0531957	-0.0555694	-0.0272055	0.0120509	0.0361262	0.0348835	0.00289763	-0.0583859	-0.128949	-0.183769	-0.199412	-0.148341	-0.0173695	0.165867	0.35472	0.52381	0.655455	0.720849	0.693944	0.555897	0.310115	0	
0	0.000332423	-0.00044063	0.000385709	-0.000275368	-0.000319369	0.000307883	-0.000270273	0.000576324	0.000877022	0.000666904	0.000800719	0.000521382	-0.000769176	-0.000932674	-0.000961097	-0.00247473	0.000895494	-0.00279993	0.000620102	-0.0017311	-0.00293846	-0.00359944	-0.00267191	-0.00701661	-0.0122886	-0.0215476	-0.0370584	-0.0585103	-0.0928982	-0.138487	-0.194996	-0.253473	-0.308579	-0.336438	-0.324095	-0.25038	-0.116571	0.0735045	0.278374	0.464971	0.58561	0.627675	0.585618	0.488935	0.358142	0.213115	0.0590365	-0.0938359	-0.221431	-0.290442	-0.288939	-0.228036	-0.141931	-0.0551382	0.00465903	0.0322469	0.029062	-0.00307214	-0.0411534	-0.0633523	-0.0511164	-0.0202914	0.00490296	0.00926871	-0.00911685	-0.0314471	-0.0335079	-0.0139937	0.004874	-0.000435813	-0.0246667	-0.0360357	-0.0244936	1.45676e-05	0.012097	-0.00405836	-0.0327812	-0.0584	-0.0584398	-0.0242612	0.0152961	0.0357389	0.0294853	-0.00713824	-0.0719884	-0.149374	-0.210283	-0.221462	-0.15385	-0.00479427	0.195328	0.408449	0.601789	0.747841	0.82045	0.788018	0.627939	0.349738	0	
0	0.00183146	-0.00348713	0.00288009	-0.00239878	0.000311929	0.000611599	-0.00167478	0.000877022	-0.00115805	-0.000786348	-4.72879e-05	-0.00113039	0.00033046	0.000224269	0.000149227	0.000467017	0.00109195	-0.00167561	0.00163797	-0.000866658	-0.00236797	0.000966787	-0.00391251	-0.00737691	-0.0121952	-0.0227022	-0.0405081	-0.0636317	-0.102435	-0.154614	-0.213851	-0.27836	-0.339689	-0.371279	-0.355085	-0.279628	-0.131802	0.0733776	0.297346	0.50113	0.641828	0.692912	0.654426	0.553027	0.411859	0.250545	0.0774444	-0.0905394	-0.229162	-0.310695	-0.318601	-0.257249	-0.167075	-0.0735522	-0.0094338	0.02947	0.0282197	-0.00161932	-0.0384186	-0.0641406	-0.0516202	-0.0256325	-0.000204057	0.00403725	-0.0129859	-0.0297134	-0.0317913	-0.0165972	-0.00199083	-0.00540184	-0.0236197	-0.0325077	-0.0241235	-0.00419358	0.00501409	-0.00941396	-0.0352005	-0.0609856	-0.057622	-0.0223283	0.0135924	0.0347703	0.0250084	-0.0210604	-0.0906219	-0.170766	-0.23431	-0.238768	-0.153799	0.0111624	0.226746	0.464711	0.68111	0.839239	0.917596	0.878539	0.696657	0.387813	0	
0	0.000771045	-0.00114334	0.00170084	-0.00127227	0.000807993	0.000102748	-0.000987521	0.000666904	-0.000786348	-0.00076626	-0.000120668	-0.00023801	-0.00171477	0.00121062	-0.000549606	-0.00199956	0.00236711	-0.00352027	0.000162874	-0.00100402	-0.000457308	-0.00193682	-0.00516023	-0.00920327	-0.0133323	-0.0243105	-0.0451403	-0.0727656	-0.113535	-0.167426	-0.2339	-0.304262	-0.372136	-0.402194	-0.387747	-0.307709	-0.151581	0.0703951	0.306862	0.530892	0.687521	0.751743	0.717796	0.616105	0.466052	0.29005	0.0993386	-0.0815536	-0.230912	-0.324523	-0.342255	-0.283775	-0.190234	-0.0965318	-0.0225579	0.0224245	0.0262166	-0.00104929	-0.0384353	-0.060958	-0.0541643	-0.0309879	-0.0072808	-0.00405401	-0.0141928	-0.0257873	-0.0279476	-0.019627	-0.00959868	-0.0124086	-0.0250072	-0.0263169	-0.0230619	-0.00965985	-0.000489815	-0.0166547	-0.0398438	-0.0595634	-0.0551656	-0.0226895	0.0124306	0.033214	0.0169586	-0.0384914	-0.113508	-0.193646	-0.253423	-0.249948	-0.150682	0.0304604	0.263456	0.523603	0.759218	0.929395	1.01309	0.964833	0.7607	0.423398	0	
0	0.00138677	-0.00186186	0.00240436	-0.00149192	0.000664491	0.00021432	-0.000954729	0.000800719	-4.72879e-05	-0.000120668	0.00150223	-0.000718506	2.58475e-05	-8.79581e-05	-0.00282808	-0.000687738	-0.000111743	-0.00354009	0.00265017	-0.00196791	-0.00546843	-0.0010515	-0.00598557	-0.00832221	-0.0157055	-0.030034	-0.0511582	-0.0763426	-0.122183	-0.185031	-0.253555	-0.327652	-0.398947	-0.433856	-0.417304	-0.336113	-0.168506	0.0617723	0.313519	0.55248	0.727467	0.80341	0.778722	0.678816	0.522122	0.332925	0.126087	-0.0667095	-0.226594	-0.33261	-0.360709	-0.306585	-0.216614	-0.120466	-0.041218	0.0136683	0.0210002	-0.00386092	-0.0358653	-0.058415	-0.0532247	-0.0360845	-0.0173241	-0.0120012	-0.015178	-0.0202805	-0.0238323	-0.0219815	-0.0189616	-0.0207252	-0.0244394	-0.0229652	-0.020196	-0.0118275	-0.0119815	-0.0247586	-0.0404545	-0.0591321	-0.0518083	-0.0194129	0.0104859	0.0265353	0.0030286	-0.0598116	-0.135531	-0.213285	-0.271791	-0.259623	-0.140891	0.0576623	0.303841	0.582068	0.8371	1.02	1.10532	1.04472	0.819746	0.456662	0	
0	0.000348292	-0.00233112	0.000446252	-0.00223071	-0.000159176	-0.000520496	-0.000749052	0.000521382	-0.00113039	-0.00023801	-0.000718506	-0.00123026	8.29853e-05	0.000724401	0.000261459	0.00205516	0.00106331	-0.00103659	0.000592428	-0.00116454	-0.000571147	0.000255758	-0.00682217	-0.0093523	-0.0171138	-0.0297073	-0.0513944	-0.085016	-0.133778	-0.19611	-0.267702	-0.350426	-0.424886	-0.460231	-0.443775	-0.360309	-0.185479	0.0524786	0.316205	0.569665	0.760611	0.849753	0.83742	0.741111	0.581026	0.37897	0.158756	-0.0465562	-0.217233	-0.335968	-0.374105	-0.329055	-0.244772	-0.150507	-0.062822	-0.000187156	0.012561	-0.00620812	-0.0331196	-0.0495867	-0.0486898	-0.03896	-0.0274877	-0.0230201	-0.0174954	-0.0173638	-0.022143	-0.0259155	-0.0268933	-0.0258225	-0.0236221	-0.0171825	-0.0162628	-0.0191512	-0.0249792	-0.033017	-0.0421301	-0.052464	-0.0443461	-0.0212519	0.00339816	0.0178924	-0.0104358	-0.081266	-0.163441	-0.23794	-0.283644	-0.257026	-0.126233	0.084717	0.348006	0.645317	0.91561	1.10766	1.19219	1.11881	0.873759	0.485996	0	
0	0.000532606	0.00126878	0.00129897	0.00133371	0.000776482	0.00070825	-0.00023502	-0.000769176	0.00033046	-0.00171477	2.58475e-05	8.29853e-05	-0.00234966	0.000342429	-0.00297825	-0.00123681	-0.00298359	-0.00087791	-0.00115562	-0.00292601	-0.00259391	-0.00315891	-0.00672771	-0.0105039	-0.0185915	-0.0340792	-0.0579921	-0.091579	-0.140636	-0.208174	-0.28752	-0.371837	-0.44763	-0.485099	-0.471596	-0.383753	-0.204848	0.0381096	0.311825	0.577176	0.782274	0.885456	0.888026	0.79838	0.637152	0.426323	0.194349	-0.0210746	-0.202876	-0.331649	-0.378374	-0.345904	-0.268918	-0.179582	-0.0834512	-0.0160503	0.00170166	-0.0113281	-0.0325407	-0.0427756	-0.0456525	-0.0440053	-0.0409307	-0.0336411	-0.018791	-0.0117095	-0.0173882	-0.0284409	-0.0328503	-0.0320523	-0.0267593	-0.0144505	-0.0134192	-0.0251501	-0.0360348	-0.0406977	-0.043149	-0.0455298	-0.0376848	-0.021937	-0.00350922	0.00440162	-0.0303944	-0.107354	-0.190972	-0.256505	-0.289769	-0.252688	-0.1089	0.119963	0.399884	0.708652	0.991186	1.19353	1.27468	1.18595	0.921096	0.510453	0	
0	-0.00172032	0.000983152	-0.00317968	-7.17865e-05	-0.0010737	-0.00190143	0.00105154	-0.000932674	0.000224269	0.00121062	-8.79581e-05	0.000724401	0.000342429	0.00103694	-0.00117195	0.0008659	0.000315838	-0.0014443	0.000458364	8.12621e-05	-0.00127299	-0.00485907	-0.00712306	-0.0106457	-0.0209645	-0.0363351	-0.060904	-0.0967299	-0.1516	-0.221406	-0.302779	-0.389366	-0.468797	-0.508954	-0.495503	-0.402942	-0.223536	0.0239595	0.305028	0.581462	0.797152	0.917724	0.935552	0.856127	0.696384	0.479451	0.238361	0.0115111	-0.182213	-0.318999	-0.378458	-0.358321	-0.297458	-0.210657	-0.110974	-0.0401852	-0.0130509	-0.0218873	-0.029914	-0.0336477	-0.0381364	-0.0435672	-0.051626	-0.0432982	-0.0210765	-0.0100322	-0.0185421	-0.0312979	-0.0387004	-0.0372609	-0.0256797	-0.0129401	-0.0122582	-0.0298574	-0.0489411	-0.0498102	-0.0403631	-0.0352748	-0.03324	-0.0263723	-0.0127001	-0.0118663	-0.0534857	-0.134207	-0.217952	-0.276007	-0.293284	-0.2382	-0.0819048	0.158348	0.452265	0.773999	1.06895	1.27647	1.34853	1.24479	0.962418	0.530311	0	
0	-0.000105191	1.00504e-06	-0.000548095	0.000471012	-0.000587231	0.000162341	0.000469153	-0.000961097	0.000149227	-0.000549606	-0.00282808	0.000261459	-0.00297825	-0.00117195	0.000386398	6.18598e-06	-0.000672905	0.00163006	-0.00223984	-0.00347568	-0.00200261	-0.00324915	-0.00378059	-0.0123808	-0.0229363	-0.0373399	-0.0630669	-0.104386	-0.158688	-0.229042	-0.316486	-0.407382	-0.486978	-0.52847	-0.51573	-0.420741	-0.242431	0.00770785	0.294624	0.576832	0.802996	0.93929	0.974711	0.90612	0.752269	0.532238	0.285009	0.0463291	-0.156715	-0.301429	-0.370161	-0.367772	-0.320539	-0.239526	-0.139376	-0.0643343	-0.0321429	-0.0309341	-0.0292007	-0.0258064	-0.0297234	-0.0452866	-0.0619184	-0.0530147	-0.0261363	-0.0111116	-0.0186947	-0.0340711	-0.0416315	-0.0372554	-0.0282576	-0.0128455	-0.0103541	-0.038975	-0.0602271	-0.0557851	-0.0404744	-0.0261046	-0.0249312	-0.0277623	-0.0269301	-0.0378198	-0.0805007	-0.159865	-0.244267	-0.29242	-0.288245	-0.216302	-0.0525924	0.200158	0.511237	0.843213	1.14454	1.35266	1.41459	1.29678	0.996374	0.543739	0	
0	0.000477459	0.00177573	0.000609936	0.0025466	-0.000196185	0.0007794	-0.000127312	-0.00247473	0.000467017	-0.00199956	-0.000687738	0.00205516	-0.00123681	0.0008659	6.18598e-06	-0.00448279	-0.00144168	-0.00317196	-0.00257303	0.00114207	-0.000720263	-0.00732532	-0.00691997	-0.016188	-0.0228459	-0.0400833	-0.0689356	-0.110659	-0.165003	-0.242008	-0.332666	-0.422649	-0.502667	-0.549621	-0.534899	-0.438021	-0.261814	-0.010272	0.279489	0.565891	0.799447	0.953946	1.00439	0.95233	0.805404	0.589022	0.3363	0.0875973	-0.123668	-0.274711	-0.354094	-0.370372	-0.338661	-0.265358	-0.169709	-0.0939806	-0.0545963	-0.0450798	-0.0311821	-0.0211167	-0.0236198	-0.0453939	-0.0698461	-0.0605149	-0.0317142	-0.0133262	-0.0192853	-0.0340678	-0.0405101	-0.0385927	-0.0316675	-0.0170601	-0.0178767	-0.0462999	-0.0649827	-0.0589373	-0.034206	-0.0154038	-0.025233	-0.0381329	-0.0437269	-0.0610263	-0.108471	-0.190209	-0.26839	-0.301833	-0.279291	-0.190061	-0.014358	0.249638	0.571816	0.911825	1.21913	1.42396	1.47195	1.33932	1.022	0.552079	0	
0	-0.00163233	-0.00167978	-0.0029128	-0.00332313	-0.00108498	-0.00258472	0.000826497	0.000895494	0.00109195	0.00236711	-0.000111743	0.00106331	-0.00298359	0.000315838	-0.000672905	-0.00144168	0.00504119	-0.000314059	-0.000546956	-0.00164455	-0.00422337	-0.00645542	-0.00473762	-0.0145932	-0.0244277	-0.0433549	-0.072941	-0.114495	-0.174131	-0.251158	-0.34437	-0.434817	-0.519914	-0.565742	-0.549624	-0.452118	-0.280453	-0.026195	0.263164	0.550219	0.791676	0.961	1.02882	0.992434	0.858707	0.64803	0.392218	0.13531	-0.0846531	-0.2397	-0.333991	-0.368136	-0.35279	-0.291262	-0.20407	-0.129971	-0.0831743	-0.0614133	-0.0365729	-0.0166997	-0.0149466	-0.0416664	-0.0683302	-0.064775	-0.0395985	-0.0202209	-0.0268782	-0.037055	-0.0410138	-0.0395129	-0.0314805	-0.019351	-0.0232038	-0.0511051	-0.0698708	-0.0630593	-0.0325196	-0.0106526	-0.0233181	-0.0429732	-0.0618506	-0.092812	-0.144971	-0.219544	-0.284574	-0.305522	-0.265382	-0.155925	0.0310273	0.301818	0.633835	0.9835	1.29279	1.48689	1.51875	1.37226	1.03957	0.556126	0	
0	0.00211747	0.000311609	0.0034779	0.00214967	0.00128028	0.00137267	-0.000277596	-0.00279993	-0.00167561	-0.00352027	-0.00354009	-0.00103659	-0.00087791	-0.0014443	0.00163006	-0.00317196	-0.000314059	-0.00535131	-0.00116175	-6.02885e-05	-0.00444488	-0.00280997	-0.00527392	-0.0172013	-0.0267944	-0.0438896	-0.0739097	-0.119989	-0.178821	-0.259866	-0.353757	-0.448403	-0.530841	-0.580519	-0.560149	-0.468077	-0.295207	-0.0438627	0.243539	0.527875	0.775832	0.957903	1.03994	1.02299	0.903885	0.703222	0.447426	0.183056	-0.0392389	-0.202183	-0.307274	-0.359109	-0.357855	-0.308666	-0.236683	-0.162865	-0.110965	-0.0780572	-0.043196	-0.0171967	-0.0124841	-0.039178	-0.0692973	-0.0711919	-0.0500724	-0.0324336	-0.0294916	-0.0330074	-0.0367494	-0.0338867	-0.0329789	-0.0302725	-0.0369191	-0.0609597	-0.0717964	-0.0573355	-0.0236445	-0.00702999	-0.0274493	-0.0556287	-0.0873629	-0.127713	-0.179163	-0.244619	-0.296955	-0.303593	-0.244844	-0.116687	0.0821853	0.360096	0.699389	1.05522	1.36124	1.54105	1.55676	1.39531	1.04784	0.555881	0	
0	0.000299989	-0.00260002	0.000449647	-0.00316528	-0.000409745	-0.00111209	-0.000695384	0.000620102	0.00163797	0.000162874	0.00265017	0.000592428	-0.00115562	0.000458364	-0.00223984	-0.00257303	-0.000546956	-0.00116175	-0.00251864	-0.00178795	-0.00468523	-0.00414518	-0.01307	-0.0191539	-0.0262634	-0.0479358	-0.0812462	-0.1261	-0.186767	-0.271482	-0.365854	-0.460282	-0.545035	-0.594918	-0.572324	-0.483286	-0.310261	-0.0628555	0.221246	0.50126	0.756205	0.9457	1.04491	1.04702	0.947579	0.760228	0.506775	0.241495	0.0152722	-0.154099	-0.27296	-0.341394	-0.353032	-0.325584	-0.269642	-0.202758	-0.14671	-0.1015	-0.0593272	-0.0229889	-0.0113597	-0.0330879	-0.0593883	-0.0692414	-0.0597025	-0.0426117	-0.0359779	-0.0352213	-0.0346579	-0.0354119	-0.0358573	-0.0369955	-0.0498988	-0.0659022	-0.0668525	-0.050455	-0.0212198	-0.0105533	-0.0336588	-0.0725009	-0.116112	-0.15865	-0.212959	-0.274111	-0.304761	-0.289426	-0.217179	-0.0738753	0.140324	0.424148	0.765681	1.12493	1.42475	1.58743	1.5848	1.40632	1.04728	0.553406	0	
0	-0.000917333	0.00062068	-0.000987491	-0.00104999	0.000753063	-0.00254374	0.000837552	-0.0017311	-0.000866658	-0.00100402	-0.00196791	-0.00116454	-0.00292601	8.12621e-05	-0.00347568	0.00114207	-0.00164455	-6.02885e-05	-0.00178795	-0.000805699	-0.00625661	-0.00634479	-0.00969756	-0.0134432	-0.0293226	-0.0514152	-0.0820604	-0.128311	-0.193953	-0.276446	-0.372668	-0.469695	-0.556775	-0.60171	-0.58097	-0.494473	-0.32164	-0.0789055	0.198715	0.473914	0.732213	0.925583	1.04062	1.06129	0.983152	0.810624	0.563437	0.301076	0.0720968	-0.104612	-0.236548	-0.317097	-0.34194	-0.337192	-0.298412	-0.240273	-0.179892	-0.125576	-0.0760514	-0.0306463	-0.0136588	-0.0259267	-0.0498125	-0.0705591	-0.0716522	-0.058016	-0.0436618	-0.033531	-0.0326892	-0.0328204	-0.034733	-0.0476177	-0.0638483	-0.0718799	-0.0635504	-0.0405746	-0.0180037	-0.017269	-0.0463176	-0.0927577	-0.141731	-0.194216	-0.254394	-0.296258	-0.29966	-0.269002	-0.183926	-0.0240759	0.202342	0.490728	0.83528	1.19342	1.4802	1.62397	1.60265	1.40613	1.03891	0.548694	0	
0	-0.0017423	0.00349503	-0.00277343	0.0025475	0.000224651	-0.00172232	0.00184434	-0.00293846	-0.00236797	-0.000457308	-0.00546843	-0.000571147	-0.00259391	-0.00127299	-0.00200261	-0.000720263	-0.00422337	-0.00444488	-0.00468523	-0.00625661	-0.00369666	-0.00595982	-0.0104529	-0.0211504	-0.0344462	-0.0540713	-0.0849083	-0.134514	-0.200441	-0.285302	-0.384236	-0.480244	-0.566532	-0.609462	-0.594627	-0.504063	-0.334443	-0.0958105	0.170651	0.445785	0.700109	0.897541	1.02603	1.06523	1.01118	0.853416	0.621228	0.363862	0.135417	-0.0489358	-0.193233	-0.280384	-0.3232	-0.340244	-0.321337	-0.27637	-0.213691	-0.156732	-0.0992197	-0.0455577	-0.0219136	-0.0192963	-0.0400707	-0.0695255	-0.0803276	-0.0710408	-0.0491251	-0.0327907	-0.0325296	-0.0316506	-0.0365816	-0.0580606	-0.0767551	-0.0792915	-0.0586601	-0.0285277	-0.0152872	-0.025313	-0.0620084	-0.119522	-0.178271	-0.233236	-0.283215	-0.307751	-0.293015	-0.241824	-0.141327	0.0286441	0.267671	0.564615	0.907018	1.25449	1.52589	1.6525	1.61059	1.39511	1.02347	0.541037	0	
0	-0.00092382	0.0010195	-0.00290648	0.00104301	-0.00369653	-0.00112909	-0.00140235	-0.00359944	0.000966787	-0.00193682	-0.0010515	0.000255758	-0.00315891	-0.00485907	-0.00324915	-0.00732532	-0.00645542	-0.00280997	-0.00414518	-0.00634479	-0.00595982	-0.0134016	-0.0171872	-0.0236847	-0.0353411	-0.0562079	-0.0912576	-0.143928	-0.209998	-0.2938	-0.391614	-0.492219	-0.577183	-0.620553	-0.6042	-0.513742	-0.346281	-0.116419	0.144903	0.415909	0.662817	0.863871	1.00194	1.0623	1.02712	0.891557	0.675989	0.429733	0.203215	0.00956444	-0.140344	-0.23719	-0.297418	-0.335804	-0.339982	-0.307218	-0.250967	-0.193638	-0.126658	-0.0688015	-0.0311647	-0.0140483	-0.0323813	-0.0629794	-0.0860608	-0.0799775	-0.0518864	-0.0378982	-0.0365976	-0.0349383	-0.0442243	-0.0660923	-0.0837367	-0.081627	-0.0487107	-0.0169802	-0.0184543	-0.0420037	-0.0881715	-0.151717	-0.210662	-0.263396	-0.307247	-0.318758	-0.282198	-0.205968	-0.0887678	0.090449	0.336076	0.636657	0.977199	1.31208	1.56361	1.66981	1.60653	1.37554	1.00314	0.529884	0	
0	-0.000370802	-0.00256331	-0.00150366	-0.00268212	-0.0027476	-0.00176873	-0.00320886	-0.00267191	-0.00391251	-0.00516023	-0.00598557	-0.00682217	-0.00672771	-0.00712306	-0.00378059	-0.00691997	-0.00473762	-0.00527392	-0.01307	-0.00969756	-0.0104529	-0.0171872	-0.0160349	-0.0236852	-0.041518	-0.0656871	-0.0987303	-0.14916	-0.214384	-0.302283	-0.403667	-0.504881	-0.583726	-0.629144	-0.613973	-0.522927	-0.357355	-0.135418	0.121698	0.383735	0.62362	0.82458	0.972452	1.04733	1.03286	0.919207	0.725764	0.493128	0.269034	0.0700022	-0.0836607	-0.190481	-0.267605	-0.325741	-0.349774	-0.331635	-0.28789	-0.229227	-0.158239	-0.0923326	-0.040314	-0.0151002	-0.0259901	-0.0610626	-0.0917404	-0.0851348	-0.0605813	-0.0449912	-0.0404935	-0.0400421	-0.0465793	-0.0675216	-0.0877497	-0.0838188	-0.0460301	-0.0164037	-0.0248333	-0.0554032	-0.113224	-0.18571	-0.246321	-0.297656	-0.329995	-0.318	-0.256159	-0.160355	-0.0315121	0.153014	0.404148	0.712905	1.04953	1.36107	1.58831	1.67607	1.59301	1.3496	0.978411	0.514567	0	
0	-0.000255122	-8.22572e-05	-0.000905583	-0.00173932	-0.00260246	-0.00431495	-0.00546894	-0.00701661	-0.00737691	-0.00920327	-0.00832221	-0.0093523	-0.0105039	-0.0106457	-0.0123808	-0.016188	-0.0145932	-0.0172013	-0.0191539	-0.0134432	-0.0211504	-0.0236847	-0.0236852	-0.0402382	-0.0543996	-0.0720306	-0.106574	-0.161753	-0.229683	-0.317974	-0.418582	-0.516986	-0.596643	-0.646241	-0.628267	-0.534284	-0.374371	-0.15932	0.0936285	0.345615	0.577251	0.777493	0.930801	1.01893	1.02305	0.935784	0.766604	0.552874	0.333781	0.136052	-0.0185419	-0.137317	-0.22839	-0.305413	-0.345816	-0.349644	-0.322472	-0.269186	-0.19773	-0.121992	-0.0593889	-0.0242339	-0.0280652	-0.0598473	-0.0875893	-0.0822589	-0.0630558	-0.0513017	-0.0491836	-0.0509856	-0.0556129	-0.071796	-0.0884985	-0.0796088	-0.0418399	-0.0184093	-0.0309023	-0.0747582	-0.149786	-0.224353	-0.283978	-0.328621	-0.334853	-0.299664	-0.228369	-0.117965	0.0311665	0.226487	0.479646	0.787169	1.11149	1.40048	1.60647	1.67193	1.5679	1.31836	0.951208	0.495821	0	
0	-0.00253373	-0.0019373	-0.00596643	-0.00593568	-0.00699252	-0.0103395	-0.00850417	-0.0122886	-0.0121952	-0.0133323	-0.0157055	-0.0171138	-0.0185915	-0.0209645	-0.0229363	-0.0228459	-0.0244277	-0.0267944	-0.0262634	-0.0293226	-0.0344462	-0.0353411	-0.041518	-0.0543996	-0.0621755	-0.087844	-0.126588	-0.17979	-0.247108	-0.335497	-0.436398	-0.535357	-0.617814	-0.665251	-0.642502	-0.550346	-0.397836	-0.183421	0.0639036	0.304759	0.527618	0.72656	0.881813	0.97944	1.00188	0.940262	0.798302	0.604053	0.394717	0.20435	0.0467347	-0.0826957	-0.189018	-0.278324	-0.33582	-0.363747	-0.354683	-0.311722	-0.23863	-0.153129	-0.0807736	-0.0382687	-0.0349515	-0.0593786	-0.0792013	-0.0771587	-0.0692193	-0.0624137	-0.0647964	-0.0650102	-0.0615345	-0.0713884	-0.0789544	-0.070341	-0.046529	-0.0294373	-0.0462343	-0.102636	-0.183346	-0.260692	-0.321618	-0.34822	-0.330716	-0.281557	-0.192946	-0.0618121	0.101397	0.303227	0.55491	0.854454	1.16618	1.43595	1.6149	1.65225	1.53394	1.28584	0.921957	0.473974	0	
0	-0.0034996	-0.00488205	-0.00903708	-0.0111711	-0.0121252	-0.0176108	-0.0157631	-0.0215476	-0.0227022	-0.0243105	-0.030034	-0.0297073	-0.0340792	-0.0363351	-0.0373399	-0.0400833	-0.0433549	-0.0438896	-0.0479358	-0.0514152	-0.0540713	-0.0562079	-0.0656871	-0.0720306	-0.087844	-0.114547	-0.152897	-0.202941	-0.272783	-0.360931	-0.466082	-0.5635	-0.644719	-0.689018	-0.666721	-0.579328	-0.426526	-0.212845	0.0260365	0.254243	0.472644	0.666708	0.820636	0.924952	0.963989	0.928671	0.812788	0.641656	0.448381	0.271027	0.111016	-0.0284219	-0.145689	-0.242997	-0.318548	-0.369487	-0.382416	-0.352969	-0.280697	-0.18938	-0.1097	-0.0631698	-0.0525451	-0.0618603	-0.0693529	-0.0701599	-0.0712738	-0.074856	-0.0824067	-0.0785826	-0.0706623	-0.0689327	-0.0657125	-0.0636997	-0.0535886	-0.0470663	-0.0714913	-0.130883	-0.215451	-0.299859	-0.354795	-0.360596	-0.321834	-0.249924	-0.141459	-0.00150839	0.170322	0.381708	0.631579	0.919107	1.21383	1.45932	1.6088	1.62348	1.49702	1.24934	0.88944	0.453382	0	
0	-0.003871	-0.00796467	-0.0124852	-0.0159393	-0.0219632	-0.0258293	-0.0308951	-0.0370584	-0.0405081	-0.0451403	-0.0511582	-0.0513944	-0.0579921	-0.060904	-0.0630669	-0.0689356	-0.072941	-0.0739097	-0.0812462	-0.0820604	-0.0849083	-0.0912576	-0.0987303	-0.106574	-0.126588	-0.152897	-0.185421	-0.238222	-0.312021	-0.404279	-0.503383	-0.599048	-0.682608	-0.727827	-0.704168	-0.617396	-0.463337	-0.254376	-0.0251349	0.195699	0.410004	0.594043	0.745785	0.8528	0.909468	0.894212	0.806978	0.658664	0.492043	0.328892	0.169714	0.0225473	-0.0996343	-0.203789	-0.29663	-0.368863	-0.405761	-0.390439	-0.325626	-0.23011	-0.148695	-0.0995383	-0.0777249	-0.0693611	-0.0611238	-0.0625368	-0.0723541	-0.0882251	-0.100508	-0.0941957	-0.0804003	-0.0641135	-0.0539943	-0.0589846	-0.0627733	-0.0719201	-0.103414	-0.162092	-0.250163	-0.337556	-0.379629	-0.36382	-0.303351	-0.20574	-0.0803678	0.0612645	0.238402	0.462522	0.712462	0.978518	1.24523	1.46779	1.5951	1.59044	1.45467	1.20683	0.856637	0.43769	0	
0	-0.00853024	-0.0134807	-0.0246737	-0.028266	-0.0390173	-0.0436173	-0.0518624	-0.0585103	-0.0636317	-0.0727656	-0.0763426	-0.085016	-0.091579	-0.0967299	-0.104386	-0.110659	-0.114495	-0.119989	-0.1261	-0.128311	-0.134514	-0.143928	-0.14916	-0.161753	-0.17979	-0.202941	-0.238222	-0.299542	-0.370847	-0.456809	-0.555054	-0.659094	-0.741935	-0.780534	-0.757613	-0.673245	-0.519016	-0.313497	-0.0915901	0.126436	0.331759	0.507635	0.654585	0.766622	0.834279	0.83929	0.776772	0.657724	0.521676	0.375297	0.219676	0.0695544	-0.0533729	-0.167164	-0.274657	-0.368659	-0.425153	-0.429116	-0.372803	-0.279457	-0.199716	-0.143953	-0.110872	-0.0801491	-0.0589796	-0.0575688	-0.0741102	-0.10334	-0.119295	-0.113864	-0.088586	-0.0590549	-0.047001	-0.0539984	-0.0748522	-0.104292	-0.141404	-0.200252	-0.287798	-0.36726	-0.392016	-0.356239	-0.273266	-0.153594	-0.0181917	0.128408	0.316391	0.546304	0.783501	1.02399	1.26742	1.46848	1.5706	1.54874	1.40939	1.16405	0.824923	0.423956	0	
0	-0.0130717	-0.0235703	-0.0378104	-0.0477196	-0.0602352	-0.0711728	-0.0815897	-0.0928982	-0.102435	-0.113535	-0.122183	-0.133778	-0.140636	-0.1516	-0.158688	-0.165003	-0.174131	-0.178821	-0.186767	-0.193953	-0.200441	-0.209998	-0.214384	-0.229683	-0.247108	-0.272783	-0.312021	-0.370847	-0.436942	-0.525641	-0.631122	-0.733213	-0.807937	-0.847546	-0.83151	-0.744035	-0.587616	-0.387593	-0.171148	0.0439216	0.239251	0.407152	0.548691	0.662117	0.735929	0.756774	0.716358	0.629617	0.524899	0.397412	0.250586	0.106084	-0.0160686	-0.13822	-0.258387	-0.367025	-0.441032	-0.463519	-0.420089	-0.337592	-0.260045	-0.200042	-0.1514	-0.103225	-0.0713466	-0.0617419	-0.0821096	-0.116611	-0.138374	-0.130571	-0.0929906	-0.0590793	-0.0440652	-0.0586149	-0.0959744	-0.136873	-0.18591	-0.245715	-0.321004	-0.385876	-0.392931	-0.338357	-0.235242	-0.0972715	0.0511662	0.208761	0.397631	0.616467	0.842454	1.06838	1.28356	1.45031	1.53148	1.50633	1.36632	1.12055	0.79368	0.411908	0	
0	-0.0183217	-0.0350842	-0.053601	-0.0711684	-0.0865635	-0.106711	-0.119888	-0.138487	-0.154614	-0.167426	-0.185031	-0.19611	-0.208174	-0.221406	-0.229042	-0.242008	-0.251158	-0.259866	-0.271482	-0.276446	-0.285302	-0.2938	-0.302283	-0.317974	-0.335497	-0.360931	-0.404279	-0.456809	-0.525641	-0.618803	-0.723819	-0.818251	-0.895114	-0.94178	-0.92386	-0.830081	-0.678031	-0.48526	-0.268879	-0.0577823	0.127624	0.287919	0.423913	0.535999	0.612184	0.645337	0.625542	0.57312	0.497717	0.393598	0.263023	0.13259	0.01041	-0.118933	-0.24901	-0.367575	-0.456476	-0.498074	-0.473312	-0.408088	-0.335228	-0.268263	-0.203574	-0.14327	-0.10027	-0.0803889	-0.0955116	-0.129411	-0.155779	-0.143556	-0.0995576	-0.0644302	-0.053768	-0.0777378	-0.120952	-0.173744	-0.233114	-0.288795	-0.352925	-0.397641	-0.382139	-0.307373	-0.184481	-0.0360155	0.123301	0.294032	0.477064	0.680316	0.896741	1.10243	1.28043	1.41756	1.49078	1.46412	1.31937	1.07792	0.76721	0.401022	0	
0	-0.0248287	-0.0500015	-0.0748725	-0.0996995	-0.124611	-0.148795	-0.171231	-0.194996	-0.213851	-0.2339	-0.253555	-0.267702	-0.28752	-0.302779	-0.316486	-0.332666	-0.34437	-0.353757	-0.365854	-0.372668	-0.384236	-0.391614	-0.403667	-0.418582	-0.436398	-0.466082	-0.503383	-0.555054	-0.631122	-0.723819	-0.821251	-0.918148	-1.00112	-1.04708	-1.02241	-0.932177	-0.787496	-0.595554	-0.376379	-0.174556	0.00322225	0.155978	0.287998	0.393108	0.470023	0.509072	0.51079	0.48672	0.43913	0.360469	0.256363	0.142068	0.021059	-0.114766	-0.250843	-0.375237	-0.478466	-0.536535	-0.537811	-0.491682	-0.424898	-0.349244	-0.269791	-0.202355	-0.148503	-0.116048	-0.117577	-0.14653	-0.172968	-0.157301	-0.114038	-0.0809504	-0.0787166	-0.109498	-0.152488	-0.210768	-0.277689	-0.33543	-0.383791	-0.398441	-0.358436	-0.262948	-0.126316	0.0294207	0.202452	0.37896	0.551988	0.742515	0.938821	1.11423	1.26482	1.38389	1.44587	1.41263	1.27196	1.0456	0.745344	0.38517	0	
0	-0.0363291	-0.0685704	-0.10586	-0.135446	-0.168434	-0.197752	-0.22516	-0.253473	-0.27836	-0.304262	-0.327652	-0.350426	-0.371837	-0.389366	-0.407382	-0.422649	-0.434817	-0.448403	-0.460282	-0.469695	-0.480244	-0.492219	-0.504881	-0.516986	-0.535357	-0.5635	-0.599048	-0.659094	-0.733213	-0.818251	-0.918148	-1.02125	-1.10227	-1.14489	-1.12273	-1.03926	-0.896494	-0.700922	-0.487068	-0.294176	-0.122417	0.0259998	0.148763	0.24502	0.317026	0.359629	0.377423	0.373062	0.348593	0.299445	0.225797	0.128577	0.00932325	-0.128719	-0.265721	-0.395485	-0.506199	-0.582809	-0.608247	-0.582125	-0.523177	-0.43878	-0.355014	-0.284351	-0.223553	-0.177935	-0.160668	-0.176195	-0.19307	-0.174987	-0.1326	-0.107613	-0.119185	-0.153294	-0.197692	-0.256779	-0.322798	-0.378248	-0.4069	-0.39138	-0.322842	-0.20478	-0.059689	0.100946	0.27904	0.455934	0.628742	0.802007	0.960202	1.10696	1.24273	1.34498	1.39308	1.35894	1.23077	1.01987	0.724904	0.368489	0	
0	-0.0406891	-0.0796385	-0.121132	-0.158742	-0.199053	-0.235945	-0.272551	-0.308579	-0.339689	-0.372136	-0.398947	-0.424886	-0.44763	-0.468797	-0.486978	-0.502667	-0.519914	-0.530841	-0.545035	-0.556775	-0.566532	-0.577183	-0.583726	-0.596643	-0.617814	-0.644719	-0.682608	-0.741935	-0.807937	-0.895114	-1.00112	-1.10227	-1.18247	-1.22794	-1.21012	-1.13085	-0.988752	-0.795878	-0.590726	-0.404893	-0.236483	-0.0965539	0.0137974	0.0983969	0.162802	0.206299	0.231444	0.238431	0.235553	0.219505	0.178301	0.0978835	-0.0129009	-0.147083	-0.283367	-0.416824	-0.537675	-0.633027	-0.684336	-0.681039	-0.63112	-0.549698	-0.468225	-0.395797	-0.328181	-0.264087	-0.223033	-0.216114	-0.217038	-0.196815	-0.165094	-0.156112	-0.178229	-0.219022	-0.260791	-0.307144	-0.3671	-0.412705	-0.41795	-0.374271	-0.277658	-0.144227	0.00801321	0.178202	0.357484	0.532288	0.699378	0.843738	0.964779	1.08885	1.20887	1.29788	1.34038	1.30962	1.19293	0.994398	0.707537	0.358853	0	
0	-0.0457217	-0.0886273	-0.134921	-0.176902	-0.21896	-0.261226	-0.298049	-0.336438	-0.371279	-0.402194	-0.433856	-0.460231	-0.485099	-0.508954	-0.52847	-0.549621	-0.565742	-0.580519	-0.594918	-0.60171	-0.609462	-0.620553	-0.629144	-0.646241	-0.665251	-0.689018	-0.727827	-0.780534	-0.847546	-0.94178	-1.04708	-1.14489	-1.22794	-1.27555	-1.26375	-1.18899	-1.04858	-0.859932	-0.664482	-0.480935	-0.317677	-0.187313	-0.0909677	-0.0170034	0.0385147	0.0781484	0.100403	0.111461	0.127754	0.142201	0.125107	0.0619855	-0.0376316	-0.16452	-0.302217	-0.443319	-0.575248	-0.69099	-0.763632	-0.779071	-0.742297	-0.672609	-0.600075	-0.528795	-0.453144	-0.373048	-0.310466	-0.275941	-0.258033	-0.237742	-0.219204	-0.226728	-0.259383	-0.301801	-0.335877	-0.369392	-0.409705	-0.432628	-0.42166	-0.356903	-0.233992	-0.0810842	0.0866196	0.262283	0.435259	0.600502	0.74831	0.866712	0.963753	1.06044	1.15975	1.24524	1.2899	1.26507	1.15974	0.969766	0.692895	0.356049	0	
0	-0.0438278	-0.087283	-0.130311	-0.171572	-0.212675	-0.251083	-0.287623	-0.324095	-0.355085	-0.387747	-0.417304	-0.443775	-0.471596	-0.495503	-0.51573	-0.534899	-0.549624	-0.560149	-0.572324	-0.58097	-0.594627	-0.6042	-0.613973	-0.628267	-0.642502	-0.666721	-0.704168	-0.757613	-0.83151	-0.92386	-1.02241	-1.12273	-1.21012	-1.26375	-1.2582	-1.18525	-1.04638	-0.870225	-0.680855	-0.499715	-0.342762	-0.227305	-0.143233	-0.0815639	-0.0378739	-0.0109541	-0.00155508	0.00886748	0.0398233	0.0740346	0.0751115	0.0301346	-0.0500375	-0.167559	-0.307052	-0.455402	-0.60286	-0.735218	-0.826207	-0.859182	-0.843297	-0.800226	-0.745144	-0.678732	-0.597889	-0.50601	-0.42318	-0.362436	-0.324443	-0.301423	-0.29786	-0.318751	-0.356042	-0.399019	-0.426989	-0.444872	-0.459088	-0.455423	-0.420519	-0.329332	-0.184463	-0.0147782	0.164523	0.341317	0.507394	0.654183	0.777344	0.878579	0.952653	1.01661	1.09962	1.1887	1.24232	1.22916	1.13122	0.944387	0.681284	0.359268	0	
0	-0.0332636	-0.0633158	-0.0977401	-0.12733	-0.158665	-0.190411	-0.218897	-0.25038	-0.279628	-0.307709	-0.336113	-0.360309	-0.383753	-0.402942	-0.420741	-0.438021	-0.452118	-0.468077	-0.483286	-0.494473	-0.504063	-0.513742	-0.522927	-0.534284	-0.550346	-0.579328	-0.617396	-0.673245	-0.744035	-0.830081	-0.932177	-1.03926	-1.13085	-1.18899	-1.18525	-1.11325	-0.988183	-0.822251	-0.633099	-0.453559	-0.310299	-0.206413	-0.131586	-0.0816047	-0.0528577	-0.0452446	-0.0502896	-0.042657	-0.00469064	0.0381136	0.0518405	0.0310297	-0.0275582	-0.134619	-0.275425	-0.435482	-0.598472	-0.748958	-0.855106	-0.907594	-0.925826	-0.919268	-0.890963	-0.835621	-0.752659	-0.653427	-0.554788	-0.469942	-0.413803	-0.389158	-0.395485	-0.42948	-0.475507	-0.518378	-0.541181	-0.540333	-0.515956	-0.470041	-0.403882	-0.297282	-0.142435	0.042726	0.232016	0.41013	0.571732	0.699076	0.793121	0.867156	0.916649	0.963036	1.03884	1.13161	1.19918	1.19726	1.10257	0.924527	0.676038	0.361038	0	
0	-0.0112629	-0.0222158	-0.0358239	-0.0481653	-0.0647073	-0.0802326	-0.0970384	-0.116571	-0.131802	-0.151581	-0.168506	-0.185479	-0.204848	-0.223536	-0.242431	-0.261814	-0.280453	-0.295207	-0.310261	-0.32164	-0.334443	-0.346281	-0.357355	-0.374371	-0.397836	-0.426526	-0.463337	-0.519016	-0.587616	-0.678031	-0.787496	-0.896494	-0.988752	-1.04858	-1.04638	-0.988183	-0.875207	-0.708104	-0.515947	-0.348893	-0.215946	-0.115965	-0.0471227	-0.00992387	0.00110568	-0.00921782	-0.0277497	-0.024945	0.00890642	0.0498871	0.0774693	0.0808835	0.044778	-0.0525614	-0.195069	-0.366138	-0.548051	-0.714595	-0.836308	-0.915754	-0.97332	-1.00928	-1.01222	-0.970717	-0.892328	-0.790811	-0.683274	-0.590498	-0.529543	-0.50656	-0.523483	-0.566005	-0.61301	-0.652757	-0.662867	-0.635406	-0.575521	-0.490978	-0.394448	-0.27274	-0.107773	0.0883361	0.287389	0.471531	0.624487	0.725394	0.784181	0.825097	0.860075	0.908366	0.98307	1.07578	1.15233	1.16061	1.08154	0.92145	0.671958	0.349129	0	
0	0.0119752	0.0260069	0.0359128	0.0479405	0.0577153	0.0642983	0.0717651	0.0735045	0.0733776	0.0703951	0.0617723	0.0524786	0.0381096	0.0239595	0.00770785	-0.010272	-0.026195	-0.0438627	-0.0628555	-0.0789055	-0.0958105	-0.116419	-0.135418	-0.15932	-0.183421	-0.212845	-0.254376	-0.313497	-0.387593	-0.48526	-0.595554	-0.700922	-0.795878	-0.859932	-0.870225	-0.822251	-0.708104	-0.535337	-0.355342	-0.198145	-0.0640036	0.0377782	0.098003	0.122022	0.119259	0.0939947	0.0651891	0.0560443	0.075026	0.111361	0.151242	0.178597	0.160969	0.0760349	-0.0620355	-0.240486	-0.432969	-0.611644	-0.749616	-0.858226	-0.957397	-1.0357	-1.07442	-1.06051	-0.999118	-0.906468	-0.806949	-0.720765	-0.665239	-0.645759	-0.66096	-0.702641	-0.751923	-0.788384	-0.786588	-0.739295	-0.647834	-0.524317	-0.395603	-0.255162	-0.0798626	0.125652	0.33155	0.509583	0.644044	0.722082	0.751241	0.764282	0.792388	0.846708	0.923005	1.01772	1.10378	1.12939	1.07136	0.920614	0.664063	0.337583	0	
0	0.0434462	0.0865858	0.126692	0.166324	0.200112	0.231723	0.258795	0.278374	0.297346	0.306862	0.313519	0.316205	0.311825	0.305028	0.294624	0.279489	0.263164	0.243539	0.221246	0.198715	0.170651	0.144903	0.121698	0.0936285	0.0639036	0.0260365	-0.0251349	-0.0915901	-0.171148	-0.268879	-0.376379	-0.487068	-0.590726	-0.664482	-0.680855	-0.633099	-0.515947	-0.355342	-0.186262	-0.0252173	0.116737	0.214508	0.26598	0.283847	0.271898	0.239522	0.200414	0.175221	0.178403	0.213138	0.268962	0.315785	0.318866	0.253453	0.128056	-0.0453392	-0.241551	-0.43028	-0.59021	-0.734263	-0.871847	-0.989806	-1.06851	-1.08898	-1.05323	-0.978502	-0.895367	-0.830406	-0.792861	-0.779357	-0.794618	-0.835364	-0.885183	-0.920207	-0.90576	-0.835637	-0.717643	-0.567104	-0.410367	-0.244534	-0.0571216	0.146994	0.346004	0.511863	0.628542	0.687619	0.69822	0.692843	0.70701	0.761582	0.85425	0.967182	1.06595	1.10496	1.05554	0.906616	0.660942	0.346037	0	
