0	0	0	0	0	0	0	0	0	0	0	0	0	0	0	0	0	0	0	0	0	0	0	0	0	0	0	0	0	0	0	0	0	0	0	0	0	0	0	0	0	0	0	0	0	0	0	0	0	0	0	0	0	0	0	0	0	0	0	0	0	0	0	0	0	0	0	0	0	0	0	0	0	0	0	0	0	0	0	0	0	0	0	0	0	0	0	0	0	0	0	0	0	0	0	0	0	0	0	0	
0	-0.119359	-0.239388	-0.349276	-0.432842	-0.484984	-0.502475	-0.484363	-0.42525	-0.329683	-0.215102	-0.109047	-0.0260892	0.0405271	0.100937	0.151622	0.177488	0.175389	0.156646	0.137883	0.127263	0.119351	0.103246	0.0759445	0.0444138	0.0162212	0.000617058	0.0012172	0.0120913	0.0236047	0.0291299	0.0279016	0.0260709	0.0318693	0.0463744	0.0661335	0.0857527	0.0983034	0.10189	0.0947739	0.0824852	0.074701	0.0737896	0.0734038	0.0623047	0.0364785	0.00204046	-0.033056	-0.0711703	-0.11873	-0.175983	-0.229486	-0.26776	-0.281914	-0.270166	-0.236218	-0.187824	-0.132452	-0.0768449	-0.0225318	0.0341811	0.0949513	0.150384	0.188256	0.205144	0.206782	0.197703	0.17574	0.135898	0.0826495	0.0275594	-0.0171667	-0.0485109	-0.0721592	-0.0902734	-0.100039	-0.09503	-0.0759849	-0.0495834	-0.0236953	-0.00440272	0.00859152	0.0191882	0.0268812	0.0308009	0.0293176	0.0227728	0.0153886	0.00899379	0.00363798	-0.00260169	-0.00903466	-0.016918	-0.0234928	-0.025267	-0.0235898	-0.0176188	-0.0108625	-0.00522873	0	
0	-0.239388	-0.470782	-0.676697	-0.839475	-0.944065	-0.97579	-0.927873	-0.807608	-0.632476	-0.428248	-0.229795	-0.0619119	0.0726788	0.181999	0.264746	0.308754	0.316059	0.297989	0.274099	0.252929	0.232687	0.199617	0.152555	0.100191	0.0511803	0.0184276	0.0105919	0.0204065	0.0373971	0.0503311	0.0557117	0.0573204	0.0673697	0.0881929	0.119516	0.152955	0.178549	0.189442	0.182582	0.16498	0.149856	0.141857	0.131839	0.106817	0.0606165	-0.00224488	-0.0728903	-0.152749	-0.249755	-0.353992	-0.445219	-0.506738	-0.52752	-0.504058	-0.441285	-0.354399	-0.25843	-0.158903	-0.0536762	0.0559086	0.170379	0.275632	0.35611	0.402938	0.414213	0.391921	0.339061	0.260232	0.164797	0.0662995	-0.0211931	-0.0890831	-0.136096	-0.165767	-0.178602	-0.172905	-0.150037	-0.112022	-0.0665824	-0.023642	0.0114437	0.0400532	0.0544447	0.0589047	0.05714	0.0447738	0.0304608	0.0151555	-1.57e-06	-0.0134211	-0.0249583	-0.0344568	-0.0381587	-0.03544	-0.0304282	-0.0218068	-0.0135947	-0.00652471	0	
0	-0.349276	-0.676697	-0.96327	-1.18897	-1.33549	-1.36892	-1.28752	-1.11346	-0.882529	-0.616321	-0.34606	-0.105932	0.0851045	0.22604	0.325025	0.383238	0.409241	0.408878	0.390886	0.365271	0.334024	0.289468	0.231215	0.169411	0.108777	0.0632469	0.0423937	0.0416667	0.0527268	0.0688327	0.0827559	0.093394	0.10891	0.131622	0.163006	0.199848	0.229644	0.24952	0.252236	0.241517	0.22719	0.207925	0.179252	0.133767	0.0684616	-0.0168372	-0.120078	-0.244011	-0.381958	-0.518702	-0.627772	-0.699891	-0.721572	-0.685856	-0.601921	-0.49192	-0.367162	-0.229649	-0.0806046	0.0741509	0.228506	0.370809	0.488429	0.566773	0.591313	0.556897	0.476148	0.365244	0.239753	0.107305	-0.0177487	-0.118427	-0.187619	-0.225005	-0.23918	-0.231929	-0.20639	-0.162829	-0.103591	-0.0415427	0.0122278	0.0540965	0.0762413	0.0808952	0.0711518	0.0507479	0.0290649	0.00749116	-0.0130155	-0.0323455	-0.0425296	-0.0458517	-0.0401274	-0.0246499	-0.0107236	0.0022299	0.00770733	0.00514264	0	
0	-0.432842	-0.839475	-1.18897	-1.45596	-1.61498	-1.64018	-1.53466	-1.33307	-1.06896	-0.76161	-0.44466	-0.162003	0.0585705	0.218096	0.332155	0.408157	0.457341	0.476591	0.471655	0.449261	0.419409	0.373794	0.315539	0.253623	0.190738	0.138032	0.10559	0.0871133	0.0817126	0.0887733	0.105596	0.125445	0.151073	0.17683	0.206073	0.236769	0.26565	0.291971	0.308988	0.312312	0.299706	0.267301	0.212864	0.141483	0.0546995	-0.0529018	-0.183599	-0.336117	-0.502998	-0.654201	-0.766288	-0.834614	-0.85427	-0.817999	-0.726858	-0.5987	-0.448229	-0.278548	-0.0930091	0.0916301	0.273717	0.442779	0.584697	0.678654	0.706454	0.665723	0.571151	0.440892	0.289202	0.129541	-0.0185922	-0.136086	-0.214998	-0.260415	-0.276933	-0.266324	-0.232897	-0.177353	-0.109172	-0.0430209	0.0123254	0.0575854	0.0768117	0.0766484	0.0650512	0.0368938	0.0092697	-0.0149289	-0.0340776	-0.0457132	-0.0488742	-0.0442091	-0.0267483	0.000550411	0.0244427	0.0418373	0.0422156	0.0259681	0	
0	-0.484984	-0.944065	-1.33549	-1.61498	-1.76693	-1.77785	-1.66895	-1.46548	-1.19351	-0.86802	-0.533142	-0.239699	-0.0106616	0.161137	0.293997	0.391882	0.462071	0.500843	0.50901	0.496837	0.473833	0.43725	0.390398	0.342702	0.287987	0.233513	0.187439	0.148605	0.121854	0.116989	0.133218	0.161383	0.196582	0.226357	0.249812	0.273672	0.298549	0.332028	0.359366	0.365965	0.346453	0.294349	0.216264	0.120397	0.0104587	-0.118178	-0.266732	-0.43551	-0.607438	-0.757911	-0.858512	-0.914561	-0.925477	-0.886123	-0.796788	-0.667787	-0.502845	-0.309666	-0.103059	0.104259	0.309257	0.497845	0.646999	0.73635	0.757275	0.712223	0.61413	0.471264	0.300389	0.123294	-0.0310031	-0.144616	-0.220101	-0.264607	-0.283584	-0.270017	-0.227932	-0.165803	-0.0947089	-0.0320151	0.0150829	0.0519619	0.0695939	0.0686617	0.0492478	0.0147986	-0.0172645	-0.0411643	-0.054102	-0.0591926	-0.050038	-0.0336985	-0.00871683	0.0256872	0.051572	0.0677199	0.0630186	0.0365398	0	
0	-0.502475	-0.97579	-1.36892	-1.64018	-1.77785	-1.78483	-1.68239	-1.49679	-1.24355	-0.935146	-0.614673	-0.331307	-0.104033	0.0768804	0.226044	0.340502	0.427763	0.481659	0.506094	0.505379	0.493706	0.469606	0.444578	0.42381	0.390234	0.339606	0.28219	0.223373	0.179674	0.166711	0.18495	0.220125	0.261825	0.289132	0.303032	0.313681	0.333621	0.368044	0.39469	0.391716	0.351149	0.278055	0.180132	0.0674602	-0.0588101	-0.201679	-0.356278	-0.517128	-0.6798	-0.814358	-0.897476	-0.934427	-0.934665	-0.896223	-0.809391	-0.677756	-0.509727	-0.314621	-0.102342	0.109582	0.320804	0.509611	0.650466	0.726693	0.738953	0.693664	0.597502	0.456883	0.28671	0.111752	-0.0390214	-0.147075	-0.21376	-0.251887	-0.265094	-0.24987	-0.208607	-0.142924	-0.0684505	-0.00589464	0.0367325	0.0661211	0.0680188	0.0526574	0.029788	-0.00724006	-0.0384932	-0.0592757	-0.0686525	-0.0660062	-0.0519759	-0.0324971	-0.00401173	0.0293272	0.0527725	0.066235	0.0592408	0.0345471	0	
0	-0.484363	-0.927873	-1.28752	-1.53466	-1.66895	-1.68239	-1.59733	-1.4414	-1.23405	-0.974987	-0.694576	-0.434566	-0.213668	-0.0263064	0.135257	0.262136	0.358079	0.422912	0.460746	0.477956	0.482436	0.476236	0.473013	0.480836	0.472043	0.435396	0.378874	0.31494	0.265428	0.250631	0.270252	0.307003	0.346169	0.36334	0.356613	0.345632	0.34634	0.368393	0.383212	0.363688	0.309085	0.224472	0.119463	-0.00278813	-0.141128	-0.291352	-0.440579	-0.586498	-0.721871	-0.830685	-0.889105	-0.908909	-0.896418	-0.845525	-0.751694	-0.623604	-0.465622	-0.282733	-0.0852775	0.113508	0.303173	0.46387	0.578721	0.642844	0.657198	0.620553	0.541288	0.423992	0.27912	0.121559	-0.023332	-0.133479	-0.202563	-0.238875	-0.250991	-0.233071	-0.18783	-0.119841	-0.0404711	0.0276431	0.0705047	0.0928163	0.0856543	0.0579176	0.0178659	-0.0279036	-0.0599658	-0.0773229	-0.0817778	-0.0803292	-0.0665512	-0.0468085	-0.0184295	0.0200797	0.0478972	0.0647166	0.0605029	0.0347685	0	
0	-0.42525	-0.807608	-1.11346	-1.33307	-1.46548	-1.49679	-1.4414	-1.33391	-1.18918	-0.995723	-0.768703	-0.543693	-0.338351	-0.150602	0.022188	0.160934	0.265638	0.335281	0.384366	0.420263	0.451179	0.468995	0.486688	0.511336	0.5195	0.499536	0.461038	0.413349	0.374275	0.362498	0.376577	0.401364	0.424756	0.422126	0.393956	0.357138	0.331414	0.326282	0.316919	0.284664	0.226406	0.146426	0.0417635	-0.0847438	-0.228024	-0.378692	-0.520775	-0.645089	-0.752164	-0.823329	-0.847642	-0.839943	-0.808856	-0.745333	-0.641071	-0.512469	-0.371416	-0.217038	-0.0498898	0.108876	0.252652	0.36993	0.457645	0.511684	0.531045	0.513892	0.46553	0.388288	0.280704	0.148433	0.0131629	-0.0980826	-0.17518	-0.223525	-0.242575	-0.227695	-0.182793	-0.110199	-0.0260596	0.0456426	0.0930566	0.119222	0.108108	0.0718657	0.026437	-0.0276783	-0.0691785	-0.0934403	-0.104191	-0.104207	-0.090735	-0.0686897	-0.0320277	0.0146413	0.0524865	0.0771736	0.0734407	0.0441734	0	
0	-0.329683	-0.632476	-0.882529	-1.06896	-1.19351	-1.24355	-1.23405	-1.18918	-1.11278	-0.983229	-0.811728	-0.628922	-0.450712	-0.27322	-0.096664	0.0560892	0.172513	0.247328	0.297487	0.344556	0.398032	0.443256	0.478076	0.510491	0.524603	0.522126	0.514158	0.502088	0.490992	0.490247	0.497184	0.499209	0.492601	0.462686	0.410552	0.351914	0.298431	0.26069	0.223906	0.176757	0.121634	0.0499403	-0.0489058	-0.174408	-0.315402	-0.457765	-0.584724	-0.691003	-0.768956	-0.804944	-0.788583	-0.742636	-0.678567	-0.589265	-0.477055	-0.360699	-0.244975	-0.125013	-0.00596162	0.0991144	0.188762	0.264774	0.325152	0.366197	0.387376	0.38773	0.373099	0.333324	0.257965	0.151988	0.0378162	-0.0639555	-0.142633	-0.201741	-0.236877	-0.233723	-0.193357	-0.121065	-0.03293	0.0464982	0.102064	0.137947	0.140882	0.115362	0.0666865	0.000427935	-0.0588851	-0.103438	-0.128137	-0.136359	-0.122118	-0.0920145	-0.046002	0.0135829	0.0605424	0.0883858	0.0851807	0.050343	0	
0	-0.215102	-0.428248	-0.616321	-0.76161	-0.86802	-0.935146	-0.974987	-0.995723	-0.983229	-0.912555	-0.79357	-0.656961	-0.514928	-0.362377	-0.193517	-0.0334784	0.0948671	0.172518	0.219105	0.26572	0.331487	0.393786	0.443066	0.482422	0.507597	0.527482	0.554504	0.581813	0.601438	0.617294	0.621003	0.602142	0.564054	0.502042	0.425689	0.346526	0.271414	0.208274	0.147083	0.0875721	0.0279412	-0.0440763	-0.145247	-0.268605	-0.397099	-0.519112	-0.625107	-0.708055	-0.762391	-0.76784	-0.715038	-0.624827	-0.518664	-0.403423	-0.283093	-0.175754	-0.0860584	-0.010458	0.0500613	0.0886575	0.122267	0.157479	0.190204	0.211038	0.226315	0.239771	0.248738	0.237433	0.191555	0.114967	0.0251263	-0.0576094	-0.127727	-0.189707	-0.234778	-0.245239	-0.213051	-0.137526	-0.0374597	0.0564618	0.128481	0.179686	0.192167	0.16901	0.118554	0.0428229	-0.0347103	-0.0974023	-0.139973	-0.160588	-0.151737	-0.121355	-0.0690778	-0.00496955	0.0479264	0.0818986	0.0810367	0.0494458	0	
0	-0.109047	-0.229795	-0.34606	-0.44466	-0.533142	-0.614673	-0.694576	-0.768703	-0.811728	-0.79357	-0.724654	-0.633665	-0.53227	-0.409053	-0.256928	-0.101305	0.0261871	0.103676	0.148824	0.194772	0.258927	0.323977	0.380235	0.435841	0.484423	0.533758	0.591425	0.646485	0.68855	0.716597	0.721302	0.69038	0.629524	0.542339	0.441441	0.342251	0.251013	0.173401	0.10066	0.0284073	-0.0428527	-0.124822	-0.230932	-0.352641	-0.472589	-0.577745	-0.659256	-0.71651	-0.745051	-0.724136	-0.636341	-0.501667	-0.35095	-0.202014	-0.0707977	0.0260023	0.0860698	0.113634	0.111692	0.0902237	0.0694159	0.0589754	0.0529283	0.0495732	0.0581185	0.0774323	0.102489	0.114382	0.0962581	0.0471779	-0.018385	-0.0855893	-0.14512	-0.204455	-0.253071	-0.264906	-0.228173	-0.141768	-0.0273648	0.0858141	0.177014	0.241495	0.26061	0.234841	0.171748	0.0816326	-0.0077346	-0.084417	-0.140338	-0.174471	-0.179106	-0.156535	-0.10739	-0.0381341	0.0222055	0.0609533	0.0673073	0.0417431	0	
0	-0.0260892	-0.0619119	-0.105932	-0.162003	-0.239699	-0.331307	-0.434566	-0.543693	-0.628922	-0.656961	-0.633665	-0.586954	-0.521416	-0.42499	-0.293703	-0.15727	-0.0440837	0.0303215	0.0805969	0.12755	0.18491	0.242419	0.305064	0.379754	0.455874	0.529645	0.605747	0.676067	0.728177	0.761538	0.764987	0.728419	0.658491	0.557556	0.43983	0.323162	0.220321	0.137731	0.059862	-0.021716	-0.107443	-0.201998	-0.313085	-0.431633	-0.542408	-0.63567	-0.701721	-0.735224	-0.731923	-0.674883	-0.550347	-0.376777	-0.189241	-0.013141	0.133987	0.226813	0.256412	0.233385	0.177082	0.105117	0.0389972	-0.0155245	-0.0571312	-0.0837634	-0.0864176	-0.0689727	-0.0383472	-0.0113271	-0.00906548	-0.0362619	-0.0839606	-0.135776	-0.187584	-0.243149	-0.286056	-0.289032	-0.240539	-0.143702	-0.014839	0.115249	0.222718	0.297411	0.31847	0.287796	0.218685	0.123195	0.0235134	-0.0631333	-0.132361	-0.181921	-0.198196	-0.183618	-0.137808	-0.0719962	-0.0106175	0.0347432	0.0484184	0.0327366	0	
0	0.0405271	0.0726788	0.0851045	0.0585705	-0.0106616	-0.104033	-0.213668	-0.338351	-0.450712	-0.514928	-0.53227	-0.521416	-0.485255	-0.414556	-0.311867	-0.202352	-0.106464	-0.035369	0.0189502	0.0682311	0.120654	0.175371	0.242123	0.331068	0.423519	0.509683	0.592626	0.666669	0.721373	0.75351	0.754403	0.716768	0.644214	0.536962	0.404577	0.271871	0.162582	0.0830999	0.0096085	-0.0771183	-0.175795	-0.278595	-0.387703	-0.496471	-0.596357	-0.676692	-0.726233	-0.737809	-0.706712	-0.615418	-0.456111	-0.253809	-0.0438984	0.153655	0.313624	0.401113	0.40279	0.33784	0.238742	0.130514	0.0288597	-0.056213	-0.122195	-0.167299	-0.185995	-0.180535	-0.154351	-0.125248	-0.115474	-0.131304	-0.162318	-0.200391	-0.241048	-0.286573	-0.318031	-0.311251	-0.257401	-0.152383	-0.0159856	0.121615	0.235359	0.31398	0.342775	0.320716	0.255394	0.158047	0.053057	-0.0436411	-0.120893	-0.173703	-0.195696	-0.186891	-0.147596	-0.0845471	-0.0223694	0.0223142	0.0389164	0.0272167	0	
0	0.100937	0.181999	0.22604	0.218096	0.161137	0.0768804	-0.0263064	-0.150602	-0.27322	-0.362377	-0.409053	-0.42499	-0.414556	-0.375701	-0.306596	-0.220228	-0.136624	-0.0697044	-0.0146092	0.0394584	0.0957126	0.149392	0.215177	0.304452	0.401073	0.488111	0.565569	0.631752	0.680199	0.71012	0.712681	0.677416	0.60372	0.48719	0.340205	0.19563	0.0865612	0.0167351	-0.0461792	-0.129659	-0.229669	-0.334418	-0.437106	-0.52977	-0.60613	-0.665757	-0.701531	-0.701629	-0.649885	-0.533777	-0.354894	-0.139601	0.0802862	0.286145	0.451647	0.535442	0.520904	0.431127	0.300087	0.155324	0.0219912	-0.0844983	-0.162222	-0.217932	-0.250138	-0.257224	-0.240313	-0.217283	-0.209956	-0.219808	-0.241865	-0.268464	-0.296325	-0.32784	-0.352142	-0.345139	-0.28831	-0.180923	-0.0406233	0.0979473	0.212256	0.296986	0.336514	0.324735	0.266423	0.173635	0.0687454	-0.0253519	-0.100081	-0.153342	-0.173496	-0.16069	-0.117407	-0.0550362	0.00367018	0.0445222	0.0550744	0.0359829	0	
0	0.151622	0.264746	0.325025	0.332155	0.293997	0.226044	0.135257	0.022188	-0.096664	-0.193517	-0.256928	-0.293703	-0.311867	-0.306596	-0.264927	-0.193897	-0.11844	-0.0563797	0.000638224	0.0621709	0.12136	0.170838	0.22602	0.303752	0.389176	0.462584	0.521431	0.568599	0.605539	0.633079	0.638791	0.607878	0.532704	0.411722	0.260874	0.117817	0.0163317	-0.0438767	-0.0979255	-0.170795	-0.260179	-0.351495	-0.439897	-0.515859	-0.57334	-0.612143	-0.632302	-0.621525	-0.561616	-0.434551	-0.245522	-0.0252871	0.195225	0.397886	0.554698	0.629581	0.610146	0.511909	0.360388	0.184362	0.019182	-0.108113	-0.197779	-0.260932	-0.298316	-0.308121	-0.296457	-0.280015	-0.27536	-0.287682	-0.309117	-0.331132	-0.352683	-0.381648	-0.407384	-0.401889	-0.345089	-0.235666	-0.0998946	0.0362886	0.159073	0.255401	0.308282	0.307809	0.259661	0.178588	0.0856694	-0.00176163	-0.0736272	-0.12079	-0.134754	-0.113057	-0.0601111	0.0093782	0.0696058	0.0996854	0.0930052	0.0550581	0	
0	0.177488	0.308754	0.383238	0.408157	0.391882	0.340502	0.262136	0.160934	0.0560892	-0.0334784	-0.101305	-0.15727	-0.202352	-0.220228	-0.193897	-0.13041	-0.0593389	0.00454241	0.0648367	0.127872	0.184376	0.228769	0.271376	0.323325	0.376091	0.41699	0.447171	0.470987	0.493006	0.512558	0.518493	0.49249	0.424324	0.314298	0.180364	0.0546098	-0.0361247	-0.0959213	-0.146901	-0.207965	-0.274199	-0.344142	-0.414995	-0.47575	-0.515621	-0.538027	-0.544427	-0.524717	-0.456282	-0.32641	-0.139155	0.0817423	0.301832	0.494624	0.633096	0.694365	0.669125	0.566364	0.401024	0.20496	0.0206995	-0.12289	-0.223087	-0.287646	-0.321462	-0.330287	-0.323143	-0.315471	-0.320287	-0.336376	-0.355663	-0.37268	-0.395103	-0.432808	-0.472269	-0.4782	-0.430541	-0.335795	-0.205822	-0.0603009	0.0788297	0.192173	0.261484	0.279472	0.251028	0.187915	0.107652	0.0289321	-0.0364752	-0.0788684	-0.0857565	-0.0536752	0.0077459	0.0796917	0.135527	0.156818	0.137067	0.0788998	0	
0	0.175389	0.316059	0.409241	0.457341	0.462071	0.427763	0.358079	0.265638	0.172513	0.0948671	0.0261871	-0.0440837	-0.106464	-0.136624	-0.11844	-0.0593389	0.0156202	0.0857049	0.146566	0.206125	0.26499	0.313785	0.34624	0.363897	0.371615	0.371482	0.368285	0.363808	0.361455	0.364121	0.364964	0.345292	0.289992	0.19993	0.0924957	-0.00882393	-0.0865658	-0.142645	-0.191157	-0.238399	-0.283083	-0.329334	-0.379926	-0.425048	-0.451352	-0.457481	-0.448611	-0.418351	-0.349266	-0.223962	-0.0394459	0.179786	0.396696	0.576333	0.694216	0.734397	0.692517	0.575815	0.403752	0.207195	0.023019	-0.126248	-0.235364	-0.303445	-0.336912	-0.343233	-0.33784	-0.335258	-0.344036	-0.361464	-0.375694	-0.387389	-0.414437	-0.461888	-0.512184	-0.536932	-0.517088	-0.443926	-0.321946	-0.173866	-0.0250297	0.102201	0.194372	0.237604	0.23005	0.182788	0.113537	0.0438132	-0.0115703	-0.0397635	-0.0353994	0.00280755	0.0671983	0.138663	0.193321	0.207981	0.174175	0.0988427	0	
0	0.156646	0.297989	0.408878	0.476591	0.500843	0.481659	0.422912	0.335281	0.247328	0.172518	0.103676	0.0303215	-0.035369	-0.0697044	-0.0563797	0.00454241	0.0857049	0.160422	0.221014	0.287564	0.357777	0.413448	0.433761	0.421476	0.389502	0.347834	0.304203	0.26054	0.227851	0.211755	0.207776	0.193924	0.149619	0.0783937	-0.00477338	-0.0830177	-0.143107	-0.190595	-0.230075	-0.266642	-0.295355	-0.323855	-0.353877	-0.378799	-0.388038	-0.380621	-0.358685	-0.319928	-0.247392	-0.124948	0.0521002	0.263307	0.46779	0.631595	0.730092	0.752199	0.691304	0.56083	0.386077	0.198129	0.0205904	-0.131521	-0.247165	-0.320214	-0.355304	-0.358585	-0.345307	-0.335862	-0.338565	-0.350674	-0.362893	-0.379028	-0.413808	-0.465913	-0.527561	-0.574387	-0.577154	-0.520561	-0.411527	-0.275971	-0.133874	-0.000665666	0.107147	0.168111	0.17684	0.143999	0.0904833	0.0362034	-0.00537907	-0.0233405	-0.0116728	0.0354027	0.106058	0.179401	0.228915	0.233736	0.191273	0.10631	0	
0	0.137883	0.274099	0.390886	0.471655	0.50901	0.506094	0.460746	0.384366	0.297487	0.219105	0.148824	0.0805969	0.0189502	-0.0146092	0.000638224	0.0648367	0.146566	0.221014	0.292578	0.375701	0.456039	0.507659	0.519523	0.490102	0.428238	0.343424	0.251084	0.164911	0.103575	0.0696153	0.0561347	0.0398712	0.00528875	-0.0480545	-0.10832	-0.16411	-0.205484	-0.235029	-0.259267	-0.28178	-0.298494	-0.315951	-0.331967	-0.345151	-0.345428	-0.327718	-0.293058	-0.240474	-0.155751	-0.0264114	0.149872	0.345834	0.530782	0.67503	0.759301	0.766797	0.691445	0.55201	0.379075	0.194176	0.0181334	-0.136632	-0.259239	-0.336901	-0.375448	-0.373676	-0.348392	-0.322955	-0.31165	-0.317701	-0.335303	-0.362435	-0.405962	-0.463574	-0.533671	-0.589912	-0.59851	-0.554177	-0.468238	-0.357986	-0.22936	-0.098828	0.00890407	0.0740668	0.0954904	0.0819759	0.0472256	0.00580767	-0.0300986	-0.0439695	-0.0264937	0.0271757	0.104605	0.179974	0.228502	0.231028	0.185319	0.102549	0	
0	0.127263	0.252929	0.365271	0.449261	0.496837	0.505379	0.477956	0.420263	0.344556	0.26572	0.194772	0.12755	0.0682311	0.0394584	0.0621709	0.127872	0.206125	0.287564	0.375701	0.471893	0.547785	0.594177	0.602528	0.563525	0.474791	0.349871	0.215144	0.0928279	0.00630512	-0.049007	-0.0820649	-0.10337	-0.129635	-0.164672	-0.206377	-0.245407	-0.266915	-0.27229	-0.268922	-0.270109	-0.27554	-0.287531	-0.300536	-0.312099	-0.311656	-0.289899	-0.245519	-0.179888	-0.0806934	0.0608685	0.237286	0.422747	0.592614	0.727028	0.800063	0.796045	0.711463	0.567268	0.389274	0.198211	0.0144383	-0.145575	-0.267027	-0.344727	-0.3825	-0.377161	-0.346407	-0.315969	-0.295973	-0.299425	-0.318464	-0.344708	-0.391005	-0.453135	-0.526727	-0.58141	-0.592177	-0.562021	-0.499479	-0.406812	-0.290519	-0.178064	-0.0845661	-0.021459	0.00617214	-0.00147029	-0.0307232	-0.068261	-0.0998022	-0.105327	-0.0796468	-0.0199151	0.060311	0.139988	0.1941	0.203874	0.168642	0.0939199	0	
0	0.119351	0.232687	0.334024	0.419409	0.473833	0.493706	0.482436	0.451179	0.398032	0.331487	0.258927	0.18491	0.120654	0.0957126	0.12136	0.184376	0.26499	0.357777	0.456039	0.547785	0.618033	0.660916	0.666715	0.616846	0.512293	0.36777	0.208465	0.0603626	-0.0489674	-0.128961	-0.180129	-0.212031	-0.237718	-0.270007	-0.304861	-0.331064	-0.331418	-0.304199	-0.265895	-0.240191	-0.228966	-0.236557	-0.248213	-0.26113	-0.263799	-0.247108	-0.205024	-0.134754	-0.0243918	0.124945	0.3033	0.482636	0.649592	0.778542	0.843156	0.828838	0.738521	0.592698	0.41166	0.210199	0.01974	-0.143288	-0.270965	-0.348323	-0.385237	-0.380187	-0.351489	-0.322878	-0.30714	-0.309792	-0.321041	-0.338495	-0.376744	-0.431649	-0.494625	-0.539272	-0.551024	-0.535377	-0.484657	-0.406887	-0.318396	-0.23262	-0.159254	-0.109428	-0.0950053	-0.116833	-0.154904	-0.195741	-0.222674	-0.218128	-0.181047	-0.107727	-0.0099124	0.0847641	0.151013	0.174261	0.149509	0.084805	0	
0	0.103246	0.199617	0.289468	0.373794	0.43725	0.469606	0.476236	0.468995	0.443256	0.393786	0.323977	0.242419	0.175371	0.149392	0.170838	0.228769	0.313785	0.413448	0.507659	0.594177	0.660916	0.699073	0.692877	0.635804	0.53168	0.387176	0.221893	0.0619739	-0.062108	-0.156075	-0.224243	-0.272149	-0.316528	-0.36018	-0.394486	-0.407157	-0.382137	-0.323795	-0.25604	-0.204479	-0.175456	-0.171882	-0.180222	-0.196237	-0.209086	-0.204012	-0.169067	-0.0987552	0.0158964	0.170266	0.346034	0.519369	0.67879	0.800248	0.85284	0.830527	0.740809	0.596918	0.415029	0.216453	0.0302217	-0.133852	-0.26217	-0.344605	-0.385328	-0.383404	-0.361412	-0.343147	-0.329692	-0.330518	-0.332365	-0.331536	-0.355417	-0.389954	-0.430467	-0.465479	-0.481012	-0.468303	-0.428229	-0.376803	-0.320751	-0.267125	-0.221294	-0.200719	-0.213271	-0.253113	-0.301119	-0.347434	-0.3789	-0.372942	-0.324097	-0.231278	-0.110217	0.00923307	0.0966828	0.135423	0.122399	0.069076	0	
0	0.0759445	0.152555	0.231215	0.315539	0.390398	0.444578	0.473013	0.486688	0.478076	0.443066	0.380235	0.305064	0.242123	0.215177	0.22602	0.271376	0.34624	0.433761	0.519523	0.602528	0.666715	0.692877	0.676285	0.617716	0.518508	0.385569	0.235616	0.0860563	-0.0349239	-0.13645	-0.219543	-0.29467	-0.365024	-0.425852	-0.459513	-0.453562	-0.403333	-0.320854	-0.23027	-0.157275	-0.111001	-0.101497	-0.107697	-0.125662	-0.147516	-0.156916	-0.131868	-0.0632724	0.0516003	0.199545	0.368543	0.533727	0.684207	0.790919	0.830297	0.800217	0.705357	0.5577	0.379293	0.192682	0.0263166	-0.120289	-0.245306	-0.327084	-0.37444	-0.385885	-0.375048	-0.361206	-0.349012	-0.34099	-0.328258	-0.31658	-0.320115	-0.329408	-0.351525	-0.37757	-0.3892	-0.381972	-0.359935	-0.336465	-0.308742	-0.278167	-0.267263	-0.283205	-0.322405	-0.384187	-0.450069	-0.513055	-0.553231	-0.547876	-0.492182	-0.383421	-0.240691	-0.0982768	0.0108182	0.0722699	0.0830721	0.0523172	0	
0	0.0444138	0.100191	0.169411	0.253623	0.342702	0.42381	0.480836	0.511336	0.510491	0.482422	0.435841	0.379754	0.331068	0.304452	0.303752	0.323325	0.363897	0.421476	0.490102	0.563525	0.616846	0.635804	0.617716	0.55725	0.461177	0.349866	0.23487	0.113523	0.00440973	-0.0962893	-0.192118	-0.286063	-0.37835	-0.45555	-0.488045	-0.462759	-0.388553	-0.286604	-0.181394	-0.0958171	-0.043711	-0.0297218	-0.0320124	-0.0472775	-0.0702534	-0.0855315	-0.0727785	-0.0225289	0.0715418	0.206439	0.36874	0.529242	0.668849	0.761046	0.786366	0.745476	0.642639	0.489975	0.317197	0.150314	0.0080941	-0.120333	-0.229029	-0.307802	-0.361455	-0.381234	-0.376305	-0.361822	-0.337303	-0.317993	-0.301686	-0.283944	-0.281403	-0.279968	-0.288568	-0.300882	-0.301423	-0.294297	-0.287857	-0.283362	-0.273127	-0.271586	-0.294202	-0.338146	-0.404242	-0.498385	-0.597301	-0.682527	-0.736231	-0.732499	-0.665172	-0.545584	-0.392918	-0.235134	-0.104451	-0.0166013	0.0213358	0.019995	0	
0	0.0162212	0.0511803	0.108777	0.190738	0.287987	0.390234	0.472043	0.5195	0.524603	0.507597	0.484423	0.455874	0.423519	0.401073	0.389176	0.376091	0.371615	0.389502	0.428238	0.474791	0.512293	0.53168	0.518508	0.461177	0.3769	0.295396	0.214473	0.117724	0.0238251	-0.0692721	-0.160862	-0.256702	-0.357409	-0.442833	-0.470008	-0.4272	-0.338264	-0.226182	-0.114164	-0.0263166	0.0268398	0.0446374	0.052185	0.048647	0.0279004	9.19065e-05	-0.00968312	0.0117849	0.0740124	0.184091	0.338092	0.493686	0.621918	0.699813	0.714557	0.666008	0.558868	0.410336	0.25088	0.100009	-0.0258126	-0.134135	-0.22661	-0.291677	-0.338468	-0.358988	-0.352613	-0.330009	-0.29589	-0.267883	-0.24759	-0.235185	-0.236284	-0.239618	-0.247427	-0.246396	-0.23319	-0.22038	-0.212452	-0.211917	-0.221729	-0.249404	-0.301831	-0.373339	-0.472377	-0.601708	-0.727562	-0.836474	-0.904665	-0.906534	-0.842667	-0.718803	-0.551493	-0.377391	-0.233637	-0.126411	-0.0587729	-0.0231512	0	
0	0.000617058	0.0184276	0.0632469	0.138032	0.233513	0.339606	0.435396	0.499536	0.522126	0.527482	0.533758	0.529645	0.509683	0.488111	0.462584	0.41699	0.371482	0.347834	0.343424	0.349871	0.36777	0.387176	0.385569	0.349866	0.295396	0.240974	0.179866	0.100458	0.021609	-0.0560869	-0.131871	-0.214583	-0.306291	-0.382635	-0.399193	-0.351938	-0.263582	-0.151575	-0.0384983	0.055164	0.118842	0.148675	0.162836	0.159615	0.131486	0.0869652	0.0493985	0.032918	0.0564869	0.142282	0.282035	0.428327	0.548506	0.619233	0.627028	0.572043	0.464075	0.324282	0.178935	0.0408738	-0.0712641	-0.16184	-0.229434	-0.273288	-0.305087	-0.318011	-0.311976	-0.291645	-0.25608	-0.223782	-0.199215	-0.180747	-0.182299	-0.190969	-0.198757	-0.194343	-0.177522	-0.157977	-0.139331	-0.136746	-0.159678	-0.207689	-0.286556	-0.392757	-0.527305	-0.685996	-0.8368	-0.96692	-1.05652	-1.07562	-1.01658	-0.889123	-0.711541	-0.523036	-0.357711	-0.220733	-0.12435	-0.0586261	0	
0	0.0012172	0.0105919	0.0423937	0.10559	0.187439	0.28219	0.378874	0.461038	0.514158	0.554504	0.591425	0.605747	0.592626	0.565569	0.521431	0.447171	0.368285	0.304203	0.251084	0.215144	0.208465	0.221893	0.235616	0.23487	0.214473	0.179866	0.133081	0.0711799	0.00915747	-0.0493398	-0.104679	-0.164833	-0.229122	-0.279663	-0.287765	-0.248487	-0.171944	-0.0652229	0.0512195	0.157048	0.233076	0.270122	0.286202	0.277611	0.233188	0.167598	0.106385	0.0603277	0.0500678	0.102828	0.218534	0.350941	0.464959	0.537114	0.546001	0.487563	0.381684	0.251564	0.114391	-0.0166196	-0.118537	-0.191655	-0.238933	-0.262161	-0.275449	-0.280344	-0.27568	-0.261532	-0.23311	-0.203574	-0.17466	-0.150372	-0.146016	-0.14911	-0.150639	-0.142526	-0.124821	-0.0979367	-0.0696333	-0.0641104	-0.090008	-0.147085	-0.246383	-0.383146	-0.549103	-0.735352	-0.915882	-1.07478	-1.18489	-1.21888	-1.16841	-1.04382	-0.863485	-0.659424	-0.469611	-0.306253	-0.178545	-0.0819093	0	
0	0.0120913	0.0204065	0.0416667	0.0871133	0.148605	0.223373	0.31494	0.413349	0.502088	0.581813	0.646485	0.676067	0.666669	0.631752	0.568599	0.470987	0.363808	0.26054	0.164911	0.0928279	0.0603626	0.0619739	0.0860563	0.113523	0.117724	0.100458	0.0711799	0.0296087	-0.0106999	-0.0471014	-0.0819972	-0.117989	-0.150073	-0.174764	-0.17569	-0.140832	-0.0705257	0.0321926	0.153012	0.268235	0.34993	0.390053	0.401669	0.380915	0.32218	0.241616	0.161999	0.0973108	0.0645232	0.0892619	0.174609	0.287629	0.39612	0.470962	0.483982	0.432113	0.334245	0.209622	0.0741173	-0.0568721	-0.156951	-0.222498	-0.258134	-0.266802	-0.264023	-0.259061	-0.253077	-0.243463	-0.224766	-0.203331	-0.180572	-0.161329	-0.153181	-0.146536	-0.134464	-0.11486	-0.0865698	-0.0461022	-0.00754331	0.00316988	-0.0183819	-0.0743247	-0.18399	-0.335993	-0.519211	-0.733939	-0.949411	-1.13762	-1.27107	-1.32242	-1.27965	-1.15599	-0.97395	-0.762655	-0.558561	-0.379252	-0.231217	-0.107931	0	
0	0.0236047	0.0373971	0.0527268	0.0817126	0.121854	0.179674	0.265428	0.374275	0.490992	0.601438	0.68855	0.728177	0.721373	0.680199	0.605539	0.493006	0.361455	0.227851	0.103575	0.00630512	-0.0489674	-0.062108	-0.0349239	0.00440973	0.0238251	0.021609	0.00915747	-0.0106999	-0.0281135	-0.0435808	-0.063593	-0.0824276	-0.0922095	-0.0974723	-0.0831811	-0.0393933	0.0329344	0.139017	0.266633	0.384516	0.46656	0.507175	0.512866	0.478765	0.404108	0.309435	0.223991	0.158239	0.117251	0.118306	0.174154	0.26527	0.363247	0.438938	0.458102	0.411381	0.317429	0.189346	0.0426971	-0.0958926	-0.199147	-0.265371	-0.296039	-0.2952	-0.280131	-0.26717	-0.258038	-0.249463	-0.238021	-0.225913	-0.215782	-0.206825	-0.198602	-0.182214	-0.157596	-0.123602	-0.0768552	-0.0205504	0.0302377	0.0552791	0.0500331	0.00304333	-0.101019	-0.253278	-0.450857	-0.685616	-0.924494	-1.13518	-1.28722	-1.35183	-1.31724	-1.19918	-1.01657	-0.804774	-0.603098	-0.421288	-0.265415	-0.12928	0	
0	0.0291299	0.0503311	0.0688327	0.0887733	0.116989	0.166711	0.250631	0.362498	0.490247	0.617294	0.716597	0.761538	0.75351	0.71012	0.633079	0.512558	0.364121	0.211755	0.0696153	-0.049007	-0.128961	-0.156075	-0.13645	-0.0962893	-0.0692721	-0.0560869	-0.0493398	-0.0471014	-0.0435808	-0.0430687	-0.0512826	-0.0586199	-0.0589496	-0.0483235	-0.0173205	0.0361922	0.114761	0.228626	0.362177	0.484314	0.571313	0.614933	0.61529	0.576012	0.494622	0.391217	0.302998	0.241655	0.197415	0.187304	0.229006	0.308857	0.396285	0.460872	0.471824	0.421658	0.316305	0.170846	0.0105954	-0.136894	-0.249641	-0.319655	-0.348864	-0.343513	-0.322584	-0.306932	-0.299665	-0.296759	-0.293063	-0.291361	-0.290749	-0.28693	-0.273916	-0.251182	-0.21886	-0.17206	-0.110765	-0.0356055	0.0383932	0.0931925	0.118055	0.0942839	0.00637973	-0.137934	-0.336054	-0.580761	-0.833276	-1.05903	-1.22401	-1.29546	-1.26934	-1.15744	-0.980125	-0.779604	-0.587264	-0.407073	-0.252554	-0.124305	0	
0	0.0279016	0.0557117	0.0827559	0.105596	0.133218	0.18495	0.270252	0.376577	0.497184	0.621003	0.721302	0.764987	0.754403	0.712681	0.638791	0.518493	0.364964	0.207776	0.0561347	-0.0820649	-0.180129	-0.224243	-0.219543	-0.192118	-0.160862	-0.131871	-0.104679	-0.0819972	-0.063593	-0.0512826	-0.0479306	-0.0499666	-0.0436327	-0.0222617	0.0210574	0.0857704	0.179725	0.304521	0.440797	0.563582	0.653893	0.697744	0.701597	0.666073	0.582462	0.477016	0.392655	0.335757	0.300423	0.29925	0.344084	0.420819	0.493524	0.531127	0.515621	0.43832	0.3063	0.142547	-0.028594	-0.183575	-0.302829	-0.383703	-0.420942	-0.418186	-0.400533	-0.385733	-0.379081	-0.378628	-0.382033	-0.387741	-0.394797	-0.392893	-0.376695	-0.349228	-0.311148	-0.253848	-0.173593	-0.0790167	0.0269059	0.122032	0.18024	0.186698	0.129496	0.00780812	-0.178455	-0.416456	-0.667913	-0.893659	-1.06562	-1.15142	-1.13668	-1.03951	-0.882374	-0.69615	-0.512897	-0.34731	-0.210394	-0.100471	0	
0	0.0260709	0.0573204	0.093394	0.125445	0.161383	0.220125	0.307003	0.401364	0.499209	0.602142	0.69038	0.728419	0.716768	0.677416	0.607878	0.49249	0.345292	0.193924	0.0398712	-0.10337	-0.212031	-0.272149	-0.29467	-0.286063	-0.256702	-0.214583	-0.164833	-0.117989	-0.0824276	-0.0586199	-0.0499666	-0.0488212	-0.0441716	-0.0203712	0.0317756	0.117852	0.235296	0.368813	0.504867	0.625509	0.707697	0.748064	0.756246	0.724343	0.643539	0.546392	0.471277	0.42779	0.412164	0.43246	0.496042	0.57538	0.624221	0.629802	0.582554	0.472826	0.308003	0.117898	-0.0713512	-0.239723	-0.375078	-0.465994	-0.508342	-0.513654	-0.50134	-0.488127	-0.48265	-0.484325	-0.488475	-0.50015	-0.511752	-0.5086	-0.491714	-0.463871	-0.419939	-0.352391	-0.260669	-0.137561	0.00940936	0.147237	0.249537	0.297673	0.27929	0.18318	0.0165568	-0.199772	-0.440681	-0.668613	-0.846788	-0.94406	-0.947252	-0.869995	-0.737961	-0.57076	-0.404214	-0.268226	-0.156889	-0.0688508	0	
0	0.0318693	0.0673697	0.10891	0.151073	0.196582	0.261825	0.346169	0.424756	0.492601	0.564054	0.629524	0.658491	0.644214	0.60372	0.532704	0.424324	0.289992	0.149619	0.00528875	-0.129635	-0.237718	-0.316528	-0.365024	-0.37835	-0.357409	-0.306291	-0.229122	-0.150073	-0.0922095	-0.0589496	-0.0436327	-0.0441716	-0.04722	-0.0293841	0.0335855	0.142774	0.278369	0.4193	0.555673	0.66307	0.729545	0.760649	0.761463	0.724093	0.65419	0.578361	0.526163	0.509555	0.526316	0.575111	0.65719	0.737285	0.772782	0.755563	0.679576	0.53573	0.337983	0.11759	-0.0980534	-0.290252	-0.444657	-0.547706	-0.603217	-0.619524	-0.615551	-0.606152	-0.5969	-0.589681	-0.593767	-0.607379	-0.623385	-0.63019	-0.616464	-0.584065	-0.530214	-0.44758	-0.333063	-0.18065	0.00206238	0.180106	0.32854	0.426973	0.453267	0.393164	0.253076	0.0500341	-0.192174	-0.426103	-0.608058	-0.71612	-0.7421	-0.688003	-0.57777	-0.441531	-0.306109	-0.194423	-0.108557	-0.0455772	0	
0	0.0463744	0.0881929	0.131622	0.17683	0.226357	0.289132	0.36334	0.422126	0.462686	0.502042	0.542339	0.557556	0.536962	0.48719	0.411722	0.314298	0.19993	0.0783937	-0.0480545	-0.164672	-0.270007	-0.36018	-0.425852	-0.45555	-0.442833	-0.382635	-0.279663	-0.174764	-0.0974723	-0.0483235	-0.0222617	-0.0203712	-0.0293841	-0.0115573	0.057957	0.169994	0.30714	0.449495	0.577475	0.663373	0.709522	0.722589	0.703957	0.658821	0.602211	0.553687	0.539202	0.564101	0.619416	0.707372	0.814763	0.895979	0.918647	0.885789	0.788452	0.621358	0.398601	0.151282	-0.0929853	-0.311335	-0.486098	-0.605048	-0.674202	-0.70835	-0.716713	-0.709783	-0.69513	-0.680144	-0.678194	-0.696204	-0.723799	-0.738482	-0.728543	-0.686155	-0.613422	-0.511378	-0.375708	-0.197284	0.0109399	0.220438	0.413717	0.558452	0.630311	0.610917	0.498823	0.306211	0.062874	-0.180413	-0.381303	-0.510494	-0.561322	-0.534638	-0.452665	-0.35015	-0.245243	-0.150334	-0.08034	-0.0373549	0	
0	0.0661335	0.119516	0.163006	0.206073	0.249812	0.303032	0.356613	0.393956	0.410552	0.425689	0.441441	0.43983	0.404577	0.340205	0.260874	0.180364	0.0924957	-0.00477338	-0.10832	-0.206377	-0.304861	-0.394486	-0.459513	-0.488045	-0.470008	-0.399193	-0.287765	-0.17569	-0.0831811	-0.0173205	0.0210574	0.0317756	0.0335855	0.057957	0.116105	0.206434	0.325437	0.452775	0.558032	0.62195	0.652486	0.643457	0.604353	0.551943	0.503292	0.480274	0.505736	0.575341	0.679569	0.809878	0.942635	1.03425	1.06397	1.02033	0.90537	0.724078	0.484962	0.219266	-0.0481758	-0.294106	-0.488471	-0.624339	-0.711318	-0.754433	-0.77301	-0.771436	-0.757086	-0.743269	-0.743321	-0.765938	-0.795584	-0.809341	-0.792495	-0.734341	-0.650079	-0.538325	-0.386001	-0.192792	0.0328703	0.270141	0.496484	0.678755	0.7881	0.804537	0.718468	0.531219	0.286329	0.0330043	-0.193784	-0.353054	-0.433433	-0.438551	-0.387099	-0.304479	-0.212782	-0.129899	-0.0673591	-0.0301334	0	
0	0.0857527	0.152955	0.199848	0.236769	0.273672	0.313681	0.345632	0.357138	0.351914	0.346526	0.342251	0.323162	0.271871	0.19563	0.117817	0.0546098	-0.00882393	-0.0830177	-0.16411	-0.245407	-0.331064	-0.407157	-0.453562	-0.462759	-0.4272	-0.351938	-0.248487	-0.140832	-0.0393933	0.0361922	0.0857704	0.117852	0.142774	0.169994	0.206434	0.261071	0.343599	0.432654	0.505487	0.54621	0.554612	0.525219	0.474583	0.416397	0.374001	0.379336	0.441328	0.548237	0.69522	0.866551	1.02824	1.14328	1.18846	1.14884	1.03101	0.845216	0.600347	0.323426	0.0382679	-0.228843	-0.44131	-0.599646	-0.702289	-0.754362	-0.782784	-0.783185	-0.76927	-0.758869	-0.75954	-0.785332	-0.819316	-0.829301	-0.807947	-0.744062	-0.65553	-0.540426	-0.379081	-0.177359	0.0621731	0.323408	0.57403	0.78185	0.918002	0.953822	0.879214	0.699635	0.455934	0.190272	-0.0598104	-0.247861	-0.358795	-0.397373	-0.376224	-0.303731	-0.212942	-0.135981	-0.0721888	-0.0283907	0	
0	0.0983034	0.178549	0.229644	0.26565	0.298549	0.333621	0.34634	0.331414	0.298431	0.271414	0.251013	0.220321	0.162582	0.0865612	0.0163317	-0.0361247	-0.0865658	-0.143107	-0.205484	-0.266915	-0.331418	-0.382137	-0.403333	-0.388553	-0.338264	-0.263582	-0.171944	-0.0705257	0.0329344	0.114761	0.179725	0.235296	0.278369	0.30714	0.325437	0.343599	0.373929	0.413	0.444588	0.446849	0.421527	0.36963	0.31087	0.253211	0.228688	0.261969	0.352398	0.489605	0.672585	0.870133	1.06505	1.21628	1.28556	1.25855	1.14547	0.963121	0.725656	0.448791	0.155935	-0.122279	-0.356139	-0.531377	-0.646502	-0.706043	-0.73621	-0.740383	-0.727327	-0.715162	-0.714875	-0.740596	-0.774524	-0.789128	-0.775513	-0.723973	-0.648354	-0.535936	-0.372285	-0.161735	0.0919676	0.367329	0.631771	0.851333	1.00389	1.05599	0.989662	0.819982	0.57308	0.291013	0.0295301	-0.183046	-0.331111	-0.400377	-0.4008	-0.347194	-0.267433	-0.184618	-0.106747	-0.0450613	0	
0	0.10189	0.189442	0.24952	0.291971	0.332028	0.368044	0.368393	0.326282	0.26069	0.208274	0.173401	0.137731	0.0830999	0.0167351	-0.0438767	-0.0959213	-0.142645	-0.190595	-0.235029	-0.27229	-0.304199	-0.323795	-0.320854	-0.286604	-0.226182	-0.151575	-0.0652229	0.0321926	0.139017	0.228626	0.304521	0.368813	0.4193	0.449495	0.452775	0.432654	0.413	0.404391	0.38532	0.337379	0.270215	0.196017	0.12639	0.0730851	0.0681156	0.122558	0.234201	0.400905	0.607448	0.835057	1.06304	1.24511	1.3404	1.33144	1.22871	1.05481	0.825109	0.552026	0.268142	-0.00352155	-0.238779	-0.417687	-0.538101	-0.608746	-0.64751	-0.657065	-0.641552	-0.618467	-0.609032	-0.629044	-0.665328	-0.69307	-0.697006	-0.668496	-0.608126	-0.502002	-0.345592	-0.13617	0.115619	0.386888	0.65087	0.879016	1.04363	1.10865	1.05576	0.890917	0.645607	0.358365	0.0783758	-0.159395	-0.337312	-0.434711	-0.456488	-0.426496	-0.352914	-0.25361	-0.162484	-0.0791918	0	
0	0.0947739	0.182582	0.252236	0.308988	0.359366	0.39469	0.383212	0.316919	0.223906	0.147083	0.10066	0.059862	0.0096085	-0.0461792	-0.0979255	-0.146901	-0.191157	-0.230075	-0.259267	-0.268922	-0.265895	-0.25604	-0.23027	-0.181394	-0.114164	-0.0384983	0.0512195	0.153012	0.266633	0.362177	0.440797	0.504867	0.555673	0.577475	0.558032	0.505487	0.444588	0.38532	0.310493	0.210969	0.109405	0.00989409	-0.068684	-0.11486	-0.108838	-0.0431093	0.0893522	0.276653	0.500318	0.750206	1.00421	1.20945	1.32829	1.34226	1.25909	1.09885	0.878306	0.621795	0.356188	0.103574	-0.109158	-0.275353	-0.389713	-0.46303	-0.510105	-0.525123	-0.506699	-0.476307	-0.45613	-0.468782	-0.503852	-0.53556	-0.558915	-0.551799	-0.513708	-0.432457	-0.294808	-0.103415	0.132972	0.391065	0.644905	0.873173	1.04067	1.11312	1.07256	0.916955	0.679278	0.390806	0.0973924	-0.158826	-0.358511	-0.485969	-0.534237	-0.512114	-0.439239	-0.332525	-0.220144	-0.110939	0	
0	0.0824852	0.16498	0.241517	0.312312	0.365965	0.391716	0.363688	0.284664	0.176757	0.0875721	0.0284073	-0.021716	-0.0771183	-0.129659	-0.170795	-0.207965	-0.238399	-0.266642	-0.28178	-0.270109	-0.240191	-0.204479	-0.157275	-0.0958171	-0.0263166	0.055164	0.157048	0.268235	0.384516	0.484314	0.563582	0.625509	0.66307	0.663373	0.62195	0.54621	0.446849	0.337379	0.210969	0.075972	-0.0552857	-0.174084	-0.26198	-0.309574	-0.305415	-0.232467	-0.0881483	0.112722	0.348172	0.615321	0.889936	1.11297	1.25997	1.30263	1.24337	1.10077	0.892731	0.655282	0.424543	0.205476	0.0263908	-0.113929	-0.216432	-0.285247	-0.334361	-0.344198	-0.321805	-0.289575	-0.262863	-0.273027	-0.305448	-0.33574	-0.370679	-0.384182	-0.370901	-0.322749	-0.219422	-0.0562658	0.153986	0.386128	0.625395	0.850684	1.0129	1.08973	1.06399	0.91485	0.683657	0.400272	0.100779	-0.16814	-0.390176	-0.542481	-0.606702	-0.588826	-0.514031	-0.400229	-0.266756	-0.13243	0	
0	0.074701	0.149856	0.22719	0.299706	0.346453	0.351149	0.309085	0.226406	0.121634	0.0279412	-0.0428527	-0.107443	-0.175795	-0.229669	-0.260179	-0.274199	-0.283083	-0.295355	-0.298494	-0.27554	-0.228966	-0.175456	-0.111001	-0.043711	0.0268398	0.118842	0.233076	0.34993	0.46656	0.571313	0.653893	0.707697	0.729545	0.709522	0.652486	0.554612	0.421527	0.270215	0.109405	-0.0552857	-0.210654	-0.348146	-0.450205	-0.508321	-0.51041	-0.435226	-0.282037	-0.0771496	0.173719	0.45909	0.746076	0.987673	1.15884	1.23534	1.20572	1.08433	0.899748	0.690722	0.488615	0.301365	0.153809	0.0416108	-0.0419865	-0.0923965	-0.123352	-0.124348	-0.0984709	-0.0682792	-0.0507411	-0.0594398	-0.0836213	-0.113622	-0.152135	-0.184037	-0.206058	-0.198036	-0.129959	-0.00169855	0.180289	0.391908	0.615855	0.83044	0.986811	1.0702	1.05155	0.912472	0.692893	0.41878	0.116676	-0.172907	-0.411897	-0.582473	-0.66632	-0.660214	-0.589594	-0.46455	-0.311995	-0.157554	0	
0	0.0737896	0.141857	0.207925	0.267301	0.294349	0.278055	0.224472	0.146426	0.0499403	-0.0440763	-0.124822	-0.201998	-0.278595	-0.334418	-0.351495	-0.344142	-0.329334	-0.323855	-0.315951	-0.287531	-0.236557	-0.171882	-0.101497	-0.0297218	0.0446374	0.148675	0.270122	0.390053	0.507175	0.614933	0.697744	0.748064	0.760649	0.722589	0.643457	0.525219	0.36963	0.196017	0.00989409	-0.174084	-0.348146	-0.504126	-0.625375	-0.700817	-0.709573	-0.633412	-0.477268	-0.262826	0.00321182	0.302569	0.604363	0.865048	1.05311	1.15801	1.16168	1.0692	0.915776	0.738089	0.561429	0.400898	0.273665	0.18785	0.128671	0.0985321	0.0950204	0.108082	0.136056	0.161189	0.170405	0.158881	0.137225	0.105738	0.0631436	0.00967199	-0.042114	-0.0625342	-0.0292408	0.0721384	0.228874	0.418177	0.627415	0.82965	0.984901	1.07141	1.05863	0.93955	0.733303	0.462226	0.15745	-0.145443	-0.402886	-0.600554	-0.708358	-0.718063	-0.650105	-0.51721	-0.35791	-0.182947	0	
