0	0	0	0	0	0	0	0	0	0	0	0	0	0	0	0	0	0	0	0	0	0	0	0	0	0	0	0	0	0	0	0	0	0	0	0	0	0	0	0	0	0	0	0	0	0	0	0	0	0	0	0	0	0	0	0	0	0	0	0	0	0	0	0	0	0	0	0	0	0	0	0	0	0	0	0	0	0	0	0	0	0	0	0	0	0	0	0	0	0	0	0	0	0	0	0	0	0	0	0	
0	0.000463453	-1.05573e-05	0.000889579	3.12975e-05	0.000147296	0.000345834	-0.000720766	0.00028256	0.000131688	-0.000156711	0.0013649	0.000160365	0.000828696	-0.000330054	-0.000270378	-0.00170818	-0.00200857	-0.00145822	-0.00306823	-0.00470064	-0.00604608	-0.0117781	-0.0189679	-0.024314	-0.031752	-0.0375497	-0.0416586	-0.040047	-0.0293248	-0.0111925	0.0123162	0.0386821	0.0636303	0.0759761	0.0769618	0.0697558	0.0547323	0.0352717	0.0192029	0.000854983	-0.0190358	-0.032409	-0.0403556	-0.0382206	-0.0266589	-0.011052	-0.000928023	0.00450365	0.00738551	0.00623679	0.000754179	-0.00846005	-0.0101528	-0.00476208	-0.000753702	0.00391724	0.0026738	-0.00059668	-0.00631182	-0.00546285	-0.000784937	0.00079	0.00153783	-0.0016985	-0.00392126	-0.00155736	0.00327323	0.000753343	-0.00394687	-0.00257529	0.00113377	0.000685565	-0.00407841	-0.00356944	0.000571804	0.00351309	0.00255937	-0.000825099	-0.00203368	0.00026322	0.0101073	0.0196819	0.0232649	0.0262867	0.0268748	0.0289532	0.0357539	0.0371182	0.0258434	0.00350651	-0.0257027	-0.0591108	-0.0901491	-0.110065	-0.114367	-0.0995208	-0.0707027	-0.0372143	0	
0	-1.05573e-05	-0.00149963	0.000223566	-0.00182369	0.000737498	-0.00068903	0.000170122	0.0012	-0.00180813	0.000927399	-0.00161394	-0.00237578	0.0008217	-0.0017472	0.00020137	0.00233806	-0.000822198	-0.0015784	-0.00353596	-0.00968511	-0.0147301	-0.0220162	-0.0328722	-0.0434822	-0.0638285	-0.0753039	-0.080941	-0.0765319	-0.0596028	-0.0207826	0.0273747	0.0793451	0.125136	0.153338	0.155953	0.142198	0.109954	0.0731852	0.0405918	0.00406273	-0.0356208	-0.0630916	-0.0781959	-0.0756443	-0.0519713	-0.0226594	-0.00233683	0.00870084	0.0126644	0.0121931	-0.00162134	-0.0170923	-0.0225465	-0.0114266	-0.00234195	0.00592534	0.00650164	-0.00100136	-0.0105951	-0.00828455	-8.88049e-05	0.00303216	0.00410555	-0.00412749	-0.00876642	-0.00451854	0.00238845	0.00091639	-0.00780492	-0.0053361	0.00625818	0.00269447	-0.00732139	-0.00497148	-0.00193116	0.0031993	0.00432141	-0.00197629	-0.00240903	0.00427349	0.0222215	0.0371513	0.0420383	0.0516932	0.0567614	0.0583343	0.0699147	0.0753685	0.0528654	0.00537892	-0.0525782	-0.116882	-0.178661	-0.219818	-0.228802	-0.198682	-0.140876	-0.0740102	0	
0	0.000889579	0.000223566	0.00171131	0.000330794	0.00040962	0.000605586	-0.00127187	0.000409117	-0.000196068	-0.000125004	0.00212348	0.000125877	0.00202462	-0.00108146	-0.000431084	-0.0033409	-0.004945	-0.0046782	-0.00826053	-0.0141057	-0.0193218	-0.0340892	-0.0540236	-0.071996	-0.0949642	-0.111712	-0.123062	-0.117971	-0.087893	-0.0343891	0.035965	0.114632	0.187037	0.22558	0.230285	0.209701	0.164752	0.108742	0.0593316	0.00462449	-0.0538081	-0.0942935	-0.118595	-0.113272	-0.0798579	-0.0354124	-0.00471575	0.0123425	0.0206746	0.0179631	0.0012451	-0.0234271	-0.02973	-0.0156273	-0.00298588	0.0100918	0.00860896	-0.00221654	-0.0169995	-0.0145124	-0.00293321	0.00237721	0.00377166	-0.0047012	-0.0107665	-0.00534291	0.00714238	0.00179755	-0.0103645	-0.0067858	0.00363923	0.00101466	-0.01126	-0.00910405	0.000694988	0.00843411	0.00685559	-0.00199278	-0.00497004	0.00300163	0.0303731	0.0564353	0.0678219	0.0776463	0.0809374	0.08785	0.106731	0.110656	0.0777159	0.0109632	-0.0767736	-0.176262	-0.268162	-0.327882	-0.340911	-0.296536	-0.210871	-0.110904	0	
0	3.12975e-05	-0.00182369	0.000330794	-0.0022303	0.000596045	-0.000571008	-0.000189201	0.00155341	-0.00139348	0.000683302	-0.000705296	-0.00266711	0.000679893	-0.00208512	-0.000603879	0.00136103	-0.00305507	-0.00291949	-0.00937562	-0.018083	-0.0281918	-0.0455454	-0.0675547	-0.0889995	-0.12421	-0.148654	-0.161476	-0.153949	-0.117429	-0.0442399	0.0499258	0.151709	0.244025	0.299423	0.3089	0.28123	0.221402	0.148805	0.0835248	0.00927755	-0.0658039	-0.122171	-0.153154	-0.149029	-0.105135	-0.0494122	-0.00842431	0.0151718	0.02491	0.0224662	-0.000778857	-0.0305665	-0.0401446	-0.0237553	-0.00593069	0.011194	0.0111486	-0.00218154	-0.0199388	-0.0159502	-0.00219139	0.00351929	0.00605074	-0.00608504	-0.0145368	-0.00821362	0.00383885	0.000573402	-0.0126064	-0.00853425	0.00712613	0.00249534	-0.0124795	-0.00955995	-0.00109826	0.00671575	0.00556894	-0.00293712	-0.00383181	0.00816946	0.043128	0.0736041	0.0846499	0.0991268	0.109565	0.119443	0.142016	0.148158	0.103745	0.0126677	-0.10276	-0.232011	-0.353995	-0.435148	-0.452362	-0.392831	-0.279587	-0.146956	0	
0	0.000147296	0.000737498	0.00040962	0.000596045	0.000376822	-6.02183e-05	-0.000309274	-7.16878e-05	-0.000921281	0.000298595	0.000161939	-0.000313497	0.0016246	-0.00114049	-0.000525764	-0.00200328	-0.00535487	-0.00780798	-0.0123486	-0.0227313	-0.034508	-0.0551561	-0.0837254	-0.117009	-0.155815	-0.183642	-0.200525	-0.191192	-0.145528	-0.0597738	0.0555071	0.184825	0.299638	0.367682	0.380573	0.349305	0.276811	0.189215	0.104398	0.0138176	-0.0791888	-0.148367	-0.18952	-0.183988	-0.132985	-0.0656224	-0.0139893	0.0168234	0.0303562	0.0272283	0.000672584	-0.0336306	-0.0460395	-0.0295089	-0.00717016	0.01228	0.0140044	-0.00418572	-0.0233095	-0.0194909	-0.00628391	0.00297086	0.00427794	-0.00630809	-0.0149626	-0.00984497	0.00504558	0.000982616	-0.0129528	-0.00879918	0.00484658	-0.000626627	-0.0156698	-0.0113733	-1.82987e-05	0.00860975	0.00794212	-0.00191234	-0.00503065	0.0104323	0.0506568	0.0877211	0.107486	0.12444	0.134825	0.150024	0.177253	0.18156	0.128853	0.0196393	-0.126201	-0.289989	-0.43993	-0.538633	-0.559725	-0.487243	-0.347779	-0.182282	0	
0	0.000345834	-0.00068903	0.000605586	-0.000571008	-6.02183e-05	0.000388727	-0.000660831	0.000661251	0.000111043	-0.000318516	0.000787185	-0.00102014	-0.000105026	-0.00158919	-0.00172165	-0.00232573	-0.00612116	-0.00614117	-0.0157473	-0.0261446	-0.0412339	-0.0682072	-0.101661	-0.136722	-0.180638	-0.217873	-0.238782	-0.229253	-0.173823	-0.0717406	0.0649739	0.213406	0.349546	0.433549	0.455071	0.416667	0.33483	0.231087	0.130537	0.0201856	-0.0864761	-0.172161	-0.220873	-0.217074	-0.159941	-0.083722	-0.0216901	0.0166609	0.0339976	0.0296812	0.00160645	-0.036886	-0.0516619	-0.0364473	-0.0111653	0.0132154	0.013928	-0.00432254	-0.0246812	-0.0218279	-0.00734366	0.00110634	0.00415457	-0.00574592	-0.0161498	-0.0111996	0.00238042	-0.00103121	-0.01296	-0.00873424	0.00253492	-0.00209402	-0.0148992	-0.0120513	0.0010281	0.00866122	0.00432088	-0.00292193	-0.00309333	0.0148498	0.0611216	0.104823	0.12596	0.14191	0.158494	0.183395	0.215392	0.217063	0.152082	0.0220677	-0.149844	-0.342865	-0.521744	-0.640715	-0.664513	-0.578296	-0.414222	-0.2168	0	
0	-0.000720766	0.000170122	-0.00127187	-0.000189201	-0.000309274	-0.000660831	0.000408716	-0.000206199	-0.000501935	0.000284204	-0.000974109	-0.000425231	-0.000299063	-7.62189e-05	-0.00122852	-0.000725608	-0.00449111	-0.00968882	-0.0170321	-0.0300727	-0.0496067	-0.076687	-0.112065	-0.159085	-0.210674	-0.252079	-0.274072	-0.260665	-0.201079	-0.088142	0.0674108	0.242043	0.396058	0.496172	0.523369	0.48475	0.392507	0.277365	0.156788	0.0310546	-0.0913543	-0.191184	-0.249107	-0.247149	-0.186667	-0.103528	-0.0315261	0.0153095	0.0354256	0.0322688	0.00144078	-0.0375293	-0.0562741	-0.0441282	-0.0142386	0.0101884	0.0147853	-0.0057033	-0.0243362	-0.0219175	-0.0104569	0.000383151	0.00278665	-0.00573684	-0.015926	-0.0131938	-0.00176947	-0.00261829	-0.0114888	-0.00848385	0.00133802	-0.004208	-0.0160995	-0.0113173	0.000328122	0.00540397	0.00423531	-0.00129396	-0.00119708	0.0220782	0.0692593	0.113808	0.142108	0.163907	0.18627	0.216301	0.248766	0.248043	0.176309	0.0289922	-0.172136	-0.397078	-0.601961	-0.737031	-0.763294	-0.666788	-0.479792	-0.249705	0	
0	0.00028256	0.0012	0.000409117	0.00155341	-7.16878e-05	0.000661251	-0.000206199	-0.000734358	0.000292538	-0.000716118	-3.19316e-05	0.000612791	-0.00134823	-0.000577145	-0.0027071	-0.0050231	-0.00704954	-0.0124493	-0.0199081	-0.0345479	-0.0555062	-0.0882132	-0.130459	-0.182615	-0.234042	-0.282234	-0.309608	-0.297103	-0.229227	-0.102963	0.0704353	0.263	0.435725	0.552779	0.589313	0.549222	0.450549	0.323544	0.184317	0.0431361	-0.0941505	-0.208007	-0.275629	-0.275907	-0.215267	-0.126561	-0.0446991	0.010345	0.0358835	0.0328598	0.00349768	-0.0357809	-0.0577448	-0.0482859	-0.0175294	0.00851669	0.013469	-0.00655749	-0.0229015	-0.0241615	-0.0144212	-0.00320152	-0.00049476	-0.00521156	-0.0146783	-0.0134961	-0.00361125	-0.00390265	-0.00979605	-0.00744331	-0.0039561	-0.00845369	-0.0154739	-0.0112524	0.00169138	0.0056231	0.00223612	-0.00203767	0.000843622	0.0278932	0.0762663	0.125924	0.16058	0.181523	0.207704	0.248933	0.286662	0.280702	0.197267	0.0322403	-0.19394	-0.446454	-0.677158	-0.829661	-0.85751	-0.750799	-0.5428	-0.281293	0	
0	0.000131688	-0.00180813	-0.000196068	-0.00139348	-0.000921281	0.000111043	-0.000501935	0.000292538	0.000591023	-0.000397803	6.4307e-05	-9.72173e-05	-0.0014643	0.000190099	-0.00190363	-0.00252635	-0.00538106	-0.0120901	-0.0218898	-0.0380718	-0.0629209	-0.0969128	-0.143357	-0.199806	-0.258803	-0.314212	-0.342361	-0.327071	-0.255261	-0.119475	0.0700158	0.280638	0.471597	0.605311	0.652536	0.612583	0.511211	0.372754	0.217676	0.0602879	-0.089997	-0.219093	-0.294455	-0.29961	-0.241149	-0.149302	-0.0595664	0.00412636	0.0336484	0.0322833	0.00405294	-0.0342968	-0.0599143	-0.0535162	-0.0233483	0.00345087	0.00887475	-0.0068642	-0.0195484	-0.0243604	-0.0152571	-0.00579139	-0.00155013	-0.00456058	-0.0144913	-0.0139761	-0.00912557	-0.00732743	-0.00843	-0.00715136	-0.00645759	-0.00973479	-0.0136315	-0.0102643	0.000294891	0.00196499	-0.000998919	-0.00198126	0.00647011	0.0371562	0.0829295	0.133305	0.172568	0.198685	0.234572	0.283079	0.320394	0.309721	0.217552	0.0363164	-0.214257	-0.49385	-0.749153	-0.915932	-0.94378	-0.829906	-0.604072	-0.311818	0	
0	-0.000156711	0.000927399	-0.000125004	0.000683302	0.000298595	-0.000318516	0.000284204	-0.000716118	-0.000397803	-0.000161494	-0.00127456	0.000846085	-0.00259289	0.000576848	-0.00343227	-0.0051573	-0.00555606	-0.0174668	-0.0232878	-0.0423783	-0.0701569	-0.107362	-0.155228	-0.221012	-0.283207	-0.342198	-0.37295	-0.356962	-0.281545	-0.136843	0.0650103	0.295419	0.500738	0.651863	0.707103	0.675069	0.569602	0.42434	0.250017	0.0814165	-0.0854385	-0.226274	-0.311339	-0.321858	-0.268248	-0.175525	-0.0783433	-0.00675719	0.0284203	0.0303302	0.00509477	-0.0308268	-0.0582691	-0.0558762	-0.0254772	-0.00325386	0.00497407	-0.00679664	-0.0167841	-0.0234916	-0.0199147	-0.0089204	-0.00484631	-0.00650625	-0.0124634	-0.0139984	-0.0118009	-0.00851596	-0.00712996	-0.00733551	-0.0101058	-0.0121099	-0.014046	-0.00928797	-9.25702e-06	-0.00143353	-0.00128907	-0.000847686	0.00921384	0.045598	0.0891791	0.137657	0.184371	0.218164	0.25998	0.314671	0.353554	0.337151	0.235956	0.0400894	-0.234278	-0.53915	-0.815109	-0.993859	-1.02306	-0.904332	-0.66182	-0.340099	0	
0	0.0013649	-0.00161394	0.00212348	-0.000705296	0.000161939	0.000787185	-0.000974109	-3.19316e-05	6.4307e-05	-0.00127456	0.000133918	-0.000372776	-0.0014486	-0.00061497	-0.00291386	-0.0055817	-0.00801111	-0.0178298	-0.0257052	-0.0475187	-0.0752773	-0.114251	-0.173498	-0.238593	-0.303573	-0.368135	-0.402132	-0.387028	-0.30825	-0.153577	0.0619688	0.30135	0.523247	0.690674	0.761128	0.732036	0.629786	0.475091	0.289359	0.105724	-0.0747125	-0.228206	-0.321715	-0.339003	-0.293511	-0.200782	-0.0996577	-0.0203055	0.0208361	0.026594	0.00574617	-0.0271977	-0.0568658	-0.0546422	-0.0307705	-0.00976454	-0.00268226	-0.00720006	-0.0118942	-0.0249646	-0.0206618	-0.0127351	-0.00816805	-0.00728786	-0.0127597	-0.0128598	-0.0136856	-0.0107687	-0.00729776	-0.0077385	-0.0129729	-0.0141407	-0.0118809	-0.00947135	-0.00332247	-0.00195848	-0.00285761	-0.00249287	0.016209	0.0540842	0.0917968	0.142769	0.195922	0.235059	0.284084	0.345333	0.386282	0.364804	0.251638	0.0390762	-0.254039	-0.578243	-0.874027	-1.065	-1.09441	-0.970965	-0.715324	-0.368124	0	
0	0.000160365	-0.00237578	0.000125877	-0.00266711	-0.000313497	-0.00102014	-0.000425231	0.000612791	-9.72173e-05	0.000846085	-0.000372776	0.000250663	-0.00181149	-0.000651216	-0.00305621	-0.00506216	-0.00662167	-0.0183569	-0.0279827	-0.0506586	-0.0831798	-0.1257	-0.182537	-0.252692	-0.326924	-0.395373	-0.429246	-0.413025	-0.330104	-0.172205	0.0498053	0.304553	0.542927	0.723746	0.804649	0.787086	0.688822	0.528738	0.331179	0.135037	-0.0595067	-0.224359	-0.325508	-0.352607	-0.315021	-0.226574	-0.122513	-0.0376096	0.0103538	0.0211067	0.00544033	-0.0249971	-0.0531656	-0.0537798	-0.034289	-0.0198752	-0.0120759	-0.00710889	-0.0101552	-0.022572	-0.0220689	-0.0144108	-0.00920942	-0.0105277	-0.0116206	-0.012181	-0.0157646	-0.013263	-0.0100661	-0.0103847	-0.0142568	-0.0125955	-0.0105243	-0.00952716	-0.00561113	-0.00630403	-0.00475222	-0.000465031	0.0215022	0.0621654	0.0979656	0.143361	0.200136	0.253896	0.313395	0.376525	0.414451	0.385493	0.263893	0.0404854	-0.270961	-0.616558	-0.927738	-1.12453	-1.15503	-1.0308	-0.764618	-0.394659	0	
0	0.000828696	0.0008217	0.00202462	0.000679893	0.0016246	-0.000105026	-0.000299063	-0.00134823	-0.0014643	-0.00259289	-0.0014486	-0.00181149	-0.00266374	-0.000999681	-0.00496526	-0.00692074	-0.0107488	-0.0220495	-0.0319601	-0.0553076	-0.0875411	-0.132626	-0.197564	-0.271031	-0.346034	-0.415728	-0.452824	-0.438896	-0.355476	-0.190909	0.0416127	0.30457	0.552613	0.747115	0.844689	0.838382	0.745183	0.581195	0.376699	0.167083	-0.0410202	-0.216191	-0.32603	-0.36336	-0.336338	-0.253098	-0.150474	-0.0600328	-0.00518458	0.0125864	0.00335554	-0.0232687	-0.0470333	-0.0487395	-0.0350961	-0.0280474	-0.019759	-0.0070996	-0.00773924	-0.0212174	-0.0235812	-0.0172999	-0.0142928	-0.0157167	-0.013568	-0.0111147	-0.0137317	-0.0136022	-0.0116458	-0.012365	-0.0147463	-0.0123559	-0.0114637	-0.0122963	-0.0100493	-0.0068586	-0.00287727	0.0013976	0.0265829	0.0670417	0.0991056	0.144475	0.209217	0.273935	0.338326	0.402465	0.440491	0.407551	0.275618	0.0361477	-0.29153	-0.64897	-0.968878	-1.17323	-1.20859	-1.08253	-0.806573	-0.419146	0	
0	-0.000330054	-0.0017472	-0.00108146	-0.00208512	-0.00114049	-0.00158919	-7.62189e-05	-0.000577145	0.000190099	0.000576848	-0.00061497	-0.000651216	-0.000999681	-0.00348894	-0.00392687	-0.00669548	-0.0122763	-0.0214545	-0.0345767	-0.0608927	-0.0958806	-0.143002	-0.209811	-0.284779	-0.367678	-0.439435	-0.478446	-0.464953	-0.377348	-0.209553	0.0252575	0.293902	0.557117	0.764135	0.875736	0.881372	0.797871	0.634432	0.425559	0.203211	-0.0168839	-0.200725	-0.319319	-0.367618	-0.350748	-0.276268	-0.176984	-0.0839146	-0.0217301	0.00346098	-0.000666967	-0.0215458	-0.042019	-0.0427395	-0.038343	-0.0389663	-0.0303392	-0.0122235	-0.00796801	-0.0203391	-0.0228371	-0.0167129	-0.0164253	-0.0187367	-0.0139795	-0.00974982	-0.0119941	-0.0154898	-0.0187818	-0.0171074	-0.0137665	-0.0106167	-0.00897279	-0.0139004	-0.0154549	-0.00795962	-0.00340792	0.00289509	0.0326668	0.0721608	0.101656	0.143592	0.213202	0.293188	0.366343	0.429624	0.463495	0.422823	0.279991	0.0304708	-0.306736	-0.675871	-1.00427	-1.21171	-1.24915	-1.12265	-0.84269	-0.443746	0	
0	-0.000270378	0.00020137	-0.000431084	-0.000603879	-0.000525764	-0.00172165	-0.00122852	-0.0027071	-0.00190363	-0.00343227	-0.00291386	-0.00305621	-0.00496526	-0.00392687	-0.0071986	-0.00939868	-0.0157048	-0.0223096	-0.0419319	-0.0628262	-0.101005	-0.154296	-0.221828	-0.299513	-0.384748	-0.458441	-0.499875	-0.486968	-0.397446	-0.230963	0.00846004	0.286096	0.557174	0.771005	0.898945	0.921089	0.84834	0.686554	0.477204	0.241484	0.0129558	-0.181952	-0.308217	-0.369944	-0.362716	-0.300679	-0.207899	-0.114112	-0.0447293	-0.0122136	-0.0082955	-0.0244425	-0.0347445	-0.0370026	-0.0379513	-0.0460549	-0.0392521	-0.014798	-0.0101786	-0.0170324	-0.0211981	-0.0177394	-0.0201091	-0.0252367	-0.0180803	-0.00927985	-0.00878815	-0.0167333	-0.0229539	-0.0204996	-0.0132488	-0.00656546	-0.00995614	-0.0198222	-0.0180691	-0.00901304	-0.00305409	0.00914531	0.035759	0.0705799	0.103027	0.145717	0.220449	0.31165	0.3914	0.454219	0.48138	0.433219	0.284045	0.024527	-0.325132	-0.700898	-1.02652	-1.23406	-1.27938	-1.15507	-0.87079	-0.463396	0	
0	-0.00170818	0.00233806	-0.0033409	0.00136103	-0.00200328	-0.00232573	-0.000725608	-0.0050231	-0.00252635	-0.0051573	-0.0055817	-0.00506216	-0.00692074	-0.00669548	-0.00939868	-0.012276	-0.0197784	-0.0299072	-0.0481005	-0.0727675	-0.112479	-0.164715	-0.232641	-0.319436	-0.40715	-0.480889	-0.523425	-0.511355	-0.422446	-0.253357	-0.0113689	0.267473	0.542601	0.769411	0.91332	0.950347	0.887318	0.736537	0.526618	0.282712	0.0439599	-0.157285	-0.295017	-0.366247	-0.370788	-0.321939	-0.238689	-0.14591	-0.0705744	-0.0298043	-0.0194433	-0.0264658	-0.0289211	-0.0301959	-0.0368458	-0.0533539	-0.0463318	-0.0245762	-0.0139916	-0.0161357	-0.020493	-0.016667	-0.0252674	-0.0300124	-0.0215724	-0.00925469	-0.0052198	-0.0169517	-0.028359	-0.024499	-0.010458	-0.00480414	-0.0113528	-0.0238253	-0.0245503	-0.010817	0.000800726	0.0144737	0.0389846	0.0715833	0.101491	0.143159	0.227545	0.332526	0.417367	0.475235	0.49446	0.440574	0.282422	0.0123306	-0.341275	-0.715457	-1.0379	-1.24691	-1.29759	-1.17403	-0.8901	-0.480316	0	
0	-0.00200857	-0.000822198	-0.004945	-0.00305507	-0.00535487	-0.00612116	-0.00449111	-0.00704954	-0.00538106	-0.00555606	-0.00801111	-0.00662167	-0.0107488	-0.0122763	-0.0157048	-0.0197784	-0.0271051	-0.0345133	-0.0551866	-0.0791369	-0.122491	-0.181043	-0.252788	-0.338218	-0.425994	-0.501852	-0.549412	-0.536344	-0.446987	-0.277693	-0.0390256	0.244287	0.524509	0.759334	0.91417	0.969088	0.921222	0.7832	0.574759	0.324592	0.0807165	-0.129717	-0.276753	-0.358781	-0.373671	-0.341418	-0.269468	-0.180261	-0.101523	-0.0527348	-0.0360482	-0.0319016	-0.0264641	-0.02592	-0.0372313	-0.0583291	-0.0556005	-0.0368641	-0.0212942	-0.0167858	-0.0175605	-0.0167693	-0.027472	-0.0332111	-0.0249129	-0.00818927	-0.00355662	-0.0185163	-0.0342299	-0.029733	-0.0114097	-0.00386648	-0.0115807	-0.0274457	-0.0253996	-0.00942793	0.00176116	0.0184546	0.0386926	0.0653562	0.0992529	0.1496	0.240635	0.348161	0.436336	0.494782	0.505186	0.440537	0.275344	0.00115752	-0.354502	-0.726472	-1.04033	-1.24449	-1.29979	-1.18183	-0.90207	-0.491844	0	
0	-0.00145822	-0.0015784	-0.0046782	-0.00291949	-0.00780798	-0.00614117	-0.00968882	-0.0124493	-0.0120901	-0.0174668	-0.0178298	-0.0183569	-0.0220495	-0.0214545	-0.0223096	-0.0299072	-0.0345133	-0.047455	-0.071091	-0.0962791	-0.140784	-0.197664	-0.268133	-0.361276	-0.450374	-0.530604	-0.576782	-0.563364	-0.473377	-0.308965	-0.0679237	0.214382	0.495595	0.734684	0.905962	0.976093	0.944161	0.821078	0.61765	0.366381	0.116635	-0.100805	-0.259633	-0.348852	-0.377517	-0.361834	-0.302918	-0.221526	-0.139272	-0.086781	-0.0588959	-0.044009	-0.0285835	-0.024351	-0.0374479	-0.0583846	-0.0628207	-0.0488034	-0.0282632	-0.0174098	-0.0151229	-0.0177636	-0.0326744	-0.038953	-0.0316831	-0.0130216	-0.00471694	-0.0206404	-0.0355261	-0.0286589	-0.0102761	-0.00167192	-0.0136984	-0.0338195	-0.0298829	-0.0133066	0.00364093	0.0256981	0.0409033	0.0622551	0.0953051	0.15149	0.251492	0.364156	0.456725	0.512043	0.509074	0.434363	0.264639	-0.0130089	-0.367166	-0.728803	-1.02938	-1.22891	-1.28936	-1.17845	-0.903704	-0.494831	0	
0	-0.00306823	-0.00353596	-0.00826053	-0.00937562	-0.0123486	-0.0157473	-0.0170321	-0.0199081	-0.0218898	-0.0232878	-0.0257052	-0.0279827	-0.0319601	-0.0345767	-0.0419319	-0.0481005	-0.0551866	-0.071091	-0.089333	-0.116733	-0.165012	-0.225742	-0.300733	-0.395467	-0.485002	-0.56638	-0.61144	-0.598911	-0.514582	-0.348042	-0.109144	0.170295	0.449271	0.697479	0.878006	0.963142	0.949443	0.845931	0.649655	0.401483	0.149898	-0.0751489	-0.242328	-0.338921	-0.380426	-0.380183	-0.336425	-0.262095	-0.182939	-0.123815	-0.0872083	-0.0589368	-0.0347896	-0.0283113	-0.0379229	-0.0611536	-0.0737466	-0.0670869	-0.043845	-0.0248195	-0.0185035	-0.0227888	-0.0355487	-0.0418784	-0.034049	-0.0127723	-0.00778554	-0.0213368	-0.0355955	-0.0337518	-0.0143948	-0.00706671	-0.0193559	-0.0331312	-0.0289623	-0.0122828	0.0086949	0.0271127	0.0363739	0.0542849	0.0901239	0.159852	0.268114	0.3799	0.471773	0.520678	0.507266	0.425541	0.249687	-0.0299794	-0.375414	-0.721668	-1.00941	-1.20209	-1.26272	-1.16045	-0.895842	-0.491808	0	
0	-0.00470064	-0.00968511	-0.0141057	-0.018083	-0.0227313	-0.0261446	-0.0300727	-0.0345479	-0.0380718	-0.0423783	-0.0475187	-0.0506586	-0.0553076	-0.0608927	-0.0628262	-0.0727675	-0.0791369	-0.0962791	-0.116733	-0.151221	-0.19897	-0.25895	-0.339276	-0.434242	-0.523943	-0.606742	-0.65578	-0.645001	-0.557918	-0.393085	-0.160399	0.115447	0.39619	0.645197	0.833523	0.934036	0.942465	0.856294	0.671297	0.431867	0.179161	-0.0519545	-0.227383	-0.330607	-0.386805	-0.401983	-0.373809	-0.312082	-0.237717	-0.176653	-0.129093	-0.0877171	-0.055773	-0.0414971	-0.0460248	-0.0652406	-0.0863351	-0.0851122	-0.0581596	-0.0331471	-0.0225062	-0.0270849	-0.0398094	-0.0469749	-0.0394671	-0.0230855	-0.0180709	-0.0264793	-0.0365029	-0.0312501	-0.0174613	-0.011933	-0.019448	-0.0343966	-0.0316771	-0.0132118	0.00740723	0.0256218	0.0358476	0.0498201	0.0860787	0.168422	0.285123	0.392758	0.478638	0.52565	0.506133	0.410161	0.226547	-0.046054	-0.377467	-0.707906	-0.979997	-1.16097	-1.22068	-1.13032	-0.877487	-0.480341	0	
0	-0.00604608	-0.0147301	-0.0193218	-0.0281918	-0.034508	-0.0412339	-0.0496067	-0.0555062	-0.0629209	-0.0701569	-0.0752773	-0.0831798	-0.0875411	-0.0958806	-0.101005	-0.112479	-0.122491	-0.140784	-0.165012	-0.19897	-0.248232	-0.311633	-0.394407	-0.486047	-0.582751	-0.670335	-0.714723	-0.702552	-0.618715	-0.458982	-0.226506	0.0433547	0.319778	0.568386	0.767144	0.879936	0.908748	0.84013	0.674006	0.445249	0.194721	-0.0411961	-0.220429	-0.332439	-0.401157	-0.430084	-0.41681	-0.369216	-0.302601	-0.24001	-0.18107	-0.127292	-0.0858213	-0.063022	-0.0584261	-0.0745316	-0.103711	-0.106789	-0.0813447	-0.051904	-0.03803	-0.0403527	-0.0488932	-0.0544644	-0.0460346	-0.0328088	-0.0294223	-0.0314197	-0.0329034	-0.0312219	-0.0256908	-0.0215818	-0.0261421	-0.0348648	-0.031022	-0.0137176	0.00685097	0.0231881	0.0324182	0.0438384	0.0848377	0.179054	0.297512	0.402322	0.487607	0.526848	0.493513	0.388669	0.204516	-0.0621118	-0.377332	-0.684151	-0.938017	-1.10902	-1.16698	-1.08608	-0.845951	-0.461355	0	
0	-0.0117781	-0.0220162	-0.0340892	-0.0455454	-0.0551561	-0.0682072	-0.076687	-0.0882132	-0.0969128	-0.107362	-0.114251	-0.1257	-0.132626	-0.143002	-0.154296	-0.164715	-0.181043	-0.197664	-0.225742	-0.25895	-0.311633	-0.377574	-0.464241	-0.559611	-0.660226	-0.740672	-0.785512	-0.779129	-0.696638	-0.536965	-0.311135	-0.0478459	0.227607	0.474664	0.676221	0.80013	0.852142	0.801116	0.657486	0.441154	0.197726	-0.0399351	-0.221763	-0.343196	-0.424022	-0.463671	-0.467829	-0.434974	-0.380601	-0.318493	-0.249909	-0.186825	-0.133377	-0.101697	-0.0846375	-0.0977791	-0.130119	-0.134706	-0.112371	-0.0800183	-0.0625746	-0.058481	-0.0616597	-0.0642223	-0.0556792	-0.047987	-0.0468826	-0.0415977	-0.0338328	-0.0344008	-0.036776	-0.0351111	-0.0325454	-0.0339269	-0.0304214	-0.0130561	0.00441731	0.016354	0.0253465	0.0380789	0.0861929	0.187793	0.311326	0.416969	0.488239	0.513552	0.477725	0.367219	0.178205	-0.0765327	-0.368012	-0.653095	-0.889526	-1.04563	-1.09865	-1.02686	-0.802838	-0.437712	0	
0	-0.0189679	-0.0328722	-0.0540236	-0.0675547	-0.0837254	-0.101661	-0.112065	-0.130459	-0.143357	-0.155228	-0.173498	-0.182537	-0.197564	-0.209811	-0.221828	-0.232641	-0.252788	-0.268133	-0.300733	-0.339276	-0.394407	-0.464241	-0.549225	-0.644467	-0.744808	-0.826766	-0.878236	-0.871716	-0.787633	-0.629067	-0.410524	-0.150786	0.114751	0.35971	0.562606	0.702664	0.767115	0.736957	0.617112	0.418865	0.183526	-0.052393	-0.23419	-0.368535	-0.456025	-0.510181	-0.528293	-0.514045	-0.473767	-0.413396	-0.34181	-0.266677	-0.203636	-0.157817	-0.128341	-0.13804	-0.164894	-0.170799	-0.151778	-0.119352	-0.0999271	-0.0859867	-0.0834076	-0.0835086	-0.0731976	-0.0724718	-0.0724744	-0.0573882	-0.0422089	-0.0408432	-0.0488465	-0.0500788	-0.0378649	-0.0346471	-0.032517	-0.0163349	-0.00588458	0.00374705	0.0176099	0.0383274	0.0955035	0.198085	0.319552	0.420109	0.480205	0.50035	0.460493	0.340775	0.151802	-0.0880061	-0.355968	-0.614154	-0.827266	-0.971154	-1.02248	-0.954811	-0.745755	-0.408029	0	
0	-0.024314	-0.0434822	-0.071996	-0.0889995	-0.117009	-0.136722	-0.159085	-0.182615	-0.199806	-0.221012	-0.238593	-0.252692	-0.271031	-0.284779	-0.299513	-0.319436	-0.338218	-0.361276	-0.395467	-0.434242	-0.486047	-0.559611	-0.644467	-0.745535	-0.847704	-0.932339	-0.981682	-0.970133	-0.887297	-0.737182	-0.524939	-0.270234	-0.0101918	0.230708	0.432217	0.580485	0.65643	0.651049	0.553713	0.375111	0.149097	-0.0755122	-0.262567	-0.404613	-0.50149	-0.566444	-0.599731	-0.604609	-0.577429	-0.525182	-0.451108	-0.368209	-0.292826	-0.23113	-0.192913	-0.194951	-0.213211	-0.219734	-0.203968	-0.178555	-0.155134	-0.13042	-0.123325	-0.113532	-0.103473	-0.104754	-0.0991479	-0.0807651	-0.0559926	-0.0533453	-0.0696807	-0.0690607	-0.0526588	-0.0452789	-0.0368045	-0.0222053	-0.0152017	-0.00556121	0.00881818	0.0374295	0.10171	0.20218	0.322479	0.421398	0.474941	0.484276	0.430498	0.306405	0.128573	-0.0911334	-0.334263	-0.567599	-0.759707	-0.889625	-0.934654	-0.868093	-0.677804	-0.374894	0	
0	-0.031752	-0.0638285	-0.0949642	-0.12421	-0.155815	-0.180638	-0.210674	-0.234042	-0.258803	-0.283207	-0.303573	-0.326924	-0.346034	-0.367678	-0.384748	-0.40715	-0.425994	-0.450374	-0.485002	-0.523943	-0.582751	-0.660226	-0.744808	-0.847704	-0.949306	-1.03026	-1.07828	-1.07296	-0.995318	-0.845928	-0.633287	-0.387442	-0.135999	0.0952454	0.297114	0.450348	0.5385	0.552306	0.478139	0.319357	0.111454	-0.102588	-0.293614	-0.442145	-0.547179	-0.624387	-0.674182	-0.697717	-0.686938	-0.647935	-0.578264	-0.491514	-0.404317	-0.328799	-0.284991	-0.274779	-0.282883	-0.284225	-0.273057	-0.254161	-0.223276	-0.19224	-0.173863	-0.157313	-0.148189	-0.145392	-0.140537	-0.118396	-0.0880905	-0.0852019	-0.0963561	-0.0913524	-0.0708616	-0.0558425	-0.0447855	-0.0345932	-0.0322936	-0.0245471	-0.00608549	0.0366052	0.112458	0.209628	0.321639	0.415636	0.459961	0.45426	0.395375	0.280379	0.113565	-0.0912532	-0.310304	-0.516208	-0.682453	-0.796515	-0.837854	-0.773581	-0.601131	-0.335117	0	
0	-0.0375497	-0.0753039	-0.111712	-0.148654	-0.183642	-0.217873	-0.252079	-0.282234	-0.314212	-0.342198	-0.368135	-0.395373	-0.415728	-0.439435	-0.458441	-0.480889	-0.501852	-0.530604	-0.56638	-0.606742	-0.670335	-0.740672	-0.826766	-0.932339	-1.03026	-1.11395	-1.16878	-1.16032	-1.07853	-0.932472	-0.728155	-0.491141	-0.248	-0.0246588	0.176034	0.327886	0.423239	0.454146	0.402723	0.263791	0.0766528	-0.127588	-0.319984	-0.472835	-0.588425	-0.679172	-0.746676	-0.787089	-0.796051	-0.774752	-0.714561	-0.628277	-0.528003	-0.444626	-0.392702	-0.370043	-0.365425	-0.360284	-0.356423	-0.341503	-0.310396	-0.275025	-0.246976	-0.226417	-0.212759	-0.203638	-0.194442	-0.168124	-0.136515	-0.128561	-0.129695	-0.120647	-0.0999282	-0.0807713	-0.06813	-0.0594826	-0.0541768	-0.044545	-0.0195203	0.0389084	0.118779	0.207692	0.312101	0.397571	0.436406	0.428456	0.364095	0.248285	0.0959429	-0.0831397	-0.275415	-0.455805	-0.599169	-0.699487	-0.734298	-0.669997	-0.517032	-0.290653	0	
0	-0.0416586	-0.080941	-0.123062	-0.161476	-0.200525	-0.238782	-0.274072	-0.309608	-0.342361	-0.37295	-0.402132	-0.429246	-0.452824	-0.478446	-0.499875	-0.523425	-0.549412	-0.576782	-0.61144	-0.65578	-0.714723	-0.785512	-0.878236	-0.981682	-1.07828	-1.16878	-1.21627	-1.20555	-1.12972	-0.989137	-0.788481	-0.559608	-0.324656	-0.108064	0.0841692	0.230053	0.332679	0.38022	0.34463	0.226435	0.0624375	-0.130494	-0.320379	-0.477517	-0.603792	-0.71097	-0.794363	-0.853457	-0.884834	-0.885888	-0.843138	-0.760583	-0.655233	-0.568617	-0.510116	-0.476762	-0.45949	-0.451053	-0.451242	-0.439366	-0.412533	-0.374432	-0.33942	-0.31446	-0.292508	-0.275817	-0.261091	-0.234308	-0.207897	-0.192472	-0.179706	-0.165013	-0.140689	-0.119424	-0.105375	-0.0916936	-0.0844503	-0.0717403	-0.0339858	0.0316735	0.111733	0.202192	0.29651	0.370229	0.41029	0.396403	0.321985	0.217229	0.090261	-0.0648188	-0.233463	-0.390991	-0.515144	-0.597198	-0.619636	-0.561159	-0.432226	-0.242749	0	
0	-0.040047	-0.0765319	-0.117971	-0.153949	-0.191192	-0.229253	-0.260665	-0.297103	-0.327071	-0.356962	-0.387028	-0.413025	-0.438896	-0.464953	-0.486968	-0.511355	-0.536344	-0.563364	-0.598911	-0.645001	-0.702552	-0.779129	-0.871716	-0.970133	-1.07296	-1.16032	-1.20555	-1.19974	-1.12981	-0.988543	-0.794047	-0.569873	-0.345667	-0.141121	0.039544	0.184228	0.29119	0.34493	0.321034	0.22893	0.0864965	-0.0942124	-0.279557	-0.436713	-0.577315	-0.699319	-0.801128	-0.878462	-0.935968	-0.962833	-0.943677	-0.870711	-0.769884	-0.684467	-0.621357	-0.579249	-0.553241	-0.544564	-0.543251	-0.53656	-0.516976	-0.481737	-0.446634	-0.41637	-0.387817	-0.363446	-0.34283	-0.321199	-0.299772	-0.275149	-0.248222	-0.222633	-0.19498	-0.175604	-0.158996	-0.140919	-0.129908	-0.106077	-0.0559831	0.0132109	0.0973745	0.187752	0.268469	0.333485	0.37219	0.353323	0.282462	0.195272	0.0906067	-0.0405017	-0.186126	-0.323754	-0.426548	-0.486357	-0.500985	-0.45567	-0.347173	-0.188629	0	
0	-0.0293248	-0.0596028	-0.087893	-0.117429	-0.145528	-0.173823	-0.201079	-0.229227	-0.255261	-0.281545	-0.30825	-0.330104	-0.355476	-0.377348	-0.397446	-0.422446	-0.446987	-0.473377	-0.514582	-0.557918	-0.618715	-0.696638	-0.787633	-0.887297	-0.995318	-1.07853	-1.12972	-1.12981	-1.05801	-0.916431	-0.729527	-0.516913	-0.303975	-0.106877	0.0667207	0.20273	0.306431	0.362218	0.356028	0.284878	0.161248	-0.00687153	-0.177404	-0.337618	-0.489878	-0.62915	-0.747013	-0.846502	-0.930373	-0.98683	-0.994612	-0.939091	-0.852762	-0.771453	-0.70687	-0.657122	-0.631647	-0.620113	-0.617751	-0.616255	-0.608188	-0.586244	-0.55511	-0.525396	-0.4908	-0.459985	-0.437464	-0.42158	-0.403761	-0.371835	-0.3339	-0.296231	-0.267635	-0.253074	-0.233203	-0.211382	-0.191025	-0.147909	-0.086857	-0.0174139	0.0671107	0.153111	0.226392	0.286531	0.319293	0.304006	0.250098	0.178931	0.0917765	-0.0133787	-0.131672	-0.247061	-0.333222	-0.378788	-0.385258	-0.347743	-0.261824	-0.138731	0	
0	-0.0111925	-0.0207826	-0.0343891	-0.0442399	-0.0597738	-0.0717406	-0.088142	-0.102963	-0.119475	-0.136843	-0.153577	-0.172205	-0.190909	-0.209553	-0.230963	-0.253357	-0.277693	-0.308965	-0.348042	-0.393085	-0.458982	-0.536965	-0.629067	-0.737182	-0.845928	-0.932472	-0.989137	-0.988543	-0.916431	-0.78643	-0.609214	-0.401821	-0.192713	-0.00672277	0.150819	0.27846	0.379866	0.438564	0.443212	0.388913	0.283114	0.13748	-0.017007	-0.178116	-0.338007	-0.489941	-0.623047	-0.745445	-0.853149	-0.939429	-0.974039	-0.945371	-0.879612	-0.808232	-0.742763	-0.695038	-0.674057	-0.662613	-0.659316	-0.66304	-0.673129	-0.666785	-0.649048	-0.621331	-0.583558	-0.552019	-0.531737	-0.524813	-0.509144	-0.477915	-0.433982	-0.388062	-0.360703	-0.344774	-0.326523	-0.300982	-0.262103	-0.20485	-0.13642	-0.0638566	0.013752	0.0939458	0.169977	0.227146	0.254605	0.250505	0.214852	0.159938	0.0991567	0.0256827	-0.0702825	-0.171363	-0.243412	-0.272455	-0.268896	-0.240815	-0.183445	-0.0981539	0	
0	0.0123162	0.0273747	0.035965	0.0499258	0.0555071	0.0649739	0.0674108	0.0704353	0.0700158	0.0650103	0.0619688	0.0498053	0.0416127	0.0252575	0.00846004	-0.0113689	-0.0390256	-0.0679237	-0.109144	-0.160399	-0.226506	-0.311135	-0.410524	-0.524939	-0.633287	-0.728155	-0.788481	-0.794047	-0.729527	-0.609214	-0.433116	-0.231264	-0.0330509	0.136479	0.286008	0.409711	0.503425	0.559099	0.57386	0.535654	0.450271	0.330443	0.192476	0.0375447	-0.122691	-0.282707	-0.43197	-0.574708	-0.704001	-0.817323	-0.879723	-0.884497	-0.843706	-0.784784	-0.72222	-0.681645	-0.666657	-0.65464	-0.649248	-0.66028	-0.686763	-0.702133	-0.703105	-0.682944	-0.650705	-0.623806	-0.614964	-0.615325	-0.602388	-0.577721	-0.535326	-0.490957	-0.461577	-0.447911	-0.435232	-0.400926	-0.350099	-0.280191	-0.201294	-0.133994	-0.0657876	0.0146011	0.0948694	0.149462	0.175015	0.185495	0.175554	0.148875	0.116861	0.0648542	-0.0159755	-0.0972112	-0.146753	-0.164941	-0.16489	-0.147268	-0.110847	-0.0598136	0	
0	0.0386821	0.0793451	0.114632	0.151709	0.184825	0.213406	0.242043	0.263	0.280638	0.295419	0.30135	0.304553	0.30457	0.293902	0.286096	0.267473	0.244287	0.214382	0.170295	0.115447	0.0433547	-0.0478459	-0.150786	-0.270234	-0.387442	-0.491141	-0.559608	-0.569873	-0.516913	-0.401821	-0.231264	-0.0388807	0.143986	0.307429	0.452027	0.564431	0.643707	0.702603	0.725597	0.699528	0.633355	0.542634	0.423357	0.285108	0.130646	-0.0316053	-0.194929	-0.350858	-0.498789	-0.631699	-0.722433	-0.759318	-0.744875	-0.698579	-0.643627	-0.613	-0.600534	-0.588279	-0.580609	-0.599052	-0.638863	-0.676234	-0.698668	-0.692954	-0.672396	-0.659084	-0.666356	-0.672243	-0.665948	-0.65175	-0.622569	-0.588883	-0.559739	-0.551626	-0.543988	-0.506703	-0.448019	-0.368359	-0.288972	-0.225503	-0.163215	-0.0903894	-0.00933318	0.0504436	0.0854419	0.114464	0.130785	0.137798	0.134542	0.0989308	0.0371517	-0.0182638	-0.0521371	-0.071661	-0.0755693	-0.0614543	-0.0471196	-0.0323026	0	
0	0.0636303	0.125136	0.187037	0.244025	0.299638	0.349546	0.396058	0.435725	0.471597	0.500738	0.523247	0.542927	0.552613	0.557117	0.557174	0.542601	0.524509	0.495595	0.449271	0.39619	0.319778	0.227607	0.114751	-0.0101918	-0.135999	-0.248	-0.324656	-0.345667	-0.303975	-0.192713	-0.0330509	0.143986	0.321482	0.481034	0.612565	0.707018	0.783917	0.844182	0.867536	0.847205	0.80755	0.742325	0.647374	0.531272	0.392298	0.232225	0.0628048	-0.101364	-0.261449	-0.408624	-0.523367	-0.588342	-0.596495	-0.563712	-0.521667	-0.496211	-0.484462	-0.467076	-0.460679	-0.48242	-0.529495	-0.586151	-0.627174	-0.642213	-0.638307	-0.643778	-0.665302	-0.676674	-0.678247	-0.678844	-0.676277	-0.660648	-0.641862	-0.643535	-0.637807	-0.602654	-0.541592	-0.460943	-0.389819	-0.334936	-0.283597	-0.218152	-0.135422	-0.0671126	-0.0160151	0.0326225	0.0797674	0.12538	0.145948	0.127899	0.0912491	0.0540459	0.0264968	0.0101114	0.00526972	0.00773254	-0.00209403	-0.0137234	0	
0	0.0759761	0.153338	0.22558	0.299423	0.367682	0.433549	0.496172	0.552779	0.605311	0.651863	0.690674	0.723746	0.747115	0.764135	0.771005	0.769411	0.759334	0.734684	0.697479	0.645197	0.568386	0.474664	0.35971	0.230708	0.0952454	-0.0246588	-0.108064	-0.141121	-0.106877	-0.00672277	0.136479	0.307429	0.481034	0.626252	0.741741	0.830952	0.903894	0.95496	0.972686	0.966251	0.948811	0.903882	0.836586	0.750956	0.634565	0.48232	0.316082	0.148094	-0.0174216	-0.17534	-0.309341	-0.39547	-0.423134	-0.408737	-0.381126	-0.3596	-0.341135	-0.319437	-0.31179	-0.328154	-0.375344	-0.435467	-0.491153	-0.525819	-0.541644	-0.568633	-0.600841	-0.620487	-0.633219	-0.654445	-0.679605	-0.68866	-0.688197	-0.694789	-0.695135	-0.667734	-0.612822	-0.550912	-0.497637	-0.453601	-0.413132	-0.356758	-0.280164	-0.200861	-0.125184	-0.053592	0.0234667	0.100885	0.146758	0.155727	0.138293	0.10812	0.0913544	0.0832416	0.0660413	0.0463104	0.0255674	0.00649038	0	
0	0.0769618	0.155953	0.230285	0.3089	0.380573	0.455071	0.523369	0.589313	0.652536	0.707103	0.761128	0.804649	0.844689	0.875736	0.898945	0.91332	0.91417	0.905962	0.878006	0.833523	0.767144	0.676221	0.562606	0.432217	0.297114	0.176034	0.0841692	0.039544	0.0667207	0.150819	0.286008	0.452027	0.612565	0.741741	0.85163	0.931529	0.991495	1.02963	1.04785	1.04949	1.04213	1.01373	0.978172	0.924944	0.831243	0.694042	0.536551	0.36942	0.201284	0.0335694	-0.112094	-0.21257	-0.255784	-0.262363	-0.247622	-0.222778	-0.194915	-0.166015	-0.151756	-0.157995	-0.193729	-0.248664	-0.312226	-0.364066	-0.403777	-0.445038	-0.481978	-0.508142	-0.5298	-0.568761	-0.617929	-0.654108	-0.676272	-0.695539	-0.702759	-0.684218	-0.652708	-0.617988	-0.587995	-0.567232	-0.5393	-0.492089	-0.424145	-0.337638	-0.242643	-0.142857	-0.0347531	0.0669101	0.140563	0.175289	0.168126	0.146864	0.141203	0.131733	0.0993715	0.0623016	0.0356696	0.0166298	0	
0	0.0697558	0.142198	0.209701	0.28123	0.349305	0.416667	0.48475	0.549222	0.612583	0.675069	0.732036	0.787086	0.838382	0.881372	0.921089	0.950347	0.969088	0.976093	0.963142	0.934036	0.879936	0.80013	0.702664	0.580485	0.450348	0.327886	0.230053	0.184228	0.20273	0.27846	0.409711	0.564431	0.707018	0.830952	0.931529	0.997811	1.04198	1.07164	1.08332	1.08477	1.0793	1.06951	1.06275	1.03857	0.970623	0.85728	0.715554	0.554492	0.385096	0.212361	0.0607369	-0.0463966	-0.107021	-0.135777	-0.131803	-0.106304	-0.0713327	-0.0381735	-0.0136116	-0.00527166	-0.022918	-0.0614761	-0.12176	-0.18469	-0.239637	-0.28521	-0.321593	-0.349889	-0.381905	-0.434287	-0.497753	-0.558323	-0.603706	-0.635355	-0.649256	-0.645543	-0.642632	-0.641748	-0.646537	-0.6504	-0.638071	-0.60976	-0.554712	-0.466494	-0.351102	-0.218662	-0.0887107	0.0299354	0.126627	0.176262	0.182135	0.176	0.167219	0.144274	0.105135	0.059491	0.0250648	0.00917351	0	
0	0.0547323	0.109954	0.164752	0.221402	0.276811	0.33483	0.392507	0.450549	0.511211	0.569602	0.629786	0.688822	0.745183	0.797871	0.84834	0.887318	0.921222	0.944161	0.949443	0.942465	0.908748	0.852142	0.767115	0.65643	0.5385	0.423239	0.332679	0.29119	0.306431	0.379866	0.503425	0.643707	0.783917	0.903894	0.991495	1.04198	1.07476	1.09079	1.09437	1.08773	1.08184	1.08553	1.10018	1.10083	1.06131	0.978051	0.854606	0.701994	0.53197	0.355952	0.203153	0.0876193	0.00806005	-0.0405776	-0.0476587	-0.0246987	0.00844202	0.0484823	0.0866077	0.112232	0.118855	0.101663	0.0539342	-0.0113707	-0.0718867	-0.114105	-0.145663	-0.176223	-0.2157	-0.272116	-0.341719	-0.414016	-0.475166	-0.519139	-0.536758	-0.546914	-0.574127	-0.610803	-0.653612	-0.689803	-0.705892	-0.69326	-0.640783	-0.553877	-0.428426	-0.275553	-0.1307	-0.000819875	0.105857	0.168371	0.19151	0.187367	0.161808	0.125263	0.0810716	0.0312126	-0.00392827	-0.01018	0	
0	0.0352717	0.0731852	0.108742	0.148805	0.189215	0.231087	0.277365	0.323544	0.372754	0.42434	0.475091	0.528738	0.581195	0.634432	0.686554	0.736537	0.7832	0.821078	0.845931	0.856294	0.84013	0.801116	0.736957	0.651049	0.552306	0.454146	0.38022	0.34493	0.362218	0.438564	0.559099	0.702603	0.844182	0.95496	1.02963	1.07164	1.09079	1.09551	1.08568	1.0642	1.05353	1.06441	1.09131	1.11062	1.10304	1.04991	0.948227	0.806524	0.639512	0.465894	0.311465	0.186833	0.090051	0.0277496	0.0108021	0.020315	0.0472794	0.0930832	0.145261	0.190123	0.217845	0.224591	0.193551	0.134336	0.080327	0.0438187	0.0146353	-0.0173604	-0.0598069	-0.112308	-0.172412	-0.240257	-0.304305	-0.352331	-0.379231	-0.407721	-0.46239	-0.535611	-0.611043	-0.673935	-0.713654	-0.712854	-0.66699	-0.585507	-0.458568	-0.300626	-0.146744	-0.00854919	0.101161	0.168669	0.191189	0.174332	0.134329	0.0821001	0.0261632	-0.0206097	-0.0483306	-0.0421425	0	
0	0.0192029	0.0405918	0.0593316	0.0835248	0.104398	0.130537	0.156788	0.184317	0.217676	0.250017	0.289359	0.331179	0.376699	0.425559	0.477204	0.526618	0.574759	0.61765	0.649655	0.671297	0.674006	0.657486	0.617112	0.553713	0.478139	0.402723	0.34463	0.321034	0.356028	0.443212	0.57386	0.725597	0.867536	0.972686	1.04785	1.08332	1.09437	1.08568	1.05589	1.01793	1.00376	1.01178	1.03782	1.07517	1.09752	1.07371	0.99481	0.869589	0.713682	0.544657	0.388911	0.253134	0.147127	0.078361	0.0471392	0.0371729	0.0519242	0.101196	0.164966	0.223044	0.267985	0.293362	0.279292	0.239	0.20062	0.172635	0.146718	0.11378	0.0759384	0.0350616	-0.0120295	-0.0652079	-0.121286	-0.174708	-0.212644	-0.254019	-0.326237	-0.417695	-0.51158	-0.598641	-0.662235	-0.675235	-0.630011	-0.544767	-0.423987	-0.271433	-0.111712	0.0258852	0.126092	0.18326	0.188578	0.153732	0.0983268	0.0226205	-0.0524794	-0.0957595	-0.10524	-0.074499	0	
