0	0	0	0	0	0	0	0	0	0	0	0	0	0	0	0	0	0	0	0	0	0	0	0	0	0	0	0	0	0	0	0	0	0	0	0	0	0	0	0	0	0	0	0	0	0	0	0	0	0	0	0	0	0	0	0	0	0	0	0	0	0	0	0	0	0	0	0	0	0	0	0	0	0	0	0	0	0	0	0	0	0	0	0	0	0	0	0	0	0	0	0	0	0	0	0	0	0	0	0	
0	-0.00242784	0.0013867	-0.00246983	-0.00053195	0.00289072	-0.00293412	-0.00285099	0.00213325	-0.000468098	0.00291502	0.00183298	-0.00316379	0.00174684	0.00386797	-0.00187528	-0.0035809	0.00127126	-4.84719e-05	-0.00515806	-0.000451492	-0.000109826	-0.00335685	-0.00435205	-0.000513579	-0.000195815	-0.00255993	-0.00662087	-0.000409888	0.00220139	-0.00349675	-0.0078693	-0.00232691	0.00153346	-0.000478249	-0.00477123	-0.00959667	-0.0065592	0.00148787	0.00561072	-0.00469756	-0.0142872	-0.0154667	-0.00864495	0.00111978	0.00888116	0.0118845	-0.00367823	-0.0277709	-0.049888	-0.0621592	-0.0595839	-0.0533972	-0.0294502	0.00696423	0.0476557	0.085594	0.11012	0.121769	0.129631	0.128506	0.105227	0.0750949	0.0285702	-0.0256736	-0.0602959	-0.086345	-0.100655	-0.10403	-0.107082	-0.105811	-0.101598	-0.0953311	-0.0817381	-0.0481428	0.00191141	0.0466301	0.0865706	0.11929	0.128917	0.125153	0.119514	0.104317	0.0742659	0.0319755	-0.00897937	-0.035954	-0.0548797	-0.0668388	-0.059908	-0.037774	-0.0151786	0.0018354	0.00960921	0.00781629	0.0035784	-0.00316128	-0.0148233	-0.0171394	0	
0	0.0013867	0.00162527	0.000627884	0.000100435	0.000640645	-0.00234598	0.00338434	0.00106748	-0.00776437	0.000931839	-0.00212708	-0.0011084	-0.00220096	-0.00211036	-0.000974071	-0.00124447	0.00343453	0.00196532	-0.00680367	0.00570413	0.00232318	-0.000644341	-0.00332964	0.00269584	0.00427672	-0.00236198	-0.00645656	0.00133941	0.00823349	-0.00461468	-0.00981751	-0.00158335	0.00672283	0.00157665	-0.00487941	-0.0149231	-0.00709097	0.00576839	0.014438	-0.00693128	-0.0238665	-0.0273186	-0.0144974	0.00225897	0.0174147	0.0170407	-0.00980151	-0.0637989	-0.101347	-0.127765	-0.121792	-0.10281	-0.0567097	0.020256	0.101532	0.175024	0.220077	0.24496	0.254408	0.247024	0.211042	0.146151	0.0531031	-0.0431258	-0.118147	-0.177335	-0.203031	-0.205227	-0.208123	-0.210218	-0.207978	-0.191541	-0.156888	-0.0931457	-0.00188735	0.0888927	0.173821	0.237536	0.254915	0.249037	0.238858	0.208209	0.148245	0.065483	-0.0149941	-0.0701132	-0.108548	-0.131139	-0.117909	-0.0762899	-0.0324042	0.00186509	0.0182103	0.0155645	0.00710463	-0.00657281	-0.0286119	-0.0323998	0	
0	-0.00246983	0.000627884	-0.00299298	-0.000419552	0.000879087	-0.00330821	0.00273753	0.00280516	-0.00461035	0.00348103	0.000224291	-0.00464805	0.000744284	0.00296463	-0.00292213	-0.00614235	0.00102948	-0.000104853	-0.0100676	0.00164095	-0.00107253	-0.00565823	-0.00681264	-0.000633333	0.00115629	-0.00642097	-0.0108886	-0.00058733	0.00594227	-0.0090142	-0.0151209	-0.0043982	0.00488549	-0.00172399	-0.0110576	-0.0226218	-0.0129732	0.00510128	0.0126705	-0.0138054	-0.0379882	-0.0397939	-0.0224707	0.00280194	0.0232567	0.022256	-0.0191167	-0.0913113	-0.149377	-0.182035	-0.177278	-0.147577	-0.0775094	0.0307612	0.152409	0.257353	0.326714	0.365393	0.380211	0.369564	0.311672	0.213372	0.0766912	-0.0670264	-0.178466	-0.261713	-0.300079	-0.306832	-0.312114	-0.312245	-0.304379	-0.283562	-0.23704	-0.141133	-0.00388431	0.131646	0.254725	0.346905	0.37872	0.374528	0.356568	0.309079	0.221975	0.10287	-0.0154283	-0.100977	-0.15949	-0.19043	-0.172426	-0.116099	-0.0532623	-0.00153683	0.0246693	0.0229089	0.0103791	-0.0103704	-0.04024	-0.0439884	0	
0	-0.00053195	0.000100435	-0.000419552	-0.000304233	0.00161266	-0.000214463	-0.00649106	-0.00245008	6.96038e-05	0.00176193	0.000646789	-0.00133973	-0.000786339	0.00106993	-0.00349892	-0.00175947	0.00287653	-0.00350929	-0.00500575	-0.000572746	0.00119071	-0.00749398	-0.00395117	-0.00191849	0.000197527	-0.00728358	-0.0106105	-0.00044686	0.00259811	-0.0098915	-0.0168206	-0.00349458	0.00149504	-0.0018275	-0.0166895	-0.0226416	-0.0159903	0.00755501	0.00944128	-0.0183284	-0.0451176	-0.0473461	-0.0241018	0.00424088	0.0274519	0.022105	-0.036186	-0.121376	-0.198771	-0.236601	-0.230201	-0.188781	-0.092557	0.0493161	0.205085	0.342891	0.43456	0.483774	0.505159	0.485027	0.405396	0.272409	0.0933529	-0.0931254	-0.241608	-0.339482	-0.386863	-0.406804	-0.413515	-0.410297	-0.403176	-0.375325	-0.307164	-0.184323	-0.014304	0.16632	0.331616	0.450114	0.497279	0.497745	0.472064	0.407828	0.295762	0.144733	-0.00866893	-0.126439	-0.205396	-0.242711	-0.222561	-0.157305	-0.0784832	-0.00967494	0.0276373	0.0290339	0.0129538	-0.014468	-0.0484642	-0.0503419	0	
0	0.00289072	0.000640645	0.000879087	0.00161266	-0.00479401	-0.000231711	0.00421241	7.02026e-05	-0.000769629	-0.00615158	-0.00479382	-0.00119619	-0.00373844	-0.00244673	-0.00131731	-0.0033874	0.000391612	-0.0038211	-0.000523823	-0.00118097	-0.000940565	-0.00354647	-0.00211034	-0.0010746	-0.00146594	-0.00533737	-0.006361	-0.000840222	0.000522656	-0.00991025	-0.0115502	-0.00415218	0.0014131	-0.00503185	-0.0159945	-0.0218206	-0.0128714	0.00655093	0.00389538	-0.0227948	-0.0501778	-0.0502233	-0.026148	0.00318636	0.0263468	0.0081967	-0.0585158	-0.158869	-0.246363	-0.285519	-0.279637	-0.216192	-0.095694	0.0763356	0.267467	0.429014	0.537657	0.601295	0.61789	0.584092	0.490999	0.32176	0.107034	-0.109039	-0.294056	-0.419788	-0.484132	-0.503928	-0.50331	-0.50266	-0.496643	-0.461446	-0.376805	-0.229613	-0.0266593	0.197247	0.399495	0.542267	0.609632	0.61844	0.584661	0.503879	0.369667	0.191718	0.00636126	-0.144321	-0.243519	-0.286492	-0.267938	-0.19939	-0.107837	-0.023441	0.0255707	0.0325458	0.0141072	-0.0184802	-0.0520102	-0.05035	0	
0	-0.00293412	-0.00234598	-0.00330821	-0.000214463	-0.000231711	-0.000469631	0.0003611	-0.00433109	0.00155861	-0.00085219	0.000919832	0.0020266	-0.00206944	-0.0037074	-0.000125064	-0.00411425	-0.00416673	-0.00542514	-0.00230911	-0.00610103	-0.00739499	-0.00391124	-0.00631809	-0.00552298	-0.00843664	-0.00677906	-0.00679933	-0.00678431	-0.00774882	-0.012419	-0.00983944	-0.0101625	-0.00525318	-0.0139853	-0.0187654	-0.0239435	-0.0138416	-0.00305236	-0.0100034	-0.0313429	-0.0557446	-0.0513244	-0.0287838	0.00203494	0.0200466	-0.00902321	-0.0827447	-0.190274	-0.283506	-0.323357	-0.31592	-0.233619	-0.091496	0.104925	0.323599	0.505905	0.636802	0.714138	0.730645	0.687606	0.568774	0.362349	0.11317	-0.140309	-0.35442	-0.490166	-0.56234	-0.590143	-0.59525	-0.595987	-0.585067	-0.541731	-0.44062	-0.272284	-0.0423609	0.220085	0.455448	0.622954	0.715297	0.734912	0.692853	0.59681	0.444198	0.244064	0.0298953	-0.152364	-0.270859	-0.320838	-0.308452	-0.241125	-0.14023	-0.0432652	0.0168533	0.0315321	0.0129179	-0.0217182	-0.0497968	-0.0436337	0	
0	-0.00285099	0.00338434	0.00273753	-0.00649106	0.00421241	0.0003611	-0.00691423	-0.0030383	0.00174883	-0.00215196	-0.00326242	-2.23834e-05	-0.00461563	-0.00377242	0.000114833	0.000136823	-0.00790235	-0.000724836	0.000724266	-0.00646049	-0.00619341	-0.000374095	-0.00379622	-0.00659444	-0.00917971	-0.00330394	-0.0038937	-0.0088499	-0.0134032	-0.00695678	-0.00732954	-0.00981809	-0.0125948	-0.0148548	-0.0184409	-0.0172367	-0.0115492	-0.0113846	-0.0192795	-0.036475	-0.0502008	-0.047745	-0.0267596	0.000184462	0.00361455	-0.0341276	-0.118817	-0.227458	-0.319768	-0.363893	-0.342597	-0.24175	-0.0766299	0.150031	0.385807	0.588782	0.740279	0.818876	0.832219	0.77415	0.625205	0.390907	0.11627	-0.166937	-0.40598	-0.554305	-0.637922	-0.677167	-0.683765	-0.679516	-0.665687	-0.616006	-0.499956	-0.315163	-0.0613372	0.235396	0.499428	0.692204	0.811284	0.843136	0.796108	0.688129	0.519615	0.300401	0.0616262	-0.14786	-0.284637	-0.345468	-0.343821	-0.280558	-0.174006	-0.0691288	1.70675e-05	0.0238206	0.00843087	-0.0233161	-0.041278	-0.0307936	0	
0	0.00213325	0.00106748	0.00280516	-0.00245008	7.02026e-05	-0.00433109	-0.0030383	0.0063471	-0.00238673	-0.00819378	-0.00305016	-0.0015859	-0.00449229	-0.00334788	0.000712984	-0.0039604	-0.00967527	0.00171976	-0.000155441	-0.0104851	-0.00522004	-4.61749e-05	-0.00427978	-0.0100013	-0.00942884	-0.00194414	-0.00301694	-0.013996	-0.0164324	-0.00353097	-0.00541699	-0.0136568	-0.0193619	-0.0174347	-0.0168979	-0.0117783	-0.01375	-0.0230084	-0.0327869	-0.0392043	-0.0454359	-0.042581	-0.026734	-0.00870135	-0.0200965	-0.0691287	-0.158006	-0.26117	-0.350798	-0.390334	-0.355052	-0.236518	-0.0448084	0.197962	0.449502	0.67147	0.832656	0.918695	0.925685	0.843688	0.670167	0.412094	0.109898	-0.194031	-0.445115	-0.614359	-0.719183	-0.757376	-0.757798	-0.757934	-0.742463	-0.682646	-0.557067	-0.356401	-0.077896	0.241583	0.5273	0.749431	0.896462	0.941067	0.89383	0.777731	0.595202	0.359654	0.101777	-0.128642	-0.283317	-0.360301	-0.372901	-0.315251	-0.207427	-0.1006	-0.0259359	0.00743912	-0.000137293	-0.0225348	-0.0268354	-0.0135146	0	
0	-0.000468098	-0.00776437	-0.00461035	6.96038e-05	-0.000769629	0.00155861	0.00174883	-0.00238673	-0.00420974	-0.00104783	0.00187504	0.000167417	-0.00371371	-0.00510492	-0.00444466	-0.00487781	-0.00693603	-0.00286496	-0.00589147	-0.0128414	-0.00421708	-0.00437057	-0.00842009	-0.0129066	-0.0103616	-0.00301663	-0.00671787	-0.0195242	-0.0180679	-0.00259279	-0.00737906	-0.0202074	-0.0264271	-0.0206811	-0.0160829	-0.0100618	-0.0217797	-0.0387565	-0.0472434	-0.0421772	-0.0404351	-0.0397347	-0.029164	-0.0263699	-0.0514088	-0.110716	-0.197972	-0.289192	-0.373402	-0.401385	-0.351919	-0.214889	-0.00223167	0.250476	0.511698	0.747464	0.918034	1.00791	1.00954	0.904623	0.70638	0.426668	0.0958625	-0.226041	-0.490701	-0.67522	-0.77876	-0.81879	-0.834047	-0.836757	-0.812078	-0.744305	-0.606783	-0.388868	-0.0978714	0.23378	0.544164	0.79625	0.965829	1.02607	0.986285	0.865116	0.669814	0.421056	0.150681	-0.0937472	-0.266685	-0.36484	-0.393482	-0.342739	-0.239046	-0.136841	-0.061189	-0.0188004	-0.0132224	-0.0192273	-0.00810193	0.00557327	0	
0	0.00291502	0.000931839	0.00348103	0.00176193	-0.00615158	-0.00085219	-0.00215196	-0.00819378	-0.00104783	0.00162554	-0.00354522	-0.00647003	-0.00518185	-0.000645549	-0.00132025	-0.00356588	-0.00549955	-0.00263918	-0.00446008	-0.00707623	-0.00376951	-0.00563215	-0.00818284	-0.010567	-0.00894406	-0.00376995	-0.0101056	-0.0202363	-0.0158762	-0.00199828	-0.0105789	-0.0241979	-0.0292751	-0.0200055	-0.0118044	-0.00930389	-0.0283099	-0.0511076	-0.0523181	-0.0381778	-0.0294797	-0.0319067	-0.0326832	-0.0467025	-0.0897576	-0.156742	-0.238202	-0.31981	-0.390405	-0.407272	-0.339404	-0.181014	0.047689	0.310825	0.582675	0.825997	1.00443	1.09363	1.0743	0.944963	0.722538	0.419471	0.0772898	-0.247156	-0.524134	-0.723085	-0.833173	-0.886579	-0.910791	-0.904944	-0.868374	-0.79457	-0.652704	-0.4244	-0.120653	0.22302	0.552203	0.826264	1.01669	1.09883	1.07223	0.948439	0.742675	0.484354	0.2084	-0.0437423	-0.235618	-0.35782	-0.402495	-0.36094	-0.267873	-0.176631	-0.104802	-0.0547174	-0.0308535	-0.0143638	0.0119222	0.0233082	0	
0	0.00183298	-0.00212708	0.000224291	0.000646789	-0.00479382	0.000919832	-0.00326242	-0.00305016	0.00187504	-0.00354522	-0.00887152	-0.00376017	0.00240914	-0.00483604	-0.0075706	-0.00536763	-0.0020495	-0.00681685	-0.00718074	-0.0058561	-0.00598608	-0.00944472	-0.00791277	-0.0113778	-0.00732192	-0.00955916	-0.0124086	-0.0203304	-0.0118428	-0.00701166	-0.0148069	-0.028239	-0.0297548	-0.0192594	-0.0108687	-0.013924	-0.0406896	-0.0613818	-0.0576175	-0.0338991	-0.0243071	-0.030133	-0.0461792	-0.0795221	-0.136516	-0.206975	-0.276109	-0.343606	-0.394664	-0.395054	-0.305061	-0.130702	0.110083	0.376112	0.650631	0.898363	1.07809	1.16192	1.12416	0.972791	0.727838	0.409295	0.0595086	-0.272704	-0.558428	-0.763488	-0.884171	-0.95047	-0.971477	-0.958846	-0.925092	-0.848861	-0.692602	-0.44754	-0.139889	0.202617	0.546056	0.841596	1.05211	1.15779	1.14805	1.02568	0.813196	0.549874	0.274823	0.019059	-0.191845	-0.337074	-0.39651	-0.368473	-0.29332	-0.218331	-0.154483	-0.0983973	-0.0527733	-0.0104065	0.0290881	0.0366013	0	
0	-0.00316379	-0.0011084	-0.00464805	-0.00133973	-0.00119619	0.0020266	-2.23834e-05	-0.0015859	0.000167417	-0.00647003	-0.00376017	-0.00309049	-0.000670365	-0.0103875	-0.0109807	-0.000338792	-0.00531806	-0.0133744	-0.0077651	-0.00353192	-0.00948887	-0.0124139	-0.00833268	-0.00922406	-0.00854296	-0.0141839	-0.0150878	-0.014687	-0.0111278	-0.0130267	-0.0200692	-0.0282194	-0.0280523	-0.0179089	-0.0128201	-0.0236797	-0.0522244	-0.0678219	-0.0575276	-0.0303134	-0.0217251	-0.0342449	-0.0690185	-0.120298	-0.189968	-0.254992	-0.312711	-0.358688	-0.389758	-0.365733	-0.255927	-0.0664186	0.179911	0.446211	0.720773	0.965164	1.14562	1.21256	1.15676	0.985311	0.716636	0.394609	0.0406695	-0.297782	-0.585783	-0.79953	-0.929671	-1.00163	-1.02556	-1.01578	-0.979176	-0.889428	-0.718962	-0.469575	-0.166557	0.178696	0.536118	0.842272	1.06761	1.20104	1.21259	1.09479	0.880363	0.618346	0.3489	0.0907748	-0.136884	-0.299748	-0.372791	-0.364829	-0.314795	-0.259738	-0.206574	-0.146298	-0.0787079	-0.0112558	0.0387028	0.0430446	0	
0	0.00174684	-0.00220096	0.000744284	-0.000786339	-0.00373844	-0.00206944	-0.00461563	-0.00449229	-0.00371371	-0.00518185	0.00240914	-0.000670365	-0.0061219	-0.00661544	-0.0019968	0.00264937	-0.01121	-0.0119567	-0.00185658	-0.00412287	-0.0152294	-0.0137173	-0.00837939	-0.00898762	-0.0149736	-0.0209046	-0.0173881	-0.0110604	-0.0176343	-0.0235831	-0.026858	-0.0282149	-0.0281301	-0.0205794	-0.021532	-0.0384266	-0.0615752	-0.069011	-0.0528937	-0.0270189	-0.0208099	-0.0429534	-0.0966882	-0.163891	-0.239174	-0.296158	-0.337907	-0.36421	-0.369415	-0.322188	-0.19452	0.00496027	0.250426	0.516631	0.786817	1.02945	1.20139	1.2529	1.17673	0.979718	0.698637	0.369008	0.0140116	-0.318196	-0.607049	-0.826396	-0.967252	-1.04735	-1.07472	-1.07109	-1.02672	-0.916929	-0.740335	-0.495466	-0.190368	0.160633	0.516933	0.823406	1.06798	1.23074	1.26101	1.152	0.944777	0.690549	0.427629	0.16721	-0.0710293	-0.243481	-0.330449	-0.350035	-0.331037	-0.297917	-0.256384	-0.19393	-0.108637	-0.0215615	0.0364452	0.0412964	0	
0	0.00386797	-0.00211036	0.00296463	0.00106993	-0.00244673	-0.0037074	-0.00377242	-0.00334788	-0.00510492	-0.000645549	-0.00483604	-0.0103875	-0.00661544	-0.00157774	-0.0058443	-0.00739077	-0.00983026	-0.00618386	-0.00289257	-0.00820673	-0.0156071	-0.00827071	-0.00644532	-0.00821505	-0.0176631	-0.0205862	-0.0104118	-0.00720744	-0.0209975	-0.0293753	-0.0235632	-0.0228132	-0.0223612	-0.0228414	-0.0294872	-0.0501149	-0.0616013	-0.0629958	-0.0446891	-0.0278794	-0.0260941	-0.0653412	-0.13523	-0.218413	-0.289965	-0.338098	-0.359311	-0.363	-0.33673	-0.262963	-0.118245	0.0879165	0.329905	0.593423	0.853959	1.08821	1.24207	1.27307	1.17427	0.95783	0.669372	0.339659	-0.00696531	-0.334096	-0.621449	-0.847019	-1.00091	-1.08895	-1.12479	-1.11821	-1.05699	-0.94259	-0.767928	-0.513604	-0.201181	0.140161	0.483061	0.794158	1.05931	1.24166	1.28828	1.19756	1.00698	0.764237	0.507039	0.246123	0.00635128	-0.168124	-0.270838	-0.32394	-0.339583	-0.329143	-0.298874	-0.236997	-0.142864	-0.0454021	0.0193998	0.0311076	0	
0	-0.00187528	-0.000974071	-0.00292213	-0.00349892	-0.00131731	-0.000125064	0.000114833	0.000712984	-0.00444466	-0.00132025	-0.0075706	-0.0109807	-0.0019968	-0.0058443	-0.0103983	-0.0101317	-0.00817783	-0.0080033	-0.00907317	-0.0127506	-0.0134044	-0.00934758	-0.00888402	-0.0141943	-0.0206307	-0.0201119	-0.00742852	-0.0121871	-0.0292881	-0.0340538	-0.0220479	-0.0201545	-0.0240346	-0.0317664	-0.0458373	-0.0601818	-0.0614675	-0.0550652	-0.0440786	-0.0350039	-0.0449401	-0.0986343	-0.184125	-0.27222	-0.336122	-0.36801	-0.369239	-0.343876	-0.285079	-0.186707	-0.0269884	0.175696	0.414947	0.667885	0.916922	1.13382	1.26457	1.27345	1.1508	0.927058	0.633804	0.311176	-0.0206198	-0.346736	-0.633513	-0.866901	-1.03099	-1.12442	-1.16657	-1.15494	-1.08762	-0.970208	-0.783342	-0.520759	-0.214181	0.113899	0.447711	0.762564	1.03665	1.22936	1.29632	1.23228	1.0639	0.835305	0.584347	0.327431	0.0954712	-0.0764867	-0.197057	-0.285693	-0.336617	-0.34901	-0.329619	-0.272629	-0.181715	-0.0846418	-0.0130679	0.0130396	0	
0	-0.0035809	-0.00124447	-0.00614235	-0.00175947	-0.0033874	-0.00411425	0.000136823	-0.0039604	-0.00487781	-0.00356588	-0.00536763	-0.000338792	0.00264937	-0.00739077	-0.0101317	-0.00782137	-0.00537163	-0.00789371	-0.015379	-0.0135024	-0.0127138	-0.0124597	-0.0159606	-0.02082	-0.0229172	-0.0194123	-0.0122595	-0.0234468	-0.0378604	-0.0364758	-0.0226249	-0.0222929	-0.0317329	-0.0475014	-0.0623377	-0.0665322	-0.0559933	-0.0489218	-0.0469033	-0.0492226	-0.0727177	-0.139692	-0.23451	-0.318755	-0.368971	-0.383805	-0.36045	-0.306254	-0.215245	-0.0955622	0.0676735	0.266089	0.494377	0.734982	0.969585	1.16343	1.2713	1.25886	1.12104	0.889373	0.59747	0.284021	-0.0427889	-0.35905	-0.641162	-0.882487	-1.0519	-1.1542	-1.20019	-1.18597	-1.12131	-0.993441	-0.78979	-0.525199	-0.224627	0.0905866	0.411959	0.72569	1.00023	1.19812	1.2872	1.25337	1.11109	0.899786	0.658063	0.412435	0.195146	0.0258202	-0.112981	-0.233473	-0.317301	-0.352943	-0.345821	-0.300096	-0.224814	-0.137572	-0.0588486	-0.0118698	0	
0	0.00127126	0.00343453	0.00102948	0.00287653	0.000391612	-0.00416673	-0.00790235	-0.00967527	-0.00693603	-0.00549955	-0.0020495	-0.00531806	-0.01121	-0.00983026	-0.00817783	-0.00537163	-0.000752284	-0.0112219	-0.015697	-0.00635895	-0.00547537	-0.0122175	-0.0173249	-0.0165235	-0.0153958	-0.0127532	-0.016321	-0.0269515	-0.0341701	-0.0288349	-0.0176296	-0.0212721	-0.0364625	-0.0577234	-0.0665731	-0.0585708	-0.041978	-0.0400208	-0.0513567	-0.0680891	-0.108742	-0.187574	-0.284918	-0.360433	-0.395488	-0.391705	-0.344545	-0.257018	-0.138769	0.000858315	0.164642	0.358059	0.577557	0.804849	1.01938	1.18474	1.26384	1.2256	1.07432	0.839526	0.553433	0.253251	-0.0582262	-0.364558	-0.645082	-0.886327	-1.06465	-1.18154	-1.23476	-1.22422	-1.14921	-0.99981	-0.790407	-0.530152	-0.234979	0.0679848	0.381273	0.688634	0.950298	1.14979	1.26329	1.25927	1.14344	0.952991	0.728461	0.50301	0.301472	0.131451	-0.0215613	-0.16466	-0.276979	-0.337239	-0.346832	-0.320447	-0.270221	-0.198507	-0.113171	-0.0421558	0	
0	-4.84719e-05	0.00196532	-0.000104853	-0.00350929	-0.0038211	-0.00542514	-0.000724836	0.00171976	-0.00286496	-0.00263918	-0.00681685	-0.0133744	-0.0119567	-0.00618386	-0.0080033	-0.00789371	-0.0112219	-0.0210518	-0.0153013	-0.00315043	-0.01371	-0.0224045	-0.0215983	-0.0155517	-0.0140874	-0.0189674	-0.0282379	-0.0319013	-0.0309902	-0.0269201	-0.0223774	-0.0299753	-0.051099	-0.0710009	-0.0699295	-0.052659	-0.0372137	-0.0467302	-0.071058	-0.106696	-0.161255	-0.246329	-0.335439	-0.394486	-0.410702	-0.383543	-0.306017	-0.187398	-0.0402983	0.108437	0.27056	0.455243	0.658188	0.868277	1.0527	1.18391	1.23259	1.17412	1.01385	0.784446	0.513671	0.227641	-0.0644949	-0.359444	-0.641981	-0.892438	-1.0866	-1.21083	-1.2637	-1.24875	-1.16153	-1.00676	-0.798137	-0.534731	-0.241255	0.05563	0.358798	0.643352	0.887761	1.09525	1.22818	1.24446	1.15479	0.993516	0.797879	0.597788	0.407144	0.234607	0.0768106	-0.0772585	-0.213095	-0.300058	-0.333748	-0.335061	-0.313849	-0.258683	-0.169178	-0.0755358	0	
0	-0.00515806	-0.00680367	-0.0100676	-0.00500575	-0.000523823	-0.00230911	0.000724266	-0.000155441	-0.00589147	-0.00446008	-0.00718074	-0.0077651	-0.00185658	-0.00289257	-0.00907317	-0.015379	-0.015697	-0.0153013	-0.00734502	-0.0104137	-0.0247148	-0.0244159	-0.0197679	-0.0145836	-0.0183273	-0.0300338	-0.037602	-0.0318876	-0.0267275	-0.030915	-0.0315627	-0.0450304	-0.0648629	-0.0789931	-0.0648314	-0.0462598	-0.0383279	-0.0603873	-0.100052	-0.152511	-0.218557	-0.299414	-0.371973	-0.41221	-0.405563	-0.354071	-0.245232	-0.0971986	0.06664	0.2212	0.374908	0.545992	0.731937	0.91429	1.06451	1.16168	1.18116	1.11063	0.954607	0.737075	0.481813	0.212826	-0.0703265	-0.365893	-0.646167	-0.898285	-1.09876	-1.2265	-1.28342	-1.26763	-1.17835	-1.02193	-0.802719	-0.530839	-0.237695	0.0515879	0.330567	0.589655	0.830475	1.04204	1.17507	1.20432	1.14619	1.02349	0.864965	0.689521	0.50517	0.334498	0.183396	0.0278943	-0.126487	-0.24188	-0.308252	-0.343684	-0.349494	-0.308209	-0.218863	-0.108307	0	
0	-0.000451492	0.00570413	0.00164095	-0.000572746	-0.00118097	-0.00610103	-0.00646049	-0.0104851	-0.0128414	-0.00707623	-0.0058561	-0.00353192	-0.00412287	-0.00820673	-0.0127506	-0.0135024	-0.00635895	-0.00315043	-0.0104137	-0.0193088	-0.0205827	-0.0163733	-0.0149626	-0.015013	-0.0228062	-0.0367128	-0.0367098	-0.023625	-0.0235645	-0.0350904	-0.042946	-0.0554095	-0.0718833	-0.0718946	-0.0534692	-0.0389847	-0.0453622	-0.0797045	-0.135575	-0.204061	-0.273207	-0.342276	-0.393778	-0.412978	-0.385115	-0.305191	-0.16951	0.000484292	0.174257	0.325525	0.471627	0.628128	0.793722	0.948903	1.06467	1.12826	1.12572	1.04605	0.891385	0.686008	0.445048	0.18924	-0.0785266	-0.361709	-0.639841	-0.897651	-1.10368	-1.2391	-1.30465	-1.29158	-1.19897	-1.02952	-0.795494	-0.520423	-0.232304	0.0408369	0.297656	0.549498	0.786147	0.978679	1.10097	1.14692	1.1226	1.04137	0.922175	0.769005	0.593371	0.434531	0.298183	0.146426	-0.0213217	-0.165583	-0.271227	-0.342753	-0.369547	-0.338342	-0.254186	-0.135097	0	
0	-0.000109826	0.00232318	-0.00107253	0.00119071	-0.000940565	-0.00739499	-0.00619341	-0.00522004	-0.00421708	-0.00376951	-0.00598608	-0.00948887	-0.0152294	-0.0156071	-0.0134044	-0.0127138	-0.00547537	-0.01371	-0.0247148	-0.0205827	-0.0151205	-0.015453	-0.0187444	-0.0194229	-0.0308144	-0.0382598	-0.0297484	-0.0179854	-0.0265396	-0.0452733	-0.054555	-0.0650934	-0.0693674	-0.0617481	-0.0447651	-0.04574	-0.0660744	-0.115436	-0.187715	-0.266002	-0.331135	-0.379121	-0.408208	-0.404441	-0.34952	-0.241103	-0.0772954	0.108242	0.286157	0.436281	0.57069	0.71162	0.850902	0.967938	1.04501	1.07393	1.0494	0.968232	0.824777	0.636034	0.416332	0.17784	-0.0787137	-0.354998	-0.631457	-0.892378	-1.10985	-1.25872	-1.32768	-1.31068	-1.209	-1.0263	-0.786802	-0.51554	-0.23397	0.0299793	0.280982	0.525513	0.737372	0.90294	1.02093	1.08093	1.0836	1.0426	0.960284	0.829939	0.674317	0.538016	0.418199	0.271854	0.0955987	-0.0760638	-0.221449	-0.324957	-0.366297	-0.343081	-0.268188	-0.149576	0	
0	-0.00335685	-0.000644341	-0.00565823	-0.00749398	-0.00354647	-0.00391124	-0.000374095	-4.61749e-05	-0.00437057	-0.00563215	-0.00944472	-0.0124139	-0.0137173	-0.00827071	-0.00934758	-0.0124597	-0.0122175	-0.0224045	-0.0244159	-0.0163733	-0.015453	-0.0212255	-0.0243923	-0.0303121	-0.0383795	-0.0356417	-0.0257805	-0.0242162	-0.0406266	-0.0603869	-0.0691822	-0.0700957	-0.0640245	-0.0527626	-0.0496359	-0.0653637	-0.101202	-0.163336	-0.247444	-0.326397	-0.374313	-0.398579	-0.401085	-0.372118	-0.288351	-0.150203	0.0311385	0.224406	0.399369	0.540927	0.66252	0.779938	0.885185	0.964414	1.00209	1.00289	0.968713	0.89	0.761951	0.595326	0.394113	0.171477	-0.0716759	-0.344755	-0.627031	-0.896032	-1.12042	-1.27176	-1.34063	-1.32062	-1.21236	-1.0269	-0.787626	-0.51371	-0.230395	0.0318611	0.275496	0.499061	0.683389	0.832122	0.943723	1.00623	1.03049	1.02339	0.970964	0.871221	0.751984	0.644124	0.538134	0.397404	0.215806	0.0213272	-0.154944	-0.280925	-0.333449	-0.31933	-0.255974	-0.14633	0	
0	-0.00435205	-0.00332964	-0.00681264	-0.00395117	-0.00211034	-0.00631809	-0.00379622	-0.00427978	-0.00842009	-0.00818284	-0.00791277	-0.00833268	-0.00837939	-0.00644532	-0.00888402	-0.0159606	-0.0173249	-0.0215983	-0.0197679	-0.0149626	-0.0187444	-0.0243923	-0.0332097	-0.0379426	-0.0354888	-0.0271203	-0.0287236	-0.0375558	-0.0547652	-0.072293	-0.0755327	-0.0659864	-0.0524917	-0.0511716	-0.0643165	-0.097323	-0.145348	-0.220118	-0.30779	-0.375286	-0.401254	-0.3977	-0.375454	-0.317172	-0.2039	-0.04322	0.149401	0.340161	0.508368	0.639715	0.741784	0.830567	0.897517	0.934669	0.939944	0.921784	0.884127	0.820052	0.711911	0.564132	0.38021	0.166728	-0.0727042	-0.343496	-0.623508	-0.892695	-1.12249	-1.27838	-1.34901	-1.33043	-1.22197	-1.03201	-0.784815	-0.505876	-0.221537	0.0382154	0.268702	0.471106	0.637852	0.771181	0.867957	0.928661	0.966491	0.977339	0.951965	0.897891	0.826199	0.746231	0.652208	0.516914	0.33117	0.123509	-0.0660688	-0.202863	-0.267135	-0.26569	-0.215519	-0.123287	0	
0	-0.000513579	0.00269584	-0.000633333	-0.00191849	-0.0010746	-0.00552298	-0.00659444	-0.0100013	-0.0129066	-0.010567	-0.0113778	-0.00922406	-0.00898762	-0.00821505	-0.0141943	-0.02082	-0.0165235	-0.0155517	-0.0145836	-0.015013	-0.0194229	-0.0303121	-0.0379426	-0.032771	-0.0221406	-0.024512	-0.0390221	-0.0502286	-0.0626288	-0.0758209	-0.0706468	-0.051996	-0.0435902	-0.0584685	-0.0908518	-0.136519	-0.198077	-0.278508	-0.359546	-0.407204	-0.406787	-0.379165	-0.328163	-0.241922	-0.102333	0.0726573	0.264663	0.449225	0.606892	0.724841	0.805351	0.860638	0.888444	0.890811	0.869158	0.840475	0.806958	0.754026	0.664189	0.533797	0.363425	0.161941	-0.0689182	-0.335341	-0.616492	-0.889845	-1.12248	-1.283	-1.35949	-1.34102	-1.22899	-1.03479	-0.780675	-0.495323	-0.209516	0.0434386	0.25965	0.448434	0.602359	0.718588	0.800749	0.853859	0.886442	0.903823	0.913702	0.914107	0.88815	0.834936	0.755454	0.624904	0.437251	0.231753	0.0493342	-0.0882981	-0.165958	-0.181185	-0.148254	-0.0832323	0	
0	-0.000195815	0.00427672	0.00115629	0.000197527	-0.00146594	-0.00843664	-0.00917971	-0.00942884	-0.0103616	-0.00894406	-0.00732192	-0.00854296	-0.0149736	-0.0176631	-0.0206307	-0.0229172	-0.0153958	-0.0140874	-0.0183273	-0.0228062	-0.0308144	-0.0383795	-0.0354888	-0.0221406	-0.0215422	-0.0371602	-0.0554107	-0.0604742	-0.0687472	-0.0742297	-0.0607024	-0.0429901	-0.0502661	-0.085321	-0.132316	-0.191122	-0.260935	-0.338705	-0.401453	-0.423066	-0.39806	-0.34244	-0.263146	-0.146159	0.0123874	0.193234	0.380251	0.554813	0.701324	0.802015	0.853309	0.870647	0.858862	0.827152	0.788229	0.755369	0.729832	0.695742	0.623616	0.509848	0.353291	0.159047	-0.065543	-0.327852	-0.607709	-0.882094	-1.12183	-1.28982	-1.36927	-1.35228	-1.23709	-1.03243	-0.769364	-0.483309	-0.202082	0.0435007	0.251482	0.433258	0.577791	0.679918	0.743893	0.774059	0.790604	0.819742	0.868623	0.913676	0.925577	0.90299	0.842375	0.717519	0.536475	0.35063	0.190341	0.0587366	-0.0306638	-0.0656689	-0.0590592	-0.0328768	0	
0	-0.00255993	-0.00236198	-0.00642097	-0.00728358	-0.00533737	-0.00677906	-0.00330394	-0.00194414	-0.00301663	-0.00376995	-0.00955916	-0.0141839	-0.0209046	-0.0205862	-0.0201119	-0.0194123	-0.0127532	-0.0189674	-0.0300338	-0.0367128	-0.0382598	-0.0356417	-0.0271203	-0.024512	-0.0371602	-0.0565476	-0.0682455	-0.0695926	-0.0709222	-0.0677398	-0.0524948	-0.049084	-0.0771781	-0.128077	-0.187466	-0.2552	-0.32614	-0.387838	-0.424343	-0.419256	-0.367685	-0.284446	-0.172547	-0.0323531	0.137812	0.315453	0.492755	0.655977	0.786742	0.863186	0.879648	0.856376	0.806993	0.751419	0.700903	0.67156	0.659265	0.641013	0.588432	0.490874	0.347512	0.163915	-0.0556575	-0.316625	-0.600091	-0.881305	-1.12648	-1.29881	-1.37929	-1.35649	-1.23354	-1.02527	-0.761986	-0.477835	-0.200677	0.0414881	0.249031	0.4299	0.566479	0.649776	0.685517	0.689393	0.698981	0.743163	0.815328	0.886761	0.932705	0.944523	0.905976	0.79576	0.637386	0.483433	0.350151	0.229966	0.13512	0.0776273	0.044834	0.020653	0	
0	-0.00662087	-0.00645656	-0.0108886	-0.0106105	-0.006361	-0.00679933	-0.0038937	-0.00301694	-0.00671787	-0.0101056	-0.0124086	-0.0150878	-0.0173881	-0.0104118	-0.00742852	-0.0122595	-0.016321	-0.0282379	-0.037602	-0.0367098	-0.0297484	-0.0257805	-0.0287236	-0.0390221	-0.0554107	-0.0682455	-0.0767153	-0.0722243	-0.0652423	-0.0576353	-0.055695	-0.0735	-0.119118	-0.181056	-0.249283	-0.319846	-0.378112	-0.413601	-0.420646	-0.388326	-0.310019	-0.194572	-0.0560066	0.100788	0.269813	0.438324	0.60167	0.74867	0.855794	0.899068	0.87429	0.810433	0.731505	0.659778	0.611113	0.593701	0.599857	0.603368	0.568181	0.484758	0.34924	0.167954	-0.0506281	-0.31446	-0.600955	-0.883268	-1.13015	-1.30084	-1.37749	-1.35364	-1.23038	-1.02195	-0.761372	-0.480469	-0.201341	0.047642	0.259198	0.434803	0.555431	0.614936	0.62771	0.619762	0.628521	0.673225	0.747139	0.833497	0.909023	0.952355	0.94292	0.86686	0.747594	0.627943	0.519727	0.416179	0.322617	0.239438	0.155948	0.0737601	0	
0	-0.000409888	0.00133941	-0.00058733	-0.00044686	-0.000840222	-0.00678431	-0.0088499	-0.013996	-0.0195242	-0.0202363	-0.0203304	-0.014687	-0.0110604	-0.00720744	-0.0121871	-0.0234468	-0.0269515	-0.0319013	-0.0318876	-0.023625	-0.0179854	-0.0242162	-0.0375558	-0.0502286	-0.0604742	-0.0695926	-0.0722243	-0.0597845	-0.0471208	-0.0512866	-0.0712938	-0.108621	-0.165374	-0.235979	-0.308877	-0.370833	-0.405621	-0.411485	-0.3913	-0.33401	-0.226789	-0.0844601	0.0731816	0.231377	0.391865	0.545376	0.693116	0.818656	0.896701	0.902326	0.838752	0.743965	0.646663	0.574235	0.534716	0.534222	0.558636	0.57715	0.554384	0.477098	0.345749	0.16581	-0.0541168	-0.31557	-0.599497	-0.880282	-1.12419	-1.29446	-1.37341	-1.35189	-1.23333	-1.02978	-0.766961	-0.476908	-0.188685	0.0631796	0.268664	0.431182	0.53632	0.582854	0.588537	0.575876	0.57412	0.603084	0.66802	0.76003	0.852924	0.924635	0.959427	0.937848	0.865695	0.777406	0.692486	0.607887	0.516322	0.404905	0.268367	0.127383	0	
0	0.00220139	0.00823349	0.00594227	0.00259811	0.000522656	-0.00774882	-0.0134032	-0.0164324	-0.0180679	-0.0158762	-0.0118428	-0.0111278	-0.0176343	-0.0209975	-0.0292881	-0.0378604	-0.0341701	-0.0309902	-0.0267275	-0.0235645	-0.0265396	-0.0406266	-0.0547652	-0.0626288	-0.0687472	-0.0709222	-0.0652423	-0.0471208	-0.0456645	-0.0715551	-0.112582	-0.161366	-0.226619	-0.302348	-0.369639	-0.409922	-0.415149	-0.392339	-0.346937	-0.261463	-0.12625	0.0385987	0.202675	0.355512	0.50261	0.642516	0.771576	0.872447	0.915279	0.883233	0.785853	0.66834	0.564901	0.496606	0.470759	0.485389	0.523285	0.552624	0.536748	0.465363	0.337016	0.161574	-0.0512709	-0.309362	-0.590783	-0.869455	-1.11609	-1.29186	-1.3774	-1.3618	-1.24233	-1.03015	-0.757721	-0.462611	-0.175296	0.0699964	0.265726	0.419977	0.521387	0.567687	0.57139	0.548401	0.527504	0.535829	0.584947	0.668688	0.768503	0.873534	0.966046	1.00633	0.981469	0.925106	0.863926	0.793155	0.69664	0.558017	0.377417	0.183529	0	
0	-0.00349675	-0.00461468	-0.0090142	-0.0098915	-0.00991025	-0.012419	-0.00695678	-0.00353097	-0.00259279	-0.00199828	-0.00701166	-0.0130267	-0.0235831	-0.0293753	-0.0340538	-0.0364758	-0.0288349	-0.0269201	-0.030915	-0.0350904	-0.0452733	-0.0603869	-0.072293	-0.0758209	-0.0742297	-0.0677398	-0.0576353	-0.0512866	-0.0715551	-0.118627	-0.171227	-0.22805	-0.298333	-0.369867	-0.416636	-0.426882	-0.401644	-0.352731	-0.278911	-0.16415	-0.00311549	0.172951	0.335032	0.476628	0.611109	0.734524	0.841663	0.908601	0.913064	0.842139	0.715899	0.584692	0.479041	0.420805	0.408413	0.437589	0.489087	0.53004	0.523904	0.459797	0.339728	0.168639	-0.0438074	-0.299843	-0.582717	-0.867637	-1.12021	-1.29985	-1.38428	-1.36215	-1.2358	-1.01932	-0.745703	-0.453775	-0.173339	0.0651237	0.257904	0.414089	0.519744	0.567743	0.566036	0.529356	0.488825	0.473688	0.498197	0.566302	0.674857	0.818201	0.966091	1.06161	1.08399	1.06483	1.02562	0.956976	0.846872	0.686835	0.477071	0.239936	0	
0	-0.0078693	-0.00981751	-0.0151209	-0.0168206	-0.0115502	-0.00983944	-0.00732954	-0.00541699	-0.00737906	-0.0105789	-0.0148069	-0.0200692	-0.026858	-0.0235632	-0.0220479	-0.0226249	-0.0176296	-0.0223774	-0.0315627	-0.042946	-0.054555	-0.0691822	-0.0755327	-0.0706468	-0.0607024	-0.0524948	-0.055695	-0.0712938	-0.112582	-0.171227	-0.231584	-0.293225	-0.360122	-0.411877	-0.428305	-0.406395	-0.354363	-0.277172	-0.174263	-0.0318093	0.14303	0.318345	0.468549	0.595016	0.711701	0.812062	0.88465	0.911334	0.872098	0.767882	0.622744	0.487323	0.39267	0.350471	0.357357	0.404873	0.471005	0.522244	0.523754	0.464874	0.344578	0.17375	-0.0391325	-0.301558	-0.589779	-0.87487	-1.12433	-1.29838	-1.37748	-1.352	-1.22388	-1.00915	-0.74171	-0.456719	-0.18011	0.0589655	0.256148	0.417913	0.527271	0.57486	0.566744	0.516317	0.45432	0.412393	0.413393	0.473584	0.595734	0.769042	0.955513	1.09579	1.16593	1.18521	1.16132	1.08519	0.959057	0.784969	0.557816	0.288034	0	
0	-0.00232691	-0.00158335	-0.0043982	-0.00349458	-0.00415218	-0.0101625	-0.00981809	-0.0136568	-0.0202074	-0.0241979	-0.028239	-0.0282194	-0.0282149	-0.0228132	-0.0201545	-0.0222929	-0.0212721	-0.0299753	-0.0450304	-0.0554095	-0.0650934	-0.0700957	-0.0659864	-0.051996	-0.0429901	-0.049084	-0.0735	-0.108621	-0.161366	-0.22805	-0.293225	-0.352251	-0.400718	-0.423233	-0.407591	-0.359653	-0.280853	-0.176857	-0.0466042	0.11054	0.28585	0.448866	0.582414	0.691307	0.786227	0.855543	0.8905	0.874184	0.801434	0.675177	0.524748	0.399715	0.321212	0.300213	0.326588	0.389008	0.465993	0.524209	0.526938	0.465805	0.344105	0.168201	-0.0500859	-0.310413	-0.593519	-0.874266	-1.11893	-1.28841	-1.36405	-1.33884	-1.21625	-1.00872	-0.746514	-0.463407	-0.185129	0.0581846	0.260757	0.427549	0.539802	0.585585	0.568208	0.500768	0.417605	0.3573	0.349556	0.411575	0.541444	0.726573	0.934174	1.10882	1.21877	1.26705	1.25181	1.16918	1.03259	0.848686	0.608407	0.317051	0	
0	0.00153346	0.00672283	0.00488549	0.00149504	0.0014131	-0.00525318	-0.0125948	-0.0193619	-0.0264271	-0.0292751	-0.0297548	-0.0280523	-0.0281301	-0.0223612	-0.0240346	-0.0317329	-0.0364625	-0.051099	-0.0648629	-0.0718833	-0.0693674	-0.0640245	-0.0524917	-0.0435902	-0.0502661	-0.0771781	-0.119118	-0.165374	-0.226619	-0.298333	-0.360122	-0.400718	-0.420126	-0.410308	-0.368015	-0.293095	-0.187598	-0.0552663	0.0915763	0.252416	0.417387	0.564408	0.681136	0.769536	0.837039	0.87045	0.863653	0.812652	0.714261	0.580141	0.437022	0.327377	0.270901	0.269001	0.309856	0.382701	0.464036	0.520567	0.521398	0.45851	0.333312	0.15977	-0.0533115	-0.312269	-0.593344	-0.869051	-1.10795	-1.27469	-1.35291	-1.33263	-1.21453	-1.01145	-0.752174	-0.468068	-0.186	0.0625195	0.271413	0.442333	0.552694	0.590055	0.559687	0.478897	0.387356	0.32622	0.321871	0.384506	0.510143	0.693208	0.908783	1.10069	1.22927	1.29113	1.28394	1.20513	1.06658	0.873727	0.621495	0.321336	0	
0	-0.000478249	0.00157665	-0.00172399	-0.0018275	-0.00503185	-0.0139853	-0.0148548	-0.0174347	-0.0206811	-0.0200055	-0.0192594	-0.0179089	-0.0205794	-0.0228414	-0.0317664	-0.0475014	-0.0577234	-0.0710009	-0.0789931	-0.0718946	-0.0617481	-0.0527626	-0.0511716	-0.0584685	-0.085321	-0.128077	-0.181056	-0.235979	-0.302348	-0.369867	-0.411877	-0.423233	-0.410308	-0.373831	-0.304035	-0.202418	-0.0674505	0.0825	0.235271	0.387376	0.538044	0.669035	0.766312	0.830345	0.863968	0.857421	0.815045	0.73513	0.625397	0.492192	0.360504	0.26988	0.229806	0.242386	0.294504	0.373116	0.45753	0.516859	0.516852	0.452892	0.330021	0.156054	-0.0582274	-0.312736	-0.587617	-0.860175	-1.09902	-1.26682	-1.3457	-1.32835	-1.21521	-1.01455	-0.754558	-0.467308	-0.179538	0.0749175	0.285708	0.451665	0.552164	0.579713	0.543744	0.464387	0.380872	0.329065	0.328425	0.385957	0.501244	0.674592	0.881923	1.06495	1.18658	1.24981	1.25387	1.1883	1.05426	0.855826	0.598418	0.304352	0	
0	-0.00477123	-0.00487941	-0.0110576	-0.0166895	-0.0159945	-0.0187654	-0.0184409	-0.0168979	-0.0160829	-0.0118044	-0.0108687	-0.0128201	-0.021532	-0.0294872	-0.0458373	-0.0623377	-0.0665731	-0.0699295	-0.0648314	-0.0534692	-0.0447651	-0.0496359	-0.0643165	-0.0908518	-0.132316	-0.187466	-0.249283	-0.308877	-0.369639	-0.416636	-0.428305	-0.407591	-0.368015	-0.304035	-0.206841	-0.074946	0.0790031	0.236112	0.380488	0.519104	0.653978	0.765272	0.838089	0.867175	0.860375	0.814347	0.739342	0.643521	0.529713	0.405173	0.291011	0.218075	0.196501	0.223553	0.28433	0.369661	0.457297	0.514356	0.513713	0.450293	0.325933	0.155462	-0.0541519	-0.309012	-0.585973	-0.85917	-1.09561	-1.26167	-1.34248	-1.32632	-1.21185	-1.01011	-0.747862	-0.455539	-0.165349	0.0848572	0.287103	0.443001	0.53604	0.564153	0.537787	0.473243	0.403858	0.36054	0.361007	0.412545	0.515062	0.667756	0.845437	0.995113	1.09223	1.14905	1.16227	1.11044	0.985927	0.793958	0.548023	0.275488	0	
0	-0.00959667	-0.0149231	-0.0226218	-0.0226416	-0.0218206	-0.0239435	-0.0172367	-0.0117783	-0.0100618	-0.00930389	-0.013924	-0.0236797	-0.0384266	-0.0501149	-0.0601818	-0.0665322	-0.0585708	-0.052659	-0.0462598	-0.0389847	-0.04574	-0.0653637	-0.097323	-0.136519	-0.191122	-0.2552	-0.319846	-0.370833	-0.409922	-0.426882	-0.406395	-0.359653	-0.293095	-0.202418	-0.074946	0.0756267	0.237178	0.384671	0.514666	0.636754	0.75255	0.839634	0.87701	0.866238	0.818685	0.739029	0.646637	0.544629	0.438943	0.328914	0.231755	0.177881	0.170838	0.208371	0.278503	0.369271	0.459651	0.520449	0.519752	0.454779	0.330915	0.157071	-0.0587554	-0.315997	-0.591761	-0.863027	-1.0982	-1.26149	-1.33567	-1.3138	-1.19635	-0.991454	-0.728884	-0.442491	-0.162584	0.0765992	0.269806	0.421389	0.519251	0.562154	0.554732	0.507203	0.45019	0.414155	0.416244	0.460115	0.541122	0.657631	0.789367	0.894159	0.958871	0.999739	1.0103	0.965675	0.857667	0.691912	0.479594	0.24231	0	
0	-0.0065592	-0.00709097	-0.0129732	-0.0159903	-0.0128714	-0.0138416	-0.0115492	-0.01375	-0.0217797	-0.0283099	-0.0406896	-0.0522244	-0.0615752	-0.0616013	-0.0614675	-0.0559933	-0.041978	-0.0372137	-0.0383279	-0.0453622	-0.0660744	-0.101202	-0.145348	-0.198077	-0.260935	-0.32614	-0.378112	-0.405621	-0.415149	-0.401644	-0.354363	-0.280853	-0.187598	-0.0674505	0.0790031	0.237178	0.389495	0.521713	0.634121	0.737662	0.830406	0.881903	0.878538	0.824499	0.74165	0.641068	0.540697	0.445617	0.353265	0.260135	0.18366	0.147445	0.156308	0.207658	0.285978	0.382811	0.476521	0.533019	0.527364	0.457619	0.325829	0.147885	-0.069999	-0.330084	-0.606981	-0.87539	-1.09964	-1.24865	-1.31281	-1.28422	-1.16453	-0.967468	-0.719554	-0.446617	-0.178527	0.0517145	0.244675	0.40542	0.519008	0.581294	0.592933	0.561602	0.516907	0.48761	0.486924	0.512808	0.559084	0.629741	0.71258	0.772088	0.79881	0.810103	0.80297	0.759852	0.677079	0.556093	0.395909	0.205013	0	
0	0.00148787	0.00576839	0.00510128	0.00755501	0.00655093	-0.00305236	-0.0113846	-0.0230084	-0.0387565	-0.0511076	-0.0613818	-0.0678219	-0.069011	-0.0629958	-0.0550652	-0.0489218	-0.0400208	-0.0467302	-0.0603873	-0.0797045	-0.115436	-0.163336	-0.220118	-0.278508	-0.338705	-0.387838	-0.413601	-0.411485	-0.392339	-0.352731	-0.277172	-0.176857	-0.0552663	0.0825	0.236112	0.384671	0.521713	0.634749	0.727969	0.809327	0.868366	0.879876	0.83219	0.74326	0.639149	0.531669	0.440634	0.360691	0.288101	0.215196	0.156917	0.137584	0.159831	0.218539	0.302567	0.401303	0.491013	0.542952	0.529424	0.450026	0.311908	0.127973	-0.0949615	-0.353291	-0.620343	-0.872825	-1.08111	-1.21822	-1.27423	-1.24711	-1.14002	-0.958873	-0.726427	-0.467333	-0.206803	0.0266042	0.23123	0.406422	0.536945	0.61949	0.651262	0.636355	0.601163	0.570425	0.553956	0.548871	0.553831	0.580414	0.61948	0.634667	0.616866	0.58801	0.55548	0.513215	0.46087	0.39236	0.292842	0.157672	0	
0	0.00561072	0.014438	0.0126705	0.00944128	0.00389538	-0.0100034	-0.0192795	-0.0327869	-0.0472434	-0.0523181	-0.0576175	-0.0575276	-0.0528937	-0.0446891	-0.0440786	-0.0469033	-0.0513567	-0.071058	-0.100052	-0.135575	-0.187715	-0.247444	-0.30779	-0.359546	-0.401453	-0.424343	-0.420646	-0.3913	-0.346937	-0.278911	-0.174263	-0.0466042	0.0915763	0.235271	0.380488	0.514666	0.634121	0.727969	0.799989	0.850395	0.872619	0.840439	0.757554	0.646362	0.53544	0.436803	0.361505	0.301628	0.24806	0.190353	0.147455	0.140011	0.169613	0.233936	0.318488	0.413783	0.49866	0.539721	0.515589	0.429704	0.287065	0.105441	-0.110423	-0.35841	-0.613296	-0.855623	-1.05323	-1.1825	-1.24083	-1.22329	-1.12856	-0.963937	-0.746621	-0.4918	-0.226804	0.0150797	0.232582	0.424341	0.574628	0.678907	0.729604	0.725491	0.688435	0.641517	0.596965	0.556076	0.522679	0.511065	0.509427	0.479375	0.415508	0.347616	0.29295	0.253002	0.227785	0.206174	0.166235	0.0949142	0	
0	-0.00469756	-0.00693128	-0.0138054	-0.0183284	-0.0227948	-0.0313429	-0.036475	-0.0392043	-0.0421772	-0.0381778	-0.0338991	-0.0303134	-0.0270189	-0.0278794	-0.0350039	-0.0492226	-0.0680891	-0.106696	-0.152511	-0.204061	-0.266002	-0.326397	-0.375286	-0.407204	-0.423066	-0.419256	-0.388326	-0.33401	-0.261463	-0.16415	-0.0318093	0.11054	0.252416	0.387376	0.519104	0.636754	0.737662	0.809327	0.850395	0.865601	0.845414	0.77716	0.668999	0.549631	0.445696	0.361819	0.306559	0.264041	0.223562	0.175962	0.141258	0.138714	0.17264	0.236527	0.319575	0.413719	0.4934	0.53044	0.504333	0.417787	0.278557	0.101522	-0.110706	-0.354091	-0.603646	-0.838192	-1.02933	-1.15874	-1.22046	-1.21048	-1.12821	-0.973454	-0.75953	-0.504344	-0.235569	0.0179119	0.253718	0.46449	0.633988	0.756429	0.817278	0.810201	0.756694	0.683563	0.608133	0.534157	0.466252	0.417946	0.375703	0.303883	0.203675	0.109512	0.0413541	0.00259406	-0.00599179	0.00656851	0.0203827	0.0184237	0	
