0	0	0	0	0	0	0	0	0	0	0	0	0	0	0	0	0	0	0	0	0	0	0	0	0	0	0	0	0	0	0	0	0	0	0	0	0	0	0	0	0	0	0	0	0	0	0	0	0	0	0	0	0	0	0	0	0	0	0	0	0	0	0	0	0	0	0	0	0	0	0	0	0	0	0	0	0	0	0	0	0	0	0	0	0	0	0	0	0	0	0	0	0	0	0	0	0	0	0	0	
0	-0.00117355	0.000122641	-0.00219333	-0.000606822	-0.000816743	-0.00116582	0.000831936	8.37696e-05	0.000659688	0.00137927	0.00012073	0.000278793	-4.57712e-05	-0.000247531	-0.000560058	0.000815502	0.000239338	0.000635875	-0.00137695	-0.00118391	-0.00536392	-0.00843069	-0.0106196	-0.016008	-0.0241661	-0.0317473	-0.0385108	-0.0415407	-0.0397078	-0.0303556	-0.0118777	0.0138555	0.0399987	0.06188	0.0779171	0.0799218	0.0697431	0.0556856	0.0391305	0.0185473	0.00217979	-0.0164241	-0.0327278	-0.0411173	-0.036413	-0.0258177	-0.0122518	-0.000872124	0.00572083	0.00776399	0.00433883	-0.00039494	-0.00612365	-0.0127069	-0.00853404	0.00058876	0.00546409	0.000438364	-0.00396843	-0.00212328	-0.00311049	-0.00183751	0.000369408	0.00233142	0.000860183	-0.00321374	-0.0050859	-0.00156609	0.00197695	0.000336747	-0.0021076	-0.00423911	-0.00120909	0.00244064	0.00164708	-0.00125155	-0.00368621	-0.00187121	-0.0016277	0.00113383	0.010869	0.015045	0.0110521	0.00947291	0.0186729	0.0326153	0.0422298	0.0473767	0.0425555	0.0233301	-0.00832635	-0.0480936	-0.0852584	-0.112296	-0.120546	-0.102014	-0.0704558	-0.0380778	0	
0	0.000122641	0.00291017	0.000265323	0.00370211	0.000180803	0.001484	0.000235718	-0.00213786	0.000112404	-0.0026284	-0.00107546	0.00033591	-0.000494716	-0.000153081	0.00131795	-0.00211547	-0.00312544	-0.000887213	-0.00633054	-0.00453533	-0.00751874	-0.0137242	-0.0216382	-0.0366375	-0.0484798	-0.0615147	-0.0755447	-0.0852457	-0.0769568	-0.0596229	-0.0241718	0.0247185	0.0814877	0.123462	0.155146	0.157446	0.140085	0.111057	0.0776896	0.0364789	0.00325466	-0.0332489	-0.0669974	-0.0827908	-0.0749311	-0.0536747	-0.0262294	-0.00459451	0.0110736	0.0130758	0.00975991	-0.000946333	-0.0109531	-0.0228203	-0.0160315	0.0040222	0.0113553	0.00248944	-0.0066429	-0.00517061	-0.00719672	-0.00545013	-0.00216383	0.00307336	0.000960063	-0.00727815	-0.00718056	-0.00139386	0.00523657	0.00418561	-0.00584552	-0.0102429	-0.00317243	0.000578095	0.00249933	0.000269339	-0.00562785	-0.00159018	-0.00159587	0.000739653	0.0173384	0.0276025	0.0252538	0.022272	0.0356886	0.0638121	0.0860383	0.0941108	0.0824624	0.0466637	-0.0148691	-0.095609	-0.170872	-0.223908	-0.239244	-0.202962	-0.140787	-0.0758424	0	
0	-0.00219333	0.000265323	-0.00420602	-0.000986425	-0.00187442	-0.00197584	0.00134543	1.15765e-05	0.00167473	0.00223956	0.000634933	0.000703319	-0.000287931	-0.000550046	-0.00113437	0.000853261	-0.000478579	0.00123921	-0.00489527	-0.00448194	-0.0144521	-0.0242057	-0.0330722	-0.0492794	-0.0711855	-0.093875	-0.11421	-0.124509	-0.118065	-0.0903549	-0.0358845	0.0386307	0.117287	0.182963	0.230752	0.236982	0.209715	0.167617	0.117981	0.0574526	0.0079184	-0.0477466	-0.0959955	-0.120859	-0.109317	-0.0786914	-0.0386919	-0.00498181	0.0155626	0.0213404	0.013485	-0.000587778	-0.0174469	-0.0355225	-0.0247996	0.00160589	0.0142249	0.00194256	-0.00995279	-0.00709815	-0.00922243	-0.00652451	6.65203e-05	0.00629629	0.00202037	-0.00905143	-0.0137571	-0.00445397	0.00588017	0.00183522	-0.00734429	-0.012575	-0.00348121	0.00556059	0.00469286	-0.00286381	-0.0104042	-0.00554499	-0.00369962	0.00408488	0.0297998	0.0429367	0.0341181	0.02977	0.0555459	0.0970389	0.126896	0.140857	0.125038	0.0683517	-0.0249672	-0.142379	-0.25317	-0.332754	-0.35553	-0.30275	-0.210757	-0.112624	0	
0	-0.000606822	0.00370211	-0.000986425	0.00414959	3.06856e-05	0.000986166	0.00097549	-0.00239599	-2.77964e-05	-0.0020431	-0.00186425	0.0004446	-0.000690659	-0.000170421	0.00121914	-0.00205897	-0.00295961	-0.00292714	-0.00899272	-0.00919346	-0.0172007	-0.0283549	-0.0419642	-0.0699965	-0.0961089	-0.123275	-0.150132	-0.165647	-0.153967	-0.119058	-0.0502204	0.0475311	0.154946	0.242154	0.302917	0.312596	0.279411	0.224995	0.156539	0.0788498	0.0102515	-0.0618424	-0.127309	-0.159166	-0.147304	-0.107721	-0.0548354	-0.0110401	0.018212	0.0253333	0.0181289	4.01207e-05	-0.0217908	-0.0433487	-0.0305508	0.0028622	0.0187632	0.0038623	-0.0104025	-0.00969837	-0.013828	-0.00994939	-0.00331222	0.00575157	0.00180484	-0.0128157	-0.0152447	-0.003878	0.00885918	0.00557543	-0.0103396	-0.0176101	-0.00617154	0.00318398	0.00435344	-0.00278351	-0.0106673	-0.00460016	-0.0028774	0.00621948	0.034501	0.0507644	0.0467796	0.0449233	0.0745658	0.127945	0.169388	0.184801	0.162106	0.090582	-0.031361	-0.188186	-0.335714	-0.438724	-0.466557	-0.399738	-0.280224	-0.148422	0	
0	-0.000816743	0.000180803	-0.00187442	3.06856e-05	-0.00152269	-0.000338081	7.87542e-05	-0.00039118	0.00132382	0.000237322	0.000717148	0.000470991	-0.000374769	-0.000896019	-0.000523528	-0.00128706	-0.00270393	-0.000587849	-0.00847191	-0.0101055	-0.0212616	-0.0370449	-0.0566072	-0.0840882	-0.116066	-0.152759	-0.186069	-0.204984	-0.194024	-0.148652	-0.061041	0.056708	0.186167	0.296246	0.3741	0.387476	0.349884	0.28186	0.198754	0.10276	0.017662	-0.0734589	-0.152124	-0.192947	-0.181166	-0.134169	-0.0702183	-0.0154012	0.0200671	0.0304504	0.0224033	0.000953554	-0.0270004	-0.0515704	-0.0385541	0.000323993	0.0178405	0.00421081	-0.0109902	-0.0128927	-0.0150955	-0.0124609	-0.00235181	0.00794006	0.00180681	-0.0135041	-0.0193149	-0.00658375	0.00870836	0.00396797	-0.0130652	-0.0197333	-0.0058468	0.00568081	0.00592334	-0.00376399	-0.0146451	-0.00921312	-0.00319168	0.0099978	0.0427275	0.0637455	0.0574308	0.054268	0.0932764	0.159174	0.210183	0.230235	0.200861	0.108637	-0.0422412	-0.231527	-0.412603	-0.540001	-0.573055	-0.493672	-0.348312	-0.182857	0	
0	-0.00116582	0.001484	-0.00197584	0.000986166	-0.000338081	-0.000509576	0.00101486	-0.000457887	9.44811e-05	0.000525863	-0.000838406	0.000284373	-0.000479328	-5.98245e-05	-0.000237438	-0.00109325	-0.00120039	-0.00483114	-0.0094177	-0.014128	-0.0273187	-0.04379	-0.0635958	-0.0997934	-0.140794	-0.183589	-0.221929	-0.24096	-0.229293	-0.177347	-0.078552	0.0632848	0.215829	0.349503	0.437834	0.460242	0.418098	0.341303	0.239447	0.129881	0.0243609	-0.0823567	-0.175673	-0.22449	-0.215337	-0.162384	-0.0883409	-0.0230871	0.0187764	0.0340108	0.025716	0.00257402	-0.0305689	-0.0575777	-0.04277	-0.00408078	0.0178912	0.00497167	-0.0104674	-0.0142072	-0.0188438	-0.014397	-0.00358633	0.00689998	0.00160616	-0.0152745	-0.0217067	-0.00744142	0.009232	0.00363729	-0.0140161	-0.0208178	-0.00838937	0.005696	0.00515231	-0.00749583	-0.0150615	-0.00929464	-0.00226542	0.0161175	0.0488554	0.067786	0.0645231	0.0692037	0.116761	0.191101	0.249009	0.269611	0.234531	0.128019	-0.0498945	-0.274275	-0.488351	-0.635273	-0.671435	-0.583259	-0.415155	-0.216059	0	
0	0.000831936	0.000235718	0.00134543	0.00097549	7.87542e-05	0.00101486	-0.000976595	-0.000559885	-0.000749254	-0.00147539	-0.000583811	-0.000604081	-7.01586e-05	-0.00121288	0.000145025	-0.00270502	-0.00375112	-0.00522007	-0.00996218	-0.0172525	-0.0284659	-0.0481707	-0.0779915	-0.116705	-0.159849	-0.208505	-0.252833	-0.278548	-0.266526	-0.204877	-0.0895864	0.0671806	0.24144	0.396396	0.501002	0.529522	0.487884	0.399722	0.283975	0.15894	0.0346627	-0.0885452	-0.195017	-0.252536	-0.24807	-0.19092	-0.108352	-0.0343814	0.0154909	0.0345053	0.0289079	0.00367277	-0.0339654	-0.059543	-0.0479988	-0.00724529	0.0146735	0.00632762	-0.00794031	-0.0172016	-0.0203924	-0.0175021	-0.00550752	0.00562146	-3.2658e-05	-0.016013	-0.0218502	-0.00807863	0.00799358	0.0034387	-0.0159554	-0.0227955	-0.00900832	0.00419438	0.00387606	-0.00650908	-0.0155854	-0.0123973	-0.000519014	0.020179	0.0513362	0.0744023	0.0762731	0.0843888	0.136034	0.218614	0.287771	0.311684	0.267345	0.14157	-0.0612911	-0.313364	-0.556617	-0.723601	-0.763731	-0.667896	-0.478767	-0.247612	0	
0	8.37696e-05	-0.00213786	1.15765e-05	-0.00239599	-0.00039118	-0.000457887	-0.000559885	0.00175236	0.000213073	0.00154526	0.00135552	-0.000501512	0.000700478	-0.000992712	-0.00105884	-0.00124578	-0.0022194	-0.00580543	-0.0105103	-0.0202992	-0.0352242	-0.0569971	-0.0884577	-0.128493	-0.181745	-0.238671	-0.287412	-0.312416	-0.300546	-0.23329	-0.107823	0.0672928	0.262326	0.438331	0.556124	0.594772	0.554818	0.458145	0.329907	0.190688	0.04796	-0.0911507	-0.208786	-0.275882	-0.276921	-0.217291	-0.128897	-0.0457502	0.0102204	0.0357648	0.0317806	0.00502365	-0.0354752	-0.0610949	-0.0517919	-0.0147423	0.00823007	0.00599142	-0.00748621	-0.0189535	-0.0216838	-0.018893	-0.00503513	0.00442497	-0.00112215	-0.0151349	-0.0224959	-0.0102636	0.00463184	-0.000582826	-0.016075	-0.0206896	-0.00979445	0.00429803	0.00257721	-0.00977255	-0.0171468	-0.0143777	0.00159775	0.0269257	0.0567005	0.0774152	0.080788	0.098737	0.161305	0.249846	0.322992	0.346675	0.295536	0.154891	-0.0708331	-0.350703	-0.621221	-0.803716	-0.846128	-0.745703	-0.539558	-0.278596	0	
0	0.000659688	0.000112404	0.00167473	-2.77964e-05	0.00132382	9.44811e-05	-0.000749254	0.000213073	-0.00224048	-0.000655801	-0.00121193	-0.00139757	7.99697e-05	-0.000806351	-0.000766552	-0.00206768	-0.00321773	-0.00853748	-0.0111856	-0.0232005	-0.0370696	-0.0617905	-0.0971273	-0.143711	-0.201629	-0.26173	-0.31473	-0.344689	-0.332978	-0.258881	-0.12318	0.0674931	0.280563	0.476327	0.606749	0.658305	0.620745	0.51883	0.377981	0.22638	0.0636238	-0.0893268	-0.219113	-0.296311	-0.304373	-0.245497	-0.152853	-0.0634471	0.000300684	0.0323165	0.0320428	0.00464215	-0.035851	-0.0595942	-0.0526702	-0.0213867	0.00309025	0.00715056	-0.00569563	-0.018582	-0.0236141	-0.0201608	-0.0074	-0.000837403	-0.00379835	-0.0157973	-0.0202885	-0.00980767	0.00108778	-0.0025437	-0.0150088	-0.0193511	-0.0121837	0.000570098	-0.000565712	-0.0106829	-0.0153964	-0.0137254	0.00353602	0.0307399	0.0581985	0.077595	0.0883364	0.11848	0.18516	0.275808	0.356121	0.380961	0.320903	0.164369	-0.0823797	-0.385501	-0.677547	-0.873394	-0.920351	-0.817156	-0.595342	-0.307369	0	
0	0.00137927	-0.0026284	0.00223956	-0.0020431	0.000237322	0.000525863	-0.00147539	0.00154526	-0.000655801	0.000123913	0.00124547	-0.00192738	0.00177669	-0.00232294	-0.000831377	-0.00149121	-0.00532851	-0.0076909	-0.0124472	-0.0272289	-0.0416394	-0.0668797	-0.111067	-0.157104	-0.220463	-0.28619	-0.344008	-0.377035	-0.365476	-0.286104	-0.138737	0.0613335	0.292372	0.504224	0.652953	0.713902	0.684152	0.575824	0.429628	0.262919	0.0837925	-0.0835587	-0.223887	-0.310985	-0.32733	-0.270093	-0.177007	-0.0817484	-0.0107863	0.0285734	0.0320603	0.00496528	-0.0353568	-0.0547615	-0.054929	-0.0285831	-0.00562853	0.00459416	-0.00463485	-0.0209048	-0.0228777	-0.0206065	-0.00905592	-0.00355797	-0.00725573	-0.0143605	-0.0167126	-0.0110112	-0.00542111	-0.00715525	-0.0135206	-0.0169796	-0.0120381	-0.00232138	-0.00497758	-0.010133	-0.0148858	-0.0158492	0.00686389	0.035052	0.0584481	0.0785376	0.0957017	0.136285	0.209395	0.302165	0.386195	0.411637	0.342657	0.169511	-0.0950317	-0.415805	-0.725606	-0.933582	-0.984865	-0.879227	-0.645543	-0.335556	0	
0	0.00012073	-0.00107546	0.000634933	-0.00186425	0.000717148	-0.000838406	-0.000583811	0.00135552	-0.00121193	0.00124547	0.000374817	-0.000831324	0.000562868	-0.00110618	-0.00207033	-0.00171759	-0.0049516	-0.00791989	-0.0148546	-0.027888	-0.0456229	-0.0772702	-0.117704	-0.167856	-0.239121	-0.309989	-0.371174	-0.406187	-0.391983	-0.310119	-0.159502	0.0544452	0.301845	0.529523	0.68976	0.766356	0.743592	0.635446	0.482601	0.303156	0.108181	-0.0729659	-0.222886	-0.322073	-0.345182	-0.29445	-0.202333	-0.104133	-0.0258629	0.021256	0.0295153	0.00256706	-0.0320573	-0.0508985	-0.0532362	-0.0367719	-0.0141693	0.00268248	-0.00727109	-0.0190211	-0.0232175	-0.0200553	-0.00977984	-0.00969642	-0.0102924	-0.0132813	-0.0126285	-0.0113274	-0.0124002	-0.0125654	-0.0115848	-0.0120427	-0.013828	-0.00748248	-0.00716927	-0.0118616	-0.0146487	-0.0123626	0.00811933	0.0357278	0.0611268	0.0781506	0.0995235	0.155153	0.236131	0.328963	0.413127	0.435167	0.357829	0.173624	-0.105733	-0.443881	-0.766672	-0.981458	-1.03762	-0.932344	-0.689834	-0.361547	0	
0	0.000278793	0.00033591	0.000703319	0.0004446	0.000470991	0.000284373	-0.000604081	-0.000501512	-0.00139757	-0.00192738	-0.000831324	-0.00252268	5.71336e-05	-0.00118467	-0.00141477	-0.000890545	-0.00629345	-0.00926891	-0.0161425	-0.0315291	-0.0483441	-0.0786317	-0.126518	-0.183327	-0.255953	-0.328276	-0.393399	-0.432016	-0.420622	-0.335592	-0.174415	0.0479921	0.304693	0.545072	0.723399	0.813582	0.79952	0.693422	0.538076	0.346455	0.136853	-0.0564736	-0.218036	-0.326969	-0.359596	-0.316061	-0.229487	-0.129603	-0.045085	0.0101762	0.0229608	-0.000461591	-0.0297472	-0.0442992	-0.0512376	-0.042727	-0.0206282	-0.00238866	-0.00741865	-0.0182786	-0.0212665	-0.0181316	-0.0137568	-0.0153737	-0.0164483	-0.0135951	-0.00738364	-0.0114969	-0.0190801	-0.0163146	-0.00756222	-0.00834829	-0.0154305	-0.0137953	-0.0136186	-0.0115105	-0.010788	-0.00984185	0.0101446	0.0360446	0.0575003	0.0760796	0.109669	0.177383	0.260366	0.350366	0.43432	0.456931	0.372524	0.172809	-0.121241	-0.467492	-0.794734	-1.01673	-1.08094	-0.975868	-0.725984	-0.384063	0	
0	-4.57712e-05	-0.000494716	-0.000287931	-0.000690659	-0.000374769	-0.000479328	-7.01586e-05	0.000700478	7.99697e-05	0.00177669	0.000562868	5.71336e-05	0.000659169	-0.00234444	-0.00280068	-0.00298647	-0.00805629	-0.00971945	-0.0184877	-0.0337158	-0.0544933	-0.0898648	-0.136817	-0.194393	-0.272419	-0.350288	-0.420097	-0.460039	-0.445408	-0.357651	-0.195768	0.0327053	0.301674	0.555688	0.746864	0.850619	0.847895	0.749405	0.592545	0.39071	0.1694	-0.0360999	-0.20798	-0.327031	-0.367328	-0.334608	-0.254457	-0.155621	-0.0652238	-0.00205899	0.01535	-0.00241981	-0.0256542	-0.0366931	-0.0479383	-0.0476979	-0.0288734	-0.0115138	-0.0127469	-0.0192084	-0.0199028	-0.0166626	-0.0155168	-0.0197253	-0.0197538	-0.0111033	-0.00182196	-0.0114779	-0.0275346	-0.0228204	-0.00621205	-0.00515673	-0.0160005	-0.0189587	-0.0162435	-0.0109037	-0.00972422	-0.00694884	0.0100541	0.0335155	0.0571553	0.0776801	0.117233	0.194822	0.284354	0.374478	0.454519	0.470878	0.377068	0.168474	-0.132039	-0.484287	-0.815877	-1.04174	-1.11011	-1.00645	-0.754962	-0.404296	0	
0	-0.000247531	-0.000153081	-0.000550046	-0.000170421	-0.000896019	-5.98245e-05	-0.00121288	-0.000992712	-0.000806351	-0.00232294	-0.00110618	-0.00118467	-0.00234444	-1.84479e-05	-0.00225585	-0.00248013	-0.00654943	-0.0093277	-0.0213868	-0.034089	-0.0560142	-0.0933477	-0.142166	-0.20737	-0.285652	-0.366806	-0.439091	-0.480215	-0.466563	-0.381018	-0.214102	0.0235533	0.298053	0.559724	0.764994	0.884329	0.894589	0.805411	0.649573	0.43964	0.20935	-0.00908348	-0.191539	-0.320206	-0.369795	-0.349945	-0.279938	-0.18484	-0.0906859	-0.0220572	0.0023359	-0.0100124	-0.0233774	-0.0322223	-0.0438524	-0.0491314	-0.0354901	-0.0190248	-0.0171114	-0.0169907	-0.0152971	-0.0141919	-0.0177334	-0.0255072	-0.0265901	-0.0122948	0.00114277	-0.0130565	-0.0324307	-0.0253483	-0.00401046	-3.89166e-05	-0.01798	-0.0272598	-0.0196368	-0.0118615	-0.00702512	-0.00027122	0.00997902	0.0279591	0.0521069	0.078796	0.130161	0.214993	0.306366	0.394161	0.467332	0.47832	0.380508	0.16418	-0.145538	-0.499264	-0.825051	-1.05075	-1.12639	-1.0278	-0.775486	-0.417605	0	
0	-0.000560058	0.00131795	-0.00113437	0.00121914	-0.000523528	-0.000237438	0.000145025	-0.00105884	-0.000766552	-0.000831377	-0.00207033	-0.00141477	-0.00280068	-0.00225585	-0.00448157	-0.00501756	-0.00746814	-0.0158947	-0.0218846	-0.0400526	-0.0648357	-0.101293	-0.150096	-0.220941	-0.301351	-0.386419	-0.461053	-0.50267	-0.491598	-0.402344	-0.23259	0.0067897	0.282167	0.55672	0.774108	0.907347	0.92899	0.856386	0.700842	0.489776	0.249142	0.021746	-0.173447	-0.308063	-0.368521	-0.361591	-0.303288	-0.213391	-0.118145	-0.04305	-0.0133728	-0.0143492	-0.0217736	-0.0255376	-0.0370075	-0.048473	-0.0394618	-0.0321578	-0.023601	-0.018759	-0.0139967	-0.0123157	-0.0209867	-0.0295226	-0.030357	-0.0119172	0.00341677	-0.0125162	-0.0366296	-0.0293523	-0.00241442	0.000311516	-0.0205873	-0.030358	-0.0235764	-0.0129795	-0.00232432	0.00229986	0.00734295	0.0248985	0.048417	0.080684	0.142499	0.232994	0.326965	0.411357	0.476774	0.482078	0.376999	0.152804	-0.157258	-0.503307	-0.823258	-1.05041	-1.12969	-1.03518	-0.786198	-0.425578	0	
0	0.000815502	-0.00211547	0.000853261	-0.00205897	-0.00128706	-0.00109325	-0.00270502	-0.00124578	-0.00206768	-0.00149121	-0.00171759	-0.000890545	-0.00298647	-0.00248013	-0.00501756	-0.00787152	-0.0101853	-0.0168724	-0.0251147	-0.0418842	-0.0670424	-0.106854	-0.163496	-0.234065	-0.314117	-0.40251	-0.481005	-0.523387	-0.511512	-0.422697	-0.254531	-0.0124993	0.268513	0.548833	0.774546	0.920153	0.96095	0.90272	0.752696	0.54105	0.296483	0.0570251	-0.147192	-0.289374	-0.360361	-0.368009	-0.322994	-0.241503	-0.148127	-0.0700869	-0.032626	-0.0235164	-0.0236052	-0.0221319	-0.0321293	-0.0438835	-0.0460329	-0.0435597	-0.0317998	-0.0214905	-0.0102878	-0.0120285	-0.021311	-0.0320739	-0.0340158	-0.0123343	0.00288488	-0.0137784	-0.0383034	-0.0305091	-0.0051092	-0.000794182	-0.0222854	-0.035618	-0.0241393	-0.010532	0.000180978	0.00517025	0.0051119	0.0155369	0.04057	0.0882464	0.161774	0.249696	0.341029	0.42482	0.483189	0.47759	0.36662	0.142951	-0.164176	-0.503494	-0.814523	-1.03593	-1.11592	-1.03026	-0.788541	-0.426835	0	
0	0.000239338	-0.00312544	-0.000478579	-0.00295961	-0.00270393	-0.00120039	-0.00375112	-0.0022194	-0.00321773	-0.00532851	-0.0049516	-0.00629345	-0.00805629	-0.00654943	-0.00746814	-0.0101853	-0.00932503	-0.0210323	-0.0286581	-0.0494756	-0.077732	-0.11593	-0.169855	-0.244879	-0.328448	-0.422997	-0.499643	-0.542809	-0.531493	-0.445668	-0.273161	-0.0320144	0.248115	0.530997	0.7682	0.925669	0.983636	0.941093	0.799683	0.593911	0.344367	0.0963857	-0.117792	-0.265465	-0.349398	-0.370921	-0.340149	-0.270642	-0.18136	-0.1037	-0.0564093	-0.0374054	-0.0295126	-0.0218758	-0.0261898	-0.0378137	-0.0498368	-0.0535259	-0.0395297	-0.0233676	-0.008757	-0.0103503	-0.021709	-0.0347584	-0.0370165	-0.0171431	-0.00229037	-0.0165432	-0.0375119	-0.0293023	-0.00599141	-0.0013387	-0.0238786	-0.0368302	-0.0262337	-0.0140364	0.0012006	0.00567672	0.00213648	0.0122065	0.0383143	0.0941222	0.175132	0.264189	0.355934	0.435087	0.48266	0.468092	0.353602	0.12994	-0.171012	-0.495384	-0.792932	-1.0088	-1.09003	-1.01355	-0.779178	-0.419214	0	
0	0.000635875	-0.000887213	0.00123921	-0.00292714	-0.000587849	-0.00483114	-0.00522007	-0.00580543	-0.00853748	-0.0076909	-0.00791989	-0.00926891	-0.00971945	-0.0093277	-0.0158947	-0.0168724	-0.0210323	-0.0331988	-0.037576	-0.0581839	-0.0859452	-0.12641	-0.188807	-0.26375	-0.349697	-0.443724	-0.521077	-0.565381	-0.558013	-0.468677	-0.298573	-0.0598873	0.218731	0.507489	0.748678	0.916363	0.993141	0.967736	0.839188	0.640808	0.39144	0.13476	-0.0848495	-0.240315	-0.335811	-0.369669	-0.354906	-0.296382	-0.217679	-0.138081	-0.0833838	-0.0529977	-0.0369346	-0.0231346	-0.0178502	-0.0312649	-0.0527148	-0.0629236	-0.0508165	-0.0307898	-0.0131988	-0.0138694	-0.0227381	-0.0365052	-0.0378262	-0.0182859	-0.00689661	-0.0156331	-0.0319131	-0.0289149	-0.0110513	-0.010015	-0.0300668	-0.0369289	-0.025877	-0.0106849	0.00590092	0.00396997	-0.00319201	0.00377481	0.032429	0.103068	0.194172	0.280954	0.364871	0.436143	0.477417	0.455012	0.335155	0.115739	-0.171342	-0.478597	-0.764017	-0.971531	-1.04928	-0.981558	-0.7587	-0.406284	0	
0	-0.00137695	-0.00633054	-0.00489527	-0.00899272	-0.00847191	-0.0094177	-0.00996218	-0.0105103	-0.0111856	-0.0124472	-0.0148546	-0.0161425	-0.0184877	-0.0213868	-0.0218846	-0.0251147	-0.0286581	-0.037576	-0.0463797	-0.0723215	-0.101667	-0.14275	-0.206979	-0.281479	-0.370529	-0.465556	-0.546328	-0.593864	-0.582342	-0.494464	-0.327291	-0.0919749	0.188293	0.473988	0.719208	0.897517	0.993919	0.983812	0.872454	0.686347	0.438525	0.177544	-0.0469348	-0.210401	-0.317106	-0.364275	-0.363913	-0.322888	-0.255	-0.179906	-0.117795	-0.0783221	-0.055733	-0.0309651	-0.0178249	-0.0289457	-0.0570746	-0.0712574	-0.0598234	-0.0380694	-0.0171955	-0.0125815	-0.0208384	-0.0352038	-0.0369422	-0.0265994	-0.0168579	-0.0206077	-0.0317103	-0.0256298	-0.0157676	-0.0163508	-0.0276309	-0.0344855	-0.0257062	-0.00992845	0.0011049	-0.00355717	-0.00727355	0.00138695	0.0344392	0.112754	0.209024	0.293213	0.367221	0.433113	0.470555	0.436825	0.311921	0.103076	-0.166426	-0.456068	-0.726023	-0.921225	-0.995497	-0.936886	-0.726469	-0.386738	0	
0	-0.00118391	-0.00453533	-0.00448194	-0.00919346	-0.0101055	-0.014128	-0.0172525	-0.0202992	-0.0232005	-0.0272289	-0.027888	-0.0315291	-0.0337158	-0.034089	-0.0400526	-0.0418842	-0.0494756	-0.0581839	-0.0723215	-0.0929551	-0.123297	-0.168451	-0.233542	-0.30717	-0.40181	-0.500331	-0.579478	-0.62456	-0.614844	-0.530835	-0.363352	-0.13057	0.144157	0.426594	0.676202	0.863297	0.974766	0.980643	0.891831	0.717966	0.476365	0.213413	-0.0126212	-0.186279	-0.302247	-0.360924	-0.375784	-0.351151	-0.297552	-0.22638	-0.158464	-0.111257	-0.077273	-0.0421507	-0.0170601	-0.0275465	-0.0585182	-0.0750748	-0.0703471	-0.0504727	-0.0289345	-0.0193974	-0.0244919	-0.0369979	-0.040052	-0.0328983	-0.024643	-0.0227812	-0.0237569	-0.0225574	-0.0218352	-0.0243474	-0.0338053	-0.0349124	-0.0234893	-0.00936574	-0.00116603	-0.00807645	-0.0129571	-0.00221962	0.0385213	0.12254	0.219415	0.302027	0.37064	0.426881	0.452855	0.412629	0.290952	0.0928706	-0.158615	-0.425758	-0.676788	-0.860842	-0.932247	-0.878644	-0.680836	-0.361404	0	
0	-0.00536392	-0.00751874	-0.0144521	-0.0172007	-0.0212616	-0.0273187	-0.0284659	-0.0352242	-0.0370696	-0.0416394	-0.0456229	-0.0483441	-0.0544933	-0.0560142	-0.0648357	-0.0670424	-0.077732	-0.0859452	-0.101667	-0.123297	-0.156744	-0.203982	-0.26844	-0.35046	-0.447395	-0.539896	-0.620577	-0.670517	-0.66094	-0.574586	-0.412198	-0.184047	0.0874144	0.368098	0.615404	0.810232	0.935431	0.960955	0.894294	0.736311	0.504945	0.246563	0.0187682	-0.163394	-0.287126	-0.356261	-0.386296	-0.37913	-0.341374	-0.277283	-0.208299	-0.155207	-0.110239	-0.0633071	-0.028228	-0.037233	-0.0647979	-0.0828994	-0.0836305	-0.0678633	-0.0448241	-0.0264917	-0.0272938	-0.0368499	-0.0412606	-0.0400801	-0.033963	-0.0273753	-0.023971	-0.0235984	-0.0281168	-0.0337931	-0.0359426	-0.0323489	-0.0213027	-0.00810628	-0.00621258	-0.0171474	-0.020689	-0.00191729	0.0467443	0.128672	0.228229	0.313724	0.367253	0.407956	0.431611	0.389964	0.268226	0.0846095	-0.142335	-0.388156	-0.621445	-0.79149	-0.857062	-0.806229	-0.624369	-0.33291	0	
0	-0.00843069	-0.0137242	-0.0242057	-0.0283549	-0.0370449	-0.04379	-0.0481707	-0.0569971	-0.0617905	-0.0668797	-0.0772702	-0.0786317	-0.0898648	-0.0933477	-0.101293	-0.106854	-0.11593	-0.12641	-0.14275	-0.168451	-0.203982	-0.255704	-0.320179	-0.40361	-0.496281	-0.593217	-0.680684	-0.727987	-0.716715	-0.632737	-0.473956	-0.246024	0.0159402	0.290999	0.536205	0.741479	0.872716	0.919573	0.873864	0.736627	0.518067	0.268711	0.0403819	-0.149548	-0.277973	-0.359905	-0.402528	-0.414006	-0.392122	-0.337216	-0.273104	-0.212541	-0.157493	-0.0953692	-0.0520609	-0.0560731	-0.0740326	-0.0925056	-0.0980001	-0.0892496	-0.0655108	-0.0393335	-0.0354241	-0.0420747	-0.0480335	-0.0503864	-0.0443958	-0.0344278	-0.0282228	-0.0266446	-0.0336787	-0.0399343	-0.0376031	-0.0318964	-0.0191776	-0.00975081	-0.0156337	-0.0286831	-0.028552	0.00235676	0.0593666	0.138553	0.23437	0.311387	0.355191	0.391325	0.407678	0.361818	0.249253	0.0832433	-0.123605	-0.34577	-0.554948	-0.711804	-0.774293	-0.72371	-0.557255	-0.29894	0	
0	-0.0106196	-0.0216382	-0.0330722	-0.0419642	-0.0566072	-0.0635958	-0.0779915	-0.0884577	-0.0971273	-0.111067	-0.117704	-0.126518	-0.136817	-0.142166	-0.150096	-0.163496	-0.169855	-0.188807	-0.206979	-0.233542	-0.26844	-0.320179	-0.384736	-0.473674	-0.569114	-0.671158	-0.755069	-0.799199	-0.787879	-0.709053	-0.551621	-0.331082	-0.0729701	0.195882	0.440585	0.644373	0.7843	0.852522	0.827777	0.711293	0.509594	0.276263	0.0450912	-0.14508	-0.281892	-0.372324	-0.428854	-0.457087	-0.448938	-0.409657	-0.34971	-0.28686	-0.218186	-0.141783	-0.0926484	-0.0848612	-0.0930076	-0.108533	-0.118105	-0.119412	-0.093823	-0.0626498	-0.0541201	-0.054184	-0.0624947	-0.0629102	-0.0526715	-0.0444511	-0.0354588	-0.0325497	-0.0404125	-0.0438985	-0.0437222	-0.037881	-0.0210911	-0.0157129	-0.0238074	-0.035035	-0.0316702	0.00896683	0.0691795	0.141899	0.231648	0.305424	0.347078	0.371993	0.374389	0.331207	0.234068	0.0876688	-0.095712	-0.294566	-0.484048	-0.627294	-0.681641	-0.630443	-0.482832	-0.26097	0	
0	-0.016008	-0.0366375	-0.0492794	-0.0699965	-0.0840882	-0.0997934	-0.116705	-0.128493	-0.143711	-0.157104	-0.167856	-0.183327	-0.194393	-0.20737	-0.220941	-0.234065	-0.244879	-0.26375	-0.281479	-0.30717	-0.35046	-0.40361	-0.473674	-0.563473	-0.659236	-0.758335	-0.840684	-0.889153	-0.883019	-0.803792	-0.644857	-0.429342	-0.178323	0.0802479	0.322826	0.524761	0.675407	0.75801	0.754275	0.658667	0.483813	0.263288	0.0368378	-0.152774	-0.294655	-0.394395	-0.464367	-0.50526	-0.51405	-0.490669	-0.441567	-0.377911	-0.297074	-0.211213	-0.154488	-0.133085	-0.130543	-0.138344	-0.152409	-0.158197	-0.130688	-0.0982446	-0.0782748	-0.0754111	-0.0820146	-0.0748431	-0.0668461	-0.0594	-0.0543289	-0.0526704	-0.0496978	-0.0501305	-0.0509326	-0.0404704	-0.023857	-0.0221365	-0.0328004	-0.0466186	-0.038311	0.0132021	0.078873	0.148906	0.22927	0.294632	0.328962	0.340701	0.338244	0.307793	0.228301	0.0994052	-0.0644461	-0.241023	-0.406837	-0.532674	-0.580181	-0.533077	-0.404563	-0.217398	0	
0	-0.0241661	-0.0484798	-0.0711855	-0.0961089	-0.116066	-0.140794	-0.159849	-0.181745	-0.201629	-0.220463	-0.239121	-0.255953	-0.272419	-0.285652	-0.301351	-0.314117	-0.328448	-0.349697	-0.370529	-0.40181	-0.447395	-0.496281	-0.569114	-0.659236	-0.753021	-0.856409	-0.944818	-0.992137	-0.98075	-0.900613	-0.748273	-0.53959	-0.296219	-0.0429829	0.194943	0.392133	0.547509	0.643065	0.658149	0.586294	0.437096	0.230936	0.0140584	-0.17236	-0.320346	-0.430427	-0.512385	-0.565357	-0.591559	-0.586883	-0.551211	-0.489227	-0.398248	-0.306262	-0.236575	-0.200777	-0.183701	-0.182718	-0.197378	-0.202123	-0.179965	-0.145593	-0.120175	-0.115607	-0.114176	-0.101763	-0.0890775	-0.0827288	-0.0836882	-0.0745311	-0.0596164	-0.0559303	-0.0585227	-0.0520378	-0.0387424	-0.0379121	-0.0462531	-0.0552349	-0.0370289	0.0224304	0.0856429	0.148793	0.218817	0.271757	0.301347	0.314298	0.311415	0.284142	0.220961	0.116835	-0.0232854	-0.177755	-0.324482	-0.435712	-0.474022	-0.431199	-0.323258	-0.170499	0	
0	-0.0317473	-0.0615147	-0.093875	-0.123275	-0.152759	-0.183589	-0.208505	-0.238671	-0.26173	-0.28619	-0.309989	-0.328276	-0.350288	-0.366806	-0.386419	-0.40251	-0.422997	-0.443724	-0.465556	-0.500331	-0.539896	-0.593217	-0.671158	-0.758335	-0.856409	-0.964346	-1.04494	-1.08942	-1.08313	-1.00664	-0.856667	-0.651703	-0.415213	-0.167818	0.0589428	0.250167	0.409587	0.515791	0.544484	0.497051	0.372791	0.184731	-0.017356	-0.199617	-0.352171	-0.472462	-0.563651	-0.629078	-0.672864	-0.687312	-0.669208	-0.610294	-0.519007	-0.421443	-0.339596	-0.290122	-0.259657	-0.252263	-0.259835	-0.263261	-0.246092	-0.211271	-0.183062	-0.171417	-0.158794	-0.137186	-0.118631	-0.116322	-0.123638	-0.108294	-0.0823492	-0.0725371	-0.0738294	-0.0715806	-0.0601914	-0.0541864	-0.0601078	-0.0628411	-0.0334091	0.0231098	0.0808203	0.144688	0.203733	0.245217	0.27496	0.283842	0.276735	0.263415	0.226543	0.145794	0.0252489	-0.111388	-0.242089	-0.33443	-0.360531	-0.328083	-0.244256	-0.123251	0	
0	-0.0385108	-0.0755447	-0.11421	-0.150132	-0.186069	-0.221929	-0.252833	-0.287412	-0.31473	-0.344008	-0.371174	-0.393399	-0.420097	-0.439091	-0.461053	-0.481005	-0.499643	-0.521077	-0.546328	-0.579478	-0.620577	-0.680684	-0.755069	-0.840684	-0.944818	-1.04494	-1.12626	-1.17646	-1.17134	-1.09238	-0.946725	-0.74492	-0.515801	-0.279376	-0.0644243	0.124402	0.284374	0.391442	0.432089	0.409608	0.307273	0.139537	-0.0459768	-0.221265	-0.37947	-0.507795	-0.610262	-0.689146	-0.751381	-0.787282	-0.787793	-0.739676	-0.65559	-0.554717	-0.461785	-0.398761	-0.359033	-0.342447	-0.337281	-0.337774	-0.323881	-0.292683	-0.265299	-0.244939	-0.221626	-0.190425	-0.166425	-0.169245	-0.177191	-0.154526	-0.119022	-0.0972738	-0.0966628	-0.100332	-0.0891253	-0.0814335	-0.0818329	-0.0701259	-0.0346352	0.01715	0.0741474	0.132911	0.181186	0.215732	0.237028	0.244352	0.251926	0.25686	0.238117	0.17944	0.0790136	-0.0416846	-0.154203	-0.22728	-0.248197	-0.22996	-0.167114	-0.0756463	0	
0	-0.0415407	-0.0852457	-0.124509	-0.165647	-0.204984	-0.24096	-0.278548	-0.312416	-0.344689	-0.377035	-0.406187	-0.432016	-0.460039	-0.480215	-0.50267	-0.523387	-0.542809	-0.565381	-0.593864	-0.62456	-0.670517	-0.727987	-0.799199	-0.889153	-0.992137	-1.08942	-1.17646	-1.22834	-1.21857	-1.1412	-0.99805	-0.804615	-0.584275	-0.356472	-0.147528	0.0325205	0.184429	0.289776	0.346116	0.340216	0.256646	0.109972	-0.053002	-0.224062	-0.383494	-0.52174	-0.634513	-0.730797	-0.811352	-0.870268	-0.891234	-0.862623	-0.793311	-0.692642	-0.591706	-0.518625	-0.474935	-0.445384	-0.428106	-0.422883	-0.412446	-0.39009	-0.364571	-0.3387	-0.304156	-0.263177	-0.236814	-0.239399	-0.242395	-0.214683	-0.170911	-0.138391	-0.135491	-0.141707	-0.132006	-0.121564	-0.108958	-0.0816239	-0.0412164	0.00762014	0.0566346	0.105147	0.15075	0.18002	0.191276	0.207128	0.236332	0.257083	0.255028	0.218061	0.138441	0.0367824	-0.0603322	-0.124492	-0.142972	-0.13208	-0.0921501	-0.0363681	0	
0	-0.0397078	-0.0769568	-0.118065	-0.153967	-0.194024	-0.229293	-0.266526	-0.300546	-0.332978	-0.365476	-0.391983	-0.420622	-0.445408	-0.466563	-0.491598	-0.511512	-0.531493	-0.558013	-0.582342	-0.614844	-0.66094	-0.716715	-0.787879	-0.883019	-0.98075	-1.08313	-1.17134	-1.21857	-1.20689	-1.13798	-1.00087	-0.811306	-0.593165	-0.375235	-0.18091	-0.0112006	0.13265	0.238862	0.300259	0.304646	0.237305	0.118291	-0.0274406	-0.190811	-0.350091	-0.494603	-0.620935	-0.735617	-0.834792	-0.916502	-0.9595	-0.959458	-0.909122	-0.815875	-0.710238	-0.637526	-0.589972	-0.551364	-0.523326	-0.512582	-0.508485	-0.493881	-0.47633	-0.445446	-0.401815	-0.354875	-0.326427	-0.325177	-0.319672	-0.290418	-0.242114	-0.203762	-0.196466	-0.19772	-0.189988	-0.17275	-0.141075	-0.103034	-0.0603219	-0.0138916	0.0227127	0.06286	0.111175	0.136378	0.144046	0.173927	0.222102	0.260081	0.280939	0.267858	0.205743	0.116755	0.031092	-0.0243758	-0.0406037	-0.038843	-0.02618	-0.00687648	0	
0	-0.0303556	-0.0596229	-0.0903549	-0.119058	-0.148652	-0.177347	-0.204877	-0.23329	-0.258881	-0.286104	-0.310119	-0.335592	-0.357651	-0.381018	-0.402344	-0.422697	-0.445668	-0.468677	-0.494464	-0.530835	-0.574586	-0.632737	-0.709053	-0.803792	-0.900613	-1.00664	-1.09238	-1.1412	-1.13798	-1.07294	-0.933623	-0.746669	-0.539597	-0.336177	-0.148737	0.0134501	0.14591	0.246126	0.30912	0.321281	0.272511	0.17745	0.0472868	-0.102681	-0.256976	-0.405875	-0.548479	-0.680308	-0.800068	-0.903074	-0.974223	-1.00758	-0.983467	-0.903403	-0.804942	-0.7381	-0.689403	-0.644452	-0.607811	-0.595513	-0.592977	-0.589965	-0.581255	-0.551585	-0.507415	-0.459164	-0.433455	-0.423829	-0.410603	-0.379656	-0.33165	-0.293572	-0.275064	-0.272271	-0.263382	-0.232818	-0.190228	-0.142795	-0.0939289	-0.0545184	-0.0282971	0.00904819	0.0579167	0.0828249	0.0950348	0.137246	0.207358	0.276154	0.321992	0.320737	0.268604	0.196781	0.128861	0.0763932	0.0493323	0.0384208	0.0312337	0.0208243	0	
0	-0.0118777	-0.0241718	-0.0358845	-0.0502204	-0.061041	-0.078552	-0.0895864	-0.107823	-0.12318	-0.138737	-0.159502	-0.174415	-0.195768	-0.214102	-0.23259	-0.254531	-0.273161	-0.298573	-0.327291	-0.363352	-0.412198	-0.473956	-0.551621	-0.644857	-0.748273	-0.856667	-0.946725	-0.99805	-1.00087	-0.933623	-0.799595	-0.621339	-0.426166	-0.225491	-0.0445482	0.102477	0.220546	0.318246	0.379431	0.395603	0.362301	0.287086	0.174513	0.04345	-0.102427	-0.254402	-0.411062	-0.55797	-0.697982	-0.820929	-0.923274	-0.989672	-0.994668	-0.934646	-0.853394	-0.79663	-0.748119	-0.701063	-0.66324	-0.651205	-0.651925	-0.660149	-0.663031	-0.644561	-0.606757	-0.566433	-0.542565	-0.524373	-0.506038	-0.474281	-0.434966	-0.399958	-0.375249	-0.366657	-0.347488	-0.308855	-0.25581	-0.199432	-0.154032	-0.117221	-0.0927908	-0.0624379	-0.0171564	0.0150959	0.0439446	0.104402	0.198702	0.297916	0.363217	0.372206	0.337099	0.284806	0.223812	0.163746	0.12638	0.105362	0.0778388	0.0408185	0	
0	0.0138555	0.0247185	0.0386307	0.0475311	0.056708	0.0632848	0.0671806	0.0672928	0.0674931	0.0613335	0.0544452	0.0479921	0.0327053	0.0235533	0.0067897	-0.0124993	-0.0320144	-0.0598873	-0.0919749	-0.13057	-0.184047	-0.246024	-0.331082	-0.429342	-0.53959	-0.651703	-0.74492	-0.804615	-0.811306	-0.746669	-0.621339	-0.453829	-0.259517	-0.0634357	0.103802	0.234279	0.349876	0.440873	0.49477	0.511927	0.496282	0.43591	0.346337	0.236323	0.105649	-0.0458892	-0.208208	-0.36859	-0.524222	-0.667785	-0.79844	-0.895522	-0.929668	-0.897428	-0.842313	-0.795933	-0.751667	-0.705664	-0.674145	-0.663864	-0.667794	-0.685611	-0.702101	-0.703068	-0.682478	-0.656499	-0.633932	-0.612696	-0.592014	-0.564253	-0.539175	-0.511982	-0.490059	-0.474757	-0.442994	-0.396179	-0.33575	-0.279594	-0.237433	-0.202541	-0.18299	-0.155918	-0.109775	-0.0636376	-0.0112185	0.0696979	0.19106	0.320264	0.403217	0.428424	0.412226	0.367395	0.304459	0.242656	0.19705	0.155294	0.106409	0.0548581	0	
0	0.0399987	0.0814877	0.117287	0.154946	0.186167	0.215829	0.24144	0.262326	0.280563	0.292372	0.301845	0.304693	0.301674	0.298053	0.282167	0.268513	0.248115	0.218731	0.188293	0.144157	0.0874144	0.0159402	-0.0729701	-0.178323	-0.296219	-0.415213	-0.515801	-0.584275	-0.593165	-0.539597	-0.426166	-0.259517	-0.0683219	0.11448	0.268622	0.397393	0.506492	0.583657	0.628909	0.655312	0.649555	0.602844	0.537967	0.454934	0.344036	0.201539	0.0419119	-0.126307	-0.292679	-0.45477	-0.608007	-0.729487	-0.79154	-0.794327	-0.766311	-0.734326	-0.693942	-0.656413	-0.632781	-0.624142	-0.631528	-0.651055	-0.68272	-0.706221	-0.711054	-0.702859	-0.684723	-0.668489	-0.654028	-0.639786	-0.628808	-0.617176	-0.605552	-0.580721	-0.538426	-0.484936	-0.4251	-0.381017	-0.347695	-0.316608	-0.295125	-0.266295	-0.220411	-0.157895	-0.0758307	0.0357307	0.185276	0.334427	0.438921	0.489062	0.483191	0.437636	0.37758	0.314494	0.248953	0.179872	0.121556	0.0698456	0	
0	0.06188	0.123462	0.182963	0.242154	0.296246	0.349503	0.396396	0.438331	0.476327	0.504224	0.529523	0.545072	0.555688	0.559724	0.55672	0.548833	0.530997	0.507489	0.473988	0.426594	0.368098	0.290999	0.195882	0.0802479	-0.0429829	-0.167818	-0.279376	-0.356472	-0.375235	-0.336177	-0.225491	-0.0634357	0.11448	0.287096	0.440414	0.562489	0.657832	0.723303	0.769622	0.799006	0.794782	0.762997	0.725588	0.670817	0.581928	0.458835	0.308516	0.140274	-0.033961	-0.211116	-0.378803	-0.517998	-0.60655	-0.64319	-0.640616	-0.619334	-0.585854	-0.555746	-0.535381	-0.528716	-0.532022	-0.552227	-0.59627	-0.644708	-0.682198	-0.691781	-0.6839	-0.679178	-0.6783	-0.67836	-0.681389	-0.689197	-0.691055	-0.670262	-0.623011	-0.566927	-0.523317	-0.495293	-0.472143	-0.449846	-0.42723	-0.395202	-0.342231	-0.261746	-0.152523	-0.00462669	0.173506	0.34177	0.4724	0.542013	0.541568	0.501476	0.440333	0.362304	0.277196	0.191172	0.124906	0.0727111	0	
0	0.0779171	0.155146	0.230752	0.302917	0.3741	0.437834	0.501002	0.556124	0.606749	0.652953	0.68976	0.723399	0.746864	0.764994	0.774108	0.774546	0.7682	0.748678	0.719208	0.676202	0.615404	0.536205	0.440585	0.322826	0.194943	0.0589428	-0.0644243	-0.147528	-0.18091	-0.148737	-0.0445482	0.103802	0.268622	0.440414	0.585477	0.696951	0.780572	0.841713	0.882804	0.907235	0.902993	0.889001	0.875012	0.845151	0.784271	0.689569	0.557611	0.3977	0.220437	0.0380012	-0.135618	-0.284327	-0.396331	-0.460073	-0.476353	-0.468662	-0.444864	-0.421854	-0.402724	-0.394194	-0.392151	-0.408314	-0.457602	-0.527285	-0.587803	-0.612049	-0.617241	-0.62717	-0.647043	-0.664732	-0.682517	-0.710876	-0.733278	-0.723121	-0.67798	-0.63282	-0.60871	-0.602448	-0.601581	-0.588653	-0.567355	-0.534153	-0.47172	-0.376427	-0.237043	-0.0489418	0.155249	0.343473	0.49413	0.575692	0.588706	0.556797	0.480853	0.380665	0.28428	0.190213	0.113724	0.0600191	0	
0	0.0799218	0.157446	0.236982	0.312596	0.387476	0.460242	0.529522	0.594772	0.658305	0.713902	0.766356	0.813582	0.850619	0.884329	0.907347	0.920153	0.925669	0.916363	0.897517	0.863297	0.810232	0.741479	0.644373	0.524761	0.392133	0.250167	0.124402	0.0325205	-0.0112006	0.0134501	0.102477	0.234279	0.397393	0.562489	0.696951	0.797806	0.874781	0.926599	0.961051	0.977062	0.975714	0.974147	0.976689	0.970358	0.942244	0.881257	0.773342	0.626788	0.452915	0.27097	0.0971045	-0.0619884	-0.19344	-0.275197	-0.308641	-0.316266	-0.306644	-0.285148	-0.26126	-0.245223	-0.231282	-0.238174	-0.284549	-0.362457	-0.434409	-0.470951	-0.490577	-0.5208	-0.56225	-0.594854	-0.627316	-0.67047	-0.710693	-0.719103	-0.688872	-0.662287	-0.663449	-0.686959	-0.709978	-0.715339	-0.710238	-0.674765	-0.594571	-0.479514	-0.315912	-0.102479	0.12679	0.336132	0.497753	0.594468	0.62461	0.588233	0.492394	0.374549	0.266171	0.167609	0.0901554	0.0410689	0	
0	0.0697431	0.140085	0.209715	0.279411	0.349884	0.418098	0.487884	0.554818	0.620745	0.684152	0.743592	0.79952	0.847895	0.894589	0.92899	0.96095	0.983636	0.993141	0.993919	0.974766	0.935431	0.872716	0.7843	0.675407	0.547509	0.409587	0.284374	0.184429	0.13265	0.14591	0.220546	0.349876	0.506492	0.657832	0.780572	0.874781	0.941207	0.985086	1.00745	1.01303	1.01105	1.01382	1.0253	1.03888	1.04431	1.01535	0.935144	0.806673	0.643297	0.469072	0.294447	0.126347	-0.0163418	-0.107299	-0.154133	-0.182866	-0.185311	-0.163653	-0.132258	-0.103333	-0.0778034	-0.0715543	-0.108008	-0.17932	-0.247634	-0.291672	-0.32731	-0.376076	-0.43352	-0.478438	-0.51731	-0.565866	-0.617569	-0.643224	-0.640629	-0.645416	-0.677412	-0.734385	-0.786083	-0.814666	-0.822045	-0.783208	-0.692562	-0.562375	-0.384901	-0.158819	0.0918524	0.320642	0.495004	0.604062	0.633452	0.584215	0.477434	0.343911	0.220019	0.122801	0.0543721	0.0168187	0	
0	0.0556856	0.111057	0.167617	0.224995	0.28186	0.341303	0.399722	0.458145	0.51883	0.575824	0.635446	0.693422	0.749405	0.805411	0.856386	0.90272	0.941093	0.967736	0.983812	0.980643	0.960955	0.919573	0.852522	0.75801	0.643065	0.515791	0.391442	0.289776	0.238862	0.246126	0.318246	0.440873	0.583657	0.723303	0.841713	0.926599	0.985086	1.01608	1.02154	1.01771	1.01289	1.01083	1.0231	1.05635	1.08959	1.09128	1.04054	0.937008	0.793531	0.628985	0.453889	0.278406	0.133264	0.0388409	-0.0251115	-0.0745363	-0.0904733	-0.0704292	-0.0317414	0.00692108	0.0446148	0.062338	0.0408977	-0.00781516	-0.061628	-0.106731	-0.152961	-0.213974	-0.277049	-0.323697	-0.36356	-0.409747	-0.464184	-0.511995	-0.545108	-0.584397	-0.646507	-0.727233	-0.801224	-0.854115	-0.880045	-0.851274	-0.755192	-0.608977	-0.426264	-0.197483	0.0667767	0.308559	0.488916	0.594764	0.612636	0.553433	0.435736	0.285323	0.148866	0.0539563	0.0045286	-0.00628878	0	
0	0.0391305	0.0776896	0.117981	0.156539	0.198754	0.239447	0.283975	0.329907	0.377981	0.429628	0.482601	0.538076	0.592545	0.649573	0.700842	0.752696	0.799683	0.839188	0.872454	0.891831	0.894294	0.873864	0.827777	0.754275	0.658149	0.544484	0.432089	0.346116	0.300259	0.30912	0.379431	0.49477	0.628909	0.769622	0.882804	0.961051	1.00745	1.02154	1.01439	1.0063	0.988781	0.970954	0.985248	1.03305	1.08607	1.11349	1.09554	1.02469	0.905232	0.753191	0.5765	0.400285	0.257124	0.156144	0.0744129	0.00369298	-0.0259881	-0.0134703	0.0251619	0.0716688	0.118634	0.148434	0.1516	0.13493	0.105432	0.0671444	0.0132023	-0.0533862	-0.117422	-0.16502	-0.199581	-0.236354	-0.286544	-0.343492	-0.403966	-0.476461	-0.561938	-0.662531	-0.761769	-0.836661	-0.876258	-0.854359	-0.755817	-0.602747	-0.416973	-0.192705	0.0623789	0.302535	0.483745	0.577824	0.579257	0.503204	0.363774	0.198502	0.0566895	-0.0344988	-0.054869	-0.0259412	0	
