0	0	0	0	0	0	0	0	0	0	0	0	0	0	0	0	0	0	0	0	0	0	0	0	0	0	0	0	0	0	0	0	0	0	0	0	0	0	0	0	0	0	0	0	0	0	0	0	0	0	0	0	0	0	0	0	0	0	0	0	0	0	0	0	0	0	0	0	0	0	0	0	0	0	0	0	0	0	0	0	0	0	0	0	0	0	0	0	0	0	0	0	0	0	0	0	0	0	0	0	
0	-0.00224714	-0.00139425	8.25261e-05	-0.00422227	0.00292403	0.00263205	0.00133829	0.000738719	-0.00175197	0.000127368	0.00055629	0.000826348	-0.0049101	-0.00293317	0.00259176	-0.00270387	-0.00367052	0.00124345	-0.000908124	-0.00307254	0.000696419	0.00190258	-0.00186907	-0.00170279	0.00115724	0.00251886	-0.000861266	-0.00428298	0.00201322	0.0040948	-0.00153418	-0.00582899	0.00016014	0.00263222	0.00213505	-0.00347996	-0.00740602	-0.00574381	0.00336596	0.00616216	-0.00386733	-0.0135371	-0.0154435	-0.00961421	-0.000432718	0.00693216	0.0111906	-0.00541909	-0.027125	-0.0495869	-0.0608667	-0.0581127	-0.0529972	-0.0284284	0.00648786	0.0464584	0.0825017	0.106679	0.117392	0.125841	0.125977	0.103663	0.0735277	0.0251843	-0.0312597	-0.073702	-0.107031	-0.125169	-0.13251	-0.134093	-0.12192	-0.0935732	-0.0538755	-0.00982823	0.0420373	0.0902421	0.114335	0.124328	0.127186	0.116072	0.0974298	0.0715331	0.0330923	-0.00928442	-0.0427805	-0.0576411	-0.0573145	-0.0555226	-0.0461728	-0.0176662	0.0104828	0.0151087	0.0042728	-0.00533	-0.00969227	-0.00825248	-0.00206412	0.00194163	0	
0	-0.00139425	0.00449641	0.000530884	-0.00125974	0.00263689	-0.00619594	-0.00317529	0.00131311	0.000566203	-0.00257764	-0.000127826	0.00142951	0.000693493	0.00295597	0.0020775	-0.00352573	0.000359927	0.00400152	-0.00025944	-0.00655096	0.0012681	0.0019507	-0.00618118	-0.00367091	-0.00242067	0.00291045	-0.00662076	-0.00929562	-0.000551766	0.0043014	-0.00661894	-0.0135413	-0.00230558	0.00171371	0.00140656	-0.00895711	-0.0154681	-0.010984	0.00571981	0.0117035	-0.00691313	-0.0240859	-0.026136	-0.0149721	0.00333073	0.0184032	0.0213108	-0.0067125	-0.0576533	-0.0967884	-0.123752	-0.120561	-0.105777	-0.0601471	0.0130909	0.0950568	0.168161	0.214604	0.240764	0.252583	0.243619	0.206762	0.142104	0.0427205	-0.0576021	-0.141523	-0.214564	-0.253354	-0.265443	-0.26209	-0.23782	-0.189575	-0.113274	-0.0182891	0.0870682	0.176458	0.223445	0.247906	0.254908	0.231732	0.193975	0.142832	0.067437	-0.0162855	-0.0826459	-0.112969	-0.114197	-0.110603	-0.0909492	-0.0360039	0.0176691	0.0278778	0.00869043	-0.00943175	-0.0180699	-0.0158587	-0.00496785	0.00248104	0	
0	8.25261e-05	0.000530884	0.000712417	-0.00228442	0.0036534	-0.00181257	-0.00157009	0.0014236	-0.000528821	-0.00190175	-0.000672152	0.0012345	-0.00678444	-0.00308165	0.00328041	-0.0040836	-0.00357041	0.00178202	-0.00130439	-0.00600931	0.00207776	0.00271926	-0.00537294	-0.00275858	0.000221531	0.00453641	-0.00525276	-0.00893771	0.00243894	0.00696218	-0.00685625	-0.0137784	-0.00130658	0.00487144	0.00184864	-0.0103189	-0.0198825	-0.0127724	0.00817866	0.0131618	-0.0115482	-0.0363238	-0.0382312	-0.0234432	0.00172512	0.0221708	0.0236068	-0.0186113	-0.0873632	-0.146335	-0.178509	-0.175769	-0.14957	-0.0795051	0.0250839	0.146012	0.249195	0.318153	0.35709	0.373856	0.363075	0.305568	0.206501	0.0630487	-0.0879916	-0.214369	-0.316696	-0.373937	-0.39429	-0.391527	-0.356093	-0.279555	-0.165442	-0.029873	0.121714	0.2566	0.333937	0.370283	0.376624	0.345347	0.29228	0.214788	0.102737	-0.0194776	-0.116332	-0.163539	-0.170144	-0.164637	-0.133091	-0.055751	0.0186399	0.0362045	0.0132265	-0.011322	-0.0240533	-0.0223113	-0.00927207	0.000695044	0	
0	-0.00422227	-0.00125974	-0.00228442	-0.00466237	0.00202674	0.000918941	0.00484285	0.000918763	-0.00482641	6.96033e-05	-1.87305e-05	-0.000582293	-0.00195498	-0.00125216	0.000104593	-0.00500653	-0.00465503	0.00368689	-0.00574059	-0.00477388	-0.00130623	0.000423574	-0.00727171	-0.00441401	-0.00161967	0.000669308	-0.00755503	-0.0102267	0.000330083	0.00336558	-0.0103915	-0.0154371	-0.00346198	0.0020739	-0.00125073	-0.015815	-0.0230233	-0.0161484	0.00805904	0.00931331	-0.018081	-0.0447159	-0.0476832	-0.0263502	0.00191588	0.0266744	0.0236573	-0.0330162	-0.115904	-0.192211	-0.230873	-0.227267	-0.189365	-0.0964415	0.0421772	0.195418	0.330066	0.421993	0.471558	0.494505	0.477334	0.399275	0.264815	0.0794939	-0.119267	-0.291911	-0.417511	-0.486268	-0.517925	-0.514547	-0.465458	-0.369755	-0.224761	-0.0416832	0.157049	0.328372	0.435372	0.488291	0.49591	0.458164	0.389883	0.286097	0.14061	-0.0161729	-0.141504	-0.207841	-0.224138	-0.216329	-0.171717	-0.0778351	0.011205	0.0384463	0.017534	-0.0104966	-0.0270057	-0.0273299	-0.0150265	-0.00350297	0	
0	0.00292403	0.00263689	0.0036534	0.00202674	-0.000884561	-0.0048205	-0.00840507	-0.00230159	0.0010538	0.000551985	-0.00110002	-0.00160492	0.000344758	0.000601585	-0.00123764	0.000856412	-0.00132913	0.000187508	-0.00299419	-0.00305705	-0.000206237	-0.00401456	-0.00433544	-0.00497989	-0.00253595	-0.00331608	-0.00818744	-0.00837509	-0.00301361	-0.000854443	-0.013171	-0.0127824	-0.00708405	0.000495094	-0.00741137	-0.0165346	-0.0250124	-0.0135993	0.00542923	0.00434617	-0.0224219	-0.049039	-0.0490934	-0.0261927	0.00416254	0.0299898	0.013714	-0.0498513	-0.150651	-0.237125	-0.280186	-0.279114	-0.221264	-0.105743	0.0632087	0.252525	0.414509	0.524969	0.591764	0.610992	0.577621	0.481755	0.30818	0.0837031	-0.148281	-0.353199	-0.506495	-0.602727	-0.642638	-0.629349	-0.56935	-0.455526	-0.279085	-0.0557359	0.181398	0.389222	0.531167	0.60137	0.609914	0.568657	0.486586	0.357222	0.181935	-0.00480005	-0.1563	-0.244361	-0.274498	-0.264037	-0.206515	-0.103159	-0.0057467	0.03352	0.0208111	-0.00712078	-0.0268742	-0.0308627	-0.0216329	-0.00923023	0	
0	0.00263205	-0.00619594	-0.00181257	0.000918941	-0.0048205	0.00609921	0.00221033	5.4163e-05	0.00108597	-0.00428862	-0.00372771	-0.00248303	-0.00249083	-0.0034923	-0.00588776	-0.00154319	-0.0031899	-0.00616999	-0.00107645	-0.00355468	-0.00157013	-0.00651237	-0.000105371	-0.00440018	-0.00220713	-0.00549105	-0.0044017	-0.00398129	-0.0041324	-0.00424368	-0.0105164	-0.00702569	-0.00810209	-0.0013325	-0.0119448	-0.0152142	-0.0234031	-0.0105315	-0.0013408	-0.0060619	-0.0298421	-0.0540724	-0.0517233	-0.0303656	0.000332668	0.0204145	-0.00710275	-0.0776345	-0.185777	-0.276547	-0.319855	-0.314283	-0.236515	-0.0985987	0.0957377	0.31002	0.490816	0.620107	0.697761	0.715964	0.676465	0.558186	0.349791	0.0920649	-0.182992	-0.426214	-0.598824	-0.70612	-0.749592	-0.736518	-0.670017	-0.537609	-0.333464	-0.0737069	0.198765	0.440883	0.617426	0.70527	0.717589	0.676911	0.582307	0.428121	0.226979	0.0158403	-0.159279	-0.271706	-0.31893	-0.30595	-0.237744	-0.132325	-0.0320617	0.0209163	0.0217498	-0.00215394	-0.0242452	-0.0329907	-0.0278488	-0.0147891	0	
0	0.00133829	-0.00317529	-0.00157009	0.00484285	-0.00840507	0.00221033	0.00320048	-0.00690445	-0.000532072	-0.00175136	0.000104396	-0.00135775	0.00129828	-0.00371114	-0.003611	1.6411e-05	-0.00133854	-0.00824632	-0.000843735	-0.001948	-0.00727314	-0.00739886	-0.0018577	-0.00549164	-0.00752697	-0.0102987	-0.00446601	-0.00503374	-0.00988721	-0.0134213	-0.00824045	-0.00859404	-0.0105312	-0.012168	-0.0157756	-0.0190269	-0.0191719	-0.0115576	-0.011764	-0.0173788	-0.0369561	-0.0502935	-0.049334	-0.0273996	0.000673293	0.0073938	-0.0276155	-0.108957	-0.218689	-0.309969	-0.359047	-0.342062	-0.247388	-0.0890272	0.134719	0.367189	0.569468	0.721874	0.803756	0.818905	0.764727	0.615101	0.374847	0.0885625	-0.218212	-0.489492	-0.679851	-0.799574	-0.852853	-0.840918	-0.762351	-0.612201	-0.385016	-0.0944079	0.207184	0.480406	0.690662	0.798824	0.820416	0.782181	0.674466	0.49823	0.277166	0.0469754	-0.150268	-0.288798	-0.354383	-0.340253	-0.266163	-0.165347	-0.0663102	0.00065594	0.0185907	0.00262087	-0.0202886	-0.0337608	-0.0319665	-0.0181081	0	
0	0.000738719	0.00131311	0.0014236	0.000918763	-0.00230159	5.4163e-05	-0.00690445	-0.00784522	0.00526775	0.000542407	-0.00405863	-0.00183036	-2.21657e-05	-0.00462234	-0.00331753	0.00302709	-0.00413823	-0.00905779	0.000827341	-0.000763648	-0.010402	-0.00575708	-0.00112754	-0.00522638	-0.0101333	-0.0108625	-0.0022784	-0.00424733	-0.0148964	-0.0164727	-0.00483286	-0.00677507	-0.0142111	-0.0188537	-0.0187033	-0.0179391	-0.0131872	-0.0138902	-0.0224846	-0.0309349	-0.039354	-0.0460688	-0.0441042	-0.0257929	-0.00676184	-0.0138717	-0.0606347	-0.146996	-0.251279	-0.342641	-0.386566	-0.356858	-0.245363	-0.0597253	0.179573	0.428269	0.651338	0.813267	0.903254	0.913985	0.834805	0.659013	0.393041	0.0753519	-0.256582	-0.540862	-0.749325	-0.893268	-0.952677	-0.931264	-0.844832	-0.681784	-0.432549	-0.120419	0.205108	0.510716	0.750671	0.878923	0.916103	0.88264	0.76267	0.568609	0.33291	0.0878865	-0.1297	-0.293718	-0.37743	-0.365847	-0.292708	-0.201236	-0.105994	-0.0268441	0.00929527	0.00472395	-0.0165759	-0.033027	-0.0321819	-0.0173821	0	
0	-0.00175197	0.000566203	-0.000528821	-0.00482641	0.0010538	0.00108597	-0.000532072	0.00526775	-0.00162479	-0.00760858	-0.00478843	-0.00473522	-0.00184604	-0.00422632	-0.00500902	-0.00237866	-0.00797861	-0.00438999	-9.45898e-05	-0.00395067	-0.0106387	-0.00266749	-0.000943209	-0.00631499	-0.0102466	-0.0088786	5.26508e-05	-0.00449252	-0.017948	-0.0148425	-0.00122642	-0.00496015	-0.0178615	-0.0224947	-0.0193783	-0.0136279	-0.00782293	-0.0182588	-0.0347264	-0.0427938	-0.0401705	-0.040015	-0.0400769	-0.0269257	-0.0237888	-0.0450847	-0.103612	-0.189409	-0.282809	-0.369795	-0.401119	-0.356775	-0.224611	-0.0167971	0.233659	0.49301	0.7282	0.898237	0.989481	0.992675	0.891055	0.692341	0.406322	0.0616187	-0.289866	-0.595537	-0.828698	-0.974824	-1.02928	-1.0128	-0.922464	-0.743871	-0.4809	-0.151308	0.201098	0.530581	0.790579	0.945422	1.00533	0.975467	0.845798	0.640235	0.394011	0.137137	-0.0980037	-0.28426	-0.385239	-0.382332	-0.317713	-0.237903	-0.148101	-0.0608874	-0.00810929	0.00130106	-0.014806	-0.0304099	-0.0271166	-0.011741	0	
0	0.000127368	-0.00257764	-0.00190175	6.96033e-05	0.000551985	-0.00428862	-0.00175136	0.000542407	-0.00760858	-0.00174809	0.00389536	-0.000411377	-0.00181785	-0.00559211	-0.00396128	-0.00116573	-0.0052275	-0.00524904	-0.0053143	-0.00699544	-0.0089476	-0.00531517	-0.00677209	-0.0101927	-0.0123444	-0.0104612	-0.00409661	-0.0111847	-0.022067	-0.0162319	-0.00326948	-0.0111662	-0.0248217	-0.0295089	-0.0221348	-0.0131253	-0.00993102	-0.0285651	-0.0505911	-0.0525364	-0.0397846	-0.0329219	-0.033464	-0.0308668	-0.0418728	-0.080769	-0.145817	-0.225897	-0.309902	-0.384727	-0.405488	-0.34543	-0.193201	0.0287387	0.287481	0.558575	0.801892	0.982266	1.07688	1.06205	0.935739	0.712072	0.397299	0.0334757	-0.323823	-0.642891	-0.888543	-1.03829	-1.10382	-1.0943	-0.993766	-0.797951	-0.52031	-0.179063	0.186785	0.532325	0.815767	1.00191	1.08284	1.05694	0.924763	0.713499	0.459201	0.193248	-0.0554151	-0.258663	-0.376154	-0.38956	-0.340288	-0.27247	-0.189736	-0.100532	-0.035085	-0.0103561	-0.0164883	-0.0254802	-0.0164018	-0.00172199	0	
0	0.00055629	-0.000127826	-0.000672152	-1.87305e-05	-0.00110002	-0.00372771	0.000104396	-0.00405863	-0.00478843	0.00389536	-0.0020556	-0.00815337	-0.00587665	0.000946245	-0.00319293	-0.00612734	-0.00547245	-0.00337465	-0.00678765	-0.00593591	-0.00655471	-0.00559487	-0.00937418	-0.00789731	-0.0114023	-0.00762138	-0.00795715	-0.0130206	-0.0201576	-0.0123319	-0.00559399	-0.0147056	-0.0271528	-0.0301124	-0.0193996	-0.0108223	-0.0119076	-0.0393961	-0.0592843	-0.0572842	-0.034103	-0.026374	-0.0289878	-0.0421186	-0.0714554	-0.126588	-0.195154	-0.266047	-0.336204	-0.393578	-0.397825	-0.315379	-0.145834	0.0893599	0.353026	0.627456	0.875418	1.05769	1.1447	1.11154	0.962002	0.715056	0.384025	0.0114966	-0.355147	-0.687451	-0.94002	-1.09946	-1.17826	-1.16179	-1.04466	-0.842636	-0.563533	-0.214009	0.168663	0.528265	0.827197	1.04011	1.14401	1.12847	1.00037	0.786951	0.526837	0.254776	-0.00214025	-0.215902	-0.349934	-0.387231	-0.358042	-0.301736	-0.228639	-0.144596	-0.0721143	-0.0321172	-0.0226753	-0.0182132	-0.00117025	0.0106582	0	
0	0.000826348	0.00142951	0.0012345	-0.000582293	-0.00160492	-0.00248303	-0.00135775	-0.00183036	-0.00473522	-0.000411377	-0.00815337	-0.00675851	-0.0016505	-0.000831143	-0.00623131	-0.0100417	0.000640782	-0.00285154	-0.0102322	-0.00480193	-0.00360874	-0.00747355	-0.00991216	-0.00805265	-0.00792461	-0.00868492	-0.0115514	-0.0156945	-0.0141482	-0.0116554	-0.0104849	-0.019433	-0.027394	-0.0282379	-0.0170673	-0.0107542	-0.0201693	-0.0489436	-0.0653746	-0.0556672	-0.0292393	-0.0202625	-0.0299405	-0.0606332	-0.108699	-0.17753	-0.242313	-0.303918	-0.353807	-0.392969	-0.37344	-0.271304	-0.0854913	0.15608	0.422024	0.697433	0.943574	1.12753	1.19761	1.14556	0.974421	0.702132	0.364571	-0.0126852	-0.387035	-0.724203	-0.986307	-1.15623	-1.23593	-1.21387	-1.09489	-0.889306	-0.600237	-0.239794	0.14838	0.508389	0.821353	1.06439	1.1906	1.18717	1.06958	0.859437	0.596025	0.32063	0.0617033	-0.15653	-0.308011	-0.374209	-0.367053	-0.322852	-0.263541	-0.1916	-0.118243	-0.0642992	-0.0338708	-0.00962196	0.0157345	0.0223251	0	
0	-0.0049101	0.000693493	-0.00678444	-0.00195498	0.000344758	-0.00249083	0.00129828	-2.21657e-05	-0.00184604	-0.00181785	-0.00587665	-0.0016505	0.00113539	-0.00785012	-0.0108189	-0.0069951	0.000953854	-0.0119336	-0.0156899	-0.00362259	-0.00615178	-0.0143688	-0.0137276	-0.00961463	-0.00794238	-0.0142751	-0.0185375	-0.0171752	-0.0101359	-0.0165387	-0.0198075	-0.0254854	-0.027656	-0.0281423	-0.0189607	-0.0192505	-0.0356077	-0.0604273	-0.0701993	-0.0547105	-0.02944	-0.0215546	-0.0412285	-0.090025	-0.154562	-0.228875	-0.286365	-0.331381	-0.361555	-0.373711	-0.331033	-0.209403	-0.0137582	0.227443	0.492349	0.761826	1.00673	1.1812	1.23716	1.16666	0.969761	0.685205	0.339103	-0.0440828	-0.416729	-0.756318	-1.02441	-1.20221	-1.28432	-1.25913	-1.14114	-0.929535	-0.625897	-0.262161	0.117574	0.478063	0.809284	1.07333	1.21524	1.23182	1.13324	0.928768	0.664329	0.390722	0.136073	-0.0833987	-0.252825	-0.347921	-0.362688	-0.334024	-0.294021	-0.239572	-0.170804	-0.105218	-0.0501724	-0.00229611	0.0299953	0.0299595	0	
0	-0.00293317	0.00295597	-0.00308165	-0.00125216	0.000601585	-0.0034923	-0.00371114	-0.00462234	-0.00422632	-0.00559211	0.000946245	-0.000831143	-0.00785012	-0.00620389	-0.00173756	-0.00222896	-0.00518886	-0.0115786	-0.00698868	-0.00143419	-0.00908189	-0.0155488	-0.0111393	-0.00688458	-0.00955656	-0.0178833	-0.0227813	-0.0118839	-0.0093173	-0.0217077	-0.0287429	-0.0256153	-0.0252238	-0.0246993	-0.0217894	-0.0287969	-0.047943	-0.0626194	-0.0645825	-0.0466116	-0.0269535	-0.0226686	-0.0577051	-0.123009	-0.203663	-0.27596	-0.326342	-0.352754	-0.362351	-0.34462	-0.277421	-0.137999	0.0636009	0.303775	0.566178	0.828526	1.06687	1.22496	1.26159	1.16742	0.950204	0.654706	0.305835	-0.0722257	-0.442433	-0.780703	-1.05401	-1.24013	-1.32455	-1.30467	-1.18232	-0.95179	-0.644184	-0.293487	0.082418	0.451571	0.788977	1.05845	1.22013	1.26619	1.18704	0.989914	0.73174	0.46632	0.218848	-0.00129789	-0.186077	-0.304793	-0.341242	-0.334693	-0.319763	-0.28585	-0.225505	-0.151268	-0.0715835	-0.000473137	0.0365597	0.0309096	0	
0	0.00259176	0.0020775	0.00328041	0.000104593	-0.00123764	-0.00588776	-0.003611	-0.00331753	-0.00500902	-0.00396128	-0.00319293	-0.00623131	-0.0108189	-0.00173756	-0.00333016	-0.00822968	-0.00740733	-0.00689683	-0.00554637	-0.00569472	-0.0123911	-0.0115742	-0.00948314	-0.00638754	-0.0131022	-0.0199432	-0.0205118	-0.00672103	-0.0110853	-0.0281699	-0.0319193	-0.0228959	-0.0201655	-0.0234126	-0.0273222	-0.0427918	-0.056234	-0.061611	-0.054886	-0.043701	-0.0297959	-0.0374078	-0.0865252	-0.169548	-0.255892	-0.323651	-0.358711	-0.367511	-0.348636	-0.299347	-0.207504	-0.0518164	0.147848	0.387211	0.64052	0.894184	1.11607	1.25325	1.26718	1.1465	0.91904	0.615165	0.270445	-0.0943888	-0.461297	-0.798844	-1.08053	-1.27404	-1.36059	-1.3413	-1.20802	-0.971065	-0.668608	-0.318838	0.0576997	0.420885	0.750991	1.02721	1.21414	1.28573	1.22306	1.04183	0.799905	0.546439	0.305987	0.0855485	-0.108118	-0.242076	-0.301207	-0.324896	-0.339644	-0.327009	-0.276944	-0.197663	-0.0983244	-0.00932687	0.0307717	0.0238295	0	
0	-0.00270387	-0.00352573	-0.0040836	-0.00500653	0.000856412	-0.00154319	1.6411e-05	0.00302709	-0.00237866	-0.00116573	-0.00612734	-0.0100417	-0.0069951	-0.00222896	-0.00822968	-0.0145927	-0.00961868	-0.00858409	-0.00917767	-0.0138178	-0.0138088	-0.0111699	-0.0114682	-0.0117412	-0.0181192	-0.0211131	-0.016865	-0.0083485	-0.018491	-0.0349655	-0.0323911	-0.0213052	-0.0188898	-0.0279148	-0.0406934	-0.0583686	-0.0632862	-0.0569543	-0.0494638	-0.0464491	-0.0435214	-0.0651717	-0.128505	-0.223122	-0.307187	-0.362822	-0.381581	-0.365618	-0.316996	-0.234153	-0.117949	0.0433597	0.241565	0.470987	0.711763	0.950107	1.14746	1.26028	1.25045	1.11527	0.879474	0.57681	0.243339	-0.119079	-0.480228	-0.814682	-1.10353	-1.29988	-1.391	-1.36813	-1.22521	-0.990881	-0.688196	-0.33592	0.0323608	0.38488	0.707227	0.987332	1.19306	1.28401	1.24104	1.08568	0.866869	0.627743	0.393835	0.174724	-0.0186383	-0.15943	-0.243699	-0.304431	-0.351001	-0.358867	-0.319542	-0.239773	-0.130882	-0.0334161	0.00962532	0.00877485	0	
0	-0.00367052	0.000359927	-0.00357041	-0.00465503	-0.00132913	-0.0031899	-0.00133854	-0.00413823	-0.00797861	-0.0052275	-0.00547245	0.000640782	0.000953854	-0.00518886	-0.00740733	-0.00961868	-0.00573247	-0.00262514	-0.0113659	-0.016941	-0.0106742	-0.0101713	-0.0146578	-0.01935	-0.0211455	-0.0204639	-0.0165218	-0.017684	-0.0294548	-0.038509	-0.0329873	-0.0215443	-0.0235894	-0.0372726	-0.0576223	-0.0688831	-0.0625172	-0.0472778	-0.0436457	-0.0506086	-0.0611478	-0.0974839	-0.173311	-0.270009	-0.346385	-0.386736	-0.387636	-0.348407	-0.267913	-0.158168	-0.024005	0.137633	0.329638	0.54933	0.778452	0.997682	1.16984	1.25689	1.22254	1.07339	0.832908	0.533261	0.208387	-0.141357	-0.494264	-0.829858	-1.11747	-1.31569	-1.41131	-1.3876	-1.24877	-1.01162	-0.695632	-0.34574	0.00862698	0.347819	0.657669	0.939894	1.15885	1.26146	1.2405	1.11934	0.929451	0.706643	0.479143	0.265816	0.0827189	-0.0600287	-0.172225	-0.271951	-0.349274	-0.376813	-0.348828	-0.274533	-0.169562	-0.0746924	-0.0272323	-0.0132151	0	
0	0.00124345	0.00400152	0.00178202	0.00368689	0.000187508	-0.00616999	-0.00824632	-0.00905779	-0.00438999	-0.00524904	-0.00337465	-0.00285154	-0.0119336	-0.0115786	-0.00689683	-0.00858409	-0.00262514	-0.00635536	-0.0174515	-0.0142018	-0.00255772	-0.00917255	-0.0183141	-0.0188374	-0.0158082	-0.0120938	-0.016146	-0.0237417	-0.0301466	-0.0312286	-0.0258598	-0.0196571	-0.0254278	-0.0463137	-0.0664002	-0.0685138	-0.0520276	-0.0362905	-0.0427313	-0.062165	-0.0917722	-0.143391	-0.227933	-0.319922	-0.382589	-0.406449	-0.386527	-0.317794	-0.207568	-0.067474	0.0769786	0.239076	0.424712	0.630523	0.844449	1.03646	1.17613	1.2323	1.17755	1.01646	0.777	0.488686	0.17446	-0.159286	-0.500112	-0.831038	-1.12205	-1.33362	-1.43542	-1.41087	-1.26615	-1.01447	-0.695579	-0.357903	-0.0158871	0.309638	0.610652	0.892944	1.10867	1.21572	1.22446	1.14256	0.98213	0.777237	0.560609	0.361328	0.194351	0.0488102	-0.0909148	-0.224192	-0.328784	-0.376713	-0.362485	-0.301143	-0.213614	-0.130883	-0.0770512	-0.0406796	0	
0	-0.000908124	-0.00025944	-0.00130439	-0.00574059	-0.00299419	-0.00107645	-0.000843735	0.000827341	-9.45898e-05	-0.0053143	-0.00678765	-0.0102322	-0.0156899	-0.00698868	-0.00554637	-0.00917767	-0.0113659	-0.0174515	-0.0176536	-0.00806871	-0.00623875	-0.0204047	-0.023251	-0.018875	-0.0135523	-0.0139127	-0.0262744	-0.033069	-0.030705	-0.0262122	-0.0279431	-0.02599	-0.0388605	-0.0601387	-0.075916	-0.0648997	-0.0457402	-0.0360925	-0.0541115	-0.0892448	-0.136276	-0.201145	-0.284219	-0.361885	-0.407622	-0.409334	-0.365637	-0.265611	-0.124206	0.0349939	0.187495	0.344731	0.518306	0.710154	0.898447	1.05623	1.16084	1.18493	1.11254	0.951301	0.723059	0.449622	0.155959	-0.163742	-0.505741	-0.83875	-1.13481	-1.35084	-1.45051	-1.42293	-1.27005	-1.01483	-0.703318	-0.370993	-0.03585	0.280153	0.573414	0.838441	1.03821	1.15792	1.19945	1.14847	1.01602	0.836549	0.64098	0.46279	0.309959	0.158453	-0.00153016	-0.15697	-0.284923	-0.355841	-0.360488	-0.320603	-0.260333	-0.19508	-0.134189	-0.0719459	0	
0	-0.00307254	-0.00655096	-0.00600931	-0.00477388	-0.00305705	-0.00355468	-0.001948	-0.000763648	-0.00395067	-0.00699544	-0.00593591	-0.00480193	-0.00362259	-0.00143419	-0.00569472	-0.0138178	-0.016941	-0.0142018	-0.00806871	-0.0105937	-0.0202642	-0.0252743	-0.0223602	-0.0180776	-0.0167024	-0.0228377	-0.0382768	-0.0386191	-0.0275152	-0.0266136	-0.0346894	-0.0404761	-0.0540839	-0.0735674	-0.0756883	-0.0587695	-0.0417641	-0.0444477	-0.0741555	-0.125185	-0.188837	-0.258097	-0.330563	-0.388207	-0.412222	-0.392228	-0.319255	-0.19043	-0.0255203	0.145908	0.295755	0.444216	0.602743	0.772337	0.931864	1.05529	1.12551	1.12856	1.04997	0.891696	0.675999	0.416083	0.131546	-0.179824	-0.512285	-0.840993	-1.14027	-1.35729	-1.45687	-1.42971	-1.27674	-1.02412	-0.710173	-0.374299	-0.0451205	0.260521	0.532936	0.770495	0.965745	1.10173	1.15777	1.12727	1.02981	0.886564	0.721225	0.565875	0.420916	0.264222	0.0971325	-0.0682303	-0.216185	-0.313215	-0.344343	-0.334178	-0.304555	-0.256929	-0.190914	-0.104732	0	
0	0.000696419	0.0012681	0.00207776	-0.00130623	-0.000206237	-0.00157013	-0.00727314	-0.010402	-0.0106387	-0.0089476	-0.00655471	-0.00360874	-0.00615178	-0.00908189	-0.0123911	-0.0138088	-0.0106742	-0.00255772	-0.00623875	-0.0202642	-0.0192011	-0.0161765	-0.0145165	-0.016186	-0.0170501	-0.0284185	-0.039191	-0.0308647	-0.0193428	-0.0254197	-0.0415375	-0.049801	-0.0632779	-0.0706169	-0.0639983	-0.0453099	-0.0415835	-0.0564858	-0.100859	-0.168751	-0.243952	-0.311577	-0.365645	-0.402556	-0.405986	-0.360429	-0.261098	-0.104909	0.0757755	0.251354	0.400552	0.538735	0.683668	0.83109	0.956609	1.04341	1.08066	1.06033	0.976075	0.825566	0.623033	0.380802	0.113147	-0.186175	-0.512641	-0.839742	-1.13751	-1.35836	-1.46664	-1.44207	-1.28672	-1.02829	-0.705056	-0.369024	-0.0512394	0.236659	0.486211	0.711029	0.906458	1.03652	1.0905	1.08462	1.02816	0.92566	0.79634	0.662343	0.521699	0.36733	0.206429	0.039686	-0.124609	-0.249774	-0.315881	-0.341186	-0.33881	-0.305155	-0.238604	-0.135376	0	
0	0.00190258	0.0019507	0.00271926	0.000423574	-0.00401456	-0.00651237	-0.00739886	-0.00575708	-0.00266749	-0.00531517	-0.00559487	-0.00747355	-0.0143688	-0.0155488	-0.0115742	-0.0111699	-0.0101713	-0.00917255	-0.0204047	-0.0252743	-0.0161765	-0.0147403	-0.0187498	-0.0205387	-0.0263696	-0.0357569	-0.0367837	-0.0245337	-0.0209739	-0.0348821	-0.0544233	-0.0636126	-0.0689753	-0.0652726	-0.0533801	-0.0460679	-0.0566243	-0.0868754	-0.145555	-0.227153	-0.306664	-0.359749	-0.392316	-0.403958	-0.38288	-0.308833	-0.178787	-0.00236582	0.188233	0.364141	0.506172	0.633187	0.757229	0.87146	0.9601	1.00745	1.01415	0.982372	0.899193	0.760588	0.57807	0.352926	0.0991405	-0.186084	-0.505351	-0.833777	-1.13889	-1.36825	-1.47788	-1.44992	-1.28862	-1.02116	-0.696429	-0.369647	-0.0628748	0.213854	0.453123	0.668725	0.84581	0.955165	1.01079	1.03013	1.00902	0.94935	0.858751	0.743751	0.61222	0.472246	0.324904	0.160544	-0.0152707	-0.168756	-0.275714	-0.336989	-0.35436	-0.33047	-0.269047	-0.158396	0	
0	-0.00186907	-0.00618118	-0.00537294	-0.00727171	-0.00433544	-0.000105371	-0.0018577	-0.00112754	-0.000943209	-0.00677209	-0.00937418	-0.00991216	-0.0137276	-0.0111393	-0.00948314	-0.0114682	-0.0146578	-0.0183141	-0.023251	-0.0223602	-0.0145165	-0.0187498	-0.0220836	-0.0293347	-0.0361082	-0.0364719	-0.0292582	-0.0253339	-0.0319863	-0.0490317	-0.0683167	-0.0729865	-0.0677131	-0.0545924	-0.0499791	-0.0571849	-0.0849162	-0.127909	-0.200708	-0.288838	-0.359908	-0.393252	-0.399118	-0.386595	-0.337109	-0.23262	-0.0786111	0.111918	0.302832	0.473764	0.607754	0.7176	0.81475	0.892803	0.93893	0.950901	0.935783	0.895956	0.82385	0.705044	0.542572	0.336828	0.095559	-0.185464	-0.506426	-0.836321	-1.14136	-1.372	-1.48111	-1.4495	-1.28488	-1.01848	-0.697068	-0.371531	-0.0679952	0.202086	0.432456	0.629056	0.77947	0.873148	0.930065	0.962942	0.972223	0.955082	0.89805	0.804696	0.697429	0.581779	0.447375	0.286556	0.104284	-0.0753601	-0.2216	-0.312737	-0.343064	-0.327405	-0.275554	-0.167275	0	
0	-0.00170279	-0.00367091	-0.00275858	-0.00441401	-0.00497989	-0.00440018	-0.00549164	-0.00522638	-0.00631499	-0.0101927	-0.00789731	-0.00805265	-0.00961463	-0.00688458	-0.00638754	-0.0117412	-0.01935	-0.0188374	-0.018875	-0.0180776	-0.016186	-0.0205387	-0.0293347	-0.0389613	-0.0381112	-0.0274059	-0.0268536	-0.0357212	-0.0475519	-0.0616816	-0.0778616	-0.0739748	-0.0579834	-0.0466177	-0.0558404	-0.0814329	-0.122144	-0.179299	-0.259812	-0.343879	-0.397312	-0.404532	-0.386237	-0.344842	-0.266652	-0.13422	0.0368709	0.229277	0.414965	0.576199	0.696386	0.784696	0.848769	0.88651	0.896922	0.881135	0.854137	0.819287	0.759632	0.658512	0.512973	0.318621	0.0859918	-0.188018	-0.503753	-0.832278	-1.14005	-1.37145	-1.48038	-1.451	-1.28623	-1.01764	-0.69531	-0.369943	-0.0681199	0.197841	0.415755	0.589424	0.718424	0.79865	0.848153	0.888061	0.922747	0.934928	0.905386	0.848385	0.781937	0.692054	0.566865	0.41065	0.225036	0.025376	-0.147974	-0.258081	-0.299224	-0.29396	-0.253857	-0.15679	0	
0	0.00115724	-0.00242067	0.000221531	-0.00161967	-0.00253595	-0.00220713	-0.00752697	-0.0101333	-0.0102466	-0.0123444	-0.0114023	-0.00792461	-0.00794238	-0.00955656	-0.0131022	-0.0181192	-0.0211455	-0.0158082	-0.0135523	-0.0167024	-0.0170501	-0.0263696	-0.0361082	-0.0381112	-0.0251335	-0.0199051	-0.0326632	-0.0490835	-0.0568694	-0.0676511	-0.076653	-0.0631118	-0.044826	-0.0458427	-0.0745175	-0.114963	-0.170014	-0.237236	-0.318476	-0.387562	-0.416826	-0.400347	-0.354992	-0.286182	-0.1775	-0.0243404	0.154122	0.343034	0.519572	0.670273	0.77516	0.83639	0.864238	0.863709	0.839309	0.804212	0.7715	0.741977	0.699535	0.615949	0.486719	0.306546	0.0812852	-0.187605	-0.501019	-0.828941	-1.13496	-1.36859	-1.4815	-1.45212	-1.28752	-1.0197	-0.693056	-0.362529	-0.0622105	0.195299	0.398357	0.554098	0.667019	0.732563	0.772538	0.813751	0.855597	0.881543	0.886509	0.882165	0.860586	0.793416	0.678046	0.52683	0.339021	0.131852	-0.0481695	-0.165992	-0.220229	-0.229564	-0.202947	-0.125962	0	
0	0.00251886	0.00291045	0.00453641	0.000669308	-0.00331608	-0.00549105	-0.0102987	-0.0108625	-0.0088786	-0.0104612	-0.00762138	-0.00868492	-0.0142751	-0.0178833	-0.0199432	-0.0211131	-0.0204639	-0.0120938	-0.0139127	-0.0228377	-0.0284185	-0.0357569	-0.0364719	-0.0274059	-0.0199051	-0.0281921	-0.0489357	-0.0608677	-0.0652249	-0.0695559	-0.0695262	-0.0510001	-0.0432378	-0.0638483	-0.109175	-0.163333	-0.229187	-0.300905	-0.369937	-0.415363	-0.419142	-0.376783	-0.304871	-0.203824	-0.0706495	0.0962128	0.273491	0.453845	0.619748	0.756514	0.839074	0.867568	0.856445	0.817957	0.769028	0.721341	0.690443	0.673559	0.645743	0.579238	0.464165	0.294641	0.0790126	-0.183484	-0.492984	-0.820568	-1.13085	-1.36894	-1.48516	-1.45806	-1.29019	-1.01446	-0.683087	-0.353873	-0.0588889	0.189802	0.381435	0.526138	0.628483	0.68176	0.707755	0.733585	0.766113	0.807115	0.85604	0.902784	0.919628	0.877639	0.776821	0.629577	0.443827	0.247374	0.0808921	-0.0365254	-0.105795	-0.13358	-0.125734	-0.0794401	0	
0	-0.000861266	-0.00662076	-0.00525276	-0.00755503	-0.00818744	-0.0044017	-0.00446601	-0.0022784	5.26508e-05	-0.00409661	-0.00795715	-0.0115514	-0.0185375	-0.0227813	-0.0205118	-0.016865	-0.0165218	-0.016146	-0.0262744	-0.0382768	-0.039191	-0.0367837	-0.0292582	-0.0268536	-0.0326632	-0.0489357	-0.0645869	-0.073049	-0.0720656	-0.0679515	-0.0605983	-0.0507418	-0.0627395	-0.1018	-0.160341	-0.225073	-0.297533	-0.360843	-0.407331	-0.424736	-0.402041	-0.333569	-0.229616	-0.100085	0.052936	0.222789	0.394016	0.563324	0.716223	0.832964	0.88598	0.875372	0.823333	0.753124	0.684009	0.633179	0.61025	0.608128	0.600341	0.551499	0.452313	0.293891	0.0831074	-0.176411	-0.487767	-0.819598	-1.13253	-1.37357	-1.48912	-1.45639	-1.28395	-1.00642	-0.674815	-0.349046	-0.0616458	0.180569	0.370201	0.513009	0.606969	0.642332	0.642523	0.644346	0.671418	0.732895	0.816146	0.897848	0.949658	0.939391	0.856531	0.716636	0.545603	0.376818	0.234993	0.123583	0.0425688	-0.00661007	-0.0287898	-0.0254337	0	
0	-0.00428298	-0.00929562	-0.00893771	-0.0102267	-0.00837509	-0.00398129	-0.00503374	-0.00424733	-0.00449252	-0.0111847	-0.0130206	-0.0156945	-0.0171752	-0.0118839	-0.00672103	-0.0083485	-0.017684	-0.0237417	-0.033069	-0.0386191	-0.0308647	-0.0245337	-0.0253339	-0.0357212	-0.0490835	-0.0608677	-0.073049	-0.0768236	-0.0683526	-0.0555022	-0.054544	-0.0642032	-0.096246	-0.148169	-0.216179	-0.287885	-0.354978	-0.397702	-0.414847	-0.404219	-0.355644	-0.257434	-0.124298	0.0280325	0.18671	0.35098	0.50882	0.663574	0.795981	0.884645	0.899757	0.8481	0.761588	0.66833	0.594462	0.55053	0.543733	0.561253	0.570961	0.537356	0.446629	0.293409	0.0847703	-0.177618	-0.490263	-0.821791	-1.13453	-1.37222	-1.48395	-1.44962	-1.27579	-1.00001	-0.675305	-0.355245	-0.0668555	0.181179	0.374399	0.511626	0.589106	0.600375	0.576456	0.564629	0.592622	0.663034	0.758929	0.863072	0.948637	0.970744	0.910643	0.793461	0.65455	0.520539	0.404298	0.304834	0.219756	0.145908	0.0795334	0.0291361	0	
0	0.00201322	-0.000551766	0.00243894	0.000330083	-0.00301361	-0.0041324	-0.00988721	-0.0148964	-0.017948	-0.022067	-0.0201576	-0.0141482	-0.0101359	-0.0093173	-0.0110853	-0.018491	-0.0294548	-0.0301466	-0.030705	-0.0275152	-0.0193428	-0.0209739	-0.0319863	-0.0475519	-0.0568694	-0.0652249	-0.0720656	-0.0683526	-0.0509882	-0.0434021	-0.0616681	-0.0931404	-0.13915	-0.200541	-0.276266	-0.346098	-0.395868	-0.410552	-0.399313	-0.363445	-0.287517	-0.160865	-0.00333577	0.158421	0.313578	0.465034	0.609061	0.745243	0.853753	0.907674	0.884348	0.797159	0.685203	0.583752	0.513478	0.483735	0.494265	0.52783	0.550407	0.524189	0.438685	0.286127	0.0772065	-0.181	-0.49045	-0.819218	-1.12734	-1.36288	-1.47528	-1.44425	-1.27773	-1.00797	-0.681569	-0.353903	-0.0581159	0.192559	0.380638	0.504803	0.565312	0.561023	0.52676	0.508992	0.529957	0.591434	0.685759	0.803362	0.913354	0.964863	0.941563	0.869686	0.774423	0.672615	0.579654	0.497676	0.41374	0.31154	0.191909	0.0825509	0	
0	0.0040948	0.0043014	0.00696218	0.00336558	-0.000854443	-0.00424368	-0.0134213	-0.0164727	-0.0148425	-0.0162319	-0.0123319	-0.0116554	-0.0165387	-0.0217077	-0.0281699	-0.0349655	-0.038509	-0.0312286	-0.0262122	-0.0266136	-0.0254197	-0.0348821	-0.0490317	-0.0616816	-0.0676511	-0.0695559	-0.0679515	-0.0555022	-0.0434021	-0.0547866	-0.0954285	-0.141512	-0.196829	-0.265943	-0.341734	-0.396485	-0.418921	-0.404189	-0.367306	-0.304716	-0.200254	-0.0470759	0.124196	0.285761	0.430457	0.569359	0.697603	0.814148	0.89151	0.909484	0.848847	0.732776	0.607101	0.50334	0.442732	0.426471	0.450588	0.495517	0.52693	0.507754	0.426476	0.28086	0.0784816	-0.17735	-0.482871	-0.808448	-1.11846	-1.35911	-1.4785	-1.45245	-1.28434	-1.00823	-0.674948	-0.342535	-0.046591	0.1983	0.376566	0.491099	0.545365	0.538024	0.499971	0.472327	0.476388	0.520382	0.604083	0.720728	0.843146	0.928279	0.959794	0.947469	0.897837	0.825737	0.755959	0.691006	0.605265	0.473504	0.303359	0.137319	0	
0	-0.00153418	-0.00661894	-0.00685625	-0.0103915	-0.013171	-0.0105164	-0.00824045	-0.00483286	-0.00122642	-0.00326948	-0.00559399	-0.0104849	-0.0198075	-0.0287429	-0.0319193	-0.0323911	-0.0329873	-0.0258598	-0.0279431	-0.0346894	-0.0415375	-0.0544233	-0.0683167	-0.0778616	-0.076653	-0.0695262	-0.0605983	-0.054544	-0.0616681	-0.0954285	-0.15078	-0.205678	-0.268293	-0.33815	-0.39998	-0.427277	-0.418297	-0.376277	-0.311807	-0.219817	-0.0855779	0.0862312	0.261567	0.415472	0.548209	0.672802	0.782739	0.869353	0.910113	0.885612	0.789738	0.651532	0.516899	0.419329	0.3712	0.370775	0.410973	0.469959	0.511643	0.500686	0.427412	0.284607	0.0841212	-0.168318	-0.476119	-0.80811	-1.12323	-1.36615	-1.48348	-1.45255	-1.27966	-0.999142	-0.663634	-0.33406	-0.0449219	0.192918	0.3672	0.482094	0.538904	0.532001	0.488341	0.44735	0.431895	0.453238	0.51496	0.619219	0.752831	0.879386	0.971121	1.01726	1.01312	0.974587	0.927458	0.869945	0.773848	0.616739	0.409275	0.194484	0	
0	-0.00582899	-0.0135413	-0.0137784	-0.0154371	-0.0127824	-0.00702569	-0.00859404	-0.00677507	-0.00496015	-0.0111662	-0.0147056	-0.019433	-0.0254854	-0.0256153	-0.0228959	-0.0213052	-0.0215443	-0.0196571	-0.02599	-0.0404761	-0.049801	-0.0636126	-0.0729865	-0.0739748	-0.0631118	-0.0510001	-0.0507418	-0.0642032	-0.0931404	-0.141512	-0.205678	-0.267417	-0.331107	-0.388005	-0.422879	-0.417873	-0.380976	-0.311717	-0.219456	-0.0977408	0.0563108	0.233414	0.400301	0.539144	0.655554	0.760077	0.840593	0.890605	0.887041	0.825259	0.702783	0.553759	0.425284	0.341325	0.312403	0.331563	0.387811	0.458772	0.510083	0.504451	0.431613	0.290138	0.0874726	-0.172683	-0.48444	-0.815286	-1.12736	-1.36594	-1.479	-1.44382	-1.2682	-0.989702	-0.660201	-0.336953	-0.0517085	0.185769	0.363112	0.482763	0.54316	0.53629	0.486715	0.431441	0.392966	0.385812	0.422335	0.517769	0.66749	0.831678	0.971614	1.06807	1.11178	1.11091	1.08089	1.01841	0.906321	0.731943	0.501835	0.248483	0	
0	0.00016014	-0.00230558	-0.00130658	-0.00346198	-0.00708405	-0.00810209	-0.0105312	-0.0142111	-0.0178615	-0.0248217	-0.0271528	-0.027394	-0.027656	-0.0252238	-0.0201655	-0.0188898	-0.0235894	-0.0254278	-0.0388605	-0.0540839	-0.0632779	-0.0689753	-0.0677131	-0.0579834	-0.044826	-0.0432378	-0.0627395	-0.096246	-0.13915	-0.196829	-0.268293	-0.331107	-0.382754	-0.413854	-0.416921	-0.384182	-0.320747	-0.225261	-0.103822	0.0382681	0.200034	0.369975	0.521701	0.644265	0.741338	0.819941	0.866225	0.873673	0.832625	0.74092	0.605159	0.459865	0.344425	0.281793	0.274177	0.310719	0.380776	0.460531	0.512736	0.505147	0.430033	0.282253	0.0766738	-0.179944	-0.488323	-0.816762	-1.1251	-1.35833	-1.46709	-1.43277	-1.26245	-0.989505	-0.664589	-0.344163	-0.0580066	0.183054	0.365115	0.490627	0.555701	0.548084	0.489077	0.414998	0.351878	0.321592	0.344681	0.440524	0.602359	0.787436	0.95843	1.09692	1.18569	1.21737	1.19671	1.12509	0.999513	0.814254	0.569374	0.288215	0	
0	0.00263222	0.00171371	0.00487144	0.0020739	0.000495094	-0.0013325	-0.012168	-0.0188537	-0.0224947	-0.0295089	-0.0301124	-0.0282379	-0.0281423	-0.0246993	-0.0234126	-0.0279148	-0.0372726	-0.0463137	-0.0601387	-0.0735674	-0.0706169	-0.0652726	-0.0545924	-0.0466177	-0.0458427	-0.0638483	-0.1018	-0.148169	-0.200541	-0.265943	-0.33815	-0.388005	-0.413854	-0.413272	-0.38846	-0.328898	-0.239537	-0.114328	0.0281206	0.180047	0.336301	0.492307	0.628022	0.731403	0.805547	0.852029	0.85851	0.829139	0.756575	0.650346	0.514377	0.380233	0.285133	0.241713	0.249988	0.298985	0.375151	0.45574	0.508596	0.499557	0.421767	0.276559	0.0734838	-0.184317	-0.490696	-0.813301	-1.11611	-1.3476	-1.45901	-1.42806	-1.2617	-0.99398	-0.672066	-0.350627	-0.0608548	0.185627	0.374959	0.506727	0.571858	0.556238	0.482964	0.391995	0.314992	0.278002	0.300447	0.396941	0.558748	0.748776	0.937146	1.10388	1.22123	1.27199	1.25832	1.18523	1.05391	0.85937	0.601174	0.304257	0	
0	0.00213505	0.00140656	0.00184864	-0.00125073	-0.00741137	-0.0119448	-0.0157756	-0.0187033	-0.0193783	-0.0221348	-0.0193996	-0.0170673	-0.0189607	-0.0217894	-0.0273222	-0.0406934	-0.0576223	-0.0664002	-0.075916	-0.0756883	-0.0639983	-0.0533801	-0.0499791	-0.0558404	-0.0745175	-0.109175	-0.160341	-0.216179	-0.276266	-0.341734	-0.39998	-0.422879	-0.416921	-0.38846	-0.336517	-0.250505	-0.130291	0.017556	0.172112	0.320114	0.464919	0.606628	0.724647	0.807184	0.850779	0.859361	0.827532	0.763707	0.672278	0.55922	0.42888	0.310874	0.232582	0.206517	0.229563	0.287516	0.370176	0.455384	0.506571	0.495735	0.418258	0.270627	0.0685144	-0.183457	-0.48502	-0.806351	-1.11051	-1.34243	-1.45422	-1.42754	-1.26645	-1.00012	-0.677149	-0.352608	-0.0555022	0.198686	0.390867	0.51972	0.576707	0.550341	0.468249	0.373858	0.299575	0.267735	0.291679	0.383222	0.537001	0.72266	0.912765	1.08323	1.20394	1.26107	1.25832	1.19517	1.06526	0.862439	0.594224	0.295839	0	
0	-0.00347996	-0.00895711	-0.0103189	-0.015815	-0.0165346	-0.0152142	-0.0190269	-0.0179391	-0.0136279	-0.0131253	-0.0108223	-0.0107542	-0.0192505	-0.0287969	-0.0427918	-0.0583686	-0.0688831	-0.0685138	-0.0648997	-0.0587695	-0.0453099	-0.0460679	-0.0571849	-0.0814329	-0.114963	-0.163333	-0.225073	-0.287885	-0.346098	-0.396485	-0.427277	-0.417873	-0.384182	-0.328898	-0.250505	-0.133237	0.0102224	0.171346	0.321549	0.457676	0.587589	0.711526	0.808312	0.858674	0.864247	0.831784	0.763253	0.677787	0.576372	0.46796	0.351384	0.250426	0.191598	0.181579	0.214864	0.28121	0.368361	0.453415	0.505945	0.495658	0.417378	0.273327	0.0739158	-0.180747	-0.484993	-0.806572	-1.10921	-1.34143	-1.45643	-1.43065	-1.26842	-1.0009	-0.673451	-0.341544	-0.0403481	0.210933	0.395833	0.516231	0.565604	0.537132	0.46104	0.377411	0.313633	0.287896	0.311461	0.396705	0.539478	0.709854	0.879794	1.027	1.1303	1.18578	1.19557	1.14697	1.02381	0.82089	0.555203	0.270915	0	
0	-0.00740602	-0.0154681	-0.0198825	-0.0230233	-0.0250124	-0.0234031	-0.0191719	-0.0131872	-0.00782293	-0.00993102	-0.0119076	-0.0201693	-0.0356077	-0.047943	-0.056234	-0.0632862	-0.0625172	-0.0520276	-0.0457402	-0.0417641	-0.0415835	-0.0566243	-0.0849162	-0.122144	-0.170014	-0.229187	-0.297533	-0.354978	-0.395868	-0.418921	-0.418297	-0.380976	-0.320747	-0.239537	-0.130291	0.0102224	0.167481	0.324457	0.462219	0.582358	0.695443	0.799553	0.864798	0.877344	0.840782	0.770548	0.677727	0.579774	0.481182	0.383376	0.281104	0.198912	0.15624	0.159814	0.205706	0.280277	0.37349	0.464429	0.516294	0.503632	0.423864	0.274517	0.0708116	-0.185329	-0.489952	-0.812423	-1.1171	-1.34745	-1.4562	-1.42558	-1.25928	-0.985705	-0.656042	-0.32882	-0.034981	0.207103	0.382279	0.4981	0.551602	0.535496	0.475526	0.406121	0.352461	0.332542	0.356816	0.434958	0.558846	0.697799	0.828113	0.935756	1.01061	1.05575	1.06975	1.03172	0.92212	0.737065	0.494831	0.239145	0	
0	-0.00574381	-0.010984	-0.0127724	-0.0161484	-0.0135993	-0.0105315	-0.0115576	-0.0138902	-0.0182588	-0.0285651	-0.0393961	-0.0489436	-0.0604273	-0.0626194	-0.061611	-0.0569543	-0.0472778	-0.0362905	-0.0360925	-0.0444477	-0.0564858	-0.0868754	-0.127909	-0.179299	-0.237236	-0.300905	-0.360843	-0.397702	-0.410552	-0.404189	-0.376277	-0.311717	-0.225261	-0.114328	0.017556	0.171346	0.324457	0.468608	0.588466	0.690416	0.783865	0.856889	0.883812	0.851201	0.775463	0.677789	0.571227	0.476154	0.388694	0.307366	0.224668	0.161189	0.136057	0.155372	0.210825	0.292999	0.391049	0.479851	0.528345	0.510825	0.423387	0.269528	0.0620282	-0.200003	-0.50797	-0.828578	-1.12369	-1.34129	-1.44066	-1.40246	-1.2333	-0.966188	-0.647653	-0.330815	-0.0473914	0.18511	0.358817	0.483913	0.552453	0.553857	0.511466	0.456545	0.413613	0.399884	0.421997	0.484156	0.57573	0.671099	0.755081	0.819457	0.858658	0.879737	0.882956	0.849615	0.763137	0.616932	0.419222	0.204137	0	
0	0.00336596	0.00571981	0.00817866	0.00805904	0.00542923	-0.0013408	-0.011764	-0.0224846	-0.0347264	-0.0505911	-0.0592843	-0.0653746	-0.0701993	-0.0645825	-0.054886	-0.0494638	-0.0436457	-0.0427313	-0.0541115	-0.0741555	-0.100859	-0.145555	-0.200708	-0.259812	-0.318476	-0.369937	-0.407331	-0.414847	-0.399313	-0.367306	-0.311807	-0.219456	-0.103822	0.0281206	0.172112	0.321549	0.462219	0.588466	0.68935	0.77157	0.836309	0.873612	0.85602	0.784207	0.680965	0.570088	0.467688	0.385324	0.316699	0.255069	0.189434	0.143335	0.133084	0.162302	0.225984	0.312457	0.409633	0.496166	0.53616	0.507719	0.411484	0.249357	0.0379467	-0.222338	-0.521715	-0.828779	-1.11148	-1.31828	-1.40965	-1.37299	-1.2144	-0.959484	-0.654561	-0.351324	-0.0738929	0.161816	0.345242	0.484646	0.570538	0.591791	0.568921	0.529227	0.495213	0.48099	0.489091	0.522075	0.572837	0.624024	0.66531	0.686387	0.681682	0.665205	0.646739	0.616239	0.560724	0.466423	0.326192	0.161709	0	
0	0.00616216	0.0117035	0.0131618	0.00931331	0.00434617	-0.0060619	-0.0173788	-0.0309349	-0.0427938	-0.0525364	-0.0572842	-0.0556672	-0.0547105	-0.0466116	-0.043701	-0.0464491	-0.0506086	-0.062165	-0.0892448	-0.125185	-0.168751	-0.227153	-0.288838	-0.343879	-0.387562	-0.415363	-0.424736	-0.404219	-0.363445	-0.304716	-0.219817	-0.0977408	0.0382681	0.180047	0.320114	0.457676	0.582358	0.690416	0.77157	0.825883	0.857886	0.852717	0.796343	0.694997	0.578617	0.470841	0.381804	0.319367	0.270901	0.225434	0.174173	0.140744	0.138734	0.175087	0.240215	0.324628	0.418819	0.496669	0.527029	0.491876	0.391044	0.230787	0.0254876	-0.227371	-0.517395	-0.816427	-1.09007	-1.28951	-1.38294	-1.35468	-1.20797	-0.96885	-0.676878	-0.375964	-0.0933669	0.149217	0.344433	0.502202	0.609048	0.652129	0.648687	0.619839	0.584339	0.555195	0.536343	0.533794	0.545127	0.557668	0.55989	0.535992	0.482558	0.425036	0.384592	0.357987	0.333312	0.290222	0.21011	0.105243	0	
