0	0	0	0	0	0	0	0	0	0	0	0	0	0	0	0	0	0	0	0	0	0	0	0	0	0	0	0	0	0	0	0	0	0	0	0	0	0	0	0	0	0	0	0	0	0	0	0	0	0	0	0	0	0	0	0	0	0	0	0	0	0	0	0	0	0	0	0	0	0	0	0	0	0	0	0	0	0	0	0	0	0	0	0	0	0	0	0	0	0	0	0	0	0	0	0	0	0	0	0	
0	0.00142736	-0.000463004	0.0023865	0.000694954	0.000471558	0.0010061	-0.000766424	-0.00168902	-0.000333485	-0.00221226	-0.00112248	0.000880944	-0.000255204	0.000518245	0.000784864	-0.000729126	-0.00066173	-0.00159721	0.00128786	0.00235299	-0.000364571	-0.000580473	0.000860758	0.000582325	-0.000359644	0.00113946	0.000238266	-0.000295726	-0.000118249	-0.000446314	-0.0034649	-0.00276191	-0.00724511	-0.0133009	-0.0180953	-0.0256735	-0.0370375	-0.0437496	-0.0472841	-0.045707	-0.0352409	-0.0126648	0.0163144	0.046641	0.0696015	0.0869406	0.0889187	0.0769931	0.060421	0.0457223	0.0259185	0.000497007	-0.0225007	-0.0371625	-0.0452284	-0.0404641	-0.0296748	-0.0159298	-0.000763663	0.00683004	0.00858998	0.00129575	-0.00591936	-0.00810931	-0.00928925	-0.00763035	-0.00197029	0.00010726	0.000592679	0.002132	-0.0020972	-0.00547459	-0.00842019	-0.0097765	-0.0061744	-0.00210423	0.0061298	0.00962063	0.00209097	-0.00791513	-0.0206667	-0.0351834	-0.044333	-0.0427186	-0.0319508	-0.0141553	0.0119724	0.036114	0.052716	0.0704909	0.0873246	0.0956257	0.0929081	0.078135	0.0575116	0.0374241	0.0188068	0.00567791	0	
0	-0.000463004	-0.00222678	-0.000924098	-0.00314912	-0.000192787	-0.00136946	0.00067746	0.00260576	0.00105472	0.00312116	0.00106426	0.000443822	-0.00213048	0.000153562	-0.00029574	-0.00258409	0.00520929	-0.000641448	-0.00140445	-0.00290102	-0.000906495	-2.65141e-05	0.000211528	-0.00184343	-0.00141089	0.000151766	-0.00240807	-0.00264536	-0.000732629	-0.0029351	-0.00934532	-0.00773997	-0.016206	-0.0276071	-0.0388703	-0.0524634	-0.0762987	-0.0875093	-0.0968918	-0.091458	-0.0717688	-0.02594	0.032001	0.0916879	0.140202	0.172976	0.179526	0.155597	0.123101	0.0949817	0.0523969	0.00471017	-0.0438165	-0.0735559	-0.0896475	-0.0838303	-0.0607471	-0.0345283	-0.00524153	0.012976	0.0159896	0.00343481	-0.00706154	-0.0144521	-0.0166308	-0.0127863	-0.00751543	-0.00217053	-0.000159649	-0.000226644	-0.00332742	-0.00673929	-0.014961	-0.0173827	-0.0111855	-0.00736784	0.00638972	0.0183903	0.00976252	-0.0139179	-0.044852	-0.0714681	-0.0872387	-0.0854682	-0.0634617	-0.0260417	0.0248733	0.0716968	0.105714	0.14125	0.174166	0.190738	0.184979	0.155062	0.113996	0.0740577	0.0372341	0.0114246	0	
0	0.0023865	-0.000924098	0.00412278	0.000824925	0.00117569	0.00139389	-0.00116232	-0.00262893	-0.000874684	-0.00369938	-0.00179106	0.00121961	-0.000645212	0.00151929	0.00133916	-0.00200333	0.000502679	-0.00415485	0.00152768	0.00444737	-0.000642945	-0.00059257	0.00112427	0.000113932	-0.0012977	0.00286607	-4.57605e-05	-0.00187498	-0.000987562	-0.00263707	-0.00990383	-0.0101925	-0.0223906	-0.0398289	-0.0546144	-0.0780705	-0.110008	-0.130202	-0.141611	-0.136328	-0.105173	-0.0389844	0.0460583	0.135651	0.206256	0.257129	0.264583	0.231468	0.184052	0.139226	0.0784074	0.00554018	-0.0631797	-0.108107	-0.132961	-0.122022	-0.0897014	-0.0497018	-0.00598859	0.0178423	0.0228223	0.00506035	-0.0137587	-0.0227342	-0.0271863	-0.0224282	-0.00837302	-0.00056712	0.00214018	0.00395822	-0.00546708	-0.015293	-0.0259954	-0.0276757	-0.016748	-0.00581052	0.0159956	0.0260815	0.00627807	-0.025245	-0.064882	-0.10567	-0.130361	-0.125227	-0.092493	-0.0381456	0.0377312	0.108664	0.160351	0.212258	0.260114	0.284371	0.274744	0.229874	0.169006	0.109139	0.0546556	0.0171762	0	
0	0.000694954	-0.00314912	0.000824925	-0.00309068	-0.000295407	-0.000510248	-0.000179162	0.00172089	0.00107713	0.00186934	0.000438127	0.000920499	-0.00220696	-0.000154999	-0.000421075	-0.00197384	0.00329668	-0.000326212	0.000175582	-0.00196203	-0.00215759	-0.000354756	0.000618496	-0.00067308	-0.000899483	-0.000635583	-0.00309416	-0.00276525	-0.00111837	-0.00604201	-0.0150069	-0.0157719	-0.031381	-0.053058	-0.0749395	-0.105276	-0.146652	-0.172752	-0.189201	-0.181433	-0.139677	-0.05392	0.0587331	0.175542	0.272823	0.338544	0.35131	0.309796	0.249657	0.188446	0.107179	0.0118229	-0.0779676	-0.140843	-0.174309	-0.163217	-0.122575	-0.0682474	-0.0143167	0.0202424	0.0277051	0.00745466	-0.0121013	-0.0274371	-0.0341432	-0.0283463	-0.0143324	-0.00307258	0.000694389	0.00168672	-0.00703265	-0.0185998	-0.0314436	-0.033472	-0.0212178	-0.00769182	0.0153944	0.0288027	0.0107762	-0.0320914	-0.0892061	-0.141396	-0.172467	-0.165756	-0.118429	-0.0432591	0.0524458	0.143495	0.215761	0.284804	0.345067	0.375617	0.361511	0.301652	0.2213	0.141803	0.0709442	0.0231013	0	
0	0.000471558	-0.000192787	0.00117569	-0.000295407	0.00100799	-0.000174854	-2.50789e-05	-0.000395868	-0.000292378	-0.00102368	-0.000124812	0.000439798	-0.00139819	0.00167131	1.44065e-05	-0.00250618	0.00258077	-0.00360483	-0.00103363	0.00117187	-0.000582375	0.000354179	-0.000242042	-0.00227794	-0.00249931	0.00220088	-0.00106192	-0.00403482	-0.00366151	-0.00683676	-0.0153795	-0.020706	-0.0390923	-0.0648568	-0.0920755	-0.131492	-0.179373	-0.213507	-0.233887	-0.224492	-0.172748	-0.0686937	0.0678016	0.212569	0.333695	0.415966	0.432205	0.386586	0.313911	0.236387	0.134575	0.0197562	-0.0902462	-0.169834	-0.211891	-0.202056	-0.151606	-0.0870375	-0.0212188	0.0206474	0.0297261	0.0105578	-0.0137449	-0.0332004	-0.0432588	-0.0365838	-0.0183379	-0.00328484	0.0035556	0.00223538	-0.00892508	-0.0249778	-0.0429831	-0.0419769	-0.0237844	-0.00549669	0.0211097	0.0329049	0.00664636	-0.0467036	-0.113946	-0.175794	-0.210336	-0.199125	-0.141992	-0.0498663	0.0685311	0.182503	0.273519	0.356359	0.428157	0.464434	0.444174	0.369277	0.270278	0.171585	0.0857391	0.0289959	0	
0	0.0010061	-0.00136946	0.00139389	-0.000510248	-0.000174854	0.000311784	-0.000679928	-0.000955488	-0.000394168	-0.00112897	-0.00106416	-3.94091e-05	-0.000101767	-5.6927e-05	-0.000176768	0.000901458	-0.00070004	-0.000277608	0.00170723	0.00148157	-0.0015096	-0.000311526	-1.52247e-06	0.0015201	0.000834647	-0.00116474	-0.00239443	-0.00213156	-0.00219173	-0.00899963	-0.0170861	-0.0257938	-0.0455813	-0.0757578	-0.109069	-0.157303	-0.209561	-0.253053	-0.275862	-0.266401	-0.203185	-0.0847095	0.0755392	0.24551	0.39158	0.488835	0.510908	0.462798	0.381231	0.28369	0.165426	0.0290308	-0.0974766	-0.19555	-0.24786	-0.237773	-0.183502	-0.10587	-0.0318439	0.0174981	0.031175	0.0136223	-0.0126544	-0.0373218	-0.0506606	-0.0452789	-0.0233904	-0.00414792	0.00253618	0.0026592	-0.0106089	-0.0334184	-0.0493886	-0.0466825	-0.0277194	-0.00192183	0.023845	0.0295724	0.000373805	-0.0597292	-0.136526	-0.208249	-0.249629	-0.2342	-0.159477	-0.0462338	0.0875125	0.218449	0.331291	0.430647	0.510891	0.548317	0.52082	0.432646	0.315548	0.197713	0.0987837	0.0348897	0	
0	-0.000766424	0.00067746	-0.00116232	-0.000179162	-2.50789e-05	-0.000679928	0.000688423	0.000818195	0.000768022	0.00142538	0.000749712	0.000250563	-0.00121232	-0.000367228	-0.00179082	-0.000857466	-0.000982815	0.000199269	-0.00216244	-0.0028944	-0.00100146	-0.000207483	-0.00121934	-0.0026961	-0.00231593	-0.00174108	-0.00144172	-0.00446045	-0.00679826	-0.0114508	-0.0195145	-0.0326819	-0.0552542	-0.0871418	-0.129118	-0.183123	-0.241631	-0.291833	-0.319659	-0.307472	-0.235596	-0.10324	0.078225	0.272207	0.443402	0.555154	0.585458	0.539738	0.449232	0.335557	0.198367	0.045746	-0.0985309	-0.215939	-0.276769	-0.273308	-0.213967	-0.128719	-0.0482509	0.00999657	0.0281563	0.016129	-0.0097552	-0.0391833	-0.0561257	-0.0504396	-0.0291258	-0.00735372	0.00256779	-0.000339267	-0.0145017	-0.0386005	-0.0560175	-0.0517895	-0.0284602	0.00134873	0.0235823	0.0259143	-0.00638943	-0.0766978	-0.164698	-0.242118	-0.281593	-0.259344	-0.173483	-0.0435666	0.108574	0.259865	0.391941	0.50332	0.590334	0.627916	0.592136	0.490656	0.355639	0.219918	0.110336	0.0406655	0	
0	-0.00168902	0.00260576	-0.00262893	0.00172089	-0.000395868	-0.000955488	0.000818195	-0.00213447	-0.000503885	-0.00145985	-0.00134827	-0.000296504	6.72564e-05	0.000529682	0.000588548	0.0011697	-0.000623759	0.000590547	-0.000182973	0.000788622	0.00160173	-0.000745342	-0.000422018	0.000681391	0.000121356	-0.0010977	-0.00103463	-0.00322012	-0.0067927	-0.0108492	-0.0200508	-0.0374295	-0.0610628	-0.0958492	-0.145326	-0.205077	-0.268347	-0.326059	-0.357789	-0.342866	-0.264287	-0.119161	0.0792599	0.297069	0.489307	0.616225	0.655079	0.614333	0.51619	0.385496	0.23144	0.0634918	-0.0982258	-0.232451	-0.302698	-0.305075	-0.24183	-0.152186	-0.0638595	0.000971737	0.0246984	0.0198326	-0.00921048	-0.0420676	-0.0618803	-0.0582945	-0.0351029	-0.00987668	0.00218429	-0.00106188	-0.0174482	-0.0455632	-0.062516	-0.0561763	-0.0294198	0.00506979	0.0247534	0.0200485	-0.0212085	-0.0986395	-0.189535	-0.271238	-0.31194	-0.282656	-0.182028	-0.0332781	0.134896	0.301654	0.451084	0.576658	0.669514	0.701568	0.655152	0.542581	0.391083	0.238419	0.120003	0.0457949	0	
0	-0.000333485	0.00105472	-0.000874684	0.00107713	-0.000292378	-0.000394168	0.000768022	-0.000503885	-0.000454343	0.00118667	-0.00116176	-0.000548813	0.000985015	-0.00224587	-0.00130687	0.00151506	-0.0049525	0.00166597	-0.00111048	-0.00148074	-0.000254533	-0.00189242	-0.00169942	-8.30376e-05	9.80028e-05	-0.00444365	-0.00196051	-0.00376949	-0.00807045	-0.0139125	-0.0233483	-0.0442351	-0.0682001	-0.10735	-0.163746	-0.228726	-0.296039	-0.362031	-0.395554	-0.380104	-0.293757	-0.140302	0.0760645	0.313048	0.527576	0.667828	0.72055	0.686586	0.58496	0.438264	0.271211	0.088154	-0.0902111	-0.239937	-0.322663	-0.330165	-0.271254	-0.178248	-0.0860571	-0.0156219	0.0185847	0.0192093	-0.0080551	-0.0423847	-0.0635025	-0.0612567	-0.040326	-0.0136494	-0.00226621	-0.00512082	-0.0223043	-0.0527648	-0.0638687	-0.0565893	-0.031294	0.00758607	0.0232425	0.00907428	-0.0385351	-0.121279	-0.216358	-0.299288	-0.336663	-0.299562	-0.184606	-0.0181908	0.164276	0.345685	0.511931	0.650022	0.744781	0.767864	0.711095	0.588483	0.42064	0.252847	0.128109	0.050399	0	
0	-0.00221226	0.00312116	-0.00369938	0.00186934	-0.00102368	-0.00112897	0.00142538	-0.00145985	0.00118667	0.000559377	-0.000629165	0.00132186	-0.00108235	-0.00154869	0.00075044	-0.00163418	-0.00105073	0.00256191	-0.00277172	-0.00300338	0.00185748	-0.00270861	0.000642592	-0.00164363	-0.00297784	-0.00300015	0.000597592	-0.00529321	-0.0123064	-0.0136572	-0.0255022	-0.0490821	-0.0761063	-0.116796	-0.181314	-0.24781	-0.323032	-0.392377	-0.43107	-0.410842	-0.322845	-0.158189	0.0696445	0.32671	0.55772	0.713888	0.780091	0.757158	0.650923	0.493636	0.312472	0.116575	-0.0783708	-0.243951	-0.334693	-0.353813	-0.296849	-0.20685	-0.111595	-0.0328692	0.00941404	0.0184577	-0.00869515	-0.0422669	-0.0633975	-0.0628059	-0.044987	-0.021294	-0.00636715	-0.0103751	-0.030288	-0.0543341	-0.0638666	-0.0589017	-0.0299957	0.00719056	0.0169803	-0.00188551	-0.0585585	-0.147979	-0.244438	-0.32623	-0.35497	-0.305896	-0.18138	-0.0023887	0.197914	0.39576	0.57325	0.719918	0.815836	0.828267	0.759296	0.62631	0.444145	0.264379	0.134738	0.0537825	0	
0	-0.00112248	0.00106426	-0.00179106	0.000438127	-0.000124812	-0.00106416	0.000749712	-0.00134827	-0.00116176	-0.000629165	-0.00232344	-0.000573599	0.000373986	-0.000401839	0.00190582	0.000691789	-0.0011554	0.000528498	-0.000629656	0.000762894	0.00206152	-0.00225002	-0.000812667	0.000227906	0.00112464	-0.00238663	-0.00311533	-0.00505581	-0.00966386	-0.0139474	-0.0295081	-0.0535399	-0.0807873	-0.127024	-0.195955	-0.266391	-0.346444	-0.421471	-0.460992	-0.440311	-0.348628	-0.177316	0.0622252	0.333975	0.580341	0.75114	0.834093	0.821722	0.715259	0.549065	0.357211	0.148448	-0.0636928	-0.239343	-0.342642	-0.368519	-0.321003	-0.235353	-0.137559	-0.0539886	0.00041578	0.0133333	-0.0121747	-0.0433568	-0.0621641	-0.0626218	-0.0504994	-0.0277342	-0.0132113	-0.0170473	-0.0348788	-0.0571473	-0.0625363	-0.056584	-0.032723	0.00269029	0.0124126	-0.0160289	-0.0852682	-0.178385	-0.271093	-0.34511	-0.366236	-0.310847	-0.174076	0.0233051	0.238808	0.445492	0.632271	0.789187	0.883277	0.880539	0.798368	0.656169	0.462347	0.273323	0.139587	0.0558144	0	
0	0.000880944	0.000443822	0.00121961	0.000920499	0.000439798	-3.94091e-05	0.000250563	-0.000296504	-0.000548813	0.00132186	-0.000573599	-0.000398227	0.000671377	-0.00389188	-0.00068375	-0.00337304	-0.00172026	-0.000488751	-0.0031898	-0.0013083	-0.00130429	-0.00279715	-0.000494694	-0.00125023	-0.00338229	-0.00443167	-0.000806783	-0.00592488	-0.01252	-0.0184179	-0.0315588	-0.0587138	-0.0874939	-0.140347	-0.20987	-0.286324	-0.370607	-0.450402	-0.490165	-0.46993	-0.376077	-0.198492	0.0495538	0.333494	0.592345	0.779025	0.880636	0.879994	0.778346	0.607595	0.408646	0.186761	-0.0402429	-0.225039	-0.340504	-0.376036	-0.34263	-0.265789	-0.169703	-0.0803129	-0.0156599	0.00244366	-0.0187164	-0.0430403	-0.0546485	-0.0566996	-0.0516078	-0.0360588	-0.0245094	-0.0281452	-0.044143	-0.0572341	-0.0562602	-0.0519964	-0.0342694	-0.00562218	0.00125901	-0.0339562	-0.112848	-0.208433	-0.297686	-0.363882	-0.371937	-0.302549	-0.156523	0.0492643	0.27913	0.500495	0.695739	0.854286	0.940887	0.925079	0.831021	0.677722	0.474197	0.279901	0.143178	0.0568202	0	
0	-0.000255204	-0.00213048	-0.000645212	-0.00220696	-0.00139819	-0.000101767	-0.00121232	6.72564e-05	0.000985015	-0.00108235	0.000373986	0.000671377	-0.000845566	2.06414e-05	0.00214466	-0.000550658	0.000415382	0.00172112	0.000259483	-0.000381296	-0.00113377	-0.00113156	0.000351286	-0.00186671	-0.0012054	-0.00186662	-0.00312501	-0.00808432	-0.012346	-0.0181615	-0.0354226	-0.0619867	-0.0947314	-0.149757	-0.222182	-0.302317	-0.392079	-0.473009	-0.513778	-0.493978	-0.397968	-0.215619	0.038966	0.330983	0.599464	0.802802	0.920403	0.933639	0.837439	0.667181	0.461509	0.224194	-0.0130362	-0.209549	-0.332589	-0.379901	-0.362104	-0.293227	-0.201841	-0.104316	-0.0310935	-0.0106999	-0.0267181	-0.0433318	-0.0490833	-0.0511975	-0.0540238	-0.0485296	-0.0362815	-0.0390337	-0.0516053	-0.0522016	-0.0480092	-0.0483276	-0.0385556	-0.017622	-0.0138722	-0.0566769	-0.142414	-0.23834	-0.32293	-0.375684	-0.368001	-0.289396	-0.136647	0.0820326	0.328017	0.558068	0.755679	0.91331	0.992121	0.963465	0.85492	0.689366	0.481055	0.285453	0.145343	0.0564266	0	
0	0.000518245	0.000153562	0.00151929	-0.000154999	0.00167131	-5.6927e-05	-0.000367228	0.000529682	-0.00224587	-0.00154869	-0.000401839	-0.00389188	2.06414e-05	-0.000251989	-0.00170023	-0.000218841	0.000358786	-0.00365412	-0.00324562	0.000554454	-0.000880175	0.00159843	-0.00286918	-0.00126093	-0.000998241	-0.00201679	-0.00489577	-0.00572043	-0.0109589	-0.0217516	-0.0380035	-0.0644358	-0.100517	-0.160566	-0.232184	-0.319916	-0.411598	-0.495463	-0.535688	-0.519005	-0.420029	-0.235537	0.0233862	0.318938	0.596192	0.814527	0.948957	0.97595	0.891754	0.72754	0.51622	0.269213	0.020665	-0.180845	-0.314459	-0.373863	-0.373301	-0.319737	-0.233366	-0.132938	-0.0551855	-0.0315577	-0.0404614	-0.0465265	-0.0401455	-0.0412414	-0.0544739	-0.0563925	-0.0506298	-0.0550164	-0.055464	-0.0478504	-0.041344	-0.0408076	-0.0457328	-0.0370542	-0.0322073	-0.0783983	-0.171612	-0.271694	-0.347766	-0.379991	-0.356705	-0.268893	-0.106748	0.12127	0.376177	0.615016	0.81794	0.968947	1.03278	0.99201	0.871013	0.693802	0.483546	0.288916	0.146084	0.0556843	0	
0	0.000784864	-0.00029574	0.00133916	-0.000421075	1.44065e-05	-0.000176768	-0.00179082	0.000588548	-0.00130687	0.00075044	0.00190582	-0.00068375	0.00214466	-0.00170023	-0.00318595	-0.000949408	-0.00368953	-0.000137821	0.00210581	-0.000382984	-0.00478495	-0.00118498	-0.00314931	-0.000640208	-0.00218268	-0.00401008	-0.0046973	-0.00745333	-0.0142128	-0.0255934	-0.0395157	-0.068686	-0.110079	-0.170078	-0.243216	-0.336756	-0.43099	-0.514141	-0.556328	-0.54058	-0.439302	-0.253157	0.00779427	0.303552	0.589188	0.820215	0.970216	1.01146	0.944152	0.788448	0.574122	0.316769	0.0622213	-0.147657	-0.289263	-0.363303	-0.381714	-0.342681	-0.26602	-0.162782	-0.08434	-0.0565336	-0.0558699	-0.0486779	-0.0297863	-0.0305104	-0.0507515	-0.0663321	-0.0691613	-0.070746	-0.0633702	-0.0438393	-0.0291744	-0.0341106	-0.0528798	-0.0539862	-0.0582729	-0.112826	-0.204899	-0.297523	-0.361746	-0.379269	-0.341477	-0.240063	-0.0697192	0.163885	0.427552	0.675423	0.878844	1.01551	1.06271	1.01319	0.880064	0.690813	0.481457	0.290458	0.146189	0.0552331	0	
0	-0.000729126	-0.00258409	-0.00200333	-0.00197384	-0.00250618	0.000901458	-0.000857466	0.0011697	0.00151506	-0.00163418	0.000691789	-0.00337304	-0.000550658	-0.000218841	-0.000949408	0.00622382	-0.00182056	0.00097986	-0.0018729	-0.00258091	-0.00194246	0.00343468	-0.00215519	-0.00172581	-0.00172238	-0.00283551	-0.00588299	-0.00737697	-0.0134885	-0.0265251	-0.0419374	-0.0721729	-0.116591	-0.17657	-0.25289	-0.351925	-0.445399	-0.529935	-0.572924	-0.558746	-0.454139	-0.268577	-0.00864818	0.286096	0.576434	0.819334	0.979792	1.03827	0.990201	0.845617	0.630423	0.366051	0.107997	-0.10879	-0.259077	-0.346619	-0.382628	-0.360085	-0.291594	-0.192853	-0.115514	-0.0833709	-0.0742387	-0.0520246	-0.0244544	-0.0235142	-0.0497192	-0.0779682	-0.0869285	-0.0846003	-0.0639754	-0.0338504	-0.0185364	-0.03185	-0.0668513	-0.080769	-0.0907351	-0.143478	-0.229788	-0.321009	-0.377309	-0.373609	-0.315595	-0.203494	-0.0265748	0.213646	0.481588	0.733082	0.935327	1.05597	1.08426	1.02453	0.880124	0.682437	0.476629	0.28995	0.145568	0.0552814	0	
0	-0.00066173	0.00520929	0.000502679	0.00329668	0.00258077	-0.00070004	-0.000982815	-0.000623759	-0.0049525	-0.00105073	-0.0011554	-0.00172026	0.000415382	0.000358786	-0.00368953	-0.00182056	-0.00501888	-0.000857436	-6.5771e-05	-0.00300851	0.00244919	-0.000913994	-0.00447043	-0.00142643	1.59522e-06	-0.0035365	-0.00563008	-0.00562989	-0.0156508	-0.0281416	-0.0434135	-0.0740769	-0.124799	-0.181257	-0.265024	-0.363597	-0.461413	-0.542735	-0.591674	-0.57357	-0.47024	-0.285037	-0.0286131	0.262115	0.557849	0.805669	0.977468	1.05399	1.02777	0.89981	0.684076	0.42313	0.162022	-0.0598461	-0.217029	-0.321164	-0.372021	-0.368783	-0.314956	-0.225983	-0.156678	-0.120544	-0.0969337	-0.0614901	-0.0209916	-0.012373	-0.044089	-0.081377	-0.100672	-0.100021	-0.0686796	-0.030929	-0.014132	-0.0322152	-0.0759421	-0.102824	-0.127629	-0.181197	-0.259795	-0.342888	-0.38037	-0.354943	-0.284413	-0.16287	0.0237662	0.268414	0.536172	0.789455	0.987714	1.08867	1.09576	1.02492	0.87271	0.671399	0.469158	0.286407	0.14476	0.0567132	0	
0	-0.00159721	-0.000641448	-0.00415485	-0.000326212	-0.00360483	-0.000277608	0.000199269	0.000590547	0.00166597	0.00256191	0.000528498	-0.000488751	0.00172112	-0.00365412	-0.000137821	0.00097986	-0.000857436	-0.00144089	0.000684197	-0.00211241	-0.00154653	-0.00547405	-0.00186871	-0.000517624	-0.00308522	-0.00599561	-0.00637121	-0.00903827	-0.0185365	-0.030424	-0.0458059	-0.0820067	-0.130908	-0.188822	-0.276415	-0.377394	-0.473766	-0.556368	-0.606783	-0.585329	-0.482953	-0.297697	-0.0477481	0.241886	0.537553	0.788978	0.969613	1.06417	1.0629	0.947496	0.739097	0.482425	0.219131	-0.00649338	-0.176551	-0.291945	-0.358331	-0.373293	-0.331756	-0.260289	-0.197312	-0.152756	-0.118412	-0.0684813	-0.019797	-0.0109115	-0.0415182	-0.0891608	-0.1188	-0.109575	-0.0689719	-0.0251308	-0.00712381	-0.0360034	-0.0921488	-0.13352	-0.168843	-0.22015	-0.28919	-0.352482	-0.36918	-0.33389	-0.251567	-0.114014	0.0813261	0.327435	0.593638	0.842693	1.03029	1.1125	1.09984	1.01544	0.857917	0.658031	0.459322	0.280673	0.144423	0.0591774	0	
0	0.00128786	-0.00140445	0.00152768	0.000175582	-0.00103363	0.00170723	-0.00216244	-0.000182973	-0.00111048	-0.00277172	-0.000629656	-0.0031898	0.000259483	-0.00324562	0.00210581	-0.0018729	-6.5771e-05	0.000684197	-0.000993215	-0.00424175	-0.000432394	0.00135454	0.000742089	-0.00228039	-0.0025694	-0.00333085	-0.00496681	-0.00829778	-0.0161848	-0.0305193	-0.0469626	-0.0855211	-0.131175	-0.195401	-0.284583	-0.386585	-0.481729	-0.568429	-0.617474	-0.593946	-0.493253	-0.310239	-0.0674972	0.219725	0.510831	0.762075	0.949341	1.06261	1.08415	0.983489	0.788907	0.542291	0.281268	0.0528558	-0.127407	-0.251246	-0.33182	-0.362507	-0.340341	-0.293316	-0.239437	-0.192241	-0.145316	-0.0838035	-0.0302645	-0.0115823	-0.0387198	-0.0920637	-0.123698	-0.114635	-0.070806	-0.0220458	-0.0112006	-0.0488989	-0.109093	-0.163529	-0.211942	-0.260682	-0.31072	-0.35228	-0.357192	-0.307492	-0.205515	-0.0582021	0.141381	0.3909	0.651942	0.888881	1.06324	1.12949	1.09609	0.995265	0.83657	0.64332	0.448146	0.273903	0.144411	0.0616202	0	
0	0.00235299	-0.00290102	0.00444737	-0.00196203	0.00117187	0.00148157	-0.0028944	0.000788622	-0.00148074	-0.00300338	0.000762894	-0.0013083	-0.000381296	0.000554454	-0.000382984	-0.00258091	-0.00300851	-0.00211241	-0.00424175	0.00218083	-0.000200105	-0.00189631	-0.00478099	-0.00289945	-0.00316664	-0.00264263	-0.0061679	-0.00996609	-0.0202197	-0.0315314	-0.0504637	-0.0887313	-0.136628	-0.204004	-0.29357	-0.395447	-0.492023	-0.582088	-0.625393	-0.603791	-0.501525	-0.324694	-0.0844326	0.196795	0.481517	0.730748	0.922673	1.05617	1.09498	1.01301	0.838071	0.60342	0.349762	0.115011	-0.0725006	-0.204433	-0.299612	-0.342486	-0.346591	-0.324867	-0.28058	-0.232221	-0.17155	-0.102773	-0.045249	-0.0168864	-0.0392702	-0.092177	-0.123957	-0.115927	-0.0718053	-0.0249753	-0.0233561	-0.0666218	-0.129442	-0.194118	-0.250283	-0.297358	-0.335155	-0.351955	-0.330336	-0.26389	-0.154734	-0.00113051	0.20523	0.455226	0.70973	0.931999	1.08597	1.13433	1.08345	0.968674	0.811048	0.626147	0.435693	0.267519	0.144827	0.0633954	0	
0	-0.000364571	-0.000906495	-0.000642945	-0.00215759	-0.000582375	-0.0015096	-0.00100146	0.00160173	-0.000254533	0.00185748	0.00206152	-0.00130429	-0.00113377	-0.000880175	-0.00478495	-0.00194246	0.00244919	-0.00154653	-0.000432394	-0.000200105	-0.00584332	-0.00414622	-0.000883917	-0.00160661	-0.00187632	-0.00485531	-0.00935239	-0.0122693	-0.0178356	-0.0317684	-0.0560871	-0.0922025	-0.140217	-0.210676	-0.30191	-0.402288	-0.503445	-0.590573	-0.633015	-0.609772	-0.510402	-0.335405	-0.0995604	0.174387	0.451096	0.694099	0.893484	1.03986	1.09437	1.03388	0.880831	0.665071	0.417267	0.18005	-0.0114983	-0.153936	-0.25618	-0.315272	-0.347215	-0.347902	-0.319935	-0.268079	-0.198146	-0.129134	-0.0639425	-0.0295355	-0.0464334	-0.0896341	-0.120523	-0.114911	-0.0713485	-0.0318373	-0.0398228	-0.0855612	-0.154523	-0.230201	-0.290722	-0.334494	-0.351302	-0.333519	-0.29072	-0.218117	-0.102189	0.0603741	0.272679	0.523666	0.767769	0.964224	1.09414	1.13034	1.06509	0.936694	0.781156	0.605991	0.423184	0.26296	0.145329	0.0637913	0	
0	-0.000580473	-2.65141e-05	-0.00059257	-0.000354756	0.000354179	-0.000311526	-0.000207483	-0.000745342	-0.00189242	-0.00270861	-0.00225002	-0.00279715	-0.00113156	0.00159843	-0.00118498	0.00343468	-0.000913994	-0.00547405	0.00135454	-0.00189631	-0.00414622	0.00397159	0.00037462	-0.00410343	-0.00482953	-0.00323816	-0.00698468	-0.00836846	-0.0189362	-0.0350234	-0.058245	-0.0891517	-0.144009	-0.217519	-0.306221	-0.406867	-0.511682	-0.596589	-0.636586	-0.614384	-0.515801	-0.343511	-0.111969	0.152956	0.418025	0.656156	0.858275	1.01346	1.07934	1.04322	0.915147	0.720513	0.481736	0.247981	0.0537017	-0.0939531	-0.202186	-0.279126	-0.335018	-0.362591	-0.349791	-0.300414	-0.233034	-0.162195	-0.0941807	-0.0541235	-0.0556723	-0.0847585	-0.107503	-0.101255	-0.0694418	-0.04718	-0.0660672	-0.11758	-0.191605	-0.263435	-0.318524	-0.359924	-0.357227	-0.311396	-0.252271	-0.166348	-0.0367476	0.131974	0.342607	0.585804	0.81476	0.989806	1.09835	1.11519	1.03429	0.901874	0.751415	0.582813	0.410299	0.260787	0.145783	0.0626359	0	
0	0.000860758	0.000211528	0.00112427	0.000618496	-0.000242042	-1.52247e-06	-0.00121934	-0.000422018	-0.00169942	0.000642592	-0.000812667	-0.000494694	0.000351286	-0.00286918	-0.00314931	-0.00215519	-0.00447043	-0.00186871	0.000742089	-0.00478099	-0.000883917	0.00037462	-0.00823151	-0.00428416	-0.0010602	-0.00294037	-0.00964531	-0.0124148	-0.0208647	-0.0366426	-0.0578606	-0.0929243	-0.15189	-0.223427	-0.309206	-0.415866	-0.52181	-0.602597	-0.641881	-0.621041	-0.522914	-0.351997	-0.125051	0.129026	0.384072	0.616167	0.821076	0.976664	1.05703	1.0445	0.944906	0.771994	0.546268	0.321301	0.124865	-0.0254775	-0.143527	-0.238372	-0.318888	-0.369672	-0.372698	-0.33201	-0.26922	-0.198915	-0.126166	-0.0798504	-0.0667833	-0.0792006	-0.0935176	-0.0894881	-0.0749592	-0.0696306	-0.094737	-0.152569	-0.227345	-0.293397	-0.348075	-0.379007	-0.351966	-0.286258	-0.20443	-0.0962741	0.0355736	0.19845	0.408085	0.645708	0.859057	1.01008	1.08977	1.08379	0.99742	0.870043	0.720372	0.555445	0.39841	0.260934	0.145762	0.0608074	0	
0	0.000582325	-0.00184343	0.000113932	-0.00067308	-0.00227794	0.0015201	-0.0026961	0.000681391	-8.30376e-05	-0.00164363	0.000227906	-0.00125023	-0.00186671	-0.00126093	-0.000640208	-0.00172581	-0.00142643	-0.000517624	-0.00228039	-0.00289945	-0.00160661	-0.00410343	-0.00428416	-0.000478448	-0.0029831	-0.00704062	-0.0105075	-0.012284	-0.0197056	-0.0385783	-0.0601163	-0.0971731	-0.155669	-0.224823	-0.314091	-0.424666	-0.527129	-0.60484	-0.646086	-0.625638	-0.525799	-0.356682	-0.135109	0.107466	0.353134	0.579972	0.780219	0.933446	1.02536	1.03623	0.962735	0.810508	0.60531	0.391065	0.199553	0.0469848	-0.0803497	-0.19098	-0.291211	-0.360222	-0.380397	-0.356664	-0.307458	-0.239495	-0.167905	-0.11405	-0.0838083	-0.0789622	-0.0752627	-0.0745355	-0.0804631	-0.0909233	-0.130987	-0.196375	-0.267433	-0.328778	-0.370384	-0.378599	-0.335225	-0.252235	-0.146189	-0.0270432	0.105063	0.272495	0.479799	0.700016	0.8898	1.01649	1.07159	1.04699	0.956962	0.83451	0.687158	0.529866	0.388604	0.259897	0.145043	0.0606774	0	
0	-0.000359644	-0.00141089	-0.0012977	-0.000899483	-0.00249931	0.000834647	-0.00231593	0.000121356	9.80028e-05	-0.00297784	0.00112464	-0.00338229	-0.0012054	-0.000998241	-0.00218268	-0.00172238	1.59522e-06	-0.00308522	-0.0025694	-0.00316664	-0.00187632	-0.00482953	-0.0010602	-0.0029831	-0.00560422	-0.00898611	-0.00822455	-0.0109958	-0.0225383	-0.0425654	-0.0604338	-0.0990237	-0.158507	-0.228084	-0.320767	-0.430209	-0.53014	-0.607867	-0.652485	-0.627481	-0.528992	-0.359584	-0.147478	0.087768	0.323679	0.545058	0.734907	0.884014	0.987588	1.01841	0.967592	0.838702	0.65842	0.461223	0.278906	0.123928	-0.0119662	-0.139009	-0.252807	-0.336608	-0.377836	-0.377629	-0.34608	-0.284657	-0.212427	-0.149025	-0.104973	-0.0784858	-0.0604749	-0.0661924	-0.0869898	-0.117798	-0.172315	-0.240375	-0.311003	-0.363287	-0.381895	-0.36498	-0.305663	-0.208923	-0.0867273	0.0439312	0.183268	0.352198	0.547136	0.742344	0.906092	1.0135	1.04933	1.00426	0.908376	0.795346	0.657457	0.508719	0.377759	0.255878	0.145095	0.0631236	0	
0	0.00113946	0.000151766	0.00286607	-0.000635583	0.00220088	-0.00116474	-0.00174108	-0.0010977	-0.00444365	-0.00300015	-0.00238663	-0.00443167	-0.00186662	-0.00201679	-0.00401008	-0.00283551	-0.0035365	-0.00599561	-0.00333085	-0.00264263	-0.00485531	-0.00323816	-0.00294037	-0.00704062	-0.00898611	-0.00355551	-0.00812194	-0.0159599	-0.0280814	-0.0385032	-0.0607135	-0.104197	-0.162265	-0.230063	-0.325963	-0.434553	-0.533044	-0.613881	-0.656553	-0.630304	-0.531308	-0.365886	-0.159959	0.0678005	0.296155	0.509162	0.684083	0.832134	0.942829	0.99108	0.95704	0.856126	0.703644	0.530528	0.359529	0.205244	0.0591579	-0.0804905	-0.201511	-0.300575	-0.362968	-0.393932	-0.383139	-0.33116	-0.259455	-0.185646	-0.127818	-0.0812649	-0.0540848	-0.0631685	-0.0971835	-0.149255	-0.215327	-0.287037	-0.354884	-0.391145	-0.38292	-0.339829	-0.264031	-0.155425	-0.0239005	0.116282	0.26743	0.433292	0.604114	0.772185	0.915303	1.00217	1.01467	0.954572	0.859999	0.756373	0.628627	0.490129	0.366776	0.250439	0.145729	0.0664792	0	
0	0.000238266	-0.00240807	-4.57605e-05	-0.00309416	-0.00106192	-0.00239443	-0.00144172	-0.00103463	-0.00196051	0.000597592	-0.00311533	-0.000806783	-0.00312501	-0.00489577	-0.0046973	-0.00588299	-0.00563008	-0.00637121	-0.00496681	-0.0061679	-0.00935239	-0.00698468	-0.00964531	-0.0105075	-0.00822455	-0.00812194	-0.0193195	-0.0216091	-0.0266853	-0.0419548	-0.072429	-0.111265	-0.16365	-0.236993	-0.335879	-0.440487	-0.538798	-0.621797	-0.66172	-0.634277	-0.535109	-0.373149	-0.171004	0.0509743	0.274377	0.473733	0.637281	0.782421	0.899085	0.954498	0.936211	0.862065	0.740242	0.593066	0.436131	0.284033	0.128338	-0.0157838	-0.142904	-0.251528	-0.339104	-0.400448	-0.411055	-0.374597	-0.301621	-0.22268	-0.15201	-0.093494	-0.063947	-0.0708886	-0.11579	-0.179464	-0.253405	-0.333034	-0.393314	-0.411651	-0.378573	-0.305901	-0.208543	-0.0903661	0.044115	0.192896	0.350294	0.503192	0.653971	0.801836	0.91374	0.968647	0.96905	0.911391	0.815202	0.711387	0.598949	0.477111	0.357156	0.243111	0.145969	0.069893	0	
0	-0.000295726	-0.00264536	-0.00187498	-0.00276525	-0.00403482	-0.00213156	-0.00446045	-0.00322012	-0.00376949	-0.00529321	-0.00505581	-0.00592488	-0.00808432	-0.00572043	-0.00745333	-0.00737697	-0.00562989	-0.00903827	-0.00829778	-0.00996609	-0.0122693	-0.00836846	-0.0124148	-0.012284	-0.0109958	-0.0159599	-0.0216091	-0.0207556	-0.0297725	-0.0517816	-0.0764608	-0.11014	-0.166988	-0.247037	-0.340029	-0.441846	-0.543977	-0.628258	-0.664149	-0.637043	-0.538574	-0.380907	-0.181058	0.0361122	0.252279	0.435657	0.59	0.731826	0.847395	0.903913	0.899859	0.852936	0.763203	0.644709	0.506998	0.360031	0.203052	0.0587247	-0.0706554	-0.19133	-0.305579	-0.394876	-0.432483	-0.412193	-0.343923	-0.260368	-0.178824	-0.117615	-0.0851366	-0.0921502	-0.139008	-0.206245	-0.293228	-0.374106	-0.424348	-0.426496	-0.362976	-0.260651	-0.141932	-0.0152546	0.116581	0.268823	0.42705	0.56825	0.701024	0.817864	0.891589	0.925549	0.925338	0.868033	0.765743	0.666731	0.574785	0.465847	0.346046	0.236407	0.146359	0.0711388	0	
0	-0.000118249	-0.000732629	-0.000987562	-0.00111837	-0.00366151	-0.00219173	-0.00679826	-0.0067927	-0.00807045	-0.0123064	-0.00966386	-0.01252	-0.012346	-0.0109589	-0.0142128	-0.0134885	-0.0156508	-0.0185365	-0.0161848	-0.0202197	-0.0178356	-0.0189362	-0.0208647	-0.0197056	-0.0225383	-0.0280814	-0.0266853	-0.0297725	-0.0434204	-0.0618647	-0.0824096	-0.119136	-0.182129	-0.25781	-0.346439	-0.451134	-0.558604	-0.637634	-0.672678	-0.645563	-0.550923	-0.393432	-0.195837	0.0193996	0.224604	0.396125	0.545194	0.682325	0.79111	0.845562	0.856191	0.833768	0.775365	0.685161	0.569945	0.431946	0.281687	0.14043	0.00754926	-0.127876	-0.266536	-0.379816	-0.442942	-0.44038	-0.380027	-0.293342	-0.208302	-0.150795	-0.121649	-0.128709	-0.170071	-0.237629	-0.328676	-0.407776	-0.447378	-0.423587	-0.334071	-0.209926	-0.0692328	0.0652532	0.197326	0.347127	0.494097	0.624345	0.736874	0.816966	0.861449	0.881314	0.873364	0.816259	0.721602	0.633167	0.550742	0.448259	0.336463	0.235009	0.145133	0.0672	0	
0	-0.000446314	-0.0029351	-0.00263707	-0.00604201	-0.00683676	-0.00899963	-0.0114508	-0.0108492	-0.0139125	-0.0136572	-0.0139474	-0.0184179	-0.0181615	-0.0217516	-0.0255934	-0.0265251	-0.0281416	-0.030424	-0.0305193	-0.0315314	-0.0317684	-0.0350234	-0.0366426	-0.0385783	-0.0425654	-0.0385032	-0.0419548	-0.0517816	-0.0618647	-0.0757396	-0.0992665	-0.139199	-0.200366	-0.271746	-0.361245	-0.471229	-0.57587	-0.650849	-0.686527	-0.662145	-0.567975	-0.409674	-0.212164	-0.000832891	0.193404	0.35944	0.504639	0.633855	0.730234	0.783715	0.805394	0.804089	0.770493	0.709335	0.616	0.495877	0.359785	0.223732	0.0874054	-0.0656867	-0.219876	-0.351906	-0.436264	-0.451635	-0.404001	-0.320706	-0.243368	-0.196691	-0.177525	-0.184035	-0.213205	-0.272683	-0.356596	-0.42682	-0.45069	-0.404812	-0.297154	-0.153467	0.0043997	0.14937	0.285308	0.424025	0.556769	0.671072	0.75075	0.800401	0.829389	0.832506	0.813364	0.764433	0.685576	0.60514	0.523938	0.428578	0.330809	0.235061	0.140626	0.0613434	0	
0	-0.0034649	-0.00934532	-0.00990383	-0.0150069	-0.0153795	-0.0170861	-0.0195145	-0.0200508	-0.0233483	-0.0255022	-0.0295081	-0.0315588	-0.0354226	-0.0380035	-0.0395157	-0.0419374	-0.0434135	-0.0458059	-0.0469626	-0.0504637	-0.0560871	-0.058245	-0.0578606	-0.0601163	-0.0604338	-0.0607135	-0.072429	-0.0764608	-0.0824096	-0.0992665	-0.124852	-0.163314	-0.22349	-0.292387	-0.385019	-0.494972	-0.595452	-0.668861	-0.707915	-0.684264	-0.588838	-0.429357	-0.232899	-0.0285298	0.159099	0.323414	0.463246	0.578541	0.662152	0.714497	0.74359	0.755375	0.743554	0.708001	0.642382	0.5503	0.436452	0.311588	0.16758	0.00272213	-0.162423	-0.309257	-0.410976	-0.449136	-0.419463	-0.350985	-0.289736	-0.258373	-0.247715	-0.248359	-0.265026	-0.30625	-0.374173	-0.43422	-0.438738	-0.372775	-0.250351	-0.0925118	0.0782219	0.239521	0.38013	0.501063	0.60854	0.69319	0.745984	0.780387	0.791975	0.77698	0.754191	0.714303	0.650803	0.581353	0.500612	0.410096	0.324256	0.231726	0.135056	0.058177	0	
0	-0.00276191	-0.00773997	-0.0101925	-0.0157719	-0.020706	-0.0257938	-0.0326819	-0.0374295	-0.0442351	-0.0490821	-0.0535399	-0.0587138	-0.0619867	-0.0644358	-0.068686	-0.0721729	-0.0740769	-0.0820067	-0.0855211	-0.0887313	-0.0922025	-0.0891517	-0.0929243	-0.0971731	-0.0990237	-0.104197	-0.111265	-0.11014	-0.119136	-0.139199	-0.163314	-0.203339	-0.258491	-0.327681	-0.423219	-0.532584	-0.627486	-0.70455	-0.745926	-0.722326	-0.624621	-0.465895	-0.272858	-0.0742116	0.113298	0.278077	0.409867	0.5111	0.588069	0.641013	0.673679	0.694662	0.699379	0.689426	0.654442	0.597637	0.510522	0.393044	0.241894	0.067403	-0.104881	-0.259592	-0.37553	-0.432447	-0.422744	-0.378271	-0.34034	-0.326214	-0.324518	-0.323886	-0.326641	-0.346691	-0.39241	-0.425766	-0.408286	-0.327053	-0.187811	-0.0204499	0.156808	0.326803	0.464445	0.56989	0.650512	0.702369	0.732455	0.747552	0.740162	0.721411	0.702552	0.667105	0.617	0.559441	0.480849	0.394873	0.315147	0.223327	0.129583	0.0582547	0	
0	-0.00724511	-0.016206	-0.0223906	-0.031381	-0.0390923	-0.0455813	-0.0552542	-0.0610628	-0.0682001	-0.0761063	-0.0807873	-0.0874939	-0.0947314	-0.100517	-0.110079	-0.116591	-0.124799	-0.130908	-0.131175	-0.136628	-0.140217	-0.144009	-0.15189	-0.155669	-0.158507	-0.162265	-0.16365	-0.166988	-0.182129	-0.200366	-0.22349	-0.258491	-0.311998	-0.385995	-0.483413	-0.583147	-0.677793	-0.75942	-0.801072	-0.77307	-0.674353	-0.517568	-0.327454	-0.128835	0.0638732	0.227126	0.348385	0.440255	0.514384	0.564981	0.594477	0.616383	0.632545	0.642218	0.641694	0.622514	0.563211	0.456289	0.303509	0.129859	-0.0421962	-0.199173	-0.323198	-0.396194	-0.413316	-0.403547	-0.397387	-0.405391	-0.411715	-0.409163	-0.400471	-0.393938	-0.402096	-0.400588	-0.358062	-0.25797	-0.111547	0.0525014	0.22984	0.402993	0.542024	0.636715	0.684627	0.699573	0.701412	0.69456	0.682498	0.673391	0.659507	0.62585	0.581358	0.533215	0.467682	0.387162	0.300744	0.20812	0.125301	0.0610456	0	
0	-0.0133009	-0.0276071	-0.0398289	-0.053058	-0.0648568	-0.0757578	-0.0871418	-0.0958492	-0.10735	-0.116796	-0.127024	-0.140347	-0.149757	-0.160566	-0.170078	-0.17657	-0.181257	-0.188822	-0.195401	-0.204004	-0.210676	-0.217519	-0.223427	-0.224823	-0.228084	-0.230063	-0.236993	-0.247037	-0.25781	-0.271746	-0.292387	-0.327681	-0.385995	-0.462798	-0.548915	-0.645141	-0.747097	-0.831525	-0.867291	-0.837701	-0.742857	-0.589264	-0.400875	-0.197341	-0.00199676	0.15516	0.267195	0.355789	0.429219	0.473015	0.49509	0.515788	0.537878	0.56943	0.603247	0.622935	0.592106	0.498843	0.357513	0.191492	0.0243844	-0.131394	-0.261693	-0.350422	-0.399467	-0.432535	-0.464231	-0.492822	-0.50586	-0.500129	-0.474533	-0.437456	-0.402641	-0.359547	-0.292619	-0.183882	-0.0358312	0.131389	0.309696	0.477513	0.610005	0.68821	0.70321	0.680285	0.652264	0.63558	0.630282	0.627904	0.619318	0.589535	0.545497	0.508901	0.461484	0.378753	0.280166	0.192944	0.12215	0.0605399	0	
0	-0.0180953	-0.0388703	-0.0546144	-0.0749395	-0.0920755	-0.109069	-0.129118	-0.145326	-0.163746	-0.181314	-0.195955	-0.20987	-0.222182	-0.232184	-0.243216	-0.25289	-0.265024	-0.276415	-0.284583	-0.29357	-0.30191	-0.306221	-0.309206	-0.314091	-0.320767	-0.325963	-0.335879	-0.340029	-0.346439	-0.361245	-0.385019	-0.423219	-0.483413	-0.548915	-0.630355	-0.735237	-0.842499	-0.918836	-0.951506	-0.927643	-0.837271	-0.685612	-0.494022	-0.286063	-0.091576	0.0585326	0.167962	0.260177	0.330457	0.365304	0.379131	0.395583	0.423605	0.473513	0.540128	0.59268	0.587192	0.517689	0.396366	0.24603	0.0870259	-0.0685056	-0.202647	-0.307647	-0.390776	-0.464666	-0.530671	-0.578805	-0.595083	-0.584348	-0.546857	-0.480841	-0.404239	-0.321747	-0.22457	-0.0987136	0.0559244	0.223348	0.392007	0.544098	0.657848	0.711786	0.700779	0.651484	0.602764	0.580112	0.575266	0.576012	0.579627	0.561663	0.522573	0.491043	0.445585	0.360577	0.266355	0.186081	0.112951	0.0495422	0	
0	-0.0256735	-0.0524634	-0.0780705	-0.105276	-0.131492	-0.157303	-0.183123	-0.205077	-0.228726	-0.24781	-0.266391	-0.286324	-0.302317	-0.319916	-0.336756	-0.351925	-0.363597	-0.377394	-0.386585	-0.395447	-0.402288	-0.406867	-0.415866	-0.424666	-0.430209	-0.434553	-0.440487	-0.441846	-0.451134	-0.471229	-0.494972	-0.532584	-0.583147	-0.645141	-0.735237	-0.846746	-0.943873	-1.01521	-1.05525	-1.03793	-0.949268	-0.796266	-0.602265	-0.39229	-0.202577	-0.0553142	0.0599325	0.155102	0.219989	0.244203	0.249921	0.261897	0.291227	0.356584	0.443992	0.518641	0.538321	0.498669	0.409296	0.282234	0.135789	-0.0129391	-0.148848	-0.269506	-0.381044	-0.492059	-0.592393	-0.661314	-0.687914	-0.675982	-0.620399	-0.52344	-0.405125	-0.2764	-0.146152	-0.00591654	0.152577	0.316077	0.470986	0.597927	0.680803	0.712099	0.686018	0.617948	0.551736	0.520212	0.514349	0.52532	0.547492	0.545208	0.510579	0.46932	0.416011	0.343606	0.264058	0.177655	0.0945005	0.036231	0	
0	-0.0370375	-0.0762987	-0.110008	-0.146652	-0.179373	-0.209561	-0.241631	-0.268347	-0.296039	-0.323032	-0.346444	-0.370607	-0.392079	-0.411598	-0.43099	-0.445399	-0.461413	-0.473766	-0.481729	-0.492023	-0.503445	-0.511682	-0.52181	-0.527129	-0.53014	-0.533044	-0.538798	-0.543977	-0.558604	-0.57587	-0.595452	-0.627486	-0.677793	-0.747097	-0.842499	-0.943873	-1.03438	-1.11442	-1.16285	-1.14747	-1.05884	-0.908158	-0.713531	-0.50851	-0.323869	-0.173661	-0.0528494	0.0404489	0.0939252	0.107981	0.105532	0.109957	0.140077	0.210735	0.308326	0.398387	0.446049	0.448841	0.400011	0.304108	0.176824	0.0338006	-0.109046	-0.248671	-0.38867	-0.52951	-0.656276	-0.74645	-0.780103	-0.758805	-0.68197	-0.553428	-0.398888	-0.237067	-0.0786442	0.0827639	0.248514	0.404288	0.54154	0.64223	0.692731	0.694134	0.647918	0.568969	0.495197	0.460129	0.462589	0.488599	0.520485	0.525464	0.49572	0.449572	0.393835	0.330611	0.253297	0.158676	0.0781646	0.0317824	0	
0	-0.0437496	-0.0875093	-0.130202	-0.172752	-0.213507	-0.253053	-0.291833	-0.326059	-0.362031	-0.392377	-0.421471	-0.450402	-0.473009	-0.495463	-0.514141	-0.529935	-0.542735	-0.556368	-0.568429	-0.582088	-0.590573	-0.596589	-0.602597	-0.60484	-0.607867	-0.613881	-0.621797	-0.628258	-0.637634	-0.650849	-0.668861	-0.70455	-0.75942	-0.831525	-0.918836	-1.01521	-1.11442	-1.20458	-1.25569	-1.242	-1.16039	-1.01321	-0.825462	-0.628655	-0.44534	-0.289358	-0.166358	-0.0822974	-0.0376959	-0.0308713	-0.0397463	-0.0400477	-0.0145569	0.0528279	0.147275	0.246484	0.32448	0.368641	0.361727	0.299434	0.191966	0.0543266	-0.0991345	-0.257784	-0.414128	-0.57059	-0.71537	-0.820741	-0.862304	-0.833678	-0.732698	-0.576814	-0.397146	-0.209758	-0.025695	0.157863	0.334499	0.487761	0.608964	0.677106	0.685552	0.650327	0.584295	0.504094	0.439232	0.414857	0.426122	0.456076	0.489209	0.500061	0.480991	0.442136	0.383387	0.308738	0.225228	0.138753	0.0703038	0.0294938	0	
0	-0.0472841	-0.0968918	-0.141611	-0.189201	-0.233887	-0.275862	-0.319659	-0.357789	-0.395554	-0.43107	-0.460992	-0.490165	-0.513778	-0.535688	-0.556328	-0.572924	-0.591674	-0.606783	-0.617474	-0.625393	-0.633015	-0.636586	-0.641881	-0.646086	-0.652485	-0.656553	-0.66172	-0.664149	-0.672678	-0.686527	-0.707915	-0.745926	-0.801072	-0.867291	-0.951506	-1.05525	-1.16285	-1.25569	-1.30828	-1.30359	-1.22799	-1.08942	-0.912713	-0.722477	-0.535116	-0.375496	-0.260786	-0.186417	-0.149739	-0.148945	-0.164426	-0.174475	-0.161052	-0.113048	-0.0318487	0.0735077	0.177258	0.26011	0.292828	0.265774	0.182551	0.0481328	-0.118378	-0.290811	-0.456379	-0.617844	-0.769734	-0.887507	-0.933777	-0.895433	-0.775943	-0.598848	-0.401733	-0.199773	0.00595792	0.217276	0.412223	0.560744	0.65414	0.685543	0.657588	0.588863	0.505842	0.433287	0.386821	0.375732	0.392836	0.426451	0.463435	0.478338	0.467054	0.436554	0.372618	0.281289	0.193927	0.121125	0.0617826	0.0222464	0	
