0.000000000000000000e+00 0.000000000000000000e+00 0.000000000000000000e+00 0.000000000000000000e+00 0.000000000000000000e+00 0.000000000000000000e+00 0.000000000000000000e+00 0.000000000000000000e+00 0.000000000000000000e+00 0.000000000000000000e+00 0.000000000000000000e+00 0.000000000000000000e+00 0.000000000000000000e+00 0.000000000000000000e+00 0.000000000000000000e+00 0.000000000000000000e+00 0.000000000000000000e+00 0.000000000000000000e+00 0.000000000000000000e+00 0.000000000000000000e+00 0.000000000000000000e+00 0.000000000000000000e+00 0.000000000000000000e+00 0.000000000000000000e+00 0.000000000000000000e+00 0.000000000000000000e+00 0.000000000000000000e+00 0.000000000000000000e+00 0.000000000000000000e+00 0.000000000000000000e+00 0.000000000000000000e+00 0.000000000000000000e+00 0.000000000000000000e+00 0.000000000000000000e+00 0.000000000000000000e+00 0.000000000000000000e+00 0.000000000000000000e+00 0.000000000000000000e+00 0.000000000000000000e+00 0.000000000000000000e+00 0.000000000000000000e+00 0.000000000000000000e+00 0.000000000000000000e+00 0.000000000000000000e+00 0.000000000000000000e+00 0.000000000000000000e+00 0.000000000000000000e+00 0.000000000000000000e+00 0.000000000000000000e+00 0.000000000000000000e+00 0.000000000000000000e+00 0.000000000000000000e+00 0.000000000000000000e+00 0.000000000000000000e+00 0.000000000000000000e+00 0.000000000000000000e+00 0.000000000000000000e+00 0.000000000000000000e+00 0.000000000000000000e+00 0.000000000000000000e+00 0.000000000000000000e+00 0.000000000000000000e+00 0.000000000000000000e+00 0.000000000000000000e+00 0.000000000000000000e+00 0.000000000000000000e+00 0.000000000000000000e+00 0.000000000000000000e+00 0.000000000000000000e+00 0.000000000000000000e+00 0.000000000000000000e+00 0.000000000000000000e+00 0.000000000000000000e+00 0.000000000000000000e+00 0.000000000000000000e+00 0.000000000000000000e+00 0.000000000000000000e+00 0.000000000000000000e+00 0.000000000000000000e+00 0.000000000000000000e+00 0.000000000000000000e+00 0.000000000000000000e+00 0.000000000000000000e+00 0.000000000000000000e+00 0.000000000000000000e+00 0.000000000000000000e+00 0.000000000000000000e+00 0.000000000000000000e+00 0.000000000000000000e+00 0.000000000000000000e+00 0.000000000000000000e+00 0.000000000000000000e+00 0.000000000000000000e+00 0.000000000000000000e+00 0.000000000000000000e+00 0.000000000000000000e+00 0.000000000000000000e+00 0.000000000000000000e+00 0.000000000000000000e+00 0.000000000000000000e+00
0.000000000000000000e+00 -2.274229999999999915e-03 -2.698170000000000169e-03 -1.542479999999999936e-03 -1.055619999999999952e-03 -2.135370000000000150e-03 -4.292060000000000319e-03 -4.463439999999999942e-03 -2.998170000000000088e-03 7.925210000000000241e-04 5.361539999999999709e-03 1.064769999999999953e-02 1.401739999999999930e-02 1.318309999999999968e-02 9.883339999999999140e-03 8.732550000000000381e-03 1.183700000000000030e-02 1.845820000000000100e-02 2.585820000000000132e-02 3.420089999999999936e-02 4.214890000000000303e-02 4.307960000000000261e-02 3.764750000000000041e-02 2.497519999999999948e-02 8.696399999999999963e-03 -1.419750000000000005e-02 -4.437039999999999734e-02 -7.555359999999999854e-02 -1.015839999999999937e-01 -1.170680000000000054e-01 -1.180250000000000049e-01 -1.037280000000000008e-01 -7.705059999999999687e-02 -4.165930000000000327e-02 -5.097400000000000195e-03 2.932480000000000156e-02 5.695299999999999668e-02 8.215229999999999755e-02 1.029540000000000038e-01 1.178349999999999953e-01 1.288380000000000081e-01 1.370409999999999962e-01 1.417410000000000059e-01 1.459709999999999896e-01 1.492829999999999990e-01 1.520509999999999917e-01 1.475259999999999905e-01 1.293400000000000105e-01 9.987870000000000081e-02 5.784140000000000115e-02 6.205060000000000089e-03 -4.945279999999999815e-02 -1.055740000000000012e-01 -1.580529999999999990e-01 -1.991700000000000137e-01 -2.257180000000000020e-01 -2.373820000000000097e-01 -2.357660000000000033e-01 -2.200229999999999964e-01 -1.894329999999999903e-01 -1.451300000000000090e-01 -9.618309999999999360e-02 -4.814569999999999961e-02 -5.369239999999999950e-03 2.832149999999999945e-02 5.484939999999999954e-02 7.633940000000000170e-02 8.814619999999999400e-02 9.268880000000000174e-02 9.362479999999999414e-02 8.776910000000000267e-02 7.709159999999999624e-02 6.489060000000000661e-02 4.557169999999999971e-02 1.711669999999999858e-02 -1.778530000000000041e-02 -6.122230000000000033e-02 -1.061239999999999961e-01 -1.506560000000000121e-01 -1.953179999999999916e-01 -2.323780000000000012e-01 -2.548619999999999775e-01 -2.593269999999999742e-01 -2.488269999999999926e-01 -2.233989999999999865e-01 -1.821210000000000051e-01 -1.284710000000000019e-01 -7.011670000000000402e-02 -1.346100000000000074e-02 3.962199999999999750e-02 8.455859999999999765e-02 1.171900000000000025e-01 1.378310000000000091e-01 1.455859999999999932e-01 1.391280000000000017e-01 1.241509999999999975e-01 1.013239999999999974e-01 6.964449999999999807e-02 3.577709999999999918e-02 0.000000000000000000e+00
0.000000000000000000e+00 -2.698170000000000169e-03 -3.075410000000000210e-03 1.325100000000000063e-03 1.935660000000000072e-03 9.107679999999999509e-04 -3.343909999999999851e-03 -4.724390000000000187e-03 -1.340279999999999900e-03 3.477790000000000135e-03 1.256900000000000031e-02 2.038339999999999944e-02 2.572359999999999924e-02 2.243509999999999949e-02 1.415600000000000018e-02 1.077589999999999971e-02 1.689380000000000048e-02 2.941890000000000130e-02 4.623229999999999701e-02 6.429719999999999880e-02 8.276189999999999936e-02 8.971350000000000158e-02 8.219500000000000417e-02 6.343179999999999652e-02 3.568450000000000094e-02 -5.319670000000000301e-03 -6.081160000000000038e-02 -1.204439999999999955e-01 -1.708979999999999944e-01 -2.015240000000000087e-01 -2.043939999999999924e-01 -1.786510000000000042e-01 -1.273920000000000052e-01 -6.024480000000000113e-02 9.342079999999999135e-03 7.487960000000000449e-02 1.278269999999999962e-01 1.735919999999999963e-01 2.139709999999999945e-01 2.420049999999999979e-01 2.611089999999999800e-01 2.771589999999999887e-01 2.851330000000000253e-01 2.889999999999999791e-01 2.914889999999999981e-01 2.939740000000000131e-01 2.782569999999999766e-01 2.404729999999999923e-01 1.824199999999999988e-01 1.012119999999999964e-01 1.193110000000000047e-03 -1.016449999999999992e-01 -2.034380000000000077e-01 -2.957899999999999974e-01 -3.686240000000000072e-01 -4.172919999999999963e-01 -4.404850000000000154e-01 -4.391470000000000096e-01 -4.166210000000000191e-01 -3.698890000000000233e-01 -2.983089999999999908e-01 -2.145809999999999940e-01 -1.301130000000000064e-01 -5.339370000000000227e-02 1.246850000000000042e-02 6.740450000000000608e-02 1.184869999999999951e-01 1.496580000000000132e-01 1.671539999999999970e-01 1.755569999999999908e-01 1.657750000000000057e-01 1.459370000000000112e-01 1.180380000000000040e-01 7.780130000000000379e-02 2.059410000000000060e-02 -4.697799999999999893e-02 -1.254159999999999997e-01 -2.058429999999999982e-01 -2.819679999999999964e-01 -3.575690000000000257e-01 -4.199760000000000160e-01 -4.571950000000000180e-01 -4.668950000000000045e-01 -4.518719999999999959e-01 -4.099519999999999831e-01 -3.400639999999999774e-01 -2.497240000000000015e-01 -1.498049999999999937e-01 -4.841050000000000214e-02 4.957090000000000107e-02 1.364329999999999987e-01 2.009839999999999960e-01 2.423490000000000089e-01 2.643119999999999914e-01 2.583730000000000193e-01 2.322849999999999915e-01 1.940820000000000045e-01 1.360790000000000055e-01 6.823659999999999448e-02 0.000000000000000000e+00
0.000000000000000000e+00 -1.542479999999999936e-03 1.325100000000000063e-03 8.219590000000000576e-03 1.172340000000000014e-02 1.016689999999999955e-02 3.954720000000000110e-03 1.992920000000000021e-03 3.606700000000000010e-03 1.021960000000000056e-02 1.870870000000000172e-02 2.788190000000000113e-02 3.152189999999999853e-02 2.291539999999999896e-02 8.002459999999999435e-03 9.022700000000000468e-04 8.493799999999999267e-03 2.903019999999999906e-02 5.469530000000000225e-02 8.558050000000000379e-02 1.175749999999999990e-01 1.320969999999999922e-01 1.291960000000000053e-01 1.063479999999999981e-01 7.238999999999999602e-02 1.805150000000000157e-02 -5.909029999999999838e-02 -1.421030000000000071e-01 -2.131959999999999966e-01 -2.562980000000000258e-01 -2.599509999999999876e-01 -2.219250000000000111e-01 -1.493730000000000058e-01 -5.361350000000000143e-02 4.488280000000000047e-02 1.367639999999999967e-01 2.091210000000000013e-01 2.742269999999999985e-01 3.277160000000000073e-01 3.642029999999999990e-01 3.886769999999999947e-01 4.040850000000000275e-01 4.076389999999999736e-01 4.073249999999999926e-01 4.032519999999999993e-01 3.977760000000000185e-01 3.729310000000000125e-01 3.139089999999999936e-01 2.290880000000000138e-01 1.169280000000000042e-01 -1.349780000000000077e-02 -1.470430000000000070e-01 -2.760549999999999948e-01 -3.931830000000000047e-01 -4.829729999999999857e-01 -5.414240000000000164e-01 -5.717370000000000507e-01 -5.804259999999999975e-01 -5.656309999999999949e-01 -5.204050000000000065e-01 -4.418579999999999730e-01 -3.476110000000000033e-01 -2.475769999999999915e-01 -1.488490000000000091e-01 -5.953560000000000102e-02 2.435939999999999980e-02 1.056269999999999987e-01 1.644009999999999916e-01 2.017269999999999897e-01 2.220840000000000036e-01 2.138569999999999915e-01 1.830970000000000097e-01 1.416189999999999949e-01 7.946240000000000248e-02 -3.806589999999999887e-03 -9.610230000000000161e-02 -2.004819999999999935e-01 -2.978310000000000124e-01 -3.862849999999999895e-01 -4.733840000000000270e-01 -5.442369999999999708e-01 -5.851779999999999760e-01 -5.912990000000000190e-01 -5.727870000000000461e-01 -5.278939999999999744e-01 -4.497559999999999891e-01 -3.430770000000000208e-01 -2.225070000000000103e-01 -9.972380000000000133e-02 2.319989999999999900e-02 1.357889999999999930e-01 2.257750000000000035e-01 2.917930000000000246e-01 3.289239999999999942e-01 3.288710000000000244e-01 3.045229999999999881e-01 2.564589999999999925e-01 1.796899999999999886e-01 9.304999999999999383e-02 0.000000000000000000e+00
0.000000000000000000e+00 -1.055619999999999952e-03 1.935660000000000072e-03 1.172340000000000014e-02 1.486879999999999973e-02 1.311660000000000083e-02 5.070780000000000426e-03 8.727550000000000151e-04 3.971370000000000108e-03 9.592579999999999857e-03 2.136019999999999933e-02 3.064419999999999991e-02 3.418410000000000198e-02 2.118509999999999838e-02 -1.519980000000000040e-04 -1.124110000000000040e-02 -1.366360000000000057e-03 2.387809999999999933e-02 5.942800000000000166e-02 1.001549999999999940e-01 1.432730000000000115e-01 1.671249999999999958e-01 1.653560000000000030e-01 1.422420000000000073e-01 1.018209999999999948e-01 3.565379999999999938e-02 -5.957729999999999970e-02 -1.644239999999999868e-01 -2.537659999999999916e-01 -3.068020000000000191e-01 -3.088369999999999727e-01 -2.572749999999999759e-01 -1.600149999999999906e-01 -3.446319999999999939e-02 9.362139999999999351e-02 2.107259999999999966e-01 3.017360000000000042e-01 3.770479999999999943e-01 4.385220000000000229e-01 4.755960000000000187e-01 4.932639999999999803e-01 5.011339999999999684e-01 4.930010000000000225e-01 4.767719999999999736e-01 4.589690000000000158e-01 4.453550000000000009e-01 4.062560000000000060e-01 3.354949999999999877e-01 2.386280000000000068e-01 1.127709999999999962e-01 -3.404329999999999856e-02 -1.760519999999999863e-01 -3.110600000000000032e-01 -4.303879999999999928e-01 -5.227979999999999849e-01 -5.867700000000000138e-01 -6.258939999999999504e-01 -6.447570000000000245e-01 -6.457990000000000119e-01 -6.187350000000000350e-01 -5.535689999999999777e-01 -4.646299999999999875e-01 -3.638560000000000128e-01 -2.607459999999999778e-01 -1.596799999999999886e-01 -5.964909999999999657e-02 4.622799999999999826e-02 1.244490000000000041e-01 1.775639999999999996e-01 2.084439999999999904e-01 1.988020000000000065e-01 1.619400000000000006e-01 1.070190000000000030e-01 3.024030000000000121e-02 -6.940230000000000010e-02 -1.755839999999999901e-01 -2.869929999999999981e-01 -3.866220000000000212e-01 -4.681750000000000078e-01 -5.456180000000000474e-01 -6.057550000000000434e-01 -6.344849999999999657e-01 -6.333469999999999933e-01 -6.111870000000000358e-01 -5.646740000000000093e-01 -4.877449999999999841e-01 -3.851640000000000064e-01 -2.693940000000000223e-01 -1.476379999999999915e-01 -2.125060000000000143e-02 9.977120000000000433e-02 1.980439999999999978e-01 2.710210000000000119e-01 3.206459999999999866e-01 3.295319999999999916e-01 3.086909999999999932e-01 2.673789999999999778e-01 1.906359999999999999e-01 9.624290000000000622e-02 0.000000000000000000e+00
0.000000000000000000e+00 -2.135370000000000150e-03 9.107679999999999509e-04 1.016689999999999955e-02 1.311660000000000083e-02 9.804059999999999858e-03 -9.486359999999999888e-04 -5.518789999999999980e-03 -4.037859999999999887e-03 4.010660000000000093e-03 1.628160000000000024e-02 2.783969999999999848e-02 3.103030000000000024e-02 1.442859999999999976e-02 -1.179030000000000009e-02 -2.510770000000000016e-02 -1.353649999999999992e-02 1.993870000000000017e-02 6.298729999999999607e-02 1.143119999999999969e-01 1.670190000000000008e-01 1.951849999999999974e-01 1.951029999999999986e-01 1.648110000000000130e-01 1.155499999999999999e-01 3.412960000000000299e-02 -8.234080000000000565e-02 -2.085160000000000069e-01 -3.155979999999999897e-01 -3.764279999999999848e-01 -3.736900000000000222e-01 -3.046579999999999844e-01 -1.801740000000000008e-01 -2.209430000000000074e-02 1.374620000000000009e-01 2.814530000000000087e-01 3.888639999999999874e-01 4.758109999999999840e-01 5.386969999999999814e-01 5.686949999999999505e-01 5.729919999999999458e-01 5.596719999999999473e-01 5.270500000000000185e-01 4.891349999999999865e-01 4.525649999999999951e-01 4.254319999999999768e-01 3.827369999999999939e-01 3.071999999999999731e-01 2.101200000000000012e-01 8.918570000000000664e-02 -4.567340000000000289e-02 -1.768790000000000084e-01 -2.993379999999999930e-01 -4.095719999999999916e-01 -4.951450000000000018e-01 -5.553749999999999520e-01 -5.981189999999999563e-01 -6.327939999999999676e-01 -6.569249999999999812e-01 -6.517560000000000020e-01 -6.051600000000000312e-01 -5.335820000000000007e-01 -4.479179999999999828e-01 -3.544809999999999905e-01 -2.615310000000000135e-01 -1.641620000000000024e-01 -5.837330000000000296e-02 2.220760000000000095e-02 7.684359999999999802e-02 1.084159999999999985e-01 9.912100000000000077e-02 5.889490000000000003e-02 5.312739999999999824e-03 -7.170160000000000422e-02 -1.705240000000000089e-01 -2.721180000000000265e-01 -3.784549999999999859e-01 -4.632439999999999891e-01 -5.265009999999999968e-01 -5.854179999999999939e-01 -6.259369999999999656e-01 -6.349000000000000199e-01 -6.130339999999999678e-01 -5.797569999999999668e-01 -5.335790000000000255e-01 -4.626460000000000017e-01 -3.707320000000000060e-01 -2.705569999999999919e-01 -1.689120000000000066e-01 -6.296150000000000357e-02 4.025510000000000199e-02 1.276690000000000047e-01 1.990369999999999917e-01 2.492360000000000131e-01 2.623219999999999996e-01 2.538579999999999726e-01 2.237679999999999947e-01 1.585129999999999872e-01 8.167750000000000010e-02 0.000000000000000000e+00
0.000000000000000000e+00 -4.292060000000000319e-03 -3.343909999999999851e-03 3.954720000000000110e-03 5.070780000000000426e-03 -9.486359999999999888e-04 -1.293680000000000004e-02 -1.953389999999999987e-02 -1.619519999999999987e-02 -7.093699999999999659e-03 9.497610000000000080e-03 2.389509999999999898e-02 2.936710000000000015e-02 1.172119999999999933e-02 -1.652990000000000015e-02 -3.067440000000000097e-02 -1.390949999999999999e-02 2.635380000000000014e-02 7.979340000000000044e-02 1.398240000000000038e-01 2.002309999999999923e-01 2.337090000000000001e-01 2.306310000000000027e-01 1.947359999999999924e-01 1.322740000000000027e-01 3.321930000000000022e-02 -1.059260000000000063e-01 -2.574199999999999822e-01 -3.841780000000000195e-01 -4.552479999999999860e-01 -4.499580000000000246e-01 -3.636679999999999913e-01 -2.115829999999999933e-01 -1.966740000000000155e-02 1.745099999999999985e-01 3.461139999999999772e-01 4.740300000000000069e-01 5.698370000000000379e-01 6.332560000000000411e-01 6.539580000000000393e-01 6.385469999999999757e-01 5.996179999999999843e-01 5.385499999999999732e-01 4.704530000000000101e-01 4.102660000000000196e-01 3.715999999999999859e-01 3.225649999999999906e-01 2.531959999999999766e-01 1.690500000000000058e-01 6.542800000000000005e-02 -5.144050000000000011e-02 -1.574010000000000131e-01 -2.570689999999999920e-01 -3.473729999999999873e-01 -4.195909999999999918e-01 -4.754220000000000113e-01 -5.224539999999999740e-01 -5.675670000000000437e-01 -6.074589999999999712e-01 -6.248860000000000525e-01 -6.014720000000000066e-01 -5.515510000000000135e-01 -4.877270000000000216e-01 -4.198410000000000197e-01 -3.544109999999999761e-01 -2.840909999999999824e-01 -2.008010000000000073e-01 -1.405839999999999868e-01 -1.011220000000000036e-01 -7.747600000000000320e-02 -8.873309999999999531e-02 -1.216610000000000053e-01 -1.623090000000000088e-01 -2.197310000000000096e-01 -2.959820000000000229e-01 -3.744759999999999756e-01 -4.559869999999999757e-01 -5.178599999999999870e-01 -5.554850000000000065e-01 -5.891290000000000138e-01 -6.076960000000000139e-01 -5.960870000000000335e-01 -5.597839999999999483e-01 -5.157739999999999547e-01 -4.650969999999999827e-01 -4.009220000000000006e-01 -3.240779999999999772e-01 -2.473499999999999865e-01 -1.741530000000000022e-01 -9.610639999999999461e-02 -1.798519999999999980e-02 4.731359999999999733e-02 1.017959999999999976e-01 1.463079999999999936e-01 1.620999999999999941e-01 1.626239999999999908e-01 1.520930000000000060e-01 1.096179999999999932e-01 5.444380000000000053e-02 0.000000000000000000e+00
0.000000000000000000e+00 -4.463439999999999942e-03 -4.724390000000000187e-03 1.992920000000000021e-03 8.727550000000000151e-04 -5.518789999999999980e-03 -1.953389999999999987e-02 -2.567130000000000106e-02 -2.239999999999999977e-02 -1.087579999999999970e-02 8.127240000000000852e-03 2.529980000000000076e-02 3.194740000000000080e-02 1.343770000000000034e-02 -1.666149999999999923e-02 -2.969979999999999842e-02 -8.182850000000000193e-03 4.251049999999999968e-02 1.061280000000000001e-01 1.776639999999999886e-01 2.466270000000000129e-01 2.852379999999999916e-01 2.826389999999999736e-01 2.389969999999999872e-01 1.646330000000000016e-01 4.623130000000000295e-02 -1.175849999999999951e-01 -2.943299999999999805e-01 -4.442909999999999915e-01 -5.278319999999999679e-01 -5.221000000000000085e-01 -4.231860000000000066e-01 -2.456389999999999962e-01 -2.239930000000000046e-02 2.030919999999999948e-01 4.038089999999999735e-01 5.508170000000000011e-01 6.572289999999999521e-01 7.213789999999999925e-01 7.328440000000000509e-01 6.982530000000000125e-01 6.335570000000000368e-01 5.430540000000000367e-01 4.476109999999999811e-01 3.656789999999999763e-01 3.137210000000000276e-01 2.639409999999999812e-01 1.993320000000000092e-01 1.277830000000000077e-01 4.423579999999999873e-02 -4.629110000000000169e-02 -1.299480000000000079e-01 -2.062960000000000071e-01 -2.758010000000000184e-01 -3.322350000000000025e-01 -3.761269999999999891e-01 -4.170139999999999958e-01 -4.644079999999999875e-01 -5.181810000000000027e-01 -5.524379999999999846e-01 -5.501179999999999959e-01 -5.266410000000000258e-01 -4.974589999999999845e-01 -4.703539999999999943e-01 -4.491020000000000012e-01 -4.239049999999999763e-01 -3.825589999999999824e-01 -3.569060000000000010e-01 -3.422499999999999987e-01 -3.315199999999999814e-01 -3.417910000000000115e-01 -3.612679999999999780e-01 -3.749930000000000208e-01 -3.973630000000000217e-01 -4.332599999999999785e-01 -4.706000000000000183e-01 -5.138470000000000537e-01 -5.381160000000000387e-01 -5.450749999999999762e-01 -5.556320000000000148e-01 -5.561749999999999750e-01 -5.313219999999999610e-01 -4.846630000000000105e-01 -4.391570000000000196e-01 -3.949070000000000080e-01 -3.399659999999999904e-01 -2.797330000000000094e-01 -2.244089999999999974e-01 -1.745990000000000042e-01 -1.247290000000000065e-01 -7.443210000000000104e-02 -3.035519999999999885e-02 1.102030000000000023e-02 4.909829999999999750e-02 6.568309999999999427e-02 7.601099999999999524e-02 8.084810000000000607e-02 5.807389999999999775e-02 2.773489999999999983e-02 0.000000000000000000e+00
0.000000000000000000e+00 -2.998170000000000088e-03 -1.340279999999999900e-03 3.606700000000000010e-03 3.971370000000000108e-03 -4.037859999999999887e-03 -1.619519999999999987e-02 -2.239999999999999977e-02 -1.731610000000000094e-02 -3.559010000000000038e-03 1.802540000000000045e-02 3.750330000000000330e-02 4.488000000000000322e-02 2.500230000000000161e-02 -6.228540000000000292e-03 -1.897849999999999884e-02 8.094699999999999812e-03 6.779459999999999653e-02 1.427750000000000130e-01 2.244849999999999901e-01 3.019149999999999889e-01 3.461940000000000017e-01 3.433510000000000173e-01 2.948709999999999942e-01 2.071060000000000123e-01 7.057610000000000272e-02 -1.159310000000000063e-01 -3.189549999999999885e-01 -4.891530000000000045e-01 -5.855799999999999894e-01 -5.809910000000000352e-01 -4.684340000000000170e-01 -2.690790000000000126e-01 -1.843030000000000015e-02 2.376350000000000129e-01 4.606520000000000059e-01 6.253220000000000445e-01 7.397479999999999611e-01 8.023869999999999614e-01 8.043489999999999807e-01 7.539860000000000451e-01 6.648709999999999898e-01 5.497790000000000177e-01 4.306729999999999725e-01 3.321410000000000196e-01 2.721660000000000190e-01 2.228449999999999875e-01 1.677269999999999872e-01 1.073289999999999939e-01 3.567259999999999875e-02 -4.230969999999999870e-02 -1.073299999999999949e-01 -1.655439999999999967e-01 -2.173420000000000074e-01 -2.553050000000000042e-01 -2.821379999999999999e-01 -3.101530000000000120e-01 -3.526020000000000265e-01 -4.058769999999999878e-01 -4.526749999999999940e-01 -4.743089999999999806e-01 -4.844910000000000050e-01 -4.972380000000000133e-01 -5.189730000000000176e-01 -5.534240000000000270e-01 -5.810039999999999649e-01 -5.883420000000000316e-01 -5.999069999999999681e-01 -6.108639999999999626e-01 -6.138339999999999907e-01 -6.214809999999999501e-01 -6.248209999999999598e-01 -6.095490000000000075e-01 -5.912190000000000500e-01 -5.782469999999999555e-01 -5.644879999999999898e-01 -5.574980000000000491e-01 -5.377039999999999598e-01 -5.066429999999999545e-01 -4.880050000000000221e-01 -4.735480000000000245e-01 -4.442909999999999915e-01 -4.021859999999999880e-01 -3.642420000000000102e-01 -3.318300000000000138e-01 -2.957199999999999829e-01 -2.523710000000000120e-01 -2.152229999999999976e-01 -1.874770000000000048e-01 -1.557580000000000076e-01 -1.217229999999999979e-01 -9.305679999999999508e-02 -6.346200000000000452e-02 -3.395970000000000238e-02 -1.821630000000000124e-02 -8.030560000000000172e-04 1.665989999999999832e-02 1.286080000000000036e-02 4.489970000000000246e-03 0.000000000000000000e+00
0.000000000000000000e+00 7.925210000000000241e-04 3.477790000000000135e-03 1.021960000000000056e-02 9.592579999999999857e-03 4.010660000000000093e-03 -7.093699999999999659e-03 -1.087579999999999970e-02 -3.559010000000000038e-03 1.291890000000000052e-02 3.747989999999999655e-02 5.915139999999999981e-02 6.652510000000000367e-02 4.586699999999999805e-02 1.294430000000000060e-02 4.256749999999999792e-04 3.157499999999999890e-02 9.852080000000000559e-02 1.822259999999999991e-01 2.721839999999999815e-01 3.539599999999999969e-01 4.022140000000000160e-01 3.983340000000000214e-01 3.436699999999999755e-01 2.446139999999999981e-01 9.079890000000000183e-02 -1.162519999999999942e-01 -3.391919999999999935e-01 -5.282430000000000181e-01 -6.329960000000000031e-01 -6.251409999999999467e-01 -4.992820000000000036e-01 -2.754739999999999966e-01 4.241570000000000062e-03 2.861620000000000275e-01 5.320850000000000302e-01 7.094599999999999795e-01 8.241519999999999957e-01 8.784769999999999524e-01 8.662440000000000140e-01 7.930890000000000439e-01 6.820580000000000531e-01 5.468370000000000175e-01 4.118530000000000246e-01 3.043150000000000022e-01 2.429659999999999875e-01 1.984970000000000068e-01 1.506149999999999989e-01 9.851479999999999959e-02 3.688099999999999712e-02 -3.095650000000000138e-02 -9.156119999999999537e-02 -1.416330000000000089e-01 -1.788770000000000082e-01 -2.007230000000000125e-01 -2.097880000000000023e-01 -2.205400000000000138e-01 -2.484490000000000032e-01 -3.018429999999999724e-01 -3.596650000000000125e-01 -4.040719999999999867e-01 -4.463389999999999858e-01 -5.017089999999999606e-01 -5.756919999999999815e-01 -6.609190000000000342e-01 -7.382030000000000536e-01 -7.887370000000000214e-01 -8.329189999999999650e-01 -8.660170000000000368e-01 -8.793060000000000320e-01 -8.858749999999999680e-01 -8.747169999999999668e-01 -8.349419999999999620e-01 -7.809840000000000115e-01 -7.222920000000000451e-01 -6.601399999999999491e-01 -6.016430000000000389e-01 -5.331059999999999688e-01 -4.631709999999999994e-01 -4.160559999999999814e-01 -3.842380000000000240e-01 -3.505630000000000135e-01 -3.154899999999999927e-01 -2.933990000000000209e-01 -2.801589999999999914e-01 -2.612059999999999937e-01 -2.380500000000000116e-01 -2.179830000000000101e-01 -2.000899999999999901e-01 -1.831389999999999962e-01 -1.664480000000000126e-01 -1.517080000000000095e-01 -1.354309999999999958e-01 -1.155530000000000029e-01 -1.037690000000000001e-01 -8.608459999999999723e-02 -5.825929999999999997e-02 -4.246520000000000156e-02 -2.716899999999999871e-02 0.000000000000000000e+00
0.000000000000000000e+00 5.361539999999999709e-03 1.256900000000000031e-02 1.870870000000000172e-02 2.136019999999999933e-02 1.628160000000000024e-02 9.497610000000000080e-03 8.127240000000000852e-03 1.802540000000000045e-02 3.747989999999999655e-02 6.363850000000000062e-02 8.617229999999999335e-02 9.200350000000000195e-02 6.883209999999999329e-02 3.322869999999999990e-02 2.026379999999999848e-02 5.291579999999999895e-02 1.262220000000000009e-01 2.167250000000000010e-01 3.123600000000000265e-01 3.975819999999999910e-01 4.463940000000000130e-01 4.404549999999999854e-01 3.793690000000000118e-01 2.668380000000000196e-01 9.673270000000000479e-02 -1.271230000000000138e-01 -3.678989999999999760e-01 -5.662949999999999928e-01 -6.730540000000000411e-01 -6.556530000000000413e-01 -5.081189999999999873e-01 -2.571769999999999889e-01 4.952650000000000108e-02 3.582890000000000241e-01 6.180830000000000490e-01 8.014529999999999710e-01 9.106680000000000330e-01 9.497100000000000541e-01 9.153050000000000352e-01 8.207699999999999996e-01 6.834559999999999524e-01 5.269740000000000535e-01 3.777570000000000094e-01 2.667669999999999764e-01 2.066149999999999931e-01 1.733250000000000068e-01 1.403749999999999998e-01 9.824779999999999625e-02 4.115019999999999789e-02 -2.313729999999999953e-02 -7.753799999999999581e-02 -1.203680000000000028e-01 -1.506800000000000084e-01 -1.621779999999999888e-01 -1.582550000000000068e-01 -1.577429999999999943e-01 -1.829079999999999873e-01 -2.365949999999999998e-01 -3.043409999999999727e-01 -3.698850000000000193e-01 -4.407139999999999946e-01 -5.295999999999999597e-01 -6.377119999999999456e-01 -7.609730000000000105e-01 -8.722360000000000113e-01 -9.558020000000000405e-01 -1.022219999999999906e+00 -1.069160000000000110e+00 -1.091779999999999973e+00 -1.094810000000000061e+00 -1.073299999999999921e+00 -1.015649999999999942e+00 -9.350340000000000318e-01 -8.429470000000000018e-01 -7.444669999999999899e-01 -6.484689999999999621e-01 -5.446060000000000345e-01 -4.424850000000000172e-01 -3.680430000000000090e-01 -3.201300000000000257e-01 -2.807120000000000171e-01 -2.472090000000000121e-01 -2.307259999999999867e-01 -2.290429999999999966e-01 -2.279380000000000017e-01 -2.195739999999999914e-01 -2.148009999999999919e-01 -2.178990000000000093e-01 -2.183259999999999923e-01 -2.184830000000000105e-01 -2.229490000000000083e-01 -2.238130000000000119e-01 -2.214210000000000067e-01 -2.176009999999999889e-01 -1.950929999999999886e-01 -1.553450000000000109e-01 -1.138910000000000061e-01 -6.287979999999999958e-02 0.000000000000000000e+00
0.000000000000000000e+00 1.064769999999999953e-02 2.038339999999999944e-02 2.788190000000000113e-02 3.064419999999999991e-02 2.783969999999999848e-02 2.389509999999999898e-02 2.529980000000000076e-02 3.750330000000000330e-02 5.915139999999999981e-02 8.617229999999999335e-02 1.090239999999999959e-01 1.119580000000000020e-01 8.634160000000000446e-02 4.851819999999999744e-02 3.353060000000000068e-02 6.819569999999999799e-02 1.439380000000000104e-01 2.399550000000000016e-01 3.391460000000000030e-01 4.243169999999999997e-01 4.740099999999999869e-01 4.661609999999999920e-01 4.009409999999999918e-01 2.800659999999999816e-01 9.847019999999999385e-02 -1.365089999999999915e-01 -3.858449999999999935e-01 -5.900539999999999674e-01 -6.938210000000000210e-01 -6.638849999999999474e-01 -4.961729999999999752e-01 -2.195380000000000109e-01 1.142289999999999972e-01 4.427820000000000089e-01 7.145700000000000385e-01 8.993799999999999573e-01 9.949259999999999771e-01 1.010930000000000106e+00 9.517989999999999506e-01 8.280480000000000063e-01 6.667929999999999691e-01 4.933330000000000215e-01 3.341810000000000058e-01 2.200910000000000089e-01 1.633870000000000045e-01 1.374789999999999901e-01 1.148740000000000039e-01 8.324460000000000193e-02 3.843529999999999863e-02 -1.528159999999999935e-02 -6.531409999999999993e-02 -1.042399999999999993e-01 -1.280479999999999952e-01 -1.354700000000000071e-01 -1.324839999999999907e-01 -1.365419999999999967e-01 -1.669640000000000013e-01 -2.317279999999999895e-01 -3.155100000000000127e-01 -3.979150000000000187e-01 -4.820150000000000268e-01 -5.820570000000000466e-01 -7.049830000000000263e-01 -8.394169999999999687e-01 -9.628539999999999877e-01 -1.059919999999999973e+00 -1.135310000000000041e+00 -1.189480000000000093e+00 -1.214979999999999949e+00 -1.216690000000000049e+00 -1.187310000000000088e+00 -1.121350000000000069e+00 -1.028799999999999937e+00 -9.204379999999999784e-01 -8.085200000000000164e-01 -6.949239999999999862e-01 -5.747959999999999736e-01 -4.584840000000000027e-01 -3.665869999999999962e-01 -3.004120000000000124e-01 -2.470090000000000063e-01 -2.070919999999999983e-01 -1.889000000000000123e-01 -1.900900000000000090e-01 -1.987929999999999975e-01 -2.099660000000000137e-01 -2.267949999999999966e-01 -2.482080000000000120e-01 -2.727809999999999957e-01 -2.999430000000000152e-01 -3.251910000000000078e-01 -3.436500000000000110e-01 -3.528439999999999910e-01 -3.500340000000000118e-01 -3.235379999999999923e-01 -2.675060000000000215e-01 -1.952710000000000001e-01 -1.083640000000000020e-01 0.000000000000000000e+00
0.000000000000000000e+00 1.401739999999999930e-02 2.572359999999999924e-02 3.152189999999999853e-02 3.418410000000000198e-02 3.103030000000000024e-02 2.936710000000000015e-02 3.194740000000000080e-02 4.488000000000000322e-02 6.652510000000000367e-02 9.200350000000000195e-02 1.119580000000000020e-01 1.093510000000000038e-01 7.995670000000000555e-02 3.783480000000000176e-02 2.303759999999999836e-02 5.740039999999999726e-02 1.388060000000000127e-01 2.412430000000000130e-01 3.469650000000000234e-01 4.368020000000000236e-01 4.898549999999999849e-01 4.852980000000000071e-01 4.207850000000000201e-01 2.947549999999999892e-01 1.062030000000000057e-01 -1.351050000000000029e-01 -3.894880000000000009e-01 -5.933230000000000448e-01 -6.915869999999999518e-01 -6.484779999999999989e-01 -4.623329999999999940e-01 -1.657069999999999932e-01 1.835789999999999922e-01 5.221719999999999695e-01 7.931040000000000312e-01 9.692979999999999929e-01 1.047180000000000000e+00 1.041339999999999932e+00 9.581960000000000477e-01 8.152190000000000270e-01 6.348810000000000286e-01 4.457249999999999823e-01 2.760699999999999821e-01 1.597590000000000121e-01 1.002419999999999978e-01 8.131109999999999727e-02 7.025610000000000188e-02 4.925430000000000086e-02 1.288210000000000049e-02 -2.993830000000000102e-02 -6.909110000000000251e-02 -9.854899999999999771e-02 -1.192659999999999970e-01 -1.303700000000000137e-01 -1.355280000000000096e-01 -1.532550000000000023e-01 -2.022249999999999881e-01 -2.839010000000000145e-01 -3.801320000000000254e-01 -4.718829999999999969e-01 -5.584320000000000395e-01 -6.538209999999999855e-01 -7.658730000000000260e-01 -8.877890000000000503e-01 -9.998470000000000413e-01 -1.091420000000000057e+00 -1.159599999999999964e+00 -1.207310000000000105e+00 -1.231400000000000050e+00 -1.229510000000000103e+00 -1.198499999999999899e+00 -1.135140000000000038e+00 -1.045579999999999954e+00 -9.421920000000000295e-01 -8.380450000000000399e-01 -7.317719999999999780e-01 -6.182689999999999575e-01 -5.049479999999999524e-01 -4.089300000000000157e-01 -3.334119999999999862e-01 -2.691540000000000044e-01 -2.169830000000000092e-01 -1.879399999999999959e-01 -1.862119999999999886e-01 -2.017400000000000027e-01 -2.277889999999999915e-01 -2.674009999999999998e-01 -3.185169999999999946e-01 -3.705419999999999825e-01 -4.199709999999999832e-01 -4.623450000000000060e-01 -4.898410000000000264e-01 -5.015300000000000313e-01 -4.888620000000000188e-01 -4.430040000000000089e-01 -3.645309999999999939e-01 -2.612050000000000205e-01 -1.396280000000000021e-01 0.000000000000000000e+00
0.000000000000000000e+00 1.318309999999999968e-02 2.243509999999999949e-02 2.291539999999999896e-02 2.118509999999999838e-02 1.442859999999999976e-02 1.172119999999999933e-02 1.343770000000000034e-02 2.500230000000000161e-02 4.586699999999999805e-02 6.883209999999999329e-02 8.634160000000000446e-02 7.995670000000000555e-02 4.862310000000000243e-02 8.303990000000000676e-03 -4.410719999999999918e-03 3.633449999999999874e-02 1.240649999999999947e-01 2.376669999999999894e-01 3.523959999999999870e-01 4.498789999999999734e-01 5.101390000000000091e-01 5.132400000000000295e-01 4.546990000000000198e-01 3.306410000000000182e-01 1.401479999999999948e-01 -1.012860000000000010e-01 -3.570679999999999965e-01 -5.600509999999999655e-01 -6.564879999999999605e-01 -6.084840000000000249e-01 -4.154109999999999747e-01 -1.125280000000000030e-01 2.398309999999999886e-01 5.775670000000000526e-01 8.398079999999999989e-01 1.004590000000000094e+00 1.064370000000000038e+00 1.037179999999999991e+00 9.358250000000000179e-01 7.779660000000000464e-01 5.859809999999999741e-01 3.889850000000000252e-01 2.153430000000000066e-01 9.572139999999999815e-02 3.315409999999999885e-02 1.336159999999999952e-02 6.862319999999999878e-03 -7.033239999999999631e-03 -3.203949999999999854e-02 -6.390029999999999322e-02 -9.592799999999999938e-02 -1.224950000000000067e-01 -1.453460000000000030e-01 -1.622770000000000046e-01 -1.808589999999999920e-01 -2.144479999999999997e-01 -2.787089999999999845e-01 -3.697869999999999768e-01 -4.730369999999999853e-01 -5.662519999999999776e-01 -6.432700000000000085e-01 -7.193680000000000074e-01 -8.067220000000000502e-01 -8.987220000000000208e-01 -9.793990000000000196e-01 -1.044480000000000075e+00 -1.087350000000000039e+00 -1.116559999999999997e+00 -1.131590000000000096e+00 -1.128919999999999924e+00 -1.105199999999999960e+00 -1.060840000000000005e+00 -9.950799999999999645e-01 -9.168500000000000538e-01 -8.412180000000000213e-01 -7.578500000000000236e-01 -6.662090000000000511e-01 -5.711410000000000098e-01 -4.822449999999999792e-01 -4.065920000000000090e-01 -3.393129999999999757e-01 -2.846119999999999761e-01 -2.518190000000000150e-01 -2.476849999999999885e-01 -2.701430000000000220e-01 -3.112190000000000234e-01 -3.686090000000000200e-01 -4.389919999999999933e-01 -5.094990000000000352e-01 -5.733500000000000263e-01 -6.198090000000000543e-01 -6.406380000000000408e-01 -6.380900000000000460e-01 -6.022650000000000503e-01 -5.335670000000000135e-01 -4.338620000000000254e-01 -3.055610000000000270e-01 -1.614190000000000069e-01 0.000000000000000000e+00
0.000000000000000000e+00 9.883339999999999140e-03 1.415600000000000018e-02 8.002459999999999435e-03 -1.519980000000000040e-04 -1.179030000000000009e-02 -1.652990000000000015e-02 -1.666149999999999923e-02 -6.228540000000000292e-03 1.294430000000000060e-02 3.322869999999999990e-02 4.851819999999999744e-02 3.783480000000000176e-02 8.303990000000000676e-03 -2.952070000000000041e-02 -3.320830000000000309e-02 1.540180000000000021e-02 1.164349999999999968e-01 2.448599999999999943e-01 3.758659999999999779e-01 4.870470000000000077e-01 5.600739999999999608e-01 5.759840000000000515e-01 5.276269999999999571e-01 4.068060000000000009e-01 2.164079999999999893e-01 -2.904090000000000144e-02 -2.868809999999999971e-01 -4.951030000000000153e-01 -5.966069999999999984e-01 -5.523439999999999461e-01 -3.641460000000000252e-01 -6.807689999999999575e-02 2.769519999999999760e-01 6.003910000000000080e-01 8.485800000000000010e-01 9.988949999999999774e-01 1.043020000000000058e+00 1.002720000000000056e+00 8.926549999999999763e-01 7.291050000000000031e-01 5.334459999999999757e-01 3.313809999999999811e-01 1.520400000000000085e-01 2.939299999999999899e-02 -3.958919999999999800e-02 -5.804320000000000312e-02 -5.930799999999999961e-02 -6.602750000000000286e-02 -8.573890000000000677e-02 -1.121909999999999991e-01 -1.443399999999999961e-01 -1.753010000000000124e-01 -2.044519999999999949e-01 -2.319219999999999893e-01 -2.601120000000000099e-01 -3.022480000000000167e-01 -3.681849999999999845e-01 -4.568840000000000123e-01 -5.529220000000000246e-01 -6.354389999999999761e-01 -6.975719999999999699e-01 -7.504480000000000040e-01 -8.096389999999999976e-01 -8.642859999999999987e-01 -9.064550000000000107e-01 -9.364970000000000239e-01 -9.454129999999999479e-01 -9.491779999999999662e-01 -9.517069999999999697e-01 -9.499570000000000514e-01 -9.404620000000000202e-01 -9.245510000000000117e-01 -8.937559999999999949e-01 -8.531849999999999712e-01 -8.148750000000000160e-01 -7.642870000000000497e-01 -7.030340000000000478e-01 -6.362379999999999702e-01 -5.704649999999999999e-01 -5.106979999999999853e-01 -4.590799999999999881e-01 -4.179939999999999767e-01 -3.931629999999999847e-01 -3.946919999999999873e-01 -4.202940000000000009e-01 -4.667629999999999835e-01 -5.303269999999999929e-01 -6.036010000000000542e-01 -6.761340000000000128e-01 -7.374739999999999629e-01 -7.726920000000000455e-01 -7.771959999999999980e-01 -7.521219999999999573e-01 -6.854449999999999710e-01 -5.888600000000000501e-01 -4.673269999999999924e-01 -3.197999999999999732e-01 -1.650860000000000105e-01 0.000000000000000000e+00
