0	0	0	0	0	0	0	0	0	0	0	0	0	0	0	0	0	0	0	0	0	0	0	0	0	0	0	0	0	0	0	0	0	0	0	0	0	0	0	0	0	0	0	0	0	0	0	0	0	0	0	0	0	0	0	0	0	0	0	0	0	0	0	0	0	0	0	0	0	0	0	0	0	0	0	0	0	0	0	0	0	0	0	0	0	0	0	0	0	0	0	0	0	0	0	0	0	0	0	0	
0	-0.056559	-0.104695	-0.141585	-0.16412	-0.167552	-0.148615	-0.113414	-0.0687182	-0.0192971	0.0343473	0.0910464	0.150573	0.212269	0.273521	0.330766	0.376253	0.403945	0.412443	0.405865	0.38898	0.365325	0.342416	0.322709	0.302709	0.282245	0.263074	0.248795	0.23862	0.233002	0.230378	0.22348	0.210735	0.190822	0.163435	0.130311	0.0949774	0.0613682	0.0339323	0.0128106	-0.00302493	-0.0172842	-0.0328996	-0.0516646	-0.0739425	-0.0983103	-0.124485	-0.146604	-0.165407	-0.183343	-0.197521	-0.209493	-0.223211	-0.236395	-0.24905	-0.257031	-0.256202	-0.247718	-0.230748	-0.201818	-0.161832	-0.116552	-0.073867	-0.038349	-0.0163131	-0.0121563	-0.0267744	-0.0555966	-0.0919387	-0.13012	-0.167879	-0.205647	-0.244564	-0.285662	-0.330747	-0.376319	-0.415009	-0.440946	-0.450854	-0.448085	-0.432161	-0.409275	-0.386807	-0.366118	-0.34744	-0.330537	-0.319719	-0.310751	-0.30436	-0.304402	-0.30169	-0.29217	-0.273758	-0.240761	-0.196181	-0.146988	-0.0987278	-0.0577818	-0.0260899	0	
0	-0.104695	-0.193843	-0.264735	-0.30976	-0.322551	-0.293108	-0.234376	-0.156216	-0.0664637	0.0333588	0.143096	0.257028	0.375948	0.489891	0.59498	0.676344	0.725705	0.741944	0.734192	0.708561	0.671197	0.63209	0.596923	0.560267	0.522127	0.490124	0.467931	0.452554	0.443469	0.433785	0.414507	0.384132	0.34337	0.295129	0.238656	0.178438	0.119299	0.0669794	0.0236836	-0.00821984	-0.0366243	-0.06284	-0.0945676	-0.133157	-0.180971	-0.233669	-0.284186	-0.32755	-0.368452	-0.399469	-0.425546	-0.450902	-0.474791	-0.49753	-0.507118	-0.499141	-0.478345	-0.443002	-0.388251	-0.318972	-0.243088	-0.169737	-0.10749	-0.0665556	-0.0522051	-0.0670763	-0.10429	-0.160194	-0.225589	-0.298474	-0.377371	-0.461055	-0.548839	-0.63471	-0.715833	-0.7807	-0.822725	-0.838183	-0.831195	-0.805965	-0.769355	-0.732341	-0.698755	-0.667981	-0.64118	-0.625102	-0.612737	-0.602264	-0.595841	-0.580424	-0.549763	-0.502165	-0.435347	-0.354753	-0.268804	-0.18716	-0.115693	-0.0536734	0	
0	-0.141585	-0.264735	-0.366102	-0.43956	-0.47173	-0.450302	-0.38717	-0.294715	-0.180501	-0.0437019	0.110484	0.275205	0.442415	0.600175	0.739719	0.845459	0.909041	0.933268	0.930421	0.908554	0.868361	0.823434	0.778946	0.729132	0.679554	0.639258	0.615811	0.599913	0.58579	0.567432	0.530863	0.482315	0.428157	0.370799	0.309166	0.241739	0.168842	0.0980792	0.0333479	-0.0197373	-0.0636292	-0.102728	-0.144697	-0.196732	-0.261133	-0.339564	-0.414802	-0.484333	-0.550817	-0.603049	-0.643669	-0.682837	-0.714908	-0.739377	-0.745279	-0.724117	-0.684266	-0.629587	-0.555551	-0.465152	-0.370369	-0.283506	-0.205781	-0.145112	-0.11001	-0.107587	-0.136677	-0.194054	-0.275367	-0.378656	-0.499827	-0.630281	-0.758892	-0.880858	-0.986755	-1.0646	-1.11062	-1.12578	-1.12309	-1.0972	-1.05669	-1.01533	-0.974275	-0.936022	-0.90317	-0.887021	-0.871161	-0.850397	-0.831049	-0.791534	-0.731565	-0.65939	-0.56972	-0.471371	-0.373082	-0.274555	-0.179882	-0.0892979	0	
0	-0.16412	-0.30976	-0.43956	-0.544457	-0.611004	-0.615812	-0.572107	-0.487414	-0.366725	-0.209391	-0.020084	0.182721	0.390057	0.578778	0.742843	0.863685	0.937781	0.970328	0.979196	0.967883	0.936079	0.893062	0.846289	0.790332	0.731078	0.68592	0.65975	0.640448	0.622173	0.594346	0.548368	0.493003	0.437806	0.388623	0.335707	0.27404	0.199948	0.118706	0.0369282	-0.0335392	-0.0974165	-0.151468	-0.20861	-0.27336	-0.35407	-0.447196	-0.540649	-0.62654	-0.712417	-0.782078	-0.840623	-0.892121	-0.931776	-0.958765	-0.953896	-0.914209	-0.856123	-0.785708	-0.697966	-0.599772	-0.498793	-0.400236	-0.306134	-0.225933	-0.167713	-0.143239	-0.154167	-0.207048	-0.296928	-0.422753	-0.57492	-0.737632	-0.896557	-1.03654	-1.15433	-1.24041	-1.29473	-1.31895	-1.32206	-1.30341	-1.26615	-1.22335	-1.17985	-1.13535	-1.09365	-1.06616	-1.03577	-0.996705	-0.955504	-0.897281	-0.823594	-0.743083	-0.654237	-0.559724	-0.460219	-0.354821	-0.242889	-0.122509	0	
0	-0.167552	-0.322551	-0.47173	-0.611004	-0.718331	-0.766009	-0.758709	-0.700764	-0.592565	-0.430203	-0.225102	0.00235966	0.232559	0.441992	0.620027	0.751134	0.831909	0.872821	0.891697	0.895285	0.875781	0.845503	0.808764	0.757221	0.698959	0.64917	0.617641	0.591086	0.563697	0.532445	0.484858	0.434226	0.391127	0.356165	0.319853	0.2715	0.20442	0.124933	0.0386175	-0.0431577	-0.119643	-0.1905	-0.262128	-0.341443	-0.432099	-0.537884	-0.639761	-0.73723	-0.837095	-0.9221	-0.990874	-1.05088	-1.09222	-1.11243	-1.09886	-1.04724	-0.978126	-0.902852	-0.816228	-0.716265	-0.612245	-0.510967	-0.406155	-0.305592	-0.22336	-0.177411	-0.175561	-0.223444	-0.317394	-0.452316	-0.61542	-0.788209	-0.950569	-1.09546	-1.21785	-1.30985	-1.37195	-1.40568	-1.42539	-1.41665	-1.38408	-1.34484	-1.29886	-1.24806	-1.19513	-1.15317	-1.10033	-1.03435	-0.973486	-0.900533	-0.822987	-0.753283	-0.677758	-0.596257	-0.506692	-0.399543	-0.277537	-0.142683	0	
0	-0.148615	-0.293108	-0.450302	-0.615812	-0.766009	-0.861313	-0.902208	-0.885574	-0.807261	-0.663236	-0.464044	-0.237476	-0.0013443	0.214085	0.401033	0.539173	0.628012	0.675143	0.70533	0.72216	0.722233	0.71353	0.699022	0.665474	0.61345	0.56249	0.522435	0.484335	0.450588	0.417408	0.376841	0.337777	0.307592	0.288742	0.265843	0.230641	0.176025	0.106492	0.0283375	-0.0465346	-0.122316	-0.193077	-0.271422	-0.35884	-0.463451	-0.582429	-0.699459	-0.807443	-0.916699	-1.00472	-1.07398	-1.12831	-1.16195	-1.17635	-1.15402	-1.09659	-1.02924	-0.963929	-0.890001	-0.807029	-0.717091	-0.619328	-0.509681	-0.398958	-0.301636	-0.239	-0.221153	-0.256541	-0.34009	-0.467644	-0.623278	-0.785171	-0.937299	-1.07113	-1.18805	-1.28235	-1.35307	-1.39828	-1.42621	-1.42821	-1.40504	-1.37157	-1.33064	-1.2764	-1.21065	-1.14809	-1.07166	-0.98514	-0.90882	-0.831978	-0.758228	-0.694212	-0.628113	-0.554869	-0.4709	-0.371445	-0.258037	-0.131673	0	
0	-0.113414	-0.234376	-0.38717	-0.572107	-0.758709	-0.902208	-0.994601	-1.02883	-0.996329	-0.89006	-0.721582	-0.515431	-0.291032	-0.0761119	0.116015	0.264567	0.361923	0.419167	0.458896	0.493495	0.515901	0.536295	0.551046	0.539724	0.499824	0.448993	0.402679	0.357075	0.316476	0.284348	0.24806	0.216913	0.197701	0.189783	0.180918	0.159997	0.119459	0.0653888	0.00307757	-0.0555628	-0.113211	-0.171471	-0.241635	-0.33259	-0.448625	-0.586922	-0.721054	-0.841776	-0.953035	-1.03525	-1.08857	-1.12416	-1.14135	-1.14173	-1.11478	-1.06005	-1.00332	-0.957019	-0.911755	-0.855642	-0.791556	-0.717936	-0.622313	-0.512024	-0.404364	-0.324959	-0.286723	-0.300972	-0.362851	-0.465735	-0.595961	-0.737082	-0.871673	-0.994129	-1.10394	-1.19351	-1.26037	-1.30384	-1.33904	-1.34999	-1.33758	-1.31675	-1.27999	-1.2213	-1.14355	-1.0648	-0.97255	-0.87387	-0.79289	-0.713279	-0.637092	-0.57257	-0.504598	-0.434297	-0.361864	-0.280206	-0.192856	-0.0984133	0	
0	-0.0687182	-0.156216	-0.294715	-0.487414	-0.700764	-0.885574	-1.02883	-1.12004	-1.14612	-1.0965	-0.977993	-0.810604	-0.608897	-0.401773	-0.204289	-0.0458671	0.0656795	0.134823	0.191774	0.246362	0.295753	0.343776	0.383068	0.39008	0.359134	0.31196	0.266581	0.21991	0.179787	0.14648	0.111961	0.0832513	0.0688228	0.0707057	0.0732365	0.0659141	0.0398129	-0.000100734	-0.0436047	-0.0798976	-0.114202	-0.149486	-0.207869	-0.296884	-0.422278	-0.574162	-0.719565	-0.840769	-0.943646	-1.00648	-1.03581	-1.04563	-1.03981	-1.02486	-0.989235	-0.936891	-0.894767	-0.878304	-0.870646	-0.859413	-0.838258	-0.797402	-0.724324	-0.626126	-0.519666	-0.42977	-0.372947	-0.357365	-0.382703	-0.449833	-0.547831	-0.660195	-0.77241	-0.880115	-0.979311	-1.06157	-1.12247	-1.16098	-1.19267	-1.20746	-1.20292	-1.18814	-1.1564	-1.0948	-1.00804	-0.918722	-0.818097	-0.71671	-0.634557	-0.556022	-0.480041	-0.412496	-0.344474	-0.278651	-0.218498	-0.160323	-0.106036	-0.0528756	0	
0	-0.0192971	-0.0664637	-0.180501	-0.366725	-0.592565	-0.807261	-0.996329	-1.14612	-1.2384	-1.25709	-1.20094	-1.08316	-0.913587	-0.72016	-0.524762	-0.357788	-0.234994	-0.147818	-0.0713204	0.00863079	0.0829171	0.152824	0.207589	0.225835	0.204116	0.167643	0.133038	0.0969981	0.0614221	0.0295933	-0.0071826	-0.0376816	-0.0521361	-0.0474538	-0.0378221	-0.0360676	-0.0516429	-0.0772238	-0.104776	-0.121291	-0.134375	-0.153308	-0.1986	-0.281972	-0.406002	-0.555104	-0.69429	-0.804738	-0.887618	-0.928131	-0.930478	-0.909331	-0.875976	-0.838102	-0.791516	-0.742866	-0.721857	-0.740503	-0.782375	-0.821367	-0.848162	-0.850129	-0.809448	-0.731754	-0.633599	-0.541984	-0.469666	-0.42975	-0.421123	-0.443898	-0.49568	-0.570034	-0.655363	-0.74261	-0.827494	-0.898784	-0.949188	-0.980138	-1.00831	-1.02115	-1.01487	-0.999583	-0.965549	-0.903777	-0.82124	-0.736734	-0.642937	-0.545547	-0.463179	-0.383816	-0.307474	-0.243339	-0.182926	-0.129426	-0.0863293	-0.0505501	-0.0266366	-0.0108239	0	
0	0.0343473	0.0333588	-0.0437019	-0.209391	-0.430203	-0.663236	-0.89006	-1.0965	-1.25709	-1.34735	-1.35949	-1.29667	-1.16712	-0.997331	-0.812187	-0.645968	-0.512152	-0.408039	-0.307765	-0.204169	-0.108182	-0.023634	0.0406139	0.0680507	0.0604524	0.0419553	0.02807	0.00922496	-0.0142998	-0.0422952	-0.0779392	-0.113129	-0.133753	-0.135983	-0.130494	-0.127726	-0.136054	-0.152381	-0.165531	-0.170517	-0.172825	-0.181737	-0.218843	-0.292364	-0.401839	-0.534314	-0.653093	-0.739461	-0.798213	-0.812617	-0.785938	-0.734876	-0.672519	-0.611527	-0.55452	-0.513506	-0.515691	-0.575098	-0.665907	-0.75805	-0.834106	-0.877416	-0.872566	-0.82318	-0.745206	-0.659113	-0.580583	-0.514984	-0.467578	-0.447907	-0.456395	-0.48823	-0.532533	-0.587682	-0.646623	-0.700764	-0.743071	-0.76987	-0.794405	-0.802599	-0.789175	-0.766015	-0.7317	-0.67859	-0.613473	-0.549565	-0.472625	-0.386993	-0.307959	-0.228879	-0.156181	-0.0985589	-0.0496002	-0.0112764	0.0147042	0.0307182	0.0314514	0.0191546	0	
0	0.0910464	0.143096	0.110484	-0.020084	-0.225102	-0.464044	-0.721582	-0.977993	-1.20094	-1.35949	-1.43652	-1.43112	-1.34694	-1.20884	-1.04415	-0.883383	-0.744149	-0.623253	-0.503358	-0.380159	-0.267413	-0.170337	-0.0960156	-0.0540777	-0.0435869	-0.0395104	-0.0328477	-0.0326644	-0.0425749	-0.0609743	-0.0928735	-0.129493	-0.159895	-0.174578	-0.179605	-0.182127	-0.191507	-0.20459	-0.21734	-0.220667	-0.220858	-0.225854	-0.252929	-0.311676	-0.404838	-0.514581	-0.609607	-0.670832	-0.69692	-0.67831	-0.618803	-0.534604	-0.447716	-0.374668	-0.319793	-0.294153	-0.323907	-0.416191	-0.546392	-0.679321	-0.797505	-0.883614	-0.918431	-0.902198	-0.84479	-0.76673	-0.678324	-0.592221	-0.515628	-0.455916	-0.420033	-0.406536	-0.409231	-0.42256	-0.447025	-0.47815	-0.506986	-0.532067	-0.557271	-0.566881	-0.553875	-0.530773	-0.500581	-0.459187	-0.413679	-0.371139	-0.318593	-0.25375	-0.187962	-0.119977	-0.0535263	-0.000286183	0.0405329	0.0672361	0.0771755	0.0742492	0.0575724	0.0309423	0	
0	0.150573	0.257028	0.275205	0.182721	0.00235966	-0.237476	-0.515431	-0.810604	-1.08316	-1.29667	-1.43112	-1.47825	-1.44081	-1.33792	-1.19695	-1.04716	-0.907448	-0.779248	-0.650769	-0.518707	-0.39543	-0.286194	-0.196361	-0.136251	-0.103131	-0.0785686	-0.0533075	-0.0363222	-0.0314289	-0.0392832	-0.0628419	-0.100484	-0.136527	-0.162699	-0.177916	-0.189624	-0.206731	-0.231257	-0.252459	-0.265249	-0.267626	-0.269552	-0.288421	-0.338086	-0.416993	-0.510066	-0.581291	-0.60942	-0.595986	-0.537462	-0.44106	-0.33056	-0.230922	-0.156227	-0.112692	-0.108324	-0.161125	-0.278905	-0.436491	-0.599921	-0.749239	-0.86649	-0.933617	-0.944085	-0.905253	-0.830793	-0.736502	-0.63284	-0.531872	-0.445152	-0.376487	-0.325111	-0.284	-0.256743	-0.246836	-0.254371	-0.273231	-0.29515	-0.320993	-0.334995	-0.329313	-0.316714	-0.300115	-0.275131	-0.247903	-0.222715	-0.18967	-0.149496	-0.107217	-0.0586119	-0.00757979	0.0385011	0.0755026	0.0953648	0.0963477	0.0830519	0.0584245	0.0292043	0	
0	0.212269	0.375948	0.442415	0.390057	0.232559	-0.0013443	-0.291032	-0.608897	-0.913587	-1.16712	-1.34694	-1.44081	-1.44662	-1.37772	-1.26152	-1.12705	-0.996768	-0.875841	-0.753177	-0.624506	-0.495298	-0.37294	-0.266181	-0.185767	-0.133291	-0.0915245	-0.052724	-0.0233954	-0.00696957	-0.00466039	-0.0194568	-0.0484777	-0.0810584	-0.107287	-0.128131	-0.152058	-0.188797	-0.234944	-0.277897	-0.303359	-0.310112	-0.310109	-0.323881	-0.366979	-0.439198	-0.516083	-0.562236	-0.556644	-0.49961	-0.399578	-0.270975	-0.139861	-0.0324909	0.035273	0.0633888	0.0484544	-0.0249436	-0.161383	-0.337533	-0.522097	-0.693971	-0.832614	-0.91669	-0.936974	-0.899385	-0.821727	-0.719544	-0.606761	-0.495823	-0.392266	-0.301717	-0.222212	-0.153898	-0.100951	-0.0709468	-0.0642634	-0.0704651	-0.0867289	-0.108852	-0.127671	-0.136933	-0.142359	-0.14585	-0.138758	-0.126029	-0.114128	-0.0994851	-0.081782	-0.0625478	-0.0381894	-0.00659379	0.0258758	0.0520513	0.0670613	0.0671912	0.0561225	0.0388982	0.0186015	0	
0	0.273521	0.489891	0.600175	0.578778	0.441992	0.214085	-0.0761119	-0.401773	-0.72016	-0.997331	-1.20884	-1.33792	-1.37772	-1.33569	-1.24263	-1.12745	-1.01911	-0.918346	-0.815919	-0.698562	-0.568718	-0.436463	-0.314568	-0.218019	-0.147206	-0.0890236	-0.0384384	0.00141611	0.0251188	0.0343548	0.0308832	0.0143509	-0.00501228	-0.0265086	-0.0509378	-0.0889749	-0.146117	-0.215719	-0.277524	-0.319025	-0.33525	-0.344238	-0.362521	-0.407764	-0.472009	-0.529375	-0.545769	-0.503665	-0.407973	-0.277061	-0.127611	0.0144212	0.122448	0.186991	0.205863	0.176852	0.0872154	-0.0652447	-0.259747	-0.463202	-0.646646	-0.788033	-0.867402	-0.875224	-0.820911	-0.72471	-0.607534	-0.485572	-0.370146	-0.263558	-0.168847	-0.0867367	-0.0173295	0.0362844	0.067675	0.0796104	0.0801797	0.0725833	0.0585653	0.0386882	0.018439	-0.0052491	-0.0291127	-0.045051	-0.0555249	-0.0611606	-0.0628373	-0.0611038	-0.0558375	-0.0483161	-0.0391278	-0.0286396	-0.019554	-0.0115397	-0.00364852	0.00231539	0.00533522	0.00367883	0	
0	0.330766	0.59498	0.739719	0.742843	0.620027	0.401033	0.116015	-0.204289	-0.524762	-0.812187	-1.04415	-1.19695	-1.26152	-1.24263	-1.17306	-1.08634	-1.00772	-0.937251	-0.857645	-0.754823	-0.626425	-0.487933	-0.355868	-0.246279	-0.157859	-0.0848738	-0.0230461	0.0218863	0.0506737	0.0663653	0.0757301	0.0766725	0.0711901	0.0550774	0.0268869	-0.0220739	-0.0928686	-0.177635	-0.256281	-0.315593	-0.351599	-0.377791	-0.407532	-0.454279	-0.508167	-0.543536	-0.531589	-0.459863	-0.335689	-0.183117	-0.0192671	0.12793	0.239018	0.300017	0.311468	0.270451	0.166489	-0.00168287	-0.209707	-0.424758	-0.611788	-0.742098	-0.797572	-0.770605	-0.67963	-0.551119	-0.410816	-0.275159	-0.155616	-0.0535189	0.0279644	0.0911308	0.136927	0.167155	0.182384	0.189654	0.195529	0.193412	0.183506	0.160158	0.127331	0.0890142	0.0461607	0.00772366	-0.0255894	-0.053721	-0.073358	-0.0852902	-0.0917571	-0.09719	-0.105744	-0.113425	-0.11845	-0.114186	-0.0972137	-0.073521	-0.0461076	-0.0218244	0	
0	0.376253	0.676344	0.845459	0.863685	0.751134	0.539173	0.264567	-0.0458671	-0.357788	-0.645968	-0.883383	-1.04716	-1.12705	-1.12745	-1.08634	-1.03174	-0.990167	-0.949456	-0.894519	-0.807875	-0.687562	-0.551104	-0.415651	-0.296192	-0.192473	-0.102438	-0.0304511	0.0250101	0.0635217	0.0930426	0.117768	0.132137	0.133437	0.115234	0.0819916	0.028775	-0.0464393	-0.136867	-0.228198	-0.30774	-0.365173	-0.413485	-0.455261	-0.503828	-0.549472	-0.565821	-0.530449	-0.437115	-0.292257	-0.125131	0.0434742	0.192307	0.301508	0.360587	0.367207	0.318632	0.201483	0.0221653	-0.194581	-0.412832	-0.5852	-0.685575	-0.698755	-0.625133	-0.488251	-0.322439	-0.154011	-0.00287977	0.117758	0.209663	0.267784	0.297862	0.305271	0.303018	0.295275	0.29109	0.291155	0.283505	0.271742	0.244428	0.203801	0.154565	0.0972234	0.0363795	-0.0225945	-0.0719903	-0.112469	-0.142787	-0.165938	-0.189039	-0.21068	-0.22511	-0.230536	-0.218903	-0.191322	-0.153678	-0.104936	-0.0538396	0	
0	0.403945	0.725705	0.909041	0.937781	0.831909	0.628012	0.361923	0.0656795	-0.234994	-0.512152	-0.744149	-0.907448	-0.996768	-1.01911	-1.00772	-0.990167	-0.98175	-0.969344	-0.936117	-0.868591	-0.763007	-0.636112	-0.503055	-0.381269	-0.266089	-0.166034	-0.0810608	-0.0118997	0.0473926	0.0965345	0.138225	0.16249	0.166762	0.14726	0.11364	0.0599827	-0.0152103	-0.113057	-0.217706	-0.314159	-0.390602	-0.451739	-0.500029	-0.549359	-0.587051	-0.591095	-0.542824	-0.436595	-0.282564	-0.112174	0.0576788	0.200909	0.30793	0.364176	0.367883	0.312197	0.188435	0.00618849	-0.204305	-0.406199	-0.550973	-0.607968	-0.572619	-0.449946	-0.273203	-0.0744228	0.117646	0.279818	0.39999	0.476376	0.508353	0.505173	0.479931	0.450873	0.422715	0.403591	0.389008	0.367048	0.343626	0.306693	0.256114	0.197269	0.1274	0.0503309	-0.0254025	-0.0950822	-0.156115	-0.211018	-0.26	-0.298888	-0.32918	-0.340562	-0.335753	-0.316029	-0.278217	-0.230377	-0.165591	-0.0859115	0	
0	0.412443	0.741944	0.933268	0.970328	0.872821	0.675143	0.419167	0.134823	-0.147818	-0.408039	-0.623253	-0.779248	-0.875841	-0.918346	-0.937251	-0.949456	-0.969344	-0.979009	-0.96654	-0.92086	-0.835126	-0.723508	-0.601357	-0.484951	-0.370843	-0.264397	-0.169542	-0.0807642	0.000369003	0.0705464	0.12506	0.15856	0.169679	0.15571	0.126397	0.0754331	-0.00331744	-0.105465	-0.217419	-0.321561	-0.40148	-0.467412	-0.517836	-0.565694	-0.602401	-0.602777	-0.550048	-0.445621	-0.295768	-0.129442	0.0293496	0.163395	0.263959	0.316004	0.315519	0.258744	0.134427	-0.0382406	-0.226498	-0.398595	-0.500246	-0.513035	-0.434729	-0.275649	-0.0670648	0.153605	0.360013	0.530022	0.645039	0.705905	0.713328	0.688616	0.645965	0.602197	0.560666	0.528694	0.497937	0.454049	0.4129	0.361722	0.296121	0.224694	0.14611	0.0600197	-0.0254072	-0.108188	-0.191083	-0.269467	-0.339374	-0.392295	-0.422164	-0.428675	-0.417752	-0.386361	-0.340034	-0.280804	-0.198433	-0.104095	0	
0	0.405865	0.734192	0.930421	0.979196	0.891697	0.70533	0.458896	0.191774	-0.0713204	-0.307765	-0.503358	-0.650769	-0.753177	-0.815919	-0.857645	-0.894519	-0.936117	-0.96654	-0.975719	-0.952994	-0.890164	-0.798512	-0.693218	-0.592789	-0.485795	-0.380544	-0.277352	-0.177361	-0.0817554	-0.00147136	0.0619613	0.10716	0.132004	0.130794	0.109179	0.0593651	-0.017446	-0.116927	-0.222467	-0.315359	-0.387597	-0.44522	-0.489885	-0.53664	-0.573381	-0.57778	-0.536506	-0.446066	-0.312489	-0.163136	-0.015757	0.106474	0.200976	0.249657	0.24937	0.192773	0.0742284	-0.0813592	-0.241148	-0.376645	-0.442118	-0.415605	-0.303976	-0.120488	0.101098	0.332111	0.546408	0.711094	0.814463	0.861061	0.859362	0.82755	0.780915	0.737236	0.69102	0.647407	0.599383	0.5398	0.483524	0.417077	0.336714	0.253843	0.168749	0.0779473	-0.0135774	-0.110104	-0.207717	-0.300514	-0.380731	-0.431725	-0.459047	-0.460768	-0.442697	-0.406879	-0.349097	-0.280519	-0.195126	-0.097529	0	
0	0.38898	0.708561	0.908554	0.967883	0.895285	0.72216	0.493495	0.246362	0.00863079	-0.204169	-0.380159	-0.518707	-0.624506	-0.698562	-0.754823	-0.807875	-0.868591	-0.92086	-0.952994	-0.956047	-0.920294	-0.854974	-0.774834	-0.694916	-0.601289	-0.50089	-0.400603	-0.302078	-0.2079	-0.125055	-0.0540082	0.00613069	0.0491399	0.0614161	0.0462822	0.00135639	-0.0693777	-0.154888	-0.240437	-0.312668	-0.361656	-0.399522	-0.429229	-0.464402	-0.49964	-0.512753	-0.486693	-0.419897	-0.31293	-0.181617	-0.0509323	0.0611998	0.152693	0.202871	0.204845	0.153254	0.0415461	-0.10001	-0.235655	-0.344903	-0.379808	-0.328889	-0.198118	-3.90803e-05	0.232389	0.462607	0.663904	0.815467	0.905933	0.941788	0.93533	0.911182	0.875067	0.829253	0.773805	0.722662	0.667283	0.59803	0.534624	0.465408	0.382196	0.29849	0.214383	0.120501	0.0211738	-0.0848496	-0.188659	-0.279167	-0.353509	-0.399636	-0.420873	-0.422113	-0.403733	-0.360867	-0.302376	-0.236628	-0.157869	-0.0789833	0	
0	0.365325	0.671197	0.868361	0.936079	0.875781	0.722233	0.515901	0.295753	0.0829171	-0.108182	-0.267413	-0.39543	-0.495298	-0.568718	-0.626425	-0.687562	-0.763007	-0.835126	-0.890164	-0.920294	-0.917078	-0.883981	-0.832136	-0.773724	-0.695307	-0.608826	-0.524159	-0.443239	-0.359963	-0.278663	-0.201792	-0.128536	-0.0736049	-0.0512831	-0.0596588	-0.0973377	-0.154784	-0.219991	-0.281588	-0.323959	-0.345285	-0.355567	-0.361231	-0.378805	-0.403611	-0.414513	-0.39725	-0.347101	-0.261071	-0.151231	-0.0370587	0.0615755	0.145264	0.191767	0.19386	0.143136	0.0342943	-0.0978931	-0.218958	-0.310446	-0.332726	-0.267966	-0.122864	0.0824809	0.312065	0.535792	0.72989	0.864962	0.939679	0.970451	0.968625	0.946642	0.908063	0.860792	0.801351	0.741827	0.680472	0.61248	0.553044	0.492985	0.422945	0.351627	0.27552	0.184468	0.0866907	-0.0154637	-0.104877	-0.1768	-0.239268	-0.279759	-0.305286	-0.31545	-0.304676	-0.272101	-0.223753	-0.173266	-0.115763	-0.0556784	0	
0	0.342416	0.63209	0.823434	0.893062	0.845503	0.71353	0.536295	0.343776	0.152824	-0.023634	-0.170337	-0.286194	-0.37294	-0.436463	-0.487933	-0.551104	-0.636112	-0.723508	-0.798512	-0.854974	-0.883981	-0.880074	-0.849129	-0.805328	-0.74297	-0.677921	-0.621012	-0.566242	-0.500451	-0.428585	-0.356088	-0.285978	-0.230129	-0.203192	-0.204742	-0.230917	-0.271987	-0.315185	-0.347761	-0.360027	-0.350504	-0.330227	-0.308563	-0.298295	-0.298739	-0.29297	-0.267925	-0.219522	-0.144873	-0.0450644	0.056916	0.141689	0.20804	0.236143	0.219548	0.153039	0.0355926	-0.0954292	-0.207139	-0.288444	-0.302998	-0.236369	-0.0942512	0.108262	0.336408	0.553884	0.735907	0.865272	0.941636	0.971033	0.965249	0.940877	0.899245	0.842282	0.777313	0.722809	0.667029	0.601591	0.545821	0.496248	0.441969	0.388122	0.330586	0.259412	0.183756	0.108578	0.0475277	-0.00182909	-0.0515754	-0.0902019	-0.121107	-0.146112	-0.158185	-0.152145	-0.134464	-0.111335	-0.0761766	-0.0374292	0	
0	0.322709	0.596923	0.778946	0.846289	0.808764	0.699022	0.551046	0.383068	0.207589	0.0406139	-0.0960156	-0.196361	-0.266181	-0.314568	-0.355868	-0.415651	-0.503055	-0.601357	-0.693218	-0.774834	-0.832136	-0.849129	-0.830651	-0.796072	-0.750666	-0.710311	-0.679507	-0.648064	-0.600735	-0.546646	-0.496919	-0.448378	-0.408291	-0.388713	-0.390988	-0.411334	-0.437699	-0.453801	-0.451344	-0.425185	-0.377879	-0.322233	-0.266609	-0.222578	-0.19258	-0.162737	-0.119071	-0.058411	0.0247683	0.130739	0.231446	0.301421	0.339479	0.332359	0.280686	0.186446	0.0517757	-0.0888549	-0.204619	-0.287108	-0.306897	-0.245491	-0.103084	0.0970133	0.315715	0.524029	0.701592	0.829927	0.907145	0.942105	0.93945	0.908825	0.859099	0.7979	0.733126	0.676794	0.62391	0.56832	0.523064	0.489278	0.452466	0.414879	0.379005	0.342483	0.309904	0.275304	0.246409	0.214652	0.167772	0.126586	0.090802	0.0525922	0.0197839	-0.00213258	-0.0178464	-0.0263749	-0.0210009	-0.0105598	0	
0	0.302709	0.560267	0.729132	0.790332	0.757221	0.665474	0.539724	0.39008	0.225835	0.0680507	-0.0540777	-0.136251	-0.185767	-0.218019	-0.246279	-0.296192	-0.381269	-0.484951	-0.592789	-0.694916	-0.773724	-0.805328	-0.796072	-0.77158	-0.745235	-0.724782	-0.713415	-0.699211	-0.67299	-0.648599	-0.634417	-0.620847	-0.608298	-0.604856	-0.616502	-0.635707	-0.647273	-0.635357	-0.595075	-0.526314	-0.437711	-0.339594	-0.243705	-0.162172	-0.0992257	-0.040475	0.0272503	0.110882	0.213177	0.330829	0.432016	0.4896	0.500533	0.462987	0.383464	0.263025	0.10236	-0.0619732	-0.199579	-0.297429	-0.327821	-0.270271	-0.130367	0.0641894	0.27605	0.474395	0.643148	0.768941	0.850863	0.887963	0.884099	0.852569	0.800624	0.7352	0.666772	0.610277	0.561541	0.517401	0.491214	0.479477	0.466222	0.452487	0.444754	0.444608	0.44948	0.449155	0.444729	0.427039	0.389812	0.351465	0.312633	0.265987	0.216972	0.170786	0.124543	0.079787	0.0462088	0.0218995	0	
0	0.282245	0.522127	0.679554	0.731078	0.698959	0.61345	0.499824	0.359134	0.204116	0.0604524	-0.0435869	-0.103131	-0.133291	-0.147206	-0.157859	-0.192473	-0.266089	-0.370843	-0.485795	-0.601289	-0.695307	-0.74297	-0.750666	-0.745235	-0.739228	-0.73714	-0.739282	-0.742059	-0.740104	-0.748604	-0.77104	-0.795254	-0.81174	-0.830168	-0.853013	-0.871972	-0.870066	-0.831361	-0.75081	-0.638469	-0.502158	-0.359908	-0.227329	-0.113814	-0.0214051	0.0645408	0.162197	0.273839	0.394981	0.522422	0.622943	0.668931	0.66168	0.606987	0.509386	0.367474	0.184301	-0.00992793	-0.176818	-0.296358	-0.343375	-0.299899	-0.170599	0.0152197	0.216038	0.407783	0.573247	0.701993	0.78521	0.820333	0.812442	0.77525	0.72247	0.655066	0.585862	0.531045	0.493334	0.469305	0.463543	0.475036	0.487714	0.500481	0.523273	0.557843	0.59019	0.610029	0.624454	0.623962	0.600624	0.568384	0.527043	0.470085	0.408003	0.346014	0.274934	0.199171	0.128406	0.0615689	0	
0	0.263074	0.490124	0.639258	0.68592	0.64917	0.56249	0.448993	0.31196	0.167643	0.0419553	-0.0395104	-0.0785686	-0.0915245	-0.0890236	-0.0848738	-0.102438	-0.166034	-0.264397	-0.380544	-0.50089	-0.608826	-0.677921	-0.710311	-0.724782	-0.73714	-0.747119	-0.76326	-0.782867	-0.806044	-0.844627	-0.902319	-0.961439	-1.00864	-1.04522	-1.07525	-1.09076	-1.07361	-1.00524	-0.884678	-0.725335	-0.546746	-0.37221	-0.2134	-0.0771807	0.0412047	0.158441	0.284991	0.417033	0.551339	0.679831	0.77747	0.822221	0.809015	0.74734	0.640173	0.4838	0.277309	0.0583182	-0.131786	-0.26853	-0.334369	-0.312847	-0.207481	-0.0483744	0.134214	0.31857	0.487762	0.621273	0.703129	0.7323	0.715143	0.671757	0.617603	0.559003	0.50629	0.470531	0.455834	0.453315	0.464191	0.489114	0.522352	0.562982	0.613562	0.670121	0.714507	0.743902	0.767847	0.781834	0.776798	0.755272	0.717781	0.657742	0.583692	0.504014	0.413381	0.31515	0.214361	0.108495	0	
0	0.248795	0.467931	0.615811	0.65975	0.617641	0.522435	0.402679	0.266581	0.133038	0.02807	-0.0328477	-0.0533075	-0.052724	-0.0384384	-0.0230461	-0.0304511	-0.0810608	-0.169542	-0.277352	-0.400603	-0.524159	-0.621012	-0.679507	-0.713415	-0.739282	-0.76326	-0.792096	-0.825981	-0.864756	-0.925149	-1.00753	-1.09642	-1.16588	-1.21631	-1.25159	-1.26465	-1.23357	-1.13829	-0.977175	-0.779089	-0.569584	-0.371288	-0.193707	-0.0351387	0.109599	0.249411	0.390311	0.529694	0.663354	0.789598	0.890917	0.939312	0.926468	0.861626	0.747079	0.576725	0.359299	0.127006	-0.0767353	-0.227144	-0.312565	-0.318747	-0.247041	-0.113321	0.0534807	0.230023	0.389862	0.51441	0.588673	0.612011	0.595797	0.559693	0.518406	0.475694	0.445365	0.439287	0.454417	0.473697	0.49801	0.533125	0.581004	0.637657	0.700371	0.766964	0.81605	0.849812	0.879202	0.895746	0.89707	0.885465	0.857346	0.805491	0.730382	0.638853	0.53334	0.417736	0.292375	0.15142	0	
0	0.23862	0.452554	0.599913	0.640448	0.591086	0.484335	0.357075	0.21991	0.0969981	0.00922496	-0.0326644	-0.0363222	-0.0233954	0.00141611	0.0218863	0.0250101	-0.0118997	-0.0807642	-0.177361	-0.302078	-0.443239	-0.566242	-0.648064	-0.699211	-0.742059	-0.782867	-0.825981	-0.86642	-0.913151	-0.984089	-1.08203	-1.18753	-1.26899	-1.32712	-1.36313	-1.37105	-1.32434	-1.20348	-1.01511	-0.796249	-0.570651	-0.361663	-0.166131	0.0114861	0.174093	0.326311	0.471754	0.607175	0.737161	0.856731	0.95217	0.999881	0.984129	0.917712	0.801854	0.633042	0.413376	0.174868	-0.0391884	-0.20268	-0.304781	-0.331983	-0.277165	-0.157964	-0.005024	0.154893	0.297647	0.406209	0.467049	0.489118	0.481457	0.46072	0.441198	0.427044	0.424085	0.438859	0.4711	0.505414	0.545285	0.596236	0.658126	0.718237	0.774774	0.831788	0.876826	0.916562	0.950088	0.970528	0.977004	0.968149	0.946278	0.90171	0.83074	0.739146	0.624048	0.490306	0.341315	0.173836	0	
0	0.233002	0.443469	0.58579	0.622173	0.563697	0.450588	0.316476	0.179787	0.0614221	-0.0142998	-0.0425749	-0.0314289	-0.00696957	0.0251188	0.0506737	0.0635217	0.0473926	0.000369003	-0.0817554	-0.2079	-0.359963	-0.500451	-0.600735	-0.67299	-0.740104	-0.806044	-0.864756	-0.913151	-0.964614	-1.04164	-1.14509	-1.25335	-1.33614	-1.38908	-1.41294	-1.40097	-1.33121	-1.19114	-0.992647	-0.769103	-0.543941	-0.330969	-0.129927	0.0533522	0.221085	0.376602	0.521271	0.652867	0.775671	0.881978	0.969637	1.01231	0.996894	0.929804	0.814771	0.644353	0.423896	0.183465	-0.0337448	-0.201681	-0.31017	-0.344284	-0.299805	-0.188032	-0.0398982	0.112069	0.240444	0.332836	0.384659	0.407594	0.408454	0.402439	0.399393	0.406299	0.425146	0.455706	0.497319	0.537321	0.586984	0.646245	0.711508	0.769922	0.815486	0.861869	0.903526	0.94373	0.982258	1.00965	1.02416	1.02031	0.995298	0.951242	0.884172	0.793079	0.674548	0.525152	0.355992	0.177926	0	
0	0.230378	0.433785	0.567432	0.594346	0.532445	0.417408	0.284348	0.14648	0.0295933	-0.0422952	-0.0609743	-0.0392832	-0.00466039	0.0343548	0.0663653	0.0930426	0.0965345	0.0705464	-0.00147136	-0.125055	-0.278663	-0.428585	-0.546646	-0.648599	-0.748604	-0.844627	-0.925149	-0.984089	-1.04164	-1.12048	-1.21912	-1.32202	-1.39234	-1.42549	-1.41718	-1.37068	-1.27401	-1.1214	-0.918829	-0.698609	-0.478366	-0.276827	-0.0890237	0.0802448	0.237077	0.386924	0.525451	0.649745	0.764481	0.865294	0.951464	1.00084	0.989237	0.920504	0.798349	0.621714	0.399046	0.160649	-0.0534019	-0.219841	-0.322856	-0.352682	-0.303224	-0.183966	-0.0328955	0.114718	0.237805	0.3276	0.378584	0.398986	0.396889	0.389623	0.391471	0.408199	0.430433	0.462329	0.502994	0.544412	0.599848	0.659894	0.720312	0.771788	0.817447	0.865113	0.907185	0.950339	0.987218	1.01485	1.03374	1.02969	1.0025	0.958609	0.891841	0.801333	0.682294	0.531867	0.362561	0.181494	0	
0	0.22348	0.414507	0.530863	0.548368	0.484858	0.376841	0.24806	0.111961	-0.0071826	-0.0779392	-0.0928735	-0.0628419	-0.0194568	0.0308832	0.0757301	0.117768	0.138225	0.12506	0.0619613	-0.0540082	-0.201792	-0.356088	-0.496919	-0.634417	-0.77104	-0.902319	-1.00753	-1.08203	-1.14509	-1.21912	-1.30989	-1.39436	-1.43871	-1.43175	-1.37522	-1.28739	-1.16496	-0.999404	-0.796971	-0.583991	-0.383935	-0.21215	-0.0539878	0.0895816	0.227732	0.360796	0.483665	0.591533	0.698839	0.800233	0.897645	0.958267	0.956623	0.884566	0.752664	0.570147	0.345498	0.10844	-0.100734	-0.258371	-0.346088	-0.35379	-0.27976	-0.139869	0.0252686	0.18121	0.308469	0.398011	0.444801	0.460912	0.451892	0.435317	0.424185	0.425282	0.430808	0.44451	0.475332	0.515686	0.570489	0.627073	0.682121	0.737458	0.790632	0.843631	0.892985	0.933853	0.965251	0.987996	0.998652	0.993863	0.970248	0.929118	0.860825	0.763985	0.645555	0.506731	0.353614	0.182407	0	
0	0.210735	0.384132	0.482315	0.493003	0.434226	0.337777	0.216913	0.0832513	-0.0376816	-0.113129	-0.129493	-0.100484	-0.0484777	0.0143509	0.0766725	0.132137	0.16249	0.15856	0.10716	0.00613069	-0.128536	-0.285978	-0.448378	-0.620847	-0.795254	-0.961439	-1.09642	-1.18753	-1.25335	-1.32202	-1.39436	-1.4474	-1.44604	-1.38307	-1.27514	-1.1465	-0.997805	-0.822183	-0.62537	-0.434412	-0.271853	-0.138596	-0.0166309	0.0970964	0.204175	0.308442	0.40226	0.493437	0.596316	0.705589	0.811682	0.880094	0.878832	0.798764	0.661003	0.4765	0.253978	0.0243612	-0.175646	-0.321981	-0.382053	-0.351413	-0.242174	-0.0715175	0.118251	0.289121	0.425186	0.516755	0.563838	0.574909	0.558988	0.532074	0.499197	0.47051	0.441318	0.430287	0.442788	0.469267	0.518061	0.566725	0.614666	0.671661	0.731971	0.788326	0.840699	0.886944	0.916436	0.929662	0.932115	0.921068	0.893867	0.852665	0.780621	0.682113	0.572393	0.44766	0.313178	0.163599	0	
0	0.190822	0.34337	0.428157	0.437806	0.391127	0.307592	0.197701	0.0688228	-0.0521361	-0.133753	-0.159895	-0.136527	-0.0810584	-0.00501228	0.0711901	0.133437	0.166762	0.169679	0.132004	0.0491399	-0.0736049	-0.230129	-0.408291	-0.608298	-0.81174	-1.00864	-1.16588	-1.26899	-1.33614	-1.39234	-1.43871	-1.44604	-1.38833	-1.2723	-1.1155	-0.946957	-0.771516	-0.588722	-0.410715	-0.257852	-0.137722	-0.0478849	0.03454	0.107521	0.172758	0.236975	0.30388	0.380262	0.478328	0.588694	0.692061	0.751442	0.742923	0.656775	0.512955	0.330675	0.116155	-0.101637	-0.281985	-0.396279	-0.414277	-0.341373	-0.193436	0.00674668	0.214401	0.399939	0.550063	0.652494	0.703651	0.712721	0.689313	0.646595	0.593703	0.539054	0.48429	0.45033	0.44194	0.448252	0.47212	0.504699	0.543764	0.595885	0.652944	0.702652	0.752268	0.793861	0.820312	0.832514	0.827682	0.810775	0.774874	0.720231	0.647388	0.562462	0.469056	0.360701	0.244936	0.123077	0	
0	0.163435	0.295129	0.370799	0.388623	0.356165	0.288742	0.189783	0.0707057	-0.0474538	-0.135983	-0.174578	-0.162699	-0.107287	-0.0265086	0.0550774	0.115234	0.14726	0.15571	0.130794	0.0614161	-0.0512831	-0.203192	-0.388713	-0.604856	-0.830168	-1.04522	-1.21631	-1.32712	-1.38908	-1.42549	-1.43175	-1.38307	-1.2723	-1.10563	-0.905353	-0.698892	-0.50332	-0.32966	-0.185449	-0.0726873	0.00464792	0.0553392	0.093892	0.120235	0.138094	0.162786	0.200043	0.257708	0.343169	0.443632	0.532557	0.5784	0.561553	0.467296	0.322082	0.145709	-0.0569107	-0.248135	-0.388674	-0.458354	-0.428682	-0.311085	-0.134478	0.0799342	0.301405	0.502059	0.663857	0.771024	0.825191	0.835959	0.811163	0.76074	0.689994	0.617709	0.554554	0.512718	0.485349	0.46293	0.459477	0.468203	0.485002	0.522362	0.565515	0.600173	0.637562	0.665859	0.680821	0.686337	0.677588	0.653541	0.606824	0.546008	0.477849	0.409181	0.337038	0.249163	0.160422	0.0784773	0	
0	0.130311	0.238656	0.309166	0.335707	0.319853	0.265843	0.180918	0.0732365	-0.0378221	-0.130494	-0.179605	-0.177916	-0.128131	-0.0509378	0.0268869	0.0819916	0.11364	0.126397	0.109179	0.0462822	-0.0596588	-0.204742	-0.390988	-0.616502	-0.853013	-1.07525	-1.25159	-1.36313	-1.41294	-1.41718	-1.37522	-1.27514	-1.1155	-0.905353	-0.664753	-0.428638	-0.229308	-0.0755553	0.0351166	0.109519	0.149551	0.158966	0.15057	0.131721	0.105231	0.0906168	0.0971978	0.131638	0.194438	0.276542	0.345392	0.3733	0.345785	0.250992	0.110009	-0.0549544	-0.230924	-0.382107	-0.475721	-0.495482	-0.421121	-0.272394	-0.0744508	0.155665	0.386433	0.592114	0.756813	0.867055	0.925088	0.936786	0.908636	0.851968	0.778055	0.703169	0.636393	0.586897	0.544052	0.500719	0.474637	0.463644	0.456809	0.464557	0.481251	0.493023	0.505239	0.51047	0.510098	0.503875	0.482749	0.449272	0.401214	0.345422	0.289804	0.237111	0.182341	0.125234	0.0792246	0.0397971	0	
0	0.0949774	0.178438	0.241739	0.27404	0.2715	0.230641	0.159997	0.0659141	-0.0360676	-0.127726	-0.182127	-0.189624	-0.152058	-0.0889749	-0.0220739	0.028775	0.0599827	0.0754331	0.0593651	0.00135639	-0.0973377	-0.230917	-0.411334	-0.635707	-0.871972	-1.09076	-1.26465	-1.37105	-1.40097	-1.37068	-1.28739	-1.1465	-0.946957	-0.698892	-0.428638	-0.18196	0.0111856	0.143574	0.225958	0.266605	0.269911	0.240146	0.193665	0.134762	0.0705377	0.0197066	-0.00335784	0.0060046	0.0454534	0.106127	0.153021	0.163737	0.127971	0.0356615	-0.0953282	-0.237688	-0.380746	-0.488734	-0.533032	-0.507126	-0.401852	-0.230232	-0.0147026	0.223673	0.458014	0.667577	0.833659	0.944317	1.00247	1.01227	0.981008	0.920996	0.848369	0.776628	0.713119	0.657507	0.601073	0.546407	0.50695	0.479086	0.448634	0.424778	0.406892	0.384881	0.364166	0.340763	0.319633	0.295958	0.257532	0.216708	0.177679	0.137342	0.0983075	0.0632191	0.0320082	0.0106012	0.00583775	0.00552914	0	
0	0.0613682	0.119299	0.168842	0.199948	0.20442	0.176025	0.119459	0.0398129	-0.0516429	-0.136054	-0.191507	-0.206731	-0.188797	-0.146117	-0.0928686	-0.0464393	-0.0152103	-0.00331744	-0.017446	-0.0693777	-0.154784	-0.271987	-0.437699	-0.647273	-0.870066	-1.07361	-1.23357	-1.32434	-1.33121	-1.27401	-1.16496	-0.997805	-0.771516	-0.50332	-0.229308	0.0111856	0.190733	0.306427	0.363706	0.372512	0.344974	0.288063	0.212177	0.125151	0.0329492	-0.0445267	-0.0878224	-0.0979528	-0.0779215	-0.0371819	-0.00873954	-0.0147725	-0.0592734	-0.15056	-0.271185	-0.396696	-0.509093	-0.575224	-0.577789	-0.5176	-0.388815	-0.201604	0.0239748	0.268965	0.510677	0.725223	0.891835	1.00308	1.05896	1.06556	1.02959	0.97135	0.90403	0.833638	0.769382	0.708474	0.647913	0.587054	0.539553	0.498122	0.445243	0.392797	0.3405	0.285324	0.229726	0.174396	0.127428	0.0790076	0.0240869	-0.0176304	-0.0427132	-0.066099	-0.0865191	-0.0939014	-0.0919664	-0.0794563	-0.0543232	-0.0270384	0	
0	0.0339323	0.0669794	0.0980792	0.118706	0.124933	0.106492	0.0653888	-0.000100734	-0.0772238	-0.152381	-0.20459	-0.231257	-0.234944	-0.215719	-0.177635	-0.136867	-0.113057	-0.105465	-0.116927	-0.154888	-0.219991	-0.315185	-0.453801	-0.635357	-0.831361	-1.00524	-1.13829	-1.20348	-1.19114	-1.1214	-0.999404	-0.822183	-0.588722	-0.32966	-0.0755553	0.143574	0.306427	0.400678	0.431768	0.413049	0.364637	0.290518	0.199843	0.0988227	-0.00380672	-0.0879994	-0.138963	-0.15403	-0.14235	-0.114202	-0.102209	-0.124904	-0.18829	-0.287371	-0.408577	-0.526509	-0.618403	-0.657501	-0.632388	-0.548384	-0.407372	-0.210498	0.0299323	0.286818	0.531294	0.746021	0.917482	1.03391	1.09081	1.09237	1.0527	0.996354	0.936851	0.873222	0.803996	0.736761	0.67333	0.610681	0.555549	0.499624	0.434013	0.35817	0.279237	0.200232	0.114504	0.0329194	-0.0404572	-0.11329	-0.178566	-0.220356	-0.239644	-0.251442	-0.250198	-0.226492	-0.19104	-0.150576	-0.10376	-0.0530236	0	
0	0.0128106	0.0236836	0.0333479	0.0369282	0.0386175	0.0283375	0.00307757	-0.0436047	-0.104776	-0.165531	-0.21734	-0.252459	-0.277897	-0.277524	-0.256281	-0.228198	-0.217706	-0.217419	-0.222467	-0.240437	-0.281588	-0.347761	-0.451344	-0.595075	-0.75081	-0.884678	-0.977175	-1.01511	-0.992647	-0.918829	-0.796971	-0.62537	-0.410715	-0.185449	0.0351166	0.225958	0.363706	0.431768	0.437287	0.395387	0.332192	0.248184	0.156896	0.0604699	-0.028795	-0.102234	-0.137154	-0.142525	-0.126949	-0.107551	-0.1084	-0.15357	-0.240012	-0.358622	-0.495236	-0.619716	-0.70839	-0.738885	-0.7034	-0.608559	-0.459692	-0.254215	-0.00632349	0.256113	0.509084	0.732716	0.9063	1.02269	1.07537	1.07639	1.0416	0.993646	0.938179	0.867878	0.79563	0.730535	0.671308	0.607096	0.54159	0.476165	0.403525	0.318579	0.227387	0.137374	0.0374682	-0.068306	-0.163497	-0.247409	-0.318539	-0.362577	-0.383868	-0.392979	-0.374436	-0.327472	-0.274237	-0.215289	-0.146133	-0.0746603	0	
0	-0.00302493	-0.00821984	-0.0197373	-0.0335392	-0.0431577	-0.0465346	-0.0555628	-0.0798976	-0.121291	-0.170517	-0.220667	-0.265249	-0.303359	-0.319025	-0.315593	-0.30774	-0.314159	-0.321561	-0.315359	-0.312668	-0.323959	-0.360027	-0.425185	-0.526314	-0.638469	-0.725335	-0.779089	-0.796249	-0.769103	-0.698609	-0.583991	-0.434412	-0.257852	-0.0726873	0.109519	0.266605	0.372512	0.413049	0.395387	0.337042	0.26165	0.180857	0.10357	0.0303523	-0.0331812	-0.0734648	-0.0812588	-0.0660569	-0.0402411	-0.0237925	-0.0364111	-0.101501	-0.218356	-0.369154	-0.526254	-0.665754	-0.76246	-0.799121	-0.769884	-0.684758	-0.543727	-0.339301	-0.0855624	0.184623	0.441525	0.665327	0.841752	0.957061	1.00705	1.01177	0.984188	0.941675	0.885109	0.816969	0.742559	0.677651	0.623084	0.560683	0.499275	0.432563	0.35933	0.273495	0.182041	0.095508	-0.00657986	-0.116146	-0.21684	-0.304658	-0.374515	-0.425563	-0.45638	-0.463607	-0.442663	-0.394551	-0.33369	-0.264713	-0.181429	-0.0914885	0	
0	-0.0172842	-0.0366243	-0.0636292	-0.0974165	-0.119643	-0.122316	-0.113211	-0.114202	-0.134375	-0.172825	-0.220858	-0.267626	-0.310112	-0.33525	-0.351599	-0.365173	-0.390602	-0.40148	-0.387597	-0.361656	-0.345285	-0.350504	-0.377879	-0.437711	-0.502158	-0.546746	-0.569584	-0.570651	-0.543941	-0.478366	-0.383935	-0.271853	-0.137722	0.00464792	0.149551	0.269911	0.344974	0.364637	0.332192	0.26165	0.18613	0.117138	0.0652276	0.0229458	-8.25861e-06	-0.000763097	0.0217727	0.0556616	0.0897765	0.103493	0.0802205	-0.00922554	-0.15965	-0.336251	-0.511417	-0.661401	-0.771432	-0.830254	-0.826399	-0.760419	-0.633389	-0.443361	-0.20009	0.0671554	0.324524	0.545754	0.717311	0.830233	0.883532	0.892978	0.87021	0.829426	0.774064	0.707414	0.6367	0.583456	0.539875	0.487275	0.432083	0.375193	0.315395	0.236628	0.152197	0.070818	-0.0248505	-0.125668	-0.214104	-0.290377	-0.360356	-0.413094	-0.443796	-0.452847	-0.440177	-0.407697	-0.354054	-0.281075	-0.194322	-0.101114	0	
0	-0.0328996	-0.06284	-0.102728	-0.151468	-0.1905	-0.193077	-0.171471	-0.149486	-0.153308	-0.181737	-0.225854	-0.269552	-0.310109	-0.344238	-0.377791	-0.413485	-0.451739	-0.467412	-0.44522	-0.399522	-0.355567	-0.330227	-0.322233	-0.339594	-0.359908	-0.37221	-0.371288	-0.361663	-0.330969	-0.276827	-0.21215	-0.138596	-0.0478849	0.0553392	0.158966	0.240146	0.288063	0.290518	0.248184	0.180857	0.117138	0.0744673	0.057887	0.0586834	0.0776933	0.108458	0.14781	0.190597	0.229571	0.238111	0.197733	0.0821929	-0.0897259	-0.285604	-0.467714	-0.623781	-0.75228	-0.837945	-0.859238	-0.819848	-0.717119	-0.547756	-0.327859	-0.0816057	0.158916	0.368552	0.533054	0.641484	0.696779	0.715238	0.70097	0.661648	0.608627	0.557625	0.509677	0.474615	0.444797	0.405633	0.364994	0.319966	0.269295	0.206272	0.132276	0.0548869	-0.0260913	-0.108159	-0.176303	-0.235002	-0.295755	-0.343406	-0.370163	-0.375651	-0.371745	-0.356933	-0.316802	-0.255492	-0.178322	-0.0928714	0	
