0	0	0	0	0	0	0	0	0	0	0	0	0	0	0	0	0	0	0	0	0	0	0	0	0	0	0	0	0	0	0	0	0	0	0	0	0	0	0	0	0	0	0	0	0	0	0	0	0	0	0	0	0	0	0	0	0	0	0	0	0	0	0	0	0	0	0	0	0	0	0	0	0	0	0	0	0	0	0	0	0	0	0	0	0	0	0	0	0	0	0	0	0	0	0	0	0	0	0	0	
0	-0.00174306	-0.000420799	-0.00257668	-0.000679954	-0.000197478	-2.17452e-05	0.00222968	-0.000100206	0.000323938	0.00122766	-0.00228103	-0.000232846	0.00361555	0.00133095	-0.00177495	-0.000758193	-3.48957e-05	-0.00166304	0.00208446	-0.00214928	-0.00116268	-0.00135588	0.00129532	-0.00305076	-0.000378663	0.000653668	-0.00265583	-0.00109285	0.00039278	-0.000622026	-0.00313495	0.000554009	-0.00106114	9.89011e-05	-0.00420949	0.000979258	-0.000311353	-0.0005693	-0.00521562	0.00180885	0.00104412	-0.00233908	-0.00366126	-0.000409168	0.000829153	-0.0016045	-0.00703617	-0.00982574	-0.0140357	-0.0143362	-0.0291615	-0.0469628	-0.0588812	-0.0621517	-0.0546072	-0.0461857	-0.025294	0.00349086	0.0365559	0.0705605	0.100598	0.115306	0.108629	0.0839479	0.0492548	0.0102226	-0.0317725	-0.0686229	-0.0927196	-0.0856641	-0.0524176	-0.0157914	0.0251097	0.065112	0.0960085	0.113985	0.110916	0.0882664	0.0561586	0.024582	-0.00717605	-0.0356618	-0.0490687	-0.0562337	-0.0627821	-0.0556086	-0.0383731	-0.0236845	-0.0145649	-0.0114889	-0.00963348	-0.00539136	-0.00108667	0.00211698	-0.000186497	-0.00559843	-0.00103352	0.00630783	0	
0	-0.000420799	0.00494586	0.000179613	0.00168575	0.00243162	-0.00427361	0.000197358	-0.0012073	-0.00228334	0.000687906	0.00194291	-0.00137393	-0.00292955	-0.00335347	0.000524386	0.00313353	9.52751e-05	-0.00153879	0.000797215	0.000709844	-1.68235e-05	0.00170289	0.00201783	-0.00274968	0.0011516	0.00379284	-0.0025699	-0.000254509	0.00312006	-1.4307e-05	-0.00232503	0.00166457	0.0018237	2.44787e-05	-0.00313829	0.00130262	0.00398324	-0.00190045	-0.00557858	0.00323261	0.00378332	-0.00393704	-0.00697499	-0.000401343	-0.000125706	-0.00508983	-0.0148511	-0.023632	-0.0280188	-0.0334613	-0.0600683	-0.0929926	-0.119276	-0.119234	-0.108738	-0.0898106	-0.046383	0.00599026	0.0733338	0.1401	0.195496	0.226257	0.21522	0.165114	0.100534	0.0268948	-0.0613041	-0.136756	-0.182513	-0.173495	-0.108961	-0.0257201	0.058345	0.128678	0.185721	0.22449	0.221463	0.177791	0.11305	0.0468364	-0.0167487	-0.0702342	-0.0971726	-0.113293	-0.124864	-0.109522	-0.0764371	-0.0479428	-0.0294842	-0.022751	-0.0188434	-0.0106917	-0.0023714	0.00375477	-0.000464841	-0.0103478	-0.00193106	0.0114981	0	
0	-0.00257668	0.000179613	-0.00297382	-0.00162805	0.00155734	-0.00133486	0.00257154	0.000970338	-0.00155234	0.00190584	-0.00263503	-0.00136013	0.00500092	0.000887934	-0.00240778	-0.000602468	-0.00118699	-0.00341263	0.00343281	-0.00172818	-0.00291282	-0.00247102	0.00256415	-0.00526277	0.000153439	0.00126404	-0.00490306	-0.00201191	0.00211291	-0.00206804	-0.00518014	0.000815175	-0.000643144	-0.00103029	-0.00729787	0.00137526	0.00124613	-0.00308252	-0.0100974	0.00381351	0.00271153	-0.0064409	-0.00916229	-0.00131166	0.000429887	-0.00717087	-0.0203044	-0.031514	-0.0399179	-0.048896	-0.0883704	-0.13851	-0.173679	-0.179934	-0.16456	-0.13617	-0.0759552	0.00775022	0.107201	0.208427	0.295367	0.3383	0.320146	0.246936	0.147563	0.0346708	-0.0906077	-0.198646	-0.265081	-0.248079	-0.155155	-0.0414371	0.0794162	0.191616	0.281178	0.33539	0.328574	0.262354	0.16574	0.0690408	-0.0246352	-0.105645	-0.147855	-0.169539	-0.182763	-0.161818	-0.115622	-0.0724526	-0.044084	-0.0338631	-0.0277441	-0.0157679	-0.00383171	0.00449307	-0.000974886	-0.01352	-0.00256511	0.0146172	0	
0	-0.000679954	0.00168575	-0.00162805	0.000826042	-8.59778e-05	-0.00270416	0.00264317	-0.00200603	4.83068e-05	0.00229158	-0.00126354	-0.000772378	-7.99907e-05	-0.00210914	-0.00013016	0.00112604	6.02787e-05	-0.00103499	0.000705843	-0.00313837	-0.000763275	0.00164851	0.000880409	-0.00532184	6.93363e-05	0.0029311	-0.00511596	-0.0010371	0.00173786	-0.00182368	-0.00457671	0.00104525	-9.58198e-05	-0.00163729	-0.00614532	0.0011018	0.00229188	-0.00439791	-0.00910045	0.0038056	0.00271979	-0.00762005	-0.0104626	-0.0015804	-0.00195435	-0.0104133	-0.0276506	-0.0412106	-0.0533538	-0.0688478	-0.119477	-0.181962	-0.226754	-0.235444	-0.218332	-0.180631	-0.101473	0.00721325	0.139952	0.273521	0.38643	0.443615	0.418542	0.326236	0.197502	0.0482526	-0.113095	-0.257196	-0.342333	-0.319452	-0.202368	-0.0485131	0.110954	0.25199	0.36782	0.438432	0.42952	0.346803	0.222123	0.0880983	-0.039442	-0.14118	-0.195846	-0.225223	-0.238711	-0.211281	-0.153817	-0.0975159	-0.059635	-0.0447928	-0.0355873	-0.0204164	-0.00577114	0.0039152	-0.0017121	-0.0145544	-0.00288055	0.0150007	0	
0	-0.000197478	0.00243162	0.00155734	-8.59778e-05	0.00306365	-0.00207434	-0.00156576	-0.000608632	-0.00340502	-0.00112597	-0.000263126	3.92796e-05	4.30507e-05	-0.0027341	-3.09016e-05	0.000434769	-0.000866374	-0.00182253	0.000676706	0.00258064	-0.00167586	-0.00067047	0.000603914	-0.00128423	0.00109747	0.000971522	-0.00288646	-0.000575069	0.00261504	-0.00264103	-0.00171403	-8.6422e-05	0.00140012	-0.00288702	-0.00308407	-5.86145e-05	0.00308655	-0.00544661	-0.00630522	0.00289194	0.0020277	-0.00810808	-0.00988444	-0.00280227	-0.00384306	-0.0155308	-0.0322562	-0.05168	-0.0646922	-0.0920927	-0.150406	-0.223373	-0.276907	-0.288276	-0.273097	-0.224278	-0.129469	0.00632867	0.169954	0.336812	0.474904	0.541112	0.513058	0.399781	0.242336	0.0632431	-0.133344	-0.305971	-0.401848	-0.37828	-0.244123	-0.0566087	0.137755	0.311237	0.452411	0.536983	0.52873	0.426522	0.268979	0.102766	-0.0506946	-0.174371	-0.247342	-0.281982	-0.289244	-0.256241	-0.191733	-0.123673	-0.0759804	-0.0552927	-0.0423214	-0.0246387	-0.00823987	0.00186366	-0.00267885	-0.0132705	-0.00287618	0.0124704	0	
0	-2.17452e-05	-0.00427361	-0.00133486	-0.00270416	-0.00207434	0.00128013	0.00135076	0.00256126	0.00210638	0.00182516	-0.000862032	-0.00196277	0.000184601	0.00103168	-0.000674671	-0.00197658	-0.00232469	-6.67395e-05	-0.002608	-0.00321811	-0.0032648	-0.00115209	-0.00173422	-0.00413343	-0.00209591	-0.00234034	-0.00347245	-0.00274693	-0.00166136	-0.00412657	-0.00338623	-0.00257133	-0.00258454	-0.00456979	-0.00472052	-0.00273251	-0.0017417	-0.00731682	-0.00649876	-0.00135843	-0.00195106	-0.0100035	-0.00975932	-0.00539073	-0.00760266	-0.0186295	-0.0369041	-0.0560247	-0.075519	-0.112649	-0.177612	-0.261055	-0.318457	-0.340831	-0.32707	-0.270134	-0.162959	0.000161691	0.194923	0.393554	0.557803	0.635762	0.601191	0.474374	0.289653	0.0741602	-0.14938	-0.346385	-0.45355	-0.423654	-0.271735	-0.0575375	0.162858	0.365541	0.533722	0.62834	0.615234	0.499519	0.31852	0.117524	-0.0681118	-0.211483	-0.297129	-0.334367	-0.336109	-0.299292	-0.228179	-0.149406	-0.0934535	-0.0660127	-0.0479049	-0.0281442	-0.0112323	-0.00170957	-0.00384371	-0.00989109	-0.00260859	0.00742132	0	
0	0.00222968	0.000197358	0.00257154	0.00264317	-0.00156576	0.00135076	-0.0030031	-0.00382099	-0.00108617	-0.00414655	0.000326481	0.000957945	-0.00154983	-0.000160589	-0.000850197	-0.000233912	0.000304854	0.00181934	-0.00185841	0.00139169	0.00095288	1.09074e-05	-0.00138187	0.00128244	-0.000862419	-0.000906645	-4.57093e-05	-0.000221685	-0.00195914	-0.00093991	-0.000471751	-0.00140664	-0.001557	-0.00209529	-0.000657539	-0.00205089	-0.00123547	-0.0040237	-0.00140327	-0.00200871	-0.00235848	-0.00668699	-0.00707589	-0.00625017	-0.0116827	-0.0226138	-0.0423002	-0.0635008	-0.0912342	-0.139261	-0.210545	-0.297832	-0.360492	-0.391108	-0.377478	-0.313587	-0.18998	-0.00308552	0.219863	0.447976	0.629996	0.71498	0.677631	0.539061	0.332039	0.0920563	-0.154588	-0.372183	-0.484778	-0.455405	-0.296726	-0.0582384	0.191684	0.421598	0.607319	0.708651	0.69524	0.567075	0.359998	0.126286	-0.0848514	-0.245336	-0.34652	-0.387354	-0.380637	-0.337258	-0.260775	-0.175732	-0.113337	-0.0767288	-0.0518556	-0.0309652	-0.0149333	-0.00653107	-0.0050472	-0.00511485	-0.00221342	0.00084374	0	
0	-0.000100206	-0.0012073	0.000970338	-0.00200603	-0.000608632	0.00256126	-0.00382099	0.00295311	0.00164086	-0.00282698	0.00216722	-0.000718629	-0.00381987	0.000204008	-0.00214435	-0.00171382	-0.000650008	-0.00184207	-0.00515629	0.00155689	-0.00187938	-0.004407	-0.00271539	0.00146323	-0.00370962	-0.00456898	0.00122845	-0.00346595	-0.00399161	-0.00216069	-0.000563013	-0.00505567	-0.00352775	-0.00346906	-0.00103204	-0.0060438	-0.00521551	-0.00431679	-0.00170337	-0.0080483	-0.00637217	-0.00745639	-0.00671228	-0.0120524	-0.0158099	-0.0284893	-0.0441787	-0.0693497	-0.103677	-0.162121	-0.237462	-0.325554	-0.396188	-0.43628	-0.427546	-0.358021	-0.222135	-0.0127834	0.236825	0.492306	0.693276	0.784886	0.750848	0.602729	0.374472	0.112763	-0.158131	-0.387772	-0.499059	-0.471526	-0.305792	-0.0498791	0.219662	0.472902	0.67315	0.778436	0.764703	0.625565	0.395198	0.133409	-0.101216	-0.280664	-0.396142	-0.436862	-0.421212	-0.37196	-0.290791	-0.201809	-0.134312	-0.0875655	-0.0550658	-0.0333485	-0.0189831	-0.0119186	-0.00626842	-0.000114712	-0.00181409	-0.00577249	0	
0	0.000323938	-0.00228334	-0.00155234	4.83068e-05	-0.00340502	0.00210638	-0.00108617	0.00164086	0.00104263	-0.00250327	0.00240727	-0.00341284	-0.00182864	0.00355876	-0.00153931	-0.00163226	-0.0022328	0.000903099	-0.00277233	-0.00215996	-0.0016198	-0.00276266	-0.00116336	-0.000697524	-0.0053641	-0.00373706	0.00201084	-0.00498843	-0.00567082	-0.000498693	-0.00188739	-0.00570235	-0.00507438	-0.0018715	-0.00170182	-0.00729664	-0.00725342	-0.00128763	-0.0017127	-0.0108521	-0.00813041	-0.0040364	-0.00664312	-0.0141869	-0.0207634	-0.0302034	-0.0474016	-0.0739887	-0.119486	-0.186541	-0.263819	-0.353567	-0.430149	-0.482293	-0.475556	-0.401799	-0.251002	-0.0225643	0.253132	0.530921	0.742753	0.844776	0.810119	0.657602	0.418002	0.132277	-0.151453	-0.383331	-0.497854	-0.46948	-0.299436	-0.0365246	0.247847	0.519551	0.732882	0.840398	0.818291	0.669225	0.426465	0.141008	-0.120052	-0.317401	-0.441555	-0.482369	-0.461367	-0.404156	-0.31623	-0.226499	-0.156577	-0.099218	-0.0579357	-0.0352454	-0.0230978	-0.0171931	-0.00751742	0.00382568	-0.00149899	-0.0108146	0	
0	0.00122766	0.000687906	0.00190584	0.00229158	-0.00112597	0.00182516	-0.00414655	-0.00282698	-0.00250327	-0.0044182	0.0010052	-0.000881348	-0.000134257	0.00150857	-0.00467514	-0.000326925	0.00210208	-0.0016321	-0.00155109	0.00125206	0.00258113	-0.00532986	-0.000102988	0.00188389	-0.0034883	-0.00249869	0.00267415	-0.00436809	-0.00434462	0.00149319	-0.00206763	-0.00466864	-0.00444645	0.000621653	-0.00188348	-0.00674841	-0.00707231	0.00276551	-0.00217608	-0.0119564	-0.00753116	-0.000933061	-0.0062696	-0.0178713	-0.0239552	-0.0337059	-0.0502469	-0.0820774	-0.138057	-0.211043	-0.290258	-0.378227	-0.463882	-0.524188	-0.520297	-0.44025	-0.276459	-0.0299106	0.266264	0.557967	0.77932	0.884638	0.856931	0.705774	0.4562	0.160613	-0.131333	-0.362746	-0.474342	-0.448602	-0.282975	-0.0201486	0.27914	0.569357	0.783917	0.883873	0.859446	0.705189	0.44626	0.141696	-0.135854	-0.348838	-0.484245	-0.527801	-0.500657	-0.431761	-0.337612	-0.250577	-0.179179	-0.111205	-0.061209	-0.0372431	-0.0269284	-0.0214535	-0.00884183	0.00553455	-0.00131372	-0.0129757	0	
0	-0.00228103	0.00194291	-0.00263503	-0.00126354	-0.000263126	-0.000862032	0.000326481	0.00216722	0.00240727	0.0010052	1.88274e-05	-0.00148708	-0.00257464	-0.00517326	-0.000881886	-0.00212662	-0.000902566	-0.00500261	-0.0021939	-0.00447991	-0.00313301	-0.00428398	-0.00139051	-0.00207149	-0.00695978	-0.00246321	8.46785e-05	-0.00722673	-0.00424237	-0.0012394	-0.0035012	-0.00774369	-0.00425046	-0.00256808	-0.00391881	-0.0105458	-0.00801309	0.000782152	-0.00721379	-0.015766	-0.0102077	-0.00218826	-0.0110393	-0.0237511	-0.0282873	-0.0379276	-0.0524539	-0.0907644	-0.153803	-0.229261	-0.309907	-0.395288	-0.493695	-0.560931	-0.561478	-0.478586	-0.302273	-0.0428581	0.269106	0.571747	0.798619	0.912784	0.897274	0.750652	0.498654	0.193611	-0.103355	-0.329334	-0.436813	-0.409132	-0.24925	0.0110322	0.319201	0.610369	0.820691	0.91773	0.884255	0.721785	0.459904	0.145753	-0.152361	-0.382108	-0.522607	-0.567963	-0.537695	-0.457856	-0.357672	-0.27258	-0.199516	-0.123717	-0.06648	-0.0397948	-0.0297315	-0.0240204	-0.0105005	0.00438958	-0.00118959	-0.0117401	0	
0	-0.000232846	-0.00137393	-0.00136013	-0.000772378	3.92796e-05	-0.00196277	0.000957945	-0.000718629	-0.00341284	-0.000881348	-0.00148708	-0.00350598	0.00203231	0.000618249	0.00370321	-0.00211642	-0.00313237	-0.000632767	0.000350868	-0.000208258	-0.00150179	-0.00152115	-0.00256284	-0.00149353	-0.00374803	-0.00123041	-0.00233256	-0.00573467	-0.00223698	-0.00256991	-0.00395797	-0.00687179	-0.0024718	-0.00369782	-0.0035904	-0.0101341	-0.00429958	0.000240531	-0.00727027	-0.0137223	-0.00693764	0.000192055	-0.0124185	-0.0227613	-0.0295451	-0.0372779	-0.0553155	-0.101588	-0.169513	-0.250913	-0.328494	-0.419952	-0.526758	-0.598796	-0.602713	-0.51017	-0.322438	-0.050549	0.27321	0.577179	0.803221	0.926081	0.919454	0.781674	0.537689	0.228723	-0.0612009	-0.27241	-0.3765	-0.348932	-0.198207	0.0510368	0.355007	0.643668	0.8536	0.941432	0.89238	0.72375	0.461244	0.142343	-0.166456	-0.406639	-0.555156	-0.607759	-0.574129	-0.481717	-0.376108	-0.291918	-0.217148	-0.137056	-0.0741359	-0.0429305	-0.0312612	-0.0249035	-0.0126375	0.000757301	-0.00104435	-0.00777559	0	
0	0.00361555	-0.00292955	0.00500092	-7.99907e-05	4.30507e-05	0.000184601	-0.00154983	-0.00381987	-0.00182864	-0.000134257	-0.00257464	0.00203231	0.000388624	-0.00506513	-0.00409975	-0.00268619	-0.00143819	0.00250893	-0.00464403	-0.00230817	-0.00363721	0.000159536	-0.00444339	-0.00125251	-0.00303758	-0.00209378	-0.00451461	-0.00259304	-0.00255674	-0.00418763	-0.00432785	-0.00485704	-0.00284624	-0.00550665	-0.00447903	-0.0095528	-0.00275745	-0.00484732	-0.00818752	-0.0146251	-0.00561989	-0.0052412	-0.0159013	-0.0262837	-0.0328091	-0.0402059	-0.0632682	-0.113966	-0.185704	-0.266605	-0.343669	-0.441286	-0.554451	-0.630022	-0.635632	-0.534058	-0.33955	-0.05902	0.267085	0.562817	0.790493	0.918996	0.927755	0.811024	0.575793	0.276776	0.00103535	-0.203037	-0.299854	-0.272697	-0.137721	0.100396	0.401044	0.683687	0.877835	0.94122	0.878679	0.71186	0.454751	0.137754	-0.178478	-0.428708	-0.584247	-0.642673	-0.606186	-0.505346	-0.396071	-0.308669	-0.230633	-0.150334	-0.0843511	-0.0471837	-0.0316946	-0.0244175	-0.0151239	-0.00415156	-0.000903492	-0.00282931	0	
0	0.00133095	-0.00335347	0.000887934	-0.00210914	-0.0027341	0.00103168	-0.000160589	0.000204008	0.00355876	0.00150857	-0.00517326	0.000618249	-0.00506513	-0.00435429	0.00198131	-0.000374753	-0.00405874	-0.00333576	-0.00305375	-0.0041883	-0.0017619	-0.000936749	-0.00542207	-0.00402478	-0.00128083	-0.00421716	-0.00580717	-0.00134328	-0.00465767	-0.00568576	-0.00509856	-0.0032274	-0.00607026	-0.00606463	-0.00743773	-0.00585248	-0.00610393	-0.00752686	-0.0108019	-0.0112778	-0.00736864	-0.0101124	-0.0180688	-0.0278713	-0.0332755	-0.0430328	-0.0715619	-0.124318	-0.199444	-0.276157	-0.358386	-0.464157	-0.579417	-0.662327	-0.66183	-0.555995	-0.355247	-0.0670592	0.24893	0.537671	0.76324	0.897862	0.928413	0.83256	0.614742	0.332219	0.0711773	-0.120376	-0.207812	-0.179029	-0.0541962	0.170038	0.452725	0.710074	0.882348	0.931851	0.857775	0.684444	0.433468	0.125741	-0.189613	-0.44291	-0.606117	-0.67364	-0.635705	-0.529652	-0.417448	-0.322699	-0.24011	-0.163069	-0.0965884	-0.0526149	-0.0315501	-0.0234326	-0.0176337	-0.00854368	-0.000893711	0.000791454	0	
0	-0.00177495	0.000524386	-0.00240778	-0.00013016	-3.09016e-05	-0.000674671	-0.000850197	-0.00214435	-0.00153931	-0.00467514	-0.000881886	0.00370321	-0.00409975	0.00198131	0.00343519	-0.0054142	-0.00268347	0.000181175	-0.00136604	-0.00266511	-0.000471377	-0.0027771	-0.00757321	-0.00108992	-0.000115286	-0.00801469	-0.00621897	0.000237094	-0.00657546	-0.00775018	-0.00433576	-0.00369791	-0.00753008	-0.00830205	-0.00668908	-0.00436492	-0.0079289	-0.0109914	-0.00876261	-0.00750617	-0.0090883	-0.01309	-0.0177365	-0.025761	-0.0320951	-0.0464868	-0.07912	-0.135963	-0.208758	-0.286013	-0.377368	-0.488611	-0.609802	-0.68974	-0.684504	-0.572967	-0.361115	-0.0763306	0.227715	0.504611	0.720087	0.861993	0.912783	0.838438	0.649836	0.397828	0.156739	-0.0163528	-0.0916467	-0.071561	0.0391312	0.248964	0.504254	0.734709	0.886938	0.910638	0.815358	0.640418	0.400886	0.107453	-0.196455	-0.450052	-0.625461	-0.699917	-0.65958	-0.554551	-0.441056	-0.335134	-0.246725	-0.1744	-0.109155	-0.0590177	-0.032091	-0.023119	-0.019445	-0.010637	-0.00131355	0.00106649	0	
0	-0.000758193	0.00313353	-0.000602468	0.00112604	0.000434769	-0.00197658	-0.000233912	-0.00171382	-0.00163226	-0.000326925	-0.00212662	-0.00211642	-0.00268619	-0.000374753	-0.0054142	-0.00712908	0.00203956	-0.00152677	-0.00229358	-0.00495402	-0.00252623	-0.0020371	-0.00435718	0.00042368	-0.00318103	-0.00782776	-0.00160078	0.000937076	-0.00826498	-0.00643654	-0.00122067	-0.00371358	-0.0078361	-0.00829722	-0.00423538	-0.00312389	-0.0109087	-0.012579	-0.00631209	-0.00611655	-0.0144301	-0.0175876	-0.0189341	-0.02664	-0.0352306	-0.0552155	-0.0909966	-0.147705	-0.216381	-0.295083	-0.396111	-0.511558	-0.633043	-0.708204	-0.697501	-0.580552	-0.365206	-0.0912559	0.19405	0.452795	0.660752	0.812538	0.884768	0.842806	0.692509	0.47271	0.256312	0.100969	0.0287934	0.0463442	0.153229	0.33929	0.561394	0.764519	0.880533	0.867994	0.75887	0.586593	0.358577	0.0851267	-0.203641	-0.457897	-0.639339	-0.7152	-0.679319	-0.582082	-0.465398	-0.347015	-0.252807	-0.183218	-0.119749	-0.066389	-0.034887	-0.0241709	-0.0196782	-0.00962243	-0.00253229	-0.00268235	0	
0	-3.48957e-05	9.52751e-05	-0.00118699	6.02787e-05	-0.000866374	-0.00232469	0.000304854	-0.000650008	-0.0022328	0.00210208	-0.000902566	-0.00313237	-0.00143819	-0.00405874	-0.00268347	0.00203956	-0.000385006	-0.00615259	-0.004516	-0.00335802	-0.000893603	-0.00310977	-0.00600232	-0.00356836	-0.00414267	-0.00707799	-0.0017511	-0.00466911	-0.00969997	-0.00542858	-0.00289774	-0.00697135	-0.0102566	-0.00856485	-0.00456453	-0.00537061	-0.0153079	-0.0132177	-0.00399973	-0.00807177	-0.0193203	-0.0197838	-0.017544	-0.0252498	-0.0379922	-0.0616728	-0.100095	-0.153744	-0.218492	-0.306071	-0.414743	-0.537839	-0.654707	-0.724377	-0.709064	-0.584006	-0.370374	-0.110601	0.154897	0.39396	0.594107	0.754667	0.845615	0.838476	0.733895	0.552662	0.366843	0.231211	0.161832	0.178761	0.27869	0.440307	0.630398	0.788834	0.854307	0.815781	0.700245	0.524792	0.304356	0.0516395	-0.216129	-0.460174	-0.642077	-0.725184	-0.699638	-0.607436	-0.487047	-0.361764	-0.261054	-0.188251	-0.126659	-0.0746792	-0.0407134	-0.0265954	-0.0180517	-0.00617932	-0.00462127	-0.00918632	0	
0	-0.00166304	-0.00153879	-0.00341263	-0.00103499	-0.00182253	-6.67395e-05	0.00181934	-0.00184207	0.000903099	-0.0016321	-0.00500261	-0.000632767	0.00250893	-0.00333576	0.000181175	-0.00152677	-0.00615259	-0.00558172	0.00106293	-0.00233476	-0.00388625	-0.00689697	-0.00407095	-0.00289189	-0.00451477	-0.00678868	-0.00379898	-0.00660748	-0.00740576	-0.00517705	-0.00537696	-0.0088147	-0.00964192	-0.00821572	-0.00504711	-0.00838437	-0.0175756	-0.0105699	-0.00403105	-0.0104802	-0.0244537	-0.0182982	-0.0170704	-0.0245363	-0.0429506	-0.0693699	-0.108052	-0.156126	-0.222529	-0.317469	-0.438086	-0.560879	-0.6723	-0.736344	-0.711751	-0.585557	-0.376128	-0.135226	0.106588	0.32735	0.521953	0.686627	0.798348	0.832544	0.771532	0.637498	0.488609	0.367886	0.30801	0.328306	0.41252	0.545339	0.698693	0.807847	0.828779	0.763873	0.630215	0.447627	0.239851	0.0145614	-0.227451	-0.461492	-0.644271	-0.731587	-0.713224	-0.626788	-0.508973	-0.381752	-0.271107	-0.189554	-0.129973	-0.0831731	-0.0490104	-0.0300041	-0.0152397	-0.00219785	-0.00714939	-0.0155873	0	
0	0.00208446	0.000797215	0.00343281	0.000705843	0.000676706	-0.002608	-0.00185841	-0.00515629	-0.00277233	-0.00155109	-0.0021939	0.000350868	-0.00464403	-0.00305375	-0.00136604	-0.00229358	-0.004516	0.00106293	0.00146424	-0.00608694	-0.00592966	0.000116288	-0.000149527	-0.00516807	-0.00611282	-0.00151674	-0.00491566	-0.00474661	-0.00609052	-0.0034812	-0.007285	-0.00612684	-0.00847585	-0.00563893	-0.00577499	-0.00956158	-0.0149914	-0.00706131	-0.00350463	-0.014712	-0.0236616	-0.0168177	-0.0154877	-0.0266784	-0.0501117	-0.0773323	-0.115522	-0.15788	-0.230509	-0.335259	-0.462824	-0.582837	-0.686249	-0.740305	-0.710403	-0.581044	-0.383662	-0.165243	0.05442	0.254521	0.442538	0.609745	0.7444	0.820499	0.812891	0.732429	0.615952	0.515341	0.46244	0.475084	0.548812	0.661738	0.774221	0.827529	0.800176	0.7021	0.54832	0.367602	0.179172	-0.0255879	-0.251846	-0.470408	-0.639481	-0.728457	-0.723183	-0.643903	-0.529558	-0.403727	-0.283533	-0.190222	-0.130487	-0.09025	-0.0581665	-0.0337891	-0.012751	-7.66985e-05	-0.00924857	-0.0185638	0	
0	-0.00214928	0.000709844	-0.00172818	-0.00313837	0.00258064	-0.00321811	0.00139169	0.00155689	-0.00215996	0.00125206	-0.00447991	-0.000208258	-0.00230817	-0.0041883	-0.00266511	-0.00495402	-0.00335802	-0.00233476	-0.00608694	-0.00824263	-0.00312784	0.000247056	-0.00892688	-0.00957943	-0.00229349	-0.00216594	-0.0110816	-0.00658328	-0.00467138	-0.00720986	-0.00965672	-0.00817219	-0.00846195	-0.00857972	-0.00981544	-0.013948	-0.0135694	-0.00901815	-0.00993016	-0.0209991	-0.0242211	-0.0178605	-0.0179591	-0.0330371	-0.0569315	-0.0847974	-0.115584	-0.158534	-0.237123	-0.352126	-0.482628	-0.596921	-0.693715	-0.739944	-0.706856	-0.582242	-0.402158	-0.203944	-0.0072591	0.181954	0.364048	0.534263	0.695797	0.809348	0.854271	0.823223	0.740766	0.665335	0.621521	0.633598	0.694264	0.776079	0.845177	0.847337	0.771575	0.636199	0.467293	0.294063	0.114889	-0.0809284	-0.284896	-0.4747	-0.630987	-0.728241	-0.730962	-0.652558	-0.546319	-0.427916	-0.298971	-0.192305	-0.129854	-0.0949109	-0.0656603	-0.0371346	-0.0126348	-0.00167162	-0.00984683	-0.0159355	0	
0	-0.00116268	-1.68235e-05	-0.00291282	-0.000763275	-0.00167586	-0.0032648	0.00095288	-0.00187938	-0.0016198	0.00258113	-0.00313301	-0.00150179	-0.00363721	-0.0017619	-0.000471377	-0.00252623	-0.000893603	-0.00388625	-0.00592966	-0.00312784	-0.000776449	-0.00537406	-0.0089302	-0.00517541	0.000476183	-0.00913557	-0.0119355	-0.00316811	-0.0044348	-0.0113273	-0.010613	-0.00678923	-0.00852412	-0.00988156	-0.0138309	-0.0119415	-0.0105195	-0.0100739	-0.0150981	-0.0205093	-0.0194708	-0.0168316	-0.0188649	-0.0375515	-0.0608549	-0.0864458	-0.113787	-0.160695	-0.250294	-0.372945	-0.50122	-0.61168	-0.697855	-0.739398	-0.703239	-0.587156	-0.425623	-0.246242	-0.0665177	0.111685	0.285808	0.463273	0.644557	0.799463	0.897013	0.909475	0.867931	0.816549	0.781325	0.792903	0.837227	0.891071	0.915782	0.865901	0.744572	0.573345	0.391939	0.222021	0.0449845	-0.13829	-0.316507	-0.485741	-0.634114	-0.727918	-0.727376	-0.655295	-0.563959	-0.450573	-0.313847	-0.198813	-0.131665	-0.0961686	-0.0686046	-0.0398791	-0.016563	-0.00695952	-0.0082681	-0.00825034	0	
0	-0.00135588	0.00170289	-0.00247102	0.00164851	-0.00067047	-0.00115209	1.09074e-05	-0.004407	-0.00276266	-0.00532986	-0.00428398	-0.00152115	0.000159536	-0.000936749	-0.0027771	-0.0020371	-0.00310977	-0.00689697	0.000116288	0.000247056	-0.00537406	-0.0066885	-0.00290497	-0.00283172	-0.00320907	-0.0102697	-0.0061933	-0.000563652	-0.00733688	-0.0120838	-0.0071579	-0.00461479	-0.00813122	-0.0120796	-0.0136575	-0.0075209	-0.00821687	-0.0139531	-0.0188053	-0.0157713	-0.0172495	-0.0169861	-0.0249308	-0.0418016	-0.0654338	-0.0861202	-0.113308	-0.169432	-0.267752	-0.392927	-0.51672	-0.619828	-0.699457	-0.736265	-0.701126	-0.60114	-0.454609	-0.29276	-0.124509	0.046844	0.214834	0.398943	0.601427	0.792889	0.932006	0.990751	0.988701	0.964412	0.947837	0.953445	0.974171	0.994189	0.977432	0.888463	0.724027	0.520295	0.328015	0.149849	-0.0254277	-0.189674	-0.352814	-0.512438	-0.644216	-0.721535	-0.719715	-0.660365	-0.578067	-0.464372	-0.328557	-0.213254	-0.137104	-0.0934239	-0.0665239	-0.0425498	-0.0240257	-0.0137608	-0.00513112	0.000907984	0	
0	0.00129532	0.00201783	0.00256415	0.000880409	0.000603914	-0.00173422	-0.00138187	-0.00271539	-0.00116336	-0.000102988	-0.00139051	-0.00256284	-0.00444339	-0.00542207	-0.00757321	-0.00435718	-0.00600232	-0.00407095	-0.000149527	-0.00892688	-0.0089302	-0.00290497	-0.0037238	-0.0073134	-0.00649858	-0.00769049	-0.00544932	-0.00418676	-0.0114648	-0.0101616	-0.00659485	-0.00593171	-0.0122839	-0.0147316	-0.0136559	-0.00564904	-0.0130504	-0.0218736	-0.0210432	-0.0141981	-0.0192836	-0.0248629	-0.0330827	-0.0488847	-0.0685118	-0.0850873	-0.117371	-0.181625	-0.286428	-0.406222	-0.524106	-0.620477	-0.695118	-0.730069	-0.704855	-0.621199	-0.492301	-0.343859	-0.18099	-0.0187971	0.15076	0.344888	0.569428	0.796348	0.971662	1.06937	1.10066	1.10434	1.10109	1.09934	1.1032	1.09212	1.03861	0.913099	0.711353	0.480747	0.267887	0.0824823	-0.0798104	-0.237225	-0.401555	-0.547958	-0.656958	-0.719173	-0.716776	-0.663778	-0.582759	-0.471184	-0.344966	-0.232542	-0.145037	-0.0896903	-0.0618765	-0.0447666	-0.0319585	-0.0191771	-0.0024831	0.00660829	0	
0	-0.00305076	-0.00274968	-0.00526277	-0.00532184	-0.00128423	-0.00413343	0.00128244	0.00146323	-0.000697524	0.00188389	-0.00207149	-0.00149353	-0.00125251	-0.00402478	-0.00108992	0.00042368	-0.00356836	-0.00289189	-0.00516807	-0.00957943	-0.00517541	-0.00283172	-0.0073134	-0.00911229	-0.00896284	-0.00776706	-0.00797313	-0.00939792	-0.013525	-0.009872	-0.00895151	-0.0110129	-0.0160727	-0.0165494	-0.0115655	-0.00799323	-0.0191525	-0.0259002	-0.0169435	-0.0109773	-0.0212153	-0.0286627	-0.035805	-0.0470306	-0.0628679	-0.0792924	-0.120515	-0.194755	-0.299249	-0.414544	-0.527323	-0.621615	-0.6956	-0.734748	-0.724086	-0.656363	-0.538686	-0.392863	-0.231245	-0.0674417	0.10712	0.312371	0.55715	0.80333	1.00394	1.13076	1.19419	1.23181	1.24491	1.24225	1.2244	1.17664	1.09198	0.935054	0.705253	0.45516	0.225794	0.0359695	-0.126901	-0.289953	-0.450634	-0.585621	-0.681065	-0.726989	-0.716831	-0.663813	-0.581399	-0.474472	-0.359488	-0.250791	-0.15565	-0.0896355	-0.0578428	-0.0455006	-0.0364412	-0.0210874	-0.00276553	0.00519896	0	
0	-0.000378663	0.0011516	0.000153439	6.93363e-05	0.00109747	-0.00209591	-0.000862419	-0.00370962	-0.0053641	-0.0034883	-0.00695978	-0.00374803	-0.00303758	-0.00128083	-0.000115286	-0.00318103	-0.00414267	-0.00451477	-0.00611282	-0.00229349	0.000476183	-0.00320907	-0.00649858	-0.00896284	-0.00398452	-0.00178531	-0.00711442	-0.0107857	-0.00747775	-0.00517204	-0.00837883	-0.0112374	-0.0132334	-0.0108938	-0.00761751	-0.00973817	-0.0217071	-0.0217667	-0.0103246	-0.0109041	-0.0250161	-0.0343234	-0.0374862	-0.0472351	-0.0597438	-0.0836449	-0.135391	-0.214282	-0.313921	-0.421336	-0.530081	-0.622725	-0.696517	-0.744492	-0.74871	-0.693004	-0.581752	-0.43427	-0.271955	-0.106361	0.0767068	0.29432	0.553545	0.815915	1.03368	1.18432	1.27992	1.34447	1.3738	1.36798	1.32442	1.24744	1.13405	0.954866	0.715526	0.451007	0.205483	0.00564093	-0.17035	-0.338978	-0.495047	-0.627327	-0.713978	-0.745624	-0.725884	-0.662863	-0.575039	-0.475792	-0.369669	-0.263547	-0.167789	-0.09633	-0.0580338	-0.0441458	-0.0343631	-0.0192667	-0.0074692	-0.00329577	0	
0	0.000653668	0.00379284	0.00126404	0.0029311	0.000971522	-0.00234034	-0.000906645	-0.00456898	-0.00373706	-0.00249869	-0.00246321	-0.00123041	-0.00209378	-0.00421716	-0.00801469	-0.00782776	-0.00707799	-0.00678868	-0.00151674	-0.00216594	-0.00913557	-0.0102697	-0.00769049	-0.00776706	-0.00178531	-0.00620827	-0.015985	-0.0101974	-0.00377172	-0.00864249	-0.0151151	-0.0133521	-0.0124078	-0.0105719	-0.012589	-0.0178273	-0.0246938	-0.0189333	-0.0119211	-0.0181939	-0.034185	-0.0394546	-0.0404081	-0.0450404	-0.0602314	-0.092349	-0.151807	-0.227767	-0.3178	-0.419304	-0.525979	-0.620267	-0.700194	-0.763637	-0.782964	-0.738385	-0.626302	-0.474984	-0.308529	-0.13172	0.063829	0.297871	0.569467	0.838328	1.0656	1.23211	1.34969	1.43563	1.47617	1.46367	1.40172	1.30311	1.17132	0.984908	0.739884	0.464763	0.205811	-0.0151223	-0.205119	-0.371398	-0.530327	-0.671908	-0.758768	-0.781094	-0.741327	-0.65837	-0.570949	-0.479921	-0.371731	-0.266444	-0.180227	-0.111166	-0.0643152	-0.0402687	-0.0258681	-0.0162598	-0.015603	-0.0140199	0	
0	-0.00265583	-0.0025699	-0.00490306	-0.00511596	-0.00288646	-0.00347245	-4.57093e-05	0.00122845	0.00201084	0.00267415	8.46785e-05	-0.00233256	-0.00451461	-0.00580717	-0.00621897	-0.00160078	-0.0017511	-0.00379898	-0.00491566	-0.0110816	-0.0119355	-0.0061933	-0.00544932	-0.00797313	-0.00711442	-0.015985	-0.0160831	-0.00432382	-0.00711131	-0.0184029	-0.0184387	-0.0120483	-0.0122713	-0.0143717	-0.0203022	-0.0225916	-0.0220707	-0.0164385	-0.0166465	-0.0259441	-0.0379479	-0.039842	-0.0362443	-0.0405809	-0.0611794	-0.103381	-0.163881	-0.231998	-0.314148	-0.413309	-0.522762	-0.623045	-0.717	-0.79763	-0.831119	-0.788636	-0.670604	-0.51077	-0.330786	-0.138003	0.0781538	0.3277	0.604133	0.871725	1.09609	1.26748	1.39537	1.49455	1.54561	1.53221	1.46298	1.35185	1.20739	1.01576	0.76792	0.489658	0.223373	-0.00943734	-0.210118	-0.392137	-0.5698	-0.720779	-0.809057	-0.821369	-0.759595	-0.665265	-0.579277	-0.480125	-0.361366	-0.26353	-0.193345	-0.129722	-0.0740827	-0.0356868	-0.0163954	-0.0155289	-0.0228222	-0.0195895	0	
0	-0.00109285	-0.000254509	-0.00201191	-0.0010371	-0.000575069	-0.00274693	-0.000221685	-0.00346595	-0.00498843	-0.00436809	-0.00722673	-0.00573467	-0.00259304	-0.00134328	0.000237094	0.000937076	-0.00466911	-0.00660748	-0.00474661	-0.00658328	-0.00316811	-0.000563652	-0.00418676	-0.00939792	-0.0107857	-0.0101974	-0.00432382	-0.00241925	-0.014523	-0.0172707	-0.0107444	-0.00680052	-0.0114703	-0.0161018	-0.0215795	-0.0172563	-0.0135962	-0.0144205	-0.0212765	-0.0280309	-0.0361648	-0.0345594	-0.0311773	-0.038911	-0.0709222	-0.118604	-0.175179	-0.23386	-0.312095	-0.412732	-0.526944	-0.637658	-0.747218	-0.843174	-0.880998	-0.833204	-0.703646	-0.530399	-0.333968	-0.120107	0.114296	0.373106	0.646653	0.905068	1.12275	1.29214	1.42569	1.5324	1.58542	1.57302	1.49984	1.3794	1.23214	1.04377	0.804921	0.53883	0.271789	0.0221757	-0.203836	-0.41124	-0.602828	-0.760258	-0.853859	-0.863634	-0.7955	-0.694123	-0.589406	-0.469766	-0.350005	-0.263215	-0.201153	-0.142406	-0.0844149	-0.0359398	-0.0133921	-0.0176064	-0.0236591	-0.0157492	0	
0	0.00039278	0.00312006	0.00211291	0.00173786	0.00261504	-0.00166136	-0.00195914	-0.00399161	-0.00567082	-0.00434462	-0.00424237	-0.00223698	-0.00255674	-0.00465767	-0.00657546	-0.00826498	-0.00969997	-0.00740576	-0.00609052	-0.00467138	-0.0044348	-0.00733688	-0.0114648	-0.013525	-0.00747775	-0.00377172	-0.00711131	-0.014523	-0.01697	-0.0116444	-0.00886465	-0.0111504	-0.016369	-0.0218255	-0.0228674	-0.0141594	-0.0141161	-0.0244126	-0.0311737	-0.0333115	-0.036781	-0.0352737	-0.0329563	-0.0494649	-0.0882113	-0.134017	-0.17895	-0.229526	-0.3059	-0.409902	-0.531368	-0.656503	-0.784132	-0.89026	-0.928737	-0.871317	-0.7307	-0.542372	-0.324489	-0.0877486	0.166138	0.431641	0.701359	0.950105	1.15643	1.31719	1.44048	1.53721	1.58592	1.57139	1.5003	1.39091	1.25732	1.08301	0.859799	0.601906	0.331844	0.0688735	-0.181784	-0.412878	-0.618393	-0.788213	-0.89511	-0.915915	-0.85041	-0.730013	-0.595359	-0.464978	-0.35018	-0.261505	-0.196556	-0.14525	-0.0942821	-0.0452964	-0.0204976	-0.0196547	-0.0160523	-0.00520397	0	
0	-0.000622026	-1.4307e-05	-0.00206804	-0.00182368	-0.00264103	-0.00412657	-0.00093991	-0.00216069	-0.000498693	0.00149319	-0.0012394	-0.00256991	-0.00418763	-0.00568576	-0.00775018	-0.00643654	-0.00542858	-0.00517705	-0.0034812	-0.00720986	-0.0113273	-0.0120838	-0.0101616	-0.009872	-0.00517204	-0.00864249	-0.0184029	-0.0172707	-0.0116444	-0.0105819	-0.0149237	-0.0161666	-0.0214234	-0.0244325	-0.0202635	-0.0114306	-0.020939	-0.0337565	-0.0351622	-0.0305457	-0.0334563	-0.032313	-0.0363471	-0.0606354	-0.101157	-0.137111	-0.172075	-0.219351	-0.299994	-0.41076	-0.545805	-0.690018	-0.832874	-0.944835	-0.975296	-0.906753	-0.750509	-0.540208	-0.29623	-0.0322578	0.238207	0.507248	0.769649	1.0048	1.19342	1.33108	1.43081	1.50627	1.54215	1.5323	1.48021	1.39431	1.28262	1.12698	0.918252	0.670108	0.403498	0.13275	-0.13543	-0.38786	-0.618184	-0.81225	-0.937457	-0.970667	-0.903891	-0.765838	-0.61571	-0.479545	-0.354894	-0.252883	-0.184543	-0.140288	-0.101024	-0.0624304	-0.0353406	-0.0190055	-0.003966	0.00449989	0	
0	-0.00313495	-0.00232503	-0.00518014	-0.00457671	-0.00171403	-0.00338623	-0.000471751	-0.000563013	-0.00188739	-0.00206763	-0.0035012	-0.00395797	-0.00432785	-0.00509856	-0.00433576	-0.00122067	-0.00289774	-0.00537696	-0.007285	-0.00965672	-0.010613	-0.0071579	-0.00659485	-0.00895151	-0.00837883	-0.0151151	-0.0184387	-0.0107444	-0.00886465	-0.0149237	-0.0178226	-0.0184736	-0.0230727	-0.021517	-0.0144482	-0.014731	-0.0300485	-0.0386901	-0.0314717	-0.0261511	-0.0300487	-0.0340004	-0.0455538	-0.0747822	-0.1084	-0.132904	-0.161905	-0.212742	-0.299661	-0.422409	-0.574501	-0.736847	-0.889685	-0.996584	-1.01624	-0.931308	-0.754449	-0.517688	-0.242897	0.0444606	0.325332	0.592234	0.843603	1.06036	1.22505	1.33341	1.39849	1.44638	1.47093	1.46518	1.43405	1.38036	1.30063	1.17064	0.979418	0.744275	0.488104	0.218309	-0.0643855	-0.345879	-0.609846	-0.82885	-0.969061	-1.01216	-0.950374	-0.813935	-0.658998	-0.504677	-0.358239	-0.245574	-0.173503	-0.129259	-0.102827	-0.0805204	-0.0501814	-0.0169338	0.00399123	0.00708156	0	
0	0.000554009	0.00166457	0.000815175	0.00104525	-8.6422e-05	-0.00257133	-0.00140664	-0.00505567	-0.00570235	-0.00466864	-0.00774369	-0.00687179	-0.00485704	-0.0032274	-0.00369791	-0.00371358	-0.00697135	-0.0088147	-0.00612684	-0.00817219	-0.00678923	-0.00461479	-0.00593171	-0.0110129	-0.0112374	-0.0133521	-0.0120483	-0.00680052	-0.0111504	-0.0161666	-0.0184736	-0.0190276	-0.0199423	-0.0135804	-0.0146207	-0.0231549	-0.0365257	-0.0347102	-0.0259916	-0.0227345	-0.0318691	-0.0422759	-0.0609191	-0.0871323	-0.109362	-0.125392	-0.155965	-0.212761	-0.310029	-0.446309	-0.616559	-0.790616	-0.941712	-1.03875	-1.04187	-0.939479	-0.739059	-0.472979	-0.17247	0.131203	0.416332	0.678213	0.918431	1.11934	1.25757	1.32752	1.35245	1.36404	1.36655	1.36639	1.36313	1.34747	1.30812	1.21278	1.04768	0.830714	0.582909	0.311629	0.0168468	-0.288882	-0.58205	-0.82563	-0.984301	-1.04252	-0.995971	-0.871283	-0.711437	-0.535859	-0.370104	-0.246379	-0.165136	-0.118371	-0.101197	-0.0878945	-0.0563562	-0.0195043	-0.000106186	0.00207807	0	
0	-0.00106114	0.0018237	-0.000643144	-9.58198e-05	0.00140012	-0.00258454	-0.001557	-0.00352775	-0.00507438	-0.00444645	-0.00425046	-0.0024718	-0.00284624	-0.00607026	-0.00753008	-0.0078361	-0.0102566	-0.00964192	-0.00847585	-0.00846195	-0.00852412	-0.00813122	-0.0122839	-0.0160727	-0.0132334	-0.0124078	-0.0122713	-0.0114703	-0.016369	-0.0214234	-0.0230727	-0.0199423	-0.0155285	-0.0164483	-0.0270664	-0.0355011	-0.0371634	-0.0320651	-0.0254934	-0.0277505	-0.0414076	-0.058476	-0.0762287	-0.0912204	-0.101867	-0.115634	-0.151332	-0.217212	-0.325808	-0.480182	-0.664634	-0.842256	-0.986771	-1.06918	-1.05806	-0.934632	-0.706733	-0.412472	-0.0885338	0.226445	0.512217	0.769251	0.999335	1.17878	1.28382	1.31054	1.28602	1.25787	1.24195	1.24467	1.2669	1.2966	1.30862	1.25634	1.11951	0.917481	0.677286	0.408554	0.10814	-0.213211	-0.530242	-0.801393	-0.985103	-1.06386	-1.03582	-0.924229	-0.764766	-0.57777	-0.395069	-0.255049	-0.165272	-0.116398	-0.0939562	-0.0758095	-0.0527793	-0.0315943	-0.0165786	-0.00673252	0	
0	9.89011e-05	2.44787e-05	-0.00103029	-0.00163729	-0.00288702	-0.00456979	-0.00209529	-0.00346906	-0.0018715	0.000621653	-0.00256808	-0.00369782	-0.00550665	-0.00606463	-0.00830205	-0.00829722	-0.00856485	-0.00821572	-0.00563893	-0.00857972	-0.00988156	-0.0120796	-0.0147316	-0.0165494	-0.0108938	-0.0105719	-0.0143717	-0.0161018	-0.0218255	-0.0244325	-0.021517	-0.0135804	-0.0164483	-0.0271754	-0.0384638	-0.0342032	-0.031209	-0.0280923	-0.0276624	-0.0334058	-0.053652	-0.0719827	-0.0806538	-0.0834902	-0.0894976	-0.108875	-0.154084	-0.230782	-0.356856	-0.526591	-0.718608	-0.890429	-1.02065	-1.08905	-1.05816	-0.910094	-0.653913	-0.333298	0.00543142	0.324813	0.609732	0.861029	1.07831	1.23522	1.30178	1.27772	1.20423	1.13561	1.09719	1.10639	1.16021	1.23565	1.29693	1.28912	1.18618	1.00324	0.770554	0.505507	0.206367	-0.121443	-0.456652	-0.755312	-0.969339	-1.07441	-1.06474	-0.964992	-0.813209	-0.62607	-0.432472	-0.279138	-0.180936	-0.119992	-0.0780089	-0.0522686	-0.0464084	-0.047438	-0.0365784	-0.0169075	0	
0	-0.00420949	-0.00313829	-0.00729787	-0.00614532	-0.00308407	-0.00472052	-0.000657539	-0.00103204	-0.00170182	-0.00188348	-0.00391881	-0.0035904	-0.00447903	-0.00743773	-0.00668908	-0.00423538	-0.00456453	-0.00504711	-0.00577499	-0.00981544	-0.0138309	-0.0136575	-0.0136559	-0.0115655	-0.00761751	-0.012589	-0.0203022	-0.0215795	-0.0228674	-0.0202635	-0.0144482	-0.0146207	-0.0270664	-0.0384638	-0.0367354	-0.0270083	-0.0264249	-0.0302515	-0.0323263	-0.0442821	-0.0673256	-0.0784192	-0.0741565	-0.0697136	-0.0805978	-0.109419	-0.165259	-0.257826	-0.400067	-0.581382	-0.769942	-0.928428	-1.04466	-1.09476	-1.04238	-0.865715	-0.580512	-0.240772	0.107605	0.428976	0.709591	0.952605	1.15282	1.27624	1.2986	1.22624	1.10589	1.00501	0.954598	0.968841	1.04483	1.15935	1.26964	1.30882	1.24051	1.07942	0.860823	0.604195	0.3098	-0.0182956	-0.365963	-0.691169	-0.937533	-1.06897	-1.0751	-0.987411	-0.850273	-0.67609	-0.485904	-0.323573	-0.205679	-0.120988	-0.0632787	-0.0373718	-0.0414435	-0.0530998	-0.0488525	-0.0276009	0	
0	0.000979258	0.00130262	0.00137526	0.0011018	-5.86145e-05	-0.00273251	-0.00205089	-0.0060438	-0.00729664	-0.00674841	-0.0105458	-0.0101341	-0.0095528	-0.00585248	-0.00436492	-0.00312389	-0.00537061	-0.00838437	-0.00956158	-0.013948	-0.0119415	-0.0075209	-0.00564904	-0.00799323	-0.00973817	-0.0178273	-0.0225916	-0.0172563	-0.0141594	-0.0114306	-0.014731	-0.0231549	-0.0355011	-0.0342032	-0.0270083	-0.0199352	-0.0277019	-0.0338056	-0.0416605	-0.0579952	-0.0769257	-0.0754506	-0.0622552	-0.0627372	-0.0839026	-0.124536	-0.194599	-0.302937	-0.458766	-0.637847	-0.812587	-0.952553	-1.04889	-1.07826	-0.997651	-0.79199	-0.486573	-0.136734	0.211515	0.526981	0.800912	1.0312	1.20761	1.29861	1.27917	1.16192	1.00615	0.8794	0.814684	0.832823	0.928598	1.07417	1.22238	1.3032	1.27678	1.14882	0.949743	0.704005	0.415386	0.0854094	-0.272145	-0.613275	-0.881293	-1.03587	-1.06139	-0.99229	-0.877799	-0.726735	-0.548111	-0.375385	-0.231891	-0.127887	-0.0668559	-0.0404166	-0.0360572	-0.0425918	-0.0466163	-0.0331938	0	
0	-0.000311353	0.00398324	0.00124613	0.00229188	0.00308655	-0.0017417	-0.00123547	-0.00521551	-0.00725342	-0.00707231	-0.00801309	-0.00429958	-0.00275745	-0.00610393	-0.0079289	-0.0109087	-0.0153079	-0.0175756	-0.0149914	-0.0135694	-0.0105195	-0.00821687	-0.0130504	-0.0191525	-0.0217071	-0.0246938	-0.0220707	-0.0135962	-0.0141161	-0.020939	-0.0300485	-0.0365257	-0.0371634	-0.031209	-0.0264249	-0.0277019	-0.0380152	-0.0488771	-0.0605345	-0.0742086	-0.0804204	-0.0667339	-0.0556599	-0.0654146	-0.0979511	-0.149899	-0.233683	-0.355762	-0.511591	-0.678779	-0.833542	-0.953225	-1.03165	-1.0364	-0.929956	-0.703303	-0.386504	-0.0368019	0.307164	0.618465	0.883169	1.09731	1.24841	1.30165	1.24212	1.08999	0.905306	0.760407	0.688671	0.706448	0.80912	0.974164	1.15704	1.28232	1.29933	1.20698	1.03221	0.79631	0.508386	0.179727	-0.174206	-0.515801	-0.795218	-0.972584	-1.02713	-0.987314	-0.897787	-0.765434	-0.596689	-0.421782	-0.268908	-0.157896	-0.0919429	-0.0542108	-0.0316034	-0.0245684	-0.0288132	-0.0243303	0	
0	-0.0005693	-0.00190045	-0.00308252	-0.00439791	-0.00544661	-0.00731682	-0.0040237	-0.00431679	-0.00128763	0.00276551	0.000782152	0.000240531	-0.00484732	-0.00752686	-0.0109914	-0.012579	-0.0132177	-0.0105699	-0.00706131	-0.00901815	-0.0100739	-0.0139531	-0.0218736	-0.0259002	-0.0217667	-0.0189333	-0.0164385	-0.0144205	-0.0244126	-0.0337565	-0.0386901	-0.0347102	-0.0320651	-0.0280923	-0.0302515	-0.0338056	-0.0488771	-0.0625963	-0.0715726	-0.0731093	-0.0661563	-0.0526072	-0.0507786	-0.0741254	-0.11809	-0.184526	-0.283614	-0.409845	-0.557772	-0.70544	-0.839477	-0.939733	-0.994795	-0.974209	-0.844262	-0.603182	-0.285421	0.0600715	0.399165	0.702295	0.955499	1.14909	1.26807	1.2867	1.19289	1.01023	0.806063	0.648043	0.567971	0.586337	0.698519	0.882161	1.09001	1.24603	1.29989	1.24124	1.08913	0.868527	0.593252	0.275061	-0.0685826	-0.40248	-0.688391	-0.891056	-0.979157	-0.967596	-0.895726	-0.77595	-0.622733	-0.465929	-0.325076	-0.211494	-0.129686	-0.0731551	-0.0338113	-0.00958513	-0.00135409	-0.00171395	0	
