0	0	0	0	0	0	0	0	0	0	0	0	0	0	0	0	0	0	0	0	0	0	0	0	0	0	0	0	0	0	0	0	0	0	0	0	0	0	0	0	0	0	0	0	0	0	0	0	0	0	0	0	0	0	0	0	0	0	0	0	0	0	0	0	0	0	0	0	0	0	0	0	0	0	0	0	0	0	0	0	0	0	0	0	0	0	0	0	0	0	0	0	0	0	0	0	0	0	0	0	
0	1.1106e-41	6.46261e-40	3.45956e-38	1.70048e-36	7.6568e-35	3.15012e-33	1.1808e-31	4.02017e-30	1.23889e-28	3.44269e-27	8.59073e-26	1.91619e-24	3.80135e-23	6.6701e-22	1.029e-20	1.38661e-19	1.62077e-18	1.63117e-17	1.40254e-16	1.02204e-15	6.25894e-15	3.1921e-14	1.34216e-13	4.6013e-13	1.27369e-12	2.84029e-12	5.16346e-12	7.80025e-12	9.83443e-12	1.02391e-11	8.77878e-12	6.25337e-12	3.70903e-12	1.80646e-12	7.13922e-13	2.28284e-13	5.92298e-14	1.25438e-14	2.18598e-15	3.16451e-16	3.84411e-17	3.95816e-18	3.4881e-19	2.65444e-20	1.75874e-21	1.02211e-22	5.24508e-24	2.39096e-25	9.73397e-27	3.55636e-28	1.17113e-29	3.48967e-31	9.44229e-33	2.32738e-34	5.24089e-36	1.08099e-37	2.04712e-39	3.56693e-41	5.7295e-43	8.49903e-45	1.1661e-46	1.48195e-48	1.74668e-50	1.91147e-52	1.94416e-54	1.83946e-56	1.62022e-58	1.32943e-60	1.01671e-62	7.25032e-65	4.82267e-67	2.99284e-69	1.73298e-71	9.36316e-74	4.71979e-76	2.21923e-78	9.72998e-81	3.97609e-83	1.51348e-85	5.36236e-88	1.7669e-90	5.40864e-93	1.53621e-95	4.04277e-98	9.84131e-101	2.21177e-103	4.57913e-106	8.71117e-109	1.51826e-111	2.41607e-114	3.49663e-117	4.58088e-120	5.40295e-123	5.69982e-126	5.33607e-129	4.39065e-132	3.13735e-135	1.91714e-138	0	
0	6.46261e-40	3.61432e-38	1.85905e-36	8.77731e-35	3.79487e-33	1.49848e-31	5.3884e-30	1.7589e-28	5.19357e-27	1.38185e-25	3.29899e-24	7.03399e-23	1.33261e-21	2.23082e-20	3.27979e-19	4.20731e-18	4.67632e-17	4.47039e-16	3.64765e-15	2.52061e-14	1.46332e-13	7.07737e-13	2.82611e-12	9.23136e-12	2.44913e-11	5.27939e-11	9.35739e-11	1.38573e-10	1.72303e-10	1.78906e-10	1.54856e-10	1.12271e-10	6.81475e-11	3.42237e-11	1.4058e-11	4.70289e-12	1.28255e-12	2.86331e-13	5.26766e-14	8.05303e-15	1.03267e-15	1.12154e-16	1.04136e-17	8.34005e-19	5.80853e-20	3.54425e-21	1.90751e-22	9.11021e-24	3.8822e-25	1.48337e-26	5.10467e-28	1.58841e-29	4.48537e-31	1.15317e-32	2.70723e-34	5.81913e-36	1.148e-37	2.08321e-39	3.48414e-41	5.38038e-43	7.68413e-45	1.01644e-46	1.24695e-48	1.4204e-50	1.50394e-52	1.48153e-54	1.35897e-56	1.16153e-58	9.25624e-61	6.88074e-63	4.7731e-65	3.09068e-67	1.86842e-69	1.05463e-71	5.5579e-74	2.73436e-76	1.25553e-78	5.37854e-81	2.14863e-83	7.99929e-86	2.77337e-88	8.94616e-91	2.68211e-93	7.46425e-96	1.92546e-98	4.59619e-101	1.0133e-103	2.05867e-106	3.84447e-109	6.57971e-112	1.02852e-114	1.46261e-117	1.88336e-120	2.18398e-123	2.26585e-126	2.08672e-129	1.68949e-132	1.18819e-135	0	
0	3.45956e-38	1.85905e-36	9.18464e-35	4.1637e-33	1.72771e-31	6.54424e-30	2.25608e-28	7.05565e-27	1.99456e-25	5.07659e-24	1.15832e-22	2.35809e-21	4.26094e-20	6.79522e-19	9.5058e-18	1.15876e-16	1.2223e-15	1.10753e-14	8.55607e-14	5.59298e-13	3.07028e-12	1.40463e-11	5.31396e-11	1.65035e-10	4.18919e-10	8.71647e-10	1.50441e-09	2.1831e-09	2.67825e-09	2.77366e-09	2.42284e-09	1.78782e-09	1.11158e-09	5.76393e-10	2.46509e-10	8.64531e-11	2.48392e-11	5.86029e-12	1.14106e-12	1.8468e-13	2.50599e-14	2.87715e-15	2.82059e-16	2.38183e-17	1.74671e-18	1.12077e-19	6.33504e-21	3.17391e-22	1.4173e-23	5.66924e-25	2.04054e-26	6.63583e-28	1.95693e-29	5.25094e-31	1.28586e-32	2.88162e-34	5.92447e-36	1.11999e-37	1.95085e-39	3.1368e-41	4.66378e-43	6.42161e-45	8.1998e-47	9.722e-49	1.07148e-50	1.0988e-52	1.04939e-54	9.34057e-57	7.75367e-59	6.00592e-61	4.34293e-63	2.93271e-65	1.84989e-67	1.09013e-69	6.0018e-72	3.08699e-74	1.48309e-76	6.65371e-79	2.78646e-81	1.08872e-83	3.96625e-86	1.34619e-88	4.25301e-91	1.24934e-93	3.40805e-96	8.62067e-99	2.0186e-101	4.36709e-104	8.70955e-107	1.59715e-109	2.68505e-112	4.12412e-115	5.76434e-118	7.29766e-121	8.32238e-124	8.49374e-127	7.69684e-130	6.13334e-133	0	
0	1.70048e-36	8.77731e-35	4.1637e-33	1.81155e-31	7.21061e-30	2.61841e-28	8.64813e-27	2.58922e-25	7.00134e-24	1.70296e-22	3.70953e-21	7.20139e-20	1.23936e-18	1.88e-17	2.498e-16	2.88809e-15	2.88507e-14	2.47212e-13	1.80364e-12	1.11235e-11	5.75815e-11	2.48504e-10	8.88418e-10	2.61752e-09	6.34564e-09	1.27253e-08	2.13598e-08	3.03613e-08	3.67655e-08	3.79808e-08	3.34689e-08	2.51366e-08	1.60239e-08	8.59115e-09	3.83222e-09	1.41198e-09	4.28449e-10	1.07108e-10	2.21329e-11	3.80282e-12	5.47461e-13	6.66078e-14	6.90984e-15	6.16501e-16	4.76936e-17	3.22342e-18	1.91644e-19	1.00858e-20	4.72517e-22	1.98079e-23	7.46413e-25	2.53895e-26	7.82536e-28	2.1929e-29	5.60466e-31	1.31014e-32	2.8083e-34	5.53268e-36	1.00396e-37	1.68122e-39	2.60266e-41	3.73069e-43	4.95864e-45	6.11931e-47	7.01963e-49	7.49295e-51	7.44938e-53	6.90352e-55	5.96778e-57	4.81513e-59	3.62808e-61	2.55385e-63	1.67996e-65	1.03295e-67	5.93726e-70	3.19026e-72	1.60237e-74	7.5217e-77	3.2988e-79	1.35116e-81	5.16579e-84	1.84232e-86	6.12416e-89	1.89572e-91	5.45845e-94	1.46008e-96	3.62288e-99	8.32458e-102	1.76788e-104	3.46218e-107	6.23636e-110	1.03017e-112	1.55519e-115	2.1371e-118	2.66076e-121	2.98492e-124	2.99751e-127	2.67339e-130	0	
0	7.6568e-35	3.79487e-33	1.72771e-31	7.21061e-30	2.75149e-28	9.57231e-27	3.02659e-25	8.66732e-24	2.2396e-22	5.20009e-21	1.08003e-19	1.9966e-18	3.26758e-17	4.70637e-16	5.92818e-15	6.48642e-14	6.12163e-13	4.94724e-12	3.39909e-11	1.97176e-10	9.59484e-10	3.89403e-09	1.31173e-08	3.65713e-08	8.45029e-08	1.6304e-07	2.65774e-07	3.69853e-07	4.42209e-07	4.55745e-07	4.05019e-07	3.09644e-07	2.02598e-07	1.12489e-07	5.24393e-08	2.03479e-08	6.539e-09	1.73737e-09	3.82213e-10	6.99323e-11	1.07129e-11	1.38509e-12	1.5244e-13	1.44035e-14	1.17793e-15	8.40155e-17	5.26279e-18	2.91378e-19	1.43414e-20	6.30805e-22	2.49128e-23	8.87231e-25	2.86039e-26	8.37759e-28	2.23618e-29	5.45572e-31	1.21984e-32	2.50555e-34	4.73815e-36	8.26576e-38	1.33265e-39	1.98894e-41	2.75204e-43	3.5351e-45	4.22078e-47	4.6893e-49	4.85257e-51	4.68126e-53	4.21321e-55	3.54004e-57	2.77839e-59	2.03784e-61	1.39733e-63	8.9598e-66	5.37338e-68	3.01427e-70	1.58161e-72	7.76154e-75	3.56155e-77	1.52768e-79	6.12272e-82	2.29158e-84	8.00407e-87	2.6069e-89	7.90966e-92	2.2332e-94	5.85965e-97	1.42673e-99	3.21806e-102	6.71076e-105	1.29091e-107	2.28476e-110	3.70944e-113	5.50558e-116	7.44023e-119	9.11222e-122	1.00583e-124	9.9411e-128	0	
0	3.15012e-33	1.49848e-31	6.54424e-30	2.61841e-28	9.57231e-27	3.18797e-25	9.6411e-24	2.63824e-22	6.50716e-21	1.44048e-19	2.84863e-18	5.00686e-17	7.77829e-16	1.06165e-14	1.26489e-13	1.30654e-12	1.16173e-11	8.82812e-11	5.69319e-10	3.09544e-09	1.41082e-08	5.3652e-08	1.69724e-07	4.46498e-07	9.81031e-07	1.81751e-06	2.87272e-06	3.91122e-06	4.61803e-06	4.74853e-06	4.25506e-06	3.31242e-06	2.22723e-06	1.28297e-06	6.26455e-07	2.56703e-07	8.76452e-08	2.4836e-08	5.83799e-09	1.14156e-09	1.86726e-10	2.57371e-11	3.01388e-12	3.02376e-13	2.62037e-14	1.97655e-15	1.30698e-16	7.62565e-18	3.94911e-19	1.82503e-20	7.56325e-22	2.82311e-23	9.52945e-25	2.91948e-26	8.14467e-28	2.07527e-29	4.8428e-31	1.03757e-32	2.04563e-34	3.71892e-36	6.2461e-38	9.70835e-40	1.39864e-41	1.87026e-43	2.3243e-45	2.68768e-47	2.89473e-49	2.90661e-51	2.72312e-53	2.38211e-55	1.94688e-57	1.48738e-59	1.06268e-61	7.10259e-64	4.44198e-66	2.59984e-68	1.42413e-70	7.30079e-73	3.50227e-75	1.57176e-77	6.59682e-80	2.5882e-82	9.487e-85	3.24661e-87	1.03644e-89	3.0835e-92	8.53973e-95	2.19874e-97	5.2551e-100	1.16389e-102	2.38404e-105	4.50602e-108	7.83834e-111	1.25114e-113	1.82614e-116	2.42756e-119	2.92533e-122	3.17797e-125	0	
0	1.1808e-31	5.3884e-30	2.25608e-28	8.64813e-27	3.02659e-25	9.6411e-24	2.78607e-22	7.27711e-21	1.71115e-19	3.60637e-18	6.77983e-17	1.13097e-15	1.66452e-14	2.14806e-13	2.41465e-12	2.34792e-11	1.9607e-10	1.39611e-09	8.41854e-09	4.27277e-08	1.81632e-07	6.44542e-07	1.90745e-06	4.71939e-06	9.83372e-06	1.74538e-05	2.67006e-05	3.5536e-05	4.14324e-05	4.25082e-05	3.84058e-05	3.04584e-05	2.10765e-05	1.26218e-05	6.47204e-06	2.80949e-06	1.02287e-06	3.10385e-07	7.82841e-08	1.6428e-08	2.88062e-09	4.24844e-10	5.31132e-11	5.67534e-12	5.22571e-13	4.17876e-14	2.92314e-15	1.80075e-16	9.82883e-18	4.77971e-19	2.0813e-20	8.1523e-22	2.88425e-23	9.25175e-25	2.69981e-26	7.18971e-28	1.7522e-29	3.91803e-31	8.05725e-33	1.52711e-34	2.67281e-36	4.32765e-38	6.49276e-40	9.03943e-42	1.16942e-43	1.40748e-45	1.57773e-47	1.64879e-49	1.60777e-51	1.46399e-53	1.24567e-55	9.90986e-58	7.37466e-60	5.13567e-62	3.34784e-64	2.04331e-66	1.16778e-68	6.24972e-71	3.13186e-73	1.46933e-75	6.45212e-78	2.6509e-80	1.01856e-82	3.65794e-85	1.22695e-87	3.84061e-90	1.12079e-92	3.04581e-95	7.69772e-98	1.80652e-100	3.92997e-103	7.90929e-106	1.46925e-108	2.51266e-111	3.94405e-114	5.66262e-117	7.40649e-120	8.78389e-123	0	
0	4.02017e-30	1.7589e-28	7.05565e-27	2.58922e-25	8.66732e-24	2.63824e-22	7.27711e-21	1.81206e-19	4.05649e-18	8.12682e-17	1.44984e-15	2.29081e-14	3.18685e-13	3.87855e-12	4.10166e-11	3.74224e-10	2.92428e-09	1.94315e-08	1.09073e-07	5.14306e-07	2.02906e-06	6.68636e-06	1.84291e-05	4.27227e-05	8.41616e-05	0.000142731	0.000210898	0.00027407	0.000315448	0.000322916	0.000294214	0.000237893	0.000169696	0.000105902	5.7194e-05	2.63968e-05	1.02916e-05	3.35988e-06	9.13733e-07	2.06784e-07	3.90513e-08	6.18912e-09	8.29274e-10	9.47037e-11	9.29405e-12	7.90055e-13	5.86082e-14	3.82028e-15	2.20192e-16	1.12867e-17	5.17189e-19	2.12864e-20	7.90284e-22	2.65696e-23	8.11786e-25	2.26127e-26	5.75954e-28	1.34496e-29	2.88654e-31	5.70634e-33	1.0412e-34	1.75674e-36	2.74548e-38	3.98046e-40	5.3612e-42	6.71673e-44	7.83647e-46	8.52314e-48	8.64965e-50	8.19741e-52	7.2602e-54	6.01297e-56	4.65942e-58	3.37965e-60	2.29544e-62	1.46026e-64	8.70259e-67	4.85915e-69	2.54196e-71	1.24577e-73	5.7186e-76	2.45813e-78	9.8905e-81	3.72323e-83	1.31054e-85	4.31015e-88	1.32336e-90	3.78941e-93	1.01081e-95	2.50838e-98	5.78202e-101	1.23585e-103	2.44448e-106	4.4642e-109	7.50758e-112	1.15917e-114	1.63747e-117	2.1078e-120	0	
0	1.23889e-28	5.19357e-27	1.99456e-25	7.00134e-24	2.2396e-22	6.50716e-21	1.71115e-19	4.05649e-18	8.6319e-17	1.64097e-15	2.77261e-14	4.14012e-13	5.43012e-12	6.21446e-11	6.1622e-10	5.25552e-09	3.8266e-08	2.36164e-07	1.22754e-06	5.34716e-06	1.94649e-05	5.92256e-05	0.000151249	0.000327096	0.000607011	0.000980638	0.00139625	0.00176919	0.0020089	0.00205174	0.00188595	0.00155645	0.00114679	0.000747854	0.000426839	0.000210322	8.82458e-05	3.11659e-05	9.19191e-06	2.25626e-06	4.61416e-07	7.89806e-08	1.13933e-08	1.39621e-09	1.46561e-10	1.32857e-11	1.04806e-12	7.24627e-14	4.41991e-15	2.39259e-16	1.15567e-17	5.00541e-19	1.95265e-20	6.88883e-22	2.20597e-23	6.43341e-25	1.71393e-26	4.18273e-28	9.37445e-30	1.934e-31	3.6805e-33	6.47353e-35	1.0542e-36	1.59203e-38	2.23288e-40	2.91235e-42	3.53681e-44	4.00355e-46	4.22837e-48	4.17039e-50	3.8441e-52	3.3138e-54	2.67319e-56	2.01894e-58	1.42819e-60	9.46599e-63	5.87984e-65	3.42337e-67	1.86837e-69	9.55842e-72	4.58328e-74	2.05944e-76	8.66914e-79	3.41731e-81	1.26083e-83	4.35137e-86	1.40369e-88	4.22878e-91	1.18855e-93	3.11294e-96	7.58736e-99	1.71833e-101	3.60958e-104	7.01881e-107	1.26047e-109	2.08505e-112	3.16741e-115	4.40337e-118	0	
0	3.44269e-27	1.38185e-25	5.07659e-24	1.70296e-22	5.20009e-21	1.44048e-19	3.60637e-18	8.12682e-17	1.64097e-15	2.9544e-14	4.71707e-13	6.63966e-12	8.18653e-11	8.78071e-10	8.13289e-09	6.45553e-08	4.35787e-07	2.48395e-06	1.18814e-05	4.74914e-05	0.000158411	0.000442058	0.0010397	0.0020871	0.00363353	0.00557224	0.00762468	0.00940309	0.0105228	0.010721	0.00994931	0.00839341	0.00640234	0.00437669	0.00265022	0.00140087	0.000636163	0.000244629	7.87837e-05	2.11189e-05	4.7074e-06	8.75433e-07	1.36686e-07	1.80589e-08	2.036e-09	1.97524e-10	1.66221e-11	1.22238e-12	7.90948e-14	4.53127e-15	2.31143e-16	1.05527e-17	4.33201e-19	1.60581e-20	5.39568e-22	1.64915e-23	4.59956e-25	1.17401e-26	2.74965e-28	5.92351e-30	1.17634e-31	2.15784e-33	3.66298e-35	5.76382e-37	8.42004e-39	1.14355e-40	1.44571e-42	1.70334e-44	1.87224e-46	1.92165e-48	1.84331e-50	1.65371e-52	1.38846e-54	1.09162e-56	8.04027e-59	5.55012e-61	3.59169e-63	2.17948e-65	1.24029e-67	6.6196e-70	3.31331e-72	1.5551e-74	6.84273e-77	2.82187e-79	1.09019e-81	3.94368e-84	1.33493e-86	4.22523e-89	1.24937e-91	3.44777e-94	8.869e-97	2.1238e-99	4.72694e-102	9.76125e-105	1.86643e-107	3.29683e-110	5.36553e-113	8.02128e-116	0	
0	8.59073e-26	3.29899e-24	1.15832e-22	3.70953e-21	1.08003e-19	2.84863e-18	6.77983e-17	1.44984e-15	2.77261e-14	4.71707e-13	7.09906e-12	9.39225e-11	1.08502e-09	1.08652e-08	9.3586e-08	6.8783e-07	4.27967e-06	2.23786e-05	9.7771e-05	0.000355713	0.00107819	0.00273754	0.00588843	0.0109092	0.0177333	0.0257146	0.0337139	0.0403787	0.0444726	0.0451887	0.0423822	0.0366178	0.0289924	0.0208497	0.0134533	0.00767001	0.00379485	0.00160099	0.000567628	0.000167537	4.10207e-05	8.34711e-06	1.41951e-06	2.03311e-07	2.47366e-08	2.57904e-09	2.32355e-10	1.82314e-11	1.25484e-12	7.62632e-14	4.11703e-15	1.98492e-16	8.58848e-18	3.34988e-19	1.18258e-20	3.79232e-22	1.1084e-23	2.96157e-25	7.25403e-27	1.63292e-28	3.38592e-30	6.48085e-32	1.14727e-33	1.88168e-35	2.86395e-37	4.05104e-39	5.33248e-41	6.54005e-43	7.48172e-45	7.99138e-47	7.97683e-49	7.44685e-51	6.5066e-53	5.32404e-55	4.08191e-57	2.93367e-59	1.97715e-61	1.24989e-63	7.41292e-66	4.12516e-68	2.15397e-70	1.05526e-72	4.84994e-75	2.0906e-77	8.44927e-80	3.20033e-82	1.13545e-84	3.77101e-87	1.17147e-89	3.40095e-92	9.21754e-95	2.32947e-97	5.48191e-100	1.19939e-102	2.43541e-105	4.58017e-108	7.95949e-111	1.27477e-113	0	
0	1.91619e-24	7.03399e-23	2.35809e-21	7.20139e-20	1.9966e-18	5.00686e-17	1.13097e-15	2.29081e-14	4.14012e-13	6.63966e-12	9.39225e-11	1.16416e-09	1.25531e-08	1.16842e-07	9.31081e-07	6.29828e-06	3.58668e-05	0.000170674	0.000674928	0.00221324	0.00603531	0.0138122	0.0269559	0.0457983	0.0691563	0.0944355	0.118265	0.137236	0.148527	0.150474	0.142796	0.126618	0.104347	0.0792312	0.0547341	0.0338559	0.0183864	0.00858582	0.00338396	0.00111064	0.00030153	6.77107e-05	1.26362e-05	1.97476e-06	2.6074e-07	2.93548e-08	2.84306e-09	2.3886e-10	1.75419e-11	1.13401e-12	6.4939e-14	3.31306e-15	1.51367e-16	6.22213e-18	2.31097e-19	7.78512e-21	2.38708e-22	6.68308e-24	1.71338e-25	4.03315e-27	8.73765e-29	1.74608e-30	3.22498e-32	5.51549e-34	8.74922e-36	1.28929e-37	1.76742e-39	2.25679e-41	2.68728e-43	2.98717e-45	3.10276e-47	3.01401e-49	2.7402e-51	2.33317e-53	1.86163e-55	1.39264e-57	9.77145e-60	6.43281e-62	3.97441e-64	2.30488e-66	1.25478e-68	6.4126e-71	3.07619e-73	1.38495e-75	5.85048e-78	2.31809e-80	8.61117e-83	2.99742e-85	9.77014e-88	2.97979e-90	8.49584e-93	2.26208e-95	5.61784e-98	1.29954e-100	2.79569e-103	5.58325e-106	1.033e-108	1.76651e-111	0	
0	3.80135e-23	1.33261e-21	4.26094e-20	1.23936e-18	3.26758e-17	7.77829e-16	1.66452e-14	3.18685e-13	5.43012e-12	8.18653e-11	1.08502e-09	1.25531e-08	1.25796e-07	1.08281e-06	7.93475e-06	4.90493e-05	0.00025351	0.00108713	0.00384845	0.0112399	0.0272479	0.0556093	0.0976314	0.151158	0.211014	0.270424	0.322695	0.362132	0.384703	0.388528	0.373356	0.340295	0.292542	0.235236	0.174717	0.117923	0.0708422	0.0369798	0.0163877	0.00605234	0.00184289	0.000461425	9.53513e-05	1.63848e-05	2.36313e-06	2.88881e-07	3.02195e-08	2.72949e-09	2.14625e-10	1.48023e-11	9.01501e-13	4.87792e-14	2.35788e-15	1.02324e-16	4.00452e-18	1.41906e-19	4.57009e-21	1.34207e-22	3.60471e-24	8.88008e-26	2.01147e-27	4.19917e-29	8.09628e-31	1.44451e-32	2.3891e-34	3.66888e-36	5.23911e-38	6.96615e-40	8.63521e-42	9.9904e-44	1.07984e-45	1.09144e-47	1.03242e-49	9.14627e-52	7.59342e-54	5.9112e-56	4.3168e-58	2.95846e-60	1.90335e-62	1.1498e-64	6.52288e-67	3.47537e-69	1.73901e-71	8.17146e-74	3.60511e-76	1.49294e-78	5.80115e-81	2.11415e-83	7.22207e-86	2.31102e-88	6.92178e-91	1.93868e-93	5.07231e-96	1.2382e-98	2.81619e-101	5.95838e-104	1.1706e-106	2.13116e-109	0	
0	6.6701e-22	2.23082e-20	6.79522e-19	1.88e-17	4.70637e-16	1.06165e-14	2.14806e-13	3.87855e-12	6.21446e-11	8.78071e-10	1.08652e-08	1.16842e-07	1.08281e-06	8.56856e-06	5.73345e-05	0.000321147	0.00149132	0.00569535	0.0178075	0.0456647	0.0970813	0.174737	0.273929	0.384778	0.495482	0.595641	0.677429	0.735604	0.767752	0.773147	0.751732	0.703763	0.630925	0.537303	0.429714	0.31754	0.21235	0.125124	0.0631327	0.0266058	0.00921184	0.00260408	0.000602354	0.000114858	1.82344e-05	2.43598e-06	2.76722e-07	2.69933e-08	2.28141e-09	1.68425e-10	1.09403e-11	6.29387e-13	3.22571e-14	1.48064e-15	6.11584e-17	2.28305e-18	7.73244e-20	2.38448e-21	6.71642e-23	1.73308e-24	4.10762e-26	8.96418e-28	1.80527e-29	3.36177e-31	5.79958e-33	9.28463e-35	1.38149e-36	1.91322e-38	2.46931e-40	2.97368e-42	3.34492e-44	3.51779e-46	3.46199e-48	3.19073e-50	2.7559e-52	2.23207e-54	1.6961e-56	1.20972e-58	8.10147e-61	5.09582e-63	3.01109e-65	1.67167e-67	8.71995e-70	4.27369e-72	1.96774e-74	8.50992e-77	3.45582e-79	1.3173e-81	4.71106e-84	1.57982e-86	4.96423e-89	1.46051e-91	4.01944e-94	1.03363e-96	2.4807e-99	5.54864e-102	1.15481e-104	2.23234e-107	0	
0	1.029e-20	3.27979e-19	9.5058e-18	2.498e-16	5.92818e-15	1.26489e-13	2.41465e-12	4.10166e-11	6.1622e-10	8.13289e-09	9.3586e-08	9.31081e-07	7.93475e-06	5.73345e-05	0.000347438	0.00174584	0.00719654	0.0241286	0.0655756	0.145276	0.267199	0.420764	0.587943	0.75122	0.897379	1.01913	1.11239	1.17607	1.21152	1.21763	1.19367	1.14134	1.06005	0.949243	0.812319	0.654549	0.487147	0.325835	0.189326	0.0924269	0.0369772	0.0119798	0.00314233	0.00067216	0.000118518	1.74312e-05	2.16355e-06	2.29098e-07	2.09021e-08	1.6578e-09	1.15213e-10	7.06606e-12	3.84872e-13	1.87234e-14	8.17697e-16	3.22057e-17	1.14868e-18	3.72411e-20	1.10121e-21	2.97909e-23	7.39404e-25	1.68802e-26	3.55291e-28	6.90925e-30	1.24385e-31	2.07667e-33	3.22067e-35	4.64676e-37	6.2456e-39	7.82996e-41	9.16639e-43	1.00308e-44	1.02702e-46	9.84668e-49	8.84685e-51	7.45356e-53	5.89203e-55	4.37227e-57	3.04698e-59	1.99481e-61	1.2272e-63	7.09568e-66	3.8564e-68	1.97013e-70	9.46043e-73	4.26949e-75	1.8105e-77	7.2119e-80	2.69749e-82	9.46937e-85	3.11801e-87	9.62339e-90	2.78176e-92	7.52395e-95	1.90211e-97	4.48906e-100	9.87628e-103	2.02234e-105	0	
0	1.38661e-19	4.20731e-18	1.15876e-16	2.88809e-15	6.48642e-14	1.30654e-12	2.34792e-11	3.74224e-10	5.25552e-09	6.45553e-08	6.8783e-07	6.29828e-06	4.90493e-05	0.000321147	0.00174584	0.00777863	0.0280611	0.0812377	0.188545	0.355411	0.561444	0.776914	0.980909	1.16089	1.31213	1.43292	1.52343	1.58566	1.62078	1.62687	1.60271	1.55155	1.47275	1.36414	1.22509	1.05621	0.860751	0.648109	0.434822	0.248898	0.117004	0.0441905	0.0133448	0.00324295	0.000641684	0.000104781	1.4308e-05	1.65401e-06	1.63673e-07	1.40018e-08	1.04461e-09	6.8496e-11	3.97472e-12	2.05374e-13	9.50076e-15	3.9544e-16	1.4874e-17	5.07611e-19	1.57744e-20	4.47829e-22	1.16492e-23	2.78408e-25	6.12826e-27	1.2452e-28	2.34037e-30	4.07651e-32	6.59175e-34	9.91072e-36	1.38749e-37	1.8111e-39	2.20682e-41	2.5129e-43	2.6767e-45	2.66947e-47	2.4946e-49	2.18593e-51	1.79723e-53	1.38721e-55	1.00567e-57	6.85038e-60	4.38586e-62	2.63987e-64	1.49406e-66	7.95159e-69	3.97964e-71	1.87288e-73	8.28692e-76	3.44662e-78	1.34702e-80	4.94499e-83	1.70431e-85	5.51146e-88	1.67114e-90	4.74708e-93	1.26212e-95	3.13731e-98	7.28217e-101	1.57613e-103	0	
0	1.62077e-18	4.67632e-17	1.2223e-15	2.88507e-14	6.12163e-13	1.16173e-11	1.9607e-10	2.92428e-09	3.8266e-08	4.35787e-07	4.27967e-06	3.58668e-05	0.00025351	0.00149132	0.00719654	0.0280611	0.0872048	0.214226	0.418195	0.667577	0.918883	1.15272	1.3619	1.54057	1.68722	1.79949	1.88046	1.93446	1.95959	1.9629	1.94742	1.90562	1.83513	1.73663	1.60293	1.43753	1.2393	1.01512	0.769469	0.514981	0.287704	0.128806	0.0455222	0.0127459	0.00286295	0.000523866	7.92909e-05	1.00679e-05	1.086e-06	1.00625e-07	8.08733e-09	5.68642e-10	3.52439e-11	1.93838e-12	9.51644e-14	4.19264e-15	1.66545e-16	5.99038e-18	1.95849e-19	5.8403e-21	1.59355e-22	3.98978e-24	9.19011e-26	1.95214e-27	3.8323e-29	6.96675e-31	1.17493e-32	1.8413e-34	2.68553e-36	3.6503e-38	4.62992e-40	5.48613e-42	6.07941e-44	6.3063e-46	6.12881e-48	5.58471e-50	4.77469e-52	3.83239e-54	2.88936e-56	2.04707e-58	1.36341e-60	8.539e-63	5.03006e-65	2.78733e-67	1.45306e-69	7.12619e-72	3.28759e-74	1.4265e-76	5.82025e-79	2.23225e-81	8.04444e-84	2.72258e-86	8.64836e-89	2.57658e-91	7.19363e-94	1.88032e-96	4.59638e-99	1.04944e-101	0	
0	1.63117e-17	4.47039e-16	1.10753e-14	2.47212e-13	4.94724e-12	8.82812e-11	1.39611e-09	1.94315e-08	2.36164e-07	2.48395e-06	2.23786e-05	0.000170674	0.00108713	0.00569535	0.0241286	0.0812377	0.214226	0.4408	0.723174	1.00299	1.26482	1.50746	1.71439	1.87899	1.99787	2.07811	2.1258	2.1526	2.16343	2.16426	2.15894	2.13872	2.10032	2.03454	1.9313	1.78571	1.59488	1.3645	1.10984	0.836724	0.550332	0.294621	0.123617	0.0404378	0.0104331	0.00215979	0.000365139	5.12415e-05	6.05562e-06	6.10271e-07	5.30217e-08	4.00939e-09	2.66073e-10	1.56094e-11	8.14763e-13	3.80551e-14	1.5986e-15	6.06724e-17	2.08902e-18	6.5493e-20	1.87585e-21	4.92345e-23	1.18741e-24	2.63806e-26	5.41144e-28	1.02706e-29	1.80701e-31	2.95237e-33	4.48664e-35	6.35109e-37	8.38557e-39	1.03396e-40	1.19193e-42	1.2859e-44	1.29949e-46	1.23114e-48	1.09427e-50	9.13096e-53	7.15693e-55	5.27198e-57	3.65123e-59	2.37834e-61	1.45747e-63	8.40426e-66	4.56071e-68	2.32929e-70	1.1196e-72	5.06417e-75	2.1552e-77	8.62762e-80	3.24766e-82	1.14906e-84	3.81929e-87	1.19185e-89	3.48931e-92	9.5758e-95	2.46097e-97	5.91632e-100	0	
0	1.40254e-16	3.64765e-15	8.55607e-14	1.80364e-12	3.39909e-11	5.69319e-10	8.41854e-09	1.09073e-07	1.22754e-06	1.18814e-05	9.7771e-05	0.000674928	0.00384845	0.0178075	0.0655756	0.188545	0.418195	0.723174	1.03048	1.32148	1.59912	1.82739	1.9964	2.1088	2.17189	2.19872	2.20293	2.19483	2.19	2.18958	2.19247	2.19971	2.2028	2.18537	2.13994	2.04681	1.90279	1.69688	1.43632	1.1481	0.847843	0.534952	0.267657	0.103316	0.0309244	0.00730466	0.00138906	0.000216664	2.81814e-05	3.10059e-06	2.92119e-07	2.38177e-08	1.69608e-09	1.06333e-10	5.9102e-12	2.93046e-13	1.3033e-14	5.2246e-16	1.89608e-17	6.25404e-19	1.88151e-20	5.17951e-22	1.30849e-23	3.04162e-25	6.52135e-27	1.29249e-28	2.37274e-30	4.04209e-32	6.4007e-34	9.43596e-36	1.29686e-37	1.66385e-39	1.99505e-41	2.23812e-43	2.35138e-45	2.31555e-47	2.13906e-49	1.85496e-51	1.51099e-53	1.15676e-55	8.3269e-58	5.63838e-60	3.59251e-62	2.1544e-64	1.21623e-66	6.46426e-69	3.23481e-71	1.52402e-73	6.7593e-76	2.82161e-78	1.10831e-80	4.09492e-83	1.42251e-85	4.64371e-88	1.42364e-90	4.09578e-93	1.10486e-95	2.79182e-98	0	
0	1.02204e-15	2.52061e-14	5.59298e-13	1.11235e-11	1.97176e-10	3.09544e-09	4.27277e-08	5.14306e-07	5.34716e-06	4.74914e-05	0.000355713	0.00221324	0.0112399	0.0456647	0.145276	0.355411	0.667577	1.00299	1.32148	1.63057	1.87748	2.05223	2.16366	2.20852	2.20284	2.15796	2.10018	2.04507	2.00521	1.9976	2.02652	2.07709	2.13487	2.18861	2.21138	2.18861	2.10549	1.95491	1.73921	1.44909	1.13198	0.803163	0.471396	0.214618	0.0748674	0.0202858	0.00435976	0.000758882	0.000109	1.31282e-05	1.34423e-06	1.18395e-07	9.06084e-09	6.07826e-10	3.6014e-11	1.89734e-12	8.94055e-14	3.7879e-15	1.4497e-16	5.03288e-18	1.59093e-19	4.59473e-21	1.21612e-22	2.95815e-24	6.62968e-26	1.37216e-27	2.6283e-29	4.6682e-31	7.70188e-33	1.18229e-34	1.69112e-36	2.25706e-38	2.81427e-40	3.282e-42	3.58349e-44	3.66673e-46	3.51901e-48	3.17002e-50	2.68225e-52	2.13299e-54	1.595e-56	1.12204e-58	7.4284e-61	4.62971e-63	2.71697e-65	1.50163e-67	7.8167e-70	3.83248e-72	1.76975e-74	7.69596e-77	3.15099e-79	1.21435e-81	4.40349e-84	1.50179e-86	4.81445e-89	1.44988e-91	4.09863e-94	1.08665e-96	0	
0	6.25894e-15	1.46332e-13	3.07028e-12	5.75815e-11	9.59484e-10	1.41082e-08	1.81632e-07	2.02906e-06	1.94649e-05	0.000158411	0.00107819	0.00603531	0.0272479	0.0970813	0.267199	0.561444	0.918883	1.26482	1.59912	1.87748	2.06896	2.19096	2.21325	2.16569	2.06116	1.93071	1.79715	1.68797	1.62663	1.61675	1.6575	1.74822	1.87658	2.00987	2.12854	2.20346	2.21041	2.12922	1.96254	1.7216	1.40046	1.06057	0.702827	0.371494	0.150339	0.0467041	0.0113529	0.00220758	0.000350489	4.62499e-05	5.15023e-06	4.90271e-07	4.03405e-08	2.89651e-09	1.82985e-10	1.02445e-11	5.11502e-13	2.29041e-14	9.2438e-16	3.37743e-17	1.12164e-18	3.39794e-20	9.42063e-22	2.39733e-23	5.61466e-25	1.21318e-26	2.42384e-28	4.48685e-30	7.70988e-32	1.23187e-33	1.83302e-35	2.54379e-37	3.29665e-39	3.99449e-41	4.53023e-43	4.81371e-45	4.79658e-47	4.48566e-49	3.93986e-51	3.25219e-53	2.52441e-55	1.84352e-57	1.26714e-59	8.2006e-62	4.9984e-64	2.86995e-66	1.55254e-68	7.91341e-71	3.80052e-73	1.7197e-75	7.33051e-78	2.94301e-80	1.1125e-82	3.95817e-85	1.32489e-87	4.16974e-90	1.23312e-92	3.42401e-95	0	
0	3.1921e-14	7.07737e-13	1.40463e-11	2.48504e-10	3.89403e-09	5.3652e-08	6.44542e-07	6.68636e-06	5.92256e-05	0.000442058	0.00273754	0.0138122	0.0556093	0.174737	0.420764	0.776914	1.15272	1.50746	1.82739	2.05223	2.19096	2.20687	2.13773	1.97722	1.77129	1.53785	1.3214	1.14758	1.03846	1.019	1.0948	1.24543	1.44655	1.67849	1.90218	2.08307	2.18848	2.21247	2.11834	1.93053	1.64272	1.29617	0.930182	0.555008	0.256833	0.0907942	0.0248531	0.00538274	0.000942547	0.000136027	1.64485e-05	1.69007e-06	1.49332e-07	1.14636e-08	7.71366e-10	4.58468e-11	2.42324e-12	1.14578e-13	4.87211e-15	1.87189e-16	6.52557e-18	2.07193e-19	6.01218e-21	1.59932e-22	3.91113e-24	8.81548e-26	1.8356e-27	3.53854e-29	6.32751e-31	1.05142e-32	1.62618e-34	2.34454e-36	3.1553e-38	3.96882e-40	4.67109e-42	5.14952e-44	5.32252e-46	5.16233e-48	4.70206e-50	4.02482e-52	3.23958e-54	2.4533e-56	1.74879e-58	1.17387e-60	7.42243e-63	4.42208e-65	2.48283e-67	1.3139e-69	6.55386e-72	3.0814e-74	1.36546e-76	5.70198e-79	2.24329e-81	8.31245e-84	2.89992e-86	9.52033e-89	2.93955e-91	8.53067e-94	0	
0	1.34216e-13	2.82611e-12	5.31396e-11	8.88418e-10	1.31173e-08	1.69724e-07	1.90745e-06	1.84291e-05	0.000151249	0.0010397	0.00588843	0.0269559	0.0976314	0.273929	0.587943	0.980909	1.3619	1.71439	1.9964	2.16366	2.21325	2.13773	1.94668	1.67228	1.33975	1.00611	0.699843	0.461059	0.325359	0.302799	0.393618	0.592657	0.878633	1.2069	1.54419	1.84119	2.07598	2.19498	2.19916	2.07493	1.84051	1.50595	1.13666	0.742015	0.384465	0.152599	0.0466034	0.0111642	0.00214412	0.000336848	4.40545e-05	4.86875e-06	4.60527e-07	3.76915e-08	2.69441e-09	1.69613e-10	9.46943e-12	4.71822e-13	2.10974e-14	8.50785e-16	3.10789e-17	1.03249e-18	3.13061e-20	8.69165e-22	2.21603e-23	5.20245e-25	1.12734e-26	2.25986e-28	4.19922e-30	7.24644e-32	1.1633e-33	1.73997e-35	2.42831e-37	3.16624e-39	3.86175e-41	4.41062e-43	4.72199e-45	4.74301e-47	4.47345e-49	3.96473e-51	3.30409e-53	2.59068e-55	1.91214e-57	1.32913e-59	8.70385e-62	5.37144e-64	3.12469e-66	1.71371e-68	8.86185e-71	4.32104e-73	1.98662e-75	8.6112e-78	3.51851e-80	1.35486e-82	4.91511e-85	1.67919e-87	5.39984e-90	1.63352e-92	0	
0	4.6013e-13	9.23136e-12	1.65035e-10	2.61752e-09	3.65713e-08	4.46498e-07	4.71939e-06	4.27227e-05	0.000327096	0.0020871	0.0109092	0.0457983	0.151158	0.384778	0.75122	1.16089	1.54057	1.87899	2.1088	2.20852	2.16569	1.97722	1.67228	1.27246	0.830004	0.379718	-0.0174727	-0.316992	-0.495474	-0.526865	-0.404277	-0.150713	0.21233	0.648342	1.09571	1.52188	1.8698	2.10435	2.21142	2.16397	1.98658	1.68292	1.31641	0.915472	0.518813	0.22723	0.0764206	0.0200418	0.00418607	0.000710791	9.99213e-05	1.18131e-05	1.19035e-06	1.03412e-07	7.82227e-09	5.19607e-10	3.05375e-11	1.59827e-12	7.49269e-14	3.16248e-15	1.20729e-16	4.18582e-18	1.32295e-19	3.82431e-21	1.01422e-22	2.47448e-24	5.56799e-26	1.15818e-27	2.23167e-29	3.99115e-31	6.63663e-33	1.02773e-34	1.48438e-36	2.0023e-38	2.52566e-40	2.9825e-42	3.30064e-44	3.42641e-46	3.33948e-48	3.05812e-50	2.63312e-52	2.13304e-54	1.62659e-56	1.1682e-58	7.90484e-61	5.0415e-63	3.03135e-65	1.71876e-67	9.191e-70	4.63567e-72	2.20533e-74	9.89516e-77	4.18706e-79	1.67051e-81	6.28247e-84	2.2264e-86	7.43164e-89	2.33535e-91	0	
0	1.27369e-12	2.44913e-11	4.18919e-10	6.34564e-09	8.45029e-08	9.81031e-07	9.83372e-06	8.41616e-05	0.000607011	0.00363353	0.0177333	0.0691563	0.211014	0.495482	0.897379	1.31213	1.68722	1.99787	2.17189	2.20284	2.06116	1.77129	1.33975	0.830004	0.268541	-0.275365	-0.753482	-1.13304	-1.3604	-1.39983	-1.24507	-0.919717	-0.475954	0.0465122	0.60653	1.14418	1.61177	1.96158	2.1674	2.20114	2.08608	1.82373	1.46701	1.06619	0.646614	0.306648	0.111815	0.0316913	0.00712093	0.00129476	0.000194072	2.43709e-05	2.59971e-06	2.38383e-07	1.89827e-08	1.3244e-09	8.15836e-11	4.46737e-12	2.18756e-13	9.63013e-15	3.82935e-16	1.38128e-17	4.53694e-19	1.36166e-20	3.74594e-22	9.47268e-24	2.20766e-25	4.75299e-27	9.4737e-29	1.75166e-30	3.00989e-32	4.81442e-34	7.17954e-36	9.99583e-38	1.30098e-39	1.58476e-41	1.80871e-43	1.93602e-45	1.94528e-47	1.83626e-49	1.62961e-51	1.36056e-53	1.06928e-55	7.91445e-58	5.51955e-60	3.6283e-62	2.24881e-64	1.3145e-66	7.2478e-69	3.76997e-71	1.85004e-73	8.56499e-76	3.74061e-78	1.54085e-80	5.98534e-83	2.19178e-85	7.56354e-88	2.45851e-90	0	
0	2.84029e-12	5.27939e-11	8.71647e-10	1.27253e-08	1.6304e-07	1.81751e-06	1.74538e-05	0.000142731	0.000980638	0.00557224	0.0257146	0.0944355	0.270424	0.595641	1.01913	1.43292	1.79949	2.07811	2.19872	2.15796	1.93071	1.53785	1.00611	0.379718	-0.275365	-0.902954	-1.46235	-1.88081	-2.11336	-2.15241	-1.99741	-1.64936	-1.13838	-0.533032	0.115824	0.76593	1.33894	1.79381	2.08913	2.20466	2.14577	1.92611	1.58643	1.19002	0.758394	0.382307	0.148641	0.044867	0.0107078	0.00206164	0.000326271	4.31432e-05	4.83442e-06	4.6466e-07	3.87099e-08	2.82054e-09	1.81173e-10	1.03302e-11	5.26058e-13	2.40561e-14	9.92623e-16	3.71192e-17	1.26288e-18	3.92294e-20	1.11618e-21	2.91742e-23	7.02347e-25	1.56116e-26	3.21106e-28	6.12401e-30	1.08497e-31	1.78872e-33	2.74843e-35	3.9416e-37	5.28302e-39	6.62581e-41	7.78442e-43	8.57599e-45	8.86779e-47	8.6136e-49	7.86541e-51	6.75652e-53	5.46329e-55	4.16053e-57	2.98545e-59	2.01936e-61	1.28797e-63	7.74826e-66	4.39744e-68	2.3548e-70	1.18988e-72	5.6735e-75	2.55257e-77	1.0835e-79	4.33833e-82	1.63812e-84	5.83111e-87	1.95593e-89	0	
0	5.16346e-12	9.35739e-11	1.50441e-09	2.13598e-08	2.65774e-07	2.87272e-06	2.67006e-05	0.000210898	0.00139625	0.00762468	0.0337139	0.118265	0.322695	0.677429	1.11239	1.52343	1.88046	2.1258	2.20293	2.10018	1.79715	1.3214	0.699843	-0.0174727	-0.753482	-1.46235	-2.06915	-2.52632	-2.80195	-2.85085	-2.66137	-2.2712	-1.72007	-1.04513	-0.312452	0.420828	1.08737	1.62503	2.00244	2.18314	2.17728	1.99796	1.67461	1.28434	0.847903	0.446864	0.182215	0.057681	0.0144179	0.00290257	0.000479479	6.60715e-05	7.70361e-06	7.69356e-07	6.65118e-08	5.02327e-09	3.34088e-10	1.97046e-11	1.03704e-12	4.89712e-14	2.08513e-15	8.04053e-17	2.81918e-18	9.01992e-20	2.64203e-21	7.10584e-23	1.75956e-24	4.0214e-26	8.50186e-28	1.66615e-29	3.03249e-31	5.13488e-33	8.10219e-35	1.19305e-36	1.64166e-38	2.11357e-40	2.54894e-42	2.88245e-44	3.05942e-46	3.05049e-48	2.85954e-50	2.5219e-52	2.09384e-54	1.63753e-56	1.20694e-58	8.38717e-61	5.49724e-63	3.39942e-65	1.98382e-67	1.09273e-69	5.6819e-72	2.7891e-74	1.29247e-76	5.65373e-79	2.33423e-81	9.09404e-84	3.34236e-86	1.15844e-88	0	
0	7.80025e-12	1.38573e-10	2.1831e-09	3.03613e-08	3.69853e-07	3.91122e-06	3.5536e-05	0.00027407	0.00176919	0.00940309	0.0403787	0.137236	0.362132	0.735604	1.17607	1.58566	1.93446	2.1526	2.19483	2.04507	1.68797	1.14758	0.461059	-0.316992	-1.13304	-1.88081	-2.52632	-3.08084	-3.4563	-3.52556	-3.2606	-2.76153	-2.14947	-1.44575	-0.644604	0.159598	0.885174	1.49379	1.92536	2.15947	2.1922	2.04066	1.73176	1.34871	0.911559	0.494763	0.208259	0.068081	0.0175672	0.00364825	0.000621181	8.81506e-05	1.05749e-05	1.08564e-06	9.63933e-08	7.47044e-09	5.09408e-10	3.07799e-11	1.65827e-12	8.01011e-14	3.48631e-15	1.3733e-16	4.91564e-18	1.60465e-19	4.79286e-21	1.31378e-22	3.31396e-24	7.71178e-26	1.65934e-27	3.30826e-29	6.12328e-31	1.05404e-32	1.69013e-34	2.52829e-36	3.53324e-38	4.61856e-40	5.65367e-42	6.48794e-44	6.98645e-46	7.06584e-48	6.71703e-50	6.00637e-52	5.05536e-54	4.00728e-56	2.99313e-58	2.10754e-60	1.39947e-62	8.76649e-65	5.18172e-67	2.89061e-69	1.52204e-71	7.56512e-74	3.54939e-76	1.57186e-78	6.5696e-81	2.59084e-83	9.63827e-86	3.38111e-88	0	
0	9.83443e-12	1.72303e-10	2.67825e-09	3.67655e-08	4.42209e-07	4.61803e-06	4.14324e-05	0.000315448	0.0020089	0.0105228	0.0444726	0.148527	0.384703	0.767752	1.21152	1.62078	1.95959	2.16343	2.19	2.00521	1.62663	1.03846	0.325359	-0.495474	-1.3604	-2.11336	-2.80195	-3.4563	-3.91674	-4.00205	-3.67576	-3.07333	-2.39077	-1.67803	-0.847822	0.0135864	0.760879	1.41736	1.87467	2.14493	2.19267	2.06536	1.7636	1.38232	0.946486	0.522194	0.223578	0.0743477	0.0195151	0.00412255	0.000713887	0.000102995	1.25554e-05	1.30902e-06	1.17955e-07	9.27087e-09	6.40664e-10	3.92023e-11	2.13736e-12	1.04412e-13	4.59294e-15	1.82745e-16	6.60343e-18	2.17496e-19	6.55143e-21	1.81023e-22	4.60095e-24	1.07838e-25	2.33619e-27	4.68793e-29	8.73042e-31	1.51164e-32	2.43745e-34	3.66568e-36	5.14883e-38	6.76322e-40	8.31761e-42	9.58762e-44	1.03685e-45	1.05295e-47	1.00493e-49	9.02021e-52	7.6198e-54	6.06135e-56	4.54277e-58	3.20917e-60	2.13774e-62	1.34322e-64	7.96309e-67	4.45495e-69	2.35227e-71	1.17232e-73	5.51468e-76	2.4484e-78	1.02584e-80	4.05528e-83	1.51214e-85	5.31667e-88	0	
0	1.02391e-11	1.78906e-10	2.77366e-09	3.79808e-08	4.55745e-07	4.74853e-06	4.25082e-05	0.000322916	0.00205174	0.010721	0.0451887	0.150474	0.388528	0.773147	1.21763	1.62687	1.9629	2.16426	2.18958	1.9976	1.61675	1.019	0.302799	-0.526865	-1.39983	-2.15241	-2.85085	-3.52556	-4.00205	-4.09039	-3.75279	-3.12969	-2.43121	-1.71697	-0.883697	-0.0103775	0.739495	1.40406	1.86602	2.14235	2.1924	2.07082	1.76898	1.38744	0.952251	0.526879	0.226212	0.0754296	0.0198541	0.00420602	0.000730412	0.000105674	1.29171e-05	1.35023e-06	1.2197e-07	9.60868e-09	6.65456e-10	4.08022e-11	2.22881e-12	1.09071e-13	4.80576e-15	1.91504e-16	6.92977e-18	2.28546e-19	6.89275e-21	1.90673e-22	4.85142e-24	1.13822e-25	2.46816e-27	4.95711e-29	9.23937e-31	1.60101e-32	2.58345e-34	3.88794e-36	5.46458e-38	7.18241e-40	8.83832e-42	1.01935e-43	1.10296e-45	1.12064e-47	1.07004e-49	9.60904e-52	8.12072e-54	6.4625e-56	4.84533e-58	3.42421e-60	2.28182e-62	1.43425e-64	8.50556e-67	4.75995e-69	2.51409e-71	1.25334e-73	5.89748e-76	2.61908e-78	1.09764e-80	4.34024e-83	1.6188e-85	5.69303e-88	0	
0	8.77878e-12	1.54856e-10	2.42284e-09	3.34689e-08	4.05019e-07	4.25506e-06	3.84058e-05	0.000294214	0.00188595	0.00994931	0.0423822	0.142796	0.373356	0.751732	1.19367	1.60271	1.94742	2.15894	2.19247	2.02652	1.6575	1.0948	0.393618	-0.404277	-1.24507	-1.99741	-2.66137	-3.2606	-3.67576	-3.75279	-3.45875	-2.91164	-2.2685	-1.56087	-0.74409	0.0866097	0.824019	1.45619	1.90063	2.15245	2.19308	2.05267	1.74776	1.36576	0.928991	0.508326	0.215791	0.0711451	0.0185138	0.00387733	0.000665695	9.52405e-05	1.15164e-05	1.1914e-06	1.06568e-07	8.31754e-09	5.71013e-10	3.47248e-11	1.88228e-12	9.14515e-14	4.00234e-15	1.58486e-16	5.70117e-18	1.86989e-19	5.61024e-21	1.54441e-22	3.91159e-24	9.13781e-26	1.97345e-27	3.94838e-29	7.33269e-31	1.26628e-32	2.03672e-34	3.05575e-36	4.28243e-38	5.61308e-40	6.88899e-42	7.92536e-44	8.55489e-46	8.67219e-48	8.26254e-50	7.40432e-52	6.24496e-54	4.96022e-56	3.71213e-58	2.61873e-60	1.74209e-62	1.09321e-64	6.47285e-67	3.61688e-69	1.90755e-71	9.49613e-74	4.46221e-76	1.97905e-78	8.28343e-81	3.27133e-83	1.21866e-85	4.2808e-88	0	
0	6.25337e-12	1.12271e-10	1.78782e-09	2.51366e-08	3.09644e-07	3.31242e-06	3.04584e-05	0.000237893	0.00155645	0.00839341	0.0366178	0.126618	0.340295	0.703763	1.14134	1.55155	1.90562	2.13872	2.19971	2.07709	1.74822	1.24543	0.592657	-0.150713	-0.919717	-1.64936	-2.2712	-2.76153	-3.07333	-3.12969	-2.91164	-2.48306	-1.91251	-1.22258	-0.457931	0.303572	0.999064	1.56687	1.96989	2.17326	2.18549	2.01762	1.70072	1.31385	0.876688	0.468226	0.193693	0.0622118	0.0157739	0.00321988	0.000539084	7.52561e-05	8.88556e-06	8.98284e-07	7.85826e-08	6.0036e-09	4.03784e-10	2.40766e-11	1.28071e-12	6.11097e-14	2.62856e-15	1.02375e-16	3.62463e-18	1.17084e-19	3.46185e-21	9.39699e-23	2.34809e-24	5.41455e-26	1.15482e-27	2.28283e-29	4.19054e-31	7.15588e-33	1.13855e-34	1.69038e-36	2.34502e-38	3.04357e-40	3.69993e-42	4.21728e-44	4.51149e-46	4.5335e-48	4.28273e-50	3.8062e-52	3.18439e-54	2.50942e-56	1.86361e-58	1.30484e-60	8.61682e-63	5.36855e-65	3.15642e-67	1.75163e-69	9.17591e-72	4.53779e-74	2.11848e-76	9.33599e-79	3.88322e-81	1.52416e-83	5.64358e-86	1.97064e-88	0	
0	3.70903e-12	6.81475e-11	1.11158e-09	1.60239e-08	2.02598e-07	2.22723e-06	2.10765e-05	0.000169696	0.00114679	0.00640234	0.0289924	0.104347	0.292542	0.630925	1.06005	1.47275	1.83513	2.10032	2.2028	2.13487	1.87658	1.44655	0.878633	0.21233	-0.475954	-1.13838	-1.72007	-2.14947	-2.39077	-2.43121	-2.2685	-1.91251	-1.38555	-0.745988	-0.0642482	0.621823	1.23355	1.72373	2.05426	2.19808	2.16093	1.95876	1.62566	1.23132	0.797075	0.409758	0.162659	0.0501184	0.0122006	0.002394	0.000385782	5.19007e-05	5.91246e-06	5.77321e-07	4.8829e-08	3.60995e-09	2.35142e-10	1.35891e-11	7.01056e-13	3.24628e-14	1.35584e-15	5.12997e-17	1.76529e-18	5.5444e-20	1.59452e-21	4.21132e-23	1.02418e-24	2.29913e-26	4.77476e-28	9.19239e-30	1.64365e-31	2.73428e-33	4.23852e-35	6.13138e-37	8.28803e-39	1.04816e-40	1.24157e-42	1.37889e-44	1.43717e-46	1.40694e-48	1.29469e-50	1.12067e-52	9.13023e-55	7.00511e-57	5.06389e-59	3.45038e-61	2.21674e-63	1.34322e-65	7.67822e-68	4.14113e-70	2.10746e-72	1.01203e-74	4.58566e-77	1.96036e-79	7.9053e-82	3.00635e-84	1.07784e-86	3.64158e-89	0	
0	1.80646e-12	3.42237e-11	5.76393e-10	8.59115e-09	1.12489e-07	1.28297e-06	1.26218e-05	0.000105902	0.000747854	0.00437669	0.0208497	0.0792312	0.235236	0.537303	0.949243	1.36414	1.73663	2.03454	2.18537	2.18861	2.00987	1.67849	1.2069	0.648342	0.0465122	-0.533032	-1.04513	-1.44575	-1.67803	-1.71697	-1.56087	-1.22258	-0.745988	-0.191233	0.405971	0.993943	1.5028	1.89603	2.13819	2.20623	2.11475	1.86874	1.51837	1.11918	0.693686	0.337747	0.126563	0.0368341	0.00848643	0.0015797	0.000242047	3.10284e-05	3.3746e-06	3.15137e-07	2.55313e-08	1.81062e-09	1.1328e-10	6.29534e-12	3.12646e-13	1.39503e-14	5.61943e-16	2.0523e-17	6.82198e-19	2.07117e-20	5.76146e-22	1.47269e-23	3.46806e-25	7.5423e-27	1.51814e-28	2.83388e-30	4.91486e-32	7.93296e-34	1.19351e-35	1.6761e-37	2.20001e-39	2.7022e-41	3.10924e-43	3.35481e-45	3.39744e-47	3.23196e-49	2.89022e-51	2.43129e-53	1.92505e-55	1.4354e-57	1.00838e-59	6.67681e-62	4.16813e-64	2.45388e-66	1.36266e-68	7.13836e-71	3.52788e-73	1.64487e-75	7.23467e-78	3.00135e-80	1.17418e-82	4.33058e-85	1.50521e-87	4.92825e-90	0	
0	7.13922e-13	1.4058e-11	2.46509e-10	3.83222e-09	5.24393e-08	6.26455e-07	6.47204e-06	5.7194e-05	0.000426839	0.00265022	0.0134533	0.0547341	0.174717	0.429714	0.812319	1.22509	1.60293	1.9313	2.13994	2.21138	2.12854	1.90218	1.54419	1.09571	0.60653	0.115824	-0.312452	-0.644604	-0.847822	-0.883697	-0.74409	-0.457931	-0.0642482	0.405971	0.903542	1.37166	1.77486	2.05208	2.19914	2.18353	2.03141	1.74428	1.38045	0.978766	0.571296	0.258839	0.0900409	0.0243775	0.00524368	0.000914805	0.000131847	1.59507e-05	1.64197e-06	1.45512e-07	1.12133e-08	7.57969e-10	4.52836e-11	2.4071e-12	1.14516e-13	4.90137e-15	1.89617e-16	6.65828e-18	2.13011e-19	6.22987e-21	1.67082e-22	4.1207e-24	9.36942e-26	1.96865e-27	3.83059e-29	6.91593e-31	1.16065e-32	1.81356e-34	2.64238e-36	3.59493e-38	4.57265e-40	5.44416e-42	6.07349e-44	6.3549e-46	6.24197e-48	5.76e-50	4.99712e-52	4.07839e-54	3.13311e-56	2.2667e-58	1.54499e-60	9.9249e-63	6.01066e-65	3.4325e-67	1.84867e-69	9.39098e-72	4.49962e-74	2.03347e-76	8.66661e-79	3.48284e-81	1.31942e-83	4.71033e-86	1.58404e-88	5.01543e-91	0	
0	2.28284e-13	4.70289e-12	8.64531e-11	1.41198e-09	2.03479e-08	2.56703e-07	2.80949e-06	2.63968e-05	0.000210322	0.00140087	0.00767001	0.0338559	0.117923	0.31754	0.654549	1.05621	1.43753	1.78571	2.04681	2.18861	2.20346	2.08307	1.84119	1.52188	1.14418	0.76593	0.420828	0.159598	0.0135864	-0.0103775	0.0866097	0.303572	0.621823	0.993943	1.37166	1.7212	1.99942	2.17008	2.21165	2.11689	1.90544	1.58095	1.21179	0.813698	0.438212	0.181241	0.0575706	0.0142984	0.00283742	0.000459181	6.1694e-05	6.98807e-06	6.76094e-07	5.65003e-08	4.11786e-09	2.63934e-10	1.4986e-11	7.58616e-13	3.44323e-14	1.40832e-15	5.21412e-17	1.75452e-18	5.38531e-20	1.51275e-21	3.90053e-23	9.25671e-25	2.02693e-26	4.10441e-28	7.70175e-30	1.34176e-31	2.17399e-33	3.28118e-35	4.61977e-37	6.07588e-39	7.47352e-41	8.60702e-43	9.29037e-45	9.40736e-47	8.94375e-49	7.98945e-51	6.71047e-53	5.30258e-55	3.94412e-57	2.76273e-59	1.82315e-61	1.13381e-63	6.64661e-66	3.67355e-68	1.91447e-70	9.40837e-73	4.35988e-75	1.905e-77	7.84714e-80	3.04666e-82	1.11456e-84	3.84046e-87	1.24585e-89	3.80281e-92	0	
