0	0	0	0	0	0	0	0	0	0	0	0	0	0	0	0	0	0	0	0	0	0	0	0	0	0	0	0	0	0	0	0	0	0	0	0	0	0	0	0	0	0	0	0	0	0	0	0	0	0	0	0	0	0	0	0	0	0	0	0	0	0	0	0	0	0	0	0	0	0	0	0	0	0	0	0	0	0	0	0	0	0	0	0	0	0	0	0	0	0	0	0	0	0	0	0	0	0	0	0	
0	-0.128507	-0.250169	-0.352262	-0.421961	-0.45004	-0.440033	-0.399895	-0.338769	-0.259922	-0.169228	-0.0757897	0.00997677	0.0763576	0.116852	0.136427	0.146523	0.152073	0.150108	0.138362	0.117021	0.0939137	0.0752819	0.0620119	0.0479859	0.0269954	0.00189008	-0.0148324	-0.0146048	-0.00495993	0.00402969	0.00651557	0.00761671	0.0163243	0.0334193	0.050421	0.0615793	0.0691482	0.0763983	0.0832706	0.0869206	0.0846889	0.081669	0.0797758	0.0803172	0.0753543	0.0532788	0.0104439	-0.0426294	-0.097155	-0.147135	-0.191326	-0.222952	-0.238655	-0.237696	-0.222669	-0.197144	-0.16128	-0.11455	-0.0601793	-0.00337037	0.0525814	0.106305	0.147801	0.164858	0.159325	0.140832	0.120503	0.101083	0.075707	0.0448992	0.0143216	-0.00981636	-0.0253795	-0.0415687	-0.0590533	-0.0746476	-0.0818092	-0.0748863	-0.0575432	-0.0349752	-0.0121723	0.00933578	0.0289065	0.0446341	0.0545551	0.0556775	0.0451766	0.026324	0.00499891	-0.0130662	-0.0243098	-0.0283063	-0.0281559	-0.0275137	-0.0265302	-0.0255575	-0.0214372	-0.012042	0	
0	-0.250169	-0.480908	-0.670199	-0.798695	-0.85642	-0.845027	-0.77368	-0.65323	-0.494599	-0.317234	-0.142217	0.0143685	0.138991	0.221104	0.264668	0.284257	0.286777	0.276212	0.25483	0.224992	0.190303	0.15558	0.123374	0.0921078	0.0559414	0.0164687	-0.0130487	-0.0197341	-0.0131915	-0.00121851	0.00833423	0.0198098	0.0406868	0.0696469	0.0938031	0.110369	0.123646	0.138621	0.153068	0.162504	0.165371	0.165233	0.161853	0.156756	0.141993	0.101013	0.0248964	-0.0762998	-0.184257	-0.288355	-0.378255	-0.43986	-0.468492	-0.463633	-0.429775	-0.374425	-0.299975	-0.208273	-0.105124	0.00691689	0.116325	0.214462	0.285688	0.316109	0.311961	0.281156	0.236092	0.182704	0.122227	0.0649291	0.015221	-0.0263292	-0.0590976	-0.0905211	-0.11722	-0.13281	-0.133524	-0.119996	-0.0943825	-0.0592232	-0.0209073	0.0158238	0.0490573	0.0716117	0.0797833	0.0782539	0.0638026	0.0424091	0.0176952	-0.00985508	-0.0306429	-0.0423146	-0.0465946	-0.0443831	-0.0383988	-0.0318036	-0.0230938	-0.0121473	0	
0	-0.352262	-0.670199	-0.923927	-1.09913	-1.18386	-1.17886	-1.08497	-0.915757	-0.688603	-0.438019	-0.198218	0.0114098	0.177806	0.293115	0.361368	0.393412	0.393827	0.370175	0.340844	0.311269	0.280486	0.240459	0.193505	0.146427	0.100542	0.0542708	0.0158055	-0.00376722	-0.00967313	-0.00145806	0.0150863	0.037539	0.0663423	0.0976013	0.123201	0.144566	0.168604	0.193121	0.213551	0.231037	0.244327	0.256153	0.252084	0.232691	0.195909	0.129793	0.0214821	-0.118958	-0.276961	-0.426084	-0.549325	-0.628398	-0.663352	-0.653546	-0.599713	-0.51295	-0.404545	-0.277417	-0.130821	0.0282073	0.180628	0.310445	0.399123	0.437151	0.436459	0.398922	0.328547	0.238812	0.14247	0.0604505	-0.00452462	-0.0593797	-0.102551	-0.141207	-0.161563	-0.162318	-0.149465	-0.125011	-0.0961528	-0.0609017	-0.0203288	0.0211028	0.0547376	0.0721893	0.0756681	0.0702554	0.0550718	0.0350398	0.0125749	-0.0103662	-0.0290691	-0.0378292	-0.0361337	-0.0280471	-0.0152567	-0.00680592	-0.00250366	0.000558807	0	
0	-0.421961	-0.798695	-1.09913	-1.30824	-1.41494	-1.41267	-1.30412	-1.10466	-0.836107	-0.538038	-0.252136	-0.0064311	0.184895	0.318597	0.405896	0.457446	0.465001	0.436452	0.398261	0.3704	0.347974	0.314356	0.264445	0.210325	0.158807	0.108329	0.0618791	0.0315168	0.0137552	0.0181939	0.0380744	0.0641411	0.0905327	0.116966	0.141115	0.17293	0.212694	0.249638	0.275115	0.294922	0.317495	0.337221	0.32872	0.287234	0.218574	0.118609	-0.0222699	-0.197177	-0.381931	-0.553726	-0.689701	-0.769925	-0.797262	-0.774429	-0.705804	-0.603053	-0.472975	-0.317492	-0.142029	0.0483576	0.225493	0.373178	0.476086	0.523728	0.524991	0.475918	0.385174	0.268423	0.142857	0.0363541	-0.0453343	-0.106617	-0.14608	-0.174562	-0.185906	-0.17558	-0.147504	-0.111497	-0.074235	-0.0360184	-0.00103074	0.029481	0.0571884	0.0718904	0.068643	0.0571556	0.0327979	0.00661799	-0.0154205	-0.034826	-0.0387181	-0.0270285	-0.00797608	0.0127292	0.0277003	0.0299519	0.0241049	0.0133658	0	
0	-0.45004	-0.85642	-1.18386	-1.41494	-1.52961	-1.52586	-1.40895	-1.20135	-0.922324	-0.610538	-0.30961	-0.0491942	0.153537	0.29729	0.397976	0.465744	0.487818	0.463578	0.426561	0.399147	0.382501	0.355342	0.311958	0.263563	0.217847	0.169608	0.121036	0.0846332	0.0603491	0.0614412	0.0804526	0.103116	0.121446	0.137999	0.159	0.196653	0.25174	0.30308	0.335524	0.357354	0.373696	0.383602	0.354484	0.284708	0.183993	0.0532135	-0.113797	-0.298676	-0.484833	-0.646374	-0.771052	-0.840005	-0.856944	-0.824126	-0.744708	-0.632193	-0.494093	-0.328654	-0.138783	0.0589282	0.240538	0.397636	0.512091	0.563	0.557202	0.497283	0.395539	0.270444	0.130925	0.00446778	-0.09326	-0.157122	-0.184342	-0.1989	-0.195217	-0.174146	-0.13885	-0.0898088	-0.0415993	0.00144036	0.0361177	0.0622933	0.0791793	0.080406	0.0688022	0.0486727	0.0146596	-0.022457	-0.0528064	-0.0684965	-0.0624885	-0.034564	0.00380699	0.0364877	0.0578692	0.0576564	0.0428862	0.0240343	0	
0	-0.440033	-0.845027	-1.17886	-1.41267	-1.52586	-1.51967	-1.40725	-1.20985	-0.946663	-0.656845	-0.378022	-0.12956	0.0768046	0.232386	0.344035	0.42364	0.458144	0.450992	0.427547	0.409437	0.394822	0.371188	0.336302	0.303122	0.273342	0.237152	0.194408	0.160808	0.135361	0.132664	0.145462	0.16043	0.170447	0.179879	0.19229	0.225627	0.282006	0.340774	0.381171	0.399138	0.400337	0.381848	0.321249	0.222214	0.0972845	-0.0535217	-0.230082	-0.41054	-0.568146	-0.697366	-0.795823	-0.847009	-0.851173	-0.80837	-0.724712	-0.611305	-0.470521	-0.303792	-0.124824	0.0591197	0.226889	0.376186	0.487946	0.536588	0.528882	0.468747	0.372266	0.249405	0.106573	-0.0229435	-0.120701	-0.18256	-0.206395	-0.21494	-0.206652	-0.176917	-0.127631	-0.0685555	-0.0101181	0.0440386	0.0845494	0.108196	0.119501	0.110156	0.079343	0.0426373	-0.004394	-0.0478062	-0.0788409	-0.0982263	-0.0909162	-0.0574397	-0.0126089	0.0316133	0.0623619	0.0676377	0.0549949	0.0306177	0	
0	-0.399895	-0.77368	-1.08497	-1.30412	-1.40895	-1.40725	-1.31099	-1.14123	-0.916712	-0.676027	-0.446239	-0.228951	-0.0299025	0.132371	0.254111	0.343531	0.394212	0.407231	0.4065	0.402423	0.395524	0.377204	0.35403	0.336749	0.323517	0.299682	0.268018	0.24546	0.226821	0.221843	0.22332	0.225434	0.227703	0.232446	0.238886	0.260336	0.306925	0.361714	0.399205	0.409647	0.386596	0.336352	0.242998	0.120045	-0.0198172	-0.178374	-0.354749	-0.513573	-0.635212	-0.715609	-0.770055	-0.791611	-0.783182	-0.739189	-0.653265	-0.535817	-0.398706	-0.249054	-0.093059	0.0619537	0.203612	0.329121	0.417595	0.449106	0.440726	0.396236	0.316655	0.208848	0.0793632	-0.0378983	-0.127782	-0.189336	-0.219097	-0.234821	-0.222478	-0.182066	-0.122619	-0.0516402	0.0146082	0.0732784	0.120507	0.151433	0.162092	0.14263	0.100828	0.0517578	-0.0065957	-0.0592792	-0.0986368	-0.120275	-0.11574	-0.0828647	-0.0329627	0.0154018	0.0537766	0.0655288	0.0548373	0.0327779	0	
0	-0.338769	-0.65323	-0.915757	-1.10466	-1.20135	-1.20985	-1.14123	-1.01573	-0.848329	-0.668231	-0.490829	-0.311242	-0.134736	0.0195741	0.145669	0.251727	0.322379	0.357452	0.374662	0.386576	0.389874	0.3821	0.369344	0.363177	0.357136	0.338476	0.314718	0.306742	0.304426	0.307207	0.30563	0.298987	0.293612	0.294211	0.292315	0.301069	0.332027	0.370783	0.392692	0.379779	0.330964	0.251952	0.134929	-0.00378604	-0.148247	-0.300646	-0.459668	-0.595814	-0.680045	-0.716055	-0.722442	-0.701998	-0.66641	-0.609537	-0.522368	-0.409335	-0.283377	-0.155819	-0.0351567	0.0847518	0.187338	0.270966	0.323584	0.33744	0.33093	0.29827	0.235684	0.144452	0.0327292	-0.0661779	-0.141899	-0.198458	-0.230087	-0.250053	-0.244826	-0.205664	-0.137899	-0.0576563	0.0181153	0.0869434	0.141427	0.1774	0.196918	0.186512	0.144122	0.087894	0.017277	-0.0497302	-0.1002	-0.13245	-0.132328	-0.0992758	-0.050993	-0.00157526	0.0353301	0.0451144	0.0381148	0.0214931	0	
0	-0.259922	-0.494599	-0.688603	-0.836107	-0.922324	-0.946663	-0.916712	-0.848329	-0.745078	-0.622226	-0.491016	-0.352076	-0.211904	-0.0827353	0.0394405	0.158298	0.249294	0.300966	0.333317	0.357802	0.37415	0.376464	0.373673	0.374224	0.373953	0.359426	0.342574	0.348026	0.363711	0.383905	0.392463	0.387018	0.375188	0.362729	0.346206	0.338519	0.352533	0.371691	0.367661	0.328886	0.253246	0.151336	0.0143939	-0.136336	-0.278616	-0.412958	-0.545596	-0.648963	-0.70145	-0.699046	-0.661263	-0.596001	-0.52225	-0.441094	-0.341786	-0.232855	-0.128674	-0.0343511	0.0510547	0.125215	0.175837	0.207973	0.221064	0.212457	0.198505	0.171992	0.124564	0.0570684	-0.0313827	-0.114749	-0.182279	-0.23169	-0.258935	-0.278594	-0.272865	-0.233069	-0.162919	-0.0744593	0.0134731	0.0942884	0.161871	0.21085	0.238806	0.232317	0.194888	0.139972	0.0622489	-0.018976	-0.0894072	-0.137846	-0.149134	-0.121138	-0.0709264	-0.0228704	0.0133946	0.024426	0.01947	0.01199	0	
0	-0.169228	-0.317234	-0.438019	-0.538038	-0.610538	-0.656845	-0.676027	-0.668231	-0.622226	-0.548298	-0.461585	-0.365712	-0.265701	-0.165022	-0.0553229	0.0678528	0.169895	0.234093	0.276513	0.31437	0.343578	0.358291	0.361702	0.368382	0.376977	0.376406	0.37437	0.392231	0.421739	0.456939	0.481166	0.484505	0.467105	0.438014	0.399101	0.370977	0.365443	0.36025	0.329607	0.263411	0.168249	0.0497296	-0.10328	-0.267494	-0.410535	-0.526457	-0.625291	-0.69414	-0.711624	-0.675372	-0.599411	-0.489491	-0.368188	-0.24676	-0.132985	-0.0363258	0.0389951	0.0973822	0.137372	0.15914	0.149732	0.128586	0.1052	0.0770032	0.0554329	0.0337449	0.00505365	-0.0400324	-0.108689	-0.178316	-0.23464	-0.277322	-0.301476	-0.318767	-0.312309	-0.270022	-0.193497	-0.0943863	0.00840236	0.108942	0.194662	0.255606	0.293337	0.294534	0.25736	0.196269	0.108491	0.0108176	-0.0778049	-0.144944	-0.171815	-0.15272	-0.106914	-0.0529403	-0.00740223	0.0111919	0.0138045	0.00869208	0	
0	-0.0757897	-0.142217	-0.198218	-0.252136	-0.30961	-0.378022	-0.446239	-0.490829	-0.491016	-0.461585	-0.420122	-0.366163	-0.298503	-0.221432	-0.125653	-0.00832238	0.0937215	0.157859	0.20299	0.249113	0.293909	0.321131	0.332909	0.345113	0.368581	0.391477	0.41223	0.443957	0.479776	0.521588	0.554931	0.563382	0.54093	0.495001	0.437357	0.391065	0.365454	0.335829	0.27719	0.188359	0.0762551	-0.0569527	-0.222953	-0.395539	-0.536718	-0.639438	-0.714347	-0.747193	-0.722306	-0.642479	-0.523397	-0.367805	-0.197824	-0.039948	0.0871555	0.167405	0.203145	0.210347	0.196621	0.161984	0.106792	0.0507443	0.000278445	-0.0474756	-0.0775535	-0.091863	-0.104254	-0.131065	-0.184197	-0.240141	-0.288488	-0.328118	-0.35438	-0.372879	-0.365195	-0.319642	-0.235532	-0.125673	-0.00595903	0.113447	0.220756	0.306001	0.361981	0.370518	0.331698	0.259974	0.153943	0.0370128	-0.0719541	-0.157896	-0.199555	-0.189151	-0.142046	-0.0842143	-0.0313502	-0.00198616	0.00769321	0.00807703	0	
0	0.00997677	0.0143685	0.0114098	-0.0064311	-0.0491942	-0.12956	-0.228951	-0.311242	-0.352076	-0.365712	-0.366163	-0.344493	-0.298679	-0.235428	-0.150959	-0.0458138	0.0419167	0.0926688	0.129124	0.176971	0.229315	0.269405	0.292551	0.318939	0.359751	0.404152	0.444045	0.486193	0.527708	0.57154	0.604852	0.609526	0.575706	0.51589	0.444256	0.384551	0.342004	0.289618	0.207288	0.097264	-0.0295171	-0.169996	-0.335584	-0.501732	-0.633493	-0.7227	-0.777677	-0.78288	-0.720215	-0.594413	-0.42522	-0.221239	-0.00997443	0.174915	0.303272	0.361709	0.356672	0.307114	0.23091	0.147888	0.0621642	-0.0117028	-0.0766366	-0.135797	-0.170054	-0.180407	-0.186223	-0.207411	-0.250516	-0.298559	-0.341307	-0.38077	-0.412913	-0.44018	-0.4409	-0.397175	-0.306079	-0.179672	-0.0425975	0.0981302	0.231908	0.342318	0.419993	0.44157	0.40214	0.317969	0.195957	0.0589035	-0.0678657	-0.164037	-0.210485	-0.200332	-0.154008	-0.0943569	-0.0408184	-0.0140386	-0.00406307	-0.000731015	0	
0	0.0763576	0.138991	0.177806	0.184895	0.153537	0.0768046	-0.0299025	-0.134736	-0.211904	-0.265701	-0.298503	-0.298679	-0.263598	-0.204874	-0.128319	-0.0417022	0.0223121	0.0541293	0.0794998	0.119979	0.171908	0.220739	0.264843	0.312068	0.367956	0.419913	0.464571	0.512135	0.559258	0.602455	0.627208	0.616489	0.568019	0.49474	0.412691	0.339971	0.279808	0.209225	0.11277	-0.00649208	-0.136123	-0.27377	-0.423795	-0.566543	-0.675589	-0.750099	-0.791397	-0.775313	-0.679389	-0.514263	-0.304323	-0.0651578	0.16968	0.36056	0.483776	0.525765	0.486854	0.387913	0.260548	0.136872	0.0309455	-0.0541466	-0.126617	-0.186994	-0.220597	-0.231146	-0.236313	-0.253178	-0.291958	-0.336842	-0.383074	-0.431616	-0.479334	-0.523407	-0.537568	-0.496751	-0.396864	-0.260081	-0.104122	0.0603228	0.216562	0.346977	0.435519	0.462905	0.428875	0.347745	0.224722	0.0851387	-0.0447971	-0.143163	-0.186941	-0.170934	-0.117975	-0.0600669	-0.0166258	0.000956427	0.00308234	0.00238893	0	
0	0.116852	0.221104	0.293115	0.318597	0.29729	0.232386	0.132371	0.0195741	-0.0827353	-0.165022	-0.221432	-0.235428	-0.204874	-0.147244	-0.0791947	-0.0135335	0.02925	0.0470681	0.062994	0.0960135	0.145134	0.204621	0.266677	0.329862	0.388931	0.435965	0.476434	0.52416	0.572991	0.609836	0.61798	0.589426	0.526259	0.442649	0.347971	0.25776	0.178734	0.097144	-0.00122607	-0.114349	-0.233154	-0.351203	-0.473966	-0.587894	-0.673958	-0.728805	-0.752413	-0.718263	-0.602096	-0.409602	-0.170116	0.0863653	0.322704	0.5046	0.611324	0.631747	0.565927	0.434715	0.27776	0.132192	0.00895484	-0.0861352	-0.157382	-0.209202	-0.236456	-0.245053	-0.251653	-0.270499	-0.307481	-0.356116	-0.40884	-0.469187	-0.537787	-0.602334	-0.629222	-0.596001	-0.502568	-0.361178	-0.19412	-0.0149874	0.155641	0.294891	0.39399	0.43595	0.418203	0.352393	0.245069	0.116747	-0.00423563	-0.0911659	-0.125579	-0.104607	-0.0515271	0.00622958	0.0482118	0.0580363	0.0453825	0.0241236	0	
0	0.136427	0.264668	0.361368	0.405896	0.397976	0.344035	0.254111	0.145669	0.0394405	-0.0553229	-0.125653	-0.150959	-0.128319	-0.0791947	-0.0240119	0.027443	0.0587446	0.0690331	0.0807635	0.114351	0.168917	0.23246	0.296342	0.356529	0.409019	0.447755	0.481568	0.524019	0.56884	0.596261	0.591091	0.547434	0.472956	0.377307	0.26863	0.161976	0.0700471	-0.0166012	-0.11012	-0.214311	-0.316448	-0.411842	-0.501904	-0.580767	-0.636452	-0.670011	-0.674483	-0.622125	-0.486281	-0.277347	-0.0281859	0.227666	0.45239	0.613074	0.692952	0.683136	0.587316	0.436071	0.268565	0.112968	-0.0180282	-0.116428	-0.181491	-0.219469	-0.235813	-0.239774	-0.244865	-0.26603	-0.309094	-0.360965	-0.419324	-0.49143	-0.574453	-0.651684	-0.695833	-0.683901	-0.607157	-0.478385	-0.314433	-0.134563	0.0402156	0.197032	0.319904	0.389561	0.399498	0.355607	0.267582	0.157196	0.051541	-0.0270154	-0.0578962	-0.034868	0.0212533	0.0794477	0.114975	0.116106	0.0900086	0.0486166	0	
0	0.146523	0.284257	0.393412	0.457446	0.465744	0.42364	0.343531	0.251727	0.158298	0.0678528	-0.00832238	-0.0458138	-0.0417022	-0.0135335	0.027443	0.0708384	0.0992717	0.109139	0.127847	0.172542	0.231203	0.285325	0.332322	0.378224	0.420147	0.450648	0.475211	0.508039	0.545861	0.568239	0.555021	0.500238	0.411515	0.300065	0.177887	0.0642229	-0.0303866	-0.114485	-0.206315	-0.304034	-0.393103	-0.463842	-0.520457	-0.563449	-0.586332	-0.589089	-0.568245	-0.496218	-0.347375	-0.130605	0.118129	0.358852	0.562678	0.69966	0.749784	0.705345	0.582707	0.416293	0.242395	0.0814772	-0.0529513	-0.149039	-0.206817	-0.234986	-0.240193	-0.231225	-0.229045	-0.250334	-0.294182	-0.351617	-0.416863	-0.494133	-0.584867	-0.675671	-0.742138	-0.75749	-0.706902	-0.597275	-0.451219	-0.280954	-0.0959284	0.0860362	0.241324	0.343248	0.381995	0.362651	0.294489	0.195058	0.0920196	0.0157716	-0.010329	0.0167483	0.0745925	0.130958	0.160005	0.14981	0.109051	0.0562494	0	
0	0.152073	0.286777	0.393827	0.465001	0.487818	0.458144	0.394212	0.322379	0.249294	0.169895	0.0937215	0.0419167	0.0223121	0.02925	0.0587446	0.0992717	0.133763	0.161765	0.202988	0.261383	0.316872	0.356087	0.384236	0.41217	0.437609	0.453894	0.464866	0.481403	0.50543	0.516616	0.494501	0.429704	0.328001	0.202347	0.0728913	-0.0388481	-0.125836	-0.203209	-0.286402	-0.374861	-0.450274	-0.504672	-0.538585	-0.551793	-0.540943	-0.511975	-0.461034	-0.365571	-0.204448	0.00925002	0.240886	0.460122	0.641922	0.757322	0.783992	0.719251	0.580942	0.402294	0.214403	0.0416659	-0.0942501	-0.184956	-0.234802	-0.25361	-0.246249	-0.224245	-0.209624	-0.2216	-0.259823	-0.314684	-0.38039	-0.460347	-0.559826	-0.67043	-0.766463	-0.812367	-0.791885	-0.715139	-0.592184	-0.424574	-0.226655	-0.0235566	0.152123	0.279063	0.346563	0.349412	0.297133	0.205947	0.107437	0.0346481	0.0120337	0.0422933	0.101305	0.155328	0.17588	0.158476	0.114398	0.0584246	0	
0	0.150108	0.276212	0.370175	0.436452	0.463578	0.450992	0.407231	0.357452	0.300966	0.234093	0.157859	0.0926688	0.0541293	0.0470681	0.0690331	0.109139	0.161765	0.220308	0.28633	0.350474	0.404579	0.438787	0.455934	0.463694	0.467378	0.467652	0.462598	0.456149	0.451734	0.438918	0.403321	0.329823	0.218676	0.080743	-0.0538574	-0.159146	-0.234704	-0.293999	-0.357163	-0.423144	-0.480534	-0.523929	-0.547411	-0.543704	-0.507305	-0.447233	-0.368004	-0.254055	-0.0896589	0.113933	0.331405	0.532428	0.697704	0.795202	0.806586	0.731094	0.587053	0.398722	0.197983	0.0152337	-0.120427	-0.205606	-0.251131	-0.262754	-0.247814	-0.219032	-0.19747	-0.198437	-0.222805	-0.264624	-0.319611	-0.396563	-0.506317	-0.637026	-0.755563	-0.829084	-0.846388	-0.806736	-0.705362	-0.54547	-0.348879	-0.140321	0.0494989	0.196623	0.281767	0.296496	0.252291	0.167803	0.0772577	0.0144944	0.00219555	0.0378094	0.100239	0.157188	0.181421	0.168822	0.124079	0.0643906	0	
0	0.138362	0.25483	0.340844	0.398261	0.426561	0.427547	0.4065	0.374662	0.333317	0.276513	0.20299	0.129124	0.0794998	0.062994	0.0807635	0.127847	0.202988	0.28633	0.362841	0.43108	0.491211	0.530609	0.539828	0.531034	0.51582	0.497992	0.471608	0.434195	0.395168	0.357025	0.307201	0.22624	0.105314	-0.0401766	-0.173869	-0.269492	-0.328895	-0.368307	-0.406412	-0.447025	-0.486251	-0.519651	-0.536963	-0.522083	-0.468838	-0.387838	-0.286288	-0.157813	0.00552274	0.198877	0.402877	0.592237	0.73958	0.817568	0.813869	0.734811	0.593147	0.406608	0.205331	0.0230478	-0.11515	-0.207819	-0.257048	-0.270644	-0.255442	-0.227396	-0.203868	-0.19742	-0.205101	-0.226551	-0.264281	-0.332981	-0.445414	-0.58172	-0.710014	-0.805241	-0.852722	-0.837946	-0.759323	-0.625784	-0.453085	-0.255447	-0.0640654	0.0903927	0.184347	0.205853	0.169679	0.0937106	0.0103258	-0.0464188	-0.0524153	-0.00864222	0.0640113	0.132359	0.164216	0.156595	0.116251	0.0595375	0	
0	0.117021	0.224992	0.311269	0.3704	0.399147	0.409437	0.402423	0.386576	0.357802	0.31437	0.249113	0.176971	0.119979	0.0960135	0.114351	0.172542	0.261383	0.350474	0.43108	0.504376	0.572162	0.611628	0.619159	0.605426	0.575111	0.532703	0.477623	0.412616	0.350092	0.292643	0.22786	0.130877	0.00322852	-0.139544	-0.261186	-0.340523	-0.38629	-0.409707	-0.427593	-0.444911	-0.463115	-0.484023	-0.493657	-0.474914	-0.418844	-0.331441	-0.217839	-0.0793015	0.084248	0.26803	0.462407	0.63697	0.76677	0.827168	0.815275	0.734992	0.597554	0.420836	0.233268	0.0561726	-0.0897264	-0.198383	-0.266199	-0.288069	-0.276235	-0.250223	-0.224956	-0.210985	-0.209103	-0.214492	-0.235562	-0.292918	-0.390156	-0.514983	-0.643913	-0.749306	-0.808345	-0.810423	-0.758719	-0.660562	-0.519374	-0.340344	-0.166686	-0.0256622	0.0646307	0.0905305	0.061421	-0.0111369	-0.0936336	-0.150221	-0.151135	-0.0976468	-0.012102	0.0684062	0.109648	0.112405	0.0838327	0.0428618	0	
0	0.0939137	0.190303	0.280486	0.347974	0.382501	0.394822	0.395524	0.389874	0.37415	0.343578	0.293909	0.229315	0.171908	0.145134	0.168917	0.231203	0.316872	0.404579	0.491211	0.572162	0.638572	0.678172	0.690705	0.676549	0.627694	0.555619	0.475459	0.39442	0.317463	0.24362	0.153989	0.0409609	-0.0863161	-0.212172	-0.311875	-0.373016	-0.404576	-0.413039	-0.4117	-0.405968	-0.405048	-0.409109	-0.411742	-0.396428	-0.351561	-0.273371	-0.163405	-0.0263044	0.131484	0.308612	0.491371	0.653282	0.769537	0.825575	0.814303	0.734467	0.599434	0.43156	0.254874	0.0822796	-0.0736256	-0.201581	-0.283064	-0.317995	-0.309551	-0.277555	-0.243017	-0.220942	-0.208551	-0.207512	-0.222926	-0.262883	-0.338399	-0.445005	-0.563266	-0.664899	-0.72976	-0.749758	-0.728523	-0.658546	-0.539229	-0.390665	-0.250618	-0.135163	-0.0594803	-0.0437912	-0.0815325	-0.156061	-0.236898	-0.286287	-0.274477	-0.21148	-0.119317	-0.0290447	0.0272825	0.0495928	0.042513	0.0222732	0	
0	0.0752819	0.15558	0.240459	0.314356	0.355342	0.371188	0.377204	0.3821	0.376464	0.358291	0.321131	0.269405	0.220739	0.204621	0.23246	0.285325	0.356087	0.438787	0.530609	0.611628	0.678172	0.720409	0.733284	0.7084	0.638854	0.546705	0.452088	0.362678	0.278302	0.18856	0.0821226	-0.0412411	-0.160426	-0.267257	-0.344635	-0.384676	-0.398028	-0.386574	-0.363951	-0.341496	-0.324543	-0.31364	-0.304997	-0.29085	-0.263443	-0.213404	-0.128538	-0.00756005	0.140717	0.308688	0.484225	0.637148	0.748538	0.805384	0.797413	0.717355	0.582817	0.421983	0.25394	0.0831563	-0.075777	-0.206631	-0.298941	-0.340908	-0.332917	-0.295507	-0.248389	-0.210752	-0.192455	-0.188529	-0.198729	-0.23188	-0.288848	-0.377095	-0.477322	-0.564054	-0.631533	-0.673972	-0.676546	-0.628661	-0.54156	-0.426785	-0.316633	-0.224234	-0.173736	-0.185593	-0.243026	-0.328544	-0.406485	-0.44522	-0.423432	-0.349668	-0.243326	-0.136575	-0.0637813	-0.0218466	-0.00553069	-0.00165626	0	
0	0.0620119	0.123374	0.193505	0.264445	0.311958	0.336302	0.35403	0.369344	0.373673	0.361702	0.332909	0.292551	0.264843	0.266677	0.296342	0.332322	0.384236	0.455934	0.539828	0.619159	0.690705	0.733284	0.732922	0.690624	0.60902	0.504905	0.399364	0.306132	0.219589	0.130141	0.020735	-0.10116	-0.213209	-0.303087	-0.356257	-0.370384	-0.356244	-0.318905	-0.279624	-0.246334	-0.220669	-0.197569	-0.183371	-0.17569	-0.170331	-0.154043	-0.105315	-0.0101717	0.125681	0.290567	0.458186	0.601976	0.704602	0.755926	0.742614	0.658704	0.526846	0.372676	0.210524	0.04895	-0.096103	-0.214493	-0.295576	-0.337888	-0.331468	-0.292712	-0.242381	-0.198359	-0.168926	-0.156028	-0.160071	-0.181695	-0.22917	-0.302452	-0.380643	-0.454752	-0.527434	-0.583372	-0.605844	-0.591154	-0.543829	-0.463876	-0.37621	-0.306891	-0.281209	-0.312189	-0.386605	-0.483129	-0.572703	-0.620042	-0.594706	-0.509396	-0.385925	-0.260733	-0.167067	-0.101919	-0.0631368	-0.0333056	0	
0	0.0479859	0.0921078	0.146427	0.210325	0.263563	0.303122	0.336749	0.363177	0.374224	0.368382	0.345113	0.318939	0.312068	0.329862	0.356529	0.378224	0.41217	0.463694	0.531034	0.605426	0.676549	0.7084	0.690624	0.638984	0.55057	0.436946	0.32479	0.232344	0.15183	0.0710818	-0.0263669	-0.138633	-0.23731	-0.305896	-0.333421	-0.317274	-0.269943	-0.203741	-0.144138	-0.101175	-0.0730984	-0.054467	-0.0490556	-0.0561725	-0.0772672	-0.0961593	-0.0799053	-0.00868412	0.109536	0.258176	0.415457	0.552118	0.645693	0.685098	0.660315	0.569696	0.436116	0.283261	0.12626	-0.0189228	-0.137515	-0.224254	-0.284586	-0.314329	-0.305893	-0.276116	-0.233705	-0.188378	-0.151747	-0.123209	-0.107933	-0.119277	-0.153502	-0.212674	-0.279977	-0.350403	-0.425963	-0.488161	-0.529292	-0.547736	-0.53565	-0.482809	-0.42305	-0.38118	-0.37424	-0.416683	-0.504175	-0.620895	-0.727116	-0.786065	-0.76868	-0.681771	-0.549015	-0.404902	-0.286143	-0.194343	-0.123226	-0.061409	0	
0	0.0269954	0.0559414	0.100542	0.158807	0.217847	0.273342	0.323517	0.357136	0.373953	0.376977	0.368581	0.359751	0.367956	0.388931	0.409019	0.420147	0.437609	0.467378	0.51582	0.575111	0.627694	0.638854	0.60902	0.55057	0.456785	0.341934	0.235186	0.147381	0.0677798	-0.00306775	-0.0814452	-0.168259	-0.238827	-0.280257	-0.279679	-0.230503	-0.146713	-0.0506889	0.0288026	0.0812288	0.104091	0.107	0.090308	0.0604344	0.0179436	-0.0262131	-0.0431375	-0.00701522	0.0804269	0.207523	0.351961	0.48653	0.577376	0.607195	0.57236	0.476179	0.339295	0.185548	0.0370861	-0.0869208	-0.177552	-0.238549	-0.274962	-0.291318	-0.280052	-0.254484	-0.218282	-0.173438	-0.128885	-0.0868803	-0.0613784	-0.0622663	-0.0864198	-0.136445	-0.198679	-0.267445	-0.3385	-0.400722	-0.452592	-0.488144	-0.493861	-0.467338	-0.440303	-0.426349	-0.438627	-0.50167	-0.615162	-0.748659	-0.868536	-0.939667	-0.926409	-0.841277	-0.708081	-0.555723	-0.414859	-0.292595	-0.188747	-0.0926496	0	
0	0.00189008	0.0164687	0.0542708	0.108329	0.169608	0.237152	0.299682	0.338476	0.359426	0.376406	0.391477	0.404152	0.419913	0.435965	0.447755	0.450648	0.453894	0.467652	0.497992	0.532703	0.555619	0.546705	0.504905	0.436946	0.341934	0.238341	0.142142	0.053168	-0.0315503	-0.0963224	-0.151473	-0.202635	-0.23682	-0.243686	-0.206182	-0.116271	0.00261636	0.123136	0.218092	0.272421	0.285502	0.272117	0.235009	0.181939	0.113601	0.0412138	-0.00601813	-0.00439641	0.0472169	0.146101	0.281058	0.415384	0.501166	0.524254	0.486106	0.38902	0.252466	0.103824	-0.0318265	-0.135272	-0.207856	-0.252078	-0.274899	-0.281399	-0.265502	-0.239284	-0.20047	-0.15027	-0.100711	-0.0559317	-0.028982	-0.0285376	-0.0450257	-0.0871936	-0.144177	-0.204247	-0.266268	-0.324329	-0.376882	-0.413204	-0.428039	-0.426481	-0.425665	-0.436654	-0.480645	-0.573998	-0.708641	-0.856722	-0.983949	-1.05828	-1.05144	-0.972315	-0.84038	-0.681765	-0.530609	-0.393911	-0.264071	-0.133784	0	
0	-0.0148324	-0.0130487	0.0158055	0.0618791	0.121036	0.194408	0.268018	0.314718	0.342574	0.37437	0.41223	0.444045	0.464571	0.476434	0.481568	0.475211	0.464866	0.462598	0.471608	0.477623	0.475459	0.452088	0.399364	0.32479	0.235186	0.142142	0.0505971	-0.0389424	-0.123147	-0.180696	-0.214686	-0.2347	-0.235541	-0.204247	-0.12366	0.00294632	0.148413	0.286577	0.392366	0.451534	0.465611	0.444883	0.387155	0.307068	0.212994	0.114371	0.0377522	0.00851514	0.03053	0.108572	0.230478	0.356236	0.434483	0.45169	0.414138	0.32174	0.187061	0.0430349	-0.0815764	-0.175742	-0.240849	-0.27359	-0.282205	-0.278917	-0.260037	-0.233703	-0.196912	-0.148345	-0.100655	-0.0577014	-0.0313138	-0.0251618	-0.031127	-0.063665	-0.109889	-0.157662	-0.210257	-0.262671	-0.30615	-0.335189	-0.354255	-0.364307	-0.37995	-0.417746	-0.493555	-0.614305	-0.767785	-0.926972	-1.06162	-1.13961	-1.13584	-1.05638	-0.922014	-0.766235	-0.613216	-0.462836	-0.313998	-0.161449	0	
0	-0.0146048	-0.0197341	-0.00376722	0.0315168	0.0846332	0.160808	0.24546	0.306742	0.348026	0.392231	0.443957	0.486193	0.512135	0.52416	0.524019	0.508039	0.481403	0.456149	0.434195	0.412616	0.39442	0.362678	0.306132	0.232344	0.147381	0.053168	-0.0389424	-0.121009	-0.195217	-0.24153	-0.258962	-0.257867	-0.231125	-0.164412	-0.0518432	0.0963467	0.261508	0.419525	0.541914	0.613541	0.63642	0.612087	0.538759	0.433919	0.313781	0.196969	0.108394	0.0621937	0.067248	0.130432	0.237864	0.346622	0.408203	0.414458	0.371872	0.275613	0.142009	0.00544303	-0.114789	-0.208681	-0.272985	-0.302042	-0.304324	-0.29714	-0.280102	-0.257695	-0.225348	-0.181638	-0.138244	-0.0996495	-0.0750947	-0.0653479	-0.0658779	-0.0857294	-0.112755	-0.139359	-0.172089	-0.208155	-0.238105	-0.261634	-0.28359	-0.300004	-0.321129	-0.371051	-0.46231	-0.593571	-0.759931	-0.93218	-1.0751	-1.15852	-1.15822	-1.08361	-0.956518	-0.800791	-0.639948	-0.481352	-0.32397	-0.165058	0	
0	-0.00495993	-0.0131915	-0.00967313	0.0137552	0.0603491	0.135361	0.226821	0.304426	0.363711	0.421739	0.479776	0.527708	0.559258	0.572991	0.56884	0.545861	0.50543	0.451734	0.395168	0.350092	0.317463	0.278302	0.219589	0.15183	0.0677798	-0.0315503	-0.123147	-0.195217	-0.25383	-0.285805	-0.291401	-0.275614	-0.227132	-0.134587	-0.00575351	0.154883	0.337783	0.514283	0.654503	0.742767	0.774067	0.750018	0.669837	0.551526	0.419447	0.297578	0.204415	0.156042	0.160365	0.217411	0.308823	0.394177	0.431427	0.41655	0.357091	0.252224	0.116865	-0.0185338	-0.140512	-0.243031	-0.31642	-0.346397	-0.346865	-0.338695	-0.32275	-0.304131	-0.280035	-0.246	-0.209868	-0.178079	-0.156162	-0.146678	-0.145177	-0.155943	-0.164867	-0.168898	-0.177399	-0.183532	-0.189462	-0.201995	-0.218477	-0.230001	-0.248401	-0.295315	-0.376517	-0.500436	-0.66748	-0.845286	-0.996802	-1.09264	-1.10711	-1.04247	-0.924527	-0.772942	-0.611179	-0.458146	-0.305815	-0.151256	0	
0	0.00402969	-0.00121851	-0.00145806	0.0181939	0.0614412	0.132664	0.221843	0.307207	0.383905	0.456939	0.521588	0.57154	0.602455	0.609836	0.596261	0.568239	0.516616	0.438918	0.357025	0.292643	0.24362	0.18856	0.130141	0.0710818	-0.00306775	-0.0963224	-0.180696	-0.24153	-0.285805	-0.310843	-0.31562	-0.297318	-0.23492	-0.128093	0.0132969	0.185912	0.380915	0.570761	0.727792	0.827473	0.869945	0.857378	0.784384	0.663922	0.532947	0.416919	0.330718	0.287822	0.296962	0.3473	0.420728	0.485587	0.506397	0.472129	0.388426	0.259665	0.107775	-0.0425781	-0.182021	-0.299378	-0.379821	-0.415298	-0.41874	-0.408437	-0.392748	-0.3785	-0.361703	-0.337582	-0.314383	-0.289677	-0.270367	-0.260482	-0.25325	-0.250222	-0.245962	-0.235531	-0.217281	-0.193992	-0.171873	-0.157013	-0.147481	-0.138423	-0.141093	-0.172995	-0.242948	-0.359059	-0.520053	-0.692433	-0.842062	-0.943577	-0.968808	-0.917977	-0.813511	-0.675185	-0.528881	-0.393643	-0.262843	-0.130262	0	
0	0.00651557	0.00833423	0.0150863	0.0380744	0.0804526	0.145462	0.22332	0.30563	0.392463	0.481166	0.554931	0.604852	0.627208	0.61798	0.591091	0.555021	0.494501	0.403321	0.307201	0.22786	0.153989	0.0821226	0.020735	-0.0263669	-0.0814452	-0.151473	-0.214686	-0.258962	-0.291401	-0.31562	-0.32883	-0.312822	-0.248308	-0.132012	0.0194258	0.195783	0.390696	0.586818	0.751047	0.856673	0.9094	0.913145	0.855485	0.753101	0.643867	0.546246	0.473289	0.440303	0.447578	0.486579	0.546913	0.599971	0.612038	0.566137	0.459906	0.303691	0.119453	-0.0666681	-0.234642	-0.36932	-0.461545	-0.503501	-0.509396	-0.500931	-0.484965	-0.471121	-0.459389	-0.446152	-0.432419	-0.419608	-0.406513	-0.392035	-0.374964	-0.358959	-0.343457	-0.320101	-0.283538	-0.230285	-0.172541	-0.113223	-0.0538971	-0.00755057	0.0150562	-0.00263057	-0.0686116	-0.183943	-0.338461	-0.503248	-0.643915	-0.735414	-0.764276	-0.727257	-0.642347	-0.535664	-0.424208	-0.313935	-0.207608	-0.105339	0	
0	0.00761671	0.0198098	0.037539	0.0641411	0.103116	0.16043	0.225434	0.298987	0.387018	0.484505	0.563382	0.609526	0.616489	0.589426	0.547434	0.500238	0.429704	0.329823	0.22624	0.130877	0.0409609	-0.0412411	-0.10116	-0.138633	-0.168259	-0.202635	-0.2347	-0.257867	-0.275614	-0.297318	-0.312822	-0.304708	-0.244676	-0.130823	0.0166039	0.18445	0.375244	0.571476	0.731716	0.833993	0.894233	0.90705	0.866045	0.791058	0.712144	0.641734	0.594236	0.577831	0.59326	0.632878	0.687494	0.736019	0.746617	0.683403	0.550944	0.365053	0.143983	-0.0788997	-0.274282	-0.429212	-0.533303	-0.588096	-0.605082	-0.597419	-0.58411	-0.571948	-0.561218	-0.553825	-0.552461	-0.549839	-0.541132	-0.524664	-0.49756	-0.468454	-0.443208	-0.405449	-0.341471	-0.259241	-0.161526	-0.0508225	0.0534627	0.139083	0.191703	0.196525	0.142397	0.0264239	-0.1252	-0.283161	-0.420801	-0.513986	-0.550835	-0.533233	-0.476514	-0.402148	-0.322654	-0.239155	-0.159403	-0.0826913	0	
0	0.0163243	0.0406868	0.0663423	0.0905327	0.121446	0.170447	0.227703	0.293612	0.375188	0.467105	0.54093	0.575706	0.568019	0.526259	0.472956	0.411515	0.328001	0.218676	0.105314	0.00322852	-0.0863161	-0.160426	-0.213209	-0.23731	-0.238827	-0.23682	-0.235541	-0.231125	-0.227132	-0.23492	-0.248308	-0.244676	-0.198433	-0.105692	0.0177709	0.168639	0.349194	0.531944	0.676593	0.773166	0.830526	0.84539	0.820764	0.768774	0.714046	0.677108	0.665461	0.680535	0.724142	0.785266	0.848657	0.892136	0.885076	0.80298	0.652123	0.441873	0.18909	-0.0662025	-0.28892	-0.46433	-0.584033	-0.652612	-0.675595	-0.674985	-0.6693	-0.659981	-0.653184	-0.654661	-0.657712	-0.663169	-0.659121	-0.633457	-0.598621	-0.559873	-0.518732	-0.460229	-0.372627	-0.259844	-0.12405	0.0262729	0.166246	0.285311	0.371103	0.397208	0.355005	0.252043	0.108733	-0.0532011	-0.206433	-0.321985	-0.381035	-0.390592	-0.365017	-0.30884	-0.243402	-0.183586	-0.123833	-0.0613206	0	
0	0.0334193	0.0696469	0.0976013	0.116966	0.137999	0.179879	0.232446	0.294211	0.362729	0.438014	0.495001	0.51589	0.49474	0.442649	0.377307	0.300065	0.202347	0.080743	-0.0401766	-0.139544	-0.212172	-0.267257	-0.303087	-0.305896	-0.280257	-0.243686	-0.204247	-0.164412	-0.134587	-0.128093	-0.132012	-0.130823	-0.105692	-0.050377	0.0378436	0.163578	0.314002	0.46303	0.583132	0.665324	0.714624	0.732984	0.721925	0.686592	0.65865	0.658248	0.685238	0.74235	0.829133	0.920587	1.00209	1.04585	1.02454	0.925067	0.760573	0.53597	0.26651	-0.0102591	-0.255153	-0.453416	-0.594558	-0.675451	-0.709422	-0.716572	-0.7175	-0.715401	-0.713555	-0.71964	-0.732283	-0.744413	-0.739158	-0.711477	-0.66861	-0.619022	-0.562583	-0.483271	-0.372752	-0.231838	-0.0653259	0.111865	0.277739	0.426602	0.536321	0.581504	0.555358	0.461172	0.311213	0.129605	-0.0405401	-0.180368	-0.273921	-0.312345	-0.305517	-0.263062	-0.2079	-0.155451	-0.102374	-0.0466351	0	
0	0.050421	0.0938031	0.123201	0.141115	0.159	0.19229	0.238886	0.292315	0.346206	0.399101	0.437357	0.444256	0.412691	0.347971	0.26863	0.177887	0.0728913	-0.0538574	-0.173869	-0.261186	-0.311875	-0.344635	-0.356257	-0.333421	-0.279679	-0.206182	-0.12366	-0.0518432	-0.00575351	0.0132969	0.0194258	0.0166039	0.0177709	0.0378436	0.0929657	0.179601	0.281873	0.385366	0.467553	0.519826	0.553777	0.575237	0.572326	0.553209	0.555805	0.5916	0.657175	0.758213	0.887651	1.02296	1.13155	1.17661	1.1442	1.04069	0.871592	0.640099	0.366662	0.0821611	-0.175081	-0.389437	-0.548783	-0.647451	-0.697394	-0.722655	-0.730076	-0.725406	-0.716992	-0.71797	-0.734526	-0.756728	-0.764613	-0.745909	-0.705295	-0.649796	-0.576677	-0.479036	-0.352513	-0.192453	-0.0092399	0.183674	0.372949	0.547192	0.676762	0.736993	0.716585	0.615947	0.453425	0.257239	0.0668547	-0.098439	-0.218657	-0.279887	-0.287974	-0.264617	-0.221699	-0.162806	-0.108377	-0.0549365	0	
0	0.0615793	0.110369	0.144566	0.17293	0.196653	0.225627	0.260336	0.301069	0.338519	0.370977	0.391065	0.384551	0.339971	0.25776	0.161976	0.0642229	-0.0388481	-0.159146	-0.269492	-0.340523	-0.373016	-0.384676	-0.370384	-0.317274	-0.230503	-0.116271	0.00294632	0.0963467	0.154883	0.185912	0.195783	0.18445	0.168639	0.163578	0.179601	0.217117	0.265942	0.318469	0.349305	0.361266	0.37499	0.385553	0.382188	0.382247	0.415021	0.484506	0.592815	0.737587	0.908433	1.08333	1.21963	1.27343	1.24385	1.13997	0.970742	0.744306	0.477427	0.197904	-0.0648766	-0.293017	-0.467333	-0.581118	-0.649011	-0.685524	-0.691893	-0.679123	-0.658122	-0.651917	-0.672053	-0.706174	-0.726931	-0.721016	-0.688689	-0.634268	-0.561338	-0.464388	-0.334415	-0.16527	0.0301897	0.239733	0.451227	0.644892	0.782385	0.847052	0.824379	0.71052	0.537029	0.329836	0.12029	-0.0640831	-0.201453	-0.28603	-0.315595	-0.305774	-0.271314	-0.209527	-0.144242	-0.077153	0	
0	0.0691482	0.123646	0.168604	0.212694	0.25174	0.282006	0.306925	0.332027	0.352533	0.365443	0.365454	0.342004	0.279808	0.178734	0.0700471	-0.0303866	-0.125836	-0.234704	-0.328895	-0.38629	-0.404576	-0.398028	-0.356244	-0.269943	-0.146713	0.00261636	0.148413	0.261508	0.337783	0.380915	0.390696	0.375244	0.349194	0.314002	0.281873	0.265942	0.262323	0.259346	0.236274	0.209515	0.189992	0.175548	0.163318	0.176031	0.234392	0.345837	0.499073	0.685056	0.893436	1.10527	1.26157	1.32809	1.31216	1.21405	1.04619	0.824053	0.565581	0.297408	0.0435421	-0.18273	-0.354346	-0.476639	-0.556606	-0.599509	-0.60781	-0.585095	-0.552791	-0.540357	-0.558209	-0.59759	-0.630167	-0.636544	-0.617514	-0.57677	-0.515546	-0.429589	-0.303554	-0.136574	0.0599017	0.278085	0.499623	0.704872	0.847436	0.911676	0.886323	0.761237	0.579348	0.364948	0.136346	-0.0674367	-0.223259	-0.333802	-0.386372	-0.382087	-0.343782	-0.27859	-0.196703	-0.10181	0	
0	0.0763983	0.138621	0.193121	0.249638	0.30308	0.340774	0.361714	0.370783	0.371691	0.36025	0.335829	0.289618	0.209225	0.097144	-0.0166012	-0.114485	-0.203209	-0.293999	-0.368307	-0.409707	-0.413039	-0.386574	-0.318905	-0.203741	-0.0506889	0.123136	0.286577	0.419525	0.514283	0.570761	0.586818	0.571476	0.531944	0.46303	0.385366	0.318469	0.259346	0.201059	0.134704	0.0656937	0.00221121	-0.0492082	-0.0772102	-0.0603207	0.021932	0.172791	0.368889	0.590477	0.836519	1.07282	1.24963	1.33865	1.3327	1.23901	1.07322	0.856159	0.613988	0.366244	0.127152	-0.0798572	-0.235411	-0.347481	-0.421937	-0.461386	-0.467118	-0.4449	-0.410771	-0.394046	-0.407116	-0.440482	-0.47234	-0.48717	-0.483401	-0.465172	-0.429493	-0.363077	-0.250249	-0.0978667	0.0885725	0.300783	0.516263	0.715195	0.859251	0.929051	0.904967	0.788668	0.60569	0.378691	0.13812	-0.0905754	-0.27502	-0.408137	-0.477162	-0.476517	-0.435867	-0.360302	-0.252314	-0.128506	0	
0	0.0832706	0.153068	0.213551	0.275115	0.335524	0.381171	0.399205	0.392692	0.367661	0.329607	0.27719	0.207288	0.11277	-0.00122607	-0.11012	-0.206315	-0.286402	-0.357163	-0.406412	-0.427593	-0.4117	-0.363951	-0.279624	-0.144138	0.0288026	0.218092	0.392366	0.541914	0.654503	0.727792	0.751047	0.731716	0.676593	0.583132	0.467553	0.349305	0.236274	0.134704	0.0278286	-0.0823104	-0.190772	-0.273146	-0.32041	-0.305473	-0.206387	-0.0327321	0.185551	0.439	0.713156	0.971117	1.17428	1.29294	1.30712	1.22693	1.07021	0.863117	0.637858	0.405367	0.189119	0.0121052	-0.121186	-0.204461	-0.25508	-0.283253	-0.280442	-0.259863	-0.230806	-0.210294	-0.216361	-0.239126	-0.264639	-0.287947	-0.299018	-0.312518	-0.306826	-0.261387	-0.177449	-0.0471779	0.118446	0.308029	0.509409	0.700931	0.849032	0.925903	0.907715	0.79967	0.61459	0.377133	0.121101	-0.129984	-0.338892	-0.485953	-0.558988	-0.566949	-0.518968	-0.420792	-0.297555	-0.15368	0	
0	0.0869206	0.162504	0.231037	0.294922	0.357354	0.399138	0.409647	0.379779	0.328886	0.263411	0.188359	0.097264	-0.00649208	-0.114349	-0.214311	-0.304034	-0.374861	-0.423144	-0.447025	-0.444911	-0.405968	-0.341496	-0.246334	-0.101175	0.0812288	0.272421	0.451534	0.613541	0.742767	0.827473	0.856673	0.833993	0.773166	0.665324	0.519826	0.361266	0.209515	0.0656937	-0.0823104	-0.236101	-0.378953	-0.488945	-0.553422	-0.540796	-0.437279	-0.26191	-0.0292245	0.247639	0.541969	0.823291	1.05224	1.20313	1.2456	1.19129	1.05824	0.870977	0.661638	0.447973	0.249858	0.0989671	-0.00526082	-0.0632447	-0.0877318	-0.0975444	-0.0810181	-0.0537944	-0.0164605	0.014622	0.0144499	-0.00107851	-0.0282749	-0.0657556	-0.0985412	-0.139556	-0.162238	-0.144093	-0.0872448	0.0137306	0.153239	0.323617	0.509848	0.694903	0.84387	0.92182	0.908008	0.805078	0.621106	0.379625	0.111079	-0.156299	-0.381567	-0.545671	-0.631385	-0.641446	-0.587181	-0.478805	-0.341935	-0.179597	0	
0	0.0846889	0.165371	0.244327	0.317495	0.373696	0.400337	0.386596	0.330964	0.253246	0.168249	0.0762551	-0.0295171	-0.136123	-0.233154	-0.316448	-0.393103	-0.450274	-0.480534	-0.486251	-0.463115	-0.405048	-0.324543	-0.220669	-0.0730984	0.104091	0.285502	0.465611	0.63642	0.774067	0.869945	0.9094	0.894233	0.830526	0.714624	0.553777	0.37499	0.189992	0.00221121	-0.190772	-0.378953	-0.550052	-0.683075	-0.759479	-0.750953	-0.654517	-0.482078	-0.242336	0.0515264	0.359866	0.65954	0.920079	1.10103	1.17731	1.15516	1.05167	0.886624	0.69056	0.494896	0.322964	0.194879	0.112237	0.0735432	0.0682542	0.0762067	0.109234	0.158311	0.208577	0.244718	0.251773	0.233743	0.198437	0.154338	0.100887	0.0361447	-0.00758177	-0.0151686	0.0129279	0.089605	0.208359	0.358006	0.531842	0.712825	0.860503	0.938248	0.932752	0.836731	0.655356	0.41184	0.133559	-0.145418	-0.392335	-0.578161	-0.681211	-0.700608	-0.650083	-0.54335	-0.388464	-0.201831	0	
0	0.081669	0.165233	0.256153	0.337221	0.383602	0.381848	0.336352	0.251952	0.151336	0.0497296	-0.0569527	-0.169996	-0.27377	-0.351203	-0.411842	-0.463842	-0.504672	-0.523929	-0.519651	-0.484023	-0.409109	-0.31364	-0.197569	-0.054467	0.107	0.272117	0.444883	0.612087	0.750018	0.857378	0.913145	0.90705	0.84539	0.732984	0.575237	0.385553	0.175548	-0.0492082	-0.273146	-0.488945	-0.683075	-0.832024	-0.919059	-0.918961	-0.833867	-0.667742	-0.422959	-0.12074	0.203973	0.524519	0.8073	1.01628	1.1283	1.13519	1.05393	0.90764	0.725853	0.550405	0.408072	0.303057	0.23856	0.21136	0.21205	0.233854	0.2805	0.345385	0.405827	0.445188	0.450073	0.432553	0.398381	0.348876	0.285473	0.209648	0.149134	0.120917	0.132691	0.188618	0.287147	0.416721	0.575517	0.74925	0.891595	0.978085	0.991786	0.907745	0.736518	0.501903	0.216376	-0.0843049	-0.356293	-0.564831	-0.693626	-0.734562	-0.696553	-0.592491	-0.425459	-0.223638	0	
