0	0	0	0	0	0	0	0	0	0	0	0	0	0	0	0	0	0	0	0	0	0	0	0	0	0	0	0	0	0	0	0	0	0	0	0	0	0	0	0	0	0	0	0	0	0	0	0	0	0	0	0	0	0	0	0	0	0	0	0	0	0	0	0	0	0	0	0	0	0	0	0	0	0	0	0	0	0	0	0	0	0	0	0	0	0	0	0	0	0	0	0	0	0	0	0	0	0	0	0	
0	0.0338679	0.0615351	0.0788207	0.0908232	0.098963	0.107346	0.113653	0.117239	0.11877	0.118477	0.119328	0.120472	0.12757	0.140502	0.161521	0.182463	0.197742	0.203952	0.203216	0.198542	0.190659	0.178843	0.163263	0.146508	0.126469	0.107373	0.0886295	0.0703799	0.0500977	0.0270094	0.00335416	-0.0168942	-0.039153	-0.0637516	-0.0895671	-0.111039	-0.131561	-0.153453	-0.174661	-0.194062	-0.214321	-0.231599	-0.249262	-0.262305	-0.268474	-0.262944	-0.245365	-0.213073	-0.169651	-0.116587	-0.0615622	-0.00818164	0.0407118	0.0849804	0.118932	0.144543	0.161522	0.165682	0.157568	0.14727	0.135289	0.121281	0.110026	0.095463	0.0773364	0.0578658	0.038981	0.0205712	0.00561999	-0.00519899	-0.00936382	-0.00636819	-0.00149409	0.00338324	0.00714529	0.0112814	0.0197097	0.0289228	0.0310931	0.0295132	0.0242743	0.0120089	-0.00337649	-0.0199451	-0.04057	-0.0668889	-0.0932539	-0.117666	-0.138783	-0.153685	-0.16545	-0.171688	-0.167569	-0.153501	-0.133061	-0.107777	-0.0757251	-0.0388075	0	
0	0.0615351	0.110532	0.139133	0.157172	0.167234	0.178461	0.185355	0.187228	0.18638	0.181349	0.18079	0.181606	0.193883	0.221805	0.262467	0.307587	0.339573	0.354282	0.356175	0.348514	0.3355	0.313737	0.285322	0.252812	0.215591	0.178481	0.141617	0.105717	0.0656186	0.0172949	-0.0284948	-0.0689154	-0.1133	-0.158103	-0.205726	-0.246827	-0.28157	-0.320339	-0.358751	-0.391614	-0.425042	-0.457835	-0.490653	-0.517133	-0.529189	-0.520625	-0.489931	-0.43524	-0.354594	-0.254274	-0.151378	-0.0544234	0.0383066	0.123452	0.189948	0.239398	0.275348	0.287581	0.276549	0.262924	0.244888	0.22654	0.210543	0.190678	0.161812	0.129845	0.0996104	0.0666418	0.0425065	0.0225667	0.0155573	0.0215203	0.0281487	0.0353412	0.0373528	0.040117	0.0506727	0.0624728	0.0616086	0.0531834	0.0395803	0.0126743	-0.0177543	-0.0487549	-0.0888695	-0.135551	-0.180124	-0.220811	-0.253609	-0.278013	-0.295076	-0.298622	-0.290252	-0.266766	-0.228466	-0.184199	-0.129201	-0.0645514	0	
0	0.0788207	0.139133	0.169724	0.184304	0.188587	0.194048	0.194842	0.189287	0.179674	0.167115	0.160687	0.158274	0.175639	0.213291	0.276061	0.341698	0.392307	0.41788	0.423742	0.418268	0.403229	0.376599	0.338348	0.294892	0.241564	0.188704	0.135632	0.0833859	0.0244981	-0.042654	-0.10994	-0.167018	-0.226934	-0.2905	-0.355052	-0.405159	-0.449147	-0.495635	-0.539623	-0.57932	-0.622478	-0.661816	-0.706556	-0.744008	-0.766862	-0.762047	-0.72743	-0.654846	-0.551824	-0.421918	-0.28581	-0.152634	-0.0280061	0.0878168	0.180247	0.254278	0.310232	0.334912	0.329853	0.3221	0.312355	0.300177	0.29547	0.281709	0.255745	0.2235	0.189414	0.152746	0.122442	0.0989753	0.0902568	0.0975231	0.105709	0.109195	0.105376	0.0995149	0.10333	0.108981	0.0957109	0.0736378	0.0447076	0.000788334	-0.045391	-0.0884441	-0.136985	-0.194742	-0.248248	-0.293466	-0.327884	-0.347218	-0.360938	-0.364416	-0.347603	-0.311031	-0.264312	-0.212156	-0.148092	-0.0754749	0	
0	0.0908232	0.157172	0.184304	0.190252	0.181625	0.175203	0.162143	0.141333	0.116743	0.0883095	0.0705973	0.0604129	0.0755932	0.123218	0.199609	0.286613	0.352011	0.386864	0.397236	0.391347	0.37531	0.343523	0.298826	0.246177	0.183229	0.120029	0.05659	-0.00576986	-0.0754217	-0.159013	-0.238484	-0.305677	-0.376187	-0.446082	-0.516955	-0.571684	-0.613066	-0.658613	-0.702984	-0.740141	-0.781921	-0.827554	-0.8804	-0.929703	-0.962436	-0.965454	-0.933201	-0.861606	-0.746813	-0.597092	-0.440528	-0.292067	-0.148052	-0.0107876	0.100754	0.191081	0.264657	0.304348	0.310085	0.316924	0.322631	0.331903	0.348521	0.356816	0.347024	0.327322	0.303775	0.270763	0.245824	0.222284	0.21502	0.224369	0.229084	0.226301	0.208343	0.186938	0.176307	0.167492	0.138058	0.097683	0.0527583	-0.00725232	-0.0653459	-0.114699	-0.170326	-0.230399	-0.280425	-0.32075	-0.347106	-0.358988	-0.363669	-0.355553	-0.335063	-0.297282	-0.247042	-0.197488	-0.137645	-0.0677649	0	
0	0.098963	0.167234	0.188587	0.181625	0.15841	0.135604	0.1061	0.0671904	0.0233298	-0.0228251	-0.0562276	-0.0787487	-0.0680939	-0.0207892	0.0666568	0.163631	0.239149	0.277835	0.286744	0.279508	0.259022	0.223676	0.173121	0.114927	0.0459995	-0.0225079	-0.0895254	-0.153066	-0.225416	-0.309786	-0.390883	-0.457036	-0.523035	-0.591348	-0.659053	-0.705457	-0.738885	-0.776165	-0.811343	-0.844124	-0.88442	-0.929371	-0.990536	-1.05216	-1.10051	-1.11728	-1.09679	-1.02688	-0.913266	-0.761185	-0.600071	-0.442765	-0.292288	-0.148921	-0.0301211	0.0706211	0.157	0.208305	0.227491	0.251967	0.282338	0.320036	0.37082	0.411126	0.430475	0.435368	0.429752	0.411464	0.394294	0.376319	0.370884	0.380182	0.382203	0.367855	0.335335	0.295231	0.266306	0.24174	0.193778	0.137143	0.0774077	0.00475746	-0.0601483	-0.110711	-0.161844	-0.217026	-0.261921	-0.293809	-0.309842	-0.310338	-0.308914	-0.301658	-0.279823	-0.241027	-0.197247	-0.156621	-0.108737	-0.0551485	0	
0	0.107346	0.178461	0.194048	0.175203	0.135604	0.0955999	0.0463536	-0.0134581	-0.0800475	-0.147821	-0.201048	-0.238548	-0.239055	-0.193794	-0.105143	-0.001093	0.0766129	0.114293	0.117624	0.102005	0.0748395	0.0314968	-0.0251843	-0.0874722	-0.159193	-0.226337	-0.288489	-0.344848	-0.406382	-0.48076	-0.550258	-0.601408	-0.652508	-0.70477	-0.757492	-0.788481	-0.805501	-0.828073	-0.853141	-0.877129	-0.914654	-0.965947	-1.03619	-1.11179	-1.17745	-1.21303	-1.20614	-1.151	-1.04389	-0.893	-0.731229	-0.578671	-0.432004	-0.289074	-0.170814	-0.069002	0.0203291	0.0788374	0.108178	0.148892	0.203264	0.273768	0.362528	0.442771	0.499192	0.537372	0.558759	0.560534	0.558448	0.547227	0.544971	0.553084	0.547799	0.521207	0.469262	0.409334	0.362136	0.321015	0.261247	0.193333	0.125917	0.05118	-0.0128691	-0.0582525	-0.103438	-0.151237	-0.18629	-0.211747	-0.224736	-0.222901	-0.219699	-0.214472	-0.200502	-0.170425	-0.136859	-0.111717	-0.078843	-0.0383591	0	
0	0.113653	0.185355	0.194842	0.162143	0.1061	0.0463536	-0.0228971	-0.105527	-0.194672	-0.284959	-0.357346	-0.410403	-0.421141	-0.381151	-0.291642	-0.186421	-0.107316	-0.0740792	-0.0792098	-0.103291	-0.141271	-0.191489	-0.25338	-0.319959	-0.388967	-0.452064	-0.50514	-0.546556	-0.59142	-0.647053	-0.693365	-0.721989	-0.745991	-0.772619	-0.799246	-0.807804	-0.802992	-0.808098	-0.819312	-0.838568	-0.873007	-0.928012	-1.01206	-1.10918	-1.19758	-1.25457	-1.26868	-1.22713	-1.13035	-0.986882	-0.8318	-0.683537	-0.54153	-0.406974	-0.294979	-0.198836	-0.110886	-0.0523141	-0.0174925	0.0353151	0.110408	0.213329	0.34004	0.462239	0.560386	0.635541	0.687904	0.713646	0.726836	0.724291	0.722668	0.72674	0.71307	0.670172	0.600454	0.521109	0.45633	0.404116	0.336243	0.26504	0.197881	0.125282	0.0689709	0.0331582	-0.00303414	-0.0419154	-0.0730621	-0.0963669	-0.106616	-0.107339	-0.111559	-0.116518	-0.11518	-0.0992265	-0.0788948	-0.0652681	-0.0478335	-0.0253307	0	
0	0.117239	0.187228	0.189287	0.141333	0.0671904	-0.0134581	-0.105527	-0.210077	-0.324371	-0.434403	-0.526599	-0.592197	-0.611736	-0.575166	-0.484982	-0.376277	-0.295874	-0.263091	-0.272944	-0.304353	-0.347433	-0.403038	-0.468467	-0.534181	-0.602123	-0.658651	-0.700118	-0.727016	-0.752198	-0.782149	-0.804885	-0.805175	-0.799355	-0.797082	-0.796893	-0.77668	-0.748165	-0.730422	-0.72549	-0.733848	-0.769519	-0.835051	-0.933137	-1.04826	-1.16176	-1.24695	-1.28242	-1.25945	-1.17545	-1.04019	-0.887796	-0.74349	-0.608965	-0.480655	-0.375163	-0.283934	-0.203545	-0.148777	-0.111932	-0.0546775	0.0363361	0.163102	0.323019	0.482276	0.618315	0.729932	0.810337	0.860272	0.88812	0.892537	0.892062	0.890225	0.867236	0.810573	0.723331	0.627833	0.549444	0.486396	0.41635	0.345006	0.278739	0.214696	0.166395	0.137893	0.11175	0.0803989	0.0542454	0.0316441	0.0152311	0.00937338	-7.6097e-05	-0.0175557	-0.027877	-0.0211337	-0.015911	-0.0204509	-0.0180219	-0.00905195	0	
0	0.11877	0.18638	0.179674	0.116743	0.0233298	-0.0800475	-0.194672	-0.324371	-0.460602	-0.591968	-0.699767	-0.774596	-0.799179	-0.760353	-0.665547	-0.549831	-0.461235	-0.424604	-0.433784	-0.465993	-0.51284	-0.568986	-0.632553	-0.697493	-0.757043	-0.805497	-0.835634	-0.847695	-0.855185	-0.868208	-0.868128	-0.847428	-0.816193	-0.786441	-0.754915	-0.711192	-0.65789	-0.618533	-0.59697	-0.597739	-0.625652	-0.692953	-0.8028	-0.940779	-1.07818	-1.18625	-1.24439	-1.24019	-1.16781	-1.03938	-0.89125	-0.749175	-0.614416	-0.49016	-0.387494	-0.30198	-0.227302	-0.177351	-0.143515	-0.0867385	0.00822503	0.150626	0.329663	0.514072	0.678499	0.814621	0.917773	0.984722	1.02343	1.03451	1.03355	1.02805	0.998517	0.931323	0.83307	0.726042	0.636848	0.5677	0.496458	0.426076	0.362559	0.301639	0.258805	0.235321	0.21115	0.184046	0.159509	0.136965	0.123188	0.115798	0.102939	0.0827628	0.0630472	0.0546465	0.0492158	0.0349182	0.0191765	0.00769764	0	
0	0.118477	0.181349	0.167115	0.0883095	-0.0228251	-0.147821	-0.284959	-0.434403	-0.591968	-0.736871	-0.856466	-0.934552	-0.957231	-0.913375	-0.809491	-0.683921	-0.584425	-0.53811	-0.539804	-0.568209	-0.609793	-0.661061	-0.719118	-0.77668	-0.829738	-0.871042	-0.891648	-0.894096	-0.890283	-0.885122	-0.870791	-0.834564	-0.785509	-0.738111	-0.689817	-0.625606	-0.554417	-0.494152	-0.454017	-0.439284	-0.462716	-0.532555	-0.647823	-0.793971	-0.947802	-1.07759	-1.15455	-1.16381	-1.10143	-0.980331	-0.832444	-0.686194	-0.550428	-0.426755	-0.322612	-0.235611	-0.164974	-0.120201	-0.0886631	-0.0394287	0.0532909	0.195248	0.378321	0.569763	0.74263	0.887587	0.995057	1.06804	1.10791	1.12051	1.12064	1.11372	1.08517	1.0183	0.919341	0.81117	0.71945	0.646166	0.574784	0.503197	0.43452	0.37308	0.32861	0.300876	0.279515	0.256882	0.234533	0.215743	0.203054	0.198023	0.188354	0.165344	0.144882	0.134592	0.117592	0.088129	0.0573051	0.0287661	0	
0	0.119328	0.18079	0.160687	0.0705973	-0.0562276	-0.201048	-0.357346	-0.526599	-0.699767	-0.856466	-0.982231	-1.05711	-1.07341	-1.01583	-0.898771	-0.757417	-0.641257	-0.580304	-0.57024	-0.590697	-0.627251	-0.672539	-0.723842	-0.774778	-0.818774	-0.851164	-0.862841	-0.85762	-0.845087	-0.832481	-0.811283	-0.769468	-0.71434	-0.657326	-0.59437	-0.520406	-0.438903	-0.36558	-0.314334	-0.290656	-0.303092	-0.366325	-0.479435	-0.632276	-0.794746	-0.933709	-1.01901	-1.03684	-0.977654	-0.856641	-0.705649	-0.553879	-0.411384	-0.282823	-0.173554	-0.0839052	-0.0157106	0.026219	0.0522489	0.0895303	0.167812	0.296047	0.463731	0.640911	0.801818	0.932737	1.02879	1.09218	1.12434	1.13551	1.13684	1.13476	1.11418	1.05794	0.968815	0.868026	0.780112	0.706715	0.637033	0.564266	0.491544	0.426952	0.378301	0.345567	0.320649	0.298296	0.277782	0.262437	0.255073	0.254907	0.250193	0.231843	0.209959	0.190866	0.167581	0.131367	0.0860639	0.0425992	0	
0	0.120472	0.181606	0.158274	0.0604129	-0.0787487	-0.238548	-0.410403	-0.592197	-0.774596	-0.934552	-1.05711	-1.12195	-1.12167	-1.04685	-0.910402	-0.75247	-0.616912	-0.53932	-0.513851	-0.523961	-0.551555	-0.589302	-0.631576	-0.676406	-0.712795	-0.74084	-0.748523	-0.740968	-0.725546	-0.707889	-0.681893	-0.63955	-0.583435	-0.52532	-0.459964	-0.385139	-0.301685	-0.222358	-0.163135	-0.131552	-0.140426	-0.201063	-0.312282	-0.462642	-0.625943	-0.766853	-0.85614	-0.872204	-0.808878	-0.683768	-0.524937	-0.361352	-0.208451	-0.0761933	0.0393204	0.132459	0.198044	0.233803	0.250805	0.270921	0.32691	0.428517	0.565822	0.711725	0.842266	0.941859	1.00959	1.05072	1.06472	1.06953	1.07223	1.07738	1.07253	1.03645	0.968712	0.886525	0.81082	0.744232	0.679123	0.607086	0.531028	0.462843	0.410178	0.371702	0.346185	0.327423	0.308025	0.295145	0.28971	0.288618	0.282105	0.262252	0.240226	0.216934	0.18773	0.148099	0.0984611	0.0497745	0	
0	0.12757	0.193883	0.175639	0.0755932	-0.0680939	-0.239055	-0.421141	-0.611736	-0.799179	-0.957231	-1.07341	-1.12167	-1.10251	-1.00309	-0.846503	-0.666123	-0.510214	-0.41198	-0.368363	-0.367263	-0.386519	-0.417134	-0.45543	-0.493145	-0.526137	-0.550117	-0.554671	-0.547124	-0.533186	-0.512765	-0.490356	-0.451211	-0.401042	-0.344917	-0.280419	-0.206547	-0.127143	-0.0488072	0.00872034	0.0411746	0.0326618	-0.0293515	-0.139119	-0.289769	-0.45287	-0.595187	-0.680645	-0.690255	-0.616528	-0.479727	-0.306974	-0.125943	0.0391837	0.180351	0.300322	0.393637	0.450133	0.47212	0.472075	0.463601	0.486392	0.547741	0.641479	0.744436	0.832357	0.891815	0.924716	0.937724	0.932361	0.929697	0.935733	0.951996	0.964815	0.955696	0.914844	0.856689	0.80166	0.746844	0.693471	0.631014	0.558711	0.495735	0.444294	0.401815	0.375903	0.355623	0.331706	0.316206	0.305535	0.29782	0.286111	0.261992	0.236862	0.20839	0.175794	0.136353	0.0890049	0.0459841	0	
0	0.140502	0.221805	0.213291	0.123218	-0.0207892	-0.193794	-0.381151	-0.575166	-0.760353	-0.913375	-1.01583	-1.04685	-1.00309	-0.882011	-0.702293	-0.505893	-0.330274	-0.214776	-0.155352	-0.142541	-0.153999	-0.180195	-0.210203	-0.245811	-0.273914	-0.29568	-0.301376	-0.297409	-0.285224	-0.269515	-0.247774	-0.214268	-0.171563	-0.121597	-0.0581468	0.00924934	0.0820663	0.156495	0.211877	0.240813	0.225667	0.161542	0.0466633	-0.109037	-0.277217	-0.417514	-0.503061	-0.506024	-0.419765	-0.267696	-0.076419	0.124504	0.309511	0.45907	0.583045	0.671148	0.711244	0.710471	0.677862	0.631111	0.606762	0.617056	0.659064	0.711614	0.756093	0.773877	0.774019	0.761369	0.736321	0.728042	0.736714	0.762127	0.794181	0.812091	0.803313	0.77837	0.751357	0.722076	0.691193	0.646768	0.591131	0.53769	0.489465	0.446502	0.415319	0.388341	0.355695	0.329327	0.307576	0.28683	0.262541	0.233473	0.206012	0.172261	0.141547	0.110613	0.0704949	0.0361319	0	
0	0.161521	0.262467	0.276061	0.199609	0.0666568	-0.105143	-0.291642	-0.484982	-0.665547	-0.809491	-0.898771	-0.910402	-0.846503	-0.702293	-0.508501	-0.296797	-0.110755	0.0174373	0.0892785	0.108492	0.100791	0.0789632	0.0486944	0.0186653	-0.00818543	-0.0288064	-0.0337445	-0.0321392	-0.0259068	-0.00929288	0.00833131	0.0365096	0.070747	0.115624	0.172982	0.235592	0.302435	0.37053	0.420783	0.447362	0.42785	0.352372	0.229507	0.068226	-0.103014	-0.251623	-0.340031	-0.337743	-0.24063	-0.0735663	0.136515	0.364011	0.569027	0.732412	0.860269	0.941821	0.961519	0.926701	0.853489	0.755299	0.674484	0.624059	0.606942	0.609883	0.610196	0.593487	0.568046	0.534101	0.496597	0.482187	0.492648	0.5258	0.570483	0.615185	0.639783	0.650853	0.66395	0.669741	0.672428	0.661716	0.630773	0.595848	0.556065	0.507983	0.470117	0.430859	0.378612	0.336253	0.29869	0.260346	0.222834	0.188596	0.162457	0.129663	0.0999066	0.0761177	0.0494619	0.0282762	0	
0	0.182463	0.307587	0.341698	0.286613	0.163631	-0.001093	-0.186421	-0.376277	-0.549831	-0.683921	-0.757417	-0.75247	-0.666123	-0.505893	-0.296797	-0.0792412	0.112946	0.247693	0.323862	0.345348	0.336352	0.308923	0.2789	0.246096	0.219269	0.201257	0.195752	0.195817	0.202299	0.216171	0.233947	0.259134	0.285799	0.324561	0.380319	0.439868	0.49953	0.561258	0.607233	0.628255	0.59829	0.520676	0.392607	0.222126	0.0390644	-0.113613	-0.206396	-0.204742	-0.101052	0.0784325	0.306319	0.554142	0.782923	0.961816	1.09518	1.16965	1.16789	1.1006	0.981363	0.831598	0.691237	0.578649	0.505242	0.459527	0.423076	0.379124	0.335117	0.288005	0.239971	0.220553	0.230482	0.263986	0.317626	0.381888	0.436344	0.487262	0.541284	0.590542	0.635505	0.662823	0.668634	0.657663	0.627671	0.582225	0.53494	0.477879	0.408235	0.347556	0.29143	0.235869	0.185527	0.147397	0.120359	0.0875368	0.0626635	0.045416	0.0263664	0.0161093	0	
0	0.197742	0.339573	0.392307	0.352011	0.239149	0.0766129	-0.107316	-0.295874	-0.461235	-0.584425	-0.641257	-0.616912	-0.510214	-0.330274	-0.110755	0.112946	0.305699	0.441922	0.519053	0.538929	0.523056	0.49043	0.452342	0.416238	0.386039	0.365034	0.357602	0.354854	0.357532	0.372505	0.393641	0.419903	0.445425	0.482691	0.537206	0.592951	0.648676	0.703852	0.745861	0.763632	0.731932	0.644306	0.504833	0.328048	0.143035	-0.0174056	-0.118347	-0.118793	-0.0139159	0.171581	0.409389	0.674777	0.91912	1.10931	1.2453	1.31384	1.2955	1.19869	1.04217	0.850668	0.662341	0.499544	0.379276	0.296173	0.230957	0.168048	0.112903	0.0552877	0.000835178	-0.0241392	-0.0185743	0.0134028	0.0681469	0.144859	0.224011	0.306044	0.398422	0.487102	0.568816	0.635683	0.67697	0.692486	0.679215	0.639372	0.592158	0.52941	0.447786	0.375237	0.307776	0.236206	0.16978	0.124102	0.0945074	0.0569941	0.0287414	0.0191846	0.013748	0.0111837	0	
0	0.203952	0.354282	0.41788	0.386864	0.277835	0.114293	-0.0740792	-0.263091	-0.424604	-0.53811	-0.580304	-0.53932	-0.41198	-0.214776	0.0174373	0.247693	0.441922	0.582225	0.661318	0.681277	0.660704	0.618373	0.571593	0.526531	0.488457	0.462788	0.450281	0.443764	0.443434	0.456807	0.480257	0.507394	0.531666	0.569178	0.62577	0.686607	0.74424	0.79584	0.836084	0.849645	0.809814	0.717437	0.576432	0.393568	0.199363	0.0314482	-0.0750743	-0.0816341	0.0208898	0.207208	0.446288	0.71399	0.965157	1.16006	1.29284	1.35065	1.31836	1.20166	1.02196	0.807038	0.590856	0.398486	0.249222	0.142689	0.0578252	-0.0157554	-0.0787508	-0.142713	-0.199589	-0.228009	-0.222196	-0.19123	-0.135321	-0.0519117	0.0403281	0.142107	0.25441	0.364359	0.46759	0.558964	0.630414	0.672837	0.682247	0.663914	0.629413	0.571025	0.492672	0.420942	0.348057	0.264045	0.186794	0.13442	0.0976411	0.0566765	0.0235401	0.00592681	0.000609978	0.00461615	0	
0	0.203216	0.356175	0.423742	0.397236	0.286744	0.117624	-0.0792098	-0.272944	-0.433784	-0.539804	-0.57024	-0.513851	-0.368363	-0.155352	0.0892785	0.323862	0.519053	0.661318	0.741867	0.764429	0.741058	0.693774	0.641391	0.590687	0.547057	0.515827	0.496381	0.481364	0.472594	0.479547	0.501581	0.529712	0.555602	0.593716	0.654288	0.720628	0.78017	0.833994	0.878043	0.894357	0.858045	0.765549	0.616723	0.428414	0.231559	0.058774	-0.0549861	-0.0708215	0.0211317	0.197402	0.429178	0.69034	0.934133	1.12006	1.23885	1.28338	1.2375	1.10792	0.918042	0.698867	0.478868	0.279284	0.123307	0.00803559	-0.0833583	-0.159427	-0.225994	-0.290936	-0.34754	-0.37398	-0.3652	-0.331961	-0.274154	-0.191058	-0.0947794	0.0115315	0.126245	0.238583	0.34328	0.44304	0.532677	0.597032	0.628917	0.636149	0.626323	0.588148	0.527364	0.468378	0.4036	0.321508	0.239322	0.179522	0.135482	0.0857506	0.0426353	0.0232755	0.0182393	0.0131746	0	
0	0.198542	0.348514	0.418268	0.391347	0.279508	0.102005	-0.103291	-0.304353	-0.465993	-0.568209	-0.590697	-0.523961	-0.367263	-0.142541	0.108492	0.345348	0.538929	0.681277	0.764429	0.791594	0.76795	0.719737	0.662868	0.608031	0.561747	0.526229	0.502824	0.483576	0.467928	0.467565	0.48722	0.509866	0.53212	0.566342	0.627307	0.697529	0.767257	0.826334	0.878399	0.900248	0.872747	0.783264	0.640751	0.456076	0.258621	0.0792197	-0.0449403	-0.0753836	0.000561459	0.16212	0.373462	0.612176	0.838801	1.01037	1.11295	1.13924	1.08346	0.948088	0.760778	0.552118	0.342874	0.155837	0.00628677	-0.103987	-0.19222	-0.263814	-0.326653	-0.389077	-0.439408	-0.460518	-0.446815	-0.408438	-0.350569	-0.272947	-0.181249	-0.0826335	0.0200985	0.118785	0.209043	0.302892	0.398228	0.476463	0.532327	0.569348	0.585914	0.57393	0.540029	0.504739	0.457296	0.381668	0.30452	0.250964	0.207887	0.156256	0.102863	0.0661537	0.0466535	0.0278126	0	
0	0.190659	0.3355	0.403229	0.37531	0.259022	0.0748395	-0.141271	-0.347433	-0.51284	-0.609793	-0.627251	-0.551555	-0.386519	-0.153999	0.100791	0.336352	0.523056	0.660704	0.741058	0.76795	0.745183	0.693556	0.635447	0.579936	0.533551	0.499485	0.476468	0.454868	0.435242	0.429807	0.444054	0.464354	0.484013	0.513565	0.570244	0.644274	0.714747	0.778429	0.838471	0.872517	0.858889	0.784537	0.654502	0.477509	0.284044	0.10257	-0.0261075	-0.0748201	-0.0242906	0.104904	0.287327	0.497407	0.698674	0.849992	0.934428	0.950625	0.8905	0.758002	0.582118	0.390192	0.202847	0.035193	-0.0972736	-0.194213	-0.269384	-0.323825	-0.375346	-0.424846	-0.465072	-0.481815	-0.466383	-0.43226	-0.38331	-0.321297	-0.245731	-0.160511	-0.0742212	0.00514574	0.0789388	0.160692	0.253662	0.340714	0.410319	0.470022	0.514931	0.530421	0.526047	0.52041	0.499217	0.446456	0.384737	0.333779	0.289199	0.237194	0.175283	0.124716	0.0900548	0.0505219	0	
0	0.178843	0.313737	0.376599	0.343523	0.223676	0.0314968	-0.191489	-0.403038	-0.568986	-0.661061	-0.672539	-0.589302	-0.417134	-0.180195	0.0789632	0.308923	0.49043	0.618373	0.693774	0.719737	0.693556	0.639802	0.577448	0.517945	0.472475	0.438182	0.416954	0.398515	0.379014	0.37297	0.388164	0.407642	0.427558	0.452365	0.505912	0.577901	0.650584	0.719198	0.784617	0.825523	0.827475	0.769124	0.652638	0.491425	0.308842	0.131857	-0.00773269	-0.0780023	-0.0591844	0.0364885	0.180141	0.350101	0.520733	0.65315	0.729124	0.74115	0.686197	0.566146	0.409463	0.23932	0.0747835	-0.069486	-0.182158	-0.26178	-0.313748	-0.343728	-0.372041	-0.39988	-0.427979	-0.439681	-0.432639	-0.413121	-0.38445	-0.351757	-0.298721	-0.232586	-0.16452	-0.101083	-0.0446198	0.0227097	0.107817	0.195622	0.27734	0.355439	0.421342	0.466765	0.498077	0.525715	0.533013	0.502301	0.456642	0.414631	0.371394	0.313143	0.239068	0.174994	0.123681	0.0653549	0	
0	0.163263	0.285322	0.338348	0.298826	0.173121	-0.0251843	-0.25338	-0.468467	-0.632553	-0.719118	-0.723842	-0.631576	-0.45543	-0.210203	0.0486944	0.2789	0.452342	0.571593	0.641391	0.662868	0.635447	0.577448	0.509283	0.445992	0.397043	0.361869	0.342139	0.324295	0.307523	0.302471	0.318898	0.342771	0.36724	0.393997	0.4478	0.521014	0.597754	0.670128	0.738357	0.786793	0.800608	0.751611	0.651784	0.502996	0.326883	0.14687	0.00156218	-0.0904653	-0.104266	-0.0512519	0.050891	0.183413	0.32536	0.4424	0.513601	0.53167	0.488452	0.388046	0.254727	0.107303	-0.0330275	-0.152408	-0.244463	-0.302819	-0.328115	-0.328696	-0.327055	-0.330317	-0.342144	-0.352494	-0.357835	-0.359209	-0.362055	-0.362662	-0.341187	-0.297993	-0.246301	-0.201923	-0.15882	-0.105372	-0.0338055	0.0521131	0.139538	0.230957	0.318423	0.390854	0.453689	0.514418	0.552817	0.548642	0.518775	0.4788	0.432397	0.37128	0.289934	0.210561	0.144139	0.0765116	0	
0	0.146508	0.252812	0.294892	0.246177	0.114927	-0.0874722	-0.319959	-0.534181	-0.697493	-0.77668	-0.774778	-0.676406	-0.493145	-0.245811	0.0186653	0.246096	0.416238	0.526531	0.590687	0.608031	0.579936	0.517945	0.445992	0.376375	0.324675	0.286755	0.265613	0.249285	0.231288	0.227829	0.244377	0.27191	0.303787	0.337439	0.394474	0.476103	0.559145	0.642126	0.716909	0.77301	0.792861	0.756368	0.66145	0.51475	0.335775	0.151452	-0.0117751	-0.129956	-0.178699	-0.163592	-0.0956933	0.00740406	0.128866	0.236419	0.313649	0.342431	0.31377	0.232303	0.123169	-0.00260361	-0.116806	-0.209967	-0.278582	-0.314745	-0.314927	-0.288542	-0.26214	-0.240969	-0.240383	-0.247943	-0.262249	-0.285051	-0.314327	-0.349798	-0.362227	-0.344717	-0.315415	-0.288602	-0.260205	-0.22187	-0.161913	-0.0793404	0.0123114	0.109945	0.210152	0.303941	0.390233	0.475852	0.539126	0.560551	0.551926	0.521064	0.477288	0.415634	0.331273	0.24539	0.166526	0.086425	0	
0	0.126469	0.215591	0.241564	0.183229	0.0459995	-0.159193	-0.388967	-0.602123	-0.757043	-0.829738	-0.818774	-0.712795	-0.526137	-0.273914	-0.00818543	0.219269	0.386039	0.488457	0.547057	0.561747	0.533551	0.472475	0.397043	0.324675	0.268579	0.228092	0.205399	0.18673	0.169992	0.165549	0.180427	0.212044	0.249597	0.289335	0.356075	0.443021	0.538582	0.638057	0.723577	0.789956	0.820855	0.787319	0.691857	0.540757	0.347554	0.140336	-0.0512035	-0.202069	-0.288294	-0.306872	-0.265364	-0.179621	-0.066848	0.0461777	0.137512	0.182899	0.16732	0.105965	0.0178724	-0.0849812	-0.172422	-0.236164	-0.278667	-0.294775	-0.274119	-0.234873	-0.192104	-0.15868	-0.15087	-0.153911	-0.173137	-0.204907	-0.253536	-0.313346	-0.35515	-0.366461	-0.358984	-0.352963	-0.338085	-0.312504	-0.266407	-0.187502	-0.0946737	0.00254471	0.103254	0.202582	0.30041	0.397925	0.478188	0.526418	0.541276	0.530107	0.505107	0.454338	0.377386	0.290251	0.197087	0.101704	0	
0	0.107373	0.178481	0.188704	0.120029	-0.0225079	-0.226337	-0.452064	-0.658651	-0.805497	-0.871042	-0.851164	-0.74084	-0.550117	-0.29568	-0.0288064	0.201257	0.365034	0.462788	0.515827	0.526229	0.499485	0.438182	0.361869	0.286755	0.228092	0.186388	0.162536	0.144845	0.128142	0.123494	0.137526	0.168601	0.210445	0.259724	0.331963	0.427667	0.538104	0.651766	0.751478	0.831428	0.867599	0.838556	0.742299	0.576164	0.358527	0.120808	-0.108543	-0.296772	-0.419047	-0.471733	-0.452769	-0.37174	-0.252241	-0.127	-0.014021	0.0539228	0.0588151	0.0166508	-0.0506573	-0.131776	-0.19402	-0.230292	-0.25296	-0.252726	-0.224985	-0.183185	-0.136268	-0.0996008	-0.0865671	-0.0858095	-0.0994226	-0.132263	-0.187811	-0.25958	-0.324722	-0.358887	-0.372857	-0.384992	-0.383431	-0.370475	-0.335539	-0.265135	-0.178363	-0.0909871	0.000437631	0.0925289	0.181037	0.279021	0.374259	0.445648	0.48945	0.508409	0.509039	0.480943	0.421128	0.334347	0.229841	0.121162	0	
0	0.0886295	0.141617	0.135632	0.05659	-0.0895254	-0.288489	-0.50514	-0.700118	-0.835634	-0.891648	-0.862841	-0.748523	-0.554671	-0.301376	-0.0337445	0.195752	0.357602	0.450281	0.496381	0.502824	0.476468	0.416954	0.342139	0.265613	0.205399	0.162536	0.1382	0.120301	0.105412	0.102389	0.11538	0.148636	0.195718	0.253003	0.334909	0.438623	0.558169	0.686954	0.800103	0.888381	0.928555	0.900713	0.793164	0.608859	0.365879	0.0957334	-0.170344	-0.394754	-0.554852	-0.636556	-0.631679	-0.554157	-0.432002	-0.291005	-0.149646	-0.0510631	-0.0201667	-0.0353895	-0.0761296	-0.132958	-0.172783	-0.19224	-0.203935	-0.200866	-0.178485	-0.145071	-0.102696	-0.0665828	-0.0521214	-0.0461654	-0.0522344	-0.0814003	-0.134575	-0.206583	-0.279698	-0.325287	-0.349796	-0.371332	-0.381511	-0.385156	-0.36991	-0.316245	-0.246346	-0.179805	-0.106038	-0.0264135	0.0535329	0.144654	0.242785	0.335852	0.407122	0.45296	0.4813	0.47579	0.43482	0.360617	0.253209	0.131918	0	
0	0.0703799	0.105717	0.0833859	-0.00576986	-0.153066	-0.344848	-0.546556	-0.727016	-0.847695	-0.894096	-0.85762	-0.740968	-0.547124	-0.297409	-0.0321392	0.195817	0.354854	0.443764	0.481364	0.483576	0.454868	0.398515	0.324295	0.249285	0.18673	0.144845	0.120301	0.103888	0.09254	0.0926515	0.108158	0.14399	0.195948	0.263615	0.355886	0.465782	0.596811	0.73484	0.85681	0.947594	0.982839	0.943816	0.821896	0.617492	0.349136	0.0501548	-0.246768	-0.495663	-0.67679	-0.777223	-0.791902	-0.720724	-0.592714	-0.436606	-0.272496	-0.141005	-0.0712542	-0.0478319	-0.0554669	-0.0841444	-0.106351	-0.119401	-0.134582	-0.143669	-0.140289	-0.125686	-0.0933266	-0.0619756	-0.0468761	-0.0360619	-0.0350202	-0.0572614	-0.101953	-0.163062	-0.227881	-0.270093	-0.293209	-0.315759	-0.33698	-0.360957	-0.373021	-0.350644	-0.307219	-0.260521	-0.204125	-0.139901	-0.0716986	0.01371	0.114097	0.212074	0.293957	0.36174	0.412558	0.42701	0.405968	0.346301	0.247177	0.12992	0	
0	0.0500977	0.0656186	0.0244981	-0.0754217	-0.225416	-0.406382	-0.59142	-0.752198	-0.855185	-0.890283	-0.845087	-0.725546	-0.533186	-0.285224	-0.0259068	0.202299	0.357532	0.443434	0.472594	0.467928	0.435242	0.379014	0.307523	0.231288	0.169992	0.128142	0.105412	0.09254	0.0874271	0.0914598	0.114702	0.152636	0.211154	0.29046	0.394111	0.511817	0.650216	0.789896	0.915353	0.998261	1.01986	0.96201	0.819074	0.587693	0.2979	-0.0235449	-0.334185	-0.595091	-0.787183	-0.902024	-0.924733	-0.857071	-0.72995	-0.568447	-0.38273	-0.214617	-0.101868	-0.0376233	-0.00818761	-0.00519928	-0.0122475	-0.0235507	-0.0496033	-0.0762225	-0.101221	-0.111099	-0.0964305	-0.0765497	-0.0621694	-0.0499728	-0.0405266	-0.0533301	-0.0851037	-0.127996	-0.177139	-0.207789	-0.22268	-0.241231	-0.27157	-0.315593	-0.353532	-0.363064	-0.350756	-0.327483	-0.284662	-0.229365	-0.174768	-0.103603	-0.0108203	0.0821047	0.164228	0.237828	0.296175	0.325748	0.32464	0.286848	0.210379	0.111193	0	
0	0.0270094	0.0172949	-0.042654	-0.159013	-0.309786	-0.48076	-0.647053	-0.782149	-0.868208	-0.885122	-0.832481	-0.707889	-0.512765	-0.269515	-0.00929288	0.216171	0.372505	0.456807	0.479547	0.467565	0.429807	0.37297	0.302471	0.227829	0.165549	0.123494	0.102389	0.0926515	0.0914598	0.106479	0.136975	0.183158	0.251985	0.342888	0.45632	0.583593	0.719538	0.855561	0.974767	1.04192	1.03943	0.955908	0.784152	0.531068	0.223432	-0.11041	-0.428613	-0.692522	-0.885856	-1.0014	-1.03178	-0.972715	-0.845718	-0.673145	-0.468514	-0.271512	-0.119943	-0.0200701	0.0420921	0.0693822	0.0780986	0.0686167	0.039569	-0.00172604	-0.0525218	-0.0873802	-0.100432	-0.0963673	-0.0904252	-0.0757338	-0.0563047	-0.0559971	-0.0681405	-0.0947656	-0.127155	-0.149569	-0.16078	-0.173829	-0.208329	-0.263809	-0.320438	-0.355278	-0.368569	-0.365121	-0.338126	-0.299212	-0.256174	-0.195531	-0.121529	-0.0489485	0.0204798	0.0863991	0.143905	0.181004	0.192108	0.180911	0.14092	0.0743959	0	
0	0.00335416	-0.0284948	-0.10994	-0.238484	-0.390883	-0.550258	-0.693365	-0.804885	-0.868128	-0.870791	-0.811283	-0.681893	-0.490356	-0.247774	0.00833131	0.233947	0.393641	0.480257	0.501581	0.48722	0.444054	0.388164	0.318898	0.244377	0.180427	0.137526	0.11538	0.108158	0.114702	0.136975	0.180051	0.23695	0.313593	0.41557	0.542287	0.672928	0.805293	0.930732	1.03262	1.0737	1.04443	0.928401	0.730715	0.458543	0.141624	-0.196087	-0.510675	-0.77277	-0.961452	-1.078	-1.11425	-1.05748	-0.923898	-0.739938	-0.521428	-0.298299	-0.117743	0.00517669	0.082117	0.124717	0.142394	0.138327	0.112395	0.0636763	-0.00274835	-0.0625073	-0.102157	-0.119908	-0.122002	-0.102658	-0.0719121	-0.0497955	-0.0427469	-0.0545652	-0.0765637	-0.0993256	-0.113063	-0.127559	-0.161818	-0.216721	-0.276382	-0.326086	-0.361412	-0.372952	-0.362312	-0.343734	-0.320644	-0.279007	-0.222194	-0.173968	-0.128014	-0.0744912	-0.0275524	0.00371783	0.0241784	0.04001	0.0405783	0.0216622	0	
0	-0.0168942	-0.0689154	-0.167018	-0.305677	-0.457036	-0.601408	-0.721989	-0.805175	-0.847428	-0.834564	-0.769468	-0.63955	-0.451211	-0.214268	0.0365096	0.259134	0.419903	0.507394	0.529712	0.509866	0.464354	0.407642	0.342771	0.27191	0.212044	0.168601	0.148636	0.14399	0.152636	0.183158	0.23695	0.300788	0.38784	0.498996	0.630838	0.766809	0.889764	0.995753	1.07407	1.08949	1.02887	0.884694	0.666838	0.386134	0.0668859	-0.266314	-0.572698	-0.827067	-1.00876	-1.12296	-1.1566	-1.09879	-0.957985	-0.763717	-0.529769	-0.290979	-0.0950647	0.0354088	0.117033	0.162372	0.181862	0.18122	0.158761	0.108966	0.0342562	-0.0388939	-0.0993319	-0.132063	-0.139405	-0.117719	-0.0783132	-0.0425588	-0.0213494	-0.0254642	-0.0426347	-0.0652774	-0.0819623	-0.0943591	-0.121741	-0.16687	-0.21939	-0.272901	-0.322983	-0.356203	-0.368761	-0.374633	-0.376819	-0.355011	-0.320782	-0.298192	-0.271585	-0.238084	-0.205966	-0.1781	-0.156189	-0.120539	-0.0736429	-0.0355932	0	
0	-0.039153	-0.1133	-0.226934	-0.376187	-0.523035	-0.652508	-0.745991	-0.799355	-0.816193	-0.785509	-0.71434	-0.583435	-0.401042	-0.171563	0.070747	0.285799	0.445425	0.531666	0.555602	0.53212	0.484013	0.427558	0.36724	0.303787	0.249597	0.210445	0.195718	0.195948	0.211154	0.251985	0.313593	0.38784	0.47833	0.587257	0.718906	0.848535	0.951291	1.03576	1.08585	1.07457	0.992427	0.829568	0.598754	0.314768	-0.00141578	-0.322734	-0.617755	-0.865568	-1.04007	-1.14198	-1.16773	-1.10565	-0.956383	-0.749506	-0.508689	-0.265941	-0.0635213	0.0722935	0.156172	0.199031	0.217564	0.216294	0.192916	0.139403	0.0632015	-0.0155417	-0.0846036	-0.123842	-0.134605	-0.114375	-0.0792717	-0.0421014	-0.0198129	-0.0216701	-0.0326375	-0.0494391	-0.0606271	-0.0689798	-0.0839594	-0.113943	-0.158068	-0.209676	-0.267062	-0.313392	-0.348691	-0.387316	-0.41798	-0.423141	-0.421518	-0.426748	-0.420588	-0.4018	-0.378772	-0.356925	-0.326551	-0.264039	-0.178724	-0.0906489	0	
0	-0.0637516	-0.158103	-0.2905	-0.446082	-0.591348	-0.70477	-0.772619	-0.797082	-0.786441	-0.738111	-0.657326	-0.52532	-0.344917	-0.121597	0.115624	0.324561	0.482691	0.569178	0.593716	0.566342	0.513565	0.452365	0.393997	0.337439	0.289335	0.259724	0.253003	0.263615	0.29046	0.342888	0.41557	0.498996	0.587257	0.68772	0.805159	0.915599	0.993704	1.04903	1.06554	1.03473	0.935618	0.763832	0.533465	0.259814	-0.0461985	-0.355044	-0.643553	-0.881388	-1.04204	-1.13162	-1.14688	-1.07539	-0.919999	-0.713517	-0.47721	-0.236407	-0.0352318	0.104086	0.18893	0.230646	0.247251	0.243179	0.216572	0.160911	0.0910381	0.0159764	-0.0496922	-0.0871025	-0.0994322	-0.0855284	-0.0627	-0.038268	-0.0272102	-0.0350014	-0.046144	-0.0534365	-0.0561666	-0.0583045	-0.058948	-0.0728418	-0.101671	-0.144519	-0.202016	-0.255239	-0.307887	-0.373326	-0.438178	-0.480613	-0.513777	-0.550853	-0.570901	-0.562801	-0.538342	-0.513819	-0.474212	-0.392136	-0.272099	-0.135139	0	
0	-0.0895671	-0.205726	-0.355052	-0.516955	-0.659053	-0.757492	-0.799246	-0.796893	-0.754915	-0.689817	-0.59437	-0.459964	-0.280419	-0.0581468	0.172982	0.380319	0.537206	0.62577	0.654288	0.627307	0.570244	0.505912	0.4478	0.394474	0.356075	0.331963	0.334909	0.355886	0.394111	0.45632	0.542287	0.630838	0.718906	0.805159	0.903631	0.985329	1.03461	1.05142	1.0358	0.983955	0.879447	0.711089	0.492016	0.229075	-0.0638208	-0.357062	-0.63008	-0.851828	-1.00271	-1.08001	-1.0833	-1.01102	-0.866255	-0.671746	-0.442795	-0.213978	-0.0197864	0.121886	0.210273	0.251007	0.264132	0.26299	0.236064	0.188791	0.130905	0.0634921	0.00483255	-0.0345397	-0.050842	-0.0459158	-0.0341315	-0.0224072	-0.0250414	-0.0414753	-0.0582526	-0.0631356	-0.060488	-0.0574266	-0.0474623	-0.0462215	-0.0632859	-0.0966238	-0.145587	-0.203936	-0.269673	-0.349345	-0.437252	-0.512079	-0.581036	-0.648211	-0.693037	-0.70399	-0.685928	-0.655381	-0.599654	-0.497469	-0.350284	-0.174287	0	
0	-0.111039	-0.246827	-0.405159	-0.571684	-0.705457	-0.788481	-0.807804	-0.77668	-0.711192	-0.625606	-0.520406	-0.385139	-0.206547	0.00924934	0.235592	0.439868	0.592951	0.686607	0.720628	0.697529	0.644274	0.577901	0.521014	0.476103	0.443021	0.427667	0.438623	0.465782	0.511817	0.583593	0.672928	0.766809	0.848535	0.915599	0.985329	1.03777	1.05788	1.04574	1.00734	0.944628	0.835905	0.671982	0.463505	0.214457	-0.0578386	-0.327226	-0.577433	-0.777434	-0.909796	-0.971794	-0.972944	-0.910807	-0.787055	-0.613677	-0.405037	-0.191927	-0.0047992	0.136948	0.226744	0.26279	0.278472	0.281837	0.26316	0.230999	0.184995	0.124804	0.0636324	0.0165103	-0.0113701	-0.0148072	-0.00314281	0.00384309	-0.00246583	-0.0229009	-0.0484257	-0.0573046	-0.0575751	-0.0573227	-0.0423655	-0.0323204	-0.0433794	-0.0700643	-0.116054	-0.176782	-0.245358	-0.331284	-0.426863	-0.518146	-0.615677	-0.710764	-0.782536	-0.814361	-0.802994	-0.767723	-0.696876	-0.574688	-0.4038	-0.199439	0	
0	-0.131561	-0.28157	-0.449147	-0.613066	-0.738885	-0.805501	-0.802992	-0.748165	-0.65789	-0.554417	-0.438903	-0.301685	-0.127143	0.0820663	0.302435	0.49953	0.648676	0.74424	0.78017	0.767257	0.714747	0.650584	0.597754	0.559145	0.538582	0.538104	0.558169	0.596811	0.650216	0.719538	0.805293	0.889764	0.951291	0.993704	1.03461	1.05788	1.05964	1.03103	0.980539	0.909883	0.806146	0.65458	0.458332	0.220926	-0.0300966	-0.277544	-0.499565	-0.66723	-0.773795	-0.824677	-0.827375	-0.778991	-0.684639	-0.543678	-0.360292	-0.164353	0.00848309	0.146199	0.237371	0.27958	0.304178	0.318741	0.314645	0.297449	0.259462	0.197329	0.128475	0.0663058	0.0209115	0.00936275	0.0228383	0.0327384	0.0311284	0.0131389	-0.0159337	-0.0319257	-0.0411868	-0.04825	-0.0404215	-0.0313457	-0.0357089	-0.0572092	-0.0998545	-0.162721	-0.236919	-0.320911	-0.419404	-0.525308	-0.634418	-0.746285	-0.842844	-0.887457	-0.875548	-0.830841	-0.74268	-0.604585	-0.425205	-0.21373	0	
0	-0.153453	-0.320339	-0.495635	-0.658613	-0.776165	-0.828073	-0.808098	-0.730422	-0.618533	-0.494152	-0.36558	-0.222358	-0.0488072	0.156495	0.37053	0.561258	0.703852	0.79584	0.833994	0.826334	0.778429	0.719198	0.670128	0.642126	0.638057	0.651766	0.686954	0.73484	0.789896	0.855561	0.930732	0.995753	1.03576	1.04903	1.05142	1.04574	1.03103	0.993415	0.945251	0.884615	0.794195	0.656623	0.473389	0.252396	0.0203508	-0.205335	-0.394759	-0.533676	-0.623451	-0.669322	-0.673081	-0.639369	-0.571136	-0.461826	-0.308157	-0.139831	0.0127855	0.143906	0.241756	0.301448	0.347699	0.382144	0.3965	0.391144	0.353156	0.286578	0.207212	0.129504	0.064394	0.0399423	0.0499372	0.0598265	0.0648306	0.0545709	0.0306919	0.0100202	-0.00829415	-0.0264905	-0.0366234	-0.0375387	-0.0421286	-0.0563351	-0.0901462	-0.154944	-0.232419	-0.317739	-0.422157	-0.534107	-0.64899	-0.765139	-0.864971	-0.919839	-0.907667	-0.84043	-0.733123	-0.585035	-0.400954	-0.198947	0	
0	-0.174661	-0.358751	-0.539623	-0.702984	-0.811343	-0.853141	-0.819312	-0.72549	-0.59697	-0.454017	-0.314334	-0.163135	0.00872034	0.211877	0.420783	0.607233	0.745861	0.836084	0.878043	0.878399	0.838471	0.784617	0.738357	0.716909	0.723577	0.751478	0.800103	0.85681	0.915353	0.974767	1.03262	1.07407	1.08585	1.06554	1.0358	1.00734	0.980539	0.945251	0.908239	0.85349	0.777013	0.660669	0.50135	0.303343	0.0990818	-0.0979703	-0.264068	-0.39149	-0.474253	-0.518148	-0.530062	-0.508712	-0.458244	-0.376288	-0.254964	-0.115337	0.0184999	0.139387	0.245243	0.329469	0.402368	0.457923	0.489771	0.493313	0.454884	0.384758	0.298465	0.207648	0.126292	0.089292	0.0909921	0.102061	0.11155	0.108938	0.0924063	0.0661155	0.0381487	0.00318834	-0.0318534	-0.0515251	-0.0600175	-0.0656051	-0.0911966	-0.149972	-0.226243	-0.319634	-0.43271	-0.547432	-0.659415	-0.767245	-0.852167	-0.892517	-0.871931	-0.79602	-0.680643	-0.533622	-0.36548	-0.185859	0	
0	-0.194062	-0.391614	-0.57932	-0.740141	-0.844124	-0.877129	-0.838568	-0.733848	-0.597739	-0.439284	-0.290656	-0.131552	0.0411746	0.240813	0.447362	0.628255	0.763632	0.849645	0.894357	0.900248	0.872517	0.825523	0.786793	0.77301	0.789956	0.831428	0.888381	0.947594	0.998261	1.04192	1.0737	1.08949	1.07457	1.03473	0.983955	0.944628	0.909883	0.884615	0.85349	0.810932	0.750319	0.658049	0.525619	0.365615	0.195512	0.0226354	-0.125819	-0.243683	-0.32183	-0.377277	-0.403017	-0.394775	-0.360715	-0.304263	-0.212462	-0.0926456	0.0269268	0.142931	0.257636	0.361437	0.453123	0.521861	0.571727	0.586391	0.555831	0.492275	0.403681	0.305104	0.211449	0.161132	0.153564	0.162919	0.172737	0.170716	0.153713	0.124034	0.0910983	0.0482735	-0.0024282	-0.0443942	-0.0649765	-0.0743621	-0.105309	-0.166428	-0.244723	-0.341964	-0.456274	-0.559893	-0.645468	-0.723969	-0.784981	-0.808287	-0.777804	-0.704155	-0.604324	-0.474986	-0.326809	-0.170252	0	
0	-0.214321	-0.425042	-0.622478	-0.781921	-0.88442	-0.914654	-0.873007	-0.769519	-0.625652	-0.462716	-0.303092	-0.140426	0.0326618	0.225667	0.42785	0.59829	0.731932	0.809814	0.858045	0.872747	0.858889	0.827475	0.800608	0.792861	0.820855	0.867599	0.928555	0.982839	1.01986	1.03943	1.04443	1.02887	0.992427	0.935618	0.879447	0.835905	0.806146	0.794195	0.777013	0.750319	0.706781	0.638506	0.53736	0.413943	0.267499	0.122547	-0.00959683	-0.119957	-0.201914	-0.263575	-0.300747	-0.310936	-0.2954	-0.264222	-0.194067	-0.0870863	0.0349887	0.158966	0.282111	0.399224	0.497525	0.576056	0.637367	0.66272	0.649113	0.597151	0.5148	0.412848	0.311453	0.249968	0.227818	0.233931	0.240915	0.233653	0.216373	0.186778	0.156394	0.116581	0.0570625	-0.00480036	-0.0498782	-0.0868311	-0.136815	-0.203796	-0.281221	-0.373179	-0.474547	-0.553651	-0.607908	-0.650238	-0.675377	-0.677806	-0.644459	-0.579206	-0.496017	-0.394428	-0.278634	-0.147743	0	
0	-0.231599	-0.457835	-0.661816	-0.827554	-0.929371	-0.965947	-0.928012	-0.835051	-0.692953	-0.532555	-0.366325	-0.201063	-0.0293515	0.161542	0.352372	0.520676	0.644306	0.717437	0.765549	0.783264	0.784537	0.769124	0.751611	0.756368	0.787319	0.838556	0.900713	0.943816	0.96201	0.955908	0.928401	0.884694	0.829568	0.763832	0.711089	0.671982	0.65458	0.656623	0.660669	0.658049	0.638506	0.5943	0.527955	0.432742	0.309745	0.182592	0.0537773	-0.0552427	-0.132969	-0.190176	-0.237872	-0.263106	-0.267229	-0.255661	-0.202698	-0.100799	0.0288218	0.159162	0.291356	0.41671	0.523286	0.610608	0.677526	0.714533	0.717759	0.685263	0.619998	0.52776	0.431752	0.357701	0.31667	0.310102	0.305535	0.294282	0.275438	0.251285	0.23073	0.192892	0.130707	0.053216	-0.0202097	-0.0853338	-0.161777	-0.242172	-0.314898	-0.397564	-0.479332	-0.525731	-0.548125	-0.558849	-0.549458	-0.520629	-0.47587	-0.423055	-0.360183	-0.289441	-0.209631	-0.108793	0	
