0	0	0	0	0	0	0	0	0	0	0	0	0	0	0	0	0	0	0	0	0	0	0	0	0	0	0	0	0	0	0	0	0	0	0	0	0	0	0	0	0	0	0	0	0	0	0	0	0	0	0	0	0	0	0	0	0	0	0	0	0	0	0	0	0	0	0	0	0	0	0	0	0	0	0	0	0	0	0	0	0	0	0	0	0	0	0	0	0	0	0	0	0	0	0	0	0	0	0	0	
0	0.0231339	0.00582446	-0.014232	-0.00567151	0.00515377	-0.00530838	-0.0116476	0.00210395	0.00680872	0.00323275	-0.0067995	-0.0132561	1.71859e-05	0.00763037	-0.00907937	-0.0238253	-0.0255117	-0.0154208	0.00289941	0.0128408	0.000832301	-0.0345275	-0.066577	-0.0901493	-0.103754	-0.0906874	-0.0517628	0.00149	0.052817	0.106461	0.159765	0.198261	0.210131	0.197804	0.175296	0.143467	0.10029	0.0379624	-0.0288708	-0.0903987	-0.123342	-0.133784	-0.116336	-0.0921115	-0.0629012	-0.038266	-0.0206796	-0.00899675	0.000778473	0.00126865	0.00311991	0.00507719	-0.00246187	-0.00248404	0.00172197	-0.00148985	0.00208618	0.015012	0.00680293	-0.00878327	-0.00305929	0.0101498	0.0109137	-0.00220087	-0.00304161	0.0108994	0.00915773	-0.00178475	-0.000587868	0.00934352	0.0157179	0.00672794	-0.00646536	0.00018145	0.0178649	0.0247473	0.0195966	0.00501326	-0.0114223	-0.00781987	0.0214787	0.0565107	0.0842954	0.103374	0.102962	0.0727729	0.0228735	-0.0302305	-0.0846019	-0.143522	-0.197924	-0.233521	-0.248949	-0.254806	-0.255772	-0.241116	-0.194384	-0.10985	0	
0	0.00582446	-0.0131855	-0.00782649	0.00764503	0.00857686	-0.00862783	-0.0164551	0.00399656	0.000145489	-0.00810601	-0.0199821	-0.020475	0.00358696	0.0112139	-0.00983071	-0.0382383	-0.0358424	-0.023029	0.00865184	0.0213731	-0.00529132	-0.0728717	-0.133112	-0.182792	-0.202604	-0.180726	-0.100363	-0.00162954	0.103871	0.207954	0.312356	0.386793	0.408216	0.388623	0.340546	0.281649	0.191064	0.0734551	-0.0588047	-0.173566	-0.238914	-0.253725	-0.224552	-0.171792	-0.120578	-0.0736588	-0.0407667	-0.0245874	-0.00692723	-0.00570791	0.000132035	0.00397156	0.00460283	0.00584388	0.00845894	0.00738677	-0.00264551	0.0051029	0.00881792	0.00168855	0.00778617	0.0132474	0.00577638	-0.00365114	0.00717795	0.0217373	0.00968109	-0.00281107	0.00498422	0.0186121	0.0254856	0.0116875	-0.00726309	0.0047772	0.0340472	0.0452281	0.0351127	0.0091705	-0.0172744	-0.00748837	0.0471898	0.113138	0.166632	0.201566	0.197765	0.138404	0.0417115	-0.0633247	-0.171935	-0.287586	-0.392842	-0.462304	-0.493759	-0.505781	-0.505941	-0.474101	-0.380155	-0.214115	0	
0	-0.014232	-0.00782649	0.00788033	0.00167958	-0.00514739	-0.00355749	-0.00998422	-0.00816352	-0.00369605	-0.0123521	-0.0250766	-0.0174739	-0.000506324	0.00230382	-0.0199573	-0.0479956	-0.0470964	-0.0256319	0.00494632	0.0185161	-0.026336	-0.112363	-0.197603	-0.264459	-0.288004	-0.249233	-0.136912	0.00833657	0.161574	0.31887	0.465158	0.571492	0.601724	0.574661	0.505328	0.411842	0.276734	0.101097	-0.0904056	-0.253763	-0.351766	-0.369741	-0.332217	-0.25501	-0.178762	-0.112278	-0.0614965	-0.0340611	-0.0153321	-0.00401894	-0.00178186	0.0014202	0.0101933	0.00572423	0.00865812	0.0153786	0.00689424	0.00112232	0.00373561	0.0134433	0.0138761	0.00638965	0.00922697	0.0100039	0.0119035	0.0177859	0.0114606	0.00647373	0.0140312	0.0238561	0.0277779	0.0152387	0.00104858	0.0164138	0.0469012	0.0577525	0.0438939	0.0132565	-0.0123765	0.00725568	0.0804133	0.169952	0.244669	0.289211	0.277004	0.190553	0.0525091	-0.102238	-0.264255	-0.432165	-0.581776	-0.682046	-0.730485	-0.748929	-0.744836	-0.69124	-0.549448	-0.307788	0	
0	-0.00567151	0.00764503	0.00167958	-0.0164706	-0.0158318	-0.00379215	-0.00053509	-0.00744304	-0.00359898	-0.0141178	-0.018746	-0.0136112	-0.0168459	-0.0190458	-0.0400311	-0.0555615	-0.0556703	-0.030676	-0.00784289	-0.00409888	-0.0630924	-0.153807	-0.258497	-0.329255	-0.352629	-0.289559	-0.153826	0.0341064	0.232517	0.437481	0.62015	0.746646	0.789395	0.751281	0.665858	0.530351	0.351489	0.119634	-0.124896	-0.329698	-0.457219	-0.482739	-0.435628	-0.344982	-0.241067	-0.156449	-0.0889053	-0.0412232	-0.0193784	0.00226761	0.008294	0.00731838	0.0113117	0.00733213	0.00146233	0.0048665	0.0126397	0.0117836	0.0136818	0.0185999	0.010524	0.00437019	0.0137615	0.0211003	0.0169162	0.0129328	0.0147725	0.0191955	0.0237096	0.0260741	0.0246447	0.0195798	0.019141	0.033681	0.0543422	0.0608614	0.0463636	0.0201692	0.00719667	0.0395485	0.122898	0.22673	0.31532	0.360822	0.334723	0.224232	0.0513307	-0.149935	-0.36288	-0.576274	-0.761875	-0.889207	-0.955477	-0.979947	-0.966741	-0.885668	-0.695836	-0.386952	0	
0	0.00515377	0.00857686	-0.00514739	-0.0158318	-0.00981843	-0.00495852	-0.00375898	-0.01739	-0.0251971	-0.0196217	-0.00812864	-0.0106493	-0.0266712	-0.0332277	-0.0435969	-0.045104	-0.044959	-0.0335246	-0.0247355	-0.0501025	-0.113676	-0.20865	-0.319537	-0.389786	-0.401258	-0.318197	-0.160197	0.0589034	0.303382	0.544436	0.757214	0.894865	0.948828	0.904519	0.79925	0.626076	0.400245	0.123449	-0.161963	-0.398326	-0.541845	-0.576881	-0.517322	-0.415731	-0.290648	-0.188799	-0.109789	-0.0536379	-0.0252266	-0.00757775	0.00367394	0.00599069	0.00398967	0.0145794	0.0102731	0.010194	0.0181754	0.0147546	0.0181722	0.0130799	0.00785053	0.0150076	0.0213393	0.0271421	0.0183712	0.00837795	0.022105	0.0347396	0.0310691	0.0234133	0.02045	0.0299778	0.0443112	0.050755	0.0549464	0.056553	0.0462543	0.0342384	0.0433806	0.0891061	0.17457	0.282441	0.374593	0.411239	0.366902	0.235949	0.0344132	-0.20903	-0.467799	-0.717888	-0.9306	-1.08114	-1.16533	-1.19416	-1.16606	-1.05183	-0.814877	-0.449148	0	
0	-0.00530838	-0.00862783	-0.00355749	-0.00379215	-0.00495852	0.000533667	-0.0108974	-0.0322533	-0.0331802	-0.017166	-0.0071744	-0.0213401	-0.0426253	-0.0537579	-0.0436625	-0.0339846	-0.0363906	-0.0387579	-0.0579352	-0.107615	-0.170505	-0.264213	-0.3641	-0.426988	-0.414552	-0.315433	-0.13849	0.107242	0.388282	0.660091	0.887597	1.03614	1.09351	1.0494	0.918004	0.709514	0.436368	0.121513	-0.193654	-0.455155	-0.610787	-0.65582	-0.594408	-0.4807	-0.34663	-0.225083	-0.135429	-0.0719236	-0.033862	-0.0142301	-0.00269133	0.00733574	0.0087843	0.0165913	0.0199974	0.0200276	0.0195919	0.0121757	0.010628	0.0138444	0.0222699	0.024742	0.0231167	0.0270917	0.0166664	0.0134989	0.0357945	0.0437947	0.0315103	0.0213496	0.0236408	0.04699	0.0681683	0.0621598	0.0508121	0.0495243	0.0491477	0.0600485	0.0958043	0.152645	0.233384	0.334665	0.417813	0.436345	0.371582	0.223489	-0.0015556	-0.281182	-0.577472	-0.854208	-1.08592	-1.256	-1.35669	-1.38659	-1.33766	-1.18591	-0.904468	-0.493553	0	
0	-0.0116476	-0.0164551	-0.00998422	-0.00053509	-0.00375898	-0.0108974	-0.0189358	-0.0201941	-0.0173954	-0.0142257	-0.0175602	-0.0394578	-0.0636663	-0.072716	-0.0467884	-0.0339591	-0.0392883	-0.0609693	-0.111012	-0.173246	-0.234175	-0.314896	-0.391232	-0.433941	-0.392116	-0.279795	-0.0855156	0.181151	0.487898	0.780158	1.01088	1.16729	1.2232	1.17867	1.01803	0.774628	0.457249	0.113524	-0.224295	-0.49952	-0.670492	-0.722226	-0.67048	-0.547648	-0.409733	-0.270946	-0.167445	-0.0910156	-0.0398453	-0.011289	0.00580203	0.0151314	0.0185923	0.0168916	0.0168195	0.0131502	0.01444	0.0175138	0.0172057	0.0250875	0.0331994	0.0274915	0.0179753	0.0186475	0.0261273	0.0364081	0.0423145	0.0369493	0.0307827	0.0292168	0.0378644	0.0648742	0.0821035	0.0664136	0.0465777	0.0458525	0.0616262	0.100983	0.161384	0.224685	0.295418	0.379314	0.440266	0.43375	0.348542	0.185543	-0.0588999	-0.366416	-0.688951	-0.98221	-1.22644	-1.41233	-1.52604	-1.5522	-1.4774	-1.28622	-0.96494	-0.520949	0	
0	0.00210395	0.00399656	-0.00816352	-0.00744304	-0.01739	-0.0322533	-0.0201941	-0.0117625	-0.0168952	-0.0205687	-0.0289102	-0.0481803	-0.0661913	-0.0642193	-0.0420585	-0.0320175	-0.0506679	-0.101729	-0.17754	-0.249458	-0.308759	-0.367452	-0.414641	-0.422574	-0.356995	-0.229014	-0.0208338	0.260294	0.581212	0.87894	1.10926	1.26511	1.32081	1.26654	1.08166	0.801153	0.453072	0.0883006	-0.257237	-0.536588	-0.715252	-0.772606	-0.726056	-0.602406	-0.453596	-0.306687	-0.188807	-0.103133	-0.0466737	-0.0146787	0.0041415	0.0126432	0.0134913	0.0147535	0.0180039	0.0134543	0.0210293	0.0304354	0.0294131	0.0286464	0.0242307	0.022661	0.0224753	0.0284423	0.0443525	0.0449514	0.0341605	0.0342749	0.0388925	0.0435385	0.0577315	0.0781287	0.0837427	0.0658642	0.0470098	0.0524944	0.0901915	0.157316	0.234361	0.298685	0.355071	0.410825	0.438139	0.4031	0.29863	0.121536	-0.138198	-0.46268	-0.798402	-1.09924	-1.35124	-1.54858	-1.6696	-1.68642	-1.58269	-1.35338	-0.99887	-0.533481	0	
0	0.00680872	0.000145489	-0.00369605	-0.00359898	-0.0251971	-0.0331802	-0.0173954	-0.0168952	-0.0280847	-0.0359656	-0.048915	-0.0591629	-0.0559725	-0.0515768	-0.041118	-0.0415336	-0.0791485	-0.155331	-0.245563	-0.320207	-0.372506	-0.402355	-0.410602	-0.378561	-0.293317	-0.14719	0.0706952	0.35891	0.678586	0.970046	1.19656	1.34556	1.39884	1.3271	1.12122	0.808274	0.440754	0.0653695	-0.278223	-0.556866	-0.738947	-0.806693	-0.76732	-0.649023	-0.49622	-0.341341	-0.21473	-0.120368	-0.0588071	-0.023521	-0.00461268	0.00759203	0.0140134	0.016537	0.0273915	0.0283257	0.0267657	0.0302762	0.0283636	0.0250318	0.0248088	0.0303412	0.0326622	0.0403275	0.0520377	0.0415811	0.0307313	0.0401712	0.0509016	0.0636938	0.0780366	0.0803791	0.0755738	0.0664709	0.0577073	0.0764869	0.138185	0.224832	0.307678	0.368063	0.405164	0.422993	0.409488	0.345787	0.223037	0.0318883	-0.237539	-0.565931	-0.901905	-1.20341	-1.45946	-1.66261	-1.78347	-1.78577	-1.65301	-1.39028	-1.01062	-0.534251	0	
0	0.00323275	-0.00810601	-0.0123521	-0.0141178	-0.0196217	-0.017166	-0.0142257	-0.0205687	-0.0359656	-0.0550163	-0.0733733	-0.0618639	-0.0470962	-0.0524386	-0.0559132	-0.0750135	-0.129009	-0.218887	-0.308799	-0.377976	-0.414946	-0.410676	-0.370899	-0.305051	-0.196297	-0.0362805	0.191093	0.472671	0.777618	1.05531	1.27164	1.41317	1.45216	1.36422	1.13446	0.803395	0.424045	0.0501717	-0.285914	-0.560147	-0.746895	-0.825461	-0.803171	-0.692179	-0.543858	-0.386282	-0.247382	-0.147395	-0.0733965	-0.0282464	-0.00398748	0.0111832	0.0229819	0.0227267	0.0275559	0.0336047	0.0300366	0.029011	0.0269139	0.0255846	0.0314994	0.0426267	0.0467352	0.0444595	0.0454576	0.0417527	0.0390553	0.048906	0.0674683	0.0872268	0.0879533	0.0708357	0.067304	0.0753085	0.0840797	0.122598	0.203185	0.295832	0.374838	0.426163	0.437262	0.410517	0.354759	0.264056	0.122979	-0.0812398	-0.35218	-0.670868	-0.996273	-1.29355	-1.54974	-1.75147	-1.86417	-1.84864	-1.69021	-1.4017	-1.00568	-0.526815	0	
0	-0.0067995	-0.0199821	-0.0250766	-0.018746	-0.00812864	-0.0071744	-0.0175602	-0.0289102	-0.048915	-0.0733733	-0.0736986	-0.0493212	-0.0447033	-0.0609193	-0.0877064	-0.130384	-0.200289	-0.290024	-0.371133	-0.426536	-0.443241	-0.394937	-0.313797	-0.211837	-0.0829767	0.0943733	0.322385	0.586658	0.866095	1.12365	1.32759	1.45241	1.47333	1.36149	1.11826	0.774734	0.399258	0.0323945	-0.290658	-0.557161	-0.748268	-0.838008	-0.829622	-0.733316	-0.583426	-0.427072	-0.278321	-0.167174	-0.0872428	-0.0338466	-0.00141367	0.0155524	0.0282313	0.0313258	0.0302137	0.0285749	0.0244478	0.0296282	0.0339521	0.0372686	0.0432532	0.0493697	0.0511915	0.043373	0.0413421	0.046927	0.0521533	0.0675765	0.0896638	0.0969166	0.080623	0.0627053	0.0709506	0.096999	0.130223	0.190205	0.27691	0.362221	0.430492	0.46534	0.443037	0.370809	0.276314	0.159961	0.000185244	-0.213081	-0.475015	-0.772142	-1.07946	-1.36861	-1.61965	-1.81171	-1.90945	-1.87588	-1.69848	-1.39377	-0.989872	-0.514678	0	
0	-0.0132561	-0.020475	-0.0174739	-0.0136112	-0.0106493	-0.0213401	-0.0394578	-0.0481803	-0.0591629	-0.0618639	-0.0493212	-0.0401206	-0.0496545	-0.0814915	-0.138147	-0.207139	-0.282094	-0.36057	-0.423052	-0.460863	-0.442768	-0.355188	-0.235972	-0.102299	0.0482299	0.238768	0.457103	0.693317	0.941592	1.17359	1.36135	1.46036	1.45822	1.32348	1.07338	0.732859	0.367806	0.0182331	-0.291566	-0.549575	-0.74181	-0.846496	-0.849346	-0.767306	-0.621012	-0.458029	-0.303426	-0.180063	-0.090659	-0.0349923	-0.00138203	0.0149435	0.0230012	0.0254951	0.0276826	0.0331603	0.0305761	0.0340876	0.0440654	0.0501986	0.0512229	0.0511486	0.0486561	0.039265	0.0441501	0.0633106	0.0763784	0.0891367	0.0965369	0.0870129	0.0729266	0.069766	0.0897573	0.135927	0.198113	0.2709	0.348294	0.418006	0.468918	0.47692	0.416883	0.304756	0.176912	0.0350362	-0.141822	-0.355973	-0.597967	-0.865512	-1.15028	-1.42684	-1.66566	-1.84018	-1.91918	-1.87108	-1.68387	-1.37308	-0.968627	-0.500876	0	
0	1.71859e-05	0.00358696	-0.000506324	-0.0168459	-0.0266712	-0.0426253	-0.0636663	-0.0661913	-0.0559725	-0.0470962	-0.0447033	-0.0496545	-0.0706425	-0.118469	-0.201468	-0.282204	-0.347487	-0.405157	-0.447696	-0.455647	-0.400946	-0.283386	-0.133793	0.0259135	0.197167	0.388975	0.586296	0.788361	1.00027	1.20618	1.36609	1.43817	1.4061	1.25942	1.01097	0.688546	0.345187	0.0164926	-0.274288	-0.524668	-0.717078	-0.833207	-0.853309	-0.784584	-0.647853	-0.487685	-0.328544	-0.200581	-0.107225	-0.0436462	-0.0082225	0.00944312	0.0217418	0.0257129	0.0257781	0.037258	0.0456024	0.0508214	0.0554491	0.0542472	0.0473877	0.0419607	0.0458041	0.0507858	0.0644691	0.0874613	0.0970289	0.0933007	0.0847002	0.077711	0.0810913	0.0928272	0.126528	0.197621	0.281128	0.35035	0.408921	0.458491	0.482064	0.453636	0.358247	0.215412	0.058236	-0.108597	-0.296416	-0.500297	-0.713847	-0.948271	-1.2074	-1.46513	-1.68372	-1.83524	-1.89604	-1.84031	-1.65353	-1.34593	-0.946402	-0.487691	0	
0	0.00763037	0.0112139	0.00230382	-0.0190458	-0.0332277	-0.0537579	-0.072716	-0.0642193	-0.0515768	-0.0524386	-0.0609193	-0.0814915	-0.118469	-0.184793	-0.278789	-0.351652	-0.396746	-0.431456	-0.441603	-0.408536	-0.320981	-0.178702	-0.00623206	0.180395	0.363193	0.545298	0.712941	0.878639	1.05407	1.22619	1.35264	1.39026	1.33446	1.18072	0.948365	0.651451	0.335944	0.0303983	-0.246103	-0.487724	-0.684922	-0.813364	-0.850578	-0.800887	-0.674384	-0.518922	-0.361221	-0.226609	-0.129463	-0.0628295	-0.018295	0.00548398	0.0233204	0.0400119	0.0455885	0.053406	0.0544599	0.0516839	0.051008	0.0454909	0.0423957	0.0476694	0.062806	0.0759492	0.0868185	0.100114	0.0984572	0.0842907	0.0770214	0.0837964	0.103619	0.133714	0.189381	0.277998	0.362636	0.416869	0.454424	0.476349	0.460936	0.393619	0.271145	0.105285	-0.0788101	-0.266063	-0.453834	-0.636653	-0.817743	-1.01856	-1.24821	-1.47914	-1.67061	-1.79792	-1.84567	-1.79141	-1.61471	-1.31754	-0.926334	-0.476557	0	
0	-0.00907937	-0.00983071	-0.0199573	-0.0400311	-0.0435969	-0.0436625	-0.0467884	-0.0420585	-0.041118	-0.0559132	-0.0877064	-0.138147	-0.201468	-0.278789	-0.36376	-0.417392	-0.442705	-0.443638	-0.406867	-0.332657	-0.214541	-0.0551315	0.142261	0.347863	0.532556	0.69335	0.829692	0.959585	1.09704	1.22778	1.31384	1.31794	1.24358	1.09519	0.88506	0.621704	0.333414	0.0486831	-0.216118	-0.456595	-0.657456	-0.803197	-0.857803	-0.826101	-0.71263	-0.558121	-0.396379	-0.252403	-0.141411	-0.0630641	-0.0121973	0.020281	0.0365435	0.0484988	0.0508924	0.0533779	0.0523085	0.044473	0.0437559	0.049067	0.0564932	0.0671927	0.0860252	0.0975217	0.0956794	0.0959463	0.0906341	0.0803676	0.0837361	0.105289	0.145234	0.201506	0.27379	0.358518	0.428806	0.466252	0.478351	0.460834	0.401307	0.301693	0.160322	-0.0249359	-0.231453	-0.428348	-0.603205	-0.758191	-0.90694	-1.07388	-1.26827	-1.46446	-1.6255	-1.73261	-1.77607	-1.7328	-1.5738	-1.29166	-0.91018	-0.468109	0	
0	-0.0238253	-0.0382383	-0.0479956	-0.0555615	-0.045104	-0.0339846	-0.0339591	-0.0320175	-0.0415336	-0.0750135	-0.130384	-0.207139	-0.282204	-0.351652	-0.417392	-0.457023	-0.459886	-0.418523	-0.340328	-0.233536	-0.097296	0.077534	0.291725	0.502572	0.674293	0.808262	0.912506	1.00881	1.10124	1.18613	1.22732	1.20571	1.12271	0.991176	0.811594	0.584746	0.326465	0.0614633	-0.191743	-0.427852	-0.632352	-0.786067	-0.856951	-0.836342	-0.733753	-0.57982	-0.415551	-0.263288	-0.146294	-0.0614642	-0.00624602	0.0244156	0.0404518	0.0489551	0.0452824	0.0440094	0.0459978	0.0470121	0.0549223	0.0670725	0.0810155	0.0902669	0.0984523	0.101082	0.0923419	0.0886146	0.0881019	0.0886354	0.107123	0.150075	0.215602	0.289939	0.358311	0.423598	0.476216	0.493188	0.468595	0.404978	0.307633	0.184961	0.0277796	-0.173906	-0.392091	-0.583677	-0.735807	-0.861473	-0.979268	-1.10978	-1.26208	-1.41849	-1.55123	-1.64685	-1.69646	-1.67226	-1.53563	-1.27042	-0.898484	-0.462358	0	
0	-0.0255117	-0.0358424	-0.0470964	-0.0556703	-0.044959	-0.0363906	-0.0392883	-0.0506679	-0.0791485	-0.129009	-0.200289	-0.282094	-0.347487	-0.396746	-0.442705	-0.459886	-0.426077	-0.343559	-0.231995	-0.104391	0.0476248	0.234098	0.450931	0.64915	0.798527	0.902419	0.977694	1.03448	1.07876	1.11194	1.1148	1.07673	0.99926	0.893626	0.749445	0.560843	0.330736	0.0855286	-0.158519	-0.389705	-0.596692	-0.758187	-0.841563	-0.834628	-0.741506	-0.592635	-0.427647	-0.273715	-0.152591	-0.06849	-0.0139181	0.0170053	0.028745	0.041018	0.0437599	0.0469236	0.0576475	0.064362	0.0764767	0.0892727	0.096244	0.0981192	0.100804	0.0992023	0.086374	0.0835097	0.0963113	0.11827	0.160315	0.22526	0.303529	0.375305	0.42699	0.470493	0.500392	0.484597	0.415938	0.312541	0.188589	0.0469298	-0.125547	-0.335143	-0.548507	-0.721497	-0.847196	-0.944954	-1.03098	-1.12002	-1.22516	-1.3423	-1.45458	-1.55021	-1.61577	-1.61595	-1.50319	-1.2545	-0.890904	-0.458907	0	
0	-0.0154208	-0.023029	-0.0256319	-0.030676	-0.0335246	-0.0387579	-0.0609693	-0.101729	-0.155331	-0.218887	-0.290024	-0.36057	-0.405157	-0.431456	-0.443638	-0.418523	-0.343559	-0.224911	-0.0898458	0.0575483	0.225633	0.413764	0.615636	0.789593	0.911412	0.988747	1.03041	1.04408	1.03515	1.02046	0.995159	0.953464	0.894008	0.818882	0.712528	0.558266	0.355131	0.124839	-0.110783	-0.3414	-0.550993	-0.723331	-0.821518	-0.830605	-0.753659	-0.6119	-0.452367	-0.296728	-0.172832	-0.0833459	-0.0258904	0.0108119	0.0285864	0.0425388	0.0538959	0.0629298	0.0767601	0.0857616	0.0937887	0.10192	0.10553	0.099223	0.0916912	0.0894693	0.0854855	0.0972132	0.132957	0.180566	0.241718	0.313919	0.386127	0.443996	0.47699	0.493574	0.487315	0.430235	0.323961	0.193442	0.0487024	-0.111864	-0.293842	-0.495783	-0.688349	-0.836088	-0.936224	-1.00608	-1.05593	-1.09855	-1.15654	-1.24156	-1.34527	-1.45259	-1.54131	-1.5678	-1.47763	-1.24349	-0.886582	-0.457169	0	
0	0.00289941	0.00865184	0.00494632	-0.00784289	-0.0247355	-0.0579352	-0.111012	-0.17754	-0.245563	-0.308799	-0.371133	-0.423052	-0.447696	-0.441603	-0.406867	-0.340328	-0.231995	-0.0898458	0.0655305	0.233819	0.40954	0.583881	0.759652	0.902944	1.00238	1.04982	1.0554	1.02047	0.961249	0.909673	0.868134	0.837768	0.800366	0.760065	0.684799	0.56236	0.378945	0.161473	-0.0704386	-0.300131	-0.515785	-0.694852	-0.80974	-0.831472	-0.768905	-0.63612	-0.47748	-0.322247	-0.192753	-0.097312	-0.0317971	0.0115766	0.0377369	0.0597588	0.0730298	0.0826473	0.0973864	0.103409	0.104899	0.102899	0.096846	0.0880462	0.0840114	0.0933973	0.109383	0.144104	0.203135	0.267045	0.331085	0.39498	0.452761	0.493092	0.500159	0.477073	0.426787	0.334599	0.203787	0.052917	-0.112064	-0.286404	-0.463483	-0.641377	-0.804337	-0.926413	-1.0015	-1.03939	-1.04726	-1.04255	-1.06042	-1.12588	-1.23413	-1.36246	-1.47792	-1.52952	-1.45875	-1.23637	-0.884488	-0.45654	0	
0	0.0128408	0.0213731	0.0185161	-0.00409888	-0.0501025	-0.107615	-0.173246	-0.249458	-0.320207	-0.377976	-0.426536	-0.460863	-0.455647	-0.408536	-0.332657	-0.233536	-0.104391	0.0575483	0.233819	0.414264	0.580991	0.731127	0.872336	0.991072	1.06365	1.07957	1.04159	0.959487	0.860793	0.7851	0.74519	0.731134	0.724165	0.711225	0.667222	0.566561	0.401732	0.191814	-0.0374743	-0.268676	-0.489074	-0.677949	-0.803419	-0.840932	-0.787527	-0.660417	-0.502196	-0.33969	-0.202206	-0.0979803	-0.0247851	0.0268769	0.0556155	0.0792893	0.0978118	0.102199	0.106751	0.103768	0.0961402	0.0903684	0.0864784	0.0854962	0.0965174	0.129449	0.170863	0.222548	0.289949	0.355019	0.41194	0.461733	0.4987	0.510403	0.479211	0.412048	0.325149	0.209894	0.0608975	-0.109492	-0.289265	-0.462572	-0.618079	-0.762775	-0.89518	-0.99209	-1.03837	-1.03768	-1.00087	-0.954906	-0.946011	-1.00679	-1.13087	-1.28561	-1.42773	-1.50097	-1.44546	-1.23194	-0.883666	-0.456505	0	
0	0.000832301	-0.00529132	-0.026336	-0.0630924	-0.113676	-0.170505	-0.234175	-0.308759	-0.372506	-0.414946	-0.443241	-0.442768	-0.400946	-0.320981	-0.214541	-0.097296	0.0476248	0.225633	0.40954	0.580991	0.724476	0.83895	0.95104	1.03898	1.08269	1.05699	0.975625	0.854457	0.730902	0.649632	0.620213	0.631772	0.650228	0.666271	0.643142	0.565013	0.412588	0.211834	-0.0144323	-0.245591	-0.467641	-0.660591	-0.796381	-0.839861	-0.797174	-0.672336	-0.511403	-0.345572	-0.198594	-0.0848353	-0.00587169	0.0489697	0.0800141	0.0952224	0.101791	0.0987403	0.0974937	0.0908374	0.0829418	0.0833283	0.0944749	0.115393	0.148222	0.199621	0.254228	0.310468	0.376577	0.435479	0.477913	0.503683	0.507125	0.479298	0.408582	0.306955	0.194797	0.0611804	-0.10535	-0.289121	-0.468036	-0.622579	-0.746957	-0.858115	-0.961114	-1.02918	-1.0394	-0.995844	-0.91866	-0.844536	-0.825444	-0.895186	-1.04242	-1.22475	-1.39058	-1.4808	-1.43633	-1.22907	-0.883373	-0.456686	0	
0	-0.0345275	-0.0728717	-0.112363	-0.153807	-0.20865	-0.264213	-0.314896	-0.367452	-0.402355	-0.410676	-0.394937	-0.355188	-0.283386	-0.178702	-0.0551315	0.077534	0.234098	0.413764	0.583881	0.731127	0.83895	0.92413	1.00063	1.05668	1.05886	0.990915	0.87104	0.726011	0.595328	0.52145	0.511768	0.547276	0.592102	0.627975	0.626492	0.562404	0.425015	0.230961	0.00904235	-0.218746	-0.441852	-0.635147	-0.774834	-0.825888	-0.784559	-0.663707	-0.501222	-0.331035	-0.183555	-0.0709539	0.00600091	0.0540709	0.0764604	0.0881115	0.0927667	0.084056	0.0813611	0.0833248	0.0905794	0.109345	0.139895	0.179248	0.225171	0.284854	0.344695	0.398718	0.454916	0.496957	0.512443	0.501617	0.464111	0.399028	0.299094	0.173218	0.0393354	-0.1121	-0.289061	-0.46969	-0.629439	-0.755002	-0.847994	-0.927885	-0.998567	-1.03006	-0.998626	-0.914986	-0.809518	-0.724339	-0.710775	-0.799124	-0.972183	-1.17982	-1.36476	-1.46714	-1.42999	-1.22693	-0.883126	-0.456852	0	
0	-0.066577	-0.133112	-0.197603	-0.258497	-0.319537	-0.3641	-0.391232	-0.414641	-0.410602	-0.370899	-0.313797	-0.235972	-0.133793	-0.00623206	0.142261	0.291725	0.450931	0.615636	0.759652	0.872336	0.95104	1.00063	1.04074	1.05089	1.00928	0.90131	0.75761	0.604746	0.482673	0.424824	0.437561	0.495804	0.561357	0.616012	0.628891	0.581369	0.454124	0.26989	0.0526419	-0.173129	-0.393867	-0.590932	-0.736312	-0.794979	-0.766002	-0.651994	-0.496055	-0.332374	-0.186028	-0.0756716	-0.00406335	0.0422489	0.0629053	0.0687393	0.0759459	0.0793307	0.0917967	0.109537	0.132133	0.167229	0.212053	0.262136	0.315398	0.377535	0.43339	0.474056	0.507535	0.518724	0.49656	0.446678	0.374458	0.281973	0.160002	0.0123104	-0.14129	-0.30173	-0.471886	-0.631274	-0.761903	-0.857991	-0.921963	-0.968491	-0.999466	-0.987984	-0.916489	-0.804033	-0.687267	-0.607728	-0.611263	-0.722752	-0.920294	-1.14881	-1.34784	-1.45811	-1.42534	-1.22499	-0.882681	-0.45689	0	
0	-0.0901493	-0.182792	-0.264459	-0.329255	-0.389786	-0.426988	-0.433941	-0.422574	-0.378561	-0.305051	-0.211837	-0.102299	0.0259135	0.180395	0.347863	0.502572	0.64915	0.789593	0.902944	0.991072	1.03898	1.05668	1.05089	1.01684	0.935532	0.80474	0.654194	0.511778	0.407002	0.370886	0.402764	0.479856	0.560495	0.626815	0.651805	0.612274	0.495213	0.314075	0.0991095	-0.126592	-0.351975	-0.552117	-0.70753	-0.777522	-0.758101	-0.656623	-0.507876	-0.348541	-0.208287	-0.0997071	-0.0256882	0.0218072	0.0510736	0.0710485	0.0912438	0.105792	0.12993	0.163905	0.202011	0.248044	0.302549	0.359298	0.409988	0.461452	0.500689	0.514401	0.512172	0.486146	0.429033	0.348321	0.249587	0.13391	-0.00881934	-0.174136	-0.335612	-0.486999	-0.633354	-0.762792	-0.864153	-0.932603	-0.965098	-0.971232	-0.956298	-0.902919	-0.802069	-0.677727	-0.566753	-0.505336	-0.531906	-0.666456	-0.884557	-1.12879	-1.33732	-1.45214	-1.42166	-1.22303	-0.881978	-0.456776	0	
0	-0.103754	-0.202604	-0.288004	-0.352629	-0.401258	-0.414552	-0.392116	-0.356995	-0.293317	-0.196297	-0.0829767	0.0482299	0.197167	0.363193	0.532556	0.674293	0.798527	0.911412	1.00238	1.06365	1.08269	1.05886	1.00928	0.935532	0.831946	0.6956	0.55731	0.434381	0.354141	0.336469	0.386097	0.474709	0.566061	0.639671	0.67045	0.638199	0.523875	0.346216	0.129155	-0.099771	-0.328792	-0.537848	-0.7011	-0.782433	-0.774289	-0.679462	-0.53451	-0.376018	-0.228754	-0.113111	-0.0314787	0.0282951	0.0669061	0.0954786	0.129568	0.160886	0.200872	0.246566	0.294029	0.34753	0.401253	0.449815	0.486657	0.514772	0.522107	0.499916	0.462685	0.405642	0.320853	0.214507	0.0914144	-0.0455915	-0.20225	-0.370451	-0.520825	-0.647763	-0.763653	-0.863737	-0.937185	-0.974591	-0.968088	-0.928013	-0.868789	-0.784291	-0.671041	-0.552239	-0.45998	-0.42315	-0.473466	-0.627889	-0.861587	-1.11669	-1.33107	-1.44809	-1.41858	-1.22103	-0.881076	-0.456539	0	
0	-0.0906874	-0.180726	-0.249233	-0.289559	-0.318197	-0.315433	-0.279795	-0.229014	-0.14719	-0.0362805	0.0943733	0.238768	0.388975	0.545298	0.69335	0.808262	0.902419	0.988747	1.04982	1.07957	1.05699	0.990915	0.90131	0.80474	0.6956	0.57264	0.455609	0.359498	0.300558	0.301014	0.361115	0.458955	0.5558	0.633611	0.669119	0.639275	0.530021	0.351905	0.135637	-0.0951512	-0.327407	-0.538154	-0.707264	-0.792951	-0.788244	-0.696245	-0.549911	-0.385922	-0.234096	-0.10846	-0.0144978	0.0563354	0.112118	0.156685	0.204364	0.247114	0.294718	0.348146	0.396903	0.442492	0.483901	0.51226	0.518196	0.512236	0.488405	0.435899	0.368998	0.285024	0.174999	0.0446652	-0.0984084	-0.246152	-0.39995	-0.552523	-0.678379	-0.776298	-0.863097	-0.934541	-0.975713	-0.97396	-0.922677	-0.838773	-0.746952	-0.64876	-0.54078	-0.440747	-0.373858	-0.36241	-0.433567	-0.603289	-0.847806	-1.10984	-1.32747	-1.44526	-1.41595	-1.21909	-0.8801	-0.456237	0	
0	-0.0517628	-0.100363	-0.136912	-0.153826	-0.160197	-0.13849	-0.0855156	-0.0208338	0.0706952	0.191093	0.322385	0.457103	0.586296	0.712941	0.829692	0.912506	0.977694	1.03041	1.0554	1.04159	0.975625	0.87104	0.75761	0.654194	0.55731	0.455609	0.365993	0.292858	0.254028	0.265707	0.334652	0.43685	0.537856	0.618636	0.656416	0.631017	0.523214	0.348684	0.131873	-0.0981363	-0.330281	-0.54231	-0.71132	-0.79843	-0.793185	-0.698237	-0.545044	-0.373041	-0.207109	-0.0685961	0.039004	0.124712	0.191401	0.247238	0.303862	0.352307	0.401133	0.44656	0.481459	0.507433	0.520204	0.518043	0.49608	0.461202	0.407734	0.327014	0.233436	0.124341	-0.00813102	-0.154655	-0.303357	-0.443586	-0.577896	-0.704587	-0.803221	-0.873555	-0.930943	-0.968341	-0.968931	-0.922699	-0.829697	-0.714589	-0.60852	-0.51476	-0.425398	-0.350854	-0.310024	-0.320809	-0.408203	-0.588644	-0.840083	-1.10622	-1.32545	-1.44326	-1.4138	-1.21739	-0.87919	-0.455932	0	
0	0.00149	-0.00162954	0.00833657	0.0341064	0.0589034	0.107242	0.181151	0.260294	0.35891	0.472671	0.586658	0.693317	0.788361	0.878639	0.959585	1.00881	1.03448	1.04408	1.02047	0.959487	0.854457	0.726011	0.604746	0.511778	0.434381	0.359498	0.292858	0.240582	0.214728	0.235518	0.309049	0.414615	0.518603	0.601217	0.643011	0.619815	0.517463	0.344983	0.132618	-0.0948419	-0.323222	-0.531156	-0.696414	-0.778867	-0.76803	-0.665481	-0.503829	-0.319276	-0.142709	0.00900571	0.128712	0.223899	0.299118	0.355805	0.410055	0.450302	0.482521	0.508908	0.519484	0.517962	0.505598	0.476538	0.42423	0.360612	0.281348	0.174789	0.0561384	-0.0725746	-0.215345	-0.360717	-0.496985	-0.615987	-0.724253	-0.824252	-0.896292	-0.936888	-0.958369	-0.953633	-0.909544	-0.823184	-0.701854	-0.57447	-0.472826	-0.397044	-0.33291	-0.284384	-0.266177	-0.294188	-0.393065	-0.580448	-0.836013	-1.10441	-1.32434	-1.44192	-1.41222	-1.21609	-0.878475	-0.455683	0	
0	0.052817	0.103871	0.161574	0.232517	0.303382	0.388282	0.487898	0.581212	0.678586	0.777618	0.866095	0.941592	1.00027	1.05407	1.09704	1.10124	1.07876	1.03515	0.961249	0.860793	0.730902	0.595328	0.482673	0.407002	0.354141	0.300558	0.254028	0.214728	0.198586	0.224528	0.301158	0.409562	0.515156	0.60132	0.645199	0.627273	0.528357	0.362022	0.154144	-0.066638	-0.288776	-0.488889	-0.646632	-0.720583	-0.700734	-0.589797	-0.417136	-0.225119	-0.0397872	0.116894	0.238647	0.331489	0.40005	0.44865	0.486522	0.50692	0.518936	0.52131	0.507539	0.480221	0.438547	0.381841	0.304249	0.21406	0.108418	-0.0198451	-0.151926	-0.283645	-0.418925	-0.547968	-0.662022	-0.756055	-0.83839	-0.911239	-0.952334	-0.955448	-0.933614	-0.884538	-0.802124	-0.690199	-0.55963	-0.438543	-0.354946	-0.303711	-0.26509	-0.238894	-0.237975	-0.278028	-0.384396	-0.576023	-0.833931	-1.10352	-1.32377	-1.44116	-1.41132	-1.21534	-0.878055	-0.455535	0	
0	0.106461	0.207954	0.31887	0.437481	0.544436	0.660091	0.780158	0.87894	0.970046	1.05531	1.12365	1.17359	1.20618	1.22619	1.22778	1.18613	1.11194	1.02046	0.909673	0.7851	0.649632	0.52145	0.424824	0.370886	0.336469	0.301014	0.265707	0.235518	0.224528	0.253643	0.333504	0.443213	0.552713	0.640665	0.689775	0.675263	0.582624	0.421454	0.220446	0.00583122	-0.208743	-0.402957	-0.553206	-0.621924	-0.597287	-0.481311	-0.308252	-0.114419	0.0683409	0.219925	0.333396	0.415725	0.468973	0.496569	0.516693	0.517539	0.505036	0.482463	0.44193	0.387906	0.321019	0.23716	0.132256	0.0200396	-0.0997738	-0.233486	-0.361941	-0.48167	-0.598298	-0.704686	-0.794599	-0.863415	-0.917638	-0.95716	-0.958734	-0.918015	-0.853149	-0.768548	-0.663867	-0.545693	-0.423754	-0.321908	-0.262736	-0.236234	-0.21921	-0.209785	-0.220683	-0.268399	-0.379359	-0.573538	-0.832779	-1.10301	-1.32351	-1.44096	-1.41114	-1.21521	-0.877983	-0.45551	0	
0	0.159765	0.312356	0.465158	0.62015	0.757214	0.887597	1.01088	1.10926	1.19656	1.27164	1.32759	1.36135	1.36609	1.35264	1.31384	1.22732	1.1148	0.995159	0.868134	0.74519	0.620213	0.511768	0.437561	0.402764	0.386097	0.361115	0.334652	0.309049	0.301158	0.333504	0.414153	0.527062	0.636462	0.727733	0.777332	0.765759	0.674868	0.516539	0.318597	0.107505	-0.10471	-0.29471	-0.444156	-0.510481	-0.48581	-0.373773	-0.203729	-0.0192668	0.152554	0.291424	0.389998	0.453919	0.490312	0.50211	0.497933	0.472461	0.435697	0.387654	0.321283	0.239986	0.146637	0.0421658	-0.0765221	-0.195414	-0.31403	-0.438863	-0.551807	-0.651508	-0.745953	-0.828994	-0.893233	-0.931927	-0.950249	-0.948376	-0.906027	-0.824506	-0.728058	-0.625486	-0.51803	-0.410638	-0.308975	-0.231867	-0.197136	-0.191459	-0.190351	-0.192087	-0.210211	-0.262359	-0.376045	-0.571862	-0.831943	-1.10258	-1.32344	-1.44128	-1.41168	-1.2157	-0.878267	-0.455613	0	
0	0.198261	0.386793	0.571492	0.746646	0.894865	1.03614	1.16729	1.26511	1.34556	1.41317	1.45241	1.46036	1.43817	1.39026	1.31794	1.20571	1.07673	0.953464	0.837768	0.731134	0.631772	0.547276	0.495804	0.479856	0.474709	0.458955	0.43685	0.414615	0.409562	0.443213	0.527062	0.639304	0.750646	0.840288	0.890176	0.876833	0.784229	0.624911	0.425251	0.212419	-0.00106423	-0.195661	-0.34675	-0.418381	-0.399864	-0.293184	-0.134866	0.0392099	0.198525	0.321157	0.401851	0.448289	0.460541	0.444265	0.417722	0.369621	0.306845	0.232151	0.141329	0.0419026	-0.0637758	-0.175709	-0.294017	-0.405052	-0.511066	-0.618581	-0.711035	-0.789521	-0.86073	-0.916066	-0.947053	-0.947137	-0.923224	-0.878722	-0.798567	-0.690046	-0.580795	-0.479596	-0.385344	-0.298958	-0.221697	-0.168636	-0.154477	-0.164119	-0.173312	-0.181555	-0.203518	-0.257954	-0.373315	-0.570375	-0.83109	-1.10204	-1.32342	-1.442	-1.41284	-1.21674	-0.878861	-0.455825	0	
0	0.210131	0.408216	0.601724	0.789395	0.948828	1.09351	1.2232	1.32081	1.39884	1.45216	1.47333	1.45822	1.4061	1.33446	1.24358	1.12271	0.99926	0.894008	0.800366	0.724165	0.650228	0.592102	0.561357	0.560495	0.566061	0.5558	0.537856	0.518603	0.515156	0.552713	0.636462	0.750646	0.858703	0.947071	0.992279	0.973794	0.876191	0.710613	0.507005	0.289595	0.0704025	-0.12688	-0.2845	-0.359864	-0.347024	-0.251159	-0.103281	0.0543691	0.193132	0.295205	0.353725	0.374095	0.364548	0.329033	0.276226	0.201538	0.117859	0.0281675	-0.0723753	-0.178178	-0.283336	-0.38769	-0.495153	-0.591488	-0.679426	-0.767396	-0.838284	-0.891283	-0.93168	-0.950904	-0.94127	-0.898807	-0.835085	-0.757749	-0.655696	-0.53943	-0.436064	-0.350807	-0.278423	-0.215795	-0.161197	-0.127968	-0.129169	-0.148819	-0.16372	-0.175064	-0.1986	-0.254034	-0.370578	-0.568792	-0.830061	-1.10126	-1.32332	-1.44296	-1.41445	-1.21817	-0.879666	-0.456102	0	
0	0.197804	0.388623	0.574661	0.751281	0.904519	1.0494	1.17867	1.26654	1.3271	1.36422	1.36149	1.32348	1.25942	1.18072	1.09519	0.991176	0.893626	0.818882	0.760065	0.711225	0.666271	0.627975	0.616012	0.626815	0.639671	0.633611	0.618636	0.601217	0.60132	0.640665	0.727733	0.840288	0.947071	1.03102	1.07031	1.04539	0.938233	0.766397	0.554647	0.329702	0.104049	-0.103617	-0.267554	-0.352242	-0.350888	-0.265408	-0.135093	0.00409465	0.124327	0.203714	0.23854	0.23889	0.204532	0.143992	0.0755281	-0.00885141	-0.0985692	-0.192736	-0.293247	-0.391229	-0.486217	-0.579392	-0.670157	-0.74718	-0.816405	-0.8809	-0.921606	-0.940658	-0.9432	-0.920945	-0.86988	-0.791318	-0.701263	-0.608862	-0.50383	-0.397036	-0.312358	-0.249967	-0.200854	-0.159316	-0.122585	-0.103987	-0.115709	-0.141125	-0.158398	-0.170566	-0.194272	-0.250012	-0.36761	-0.567039	-0.828788	-1.10012	-1.32295	-1.44391	-1.41623	-1.21976	-0.880531	-0.45638	0	
0	0.175296	0.340546	0.505328	0.665858	0.79925	0.918004	1.01803	1.08166	1.12122	1.13446	1.11826	1.07338	1.01097	0.948365	0.88506	0.811594	0.749445	0.712528	0.684799	0.667222	0.643142	0.626492	0.628891	0.651805	0.67045	0.669119	0.656416	0.643011	0.645199	0.689775	0.777332	0.890176	0.992279	1.07031	1.10168	1.0647	0.947567	0.763146	0.542031	0.307456	0.0703267	-0.144942	-0.31937	-0.41244	-0.419937	-0.348827	-0.234089	-0.113286	-0.0162964	0.0420909	0.0588271	0.040245	-0.00512556	-0.069063	-0.142571	-0.230774	-0.319893	-0.407423	-0.49714	-0.584733	-0.665235	-0.740114	-0.812985	-0.868394	-0.909279	-0.940418	-0.944564	-0.924275	-0.886079	-0.826171	-0.74469	-0.646088	-0.54831	-0.459	-0.366096	-0.279269	-0.218352	-0.178891	-0.149619	-0.123962	-0.0996992	-0.0911596	-0.109714	-0.137877	-0.15528	-0.166846	-0.189919	-0.245673	-0.364419	-0.56517	-0.827256	-1.09849	-1.32207	-1.44451	-1.4178	-1.22119	-0.88125	-0.456572	0	
0	0.143467	0.281649	0.411842	0.530351	0.626076	0.709514	0.774628	0.801153	0.808274	0.803395	0.774734	0.732859	0.688546	0.651451	0.621704	0.584746	0.560843	0.558266	0.56236	0.566561	0.565013	0.562404	0.581369	0.612274	0.638199	0.639275	0.631017	0.619815	0.627273	0.675263	0.765759	0.876833	0.973794	1.04539	1.0647	1.01692	0.883976	0.688228	0.455045	0.208213	-0.0381652	-0.265939	-0.44813	-0.548908	-0.566423	-0.503643	-0.401174	-0.294415	-0.20811	-0.160276	-0.153517	-0.175348	-0.225193	-0.292885	-0.364253	-0.445337	-0.522516	-0.59942	-0.677928	-0.748327	-0.81069	-0.866478	-0.910998	-0.93214	-0.939454	-0.933216	-0.896282	-0.838497	-0.769458	-0.686458	-0.591565	-0.491174	-0.402651	-0.329225	-0.256113	-0.192243	-0.153982	-0.133403	-0.118573	-0.103341	-0.0870042	-0.0852358	-0.108154	-0.137046	-0.15313	-0.163247	-0.185282	-0.241033	-0.361157	-0.563317	-0.825469	-1.09623	-1.32039	-1.44434	-1.41868	-1.22204	-0.881566	-0.45657	0	
0	0.10029	0.191064	0.276734	0.351489	0.400245	0.436368	0.457249	0.453072	0.440754	0.424045	0.399258	0.367806	0.345187	0.335944	0.333414	0.326465	0.330736	0.355131	0.378945	0.401732	0.412588	0.425015	0.454124	0.495213	0.523875	0.530021	0.523214	0.517463	0.528357	0.582624	0.674868	0.784229	0.876191	0.938233	0.947567	0.883976	0.738125	0.529028	0.285119	0.0302505	-0.225531	-0.457642	-0.642728	-0.744575	-0.761056	-0.699898	-0.602294	-0.49913	-0.420054	-0.378475	-0.373041	-0.396484	-0.443394	-0.501833	-0.563968	-0.63499	-0.702005	-0.765291	-0.824113	-0.873346	-0.908791	-0.931091	-0.941656	-0.927846	-0.896971	-0.852475	-0.783885	-0.703138	-0.618762	-0.529758	-0.438895	-0.351501	-0.282342	-0.22974	-0.177171	-0.134037	-0.114035	-0.106899	-0.101213	-0.0919609	-0.0803832	-0.0833838	-0.109145	-0.137425	-0.151256	-0.159456	-0.18032	-0.236251	-0.358074	-0.56166	-0.82344	-1.09317	-1.31755	-1.44288	-1.4183	-1.22181	-0.881169	-0.456246	0	
0	0.0379624	0.0734551	0.101097	0.119634	0.123449	0.121513	0.113524	0.0883006	0.0653695	0.0501717	0.0323945	0.0182331	0.0164926	0.0303983	0.0486831	0.0614633	0.0855286	0.124839	0.161473	0.191814	0.211834	0.230961	0.26989	0.314075	0.346216	0.351905	0.348684	0.344983	0.362022	0.421454	0.516539	0.624911	0.710613	0.766397	0.763146	0.688228	0.529028	0.310376	0.0606963	-0.200647	-0.457493	-0.690751	-0.872046	-0.967343	-0.978224	-0.912991	-0.812608	-0.71054	-0.631869	-0.588195	-0.581135	-0.598872	-0.639172	-0.68889	-0.740745	-0.798292	-0.843932	-0.883162	-0.915996	-0.933136	-0.935008	-0.925142	-0.898436	-0.846693	-0.786807	-0.719547	-0.63371	-0.545448	-0.463254	-0.384009	-0.308394	-0.240913	-0.193983	-0.161127	-0.125554	-0.0985342	-0.0916258	-0.0929296	-0.0922156	-0.0858554	-0.0771771	-0.0839319	-0.11161	-0.138318	-0.149282	-0.155357	-0.175123	-0.231588	-0.355485	-0.560407	-0.821178	-1.0891	-1.31314	-1.43953	-1.41596	-1.21993	-0.8797	-0.455451	0	
0	-0.0288708	-0.0588047	-0.0904056	-0.124896	-0.161963	-0.193654	-0.224295	-0.257237	-0.278223	-0.285914	-0.290658	-0.291566	-0.274288	-0.246103	-0.216118	-0.191743	-0.158519	-0.110783	-0.0704386	-0.0374743	-0.0144323	0.00904235	0.0526419	0.0991095	0.129155	0.135637	0.131873	0.132618	0.154144	0.220446	0.318597	0.425251	0.507005	0.554647	0.542031	0.455045	0.285119	0.0606963	-0.193601	-0.454528	-0.710408	-0.938777	-1.11011	-1.19452	-1.19446	-1.11882	-1.01487	-0.908745	-0.827028	-0.781671	-0.768674	-0.777921	-0.806412	-0.839917	-0.872227	-0.903447	-0.921933	-0.933643	-0.933617	-0.917294	-0.885222	-0.840739	-0.784742	-0.712736	-0.638401	-0.56085	-0.474649	-0.396008	-0.327837	-0.26552	-0.209281	-0.162784	-0.135776	-0.117982	-0.0943569	-0.0788014	-0.0805514	-0.0864576	-0.0878432	-0.0825082	-0.075875	-0.0860007	-0.114953	-0.139314	-0.147009	-0.150946	-0.169872	-0.227381	-0.353757	-0.55978	-0.818681	-1.0838	-1.30669	-1.43359	-1.41088	-1.21573	-0.876754	-0.454016	0	
0	-0.0903987	-0.173566	-0.253763	-0.329698	-0.398326	-0.455155	-0.49952	-0.536588	-0.556866	-0.560147	-0.557161	-0.549575	-0.524668	-0.487724	-0.456595	-0.427852	-0.389705	-0.3414	-0.300131	-0.268676	-0.245591	-0.218746	-0.173129	-0.126592	-0.099771	-0.0951512	-0.0981363	-0.0948419	-0.066638	0.00583122	0.107505	0.212419	0.289595	0.329702	0.307456	0.208213	0.0302505	-0.200647	-0.454528	-0.715046	-0.965784	-1.18583	-1.34366	-1.41347	-1.39625	-1.30997	-1.19602	-1.08189	-0.99509	-0.940262	-0.914491	-0.908434	-0.918642	-0.926174	-0.93132	-0.935895	-0.923937	-0.902988	-0.870538	-0.823568	-0.766272	-0.704303	-0.633948	-0.552776	-0.479106	-0.408699	-0.334763	-0.272766	-0.223119	-0.179904	-0.141916	-0.112925	-0.100986	-0.0929302	-0.0767585	-0.0690365	-0.0761732	-0.0840599	-0.0857695	-0.0804996	-0.0757382	-0.0891797	-0.118825	-0.14014	-0.144335	-0.146299	-0.164819	-0.224033	-0.353288	-0.559998	-0.815928	-1.07702	-1.29769	-1.42429	-1.40219	-1.20848	-0.871878	-0.451754	0	
0	-0.123342	-0.238914	-0.351766	-0.457219	-0.541845	-0.610787	-0.670492	-0.715252	-0.738947	-0.746895	-0.748268	-0.74181	-0.717078	-0.684922	-0.657456	-0.632352	-0.596692	-0.550993	-0.515785	-0.489074	-0.467641	-0.441852	-0.393867	-0.351975	-0.328792	-0.327407	-0.330281	-0.323222	-0.288776	-0.208743	-0.10471	-0.00106423	0.0704025	0.104049	0.0703267	-0.0381652	-0.225531	-0.457493	-0.710408	-0.965784	-1.20744	-1.41475	-1.55417	-1.60226	-1.56667	-1.46194	-1.3344	-1.20937	-1.10857	-1.03812	-0.994494	-0.966476	-0.94906	-0.930343	-0.911415	-0.884669	-0.842401	-0.797174	-0.743724	-0.680995	-0.612606	-0.543813	-0.472705	-0.399887	-0.339417	-0.281954	-0.224841	-0.182951	-0.15156	-0.123968	-0.0998368	-0.0840396	-0.0823508	-0.0793215	-0.0673452	-0.0651305	-0.0754735	-0.0836543	-0.084674	-0.0791264	-0.0764931	-0.0932971	-0.122976	-0.140586	-0.141216	-0.141552	-0.160283	-0.222	-0.354493	-0.561259	-0.812872	-1.06846	-1.28555	-1.41076	-1.38893	-1.19737	-0.864577	-0.448454	0	
