0	0	0	0	0	0	0	0	0	0	0	0	0	0	0	0	0	0	0	0	0	0	0	0	0	0	0	0	0	0	0	0	0	0	0	0	0	0	0	0	0	0	0	0	0	0	0	0	0	0	0	0	0	0	0	0	0	0	0	0	0	0	0	0	0	0	0	0	0	0	0	0	0	0	0	0	0	0	0	0	0	0	0	0	0	0	0	0	0	0	0	0	0	0	0	0	0	0	0	0	
0	-0.0031362	0.00117879	-0.00362704	-0.00117165	0.000873454	-0.000231799	0.00218886	0.000912094	0.00158737	-0.00065589	-0.00174963	0.000157273	0.00291571	0.000130577	-0.00197375	-0.00183058	0.00046834	-0.00158501	7.24428e-05	-0.00105302	-0.00161428	-0.00194912	0.00139925	-0.00137202	-0.00265414	0.000950884	-0.000283305	-0.00250139	-0.000543676	0.00054971	-0.00104917	-0.00228404	-0.00108206	0.00125112	-0.00137562	-0.00377425	-0.00114635	0.00280979	-0.00315278	-0.00394761	-0.00162364	0.00205611	-0.000992575	-0.00329417	-0.0039724	-0.00149871	0.00301296	0.00151314	-0.00823827	-0.00960722	-0.00977059	-0.00600687	-0.0170224	-0.0335587	-0.0490962	-0.0684663	-0.0720267	-0.0636774	-0.0417725	-0.014466	0.00945616	0.0302335	0.0494021	0.0572534	0.0530879	0.0510566	0.0542659	0.0668541	0.0768253	0.0748355	0.0640669	0.0501808	0.0500606	0.0578709	0.0556037	0.0416441	0.0213589	-0.000458897	-0.0256727	-0.0500641	-0.0667004	-0.0728787	-0.061109	-0.0405726	-0.0266207	-0.0139604	-0.00546934	-0.00948087	-0.0123256	-0.00436874	0.00382749	0.00280753	-0.00380767	-0.00482863	0.00102934	0.00292285	-0.00087589	-0.00242199	0	
0	0.00117879	0.00273424	0.00202711	0.00143059	0.0012418	-0.00307276	-0.00170068	-0.000900452	-0.0039931	0.00114795	0.00401299	-0.0034057	-0.0031848	0.00130653	-0.00106551	0.00336003	0.00208544	-0.00258633	0.000507459	0.00239502	0.00155478	-0.00286838	0.00460103	-0.00168609	-0.00190763	0.00301251	0.000842655	-0.00291447	-0.00038271	0.00343726	-0.00202821	-0.000986654	-0.00220179	0.00567911	-0.00255056	-0.0035797	-0.000737766	0.0074195	-0.0034252	-0.00581702	0.000397499	0.00458133	0.000378063	-0.00518179	-0.00739819	-0.00170367	0.00372023	0.000982192	-0.0172818	-0.0236525	-0.0186752	-0.0178988	-0.0349178	-0.0663126	-0.0996203	-0.130346	-0.140894	-0.124262	-0.0801035	-0.0315705	0.0137723	0.057147	0.0935952	0.109977	0.110563	0.107413	0.110541	0.137509	0.153573	0.142696	0.126662	0.109257	0.10616	0.11278	0.105812	0.0798818	0.0422778	-9.71058e-05	-0.0522852	-0.102074	-0.132657	-0.142284	-0.120887	-0.0826995	-0.0536069	-0.0273632	-0.011422	-0.0189621	-0.0237578	-0.00863222	0.00681237	0.00507416	-0.00705509	-0.00887398	0.00169948	0.00502732	-0.00157079	-0.00408848	0	
0	-0.00362704	0.00202711	-0.00457354	-0.000693622	0.00173343	-0.00157238	0.00293625	0.00121496	-0.000145866	-0.000619943	-0.00115654	-0.00160187	0.00383474	5.21461e-05	-0.00335001	-0.00149779	-0.00052061	-0.00337368	0.00173283	-0.000737655	-0.00311906	-0.00424563	0.00440343	-0.00285254	-0.00459349	0.00254623	-0.000571278	-0.004684	-0.000846193	0.00206568	-0.00284995	-0.00382839	-0.00239306	0.00391593	-0.00375997	-0.00749557	-0.00166491	0.00672013	-0.00715332	-0.00892778	-0.00245217	0.00494137	-0.00270221	-0.00805564	-0.0108209	-0.00288569	0.00573138	0.000579982	-0.0233501	-0.0301981	-0.0266665	-0.0244456	-0.0529592	-0.0998076	-0.147637	-0.196438	-0.209771	-0.185562	-0.123912	-0.049696	0.0186077	0.083282	0.138568	0.164115	0.162927	0.15873	0.170149	0.208299	0.233267	0.224999	0.195581	0.160916	0.156906	0.168894	0.158131	0.1182	0.0583158	-0.0085695	-0.0814936	-0.149145	-0.195635	-0.211228	-0.179201	-0.123559	-0.0804181	-0.0421839	-0.0189872	-0.0272967	-0.0330367	-0.0130894	0.00796111	0.00643206	-0.0091464	-0.0115309	0.00166099	0.00572271	-0.00191848	-0.00449846	0	
0	-0.00117165	0.00143059	-0.000693622	-0.00116463	0.000791705	-0.00191253	0.000911436	-0.000241657	-0.000110497	0.00180931	-0.000614626	-0.00180359	-0.000262238	-4.41632e-05	-0.00131097	-0.000160516	0.00236732	-0.00263752	-0.00198622	-0.000231823	-0.00041946	-0.00224693	0.00187377	-0.00339794	-0.00378048	0.00257028	-0.00120628	-0.00524983	-0.000425762	0.00092031	-0.00277842	-0.00464712	-0.00171281	0.00284145	-0.00381471	-0.00827339	-0.00050326	0.00571995	-0.00719362	-0.0100478	-0.0011574	0.00416631	-0.00250864	-0.0103803	-0.0113705	-0.00391649	0.00598214	-0.00296225	-0.02945	-0.0386579	-0.0349986	-0.0361597	-0.073927	-0.132013	-0.196359	-0.254065	-0.273222	-0.242156	-0.165039	-0.0743492	0.0166223	0.101375	0.174817	0.21474	0.218227	0.218401	0.237111	0.281623	0.312562	0.302965	0.266271	0.22623	0.215569	0.22116	0.202862	0.146963	0.0679838	-0.0164598	-0.109914	-0.199507	-0.258805	-0.27308	-0.232613	-0.166088	-0.10854	-0.0571695	-0.0278132	-0.0349704	-0.0399757	-0.0173942	0.00694133	0.00646143	-0.00983186	-0.0124619	0.000733943	0.00482634	-0.00182603	-0.00360081	0	
0	0.000873454	0.0012418	0.00173343	0.000791705	0.0020858	-0.00224484	-0.00193867	-0.000953404	-0.00500088	-0.00119889	0.00173914	-0.00079831	7.81719e-05	-0.00151996	-0.000478654	0.00176453	-0.00148921	-0.000986014	0.00131772	0.00272335	-0.00223346	-0.00197549	0.00297464	-0.00142001	-0.00200726	0.00165229	-0.000727677	-0.00336901	0.000178115	0.000584953	-0.00229662	-0.00332769	-0.000842874	0.00190076	-0.00318898	-0.00694463	0.00103458	0.00363496	-0.00595954	-0.00900965	-9.10378e-05	0.00358908	-0.00367098	-0.00988822	-0.0124055	-0.00325505	0.00349448	-0.00845855	-0.033424	-0.0474894	-0.0415363	-0.052436	-0.0959484	-0.164916	-0.243448	-0.307294	-0.330815	-0.294859	-0.207045	-0.100472	0.00688119	0.114306	0.204719	0.255796	0.273341	0.280323	0.308524	0.364308	0.400019	0.386672	0.339085	0.292557	0.276666	0.271638	0.241726	0.173538	0.0747254	-0.0353585	-0.146789	-0.246626	-0.314017	-0.329821	-0.285072	-0.208615	-0.135452	-0.0732061	-0.039408	-0.0417839	-0.0437372	-0.0213414	0.00333666	0.00491224	-0.00897278	-0.0116786	-0.00112228	0.00261788	-0.00128945	-0.00183937	0	
0	-0.000231799	-0.00307276	-0.00157238	-0.00191253	-0.00224484	0.00175246	0.001795	0.00216482	0.00378792	0.00107694	-0.00252109	-0.00224608	-0.000240534	-0.00102379	-0.00121046	-0.00313404	-0.00259864	-0.000848748	-0.00363542	-0.00348852	-0.00272294	-0.00147437	-0.00243702	-0.00337807	-0.00262491	-0.00152619	-0.00308266	-0.0034492	-0.00165078	-0.00273931	-0.00331203	-0.00441404	-0.0021543	-0.002751	-0.00468443	-0.00741934	-0.00169837	-0.00237594	-0.00812209	-0.00984185	-0.00358734	-0.00175992	-0.00747507	-0.0124939	-0.0129168	-0.00511256	-0.000427855	-0.012995	-0.0353231	-0.0479024	-0.0470672	-0.0651997	-0.116065	-0.197025	-0.285767	-0.358292	-0.386893	-0.347599	-0.255508	-0.136336	-0.00695885	0.120552	0.229715	0.301324	0.32817	0.344576	0.387462	0.445204	0.485487	0.478253	0.425281	0.368298	0.336729	0.318541	0.277434	0.189866	0.0689779	-0.0582707	-0.181829	-0.294149	-0.369373	-0.381231	-0.331186	-0.248674	-0.16308	-0.0921056	-0.0532144	-0.0470992	-0.0445696	-0.0249842	-0.00262537	0.00187678	-0.0068351	-0.00962369	-0.00368748	-0.000187761	-0.000441068	-6.03517e-05	0	
0	0.00218886	-0.00170068	0.00293625	0.000911436	-0.00193867	0.001795	-0.00327343	-0.00403987	-0.000900761	-0.00313135	-0.000699661	0.00303538	-0.00151775	0.000185283	0.000938578	-0.000755621	-0.000125474	0.00270382	-0.00246203	0.00049134	0.00012936	0.000688025	-0.00396315	0.000487716	-0.000644364	-0.00273592	-0.00214518	-0.000849232	-0.00209005	-0.00362084	-0.00192285	-0.00251614	-0.00185451	-0.00442098	-0.00253411	-0.00380179	-0.00114893	-0.00494388	-0.00359245	-0.00610647	-0.00133921	-0.00370675	-0.00519123	-0.0102468	-0.00902544	-0.0051804	-0.00560457	-0.0189996	-0.03781	-0.0518246	-0.0583076	-0.0862913	-0.143425	-0.230939	-0.327029	-0.401376	-0.431805	-0.392608	-0.299125	-0.17306	-0.0290092	0.115421	0.241595	0.333017	0.379718	0.417672	0.476167	0.537833	0.582255	0.571512	0.509964	0.448669	0.403887	0.365327	0.304469	0.197661	0.057803	-0.0880454	-0.224593	-0.343477	-0.417696	-0.423888	-0.37401	-0.288511	-0.190317	-0.111985	-0.0689282	-0.0523663	-0.0433822	-0.0275987	-0.0100069	-0.00257592	-0.00420373	-0.0069704	-0.00641089	-0.00266607	0.000422686	0.000755668	0	
0	0.000912094	-0.000900452	0.00121496	-0.000241657	-0.000953404	0.00216482	-0.00403987	0.00208975	0.000603049	-0.00368365	0.00208812	-0.000799054	-0.00373689	-0.0022854	-0.000939662	-0.000788173	-0.0037291	9.60429e-05	-0.00358224	-0.000621195	-0.00138359	-0.00212646	-0.00425514	0.00071522	-0.000288726	-0.00628802	-0.000752876	-0.000369059	-0.0033706	-0.00493689	-0.00130369	-0.00189426	-0.00364508	-0.006922	-0.00220894	-0.00224296	-0.00525734	-0.00916078	-0.00341802	-0.00501301	-0.00636415	-0.00855185	-0.0090244	-0.0100912	-0.0098048	-0.00893361	-0.0135828	-0.0255841	-0.0361321	-0.052905	-0.065823	-0.104846	-0.166167	-0.260318	-0.361166	-0.439822	-0.473614	-0.439876	-0.35193	-0.217416	-0.0613538	0.103215	0.251145	0.361817	0.435837	0.496423	0.566165	0.634742	0.681845	0.669196	0.606163	0.538102	0.473756	0.408725	0.322294	0.196583	0.0399958	-0.124633	-0.272524	-0.392375	-0.461259	-0.462366	-0.412868	-0.323527	-0.216242	-0.134769	-0.0870429	-0.0574546	-0.0405563	-0.0290903	-0.0179723	-0.00806026	-0.00197574	-0.00450348	-0.00859315	-0.00399057	0.000913625	-0.000132823	0	
0	0.00158737	-0.0039931	-0.000145866	-0.000110497	-0.00500088	0.00378792	-0.000900761	0.000603049	0.00359119	-0.00217	0.000113336	-0.00209098	-0.00431873	0.00340999	-0.00123502	-0.00408763	-0.00249961	0.00160262	-0.00462214	-0.00542467	0.00119165	-0.00243113	-0.00605861	-0.00043069	-0.00149511	-0.00771544	-0.00111727	-0.000665095	-0.00626933	-0.00530993	-0.0023166	-0.00157487	-0.00699764	-0.00789875	-0.00257843	-0.000831896	-0.0101677	-0.0110874	-0.00198305	-0.00421142	-0.00955612	-0.0128312	-0.00864865	-0.00909212	-0.00795887	-0.0123069	-0.0214448	-0.0276285	-0.0352711	-0.0513439	-0.0783227	-0.124958	-0.191871	-0.29008	-0.392826	-0.473662	-0.511132	-0.486407	-0.402964	-0.267899	-0.0966293	0.0843066	0.248714	0.388441	0.489414	0.576198	0.665458	0.737777	0.784651	0.773627	0.712762	0.634327	0.541582	0.448117	0.33854	0.18789	0.00966968	-0.16704	-0.321277	-0.44259	-0.503929	-0.496237	-0.444844	-0.353638	-0.242748	-0.159674	-0.105599	-0.0631413	-0.0380674	-0.0294513	-0.0248798	-0.0139401	-0.00135852	-0.00297558	-0.00945411	-0.0037056	0.000636796	-0.00289801	0	
0	-0.00065589	0.00114795	-0.000619943	0.00180931	-0.00119889	0.00107694	-0.00313135	-0.00368365	-0.00217	-0.00429712	-0.000153884	0.00146117	0.00105702	0.000458878	-0.00181749	-0.00136867	0.00193056	-0.00216996	0.000432739	-0.0013176	0.00217986	-0.0049133	-0.00337862	0.00225495	-0.00252117	-0.00732462	0.000392548	-0.000994436	-0.00682893	-0.00484356	-0.00137838	-0.00205567	-0.00785003	-0.00750765	-0.00101406	3.14215e-05	-0.0130785	-0.00909395	3.79082e-05	-0.00146568	-0.0123817	-0.0124986	-0.00697806	-0.00558758	-0.00597816	-0.0168298	-0.0275565	-0.0299971	-0.0341901	-0.0540037	-0.09538	-0.148141	-0.220039	-0.318577	-0.419162	-0.50175	-0.542337	-0.528515	-0.455521	-0.317739	-0.139018	0.0539802	0.239637	0.403114	0.540731	0.662754	0.769696	0.85178	0.897336	0.884011	0.820518	0.727022	0.615379	0.493092	0.344306	0.168516	-0.0215759	-0.213728	-0.379618	-0.494684	-0.540928	-0.525727	-0.472886	-0.379846	-0.268343	-0.184379	-0.124213	-0.0711586	-0.0372941	-0.0283226	-0.0293568	-0.019799	-0.00331318	-0.00271529	-0.00845858	-0.0020198	-0.000644342	-0.00691681	0	
0	-0.00174963	0.00401299	-0.00115654	-0.000614626	0.00173914	-0.00252109	-0.000699661	0.00208812	0.000113336	-0.000153884	0.000967701	-0.00315802	-0.00380317	-0.00658023	-0.00112412	-0.00274427	-0.00120531	-0.00365392	-0.00379682	-0.00428306	-0.0015336	-0.00288064	-0.00390295	-0.000447271	-0.00427173	-0.00524848	0.000586288	-0.0036948	-0.00535649	-0.00481466	-0.000206412	-0.00495082	-0.00659624	-0.00861592	0.000776366	-0.00433623	-0.0142071	-0.0101927	-0.000311935	-0.00510112	-0.0180651	-0.0154522	-0.0100811	-0.00683629	-0.0103922	-0.0261431	-0.03356	-0.0335657	-0.0307817	-0.0585398	-0.109112	-0.165667	-0.243407	-0.336664	-0.439691	-0.524732	-0.573462	-0.578087	-0.514574	-0.376227	-0.190261	0.0196921	0.228336	0.420146	0.598569	0.752813	0.875552	0.96547	1.0092	0.996745	0.934488	0.831776	0.695096	0.530324	0.343446	0.144664	-0.0621163	-0.265255	-0.435096	-0.545783	-0.581803	-0.555876	-0.493907	-0.399502	-0.293041	-0.209051	-0.142752	-0.0815249	-0.0388295	-0.0262953	-0.0309338	-0.025041	-0.00795204	-0.00366693	-0.00573337	0.000206522	-0.00280171	-0.0108413	0	
0	0.000157273	-0.0034057	-0.00160187	-0.00180359	-0.00079831	-0.00224608	0.00303538	-0.000799054	-0.00209098	0.00146117	-0.00315802	-0.00386071	0.0019229	0.00129998	0.00178114	-0.00194495	-0.00470616	-0.00134388	-0.00119143	-0.000579023	-0.00420921	-0.00221842	-0.00482013	-0.00131598	-0.00593462	-0.00346122	-0.0036909	-0.00515056	-0.00611852	-0.00498917	-0.00366677	-0.00711824	-0.0073568	-0.00856828	-0.000824055	-0.00863479	-0.0130424	-0.00973411	0.000255208	-0.0084294	-0.0176132	-0.0142779	-0.007786	-0.00389265	-0.0126551	-0.0280182	-0.0357218	-0.0299705	-0.0295883	-0.066162	-0.125208	-0.18899	-0.268077	-0.358043	-0.461361	-0.546467	-0.606141	-0.62613	-0.567588	-0.432771	-0.238881	-0.0147278	0.208038	0.432718	0.650968	0.83478	0.984914	1.08699	1.12816	1.12002	1.05575	0.933584	0.765293	0.563109	0.344897	0.12148	-0.104341	-0.32063	-0.496795	-0.59962	-0.621049	-0.583122	-0.51138	-0.416848	-0.316089	-0.230729	-0.160089	-0.0947	-0.0437835	-0.0242928	-0.029476	-0.0289987	-0.0146219	-0.00550746	-0.00213639	0.00175969	-0.00528605	-0.0130146	0	
0	0.00291571	-0.0031848	0.00383474	-0.000262238	7.81719e-05	-0.000240534	-0.00151775	-0.00373689	-0.00431873	0.00105702	-0.00380317	0.0019229	0.00238589	-0.005125	-0.00507898	-0.000272988	-0.00163052	-0.000457673	-0.00179469	-0.00290291	-0.00479343	-0.000861776	-0.00203629	-0.00454056	-0.00393906	-0.00184962	-0.00494298	-0.00474245	-0.00436505	-0.00383207	-0.00586512	-0.00582279	-0.00702985	-0.00540051	-0.00480584	-0.00900888	-0.0115066	-0.00730253	-0.00302205	-0.0115534	-0.0169258	-0.0145876	-0.00722114	-0.00691169	-0.0180543	-0.0329661	-0.0379235	-0.0289238	-0.0338692	-0.0779465	-0.140784	-0.21094	-0.285519	-0.374117	-0.475732	-0.56343	-0.64117	-0.672112	-0.624611	-0.492418	-0.290087	-0.0580135	0.187275	0.445181	0.701279	0.922677	1.09784	1.20961	1.2521	1.24327	1.1692	1.03011	0.841837	0.606219	0.344711	0.0883915	-0.152157	-0.375685	-0.554068	-0.651177	-0.665275	-0.614195	-0.525949	-0.430049	-0.335771	-0.249238	-0.176767	-0.1101	-0.051695	-0.0233164	-0.0261945	-0.0313551	-0.0216269	-0.00762204	0.000789013	0.00145165	-0.00721697	-0.0120668	0	
0	0.000130577	0.00130653	5.21461e-05	-4.41632e-05	-0.00151996	-0.00102379	0.000185283	-0.0022854	0.00340999	0.000458878	-0.00658023	0.00129998	-0.005125	-0.00756803	0.00185474	-0.000729118	-0.00478163	-0.00334638	-0.00160591	-0.00516486	-0.00370641	0.00160121	-0.0047994	-0.00719682	-0.000821066	-0.000860803	-0.00817589	-0.00415438	-0.00236269	-0.00482939	-0.00722649	-0.00606139	-0.00479351	-0.00569194	-0.00837781	-0.00979955	-0.0082288	-0.00736686	-0.00854918	-0.013488	-0.016358	-0.014158	-0.00915528	-0.0120495	-0.0237886	-0.0366426	-0.0367011	-0.0286286	-0.0421481	-0.0879444	-0.157543	-0.225468	-0.299897	-0.386788	-0.485507	-0.587092	-0.678353	-0.72267	-0.685279	-0.550341	-0.341861	-0.0983352	0.172342	0.462755	0.751661	1.00688	1.20545	1.32465	1.37517	1.36997	1.2853	1.13285	0.917087	0.636293	0.340205	0.0637072	-0.194717	-0.429703	-0.610323	-0.706433	-0.713766	-0.643975	-0.539764	-0.443791	-0.351644	-0.263203	-0.192529	-0.126345	-0.0616468	-0.0249168	-0.0232407	-0.0317243	-0.0265762	-0.00955838	0.00120733	-0.00130277	-0.00765384	-0.00757723	0	
0	-0.00197375	-0.00106551	-0.00335001	-0.00131097	-0.000478654	-0.00121046	0.000938578	-0.000939662	-0.00123502	-0.00181749	-0.00112412	0.00178114	-0.00507898	0.00185474	0.00259091	-0.00495491	-0.00421865	-0.00354766	-0.000624868	-0.00443592	-0.00405409	-0.00258367	-0.00800786	-0.00603415	-0.000598783	-0.00605868	-0.0119276	-0.00288576	-0.00434275	-0.0086115	-0.0107625	-0.00639714	-0.00591075	-0.00864449	-0.0143139	-0.00952431	-0.00699922	-0.0106321	-0.0148863	-0.0142362	-0.0140943	-0.013751	-0.010917	-0.0163979	-0.0263895	-0.0342152	-0.031342	-0.029136	-0.0507898	-0.100228	-0.171038	-0.2401	-0.31413	-0.399233	-0.501812	-0.615318	-0.719708	-0.773527	-0.73876	-0.600716	-0.387958	-0.131331	0.160689	0.474813	0.796864	1.08449	1.3043	1.44492	1.50649	1.49181	1.39723	1.22919	0.979063	0.667118	0.348355	0.044387	-0.236353	-0.481043	-0.666267	-0.76185	-0.759738	-0.676056	-0.56117	-0.457925	-0.36074	-0.273869	-0.207752	-0.140941	-0.072494	-0.0307394	-0.0227155	-0.0298168	-0.0275297	-0.0112383	-0.00207648	-0.00609933	-0.00610788	-0.000495853	0	
0	-0.00183058	0.00336003	-0.00149779	-0.000160516	0.00176453	-0.00313404	-0.000755621	-0.000788173	-0.00408763	-0.00136867	-0.00274427	-0.00194495	-0.000272988	-0.000729118	-0.00495491	-0.0063764	0.000175221	-8.73997e-05	-0.0016031	-0.00583944	-0.00423334	0.000385195	-0.00531419	-0.00420391	-0.000748944	-0.00701383	-0.00705387	-0.0010899	-0.00420318	-0.00946714	-0.00758519	-0.00474172	-0.00371587	-0.0107893	-0.0137741	-0.00606129	-0.00360462	-0.0142352	-0.0169649	-0.0119447	-0.0107865	-0.0141692	-0.0151205	-0.022421	-0.0291469	-0.0326028	-0.029226	-0.0382547	-0.0642518	-0.115391	-0.182749	-0.250395	-0.323793	-0.406767	-0.517388	-0.645409	-0.761989	-0.824544	-0.791459	-0.650431	-0.432204	-0.159168	0.15539	0.493429	0.843638	1.15718	1.3987	1.55909	1.62807	1.60969	1.50542	1.31248	1.03613	0.707486	0.362706	0.0263153	-0.274073	-0.526311	-0.714707	-0.811878	-0.808599	-0.71747	-0.588037	-0.469362	-0.366729	-0.284285	-0.220199	-0.151405	-0.0838585	-0.0413608	-0.0258406	-0.0261618	-0.0239878	-0.0126549	-0.00877602	-0.0116993	-0.00299927	0.00702058	0	
0	0.00046834	0.00208544	-0.00052061	0.00236732	-0.00148921	-0.00259864	-0.000125474	-0.0037291	-0.00249961	0.00193056	-0.00120531	-0.00470616	-0.00163052	-0.00478163	-0.00421865	0.000175221	0.000881822	-0.00671759	-0.00471182	-0.00480962	0.00019148	-0.00405729	-0.00656225	-0.00534023	-0.00150903	-0.00824038	-0.00568054	-0.00368524	-0.0066767	-0.00948053	-0.00758029	-0.00500728	-0.00650494	-0.0129794	-0.0148308	-0.00281363	-0.00731781	-0.0179881	-0.020459	-0.00848115	-0.0115794	-0.0162069	-0.0219249	-0.0270485	-0.0296232	-0.0273278	-0.03045	-0.0472565	-0.0792381	-0.125692	-0.189907	-0.258306	-0.328984	-0.419197	-0.538856	-0.683069	-0.80961	-0.874492	-0.838568	-0.694272	-0.465374	-0.173603	0.156656	0.517914	0.888661	1.21945	1.48621	1.66505	1.73812	1.71872	1.60504	1.39081	1.09416	0.744449	0.373222	0.0179673	-0.2934	-0.558212	-0.760573	-0.865283	-0.858424	-0.75922	-0.619286	-0.485927	-0.374613	-0.292253	-0.227299	-0.158071	-0.0954056	-0.055456	-0.0328689	-0.0222714	-0.0172027	-0.0136931	-0.0169198	-0.016501	0.000278334	0.0123187	0	
0	-0.00158501	-0.00258633	-0.00337368	-0.00263752	-0.000986014	-0.000848748	0.00270382	9.60429e-05	0.00160262	-0.00216996	-0.00365392	-0.00134388	-0.000457673	-0.00334638	-0.00354766	-8.73997e-05	-0.00671759	-0.008553	-0.00226581	-0.00105874	-0.00666639	-0.0091472	-0.00483798	-0.00318435	-0.00740537	-0.00821208	-0.00661262	-0.00539308	-0.00973208	-0.00888426	-0.00918435	-0.00661623	-0.0102334	-0.0155524	-0.0133594	-0.00453286	-0.0119764	-0.0237548	-0.0196579	-0.00853338	-0.0134888	-0.0211663	-0.0290896	-0.0291726	-0.0276955	-0.0220404	-0.0347118	-0.0589229	-0.0910836	-0.132051	-0.193182	-0.260038	-0.336093	-0.432903	-0.569704	-0.728522	-0.859459	-0.924994	-0.881175	-0.729225	-0.48397	-0.174602	0.174124	0.548716	0.925589	1.27484	1.55897	1.75364	1.84331	1.82322	1.69163	1.45493	1.14231	0.779141	0.394787	0.0300732	-0.298304	-0.587918	-0.804937	-0.90836	-0.900319	-0.807835	-0.662293	-0.507241	-0.382888	-0.298865	-0.230769	-0.161228	-0.105456	-0.0707848	-0.0430836	-0.0201616	-0.0101301	-0.014116	-0.023246	-0.019155	0.00173266	0.0132698	0	
0	7.24428e-05	0.000507459	0.00173283	-0.00198622	0.00131772	-0.00363542	-0.00246203	-0.00358224	-0.00462214	0.000432739	-0.00379682	-0.00119143	-0.00179469	-0.00160591	-0.000624868	-0.0016031	-0.00471182	-0.00226581	0.00278156	-0.00471038	-0.0089517	-0.00206891	0.000572801	-0.00718654	-0.0101515	-0.00256279	-0.00535841	-0.00808406	-0.00955538	-0.00689404	-0.00831864	-0.0078944	-0.0117929	-0.013384	-0.00951003	-0.00574281	-0.0152483	-0.0220041	-0.014583	-0.00645331	-0.0135209	-0.0244516	-0.0302119	-0.0279205	-0.0206763	-0.0209684	-0.0433482	-0.0732465	-0.103924	-0.137953	-0.197655	-0.264678	-0.346441	-0.455658	-0.607847	-0.774521	-0.908118	-0.964856	-0.914345	-0.7527	-0.488486	-0.165158	0.198916	0.580306	0.963289	1.32516	1.62245	1.83363	1.9282	1.90293	1.76302	1.51243	1.18695	0.813975	0.426774	0.0560065	-0.295459	-0.606376	-0.830367	-0.941205	-0.948408	-0.863844	-0.70546	-0.532522	-0.400072	-0.307079	-0.229046	-0.160985	-0.113929	-0.0845949	-0.0541896	-0.0220487	-0.00668402	-0.0134185	-0.0244318	-0.0192763	-0.000359346	0.0093433	0	
0	-0.00105302	0.00239502	-0.000737655	-0.000231823	0.00272335	-0.00348852	0.00049134	-0.000621195	-0.00542467	-0.0013176	-0.00428306	-0.000579023	-0.00290291	-0.00516486	-0.00443592	-0.00583944	-0.00480962	-0.00105874	-0.00471038	-0.00787994	-0.00566412	-0.000287666	-0.00462027	-0.0115506	-0.0049818	-8.7899e-06	-0.00890771	-0.010628	-0.00632749	-0.00522263	-0.00925619	-0.0104849	-0.0124061	-0.0098996	-0.00909536	-0.0117856	-0.018596	-0.0203341	-0.0129754	-0.0115395	-0.0190282	-0.0319089	-0.0339185	-0.0276664	-0.0194481	-0.0273531	-0.0571796	-0.0873771	-0.110004	-0.13997	-0.194182	-0.266166	-0.356831	-0.483235	-0.651985	-0.824788	-0.956417	-1.00426	-0.943516	-0.76266	-0.480067	-0.135832	0.239272	0.617676	1.00281	1.36558	1.67041	1.89316	1.99219	1.9664	1.81599	1.55601	1.22677	0.852118	0.468827	0.0916246	-0.277585	-0.601989	-0.842943	-0.97563	-0.995401	-0.911595	-0.749755	-0.572883	-0.427652	-0.313022	-0.224407	-0.161282	-0.119713	-0.0929138	-0.0642178	-0.0299161	-0.0095027	-0.0110532	-0.0191608	-0.0177185	-0.00624457	0.00216771	0	
0	-0.00161428	0.00155478	-0.00311906	-0.00041946	-0.00223346	-0.00272294	0.00012936	-0.00138359	0.00119165	0.00217986	-0.0015336	-0.00420921	-0.00479343	-0.00370641	-0.00405409	-0.00423334	0.00019148	-0.00666639	-0.0089517	-0.00566412	-0.00343978	-0.00638835	-0.00790002	-0.0112804	-0.00295422	-0.006178	-0.0135656	-0.0113648	-0.0051537	-0.00917916	-0.0135165	-0.0148784	-0.0121678	-0.00907994	-0.0145509	-0.0190633	-0.020282	-0.0162934	-0.0163	-0.0163179	-0.0257934	-0.0342181	-0.0333729	-0.023301	-0.0185821	-0.036512	-0.0686138	-0.095053	-0.111459	-0.13674	-0.192054	-0.270606	-0.375823	-0.52366	-0.701581	-0.878156	-1.00138	-1.03626	-0.961143	-0.758062	-0.452532	-0.0911559	0.288075	0.665614	1.04219	1.3998	1.70707	1.92589	2.02594	2.00262	1.85333	1.59548	1.26197	0.891628	0.516356	0.135134	-0.238388	-0.576052	-0.847515	-1.00302	-1.03083	-0.955118	-0.802596	-0.623964	-0.458941	-0.321427	-0.224864	-0.16226	-0.119579	-0.0947381	-0.0728353	-0.0430919	-0.0182526	-0.0076801	-0.00954861	-0.0159113	-0.0139598	-0.00498309	0	
0	-0.00194912	-0.00286838	-0.00424563	-0.00224693	-0.00197549	-0.00147437	0.000688025	-0.00212646	-0.00243113	-0.0049133	-0.00288064	-0.00221842	-0.000861776	0.00160121	-0.00258367	0.000385195	-0.00405729	-0.0091472	-0.00206891	-0.000287666	-0.00638835	-0.00746945	-0.00612683	-0.00790417	-0.00445087	-0.00844778	-0.0135471	-0.00737033	-0.00654843	-0.0109104	-0.0162156	-0.0131871	-0.00962387	-0.00854783	-0.0203157	-0.020874	-0.0148767	-0.0125422	-0.0186197	-0.0207712	-0.0270653	-0.0320563	-0.0279561	-0.017713	-0.0232494	-0.046528	-0.079127	-0.097507	-0.110468	-0.134737	-0.193099	-0.283388	-0.408438	-0.572914	-0.758304	-0.930236	-1.03913	-1.06013	-0.960043	-0.732036	-0.404632	-0.0292716	0.346629	0.712975	1.07574	1.42489	1.72398	1.93917	2.04145	2.0154	1.86871	1.61635	1.29039	0.934025	0.568339	0.197175	-0.176055	-0.5407	-0.841271	-1.01274	-1.05704	-0.998612	-0.857209	-0.677467	-0.496598	-0.340778	-0.23243	-0.161315	-0.114347	-0.0925297	-0.0791136	-0.0577054	-0.0303368	-0.00563713	-0.000542288	-0.0149776	-0.019852	-0.00856149	0	
0	0.00139925	0.00460103	0.00440343	0.00187377	0.00297464	-0.00243702	-0.00396315	-0.00425514	-0.00605861	-0.00337862	-0.00390295	-0.00482013	-0.00203629	-0.0047994	-0.00800786	-0.00531419	-0.00656225	-0.00483798	0.000572801	-0.00462027	-0.00790002	-0.00612683	-0.00435179	-0.00455331	-0.00474047	-0.00909114	-0.00918634	-0.00408812	-0.00681399	-0.0117574	-0.0135202	-0.00934047	-0.00610803	-0.0116885	-0.0232044	-0.0178916	-0.00903797	-0.0135089	-0.025121	-0.0258505	-0.0296979	-0.0308488	-0.0266486	-0.0226343	-0.0376565	-0.0640019	-0.0885645	-0.100579	-0.109926	-0.134177	-0.19815	-0.301647	-0.446327	-0.622575	-0.808635	-0.971323	-1.06791	-1.07018	-0.947508	-0.695292	-0.346094	0.0357022	0.410958	0.768339	1.11721	1.45203	1.73062	1.92862	2.01764	1.99123	1.86088	1.62506	1.31929	0.98342	0.631643	0.269716	-0.110419	-0.491756	-0.809062	-1.0067	-1.07738	-1.03633	-0.908938	-0.732292	-0.541531	-0.372658	-0.247653	-0.16008	-0.10734	-0.0884806	-0.0819981	-0.0689661	-0.0418143	-0.00785402	0.00207586	-0.0152597	-0.0202044	-0.00640006	0	
0	-0.00137202	-0.00168609	-0.00285254	-0.00339794	-0.00142001	-0.00337807	0.000487716	0.00071522	-0.00043069	0.00225495	-0.000447271	-0.00131598	-0.00454056	-0.00719682	-0.00603415	-0.00420391	-0.00534023	-0.00318435	-0.00718654	-0.0115506	-0.0112804	-0.00790417	-0.00455331	-0.00896098	-0.0149653	-0.0125253	-0.00799489	-0.00942527	-0.0154459	-0.0160911	-0.0150549	-0.0114156	-0.0131372	-0.0212141	-0.0275962	-0.0169514	-0.0112855	-0.0232195	-0.0336987	-0.0320447	-0.0294944	-0.0292611	-0.0255437	-0.0308226	-0.0508981	-0.0712935	-0.0866397	-0.0922344	-0.102393	-0.130847	-0.205337	-0.329769	-0.493531	-0.678747	-0.862571	-1.01316	-1.09402	-1.07256	-0.918914	-0.638187	-0.26955	0.119601	0.487932	0.830525	1.15945	1.46546	1.71546	1.88797	1.96214	1.9428	1.83147	1.6248	1.35056	1.03275	0.695891	0.345197	-0.0350041	-0.420391	-0.755805	-0.986756	-1.08673	-1.06882	-0.955544	-0.780824	-0.592481	-0.419601	-0.271094	-0.160547	-0.102433	-0.0855065	-0.0811205	-0.0721803	-0.0489961	-0.0168035	-0.00529857	-0.0160199	-0.0134995	0.000813237	0	
0	-0.00265414	-0.00190763	-0.00459349	-0.00378048	-0.00200726	-0.00262491	-0.000644364	-0.000288726	-0.00149511	-0.00252117	-0.00427173	-0.00593462	-0.00393906	-0.000821066	-0.000598783	-0.000748944	-0.00150903	-0.00740537	-0.0101515	-0.0049818	-0.00295422	-0.00445087	-0.00474047	-0.0149653	-0.0131053	-0.0033799	-0.00594563	-0.0160535	-0.0157999	-0.0114884	-0.0112672	-0.0124916	-0.0171134	-0.0224601	-0.0216166	-0.0115098	-0.0136883	-0.0276292	-0.0353829	-0.0283887	-0.0241784	-0.023117	-0.0276854	-0.0417752	-0.0618688	-0.074145	-0.0809558	-0.0874068	-0.101034	-0.13868	-0.228881	-0.373679	-0.550076	-0.736574	-0.90878	-1.04411	-1.10374	-1.05169	-0.868932	-0.561864	-0.18054	0.206978	0.567218	0.892829	1.19596	1.47004	1.68329	1.8232	1.88367	1.87081	1.78373	1.61229	1.36882	1.07819	0.76432	0.426276	0.0567827	-0.329444	-0.691216	-0.955756	-1.08364	-1.08757	-0.986118	-0.825692	-0.65468	-0.474703	-0.297918	-0.169251	-0.10645	-0.0847385	-0.074893	-0.0655714	-0.0515534	-0.0324045	-0.0207397	-0.016158	-0.00246305	0.009374	0	
0	0.000950884	0.00301251	0.00254623	0.00257028	0.00165229	-0.00152619	-0.00273592	-0.00628802	-0.00771544	-0.00732462	-0.00524848	-0.00346122	-0.00184962	-0.000860803	-0.00605868	-0.00701383	-0.00824038	-0.00821208	-0.00256279	-8.7899e-06	-0.006178	-0.00844778	-0.00909114	-0.0125253	-0.0033799	-0.000821392	-0.014361	-0.0177361	-0.00905363	-0.00673196	-0.0122863	-0.0158062	-0.0197421	-0.0185316	-0.0153281	-0.012345	-0.0205925	-0.0323103	-0.0346388	-0.0261408	-0.0207534	-0.0255167	-0.0391606	-0.0582702	-0.0716018	-0.073267	-0.0768687	-0.0851393	-0.106036	-0.154995	-0.263383	-0.423833	-0.605621	-0.784786	-0.943351	-1.06092	-1.09482	-1.01402	-0.801274	-0.47576	-0.0891405	0.296241	0.645276	0.954442	1.23117	1.4688	1.64078	1.74286	1.78278	1.77083	1.70822	1.57839	1.37925	1.128	0.841782	0.519447	0.153789	-0.242868	-0.618988	-0.900369	-1.05552	-1.08736	-1.01041	-0.875246	-0.713913	-0.522443	-0.334081	-0.197567	-0.12021	-0.0831287	-0.0643298	-0.0538101	-0.0517892	-0.0492296	-0.0369027	-0.0163107	0.00623618	0.0146718	0	
0	-0.000283305	0.000842655	-0.000571278	-0.00120628	-0.000727677	-0.00308266	-0.00214518	-0.000752876	-0.00111727	0.000392548	0.000586288	-0.0036909	-0.00494298	-0.00817589	-0.0119276	-0.00705387	-0.00568054	-0.00661262	-0.00535841	-0.00890771	-0.0135656	-0.0135471	-0.00918634	-0.00799489	-0.00594563	-0.014361	-0.0211195	-0.0132342	-0.00782885	-0.012802	-0.0196695	-0.0221072	-0.0221306	-0.016222	-0.0175018	-0.0228617	-0.0315512	-0.0361249	-0.0357258	-0.0259297	-0.0242785	-0.0355018	-0.056873	-0.0712202	-0.0730499	-0.0664638	-0.069617	-0.0833278	-0.112966	-0.17832	-0.304155	-0.47554	-0.655369	-0.824851	-0.96882	-1.06676	-1.07416	-0.962054	-0.724357	-0.383786	0.00754631	0.390324	0.731538	1.02146	1.26585	1.45753	1.57707	1.6378	1.65514	1.64778	1.61945	1.53719	1.3881	1.17872	0.91524	0.603637	0.244682	-0.147084	-0.52364	-0.822689	-1.01008	-1.07649	-1.03105	-0.91281	-0.753167	-0.568764	-0.389849	-0.24153	-0.138009	-0.0830974	-0.0561034	-0.044023	-0.0505766	-0.0582644	-0.0459712	-0.0194644	0.00572382	0.014014	0	
0	-0.00250139	-0.00291447	-0.004684	-0.00524983	-0.00336901	-0.0034492	-0.000849232	-0.000369059	-0.000665095	-0.000994436	-0.0036948	-0.00515056	-0.00474245	-0.00415438	-0.00288576	-0.0010899	-0.00368524	-0.00539308	-0.00808406	-0.010628	-0.0113648	-0.00737033	-0.00408812	-0.00942527	-0.0160535	-0.0177361	-0.0132342	-0.0093782	-0.0128941	-0.0182789	-0.0223154	-0.0232933	-0.0180946	-0.013312	-0.0224715	-0.0318575	-0.0327198	-0.0319936	-0.0298151	-0.0233713	-0.0262031	-0.0461973	-0.0669159	-0.0718255	-0.0632499	-0.0554304	-0.0644408	-0.0873996	-0.132665	-0.217265	-0.358751	-0.53245	-0.704734	-0.859198	-0.985086	-1.05698	-1.03164	-0.889263	-0.628881	-0.279784	0.11156	0.488048	0.814018	1.07876	1.28274	1.42549	1.4981	1.51992	1.52015	1.52245	1.52197	1.48192	1.38057	1.21107	0.979356	0.690525	0.343103	-0.0418349	-0.419557	-0.73567	-0.951436	-1.05053	-1.03124	-0.926202	-0.782963	-0.623239	-0.452458	-0.287949	-0.163691	-0.0933412	-0.0557287	-0.0404191	-0.0469663	-0.0532111	-0.0447936	-0.0280765	-0.00632697	0.0075023	0	
0	-0.000543676	-0.00038271	-0.000846193	-0.000425762	0.000178115	-0.00165078	-0.00209005	-0.0033706	-0.00626933	-0.00682893	-0.00535649	-0.00611852	-0.00436505	-0.00236269	-0.00434275	-0.00420318	-0.0066767	-0.00973208	-0.00955538	-0.00632749	-0.0051537	-0.00654843	-0.00681399	-0.0154459	-0.0157999	-0.00905363	-0.00782885	-0.0128941	-0.016341	-0.0178886	-0.0219768	-0.0190328	-0.0125857	-0.0148583	-0.0316428	-0.0352702	-0.0290702	-0.0264024	-0.028585	-0.0265768	-0.0381651	-0.0612651	-0.0755058	-0.0684575	-0.0558295	-0.0523738	-0.0698112	-0.105019	-0.167534	-0.269093	-0.415715	-0.583275	-0.739744	-0.877353	-0.979944	-1.02212	-0.966478	-0.798422	-0.526669	-0.175618	0.211373	0.578163	0.887371	1.12261	1.28702	1.38322	1.41078	1.40093	1.3849	1.38826	1.41002	1.40921	1.35502	1.23295	1.04013	0.776192	0.443267	0.0639654	-0.318131	-0.643778	-0.874374	-0.996988	-1.00426	-0.926921	-0.8128	-0.671354	-0.503486	-0.336856	-0.204655	-0.117249	-0.0661728	-0.0445539	-0.03968	-0.0355538	-0.036493	-0.0403189	-0.0254539	-0.00306271	0	
0	0.00054971	0.00343726	0.00206568	0.00092031	0.000584953	-0.00273931	-0.00362084	-0.00493689	-0.00530993	-0.00484356	-0.00481466	-0.00498917	-0.00383207	-0.00482939	-0.0086115	-0.00946714	-0.00948053	-0.00888426	-0.00689404	-0.00522263	-0.00917916	-0.0109104	-0.0117574	-0.0160911	-0.0114884	-0.00673196	-0.012802	-0.0182789	-0.0178886	-0.0199598	-0.0209101	-0.0151749	-0.0139645	-0.0263021	-0.0391752	-0.0339389	-0.0238349	-0.0261269	-0.0321908	-0.0375746	-0.0536784	-0.0731545	-0.0747437	-0.0601898	-0.0498207	-0.0548528	-0.0827649	-0.133534	-0.213539	-0.324814	-0.468453	-0.621085	-0.761318	-0.877678	-0.954404	-0.96689	-0.883489	-0.700283	-0.423475	-0.0745067	0.306533	0.662558	0.952041	1.15604	1.27792	1.3302	1.31822	1.27644	1.24577	1.25285	1.29352	1.32651	1.31638	1.24181	1.09101	0.854828	0.534946	0.160492	-0.21729	-0.539457	-0.77677	-0.920616	-0.960069	-0.917947	-0.828662	-0.699148	-0.543794	-0.390144	-0.256398	-0.155399	-0.0913062	-0.0541795	-0.0291303	-0.015812	-0.0277799	-0.0493629	-0.0423252	-0.0149323	0	
0	-0.00104917	-0.00202821	-0.00284995	-0.00277842	-0.00229662	-0.00331203	-0.00192285	-0.00130369	-0.0023166	-0.00137838	-0.000206412	-0.00366677	-0.00586512	-0.00722649	-0.0107625	-0.00758519	-0.00758029	-0.00918435	-0.00831864	-0.00925619	-0.0135165	-0.0162156	-0.0135202	-0.0150549	-0.0112672	-0.0122863	-0.0196695	-0.0223154	-0.0219768	-0.0209101	-0.0186329	-0.0167652	-0.0271155	-0.0374895	-0.0404843	-0.0288971	-0.0244166	-0.0309492	-0.0430303	-0.0529143	-0.0680837	-0.0755928	-0.0663059	-0.051011	-0.0485001	-0.0633429	-0.105065	-0.172527	-0.266206	-0.378652	-0.510324	-0.647476	-0.767778	-0.862095	-0.909993	-0.893129	-0.789915	-0.596699	-0.319184	0.0263746	0.400301	0.741903	1.00435	1.17007	1.25048	1.26091	1.21566	1.15595	1.11626	1.12395	1.17969	1.23978	1.26627	1.23266	1.11924	0.91414	0.617225	0.256667	-0.112364	-0.42985	-0.670689	-0.830206	-0.897764	-0.886991	-0.821295	-0.710527	-0.575266	-0.438218	-0.312686	-0.20991	-0.129033	-0.0652017	-0.0227274	-0.00796146	-0.0229958	-0.0479167	-0.0479797	-0.0235712	0	
0	-0.00228404	-0.000986654	-0.00382839	-0.00464712	-0.00332769	-0.00441404	-0.00251614	-0.00189426	-0.00157487	-0.00205567	-0.00495082	-0.00711824	-0.00582279	-0.00606139	-0.00639714	-0.00474172	-0.00500728	-0.00661623	-0.0078944	-0.0104849	-0.0148784	-0.0131871	-0.00934047	-0.0114156	-0.0124916	-0.0158062	-0.0221072	-0.0232933	-0.0190328	-0.0151749	-0.0167652	-0.0267467	-0.0362614	-0.0362398	-0.0307284	-0.0247468	-0.0254027	-0.0373187	-0.053181	-0.064437	-0.0700477	-0.0653432	-0.0531515	-0.0456673	-0.0546028	-0.0832951	-0.141699	-0.226056	-0.324926	-0.428774	-0.544563	-0.660845	-0.759736	-0.824422	-0.841345	-0.800087	-0.682636	-0.48803	-0.214423	0.124457	0.485806	0.804599	1.03493	1.16196	1.20201	1.18151	1.11567	1.04189	0.99876	1.0118	1.07573	1.14947	1.19928	1.19877	1.12485	0.95726	0.688972	0.347908	-0.00913269	-0.3209	-0.561579	-0.729168	-0.815217	-0.829443	-0.790298	-0.70517	-0.592769	-0.47742	-0.37119	-0.271337	-0.170191	-0.0832041	-0.033827	-0.0175003	-0.0213403	-0.0355519	-0.0387537	-0.0224261	0	
0	-0.00108206	-0.00220179	-0.00239306	-0.00171281	-0.000842874	-0.0021543	-0.00185451	-0.00364508	-0.00699764	-0.00785003	-0.00659624	-0.0073568	-0.00702985	-0.00479351	-0.00591075	-0.00371587	-0.00650494	-0.0102334	-0.0117929	-0.0124061	-0.0121678	-0.00962387	-0.00610803	-0.0131372	-0.0171134	-0.0197421	-0.0221306	-0.0180946	-0.0125857	-0.0139645	-0.0271155	-0.0362614	-0.0354826	-0.0261507	-0.0266585	-0.02684	-0.0331706	-0.0483653	-0.0673214	-0.0713237	-0.0643214	-0.0541763	-0.0481428	-0.0527434	-0.0745266	-0.118349	-0.194165	-0.286118	-0.379476	-0.466868	-0.561948	-0.657469	-0.727671	-0.761825	-0.750839	-0.691538	-0.570535	-0.378873	-0.111772	0.215705	0.558098	0.848025	1.03953	1.12698	1.1367	1.09455	1.01894	0.946456	0.904121	0.914453	0.977458	1.05676	1.12131	1.1453	1.10563	0.978332	0.747223	0.431963	0.0882858	-0.217695	-0.455344	-0.621672	-0.712382	-0.743514	-0.73358	-0.681464	-0.598579	-0.508039	-0.418442	-0.321564	-0.214505	-0.122682	-0.0678915	-0.0378126	-0.0219482	-0.0201774	-0.0175076	-0.00729535	0	
0	0.00125112	0.00567911	0.00391593	0.00284145	0.00190076	-0.002751	-0.00442098	-0.006922	-0.00789875	-0.00750765	-0.00861592	-0.00856828	-0.00540051	-0.00569194	-0.00864449	-0.0107893	-0.0129794	-0.0155524	-0.013384	-0.0098996	-0.00907994	-0.00854783	-0.0116885	-0.0212141	-0.0224601	-0.0185316	-0.016222	-0.013312	-0.0148583	-0.0263021	-0.0374895	-0.0362398	-0.0261507	-0.0229173	-0.0302437	-0.0357846	-0.0445077	-0.0638005	-0.07729	-0.0684817	-0.0538666	-0.0482237	-0.0550327	-0.0723595	-0.108501	-0.1696	-0.25576	-0.34563	-0.422359	-0.488391	-0.562073	-0.629264	-0.668845	-0.671156	-0.638735	-0.573554	-0.455628	-0.273668	-0.0196895	0.290858	0.607193	0.861798	1.01806	1.07503	1.06255	1.01232	0.93645	0.863564	0.821756	0.831958	0.890988	0.966096	1.03414	1.07644	1.06887	0.979249	0.784426	0.497581	0.170968	-0.124167	-0.35021	-0.504476	-0.591377	-0.636144	-0.656624	-0.641451	-0.589879	-0.518173	-0.439543	-0.357488	-0.269836	-0.185723	-0.116618	-0.06267	-0.028046	-0.0100785	0.00740588	0.01616	0	
0	-0.00137562	-0.00255056	-0.00375997	-0.00381471	-0.00318898	-0.00468443	-0.00253411	-0.00220894	-0.00257843	-0.00101406	0.000776366	-0.000824055	-0.00480584	-0.00837781	-0.0143139	-0.0137741	-0.0148308	-0.0133594	-0.00951003	-0.00909536	-0.0145509	-0.0203157	-0.0232044	-0.0275962	-0.0216166	-0.0153281	-0.0175018	-0.0224715	-0.0316428	-0.0391752	-0.0404843	-0.0307284	-0.0266585	-0.0302437	-0.0429412	-0.0495095	-0.062444	-0.0774747	-0.0779424	-0.0585323	-0.0459236	-0.0528294	-0.0714535	-0.101604	-0.152923	-0.225742	-0.313065	-0.38754	-0.443535	-0.488169	-0.537573	-0.577373	-0.58513	-0.564444	-0.522884	-0.458861	-0.350102	-0.178912	0.0622689	0.351311	0.637214	0.857163	0.977507	1.00731	0.982893	0.929148	0.857787	0.794925	0.757358	0.763461	0.814774	0.88464	0.953647	1.0031	1.01191	0.95038	0.789513	0.535062	0.237793	-0.0320913	-0.23966	-0.382458	-0.466761	-0.521813	-0.564631	-0.577475	-0.551032	-0.498057	-0.440154	-0.388696	-0.330484	-0.254671	-0.170619	-0.0951086	-0.0428441	-0.008207	0.0232916	0.0320976	0	
0	-0.00377425	-0.0035797	-0.00749557	-0.00827339	-0.00694463	-0.00741934	-0.00380179	-0.00224296	-0.000831896	3.14215e-05	-0.00433623	-0.00863479	-0.00900888	-0.00979955	-0.00952431	-0.00606129	-0.00281363	-0.00453286	-0.00574281	-0.0117856	-0.0190633	-0.020874	-0.0178916	-0.0169514	-0.0115098	-0.012345	-0.0228617	-0.0318575	-0.0352702	-0.0339389	-0.0288971	-0.0247468	-0.02684	-0.0357846	-0.0495095	-0.0596258	-0.0691763	-0.0721651	-0.0608133	-0.0417105	-0.0428172	-0.0632887	-0.0959168	-0.141416	-0.207587	-0.286561	-0.362969	-0.41891	-0.453125	-0.475304	-0.498992	-0.505149	-0.485023	-0.447006	-0.401204	-0.343469	-0.243409	-0.0850582	0.134733	0.394592	0.643614	0.823484	0.913622	0.925957	0.895363	0.848486	0.789707	0.736886	0.706847	0.716802	0.764118	0.82175	0.875894	0.917627	0.93148	0.888791	0.762177	0.552067	0.296383	0.0562644	-0.134448	-0.269564	-0.351082	-0.4055	-0.451454	-0.477579	-0.476788	-0.456646	-0.4331	-0.412586	-0.376554	-0.311531	-0.226453	-0.138332	-0.0671362	-0.0182045	0.0174442	0.0272036	0	
0	-0.00114635	-0.000737766	-0.00166491	-0.00050326	0.00103458	-0.00169837	-0.00114893	-0.00525734	-0.0101677	-0.0130785	-0.0142071	-0.0130424	-0.0115066	-0.0082288	-0.00699922	-0.00360462	-0.00731781	-0.0119764	-0.0152483	-0.018596	-0.020282	-0.0148767	-0.00903797	-0.0112855	-0.0136883	-0.0205925	-0.0315512	-0.0327198	-0.0290702	-0.0238349	-0.0244166	-0.0254027	-0.0331706	-0.0445077	-0.062444	-0.0691763	-0.0679721	-0.0597956	-0.0481323	-0.0427963	-0.0590162	-0.0944453	-0.141108	-0.201872	-0.27547	-0.3454	-0.403179	-0.434553	-0.445123	-0.440616	-0.431071	-0.406287	-0.363216	-0.316978	-0.275582	-0.22598	-0.139323	-0.00184229	0.189704	0.411118	0.617652	0.762283	0.826826	0.828953	0.805972	0.774284	0.735552	0.703937	0.685405	0.692632	0.72428	0.761124	0.796495	0.823812	0.83563	0.81131	0.719079	0.549235	0.332871	0.123811	-0.0485164	-0.171455	-0.23884	-0.277761	-0.315368	-0.351322	-0.381088	-0.401175	-0.412627	-0.415565	-0.396925	-0.349538	-0.276961	-0.187223	-0.105058	-0.049958	-0.014505	0.00356064	0	
0	0.00280979	0.0074195	0.00672013	0.00571995	0.00363496	-0.00237594	-0.00494388	-0.00916078	-0.0110874	-0.00909395	-0.0101927	-0.00973411	-0.00730253	-0.00736686	-0.0106321	-0.0142352	-0.0179881	-0.0237548	-0.0220041	-0.0203341	-0.0162934	-0.0125422	-0.0135089	-0.0232195	-0.0276292	-0.0323103	-0.0361249	-0.0319936	-0.0264024	-0.0261269	-0.0309492	-0.0373187	-0.0483653	-0.0638005	-0.0774747	-0.0721651	-0.0597956	-0.0509599	-0.0519404	-0.0608382	-0.0921663	-0.140259	-0.201428	-0.269832	-0.335813	-0.387529	-0.419717	-0.427042	-0.410214	-0.373428	-0.332765	-0.281377	-0.226959	-0.182169	-0.14905	-0.114066	-0.0483001	0.0596928	0.210645	0.388799	0.557411	0.673623	0.728789	0.738451	0.73176	0.722308	0.704448	0.684643	0.668664	0.670549	0.689753	0.708524	0.723761	0.737498	0.746315	0.728115	0.654226	0.514716	0.332904	0.157437	0.0176338	-0.0750285	-0.118863	-0.142936	-0.174733	-0.218679	-0.272162	-0.323827	-0.364723	-0.391146	-0.392503	-0.364641	-0.310419	-0.235743	-0.163441	-0.110006	-0.0650917	-0.0258189	0	
