0	0	0	0	0	0	0	0	0	0	0	0	0	0	0	0	0	0	0	0	0	0	0	0	0	0	0	0	0	0	0	0	0	0	0	0	0	0	0	0	0	0	0	0	0	0	0	0	0	0	0	0	0	0	0	0	0	0	0	0	0	0	0	0	0	0	0	0	0	0	0	0	0	0	0	0	0	0	0	0	0	0	0	0	0	0	0	0	0	0	0	0	0	0	0	0	0	0	0	0	
0	1.0126e-22	1.70297e-21	2.64658e-20	3.80206e-19	5.03572e-18	6.13178e-17	6.84374e-16	6.97923e-15	6.48157e-14	5.46257e-13	4.16282e-12	2.85787e-11	1.76093e-10	9.70278e-10	4.7643e-09	2.07827e-08	8.03353e-08	2.74715e-07	8.30601e-07	2.22241e-06	5.27568e-06	1.11577e-05	2.11398e-05	3.61041e-05	5.59299e-05	7.9038e-05	0.000102386	0.00012204	0.000134202	0.000136343	0.000128005	0.000110952	8.85993e-05	6.49628e-05	4.35423e-05	2.65359e-05	1.46153e-05	7.22949e-06	3.19273e-06	1.25261e-06	4.35028e-07	1.3348e-07	3.61711e-08	8.66589e-09	1.83959e-09	3.47052e-10	5.83939e-11	8.79645e-12	1.19105e-12	1.4553e-13	1.6108e-14	1.62111e-15	1.48866e-16	1.25154e-17	9.66311e-19	6.87226e-20	4.51431e-21	2.74609e-22	1.55068e-23	8.14694e-25	3.99074e-26	1.82625e-27	7.82204e-29	3.14117e-30	1.18463e-31	4.20205e-33	1.40396e-34	4.42436e-36	1.31675e-37	3.70543e-39	9.87066e-41	2.49168e-42	5.96641e-44	1.35652e-45	2.93102e-47	6.0237e-49	1.17844e-50	2.19625e-52	3.90212e-54	6.61387e-56	1.07011e-57	1.65379e-59	2.44265e-61	3.4499e-63	4.66163e-65	6.02926e-67	7.46764e-69	8.86094e-71	1.00769e-72	1.09873e-74	1.14901e-76	1.15283e-78	1.11007e-80	1.02613e-82	9.10824e-85	7.7652e-87	6.35994e-89	5.00493e-91	0	
0	1.70297e-21	2.76832e-20	4.15383e-19	5.75575e-18	7.34506e-17	8.6073e-16	9.23375e-15	9.03887e-14	8.04615e-13	6.49001e-12	4.72586e-11	3.09499e-10	1.81613e-09	9.51401e-09	4.4345e-08	1.83372e-07	6.71251e-07	2.17275e-06	6.22023e-06	1.57793e-05	3.55997e-05	7.18113e-05	0.000130359	0.000214435	0.000321779	0.000443114	0.00056278	0.00066175	0.000722312	0.000732915	0.000691492	0.000606058	0.000492384	0.000369572	0.000255111	0.00016105	9.2385e-05	4.78263e-05	2.2193e-05	9.17589e-06	3.36467e-06	1.09095e-06	3.12398e-07	7.90346e-08	1.76963e-08	3.51624e-09	6.22116e-10	9.83782e-11	1.39598e-11	1.78462e-12	2.06348e-13	2.16616e-14	2.072e-15	1.81212e-16	1.45373e-17	1.073e-18	7.30753e-20	4.60417e-21	2.69044e-22	1.46149e-23	7.39635e-25	3.49439e-26	1.54414e-27	6.39357e-29	2.48466e-30	9.07698e-32	3.12184e-33	1.01223e-34	3.09826e-36	8.96312e-38	2.45363e-39	6.36275e-41	1.56464e-42	3.6521e-44	8.09899e-46	1.70788e-47	3.42751e-49	6.55141e-51	1.19356e-52	2.07403e-54	3.43974e-56	5.44816e-58	8.24602e-60	1.1933e-61	1.65194e-63	2.18873e-65	2.77682e-67	3.37482e-69	3.93081e-71	4.38944e-73	4.70101e-75	4.83033e-77	4.76324e-79	4.50919e-81	4.09904e-83	3.57903e-85	3.00226e-87	2.41991e-89	0	
0	2.64658e-20	4.15383e-19	6.01025e-18	8.02182e-17	9.84843e-16	1.10884e-14	1.14129e-13	1.07025e-12	9.11166e-12	7.01664e-11	4.86888e-10	3.03265e-09	1.68909e-08	8.38186e-08	3.6937e-07	1.44163e-06	4.97457e-06	1.51687e-05	4.09184e-05	9.79435e-05	0.000209057	0.000400534	0.000694002	0.00109586	0.00158829	0.00212622	0.00264258	0.00306123	0.00331419	0.00335822	0.00318566	0.00282636	0.00234014	0.001802	0.00128452	0.000842684	0.000505305	0.000274882	0.000134621	5.89339e-05	2.29274e-05	7.89366e-06	2.3998e-06	6.43987e-07	1.52722e-07	3.20832e-08	5.98968e-09	9.9745e-10	1.48754e-10	1.9948e-11	2.41508e-12	2.65007e-13	2.64545e-14	2.411e-15	2.0128e-16	1.5441e-17	1.09167e-18	7.13262e-20	4.31779e-21	2.42758e-22	1.27046e-23	6.20202e-25	2.82975e-26	1.20894e-27	4.84453e-29	1.82387e-30	6.46088e-32	2.15659e-33	6.79209e-35	2.02093e-36	5.68762e-38	1.51575e-39	3.82917e-41	9.17903e-43	2.08985e-44	4.52323e-46	9.31461e-48	1.82646e-49	3.41281e-51	6.08111e-53	1.03399e-54	1.67875e-56	2.60412e-58	3.86177e-60	5.47767e-62	7.43553e-64	9.6637e-66	1.20306e-67	1.43526e-69	1.64151e-71	1.8005e-73	1.89466e-75	1.91339e-77	1.85499e-79	1.72692e-81	1.54422e-83	1.32665e-85	1.09519e-87	0	
0	3.80206e-19	5.75575e-18	8.02182e-17	1.03002e-15	1.21493e-14	1.31232e-13	1.29379e-12	1.16014e-11	9.42713e-11	6.91523e-10	4.56123e-09	2.69453e-08	1.4201e-07	6.65283e-07	2.76162e-06	1.01331e-05	3.28234e-05	9.38849e-05	0.000237641	0.000534606	0.00107571	0.00195132	0.00321843	0.00486712	0.00680022	0.00883568	0.0107332	0.0122386	0.0131358	0.0132911	0.0126809	0.011397	0.00962717	0.00761646	0.00561659	0.00383729	0.00241142	0.00138259	0.000717079	0.000333657	0.000138281	5.07674e-05	1.64551e-05	4.70275e-06	1.18574e-06	2.64287e-07	5.22312e-08	9.18634e-09	1.44364e-09	2.03557e-10	2.58595e-11	2.97178e-12	3.1014e-13	2.95012e-14	2.56667e-15	2.04909e-16	1.5057e-17	1.02127e-18	6.41095e-20	3.73392e-21	2.02244e-22	1.02094e-23	4.81304e-25	2.12304e-26	8.77788e-28	3.40753e-29	1.24391e-30	4.27637e-32	1.38644e-33	4.24457e-35	1.22858e-36	3.36599e-38	8.73851e-40	2.1519e-41	5.03143e-43	1.118e-44	2.36294e-46	4.7542e-48	9.11289e-50	1.66535e-51	2.90355e-53	4.83293e-55	7.6846e-57	1.16793e-58	1.69759e-60	2.36105e-62	3.14373e-64	4.00918e-66	4.89923e-68	5.73909e-70	6.44719e-72	6.94814e-74	7.18598e-76	7.13448e-78	6.80185e-80	6.22875e-82	5.48019e-84	4.63325e-86	0	
0	5.03572e-18	7.34506e-17	9.84843e-16	1.21493e-14	1.37477e-13	1.4223e-12	1.34069e-11	1.14724e-10	8.87773e-10	6.18771e-09	3.86864e-08	2.16072e-07	1.07379e-06	4.73065e-06	1.84192e-05	6.32481e-05	0.000191398	0.000511021	0.00120791	0.00254247	0.00480337	0.00822094	0.0128687	0.0185911	0.0249878	0.0314592	0.0373023	0.04183	0.0444881	0.044945	0.0431434	0.0393088	0.0339153	0.0276096	0.0211032	0.0150503	0.00993959	0.00602627	0.00332271	0.00165036	0.000732059	0.000287988	0.000100003	3.05804e-05	8.23372e-06	1.955e-06	4.10508e-07	7.65056e-08	1.27068e-08	1.88889e-09	2.52393e-10	3.04417e-11	3.32765e-12	3.30942e-13	3.00526e-14	2.50036e-15	1.91203e-16	1.34786e-17	8.78328e-19	5.30458e-20	2.97628e-21	1.5549e-22	7.57967e-24	3.45439e-25	1.47456e-26	5.90576e-28	2.22285e-29	7.87458e-31	2.62933e-32	8.28604e-34	2.46764e-35	6.95287e-37	1.85559e-38	4.69567e-40	1.12783e-41	2.57352e-43	5.58391e-45	1.15304e-46	2.26771e-48	4.25107e-50	7.60128e-52	1.29732e-53	2.11472e-55	3.29435e-57	4.90733e-59	6.9938e-61	9.54106e-63	1.24653e-64	1.56039e-66	1.87227e-68	2.1542e-70	2.37766e-72	2.51835e-74	2.56053e-76	2.4999e-78	2.34435e-80	2.11225e-82	1.82882e-84	0	
0	6.13178e-17	8.6073e-16	1.10884e-14	1.31232e-13	1.4223e-12	1.40685e-11	1.2654e-10	1.03101e-09	7.5787e-09	5.00489e-08	2.95659e-07	1.55566e-06	7.26052e-06	2.99459e-05	0.000108826	0.000347845	0.000977872	0.00242323	0.00531935	0.0104224	0.0184047	0.0296051	0.0438386	0.060338	0.0778424	0.0947914	0.109566	0.120722	0.127165	0.128265	0.123914	0.114538	0.101055	0.0847874	0.0673099	0.0502362	0.0349734	0.0225038	0.0132472	0.00705796	0.00336886	0.00142811	0.00053429	0.000175775	5.07975e-05	1.29088e-05	2.89209e-06	5.73298e-07	1.00973e-07	1.58716e-08	2.23654e-09	2.83785e-10	3.25614e-11	3.3921e-12	3.2206e-13	2.79673e-14	2.22873e-15	1.63494e-16	1.10723e-17	6.94118e-19	4.03812e-20	2.18519e-21	1.10233e-22	5.19439e-24	2.29076e-25	9.47164e-27	3.67787e-28	1.3433e-29	4.62163e-31	1.4999e-32	4.59773e-34	1.33281e-35	3.65795e-37	9.51538e-39	2.34844e-40	5.50453e-42	1.22644e-43	2.59976e-45	5.24733e-47	1.00925e-48	1.85111e-50	3.23996e-52	5.41512e-54	8.64782e-56	1.32036e-57	1.92842e-59	2.69568e-61	3.60833e-63	4.6272e-65	5.68718e-67	6.70229e-69	7.57647e-71	8.21843e-73	8.55734e-75	8.55572e-77	8.21625e-79	7.58075e-81	6.72132e-83	0	
0	6.84374e-16	9.23375e-15	1.14129e-13	1.29379e-12	1.34069e-11	1.2654e-10	1.08366e-09	8.38604e-09	5.8392e-08	3.64201e-07	2.02551e-06	9.99895e-06	4.36239e-05	0.000167569	0.000565096	0.00167081	0.00433475	0.00990383	0.0200624	0.036383	0.0597568	0.0899704	0.125603	0.164253	0.20296	0.238663	0.268605	0.290582	0.303052	0.305165	0.29678	0.278462	0.251478	0.217776	0.179913	0.140871	0.103703	0.07109	0.0448847	0.0257916	0.0133279	0.00612805	0.00248646	0.000885699	0.000276376	7.55789e-05	1.8155e-05	3.84451e-06	7.20792e-07	1.20207e-07	1.79168e-08	2.39793e-09	2.89473e-10	3.16538e-11	3.14801e-12	2.85803e-13	2.37704e-14	1.81702e-15	1.28041e-16	8.34126e-18	5.03664e-19	2.82576e-20	1.47639e-21	7.1988e-23	3.28223e-24	1.40195e-25	5.61956e-27	2.1173e-28	7.50986e-30	2.51116e-31	7.92669e-33	2.36502e-34	6.67757e-36	1.78621e-37	4.53141e-39	1.09134e-40	2.49757e-42	5.43622e-44	1.12633e-45	2.22313e-47	4.18337e-49	7.51036e-51	1.28724e-52	2.10767e-54	3.29876e-56	4.93803e-58	7.0737e-60	9.70178e-62	1.27461e-63	1.60482e-65	1.93723e-67	2.24295e-69	2.49176e-71	2.65704e-73	2.72045e-75	2.67529e-77	2.52764e-79	2.29488e-81	0	
0	6.97923e-15	9.03887e-14	1.07025e-12	1.16014e-11	1.14724e-10	1.03101e-09	8.38604e-09	6.14681e-08	4.04151e-07	2.37223e-06	1.23696e-05	5.70193e-05	0.000231295	0.000822403	0.00255619	0.0069397	0.016488	0.0344678	0.063978	0.106731	0.162232	0.227726	0.298834	0.370498	0.437831	0.496717	0.544079	0.577813	0.596592	0.599746	0.587174	0.559308	0.517196	0.46261	0.398216	0.327732	0.255791	0.18747	0.127535	0.0794882	0.0447696	0.0224928	0.00997426	0.00387587	0.00131511	0.000389482	0.000100882	2.29352e-05	4.59738e-06	8.16562e-07	1.29165e-07	1.82875e-08	2.32863e-09	2.67893e-10	2.79634e-11	2.659e-12	2.31182e-13	1.84411e-14	1.35395e-15	9.17664e-17	5.75736e-18	3.35218e-19	1.81562e-20	9.16807e-22	4.32491e-23	1.90967e-24	7.90683e-26	3.07495e-27	1.125e-28	3.87779e-30	1.26107e-31	3.87422e-33	1.12578e-34	3.09777e-36	8.08064e-38	2.00028e-39	4.70334e-41	1.05146e-42	2.23679e-44	4.53172e-46	8.75068e-48	1.61169e-49	2.83325e-51	4.75703e-53	7.63322e-55	1.17127e-56	1.71957e-58	2.41676e-60	3.2532e-62	4.1962e-64	5.18875e-66	6.15337e-68	7.0013e-70	7.64576e-72	8.01661e-74	8.07291e-76	7.81037e-78	7.26116e-80	0	
0	6.48157e-14	8.04615e-13	9.11166e-12	9.42713e-11	8.87773e-10	7.5787e-09	5.8392e-08	4.04151e-07	2.50038e-06	1.37555e-05	6.69328e-05	0.000286543	0.00107396	0.00350952	0.00997381	0.0246487	0.0531551	0.10081	0.170192	0.259667	0.363764	0.474821	0.584929	0.687364	0.777231	0.851574	0.908904	0.948513	0.97013	0.973725	0.959313	0.926891	0.87661	0.808962	0.725051	0.627163	0.519413	0.407833	0.299988	0.203847	0.125988	0.0697267	0.0340885	0.0145773	0.00542285	0.00175237	0.000492669	0.000120945	2.60495e-05	4.94896e-06	8.33913e-07	1.25306e-07	1.68783e-08	2.04792e-09	2.24864e-10	2.24385e-11	2.0429e-12	1.7032e-13	1.3047e-14	9.21172e-16	6.01182e-17	3.63638e-18	2.04366e-19	1.06962e-20	5.22469e-22	2.38657e-23	1.02136e-24	4.1024e-26	1.54902e-27	5.50688e-29	1.84589e-30	5.84179e-32	1.74774e-33	4.94901e-35	1.32789e-36	3.37959e-38	8.16706e-40	1.87576e-41	4.09812e-43	8.5243e-45	1.68945e-46	3.19282e-48	5.7578e-50	9.91487e-52	1.63134e-53	2.5662e-55	3.86169e-57	5.56212e-59	7.67192e-61	1.01386e-62	1.28429e-64	1.56007e-66	1.81804e-68	2.03332e-70	2.18327e-72	2.25142e-74	2.23044e-76	2.12327e-78	0	
0	5.46257e-13	6.49001e-12	7.01664e-11	6.91523e-10	6.18771e-09	5.00489e-08	3.64201e-07	2.37223e-06	1.37555e-05	7.06021e-05	0.000318871	0.00125988	0.00433127	0.0129	0.0332092	0.0739703	0.143374	0.244565	0.373139	0.518788	0.669165	0.813269	0.943345	1.05505	1.14688	1.21922	1.27299	1.30905	1.32836	1.33156	1.31872	1.28946	1.2429	1.17812	1.09422	0.990408	0.867328	0.728097	0.579071	0.430084	0.293244	0.180171	0.0980242	0.0465884	0.0191841	0.00682334	0.0020983	0.000559928	0.000130324	2.66131e-05	4.797e-06	7.67775e-07	1.09737e-07	1.40814e-08	1.63028e-09	1.71077e-10	1.63408e-11	1.42625e-12	1.14161e-13	8.40758e-15	5.71457e-16	3.59483e-17	2.0984e-18	1.13937e-19	5.76746e-21	2.72744e-22	1.20732e-23	5.0116e-25	1.95414e-26	7.16887e-28	2.47805e-29	8.08243e-31	2.49068e-32	7.2606e-34	2.00454e-35	5.24711e-37	1.30359e-38	3.07678e-40	6.90544e-42	1.47504e-43	3.00119e-45	5.82099e-47	1.07705e-48	1.90246e-50	3.21011e-52	5.17753e-54	7.98696e-56	1.17907e-57	1.66659e-59	2.25664e-61	2.92855e-63	3.64409e-65	4.34968e-67	4.98231e-69	5.47861e-71	5.78537e-73	5.86887e-75	5.72058e-77	0	
0	4.16282e-12	4.72586e-11	4.86888e-10	4.56123e-09	3.86864e-08	2.95659e-07	2.02551e-06	1.23696e-05	6.69328e-05	0.000318871	0.00132865	0.00481037	0.0150422	0.0404412	0.0933143	0.185322	0.31977	0.487412	0.670734	0.852109	1.01866	1.1634	1.2842	1.38169	1.4583	1.51648	1.55795	1.58471	1.59879	1.60116	1.59181	1.5703	1.53494	1.48365	1.41469	1.32591	1.21461	1.07938	0.920994	0.744366	0.559945	0.383762	0.234325	0.125066	0.0576171	0.0227825	0.00773134	0.00225974	0.000572067	0.000126257	2.4458e-05	4.18621e-06	6.3707e-07	8.67089e-08	1.06121e-08	1.17372e-09	1.1785e-10	1.07873e-11	9.03618e-13	6.95134e-14	4.92686e-15	3.2269e-16	1.95844e-17	1.1042e-18	5.79723e-20	2.84042e-21	1.30142e-22	5.58661e-24	2.25084e-25	8.52558e-27	3.04061e-28	1.02255e-29	3.24705e-31	9.7483e-33	2.77031e-34	7.46072e-36	1.90612e-37	4.62462e-39	1.06652e-40	2.34005e-42	4.8889e-44	9.73365e-46	1.84821e-47	3.34926e-49	5.79651e-51	9.58701e-53	1.51623e-54	2.29437e-56	3.32364e-58	4.61152e-60	6.13148e-62	7.8159e-64	9.55595e-66	1.12106e-67	1.26245e-69	1.36518e-71	1.41807e-73	1.4153e-75	0	
0	2.85787e-11	3.09499e-10	3.03265e-09	2.69453e-08	2.16072e-07	1.55566e-06	9.99895e-06	5.70193e-05	0.000286543	0.00125988	0.00481037	0.0158306	0.0446044	0.107102	0.219039	0.384006	0.586331	0.799387	1.00108	1.1796	1.33058	1.45421	1.55223	1.62733	1.68275	1.72069	1.7443	1.75816	1.76499	1.76606	1.76175	1.75092	1.73157	1.69981	1.65155	1.58478	1.49626	1.38317	1.24326	1.0755	0.882246	0.671665	0.461837	0.279197	0.145465	0.0646441	0.0244488	0.00789438	0.00218951	0.000525455	0.000109955	2.02129e-05	3.28727e-06	4.76062e-07	6.17594e-08	7.21639e-09	7.6325e-10	7.34017e-11	6.44505e-12	5.18636e-13	3.83807e-14	2.6203e-15	1.65516e-16	9.69945e-18	5.28626e-19	2.6856e-20	1.27454e-21	5.66165e-23	2.35838e-24	9.22819e-26	3.39742e-27	1.1786e-28	3.8582e-30	1.19338e-31	3.49215e-33	9.67913e-35	2.54384e-36	6.34607e-38	1.50422e-39	3.39087e-41	7.27589e-43	1.4873e-44	2.89858e-46	5.38981e-48	9.569e-50	1.62313e-51	2.63213e-53	4.08309e-55	6.06236e-57	8.61983e-59	1.1743e-60	1.53352e-62	1.92056e-64	2.3077e-66	2.66143e-68	2.94716e-70	3.13471e-72	3.20333e-74	0	
0	1.76093e-10	1.81613e-09	1.68909e-08	1.4201e-07	1.07379e-06	7.26052e-06	4.36239e-05	0.000231295	0.00107396	0.00433127	0.0150422	0.0446044	0.112106	0.237833	0.42698	0.657615	0.892941	1.10774	1.29472	1.45204	1.57881	1.67516	1.74199	1.78332	1.80332	1.80738	1.80363	1.79854	1.7942	1.79304	1.79659	1.80157	1.80638	1.80632	1.79342	1.76114	1.70519	1.62084	1.50643	1.36111	1.18585	0.981935	0.752851	0.516141	0.306566	0.154719	0.0658931	0.0237224	0.00726505	0.00190838	0.000433752	8.60331e-05	1.50105e-05	2.32062e-06	3.20015e-07	3.96004e-08	4.42128e-09	4.47554e-10	4.12598e-11	3.47814e-12	2.69096e-13	1.91721e-14	1.26176e-15	7.69241e-17	4.35572e-18	2.29626e-19	1.12957e-20	5.19569e-22	2.23896e-23	9.05533e-25	3.44308e-26	1.23269e-27	4.16167e-29	1.32673e-30	3.99911e-32	1.14113e-33	3.08604e-35	7.91818e-37	1.92953e-38	4.46986e-40	9.85257e-42	2.06818e-43	4.13775e-45	7.89603e-47	1.43826e-48	2.50234e-50	4.16122e-52	6.61799e-54	1.0072e-55	1.46767e-57	2.04877e-59	2.74107e-61	3.51653e-63	4.32781e-65	5.11164e-67	5.79645e-69	6.31298e-71	6.60518e-73	0	
0	9.70278e-10	9.51401e-09	8.38186e-08	6.65283e-07	4.73065e-06	2.99459e-05	0.000167569	0.000822403	0.00350952	0.0129	0.0404412	0.107102	0.237833	0.442053	0.694513	0.948212	1.17443	1.3722	1.53988	1.66912	1.75678	1.80336	1.81505	1.80082	1.76885	1.73038	1.69516	1.66625	1.64845	1.64527	1.65725	1.68224	1.71571	1.7534	1.78975	1.81177	1.81198	1.78006	1.70942	1.59671	1.44327	1.25692	1.0424	0.797897	0.539606	0.311335	0.150689	0.0610377	0.0208067	0.00602295	0.00149533	0.000321524	6.04201e-05	1.0005e-05	1.47075e-06	1.93213e-07	2.28191e-08	2.43585e-09	2.36152e-10	2.08839e-11	1.69133e-12	1.25895e-13	8.64114e-15	5.48566e-16	3.22983e-17	1.76819e-18	9.02191e-20	4.29965e-21	1.91783e-22	8.02134e-24	3.15139e-25	1.1649e-26	4.05756e-28	1.3337e-29	4.14235e-31	1.21726e-32	3.38827e-34	8.94376e-36	2.24112e-37	5.33632e-39	1.20854e-40	2.60557e-42	5.35219e-44	1.04832e-45	1.95934e-47	3.49695e-49	5.96381e-51	9.72496e-53	1.5172e-54	2.26588e-56	3.24117e-58	4.44284e-60	5.83876e-62	7.36006e-64	8.90285e-66	1.03381e-67	1.15287e-69	1.23499e-71	0	
0	4.7643e-09	4.4345e-08	3.6937e-07	2.76162e-06	1.84192e-05	0.000108826	0.000565096	0.00255619	0.00997381	0.0332092	0.0933143	0.219039	0.42698	0.694513	0.966319	1.20624	1.41805	1.59878	1.72702	1.79798	1.81723	1.79314	1.73898	1.66451	1.58195	1.50217	1.43271	1.3778	1.34742	1.34328	1.36209	1.40826	1.47291	1.54933	1.63212	1.71116	1.77468	1.81254	1.81152	1.76265	1.6573	1.49547	1.29443	1.06658	0.805471	0.529494	0.292622	0.134319	0.0513324	0.0164794	0.00449328	0.00105211	0.000213751	3.8032e-05	5.97584e-06	8.35342e-07	1.04569e-07	1.17912e-08	1.20396e-09	1.11842e-10	9.4927e-12	7.38982e-13	5.29491e-14	3.50309e-15	2.14626e-16	1.221e-17	6.46587e-19	3.19455e-20	1.47564e-21	6.38552e-23	2.59327e-24	9.90091e-26	3.55934e-27	1.20664e-28	3.8628e-30	1.16927e-31	3.35079e-33	9.10128e-35	2.34559e-36	5.74171e-38	1.33626e-39	2.95936e-41	6.2422e-43	1.25506e-44	2.4072e-46	4.40756e-48	7.70946e-50	1.28906e-51	2.06165e-53	3.15576e-55	4.62573e-57	6.49643e-59	8.74585e-61	1.12919e-62	1.39882e-64	1.66329e-66	1.89916e-68	2.08283e-70	0	
0	2.07827e-08	1.83372e-07	1.44163e-06	1.01331e-05	6.32481e-05	0.000347845	0.00167081	0.0069397	0.0246487	0.0739703	0.185322	0.384006	0.657615	0.948212	1.20624	1.43344	1.62842	1.75588	1.8107	1.80848	1.7539	1.66038	1.53863	1.40186	1.26413	1.13715	1.03033	0.954672	0.911866	0.904811	0.933542	0.99639	1.09112	1.21244	1.34594	1.4858	1.6139	1.72121	1.79206	1.81652	1.78587	1.68865	1.51747	1.30073	1.05645	0.775485	0.486973	0.253925	0.109312	0.039113	0.011765	0.00301151	0.000663637	0.000127227	2.14176e-05	3.19205e-06	4.24255e-07	5.06091e-08	5.44947e-09	5.32372e-10	4.74021e-11	3.86272e-12	2.89148e-13	1.99505e-14	1.27273e-15	7.52837e-17	4.13978e-18	2.12133e-19	1.01521e-20	4.54688e-22	1.90946e-23	7.53208e-25	2.79543e-26	9.77646e-28	3.22659e-29	1.00629e-30	2.96942e-32	8.30065e-34	2.20055e-35	5.53847e-37	1.32471e-38	3.01396e-40	6.52867e-42	1.34756e-43	2.65248e-45	4.98272e-47	8.9392e-49	1.53265e-50	2.51291e-52	3.94242e-54	5.92174e-56	8.52064e-58	1.17504e-59	1.55384e-61	1.97119e-63	2.39999e-65	2.80561e-67	3.14992e-69	0	
0	8.03353e-08	6.71251e-07	4.97457e-06	3.28234e-05	0.000191398	0.000977872	0.00433475	0.016488	0.0531551	0.143374	0.31977	0.586331	0.892941	1.17443	1.41805	1.62842	1.76396	1.81223	1.80017	1.72047	1.5851	1.4106	1.21339	1.01278	0.82239	0.657907	0.524817	0.431104	0.377453	0.367562	0.405039	0.482861	0.601082	0.753128	0.934558	1.13288	1.33294	1.51897	1.67193	1.77579	1.81478	1.79168	1.69338	1.50787	1.27595	1.011	0.70847	0.417318	0.202412	0.0809042	0.0269193	0.00755216	0.00180929	0.000374471	6.76526e-05	1.07658e-05	1.52112e-06	1.92167e-07	2.18414e-08	2.24576e-09	2.09921e-10	1.79175e-11	1.402e-12	1.00934e-13	6.70761e-15	4.127e-16	2.35738e-17	1.25327e-18	6.21573e-20	2.88206e-21	1.25182e-22	5.10284e-24	1.95552e-25	7.0565e-27	2.4013e-28	7.71695e-30	2.34508e-31	6.74717e-33	1.84011e-34	4.76209e-36	1.17067e-37	2.73637e-39	6.08722e-41	1.28987e-42	2.60561e-44	5.02167e-46	9.24018e-48	1.62446e-49	2.73036e-51	4.3902e-53	6.75706e-55	9.96054e-57	1.40699e-58	1.90545e-60	2.4752e-62	3.08549e-64	3.69251e-66	4.24352e-68	0	
0	2.74715e-07	2.17275e-06	1.51687e-05	9.38849e-05	0.000511021	0.00242323	0.00990383	0.0344678	0.10081	0.244565	0.487412	0.799387	1.10774	1.3722	1.59878	1.75588	1.81223	1.79787	1.70036	1.52474	1.30642	1.05433	0.797064	0.545329	0.318345	0.125092	-0.0286444	-0.137271	-0.193574	-0.202252	-0.165217	-0.0767669	0.0584973	0.235617	0.451448	0.693241	0.951709	1.20682	1.44239	1.63616	1.76999	1.81417	1.78897	1.67252	1.46734	1.21871	0.927192	0.607904	0.330256	0.14721	0.0541824	0.0166707	0.00434531	0.000971697	0.00018853	3.20535e-05	4.81712e-06	6.44794e-07	7.73892e-08	8.37792e-09	8.22382e-10	7.35418e-11	6.01662e-12	4.52049e-13	3.12993e-14	2.0034e-15	1.18887e-16	6.55817e-18	3.37106e-19	1.61831e-20	7.27056e-22	3.06283e-23	1.212e-24	4.51267e-26	1.5834e-27	5.24335e-29	1.64089e-30	4.85913e-32	1.36323e-33	3.62746e-35	9.1648e-37	2.20072e-38	5.02738e-40	1.09356e-41	2.26689e-43	4.48186e-45	8.45771e-47	1.52449e-48	2.62644e-50	4.32775e-52	6.8245e-54	1.03049e-55	1.49081e-57	2.0674e-59	2.74958e-61	3.50872e-63	4.29793e-65	5.05507e-67	0	
0	8.30601e-07	6.22023e-06	4.09184e-05	0.000237641	0.00120791	0.00531935	0.0200624	0.063978	0.170192	0.373139	0.670734	1.00108	1.29472	1.53988	1.72702	1.8107	1.80017	1.70036	1.50056	1.25326	0.954618	0.641276	0.326453	0.0375317	-0.217484	-0.423173	-0.578583	-0.682703	-0.741122	-0.751269	-0.710087	-0.626348	-0.493831	-0.305087	-0.0703869	0.206903	0.514545	0.828996	1.13934	1.40632	1.62968	1.77261	1.81563	1.77428	1.62378	1.39723	1.12463	0.803804	0.48337	0.238825	0.0969276	0.0326472	0.00924822	0.00223271	0.000464961	8.44206e-05	1.34894e-05	1.9125e-06	2.4232e-07	2.76125e-08	2.84565e-09	2.66553e-10	2.27958e-11	1.78707e-12	1.28892e-13	8.58115e-15	5.2894e-16	3.02697e-17	1.61233e-18	8.01233e-20	3.72271e-21	1.62041e-22	6.62007e-24	2.54286e-25	9.19831e-27	3.13813e-28	1.01117e-29	3.08139e-31	8.89144e-33	2.43226e-34	6.31447e-36	1.55741e-37	3.65286e-39	8.15505e-41	1.73445e-42	3.51719e-44	6.80563e-46	1.25747e-47	2.22017e-49	3.74821e-51	6.05452e-53	9.36294e-55	1.38696e-56	1.96911e-58	2.68067e-60	3.50102e-62	4.38853e-64	5.28136e-66	0	
0	2.22241e-06	1.57793e-05	9.79435e-05	0.000534606	0.00254247	0.0104224	0.036383	0.106731	0.259667	0.518788	0.852109	1.1796	1.45204	1.66912	1.79798	1.80848	1.72047	1.52474	1.25326	0.921003	0.551959	0.18805	-0.159753	-0.464187	-0.717175	-0.9164	-1.05859	-1.15349	-1.20078	-1.20807	-1.17872	-1.1047	-0.978193	-0.802674	-0.573095	-0.285215	0.0439549	0.406745	0.773875	1.12877	1.42257	1.65591	1.78442	1.81542	1.73487	1.54571	1.29469	0.987687	0.647317	0.351059	0.156126	0.0573201	0.0175907	0.00457341	0.00102017	0.000197469	3.34992e-05	5.02412e-06	6.71251e-07	8.04301e-08	8.69428e-09	8.52345e-10	7.6139e-11	6.22362e-12	4.67282e-13	3.23383e-14	2.06929e-15	1.22785e-16	6.77377e-18	3.48284e-19	1.67273e-20	7.51986e-22	3.17044e-23	1.25583e-24	4.68133e-26	1.64479e-27	5.45488e-29	1.70996e-30	5.07307e-32	1.42613e-33	3.80314e-35	9.63129e-37	2.31857e-38	5.31082e-40	1.1585e-41	2.40877e-43	4.77752e-45	9.0458e-47	1.63622e-48	2.8293e-50	4.67994e-52	7.4095e-54	1.12351e-55	1.63244e-57	2.27406e-59	3.03863e-61	3.89645e-63	4.79633e-65	0	
0	5.27568e-06	3.55997e-05	0.000209057	0.00107571	0.00480337	0.0184047	0.0597568	0.162232	0.363764	0.669165	1.01866	1.33058	1.57881	1.75678	1.81723	1.7539	1.5851	1.30642	0.954618	0.551959	0.144777	-0.257939	-0.610485	-0.915612	-1.14542	-1.31474	-1.42444	-1.48228	-1.51232	-1.51928	-1.49933	-1.4514	-1.36367	-1.22241	-1.01533	-0.739718	-0.406393	-0.0183566	0.387634	0.797883	1.17243	1.4853	1.70053	1.80476	1.79751	1.66104	1.43688	1.15026	0.808297	0.475393	0.229676	0.0913211	0.0302063	0.00842225	0.00200534	0.000412569	7.41111e-05	1.17306e-05	1.64923e-06	2.07409e-07	2.34775e-08	2.40519e-09	2.24106e-10	1.90756e-11	1.48918e-12	1.07009e-13	7.10103e-15	4.36457e-16	2.49155e-17	1.32433e-18	6.5694e-20	3.04781e-21	1.32509e-22	5.40879e-24	2.07633e-25	7.50806e-27	2.56122e-28	8.25398e-30	2.51621e-31	7.26497e-33	1.98897e-34	5.169e-36	1.27648e-37	2.9983e-39	6.7048e-41	1.42865e-42	2.90301e-44	5.62982e-46	1.04275e-47	1.8459e-49	3.12511e-51	5.06316e-53	7.85482e-55	1.16749e-56	1.66341e-58	2.27298e-60	2.98024e-62	3.75059e-64	0	
0	1.11577e-05	7.18113e-05	0.000400534	0.00195132	0.00822094	0.0296051	0.0899704	0.227726	0.474821	0.813269	1.1634	1.45421	1.67516	1.80336	1.79314	1.66038	1.4106	1.05433	0.641276	0.18805	-0.257939	-0.665141	-1.00843	-1.27263	-1.45896	-1.56765	-1.62672	-1.64993	-1.64988	-1.6499	-1.65196	-1.63916	-1.59724	-1.51122	-1.35489	-1.12539	-0.809705	-0.428202	0.00750714	0.461667	0.895644	1.27723	1.5749	1.75338	1.8165	1.74116	1.55149	1.28828	0.956459	0.602323	0.312953	0.133676	0.0473415	0.0140767	0.00356026	0.000775234	0.000146907	2.4459e-05	3.60775e-06	4.74914e-07	5.61538e-08	5.99806e-09	5.81736e-10	5.14643e-11	4.17e-12	3.1062e-13	2.13428e-14	1.35688e-15	8.00418e-17	4.39244e-18	2.24771e-19	1.07493e-20	4.81399e-22	2.02275e-23	7.9883e-25	2.97e-26	1.04115e-27	3.4463e-29	1.07859e-30	3.19578e-32	8.97484e-34	2.39163e-35	6.05393e-37	1.45709e-38	3.33775e-40	7.28316e-42	1.51514e-43	3.00741e-45	5.69995e-47	1.03228e-48	1.78755e-50	2.96167e-52	4.69781e-54	7.13809e-56	1.03952e-57	1.4517e-59	1.945e-61	2.50093e-63	0	
0	2.11398e-05	0.000130359	0.000694002	0.00321843	0.0128687	0.0438386	0.125603	0.298834	0.584929	0.943345	1.2842	1.55223	1.74199	1.81505	1.73898	1.53863	1.21339	0.797064	0.326453	-0.159753	-0.610485	-1.00843	-1.3128	-1.52444	-1.63833	-1.67415	-1.65759	-1.61845	-1.59114	-1.58772	-1.60559	-1.6417	-1.6724	-1.6606	-1.58085	-1.40986	-1.14156	-0.77961	-0.344958	0.129626	0.613728	1.05469	1.42315	1.67269	1.80129	1.78822	1.6391	1.40144	1.0862	0.723602	0.400084	0.181942	0.0684563	0.0215608	0.00575803	0.00131997	0.000262625	4.57965e-05	7.0596e-06	9.69296e-07	1.19331e-07	1.32503e-08	1.334e-09	1.22344e-10	1.02646e-11	7.90842e-13	5.61476e-14	3.685e-15	2.24214e-16	1.26811e-17	6.68311e-19	3.28934e-20	1.51514e-21	6.54412e-23	2.65513e-24	1.01365e-25	3.64699e-27	1.23842e-28	3.9745e-30	1.20709e-31	3.47351e-33	9.48117e-35	2.45747e-36	6.05467e-38	1.41933e-39	3.16852e-41	6.74198e-43	1.36844e-44	2.65157e-46	4.90837e-48	8.68611e-50	1.47045e-51	2.38278e-53	3.6981e-55	5.50016e-57	7.84339e-59	1.07295e-60	1.40847e-62	0	
0	3.61041e-05	0.000214435	0.00109586	0.00486712	0.0185911	0.060338	0.164253	0.370498	0.687364	1.05505	1.38169	1.62733	1.78332	1.80082	1.66451	1.40186	1.01278	0.545329	0.0375317	-0.464187	-0.915612	-1.27263	-1.52444	-1.65116	-1.68019	-1.62448	-1.53401	-1.44986	-1.38762	-1.37577	-1.41989	-1.49803	-1.59189	-1.66568	-1.67325	-1.59005	-1.38575	-1.07185	-0.65187	-0.167627	0.346231	0.831953	1.25925	1.57445	1.76315	1.8085	1.70195	1.49085	1.19507	0.833161	0.485192	0.232728	0.0922525	0.0305452	0.00855517	0.00205203	0.000426271	7.74575e-05	1.24202e-05	1.77106e-06	2.26118e-07	2.60046e-08	2.70838e-09	2.56684e-10	2.22326e-11	1.76676e-12	1.29269e-13	8.73655e-15	5.47006e-16	3.18144e-17	1.72312e-18	8.71093e-20	4.119e-21	1.82538e-22	7.59533e-24	2.97244e-25	1.09584e-26	3.81149e-28	1.25247e-29	3.89341e-31	1.14637e-32	3.20074e-34	8.48371e-36	2.13687e-37	5.11979e-39	1.1679e-40	2.53873e-42	5.26314e-44	1.04142e-45	1.96828e-47	3.55569e-49	6.14371e-51	1.01597e-52	1.6089e-54	2.44132e-56	3.55142e-58	4.95541e-60	6.63437e-62	0	
0	5.59299e-05	0.000321779	0.00158829	0.00680022	0.0249878	0.0778424	0.20296	0.437831	0.777231	1.14688	1.4583	1.68275	1.80332	1.76885	1.58195	1.26413	0.82239	0.318345	-0.217484	-0.717175	-1.14542	-1.45896	-1.63833	-1.68019	-1.60887	-1.46306	-1.29672	-1.16995	-1.11466	-1.10788	-1.13931	-1.23835	-1.39561	-1.55517	-1.66336	-1.67047	-1.54694	-1.28697	-0.898735	-0.42463	0.104971	0.626166	1.10092	1.47036	1.71147	1.80972	1.74428	1.55879	1.28264	0.927091	0.56319	0.282312	0.116886	0.0403622	0.011769	0.0029337	0.000632307	0.000119034	1.97479e-05	2.90994e-06	3.83501e-07	4.54811e-08	4.88028e-09	4.7613e-10	4.24205e-11	3.46509e-12	2.60434e-13	1.80695e-14	1.1608e-15	6.92336e-17	3.84347e-18	1.99061e-19	9.63916e-21	4.37272e-22	1.86178e-23	7.45291e-25	2.80959e-26	9.98933e-28	3.35447e-29	1.06533e-30	3.20372e-32	9.13384e-34	2.47149e-35	6.35368e-37	1.5534e-38	3.61523e-40	8.01617e-42	1.69488e-43	3.41978e-45	6.58972e-47	1.21354e-48	2.13724e-50	3.60198e-52	5.81275e-54	8.98718e-56	1.332e-57	1.89343e-59	2.58225e-61	0	
0	7.9038e-05	0.000443114	0.00212622	0.00883568	0.0314592	0.0947914	0.238663	0.496717	0.851574	1.21922	1.51648	1.72069	1.80738	1.73038	1.50217	1.13715	0.657907	0.125092	-0.423173	-0.9164	-1.31474	-1.56765	-1.67415	-1.62448	-1.46306	-1.25359	-1.04644	-0.922202	-0.883726	-0.879963	-0.897858	-0.983641	-1.16748	-1.38148	-1.57031	-1.67223	-1.62792	-1.43567	-1.08858	-0.632133	-0.0943458	0.446975	0.956045	1.37134	1.65584	1.79936	1.77125	1.60854	1.34992	1.00325	0.6301	0.32715	0.140263	0.050103	0.0150931	0.00388199	0.000862296	0.000167119	2.85156e-05	4.31793e-06	5.84315e-07	7.11031e-08	7.82339e-09	7.82179e-10	7.13749e-11	5.96827e-12	4.58975e-13	3.25687e-14	2.13891e-15	1.30366e-16	7.39306e-18	3.91013e-19	1.9329e-20	8.94859e-22	3.88725e-23	1.5872e-24	6.10143e-26	2.2116e-27	7.56968e-29	2.44979e-30	7.50599e-32	2.17988e-33	6.00742e-35	1.57266e-36	3.91475e-38	9.27485e-40	2.09329e-41	4.50445e-43	9.24883e-45	1.81341e-46	3.39767e-48	6.0875e-50	1.04363e-51	1.71308e-53	2.69387e-55	4.0606e-57	5.87005e-59	8.14096e-61	0	
0	0.000102386	0.00056278	0.00264258	0.0107332	0.0373023	0.109566	0.268605	0.544079	0.908904	1.27299	1.55795	1.7443	1.80363	1.69516	1.43271	1.03033	0.524817	-0.0286444	-0.578583	-1.05859	-1.42444	-1.62672	-1.65759	-1.53401	-1.29672	-1.04644	-0.863007	-0.785702	-0.80873	-0.820926	-0.787592	-0.817389	-0.963458	-1.19122	-1.44823	-1.62559	-1.65813	-1.52768	-1.21991	-0.783569	-0.250184	0.304501	0.838887	1.28888	1.60377	1.78232	1.78692	1.64365	1.39887	1.06089	0.683082	0.364196	0.160333	0.0587636	0.0181466	0.00478031	0.00108666	0.000215373	3.75573e-05	5.8088e-06	8.02469e-07	9.96399e-08	1.11818e-08	1.13976e-09	1.05994e-10	9.02934e-12	7.07166e-13	5.10882e-14	3.41484e-15	2.11777e-16	1.22168e-17	6.57108e-19	3.30265e-20	1.55425e-21	6.86163e-23	2.84675e-24	1.11173e-25	4.09308e-27	1.42273e-28	4.67527e-30	1.45431e-31	4.28735e-33	1.19922e-34	3.18599e-36	8.04757e-38	1.93452e-39	4.42955e-41	9.66929e-43	2.01385e-44	4.00491e-46	7.61031e-48	1.38279e-49	2.40403e-51	4.00147e-53	6.38046e-55	9.7517e-57	1.42934e-58	2.00983e-60	0	
0	0.00012204	0.00066175	0.00306123	0.0122386	0.04183	0.120722	0.290582	0.577813	0.948513	1.30905	1.58471	1.75816	1.79854	1.66625	1.3778	0.954672	0.431104	-0.137271	-0.682703	-1.15349	-1.48228	-1.64993	-1.61845	-1.44986	-1.16995	-0.922202	-0.785702	-0.75416	-0.811888	-0.830775	-0.771187	-0.761614	-0.855186	-1.05691	-1.34679	-1.56519	-1.6582	-1.57266	-1.30171	-0.884964	-0.361065	0.206945	0.751281	1.22678	1.56636	1.76659	1.79406	1.66605	1.43141	1.10017	0.720357	0.39109	0.175322	0.0654001	0.0205425	0.00550114	0.0012706	0.000255759	4.5279e-05	7.10724e-06	9.96143e-07	1.25453e-07	1.42756e-08	1.4751e-09	1.39029e-10	1.20003e-11	9.52073e-13	6.96601e-14	4.7147e-15	2.96001e-16	1.72828e-17	9.40693e-19	4.78352e-20	2.27719e-21	1.01677e-22	4.26569e-24	1.68428e-25	6.26855e-27	2.20231e-28	7.31373e-30	2.29881e-31	6.84691e-33	1.93467e-34	5.19161e-36	1.32441e-37	3.215e-39	7.43313e-41	1.6382e-42	3.44444e-44	6.91449e-46	1.3262e-47	2.43202e-49	4.26695e-51	7.16693e-53	1.15311e-54	1.77817e-56	2.62951e-58	3.73006e-60	0	
0	0.000134202	0.000722312	0.00331419	0.0131358	0.0444881	0.127165	0.303052	0.596592	0.97013	1.32836	1.59879	1.76499	1.7942	1.64845	1.34742	0.911866	0.377453	-0.193574	-0.741122	-1.20078	-1.51232	-1.64988	-1.59114	-1.38762	-1.11466	-0.883726	-0.80873	-0.811888	-0.808267	-0.805219	-0.809918	-0.809015	-0.836332	-1.00638	-1.28484	-1.52077	-1.65087	-1.58926	-1.34626	-0.939061	-0.420343	0.151354	0.704587	1.191	1.54384	1.75693	1.79694	1.67756	1.44871	1.12145	0.74095	0.40624	0.183918	0.0692678	0.0219598	0.00593352	0.00138242	0.000280632	5.00955e-05	7.92735e-06	1.11998e-06	1.42158e-07	1.63015e-08	1.69724e-09	1.61159e-10	1.40124e-11	1.1197e-12	8.25025e-14	5.62251e-15	3.55386e-16	2.08878e-17	1.1443e-18	5.85587e-20	2.80501e-21	1.26006e-22	5.31782e-24	2.11192e-25	7.90483e-27	2.79262e-28	9.3245e-30	2.9464e-31	8.82131e-33	2.50521e-34	6.75603e-36	1.73187e-37	4.22408e-39	9.81151e-41	2.1722e-42	4.58754e-44	9.24928e-46	1.78157e-47	3.28072e-49	5.77951e-51	9.74632e-53	1.57426e-54	2.43694e-56	3.61724e-58	5.15013e-60	0	
0	0.000136343	0.000732915	0.00335822	0.0132911	0.044945	0.128265	0.305165	0.599746	0.973725	1.33156	1.60116	1.76606	1.79304	1.64527	1.34328	0.904811	0.367562	-0.202252	-0.751269	-1.20807	-1.51928	-1.6499	-1.58772	-1.37577	-1.10788	-0.879963	-0.820926	-0.830775	-0.805219	-0.794831	-0.822623	-0.827787	-0.837132	-1.00131	-1.27357	-1.5123	-1.64996	-1.59163	-1.35423	-0.946288	-0.429219	0.142049	0.697622	1.18368	1.53918	1.75566	1.79761	1.67939	1.45153	1.12499	0.744403	0.408793	0.185375	0.0699268	0.0222025	0.00600792	0.00140175	0.000284953	5.0936e-05	8.07115e-06	1.1418e-06	1.45116e-07	1.6662e-08	1.73696e-09	1.65135e-10	1.43757e-11	1.15011e-12	8.48429e-14	5.78867e-15	3.66302e-16	2.15532e-17	1.18202e-18	6.05527e-20	2.9035e-21	1.30561e-22	5.51542e-24	2.19247e-25	8.2139e-27	2.90441e-28	9.70625e-30	3.06963e-31	9.19785e-33	2.61424e-34	7.05557e-36	1.81003e-37	4.41797e-39	1.02692e-40	2.27513e-42	4.80816e-44	9.7005e-46	1.86969e-47	3.44513e-49	6.07282e-51	1.0247e-52	1.65608e-54	2.56504e-56	3.80946e-58	5.42668e-60	0	
0	0.000128005	0.000691492	0.00318566	0.0126809	0.0431434	0.123914	0.29678	0.587174	0.959313	1.31872	1.59181	1.76175	1.79659	1.65725	1.36209	0.933542	0.405039	-0.165217	-0.710087	-1.17872	-1.49933	-1.65196	-1.60559	-1.41989	-1.13931	-0.897858	-0.787592	-0.771187	-0.809918	-0.822623	-0.783691	-0.771822	-0.83909	-1.028	-1.31586	-1.54443	-1.65569	-1.58367	-1.32573	-0.911867	-0.389785	0.180098	0.726951	1.20891	1.55578	1.76193	1.79548	1.67186	1.44014	1.11085	0.730632	0.398609	0.179568	0.0673021	0.0212367	0.00571215	0.00132498	0.000267818	4.76071e-05	7.50253e-06	1.05567e-06	1.33463e-07	1.52447e-08	1.58113e-09	1.49569e-10	1.29567e-11	1.03161e-12	7.57429e-14	5.14398e-15	3.24039e-16	1.89825e-17	1.03656e-18	5.2878e-20	2.52511e-21	1.13092e-22	4.75884e-24	1.88452e-25	7.03408e-27	2.47825e-28	8.25296e-30	2.60108e-31	7.76786e-33	2.20063e-34	5.92045e-36	1.51413e-37	3.68462e-39	8.5395e-41	1.8865e-42	3.97574e-44	7.99927e-46	1.5377e-47	2.82608e-49	4.96904e-51	8.36388e-53	1.34849e-54	2.08372e-56	3.08754e-58	4.38845e-60	0	
0	0.000110952	0.000606058	0.00282636	0.011397	0.0393088	0.114538	0.278462	0.559308	0.926891	1.28946	1.5703	1.75092	1.80157	1.68224	1.40826	0.99639	0.482861	-0.0767669	-0.626348	-1.1047	-1.4514	-1.63916	-1.6417	-1.49803	-1.23835	-0.983641	-0.817389	-0.761614	-0.809015	-0.827787	-0.771822	-0.779527	-0.907907	-1.12691	-1.405	-1.59984	-1.6604	-1.5488	-1.25925	-0.831502	-0.299952	0.261401	0.799838	1.261	1.58688	1.77554	1.79057	1.65407	1.41382	1.07881	0.699943	0.376253	0.166998	0.0616923	0.0191966	0.00509416	0.00116626	0.000232746	4.08602e-05	6.36116e-06	8.84425e-07	1.10507e-07	1.24778e-08	1.27957e-09	1.19703e-10	1.02567e-11	8.07901e-13	5.86951e-14	3.94509e-15	2.45999e-16	1.42674e-17	7.71475e-19	3.89776e-20	1.84377e-21	8.18126e-23	3.41131e-24	1.33883e-25	4.95337e-27	1.73013e-28	5.71273e-30	1.78547e-31	5.28845e-33	1.48614e-34	3.96653e-36	1.00652e-37	2.43054e-39	5.59049e-41	1.22583e-42	2.56447e-44	5.12254e-46	9.77705e-48	1.78429e-49	3.1156e-51	5.20844e-53	8.34104e-55	1.28033e-56	1.8847e-58	2.6615e-60	0	
0	8.85993e-05	0.000492384	0.00234014	0.00962717	0.0339153	0.101055	0.251478	0.517196	0.87661	1.2429	1.53494	1.73157	1.80638	1.71571	1.47291	1.09112	0.601082	0.0584973	-0.493831	-0.978193	-1.36367	-1.59724	-1.6724	-1.59189	-1.39561	-1.16748	-0.963458	-0.855186	-0.836332	-0.837132	-0.83909	-0.907907	-1.07872	-1.30441	-1.52301	-1.65836	-1.64504	-1.47838	-1.14493	-0.700405	-0.162893	0.385319	0.906597	1.33624	1.63343	1.7928	1.77888	1.62431	1.37162	1.02856	0.653077	0.343018	0.148761	0.053731	0.0163596	0.00425106	0.000953642	0.000186593	3.21338e-05	4.90963e-06	6.70202e-07	8.225e-08	9.12517e-09	9.19746e-10	8.45952e-11	7.12877e-12	5.52399e-13	3.9491e-14	2.61254e-15	1.60381e-16	9.15958e-18	4.87814e-19	2.42792e-20	1.13161e-21	4.94831e-23	2.03365e-24	7.86804e-26	2.87008e-27	9.88506e-29	3.21892e-30	9.92285e-32	2.89918e-33	8.03739e-35	2.11649e-36	5.29921e-38	1.26274e-39	2.86623e-41	6.20255e-43	1.28068e-44	2.52495e-46	4.75683e-48	8.56909e-50	1.47701e-51	2.43743e-53	3.85332e-55	5.83891e-57	8.48499e-59	1.18287e-60	0	
0	6.49628e-05	0.000369572	0.001802	0.00761646	0.0276096	0.0847874	0.217776	0.46261	0.808962	1.17812	1.48365	1.69981	1.80632	1.7534	1.54933	1.21244	0.753128	0.235617	-0.305087	-0.802674	-1.22241	-1.51122	-1.6606	-1.66568	-1.55517	-1.38148	-1.19122	-1.05691	-1.00638	-1.00131	-1.028	-1.12691	-1.30441	-1.49084	-1.63221	-1.68039	-1.58686	-1.35617	-0.98215	-0.512287	0.0189637	0.550527	1.04085	1.42928	1.68927	1.80687	1.75677	1.58071	1.31193	0.95979	0.591456	0.300957	0.126464	0.044298	0.0130946	0.00330711	0.000721779	0.000137522	2.30807e-05	3.43921e-06	4.5817e-07	5.49069e-08	5.95167e-09	5.86396e-10	5.27466e-11	4.34886e-12	3.29836e-13	2.30882e-14	1.49606e-15	8.9986e-17	5.03691e-18	2.62985e-19	1.28356e-20	5.868e-22	2.51746e-23	1.01529e-24	3.85548e-26	1.38065e-27	4.66907e-29	1.49311e-30	4.52085e-32	1.29755e-33	3.53418e-35	9.14472e-37	2.25009e-38	5.26967e-40	1.17573e-41	2.50112e-43	5.07705e-45	9.84156e-47	1.82307e-48	3.22939e-50	5.47391e-52	8.88377e-54	1.38125e-55	2.05853e-57	2.94225e-59	4.03444e-61	0	
0	4.35423e-05	0.000255111	0.00128452	0.00561659	0.0211032	0.0673099	0.179913	0.398216	0.725051	1.09422	1.41469	1.65155	1.79342	1.78975	1.63212	1.34594	0.934558	0.451448	-0.0703869	-0.573095	-1.01533	-1.35489	-1.58085	-1.67325	-1.66336	-1.57031	-1.44823	-1.34679	-1.28484	-1.27357	-1.31586	-1.405	-1.52301	-1.63221	-1.68136	-1.63206	-1.46017	-1.16435	-0.759072	-0.277162	0.245896	0.746623	1.19534	1.53356	1.74346	1.81072	1.72114	1.52052	1.23268	0.872791	0.517469	0.252858	0.102073	0.0343916	0.00979373	0.00238647	0.000503238	9.27605e-05	1.50787e-05	2.17846e-06	2.81647e-07	3.27841e-08	3.45441e-09	3.31082e-10	2.89891e-11	2.32796e-12	1.7207e-13	1.17443e-14	7.42394e-16	4.35815e-17	2.38188e-18	1.21476e-19	5.79348e-21	2.589e-22	1.08609e-23	4.28442e-25	1.59186e-26	5.57902e-28	1.84698e-29	5.78352e-31	1.71509e-32	4.82229e-34	1.28698e-35	3.26354e-37	7.87108e-39	1.80721e-40	3.95362e-42	8.24802e-44	1.64216e-45	3.12259e-47	5.67486e-49	9.86335e-51	1.64059e-52	2.61301e-54	3.98745e-56	5.83308e-58	8.18413e-60	1.10169e-61	0	
0	2.65359e-05	0.00016105	0.000842684	0.00383729	0.0150503	0.0502362	0.140871	0.327732	0.627163	0.990408	1.32591	1.58478	1.76114	1.81177	1.71116	1.4858	1.13288	0.693241	0.206903	-0.285215	-0.739718	-1.12539	-1.40986	-1.59005	-1.67047	-1.67223	-1.62559	-1.56519	-1.52077	-1.5123	-1.54443	-1.59984	-1.65836	-1.68039	-1.63206	-1.49687	-1.24993	-0.906406	-0.471807	0.00708874	0.502822	0.96452	1.35838	1.63495	1.78828	1.79922	1.66709	1.44001	1.13237	0.769118	0.434642	0.202099	0.0776963	0.0249773	0.00680066	0.00158766	0.000321367	5.69596e-05	8.91701e-06	1.24243e-06	1.5511e-07	1.74548e-08	1.77991e-09	1.65254e-10	1.40289e-11	1.09319e-12	7.84651e-14	5.20424e-15	3.19891e-16	1.82714e-17	9.72152e-19	4.82924e-20	2.24449e-21	9.77912e-23	4.00142e-24	1.54027e-25	5.58641e-27	1.91191e-28	6.18301e-30	1.8919e-31	5.48393e-33	1.50759e-34	3.93495e-36	9.76132e-38	2.30361e-39	5.17648e-41	1.10857e-42	2.26438e-44	4.41495e-46	8.22266e-48	1.4639e-49	2.4929e-51	4.0632e-53	6.34241e-55	9.48655e-57	1.36038e-58	1.87125e-60	2.46978e-62	0	
0	1.46153e-05	9.2385e-05	0.000505305	0.00241142	0.00993959	0.0349734	0.103703	0.255791	0.519413	0.867328	1.21461	1.49626	1.70519	1.81198	1.77468	1.6139	1.33294	0.951709	0.514545	0.0439549	-0.406393	-0.809705	-1.14156	-1.38575	-1.54694	-1.62792	-1.65813	-1.6582	-1.65087	-1.64996	-1.65569	-1.6604	-1.64504	-1.58686	-1.46017	-1.24993	-0.95236	-0.574763	-0.140683	0.326574	0.783438	1.18808	1.51678	1.72478	1.81398	1.76357	1.58973	1.33658	1.01083	0.651916	0.347632	0.152379	0.0553156	0.0168346	0.00435137	0.000966959	0.000186763	3.16559e-05	4.74865e-06	6.35129e-07	7.62382e-08	8.26079e-09	8.12184e-10	7.27914e-11	5.97182e-12	4.50162e-13	3.1286e-14	2.01096e-15	1.19886e-16	6.6463e-18	3.43467e-19	1.65825e-20	7.49497e-22	3.17743e-23	1.26574e-24	4.7456e-26	1.67723e-27	5.59605e-29	1.765e-30	5.26914e-32	1.49069e-33	4.00107e-35	1.01993e-36	2.47177e-38	5.7003e-40	1.25207e-41	2.62162e-43	5.23684e-45	9.98747e-47	1.81987e-48	3.17045e-50	5.28416e-52	8.43085e-54	1.28842e-55	1.88702e-57	2.65004e-59	3.57024e-61	4.61587e-63	0	
0	7.22949e-06	4.78263e-05	0.000274882	0.00138259	0.00602627	0.0225038	0.07109	0.18747	0.407833	0.728097	1.07938	1.38317	1.62084	1.78006	1.81254	1.72121	1.51897	1.20682	0.828996	0.406745	-0.0183566	-0.428202	-0.77961	-1.07185	-1.28697	-1.43567	-1.52768	-1.57266	-1.58926	-1.59163	-1.58367	-1.5488	-1.47838	-1.35617	-1.16435	-0.906406	-0.574763	-0.187062	0.236476	0.663692	1.06216	1.40549	1.65493	1.78854	1.80987	1.69736	1.48611	1.20855	0.869558	0.526357	0.262071	0.107294	0.0364799	0.0104351	0.00254422	0.00053508	9.81056e-05	1.5828e-05	2.26546e-06	2.89734e-07	3.33199e-08	3.46501e-09	3.27471e-10	2.82524e-11	2.23412e-12	1.62521e-13	1.0912e-14	6.78286e-16	3.91411e-17	2.10219e-18	1.0533e-19	4.93411e-21	2.16532e-22	8.91864e-24	3.45379e-25	1.25955e-26	4.33229e-28	1.4074e-29	4.32405e-31	1.25801e-32	3.46977e-34	9.08295e-36	2.25898e-37	5.34297e-39	1.20294e-40	2.58031e-42	5.27754e-44	1.03005e-45	1.91991e-47	3.41979e-49	5.82511e-51	9.49444e-53	1.48168e-54	2.21517e-56	3.17438e-58	4.36245e-60	5.75218e-62	7.27948e-64	0	
