0	0	0	0	0	0	0	0	0	0	0	0	0	0	0	0	0	0	0	0	0	0	0	0	0	0	0	0	0	0	0	0	0	0	0	0	0	0	0	0	0	0	0	0	0	0	0	0	0	0	0	0	0	0	0	0	0	0	0	0	0	0	0	0	0	0	0	0	0	0	0	0	0	0	0	0	0	0	0	0	0	0	0	0	0	0	0	0	0	0	0	0	0	0	0	0	0	0	0	0	
0	0	0	0	0	1.08094e-70	3.79696e-67	6.22743e-64	6.3356e-61	4.48006e-58	2.33824e-55	9.3359e-53	2.91655e-50	7.23095e-48	1.43475e-45	2.28721e-43	2.92976e-41	3.00512e-39	2.45104e-37	1.57253e-35	7.81819e-34	2.95503e-32	8.30653e-31	1.7028e-29	2.52971e-28	2.7307e-27	1.94478e-26	5.66114e-26	1.41378e-25	3.65742e-25	4.24419e-25	2.30173e-25	8.28224e-26	3.18363e-26	6.74591e-27	8.20148e-28	6.14385e-29	3.0591e-30	1.07464e-31	2.78158e-33	5.4726e-35	8.36845e-37	1.01041e-38	9.73694e-41	7.53902e-43	4.70415e-45	2.36427e-47	9.53036e-50	3.05447e-52	7.67169e-55	1.47603e-57	2.09848e-60	2.07568e-63	1.27464e-66	3.65733e-70	0	0	0	0	0	0	0	0	0	0	0	0	0	0	0	0	0	0	0	0	0	0	0	0	0	0	0	0	0	0	0	0	0	0	0	0	0	0	0	0	0	0	0	0	0	
0	0	0	0	1.2425e-70	4.59304e-67	7.94917e-64	8.55966e-61	6.42794e-58	3.57633e-55	1.52871e-52	5.13782e-50	1.37809e-47	2.9775e-45	5.20812e-43	7.386e-41	8.47826e-39	7.8396e-37	5.79276e-35	3.38113e-33	1.53506e-31	5.31753e-30	1.37531e-28	2.60583e-27	3.59397e-26	3.60645e-25	2.39135e-24	6.83899e-24	1.64291e-23	3.99265e-23	4.60319e-23	2.58032e-23	9.89234e-24	3.88346e-24	8.56039e-25	1.11109e-25	9.01076e-27	4.88864e-28	1.87789e-29	5.32935e-31	1.15268e-32	1.94366e-34	2.59746e-36	2.78321e-38	2.4098e-40	1.69345e-42	9.67157e-45	4.4808e-47	1.67512e-49	5.00522e-52	1.17737e-54	2.13007e-57	2.85774e-60	2.67591e-63	1.56e-66	4.26031e-70	0	0	0	0	0	0	0	0	0	0	0	0	0	0	0	0	0	0	0	0	0	0	0	0	0	0	0	0	0	0	0	0	0	0	0	0	0	0	0	0	0	0	0	0	
0	0	0	1.30146e-70	5.05055e-67	9.19869e-64	1.04521e-60	8.30744e-58	4.90841e-55	2.23654e-52	8.04691e-50	2.32189e-47	5.42693e-45	1.03355e-42	1.60802e-40	2.04314e-38	2.11361e-36	1.76982e-34	1.18896e-32	6.33089e-31	2.63009e-29	8.36169e-28	1.99143e-26	3.48826e-25	4.46489e-24	4.16308e-23	2.57113e-22	7.21602e-22	1.66911e-21	3.81135e-21	4.36378e-21	2.53129e-21	1.03179e-21	4.13944e-22	9.50641e-23	1.31721e-23	1.15615e-24	6.8313e-26	2.86699e-27	8.90862e-29	2.11408e-30	3.9205e-32	5.77887e-34	6.85475e-36	6.6001e-38	5.18713e-40	3.33663e-42	1.7567e-44	7.54839e-47	2.63094e-49	7.36269e-52	1.6286e-54	2.78049e-57	3.53143e-60	3.13929e-63	1.74191e-66	4.53827e-70	0	0	0	0	0	0	0	0	0	0	0	0	0	0	0	0	0	0	0	0	0	0	0	0	0	0	0	0	0	0	0	0	0	0	0	0	0	0	0	0	0	0	0	
0	0	1.2425e-70	5.05055e-67	9.65667e-64	1.1547e-60	9.68435e-58	6.05599e-55	2.93034e-52	1.12384e-49	3.47135e-47	8.72768e-45	1.79795e-42	3.04537e-40	4.2444e-38	4.85919e-36	4.5507e-34	3.46291e-32	2.12091e-30	1.03235e-28	3.92993e-27	1.14764e-25	2.51755e-24	4.07572e-23	4.83788e-22	4.18786e-21	2.40913e-20	6.62665e-20	1.47706e-19	3.17015e-19	3.6029e-19	2.16513e-19	9.36442e-20	3.84237e-20	9.20898e-21	1.36267e-21	1.29474e-22	8.33216e-24	3.81937e-25	1.29845e-26	3.37633e-28	6.87278e-30	1.11445e-31	1.45836e-33	1.55465e-35	1.35887e-37	9.77631e-40	5.79761e-42	2.8311e-44	1.13422e-46	3.70265e-49	9.74395e-52	2.03398e-54	3.28746e-57	3.96392e-60	3.35391e-63	1.7754e-66	4.42207e-70	0	0	0	0	0	0	0	0	0	0	0	0	0	0	0	0	0	0	0	0	0	0	0	0	0	0	0	0	0	0	0	0	0	0	0	0	0	0	0	0	0	0	
0	1.08094e-70	4.59304e-67	9.19869e-64	1.1547e-60	1.01914e-57	6.72484e-55	3.4439e-52	1.40258e-49	4.61786e-47	1.24281e-44	2.7539e-42	5.04522e-40	7.6544e-38	9.61088e-36	9.95885e-34	8.47335e-32	5.87586e-30	3.28758e-28	1.46486e-26	5.114e-25	1.37213e-23	2.77178e-22	4.14417e-21	4.55635e-20	3.65715e-19	1.95889e-18	5.27295e-18	1.13332e-17	2.28739e-17	2.57929e-17	1.60741e-17	7.36253e-18	3.0925e-18	7.75012e-19	1.22569e-19	1.26155e-20	8.84739e-22	4.43076e-23	1.64774e-24	4.69154e-26	1.04694e-27	1.86401e-29	2.68392e-31	3.15686e-33	3.05532e-35	2.44488e-37	1.62172e-39	8.92046e-42	4.06158e-44	1.52408e-46	4.67877e-49	1.16197e-51	2.29625e-54	3.52349e-57	4.04376e-60	3.26409e-63	1.65186e-66	3.94096e-70	0	0	0	0	0	0	0	0	0	0	0	0	0	0	0	0	0	0	0	0	0	0	0	0	0	0	0	0	0	0	0	0	0	0	0	0	0	0	0	0	0	
0	3.79696e-67	7.94917e-64	1.04521e-60	9.68435e-58	6.72484e-55	3.63399e-52	1.56636e-49	5.47629e-47	1.57094e-44	3.72608e-42	7.34216e-40	1.20474e-37	1.64647e-35	1.87086e-33	1.76088e-31	1.36489e-29	8.64269e-28	4.42365e-26	1.80577e-24	5.78278e-23	1.42515e-21	2.64891e-20	3.65297e-19	3.71387e-18	2.75933e-17	1.3751e-16	3.61595e-16	7.49765e-16	1.42409e-15	1.59252e-15	1.03011e-15	4.9872e-16	2.14671e-16	5.63821e-17	9.54223e-18	1.06521e-18	8.15042e-20	4.46317e-21	1.81641e-22	5.66254e-24	1.38438e-25	2.70301e-27	4.27431e-29	5.53273e-31	5.90894e-33	5.23607e-35	3.86327e-37	2.37703e-39	1.21917e-41	5.19946e-44	1.8348e-46	5.3157e-49	1.2498e-51	2.34481e-54	3.42459e-57	3.74949e-60	2.89343e-63	1.40256e-66	3.21084e-70	0	0	0	0	0	0	0	0	0	0	0	0	0	0	0	0	0	0	0	0	0	0	0	0	0	0	0	0	0	0	0	0	0	0	0	0	0	0	0	0	
0	6.22743e-64	8.55966e-61	8.30744e-58	6.05599e-55	3.4439e-52	1.56636e-49	5.79583e-47	1.76549e-44	4.46331e-42	9.41377e-40	1.66131e-37	2.45539e-35	3.0365e-33	3.13357e-31	2.68634e-29	1.90078e-27	1.10057e-25	5.15721e-24	1.92907e-22	5.66485e-21	1.28122e-19	2.18819e-18	2.7782e-17	2.60606e-16	1.78836e-15	8.28167e-15	2.12304e-14	4.24816e-14	7.60107e-14	8.4261e-14	5.66083e-14	2.89134e-14	1.27709e-14	3.52444e-15	6.39449e-16	7.75566e-17	6.48577e-18	3.88926e-19	1.73399e-20	5.92164e-22	1.58604e-23	3.39398e-25	5.8871e-27	8.37048e-29	9.83926e-31	9.62208e-33	7.86222e-35	5.3812e-37	3.0874e-39	1.48328e-41	5.94897e-44	1.98119e-46	5.434e-49	1.21296e-51	2.16601e-54	3.01794e-57	3.15891e-60	2.33493e-63	1.08604e-66	2.3895e-70	0	0	0	0	0	0	0	0	0	0	0	0	0	0	0	0	0	0	0	0	0	0	0	0	0	0	0	0	0	0	0	0	0	0	0	0	0	0	0	
0	6.3356e-61	6.42794e-58	4.90841e-55	2.93034e-52	1.40258e-49	5.47629e-47	1.76549e-44	4.73948e-42	1.06544e-39	2.01252e-37	3.19895e-35	4.27798e-33	4.80428e-31	4.51508e-29	3.53265e-27	2.28493e-25	1.21067e-23	5.19485e-22	1.77992e-20	4.78853e-19	9.92456e-18	1.55437e-16	1.81245e-15	1.56422e-14	9.88678e-14	4.24732e-13	1.05886e-12	2.04492e-12	3.45155e-12	3.79146e-12	2.64643e-12	1.42332e-12	6.46136e-13	1.87935e-13	3.66395e-14	4.83986e-15	4.43433e-16	2.91817e-17	1.4277e-18	5.34729e-20	1.56998e-21	3.68215e-23	7.00192e-25	1.09226e-26	1.4105e-28	1.51833e-30	1.36926e-32	1.03793e-34	6.62455e-37	3.56026e-39	1.60858e-41	6.08868e-44	1.91969e-46	4.99882e-49	1.06204e-51	1.80926e-54	2.40997e-57	2.41618e-60	1.71365e-63	7.66045e-67	1.62229e-70	0	0	0	0	0	0	0	0	0	0	0	0	0	0	0	0	0	0	0	0	0	0	0	0	0	0	0	0	0	0	0	0	0	0	0	0	0	0	
0	4.48006e-58	3.57633e-55	2.23654e-52	1.12384e-49	4.61786e-47	1.57094e-44	4.46331e-42	1.06544e-39	2.14501e-37	3.64929e-35	5.24835e-33	6.3733e-31	6.51756e-29	5.58953e-27	3.99688e-25	2.36498e-23	1.1469e-21	4.50456e-20	1.41236e-18	3.47563e-17	6.58695e-16	9.43497e-15	1.00715e-13	7.96897e-13	4.62321e-12	1.83835e-11	4.44385e-11	8.28212e-11	1.32112e-10	1.43764e-10	1.04249e-10	5.89272e-11	2.75477e-11	8.47463e-12	1.78072e-12	2.56981e-13	2.58784e-14	1.87442e-15	1.00877e-16	4.15142e-18	1.33779e-19	3.44104e-21	7.17387e-23	1.22709e-24	1.7388e-26	2.05649e-28	2.04158e-30	1.70812e-32	1.20745e-34	7.21903e-37	3.64874e-39	1.55585e-41	5.57533e-44	1.66886e-46	4.13619e-49	8.38331e-52	1.3653e-54	1.7419e-57	1.67568e-60	1.14218e-63	4.91443e-67	1.00313e-70	0	0	0	0	0	0	0	0	0	0	0	0	0	0	0	0	0	0	0	0	0	0	0	0	0	0	0	0	0	0	0	0	0	0	0	0	0	
0	2.33824e-55	1.52871e-52	8.04691e-50	3.47135e-47	1.24281e-44	3.72608e-42	9.41377e-40	2.01252e-37	3.64929e-35	5.61732e-33	7.33569e-31	8.11131e-29	7.5688e-27	5.93158e-25	3.87937e-23	2.10029e-21	9.31847e-20	3.34665e-18	9.58664e-17	2.15305e-15	3.72036e-14	4.85652e-13	4.72677e-12	3.41377e-11	1.81014e-10	6.64318e-10	1.55154e-09	2.78946e-09	4.21509e-09	4.54322e-09	3.42054e-09	2.02826e-09	9.78829e-10	3.1981e-10	7.27024e-11	1.1508e-11	1.27897e-12	1.02351e-13	6.07904e-15	2.75601e-16	9.76684e-18	2.75879e-19	6.30999e-21	1.1836e-22	1.83935e-24	2.38734e-26	2.60418e-28	2.39864e-30	1.87154e-32	1.23932e-34	6.9684e-37	3.324e-39	1.34186e-41	4.56504e-44	1.30056e-46	3.07501e-49	5.95806e-52	9.29382e-55	1.1377e-57	1.05181e-60	6.90044e-64	2.86161e-67	5.63705e-71	0	0	0	0	0	0	0	0	0	0	0	0	0	0	0	0	0	0	0	0	0	0	0	0	0	0	0	0	0	0	0	0	0	0	0	0	
0	9.3359e-53	5.13782e-50	2.32189e-47	8.72768e-45	2.7539e-42	7.34216e-40	1.66131e-37	3.19895e-35	5.24835e-33	7.33569e-31	8.72276e-29	8.80038e-27	7.5034e-25	5.37764e-23	3.2174e-21	1.59314e-19	6.46014e-18	2.11799e-16	5.52999e-15	1.13002e-13	1.77356e-12	2.10047e-11	1.85452e-10	1.21589e-09	5.86179e-09	1.97841e-08	4.44483e-08	7.70282e-08	1.10586e-07	1.18064e-07	9.21777e-08	5.72335e-08	2.86018e-08	9.97346e-09	2.46463e-09	4.30041e-10	5.30206e-11	4.71085e-12	3.10103e-13	1.55422e-14	6.07379e-16	1.88786e-17	4.74367e-19	9.76446e-21	1.66431e-22	2.36931e-24	2.83652e-26	2.8709e-28	2.46608e-30	1.8025e-32	1.12254e-34	5.95678e-37	2.69e-39	1.03092e-41	3.33804e-44	9.07194e-47	2.05044e-49	3.80511e-52	5.69485e-55	6.69954e-58	5.96121e-61	3.76928e-64	1.50847e-67	2.87109e-71	0	0	0	0	0	0	0	0	0	0	0	0	0	0	0	0	0	0	0	0	0	0	0	0	0	0	0	0	0	0	0	0	0	0	0	
0	2.91655e-50	1.37809e-47	5.42693e-45	1.79795e-42	5.04522e-40	1.20474e-37	2.45539e-35	4.27798e-33	6.3733e-31	8.11131e-29	8.80038e-27	8.11258e-25	6.32528e-23	4.14656e-21	2.26855e-19	1.02632e-17	3.79719e-16	1.13376e-14	2.68963e-13	4.9807e-12	7.06596e-11	7.54912e-10	6.00778e-09	3.55159e-08	1.54676e-07	4.77957e-07	1.02734e-06	1.71387e-06	2.34607e-06	2.48156e-06	2.00522e-06	1.30154e-06	6.76231e-07	2.53119e-07	6.84011e-08	1.32384e-08	1.82256e-09	1.80904e-10	1.32701e-11	7.3861e-13	3.19465e-14	1.09575e-15	3.03103e-17	6.85615e-19	1.28264e-20	2.00294e-22	2.63026e-24	2.92182e-26	2.75795e-28	2.21926e-30	1.52551e-32	8.96584e-35	4.50403e-37	1.93088e-39	7.04273e-42	2.17527e-44	5.65115e-47	1.22329e-49	2.178e-52	3.13245e-55	3.54658e-58	3.04135e-61	1.85574e-64	7.17543e-68	1.32099e-71	0	0	0	0	0	0	0	0	0	0	0	0	0	0	0	0	0	0	0	0	0	0	0	0	0	0	0	0	0	0	0	0	0	0	
0	7.23095e-48	2.9775e-45	1.03355e-42	3.04537e-40	7.6544e-38	1.64647e-35	3.0365e-33	4.80428e-31	6.51756e-29	7.5688e-27	7.5034e-25	6.32528e-23	4.51086e-21	2.70381e-19	1.35128e-17	5.57616e-16	1.87786e-14	5.08987e-13	1.09259e-11	1.82417e-10	2.32477e-09	2.22449e-08	1.58292e-07	8.36632e-07	3.26542e-06	9.18719e-06	1.87638e-05	3.00713e-05	3.94114e-05	4.13238e-05	3.44653e-05	2.33543e-05	1.26814e-05	5.1305e-06	1.52745e-06	3.30485e-07	5.12243e-08	5.72474e-09	4.71198e-10	2.92953e-11	1.40904e-12	5.35325e-14	1.63487e-15	4.07228e-17	8.37329e-19	1.4353e-20	2.06764e-22	2.51945e-24	2.61012e-26	2.30791e-28	1.74649e-30	1.13293e-32	6.30319e-35	3.00583e-37	1.22633e-39	4.26656e-42	1.25963e-44	3.13391e-47	6.50825e-50	1.11348e-52	1.54117e-55	1.68159e-58	1.3915e-61	8.20287e-65	3.06772e-68	5.46821e-72	0	0	0	0	0	0	0	0	0	0	0	0	0	0	0	0	0	0	0	0	0	0	0	0	0	0	0	0	0	0	0	0	0	
0	1.43475e-45	5.20812e-43	1.60802e-40	4.2444e-38	9.61088e-36	1.87086e-33	3.13357e-31	4.51508e-29	5.58953e-27	5.93158e-25	5.37764e-23	4.14656e-21	2.70381e-19	1.48039e-17	6.74744e-16	2.53367e-14	7.74157e-13	1.89688e-11	3.66505e-10	5.48115e-09	6.22596e-08	5.28694e-07	3.32979e-06	1.55673e-05	5.39188e-05	0.000137177	0.00026392	0.000405017	0.000510503	0.000531039	0.000455579	0.000322061	0.000184035	8.11369e-05	2.68639e-05	6.56208e-06	1.15707e-06	1.47054e-07	1.37012e-08	9.58546e-10	5.15799e-11	2.18115e-12	7.38222e-14	2.03077e-15	4.59894e-17	8.66517e-19	1.37026e-20	1.83161e-22	2.08138e-24	2.01981e-26	1.67945e-28	1.19927e-30	7.36391e-33	3.88891e-35	1.76478e-37	6.86732e-40	2.28358e-42	6.45613e-45	1.5409e-47	3.07477e-50	5.06224e-53	6.75193e-56	7.1085e-59	5.68257e-62	3.23983e-65	1.17307e-68	2.02647e-72	0	0	0	0	0	0	0	0	0	0	0	0	0	0	0	0	0	0	0	0	0	0	0	0	0	0	0	0	0	0	0	0	
0	2.28721e-43	7.386e-41	2.04314e-38	4.85919e-36	9.95885e-34	1.76088e-31	2.68634e-29	3.53265e-27	3.99688e-25	3.87937e-23	3.2174e-21	2.26855e-19	1.35128e-17	6.74744e-16	2.79823e-14	9.53092e-13	2.63121e-11	5.79728e-10	1.0015e-08	1.33054e-07	1.33362e-06	9.93291e-06	5.46494e-05	0.000222938	0.000676889	0.00154409	0.00276799	0.00404751	0.00492805	0.00509107	0.00447554	0.0033024	0.00200425	0.000972333	0.000362281	0.000101165	2.05638e-05	3.0102e-06	3.21056e-07	2.55139e-08	1.5478e-09	7.32996e-11	2.76285e-12	8.4255e-14	2.10753e-15	4.37372e-17	7.6023e-19	1.11545e-20	1.39037e-22	1.47985e-24	1.35031e-26	1.05938e-28	7.15995e-31	4.17271e-33	2.09678e-35	9.07456e-38	3.37475e-40	1.07454e-42	2.91404e-45	6.68221e-48	1.28302e-50	2.03538e-53	2.61924e-56	2.66377e-59	2.05933e-62	1.13664e-65	3.98826e-69	6.68278e-73	0	0	0	0	0	0	0	0	0	0	0	0	0	0	0	0	0	0	0	0	0	0	0	0	0	0	0	0	0	0	0	
0	2.92976e-41	8.47826e-39	2.11361e-36	4.5507e-34	8.47335e-32	1.36489e-29	1.90078e-27	2.28493e-25	2.36498e-23	2.10029e-21	1.59314e-19	1.02632e-17	5.57616e-16	2.53367e-14	9.53092e-13	2.93263e-11	7.27667e-10	1.43201e-08	2.19324e-07	2.56137e-06	2.23633e-05	0.000143883	0.000679864	0.00237807	0.00623484	0.0126213	0.0207991	0.0287657	0.0339429	0.0348637	0.0312976	0.0241684	0.0157672	0.00851177	0.00362203	0.00117476	0.000280005	4.79958e-05	5.94539e-06	5.43165e-07	3.75109e-08	2.00494e-09	8.46803e-11	2.87662e-12	7.97732e-14	1.82854e-15	3.50041e-17	5.64464e-19	7.72207e-21	9.01404e-23	9.0198e-25	7.76441e-27	5.76461e-29	3.6973e-31	2.04997e-33	9.82277e-36	4.06228e-38	1.44638e-40	4.41703e-43	1.15074e-45	2.53879e-48	4.69652e-51	7.18768e-54	8.93402e-57	8.78593e-60	6.57503e-63	3.51651e-66	1.19672e-69	1.94658e-73	0	0	0	0	0	0	0	0	0	0	0	0	0	0	0	0	0	0	0	0	0	0	0	0	0	0	0	0	0	0	
0	3.00512e-39	7.8396e-37	1.76982e-34	3.46291e-32	5.87586e-30	8.64269e-28	1.10057e-25	1.21067e-23	1.1469e-21	9.31847e-20	6.46014e-18	3.79719e-16	1.87786e-14	7.74157e-13	2.63121e-11	7.27667e-10	1.61218e-08	2.81015e-07	3.77517e-06	3.82346e-05	0.000285951	0.00155773	0.00618172	0.0181307	0.0403283	0.0715899	0.106851	0.138358	0.158275	0.161756	0.148062	0.120354	0.0856079	0.0520312	0.0257359	0.00989	0.00282519	0.000579411	8.49463e-05	9.06082e-06	7.21179e-07	4.39321e-08	2.09522e-09	7.97646e-11	2.46388e-12	6.26028e-14	1.32339e-15	2.34976e-17	3.53209e-19	4.52405e-21	4.96368e-23	4.68467e-25	3.8154e-27	2.68763e-29	1.63966e-31	8.66737e-34	3.9679e-36	1.5708e-38	5.36327e-41	1.57319e-43	3.94267e-46	8.37946e-49	1.49522e-51	2.20998e-54	2.6559e-57	2.52802e-60	1.83296e-63	9.50686e-67	3.14031e-70	4.96217e-74	0	0	0	0	0	0	0	0	0	0	0	0	0	0	0	0	0	0	0	0	0	0	0	0	0	0	0	0	0	
0	2.45104e-37	5.79276e-35	1.18896e-32	2.12091e-30	3.28758e-28	4.42365e-26	5.15721e-24	5.19485e-22	4.50456e-20	3.34665e-18	2.11799e-16	1.13376e-14	5.08987e-13	1.89688e-11	5.79728e-10	1.43201e-08	2.81015e-07	4.29349e-06	4.99135e-05	0.000430833	0.00269995	0.0121278	0.039264	0.0939967	0.174363	0.268616	0.359443	0.431778	0.476735	0.484654	0.453514	0.391074	0.306436	0.211394	0.123613	0.0575933	0.0202601	0.00511274	0.000909343	0.000115537	1.07664e-05	7.5669e-07	4.11401e-08	1.76828e-09	6.11934e-11	1.73118e-12	4.05492e-14	7.94725e-16	1.31483e-17	1.84974e-19	2.22608e-21	2.30286e-23	2.05568e-25	1.58801e-27	1.06373e-29	6.18547e-32	3.1231e-34	1.3683e-36	5.19326e-39	1.7028e-41	4.80386e-44	1.15955e-46	2.3767e-49	4.09502e-52	5.85098e-55	6.80464e-58	6.2743e-61	4.41103e-64	2.2203e-67	7.12361e-71	1.0942e-74	0	0	0	0	0	0	0	0	0	0	0	0	0	0	0	0	0	0	0	0	0	0	0	0	0	0	0	0	
0	1.57253e-35	3.38113e-33	6.33089e-31	1.03235e-28	1.46486e-26	1.80577e-24	1.92907e-22	1.77992e-20	1.41236e-18	9.58664e-17	5.52999e-15	2.68963e-13	1.09259e-11	3.66505e-10	1.0015e-08	2.19324e-07	3.77517e-06	4.99135e-05	0.000493706	0.00355164	0.0181226	0.0648637	0.165484	0.315607	0.4867	0.653166	0.7935	0.892822	0.949256	0.959063	0.920589	0.838493	0.714037	0.55458	0.383658	0.220535	0.0983118	0.0316035	0.00704068	0.00109345	0.000121694	1.00189e-05	6.28231e-07	3.07613e-08	1.20092e-09	3.80315e-11	9.91083e-13	2.15069e-14	3.92499e-16	6.07378e-18	8.02397e-20	9.10012e-22	8.89981e-24	7.53209e-26	5.53078e-28	3.52984e-30	1.95984e-32	9.46696e-35	3.97527e-37	1.44846e-39	4.56648e-42	1.24045e-44	2.88684e-47	5.71202e-50	9.5116e-53	1.31485e-55	1.48096e-58	1.32375e-61	9.02966e-65	4.41368e-68	1.37623e-71	2.05597e-75	0	0	0	0	0	0	0	0	0	0	0	0	0	0	0	0	0	0	0	0	0	0	0	0	0	0	0	
0	7.81819e-34	1.53506e-31	2.63009e-29	3.92993e-27	5.114e-25	5.78278e-23	5.66485e-21	4.78853e-19	3.47563e-17	2.15305e-15	1.13002e-13	4.9807e-12	1.82417e-10	5.48115e-09	1.33054e-07	2.56137e-06	3.82346e-05	0.000430833	0.00355164	0.0207107	0.0830399	0.22782	0.446316	0.685503	0.917968	1.12274	1.29431	1.42006	1.48691	1.49778	1.4539	1.35157	1.19557	1.00334	0.780696	0.541935	0.308851	0.130741	0.0379004	0.00742918	0.00101201	9.94088e-05	7.28925e-06	4.10886e-07	1.82419e-08	6.50683e-10	1.89546e-11	4.57052e-13	9.2252e-15	1.57316e-16	2.284e-18	2.84121e-20	3.04402e-22	2.82057e-24	2.26764e-26	1.58558e-28	9.65714e-31	5.12711e-33	2.37256e-35	9.56008e-38	3.34787e-40	1.01586e-42	2.65953e-45	5.97263e-48	1.14171e-50	1.83871e-53	2.46079e-56	2.68594e-59	2.32865e-62	1.54199e-65	7.32273e-69	2.22e-72	3.22685e-76	0	0	0	0	0	0	0	0	0	0	0	0	0	0	0	0	0	0	0	0	0	0	0	0	0	0	
0	2.95503e-32	5.31753e-30	8.36169e-28	1.14764e-25	1.37213e-23	1.42515e-21	1.28122e-19	9.92456e-18	6.58695e-16	3.72036e-14	1.77356e-12	7.06596e-11	2.32477e-09	6.22596e-08	1.33362e-06	2.23633e-05	0.000285951	0.00269995	0.0181226	0.0830399	0.25245	0.520312	0.812546	1.10709	1.38852	1.63615	1.82268	1.95184	2.02446	2.03687	1.98794	1.8812	1.71772	1.4941	1.2215	0.931989	0.635715	0.352327	0.137069	0.0350938	0.00601489	0.00071965	6.26596e-05	4.11294e-06	2.09458e-07	8.47067e-09	2.77212e-10	7.45557e-12	1.66895e-13	3.14241e-15	5.02019e-17	6.85406e-19	8.04503e-21	8.15756e-23	7.17337e-25	5.48665e-27	3.658e-29	2.12872e-31	1.08186e-33	4.80062e-36	1.85786e-38	6.2579e-41	1.82893e-43	4.61766e-46	1.00126e-48	1.85005e-51	2.88294e-54	3.73689e-57	3.95403e-60	3.32603e-63	2.13862e-66	9.86924e-70	2.90961e-73	4.11552e-77	0	0	0	0	0	0	0	0	0	0	0	0	0	0	0	0	0	0	0	0	0	0	0	0	0	
0	8.30653e-31	1.37531e-28	1.99143e-26	2.51755e-24	2.77178e-22	2.64891e-20	2.18819e-18	1.55437e-16	9.43497e-15	4.85652e-13	2.10047e-11	7.54912e-10	2.22449e-08	5.28694e-07	9.93291e-06	0.000143883	0.00155773	0.0121278	0.0648637	0.22782	0.520312	0.855284	1.21237	1.56383	1.86537	2.11153	2.30655	2.43931	2.50867	2.51989	2.47427	2.368	2.19573	1.96989	1.69201	1.35663	0.995325	0.651399	0.33316	0.113502	0.0250421	0.00371815	0.00038987	3.01137e-05	1.77297e-06	8.17674e-08	3.01933e-09	9.08628e-11	2.26093e-12	4.70744e-14	8.28229e-16	1.24144e-17	1.59604e-19	1.76976e-21	1.70016e-23	1.42013e-25	1.03421e-27	6.57918e-30	3.66034e-32	1.78167e-34	7.58435e-37	2.82005e-39	9.13917e-42	2.57319e-44	6.26638e-47	1.31205e-49	2.34341e-52	3.53336e-55	4.43556e-58	4.54922e-61	3.71222e-64	2.3173e-67	1.03892e-70	2.97769e-74	4.09724e-78	0	0	0	0	0	0	0	0	0	0	0	0	0	0	0	0	0	0	0	0	0	0	0	0	
0	1.7028e-29	2.60583e-27	3.48826e-25	4.07572e-23	4.14417e-21	3.65297e-19	2.7782e-17	1.81245e-15	1.00715e-13	4.72677e-12	1.85452e-10	6.00778e-09	1.58292e-07	3.32979e-06	5.46494e-05	0.000679864	0.00618172	0.039264	0.165484	0.446316	0.812546	1.21237	1.61904	1.98191	2.28585	2.5222	2.6711	2.74721	2.7793	2.78404	2.76401	2.70879	2.59239	2.38937	2.11153	1.76936	1.37923	0.96776	0.588297	0.258977	0.0736089	0.013655	0.00173547	0.000158536	1.08303e-05	5.71058e-07	2.38319e-08	8.03224e-10	2.22238e-11	5.11583e-13	9.90655e-15	1.62857e-16	2.29012e-18	2.77206e-20	2.90318e-22	2.64169e-24	2.09534e-26	1.45234e-28	8.81188e-31	4.68464e-33	2.18268e-35	8.90792e-38	3.18011e-40	9.90834e-43	2.68542e-45	6.30233e-48	1.27304e-50	2.19569e-53	3.19996e-56	3.88605e-59	3.85875e-62	3.05082e-65	1.84646e-68	8.03156e-72	2.23469e-75	2.98676e-79	0	0	0	0	0	0	0	0	0	0	0	0	0	0	0	0	0	0	0	0	0	0	0	
0	2.52971e-28	3.59397e-26	4.46489e-24	4.83788e-22	4.55635e-20	3.71387e-18	2.60606e-16	1.56422e-14	7.96897e-13	3.41377e-11	1.21589e-09	3.55159e-08	8.36632e-07	1.55673e-05	0.000222938	0.00237807	0.0181307	0.0939967	0.315607	0.685503	1.10709	1.56383	1.98191	2.33918	2.61419	2.76826	2.83568	2.86403	2.8762	2.87812	2.87031	2.84997	2.80288	2.68909	2.46217	2.13428	1.73576	1.28696	0.851327	0.451789	0.160619	0.0367218	0.00560966	0.0006022	4.74754e-05	2.84788e-06	1.33701e-07	5.02444e-09	1.53909e-10	3.90029e-12	8.27701e-14	1.48584e-15	2.27523e-17	2.99263e-19	3.40059e-21	3.35412e-23	2.88255e-25	2.16491e-27	1.42407e-29	8.21666e-32	4.16165e-34	1.8504e-36	7.21758e-39	2.46599e-41	7.36249e-44	1.91426e-46	4.3142e-49	8.37638e-52	1.38986e-54	1.95013e-57	2.28165e-60	2.18414e-63	1.66566e-66	9.72891e-70	4.08572e-73	1.09799e-76	1.41787e-80	0	0	0	0	0	0	0	0	0	0	0	0	0	0	0	0	0	0	0	0	0	0	
0	2.7307e-27	3.60645e-25	4.16308e-23	4.18786e-21	3.65715e-19	2.75933e-17	1.78836e-15	9.88678e-14	4.62321e-12	1.81014e-10	5.86179e-09	1.54676e-07	3.26542e-06	5.39188e-05	0.000676889	0.00623484	0.0403283	0.174363	0.4867	0.917968	1.38852	1.86537	2.28585	2.61419	2.79325	2.86424	2.89653	2.91886	2.93312	2.9357	2.92575	2.90629	2.87951	2.83044	2.70301	2.43082	2.03965	1.58934	1.1003	0.652959	0.27784	0.0763216	0.0137497	0.00170644	0.000152976	1.02988e-05	5.37084e-07	2.22378e-08	7.45662e-10	2.05769e-11	4.73523e-13	9.18671e-15	1.51626e-16	2.14513e-18	2.61776e-20	2.76979e-22	2.55181e-24	2.05403e-26	1.44829e-28	8.9624e-31	4.87341e-33	2.32975e-35	9.78982e-38	3.61273e-40	1.16884e-42	3.30678e-45	8.15123e-48	1.74225e-50	3.20864e-53	5.04989e-56	6.71937e-59	7.45238e-62	6.75841e-65	4.87877e-68	2.69452e-71	1.06855e-74	2.7072e-78	3.28916e-82	0	0	0	0	0	0	0	0	0	0	0	0	0	0	0	0	0	0	0	0	0	
0	1.94478e-26	2.39135e-24	2.57113e-22	2.40913e-20	1.95889e-18	1.3751e-16	8.28167e-15	4.24732e-13	1.83835e-11	6.64318e-10	1.97841e-08	4.77957e-07	9.18719e-06	0.000137177	0.00154409	0.0126213	0.0715899	0.268616	0.653166	1.12274	1.63615	2.11153	2.5222	2.76826	2.86424	2.90695	2.94441	2.97941	3.00259	3.00675	2.99062	2.9592	2.92192	2.88382	2.81911	2.64281	2.28994	1.83437	1.32307	0.838147	0.403992	0.128653	0.0267026	0.00376581	0.000378483	2.8243e-05	1.61735e-06	7.29788e-08	2.6503e-09	7.88073e-11	1.94592e-12	4.03659e-14	7.1026e-16	1.0686e-17	1.38391e-19	1.55128e-21	1.51192e-23	1.28589e-25	9.57095e-28	6.24731e-30	3.58115e-32	1.80402e-34	7.98634e-37	3.10463e-39	1.05817e-41	3.15447e-44	8.19627e-47	1.84754e-49	3.59073e-52	5.96866e-55	8.39625e-58	9.85648e-61	9.47403e-64	7.26026e-67	4.2645e-70	1.80235e-73	4.87829e-77	6.34944e-81	0	0	0	0	0	0	0	0	0	0	0	0	0	0	0	0	0	0	0	0	0	
0	5.66114e-26	6.83899e-24	7.21602e-22	6.62665e-20	5.27295e-18	3.61595e-16	2.12304e-14	1.05886e-12	4.44385e-11	1.55154e-09	4.44483e-08	1.02734e-06	1.87638e-05	0.00026392	0.00276799	0.0207991	0.106851	0.359443	0.7935	1.29431	1.82268	2.30655	2.6711	2.83568	2.89653	2.94441	2.99848	3.04815	3.08002	3.08567	3.06365	3.0197	2.96566	2.915	2.86553	2.75803	2.47743	2.02146	1.50858	0.987197	0.516691	0.183682	0.0426027	0.00667375	0.000740308	6.0638e-05	3.79425e-06	1.86362e-07	7.34388e-09	2.36333e-10	6.30186e-12	1.40921e-13	2.66928e-15	4.31872e-17	6.01032e-19	7.23704e-21	7.57617e-23	6.9229e-25	5.53933e-27	3.89065e-29	2.40299e-31	1.30656e-33	6.25668e-36	2.63817e-38	9.78577e-41	3.18771e-43	9.09561e-46	2.26515e-48	4.89996e-51	9.14952e-54	1.46275e-56	1.981e-59	2.24089e-62	2.0773e-65	1.53646e-68	8.71682e-72	3.56078e-75	9.32101e-79	1.17402e-82	0	0	0	0	0	0	0	0	0	0	0	0	0	0	0	0	0	0	0	0	
0	1.41378e-25	1.64291e-23	1.66911e-21	1.47706e-19	1.13332e-17	7.49765e-16	4.24816e-14	2.04492e-12	8.28212e-11	2.78946e-09	7.70282e-08	1.71387e-06	3.00713e-05	0.000405017	0.00404751	0.0287657	0.138358	0.431778	0.892822	1.42006	1.95184	2.43931	2.74721	2.86403	2.91886	2.97941	3.04815	3.10919	3.14759	3.15435	3.12793	3.07443	3.00671	2.94136	2.88734	2.81014	2.59312	2.15575	1.63353	1.09765	0.604263	0.229258	0.0573173	0.00971534	0.00116469	0.000102678	6.87824e-06	3.59658e-07	1.50068e-08	5.08807e-10	1.42304e-11	3.32444e-13	6.5555e-15	1.10077e-16	1.5856e-18	1.97142e-20	2.12657e-22	1.99862e-24	1.64211e-26	1.18262e-28	7.47987e-31	4.16003e-33	2.03562e-35	8.76292e-38	3.31576e-40	1.10102e-42	3.20031e-45	8.11427e-48	1.78613e-50	3.39219e-53	5.51356e-56	7.5886e-59	8.72098e-62	8.21071e-65	6.16628e-68	3.5512e-71	1.47225e-74	3.91057e-78	4.99713e-82	0	0	0	0	0	0	0	0	0	0	0	0	0	0	0	0	0	0	0	0	
0	3.65742e-25	3.99265e-23	3.81135e-21	3.17015e-19	2.28739e-17	1.42409e-15	7.60107e-14	3.45155e-12	1.32112e-10	4.21509e-09	1.10586e-07	2.34607e-06	3.94114e-05	0.000510503	0.00492805	0.0339429	0.158275	0.476735	0.949256	1.48691	2.02446	2.50867	2.7793	2.8762	2.93312	3.00259	3.08002	3.14759	3.18972	3.19711	3.16818	3.10922	3.03355	2.95896	2.89865	2.83047	2.64737	2.23287	1.70169	1.16403	0.65318	0.256101	0.0669668	0.0118912	0.0014869	0.00013589	9.38088e-06	5.02909e-07	2.14239e-08	7.39113e-10	2.0977e-11	4.96214e-13	9.89048e-15	1.67629e-16	2.43431e-18	3.04839e-20	3.30925e-22	3.12782e-24	2.58302e-26	1.86884e-28	1.18698e-30	6.62686e-33	3.25414e-35	1.40539e-37	5.33378e-40	1.77606e-42	5.17594e-45	1.31555e-47	2.90245e-50	5.52422e-53	8.99725e-56	1.24074e-58	1.4285e-61	1.34727e-64	1.0135e-67	5.84613e-71	2.4274e-74	6.45707e-78	8.26283e-82	0	0	0	0	0	0	0	0	0	0	0	0	0	0	0	0	0	0	0	0	
0	4.24419e-25	4.60319e-23	4.36378e-21	3.6029e-19	2.57929e-17	1.59252e-15	8.4261e-14	3.79146e-12	1.43764e-10	4.54322e-09	1.18064e-07	2.48156e-06	4.13238e-05	0.000531039	0.00509107	0.0348637	0.161756	0.484654	0.959063	1.49778	2.03687	2.51989	2.78404	2.87812	2.9357	3.00675	3.08567	3.15435	3.19711	3.20462	3.17525	3.11536	3.03835	2.96215	2.90059	2.83338	2.65554	2.24577	1.71321	1.17535	0.661137	0.260681	0.0687088	0.0122974	0.00154813	0.000142263	9.86377e-06	5.30636e-07	2.26682e-08	7.83811e-10	2.2287e-11	5.28017e-13	1.05381e-14	1.78801e-16	2.59902e-18	3.25732e-20	3.53861e-22	3.34672e-24	2.76535e-26	2.00175e-28	1.27197e-30	7.10426e-33	3.48986e-35	1.5077e-37	5.72383e-40	1.90649e-42	5.5575e-45	1.41287e-47	3.11789e-50	5.93553e-53	9.66908e-56	1.33363e-58	1.53573e-61	1.44865e-64	1.08993e-67	6.28796e-71	2.61123e-74	6.94702e-78	8.89097e-82	0	0	0	0	0	0	0	0	0	0	0	0	0	0	0	0	0	0	0	0	
0	2.30173e-25	2.58032e-23	2.53129e-21	2.16513e-19	1.60741e-17	1.03011e-15	5.66083e-14	2.64643e-12	1.04249e-10	3.42054e-09	9.21777e-08	2.00522e-06	3.44653e-05	0.000455579	0.00447554	0.0312976	0.148062	0.453514	0.920589	1.4539	1.98794	2.47427	2.76401	2.87031	2.92575	2.99062	3.06365	3.12793	3.16818	3.17525	3.14759	3.09137	3.01972	2.94983	2.89291	2.8208	2.62103	2.19409	1.66747	1.13043	0.628729	0.242449	0.0619565	0.010747	0.00131624	0.000118228	8.04683e-06	4.26441e-07	1.79956e-08	6.16012e-10	1.73699e-11	4.08643e-13	8.10714e-15	1.36855e-16	1.98052e-18	2.47261e-20	2.67704e-22	2.52428e-24	2.0802e-26	1.50218e-28	9.52454e-31	5.30921e-33	2.60338e-35	1.12286e-37	4.25638e-40	1.41572e-42	4.12151e-45	1.04653e-47	2.30683e-50	4.38685e-53	7.1391e-56	9.83749e-59	1.13181e-61	1.06673e-64	8.0194e-68	4.62295e-71	1.91839e-74	5.1002e-78	6.52299e-82	0	0	0	0	0	0	0	0	0	0	0	0	0	0	0	0	0	0	0	0	
0	8.28224e-26	9.89234e-24	1.03179e-21	9.36442e-20	7.36253e-18	4.9872e-16	2.89134e-14	1.42332e-12	5.89272e-11	2.02826e-09	5.72335e-08	1.30154e-06	2.33543e-05	0.000322061	0.0033024	0.0241684	0.120354	0.391074	0.838493	1.35157	1.8812	2.368	2.70879	2.84997	2.90629	2.9592	3.0197	3.07443	3.10922	3.11536	3.09137	3.04316	2.98306	2.92612	2.87571	2.78394	2.53194	2.0814	1.56535	1.03589	0.555823	0.203667	0.0488171	0.00791406	0.000908718	7.69898e-05	4.97632e-06	2.5207e-07	1.02259e-08	3.38184e-10	9.25156e-12	2.11912e-13	4.10559e-15	6.7852e-17	9.6341e-19	1.18225e-20	1.26012e-22	1.17133e-24	9.52662e-27	6.79652e-29	4.26112e-31	2.35049e-33	1.14133e-35	4.87759e-38	1.83297e-40	6.04694e-43	1.74679e-45	4.4028e-48	9.63678e-51	1.82029e-53	2.94324e-56	4.03059e-59	4.60958e-62	4.3195e-65	3.22919e-68	1.85149e-71	7.64287e-75	2.02157e-78	2.57268e-82	0	0	0	0	0	0	0	0	0	0	0	0	0	0	0	0	0	0	0	0	
0	3.18363e-26	3.88346e-24	4.13944e-22	3.84237e-20	3.0925e-18	2.14671e-16	1.27709e-14	6.46136e-13	2.75477e-11	9.78829e-10	2.86018e-08	6.76231e-07	1.26814e-05	0.000184035	0.00200425	0.0157672	0.0856079	0.306436	0.714037	1.19557	1.71772	2.19573	2.59239	2.80288	2.87951	2.92192	2.96566	3.00671	3.03355	3.03835	3.01972	2.98306	2.93901	2.8969	2.8421	2.69864	2.3736	1.91552	1.40395	0.902039	0.451028	0.150966	0.0328908	0.00484294	0.000505474	3.89953e-05	2.30028e-06	1.06605e-07	3.96687e-09	1.20628e-10	3.04117e-12	6.43254e-14	1.15281e-15	1.76491e-17	2.32407e-19	2.64723e-21	2.62043e-23	2.26268e-25	1.70934e-27	1.13226e-29	6.58615e-32	3.36694e-34	1.51289e-36	5.97151e-39	2.0676e-41	6.266e-44	1.65678e-46	3.80552e-49	7.55017e-52	1.28432e-54	1.85516e-57	2.247e-60	2.24421e-63	1.80654e-66	1.13481e-69	5.30029e-73	1.70157e-76	3.24219e-80	2.55691e-84	0	0	0	0	0	0	0	0	0	0	0	0	0	0	0	0	0	0	0	0	
0	6.74591e-27	8.56039e-25	9.50641e-23	9.20898e-21	7.75012e-19	5.63821e-17	3.52444e-15	1.87935e-13	8.47463e-12	3.1981e-10	9.97346e-09	2.53119e-07	5.1305e-06	8.11369e-05	0.000972333	0.00851177	0.0520312	0.211394	0.55458	1.00334	1.4941	1.96989	2.38937	2.68909	2.83044	2.88382	2.915	2.94136	2.95896	2.96215	2.94983	2.92612	2.8969	2.8568	2.76158	2.52875	2.14671	1.69488	1.19259	0.730626	0.328824	0.0960702	0.0183139	0.00238789	0.000223426	1.56141e-05	8.41517e-07	3.58791e-08	1.23523e-09	3.49138e-11	8.21309e-13	1.62613e-14	2.73527e-16	3.93924e-18	4.88873e-20	5.25618e-22	4.91736e-24	4.01703e-26	2.87323e-28	1.80299e-30	9.93869e-33	4.81547e-35	2.05057e-37	7.66786e-40	2.51376e-42	7.20655e-45	1.80031e-47	3.90047e-50	7.28314e-53	1.16255e-55	1.56952e-58	1.76708e-61	1.62775e-64	1.19438e-67	6.71062e-71	2.70991e-74	6.99941e-78	8.68164e-82	0	0	0	0	0	0	0	0	0	0	0	0	0	0	0	0	0	0	0	0	0	
0	8.20148e-28	1.11109e-25	1.31721e-23	1.36267e-21	1.22569e-19	9.54223e-18	6.39449e-16	3.66395e-14	1.78072e-12	7.27024e-11	2.46463e-09	6.84011e-08	1.52745e-06	2.68639e-05	0.000362281	0.00362203	0.0257359	0.123613	0.383658	0.780696	1.2215	1.69201	2.11153	2.46217	2.70301	2.81911	2.86553	2.88734	2.89865	2.90059	2.89291	2.87571	2.8421	2.76158	2.5765	2.26077	1.86376	1.41272	0.953758	0.532878	0.204745	0.0504366	0.00820691	0.000928306	7.64512e-05	4.75925e-06	2.30708e-07	8.91724e-09	2.8009e-10	7.26064e-12	1.57312e-13	2.87873e-15	4.48807e-17	6.00434e-19	6.93435e-21	6.94716e-23	6.06162e-25	4.62068e-27	3.08445e-29	1.80595e-31	9.28289e-34	4.18982e-36	1.65963e-38	5.76173e-41	1.74936e-43	4.6304e-46	1.06391e-48	2.10999e-51	3.58531e-54	5.16976e-57	6.2466e-60	6.21975e-63	4.98819e-66	3.11972e-69	1.44974e-72	4.6271e-76	8.75694e-80	6.84849e-84	0	0	0	0	0	0	0	0	0	0	0	0	0	0	0	0	0	0	0	0	0	
0	6.14385e-29	9.01076e-27	1.15615e-24	1.29474e-22	1.26155e-20	1.06521e-18	7.75566e-17	4.83986e-15	2.56981e-13	1.1508e-11	4.30041e-10	1.32384e-08	3.30485e-07	6.56208e-06	0.000101165	0.00117476	0.00989	0.0575933	0.220535	0.541935	0.931989	1.35663	1.76936	2.13428	2.43082	2.64281	2.75803	2.81014	2.83047	2.83338	2.8208	2.78394	2.69864	2.52875	2.26077	1.92302	1.52776	1.09586	0.693143	0.333009	0.103784	0.020811	0.00281783	0.000271167	1.93531e-05	1.05955e-06	4.57022e-08	1.58651e-09	4.50915e-11	1.06409e-12	2.10909e-14	3.54471e-16	5.09171e-18	6.29195e-20	6.72489e-22	6.2441e-24	5.05425e-26	3.57614e-28	2.21606e-30	1.20415e-32	5.74023e-35	2.40005e-37	8.79257e-40	2.81722e-42	7.87282e-45	1.91151e-47	4.01176e-50	7.22923e-53	1.10883e-55	1.43125e-58	1.53154e-61	1.33139e-64	9.14017e-68	4.75349e-71	1.75269e-74	4.05982e-78	4.40625e-82	0	0	0	0	0	0	0	0	0	0	0	0	0	0	0	0	0	0	0	0	0	0	
0	3.0591e-30	4.88864e-28	6.8313e-26	8.33216e-24	8.84739e-22	8.15042e-20	6.48577e-18	4.43433e-16	2.58784e-14	1.27897e-12	5.30206e-11	1.82256e-09	5.12243e-08	1.15707e-06	2.05638e-05	0.000280005	0.00282519	0.0202601	0.0983118	0.308851	0.635715	0.995325	1.37923	1.73576	2.03965	2.28994	2.47743	2.59312	2.64737	2.65554	2.62103	2.53194	2.3736	2.14671	1.86376	1.52776	1.14865	0.776432	0.432973	0.163877	0.0397032	0.0063707	0.000712465	5.81144e-05	3.58668e-06	1.72445e-07	6.61078e-09	2.05889e-10	5.28942e-12	1.13503e-13	2.0555e-15	3.16851e-17	4.18701e-19	4.77101e-21	4.71039e-23	4.04502e-25	3.03044e-27	1.98509e-29	1.13864e-31	5.7233e-34	2.52097e-36	9.72345e-39	3.27883e-41	9.64225e-44	2.4641e-46	5.44596e-49	1.03439e-51	1.67454e-54	2.28569e-57	2.59319e-60	2.39848e-63	1.76019e-66	9.84816e-70	3.94079e-73	1.00292e-76	1.21759e-80	0	0	0	0	0	0	0	0	0	0	0	0	0	0	0	0	0	0	0	0	0	0	0	
0	1.07464e-31	1.87789e-29	2.86699e-27	3.81937e-25	4.43076e-23	4.46317e-21	3.88926e-19	2.91817e-17	1.87442e-15	1.02351e-13	4.71085e-12	1.80904e-10	5.72474e-09	1.47054e-07	3.0102e-06	4.79958e-05	0.000579411	0.00511274	0.0316035	0.130741	0.352327	0.651399	0.96776	1.28696	1.58934	1.83437	2.02146	2.15575	2.23287	2.24577	2.19409	2.0814	1.91552	1.69488	1.41272	1.09586	0.776432	0.469598	0.204017	0.058026	0.0108973	0.00140978	0.000131295	9.14043e-06	4.90486e-07	2.07957e-08	7.10748e-10	1.99045e-11	4.62932e-13	9.04143e-15	1.49662e-16	2.11576e-18	2.57068e-20	2.69847e-22	2.45755e-24	1.94825e-26	1.34782e-28	8.15097e-31	4.31325e-33	1.99762e-35	8.09273e-38	2.86382e-40	8.83207e-43	2.36585e-45	5.47926e-48	1.09046e-50	1.84994e-53	2.64713e-56	3.15041e-59	3.05955e-62	2.36071e-65	1.39113e-68	5.87656e-72	1.58356e-75	2.04352e-79	0	0	0	0	0	0	0	0	0	0	0	0	0	0	0	0	0	0	0	0	0	0	0	0	
0	2.78158e-33	5.32935e-31	8.90862e-29	1.29845e-26	1.64774e-24	1.81641e-22	1.73399e-20	1.4277e-18	1.00877e-16	6.07904e-15	3.10103e-13	1.32701e-11	4.71198e-10	1.37012e-08	3.21056e-07	5.94539e-06	8.49463e-05	0.000909343	0.00704068	0.0379004	0.137069	0.33316	0.588297	0.851327	1.1003	1.32307	1.50858	1.63353	1.70169	1.71321	1.66747	1.56535	1.40395	1.19259	0.953758	0.693143	0.432973	0.204017	0.0657575	0.0142271	0.00211848	0.000225281	1.77306e-05	1.0651e-06	5.01004e-08	1.88462e-09	5.76855e-11	1.45745e-12	3.07581e-14	5.4759e-16	8.29183e-18	1.07524e-19	1.20077e-21	1.16011e-23	9.73197e-26	7.10842e-28	4.52973e-30	2.52125e-32	1.22628e-34	5.20985e-37	1.93106e-39	6.23111e-42	1.74477e-44	4.22065e-47	8.76774e-50	1.55178e-52	2.31568e-55	2.87336e-58	2.9091e-61	2.34015e-64	1.43801e-67	6.33701e-71	1.78247e-74	2.40303e-78	0	0	0	0	0	0	0	0	0	0	0	0	0	0	0	0	0	0	0	0	0	0	0	0	0	
0	5.4726e-35	1.15268e-32	2.11408e-30	3.37633e-28	4.69154e-26	5.66254e-24	5.92164e-22	5.34729e-20	4.15142e-18	2.75601e-16	1.55422e-14	7.3861e-13	2.92953e-11	9.58546e-10	2.55139e-08	5.43165e-07	9.06082e-06	0.000115537	0.00109345	0.00742918	0.0350938	0.113502	0.258977	0.451789	0.652959	0.838147	0.987197	1.09765	1.16403	1.17535	1.13043	1.03589	0.902039	0.730626	0.532878	0.333009	0.163877	0.058026	0.0142271	0.0024258	0.00029484	2.63322e-05	1.77908e-06	9.32869e-08	3.87958e-09	1.30312e-10	3.58925e-12	8.20999e-14	1.57612e-15	2.56198e-17	3.5521e-19	4.22624e-21	4.33648e-23	3.85264e-25	2.97271e-27	1.99658e-29	1.16891e-31	5.969e-34	2.65808e-36	1.03114e-38	3.47761e-41	1.01653e-43	2.56421e-46	5.54922e-49	1.02228e-51	1.58665e-54	2.04629e-57	2.15211e-60	1.79752e-63	1.14643e-66	5.24213e-70	1.52968e-73	2.1392e-77	0	0	0	0	0	0	0	0	0	0	0	0	0	0	0	0	0	0	0	0	0	0	0	0	0	0	
0	8.36845e-37	1.94366e-34	3.9205e-32	6.87278e-30	1.04694e-27	1.38438e-25	1.58604e-23	1.56998e-21	1.33779e-19	9.76684e-18	6.07379e-16	3.19465e-14	1.40904e-12	5.15799e-11	1.5478e-09	3.75109e-08	7.21179e-07	1.07664e-05	0.000121694	0.00101201	0.00601489	0.0250421	0.0736089	0.160619	0.27784	0.403992	0.516691	0.604263	0.65318	0.661137	0.628729	0.555823	0.451028	0.328824	0.204745	0.103784	0.0397032	0.0108973	0.00211848	0.00029484	3.00328e-05	2.29659e-06	1.35105e-07	6.2494e-09	2.31611e-10	6.98825e-12	1.73985e-13	3.61491e-15	6.32764e-17	9.40545e-19	1.19498e-20	1.30476e-22	1.22962e-24	1.0036e-26	7.11186e-29	4.38299e-31	2.35118e-33	1.09781e-35	4.45769e-38	1.57119e-40	4.79301e-43	1.26014e-45	2.83896e-48	5.43867e-51	8.76942e-54	1.17392e-56	1.28046e-59	1.10837e-62	7.32124e-66	3.46508e-69	1.04604e-72	1.51269e-76	0	0	0	0	0	0	0	0	0	0	0	0	0	0	0	0	0	0	0	0	0	0	0	0	0	0	0	
0	1.01041e-38	2.59746e-36	5.77887e-34	1.11445e-31	1.86401e-29	2.70301e-27	3.39398e-25	3.68215e-23	3.44104e-21	2.75879e-19	1.88786e-17	1.09575e-15	5.35325e-14	2.18115e-12	7.32996e-11	2.00494e-09	4.39321e-08	7.5669e-07	1.00189e-05	9.94088e-05	0.00071965	0.00371815	0.013655	0.0367218	0.0763216	0.128653	0.183682	0.229258	0.256101	0.260681	0.242449	0.203667	0.150966	0.0960702	0.0504366	0.020811	0.0063707	0.00140978	0.000225281	2.63322e-05	2.29659e-06	1.52789e-07	7.92054e-09	3.26131e-10	1.08456e-11	2.95487e-13	6.67584e-15	1.26354e-16	2.02069e-18	2.75003e-20	3.20372e-22	3.21009e-24	2.77691e-26	2.07977e-28	1.35121e-30	7.62353e-33	3.73597e-35	1.58914e-37	5.85733e-40	1.86553e-42	5.11331e-45	1.19936e-47	2.3892e-50	4.00135e-53	5.55769e-56	6.28378e-59	5.63318e-62	3.85046e-65	1.88439e-68	5.87811e-72	8.7779e-76	0	0	0	0	0	0	0	0	0	0	0	0	0	0	0	0	0	0	0	0	0	0	0	0	0	0	0	0	
0	9.73694e-41	2.78321e-38	6.85475e-36	1.45836e-33	2.68392e-31	4.27431e-29	5.8871e-27	7.00192e-25	7.17387e-23	6.30999e-21	4.74367e-19	3.03103e-17	1.63487e-15	7.38222e-14	2.76285e-12	8.46803e-11	2.09522e-09	4.11401e-08	6.28231e-07	7.28925e-06	6.26596e-05	0.00038987	0.00173547	0.00560966	0.0137497	0.0267026	0.0426027	0.0573173	0.0669668	0.0687088	0.0619565	0.0488171	0.0328908	0.0183139	0.00820691	0.00281783	0.000712465	0.000131295	1.77306e-05	1.77908e-06	1.35105e-07	7.92054e-09	3.65366e-10	1.34922e-11	4.04921e-13	1.00052e-14	2.05795e-16	3.55658e-18	5.2047e-20	6.49114e-22	6.93565e-24	6.37542e-26	5.05792e-28	3.47102e-30	2.06326e-32	1.06281e-34	4.7419e-37	1.82974e-39	6.0901e-42	1.74161e-44	4.25579e-47	8.81996e-50	1.53481e-52	2.21241e-55	2.59325e-58	2.40764e-61	1.70278e-64	8.61488e-68	2.77584e-71	4.27861e-75	0	0	0	0	0	0	0	0	0	0	0	0	0	0	0	0	0	0	0	0	0	0	0	0	0	0	0	0	0	
0	7.53902e-43	2.4098e-40	6.6001e-38	1.55465e-35	3.15686e-33	5.53273e-31	8.37048e-29	1.09226e-26	1.22709e-24	1.1836e-22	9.76446e-21	6.85615e-19	4.07228e-17	2.03077e-15	8.4255e-14	2.87662e-12	7.97646e-11	1.76828e-09	3.07613e-08	4.10886e-07	4.11294e-06	3.01137e-05	0.000158536	0.0006022	0.00170644	0.00376581	0.00667375	0.00971534	0.0118912	0.0122974	0.010747	0.00791406	0.00484294	0.00238789	0.000928306	0.000271167	5.81144e-05	9.14043e-06	1.0651e-06	9.32869e-08	6.2494e-09	3.26131e-10	1.34922e-11	4.49555e-13	1.22327e-14	2.75091e-16	5.16477e-18	8.16477e-20	1.09455e-21	1.25155e-23	1.22632e-25	1.03342e-27	7.50936e-30	4.71307e-32	2.55678e-34	1.19857e-36	4.84895e-39	1.68884e-41	5.04484e-44	1.28558e-46	2.77428e-49	5.01995e-52	7.51473e-55	9.1364e-58	8.78866e-61	6.43341e-64	3.36562e-67	1.12035e-70	1.78255e-74	0	0	0	0	0	0	0	0	0	0	0	0	0	0	0	0	0	0	0	0	0	0	0	0	0	0	0	0	0	0	
0	4.70415e-45	1.69345e-42	5.18713e-40	1.35887e-37	3.05532e-35	5.90894e-33	9.83926e-31	1.4105e-28	1.7388e-26	1.83935e-24	1.66431e-22	1.28264e-20	8.37329e-19	4.59894e-17	2.10753e-15	7.97732e-14	2.46388e-12	6.11934e-11	1.20092e-09	1.82419e-08	2.09458e-07	1.77297e-06	1.08303e-05	4.74754e-05	0.000152976	0.000378483	0.000740308	0.00116469	0.0014869	0.00154813	0.00131624	0.000908718	0.000505474	0.000223426	7.64512e-05	1.93531e-05	3.58668e-06	4.90486e-07	5.01004e-08	3.87958e-09	2.31611e-10	1.08456e-11	4.04921e-13	1.22327e-14	3.02911e-16	6.21678e-18	1.06745e-19	1.54551e-21	1.89909e-23	1.99087e-25	1.7879e-27	1.37963e-29	9.16608e-32	5.24875e-34	2.59052e-36	1.10082e-38	4.01859e-41	1.25575e-43	3.34151e-46	7.51744e-49	1.4159e-51	2.20319e-54	2.78069e-57	2.77341e-60	2.10261e-63	1.13802e-66	3.91546e-70	6.43302e-74	0	0	0	0	0	0	0	0	0	0	0	0	0	0	0	0	0	0	0	0	0	0	0	0	0	0	0	0	0	0	0	
0	2.36427e-47	9.67157e-45	3.33663e-42	9.77631e-40	2.44488e-37	5.23607e-35	9.62208e-33	1.51833e-30	2.05649e-28	2.38734e-26	2.36931e-24	2.00294e-22	1.4353e-20	8.66517e-19	4.37372e-17	1.82854e-15	6.26028e-14	1.73118e-12	3.80315e-11	6.50683e-10	8.47067e-09	8.17674e-08	5.71058e-07	2.84788e-06	1.02988e-05	2.8243e-05	6.0638e-05	0.000102678	0.00013589	0.000142263	0.000118228	7.69898e-05	3.89953e-05	1.56141e-05	4.75925e-06	1.05955e-06	1.72445e-07	2.07957e-08	1.88462e-09	1.30312e-10	6.98825e-12	2.95487e-13	1.00052e-14	2.75091e-16	6.21678e-18	1.1668e-19	1.8347e-21	2.43454e-23	2.74228e-25	2.63438e-27	2.16595e-29	1.52787e-31	9.2597e-34	4.82308e-36	2.15738e-38	8.27061e-41	2.70824e-43	7.537e-46	1.77017e-48	3.47496e-51	5.62697e-54	7.38018e-57	7.63924e-60	6.00325e-63	3.36417e-66	1.19715e-69	2.0323e-73	0	0	0	0	0	0	0	0	0	0	0	0	0	0	0	0	0	0	0	0	0	0	0	0	0	0	0	0	0	0	0	0	
0	9.53036e-50	4.4808e-47	1.7567e-44	5.79761e-42	1.62172e-39	3.86327e-37	7.86222e-35	1.36926e-32	2.04158e-30	2.60418e-28	2.83652e-26	2.63026e-24	2.06764e-22	1.37026e-20	7.6023e-19	3.50041e-17	1.32339e-15	4.05492e-14	9.91083e-13	1.89546e-11	2.77212e-10	3.01933e-09	2.38319e-08	1.33701e-07	5.37084e-07	1.61735e-06	3.79425e-06	6.87824e-06	9.38088e-06	9.86377e-06	8.04683e-06	4.97632e-06	2.30028e-06	8.41517e-07	2.30708e-07	4.57022e-08	6.61078e-09	7.10748e-10	5.76855e-11	3.58925e-12	1.73985e-13	6.67584e-15	2.05795e-16	5.16477e-18	1.06745e-19	1.8347e-21	2.64388e-23	3.21576e-25	3.31902e-27	2.91879e-29	2.19352e-31	1.41128e-33	7.77896e-36	3.67165e-38	1.48143e-40	5.09351e-43	1.48519e-45	3.64752e-48	7.47389e-51	1.26114e-53	1.72101e-56	1.85088e-59	1.50921e-62	8.76489e-66	3.22868e-69	5.66772e-73	0	0	0	0	0	0	0	0	0	0	0	0	0	0	0	0	0	0	0	0	0	0	0	0	0	0	0	0	0	0	0	0	0	
