0	0	0	0	0	0	0	0	0	0	0	0	0	0	0	0	0	0	0	0	0	0	0	0	0	0	0	0	0	0	0	0	0	0	0	0	0	0	0	0	0	0	0	0	0	0	0	0	0	0	0	0	0	0	0	0	0	0	0	0	0	0	0	0	0	0	0	0	0	0	0	0	0	0	0	0	0	0	0	0	0	0	0	0	0	0	0	0	0	0	0	0	0	0	0	0	0	0	0	0	
0	0.00907707	0.00074112	-0.0105918	0.00342943	0.00581074	-0.0114973	-0.0189386	-0.00570981	0.0102438	0.00954385	-0.00479984	-0.0272726	-0.0213435	-0.00716288	0.00597657	0.00556351	-0.0138283	-0.056925	-0.0934201	-0.107639	-0.111674	-0.0883472	-0.0383899	0.0237769	0.0835581	0.135623	0.189886	0.224025	0.232237	0.211537	0.181486	0.143617	0.0937238	0.0287754	-0.0450843	-0.102636	-0.139232	-0.138718	-0.123538	-0.0908363	-0.0645576	-0.0384719	-0.0241661	-0.0109855	-0.00679074	0.000804178	0.00102019	0.0068667	0.00579928	0.00611726	0.00791708	-0.000781567	0.000156872	-0.000666546	-1.57198e-05	0.0023466	0.0115005	0.0136676	-0.00381124	-0.00799524	0.00812797	0.0186686	0.00553189	-0.00919224	0.00323965	0.0184246	0.0144073	0.0025349	-0.0055212	0.00409106	0.0254099	0.0296494	0.0147485	-0.00155667	-0.0104431	0.00103202	0.0383349	0.0793099	0.104054	0.1133	0.103239	0.0638474	0.00396002	-0.0560314	-0.110733	-0.16449	-0.209074	-0.227733	-0.217015	-0.189497	-0.155557	-0.112679	-0.0549798	0.0124364	0.0718028	0.103545	0.0978556	0.0585735	0	
0	0.00074112	0.00134522	-0.0144605	0.00186626	0.00903206	-0.0126037	-0.0190941	-0.0147293	0.00322718	0.00450439	-0.0222771	-0.0488997	-0.0371191	-0.00685176	0.0137017	0.0165742	-0.0290303	-0.105875	-0.174795	-0.208401	-0.212228	-0.168896	-0.0733197	0.0471936	0.160463	0.268379	0.367748	0.436573	0.448115	0.411621	0.350619	0.274745	0.175182	0.0452743	-0.0938312	-0.209163	-0.272254	-0.275831	-0.238144	-0.177224	-0.118661	-0.070164	-0.0356439	-0.0160587	-0.00409132	0.00259046	0.00173567	0.00571872	0.0032801	0.00347922	0.0042144	0.00649601	0.00553313	0.00705015	0.0111444	0.0021718	0.00837973	0.0131182	0.00390677	0.00536957	0.0099786	0.0161806	0.0119594	-0.000420371	0.00978747	0.0258471	0.0228774	0.00774791	-0.00362329	0.0132931	0.0467204	0.051306	0.0260149	-0.000416433	-0.0124074	0.012016	0.0806006	0.155954	0.203205	0.219521	0.196535	0.119062	0.00381978	-0.113914	-0.223207	-0.32848	-0.413438	-0.448742	-0.428706	-0.375379	-0.307074	-0.220012	-0.105129	0.0265955	0.141317	0.202147	0.190576	0.113997	0	
0	-0.0105918	-0.0144605	-0.00868506	0.00691194	0.00268082	-0.014501	-0.0146637	-0.0108418	-0.00868462	-0.0120846	-0.0376706	-0.0591338	-0.0439424	-0.0133968	0.00870523	0.00231012	-0.0611835	-0.160676	-0.248253	-0.297235	-0.294143	-0.226805	-0.0899717	0.0809729	0.247704	0.407723	0.548711	0.642791	0.659525	0.608327	0.519791	0.402747	0.25248	0.0608861	-0.13823	-0.303735	-0.392746	-0.401156	-0.345805	-0.262043	-0.174356	-0.1061	-0.0538696	-0.0252376	-0.00789674	0.000723961	0.00171241	0.00256418	0.00385573	0.00284573	0.00477872	0.0128267	0.012004	0.0147287	0.0198232	0.0103772	-0.000625983	0.00283907	0.0175628	0.0217003	0.0146462	0.0139702	0.0116774	0.0109756	0.0229662	0.0293726	0.0229871	0.0137828	0.0108651	0.0300606	0.0588308	0.0600671	0.0337709	0.00693262	0.00066373	0.0400598	0.129606	0.227715	0.292501	0.311367	0.270928	0.158255	-0.00442793	-0.175805	-0.338681	-0.490733	-0.608463	-0.65701	-0.630099	-0.553764	-0.45025	-0.316924	-0.146277	0.0436685	0.206176	0.291172	0.27345	0.163398	0	
0	0.00342943	0.00186626	0.00691194	-0.0172112	-0.0315137	-0.0150351	-0.00807801	-0.00698251	-0.0150944	-0.0215021	-0.0397006	-0.0498105	-0.0422885	-0.0291266	-0.0160939	-0.0460279	-0.118393	-0.225987	-0.320111	-0.375066	-0.357037	-0.263029	-0.0886474	0.121848	0.343881	0.548301	0.726557	0.835291	0.858282	0.795838	0.679828	0.52156	0.315625	0.0712594	-0.184155	-0.387408	-0.503391	-0.516742	-0.451292	-0.349899	-0.240076	-0.151115	-0.0871734	-0.0422338	-0.0197963	-0.0041101	0.00785146	0.00825394	0.0171313	0.0175811	0.015025	0.0146368	0.0124158	0.00507064	0.00546112	0.0185198	0.015211	0.0150608	0.0259823	0.0220466	0.0117999	0.0102647	0.0215771	0.0334854	0.030035	0.0218987	0.0219136	0.0275349	0.036318	0.0484588	0.0591763	0.0577222	0.0409291	0.0241266	0.0329847	0.087988	0.185887	0.292677	0.366945	0.381569	0.319355	0.176069	-0.0246399	-0.244169	-0.457424	-0.648811	-0.789808	-0.847754	-0.816758	-0.72029	-0.58041	-0.398945	-0.175494	0.0638993	0.263911	0.366591	0.342559	0.204421	0	
0	0.00581074	0.00903206	0.00268082	-0.0315137	-0.0300523	-0.000324431	-0.0089984	-0.0258096	-0.0362734	-0.0471558	-0.0449027	-0.032437	-0.0380456	-0.0382184	-0.047218	-0.0985195	-0.17727	-0.27654	-0.374031	-0.422499	-0.390552	-0.27016	-0.0724785	0.170845	0.436692	0.680922	0.88029	1.00032	1.02376	0.956819	0.810964	0.611681	0.351949	0.0609523	-0.234145	-0.467649	-0.599168	-0.618726	-0.544087	-0.424992	-0.296458	-0.18388	-0.106484	-0.0492819	-0.0184316	-0.0032047	0.0112087	0.0114831	0.0136147	0.0179776	0.0138841	0.0106353	0.0178939	0.0132104	0.0094527	0.0215745	0.0275309	0.0260651	0.0189435	0.0177148	0.0186438	0.0176863	0.0372379	0.0464958	0.0252872	0.0175279	0.0306629	0.047092	0.0620705	0.0615102	0.0519421	0.051271	0.0513429	0.0546573	0.0861982	0.153711	0.247198	0.348829	0.421548	0.423607	0.337319	0.169323	-0.0604258	-0.321314	-0.578258	-0.79909	-0.953747	-1.01763	-0.984715	-0.870032	-0.692682	-0.462622	-0.191522	0.0863739	0.312026	0.425233	0.395061	0.235403	0	
0	-0.0114973	-0.0126037	-0.014501	-0.0150351	-0.000324431	-0.0012018	-0.0217462	-0.0397209	-0.0603437	-0.0693653	-0.0412388	-0.0231447	-0.0417551	-0.0590582	-0.101617	-0.166577	-0.241136	-0.324962	-0.40798	-0.438548	-0.388225	-0.242196	-0.0330202	0.241057	0.536767	0.812584	1.02084	1.14599	1.17097	1.09668	0.926025	0.679688	0.376719	0.0424656	-0.274925	-0.531307	-0.673899	-0.699474	-0.624977	-0.491349	-0.350051	-0.219334	-0.124357	-0.0611679	-0.0191438	-0.00228857	0.00750547	0.0129558	0.00866142	0.00994677	0.015213	0.012093	0.0198412	0.0299995	0.027967	0.0258295	0.0234763	0.019599	0.0168647	0.0238268	0.0341665	0.0369942	0.0411862	0.0372537	0.0259997	0.030277	0.0456144	0.0656726	0.0802822	0.065817	0.0439819	0.0493774	0.0705644	0.10182	0.157815	0.230356	0.309194	0.393666	0.451424	0.432688	0.323132	0.136583	-0.114844	-0.408524	-0.698353	-0.937292	-1.09752	-1.16455	-1.13021	-0.997646	-0.782473	-0.505983	-0.194977	0.109065	0.348173	0.464989	0.429346	0.255455	0	
0	-0.0189386	-0.0190941	-0.0146637	-0.00807801	-0.0089984	-0.0217462	-0.0253491	-0.0415158	-0.0641435	-0.0588468	-0.03196	-0.0307427	-0.0620374	-0.109885	-0.184217	-0.252159	-0.315292	-0.374681	-0.422553	-0.426575	-0.346631	-0.184535	0.0383036	0.334141	0.649931	0.94233	1.15285	1.27711	1.30433	1.21816	1.02429	0.732003	0.392595	0.0272248	-0.303839	-0.571578	-0.725867	-0.760213	-0.692111	-0.557055	-0.404991	-0.267533	-0.155531	-0.0870294	-0.0355446	-0.0108686	0.00245391	0.0141481	0.0182694	0.0190123	0.0260481	0.0275917	0.0221623	0.0285148	0.0257218	0.0226395	0.0248925	0.0228448	0.0290405	0.0385358	0.0447497	0.0416968	0.0326155	0.0350476	0.042637	0.0474518	0.0609365	0.0816958	0.0857088	0.0627081	0.0441096	0.0604356	0.104649	0.166415	0.240438	0.308442	0.366552	0.423483	0.452155	0.406771	0.277574	0.0775012	-0.189746	-0.505107	-0.813481	-1.05936	-1.21949	-1.28704	-1.24937	-1.09782	-0.846203	-0.528924	-0.188272	0.129129	0.370396	0.484918	0.445062	0.264462	0	
0	-0.00570981	-0.0147293	-0.0108418	-0.00698251	-0.0258096	-0.0397209	-0.0415158	-0.0527879	-0.0541906	-0.0424452	-0.0353016	-0.0503014	-0.0917596	-0.172551	-0.262116	-0.328645	-0.378447	-0.404847	-0.414199	-0.381598	-0.276826	-0.107605	0.13013	0.432246	0.755997	1.0479	1.2544	1.37663	1.39864	1.30137	1.07908	0.752876	0.381729	0.00270544	-0.334962	-0.603331	-0.766222	-0.81111	-0.749675	-0.619041	-0.456758	-0.310682	-0.185255	-0.102679	-0.0470449	-0.012204	0.0037366	0.0164738	0.0233867	0.0276188	0.0281126	0.0318751	0.0275229	0.0260676	0.0243761	0.0235695	0.0319463	0.0373937	0.0402781	0.0426022	0.0481133	0.0434109	0.0308084	0.0414788	0.0605054	0.0692861	0.0803359	0.0848532	0.0749979	0.0633214	0.0623056	0.0903549	0.157044	0.243941	0.323403	0.37907	0.413228	0.432823	0.420829	0.347138	0.202928	-0.00757507	-0.284777	-0.607832	-0.918832	-1.16232	-1.31883	-1.38352	-1.33818	-1.16605	-0.882107	-0.533394	-0.175237	0.143384	0.377394	0.485258	0.443	0.262989	0	
0	0.0102438	0.00322718	-0.00868462	-0.0150944	-0.0362734	-0.0603437	-0.0641435	-0.0541906	-0.0402197	-0.0393599	-0.0564923	-0.0826317	-0.139491	-0.240752	-0.33037	-0.391924	-0.42114	-0.414535	-0.37803	-0.306635	-0.184625	-0.00814954	0.240288	0.535148	0.853487	1.1292	1.33174	1.44615	1.4585	1.34596	1.09609	0.748668	0.355143	-0.0222735	-0.360935	-0.622015	-0.793671	-0.848626	-0.799945	-0.673826	-0.509744	-0.349542	-0.215819	-0.114004	-0.0521778	-0.00894657	0.0111855	0.0219322	0.0268249	0.0277707	0.0266858	0.0273574	0.0258875	0.0286818	0.0325305	0.0324757	0.0409198	0.0498532	0.0503059	0.0434548	0.0409705	0.0428838	0.0437982	0.0585944	0.080152	0.0907611	0.0878291	0.0722636	0.0660072	0.0802623	0.0999854	0.142089	0.227442	0.324475	0.396001	0.435259	0.441701	0.415433	0.35754	0.257795	0.101762	-0.117215	-0.396395	-0.711238	-1.01019	-1.24466	-1.39485	-1.4517	-1.39283	-1.19961	-0.890865	-0.523249	-0.160498	0.148872	0.368721	0.467323	0.424893	0.252144	0	
0	0.00954385	0.00450439	-0.0120846	-0.0215021	-0.0471558	-0.0693653	-0.0588468	-0.0424452	-0.0393599	-0.0627061	-0.100343	-0.144621	-0.217473	-0.31366	-0.390563	-0.433083	-0.436746	-0.388248	-0.302122	-0.194687	-0.0585521	0.129239	0.375356	0.654935	0.946833	1.20208	1.39414	1.49613	1.49213	1.35905	1.09058	0.731007	0.334376	-0.0362067	-0.362852	-0.618736	-0.792867	-0.862259	-0.828361	-0.711845	-0.551232	-0.384501	-0.242154	-0.132867	-0.0611627	-0.0155357	0.00792794	0.0205006	0.0256273	0.0257061	0.02537	0.0295494	0.0290751	0.0349033	0.0486579	0.0489943	0.0493378	0.0503429	0.0458757	0.040946	0.042541	0.0548	0.0665292	0.0812075	0.0975503	0.0951213	0.0765015	0.0644934	0.0786648	0.114561	0.155598	0.216487	0.307962	0.395534	0.450938	0.470606	0.442851	0.367026	0.266017	0.143581	-0.0235879	-0.247671	-0.517611	-0.808958	-1.08494	-1.30591	-1.44611	-1.48846	-1.41055	-1.19849	-0.875836	-0.503742	-0.14872	0.143369	0.344881	0.433295	0.393133	0.233397	0	
0	-0.00479984	-0.0222771	-0.0376706	-0.0397006	-0.0449027	-0.0412388	-0.03196	-0.0353016	-0.0564923	-0.100343	-0.164301	-0.236792	-0.308702	-0.38462	-0.435533	-0.455018	-0.423621	-0.328981	-0.199302	-0.0614989	0.092277	0.28736	0.522028	0.773338	1.02859	1.26087	1.43609	1.52063	1.49346	1.33989	1.06359	0.704179	0.319537	-0.0382369	-0.34904	-0.598778	-0.77727	-0.861424	-0.84618	-0.744424	-0.589392	-0.422505	-0.273644	-0.156426	-0.0812602	-0.0288449	-0.00358219	0.0113978	0.0223928	0.0296223	0.0337758	0.0430877	0.0497358	0.0467452	0.0527506	0.0535487	0.047767	0.0443188	0.0434345	0.0464029	0.0580129	0.0818267	0.0941168	0.0923515	0.092651	0.0846727	0.0735537	0.0799784	0.110465	0.164784	0.232696	0.305988	0.382864	0.44805	0.484045	0.476883	0.408686	0.288118	0.151968	0.00822278	-0.169927	-0.391614	-0.639151	-0.895559	-1.14218	-1.34552	-1.46985	-1.49061	-1.39082	-1.16591	-0.842724	-0.480708	-0.14386	0.125744	0.30728	0.385958	0.350479	0.208399	0	
0	-0.0272726	-0.0488997	-0.0591338	-0.0498105	-0.032437	-0.0231447	-0.0307427	-0.0503014	-0.0826317	-0.144621	-0.236792	-0.318188	-0.379755	-0.429756	-0.457809	-0.453065	-0.381587	-0.251194	-0.0906962	0.0748385	0.247196	0.442296	0.65677	0.868786	1.08922	1.2922	1.44747	1.50621	1.45327	1.28586	1.01025	0.668769	0.301043	-0.0351131	-0.334525	-0.577512	-0.763102	-0.864571	-0.869429	-0.785124	-0.640163	-0.46918	-0.31666	-0.185047	-0.0976451	-0.0381448	0.000912093	0.0195215	0.03277	0.0436873	0.0479005	0.0507131	0.0578335	0.053594	0.04906	0.0439112	0.0400617	0.0466234	0.0598577	0.0742839	0.0847039	0.0976995	0.101023	0.0883275	0.0810782	0.0822923	0.0915495	0.11604	0.161562	0.237403	0.324459	0.390706	0.439693	0.479151	0.489048	0.444866	0.337177	0.183823	0.0198518	-0.145588	-0.330933	-0.538316	-0.751948	-0.967817	-1.18173	-1.36163	-1.46233	-1.45629	-1.33634	-1.10826	-0.798706	-0.459635	-0.148604	0.0960826	0.258055	0.328392	0.299779	0.178826	0	
0	-0.0213435	-0.0371191	-0.0439424	-0.0422885	-0.0380456	-0.0417551	-0.0620374	-0.0917596	-0.139491	-0.217473	-0.308702	-0.379755	-0.419927	-0.439715	-0.440897	-0.397217	-0.290202	-0.138463	0.042528	0.232456	0.412525	0.597719	0.773022	0.94695	1.12474	1.29607	1.4189	1.44707	1.37081	1.19685	0.938649	0.622303	0.286018	-0.0322151	-0.312752	-0.554437	-0.741776	-0.859169	-0.883288	-0.813105	-0.678609	-0.506356	-0.344118	-0.206364	-0.102982	-0.03674	0.00798838	0.0334353	0.0465718	0.0524951	0.0542537	0.0489061	0.0462012	0.0409635	0.0445329	0.0525979	0.0566067	0.0688803	0.0846261	0.0950635	0.0965528	0.098094	0.095564	0.0824475	0.0811887	0.0987329	0.128293	0.173806	0.239657	0.326568	0.408474	0.454135	0.475463	0.484358	0.45583	0.370863	0.233971	0.0595422	-0.128597	-0.313283	-0.495836	-0.676134	-0.84969	-1.02437	-1.20233	-1.35066	-1.4203	-1.38658	-1.25339	-1.03421	-0.751233	-0.444832	-0.164089	0.0555872	0.199804	0.263695	0.243752	0.146258	0	
0	-0.00716288	-0.00685176	-0.0133968	-0.0291266	-0.0382184	-0.0590582	-0.109885	-0.172551	-0.240752	-0.31366	-0.38462	-0.429756	-0.439715	-0.421442	-0.374749	-0.286794	-0.154663	0.00959191	0.209316	0.411879	0.592022	0.747273	0.882665	1.01477	1.15007	1.27957	1.36262	1.35825	1.26747	1.09807	0.869805	0.587328	0.28584	-0.0108904	-0.277422	-0.513355	-0.705927	-0.834511	-0.876473	-0.82317	-0.695812	-0.52843	-0.359277	-0.215631	-0.107358	-0.037068	0.00746387	0.0277923	0.0395689	0.0437348	0.0444531	0.0448984	0.0506743	0.0510836	0.0549915	0.0700295	0.0818499	0.0911511	0.0992562	0.103458	0.0962127	0.089376	0.0903301	0.0877493	0.099194	0.13736	0.191885	0.258924	0.332834	0.407604	0.468646	0.493658	0.485774	0.452181	0.378723	0.261336	0.10711	-0.0828996	-0.29128	-0.485236	-0.651329	-0.796192	-0.929509	-1.06375	-1.20039	-1.30835	-1.34299	-1.28655	-1.15123	-0.953269	-0.706802	-0.438901	-0.18994	0.00629613	0.135299	0.194755	0.184825	0.112096	0	
0	0.00597657	0.0137017	0.00870523	-0.0160939	-0.047218	-0.101617	-0.184217	-0.262116	-0.33037	-0.390563	-0.435533	-0.457809	-0.440897	-0.374749	-0.280466	-0.159784	-0.0105855	0.169618	0.382553	0.592271	0.757417	0.881265	0.979887	1.07368	1.16384	1.24512	1.28466	1.25608	1.16012	1.0113	0.817092	0.576057	0.306052	0.0301909	-0.226341	-0.461446	-0.658805	-0.803751	-0.863912	-0.831373	-0.718754	-0.557396	-0.389157	-0.241581	-0.126013	-0.0523646	-0.00295973	0.0229113	0.0338329	0.0417859	0.0477595	0.0484496	0.0604183	0.0725935	0.0809187	0.0932379	0.0987139	0.101512	0.101257	0.098298	0.0906197	0.0854629	0.0956063	0.112579	0.146042	0.207268	0.281145	0.354039	0.415548	0.465658	0.503591	0.504667	0.457261	0.374965	0.264382	0.126919	-0.0398134	-0.242743	-0.460495	-0.647486	-0.786279	-0.89441	-0.990015	-1.08223	-1.1705	-1.23213	-1.23391	-1.16513	-1.04068	-0.874187	-0.670052	-0.442622	-0.224585	-0.049286	0.0672178	0.124096	0.125055	0.0775213	0	
0	0.00556351	0.0165742	0.00231012	-0.0460279	-0.0985195	-0.166577	-0.252159	-0.328645	-0.391924	-0.433083	-0.455018	-0.453065	-0.397217	-0.286794	-0.159784	-0.0176131	0.147929	0.33802	0.554097	0.75007	0.89095	0.984334	1.04861	1.10339	1.14266	1.17202	1.17339	1.13049	1.04541	0.924427	0.771402	0.568754	0.330714	0.0709901	-0.177588	-0.412752	-0.617592	-0.774515	-0.855639	-0.84099	-0.744071	-0.591691	-0.422205	-0.273179	-0.150685	-0.0696574	-0.0154022	0.0175295	0.0383043	0.0503896	0.0651075	0.0734161	0.0824384	0.0931611	0.0968179	0.1053	0.106168	0.0993168	0.0943067	0.091777	0.0882719	0.0943571	0.127379	0.173128	0.227472	0.298986	0.372829	0.434303	0.475889	0.499948	0.50766	0.472311	0.381032	0.259646	0.125159	-0.0273425	-0.206117	-0.413199	-0.622087	-0.787214	-0.895401	-0.969848	-1.0281	-1.07347	-1.10796	-1.12367	-1.10136	-1.03378	-0.932118	-0.803632	-0.643373	-0.455202	-0.265708	-0.108554	-0.00204518	0.0538074	0.0661015	0.0434869	0	
0	-0.0138283	-0.0290303	-0.0611835	-0.118393	-0.17727	-0.241136	-0.315292	-0.378447	-0.42114	-0.436746	-0.423621	-0.381587	-0.290202	-0.154663	-0.0105855	0.147929	0.32059	0.509082	0.704746	0.871172	0.985901	1.04943	1.08007	1.08966	1.07489	1.05661	1.03007	0.988127	0.924812	0.838634	0.725565	0.559497	0.348533	0.103224	-0.140263	-0.376542	-0.586946	-0.756772	-0.852401	-0.857558	-0.770529	-0.626598	-0.453503	-0.297845	-0.166058	-0.0744705	-0.0117648	0.0281783	0.0528699	0.0706355	0.0844426	0.0942974	0.102994	0.109222	0.105348	0.102516	0.0974983	0.0893223	0.0844317	0.0926269	0.113437	0.143671	0.196917	0.260701	0.321925	0.388074	0.449408	0.492773	0.5103	0.500104	0.465312	0.389411	0.265204	0.119328	-0.0334911	-0.200987	-0.38499	-0.579055	-0.761645	-0.898198	-0.978215	-1.02053	-1.03745	-1.03097	-1.01213	-0.990136	-0.957164	-0.90417	-0.833808	-0.7455	-0.627052	-0.474787	-0.310733	-0.169093	-0.0704903	-0.0144681	0.00924447	0.010728	0	
0	-0.056925	-0.105875	-0.160676	-0.225987	-0.27654	-0.324962	-0.374681	-0.404847	-0.414535	-0.388248	-0.328981	-0.251194	-0.138463	0.00959191	0.169618	0.33802	0.509082	0.675702	0.834715	0.968012	1.05577	1.08845	1.07968	1.03737	0.972595	0.916347	0.877023	0.849267	0.81424	0.765877	0.687714	0.555955	0.366679	0.135865	-0.104749	-0.340105	-0.55611	-0.734255	-0.844339	-0.863494	-0.7893	-0.648963	-0.476007	-0.311136	-0.171248	-0.0680156	0.00251493	0.0495702	0.0777207	0.0934072	0.105571	0.106331	0.10435	0.10467	0.0937254	0.0880372	0.0864056	0.0888778	0.104029	0.133232	0.17477	0.223453	0.287819	0.355568	0.410447	0.461597	0.503753	0.521682	0.504524	0.45047	0.372426	0.26665	0.123236	-0.0411164	-0.211573	-0.387034	-0.55974	-0.723749	-0.871849	-0.980511	-1.03398	-1.04069	-1.01064	-0.952135	-0.888626	-0.843295	-0.814187	-0.78601	-0.750823	-0.700958	-0.619823	-0.499036	-0.357218	-0.228858	-0.136542	-0.0794956	-0.0445702	-0.0202121	0	
0	-0.0934201	-0.174795	-0.248253	-0.320111	-0.374031	-0.40798	-0.422553	-0.414199	-0.37803	-0.302122	-0.199302	-0.0906962	0.042528	0.209316	0.382553	0.554097	0.704746	0.834715	0.953611	1.05269	1.10992	1.10558	1.04773	0.955661	0.849687	0.771249	0.734068	0.727636	0.725222	0.709918	0.663818	0.559297	0.390924	0.171603	-0.0635085	-0.298218	-0.515532	-0.699682	-0.819202	-0.850102	-0.784696	-0.650112	-0.474432	-0.307171	-0.160154	-0.0534971	0.0183287	0.0637008	0.0883358	0.0976058	0.101355	0.099546	0.0893352	0.0874327	0.0840163	0.0877602	0.103566	0.125369	0.158333	0.206768	0.264586	0.318457	0.378504	0.440312	0.483577	0.512229	0.522937	0.502661	0.444625	0.35162	0.242438	0.117204	-0.0412396	-0.221953	-0.401301	-0.567394	-0.711988	-0.838605	-0.952925	-1.03456	-1.05759	-1.02242	-0.943839	-0.841378	-0.748877	-0.69682	-0.683534	-0.685533	-0.684941	-0.669046	-0.619565	-0.525618	-0.403099	-0.286243	-0.19902	-0.140386	-0.0946753	-0.0489513	0	
0	-0.107639	-0.208401	-0.297235	-0.375066	-0.422499	-0.438548	-0.426575	-0.381598	-0.306635	-0.194687	-0.0614989	0.0748385	0.232456	0.411879	0.592271	0.75007	0.871172	0.968012	1.05269	1.11967	1.14483	1.09617	0.994506	0.862885	0.735008	0.652949	0.628763	0.649428	0.676717	0.690705	0.669807	0.587944	0.436147	0.227425	-0.00475792	-0.238137	-0.45909	-0.649068	-0.77911	-0.82438	-0.770256	-0.64527	-0.474769	-0.305634	-0.161984	-0.0525229	0.0157923	0.056579	0.0760805	0.0818427	0.0823894	0.0823612	0.0830426	0.0922597	0.101824	0.122169	0.156228	0.196689	0.243902	0.297875	0.357924	0.411234	0.462361	0.507924	0.52551	0.51798	0.488271	0.428939	0.337642	0.217702	0.0859349	-0.0566918	-0.227557	-0.413466	-0.582979	-0.72274	-0.832472	-0.923695	-1.00577	-1.05576	-1.04088	-0.96104	-0.840813	-0.710144	-0.607235	-0.562956	-0.572567	-0.605144	-0.635285	-0.647546	-0.62395	-0.552549	-0.446807	-0.340074	-0.257082	-0.196526	-0.140625	-0.0752381	0	
0	-0.111674	-0.212228	-0.294143	-0.357037	-0.390552	-0.388225	-0.346631	-0.276826	-0.184625	-0.0585521	0.092277	0.247196	0.412525	0.592022	0.757417	0.89095	0.985901	1.05577	1.10992	1.14483	1.13004	1.04304	0.90811	0.75717	0.628905	0.556765	0.554495	0.600893	0.654009	0.692053	0.688946	0.626623	0.485979	0.286795	0.0555021	-0.178952	-0.403917	-0.602397	-0.744774	-0.804793	-0.768343	-0.653872	-0.493775	-0.329398	-0.185942	-0.0790816	-0.0082534	0.0357857	0.0596174	0.0714659	0.0821941	0.0927546	0.101549	0.12776	0.157411	0.191647	0.237511	0.286463	0.339201	0.395218	0.45122	0.491463	0.518142	0.532847	0.514977	0.467665	0.400655	0.311278	0.196726	0.0558925	-0.0964005	-0.252255	-0.422607	-0.593984	-0.737061	-0.844336	-0.92159	-0.979824	-1.02556	-1.03559	-0.978633	-0.86003	-0.713453	-0.573805	-0.477065	-0.449993	-0.484271	-0.544063	-0.599352	-0.633814	-0.630901	-0.578335	-0.487248	-0.389541	-0.310149	-0.247513	-0.182144	-0.0989227	0	
0	-0.0883472	-0.168896	-0.226805	-0.263029	-0.27016	-0.242196	-0.184535	-0.107605	-0.00814954	0.129239	0.28736	0.442296	0.597719	0.747273	0.881265	0.984334	1.04943	1.08845	1.10558	1.09617	1.04304	0.925626	0.775908	0.627835	0.513252	0.462955	0.482853	0.552363	0.6271	0.681091	0.694494	0.642959	0.514872	0.319312	0.0898936	-0.147517	-0.377949	-0.583321	-0.737649	-0.811453	-0.786292	-0.683452	-0.525605	-0.36062	-0.215275	-0.0992359	-0.0234143	0.027528	0.0619856	0.0850557	0.106342	0.135319	0.161979	0.197353	0.236923	0.281511	0.33608	0.389276	0.43835	0.48203	0.518163	0.531473	0.523406	0.500829	0.447533	0.367658	0.27307	0.160353	0.0251372	-0.133786	-0.2983	-0.451913	-0.602656	-0.744587	-0.856217	-0.933342	-0.979974	-1.0014	-1.00301	-0.968454	-0.874428	-0.731969	-0.578395	-0.447109	-0.36763	-0.361353	-0.417894	-0.499505	-0.574036	-0.625387	-0.638812	-0.601986	-0.523737	-0.43412	-0.35784	-0.293098	-0.219083	-0.119931	0	
0	-0.0383899	-0.0733197	-0.0899717	-0.0886474	-0.0724785	-0.0330202	0.0383036	0.13013	0.240288	0.375356	0.522028	0.65677	0.773022	0.882665	0.979887	1.04861	1.08007	1.07968	1.04773	0.994506	0.90811	0.775908	0.630897	0.49675	0.406894	0.376612	0.416831	0.503347	0.592107	0.660343	0.681857	0.644034	0.521418	0.334564	0.104219	-0.133032	-0.366368	-0.577854	-0.73875	-0.82279	-0.807916	-0.708159	-0.554724	-0.383404	-0.229745	-0.104833	-0.0138788	0.0511774	0.0974582	0.13501	0.169327	0.206007	0.242784	0.292295	0.342788	0.388812	0.437886	0.480812	0.512122	0.529345	0.534554	0.514674	0.470501	0.415156	0.335003	0.229591	0.110373	-0.0238442	-0.17446	-0.339354	-0.497884	-0.63101	-0.750422	-0.859939	-0.94233	-0.989878	-1.00107	-0.978297	-0.9322	-0.858334	-0.741818	-0.594817	-0.451829	-0.34047	-0.282861	-0.296216	-0.370297	-0.467899	-0.556387	-0.620307	-0.6466	-0.622927	-0.55589	-0.473494	-0.399917	-0.333142	-0.251381	-0.138245	0	
0	0.0237769	0.0471936	0.0809729	0.121848	0.170845	0.241057	0.334141	0.432246	0.535148	0.654935	0.773338	0.868786	0.94695	1.01477	1.07368	1.10339	1.08966	1.03737	0.955661	0.862885	0.75717	0.627835	0.49675	0.387257	0.318594	0.307906	0.361152	0.458805	0.558143	0.633619	0.665264	0.633742	0.521981	0.338503	0.113094	-0.124224	-0.357773	-0.569345	-0.735287	-0.822118	-0.811177	-0.7132	-0.554029	-0.376715	-0.212943	-0.0742744	0.0268793	0.104053	0.165543	0.214601	0.26107	0.312635	0.355258	0.400904	0.444865	0.480804	0.51359	0.531979	0.534529	0.52074	0.492498	0.441544	0.369306	0.287596	0.182527	0.0530951	-0.0864041	-0.232809	-0.383526	-0.535436	-0.671323	-0.775326	-0.862897	-0.942166	-0.994273	-1.00608	-0.974227	-0.904802	-0.817856	-0.719949	-0.600127	-0.46606	-0.345226	-0.258438	-0.22198	-0.251051	-0.337392	-0.445814	-0.544025	-0.6172	-0.653623	-0.640891	-0.583534	-0.507487	-0.436239	-0.367583	-0.27904	-0.153882	0	
0	0.0835581	0.160463	0.247704	0.343881	0.436692	0.536767	0.649931	0.755997	0.853487	0.946833	1.02859	1.08922	1.12474	1.15007	1.16384	1.14266	1.07489	0.972595	0.849687	0.735008	0.628905	0.513252	0.406894	0.318594	0.2711	0.271778	0.334019	0.437368	0.542307	0.624397	0.660699	0.638523	0.531861	0.356923	0.133362	-0.100239	-0.331959	-0.543735	-0.708012	-0.797959	-0.786758	-0.685767	-0.522826	-0.333568	-0.157596	-0.00612555	0.111328	0.200963	0.269789	0.327016	0.373306	0.418535	0.455541	0.491272	0.519718	0.531185	0.535425	0.52652	0.499017	0.454589	0.400226	0.324304	0.22399	0.11583	-0.00998079	-0.154831	-0.301191	-0.442106	-0.575056	-0.701002	-0.808719	-0.884212	-0.941576	-0.988001	-1.0025	-0.971091	-0.894784	-0.78711	-0.676082	-0.57388	-0.467915	-0.357952	-0.26361	-0.200368	-0.181205	-0.221263	-0.315227	-0.430456	-0.535252	-0.615204	-0.659562	-0.655803	-0.606618	-0.536012	-0.466731	-0.396406	-0.302097	-0.166881	0	
0	0.135623	0.268379	0.407723	0.548301	0.680922	0.812584	0.94233	1.0479	1.1292	1.20208	1.26087	1.2922	1.29607	1.27957	1.24512	1.17202	1.05661	0.916347	0.771249	0.652949	0.556765	0.462955	0.376612	0.307906	0.271778	0.28019	0.344687	0.450759	0.558513	0.644289	0.68612	0.669475	0.571448	0.401767	0.184885	-0.0448453	-0.272368	-0.478916	-0.642201	-0.727583	-0.715646	-0.61024	-0.440854	-0.245019	-0.0612833	0.0981749	0.218749	0.31049	0.380331	0.431159	0.47061	0.504593	0.522082	0.533771	0.536444	0.523531	0.502084	0.465119	0.412496	0.342427	0.258541	0.155916	0.0338916	-0.0915811	-0.227036	-0.371298	-0.506102	-0.626236	-0.73277	-0.830559	-0.910944	-0.957553	-0.980315	-0.986091	-0.956422	-0.882121	-0.771287	-0.643204	-0.52861	-0.439369	-0.357851	-0.275703	-0.206341	-0.162329	-0.155606	-0.202441	-0.300583	-0.419811	-0.528972	-0.613843	-0.664306	-0.667694	-0.625165	-0.559039	-0.491358	-0.419626	-0.32061	-0.177292	0	
0	0.189886	0.367748	0.548711	0.726557	0.88029	1.02084	1.15285	1.2544	1.33174	1.39414	1.43609	1.44747	1.4189	1.36262	1.28466	1.17339	1.03007	0.877023	0.734068	0.628763	0.554495	0.482853	0.416831	0.361152	0.334019	0.344687	0.410568	0.516062	0.625795	0.713636	0.759059	0.747881	0.655022	0.491846	0.27876	0.0533323	-0.170352	-0.37508	-0.534825	-0.621624	-0.608303	-0.503405	-0.333521	-0.136202	0.0483278	0.205484	0.323593	0.407757	0.464573	0.502261	0.521523	0.534995	0.532421	0.521351	0.502043	0.462898	0.414539	0.352277	0.270745	0.173388	0.0690115	-0.050403	-0.185462	-0.314057	-0.440504	-0.567515	-0.680098	-0.775068	-0.854948	-0.924781	-0.974926	-0.986001	-0.966408	-0.92699	-0.85603	-0.750746	-0.623999	-0.495988	-0.39498	-0.329001	-0.274972	-0.218461	-0.169266	-0.139161	-0.140483	-0.19102	-0.291139	-0.412568	-0.524547	-0.612884	-0.667851	-0.676643	-0.639223	-0.576565	-0.510113	-0.437275	-0.334641	-0.185167	0	
0	0.224025	0.436573	0.642791	0.835291	1.00032	1.14599	1.27711	1.37663	1.44615	1.49613	1.52063	1.50621	1.44707	1.35825	1.25608	1.13049	0.988127	0.849267	0.727636	0.649428	0.600893	0.552363	0.503347	0.458805	0.437368	0.450759	0.516062	0.622499	0.732146	0.822355	0.869537	0.861932	0.77265	0.612669	0.401839	0.177917	-0.0458446	-0.249988	-0.413273	-0.502103	-0.495351	-0.39517	-0.232425	-0.0413666	0.134025	0.28263	0.388301	0.458822	0.501575	0.521129	0.522925	0.514376	0.488982	0.454145	0.407565	0.342959	0.268427	0.18032	0.079085	-0.0352209	-0.153678	-0.276672	-0.404351	-0.518792	-0.626178	-0.730836	-0.819142	-0.888233	-0.939579	-0.976438	-0.988442	-0.956696	-0.892818	-0.814434	-0.716451	-0.599598	-0.476841	-0.364986	-0.287232	-0.247212	-0.217972	-0.181743	-0.146985	-0.125989	-0.132087	-0.18446	-0.28538	-0.40794	-0.521636	-0.612237	-0.670241	-0.682734	-0.648848	-0.588602	-0.523	-0.449383	-0.344247	-0.19055	0	
0	0.232237	0.448115	0.659525	0.858282	1.02376	1.17097	1.30433	1.39864	1.4585	1.49213	1.49346	1.45327	1.37081	1.26747	1.16012	1.04541	0.924812	0.81424	0.725222	0.676717	0.654009	0.6271	0.592107	0.558143	0.542307	0.558513	0.625795	0.732146	0.843572	0.933639	0.982486	0.975126	0.887168	0.726786	0.515649	0.289226	0.0636446	-0.145222	-0.312431	-0.4087	-0.408691	-0.318016	-0.163656	0.015752	0.181219	0.315638	0.407006	0.461338	0.484592	0.484272	0.46333	0.433662	0.383035	0.32129	0.252139	0.164345	0.0696459	-0.0337254	-0.147039	-0.264284	-0.375319	-0.486025	-0.59849	-0.693695	-0.778393	-0.858579	-0.920576	-0.959715	-0.975571	-0.971461	-0.939943	-0.866536	-0.768053	-0.667446	-0.562495	-0.453144	-0.34885	-0.261316	-0.208861	-0.191982	-0.181923	-0.159886	-0.134463	-0.118969	-0.12779	-0.181128	-0.282398	-0.405493	-0.520068	-0.611875	-0.671523	-0.686035	-0.654085	-0.595164	-0.530026	-0.455979	-0.349474	-0.193476	0	
0	0.211537	0.411621	0.608327	0.795838	0.956819	1.09668	1.21816	1.30137	1.34596	1.35905	1.33989	1.28586	1.19685	1.09807	1.0113	0.924427	0.838634	0.765877	0.709918	0.690705	0.692053	0.681091	0.660343	0.633619	0.624397	0.644289	0.713636	0.822355	0.933639	1.02513	1.07261	1.06563	0.975136	0.813858	0.598483	0.369462	0.137836	-0.0759777	-0.250959	-0.355147	-0.365129	-0.284487	-0.143551	0.024673	0.173544	0.293228	0.367225	0.401576	0.404553	0.382256	0.337975	0.28193	0.211203	0.131953	0.0439289	-0.0569928	-0.15939	-0.263671	-0.369841	-0.476904	-0.575303	-0.668625	-0.760184	-0.83275	-0.892994	-0.945388	-0.974391	-0.974934	-0.948399	-0.901678	-0.831992	-0.7296	-0.614981	-0.512508	-0.418514	-0.329301	-0.249775	-0.18729	-0.156987	-0.157851	-0.16088	-0.147711	-0.127791	-0.115452	-0.12594	-0.180068	-0.281695	-0.404999	-0.519763	-0.61179	-0.671725	-0.686583	-0.654961	-0.59626	-0.531199	-0.457079	-0.350345	-0.193963	0	
0	0.181486	0.350619	0.519791	0.679828	0.810964	0.926025	1.02429	1.07908	1.09609	1.09058	1.06359	1.01025	0.938649	0.869805	0.817092	0.771402	0.725565	0.687714	0.663818	0.669807	0.688946	0.694494	0.681857	0.665264	0.660699	0.68612	0.759059	0.869537	0.982486	1.07261	1.11994	1.10913	1.01683	0.849789	0.631672	0.395784	0.159586	-0.0618327	-0.244212	-0.356809	-0.376802	-0.308476	-0.179602	-0.0298638	0.103336	0.2024	0.254874	0.269336	0.251503	0.208704	0.147796	0.0800562	-0.00609749	-0.097329	-0.187897	-0.286764	-0.382764	-0.478025	-0.572887	-0.663665	-0.742793	-0.815926	-0.88476	-0.930936	-0.960107	-0.975661	-0.963693	-0.922331	-0.856284	-0.776508	-0.684155	-0.572059	-0.461036	-0.373083	-0.300625	-0.23596	-0.180491	-0.139104	-0.125626	-0.138611	-0.149556	-0.141273	-0.124312	-0.113799	-0.1256	-0.180781	-0.283021	-0.406344	-0.520673	-0.611967	-0.67085	-0.684386	-0.651479	-0.591893	-0.526519	-0.452685	-0.346865	-0.192016	0	
0	0.143617	0.274745	0.402747	0.52156	0.611681	0.679688	0.732003	0.752876	0.748668	0.731007	0.704179	0.668769	0.622303	0.587328	0.576057	0.568754	0.559497	0.555955	0.559297	0.587944	0.626623	0.642959	0.644034	0.633742	0.638523	0.669475	0.747881	0.861932	0.975126	1.06563	1.10913	1.09601	0.996232	0.825285	0.598265	0.35722	0.111436	-0.118445	-0.310186	-0.434012	-0.464662	-0.408772	-0.295959	-0.159163	-0.0445126	0.0390224	0.0771534	0.0758188	0.0444992	-0.00808688	-0.0791552	-0.156235	-0.240237	-0.324466	-0.409731	-0.500977	-0.586231	-0.666316	-0.743712	-0.816514	-0.873913	-0.921324	-0.960257	-0.970968	-0.960821	-0.935798	-0.884323	-0.807837	-0.71523	-0.620494	-0.525155	-0.421272	-0.327826	-0.262814	-0.21447	-0.17236	-0.136222	-0.110315	-0.108409	-0.128938	-0.144006	-0.137925	-0.122402	-0.113095	-0.126302	-0.183047	-0.286271	-0.409468	-0.52276	-0.612373	-0.66886	-0.679409	-0.643619	-0.582053	-0.515981	-0.442788	-0.339018	-0.187622	0	
0	0.0937238	0.175182	0.25248	0.315625	0.351949	0.376719	0.392595	0.381729	0.355143	0.334376	0.319537	0.301043	0.286018	0.28584	0.306052	0.330714	0.348533	0.366679	0.390924	0.436147	0.485979	0.514872	0.521418	0.521981	0.531861	0.571448	0.655022	0.77265	0.887168	0.975136	1.01683	0.996232	0.892054	0.711218	0.479817	0.229758	-0.0219615	-0.259206	-0.458665	-0.587756	-0.625857	-0.578527	-0.472975	-0.350109	-0.245066	-0.172897	-0.146539	-0.153994	-0.188649	-0.244122	-0.310759	-0.378349	-0.458791	-0.538211	-0.612922	-0.689414	-0.757546	-0.820931	-0.877778	-0.923942	-0.952224	-0.966848	-0.967051	-0.937776	-0.890013	-0.8298	-0.7492	-0.654053	-0.554444	-0.463539	-0.380671	-0.295945	-0.226043	-0.184894	-0.157573	-0.132756	-0.110121	-0.0944917	-0.100095	-0.124976	-0.141632	-0.136067	-0.121161	-0.112892	-0.127865	-0.186811	-0.291417	-0.414331	-0.525968	-0.612943	-0.665681	-0.671583	-0.631338	-0.566727	-0.499576	-0.427362	-0.326766	-0.18075	0	
0	0.0287754	0.0452743	0.0608861	0.0712594	0.0609523	0.0424656	0.0272248	0.00270544	-0.0222735	-0.0362067	-0.0382369	-0.0351131	-0.0322151	-0.0108904	0.0301909	0.0709901	0.103224	0.135865	0.171603	0.227425	0.286795	0.319312	0.334564	0.338503	0.356923	0.401767	0.491846	0.612669	0.726786	0.813858	0.849789	0.825285	0.711218	0.525955	0.285977	0.0322659	-0.225361	-0.467721	-0.669123	-0.802119	-0.840782	-0.795133	-0.69447	-0.572899	-0.472495	-0.403023	-0.375203	-0.381962	-0.415206	-0.46447	-0.527016	-0.591801	-0.659938	-0.722259	-0.780896	-0.840893	-0.889469	-0.926478	-0.954108	-0.968763	-0.959244	-0.935064	-0.899149	-0.83575	-0.758955	-0.67856	-0.588024	-0.492764	-0.402299	-0.328173	-0.265944	-0.203492	-0.156278	-0.13517	-0.123345	-0.110021	-0.0957788	-0.0865599	-0.0970262	-0.124254	-0.140873	-0.134803	-0.120137	-0.113015	-0.130279	-0.192119	-0.298474	-0.420893	-0.530226	-0.613579	-0.661197	-0.6608	-0.61457	-0.545896	-0.477297	-0.406375	-0.310056	-0.171362	0	
0	-0.0450843	-0.0938312	-0.13823	-0.184155	-0.234145	-0.274925	-0.303839	-0.334962	-0.360935	-0.362852	-0.34904	-0.334525	-0.312752	-0.277422	-0.226341	-0.177588	-0.140263	-0.104749	-0.0635085	-0.00475792	0.0555021	0.0898936	0.104219	0.113094	0.133362	0.184885	0.27876	0.401839	0.515649	0.598483	0.631672	0.598265	0.479817	0.285977	0.0443749	-0.212651	-0.471174	-0.711683	-0.911998	-1.03837	-1.07164	-1.02229	-0.916085	-0.795752	-0.694553	-0.623977	-0.597131	-0.600762	-0.626626	-0.66978	-0.719718	-0.766385	-0.820261	-0.866996	-0.906459	-0.940235	-0.957099	-0.962964	-0.955582	-0.931454	-0.888038	-0.834152	-0.768974	-0.684102	-0.597965	-0.515933	-0.430702	-0.348821	-0.27791	-0.225872	-0.184662	-0.141803	-0.11295	-0.106474	-0.104542	-0.0978666	-0.088332	-0.0831026	-0.0969504	-0.125326	-0.140845	-0.13366	-0.119134	-0.113447	-0.133633	-0.199075	-0.307472	-0.429103	-0.53543	-0.614146	-0.655246	-0.646914	-0.593237	-0.519545	-0.449141	-0.379795	-0.288826	-0.159406	0	
0	-0.102636	-0.209163	-0.303735	-0.387408	-0.467649	-0.531307	-0.571578	-0.603331	-0.622015	-0.618736	-0.598778	-0.577512	-0.554437	-0.513355	-0.461446	-0.412752	-0.376542	-0.340105	-0.298218	-0.238137	-0.178952	-0.147517	-0.133032	-0.124224	-0.100239	-0.0448453	0.0533323	0.177917	0.289226	0.369462	0.395784	0.35722	0.229758	0.0322659	-0.212651	-0.46987	-0.726065	-0.965224	-1.15757	-1.27738	-1.30127	-1.2433	-1.13264	-1.00749	-0.902106	-0.828608	-0.794252	-0.788277	-0.805311	-0.833938	-0.868403	-0.900505	-0.93212	-0.950187	-0.95813	-0.959629	-0.944904	-0.916236	-0.876732	-0.825437	-0.7555	-0.681305	-0.606417	-0.519928	-0.438455	-0.367344	-0.299079	-0.237469	-0.187865	-0.156415	-0.132463	-0.104243	-0.0885616	-0.0916343	-0.0951376	-0.0917251	-0.0846075	-0.0820964	-0.0986235	-0.127394	-0.141055	-0.1324	-0.1181	-0.114268	-0.13809	-0.207819	-0.318444	-0.438882	-0.541442	-0.614461	-0.647617	-0.629745	-0.567248	-0.487669	-0.415122	-0.347595	-0.263014	-0.144831	0	
0	-0.139232	-0.272254	-0.392746	-0.503391	-0.599168	-0.673899	-0.725867	-0.766222	-0.793671	-0.792867	-0.77727	-0.763102	-0.741776	-0.705927	-0.658805	-0.617592	-0.586946	-0.55611	-0.515532	-0.45909	-0.403917	-0.377949	-0.366368	-0.357773	-0.331959	-0.272368	-0.170352	-0.0458446	0.0636446	0.137836	0.159586	0.111436	-0.0219615	-0.225361	-0.471174	-0.726065	-0.980236	-1.21098	-1.39547	-1.50174	-1.5116	-1.44288	-1.32076	-1.1887	-1.07706	-0.994945	-0.951338	-0.934217	-0.933445	-0.943182	-0.953826	-0.956889	-0.959108	-0.946608	-0.926963	-0.899195	-0.85347	-0.799875	-0.738793	-0.668224	-0.590306	-0.517871	-0.445661	-0.367471	-0.303257	-0.251523	-0.202079	-0.159677	-0.129147	-0.114134	-0.101833	-0.0830364	-0.076254	-0.0850912	-0.0909441	-0.0886873	-0.0827636	-0.0824848	-0.101422	-0.130017	-0.141212	-0.130909	-0.117069	-0.115624	-0.143862	-0.218516	-0.331409	-0.450123	-0.548082	-0.614294	-0.638052	-0.609081	-0.536513	-0.450283	-0.375278	-0.309769	-0.232569	-0.127592	0	
0	-0.138718	-0.275831	-0.401156	-0.516742	-0.618726	-0.699474	-0.760213	-0.81111	-0.848626	-0.862259	-0.861424	-0.864571	-0.859169	-0.834511	-0.803751	-0.774515	-0.756772	-0.734255	-0.699682	-0.649068	-0.602397	-0.583321	-0.577854	-0.569345	-0.543735	-0.478916	-0.37508	-0.249988	-0.145222	-0.0759777	-0.0618327	-0.118445	-0.259206	-0.467721	-0.711683	-0.965224	-1.21098	-1.43446	-1.60408	-1.69381	-1.68603	-1.60028	-1.46359	-1.32067	-1.19513	-1.10035	-1.04131	-1.00272	-0.980686	-0.966072	-0.949754	-0.927235	-0.903105	-0.865024	-0.819908	-0.767772	-0.70523	-0.639441	-0.57217	-0.503404	-0.430245	-0.365832	-0.307626	-0.248615	-0.203808	-0.169375	-0.137217	-0.111238	-0.0948383	-0.0906422	-0.085004	-0.071909	-0.0711118	-0.0830991	-0.0893424	-0.0870955	-0.0818621	-0.0838011	-0.105057	-0.132918	-0.141117	-0.129143	-0.11613	-0.117719	-0.151205	-0.231338	-0.346359	-0.462671	-0.555119	-0.613355	-0.626238	-0.584685	-0.500947	-0.407434	-0.329683	-0.266343	-0.197469	-0.107657	0	
0	-0.123538	-0.238144	-0.345805	-0.451292	-0.544087	-0.624977	-0.692111	-0.749675	-0.799945	-0.828361	-0.84618	-0.869429	-0.883288	-0.876473	-0.863912	-0.855639	-0.852401	-0.844339	-0.819202	-0.77911	-0.744774	-0.737649	-0.73875	-0.735287	-0.708012	-0.642201	-0.534825	-0.413273	-0.312431	-0.250959	-0.244212	-0.310186	-0.458665	-0.669123	-0.911998	-1.15757	-1.39547	-1.60408	-1.75571	-1.82329	-1.79176	-1.68478	-1.52993	-1.37022	-1.22934	-1.11932	-1.04012	-0.982828	-0.939359	-0.901844	-0.862352	-0.819878	-0.776394	-0.718599	-0.661984	-0.603745	-0.538154	-0.474905	-0.413604	-0.352086	-0.29314	-0.248477	-0.206629	-0.163488	-0.13675	-0.118128	-0.0985846	-0.0832721	-0.076434	-0.0790326	-0.0763437	-0.0664542	-0.0699111	-0.0834117	-0.0888802	-0.0860986	-0.0814952	-0.0858995	-0.109385	-0.135876	-0.140615	-0.127109	-0.115432	-0.120811	-0.160412	-0.246449	-0.363243	-0.476323	-0.562268	-0.611293	-0.611809	-0.5563	-0.46049	-0.35921	-0.278461	-0.217392	-0.157734	-0.0850272	0	
0	-0.0908363	-0.177224	-0.262043	-0.349899	-0.424992	-0.491349	-0.557055	-0.619041	-0.673826	-0.711845	-0.744424	-0.785124	-0.813105	-0.82317	-0.831373	-0.84099	-0.857558	-0.863494	-0.850102	-0.82438	-0.804793	-0.811453	-0.82279	-0.822118	-0.797959	-0.727583	-0.621624	-0.502103	-0.4087	-0.355147	-0.356809	-0.434012	-0.587756	-0.802119	-1.03837	-1.27738	-1.50174	-1.69381	-1.82329	-1.86425	-1.80603	-1.67623	-1.49954	-1.3252	-1.1692	-1.04385	-0.951889	-0.879031	-0.819615	-0.768341	-0.716895	-0.662887	-0.609449	-0.550781	-0.497176	-0.440375	-0.381183	-0.328574	-0.281095	-0.236327	-0.194552	-0.165018	-0.137099	-0.110275	-0.0978367	-0.0882644	-0.0764987	-0.0687448	-0.068206	-0.0740302	-0.0717533	-0.0640577	-0.070931	-0.0847889	-0.0887707	-0.0853026	-0.0815596	-0.0887949	-0.114308	-0.138673	-0.139582	-0.124868	-0.115178	-0.125214	-0.171801	-0.263986	-0.381952	-0.490806	-0.569173	-0.607687	-0.594347	-0.523657	-0.415108	-0.305755	-0.221794	-0.163057	-0.113451	-0.0597424	0	
0	-0.0645576	-0.118661	-0.174356	-0.240076	-0.296458	-0.350051	-0.404991	-0.456758	-0.509744	-0.551232	-0.589392	-0.640163	-0.678609	-0.695812	-0.718754	-0.744071	-0.770529	-0.7893	-0.784696	-0.770256	-0.768343	-0.786292	-0.807916	-0.811177	-0.786758	-0.715646	-0.608303	-0.495351	-0.408691	-0.365129	-0.376802	-0.464662	-0.625857	-0.840782	-1.07164	-1.30127	-1.5116	-1.68603	-1.79176	-1.80603	-1.72409	-1.57184	-1.38152	-1.19735	-1.03125	-0.902539	-0.801712	-0.721187	-0.656998	-0.601432	-0.544335	-0.493594	-0.44749	-0.393227	-0.346422	-0.299817	-0.255673	-0.219624	-0.186231	-0.154249	-0.127918	-0.113314	-0.0959721	-0.0794177	-0.076026	-0.0723964	-0.0655815	-0.0621012	-0.0651868	-0.0722149	-0.0691993	-0.0634492	-0.0731913	-0.0865135	-0.0886319	-0.0845836	-0.0821144	-0.0925618	-0.1197	-0.141073	-0.137926	-0.122538	-0.115638	-0.1313	-0.185704	-0.284041	-0.402298	-0.505778	-0.57541	-0.602039	-0.573385	-0.486493	-0.364817	-0.247273	-0.159941	-0.103569	-0.0647958	-0.0319038	0	
