0	0	0	0	0	0	0	0	0	0	0	0	0	0	0	0	0	0	0	0	0	0	0	0	0	0	0	0	0	0	0	0	0	0	0	0	0	0	0	0	0	0	0	0	0	0	0	0	0	0	0	0	0	0	0	0	0	0	0	0	0	0	0	0	0	0	0	0	0	0	0	0	0	0	0	0	0	0	0	0	0	0	0	0	0	0	0	0	0	0	0	0	0	0	0	0	0	0	0	0	
0	0.00306302	0.00599822	0.00732782	0.00863877	0.011384	0.0175934	0.0238088	0.0273889	0.029593	0.0309846	0.0329478	0.0317035	0.0287136	0.0225005	0.0121599	0.000250848	-0.00909068	-0.00962214	-0.00141763	0.0147735	0.039432	0.0677333	0.0958497	0.118362	0.134491	0.145665	0.15327	0.155855	0.14824	0.125952	0.0911847	0.0460341	-0.00528748	-0.0575743	-0.105993	-0.15169	-0.194971	-0.228296	-0.247608	-0.253255	-0.241525	-0.215721	-0.180218	-0.137731	-0.0922609	-0.0464452	-0.00362506	0.0377695	0.0784103	0.115765	0.144978	0.159385	0.157143	0.143054	0.11913	0.0891703	0.056953	0.0250556	0.000702307	-0.0131329	-0.0192782	-0.0171858	-0.00842533	0.00051089	0.0087737	0.0163846	0.0232627	0.0266687	0.0277323	0.0240862	0.0202733	0.0168926	0.00699394	-0.00553979	-0.018675	-0.0301858	-0.0411177	-0.047705	-0.0476451	-0.041898	-0.0281228	-0.0120284	0.00227928	0.0132082	0.0168007	0.0117758	-0.000451338	-0.017111	-0.0317243	-0.04133	-0.0439332	-0.035595	-0.0199888	-0.0023079	0.0119661	0.0212817	0.0224092	0.0117762	0	
0	0.00599822	0.0121127	0.0142347	0.0172121	0.0218635	0.0344612	0.0456229	0.0530107	0.0556414	0.0588577	0.0610758	0.0588683	0.0523498	0.039374	0.0201802	-0.00410043	-0.0202856	-0.0205616	-0.00250424	0.0320834	0.0820542	0.139706	0.196225	0.239472	0.270712	0.290003	0.301324	0.304202	0.284724	0.239451	0.16934	0.0813374	-0.0183692	-0.116658	-0.209394	-0.294449	-0.37733	-0.440671	-0.47993	-0.48971	-0.469052	-0.418076	-0.346559	-0.261194	-0.170744	-0.0784653	0.00270051	0.0755545	0.146661	0.207665	0.253753	0.276758	0.275043	0.253449	0.217637	0.173607	0.126035	0.0755616	0.0327545	0.00190948	-0.0165281	-0.0211791	-0.0127589	-0.0039953	0.00803126	0.0241435	0.039137	0.0496146	0.0525029	0.0467491	0.0381109	0.0287034	0.00927335	-0.0149798	-0.0341461	-0.0492168	-0.0634552	-0.0693944	-0.0667826	-0.0562606	-0.0387753	-0.0230264	-0.010067	-0.00127246	-0.00145064	-0.0131477	-0.0330868	-0.0546023	-0.0681296	-0.0744104	-0.0709404	-0.0488314	-0.020519	0.00773551	0.0322909	0.0447	0.0425673	0.0237499	0	
0	0.00732782	0.0142347	0.0164275	0.0186001	0.0251364	0.0418822	0.0588001	0.0680543	0.0732685	0.0767807	0.0822998	0.0792533	0.0711251	0.0540872	0.0262329	-0.00547747	-0.028258	-0.02482	0.00510639	0.0588628	0.136175	0.222698	0.305358	0.368065	0.408114	0.430055	0.438864	0.432728	0.398298	0.325845	0.222991	0.0978019	-0.038304	-0.171644	-0.292552	-0.40716	-0.520257	-0.611972	-0.670036	-0.69182	-0.664811	-0.593952	-0.490708	-0.364604	-0.230298	-0.100057	0.0112826	0.106902	0.190859	0.261728	0.314014	0.337362	0.332299	0.314011	0.284633	0.247408	0.20282	0.148344	0.097567	0.0573857	0.0236218	0.00331086	-3.74018e-06	0.00175372	0.0104391	0.0267468	0.0475688	0.0618995	0.0683689	0.0586334	0.0456243	0.0338531	0.00760857	-0.0196626	-0.0399729	-0.0496404	-0.0564687	-0.057119	-0.0521281	-0.0476907	-0.0385936	-0.0361393	-0.0426109	-0.0518601	-0.0656653	-0.082004	-0.0964007	-0.106825	-0.104369	-0.0917291	-0.0725394	-0.0396891	-0.00311159	0.0280994	0.0472875	0.0565688	0.0520002	0.0250107	0	
0	0.00863877	0.0172121	0.0186001	0.0213955	0.0283591	0.0506913	0.0711028	0.0842758	0.0891374	0.0957527	0.102408	0.101001	0.0920998	0.0712708	0.0398052	0.000546212	-0.0228777	-0.0145942	0.0289559	0.103772	0.205604	0.317706	0.421404	0.493096	0.534726	0.548294	0.544495	0.525177	0.470219	0.375585	0.246824	0.0982272	-0.0593249	-0.207477	-0.342821	-0.470669	-0.605689	-0.719318	-0.800484	-0.835215	-0.814123	-0.733636	-0.608259	-0.451716	-0.284728	-0.120435	0.0132576	0.119166	0.21104	0.282478	0.333428	0.357067	0.357063	0.34458	0.32625	0.304452	0.276181	0.23254	0.185487	0.140504	0.0980279	0.0667372	0.0513903	0.0357844	0.0283087	0.0343307	0.0462485	0.0560801	0.0581997	0.0481029	0.038026	0.0319234	0.0130925	-0.00883787	-0.0186368	-0.0206806	-0.0259449	-0.0272317	-0.0295395	-0.036047	-0.0458514	-0.0684963	-0.0968068	-0.121996	-0.142454	-0.157847	-0.163597	-0.155464	-0.128747	-0.0964943	-0.0651558	-0.0246252	0.00773857	0.028345	0.0410142	0.0435847	0.0373961	0.0177066	0	
0	0.011384	0.0218635	0.0251364	0.0283591	0.0393634	0.0666868	0.0949232	0.111248	0.121041	0.130037	0.142791	0.143817	0.135901	0.114046	0.0769958	0.0340433	0.00669193	0.0194671	0.0738099	0.164406	0.286466	0.417212	0.53235	0.607432	0.639322	0.638359	0.616694	0.578557	0.507568	0.394988	0.2532	0.0964248	-0.0628102	-0.209337	-0.340007	-0.471137	-0.617973	-0.753474	-0.856222	-0.913295	-0.902712	-0.822625	-0.687481	-0.51373	-0.325482	-0.145025	-0.000116639	0.114346	0.20783	0.283558	0.339507	0.365988	0.366566	0.363962	0.359055	0.352677	0.339278	0.308115	0.272481	0.238755	0.200528	0.164972	0.138637	0.106342	0.0758217	0.0547824	0.0437823	0.0346922	0.0279935	0.0146906	0.012603	0.0249296	0.0235934	0.0193144	0.0202358	0.0250185	0.0194476	0.00689465	-0.0124043	-0.0414018	-0.0703592	-0.108943	-0.152295	-0.185687	-0.208284	-0.216783	-0.20715	-0.18429	-0.144284	-0.100908	-0.0672045	-0.0330748	-0.00928923	0.000436267	0.000411574	0.00108554	0.00313035	-0.00461481	0	
0	0.0175934	0.0344612	0.0418822	0.0506913	0.0666868	0.103741	0.138981	0.162887	0.17558	0.190351	0.207225	0.211772	0.204524	0.178971	0.138201	0.087723	0.0573395	0.0706497	0.131449	0.233533	0.367631	0.5083	0.627183	0.693824	0.711828	0.689956	0.64951	0.597693	0.515991	0.399577	0.257582	0.107311	-0.0408332	-0.174133	-0.294278	-0.420612	-0.576087	-0.72635	-0.850406	-0.924895	-0.92899	-0.855739	-0.721195	-0.543882	-0.352016	-0.165893	-0.0191778	0.0936388	0.191281	0.272081	0.335945	0.371722	0.38335	0.386019	0.388425	0.393388	0.394451	0.378886	0.358413	0.336951	0.306306	0.274304	0.243426	0.194161	0.137738	0.0897955	0.0526513	0.0234394	0.00368952	-0.0115608	-0.00488261	0.02306	0.0413332	0.05271	0.0661726	0.0724149	0.0569993	0.0300344	-0.00949386	-0.0571123	-0.103325	-0.154752	-0.20104	-0.23076	-0.243076	-0.242234	-0.228064	-0.200809	-0.159763	-0.121602	-0.0959554	-0.0705092	-0.057151	-0.0551586	-0.0550031	-0.0495215	-0.0361438	-0.0243158	0	
0	0.0238088	0.0456229	0.0588001	0.0711028	0.0949232	0.138981	0.184533	0.214022	0.233413	0.253477	0.277547	0.287519	0.28199	0.256069	0.210894	0.156438	0.121635	0.134642	0.19902	0.307391	0.447969	0.592231	0.706122	0.761768	0.759514	0.718644	0.66121	0.599844	0.517105	0.404238	0.272163	0.136597	0.0051534	-0.110123	-0.215779	-0.335595	-0.491504	-0.652621	-0.788733	-0.876186	-0.891269	-0.827355	-0.700794	-0.533822	-0.351761	-0.177643	-0.042176	0.0648565	0.158976	0.244793	0.317114	0.361124	0.377706	0.391535	0.405401	0.422482	0.437137	0.435421	0.428044	0.418328	0.397702	0.367492	0.332595	0.276117	0.209661	0.149552	0.100568	0.062101	0.0359829	0.015583	0.0207432	0.0512033	0.0712771	0.0829811	0.0938316	0.0966383	0.0747126	0.0336487	-0.0213891	-0.0831217	-0.1385	-0.192937	-0.238016	-0.260931	-0.266936	-0.25953	-0.238983	-0.215151	-0.183323	-0.155444	-0.14257	-0.126388	-0.114348	-0.108394	-0.10028	-0.083519	-0.05828	-0.0351532	0	
0	0.0273889	0.0530107	0.0680543	0.0842758	0.111248	0.162887	0.214022	0.250034	0.273634	0.2999	0.331627	0.34823	0.347815	0.32307	0.278571	0.223048	0.187972	0.202092	0.269776	0.382807	0.52606	0.668432	0.773831	0.812764	0.791927	0.731066	0.661815	0.595539	0.516016	0.412911	0.293031	0.172297	0.0593852	-0.0396889	-0.128489	-0.234867	-0.384068	-0.54213	-0.68026	-0.772796	-0.795567	-0.743052	-0.632933	-0.484389	-0.323869	-0.171929	-0.0569533	0.0319437	0.114966	0.195775	0.27036	0.320997	0.348547	0.370367	0.396833	0.430996	0.46169	0.473713	0.475913	0.473163	0.453562	0.426834	0.397616	0.349109	0.290633	0.239892	0.202496	0.171797	0.147424	0.121204	0.11363	0.125734	0.125611	0.116802	0.108248	0.0925904	0.0568987	0.00800514	-0.0540134	-0.120205	-0.177984	-0.231994	-0.273319	-0.291596	-0.28903	-0.276157	-0.258443	-0.238559	-0.21458	-0.195606	-0.185795	-0.169931	-0.151466	-0.133189	-0.113271	-0.0859076	-0.0547256	-0.0316728	0	
0	0.029593	0.0556414	0.0732685	0.0891374	0.121041	0.17558	0.233413	0.273634	0.302119	0.335396	0.374633	0.400995	0.406064	0.385597	0.343054	0.288586	0.253868	0.267817	0.335689	0.449202	0.589636	0.725446	0.817654	0.840328	0.80044	0.726403	0.64861	0.583216	0.511355	0.418916	0.311698	0.205306	0.106336	0.0261918	-0.0446747	-0.133168	-0.263219	-0.409551	-0.54021	-0.628664	-0.656078	-0.615836	-0.521964	-0.397916	-0.263898	-0.139645	-0.0513114	0.0132231	0.0753979	0.143384	0.211047	0.261894	0.295279	0.332224	0.375391	0.423972	0.467797	0.490068	0.497865	0.496328	0.485051	0.468373	0.452696	0.424473	0.39109	0.367389	0.350546	0.335673	0.315517	0.282626	0.256926	0.239831	0.20558	0.157869	0.113614	0.0701433	0.0148007	-0.0475947	-0.1133	-0.174135	-0.224777	-0.270458	-0.303535	-0.315834	-0.313945	-0.303136	-0.28438	-0.267037	-0.245059	-0.223984	-0.211026	-0.186444	-0.154955	-0.123475	-0.0894163	-0.0569845	-0.0302563	-0.0143817	0	
0	0.0309846	0.0588577	0.0767807	0.0957527	0.130037	0.190351	0.253477	0.2999	0.335396	0.376164	0.426278	0.462054	0.474561	0.457321	0.414618	0.358008	0.317344	0.322358	0.380319	0.482649	0.610461	0.731981	0.807546	0.815098	0.764043	0.683927	0.609845	0.55203	0.493049	0.414672	0.319774	0.225104	0.143173	0.0802177	0.0322274	-0.0321584	-0.140266	-0.269972	-0.390474	-0.477605	-0.508055	-0.475239	-0.39518	-0.285976	-0.170344	-0.071337	-0.0111519	0.0242068	0.0574997	0.103131	0.159267	0.208383	0.247193	0.289695	0.342862	0.404595	0.457753	0.487538	0.50203	0.512224	0.513106	0.515203	0.524355	0.526082	0.520438	0.517254	0.519334	0.514762	0.495363	0.452861	0.405736	0.358997	0.289575	0.204449	0.119693	0.0386869	-0.0407083	-0.114922	-0.182416	-0.235853	-0.271956	-0.30059	-0.321842	-0.329552	-0.325333	-0.316676	-0.305733	-0.290779	-0.266656	-0.23723	-0.207334	-0.169466	-0.12568	-0.0852798	-0.0534644	-0.025629	-0.00652346	-0.00345444	0	
0	0.0329478	0.0610758	0.0822998	0.102408	0.142791	0.207225	0.277547	0.331627	0.374633	0.426278	0.485392	0.532387	0.549681	0.532973	0.485466	0.41949	0.364275	0.349898	0.385351	0.465827	0.571532	0.672024	0.73002	0.725055	0.668845	0.593403	0.529921	0.488783	0.449451	0.390221	0.313907	0.237575	0.174212	0.134489	0.108126	0.0631679	-0.0258059	-0.145644	-0.263083	-0.348294	-0.379881	-0.351177	-0.272875	-0.170327	-0.0654835	0.017028	0.057768	0.0667484	0.0734329	0.0957425	0.132364	0.168615	0.201956	0.244663	0.300088	0.363469	0.422811	0.466004	0.497953	0.525738	0.553748	0.585285	0.619867	0.644966	0.65846	0.670778	0.678003	0.674012	0.647147	0.593738	0.530198	0.457798	0.362135	0.246077	0.130795	0.0227183	-0.0799994	-0.170386	-0.241666	-0.287139	-0.311361	-0.323894	-0.326855	-0.322435	-0.316178	-0.309139	-0.297896	-0.282232	-0.25502	-0.218193	-0.18077	-0.136858	-0.0913259	-0.0546067	-0.0263652	-0.00764015	0.00155709	0.00312316	0	
0	0.0317035	0.0588683	0.0792533	0.101001	0.143817	0.211772	0.287519	0.34823	0.400995	0.462054	0.532387	0.588936	0.610797	0.592316	0.535316	0.454209	0.377077	0.333336	0.338399	0.388641	0.468013	0.548247	0.591752	0.583649	0.532832	0.471056	0.427702	0.406836	0.389541	0.352112	0.296517	0.240741	0.201733	0.185853	0.181573	0.153722	0.0761412	-0.0418951	-0.162434	-0.25375	-0.288627	-0.258316	-0.178198	-0.0723092	0.0331761	0.107671	0.134187	0.125729	0.109443	0.108706	0.124361	0.142663	0.157356	0.180238	0.222843	0.284421	0.351562	0.412936	0.47117	0.531795	0.592568	0.652692	0.710929	0.756547	0.783569	0.79793	0.8046	0.796574	0.760986	0.697154	0.617326	0.527487	0.415724	0.284801	0.151659	0.0258759	-0.0867177	-0.185253	-0.261479	-0.307465	-0.326415	-0.327869	-0.320021	-0.304709	-0.286208	-0.269613	-0.255039	-0.236875	-0.208375	-0.171072	-0.132139	-0.0939916	-0.0588535	-0.0354582	-0.024556	-0.0170647	-0.0111971	-0.00697325	0	
0	0.0287136	0.0523498	0.0711251	0.0920998	0.135901	0.204524	0.28199	0.347815	0.406064	0.474561	0.549681	0.610797	0.630276	0.602882	0.528347	0.425167	0.318716	0.242696	0.214364	0.236974	0.296142	0.36352	0.404975	0.403027	0.366961	0.325142	0.303055	0.303232	0.307484	0.292561	0.26098	0.228526	0.213131	0.218331	0.227796	0.206103	0.130812	0.0098357	-0.115759	-0.209244	-0.24119	-0.207593	-0.122512	-0.0131134	0.0931379	0.164223	0.19011	0.174655	0.148341	0.131284	0.124103	0.115345	0.104856	0.104438	0.130475	0.184224	0.255308	0.336051	0.421158	0.509169	0.598634	0.685751	0.762529	0.820882	0.855467	0.872767	0.877153	0.864209	0.820943	0.752065	0.666639	0.567702	0.451897	0.319147	0.185041	0.0595423	-0.0541882	-0.154014	-0.230325	-0.277952	-0.30055	-0.302516	-0.288705	-0.265782	-0.238434	-0.209125	-0.182403	-0.155888	-0.128448	-0.10158	-0.0779923	-0.0599137	-0.0441754	-0.0344846	-0.0305513	-0.0262624	-0.0200887	-0.0106582	0	
0	0.0225005	0.039374	0.0540872	0.0712708	0.114046	0.178971	0.256069	0.32307	0.385597	0.457321	0.532973	0.592316	0.602882	0.55837	0.458451	0.323202	0.182	0.066787	0.00467111	0.000488956	0.0449415	0.108975	0.15754	0.173737	0.161368	0.146673	0.151263	0.174221	0.201715	0.20927	0.199891	0.18646	0.185805	0.201104	0.212961	0.186971	0.109551	-0.0156766	-0.143643	-0.235887	-0.263296	-0.223079	-0.130374	-0.0124663	0.102244	0.180556	0.211408	0.198231	0.165955	0.136403	0.110632	0.0830921	0.0518146	0.0311242	0.0435535	0.0896449	0.161917	0.250103	0.347894	0.448831	0.555047	0.657468	0.746182	0.817052	0.861379	0.88173	0.884572	0.869429	0.822197	0.752594	0.665356	0.565393	0.454232	0.330219	0.205856	0.0925892	-0.00434481	-0.0894371	-0.151996	-0.190964	-0.211762	-0.214473	-0.204721	-0.184752	-0.156356	-0.123311	-0.0928413	-0.0661456	-0.0449917	-0.0313556	-0.0260839	-0.0282465	-0.0307458	-0.0340604	-0.0354203	-0.0314064	-0.0240036	-0.0122482	0	
0	0.0121599	0.0201802	0.0262329	0.0398052	0.0769958	0.138201	0.210894	0.278571	0.343054	0.414618	0.485466	0.535316	0.528347	0.458451	0.322171	0.148672	-0.0351846	-0.189633	-0.285975	-0.312227	-0.276625	-0.210191	-0.147795	-0.110341	-0.09557	-0.0814281	-0.0490287	0.00107985	0.0537292	0.0882413	0.102377	0.103281	0.109562	0.121564	0.120012	0.0796754	-0.0110533	-0.142865	-0.272212	-0.362245	-0.380867	-0.32794	-0.222208	-0.0867819	0.0475921	0.14184	0.189946	0.185489	0.154963	0.116818	0.0782557	0.0382149	0.00010663	-0.0265544	-0.0198029	0.0224491	0.0876884	0.171124	0.263185	0.360282	0.463558	0.566387	0.658425	0.734194	0.786222	0.810009	0.815802	0.801066	0.752162	0.684772	0.598908	0.501408	0.400018	0.293888	0.19195	0.106288	0.040592	-0.0114869	-0.0437084	-0.06151	-0.0690369	-0.0678504	-0.0607583	-0.0488353	-0.0301236	-0.00358776	0.0186632	0.0381648	0.0473091	0.0397052	0.0240618	-0.000339274	-0.0223545	-0.0346018	-0.0393227	-0.0336264	-0.022928	-0.0121912	0	
0	0.000250848	-0.00410043	-0.00547747	0.000546212	0.0340433	0.087723	0.156438	0.223048	0.288586	0.358008	0.41949	0.454209	0.425167	0.323202	0.148672	-0.068201	-0.29208	-0.484945	-0.609772	-0.65491	-0.624226	-0.554093	-0.478204	-0.42025	-0.37992	-0.337072	-0.274199	-0.196818	-0.115036	-0.0563503	-0.0233953	-0.015094	-0.0147808	-0.0170953	-0.0375963	-0.101537	-0.2053	-0.345512	-0.480019	-0.569172	-0.579593	-0.514041	-0.386173	-0.221582	-0.0577354	0.0655516	0.136276	0.146406	0.119878	0.0800973	0.036392	-0.0054291	-0.0444583	-0.0725537	-0.067527	-0.0365018	0.0161081	0.0847665	0.16278	0.239484	0.325748	0.416507	0.496554	0.567137	0.619547	0.648914	0.658962	0.647743	0.602087	0.5392	0.458465	0.366515	0.279583	0.199837	0.133531	0.0908012	0.0697803	0.0607129	0.0702625	0.0837065	0.0943432	0.108297	0.120873	0.129803	0.139744	0.152492	0.159097	0.159515	0.147274	0.11982	0.0835457	0.0411326	0.0027456	-0.0261746	-0.0410251	-0.0410031	-0.0329228	-0.0183819	0	
0	-0.00909068	-0.0202856	-0.028258	-0.0228777	0.00669193	0.0573395	0.121635	0.187972	0.253868	0.317344	0.364275	0.377077	0.318716	0.182	-0.0351846	-0.29208	-0.553525	-0.775148	-0.921622	-0.977103	-0.947877	-0.871552	-0.782765	-0.706398	-0.641883	-0.571375	-0.481842	-0.377158	-0.276519	-0.201252	-0.161548	-0.159836	-0.174671	-0.197023	-0.243338	-0.325615	-0.445423	-0.592941	-0.72921	-0.816461	-0.816926	-0.72952	-0.575756	-0.379835	-0.182756	-0.0328788	0.0608745	0.0876737	0.0750919	0.0417968	0.00192971	-0.0365723	-0.0727216	-0.104785	-0.114216	-0.098201	-0.0656767	-0.0189568	0.0338659	0.0873945	0.148465	0.211438	0.268893	0.32114	0.364921	0.386932	0.395264	0.386622	0.345967	0.294931	0.228273	0.157192	0.101742	0.0640099	0.045863	0.0548709	0.0849465	0.122957	0.169986	0.210954	0.246084	0.275968	0.299279	0.316253	0.325855	0.329302	0.315407	0.292966	0.259288	0.208858	0.158634	0.106868	0.0545725	0.0123087	-0.018126	-0.0321043	-0.0317379	-0.0220419	0	
0	-0.00962214	-0.0205616	-0.02482	-0.0145942	0.0194671	0.0706497	0.134642	0.202092	0.267817	0.322358	0.349898	0.333336	0.242696	0.066787	-0.189633	-0.484945	-0.775148	-1.01875	-1.1779	-1.24047	-1.21006	-1.12878	-1.02826	-0.933915	-0.845321	-0.748649	-0.632544	-0.510909	-0.399302	-0.324253	-0.293762	-0.30992	-0.350283	-0.400267	-0.469291	-0.574638	-0.706159	-0.854809	-0.986722	-1.06063	-1.03757	-0.923633	-0.741021	-0.516145	-0.298498	-0.12991	-0.0200125	0.0251177	0.0287728	0.0100427	-0.0195734	-0.0523478	-0.089665	-0.128969	-0.14953	-0.158225	-0.155091	-0.138855	-0.113795	-0.0934617	-0.0668564	-0.0323443	-0.00534823	0.0170994	0.0338935	0.0363274	0.0291392	0.0097235	-0.0272147	-0.0593129	-0.0917189	-0.119633	-0.124781	-0.103807	-0.0618673	0.00144267	0.0753407	0.152138	0.23642	0.30624	0.362723	0.416002	0.458787	0.483777	0.493755	0.48832	0.459071	0.417232	0.364057	0.301657	0.244675	0.19254	0.142027	0.0938157	0.0525055	0.0243635	0.0053083	-0.00518045	0	
0	-0.00141763	-0.00250424	0.00510639	0.0289559	0.0738099	0.131449	0.19902	0.269776	0.335689	0.380319	0.385351	0.338399	0.214364	0.00467111	-0.285975	-0.609772	-0.921622	-1.1779	-1.34738	-1.41571	-1.38887	-1.30644	-1.1971	-1.08636	-0.973635	-0.850377	-0.714366	-0.580102	-0.47199	-0.408987	-0.398148	-0.441533	-0.512316	-0.590659	-0.688148	-0.812567	-0.954541	-1.09936	-1.21457	-1.26421	-1.21241	-1.0676	-0.859238	-0.616278	-0.384404	-0.205309	-0.0846668	-0.027661	-0.00980071	-0.0181663	-0.0418202	-0.0702583	-0.103744	-0.144998	-0.18287	-0.213807	-0.238175	-0.255924	-0.269277	-0.284752	-0.293425	-0.297873	-0.308288	-0.323508	-0.341961	-0.374668	-0.412174	-0.448233	-0.482628	-0.490852	-0.480144	-0.450611	-0.390174	-0.304115	-0.203775	-0.0899605	0.0248374	0.137901	0.253579	0.35358	0.442192	0.517762	0.575026	0.610642	0.618647	0.60119	0.557928	0.505853	0.44973	0.387339	0.336311	0.294961	0.249478	0.202818	0.15834	0.116953	0.0748509	0.0314174	0	
0	0.0147735	0.0320834	0.0588628	0.103772	0.164406	0.233533	0.307391	0.382807	0.449202	0.482649	0.465827	0.388641	0.236974	0.000488956	-0.312227	-0.65491	-0.977103	-1.24047	-1.41571	-1.49121	-1.47062	-1.38867	-1.27279	-1.14553	-1.01089	-0.868015	-0.719153	-0.585706	-0.490339	-0.446	-0.458449	-0.525253	-0.622966	-0.729678	-0.852198	-0.997114	-1.14884	-1.2845	-1.37999	-1.40227	-1.32251	-1.15353	-0.929546	-0.67584	-0.43906	-0.253735	-0.127796	-0.0604169	-0.0341226	-0.0387396	-0.0617313	-0.0914694	-0.128792	-0.174462	-0.218067	-0.264836	-0.315531	-0.365015	-0.410564	-0.462996	-0.515037	-0.56236	-0.617781	-0.682226	-0.746717	-0.814511	-0.876262	-0.925898	-0.954813	-0.937732	-0.883984	-0.801073	-0.684611	-0.539424	-0.380533	-0.219846	-0.0697241	0.076362	0.223731	0.35137	0.462214	0.558107	0.626402	0.66046	0.665991	0.646695	0.604522	0.559163	0.51281	0.460215	0.415518	0.380678	0.342313	0.298607	0.254368	0.208296	0.147077	0.0699747	0	
0	0.039432	0.0820542	0.136175	0.205604	0.286466	0.367631	0.447969	0.52606	0.589636	0.610461	0.571532	0.468013	0.296142	0.0449415	-0.276625	-0.624226	-0.947877	-1.21006	-1.38887	-1.47062	-1.45632	-1.37543	-1.25083	-1.1075	-0.953483	-0.795764	-0.642238	-0.515856	-0.436094	-0.412722	-0.44515	-0.534076	-0.657315	-0.791586	-0.937366	-1.0984	-1.25171	-1.37455	-1.44839	-1.45081	-1.35712	-1.18231	-0.956042	-0.701915	-0.462745	-0.272145	-0.139924	-0.0669379	-0.0392041	-0.0457487	-0.0754123	-0.114313	-0.15729	-0.207448	-0.265211	-0.330721	-0.399568	-0.470229	-0.542535	-0.6262	-0.719483	-0.817082	-0.926437	-1.03995	-1.14394	-1.23702	-1.31085	-1.35908	-1.37067	-1.32927	-1.24235	-1.1217	-0.965984	-0.780183	-0.580646	-0.379998	-0.195505	-0.0205834	0.147915	0.290936	0.412596	0.51183	0.581941	0.621593	0.630683	0.614872	0.584893	0.555963	0.526504	0.489387	0.454045	0.424212	0.388482	0.345866	0.303066	0.255812	0.185756	0.0917764	0	
0	0.0677333	0.139706	0.222698	0.317706	0.417212	0.5083	0.592231	0.668432	0.725446	0.731981	0.672024	0.548247	0.36352	0.108975	-0.210191	-0.554093	-0.871552	-1.12878	-1.30644	-1.38867	-1.37543	-1.28559	-1.14622	-0.981469	-0.808216	-0.639094	-0.486074	-0.368027	-0.305674	-0.299341	-0.35082	-0.458892	-0.60624	-0.764682	-0.931554	-1.10274	-1.25735	-1.37144	-1.43379	-1.42814	-1.33566	-1.16434	-0.942198	-0.694303	-0.459066	-0.270586	-0.142613	-0.0700488	-0.0408858	-0.0495371	-0.0864903	-0.136082	-0.194175	-0.259222	-0.330802	-0.407459	-0.490331	-0.579086	-0.672483	-0.784079	-0.912709	-1.05113	-1.19965	-1.35088	-1.48327	-1.58674	-1.65884	-1.69529	-1.68832	-1.62238	-1.50767	-1.36216	-1.18631	-0.982328	-0.75976	-0.539821	-0.339625	-0.149246	0.0282421	0.17397	0.290029	0.378874	0.438269	0.47464	0.494331	0.496879	0.487408	0.477836	0.465069	0.439513	0.412458	0.393867	0.367891	0.3295	0.290122	0.244232	0.174531	0.0856444	0	
0	0.0958497	0.196225	0.305358	0.421404	0.53235	0.627183	0.706122	0.773831	0.817654	0.807546	0.73002	0.591752	0.404975	0.15754	-0.147795	-0.478204	-0.782765	-1.02826	-1.1971	-1.27279	-1.25083	-1.14622	-0.98676	-0.799771	-0.607862	-0.428712	-0.271376	-0.158096	-0.102314	-0.108342	-0.175591	-0.30299	-0.473683	-0.658735	-0.843113	-1.02629	-1.18569	-1.29875	-1.35992	-1.35726	-1.27182	-1.11024	-0.899039	-0.661029	-0.436372	-0.258149	-0.138033	-0.0695532	-0.047317	-0.0649138	-0.113838	-0.181731	-0.254117	-0.327371	-0.40661	-0.495671	-0.594349	-0.700507	-0.814637	-0.945397	-1.09685	-1.25558	-1.42013	-1.5794	-1.71399	-1.81332	-1.87439	-1.89627	-1.86755	-1.77955	-1.64296	-1.48013	-1.29953	-1.10081	-0.888375	-0.680481	-0.48987	-0.308592	-0.142168	-0.00841622	0.0914402	0.163938	0.211474	0.242887	0.266791	0.281511	0.291308	0.301651	0.304802	0.29641	0.285405	0.279664	0.270173	0.244877	0.212658	0.177877	0.12389	0.0568313	0	
0	0.118362	0.239472	0.368065	0.493096	0.607432	0.693824	0.761768	0.812764	0.840328	0.815098	0.725055	0.583649	0.403027	0.173737	-0.110341	-0.42025	-0.706398	-0.933915	-1.08636	-1.14553	-1.1075	-0.981469	-0.799771	-0.58957	-0.379979	-0.186594	-0.022707	0.0945662	0.148157	0.132952	0.0524181	-0.0915788	-0.281343	-0.48397	-0.68487	-0.882124	-1.05312	-1.18105	-1.2524	-1.25861	-1.18415	-1.03405	-0.830982	-0.608289	-0.398785	-0.23614	-0.132714	-0.0803708	-0.0734132	-0.105599	-0.173866	-0.258436	-0.343291	-0.422534	-0.5077	-0.602544	-0.7101	-0.83088	-0.960428	-1.10382	-1.25648	-1.40954	-1.56133	-1.7042	-1.82234	-1.89876	-1.93729	-1.93628	-1.88837	-1.78487	-1.63696	-1.47455	-1.30706	-1.13375	-0.952848	-0.782037	-0.630174	-0.486161	-0.352352	-0.244632	-0.169468	-0.120878	-0.0921862	-0.0673767	-0.0417812	-0.0201589	0.00378336	0.0312868	0.0559539	0.0722725	0.0840665	0.100496	0.109336	0.0970753	0.0808025	0.0644809	0.0375101	0.0132303	0	
0	0.134491	0.270712	0.408114	0.534726	0.639322	0.711828	0.759514	0.791927	0.80044	0.764043	0.668845	0.532832	0.366961	0.161368	-0.09557	-0.37992	-0.641883	-0.845321	-0.973635	-1.01089	-0.953483	-0.808216	-0.607862	-0.379979	-0.152977	0.0542777	0.231553	0.357025	0.413776	0.395536	0.306007	0.153082	-0.0456698	-0.262474	-0.479389	-0.694753	-0.887895	-1.03369	-1.11742	-1.13129	-1.06536	-0.926168	-0.739582	-0.536192	-0.346909	-0.207627	-0.125729	-0.0956537	-0.11112	-0.167887	-0.255875	-0.358981	-0.45477	-0.539715	-0.625332	-0.723797	-0.842098	-0.970021	-1.10025	-1.23213	-1.36842	-1.50141	-1.6279	-1.73927	-1.82208	-1.8617	-1.86186	-1.82797	-1.76032	-1.65032	-1.51042	-1.36808	-1.23266	-1.10194	-0.966687	-0.84555	-0.74472	-0.656444	-0.581636	-0.523414	-0.485256	-0.459213	-0.441592	-0.424956	-0.401511	-0.375372	-0.343668	-0.298615	-0.24927	-0.204793	-0.165093	-0.13017	-0.103449	-0.093946	-0.085868	-0.0676517	-0.0520269	-0.0315563	0	
0	0.145665	0.290003	0.430055	0.548294	0.638359	0.689956	0.718644	0.731066	0.726403	0.683927	0.593403	0.471056	0.325142	0.146673	-0.0814281	-0.337072	-0.571375	-0.748649	-0.850377	-0.868015	-0.795764	-0.639094	-0.428712	-0.186594	0.0542777	0.278856	0.470884	0.606789	0.671607	0.653796	0.564493	0.411678	0.210655	-0.0148684	-0.248119	-0.485531	-0.696657	-0.860098	-0.951809	-0.969702	-0.912313	-0.78795	-0.618949	-0.437638	-0.273634	-0.162377	-0.112025	-0.11351	-0.160082	-0.237526	-0.343258	-0.460604	-0.569141	-0.663516	-0.757427	-0.863651	-0.980826	-1.09899	-1.21362	-1.32712	-1.43614	-1.53791	-1.63044	-1.70163	-1.74077	-1.73364	-1.68827	-1.61908	-1.53503	-1.42856	-1.31124	-1.20462	-1.1143	-1.03224	-0.949367	-0.882879	-0.838565	-0.816836	-0.805604	-0.803093	-0.812095	-0.815495	-0.809661	-0.791354	-0.76494	-0.736248	-0.697088	-0.641967	-0.575007	-0.503277	-0.438087	-0.382136	-0.332447	-0.296916	-0.256125	-0.198647	-0.139297	-0.0723816	0	
0	0.15327	0.301324	0.438864	0.544495	0.616694	0.64951	0.66121	0.661815	0.64861	0.609845	0.529921	0.427702	0.303055	0.151263	-0.0490287	-0.274199	-0.481842	-0.632544	-0.714366	-0.719153	-0.642238	-0.486074	-0.271376	-0.022707	0.231553	0.470884	0.675713	0.823606	0.898034	0.889349	0.808907	0.662298	0.464109	0.230423	-0.0199777	-0.274429	-0.499766	-0.672127	-0.766208	-0.785736	-0.732714	-0.621315	-0.469591	-0.312922	-0.178594	-0.105781	-0.0900297	-0.126789	-0.196035	-0.291092	-0.412098	-0.547162	-0.673887	-0.786866	-0.889007	-0.991701	-1.10242	-1.20875	-1.30651	-1.39547	-1.47399	-1.54175	-1.59469	-1.61874	-1.60913	-1.55634	-1.47149	-1.37509	-1.28532	-1.19011	-1.09725	-1.02766	-0.979775	-0.947834	-0.920416	-0.908988	-0.922234	-0.959994	-1.00848	-1.057	-1.10168	-1.13141	-1.14049	-1.1283	-1.09892	-1.05813	-1.00907	-0.942841	-0.86589	-0.786219	-0.704728	-0.628802	-0.553175	-0.480263	-0.401448	-0.308901	-0.21174	-0.106546	0	
0	0.155855	0.304202	0.432728	0.525177	0.578557	0.597693	0.599844	0.595539	0.583216	0.55203	0.488783	0.406836	0.303232	0.174221	0.00107985	-0.196818	-0.377158	-0.510909	-0.580102	-0.585706	-0.515856	-0.368027	-0.158096	0.0945662	0.357025	0.606789	0.823606	0.98354	1.07341	1.08161	1.01271	0.872759	0.671934	0.427903	0.161711	-0.103795	-0.333849	-0.505865	-0.597662	-0.611364	-0.55998	-0.454685	-0.321075	-0.188597	-0.0872567	-0.0482007	-0.0649546	-0.124328	-0.211693	-0.321906	-0.458572	-0.612529	-0.76069	-0.888763	-0.992304	-1.09385	-1.19865	-1.2934	-1.37672	-1.44873	-1.49909	-1.53007	-1.54016	-1.51753	-1.46142	-1.374	-1.26373	-1.15404	-1.0677	-0.985503	-0.917888	-0.875827	-0.860902	-0.870293	-0.893213	-0.936037	-0.9989	-1.08681	-1.17461	-1.25146	-1.32141	-1.36777	-1.38775	-1.38422	-1.35594	-1.30605	-1.24457	-1.1707	-1.09099	-1.01027	-0.925927	-0.836672	-0.732082	-0.621484	-0.506718	-0.383706	-0.259957	-0.130525	0	
0	0.14824	0.284724	0.398298	0.470219	0.507568	0.515991	0.517105	0.516016	0.511355	0.493049	0.449451	0.389541	0.307484	0.201715	0.0537292	-0.115036	-0.276519	-0.399302	-0.47199	-0.490339	-0.436094	-0.305674	-0.102314	0.148157	0.413776	0.671607	0.898034	1.07341	1.18325	1.20729	1.14812	1.00462	0.795134	0.539078	0.262263	-0.00928777	-0.237696	-0.406686	-0.491333	-0.497362	-0.435925	-0.333014	-0.211083	-0.0977742	-0.0214566	-0.00806901	-0.0405451	-0.11605	-0.216782	-0.338238	-0.49077	-0.661561	-0.823068	-0.960572	-1.06874	-1.1684	-1.26996	-1.36177	-1.43853	-1.4947	-1.51814	-1.51174	-1.48077	-1.41661	-1.32688	-1.21766	-1.09422	-0.98335	-0.905772	-0.841102	-0.793143	-0.774818	-0.784702	-0.822597	-0.886834	-0.969093	-1.06963	-1.18667	-1.29117	-1.37821	-1.44864	-1.49835	-1.52391	-1.52422	-1.49954	-1.44723	-1.38127	-1.30505	-1.22825	-1.15166	-1.06286	-0.963768	-0.842201	-0.703377	-0.563521	-0.422774	-0.282349	-0.140636	0	
0	0.125952	0.239451	0.325845	0.375585	0.394988	0.399577	0.404238	0.412911	0.418916	0.414672	0.390221	0.352112	0.292561	0.20927	0.0882413	-0.0563503	-0.201252	-0.324253	-0.408987	-0.446	-0.412722	-0.299341	-0.108342	0.132952	0.395536	0.653796	0.889349	1.08161	1.20729	1.24556	1.185	1.03098	0.808054	0.542129	0.256493	-0.016776	-0.244684	-0.406506	-0.482066	-0.472258	-0.399315	-0.29118	-0.174714	-0.0697608	-0.00114067	0.0101899	-0.0270146	-0.109069	-0.21654	-0.350816	-0.513367	-0.688797	-0.857361	-1.00396	-1.115	-1.21778	-1.32456	-1.41903	-1.49103	-1.5344	-1.53293	-1.49505	-1.43277	-1.34127	-1.22795	-1.10731	-0.984116	-0.87881	-0.813202	-0.761913	-0.730211	-0.728067	-0.753952	-0.814998	-0.904492	-1.00809	-1.1238	-1.24724	-1.35052	-1.42901	-1.48822	-1.52587	-1.54121	-1.53879	-1.51252	-1.46084	-1.40256	-1.33363	-1.2584	-1.18205	-1.09152	-0.987106	-0.86438	-0.723239	-0.574657	-0.425738	-0.279187	-0.136177	0	
0	0.0911847	0.16934	0.222991	0.246824	0.2532	0.257582	0.272163	0.293031	0.311698	0.319774	0.313907	0.296517	0.26098	0.199891	0.102377	-0.0233953	-0.161548	-0.293762	-0.398148	-0.458449	-0.44515	-0.35082	-0.175591	0.0524181	0.306007	0.564493	0.808907	1.01271	1.14812	1.185	1.11236	0.940584	0.702292	0.42935	0.141717	-0.131158	-0.35275	-0.502518	-0.564638	-0.540522	-0.453693	-0.336697	-0.215752	-0.0988632	-0.0177944	0.00521154	-0.0247491	-0.104141	-0.215777	-0.349873	-0.509253	-0.684963	-0.858874	-1.0132	-1.13638	-1.25079	-1.36279	-1.45845	-1.52619	-1.55958	-1.54541	-1.48922	-1.40641	-1.29823	-1.17666	-1.05934	-0.943403	-0.847579	-0.789588	-0.748924	-0.729925	-0.739427	-0.775333	-0.844284	-0.94369	-1.04903	-1.1546	-1.25706	-1.33591	-1.39574	-1.43688	-1.45505	-1.45135	-1.43291	-1.40052	-1.35309	-1.30366	-1.24661	-1.17902	-1.0998	-1.00373	-0.901954	-0.792144	-0.668478	-0.537866	-0.399871	-0.259503	-0.127395	0	
0	0.0460341	0.0813374	0.0978019	0.0982272	0.0964248	0.107311	0.136597	0.172297	0.205306	0.225104	0.237575	0.240741	0.228526	0.18646	0.103281	-0.015094	-0.159836	-0.30992	-0.441533	-0.525253	-0.534076	-0.458892	-0.30299	-0.0915788	0.153082	0.411678	0.662298	0.872759	1.00462	1.03098	0.940584	0.748694	0.4972	0.218464	-0.0691131	-0.336613	-0.546905	-0.679981	-0.725338	-0.686831	-0.58315	-0.448621	-0.306165	-0.166302	-0.0643772	-0.0229896	-0.0424586	-0.113283	-0.211753	-0.330991	-0.479529	-0.647058	-0.824471	-0.992973	-1.1331	-1.25486	-1.36922	-1.46661	-1.53265	-1.56095	-1.53899	-1.47278	-1.38707	-1.28613	-1.17518	-1.06887	-0.967528	-0.886234	-0.83669	-0.804259	-0.792312	-0.809932	-0.849919	-0.91432	-0.99742	-1.07493	-1.14872	-1.21248	-1.25364	-1.28132	-1.2923	-1.28463	-1.26013	-1.22452	-1.18147	-1.13594	-1.09646	-1.04967	-0.990193	-0.919019	-0.829751	-0.734357	-0.641976	-0.544837	-0.441751	-0.333488	-0.221345	-0.11098	0	
0	-0.00528748	-0.0183692	-0.038304	-0.0593249	-0.0628102	-0.0408332	0.0051534	0.0593852	0.106336	0.143173	0.174212	0.201733	0.213131	0.185805	0.109562	-0.0147808	-0.174671	-0.350283	-0.512316	-0.622966	-0.657315	-0.60624	-0.473683	-0.281343	-0.0456698	0.210655	0.464109	0.671934	0.795134	0.808054	0.702292	0.4972	0.234626	-0.0464254	-0.32785	-0.585488	-0.780996	-0.896489	-0.92852	-0.87402	-0.746673	-0.581326	-0.406034	-0.239221	-0.116554	-0.0603944	-0.0671329	-0.12069	-0.199594	-0.302199	-0.433419	-0.59311	-0.772226	-0.946667	-1.09596	-1.22687	-1.34588	-1.44377	-1.50485	-1.52637	-1.50336	-1.44238	-1.36684	-1.28158	-1.19292	-1.11141	-1.03641	-0.971729	-0.930902	-0.907641	-0.903982	-0.924467	-0.955101	-1.00143	-1.05191	-1.08706	-1.11121	-1.11977	-1.11464	-1.10219	-1.07516	-1.02989	-0.975903	-0.925926	-0.880064	-0.840058	-0.806244	-0.766219	-0.717102	-0.660716	-0.591784	-0.514489	-0.441132	-0.371221	-0.30064	-0.231597	-0.162479	-0.0866517	0	
0	-0.0575743	-0.116658	-0.171644	-0.207477	-0.209337	-0.174133	-0.110123	-0.0396889	0.0261918	0.0802177	0.134489	0.185853	0.218331	0.201104	0.121564	-0.0170953	-0.197023	-0.400267	-0.590659	-0.729678	-0.791586	-0.764682	-0.658735	-0.48397	-0.262474	-0.0148684	0.230423	0.427903	0.539078	0.542129	0.42935	0.218464	-0.0464254	-0.321211	-0.587648	-0.826466	-1.00587	-1.10805	-1.12605	-1.05381	-0.898771	-0.696497	-0.489965	-0.299352	-0.158136	-0.0834502	-0.0743999	-0.108783	-0.174881	-0.264116	-0.3852	-0.53648	-0.710094	-0.88393	-1.04037	-1.17163	-1.28332	-1.3751	-1.43331	-1.45603	-1.43996	-1.38827	-1.32543	-1.26481	-1.20601	-1.15383	-1.10713	-1.06881	-1.04377	-1.02667	-1.02466	-1.03842	-1.05507	-1.07069	-1.07687	-1.06752	-1.04182	-0.996579	-0.936044	-0.87247	-0.802545	-0.722894	-0.649735	-0.587878	-0.537989	-0.502707	-0.470247	-0.432015	-0.391737	-0.352743	-0.309968	-0.261334	-0.216466	-0.180321	-0.147371	-0.115825	-0.0886709	-0.0543996	0	
0	-0.105993	-0.209394	-0.292552	-0.342821	-0.340007	-0.294278	-0.215779	-0.128489	-0.0446747	0.0322274	0.108126	0.181573	0.227796	0.212961	0.120012	-0.0375963	-0.243338	-0.469291	-0.688148	-0.852198	-0.937366	-0.931554	-0.843113	-0.68487	-0.479389	-0.248119	-0.0199777	0.161711	0.262263	0.256493	0.141717	-0.0691131	-0.32785	-0.587648	-0.826738	-1.04318	-1.20373	-1.29105	-1.29078	-1.197	-1.0108	-0.782843	-0.550654	-0.344846	-0.185946	-0.0943474	-0.0650882	-0.086291	-0.141009	-0.222997	-0.337527	-0.484076	-0.653065	-0.821921	-0.97175	-1.08961	-1.18631	-1.26375	-1.31286	-1.33326	-1.32418	-1.28664	-1.24561	-1.21009	-1.181	-1.1565	-1.14103	-1.12957	-1.12105	-1.11483	-1.11122	-1.11473	-1.10938	-1.09216	-1.05439	-0.996817	-0.925289	-0.830653	-0.722266	-0.61562	-0.509921	-0.408646	-0.327693	-0.265653	-0.215291	-0.175368	-0.135562	-0.0927901	-0.05886	-0.0373661	-0.0199262	-0.00269077	0.00527668	0.000234086	-0.0014237	0.000118388	-0.00697044	-0.00980742	0	
0	-0.15169	-0.294449	-0.40716	-0.470669	-0.471137	-0.420612	-0.335595	-0.234867	-0.133168	-0.0321584	0.0631679	0.153722	0.206103	0.186971	0.0796754	-0.101537	-0.325615	-0.574638	-0.812567	-0.997114	-1.0984	-1.10274	-1.02629	-0.882124	-0.694753	-0.485531	-0.274429	-0.103795	-0.00928777	-0.016776	-0.131158	-0.336613	-0.585488	-0.826466	-1.04318	-1.23616	-1.37791	-1.44404	-1.41738	-1.29519	-1.09055	-0.842685	-0.596461	-0.380073	-0.20624	-0.0994305	-0.0609733	-0.0734556	-0.122665	-0.201999	-0.309967	-0.44951	-0.607382	-0.764731	-0.900563	-1.0012	-1.07241	-1.12271	-1.14981	-1.15684	-1.14537	-1.12074	-1.09865	-1.08789	-1.08662	-1.08779	-1.09346	-1.09703	-1.10417	-1.10808	-1.11383	-1.11356	-1.08919	-1.03914	-0.958455	-0.866083	-0.757968	-0.631061	-0.494794	-0.361241	-0.240783	-0.133416	-0.0525387	0.0105784	0.0665173	0.111657	0.154144	0.194157	0.219984	0.227344	0.223419	0.216094	0.196149	0.15815	0.130057	0.113129	0.080551	0.039228	0	
0	-0.194971	-0.37733	-0.520257	-0.605689	-0.617973	-0.576087	-0.491504	-0.384068	-0.263219	-0.140266	-0.0258059	0.0761412	0.130812	0.109551	-0.0110533	-0.2053	-0.445423	-0.706159	-0.954541	-1.14884	-1.25171	-1.25735	-1.18569	-1.05312	-0.887895	-0.696657	-0.499766	-0.333849	-0.237696	-0.244684	-0.35275	-0.546905	-0.780996	-1.00587	-1.20373	-1.37791	-1.49982	-1.54462	-1.49441	-1.35815	-1.14237	-0.88462	-0.625485	-0.395162	-0.211204	-0.103684	-0.0634625	-0.0787017	-0.133839	-0.212486	-0.317345	-0.448471	-0.589671	-0.724997	-0.839139	-0.915885	-0.959447	-0.975054	-0.967932	-0.948527	-0.921984	-0.895119	-0.88125	-0.885915	-0.899899	-0.910617	-0.922133	-0.939591	-0.963247	-0.979253	-0.990237	-0.989954	-0.961987	-0.892689	-0.787679	-0.67342	-0.551057	-0.417879	-0.274584	-0.141559	-0.0252885	0.0771972	0.15605	0.221419	0.276933	0.321622	0.360372	0.392958	0.408357	0.404734	0.389734	0.364311	0.328859	0.278142	0.230937	0.195478	0.14174	0.070483	0	
0	-0.228296	-0.440671	-0.611972	-0.719318	-0.753474	-0.72635	-0.652621	-0.54213	-0.409551	-0.269972	-0.145644	-0.0418951	0.0098357	-0.0156766	-0.142865	-0.345512	-0.592941	-0.854809	-1.09936	-1.2845	-1.37455	-1.37144	-1.29875	-1.18105	-1.03369	-0.860098	-0.672127	-0.505865	-0.406686	-0.406506	-0.502518	-0.679981	-0.896489	-1.10805	-1.29105	-1.44404	-1.54462	-1.57192	-1.51324	-1.37546	-1.1637	-0.903391	-0.633902	-0.395033	-0.208006	-0.0998601	-0.0630032	-0.0894943	-0.152802	-0.241171	-0.348028	-0.467366	-0.585226	-0.697704	-0.783512	-0.830561	-0.838293	-0.811542	-0.768731	-0.722659	-0.677904	-0.642336	-0.623674	-0.616876	-0.619227	-0.628047	-0.645596	-0.673657	-0.709858	-0.732708	-0.742518	-0.736387	-0.703949	-0.638485	-0.543518	-0.43726	-0.322565	-0.202587	-0.0776661	0.0360308	0.128542	0.206688	0.276487	0.341921	0.398301	0.439264	0.46481	0.488178	0.500071	0.489316	0.464078	0.4287	0.385575	0.330706	0.277565	0.226164	0.155565	0.076428	0	
0	-0.247608	-0.47993	-0.670036	-0.800484	-0.856222	-0.850406	-0.788733	-0.68026	-0.54021	-0.390474	-0.263083	-0.162434	-0.115759	-0.143643	-0.272212	-0.480019	-0.72921	-0.986722	-1.21457	-1.37999	-1.44839	-1.43379	-1.35992	-1.2524	-1.11742	-0.951809	-0.766208	-0.597662	-0.491333	-0.482066	-0.564638	-0.725338	-0.92852	-1.12605	-1.29078	-1.41738	-1.49441	-1.51324	-1.4585	-1.33097	-1.1312	-0.875683	-0.60941	-0.372195	-0.189644	-0.0892359	-0.0616294	-0.0978633	-0.17338	-0.268454	-0.373573	-0.484073	-0.588371	-0.676811	-0.726962	-0.736295	-0.701245	-0.632672	-0.554445	-0.486146	-0.424507	-0.372721	-0.330009	-0.295755	-0.278422	-0.277661	-0.292149	-0.325173	-0.371705	-0.395887	-0.400327	-0.393407	-0.36993	-0.322028	-0.254732	-0.178721	-0.0934199	-0.0033673	0.091856	0.171034	0.227225	0.274084	0.322691	0.374235	0.421298	0.458652	0.477432	0.48811	0.490236	0.473826	0.444023	0.406568	0.367295	0.318993	0.262608	0.203626	0.133398	0.0610735	0	
0	-0.253255	-0.48971	-0.69182	-0.835215	-0.913295	-0.924895	-0.876186	-0.772796	-0.628664	-0.477605	-0.348294	-0.25375	-0.209244	-0.235887	-0.362245	-0.569172	-0.816461	-1.06063	-1.26421	-1.40227	-1.45081	-1.42814	-1.35726	-1.25861	-1.13129	-0.969702	-0.785736	-0.611364	-0.497362	-0.472258	-0.540522	-0.686831	-0.87402	-1.05381	-1.197	-1.29519	-1.35815	-1.37546	-1.33097	-1.21664	-1.03118	-0.790038	-0.541048	-0.314245	-0.148699	-0.0645855	-0.0543477	-0.108394	-0.194561	-0.29177	-0.396675	-0.497334	-0.581765	-0.640858	-0.653641	-0.622095	-0.549651	-0.445461	-0.337924	-0.243504	-0.155287	-0.0753318	-0.00891259	0.0429764	0.0796084	0.0930238	0.0895038	0.0604074	0.0141409	-0.0105292	-0.0182843	-0.0211907	-0.0189496	0.000898669	0.0363045	0.0823986	0.127008	0.165416	0.210766	0.247732	0.269867	0.28663	0.313699	0.346126	0.376044	0.402675	0.410141	0.409166	0.398305	0.370638	0.342742	0.315026	0.28716	0.252725	0.202157	0.149411	0.0975673	0.0436471	0	
0	-0.241525	-0.469052	-0.664811	-0.814123	-0.902712	-0.92899	-0.891269	-0.795567	-0.656078	-0.508055	-0.379881	-0.288627	-0.24119	-0.263296	-0.380867	-0.579593	-0.816926	-1.03757	-1.21241	-1.32251	-1.35712	-1.33566	-1.27182	-1.18415	-1.06536	-0.912313	-0.732714	-0.55998	-0.435925	-0.399315	-0.453693	-0.58315	-0.746673	-0.898771	-1.0108	-1.09055	-1.14237	-1.1637	-1.1312	-1.03118	-0.861563	-0.645065	-0.415094	-0.20726	-0.066342	-0.00850771	-0.0259064	-0.10094	-0.199164	-0.305246	-0.412671	-0.501885	-0.563336	-0.583754	-0.551005	-0.484476	-0.386773	-0.261742	-0.127813	-0.00279256	0.114526	0.219973	0.303355	0.372661	0.42043	0.441445	0.446475	0.430265	0.394816	0.367207	0.351907	0.332194	0.313462	0.303229	0.302269	0.313813	0.311154	0.29189	0.27606	0.263744	0.25648	0.255463	0.264777	0.272424	0.278247	0.287075	0.284218	0.273731	0.255784	0.227849	0.203943	0.189606	0.176425	0.153943	0.118564	0.0824318	0.054526	0.0272904	0	
0	-0.215721	-0.418076	-0.593952	-0.733636	-0.822625	-0.855739	-0.827355	-0.743052	-0.615836	-0.475239	-0.351177	-0.258316	-0.207593	-0.223079	-0.32794	-0.514041	-0.72952	-0.923633	-1.0676	-1.15353	-1.18231	-1.16434	-1.11024	-1.03405	-0.926168	-0.78795	-0.621315	-0.454685	-0.333014	-0.29118	-0.336697	-0.448621	-0.581326	-0.696497	-0.782843	-0.842685	-0.88462	-0.903391	-0.875683	-0.790038	-0.645065	-0.455417	-0.254459	-0.0745176	0.0397425	0.0721738	0.0300964	-0.0650002	-0.183724	-0.309116	-0.422359	-0.497195	-0.525397	-0.502436	-0.433291	-0.336512	-0.215062	-0.0708369	0.0866324	0.233614	0.36747	0.48668	0.585108	0.66104	0.713121	0.73881	0.745934	0.733412	0.699419	0.67611	0.661328	0.634705	0.599316	0.558371	0.52333	0.492988	0.442421	0.374403	0.308643	0.25298	0.212181	0.186638	0.17306	0.159256	0.14397	0.131315	0.114802	0.101289	0.0953877	0.0857584	0.0758818	0.0708758	0.0624154	0.0518311	0.0366513	0.0228675	0.018367	0.01008	0	
