0	0	0	0	0	0	0	0	0	0	0	0	0	0	0	0	0	0	0	0	0	0	0	0	0	0	0	0	0	0	0	0	0	0	0	0	0	0	0	0	0	0	0	0	0	0	0	0	0	0	0	0	0	0	0	0	0	0	0	0	0	0	0	0	0	0	0	0	0	0	0	0	0	0	0	0	0	0	0	0	0	0	0	0	0	0	0	0	0	0	0	0	0	0	0	0	0	0	0	0	
0	0.000669291	0.00220635	0.00195007	0.0012382	-0.0052655	-0.0038532	-0.00106595	0.00303883	-0.00258902	-0.0020151	0.00788874	-0.00162189	-0.000688903	0.00357996	-0.000353869	-0.00278987	-0.000803673	0.00129791	-0.00217387	-0.00798148	0.000149104	-0.00190939	0.000278692	-0.0119295	-0.00356384	0.00173054	-0.000666554	-0.00798584	-0.0108359	-0.00449469	-0.00100389	0.0059071	-0.00842006	-0.0162444	-0.0218084	-0.00462713	0.00139182	0.00956859	0.00249811	-0.0140546	-0.0429295	-0.0671793	-0.0741037	-0.0639574	-0.0480112	-0.0128809	0.0242254	0.0767663	0.112242	0.133962	0.143703	0.139892	0.131591	0.107232	0.0675526	0.0155983	-0.0308421	-0.0696376	-0.0875448	-0.087561	-0.0773323	-0.0592024	-0.0456375	-0.0257254	-0.00997666	-0.00909641	-0.00664537	-0.000179763	0.00194814	-0.0032074	-0.0037434	-0.00161158	-0.0111893	-0.0205859	-0.0279252	-0.0470353	-0.0684932	-0.0822711	-0.0880523	-0.0815208	-0.0596198	-0.0160275	0.0444474	0.0933269	0.118218	0.134507	0.147156	0.14792	0.132824	0.0980649	0.0483714	0.00571496	-0.017929	-0.0363098	-0.0595557	-0.0747669	-0.0669454	-0.0381961	0	
0	0.00220635	-0.00389111	-0.00316065	0.00389741	-0.00149505	0.00474671	0.00174201	-0.00315163	-0.000562093	-0.00325736	-0.0003799	-0.00826538	-0.00492843	0.00464154	-0.00325102	-0.00871494	0.00299281	0.0021971	-0.000584644	-0.0073356	0.00285671	0.00459651	0.00249214	-0.0130589	-0.00154743	0.0082695	0.00414297	-0.0113256	-0.0122483	-0.00593207	0.00642555	0.0114013	-0.00838644	-0.0290793	-0.0322605	-0.00577228	0.00977604	0.0215981	0.00790929	-0.026127	-0.0829069	-0.130971	-0.143479	-0.129986	-0.0922468	-0.0324655	0.0483795	0.145561	0.217554	0.264761	0.284053	0.281483	0.267469	0.218398	0.135585	0.0370413	-0.0666144	-0.145331	-0.174174	-0.181023	-0.156603	-0.110823	-0.0814005	-0.0513614	-0.0293627	-0.018937	-0.006781	-0.00200871	-0.001866	-0.00411301	-0.00267701	-0.00499771	-0.0253659	-0.0408558	-0.0547775	-0.0931013	-0.136218	-0.163673	-0.174707	-0.161921	-0.117913	-0.0315047	0.0857368	0.18196	0.234512	0.268713	0.292928	0.293545	0.263399	0.19559	0.0997133	0.0160243	-0.0335087	-0.0724655	-0.11804	-0.146832	-0.131562	-0.0754938	0	
0	0.00195007	-0.00316065	-0.00628208	0.00516263	-0.00211663	-0.00136892	0.00111771	-0.00353873	-0.0001636	-0.00226662	0.00633074	-0.0033688	-0.00494151	0.00350604	-0.00207366	-0.00885624	0.000537274	-0.000149455	-0.00653715	-0.0096147	-0.00412267	0.00261967	-0.00608625	-0.0176634	-0.00819556	0.00608275	-0.00244181	-0.0187637	-0.0201139	-0.0120236	0.00492194	0.00616171	-0.0162142	-0.047321	-0.0440326	-0.0153574	0.0113079	0.0212494	0.00231448	-0.048819	-0.129664	-0.192777	-0.211813	-0.188056	-0.129244	-0.0395997	0.0846044	0.223256	0.328965	0.398989	0.422292	0.418922	0.391766	0.313202	0.194727	0.0463506	-0.10113	-0.20896	-0.257882	-0.262004	-0.226742	-0.169412	-0.123737	-0.0810698	-0.0449366	-0.0244238	-0.0114325	-0.00278543	-2.50389e-05	-0.00700565	-0.00808789	-0.00954908	-0.0334088	-0.0588606	-0.0867132	-0.140302	-0.198968	-0.240915	-0.259948	-0.241295	-0.173217	-0.0456875	0.120916	0.261779	0.346942	0.401798	0.435756	0.434757	0.389798	0.292284	0.156656	0.0347706	-0.0446307	-0.107913	-0.174098	-0.21353	-0.19141	-0.110711	0	
0	0.0012382	0.00389741	0.00516263	0.000374962	-0.00664788	-0.0073396	-8.75185e-05	0.000754224	-0.00227343	-0.000908359	-0.00165324	-0.00374055	-0.000162319	0.00161962	-0.00420039	-0.0055749	-0.0013339	3.26789e-05	-0.00822024	-0.00694341	-0.00459319	0.000352977	-0.00785577	-0.0166288	-0.00731992	0.00307552	-0.00621539	-0.0202589	-0.0226493	-0.0115374	0.00200071	0.00279766	-0.0253686	-0.0541204	-0.0500773	-0.0176936	0.0129399	0.0197601	-0.00560166	-0.0753073	-0.171847	-0.247308	-0.271811	-0.23598	-0.161377	-0.0382849	0.123804	0.294873	0.438321	0.520992	0.556024	0.552987	0.506076	0.40613	0.250116	0.0529387	-0.131025	-0.267685	-0.340917	-0.342054	-0.2964	-0.233378	-0.165864	-0.0997401	-0.05482	-0.0335085	-0.0184496	-0.00792286	-0.00335663	-0.00357092	-0.00711437	-0.0194791	-0.0449673	-0.074766	-0.118363	-0.186441	-0.258184	-0.314572	-0.341898	-0.317156	-0.224353	-0.0595478	0.147536	0.330391	0.453588	0.531846	0.573723	0.569797	0.510716	0.388257	0.221118	0.0644185	-0.0495749	-0.141356	-0.225859	-0.272253	-0.243874	-0.142197	0	
0	-0.0052655	-0.00149505	-0.00211663	-0.00664788	0.0064877	0.00494791	-0.00119866	-0.00153795	-0.00561867	-0.00134598	-0.00635919	-0.00310557	-0.00326443	-0.0068904	-0.00498336	-0.00179412	-0.0042609	-0.00349021	-0.00662416	-0.00240308	-0.00470272	-0.00279345	-0.0082349	-0.0106772	-0.00529875	-0.00224702	-0.0089231	-0.0189828	-0.019769	-0.0104231	-0.00089583	-0.00517834	-0.0317271	-0.0550584	-0.0483305	-0.0181247	0.0126942	0.0129696	-0.0214188	-0.107502	-0.212944	-0.296924	-0.321995	-0.278658	-0.183184	-0.0307456	0.166751	0.366856	0.540564	0.640273	0.686709	0.682102	0.61739	0.492284	0.294946	0.0569519	-0.166059	-0.333328	-0.418785	-0.416687	-0.362078	-0.282042	-0.194285	-0.127631	-0.0822559	-0.0440357	-0.0174322	-0.00792206	-0.00477929	-0.00397002	-0.0128916	-0.0282727	-0.0509017	-0.09199	-0.153377	-0.229677	-0.312451	-0.384538	-0.419239	-0.38721	-0.270608	-0.0745405	0.1643	0.386936	0.552207	0.655799	0.704639	0.697375	0.625647	0.484008	0.293927	0.10568	-0.0470102	-0.170539	-0.270811	-0.320441	-0.286169	-0.167833	0	
0	-0.0038532	0.00474671	-0.00136892	-0.0073396	0.00494791	-0.00102345	-0.00954569	0.000474285	0.000314937	-0.0023694	-0.00289768	0.000959614	-0.00302355	-0.00884411	-0.00135887	-0.00152544	-0.00957304	-0.00934553	-0.00558404	-0.00540478	-0.0102504	-0.0119712	-0.0122798	-0.00770123	-0.0108838	-0.0133991	-0.0166437	-0.0194008	-0.0193657	-0.0145717	-0.0108646	-0.022159	-0.04011	-0.0560962	-0.0468143	-0.0235161	0.00141034	-0.00547179	-0.0538015	-0.147873	-0.257088	-0.340764	-0.361168	-0.309738	-0.188071	-0.00578701	0.220207	0.450508	0.640293	0.759715	0.81157	0.795693	0.71345	0.556088	0.322375	0.0546203	-0.196953	-0.386569	-0.481348	-0.480215	-0.426513	-0.335707	-0.231036	-0.157661	-0.0977865	-0.0458842	-0.0225864	-0.0146711	-0.00645529	-0.00405661	-0.0172088	-0.0346644	-0.0585257	-0.112208	-0.18722	-0.26956	-0.363453	-0.449709	-0.489806	-0.449934	-0.312104	-0.0918813	0.171416	0.43164	0.640065	0.769769	0.826196	0.816686	0.734906	0.580202	0.374502	0.157502	-0.0358487	-0.19222	-0.305784	-0.35553	-0.315453	-0.18525	0	
0	-0.00106595	0.00174201	0.00111771	-8.75185e-05	-0.00119866	-0.00954569	-0.00481775	0.00337883	-0.000271365	-0.00436329	-0.0076791	0.00200859	-0.00393466	-0.00886443	-0.00153388	-0.00250903	-0.0113304	-0.00925576	-0.00345102	-0.00551458	-0.0119046	-0.0161421	-0.0101245	-0.00298278	-0.0143844	-0.0221633	-0.0194375	-0.0155595	-0.0165473	-0.0170109	-0.0234665	-0.0360138	-0.0448997	-0.0479078	-0.0415591	-0.0267746	-0.0128205	-0.030999	-0.0908411	-0.190665	-0.293949	-0.373274	-0.387104	-0.324878	-0.179739	0.0289218	0.279613	0.526775	0.735156	0.868464	0.925091	0.902494	0.796195	0.609054	0.344602	0.0478298	-0.229745	-0.433447	-0.53823	-0.544141	-0.481161	-0.381874	-0.274157	-0.183007	-0.10474	-0.0549442	-0.034159	-0.018765	-0.00673907	-0.00386852	-0.0196504	-0.0429103	-0.0709158	-0.131538	-0.216253	-0.307824	-0.413176	-0.509255	-0.551398	-0.50356	-0.349464	-0.112665	0.17044	0.465473	0.714057	0.869499	0.936145	0.927395	0.839421	0.677208	0.460738	0.217479	-0.0150266	-0.202408	-0.327076	-0.374871	-0.329031	-0.192239	0	
0	0.00303883	-0.00315163	-0.00353873	0.000754224	-0.00153795	0.000474285	0.00337883	-0.00406856	-0.00843949	-0.00797234	-0.00600738	0.00150451	-0.00901417	-0.0122451	0.00129399	-0.00421581	-0.0105433	-0.00836073	-0.00273889	-0.00431254	-0.01424	-0.0167413	-0.00700887	-0.00106506	-0.0189499	-0.0290176	-0.0185886	-0.0122105	-0.0131969	-0.0232667	-0.0361069	-0.0490007	-0.0429203	-0.0374406	-0.0339237	-0.0330429	-0.0328533	-0.0647903	-0.135539	-0.23213	-0.326529	-0.392965	-0.399646	-0.323348	-0.155051	0.0744062	0.344342	0.602103	0.822729	0.969762	1.02718	0.994044	0.866291	0.64642	0.358401	0.0393366	-0.261306	-0.47578	-0.591763	-0.603492	-0.531011	-0.421562	-0.303996	-0.203854	-0.125865	-0.0736433	-0.0400585	-0.0147004	-0.00483196	-0.010086	-0.0276679	-0.0478338	-0.0803656	-0.152197	-0.245388	-0.344199	-0.459281	-0.562314	-0.603371	-0.547678	-0.383627	-0.136437	0.164262	0.489113	0.770788	0.951194	1.03266	1.02949	0.94018	0.774534	0.549243	0.282639	0.0166674	-0.196836	-0.330687	-0.375675	-0.324652	-0.187266	0	
0	-0.00258902	-0.000562093	-0.0001636	-0.00227343	-0.00561867	0.000314937	-0.000271365	-0.00843949	-0.00242426	0.00196311	-0.00137234	-0.00793592	-0.00888395	-0.00535622	-0.00290129	-0.0122129	-0.0131563	-0.0101029	-0.00653425	-0.0119472	-0.0184478	-0.0191828	-0.00666361	-0.00751838	-0.0262744	-0.0333792	-0.0187036	-0.011187	-0.0157297	-0.0334447	-0.0517654	-0.0583904	-0.0406133	-0.0283095	-0.0340822	-0.0466286	-0.0675763	-0.111454	-0.191736	-0.277145	-0.357154	-0.40662	-0.399971	-0.305824	-0.116201	0.135451	0.413698	0.684282	0.91018	1.06664	1.1221	1.0701	0.914751	0.665538	0.354388	0.0182638	-0.286224	-0.510023	-0.631463	-0.642368	-0.574176	-0.466676	-0.341739	-0.227381	-0.142869	-0.0845508	-0.0397864	-0.0155648	-0.0152942	-0.0178459	-0.0242707	-0.0496996	-0.0990482	-0.174681	-0.268159	-0.378647	-0.504344	-0.607846	-0.644023	-0.583402	-0.41566	-0.160701	0.156118	0.502183	0.807343	1.01245	1.11453	1.1229	1.03744	0.870382	0.636027	0.350414	0.0605998	-0.171606	-0.312648	-0.355068	-0.300827	-0.169921	0	
0	-0.0020151	-0.00325736	-0.00226662	-0.000908359	-0.00134598	-0.0023694	-0.00436329	-0.00797234	0.00196311	-0.00134666	-0.00875498	-0.00868214	-0.00193033	-0.00214062	-0.0134515	-0.00967164	-0.00829711	-0.00805854	-0.0115585	-0.0151479	-0.01762	-0.015176	-0.0102129	-0.0153294	-0.0319501	-0.0307977	-0.0206901	-0.0115952	-0.0245825	-0.044325	-0.0661129	-0.0603635	-0.0362501	-0.0218556	-0.0376337	-0.0675408	-0.106613	-0.166019	-0.243112	-0.315949	-0.373387	-0.40336	-0.379835	-0.264861	-0.0596765	0.205954	0.487258	0.760139	0.989112	1.14957	1.1957	1.12865	0.94435	0.672206	0.346149	-0.000257589	-0.308176	-0.539156	-0.663314	-0.681445	-0.613168	-0.499789	-0.374199	-0.253957	-0.161215	-0.092208	-0.0442026	-0.0248299	-0.0196956	-0.0144856	-0.0245103	-0.0633014	-0.118216	-0.188108	-0.288829	-0.416747	-0.54595	-0.643036	-0.674928	-0.613108	-0.444346	-0.18165	0.147687	0.503466	0.82258	1.05277	1.18104	1.20699	1.12992	0.961583	0.717515	0.419486	0.118098	-0.123841	-0.269445	-0.31036	-0.257114	-0.141114	0	
0	0.00788874	-0.0003799	0.00633074	-0.00165324	-0.00635919	-0.00289768	-0.0076791	-0.00600738	-0.00137234	-0.00875498	-0.0130507	-0.00491655	-0.0013133	-0.00653718	-0.0148648	-0.00520866	-0.00233061	-0.0112485	-0.014029	-0.0147777	-0.012191	-0.0114278	-0.0167717	-0.0231131	-0.0295086	-0.0261461	-0.0208203	-0.0175375	-0.0331676	-0.056247	-0.0705662	-0.0567681	-0.0292843	-0.0209684	-0.0467274	-0.0950922	-0.153135	-0.222299	-0.291182	-0.344843	-0.377879	-0.385534	-0.33884	-0.206582	0.0134856	0.281848	0.563348	0.832335	1.06081	1.21673	1.25228	1.16273	0.955182	0.666256	0.328235	-0.0127985	-0.323726	-0.557695	-0.685167	-0.717007	-0.651378	-0.536388	-0.402628	-0.27246	-0.176562	-0.101638	-0.0544658	-0.033587	-0.0183152	-0.0144233	-0.0324386	-0.0744606	-0.129078	-0.202019	-0.316103	-0.453348	-0.57809	-0.669982	-0.700257	-0.637405	-0.466558	-0.196247	0.138697	0.492084	0.817832	1.07356	1.23182	1.28001	1.21427	1.04408	0.791626	0.490194	0.190117	-0.0521382	-0.198546	-0.239598	-0.194285	-0.102882	0	
0	-0.00162189	-0.00826538	-0.0033688	-0.00374055	-0.00310557	0.000959614	0.00200859	0.00150451	-0.00793592	-0.00868214	-0.00491655	-0.00698509	-0.00827369	-0.0141708	-0.0180225	-0.00829376	-0.00916351	-0.0199132	-0.0197752	-0.0166107	-0.010095	-0.015713	-0.0265982	-0.028927	-0.0224218	-0.0225777	-0.023478	-0.0269881	-0.0430668	-0.0633295	-0.0670508	-0.0480367	-0.027141	-0.0277336	-0.0672809	-0.132537	-0.209787	-0.281656	-0.337209	-0.369467	-0.376191	-0.359239	-0.286142	-0.136539	0.0908534	0.360573	0.63661	0.90293	1.12831	1.27421	1.29745	1.1837	0.954104	0.649756	0.305761	-0.0354229	-0.341587	-0.574001	-0.706791	-0.73701	-0.674845	-0.563061	-0.428134	-0.298179	-0.194017	-0.116456	-0.0675628	-0.0309797	-0.0141781	-0.0231994	-0.0417572	-0.0805217	-0.139139	-0.220301	-0.343938	-0.48351	-0.603818	-0.692779	-0.720713	-0.654995	-0.479715	-0.203499	0.127556	0.468633	0.797105	1.07771	1.26643	1.33864	1.28526	1.11399	0.858446	0.564289	0.276938	0.0432772	-0.0990337	-0.142364	-0.114299	-0.0578071	0	
0	-0.000688903	-0.00492843	-0.00494151	-0.000162319	-0.00326443	-0.00302355	-0.00393466	-0.00901417	-0.00888395	-0.00193033	-0.0013133	-0.00827369	-0.00536883	-0.0129947	-0.0120443	-0.00408236	-0.0123257	-0.0216357	-0.0202782	-0.0147073	-0.0112993	-0.025578	-0.0368563	-0.0319184	-0.0191913	-0.0265422	-0.0361068	-0.0439006	-0.058879	-0.0686662	-0.063296	-0.044934	-0.0377272	-0.0491335	-0.101996	-0.181648	-0.27129	-0.335427	-0.372713	-0.37678	-0.357865	-0.30675	-0.209041	-0.0415883	0.184883	0.449535	0.715411	0.97225	1.18431	1.31211	1.31428	1.17539	0.93143	0.616914	0.279363	-0.0516824	-0.348801	-0.576938	-0.713489	-0.751107	-0.69974	-0.589285	-0.456059	-0.325152	-0.212073	-0.127522	-0.0686118	-0.0313712	-0.0231929	-0.0303203	-0.0453893	-0.0865405	-0.150011	-0.241041	-0.370848	-0.507195	-0.624719	-0.713168	-0.737177	-0.664378	-0.481546	-0.204885	0.111909	0.43631	0.766806	1.0686	1.28371	1.37812	1.33692	1.16877	0.920087	0.64411	0.378058	0.160687	0.0277177	-0.0206073	-0.0201018	-0.00822503	0	
0	0.00357996	0.00464154	0.00350604	0.00161962	-0.0068904	-0.00884411	-0.00886443	-0.0122451	-0.00535622	-0.00214062	-0.00653718	-0.0141708	-0.0129947	-0.00725844	-0.00506558	-0.0086318	-0.018468	-0.0184484	-0.0140964	-0.0118947	-0.0155735	-0.031378	-0.0373548	-0.0251367	-0.0154291	-0.0303197	-0.0468176	-0.0566561	-0.0645876	-0.0621256	-0.0510437	-0.043394	-0.052053	-0.0775155	-0.141456	-0.233803	-0.325094	-0.376625	-0.390261	-0.368947	-0.320256	-0.237474	-0.114222	0.0607774	0.282207	0.533613	0.78792	1.02993	1.22258	1.32881	1.30639	1.15071	0.895787	0.583661	0.255831	-0.0615332	-0.346162	-0.575537	-0.714588	-0.764448	-0.725367	-0.615995	-0.483934	-0.343728	-0.222494	-0.136101	-0.0737589	-0.0407889	-0.0323371	-0.0336071	-0.0479634	-0.0890809	-0.163072	-0.267725	-0.392754	-0.522448	-0.644914	-0.733825	-0.747895	-0.66243	-0.473078	-0.205276	0.0914832	0.401949	0.73375	1.04844	1.28176	1.39348	1.3644	1.20801	0.979654	0.73151	0.492301	0.297106	0.177485	0.120829	0.0847066	0.0444238	0	
0	-0.000353869	-0.00325102	-0.00207366	-0.00420039	-0.00498336	-0.00135887	-0.00153388	0.00129399	-0.00290129	-0.0134515	-0.0148648	-0.0180225	-0.0120443	-0.00506558	-0.0156726	-0.025059	-0.0210129	-0.0134938	-0.0145902	-0.0187238	-0.024359	-0.0339014	-0.0313732	-0.0191458	-0.0178432	-0.0372832	-0.0573743	-0.06438	-0.0616567	-0.0484361	-0.0409793	-0.0500481	-0.0763461	-0.116139	-0.190347	-0.288502	-0.372076	-0.405658	-0.394944	-0.348258	-0.2687	-0.154548	-0.0116323	0.166134	0.375003	0.613359	0.852272	1.07685	1.24664	1.32707	1.28412	1.11604	0.857689	0.551647	0.235844	-0.0714101	-0.347538	-0.574476	-0.720479	-0.774608	-0.738197	-0.633879	-0.500268	-0.358558	-0.238943	-0.150105	-0.0891522	-0.0521613	-0.0288858	-0.0286669	-0.0515653	-0.100594	-0.185247	-0.286675	-0.401186	-0.539288	-0.671436	-0.750423	-0.747546	-0.649956	-0.460789	-0.208642	0.0711328	0.373565	0.702015	1.01783	1.25903	1.3812	1.36563	1.2334	1.03973	0.826921	0.617937	0.448367	0.343044	0.274322	0.196152	0.0997106	0	
0	-0.00278987	-0.00871494	-0.00885624	-0.0055749	-0.00179412	-0.00152544	-0.00250903	-0.00421581	-0.0122129	-0.00967164	-0.00520866	-0.00829376	-0.00408236	-0.0086318	-0.025059	-0.0243099	-0.0122331	-0.0132716	-0.0249893	-0.0300866	-0.0349523	-0.0353872	-0.0293848	-0.0275785	-0.0335959	-0.055464	-0.072579	-0.0746543	-0.0593067	-0.0440243	-0.0485726	-0.0768189	-0.119958	-0.172792	-0.253388	-0.346284	-0.412432	-0.423322	-0.38667	-0.311587	-0.19815	-0.053815	0.104771	0.280061	0.476109	0.697375	0.920333	1.11699	1.25851	1.30529	1.24066	1.06246	0.804684	0.51085	0.209988	-0.0790698	-0.342998	-0.563998	-0.710994	-0.772819	-0.746193	-0.649033	-0.520644	-0.383951	-0.261514	-0.164188	-0.0933546	-0.0472579	-0.0269898	-0.0366905	-0.063307	-0.114084	-0.196402	-0.292069	-0.415388	-0.567449	-0.693271	-0.754698	-0.738967	-0.6342	-0.450347	-0.212904	0.0585514	0.355607	0.671994	0.9771	1.21532	1.3408	1.34252	1.24799	1.10094	0.928814	0.75252	0.608961	0.514695	0.430398	0.309969	0.1576	0	
0	-0.000803673	0.00299281	0.000537274	-0.0013339	-0.0042609	-0.00957304	-0.0113304	-0.0105433	-0.0131563	-0.00829711	-0.00233061	-0.00916351	-0.0123257	-0.018468	-0.0210129	-0.0122331	-0.0094909	-0.0189941	-0.0285173	-0.0330187	-0.0331978	-0.0252685	-0.0255001	-0.0359465	-0.0470767	-0.0636862	-0.0760784	-0.0695796	-0.0477211	-0.0407888	-0.0622412	-0.109564	-0.166012	-0.23119	-0.308904	-0.386717	-0.428204	-0.415399	-0.3532	-0.248094	-0.103505	0.0632588	0.228652	0.393356	0.572683	0.773191	0.970625	1.13681	1.2405	1.25825	1.17696	0.996623	0.751322	0.474764	0.193884	-0.0772993	-0.327763	-0.546716	-0.699409	-0.769618	-0.759647	-0.671781	-0.543336	-0.403394	-0.271535	-0.168676	-0.096711	-0.0516837	-0.0354533	-0.0456047	-0.0712305	-0.119085	-0.197965	-0.304187	-0.442664	-0.590626	-0.70133	-0.753126	-0.728999	-0.619373	-0.442421	-0.21215	0.058954	0.347244	0.642293	0.927284	1.15239	1.27617	1.30112	1.25477	1.16118	1.03364	0.892277	0.771719	0.681542	0.57927	0.42142	0.217263	0	
0	0.00129791	0.0021971	-0.000149455	3.26789e-05	-0.00349021	-0.00934553	-0.00925576	-0.00836073	-0.0101029	-0.00805854	-0.0112485	-0.0199132	-0.0216357	-0.0184484	-0.0134938	-0.0132716	-0.0189941	-0.0235894	-0.0317413	-0.0344871	-0.0260826	-0.0186299	-0.0306785	-0.0512935	-0.0577579	-0.0671791	-0.0715549	-0.0585652	-0.0410351	-0.0497072	-0.0911478	-0.15146	-0.222386	-0.291131	-0.359297	-0.410277	-0.426534	-0.388955	-0.300823	-0.165522	0.0052545	0.185879	0.348809	0.501334	0.659998	0.837315	1.00458	1.13248	1.20198	1.19184	1.10311	0.931363	0.703537	0.448542	0.188085	-0.0699049	-0.314782	-0.532422	-0.693607	-0.773825	-0.767471	-0.68281	-0.557605	-0.416125	-0.281635	-0.17761	-0.104932	-0.062125	-0.0439154	-0.0473915	-0.0710382	-0.119886	-0.207429	-0.327884	-0.464672	-0.599716	-0.705288	-0.752047	-0.718572	-0.607885	-0.434154	-0.199831	0.0720724	0.34385	0.611693	0.870218	1.0748	1.19637	1.25013	1.25524	1.21601	1.13607	1.03109	0.927676	0.833267	0.712453	0.524983	0.275905	0	
0	-0.00217387	-0.000584644	-0.00653715	-0.00822024	-0.00662416	-0.00558404	-0.00345102	-0.00273889	-0.00653425	-0.0115585	-0.014029	-0.0197752	-0.0202782	-0.0140964	-0.0145902	-0.0249893	-0.0285173	-0.0317413	-0.0393103	-0.0335313	-0.0240141	-0.0259459	-0.0511986	-0.067361	-0.0673031	-0.0669939	-0.0642782	-0.0522636	-0.0488632	-0.0791091	-0.134116	-0.20804	-0.285023	-0.35319	-0.39682	-0.420543	-0.407889	-0.347787	-0.230968	-0.0679476	0.12119	0.306769	0.463273	0.600732	0.741595	0.88974	1.02434	1.11334	1.14748	1.11929	1.0259	0.866617	0.658173	0.421843	0.178352	-0.0656432	-0.301841	-0.517687	-0.680616	-0.766871	-0.771586	-0.693228	-0.567791	-0.427903	-0.296162	-0.19174	-0.116098	-0.0678542	-0.0426894	-0.0447573	-0.0733292	-0.128343	-0.223415	-0.345659	-0.475209	-0.606436	-0.709978	-0.748712	-0.711361	-0.600616	-0.417489	-0.173348	0.0910414	0.340315	0.58018	0.808763	0.991082	1.11443	1.19798	1.2489	1.26023	1.22918	1.15962	1.06652	0.961746	0.823739	0.614233	0.328404	0	
0	-0.00798148	-0.0073356	-0.0096147	-0.00694341	-0.00240308	-0.00540478	-0.00551458	-0.00431254	-0.0119472	-0.0151479	-0.0147777	-0.0166107	-0.0147073	-0.0118947	-0.0187238	-0.0300866	-0.0330187	-0.0344871	-0.0335313	-0.0259879	-0.0276342	-0.0454057	-0.0669439	-0.0760766	-0.0688393	-0.0621116	-0.0562239	-0.0567037	-0.0757554	-0.123383	-0.189755	-0.270056	-0.349162	-0.400207	-0.416093	-0.406275	-0.368577	-0.280595	-0.136024	0.0495007	0.248346	0.429584	0.576215	0.697774	0.813396	0.929223	1.02144	1.07015	1.07465	1.03069	0.943899	0.802315	0.615324	0.401901	0.175283	-0.0585533	-0.286675	-0.499617	-0.667785	-0.757917	-0.767957	-0.699963	-0.582708	-0.44629	-0.311562	-0.201238	-0.120975	-0.0682581	-0.0412958	-0.0461107	-0.0795598	-0.139348	-0.236239	-0.355861	-0.482479	-0.611967	-0.712001	-0.749326	-0.711168	-0.58729	-0.385625	-0.140682	0.106777	0.334883	0.548724	0.747923	0.913824	1.04346	1.14995	1.23449	1.28946	1.30429	1.26541	1.17779	1.0617	0.909043	0.682322	0.36832	0	
0	0.000149104	0.00285671	-0.00412267	-0.00459319	-0.00470272	-0.0102504	-0.0119046	-0.01424	-0.0184478	-0.01762	-0.012191	-0.010095	-0.0112993	-0.0155735	-0.024359	-0.0349523	-0.0331978	-0.0260826	-0.0240141	-0.0276342	-0.0473237	-0.0613871	-0.0737133	-0.0751248	-0.0652857	-0.0526009	-0.0547327	-0.077338	-0.118142	-0.177839	-0.250008	-0.333067	-0.400057	-0.427282	-0.408712	-0.371243	-0.304002	-0.19001	-0.0195995	0.17859	0.375727	0.548458	0.681326	0.784273	0.871562	0.945567	0.996597	1.00591	0.986346	0.937982	0.859797	0.73984	0.577523	0.384054	0.175497	-0.0434702	-0.265648	-0.476754	-0.6486	-0.750797	-0.77365	-0.711665	-0.595294	-0.459484	-0.322992	-0.207624	-0.122103	-0.0675273	-0.0425742	-0.050758	-0.0887504	-0.15007	-0.242598	-0.359086	-0.486591	-0.617477	-0.7202	-0.757364	-0.704751	-0.557521	-0.347337	-0.114574	0.11666	0.32853	0.518858	0.696538	0.856617	0.991749	1.10789	1.21202	1.30033	1.35094	1.3349	1.2525	1.1298	0.965272	0.723248	0.390145	0	
0	-0.00190939	0.00459651	0.00261967	0.000352977	-0.00279345	-0.0119712	-0.0161421	-0.0167413	-0.0191828	-0.015176	-0.0114278	-0.015713	-0.025578	-0.031378	-0.0339014	-0.0353872	-0.0252685	-0.0186299	-0.0259459	-0.0454057	-0.0613871	-0.0648963	-0.0674579	-0.0672014	-0.0525724	-0.0443207	-0.0655768	-0.113218	-0.168155	-0.234432	-0.308559	-0.383578	-0.428271	-0.423622	-0.375933	-0.308564	-0.214884	-0.0734792	0.11154	0.310838	0.498056	0.655126	0.772892	0.850035	0.901152	0.931758	0.939157	0.919871	0.887451	0.84363	0.786261	0.691501	0.553445	0.381341	0.184616	-0.0286088	-0.247002	-0.460496	-0.638869	-0.745619	-0.774526	-0.720902	-0.608338	-0.469183	-0.326544	-0.208336	-0.123	-0.0708303	-0.0504026	-0.0605	-0.0954815	-0.150549	-0.239515	-0.36035	-0.495439	-0.631739	-0.733808	-0.756556	-0.680595	-0.521443	-0.318184	-0.097843	0.12332	0.321305	0.495584	0.666667	0.82801	0.960466	1.07242	1.18321	1.28917	1.35843	1.35691	1.28406	1.16264	0.989113	0.733582	0.391753	0	
0	0.000278692	0.00249214	-0.00608625	-0.00785577	-0.0082349	-0.0122798	-0.0101245	-0.00700887	-0.00666361	-0.0102129	-0.0167717	-0.0265982	-0.0368563	-0.0373548	-0.0313732	-0.0293848	-0.0255001	-0.0306785	-0.0511986	-0.0669439	-0.0737133	-0.0674579	-0.0678499	-0.0622387	-0.0517777	-0.0599959	-0.106871	-0.170236	-0.232836	-0.300641	-0.369745	-0.424	-0.437517	-0.402895	-0.326565	-0.232197	-0.108508	0.0511198	0.242302	0.4326	0.605189	0.748209	0.845722	0.895546	0.90687	0.894263	0.868568	0.828472	0.794163	0.763002	0.724445	0.653873	0.536858	0.377768	0.192356	-0.0150238	-0.234011	-0.447511	-0.630589	-0.74468	-0.776942	-0.722771	-0.607304	-0.469265	-0.330686	-0.214673	-0.13254	-0.0831089	-0.0582206	-0.0591972	-0.0889757	-0.144602	-0.239581	-0.370962	-0.513498	-0.647014	-0.734739	-0.737841	-0.651232	-0.495791	-0.300288	-0.0859804	0.12664	0.315866	0.489944	0.667034	0.826977	0.946527	1.04503	1.149	1.25105	1.31925	1.32589	1.26796	1.15493	0.976841	0.71376	0.375518	0	
0	-0.0119295	-0.0130589	-0.0176634	-0.0166288	-0.0106772	-0.00770123	-0.00298278	-0.00106506	-0.00751838	-0.0153294	-0.0231131	-0.028927	-0.0319184	-0.0251367	-0.0191458	-0.0275785	-0.0359465	-0.0512935	-0.067361	-0.0760766	-0.0751248	-0.0672014	-0.0622387	-0.0605611	-0.0675511	-0.102422	-0.165933	-0.237556	-0.30166	-0.366946	-0.417164	-0.440801	-0.420969	-0.358538	-0.255528	-0.130384	0.0168133	0.188062	0.372522	0.549461	0.706504	0.83121	0.906431	0.919821	0.890567	0.838689	0.786007	0.737363	0.707791	0.691502	0.673964	0.62223	0.520096	0.373235	0.192172	-0.0110278	-0.224744	-0.436184	-0.616602	-0.729199	-0.765008	-0.718714	-0.611676	-0.47892	-0.343314	-0.22891	-0.142447	-0.0835704	-0.0515044	-0.0498733	-0.0821909	-0.14622	-0.251585	-0.388515	-0.526422	-0.646407	-0.719713	-0.71616	-0.632161	-0.481142	-0.288196	-0.0792666	0.128274	0.323572	0.512091	0.695524	0.845915	0.947341	1.026	1.10627	1.18155	1.23265	1.24254	1.20071	1.09997	0.925572	0.667848	0.347067	0	
0	-0.00356384	-0.00154743	-0.00819556	-0.00731992	-0.00529875	-0.0108838	-0.0143844	-0.0189499	-0.0262744	-0.0319501	-0.0295086	-0.0224218	-0.0191913	-0.0154291	-0.0178432	-0.0335959	-0.0470767	-0.0577579	-0.0673031	-0.0688393	-0.0652857	-0.0525724	-0.0517777	-0.0675511	-0.10297	-0.155498	-0.226973	-0.299556	-0.362886	-0.411834	-0.432628	-0.420446	-0.371221	-0.282714	-0.150775	0.000998957	0.164978	0.332955	0.504929	0.663912	0.80282	0.905038	0.946479	0.920158	0.847256	0.761982	0.69144	0.640052	0.620378	0.621217	0.621511	0.589347	0.504151	0.369012	0.200629	0.00537231	-0.204471	-0.413152	-0.598376	-0.719152	-0.763322	-0.724955	-0.622282	-0.492635	-0.355178	-0.232092	-0.138055	-0.0751229	-0.0415386	-0.0445475	-0.0876944	-0.159989	-0.264691	-0.394525	-0.522702	-0.633988	-0.704301	-0.703282	-0.622272	-0.472785	-0.282854	-0.0759383	0.14085	0.356675	0.560242	0.741641	0.878339	0.960493	1.00995	1.04838	1.08058	1.10518	1.1115	1.0799	0.992849	0.835126	0.601398	0.312041	0	
0	0.00173054	0.0082695	0.00608275	0.00307552	-0.00224702	-0.0133991	-0.0221633	-0.0290176	-0.0333792	-0.0307977	-0.0261461	-0.0225777	-0.0265422	-0.0303197	-0.0372832	-0.055464	-0.0636862	-0.0671791	-0.0669939	-0.0621116	-0.0526009	-0.0443207	-0.0599959	-0.102422	-0.155498	-0.21537	-0.28635	-0.358173	-0.407269	-0.428486	-0.412748	-0.369973	-0.294512	-0.179996	-0.0219893	0.148412	0.31241	0.468052	0.619404	0.758861	0.873878	0.943967	0.946706	0.876563	0.769124	0.661582	0.586946	0.545605	0.54439	0.566343	0.588816	0.5748	0.503513	0.379545	0.214618	0.0219911	-0.188141	-0.400942	-0.590218	-0.717864	-0.768325	-0.733876	-0.631798	-0.496228	-0.351621	-0.224734	-0.128387	-0.0680854	-0.043908	-0.0545069	-0.0980106	-0.165741	-0.263891	-0.387658	-0.511773	-0.622163	-0.695085	-0.697685	-0.619596	-0.472508	-0.280875	-0.0613781	0.178171	0.413882	0.622606	0.796863	0.92026	0.978179	0.985501	0.970411	0.954168	0.946784	0.938384	0.906627	0.834777	0.708979	0.518377	0.272751	0	
0	-0.000666554	0.00414297	-0.00244181	-0.00621539	-0.0089231	-0.0166437	-0.0194375	-0.0185886	-0.0187036	-0.0206901	-0.0208203	-0.023478	-0.0361068	-0.0468176	-0.0573743	-0.072579	-0.0760784	-0.0715549	-0.0642782	-0.0562239	-0.0547327	-0.0655768	-0.106871	-0.165933	-0.226973	-0.28635	-0.356058	-0.414287	-0.436752	-0.421225	-0.373547	-0.303641	-0.202368	-0.0615885	0.116696	0.291283	0.445922	0.582102	0.714697	0.831668	0.918495	0.951895	0.913363	0.80839	0.676836	0.563	0.495657	0.471828	0.490553	0.533038	0.571083	0.570109	0.507663	0.38656	0.224102	0.0295002	-0.183429	-0.398507	-0.591676	-0.719476	-0.768797	-0.732135	-0.625093	-0.487913	-0.344267	-0.219671	-0.13015	-0.0759287	-0.0513467	-0.05835	-0.0985168	-0.161712	-0.254364	-0.375261	-0.500334	-0.614481	-0.692992	-0.701096	-0.625516	-0.4734	-0.265279	-0.0216572	0.23837	0.482826	0.690224	0.857159	0.963141	0.985699	0.942126	0.873479	0.810729	0.765443	0.729636	0.68903	0.635344	0.553471	0.41927	0.227043	0	
0	-0.00798584	-0.0113256	-0.0187637	-0.0202589	-0.0189828	-0.0194008	-0.0155595	-0.0122105	-0.011187	-0.0115952	-0.0175375	-0.0269881	-0.0439006	-0.0566561	-0.06438	-0.0746543	-0.0695796	-0.0585652	-0.0522636	-0.0567037	-0.077338	-0.113218	-0.170236	-0.237556	-0.299556	-0.358173	-0.414287	-0.446295	-0.432306	-0.384196	-0.309003	-0.213169	-0.0849184	0.0777665	0.26304	0.4307	0.567695	0.685877	0.797309	0.888927	0.940779	0.933932	0.858605	0.726942	0.585495	0.475027	0.422502	0.416309	0.453488	0.509093	0.55786	0.563079	0.503265	0.384601	0.221526	0.0285754	-0.182675	-0.394819	-0.583913	-0.711046	-0.758532	-0.721467	-0.618151	-0.484386	-0.345081	-0.224839	-0.135322	-0.079533	-0.0539501	-0.0569398	-0.0904133	-0.148416	-0.239336	-0.362399	-0.493307	-0.615641	-0.701778	-0.711997	-0.628235	-0.45669	-0.223815	0.0395093	0.308767	0.555071	0.759647	0.914107	0.990953	0.969343	0.876927	0.762299	0.655126	0.565825	0.49522	0.443606	0.410625	0.376108	0.30216	0.170422	0	
0	-0.0108359	-0.0122483	-0.0201139	-0.0226493	-0.019769	-0.0193657	-0.0165473	-0.0131969	-0.0157297	-0.0245825	-0.0331676	-0.0430668	-0.058879	-0.0645876	-0.0616567	-0.0593067	-0.0477211	-0.0410351	-0.0488632	-0.0757554	-0.118142	-0.168155	-0.232836	-0.30166	-0.362886	-0.407269	-0.436752	-0.432306	-0.385599	-0.310004	-0.209019	-0.0862027	0.0654042	0.236915	0.416429	0.566771	0.685357	0.782458	0.869062	0.925943	0.936465	0.888572	0.781696	0.634019	0.491503	0.392102	0.355345	0.367405	0.417968	0.485957	0.541985	0.552856	0.49815	0.382138	0.222979	0.0327786	-0.174912	-0.385095	-0.573439	-0.698536	-0.748994	-0.71689	-0.616064	-0.485774	-0.348986	-0.229226	-0.139944	-0.0807517	-0.0475019	-0.0437679	-0.0739759	-0.131405	-0.225284	-0.356287	-0.49804	-0.62864	-0.714697	-0.713406	-0.6087	-0.413704	-0.162854	0.10965	0.382108	0.627575	0.82216	0.951074	0.989036	0.92496	0.792892	0.638626	0.487113	0.353069	0.250628	0.191749	0.178268	0.184774	0.166678	0.100267	0	
0	-0.00449469	-0.00593207	-0.0120236	-0.0115374	-0.0104231	-0.0145717	-0.0170109	-0.0232667	-0.0334447	-0.044325	-0.056247	-0.0633295	-0.0686662	-0.0621256	-0.0484361	-0.0440243	-0.0407888	-0.0497072	-0.0791091	-0.123383	-0.177839	-0.234432	-0.300641	-0.366946	-0.411834	-0.428486	-0.421225	-0.384196	-0.310004	-0.208901	-0.0814	0.0650996	0.226496	0.392996	0.554677	0.685471	0.782544	0.855258	0.908183	0.923861	0.891745	0.809378	0.682745	0.531996	0.399219	0.316722	0.299647	0.327317	0.39274	0.468958	0.532234	0.548457	0.496785	0.384981	0.228798	0.0414589	-0.165301	-0.374053	-0.563306	-0.693552	-0.745655	-0.714944	-0.618589	-0.490817	-0.35408	-0.231163	-0.134747	-0.0688263	-0.0312577	-0.0245012	-0.0548269	-0.118227	-0.223103	-0.36554	-0.513012	-0.63923	-0.710703	-0.688772	-0.563597	-0.353309	-0.0935317	0.183206	0.455041	0.690244	0.860347	0.953538	0.953821	0.855978	0.69108	0.499226	0.306581	0.137136	0.0144042	-0.0468894	-0.0468434	-0.0111968	0.0184407	0.0194866	0	
0	-0.00100389	0.00642555	0.00492194	0.00200071	-0.00089583	-0.0108646	-0.0234665	-0.0361069	-0.0517654	-0.0661129	-0.0705662	-0.0670508	-0.063296	-0.0510437	-0.0409793	-0.0485726	-0.0622412	-0.0911478	-0.134116	-0.189755	-0.250008	-0.308559	-0.369745	-0.417164	-0.432628	-0.412748	-0.373547	-0.309003	-0.209019	-0.0814	0.0700153	0.226818	0.384253	0.533189	0.675052	0.783902	0.857023	0.897351	0.909551	0.881952	0.812629	0.707068	0.574244	0.430925	0.315661	0.253722	0.255364	0.300737	0.376772	0.463279	0.532442	0.552021	0.503888	0.393019	0.236764	0.0487562	-0.158499	-0.370831	-0.562247	-0.692067	-0.748521	-0.721753	-0.623752	-0.491631	-0.348723	-0.219464	-0.117957	-0.0474999	-0.00852308	-0.00695274	-0.0478086	-0.123004	-0.236166	-0.378715	-0.516792	-0.626759	-0.679383	-0.640338	-0.50248	-0.283973	-0.019848	0.255351	0.514961	0.724654	0.860452	0.919294	0.889883	0.764042	0.567748	0.341849	0.119791	-0.0679398	-0.197958	-0.259581	-0.253499	-0.199158	-0.129178	-0.0628233	0	
0	0.0059071	0.0114013	0.00616171	0.00279766	-0.00517834	-0.022159	-0.0360138	-0.0490007	-0.0583904	-0.0603635	-0.0567681	-0.0480367	-0.044934	-0.043394	-0.0500481	-0.0768189	-0.109564	-0.15146	-0.20804	-0.270056	-0.333067	-0.383578	-0.424	-0.440801	-0.420446	-0.369973	-0.303641	-0.213169	-0.0862027	0.0650996	0.226818	0.379852	0.519989	0.649465	0.769605	0.855055	0.897103	0.898157	0.868306	0.802935	0.709706	0.596682	0.470593	0.345703	0.251872	0.211867	0.232643	0.289953	0.377267	0.468078	0.540021	0.561132	0.511226	0.399035	0.241461	0.0502455	-0.161831	-0.376279	-0.570955	-0.704479	-0.756393	-0.721068	-0.616423	-0.477963	-0.329025	-0.194784	-0.092158	-0.027578	0.000917384	-0.0088234	-0.0585803	-0.136379	-0.243912	-0.373625	-0.494886	-0.58784	-0.625907	-0.57597	-0.430847	-0.209311	0.0505197	0.310295	0.542704	0.718552	0.822029	0.853816	0.799237	0.645763	0.420886	0.17241	-0.0607058	-0.249858	-0.378731	-0.440589	-0.431976	-0.362868	-0.257654	-0.134179	0	
0	-0.00842006	-0.00838644	-0.0162142	-0.0253686	-0.0317271	-0.04011	-0.0448997	-0.0429203	-0.0406133	-0.0362501	-0.0292843	-0.027141	-0.0377272	-0.052053	-0.0763461	-0.119958	-0.166012	-0.222386	-0.285023	-0.349162	-0.400057	-0.428271	-0.437517	-0.420969	-0.371221	-0.294512	-0.202368	-0.0849184	0.0654042	0.226496	0.384253	0.519989	0.641065	0.749549	0.847438	0.902566	0.905993	0.86562	0.797217	0.706871	0.603675	0.495893	0.386418	0.281706	0.210713	0.190063	0.224841	0.294171	0.385788	0.480065	0.551563	0.567786	0.51344	0.395463	0.230785	0.0351866	-0.177758	-0.393198	-0.582118	-0.704056	-0.748268	-0.706453	-0.594121	-0.44977	-0.300171	-0.172854	-0.0811631	-0.0269784	-0.00744765	-0.0221126	-0.0687597	-0.136448	-0.229997	-0.343066	-0.447862	-0.52755	-0.555584	-0.499152	-0.35362	-0.1411	0.098533	0.329051	0.528505	0.673481	0.750845	0.758678	0.678632	0.500182	0.257868	0.00459048	-0.222675	-0.403135	-0.527092	-0.586868	-0.571842	-0.48527	-0.349238	-0.183368	0	
0	-0.0162444	-0.0290793	-0.047321	-0.0541204	-0.0550584	-0.0560962	-0.0479078	-0.0374406	-0.0283095	-0.0218556	-0.0209684	-0.0277336	-0.0491335	-0.0775155	-0.116139	-0.172792	-0.23119	-0.291131	-0.35319	-0.400207	-0.427282	-0.423622	-0.402895	-0.358538	-0.282714	-0.179996	-0.0615885	0.0777665	0.236915	0.392996	0.533189	0.649465	0.749549	0.836561	0.905042	0.921644	0.883385	0.803768	0.709975	0.607902	0.50923	0.416649	0.325804	0.242888	0.189036	0.18248	0.226986	0.29821	0.391636	0.482068	0.547829	0.559275	0.499107	0.377757	0.214714	0.0214663	-0.188222	-0.395219	-0.576742	-0.693315	-0.728072	-0.677596	-0.564391	-0.426768	-0.287668	-0.169831	-0.0864877	-0.0385836	-0.0182921	-0.0255907	-0.0611369	-0.114366	-0.191481	-0.288503	-0.379554	-0.448805	-0.471366	-0.418303	-0.287734	-0.100767	0.107042	0.305363	0.47579	0.594687	0.647254	0.630516	0.528417	0.33665	0.094265	-0.148019	-0.36028	-0.528294	-0.643608	-0.693698	-0.662564	-0.553531	-0.393132	-0.204453	0	
0	-0.0218084	-0.0322605	-0.0440326	-0.0500773	-0.0483305	-0.0468143	-0.0415591	-0.0339237	-0.0340822	-0.0376337	-0.0467274	-0.0672809	-0.101996	-0.141456	-0.190347	-0.253388	-0.308904	-0.359297	-0.39682	-0.416093	-0.408712	-0.375933	-0.326565	-0.255528	-0.150775	-0.0219893	0.116696	0.26304	0.416429	0.554677	0.675052	0.769605	0.847438	0.905042	0.934716	0.907795	0.827394	0.719801	0.610857	0.510553	0.423285	0.346755	0.274032	0.20491	0.164323	0.167141	0.216002	0.29189	0.385162	0.475749	0.541625	0.55023	0.48979	0.370558	0.208451	0.0191355	-0.183684	-0.387052	-0.561815	-0.670321	-0.704881	-0.659824	-0.554143	-0.422767	-0.288851	-0.177064	-0.0953494	-0.0420821	-0.0139445	-0.0111554	-0.0313697	-0.0675543	-0.129533	-0.211816	-0.290973	-0.357076	-0.388057	-0.355309	-0.254553	-0.101571	0.0737108	0.243819	0.388376	0.480834	0.507923	0.471422	0.360118	0.17239	-0.055245	-0.278748	-0.473463	-0.62605	-0.725151	-0.75417	-0.697031	-0.563666	-0.388853	-0.19828	0	
0	-0.00462713	-0.00577228	-0.0153574	-0.0176936	-0.0181247	-0.0235161	-0.0267746	-0.0330429	-0.0466286	-0.0675408	-0.0950922	-0.132537	-0.181648	-0.233803	-0.288502	-0.346284	-0.386717	-0.410277	-0.420543	-0.406275	-0.371243	-0.308564	-0.232197	-0.130384	0.000998957	0.148412	0.291283	0.4307	0.566771	0.685471	0.783902	0.855055	0.902566	0.921644	0.907795	0.837222	0.72703	0.603057	0.496114	0.407112	0.337529	0.280581	0.222589	0.168942	0.13936	0.151747	0.208905	0.28815	0.386136	0.479064	0.544806	0.554476	0.49488	0.376116	0.218122	0.0309955	-0.173184	-0.376207	-0.553402	-0.667612	-0.704363	-0.658669	-0.553411	-0.424759	-0.293223	-0.178465	-0.0909684	-0.0309329	0.00947289	0.0282583	0.0236902	0.00320831	-0.0435385	-0.115485	-0.195185	-0.274551	-0.32928	-0.328122	-0.262309	-0.142604	0.00306284	0.146026	0.26325	0.329209	0.337386	0.295373	0.192191	0.0223149	-0.183844	-0.386875	-0.561815	-0.692234	-0.764648	-0.762809	-0.675519	-0.522174	-0.345513	-0.17127	0	
0	0.00139182	0.00977604	0.0113079	0.0129399	0.0126942	0.00141034	-0.0128205	-0.0328533	-0.0675763	-0.106613	-0.153135	-0.209787	-0.27129	-0.325094	-0.372076	-0.412432	-0.428204	-0.426534	-0.407889	-0.368577	-0.304002	-0.214884	-0.108508	0.0168133	0.164978	0.31241	0.445922	0.567695	0.685357	0.782544	0.857023	0.897103	0.905993	0.883385	0.827394	0.72703	0.599987	0.479163	0.384855	0.315986	0.267835	0.228073	0.18637	0.144269	0.126785	0.150571	0.214999	0.302551	0.405559	0.500974	0.568466	0.57493	0.51075	0.388926	0.224108	0.0300214	-0.17819	-0.387249	-0.565463	-0.675615	-0.709639	-0.662351	-0.556916	-0.424774	-0.286162	-0.165541	-0.0692198	0.00549637	0.0604888	0.0929702	0.105151	0.0984733	0.055188	-0.0226183	-0.117433	-0.221796	-0.307867	-0.340469	-0.308177	-0.220707	-0.106029	0.00786338	0.0994163	0.147594	0.152232	0.121613	0.0389556	-0.107427	-0.290627	-0.470871	-0.619541	-0.718201	-0.755677	-0.720298	-0.607233	-0.443889	-0.277939	-0.132551	0	
0	0.00956859	0.0215981	0.0212494	0.0197601	0.0129696	-0.00547179	-0.030999	-0.0647903	-0.111454	-0.166019	-0.222299	-0.281656	-0.335427	-0.376625	-0.405658	-0.423322	-0.415399	-0.388955	-0.347787	-0.280595	-0.19001	-0.0734792	0.0511198	0.188062	0.332955	0.468052	0.582102	0.685877	0.782458	0.855258	0.897351	0.898157	0.86562	0.803768	0.719801	0.603057	0.479163	0.37255	0.300958	0.255765	0.227503	0.205891	0.175012	0.145001	0.1375	0.169942	0.241772	0.332393	0.436362	0.530264	0.590979	0.588635	0.516629	0.385245	0.214592	0.0161825	-0.197636	-0.408031	-0.585016	-0.693555	-0.722046	-0.665771	-0.54966	-0.407604	-0.260814	-0.128225	-0.0176416	0.0699403	0.139638	0.185919	0.203824	0.193235	0.139433	0.0454493	-0.0733377	-0.207155	-0.324014	-0.389159	-0.39179	-0.33977	-0.257481	-0.168436	-0.0913845	-0.0450342	-0.0281624	-0.0367896	-0.0946053	-0.216028	-0.373092	-0.523477	-0.636553	-0.696343	-0.698103	-0.635698	-0.50828	-0.347283	-0.201784	-0.0909672	0	
0	0.00249811	0.00790929	0.00231448	-0.00560166	-0.0214188	-0.0538015	-0.0908411	-0.135539	-0.191736	-0.243112	-0.291182	-0.337209	-0.372713	-0.390261	-0.394944	-0.38667	-0.3532	-0.300823	-0.230968	-0.136024	-0.0195995	0.11154	0.242302	0.372522	0.504929	0.619404	0.714697	0.797309	0.869062	0.908183	0.909551	0.868306	0.797217	0.709975	0.610857	0.496114	0.384855	0.300958	0.253016	0.22777	0.216861	0.204381	0.181622	0.157201	0.155657	0.194745	0.268735	0.36063	0.463685	0.552073	0.605559	0.593397	0.509724	0.370556	0.192071	-0.0138543	-0.230132	-0.441006	-0.611909	-0.708535	-0.72267	-0.650666	-0.522238	-0.367121	-0.204075	-0.0576327	0.0650645	0.164646	0.238858	0.279874	0.289547	0.266646	0.193277	0.0764974	-0.0668499	-0.22836	-0.376746	-0.477897	-0.518544	-0.501285	-0.444387	-0.366941	-0.288456	-0.230112	-0.19257	-0.176119	-0.207658	-0.299925	-0.422664	-0.533648	-0.604757	-0.626275	-0.600682	-0.524732	-0.397194	-0.249467	-0.129672	-0.05308	0	
0	-0.0140546	-0.026127	-0.048819	-0.0753073	-0.107502	-0.147873	-0.190665	-0.23213	-0.277145	-0.315949	-0.344843	-0.369467	-0.37678	-0.368947	-0.348258	-0.311587	-0.248094	-0.165522	-0.0679476	0.0495007	0.17859	0.310838	0.4326	0.549461	0.663912	0.758861	0.831668	0.888927	0.925943	0.923861	0.881952	0.802935	0.706871	0.607902	0.510553	0.407112	0.315986	0.255765	0.22777	0.219938	0.217923	0.21261	0.19158	0.170841	0.173704	0.21634	0.291545	0.382987	0.48138	0.563427	0.606845	0.581046	0.487876	0.339752	0.155631	-0.0508773	-0.2656	-0.469487	-0.627279	-0.7073	-0.701475	-0.609487	-0.460924	-0.286665	-0.111639	0.0421	0.167454	0.261349	0.325498	0.354913	0.348455	0.303872	0.208732	0.0716532	-0.0968798	-0.289861	-0.472928	-0.610522	-0.685207	-0.693029	-0.647168	-0.566256	-0.475042	-0.398778	-0.338372	-0.294981	-0.295198	-0.349249	-0.427789	-0.493573	-0.524419	-0.517281	-0.479151	-0.405316	-0.29023	-0.16278	-0.0693791	-0.0224959	0	
