0	0	0	0	0	0	0	0	0	0	0	0	0	0	0	0	0	0	0	0	0	0	0	0	0	0	0	0	0	0	0	0	0	0	0	0	0	0	0	0	0	0	0	0	0	0	0	0	0	0	0	0	0	0	0	0	0	0	0	0	0	0	0	0	0	0	0	0	0	0	0	0	0	0	0	0	0	0	0	0	0	0	0	0	0	0	0	0	0	0	0	0	0	0	0	0	0	0	0	0	
0	-0.000528924	-0.000259386	-0.00130972	-6.53678e-05	-0.0012456	0.000172764	-8.48749e-05	-0.000261937	0.000912294	-0.000682324	-0.00033921	-0.000585026	-0.00263334	-0.00245047	-0.00408933	-0.00734863	-0.00998814	-0.015091	-0.0233008	-0.0289325	-0.0361295	-0.0390159	-0.0358182	-0.0263572	-0.00698038	0.0142413	0.0390064	0.0606313	0.0745654	0.074054	0.0662832	0.0507362	0.034131	0.0155972	-0.000474452	-0.0180812	-0.029714	-0.0376883	-0.0357964	-0.0237835	-0.00874381	-0.00048209	0.0063927	0.00762671	0.00454035	-0.000575792	-0.00526057	-0.0106337	-0.00742336	-0.000576796	0.00507605	0.00208869	-0.00281804	-0.00449633	-0.00300505	-0.00267358	-0.000492428	0.00323941	0.000899048	-0.00423818	-0.00358353	0.0028082	0.00246243	-0.00128379	-0.00337316	-0.00135792	0.00140469	-0.000760526	-0.00292858	-0.000933564	0.00141552	0.0023802	0.00131406	-0.000161079	0.00644585	0.0124229	0.01262	0.0155365	0.0238155	0.0366943	0.0412605	0.036385	0.029376	0.0126753	-0.00941553	-0.0288004	-0.0480788	-0.0661926	-0.0785026	-0.0794172	-0.0663293	-0.0440588	-0.0211855	-5.83933e-05	0.0193134	0.0300751	0.0316861	0.023457	0	
0	-0.000259386	0.00253858	-0.000204992	0.00238569	0.000703674	-7.92361e-05	0.00104628	-0.00159908	-1.14944e-05	-0.000949292	-0.000911865	-0.000703227	-0.00270869	-0.00360917	-0.00999821	-0.0143409	-0.02412	-0.0355705	-0.0475756	-0.0592436	-0.0735379	-0.0758257	-0.0715782	-0.0553189	-0.0194621	0.0267549	0.0777767	0.121212	0.144173	0.147805	0.132401	0.100212	0.0640677	0.0321105	-0.000761291	-0.037217	-0.0623274	-0.0760651	-0.0722415	-0.0495519	-0.0200968	-0.00305007	0.0111625	0.0137026	0.00746767	-0.00120774	-0.011748	-0.0198878	-0.0155204	0.000449174	0.0103391	0.00581183	-0.00312721	-0.0079644	-0.00326384	-0.00526964	0.000448571	0.00586675	0.000621775	-0.00914628	-0.00914798	0.00344226	0.00324357	-0.00316628	-0.0066297	-0.000767656	0.00367765	0.000663345	-0.00312735	-0.00289516	0.00309293	0.00276466	-0.00128172	0.000343785	0.0120476	0.0246771	0.0293878	0.0325866	0.0473326	0.0725851	0.0794458	0.0703604	0.0588284	0.0283659	-0.0155852	-0.0586735	-0.0979833	-0.130621	-0.155962	-0.160604	-0.132574	-0.085857	-0.0422578	-0.00229517	0.037096	0.0599513	0.0630235	0.0460296	0	
0	-0.00130972	-0.000204992	-0.00308715	-3.22385e-06	-0.0026035	-1.52687e-05	0.000104828	-0.000797437	0.00180031	-0.00109499	-0.00129985	-0.00142351	-0.00682068	-0.00734992	-0.0128895	-0.0218534	-0.0311525	-0.0469276	-0.0686898	-0.0870172	-0.107637	-0.115516	-0.107176	-0.0801406	-0.0235963	0.0414756	0.114796	0.178959	0.219183	0.221259	0.198287	0.153236	0.10218	0.0488101	-0.000657749	-0.0517761	-0.0884494	-0.111278	-0.106763	-0.0720853	-0.029279	-0.00295726	0.0175382	0.021444	0.0131671	-0.00107011	-0.0154828	-0.0301795	-0.0220842	-0.00190765	0.013561	0.00670416	-0.00694245	-0.0125018	-0.0084823	-0.00818469	-0.000841433	0.00830157	0.00194674	-0.0116741	-0.0104696	0.00653553	0.00611659	-0.00338286	-0.00883755	-0.00363611	0.00337389	-0.00155691	-0.00742628	-0.00296583	0.00388195	0.00564165	0.00279585	0.00152491	0.0189966	0.0356354	0.0389808	0.0473035	0.0713661	0.108239	0.121197	0.10837	0.0878259	0.0396922	-0.0252967	-0.0849694	-0.14279	-0.196414	-0.233814	-0.237307	-0.19854	-0.132337	-0.0645486	-0.00234881	0.0544165	0.0868334	0.0917752	0.0669567	0	
0	-6.53678e-05	0.00238569	-3.22385e-06	0.00268233	0.000375267	0.000640131	0.000576395	-0.001691	6.11841e-05	-0.00238412	-0.00142806	-0.00269446	-0.00594429	-0.00840033	-0.0183372	-0.0287546	-0.0456491	-0.0679195	-0.093649	-0.117615	-0.143694	-0.151382	-0.142237	-0.107284	-0.0383432	0.0496397	0.150139	0.236338	0.285825	0.293305	0.263868	0.202377	0.133688	0.0672144	0.00135838	-0.0690312	-0.118948	-0.148131	-0.141506	-0.0990541	-0.0438361	-0.00744872	0.0201116	0.0260185	0.0152886	-0.00103262	-0.0216335	-0.0379183	-0.0295515	-0.00207656	0.0171467	0.0103503	-0.00592039	-0.0141838	-0.00923771	-0.00955578	3.33218e-07	0.00990139	0.00152652	-0.0159274	-0.0144063	0.00445237	0.00539565	-0.00453963	-0.0116085	-0.00277483	0.0046744	1.9863e-05	-0.0057769	-0.00409278	0.00483244	0.00516635	-0.00024173	0.00270785	0.0241071	0.0459965	0.0552053	0.0661008	0.0966006	0.141523	0.156606	0.141815	0.115032	0.0556666	-0.026565	-0.110632	-0.190864	-0.259929	-0.309911	-0.316579	-0.263404	-0.174304	-0.0873249	-0.00756579	0.0679861	0.112742	0.118993	0.0851182	0	
0	-0.0012456	0.000703674	-0.0026035	0.000375267	-0.00157207	-0.000740428	0.000548486	-0.00113098	0.00074016	-0.000581855	-0.00248035	-0.00249466	-0.00895455	-0.0122752	-0.0225747	-0.0360612	-0.0542497	-0.0812253	-0.112367	-0.144682	-0.176564	-0.18877	-0.17702	-0.134648	-0.046386	0.0637342	0.183941	0.288792	0.353298	0.364514	0.328719	0.258201	0.172212	0.0868554	0.00272218	-0.078906	-0.143169	-0.179914	-0.174748	-0.122547	-0.0572126	-0.00989558	0.0238459	0.0314533	0.0205765	-0.000118031	-0.0246223	-0.045422	-0.0356254	-0.00491196	0.0176909	0.0113459	-0.00753516	-0.0177588	-0.0134119	-0.0128966	-0.000706207	0.0103297	0.00133553	-0.0162176	-0.0155796	0.00523493	0.00680939	-0.00444497	-0.0114769	-0.00515019	0.00306592	-0.00126186	-0.0085639	-0.00462885	0.00499441	0.00599679	0.00246333	0.00710475	0.0308372	0.0545661	0.0663067	0.0815353	0.119543	0.174115	0.194754	0.178451	0.144396	0.0702525	-0.0327316	-0.135384	-0.233009	-0.321535	-0.38399	-0.390933	-0.328957	-0.222049	-0.111365	-0.0106212	0.0793336	0.13326	0.142017	0.10062	0	
0	0.000172764	-7.92361e-05	-1.52687e-05	0.000640131	-0.000740428	0.000989356	-0.000660723	-0.000532818	-7.82765e-05	-0.00269427	-0.00214506	-0.00505802	-0.00914331	-0.0148328	-0.0254073	-0.0428934	-0.0651992	-0.0971911	-0.13598	-0.174351	-0.209142	-0.224557	-0.2114	-0.157066	-0.0588579	0.0673718	0.212086	0.339188	0.41835	0.433997	0.393034	0.308289	0.209934	0.108677	0.00878234	-0.09089	-0.167205	-0.211922	-0.205858	-0.149073	-0.0745796	-0.0157665	0.0238337	0.0349813	0.0232873	0.00100475	-0.0284792	-0.0512325	-0.0411821	-0.00818327	0.0176366	0.013214	-0.00725793	-0.0179714	-0.0171628	-0.0132365	-0.00134516	0.00994304	0.00170446	-0.0181786	-0.0155559	0.00202667	0.0054249	-0.00393394	-0.0129127	-0.00591574	0.00195699	-0.00167653	-0.00743192	-0.00385213	0.00479368	0.00581359	0.00316954	0.00946087	0.0354061	0.0623769	0.077691	0.10045	0.147272	0.204181	0.228178	0.21297	0.168947	0.0839932	-0.0303052	-0.15281	-0.274599	-0.383874	-0.458187	-0.464806	-0.391056	-0.26659	-0.13779	-0.0196241	0.0861379	0.151499	0.161553	0.111379	0	
0	-8.48749e-05	0.00104628	0.000104828	0.000576395	0.000548486	-0.000660723	6.17232e-05	-0.000926429	-0.00147058	-0.00127692	-0.00340803	-0.00536028	-0.0101423	-0.0179814	-0.0315359	-0.050372	-0.077448	-0.114464	-0.155531	-0.200318	-0.240804	-0.258732	-0.244215	-0.18635	-0.0745985	0.0765176	0.241131	0.384758	0.475385	0.499389	0.456313	0.365482	0.24947	0.131386	0.0141007	-0.0968095	-0.188222	-0.240192	-0.236285	-0.175609	-0.093632	-0.0238072	0.022195	0.0364005	0.0262988	0.0019215	-0.0314243	-0.0551586	-0.0464305	-0.0119538	0.0155817	0.0139053	-0.00540366	-0.0192989	-0.0189615	-0.0149723	-0.00191004	0.00881075	-0.000303884	-0.0168638	-0.0168365	-0.00128813	0.00425872	-0.00443346	-0.0114594	-0.00660487	-7.66379e-06	-0.00135329	-0.00664721	-0.00451041	0.0039327	0.00445557	0.00292082	0.0151929	0.0414023	0.0687705	0.0910372	0.118785	0.169879	0.231544	0.260291	0.246174	0.197449	0.103452	-0.0289924	-0.173961	-0.314612	-0.440086	-0.525641	-0.53505	-0.455092	-0.315448	-0.165219	-0.0283567	0.088442	0.162537	0.175898	0.119285	0	
0	-0.000261937	-0.00159908	-0.000797437	-0.001691	-0.00113098	-0.000532818	-0.000926429	5.96762e-05	-0.000995267	-0.00142589	-0.00366677	-0.00686421	-0.0119175	-0.0217459	-0.0337783	-0.0565354	-0.085765	-0.126117	-0.175344	-0.227654	-0.270776	-0.293383	-0.277269	-0.208366	-0.0859914	0.0782211	0.260287	0.42435	0.533454	0.564389	0.518022	0.418297	0.291675	0.157909	0.0244688	-0.100992	-0.205435	-0.2649	-0.263421	-0.201434	-0.113733	-0.0329476	0.0185845	0.0376672	0.0298442	0.00354365	-0.0322386	-0.0575401	-0.0498115	-0.0172968	0.0112535	0.0132385	-0.00568178	-0.0197226	-0.0234201	-0.0162214	-0.0041308	0.00572812	-0.000791997	-0.0151342	-0.0150695	-0.00372732	0.00298775	-0.00342178	-0.0101647	-0.0086083	-0.00322032	-0.00334848	-0.00718234	-0.00350333	0.00300958	0.00434876	0.00695936	0.0200816	0.0454305	0.0741928	0.0993028	0.136312	0.196623	0.258557	0.291298	0.279741	0.222028	0.117764	-0.0249228	-0.184996	-0.347728	-0.496874	-0.594426	-0.60223	-0.514438	-0.363263	-0.19633	-0.0428591	0.0854825	0.169409	0.18492	0.121549	0	
0	0.000912294	-1.14944e-05	0.00180031	6.11841e-05	0.00074016	-7.82765e-05	-0.00147058	-0.000995267	-0.00316951	-0.00347752	-0.00482544	-0.00958551	-0.0126534	-0.0255878	-0.0392922	-0.0651758	-0.0992623	-0.143772	-0.19717	-0.25331	-0.300072	-0.325281	-0.309181	-0.235181	-0.105393	0.0778668	0.279723	0.460678	0.581982	0.621452	0.578202	0.473501	0.335238	0.184687	0.0365747	-0.103545	-0.220176	-0.287875	-0.289506	-0.230014	-0.137831	-0.0474633	0.00954963	0.0350248	0.0294836	0.00340187	-0.0347152	-0.0587425	-0.0535223	-0.0231796	0.00592808	0.0120164	-0.0035899	-0.0183798	-0.0243319	-0.0154652	-0.0055194	0.00265975	-0.00219082	-0.0137242	-0.0149833	-0.00878785	-0.000867099	-0.00410342	-0.00946215	-0.00861158	-0.00472167	-0.00342471	-0.0044493	-0.00292715	0.0011897	0.00268728	0.00716183	0.0240809	0.0495084	0.0801214	0.111407	0.156138	0.220927	0.281009	0.317155	0.310001	0.248659	0.138306	-0.0164002	-0.197395	-0.382526	-0.548084	-0.654497	-0.665215	-0.574147	-0.413421	-0.230076	-0.0602621	0.0771397	0.16862	0.187374	0.120438	0	
0	-0.000682324	-0.000949292	-0.00109499	-0.00238412	-0.000581855	-0.00269427	-0.00127692	-0.00142589	-0.00347752	-0.00245296	-0.00653194	-0.0103291	-0.0159867	-0.0290771	-0.0451331	-0.0714547	-0.109573	-0.156519	-0.2167	-0.277136	-0.33004	-0.35851	-0.339177	-0.262093	-0.123083	0.0758883	0.291002	0.487375	0.625558	0.675616	0.634861	0.528388	0.379113	0.213879	0.0509919	-0.101158	-0.230858	-0.306776	-0.31289	-0.25742	-0.161033	-0.0648945	-0.000184875	0.0305164	0.030866	0.00310084	-0.034161	-0.0579075	-0.0554114	-0.0294646	-0.00139297	0.0077528	-0.0032873	-0.0197111	-0.0258563	-0.0172339	-0.0095704	-0.00145962	-0.00554473	-0.00976948	-0.0143338	-0.0110935	-0.0019548	-0.00532952	-0.00683872	-0.00948176	-0.00810332	-0.00511387	-0.00504364	-0.00329071	-0.000150994	0.00291089	0.0105692	0.0293576	0.0536703	0.0839871	0.120586	0.174088	0.242773	0.303832	0.344621	0.338651	0.274316	0.158284	-0.00895479	-0.205925	-0.409935	-0.594588	-0.711474	-0.724058	-0.631409	-0.464687	-0.266869	-0.0823718	0.0621094	0.160422	0.183394	0.115531	0	
0	-0.00033921	-0.000911865	-0.00129985	-0.00142806	-0.00248035	-0.00214506	-0.00340803	-0.00366677	-0.00482544	-0.00653194	-0.00870251	-0.0143856	-0.0195185	-0.0353275	-0.0508367	-0.0819661	-0.122362	-0.173157	-0.237614	-0.304434	-0.3586	-0.390131	-0.373162	-0.288926	-0.141461	0.0657989	0.294233	0.508767	0.662343	0.722681	0.688064	0.578261	0.422978	0.245861	0.0689718	-0.0994934	-0.240248	-0.322556	-0.335688	-0.285483	-0.189732	-0.0867038	-0.0176771	0.0227518	0.0262782	0.000503336	-0.0357165	-0.0575113	-0.0577633	-0.0367732	-0.0108588	0.00250522	-0.00507596	-0.0187173	-0.0264833	-0.0177747	-0.0122798	-0.00796234	-0.00624533	-0.0091649	-0.0138652	-0.0128999	-0.00690982	-0.00592697	-0.00695147	-0.00986515	-0.00875444	-0.00727632	-0.00443234	-0.00283668	-0.00201565	0.00255663	0.0138916	0.0321047	0.0554766	0.0905128	0.130698	0.190514	0.265963	0.324708	0.365838	0.366172	0.301116	0.177036	0.00137692	-0.208889	-0.43435	-0.637204	-0.762995	-0.778618	-0.685111	-0.515	-0.308596	-0.112052	0.0413249	0.146039	0.171836	0.105835	0	
0	-0.000585026	-0.000703227	-0.00142351	-0.00269446	-0.00249466	-0.00505802	-0.00536028	-0.00686421	-0.00958551	-0.0103291	-0.0143856	-0.0196936	-0.0262703	-0.041716	-0.0613786	-0.0925319	-0.138469	-0.191698	-0.263131	-0.329587	-0.390465	-0.423862	-0.403325	-0.320435	-0.170237	0.0516546	0.294673	0.521104	0.687185	0.758841	0.733425	0.62833	0.466962	0.275217	0.0850064	-0.0951574	-0.245483	-0.33831	-0.357805	-0.315948	-0.219003	-0.116407	-0.0387216	0.00816273	0.0189042	-0.00584939	-0.0381008	-0.0577589	-0.0607599	-0.0449352	-0.0219311	-0.00681671	-0.00802197	-0.0202116	-0.025956	-0.0188423	-0.0175273	-0.0125696	-0.0104018	-0.00808685	-0.0142024	-0.0156718	-0.00963774	-0.0104394	-0.00774107	-0.00920937	-0.0106046	-0.00826206	-0.00409012	-0.00358665	-0.00287903	0.00386731	0.0155035	0.0332158	0.0583704	0.0951405	0.141588	0.209209	0.284061	0.342896	0.387889	0.389188	0.326145	0.201601	0.0149667	-0.214061	-0.457871	-0.672193	-0.804398	-0.825957	-0.7382	-0.569234	-0.353944	-0.145054	0.0139089	0.121271	0.152681	0.0949838	0	
0	-0.00263334	-0.00270869	-0.00682068	-0.00594429	-0.00895455	-0.00914331	-0.0101423	-0.0119175	-0.0126534	-0.0159867	-0.0195185	-0.0262703	-0.0360742	-0.0521315	-0.0745947	-0.108504	-0.155534	-0.213351	-0.287208	-0.360427	-0.42527	-0.4614	-0.442876	-0.357134	-0.195474	0.0291325	0.278312	0.518796	0.700876	0.78659	0.77187	0.667689	0.502021	0.304565	0.102932	-0.0919569	-0.253998	-0.353014	-0.381176	-0.34623	-0.254402	-0.151018	-0.0676065	-0.0111437	0.00543203	-0.0151244	-0.042259	-0.0596282	-0.0640586	-0.0540728	-0.0352981	-0.019639	-0.0159445	-0.0240853	-0.027675	-0.0238011	-0.0244447	-0.0217467	-0.0153543	-0.0107904	-0.0158111	-0.0150724	-0.0132404	-0.0129948	-0.00873207	-0.00891477	-0.0105706	-0.011698	-0.00710312	-0.0060963	-0.00492161	0.00556594	0.0191773	0.0351555	0.0606903	0.101554	0.152101	0.2216	0.299863	0.362514	0.407579	0.412907	0.353223	0.220874	0.0247693	-0.213346	-0.471655	-0.69984	-0.841889	-0.871018	-0.787602	-0.619604	-0.402543	-0.188425	-0.0222192	0.0905679	0.127299	0.0800284	0	
0	-0.00245047	-0.00360917	-0.00734992	-0.00840033	-0.0122752	-0.0148328	-0.0179814	-0.0217459	-0.0255878	-0.0290771	-0.0353275	-0.041716	-0.0521315	-0.0693983	-0.0934569	-0.129638	-0.181142	-0.243864	-0.320258	-0.398402	-0.464422	-0.501418	-0.4836	-0.398131	-0.235988	-0.00504693	0.256271	0.508553	0.699854	0.799502	0.79474	0.700028	0.535755	0.331585	0.113491	-0.0916458	-0.262371	-0.368756	-0.408717	-0.381002	-0.296741	-0.19554	-0.106993	-0.042165	-0.0189815	-0.0335327	-0.0546112	-0.0684195	-0.0739277	-0.0673477	-0.0548268	-0.037889	-0.0299729	-0.0305478	-0.0305234	-0.0294228	-0.030896	-0.0303696	-0.0205861	-0.0163667	-0.018592	-0.016973	-0.0193028	-0.0204972	-0.0149543	-0.0100504	-0.0118415	-0.013438	-0.00871959	-0.00747609	-0.00389613	0.00739689	0.0200674	0.0332186	0.0599432	0.107887	0.164639	0.235696	0.315091	0.379178	0.423634	0.432366	0.377493	0.244542	0.0408683	-0.213384	-0.486572	-0.721277	-0.86877	-0.906232	-0.832756	-0.673517	-0.458576	-0.237351	-0.062914	0.0514753	0.0935166	0.062376	0	
0	-0.00408933	-0.00999821	-0.0128895	-0.0183372	-0.0225747	-0.0254073	-0.0315359	-0.0337783	-0.0392922	-0.0451331	-0.0508367	-0.0613786	-0.0745947	-0.0934569	-0.12192	-0.161325	-0.214394	-0.281132	-0.362802	-0.442887	-0.51494	-0.555337	-0.538404	-0.450941	-0.28518	-0.0526922	0.214314	0.474341	0.678366	0.791908	0.803187	0.716948	0.55376	0.34315	0.118985	-0.096947	-0.277087	-0.394978	-0.441622	-0.422621	-0.347191	-0.251462	-0.157385	-0.084964	-0.0537995	-0.0595569	-0.0732637	-0.0831126	-0.0866908	-0.0846086	-0.0768545	-0.0632443	-0.0504325	-0.0435141	-0.0409163	-0.0401753	-0.0456182	-0.0434207	-0.0336868	-0.0288227	-0.024254	-0.0215362	-0.0243271	-0.0280135	-0.0211196	-0.010706	-0.0129408	-0.0174341	-0.0141434	-0.0123	-0.0066313	0.00959735	0.0210187	0.0314127	0.0630991	0.114315	0.174606	0.246637	0.324822	0.393905	0.442549	0.45362	0.400097	0.264044	0.0533514	-0.21111	-0.492834	-0.73285	-0.887361	-0.937288	-0.878036	-0.726389	-0.513917	-0.293086	-0.115716	0.00294781	0.0561915	0.0447939	0	
0	-0.00734863	-0.0143409	-0.0218534	-0.0287546	-0.0360612	-0.0428934	-0.050372	-0.0565354	-0.0651758	-0.0714547	-0.0819661	-0.0925319	-0.108504	-0.129638	-0.161325	-0.203066	-0.259787	-0.333563	-0.412617	-0.50184	-0.574226	-0.615372	-0.601607	-0.517839	-0.348213	-0.114226	0.158296	0.424265	0.637558	0.767574	0.79081	0.715473	0.558549	0.351995	0.114729	-0.111157	-0.301998	-0.42403	-0.48276	-0.471371	-0.41069	-0.318738	-0.223356	-0.14455	-0.1051	-0.100572	-0.106335	-0.111297	-0.111818	-0.111521	-0.110426	-0.0991026	-0.0826359	-0.0671323	-0.0582754	-0.0594196	-0.0622359	-0.0615444	-0.0511888	-0.0448517	-0.03588	-0.0284084	-0.0344778	-0.0407012	-0.0316211	-0.0174278	-0.0174886	-0.0222034	-0.0213559	-0.0178821	-0.0070455	0.00933831	0.0188653	0.0299797	0.0618982	0.120022	0.18784	0.254594	0.333079	0.408388	0.456353	0.470881	0.422744	0.285716	0.066833	-0.209351	-0.495266	-0.736279	-0.898862	-0.961639	-0.915765	-0.777365	-0.577319	-0.359427	-0.173896	-0.0485756	0.0129175	0.0209093	0	
0	-0.00998814	-0.02412	-0.0311525	-0.0456491	-0.0542497	-0.0651992	-0.077448	-0.085765	-0.0992623	-0.109573	-0.122362	-0.138469	-0.155534	-0.181142	-0.214394	-0.259787	-0.32022	-0.397455	-0.482392	-0.576699	-0.650631	-0.69499	-0.683611	-0.593284	-0.428923	-0.197116	0.078443	0.350771	0.572825	0.716052	0.753374	0.694521	0.54761	0.338063	0.0947701	-0.136641	-0.334473	-0.469268	-0.536063	-0.534117	-0.486759	-0.402417	-0.308008	-0.223887	-0.176182	-0.158015	-0.157042	-0.153734	-0.150106	-0.149796	-0.154339	-0.14653	-0.127242	-0.102373	-0.0892581	-0.0866045	-0.0890651	-0.0875748	-0.0780708	-0.0716442	-0.0536012	-0.0453089	-0.0503056	-0.0576772	-0.0486813	-0.0287647	-0.0266366	-0.0310146	-0.0309693	-0.0251376	-0.0105076	0.00767827	0.0159651	0.0254904	0.0609421	0.124222	0.193953	0.261341	0.341798	0.419174	0.472684	0.49111	0.438847	0.299982	0.0796719	-0.202309	-0.491018	-0.733702	-0.901244	-0.976822	-0.952329	-0.831804	-0.641319	-0.428043	-0.242053	-0.110365	-0.0330755	-0.00168726	0	
0	-0.015091	-0.0355705	-0.0469276	-0.0679195	-0.0812253	-0.0971911	-0.114464	-0.126117	-0.143772	-0.156519	-0.173157	-0.191698	-0.213351	-0.243864	-0.281132	-0.333563	-0.397455	-0.478554	-0.56649	-0.661977	-0.738322	-0.786051	-0.777478	-0.692436	-0.529163	-0.294023	-0.0164981	0.254543	0.485321	0.639762	0.694689	0.650018	0.514449	0.309494	0.0661411	-0.17401	-0.382243	-0.525482	-0.598505	-0.608397	-0.576536	-0.500655	-0.409354	-0.323829	-0.265287	-0.235602	-0.22435	-0.214028	-0.202422	-0.202632	-0.210921	-0.207637	-0.186951	-0.154714	-0.13694	-0.12867	-0.129279	-0.126948	-0.120359	-0.109258	-0.0852782	-0.0730125	-0.0745063	-0.0817551	-0.0689726	-0.0477341	-0.040983	-0.0436084	-0.0462505	-0.037471	-0.0207204	-0.00185325	0.00702264	0.0202207	0.0608413	0.12776	0.201145	0.267419	0.344715	0.424864	0.485438	0.506957	0.455359	0.317887	0.0912641	-0.197765	-0.482982	-0.721938	-0.895261	-0.987093	-0.984333	-0.882661	-0.707888	-0.505871	-0.319197	-0.174989	-0.0801746	-0.0277232	0	
0	-0.0233008	-0.0475756	-0.0686898	-0.093649	-0.112367	-0.13598	-0.155531	-0.175344	-0.19717	-0.2167	-0.237614	-0.263131	-0.287208	-0.320258	-0.362802	-0.412617	-0.482392	-0.56649	-0.658346	-0.759699	-0.840603	-0.889317	-0.880796	-0.793501	-0.633205	-0.401913	-0.127718	0.144723	0.381991	0.548806	0.618607	0.589887	0.469663	0.27243	0.0278537	-0.219201	-0.433098	-0.586483	-0.667484	-0.692392	-0.67355	-0.609633	-0.526392	-0.441696	-0.37499	-0.332766	-0.314572	-0.29298	-0.276093	-0.2741	-0.285379	-0.287374	-0.264107	-0.229659	-0.202647	-0.187879	-0.182538	-0.179314	-0.174632	-0.156688	-0.128929	-0.113581	-0.111526	-0.116066	-0.103304	-0.0812353	-0.0702528	-0.0687689	-0.0672427	-0.0557496	-0.0335367	-0.0134307	-0.00472433	0.0144335	0.0553464	0.122099	0.198981	0.267354	0.347944	0.432442	0.499456	0.523072	0.466353	0.325722	0.0987246	-0.187375	-0.466365	-0.703676	-0.883895	-0.991355	-1.01112	-0.933247	-0.778088	-0.587881	-0.401044	-0.243485	-0.129958	-0.0563181	0	
0	-0.0289325	-0.0592436	-0.0870172	-0.117615	-0.144682	-0.174351	-0.200318	-0.227654	-0.25331	-0.277136	-0.304434	-0.329587	-0.360427	-0.398402	-0.442887	-0.50184	-0.576699	-0.661977	-0.759699	-0.861577	-0.940468	-0.992107	-0.98639	-0.902428	-0.746133	-0.514989	-0.24507	0.0284669	0.271427	0.444875	0.527373	0.519827	0.415999	0.226464	-0.0154758	-0.263264	-0.486345	-0.649974	-0.740546	-0.778414	-0.774341	-0.724698	-0.652805	-0.572065	-0.497163	-0.446668	-0.41718	-0.385742	-0.361359	-0.356379	-0.370064	-0.373964	-0.354675	-0.317872	-0.286207	-0.263223	-0.252296	-0.252423	-0.246979	-0.224671	-0.194844	-0.17553	-0.167652	-0.164052	-0.147653	-0.126514	-0.108533	-0.10048	-0.0973438	-0.0812653	-0.0602336	-0.0420532	-0.0259186	-0.00123544	0.0454419	0.116308	0.19258	0.26722	0.349339	0.431211	0.505711	0.53365	0.474934	0.332852	0.105637	-0.174007	-0.446075	-0.683388	-0.867269	-0.987073	-1.03305	-0.984291	-0.848992	-0.671523	-0.489024	-0.317624	-0.179527	-0.0822312	0	
0	-0.0361295	-0.0735379	-0.107637	-0.143694	-0.176564	-0.209142	-0.240804	-0.270776	-0.300072	-0.33004	-0.3586	-0.390465	-0.42527	-0.464422	-0.51494	-0.574226	-0.650631	-0.738322	-0.840603	-0.940468	-1.02706	-1.08024	-1.07347	-0.991385	-0.838399	-0.610034	-0.343491	-0.0717256	0.169092	0.349667	0.451336	0.459441	0.369696	0.195161	-0.0374329	-0.29068	-0.521875	-0.69359	-0.793303	-0.84864	-0.858516	-0.826759	-0.769738	-0.6971	-0.619372	-0.56345	-0.524531	-0.4841	-0.454647	-0.44817	-0.462514	-0.471333	-0.456772	-0.423893	-0.387464	-0.355522	-0.339729	-0.339912	-0.332569	-0.304797	-0.274029	-0.252845	-0.237886	-0.225003	-0.209283	-0.189693	-0.168097	-0.154457	-0.141539	-0.122693	-0.100505	-0.0768787	-0.0557242	-0.0211347	0.0309127	0.0957342	0.174342	0.258539	0.342331	0.428372	0.510579	0.539987	0.478438	0.333228	0.110356	-0.160014	-0.425286	-0.65563	-0.842254	-0.98206	-1.0534	-1.02983	-0.919638	-0.76023	-0.579217	-0.390897	-0.229769	-0.109858	0	
0	-0.0390159	-0.0758257	-0.115516	-0.151382	-0.18877	-0.224557	-0.258732	-0.293383	-0.325281	-0.35851	-0.390131	-0.423862	-0.4614	-0.501418	-0.555337	-0.615372	-0.69499	-0.786051	-0.889317	-0.992107	-1.08024	-1.13254	-1.12511	-1.04893	-0.893244	-0.670641	-0.412433	-0.146014	0.0982729	0.285567	0.396852	0.42034	0.35208	0.192689	-0.0352408	-0.287249	-0.521955	-0.703252	-0.81932	-0.889014	-0.913894	-0.902548	-0.86534	-0.803278	-0.728731	-0.670898	-0.622627	-0.575127	-0.541075	-0.533504	-0.547159	-0.560714	-0.553785	-0.528381	-0.49011	-0.452514	-0.433346	-0.435717	-0.426323	-0.397518	-0.370307	-0.348934	-0.327912	-0.305382	-0.288294	-0.269746	-0.245105	-0.221982	-0.199532	-0.177627	-0.154978	-0.130211	-0.100132	-0.0551482	-0.000194008	0.0640712	0.14674	0.239874	0.330517	0.421144	0.505647	0.536994	0.47633	0.327551	0.108713	-0.145308	-0.396247	-0.625153	-0.821301	-0.973647	-1.06523	-1.07448	-0.993331	-0.84686	-0.666185	-0.466195	-0.281903	-0.135047	0	
0	-0.0358182	-0.0715782	-0.107176	-0.142237	-0.17702	-0.2114	-0.244215	-0.277269	-0.309181	-0.339177	-0.373162	-0.403325	-0.442876	-0.4836	-0.538404	-0.601607	-0.683611	-0.777478	-0.880796	-0.98639	-1.07347	-1.12511	-1.12144	-1.0474	-0.895942	-0.682549	-0.42893	-0.161078	0.0762897	0.265722	0.385682	0.427772	0.374089	0.234238	0.0175594	-0.22925	-0.472467	-0.66184	-0.79235	-0.875432	-0.919037	-0.930516	-0.913062	-0.866425	-0.801862	-0.745317	-0.690236	-0.6371	-0.602633	-0.592514	-0.608792	-0.626262	-0.63206	-0.617472	-0.582734	-0.545144	-0.52509	-0.53045	-0.519132	-0.494077	-0.47184	-0.452731	-0.426563	-0.396669	-0.378523	-0.361106	-0.337433	-0.306273	-0.275666	-0.251488	-0.229287	-0.201621	-0.160513	-0.106176	-0.0467032	0.0190204	0.106128	0.20939	0.309302	0.403589	0.487048	0.521802	0.463711	0.314591	0.109111	-0.127647	-0.373128	-0.599824	-0.796898	-0.962178	-1.07735	-1.11509	-1.06172	-0.933022	-0.753267	-0.539983	-0.3319	-0.157471	0	
0	-0.0263572	-0.0553189	-0.0801406	-0.107284	-0.134648	-0.157066	-0.18635	-0.208366	-0.235181	-0.262093	-0.288926	-0.320435	-0.357134	-0.398131	-0.450941	-0.517839	-0.593284	-0.692436	-0.793501	-0.902428	-0.991385	-1.04893	-1.0474	-0.976158	-0.826083	-0.619962	-0.369428	-0.114823	0.114792	0.305344	0.436252	0.490329	0.456264	0.333786	0.129238	-0.11198	-0.355032	-0.551219	-0.700038	-0.795809	-0.860103	-0.891326	-0.898129	-0.869667	-0.822015	-0.769486	-0.710051	-0.657173	-0.619784	-0.612228	-0.628617	-0.65379	-0.67321	-0.671078	-0.647864	-0.613079	-0.597798	-0.603675	-0.593325	-0.576843	-0.561566	-0.547933	-0.522266	-0.490221	-0.473045	-0.459919	-0.438929	-0.405851	-0.368509	-0.341343	-0.320916	-0.285446	-0.23481	-0.173863	-0.10943	-0.0441532	0.047822	0.159869	0.269093	0.37208	0.457947	0.495946	0.440823	0.295344	0.101772	-0.122169	-0.355019	-0.571402	-0.772558	-0.953371	-1.08863	-1.15388	-1.12964	-1.0144	-0.831131	-0.609439	-0.383344	-0.180746	0	
0	-0.00698038	-0.0194621	-0.0235963	-0.0383432	-0.046386	-0.0588579	-0.0745985	-0.0859914	-0.105393	-0.123083	-0.141461	-0.170237	-0.195474	-0.235988	-0.28518	-0.348213	-0.428923	-0.529163	-0.633205	-0.746133	-0.838399	-0.893244	-0.895942	-0.826083	-0.686274	-0.489144	-0.249475	-0.00709283	0.219985	0.412182	0.544395	0.604221	0.589626	0.485182	0.300088	0.0666007	-0.1725	-0.381114	-0.539955	-0.650135	-0.733031	-0.787412	-0.815358	-0.808438	-0.782206	-0.734048	-0.677309	-0.621345	-0.584132	-0.575454	-0.593252	-0.625621	-0.655319	-0.669124	-0.659719	-0.635924	-0.628564	-0.634827	-0.632691	-0.628907	-0.624052	-0.622223	-0.601506	-0.575533	-0.561133	-0.549147	-0.53661	-0.502879	-0.462912	-0.438932	-0.416825	-0.380098	-0.32641	-0.261073	-0.198115	-0.126633	-0.024406	0.0943903	0.217145	0.327862	0.410942	0.44844	0.396665	0.263765	0.0877657	-0.120602	-0.337856	-0.550726	-0.76168	-0.951752	-1.09945	-1.18748	-1.18952	-1.08972	-0.906048	-0.675254	-0.430205	-0.20141	0	
0	0.0142413	0.0267549	0.0414756	0.0496397	0.0637342	0.0673718	0.0765176	0.0782211	0.0778668	0.0758883	0.0657989	0.0516546	0.0291325	-0.00504693	-0.0526922	-0.114226	-0.197116	-0.294023	-0.401913	-0.514989	-0.610034	-0.670641	-0.682549	-0.619962	-0.489144	-0.299936	-0.0709563	0.16273	0.380372	0.559661	0.689441	0.763899	0.766736	0.678794	0.511419	0.291125	0.0586519	-0.155247	-0.320601	-0.446761	-0.546866	-0.620409	-0.665145	-0.684833	-0.67758	-0.638354	-0.584949	-0.527925	-0.488572	-0.478208	-0.498033	-0.535922	-0.574178	-0.604374	-0.611944	-0.606458	-0.606972	-0.61529	-0.625189	-0.631943	-0.641198	-0.648976	-0.64028	-0.627781	-0.614866	-0.612284	-0.609675	-0.584496	-0.555773	-0.534192	-0.514959	-0.47867	-0.421169	-0.359037	-0.295885	-0.216497	-0.109937	0.012281	0.141499	0.257788	0.343592	0.381886	0.339321	0.224892	0.0639712	-0.131481	-0.33983	-0.550663	-0.756148	-0.94725	-1.11434	-1.22548	-1.2456	-1.1568	-0.971346	-0.731409	-0.474103	-0.225979	0	
0	0.0390064	0.0777767	0.114796	0.150139	0.183941	0.212086	0.241131	0.260287	0.279723	0.291002	0.294233	0.294673	0.278312	0.256271	0.214314	0.158296	0.078443	-0.0164981	-0.127718	-0.24507	-0.343491	-0.412433	-0.42893	-0.369428	-0.249475	-0.0709563	0.144976	0.361578	0.562427	0.736913	0.868087	0.946845	0.956615	0.888663	0.74077	0.539369	0.315467	0.102043	-0.0708559	-0.209827	-0.324369	-0.412547	-0.475743	-0.52099	-0.529917	-0.503158	-0.455437	-0.39647	-0.351814	-0.33648	-0.35711	-0.393518	-0.436613	-0.476578	-0.50159	-0.515038	-0.52038	-0.535074	-0.554029	-0.573699	-0.595802	-0.615451	-0.628717	-0.631359	-0.628056	-0.635781	-0.642881	-0.635507	-0.620376	-0.604918	-0.590701	-0.556812	-0.506942	-0.456997	-0.398283	-0.315608	-0.206647	-0.0817059	0.0518281	0.171813	0.261185	0.300016	0.262552	0.165972	0.0234187	-0.160904	-0.35884	-0.558331	-0.760897	-0.962535	-1.14236	-1.26173	-1.29169	-1.21262	-1.02903	-0.782595	-0.513843	-0.248942	0	
0	0.0606313	0.121212	0.178959	0.236338	0.288792	0.339188	0.384758	0.42435	0.460678	0.487375	0.508767	0.521104	0.518796	0.508553	0.474341	0.424265	0.350771	0.254543	0.144723	0.0284669	-0.0717256	-0.146014	-0.161078	-0.114823	-0.00709283	0.16273	0.361578	0.562781	0.755253	0.918028	1.03831	1.11731	1.1369	1.08659	0.959216	0.779348	0.56475	0.356392	0.181082	0.0342212	-0.0947229	-0.193705	-0.275079	-0.338301	-0.363154	-0.351029	-0.309442	-0.246891	-0.192404	-0.171505	-0.186331	-0.217413	-0.258397	-0.302393	-0.34364	-0.371154	-0.383107	-0.404211	-0.430181	-0.4596	-0.489151	-0.52251	-0.556861	-0.574361	-0.584098	-0.59986	-0.618222	-0.633449	-0.637014	-0.635285	-0.629496	-0.603987	-0.57242	-0.538183	-0.48573	-0.405902	-0.295369	-0.171001	-0.045979	0.0725016	0.16438	0.198226	0.169017	0.0955485	-0.0319469	-0.206411	-0.395296	-0.592187	-0.792758	-0.991129	-1.17426	-1.3008	-1.33433	-1.25952	-1.07954	-0.826345	-0.546847	-0.270494	0	
0	0.0745654	0.144173	0.219183	0.285825	0.353298	0.41835	0.475385	0.533454	0.581982	0.625558	0.662343	0.687185	0.700876	0.699854	0.678366	0.637558	0.572825	0.485321	0.381991	0.271427	0.169092	0.0982729	0.0762897	0.114792	0.219985	0.380372	0.562427	0.755253	0.931414	1.07516	1.18756	1.26506	1.29157	1.25549	1.1474	0.983163	0.785536	0.589473	0.415083	0.255645	0.118588	0.010158	-0.0861454	-0.165221	-0.205311	-0.209006	-0.174371	-0.107041	-0.0433243	-0.0126977	-0.0170692	-0.0374493	-0.0700038	-0.111942	-0.16281	-0.197193	-0.216469	-0.241349	-0.27039	-0.301182	-0.331851	-0.378504	-0.426228	-0.45818	-0.481273	-0.503174	-0.535377	-0.570952	-0.596592	-0.612501	-0.614716	-0.604385	-0.594967	-0.57749	-0.538129	-0.467213	-0.362158	-0.248725	-0.13843	-0.0281016	0.0594607	0.094411	0.0765067	0.0132469	-0.105463	-0.270459	-0.458039	-0.652622	-0.842481	-1.03484	-1.22024	-1.34706	-1.37617	-1.29911	-1.11788	-0.859665	-0.577391	-0.294355	0	
0	0.074054	0.147805	0.221259	0.293305	0.364514	0.433997	0.499389	0.564389	0.621452	0.675616	0.722681	0.758841	0.78659	0.799502	0.791908	0.767574	0.716052	0.639762	0.548806	0.444875	0.349667	0.285567	0.265722	0.305344	0.412182	0.559661	0.736913	0.918028	1.07516	1.20589	1.31408	1.38523	1.41201	1.38307	1.29127	1.14989	0.972822	0.786903	0.610055	0.447003	0.30591	0.184462	0.0726546	-0.0181112	-0.0726175	-0.0953109	-0.0682734	-0.000497988	0.0723371	0.113369	0.124639	0.116817	0.0993714	0.063031	0.014901	-0.0216741	-0.0452468	-0.0721362	-0.0991144	-0.119845	-0.151289	-0.202779	-0.25809	-0.300703	-0.33237	-0.362169	-0.402286	-0.451457	-0.496083	-0.526001	-0.538086	-0.546967	-0.56064	-0.561609	-0.541037	-0.4858	-0.392838	-0.296058	-0.203473	-0.10859	-0.0325239	0.00331252	-0.0112388	-0.0753604	-0.187912	-0.350313	-0.542149	-0.730249	-0.911408	-1.1029	-1.2843	-1.40049	-1.41539	-1.32715	-1.14687	-0.893535	-0.605132	-0.307721	0	
0	0.0662832	0.132401	0.198287	0.263868	0.328719	0.393034	0.456313	0.518022	0.578202	0.634861	0.688064	0.733425	0.77187	0.79474	0.803187	0.79081	0.753374	0.694689	0.618607	0.527373	0.451336	0.396852	0.385682	0.436252	0.544395	0.689441	0.868087	1.03831	1.18756	1.31408	1.40962	1.46719	1.49423	1.47528	1.40066	1.27581	1.1142	0.94102	0.770218	0.607799	0.455893	0.319779	0.196289	0.0978402	0.022843	-0.0170722	-0.00122337	0.0648148	0.141599	0.19609	0.223576	0.23224	0.230378	0.205884	0.168075	0.133844	0.106847	0.0758243	0.0589185	0.0484106	0.0226704	-0.0274738	-0.0814816	-0.123741	-0.161151	-0.193052	-0.235694	-0.289515	-0.344644	-0.385517	-0.41049	-0.439336	-0.469057	-0.487388	-0.483052	-0.442694	-0.372571	-0.294402	-0.221051	-0.156001	-0.0957576	-0.05828	-0.0785676	-0.150635	-0.266293	-0.437027	-0.633408	-0.821088	-1.00726	-1.19396	-1.35464	-1.45278	-1.45527	-1.35509	-1.17069	-0.919836	-0.625888	-0.315746	0	
0	0.0507362	0.100212	0.153236	0.202377	0.258201	0.308289	0.365482	0.418297	0.473501	0.528388	0.578261	0.62833	0.667689	0.700028	0.716948	0.715473	0.694521	0.650018	0.589887	0.519827	0.459441	0.42034	0.427772	0.490329	0.604221	0.763899	0.946845	1.11731	1.26506	1.38523	1.46719	1.52454	1.55345	1.54007	1.47255	1.36368	1.2234	1.06788	0.903259	0.739351	0.577858	0.430306	0.297752	0.185021	0.089057	0.0337987	0.0347788	0.0911358	0.166016	0.23314	0.274315	0.299171	0.311026	0.302106	0.279786	0.251548	0.221005	0.189662	0.18372	0.185704	0.168733	0.126484	0.083601	0.0451468	0.00859018	-0.0251095	-0.0660452	-0.113968	-0.168996	-0.213078	-0.250704	-0.29107	-0.329449	-0.358046	-0.363004	-0.344072	-0.296692	-0.236185	-0.189162	-0.14935	-0.104531	-0.0777658	-0.106195	-0.190124	-0.326987	-0.517338	-0.723228	-0.919192	-1.11005	-1.28669	-1.42918	-1.51087	-1.49733	-1.37882	-1.18159	-0.932548	-0.643659	-0.327729	0	
0	0.034131	0.0640677	0.10218	0.133688	0.172212	0.209934	0.24947	0.291675	0.335238	0.379113	0.422978	0.466962	0.502021	0.535755	0.55376	0.558549	0.54761	0.514449	0.469663	0.415999	0.369696	0.35208	0.374089	0.456264	0.589626	0.766736	0.956615	1.1369	1.29157	1.41201	1.49423	1.55345	1.58212	1.56941	1.51306	1.42485	1.30702	1.16265	1.00841	0.848163	0.680938	0.520411	0.376083	0.244805	0.132539	0.0608703	0.0419911	0.0808083	0.151729	0.22674	0.279402	0.318993	0.343494	0.35431	0.348265	0.329658	0.296321	0.267634	0.269308	0.279575	0.272799	0.243619	0.21524	0.185607	0.153604	0.119762	0.0856772	0.0491116	0.006536	-0.0356972	-0.0834741	-0.126171	-0.164705	-0.192403	-0.202042	-0.199389	-0.170202	-0.130708	-0.10217	-0.0797991	-0.0539293	-0.0375315	-0.0772609	-0.187545	-0.356837	-0.5692	-0.789236	-1.00168	-1.20241	-1.37489	-1.50341	-1.56194	-1.52296	-1.38824	-1.18708	-0.940683	-0.649616	-0.327525	0	
0	0.0155972	0.0321105	0.0488101	0.0672144	0.0868554	0.108677	0.131386	0.157909	0.184687	0.213879	0.245861	0.275217	0.304565	0.331585	0.34315	0.351995	0.338063	0.309494	0.27243	0.226464	0.195161	0.192689	0.234238	0.333786	0.485182	0.678794	0.888663	1.08659	1.25549	1.38307	1.47528	1.54007	1.56941	1.56445	1.5267	1.45801	1.35369	1.22758	1.09492	0.94058	0.765475	0.594381	0.438305	0.287158	0.160754	0.0684848	0.0267516	0.043794	0.107273	0.181803	0.243499	0.294058	0.333814	0.362393	0.375359	0.365845	0.336969	0.312975	0.315494	0.331205	0.332422	0.320932	0.305599	0.286319	0.261107	0.229312	0.203164	0.182034	0.159432	0.121494	0.0724473	0.0324357	0.000351727	-0.0169484	-0.0292168	-0.0331096	-0.0135231	0.00983994	0.0303304	0.0454771	0.0592	0.0608396	0.00220225	-0.132154	-0.332062	-0.57366	-0.81969	-1.05412	-1.26344	-1.43579	-1.55479	-1.58653	-1.52337	-1.38331	-1.18008	-0.92704	-0.636714	-0.322566	0	
0	-0.000474452	-0.000761291	-0.000657749	0.00135838	0.00272218	0.00878234	0.0141007	0.0244688	0.0365747	0.0509919	0.0689718	0.0850064	0.102932	0.113491	0.118985	0.114729	0.0947701	0.0661411	0.0278537	-0.0154758	-0.0374329	-0.0352408	0.0175594	0.129238	0.300088	0.511419	0.74077	0.959216	1.1474	1.29127	1.40066	1.47255	1.51306	1.5267	1.5055	1.44982	1.36856	1.27476	1.16133	1.01186	0.837169	0.66536	0.490849	0.321496	0.178654	0.0662657	-0.00180639	-0.00746159	0.0410881	0.107439	0.17314	0.232261	0.285757	0.331054	0.35866	0.360873	0.343213	0.322576	0.323647	0.337097	0.350959	0.356598	0.353885	0.348832	0.330763	0.306664	0.287071	0.279484	0.27323	0.24182	0.196674	0.162828	0.14676	0.140482	0.133927	0.136492	0.148626	0.165069	0.185455	0.201457	0.216703	0.208162	0.131587	-0.0252436	-0.255016	-0.525021	-0.798252	-1.05448	-1.27432	-1.44988	-1.55726	-1.56598	-1.49042	-1.34826	-1.13763	-0.87949	-0.604861	-0.314242	0	
0	-0.0180812	-0.037217	-0.0517761	-0.0690312	-0.078906	-0.09089	-0.0968095	-0.100992	-0.103545	-0.101158	-0.0994934	-0.0951574	-0.0919569	-0.0916458	-0.096947	-0.111157	-0.136641	-0.17401	-0.219201	-0.263264	-0.29068	-0.287249	-0.22925	-0.11198	0.0666007	0.291125	0.539369	0.779348	0.983163	1.14989	1.27581	1.36368	1.42485	1.45801	1.44982	1.4198	1.3719	1.30618	1.21159	1.0812	0.921142	0.743735	0.549506	0.36495	0.204774	0.066954	-0.0308627	-0.0615704	-0.0391034	0.0113898	0.0713099	0.134843	0.199671	0.256819	0.297353	0.315179	0.315244	0.301445	0.297642	0.310765	0.336416	0.35494	0.365307	0.369022	0.361281	0.346874	0.33255	0.33662	0.340642	0.320625	0.288431	0.267331	0.264615	0.267568	0.270069	0.277342	0.293243	0.313081	0.336926	0.370781	0.398232	0.380436	0.289261	0.116804	-0.129779	-0.423208	-0.723998	-0.994999	-1.22054	-1.39464	-1.48944	-1.4879	-1.40443	-1.25374	-1.04683	-0.801844	-0.54322	-0.278691	0	
0	-0.029714	-0.0623274	-0.0884494	-0.118948	-0.143169	-0.167205	-0.188222	-0.205435	-0.220176	-0.230858	-0.240248	-0.245483	-0.253998	-0.262371	-0.277087	-0.301998	-0.334473	-0.382243	-0.433098	-0.486345	-0.521875	-0.521955	-0.472467	-0.355032	-0.1725	0.0586519	0.315467	0.56475	0.785536	0.972822	1.1142	1.2234	1.30702	1.35369	1.36856	1.3719	1.35411	1.31695	1.25605	1.15802	1.01342	0.833567	0.630574	0.435717	0.252633	0.0863039	-0.0381533	-0.0980452	-0.107721	-0.0824374	-0.0364397	0.0262085	0.0954075	0.159677	0.207082	0.242765	0.259053	0.249286	0.240588	0.251595	0.283704	0.310595	0.330899	0.345027	0.352107	0.351314	0.349003	0.358464	0.36631	0.361137	0.345535	0.340053	0.346893	0.355271	0.366706	0.383843	0.409601	0.437022	0.475027	0.529259	0.570435	0.55735	0.456897	0.271419	0.018301	-0.285678	-0.596026	-0.872532	-1.10023	-1.2606	-1.34169	-1.33938	-1.24589	-1.08582	-0.896344	-0.67819	-0.442324	-0.216755	0	
0	-0.0376883	-0.0760651	-0.111278	-0.148131	-0.179914	-0.211922	-0.240192	-0.2649	-0.287875	-0.306776	-0.322556	-0.33831	-0.353014	-0.368756	-0.394978	-0.42403	-0.469268	-0.525482	-0.586483	-0.649974	-0.69359	-0.703252	-0.66184	-0.551219	-0.381114	-0.155247	0.102043	0.356392	0.589473	0.786903	0.94102	1.06788	1.16265	1.22758	1.27476	1.30618	1.31695	1.31892	1.30332	1.24116	1.12308	0.955876	0.759077	0.552876	0.347514	0.156796	0.0076239	-0.0860733	-0.134713	-0.142783	-0.120946	-0.0709806	-0.00695426	0.0530405	0.105172	0.153287	0.179974	0.173612	0.162132	0.173385	0.203364	0.232876	0.260438	0.283741	0.305613	0.321363	0.331242	0.341107	0.350536	0.358842	0.36703	0.379964	0.391028	0.404962	0.423922	0.451329	0.492339	0.536228	0.593052	0.662855	0.717736	0.710937	0.604721	0.420718	0.175827	-0.1243	-0.431499	-0.704027	-0.91822	-1.05563	-1.11951	-1.10513	-1.00519	-0.852547	-0.679595	-0.488264	-0.30009	-0.141149	0	
0	-0.0357964	-0.0722415	-0.106763	-0.141506	-0.174748	-0.205858	-0.236285	-0.263421	-0.289506	-0.31289	-0.335688	-0.357805	-0.381176	-0.408717	-0.441622	-0.48276	-0.536063	-0.598505	-0.667484	-0.740546	-0.793303	-0.81932	-0.79235	-0.700038	-0.539955	-0.320601	-0.0708559	0.181082	0.415083	0.610055	0.770218	0.903259	1.00841	1.09492	1.16133	1.21159	1.25605	1.30332	1.33185	1.31623	1.23729	1.10112	0.919136	0.71013	0.491118	0.283815	0.111543	-0.0180395	-0.103864	-0.149783	-0.159346	-0.13244	-0.0854545	-0.0333315	0.0194871	0.0730581	0.102235	0.0971472	0.0897518	0.0961112	0.115432	0.139371	0.166632	0.196859	0.228767	0.258407	0.27809	0.285238	0.293668	0.315753	0.347745	0.378783	0.39899	0.418069	0.445653	0.486758	0.540666	0.604647	0.681697	0.761284	0.826913	0.831904	0.736325	0.560331	0.320182	0.0344189	-0.25209	-0.50277	-0.687174	-0.79445	-0.83139	-0.798283	-0.701618	-0.559566	-0.396928	-0.24304	-0.123405	-0.0473428	0	
0	-0.0237835	-0.0495519	-0.0720853	-0.0990541	-0.122547	-0.149073	-0.175609	-0.201434	-0.230014	-0.25742	-0.285483	-0.315948	-0.34623	-0.381002	-0.422621	-0.471371	-0.534117	-0.608397	-0.692392	-0.778414	-0.84864	-0.889014	-0.875432	-0.795809	-0.650135	-0.446761	-0.209827	0.0342212	0.255645	0.447003	0.607799	0.739351	0.848163	0.94058	1.01186	1.0812	1.15802	1.24116	1.31623	1.35189	1.32404	1.2336	1.08255	0.884652	0.666731	0.454339	0.262087	0.105817	-0.0118235	-0.0922465	-0.137596	-0.143138	-0.11867	-0.0779959	-0.0266142	0.0226541	0.0470008	0.0466585	0.0436789	0.0416168	0.0430667	0.0511159	0.07206	0.100388	0.135107	0.173177	0.195447	0.202046	0.213429	0.245018	0.295035	0.340859	0.366848	0.390521	0.425341	0.476138	0.548734	0.640676	0.742149	0.835936	0.90652	0.918373	0.837173	0.671766	0.446091	0.187368	-0.0679666	-0.27888	-0.421697	-0.499566	-0.509775	-0.455652	-0.355245	-0.21878	-0.0748616	0.030988	0.0744615	0.0565353	0	
