0	0	0	0	0	0	0	0	0	0	0	0	0	0	0	0	0	0	0	0	0	0	0	0	0	0	0	0	0	0	0	0	0	0	0	0	0	0	0	0	0	0	0	0	0	0	0	0	0	0	0	0	0	0	0	0	0	0	0	0	0	0	0	0	0	0	0	0	0	0	0	0	0	0	0	0	0	0	0	0	0	0	0	0	0	0	0	0	0	0	0	0	0	0	0	0	0	0	0	0	
0	0.00522149	-0.00086069	0.00233433	0.00482841	-0.00667139	-0.00137512	0.00189412	-0.00357076	0.000706984	-0.00199077	-0.00290421	0.00208927	0.00267524	-0.00130816	-0.00204399	0.00436329	0.00241065	-0.00274152	0.00130572	0.00294503	-0.00142287	-0.00253554	0.00123426	0.00086203	-0.00106222	-0.00580332	0.000279919	0.00285686	-0.00243544	-0.00748758	-0.00186846	0.00278143	8.31297e-05	-0.0038113	-0.00849178	-0.00505759	0.00290421	0.00715505	-0.00269516	-0.0132742	-0.0136854	-0.00677762	0.00309559	0.0102217	0.0114504	-0.00431248	-0.0304324	-0.053277	-0.0651399	-0.06292	-0.053779	-0.0296885	0.00928438	0.0513907	0.0905102	0.114793	0.125815	0.131968	0.128457	0.104912	0.0740611	0.0284287	-0.0246973	-0.0556208	-0.0780702	-0.0896977	-0.0848798	-0.0792982	-0.0738279	-0.0733563	-0.0807671	-0.0891992	-0.0870563	-0.0696608	-0.0452689	-0.00516678	0.0498421	0.0915882	0.115222	0.129811	0.131757	0.122392	0.104043	0.0759954	0.0399285	-0.00399693	-0.0429928	-0.0582306	-0.0577341	-0.0572981	-0.0479747	-0.0220909	0.0049482	0.0177479	0.0140965	-0.00174278	-0.017625	-0.0176015	0	
0	-0.00086069	-0.00473334	-0.00249257	0.00109903	-0.00283916	0.00703398	-0.000480469	-0.00253743	0.00409227	7.45719e-05	0.00163634	-0.00607797	-3.23487e-05	-0.000384075	-0.00576066	0.000485781	-0.00255899	-0.0083308	0.00102253	-0.000388207	-0.00242536	-0.00764203	0.00289417	0.000365082	-0.00149188	-0.00882168	0.00082907	0.00719639	-0.00480332	-0.0104803	-0.00337665	0.00749006	-0.000845359	-0.00529475	-0.0172151	-0.00767379	0.00295603	0.0126842	-0.00964754	-0.0272336	-0.030547	-0.0160219	0.000697989	0.0164079	0.0143135	-0.0113455	-0.0663264	-0.103659	-0.127847	-0.121549	-0.0983202	-0.0537841	0.0255996	0.105736	0.179301	0.224236	0.248512	0.257367	0.250654	0.214426	0.146098	0.0553642	-0.0417043	-0.113922	-0.162577	-0.177394	-0.164697	-0.155346	-0.150566	-0.150889	-0.158083	-0.171684	-0.174126	-0.144155	-0.0898455	-0.0064707	0.0971892	0.177715	0.228567	0.259446	0.262444	0.243369	0.20772	0.152732	0.0804767	-0.0064147	-0.0823019	-0.113566	-0.115018	-0.114145	-0.0949272	-0.0446867	0.00773611	0.0331239	0.0265091	-0.00335697	-0.0327429	-0.0324316	0	
0	0.00233433	-0.00249257	0.00135148	0.00159998	-0.0053445	0.0041927	-0.00243387	-0.00576825	0.00290245	-0.00239015	-0.00117092	0.000526958	0.00339926	-0.00169	-0.00565275	0.00547888	0.00167038	-0.00783967	0.00272932	0.000693073	-0.00316387	-0.00760276	0.00195385	-0.0004289	-0.00444995	-0.011748	-0.000726302	0.00550745	-0.00872061	-0.015553	-0.00546013	0.0060221	-0.00305125	-0.0105929	-0.0229152	-0.0115636	0.00478721	0.0137366	-0.0132847	-0.0379005	-0.0390012	-0.0200243	0.00544255	0.0247705	0.02109	-0.0210231	-0.0961022	-0.155025	-0.186812	-0.181039	-0.146239	-0.0758761	0.0370706	0.160218	0.26683	0.336884	0.374045	0.386531	0.373906	0.31407	0.212647	0.0775317	-0.0653284	-0.170391	-0.239902	-0.261395	-0.24629	-0.232866	-0.221897	-0.221758	-0.238867	-0.259267	-0.255498	-0.211099	-0.134233	-0.0129415	0.138578	0.261084	0.339846	0.384538	0.389511	0.363321	0.311576	0.230125	0.121801	-0.00533446	-0.114325	-0.16348	-0.171259	-0.169817	-0.139832	-0.0682477	0.00630933	0.0437605	0.0356509	-0.00459678	-0.0431286	-0.0422056	0	
0	0.00482841	0.00109903	0.00159998	0.00525058	-0.00572466	-0.00471162	0.00131849	-0.0010605	0.00125499	-0.00346428	-0.00344664	-0.00211766	-0.000179612	-0.00260749	-0.00131184	0.000480846	-0.00110145	-0.00584533	0.00115376	0.00133037	-0.00612961	-0.00317986	-0.000740067	0.000765887	-0.00580859	-0.00940014	0.000130567	0.00325675	-0.007967	-0.0165867	-0.00223738	0.00239525	-0.00104092	-0.016352	-0.0211015	-0.0147129	0.00794285	0.00998408	-0.0181579	-0.0456106	-0.0472018	-0.0227492	0.00567208	0.0265022	0.0187967	-0.0416171	-0.128513	-0.206869	-0.242734	-0.232979	-0.186702	-0.0865532	0.0589069	0.217326	0.35706	0.44733	0.494352	0.512409	0.487336	0.405357	0.271164	0.0935577	-0.0877934	-0.224625	-0.307917	-0.338607	-0.332189	-0.310468	-0.291292	-0.294646	-0.315028	-0.336457	-0.334898	-0.283015	-0.176992	-0.0162467	0.173298	0.334696	0.445363	0.5054	0.513016	0.480932	0.414622	0.308159	0.164734	0.00138497	-0.136232	-0.206043	-0.225392	-0.223105	-0.18173	-0.0931601	-0.00115086	0.0473719	0.0401436	-0.00505941	-0.047132	-0.0455336	0	
0	-0.00667139	-0.00283916	-0.0053445	-0.00572466	0.00546928	0.00371607	0.0014454	-0.000234474	-0.00357445	0.00131645	0.00103362	-0.00231683	-0.00196454	-0.00384615	-0.00379566	-0.00335859	-0.00519099	-0.00355035	-0.00490632	-0.00247953	-0.007134	-0.00313083	-0.00442512	-0.00281914	-0.00709017	-0.0074865	-0.00253536	-0.00157788	-0.00998419	-0.013845	-0.00439562	-0.00139724	-0.00580617	-0.0191747	-0.0219994	-0.0155353	0.00428928	0.0002741	-0.0260146	-0.053509	-0.0528042	-0.0269908	0.00265373	0.0235875	0.00477436	-0.0646148	-0.163924	-0.252076	-0.288265	-0.277914	-0.211043	-0.0865571	0.0867756	0.279082	0.440681	0.548823	0.610957	0.626451	0.591389	0.496588	0.324564	0.108713	-0.104307	-0.281153	-0.386605	-0.419009	-0.404475	-0.375602	-0.360747	-0.368095	-0.390434	-0.412912	-0.408727	-0.348255	-0.21753	-0.023577	0.199105	0.399584	0.543568	0.61927	0.631439	0.595805	0.516544	0.386286	0.2099	0.0159784	-0.145951	-0.23987	-0.275744	-0.272319	-0.2198	-0.119688	-0.0160755	0.0419418	0.0389422	-0.00427957	-0.0439762	-0.042178	0	
0	-0.00137512	0.00703398	0.0041927	-0.00471162	0.00371607	-0.00665125	-0.00675595	0.00195546	-0.0054419	0.00073424	-0.00143342	-0.00225953	-0.00216565	0.00040574	-3.0305e-05	-0.00143096	-0.00378154	0.00265854	-0.00535749	-0.00295122	-0.00415388	-0.00215039	-0.00616484	-0.00614521	-0.00677276	-0.00544306	-0.00673356	-0.00814514	-0.011329	-0.010028	-0.00885224	-0.00679029	-0.0123999	-0.0195785	-0.0208356	-0.0139633	-0.00130498	-0.0106734	-0.0297739	-0.0543771	-0.0485125	-0.0256239	0.00459333	0.0190163	-0.0124822	-0.0906201	-0.198385	-0.293529	-0.330646	-0.318947	-0.231762	-0.0826995	0.116981	0.341028	0.524591	0.655646	0.730108	0.74149	0.692179	0.568755	0.360225	0.111996	-0.131401	-0.331396	-0.444871	-0.484967	-0.478353	-0.449513	-0.430413	-0.435073	-0.460071	-0.483278	-0.477815	-0.410875	-0.256431	-0.0339806	0.216808	0.455067	0.63137	0.723138	0.743716	0.70803	0.616754	0.463416	0.258084	0.0405526	-0.142472	-0.263955	-0.319892	-0.315408	-0.253456	-0.147948	-0.0393266	0.0260426	0.0314528	-0.00198151	-0.0340241	-0.0331015	0	
0	0.00189412	-0.000480469	-0.00243387	0.00131849	0.0014454	-0.00675595	-0.00116607	0.00657488	-0.00510615	-0.00287284	-0.00151648	-0.00367648	-0.00475538	-0.000662124	-0.000819274	-0.00995696	-0.0023708	0.000753461	-0.00786479	-0.00718278	-0.00108611	-0.00304927	-0.00808091	-0.00833368	-0.00402812	-0.00281102	-0.00928696	-0.013424	-0.00685619	-0.00631998	-0.00993672	-0.0137347	-0.0147036	-0.0186538	-0.0162687	-0.0125914	-0.0122679	-0.0222993	-0.0374279	-0.0510136	-0.0473936	-0.0270862	-0.00136675	-0.000867678	-0.0412455	-0.128518	-0.236074	-0.32795	-0.367827	-0.340894	-0.235129	-0.062666	0.165604	0.404421	0.607566	0.757465	0.832873	0.842927	0.779069	0.626086	0.391388	0.117014	-0.156652	-0.378898	-0.500774	-0.550295	-0.551162	-0.516401	-0.491928	-0.500285	-0.527831	-0.549445	-0.543103	-0.466991	-0.290834	-0.0481203	0.225925	0.498954	0.705488	0.81625	0.849878	0.816198	0.713356	0.539035	0.310849	0.0763233	-0.126188	-0.277252	-0.354603	-0.350233	-0.282437	-0.177876	-0.0709866	-0.000767183	0.0175951	0.00154811	-0.0189465	-0.0202829	0	
0	-0.00357076	-0.00253743	-0.00576825	-0.0010605	-0.000234474	0.00195546	0.00657488	-0.00347911	-0.00721782	0.000220969	-0.000330031	-0.0028033	-0.00510421	-0.00138245	-0.0052466	-0.00988321	0.000403342	-0.00210622	-0.011376	-0.0070252	-0.00010361	-0.00557515	-0.011468	-0.00915776	-0.00354667	-0.00266158	-0.0152619	-0.0166515	-0.00461908	-0.00438303	-0.015289	-0.0205293	-0.0182746	-0.0166782	-0.0125446	-0.0150071	-0.025656	-0.036137	-0.0410097	-0.0460246	-0.0426045	-0.0286057	-0.011851	-0.0264652	-0.077926	-0.167995	-0.27027	-0.356689	-0.392687	-0.350946	-0.226779	-0.0290773	0.215988	0.469511	0.690048	0.850338	0.932668	0.935441	0.849588	0.672565	0.414062	0.113238	-0.181099	-0.416636	-0.558192	-0.619425	-0.609714	-0.570703	-0.556413	-0.566127	-0.590213	-0.612644	-0.600557	-0.512128	-0.325645	-0.0688628	0.230396	0.532005	0.762867	0.896677	0.948573	0.918665	0.805223	0.61333	0.369277	0.122987	-0.0982577	-0.278195	-0.376256	-0.374953	-0.306748	-0.209151	-0.110161	-0.0375877	-0.002241	0.00507794	-0.00170415	-0.00632936	0	
0	0.000706984	0.00409227	0.00290245	0.00125499	-0.00357445	-0.0054419	-0.00510615	-0.00721782	0.000297209	0.00235442	-0.00279774	-0.00258025	-0.00452712	-0.000450648	0.000193737	-0.00621672	-0.000831629	-0.00425354	-0.00923086	-0.00403186	-0.00352527	-0.00810614	-0.0127158	-0.00947892	-0.0047054	-0.00669461	-0.0203509	-0.0187816	-0.00380351	-0.00741704	-0.0220644	-0.0278835	-0.0210345	-0.0156796	-0.0107929	-0.0223979	-0.0403453	-0.0483059	-0.0410958	-0.0374153	-0.0364481	-0.0288367	-0.0275747	-0.0566187	-0.118462	-0.207233	-0.298095	-0.379057	-0.404589	-0.349109	-0.206458	0.0125381	0.269085	0.533489	0.770127	0.9404	1.02676	1.02219	0.909255	0.704499	0.423099	0.0954829	-0.211217	-0.45184	-0.603501	-0.665079	-0.661311	-0.637309	-0.622637	-0.624296	-0.64667	-0.667122	-0.649455	-0.555699	-0.360926	-0.0873038	0.230854	0.549177	0.802934	0.965034	1.03739	1.01278	0.891583	0.687027	0.433763	0.178878	-0.0600682	-0.264761	-0.381471	-0.388218	-0.326461	-0.241102	-0.15484	-0.0820173	-0.0273663	0.00621037	0.0137274	0.00602254	0	
0	-0.00199077	7.45719e-05	-0.00239015	-0.00346428	0.00131645	0.00073424	-0.00287284	0.000220969	0.00235442	-0.00640428	-0.00910771	-0.0027293	-0.00127903	-0.00481427	-0.00650509	-0.00775668	-0.00223634	-0.00646165	-0.0071233	-0.00554266	-0.00510936	-0.00851406	-0.00962543	-0.00867286	-0.00393493	-0.00959192	-0.0189197	-0.0153581	-0.00164414	-0.00978863	-0.0245106	-0.0288378	-0.0192011	-0.0106266	-0.0105725	-0.0290559	-0.053628	-0.053539	-0.0388104	-0.0281956	-0.0328665	-0.0370501	-0.0542115	-0.100465	-0.16915	-0.250291	-0.329055	-0.393822	-0.406199	-0.330379	-0.165784	0.0684086	0.335015	0.605839	0.848176	1.02365	1.10715	1.08251	0.947952	0.721195	0.419942	0.0839621	-0.22803	-0.482218	-0.646842	-0.711814	-0.716424	-0.698084	-0.67542	-0.673379	-0.701532	-0.723874	-0.69521	-0.587959	-0.387941	-0.107305	0.221999	0.552633	0.82864	1.01946	1.11293	1.09642	0.971844	0.760849	0.503846	0.241384	-0.0127448	-0.234829	-0.36779	-0.389224	-0.34141	-0.272537	-0.201877	-0.130355	-0.0570691	0.0015137	0.0229177	0.014379	0	
0	-0.00290421	0.00163634	-0.00117092	-0.00344664	0.00103362	-0.00143342	-0.00151648	-0.000330031	-0.00279774	-0.00910771	-0.000628812	0.000760908	-0.00642747	-0.00901049	-0.00501529	-0.000643525	-0.00850841	-0.00865871	-0.00478107	-0.0068122	-0.00884081	-0.00942216	-0.00978151	-0.00826144	-0.00965211	-0.0128661	-0.0194119	-0.0115183	-0.00815253	-0.014735	-0.0292819	-0.0286792	-0.0196119	-0.0102055	-0.01682	-0.0414676	-0.0640935	-0.0573262	-0.0343759	-0.0222533	-0.0322568	-0.0508423	-0.0889592	-0.147043	-0.219741	-0.286249	-0.351211	-0.395351	-0.391364	-0.294129	-0.113907	0.131524	0.400857	0.674434	0.921759	1.0977	1.17685	1.13171	0.974518	0.725002	0.408106	0.0668302	-0.250638	-0.509099	-0.678287	-0.752451	-0.766107	-0.746545	-0.724486	-0.731443	-0.758182	-0.766563	-0.725095	-0.616604	-0.418305	-0.127138	0.211583	0.545303	0.83828	1.05746	1.17303	1.16765	1.04569	0.835294	0.577624	0.307534	0.0435102	-0.186788	-0.334412	-0.377639	-0.350787	-0.301486	-0.247196	-0.178255	-0.0908834	-0.012858	0.0217704	0.016997	0	
0	0.00208927	-0.00607797	0.000526958	-0.00211766	-0.00231683	-0.00225953	-0.00367648	-0.0028033	-0.00258025	-0.0027293	0.000760908	0.00118892	-0.00955411	-0.00569382	0.000845059	-0.00358158	-0.0147028	-0.00744424	-0.00209701	-0.0120487	-0.014196	-0.0103703	-0.0100885	-0.0113763	-0.0175254	-0.0173273	-0.0167228	-0.0129797	-0.0179247	-0.0227177	-0.0312591	-0.0291261	-0.021106	-0.0157068	-0.0289778	-0.0553885	-0.0707186	-0.0579364	-0.03094	-0.0212076	-0.0374289	-0.0748874	-0.13036	-0.199548	-0.265669	-0.318963	-0.362036	-0.385471	-0.357481	-0.241342	-0.0479325	0.201979	0.469758	0.743206	0.987023	1.16352	1.22698	1.16429	0.987272	0.714181	0.394221	0.0481141	-0.273801	-0.530413	-0.705285	-0.785933	-0.806461	-0.793278	-0.776411	-0.785244	-0.803164	-0.800944	-0.755847	-0.645288	-0.438496	-0.139322	0.193635	0.524363	0.836002	1.08024	1.21433	1.22397	1.11325	0.909624	0.651889	0.375466	0.109486	-0.120694	-0.2826	-0.353226	-0.352723	-0.325011	-0.286313	-0.22172	-0.128681	-0.0400906	0.00739527	0.0128616	0	
0	0.00267524	-3.23487e-05	0.00339926	-0.000179612	-0.00196454	-0.00216565	-0.00475538	-0.00510421	-0.00452712	-0.00127903	-0.00642747	-0.00955411	-0.00735318	-0.00100803	-0.002285	-0.0103957	-0.00981941	-0.00024933	-0.00218081	-0.0144497	-0.0104877	-0.00481001	-0.00637798	-0.0127883	-0.0188536	-0.0137503	-0.00799378	-0.0146445	-0.0235541	-0.0240209	-0.0249408	-0.024121	-0.0192098	-0.0205648	-0.0386932	-0.0600864	-0.065975	-0.0495312	-0.024717	-0.0207584	-0.0469864	-0.105734	-0.177039	-0.252565	-0.309477	-0.346856	-0.368755	-0.365816	-0.312463	-0.17805	0.0266094	0.276211	0.544024	0.813549	1.05286	1.21964	1.26458	1.17924	0.977464	0.692765	0.367775	0.0256009	-0.286996	-0.543885	-0.723163	-0.814256	-0.84419	-0.836927	-0.829596	-0.833398	-0.836724	-0.834191	-0.788367	-0.663156	-0.446214	-0.154299	0.16701	0.500209	0.825263	1.08297	1.23447	1.26633	1.17384	0.980221	0.723502	0.445533	0.185921	-0.0391425	-0.215277	-0.315418	-0.344174	-0.339251	-0.315106	-0.258108	-0.170452	-0.0814367	-0.0211365	0.00159452	0	
0	-0.00130816	-0.000384075	-0.00169	-0.00260749	-0.00384615	0.00040574	-0.000662124	-0.00138245	-0.000450648	-0.00481427	-0.00901049	-0.00569382	-0.00100803	-0.00916999	-0.00945743	-0.00901537	-0.00883345	-0.00593063	-0.0105979	-0.0169882	-0.00931435	-0.00871662	-0.0100251	-0.0204173	-0.0205682	-0.0123062	-0.00758167	-0.0236487	-0.0320171	-0.0247423	-0.0224701	-0.0233798	-0.0264672	-0.0335478	-0.0544055	-0.0634776	-0.06323	-0.0453995	-0.0309383	-0.0321701	-0.0748349	-0.148907	-0.233812	-0.303696	-0.348456	-0.36402	-0.360831	-0.326409	-0.245315	-0.0963643	0.114187	0.356949	0.620938	0.878728	1.10793	1.25618	1.28002	1.17382	0.953656	0.664694	0.341057	0.00890091	-0.296835	-0.552634	-0.736916	-0.840862	-0.878623	-0.879336	-0.87338	-0.869998	-0.875859	-0.871272	-0.806578	-0.667907	-0.455344	-0.173874	0.143775	0.477461	0.801192	1.06482	1.23691	1.29473	1.22337	1.04269	0.791198	0.51933	0.272035	0.0530667	-0.136037	-0.263202	-0.321205	-0.339811	-0.330661	-0.286706	-0.215746	-0.135185	-0.0623478	-0.0166333	0	
0	-0.00204399	-0.00576066	-0.00565275	-0.00131184	-0.00379566	-3.0305e-05	-0.000819274	-0.0052466	0.000193737	-0.00650509	-0.00501529	0.000845059	-0.002285	-0.00945743	-0.00951231	-0.00621879	-0.0087704	-0.0097888	-0.0140381	-0.0145727	-0.0106372	-0.0123137	-0.0164949	-0.0234227	-0.0206094	-0.0111305	-0.0146508	-0.0331722	-0.0369707	-0.0238637	-0.0212471	-0.0271578	-0.0373589	-0.0506553	-0.0642344	-0.0621318	-0.0548783	-0.0448097	-0.0397953	-0.0525224	-0.109647	-0.197421	-0.286153	-0.346075	-0.373658	-0.368051	-0.335572	-0.269029	-0.163902	-0.00250052	0.202801	0.440457	0.692744	0.937421	1.14951	1.27432	1.27772	1.15075	0.924294	0.632034	0.315415	-0.00295793	-0.308504	-0.560722	-0.748556	-0.861716	-0.904827	-0.915683	-0.911992	-0.909018	-0.915194	-0.896526	-0.817934	-0.67424	-0.461826	-0.186305	0.12517	0.450367	0.764351	1.03237	1.22437	1.30629	1.25731	1.09355	0.854993	0.598156	0.365011	0.150056	-0.0481144	-0.195277	-0.279727	-0.322644	-0.331878	-0.308446	-0.262931	-0.196349	-0.11234	-0.0409808	0	
0	0.00436329	0.000485781	0.00547888	0.000480846	-0.00335859	-0.00143096	-0.00995696	-0.00988321	-0.00621672	-0.00775668	-0.000643525	-0.00358158	-0.0103957	-0.00901537	-0.00621879	-0.000496299	-0.00578849	-0.0124647	-0.00993105	-0.00742455	-0.00816818	-0.0143541	-0.0169841	-0.0191596	-0.0150743	-0.0114891	-0.0219408	-0.0357185	-0.0338615	-0.0193491	-0.0199493	-0.0310352	-0.0487819	-0.0614152	-0.0640762	-0.0505167	-0.0440656	-0.0444217	-0.0526736	-0.0794452	-0.150551	-0.246578	-0.331474	-0.377377	-0.388167	-0.358621	-0.297826	-0.19951	-0.0741881	0.0910929	0.291889	0.519968	0.761589	0.992279	1.18139	1.28178	1.26249	1.11754	0.882558	0.592362	0.285222	-0.0228438	-0.31388	-0.560054	-0.754214	-0.872455	-0.927008	-0.9484	-0.95018	-0.953841	-0.948706	-0.910719	-0.825602	-0.677385	-0.46531	-0.196046	0.111058	0.422167	0.719174	0.989316	1.19771	1.2993	1.27188	1.13012	0.915691	0.681578	0.45976	0.246513	0.046727	-0.110525	-0.216819	-0.285259	-0.319413	-0.324647	-0.308593	-0.257355	-0.165203	-0.0695415	0	
0	0.00241065	-0.00255899	0.00167038	-0.00110145	-0.00519099	-0.00378154	-0.0023708	0.000403342	-0.000831629	-0.00223634	-0.00850841	-0.0147028	-0.00981941	-0.00883345	-0.0087704	-0.00578849	-0.0177832	-0.0196286	-0.00873416	-0.00678007	-0.0178149	-0.0206838	-0.017551	-0.015384	-0.0141873	-0.0199537	-0.0284443	-0.03406	-0.0279959	-0.0187326	-0.0229448	-0.0406622	-0.0616276	-0.0690263	-0.0585525	-0.0421238	-0.0417018	-0.0582527	-0.0807831	-0.125768	-0.206306	-0.303145	-0.375885	-0.404507	-0.393624	-0.337855	-0.241325	-0.114894	0.0310034	0.195567	0.389697	0.606975	0.830954	1.03902	1.19585	1.26568	1.22161	1.06558	0.830542	0.549939	0.259749	-0.0318838	-0.311503	-0.55442	-0.750861	-0.882502	-0.95476	-0.984244	-0.988963	-0.985046	-0.966183	-0.926276	-0.838281	-0.679922	-0.464143	-0.194866	0.102138	0.387475	0.669142	0.943546	1.15895	1.27069	1.264	1.15276	0.973887	0.764973	0.549832	0.34012	0.148638	-0.00919202	-0.13226	-0.227639	-0.294773	-0.335239	-0.34744	-0.309558	-0.213745	-0.0988706	0	
0	-0.00274152	-0.0083308	-0.00783967	-0.00584533	-0.00355035	0.00265854	0.000753461	-0.00210622	-0.00425354	-0.00646165	-0.00865871	-0.00744424	-0.00024933	-0.00593063	-0.0097888	-0.0124647	-0.0196286	-0.0119371	-0.00378183	-0.0165546	-0.0260776	-0.0219698	-0.0155635	-0.0164492	-0.0226525	-0.0333331	-0.0339189	-0.0318195	-0.0283671	-0.0272231	-0.0350325	-0.0571097	-0.0748882	-0.0716451	-0.0521758	-0.0385068	-0.0501473	-0.0799916	-0.120519	-0.178167	-0.2623	-0.348165	-0.402429	-0.411391	-0.376093	-0.290867	-0.163554	-0.011326	0.14144	0.30195	0.484652	0.683851	0.888966	1.06538	1.1879	1.2289	1.16605	1.00529	0.77953	0.515871	0.240587	-0.0327479	-0.30462	-0.552967	-0.755837	-0.897514	-0.974754	-1.00658	-1.01542	-1.01051	-0.992094	-0.948503	-0.845548	-0.674563	-0.45274	-0.188471	0.085582	0.350836	0.628802	0.897654	1.10338	1.21993	1.23716	1.16382	1.02527	0.839451	0.631136	0.432736	0.258122	0.10589	-0.0292179	-0.152371	-0.258983	-0.337298	-0.372804	-0.344988	-0.250421	-0.123881	0	
0	0.00130572	0.00102253	0.00272932	0.00115376	-0.00490632	-0.00535749	-0.00786479	-0.011376	-0.00923086	-0.0071233	-0.00478107	-0.00209701	-0.00218081	-0.0105979	-0.0140381	-0.00993105	-0.00873416	-0.00378183	-0.0126283	-0.0225693	-0.0215199	-0.0155385	-0.0134093	-0.0191225	-0.030446	-0.0384129	-0.0293158	-0.0247189	-0.0304713	-0.0354541	-0.0474151	-0.0668148	-0.077388	-0.0619732	-0.0428282	-0.0388053	-0.0640215	-0.109463	-0.166377	-0.234492	-0.312113	-0.380229	-0.414449	-0.401049	-0.341333	-0.22571	-0.0710472	0.0955996	0.252244	0.402293	0.571489	0.752776	0.930521	1.0747	1.16448	1.17866	1.10593	0.948833	0.731932	0.482354	0.22166	-0.0424493	-0.30755	-0.547017	-0.749636	-0.900004	-0.985684	-1.02807	-1.04424	-1.0422	-1.02077	-0.961038	-0.842127	-0.663188	-0.440575	-0.191006	0.0675932	0.330975	0.598438	0.841656	1.03269	1.15616	1.197	1.16136	1.06054	0.897107	0.704391	0.52773	0.373755	0.229522	0.0862559	-0.0640506	-0.211414	-0.324652	-0.377596	-0.357623	-0.268344	-0.13855	0	
0	0.00294503	-0.000388207	0.000693073	0.00133037	-0.00247953	-0.00295122	-0.00718278	-0.0070252	-0.00403186	-0.00554266	-0.0068122	-0.0120487	-0.0144497	-0.0169882	-0.0145727	-0.00742455	-0.00678007	-0.0165546	-0.0225693	-0.0179191	-0.0145947	-0.014353	-0.0159767	-0.0233533	-0.0355652	-0.0344542	-0.0197198	-0.0213677	-0.0355486	-0.0464227	-0.0561711	-0.0707127	-0.0678605	-0.0503079	-0.0381833	-0.0505595	-0.0892338	-0.151159	-0.223622	-0.293287	-0.357556	-0.402957	-0.415719	-0.38002	-0.290913	-0.148061	0.0291083	0.20545	0.359741	0.503644	0.657715	0.818323	0.966442	1.07238	1.12632	1.1158	1.03244	0.87918	0.677912	0.446695	0.204427	-0.0409882	-0.29524	-0.535138	-0.743276	-0.900762	-0.998773	-1.05414	-1.07504	-1.06994	-1.03676	-0.963152	-0.838405	-0.657028	-0.436594	-0.192565	0.0676921	0.323467	0.561079	0.778075	0.961312	1.08709	1.14433	1.14037	1.07129	0.935199	0.772751	0.625793	0.491688	0.355522	0.206334	0.0320451	-0.149229	-0.289041	-0.355462	-0.343674	-0.262278	-0.13753	0	
0	-0.00142287	-0.00242536	-0.00316387	-0.00612961	-0.007134	-0.00415388	-0.00108611	-0.00010361	-0.00352527	-0.00510936	-0.00884081	-0.014196	-0.0104877	-0.00931435	-0.0106372	-0.00816818	-0.0178149	-0.0260776	-0.0215199	-0.0145947	-0.0195954	-0.0227317	-0.0252134	-0.0353271	-0.0403911	-0.0313722	-0.0206945	-0.0321729	-0.0522734	-0.0627871	-0.0688201	-0.0707806	-0.061288	-0.0476836	-0.0523364	-0.0790116	-0.131812	-0.208171	-0.287377	-0.349378	-0.389212	-0.410025	-0.39752	-0.333852	-0.215365	-0.0455917	0.144459	0.322582	0.472459	0.601818	0.737189	0.867684	0.975698	1.04339	1.06392	1.03545	0.954866	0.814831	0.631958	0.4229	0.196725	-0.0376939	-0.283283	-0.522078	-0.736652	-0.90726	-1.017	-1.07499	-1.09525	-1.08704	-1.04693	-0.969729	-0.842534	-0.654355	-0.427571	-0.179667	0.0756584	0.308675	0.52064	0.723523	0.894929	1.01336	1.08043	1.09704	1.0538	0.955985	0.837413	0.722919	0.606747	0.477747	0.323086	0.132128	-0.0679133	-0.222799	-0.301757	-0.300919	-0.229482	-0.118185	0	
0	-0.00253554	-0.00764203	-0.00760276	-0.00317986	-0.00313083	-0.00215039	-0.00304927	-0.00557515	-0.00810614	-0.00851406	-0.00942216	-0.0103703	-0.00481001	-0.00871662	-0.0123137	-0.0143541	-0.0206838	-0.0219698	-0.0155385	-0.014353	-0.0227317	-0.0259947	-0.0333263	-0.0379728	-0.0329925	-0.0255636	-0.0274605	-0.045736	-0.0644805	-0.0731247	-0.0688819	-0.0616461	-0.0508929	-0.0538247	-0.0740101	-0.116386	-0.180865	-0.267421	-0.344217	-0.387019	-0.401786	-0.395535	-0.357731	-0.265313	-0.118558	0.0662956	0.26199	0.434782	0.575415	0.690909	0.800591	0.896487	0.965285	0.993872	0.988706	0.952311	0.876595	0.755726	0.595899	0.405102	0.194443	-0.0298199	-0.274895	-0.518047	-0.735534	-0.909428	-1.02384	-1.08713	-1.11098	-1.10343	-1.06343	-0.981529	-0.8428	-0.644094	-0.41148	-0.165063	0.0768213	0.292267	0.491436	0.679102	0.83171	0.940301	1.00653	1.02868	1.01213	0.964217	0.894107	0.81124	0.713426	0.590442	0.431106	0.235985	0.036696	-0.122027	-0.214026	-0.227851	-0.17028	-0.0819943	0	
0	0.00123426	0.00289417	0.00195385	-0.000740067	-0.00442512	-0.00616484	-0.00808091	-0.011468	-0.0127158	-0.00962543	-0.00978151	-0.0100885	-0.00637798	-0.0100251	-0.0164949	-0.0169841	-0.017551	-0.0155635	-0.0134093	-0.0159767	-0.0252134	-0.0333263	-0.0365324	-0.029968	-0.0232246	-0.0300275	-0.0413933	-0.0575276	-0.0724197	-0.0747582	-0.0608237	-0.0484532	-0.0505824	-0.0712787	-0.108715	-0.162517	-0.238141	-0.325292	-0.387903	-0.407045	-0.393566	-0.362474	-0.295108	-0.174752	-0.0075097	0.185401	0.375829	0.540583	0.669332	0.764449	0.844876	0.90201	0.930723	0.930021	0.908008	0.870874	0.809832	0.706342	0.563721	0.388976	0.187532	-0.0294124	-0.267035	-0.506331	-0.726144	-0.908063	-1.02946	-1.09862	-1.12869	-1.1226	-1.07749	-0.986507	-0.838789	-0.632382	-0.395555	-0.15494	0.0755413	0.282857	0.471449	0.641868	0.777912	0.870181	0.918886	0.94138	0.958562	0.960595	0.932972	0.882216	0.805931	0.688969	0.530341	0.347119	0.165555	0.0115972	-0.0920978	-0.123795	-0.0881553	-0.0342031	0	
0	0.00086203	0.000365082	-0.0004289	0.000765887	-0.00281914	-0.00614521	-0.00833368	-0.00915776	-0.00947892	-0.00867286	-0.00826144	-0.0113763	-0.0127883	-0.0204173	-0.0234227	-0.0191596	-0.015384	-0.0164492	-0.0191225	-0.0233533	-0.0353271	-0.0379728	-0.029968	-0.0195537	-0.0268053	-0.0446908	-0.0549241	-0.0645721	-0.0744238	-0.0686872	-0.0479262	-0.0441885	-0.0648643	-0.10518	-0.154793	-0.22107	-0.30002	-0.377494	-0.41784	-0.409925	-0.371808	-0.3112	-0.215581	-0.0694984	0.110284	0.301447	0.485456	0.639455	0.754912	0.827328	0.872366	0.88961	0.882324	0.854596	0.823075	0.790117	0.741522	0.659054	0.535188	0.375731	0.187422	-0.0222091	-0.256589	-0.496673	-0.718922	-0.904097	-1.03379	-1.11179	-1.14463	-1.13827	-1.08958	-0.988286	-0.830113	-0.61946	-0.384777	-0.150252	0.0760444	0.280061	0.459895	0.616659	0.732267	0.795169	0.823038	0.85378	0.901659	0.938025	0.944881	0.929209	0.877663	0.771772	0.626766	0.469887	0.314748	0.171657	0.0614738	0.00936512	0.0109216	0.0186418	0	
0	-0.00106222	-0.00149188	-0.00444995	-0.00580859	-0.00709017	-0.00677276	-0.00402812	-0.00354667	-0.0047054	-0.00393493	-0.00965211	-0.0175254	-0.0188536	-0.0205682	-0.0206094	-0.0150743	-0.0141873	-0.0226525	-0.030446	-0.0355652	-0.0403911	-0.0329925	-0.0232246	-0.0268053	-0.0456936	-0.0630685	-0.0661547	-0.0712067	-0.0732646	-0.0605906	-0.0445532	-0.0591285	-0.100064	-0.153769	-0.214859	-0.286719	-0.359152	-0.414656	-0.427126	-0.393633	-0.326673	-0.236991	-0.110976	0.0517153	0.235132	0.41921	0.591712	0.733283	0.828789	0.869901	0.875332	0.852406	0.812759	0.770079	0.736071	0.713348	0.683941	0.618785	0.51225	0.367044	0.187502	-0.0137773	-0.243079	-0.483118	-0.709933	-0.904809	-1.04263	-1.12482	-1.15981	-1.1491	-1.09068	-0.983294	-0.824634	-0.61454	-0.380322	-0.145834	0.082252	0.286044	0.458096	0.596443	0.683188	0.719528	0.739772	0.778572	0.837423	0.890537	0.927272	0.946351	0.923045	0.842538	0.728591	0.605244	0.476904	0.349671	0.240008	0.164814	0.119983	0.0720702	0	
0	-0.00580332	-0.00882168	-0.011748	-0.00940014	-0.0074865	-0.00544306	-0.00281102	-0.00266158	-0.00669461	-0.00959192	-0.0128661	-0.0173273	-0.0137503	-0.0123062	-0.0111305	-0.0114891	-0.0199537	-0.0333331	-0.0384129	-0.0344542	-0.0313722	-0.0255636	-0.0300275	-0.0446908	-0.0630685	-0.0731533	-0.0727495	-0.0705969	-0.0650268	-0.0546265	-0.0566224	-0.0924097	-0.147772	-0.212061	-0.279816	-0.348815	-0.401192	-0.427898	-0.412661	-0.351937	-0.256525	-0.134428	0.0127149	0.184103	0.361366	0.53376	0.692889	0.815748	0.883904	0.887247	0.850295	0.790465	0.72842	0.676922	0.650091	0.643281	0.632927	0.590097	0.500424	0.367969	0.196483	-0.0035401	-0.23403	-0.478707	-0.710632	-0.908407	-1.04924	-1.13139	-1.16243	-1.14977	-1.09231	-0.984917	-0.825611	-0.614573	-0.375953	-0.134249	0.0978186	0.296767	0.453506	0.56947	0.636161	0.663282	0.680058	0.710437	0.761457	0.821735	0.880686	0.929065	0.942914	0.908426	0.839082	0.748935	0.644916	0.536897	0.431157	0.330084	0.232721	0.125541	0	
0	0.000279919	0.00082907	-0.000726302	0.000130567	-0.00253536	-0.00673356	-0.00928696	-0.0152619	-0.0203509	-0.0189197	-0.0194119	-0.0167228	-0.00799378	-0.00758167	-0.0146508	-0.0219408	-0.0284443	-0.0339189	-0.0293158	-0.0197198	-0.0206945	-0.0274605	-0.0413933	-0.0549241	-0.0661547	-0.0727495	-0.0658692	-0.0558823	-0.0500764	-0.0574862	-0.0817271	-0.133601	-0.198296	-0.270006	-0.337404	-0.39025	-0.414296	-0.411701	-0.370032	-0.283351	-0.157209	-0.0117663	0.147505	0.313186	0.478365	0.634596	0.775457	0.872897	0.906534	0.869502	0.79502	0.710141	0.637343	0.592355	0.579789	0.592314	0.601875	0.57316	0.494294	0.366643	0.196717	-0.00194549	-0.233407	-0.477546	-0.708056	-0.906112	-1.0458	-1.12836	-1.16353	-1.15396	-1.09858	-0.993065	-0.830573	-0.609381	-0.359908	-0.115023	0.110455	0.296701	0.439482	0.545791	0.609262	0.632143	0.634171	0.643105	0.679601	0.73773	0.805803	0.881442	0.946334	0.972749	0.952328	0.894037	0.813905	0.723465	0.617624	0.489691	0.344027	0.180836	0	
0	0.00285686	0.00719639	0.00550745	0.00325675	-0.00157788	-0.00814514	-0.013424	-0.0166515	-0.0187816	-0.0153581	-0.0115183	-0.0129797	-0.0146445	-0.0236487	-0.0331722	-0.0357185	-0.03406	-0.0318195	-0.0247189	-0.0213677	-0.0321729	-0.045736	-0.0575276	-0.0645721	-0.0712067	-0.0705969	-0.0558823	-0.0446287	-0.0556905	-0.0862223	-0.128379	-0.189312	-0.261542	-0.334856	-0.389815	-0.415975	-0.409943	-0.380183	-0.313389	-0.19743	-0.0456019	0.116526	0.274656	0.430813	0.581109	0.722114	0.841366	0.909206	0.905476	0.831284	0.728159	0.627683	0.555742	0.519848	0.523157	0.551499	0.573768	0.555867	0.482713	0.360128	0.193128	-0.00327019	-0.22876	-0.469445	-0.698712	-0.89615	-1.04013	-1.12922	-1.17004	-1.16586	-1.1104	-0.995285	-0.820449	-0.592522	-0.344183	-0.106852	0.109028	0.2888	0.430557	0.539497	0.602136	0.613197	0.593975	0.580467	0.597441	0.641239	0.711647	0.819876	0.942592	1.02968	1.05713	1.03401	0.978149	0.896649	0.781731	0.629953	0.448609	0.237724	0	
0	-0.00243544	-0.00480332	-0.00872061	-0.007967	-0.00998419	-0.011329	-0.00685619	-0.00461908	-0.00380351	-0.00164414	-0.00815253	-0.0179247	-0.0235541	-0.0320171	-0.0369707	-0.0338615	-0.0279959	-0.0283671	-0.0304713	-0.0355486	-0.0522734	-0.0644805	-0.0724197	-0.0744238	-0.0732646	-0.0650268	-0.0500764	-0.0556905	-0.0897076	-0.139047	-0.189959	-0.257947	-0.331867	-0.394863	-0.423535	-0.418562	-0.383295	-0.327682	-0.231389	-0.0877141	0.0847411	0.250509	0.401728	0.543976	0.680413	0.801623	0.894031	0.924712	0.882311	0.774355	0.649493	0.543406	0.475435	0.452867	0.470304	0.512012	0.546147	0.537415	0.47297	0.356618	0.197006	0.00677129	-0.218025	-0.458476	-0.689704	-0.893984	-1.04493	-1.13902	-1.1805	-1.16946	-1.10422	-0.983222	-0.807886	-0.583678	-0.341788	-0.110463	0.103825	0.287371	0.434909	0.545961	0.602359	0.598953	0.560345	0.523408	0.51474	0.541959	0.619898	0.762119	0.932702	1.06942	1.14426	1.16086	1.12584	1.042	0.911567	0.742298	0.538816	0.290522	0	
0	-0.00748758	-0.0104803	-0.015553	-0.0165867	-0.013845	-0.010028	-0.00631998	-0.00438303	-0.00741704	-0.00978863	-0.014735	-0.0227177	-0.0240209	-0.0247423	-0.0238637	-0.0193491	-0.0187326	-0.0272231	-0.0354541	-0.0464227	-0.0627871	-0.0731247	-0.0747582	-0.0686872	-0.0605906	-0.0546265	-0.0574862	-0.0862223	-0.139047	-0.197231	-0.255029	-0.324878	-0.389798	-0.427079	-0.42387	-0.388027	-0.326584	-0.241435	-0.116358	0.0507126	0.230068	0.390299	0.527526	0.654773	0.771363	0.865961	0.919975	0.909091	0.82674	0.691401	0.555198	0.450224	0.396004	0.38995	0.425382	0.483691	0.5312	0.532767	0.475269	0.364531	0.205046	0.0129552	-0.212218	-0.457641	-0.695128	-0.901279	-1.05058	-1.13914	-1.17379	-1.15922	-1.09348	-0.974341	-0.80413	-0.586119	-0.347394	-0.114268	0.105643	0.29549	0.446518	0.55585	0.604623	0.587752	0.529321	0.468032	0.439192	0.461253	0.550908	0.714782	0.913453	1.08785	1.20735	1.26037	1.23893	1.14769	1.00333	0.822443	0.604412	0.329259	0	
0	-0.00186846	-0.00337665	-0.00546013	-0.00223738	-0.00439562	-0.00885224	-0.00993672	-0.015289	-0.0220644	-0.0245106	-0.0292819	-0.0312591	-0.0249408	-0.0224701	-0.0212471	-0.0199493	-0.0229448	-0.0350325	-0.0474151	-0.0561711	-0.0688201	-0.0688819	-0.0608237	-0.0479262	-0.0445532	-0.0566224	-0.0817271	-0.128379	-0.189959	-0.255029	-0.314888	-0.376992	-0.417259	-0.423149	-0.388743	-0.327847	-0.23862	-0.12629	0.0226618	0.197513	0.370994	0.515545	0.635416	0.742624	0.833377	0.891476	0.90486	0.852681	0.74207	0.593363	0.458934	0.369465	0.333653	0.348366	0.401596	0.472664	0.528575	0.535265	0.479347	0.366023	0.205517	0.0104563	-0.220731	-0.466137	-0.698701	-0.899569	-1.04354	-1.12857	-1.16173	-1.14762	-1.08629	-0.974198	-0.809003	-0.591695	-0.34999	-0.111582	0.113923	0.307807	0.459929	0.565615	0.604589	0.57228	0.496286	0.421953	0.389783	0.415796	0.509584	0.677046	0.887272	1.08687	1.23748	1.3133	1.3002	1.20729	1.05699	0.866983	0.636053	0.34543	0	
0	0.00278143	0.00749006	0.0060221	0.00239525	-0.00139724	-0.00679029	-0.0137347	-0.0205293	-0.0278835	-0.0288378	-0.0286792	-0.0291261	-0.024121	-0.0233798	-0.0271578	-0.0310352	-0.0406622	-0.0571097	-0.0668148	-0.0707127	-0.0707806	-0.0616461	-0.0484532	-0.0441885	-0.0591285	-0.0924097	-0.133601	-0.189312	-0.257947	-0.324878	-0.376992	-0.414995	-0.424086	-0.398169	-0.338658	-0.250228	-0.134212	0.00372586	0.163265	0.335335	0.494583	0.622542	0.724654	0.809092	0.867657	0.887451	0.859556	0.777368	0.648837	0.499362	0.378042	0.305925	0.291622	0.323843	0.389544	0.468962	0.528225	0.533074	0.474351	0.359546	0.195404	0.000574651	-0.224289	-0.465233	-0.695201	-0.892065	-1.03207	-1.11517	-1.15065	-1.1423	-1.08596	-0.97675	-0.812357	-0.593215	-0.347615	-0.104076	0.126358	0.322139	0.470665	0.56693	0.593527	0.551142	0.47222	0.402885	0.377796	0.404704	0.491631	0.65153	0.860682	1.06544	1.2226	1.30498	1.30073	1.21715	1.06927	0.871604	0.630459	0.337806	0	
0	8.31297e-05	-0.000845359	-0.00305125	-0.00104092	-0.00580617	-0.0123999	-0.0147036	-0.0182746	-0.0210345	-0.0192011	-0.0196119	-0.021106	-0.0192098	-0.0264672	-0.0373589	-0.0487819	-0.0616276	-0.0748882	-0.077388	-0.0678605	-0.061288	-0.0508929	-0.0505824	-0.0648643	-0.100064	-0.147772	-0.198296	-0.261542	-0.331867	-0.389798	-0.417259	-0.424086	-0.401005	-0.349436	-0.262013	-0.146641	-0.00377574	0.146399	0.305711	0.464789	0.607701	0.71831	0.798681	0.854006	0.875194	0.854213	0.794239	0.690023	0.557536	0.416766	0.311119	0.259503	0.260887	0.305041	0.379005	0.461261	0.520295	0.526017	0.467497	0.352192	0.192374	0.000189064	-0.226025	-0.464262	-0.688761	-0.881888	-1.02159	-1.10725	-1.14481	-1.1382	-1.08472	-0.977206	-0.811401	-0.588842	-0.338749	-0.090768	0.139835	0.328862	0.46662	0.553295	0.576507	0.539969	0.473997	0.417558	0.397644	0.419807	0.495871	0.641808	0.832992	1.01651	1.15615	1.23393	1.23986	1.17154	1.0316	0.832967	0.592585	0.313078	0	
0	-0.0038113	-0.00529475	-0.0105929	-0.016352	-0.0191747	-0.0195785	-0.0186538	-0.0166782	-0.0156796	-0.0106266	-0.0102055	-0.0157068	-0.0205648	-0.0335478	-0.0506553	-0.0614152	-0.0690263	-0.0716451	-0.0619732	-0.0503079	-0.0476836	-0.0538247	-0.0712787	-0.10518	-0.153769	-0.212061	-0.270006	-0.334856	-0.394863	-0.427079	-0.423149	-0.398169	-0.349436	-0.269435	-0.154712	-0.0112083	0.145028	0.296746	0.444139	0.58817	0.714022	0.80327	0.855953	0.87399	0.853746	0.79713	0.710118	0.596902	0.466568	0.338401	0.251965	0.216516	0.23358	0.289536	0.370219	0.457394	0.519246	0.523232	0.464072	0.350121	0.188779	-0.00222006	-0.223102	-0.458821	-0.684557	-0.878871	-1.01756	-1.10151	-1.13979	-1.13422	-1.07896	-0.969008	-0.800655	-0.574909	-0.32442	-0.0816227	0.138902	0.316718	0.447885	0.536826	0.572012	0.553553	0.504635	0.458444	0.440492	0.457445	0.520386	0.640988	0.793804	0.935439	1.04405	1.10966	1.11972	1.06309	0.935921	0.751758	0.531881	0.280389	0	
0	-0.00849178	-0.0172151	-0.0229152	-0.0211015	-0.0219994	-0.0208356	-0.0162687	-0.0125446	-0.0107929	-0.0105725	-0.01682	-0.0289778	-0.0386932	-0.0544055	-0.0642344	-0.0640762	-0.0585525	-0.0521758	-0.0428282	-0.0381833	-0.0523364	-0.0740101	-0.108715	-0.154793	-0.214859	-0.279816	-0.337404	-0.389815	-0.423535	-0.42387	-0.388743	-0.338658	-0.262013	-0.154712	-0.0119486	0.145051	0.302601	0.441149	0.572879	0.699144	0.802809	0.863744	0.877845	0.854337	0.795519	0.710176	0.61193	0.498654	0.380707	0.271165	0.20295	0.185959	0.216011	0.28003	0.36749	0.457467	0.518766	0.524564	0.466352	0.351425	0.192704	0.00099572	-0.225955	-0.464959	-0.68991	-0.880881	-1.01683	-1.09851	-1.13088	-1.11852	-1.05956	-0.947588	-0.779515	-0.560603	-0.322557	-0.0920099	0.1193	0.293637	0.431272	0.53601	0.591188	0.59156	0.556719	0.51889	0.502778	0.511716	0.551793	0.632304	0.734097	0.827283	0.89984	0.943026	0.943068	0.890226	0.782814	0.633023	0.455112	0.244258	0	
0	-0.00505759	-0.00767379	-0.0115636	-0.0147129	-0.0155353	-0.0139633	-0.0125914	-0.0150071	-0.0223979	-0.0290559	-0.0414676	-0.0553885	-0.0600864	-0.0634776	-0.0621318	-0.0505167	-0.0421238	-0.0385068	-0.0388053	-0.0505595	-0.0790116	-0.116386	-0.162517	-0.22107	-0.286719	-0.348815	-0.39025	-0.415975	-0.418562	-0.388027	-0.327847	-0.250228	-0.146641	-0.0112083	0.145051	0.303922	0.447662	0.570137	0.684183	0.789853	0.866099	0.888376	0.861099	0.797526	0.708444	0.609578	0.508831	0.406679	0.304292	0.212695	0.164539	0.16261	0.205475	0.28062	0.374538	0.46864	0.532487	0.534494	0.471748	0.353059	0.186791	-0.0108304	-0.23885	-0.477285	-0.701239	-0.888428	-1.01454	-1.08268	-1.1049	-1.08667	-1.02572	-0.920807	-0.767762	-0.564926	-0.340197	-0.117363	0.0944372	0.278385	0.432885	0.55703	0.630963	0.648318	0.626907	0.596039	0.575782	0.565073	0.569611	0.603023	0.654343	0.701312	0.733404	0.741439	0.71804	0.664457	0.584221	0.483416	0.36197	0.201845	0	
0	0.00290421	0.00295603	0.00478721	0.00794285	0.00428928	-0.00130498	-0.0122679	-0.025656	-0.0403453	-0.053628	-0.0640935	-0.0707186	-0.065975	-0.06323	-0.0548783	-0.0440656	-0.0417018	-0.0501473	-0.0640215	-0.0892338	-0.131812	-0.180865	-0.238141	-0.30002	-0.359152	-0.401192	-0.414296	-0.409943	-0.383295	-0.326584	-0.23862	-0.134212	-0.00377574	0.145028	0.302601	0.447662	0.574102	0.677589	0.771274	0.850677	0.888184	0.868411	0.799136	0.705236	0.601018	0.500764	0.41268	0.327603	0.245355	0.175565	0.145395	0.15927	0.213988	0.294617	0.392155	0.485642	0.542418	0.538268	0.468823	0.341553	0.17159	-0.0294002	-0.261312	-0.497646	-0.712125	-0.882526	-0.991954	-1.04912	-1.06423	-1.04693	-0.998552	-0.911009	-0.7735	-0.584267	-0.367476	-0.140992	0.0828948	0.281852	0.453537	0.596367	0.689087	0.723052	0.711313	0.677885	0.639548	0.59687	0.561436	0.551567	0.558435	0.560607	0.547351	0.51335	0.462964	0.409435	0.358672	0.308903	0.247675	0.146698	0	
0	0.00715505	0.0126842	0.0137366	0.00998408	0.0002741	-0.0106734	-0.0222993	-0.036137	-0.0483059	-0.053539	-0.0573262	-0.0579364	-0.0495312	-0.0453995	-0.0448097	-0.0444217	-0.0582527	-0.0799916	-0.109463	-0.151159	-0.208171	-0.267421	-0.325292	-0.377494	-0.414656	-0.427898	-0.411701	-0.380183	-0.327682	-0.241435	-0.12629	0.00372586	0.146399	0.296746	0.441149	0.570137	0.677589	0.761501	0.831198	0.875305	0.872647	0.810938	0.712037	0.603135	0.498132	0.411731	0.340733	0.276051	0.212304	0.158151	0.142635	0.166446	0.226234	0.310408	0.407049	0.495092	0.545884	0.531444	0.452402	0.319975	0.146249	-0.0539628	-0.277872	-0.501013	-0.701136	-0.859667	-0.959573	-1.01062	-1.02897	-1.02249	-0.986335	-0.913183	-0.789338	-0.605797	-0.385147	-0.148565	0.0880454	0.302479	0.49307	0.655287	0.764585	0.808278	0.793919	0.743172	0.675512	0.59786	0.526766	0.479333	0.444126	0.401367	0.344397	0.274042	0.203409	0.151704	0.124391	0.116149	0.110801	0.0757443	0	
0	-0.00269516	-0.00964754	-0.0132847	-0.0181579	-0.0260146	-0.0297739	-0.0374279	-0.0410097	-0.0410958	-0.0388104	-0.0343759	-0.03094	-0.024717	-0.0309383	-0.0397953	-0.0526736	-0.0807831	-0.120519	-0.166377	-0.223622	-0.287377	-0.344217	-0.387903	-0.41784	-0.427126	-0.412661	-0.370032	-0.313389	-0.231389	-0.116358	0.0226618	0.163265	0.305711	0.444139	0.572879	0.684183	0.771274	0.831198	0.866887	0.872682	0.827135	0.733878	0.617132	0.506456	0.413165	0.34362	0.292149	0.243941	0.192426	0.150122	0.142774	0.17096	0.233736	0.31589	0.408989	0.492907	0.535265	0.515383	0.435305	0.303346	0.135705	-0.0577223	-0.275954	-0.4929	-0.687645	-0.838281	-0.932551	-0.985377	-1.00793	-1.00772	-0.982582	-0.918875	-0.797054	-0.612427	-0.388307	-0.140751	0.112343	0.344603	0.55292	0.729247	0.844954	0.884215	0.853316	0.776677	0.678441	0.569434	0.466249	0.381865	0.304908	0.222803	0.134879	0.0434892	-0.0375993	-0.0887501	-0.103557	-0.0834519	-0.0399754	-0.00596612	0	
0	-0.0132742	-0.0272336	-0.0379005	-0.0456106	-0.053509	-0.0543771	-0.0510136	-0.0460246	-0.0374153	-0.0281956	-0.0222533	-0.0212076	-0.0207584	-0.0321701	-0.0525224	-0.0794452	-0.125768	-0.178167	-0.234492	-0.293287	-0.349378	-0.387019	-0.407045	-0.409925	-0.393633	-0.351937	-0.283351	-0.19743	-0.0877141	0.0507126	0.197513	0.335335	0.464789	0.58817	0.699144	0.789853	0.850677	0.875305	0.872682	0.83586	0.756447	0.641305	0.519849	0.418336	0.33964	0.288927	0.251595	0.213743	0.169509	0.133214	0.13096	0.164354	0.229297	0.314286	0.410624	0.49399	0.536727	0.516205	0.435186	0.304122	0.136672	-0.0574946	-0.275609	-0.490457	-0.680982	-0.828343	-0.921159	-0.971426	-0.993663	-0.995968	-0.971769	-0.909563	-0.790743	-0.605219	-0.371806	-0.108801	0.159724	0.405483	0.623538	0.800808	0.907748	0.930948	0.87858	0.776815	0.650591	0.511172	0.374676	0.253293	0.140973	0.0343806	-0.0654702	-0.16234	-0.247338	-0.300754	-0.311227	-0.271466	-0.185574	-0.0860509	0	
