0	0	0	0	0	0	0	0	0	0	0	0	0	0	0	0	0	0	0	0	0	0	0	0	0	0	0	0	0	0	0	0	0	0	0	0	0	0	0	0	0	0	0	0	0	0	0	0	0	0	0	0	0	0	0	0	0	0	0	0	0	0	0	0	0	0	0	0	0	0	0	0	0	0	0	0	0	0	0	0	0	0	0	0	0	0	0	0	0	0	0	0	0	0	0	0	0	0	0	0	
0	9.30022e-12	6.9271e-11	4.69879e-10	2.93648e-09	1.68643e-08	8.87538e-08	4.26831e-07	1.87056e-06	7.45065e-06	2.69099e-05	8.79651e-05	0.00025994	0.000694214	0.00167723	0.00367471	0.00733013	0.0133854	0.0225248	0.0351867	0.0514104	0.0707694	0.0924106	0.115176	0.137765	0.158895	0.177418	0.192392	0.20311	0.209099	0.210107	0.206093	0.197224	0.183882	0.16668	0.146466	0.124313	0.10146	0.0792191	0.0588248	0.0412701	0.0271617	0.016645	0.00942699	0.00489998	0.00232343	0.00100033	0.000389824	0.000137274	4.36692e-05	1.25595e-05	3.27104e-06	7.73158e-07	1.66278e-07	3.26284e-08	5.85871e-09	9.65401e-10	1.46403e-10	2.04894e-11	2.6534e-12	3.18764e-13	3.56107e-14	3.70793e-15	3.60632e-16	3.28298e-17	2.80276e-18	2.24807e-19	1.69703e-20	1.20763e-21	8.11357e-23	5.15416e-24	3.10005e-25	1.76772e-26	9.56821e-28	4.92184e-29	2.40874e-30	1.12273e-31	4.98915e-33	2.1157e-34	8.56949e-36	3.31824e-37	1.22934e-38	4.36106e-40	1.4825e-41	4.83273e-43	1.51177e-44	4.5411e-46	1.31067e-47	3.63698e-49	9.70868e-51	2.49453e-52	6.17249e-54	1.47161e-55	3.38222e-57	7.49705e-59	1.60344e-60	3.31039e-62	6.60007e-64	1.27083e-65	0	
0	6.9271e-11	4.96711e-10	3.23489e-09	1.93752e-08	1.06442e-07	5.34791e-07	2.45006e-06	1.02057e-05	3.85492e-05	0.000131731	0.000406532	0.00113196	0.00284435	0.00646059	0.0133089	0.0249909	0.0430575	0.0685889	0.101839	0.142072	0.187644	0.236262	0.285339	0.332332	0.374989	0.411478	0.440417	0.460846	0.472162	0.47406	0.466491	0.449654	0.424027	0.39042	0.350038	0.304533	0.255997	0.206882	0.159793	0.117184	0.0809974	0.0523533	0.0313877	0.0173178	0.008731	0.00399916	0.00165736	0.00061995	0.000209132	6.36507e-05	1.75037e-05	4.35846e-06	9.85234e-07	2.02766e-07	3.81066e-08	6.5594e-09	1.03724e-09	1.51115e-10	2.034e-11	2.53611e-12	2.93665e-13	3.16551e-14	3.18363e-15	2.99376e-16	2.63754e-17	2.18119e-18	1.6962e-19	1.24246e-20	8.58626e-22	5.60653e-23	3.46394e-24	2.02778e-25	1.12615e-26	5.94046e-28	2.97984e-29	1.42295e-30	6.47519e-32	2.8107e-33	1.16487e-34	4.61353e-36	1.74762e-37	6.3368e-39	2.2011e-40	7.32952e-42	2.34145e-43	7.18056e-45	2.11533e-46	5.98979e-48	1.63123e-49	4.275e-51	1.07872e-52	2.62217e-54	6.14337e-56	1.3879e-57	3.02489e-59	6.36293e-61	1.29236e-62	2.53464e-64	0	
0	4.69879e-10	3.23489e-09	2.01626e-08	1.15323e-07	6.03613e-07	2.88206e-06	1.25136e-05	4.92572e-05	0.000175282	0.000562522	0.00162531	0.004225	0.00988812	0.0208864	0.0399949	0.0698735	0.112266	0.167366	0.233621	0.308006	0.38662	0.465359	0.540482	0.608958	0.668562	0.717811	0.755818	0.782118	0.796504	0.798904	0.789309	0.76776	0.734401	0.689574	0.633976	0.56883	0.496049	0.418342	0.339197	0.262628	0.192696	0.132855	0.0853027	0.0505475	0.0274112	0.0135068	0.00601532	0.00241318	0.000870777	0.000282653	8.26419e-05	2.18114e-05	5.21053e-06	1.13009e-06	2.23234e-07	4.02921e-08	6.66607e-09	1.01402e-09	1.42245e-10	1.84526e-11	2.21957e-12	2.4818e-13	2.58571e-14	2.51584e-15	2.2908e-16	1.95595e-17	1.56892e-18	1.18435e-19	8.42792e-21	5.66233e-22	3.59705e-23	2.16362e-24	1.23387e-25	6.67965e-27	3.43676e-28	1.68245e-29	7.84503e-31	3.48775e-32	1.47984e-33	5.99786e-35	2.32419e-36	8.61789e-38	3.06004e-39	1.04131e-40	3.3984e-42	1.06441e-43	3.20161e-45	9.25399e-47	2.5719e-48	6.87694e-50	1.77008e-51	4.3881e-53	1.04826e-54	2.41427e-56	5.36324e-58	1.14971e-59	2.37937e-61	4.7541e-63	0	
0	2.93648e-09	1.93752e-08	1.15323e-07	6.28352e-07	3.12467e-06	1.41334e-05	5.79495e-05	0.000214674	0.000716343	0.00214773	0.00577608	0.0139284	0.030155	0.0588191	0.103973	0.167907	0.250117	0.347221	0.453771	0.563507	0.670544	0.770172	0.859182	0.935772	0.999212	1.04949	1.08703	1.11237	1.12602	1.12828	1.11921	1.0986	1.06601	1.02089	0.962746	0.891384	0.8072	0.71152	0.606962	0.497654	0.38908	0.287475	0.198765	0.127289	0.0747512	0.0399024	0.0192291	0.00832775	0.00323388	0.00112566	0.000351632	9.87919e-05	2.50356e-05	5.74132e-06	1.19557e-06	2.2686e-07	3.93585e-08	6.26406e-09	9.17446e-10	1.24027e-10	1.55201e-11	1.80249e-12	1.9478e-13	1.96305e-14	1.84924e-15	1.63169e-16	1.35116e-17	1.05196e-18	7.71379e-20	5.33599e-21	3.48745e-22	2.15663e-23	1.2636e-24	7.02375e-26	3.70841e-27	1.86194e-28	8.89987e-30	4.05407e-31	1.76165e-32	7.30929e-34	2.89835e-35	1.09929e-36	3.99136e-38	1.38837e-39	4.63012e-41	1.48145e-42	4.55077e-44	1.34297e-45	3.80976e-47	1.03954e-48	2.72984e-50	6.90284e-52	1.68165e-53	3.94895e-55	8.94277e-57	1.95392e-58	4.12077e-60	8.38898e-62	0	
0	1.68643e-08	1.06442e-07	6.03613e-07	3.12467e-06	1.47181e-05	6.28483e-05	0.000242385	0.000841237	0.0026188	0.00729287	0.0181388	0.0402927	0.0801128	0.143274	0.232278	0.344877	0.47445	0.611942	0.748206	0.875794	0.989785	1.08777	1.16932	1.23519	1.28674	1.32563	1.35347	1.37168	1.38127	1.38285	1.37651	1.36185	1.33801	1.30371	1.25742	1.19747	1.12234	1.03097	0.923216	0.800624	0.667071	0.529047	0.395179	0.274816	0.175835	0.102387	0.0537766	0.0253208	0.0106522	0.00400023	0.00134226	0.000403349	0.000108883	2.64984e-05	5.83559e-06	1.16735e-06	2.12904e-07	3.55293e-08	5.44362e-09	7.68226e-10	1.00162e-10	1.20996e-11	1.35784e-12	1.41911e-13	1.38449e-14	1.26362e-15	1.08116e-16	8.6885e-18	6.56995e-19	4.68251e-20	3.15056e-21	2.00421e-22	1.20714e-23	6.89309e-25	3.73647e-26	1.92495e-27	9.43587e-29	4.40569e-30	1.96137e-31	8.33372e-33	3.38262e-34	1.31276e-35	4.87521e-37	1.73391e-38	5.91041e-40	1.93231e-41	6.06331e-43	1.82727e-44	5.29211e-46	1.47385e-47	3.94939e-49	1.01882e-50	2.53159e-52	6.06224e-54	1.3997e-55	3.11744e-57	6.70075e-59	1.39005e-60	0	
0	8.87538e-08	5.34791e-07	2.88206e-06	1.41334e-05	6.28483e-05	0.000252386	0.000911513	0.00294879	0.008514	0.0218775	0.0499565	0.101434	0.183779	0.299228	0.44248	0.602117	0.764622	0.918232	1.05504	1.17127	1.26638	1.34187	1.40009	1.44355	1.47481	1.49641	1.51058	1.51914	1.52339	1.52407	1.5213	1.51459	1.50285	1.48445	1.45732	1.41903	1.36702	1.29876	1.21176	1.10406	0.975236	0.82764	0.66749	0.505136	0.353763	0.226164	0.130447	0.0673002	0.0309027	0.0126063	0.00457164	0.00147728	0.000426792	0.000110673	2.58664e-05	5.4717e-06	1.05189e-06	1.84493e-07	2.96321e-08	4.37349e-09	5.95111e-10	7.48847e-11	8.73876e-12	9.4824e-13	9.59122e-14	9.06398e-15	8.02029e-16	6.65831e-17	5.19592e-18	3.81815e-19	2.64643e-20	1.73286e-21	1.0735e-22	6.30061e-24	3.50808e-25	1.85526e-26	9.33027e-28	4.46707e-29	2.0382e-30	8.87156e-32	3.6872e-33	1.46463e-34	5.56499e-36	2.02426e-37	7.05457e-39	2.35723e-40	7.55731e-42	2.32629e-43	6.87975e-45	1.95598e-46	5.34931e-48	1.40805e-49	3.56917e-51	8.71702e-53	2.0523e-54	4.66007e-56	1.021e-57	2.15853e-59	0	
0	4.26831e-07	2.45006e-06	1.25136e-05	5.79495e-05	0.000242385	0.000911513	0.00306763	0.00919747	0.0244686	0.0575868	0.119758	0.220447	0.36127	0.532663	0.717083	0.896427	1.05768	1.19428	1.30483	1.39092	1.45539	1.50131	1.53147	1.54879	1.55669	1.55844	1.55682	1.55417	1.55219	1.5518	1.55319	1.55571	1.558	1.55792	1.55284	1.53967	1.51499	1.47571	1.41905	1.34199	1.24152	1.11538	0.963524	0.790246	0.605913	0.427037	0.272297	0.155159	0.0783976	0.0350077	0.0138156	0.00482975	0.00150114	0.000416643	0.000103747	2.32853e-05	4.73212e-06	8.74527e-07	1.4757e-07	2.28235e-08	3.24682e-09	4.26239e-10	5.17955e-11	5.84257e-12	6.13383e-13	6.0081e-14	5.50315e-15	4.72363e-16	3.8071e-17	2.8865e-18	2.06237e-19	1.39087e-20	8.86739e-22	5.35212e-23	3.06243e-24	1.66331e-25	8.58575e-27	4.21674e-28	1.97261e-29	8.79877e-31	3.74578e-32	1.52337e-33	5.92379e-35	2.20438e-36	7.8563e-38	2.68364e-39	8.79271e-41	2.76514e-42	8.35211e-44	2.42459e-45	6.7687e-47	1.81825e-48	4.70245e-50	1.17152e-51	2.81291e-53	6.5126e-55	1.45462e-56	3.13444e-58	0	
0	1.87056e-06	1.02057e-05	4.92572e-05	0.000214674	0.000841237	0.00294879	0.00919747	0.0253966	0.061806	0.132167	0.248258	0.411221	0.606613	0.809929	0.999011	1.16169	1.29439	1.39792	1.47457	1.52665	1.55663	1.5672	1.56177	1.5453	1.52297	1.49897	1.47695	1.46	1.45008	1.44833	1.45503	1.4693	1.48961	1.51328	1.53682	1.55623	1.5667	1.56296	1.54112	1.49821	1.43168	1.33918	1.21832	1.06752	0.888109	0.688315	0.486715	0.308324	0.172807	0.085156	0.0368472	0.0140284	0.00471784	0.00140845	0.000375228	8.96791e-05	1.9326e-05	3.77342e-06	6.70537e-07	1.08897e-07	1.6225e-08	2.22575e-09	2.82046e-10	3.31156e-11	3.61273e-12	3.67161e-13	3.48454e-14	3.09512e-15	2.57845e-16	2.01855e-17	1.48769e-18	1.03399e-19	6.78804e-21	4.21557e-22	2.48006e-23	1.38403e-24	7.33581e-26	3.69734e-27	1.77402e-28	8.11177e-30	3.53836e-31	1.47379e-32	5.86688e-34	2.23408e-35	8.14453e-37	2.8448e-38	9.52754e-40	3.06172e-41	9.44717e-43	2.80075e-44	7.98277e-46	2.18877e-47	5.77648e-49	1.46818e-50	3.59566e-52	8.48945e-54	1.93326e-55	4.24646e-57	0	
0	7.45065e-06	3.85492e-05	0.000175282	0.000716343	0.0026188	0.008514	0.0244686	0.061806	0.136559	0.263246	0.443473	0.658377	0.87621	1.07124	1.23398	1.36449	1.46346	1.53092	1.5671	1.57365	1.55448	1.51485	1.46211	1.40414	1.34648	1.2935	1.2496	1.21769	1.19962	1.1966	1.20871	1.23529	1.27464	1.32443	1.38089	1.43937	1.49512	1.54088	1.56893	1.57324	1.54923	1.49442	1.40799	1.29003	1.14032	0.957782	0.746792	0.526869	0.329542	0.180584	0.0863362	0.0360495	0.013199	0.00426077	0.00121993	0.00031166	7.14542e-05	1.47815e-05	2.77285e-06	4.73857e-07	7.4083e-08	1.06371e-08	1.40768e-09	1.7226e-10	1.95509e-11	2.06377e-12	2.03132e-13	1.86876e-14	1.61044e-15	1.3027e-16	9.91016e-18	7.10287e-19	4.80429e-20	3.07149e-21	1.85881e-22	1.06631e-23	5.80591e-25	3.00418e-26	1.47896e-27	6.93491e-29	3.10051e-30	1.32301e-31	5.3931e-33	2.10207e-34	7.84079e-36	2.80109e-37	9.5914e-39	3.15026e-40	9.93172e-42	3.00751e-43	8.75333e-45	2.45013e-46	6.59948e-48	1.71151e-49	4.27592e-51	1.02964e-52	2.39093e-54	5.35398e-56	0	
0	2.69099e-05	0.000131731	0.000562522	0.00214773	0.00729287	0.0218775	0.0575868	0.132167	0.263246	0.454601	0.684843	0.915308	1.11615	1.28108	1.41337	1.51003	1.56587	1.5799	1.5551	1.49862	1.41906	1.32558	1.22803	1.13271	1.04371	0.966323	0.904766	0.860756	0.836322	0.832467	0.848694	0.885292	0.940002	1.01129	1.09616	1.18959	1.28683	1.38308	1.4692	1.53604	1.57446	1.57662	1.53774	1.45687	1.33813	1.18644	1.00006	0.779016	0.543964	0.333198	0.177221	0.0817173	0.0327776	0.0115035	0.00355616	0.000974968	0.000238612	5.24479e-05	1.04118e-05	1.87633e-06	3.08384e-07	4.64216e-08	6.42495e-09	8.20495e-10	9.69935e-11	1.06453e-11	1.08771e-12	1.03729e-13	9.25415e-15	7.74033e-16	6.08197e-17	4.49786e-18	3.13621e-19	2.06516e-20	1.28623e-21	7.58805e-23	4.24594e-24	2.25635e-25	1.14012e-26	5.4841e-28	2.51384e-29	1.09923e-30	4.58971e-32	1.83157e-33	6.99169e-35	2.55521e-36	8.94745e-38	3.0042e-39	9.67895e-41	2.99431e-42	8.90062e-44	2.54373e-45	6.99377e-47	1.85093e-48	4.7179e-50	1.15882e-51	2.74416e-53	6.26526e-55	0	
0	8.79651e-05	0.000406532	0.00162531	0.00577608	0.0181388	0.0499565	0.119758	0.248258	0.443473	0.684843	0.928156	1.13749	1.3079	1.44545	1.54093	1.58213	1.57036	1.51314	1.42057	1.30382	1.17193	1.0349	0.900251	0.772163	0.656957	0.560851	0.485223	0.432039	0.403006	0.398271	0.417776	0.461478	0.52842	0.616541	0.724087	0.847969	0.980337	1.11732	1.25227	1.37612	1.4797	1.55225	1.58349	1.56429	1.48966	1.36732	1.21023	1.01702	0.784432	0.536636	0.318822	0.163271	0.0721592	0.0276769	0.00928001	0.00274098	0.000718452	0.000168268	3.54359e-05	6.74824e-06	1.16809e-06	1.84636e-07	2.67634e-08	3.57118e-09	4.4019e-10	5.02818e-11	5.33812e-12	5.28128e-13	4.88131e-14	4.22448e-15	3.43061e-16	2.6193e-17	1.8837e-18	1.27819e-19	8.19664e-21	4.97487e-22	2.86186e-23	1.56247e-24	8.10615e-26	4.00102e-27	1.8809e-28	8.43058e-30	3.60646e-31	1.47383e-32	5.75905e-34	2.15358e-35	7.71321e-37	2.64794e-38	8.71973e-40	2.7563e-41	8.36896e-43	2.44241e-44	6.85544e-46	1.85173e-47	4.81607e-49	1.20674e-50	2.91452e-52	6.78508e-54	0	
0	0.00025994	0.00113196	0.004225	0.0139284	0.0402927	0.101434	0.220447	0.411221	0.658377	0.915308	1.13749	1.31666	1.4616	1.55797	1.58543	1.55066	1.46788	1.34546	1.19472	1.02452	0.845038	0.667168	0.497356	0.343071	0.211465	0.104151	0.0204251	-0.0363286	-0.0672999	-0.0730416	-0.0514452	-0.00566504	0.0676304	0.165735	0.287492	0.432976	0.59764	0.772839	0.953158	1.12795	1.28784	1.42272	1.52238	1.57796	1.57715	1.50726	1.37918	1.21409	1.00985	0.762993	0.505456	0.288276	0.140985	0.0593603	0.0216754	0.00692174	0.00194904	0.000487671	0.00010919	2.20157e-05	4.02016e-06	6.68236e-07	1.01575e-07	1.4178e-08	1.82408e-09	2.17049e-10	2.39613e-11	2.46117e-12	2.35824e-13	2.11301e-14	1.7744e-15	1.39938e-16	1.03847e-17	7.2644e-19	4.79825e-20	2.99726e-21	1.77321e-22	9.94923e-24	5.30124e-25	2.68568e-26	1.29516e-27	5.95191e-29	2.60918e-30	1.09217e-31	4.36938e-33	1.67215e-34	6.12665e-36	2.15084e-37	7.24039e-39	2.33884e-40	7.25476e-42	2.16231e-43	6.1967e-45	1.70849e-46	4.53446e-48	1.15915e-49	2.85553e-51	6.77903e-53	0	
0	0.000694214	0.00284435	0.00988812	0.030155	0.0801128	0.183779	0.36127	0.606613	0.87621	1.11615	1.3079	1.4616	1.56328	1.58407	1.53386	1.43451	1.2868	1.10087	0.890651	0.667887	0.448391	0.241338	0.0544999	-0.10633	-0.239695	-0.347574	-0.427488	-0.480948	-0.510021	-0.515353	-0.495918	-0.452374	-0.383159	-0.286705	-0.162565	-0.0137712	0.16389	0.363014	0.579166	0.801908	1.01876	1.21616	1.38052	1.4995	1.57076	1.58109	1.50996	1.3739	1.19841	0.977979	0.714918	0.453043	0.245545	0.113808	0.0453947	0.0157172	0.00476638	0.00127687	0.000304536	6.5118e-05	1.25619e-05	2.19849e-06	3.50819e-07	5.12724e-08	6.89099e-09	8.54811e-10	9.81959e-11	1.04778e-11	1.04138e-12	9.66537e-14	8.39692e-15	6.84321e-16	5.2422e-17	3.78178e-18	2.57375e-19	1.65513e-20	1.0073e-21	5.8099e-23	3.18013e-24	1.65402e-25	8.18412e-27	3.85684e-28	1.73293e-29	7.43121e-31	3.04427e-32	1.19247e-33	4.4702e-35	1.60501e-36	5.52386e-38	1.82365e-39	5.77946e-41	1.75943e-42	5.14844e-44	1.44901e-45	3.92477e-47	1.02365e-48	2.57229e-50	6.22755e-52	0	
0	0.00167723	0.00646059	0.0208864	0.0588191	0.143274	0.299228	0.532663	0.809929	1.07124	1.28108	1.44545	1.55797	1.58407	1.52756	1.41797	1.24888	1.02766	0.781998	0.522954	0.269518	0.0317947	-0.182093	-0.367237	-0.522117	-0.646364	-0.74104	-0.807067	-0.851875	-0.875017	-0.878348	-0.865015	-0.827921	-0.771152	-0.687924	-0.575442	-0.432629	-0.259767	-0.0567907	0.171884	0.420663	0.678683	0.931814	1.16496	1.35771	1.49	1.56937	1.57932	1.49797	1.3515	1.16158	0.919475	0.641634	0.38437	0.196171	0.0855928	0.0321862	0.0105297	0.00302474	0.00076948	0.000174697	3.5639e-05	6.57309e-06	1.10199e-06	1.68753e-07	2.37077e-08	3.06755e-09	3.6686e-10	4.06835e-11	4.19588e-12	4.0354e-13	3.62815e-14	3.05641e-15	2.41759e-16	1.79909e-17	1.26186e-18	8.35596e-20	5.2324e-21	3.10291e-22	1.74506e-23	9.31945e-25	4.73204e-26	2.28713e-27	1.05341e-28	4.62826e-30	1.9417e-31	7.78569e-33	2.9864e-34	1.09674e-35	3.8593e-37	1.30227e-38	4.2169e-40	1.31127e-41	3.91815e-43	1.12575e-44	3.11194e-46	8.28149e-48	2.12281e-49	5.24126e-51	0	
0	0.00367471	0.0133089	0.0399949	0.103973	0.232278	0.44248	0.717083	0.999011	1.23398	1.41337	1.54093	1.58543	1.53386	1.41797	1.23544	0.986122	0.713918	0.427221	0.141348	-0.125785	-0.368042	-0.573587	-0.743506	-0.874068	-0.96978	-1.03692	-1.08245	-1.1099	-1.12428	-1.12593	-1.11643	-1.09577	-1.05814	-0.999073	-0.916791	-0.799137	-0.64659	-0.453807	-0.22695	0.0326617	0.31134	0.600815	0.879044	1.14135	1.35418	1.49452	1.57504	1.57051	1.4712	1.31125	1.09996	0.832724	0.547285	0.306672	0.146256	0.0597414	0.0210946	0.00650157	0.00176525	0.000425753	9.18976e-05	1.78696e-05	3.14875e-06	5.05407e-07	7.42423e-08	1.00228e-08	1.24822e-09	1.43895e-10	1.54029e-11	1.53532e-12	1.42878e-13	1.24435e-14	1.01646e-15	7.80368e-17	5.6415e-18	3.8472e-19	2.47894e-20	1.51158e-21	8.73507e-23	4.7903e-24	2.49617e-25	1.23745e-26	5.84264e-28	2.63021e-29	1.13009e-30	4.63867e-32	1.82066e-33	6.83907e-35	2.46068e-36	8.48685e-38	2.80798e-39	8.91886e-41	2.72137e-42	7.98199e-44	2.25191e-45	6.11456e-47	1.59882e-48	4.02575e-50	0	
0	0.00733013	0.0249909	0.0698735	0.167907	0.344877	0.602117	0.896427	1.16169	1.36449	1.51003	1.58213	1.55066	1.43451	1.24888	0.986122	0.691566	0.381808	0.0598664	-0.234979	-0.502622	-0.721746	-0.897236	-1.02436	-1.11221	-1.1673	-1.20018	-1.21539	-1.22113	-1.22422	-1.22319	-1.22083	-1.21815	-1.2072	-1.18412	-1.13746	-1.06395	-0.953698	-0.797345	-0.596458	-0.346417	-0.06155	0.251724	0.570592	0.869615	1.15168	1.36953	1.51252	1.58253	1.55011	1.42912	1.24978	1.00876	0.71911	0.439688	0.228478	0.10121	0.0385375	0.0127374	0.00368983	0.000945202	0.000215826	4.42411e-05	8.19256e-06	1.37819e-06	2.11669e-07	2.98123e-08	3.86599e-09	4.6326e-10	5.14649e-11	5.31638e-12	5.12067e-13	4.61033e-14	3.88898e-15	3.08009e-16	2.29496e-17	1.61164e-18	1.06854e-19	6.69931e-21	3.97779e-22	2.23993e-23	1.19779e-24	6.09006e-26	2.94757e-27	1.35952e-28	5.98201e-30	2.51346e-31	1.00942e-32	3.87823e-34	1.42667e-35	5.02911e-37	1.70009e-38	5.51546e-40	1.7184e-41	5.14506e-43	1.48134e-44	4.10375e-46	1.09452e-47	2.81039e-49	0	
0	0.0133854	0.0430575	0.112266	0.250117	0.47445	0.764622	1.05768	1.29439	1.46346	1.56587	1.57036	1.46788	1.2868	1.02766	0.713918	0.381808	0.0303549	-0.291208	-0.576001	-0.813017	-0.990697	-1.11782	-1.19218	-1.22835	-1.23439	-1.22113	-1.20477	-1.18847	-1.1766	-1.17519	-1.18482	-1.19616	-1.21425	-1.23182	-1.23343	-1.21223	-1.15204	-1.04913	-0.889764	-0.679008	-0.408632	-0.104602	0.241726	0.582987	0.905562	1.19302	1.40388	1.54056	1.58188	1.51404	1.36927	1.16029	0.885233	0.58544	0.329686	0.157835	0.0646563	0.0228776	0.00706139	0.00191912	0.000463143	0.000100001	1.94476e-05	3.42671e-06	5.49951e-07	8.07699e-08	1.09015e-08	1.35732e-09	1.56435e-10	1.67417e-11	1.66847e-12	1.55247e-13	1.35196e-14	1.10433e-15	8.47856e-17	6.13001e-18	4.18106e-19	2.69473e-20	1.64369e-21	9.50233e-23	5.21356e-24	2.71825e-25	1.3484e-26	6.37112e-28	2.87043e-29	1.23439e-30	5.07172e-32	1.99273e-33	7.49391e-35	2.69958e-36	9.32293e-38	3.08889e-39	9.8255e-41	3.00266e-42	8.82146e-44	2.49302e-45	6.78145e-47	1.77546e-48	0	
0	0.0225248	0.0685889	0.167366	0.347221	0.611942	0.918232	1.19428	1.39792	1.53092	1.5799	1.51314	1.34546	1.10087	0.781998	0.427221	0.0598664	-0.291208	-0.596728	-0.859468	-1.04519	-1.17296	-1.22897	-1.24171	-1.20915	-1.16554	-1.11314	-1.06915	-1.03392	-1.0126	-1.01229	-1.02452	-1.05238	-1.09512	-1.1428	-1.1937	-1.23247	-1.23881	-1.20324	-1.10316	-0.942845	-0.708634	-0.418366	-0.0855793	0.281483	0.641155	0.980749	1.25715	1.45558	1.56748	1.56338	1.45983	1.2846	1.03534	0.733089	0.444243	0.228715	0.100426	0.0379311	0.0124453	0.00358132	0.000911895	0.000207084	4.2238e-05	7.78613e-06	1.30439e-06	1.99573e-07	2.8011e-08	3.62086e-09	4.32624e-10	4.79339e-11	4.93966e-12	4.74736e-13	4.26573e-14	3.59185e-15	2.84021e-16	2.11321e-17	1.48215e-18	9.81607e-20	6.14855e-21	3.64791e-22	2.05286e-23	1.09721e-24	5.57664e-26	2.69845e-27	1.2445e-28	5.476e-30	2.30119e-31	9.24413e-33	3.55297e-34	1.30766e-35	4.61239e-37	1.56033e-38	5.06621e-40	1.5799e-41	4.73524e-43	1.36489e-44	3.78583e-46	1.01043e-47	0	
0	0.0351867	0.101839	0.233621	0.453771	0.748206	1.05504	1.30483	1.47457	1.5671	1.5551	1.42057	1.19472	0.890651	0.522954	0.141348	-0.234979	-0.576001	-0.859468	-1.06473	-1.19054	-1.24117	-1.22754	-1.16943	-1.08757	-0.999169	-0.922645	-0.856874	-0.818114	-0.796074	-0.790044	-0.805818	-0.840362	-0.893558	-0.965381	-1.05362	-1.13695	-1.21026	-1.24076	-1.2209	-1.12288	-0.952619	-0.69631	-0.378107	-0.0104685	0.37056	0.747935	1.08258	1.33926	1.51429	1.57698	1.52222	1.38237	1.1641	0.873399	0.564987	0.310916	0.145638	0.0584897	0.0203324	0.00617765	0.00165552	0.000394543	8.42343e-05	1.6216e-05	2.8312e-06	4.50611e-07	6.56809e-08	8.80394e-09	1.08927e-09	1.24819e-10	1.32878e-11	1.31786e-12	1.22081e-13	1.05882e-14	8.61669e-16	6.59304e-17	4.75199e-18	3.232e-19	2.0777e-20	1.26438e-21	7.29415e-23	3.9945e-24	2.07917e-25	1.02986e-26	4.85975e-28	2.18707e-29	9.39642e-31	3.8577e-32	1.51479e-33	5.69396e-35	2.05053e-36	7.08027e-38	2.34577e-39	7.46251e-41	2.28108e-42	6.70399e-44	1.89554e-45	5.15594e-47	0	
0	0.0514104	0.142072	0.308006	0.563507	0.875794	1.17127	1.39092	1.52665	1.57365	1.49862	1.30382	1.02452	0.667887	0.269518	-0.125785	-0.502622	-0.813017	-1.04519	-1.19054	-1.24514	-1.21986	-1.1368	-1.01782	-0.894634	-0.785391	-0.706231	-0.652665	-0.615074	-0.598261	-0.595125	-0.606109	-0.63706	-0.681194	-0.749764	-0.847472	-0.967506	-1.09215	-1.19163	-1.24394	-1.22225	-1.1144	-0.915238	-0.636074	-0.281327	0.110442	0.510593	0.890548	1.20141	1.43252	1.55889	1.55773	1.45549	1.26994	1	0.684859	0.400151	0.198854	0.0845212	0.0310039	0.00991048	0.00278634	0.000694884	0.00015489	3.1067e-05	5.64077e-06	9.32087e-07	1.40839e-07	1.95431e-08	2.50002e-09	2.95859e-10	3.24933e-11	3.32147e-12	3.16842e-13	2.82743e-14	2.36567e-15	1.85966e-16	1.37615e-17	9.60364e-19	6.33095e-20	3.94862e-21	2.33348e-22	1.3084e-23	6.96981e-25	3.53161e-26	1.70411e-27	7.8391e-29	3.44134e-30	1.44313e-31	5.7863e-33	2.22022e-34	8.15931e-36	2.87422e-37	9.71234e-39	3.1505e-40	9.81717e-42	2.94056e-43	8.47199e-45	2.34755e-46	0	
0	0.0707694	0.187644	0.38662	0.670544	0.989785	1.26638	1.45539	1.55663	1.55448	1.41906	1.17193	0.845038	0.448391	0.0317947	-0.368042	-0.721746	-0.990697	-1.17296	-1.24117	-1.21986	-1.11888	-0.976873	-0.823116	-0.694767	-0.603082	-0.547593	-0.511273	-0.492286	-0.483718	-0.480816	-0.486725	-0.502675	-0.530918	-0.577261	-0.652982	-0.767754	-0.915097	-1.06525	-1.18792	-1.24262	-1.21362	-1.07568	-0.840004	-0.517611	-0.131194	0.281064	0.692951	1.05076	1.33171	1.51593	1.56939	1.50653	1.35365	1.10943	0.798012	0.491642	0.257663	0.115304	0.0444246	0.0148779	0.00437196	0.00113707	0.000263793	5.49685e-05	1.03519e-05	1.77161e-06	2.76876e-07	3.969e-08	5.23931e-09	6.39175e-10	7.22986e-11	7.60488e-12	7.45911e-13	6.83908e-14	5.87519e-15	4.73898e-16	3.5962e-17	2.57213e-18	1.73691e-19	1.10915e-20	6.70784e-22	3.84736e-23	2.09558e-24	1.08529e-25	5.35058e-27	2.51389e-28	1.12678e-29	4.8229e-31	1.97317e-32	7.72319e-34	2.89449e-35	1.03955e-36	3.58051e-38	1.18357e-39	3.7575e-41	1.14643e-42	3.3637e-44	9.48999e-46	0	
0	0.0924106	0.236262	0.465359	0.770172	1.08777	1.34187	1.50131	1.5672	1.51485	1.32558	1.0349	0.667168	0.241338	-0.182093	-0.573587	-0.897236	-1.11782	-1.22897	-1.22754	-1.1368	-0.976873	-0.803551	-0.646203	-0.545283	-0.494829	-0.477362	-0.470131	-0.457706	-0.458685	-0.459628	-0.456688	-0.465979	-0.474992	-0.486341	-0.518871	-0.598931	-0.735821	-0.907313	-1.07801	-1.20122	-1.24049	-1.17628	-0.998262	-0.714465	-0.344325	0.0692858	0.500678	0.89598	1.22007	1.45542	1.56166	1.53874	1.41741	1.20058	0.900296	0.580865	0.319087	0.149508	0.0601996	0.0210262	0.00643076	0.0017375	0.000418029	9.01973e-05	1.75643e-05	3.1043e-06	5.00461e-07	7.39271e-08	1.00467e-08	1.26071e-09	1.46563e-10	1.58331e-11	1.59382e-12	1.49883e-13	1.31984e-14	1.09065e-15	8.47453e-17	6.20336e-18	4.28521e-19	2.79806e-20	1.72958e-21	1.01355e-22	5.63837e-24	2.98134e-25	1.50015e-26	7.19143e-28	3.28786e-29	1.43504e-30	5.98531e-32	2.38766e-33	9.11789e-35	3.33589e-36	1.1702e-37	3.93884e-39	1.27303e-40	3.95341e-42	1.18044e-43	3.38852e-45	0	
0	0.115176	0.285339	0.540482	0.859182	1.16932	1.40009	1.53147	1.56177	1.46211	1.22803	0.900251	0.497356	0.0544999	-0.367237	-0.743506	-1.02436	-1.19218	-1.24171	-1.16943	-1.01782	-0.823116	-0.646203	-0.528522	-0.483023	-0.484393	-0.480193	-0.468512	-0.461654	-0.461152	-0.462521	-0.461236	-0.463608	-0.4759	-0.484664	-0.480109	-0.502282	-0.589789	-0.74747	-0.94152	-1.11629	-1.22505	-1.22669	-1.10504	-0.868395	-0.525228	-0.119251	0.322347	0.746105	1.10542	1.38415	1.53941	1.55583	1.46421	1.27407	0.989268	0.664039	0.380014	0.185377	0.0775991	0.0281291	0.0089137	0.00249137	0.000619178	0.000137828	2.76572e-05	5.03172e-06	8.34233e-07	1.26622e-07	1.76676e-08	2.2746e-09	2.71118e-10	3.00106e-11	3.09368e-12	2.97772e-13	2.68244e-14	2.26658e-15	1.80007e-16	1.34619e-17	9.49708e-19	6.33073e-20	3.99362e-21	2.38758e-22	1.35461e-23	7.30285e-25	3.74555e-26	1.8297e-27	8.52213e-29	3.78849e-30	1.60899e-31	6.53444e-33	2.53985e-34	9.45619e-36	3.37499e-37	1.1556e-38	3.79864e-40	1.1996e-41	3.64183e-43	1.06271e-44	0	
0	0.137765	0.332332	0.608958	0.935772	1.23519	1.44355	1.54879	1.5453	1.40414	1.13271	0.772163	0.343071	-0.10633	-0.522117	-0.874068	-1.11221	-1.22835	-1.20915	-1.08757	-0.894634	-0.694767	-0.545283	-0.483023	-0.481428	-0.496868	-0.476224	-0.453833	-0.445828	-0.440631	-0.439	-0.443241	-0.448931	-0.465422	-0.493701	-0.489235	-0.478061	-0.510315	-0.626375	-0.812279	-1.01608	-1.17141	-1.23652	-1.17376	-0.985968	-0.671851	-0.279396	0.163314	0.608208	0.995781	1.30902	1.50736	1.56133	1.49727	1.33162	1.06396	0.738336	0.437532	0.220951	0.0956397	0.0357998	0.0116983	0.00336731	0.000860853	0.000196908	4.05635e-05	7.56967e-06	1.28632e-06	1.99974e-07	2.85605e-08	3.76155e-09	4.58419e-10	5.18569e-11	5.46055e-12	5.36646e-13	4.93406e-14	4.25356e-15	3.44529e-16	2.62696e-17	1.88891e-18	1.28299e-19	8.24442e-21	5.01948e-22	2.89945e-23	1.59107e-24	8.30439e-26	4.12735e-27	1.95547e-28	8.84085e-30	3.81789e-31	1.57631e-32	6.22775e-34	2.35644e-35	8.54596e-37	2.97288e-38	9.92703e-40	3.18412e-41	9.81685e-43	2.90874e-44	0	
0	0.158895	0.374989	0.668562	0.999212	1.28674	1.47481	1.55669	1.52297	1.34648	1.04371	0.656957	0.211465	-0.239695	-0.646364	-0.96978	-1.1673	-1.23439	-1.16554	-0.999169	-0.785391	-0.603082	-0.494829	-0.484393	-0.496868	-0.481296	-0.428024	-0.394722	-0.409886	-0.391773	-0.382518	-0.409253	-0.398617	-0.407844	-0.462805	-0.494298	-0.492001	-0.480084	-0.549619	-0.703908	-0.916263	-1.10593	-1.22375	-1.20793	-1.06663	-0.787012	-0.410698	0.0265029	0.485826	0.897272	1.23727	1.47076	1.55854	1.51953	1.37539	1.12447	0.801892	0.489158	0.254271	0.113197	0.0435305	0.014597	0.00430721	0.00112773	0.000263959	5.56009e-05	1.06025e-05	1.83995e-06	2.9196e-07	4.25397e-08	5.71323e-09	7.09718e-10	8.18039e-11	8.77396e-12	8.78004e-13	8.21732e-14	7.20893e-15	5.94045e-16	4.60695e-17	3.36847e-18	2.32598e-19	1.51919e-20	9.39921e-22	5.51624e-23	3.07491e-24	1.63001e-25	8.22659e-27	3.95728e-28	1.81622e-29	7.96096e-31	3.33572e-32	1.3373e-33	5.13387e-35	1.88882e-36	6.66493e-38	2.25725e-39	7.34248e-41	2.2955e-42	6.89618e-44	0	
0	0.177418	0.411478	0.717811	1.04949	1.32563	1.49641	1.55844	1.49897	1.2935	0.966323	0.560851	0.104151	-0.347574	-0.74104	-1.03692	-1.20018	-1.22113	-1.11314	-0.922645	-0.706231	-0.547593	-0.477362	-0.480193	-0.476224	-0.428024	-0.388116	-0.38334	-0.39474	-0.377278	-0.36856	-0.391938	-0.387953	-0.382774	-0.408992	-0.458285	-0.485971	-0.471025	-0.511688	-0.630029	-0.837407	-1.04101	-1.19456	-1.22291	-1.12077	-0.873856	-0.511594	-0.0824895	0.382206	0.812177	1.17392	1.43499	1.55103	1.53359	1.40755	1.17154	0.853655	0.532938	0.283552	0.129127	0.050751	0.017378	0.00523188	0.0013966	0.000333065	7.14413e-05	1.38654e-05	2.4479e-06	3.95e-07	5.85062e-08	7.98506e-09	1.00772e-09	1.17969e-10	1.28475e-11	1.3051e-12	1.23967e-13	1.10353e-14	9.22541e-16	7.25691e-17	5.38104e-18	3.76757e-19	2.49472e-20	1.56456e-21	9.30615e-23	5.25686e-24	2.82355e-25	1.44372e-26	7.03502e-28	3.27036e-29	1.45178e-30	6.16016e-32	2.50065e-33	9.71967e-35	3.62026e-36	1.29316e-37	4.43308e-39	1.45951e-40	4.6179e-42	1.40392e-43	0	
0	0.192392	0.440417	0.755818	1.08703	1.35347	1.51058	1.55682	1.47695	1.2496	0.904766	0.485223	0.0204251	-0.427488	-0.807067	-1.08245	-1.21539	-1.20477	-1.06915	-0.856874	-0.652665	-0.511273	-0.470131	-0.468512	-0.453833	-0.394722	-0.38334	-0.397138	-0.393375	-0.381577	-0.378943	-0.38893	-0.395551	-0.391942	-0.381421	-0.431267	-0.468273	-0.466701	-0.487114	-0.583144	-0.772501	-0.987095	-1.16425	-1.22802	-1.15241	-0.93331	-0.588797	-0.165309	0.302789	0.744634	1.12204	1.40389	1.54207	1.54187	1.43003	1.20614	0.89315	0.567438	0.307292	0.142373	0.0568948	0.019795	0.00605162	0.00163948	0.00039662	8.62633e-05	1.69701e-05	3.03584e-06	4.96246e-07	7.44397e-08	1.0287e-08	1.31421e-09	1.55714e-10	1.71607e-11	1.76379e-12	1.69484e-13	1.52603e-14	1.29021e-15	1.02629e-16	7.69433e-18	5.44632e-19	3.64546e-20	2.3108e-21	1.38911e-22	7.92954e-24	4.30358e-25	2.22326e-26	1.09448e-27	5.1397e-29	2.30467e-30	9.87711e-32	4.04939e-33	1.58949e-34	5.9784e-36	2.15629e-37	7.46357e-39	2.48088e-40	7.92464e-42	2.4321e-43	0	
0	0.20311	0.460846	0.782118	1.11237	1.37168	1.51914	1.55417	1.46	1.21769	0.860756	0.432039	-0.0363286	-0.480948	-0.851875	-1.1099	-1.22113	-1.18847	-1.03392	-0.818114	-0.615074	-0.492286	-0.457706	-0.461654	-0.445828	-0.409886	-0.39474	-0.393375	-0.368239	-0.365887	-0.371978	-0.364633	-0.382602	-0.397343	-0.399292	-0.43251	-0.458474	-0.45828	-0.470366	-0.553872	-0.731527	-0.95002	-1.13968	-1.22384	-1.17311	-0.972011	-0.638449	-0.222015	0.24693	0.69702	1.08487	1.38056	1.53418	1.5463	1.44444	1.22923	0.920252	0.591685	0.32433	0.152058	0.0614629	0.0216202	0.00667968	0.00182814	0.000446637	9.80764e-05	1.94749e-05	3.5159e-06	5.79883e-07	8.77537e-08	1.22321e-08	1.57609e-09	1.88317e-10	2.09265e-11	2.16852e-12	2.10068e-13	1.90664e-14	1.62481e-15	1.30259e-16	9.84182e-18	7.02001e-19	4.73461e-20	3.02384e-21	1.83134e-22	1.05313e-23	5.75758e-25	2.99603e-26	1.48553e-27	7.02588e-29	3.17275e-30	1.36929e-31	5.65284e-33	2.2342e-34	8.46085e-36	3.0724e-37	1.07062e-38	3.58254e-40	1.15197e-41	3.5587e-43	0	
0	0.209099	0.472162	0.796504	1.12602	1.38127	1.52339	1.55219	1.45008	1.19962	0.836322	0.403006	-0.0672999	-0.510021	-0.875017	-1.12428	-1.22422	-1.1766	-1.0126	-0.796074	-0.598261	-0.483718	-0.458685	-0.461152	-0.440631	-0.391773	-0.377278	-0.381577	-0.365887	-0.36324	-0.364004	-0.361727	-0.37639	-0.38024	-0.380018	-0.421005	-0.457973	-0.45902	-0.467181	-0.539282	-0.711737	-0.927361	-1.12248	-1.22115	-1.18234	-0.991816	-0.665478	-0.25288	0.216285	0.670653	1.06409	1.36719	1.52928	1.54827	1.45194	1.24157	0.935001	0.60508	0.333867	0.157543	0.0640774	0.022675	0.00704594	0.0019391	0.000476299	0.000105138	2.09838e-05	3.80724e-06	6.31017e-07	9.59526e-08	1.34386e-08	1.73965e-09	2.08821e-10	2.33111e-11	2.42655e-12	2.36114e-13	2.15252e-14	1.84238e-15	1.48342e-16	1.12561e-17	8.06291e-19	5.46085e-20	3.50219e-21	2.12978e-22	1.22975e-23	6.75034e-25	3.52667e-26	1.75556e-27	8.33554e-29	3.77876e-30	1.63709e-31	6.78406e-33	2.69138e-34	1.02301e-35	3.72853e-37	1.30399e-38	4.37918e-40	1.41315e-41	4.38092e-43	0	
0	0.210107	0.47406	0.798904	1.12828	1.38285	1.52407	1.5518	1.44833	1.1966	0.832467	0.398271	-0.0730416	-0.515353	-0.878348	-1.12593	-1.22319	-1.17519	-1.01229	-0.790044	-0.595125	-0.480816	-0.459628	-0.462521	-0.439	-0.382518	-0.36856	-0.378943	-0.371978	-0.364004	-0.364111	-0.368938	-0.376322	-0.37549	-0.369486	-0.416575	-0.458719	-0.460382	-0.465644	-0.535573	-0.706718	-0.924344	-1.12195	-1.22118	-1.18186	-0.995899	-0.671277	-0.25734	0.211806	0.666107	1.06042	1.36491	1.52845	1.54857	1.45317	1.24361	0.93746	0.607324	0.33547	0.158468	0.0645199	0.022854	0.00710826	0.00195803	0.000481373	0.000106349	2.12432e-05	3.85746e-06	6.39853e-07	9.73732e-08	1.36481e-08	1.76814e-09	2.12402e-10	2.37287e-11	2.47185e-12	2.407e-13	2.19593e-14	1.88089e-15	1.51551e-16	1.15078e-17	8.24903e-19	5.59081e-20	3.58802e-21	2.18348e-22	1.26161e-23	6.92988e-25	3.62288e-26	1.80464e-27	8.57418e-29	3.88945e-30	1.68612e-31	6.99167e-33	2.77547e-34	1.05562e-35	3.84976e-37	1.3472e-38	4.52699e-40	1.46171e-41	4.53411e-43	0	
0	0.206093	0.466491	0.789309	1.11921	1.37651	1.5213	1.55319	1.45503	1.20871	0.848694	0.417776	-0.0514452	-0.495918	-0.865015	-1.11643	-1.22083	-1.18482	-1.02452	-0.805818	-0.606109	-0.486725	-0.456688	-0.461236	-0.443241	-0.409253	-0.391938	-0.38893	-0.364633	-0.361727	-0.368938	-0.359772	-0.377641	-0.394258	-0.397114	-0.430902	-0.456679	-0.45905	-0.466107	-0.546571	-0.720524	-0.938771	-1.13409	-1.22169	-1.17648	-0.981871	-0.652556	-0.237951	0.231782	0.684137	1.07454	1.37388	1.53178	1.54734	1.44824	1.23544	0.927641	0.598367	0.329069	0.154774	0.0627532	0.0221392	0.0068594	0.00188245	0.000461121	0.000101517	2.02085e-05	3.65726e-06	6.04646e-07	9.17171e-08	1.28143e-08	1.65489e-09	1.9818e-10	2.20718e-11	2.29227e-12	2.22542e-13	2.02424e-14	1.72873e-15	1.38886e-16	1.05157e-17	7.51639e-19	5.07989e-20	3.25102e-21	1.97293e-22	1.13685e-23	6.22767e-25	3.24706e-26	1.61316e-27	7.64437e-29	3.4587e-30	1.49555e-31	6.18578e-33	2.44943e-34	9.29315e-36	3.38085e-37	1.18025e-38	3.95655e-40	1.27451e-41	3.94424e-43	0	
0	0.197224	0.449654	0.76776	1.0986	1.36185	1.51459	1.55571	1.4693	1.23529	0.885292	0.461478	-0.00566504	-0.452374	-0.827921	-1.09577	-1.21815	-1.19616	-1.05238	-0.840362	-0.63706	-0.502675	-0.465979	-0.463608	-0.448931	-0.398617	-0.387953	-0.395551	-0.382602	-0.37639	-0.376322	-0.377641	-0.391581	-0.394061	-0.387017	-0.42936	-0.463012	-0.46256	-0.480325	-0.569905	-0.75583	-0.970428	-1.15117	-1.22617	-1.16186	-0.951971	-0.613073	-0.191064	0.2783	0.723332	1.10515	1.39341	1.53869	1.54404	1.43671	1.21674	0.905495	0.578405	0.314949	0.1467	0.0589251	0.0206022	0.00632813	0.00172219	0.000418458	9.14011e-05	1.80555e-05	3.24312e-06	5.32234e-07	8.01495e-08	1.11185e-08	1.42581e-09	1.69564e-10	1.87557e-11	1.93472e-12	1.86575e-13	1.68587e-14	1.43034e-15	1.1417e-16	8.58897e-18	6.10024e-19	4.0969e-20	2.60562e-21	1.57152e-22	9.00014e-24	4.90049e-25	2.53978e-26	1.25429e-27	5.90883e-29	2.65788e-30	1.14264e-31	4.69906e-33	1.85017e-34	6.98011e-36	2.52522e-37	8.76686e-39	2.92282e-40	9.36407e-42	2.88235e-43	0	
0	0.183882	0.424027	0.734401	1.06601	1.33801	1.50285	1.558	1.48961	1.27464	0.940002	0.52842	0.0676304	-0.383159	-0.771152	-1.05814	-1.2072	-1.21425	-1.09512	-0.893558	-0.681194	-0.530918	-0.474992	-0.4759	-0.465422	-0.407844	-0.382774	-0.391942	-0.397343	-0.38024	-0.37549	-0.394258	-0.394061	-0.386313	-0.390692	-0.443847	-0.479063	-0.469738	-0.500489	-0.608166	-0.808046	-1.01889	-1.18194	-1.22564	-1.13556	-0.901139	-0.546041	-0.118587	0.347903	0.783001	1.15156	1.42178	1.54748	1.5375	1.41764	1.18687	0.87096	0.547909	0.293764	0.13478	0.0533537	0.018395	0.0055746	0.00149754	0.000359325	7.75318e-05	1.51343e-05	2.68696e-06	4.3596e-07	6.49207e-08	8.90731e-09	1.12994e-09	1.32951e-10	1.45518e-11	1.48554e-12	1.41793e-13	1.26828e-14	1.0653e-15	8.41916e-17	6.27176e-18	4.41131e-19	2.9342e-20	1.84841e-21	1.10432e-22	6.26544e-24	3.37989e-25	1.73561e-26	8.4934e-28	3.96498e-29	1.76751e-30	7.53096e-32	3.06969e-33	1.19802e-34	4.4803e-36	1.6068e-37	5.53026e-39	1.82795e-40	5.80644e-42	1.77215e-43	0	
0	0.16668	0.39042	0.689574	1.02089	1.30371	1.48445	1.55792	1.51328	1.32443	1.01129	0.616541	0.165735	-0.286705	-0.687924	-0.999073	-1.18412	-1.23182	-1.1428	-0.965381	-0.749764	-0.577261	-0.486341	-0.484664	-0.493701	-0.462805	-0.408992	-0.381421	-0.399292	-0.380018	-0.369486	-0.397114	-0.387017	-0.390692	-0.44343	-0.484557	-0.493443	-0.475596	-0.531905	-0.669895	-0.88242	-1.07671	-1.21384	-1.21705	-1.09127	-0.824921	-0.454247	-0.0206123	0.441729	0.861602	1.21085	1.4561	1.5559	1.52603	1.38959	1.14492	0.824073	0.507691	0.26653	0.1198	0.0464954	0.0157291	0.00468053	0.00123544	0.000291435	6.18533e-05	1.18814e-05	2.0766e-06	3.31802e-07	4.8673e-08	6.58032e-09	8.2274e-10	9.54349e-11	1.02999e-11	1.03703e-12	9.76413e-14	8.61671e-15	7.14195e-16	5.57057e-17	4.0961e-18	2.8442e-19	1.86789e-20	1.16194e-21	6.85577e-23	3.84182e-24	2.0472e-25	1.03855e-26	5.02128e-28	2.31619e-29	1.02031e-30	4.2963e-32	1.73081e-33	6.67667e-35	2.46819e-36	8.75057e-38	2.97751e-39	9.7304e-41	3.05605e-42	9.22287e-44	0	
0	0.146466	0.350038	0.633976	0.962746	1.25742	1.45732	1.55284	1.53682	1.38089	1.09616	0.724087	0.287492	-0.162565	-0.575442	-0.916791	-1.13746	-1.23343	-1.1937	-1.05362	-0.847472	-0.652982	-0.518871	-0.480109	-0.489235	-0.494298	-0.458285	-0.431267	-0.43251	-0.421005	-0.416575	-0.430902	-0.42936	-0.443847	-0.484557	-0.493406	-0.481988	-0.492161	-0.589751	-0.764904	-0.975111	-1.14828	-1.23293	-1.19036	-1.02252	-0.720928	-0.335859	0.104815	0.5574	0.955334	1.27966	1.49289	1.56101	1.50737	1.35073	1.08989	0.765142	0.458992	0.234618	0.102754	0.0388971	0.0128474	0.00373614	0.000964571	0.000222725	4.63012e-05	8.71677e-06	1.49393e-06	2.34179e-07	3.3716e-08	4.47551e-09	5.49618e-10	6.26398e-11	6.64436e-12	6.57671e-13	6.08929e-14	5.28561e-15	4.31014e-16	3.30819e-17	2.39423e-18	1.63661e-19	1.05829e-20	6.4831e-22	3.76767e-23	2.07989e-24	1.09198e-25	5.45874e-27	2.60107e-28	1.1826e-29	5.13544e-31	2.13193e-32	8.46852e-34	3.22141e-35	1.17446e-36	4.10686e-38	1.37842e-39	4.44377e-41	1.37693e-42	4.10007e-44	0	
0	0.124313	0.304533	0.56883	0.891384	1.19747	1.41903	1.53967	1.55623	1.43937	1.18959	0.847969	0.432976	-0.0137712	-0.432629	-0.799137	-1.06395	-1.21223	-1.23247	-1.13695	-0.967506	-0.767754	-0.598931	-0.502282	-0.478061	-0.492001	-0.485971	-0.468273	-0.458474	-0.457973	-0.458719	-0.456679	-0.463012	-0.479063	-0.493443	-0.481988	-0.484972	-0.550977	-0.6937	-0.888175	-1.07628	-1.20583	-1.23636	-1.13763	-0.919207	-0.587746	-0.187022	0.256136	0.689398	1.0607	1.35416	1.5275	1.55928	1.47898	1.29896	1.02093	0.694962	0.403552	0.199711	0.0847652	0.0311356	0.00999141	0.00282631	0.000710526	0.000159911	3.24291e-05	5.96023e-06	9.97927e-07	1.52914e-07	2.15334e-08	2.79716e-09	3.36311e-10	3.75426e-11	3.9021e-12	3.78607e-13	3.43743e-14	2.9268e-15	2.34184e-16	1.7642e-17	1.25354e-18	8.41477e-20	5.34486e-21	3.21698e-22	1.83726e-23	9.96924e-25	5.14573e-26	2.52943e-27	1.18538e-28	5.30145e-30	2.26495e-31	9.25225e-33	3.61695e-34	1.35427e-35	4.86049e-37	1.67338e-38	5.53051e-40	1.75585e-41	5.35859e-43	1.57178e-44	0	
0	0.10146	0.255997	0.496049	0.8072	1.12234	1.36702	1.51499	1.5667	1.49512	1.28683	0.980337	0.59764	0.16389	-0.259767	-0.64659	-0.953698	-1.15204	-1.23881	-1.21026	-1.09215	-0.915097	-0.735821	-0.589789	-0.510315	-0.480084	-0.471025	-0.466701	-0.45828	-0.45902	-0.460382	-0.45905	-0.46256	-0.469738	-0.475596	-0.492161	-0.550977	-0.670302	-0.841927	-1.02516	-1.17212	-1.24059	-1.2001	-1.04621	-0.781433	-0.420045	-0.00914264	0.426677	0.834813	1.17433	1.42798	1.5543	1.54723	1.43805	1.2321	0.937623	0.615046	0.343651	0.163716	0.0669791	0.0237513	0.00736949	0.00201854	0.000492011	0.000107489	2.11821e-05	3.78669e-06	6.17211e-07	9.21425e-08	1.26506e-08	1.60321e-09	1.88168e-10	2.05166e-11	2.08392e-12	1.97689e-13	1.75564e-14	1.4628e-15	1.1458e-16	8.45331e-18	5.88429e-19	3.871e-20	2.41034e-21	1.42259e-22	7.96926e-24	4.24269e-25	2.14917e-26	1.03704e-27	4.77179e-29	2.09589e-30	8.79577e-32	3.53015e-33	1.35613e-34	4.99069e-36	1.76079e-37	5.96033e-39	1.93713e-40	6.04876e-42	1.81585e-43	5.24015e-45	0	
0	0.0792191	0.206882	0.418342	0.71152	1.03097	1.29876	1.47571	1.56296	1.54088	1.38308	1.11732	0.772839	0.363014	-0.0567907	-0.453807	-0.797345	-1.04913	-1.20324	-1.24076	-1.19163	-1.06525	-0.907313	-0.74747	-0.626375	-0.549619	-0.511688	-0.487114	-0.470366	-0.467181	-0.465644	-0.466107	-0.480325	-0.500489	-0.531905	-0.589751	-0.6937	-0.841927	-1.00392	-1.14855	-1.23124	-1.23062	-1.12466	-0.909324	-0.600601	-0.220165	0.193511	0.614547	0.988821	1.28812	1.4936	1.56843	1.52152	1.38146	1.14816	0.840455	0.527828	0.282047	0.128615	0.0504502	0.0171854	0.00513184	0.00135516	0.000318957	6.73818e-05	1.28567e-05	2.22796e-06	3.5239e-07	5.10985e-08	6.8202e-09	8.40932e-10	9.61004e-11	1.02092e-11	1.01098e-12	9.35584e-14	8.10983e-15	6.59877e-16	5.05011e-17	3.6419e-18	2.47909e-19	1.59549e-20	9.72274e-22	5.6181e-23	3.08229e-24	1.60763e-25	7.98067e-27	3.775e-28	1.70325e-29	7.33765e-31	3.02109e-32	1.18985e-33	4.48652e-35	1.62096e-36	5.61589e-38	1.8671e-39	5.96108e-41	1.82888e-42	5.39541e-44	1.53039e-45	0	
0	0.0588248	0.159793	0.339197	0.606962	0.923216	1.21176	1.41905	1.54112	1.56893	1.4692	1.25227	0.953158	0.579166	0.171884	-0.22695	-0.596458	-0.889764	-1.10316	-1.2209	-1.24394	-1.18792	-1.07801	-0.94152	-0.812279	-0.703908	-0.630029	-0.583144	-0.553872	-0.539282	-0.535573	-0.546571	-0.569905	-0.608166	-0.669895	-0.764904	-0.888175	-1.02516	-1.14855	-1.23073	-1.23986	-1.1635	-0.984669	-0.723654	-0.381446	0.0115621	0.417508	0.810982	1.14204	1.39425	1.54449	1.5651	1.47843	1.30605	1.04603	0.731241	0.436721	0.22181	0.0962732	0.0360219	0.0117316	0.00335683	0.000851145	0.000192715	3.92309e-05	7.22407e-06	1.20982e-06	1.85157e-07	2.60088e-08	3.36631e-09	4.02881e-10	4.47281e-11	4.61992e-12	4.45148e-13	4.01107e-14	3.38757e-15	2.68722e-16	2.00609e-17	1.41195e-18	9.38519e-20	5.90078e-21	3.51449e-22	1.98565e-23	1.06562e-24	5.43866e-26	2.64289e-27	1.22416e-28	5.41027e-30	2.28377e-31	9.21596e-33	3.55852e-34	1.31585e-35	4.66333e-37	1.58516e-38	5.17194e-40	1.62083e-41	4.8822e-43	1.41436e-44	3.94038e-46	0	
