0	0	0	0	0	0	0	0	0	0	0	0	0	0	0	0	0	0	0	0	0	0	0	0	0	0	0	0	0	0	0	0	0	0	0	0	0	0	0	0	0	0	0	0	0	0	0	0	0	0	0	0	0	0	0	0	0	0	0	0	0	0	0	0	0	0	0	0	0	0	0	0	0	0	0	0	0	0	0	0	0	0	0	0	0	0	0	0	0	0	0	0	0	0	0	0	0	0	0	0	
0	-9.93436e-05	-0.000811442	-7.46622e-06	-0.00137781	0.000239706	0.00189812	-0.00133828	0.00441599	0.0013423	-0.00540704	0.000407434	-0.000271958	-0.00139207	0.000818671	-0.00272261	-0.00231153	-0.000141781	0.00183264	-0.00149373	-0.00285674	0.00381824	-0.00171456	-0.000455419	0.000740401	0.00221132	-0.0021687	3.66324e-05	0.00190702	0.000664491	-0.000761648	-0.00270902	0.00432071	9.69243e-05	-0.00200431	-0.00393702	0.00498066	-6.17667e-05	-0.00213133	-0.00475577	-0.000811561	0.00164543	0.00155836	-0.00462632	-0.00932661	-0.00521956	0.00462479	0.00270686	-0.00311753	-0.010961	-0.0127042	-0.008679	-0.00144952	0.0112647	0.0113892	-0.00189233	-0.0254566	-0.0473292	-0.0652197	-0.0785834	-0.0844769	-0.0787707	-0.0596351	-0.0298383	-0.000654167	0.0308536	0.0759546	0.119573	0.161248	0.190696	0.182807	0.147888	0.101679	0.055442	0.0182857	-0.012392	-0.0423588	-0.070651	-0.0826418	-0.0792502	-0.0737585	-0.059343	-0.0366149	-0.0163235	0.00293881	0.0135723	0.0069667	-0.00553265	-0.0122646	-0.0109164	-0.00484784	-0.000247826	0.00325542	0.00449599	-0.00246802	-0.00908018	-0.00359171	0.00486338	0.00493866	0	
0	-0.000811442	0.00205394	-0.000941231	0.00214894	-0.002089	0.000298759	-0.00181611	-0.00531331	0.00210217	-0.000172015	0.00440123	-0.000276202	-0.00269628	0.00189127	0.00296861	0.000302399	-0.000476858	-0.000340868	-0.000728641	-0.00298062	0.0039421	-0.00380901	-0.00455244	0.00114016	-0.000143253	-0.00510158	-0.00306806	0.000702946	-0.00101826	-0.00515954	-0.00553982	0.00319903	-6.43929e-05	-0.00841126	-0.00648063	0.00517744	-0.000143057	-0.00611032	-0.00897419	-0.00119359	0.00299547	0.00430537	-0.00752555	-0.0156433	-0.00573689	0.0101673	0.00850041	-0.00400979	-0.0216117	-0.0210803	-0.0210868	-0.00187411	0.0179655	0.0161809	-0.00568418	-0.0545233	-0.0940215	-0.126337	-0.152811	-0.165302	-0.152326	-0.11774	-0.0649027	-0.0011729	0.0634517	0.148997	0.243071	0.325648	0.371553	0.355427	0.294496	0.206801	0.114008	0.0356154	-0.0281664	-0.0834782	-0.134535	-0.161806	-0.16047	-0.147239	-0.115966	-0.0732772	-0.034616	0.00420353	0.0259609	0.0137026	-0.0103999	-0.0234965	-0.0212088	-0.0101106	-0.00109571	0.0062884	0.0086285	-0.00484237	-0.0172381	-0.00685439	0.00900181	0.00922774	0	
0	-7.46622e-06	-0.000941231	0.000136946	-0.000429929	-0.000641032	0.00199584	-0.000995475	0.00191457	0.000730285	-0.0059023	0.00118153	-0.000275406	-0.00306811	0.00177623	-0.00159863	-0.00512772	9.84778e-05	0.00321251	-0.0016403	-0.00485897	0.00572743	-0.0029343	-0.00246931	0.00233987	0.00212116	-0.00497915	-0.000613458	0.00235594	0.000861733	-0.00463817	-0.00459025	0.00610446	0.000683044	-0.00853551	-0.00673334	0.00825984	8.39983e-06	-0.00741626	-0.0109808	-0.00187887	0.00407151	0.0031709	-0.0119981	-0.0233124	-0.00943016	0.0108346	0.00833932	-0.0103916	-0.0309047	-0.0335271	-0.0266389	-0.00152965	0.0267566	0.0254448	-0.0127901	-0.0796163	-0.141242	-0.190885	-0.228281	-0.244948	-0.224239	-0.170232	-0.0889847	0.00073059	0.096082	0.222638	0.356619	0.478572	0.551411	0.529213	0.435109	0.303437	0.167931	0.0562722	-0.0348336	-0.120278	-0.19909	-0.238308	-0.235383	-0.216344	-0.173605	-0.112686	-0.0532835	0.00397703	0.0345224	0.0188813	-0.0135378	-0.0322789	-0.0304516	-0.0162352	-0.00292448	0.00884558	0.0118886	-0.00701394	-0.023525	-0.00948039	0.0117147	0.0122558	0	
0	-0.00137781	0.00214894	-0.000429929	-0.00213786	0.00128653	-0.000272328	-0.00274833	0.0031602	0.00212111	-0.00286463	0.000927457	-0.00283842	-0.00102341	-0.000413917	-0.00183155	-0.000525478	-0.00101764	-0.000751564	-0.00439635	-0.00250485	0.003714	-0.00497341	-0.00407453	0.0011137	-0.000268351	-0.00591834	-0.00202725	0.000776813	-0.0013546	-0.00605551	-0.00536886	0.00416249	-0.00126182	-0.0109933	-0.00670508	0.00569192	-0.00119358	-0.010884	-0.0121889	-0.00343379	0.00310012	0.00170626	-0.0168658	-0.0255261	-0.0112038	0.0123965	0.00818135	-0.01544	-0.0368181	-0.0426996	-0.0304999	-0.000290223	0.0306919	0.0272824	-0.0247645	-0.109266	-0.186917	-0.252441	-0.299325	-0.315628	-0.290272	-0.216897	-0.111248	0.0032099	0.13383	0.296222	0.468441	0.623874	0.71218	0.689364	0.571445	0.399421	0.226099	0.0798091	-0.0451165	-0.15605	-0.250699	-0.303998	-0.309667	-0.28464	-0.2279	-0.151937	-0.074703	-0.00080667	0.0384749	0.0228839	-0.0146357	-0.0382495	-0.0382741	-0.023055	-0.00574278	0.0104231	0.0135295	-0.00880474	-0.0269912	-0.0112164	0.0123802	0.0135008	0	
0	0.000239706	-0.002089	-0.000641032	0.00128653	-0.00119655	-0.000447628	0.000264632	-0.00441135	-0.00401712	0.000501291	0.0031606	0.00101692	-0.000317066	0.000179627	0.00167842	-0.00144531	-0.000943151	0.00034635	-0.000456434	-0.00235306	-0.000255336	-0.00310079	-0.00350159	4.45016e-05	-0.00318398	-0.00484154	-0.00295774	-0.0016903	-0.00308469	-0.00714121	-0.00453929	-0.000120604	-0.0029351	-0.0120215	-0.00544249	0.00170407	-0.00298014	-0.0120927	-0.0116556	-0.00376529	0.00239512	-0.00100912	-0.0175805	-0.0253003	-0.00821568	0.0115115	0.0068756	-0.0193525	-0.0429505	-0.0478581	-0.0343576	-0.000189313	0.0300438	0.02022	-0.0433807	-0.139563	-0.233931	-0.309087	-0.360914	-0.379498	-0.342226	-0.253664	-0.13377	0.00845967	0.170177	0.361789	0.576359	0.765969	0.863242	0.832552	0.693119	0.491948	0.283682	0.103263	-0.0475231	-0.180989	-0.295866	-0.36557	-0.377423	-0.345205	-0.279878	-0.19387	-0.0989672	-0.00993902	0.0367073	0.0245311	-0.0137325	-0.0408256	-0.0443261	-0.0301899	-0.0092803	0.0104007	0.0127118	-0.0100132	-0.0268611	-0.0118871	0.0105753	0.0126001	0	
0	0.00189812	0.000298759	0.00199584	-0.000272328	-0.000447628	-0.00117181	0.000567283	0.00142144	0.000879102	0.000704477	-0.0060143	-0.00386124	-0.00130753	-0.00364496	-0.00240232	-0.00186171	-0.00230753	-0.000965827	-0.00314995	0.000235245	-0.002792	9.11834e-05	-0.00183154	-7.80377e-05	-0.00223543	-0.00127172	-0.00088212	-0.00165611	-0.00164141	-0.00374696	-0.00123182	-0.00171073	-0.00246894	-0.00791788	-0.00219423	-0.00166954	-0.00315184	-0.0117186	-0.00884888	-0.00583259	-0.000490926	-0.00759463	-0.0206441	-0.0254861	-0.010947	0.00370479	-0.00212036	-0.0288783	-0.0478079	-0.0541027	-0.0322091	0.002226	0.0292305	0.0140777	-0.0625255	-0.168448	-0.277732	-0.366018	-0.423731	-0.437524	-0.391138	-0.284728	-0.141812	0.0230876	0.213042	0.432632	0.673776	0.88087	0.990041	0.966345	0.810351	0.577524	0.339624	0.132035	-0.0462578	-0.202427	-0.33062	-0.413648	-0.435584	-0.401636	-0.331579	-0.235919	-0.124285	-0.0248528	0.0273166	0.0230737	-0.0107908	-0.0399777	-0.0485273	-0.0368623	-0.012989	0.00809695	0.00870379	-0.0104764	-0.0227779	-0.0114164	0.00622929	0.00943542	0	
0	-0.00133828	-0.00181611	-0.000995475	-0.00274833	0.000264632	0.000567283	-0.00138089	-0.000368442	-0.00132746	0.000905752	-0.00219671	0.000679994	0.00400964	-0.00313629	-0.00170452	0.0019619	-0.00420748	-0.0016485	-0.00311916	0.000232946	-0.00777739	-0.000635453	-0.00297064	-0.0057982	-0.00496992	-0.00249612	-0.00429339	-0.00668524	-0.00543344	-0.00447793	-0.00414024	-0.00844009	-0.00663711	-0.0069968	-0.00450833	-0.0095032	-0.00697906	-0.0123005	-0.00835756	-0.00839719	-0.0058268	-0.0119886	-0.0202933	-0.0184915	-0.00978551	-0.000342648	-0.00743082	-0.0315172	-0.0465819	-0.0534602	-0.0283583	0.000731824	0.0186429	-0.00786351	-0.0921975	-0.205382	-0.322219	-0.415624	-0.47292	-0.476938	-0.42155	-0.302812	-0.147122	0.0357649	0.251881	0.496798	0.764477	0.988218	1.10338	1.07813	0.907206	0.655759	0.397631	0.164367	-0.0394773	-0.213814	-0.353922	-0.451916	-0.484933	-0.45104	-0.379068	-0.276683	-0.152993	-0.0472227	0.0110313	0.0185475	-0.00716869	-0.0367307	-0.050529	-0.0417656	-0.0163853	0.00286163	0.00122837	-0.0101456	-0.0150887	-0.00985247	-0.000225054	0.00422468	0	
0	0.00441599	-0.00531331	0.00191457	0.0031602	-0.00441135	0.00142144	-0.000368442	-0.00359169	-0.00259994	-0.000714011	-0.0012069	0.00255246	-0.00360087	-0.00331774	-0.000305008	0.00124047	-0.00501334	-0.00181906	0.00220211	-0.00272668	-0.0066334	0.00153409	-0.000479803	-0.0076052	-0.00241293	-5.75802e-05	-0.00442881	-0.00676092	-0.00468022	-0.00068502	-0.00485479	-0.00977139	-0.00715482	-0.000414399	-0.00669776	-0.0116009	-0.00904694	-0.00759525	-0.00685099	-0.0101769	-0.0102136	-0.0180142	-0.0161593	-0.0151453	-0.0112044	-0.0110041	-0.0196365	-0.0351142	-0.0502586	-0.050399	-0.0260419	-0.00340968	0.00510902	-0.0332939	-0.12243	-0.237202	-0.362881	-0.459941	-0.512046	-0.512149	-0.44237	-0.312	-0.147452	0.0589838	0.296523	0.559403	0.844119	1.0761	1.19495	1.16492	0.987547	0.73275	0.456656	0.196294	-0.0267825	-0.214548	-0.367544	-0.47845	-0.520518	-0.492194	-0.423728	-0.31622	-0.183977	-0.0757797	-0.0121456	0.00921576	-0.0046129	-0.0317229	-0.0497885	-0.0438975	-0.0193399	-0.00546436	-0.00919781	-0.00926064	-0.00505884	-0.00736868	-0.00777216	-0.00241025	0	
0	0.0013423	0.00210217	0.000730285	0.00212111	-0.00401712	0.000879102	-0.00132746	-0.00259994	0.0035842	0.000399937	-0.00556668	-0.00431468	-0.00260859	-0.00271568	-0.00210739	-0.00194581	-0.00184242	-0.00543879	0.000976469	-0.00453328	-0.00422567	0.00110228	-0.0021139	-0.00797199	-0.000570979	-0.000229504	-0.00528758	-0.00710058	-0.00317124	6.88151e-05	-0.00557263	-0.0122971	-0.00510553	0.00216739	-0.00904843	-0.0148756	-0.00990483	-0.00373016	-0.00791648	-0.0121246	-0.0183147	-0.0208158	-0.0137239	-0.0115433	-0.015937	-0.0247704	-0.030242	-0.0391489	-0.0493853	-0.0437136	-0.0239182	-0.00834786	-0.0150365	-0.0653625	-0.153366	-0.27343	-0.400294	-0.496027	-0.546834	-0.531246	-0.451224	-0.315537	-0.132866	0.0884856	0.342084	0.623458	0.911246	1.13933	1.25682	1.23223	1.06195	0.798975	0.507867	0.235294	-0.00548469	-0.209946	-0.370713	-0.488801	-0.542594	-0.526478	-0.46307	-0.351911	-0.217246	-0.11056	-0.0417482	-0.0056324	-0.0049238	-0.0262955	-0.0460621	-0.0425376	-0.02192	-0.0163393	-0.0212782	-0.00844008	0.00519784	-0.00426221	-0.0149042	-0.00943667	0	
0	-0.00540704	-0.000172015	-0.0059023	-0.00286463	0.000501291	0.000704477	0.000905752	-0.000714011	0.000399937	-0.00384917	-0.00172949	0.00304342	0.001762	-0.00191048	-9.24222e-05	-0.00442347	-0.00352442	-0.00351155	0.00061422	-0.00669031	-0.00739223	-0.000355777	-0.00606118	-0.0091222	-0.00352393	-0.00415613	-0.00846268	-0.0100145	-0.00487564	-0.00438863	-0.00919918	-0.0171237	-0.00470215	-0.00227726	-0.0135022	-0.0211504	-0.0106528	-0.00500465	-0.0107545	-0.0175601	-0.0259417	-0.0215297	-0.00980378	-0.0078595	-0.0203545	-0.0361495	-0.0346162	-0.0390275	-0.0409106	-0.0340831	-0.023029	-0.018478	-0.0475595	-0.104807	-0.193803	-0.313661	-0.433917	-0.525206	-0.563465	-0.531617	-0.443476	-0.303159	-0.111801	0.117566	0.383559	0.677085	0.96312	1.18903	1.30737	1.27913	1.1084	0.851363	0.561025	0.276584	0.0225462	-0.191781	-0.363878	-0.489697	-0.551396	-0.548856	-0.493648	-0.384094	-0.253552	-0.150016	-0.0760583	-0.0266817	-0.0105432	-0.0220778	-0.0391726	-0.0375655	-0.0244539	-0.0284203	-0.0331022	-0.0086257	0.0130688	-0.000969827	-0.0199072	-0.0154977	0	
0	0.000407434	0.00440123	0.00118153	0.000927457	0.0031606	-0.0060143	-0.00219671	-0.0012069	-0.00556668	-0.00172949	0.00203106	-0.00197185	-0.00546262	-0.00433537	-0.00265842	-0.000801052	3.1052e-05	-0.00268927	-0.00364597	-0.00282375	-0.00206302	0.00032854	-0.00649347	-0.00351174	-0.00193656	-0.00285152	-0.00708125	-0.00575327	-0.00331719	-0.00327294	-0.00910265	-0.0127555	-0.00170489	-0.002399	-0.0137597	-0.0191746	-0.00649555	-0.00365208	-0.00979439	-0.0212724	-0.027411	-0.0195313	-0.00548966	-0.00792155	-0.0310685	-0.0480721	-0.0448519	-0.0407235	-0.0368923	-0.030809	-0.0270559	-0.0387559	-0.0835159	-0.143103	-0.231564	-0.343747	-0.456437	-0.54354	-0.566149	-0.525118	-0.433387	-0.284542	-0.0868017	0.152869	0.436084	0.731032	1.00302	1.21935	1.32591	1.29331	1.13999	0.901421	0.614264	0.321455	0.054482	-0.172178	-0.347483	-0.470914	-0.545005	-0.562765	-0.515331	-0.411099	-0.29081	-0.19154	-0.114193	-0.0552356	-0.0233542	-0.020114	-0.0296042	-0.0300329	-0.0272031	-0.0395282	-0.0426365	-0.0109177	0.0160882	0.00194293	-0.0213243	-0.0191431	0	
0	-0.000271958	-0.000276202	-0.000275406	-0.00283842	0.00101692	-0.00386124	0.000679994	0.00255246	-0.00431468	0.00304342	-0.00197185	-0.00948295	-0.000982287	0.00196708	-0.0030874	-0.00433941	-0.0029847	-0.00459434	-0.00464847	-0.0018191	-0.00333328	-0.00732461	-0.00533763	-0.00300789	-0.0053317	-0.00751694	-0.00691161	-0.00599267	-0.00628267	-0.00732229	-0.0114156	-0.0104594	-0.00522071	-0.00735657	-0.0176775	-0.0175446	-0.00883326	-0.00626074	-0.0155778	-0.0263469	-0.0303687	-0.0177106	-0.00502567	-0.0129525	-0.0416679	-0.056633	-0.0493391	-0.0364622	-0.0277376	-0.0252155	-0.0323793	-0.0656773	-0.122107	-0.187587	-0.272677	-0.374097	-0.479158	-0.549918	-0.556907	-0.505218	-0.404818	-0.254083	-0.0513801	0.195926	0.483342	0.770743	1.02687	1.22837	1.32055	1.29453	1.16473	0.936149	0.651817	0.364155	0.0955846	-0.138574	-0.317929	-0.444992	-0.531088	-0.560426	-0.52159	-0.434117	-0.328875	-0.23263	-0.155039	-0.0912885	-0.0439678	-0.0217873	-0.0193451	-0.0216952	-0.0297166	-0.0472121	-0.0485024	-0.0161643	0.0127836	0.003814	-0.0185105	-0.0192127	0	
0	-0.00139207	-0.00269628	-0.00306811	-0.00102341	-0.000317066	-0.00130753	0.00400964	-0.00360087	-0.00260859	0.001762	-0.00546262	-0.000982287	0.00283437	-0.0028797	-0.00715131	-0.00341121	-0.00178483	-0.00530328	-0.00537103	-0.00213317	-0.00686944	-0.00857043	-0.00310201	-0.00318822	-0.0109265	-0.00713968	-0.00604757	-0.0059155	-0.00994519	-0.0100915	-0.0103928	-0.00839169	-0.0092706	-0.0132607	-0.016765	-0.0158975	-0.0104729	-0.0114957	-0.0200535	-0.0302145	-0.0292017	-0.0158504	-0.00721974	-0.0220279	-0.0506936	-0.0626206	-0.0508209	-0.0303367	-0.0215055	-0.0220652	-0.0493586	-0.0982631	-0.16669	-0.234239	-0.310681	-0.401193	-0.489837	-0.541539	-0.532071	-0.472195	-0.365604	-0.21579	-0.0135244	0.241321	0.524783	0.799403	1.04236	1.22114	1.29849	1.28013	1.16112	0.949895	0.692738	0.414974	0.138558	-0.101882	-0.282115	-0.409249	-0.500672	-0.54075	-0.518594	-0.452583	-0.361409	-0.271033	-0.199061	-0.133791	-0.0717714	-0.0288182	-0.0114757	-0.0144404	-0.0309663	-0.0496641	-0.050406	-0.0243952	0.00333234	0.00394591	-0.0120691	-0.0153054	0	
0	0.000818671	0.00189127	0.00177623	-0.000413917	0.000179627	-0.00364496	-0.00313629	-0.00331774	-0.00271568	-0.00191048	-0.00433537	0.00196708	-0.0028797	-0.00457023	-0.0045995	2.0304e-05	0.00205824	-0.00651336	-0.0051411	0.000224577	-0.00457075	-0.00743974	-0.00126804	-0.0044362	-0.0111693	-0.00473259	-0.00525816	-0.00651956	-0.0122474	-0.0102917	-0.00779067	-0.00653493	-0.0148508	-0.0151204	-0.0132392	-0.0119789	-0.013126	-0.0148112	-0.0221321	-0.0287207	-0.0233001	-0.0132323	-0.0116148	-0.0315729	-0.0565397	-0.0646935	-0.0498913	-0.0262593	-0.0183848	-0.0305383	-0.0750707	-0.140298	-0.213613	-0.278434	-0.344396	-0.417367	-0.486464	-0.516474	-0.49554	-0.428599	-0.321994	-0.175843	0.032348	0.28625	0.562921	0.827234	1.04201	1.19214	1.26024	1.24439	1.14026	0.959632	0.728233	0.457997	0.181287	-0.0589175	-0.236445	-0.361998	-0.458748	-0.509313	-0.503625	-0.459633	-0.386363	-0.307922	-0.244694	-0.179642	-0.10587	-0.0432137	-0.00949251	-0.00996504	-0.0298321	-0.0464165	-0.0491443	-0.0344783	-0.0102436	0.00178002	-0.00395925	-0.00821397	0	
0	-0.00272261	0.00296861	-0.00159863	-0.00183155	0.00167842	-0.00240232	-0.00170452	-0.000305008	-0.00210739	-9.24222e-05	-0.00265842	-0.0030874	-0.00715131	-0.0045995	0.000691842	-0.00330265	-0.00687425	-0.00925049	-0.00194236	-0.000655865	-0.0103386	-0.00834847	-0.000452618	-0.00758955	-0.0107278	-0.00585084	-0.00454429	-0.00930935	-0.0127434	-0.0111064	-0.00441595	-0.00924976	-0.0198987	-0.0162039	-0.00919167	-0.0127136	-0.0189832	-0.0213016	-0.0256226	-0.0279971	-0.0210622	-0.0178534	-0.0243593	-0.0447541	-0.0614583	-0.0658146	-0.0465095	-0.0235144	-0.0172391	-0.0448599	-0.105629	-0.182528	-0.258327	-0.318728	-0.37275	-0.427631	-0.472334	-0.480881	-0.448914	-0.374912	-0.270051	-0.12522	0.0827795	0.330149	0.595011	0.838938	1.02594	1.1514	1.20742	1.19372	1.10991	0.96063	0.749797	0.489133	0.224921	-0.00367719	-0.181269	-0.312984	-0.409656	-0.461415	-0.473032	-0.45526	-0.403378	-0.341139	-0.289108	-0.226361	-0.144888	-0.0663576	-0.0167727	-0.00959269	-0.0257152	-0.0387569	-0.0462415	-0.0441294	-0.0244641	-0.00286919	0.0028496	-9.01903e-05	0	
0	-0.00231153	0.000302399	-0.00512772	-0.000525478	-0.00144531	-0.00186171	0.0019619	0.00124047	-0.00194581	-0.00442347	-0.000801052	-0.00433941	-0.00341121	2.0304e-05	-0.00330265	-0.00979494	-0.00480057	-0.00270408	-0.00257764	-0.00954667	-0.00835206	-0.00510498	-0.00249035	-0.0122331	-0.00957132	-0.00621751	-0.00656335	-0.0122039	-0.0145765	-0.0102816	-0.00507918	-0.0143788	-0.0247742	-0.0142605	-0.00821135	-0.0153954	-0.0271027	-0.0248951	-0.0279845	-0.0226351	-0.0209458	-0.0238424	-0.0387995	-0.0520877	-0.0615877	-0.0600829	-0.0430795	-0.0201436	-0.0257019	-0.0678865	-0.144756	-0.22929	-0.300551	-0.356778	-0.392633	-0.425994	-0.442757	-0.432439	-0.389399	-0.314478	-0.213461	-0.0666604	0.131902	0.370012	0.619745	0.834976	0.995205	1.10117	1.14793	1.13533	1.06756	0.942996	0.754371	0.519206	0.276638	0.05092	-0.132108	-0.257383	-0.342315	-0.400829	-0.434598	-0.437041	-0.40675	-0.36877	-0.331081	-0.271067	-0.186669	-0.0992069	-0.0354824	-0.0139321	-0.019598	-0.0297632	-0.0430859	-0.0503237	-0.0354362	-0.00966174	0.00522042	0.00592913	0	
0	-0.000141781	-0.000476858	9.84778e-05	-0.00101764	-0.000943151	-0.00230753	-0.00420748	-0.00501334	-0.00184242	-0.00352442	3.1052e-05	-0.0029847	-0.00178483	0.00205824	-0.00687425	-0.00480057	0.00060076	-0.00153237	-0.00935995	-0.00761344	-0.00195172	-0.00551152	-0.00992627	-0.0106458	-0.00731094	-0.00714917	-0.0113575	-0.013169	-0.0149816	-0.0083432	-0.00959688	-0.019239	-0.0252954	-0.0110655	-0.00882578	-0.0209382	-0.0312473	-0.027577	-0.0239262	-0.0180423	-0.0210624	-0.0335567	-0.0503549	-0.053617	-0.056471	-0.0517235	-0.0389777	-0.0236352	-0.0426259	-0.102892	-0.191374	-0.275794	-0.344475	-0.386651	-0.404877	-0.409976	-0.396148	-0.369329	-0.317624	-0.246501	-0.148752	-0.0115466	0.176332	0.402556	0.626897	0.82335	0.961711	1.04247	1.07811	1.06695	1.01668	0.91427	0.749407	0.543789	0.317812	0.0974934	-0.0740586	-0.186587	-0.27103	-0.339633	-0.381256	-0.396867	-0.398413	-0.391696	-0.36603	-0.310018	-0.230404	-0.141605	-0.0650007	-0.0235703	-0.0150018	-0.0232787	-0.0399753	-0.0503354	-0.0402968	-0.0176875	0.00102961	0.00671742	0	
0	0.00183264	-0.000340868	0.00321251	-0.000751564	0.00034635	-0.000965827	-0.0016485	-0.00181906	-0.00543879	-0.00351155	-0.00268927	-0.00459434	-0.00530328	-0.00651336	-0.00925049	-0.00270408	-0.00153237	-0.0084889	-0.0085902	-0.0027678	-0.0016291	-0.00974976	-0.00967776	-0.00317793	-0.00550864	-0.00893873	-0.0110434	-0.00966456	-0.0096977	-0.00742812	-0.0122219	-0.0196017	-0.0182046	-0.00809631	-0.0107615	-0.0252349	-0.0324283	-0.0268566	-0.0195742	-0.0168671	-0.0286527	-0.0492788	-0.0614469	-0.0566896	-0.0523189	-0.049707	-0.0423383	-0.0381844	-0.0733278	-0.145274	-0.238178	-0.316674	-0.375164	-0.402879	-0.399261	-0.374232	-0.338641	-0.29748	-0.244718	-0.179615	-0.0839039	0.0444509	0.220434	0.427059	0.627616	0.799076	0.911642	0.979601	1.00744	0.995811	0.957996	0.873107	0.736601	0.556302	0.344355	0.145003	-0.00776055	-0.116612	-0.201462	-0.267229	-0.308869	-0.343363	-0.381098	-0.401801	-0.388574	-0.343987	-0.275641	-0.189813	-0.102421	-0.0404394	-0.0172874	-0.0222689	-0.0360745	-0.0430991	-0.0383395	-0.0255745	-0.00974756	0.000553117	0	
0	-0.00149373	-0.000728641	-0.0016403	-0.00439635	-0.000456434	-0.00314995	-0.00311916	0.00220211	0.000976469	0.00061422	-0.00364597	-0.00464847	-0.00537103	-0.0051411	-0.00194236	-0.00257764	-0.00935995	-0.0085902	-0.00863482	-0.00551961	-0.00697364	-0.0149518	-0.0100258	-0.00588895	-0.0115638	-0.0162218	-0.0134463	-0.0114321	-0.012376	-0.0154507	-0.0210529	-0.0202611	-0.0177398	-0.0140064	-0.021729	-0.0320131	-0.0361362	-0.0280629	-0.0190903	-0.0231735	-0.0414633	-0.0639378	-0.065567	-0.0520885	-0.0440347	-0.043727	-0.0460452	-0.0577367	-0.107803	-0.19173	-0.280435	-0.354453	-0.400356	-0.410969	-0.383278	-0.327537	-0.269901	-0.21782	-0.165893	-0.103257	-0.0172089	0.0993758	0.257762	0.436943	0.614432	0.762746	0.856521	0.911167	0.932361	0.928863	0.899937	0.827211	0.710424	0.546335	0.360599	0.193659	0.0550985	-0.0488068	-0.125565	-0.184837	-0.227656	-0.280268	-0.347678	-0.393042	-0.399562	-0.373581	-0.318664	-0.238464	-0.144847	-0.0671621	-0.0314468	-0.0280454	-0.030463	-0.0300692	-0.0313043	-0.0318278	-0.0245307	-0.0116096	0	
0	-0.00285674	-0.00298062	-0.00485897	-0.00250485	-0.00235306	0.000235245	0.000232946	-0.00272668	-0.00453328	-0.00669031	-0.00282375	-0.0018191	-0.00213317	0.000224577	-0.000655865	-0.00954667	-0.00761344	-0.0027678	-0.00551961	-0.00498813	-0.00777746	-0.0143144	-0.00585579	-0.00550452	-0.0139954	-0.0165435	-0.0102739	-0.00987453	-0.0135807	-0.0211946	-0.0207789	-0.0149077	-0.0151902	-0.0208682	-0.0265573	-0.0315932	-0.0328093	-0.0233833	-0.0186168	-0.0290417	-0.0540611	-0.0689665	-0.0622874	-0.0434804	-0.0361913	-0.0439247	-0.0594431	-0.0908384	-0.155348	-0.240891	-0.324232	-0.386094	-0.415637	-0.40678	-0.347385	-0.26581	-0.18976	-0.129603	-0.0812641	-0.0246548	0.0517538	0.15012	0.279246	0.431762	0.582054	0.709505	0.799256	0.850557	0.870767	0.865681	0.834311	0.771217	0.666617	0.52381	0.374277	0.232455	0.107432	0.0191993	-0.0456562	-0.0973774	-0.139692	-0.206869	-0.296215	-0.364934	-0.398539	-0.396097	-0.355521	-0.282943	-0.18939	-0.105554	-0.0603058	-0.0403815	-0.0235107	-0.0152788	-0.0227471	-0.0352061	-0.0385415	-0.0257672	0	
0	0.00381824	0.0039421	0.00572743	0.003714	-0.000255336	-0.002792	-0.00777739	-0.0066334	-0.00422567	-0.00739223	-0.00206302	-0.00333328	-0.00686944	-0.00457075	-0.0103386	-0.00835206	-0.00195172	-0.0016291	-0.00697364	-0.00777746	-0.00905475	-0.00888755	-0.00143398	-0.00858155	-0.0155222	-0.0117427	-0.00646215	-0.00878614	-0.0170688	-0.0214633	-0.0159744	-0.00776379	-0.0183418	-0.0263012	-0.0283586	-0.0267799	-0.0284449	-0.0209333	-0.0233239	-0.0417249	-0.0648452	-0.0708956	-0.0571004	-0.0385846	-0.0371685	-0.054041	-0.0891041	-0.137399	-0.210311	-0.290883	-0.360785	-0.407176	-0.415914	-0.378746	-0.290576	-0.185217	-0.0956184	-0.0381147	0.00460344	0.0492331	0.106567	0.183096	0.285216	0.412499	0.543898	0.663059	0.744675	0.787103	0.806935	0.800541	0.770267	0.713081	0.618466	0.497275	0.368911	0.247633	0.152574	0.0882032	0.0370598	-0.00526156	-0.0504318	-0.126571	-0.224898	-0.316698	-0.384929	-0.408547	-0.381977	-0.319104	-0.23421	-0.155731	-0.102574	-0.0581543	-0.0184065	-0.00457324	-0.0164683	-0.0348961	-0.0462851	-0.0359974	0	
0	-0.00171456	-0.00380901	-0.0029343	-0.00497341	-0.00310079	9.11834e-05	-0.000635453	0.00153409	0.00110228	-0.000355777	0.00032854	-0.00732461	-0.00857043	-0.00743974	-0.00834847	-0.00510498	-0.00551152	-0.00974976	-0.0149518	-0.0143144	-0.00888755	-0.00647589	-0.0121376	-0.0189728	-0.0160108	-0.0104507	-0.011684	-0.0172926	-0.0237214	-0.0235105	-0.0139531	-0.0132892	-0.0292672	-0.0367642	-0.0303166	-0.0280003	-0.0298997	-0.0291174	-0.039028	-0.0594663	-0.0745678	-0.0686699	-0.053072	-0.0371804	-0.0424936	-0.0724732	-0.124096	-0.186808	-0.257967	-0.32728	-0.382697	-0.410383	-0.397852	-0.334106	-0.221759	-0.101592	-0.00708841	0.0495433	0.0857994	0.12041	0.162447	0.211928	0.283707	0.38245	0.492167	0.601421	0.681131	0.729162	0.751749	0.744128	0.716821	0.658641	0.563464	0.450226	0.338741	0.250819	0.19281	0.153624	0.119849	0.0822203	0.0355649	-0.032586	-0.133754	-0.255804	-0.358229	-0.40361	-0.393183	-0.346382	-0.279241	-0.213397	-0.152071	-0.081509	-0.021726	-0.00353589	-0.0146849	-0.0307306	-0.0437682	-0.0368823	0	
0	-0.000455419	-0.00455244	-0.00246931	-0.00407453	-0.00350159	-0.00183154	-0.00297064	-0.000479803	-0.0021139	-0.00606118	-0.00649347	-0.00533763	-0.00310201	-0.00126804	-0.000452618	-0.00249035	-0.00992627	-0.00967776	-0.0100258	-0.00585579	-0.00143398	-0.0121376	-0.02016	-0.0141639	-0.00734309	-0.0127098	-0.0178497	-0.0210934	-0.0228467	-0.0191406	-0.0132841	-0.0201538	-0.0369347	-0.0365287	-0.0262269	-0.0235112	-0.0297296	-0.0361465	-0.0506629	-0.0666305	-0.0678986	-0.0572613	-0.0431919	-0.0366917	-0.0526261	-0.0997813	-0.170755	-0.240694	-0.306495	-0.362149	-0.399824	-0.407809	-0.367341	-0.274226	-0.14093	-0.00635104	0.0912661	0.144212	0.173596	0.190032	0.204467	0.222088	0.258847	0.331598	0.430315	0.537335	0.623527	0.679851	0.707563	0.703183	0.668131	0.597247	0.498288	0.388872	0.297348	0.246261	0.221074	0.206289	0.190327	0.163339	0.13231	0.0755819	-0.0401694	-0.187689	-0.308162	-0.374364	-0.39019	-0.36717	-0.321701	-0.268935	-0.201495	-0.113632	-0.0407477	-0.0149452	-0.0175864	-0.0236092	-0.0304175	-0.0262152	0	
0	0.000740401	0.00114016	0.00233987	0.0011137	4.45016e-05	-7.80377e-05	-0.0057982	-0.0076052	-0.00797199	-0.0091222	-0.00351174	-0.00300789	-0.00318822	-0.0044362	-0.00758955	-0.0122331	-0.0106458	-0.00317793	-0.00588895	-0.00550452	-0.00858155	-0.0189728	-0.0141639	-0.00334965	-0.00838136	-0.0189031	-0.0191315	-0.018186	-0.0173639	-0.0148314	-0.0165739	-0.0277412	-0.0373329	-0.0314501	-0.0208578	-0.0228207	-0.0348156	-0.049007	-0.0630426	-0.0677534	-0.0603062	-0.0491744	-0.0451273	-0.0485646	-0.0798229	-0.144904	-0.227449	-0.296771	-0.347798	-0.385448	-0.401739	-0.382996	-0.31196	-0.193683	-0.0434442	0.0951486	0.190552	0.23848	0.251944	0.246345	0.229504	0.209698	0.215989	0.27	0.36322	0.477751	0.577461	0.642458	0.671361	0.661285	0.616604	0.537843	0.433267	0.327594	0.253038	0.22162	0.220578	0.239227	0.25456	0.25236	0.236769	0.175727	0.0487592	-0.10018	-0.229801	-0.325942	-0.375456	-0.379157	-0.354652	-0.312755	-0.247167	-0.158329	-0.0786377	-0.0381926	-0.02476	-0.0156019	-0.00975014	-0.00681044	0	
0	0.00221132	-0.000143253	0.00212116	-0.000268351	-0.00318398	-0.00223543	-0.00496992	-0.00241293	-0.000570979	-0.00352393	-0.00193656	-0.0053317	-0.0109265	-0.0111693	-0.0107278	-0.00957132	-0.00731094	-0.00550864	-0.0115638	-0.0139954	-0.0155222	-0.0160108	-0.00734309	-0.00838136	-0.0187159	-0.023087	-0.018647	-0.0175854	-0.0156977	-0.0189464	-0.0276189	-0.0344106	-0.0351562	-0.0279106	-0.0228255	-0.0295661	-0.0486686	-0.0652887	-0.07129	-0.064187	-0.0523004	-0.0493166	-0.0548424	-0.0727192	-0.11929	-0.198919	-0.284512	-0.342471	-0.375733	-0.391938	-0.383443	-0.3352	-0.235368	-0.0970198	0.059606	0.197284	0.286881	0.322779	0.318898	0.284557	0.233457	0.182485	0.164098	0.207358	0.300895	0.422392	0.530894	0.601419	0.635751	0.627058	0.57724	0.491279	0.377053	0.262154	0.186164	0.170289	0.204194	0.263403	0.314168	0.337323	0.328467	0.266091	0.148921	0.00791271	-0.136965	-0.263279	-0.343862	-0.376379	-0.37151	-0.34032	-0.289337	-0.215139	-0.131771	-0.0710584	-0.0368172	-0.00958914	0.0112725	0.0136532	0	
0	-0.0021687	-0.00510158	-0.00497915	-0.00591834	-0.00484154	-0.00127172	-0.00249612	-5.75802e-05	-0.000229504	-0.00415613	-0.00285152	-0.00751694	-0.00713968	-0.00473259	-0.00585084	-0.00621751	-0.00714917	-0.00893873	-0.0162218	-0.0165435	-0.0117427	-0.0104507	-0.0127098	-0.0189031	-0.023087	-0.022571	-0.0202654	-0.0175836	-0.018992	-0.0300861	-0.0384698	-0.0345448	-0.0307026	-0.0291759	-0.0298466	-0.0418085	-0.0638766	-0.0756875	-0.0689057	-0.0531609	-0.0461214	-0.0523557	-0.0716826	-0.103356	-0.16667	-0.252975	-0.332239	-0.374608	-0.38798	-0.382692	-0.347298	-0.269935	-0.146501	0.00285782	0.161548	0.294652	0.378309	0.403344	0.376971	0.31274	0.22557	0.141538	0.101189	0.133903	0.231175	0.364791	0.487124	0.572128	0.614142	0.604635	0.549157	0.448315	0.314866	0.188707	0.112652	0.11146	0.174881	0.27026	0.356264	0.404007	0.40888	0.362548	0.260271	0.11865	-0.0382249	-0.182302	-0.291284	-0.353847	-0.367215	-0.35299	-0.329304	-0.27661	-0.191112	-0.111504	-0.0556748	-0.00927047	0.0238459	0.0254874	0	
0	3.66324e-05	-0.00306806	-0.000613458	-0.00202725	-0.00295774	-0.00088212	-0.00429339	-0.00442881	-0.00528758	-0.00846268	-0.00708125	-0.00691161	-0.00604757	-0.00525816	-0.00454429	-0.00656335	-0.0113575	-0.0110434	-0.0134463	-0.0102739	-0.00646215	-0.011684	-0.0178497	-0.0191315	-0.018647	-0.0202654	-0.0162507	-0.0153876	-0.024343	-0.0386062	-0.0359819	-0.0248937	-0.0255136	-0.0322747	-0.0375943	-0.0528689	-0.0727657	-0.0740608	-0.0565019	-0.0429846	-0.046052	-0.066919	-0.100051	-0.150251	-0.224321	-0.309548	-0.37435	-0.397655	-0.389695	-0.358467	-0.292378	-0.186005	-0.044477	0.112105	0.267585	0.396033	0.469822	0.475302	0.420365	0.317292	0.193144	0.0811918	0.0254449	0.0593869	0.16686	0.315771	0.455542	0.55127	0.597631	0.587151	0.521817	0.406794	0.2594	0.119376	0.0377041	0.0464183	0.130169	0.253009	0.372545	0.453395	0.487772	0.462995	0.367501	0.225467	0.0687991	-0.0853034	-0.218122	-0.304551	-0.340371	-0.356684	-0.364728	-0.329883	-0.246516	-0.157593	-0.083638	-0.0198589	0.0197483	0.0218549	0	
0	0.00190702	0.000702946	0.00235594	0.000776813	-0.0016903	-0.00165611	-0.00668524	-0.00676092	-0.00710058	-0.0100145	-0.00575327	-0.00599267	-0.0059155	-0.00651956	-0.00930935	-0.0122039	-0.013169	-0.00966456	-0.0114321	-0.00987453	-0.00878614	-0.0172926	-0.0210934	-0.018186	-0.0175854	-0.0175836	-0.0153876	-0.0221135	-0.0357849	-0.0394623	-0.0275058	-0.0199117	-0.0303863	-0.0421247	-0.0502127	-0.0649085	-0.0762778	-0.0654294	-0.0462551	-0.0420823	-0.0598771	-0.0937892	-0.144214	-0.207487	-0.284725	-0.356935	-0.402368	-0.403944	-0.371792	-0.31078	-0.21358	-0.0844315	0.0682743	0.223178	0.37374	0.492582	0.550627	0.531311	0.440108	0.299167	0.14173	0.00923958	-0.0520593	-0.012321	0.110934	0.276675	0.429254	0.534607	0.584343	0.570799	0.498093	0.37139	0.210315	0.058804	-0.0310283	-0.0260425	0.0651589	0.212103	0.368051	0.489193	0.558724	0.554626	0.467413	0.331728	0.178975	0.0212638	-0.120571	-0.225816	-0.297545	-0.353706	-0.386103	-0.363421	-0.290952	-0.205774	-0.122376	-0.047981	-0.0056627	0.00274238	0	
0	0.000664491	-0.00101826	0.000861733	-0.0013546	-0.00308469	-0.00164141	-0.00543344	-0.00468022	-0.00317124	-0.00487564	-0.00331719	-0.00628267	-0.00994519	-0.0122474	-0.0127434	-0.0145765	-0.0149816	-0.0096977	-0.012376	-0.0135807	-0.0170688	-0.0237214	-0.0228467	-0.0173639	-0.0156977	-0.018992	-0.024343	-0.0357849	-0.0388662	-0.0319732	-0.0224659	-0.0263353	-0.0420076	-0.0558565	-0.0639911	-0.0728089	-0.0714077	-0.0558702	-0.0443318	-0.0557411	-0.0867759	-0.136521	-0.200912	-0.271122	-0.33826	-0.39094	-0.412883	-0.391186	-0.330081	-0.237641	-0.113377	0.0309945	0.184499	0.334662	0.474801	0.579985	0.615981	0.563894	0.435409	0.258846	0.0768825	-0.0670057	-0.125982	-0.0740157	0.0623094	0.242505	0.407941	0.518662	0.570246	0.556199	0.479278	0.346124	0.173662	0.00525148	-0.100523	-0.104183	-0.00989363	0.155077	0.343918	0.506333	0.612788	0.632904	0.559728	0.432996	0.288248	0.140328	-0.000297111	-0.129797	-0.244127	-0.333784	-0.3823	-0.373957	-0.320749	-0.250298	-0.172444	-0.0985202	-0.0509525	-0.0254734	0	
0	-0.000761648	-0.00515954	-0.00463817	-0.00605551	-0.00714121	-0.00374696	-0.00447793	-0.00068502	6.88151e-05	-0.00438863	-0.00327294	-0.00732229	-0.0100915	-0.0102917	-0.0111064	-0.0102816	-0.0083432	-0.00742812	-0.0154507	-0.0211946	-0.0214633	-0.0235105	-0.0191406	-0.0148314	-0.0189464	-0.0300861	-0.0386062	-0.0394623	-0.0319732	-0.0270755	-0.0297943	-0.0393197	-0.0560103	-0.0693822	-0.0734366	-0.0693632	-0.0600261	-0.0490273	-0.0530178	-0.0779351	-0.123354	-0.186622	-0.260513	-0.324781	-0.374017	-0.403092	-0.402814	-0.354746	-0.264657	-0.143426	-0.00112794	0.147236	0.297258	0.437527	0.56702	0.654007	0.661973	0.57512	0.409952	0.204185	0.00478812	-0.141754	-0.194169	-0.130926	0.0211294	0.212719	0.384692	0.503106	0.560158	0.547388	0.468231	0.326833	0.141405	-0.0420984	-0.165041	-0.182766	-0.0904238	0.0886068	0.305094	0.50184	0.641474	0.689901	0.639456	0.531114	0.403847	0.268792	0.123635	-0.0297258	-0.171608	-0.282261	-0.350387	-0.364218	-0.33339	-0.286523	-0.232099	-0.16857	-0.108401	-0.0553015	0	
0	-0.00270902	-0.00553982	-0.00459025	-0.00536886	-0.00453929	-0.00123182	-0.00414024	-0.00485479	-0.00557263	-0.00919918	-0.00910265	-0.0114156	-0.0103928	-0.00779067	-0.00441595	-0.00507918	-0.00959688	-0.0122219	-0.0210529	-0.0207789	-0.0159744	-0.0139531	-0.0132841	-0.0165739	-0.0276189	-0.0384698	-0.0359819	-0.0275058	-0.0224659	-0.0297943	-0.0384354	-0.0487494	-0.0647203	-0.0756332	-0.0678641	-0.054613	-0.0476404	-0.052875	-0.0721045	-0.112022	-0.171163	-0.246536	-0.319058	-0.367995	-0.394174	-0.400703	-0.375286	-0.299373	-0.17842	-0.035601	0.11578	0.262852	0.40417	0.536057	0.650118	0.713317	0.689031	0.5648	0.366723	0.138769	-0.0696649	-0.215655	-0.258516	-0.182061	-0.0195879	0.184361	0.369164	0.494469	0.554357	0.542064	0.459507	0.310291	0.111948	-0.0878703	-0.225034	-0.251311	-0.161787	0.020659	0.248491	0.466359	0.637681	0.72467	0.711472	0.63189	0.520795	0.387897	0.236549	0.0782167	-0.0690685	-0.196872	-0.2935	-0.334733	-0.328927	-0.31438	-0.293992	-0.243698	-0.16691	-0.0834669	0	
0	0.00432071	0.00319903	0.00610446	0.00416249	-0.000120604	-0.00171073	-0.00844009	-0.00977139	-0.0122971	-0.0171237	-0.0127555	-0.0104594	-0.00839169	-0.00653493	-0.00924976	-0.0143788	-0.019239	-0.0196017	-0.0202611	-0.0149077	-0.00776379	-0.0132892	-0.0201538	-0.0277412	-0.0344106	-0.0345448	-0.0248937	-0.0199117	-0.0263353	-0.0393197	-0.0487494	-0.0583171	-0.0728076	-0.0726002	-0.0548232	-0.0420285	-0.0513694	-0.072892	-0.107667	-0.16063	-0.233169	-0.310501	-0.370094	-0.396315	-0.398947	-0.381273	-0.328797	-0.220651	-0.0747669	0.0828237	0.235775	0.376648	0.51154	0.630313	0.724707	0.757079	0.69326	0.531139	0.303894	0.059339	-0.151926	-0.288257	-0.317303	-0.225347	-0.0455132	0.169274	0.358642	0.488251	0.549851	0.534433	0.444927	0.287603	0.0835107	-0.120873	-0.265163	-0.30253	-0.226874	-0.0563424	0.169869	0.404382	0.611572	0.744796	0.774411	0.722475	0.620872	0.489357	0.345644	0.201308	0.058097	-0.0861225	-0.211757	-0.284154	-0.31219	-0.334446	-0.343251	-0.30281	-0.215829	-0.110108	0	
0	9.69243e-05	-6.43929e-05	0.000683044	-0.00126182	-0.0029351	-0.00246894	-0.00663711	-0.00715482	-0.00510553	-0.00470215	-0.00170489	-0.00522071	-0.0092706	-0.0148508	-0.0198987	-0.0247742	-0.0252954	-0.0182046	-0.0177398	-0.0151902	-0.0183418	-0.0292672	-0.0369347	-0.0373329	-0.0351562	-0.0307026	-0.0255136	-0.0303863	-0.0420076	-0.0560103	-0.0647203	-0.0728076	-0.0767291	-0.0658028	-0.0468958	-0.0501627	-0.0765571	-0.113765	-0.160217	-0.226502	-0.302567	-0.368509	-0.404532	-0.404146	-0.381532	-0.335972	-0.250159	-0.113172	0.052266	0.213084	0.360108	0.492057	0.611918	0.711243	0.774378	0.766503	0.662927	0.468354	0.222635	-0.0234796	-0.224589	-0.346725	-0.357757	-0.250752	-0.0638517	0.156797	0.350235	0.477959	0.534697	0.516067	0.427564	0.27362	0.0703696	-0.13812	-0.292781	-0.348439	-0.294544	-0.139561	0.0848035	0.335014	0.573696	0.745476	0.8103	0.783801	0.699313	0.584385	0.460374	0.332723	0.195202	0.0427953	-0.105909	-0.215823	-0.286144	-0.339417	-0.36288	-0.329562	-0.246101	-0.132235	0	
0	-0.00200431	-0.00841126	-0.00853551	-0.0109933	-0.0120215	-0.00791788	-0.0069968	-0.000414399	0.00216739	-0.00227726	-0.002399	-0.00735657	-0.0132607	-0.0151204	-0.0162039	-0.0142605	-0.0110655	-0.00809631	-0.0140064	-0.0208682	-0.0263012	-0.0367642	-0.0365287	-0.0314501	-0.0279106	-0.0291759	-0.0322747	-0.0421247	-0.0558565	-0.0693822	-0.0756332	-0.0726002	-0.0658028	-0.0522578	-0.0484056	-0.0686539	-0.110843	-0.157875	-0.217018	-0.28778	-0.354865	-0.398169	-0.406882	-0.381953	-0.333688	-0.258507	-0.144646	0.0131392	0.181522	0.33612	0.471622	0.588954	0.692423	0.764485	0.792852	0.747462	0.609739	0.394223	0.143803	-0.09617	-0.283579	-0.387789	-0.385833	-0.270892	-0.0781024	0.141303	0.329582	0.456994	0.518343	0.50567	0.421038	0.268087	0.0633403	-0.152722	-0.322066	-0.394622	-0.355128	-0.209802	0.0114208	0.266838	0.519152	0.712542	0.806948	0.815046	0.764749	0.678879	0.575784	0.461991	0.333875	0.181503	0.0132479	-0.134458	-0.241754	-0.314052	-0.34344	-0.318988	-0.249022	-0.140234	0	
0	-0.00393702	-0.00648063	-0.00673334	-0.00670508	-0.00544249	-0.00219423	-0.00450833	-0.00669776	-0.00904843	-0.0135022	-0.0137597	-0.0176775	-0.016765	-0.0132392	-0.00919167	-0.00821135	-0.00882578	-0.0107615	-0.021729	-0.0265573	-0.0283586	-0.0303166	-0.0262269	-0.0208578	-0.0228255	-0.0298466	-0.0375943	-0.0502127	-0.0639911	-0.0734366	-0.0678641	-0.0548232	-0.0468958	-0.0484056	-0.0623106	-0.0999017	-0.15289	-0.213302	-0.279031	-0.344446	-0.391444	-0.408328	-0.393062	-0.343139	-0.267673	-0.163755	-0.0263895	0.138976	0.304504	0.448378	0.571453	0.67516	0.754825	0.796225	0.788101	0.706558	0.544409	0.318738	0.0703021	-0.15678	-0.328815	-0.422786	-0.411872	-0.292512	-0.10099	0.120397	0.314655	0.44752	0.511265	0.498681	0.414145	0.259154	0.0482738	-0.174097	-0.347825	-0.426098	-0.394417	-0.258553	-0.050181	0.192575	0.441621	0.64817	0.773253	0.823327	0.815743	0.764479	0.68479	0.586124	0.467087	0.313972	0.132158	-0.0363304	-0.161881	-0.246041	-0.28507	-0.27277	-0.21746	-0.124211	0	
0	0.00498066	0.00517744	0.00825984	0.00569192	0.00170407	-0.00166954	-0.0095032	-0.0116009	-0.0148756	-0.0211504	-0.0191746	-0.0175446	-0.0158975	-0.0119789	-0.0127136	-0.0153954	-0.0209382	-0.0252349	-0.0320131	-0.0315932	-0.0267799	-0.0280003	-0.0235112	-0.0228207	-0.0295661	-0.0418085	-0.0528689	-0.0649085	-0.0728089	-0.0693632	-0.054613	-0.0420285	-0.0501627	-0.0686539	-0.0999017	-0.148556	-0.215263	-0.281945	-0.343659	-0.389514	-0.409796	-0.401709	-0.360421	-0.283395	-0.177975	-0.0487538	0.100292	0.266903	0.422564	0.555942	0.666359	0.749486	0.80168	0.806865	0.761376	0.650428	0.469436	0.238426	-0.00195288	-0.216946	-0.375698	-0.454695	-0.433511	-0.307275	-0.108653	0.114729	0.306217	0.436937	0.49968	0.485588	0.396786	0.238349	0.0300431	-0.187641	-0.359115	-0.438291	-0.413922	-0.295215	-0.110131	0.113063	0.353906	0.56787	0.718496	0.808285	0.845004	0.833485	0.782314	0.698195	0.582445	0.428772	0.249998	0.087405	-0.0382572	-0.133492	-0.189008	-0.191233	-0.151129	-0.0843252	0	
0	-6.17667e-05	-0.000143057	8.39983e-06	-0.00119358	-0.00298014	-0.00315184	-0.00697906	-0.00904694	-0.00990483	-0.0106528	-0.00649555	-0.00883326	-0.0104729	-0.013126	-0.0189832	-0.0271027	-0.0312473	-0.0324283	-0.0361362	-0.0328093	-0.0284449	-0.0298997	-0.0297296	-0.0348156	-0.0486686	-0.0638766	-0.0727657	-0.0762778	-0.0714077	-0.0600261	-0.0476404	-0.0513694	-0.0765571	-0.110843	-0.15289	-0.215263	-0.288243	-0.350324	-0.392215	-0.410565	-0.40467	-0.369403	-0.300249	-0.190918	-0.0585695	0.085701	0.23861	0.397295	0.542526	0.661776	0.750979	0.805628	0.818392	0.782702	0.702879	0.567274	0.377953	0.154135	-0.0712209	-0.264875	-0.402578	-0.468323	-0.437154	-0.307198	-0.112824	0.105637	0.293582	0.421214	0.479082	0.459929	0.372149	0.220168	0.0189485	-0.190966	-0.356484	-0.439266	-0.428134	-0.327035	-0.162638	0.0399714	0.267473	0.481899	0.650345	0.772781	0.849787	0.877248	0.85426	0.783855	0.674584	0.53269	0.376157	0.236785	0.121017	0.0190654	-0.0522602	-0.0737253	-0.0594605	-0.0321099	0	
0	-0.00213133	-0.00611032	-0.00741626	-0.010884	-0.0120927	-0.0117186	-0.0123005	-0.00759525	-0.00373016	-0.00500465	-0.00365208	-0.00626074	-0.0114957	-0.0148112	-0.0213016	-0.0248951	-0.027577	-0.0268566	-0.0280629	-0.0233833	-0.0209333	-0.0291174	-0.0361465	-0.049007	-0.0652887	-0.0756875	-0.0740608	-0.0654294	-0.0558702	-0.0490273	-0.052875	-0.072892	-0.113765	-0.157875	-0.213302	-0.281945	-0.350324	-0.39153	-0.405777	-0.397659	-0.365161	-0.30328	-0.201973	-0.0660821	0.0812554	0.22761	0.371061	0.518334	0.64656	0.744524	0.804911	0.82128	0.794383	0.72464	0.621061	0.477501	0.293554	0.0838942	-0.119342	-0.292623	-0.415619	-0.469476	-0.433894	-0.306358	-0.116154	0.0943358	0.272451	0.393396	0.449701	0.434824	0.352381	0.206161	0.0144588	-0.187815	-0.35274	-0.439439	-0.435884	-0.349517	-0.205843	-0.0224032	0.19219	0.402528	0.579414	0.721739	0.824927	0.880447	0.88379	0.837426	0.753279	0.640353	0.514553	0.401308	0.302099	0.20539	0.124307	0.0741001	0.0440796	0.0202773	0	
