0	0	0	0	0	0	0	0	0	0	0	0	0	0	0	0	0	0	0	0	0	0	0	0	0	0	0	0	0	0	0	0	0	0	0	0	0	0	0	0	0	0	0	0	0	0	0	0	0	0	0	0	0	0	0	0	0	0	0	0	0	0	0	0	0	0	0	0	0	0	0	0	0	0	0	0	0	0	0	0	0	0	0	0	0	0	0	0	0	0	0	0	0	0	0	0	0	0	0	0	
0	0.0197488	0.0488623	0.0955842	0.164288	0.251426	0.343231	0.418961	0.459797	0.457778	0.417989	0.353214	0.276445	0.196287	0.116243	0.0364777	-0.0437519	-0.124344	-0.203776	-0.279761	-0.350254	-0.413748	-0.46925	-0.516389	-0.555297	-0.586409	-0.610357	-0.627818	-0.639391	-0.645547	-0.646547	-0.642435	-0.633036	-0.61796	-0.596662	-0.568496	-0.532802	-0.48904	-0.436928	-0.376572	-0.308704	-0.234645	-0.156271	-0.0758953	0.00455934	0.0844461	0.164325	0.244652	0.323506	0.39441	0.445829	0.4641	0.440171	0.376591	0.288651	0.19756	0.120708	0.0659624	0.0323425	0.0142848	0.00570738	0.00207168	0.000686042	0.000208092	5.80326e-05	1.49326e-05	3.55694e-06	7.86723e-07	1.62034e-07	3.11585e-08	5.60791e-09	9.4683e-10	1.50285e-10	2.24695e-11	3.17041e-12	4.22899e-13	5.34154e-14	6.39839e-15	7.27907e-16	7.87541e-17	8.11371e-18	7.96969e-19	7.47201e-20	6.6939e-21	5.73608e-22	4.70621e-23	3.70043e-24	2.79089e-25	2.02074e-26	1.40575e-27	9.40299e-29	6.05212e-30	3.75092e-31	2.24001e-32	1.28981e-33	7.16531e-35	3.84269e-36	1.99055e-37	9.94285e-39	0	
0	0.0488623	0.115992	0.215092	0.349308	0.506087	0.658392	0.775046	0.834583	0.832166	0.77566	0.677402	0.549	0.399908	0.237684	0.0687964	-0.100799	-0.265541	-0.420662	-0.562986	-0.690811	-0.803159	-0.899749	-0.981031	-1.04782	-1.10117	-1.14231	-1.17238	-1.19239	-1.20308	-1.20485	-1.1978	-1.1816	-1.15566	-1.11904	-1.07069	-1.0094	-0.934047	-0.843706	-0.737742	-0.616054	-0.47935	-0.328993	-0.167567	0.000720683	0.170588	0.336244	0.491478	0.629228	0.740832	0.815519	0.840885	0.806359	0.710825	0.569355	0.41081	0.265771	0.153978	0.0799939	0.0373714	0.0157583	0.00602191	0.00209423	0.000665496	0.000193997	5.20684e-05	1.29115e-05	2.96758e-06	6.34085e-07	1.26304e-07	2.35142e-08	4.10138e-09	6.71715e-10	1.03514e-10	1.50388e-11	2.06357e-12	2.67888e-13	3.2954e-14	3.84709e-15	4.26817e-16	4.5062e-17	4.53298e-18	4.34988e-19	3.98637e-20	3.49258e-21	2.92835e-22	2.35192e-23	1.8111e-24	1.33832e-25	9.49803e-27	6.47901e-28	4.2512e-29	2.68508e-30	1.6336e-31	9.57996e-33	5.41861e-34	2.95789e-35	1.55919e-36	7.92261e-38	0	
0	0.0955842	0.215092	0.371479	0.558599	0.751333	0.917196	1.03259	1.08979	1.09011	1.03463	0.923811	0.762009	0.558995	0.328379	0.0849695	-0.157884	-0.389854	-0.604527	-0.798883	-0.971241	-1.12077	-1.24799	-1.35409	-1.44051	-1.5091	-1.56169	-1.59995	-1.62535	-1.6389	-1.64119	-1.63233	-1.61188	-1.57899	-1.53233	-1.4703	-1.39115	-1.29304	-1.17435	-1.03389	-0.870719	-0.685078	-0.478282	-0.252616	-0.0130737	0.231556	0.469016	0.684847	0.864663	0.996807	1.07467	1.09675	1.06261	0.970287	0.822745	0.637526	0.445973	0.279761	0.157057	0.0789998	0.0357117	0.0145658	0.00538371	0.00181116	0.000556938	0.000157174	4.08621e-05	9.82078e-06	2.18913e-06	4.53945e-07	8.78114e-08	1.58867e-08	2.69456e-09	4.29417e-10	6.44324e-11	9.12007e-12	1.21995e-12	1.54476e-13	1.85458e-14	2.11415e-15	2.29157e-16	2.36488e-17	2.32648e-18	2.18429e-19	1.9594e-20	1.68109e-21	1.38086e-22	1.08693e-23	8.20625e-25	5.94766e-26	4.14153e-27	2.77285e-28	1.78635e-29	1.10813e-30	6.62356e-32	3.81729e-33	2.12252e-34	1.1393e-35	5.89277e-37	0	
0	0.164288	0.349308	0.558599	0.772911	0.961851	1.10415	1.1964	1.24161	1.23503	1.16694	1.03451	0.844928	0.61128	0.349074	0.0733436	-0.203045	-0.470034	-0.720836	-0.950113	-1.15339	-1.32899	-1.47741	-1.59973	-1.69806	-1.77514	-1.83339	-1.87528	-1.90281	-1.91735	-1.91981	-1.91023	-1.88817	-1.8523	-1.80095	-1.73172	-1.64212	-1.52959	-1.39166	-1.22689	-1.03466	-0.815469	-0.572806	-0.311593	-0.0379199	0.239438	0.508709	0.755574	0.964521	1.12119	1.21536	1.24567	1.22028	1.14716	1.02557	0.854965	0.650948	0.446039	0.273077	0.14915	0.072821	0.0319037	0.0126004	0.00450801	0.00146791	0.000437004	0.000119445	3.00907e-05	7.01195e-06	1.51641e-06	3.05271e-07	5.73663e-08	1.00891e-08	1.66456e-09	2.58206e-10	3.77344e-11	5.20525e-12	6.78971e-13	8.38856e-14	9.83163e-15	1.09471e-15	1.15959e-16	1.17004e-17	1.12595e-18	1.03456e-19	9.08626e-21	7.63582e-22	6.146e-23	4.74239e-24	3.5112e-25	2.49651e-26	1.70599e-27	1.1213e-28	7.09384e-30	4.32279e-31	2.53898e-32	1.43828e-33	7.86297e-35	4.14052e-36	0	
0	0.251426	0.506087	0.751333	0.961851	1.11985	1.22726	1.29229	1.30974	1.26573	1.15713	0.9937	0.786843	0.546734	0.283636	0.00753132	-0.271127	-0.542772	-0.798917	-1.03132	-1.23544	-1.4108	-1.55756	-1.677	-1.77215	-1.84584	-1.90085	-1.94011	-1.96558	-1.97893	-1.98113	-1.97214	-1.9517	-1.91815	-1.86986	-1.80411	-1.71797	-1.60856	-1.47302	-1.30894	-1.11623	-0.894814	-0.647444	-0.38111	-0.104126	0.174211	0.44371	0.694158	0.915351	1.09736	1.22936	1.29971	1.30561	1.25867	1.16987	1.03619	0.85371	0.638981	0.427992	0.254959	0.135064	0.0638307	0.0270398	0.0103216	0.00356904	0.00112357	0.000323545	8.55914e-05	2.08836e-05	4.71668e-06	9.89374e-07	1.93328e-07	3.529e-08	6.03312e-09	9.68262e-10	1.46202e-10	2.08115e-11	2.79808e-12	3.55948e-13	4.29134e-14	4.91072e-15	5.34155e-16	5.53026e-17	5.45671e-18	5.13742e-19	4.62039e-20	3.97372e-21	3.27145e-22	2.58064e-23	1.95233e-24	1.41774e-25	9.89048e-27	6.63373e-28	4.281e-29	2.66007e-30	1.59257e-31	9.19287e-33	5.1194e-34	2.74499e-35	0	
0	0.343231	0.658392	0.917196	1.10415	1.22726	1.30274	1.32874	1.28976	1.18533	1.03259	0.843863	0.623889	0.380057	0.121406	-0.141907	-0.399285	-0.64278	-0.864859	-1.06085	-1.23103	-1.37553	-1.49423	-1.58985	-1.66539	-1.72289	-1.76559	-1.79568	-1.81499	-1.82515	-1.82667	-1.8199	-1.80416	-1.7786	-1.74112	-1.69004	-1.62234	-1.53508	-1.42612	-1.2921	-1.13192	-0.946283	-0.734245	-0.498712	-0.245965	0.0161917	0.277973	0.52896	0.75945	0.961099	1.12909	1.25497	1.32138	1.32057	1.26595	1.16991	1.0269	0.832851	0.609156	0.396375	0.22849	0.116864	0.053266	0.0217558	0.00800867	0.00267195	0.000812166	0.000225992	5.78192e-05	1.36556e-05	2.98801e-06	6.0774e-07	1.15246e-07	2.04319e-08	3.39516e-09	5.30025e-10	7.79028e-11	1.08018e-11	1.41557e-12	1.75634e-13	2.06645e-14	2.30906e-15	2.45388e-16	2.48346e-17	2.39655e-18	2.20777e-19	1.94376e-20	1.63722e-21	1.32063e-22	1.02112e-23	7.575e-25	5.39598e-26	3.69397e-27	2.43214e-28	1.54127e-29	9.40738e-31	5.5342e-32	3.13989e-33	1.71456e-34	0	
0	0.418961	0.775046	1.03259	1.1964	1.29229	1.32874	1.29242	1.18439	1.02946	0.842546	0.623538	0.381633	0.131653	-0.115517	-0.349145	-0.563371	-0.754785	-0.920157	-1.06107	-1.17881	-1.27291	-1.34616	-1.40301	-1.44523	-1.47573	-1.49766	-1.51212	-1.52136	-1.52615	-1.52668	-1.52393	-1.51617	-1.50415	-1.48512	-1.45827	-1.42126	-1.37098	-1.30453	-1.21967	-1.11121	-0.979565	-0.823993	-0.642853	-0.437526	-0.21099	0.0318139	0.281995	0.528903	0.758727	0.958675	1.12724	1.25746	1.32559	1.32144	1.2617	1.15814	1.0026	0.794645	0.563599	0.353824	0.196255	0.09648	0.0422646	0.0165992	0.00588051	0.00188996	0.000553988	0.000148816	3.67955e-05	8.40722e-06	1.78148e-06	3.51229e-07	6.46211e-08	1.11252e-08	1.7967e-09	2.72816e-10	3.90311e-11	5.27168e-12	6.73399e-13	8.14925e-14	9.35772e-15	1.02111e-15	1.06029e-16	1.04904e-17	9.9016e-19	8.92626e-20	7.69407e-21	6.34767e-22	5.01727e-23	3.80295e-24	2.76665e-25	1.93346e-26	1.299e-27	8.39668e-29	5.22572e-30	3.13348e-31	1.81149e-32	1.0075e-33	0	
0	0.459797	0.834583	1.08979	1.24161	1.30974	1.28976	1.18439	1.02481	0.832106	0.60281	0.349034	0.0962099	-0.145022	-0.366164	-0.560271	-0.726886	-0.862545	-0.968436	-1.04762	-1.10165	-1.13529	-1.15558	-1.16593	-1.16866	-1.16845	-1.16608	-1.1634	-1.16145	-1.16008	-1.16002	-1.16098	-1.16294	-1.16527	-1.16798	-1.16888	-1.1671	-1.16082	-1.1448	-1.11748	-1.07255	-1.00349	-0.908618	-0.784796	-0.630648	-0.447314	-0.236466	-0.00231517	0.246849	0.502791	0.744715	0.952327	1.12731	1.2619	1.32731	1.31658	1.25004	1.13527	0.962409	0.739174	0.504383	0.303511	0.16115	0.0758417	0.0318326	0.0119931	0.00408128	0.00126176	0.00035626	9.2307e-05	2.20418e-05	4.86957e-06	9.98834e-07	1.90826e-07	3.40556e-08	5.69243e-09	8.93351e-10	1.31927e-10	1.83711e-11	2.41687e-12	3.00928e-13	3.55207e-14	3.9809e-15	4.24219e-16	4.30424e-17	4.16345e-18	3.84399e-19	3.39136e-20	2.86215e-21	2.31301e-22	1.79162e-23	1.33135e-24	9.49932e-26	6.51334e-27	4.29503e-28	2.72587e-29	1.66622e-30	9.8161e-32	5.56106e-33	0	
0	0.457778	0.832166	1.09011	1.23503	1.26573	1.18533	1.02946	0.832106	0.593042	0.324484	0.0628457	-0.181285	-0.405397	-0.59521	-0.749107	-0.863712	-0.938166	-0.979287	-0.991545	-0.983718	-0.964038	-0.938604	-0.909644	-0.882558	-0.859398	-0.840022	-0.826354	-0.816614	-0.811438	-0.811076	-0.813606	-0.822493	-0.833732	-0.851632	-0.873181	-0.898391	-0.92619	-0.954302	-0.976393	-0.990835	-0.987232	-0.958722	-0.897902	-0.799793	-0.661464	-0.485764	-0.274276	-0.0370254	0.217734	0.487222	0.74227	0.958373	1.14002	1.27341	1.32844	1.30709	1.23051	1.09885	0.904281	0.667158	0.434749	0.249294	0.126136	0.056635	0.0227155	0.00819281	0.00267383	0.000794157	0.000215774	5.38808e-05	1.24175e-05	2.65119e-06	5.26186e-07	9.73817e-08	1.68532e-08	2.73449e-09	4.16956e-10	5.98784e-11	8.11504e-12	1.03983e-12	1.26195e-13	1.45286e-14	1.58916e-15	1.65382e-16	1.63967e-17	1.55065e-18	1.40046e-19	1.20923e-20	9.99259e-22	7.91065e-23	6.00507e-24	4.37504e-25	3.06177e-26	2.05987e-27	1.33327e-28	8.30859e-30	4.98845e-31	2.8789e-32	0	
0	0.417989	0.77566	1.03463	1.16694	1.15713	1.03259	0.842546	0.60281	0.324484	0.0505412	-0.202124	-0.438233	-0.633578	-0.779943	-0.880786	-0.93161	-0.944327	-0.924894	-0.884719	-0.83303	-0.776735	-0.721329	-0.671541	-0.630874	-0.598168	-0.574039	-0.556618	-0.545141	-0.53945	-0.538271	-0.541979	-0.550974	-0.565924	-0.587066	-0.616728	-0.655226	-0.699819	-0.753737	-0.809816	-0.864878	-0.910809	-0.939829	-0.941017	-0.906149	-0.826172	-0.697614	-0.522274	-0.299626	-0.0524867	0.212966	0.495919	0.75878	0.98115	1.1662	1.28962	1.32721	1.2922	1.20057	1.04517	0.826841	0.581045	0.35922	0.19532	0.0938276	0.040078	0.0153271	0.00528289	0.00165124	0.000470645	0.000122942	2.95657e-05	6.5723e-06	1.35542e-06	2.60192e-07	4.66317e-08	7.8239e-09	1.23199e-09	1.82486e-10	2.54807e-11	3.36048e-12	4.1936e-13	4.96022e-14	5.56961e-15	5.9456e-16	6.04244e-17	5.85376e-18	5.41241e-19	4.78164e-20	4.04075e-21	3.26956e-22	2.5356e-23	1.8864e-24	1.3475e-25	9.24959e-27	6.10606e-28	3.87945e-29	2.37388e-30	1.39566e-31	0	
0	0.353214	0.677402	0.923811	1.03451	0.9937	0.843863	0.623538	0.349034	0.0628457	-0.202124	-0.450671	-0.656189	-0.798317	-0.892941	-0.932186	-0.926108	-0.886044	-0.818947	-0.74238	-0.660477	-0.58679	-0.523187	-0.474049	-0.436166	-0.40947	-0.39033	-0.377069	-0.370353	-0.365892	-0.365223	-0.368753	-0.373001	-0.385307	-0.400011	-0.423862	-0.457491	-0.503198	-0.559403	-0.629642	-0.708485	-0.789659	-0.861119	-0.914461	-0.933932	-0.915092	-0.841916	-0.719498	-0.539993	-0.303717	-0.0444398	0.237109	0.530542	0.795313	1.02154	1.20249	1.30571	1.32149	1.26978	1.15568	0.970437	0.730761	0.48543	0.283163	0.145415	0.0661248	0.0268097	0.0097587	0.00320989	0.000959773	0.000262273	6.58167e-05	1.52332e-05	3.26446e-06	6.50006e-07	1.20639e-07	2.09305e-08	3.40357e-09	5.19999e-10	7.48076e-11	1.01544e-11	1.30301e-12	1.5834e-13	1.82513e-14	1.99857e-15	2.08201e-16	2.06619e-17	1.9558e-18	1.76791e-19	1.52777e-20	1.26352e-21	1.00105e-22	7.60501e-24	5.54493e-25	3.88345e-26	2.61466e-27	1.69366e-28	1.05624e-29	6.32616e-31	0	
0	0.276445	0.549	0.762009	0.844928	0.786843	0.623889	0.381633	0.0962099	-0.181285	-0.438233	-0.656189	-0.803469	-0.89838	-0.937156	-0.91544	-0.858984	-0.768301	-0.670872	-0.573699	-0.490916	-0.426626	-0.379168	-0.346301	-0.325974	-0.311965	-0.303892	-0.300183	-0.298324	-0.296711	-0.29742	-0.297642	-0.299358	-0.302479	-0.308953	-0.319841	-0.335446	-0.365509	-0.405827	-0.463741	-0.537182	-0.631498	-0.729301	-0.825956	-0.897229	-0.933907	-0.922073	-0.846617	-0.723044	-0.531597	-0.284044	-0.0102241	0.290085	0.587955	0.851709	1.07766	1.24244	1.31699	1.30922	1.23552	1.08995	0.87264	0.619808	0.38675	0.211948	0.102488	0.0440182	0.0169107	0.00585078	0.00183447	0.000524229	0.000137234	3.30618e-05	7.36034e-06	1.51981e-06	2.92046e-07	5.23851e-08	8.79541e-09	1.38579e-09	2.05369e-10	2.86878e-11	3.78479e-12	4.72457e-13	5.58977e-14	6.27803e-15	6.70337e-16	6.81402e-17	6.60264e-18	6.10611e-19	5.39565e-20	4.56065e-21	3.69112e-22	2.86325e-23	2.13074e-24	1.52248e-25	1.0454e-26	6.90351e-28	4.38767e-29	2.67697e-30	0	
0	0.196287	0.399908	0.558995	0.61128	0.546734	0.380057	0.131653	-0.145022	-0.405397	-0.633578	-0.798317	-0.89838	-0.940354	-0.908512	-0.836598	-0.733449	-0.618442	-0.517264	-0.429721	-0.372482	-0.330172	-0.30921	-0.296134	-0.292285	-0.287642	-0.289561	-0.289904	-0.288202	-0.290776	-0.289126	-0.28905	-0.290257	-0.28772	-0.289588	-0.290487	-0.294311	-0.301888	-0.320728	-0.353727	-0.403996	-0.478402	-0.576807	-0.686353	-0.799632	-0.882755	-0.935718	-0.923467	-0.84452	-0.707458	-0.497525	-0.239383	0.0539979	0.368819	0.665031	0.927192	1.1433	1.27828	1.32025	1.28704	1.18244	0.998151	0.753511	0.500975	0.292216	0.149978	0.06814	0.0275973	0.0100336	0.00329618	0.000984303	0.000268624	6.73221e-05	1.55614e-05	3.33051e-06	6.62324e-07	1.22775e-07	2.12758e-08	3.45577e-09	5.27393e-10	7.57916e-11	1.02776e-11	1.31757e-12	1.59966e-13	1.84231e-14	2.01577e-15	2.09839e-16	2.08102e-17	1.96859e-18	1.77845e-19	1.53608e-20	1.26979e-21	1.00561e-22	7.63687e-24	5.56645e-25	3.89753e-26	2.62362e-27	1.69918e-28	1.05592e-29	0	
0	0.116243	0.237684	0.328379	0.349074	0.283636	0.121406	-0.115517	-0.366164	-0.59521	-0.779943	-0.892941	-0.937156	-0.908512	-0.826867	-0.719033	-0.590489	-0.482064	-0.392669	-0.339179	-0.30874	-0.298398	-0.295548	-0.295865	-0.293309	-0.295227	-0.292487	-0.290984	-0.288497	-0.289387	-0.287468	-0.289065	-0.290483	-0.29175	-0.293634	-0.293767	-0.296438	-0.294103	-0.297697	-0.302219	-0.325918	-0.365658	-0.443678	-0.543487	-0.668221	-0.786959	-0.879529	-0.934701	-0.917672	-0.832109	-0.670024	-0.441186	-0.166154	0.148935	0.468464	0.760948	1.01754	1.20818	1.30384	1.31299	1.24847	1.10239	0.878729	0.619577	0.383368	0.208321	0.0999226	0.0425939	0.0162501	0.00558637	0.00174129	0.000494908	0.000128911	3.09128e-05	6.85235e-06	1.40926e-06	2.69794e-07	4.82253e-08	8.07068e-09	1.26773e-09	1.87339e-10	2.60995e-11	3.43472e-12	4.27754e-13	5.04979e-14	5.65995e-15	6.03182e-16	6.1204e-17	5.92061e-18	5.46684e-19	4.82376e-20	4.07178e-21	3.29135e-22	2.55021e-23	1.89579e-24	1.35329e-25	9.2841e-27	6.12597e-28	3.87676e-29	0	
0	0.0364777	0.0687964	0.0849695	0.0733436	0.00753132	-0.141907	-0.349145	-0.560271	-0.749107	-0.880786	-0.932186	-0.91544	-0.836598	-0.719033	-0.58261	-0.45975	-0.372155	-0.321118	-0.307341	-0.3036	-0.308018	-0.301073	-0.298131	-0.28904	-0.283765	-0.273655	-0.268674	-0.265956	-0.26069	-0.262808	-0.263253	-0.265828	-0.273583	-0.278103	-0.287136	-0.294578	-0.299998	-0.305236	-0.306103	-0.305225	-0.312795	-0.345927	-0.420778	-0.529187	-0.665965	-0.79219	-0.890299	-0.932229	-0.906199	-0.800014	-0.610055	-0.36113	-0.0601892	0.269486	0.586177	0.87447	1.11243	1.26189	1.31586	1.29041	1.18376	0.989785	0.736299	0.481418	0.276135	0.139488	0.0624493	0.0249552	0.00896272	0.00291181	0.000860741	0.000232733	5.78326e-05	1.32637e-05	2.81831e-06	5.56733e-07	1.02565e-07	1.76716e-08	2.85502e-09	4.33544e-10	6.2015e-11	8.37297e-12	1.06904e-12	1.29298e-13	1.4838e-14	1.61809e-15	1.67913e-16	1.66035e-17	1.56633e-18	1.41139e-19	1.21611e-20	1.00302e-21	7.92661e-23	6.0078e-24	4.37099e-25	3.05525e-26	2.05333e-27	1.32295e-28	0	
0	-0.0437519	-0.100799	-0.157884	-0.203045	-0.271127	-0.399285	-0.563371	-0.726886	-0.863712	-0.93161	-0.926108	-0.858984	-0.733449	-0.590489	-0.45975	-0.365943	-0.319246	-0.310136	-0.313103	-0.311179	-0.298412	-0.284438	-0.270118	-0.25699	-0.243641	-0.237446	-0.229326	-0.226724	-0.22329	-0.223728	-0.225447	-0.227352	-0.234253	-0.24049	-0.251803	-0.264299	-0.280029	-0.291213	-0.308015	-0.31345	-0.31236	-0.311573	-0.342145	-0.416492	-0.535446	-0.676284	-0.813219	-0.905316	-0.931332	-0.883474	-0.743264	-0.527351	-0.249677	0.0767	0.409278	0.721903	0.99796	1.19776	1.29811	1.31126	1.24304	1.08345	0.845821	0.581912	0.351124	0.186261	0.0873672	0.0364881	0.013664	0.00461849	0.00141758	0.000397275	0.000102156	2.4209e-05	5.30825e-06	1.08078e-06	2.04994e-07	3.63275e-08	6.03095e-09	9.40282e-10	1.37984e-10	1.90987e-11	2.49813e-12	3.09341e-13	3.63237e-14	4.05084e-15	4.29665e-16	4.34043e-17	4.18125e-18	3.84566e-19	3.38077e-20	2.84383e-21	2.29126e-22	1.76987e-23	1.31189e-24	9.33937e-26	6.39075e-27	4.19059e-28	0	
0	-0.124344	-0.265541	-0.389854	-0.470034	-0.542772	-0.64278	-0.754785	-0.862545	-0.938166	-0.944327	-0.886044	-0.768301	-0.618442	-0.482064	-0.372155	-0.319246	-0.309465	-0.315768	-0.312321	-0.291106	-0.267829	-0.248691	-0.234488	-0.223687	-0.217646	-0.213397	-0.210493	-0.209666	-0.208921	-0.209006	-0.209382	-0.210729	-0.212464	-0.216265	-0.22015	-0.229714	-0.243222	-0.258868	-0.280922	-0.305369	-0.317121	-0.311547	-0.311568	-0.343909	-0.433193	-0.561281	-0.708652	-0.84274	-0.919659	-0.925399	-0.838625	-0.662868	-0.415004	-0.102639	0.236615	0.566583	0.871733	1.11585	1.26245	1.31413	1.28243	1.15872	0.944292	0.680583	0.430426	0.239027	0.11714	0.0510035	0.0198696	0.00697276	0.00221796	0.000643104	0.00017084	4.1769e-05	9.43733e-06	1.97777e-06	3.85726e-07	7.02221e-08	1.19662e-08	1.91346e-09	2.87784e-10	4.07967e-11	5.46196e-12	6.91877e-13	8.3062e-14	9.46576e-15	1.02548e-15	1.05761e-16	1.03969e-17	9.7543e-19	8.74387e-20	7.49715e-21	6.15489e-22	4.84281e-23	3.65535e-24	2.64908e-25	1.8448e-26	1.2306e-27	0	
0	-0.203776	-0.420662	-0.604527	-0.720836	-0.798917	-0.864859	-0.920157	-0.968436	-0.979287	-0.924894	-0.818947	-0.670872	-0.517264	-0.392669	-0.321118	-0.310136	-0.315768	-0.316407	-0.284362	-0.251784	-0.229549	-0.225774	-0.219394	-0.217329	-0.214396	-0.216344	-0.212717	-0.214151	-0.212496	-0.211677	-0.213802	-0.211829	-0.214008	-0.21621	-0.215546	-0.217299	-0.224377	-0.2266	-0.240423	-0.269671	-0.306885	-0.318504	-0.311709	-0.311237	-0.355897	-0.462037	-0.606308	-0.759235	-0.875932	-0.931704	-0.898662	-0.767379	-0.554282	-0.264045	0.0734772	0.414403	0.740372	1.02121	1.21191	1.30199	1.30481	1.21626	1.02947	0.773838	0.511004	0.296081	0.151151	0.068425	0.0276617	0.010055	0.00330748	0.000990226	0.000271244	6.8298e-05	1.58746e-05	3.41895e-06	6.84634e-07	1.27865e-07	2.23354e-08	3.65854e-09	5.63277e-10	8.16922e-11	1.1183e-11	1.44763e-12	1.77516e-13	2.06534e-14	2.28337e-15	2.40215e-16	2.40791e-17	2.30268e-18	2.10323e-19	1.83688e-20	1.53556e-21	1.22992e-22	9.44745e-24	6.96574e-25	4.93395e-26	3.34633e-27	0	
0	-0.279761	-0.562986	-0.798883	-0.950113	-1.03132	-1.06085	-1.06107	-1.04762	-0.991545	-0.884719	-0.74238	-0.573699	-0.429721	-0.339179	-0.307341	-0.313103	-0.312321	-0.284362	-0.240875	-0.224836	-0.228008	-0.232287	-0.220309	-0.219241	-0.217367	-0.210954	-0.20821	-0.205019	-0.205345	-0.20314	-0.205465	-0.208923	-0.207792	-0.215706	-0.219383	-0.218572	-0.228387	-0.232335	-0.224507	-0.230821	-0.266279	-0.305263	-0.315493	-0.30783	-0.319985	-0.385718	-0.509054	-0.669609	-0.81417	-0.910341	-0.92728	-0.841848	-0.666749	-0.405146	-0.0768227	0.269809	0.609805	0.91921	1.14992	1.27766	1.31318	1.25782	1.10059	0.859028	0.589995	0.355443	0.188429	0.0884321	0.0369988	0.0138961	0.00471577	0.00145459	0.000410001	0.000106112	2.53256e-05	5.59567e-06	1.14858e-06	2.1972e-07	3.92851e-08	6.58233e-09	1.03603e-09	1.53524e-10	2.14621e-11	2.83588e-12	3.54803e-13	4.20999e-14	4.74495e-15	5.087e-16	5.19462e-17	5.05887e-18	4.70411e-19	4.1813e-20	3.55642e-21	2.89748e-22	2.2633e-23	1.69656e-24	1.22143e-25	8.41705e-27	0	
0	-0.350254	-0.690811	-0.971241	-1.15339	-1.23544	-1.23103	-1.17881	-1.10165	-0.983718	-0.83303	-0.660477	-0.490916	-0.372482	-0.30874	-0.3036	-0.311179	-0.291106	-0.251784	-0.224836	-0.232886	-0.237742	-0.222683	-0.209029	-0.207815	-0.200242	-0.188726	-0.192354	-0.185444	-0.185084	-0.187031	-0.183091	-0.190986	-0.189805	-0.194688	-0.206331	-0.206967	-0.215263	-0.233348	-0.23735	-0.224555	-0.237494	-0.275457	-0.307247	-0.307664	-0.301362	-0.339507	-0.433418	-0.583023	-0.742466	-0.86988	-0.931559	-0.890384	-0.752872	-0.523959	-0.212054	0.135454	0.484571	0.815065	1.08028	1.24394	1.31045	1.28574	1.15801	0.934518	0.664968	0.41507	0.227754	0.110479	0.0477031	0.0184631	0.00644804	0.00204431	0.000591613	0.000157049	3.8411e-05	8.69005e-06	1.82511e-06	3.56994e-07	6.52253e-08	1.11615e-08	1.79326e-09	2.7112e-10	3.86527e-11	5.20638e-12	6.63749e-13	8.02244e-14	9.20695e-15	1.00476e-15	1.04408e-16	1.0344e-17	9.78244e-19	8.84095e-20	7.64381e-21	6.32878e-22	5.0228e-23	3.82457e-24	2.7964e-25	1.95642e-26	0	
0	-0.413748	-0.803159	-1.12077	-1.32899	-1.4108	-1.37553	-1.27291	-1.13529	-0.964038	-0.776735	-0.58679	-0.426626	-0.330172	-0.298398	-0.308018	-0.298412	-0.267829	-0.229549	-0.228008	-0.237742	-0.225302	-0.196818	-0.193977	-0.192637	-0.184486	-0.179913	-0.187212	-0.177583	-0.180736	-0.183929	-0.175663	-0.185626	-0.181311	-0.181323	-0.190278	-0.195167	-0.192533	-0.21312	-0.236433	-0.233131	-0.224625	-0.251074	-0.287585	-0.308656	-0.298837	-0.310738	-0.37454	-0.5067	-0.671641	-0.818529	-0.916652	-0.918342	-0.816607	-0.620193	-0.329998	0.0132503	0.367662	0.713181	1.00692	1.20364	1.2993	1.30253	1.20289	0.999593	0.734056	0.473038	0.267774	0.133839	0.0594669	0.0236532	0.00847901	0.00275625	0.000817026	0.000221961	5.55131e-05	1.28336e-05	2.75248e-06	5.49476e-07	1.02406e-07	1.78664e-08	2.92529e-09	4.50523e-10	6.54027e-11	8.96714e-12	1.16326e-12	1.4302e-13	1.66915e-14	1.85185e-15	1.95581e-16	1.96889e-17	1.89153e-18	1.73621e-19	1.52424e-20	1.28119e-21	1.03206e-22	7.97491e-24	5.91623e-25	4.19839e-26	0	
0	-0.46925	-0.899749	-1.24799	-1.47741	-1.55756	-1.49423	-1.34616	-1.15558	-0.938604	-0.721329	-0.523187	-0.379168	-0.30921	-0.295548	-0.301073	-0.284438	-0.248691	-0.225774	-0.232287	-0.222683	-0.196818	-0.182173	-0.200553	-0.192171	-0.183658	-0.190224	-0.185227	-0.182386	-0.183757	-0.184121	-0.182876	-0.183854	-0.189671	-0.18715	-0.184353	-0.202601	-0.187258	-0.188817	-0.21114	-0.233269	-0.225318	-0.238053	-0.268843	-0.299821	-0.296485	-0.298401	-0.338715	-0.443175	-0.604039	-0.764109	-0.888748	-0.928913	-0.862176	-0.696491	-0.429898	-0.0950898	0.261232	0.616957	0.933443	1.15961	1.28224	1.31064	1.23686	1.05428	0.795988	0.52767	0.307115	0.157669	0.0718726	0.0292958	0.0107503	0.00357385	0.00108247	0.000300251	7.66174e-05	1.80608e-05	3.9475e-06	8.02672e-07	1.52302e-07	2.70411e-08	4.50399e-09	7.0539e-10	1.041e-10	1.45049e-11	1.91171e-12	2.38731e-13	2.8292e-14	3.18661e-15	3.41592e-16	3.48952e-17	3.40122e-18	3.16676e-19	2.81956e-20	2.40316e-21	1.96263e-22	1.53729e-23	1.15586e-24	8.3111e-26	0	
0	-0.516389	-0.981031	-1.35409	-1.59973	-1.677	-1.58985	-1.40301	-1.16593	-0.909644	-0.671541	-0.474049	-0.346301	-0.296134	-0.295865	-0.298131	-0.270118	-0.234488	-0.219394	-0.220309	-0.209029	-0.193977	-0.200553	-0.200828	-0.183565	-0.17849	-0.185844	-0.168673	-0.175428	-0.173311	-0.166764	-0.17863	-0.167773	-0.178922	-0.184005	-0.177914	-0.195606	-0.201136	-0.197136	-0.199412	-0.219504	-0.217557	-0.227201	-0.253309	-0.29054	-0.298396	-0.28996	-0.313532	-0.395957	-0.545076	-0.711643	-0.855311	-0.926475	-0.8919	-0.75541	-0.512725	-0.188865	0.166814	0.529009	0.863031	1.11455	1.26159	1.31235	1.26168	1.09914	0.850037	0.577608	0.344482	0.18107	0.0844246	0.0351627	0.0131724	0.00446659	0.00137888	0.000389555	0.000101188	2.42673e-05	5.39364e-06	1.11477e-06	2.14917e-07	3.87574e-08	6.55465e-09	1.04202e-09	1.56052e-10	2.20596e-11	2.94892e-12	3.73433e-13	4.48683e-14	5.12263e-15	5.56518e-16	5.76062e-17	5.68851e-18	5.36502e-19	4.838e-20	4.17572e-21	3.45299e-22	2.73818e-23	2.08405e-24	1.51655e-25	0	
0	-0.555297	-1.04782	-1.44051	-1.69806	-1.77215	-1.66539	-1.44523	-1.16866	-0.882558	-0.630874	-0.436166	-0.325974	-0.292285	-0.293309	-0.28904	-0.25699	-0.223687	-0.217329	-0.219241	-0.207815	-0.192637	-0.192171	-0.183565	-0.172874	-0.173466	-0.173721	-0.1635	-0.170622	-0.167267	-0.163416	-0.172287	-0.163995	-0.170657	-0.173541	-0.172592	-0.178705	-0.189393	-0.192352	-0.200028	-0.217058	-0.218208	-0.218565	-0.241777	-0.278287	-0.294427	-0.288002	-0.29958	-0.361929	-0.495784	-0.662243	-0.820162	-0.917227	-0.910058	-0.799175	-0.579413	-0.268028	0.0852005	0.451189	0.798318	1.07097	1.23946	1.30975	1.27917	1.13503	0.895921	0.621822	0.378719	0.203155	0.096586	0.0409849	0.0156298	0.00539138	0.001692	0.000485675	0.000128111	3.11863e-05	7.03289e-06	1.47431e-06	2.88195e-07	5.26809e-08	9.02848e-09	1.45412e-09	2.20575e-10	3.15761e-11	4.27379e-12	5.47866e-13	6.66254e-14	7.69775e-15	8.46169e-16	8.86122e-17	8.8514e-18	8.44347e-19	7.70016e-20	6.72049e-21	5.61894e-22	4.5047e-23	3.46588e-24	2.54906e-25	0	
0	-0.586409	-1.10117	-1.5091	-1.77514	-1.84584	-1.72289	-1.47573	-1.16845	-0.859398	-0.598168	-0.40947	-0.311965	-0.287642	-0.295227	-0.283765	-0.243641	-0.217646	-0.214396	-0.217367	-0.200242	-0.184486	-0.183658	-0.17849	-0.173466	-0.175086	-0.172506	-0.169508	-0.171213	-0.169164	-0.168175	-0.171178	-0.169611	-0.171407	-0.174027	-0.17427	-0.175777	-0.182432	-0.183549	-0.191859	-0.212939	-0.216315	-0.214508	-0.229786	-0.268963	-0.293836	-0.286835	-0.288855	-0.336221	-0.458752	-0.621878	-0.785872	-0.90281	-0.920031	-0.831262	-0.631642	-0.332742	0.0168549	0.384728	0.741363	1.03103	1.21775	1.30462	1.29099	1.16299	0.933677	0.659589	0.40885	0.223093	0.107818	0.0464737	0.017991	0.00629582	0.00200342	0.000582809	0.000155737	3.83914e-05	8.76443e-06	1.85939e-06	3.67743e-07	6.79962e-08	1.17849e-08	1.91914e-09	2.94293e-10	4.25821e-11	5.82454e-12	7.54469e-13	9.26978e-14	1.08194e-14	1.20131e-15	1.27059e-16	1.28172e-17	1.23461e-18	1.13684e-19	1.00173e-20	8.45512e-22	6.84249e-23	5.31387e-24	3.94419e-25	0	
0	-0.610357	-1.14231	-1.56169	-1.83339	-1.90085	-1.76559	-1.49766	-1.16608	-0.840022	-0.574039	-0.39033	-0.303892	-0.289561	-0.292487	-0.273655	-0.237446	-0.213397	-0.216344	-0.210954	-0.188726	-0.179913	-0.190224	-0.185844	-0.173721	-0.172506	-0.172215	-0.161496	-0.166201	-0.16312	-0.159523	-0.167675	-0.160685	-0.168788	-0.173347	-0.17194	-0.180129	-0.190485	-0.184284	-0.181371	-0.203164	-0.216207	-0.213025	-0.224924	-0.258697	-0.288854	-0.286677	-0.285625	-0.319445	-0.427946	-0.588442	-0.757538	-0.887948	-0.92388	-0.853638	-0.671275	-0.383741	-0.0380885	0.330447	0.693728	0.996554	1.19809	1.29851	1.29861	1.18404	0.963547	0.690438	0.434089	0.240156	0.117612	0.0513427	0.0201187	0.00712294	0.00229219	0.000674078	0.000182026	4.53319e-05	1.04522e-05	2.23907e-06	4.47056e-07	8.3434e-08	1.45933e-08	2.39792e-09	3.7098e-10	5.41485e-11	7.47067e-12	9.75958e-13	1.20923e-13	1.42315e-14	1.59323e-15	1.69889e-16	1.72767e-17	1.67754e-18	1.55699e-19	1.38279e-20	1.1763e-21	9.5936e-23	7.50798e-24	5.61513e-25	0	
0	-0.627818	-1.17238	-1.59995	-1.87528	-1.94011	-1.79568	-1.51212	-1.1634	-0.826354	-0.556618	-0.377069	-0.300183	-0.289904	-0.290984	-0.268674	-0.229326	-0.210493	-0.212717	-0.20821	-0.192354	-0.187212	-0.185227	-0.168673	-0.1635	-0.169508	-0.161496	-0.161201	-0.162864	-0.161265	-0.159256	-0.163233	-0.161774	-0.160801	-0.165125	-0.168822	-0.163008	-0.180302	-0.186914	-0.189635	-0.201287	-0.213609	-0.209527	-0.219244	-0.251591	-0.285278	-0.28732	-0.282426	-0.307878	-0.407455	-0.563304	-0.734218	-0.874612	-0.92476	-0.86856	-0.699741	-0.421716	-0.0797286	0.288815	0.656536	0.968982	1.18183	1.29267	1.30324	1.19911	0.985861	0.714093	0.453838	0.253736	0.125525	0.0553298	0.0218829	0.00781674	0.00253708	0.000752289	0.00020478	5.13971e-05	1.19409e-05	2.57701e-06	5.18279e-07	9.74174e-08	1.71587e-08	2.83894e-09	4.422e-10	6.49772e-11	9.02413e-12	1.18663e-12	1.47979e-13	1.75276e-14	1.9747e-15	2.11893e-16	2.16829e-17	2.11843e-18	1.9783e-19	1.7677e-20	1.51286e-21	1.24128e-22	9.77248e-24	7.35181e-25	0	
0	-0.639391	-1.19239	-1.62535	-1.90281	-1.96558	-1.81499	-1.52136	-1.16145	-0.816614	-0.545141	-0.370353	-0.298324	-0.288202	-0.288497	-0.265956	-0.226724	-0.209666	-0.214151	-0.205019	-0.185444	-0.177583	-0.182386	-0.175428	-0.170622	-0.171213	-0.166201	-0.162864	-0.164946	-0.161038	-0.161897	-0.163659	-0.16262	-0.166285	-0.168409	-0.171864	-0.170973	-0.181726	-0.178904	-0.180136	-0.196852	-0.21287	-0.210603	-0.216594	-0.248889	-0.283131	-0.284788	-0.28106	-0.302155	-0.393606	-0.545807	-0.717897	-0.864551	-0.92422	-0.877733	-0.718434	-0.447347	-0.108212	0.260092	0.630552	0.949386	1.16999	1.28805	1.30584	1.20898	1.00095	0.73041	0.467665	0.263364	0.131197	0.0582161	0.0231716	0.00832789	0.00271895	0.000810816	0.000221932	5.60013e-05	1.30787e-05	2.83701e-06	5.73429e-07	1.08314e-07	1.91702e-08	3.18685e-09	4.98722e-10	7.36221e-11	1.02716e-11	1.35678e-12	1.69955e-13	2.022e-14	2.28806e-15	2.46591e-16	2.53427e-17	2.48665e-18	2.33208e-19	2.09266e-20	1.79852e-21	1.48185e-22	1.17151e-23	8.84936e-25	0	
0	-0.645547	-1.20308	-1.6389	-1.91735	-1.97893	-1.82515	-1.52615	-1.16008	-0.811438	-0.53945	-0.365892	-0.296711	-0.290776	-0.289387	-0.26069	-0.22329	-0.208921	-0.212496	-0.205345	-0.185084	-0.180736	-0.183757	-0.173311	-0.167267	-0.169164	-0.16312	-0.161265	-0.161038	-0.159531	-0.158563	-0.160708	-0.161167	-0.161465	-0.166263	-0.169698	-0.168968	-0.180965	-0.182869	-0.181329	-0.19696	-0.21254	-0.209211	-0.215212	-0.243089	-0.281146	-0.287175	-0.280739	-0.297491	-0.385834	-0.537007	-0.709382	-0.858664	-0.92328	-0.882293	-0.728389	-0.461208	-0.123695	0.244411	0.61625	0.938481	1.16332	1.28532	1.30705	1.21418	1.0091	0.739324	0.47529	0.268715	0.134371	0.0598414	0.0239015	0.00861888	0.002823	0.00084446	0.000231836	5.86716e-05	1.37414e-05	2.98908e-06	6.05814e-07	1.14738e-07	2.03607e-08	3.39354e-09	5.32427e-10	7.87965e-11	1.1021e-11	1.45936e-12	1.83254e-13	2.18551e-14	2.47904e-15	2.6781e-16	2.75888e-17	2.71341e-18	2.55069e-19	2.29415e-20	1.97625e-21	1.63203e-22	1.29319e-23	9.79051e-25	0	
0	-0.646547	-1.20485	-1.64119	-1.91981	-1.98113	-1.82667	-1.52668	-1.16002	-0.811076	-0.538271	-0.365223	-0.29742	-0.289126	-0.287468	-0.262808	-0.223728	-0.209006	-0.211677	-0.20314	-0.187031	-0.183929	-0.184121	-0.166764	-0.163416	-0.168175	-0.159523	-0.159256	-0.161897	-0.158563	-0.158574	-0.161005	-0.159965	-0.160172	-0.163394	-0.167947	-0.160943	-0.179139	-0.184158	-0.185069	-0.194786	-0.211201	-0.208478	-0.215375	-0.245037	-0.280715	-0.28593	-0.280153	-0.298007	-0.385452	-0.534684	-0.707329	-0.857997	-0.92331	-0.882906	-0.729986	-0.463575	-0.126303	0.241812	0.613875	0.936653	1.16219	1.28485	1.30724	1.21504	1.01045	0.740812	0.476566	0.269612	0.134904	0.0601148	0.0240244	0.00866796	0.00284057	0.000850147	0.000233513	5.91241e-05	1.38538e-05	3.0149e-06	6.1132e-07	1.15831e-07	2.05635e-08	3.4288e-09	5.38183e-10	7.96812e-11	1.11492e-11	1.47695e-12	1.85536e-13	2.2136e-14	2.51188e-15	2.71465e-16	2.79761e-17	2.75256e-18	2.58849e-19	2.32903e-20	2.00706e-21	1.65809e-22	1.31433e-23	9.95427e-25	0	
0	-0.642435	-1.1978	-1.63233	-1.91023	-1.97214	-1.8199	-1.52393	-1.16098	-0.813606	-0.541979	-0.368753	-0.297642	-0.28905	-0.289065	-0.263253	-0.225447	-0.209382	-0.213802	-0.205465	-0.183091	-0.175663	-0.182876	-0.17863	-0.172287	-0.171178	-0.167675	-0.163233	-0.163659	-0.160708	-0.161005	-0.162757	-0.162386	-0.16627	-0.169335	-0.172432	-0.175379	-0.182842	-0.178783	-0.177344	-0.196978	-0.212997	-0.210741	-0.216035	-0.246098	-0.282533	-0.285216	-0.280858	-0.300036	-0.389208	-0.541341	-0.714229	-0.861824	-0.923387	-0.879771	-0.723586	-0.454522	-0.116008	0.252314	0.623459	0.943963	1.16667	1.2867	1.30647	1.21161	1.00504	0.73487	0.471469	0.266026	0.132772	0.059021	0.0235323	0.00847142	0.00277018	0.000827353	0.000226792	5.73097e-05	1.3403e-05	2.91131e-06	5.89232e-07	1.11444e-07	1.97496e-08	3.28734e-09	5.1509e-10	7.61322e-11	1.06347e-11	1.40644e-12	1.76387e-13	2.101e-14	2.38025e-15	2.56824e-16	2.6425e-17	2.59582e-18	2.43724e-19	2.18951e-20	1.88388e-21	1.55392e-22	1.22986e-23	9.30038e-25	0	
0	-0.633036	-1.1816	-1.61188	-1.88817	-1.9517	-1.80416	-1.51617	-1.16294	-0.822493	-0.550974	-0.373001	-0.299358	-0.290257	-0.290483	-0.265828	-0.227352	-0.210729	-0.211829	-0.208923	-0.190986	-0.185626	-0.183854	-0.167773	-0.163995	-0.169611	-0.160685	-0.161774	-0.16262	-0.161167	-0.159965	-0.162386	-0.162523	-0.160772	-0.164995	-0.168655	-0.162615	-0.178488	-0.185337	-0.187904	-0.200577	-0.213646	-0.208743	-0.218484	-0.248457	-0.283418	-0.288405	-0.28188	-0.304637	-0.40133	-0.555103	-0.726892	-0.870459	-0.92432	-0.872449	-0.708513	-0.433772	-0.0927742	0.275866	0.644842	0.960157	1.17651	1.29063	1.3045	1.20367	0.992765	0.721513	0.460095	0.258075	0.128071	0.0566211	0.0224576	0.00804401	0.00261772	0.000778169	0.000212346	5.3423e-05	1.24404e-05	2.69089e-06	5.42382e-07	1.0217e-07	1.80342e-08	2.99007e-09	4.66706e-10	6.87183e-11	9.56297e-12	1.25999e-12	1.57438e-13	1.86845e-14	2.10912e-15	2.26753e-16	2.32478e-17	2.27562e-18	2.12909e-19	1.906e-20	1.63425e-21	1.34336e-22	1.05955e-23	7.98541e-25	0	
0	-0.61796	-1.15566	-1.57899	-1.8523	-1.91815	-1.7786	-1.50415	-1.16527	-0.833732	-0.565924	-0.385307	-0.302479	-0.28772	-0.29175	-0.273583	-0.234253	-0.212464	-0.214008	-0.207792	-0.189805	-0.181311	-0.189671	-0.178922	-0.170657	-0.171407	-0.168788	-0.160801	-0.166285	-0.161465	-0.160172	-0.16627	-0.160772	-0.166291	-0.170845	-0.171046	-0.173868	-0.187409	-0.185323	-0.183591	-0.201415	-0.213314	-0.212251	-0.22257	-0.256974	-0.289165	-0.285145	-0.283078	-0.315108	-0.418513	-0.576971	-0.748247	-0.882704	-0.923779	-0.859922	-0.684265	-0.400907	-0.0564071	0.312387	0.677641	0.984651	1.19111	1.29609	1.30078	1.19077	0.973384	0.700783	0.44267	0.246024	0.121014	0.0530488	0.0208704	0.00741737	0.00239572	0.000707023	0.000191578	4.78696e-05	1.10731e-05	2.37957e-06	4.76579e-07	8.92135e-08	1.56506e-08	2.57918e-09	4.00172e-10	5.85751e-11	8.10404e-12	1.06163e-12	1.31898e-13	1.55652e-14	1.74721e-15	1.86803e-16	1.90467e-17	1.85423e-18	1.72544e-19	1.53634e-20	1.31026e-21	1.07132e-22	8.40525e-24	6.30176e-25	0	
0	-0.596662	-1.11904	-1.53233	-1.80095	-1.86986	-1.74112	-1.48512	-1.16798	-0.851632	-0.587066	-0.400011	-0.308953	-0.289588	-0.293634	-0.278103	-0.24049	-0.216265	-0.21621	-0.215706	-0.194688	-0.181323	-0.18715	-0.184005	-0.173541	-0.174027	-0.173347	-0.165125	-0.168409	-0.166263	-0.163394	-0.169335	-0.164995	-0.170845	-0.173258	-0.173218	-0.179688	-0.187039	-0.183415	-0.186227	-0.208993	-0.217631	-0.214441	-0.227418	-0.263215	-0.290663	-0.287478	-0.288209	-0.328436	-0.444864	-0.607748	-0.774455	-0.896746	-0.92144	-0.840981	-0.649341	-0.355174	-0.00677898	0.361655	0.721215	1.01652	1.20956	1.30223	1.2945	1.17222	0.946585	0.672788	0.419562	0.230285	0.11192	0.0485012	0.0188722	0.00663668	0.00212185	0.000620072	0.000166424	4.12008e-05	9.44482e-06	2.01185e-06	3.99467e-07	7.4148e-08	1.28999e-08	2.10854e-09	3.24522e-10	4.71255e-11	6.46896e-12	8.40884e-13	1.03673e-13	1.21419e-14	1.35272e-15	1.43552e-16	1.4529e-17	1.4041e-18	1.29711e-19	1.14664e-20	9.70918e-22	7.88229e-23	6.14064e-24	4.57195e-25	0	
0	-0.568496	-1.07069	-1.4703	-1.73172	-1.80411	-1.69004	-1.45827	-1.16888	-0.873181	-0.616728	-0.423862	-0.319841	-0.290487	-0.293767	-0.287136	-0.251803	-0.22015	-0.215546	-0.219383	-0.206331	-0.190278	-0.184353	-0.177914	-0.172592	-0.17427	-0.17194	-0.168822	-0.171864	-0.169698	-0.167947	-0.172432	-0.168655	-0.171046	-0.173218	-0.174381	-0.173951	-0.182253	-0.187252	-0.198984	-0.21604	-0.217786	-0.215875	-0.236071	-0.275558	-0.293889	-0.287717	-0.295093	-0.349935	-0.479546	-0.645526	-0.806388	-0.911607	-0.914393	-0.813184	-0.602334	-0.295972	0.0562182	0.423306	0.774599	1.05448	1.23064	1.30792	1.28453	1.14716	0.912023	0.637743	0.3913	0.211411	0.101202	0.0432253	0.0165874	0.00575596	0.00181681	0.000524391	0.000139064	3.40283e-05	7.71248e-06	1.62472e-06	3.19118e-07	5.86069e-08	1.00902e-08	1.63244e-09	2.4872e-10	3.57599e-11	4.86079e-12	6.25741e-13	7.64121e-14	8.8647e-15	9.78391e-16	1.02869e-16	1.03161e-17	9.87913e-19	9.04427e-20	7.9238e-21	6.65011e-22	5.35139e-23	4.13262e-24	3.05051e-25	0	
0	-0.532802	-1.0094	-1.39115	-1.64212	-1.71797	-1.62234	-1.42126	-1.1671	-0.898391	-0.655226	-0.457491	-0.335446	-0.294311	-0.296438	-0.294578	-0.264299	-0.229714	-0.217299	-0.218572	-0.206967	-0.195167	-0.202601	-0.195606	-0.178705	-0.175777	-0.180129	-0.163008	-0.170973	-0.168968	-0.160943	-0.175379	-0.162615	-0.173868	-0.179688	-0.173951	-0.189773	-0.201214	-0.199173	-0.19858	-0.217098	-0.217062	-0.222294	-0.249	-0.284712	-0.298461	-0.289941	-0.305285	-0.380337	-0.524848	-0.691575	-0.84118	-0.923201	-0.900091	-0.774575	-0.541572	-0.222554	0.13256	0.496678	0.836421	1.09685	1.25282	1.31174	1.26951	1.11457	0.869412	0.596034	0.358595	0.190087	0.0893468	0.0375004	0.0141517	0.00483251	0.00150194	0.000427087	0.000111635	2.69358e-05	6.02214e-06	1.25183e-06	2.42694e-07	4.40063e-08	7.4822e-09	1.19571e-09	1.7999e-10	2.55719e-11	3.43541e-12	4.37162e-13	5.27776e-14	6.05413e-15	6.60781e-16	6.8713e-17	6.81605e-18	6.45722e-19	5.84864e-20	5.07006e-21	4.21063e-22	3.35323e-23	2.56293e-24	1.87274e-25	0	
0	-0.48904	-0.934047	-1.29304	-1.52959	-1.60856	-1.53508	-1.37098	-1.16082	-0.92619	-0.699819	-0.503198	-0.365509	-0.301888	-0.294103	-0.299998	-0.280029	-0.243222	-0.224377	-0.228387	-0.215263	-0.192533	-0.187258	-0.201136	-0.189393	-0.182432	-0.190485	-0.180302	-0.181726	-0.180965	-0.179139	-0.182842	-0.178488	-0.187409	-0.187039	-0.182253	-0.201214	-0.191341	-0.188476	-0.203894	-0.228086	-0.222826	-0.234625	-0.262733	-0.297635	-0.295925	-0.292293	-0.327948	-0.423508	-0.579767	-0.742662	-0.87521	-0.928968	-0.875921	-0.722141	-0.465165	-0.134542	0.221897	0.580726	0.904836	1.14161	1.2743	1.312	1.24784	1.07342	0.818616	0.548276	0.322346	0.167105	0.0768839	0.0316168	0.0117003	0.00392117	0.00119689	0.000334468	8.59638e-05	2.04052e-05	4.49002e-06	9.18978e-07	1.75484e-07	3.13511e-08	5.25361e-09	8.27682e-10	1.22858e-10	1.72163e-11	2.28175e-12	2.86505e-13	3.41368e-14	3.86531e-15	4.16507e-16	4.27665e-17	4.1895e-18	3.92013e-19	3.50746e-20	3.00393e-21	2.46499e-22	1.93987e-23	1.46534e-24	1.05843e-25	0	
0	-0.436928	-0.843706	-1.17435	-1.39166	-1.47302	-1.42612	-1.30453	-1.1448	-0.954302	-0.753737	-0.559403	-0.405827	-0.320728	-0.297697	-0.305236	-0.291213	-0.258868	-0.2266	-0.232335	-0.233348	-0.21312	-0.188817	-0.197136	-0.192352	-0.183549	-0.184284	-0.186914	-0.178904	-0.182869	-0.184158	-0.178783	-0.185337	-0.185323	-0.183415	-0.187252	-0.199173	-0.188476	-0.201942	-0.227416	-0.235713	-0.224896	-0.244049	-0.279073	-0.304433	-0.298036	-0.306154	-0.358174	-0.479535	-0.644034	-0.79582	-0.906132	-0.925156	-0.837289	-0.65273	-0.372031	-0.0320227	0.323609	0.673898	0.97744	1.18637	1.29307	1.30672	1.21776	1.02276	0.759774	0.495371	0.28364	0.143335	0.064356	0.0258543	0.00935647	0.00306922	0.000917745	0.000251416	6.33882e-05	1.47687e-05	3.19143e-06	6.41774e-07	1.2046e-07	2.11619e-08	3.48828e-09	5.4077e-10	7.90097e-11	1.0901e-11	1.42286e-12	1.75994e-13	2.06614e-14	2.30563e-15	2.44897e-16	2.47916e-17	2.39488e-18	2.21013e-19	1.95065e-20	1.64821e-21	1.33457e-22	1.03649e-23	7.72783e-25	5.51083e-26	0	
0	-0.376572	-0.737742	-1.03389	-1.22689	-1.30894	-1.2921	-1.21967	-1.11748	-0.976393	-0.809816	-0.629642	-0.463741	-0.353727	-0.302219	-0.306103	-0.308015	-0.280922	-0.240423	-0.224507	-0.23735	-0.236433	-0.21114	-0.199412	-0.200028	-0.191859	-0.181371	-0.189635	-0.180136	-0.181329	-0.185069	-0.177344	-0.187904	-0.183591	-0.186227	-0.198984	-0.19858	-0.203894	-0.227416	-0.241246	-0.227279	-0.229875	-0.264557	-0.300301	-0.309922	-0.298665	-0.32535	-0.408251	-0.551013	-0.712802	-0.84979	-0.928326	-0.904549	-0.780625	-0.56466	-0.26144	0.0847392	0.436562	0.773885	1.05126	1.2285	1.30689	1.29371	1.17746	0.961878	0.693423	0.438546	0.243725	0.119679	0.0522798	0.0204595	0.00722089	0.00231247	0.000675686	0.000181031	4.46716e-05	1.01934e-05	2.15865e-06	4.25634e-07	7.83738e-08	1.35132e-08	2.18712e-09	3.33044e-10	4.78139e-11	6.48441e-12	8.32208e-13	1.01243e-13	1.16934e-14	1.2841e-15	1.34255e-16	1.3381e-17	1.27292e-18	1.15707e-19	1.00609e-20	8.37657e-22	6.68453e-23	5.11737e-24	3.76152e-25	2.64528e-26	0	
