0	0	0	0	0	0	0	0	0	0	0	0	0	0	0	0	0	0	0	0	0	0	0	0	0	0	0	0	0	0	0	0	0	0	0	0	0	0	0	0	0	0	0	0	0	0	0	0	0	0	0	0	0	0	0	0	0	0	0	0	0	0	0	0	0	0	0	0	0	0	0	0	0	0	0	0	0	0	0	0	0	0	0	0	0	0	0	0	0	0	0	0	0	0	0	0	0	0	0	0	
0	6.39199e-08	3.34555e-07	1.56505e-06	6.71247e-06	2.63438e-05	9.43493e-05	0.000307583	0.000910746	0.00244534	0.00594904	0.013118	0.0262648	0.0479149	0.0800568	0.123327	0.176526	0.236717	0.299854	0.36166	0.418447	0.467645	0.50798	0.539337	0.562458	0.578598	0.589226	0.595771	0.599457	0.601179	0.601446	0.600343	0.597529	0.592257	0.583423	0.569666	0.549508	0.521574	0.484876	0.439142	0.385155	0.324971	0.261874	0.19999	0.143565	0.0960754	0.0594595	0.0337881	0.0175268	0.00826441	0.00353345	0.0013685	0.000480271	0.000152927	4.42686e-05	1.16782e-05	2.81514e-06	6.2186e-07	1.2624e-07	2.36178e-08	4.08337e-09	6.54163e-10	9.73516e-11	1.34908e-11	1.74488e-12	2.11089e-13	2.39347e-14	2.54855e-15	2.55301e-16	2.41021e-17	2.14788e-18	1.8096e-19	1.44347e-20	1.09165e-21	7.83743e-23	5.34834e-24	3.47318e-25	2.14874e-26	1.26779e-27	7.141e-29	3.84354e-30	1.97863e-31	9.75066e-33	4.60367e-34	2.08411e-35	9.05336e-37	3.77651e-38	1.51379e-39	5.83473e-41	2.1639e-42	7.72641e-44	2.65766e-45	8.81146e-47	2.81745e-48	8.69265e-50	2.58912e-51	7.44847e-53	2.0706e-54	5.56097e-56	0	
0	3.34555e-07	1.67995e-06	7.50574e-06	3.06705e-05	0.0001144	0.000388408	0.00119723	0.00334318	0.00844527	0.0192917	0.0398906	0.0748726	0.128167	0.201418	0.292948	0.397832	0.509016	0.618916	0.720898	0.810226	0.884379	0.942846	0.98662	1.01765	1.03835	1.05126	1.05868	1.06253	1.06419	1.06444	1.0634	1.06056	1.05476	1.0443	1.02701	1.00041	0.962007	0.909608	0.841772	0.758337	0.660974	0.553542	0.441994	0.333688	0.236081	0.155124	0.0938692	0.0519321	0.0261221	0.0119034	0.00490519	0.00182758	0.000616269	0.000188433	5.23716e-05	1.32678e-05	3.07293e-06	6.52625e-07	1.27476e-07	2.29672e-08	3.82755e-09	5.91599e-10	8.5022e-11	1.13888e-11	1.42512e-12	1.66949e-13	1.83465e-14	1.8949e-15	1.84273e-16	1.69011e-17	1.46434e-18	1.20031e-19	9.3217e-21	6.86798e-22	4.80675e-23	3.19954e-24	2.02786e-25	1.22511e-26	7.06235e-28	3.88857e-29	2.04694e-30	1.03105e-31	4.97385e-33	2.2998e-34	1.02004e-35	4.34299e-37	1.77632e-38	6.98403e-40	2.64137e-41	9.61531e-43	3.37106e-44	1.13892e-45	3.71003e-47	1.16588e-48	3.53627e-50	1.03577e-51	2.93098e-53	8.01123e-55	0	
0	1.56505e-06	7.50574e-06	3.18476e-05	0.000123187	0.000433478	0.00138342	0.00399307	0.0104005	0.0244126	0.0516401	0.0986205	0.170736	0.2697	0.392095	0.529943	0.672916	0.810921	0.93603	1.04333	1.13084	1.19884	1.24906	1.28402	1.30662	1.31985	1.32652	1.32909	1.32957	1.32938	1.32932	1.32951	1.32943	1.3279	1.32313	1.31284	1.29433	1.26466	1.22088	1.16026	1.08071	0.981235	0.862836	0.729205	0.587112	0.445951	0.316242	0.207217	0.124296	0.0677456	0.0333799	0.0148274	0.00593322	0.00214048	0.000697512	0.000205846	5.51821e-05	1.34808e-05	3.01111e-06	6.16928e-07	1.16308e-07	2.02381e-08	3.25953e-09	4.87251e-10	6.77758e-11	8.79367e-12	1.06666e-12	1.21218e-13	1.2932e-14	1.2976e-15	1.22677e-16	1.09461e-17	9.23239e-19	7.37175e-20	5.58006e-21	4.00955e-22	2.73834e-23	1.77963e-24	1.10182e-25	6.50579e-27	3.66722e-28	1.97534e-29	1.0177e-30	5.0193e-32	2.37183e-33	1.0747e-34	4.67287e-36	1.95115e-37	7.82915e-39	3.02095e-40	1.12164e-41	4.00976e-43	1.38098e-44	4.5847e-46	1.46799e-47	4.53574e-49	1.35303e-50	3.89861e-52	1.08481e-53	0	
0	6.71247e-06	3.06705e-05	0.000123187	0.000449308	0.00148496	0.00443198	0.0119085	0.0287377	0.0622087	0.120863	0.211379	0.334764	0.484417	0.647818	0.810735	0.961207	1.09158	1.19859	1.28225	1.34453	1.38816	1.41605	1.43121	1.43676	1.43574	1.43093	1.42478	1.41926	1.41579	1.41517	1.41753	1.42235	1.42845	1.43407	1.43693	1.43435	1.42339	1.40095	1.36397	1.30952	1.23472	1.1372	1.01599	0.8729	0.713761	0.548926	0.392098	0.257033	0.153084	0.0822401	0.0396855	0.0171757	0.00667043	0.00232916	0.000733297	0.000208858	5.40091e-05	1.27264e-05	2.74235e-06	5.42271e-07	9.87232e-08	1.65991e-08	2.58515e-09	3.73955e-10	5.03743e-11	6.33437e-12	7.45223e-13	8.22012e-14	8.51813e-15	8.30795e-16	7.63992e-17	6.63507e-18	5.45051e-19	4.24131e-20	3.13064e-21	2.19484e-22	1.46334e-23	9.28904e-25	5.62027e-26	3.24461e-27	1.78904e-28	9.43073e-30	4.75695e-31	2.29798e-32	1.06403e-33	4.72601e-35	2.01508e-36	8.25392e-38	3.25009e-39	1.23107e-40	4.48845e-42	1.57615e-43	5.33384e-45	1.74045e-46	5.47897e-48	1.66483e-49	4.8853e-51	1.38406e-52	0	
0	2.63438e-05	0.0001144	0.000433478	0.00148496	0.00458833	0.0127391	0.031672	0.0703359	0.139392	0.246894	0.392761	0.566191	0.749097	0.923359	1.07642	1.20248	1.30088	1.37367	1.42377	1.45408	1.46732	1.46638	1.45477	1.43622	1.41422	1.39199	1.37233	1.3574	1.34877	1.34728	1.35308	1.36562	1.3836	1.40512	1.42762	1.44798	1.46281	1.46845	1.46123	1.43807	1.39624	1.3329	1.24506	1.13015	0.987524	0.820636	0.639261	0.459736	0.301047	0.177615	0.0938007	0.0442155	0.0186028	0.00699914	0.00236223	0.000717851	0.000197209	4.91774e-05	1.11759e-05	2.32346e-06	4.43506e-07	7.79925e-08	1.26759e-08	1.90972e-09	2.67442e-10	3.49046e-11	4.25576e-12	4.85837e-13	5.20399e-14	5.24047e-15	4.97041e-16	4.44789e-17	3.7615e-18	3.01076e-19	2.28416e-20	1.64475e-21	1.12552e-22	7.32845e-24	4.54546e-25	2.68858e-26	1.51808e-27	8.19065e-29	4.2267e-30	2.08799e-31	9.88255e-33	4.4851e-34	1.95332e-35	8.16941e-37	3.28346e-38	1.26908e-39	4.72003e-41	1.6903e-42	5.83185e-44	1.93963e-45	6.2221e-47	1.92615e-48	5.757e-50	1.66089e-51	0	
0	9.43493e-05	0.000388408	0.00138342	0.00443198	0.0127391	0.0327126	0.0747645	0.151705	0.273243	0.43836	0.631674	0.82903	1.00895	1.15998	1.27943	1.36876	1.43033	1.46622	1.47834	1.46909	1.44185	1.40147	1.35343	1.30249	1.25285	1.20826	1.17163	1.14511	1.13021	1.12771	1.13773	1.15974	1.19255	1.23425	1.28229	1.33326	1.38305	1.42714	1.46024	1.47712	1.47388	1.44775	1.39669	1.31871	1.21152	1.0731	0.903915	0.71143	0.513531	0.334642	0.194783	0.100727	0.0462216	0.0188521	0.00685688	0.00223336	0.000654382	0.000173277	4.16512e-05	9.12738e-06	1.83079e-06	3.37386e-07	5.73227e-08	9.00823e-09	1.31331e-09	1.7812e-10	2.25321e-11	2.66485e-12	2.95323e-13	3.07311e-14	3.00857e-15	2.77608e-16	2.41844e-17	1.99235e-18	1.55443e-19	1.15019e-20	8.08245e-22	5.4005e-23	3.43528e-24	2.08265e-25	1.20465e-26	6.65479e-28	3.51446e-29	1.77594e-30	8.59459e-32	3.98665e-33	1.77387e-34	7.577e-36	3.10918e-37	1.2265e-38	4.65429e-40	1.7001e-41	5.98133e-43	2.02803e-44	6.63052e-46	2.09147e-47	6.36806e-49	1.87109e-50	0	
0	0.000307583	0.00119723	0.00399307	0.0119085	0.031672	0.0747645	0.156023	0.287264	0.467378	0.67688	0.885451	1.06863	1.21735	1.33242	1.41536	1.46614	1.48457	1.47179	1.43131	1.36862	1.29088	1.20591	1.1197	1.03678	0.961468	0.89716	0.84606	0.810009	0.790082	0.786763	0.800254	0.829998	0.875298	0.934531	1.00569	1.086	1.17147	1.2576	1.33914	1.40871	1.45881	1.48321	1.47755	1.43978	1.36961	1.26741	1.13239	0.962603	0.761996	0.54921	0.354162	0.202268	0.101929	0.0453537	0.0178774	0.00627144	0.00196804	0.000555349	0.000141632	3.28021e-05	6.92984e-06	1.34099e-06	2.38601e-07	3.91732e-08	5.95372e-09	8.40179e-10	1.10393e-10	1.35398e-11	1.55387e-12	1.67227e-13	1.69114e-14	1.61015e-15	1.44593e-16	1.22673e-17	9.8481e-19	7.49206e-20	5.40876e-21	3.71033e-22	2.42148e-23	1.50526e-24	8.92249e-26	5.04845e-27	2.72936e-28	1.41125e-29	6.98523e-31	3.31253e-32	1.50625e-33	6.57251e-35	2.75412e-36	1.10908e-37	4.29502e-39	1.60056e-40	5.74319e-42	1.98549e-43	6.61709e-45	2.12709e-46	6.59866e-48	1.9749e-49	0	
0	0.000910746	0.00334318	0.0104005	0.0287377	0.0703359	0.151705	0.287264	0.477322	0.699829	0.918586	1.10564	1.25442	1.36888	1.44791	1.48644	1.48271	1.43944	1.36326	1.26298	1.14767	1.02647	0.905973	0.790145	0.683545	0.590315	0.512502	0.45185	0.409723	0.386546	0.382691	0.398331	0.433001	0.486401	0.557529	0.644757	0.746146	0.858805	0.97787	1.09951	1.21818	1.32552	1.41246	1.46985	1.49007	1.4686	1.40522	1.30444	1.16977	0.998093	0.789691	0.564293	0.35751	0.19904	0.0972148	0.0417651	0.0158591	0.00535317	0.00161574	0.000438583	0.000107645	2.40086e-05	4.88845e-06	9.12513e-07	1.56763e-07	2.48727e-08	3.65665e-09	4.99597e-10	6.36098e-11	7.56653e-12	8.42863e-13	8.81148e-14	8.66267e-15	8.02386e-16	7.0147e-17	5.79753e-18	4.53687e-19	3.3665e-20	2.37194e-21	1.58887e-22	1.01311e-23	6.15621e-25	3.56883e-26	1.97579e-27	1.04564e-28	5.29489e-30	2.5677e-31	1.19346e-32	5.32109e-34	2.27746e-35	9.3643e-37	3.7015e-38	1.4075e-39	5.15185e-41	1.8163e-42	6.17132e-44	2.02198e-45	6.39175e-47	1.9488e-48	0	
0	0.00244534	0.00844527	0.0244126	0.0622087	0.139392	0.273243	0.467378	0.699829	0.929463	1.12321	1.27535	1.3925	1.46931	1.49404	1.46582	1.39233	1.28342	1.15007	1.00153	0.846509	0.692425	0.54337	0.404529	0.281622	0.176813	0.0908408	0.0254751	-0.0195429	-0.0442044	-0.0481971	-0.0320602	0.00498598	0.0621091	0.139977	0.237532	0.353218	0.486012	0.63164	0.784151	0.939692	1.0917	1.23223	1.35214	1.44105	1.48869	1.48577	1.42882	1.32661	1.18896	1.01231	0.794332	0.557838	0.344331	0.185545	0.0873366	0.0360711	0.0131523	0.00426168	0.00123511	0.000322121	7.60245e-05	1.63205e-05	3.20173e-06	5.7643e-07	9.56079e-08	1.46607e-08	2.08508e-09	2.75855e-10	3.40411e-11	3.92803e-12	4.24813e-13	4.31519e-14	4.12519e-15	3.71821e-16	3.16534e-17	2.5492e-18	1.9451e-19	1.40816e-20	9.68536e-22	6.33694e-23	3.94876e-24	2.3461e-25	1.33046e-26	7.20876e-28	3.73544e-29	1.85285e-30	8.80505e-32	4.01212e-33	1.75432e-34	7.36649e-36	2.97264e-37	1.15358e-38	4.30791e-40	1.54906e-41	5.36675e-43	1.79246e-44	5.77458e-46	1.79382e-47	0	
0	0.00594904	0.0192917	0.0516401	0.120863	0.246894	0.43836	0.67688	0.918586	1.12321	1.28215	1.4043	1.48114	1.49362	1.44344	1.34593	1.21114	1.04885	0.868425	0.678268	0.488552	0.305937	0.136498	-0.0127632	-0.139772	-0.245722	-0.329463	-0.391471	-0.433781	-0.456517	-0.460182	-0.445701	-0.411206	-0.35729	-0.282275	-0.185159	-0.0661162	0.0738838	0.236052	0.413916	0.601728	0.792785	0.978093	1.14879	1.29556	1.40905	1.48	1.49396	1.44143	1.3355	1.19204	1.00627	0.775919	0.530236	0.316032	0.163631	0.073813	0.0291849	0.0101868	0.00316147	0.000878368	0.000219847	4.98537e-05	1.02955e-05	1.94531e-06	3.37718e-07	5.40757e-08	8.01379e-09	1.10265e-09	1.41273e-10	1.6899e-11	1.89191e-12	1.98684e-13	1.96138e-14	1.82363e-15	1.59984e-16	1.32653e-17	1.04123e-18	7.74824e-20	5.47389e-21	3.67614e-22	2.34979e-23	1.43123e-24	8.31606e-26	4.61425e-27	2.44732e-28	1.24193e-29	6.03535e-31	2.81112e-32	1.25596e-33	5.3868e-35	2.21953e-36	8.79167e-38	3.35007e-39	1.22882e-40	4.34153e-42	1.47833e-43	4.85423e-45	1.53651e-46	0	
0	0.013118	0.0398906	0.0986205	0.211379	0.392761	0.631674	0.885451	1.10564	1.27535	1.4043	1.48485	1.49125	1.42568	1.31192	1.15698	0.965862	0.752278	0.526966	0.303808	0.0932453	-0.098788	-0.265985	-0.406805	-0.523718	-0.617152	-0.686932	-0.738167	-0.771631	-0.789208	-0.792535	-0.780495	-0.754339	-0.710041	-0.647896	-0.564376	-0.456309	-0.325242	-0.168767	0.0139163	0.217516	0.437023	0.662695	0.882534	1.08419	1.25454	1.38506	1.47211	1.49648	1.44336	1.3315	1.17936	0.979507	0.734471	0.483307	0.275692	0.13621	0.0585771	0.022087	0.00735901	0.00218294	0.000580536	0.000139292	3.03249e-05	6.02106e-06	1.09532e-06	1.83317e-07	2.83325e-08	4.05758e-09	5.40125e-10	6.70188e-11	7.7715e-12	8.44224e-13	8.61024e-14	8.26165e-15	7.47202e-16	6.38113e-17	5.15423e-18	3.94374e-19	2.86259e-20	1.97382e-21	1.29453e-22	8.08528e-24	4.81451e-25	2.73622e-26	1.48572e-27	7.71486e-29	3.83464e-30	1.82603e-31	8.33749e-33	3.65304e-34	1.53706e-35	6.21529e-37	2.41692e-38	9.04441e-40	3.25904e-41	1.1315e-42	3.78723e-44	1.2216e-45	0	
0	0.0262648	0.0748726	0.170736	0.334764	0.566191	0.82903	1.06863	1.25442	1.3925	1.48114	1.49125	1.41908	1.29476	1.12383	0.904084	0.659251	0.405301	0.155576	-0.0759041	-0.28477	-0.465041	-0.615483	-0.737153	-0.831725	-0.900353	-0.949286	-0.983237	-1.00349	-1.01389	-1.01603	-1.008	-0.992803	-0.964584	-0.922395	-0.861679	-0.778611	-0.666805	-0.528878	-0.359898	-0.162711	0.0607724	0.304218	0.558076	0.808288	1.04082	1.23254	1.37481	1.47072	1.49539	1.43475	1.31454	1.14954	0.93032	0.670682	0.420619	0.227751	0.106707	0.0435477	0.0156056	0.00495073	0.00140103	0.000356146	8.18323e-05	1.70908e-05	3.26072e-06	5.70856e-07	9.20782e-08	1.37337e-08	1.90047e-09	2.44729e-10	2.94074e-11	3.30581e-12	3.48466e-13	3.45173e-14	3.21941e-15	2.83258e-16	2.35508e-17	1.85329e-18	1.38247e-19	9.78928e-21	6.58884e-22	4.2206e-23	2.57607e-24	1.49983e-25	8.33854e-27	4.43129e-28	2.25308e-29	1.09703e-30	5.11951e-32	2.29171e-33	9.84805e-35	4.06556e-36	1.61354e-37	6.16052e-39	2.26422e-40	8.01584e-42	2.73506e-43	8.99078e-45	0	
0	0.0479149	0.128167	0.2697	0.484417	0.749097	1.00895	1.21735	1.36888	1.46931	1.49362	1.42568	1.29476	1.11262	0.870002	0.599375	0.325361	0.0522798	-0.199913	-0.426355	-0.618865	-0.774622	-0.893813	-0.978505	-1.03456	-1.06924	-1.09014	-1.09959	-1.10413	-1.10498	-1.10467	-1.10466	-1.10031	-1.0945	-1.07937	-1.05056	-1.00454	-0.931387	-0.826695	-0.685475	-0.507669	-0.294242	-0.0512274	0.214793	0.490186	0.763144	1.02175	1.22907	1.37964	1.47676	1.48983	1.4155	1.2837	1.09949	0.856903	0.587083	0.347615	0.177399	0.0784062	0.0302473	0.0102719	0.00309602	0.000834491	0.000202512	4.45174e-05	8.91267e-06	1.63301e-06	2.75017e-07	4.27379e-08	6.15015e-09	8.22184e-10	1.02408e-10	1.19162e-11	1.29851e-12	1.32815e-13	1.27774e-14	1.15844e-15	9.91581e-17	8.02659e-18	6.1541e-19	4.47575e-20	3.09196e-21	2.03157e-22	1.27113e-23	7.58239e-25	4.31673e-26	2.34792e-27	1.22127e-28	6.08062e-30	2.90048e-31	1.32661e-32	5.82255e-34	2.4542e-35	9.9414e-37	3.87282e-38	1.4519e-39	5.24148e-41	1.82321e-42	6.10807e-44	0	
0	0.0800568	0.201418	0.392095	0.647818	0.923359	1.15998	1.33242	1.44791	1.49404	1.44344	1.31192	1.12383	0.870002	0.578953	0.287902	-0.00921511	-0.286221	-0.527883	-0.730289	-0.882943	-0.993414	-1.0602	-1.09648	-1.10878	-1.10592	-1.09381	-1.07908	-1.06659	-1.05837	-1.05725	-1.06348	-1.07327	-1.08755	-1.10075	-1.11028	-1.10368	-1.07912	-1.02428	-0.933082	-0.796549	-0.615155	-0.38695	-0.124266	0.168849	0.462692	0.754986	1.02985	1.24374	1.39874	1.48614	1.47671	1.38499	1.23604	1.02489	0.759231	0.488999	0.271171	0.129676	0.0538389	0.0195722	0.00628387	0.00179621	0.000460467	0.00010656	2.23907e-05	4.29418e-06	7.5517e-07	1.22284e-07	1.83016e-08	2.54023e-09	3.27992e-10	3.95079e-11	4.45095e-12	4.70111e-13	4.66526e-14	4.35872e-15	3.84117e-16	3.19852e-17	2.52071e-18	1.88298e-19	1.33517e-20	8.99871e-22	5.77195e-23	3.52761e-24	2.05655e-25	1.14489e-26	6.09234e-28	3.10183e-29	1.51237e-30	7.06766e-32	3.16831e-33	1.36349e-34	5.6373e-36	2.24075e-37	8.56866e-39	3.15437e-40	1.11856e-41	3.81908e-43	0	
0	0.123327	0.292948	0.529943	0.810735	1.07642	1.27943	1.41536	1.48644	1.46582	1.34593	1.15698	0.904084	0.599375	0.287902	-0.0301682	-0.333012	-0.585139	-0.796505	-0.947093	-1.04921	-1.10087	-1.11481	-1.09963	-1.06687	-1.02436	-0.985084	-0.949798	-0.923423	-0.911125	-0.908267	-0.916685	-0.940278	-0.969773	-1.00737	-1.04991	-1.08803	-1.11261	-1.10988	-1.076	-0.993153	-0.864188	-0.675553	-0.439434	-0.156575	0.161558	0.474177	0.785739	1.06395	1.27715	1.42838	1.49135	1.45297	1.34101	1.16586	0.922277	0.641067	0.38456	0.198461	0.0885382	0.03442	0.011763	0.00356384	0.000964675	0.000234926	5.17922e-05	1.03941e-05	1.90827e-06	3.21916e-07	5.00977e-08	7.21811e-09	9.65981e-10	1.20431e-10	1.4025e-11	1.52948e-12	1.56548e-13	1.50706e-14	1.36722e-15	1.17102e-16	9.48496e-18	7.2768e-19	5.29565e-20	3.66077e-21	2.40695e-22	1.50707e-23	8.99647e-25	5.12578e-26	2.79025e-27	1.45261e-28	7.23898e-30	3.45631e-31	1.58242e-32	6.95259e-34	2.93374e-35	1.18976e-36	4.6405e-38	1.7419e-39	6.29664e-41	2.19087e-42	0	
0	0.176526	0.397832	0.672916	0.961207	1.20248	1.36876	1.46614	1.48271	1.39233	1.21114	0.965862	0.659251	0.325361	-0.00921511	-0.333012	-0.60222	-0.824823	-0.986278	-1.07986	-1.12117	-1.10661	-1.06278	-0.993586	-0.923402	-0.856197	-0.799171	-0.754487	-0.724519	-0.709713	-0.704496	-0.716289	-0.740762	-0.779643	-0.833035	-0.893379	-0.965808	-1.03613	-1.09323	-1.1198	-1.10366	-1.02973	-0.898794	-0.695695	-0.448299	-0.142265	0.191491	0.52572	0.849755	1.12049	1.32805	1.45962	1.48492	1.41624	1.27789	1.0662	0.792256	0.510904	0.283385	0.135468	0.0562027	0.0204119	0.0065461	0.00186887	0.000478482	0.000110584	2.32058e-05	4.44474e-06	7.80661e-07	1.26258e-07	1.88741e-08	2.61679e-09	3.37524e-10	4.06162e-11	4.57167e-12	4.82461e-13	4.78421e-14	4.46683e-15	3.9341e-16	3.2742e-17	2.57922e-18	1.926e-19	1.3653e-20	9.19993e-22	5.90032e-23	3.60591e-24	2.10229e-25	1.17048e-26	6.22974e-28	3.17264e-29	1.54743e-30	7.23455e-32	3.24473e-33	1.39718e-34	5.78029e-36	2.29924e-37	8.79927e-39	3.24205e-40	1.14943e-41	0	
0	0.236717	0.509016	0.810921	1.09158	1.30088	1.43033	1.48457	1.43944	1.28342	1.04885	0.752278	0.405301	0.0522798	-0.286221	-0.585139	-0.824823	-1.00177	-1.0924	-1.12283	-1.08714	-1.0167	-0.918797	-0.82409	-0.732547	-0.661219	-0.601023	-0.564768	-0.538398	-0.522446	-0.522624	-0.531646	-0.55022	-0.585936	-0.635296	-0.701284	-0.786142	-0.879114	-0.980621	-1.06136	-1.11622	-1.11093	-1.04782	-0.904536	-0.687523	-0.412844	-0.0847323	0.262735	0.616885	0.93796	1.19692	1.3884	1.48016	1.46247	1.36226	1.18628	0.933059	0.642107	0.380803	0.194308	0.085772	0.0330235	0.0111872	0.00336263	0.000903689	0.000218641	4.79157e-05	9.56391e-06	1.74711e-06	2.93382e-07	4.5465e-08	6.52524e-09	8.70136e-10	1.08124e-10	1.25536e-11	1.36518e-12	1.39371e-13	1.33852e-14	1.21168e-15	1.03573e-16	8.3739e-18	6.41378e-19	4.66061e-20	3.21745e-21	2.11292e-22	1.32156e-23	7.88173e-25	4.48703e-26	2.44087e-27	1.27e-28	6.32613e-30	3.01944e-31	1.38208e-32	6.07161e-34	2.56194e-35	1.03906e-36	4.05339e-38	1.52192e-39	5.49702e-41	0	
0	0.299854	0.618916	0.93603	1.19859	1.37367	1.46622	1.47179	1.36326	1.15007	0.868425	0.526966	0.155576	-0.199913	-0.527883	-0.796505	-0.986278	-1.0924	-1.11898	-1.07831	-0.984057	-0.866512	-0.741119	-0.635754	-0.551149	-0.49522	-0.459089	-0.43266	-0.419963	-0.411269	-0.41147	-0.416298	-0.425736	-0.44777	-0.478167	-0.527082	-0.596889	-0.696921	-0.814863	-0.939825	-1.04457	-1.11115	-1.11099	-1.03969	-0.881374	-0.64474	-0.335701	0.0110334	0.37896	0.738611	1.04486	1.28783	1.44218	1.48056	1.42116	1.28169	1.05728	0.770448	0.485626	0.263269	0.123183	0.0501189	0.0178858	0.00564644	0.00158941	0.000401787	9.1797e-05	1.90637e-05	3.61689e-06	6.2978e-07	1.01051e-07	1.49965e-08	2.06531e-09	2.64755e-10	3.16788e-11	3.54701e-12	3.72511e-13	3.67736e-14	3.41917e-15	2.99983e-16	2.48778e-17	1.95329e-18	1.45418e-19	1.02795e-20	6.90894e-22	4.42053e-23	2.69571e-24	1.56852e-25	8.71727e-27	4.6321e-28	2.35555e-29	1.14739e-30	5.35806e-32	2.40067e-33	1.03281e-34	4.26968e-36	1.69731e-37	6.49243e-39	2.38831e-40	0	
0	0.36166	0.720898	1.04333	1.28225	1.42377	1.47834	1.43131	1.26298	1.00153	0.678268	0.303808	-0.0759041	-0.426355	-0.730289	-0.947093	-1.07986	-1.12283	-1.07831	-0.973216	-0.83212	-0.687761	-0.567798	-0.485276	-0.439267	-0.410988	-0.395699	-0.38666	-0.383405	-0.381895	-0.380289	-0.382201	-0.385675	-0.390698	-0.40431	-0.427681	-0.462458	-0.530601	-0.635003	-0.774071	-0.918853	-1.04294	-1.11398	-1.10864	-1.01022	-0.828049	-0.556073	-0.220408	0.149601	0.53302	0.879708	1.1675	1.37755	1.47299	1.45705	1.35383	1.16197	0.889806	0.592356	0.339429	0.167614	0.0717969	0.0269019	0.00889355	0.00261517	0.000689063	0.000163764	3.53134e-05	6.94554e-06	1.25187e-06	2.07649e-07	3.1818e-08	4.51938e-09	5.96908e-10	7.35184e-11	8.46601e-12	9.13687e-13	9.26219e-14	8.83722e-15	7.95113e-16	6.75803e-17	5.43506e-18	4.1424e-19	2.99632e-20	2.05969e-21	1.34725e-22	8.39545e-24	4.98983e-25	2.83164e-26	1.53582e-27	7.96913e-29	3.95956e-30	1.88549e-31	8.612e-33	3.77595e-34	1.59044e-35	6.44002e-37	2.50861e-38	9.39501e-40	0	
0	0.418447	0.810226	1.13084	1.34453	1.45408	1.46909	1.36862	1.14767	0.846509	0.488552	0.0932453	-0.28477	-0.618865	-0.882943	-1.04921	-1.12117	-1.08714	-0.984057	-0.83212	-0.672231	-0.539492	-0.454123	-0.415756	-0.402006	-0.395944	-0.393401	-0.390072	-0.388606	-0.387054	-0.387117	-0.388844	-0.390229	-0.391188	-0.394858	-0.399867	-0.40811	-0.433903	-0.498264	-0.614586	-0.766129	-0.927508	-1.0523	-1.1189	-1.08992	-0.961359	-0.73521	-0.424589	-0.0625625	0.331728	0.709422	1.03547	1.29366	1.44384	1.47289	1.40528	1.24667	0.996129	0.695969	0.419251	0.217473	0.0976643	0.0382788	0.013207	0.00404434	0.00110757	0.000273099	6.10008e-05	1.24098e-05	2.31054e-06	3.95426e-07	6.24478e-08	9.13276e-09	1.24083e-09	1.5708e-10	1.85774e-11	2.05766e-12	2.13928e-13	2.09208e-14	1.92816e-15	1.67784e-16	1.38079e-17	1.07636e-18	7.95939e-20	5.59102e-21	3.73557e-22	2.37688e-23	1.44193e-24	8.34909e-26	4.61894e-27	2.44386e-28	1.23779e-29	6.0067e-31	2.79517e-32	1.24827e-33	5.35392e-35	2.20705e-36	8.75043e-38	3.33465e-39	0	
0	0.467645	0.884379	1.19884	1.38816	1.46732	1.44185	1.29088	1.02647	0.692425	0.305937	-0.098788	-0.465041	-0.774622	-0.993414	-1.10087	-1.10661	-1.0167	-0.866512	-0.687761	-0.539492	-0.439832	-0.409526	-0.408053	-0.41455	-0.400563	-0.390295	-0.382899	-0.375892	-0.37347	-0.369943	-0.372884	-0.381266	-0.385698	-0.395117	-0.411047	-0.411876	-0.407271	-0.420363	-0.492526	-0.622947	-0.795302	-0.962254	-1.08018	-1.11517	-1.04884	-0.874713	-0.597254	-0.251389	0.143343	0.542136	0.899103	1.19752	1.39797	1.47205	1.4392	1.31268	1.08738	0.792464	0.499119	0.270632	0.126859	0.0518001	0.0185828	0.0059058	0.00167564	0.0004274	9.86153e-05	2.06976e-05	3.97116e-06	6.99628e-07	1.13633e-07	1.70766e-08	2.3822e-09	3.09409e-10	3.75189e-11	4.25811e-12	4.53351e-13	4.53763e-14	4.27816e-15	3.80642e-16	3.20146e-17	2.54946e-18	1.92514e-19	1.38039e-20	9.41102e-22	6.10813e-23	3.77854e-24	2.2303e-25	1.25743e-26	6.77816e-28	3.49671e-29	1.72788e-30	8.1855e-32	3.72053e-33	1.62378e-34	6.80982e-36	2.7462e-37	1.06421e-38	0	
0	0.50798	0.942846	1.24906	1.41605	1.46638	1.40147	1.20591	0.905973	0.54337	0.136498	-0.265985	-0.615483	-0.893813	-1.0602	-1.11481	-1.06278	-0.918797	-0.741119	-0.567798	-0.454123	-0.409526	-0.416552	-0.420682	-0.398261	-0.369172	-0.354467	-0.348821	-0.332075	-0.330713	-0.332869	-0.329789	-0.342941	-0.352712	-0.361469	-0.385662	-0.415481	-0.420978	-0.409275	-0.42827	-0.51383	-0.668336	-0.849672	-1.01374	-1.10664	-1.09588	-0.974716	-0.736773	-0.414231	-0.0271792	0.384729	0.765704	1.09604	1.34042	1.45806	1.4589	1.3623	1.16317	0.879082	0.575757	0.324711	0.158147	0.0669902	0.024889	0.00817892	0.00239593	0.000630124	0.00014973	3.23286e-05	6.37473e-06	1.1532e-06	1.92169e-07	2.96074e-08	4.2316e-09	5.62749e-10	6.9829e-11	8.10538e-12	8.82155e-13	9.02172e-14	8.68714e-15	7.89072e-16	6.77267e-17	5.50187e-18	4.23669e-19	3.09687e-20	2.1517e-21	1.42281e-22	8.96467e-24	5.38802e-25	3.09237e-26	1.69652e-27	8.90517e-29	4.47647e-30	2.15682e-31	9.96851e-33	4.42309e-34	1.88549e-35	7.72739e-37	3.04262e-38	0	
0	0.539337	0.98662	1.28402	1.43121	1.45477	1.35343	1.1197	0.790145	0.404529	-0.0127632	-0.406805	-0.737153	-0.978505	-1.09648	-1.09963	-0.993586	-0.82409	-0.635754	-0.485276	-0.415756	-0.408053	-0.420682	-0.398404	-0.353097	-0.326942	-0.320137	-0.314386	-0.300277	-0.303835	-0.306069	-0.298767	-0.309514	-0.318754	-0.32229	-0.338794	-0.379802	-0.417147	-0.41336	-0.407664	-0.44666	-0.568139	-0.747099	-0.930735	-1.06834	-1.1101	-1.04243	-0.8455	-0.5491	-0.176927	0.240892	0.640993	0.996058	1.27665	1.43446	1.46751	1.39824	1.22432	0.954276	0.64649	0.377346	0.190063	0.0831558	0.0318655	0.0107857	0.00325027	0.000878351	0.000214243	4.74399e-05	9.58562e-06	1.77559e-06	3.02768e-07	4.77034e-08	6.96838e-09	9.46664e-10	1.1994e-10	1.42087e-11	1.5776e-12	1.64531e-13	1.61504e-14	1.49493e-15	1.30715e-16	1.08144e-17	8.47856e-19	6.30817e-20	4.45999e-21	3.0003e-22	1.92271e-23	1.1751e-24	6.85663e-26	3.8235e-27	2.0396e-28	1.04173e-29	5.09887e-31	2.39363e-32	1.07856e-33	4.66842e-35	1.9424e-36	7.76301e-38	0	
0	0.562458	1.01765	1.30662	1.43676	1.43622	1.30249	1.03678	0.683545	0.281622	-0.139772	-0.523718	-0.831725	-1.03456	-1.10878	-1.06687	-0.923402	-0.732547	-0.551149	-0.439267	-0.402006	-0.41455	-0.398261	-0.353097	-0.305546	-0.316338	-0.321323	-0.307793	-0.306086	-0.307763	-0.307789	-0.306866	-0.305077	-0.315448	-0.323838	-0.303621	-0.331116	-0.382261	-0.413862	-0.40544	-0.416567	-0.496303	-0.656448	-0.84791	-1.02142	-1.1034	-1.08081	-0.926253	-0.656396	-0.302787	0.11322	0.52787	0.902837	1.21227	1.40513	1.46795	1.42321	1.27232	1.0175	0.709341	0.426386	0.221065	0.0994553	0.0391437	0.0135924	0.00419774	0.00116145	0.000289804	6.55963e-05	1.35395e-05	2.56039e-06	4.4547e-07	7.15794e-08	1.06587e-08	1.47544e-09	1.90403e-10	2.29666e-11	2.59555e-12	2.75445e-13	2.75042e-14	2.5891e-15	2.30172e-16	1.93565e-17	1.5422e-18	1.1658e-19	8.37272e-21	5.72036e-22	3.72236e-23	2.30965e-24	1.36797e-25	7.74192e-27	4.1907e-28	2.17164e-29	1.07828e-30	5.13433e-32	2.3463e-33	1.02982e-34	4.34443e-36	1.76019e-37	0	
0	0.578598	1.03835	1.31985	1.43574	1.41422	1.25285	0.961468	0.590315	0.176813	-0.245722	-0.617152	-0.900353	-1.06924	-1.10592	-1.02436	-0.856197	-0.661219	-0.49522	-0.410988	-0.395944	-0.400563	-0.369172	-0.326942	-0.316338	-0.331146	-0.31998	-0.293257	-0.307316	-0.299395	-0.290238	-0.309727	-0.296629	-0.305398	-0.332653	-0.3203	-0.320126	-0.348222	-0.394302	-0.397089	-0.40113	-0.448622	-0.590235	-0.775329	-0.966807	-1.08466	-1.09988	-0.985058	-0.740682	-0.403635	0.00585567	0.429061	0.81957	1.15178	1.37395	1.46305	1.4397	1.30891	1.06889	0.763002	0.470019	0.24966	0.114981	0.0462823	0.0164208	0.005177	0.00146113	0.000371638	8.56954e-05	1.80097e-05	3.466e-06	6.13439e-07	1.00231e-07	1.51714e-08	2.13407e-09	2.7977e-10	3.42723e-11	3.93266e-12	4.23641e-13	4.29313e-14	4.10058e-15	3.69815e-16	3.15438e-17	2.54864e-18	1.95343e-19	1.42226e-20	9.84944e-22	6.4956e-23	4.08414e-24	2.4509e-25	1.40521e-26	7.70494e-28	4.04401e-29	2.03353e-30	9.80503e-32	4.53684e-33	2.01602e-34	8.60968e-36	3.53087e-37	0	
0	0.589226	1.05126	1.32652	1.43093	1.39199	1.20826	0.89716	0.512502	0.0908408	-0.329463	-0.686932	-0.949286	-1.09014	-1.09381	-0.985084	-0.799171	-0.601023	-0.459089	-0.395699	-0.393401	-0.390295	-0.354467	-0.320137	-0.321323	-0.31998	-0.298514	-0.278253	-0.293369	-0.280624	-0.271248	-0.294371	-0.281453	-0.288135	-0.313415	-0.32181	-0.319839	-0.335292	-0.381462	-0.392641	-0.39332	-0.422157	-0.537459	-0.715655	-0.917126	-1.06281	-1.10618	-1.02225	-0.804047	-0.483554	-0.0806566	0.347681	0.749319	1.09865	1.34426	1.45545	1.44997	1.33587	1.10904	0.806707	0.506815	0.274513	0.128841	0.052812	0.0190666	0.00611248	0.00175315	0.000452903	0.00010602	2.261e-05	4.41392e-06	7.92186e-07	1.31217e-07	2.01293e-08	2.86896e-09	3.81007e-10	4.72721e-11	5.49282e-12	5.99072e-13	6.1455e-14	5.94106e-15	5.42222e-16	4.67975e-17	3.8254e-18	2.96602e-19	2.18431e-20	1.52987e-21	1.0203e-22	6.48678e-24	3.93581e-25	2.28134e-26	1.2645e-27	6.70854e-29	3.40955e-30	1.66147e-31	7.76894e-33	3.48849e-34	1.50534e-35	6.23723e-37	0	
0	0.595771	1.05868	1.32909	1.42478	1.37233	1.17163	0.84606	0.45185	0.0254751	-0.391471	-0.738167	-0.983237	-1.09959	-1.07908	-0.949798	-0.754487	-0.564768	-0.43266	-0.38666	-0.390072	-0.382899	-0.348821	-0.314386	-0.307793	-0.293257	-0.278253	-0.280884	-0.280818	-0.276644	-0.274899	-0.27915	-0.280504	-0.27935	-0.284914	-0.303467	-0.310259	-0.332045	-0.372403	-0.389421	-0.386516	-0.404121	-0.503164	-0.673452	-0.876684	-1.03752	-1.10669	-1.04815	-0.848051	-0.54152	-0.146486	0.284476	0.694188	1.05581	1.31893	1.44737	1.45592	1.35478	1.13868	0.840091	0.535716	0.294508	0.140232	0.0582828	0.021323	0.00692362	0.00201035	0.000525552	0.000124452	2.68402e-05	5.29739e-06	9.60978e-07	1.60854e-07	2.49314e-08	3.58957e-09	4.81488e-10	6.03295e-11	7.07843e-12	7.79444e-13	8.07195e-14	7.87691e-15	7.25599e-16	6.32017e-17	5.21352e-18	4.07888e-19	3.0308e-20	2.14162e-21	1.44087e-22	9.24078e-24	5.65542e-25	3.30631e-26	1.84829e-27	9.88888e-29	5.06828e-30	2.49044e-31	1.1742e-32	5.31607e-34	2.31281e-35	9.66089e-37	0	
0	0.599457	1.06253	1.32957	1.41926	1.3574	1.14511	0.810009	0.409723	-0.0195429	-0.433781	-0.771631	-1.00349	-1.10413	-1.06659	-0.923423	-0.724519	-0.538398	-0.419963	-0.383405	-0.388606	-0.375892	-0.332075	-0.300277	-0.306086	-0.307316	-0.293369	-0.280818	-0.286781	-0.27837	-0.274269	-0.287375	-0.281661	-0.286825	-0.303269	-0.308511	-0.300914	-0.313764	-0.362045	-0.385785	-0.386171	-0.395058	-0.483005	-0.643703	-0.84751	-1.0203	-1.10309	-1.06218	-0.87727	-0.580573	-0.191203	0.240681	0.655468	1.02519	1.30016	1.44065	1.45905	1.36695	1.15853	0.863032	0.555991	0.308785	0.148494	0.0623071	0.0230045	0.00753542	0.00220657	0.000581586	0.000138819	3.01708e-05	5.99986e-06	1.09648e-06	1.84871e-07	2.88589e-08	4.18433e-09	5.65164e-10	7.12993e-11	8.42217e-12	9.33622e-13	9.73268e-14	9.5598e-15	8.86344e-16	7.76999e-17	6.45038e-18	5.07848e-19	3.79722e-20	2.69988e-21	1.82769e-22	1.17934e-23	7.26152e-25	4.27091e-26	2.40182e-27	1.29269e-28	6.6645e-30	3.29401e-31	1.56212e-32	7.11331e-34	3.11252e-35	1.30755e-36	0	
0	0.601179	1.06419	1.32938	1.41579	1.34877	1.13021	0.790082	0.386546	-0.0442044	-0.456517	-0.789208	-1.01389	-1.10498	-1.05837	-0.911125	-0.709713	-0.522446	-0.411269	-0.381895	-0.387054	-0.37347	-0.330713	-0.303835	-0.307763	-0.299395	-0.280624	-0.276644	-0.27837	-0.273071	-0.268154	-0.277343	-0.276621	-0.278024	-0.29073	-0.306323	-0.305014	-0.314444	-0.359205	-0.384116	-0.384628	-0.390286	-0.468203	-0.62786	-0.833446	-1.00986	-1.09967	-1.06893	-0.892893	-0.601689	-0.215363	0.216798	0.634104	1.00807	1.28944	1.43658	1.46042	1.37329	1.16916	0.87553	0.567183	0.316754	0.153151	0.0645953	0.0239683	0.00788879	0.00232072	0.000614404	0.000147288	3.21468e-05	6.4192e-06	1.17786e-06	1.99381e-07	3.12455e-08	4.5478e-09	6.1659e-10	7.80791e-11	9.25725e-12	1.02996e-12	1.0776e-13	1.06227e-14	9.8841e-16	8.69541e-17	7.24397e-18	5.72316e-19	4.29404e-20	3.0636e-21	2.08096e-22	1.3473e-23	8.32353e-25	4.91183e-26	2.77138e-27	1.49648e-28	7.74027e-30	3.83808e-31	1.82597e-32	8.34127e-34	3.66137e-35	1.54293e-36	0	
0	0.601446	1.06444	1.32932	1.41517	1.34728	1.12771	0.786763	0.382691	-0.0481971	-0.460182	-0.792535	-1.01603	-1.10467	-1.05725	-0.908267	-0.704496	-0.522624	-0.41147	-0.380289	-0.387117	-0.369943	-0.332869	-0.306069	-0.307789	-0.290238	-0.271248	-0.274899	-0.274269	-0.268154	-0.267478	-0.272941	-0.274725	-0.272975	-0.279185	-0.30449	-0.305786	-0.318551	-0.356364	-0.383476	-0.383237	-0.39032	-0.468579	-0.625786	-0.829532	-1.00786	-1.10064	-1.06976	-0.894359	-0.605294	-0.219818	0.21281	0.630645	1.00521	1.28761	1.43587	1.46063	1.37433	1.17093	0.877615	0.569056	0.318092	0.153935	0.0649817	0.0241314	0.0079487	0.00234011	0.000619991	0.000148733	3.24845e-05	6.49101e-06	1.19183e-06	2.01875e-07	3.16566e-08	4.61054e-09	6.25484e-10	7.92539e-11	9.40225e-12	1.04672e-12	1.09579e-13	1.08085e-14	1.00628e-15	8.8578e-17	7.38353e-18	5.83677e-19	4.38178e-20	3.12797e-21	2.12588e-22	1.37716e-23	8.51271e-25	5.02624e-26	2.83749e-27	1.53302e-28	7.93352e-30	3.93602e-31	1.87357e-32	8.56323e-34	3.76078e-35	1.58565e-36	0	
0	0.600343	1.0634	1.32951	1.41753	1.35308	1.13773	0.800254	0.398331	-0.0320602	-0.445701	-0.780495	-1.008	-1.10466	-1.06348	-0.916685	-0.716289	-0.531646	-0.416298	-0.382201	-0.388844	-0.372884	-0.329789	-0.298767	-0.306866	-0.309727	-0.294371	-0.27915	-0.287375	-0.277343	-0.272941	-0.286233	-0.280466	-0.286568	-0.305042	-0.309692	-0.300637	-0.311121	-0.359508	-0.384244	-0.386875	-0.391379	-0.477576	-0.635632	-0.83889	-1.01602	-1.1012	-1.06477	-0.885621	-0.591859	-0.203286	0.229016	0.644906	1.01664	1.29482	1.43866	1.45977	1.37016	1.16388	0.869291	0.561575	0.312747	0.150802	0.0634379	0.0234796	0.00770917	0.00226257	0.000597652	0.000142957	3.11344e-05	6.20398e-06	1.13603e-06	1.91911e-07	3.0015e-08	4.36013e-09	5.90002e-10	7.45694e-11	8.82442e-12	9.79969e-13	1.0234e-13	1.00699e-14	9.35273e-16	8.21313e-17	6.82999e-18	5.38654e-19	4.03439e-20	2.87335e-21	1.94837e-22	1.25929e-23	7.76664e-25	4.57548e-26	2.5773e-27	1.38938e-28	7.17449e-30	3.55174e-31	1.68702e-32	7.69416e-34	3.37195e-35	1.41873e-36	0	
0	0.597529	1.06056	1.32943	1.42235	1.36562	1.15974	0.829998	0.433001	0.00498598	-0.411206	-0.754339	-0.992803	-1.10031	-1.07327	-0.940278	-0.740762	-0.55022	-0.425736	-0.385675	-0.390229	-0.381266	-0.342941	-0.309514	-0.305077	-0.296629	-0.281453	-0.280504	-0.281661	-0.276621	-0.274725	-0.280466	-0.280319	-0.281593	-0.288601	-0.303547	-0.306369	-0.325626	-0.36878	-0.389665	-0.386213	-0.399979	-0.49106	-0.658813	-0.865712	-1.03078	-1.10483	-1.054	-0.861462	-0.560081	-0.167134	0.264869	0.676863	1.04201	1.3105	1.44444	1.45746	1.36042	1.14778	0.850536	0.54489	0.300932	0.143931	0.0600762	0.0220692	0.00719403	0.00209676	0.00055014	0.000130736	2.82922e-05	5.60269e-06	1.0197e-06	1.71232e-07	2.66237e-08	3.84516e-09	5.17352e-10	6.50192e-11	7.65147e-12	8.45033e-13	8.77676e-14	8.58946e-15	7.93504e-16	6.93126e-17	5.7337e-18	4.49837e-19	3.35175e-20	2.37491e-21	1.60219e-22	1.03031e-23	6.32254e-25	3.70619e-26	2.07731e-27	1.11435e-28	5.72623e-30	2.82105e-31	1.33351e-32	6.05284e-34	2.64007e-35	1.10558e-36	0	
0	0.592257	1.05476	1.3279	1.42845	1.3836	1.19255	0.875298	0.486401	0.0621091	-0.35729	-0.710041	-0.964584	-1.0945	-1.08755	-0.969773	-0.779643	-0.585936	-0.44777	-0.390698	-0.391188	-0.385698	-0.352712	-0.318754	-0.315448	-0.305398	-0.288135	-0.27935	-0.286825	-0.278024	-0.272975	-0.286568	-0.281593	-0.283009	-0.297676	-0.313522	-0.316176	-0.334962	-0.376828	-0.390577	-0.389332	-0.413626	-0.523358	-0.697971	-0.89947	-1.05204	-1.10618	-1.03331	-0.824325	-0.510146	-0.10957	0.320531	0.725553	1.08014	1.33344	1.45217	1.4528	1.34436	1.12215	0.821328	0.519365	0.28313	0.133717	0.0551391	0.0200208	0.00645364	0.00186077	0.000483153	0.000113659	2.43552e-05	4.77682e-06	8.61227e-07	1.43289e-07	2.20775e-08	3.16017e-09	4.21456e-10	5.25084e-11	6.12633e-12	6.70874e-13	6.90961e-14	6.70618e-15	6.14446e-16	5.3236e-17	4.36837e-18	3.39986e-19	2.5132e-20	1.76677e-21	1.18263e-22	7.54634e-24	4.59529e-25	2.67317e-26	1.48697e-27	7.91671e-29	4.03772e-30	1.97444e-31	9.26433e-33	4.17427e-34	1.80742e-35	7.5142e-37	0	
0	0.583423	1.0443	1.32313	1.43407	1.40512	1.23425	0.934531	0.557529	0.139977	-0.282275	-0.647896	-0.922395	-1.07937	-1.10075	-1.00737	-0.833035	-0.635296	-0.478167	-0.40431	-0.394858	-0.395117	-0.361469	-0.32229	-0.323838	-0.332653	-0.313415	-0.284914	-0.303269	-0.29073	-0.279185	-0.305042	-0.288601	-0.297676	-0.331077	-0.32662	-0.321541	-0.339433	-0.389004	-0.394028	-0.398195	-0.435726	-0.56636	-0.751328	-0.945692	-1.07525	-1.10333	-1.00218	-0.769025	-0.438581	-0.0312044	0.394588	0.789901	1.12948	1.36172	1.46021	1.44447	1.3208	1.08631	0.781726	0.485615	0.260094	0.12075	0.0489788	0.0175054	0.00555782	0.00157923	0.000404295	9.38136e-05	1.98364e-05	3.84025e-06	6.8362e-07	1.12331e-07	1.70971e-08	2.41802e-09	3.18686e-10	3.92443e-11	4.52639e-12	4.90075e-13	4.99119e-14	4.79082e-15	4.34166e-16	3.72104e-17	3.02073e-18	2.32611e-19	1.70144e-20	1.18367e-21	7.84149e-23	4.95244e-24	2.98514e-25	1.71902e-26	9.46652e-28	4.98996e-29	2.51989e-30	1.22014e-31	5.66929e-33	2.52969e-34	1.08479e-35	4.46685e-37	0	
0	0.569666	1.02701	1.31284	1.43693	1.42762	1.28229	1.00569	0.644757	0.237532	-0.185159	-0.564376	-0.861679	-1.05056	-1.11028	-1.04991	-0.893379	-0.701284	-0.527082	-0.427681	-0.399867	-0.411047	-0.385662	-0.338794	-0.303621	-0.3203	-0.32181	-0.303467	-0.308511	-0.306323	-0.30449	-0.309692	-0.303547	-0.313522	-0.32662	-0.304817	-0.320976	-0.367266	-0.40681	-0.403433	-0.409747	-0.475819	-0.628271	-0.815018	-0.999126	-1.09741	-1.09094	-0.952839	-0.692583	-0.345848	0.0675578	0.486435	0.868313	1.18748	1.39268	1.46649	1.43073	1.28828	1.0395	0.73198	0.444561	0.232841	0.105783	0.0420256	0.014724	0.00458623	0.00127938	0.000321759	7.33859e-05	1.52594e-05	2.90635e-06	5.09195e-07	8.23758e-08	1.23478e-08	1.72036e-09	2.23421e-10	2.71172e-11	3.08336e-12	3.29174e-13	3.30631e-14	3.13042e-15	2.79882e-16	2.3669e-17	1.89622e-18	1.44122e-19	1.04063e-20	7.14741e-22	4.67527e-23	2.91587e-24	1.73581e-25	9.87308e-27	5.37083e-28	2.79685e-29	1.39545e-30	6.6764e-32	3.06547e-33	1.35178e-34	5.72911e-36	2.33183e-37	0	
0	0.549508	1.00041	1.29433	1.43435	1.44798	1.33326	1.086	0.746146	0.353218	-0.0661162	-0.456309	-0.778611	-1.00454	-1.10368	-1.08803	-0.965808	-0.786142	-0.596889	-0.462458	-0.40811	-0.411876	-0.415481	-0.379802	-0.331116	-0.320126	-0.319839	-0.310259	-0.300914	-0.305014	-0.305786	-0.300637	-0.306369	-0.316176	-0.321541	-0.320976	-0.359728	-0.405534	-0.416657	-0.405452	-0.431064	-0.534679	-0.707538	-0.898574	-1.05058	-1.10922	-1.06159	-0.880465	-0.59444	-0.230679	0.187136	0.594306	0.958	1.25077	1.42319	1.46852	1.40946	1.24507	0.98106	0.672676	0.39748	0.202625	0.0896808	0.0347466	0.011885	0.00361767	0.000987077	0.000242995	5.42871e-05	1.10638e-05	2.0665e-06	3.55227e-07	5.64091e-08	8.30319e-09	1.13642e-09	1.4503e-10	1.73033e-11	1.93457e-12	2.03134e-13	2.00728e-14	1.87016e-15	1.64574e-16	1.37015e-17	1.08085e-18	8.09058e-20	5.75438e-21	3.89381e-22	2.50975e-23	1.54261e-24	9.05149e-26	5.07531e-27	2.72209e-28	1.39778e-29	6.87776e-31	3.24556e-32	1.46997e-33	6.39487e-35	2.67406e-36	1.07399e-37	0	
0	0.521574	0.962007	1.26466	1.42339	1.46281	1.38305	1.17147	0.858805	0.486012	0.0738838	-0.325242	-0.666805	-0.931387	-1.07912	-1.11261	-1.03613	-0.879114	-0.696921	-0.530601	-0.433903	-0.407271	-0.420978	-0.417147	-0.382261	-0.348222	-0.335292	-0.332045	-0.313764	-0.314444	-0.318551	-0.311121	-0.325626	-0.334962	-0.339433	-0.367266	-0.405534	-0.424117	-0.409756	-0.416499	-0.481583	-0.625771	-0.806772	-0.979885	-1.09439	-1.10578	-1.00541	-0.783552	-0.471617	-0.0900726	0.325264	0.71469	1.05567	1.31539	1.44959	1.46355	1.37823	1.1894	0.910634	0.60489	0.346034	0.170884	0.0733532	0.0275998	0.00917954	0.00272008	0.000723261	0.000173677	3.78795e-05	7.54226e-06	1.37727e-06	2.31602e-07	3.59981e-08	5.18908e-09	6.95829e-10	8.7042e-11	1.01831e-11	1.11682e-12	1.15073e-13	1.11619e-14	1.02112e-15	8.82586e-17	7.21902e-18	5.59633e-19	4.11768e-20	2.87943e-21	1.91609e-22	1.21477e-23	7.34569e-25	4.24123e-26	2.34051e-27	1.23567e-28	6.24689e-30	3.02669e-31	1.40661e-32	6.27511e-34	2.68928e-35	1.10796e-36	4.38512e-38	0	
0	0.484876	0.909608	1.22088	1.40095	1.46845	1.42714	1.2576	0.97787	0.63164	0.236052	-0.168767	-0.528878	-0.826695	-1.02428	-1.10988	-1.09323	-0.980621	-0.814863	-0.635003	-0.498264	-0.420363	-0.409275	-0.41336	-0.413862	-0.394302	-0.381462	-0.372403	-0.362045	-0.359205	-0.356364	-0.359508	-0.36878	-0.376828	-0.389004	-0.40681	-0.416657	-0.409756	-0.410553	-0.458695	-0.574064	-0.741679	-0.918407	-1.05857	-1.11546	-1.07159	-0.919705	-0.656882	-0.319237	0.0727149	0.477389	0.844971	1.1573	1.37615	1.4679	1.44866	1.33442	1.11961	0.828456	0.530322	0.292249	0.139158	0.0576789	0.020988	0.00676088	0.00194303	0.000501706	0.000117122	2.48588e-05	4.82115e-06	8.58217e-07	1.4079e-07	2.13627e-08	3.00805e-09	3.94243e-10	4.82267e-11	5.52016e-12	5.92603e-13	5.97938e-14	5.68187e-15	5.09415e-16	4.31662e-17	3.46263e-18	2.63336e-19	1.90139e-20	1.30515e-21	8.52755e-23	5.30972e-24	3.15418e-25	1.78947e-26	9.70556e-28	5.03715e-29	2.50385e-30	1.19306e-31	5.45378e-33	2.39362e-34	1.00938e-35	4.09266e-37	1.59445e-38	0	
0	0.439142	0.841772	1.16026	1.36397	1.46123	1.46024	1.33914	1.09951	0.784151	0.413916	0.0139163	-0.359898	-0.685475	-0.933082	-1.076	-1.1198	-1.06136	-0.939825	-0.774071	-0.614586	-0.492526	-0.42827	-0.407664	-0.40544	-0.397089	-0.392641	-0.389421	-0.385785	-0.384116	-0.383476	-0.384244	-0.389665	-0.390577	-0.394028	-0.403433	-0.405452	-0.416499	-0.458695	-0.560826	-0.70673	-0.876754	-1.01933	-1.10632	-1.10607	-1.00234	-0.795454	-0.497146	-0.14098	0.254191	0.641407	0.981005	1.25644	1.42735	1.47443	1.42082	1.27528	1.03457	0.735643	0.451371	0.238425	0.108959	0.0434202	0.0152181	0.00473001	0.00131374	0.000328307	7.42748e-05	1.52957e-05	2.8813e-06	4.9866e-07	7.96034e-08	1.1763e-08	1.61426e-09	2.06336e-10	2.46319e-11	2.75305e-12	2.88748e-13	2.8479e-14	2.64657e-15	2.32158e-16	1.92557e-17	1.51252e-18	1.12681e-19	7.97275e-21	5.36471e-22	3.43715e-23	2.09927e-24	1.22358e-25	6.81305e-27	3.62764e-28	1.84878e-29	9.02635e-31	4.22542e-32	1.89805e-33	8.18767e-35	3.39425e-36	1.3532e-37	5.18485e-39	0	
