0	0	0	0	0	0	0	0	0	0	0	0	0	0	0	0	0	0	0	0	0	0	0	0	0	0	0	0	0	0	0	0	0	0	0	0	0	0	0	0	0	0	0	0	0	0	0	0	0	0	0	0	0	0	0	0	0	0	0	0	0	0	0	0	0	0	0	0	0	0	0	0	0	0	0	0	0	0	0	0	0	0	0	0	0	0	0	0	0	0	0	0	0	0	0	0	0	0	0	0	
0	-0.0352688	-0.064305	-0.0873665	-0.111093	-0.135356	-0.158411	-0.170983	-0.169083	-0.151927	-0.12364	-0.0840023	-0.029349	0.0409568	0.119583	0.190316	0.239101	0.261849	0.26396	0.2569	0.249207	0.245392	0.24269	0.233918	0.210972	0.173813	0.129697	0.0838117	0.0403651	0.00125673	-0.0316387	-0.0590713	-0.0821948	-0.0998578	-0.105368	-0.0935841	-0.0723554	-0.0486315	-0.0252852	-0.00223977	0.0263012	0.0615944	0.0991477	0.129347	0.140744	0.127102	0.0945517	0.0537136	0.0170857	-0.0123214	-0.0327494	-0.044979	-0.0488024	-0.0496069	-0.0513129	-0.0548721	-0.0573289	-0.0555014	-0.0448474	-0.0274049	-0.0101671	0.00253491	0.0141822	0.0314964	0.0548054	0.0791503	0.0983237	0.106764	0.106778	0.104108	0.100397	0.0920729	0.0741412	0.0457055	0.00634841	-0.0398015	-0.0889211	-0.134633	-0.174183	-0.205603	-0.225768	-0.236613	-0.237413	-0.226724	-0.203962	-0.171221	-0.133287	-0.0965646	-0.0655957	-0.0401658	-0.0177306	0.00165505	0.0169821	0.0261408	0.0255591	0.0175062	0.00696623	-0.00100221	-0.00288807	0	
0	-0.064305	-0.125087	-0.183027	-0.236603	-0.282498	-0.317876	-0.339056	-0.338169	-0.309382	-0.251606	-0.165642	-0.0529455	0.0817878	0.225763	0.354842	0.447395	0.493302	0.500439	0.486521	0.469621	0.458415	0.449001	0.427864	0.382086	0.313162	0.23697	0.158228	0.0817427	0.00673901	-0.060344	-0.116874	-0.161028	-0.192711	-0.200927	-0.183067	-0.150147	-0.114106	-0.0723353	-0.0230683	0.039948	0.113453	0.18466	0.235638	0.252261	0.225965	0.167713	0.0967475	0.0286339	-0.0280102	-0.0705551	-0.0987008	-0.112318	-0.117802	-0.121481	-0.119499	-0.108303	-0.0890606	-0.0589565	-0.0264162	0.00102779	0.0235006	0.0491568	0.0805767	0.115097	0.151432	0.183426	0.203666	0.211485	0.209579	0.196091	0.16904	0.128052	0.0702251	-0.00434897	-0.0877563	-0.172711	-0.249668	-0.315516	-0.366236	-0.405278	-0.433767	-0.444186	-0.433602	-0.398657	-0.345912	-0.282675	-0.216817	-0.155247	-0.100835	-0.0541778	-0.0162196	0.0100724	0.0258403	0.0303185	0.0255301	0.0180349	0.010462	0.00363686	0	
0	-0.0873665	-0.183027	-0.282613	-0.373875	-0.436255	-0.476844	-0.497854	-0.498053	-0.458606	-0.370841	-0.23574	-0.0653031	0.124007	0.315545	0.484705	0.609388	0.678889	0.696908	0.683243	0.657008	0.632828	0.609012	0.57307	0.509433	0.421812	0.327095	0.22853	0.125791	0.0192872	-0.0794256	-0.161697	-0.224129	-0.267108	-0.281744	-0.260779	-0.222667	-0.173892	-0.109279	-0.0284075	0.0706216	0.173179	0.260003	0.315011	0.326204	0.288151	0.213607	0.117069	0.0212124	-0.0659063	-0.13244	-0.175739	-0.194697	-0.201984	-0.199832	-0.18207	-0.145295	-0.100699	-0.0546843	-0.0129417	0.0236497	0.0596126	0.100909	0.146967	0.187825	0.221897	0.254506	0.279961	0.292097	0.286974	0.262733	0.219144	0.156166	0.0769322	-0.0218278	-0.130776	-0.23883	-0.331188	-0.409295	-0.477838	-0.532697	-0.575197	-0.597549	-0.59393	-0.564109	-0.512342	-0.443402	-0.364265	-0.282503	-0.203401	-0.13104	-0.0733953	-0.0315999	-0.00126507	0.0160993	0.0254037	0.0285777	0.0240373	0.0136153	0	
0	-0.111093	-0.236603	-0.373875	-0.495623	-0.575797	-0.616293	-0.631412	-0.618875	-0.559782	-0.439588	-0.260938	-0.0433084	0.187647	0.410219	0.600643	0.743966	0.831057	0.864837	0.854978	0.818016	0.771137	0.724015	0.670996	0.597201	0.500754	0.397735	0.284491	0.163162	0.0353325	-0.0811426	-0.177131	-0.250749	-0.306617	-0.328053	-0.306901	-0.255316	-0.184631	-0.0883541	0.0259225	0.148696	0.259665	0.339669	0.378986	0.376828	0.326936	0.236467	0.119193	-0.00856234	-0.126401	-0.216245	-0.269433	-0.286564	-0.282451	-0.266032	-0.227669	-0.167872	-0.105142	-0.0453664	0.00410208	0.0498569	0.102502	0.167133	0.22667	0.264119	0.287172	0.306404	0.320836	0.32617	0.316263	0.282011	0.222857	0.145817	0.052402	-0.0562629	-0.168536	-0.279062	-0.37954	-0.470157	-0.545035	-0.606747	-0.656513	-0.685478	-0.694038	-0.677662	-0.641338	-0.585976	-0.514034	-0.432202	-0.345959	-0.259657	-0.179018	-0.110786	-0.0541545	-0.0137099	0.00907269	0.0201083	0.0202944	0.0106067	0	
0	-0.135356	-0.282498	-0.436255	-0.575797	-0.664911	-0.706813	-0.705347	-0.665071	-0.569205	-0.413359	-0.202667	0.041864	0.292542	0.52671	0.723095	0.87131	0.967567	1.00822	0.996498	0.941576	0.867632	0.794028	0.723859	0.639126	0.535614	0.425335	0.305566	0.177039	0.0441571	-0.0742088	-0.170873	-0.247247	-0.306224	-0.328501	-0.293295	-0.219668	-0.118147	0.0097327	0.14604	0.275923	0.373964	0.426957	0.437862	0.412229	0.346221	0.245253	0.112339	-0.0307355	-0.169922	-0.279173	-0.346588	-0.366285	-0.356205	-0.323061	-0.263416	-0.181411	-0.100059	-0.026942	0.0380117	0.100057	0.164076	0.23079	0.290354	0.325021	0.336219	0.33741	0.329418	0.311947	0.283411	0.24007	0.175535	0.0891216	-0.0085478	-0.116433	-0.224002	-0.325911	-0.412589	-0.489794	-0.560747	-0.619906	-0.673327	-0.716944	-0.74442	-0.750372	-0.733336	-0.693269	-0.635976	-0.56751	-0.489764	-0.40028	-0.307258	-0.21855	-0.138485	-0.0814954	-0.0462412	-0.0260869	-0.0162445	-0.00892741	0	
0	-0.158411	-0.317876	-0.476844	-0.616293	-0.706813	-0.7405	-0.719384	-0.641716	-0.502823	-0.309724	-0.078158	0.171357	0.41694	0.644805	0.837546	0.987082	1.08321	1.1202	1.09579	1.0229	0.927348	0.833466	0.743497	0.64084	0.522131	0.406515	0.288391	0.166129	0.0399542	-0.0710319	-0.158961	-0.224584	-0.272608	-0.276209	-0.217538	-0.113333	0.016214	0.166002	0.312818	0.434076	0.507572	0.525102	0.496899	0.438989	0.350405	0.235795	0.102298	-0.0428689	-0.186226	-0.309348	-0.394744	-0.428969	-0.421184	-0.382192	-0.308724	-0.210083	-0.110639	-0.0134536	0.0732024	0.149819	0.217948	0.284794	0.338188	0.362017	0.362651	0.347863	0.316806	0.275564	0.228643	0.169319	0.0932575	0.005688	-0.0898968	-0.192533	-0.288047	-0.373279	-0.441257	-0.496898	-0.544098	-0.595632	-0.659102	-0.720966	-0.770088	-0.791351	-0.787425	-0.762083	-0.720409	-0.667304	-0.601202	-0.518923	-0.42666	-0.336039	-0.25194	-0.185025	-0.137527	-0.0991712	-0.0653674	-0.0352796	0	
0	-0.170983	-0.339056	-0.497854	-0.631412	-0.705347	-0.719384	-0.671608	-0.564008	-0.390927	-0.172349	0.0667849	0.302833	0.524638	0.731508	0.9136	1.05706	1.14636	1.17192	1.13744	1.05628	0.953577	0.846655	0.738196	0.613469	0.480014	0.360691	0.248751	0.134849	0.016476	-0.083249	-0.154391	-0.198069	-0.2193	-0.195105	-0.101743	0.0349586	0.192152	0.358185	0.502772	0.605138	0.64399	0.619158	0.549818	0.456271	0.342468	0.218377	0.0845955	-0.050343	-0.190097	-0.318652	-0.418968	-0.468106	-0.472305	-0.438405	-0.366018	-0.261656	-0.148674	-0.0348447	0.0719416	0.163685	0.238237	0.302497	0.35451	0.377986	0.372536	0.346502	0.300059	0.237879	0.166199	0.0926873	0.0156122	-0.0661474	-0.149559	-0.243419	-0.336905	-0.415487	-0.46401	-0.496172	-0.531254	-0.579539	-0.647162	-0.719238	-0.776976	-0.809239	-0.817866	-0.804901	-0.774654	-0.729743	-0.672194	-0.598789	-0.519583	-0.442921	-0.366342	-0.300162	-0.240274	-0.180111	-0.121265	-0.0621635	0	
0	-0.169083	-0.338169	-0.498053	-0.618875	-0.665071	-0.641716	-0.564008	-0.435146	-0.250937	-0.0296497	0.198355	0.411754	0.604592	0.785611	0.945577	1.07055	1.14256	1.15816	1.12091	1.04259	0.938146	0.822779	0.698451	0.558561	0.414542	0.293725	0.186786	0.0810774	-0.0236202	-0.102918	-0.146344	-0.158598	-0.149421	-0.091491	0.0358764	0.206056	0.385817	0.556149	0.687538	0.75862	0.75929	0.696068	0.591868	0.470502	0.337148	0.200885	0.068297	-0.0631631	-0.195208	-0.319198	-0.418118	-0.473065	-0.491549	-0.479638	-0.424996	-0.32797	-0.211411	-0.0860936	0.0290276	0.128476	0.21111	0.287852	0.346098	0.365441	0.353026	0.321611	0.269968	0.201802	0.124082	0.0413099	-0.0411709	-0.118835	-0.196259	-0.283605	-0.365263	-0.431853	-0.474997	-0.505024	-0.53595	-0.580199	-0.641838	-0.706462	-0.762645	-0.7987	-0.815435	-0.812378	-0.791625	-0.758272	-0.714406	-0.658176	-0.596262	-0.534104	-0.467604	-0.401769	-0.336822	-0.263804	-0.181751	-0.0958953	0	
0	-0.151927	-0.309382	-0.458606	-0.559782	-0.569205	-0.502823	-0.390927	-0.250937	-0.0769357	0.117899	0.315541	0.499593	0.66589	0.817199	0.944343	1.03683	1.08577	1.09051	1.05282	0.97628	0.873886	0.757545	0.631876	0.48641	0.336092	0.211549	0.108824	0.0176084	-0.0647091	-0.114666	-0.12694	-0.108335	-0.0655341	0.0276835	0.192771	0.391731	0.582403	0.743759	0.848767	0.886728	0.852822	0.758479	0.628321	0.485822	0.337213	0.193528	0.0577622	-0.0666728	-0.18704	-0.295393	-0.384123	-0.441656	-0.478447	-0.494102	-0.465863	-0.382491	-0.267967	-0.144841	-0.0306481	0.067892	0.153126	0.231528	0.291307	0.310541	0.295884	0.262411	0.212879	0.149265	0.0743109	-0.00122001	-0.0794144	-0.159901	-0.23788	-0.318402	-0.389868	-0.444323	-0.477285	-0.503341	-0.532301	-0.569255	-0.618594	-0.674803	-0.727208	-0.76376	-0.783811	-0.786277	-0.774843	-0.755405	-0.732774	-0.698348	-0.65496	-0.606546	-0.547275	-0.487561	-0.422995	-0.342246	-0.244289	-0.129565	0	
0	-0.12364	-0.251606	-0.370841	-0.439588	-0.413359	-0.309724	-0.172349	-0.0296497	0.117899	0.269668	0.422282	0.571394	0.707023	0.825894	0.917604	0.979303	1.00555	0.995374	0.946755	0.867835	0.772645	0.674201	0.564012	0.425117	0.270969	0.142451	0.0472295	-0.025947	-0.081858	-0.105348	-0.0920895	-0.0460628	0.0285498	0.158705	0.355646	0.572245	0.76135	0.904141	0.986297	1.00002	0.944153	0.828167	0.676165	0.51449	0.352637	0.20122	0.0664468	-0.0530624	-0.159259	-0.249576	-0.322754	-0.378283	-0.43116	-0.472636	-0.467066	-0.402221	-0.30468	-0.197381	-0.100043	-0.0118497	0.0667697	0.142565	0.198281	0.211801	0.192014	0.157146	0.110953	0.0585348	0.00403687	-0.055509	-0.125419	-0.202701	-0.277431	-0.349355	-0.405848	-0.446897	-0.47229	-0.487791	-0.503612	-0.528954	-0.571823	-0.625091	-0.674616	-0.708957	-0.727621	-0.734746	-0.737826	-0.73969	-0.736318	-0.716636	-0.683967	-0.643844	-0.593217	-0.536813	-0.472316	-0.386747	-0.276019	-0.147485	0	
0	-0.0840023	-0.165642	-0.23574	-0.260938	-0.202667	-0.078158	0.0667849	0.198355	0.315541	0.422282	0.527377	0.63075	0.725364	0.807474	0.870439	0.910024	0.915298	0.881897	0.814308	0.730218	0.651985	0.583512	0.505754	0.387903	0.243408	0.118995	0.0295403	-0.0324928	-0.0747869	-0.0821002	-0.0498159	0.0189721	0.121766	0.278438	0.492772	0.713145	0.89288	1.02145	1.09079	1.0943	1.02726	0.897608	0.731611	0.558761	0.391607	0.239095	0.106237	-0.00475115	-0.0976612	-0.173206	-0.236986	-0.291928	-0.348745	-0.40065	-0.416062	-0.379838	-0.314574	-0.24125	-0.168657	-0.0988798	-0.0341557	0.027257	0.0712595	0.076931	0.0523025	0.0131177	-0.031253	-0.072536	-0.112409	-0.150898	-0.199317	-0.254992	-0.309609	-0.366849	-0.416572	-0.449114	-0.456464	-0.450241	-0.447714	-0.466575	-0.509833	-0.564966	-0.61408	-0.644159	-0.664686	-0.682695	-0.697756	-0.707811	-0.710242	-0.693764	-0.663203	-0.625655	-0.576886	-0.524137	-0.461502	-0.376261	-0.268383	-0.142134	0	
0	-0.029349	-0.0529455	-0.0653031	-0.0433084	0.041864	0.171357	0.302833	0.411754	0.499593	0.571394	0.63075	0.682463	0.7282	0.773651	0.812428	0.830708	0.8116	0.753487	0.66949	0.586194	0.524539	0.488564	0.44991	0.372176	0.258406	0.148754	0.062187	-0.00499112	-0.0496139	-0.0521934	-0.00699808	0.0799917	0.200159	0.367474	0.581214	0.792025	0.959387	1.0769	1.14075	1.14188	1.07377	0.944825	0.781811	0.614564	0.454502	0.311267	0.1903	0.0924596	0.0136961	-0.0514931	-0.109609	-0.16359	-0.225759	-0.288131	-0.322875	-0.32206	-0.301569	-0.269806	-0.23193	-0.187601	-0.144727	-0.102582	-0.0761851	-0.0847364	-0.120613	-0.162444	-0.200093	-0.231073	-0.256637	-0.279419	-0.302855	-0.328459	-0.356067	-0.394059	-0.42925	-0.443676	-0.429933	-0.401136	-0.385712	-0.399929	-0.443756	-0.501416	-0.552018	-0.588862	-0.612421	-0.626067	-0.635031	-0.638391	-0.63333	-0.610819	-0.576039	-0.536521	-0.49007	-0.44061	-0.3869	-0.31709	-0.226697	-0.121622	0	
0	0.0409568	0.0817878	0.124007	0.187647	0.292542	0.41694	0.524638	0.604592	0.66589	0.707023	0.725364	0.7282	0.729692	0.74058	0.749338	0.737199	0.689995	0.614877	0.528707	0.453703	0.41078	0.403687	0.407758	0.379302	0.30832	0.222203	0.137471	0.058596	0.000349781	-0.00945255	0.0382811	0.131703	0.257435	0.42276	0.624044	0.818096	0.969125	1.07332	1.13097	1.13202	1.07244	0.960523	0.820843	0.676978	0.540016	0.417035	0.318069	0.242722	0.182213	0.124964	0.065928	0.00601229	-0.0608593	-0.136291	-0.202219	-0.244536	-0.271274	-0.289641	-0.297749	-0.293974	-0.28212	-0.263527	-0.254428	-0.274449	-0.312481	-0.349167	-0.377648	-0.397912	-0.413634	-0.418946	-0.418107	-0.415529	-0.419732	-0.437434	-0.449892	-0.439888	-0.404898	-0.36363	-0.338645	-0.345528	-0.38279	-0.438935	-0.495832	-0.533125	-0.550978	-0.553103	-0.539938	-0.518527	-0.49304	-0.457845	-0.41746	-0.376729	-0.33537	-0.300277	-0.267716	-0.224328	-0.164704	-0.0897289	0	
0	0.119583	0.225763	0.315545	0.410219	0.52671	0.644805	0.731508	0.785611	0.817199	0.825894	0.807474	0.773651	0.74058	0.713883	0.682034	0.629708	0.555588	0.471053	0.391654	0.334955	0.31767	0.344157	0.387086	0.401578	0.370658	0.311625	0.237765	0.153779	0.0813732	0.0561987	0.0914915	0.175445	0.291877	0.443705	0.626289	0.801862	0.937271	1.03024	1.08072	1.08374	1.0373	0.951757	0.846142	0.738181	0.634161	0.544795	0.476033	0.425865	0.382543	0.335147	0.281365	0.220409	0.140727	0.0410387	-0.0592168	-0.148706	-0.23086	-0.308891	-0.377761	-0.428223	-0.456397	-0.463181	-0.466893	-0.48649	-0.516698	-0.540592	-0.554113	-0.561469	-0.560385	-0.546828	-0.526523	-0.510496	-0.50043	-0.493823	-0.478785	-0.444638	-0.395838	-0.344763	-0.310433	-0.305332	-0.331896	-0.379773	-0.425989	-0.455367	-0.459051	-0.438515	-0.403267	-0.359648	-0.311804	-0.257929	-0.205274	-0.164694	-0.137361	-0.124055	-0.120417	-0.111295	-0.0879205	-0.0510498	0	
0	0.190316	0.354842	0.484705	0.600643	0.723095	0.837546	0.9136	0.945577	0.944343	0.917604	0.870439	0.812428	0.749338	0.682034	0.605367	0.517066	0.421096	0.3302	0.260359	0.229065	0.247259	0.308939	0.381107	0.423147	0.420836	0.388249	0.333654	0.257053	0.181336	0.142938	0.160304	0.222284	0.31477	0.442211	0.600988	0.759597	0.886809	0.97292	1.01956	1.02158	0.983987	0.919822	0.847757	0.779162	0.719627	0.670763	0.636473	0.610051	0.582991	0.547356	0.503267	0.444325	0.355039	0.229299	0.0863674	-0.0525538	-0.189872	-0.33207	-0.468354	-0.578538	-0.650275	-0.683841	-0.69618	-0.707699	-0.718968	-0.723219	-0.720056	-0.708396	-0.685086	-0.652949	-0.622309	-0.596948	-0.574639	-0.550241	-0.51481	-0.464959	-0.402955	-0.338693	-0.290405	-0.272712	-0.285809	-0.314962	-0.339182	-0.339879	-0.318261	-0.282203	-0.2318	-0.172761	-0.10741	-0.0395675	0.0182797	0.0561121	0.0680494	0.0543357	0.0249473	-0.0025007	-0.0164489	-0.0147602	0	
0	0.239101	0.447395	0.609388	0.743966	0.87131	0.987082	1.05706	1.07055	1.03683	0.979303	0.910024	0.830708	0.737199	0.629708	0.517066	0.401789	0.291157	0.19556	0.13765	0.132387	0.184005	0.273714	0.366812	0.427994	0.448459	0.440714	0.409865	0.353276	0.287597	0.245411	0.244968	0.276815	0.334944	0.428788	0.559864	0.704772	0.828608	0.917171	0.962916	0.964	0.926925	0.870985	0.818122	0.781994	0.763399	0.759959	0.761352	0.760797	0.753742	0.737413	0.709559	0.652106	0.546274	0.391242	0.212315	0.028054	-0.160945	-0.358624	-0.547855	-0.707483	-0.81851	-0.879004	-0.90267	-0.908051	-0.905607	-0.892876	-0.867941	-0.831785	-0.786117	-0.739972	-0.699244	-0.663637	-0.628352	-0.589391	-0.544272	-0.482372	-0.402642	-0.319314	-0.256572	-0.22911	-0.23059	-0.239469	-0.235194	-0.208627	-0.161771	-0.102412	-0.0375498	0.0283188	0.0953218	0.159214	0.211219	0.237678	0.231278	0.195712	0.140645	0.0845897	0.0407599	0.0139035	0	
0	0.261849	0.493302	0.678889	0.831057	0.967567	1.08321	1.14636	1.14256	1.08577	1.00555	0.915298	0.8116	0.689995	0.555588	0.421096	0.291157	0.174443	0.0850457	0.0421008	0.0571937	0.126299	0.232676	0.340018	0.419142	0.461075	0.477444	0.47414	0.444652	0.398308	0.358519	0.341293	0.343341	0.3663	0.428412	0.534024	0.663538	0.783751	0.870826	0.915116	0.91182	0.868386	0.808668	0.761921	0.744898	0.759992	0.794166	0.830964	0.859776	0.878615	0.883823	0.867189	0.807007	0.685805	0.50863	0.299947	0.0811677	-0.146718	-0.381083	-0.604661	-0.793321	-0.927532	-1.0078	-1.0446	-1.05502	-1.05012	-1.02676	-0.982283	-0.925078	-0.861042	-0.802195	-0.745804	-0.689695	-0.639803	-0.593561	-0.541705	-0.468723	-0.375082	-0.2804	-0.20939	-0.170819	-0.159107	-0.152259	-0.13113	-0.0844871	-0.0151612	0.0623643	0.139978	0.209014	0.270399	0.318727	0.34757	0.35174	0.323922	0.268959	0.197737	0.125744	0.0669002	0.0274967	0	
0	0.26396	0.500439	0.696908	0.864837	1.00822	1.1202	1.17192	1.15816	1.09051	0.995374	0.881897	0.753487	0.614877	0.471053	0.3302	0.19556	0.0850457	0.0084868	-0.0188022	0.00258836	0.0767596	0.187345	0.305001	0.400441	0.46541	0.509748	0.536506	0.537783	0.513481	0.475442	0.441584	0.412849	0.406488	0.44496	0.530868	0.646272	0.754561	0.832812	0.867511	0.855614	0.802612	0.734323	0.685515	0.676998	0.709947	0.77061	0.834932	0.893719	0.941055	0.965819	0.957055	0.890725	0.760479	0.574541	0.353819	0.115221	-0.132724	-0.385033	-0.618486	-0.81554	-0.95662	-1.04509	-1.09487	-1.11927	-1.12396	-1.09778	-1.04286	-0.972322	-0.894981	-0.820417	-0.744099	-0.670702	-0.611626	-0.558727	-0.497956	-0.417232	-0.318986	-0.222469	-0.146672	-0.100921	-0.0815579	-0.0659829	-0.0374951	0.0175228	0.0941324	0.179276	0.262513	0.330327	0.383369	0.412167	0.416972	0.396741	0.345433	0.272872	0.190693	0.113556	0.0545208	0.0206756	0	
0	0.2569	0.486521	0.683243	0.854978	0.996498	1.09579	1.13744	1.12091	1.05282	0.946755	0.814308	0.66949	0.528707	0.391654	0.260359	0.13765	0.0421008	-0.0188022	-0.0395076	-0.0154094	0.0561652	0.167847	0.289051	0.397879	0.48403	0.55247	0.605128	0.634841	0.630766	0.59571	0.542392	0.487258	0.45775	0.482164	0.555674	0.655091	0.746313	0.806601	0.824102	0.799078	0.734515	0.658013	0.604674	0.595401	0.632803	0.70404	0.78629	0.866874	0.932125	0.966654	0.956717	0.8892	0.762848	0.588689	0.379	0.146131	-0.103343	-0.35322	-0.585805	-0.781392	-0.917144	-1.00596	-1.06371	-1.09747	-1.10702	-1.08257	-1.02423	-0.950056	-0.861243	-0.770313	-0.678805	-0.598848	-0.540599	-0.485339	-0.422909	-0.343139	-0.248886	-0.156761	-0.0816926	-0.0326372	-0.011843	0.00534256	0.0343245	0.0817282	0.149459	0.227493	0.30415	0.366215	0.412907	0.4337	0.426283	0.388965	0.317478	0.225644	0.132599	0.0551598	0.0068959	-0.00487292	0	
0	0.249207	0.469621	0.657008	0.818016	0.941576	1.0229	1.05628	1.04259	0.97628	0.867835	0.730218	0.586194	0.453703	0.334955	0.229065	0.132387	0.0571937	0.00258836	-0.0154094	0.00653539	0.0788589	0.18861	0.312894	0.431179	0.530414	0.61268	0.681286	0.73119	0.744733	0.709108	0.643268	0.568269	0.524441	0.537279	0.595649	0.67688	0.75016	0.794809	0.797739	0.760231	0.685961	0.59983	0.536407	0.513973	0.537533	0.601941	0.685656	0.774869	0.846977	0.879802	0.86959	0.808205	0.701605	0.555722	0.37573	0.170002	-0.0534935	-0.287343	-0.50805	-0.695346	-0.827103	-0.914377	-0.972345	-1.00367	-1.00857	-0.977164	-0.919102	-0.8411	-0.741263	-0.643171	-0.554706	-0.484393	-0.436162	-0.390177	-0.333712	-0.263467	-0.175766	-0.0868094	-0.0167783	0.0255587	0.0401698	0.0507048	0.0660241	0.100487	0.152801	0.21303	0.27295	0.320562	0.363802	0.383448	0.373845	0.333417	0.252959	0.152753	0.0575073	-0.0136613	-0.0455168	-0.032749	0	
0	0.245392	0.458415	0.632828	0.771137	0.867632	0.927348	0.953577	0.938146	0.873886	0.772645	0.651985	0.524539	0.41078	0.31767	0.247259	0.184005	0.126299	0.0767596	0.0561652	0.0788589	0.150038	0.260808	0.385621	0.505394	0.606219	0.690396	0.760728	0.815929	0.831023	0.797219	0.729415	0.654677	0.606595	0.608899	0.650594	0.714864	0.776885	0.813975	0.806212	0.759312	0.674762	0.576476	0.492286	0.439319	0.42847	0.465493	0.53416	0.617393	0.686524	0.723382	0.721015	0.676224	0.593314	0.481143	0.342215	0.17977	-0.00735748	-0.205089	-0.400903	-0.57727	-0.702149	-0.786773	-0.839085	-0.85568	-0.842219	-0.802843	-0.737927	-0.655054	-0.554455	-0.464501	-0.391998	-0.339058	-0.307168	-0.274751	-0.235637	-0.177132	-0.096803	-0.0201059	0.0373247	0.0665917	0.0633338	0.0560816	0.0581724	0.0777501	0.115575	0.161064	0.204389	0.239366	0.270943	0.283335	0.270904	0.229426	0.154401	0.0628083	-0.0195873	-0.0754159	-0.0912803	-0.0562988	0	
0	0.24269	0.449001	0.609012	0.724015	0.794028	0.833466	0.846655	0.822779	0.757545	0.674201	0.583512	0.488564	0.403687	0.344157	0.308939	0.273714	0.232676	0.187345	0.167847	0.18861	0.260808	0.369871	0.488534	0.600252	0.695446	0.773831	0.831158	0.867716	0.871956	0.837447	0.782601	0.72197	0.682508	0.683764	0.718777	0.776364	0.834577	0.866191	0.84957	0.792634	0.698411	0.582837	0.468151	0.369927	0.307243	0.299254	0.335428	0.400598	0.465543	0.508772	0.527432	0.51134	0.460091	0.382511	0.284532	0.168109	0.0299917	-0.126622	-0.288535	-0.439266	-0.552151	-0.625878	-0.661601	-0.659394	-0.632624	-0.581135	-0.513459	-0.43315	-0.342155	-0.272922	-0.220349	-0.179992	-0.158527	-0.141739	-0.11465	-0.0719365	-0.0109898	0.045539	0.0787736	0.085042	0.0614858	0.0366302	0.0237976	0.0344815	0.0619265	0.0951608	0.127116	0.148753	0.168416	0.164335	0.138259	0.098006	0.0342025	-0.0376161	-0.0981536	-0.134197	-0.129322	-0.0754109	0	
0	0.233918	0.427864	0.57307	0.670996	0.723859	0.743497	0.738196	0.698451	0.631876	0.564012	0.505754	0.44991	0.407758	0.387086	0.381107	0.366812	0.340018	0.305001	0.289051	0.312894	0.385621	0.488534	0.594104	0.693249	0.779418	0.842248	0.869268	0.87437	0.856511	0.819088	0.774721	0.736043	0.720005	0.740217	0.788107	0.850997	0.909108	0.935846	0.908381	0.839487	0.729639	0.590168	0.438384	0.292416	0.178389	0.120093	0.111033	0.141724	0.190336	0.244061	0.288871	0.307506	0.296252	0.265518	0.216828	0.14851	0.0547518	-0.0523855	-0.169452	-0.289327	-0.376539	-0.429215	-0.449537	-0.437428	-0.402814	-0.349573	-0.279742	-0.204978	-0.133062	-0.0832613	-0.045345	-0.0157891	-0.00394498	0.00631687	0.0240462	0.0538201	0.0938953	0.119169	0.123727	0.103202	0.0552118	0.0148598	-0.0079561	-0.012768	-0.00331073	0.0185179	0.0445246	0.0590233	0.0643685	0.0518849	0.0250203	-0.0148678	-0.0732367	-0.137607	-0.182433	-0.195681	-0.169257	-0.0934695	0	
0	0.210972	0.382086	0.509433	0.597201	0.639126	0.64084	0.613469	0.558561	0.48641	0.425117	0.387903	0.372176	0.379302	0.401578	0.423147	0.427994	0.419142	0.400441	0.397879	0.431179	0.505394	0.600252	0.693249	0.779174	0.845643	0.876617	0.864056	0.831436	0.78533	0.732549	0.69421	0.683543	0.706641	0.76418	0.839949	0.919237	0.984789	1.01036	0.971322	0.880589	0.742199	0.568225	0.379386	0.197042	0.042884	-0.0620794	-0.121664	-0.135641	-0.111885	-0.0600752	0.0073096	0.0666311	0.10436	0.126473	0.134635	0.122221	0.0833952	0.0282284	-0.0417263	-0.120662	-0.181141	-0.215238	-0.226549	-0.216137	-0.18588	-0.129786	-0.0611488	0.00540094	0.0687899	0.109681	0.138345	0.156357	0.156962	0.157747	0.169795	0.18811	0.210067	0.215511	0.192757	0.143804	0.0739071	0.0123466	-0.0353768	-0.0634161	-0.0674472	-0.0519939	-0.0357095	-0.028549	-0.0169142	-0.0186469	-0.0406667	-0.0827083	-0.148848	-0.217909	-0.262297	-0.266643	-0.220208	-0.121545	0	
0	0.173813	0.313162	0.421812	0.500754	0.535614	0.522131	0.480014	0.414542	0.336092	0.270969	0.243408	0.258406	0.30832	0.370658	0.420836	0.448459	0.461075	0.46541	0.48403	0.530414	0.606219	0.695446	0.779418	0.845643	0.878295	0.8681	0.814613	0.742387	0.66205	0.592813	0.564545	0.587286	0.653441	0.751971	0.864088	0.969754	1.05258	1.08155	1.02971	0.911689	0.737386	0.524657	0.30118	0.0880931	-0.0987247	-0.246206	-0.353042	-0.405591	-0.402277	-0.349093	-0.264905	-0.174266	-0.0892978	-0.00810539	0.0595209	0.104376	0.121701	0.121837	0.101035	0.0605513	0.0282355	0.00721313	-0.00871636	-0.0122102	0.00706902	0.0532642	0.113659	0.177019	0.240308	0.285901	0.312576	0.320443	0.312157	0.306315	0.311199	0.322638	0.336414	0.326749	0.286018	0.218635	0.126448	0.0358985	-0.0390026	-0.0840624	-0.0996142	-0.0948517	-0.0813832	-0.0670216	-0.0484277	-0.0462958	-0.0721925	-0.122562	-0.195465	-0.273948	-0.32446	-0.328496	-0.273646	-0.152547	0	
0	0.129697	0.23697	0.327095	0.397735	0.425335	0.406515	0.360691	0.293725	0.211549	0.142451	0.118995	0.148754	0.222203	0.311625	0.388249	0.440714	0.477444	0.509748	0.55247	0.61268	0.690396	0.773831	0.842248	0.876617	0.8681	0.816408	0.72119	0.609623	0.503916	0.433568	0.422957	0.475859	0.579843	0.721584	0.875798	1.01464	1.11487	1.14608	1.08333	0.941207	0.733933	0.484391	0.22592	-0.0171493	-0.234726	-0.414219	-0.546007	-0.615985	-0.620794	-0.568568	-0.473943	-0.35626	-0.231301	-0.10366	0.0178385	0.117983	0.187136	0.235696	0.258425	0.252648	0.238431	0.220575	0.19438	0.171191	0.168846	0.191522	0.228971	0.280821	0.348154	0.403883	0.437669	0.451999	0.449075	0.443611	0.444552	0.45014	0.455284	0.43835	0.391887	0.314056	0.206585	0.0975265	0.00881368	-0.0458266	-0.0694259	-0.0684741	-0.0531743	-0.0327993	-0.0161663	-0.0278751	-0.0722766	-0.141443	-0.229665	-0.317583	-0.374563	-0.377746	-0.311369	-0.174385	0	
0	0.0838117	0.158228	0.22853	0.284491	0.305566	0.288391	0.248751	0.186786	0.108824	0.0472295	0.0295403	0.062187	0.137471	0.237765	0.333654	0.409865	0.47414	0.536506	0.605128	0.681286	0.760728	0.831158	0.869268	0.864056	0.814613	0.72119	0.587857	0.450745	0.343608	0.284969	0.288842	0.363738	0.502438	0.686733	0.882606	1.04924	1.1634	1.19817	1.1322	0.975354	0.742424	0.461334	0.172632	-0.0978868	-0.338519	-0.535242	-0.677194	-0.749735	-0.753905	-0.700854	-0.599096	-0.461432	-0.305352	-0.140119	0.0194314	0.158761	0.270995	0.362032	0.424199	0.450847	0.448607	0.422302	0.376041	0.327242	0.29308	0.281729	0.293562	0.334546	0.399629	0.458972	0.501121	0.527009	0.54037	0.547519	0.555159	0.563126	0.565677	0.544218	0.490067	0.406779	0.29853	0.192899	0.114135	0.0651548	0.03973	0.0398724	0.0571267	0.0688995	0.0626111	0.0279672	-0.0370402	-0.126713	-0.23564	-0.339749	-0.400944	-0.397981	-0.321471	-0.177686	0	
0	0.0403651	0.0817427	0.125791	0.163162	0.177039	0.166129	0.134849	0.0810774	0.0176084	-0.025947	-0.0324928	-0.00499112	0.058596	0.153779	0.257053	0.353276	0.444652	0.537783	0.634841	0.73119	0.815929	0.867716	0.87437	0.831436	0.742387	0.609623	0.450745	0.310461	0.211564	0.158792	0.169493	0.261389	0.428717	0.646471	0.875549	1.07111	1.20551	1.25229	1.18977	1.02174	0.771472	0.47204	0.163822	-0.12539	-0.380428	-0.586548	-0.72756	-0.79775	-0.802551	-0.750347	-0.643506	-0.493589	-0.319657	-0.135593	0.0488343	0.219498	0.366415	0.493218	0.587959	0.629661	0.623551	0.583996	0.51925	0.444198	0.380613	0.339089	0.326712	0.353819	0.408773	0.465407	0.514051	0.558786	0.594033	0.619257	0.640993	0.656787	0.65818	0.633241	0.580277	0.498021	0.399564	0.312482	0.248484	0.209163	0.193972	0.201623	0.211819	0.202423	0.174812	0.126553	0.0457054	-0.0659871	-0.192008	-0.306634	-0.376626	-0.37999	-0.3099	-0.173678	0	
0	0.00125673	0.00673901	0.0192872	0.0353325	0.0441571	0.0399542	0.016476	-0.0236202	-0.0647091	-0.081858	-0.0747869	-0.0496139	0.000349781	0.0813732	0.181336	0.287597	0.398308	0.513481	0.630766	0.744733	0.831023	0.871956	0.856511	0.78533	0.66205	0.503916	0.343608	0.211564	0.11749	0.0697739	0.0915554	0.199396	0.380184	0.615563	0.871152	1.09601	1.2524	1.3092	1.24554	1.0729	0.821654	0.522342	0.210023	-0.0868111	-0.34901	-0.555756	-0.692893	-0.760668	-0.768469	-0.725396	-0.624612	-0.472184	-0.29077	-0.0940095	0.107515	0.29657	0.463354	0.608703	0.715973	0.76421	0.751918	0.700742	0.625105	0.534246	0.44516	0.378213	0.347074	0.352832	0.38776	0.436317	0.493183	0.552138	0.607038	0.654739	0.691941	0.716888	0.722497	0.70213	0.651679	0.582958	0.511164	0.44696	0.40019	0.372626	0.366388	0.371419	0.367045	0.346643	0.312638	0.252045	0.152443	0.0271418	-0.10567	-0.227478	-0.312282	-0.334804	-0.282569	-0.163087	0	
0	-0.0316387	-0.060344	-0.0794256	-0.0811426	-0.0742088	-0.0710319	-0.083249	-0.102918	-0.114666	-0.105348	-0.0821002	-0.0521934	-0.00945255	0.0561987	0.142938	0.245411	0.358519	0.475442	0.59571	0.709108	0.797219	0.837447	0.819088	0.732549	0.592813	0.433568	0.284969	0.158792	0.0697739	0.036247	0.0792296	0.197559	0.385755	0.634731	0.911247	1.15706	1.3238	1.37747	1.31008	1.13905	0.896202	0.604424	0.295198	0.0003335	-0.253129	-0.445608	-0.567989	-0.630978	-0.646436	-0.615943	-0.527284	-0.386298	-0.209367	-0.0156362	0.182197	0.370515	0.54202	0.690106	0.800065	0.846524	0.83454	0.786702	0.7074	0.600217	0.491033	0.405683	0.352277	0.336122	0.35192	0.390359	0.443307	0.506835	0.574242	0.638418	0.696428	0.739908	0.75773	0.747547	0.713602	0.66577	0.614877	0.567113	0.533508	0.524366	0.52787	0.52827	0.52342	0.505485	0.46378	0.385339	0.267651	0.126263	-0.0257571	-0.168841	-0.27116	-0.305585	-0.26251	-0.151605	0	
0	-0.0590713	-0.116874	-0.161697	-0.177131	-0.170873	-0.158961	-0.154391	-0.146344	-0.12694	-0.0920895	-0.0498159	-0.00699808	0.0382811	0.0914915	0.160304	0.244968	0.341293	0.441584	0.542392	0.643268	0.729415	0.782601	0.774721	0.69421	0.564545	0.422957	0.288842	0.169493	0.0915554	0.0792296	0.139494	0.271492	0.471792	0.731459	1.01374	1.26246	1.42403	1.46819	1.39585	1.22744	0.990086	0.70635	0.409117	0.131481	-0.0992883	-0.26751	-0.373811	-0.432969	-0.452114	-0.43293	-0.361425	-0.238366	-0.0833734	0.0857945	0.260333	0.428097	0.582463	0.722081	0.828546	0.878898	0.876486	0.837022	0.762156	0.653074	0.534519	0.432036	0.358059	0.314792	0.308944	0.334501	0.380288	0.438713	0.507477	0.58438	0.656073	0.717175	0.757027	0.771021	0.758218	0.725822	0.683618	0.644514	0.626387	0.62925	0.642684	0.656629	0.665507	0.651238	0.596334	0.498611	0.363527	0.196559	0.0114114	-0.156636	-0.272891	-0.312528	-0.267538	-0.153465	0	
0	-0.0821948	-0.161028	-0.224129	-0.250749	-0.247247	-0.224584	-0.198069	-0.158598	-0.108335	-0.0460628	0.0189721	0.0799917	0.131703	0.175445	0.222284	0.276815	0.343341	0.412849	0.487258	0.568269	0.654677	0.72197	0.736043	0.683543	0.587286	0.475859	0.363738	0.261389	0.199396	0.197559	0.271492	0.417958	0.625762	0.878123	1.14625	1.38377	1.53198	1.56397	1.48605	1.31819	1.08781	0.821369	0.548433	0.299148	0.0977925	-0.0480869	-0.145584	-0.201418	-0.222551	-0.214813	-0.162797	-0.0679944	0.0574345	0.193858	0.333497	0.471162	0.60456	0.720352	0.809906	0.859976	0.872843	0.853072	0.793839	0.695708	0.578544	0.467212	0.37134	0.30472	0.279791	0.284738	0.310114	0.355775	0.421776	0.501012	0.582404	0.658505	0.716386	0.751318	0.759184	0.743334	0.711042	0.677154	0.659926	0.665444	0.68578	0.71412	0.737315	0.723624	0.665276	0.560327	0.407586	0.21735	0.0126797	-0.166619	-0.290253	-0.334544	-0.289675	-0.167775	0	
0	-0.0998578	-0.192711	-0.267108	-0.306617	-0.306224	-0.272608	-0.2193	-0.149421	-0.0655341	0.0285498	0.121766	0.200159	0.257435	0.291877	0.31477	0.334944	0.3663	0.406488	0.45775	0.524441	0.606595	0.682508	0.720005	0.706641	0.653441	0.579843	0.502438	0.428717	0.380184	0.385755	0.471792	0.625762	0.822218	1.05037	1.29393	1.50695	1.63166	1.64583	1.56011	1.39512	1.1779	0.933477	0.690113	0.475068	0.305912	0.180052	0.0924627	0.0404259	0.0121578	0.00330199	0.0286128	0.09203	0.182695	0.285556	0.392067	0.499248	0.601138	0.692064	0.76627	0.811264	0.83249	0.827568	0.791333	0.720373	0.622118	0.510578	0.403766	0.318564	0.267653	0.241926	0.240462	0.267951	0.321429	0.395808	0.476669	0.556696	0.625849	0.676309	0.700627	0.697055	0.672307	0.647652	0.633247	0.633772	0.653603	0.685336	0.710585	0.700375	0.650581	0.550746	0.390942	0.191078	-0.0159894	-0.198809	-0.326893	-0.369449	-0.318556	-0.184289	0	
0	-0.105368	-0.200927	-0.281744	-0.328053	-0.328501	-0.276209	-0.195105	-0.091491	0.0276835	0.158705	0.278438	0.367474	0.42276	0.443705	0.442211	0.428788	0.428412	0.44496	0.482164	0.537279	0.608899	0.683764	0.740217	0.76418	0.751971	0.721584	0.686733	0.646471	0.615563	0.634731	0.731459	0.878123	1.05037	1.24931	1.45448	1.62651	1.71507	1.71033	1.61958	1.46297	1.25856	1.03157	0.815695	0.636547	0.496258	0.390469	0.315465	0.268664	0.239205	0.218994	0.223466	0.255221	0.308113	0.365522	0.426863	0.496265	0.569354	0.635459	0.693975	0.737754	0.765577	0.773433	0.758933	0.715711	0.636247	0.534763	0.429134	0.331071	0.254608	0.191953	0.157047	0.161441	0.19979	0.267215	0.346925	0.426911	0.495865	0.544796	0.56792	0.569165	0.55783	0.546912	0.539146	0.547946	0.574855	0.604196	0.620375	0.607445	0.560377	0.456259	0.299013	0.10898	-0.0934046	-0.27182	-0.3924	-0.420941	-0.350341	-0.198114	0	
0	-0.0935841	-0.183067	-0.260779	-0.306901	-0.293295	-0.217538	-0.101743	0.0358764	0.192771	0.355646	0.492772	0.581214	0.624044	0.626289	0.600988	0.559864	0.534024	0.530868	0.555674	0.595649	0.650594	0.718777	0.788107	0.839949	0.864088	0.875798	0.882606	0.875549	0.871152	0.911247	1.01374	1.14625	1.29393	1.45448	1.60753	1.72317	1.77348	1.74951	1.65597	1.5077	1.31067	1.09799	0.909615	0.757024	0.637832	0.553123	0.496146	0.46772	0.449511	0.433631	0.423671	0.422824	0.426319	0.429522	0.438774	0.467086	0.510441	0.559786	0.607694	0.640119	0.666354	0.683422	0.691319	0.675862	0.616213	0.524221	0.417518	0.303994	0.198159	0.10424	0.04751	0.0375213	0.0647161	0.123259	0.194191	0.261136	0.31886	0.359078	0.379842	0.389277	0.386878	0.388182	0.396555	0.421795	0.460635	0.491018	0.503586	0.483057	0.418815	0.29954	0.14105	-0.0402771	-0.230939	-0.390488	-0.479899	-0.482592	-0.39245	-0.214991	0	
0	-0.0723554	-0.150147	-0.222667	-0.255316	-0.219668	-0.113333	0.0349586	0.206056	0.391731	0.572245	0.713145	0.792025	0.818096	0.801862	0.759597	0.704772	0.663538	0.646272	0.655091	0.67688	0.714864	0.776364	0.850997	0.919237	0.969754	1.01464	1.04924	1.07111	1.09601	1.15706	1.26246	1.38377	1.50695	1.62651	1.72317	1.78663	1.79607	1.74771	1.64523	1.4957	1.30469	1.10878	0.94094	0.806713	0.708965	0.650433	0.62284	0.618411	0.618244	0.603104	0.576919	0.543808	0.502017	0.454395	0.419537	0.413226	0.429797	0.462539	0.495314	0.51603	0.538631	0.564342	0.587975	0.588186	0.542756	0.463367	0.360585	0.236381	0.114582	0.00332806	-0.0695918	-0.0929192	-0.0824413	-0.0401962	0.0143644	0.0631947	0.106749	0.136692	0.158558	0.175515	0.183496	0.200578	0.224976	0.264553	0.312108	0.349689	0.363668	0.336458	0.262633	0.129611	-0.0378919	-0.219045	-0.398271	-0.531093	-0.588838	-0.562274	-0.444995	-0.242446	0	
0	-0.0486315	-0.114106	-0.173892	-0.184631	-0.118147	0.016214	0.192152	0.385817	0.582403	0.76135	0.89288	0.959387	0.969125	0.937271	0.886809	0.828608	0.783751	0.754561	0.746313	0.75016	0.776885	0.834577	0.909108	0.984789	1.05258	1.11487	1.1634	1.20551	1.2524	1.3238	1.42403	1.53198	1.63166	1.71507	1.77348	1.79607	1.76996	1.69762	1.57697	1.42192	1.2359	1.05133	0.894342	0.775562	0.702804	0.678268	0.679319	0.699698	0.707972	0.690891	0.654826	0.597817	0.51882	0.434438	0.362513	0.324961	0.324853	0.345598	0.365366	0.374872	0.393589	0.420315	0.445485	0.450127	0.41278	0.345794	0.254572	0.137309	0.016483	-0.0973863	-0.179547	-0.224133	-0.235722	-0.214964	-0.182105	-0.1498	-0.11318	-0.0835264	-0.0603318	-0.0365881	-0.0232314	-0.00359731	0.0320999	0.0824156	0.13597	0.184522	0.207556	0.17954	0.103443	-0.0261817	-0.194635	-0.375164	-0.543406	-0.664451	-0.70367	-0.649344	-0.50373	-0.272222	0	
0	-0.0252852	-0.0723353	-0.109279	-0.0883541	0.0097327	0.166002	0.358185	0.556149	0.743759	0.904141	1.02145	1.0769	1.07332	1.03024	0.97292	0.917171	0.870826	0.832812	0.806601	0.794809	0.813975	0.866191	0.935846	1.01036	1.08155	1.14608	1.19817	1.25229	1.3092	1.37747	1.46819	1.56397	1.64583	1.71033	1.74951	1.74771	1.69762	1.59816	1.45582	1.28859	1.10495	0.925826	0.778449	0.680309	0.636054	0.637024	0.666058	0.698703	0.709001	0.69555	0.657938	0.589873	0.494521	0.387688	0.289247	0.23038	0.211176	0.216963	0.222176	0.219156	0.23227	0.260867	0.282976	0.28232	0.252714	0.19519	0.107675	-0.00125643	-0.110126	-0.216411	-0.301502	-0.352034	-0.377321	-0.380408	-0.36741	-0.34981	-0.32276	-0.293121	-0.259981	-0.231229	-0.21453	-0.186685	-0.147273	-0.0931586	-0.0332473	0.022073	0.0526829	0.0308252	-0.0379619	-0.155587	-0.316	-0.493892	-0.656822	-0.772528	-0.80783	-0.740735	-0.568866	-0.305782	0	
0	-0.00223977	-0.0230683	-0.0284075	0.0259225	0.14604	0.312818	0.502772	0.687538	0.848767	0.986297	1.09079	1.14075	1.13097	1.08072	1.01956	0.962916	0.915116	0.867511	0.824102	0.797739	0.806212	0.84957	0.908381	0.971322	1.02971	1.08333	1.1322	1.18977	1.24554	1.31008	1.39585	1.48605	1.56011	1.61958	1.65597	1.64523	1.57697	1.45582	1.29046	1.11293	0.928546	0.752722	0.61576	0.531365	0.499738	0.521799	0.567309	0.606989	0.628429	0.629294	0.602675	0.542225	0.446818	0.329113	0.217064	0.139881	0.0992334	0.0845129	0.0738464	0.0663569	0.0800521	0.104795	0.118719	0.114696	0.0841205	0.0274052	-0.0529144	-0.150923	-0.250595	-0.350123	-0.432681	-0.48793	-0.51861	-0.528605	-0.528839	-0.522235	-0.499801	-0.470424	-0.436261	-0.401868	-0.372932	-0.333405	-0.284936	-0.227798	-0.159952	-0.0951978	-0.0638934	-0.0779901	-0.139704	-0.259516	-0.419755	-0.59514	-0.75716	-0.868359	-0.894455	-0.81614	-0.624524	-0.333923	0	
0	0.0263012	0.039948	0.0706216	0.148696	0.275923	0.434076	0.605138	0.75862	0.886728	1.00002	1.0943	1.14188	1.13202	1.08374	1.02158	0.964	0.91182	0.855614	0.799078	0.760231	0.759312	0.792634	0.839487	0.880589	0.911689	0.941207	0.975354	1.02174	1.0729	1.13905	1.22744	1.31819	1.39512	1.46297	1.5077	1.4957	1.42192	1.28859	1.11293	0.927471	0.741334	0.568846	0.432049	0.34364	0.31637	0.345645	0.396952	0.445966	0.484223	0.506879	0.503866	0.467171	0.386155	0.269901	0.151104	0.0594193	-0.000895632	-0.0320991	-0.0566009	-0.073643	-0.0653762	-0.049681	-0.0457045	-0.0545696	-0.0809843	-0.128531	-0.200045	-0.28516	-0.373557	-0.47071	-0.555464	-0.608088	-0.63899	-0.655618	-0.659012	-0.652906	-0.632181	-0.604253	-0.567149	-0.525731	-0.490432	-0.444014	-0.385093	-0.314799	-0.232419	-0.160264	-0.127273	-0.140417	-0.205528	-0.335518	-0.508108	-0.684934	-0.845471	-0.953259	-0.960189	-0.859913	-0.654372	-0.350935	0	
0	0.0615944	0.113453	0.173179	0.259665	0.373964	0.507572	0.64399	0.75929	0.852822	0.944153	1.02726	1.07377	1.07244	1.0373	0.983987	0.926925	0.868386	0.802612	0.734515	0.685961	0.674762	0.698411	0.729639	0.742199	0.737386	0.733933	0.742424	0.771472	0.821654	0.896202	0.990086	1.08781	1.1779	1.25856	1.31067	1.30469	1.2359	1.10495	0.928546	0.741334	0.561063	0.389682	0.24618	0.152934	0.121573	0.140666	0.182518	0.234734	0.289515	0.333684	0.364755	0.362596	0.304967	0.209236	0.104971	0.0120942	-0.0609417	-0.110839	-0.150778	-0.180708	-0.193425	-0.194986	-0.195164	-0.20042	-0.216938	-0.250182	-0.305175	-0.37715	-0.46259	-0.559208	-0.642099	-0.697063	-0.733317	-0.753656	-0.76009	-0.75425	-0.727455	-0.688227	-0.643474	-0.596203	-0.55248	-0.500602	-0.43171	-0.349132	-0.261889	-0.187057	-0.153729	-0.179113	-0.261917	-0.40422	-0.583453	-0.757691	-0.907783	-0.99861	-0.986979	-0.868868	-0.652265	-0.351557	0	
0	0.0991477	0.18466	0.260003	0.339669	0.426957	0.525102	0.619158	0.696068	0.758479	0.828167	0.897608	0.944825	0.960523	0.951757	0.919822	0.870985	0.808668	0.734323	0.658013	0.59983	0.576476	0.582837	0.590168	0.568225	0.524657	0.484391	0.461334	0.47204	0.522342	0.604424	0.70635	0.821369	0.933477	1.03157	1.09799	1.10878	1.05133	0.925826	0.752722	0.568846	0.389682	0.217197	0.0738611	-0.0169357	-0.0578404	-0.0600164	-0.0307688	0.018559	0.0773698	0.139224	0.200848	0.22772	0.20605	0.149927	0.076857	0.00248241	-0.0658088	-0.133618	-0.196559	-0.249199	-0.285835	-0.297381	-0.297774	-0.299036	-0.303971	-0.324082	-0.364438	-0.423907	-0.506409	-0.599001	-0.682462	-0.746729	-0.791023	-0.821703	-0.835266	-0.824017	-0.789798	-0.739036	-0.680026	-0.619036	-0.559567	-0.503622	-0.432725	-0.341878	-0.257432	-0.192653	-0.166151	-0.206137	-0.307652	-0.452411	-0.627195	-0.800945	-0.937934	-1.00928	-0.992882	-0.87425	-0.650534	-0.346563	0	
0	0.129347	0.235638	0.315011	0.378986	0.437862	0.496899	0.549818	0.591868	0.628321	0.676165	0.731611	0.781811	0.820843	0.846142	0.847757	0.818122	0.761921	0.685515	0.604674	0.536407	0.492286	0.468151	0.438384	0.379386	0.30118	0.22592	0.172632	0.163822	0.210023	0.295198	0.409117	0.548433	0.690113	0.815695	0.909615	0.94094	0.894342	0.778449	0.61576	0.432049	0.24618	0.0738611	-0.0616292	-0.151615	-0.208663	-0.230232	-0.213678	-0.172438	-0.112586	-0.0368005	0.0394668	0.0938892	0.112493	0.0993019	0.0675662	0.0194516	-0.0455206	-0.119914	-0.191365	-0.260389	-0.314676	-0.331589	-0.330397	-0.333471	-0.337182	-0.350373	-0.382886	-0.435905	-0.51241	-0.59859	-0.680911	-0.754174	-0.81035	-0.854485	-0.874549	-0.86229	-0.82451	-0.75914	-0.684641	-0.613614	-0.545913	-0.477915	-0.396891	-0.306562	-0.228387	-0.178819	-0.168778	-0.219153	-0.330063	-0.475791	-0.644746	-0.815937	-0.947114	-1.01288	-0.998275	-0.881573	-0.656551	-0.348649	0	
