0	0	0	0	0	0	0	0	0	0	0	0	0	0	0	0	0	0	0	0	0	0	0	0	0	0	0	0	0	0	0	0	0	0	0	0	0	0	0	0	0	0	0	0	0	0	0	0	0	0	0	0	0	0	0	0	0	0	0	0	0	0	0	0	0	0	0	0	0	0	0	0	0	0	0	0	0	0	0	0	0	0	0	0	0	0	0	0	0	0	0	0	0	0	0	0	0	0	0	0	
0	0.00156156	-0.000235359	0.00252128	0.000875674	0.000634399	0.000883426	-0.000831636	-0.000842175	-0.00115709	-0.000928496	-0.000626263	-0.000233443	0.000992115	-0.000440466	-0.000234984	-0.000949654	-0.000323615	-0.00266784	0.00133306	0.00165466	-0.000337374	-0.000513636	-0.00034646	0.000161197	0.000153733	-0.000481105	-0.00139172	-0.00180852	-0.00364008	-0.00838082	-0.011358	-0.0167525	-0.0265853	-0.0348165	-0.0404026	-0.0469835	-0.0451276	-0.0323514	-0.0141672	0.0131601	0.0430102	0.0694405	0.0822492	0.0847939	0.0764476	0.0620012	0.0422414	0.0219872	0.00451895	-0.0180797	-0.038959	-0.0449232	-0.0393796	-0.0264609	-0.0165879	-0.00275326	0.00612115	0.00930136	0.00692644	-0.00433003	-0.0113954	-0.0104801	-0.00419401	-0.00143063	-0.000854531	0.000363233	0.00208554	-0.00137499	-0.00712644	-0.00540789	-0.000937338	0.000839188	-0.00143942	-0.000866829	-0.000436541	-0.00600701	-0.00968302	-0.00892886	-0.00138909	0.00782845	0.00902606	0.00319276	-0.0084422	-0.0211103	-0.0316425	-0.0411877	-0.0427279	-0.0282942	-0.00166121	0.023037	0.0447786	0.0737459	0.10135	0.119175	0.130844	0.126492	0.0983288	0.0538636	0	
0	-0.000235359	-0.00346429	-0.000228243	-0.00425921	-0.000242467	-0.000626697	-0.000459273	0.00284463	0.00137168	0.000958247	0.00185173	-4.85859e-05	-0.00238056	0.0016562	-0.000327653	8.16381e-05	0.00363757	0.000256952	0.000388052	-0.0027729	-0.00212443	0.00251143	-0.000231395	-0.00183437	-0.00141237	-0.000254635	-0.00574951	-0.00487991	-0.00861159	-0.0155446	-0.0259949	-0.0342692	-0.054857	-0.0685454	-0.08294	-0.0937388	-0.0909046	-0.0647676	-0.0285383	0.0255387	0.0863957	0.137695	0.165716	0.170077	0.15474	0.126433	0.0859961	0.0480494	0.00979627	-0.0330478	-0.0762862	-0.0892059	-0.077954	-0.0562245	-0.0339727	-0.00868849	0.00903729	0.0173282	0.0116153	-0.00786109	-0.0199965	-0.0195781	-0.00569745	-0.000280203	-0.00236474	0.00173719	0.00200718	-0.00772469	-0.0144124	-0.0121157	-0.00226748	0.00668665	0.000333811	-0.00192543	-0.00186656	-0.0148696	-0.0234192	-0.0180849	0.00266231	0.0194334	0.0148149	0.00261395	-0.0160998	-0.0418221	-0.064792	-0.0814551	-0.0829211	-0.0558664	-0.00391901	0.0462488	0.0905694	0.147831	0.202341	0.238007	0.260682	0.2514	0.195579	0.107281	0	
0	0.00252128	-0.000228243	0.00437022	0.00127627	0.00152025	0.00129073	-0.0014652	-0.001291	-0.00228359	-0.00183449	-0.0010564	-0.000335996	0.00113137	0.000176616	-0.000431295	-0.00211301	0.000350668	-0.00542269	0.00197759	0.00257275	1.15381e-05	-0.00045618	-0.0011267	-0.000605214	-0.000527926	-0.00107514	-0.00430198	-0.00619587	-0.012359	-0.0240565	-0.0347623	-0.0508342	-0.0796007	-0.102697	-0.121816	-0.139181	-0.13412	-0.097234	-0.0433763	0.0376897	0.126053	0.203724	0.244314	0.252979	0.229716	0.186982	0.128674	0.0698673	0.0149945	-0.0511094	-0.11213	-0.131678	-0.116914	-0.0827507	-0.0501552	-0.0113266	0.0154116	0.0259262	0.0182869	-0.0103621	-0.0311257	-0.0298076	-0.0129829	-0.00507464	-0.00245764	0.00190347	0.00470355	-0.00621981	-0.0202033	-0.0163326	-0.00332825	0.00408699	-0.00259936	-0.00344989	-0.00364892	-0.0190968	-0.0291177	-0.0239111	-0.000916287	0.022191	0.0233197	0.00674911	-0.0258681	-0.0637581	-0.0963685	-0.122389	-0.12358	-0.0804648	-0.0035705	0.069995	0.137117	0.222016	0.302366	0.356284	0.389051	0.373386	0.290367	0.159454	0	
0	0.000875674	-0.00425921	0.00127627	-0.00409152	-0.000302073	-2.32404e-05	-0.00105087	0.00253245	0.000944754	0.000681439	0.00175771	-0.000752599	-0.00130728	0.000564454	-0.00117363	0.000604421	0.00248364	-0.000603115	0.00191083	-0.00183311	-0.00392567	0.00235847	-0.000783949	-0.00111511	-0.0012112	-0.00244094	-0.0091781	-0.00942927	-0.0159509	-0.031497	-0.0488477	-0.0698657	-0.105171	-0.135961	-0.162753	-0.185154	-0.17661	-0.131087	-0.0575684	0.0470374	0.165887	0.266007	0.324105	0.336003	0.307619	0.251554	0.174912	0.0986406	0.0228164	-0.0637529	-0.143363	-0.17177	-0.15504	-0.113583	-0.0695347	-0.018708	0.015195	0.0310707	0.0218677	-0.0125321	-0.0363217	-0.0372972	-0.0164381	-0.00515701	-0.00321075	0.00358073	0.00361736	-0.0125613	-0.0274315	-0.0228456	-0.0043566	0.00822724	0.000955886	-0.00318258	-0.00861188	-0.0284586	-0.040612	-0.0315188	0.00355229	0.0328835	0.0278361	0.00374375	-0.0364811	-0.0868971	-0.130134	-0.159258	-0.15815	-0.103992	-0.00448794	0.0952265	0.18674	0.296563	0.400991	0.47358	0.514625	0.490876	0.381859	0.21005	0	
0	0.000634399	-0.000242467	0.00152025	-0.000302073	0.000941813	0.000184474	-0.000642165	2.55325e-06	-0.000698514	-0.000915734	-1.07013e-05	0.000324961	-0.000852459	0.00156597	-0.000330247	-0.00134956	0.00102668	-0.00280072	-0.000164598	-0.000399753	0.00052455	0.00071092	-0.00159992	-0.00257877	-0.00292637	-0.00251929	-0.00696337	-0.0120837	-0.0230459	-0.0385615	-0.0587724	-0.086596	-0.130351	-0.167552	-0.202622	-0.227276	-0.218604	-0.16347	-0.0740648	0.0560932	0.199959	0.324427	0.398011	0.415926	0.382428	0.313689	0.220807	0.126475	0.030522	-0.0761634	-0.171158	-0.20917	-0.191279	-0.144628	-0.0862337	-0.0264785	0.0166646	0.0363765	0.0245811	-0.0114425	-0.0430439	-0.0450859	-0.0240169	-0.0107221	-0.0034186	0.00438858	0.00430713	-0.0140626	-0.0311964	-0.0263512	-0.00686439	0.00759277	0.000229616	-0.00701435	-0.0130201	-0.0334686	-0.0463705	-0.0325967	0.00464605	0.0330566	0.0298968	0.00271539	-0.0471432	-0.108325	-0.163024	-0.199076	-0.192023	-0.120515	-0.000796651	0.12047	0.237094	0.371946	0.4988	0.58916	0.636288	0.602942	0.469002	0.258087	0	
0	0.000883426	-0.000626697	0.00129073	-2.32404e-05	0.000184474	0.000174685	-0.000536889	-0.000453498	-0.000915365	-0.000652683	-0.00045872	-0.00116389	0.000377044	-0.000424311	-0.00143334	0.000551108	-0.000116329	-0.00164955	0.00207263	0.00103866	-0.00200024	-0.000132325	-0.00115328	0.000332625	-0.000373136	-0.00453266	-0.0101935	-0.0143604	-0.0238736	-0.0452446	-0.0700465	-0.105161	-0.151167	-0.198818	-0.239727	-0.269092	-0.256652	-0.196854	-0.0888534	0.062321	0.231791	0.377937	0.469279	0.493818	0.457276	0.376642	0.269805	0.156792	0.0409408	-0.0855165	-0.194379	-0.242147	-0.228662	-0.174886	-0.106922	-0.0359642	0.0148625	0.0376454	0.0280831	-0.0108176	-0.0455897	-0.0507013	-0.0321207	-0.015412	-0.00372911	0.00490955	0.00269632	-0.0161912	-0.0359968	-0.0308384	-0.00746001	0.0059076	0.00153733	-0.00657744	-0.0204471	-0.0411741	-0.0512072	-0.0351934	0.00535266	0.0367141	0.0332147	-0.00126488	-0.0625439	-0.135197	-0.196473	-0.23125	-0.218158	-0.135983	0.00170937	0.148907	0.29235	0.447471	0.593863	0.702443	0.753563	0.708537	0.550686	0.302873	0	
0	-0.000831636	-0.000459273	-0.0014652	-0.00105087	-0.000642165	-0.000536889	0.000538759	0.000676907	0.001565	0.000873408	0.000891427	0.000855697	-0.0011864	0.000399312	-0.000569231	0.000226962	-0.000817559	0.000950521	-0.00169382	-0.00250487	-0.00110496	0.000143157	-0.00145025	-0.00318851	-0.00509034	-0.00595748	-0.00963671	-0.0185393	-0.0326167	-0.0529442	-0.0822416	-0.12312	-0.175392	-0.229625	-0.278746	-0.308842	-0.296197	-0.230415	-0.106304	0.0651065	0.257805	0.425023	0.535443	0.568175	0.530657	0.441163	0.321174	0.191997	0.0542766	-0.0889536	-0.210173	-0.270936	-0.261382	-0.207258	-0.127389	-0.049715	0.00824604	0.0362955	0.0272518	-0.00904005	-0.0461763	-0.0550828	-0.0390723	-0.0192066	-0.00422426	0.00536506	0.000903188	-0.020835	-0.0390672	-0.0334238	-0.011048	0.00559587	0.00377796	-0.010452	-0.0277775	-0.0473583	-0.0562782	-0.0336117	0.0098055	0.0371119	0.029108	-0.0110743	-0.0772337	-0.157105	-0.228733	-0.266154	-0.242192	-0.142955	0.0104224	0.178238	0.347662	0.523707	0.688807	0.812701	0.864048	0.806577	0.626524	0.34394	0	
0	-0.000842175	0.00284463	-0.001291	0.00253245	2.55325e-06	-0.000453498	0.000676907	-0.00251095	-0.00093144	-0.00135291	-0.00240177	0.000434071	-0.000949827	0.000211532	0.000197473	-0.000261894	-0.000895139	0.000529863	-0.000776878	0.000699632	0.00235582	-0.00228945	-1.07388e-05	-0.000893581	-0.00189213	-0.00579436	-0.00979066	-0.0205993	-0.0346414	-0.0568435	-0.0921418	-0.13827	-0.194893	-0.256276	-0.313146	-0.342979	-0.332067	-0.259999	-0.122961	0.0680637	0.279155	0.468019	0.595787	0.638459	0.601404	0.504093	0.373759	0.226431	0.0683687	-0.0906928	-0.223201	-0.296163	-0.294075	-0.238397	-0.148865	-0.0651308	0.00183909	0.0338243	0.0280068	-0.00478987	-0.0454043	-0.0583048	-0.047794	-0.0268019	-0.00646629	0.00321508	-0.00224283	-0.0215569	-0.0392398	-0.0340431	-0.0133192	0.00150355	0.00198982	-0.0143524	-0.0343421	-0.0522961	-0.0574499	-0.0299029	0.0101329	0.0329575	0.0256065	-0.0199769	-0.096142	-0.184251	-0.260345	-0.294337	-0.258367	-0.1458	0.0199462	0.210211	0.407451	0.601182	0.780862	0.917881	0.967894	0.89723	0.695286	0.380064	0	
0	-0.00115709	0.00137168	-0.00228359	0.000944754	-0.000698514	-0.000915365	0.001565	-0.00093144	0.00108493	0.000896086	-0.000376684	0.000534025	-0.000290423	-0.000882938	-0.000558685	-0.000584433	-0.00120899	-7.60788e-05	-0.00153426	-1.28715e-05	-0.00154818	-0.00284083	-0.000848721	-0.00234666	-0.004628	-0.00782089	-0.013421	-0.0244419	-0.0394772	-0.0650405	-0.105338	-0.156	-0.215156	-0.285937	-0.347293	-0.379298	-0.367682	-0.292325	-0.14116	0.0646111	0.294158	0.502893	0.649037	0.703729	0.669532	0.569113	0.429733	0.26627	0.088223	-0.0838432	-0.228135	-0.313087	-0.32295	-0.26596	-0.173733	-0.0843675	-0.0104087	0.0245059	0.0265152	-0.00452858	-0.0425891	-0.0593764	-0.0543895	-0.0300366	-0.0087114	0.000875317	-0.00633573	-0.024145	-0.0397571	-0.0354953	-0.0158949	-0.00282572	8.23295e-05	-0.0162328	-0.0409179	-0.0584031	-0.0571584	-0.0263867	0.01034	0.0303535	0.0181239	-0.0359345	-0.117321	-0.209966	-0.289475	-0.318631	-0.269694	-0.14357	0.0349106	0.246393	0.468235	0.678106	0.871684	1.01835	1.06333	0.978862	0.756487	0.411572	0	
0	-0.000928496	0.000958247	-0.00183449	0.000681439	-0.000915734	-0.000652683	0.000873408	-0.00135291	0.000896086	0.000592906	-0.00176863	0.0022393	-0.00174029	-0.00100204	0.00152892	-0.00136928	-0.000892547	0.00294121	-0.00280408	-0.00180791	0.00139616	-0.00288822	0.00113517	-0.00334687	-0.00588597	-0.00869304	-0.0110926	-0.0268724	-0.0457694	-0.0709783	-0.114617	-0.16927	-0.235432	-0.311097	-0.378051	-0.409458	-0.40131	-0.319741	-0.159233	0.0604127	0.30482	0.53235	0.69618	0.76305	0.735073	0.633345	0.487226	0.307071	0.111391	-0.0738973	-0.227451	-0.328178	-0.34628	-0.294214	-0.199153	-0.106223	-0.027257	0.0163919	0.0218024	-0.00190971	-0.0384329	-0.0599146	-0.0577145	-0.0349401	-0.0132262	-0.0049023	-0.0112927	-0.0262038	-0.0380236	-0.0326972	-0.0204441	-0.00831292	-0.00290384	-0.0230336	-0.0453408	-0.0594978	-0.057297	-0.0225069	0.0117147	0.0240091	0.00535308	-0.0554639	-0.140983	-0.234056	-0.314112	-0.340213	-0.277021	-0.133469	0.0565619	0.284421	0.529308	0.756673	0.961173	1.1113	1.14922	1.05185	0.809708	0.43782	0	
0	-0.000626263	0.00185173	-0.0010564	0.00175771	-1.07013e-05	-0.00045872	0.000891427	-0.00240177	-0.000376684	-0.00176863	-0.00226401	0.000190642	-0.00126607	0.000242947	0.0013186	-0.00194027	0.000853427	-0.00126221	-0.00156054	0.00250923	0.000850046	-0.00341054	0.000346828	-0.00302516	-0.00311604	-0.00698108	-0.0160454	-0.0303505	-0.0462713	-0.0754377	-0.126055	-0.183728	-0.252425	-0.334972	-0.405243	-0.439242	-0.431701	-0.345928	-0.177455	0.0528161	0.309807	0.555345	0.734246	0.816243	0.795506	0.697449	0.544955	0.35056	0.138337	-0.0573705	-0.222983	-0.335406	-0.366188	-0.317442	-0.226043	-0.131172	-0.0450291	0.00334866	0.0179097	-0.00169196	-0.0347534	-0.0580549	-0.0603635	-0.0390635	-0.0205821	-0.0131425	-0.0177927	-0.026257	-0.0327469	-0.0306536	-0.0223332	-0.015385	-0.0134083	-0.0273324	-0.047029	-0.061558	-0.0524625	-0.0181193	0.00700883	0.0143098	-0.00889533	-0.0758067	-0.166108	-0.261943	-0.338145	-0.351961	-0.274099	-0.12019	0.0802695	0.327326	0.593872	0.835188	1.04642	1.19628	1.22624	1.11545	0.853897	0.458941	0	
0	-0.000233443	-4.85859e-05	-0.000335996	-0.000752599	0.000324961	-0.00116389	0.000855697	0.000434071	0.000534025	0.0022393	0.000190642	0.00110367	-0.000497694	-0.00184569	-0.000391896	-0.00339806	0.000412243	-0.00101954	-0.00222361	-0.00164322	-0.00250602	-0.00294478	-0.00101667	-0.00423303	-0.0076335	-0.011554	-0.0171115	-0.0312944	-0.0536019	-0.0863886	-0.136205	-0.19692	-0.272189	-0.36008	-0.431638	-0.46886	-0.46172	-0.372136	-0.197798	0.0401502	0.308983	0.569254	0.76374	0.860594	0.852138	0.760028	0.604699	0.397875	0.173062	-0.0332545	-0.210032	-0.334725	-0.377008	-0.33645	-0.253617	-0.158764	-0.0698663	-0.0135459	0.00713991	-0.00565132	-0.0327565	-0.0556014	-0.0568161	-0.0399569	-0.0264247	-0.0216999	-0.0244905	-0.0267183	-0.0298041	-0.0290024	-0.026209	-0.0244563	-0.0222776	-0.0312174	-0.0470005	-0.0591041	-0.0494324	-0.0183722	0.00340959	0.00473197	-0.0282474	-0.102813	-0.19541	-0.285303	-0.351929	-0.358917	-0.271363	-0.101446	0.115229	0.375415	0.655831	0.911945	1.12962	1.27369	1.2925	1.16811	0.889326	0.47606	0	
0	0.000992115	-0.00238056	0.00113137	-0.00130728	-0.000852459	0.000377044	-0.0011864	-0.000949827	-0.000290423	-0.00174029	-0.00126607	-0.000497694	-9.4225e-05	-0.000851478	0.00200593	0.000466692	-7.6897e-05	0.00125501	-2.77573e-06	0.00158726	-0.00133444	-0.000203965	-0.000249653	-0.0031283	-0.00464603	-0.00910685	-0.0171805	-0.035173	-0.0554895	-0.0901021	-0.142057	-0.209791	-0.287581	-0.379266	-0.451267	-0.494661	-0.484206	-0.393797	-0.21403	0.0274483	0.307836	0.578352	0.787193	0.899005	0.904543	0.82095	0.663517	0.446562	0.211877	-0.00775845	-0.19373	-0.332131	-0.382767	-0.354447	-0.282499	-0.187376	-0.0971799	-0.0298419	-0.0033594	-0.00880776	-0.0293985	-0.0501233	-0.0513562	-0.0417708	-0.0373309	-0.0365213	-0.03262	-0.0270378	-0.0239031	-0.0227927	-0.0283467	-0.0343475	-0.0347335	-0.0380483	-0.0458283	-0.0525925	-0.0440675	-0.0209552	-0.00471428	-0.00916891	-0.0504942	-0.130345	-0.223891	-0.308725	-0.364815	-0.358339	-0.257074	-0.0755462	0.152323	0.42491	0.720514	0.989802	1.20701	1.34038	1.34853	1.21083	0.915849	0.488738	0	
0	-0.000440466	0.0016562	0.000176616	0.000564454	0.00156597	-0.000424311	0.000399312	0.000211532	-0.000882938	-0.00100204	0.000242947	-0.00184569	-0.000851478	0.00013041	-0.00158541	-0.00191277	-0.000290195	-0.00280349	-0.00329192	-0.00135376	-0.000750128	-0.000486361	-0.00387839	-0.00474032	-0.0061322	-0.0119307	-0.0216858	-0.0360371	-0.0595073	-0.0983674	-0.153112	-0.221893	-0.304831	-0.398082	-0.474233	-0.519826	-0.50838	-0.415468	-0.235742	0.0108326	0.297835	0.577508	0.798158	0.926472	0.948537	0.876629	0.72003	0.499602	0.255835	0.0272032	-0.171064	-0.316833	-0.37777	-0.365549	-0.30512	-0.218548	-0.124909	-0.0526159	-0.0209549	-0.0176543	-0.0329234	-0.0448649	-0.0431634	-0.0416358	-0.0463563	-0.0479997	-0.0405808	-0.0262836	-0.0170154	-0.0217135	-0.0311235	-0.0441855	-0.0510216	-0.0428176	-0.0404413	-0.0457073	-0.0397464	-0.0236397	-0.0140481	-0.0289423	-0.0787752	-0.159314	-0.252056	-0.329962	-0.369412	-0.347448	-0.238974	-0.0483289	0.196568	0.482345	0.785909	1.06228	1.27708	1.39932	1.39484	1.24169	0.933303	0.498152	0	
0	-0.000234984	-0.000327653	-0.000431295	-0.00117363	-0.000330247	-0.00143334	-0.000569231	0.000197473	-0.000558685	0.00152892	0.0013186	-0.000391896	0.00200593	-0.00158541	-0.00258885	0.00126917	-0.00351122	0.00131348	0.00185133	-2.96226e-05	-0.00384802	-0.00158117	-0.0045494	-0.00144913	-0.00722397	-0.0138433	-0.0218307	-0.0375128	-0.0662737	-0.105274	-0.158683	-0.233325	-0.32105	-0.414544	-0.492707	-0.541819	-0.52666	-0.434913	-0.253543	-0.00587322	0.288126	0.571038	0.804607	0.947114	0.988774	0.928471	0.777184	0.555774	0.306235	0.065488	-0.142557	-0.295817	-0.367702	-0.372807	-0.328953	-0.249058	-0.157338	-0.0787847	-0.0412985	-0.0304012	-0.0355383	-0.0372286	-0.0323117	-0.0392267	-0.0546111	-0.0618312	-0.048786	-0.0262222	-0.0150682	-0.0191622	-0.0343029	-0.0580589	-0.0622851	-0.0453213	-0.0357319	-0.0330022	-0.0354551	-0.0357451	-0.0318662	-0.0498275	-0.103505	-0.189177	-0.282836	-0.347066	-0.366853	-0.331085	-0.213988	-0.0122169	0.246524	0.540692	0.850585	1.13213	1.34058	1.44855	1.42948	1.26118	0.943267	0.50465	0	
0	-0.000949654	8.16381e-05	-0.00211301	0.000604421	-0.00134956	0.000551108	0.000226962	-0.000261894	-0.000584433	-0.00136928	-0.00194027	-0.00339806	0.000466692	-0.00191277	0.00126917	0.00386389	-0.00197227	0.0015663	-0.00310214	-0.00284542	0.000607582	0.00151242	-0.00256711	-0.00306928	-0.00774495	-0.0134875	-0.021634	-0.0410431	-0.0679326	-0.108935	-0.165238	-0.245883	-0.332813	-0.427402	-0.51009	-0.560258	-0.54209	-0.451461	-0.271932	-0.0213592	0.273028	0.559461	0.801034	0.95949	1.01928	0.972622	0.830805	0.612272	0.359568	0.106642	-0.108937	-0.267583	-0.351271	-0.374748	-0.346761	-0.277956	-0.187912	-0.107816	-0.06415	-0.0448116	-0.0406958	-0.0285967	-0.0228952	-0.0378421	-0.0638835	-0.0768584	-0.0581343	-0.0286399	-0.0115668	-0.0152415	-0.0362628	-0.0662234	-0.073519	-0.0524405	-0.0320277	-0.024086	-0.0341462	-0.0429994	-0.0469011	-0.0768746	-0.138486	-0.222591	-0.306121	-0.356328	-0.360175	-0.306866	-0.179413	0.0279604	0.297672	0.603262	0.918264	1.1963	1.39321	1.48784	1.45414	1.27063	0.945919	0.50733	0	
0	-0.000323615	0.00363757	0.000350668	0.00248364	0.00102668	-0.000116329	-0.000817559	-0.000895139	-0.00120899	-0.000892547	0.000853427	0.000412243	-7.6897e-05	-0.000290195	-0.00351122	-0.00197227	-0.0071288	0.00147193	-0.0018092	-0.00194973	0.000680784	-0.00371875	-0.00608354	-0.00432124	-0.00770344	-0.0149318	-0.0251821	-0.0425348	-0.0737584	-0.114974	-0.174808	-0.255002	-0.34693	-0.440771	-0.529365	-0.575522	-0.558387	-0.468887	-0.290784	-0.0395654	0.253314	0.539187	0.789278	0.961169	1.03932	1.00903	0.879805	0.671981	0.415192	0.155459	-0.0662975	-0.229067	-0.324476	-0.368192	-0.355679	-0.301842	-0.219747	-0.141334	-0.0946417	-0.0681943	-0.0502482	-0.0264896	-0.0158993	-0.0340165	-0.068954	-0.082331	-0.0626667	-0.0306711	-0.00985643	-0.0182228	-0.0453275	-0.0778568	-0.0831158	-0.0541129	-0.0226133	-0.011582	-0.0335352	-0.0580334	-0.0741105	-0.110567	-0.17033	-0.249091	-0.325306	-0.362819	-0.347392	-0.275092	-0.138334	0.0743237	0.35376	0.668516	0.984069	1.25259	1.43655	1.51821	1.46788	1.27009	0.942473	0.506758	0	
0	-0.00266784	0.000256952	-0.00542269	-0.000603115	-0.00280072	-0.00164955	0.000950521	0.000529863	-7.60788e-05	0.00294121	-0.00126221	-0.00101954	0.00125501	-0.00280349	0.00131348	0.0015663	0.00147193	0.000816181	-0.00100633	-0.00147872	0.000521133	-0.0058899	-0.00147037	-0.00198825	-0.00917195	-0.017136	-0.0253231	-0.0452828	-0.077641	-0.119293	-0.180693	-0.265594	-0.357287	-0.452571	-0.543595	-0.587095	-0.571197	-0.481336	-0.305908	-0.0533156	0.232313	0.520048	0.773485	0.958684	1.05316	1.03918	0.929097	0.730545	0.47446	0.207517	-0.0189216	-0.185247	-0.298478	-0.356625	-0.363056	-0.324424	-0.25179	-0.17953	-0.126225	-0.0903333	-0.0580894	-0.02079	-0.00827617	-0.0311732	-0.0698069	-0.0905832	-0.0737195	-0.0372798	-0.0158382	-0.0210958	-0.04793	-0.0824951	-0.0844452	-0.0536529	-0.0207421	-0.0104272	-0.0372054	-0.0713252	-0.102469	-0.144982	-0.201781	-0.278053	-0.342823	-0.359369	-0.325161	-0.238006	-0.0900673	0.127991	0.411613	0.733105	1.04806	1.30257	1.47013	1.5372	1.4704	1.26212	0.934392	0.502363	0	
0	0.00133306	0.000388052	0.00197759	0.00191083	-0.000164598	0.00207263	-0.00169382	-0.000776878	-0.00153426	-0.00280408	-0.00156054	-0.00222361	-2.77573e-06	-0.00329192	0.00185133	-0.00310214	-0.0018092	-0.00100633	-0.00154766	-0.00317074	-0.00119409	-0.000819712	9.82773e-06	-0.00673348	-0.0102641	-0.014755	-0.0259597	-0.0479487	-0.0784125	-0.123111	-0.187702	-0.274099	-0.364148	-0.464864	-0.555289	-0.597561	-0.582058	-0.494595	-0.319327	-0.070785	0.207933	0.493882	0.748657	0.944252	1.052	1.05799	0.968265	0.784011	0.531504	0.262782	0.0371001	-0.135922	-0.262066	-0.333809	-0.357415	-0.334617	-0.280022	-0.215942	-0.161534	-0.118973	-0.0711711	-0.0266042	-0.0112754	-0.0297453	-0.0691871	-0.0906819	-0.0760007	-0.0443176	-0.0195275	-0.025801	-0.0586804	-0.0868353	-0.0844883	-0.0537693	-0.0179988	-0.00973925	-0.0421808	-0.0895216	-0.134266	-0.180537	-0.240064	-0.306805	-0.345378	-0.34402	-0.300229	-0.196581	-0.0339997	0.186838	0.471714	0.798326	1.10797	1.34366	1.49314	1.54483	1.46341	1.2487	0.921877	0.49371	0	
0	0.00165466	-0.0027729	0.00257275	-0.00183311	-0.000399753	0.00103866	-0.00250487	0.000699632	-1.28715e-05	-0.00180791	0.00250923	-0.00164322	0.00158726	-0.00135376	-2.96226e-05	-0.00284542	-0.00194973	-0.00147872	-0.00317074	0.00118317	-0.0010176	-0.00308124	-0.00719418	-0.00677687	-0.00883378	-0.0166211	-0.0298629	-0.0504737	-0.0831028	-0.130543	-0.194141	-0.281702	-0.37382	-0.479416	-0.563709	-0.608362	-0.592183	-0.507243	-0.329175	-0.0893437	0.184499	0.466339	0.721104	0.924246	1.0432	1.07184	1.003	0.835833	0.590505	0.324692	0.101152	-0.0824026	-0.219906	-0.304901	-0.345539	-0.34089	-0.308984	-0.254845	-0.20164	-0.149323	-0.086214	-0.0363021	-0.0149379	-0.0273388	-0.0621982	-0.0851148	-0.0809276	-0.0545986	-0.0296418	-0.0377884	-0.0671281	-0.0869852	-0.0799021	-0.0475773	-0.0180703	-0.0172962	-0.0519408	-0.10979	-0.170345	-0.224004	-0.275253	-0.32028	-0.341135	-0.327278	-0.266667	-0.147696	0.0253652	0.252226	0.537095	0.859302	1.1584	1.37729	1.50781	1.54062	1.44705	1.23075	0.905927	0.482261	0	
0	-0.000337374	-0.00212443	1.15381e-05	-0.00392567	0.00052455	-0.00200024	-0.00110496	0.00235582	-0.00154818	0.00139616	0.000850046	-0.00250602	-0.00133444	-0.000750128	-0.00384802	0.000607582	0.000680784	0.000521133	-0.00119409	-0.0010176	-0.00617	-0.00278669	-0.00313832	-0.00377982	-0.00953705	-0.0187885	-0.0325573	-0.051855	-0.0847916	-0.132301	-0.201325	-0.287746	-0.383655	-0.486398	-0.571569	-0.616272	-0.601976	-0.513503	-0.338488	-0.107304	0.16245	0.436659	0.691395	0.894267	1.02729	1.07478	1.02867	0.88013	0.64522	0.391461	0.166418	-0.0249386	-0.171829	-0.269488	-0.322196	-0.341006	-0.330964	-0.289924	-0.242888	-0.178007	-0.106352	-0.0531757	-0.0233162	-0.0288213	-0.0526587	-0.0764606	-0.0860233	-0.065874	-0.0436168	-0.0525339	-0.0737151	-0.0830153	-0.0691571	-0.038261	-0.0234828	-0.0344384	-0.0711434	-0.136252	-0.204868	-0.258879	-0.304052	-0.335246	-0.33493	-0.298177	-0.222154	-0.0933857	0.0901841	0.320972	0.60134	0.916032	1.20236	1.4026	1.51124	1.52489	1.42401	1.20931	0.886902	0.46936	0	
0	-0.000513636	0.00251143	-0.00045618	0.00235847	0.00071092	-0.000132325	0.000143157	-0.00228945	-0.00284083	-0.00288822	-0.00341054	-0.00294478	-0.000203965	-0.000486361	-0.00158117	0.00151242	-0.00371875	-0.0058899	-0.000819712	-0.00308124	-0.00278669	0.00119022	-0.00388577	-0.00856052	-0.012535	-0.0194396	-0.0308712	-0.0512082	-0.0884415	-0.139529	-0.206181	-0.290728	-0.391757	-0.494708	-0.57838	-0.623293	-0.609068	-0.518011	-0.349495	-0.123084	0.139251	0.407568	0.654761	0.858914	1.0013	1.06759	1.04299	0.913254	0.698087	0.458066	0.234038	0.0369725	-0.117866	-0.222998	-0.29007	-0.331616	-0.342399	-0.32221	-0.279498	-0.208929	-0.135169	-0.0757334	-0.0425001	-0.0337515	-0.0416205	-0.0691451	-0.0850671	-0.0737809	-0.0590788	-0.0639707	-0.0793258	-0.0814235	-0.059474	-0.0336117	-0.0349311	-0.053024	-0.0907485	-0.163025	-0.239436	-0.297544	-0.3355	-0.3422	-0.313044	-0.256313	-0.1707	-0.0367829	0.153609	0.392127	0.67189	0.969084	1.23216	1.41597	1.50629	1.50125	1.39521	1.18379	0.865567	0.456804	0	
0	-0.00034646	-0.000231395	-0.0011267	-0.000783949	-0.00159992	-0.00115328	-0.00145025	-1.07388e-05	-0.000848721	0.00113517	0.000346828	-0.00101667	-0.000249653	-0.00387839	-0.0045494	-0.00256711	-0.00608354	-0.00147037	9.82773e-06	-0.00719418	-0.00313832	-0.00388577	-0.0127744	-0.00909558	-0.0105825	-0.0206676	-0.0368814	-0.0581046	-0.0946325	-0.143481	-0.210248	-0.300074	-0.404205	-0.501851	-0.585195	-0.633204	-0.616727	-0.524174	-0.360915	-0.139571	0.116991	0.375886	0.616422	0.818507	0.970406	1.05196	1.04774	0.93993	0.749873	0.526999	0.30434	0.105363	-0.0562114	-0.168293	-0.252854	-0.314753	-0.349644	-0.350687	-0.315001	-0.245849	-0.168141	-0.105474	-0.0626275	-0.0350291	-0.0311348	-0.0568747	-0.0820353	-0.0856752	-0.0781547	-0.0813252	-0.0878098	-0.076111	-0.0451648	-0.0265515	-0.0444179	-0.0757008	-0.125429	-0.201156	-0.273138	-0.330175	-0.354299	-0.332532	-0.28422	-0.21616	-0.116295	0.0291821	0.225483	0.466288	0.736791	1.01052	1.25282	1.42186	1.49104	1.46923	1.36255	1.15517	0.842915	0.445833	0	
0	0.000161197	-0.00183437	-0.000605214	-0.00111511	-0.00257877	0.000332625	-0.00318851	-0.000893581	-0.00234666	-0.00334687	-0.00302516	-0.00423303	-0.0031283	-0.00474032	-0.00144913	-0.00306928	-0.00432124	-0.00198825	-0.00673348	-0.00677687	-0.00377982	-0.00856052	-0.00909558	-0.00533569	-0.0164367	-0.0269356	-0.0383805	-0.0591065	-0.0964206	-0.148046	-0.21646	-0.308941	-0.40916	-0.505774	-0.593002	-0.641698	-0.61884	-0.528636	-0.370587	-0.152892	0.0971283	0.345596	0.576805	0.776252	0.93291	1.02625	1.03884	0.954887	0.794266	0.586981	0.372242	0.173042	0.010933	-0.110193	-0.209694	-0.288013	-0.345812	-0.365488	-0.342581	-0.280139	-0.204896	-0.13955	-0.0869322	-0.0436976	-0.0290434	-0.0515513	-0.0798423	-0.0950787	-0.092555	-0.0916761	-0.0907948	-0.0679178	-0.037021	-0.0303192	-0.0589384	-0.105589	-0.165408	-0.234783	-0.30418	-0.357047	-0.359956	-0.319691	-0.256538	-0.163925	-0.0457753	0.101488	0.294916	0.533853	0.795915	1.04944	1.26646	1.41184	1.46319	1.43523	1.32893	1.12243	0.819449	0.437445	0	
0	0.000153733	-0.00141237	-0.000527926	-0.0012112	-0.00292637	-0.000373136	-0.00509034	-0.00189213	-0.004628	-0.00588597	-0.00311604	-0.0076335	-0.00464603	-0.0061322	-0.00722397	-0.00774495	-0.00770344	-0.00917195	-0.0102641	-0.00883378	-0.00953705	-0.012535	-0.0105825	-0.0164367	-0.0228447	-0.0301208	-0.0414174	-0.0662163	-0.10369	-0.157569	-0.224311	-0.317062	-0.416583	-0.516192	-0.605148	-0.648074	-0.624018	-0.538198	-0.38328	-0.16617	0.074696	0.312405	0.534732	0.730114	0.889126	0.989327	1.01795	0.960852	0.829553	0.641343	0.438527	0.246892	0.0852562	-0.0466844	-0.158317	-0.253499	-0.330546	-0.370645	-0.366368	-0.317566	-0.248545	-0.179171	-0.113071	-0.0563958	-0.0326684	-0.0459758	-0.07698	-0.0999443	-0.102371	-0.103807	-0.0926791	-0.0634158	-0.0379328	-0.0356806	-0.0750548	-0.138085	-0.204643	-0.274281	-0.338351	-0.372775	-0.355976	-0.298768	-0.212503	-0.102265	0.0223732	0.174739	0.368406	0.599769	0.849139	1.07985	1.2662	1.38785	1.43022	1.40046	1.29144	1.08735	0.797805	0.430415	0	
0	-0.000481105	-0.000254635	-0.00107514	-0.00244094	-0.00251929	-0.00453266	-0.00595748	-0.00579436	-0.00782089	-0.00869304	-0.00698108	-0.011554	-0.00910685	-0.0119307	-0.0138433	-0.0134875	-0.0149318	-0.017136	-0.014755	-0.0166211	-0.0187885	-0.0194396	-0.0206676	-0.0269356	-0.0301208	-0.0357623	-0.0520913	-0.0783441	-0.116584	-0.164965	-0.234681	-0.3301	-0.430229	-0.528917	-0.616661	-0.656677	-0.63554	-0.551578	-0.395521	-0.181152	0.0482711	0.278354	0.490535	0.682924	0.837011	0.943628	0.984676	0.956794	0.851019	0.685135	0.500744	0.32272	0.161512	0.0199223	-0.102421	-0.211365	-0.303571	-0.365376	-0.382104	-0.354644	-0.293793	-0.218584	-0.141428	-0.0755904	-0.0443357	-0.048891	-0.0765808	-0.10032	-0.108563	-0.109215	-0.0914874	-0.0647224	-0.044764	-0.0490157	-0.0974571	-0.169467	-0.245236	-0.317977	-0.368281	-0.377218	-0.339594	-0.264616	-0.160118	-0.0397169	0.0921356	0.253665	0.446387	0.661656	0.888239	1.09568	1.25764	1.35785	1.3906	1.35989	1.25236	1.05581	0.778225	0.421036	0	
0	-0.00139172	-0.00574951	-0.00430198	-0.0091781	-0.00696337	-0.0101935	-0.00963671	-0.00979066	-0.013421	-0.0110926	-0.0160454	-0.0171115	-0.0171805	-0.0216858	-0.0218307	-0.021634	-0.0251821	-0.0253231	-0.0259597	-0.0298629	-0.0325573	-0.0308712	-0.0368814	-0.0383805	-0.0414174	-0.0520913	-0.0733857	-0.0929724	-0.127515	-0.180615	-0.257456	-0.347832	-0.444404	-0.546583	-0.633908	-0.672137	-0.651557	-0.567617	-0.409316	-0.202544	0.021081	0.242445	0.44869	0.631639	0.781909	0.888812	0.944251	0.939928	0.85675	0.716316	0.556037	0.396283	0.234416	0.0872462	-0.0453093	-0.162006	-0.268943	-0.348454	-0.39124	-0.388053	-0.335168	-0.257653	-0.170288	-0.102669	-0.0654517	-0.061074	-0.0807697	-0.0985676	-0.109375	-0.106751	-0.0900035	-0.0705548	-0.057289	-0.0724062	-0.126334	-0.201862	-0.286462	-0.359343	-0.389773	-0.37079	-0.311698	-0.218331	-0.10153	0.0232545	0.166375	0.340245	0.523245	0.709933	0.912596	1.10424	1.24262	1.31759	1.3432	1.31754	1.21542	1.02761	0.759481	0.409843	0	
0	-0.00180852	-0.00487991	-0.00619587	-0.00942927	-0.0120837	-0.0143604	-0.0185393	-0.0205993	-0.0244419	-0.0268724	-0.0303505	-0.0312944	-0.035173	-0.0360371	-0.0375128	-0.0410431	-0.0425348	-0.0452828	-0.0479487	-0.0504737	-0.051855	-0.0512082	-0.0581046	-0.0591065	-0.0662163	-0.0783441	-0.0929724	-0.111228	-0.153194	-0.210568	-0.280135	-0.366256	-0.469956	-0.575012	-0.655715	-0.693375	-0.676044	-0.590397	-0.432565	-0.231959	-0.0133508	0.201052	0.399152	0.571996	0.715642	0.821603	0.889782	0.902238	0.840979	0.72928	0.601266	0.460767	0.304392	0.154839	0.0184955	-0.105125	-0.222979	-0.3208	-0.393139	-0.413458	-0.374752	-0.295441	-0.207288	-0.140223	-0.0968559	-0.0843088	-0.0869663	-0.0949969	-0.0992956	-0.0964482	-0.0913018	-0.080899	-0.0830989	-0.107487	-0.158513	-0.236731	-0.322772	-0.389382	-0.402837	-0.357462	-0.273808	-0.162642	-0.0367994	0.0954842	0.247809	0.419308	0.587065	0.75446	0.933769	1.09719	1.20989	1.27275	1.29799	1.27356	1.17745	1.00257	0.743098	0.398508	0	
0	-0.00364008	-0.00861159	-0.012359	-0.0159509	-0.0230459	-0.0238736	-0.0326167	-0.0346414	-0.0394772	-0.0457694	-0.0462713	-0.0536019	-0.0554895	-0.0595073	-0.0662737	-0.0679326	-0.0737584	-0.077641	-0.0784125	-0.0831028	-0.0847916	-0.0884415	-0.0946325	-0.0964206	-0.10369	-0.116584	-0.127515	-0.153194	-0.195544	-0.248507	-0.314045	-0.408074	-0.514242	-0.612226	-0.689548	-0.733506	-0.715957	-0.625381	-0.47004	-0.274114	-0.0582888	0.150901	0.341548	0.504543	0.641639	0.746876	0.82448	0.846996	0.807447	0.727517	0.633533	0.512855	0.366599	0.220105	0.0825584	-0.0468113	-0.174314	-0.291132	-0.389493	-0.432545	-0.406963	-0.332512	-0.25019	-0.1835	-0.137315	-0.113607	-0.0994577	-0.0916906	-0.0837165	-0.0857912	-0.0937264	-0.100938	-0.118061	-0.145703	-0.199384	-0.272023	-0.349247	-0.410936	-0.406888	-0.335096	-0.225252	-0.0959632	0.0349199	0.172583	0.32711	0.489759	0.647837	0.796363	0.938077	1.06814	1.17062	1.23262	1.25057	1.22384	1.14221	0.983111	0.727922	0.38693	0	
0	-0.00838082	-0.0155446	-0.0240565	-0.031497	-0.0385615	-0.0452446	-0.0529442	-0.0568435	-0.0650405	-0.0709783	-0.0754377	-0.0863886	-0.0901021	-0.0983674	-0.105274	-0.108935	-0.114974	-0.119293	-0.123111	-0.130543	-0.132301	-0.139529	-0.143481	-0.148046	-0.157569	-0.164965	-0.180615	-0.210568	-0.248507	-0.297343	-0.369673	-0.465251	-0.566187	-0.65945	-0.743676	-0.788715	-0.765695	-0.672524	-0.524219	-0.328304	-0.114941	0.0914333	0.272051	0.42782	0.556455	0.662704	0.740634	0.770003	0.750389	0.704013	0.640587	0.54256	0.413375	0.277094	0.142779	0.00866669	-0.125894	-0.261146	-0.378265	-0.440188	-0.429321	-0.368465	-0.298581	-0.234462	-0.186151	-0.1516	-0.121664	-0.0923533	-0.0694477	-0.0760296	-0.0996784	-0.12715	-0.156383	-0.18997	-0.244299	-0.308143	-0.374407	-0.418288	-0.393899	-0.302263	-0.168625	-0.0255782	0.112977	0.257553	0.403292	0.552604	0.700552	0.822603	0.926769	1.03289	1.12805	1.18555	1.19894	1.17937	1.1133	0.962523	0.712305	0.380124	0	
0	-0.011358	-0.0259949	-0.0347623	-0.0488477	-0.0587724	-0.0700465	-0.0822416	-0.0921418	-0.105338	-0.114617	-0.126055	-0.136205	-0.142057	-0.153112	-0.158683	-0.165238	-0.174808	-0.180693	-0.187702	-0.194141	-0.201325	-0.206181	-0.210248	-0.21646	-0.224311	-0.234681	-0.257456	-0.280135	-0.314045	-0.369673	-0.44394	-0.53421	-0.632473	-0.730128	-0.816467	-0.857343	-0.830116	-0.743182	-0.5968	-0.399799	-0.186565	0.0130571	0.186833	0.334717	0.458398	0.561234	0.633995	0.667756	0.668576	0.651568	0.61535	0.544201	0.440627	0.323335	0.194768	0.0616344	-0.0824103	-0.229394	-0.359483	-0.436901	-0.443439	-0.409041	-0.355533	-0.297541	-0.246158	-0.200493	-0.152939	-0.098014	-0.0595025	-0.0665644	-0.109106	-0.15915	-0.199645	-0.24233	-0.296241	-0.34671	-0.390018	-0.406921	-0.364966	-0.256936	-0.106091	0.0479401	0.195936	0.340219	0.47668	0.614785	0.737358	0.827157	0.908596	0.994808	1.07468	1.13116	1.153	1.14395	1.0846	0.937958	0.699484	0.380031	0	
0	-0.0167525	-0.0342692	-0.0508342	-0.0698657	-0.086596	-0.105161	-0.12312	-0.13827	-0.156	-0.16927	-0.183728	-0.19692	-0.209791	-0.221893	-0.233325	-0.245883	-0.255002	-0.265594	-0.274099	-0.281702	-0.287746	-0.290728	-0.300074	-0.308941	-0.317062	-0.3301	-0.347832	-0.366256	-0.408074	-0.465251	-0.53421	-0.623531	-0.723935	-0.822315	-0.90781	-0.945473	-0.921228	-0.838379	-0.690772	-0.491477	-0.281945	-0.0873059	0.0818795	0.225386	0.345428	0.440662	0.506813	0.546485	0.565827	0.571235	0.558927	0.51983	0.448587	0.353537	0.235683	0.101191	-0.0505569	-0.206143	-0.344003	-0.430995	-0.46191	-0.455218	-0.419697	-0.367646	-0.309508	-0.253469	-0.188874	-0.113664	-0.0623821	-0.0729704	-0.132195	-0.197353	-0.250776	-0.296522	-0.343399	-0.38201	-0.396342	-0.380627	-0.319438	-0.2008	-0.0442736	0.121774	0.282815	0.425881	0.551793	0.664189	0.749468	0.817203	0.885337	0.950182	1.01603	1.07649	1.1108	1.11213	1.05698	0.915713	0.689503	0.379756	0	
0	-0.0265853	-0.054857	-0.0796007	-0.105171	-0.130351	-0.151167	-0.175392	-0.194893	-0.215156	-0.235432	-0.252425	-0.272189	-0.287581	-0.304831	-0.32105	-0.332813	-0.34693	-0.357287	-0.364148	-0.37382	-0.383655	-0.391757	-0.404205	-0.40916	-0.416583	-0.430229	-0.444404	-0.469956	-0.514242	-0.566187	-0.632473	-0.723935	-0.82317	-0.924292	-1.00754	-1.04437	-1.02326	-0.943895	-0.792126	-0.594734	-0.388599	-0.197942	-0.0301004	0.109737	0.223419	0.306612	0.36639	0.410212	0.439623	0.455224	0.465025	0.458637	0.422345	0.35326	0.249486	0.119171	-0.0359842	-0.191178	-0.327879	-0.423714	-0.478801	-0.501051	-0.486858	-0.442439	-0.382572	-0.318807	-0.239467	-0.15069	-0.0908785	-0.099501	-0.164681	-0.240438	-0.300382	-0.346505	-0.390541	-0.410841	-0.394016	-0.349597	-0.264587	-0.134474	0.0277506	0.204602	0.368371	0.504582	0.61521	0.696235	0.750381	0.798094	0.847995	0.899375	0.959821	1.02256	1.07003	1.08365	1.03227	0.897863	0.681003	0.375671	0	
0	-0.0348165	-0.0685454	-0.102697	-0.135961	-0.167552	-0.198818	-0.229625	-0.256276	-0.285937	-0.311097	-0.334972	-0.36008	-0.379266	-0.398082	-0.414544	-0.427402	-0.440771	-0.452571	-0.464864	-0.479416	-0.486398	-0.494708	-0.501851	-0.505774	-0.516192	-0.528917	-0.546583	-0.575012	-0.612226	-0.65945	-0.730128	-0.822315	-0.924292	-1.02408	-1.1044	-1.14382	-1.13242	-1.05119	-0.89954	-0.706744	-0.507232	-0.317092	-0.151555	-0.0166034	0.0862984	0.157586	0.213618	0.258477	0.287121	0.308541	0.339644	0.367859	0.366401	0.326228	0.24309	0.119396	-0.0309875	-0.182141	-0.31734	-0.424627	-0.505971	-0.554679	-0.561538	-0.527939	-0.468606	-0.396006	-0.306157	-0.210217	-0.145023	-0.150172	-0.2112	-0.28731	-0.352317	-0.399232	-0.433828	-0.434549	-0.390732	-0.309753	-0.193091	-0.0532321	0.107933	0.282479	0.443416	0.573742	0.665016	0.719006	0.745726	0.761748	0.792588	0.846435	0.909902	0.974389	1.03173	1.05365	1.0096	0.887028	0.673735	0.366486	0	
0	-0.0404026	-0.08294	-0.121816	-0.162753	-0.202622	-0.239727	-0.278746	-0.313146	-0.347293	-0.378051	-0.405243	-0.431638	-0.451267	-0.474233	-0.492707	-0.51009	-0.529365	-0.543595	-0.555289	-0.563709	-0.571569	-0.57838	-0.585195	-0.593002	-0.605148	-0.616661	-0.633908	-0.655715	-0.689548	-0.743676	-0.816467	-0.90781	-1.00754	-1.1044	-1.187	-1.23886	-1.22811	-1.14409	-0.997473	-0.815003	-0.616512	-0.425977	-0.263714	-0.136344	-0.0452845	0.0186808	0.0709646	0.108715	0.127892	0.150545	0.201044	0.25553	0.28366	0.272685	0.210169	0.100972	-0.0405897	-0.184021	-0.320404	-0.443795	-0.54495	-0.614854	-0.640285	-0.618751	-0.563232	-0.485022	-0.389246	-0.294398	-0.231747	-0.23031	-0.281242	-0.35194	-0.413042	-0.453649	-0.470597	-0.443272	-0.370033	-0.261075	-0.124509	0.0263522	0.190339	0.358607	0.512956	0.632937	0.70217	0.728531	0.722623	0.708901	0.731702	0.794305	0.866337	0.934138	0.991388	1.02028	0.994348	0.882568	0.663822	0.354009	0	
0	-0.0469835	-0.0937388	-0.139181	-0.185154	-0.227276	-0.269092	-0.308842	-0.342979	-0.379298	-0.409458	-0.439242	-0.46886	-0.494661	-0.519826	-0.541819	-0.560258	-0.575522	-0.587095	-0.597561	-0.608362	-0.616272	-0.623293	-0.633204	-0.641698	-0.648074	-0.656677	-0.672137	-0.693375	-0.733506	-0.788715	-0.857343	-0.945473	-1.04437	-1.14382	-1.23886	-1.29255	-1.27737	-1.19884	-1.06787	-0.889228	-0.689462	-0.502197	-0.347486	-0.230331	-0.148058	-0.0905443	-0.0467636	-0.0260086	-0.0222123	0.00060444	0.0604228	0.130806	0.180713	0.195309	0.157512	0.0669723	-0.0577177	-0.193773	-0.337676	-0.474463	-0.589865	-0.672614	-0.712281	-0.707639	-0.662112	-0.587508	-0.499816	-0.416126	-0.359315	-0.351632	-0.382124	-0.430059	-0.475768	-0.498707	-0.491427	-0.442102	-0.349783	-0.221782	-0.0639189	0.10714	0.276658	0.437193	0.578536	0.675089	0.713927	0.712115	0.683782	0.657521	0.674908	0.738836	0.821511	0.896038	0.954585	0.99594	0.983355	0.870201	0.651949	0.351071	0	
0	-0.0451276	-0.0909046	-0.13412	-0.17661	-0.218604	-0.256652	-0.296197	-0.332067	-0.367682	-0.40131	-0.431701	-0.46172	-0.484206	-0.50838	-0.52666	-0.54209	-0.558387	-0.571197	-0.582058	-0.592183	-0.601976	-0.609068	-0.616727	-0.61884	-0.624018	-0.63554	-0.651557	-0.676044	-0.715957	-0.765695	-0.830116	-0.921228	-1.02326	-1.13242	-1.22811	-1.27737	-1.26757	-1.20931	-1.08517	-0.905335	-0.709567	-0.532496	-0.386959	-0.277799	-0.203459	-0.153717	-0.127094	-0.129152	-0.139535	-0.12245	-0.063144	0.0101412	0.0751478	0.113916	0.102043	0.039795	-0.0650221	-0.197126	-0.351933	-0.503776	-0.629421	-0.72283	-0.780612	-0.797013	-0.770583	-0.713544	-0.640326	-0.569233	-0.517503	-0.49723	-0.504277	-0.527625	-0.547813	-0.546752	-0.515831	-0.439973	-0.325538	-0.182715	-0.00823578	0.181836	0.361249	0.512031	0.624803	0.689303	0.701873	0.677794	0.638066	0.609056	0.617674	0.67664	0.772097	0.864132	0.933969	0.97932	0.961526	0.848014	0.646839	0.359577	0	
0	-0.0323514	-0.0647676	-0.097234	-0.131087	-0.16347	-0.196854	-0.230415	-0.259999	-0.292325	-0.319741	-0.345928	-0.372136	-0.393797	-0.415468	-0.434913	-0.451461	-0.468887	-0.481336	-0.494595	-0.507243	-0.513503	-0.518011	-0.524174	-0.528636	-0.538198	-0.551578	-0.567617	-0.590397	-0.625381	-0.672524	-0.743182	-0.838379	-0.943895	-1.05119	-1.14409	-1.19884	-1.20931	-1.15975	-1.03377	-0.858459	-0.675347	-0.507081	-0.366012	-0.263414	-0.194002	-0.156581	-0.150148	-0.171188	-0.193838	-0.186735	-0.141333	-0.0737827	-0.00139312	0.0546861	0.0699427	0.0341105	-0.0540841	-0.18919	-0.359661	-0.523629	-0.657936	-0.760649	-0.832215	-0.86981	-0.870154	-0.841298	-0.795553	-0.743707	-0.698085	-0.673126	-0.661497	-0.653422	-0.637026	-0.598422	-0.533048	-0.431487	-0.301704	-0.147732	0.0391025	0.241061	0.425114	0.564872	0.651787	0.686247	0.671675	0.627907	0.579748	0.548852	0.557809	0.622438	0.729914	0.837432	0.916829	0.957622	0.936071	0.834272	0.644711	0.358498	0	
0	-0.0141672	-0.0285383	-0.0433763	-0.0575684	-0.0740648	-0.0888534	-0.106304	-0.122961	-0.14116	-0.159233	-0.177455	-0.197798	-0.21403	-0.235742	-0.253543	-0.271932	-0.290784	-0.305908	-0.319327	-0.329175	-0.338488	-0.349495	-0.360915	-0.370587	-0.38328	-0.395521	-0.409316	-0.432565	-0.47004	-0.524219	-0.5968	-0.690772	-0.792126	-0.89954	-0.997473	-1.06787	-1.08517	-1.03377	-0.911655	-0.750446	-0.576202	-0.409426	-0.27248	-0.172583	-0.110584	-0.0882508	-0.100599	-0.135417	-0.170342	-0.185489	-0.162491	-0.109815	-0.0384462	0.0310015	0.0694568	0.0595709	-0.0159319	-0.153794	-0.331596	-0.503436	-0.645428	-0.757685	-0.845873	-0.909289	-0.948653	-0.967285	-0.960381	-0.931815	-0.895968	-0.866372	-0.838	-0.799017	-0.736145	-0.650535	-0.549742	-0.425239	-0.282136	-0.120884	0.0674005	0.271617	0.461974	0.597195	0.660417	0.662763	0.619287	0.55521	0.500207	0.479755	0.508495	0.584455	0.6922	0.803292	0.891044	0.937073	0.922655	0.82826	0.633817	0.343304	0	
