0	0	0	0	0	0	0	0	0	0	0	0	0	0	0	0	0	0	0	0	0	0	0	0	0	0	0	0	0	0	0	0	0	0	0	0	0	0	0	0	0	0	0	0	0	0	0	0	0	0	0	0	0	0	0	0	0	0	0	0	0	0	0	0	0	0	0	0	0	0	0	0	0	0	0	0	0	0	0	0	0	0	0	0	0	0	0	0	0	0	0	0	0	0	0	0	0	0	0	0	
0	0.0184988	0.0341376	0.0472834	0.0569442	0.0658177	0.0729821	0.0791598	0.0838814	0.0854794	0.0836931	0.0776186	0.0738149	0.0762386	0.0910753	0.112349	0.135472	0.155051	0.169735	0.182312	0.188642	0.189753	0.184214	0.17444	0.160798	0.146512	0.131111	0.117166	0.100396	0.0806307	0.0615736	0.0446071	0.0278018	0.00709926	-0.0141416	-0.0335137	-0.0535919	-0.0757865	-0.10076	-0.12849	-0.156064	-0.188068	-0.222979	-0.255283	-0.283112	-0.300219	-0.304584	-0.295669	-0.271601	-0.231922	-0.186563	-0.139113	-0.0882352	-0.035727	0.011783	0.0563956	0.0948968	0.123996	0.143858	0.158916	0.170586	0.181574	0.188272	0.189096	0.18453	0.172815	0.157004	0.14111	0.12418	0.107241	0.0963619	0.0900876	0.0833949	0.0743232	0.0646676	0.0531898	0.0433433	0.0349573	0.0206861	0.000396679	-0.0244702	-0.0524864	-0.0827259	-0.115093	-0.14938	-0.182336	-0.215139	-0.246584	-0.266317	-0.278255	-0.288312	-0.290508	-0.27907	-0.256418	-0.229645	-0.195494	-0.153088	-0.104691	-0.0508218	0	
0	0.0341376	0.0632887	0.086149	0.103019	0.117838	0.128702	0.138652	0.144239	0.144416	0.137709	0.122219	0.111779	0.114606	0.140661	0.183354	0.227322	0.26754	0.298348	0.324353	0.340809	0.345079	0.337733	0.320755	0.297219	0.270327	0.242606	0.217116	0.184918	0.147361	0.110986	0.0754971	0.0419237	0.000797687	-0.0445046	-0.0819069	-0.119868	-0.163878	-0.210379	-0.261048	-0.31401	-0.373836	-0.436471	-0.497059	-0.549122	-0.582782	-0.591015	-0.57381	-0.527067	-0.456399	-0.374083	-0.286294	-0.19149	-0.0978942	-0.0120414	0.0694942	0.142013	0.195109	0.233168	0.263495	0.289158	0.315967	0.333513	0.343598	0.340429	0.325879	0.301674	0.276549	0.250511	0.220826	0.20496	0.194876	0.183587	0.167074	0.146221	0.122522	0.0996387	0.0795042	0.0476851	0.00375893	-0.0476964	-0.104587	-0.163203	-0.225987	-0.290659	-0.349541	-0.409073	-0.464726	-0.499519	-0.52043	-0.532041	-0.531571	-0.510988	-0.46605	-0.414316	-0.352601	-0.27459	-0.187738	-0.0928849	0	
0	0.0472834	0.086149	0.116067	0.135874	0.151929	0.162862	0.170269	0.172607	0.165923	0.149073	0.120796	0.099701	0.0986512	0.134857	0.192868	0.258103	0.315443	0.360612	0.400768	0.425153	0.435576	0.427824	0.408352	0.378081	0.344788	0.308247	0.274117	0.230344	0.176763	0.122841	0.0731704	0.0237599	-0.0370239	-0.0993101	-0.154388	-0.209111	-0.267672	-0.331218	-0.400048	-0.467156	-0.545728	-0.631775	-0.712374	-0.782582	-0.826359	-0.837624	-0.815593	-0.755758	-0.657607	-0.547282	-0.434559	-0.31524	-0.192666	-0.0821784	0.022476	0.114604	0.185373	0.23691	0.281072	0.323314	0.369942	0.40944	0.43691	0.450199	0.444243	0.425478	0.404342	0.377419	0.34677	0.329244	0.320074	0.305508	0.279435	0.24696	0.206008	0.16722	0.13155	0.0796918	0.0120428	-0.0659852	-0.148821	-0.233295	-0.319228	-0.405142	-0.483492	-0.559035	-0.62809	-0.66502	-0.681999	-0.695279	-0.691507	-0.655898	-0.594463	-0.527401	-0.446266	-0.347685	-0.236755	-0.113752	0	
0	0.0569442	0.103019	0.135874	0.155391	0.169794	0.175963	0.178824	0.172618	0.155347	0.124201	0.0781481	0.0416536	0.032968	0.0707452	0.14245	0.220798	0.293316	0.350256	0.400018	0.433438	0.446591	0.439568	0.415873	0.380754	0.340214	0.297693	0.258475	0.207105	0.143547	0.0806731	0.0196696	-0.0389966	-0.11094	-0.18849	-0.252115	-0.313383	-0.381426	-0.452517	-0.528324	-0.605886	-0.695576	-0.792207	-0.887707	-0.971132	-1.02488	-1.03836	-1.01225	-0.938886	-0.828319	-0.703667	-0.576445	-0.441384	-0.309618	-0.191292	-0.0777857	0.0248048	0.102199	0.160857	0.216285	0.275802	0.347817	0.413402	0.470868	0.508721	0.525131	0.522884	0.514977	0.498764	0.471372	0.459972	0.452637	0.435939	0.40173	0.353518	0.295223	0.236578	0.183018	0.111061	0.0200048	-0.0791413	-0.181002	-0.279889	-0.377857	-0.472404	-0.552603	-0.630707	-0.701465	-0.735796	-0.748166	-0.752182	-0.742254	-0.703433	-0.631713	-0.556517	-0.471326	-0.364987	-0.247752	-0.120599	0	
0	0.0658177	0.117838	0.151929	0.169794	0.178721	0.179286	0.172717	0.156103	0.12463	0.0758016	0.0103972	-0.0441469	-0.0645094	-0.0266435	0.050118	0.139529	0.218773	0.280593	0.333819	0.36586	0.377626	0.363642	0.333597	0.290322	0.242983	0.195319	0.152451	0.0975094	0.030304	-0.0372938	-0.09833	-0.156082	-0.229375	-0.304701	-0.366816	-0.42501	-0.488062	-0.556688	-0.632265	-0.70736	-0.801132	-0.906914	-1.01046	-1.10318	-1.16372	-1.18076	-1.15365	-1.07754	-0.954785	-0.820211	-0.689137	-0.556174	-0.423906	-0.307587	-0.198409	-0.100835	-0.026338	0.0322214	0.0923285	0.166422	0.261839	0.359078	0.449896	0.522679	0.569025	0.593559	0.608375	0.607184	0.591377	0.584754	0.580198	0.559097	0.512126	0.447626	0.367366	0.289947	0.220232	0.133143	0.0295957	-0.0806345	-0.187665	-0.28753	-0.382031	-0.468764	-0.541733	-0.61205	-0.673423	-0.695762	-0.698002	-0.701049	-0.691505	-0.649637	-0.58014	-0.511133	-0.432566	-0.337126	-0.229098	-0.108043	0	
0	0.0729821	0.128702	0.162862	0.175963	0.179286	0.170827	0.155186	0.125305	0.0788956	0.0108596	-0.0749774	-0.149293	-0.182536	-0.150388	-0.0702704	0.0228044	0.105921	0.167321	0.217127	0.24474	0.246677	0.22321	0.180285	0.125298	0.0681843	0.01316	-0.0329998	-0.0875015	-0.153901	-0.216008	-0.268409	-0.314899	-0.374033	-0.436179	-0.481904	-0.522668	-0.569569	-0.624496	-0.687855	-0.757485	-0.847923	-0.955603	-1.06945	-1.17389	-1.24406	-1.26728	-1.2438	-1.16371	-1.03959	-0.903366	-0.773024	-0.641237	-0.51704	-0.412207	-0.314339	-0.227603	-0.162649	-0.112592	-0.0536372	0.0296986	0.145081	0.270606	0.39563	0.50333	0.583225	0.63719	0.676863	0.694207	0.68972	0.690199	0.68596	0.660244	0.601855	0.519274	0.421548	0.327138	0.245911	0.152528	0.0441386	-0.0634069	-0.162259	-0.249878	-0.327251	-0.394933	-0.446871	-0.498958	-0.547853	-0.560166	-0.554197	-0.55333	-0.548005	-0.516351	-0.458113	-0.404442	-0.345366	-0.267908	-0.180463	-0.0849271	0	
0	0.0791598	0.138652	0.170269	0.178824	0.172717	0.155186	0.126539	0.0826784	0.0182004	-0.069837	-0.177035	-0.271256	-0.318331	-0.292801	-0.212798	-0.116331	-0.0332966	0.02642	0.0698246	0.0877709	0.0795293	0.0410302	-0.0157213	-0.0834058	-0.152978	-0.213635	-0.26221	-0.3153	-0.374401	-0.426707	-0.465081	-0.491109	-0.528491	-0.565699	-0.585424	-0.596698	-0.616251	-0.646416	-0.690534	-0.74545	-0.832337	-0.941943	-1.06145	-1.17599	-1.26064	-1.29646	-1.27963	-1.20544	-1.08169	-0.944703	-0.815861	-0.692786	-0.578487	-0.483128	-0.399453	-0.327643	-0.278454	-0.240004	-0.188915	-0.103813	0.0236996	0.170164	0.323836	0.461844	0.571735	0.65433	0.717207	0.752697	0.761408	0.767687	0.765858	0.736567	0.669317	0.574642	0.462709	0.35938	0.273828	0.181469	0.0808319	-0.0163176	-0.0987374	-0.164603	-0.219392	-0.261749	-0.291692	-0.326498	-0.357386	-0.357568	-0.347855	-0.34769	-0.347418	-0.326646	-0.284751	-0.249662	-0.215646	-0.171356	-0.116412	-0.0517464	0	
0	0.0838814	0.144239	0.172607	0.172618	0.156103	0.125305	0.0826784	0.0207348	-0.0620621	-0.172835	-0.30021	-0.414124	-0.474684	-0.455492	-0.37627	-0.277129	-0.19241	-0.134861	-0.0970472	-0.0859607	-0.105246	-0.153014	-0.220637	-0.298844	-0.373928	-0.439404	-0.488909	-0.536521	-0.588482	-0.63002	-0.649278	-0.654983	-0.665102	-0.672057	-0.660705	-0.642154	-0.628843	-0.631427	-0.650653	-0.689015	-0.761457	-0.868459	-0.996909	-1.12578	-1.22308	-1.27163	-1.2674	-1.20008	-1.08161	-0.947719	-0.823427	-0.705023	-0.597402	-0.512597	-0.440819	-0.383725	-0.346692	-0.322672	-0.283073	-0.201597	-0.072125	0.0874209	0.257	0.415535	0.545867	0.647785	0.728403	0.77646	0.797361	0.810807	0.813028	0.787266	0.719897	0.621818	0.508526	0.405393	0.323821	0.24204	0.152673	0.0711237	0.00705716	-0.0420791	-0.076431	-0.0981827	-0.110595	-0.128178	-0.147158	-0.138965	-0.119884	-0.118353	-0.123911	-0.112389	-0.0887923	-0.0779336	-0.07007	-0.0537464	-0.0327145	-0.010196	0	
0	0.0854794	0.144416	0.165923	0.155347	0.12463	0.0788956	0.0182004	-0.0620621	-0.167506	-0.299657	-0.448794	-0.581319	-0.653679	-0.642319	-0.562006	-0.458812	-0.370251	-0.308739	-0.27224	-0.26345	-0.285342	-0.338511	-0.411192	-0.492108	-0.571723	-0.635372	-0.681125	-0.721442	-0.761211	-0.787314	-0.792315	-0.778194	-0.765362	-0.748438	-0.712215	-0.662039	-0.619977	-0.593666	-0.587738	-0.60777	-0.672346	-0.774764	-0.90333	-1.03721	-1.14867	-1.21203	-1.21626	-1.15592	-1.04358	-0.911877	-0.786925	-0.672063	-0.571336	-0.490028	-0.425089	-0.375897	-0.350373	-0.337315	-0.308455	-0.236201	-0.111015	0.047276	0.22124	0.383489	0.518557	0.627047	0.710539	0.76478	0.793003	0.813634	0.826034	0.81149	0.7574	0.670521	0.568251	0.477825	0.408034	0.339235	0.264405	0.194595	0.14124	0.105185	0.081646	0.0715921	0.0702461	0.0608923	0.0531536	0.0670234	0.0852528	0.0896772	0.0849451	0.0864679	0.0969323	0.0952582	0.0778372	0.0577322	0.0419316	0.0265484	0	
0	0.0836931	0.137709	0.149073	0.124201	0.0758016	0.0108596	-0.069837	-0.172835	-0.299657	-0.454927	-0.621792	-0.768523	-0.849508	-0.839035	-0.755745	-0.643419	-0.54594	-0.477252	-0.437512	-0.42592	-0.447569	-0.498068	-0.567771	-0.64585	-0.718317	-0.775332	-0.814033	-0.843652	-0.871712	-0.888008	-0.877747	-0.85008	-0.818505	-0.780294	-0.723704	-0.656902	-0.59362	-0.548403	-0.524474	-0.531176	-0.57986	-0.6758	-0.806066	-0.946573	-1.06227	-1.13016	-1.13843	-1.08103	-0.968095	-0.833195	-0.705535	-0.589837	-0.487306	-0.40588	-0.343366	-0.299842	-0.279032	-0.273663	-0.255927	-0.194548	-0.0829923	0.0670294	0.2294	0.380935	0.505124	0.602902	0.677656	0.72533	0.756008	0.782073	0.805769	0.810304	0.778559	0.714014	0.634971	0.56608	0.513904	0.462858	0.402206	0.342112	0.295281	0.260625	0.23905	0.231737	0.229395	0.222598	0.218308	0.232966	0.255317	0.259498	0.251131	0.247439	0.241665	0.220137	0.185406	0.146483	0.105643	0.0578541	0	
0	0.0776186	0.122219	0.120796	0.0781481	0.0103972	-0.0749774	-0.177035	-0.30021	-0.448794	-0.621792	-0.80292	-0.958685	-1.04108	-1.02938	-0.936228	-0.810986	-0.69778	-0.613526	-0.562651	-0.540856	-0.553475	-0.595731	-0.657839	-0.72818	-0.793415	-0.842143	-0.871945	-0.890263	-0.905339	-0.907429	-0.88658	-0.850068	-0.806225	-0.758078	-0.693429	-0.614913	-0.54033	-0.48327	-0.447982	-0.449119	-0.495825	-0.589905	-0.718382	-0.856849	-0.975466	-1.04589	-1.05062	-0.985091	-0.865196	-0.720186	-0.579158	-0.453171	-0.345619	-0.259382	-0.193402	-0.149947	-0.132975	-0.134925	-0.12683	-0.0807634	0.0124897	0.14269	0.282967	0.409478	0.507858	0.581761	0.632083	0.664566	0.689135	0.717542	0.753823	0.780151	0.77908	0.744933	0.697088	0.655913	0.623822	0.589606	0.54168	0.487842	0.441314	0.406006	0.382391	0.371979	0.367035	0.35853	0.35287	0.360544	0.372718	0.371087	0.357536	0.341409	0.32361	0.295367	0.246586	0.18895	0.13215	0.068702	0	
0	0.0738149	0.111779	0.099701	0.0416536	-0.0441469	-0.149293	-0.271256	-0.414124	-0.581319	-0.768523	-0.958685	-1.11471	-1.19306	-1.17002	-1.06302	-0.91711	-0.783135	-0.678098	-0.611898	-0.576996	-0.578395	-0.609046	-0.660365	-0.719069	-0.773541	-0.811374	-0.832556	-0.842197	-0.847715	-0.842163	-0.816102	-0.774747	-0.723841	-0.667496	-0.597575	-0.5168	-0.440633	-0.38103	-0.344948	-0.34728	-0.392577	-0.488916	-0.620631	-0.763525	-0.882908	-0.950944	-0.945177	-0.868114	-0.731615	-0.566589	-0.403935	-0.260467	-0.13945	-0.0421107	0.0275103	0.0690366	0.0785279	0.0653898	0.0565301	0.078066	0.142653	0.243816	0.351789	0.44483	0.510454	0.553724	0.575342	0.58749	0.603034	0.630408	0.676065	0.722248	0.749192	0.745973	0.729254	0.716705	0.706866	0.691253	0.660791	0.617125	0.573845	0.538945	0.51155	0.494939	0.480424	0.462589	0.448717	0.443524	0.442066	0.428596	0.404631	0.375922	0.341881	0.302737	0.249788	0.190787	0.133005	0.0677012	0	
0	0.0762386	0.114606	0.0986512	0.032968	-0.0645094	-0.182536	-0.318331	-0.474684	-0.653679	-0.849508	-1.04108	-1.19306	-1.26049	-1.22559	-1.10059	-0.935717	-0.777052	-0.649815	-0.564739	-0.513047	-0.500761	-0.51778	-0.555486	-0.605385	-0.648338	-0.679434	-0.695161	-0.698362	-0.696287	-0.685695	-0.654345	-0.614756	-0.561181	-0.503992	-0.433958	-0.356693	-0.281029	-0.221909	-0.186954	-0.196887	-0.248919	-0.352514	-0.492278	-0.640553	-0.764018	-0.830912	-0.819064	-0.726386	-0.570125	-0.380294	-0.18875	-0.0190072	0.123127	0.232373	0.309264	0.346783	0.34355	0.309665	0.272787	0.258687	0.28127	0.342501	0.40881	0.462108	0.492849	0.503158	0.495745	0.487413	0.490552	0.514998	0.564827	0.625006	0.676711	0.700468	0.715489	0.73292	0.746913	0.755586	0.746981	0.719251	0.685189	0.653057	0.624631	0.601004	0.573691	0.544047	0.514627	0.487018	0.464318	0.432998	0.395027	0.355039	0.312313	0.270078	0.218397	0.164556	0.112872	0.0543404	0	
0	0.0910753	0.140661	0.134857	0.0707452	-0.0266435	-0.150388	-0.292801	-0.455492	-0.642319	-0.839035	-1.02938	-1.17002	-1.22559	-1.17411	-1.03491	-0.849623	-0.671656	-0.524012	-0.423026	-0.36067	-0.337701	-0.34436	-0.374306	-0.412469	-0.44847	-0.472085	-0.482214	-0.482074	-0.476638	-0.46001	-0.43186	-0.39442	-0.342154	-0.28451	-0.217938	-0.142942	-0.0727874	-0.0165413	0.0133735	-0.002108	-0.0616802	-0.176614	-0.323577	-0.479384	-0.609783	-0.682941	-0.663785	-0.558781	-0.38348	-0.168759	0.0543582	0.255633	0.420343	0.547443	0.63038	0.662458	0.638994	0.574881	0.500645	0.435143	0.405062	0.413761	0.431318	0.442953	0.438222	0.420731	0.388108	0.362548	0.354826	0.372034	0.420832	0.486233	0.551481	0.597449	0.638748	0.685329	0.729554	0.766878	0.791618	0.792	0.773936	0.754221	0.726868	0.692107	0.650108	0.601453	0.550276	0.498711	0.450717	0.402094	0.354403	0.303807	0.255283	0.216649	0.171156	0.124823	0.0847384	0.0403273	0	
0	0.112349	0.183354	0.192868	0.14245	0.050118	-0.0702704	-0.212798	-0.37627	-0.562006	-0.755745	-0.936228	-1.06302	-1.10059	-1.03491	-0.879121	-0.681835	-0.485727	-0.324636	-0.213613	-0.144659	-0.118376	-0.122019	-0.14516	-0.181969	-0.21118	-0.231388	-0.240353	-0.238275	-0.22805	-0.21088	-0.180225	-0.146788	-0.0964994	-0.0402787	0.0263543	0.0940899	0.158411	0.211683	0.237245	0.213043	0.145848	0.0260474	-0.131411	-0.298304	-0.438098	-0.512518	-0.494426	-0.382448	-0.192419	0.0435157	0.29406	0.522679	0.713324	0.854421	0.944058	0.968264	0.922991	0.827269	0.708946	0.590647	0.501567	0.455249	0.422705	0.391816	0.357317	0.313423	0.260765	0.22066	0.198828	0.207458	0.247422	0.308481	0.380194	0.439308	0.503659	0.578898	0.65206	0.724664	0.787366	0.820787	0.829563	0.825314	0.803612	0.764856	0.707865	0.642875	0.5726	0.49662	0.427505	0.362397	0.303298	0.248518	0.196993	0.156314	0.119651	0.0885599	0.0587194	0.0244329	0	
0	0.135472	0.227322	0.258103	0.220798	0.139529	0.0228044	-0.116331	-0.277129	-0.458812	-0.643419	-0.810986	-0.91711	-0.935717	-0.849623	-0.681835	-0.469668	-0.261434	-0.0890444	0.0302326	0.0990757	0.124425	0.119866	0.092216	0.0559764	0.0240441	0.00138447	-0.00858608	-0.00855724	0.00169599	0.0252918	0.0556036	0.0881854	0.137697	0.194938	0.259138	0.32365	0.383942	0.434035	0.454812	0.426268	0.351482	0.217629	0.0525559	-0.119361	-0.265414	-0.351095	-0.335509	-0.219258	-0.0211108	0.227028	0.49635	0.747708	0.952406	1.10253	1.19358	1.20937	1.14255	1.01624	0.862425	0.697024	0.559169	0.464618	0.38864	0.324488	0.263805	0.199417	0.130221	0.0754998	0.0411212	0.0374226	0.0657395	0.118527	0.187225	0.255745	0.335782	0.430649	0.529764	0.628756	0.724902	0.792731	0.826333	0.845068	0.837783	0.799856	0.742623	0.674074	0.593095	0.503605	0.41792	0.33931	0.270809	0.207661	0.15407	0.115143	0.0801021	0.0535179	0.0338926	0.0134033	0	
0	0.155051	0.26754	0.315443	0.293316	0.218773	0.105921	-0.0332966	-0.19241	-0.370251	-0.54594	-0.69778	-0.783135	-0.777052	-0.671656	-0.485727	-0.261434	-0.0384805	0.145318	0.271494	0.340461	0.362459	0.35065	0.31905	0.275603	0.238699	0.211663	0.194711	0.189046	0.196987	0.218957	0.248494	0.279722	0.327916	0.388833	0.457829	0.523604	0.580696	0.629583	0.646908	0.613113	0.529472	0.393643	0.221474	0.0375728	-0.120614	-0.210682	-0.200812	-0.087376	0.112661	0.364666	0.640575	0.898987	1.10973	1.25698	1.33966	1.34016	1.25242	1.10404	0.924258	0.729387	0.560328	0.434991	0.332428	0.246376	0.169915	0.0905861	0.0088318	-0.0565794	-0.102985	-0.115567	-0.0959714	-0.0526341	0.0130294	0.0847814	0.171137	0.275102	0.382038	0.492937	0.607758	0.696918	0.755238	0.796955	0.809713	0.789596	0.745093	0.685757	0.610854	0.522429	0.433338	0.348871	0.273976	0.205732	0.144234	0.0961251	0.0614818	0.0392268	0.0209967	0.00554771	0	
0	0.169735	0.298348	0.360612	0.350256	0.280593	0.167321	0.02642	-0.134861	-0.308739	-0.477252	-0.613526	-0.678098	-0.649815	-0.524012	-0.324636	-0.0890444	0.145318	0.339518	0.474861	0.546324	0.567298	0.553508	0.517108	0.469447	0.425819	0.390175	0.363866	0.347242	0.347648	0.366611	0.393636	0.422404	0.468117	0.530102	0.602396	0.668607	0.727986	0.781033	0.801228	0.769963	0.684664	0.540669	0.359388	0.171222	0.0076107	-0.0936818	-0.0964137	0.00921945	0.201352	0.446378	0.717554	0.972281	1.1721	1.30346	1.36817	1.34988	1.24128	1.07626	0.883579	0.678868	0.500183	0.364468	0.253976	0.161787	0.0808983	-0.0063257	-0.0939863	-0.167591	-0.221497	-0.238218	-0.223522	-0.183858	-0.121815	-0.0483433	0.0387296	0.13788	0.238995	0.342652	0.455307	0.551277	0.62194	0.683113	0.719339	0.722154	0.704851	0.673716	0.621099	0.54748	0.4662	0.384786	0.307605	0.237671	0.175825	0.120094	0.0769984	0.0519167	0.0316221	0.0122072	0	
0	0.182312	0.324353	0.400768	0.400018	0.333819	0.217127	0.0698246	-0.0970472	-0.27224	-0.437512	-0.562651	-0.611898	-0.564739	-0.423026	-0.213613	0.0302326	0.271494	0.474861	0.617731	0.691273	0.711704	0.694851	0.65539	0.605637	0.558492	0.519789	0.487414	0.463572	0.455528	0.468231	0.488306	0.50927	0.546943	0.608242	0.682064	0.752581	0.816396	0.872186	0.897835	0.872978	0.790116	0.651214	0.474622	0.282464	0.110016	-0.00158089	-0.0180538	0.0731315	0.250197	0.478257	0.729302	0.966596	1.14935	1.25968	1.30064	1.25912	1.13453	0.959635	0.764431	0.562781	0.38865	0.257855	0.152278	0.0682475	-0.00740724	-0.0906809	-0.174809	-0.249112	-0.301976	-0.318859	-0.303558	-0.266843	-0.210294	-0.139478	-0.0604423	0.0251779	0.107715	0.191172	0.288461	0.379598	0.456459	0.530751	0.588255	0.618403	0.631064	0.628967	0.604082	0.55868	0.499773	0.431131	0.36336	0.30203	0.241625	0.181582	0.131876	0.0936462	0.0588263	0.0275889	0	
0	0.188642	0.340809	0.425153	0.433438	0.36586	0.24474	0.0877709	-0.0859607	-0.26345	-0.42592	-0.540856	-0.576996	-0.513047	-0.36067	-0.144659	0.0990757	0.340461	0.546324	0.691273	0.765529	0.78485	0.76495	0.725644	0.675682	0.627673	0.588901	0.552921	0.523154	0.51059	0.518892	0.535263	0.552857	0.582854	0.63861	0.709964	0.779507	0.841396	0.901892	0.93602	0.923144	0.849484	0.721798	0.548925	0.361205	0.189857	0.072488	0.0399575	0.108565	0.257976	0.456537	0.681102	0.892646	1.04943	1.13551	1.15492	1.09951	0.965661	0.790315	0.599979	0.411558	0.251511	0.131364	0.0412855	-0.0269562	-0.0850651	-0.151428	-0.22113	-0.285161	-0.332806	-0.348335	-0.336418	-0.310116	-0.26661	-0.207919	-0.142411	-0.0731528	-0.0108346	0.051751	0.12973	0.209188	0.286142	0.367027	0.436001	0.486776	0.528149	0.558745	0.56978	0.556725	0.524881	0.479876	0.427781	0.377507	0.322941	0.257598	0.197846	0.151239	0.103729	0.0513176	0	
0	0.189753	0.345079	0.435576	0.446591	0.377626	0.246677	0.0795293	-0.105246	-0.285342	-0.447569	-0.553475	-0.578395	-0.500761	-0.337701	-0.118376	0.124425	0.362459	0.567298	0.711704	0.78485	0.797751	0.773999	0.728622	0.676951	0.628482	0.589972	0.554715	0.525741	0.51172	0.51965	0.537522	0.551742	0.576805	0.62862	0.698322	0.76606	0.831214	0.890198	0.929019	0.923137	0.861179	0.74428	0.584606	0.407318	0.239784	0.115562	0.0643481	0.109479	0.228169	0.39381	0.578452	0.75638	0.888983	0.957885	0.963624	0.899894	0.770481	0.603728	0.426119	0.255927	0.110326	0.00489848	-0.069536	-0.115593	-0.14838	-0.186743	-0.228027	-0.273733	-0.308425	-0.322939	-0.32132	-0.313012	-0.295015	-0.259982	-0.213846	-0.165041	-0.122216	-0.0778219	-0.0197488	0.0490849	0.123253	0.203453	0.28199	0.350804	0.414372	0.472911	0.517597	0.542682	0.545811	0.522262	0.485095	0.450128	0.401995	0.332543	0.260492	0.196983	0.134726	0.0675812	0	
0	0.184214	0.337733	0.427824	0.439568	0.363642	0.22321	0.0410302	-0.153014	-0.338511	-0.498068	-0.595731	-0.609046	-0.51778	-0.34436	-0.122019	0.119866	0.35065	0.553508	0.694851	0.76495	0.773999	0.741877	0.691949	0.636448	0.584523	0.545983	0.509707	0.479186	0.465574	0.473969	0.495354	0.51445	0.540681	0.593607	0.663708	0.735868	0.80148	0.860635	0.904786	0.90711	0.85205	0.745361	0.594958	0.421363	0.254265	0.122746	0.0580345	0.0737983	0.156701	0.282784	0.433373	0.581533	0.692672	0.749559	0.748808	0.689509	0.571689	0.42016	0.25942	0.109779	-0.0175744	-0.108247	-0.164057	-0.185661	-0.189951	-0.191711	-0.20109	-0.222139	-0.24069	-0.256847	-0.267144	-0.284117	-0.297837	-0.292857	-0.273419	-0.24434	-0.220126	-0.193752	-0.152593	-0.0968621	-0.0270841	0.0516412	0.130594	0.211663	0.296379	0.379853	0.456916	0.516509	0.550671	0.552931	0.53396	0.506794	0.457811	0.38554	0.305314	0.230253	0.159561	0.081466	0	
0	0.17444	0.320755	0.408352	0.415873	0.333597	0.180285	-0.0157213	-0.220637	-0.411192	-0.567771	-0.657839	-0.660365	-0.555486	-0.374306	-0.14516	0.092216	0.31905	0.517108	0.65539	0.725644	0.728622	0.691949	0.635386	0.574588	0.519961	0.478244	0.439773	0.40876	0.392211	0.400685	0.425889	0.449056	0.480686	0.536909	0.613159	0.694237	0.768429	0.834487	0.886373	0.894072	0.84758	0.747259	0.595037	0.420209	0.246423	0.0998317	0.00670901	-0.0094271	0.0382192	0.134287	0.255059	0.380305	0.481701	0.539922	0.544375	0.492521	0.390217	0.254823	0.112544	-0.0155665	-0.122969	-0.195232	-0.230051	-0.22874	-0.204862	-0.174169	-0.155719	-0.153769	-0.159445	-0.17339	-0.195051	-0.232477	-0.272379	-0.300426	-0.305565	-0.299503	-0.297496	-0.287812	-0.266783	-0.223993	-0.15921	-0.0846159	-0.0030113	0.0861597	0.179961	0.278506	0.379252	0.466466	0.526998	0.549627	0.547794	0.536597	0.498492	0.428431	0.341197	0.260073	0.182924	0.0912737	0	
0	0.160798	0.297219	0.378081	0.380754	0.290322	0.125298	-0.0834058	-0.298844	-0.492108	-0.64585	-0.72818	-0.719069	-0.605385	-0.412469	-0.181969	0.0559764	0.275603	0.469447	0.605637	0.675682	0.676951	0.636448	0.574588	0.510189	0.451983	0.407932	0.368159	0.33442	0.317191	0.322047	0.34941	0.376656	0.413083	0.473874	0.558106	0.649715	0.739355	0.816263	0.879925	0.898016	0.861523	0.760035	0.606824	0.419726	0.224273	0.0460677	-0.0776298	-0.133974	-0.123208	-0.0567039	0.0459248	0.16347	0.270817	0.344596	0.362943	0.326369	0.240541	0.122107	-0.00317999	-0.109551	-0.195687	-0.245579	-0.260296	-0.23958	-0.195507	-0.143823	-0.10779	-0.0938678	-0.0883578	-0.100185	-0.125993	-0.171081	-0.228877	-0.279283	-0.307278	-0.323006	-0.341826	-0.354682	-0.351951	-0.321799	-0.263672	-0.19192	-0.112685	-0.021694	0.0720441	0.169843	0.277214	0.377224	0.456405	0.500774	0.522799	0.534058	0.514233	0.4625	0.383988	0.297075	0.211271	0.108622	0	
0	0.146512	0.270327	0.344788	0.340214	0.242983	0.0681843	-0.152978	-0.373928	-0.571723	-0.718317	-0.793415	-0.773541	-0.648338	-0.44847	-0.21118	0.0240441	0.238699	0.425819	0.558492	0.627673	0.628482	0.584523	0.519961	0.451983	0.393114	0.347476	0.306998	0.273867	0.25286	0.25685	0.283753	0.313853	0.357195	0.42334	0.512049	0.619062	0.721111	0.812436	0.889818	0.919152	0.889962	0.793044	0.630039	0.422809	0.199084	-0.013674	-0.179671	-0.280385	-0.308222	-0.268667	-0.176568	-0.0564804	0.0663534	0.163357	0.207921	0.193564	0.128976	0.0276616	-0.0772527	-0.164227	-0.228297	-0.258968	-0.258608	-0.227283	-0.174883	-0.112176	-0.0720417	-0.0503084	-0.0390952	-0.0468093	-0.0697118	-0.116106	-0.177603	-0.242935	-0.285758	-0.31555	-0.352329	-0.381662	-0.396308	-0.380363	-0.330812	-0.265881	-0.193976	-0.113977	-0.0333359	0.0528453	0.152484	0.253966	0.343728	0.408519	0.459743	0.4983	0.505572	0.480265	0.416017	0.333917	0.243866	0.125613	0	
0	0.131111	0.242606	0.308247	0.297693	0.195319	0.01316	-0.213635	-0.439404	-0.635372	-0.775332	-0.842143	-0.811374	-0.679434	-0.472085	-0.231388	0.00138447	0.211663	0.390175	0.519789	0.588901	0.589972	0.545983	0.478244	0.407932	0.347476	0.300614	0.260805	0.227803	0.208369	0.211437	0.238712	0.274784	0.324628	0.395285	0.492792	0.608338	0.723508	0.83092	0.916637	0.952599	0.929736	0.826645	0.649894	0.42359	0.168741	-0.0818015	-0.28703	-0.429359	-0.4931	-0.474905	-0.390954	-0.269746	-0.131267	-0.00400481	0.0729138	0.0886433	0.0512588	-0.0203832	-0.0991781	-0.164543	-0.211248	-0.230941	-0.227701	-0.203207	-0.153985	-0.0958431	-0.0566362	-0.0319645	-0.0172559	-0.0181858	-0.0381138	-0.0776456	-0.136342	-0.203799	-0.247673	-0.279979	-0.320855	-0.361588	-0.389997	-0.39227	-0.364476	-0.316416	-0.259977	-0.196668	-0.13687	-0.0690524	0.0222275	0.118765	0.210284	0.290633	0.364044	0.427793	0.46374	0.464626	0.420776	0.348525	0.25674	0.132993	0	
0	0.117166	0.217116	0.274117	0.258475	0.152451	-0.0329998	-0.26221	-0.488909	-0.681125	-0.814033	-0.871945	-0.832556	-0.695161	-0.482214	-0.240353	-0.00858608	0.194711	0.363866	0.487414	0.552921	0.554715	0.509707	0.439773	0.368159	0.306998	0.260805	0.222627	0.192737	0.175097	0.179564	0.208625	0.249578	0.308704	0.388898	0.492736	0.618662	0.746801	0.863027	0.952344	0.989292	0.960091	0.845599	0.653923	0.402273	0.117176	-0.162879	-0.397287	-0.566378	-0.653204	-0.655287	-0.580793	-0.454966	-0.302059	-0.153652	-0.0455759	0.00677448	0.00777202	-0.026565	-0.071987	-0.114313	-0.14785	-0.165475	-0.175834	-0.171232	-0.140339	-0.0961929	-0.0623455	-0.0370379	-0.0180065	-0.0140092	-0.0286166	-0.0606801	-0.111811	-0.170788	-0.205849	-0.225961	-0.258083	-0.30116	-0.340653	-0.364967	-0.366129	-0.346014	-0.314062	-0.273596	-0.23201	-0.178269	-0.102373	-0.0146033	0.078092	0.165176	0.248861	0.32384	0.375771	0.400051	0.379764	0.321644	0.239041	0.126379	0	
0	0.100396	0.184918	0.230344	0.207105	0.0975094	-0.0875015	-0.3153	-0.536521	-0.721442	-0.843652	-0.890263	-0.842197	-0.698362	-0.482074	-0.238275	-0.00855724	0.189046	0.347242	0.463572	0.523154	0.525741	0.479186	0.40876	0.33442	0.273867	0.227803	0.192737	0.167049	0.15414	0.163332	0.195342	0.244399	0.314623	0.405379	0.517641	0.651269	0.784623	0.907813	0.993116	1.02097	0.976346	0.843422	0.625745	0.348604	0.0392727	-0.260628	-0.51215	-0.696714	-0.798707	-0.810497	-0.736175	-0.610512	-0.453306	-0.286054	-0.142978	-0.0525856	-0.0137645	-0.00651938	-0.013958	-0.0325008	-0.0540866	-0.0743352	-0.102505	-0.124378	-0.120308	-0.0989553	-0.0781603	-0.0570017	-0.0386661	-0.0311011	-0.0387183	-0.0620503	-0.100735	-0.144272	-0.164812	-0.167211	-0.184171	-0.222573	-0.268044	-0.314665	-0.348246	-0.355893	-0.347995	-0.332845	-0.310549	-0.267459	-0.200139	-0.126106	-0.0485865	0.034357	0.117034	0.188872	0.245456	0.282453	0.284094	0.250935	0.188975	0.0998866	0	
0	0.0806307	0.147361	0.176763	0.143547	0.030304	-0.153901	-0.374401	-0.588482	-0.761211	-0.871712	-0.905339	-0.847715	-0.696287	-0.476638	-0.22805	0.00169599	0.196987	0.347648	0.455528	0.51059	0.51172	0.465574	0.392211	0.317191	0.25286	0.208369	0.175097	0.15414	0.148814	0.16649	0.203729	0.264046	0.345938	0.448623	0.569677	0.705719	0.841281	0.962805	1.03525	1.04492	0.97453	0.815161	0.572234	0.273959	-0.0554685	-0.367394	-0.62937	-0.815556	-0.921461	-0.938265	-0.871214	-0.742212	-0.573691	-0.386229	-0.215026	-0.0897283	-0.0152692	0.0275062	0.0479533	0.0476818	0.0371055	0.0166624	-0.023025	-0.0672063	-0.0882317	-0.0952984	-0.0927817	-0.0826872	-0.070227	-0.0575066	-0.0550736	-0.0641127	-0.0870272	-0.114565	-0.123071	-0.115195	-0.121953	-0.155429	-0.20236	-0.260764	-0.316234	-0.346666	-0.358003	-0.360666	-0.355111	-0.328434	-0.277677	-0.221085	-0.159895	-0.0921416	-0.0287053	0.028824	0.0817687	0.123094	0.143522	0.136995	0.104493	0.0552824	0	
0	0.0615736	0.110986	0.122841	0.0806731	-0.0372938	-0.216008	-0.426707	-0.63002	-0.787314	-0.888008	-0.907429	-0.842163	-0.685695	-0.46001	-0.21088	0.0252918	0.218957	0.366611	0.468231	0.518892	0.51965	0.473969	0.400685	0.322047	0.25685	0.211437	0.179564	0.163332	0.16649	0.189862	0.237734	0.3061	0.40039	0.518256	0.648132	0.782163	0.915901	1.02396	1.07728	1.0602	0.959896	0.772176	0.507912	0.190304	-0.146998	-0.462957	-0.724151	-0.90935	-1.01804	-1.0419	-0.97389	-0.836914	-0.657709	-0.453056	-0.251385	-0.0936659	0.00472219	0.0656509	0.0983759	0.108426	0.102183	0.0850453	0.0395159	-0.0142564	-0.0558891	-0.0878519	-0.10233	-0.107047	-0.097291	-0.0804985	-0.062815	-0.055525	-0.0646189	-0.0779821	-0.0851151	-0.0773351	-0.0812645	-0.110375	-0.153318	-0.212908	-0.273143	-0.312637	-0.337878	-0.361113	-0.375018	-0.363766	-0.336101	-0.306386	-0.265321	-0.215788	-0.172365	-0.13406	-0.0990189	-0.0636962	-0.0294447	-0.010372	-0.00516736	-0.00203528	0	
0	0.0446071	0.0754971	0.0731704	0.0196696	-0.09833	-0.268409	-0.465081	-0.649278	-0.792315	-0.877747	-0.88658	-0.816102	-0.654345	-0.43186	-0.180225	0.0556036	0.248494	0.393636	0.488306	0.535263	0.537522	0.495354	0.425889	0.34941	0.283753	0.238712	0.208625	0.195342	0.203729	0.237734	0.291807	0.368687	0.474555	0.602095	0.735127	0.866611	0.986626	1.07641	1.10864	1.06272	0.930333	0.720617	0.438941	0.113995	-0.223983	-0.536909	-0.7951	-0.97467	-1.08352	-1.10755	-1.03938	-0.895542	-0.702179	-0.475549	-0.248743	-0.0705215	0.0430513	0.110311	0.145798	0.15452	0.148942	0.130001	0.082855	0.0235336	-0.0338095	-0.0804986	-0.108673	-0.119394	-0.112107	-0.0907936	-0.0617715	-0.0470929	-0.0458564	-0.0529723	-0.0592785	-0.0539317	-0.0571053	-0.0757322	-0.109247	-0.161716	-0.220247	-0.263303	-0.296809	-0.337193	-0.372824	-0.387554	-0.385164	-0.379424	-0.364932	-0.337702	-0.314979	-0.29963	-0.280827	-0.251486	-0.21133	-0.166341	-0.119629	-0.0658453	0	
0	0.0278018	0.0419237	0.0237599	-0.0389966	-0.156082	-0.314899	-0.491109	-0.654983	-0.778194	-0.85008	-0.850068	-0.774747	-0.614756	-0.39442	-0.146788	0.0881854	0.279722	0.422404	0.50927	0.552857	0.551742	0.51445	0.449056	0.376656	0.313853	0.274784	0.249578	0.244399	0.264046	0.3061	0.368687	0.450429	0.556224	0.68618	0.817492	0.932949	1.03411	1.10057	1.10836	1.03509	0.882595	0.656369	0.368105	0.0435017	-0.286024	-0.592888	-0.844532	-1.01976	-1.12269	-1.1423	-1.07062	-0.914497	-0.704186	-0.461446	-0.222703	-0.0289808	0.095055	0.164662	0.196163	0.203316	0.193035	0.16674	0.113475	0.0459924	-0.0218603	-0.0765545	-0.105905	-0.115178	-0.103919	-0.0800789	-0.051664	-0.0393232	-0.0417228	-0.0493603	-0.0550043	-0.0497754	-0.0463835	-0.0518419	-0.0720586	-0.111765	-0.159818	-0.201988	-0.242772	-0.291794	-0.344862	-0.388075	-0.42079	-0.451203	-0.464689	-0.464728	-0.464761	-0.458313	-0.44884	-0.426722	-0.377287	-0.306478	-0.221875	-0.12128	0	
0	0.00709926	0.000797687	-0.0370239	-0.11094	-0.229375	-0.374033	-0.528491	-0.665102	-0.765362	-0.818505	-0.806225	-0.723841	-0.561181	-0.342154	-0.0964994	0.137697	0.327916	0.468117	0.546943	0.582854	0.576805	0.540681	0.480686	0.413083	0.357195	0.324628	0.308704	0.314623	0.345938	0.40039	0.474555	0.556224	0.660754	0.784187	0.899321	0.993437	1.06474	1.09705	1.08138	0.988156	0.821645	0.59253	0.310823	-0.00319296	-0.322174	-0.623097	-0.867124	-1.03487	-1.1298	-1.14459	-1.06493	-0.900449	-0.682261	-0.435956	-0.192018	0.00851193	0.138557	0.209015	0.240481	0.248592	0.233302	0.199746	0.141322	0.0695314	-0.0035186	-0.0562585	-0.0821778	-0.0849726	-0.0689306	-0.0480564	-0.0292696	-0.0319033	-0.0467849	-0.0643151	-0.0717775	-0.0643518	-0.0527432	-0.0393883	-0.0437706	-0.0692237	-0.10389	-0.140914	-0.182716	-0.238347	-0.304368	-0.369873	-0.437105	-0.504405	-0.553231	-0.586253	-0.606599	-0.612459	-0.606848	-0.57558	-0.516204	-0.424908	-0.30297	-0.163548	0	
0	-0.0141416	-0.0445046	-0.0993101	-0.18849	-0.304701	-0.436179	-0.565699	-0.672057	-0.748438	-0.780294	-0.758078	-0.667496	-0.503992	-0.28451	-0.0402787	0.194938	0.388833	0.530102	0.608242	0.63861	0.62862	0.593607	0.536909	0.473874	0.42334	0.395285	0.388898	0.405379	0.448623	0.518256	0.602095	0.68618	0.784187	0.892035	0.986358	1.05208	1.08392	1.08333	1.04415	0.934532	0.766334	0.541171	0.268764	-0.0312288	-0.333563	-0.619344	-0.849248	-1.01038	-1.09598	-1.10025	-1.01918	-0.860975	-0.646608	-0.40288	-0.164608	0.0339601	0.171112	0.245142	0.278335	0.284679	0.266576	0.230302	0.172916	0.102797	0.0308333	-0.0183244	-0.0450252	-0.0466845	-0.0287547	-0.00978177	0.000833663	-0.0105417	-0.0367353	-0.0666424	-0.0799134	-0.0780978	-0.0652383	-0.0426581	-0.0331001	-0.0426343	-0.0670392	-0.0993579	-0.140154	-0.19324	-0.262152	-0.344959	-0.4346	-0.527809	-0.613333	-0.683725	-0.725997	-0.741618	-0.740248	-0.706196	-0.634142	-0.51629	-0.362443	-0.194525	0	
0	-0.0335137	-0.0819069	-0.154388	-0.252115	-0.366816	-0.481904	-0.585424	-0.660705	-0.712215	-0.723704	-0.693429	-0.597575	-0.433958	-0.217938	0.0263543	0.259138	0.457829	0.602396	0.682064	0.709964	0.698322	0.663708	0.613159	0.558106	0.512049	0.492792	0.492736	0.517641	0.569677	0.648132	0.735127	0.817492	0.899321	0.986358	1.05592	1.09633	1.09564	1.07109	1.01125	0.895606	0.725806	0.507016	0.247313	-0.0313731	-0.315112	-0.579826	-0.790593	-0.933111	-0.999705	-0.998448	-0.926246	-0.784218	-0.587076	-0.362334	-0.140144	0.0570741	0.197721	0.274109	0.305989	0.311526	0.294885	0.261692	0.215104	0.151093	0.0859962	0.0352848	-0.00193316	-0.0112729	0.00182942	0.0215157	0.031642	0.023052	-0.00412114	-0.0430756	-0.0659878	-0.0743515	-0.0705993	-0.0505393	-0.0328909	-0.031652	-0.0456202	-0.0753524	-0.12148	-0.173022	-0.240294	-0.327919	-0.426102	-0.533369	-0.640447	-0.740718	-0.810523	-0.838221	-0.835686	-0.797051	-0.717349	-0.582985	-0.405246	-0.213556	0	
0	-0.0535919	-0.119868	-0.209111	-0.313383	-0.42501	-0.522668	-0.596698	-0.642154	-0.662039	-0.656902	-0.614913	-0.5168	-0.356693	-0.142942	0.0940899	0.32365	0.523604	0.668607	0.752581	0.779507	0.76606	0.735868	0.694237	0.649715	0.619062	0.608338	0.618662	0.651269	0.705719	0.782163	0.866611	0.932949	0.993437	1.05208	1.09633	1.11117	1.08947	1.04733	0.9791	0.867422	0.709354	0.50009	0.251383	-0.0136587	-0.280157	-0.518288	-0.699921	-0.816502	-0.867284	-0.861726	-0.798024	-0.681251	-0.513611	-0.314134	-0.107254	0.0785051	0.215874	0.296151	0.333225	0.34555	0.336106	0.319199	0.284654	0.228204	0.165395	0.10285	0.0484206	0.0194952	0.0234369	0.0410481	0.0534474	0.0558012	0.0353056	-0.00213753	-0.0289926	-0.0466993	-0.0559974	-0.0482882	-0.0333302	-0.0278083	-0.0385519	-0.0687355	-0.115352	-0.170103	-0.240416	-0.325925	-0.423694	-0.533882	-0.651477	-0.769403	-0.854132	-0.891555	-0.890857	-0.844437	-0.750391	-0.600992	-0.410011	-0.20995	0	
0	-0.0757865	-0.163878	-0.267672	-0.381426	-0.488062	-0.569569	-0.616251	-0.628843	-0.619977	-0.59362	-0.54033	-0.440633	-0.281029	-0.0727874	0.158411	0.383942	0.580696	0.727986	0.816396	0.841396	0.831214	0.80148	0.768429	0.739355	0.721111	0.723508	0.746801	0.784623	0.841281	0.915901	0.986626	1.03411	1.06474	1.08392	1.09564	1.08947	1.05444	1.00891	0.94606	0.849747	0.703895	0.50683	0.273716	0.0271449	-0.218258	-0.426767	-0.584072	-0.68242	-0.723259	-0.714452	-0.662578	-0.569539	-0.428856	-0.254309	-0.0708503	0.0955272	0.226056	0.310318	0.35988	0.386531	0.39981	0.405336	0.383124	0.331116	0.2638	0.18663	0.110507	0.06188	0.0522091	0.06309	0.0776055	0.0868234	0.0760521	0.0478028	0.0228724	0.00254244	-0.0210877	-0.0371192	-0.0351521	-0.034394	-0.0474781	-0.0737079	-0.117165	-0.17062	-0.240365	-0.330666	-0.428284	-0.537033	-0.662965	-0.785282	-0.869323	-0.902813	-0.889531	-0.830249	-0.725308	-0.570888	-0.38194	-0.188709	0	
0	-0.10076	-0.210379	-0.331218	-0.452517	-0.556688	-0.624496	-0.646416	-0.631427	-0.593666	-0.548403	-0.48327	-0.38103	-0.221909	-0.0165413	0.211683	0.434035	0.629583	0.781033	0.872186	0.901892	0.890198	0.860635	0.834487	0.816263	0.812436	0.83092	0.863027	0.907813	0.962805	1.02396	1.07641	1.10057	1.09705	1.08333	1.07109	1.04733	1.00891	0.964538	0.905774	0.821364	0.696698	0.523695	0.315311	0.0926761	-0.122753	-0.305735	-0.44729	-0.534105	-0.57387	-0.573816	-0.537677	-0.462558	-0.347413	-0.198074	-0.0367533	0.111501	0.230164	0.319037	0.385833	0.433964	0.472049	0.499803	0.489475	0.44318	0.373686	0.283798	0.192652	0.126617	0.102096	0.104764	0.119507	0.131407	0.126515	0.105972	0.0818313	0.0596525	0.0223614	-0.0173337	-0.0345712	-0.0455353	-0.0601605	-0.0822557	-0.120343	-0.173365	-0.250132	-0.344244	-0.443751	-0.553347	-0.666351	-0.7712	-0.84355	-0.857125	-0.825246	-0.763192	-0.659319	-0.513493	-0.343671	-0.16861	0	
0	-0.12849	-0.261048	-0.400048	-0.528324	-0.632265	-0.687855	-0.690534	-0.650653	-0.587738	-0.524474	-0.447982	-0.344948	-0.186954	0.0133735	0.237245	0.454812	0.646908	0.801228	0.897835	0.93602	0.929019	0.904786	0.886373	0.879925	0.889818	0.916637	0.952344	0.993116	1.03525	1.07728	1.10864	1.10836	1.08138	1.04415	1.01125	0.9791	0.94606	0.905774	0.856213	0.789138	0.683311	0.534124	0.355495	0.166582	-0.0173883	-0.176346	-0.299218	-0.37971	-0.431394	-0.449326	-0.427417	-0.37281	-0.285281	-0.161159	-0.017142	0.118962	0.234122	0.336826	0.422796	0.488211	0.543377	0.586085	0.587243	0.551729	0.486555	0.39336	0.292461	0.211501	0.168843	0.162057	0.178143	0.189107	0.188104	0.170875	0.145849	0.121977	0.0768968	0.0247234	-0.00968041	-0.0361136	-0.0645365	-0.0967221	-0.138588	-0.200802	-0.284204	-0.373205	-0.462973	-0.558027	-0.646353	-0.716255	-0.75853	-0.759048	-0.7202	-0.654828	-0.565237	-0.446114	-0.299701	-0.145446	0	
0	-0.156064	-0.31401	-0.467156	-0.605886	-0.70736	-0.757485	-0.74545	-0.689015	-0.60777	-0.531176	-0.449119	-0.34728	-0.196887	-0.002108	0.213043	0.426268	0.613113	0.769963	0.872978	0.923144	0.923137	0.90711	0.894072	0.898016	0.919152	0.952599	0.989292	1.02097	1.04492	1.0602	1.06272	1.03509	0.988156	0.934532	0.895606	0.867422	0.849747	0.821364	0.789138	0.732023	0.647431	0.527218	0.382452	0.221601	0.0690936	-0.067226	-0.178351	-0.258596	-0.31645	-0.341801	-0.337554	-0.307007	-0.248985	-0.151582	-0.0217639	0.113298	0.24136	0.361849	0.466768	0.545676	0.608704	0.656688	0.664341	0.642747	0.587215	0.499689	0.399643	0.309463	0.252452	0.237479	0.251901	0.260874	0.257757	0.239223	0.212988	0.18552	0.140769	0.0854321	0.0379956	-0.00334772	-0.0515255	-0.104163	-0.165073	-0.243614	-0.329778	-0.408745	-0.479341	-0.546186	-0.600567	-0.634182	-0.640354	-0.614885	-0.569911	-0.51385	-0.445628	-0.359644	-0.250941	-0.127619	0	
0	-0.188068	-0.373836	-0.545728	-0.695576	-0.801132	-0.847923	-0.832337	-0.761457	-0.672346	-0.57986	-0.495825	-0.392577	-0.248919	-0.0616802	0.145848	0.351482	0.529472	0.684664	0.790116	0.849484	0.861179	0.85205	0.84758	0.861523	0.889962	0.929736	0.960091	0.976346	0.97453	0.959896	0.930333	0.882595	0.821645	0.766334	0.725806	0.709354	0.703895	0.696698	0.683311	0.647431	0.591178	0.505224	0.39046	0.256191	0.123931	-0.00960842	-0.114539	-0.189954	-0.24269	-0.278416	-0.289696	-0.27853	-0.246677	-0.173576	-0.0566219	0.0847269	0.223893	0.36079	0.485786	0.580929	0.655245	0.706246	0.72493	0.715581	0.670465	0.59817	0.507735	0.420962	0.355153	0.328153	0.332561	0.329334	0.318997	0.2992	0.275369	0.252485	0.214111	0.161493	0.105379	0.0437612	-0.0254936	-0.0980019	-0.183914	-0.282137	-0.371763	-0.436865	-0.481901	-0.51483	-0.526468	-0.521007	-0.501617	-0.460612	-0.403961	-0.347273	-0.300645	-0.246193	-0.174775	-0.0950113	0	
0	-0.222979	-0.436471	-0.631775	-0.792207	-0.906914	-0.955603	-0.941943	-0.868459	-0.774764	-0.6758	-0.589905	-0.488916	-0.352514	-0.176614	0.0260474	0.217629	0.393643	0.540669	0.651214	0.721798	0.74428	0.745361	0.747259	0.760035	0.793044	0.826645	0.845599	0.843422	0.815161	0.772176	0.720617	0.656369	0.59253	0.541171	0.507016	0.50009	0.50683	0.523695	0.534124	0.527218	0.505224	0.455376	0.365215	0.25128	0.121884	-0.00905067	-0.110385	-0.185089	-0.24107	-0.284739	-0.304341	-0.305604	-0.282907	-0.223036	-0.113178	0.0276198	0.171653	0.317235	0.454413	0.571219	0.662834	0.728619	0.762509	0.762064	0.729806	0.672874	0.598359	0.520821	0.451979	0.416845	0.405645	0.392641	0.378556	0.358575	0.34486	0.327397	0.290963	0.237079	0.164299	0.0831333	0.000558669	-0.0860961	-0.183833	-0.2893	-0.380007	-0.434917	-0.460728	-0.462062	-0.434262	-0.39334	-0.345829	-0.292782	-0.234492	-0.176556	-0.139443	-0.108911	-0.076802	-0.0481368	0	
