0	0	0	0	0	0	0	0	0	0	0	0	0	0	0	0	0	0	0	0	0	0	0	0	0	0	0	0	0	0	0	0	0	0	0	0	0	0	0	0	0	0	0	0	0	0	0	0	0	0	0	0	0	0	0	0	0	0	0	0	0	0	0	0	0	0	0	0	0	0	0	0	0	0	0	0	0	0	0	0	0	0	0	0	0	0	0	0	0	0	0	0	0	0	0	0	0	0	0	0	
0	-0.0010935	-0.00082657	-0.0021481	-0.000846929	-0.00134619	0.000339668	0.000938771	0.000726563	0.00212376	0.000695778	-0.000349493	-7.0009e-05	-0.000123041	-0.000743411	-2.71517e-05	0.00391628	-0.00167712	-0.00118509	-0.000947608	-0.000423595	0.000391545	-0.000518095	-0.000880937	-0.00112705	0.00039627	-0.00144928	-0.00109187	0.000820696	-0.00142407	-0.00169383	0.000400951	-0.000333469	-0.00291877	-3.88651e-05	-0.00160871	-0.00392011	-0.00534581	-0.00754087	-0.0123154	-0.0212114	-0.0282977	-0.0368335	-0.0457952	-0.0543736	-0.0500902	-0.0356391	-0.0173865	0.0120202	0.047088	0.0764542	0.0911876	0.0902526	0.0841977	0.0685208	0.0535845	0.0294789	0.000831918	-0.0228532	-0.0380804	-0.0444334	-0.0449831	-0.0362699	-0.0214607	-0.00431011	0.00753039	0.0126173	0.00600155	-0.0114047	-0.0249773	-0.0198881	-0.00124822	0.0106053	0.0131093	0.00358494	-0.0145555	-0.0290584	-0.040339	-0.04494	-0.0419611	-0.0332641	-0.0141885	0.0134917	0.0409673	0.0602434	0.0751311	0.0882379	0.0913701	0.0855012	0.0675822	0.0319158	-0.00257355	-0.0238526	-0.0421088	-0.0536784	-0.0493139	-0.0375776	-0.0273183	-0.0156649	0	
0	-0.00082657	0.00536892	-0.000636052	0.00388981	0.00148404	-0.0015688	-0.000211481	-0.00202002	-0.00379418	-0.000526483	0.000332765	-0.00129061	0.00220502	-0.00015705	-0.00145346	-0.00246351	-0.00206838	0.00351077	0.00260775	-0.00217396	0.000717214	0.000666876	0.000397052	-0.000465363	0.00340693	-0.00117538	-0.000133393	0.00196091	0.000741654	-0.0020012	0.0035706	-0.000499637	-0.00220995	0.000747962	-0.000696785	-0.00647679	-0.00886532	-0.0132231	-0.0242202	-0.0399302	-0.0568613	-0.0719924	-0.0923255	-0.108213	-0.100292	-0.074045	-0.035503	0.0202888	0.0915398	0.149538	0.178069	0.180954	0.166083	0.139005	0.10891	0.060036	0.00697722	-0.0429842	-0.0739928	-0.0867953	-0.0923916	-0.0748947	-0.0444366	-0.0135532	0.0139586	0.027063	0.0121273	-0.0182035	-0.0449067	-0.0414272	-0.0060588	0.0185096	0.0220837	0.00632801	-0.0226487	-0.0532328	-0.0846457	-0.0951745	-0.0826026	-0.0627566	-0.0269056	0.0277327	0.0821724	0.119895	0.150185	0.176499	0.182133	0.16974	0.133682	0.0633076	-0.00531041	-0.048416	-0.0840917	-0.106233	-0.0981828	-0.0753203	-0.0543733	-0.0308537	0	
0	-0.0021481	-0.000636052	-0.00392897	-0.00121175	-0.00175211	-6.78027e-05	0.00174682	0.00140528	0.00263931	0.00138404	-0.000298441	-0.00112104	0.000159628	-0.00148385	-0.000520727	0.00602616	-0.00236423	-0.0013257	-0.00204103	-0.00142626	0.000393966	-4.68478e-05	-0.00104228	-0.00236276	0.000443148	-0.00269342	-0.00135963	0.00175975	-0.00281649	-0.00374404	0.00199021	-0.00151177	-0.00577535	-0.000621941	-0.00392414	-0.010992	-0.0146604	-0.0224148	-0.0369652	-0.0616788	-0.0840672	-0.109396	-0.137102	-0.160082	-0.148541	-0.109081	-0.0529101	0.0330879	0.136645	0.222725	0.26712	0.270446	0.250367	0.208357	0.160545	0.0900071	0.00846586	-0.0632791	-0.108933	-0.131678	-0.134844	-0.109226	-0.0654709	-0.0166621	0.019295	0.0352061	0.0156546	-0.0310704	-0.068169	-0.0569663	-0.00591873	0.0288793	0.0338596	0.00738182	-0.0410293	-0.0861506	-0.122631	-0.135235	-0.122933	-0.0934723	-0.0373151	0.0421714	0.122668	0.18182	0.22666	0.262844	0.271352	0.252224	0.196139	0.0931014	-0.00753491	-0.0737386	-0.126322	-0.157099	-0.145952	-0.113059	-0.0809812	-0.0452901	0	
0	-0.000846929	0.00388981	-0.00121175	0.00314219	0.000203057	-0.000915632	0.000251158	-0.00206178	-0.00182435	0.00011791	-0.000634652	-0.000188319	0.0021311	-0.00135693	-0.000560543	-0.000378011	-0.00389188	0.0021885	0.00220172	-0.00226326	0.00168011	-0.00136088	-0.0013748	-0.000822864	0.00413935	-0.00261024	-0.00186474	0.00221444	-0.000862661	-0.00251026	0.00262361	-0.00129022	-0.00512923	0.00026782	-0.00499931	-0.0121822	-0.0190263	-0.0281229	-0.0499626	-0.0789869	-0.111794	-0.144065	-0.1827	-0.20999	-0.196853	-0.147784	-0.072196	0.040407	0.17604	0.288564	0.349265	0.358211	0.33296	0.279159	0.215593	0.122404	0.0180105	-0.0762754	-0.140381	-0.172356	-0.180037	-0.147129	-0.0892586	-0.0277599	0.0219407	0.0436409	0.020189	-0.0364037	-0.0832424	-0.0714447	-0.0122928	0.0317248	0.0392684	0.00606528	-0.0510371	-0.109911	-0.164533	-0.183418	-0.162266	-0.118506	-0.0428532	0.0616136	0.164079	0.240403	0.30201	0.350305	0.359754	0.330249	0.253461	0.121485	-0.00973827	-0.100652	-0.168405	-0.205248	-0.192237	-0.150864	-0.106952	-0.0586041	0	
0	-0.00134619	0.00148404	-0.00175211	0.000203057	0.000462428	-0.00104316	0.000545091	0.000138563	-0.00102533	-0.000238409	-0.000239013	-0.00154981	0.000159921	-0.000594224	8.92463e-05	0.00027107	-0.000134034	0.000905111	-0.000501296	-0.00170348	-0.00017736	0.00108442	0.00121917	-0.00108032	-0.000541066	-0.00143583	0.000524744	0.00180998	-0.00209983	-0.00258426	0.00274834	-0.0022322	-0.00439614	-0.00165737	-0.00617627	-0.0152394	-0.0226422	-0.0366333	-0.0619504	-0.0975019	-0.137401	-0.179408	-0.225778	-0.256971	-0.242388	-0.185328	-0.0904573	0.0484389	0.21272	0.350985	0.427575	0.445696	0.413475	0.351269	0.26763	0.155056	0.0291203	-0.0876469	-0.16718	-0.212867	-0.220958	-0.181752	-0.112009	-0.0371485	0.0208049	0.0472765	0.0195491	-0.0450266	-0.0948154	-0.082489	-0.0152725	0.0378088	0.0419122	0.00115875	-0.0666658	-0.141276	-0.203664	-0.223246	-0.197231	-0.138627	-0.0449518	0.0781871	0.204387	0.304809	0.38035	0.433068	0.44348	0.405076	0.305926	0.146703	-0.0126391	-0.128503	-0.209972	-0.250701	-0.236648	-0.188229	-0.132124	-0.0707714	0	
0	0.000339668	-0.0015688	-6.78027e-05	-0.000915632	-0.00104316	0.000310229	0.000275861	0.000575211	0.00145353	0.00157309	-3.34818e-05	2.87237e-05	0.0006317	-0.00226178	-0.000490256	0.000975118	-0.00194233	-0.00145426	-0.00184418	-0.00066346	1.16469e-05	-0.00219406	-0.00349668	-0.00156033	0.000836724	-0.00211659	-0.002957	-0.000654133	-0.00218846	-0.00241804	-0.000564066	-0.0034715	-0.00512602	-0.00415944	-0.00967298	-0.0182508	-0.0282487	-0.0462192	-0.0754522	-0.116263	-0.163562	-0.215264	-0.268481	-0.301568	-0.287701	-0.222674	-0.109694	0.0549366	0.24548	0.406392	0.504084	0.528959	0.496644	0.423038	0.3207	0.190959	0.0420888	-0.0925752	-0.192011	-0.251294	-0.260291	-0.215836	-0.135855	-0.0487461	0.0181715	0.0455349	0.0189264	-0.0504349	-0.104278	-0.0877317	-0.0199387	0.0355985	0.0414514	-0.00523012	-0.083809	-0.170307	-0.239501	-0.261703	-0.231727	-0.157646	-0.0409353	0.104648	0.24772	0.363964	0.454942	0.517049	0.527056	0.47299	0.349621	0.168835	-0.0152115	-0.157069	-0.25127	-0.293471	-0.278548	-0.224587	-0.156493	-0.0819018	0	
0	0.000938771	-0.000211481	0.00174682	0.000251158	0.000545091	0.000275861	-0.00164373	-0.0010031	-0.00240714	-0.00227172	-0.000940366	-0.000648092	-1.30578e-05	0.000545144	0.0013658	-0.0019908	0.000512885	0.00087806	0.00128486	0.000327239	-0.000384769	0.000355484	0.00185032	0.000553474	-0.00063884	-0.000108847	0.000622504	0.000188891	-0.000148574	-0.000498599	-0.000129684	-0.00189157	-0.00228499	-0.00459486	-0.0096471	-0.0179758	-0.031061	-0.0524342	-0.086121	-0.130561	-0.186836	-0.247331	-0.307015	-0.342016	-0.329909	-0.260317	-0.128995	0.0571464	0.269783	0.453078	0.569875	0.607432	0.574553	0.493323	0.375	0.228676	0.063378	-0.0895725	-0.209673	-0.282193	-0.295615	-0.249559	-0.161235	-0.0667406	0.00739156	0.0399254	0.0140986	-0.0536626	-0.102799	-0.0891298	-0.0260032	0.031557	0.0335298	-0.0180691	-0.101299	-0.197693	-0.274335	-0.299087	-0.260373	-0.166457	-0.0314332	0.129077	0.290046	0.42784	0.532577	0.59663	0.602945	0.534404	0.388422	0.187326	-0.0202203	-0.18618	-0.290908	-0.333468	-0.317938	-0.259456	-0.179902	-0.0921315	0	
0	0.000726563	-0.00202002	0.00140528	-0.00206178	0.000138563	0.000575211	-0.0010031	0.00176002	0.00122436	-0.000431143	0.00190015	-0.000550769	-0.00188926	-0.000160488	-0.00159513	-0.0027875	0.00167137	-0.00249918	-0.00291614	0.000599425	-0.00377617	-0.000448759	-0.00163293	-0.00114126	-0.00416226	0.000704488	-0.00170122	-0.00299534	-0.00126308	-0.00173121	-0.00322065	-0.00361061	-0.00278589	-0.00972434	-0.0121983	-0.0225722	-0.0366665	-0.0641237	-0.0987437	-0.149416	-0.211792	-0.282138	-0.345179	-0.381609	-0.372031	-0.2963	-0.148149	0.0587804	0.290283	0.495659	0.633139	0.684817	0.65313	0.565667	0.430164	0.268983	0.0871536	-0.0855203	-0.224694	-0.31198	-0.327984	-0.279764	-0.186595	-0.0838306	-0.00452161	0.0299614	0.00629749	-0.0571631	-0.0998992	-0.0886624	-0.0310298	0.0246295	0.0215174	-0.0326104	-0.122339	-0.228798	-0.305655	-0.328101	-0.283896	-0.173114	-0.0170467	0.160458	0.336431	0.490677	0.60614	0.672988	0.675743	0.589229	0.418625	0.199894	-0.0264973	-0.213687	-0.328974	-0.37187	-0.354489	-0.291758	-0.202253	-0.10198	0	
0	0.00212376	-0.00379418	0.00263931	-0.00182435	-0.00102533	0.00145353	-0.00240714	0.00122436	-0.000867708	-0.000555054	0.00067061	-0.00183228	0.000379866	0.000401685	-0.00127858	0.00139634	0.000429469	-0.00200461	-0.0009768	0.00161218	-0.00179056	0.00041478	-0.00186156	-0.001238	-0.000421674	0.000954145	-0.00245114	-0.0037252	0.00192426	-0.00139938	-0.00439203	-0.00218535	-0.00202625	-0.011004	-0.0127681	-0.0232694	-0.0408042	-0.0713615	-0.108497	-0.164018	-0.233311	-0.312248	-0.377601	-0.41702	-0.410062	-0.330157	-0.166409	0.0552116	0.303726	0.526612	0.688086	0.751081	0.727521	0.633165	0.485918	0.313701	0.115454	-0.071565	-0.232923	-0.331445	-0.35295	-0.307765	-0.213208	-0.108197	-0.0232293	0.0121198	-0.0048961	-0.0561215	-0.0923234	-0.0813626	-0.0345531	0.00906058	0.00404107	-0.0515329	-0.148661	-0.256956	-0.331153	-0.352762	-0.301129	-0.174354	0.00169697	0.197732	0.386334	0.551878	0.677343	0.74724	0.741715	0.634314	0.441988	0.208161	-0.0350886	-0.240237	-0.364932	-0.408265	-0.387995	-0.321202	-0.223493	-0.111689	0	
0	0.000695778	-0.000526483	0.00138404	0.00011791	-0.000238409	0.00157309	-0.00227172	-0.000431143	-0.000555054	-0.00411736	0.000781942	-0.000886116	-0.00166598	0.00254177	-0.0016545	-0.0015332	0.000283068	-0.00123212	0.000580861	0.00170108	-0.00388152	4.10329e-05	0.00175286	0.000488583	-0.00426558	0.00112567	-0.000499547	-0.00208948	0.00100053	-0.00170976	-0.00478768	-0.000361496	-0.00302186	-0.0123327	-0.0137224	-0.0250513	-0.0460864	-0.0788355	-0.119035	-0.179139	-0.255609	-0.340803	-0.408732	-0.450904	-0.447239	-0.361428	-0.186379	0.0491098	0.308458	0.552809	0.732645	0.813496	0.797012	0.699961	0.546121	0.360364	0.152121	-0.0549037	-0.234076	-0.343801	-0.373094	-0.332782	-0.24237	-0.135306	-0.0489452	-0.00848634	-0.0176043	-0.0561376	-0.077513	-0.0726458	-0.041493	-0.0070875	-0.0196232	-0.0780735	-0.175376	-0.282956	-0.353686	-0.371559	-0.311496	-0.166983	0.0279405	0.235849	0.435896	0.616329	0.749054	0.814254	0.796971	0.672236	0.460635	0.209962	-0.0474716	-0.264372	-0.397536	-0.443033	-0.418959	-0.347427	-0.243227	-0.121455	0	
0	-0.000349493	0.000332765	-0.000298441	-0.000634652	-0.000239013	-3.34818e-05	-0.000940366	0.00190015	0.00067061	0.000781942	0.0022457	-0.00105625	-0.00199974	-0.000325814	-0.00411227	-0.000422741	-0.000543491	-0.00331742	-0.00126163	-0.00226613	-0.00289774	-1.33458e-05	-0.00335484	-0.0038113	-0.0020801	0.00191456	-0.00455535	-0.00459758	0.000657768	-0.00254584	-0.00678735	-0.000996187	-0.00617287	-0.0139122	-0.0168526	-0.0285091	-0.0535673	-0.0867596	-0.131415	-0.195428	-0.278511	-0.368159	-0.438015	-0.484251	-0.481046	-0.39041	-0.204983	0.0392111	0.309828	0.572485	0.771213	0.869318	0.862442	0.766055	0.60732	0.411133	0.190234	-0.0353507	-0.230939	-0.349471	-0.386496	-0.353846	-0.269381	-0.164905	-0.0757646	-0.0329486	-0.0342751	-0.0541759	-0.0662123	-0.064444	-0.0456976	-0.0287696	-0.0462249	-0.105864	-0.206779	-0.309596	-0.371791	-0.380183	-0.310348	-0.157129	0.0535548	0.282328	0.494983	0.67795	0.811576	0.875624	0.846905	0.702167	0.470773	0.205107	-0.0613485	-0.285538	-0.427475	-0.47616	-0.447162	-0.370316	-0.261321	-0.131393	0	
0	-7.0009e-05	-0.00129061	-0.00112104	-0.000188319	-0.00154981	2.87237e-05	-0.000648092	-0.000550769	-0.00183228	-0.000886116	-0.00105625	-0.00240179	0.0015251	0.00119653	-0.000861971	0.00283797	0.000671611	-0.000323718	-4.03204e-06	0.000162499	-0.000212436	-8.44306e-05	8.18212e-05	5.13395e-06	-0.000984069	-0.0010876	-0.00200099	-0.00161467	0.00145629	-0.00381398	-0.00437305	-0.000534115	-0.0063161	-0.0133889	-0.0163533	-0.0307141	-0.0566629	-0.0915978	-0.13951	-0.20832	-0.296299	-0.388842	-0.462179	-0.512043	-0.509134	-0.414198	-0.223082	0.0247852	0.305444	0.581196	0.797411	0.911751	0.916364	0.827069	0.666878	0.465655	0.233775	-0.00880532	-0.214438	-0.342089	-0.388798	-0.368544	-0.298999	-0.200748	-0.111509	-0.0659377	-0.0527678	-0.0513833	-0.0523856	-0.0515768	-0.049755	-0.0539132	-0.0786262	-0.141169	-0.240645	-0.333845	-0.383287	-0.378744	-0.301865	-0.140108	0.0875756	0.330773	0.550986	0.739759	0.875674	0.930286	0.882649	0.721811	0.47679	0.196628	-0.0779787	-0.305891	-0.454093	-0.505879	-0.472869	-0.39085	-0.277574	-0.140954	0	
0	-0.000123041	0.00220502	0.000159628	0.0021311	0.000159921	0.0006317	-1.30578e-05	-0.00188926	0.000379866	-0.00166598	-0.00199974	0.0015251	-0.00224943	-0.00174247	-0.000160391	-0.00311219	-0.00441537	-0.00288199	0.00124469	-0.00248226	-0.000238	-0.00379442	-0.000735412	-0.00210835	-0.00201821	-0.000724934	-0.00167855	-0.0017956	-0.00187311	-0.00262539	-0.00424785	-0.00143575	-0.00942769	-0.0120788	-0.0204179	-0.0340648	-0.063636	-0.0974903	-0.152817	-0.223581	-0.317575	-0.410506	-0.489676	-0.541277	-0.53738	-0.437176	-0.245303	0.00823838	0.295214	0.586128	0.815484	0.948207	0.967924	0.887422	0.732869	0.52376	0.280607	0.021478	-0.194105	-0.329247	-0.386316	-0.38223	-0.327618	-0.235841	-0.149807	-0.0966072	-0.0687273	-0.0525226	-0.0406847	-0.0423623	-0.0607244	-0.0801406	-0.112507	-0.182334	-0.274433	-0.351105	-0.387443	-0.37124	-0.286027	-0.115514	0.124938	0.382196	0.612843	0.802257	0.930997	0.972968	0.909802	0.735832	0.476199	0.1821	-0.0962413	-0.324254	-0.477013	-0.532017	-0.496652	-0.409578	-0.291647	-0.149606	0	
0	-0.000743411	-0.00015705	-0.00148385	-0.00135693	-0.000594224	-0.00226178	0.000545144	-0.000160488	0.000401685	0.00254177	-0.000325814	0.00119653	-0.00174247	-0.0022935	-0.000365661	-0.00289319	0.00327712	0.00102296	-0.00183081	-0.00508577	9.43001e-05	-0.00191057	-0.00105379	-0.00200708	-0.00195479	-0.00208196	-0.0029435	-0.0023237	-0.0029815	-0.00272798	-0.00437603	-0.00464408	-0.0098122	-0.0123942	-0.023203	-0.0383165	-0.0669796	-0.103679	-0.162782	-0.237345	-0.332896	-0.428081	-0.51167	-0.564934	-0.556815	-0.455425	-0.263821	-0.00937987	0.284702	0.582849	0.823296	0.972427	1.00661	0.942715	0.792666	0.582533	0.327153	0.0566358	-0.162973	-0.305106	-0.372523	-0.387587	-0.350982	-0.273317	-0.189867	-0.13085	-0.090774	-0.0551333	-0.0361323	-0.0402709	-0.0688143	-0.105487	-0.14949	-0.221456	-0.305986	-0.372168	-0.391924	-0.351679	-0.253419	-0.0820587	0.163723	0.434776	0.674809	0.861845	0.981754	1.00804	0.926125	0.739127	0.468626	0.166136	-0.113965	-0.342886	-0.497504	-0.553317	-0.517915	-0.427297	-0.303845	-0.156818	0	
0	-2.71517e-05	-0.00145346	-0.000520727	-0.000560543	8.92463e-05	-0.000490256	0.0013658	-0.00159513	-0.00127858	-0.0016545	-0.00411227	-0.000861971	-0.000160391	-0.000365661	0.00570176	-0.00378176	0.000866097	-0.00331386	-0.00277242	0.00155655	0.00227117	-0.00317685	-0.00171117	0.000442128	-0.00238959	-0.00282058	0.000496795	-0.00176552	-0.00360553	-0.00224141	-0.00178131	-0.00734191	-0.00725096	-0.0131929	-0.0240742	-0.041906	-0.0684681	-0.109835	-0.172265	-0.249437	-0.347179	-0.443615	-0.534137	-0.584934	-0.5742	-0.472911	-0.284283	-0.0294042	0.269989	0.570475	0.820081	0.984208	1.0365	0.992201	0.852523	0.641995	0.378361	0.100576	-0.121483	-0.269483	-0.351571	-0.386857	-0.373374	-0.312553	-0.23409	-0.169009	-0.111862	-0.0622042	-0.0344014	-0.0376163	-0.0804007	-0.132262	-0.190407	-0.268468	-0.339426	-0.384069	-0.378923	-0.320898	-0.220637	-0.0455026	0.210836	0.490591	0.735365	0.919869	1.026	1.03057	0.931273	0.734689	0.456003	0.149093	-0.13197	-0.362333	-0.514874	-0.569089	-0.53691	-0.444782	-0.314332	-0.161971	0	
0	0.00391628	-0.00246351	0.00602616	-0.000378011	0.00027107	0.000975118	-0.0019908	-0.0027875	0.00139634	-0.0015332	-0.000422741	0.00283797	-0.00311219	-0.00289319	-0.00378176	-0.00400346	-0.00178179	-0.000392631	-0.00239366	0.00135107	-0.00484708	-0.00330061	-0.00120555	-4.59229e-05	-0.00380118	-0.00136073	-0.000437764	-0.00357977	-0.00472336	0.000861311	-0.00443348	-0.00891519	-0.00677117	-0.0139793	-0.0278994	-0.0455123	-0.0712078	-0.118872	-0.181494	-0.264422	-0.359312	-0.462959	-0.55492	-0.603962	-0.59003	-0.489518	-0.306544	-0.04709	0.252414	0.552859	0.811045	0.985928	1.06271	1.03699	0.910598	0.702865	0.429157	0.151141	-0.0746523	-0.231926	-0.325556	-0.383415	-0.391139	-0.344665	-0.274039	-0.200367	-0.13037	-0.0754819	-0.0444463	-0.0506931	-0.100778	-0.160959	-0.227892	-0.304355	-0.364644	-0.392072	-0.364742	-0.290883	-0.177273	0.00837389	0.26348	0.543082	0.793362	0.973161	1.06075	1.04379	0.928561	0.720973	0.436789	0.131976	-0.148728	-0.381612	-0.529626	-0.580537	-0.553475	-0.461507	-0.323441	-0.165338	0	
0	-0.00167712	-0.00206838	-0.00236423	-0.00389188	-0.000134034	-0.00194233	0.000512885	0.00167137	0.000429469	0.000283068	-0.000543491	0.000671611	-0.00441537	0.00327712	0.000866097	-0.00178179	0.00135469	0.000923038	-0.00323103	-0.00264303	-0.00270404	-0.000628665	-0.00126644	-0.00195805	-0.00451754	-0.00303905	-0.0014158	-0.00438273	-0.0050807	-0.00025112	-0.00790183	-0.00880191	-0.00728069	-0.0164226	-0.032077	-0.0463173	-0.0758014	-0.125157	-0.190818	-0.273788	-0.369883	-0.477943	-0.570023	-0.616273	-0.598332	-0.503452	-0.321822	-0.0614878	0.233833	0.531531	0.78979	0.977847	1.07428	1.06851	0.959806	0.753027	0.482318	0.208552	-0.0195868	-0.179443	-0.289624	-0.367726	-0.395601	-0.375274	-0.313597	-0.23462	-0.161295	-0.0974125	-0.0614151	-0.0702967	-0.118587	-0.185177	-0.265678	-0.342778	-0.388335	-0.39251	-0.343396	-0.250519	-0.120397	0.0672279	0.315909	0.596296	0.848085	1.01947	1.08798	1.04799	0.915072	0.697871	0.414048	0.115979	-0.164436	-0.400078	-0.542378	-0.589028	-0.566937	-0.476508	-0.331871	-0.167818	0	
0	-0.00118509	0.00351077	-0.0013257	0.0021885	0.000905111	-0.00145426	0.00087806	-0.00249918	-0.00200461	-0.00123212	-0.00331742	-0.000323718	-0.00288199	0.00102296	-0.00331386	-0.000392631	0.000923038	-0.00597349	-0.00231371	0.000771906	0.00145642	-0.00248662	-0.00144383	-0.00203694	-0.00223792	-0.000688209	0.000427183	-0.00419827	-0.00355601	0.00131177	-0.0075579	-0.00595286	-0.00757042	-0.0165708	-0.033087	-0.0453881	-0.0808856	-0.129839	-0.199361	-0.281756	-0.382041	-0.493306	-0.584841	-0.627986	-0.60945	-0.519902	-0.337983	-0.0783559	0.210232	0.502669	0.76079	0.961705	1.07832	1.09464	1.00429	0.803734	0.542737	0.273626	0.0438137	-0.125259	-0.253457	-0.347365	-0.398818	-0.398596	-0.344089	-0.266348	-0.187864	-0.122568	-0.0918463	-0.100103	-0.145961	-0.217869	-0.299625	-0.36944	-0.40349	-0.385633	-0.310378	-0.201552	-0.0649071	0.127579	0.378433	0.652971	0.895907	1.05606	1.1038	1.04163	0.894418	0.669483	0.388014	0.0987483	-0.179077	-0.415278	-0.553098	-0.59654	-0.577369	-0.488733	-0.339914	-0.170383	0	
0	-0.000947608	0.00260775	-0.00204103	0.00220172	-0.000501296	-0.00184418	0.00128486	-0.00291614	-0.0009768	0.000580861	-0.00126163	-4.03204e-06	0.00124469	-0.00183081	-0.00277242	-0.00239366	-0.00323103	-0.00231371	0.00341644	-0.00241597	-0.00442797	-0.00358996	-0.00254874	-0.0016455	-0.00182965	-0.00237675	-0.00388771	-0.00541675	-0.00164035	-0.00208478	-0.00894794	-0.00723368	-0.00849979	-0.020717	-0.0331943	-0.0497889	-0.0855969	-0.136968	-0.206592	-0.290606	-0.394702	-0.506222	-0.596821	-0.635176	-0.619736	-0.531559	-0.34761	-0.0927386	0.189051	0.470926	0.728951	0.93938	1.07081	1.11049	1.03344	0.847594	0.602654	0.340227	0.112869	-0.0682481	-0.209847	-0.315934	-0.389837	-0.408354	-0.366148	-0.29635	-0.220791	-0.15909	-0.133678	-0.140709	-0.181614	-0.251988	-0.326903	-0.386864	-0.406137	-0.36366	-0.274227	-0.158798	-0.00392026	0.202934	0.447286	0.705766	0.934512	1.07862	1.10874	1.03109	0.867426	0.633218	0.359287	0.0815192	-0.191897	-0.426131	-0.562298	-0.604785	-0.584982	-0.497092	-0.347576	-0.174171	0	
0	-0.000423595	-0.00217396	-0.00142626	-0.00226326	-0.00170348	-0.00066346	0.000327239	0.000599425	0.00161218	0.00170108	-0.00226613	0.000162499	-0.00248226	-0.00508577	0.00155655	0.00135107	-0.00264303	0.000771906	-0.00241597	-0.00731586	-0.00126526	-0.000290307	-0.00158169	-0.00243353	-0.00388212	-0.00523263	-0.00224276	-0.00207611	-0.00341326	-0.00638779	-0.00720057	-0.00554387	-0.012045	-0.0221482	-0.0335001	-0.0526479	-0.0906682	-0.142089	-0.212428	-0.299489	-0.405561	-0.51808	-0.603814	-0.642969	-0.628729	-0.539771	-0.35472	-0.105477	0.165032	0.437493	0.693928	0.908335	1.05573	1.1108	1.05111	0.88707	0.660735	0.413367	0.183857	-0.00853649	-0.157582	-0.278147	-0.368352	-0.402603	-0.380889	-0.324115	-0.25875	-0.209536	-0.186704	-0.188808	-0.225253	-0.283999	-0.343527	-0.395931	-0.400678	-0.336764	-0.234016	-0.102322	0.0684829	0.276285	0.5125	0.756515	0.96511	1.09148	1.10629	1.00933	0.829415	0.596463	0.33333	0.0614039	-0.204928	-0.431392	-0.569387	-0.614428	-0.590472	-0.501498	-0.354646	-0.179618	0	
0	0.000391545	0.000717214	0.000393966	0.00168011	-0.00017736	1.16469e-05	-0.000384769	-0.00377617	-0.00179056	-0.00388152	-0.00289774	-0.000212436	-0.000238	9.43001e-05	0.00227117	-0.00484708	-0.00270404	0.00145642	-0.00442797	-0.00126526	0.00474569	-0.00285931	-0.00447289	-0.00306224	-5.60877e-05	-0.0022208	-0.000892617	-0.00352952	-0.00474045	-0.00423013	-0.00244063	-0.00762475	-0.0140441	-0.0197813	-0.0318745	-0.056048	-0.09335	-0.1444	-0.216782	-0.306457	-0.415893	-0.524542	-0.610277	-0.649449	-0.638199	-0.544136	-0.361062	-0.120449	0.139023	0.401555	0.65494	0.87093	1.02938	1.0975	1.05864	0.920814	0.722	0.488493	0.257458	0.0570772	-0.102571	-0.233253	-0.336652	-0.388334	-0.386057	-0.348484	-0.301636	-0.262772	-0.242429	-0.246834	-0.278414	-0.321345	-0.363563	-0.39434	-0.372053	-0.294102	-0.184893	-0.0410997	0.134764	0.343639	0.581942	0.811602	0.989856	1.08829	1.08533	0.977822	0.793327	0.562719	0.303197	0.0372804	-0.214343	-0.431477	-0.575583	-0.624443	-0.594459	-0.503477	-0.360697	-0.185677	0	
0	-0.000518095	0.000666876	-4.68478e-05	-0.00136088	0.00108442	-0.00219406	0.000355484	-0.000448759	0.00041478	4.10329e-05	-1.33458e-05	-8.44306e-05	-0.00379442	-0.00191057	-0.00317685	-0.00330061	-0.000628665	-0.00248662	-0.00358996	-0.000290307	-0.00285931	-0.00777304	-0.002236	0.000209366	-0.0021858	-0.00648273	-0.003862	-0.00197902	-0.00598715	-0.00383677	-0.00499966	-0.0110639	-0.0150957	-0.0183378	-0.0365095	-0.0611957	-0.0970088	-0.148575	-0.224166	-0.316863	-0.425959	-0.532011	-0.617184	-0.659448	-0.645068	-0.545558	-0.366325	-0.133263	0.114686	0.371886	0.616926	0.833686	0.995217	1.07317	1.0554	0.946885	0.776092	0.556711	0.326752	0.121094	-0.0419429	-0.179943	-0.288653	-0.35426	-0.377175	-0.36689	-0.35039	-0.327056	-0.311373	-0.317299	-0.336047	-0.357689	-0.372738	-0.372314	-0.332811	-0.248557	-0.127742	0.022888	0.199817	0.417715	0.654264	0.855327	0.998136	1.07273	1.05789	0.942691	0.7529	0.524968	0.273271	0.0171873	-0.221803	-0.432405	-0.579878	-0.631188	-0.598415	-0.505794	-0.365023	-0.190422	0	
0	-0.000880937	0.000397052	-0.00104228	-0.0013748	0.00121917	-0.00349668	0.00185032	-0.00163293	-0.00186156	0.00175286	-0.00335484	8.18212e-05	-0.000735412	-0.00105379	-0.00171117	-0.00120555	-0.00126644	-0.00144383	-0.00254874	-0.00158169	-0.00447289	-0.002236	-0.0012612	-0.00116431	-0.00653349	-0.0053057	-0.000971632	-0.00162939	-0.00948308	-0.00332119	-0.00529565	-0.012195	-0.0138292	-0.0194228	-0.0394824	-0.0634906	-0.0969755	-0.152787	-0.228887	-0.324839	-0.430658	-0.535998	-0.622767	-0.666795	-0.646572	-0.543852	-0.370771	-0.147123	0.0936092	0.341495	0.57836	0.789422	0.949015	1.03629	1.0398	0.965603	0.822508	0.620385	0.396428	0.191797	0.0251944	-0.115774	-0.229508	-0.311995	-0.358944	-0.387421	-0.401759	-0.391805	-0.385698	-0.387835	-0.39628	-0.398847	-0.376905	-0.3417	-0.282201	-0.187262	-0.0618228	0.0900106	0.270061	0.487747	0.710447	0.888227	1.00464	1.05236	1.01769	0.894645	0.709269	0.492121	0.248091	-0.0017409	-0.231469	-0.43446	-0.579814	-0.6338	-0.603956	-0.5099	-0.367193	-0.192601	0	
0	-0.00112705	-0.000465363	-0.00236276	-0.000822864	-0.00108032	-0.00156033	0.000553474	-0.00114126	-0.001238	0.000488583	-0.0038113	5.13395e-06	-0.00210835	-0.00200708	0.000442128	-4.59229e-05	-0.00195805	-0.00203694	-0.0016455	-0.00243353	-0.00306224	0.000209366	-0.00116431	-0.0057421	-0.00441779	-0.00122425	0.000358132	-0.00753772	-0.00743359	-0.000319255	-0.00585232	-0.0139046	-0.0120845	-0.0203726	-0.041331	-0.0632776	-0.0984878	-0.155988	-0.233931	-0.330397	-0.433605	-0.540624	-0.628856	-0.673697	-0.643798	-0.54424	-0.376	-0.160745	0.0756478	0.313875	0.540537	0.741737	0.896995	0.990533	1.018	0.97425	0.856448	0.674704	0.460869	0.264203	0.0979029	-0.0429487	-0.159634	-0.25611	-0.33354	-0.403434	-0.450282	-0.463028	-0.462625	-0.460702	-0.459974	-0.434265	-0.374376	-0.303985	-0.220626	-0.115756	0.0125715	0.16216	0.339771	0.550515	0.754658	0.911819	1.00536	1.02182	0.963598	0.841472	0.670388	0.461213	0.221748	-0.0179204	-0.239285	-0.438048	-0.578158	-0.632771	-0.609734	-0.515907	-0.368124	-0.191981	0	
0	0.00039627	0.00340693	0.000443148	0.00413935	-0.000541066	0.000836724	-0.00063884	-0.00416226	-0.000421674	-0.00426558	-0.0020801	-0.000984069	-0.00201821	-0.00195479	-0.00238959	-0.00380118	-0.00451754	-0.00223792	-0.00182965	-0.00388212	-5.60877e-05	-0.0021858	-0.00653349	-0.00441779	0.00225438	-0.00341821	-0.00591381	-0.00606115	-0.00105603	-0.00229673	-0.0103517	-0.0117553	-0.0100062	-0.0230902	-0.0430691	-0.0633706	-0.101132	-0.159916	-0.240139	-0.334664	-0.438666	-0.546499	-0.639369	-0.676856	-0.64408	-0.546611	-0.3852	-0.172343	0.0603898	0.288361	0.504386	0.692363	0.842296	0.941814	0.991775	0.970986	0.878079	0.715635	0.521594	0.337086	0.173702	0.03805	-0.0841321	-0.193699	-0.302915	-0.412667	-0.492664	-0.529822	-0.536691	-0.535649	-0.522372	-0.467276	-0.370082	-0.258561	-0.147341	-0.0328891	0.0928695	0.237299	0.409728	0.602115	0.784957	0.92747	0.994044	0.977287	0.907364	0.792942	0.628363	0.424311	0.200108	-0.025271	-0.247353	-0.446041	-0.575732	-0.628185	-0.614517	-0.523173	-0.368925	-0.189466	0	
0	-0.00144928	-0.00117538	-0.00269342	-0.00261024	-0.00143583	-0.00211659	-0.000108847	0.000704488	0.000954145	0.00112567	0.00191456	-0.0010876	-0.000724934	-0.00208196	-0.00282058	-0.00136073	-0.00303905	-0.000688209	-0.00237675	-0.00523263	-0.0022208	-0.00648273	-0.0053057	-0.00122425	-0.00341821	-0.0103092	-0.00503489	-0.00260606	-0.00607727	-0.00995101	-0.0104568	-0.00922029	-0.0150621	-0.0285938	-0.0440284	-0.0645206	-0.105607	-0.164773	-0.24464	-0.336944	-0.441949	-0.552778	-0.644128	-0.674341	-0.640727	-0.548056	-0.389406	-0.176274	0.0506888	0.268395	0.469138	0.643342	0.784496	0.890336	0.954087	0.950517	0.877843	0.740842	0.575486	0.408528	0.259278	0.127333	0.00217338	-0.124631	-0.268869	-0.414239	-0.532147	-0.592979	-0.610716	-0.608586	-0.573253	-0.491107	-0.357475	-0.207586	-0.0732533	0.0533772	0.178727	0.316916	0.477698	0.646602	0.804864	0.921395	0.962855	0.934842	0.859079	0.737692	0.57741	0.392626	0.188265	-0.0323123	-0.258394	-0.452343	-0.57259	-0.625033	-0.617585	-0.52816	-0.37041	-0.188123	0	
0	-0.00109187	-0.000133393	-0.00135963	-0.00186474	0.000524744	-0.002957	0.000622504	-0.00170122	-0.00245114	-0.000499547	-0.00455535	-0.00200099	-0.00167855	-0.0029435	0.000496795	-0.000437764	-0.0014158	0.000427183	-0.00388771	-0.00224276	-0.000892617	-0.003862	-0.000971632	0.000358132	-0.00591381	-0.00503489	-0.00085384	-0.00197315	-0.0080456	-0.00594238	-0.00457627	-0.00848382	-0.0175838	-0.025651	-0.0390298	-0.0643947	-0.106635	-0.165552	-0.243372	-0.336526	-0.444859	-0.558137	-0.645059	-0.67107	-0.642881	-0.553579	-0.395309	-0.181385	0.0380548	0.244793	0.43114	0.592269	0.728319	0.839098	0.910111	0.917514	0.863739	0.757546	0.62437	0.481853	0.348234	0.22048	0.0880418	-0.0614828	-0.234655	-0.412102	-0.559457	-0.642898	-0.674878	-0.666364	-0.614111	-0.505866	-0.338746	-0.162193	-0.000196395	0.144594	0.270165	0.401695	0.541188	0.679844	0.808474	0.895113	0.922948	0.892896	0.806683	0.680245	0.533285	0.366898	0.173409	-0.0428278	-0.263521	-0.452804	-0.574569	-0.627268	-0.61621	-0.527999	-0.373731	-0.190528	0	
0	0.000820696	0.00196091	0.00175975	0.00221444	0.00180998	-0.000654133	0.000188891	-0.00299534	-0.0037252	-0.00208948	-0.00459758	-0.00161467	-0.0017956	-0.0023237	-0.00176552	-0.00357977	-0.00438273	-0.00419827	-0.00541675	-0.00207611	-0.00352952	-0.00197902	-0.00162939	-0.00753772	-0.00606115	-0.00260606	-0.00197315	-0.00587395	-0.00823893	-0.00567415	-0.0048866	-0.0132427	-0.0190631	-0.0241582	-0.0401481	-0.0695803	-0.109979	-0.167796	-0.244527	-0.341225	-0.45187	-0.564555	-0.643992	-0.673106	-0.648605	-0.560623	-0.396922	-0.185231	0.02789	0.22372	0.397874	0.548524	0.681331	0.791378	0.859758	0.871198	0.833557	0.76076	0.660608	0.548303	0.434805	0.311988	0.170765	-0.00120731	-0.19775	-0.398753	-0.570055	-0.676809	-0.723133	-0.711751	-0.642611	-0.509276	-0.319495	-0.116955	0.0734372	0.234685	0.365918	0.484647	0.595575	0.704007	0.794741	0.852141	0.876383	0.845064	0.753784	0.631778	0.494403	0.338677	0.156093	-0.0506808	-0.26272	-0.4522	-0.581824	-0.632018	-0.611286	-0.52464	-0.378138	-0.195484	0	
0	-0.00142407	0.000741654	-0.00281649	-0.000862661	-0.00209983	-0.00218846	-0.000148574	-0.00126308	0.00192426	0.00100053	0.000657768	0.00145629	-0.00187311	-0.0029815	-0.00360553	-0.00472336	-0.0050807	-0.00355601	-0.00164035	-0.00341326	-0.00474045	-0.00598715	-0.00948308	-0.00743359	-0.00105603	-0.00607727	-0.0080456	-0.00823893	-0.00987702	-0.00646363	-0.00795271	-0.0177371	-0.020073	-0.0242154	-0.0447773	-0.0739311	-0.111829	-0.168009	-0.24682	-0.345852	-0.457466	-0.563703	-0.641646	-0.675508	-0.654267	-0.561089	-0.394552	-0.186586	0.0188282	0.205146	0.368619	0.51191	0.640377	0.740783	0.799671	0.808345	0.789793	0.747818	0.684083	0.60799	0.517255	0.403445	0.250073	0.0581416	-0.156949	-0.375972	-0.566439	-0.695905	-0.754298	-0.740585	-0.65465	-0.497484	-0.289708	-0.0688496	0.140731	0.318865	0.455834	0.557597	0.640485	0.715688	0.771529	0.806647	0.81703	0.782162	0.705207	0.595291	0.46045	0.311598	0.138079	-0.0592574	-0.260749	-0.450776	-0.588843	-0.637234	-0.607944	-0.521007	-0.380745	-0.200098	0	
0	-0.00169383	-0.0020012	-0.00374404	-0.00251026	-0.00258426	-0.00241804	-0.000498599	-0.00173121	-0.00139938	-0.00170976	-0.00254584	-0.00381398	-0.00262539	-0.00272798	-0.00224141	0.000861311	-0.00025112	0.00131177	-0.00208478	-0.00638779	-0.00423013	-0.00383677	-0.00332119	-0.000319255	-0.00229673	-0.00995101	-0.00594238	-0.00567415	-0.00646363	-0.00393409	-0.0102175	-0.0178373	-0.0147493	-0.0224347	-0.0467616	-0.0724943	-0.107479	-0.165081	-0.246588	-0.34728	-0.455143	-0.557694	-0.639479	-0.680117	-0.657147	-0.559498	-0.394358	-0.193574	0.00477602	0.182488	0.339544	0.478684	0.60011	0.686686	0.731246	0.741296	0.740485	0.728224	0.701528	0.659844	0.594378	0.484851	0.317944	0.109091	-0.119855	-0.348699	-0.550451	-0.69089	-0.756719	-0.739442	-0.638814	-0.471586	-0.255006	-0.0237644	0.195643	0.389278	0.533205	0.62347	0.68134	0.719096	0.738352	0.746141	0.742488	0.720092	0.666114	0.564525	0.431273	0.286069	0.11864	-0.0664509	-0.259413	-0.451953	-0.592667	-0.639833	-0.609226	-0.520229	-0.379888	-0.201282	0	
0	0.000400951	0.0035706	0.00199021	0.00262361	0.00274834	-0.000564066	-0.000129684	-0.00322065	-0.00439203	-0.00478768	-0.00678735	-0.00437305	-0.00424785	-0.00437603	-0.00178131	-0.00443348	-0.00790183	-0.0075579	-0.00894794	-0.00720057	-0.00244063	-0.00499966	-0.00529565	-0.00585232	-0.0103517	-0.0104568	-0.00457627	-0.0048866	-0.00795271	-0.0102175	-0.0156537	-0.0140077	-0.0136716	-0.0295776	-0.0519034	-0.0713296	-0.108344	-0.169476	-0.253413	-0.351304	-0.455793	-0.558755	-0.648559	-0.690128	-0.662059	-0.561305	-0.40095	-0.204583	-0.0106195	0.164774	0.320284	0.458111	0.568173	0.635693	0.666668	0.675764	0.688466	0.697753	0.701259	0.6918	0.648513	0.544523	0.37167	0.15558	-0.0774091	-0.307223	-0.511668	-0.657191	-0.725416	-0.707983	-0.607398	-0.436014	-0.215139	0.0163886	0.245059	0.452813	0.599641	0.677143	0.702489	0.701512	0.694004	0.683541	0.6743	0.662559	0.621878	0.532452	0.408434	0.266164	0.105396	-0.0726507	-0.268182	-0.457885	-0.587666	-0.637543	-0.617242	-0.524655	-0.375314	-0.196669	0	
0	-0.000333469	-0.000499637	-0.00151177	-0.00129022	-0.0022322	-0.0034715	-0.00189157	-0.00361061	-0.00218535	-0.000361496	-0.000996187	-0.000534115	-0.00143575	-0.00464408	-0.00734191	-0.00891519	-0.00880191	-0.00595286	-0.00723368	-0.00554387	-0.00762475	-0.0110639	-0.012195	-0.0139046	-0.0117553	-0.00922029	-0.00848382	-0.0132427	-0.0177371	-0.0178373	-0.0140077	-0.0145361	-0.0248721	-0.0398247	-0.0513858	-0.0716596	-0.113451	-0.176359	-0.25604	-0.350496	-0.452135	-0.561226	-0.654238	-0.691744	-0.658199	-0.560484	-0.406087	-0.213743	-0.0217058	0.152257	0.308773	0.439702	0.532559	0.580255	0.598945	0.609834	0.629356	0.655907	0.685271	0.703349	0.681645	0.586446	0.416978	0.20312	-0.0271915	-0.255208	-0.457018	-0.597987	-0.665298	-0.650012	-0.553002	-0.385806	-0.166617	0.0670699	0.296042	0.497629	0.636685	0.700649	0.701748	0.676167	0.649185	0.626396	0.613158	0.600318	0.568911	0.502519	0.39521	0.257233	0.0964628	-0.0879405	-0.285395	-0.459649	-0.57757	-0.637033	-0.627717	-0.529781	-0.369871	-0.189677	0	
0	-0.00291877	-0.00220995	-0.00577535	-0.00512923	-0.00439614	-0.00512602	-0.00228499	-0.00278589	-0.00202625	-0.00302186	-0.00617287	-0.0063161	-0.00942769	-0.0098122	-0.00725096	-0.00677117	-0.00728069	-0.00757042	-0.00849979	-0.012045	-0.0140441	-0.0150957	-0.0138292	-0.0120845	-0.0100062	-0.0150621	-0.0175838	-0.0190631	-0.020073	-0.0147493	-0.0136716	-0.0248721	-0.0347295	-0.0369777	-0.0483372	-0.0763199	-0.120406	-0.178024	-0.255261	-0.346894	-0.452741	-0.567121	-0.65926	-0.690673	-0.65819	-0.568299	-0.41909	-0.228242	-0.0366121	0.140588	0.296314	0.41787	0.492521	0.525219	0.540148	0.549866	0.573699	0.609999	0.656069	0.694878	0.688157	0.606072	0.449937	0.246747	0.0240852	-0.196461	-0.38771	-0.515096	-0.570242	-0.555023	-0.468962	-0.312836	-0.104816	0.116119	0.330705	0.518634	0.647468	0.699164	0.684914	0.643715	0.602216	0.570602	0.552173	0.538954	0.522039	0.478203	0.385814	0.250768	0.0827403	-0.106157	-0.294073	-0.459396	-0.580031	-0.640631	-0.627719	-0.53016	-0.370085	-0.187338	0	
0	-3.88651e-05	0.000747962	-0.000621941	0.00026782	-0.00165737	-0.00415944	-0.00459486	-0.00972434	-0.011004	-0.0123327	-0.0139122	-0.0133889	-0.0120788	-0.0123942	-0.0131929	-0.0139793	-0.0164226	-0.0165708	-0.020717	-0.0221482	-0.0197813	-0.0183378	-0.0194228	-0.0203726	-0.0230902	-0.0285938	-0.025651	-0.0241582	-0.0242154	-0.0224347	-0.0295776	-0.0398247	-0.0369777	-0.0384763	-0.0595651	-0.0904141	-0.127334	-0.182676	-0.25791	-0.351491	-0.461524	-0.577778	-0.663395	-0.692395	-0.667393	-0.58479	-0.437506	-0.2458	-0.0506668	0.12961	0.283619	0.391988	0.453178	0.480712	0.493725	0.502463	0.522832	0.559762	0.611438	0.655931	0.659822	0.59603	0.462776	0.283004	0.0799311	-0.123838	-0.292679	-0.395714	-0.43911	-0.428108	-0.360407	-0.230543	-0.0424656	0.165174	0.362029	0.527056	0.633655	0.669992	0.646962	0.59547	0.545654	0.515302	0.502806	0.496252	0.486009	0.449024	0.367068	0.239854	0.0730044	-0.111403	-0.296831	-0.47253	-0.596315	-0.639459	-0.615547	-0.52807	-0.376812	-0.19111	0	
0	-0.00160871	-0.000696785	-0.00392414	-0.00499931	-0.00617627	-0.00967298	-0.0096471	-0.0121983	-0.0127681	-0.0137224	-0.0168526	-0.0163533	-0.0204179	-0.023203	-0.0240742	-0.0278994	-0.032077	-0.033087	-0.0331943	-0.0335001	-0.0318745	-0.0365095	-0.0394824	-0.041331	-0.0430691	-0.0440284	-0.0390298	-0.0401481	-0.0447773	-0.0467616	-0.0519034	-0.0513858	-0.0483372	-0.0595651	-0.0840738	-0.105823	-0.140273	-0.194521	-0.27043	-0.365157	-0.47838	-0.588402	-0.667844	-0.701037	-0.684618	-0.605466	-0.455943	-0.260838	-0.0618292	0.121273	0.266832	0.363734	0.417889	0.44454	0.456851	0.457169	0.469003	0.497414	0.541305	0.584981	0.60033	0.563442	0.467183	0.322198	0.14651	-0.0313489	-0.175168	-0.257435	-0.287659	-0.28082	-0.233523	-0.126553	0.0385164	0.219617	0.387331	0.519773	0.594209	0.60827	0.576794	0.529441	0.491204	0.472253	0.469011	0.466938	0.451988	0.412449	0.342483	0.231615	0.0730069	-0.112932	-0.308812	-0.492316	-0.60803	-0.636196	-0.606921	-0.52473	-0.381152	-0.197377	0	
0	-0.00392011	-0.00647679	-0.010992	-0.0121822	-0.0152394	-0.0182508	-0.0179758	-0.0225722	-0.0232694	-0.0250513	-0.0285091	-0.0307141	-0.0340648	-0.0383165	-0.041906	-0.0455123	-0.0463173	-0.0453881	-0.0497889	-0.0526479	-0.056048	-0.0611957	-0.0634906	-0.0632776	-0.0633706	-0.0645206	-0.0643947	-0.0695803	-0.0739311	-0.0724943	-0.0713296	-0.0716596	-0.0763199	-0.0904141	-0.105823	-0.124411	-0.158623	-0.212891	-0.28761	-0.385692	-0.494105	-0.595939	-0.676278	-0.718778	-0.709471	-0.629346	-0.478223	-0.281098	-0.0797469	0.0983041	0.23478	0.324582	0.380975	0.412989	0.42262	0.416795	0.416959	0.42945	0.457714	0.4929	0.519433	0.513007	0.455824	0.351528	0.214792	0.0711899	-0.0406571	-0.0969529	-0.115916	-0.111293	-0.0791153	-0.000220951	0.130749	0.276645	0.405061	0.49218	0.525622	0.517693	0.487425	0.45673	0.438352	0.434873	0.441093	0.441752	0.424813	0.38508	0.320996	0.220063	0.0677098	-0.121852	-0.32268	-0.501593	-0.612416	-0.642651	-0.609509	-0.518079	-0.377177	-0.201242	0	
0	-0.00534581	-0.00886532	-0.0146604	-0.0190263	-0.0226422	-0.0282487	-0.031061	-0.0366665	-0.0408042	-0.0460864	-0.0535673	-0.0566629	-0.063636	-0.0669796	-0.0684681	-0.0712078	-0.0758014	-0.0808856	-0.0855969	-0.0906682	-0.09335	-0.0970088	-0.0969755	-0.0984878	-0.101132	-0.105607	-0.106635	-0.109979	-0.111829	-0.107479	-0.108344	-0.113451	-0.120406	-0.127334	-0.140273	-0.158623	-0.193382	-0.245562	-0.324175	-0.418751	-0.517987	-0.617174	-0.705851	-0.756818	-0.746752	-0.664787	-0.51149	-0.311954	-0.112422	0.0605171	0.190936	0.285633	0.3517	0.387982	0.395749	0.379667	0.363037	0.350779	0.353005	0.378028	0.416654	0.440584	0.427643	0.373129	0.286221	0.190222	0.114283	0.0786018	0.0706434	0.0747771	0.0931886	0.146577	0.236873	0.33059	0.405565	0.44611	0.445145	0.41599	0.382894	0.370831	0.379096	0.395852	0.41559	0.426783	0.414443	0.369937	0.298605	0.197681	0.050961	-0.133437	-0.328869	-0.503659	-0.618125	-0.654555	-0.61728	-0.514227	-0.367825	-0.195206	0	
0	-0.00754087	-0.0132231	-0.0224148	-0.0281229	-0.0366333	-0.0462192	-0.0524342	-0.0641237	-0.0713615	-0.0788355	-0.0867596	-0.0915978	-0.0974903	-0.103679	-0.109835	-0.118872	-0.125157	-0.129839	-0.136968	-0.142089	-0.1444	-0.148575	-0.152787	-0.155988	-0.159916	-0.164773	-0.165552	-0.167796	-0.168009	-0.165081	-0.169476	-0.176359	-0.178024	-0.182676	-0.194521	-0.212891	-0.245562	-0.301224	-0.376789	-0.460726	-0.553589	-0.659184	-0.756595	-0.805959	-0.793346	-0.709737	-0.55596	-0.357672	-0.162905	0.0033408	0.138016	0.244503	0.32075	0.361011	0.36393	0.33796	0.29988	0.256345	0.233225	0.248999	0.298733	0.352561	0.382524	0.383775	0.360864	0.320192	0.283593	0.269666	0.266748	0.268713	0.276659	0.301965	0.346274	0.383965	0.402889	0.394456	0.354931	0.302847	0.267649	0.272117	0.309325	0.357348	0.398306	0.419734	0.41158	0.362907	0.279492	0.169124	0.0255992	-0.145977	-0.332686	-0.508279	-0.624759	-0.661029	-0.625171	-0.518495	-0.358067	-0.179336	0	
