0	0	0	0	0	0	0	0	0	0	0	0	0	0	0	0	0	0	0	0	0	0	0	0	0	0	0	0	0	0	0	0	0	0	0	0	0	0	0	0	0	0	0	0	0	0	0	0	0	0	0	0	0	0	0	0	0	0	0	0	0	0	0	0	0	0	0	0	0	0	0	0	0	0	0	0	0	0	0	0	0	0	0	0	0	0	0	0	0	0	0	0	0	0	0	0	0	0	0	0	
0	-0.00579621	-0.0101979	-0.0108578	-0.00845711	-0.00550868	-0.00633717	-0.0125463	-0.0194328	-0.024305	-0.0230743	-0.0177055	-0.00943621	0.000624913	0.0078312	0.0138863	0.016624	0.0177182	0.0155376	0.0076869	-0.00141261	-0.011114	-0.0198624	-0.0272395	-0.0294365	-0.0224409	-0.00885383	0.00375386	0.0133873	0.0175748	0.015678	0.00346773	-0.016412	-0.0388552	-0.06074	-0.076805	-0.0841927	-0.0846164	-0.0744605	-0.0586482	-0.0402347	-0.0201714	0.00136109	0.0262647	0.052928	0.0781082	0.104352	0.128928	0.151255	0.175539	0.202771	0.228117	0.247301	0.258458	0.258944	0.246579	0.222757	0.188691	0.144795	0.0909444	0.028693	-0.0388727	-0.114086	-0.197192	-0.278731	-0.354812	-0.419276	-0.468973	-0.503967	-0.525002	-0.524963	-0.502496	-0.465146	-0.409445	-0.342941	-0.271328	-0.195226	-0.118666	-0.0447569	0.0232217	0.0821344	0.129072	0.168134	0.199758	0.220399	0.228703	0.228275	0.224516	0.214434	0.195656	0.173167	0.151889	0.129082	0.104601	0.0830236	0.0627668	0.0442669	0.0284622	0.0133257	0	
0	-0.0101979	-0.0171909	-0.0178502	-0.011671	-0.00513152	-0.006564	-0.017429	-0.0324589	-0.0401141	-0.0392218	-0.0273149	-0.010833	0.0083048	0.0242278	0.0344668	0.0410081	0.0424635	0.0376562	0.0221771	0.00380348	-0.0162469	-0.0324585	-0.0477684	-0.0513075	-0.0368203	-0.0103931	0.0152633	0.0338354	0.0424823	0.0378608	0.0161678	-0.0227272	-0.0636698	-0.103215	-0.130435	-0.142611	-0.136516	-0.115467	-0.0809594	-0.0421727	-0.00213094	0.0361887	0.0835395	0.128459	0.169177	0.213458	0.255226	0.291285	0.331459	0.379268	0.425858	0.463886	0.48443	0.482429	0.456604	0.410659	0.341919	0.253136	0.144939	0.0245621	-0.106753	-0.249637	-0.406055	-0.556926	-0.694467	-0.811265	-0.897124	-0.959166	-0.995184	-0.994214	-0.954267	-0.885523	-0.785788	-0.663526	-0.531394	-0.389574	-0.24308	-0.101673	0.0308007	0.146858	0.240345	0.318189	0.379068	0.418295	0.434693	0.43568	0.427615	0.406547	0.373441	0.333307	0.295438	0.254976	0.207352	0.167315	0.13189	0.0938773	0.0609583	0.0316204	0	
0	-0.0108578	-0.0178502	-0.0146984	-0.00292068	0.0095797	0.0103026	-0.00562278	-0.0249524	-0.038588	-0.035343	-0.0199062	0.00342934	0.0310971	0.0507063	0.0659469	0.0720502	0.0730682	0.0645095	0.0399045	0.0111896	-0.0189015	-0.0455139	-0.0674884	-0.0739073	-0.0529233	-0.0126944	0.0260907	0.0563196	0.0716141	0.0698646	0.0405029	-0.010148	-0.065853	-0.118112	-0.151877	-0.159959	-0.14682	-0.105993	-0.0510687	0.00704217	0.0638172	0.117972	0.175971	0.232662	0.281002	0.3296	0.373291	0.412088	0.459296	0.519171	0.579273	0.625792	0.651668	0.648014	0.608316	0.535256	0.432361	0.302252	0.146397	-0.0280012	-0.211464	-0.408328	-0.619534	-0.819881	-1.00025	-1.14691	-1.25476	-1.32892	-1.37365	-1.37133	-1.3178	-1.23103	-1.09991	-0.940828	-0.76608	-0.574903	-0.376028	-0.177872	0.00977649	0.176285	0.311632	0.425347	0.51763	0.577658	0.601845	0.601924	0.593032	0.568004	0.521579	0.467093	0.417488	0.363989	0.304754	0.251513	0.19867	0.145926	0.0969283	0.0473973	0	
0	-0.00845711	-0.011671	-0.00292068	0.0172691	0.0379557	0.0414948	0.025099	-0.000653658	-0.0148729	-0.0120424	0.00935472	0.0393488	0.07196	0.0969094	0.110235	0.114833	0.10962	0.091772	0.0536855	0.00968896	-0.0361936	-0.0733837	-0.105662	-0.113044	-0.0842311	-0.029081	0.0272414	0.0719404	0.0992935	0.103142	0.0748848	0.0170463	-0.0454277	-0.103411	-0.13703	-0.141529	-0.113242	-0.0575027	0.0180043	0.0959473	0.16863	0.230472	0.29965	0.358286	0.403841	0.450506	0.49048	0.520814	0.561262	0.62003	0.681409	0.73088	0.75193	0.734189	0.673301	0.576791	0.442601	0.276076	0.0811834	-0.12774	-0.344693	-0.57266	-0.814617	-1.04026	-1.23808	-1.39746	-1.50844	-1.58653	-1.63334	-1.63038	-1.57336	-1.47763	-1.33556	-1.15848	-0.962559	-0.745172	-0.511847	-0.277733	-0.0501707	0.155876	0.326619	0.47282	0.590883	0.67085	0.708772	0.717267	0.71091	0.682692	0.632276	0.571162	0.514691	0.453079	0.378983	0.314303	0.253766	0.186228	0.123564	0.0644019	0	
0	-0.00550868	-0.00513152	0.0095797	0.0379557	0.0660044	0.0744853	0.0550898	0.0271735	0.00818866	0.0136458	0.0382498	0.073159	0.11102	0.135192	0.148007	0.145716	0.133073	0.103796	0.0499236	-0.011625	-0.073317	-0.125519	-0.165535	-0.176156	-0.138557	-0.0666626	0.00944416	0.0743431	0.11834	0.135735	0.112888	0.0551258	-0.0105653	-0.0716684	-0.105364	-0.101854	-0.0646524	0.00877028	0.101192	0.193915	0.277139	0.348287	0.41936	0.480499	0.523526	0.560986	0.587855	0.60478	0.631864	0.677907	0.728319	0.760954	0.764466	0.726994	0.642827	0.517156	0.357041	0.169496	-0.0416528	-0.263615	-0.486435	-0.716861	-0.960356	-1.186	-1.38277	-1.53585	-1.64187	-1.71468	-1.76149	-1.75968	-1.70261	-1.61023	-1.46801	-1.29298	-1.09794	-0.878759	-0.641868	-0.396549	-0.154569	0.0687198	0.258771	0.427554	0.573945	0.679249	0.735428	0.759084	0.7679	0.750779	0.701575	0.637637	0.57681	0.507662	0.428099	0.355772	0.283383	0.208412	0.138523	0.0694354	0	
0	-0.00633717	-0.006564	0.0103026	0.0414948	0.0744853	0.0822624	0.0606467	0.0255125	0.00401327	0.00944608	0.0384846	0.0801772	0.121793	0.150264	0.160696	0.155861	0.136196	0.0970025	0.0296165	-0.0477584	-0.124938	-0.187256	-0.235289	-0.243161	-0.196132	-0.105496	-0.00721368	0.0777641	0.140046	0.170186	0.153528	0.0968322	0.0279618	-0.0363119	-0.0693581	-0.0634028	-0.0158604	0.0690173	0.175841	0.282188	0.375834	0.450552	0.526565	0.584924	0.621522	0.650038	0.662525	0.656526	0.657841	0.679415	0.703202	0.710466	0.6842	0.614597	0.49856	0.35073	0.176504	-0.0173468	-0.224104	-0.429415	-0.626621	-0.828775	-1.04436	-1.2446	-1.41776	-1.5505	-1.63912	-1.70185	-1.74443	-1.74424	-1.69416	-1.61085	-1.48487	-1.32901	-1.15735	-0.964535	-0.751315	-0.528935	-0.302043	-0.0859289	0.103783	0.281899	0.444084	0.57363	0.658941	0.70974	0.743716	0.747723	0.71411	0.660686	0.605571	0.537023	0.451695	0.373093	0.297639	0.216903	0.142743	0.0739265	0	
0	-0.0125463	-0.017429	-0.00562278	0.025099	0.0550898	0.0606467	0.0306373	-0.0119735	-0.0399167	-0.0351531	-0.00218283	0.0451184	0.0935916	0.125816	0.139892	0.13499	0.115176	0.0722	-0.00116822	-0.0870066	-0.171281	-0.239075	-0.285364	-0.288851	-0.227078	-0.118211	0.000950181	0.105075	0.181114	0.218625	0.204684	0.142139	0.0656204	-0.00598582	-0.044572	-0.0376127	0.0161173	0.111541	0.230994	0.350731	0.453824	0.536146	0.612807	0.669822	0.697507	0.707328	0.69524	0.661831	0.62966	0.612987	0.60158	0.570622	0.50822	0.406071	0.266426	0.101339	-0.0776559	-0.259237	-0.439202	-0.604751	-0.755016	-0.90487	-1.06867	-1.22299	-1.35542	-1.45317	-1.51442	-1.55863	-1.59279	-1.59351	-1.55331	-1.4875	-1.38733	-1.26739	-1.13821	-0.994024	-0.8329	-0.657934	-0.474396	-0.294135	-0.127478	0.0408216	0.210177	0.356766	0.465177	0.549117	0.619275	0.657782	0.655984	0.62805	0.590512	0.534191	0.458972	0.385381	0.30916	0.226559	0.149734	0.0770525	0	
0	-0.0194328	-0.0324589	-0.0249524	-0.000653658	0.0271735	0.0255125	-0.0119735	-0.0641172	-0.0990583	-0.0949122	-0.059444	-0.00480322	0.0494196	0.0886318	0.106842	0.106824	0.0895854	0.0484104	-0.0249261	-0.113388	-0.198602	-0.264676	-0.30614	-0.296947	-0.221457	-0.0926787	0.0465218	0.165554	0.251374	0.291963	0.270419	0.198179	0.105	0.0173561	-0.0321289	-0.0296187	0.0266188	0.132735	0.266978	0.401258	0.516779	0.606312	0.684699	0.734987	0.751114	0.740429	0.697474	0.622604	0.545654	0.486654	0.432836	0.364852	0.270601	0.144326	-0.0129073	-0.181693	-0.347777	-0.505221	-0.647157	-0.76486	-0.856076	-0.944515	-1.04656	-1.14374	-1.22507	-1.27577	-1.30097	-1.31951	-1.33998	-1.3421	-1.316	-1.27469	-1.21203	-1.13912	-1.06486	-0.982212	-0.885074	-0.774567	-0.648986	-0.518438	-0.392784	-0.252387	-0.0972791	0.0526573	0.179768	0.288244	0.392843	0.473492	0.511292	0.523739	0.52463	0.498965	0.447375	0.388477	0.32064	0.241952	0.16329	0.0851277	0	
0	-0.024305	-0.0401141	-0.038588	-0.0148729	0.00818866	0.00401327	-0.0399167	-0.0990583	-0.137332	-0.133808	-0.0923079	-0.0306689	0.0312206	0.0769026	0.10056	0.103741	0.089815	0.0485239	-0.0252298	-0.116038	-0.202955	-0.267114	-0.2998	-0.279203	-0.185403	-0.0380288	0.119778	0.253611	0.345807	0.382161	0.352932	0.263069	0.149843	0.0443617	-0.0211848	-0.0286144	0.0284568	0.139098	0.282754	0.431898	0.559985	0.658725	0.738145	0.78348	0.782179	0.741272	0.660944	0.546691	0.424331	0.317395	0.22544	0.128265	0.0136813	-0.124039	-0.278319	-0.433578	-0.578969	-0.704144	-0.805055	-0.871827	-0.910828	-0.942714	-0.985114	-1.02754	-1.0549	-1.05908	-1.04446	-1.03573	-1.04275	-1.04749	-1.04234	-1.0315	-1.01281	-0.993017	-0.975689	-0.954609	-0.920319	-0.869416	-0.801842	-0.726237	-0.646091	-0.543991	-0.416413	-0.282442	-0.158412	-0.0342668	0.0954785	0.209527	0.294769	0.355654	0.397859	0.412654	0.397596	0.36592	0.316259	0.245622	0.168934	0.0901316	0	
0	-0.0230743	-0.0392218	-0.035343	-0.0120424	0.0136458	0.00944608	-0.0351531	-0.0949122	-0.133808	-0.125248	-0.0770415	-0.00626117	0.0629922	0.114507	0.141162	0.146528	0.131131	0.087456	0.00999875	-0.0879277	-0.17899	-0.246257	-0.275589	-0.245106	-0.140433	0.0221753	0.196697	0.343274	0.442858	0.48015	0.441362	0.339124	0.20605	0.078831	-0.00601734	-0.0249679	0.0251903	0.138454	0.290417	0.447244	0.581381	0.683536	0.756857	0.788755	0.77095	0.703859	0.587827	0.430906	0.267318	0.126823	0.00892037	-0.103844	-0.221311	-0.349777	-0.487875	-0.620776	-0.734021	-0.823935	-0.885307	-0.912942	-0.908436	-0.894803	-0.890525	-0.888155	-0.874652	-0.838784	-0.79393	-0.76407	-0.761032	-0.773532	-0.789493	-0.810711	-0.834288	-0.862364	-0.895669	-0.926038	-0.944245	-0.944329	-0.924538	-0.894661	-0.858365	-0.796754	-0.703134	-0.592568	-0.479672	-0.359295	-0.220166	-0.0821425	0.0311196	0.128597	0.213881	0.268737	0.291443	0.290956	0.264906	0.215864	0.154351	0.0826751	0	
0	-0.0177055	-0.0273149	-0.0199062	0.00935472	0.0382498	0.0384846	-0.00218283	-0.059444	-0.0923079	-0.0770415	-0.0172935	0.0648161	0.143924	0.202591	0.233482	0.238581	0.220479	0.168964	0.0821312	-0.0275425	-0.131289	-0.206799	-0.237567	-0.202663	-0.0891028	0.0849535	0.271857	0.430168	0.535168	0.569348	0.524363	0.410437	0.261155	0.119454	0.0199442	-0.0114762	0.0331246	0.142185	0.290741	0.447551	0.580324	0.677206	0.737433	0.752471	0.709323	0.61039	0.461803	0.278433	0.0900367	-0.0711853	-0.19882	-0.306167	-0.409659	-0.518893	-0.630869	-0.732545	-0.816352	-0.876407	-0.90608	-0.899032	-0.862155	-0.816038	-0.776704	-0.744554	-0.702211	-0.644718	-0.582771	-0.543015	-0.537666	-0.557686	-0.593939	-0.639288	-0.695567	-0.760586	-0.831193	-0.900862	-0.958085	-0.995181	-1.01172	-1.01743	-1.0122	-0.98192	-0.920886	-0.839081	-0.747391	-0.639318	-0.508406	-0.370193	-0.239611	-0.119149	-0.0125648	0.0719084	0.128572	0.159562	0.163826	0.141301	0.104558	0.0584224	0	
0	-0.00943621	-0.010833	0.00342934	0.0393488	0.073159	0.0801772	0.0451184	-0.00480322	-0.0306689	-0.00626117	0.0648161	0.157474	0.245773	0.310178	0.3433	0.34828	0.324831	0.266043	0.17009	0.048177	-0.0662696	-0.152503	-0.186104	-0.150045	-0.0332677	0.145511	0.339135	0.504126	0.612012	0.643913	0.592646	0.469212	0.306422	0.149995	0.0345237	-0.00690192	0.0299591	0.13527	0.281974	0.433674	0.555706	0.638343	0.673346	0.65974	0.590121	0.464091	0.289875	0.0857652	-0.113161	-0.274336	-0.38992	-0.476878	-0.552658	-0.630902	-0.712219	-0.786802	-0.845038	-0.879275	-0.883394	-0.852371	-0.79272	-0.722839	-0.661603	-0.613686	-0.561867	-0.49995	-0.438413	-0.401235	-0.398063	-0.4246	-0.469332	-0.52496	-0.594817	-0.676416	-0.767537	-0.860079	-0.945328	-1.01055	-1.0547	-1.0878	-1.10667	-1.10129	-1.06501	-1.0068	-0.937077	-0.850183	-0.739333	-0.615523	-0.492733	-0.371173	-0.253242	-0.149859	-0.0676849	-0.00638023	0.0302763	0.0440865	0.0428151	0.0264341	0	
0	0.000624913	0.0083048	0.0310971	0.07196	0.11102	0.121793	0.0935916	0.0494196	0.0312206	0.0629922	0.143924	0.245773	0.342226	0.411376	0.447023	0.450123	0.421369	0.353302	0.246972	0.113175	-0.0139776	-0.109138	-0.146576	-0.107003	0.0134406	0.196573	0.395115	0.563585	0.669702	0.694091	0.630197	0.493896	0.316021	0.144851	0.0173371	-0.0334819	-0.00272103	0.0980026	0.239557	0.382575	0.494399	0.561214	0.572056	0.531113	0.432455	0.280088	0.0857122	-0.125444	-0.321396	-0.468452	-0.563799	-0.618659	-0.658896	-0.703159	-0.753903	-0.801647	-0.837182	-0.854227	-0.840345	-0.792853	-0.719036	-0.63752	-0.567721	-0.516606	-0.467751	-0.414935	-0.364035	-0.335681	-0.336187	-0.363758	-0.408161	-0.460449	-0.52816	-0.609044	-0.702752	-0.802969	-0.900354	-0.98162	-1.04407	-1.09495	-1.13027	-1.14275	-1.12986	-1.09766	-1.0516	-0.99176	-0.911211	-0.812242	-0.70482	-0.591127	-0.473579	-0.358433	-0.254458	-0.165971	-0.0990922	-0.0532668	-0.0223522	-0.00753635	0	
0	0.0078312	0.0242278	0.0507063	0.0969094	0.135192	0.150264	0.125816	0.0886318	0.0769026	0.114507	0.202591	0.310178	0.411376	0.48208	0.516556	0.515597	0.478236	0.400531	0.283053	0.139289	0.00255988	-0.100921	-0.138141	-0.0958749	0.0288694	0.215424	0.414633	0.585769	0.689342	0.703904	0.629261	0.478971	0.283639	0.0975704	-0.0476742	-0.111192	-0.0894816	0.00624976	0.142226	0.280259	0.382713	0.437745	0.427525	0.36552	0.248966	0.0816354	-0.121558	-0.332308	-0.516545	-0.648254	-0.718878	-0.741825	-0.746805	-0.75703	-0.77552	-0.793258	-0.807678	-0.805041	-0.77676	-0.719339	-0.643259	-0.563906	-0.498485	-0.457885	-0.421931	-0.386663	-0.351134	-0.332468	-0.336507	-0.361385	-0.398687	-0.440967	-0.49427	-0.559756	-0.639999	-0.727876	-0.820796	-0.902541	-0.971936	-1.03651	-1.08451	-1.11508	-1.12636	-1.11892	-1.09797	-1.06231	-1.0096	-0.939148	-0.849678	-0.748985	-0.640342	-0.521269	-0.4053	-0.299106	-0.207814	-0.133559	-0.0746986	-0.0350016	0	
0	0.0138863	0.0344668	0.0659469	0.110235	0.148007	0.160696	0.139892	0.106842	0.10056	0.141162	0.233482	0.3433	0.447023	0.516556	0.547948	0.540041	0.49196	0.400548	0.27016	0.113857	-0.0349162	-0.146006	-0.187168	-0.140377	-0.0109678	0.177251	0.380841	0.55377	0.655684	0.665077	0.578857	0.415665	0.208598	0.00492746	-0.155061	-0.231943	-0.222159	-0.137201	-0.00710639	0.120974	0.217202	0.265928	0.248731	0.179123	0.0580314	-0.106049	-0.303275	-0.503917	-0.675531	-0.78736	-0.840465	-0.841083	-0.819146	-0.798983	-0.785829	-0.776016	-0.763405	-0.741832	-0.700163	-0.640541	-0.571628	-0.504215	-0.457561	-0.433609	-0.416551	-0.399611	-0.377427	-0.366945	-0.37062	-0.390805	-0.419204	-0.449419	-0.485876	-0.528701	-0.584267	-0.647729	-0.718696	-0.786711	-0.852058	-0.918455	-0.977191	-1.0241	-1.05664	-1.07468	-1.0739	-1.05877	-1.02861	-0.976712	-0.90695	-0.82424	-0.726175	-0.616637	-0.507064	-0.397175	-0.296552	-0.2066	-0.126094	-0.0635556	0	
0	0.016624	0.0410081	0.0720502	0.114833	0.145716	0.155861	0.13499	0.106824	0.103741	0.146528	0.238581	0.34828	0.450123	0.515597	0.540041	0.521795	0.458091	0.350852	0.202465	0.0327947	-0.128839	-0.250732	-0.294167	-0.245448	-0.112388	0.0807853	0.284913	0.463101	0.568001	0.574233	0.484202	0.316614	0.0995397	-0.112039	-0.28531	-0.376422	-0.381406	-0.30787	-0.191979	-0.0736853	0.0170971	0.065633	0.0492941	-0.0136735	-0.120909	-0.269801	-0.449861	-0.630665	-0.778752	-0.877966	-0.920666	-0.905768	-0.864297	-0.822586	-0.785484	-0.746488	-0.713076	-0.67497	-0.625302	-0.566454	-0.508171	-0.460467	-0.433739	-0.429674	-0.430237	-0.431322	-0.423075	-0.417678	-0.421886	-0.435034	-0.451755	-0.469985	-0.485695	-0.50271	-0.53019	-0.56085	-0.603049	-0.648462	-0.700281	-0.764332	-0.82345	-0.878387	-0.929562	-0.964587	-0.977447	-0.974061	-0.958085	-0.924738	-0.869334	-0.807134	-0.73879	-0.651905	-0.561287	-0.468712	-0.373017	-0.275595	-0.180525	-0.0953943	0	
0	0.0177182	0.0424635	0.0730682	0.10962	0.133073	0.136196	0.115176	0.0895854	0.089815	0.131131	0.220479	0.324831	0.421369	0.478236	0.49196	0.458091	0.376156	0.247155	0.0798453	-0.105318	-0.28102	-0.410754	-0.459127	-0.407101	-0.267256	-0.0717269	0.139199	0.324286	0.436209	0.449385	0.362705	0.195268	-0.0194652	-0.238521	-0.421608	-0.526599	-0.547292	-0.49102	-0.386543	-0.278615	-0.190943	-0.139466	-0.144944	-0.193436	-0.282676	-0.403275	-0.554526	-0.711577	-0.842939	-0.924225	-0.953774	-0.927861	-0.872518	-0.812867	-0.75602	-0.703677	-0.658412	-0.613759	-0.563116	-0.511263	-0.46563	-0.430723	-0.42029	-0.42834	-0.442665	-0.459723	-0.463724	-0.466127	-0.470276	-0.474469	-0.477136	-0.478602	-0.472513	-0.463906	-0.463681	-0.467112	-0.481239	-0.50317	-0.5383	-0.586984	-0.6384	-0.690388	-0.741861	-0.785706	-0.807727	-0.813641	-0.812079	-0.796822	-0.767067	-0.733678	-0.692517	-0.641359	-0.588356	-0.519314	-0.435261	-0.337996	-0.229734	-0.122881	0	
0	0.0155376	0.0376562	0.0645095	0.091772	0.103796	0.0970025	0.0722	0.0484104	0.0485239	0.087456	0.168964	0.266043	0.353302	0.400531	0.400548	0.350852	0.247155	0.0969109	-0.0917102	-0.292464	-0.479665	-0.617994	-0.667476	-0.609373	-0.46017	-0.252834	-0.0312933	0.167467	0.295335	0.319903	0.24186	0.0813125	-0.132128	-0.354086	-0.545606	-0.665504	-0.703916	-0.664298	-0.574815	-0.477045	-0.388807	-0.327158	-0.314206	-0.342475	-0.40479	-0.500818	-0.630922	-0.767066	-0.872076	-0.935671	-0.953096	-0.91272	-0.840909	-0.767038	-0.700444	-0.640814	-0.597809	-0.561858	-0.52218	-0.480473	-0.442935	-0.416618	-0.411816	-0.421085	-0.438719	-0.463222	-0.476742	-0.483775	-0.486839	-0.481116	-0.467226	-0.453217	-0.427711	-0.398555	-0.380793	-0.364497	-0.357822	-0.360259	-0.374705	-0.402491	-0.430113	-0.461306	-0.505864	-0.550211	-0.578804	-0.60048	-0.62178	-0.635086	-0.636011	-0.637582	-0.633555	-0.612731	-0.5876	-0.546374	-0.478681	-0.385582	-0.273424	-0.149838	0	
0	0.0076869	0.0221771	0.0399045	0.0536855	0.0499236	0.0296165	-0.00116822	-0.0249261	-0.0252298	0.00999875	0.0821312	0.17009	0.246972	0.283053	0.27016	0.202465	0.0798453	-0.0917102	-0.297499	-0.508136	-0.701212	-0.838446	-0.882901	-0.812753	-0.646574	-0.4238	-0.186163	0.0308839	0.177643	0.220929	0.156595	0.00536559	-0.203875	-0.431009	-0.636074	-0.776688	-0.838646	-0.818911	-0.743198	-0.648105	-0.552198	-0.475354	-0.440717	-0.446765	-0.490184	-0.564492	-0.670651	-0.786802	-0.877124	-0.924837	-0.924703	-0.869409	-0.783418	-0.696557	-0.62366	-0.568656	-0.536147	-0.51328	-0.487513	-0.459666	-0.430668	-0.407947	-0.400683	-0.402228	-0.411814	-0.431208	-0.44277	-0.446114	-0.444821	-0.428199	-0.402972	-0.379755	-0.343791	-0.305446	-0.276585	-0.249029	-0.226994	-0.211355	-0.206236	-0.209477	-0.213564	-0.223299	-0.251349	-0.293222	-0.332692	-0.373459	-0.422213	-0.471178	-0.510963	-0.546418	-0.573102	-0.585458	-0.588221	-0.56374	-0.502909	-0.409719	-0.29282	-0.159823	0	
0	-0.00141261	0.00380348	0.0111896	0.00968896	-0.011625	-0.0477584	-0.0870066	-0.113388	-0.116038	-0.0879277	-0.0275425	0.048177	0.113175	0.139289	0.113857	0.0327947	-0.105318	-0.292464	-0.508136	-0.72318	-0.912507	-1.04183	-1.07366	-0.984666	-0.794375	-0.548646	-0.286539	-0.0476042	0.12307	0.184613	0.132574	-0.0158213	-0.227341	-0.467045	-0.689703	-0.854273	-0.938103	-0.938719	-0.872843	-0.778433	-0.673528	-0.578075	-0.516119	-0.499362	-0.5206	-0.574717	-0.666015	-0.768057	-0.838748	-0.867555	-0.853143	-0.789091	-0.696077	-0.606365	-0.533495	-0.482983	-0.460179	-0.451855	-0.441794	-0.425362	-0.405714	-0.38862	-0.3809	-0.371518	-0.363533	-0.36457	-0.358742	-0.347712	-0.333369	-0.306059	-0.276106	-0.252608	-0.219967	-0.182694	-0.151911	-0.118383	-0.0829676	-0.0535809	-0.0338029	-0.0202198	-0.0059849	0.00126587	-0.0186275	-0.0620478	-0.11172	-0.171868	-0.249006	-0.333273	-0.412972	-0.485064	-0.536686	-0.564668	-0.579643	-0.564147	-0.506163	-0.416005	-0.301774	-0.164048	0	
0	-0.011114	-0.0162469	-0.0189015	-0.0361936	-0.073317	-0.124938	-0.171281	-0.198602	-0.202955	-0.17899	-0.131289	-0.0662696	-0.0139776	0.00255988	-0.0349162	-0.128839	-0.28102	-0.479665	-0.701212	-0.912507	-1.08872	-1.19905	-1.20746	-1.08959	-0.869268	-0.592142	-0.304819	-0.0433121	0.147293	0.223967	0.176598	0.027609	-0.195985	-0.453757	-0.700681	-0.893267	-1.00407	-1.02128	-0.962672	-0.862215	-0.739866	-0.6216	-0.534526	-0.496427	-0.498192	-0.536294	-0.605932	-0.685304	-0.737259	-0.753212	-0.731325	-0.667023	-0.577454	-0.489515	-0.422123	-0.379384	-0.362783	-0.360544	-0.35677	-0.351124	-0.339941	-0.331093	-0.322849	-0.303866	-0.278781	-0.255693	-0.230197	-0.201187	-0.174142	-0.13994	-0.110097	-0.0934254	-0.0704668	-0.0408092	-0.0112574	0.0263287	0.0708222	0.110402	0.139434	0.157757	0.172228	0.179784	0.159033	0.109866	0.0464413	-0.0327805	-0.129605	-0.238651	-0.348025	-0.443722	-0.515647	-0.559725	-0.577295	-0.558533	-0.493974	-0.396649	-0.28365	-0.152867	0	
0	-0.0198624	-0.0324585	-0.0455139	-0.0733837	-0.125519	-0.187256	-0.239075	-0.264676	-0.267114	-0.246257	-0.206799	-0.152503	-0.109138	-0.100921	-0.146006	-0.250732	-0.410754	-0.617994	-0.838446	-1.04183	-1.19905	-1.2851	-1.26455	-1.11681	-0.8604	-0.551715	-0.234961	0.0487912	0.256359	0.341818	0.293881	0.130113	-0.114738	-0.399785	-0.677362	-0.898863	-1.03086	-1.06211	-1.00665	-0.89496	-0.758714	-0.6192	-0.506359	-0.441496	-0.42094	-0.434658	-0.480268	-0.538371	-0.574566	-0.579745	-0.552376	-0.496344	-0.418993	-0.344057	-0.282458	-0.241642	-0.226013	-0.226385	-0.228413	-0.225562	-0.219382	-0.214639	-0.204942	-0.180275	-0.14096	-0.103182	-0.0663513	-0.0307128	0.00114706	0.0389343	0.0661354	0.0800533	0.0942506	0.113285	0.13722	0.17022	0.213666	0.253293	0.278906	0.292397	0.301426	0.299808	0.269365	0.208416	0.131214	0.0419246	-0.0672343	-0.194269	-0.322756	-0.431816	-0.508429	-0.551909	-0.565052	-0.537967	-0.464255	-0.366078	-0.258554	-0.135232	0	
0	-0.0272395	-0.0477684	-0.0674884	-0.105662	-0.165535	-0.235289	-0.285364	-0.30614	-0.2998	-0.275589	-0.237567	-0.186104	-0.146576	-0.138141	-0.187168	-0.294167	-0.459127	-0.667476	-0.882901	-1.07366	-1.20746	-1.26455	-1.21424	-1.03279	-0.746075	-0.405819	-0.0656418	0.231964	0.447585	0.532934	0.473392	0.291624	0.0200702	-0.293851	-0.598811	-0.846915	-0.999375	-1.04413	-0.99105	-0.873669	-0.722431	-0.561565	-0.421745	-0.33067	-0.28091	-0.268933	-0.289869	-0.325333	-0.348148	-0.349398	-0.332265	-0.293221	-0.233653	-0.167607	-0.11232	-0.0762573	-0.0615329	-0.0624098	-0.0628873	-0.0596453	-0.0512515	-0.042959	-0.0267244	0.00402586	0.0481215	0.0891932	0.120924	0.146084	0.172563	0.205893	0.231493	0.247785	0.255922	0.266536	0.27881	0.296082	0.324955	0.350551	0.365349	0.365639	0.359601	0.347163	0.306885	0.234494	0.144509	0.0440757	-0.0656979	-0.187162	-0.31459	-0.420903	-0.492922	-0.532432	-0.537919	-0.504648	-0.428323	-0.331116	-0.230482	-0.118696	0	
0	-0.0294365	-0.0513075	-0.0739073	-0.113044	-0.176156	-0.243161	-0.288851	-0.296947	-0.279203	-0.245106	-0.202663	-0.150045	-0.107003	-0.0958749	-0.140377	-0.245448	-0.407101	-0.609373	-0.812753	-0.984666	-1.08959	-1.11681	-1.03279	-0.825328	-0.511938	-0.150833	0.201479	0.502439	0.71157	0.784561	0.707286	0.50073	0.201813	-0.135506	-0.464231	-0.729248	-0.895988	-0.94933	-0.901426	-0.779035	-0.619609	-0.441187	-0.279406	-0.155655	-0.0738351	-0.0353503	-0.0306355	-0.0484763	-0.0687319	-0.0802148	-0.0740802	-0.0540998	-0.0147612	0.0325233	0.0774952	0.109196	0.122135	0.120888	0.12099	0.130123	0.145175	0.16006	0.182362	0.212512	0.253397	0.288218	0.304751	0.312248	0.325812	0.350709	0.374865	0.393955	0.400785	0.401876	0.400455	0.398976	0.400293	0.401111	0.392021	0.369093	0.34643	0.317328	0.266301	0.187609	0.0921394	-0.00422967	-0.103567	-0.211156	-0.317	-0.398427	-0.452496	-0.48195	-0.481879	-0.450739	-0.383914	-0.296807	-0.205773	-0.105852	0	
0	-0.0224409	-0.0368203	-0.0529233	-0.0842311	-0.138557	-0.196132	-0.227078	-0.221457	-0.185403	-0.140433	-0.0891028	-0.0332677	0.0134406	0.0288694	-0.0109678	-0.112388	-0.267256	-0.46017	-0.646574	-0.794375	-0.869268	-0.8604	-0.746075	-0.511938	-0.180959	0.191901	0.545701	0.835422	1.02416	1.07259	0.967349	0.733672	0.409173	0.0528421	-0.287587	-0.561627	-0.733222	-0.792076	-0.74752	-0.62279	-0.455198	-0.260462	-0.0742269	0.0808682	0.189993	0.252959	0.27218	0.262031	0.238562	0.222296	0.211934	0.210888	0.226181	0.254427	0.284682	0.306385	0.314645	0.312903	0.31778	0.333743	0.352983	0.368067	0.386629	0.405369	0.435345	0.458148	0.460713	0.450831	0.451226	0.46599	0.482329	0.502479	0.505082	0.498613	0.487779	0.467696	0.445805	0.41903	0.378924	0.325349	0.27464	0.226963	0.166929	0.0848633	-0.00744407	-0.0940025	-0.171833	-0.247409	-0.319925	-0.368385	-0.39137	-0.398927	-0.39119	-0.364276	-0.313083	-0.248881	-0.175886	-0.0895416	0	
0	-0.00885383	-0.0103931	-0.0126944	-0.029081	-0.0666626	-0.105496	-0.118211	-0.0926787	-0.0380288	0.0221753	0.0849535	0.145511	0.196573	0.215424	0.177251	0.0807853	-0.0717269	-0.252834	-0.4238	-0.548646	-0.592142	-0.551715	-0.405819	-0.150833	0.191901	0.56822	0.913861	1.18342	1.34263	1.35824	1.2239	0.962674	0.617978	0.24909	-0.0992574	-0.375477	-0.549681	-0.612947	-0.566782	-0.437946	-0.256657	-0.03966	0.171125	0.352095	0.486359	0.558567	0.581035	0.571554	0.544518	0.515779	0.492831	0.476569	0.471026	0.477099	0.490895	0.502629	0.507021	0.508025	0.517539	0.53639	0.550999	0.558217	0.56185	0.563705	0.577185	0.589607	0.581929	0.558416	0.547629	0.546075	0.552191	0.563241	0.556848	0.542647	0.522164	0.493714	0.453728	0.40691	0.344116	0.259847	0.181143	0.110725	0.0395316	-0.0420822	-0.1269	-0.196556	-0.250449	-0.293221	-0.322804	-0.329446	-0.317563	-0.297334	-0.272617	-0.245311	-0.211908	-0.169682	-0.120331	-0.0645308	0	
0	0.00375386	0.0152633	0.0260907	0.0272414	0.00944416	-0.00721368	0.000950181	0.0465218	0.119778	0.196697	0.271857	0.339135	0.395115	0.414633	0.380841	0.284913	0.139199	-0.0312933	-0.186163	-0.286539	-0.304819	-0.234961	-0.0656418	0.201479	0.545701	0.913861	1.24265	1.48803	1.61537	1.60203	1.44325	1.16525	0.807511	0.431583	0.079795	-0.199618	-0.378669	-0.443173	-0.399026	-0.262345	-0.06216	0.177704	0.411194	0.618769	0.765468	0.841073	0.860219	0.842852	0.803979	0.765963	0.73053	0.69996	0.67687	0.665887	0.668611	0.679326	0.688533	0.692611	0.701528	0.714129	0.718605	0.710113	0.69676	0.681431	0.682823	0.687961	0.672696	0.640779	0.615121	0.598586	0.590238	0.587857	0.570468	0.541313	0.510044	0.4717	0.421229	0.364659	0.286787	0.186795	0.0888019	-0.00164787	-0.0847952	-0.166479	-0.238547	-0.288169	-0.314546	-0.321665	-0.310821	-0.278377	-0.233204	-0.185638	-0.143058	-0.111383	-0.0900886	-0.0707278	-0.0485838	-0.0268641	0	
0	0.0133873	0.0338354	0.0563196	0.0719404	0.0743431	0.0777641	0.105075	0.165554	0.253611	0.343274	0.430168	0.504126	0.563585	0.585769	0.55377	0.463101	0.324286	0.167467	0.0308839	-0.0476042	-0.0433121	0.0487912	0.231964	0.502439	0.835422	1.18342	1.48803	1.70384	1.80157	1.76323	1.59116	1.30662	0.950064	0.576032	0.226289	-0.0534432	-0.233764	-0.304176	-0.258098	-0.115653	0.0989723	0.357957	0.612035	0.833366	0.991177	1.07037	1.08215	1.05567	1.00985	0.958947	0.905633	0.85902	0.818662	0.796509	0.800286	0.817906	0.831034	0.837053	0.842489	0.844157	0.83054	0.806495	0.779042	0.755267	0.751582	0.753645	0.738783	0.701902	0.666033	0.635743	0.614287	0.597451	0.565003	0.520577	0.471562	0.418663	0.358876	0.297539	0.217339	0.111276	0.00346993	-0.0962636	-0.187034	-0.269492	-0.329186	-0.35297	-0.346081	-0.313458	-0.260391	-0.198335	-0.13209	-0.0666225	-0.0168834	0.0142439	0.0265308	0.0271521	0.0232627	0.010373	0	
0	0.0175748	0.0424823	0.0716141	0.0992935	0.11834	0.140046	0.181114	0.251374	0.345807	0.442858	0.535168	0.612012	0.669702	0.689342	0.655684	0.568001	0.436209	0.295335	0.177643	0.12307	0.147293	0.256359	0.447585	0.71157	1.02416	1.34263	1.61537	1.80157	1.87267	1.81633	1.63919	1.35882	1.01191	0.646536	0.30582	0.032225	-0.145041	-0.211153	-0.161061	-0.0162798	0.209159	0.475139	0.734188	0.96106	1.12595	1.20669	1.22022	1.19238	1.14185	1.07816	1.00965	0.950493	0.901324	0.873899	0.874934	0.89598	0.916773	0.926271	0.925808	0.914942	0.890683	0.856645	0.817914	0.787994	0.78024	0.783298	0.772568	0.739179	0.697579	0.658019	0.627519	0.596483	0.553256	0.49631	0.433098	0.368763	0.299001	0.229804	0.14628	0.0412235	-0.0691202	-0.174233	-0.265635	-0.336945	-0.374774	-0.372689	-0.334705	-0.264279	-0.174728	-0.089572	-0.0160771	0.0492475	0.0979836	0.124093	0.126743	0.116895	0.0927773	0.0460612	0	
0	0.015678	0.0378608	0.0698646	0.103142	0.135735	0.170186	0.218625	0.291963	0.382161	0.48015	0.569348	0.643913	0.694091	0.703904	0.665077	0.574233	0.449385	0.319903	0.220929	0.184613	0.223967	0.341818	0.532934	0.784561	1.07259	1.35824	1.60203	1.76323	1.81633	1.75103	1.57358	1.30292	0.968316	0.614527	0.286214	0.025487	-0.139714	-0.192306	-0.134677	0.015417	0.240908	0.503173	0.759249	0.983602	1.14939	1.23782	1.25439	1.22419	1.17519	1.11167	1.04345	0.984127	0.932759	0.898601	0.896646	0.916757	0.934432	0.940128	0.940498	0.931294	0.907899	0.869427	0.824661	0.790179	0.778119	0.780062	0.774505	0.749981	0.706489	0.663635	0.626391	0.585492	0.538608	0.476702	0.406151	0.332698	0.255786	0.177016	0.0832203	-0.0238069	-0.127985	-0.220232	-0.296995	-0.348698	-0.359301	-0.33003	-0.270219	-0.182001	-0.0769059	0.0172453	0.0930243	0.158456	0.203498	0.223321	0.221592	0.201163	0.15512	0.0803248	0	
0	0.00346773	0.0161678	0.0405029	0.0748848	0.112888	0.153528	0.204684	0.270419	0.352932	0.441362	0.524363	0.592646	0.630197	0.629261	0.578857	0.484202	0.362705	0.24186	0.156595	0.132574	0.176598	0.293881	0.473392	0.707286	0.967349	1.2239	1.44325	1.59116	1.63919	1.57358	1.40411	1.14534	0.824386	0.484897	0.172285	-0.0727222	-0.219002	-0.258058	-0.19321	-0.044255	0.174958	0.429204	0.680952	0.900334	1.06796	1.16026	1.17608	1.14764	1.10535	1.0512	0.994078	0.947794	0.905428	0.87343	0.861464	0.867596	0.876771	0.885123	0.891063	0.888655	0.874769	0.845232	0.805483	0.771383	0.758247	0.756164	0.754505	0.73426	0.69084	0.649414	0.610384	0.569638	0.522994	0.463243	0.388617	0.304222	0.218349	0.12748	0.0297856	-0.0711868	-0.162094	-0.228908	-0.272348	-0.287742	-0.269319	-0.224976	-0.162017	-0.0761474	0.0260047	0.115445	0.187813	0.254209	0.298726	0.313935	0.306802	0.272571	0.203666	0.106282	0	
0	-0.016412	-0.0227272	-0.010148	0.0170463	0.0551258	0.0968322	0.142139	0.198179	0.263069	0.339124	0.410437	0.469212	0.493896	0.478971	0.415665	0.316614	0.195268	0.0813125	0.00536559	-0.0158213	0.027609	0.130113	0.291624	0.50073	0.733672	0.962674	1.16525	1.30662	1.35882	1.30292	1.14534	0.903551	0.603407	0.282714	-0.00971714	-0.23336	-0.365504	-0.394849	-0.330214	-0.19153	0.013404	0.257512	0.504068	0.720409	0.892314	0.989333	1.01026	0.98357	0.950311	0.910903	0.875444	0.844067	0.811991	0.777262	0.755768	0.753738	0.761737	0.770468	0.780479	0.788286	0.789447	0.774694	0.746954	0.724993	0.715872	0.714163	0.711319	0.692314	0.651254	0.612611	0.580815	0.546245	0.506354	0.448929	0.366719	0.273717	0.179141	0.0815626	-0.0131796	-0.0970682	-0.15799	-0.192143	-0.202307	-0.182036	-0.132416	-0.0726505	-0.0121103	0.059546	0.140867	0.216667	0.282635	0.341596	0.380134	0.383979	0.361916	0.314048	0.226811	0.113653	0	
0	-0.0388552	-0.0636698	-0.065853	-0.0454277	-0.0105653	0.0279618	0.0656204	0.105	0.149843	0.20605	0.261155	0.306422	0.316021	0.283639	0.208598	0.0995397	-0.0194652	-0.132128	-0.203875	-0.227341	-0.195985	-0.114738	0.0200702	0.201813	0.409173	0.617978	0.807511	0.950064	1.01191	0.968316	0.824386	0.603407	0.324224	0.03161	-0.233614	-0.435902	-0.552824	-0.57733	-0.526411	-0.403493	-0.220848	0.00810745	0.247242	0.464364	0.637138	0.744612	0.77651	0.765852	0.749192	0.730731	0.710179	0.686356	0.65574	0.618106	0.591842	0.58654	0.59494	0.60884	0.628764	0.646283	0.657982	0.653655	0.641828	0.63047	0.630062	0.631935	0.63352	0.622155	0.58874	0.559817	0.531792	0.504736	0.469932	0.414186	0.330416	0.229815	0.134682	0.0436877	-0.0366927	-0.0967005	-0.125578	-0.122601	-0.09881	-0.0497812	0.0229673	0.097476	0.160908	0.219695	0.279997	0.335509	0.380763	0.421826	0.442024	0.425292	0.387148	0.319428	0.217311	0.108155	0	
0	-0.06074	-0.103215	-0.118112	-0.103411	-0.0716684	-0.0363119	-0.00598582	0.0173561	0.0443617	0.078831	0.119454	0.149995	0.144851	0.0975704	0.00492746	-0.112039	-0.238521	-0.354086	-0.431009	-0.467045	-0.453757	-0.399785	-0.293851	-0.135506	0.0528421	0.24909	0.431583	0.576032	0.646536	0.614527	0.484897	0.282714	0.03161	-0.229313	-0.468103	-0.648946	-0.756499	-0.788482	-0.749514	-0.646559	-0.489763	-0.277515	-0.0494962	0.1584	0.334077	0.454922	0.508963	0.522964	0.527963	0.529072	0.520458	0.496424	0.460901	0.41892	0.38506	0.374399	0.385946	0.411876	0.443529	0.473699	0.495837	0.502155	0.496569	0.488023	0.492228	0.502767	0.518352	0.520939	0.506017	0.482414	0.451852	0.421915	0.382458	0.331423	0.256252	0.169445	0.0874068	0.0129896	-0.041557	-0.0727055	-0.0686699	-0.0352276	0.0172261	0.0904404	0.178641	0.265315	0.335438	0.389404	0.430318	0.461849	0.483921	0.492519	0.477915	0.437025	0.382322	0.30515	0.20148	0.0965821	0	
0	-0.076805	-0.130435	-0.151877	-0.13703	-0.105364	-0.0693581	-0.044572	-0.0321289	-0.0211848	-0.00601734	0.0199442	0.0345237	0.0173371	-0.0476742	-0.155061	-0.28531	-0.421608	-0.545606	-0.636074	-0.689703	-0.700681	-0.677362	-0.598811	-0.464231	-0.287587	-0.0992574	0.079795	0.226289	0.30582	0.286214	0.172285	-0.00971714	-0.233614	-0.468103	-0.684255	-0.854326	-0.962622	-1.00313	-0.979524	-0.897656	-0.762095	-0.57037	-0.361365	-0.158196	0.0200836	0.155067	0.236753	0.280649	0.304889	0.320752	0.319068	0.296453	0.261398	0.213415	0.170718	0.153394	0.165215	0.195121	0.23871	0.285942	0.318905	0.329124	0.322022	0.310675	0.314894	0.333828	0.36137	0.380532	0.384429	0.365675	0.329595	0.291906	0.248463	0.20071	0.141986	0.0800872	0.0236528	-0.0210324	-0.0491086	-0.0510853	-0.0110618	0.0564386	0.136581	0.227524	0.327826	0.420762	0.491615	0.540899	0.567923	0.579289	0.571653	0.541654	0.493154	0.429306	0.361338	0.28312	0.18638	0.0881938	0	
0	-0.0841927	-0.142611	-0.159959	-0.141529	-0.101854	-0.0634028	-0.0376127	-0.0296187	-0.0286144	-0.0249679	-0.0114762	-0.00690192	-0.0334819	-0.111192	-0.231943	-0.376422	-0.526599	-0.665504	-0.776688	-0.854273	-0.893267	-0.898863	-0.846915	-0.729248	-0.561627	-0.375477	-0.199618	-0.0534432	0.032225	0.025487	-0.0727222	-0.23336	-0.435902	-0.648946	-0.854326	-1.02384	-1.13903	-1.19377	-1.1862	-1.12304	-1.01183	-0.845184	-0.651455	-0.451448	-0.264505	-0.107961	0.00123227	0.0647168	0.0984166	0.123097	0.12828	0.112363	0.0763335	0.0267193	-0.0207586	-0.0475946	-0.0456475	-0.0164117	0.0362728	0.0892481	0.124703	0.137396	0.13491	0.125088	0.130064	0.153182	0.181238	0.203747	0.215818	0.20044	0.163564	0.122634	0.0769637	0.0322162	-0.0121389	-0.0513193	-0.0799198	-0.0854938	-0.0710095	-0.0359476	0.0378457	0.138276	0.243981	0.345567	0.445619	0.539048	0.610982	0.651818	0.665665	0.663614	0.636748	0.575888	0.490965	0.404841	0.328457	0.250804	0.166161	0.0802775	0	
0	-0.0846164	-0.136516	-0.14682	-0.113242	-0.0646524	-0.0158604	0.0161173	0.0266188	0.0284568	0.0251903	0.0331246	0.0299591	-0.00272103	-0.0894816	-0.222159	-0.381406	-0.547292	-0.703916	-0.838646	-0.938103	-1.00407	-1.03086	-0.999375	-0.895988	-0.733222	-0.549681	-0.378669	-0.233764	-0.145041	-0.139714	-0.219002	-0.365504	-0.552824	-0.756499	-0.962622	-1.13903	-1.26677	-1.33992	-1.35057	-1.31244	-1.22656	-1.08253	-0.902094	-0.697737	-0.497297	-0.325001	-0.197584	-0.118284	-0.075066	-0.0450208	-0.0351764	-0.0455453	-0.0769176	-0.123879	-0.175105	-0.208012	-0.212468	-0.187791	-0.144643	-0.0971434	-0.0634935	-0.046217	-0.0421579	-0.0471335	-0.0387882	-0.0215628	-0.00643292	0.00239734	0.0083778	-0.0061514	-0.039547	-0.0763443	-0.119295	-0.162067	-0.195643	-0.215597	-0.217012	-0.181957	-0.121133	-0.0402114	0.070107	0.192934	0.312313	0.417048	0.512602	0.602987	0.672431	0.71006	0.716578	0.697963	0.654342	0.575717	0.470787	0.372303	0.286035	0.20779	0.136661	0.0642527	0	
0	-0.0744605	-0.115467	-0.105993	-0.0575027	0.00877028	0.0690173	0.111541	0.132735	0.139098	0.138454	0.142185	0.13527	0.0980026	0.00624976	-0.137201	-0.30787	-0.49102	-0.664298	-0.818911	-0.938719	-1.02128	-1.06211	-1.04413	-0.94933	-0.792076	-0.612947	-0.443173	-0.304176	-0.211153	-0.192306	-0.258058	-0.394849	-0.57733	-0.788482	-1.00313	-1.19377	-1.33992	-1.43207	-1.46247	-1.45181	-1.387	-1.26593	-1.09464	-0.888017	-0.676253	-0.491379	-0.348217	-0.259124	-0.206663	-0.171802	-0.155698	-0.156472	-0.182035	-0.227758	-0.276526	-0.311834	-0.327578	-0.321443	-0.290628	-0.250447	-0.219754	-0.200131	-0.192711	-0.192258	-0.189568	-0.18391	-0.186611	-0.194147	-0.200105	-0.220655	-0.253327	-0.292096	-0.332471	-0.369118	-0.391428	-0.392472	-0.366141	-0.295233	-0.195274	-0.0773474	0.0606709	0.203945	0.329226	0.427276	0.51779	0.603974	0.669283	0.700881	0.69636	0.666003	0.612594	0.526997	0.420851	0.322631	0.233958	0.160278	0.101851	0.0441169	0	
0	-0.0586482	-0.0809594	-0.0510687	0.0180043	0.101192	0.175841	0.230994	0.266978	0.282754	0.290417	0.290741	0.281974	0.239557	0.142226	-0.00710639	-0.191979	-0.386543	-0.574815	-0.743198	-0.872843	-0.962672	-1.00665	-0.99105	-0.901426	-0.74752	-0.566782	-0.399026	-0.258098	-0.161061	-0.134677	-0.19321	-0.330214	-0.526411	-0.749514	-0.979524	-1.1862	-1.35057	-1.46247	-1.52368	-1.53896	-1.49613	-1.39238	-1.22847	-1.0196	-0.804828	-0.617045	-0.469902	-0.369945	-0.30201	-0.258527	-0.232504	-0.222303	-0.240074	-0.277801	-0.322421	-0.365198	-0.39949	-0.409879	-0.39037	-0.356776	-0.323546	-0.302642	-0.297046	-0.306238	-0.315333	-0.325234	-0.34233	-0.361541	-0.38515	-0.413437	-0.454941	-0.504764	-0.547306	-0.575539	-0.577651	-0.553954	-0.49951	-0.403109	-0.279628	-0.14298	0.00666324	0.159146	0.287598	0.381196	0.457927	0.532726	0.590932	0.61006	0.596642	0.557029	0.497075	0.42524	0.339313	0.253015	0.172056	0.1019	0.0529844	0.0187076	0	
0	-0.0402347	-0.0421727	0.00704217	0.0959473	0.193915	0.282188	0.350731	0.401258	0.431898	0.447244	0.447551	0.433674	0.382575	0.280259	0.120974	-0.0736853	-0.278615	-0.477045	-0.648105	-0.778433	-0.862215	-0.89496	-0.873669	-0.779035	-0.62279	-0.437946	-0.262345	-0.115653	-0.0162798	0.015417	-0.044255	-0.19153	-0.403493	-0.646559	-0.897656	-1.12304	-1.31244	-1.45181	-1.53896	-1.57367	-1.54735	-1.45647	-1.30547	-1.11417	-0.911165	-0.724557	-0.572074	-0.460498	-0.375766	-0.319963	-0.281921	-0.258233	-0.258755	-0.284345	-0.330007	-0.383137	-0.431495	-0.453963	-0.442677	-0.407523	-0.370028	-0.351996	-0.358372	-0.379593	-0.40103	-0.428671	-0.458189	-0.493191	-0.53619	-0.577644	-0.629641	-0.689587	-0.736523	-0.753792	-0.73602	-0.682989	-0.596309	-0.483085	-0.353958	-0.219505	-0.0789419	0.0643032	0.188093	0.277945	0.342803	0.396302	0.433375	0.442116	0.420926	0.374226	0.320252	0.2657	0.204029	0.145239	0.0903144	0.0438121	0.0154119	0.000377847	0	
0	-0.0201714	-0.00213094	0.0638172	0.16863	0.277139	0.375834	0.453824	0.516779	0.559985	0.581381	0.580324	0.555706	0.494399	0.382713	0.217202	0.0170971	-0.190943	-0.388807	-0.552198	-0.673528	-0.739866	-0.758714	-0.722431	-0.619609	-0.455198	-0.256657	-0.06216	0.0989723	0.209159	0.240908	0.174958	0.013404	-0.220848	-0.489763	-0.762095	-1.01183	-1.22656	-1.387	-1.49613	-1.54735	-1.53687	-1.46323	-1.33984	-1.17402	-0.987682	-0.808203	-0.661068	-0.541042	-0.441417	-0.371888	-0.315596	-0.270809	-0.252649	-0.275518	-0.323827	-0.381854	-0.436102	-0.464723	-0.455995	-0.420293	-0.385457	-0.372901	-0.38742	-0.41488	-0.445458	-0.488001	-0.530832	-0.584257	-0.648361	-0.702217	-0.759128	-0.82186	-0.867087	-0.874289	-0.843912	-0.771728	-0.662335	-0.537833	-0.411889	-0.29453	-0.177245	-0.0544589	0.0532996	0.134318	0.189678	0.218332	0.221473	0.203893	0.172388	0.128523	0.0846224	0.0585734	0.0367157	0.00833043	-0.0116376	-0.0193129	-0.0208062	-0.0148799	0	
0	0.00136109	0.0361887	0.117972	0.230472	0.348287	0.450552	0.536146	0.606312	0.658725	0.683536	0.677206	0.638343	0.561214	0.437745	0.265928	0.065633	-0.139466	-0.327158	-0.475354	-0.578075	-0.6216	-0.6192	-0.561565	-0.441187	-0.260462	-0.03966	0.177704	0.357957	0.475139	0.503173	0.429204	0.257512	0.00810745	-0.277515	-0.57037	-0.845184	-1.08253	-1.26593	-1.39238	-1.45647	-1.46323	-1.41398	-1.32005	-1.18833	-1.0293	-0.866182	-0.72686	-0.605893	-0.500354	-0.41025	-0.33411	-0.276469	-0.252335	-0.268294	-0.312719	-0.370197	-0.423391	-0.455075	-0.451833	-0.425454	-0.393021	-0.379405	-0.394622	-0.422937	-0.459622	-0.511862	-0.568906	-0.642015	-0.723181	-0.787958	-0.843315	-0.898355	-0.93387	-0.92751	-0.887699	-0.804681	-0.688715	-0.567018	-0.449111	-0.350959	-0.262844	-0.173798	-0.0943745	-0.0340144	-0.00311626	-0.00154186	-0.021781	-0.0606317	-0.104512	-0.142666	-0.167838	-0.168435	-0.15994	-0.15224	-0.12866	-0.0936438	-0.0604186	-0.0291917	0	
