0	0	0	0	0	0	0	0	0	0	0	0	0	0	0	0	0	0	0	0	0	0	0	0	0	0	0	0	0	0	0	0	0	0	0	0	0	0	0	0	0	0	0	0	0	0	0	0	0	0	0	0	0	0	0	0	0	0	0	0	0	0	0	0	0	0	0	0	0	0	0	0	0	0	0	0	0	0	0	0	0	0	0	0	0	0	0	0	0	0	0	0	0	0	0	0	0	0	0	0	
0	-0.00658843	-0.0097892	-0.0100101	-0.0117865	-0.0151606	-0.0186547	-0.0192114	-0.0193167	-0.0231444	-0.0296198	-0.0374212	-0.0393296	-0.0361354	-0.0268689	-0.0154652	-0.00678742	-0.000980243	0.00216255	0.00673952	0.00972494	0.00818961	0.00260559	-0.00262582	-0.00631071	-0.00912154	-0.0104902	-0.00718157	-0.00141277	0.00302206	0.00297162	-0.000453517	-0.00404174	-0.00852309	-0.0101327	-0.00825777	-0.00487485	0.000946014	0.00588766	0.00629985	0.00644805	0.00739137	0.00961255	0.0113051	0.0162241	0.0259278	0.0383393	0.0592155	0.091812	0.12997	0.167384	0.200763	0.224323	0.235264	0.231324	0.212231	0.177801	0.130951	0.0730365	0.008642	-0.0602555	-0.131138	-0.199234	-0.254425	-0.298124	-0.32884	-0.348476	-0.36484	-0.373093	-0.373419	-0.36895	-0.361498	-0.345943	-0.325817	-0.298752	-0.25775	-0.207551	-0.147572	-0.0811193	-0.0140661	0.0529046	0.116611	0.168635	0.204595	0.225873	0.23414	0.227912	0.206906	0.177422	0.145029	0.112242	0.077572	0.0467649	0.0254093	0.00709083	-0.00431413	-0.00766789	-0.008944	-0.00549583	0	
0	-0.0097892	-0.0132773	-0.0100963	-0.0108327	-0.0140202	-0.018433	-0.0164945	-0.0152019	-0.0201455	-0.0327952	-0.0468983	-0.0510491	-0.0461688	-0.0278417	-0.00950864	0.00718765	0.0142009	0.0178894	0.0240443	0.0261501	0.0207928	0.00707997	-0.00622463	-0.0151418	-0.0223673	-0.026805	-0.0200931	-0.00956087	-0.000103223	-7.22849e-05	-0.0053067	-0.0134901	-0.0208609	-0.0245031	-0.0208525	-0.0133456	0.00171839	0.0120959	0.01994	0.0250476	0.0320395	0.041686	0.052864	0.0645007	0.0884215	0.114957	0.153905	0.211039	0.279009	0.343784	0.399895	0.435436	0.445656	0.431043	0.392877	0.327095	0.238451	0.132708	0.0171164	-0.106869	-0.239406	-0.367093	-0.475003	-0.562758	-0.629515	-0.677015	-0.716421	-0.741374	-0.74516	-0.738443	-0.721253	-0.685083	-0.640646	-0.580416	-0.497484	-0.398399	-0.283194	-0.159772	-0.0363988	0.0841565	0.200129	0.297256	0.36588	0.407763	0.427762	0.42582	0.396589	0.349872	0.29593	0.238877	0.179364	0.124629	0.0826013	0.0457776	0.020521	0.00815753	-0.000744088	-0.00198386	0	
0	-0.0100101	-0.0100963	-0.00145608	0.002645	0.00151716	-0.000569315	0.00477066	0.0104175	0.00435967	-0.0111482	-0.031242	-0.0363114	-0.0276118	-0.00318615	0.0253522	0.0447525	0.0536819	0.053796	0.0569448	0.054805	0.0399594	0.0133653	-0.0114188	-0.0303071	-0.0445513	-0.0530138	-0.0461794	-0.0310739	-0.0187616	-0.0188417	-0.0282815	-0.0385351	-0.0497981	-0.0520546	-0.0424741	-0.0256172	0.000907173	0.0275055	0.0451465	0.0635089	0.0857064	0.112132	0.135636	0.164013	0.20042	0.237012	0.288309	0.363133	0.445583	0.519526	0.577967	0.608248	0.607165	0.572903	0.508286	0.413617	0.297157	0.160618	0.0122528	-0.148196	-0.319922	-0.493131	-0.643306	-0.773351	-0.877746	-0.958072	-1.03017	-1.07627	-1.09127	-1.08235	-1.05423	-0.995981	-0.921807	-0.829628	-0.705824	-0.565706	-0.409283	-0.244663	-0.0848	0.0728701	0.225264	0.353603	0.448838	0.515561	0.558429	0.571583	0.549832	0.50658	0.45304	0.392674	0.319852	0.24802	0.191858	0.135605	0.0904023	0.0610501	0.0329168	0.0140748	0	
0	-0.0117865	-0.0108327	0.002645	0.00987272	0.0115178	0.0109299	0.0213076	0.0302522	0.0266238	0.00784397	-0.0144108	-0.0186472	-0.00607628	0.0294761	0.0642933	0.0924322	0.100727	0.0996285	0.100485	0.0924328	0.0684792	0.0276639	-0.0127255	-0.0439937	-0.070219	-0.0880721	-0.0843944	-0.0702759	-0.0567365	-0.0590232	-0.0700402	-0.0834277	-0.0934726	-0.091355	-0.0718655	-0.040273	0.0085408	0.0538459	0.0951196	0.133365	0.174834	0.219508	0.26148	0.298555	0.346557	0.388222	0.43978	0.512469	0.593973	0.661074	0.706524	0.716053	0.686396	0.623975	0.536014	0.420008	0.282768	0.131287	-0.0271824	-0.198054	-0.389393	-0.585997	-0.763328	-0.922086	-1.0575	-1.16951	-1.27094	-1.34264	-1.36809	-1.36108	-1.32347	-1.24414	-1.14691	-1.02613	-0.874979	-0.708482	-0.527878	-0.344935	-0.169508	0.00121818	0.172224	0.323893	0.442496	0.534219	0.606625	0.654383	0.662858	0.642971	0.607413	0.55722	0.488633	0.414213	0.346424	0.272193	0.205585	0.150978	0.0940104	0.0450342	0	
0	-0.0151606	-0.0140202	0.00151716	0.0115178	0.0131226	0.0137352	0.0253554	0.0376544	0.033039	0.0127997	-0.012037	-0.0145643	0.00616415	0.0504589	0.0992842	0.133348	0.147417	0.145552	0.144756	0.132485	0.0984972	0.0427692	-0.0125483	-0.0592801	-0.0971665	-0.125005	-0.127188	-0.114435	-0.103043	-0.107688	-0.12294	-0.136969	-0.14482	-0.133538	-0.0976197	-0.0429587	0.031073	0.107164	0.173095	0.236038	0.300339	0.365157	0.417056	0.463271	0.508564	0.540859	0.580024	0.640271	0.702619	0.746291	0.763608	0.741177	0.681171	0.588325	0.472763	0.335844	0.190081	0.0364224	-0.120081	-0.288329	-0.477415	-0.677615	-0.860781	-1.0293	-1.17576	-1.30048	-1.41869	-1.50242	-1.53623	-1.52927	-1.48749	-1.4	-1.29164	-1.16318	-1.00258	-0.830914	-0.648976	-0.465503	-0.292823	-0.120305	0.0571132	0.219212	0.356793	0.476118	0.583653	0.66832	0.71388	0.731986	0.731545	0.710602	0.658813	0.589591	0.520595	0.434017	0.345275	0.263419	0.17205	0.0840097	0	
0	-0.0186547	-0.018433	-0.000569315	0.0109299	0.0137352	0.0138486	0.027497	0.040037	0.035414	0.0113314	-0.0160372	-0.0173992	0.00755195	0.0624431	0.118417	0.16175	0.177582	0.177111	0.17527	0.159543	0.118784	0.0518687	-0.0167755	-0.0735022	-0.121707	-0.155001	-0.160138	-0.147347	-0.134243	-0.139799	-0.155793	-0.169135	-0.173365	-0.151434	-0.0986128	-0.020949	0.082622	0.18721	0.282347	0.369553	0.453545	0.532201	0.592599	0.633911	0.669632	0.682295	0.693334	0.721385	0.754418	0.765973	0.74796	0.690752	0.594539	0.471449	0.334497	0.186215	0.0329744	-0.119564	-0.266328	-0.420489	-0.597119	-0.785783	-0.956468	-1.11113	-1.24417	-1.35874	-1.46957	-1.55063	-1.58191	-1.57587	-1.53676	-1.45408	-1.35524	-1.23654	-1.08981	-0.9311	-0.761368	-0.592099	-0.431709	-0.270085	-0.0946862	0.0740469	0.221056	0.357495	0.492436	0.613609	0.69926	0.756462	0.794455	0.806676	0.781765	0.733295	0.672023	0.580649	0.478247	0.372503	0.248687	0.123371	0	
0	-0.0192114	-0.0164945	0.00477066	0.0213076	0.0253554	0.027497	0.0408389	0.0535712	0.0461029	0.016764	-0.0146397	-0.019154	0.00929295	0.0671094	0.129758	0.17459	0.191683	0.188128	0.183071	0.16283	0.115142	0.0389979	-0.0378238	-0.101955	-0.150472	-0.183099	-0.182158	-0.160797	-0.140424	-0.139734	-0.151723	-0.163571	-0.161571	-0.131366	-0.0646835	0.0333688	0.159433	0.288749	0.407245	0.51408	0.612921	0.700991	0.759935	0.793087	0.806643	0.790548	0.767838	0.759395	0.751426	0.724112	0.669662	0.576746	0.451382	0.304309	0.150381	-0.0100787	-0.164465	-0.310054	-0.445488	-0.584224	-0.742077	-0.90666	-1.05059	-1.17305	-1.27082	-1.35224	-1.43447	-1.49539	-1.5163	-1.50891	-1.47883	-1.41528	-1.34131	-1.25222	-1.13505	-1.00432	-0.859844	-0.710481	-0.567737	-0.418561	-0.252706	-0.0900169	0.0601196	0.204359	0.352826	0.495289	0.607604	0.697462	0.771036	0.818611	0.826207	0.800627	0.753491	0.670339	0.565157	0.447444	0.304755	0.152325	0	
0	-0.0193167	-0.0152019	0.0104175	0.0302522	0.0376544	0.040037	0.0535712	0.0645461	0.0533085	0.0190361	-0.0181421	-0.0249287	0.00333071	0.0638171	0.128041	0.174002	0.188062	0.181273	0.170011	0.144161	0.0898954	0.00638601	-0.076778	-0.141284	-0.187546	-0.208395	-0.195296	-0.158089	-0.122215	-0.1095	-0.114769	-0.119132	-0.11389	-0.0754265	0.00235018	0.114814	0.256209	0.403135	0.534488	0.650189	0.753716	0.840509	0.891477	0.907189	0.895291	0.844732	0.780411	0.729081	0.684778	0.623099	0.533916	0.413528	0.264496	0.100094	-0.0653935	-0.226064	-0.376778	-0.513743	-0.63278	-0.749048	-0.877283	-1.01018	-1.11596	-1.19377	-1.244	-1.28019	-1.3243	-1.35698	-1.36408	-1.35617	-1.33796	-1.30087	-1.26097	-1.21056	-1.13556	-1.04216	-0.930232	-0.810177	-0.6913	-0.562355	-0.410835	-0.25771	-0.118449	0.0208365	0.172048	0.321473	0.448819	0.559134	0.65736	0.731487	0.765621	0.768832	0.745148	0.676135	0.579256	0.46391	0.317595	0.158325	0	
0	-0.0231444	-0.0201455	0.00435967	0.0266238	0.033039	0.035414	0.0461029	0.0533085	0.0387861	-0.0018826	-0.0410909	-0.050848	-0.019815	0.0431022	0.110756	0.158124	0.172513	0.163311	0.148723	0.118928	0.0597694	-0.0278312	-0.114602	-0.180349	-0.218942	-0.230324	-0.201844	-0.147693	-0.0960129	-0.068964	-0.0616135	-0.0613285	-0.0471958	-0.00261863	0.0826569	0.205517	0.358175	0.512441	0.651694	0.768645	0.865347	0.93768	0.967523	0.95402	0.903397	0.814857	0.71266	0.623511	0.542735	0.453527	0.345207	0.208441	0.0476632	-0.123085	-0.287923	-0.445799	-0.586928	-0.703772	-0.796994	-0.880398	-0.972316	-1.0603	-1.12096	-1.14989	-1.15154	-1.14624	-1.15271	-1.16174	-1.15723	-1.1494	-1.14312	-1.13051	-1.12413	-1.1132	-1.0833	-1.03541	-0.966899	-0.885717	-0.801279	-0.701849	-0.576812	-0.444622	-0.316978	-0.188764	-0.0475173	0.100915	0.231772	0.349305	0.460873	0.552721	0.611095	0.637009	0.632385	0.589414	0.517173	0.42076	0.293253	0.147941	0	
0	-0.0296198	-0.0327952	-0.0111482	0.00784397	0.0127997	0.0113314	0.016764	0.0190361	-0.0018826	-0.0451749	-0.0866634	-0.0942335	-0.0574579	0.0119958	0.0880365	0.142101	0.161555	0.156486	0.141087	0.110034	0.0483648	-0.0430456	-0.132999	-0.198527	-0.233418	-0.232404	-0.192033	-0.124138	-0.0598223	-0.022136	-0.0105391	-0.00455588	0.0117107	0.0622974	0.157254	0.292425	0.453423	0.617557	0.756623	0.864383	0.944103	0.990698	0.986761	0.934447	0.839624	0.705149	0.558861	0.433602	0.331393	0.230466	0.11403	-0.0231311	-0.179245	-0.343005	-0.500596	-0.643225	-0.76261	-0.853355	-0.91314	-0.956589	-0.999364	-1.03968	-1.055	-1.03945	-1.00229	-0.964248	-0.947127	-0.939575	-0.929996	-0.923682	-0.924135	-0.931365	-0.949701	-0.972721	-0.986542	-0.985045	-0.965885	-0.934278	-0.895251	-0.835141	-0.743672	-0.638664	-0.535076	-0.424348	-0.29626	-0.162651	-0.0392032	0.0780262	0.19227	0.292943	0.368477	0.421261	0.448424	0.436368	0.394008	0.328536	0.231201	0.115015	0	
0	-0.0374212	-0.0468983	-0.031242	-0.0144108	-0.012037	-0.0160372	-0.0146397	-0.0181421	-0.0410909	-0.0866634	-0.124699	-0.127924	-0.0830273	-0.00429323	0.0805991	0.143544	0.170986	0.171916	0.159246	0.129824	0.0672611	-0.0231779	-0.115272	-0.181561	-0.212455	-0.205296	-0.157159	-0.0818773	-0.0119643	0.0304038	0.0459989	0.0506271	0.069257	0.122361	0.222052	0.363884	0.532977	0.699333	0.837977	0.936318	0.993771	1.0047	0.959798	0.858284	0.709684	0.529944	0.347297	0.193357	0.0721972	-0.0321352	-0.139006	-0.260055	-0.398549	-0.540944	-0.673265	-0.789058	-0.879629	-0.933354	-0.952027	-0.950986	-0.950477	-0.947596	-0.927374	-0.881852	-0.821789	-0.770407	-0.741512	-0.730168	-0.721953	-0.718695	-0.724461	-0.742048	-0.77557	-0.819587	-0.86465	-0.90179	-0.926344	-0.942348	-0.951036	-0.937862	-0.892377	-0.826195	-0.752738	-0.670397	-0.569782	-0.45541	-0.345908	-0.240347	-0.12931	-0.0232153	0.0683881	0.14387	0.197392	0.225148	0.228543	0.205634	0.152785	0.0790089	0	
0	-0.0393296	-0.0510491	-0.0363114	-0.0186472	-0.0145643	-0.0173992	-0.019154	-0.0249287	-0.050848	-0.0942335	-0.127924	-0.124316	-0.0692842	0.0183148	0.113783	0.185328	0.220805	0.227877	0.215717	0.184364	0.118879	0.0247547	-0.0702945	-0.1394	-0.167509	-0.152802	-0.0962636	-0.0141872	0.0600643	0.104639	0.117463	0.11659	0.129978	0.178825	0.278629	0.423934	0.592912	0.758173	0.887782	0.967013	0.995892	0.97022	0.883847	0.739699	0.547106	0.327507	0.112322	-0.0633654	-0.190599	-0.287918	-0.378574	-0.477314	-0.58549	-0.694066	-0.79143	-0.869091	-0.917094	-0.928409	-0.90841	-0.871634	-0.837324	-0.80804	-0.772717	-0.717171	-0.653175	-0.600283	-0.571662	-0.561644	-0.558516	-0.560108	-0.568578	-0.593813	-0.633317	-0.687606	-0.74947	-0.80793	-0.861394	-0.912243	-0.960245	-0.988991	-0.990079	-0.971181	-0.940694	-0.896661	-0.832146	-0.751845	-0.666769	-0.576289	-0.476141	-0.372485	-0.269626	-0.171827	-0.0870976	-0.0213743	0.022598	0.0451973	0.0431238	0.022496	0	
0	-0.0361354	-0.0461688	-0.0276118	-0.00607628	0.00616415	0.00755195	0.00929295	0.00333071	-0.019815	-0.0574579	-0.0830273	-0.0692842	-0.00531776	0.09134	0.193106	0.270261	0.309791	0.318914	0.303578	0.267237	0.195043	0.098235	-0.00195525	-0.0722722	-0.099402	-0.0772928	-0.0132514	0.0744927	0.152663	0.199914	0.210992	0.205658	0.211298	0.250705	0.341594	0.475315	0.631524	0.780366	0.890071	0.944638	0.943462	0.879562	0.758434	0.579	0.354462	0.112835	-0.115169	-0.29779	-0.42527	-0.511849	-0.583452	-0.653716	-0.729754	-0.799483	-0.854331	-0.885938	-0.888692	-0.858305	-0.802275	-0.739575	-0.688014	-0.651969	-0.619552	-0.57173	-0.519262	-0.477031	-0.45571	-0.451954	-0.45642	-0.464397	-0.476674	-0.504934	-0.544394	-0.596591	-0.658069	-0.71916	-0.779543	-0.846614	-0.918418	-0.980961	-1.02812	-1.05781	-1.07591	-1.07834	-1.05665	-1.01334	-0.955198	-0.885909	-0.801841	-0.70707	-0.606494	-0.504108	-0.405323	-0.310933	-0.224751	-0.151059	-0.0918323	-0.044036	0	
0	-0.0268689	-0.0278417	-0.00318615	0.0294761	0.0504589	0.0624431	0.0671094	0.0638171	0.0431022	0.0119958	-0.00429323	0.0183148	0.09134	0.194077	0.30116	0.380923	0.422911	0.431174	0.409758	0.36371	0.28139	0.176559	0.071373	-0.00483307	-0.0288018	1.42138e-05	0.0741878	0.170712	0.254418	0.304235	0.315233	0.299983	0.293995	0.317307	0.388995	0.502699	0.63533	0.756085	0.834735	0.857399	0.820617	0.723466	0.576496	0.380451	0.144518	-0.100613	-0.324376	-0.498741	-0.614003	-0.683696	-0.728482	-0.771358	-0.814215	-0.846836	-0.861334	-0.853488	-0.819097	-0.754751	-0.677406	-0.602003	-0.547503	-0.515448	-0.496163	-0.466963	-0.433377	-0.407866	-0.397597	-0.40175	-0.413601	-0.425591	-0.438496	-0.464649	-0.496695	-0.539961	-0.591155	-0.643708	-0.700911	-0.769736	-0.851416	-0.933516	-1.0124	-1.08293	-1.141	-1.18393	-1.20572	-1.20013	-1.17341	-1.13262	-1.0736	-1.00037	-0.914806	-0.820692	-0.720733	-0.610457	-0.494645	-0.376239	-0.253035	-0.126589	0	
0	-0.0154652	-0.00950864	0.0253522	0.0642933	0.0992842	0.118417	0.129758	0.128041	0.110756	0.0880365	0.0805991	0.113783	0.193106	0.30116	0.409401	0.489688	0.530156	0.534979	0.50519	0.446682	0.352616	0.240977	0.128896	0.0519054	0.0280175	0.0651071	0.149768	0.252122	0.340474	0.392714	0.397804	0.37389	0.351006	0.349974	0.396657	0.479024	0.577328	0.662936	0.707801	0.697369	0.633896	0.512297	0.353322	0.152162	-0.0784708	-0.31051	-0.516392	-0.670816	-0.76361	-0.804634	-0.82077	-0.830108	-0.838397	-0.83617	-0.82171	-0.789058	-0.732166	-0.655641	-0.571323	-0.496679	-0.443916	-0.418777	-0.412294	-0.398765	-0.386117	-0.377452	-0.382121	-0.396654	-0.414868	-0.430263	-0.439878	-0.457598	-0.478082	-0.507282	-0.544748	-0.586622	-0.63488	-0.700605	-0.780701	-0.865474	-0.959283	-1.05005	-1.1339	-1.20558	-1.25886	-1.29253	-1.30066	-1.28973	-1.26537	-1.2236	-1.16364	-1.09053	-0.999068	-0.883389	-0.746157	-0.586958	-0.404811	-0.204781	0	
0	-0.00678742	0.00718765	0.0447525	0.0924322	0.133348	0.16175	0.17459	0.174002	0.158124	0.142101	0.143544	0.185328	0.270261	0.380923	0.489688	0.5676	0.60605	0.605573	0.565969	0.493959	0.386719	0.265787	0.15037	0.0686733	0.0480142	0.0922137	0.18533	0.295544	0.38615	0.435549	0.435392	0.394391	0.34712	0.317511	0.327607	0.372827	0.435191	0.486098	0.500015	0.470965	0.392163	0.262858	0.105315	-0.0836247	-0.298327	-0.511134	-0.690003	-0.814952	-0.879577	-0.892348	-0.867551	-0.837601	-0.810683	-0.780447	-0.745269	-0.702406	-0.647398	-0.57523	-0.501038	-0.435265	-0.391099	-0.371701	-0.369353	-0.367238	-0.36745	-0.37263	-0.388411	-0.41001	-0.433414	-0.448868	-0.455096	-0.463549	-0.47221	-0.491212	-0.517736	-0.551536	-0.594521	-0.651371	-0.720333	-0.795114	-0.880973	-0.970501	-1.0569	-1.13957	-1.21882	-1.2823	-1.32615	-1.35769	-1.3693	-1.3591	-1.32996	-1.27919	-1.19773	-1.07974	-0.926937	-0.740046	-0.515262	-0.259898	0	
0	-0.000980243	0.0142009	0.0536819	0.100727	0.147417	0.177582	0.191683	0.188062	0.172513	0.161555	0.170986	0.220805	0.309791	0.422911	0.530156	0.60605	0.640999	0.634129	0.585195	0.497321	0.376055	0.246377	0.124426	0.0422599	0.0222347	0.0726292	0.176521	0.290722	0.382199	0.427722	0.413688	0.352095	0.275753	0.207363	0.179664	0.186266	0.214583	0.23815	0.236802	0.200715	0.125544	0.00589796	-0.133487	-0.301293	-0.490276	-0.675365	-0.828203	-0.927255	-0.9631	-0.938065	-0.87695	-0.811872	-0.753145	-0.69963	-0.656368	-0.618463	-0.572059	-0.517619	-0.462847	-0.415351	-0.381835	-0.367081	-0.367975	-0.369099	-0.374684	-0.381413	-0.397612	-0.418652	-0.439291	-0.455154	-0.46199	-0.466854	-0.473804	-0.48898	-0.509052	-0.53734	-0.571187	-0.61687	-0.667235	-0.717044	-0.782769	-0.855969	-0.931101	-1.01035	-1.09742	-1.18726	-1.2633	-1.32578	-1.37678	-1.4014	-1.39405	-1.35944	-1.2848	-1.16576	-1.0079	-0.809224	-0.564999	-0.284712	0	
0	0.00216255	0.0178894	0.053796	0.0996285	0.145552	0.177111	0.188128	0.181273	0.163311	0.156486	0.171916	0.227877	0.318914	0.431174	0.534979	0.605573	0.634129	0.619318	0.558532	0.455023	0.320458	0.181061	0.0584696	-0.0241645	-0.0407986	0.0173226	0.127673	0.24639	0.335198	0.370339	0.341316	0.255611	0.145221	0.0412227	-0.026519	-0.0551452	-0.0532432	-0.0444532	-0.048836	-0.0710803	-0.124372	-0.217353	-0.330239	-0.468628	-0.628488	-0.78951	-0.913163	-0.979571	-0.986696	-0.939499	-0.849825	-0.757693	-0.680182	-0.618532	-0.575134	-0.545156	-0.516127	-0.480703	-0.445314	-0.415703	-0.398211	-0.393889	-0.396293	-0.398688	-0.401653	-0.40028	-0.405286	-0.413409	-0.42506	-0.439808	-0.451568	-0.461761	-0.473913	-0.491168	-0.506509	-0.52446	-0.545587	-0.571552	-0.597435	-0.62447	-0.665915	-0.718711	-0.777947	-0.846221	-0.933252	-1.03044	-1.12416	-1.21292	-1.28538	-1.33039	-1.34826	-1.33025	-1.25974	-1.14241	-0.98506	-0.78668	-0.546146	-0.273257	0	
0	0.00673952	0.0240443	0.0569448	0.100485	0.144756	0.17527	0.183071	0.170011	0.148723	0.141087	0.159246	0.215717	0.303578	0.409758	0.50519	0.565969	0.585195	0.558532	0.485464	0.365744	0.21709	0.0708046	-0.0526447	-0.130835	-0.1411	-0.0740073	0.0472551	0.171917	0.258442	0.283888	0.235434	0.121968	-0.0238848	-0.166402	-0.269922	-0.324656	-0.335576	-0.325041	-0.313888	-0.308519	-0.330038	-0.389384	-0.470014	-0.574921	-0.702781	-0.830534	-0.924102	-0.965785	-0.952954	-0.884168	-0.77883	-0.678475	-0.59777	-0.538475	-0.504522	-0.487525	-0.470508	-0.449896	-0.432811	-0.422151	-0.420058	-0.425486	-0.431418	-0.43556	-0.433961	-0.421851	-0.411247	-0.403132	-0.401481	-0.411262	-0.42694	-0.440241	-0.457462	-0.475495	-0.482666	-0.488316	-0.492852	-0.499716	-0.503927	-0.507025	-0.528968	-0.567884	-0.613204	-0.66694	-0.742559	-0.837292	-0.935126	-1.03171	-1.1198	-1.18025	-1.20705	-1.19662	-1.13242	-1.02015	-0.873404	-0.69374	-0.477198	-0.235073	0	
0	0.00972494	0.0261501	0.054805	0.0924328	0.132485	0.159543	0.16283	0.144161	0.118928	0.110034	0.129824	0.184364	0.267237	0.36371	0.446682	0.493959	0.497321	0.455023	0.365744	0.228002	0.0675047	-0.0846024	-0.201792	-0.268695	-0.265477	-0.183476	-0.0483677	0.0835022	0.168405	0.181259	0.113061	-0.0276223	-0.205041	-0.379515	-0.510316	-0.581803	-0.595851	-0.575025	-0.538413	-0.499229	-0.480591	-0.498394	-0.543863	-0.615615	-0.709499	-0.808223	-0.875115	-0.890101	-0.859543	-0.787036	-0.685296	-0.589689	-0.516122	-0.467188	-0.442643	-0.436838	-0.43284	-0.425443	-0.419302	-0.418516	-0.426469	-0.435231	-0.439135	-0.439508	-0.434966	-0.418888	-0.40093	-0.384618	-0.372261	-0.376812	-0.389041	-0.397863	-0.411489	-0.42207	-0.41996	-0.412845	-0.404038	-0.394837	-0.381136	-0.369436	-0.376239	-0.402797	-0.439362	-0.484864	-0.550931	-0.636398	-0.728566	-0.819374	-0.901033	-0.962372	-0.997728	-0.994851	-0.93655	-0.835367	-0.7081	-0.55487	-0.375727	-0.183435	0	
0	0.00818961	0.0207928	0.0399594	0.0684792	0.0984972	0.118784	0.115142	0.0898954	0.0597694	0.0483648	0.0672611	0.118879	0.195043	0.28139	0.352616	0.386719	0.376055	0.320458	0.21709	0.0675047	-0.102211	-0.255131	-0.362919	-0.414644	-0.395359	-0.29541	-0.147051	-0.00379781	0.0808758	0.0845882	-0.00124666	-0.163722	-0.369978	-0.568091	-0.719586	-0.798768	-0.808024	-0.766669	-0.703022	-0.627965	-0.571698	-0.552928	-0.566204	-0.601815	-0.660732	-0.727197	-0.76684	-0.767851	-0.73704	-0.672574	-0.583153	-0.499246	-0.43712	-0.398743	-0.386272	-0.389023	-0.392919	-0.392646	-0.393522	-0.397417	-0.402412	-0.403642	-0.395872	-0.390253	-0.38474	-0.372482	-0.359026	-0.342431	-0.326028	-0.322077	-0.32245	-0.317263	-0.315888	-0.314101	-0.302408	-0.28812	-0.277478	-0.266228	-0.247481	-0.227354	-0.22393	-0.244788	-0.276838	-0.313242	-0.367611	-0.441917	-0.52326	-0.602859	-0.670623	-0.719134	-0.749327	-0.749217	-0.70283	-0.622362	-0.524579	-0.408271	-0.272033	-0.130362	0	
0	0.00260559	0.00707997	0.0133653	0.0276639	0.0427692	0.0518687	0.0389979	0.00638601	-0.0278312	-0.0430456	-0.0231779	0.0247547	0.098235	0.176559	0.240977	0.265787	0.246377	0.181061	0.0708046	-0.0846024	-0.255131	-0.401406	-0.493167	-0.523816	-0.482399	-0.366873	-0.204836	-0.0565438	0.0239626	0.015021	-0.0877462	-0.270523	-0.491737	-0.703437	-0.86109	-0.937103	-0.935147	-0.876816	-0.787191	-0.684049	-0.596235	-0.540435	-0.519614	-0.52151	-0.550151	-0.588921	-0.614727	-0.611034	-0.585763	-0.535738	-0.468486	-0.404466	-0.355967	-0.328284	-0.321209	-0.331586	-0.343406	-0.347391	-0.346528	-0.342292	-0.338311	-0.32443	-0.303192	-0.287619	-0.2805	-0.276358	-0.268194	-0.254987	-0.234647	-0.221647	-0.209367	-0.188803	-0.171906	-0.156356	-0.137771	-0.122854	-0.117209	-0.114083	-0.105649	-0.0924702	-0.0906164	-0.110871	-0.141345	-0.176982	-0.22431	-0.284254	-0.348477	-0.403781	-0.444935	-0.475112	-0.492724	-0.490281	-0.459449	-0.406119	-0.346664	-0.275382	-0.184388	-0.0892899	0	
0	-0.00262582	-0.00622463	-0.0114188	-0.0127255	-0.0125483	-0.0167755	-0.0378238	-0.076778	-0.114602	-0.132999	-0.115272	-0.0702945	-0.00195525	0.071373	0.128896	0.15037	0.124426	0.0584696	-0.0526447	-0.201792	-0.362919	-0.493167	-0.562402	-0.566129	-0.504381	-0.37251	-0.205894	-0.0577966	0.0139924	-0.0106738	-0.131012	-0.326854	-0.559704	-0.77505	-0.931247	-0.999953	-0.984716	-0.905685	-0.791428	-0.662171	-0.540951	-0.452785	-0.40198	-0.376935	-0.379841	-0.402288	-0.420138	-0.419712	-0.40624	-0.376487	-0.332084	-0.280947	-0.242859	-0.22392	-0.227998	-0.243288	-0.255646	-0.25529	-0.246678	-0.234471	-0.218818	-0.194295	-0.165018	-0.143783	-0.137729	-0.138192	-0.132743	-0.11744	-0.091636	-0.0712767	-0.0482367	-0.0208159	0.00568547	0.0318107	0.0542069	0.0703123	0.0672893	0.0524266	0.0405525	0.0321905	0.015839	-0.0180974	-0.0584761	-0.0921623	-0.127031	-0.172111	-0.217327	-0.247588	-0.256716	-0.257244	-0.257377	-0.249247	-0.228854	-0.202147	-0.179267	-0.148109	-0.100228	-0.0505522	0	
0	-0.00631071	-0.0151418	-0.0303071	-0.0439937	-0.0592801	-0.0735022	-0.101955	-0.141284	-0.180349	-0.198527	-0.181561	-0.1394	-0.0722722	-0.00483307	0.0519054	0.0686733	0.0422599	-0.0241645	-0.130835	-0.268695	-0.414644	-0.523816	-0.566129	-0.543668	-0.457304	-0.314909	-0.145769	-0.00255253	0.0560933	0.0155425	-0.120829	-0.329726	-0.566941	-0.782829	-0.935734	-0.994849	-0.968385	-0.870987	-0.733497	-0.575033	-0.42117	-0.29655	-0.214879	-0.164779	-0.156482	-0.17214	-0.193367	-0.205076	-0.205586	-0.18926	-0.157916	-0.121027	-0.0922803	-0.0796663	-0.0828607	-0.0959066	-0.104424	-0.0966973	-0.0795871	-0.059619	-0.0404609	-0.0144037	0.0142279	0.0371581	0.0437944	0.0404415	0.0465051	0.0662535	0.0943221	0.118909	0.143459	0.165945	0.192546	0.217502	0.238344	0.252377	0.241923	0.212948	0.175074	0.139775	0.0991109	0.0430826	-0.0117482	-0.0535279	-0.0842774	-0.110748	-0.132816	-0.138216	-0.119974	-0.0942697	-0.0690446	-0.0447596	-0.0258412	-0.0126874	-0.0160929	-0.0218544	-0.0153653	-0.00988273	0	
0	-0.00912154	-0.0223673	-0.0445513	-0.070219	-0.0971665	-0.121707	-0.150472	-0.187546	-0.218942	-0.233418	-0.212455	-0.167509	-0.099402	-0.0288018	0.0280175	0.0480142	0.0222347	-0.0407986	-0.1411	-0.265477	-0.395359	-0.482399	-0.504381	-0.457304	-0.355659	-0.206701	-0.0411158	0.0924963	0.140967	0.0881143	-0.0577437	-0.271027	-0.508092	-0.722993	-0.872416	-0.930828	-0.897809	-0.789167	-0.628449	-0.44133	-0.250036	-0.0899532	0.0235236	0.0882428	0.10262	0.0867883	0.0557315	0.0310068	0.019136	0.0214272	0.0328882	0.0605777	0.0872404	0.105386	0.109331	0.107925	0.111043	0.128223	0.149303	0.166255	0.179984	0.200533	0.225359	0.251212	0.261052	0.256237	0.26259	0.28122	0.306633	0.328464	0.346313	0.355684	0.36785	0.381594	0.388864	0.390742	0.372045	0.328737	0.274533	0.219567	0.154831	0.0791684	0.00570875	-0.0458027	-0.0721527	-0.0870553	-0.0888538	-0.0670412	-0.0209889	0.0273483	0.0716709	0.111463	0.134213	0.14297	0.129515	0.100098	0.0706085	0.0347194	0	
0	-0.0104902	-0.026805	-0.0530138	-0.0880721	-0.125005	-0.155001	-0.183099	-0.208395	-0.230324	-0.232404	-0.205296	-0.152802	-0.0772928	1.42138e-05	0.0651071	0.0922137	0.0726292	0.0173226	-0.0740073	-0.183476	-0.29541	-0.366873	-0.37251	-0.314909	-0.206701	-0.0621601	0.0916746	0.213036	0.252217	0.194773	0.0484052	-0.161521	-0.39193	-0.60295	-0.751467	-0.809013	-0.77611	-0.657304	-0.477493	-0.265481	-0.0438114	0.14496	0.280237	0.356381	0.374312	0.354986	0.320121	0.284426	0.25794	0.240831	0.238169	0.253176	0.278071	0.30563	0.327809	0.34472	0.362362	0.385897	0.403593	0.410186	0.413512	0.426145	0.446521	0.477148	0.490623	0.487097	0.489448	0.503892	0.520973	0.534236	0.542716	0.531386	0.524316	0.515166	0.498132	0.481575	0.446118	0.388899	0.320728	0.253093	0.176242	0.086294	0.0010968	-0.0572116	-0.0812539	-0.0787961	-0.0547232	-0.00845873	0.0590706	0.12663	0.183639	0.227284	0.250965	0.257142	0.236307	0.196189	0.143445	0.0715048	0	
0	-0.00718157	-0.0200931	-0.0461794	-0.0843944	-0.127188	-0.160138	-0.182158	-0.195296	-0.201844	-0.192033	-0.157159	-0.0962636	-0.0132514	0.0741878	0.149768	0.18533	0.176521	0.127673	0.0472551	-0.0483677	-0.147051	-0.204836	-0.205894	-0.145769	-0.0411158	0.0916746	0.229907	0.336458	0.368138	0.310003	0.167129	-0.0351105	-0.257292	-0.461286	-0.604376	-0.660181	-0.621138	-0.491607	-0.29705	-0.0632873	0.17678	0.379667	0.52904	0.610206	0.625827	0.61	0.574067	0.530891	0.49455	0.466196	0.446937	0.449933	0.474194	0.511829	0.548359	0.579864	0.604948	0.6278	0.639764	0.637691	0.632012	0.634237	0.649899	0.680251	0.69725	0.692309	0.690886	0.70029	0.707727	0.714035	0.707521	0.677483	0.648142	0.614583	0.573916	0.531555	0.478699	0.403864	0.319074	0.240803	0.156494	0.067315	-0.0160491	-0.0706579	-0.0837846	-0.0642016	-0.0161218	0.0532943	0.135777	0.211735	0.273266	0.316493	0.332763	0.33331	0.312355	0.260928	0.189452	0.100748	0	
0	-0.00141277	-0.00956087	-0.0310739	-0.0702759	-0.114435	-0.147347	-0.160797	-0.158089	-0.147693	-0.124138	-0.0818773	-0.0141872	0.0744927	0.170712	0.252122	0.295544	0.290722	0.24639	0.171917	0.0835022	-0.00379781	-0.0565438	-0.0577966	-0.00255253	0.0924963	0.213036	0.336458	0.430372	0.459425	0.404211	0.267995	0.0728029	-0.141249	-0.339517	-0.476547	-0.5252	-0.477027	-0.336178	-0.124345	0.122339	0.371478	0.581037	0.734548	0.812762	0.829189	0.810894	0.773415	0.729168	0.688934	0.652554	0.62938	0.629306	0.655413	0.699623	0.740988	0.771053	0.794195	0.816403	0.826229	0.820111	0.809796	0.808265	0.818091	0.84423	0.857119	0.848174	0.839975	0.839586	0.838726	0.834894	0.816934	0.77227	0.724469	0.674012	0.614944	0.554022	0.481586	0.38669	0.28778	0.199048	0.112837	0.0349876	-0.0267053	-0.0579436	-0.0537923	-0.0190934	0.0426916	0.11973	0.202949	0.279052	0.33988	0.378791	0.392832	0.389913	0.364227	0.30911	0.226468	0.119727	0	
0	0.00302206	-0.000103223	-0.0187616	-0.0567365	-0.103043	-0.134243	-0.140424	-0.122215	-0.0960129	-0.0598223	-0.0119643	0.0600643	0.152663	0.254418	0.340474	0.38615	0.382199	0.335198	0.258442	0.168405	0.0808758	0.0239626	0.0139924	0.0560933	0.140967	0.252217	0.368138	0.459425	0.49209	0.446059	0.318553	0.130879	-0.0778981	-0.269377	-0.399216	-0.439835	-0.383119	-0.232375	-0.0151712	0.239186	0.491556	0.701674	0.858338	0.939981	0.953158	0.929785	0.891367	0.843164	0.799421	0.766867	0.752411	0.756325	0.785165	0.828035	0.864769	0.891218	0.910333	0.925569	0.931699	0.927524	0.920806	0.917827	0.92609	0.948993	0.959112	0.945253	0.924466	0.910721	0.898693	0.887383	0.862797	0.81336	0.756666	0.692131	0.618242	0.540161	0.451269	0.341825	0.232673	0.144215	0.0728915	0.0218467	-0.00683716	-0.00535671	0.0231117	0.0693915	0.130913	0.195452	0.260193	0.327182	0.386401	0.424621	0.44004	0.4358	0.404454	0.337614	0.243268	0.130798	0	
0	0.00297162	-7.22849e-05	-0.0188417	-0.0590232	-0.107688	-0.139799	-0.139734	-0.1095	-0.068964	-0.022136	0.0304038	0.104639	0.199914	0.304235	0.392714	0.435549	0.427722	0.370339	0.283888	0.181259	0.0845882	0.015021	-0.0106738	0.0155425	0.0881143	0.194773	0.310003	0.404211	0.446059	0.413134	0.297421	0.121681	-0.0780217	-0.257912	-0.377813	-0.410258	-0.350518	-0.202667	0.00798946	0.25918	0.505361	0.718381	0.880275	0.967011	0.980157	0.954482	0.910539	0.863562	0.823902	0.798459	0.788675	0.791072	0.815839	0.856061	0.892114	0.914053	0.928092	0.941843	0.949644	0.945678	0.937858	0.936998	0.952004	0.977503	0.989942	0.974056	0.942934	0.913982	0.89164	0.875721	0.849317	0.803638	0.742646	0.668098	0.581873	0.487011	0.385789	0.275365	0.175601	0.101769	0.0537593	0.037954	0.0503521	0.0847098	0.130623	0.18355	0.242721	0.293733	0.336395	0.383624	0.43095	0.462847	0.473465	0.461122	0.418125	0.338488	0.237267	0.127106	0	
0	-0.000453517	-0.0053067	-0.0282815	-0.0700402	-0.12294	-0.155793	-0.151723	-0.114769	-0.0616135	-0.0105391	0.0459989	0.117463	0.210992	0.315233	0.397804	0.435392	0.413688	0.341316	0.235434	0.113061	-0.00124666	-0.0877462	-0.131012	-0.120829	-0.0577437	0.0484052	0.167129	0.267995	0.318553	0.297421	0.197426	0.0351963	-0.147716	-0.310295	-0.416998	-0.443436	-0.386406	-0.254153	-0.0591164	0.177719	0.416237	0.627349	0.7914	0.88333	0.901392	0.875998	0.839971	0.805598	0.77239	0.750452	0.739093	0.733011	0.744784	0.774884	0.805637	0.831569	0.853888	0.872465	0.878443	0.874226	0.866235	0.867352	0.883773	0.91081	0.9288	0.91882	0.888682	0.852645	0.828738	0.808827	0.781812	0.739946	0.674059	0.593661	0.501699	0.405063	0.305182	0.205466	0.129679	0.0849049	0.0691088	0.0833519	0.125129	0.186402	0.250086	0.311431	0.369994	0.412827	0.44007	0.467566	0.492577	0.499478	0.488968	0.459921	0.399783	0.310581	0.212896	0.112932	0	
0	-0.00404174	-0.0134901	-0.0385351	-0.0834277	-0.136969	-0.169135	-0.163571	-0.119132	-0.0613285	-0.00455588	0.0506271	0.11659	0.205658	0.299983	0.37389	0.394391	0.352095	0.255611	0.121968	-0.0276223	-0.163722	-0.270523	-0.326854	-0.329726	-0.271027	-0.161521	-0.0351105	0.0728029	0.130879	0.121681	0.0351963	-0.108249	-0.273388	-0.41901	-0.514593	-0.538815	-0.494008	-0.378488	-0.205765	0.0139241	0.241293	0.447445	0.607486	0.705814	0.730991	0.715137	0.694573	0.677122	0.656611	0.63912	0.620621	0.596903	0.589635	0.604941	0.634137	0.664877	0.69355	0.717456	0.73304	0.735774	0.727455	0.722907	0.733639	0.756862	0.776086	0.778605	0.759395	0.733026	0.714405	0.69163	0.660609	0.613341	0.545366	0.463766	0.379133	0.298183	0.217354	0.147966	0.101938	0.0861457	0.102777	0.147337	0.215892	0.294606	0.368612	0.436723	0.499594	0.542049	0.558255	0.564225	0.558063	0.53023	0.491055	0.439601	0.363221	0.272642	0.185538	0.0975093	0	
0	-0.00852309	-0.0208609	-0.0497981	-0.0934726	-0.14482	-0.173365	-0.161571	-0.11389	-0.0471958	0.0117107	0.069257	0.129978	0.211298	0.293995	0.351006	0.34712	0.275753	0.145221	-0.0238848	-0.205041	-0.369978	-0.491737	-0.559704	-0.566941	-0.508092	-0.39193	-0.257292	-0.141249	-0.0778981	-0.0780217	-0.147716	-0.273388	-0.42139	-0.552985	-0.646057	-0.679566	-0.649744	-0.559643	-0.409988	-0.207001	0.00887196	0.20766	0.365975	0.471134	0.507722	0.509268	0.505538	0.505809	0.492921	0.474915	0.445772	0.412073	0.388678	0.390842	0.411448	0.440215	0.472529	0.507524	0.533435	0.542265	0.534446	0.526551	0.530495	0.544936	0.565773	0.578243	0.575357	0.559682	0.545618	0.521186	0.48327	0.431858	0.360555	0.284889	0.218886	0.163692	0.115423	0.0844383	0.0799872	0.101711	0.147006	0.216521	0.307871	0.402375	0.482771	0.551246	0.610605	0.649343	0.6624	0.651312	0.615385	0.554513	0.480665	0.408102	0.325123	0.23581	0.161915	0.0888317	0	
0	-0.0101327	-0.0245031	-0.0520546	-0.091355	-0.133538	-0.151434	-0.131366	-0.0754265	-0.00261863	0.0622974	0.122361	0.178825	0.250705	0.317307	0.349974	0.317511	0.207363	0.0412227	-0.166402	-0.379515	-0.568091	-0.703437	-0.77505	-0.782829	-0.722993	-0.60295	-0.461286	-0.339517	-0.269377	-0.257912	-0.310295	-0.41901	-0.552985	-0.684241	-0.785903	-0.835606	-0.83042	-0.765737	-0.637301	-0.459084	-0.255452	-0.0627421	0.0963571	0.214475	0.276023	0.296136	0.306706	0.313784	0.305026	0.28362	0.248841	0.207929	0.174729	0.165398	0.177883	0.205993	0.242779	0.28184	0.308896	0.319517	0.311462	0.301507	0.299566	0.31415	0.335621	0.352654	0.353555	0.338133	0.321268	0.291869	0.257737	0.209471	0.147064	0.0821848	0.0306938	0.00402167	-0.00914167	0.00248645	0.0421919	0.106718	0.188153	0.279171	0.383663	0.487569	0.573028	0.638602	0.689961	0.723773	0.729752	0.702383	0.644539	0.5597	0.46625	0.378321	0.283838	0.201912	0.142085	0.0743113	0	
0	-0.00825777	-0.0208525	-0.0424741	-0.0718655	-0.0976197	-0.0986128	-0.0646835	0.00235018	0.0826569	0.157254	0.222052	0.278629	0.341594	0.388995	0.396657	0.327607	0.179664	-0.026519	-0.269922	-0.510316	-0.719586	-0.86109	-0.931247	-0.935734	-0.872416	-0.751467	-0.604376	-0.476547	-0.399216	-0.377813	-0.416998	-0.514593	-0.646057	-0.785903	-0.902699	-0.976468	-0.996107	-0.957212	-0.859389	-0.707176	-0.517205	-0.331475	-0.162751	-0.0221195	0.0625668	0.103669	0.125402	0.134898	0.126746	0.102973	0.0638917	0.019833	-0.0219523	-0.0423162	-0.033295	-0.00435542	0.0323653	0.0685096	0.0930047	0.0973255	0.0839857	0.071941	0.0727972	0.0923137	0.113701	0.126606	0.120966	0.0981582	0.0677085	0.0339524	0.00346624	-0.0373444	-0.0844185	-0.135294	-0.171171	-0.178899	-0.159058	-0.102749	-0.015783	0.0944291	0.207674	0.318175	0.42865	0.530231	0.614797	0.677015	0.719416	0.742121	0.741694	0.705478	0.633755	0.540419	0.439563	0.344317	0.247679	0.164411	0.109599	0.057733	0	
0	-0.00487485	-0.0133456	-0.0256172	-0.040273	-0.0429587	-0.020949	0.0333688	0.114814	0.205517	0.292425	0.363884	0.423934	0.475315	0.502699	0.479024	0.372827	0.186266	-0.0551452	-0.324656	-0.581803	-0.798768	-0.937103	-0.999953	-0.994849	-0.930828	-0.809013	-0.660181	-0.5252	-0.439835	-0.410258	-0.443436	-0.538815	-0.679566	-0.835606	-0.976468	-1.07522	-1.12305	-1.11473	-1.04929	-0.925763	-0.753571	-0.567718	-0.384118	-0.226374	-0.118898	-0.0609418	-0.0349236	-0.0242578	-0.0246392	-0.0454041	-0.085259	-0.133456	-0.182163	-0.206215	-0.202232	-0.177009	-0.142244	-0.10645	-0.088429	-0.0922466	-0.105396	-0.116141	-0.116578	-0.102419	-0.089112	-0.0873278	-0.101638	-0.132814	-0.178311	-0.221255	-0.255123	-0.293574	-0.328058	-0.359091	-0.37238	-0.353638	-0.302339	-0.215733	-0.0934477	0.0523253	0.188772	0.307786	0.416967	0.517008	0.596822	0.651637	0.686864	0.700847	0.690468	0.641981	0.564999	0.47922	0.388128	0.298423	0.206489	0.127225	0.0759654	0.0357548	0	
0	0.000946014	0.00171839	0.000907173	0.0085408	0.031073	0.082622	0.159433	0.256209	0.358175	0.453423	0.532977	0.592912	0.631524	0.63533	0.577328	0.435191	0.214583	-0.0532432	-0.335576	-0.595851	-0.808024	-0.935147	-0.984716	-0.968385	-0.897809	-0.77611	-0.621138	-0.477027	-0.383119	-0.350518	-0.386406	-0.494008	-0.649744	-0.83042	-0.996107	-1.12305	-1.20236	-1.22733	-1.19489	-1.09914	-0.939076	-0.752208	-0.558836	-0.38972	-0.269876	-0.20037	-0.164531	-0.145078	-0.1372	-0.153715	-0.188853	-0.235172	-0.2819	-0.312108	-0.317793	-0.300737	-0.27203	-0.24202	-0.22654	-0.224236	-0.233997	-0.248609	-0.261893	-0.261609	-0.263607	-0.277418	-0.296989	-0.331775	-0.386498	-0.441686	-0.488526	-0.532158	-0.558584	-0.567957	-0.554004	-0.504657	-0.420858	-0.313921	-0.18081	-0.0248621	0.120327	0.242887	0.348332	0.443118	0.51947	0.564107	0.580657	0.579945	0.562033	0.511738	0.439402	0.366141	0.296035	0.226797	0.153251	0.088423	0.0452458	0.0177257	0	
0	0.00588766	0.0120959	0.0275055	0.0538459	0.107164	0.18721	0.288749	0.403135	0.512441	0.617557	0.699333	0.758173	0.780366	0.756085	0.662936	0.486098	0.23815	-0.0444532	-0.325041	-0.575025	-0.766669	-0.876816	-0.905685	-0.870987	-0.789167	-0.657304	-0.491607	-0.336178	-0.232375	-0.202667	-0.254153	-0.378488	-0.559643	-0.765737	-0.957212	-1.11473	-1.22733	-1.2829	-1.28304	-1.2101	-1.06576	-0.884594	-0.689707	-0.519982	-0.393935	-0.313526	-0.269209	-0.243439	-0.225641	-0.230172	-0.25266	-0.291667	-0.336389	-0.371957	-0.388871	-0.386365	-0.365227	-0.332642	-0.305073	-0.297066	-0.305865	-0.327413	-0.35322	-0.370222	-0.392152	-0.419567	-0.448941	-0.48915	-0.552999	-0.620493	-0.679354	-0.72929	-0.748807	-0.737528	-0.696179	-0.617756	-0.509097	-0.390664	-0.257409	-0.112204	0.0191648	0.1322	0.228518	0.315966	0.381936	0.409296	0.4073	0.386268	0.355434	0.312221	0.25695	0.207414	0.165853	0.121433	0.0785819	0.0420201	0.0149485	0.00401027	0	
0	0.00629985	0.01994	0.0451465	0.0951196	0.173095	0.282347	0.407245	0.534488	0.651694	0.756623	0.837977	0.887782	0.890071	0.834735	0.707801	0.500015	0.236802	-0.048836	-0.313888	-0.538413	-0.703022	-0.787191	-0.791428	-0.733497	-0.628449	-0.477493	-0.29705	-0.124345	-0.0151712	0.00798946	-0.0591164	-0.205765	-0.409988	-0.637301	-0.859389	-1.04929	-1.19489	-1.28304	-1.3099	-1.25305	-1.12906	-0.959802	-0.776871	-0.616305	-0.495428	-0.409884	-0.357184	-0.319335	-0.293026	-0.282882	-0.289541	-0.320305	-0.362595	-0.40385	-0.435537	-0.444	-0.421789	-0.378868	-0.343936	-0.330605	-0.338899	-0.366148	-0.401004	-0.432678	-0.466015	-0.50899	-0.552616	-0.605612	-0.677536	-0.751868	-0.817943	-0.862449	-0.872487	-0.844983	-0.782852	-0.685421	-0.563941	-0.444692	-0.321535	-0.195278	-0.0861793	0.000642099	0.0750258	0.146458	0.194096	0.202499	0.178654	0.138198	0.100114	0.0647221	0.0306105	0.00596762	-0.00930867	-0.0172835	-0.0151357	-0.0131049	-0.0116642	-0.00271912	0	
0	0.00644805	0.0250476	0.0635089	0.133365	0.236038	0.369553	0.51408	0.650189	0.768645	0.864383	0.936318	0.967013	0.944638	0.857399	0.697369	0.470965	0.200715	-0.0710803	-0.308519	-0.499229	-0.627965	-0.684049	-0.662171	-0.575033	-0.44133	-0.265481	-0.0632873	0.122339	0.239186	0.25918	0.177719	0.0139241	-0.207001	-0.459084	-0.707176	-0.925763	-1.09914	-1.2101	-1.25305	-1.21963	-1.12413	-0.981332	-0.821836	-0.675655	-0.557494	-0.469699	-0.41236	-0.370172	-0.337899	-0.313226	-0.307293	-0.332297	-0.374866	-0.42473	-0.465655	-0.476699	-0.451753	-0.40614	-0.36664	-0.348846	-0.359213	-0.387459	-0.423788	-0.459782	-0.505016	-0.561642	-0.621111	-0.686619	-0.757397	-0.833625	-0.895571	-0.926606	-0.920715	-0.876425	-0.802997	-0.70078	-0.58555	-0.478116	-0.37384	-0.27197	-0.185948	-0.125884	-0.0839396	-0.0460551	-0.0226681	-0.0348376	-0.0778064	-0.129988	-0.17674	-0.204214	-0.213839	-0.214141	-0.198482	-0.169019	-0.128373	-0.0833246	-0.0471068	-0.0191035	0	
0	0.00739137	0.0320395	0.0857064	0.174834	0.300339	0.453545	0.612921	0.753716	0.865347	0.944103	0.993771	0.995892	0.943462	0.820617	0.633896	0.392163	0.125544	-0.124372	-0.330038	-0.480591	-0.571698	-0.596235	-0.540951	-0.42117	-0.250036	-0.0438114	0.17678	0.371478	0.491556	0.505361	0.416237	0.241293	0.00887196	-0.255452	-0.517205	-0.753571	-0.939076	-1.06576	-1.12906	-1.12413	-1.06214	-0.954325	-0.820866	-0.686693	-0.579138	-0.498517	-0.437621	-0.38572	-0.349026	-0.317743	-0.308705	-0.335778	-0.385199	-0.437665	-0.474774	-0.487026	-0.46709	-0.425614	-0.385274	-0.367093	-0.376279	-0.399364	-0.432118	-0.473287	-0.529327	-0.595411	-0.669182	-0.742198	-0.806664	-0.873581	-0.922369	-0.934635	-0.909222	-0.850213	-0.765611	-0.666575	-0.570988	-0.48455	-0.40393	-0.328065	-0.267187	-0.234405	-0.22857	-0.238716	-0.258723	-0.290763	-0.335665	-0.387461	-0.427651	-0.440448	-0.435452	-0.417531	-0.375653	-0.312991	-0.240154	-0.168926	-0.104555	-0.0462237	0	
