0	0	0	0	0	0	0	0	0	0	0	0	0	0	0	0	0	0	0	0	0	0	0	0	0	0	0	0	0	0	0	0	0	0	0	0	0	0	0	0	0	0	0	0	0	0	0	0	0	0	0	0	0	0	0	0	0	0	0	0	0	0	0	0	0	0	0	0	0	0	0	0	0	0	0	0	0	0	0	0	0	0	0	0	0	0	0	0	0	0	0	0	0	0	0	0	0	0	0	0	
0	-0.158608	-0.269293	-0.327222	-0.361565	-0.396073	-0.433923	-0.471209	-0.505937	-0.535891	-0.558258	-0.570155	-0.568406	-0.550659	-0.515847	-0.465901	-0.406239	-0.341561	-0.27483	-0.209375	-0.147802	-0.0913542	-0.0411629	0.00216404	0.0386914	0.0683862	0.0916493	0.108869	0.120356	0.126504	0.127404	0.123182	0.113663	0.0987005	0.077863	0.0509048	0.0173148	-0.0230794	-0.0703461	-0.124378	-0.184189	-0.248484	-0.315367	-0.381351	-0.443421	-0.497673	-0.538706	-0.563026	-0.570148	-0.561088	-0.536918	-0.497178	-0.439493	-0.360254	-0.257836	-0.141435	-0.0318067	0.0581531	0.137975	0.222422	0.304111	0.354417	0.350703	0.296503	0.216587	0.138334	0.0781117	0.0393735	0.0178664	0.00735123	0.00275989	0.00095061	0.000301837	8.87239e-05	2.42349e-05	6.17221e-06	1.47013e-06	3.28387e-07	6.89629e-08	1.36471e-08	2.55022e-09	4.50886e-10	7.55593e-11	1.20216e-11	1.81873e-12	2.62018e-13	3.59946e-14	4.72108e-15	5.91917e-16	7.10204e-17	8.16339e-18	8.99826e-19	9.5205e-20	9.67754e-21	9.45904e-22	8.89732e-23	8.06006e-24	7.03702e-25	5.88829e-26	0	
0	-0.269293	-0.487002	-0.634303	-0.723612	-0.780788	-0.83399	-0.900755	-0.977013	-1.04571	-1.09195	-1.10728	-1.08994	-1.04263	-0.969418	-0.876572	-0.770453	-0.655428	-0.536726	-0.419988	-0.308885	-0.206319	-0.114819	-0.0352938	0.0317894	0.0864384	0.129411	0.161179	0.182529	0.194	0.195793	0.188181	0.170666	0.143148	0.104666	0.0548454	-0.00708914	-0.0814738	-0.168082	-0.266229	-0.374441	-0.489478	-0.608232	-0.725597	-0.835783	-0.934394	-1.01579	-1.07334	-1.10113	-1.09359	-1.04628	-0.957626	-0.829973	-0.67096	-0.489209	-0.29025	-0.0843952	0.111207	0.287708	0.447538	0.582479	0.662267	0.657144	0.567816	0.428551	0.284368	0.167203	0.0878064	0.04149	0.0177588	0.00692712	0.00247563	0.000814495	0.000247749	6.99381e-05	1.83861e-05	4.51535e-06	1.03883e-06	2.24473e-07	4.56641e-08	8.76434e-09	1.59024e-09	2.73279e-10	4.45548e-11	6.90272e-12	1.01772e-12	1.42997e-13	1.91724e-14	2.45592e-15	3.00912e-16	3.53041e-17	3.97024e-18	4.28389e-19	4.43905e-20	4.42132e-21	4.2363e-22	3.90786e-23	3.4731e-24	2.95675e-25	0	
0	-0.327222	-0.634303	-0.883462	-1.04491	-1.13613	-1.20863	-1.29455	-1.38936	-1.47476	-1.53237	-1.5491	-1.52206	-1.4539	-1.35131	-1.22345	-1.077	-0.919749	-0.761199	-0.607681	-0.463387	-0.332668	-0.217554	-0.118489	-0.0360012	0.0310135	0.0833645	0.121984	0.148049	0.161976	0.164388	0.155216	0.134227	0.100772	0.0541059	-0.00702782	-0.0832674	-0.175684	-0.284543	-0.408888	-0.547973	-0.698446	-0.85559	-1.01462	-1.1665	-1.30257	-1.41566	-1.49691	-1.53685	-1.52723	-1.46135	-1.33751	-1.15928	-0.936589	-0.687293	-0.422093	-0.137682	0.157699	0.43166	0.653544	0.811344	0.896076	0.891952	0.794423	0.628469	0.440712	0.274609	0.152788	0.076355	0.0344811	0.0141526	0.00530797	0.00182804	0.00058067	0.000170805	4.6695e-05	1.19032e-05	2.83778e-06	6.3444e-07	1.33347e-07	2.64084e-08	4.93838e-09	8.73676e-10	1.46494e-10	2.33196e-11	3.52962e-12	5.08708e-13	6.99096e-14	9.17245e-15	1.15036e-15	1.38062e-16	1.58734e-17	1.75009e-18	1.85206e-19	1.883e-20	1.84085e-21	1.73186e-22	1.56912e-23	1.36096e-24	0	
0	-0.361565	-0.723612	-1.04491	-1.28349	-1.44512	-1.55965	-1.64732	-1.72353	-1.79354	-1.84352	-1.85818	-1.82826	-1.75003	-1.63041	-1.47893	-1.30645	-1.12686	-0.950003	-0.78155	-0.627155	-0.490579	-0.371808	-0.271413	-0.188522	-0.12138	-0.0694459	-0.0308743	-0.00502403	0.00876779	0.0113383	0.00196844	-0.0185399	-0.0520813	-0.098186	-0.159262	-0.235757	-0.329169	-0.440765	-0.570583	-0.717422	-0.880769	-1.05468	-1.23422	-1.41124	-1.57245	-1.70514	-1.7977	-1.83906	-1.82272	-1.74573	-1.60752	-1.41155	-1.15768	-0.850746	-0.512655	-0.160794	0.197618	0.533865	0.799787	0.969879	1.05075	1.05056	0.966691	0.806447	0.602689	0.401565	0.23873	0.12713	0.0609626	0.0264729	0.0104676	0.00378826	0.00126074	0.000387499	0.000110424	2.92775e-05	7.24554e-06	1.67857e-06	3.64996e-07	7.46748e-08	1.44067e-08	2.62636e-09	4.53276e-10	7.4192e-11	1.15358e-11	1.70644e-12	2.40498e-13	3.23359e-14	4.15292e-15	5.1007e-16	5.99783e-17	6.75928e-18	7.30767e-19	7.5864e-20	7.56933e-21	7.26457e-22	6.71153e-23	5.93188e-24	0	
0	-0.396073	-0.780788	-1.13613	-1.44512	-1.68581	-1.83787	-1.91977	-1.97473	-2.01668	-2.03722	-2.02855	-1.97939	-1.88868	-1.76392	-1.61269	-1.44834	-1.2812	-1.11773	-0.964323	-0.82661	-0.705105	-0.599795	-0.511152	-0.436951	-0.37704	-0.330112	-0.294962	-0.271581	-0.258758	-0.256695	-0.265268	-0.28435	-0.314776	-0.356855	-0.411276	-0.47961	-0.562413	-0.660634	-0.776505	-0.907786	-1.0548	-1.21477	-1.38073	-1.54739	-1.70476	-1.83954	-1.93896	-1.99078	-1.98348	-1.91204	-1.77111	-1.56153	-1.29058	-0.95489	-0.565519	-0.163623	0.21964	0.569878	0.856171	1.0441	1.13291	1.14398	1.08548	0.95348	0.760055	0.542828	0.345842	0.196821	0.100482	0.0462678	0.0193239	0.00736045	0.00256983	0.000826236	0.000245657	6.77994e-05	1.74297e-05	4.18673e-06	9.4235e-07	1.99263e-07	3.96777e-08	7.45619e-09	1.32498e-09	2.23063e-10	3.56384e-11	5.41223e-12	7.82434e-13	1.07829e-13	1.41844e-14	1.7832e-15	2.14489e-16	2.47115e-17	2.72976e-18	2.89403e-19	2.94737e-20	2.886e-21	2.71911e-22	2.44919e-23	0	
0	-0.433923	-0.83399	-1.20863	-1.55965	-1.83787	-2.00752	-2.09558	-2.13298	-2.13109	-2.10701	-2.06153	-1.98747	-1.89048	-1.77225	-1.6411	-1.50657	-1.37368	-1.24916	-1.13673	-1.03732	-0.948468	-0.871428	-0.80437	-0.747043	-0.699741	-0.660985	-0.632021	-0.611892	-0.600759	-0.59938	-0.606145	-0.623469	-0.648234	-0.683939	-0.727245	-0.780722	-0.843754	-0.916354	-0.999831	-1.09629	-1.20306	-1.32316	-1.45238	-1.58652	-1.71863	-1.83946	-1.93555	-1.99549	-2.00356	-1.94654	-1.81727	-1.60379	-1.31705	-0.97887	-0.59319	-0.184923	0.198103	0.53555	0.822257	1.03359	1.15066	1.18626	1.1584	1.06484	0.901245	0.688496	0.469893	0.285912	0.155518	0.0759955	0.0335524	0.0134607	0.00493356	0.00166021	0.000515266	0.000148096	3.95636e-05	9.85695e-06	2.29718e-06	5.02172e-07	1.03229e-07	2.00008e-08	3.66021e-09	6.33906e-10	1.04085e-10	1.62301e-11	2.40716e-12	3.40068e-13	4.58242e-14	5.89719e-15	7.25666e-16	8.54787e-17	9.64872e-18	1.04474e-18	1.08614e-19	1.08515e-20	1.04273e-21	9.57229e-23	0	
0	-0.471209	-0.900755	-1.29455	-1.64732	-1.91977	-2.09558	-2.17652	-2.16792	-2.11326	-2.0488	-1.97095	-1.88503	-1.79138	-1.68971	-1.59168	-1.4989	-1.41798	-1.34804	-1.2872	-1.23157	-1.18003	-1.13242	-1.08785	-1.04784	-1.01188	-0.981552	-0.957984	-0.940574	-0.931556	-0.929853	-0.935881	-0.950278	-0.970995	-0.999139	-1.03296	-1.07157	-1.11427	-1.16166	-1.20978	-1.26405	-1.32295	-1.38929	-1.46506	-1.55182	-1.64585	-1.73984	-1.82133	-1.87318	-1.88396	-1.83311	-1.7175	-1.53349	-1.26976	-0.95335	-0.610843	-0.245166	0.11571	0.438001	0.719215	0.952787	1.11167	1.18675	1.19411	1.14082	1.01744	0.827188	0.603149	0.391919	0.227049	0.117748	0.0549654	0.0232312	0.0089406	0.0031497	0.00102064	0.000305548	8.48385e-05	2.19262e-05	5.29159e-06	1.196e-06	2.53838e-07	5.07124e-08	9.55812e-09	1.70303e-09	2.87399e-10	4.60173e-11	7.00225e-12	1.01412e-12	1.3999e-13	1.84428e-14	2.32179e-15	2.79633e-16	3.22554e-17	3.5671e-18	3.78574e-19	3.85933e-20	3.78229e-21	3.53882e-22	0	
0	-0.505937	-0.977013	-1.38936	-1.72353	-1.97473	-2.13298	-2.16792	-2.10089	-1.99668	-1.87849	-1.76582	-1.67584	-1.59764	-1.53904	-1.49593	-1.46521	-1.44515	-1.42504	-1.40552	-1.3807	-1.35407	-1.32379	-1.29368	-1.26252	-1.23413	-1.20982	-1.18925	-1.17547	-1.16748	-1.1658	-1.17187	-1.18245	-1.20162	-1.22295	-1.2512	-1.28065	-1.31139	-1.34245	-1.37156	-1.39524	-1.41728	-1.4366	-1.45677	-1.47936	-1.51307	-1.5527	-1.59781	-1.62897	-1.63483	-1.6013	-1.50776	-1.36797	-1.17627	-0.92435	-0.641753	-0.339343	-0.0184625	0.291294	0.571839	0.823545	1.02541	1.14991	1.19857	1.18479	1.10445	0.949136	0.736223	0.509663	0.314079	0.17275	0.0852322	0.0379439	0.0153316	0.005654	0.00191279	0.000596404	0.000172104	4.61382e-05	1.153e-05	2.69429e-06	5.90365e-07	1.2161e-07	2.36052e-08	4.32682e-09	7.50435e-10	1.23377e-10	1.92605e-11	2.85955e-12	4.04356e-13	5.45332e-14	7.02338e-15	8.64858e-16	1.01941e-16	1.1514e-17	1.24741e-18	1.29753e-19	1.29692e-20	1.23669e-21	0	
0	-0.535891	-1.04571	-1.47476	-1.79354	-2.01668	-2.13109	-2.11326	-1.99668	-1.82078	-1.62985	-1.48524	-1.39097	-1.34543	-1.34461	-1.36208	-1.39443	-1.41996	-1.43879	-1.44568	-1.44158	-1.42973	-1.41282	-1.39168	-1.3702	-1.35093	-1.33339	-1.31885	-1.31024	-1.30337	-1.30339	-1.30694	-1.31451	-1.32794	-1.34309	-1.36259	-1.38301	-1.40483	-1.42185	-1.43885	-1.44526	-1.44309	-1.42726	-1.40495	-1.37068	-1.33775	-1.31135	-1.29684	-1.29799	-1.29402	-1.28765	-1.25284	-1.17303	-1.06197	-0.902428	-0.69351	-0.45364	-0.179493	0.115059	0.399595	0.666151	0.903668	1.07903	1.17465	1.20077	1.16222	1.04804	0.860159	0.63224	0.4136	0.240963	0.125551	0.0588367	0.0249479	0.00962708	0.00339909	0.00110348	0.000330848	9.19779e-05	2.37955e-05	5.74748e-06	1.29991e-06	2.76037e-07	5.51702e-08	1.04017e-08	1.85378e-09	3.12894e-10	5.01056e-11	7.62493e-12	1.10435e-12	1.52447e-13	2.00839e-14	2.52833e-15	3.04499e-16	3.51223e-17	3.88399e-18	4.12189e-19	4.20157e-20	4.08288e-21	0	
0	-0.558258	-1.09195	-1.53237	-1.84352	-2.03722	-2.10701	-2.0488	-1.87849	-1.62985	-1.38762	-1.20711	-1.10018	-1.0817	-1.11458	-1.17766	-1.24681	-1.30113	-1.34491	-1.36726	-1.38285	-1.38702	-1.38822	-1.38243	-1.38069	-1.37401	-1.36923	-1.3659	-1.36172	-1.36069	-1.36011	-1.36104	-1.36446	-1.36684	-1.37327	-1.37691	-1.38239	-1.38685	-1.38772	-1.38439	-1.3752	-1.35548	-1.31992	-1.26693	-1.20053	-1.1182	-1.04517	-0.982018	-0.953616	-0.950673	-0.960992	-0.98596	-0.987873	-0.955838	-0.883193	-0.751212	-0.569862	-0.342547	-0.0703688	0.216414	0.495171	0.758613	0.978928	1.12399	1.19194	1.19317	1.12139	0.968025	0.752335	0.521033	0.320943	0.176363	0.0869124	0.0386408	0.0155914	0.00574158	0.00193962	0.000603897	0.000174018	4.65857e-05	1.16258e-05	2.71301e-06	5.93685e-07	1.22138e-07	2.36782e-08	4.33499e-09	7.50978e-10	1.23328e-10	1.92321e-11	2.85237e-12	4.0294e-13	5.42905e-14	6.98578e-15	8.59484e-16	1.01224e-16	1.14241e-17	1.23676e-18	1.28545e-19	1.27279e-20	0	
0	-0.570155	-1.10728	-1.5491	-1.85818	-2.02855	-2.06153	-1.97095	-1.76582	-1.48524	-1.20711	-0.985906	-0.869492	-0.851346	-0.889578	-0.961719	-1.0252	-1.08389	-1.12783	-1.16785	-1.20236	-1.23161	-1.25557	-1.27833	-1.29505	-1.30771	-1.31772	-1.32592	-1.32786	-1.33329	-1.33118	-1.33084	-1.32768	-1.32015	-1.31341	-1.29991	-1.28548	-1.26452	-1.24335	-1.21307	-1.18297	-1.14317	-1.10232	-1.04439	-0.977942	-0.888532	-0.794039	-0.712047	-0.657769	-0.658261	-0.691648	-0.751459	-0.816981	-0.857325	-0.859503	-0.798659	-0.671816	-0.489349	-0.247729	0.0331023	0.319992	0.600772	0.856302	1.04881	1.16063	1.20052	1.16962	1.05565	0.863451	0.630985	0.409981	0.237189	0.122747	0.0571535	0.0240888	0.00924364	0.00324675	0.00104894	0.000313077	8.66713e-05	2.23344e-05	5.37466e-06	1.21138e-06	2.56398e-07	5.10878e-08	9.60407e-09	1.70695e-09	2.87366e-10	4.59052e-11	6.96958e-12	1.00722e-12	1.38751e-13	1.82436e-14	2.29239e-15	2.75598e-16	3.17359e-17	3.50398e-18	3.71276e-19	3.74496e-20	0	
0	-0.568406	-1.08994	-1.52206	-1.82826	-1.97939	-1.98747	-1.88503	-1.67584	-1.39097	-1.10018	-0.869492	-0.739718	-0.6915	-0.699529	-0.727697	-0.761407	-0.806534	-0.854942	-0.912721	-0.961674	-1.01332	-1.05526	-1.09595	-1.12302	-1.15104	-1.16872	-1.18264	-1.19257	-1.19658	-1.19807	-1.19427	-1.18684	-1.17547	-1.15731	-1.1363	-1.10709	-1.07172	-1.03121	-0.982556	-0.932238	-0.877629	-0.822691	-0.772061	-0.721889	-0.668838	-0.595157	-0.523042	-0.463111	-0.447376	-0.486368	-0.567647	-0.670832	-0.760494	-0.819948	-0.823031	-0.749945	-0.610685	-0.405192	-0.141076	0.147281	0.438316	0.718644	0.952736	1.10894	1.18741	1.19499	1.12153	0.960738	0.738097	0.504491	0.306635	0.166354	0.0810017	0.0356152	0.0142244	0.00518914	0.00173788	0.000536778	0.000153538	4.08225e-05	1.01229e-05	2.34832e-06	5.11041e-07	1.04592e-07	2.01785e-08	3.67746e-09	6.34346e-10	1.03755e-10	1.61184e-11	2.38202e-12	3.35358e-13	4.50404e-14	5.77803e-15	7.0886e-16	8.32592e-17	9.3725e-18	1.01211e-18	1.03969e-19	0	
0	-0.550659	-1.04263	-1.4539	-1.75003	-1.88868	-1.89048	-1.79138	-1.59764	-1.34543	-1.0817	-0.851346	-0.6915	-0.593835	-0.540993	-0.51815	-0.529169	-0.565762	-0.618182	-0.670375	-0.722837	-0.772349	-0.815312	-0.851478	-0.883994	-0.909244	-0.930259	-0.944278	-0.957002	-0.960049	-0.963185	-0.958482	-0.949321	-0.937751	-0.916832	-0.8954	-0.864732	-0.831169	-0.789687	-0.744395	-0.689835	-0.639315	-0.582262	-0.532138	-0.492441	-0.469088	-0.441376	-0.400561	-0.356105	-0.333996	-0.35597	-0.427473	-0.543806	-0.665118	-0.76366	-0.818331	-0.798446	-0.703345	-0.537102	-0.299068	-0.0174422	0.277547	0.573201	0.840584	1.03929	1.15661	1.20055	1.16629	1.04132	0.837749	0.600531	0.382559	0.217139	0.110376	0.0505493	0.0209833	0.00794015	0.00275332	0.000879069	0.000259531	7.11272e-05	1.81583e-05	4.33192e-06	9.6849e-07	2.03447e-07	4.02519e-08	7.51709e-09	1.32775e-09	2.22227e-10	3.53049e-11	5.33247e-12	7.66876e-13	1.05155e-13	1.3766e-14	1.72263e-15	2.06292e-16	2.36672e-17	2.6037e-18	2.72295e-19	0	
0	-0.515847	-0.969418	-1.35131	-1.63041	-1.76392	-1.77225	-1.68971	-1.53904	-1.34461	-1.11458	-0.889578	-0.699529	-0.540993	-0.432446	-0.37675	-0.374795	-0.40338	-0.438355	-0.473523	-0.509782	-0.542655	-0.573137	-0.601559	-0.627759	-0.649029	-0.668949	-0.683189	-0.693938	-0.69961	-0.700717	-0.696877	-0.688387	-0.67537	-0.658062	-0.636785	-0.612535	-0.584328	-0.554887	-0.523966	-0.487086	-0.450318	-0.412783	-0.370459	-0.334717	-0.322493	-0.325474	-0.324737	-0.303269	-0.278678	-0.287156	-0.336965	-0.438044	-0.569135	-0.693496	-0.787605	-0.816574	-0.766517	-0.6416	-0.436637	-0.16987	0.123315	0.4264	0.717855	0.95472	1.11063	1.1894	1.1919	1.10419	0.926514	0.694305	0.462346	0.273949	0.145091	0.0690901	0.0297602	0.0116637	0.00418186	0.00137836	0.000419517	0.000118376	3.10795e-05	7.6172e-06	1.74788e-06	3.76525e-07	7.63318e-08	1.45957e-08	2.63787e-09	4.51457e-10	7.32966e-11	1.13075e-11	1.66008e-12	2.32269e-13	3.10119e-14	3.95626e-15	4.82805e-16	5.64245e-17	6.32095e-18	6.72674e-19	0	
0	-0.465901	-0.876572	-1.22345	-1.47893	-1.61269	-1.6411	-1.59168	-1.49593	-1.36208	-1.17766	-0.961719	-0.727697	-0.51815	-0.37675	-0.308272	-0.302081	-0.305381	-0.312558	-0.321954	-0.341763	-0.359923	-0.380689	-0.401921	-0.423262	-0.440973	-0.458439	-0.469451	-0.479699	-0.483408	-0.484648	-0.481449	-0.473148	-0.463287	-0.447723	-0.429941	-0.411758	-0.388895	-0.36694	-0.349377	-0.328314	-0.312079	-0.300262	-0.284071	-0.252876	-0.234096	-0.242669	-0.26514	-0.278526	-0.264196	-0.255049	-0.28039	-0.357699	-0.480495	-0.615253	-0.73689	-0.808077	-0.80171	-0.718602	-0.551528	-0.307079	-0.0209899	0.283453	0.59014	0.858901	1.05192	1.16444	1.20101	1.14984	1.00232	0.782569	0.543227	0.335204	0.184582	0.0912143	0.040698	0.0164932	0.00610471	0.00207423	0.000649933	0.000188578	5.08561e-05	1.27903e-05	3.00905e-06	6.64029e-07	1.37801e-07	2.69541e-08	4.98e-09	8.70791e-10	1.44365e-10	2.27304e-11	3.40424e-12	4.85664e-13	6.60914e-14	8.59013e-15	1.06763e-15	1.27027e-16	1.44824e-17	1.56749e-18	0	
0	-0.406239	-0.770453	-1.077	-1.30645	-1.44834	-1.50657	-1.4989	-1.46521	-1.39443	-1.24681	-1.0252	-0.761407	-0.529169	-0.374795	-0.302081	-0.265583	-0.23183	-0.218487	-0.223821	-0.240612	-0.246747	-0.265449	-0.279333	-0.293309	-0.302957	-0.315029	-0.320291	-0.326632	-0.330146	-0.328706	-0.32975	-0.322882	-0.317209	-0.309676	-0.295739	-0.285158	-0.272595	-0.252973	-0.243037	-0.230569	-0.214409	-0.213126	-0.224566	-0.223323	-0.203126	-0.199456	-0.220764	-0.249641	-0.257641	-0.25021	-0.252838	-0.299033	-0.403076	-0.536561	-0.673893	-0.779094	-0.812961	-0.769767	-0.642691	-0.427025	-0.153244	0.148068	0.462507	0.755912	0.983103	1.12831	1.19647	1.17981	1.06436	0.862884	0.622575	0.399069	0.227959	0.116662	0.053814	0.02251	0.00858687	0.00300285	0.000967201	0.000288158	7.97146e-05	2.05465e-05	4.94981e-06	1.11769e-06	2.37171e-07	4.74061e-08	8.94504e-09	1.59652e-09	2.70029e-10	4.33546e-11	6.61817e-12	9.61974e-13	1.33325e-13	1.7642e-14	2.2315e-15	2.70122e-16	3.13221e-17	3.44578e-18	0	
0	-0.341561	-0.655428	-0.919749	-1.12686	-1.2812	-1.37368	-1.41798	-1.44515	-1.41996	-1.30113	-1.08389	-0.806534	-0.565762	-0.40338	-0.305381	-0.23183	-0.186645	-0.181251	-0.191025	-0.189376	-0.191452	-0.20251	-0.204642	-0.205595	-0.214924	-0.213795	-0.220087	-0.220273	-0.222807	-0.2225	-0.220732	-0.221733	-0.214622	-0.215932	-0.209985	-0.203699	-0.204347	-0.195413	-0.187606	-0.190323	-0.180439	-0.165711	-0.174006	-0.192984	-0.193219	-0.183838	-0.193854	-0.228496	-0.248829	-0.248081	-0.243338	-0.263059	-0.341051	-0.463171	-0.604951	-0.735304	-0.805509	-0.798991	-0.710781	-0.528266	-0.271986	0.0225795	0.339019	0.649849	0.907003	1.08341	1.181	1.19621	1.11291	0.9337	0.698133	0.463641	0.274087	0.144948	0.0689848	0.0297271	0.0116662	0.00419172	0.00138562	0.000423236	0.000119925	3.1635e-05	7.79372e-06	1.79847e-06	3.89756e-07	7.95174e-08	1.53064e-08	2.78556e-09	4.80169e-10	7.85377e-11	1.22086e-11	1.80638e-12	2.54756e-13	3.42909e-14	4.41074e-15	5.42782e-16	6.3965e-17	7.1473e-18	0	
0	-0.27483	-0.536726	-0.761199	-0.950003	-1.11773	-1.24916	-1.34804	-1.42504	-1.43879	-1.34491	-1.12783	-0.854942	-0.618182	-0.438355	-0.312558	-0.218487	-0.181251	-0.177153	-0.168807	-0.154123	-0.157754	-0.157848	-0.15238	-0.155914	-0.160812	-0.155751	-0.163993	-0.161174	-0.162272	-0.165315	-0.159325	-0.164683	-0.157576	-0.158183	-0.158626	-0.152324	-0.156223	-0.158908	-0.152761	-0.159247	-0.168934	-0.15949	-0.151545	-0.170439	-0.182331	-0.181583	-0.178052	-0.203882	-0.237593	-0.248278	-0.242801	-0.243028	-0.294554	-0.400465	-0.53729	-0.681822	-0.783216	-0.810684	-0.758484	-0.610607	-0.376174	-0.0915713	0.222619	0.544422	0.826568	1.03207	1.15713	1.20137	1.14898	0.994312	0.768151	0.527118	0.321697	0.175403	0.0859464	0.0380783	0.0153442	0.00565446	0.00191501	0.000598717	0.000173498	4.67692e-05	1.17664e-05	2.771e-06	6.12502e-07	1.27388e-07	2.49851e-08	4.63088e-09	8.1266e-10	1.35265e-10	2.13899e-11	3.21842e-12	4.6143e-13	6.31218e-14	8.2491e-15	1.03109e-15	1.2339e-16	1.39925e-17	0	
0	-0.209375	-0.419988	-0.607681	-0.78155	-0.964323	-1.13673	-1.2872	-1.40552	-1.44568	-1.36726	-1.16785	-0.912721	-0.670375	-0.473523	-0.321954	-0.223821	-0.191025	-0.168807	-0.145534	-0.131933	-0.142841	-0.133388	-0.134637	-0.139394	-0.138115	-0.13654	-0.142945	-0.137908	-0.140665	-0.142721	-0.13724	-0.143351	-0.138368	-0.138244	-0.139025	-0.137768	-0.130015	-0.142609	-0.133834	-0.135486	-0.14881	-0.160834	-0.148155	-0.156057	-0.171329	-0.177602	-0.175048	-0.189223	-0.222071	-0.241113	-0.243994	-0.236424	-0.262504	-0.348491	-0.475928	-0.625332	-0.750187	-0.808238	-0.78902	-0.675239	-0.465501	-0.193572	0.115294	0.44272	0.744673	0.976545	1.12715	1.19766	1.17409	1.04473	0.831435	0.587925	0.369488	0.207223	0.104309	0.0474153	0.0195803	0.00738641	0.00255835	0.0008173	0.000241816	6.65088e-05	1.70615e-05	4.0946e-06	9.21849e-07	1.95187e-07	3.89567e-08	7.34461e-09	1.31056e-09	2.2173e-10	3.56284e-11	5.44563e-12	7.92877e-13	1.10118e-13	1.46068e-14	1.85273e-15	2.24934e-16	2.58645e-17	0	
0	-0.147802	-0.308885	-0.463387	-0.627155	-0.82661	-1.03732	-1.23157	-1.3807	-1.44158	-1.38285	-1.20236	-0.961674	-0.722837	-0.509782	-0.341763	-0.240612	-0.189376	-0.154123	-0.131933	-0.138258	-0.139262	-0.12779	-0.131503	-0.133168	-0.122159	-0.13083	-0.122826	-0.124871	-0.124751	-0.121999	-0.126746	-0.120714	-0.129475	-0.124445	-0.127151	-0.135772	-0.126011	-0.134696	-0.137834	-0.129911	-0.129606	-0.146012	-0.147713	-0.151626	-0.165485	-0.173992	-0.171062	-0.175545	-0.209375	-0.23557	-0.242673	-0.234441	-0.243394	-0.307928	-0.421955	-0.570239	-0.711415	-0.795381	-0.805493	-0.723964	-0.54036	-0.283182	0.0182356	0.347139	0.663956	0.919007	1.09312	1.18727	1.18998	1.08552	0.887328	0.644783	0.416215	0.239531	0.123583	0.0575136	0.0242896	0.00936179	0.00330999	0.00107856	0.000325267	9.11275e-05	2.37988e-05	5.81157e-06	1.33071e-06	2.86437e-07	5.8096e-08	1.11266e-08	2.01622e-09	3.46304e-10	5.64754e-11	8.75839e-12	1.29356e-12	1.82197e-13	2.45044e-14	3.15078e-15	3.87694e-16	4.51598e-17	0	
0	-0.0913542	-0.206319	-0.332668	-0.490579	-0.705105	-0.948468	-1.18003	-1.35407	-1.42973	-1.38702	-1.23161	-1.01332	-0.772349	-0.542655	-0.359923	-0.246747	-0.191452	-0.157754	-0.142841	-0.139262	-0.126328	-0.120753	-0.122913	-0.117202	-0.11339	-0.118927	-0.111129	-0.115381	-0.115124	-0.110968	-0.118324	-0.110623	-0.117133	-0.115854	-0.114762	-0.120633	-0.122095	-0.12287	-0.132374	-0.136672	-0.135849	-0.141135	-0.140652	-0.1415	-0.158625	-0.1705	-0.17245	-0.17	-0.194033	-0.225708	-0.241376	-0.235047	-0.232566	-0.278645	-0.377037	-0.518775	-0.670188	-0.77576	-0.811318	-0.759044	-0.601609	-0.36057	-0.0679934	0.259389	0.586695	0.861508	1.05692	1.17224	1.19848	1.11761	0.935633	0.696746	0.460763	0.271435	0.143209	0.0680843	0.0293454	0.0115329	0.00415449	0.00137829	0.000422923	0.00012049	3.19826e-05	7.93435e-06	1.84493e-06	4.03126e-07	8.29702e-08	1.61201e-08	2.96239e-09	5.1588e-10	8.52761e-11	1.3402e-11	2.00546e-12	2.86129e-13	3.89741e-14	5.07438e-15	6.32138e-16	7.45139e-17	0	
0	-0.0411629	-0.114819	-0.217554	-0.371808	-0.599795	-0.871428	-1.13242	-1.32379	-1.41282	-1.38822	-1.25557	-1.05526	-0.815312	-0.573137	-0.380689	-0.265449	-0.20251	-0.157848	-0.133388	-0.12779	-0.120753	-0.118573	-0.119148	-0.116237	-0.116024	-0.117558	-0.113433	-0.11654	-0.114385	-0.113994	-0.116409	-0.113351	-0.117113	-0.115394	-0.117034	-0.117458	-0.118792	-0.117894	-0.123661	-0.123194	-0.128951	-0.141241	-0.145152	-0.139505	-0.150778	-0.16657	-0.170545	-0.164612	-0.184146	-0.216818	-0.238224	-0.236359	-0.226268	-0.257225	-0.34161	-0.473817	-0.629354	-0.751959	-0.809453	-0.783055	-0.650579	-0.426221	-0.143263	0.180591	0.514751	0.805913	1.02028	1.15436	1.20132	1.14214	0.976518	0.743183	0.502183	0.302077	0.162597	0.0787921	0.0345856	0.0138315	0.00506657	0.00170815	0.000532343	0.000153959	4.14666e-05	1.0434e-05	2.45987e-06	5.44784e-07	1.13613e-07	2.23601e-08	4.16141e-09	7.33734e-10	1.22777e-10	1.95285e-11	2.95696e-12	4.26826e-13	5.88101e-14	7.74424e-15	9.75578e-16	1.16243e-16	0	
0	0.00216404	-0.0352938	-0.118489	-0.271413	-0.511152	-0.80437	-1.08785	-1.29368	-1.39168	-1.38243	-1.27833	-1.09595	-0.851478	-0.601559	-0.401921	-0.279333	-0.204642	-0.15238	-0.134637	-0.131503	-0.122913	-0.119148	-0.120721	-0.115692	-0.114271	-0.114298	-0.110789	-0.111719	-0.111004	-0.109609	-0.112493	-0.110253	-0.113377	-0.114491	-0.114524	-0.118945	-0.12015	-0.119353	-0.126027	-0.126043	-0.122385	-0.132996	-0.142845	-0.13768	-0.145966	-0.160124	-0.171748	-0.165075	-0.174575	-0.205666	-0.232915	-0.23863	-0.225188	-0.241988	-0.312945	-0.435666	-0.591727	-0.726743	-0.80239	-0.798349	-0.688832	-0.480898	-0.20776	0.11139	0.449564	0.75386	0.984696	1.1352	1.20014	1.16033	1.01041	0.783745	0.539713	0.330673	0.181153	0.0892746	0.0398219	0.0161723	0.00601207	0.00205589	0.000649549	0.000190363	5.19347e-05	1.32324e-05	3.15788e-06	7.07747e-07	1.49327e-07	2.97262e-08	5.59461e-09	9.9734e-10	1.68701e-10	2.71204e-11	4.14982e-12	6.05241e-13	8.42488e-14	1.12065e-14	1.42586e-15	1.71536e-16	0	
0	0.0386914	0.0317894	-0.0360012	-0.188522	-0.436951	-0.747043	-1.04784	-1.26252	-1.3702	-1.38069	-1.29505	-1.12302	-0.883994	-0.627759	-0.423262	-0.293309	-0.205595	-0.155914	-0.139394	-0.133168	-0.117202	-0.116237	-0.115692	-0.108601	-0.109031	-0.110175	-0.104878	-0.108555	-0.106804	-0.104898	-0.109495	-0.104471	-0.109136	-0.108544	-0.109336	-0.11102	-0.118379	-0.112663	-0.124809	-0.12765	-0.125676	-0.126459	-0.14074	-0.137167	-0.142822	-0.156987	-0.167763	-0.162981	-0.17008	-0.199147	-0.227234	-0.237499	-0.22498	-0.232901	-0.291577	-0.403949	-0.55812	-0.702183	-0.792523	-0.807172	-0.717968	-0.52549	-0.261879	0.0520768	0.392188	0.706728	0.951527	1.11615	1.19637	1.17339	1.03788	0.818302	0.572769	0.356533	0.198316	0.0991638	0.0448515	0.0184586	0.00694998	0.00240593	0.000769191	0.000228022	6.29043e-05	1.62016e-05	3.90746e-06	8.84811e-07	1.88577e-07	3.79126e-08	7.2049e-09	1.29672e-09	2.2141e-10	3.59245e-11	5.54734e-12	8.1638e-13	1.14654e-13	1.53855e-14	1.97465e-15	2.39554e-16	0	
0	0.0683862	0.0864384	0.0310135	-0.12138	-0.37704	-0.699741	-1.01188	-1.23413	-1.35093	-1.37401	-1.30771	-1.15104	-0.909244	-0.649029	-0.440973	-0.302957	-0.214924	-0.160812	-0.138115	-0.122159	-0.11339	-0.116024	-0.114271	-0.109031	-0.115338	-0.108877	-0.111038	-0.110751	-0.10881	-0.111158	-0.1086	-0.112452	-0.109097	-0.112764	-0.113376	-0.10934	-0.117298	-0.111898	-0.115041	-0.120899	-0.125632	-0.130133	-0.139013	-0.135815	-0.138266	-0.152345	-0.167958	-0.163649	-0.164961	-0.191124	-0.222183	-0.237998	-0.225779	-0.226171	-0.275466	-0.379	-0.529703	-0.679688	-0.781601	-0.811496	-0.73958	-0.560954	-0.306115	0.00269782	0.343354	0.665641	0.921918	1.09835	1.19125	1.18243	1.05959	0.846888	0.600934	0.379078	0.21357	0.108105	0.04947	0.020588	0.00783525	0.0027405	0.000884916	0.000264867	7.37551e-05	1.917e-05	4.66456e-06	1.06545e-06	2.29014e-07	4.64274e-08	8.89552e-09	1.61392e-09	2.77764e-10	4.54216e-11	7.06812e-12	1.04814e-12	1.48313e-13	2.00508e-14	2.59243e-15	3.16742e-16	0	
0	0.0916493	0.129411	0.0833645	-0.0694459	-0.330112	-0.660985	-0.981552	-1.20982	-1.33339	-1.36923	-1.31772	-1.16872	-0.930259	-0.668949	-0.458439	-0.315029	-0.213795	-0.155751	-0.13654	-0.13083	-0.118927	-0.117558	-0.114298	-0.110175	-0.108877	-0.107845	-0.104762	-0.106469	-0.103673	-0.105062	-0.104854	-0.104859	-0.106811	-0.107536	-0.109795	-0.1119	-0.117373	-0.115007	-0.122617	-0.12336	-0.11848	-0.121026	-0.137543	-0.137144	-0.138107	-0.149169	-0.165808	-0.163301	-0.161984	-0.186665	-0.217498	-0.236314	-0.22683	-0.222681	-0.263801	-0.359594	-0.50673	-0.660535	-0.771129	-0.812935	-0.755084	-0.588224	-0.341004	-0.0368486	0.303537	0.631476	0.896825	1.08277	1.18583	1.18844	1.07617	0.869639	0.623921	0.397838	0.226471	0.115775	0.053483	0.0224602	0.00862221	0.00304102	0.000989893	0.000298607	8.37819e-05	2.19371e-05	5.37638e-06	1.2367e-06	2.67658e-07	5.46293e-08	1.05367e-08	1.92421e-09	3.33302e-10	5.48504e-11	8.58896e-12	1.28157e-12	1.82458e-13	2.48167e-14	3.2279e-15	3.96671e-16	0	
0	0.108869	0.161179	0.121984	-0.0308743	-0.294962	-0.632021	-0.957984	-1.18925	-1.31885	-1.3659	-1.32592	-1.18264	-0.944278	-0.683189	-0.469451	-0.320291	-0.220087	-0.163993	-0.142945	-0.122826	-0.111129	-0.113433	-0.110789	-0.104878	-0.111038	-0.104762	-0.107163	-0.106584	-0.105444	-0.10716	-0.105062	-0.108656	-0.10493	-0.108939	-0.109074	-0.105038	-0.114604	-0.109377	-0.113474	-0.122439	-0.126561	-0.124372	-0.135911	-0.135011	-0.135687	-0.146554	-0.162834	-0.164368	-0.161683	-0.181893	-0.213065	-0.235509	-0.227854	-0.220451	-0.25576	-0.345487	-0.489276	-0.645398	-0.76222	-0.812816	-0.765692	-0.608136	-0.367051	-0.066736	0.273026	0.60489	0.877007	1.07019	1.18092	1.19223	1.0882	0.886734	0.641552	0.41245	0.23665	0.121896	0.056718	0.0239836	0.00926814	0.00328971	0.00107744	0.000326956	9.22673e-05	2.42951e-05	5.98702e-06	1.38457e-06	3.0124e-07	6.18014e-08	1.19806e-08	2.19884e-09	3.8275e-10	6.32943e-11	9.95879e-12	1.49302e-12	2.1356e-13	2.91822e-14	3.8132e-15	4.70679e-16	0	
0	0.120356	0.182529	0.148049	-0.00502403	-0.271581	-0.611892	-0.940574	-1.17547	-1.31024	-1.36172	-1.32786	-1.19257	-0.957002	-0.693938	-0.479699	-0.326632	-0.220273	-0.161174	-0.137908	-0.124871	-0.115381	-0.11654	-0.111719	-0.108555	-0.110751	-0.106469	-0.106584	-0.107233	-0.10389	-0.107274	-0.104052	-0.107236	-0.106201	-0.107789	-0.110556	-0.108948	-0.115797	-0.112614	-0.116417	-0.119718	-0.119883	-0.120856	-0.133996	-0.136506	-0.135262	-0.145926	-0.163827	-0.162745	-0.158689	-0.180244	-0.211454	-0.234367	-0.227998	-0.219162	-0.250776	-0.336199	-0.477346	-0.634743	-0.755641	-0.81212	-0.772367	-0.62138	-0.384684	-0.0871484	0.251984	0.586348	0.863037	1.06118	1.17716	1.19445	1.09616	0.898353	0.653721	0.422652	0.243825	0.126245	0.059034	0.0250817	0.0097367	0.00347119	0.0011417	0.000347874	9.85612e-05	2.60529e-05	6.44448e-06	1.49587e-06	3.26636e-07	6.72498e-08	1.30824e-08	2.40932e-09	4.20813e-10	6.98216e-11	1.10222e-11	1.65784e-12	2.37905e-13	3.2613e-14	4.27503e-15	5.29303e-16	0	
0	0.126504	0.194	0.161976	0.00876779	-0.258758	-0.600759	-0.931556	-1.16748	-1.30337	-1.36069	-1.33329	-1.19658	-0.960049	-0.69961	-0.483408	-0.330146	-0.222807	-0.162272	-0.140665	-0.124751	-0.115124	-0.114385	-0.111004	-0.106804	-0.10881	-0.103673	-0.105444	-0.10389	-0.103132	-0.104902	-0.102541	-0.106351	-0.103839	-0.107145	-0.108522	-0.10722	-0.114015	-0.1128	-0.116045	-0.121212	-0.121632	-0.120975	-0.135352	-0.135531	-0.13505	-0.143568	-0.160906	-0.16466	-0.160098	-0.177968	-0.208705	-0.233766	-0.228947	-0.218889	-0.247945	-0.33102	-0.470899	-0.628961	-0.751919	-0.811492	-0.775772	-0.62846	-0.39422	-0.0982373	0.24049	0.57615	0.8553	1.05614	1.17498	1.19552	1.1004	0.904643	0.660373	0.428269	0.247798	0.128667	0.0603293	0.0256984	0.0100009	0.0035739	0.00117819	0.000359795	0.00010216	2.7061e-05	6.70763e-06	1.56009e-06	3.41331e-07	7.04113e-08	1.37235e-08	2.53213e-09	4.43081e-10	7.36505e-11	1.16476e-11	1.75504e-12	2.52297e-13	3.46464e-14	4.54945e-15	5.64222e-16	0	
0	0.127404	0.195793	0.164388	0.0113383	-0.256695	-0.59938	-0.929853	-1.1658	-1.30339	-1.36011	-1.33118	-1.19807	-0.963185	-0.700717	-0.484648	-0.328706	-0.2225	-0.165315	-0.142721	-0.121999	-0.110968	-0.113994	-0.109609	-0.104898	-0.111158	-0.105062	-0.10716	-0.107274	-0.104902	-0.107483	-0.10468	-0.107929	-0.105124	-0.107867	-0.109019	-0.105075	-0.114313	-0.108566	-0.112324	-0.120706	-0.124882	-0.121627	-0.132619	-0.135271	-0.134292	-0.145202	-0.162019	-0.163227	-0.159031	-0.178092	-0.209558	-0.233962	-0.228242	-0.21847	-0.247789	-0.330319	-0.469776	-0.628001	-0.751301	-0.811323	-0.776293	-0.629652	-0.395837	-0.100093	0.238579	0.574451	0.854006	1.05529	1.17461	1.19569	1.1011	0.90569	0.661483	0.429208	0.248464	0.129073	0.0605466	0.025802	0.0100453	0.00359118	0.00118433	0.000361803	0.000102766	2.72311e-05	6.75205e-06	1.57094e-06	3.43814e-07	7.0946e-08	1.3832e-08	2.55293e-09	4.46854e-10	7.42998e-11	1.17537e-11	1.77154e-12	2.54743e-13	3.49923e-14	4.59615e-15	5.7017e-16	0	
0	0.123182	0.188181	0.155216	0.00196844	-0.265268	-0.606145	-0.935881	-1.17187	-1.30694	-1.36104	-1.33084	-1.19427	-0.958482	-0.696877	-0.481449	-0.32975	-0.220732	-0.159325	-0.13724	-0.126746	-0.118324	-0.116409	-0.112493	-0.109495	-0.1086	-0.104854	-0.105062	-0.104052	-0.102541	-0.10468	-0.102506	-0.105462	-0.105148	-0.106802	-0.109815	-0.110106	-0.115225	-0.11546	-0.119164	-0.120164	-0.117868	-0.119669	-0.135515	-0.136681	-0.135539	-0.144521	-0.162544	-0.163678	-0.159188	-0.179241	-0.209914	-0.233775	-0.228659	-0.219368	-0.249271	-0.333289	-0.474143	-0.632118	-0.753823	-0.81163	-0.77399	-0.625011	-0.389562	-0.0927283	0.246256	0.581278	0.859188	1.05867	1.17608	1.195	1.0983	0.90151	0.657049	0.425455	0.245803	0.127449	0.0596764	0.0253871	0.00986731	0.00352189	0.00115969	0.000353742	0.00010033	2.65479e-05	6.57354e-06	1.52733e-06	3.33827e-07	6.87954e-08	1.33955e-08	2.46924e-09	4.31667e-10	7.16862e-11	1.13265e-11	1.70509e-12	2.44896e-13	3.35999e-14	4.40812e-15	5.46226e-16	0	
0	0.113663	0.170666	0.134227	-0.0185399	-0.28435	-0.623469	-0.950278	-1.18245	-1.31451	-1.36446	-1.32768	-1.18684	-0.949321	-0.688387	-0.473148	-0.322882	-0.221733	-0.164683	-0.143351	-0.120714	-0.110623	-0.113351	-0.110253	-0.104471	-0.112452	-0.104859	-0.108656	-0.107236	-0.106351	-0.107929	-0.105462	-0.109276	-0.105134	-0.109108	-0.109437	-0.104742	-0.11448	-0.108404	-0.111734	-0.121008	-0.126819	-0.124143	-0.135375	-0.134828	-0.134773	-0.146465	-0.161879	-0.164104	-0.161654	-0.180431	-0.212154	-0.235536	-0.227716	-0.219694	-0.253509	-0.341035	-0.483895	-0.640926	-0.759288	-0.812238	-0.76864	-0.614342	-0.375267	-0.0760788	0.263499	0.596525	0.870708	1.06613	1.17926	1.19329	1.09187	0.892042	0.647084	0.41707	0.239888	0.123853	0.0577571	0.024475	0.00947733	0.00337055	0.001106	0.000336235	9.50538e-05	2.50718e-05	6.1888e-06	1.43358e-06	3.12404e-07	6.41925e-08	1.24634e-08	2.29092e-09	3.99377e-10	6.61414e-11	1.04219e-11	1.56471e-12	2.24134e-13	3.06704e-14	4.01326e-15	4.96043e-16	0	
0	0.0987005	0.143148	0.100772	-0.0520813	-0.314776	-0.648234	-0.970995	-1.20162	-1.32794	-1.36684	-1.32015	-1.17547	-0.937751	-0.67537	-0.463287	-0.317209	-0.214622	-0.157576	-0.138368	-0.129475	-0.117133	-0.117113	-0.113377	-0.109136	-0.109097	-0.106811	-0.10493	-0.106201	-0.103839	-0.105124	-0.105148	-0.105134	-0.106733	-0.107715	-0.109419	-0.110587	-0.116833	-0.113983	-0.120953	-0.123457	-0.120037	-0.120877	-0.135775	-0.136542	-0.137579	-0.148606	-0.16616	-0.163423	-0.160186	-0.18475	-0.216263	-0.235593	-0.227083	-0.222161	-0.260169	-0.352822	-0.499193	-0.654487	-0.767306	-0.812568	-0.759685	-0.597234	-0.352684	-0.0500114	0.290249	0.619951	0.888249	1.07735	1.18377	1.1902	1.08152	0.877163	0.63163	0.404193	0.230879	0.118415	0.0548732	0.0231127	0.00889798	0.00314688	0.00102705	0.000310607	8.73645e-05	2.29302e-05	5.63293e-06	1.29868e-06	2.81702e-07	5.76219e-08	1.11379e-08	2.03831e-09	3.53804e-10	5.83442e-11	9.15463e-12	1.36871e-12	1.95252e-13	2.66091e-14	3.46777e-15	4.26947e-16	0	
0	0.077863	0.104666	0.0541059	-0.098186	-0.356855	-0.683939	-0.999139	-1.22295	-1.34309	-1.37327	-1.31341	-1.15731	-0.916832	-0.658062	-0.447723	-0.309676	-0.215932	-0.158183	-0.138244	-0.124445	-0.115854	-0.115394	-0.114491	-0.108544	-0.112764	-0.107536	-0.108939	-0.107789	-0.107145	-0.107867	-0.106802	-0.109108	-0.107715	-0.110023	-0.111982	-0.10973	-0.11649	-0.112942	-0.11783	-0.1212	-0.123323	-0.126497	-0.140361	-0.136596	-0.137805	-0.150722	-0.164725	-0.163583	-0.165628	-0.188968	-0.219522	-0.237577	-0.226413	-0.224578	-0.270054	-0.370243	-0.520146	-0.672084	-0.77715	-0.811836	-0.746306	-0.573055	-0.321415	-0.0143505	0.326379	0.65116	0.911316	1.09181	1.18908	1.18517	1.06683	0.856701	0.610769	0.387053	0.219024	0.111332	0.0511508	0.0213689	0.0081622	0.00286489	0.000928215	0.000278737	7.78634e-05	2.03002e-05	4.95442e-06	1.13498e-06	2.44658e-07	4.97384e-08	9.55622e-09	1.7385e-09	3.00004e-10	4.91874e-11	7.67399e-12	1.1409e-12	1.61848e-13	2.19354e-14	2.84311e-15	3.48199e-16	0	
0	0.0509048	0.0548454	-0.00702782	-0.159262	-0.411276	-0.727245	-1.03296	-1.2512	-1.36259	-1.37691	-1.29991	-1.1363	-0.8954	-0.636785	-0.429941	-0.295739	-0.209985	-0.158626	-0.139025	-0.127151	-0.114762	-0.117034	-0.114524	-0.109336	-0.113376	-0.109795	-0.109074	-0.110556	-0.108522	-0.109019	-0.109815	-0.109437	-0.109419	-0.111982	-0.111164	-0.110581	-0.118394	-0.112385	-0.118804	-0.124446	-0.126153	-0.128893	-0.138859	-0.135469	-0.140827	-0.155353	-0.169317	-0.163851	-0.16664	-0.195249	-0.225744	-0.237774	-0.225071	-0.230081	-0.284383	-0.392907	-0.546436	-0.693298	-0.787963	-0.80885	-0.727357	-0.541012	-0.280983	0.0310849	0.371657	0.689573	0.939224	1.10883	1.19444	1.17746	1.04726	0.830472	0.584647	0.36597	0.204659	0.102861	0.0467509	0.0193299	0.00731055	0.0025416	0.000815921	0.00024284	6.72511e-05	1.73862e-05	4.20849e-06	9.56379e-07	2.04542e-07	4.12628e-08	7.86786e-09	1.4207e-09	2.43365e-10	3.96128e-11	6.1361e-12	9.05827e-13	1.27605e-13	1.71752e-14	2.21094e-15	2.68993e-16	0	
0	0.0173148	-0.00708914	-0.0832674	-0.235757	-0.47961	-0.780722	-1.07157	-1.28065	-1.38301	-1.38239	-1.28548	-1.10709	-0.864732	-0.612535	-0.411758	-0.285158	-0.203699	-0.152324	-0.137768	-0.135772	-0.120633	-0.117458	-0.118945	-0.11102	-0.10934	-0.1119	-0.105038	-0.108948	-0.10722	-0.105075	-0.110106	-0.104742	-0.110587	-0.10973	-0.110581	-0.115486	-0.118704	-0.116074	-0.128408	-0.12928	-0.123246	-0.128392	-0.141831	-0.13817	-0.145449	-0.158313	-0.169599	-0.164117	-0.172531	-0.203077	-0.230639	-0.238194	-0.225198	-0.237907	-0.303268	-0.422038	-0.578156	-0.717045	-0.798356	-0.802116	-0.701495	-0.500195	-0.23086	0.0864295	0.425689	0.734408	0.971097	1.12751	1.19889	1.16614	1.02217	0.798316	0.553504	0.341369	0.188199	0.0933075	0.0418604	0.0170936	0.00638799	0.00219547	0.000697021	0.000205235	5.62469e-05	1.43945e-05	3.44998e-06	7.76455e-07	1.64495e-07	3.28771e-08	6.21194e-09	1.11167e-09	1.88753e-10	3.0457e-11	4.6775e-12	6.84671e-13	9.56457e-14	1.27673e-14	1.6301e-15	1.96764e-16	0	
0	-0.0230794	-0.0814738	-0.175684	-0.329169	-0.562413	-0.843754	-1.11427	-1.31139	-1.40483	-1.38685	-1.26452	-1.07172	-0.831169	-0.584328	-0.388895	-0.272595	-0.204347	-0.156223	-0.130015	-0.126011	-0.122095	-0.118792	-0.12015	-0.118379	-0.117298	-0.117373	-0.114604	-0.115797	-0.114015	-0.114313	-0.115225	-0.11448	-0.116833	-0.11649	-0.118394	-0.118704	-0.119701	-0.11962	-0.122398	-0.120085	-0.124777	-0.139685	-0.144815	-0.139758	-0.147501	-0.16413	-0.171744	-0.163175	-0.180449	-0.213107	-0.235728	-0.237347	-0.225752	-0.250142	-0.329034	-0.457924	-0.614203	-0.741964	-0.806789	-0.789811	-0.667148	-0.449637	-0.170536	0.1517	0.487854	0.784641	1.00586	1.14678	1.20128	1.15016	0.99093	0.760152	0.517701	0.313788	0.170132	0.0830169	0.0366813	0.0147622	0.00544021	0.00184477	0.000578131	0.000168104	4.55127e-05	1.15101e-05	2.72696e-06	6.06838e-07	1.27148e-07	2.51388e-08	4.69958e-09	8.32274e-10	1.39868e-10	2.23416e-11	3.39706e-12	4.92371e-13	6.81162e-14	9.00554e-15	1.13894e-15	1.36224e-16	0	
0	-0.0703461	-0.168082	-0.284543	-0.440765	-0.660634	-0.916354	-1.16166	-1.34245	-1.42185	-1.38772	-1.24335	-1.03121	-0.789687	-0.554887	-0.36694	-0.252973	-0.195413	-0.158908	-0.142609	-0.134696	-0.12287	-0.117894	-0.119353	-0.112663	-0.111898	-0.115007	-0.109377	-0.112614	-0.1128	-0.108566	-0.11546	-0.108404	-0.113983	-0.112942	-0.112385	-0.116074	-0.11962	-0.117901	-0.128715	-0.133531	-0.136138	-0.140281	-0.142072	-0.138923	-0.154613	-0.169227	-0.171033	-0.169309	-0.190603	-0.220422	-0.240049	-0.23641	-0.229328	-0.268787	-0.362035	-0.500234	-0.653666	-0.766477	-0.811164	-0.769715	-0.62267	-0.388422	-0.0995806	0.226715	0.557239	0.838999	1.04226	1.16535	1.20023	1.12832	0.952909	0.716036	0.477752	0.283871	0.151005	0.0723538	0.0314186	0.0124356	0.00451024	0.0015061	0.000465053	0.000133298	3.55905e-05	8.87978e-06	2.07621e-06	4.56112e-07	9.43704e-08	1.84294e-08	3.40382e-09	5.95675e-10	9.89426e-11	1.56236e-11	2.3488e-12	3.36653e-13	4.60629e-14	6.02397e-15	7.53715e-16	8.92188e-17	0	
0	-0.124378	-0.266229	-0.408888	-0.570583	-0.776505	-0.999831	-1.20978	-1.37156	-1.43885	-1.38439	-1.21307	-0.982556	-0.744395	-0.523966	-0.349377	-0.243037	-0.187606	-0.152761	-0.133834	-0.137834	-0.132374	-0.123661	-0.126027	-0.124809	-0.115041	-0.122617	-0.113474	-0.116417	-0.116045	-0.112324	-0.119164	-0.111734	-0.120953	-0.11783	-0.118804	-0.128408	-0.122398	-0.128715	-0.134998	-0.131106	-0.128601	-0.14193	-0.143828	-0.147762	-0.163698	-0.173361	-0.172447	-0.171194	-0.201267	-0.232638	-0.24337	-0.234416	-0.237756	-0.29495	-0.403179	-0.549122	-0.69487	-0.788109	-0.808915	-0.739456	-0.566477	-0.315747	-0.0177203	0.310985	0.632566	0.895945	1.07883	1.18174	1.19421	1.09941	0.907611	0.666221	0.434347	0.252369	0.1314	0.0616852	0.0262678	0.0102044	0.00363525	0.00119316	0.000362342	0.000102199	2.68643e-05	6.60164e-06	1.52089e-06	3.2933e-07	6.71845e-08	1.29403e-08	2.35789e-09	4.07189e-10	6.67578e-11	1.0407e-11	1.54491e-12	2.18693e-13	2.95581e-14	3.81903e-15	4.72165e-16	5.52517e-17	0	
0	-0.184189	-0.374441	-0.547973	-0.717422	-0.907786	-1.09629	-1.26405	-1.39524	-1.44526	-1.3752	-1.18297	-0.932238	-0.689835	-0.487086	-0.328314	-0.230569	-0.190323	-0.159247	-0.135486	-0.129911	-0.136672	-0.123194	-0.126043	-0.12765	-0.120899	-0.12336	-0.122439	-0.119718	-0.121212	-0.120706	-0.120164	-0.121008	-0.123457	-0.1212	-0.124446	-0.12928	-0.120085	-0.133531	-0.131106	-0.127937	-0.136943	-0.153811	-0.147982	-0.153241	-0.167483	-0.174867	-0.171607	-0.18338	-0.218464	-0.239242	-0.243341	-0.234982	-0.253001	-0.331022	-0.453946	-0.602851	-0.734742	-0.804168	-0.797288	-0.69651	-0.497125	-0.231021	0.075052	0.403598	0.712148	0.953702	1.11394	1.19422	1.18151	1.06223	0.854752	0.611221	0.388361	0.220113	0.111914	0.05136	0.0214027	0.00814411	0.00284424	0.000915876	0.000273059	7.56566e-05	1.95467e-05	4.72347e-06	1.07056e-06	2.28152e-07	4.58251e-08	8.69297e-09	1.56052e-09	2.65578e-10	4.29204e-11	6.59723e-12	9.65867e-13	1.34872e-13	1.79856e-14	2.29323e-15	2.79846e-16	3.23375e-17	0	
