0	0	0	0	0	0	0	0	0	0	0	0	0	0	0	0	0	0	0	0	0	0	0	0	0	0	0	0	0	0	0	0	0	0	0	0	0	0	0	0	0	0	0	0	0	0	0	0	0	0	0	0	0	0	0	0	0	0	0	0	0	0	0	0	0	0	0	0	0	0	0	0	0	0	0	0	0	0	0	0	0	0	0	0	0	0	0	0	0	0	0	0	0	0	0	0	0	0	0	0	
0	0.0127201	0.0172944	0.0112722	-0.00333284	-0.020596	-0.034434	-0.0399086	-0.0371072	-0.026784	-0.0154081	-0.0120898	-0.0210048	-0.0394527	-0.0623389	-0.0909697	-0.124822	-0.165727	-0.208745	-0.246105	-0.266033	-0.259122	-0.223056	-0.164406	-0.0937501	-0.0178901	0.059971	0.133771	0.196513	0.240683	0.264611	0.266927	0.246714	0.207654	0.160878	0.114478	0.0723561	0.0384035	0.0152724	0.00875611	0.0215003	0.0482779	0.0825633	0.116937	0.139828	0.147011	0.139752	0.123067	0.0993839	0.06817	0.029116	-0.0126409	-0.0492041	-0.0722983	-0.0796142	-0.0747922	-0.0647218	-0.057654	-0.056842	-0.0622764	-0.0660779	-0.0654477	-0.0622146	-0.057069	-0.0519027	-0.0484206	-0.0443129	-0.0392529	-0.0360649	-0.0378132	-0.0413485	-0.0422033	-0.0382479	-0.0327973	-0.0281837	-0.0270216	-0.0295139	-0.0254851	-0.0132604	0.00466165	0.0223192	0.0341758	0.0402213	0.0432898	0.0484372	0.0581118	0.0724376	0.0884703	0.104139	0.119074	0.13225	0.14283	0.151638	0.154632	0.149743	0.137907	0.114675	0.0821634	0.0438369	0	
0	0.0172944	0.0227327	0.0141604	-0.00852096	-0.0351545	-0.0583484	-0.067918	-0.0656722	-0.0520896	-0.0374984	-0.0355906	-0.0519054	-0.081823	-0.121854	-0.177256	-0.248441	-0.330906	-0.41117	-0.472887	-0.499802	-0.480264	-0.412004	-0.303146	-0.169059	-0.0182702	0.139421	0.288589	0.411768	0.49433	0.536322	0.53771	0.495852	0.419225	0.324666	0.231217	0.145525	0.0762764	0.0302261	0.0155233	0.037033	0.0847957	0.14596	0.209662	0.256168	0.273865	0.267719	0.240593	0.198799	0.14158	0.0723734	-0.0003557	-0.0605078	-0.100381	-0.119315	-0.123241	-0.121295	-0.121782	-0.127406	-0.139149	-0.146935	-0.144681	-0.137271	-0.127223	-0.113557	-0.101447	-0.0922378	-0.0860639	-0.0804947	-0.0785325	-0.0793565	-0.0762419	-0.0703865	-0.0665453	-0.0644918	-0.0621463	-0.0591845	-0.0490293	-0.0305803	-0.00428934	0.0267746	0.0562567	0.0819583	0.104422	0.12231	0.141303	0.163033	0.183728	0.208919	0.235036	0.258231	0.278583	0.29352	0.296799	0.285961	0.261046	0.215672	0.154139	0.0816454	0	
0	0.0112722	0.0141604	0.00724788	-0.0101695	-0.033087	-0.054721	-0.066572	-0.0703412	-0.0642999	-0.0566244	-0.0607717	-0.0820616	-0.118788	-0.171277	-0.254134	-0.361884	-0.483128	-0.590208	-0.663547	-0.687074	-0.652457	-0.557466	-0.409353	-0.221287	-0.00345264	0.230546	0.452342	0.633123	0.751626	0.809043	0.807578	0.74596	0.631809	0.493057	0.352139	0.221389	0.114396	0.0389448	0.00949961	0.0310478	0.0890453	0.169154	0.258019	0.328582	0.368484	0.374865	0.353344	0.30647	0.236275	0.149074	0.0616568	-0.0116026	-0.0637148	-0.100632	-0.130101	-0.154182	-0.174853	-0.191045	-0.208743	-0.218771	-0.220878	-0.21781	-0.205108	-0.186293	-0.172124	-0.161546	-0.149824	-0.135228	-0.12319	-0.11444	-0.111901	-0.116218	-0.125058	-0.125214	-0.11372	-0.100015	-0.0756487	-0.0469441	-0.0130622	0.029628	0.0800245	0.135204	0.185822	0.226135	0.25507	0.277825	0.297917	0.320464	0.347943	0.375803	0.398117	0.414409	0.412893	0.389386	0.349209	0.282821	0.19815	0.104482	0	
0	-0.00333284	-0.00852096	-0.0101695	-0.0133951	-0.0176689	-0.02834	-0.0401168	-0.0567083	-0.0674513	-0.0728163	-0.083988	-0.110302	-0.154027	-0.221995	-0.328234	-0.464383	-0.608522	-0.73	-0.807458	-0.827329	-0.780378	-0.663175	-0.480446	-0.247849	0.0262923	0.323053	0.607229	0.840521	0.993629	1.06812	1.06678	0.985978	0.839575	0.657103	0.471888	0.29692	0.149474	0.0431077	-0.00762147	0.00496492	0.0633484	0.149502	0.252924	0.346015	0.408972	0.443196	0.443051	0.411321	0.346672	0.259854	0.167427	0.0889559	0.0233243	-0.0379621	-0.0986619	-0.153752	-0.195498	-0.221462	-0.243179	-0.259095	-0.268136	-0.275841	-0.277648	-0.267489	-0.25485	-0.243157	-0.229343	-0.205392	-0.181647	-0.169429	-0.169284	-0.182004	-0.201025	-0.206326	-0.186286	-0.150044	-0.102566	-0.0528012	0.000426675	0.0624998	0.133216	0.209339	0.283008	0.340053	0.381534	0.409291	0.42162	0.436189	0.454117	0.47182	0.488435	0.497307	0.485663	0.450375	0.395904	0.315052	0.218181	0.113765	0	
0	-0.020596	-0.0351545	-0.033087	-0.0176689	0.000671608	0.00592671	-0.00707934	-0.0404944	-0.0735756	-0.0962048	-0.119341	-0.15697	-0.216895	-0.301748	-0.425127	-0.569349	-0.715706	-0.833264	-0.906984	-0.920616	-0.861682	-0.721461	-0.506567	-0.23402	0.0836045	0.426915	0.755434	1.02539	1.20502	1.29472	1.29641	1.2057	1.03137	0.813099	0.586291	0.370596	0.189272	0.0538485	-0.0169811	-0.0194874	0.0251249	0.101856	0.204847	0.306791	0.39335	0.454931	0.487434	0.482632	0.438336	0.36308	0.278986	0.201161	0.129801	0.0525307	-0.0331817	-0.114157	-0.177974	-0.218435	-0.251279	-0.272752	-0.28948	-0.308725	-0.323164	-0.330882	-0.339401	-0.340492	-0.323559	-0.290481	-0.261031	-0.24521	-0.246848	-0.260391	-0.273062	-0.262249	-0.224756	-0.17657	-0.109427	-0.0342639	0.0460336	0.132916	0.222264	0.311629	0.392225	0.454714	0.495526	0.516915	0.521533	0.521644	0.525375	0.531206	0.533487	0.531999	0.510814	0.46611	0.407818	0.323274	0.223077	0.117308	0	
0	-0.034434	-0.0583484	-0.054721	-0.02834	0.00592671	0.0205649	0.0057311	-0.0423043	-0.0959073	-0.140179	-0.18529	-0.247477	-0.329181	-0.429499	-0.555534	-0.692932	-0.823464	-0.924301	-0.981657	-0.980846	-0.904325	-0.74211	-0.497662	-0.192214	0.162017	0.540169	0.897619	1.18905	1.38226	1.48196	1.48956	1.39282	1.20088	0.951167	0.690488	0.442854	0.233711	0.0774921	-0.0143162	-0.0386399	-0.0177735	0.0347053	0.121134	0.220131	0.31214	0.394679	0.453133	0.480082	0.466499	0.41931	0.354513	0.290417	0.223021	0.142225	0.0481706	-0.0467657	-0.125902	-0.182539	-0.227708	-0.258834	-0.28083	-0.309751	-0.345731	-0.378901	-0.406808	-0.420754	-0.413788	-0.383269	-0.352799	-0.336212	-0.327087	-0.31893	-0.307892	-0.278677	-0.223483	-0.152923	-0.0645204	0.0351272	0.14174	0.250168	0.353031	0.443822	0.516111	0.558699	0.577	0.577025	0.557594	0.539765	0.526355	0.514641	0.506232	0.498221	0.477638	0.441072	0.392207	0.316607	0.222521	0.117933	0	
0	-0.0399086	-0.067918	-0.066572	-0.0401168	-0.00707934	0.0057311	-0.0130958	-0.0690356	-0.139319	-0.21033	-0.291115	-0.387829	-0.493626	-0.598976	-0.717229	-0.83606	-0.944107	-1.01643	-1.04439	-1.01337	-0.911109	-0.725069	-0.459747	-0.131934	0.245025	0.644713	1.01949	1.32099	1.52082	1.62503	1.63466	1.53689	1.33441	1.07162	0.795281	0.52996	0.301592	0.117731	-0.00574686	-0.0651931	-0.0792469	-0.0567228	0.00691058	0.0882942	0.17383	0.256528	0.333137	0.390386	0.416782	0.408598	0.377488	0.336224	0.28517	0.214448	0.12564	0.033068	-0.0495112	-0.112708	-0.169362	-0.20986	-0.243548	-0.28815	-0.342477	-0.397022	-0.448133	-0.480044	-0.479044	-0.450345	-0.419337	-0.393205	-0.369702	-0.34492	-0.311306	-0.252407	-0.167823	-0.0725216	0.0419304	0.163935	0.286249	0.405087	0.508574	0.588006	0.635011	0.642705	0.619856	0.578012	0.524199	0.475549	0.438144	0.411879	0.395363	0.391615	0.38342	0.362032	0.331319	0.271579	0.191985	0.10302	0	
0	-0.0371072	-0.0656722	-0.0703412	-0.0567083	-0.0404944	-0.0423043	-0.0690356	-0.131463	-0.216502	-0.316676	-0.434809	-0.565194	-0.686308	-0.787836	-0.886932	-0.980831	-1.05695	-1.09264	-1.07766	-1.00501	-0.864892	-0.652991	-0.372205	-0.0396934	0.338584	0.740567	1.11938	1.42609	1.62756	1.72877	1.73311	1.62921	1.42747	1.17049	0.903434	0.641532	0.399721	0.186984	0.0207303	-0.0845431	-0.140692	-0.156585	-0.128302	-0.0779641	-0.020287	0.05239	0.137763	0.226747	0.297825	0.336872	0.345308	0.335371	0.307625	0.257655	0.187803	0.108017	0.034824	-0.0265339	-0.0856629	-0.137192	-0.18599	-0.246618	-0.315002	-0.378866	-0.433259	-0.470896	-0.483974	-0.463625	-0.429297	-0.391559	-0.349757	-0.303414	-0.252633	-0.179161	-0.0722898	0.051347	0.187333	0.323115	0.450461	0.562403	0.651005	0.706108	0.719892	0.685508	0.616045	0.528096	0.427622	0.339663	0.273923	0.232029	0.216261	0.222691	0.23095	0.230551	0.221285	0.185871	0.133366	0.0726419	0	
0	-0.026784	-0.0520896	-0.0642999	-0.0674513	-0.0735756	-0.0959073	-0.139319	-0.216502	-0.321373	-0.445927	-0.589627	-0.738156	-0.865083	-0.956377	-1.0322	-1.09142	-1.12596	-1.11324	-1.04876	-0.924616	-0.741032	-0.498309	-0.209869	0.110828	0.466547	0.846332	1.21093	1.50752	1.69966	1.78892	1.78111	1.67469	1.48168	1.24648	1.00501	0.760113	0.519091	0.285198	0.0827607	-0.0682765	-0.173679	-0.239155	-0.259734	-0.253709	-0.226715	-0.169632	-0.0761931	0.0359438	0.140209	0.215871	0.262338	0.291427	0.303305	0.28657	0.241734	0.180903	0.118102	0.0614165	-0.00290313	-0.0634438	-0.121278	-0.184173	-0.246765	-0.300203	-0.350411	-0.393745	-0.411095	-0.392283	-0.353231	-0.303396	-0.24881	-0.194557	-0.132654	-0.0437663	0.0732757	0.201116	0.335995	0.464106	0.577181	0.671511	0.736115	0.761305	0.741651	0.669435	0.556876	0.418595	0.270503	0.146278	0.0606676	0.0169539	0.0090027	0.0289763	0.0541052	0.0728994	0.088307	0.082983	0.0639179	0.037899	0	
0	-0.0154081	-0.0374984	-0.0566244	-0.0728163	-0.0962048	-0.140179	-0.21033	-0.316676	-0.445927	-0.584222	-0.729502	-0.873522	-0.991955	-1.06827	-1.11602	-1.13424	-1.11684	-1.05027	-0.930934	-0.758249	-0.53356	-0.270205	0.0159147	0.311622	0.629336	0.968144	1.29364	1.55649	1.72194	1.79217	1.77733	1.67531	1.4991	1.28785	1.0732	0.852785	0.625197	0.390589	0.168949	-0.0184616	-0.172493	-0.294026	-0.369218	-0.406644	-0.407609	-0.359687	-0.264558	-0.143156	-0.0252261	0.0702354	0.147327	0.216035	0.270148	0.293928	0.280929	0.239495	0.19198	0.144143	0.0861053	0.0260931	-0.0306845	-0.0858197	-0.132849	-0.17075	-0.205673	-0.235274	-0.245481	-0.21883	-0.173445	-0.122572	-0.0710839	-0.017258	0.0417492	0.121589	0.228493	0.341441	0.455306	0.560148	0.646378	0.707157	0.737827	0.731787	0.681125	0.575194	0.423354	0.249012	0.0733077	-0.068447	-0.157761	-0.196065	-0.191755	-0.155384	-0.110739	-0.0677064	-0.0259851	-0.00270525	0.00738789	0.00939402	0	
0	-0.0120898	-0.0355906	-0.0607717	-0.083988	-0.119341	-0.18529	-0.291115	-0.434809	-0.589627	-0.729502	-0.856322	-0.973614	-1.06538	-1.11451	-1.12635	-1.09754	-1.02403	-0.897472	-0.724764	-0.508804	-0.261375	0.00542401	0.273726	0.536264	0.807845	1.08916	1.3526	1.558	1.68156	1.73122	1.71388	1.62509	1.47007	1.28469	1.09785	0.905225	0.699654	0.475481	0.247748	0.0362795	-0.156014	-0.322486	-0.44361	-0.516848	-0.540806	-0.506565	-0.41802	-0.302152	-0.186362	-0.0826854	0.0144464	0.114333	0.204114	0.258243	0.27176	0.258267	0.235894	0.210915	0.171654	0.130305	0.0936484	0.0591935	0.0274955	0.00437285	-0.0124453	-0.0193033	0.00242697	0.0548623	0.110258	0.152356	0.182782	0.207794	0.240521	0.296379	0.373307	0.456774	0.536675	0.601423	0.643749	0.662834	0.655831	0.613795	0.53011	0.396516	0.228544	0.0463229	-0.128775	-0.262743	-0.345411	-0.375801	-0.359625	-0.306253	-0.236733	-0.167328	-0.103303	-0.0598404	-0.0315377	-0.0113231	0	
0	-0.0210048	-0.0519054	-0.0820616	-0.110302	-0.15697	-0.247477	-0.387829	-0.565194	-0.738156	-0.873522	-0.973614	-1.05025	-1.09745	-1.10147	-1.06672	-0.986946	-0.855954	-0.672866	-0.451843	-0.209705	0.0427221	0.293789	0.533651	0.756633	0.975049	1.1902	1.38169	1.52139	1.5985	1.62165	1.59865	1.5209	1.39061	1.2372	1.08414	0.922562	0.741125	0.531065	0.306673	0.0861124	-0.124892	-0.319125	-0.47211	-0.576981	-0.626885	-0.61413	-0.545303	-0.446005	-0.339943	-0.237636	-0.130407	-0.014811	0.0934514	0.172598	0.213996	0.226732	0.233401	0.238136	0.232881	0.22663	0.224676	0.220952	0.214895	0.211073	0.217793	0.244996	0.298781	0.374273	0.437306	0.471852	0.480272	0.474738	0.468443	0.478667	0.51224	0.548727	0.577979	0.592061	0.586109	0.560981	0.513969	0.438549	0.328501	0.180293	0.0098243	-0.15879	-0.310487	-0.426925	-0.494814	-0.512053	-0.480892	-0.40751	-0.317316	-0.227655	-0.146701	-0.0894263	-0.0497388	-0.0203851	0	
0	-0.0394527	-0.081823	-0.118788	-0.154027	-0.216895	-0.329181	-0.493626	-0.686308	-0.865083	-0.991955	-1.06538	-1.09745	-1.08748	-1.03359	-0.941552	-0.808264	-0.626352	-0.4008	-0.15491	0.0920503	0.329149	0.552015	0.752775	0.92796	1.08975	1.24287	1.37245	1.4579	1.4914	1.48583	1.45027	1.38048	1.27533	1.15543	1.03416	0.902125	0.743718	0.554973	0.346554	0.134658	-0.0775514	-0.281504	-0.4558	-0.584597	-0.662408	-0.679821	-0.642772	-0.573565	-0.491876	-0.401685	-0.295983	-0.171631	-0.0453437	0.0560149	0.124175	0.167595	0.20183	0.233517	0.262681	0.299137	0.342224	0.37917	0.403719	0.427663	0.46326	0.51553	0.591654	0.681113	0.751593	0.782479	0.775119	0.739387	0.693543	0.658404	0.637364	0.619732	0.592925	0.554093	0.504648	0.445204	0.372619	0.275259	0.148945	-0.00374098	-0.167763	-0.329169	-0.473428	-0.575474	-0.623123	-0.613999	-0.555325	-0.462295	-0.355998	-0.253155	-0.162482	-0.0940305	-0.0472589	-0.0177029	0	
0	-0.0623389	-0.121854	-0.171277	-0.221995	-0.301748	-0.429499	-0.598976	-0.787836	-0.956377	-1.06827	-1.11451	-1.10147	-1.03359	-0.915876	-0.761942	-0.575231	-0.35551	-0.113841	0.128462	0.355252	0.561039	0.742062	0.892085	1.01383	1.12393	1.22937	1.31503	1.35773	1.35494	1.32257	1.27618	1.21341	1.12853	1.0329	0.936848	0.831933	0.706649	0.552811	0.376719	0.186289	-0.0153925	-0.219813	-0.402827	-0.550052	-0.65247	-0.704093	-0.707849	-0.679129	-0.630528	-0.563368	-0.467416	-0.341075	-0.201324	-0.0724174	0.0280324	0.102303	0.168256	0.235701	0.30399	0.376568	0.451487	0.517529	0.572508	0.625701	0.686935	0.760539	0.848469	0.942697	1.01462	1.04286	1.0219	0.959749	0.877015	0.795597	0.725776	0.658364	0.589734	0.521307	0.450201	0.37302	0.281663	0.172841	0.0433298	-0.111481	-0.284342	-0.455709	-0.60026	-0.692936	-0.716845	-0.676957	-0.590291	-0.4753	-0.356206	-0.246228	-0.151935	-0.082441	-0.0372794	-0.0120781	0	
0	-0.0909697	-0.177256	-0.254134	-0.328234	-0.425127	-0.555534	-0.717229	-0.886932	-1.0322	-1.11602	-1.12635	-1.06672	-0.941552	-0.761942	-0.545835	-0.312904	-0.0721252	0.161745	0.37787	0.566032	0.724202	0.848167	0.939106	1.00989	1.07937	1.15123	1.20238	1.21182	1.18129	1.1318	1.07933	1.01896	0.942904	0.860749	0.783146	0.711526	0.628283	0.523672	0.392414	0.23772	0.0612069	-0.126933	-0.310765	-0.473307	-0.60859	-0.703031	-0.753391	-0.765409	-0.748558	-0.702033	-0.616573	-0.492072	-0.343919	-0.198548	-0.0715719	0.0398564	0.149654	0.260866	0.371197	0.475679	0.570719	0.652976	0.725623	0.799023	0.877786	0.962045	1.05508	1.1494	1.21845	1.23417	1.1918	1.10265	0.988148	0.871308	0.764536	0.670802	0.587437	0.510873	0.433599	0.349197	0.256264	0.148183	0.0137956	-0.148703	-0.331864	-0.512211	-0.657878	-0.742846	-0.75336	-0.697235	-0.591193	-0.457665	-0.320482	-0.198255	-0.104811	-0.0434948	-0.0113577	-0.000567203	0	
0	-0.124822	-0.248441	-0.361884	-0.464383	-0.569349	-0.692932	-0.83606	-0.980831	-1.09142	-1.13424	-1.09754	-0.986946	-0.808264	-0.575231	-0.312904	-0.052796	0.187201	0.396873	0.571953	0.709118	0.80626	0.86831	0.904742	0.935899	0.975239	1.01898	1.04285	1.02931	0.982526	0.922135	0.858387	0.789745	0.713054	0.640678	0.586786	0.551404	0.515282	0.462164	0.384002	0.280254	0.149123	-0.00675944	-0.180779	-0.361234	-0.531961	-0.670716	-0.762956	-0.806865	-0.813069	-0.781892	-0.706984	-0.58864	-0.442125	-0.288432	-0.14405	-0.000704768	0.150736	0.308423	0.457526	0.585864	0.6965	0.792804	0.879146	0.960593	1.03935	1.11813	1.20203	1.28005	1.32885	1.3243	1.26391	1.15795	1.02813	0.897	0.779355	0.68031	0.595962	0.519537	0.445047	0.370131	0.286293	0.183764	0.0474293	-0.123648	-0.313831	-0.494075	-0.631883	-0.70996	-0.71708	-0.65687	-0.543111	-0.397495	-0.24788	-0.11952	-0.0285252	0.0216813	0.034989	0.0237836	0	
0	-0.165727	-0.330906	-0.483128	-0.608522	-0.715706	-0.823464	-0.944107	-1.05695	-1.12596	-1.11684	-1.02403	-0.855954	-0.626352	-0.35551	-0.0721252	0.187201	0.407296	0.576348	0.698938	0.771178	0.804841	0.811484	0.806956	0.80795	0.82048	0.842721	0.853513	0.835907	0.788412	0.719551	0.641342	0.55784	0.478346	0.417548	0.384297	0.379734	0.379341	0.370753	0.346387	0.302989	0.2313	0.123118	-0.028986	-0.212668	-0.406039	-0.574279	-0.698296	-0.770743	-0.799858	-0.786364	-0.721498	-0.610807	-0.470474	-0.320023	-0.169026	-0.00862915	0.170142	0.356096	0.533445	0.687982	0.821469	0.935396	1.02909	1.10486	1.16507	1.22303	1.282	1.33061	1.35027	1.31874	1.23871	1.12396	0.995886	0.875704	0.775312	0.691374	0.616804	0.545756	0.480267	0.421002	0.354977	0.265373	0.133334	-0.0318766	-0.215792	-0.390691	-0.526407	-0.608105	-0.616297	-0.555396	-0.439322	-0.293795	-0.148797	-0.025456	0.0568163	0.0954063	0.0918594	0.0542629	0	
0	-0.208745	-0.41117	-0.590208	-0.73	-0.833264	-0.924301	-1.01643	-1.09264	-1.11324	-1.05027	-0.897472	-0.672866	-0.4008	-0.113841	0.161745	0.396873	0.576348	0.691567	0.746123	0.752275	0.730095	0.699087	0.667292	0.645696	0.63952	0.653476	0.667636	0.662339	0.62069	0.549909	0.458705	0.3638	0.282184	0.22895	0.210317	0.225746	0.2523	0.280908	0.304579	0.318187	0.303708	0.246772	0.131439	-0.0329381	-0.219092	-0.393066	-0.535502	-0.633071	-0.691888	-0.701776	-0.6549	-0.558524	-0.431316	-0.289629	-0.143572	0.0236364	0.209193	0.403555	0.594001	0.765671	0.917802	1.04304	1.13509	1.19514	1.23352	1.26585	1.29816	1.31418	1.30221	1.24499	1.1468	1.02474	0.904714	0.809921	0.740283	0.685852	0.637216	0.589995	0.549597	0.511842	0.460085	0.381531	0.26216	0.112484	-0.0583573	-0.23021	-0.368382	-0.451049	-0.460087	-0.399579	-0.28981	-0.159248	-0.0319874	0.0699139	0.132931	0.154112	0.130784	0.0753298	0	
0	-0.246105	-0.472887	-0.663547	-0.807458	-0.906984	-0.981657	-1.04439	-1.07766	-1.04876	-0.930934	-0.724764	-0.451843	-0.15491	0.128462	0.37787	0.571953	0.698938	0.746123	0.732519	0.677969	0.614117	0.554678	0.503612	0.471315	0.463118	0.484554	0.514219	0.524781	0.498206	0.432849	0.34107	0.239439	0.153899	0.101479	0.088036	0.115726	0.163534	0.223228	0.288663	0.349555	0.385103	0.377637	0.307954	0.182194	0.023298	-0.138382	-0.289156	-0.411603	-0.499757	-0.540269	-0.519188	-0.445786	-0.337651	-0.208655	-0.0674372	0.0912449	0.266541	0.450487	0.634567	0.807233	0.962143	1.08436	1.16537	1.21258	1.23258	1.24901	1.26145	1.25466	1.22061	1.14088	1.02469	0.894467	0.782269	0.707226	0.666628	0.645563	0.639676	0.638505	0.636933	0.627207	0.591007	0.52752	0.425868	0.291098	0.125674	-0.0444989	-0.180791	-0.264662	-0.276379	-0.227135	-0.133197	-0.0203364	0.0836187	0.163623	0.202346	0.198759	0.157055	0.0857622	0	
0	-0.266033	-0.499802	-0.687074	-0.827329	-0.920616	-0.980846	-1.01337	-1.00501	-0.924616	-0.758249	-0.508804	-0.209705	0.0920503	0.355252	0.566032	0.709118	0.771178	0.752275	0.677969	0.576663	0.47418	0.386294	0.322864	0.296659	0.306562	0.350763	0.400873	0.435294	0.42734	0.377975	0.29032	0.185237	0.0936171	0.0368699	0.0229359	0.0575851	0.122096	0.209879	0.310606	0.41184	0.487183	0.522974	0.498949	0.416549	0.29557	0.156263	0.00710263	-0.128333	-0.243508	-0.314148	-0.325003	-0.282162	-0.198192	-0.0841104	0.0428842	0.189568	0.342142	0.49913	0.664441	0.823077	0.961764	1.06509	1.13285	1.16848	1.17924	1.18331	1.18242	1.15866	1.10706	1.01326	0.887183	0.757138	0.651097	0.589793	0.568724	0.580307	0.622617	0.672132	0.714131	0.736148	0.729538	0.69041	0.599105	0.46681	0.303211	0.135661	0.00173003	-0.0835336	-0.106397	-0.0724853	0.00216738	0.0941681	0.180962	0.239904	0.259898	0.238777	0.178687	0.0973656	0	
0	-0.259122	-0.480264	-0.652457	-0.780378	-0.861682	-0.904325	-0.911109	-0.864892	-0.741032	-0.53356	-0.261375	0.0427221	0.329149	0.561039	0.724202	0.80626	0.804841	0.730095	0.614117	0.47418	0.33331	0.217512	0.149253	0.142466	0.184236	0.262056	0.347193	0.412275	0.430719	0.396371	0.314897	0.206294	0.10714	0.0417822	0.0214996	0.0559237	0.13226	0.241494	0.371091	0.501535	0.60654	0.675923	0.693388	0.656915	0.577963	0.469793	0.334849	0.195017	0.0642268	-0.0355783	-0.0832949	-0.0768442	-0.023159	0.0651177	0.169444	0.286632	0.410997	0.546356	0.688222	0.822173	0.936283	1.01726	1.06551	1.09039	1.08733	1.07786	1.06209	1.0229	0.958735	0.858249	0.738357	0.620379	0.528945	0.481879	0.48187	0.523822	0.601986	0.684459	0.757979	0.817559	0.841012	0.820189	0.738931	0.608302	0.443762	0.276166	0.139519	0.047805	0.0157506	0.0346848	0.0946925	0.17297	0.242029	0.288239	0.297092	0.264964	0.198142	0.106495	0	
0	-0.223056	-0.412004	-0.557466	-0.663175	-0.721461	-0.74211	-0.725069	-0.652991	-0.498309	-0.270205	0.00542401	0.293789	0.552015	0.742062	0.848167	0.86831	0.811484	0.699087	0.554678	0.386294	0.217512	0.085482	0.0229473	0.0408005	0.121004	0.246064	0.377452	0.48245	0.524709	0.503454	0.424165	0.308604	0.195752	0.113861	0.0794838	0.106827	0.187716	0.311094	0.458526	0.607477	0.730682	0.826129	0.882837	0.891585	0.858713	0.787701	0.674597	0.54214	0.399459	0.273327	0.189915	0.155796	0.167989	0.217456	0.283021	0.369371	0.466986	0.577525	0.699595	0.811148	0.896146	0.947754	0.976485	0.981482	0.959462	0.933631	0.904447	0.853876	0.783396	0.690319	0.586421	0.490456	0.420171	0.398855	0.427838	0.492631	0.587682	0.684817	0.776512	0.854456	0.897146	0.888197	0.807636	0.67552	0.508676	0.335454	0.190035	0.0906238	0.0542503	0.0734628	0.131513	0.205965	0.271804	0.310925	0.316895	0.281463	0.20804	0.114049	0	
0	-0.164406	-0.303146	-0.409353	-0.480446	-0.506567	-0.497662	-0.459747	-0.372205	-0.209869	0.0159147	0.273726	0.533651	0.752775	0.892085	0.939106	0.904742	0.806956	0.667292	0.503612	0.322864	0.149253	0.0229473	-0.0238217	0.0219557	0.144078	0.31857	0.497428	0.636436	0.698275	0.684063	0.602046	0.473663	0.339835	0.235105	0.180411	0.194302	0.272734	0.400944	0.556864	0.71373	0.847165	0.962571	1.05258	1.10403	1.1143	1.08078	0.996034	0.875086	0.729001	0.582228	0.46451	0.389842	0.359284	0.36189	0.385552	0.438129	0.513301	0.606399	0.699976	0.776863	0.828329	0.849016	0.847138	0.830975	0.794192	0.758537	0.725178	0.675343	0.612233	0.533604	0.450501	0.374663	0.327449	0.332498	0.383681	0.463131	0.565877	0.668959	0.76894	0.854541	0.893449	0.874156	0.788356	0.649361	0.471185	0.284662	0.129718	0.031736	0.00334179	0.0332502	0.106448	0.195978	0.270501	0.315987	0.324427	0.287918	0.214554	0.117099	0	
0	-0.0937501	-0.169059	-0.221287	-0.247849	-0.23402	-0.192214	-0.131934	-0.0396934	0.110828	0.311622	0.536264	0.756633	0.92796	1.01383	1.00989	0.935899	0.80795	0.645696	0.471315	0.296659	0.142466	0.0408005	0.0219557	0.0998111	0.259248	0.469718	0.678554	0.837871	0.909523	0.896644	0.809643	0.669177	0.516573	0.388201	0.311265	0.305396	0.371902	0.49343	0.645892	0.80273	0.942455	1.07311	1.19106	1.27503	1.31863	1.31679	1.25729	1.15253	1.01089	0.856435	0.720178	0.615583	0.543596	0.503141	0.489679	0.512568	0.559451	0.617729	0.673242	0.710819	0.721481	0.703816	0.673271	0.6364	0.591163	0.560459	0.540092	0.50971	0.467015	0.407356	0.336663	0.271516	0.237549	0.257387	0.320238	0.403349	0.50974	0.621324	0.723283	0.798086	0.823545	0.792367	0.692323	0.533706	0.338483	0.14387	-0.0136265	-0.108511	-0.125291	-0.0751304	0.0213668	0.135509	0.232524	0.295013	0.317242	0.286576	0.21366	0.117896	0	
0	-0.0178901	-0.0182702	-0.00345264	0.0262923	0.0836045	0.162017	0.245025	0.338584	0.466547	0.629336	0.807845	0.975049	1.08975	1.12393	1.07937	0.975239	0.82048	0.63952	0.463118	0.306562	0.184236	0.121004	0.144078	0.259248	0.445964	0.672672	0.890399	1.0524	1.12082	1.10216	1.01058	0.863625	0.696769	0.550675	0.453834	0.426781	0.471617	0.571924	0.709532	0.861022	1.00516	1.14811	1.2827	1.3853	1.44916	1.46847	1.43441	1.35344	1.2325	1.0899	0.951532	0.828618	0.72729	0.649384	0.598652	0.58575	0.594561	0.60696	0.610378	0.600383	0.570115	0.516246	0.457831	0.408892	0.366267	0.345415	0.344604	0.340386	0.320396	0.278239	0.220575	0.166495	0.141411	0.164161	0.222744	0.305863	0.419518	0.535282	0.631803	0.694374	0.704292	0.651757	0.529117	0.352634	0.147139	-0.0519432	-0.207346	-0.291264	-0.292511	-0.225451	-0.110462	0.0271724	0.151564	0.24095	0.284962	0.268348	0.204199	0.113574	0	
0	0.059971	0.139421	0.230546	0.323053	0.426915	0.540169	0.644713	0.740567	0.846332	0.968144	1.08916	1.1902	1.24287	1.22937	1.15123	1.01898	0.842721	0.653476	0.484554	0.350763	0.262056	0.246064	0.31857	0.469718	0.672672	0.898613	1.10814	1.2556	1.30894	1.28034	1.18387	1.03224	0.858145	0.7042	0.597703	0.549185	0.560836	0.626349	0.738633	0.879901	1.02572	1.17297	1.3144	1.4277	1.50425	1.54304	1.53489	1.48311	1.3937	1.27652	1.14757	1.01671	0.891607	0.782032	0.695851	0.635897	0.587132	0.540555	0.492037	0.440271	0.376002	0.296376	0.219888	0.162698	0.123078	0.112602	0.127947	0.144493	0.143942	0.118248	0.0798026	0.0449539	0.0320615	0.0566116	0.115875	0.203422	0.314159	0.420579	0.501561	0.545982	0.537268	0.46493	0.326046	0.134968	-0.075658	-0.269511	-0.414657	-0.482625	-0.467723	-0.386252	-0.254798	-0.0978888	0.045985	0.15549	0.220147	0.224046	0.179083	0.102576	0	
0	0.133771	0.288589	0.452342	0.607229	0.755434	0.897619	1.01949	1.11938	1.21093	1.29364	1.3526	1.38169	1.37245	1.31503	1.20238	1.04285	0.853513	0.667636	0.514219	0.400873	0.347193	0.377452	0.497428	0.678554	0.890399	1.10814	1.29838	1.42118	1.45396	1.40704	1.29628	1.13405	0.955809	0.80399	0.694224	0.626373	0.606439	0.638375	0.727356	0.854992	0.991984	1.13186	1.27127	1.38898	1.47742	1.53333	1.55226	1.53678	1.48738	1.40228	1.28964	1.15462	1.01077	0.870493	0.740423	0.62538	0.52073	0.420252	0.328485	0.245388	0.156882	0.0588707	-0.0250762	-0.0831325	-0.120843	-0.127669	-0.104982	-0.0783605	-0.0704902	-0.077511	-0.0892526	-0.0984339	-0.0920328	-0.0534088	0.0168869	0.107148	0.21024	0.300038	0.358644	0.378538	0.344665	0.247745	0.0923157	-0.10113	-0.305741	-0.487081	-0.612713	-0.662214	-0.629584	-0.529227	-0.37995	-0.207084	-0.0523228	0.0663342	0.145324	0.168527	0.143967	0.0863206	0	
0	0.196513	0.411768	0.633123	0.840521	1.02539	1.18905	1.32099	1.42609	1.50752	1.55649	1.558	1.52139	1.4579	1.35773	1.21182	1.02931	0.835907	0.662339	0.524781	0.435294	0.412275	0.48245	0.636436	0.837871	1.0524	1.2556	1.42118	1.51749	1.52298	1.44924	1.31453	1.14178	0.96308	0.814253	0.702459	0.625072	0.586105	0.597986	0.666029	0.773091	0.891935	1.01843	1.15188	1.2751	1.37232	1.444	1.49128	1.51316	1.50482	1.45231	1.35156	1.21308	1.05553	0.88982	0.722409	0.55943	0.403627	0.261231	0.136279	0.0274358	-0.0768059	-0.178981	-0.26382	-0.318375	-0.346091	-0.350169	-0.331374	-0.308989	-0.295691	-0.28622	-0.269949	-0.248868	-0.216825	-0.158115	-0.0752844	0.0192235	0.10729	0.175426	0.213209	0.208885	0.150164	0.0336875	-0.131867	-0.32962	-0.525968	-0.687873	-0.790457	-0.814801	-0.758035	-0.633269	-0.463624	-0.281718	-0.122106	0.00287913	0.0866276	0.116433	0.102784	0.0616689	0	
0	0.240683	0.49433	0.751626	0.993629	1.20502	1.38226	1.52082	1.62756	1.69966	1.72194	1.68156	1.5985	1.4914	1.35494	1.18129	0.982526	0.788412	0.62069	0.498206	0.42734	0.430719	0.524709	0.698275	0.909523	1.12082	1.30894	1.45396	1.52298	1.49943	1.39544	1.24441	1.06601	0.883904	0.730492	0.617403	0.538868	0.493607	0.491288	0.540611	0.627672	0.730277	0.845318	0.974137	1.09814	1.20147	1.2877	1.36051	1.41829	1.44429	1.41297	1.32268	1.18588	1.02195	0.840509	0.64494	0.443793	0.255768	0.0848387	-0.0629021	-0.188512	-0.301064	-0.402156	-0.477696	-0.522213	-0.545346	-0.547478	-0.531252	-0.510148	-0.493362	-0.470596	-0.437704	-0.401355	-0.348204	-0.266634	-0.168496	-0.0764312	0.000959924	0.0595223	0.082891	0.0606993	-0.0147057	-0.143057	-0.315421	-0.512004	-0.700715	-0.848224	-0.930831	-0.93266	-0.845997	-0.697285	-0.517074	-0.328604	-0.162037	-0.0308505	0.053215	0.082344	0.0732793	0.043246	0	
0	0.264611	0.536322	0.809043	1.06812	1.29472	1.48196	1.62503	1.72877	1.78892	1.79217	1.73122	1.62165	1.48583	1.32257	1.1318	0.922135	0.719551	0.549909	0.432849	0.377975	0.396371	0.503454	0.684063	0.896644	1.10216	1.28034	1.40704	1.44924	1.39544	1.27474	1.11889	0.93931	0.751104	0.593302	0.479942	0.40152	0.347686	0.333684	0.369725	0.443689	0.535519	0.642968	0.767037	0.894414	1.00636	1.10514	1.1985	1.27919	1.32282	1.30529	1.22347	1.09326	0.931105	0.739328	0.520731	0.297695	0.0898842	-0.0956653	-0.254233	-0.387226	-0.500769	-0.598119	-0.668746	-0.704591	-0.712424	-0.708883	-0.693276	-0.670607	-0.645531	-0.615899	-0.578408	-0.532154	-0.465664	-0.374606	-0.274193	-0.176107	-0.0920611	-0.0322382	-0.0138126	-0.0462138	-0.12984	-0.263128	-0.438711	-0.631871	-0.812214	-0.952339	-1.02137	-1.00207	-0.897882	-0.737408	-0.548582	-0.35265	-0.179113	-0.049628	0.0308802	0.0661893	0.0652577	0.0406225	0	
0	0.266927	0.53771	0.807578	1.06678	1.29641	1.48956	1.63466	1.73311	1.78111	1.77733	1.71388	1.59865	1.45027	1.27618	1.07933	0.858387	0.641342	0.458705	0.34107	0.29032	0.314897	0.424165	0.602046	0.809643	1.01058	1.18387	1.29628	1.31453	1.24441	1.11889	0.964849	0.785045	0.596332	0.43628	0.315036	0.226833	0.163999	0.145917	0.177089	0.244142	0.32967	0.435818	0.564421	0.701959	0.821553	0.926496	1.02381	1.10857	1.15683	1.14602	1.07722	0.959237	0.800786	0.603451	0.376223	0.142381	-0.0703415	-0.258488	-0.419932	-0.554801	-0.664515	-0.751226	-0.810455	-0.835597	-0.837914	-0.828344	-0.806303	-0.775302	-0.742929	-0.714247	-0.679843	-0.634941	-0.56752	-0.476774	-0.373127	-0.267163	-0.172548	-0.102032	-0.0754599	-0.102036	-0.185101	-0.319401	-0.49352	-0.682693	-0.861523	-0.996194	-1.05551	-1.03311	-0.930429	-0.770325	-0.57091	-0.362679	-0.18536	-0.0517222	0.0337882	0.0766419	0.0798115	0.0483094	0	
0	0.246714	0.495852	0.74596	0.985978	1.2057	1.39282	1.53689	1.62921	1.67469	1.67531	1.62509	1.5209	1.38048	1.21341	1.01896	0.789745	0.55784	0.3638	0.239439	0.185237	0.206294	0.308604	0.473663	0.669177	0.863625	1.03224	1.13405	1.14178	1.06601	0.93931	0.785045	0.610109	0.42699	0.258879	0.123331	0.0286133	-0.0297296	-0.0431401	-0.0141346	0.0467833	0.130273	0.242215	0.381195	0.526229	0.649729	0.753528	0.845671	0.92583	0.968369	0.959354	0.896201	0.785388	0.632196	0.442022	0.221695	0.00149086	-0.201005	-0.383543	-0.538132	-0.66548	-0.766089	-0.843519	-0.889241	-0.900039	-0.890031	-0.873142	-0.846427	-0.813571	-0.783558	-0.761069	-0.734163	-0.695598	-0.638089	-0.561003	-0.464761	-0.352302	-0.240597	-0.152595	-0.109578	-0.121217	-0.193393	-0.321212	-0.496295	-0.687841	-0.866061	-0.997948	-1.05396	-1.03497	-0.938745	-0.776236	-0.573059	-0.365242	-0.180664	-0.0335332	0.0642556	0.107769	0.0988627	0.0575631	0	
0	0.207654	0.419225	0.631809	0.839575	1.03137	1.20088	1.33441	1.42747	1.48168	1.4991	1.47007	1.39061	1.27533	1.12853	0.942904	0.713054	0.478346	0.282184	0.153899	0.0936171	0.10714	0.195752	0.339835	0.516573	0.696769	0.858145	0.955809	0.96308	0.883904	0.751104	0.596332	0.42699	0.241769	0.0635596	-0.0765749	-0.156409	-0.198192	-0.203536	-0.174616	-0.115738	-0.0326104	0.0827764	0.221296	0.365327	0.490473	0.594864	0.682671	0.751416	0.781801	0.762592	0.695898	0.585542	0.440841	0.267325	0.0717728	-0.124406	-0.30669	-0.468159	-0.603907	-0.714142	-0.796768	-0.853984	-0.885308	-0.887335	-0.871855	-0.846981	-0.81378	-0.782398	-0.75909	-0.750444	-0.739181	-0.717449	-0.681538	-0.618939	-0.52222	-0.401865	-0.281153	-0.184917	-0.127689	-0.12498	-0.188291	-0.309652	-0.482089	-0.670818	-0.848225	-0.979278	-1.03555	-1.01699	-0.913186	-0.744333	-0.542931	-0.340106	-0.153609	0.000700591	0.0957618	0.131406	0.116399	0.0659705	0	
0	0.160878	0.324666	0.493057	0.657103	0.813099	0.951167	1.07162	1.17049	1.24648	1.28785	1.28469	1.2372	1.15543	1.0329	0.860749	0.640678	0.417548	0.22895	0.101479	0.0368699	0.0417822	0.113861	0.235105	0.388201	0.550675	0.7042	0.80399	0.814253	0.730492	0.593302	0.43628	0.258879	0.0635596	-0.118861	-0.243021	-0.300926	-0.324201	-0.315203	-0.276553	-0.212769	-0.131396	-0.0245944	0.103075	0.239497	0.362884	0.46584	0.540979	0.596586	0.612233	0.582856	0.510195	0.401368	0.263766	0.108773	-0.0628187	-0.232288	-0.387931	-0.520283	-0.622976	-0.704085	-0.761517	-0.798052	-0.811395	-0.801078	-0.781328	-0.754753	-0.728235	-0.713273	-0.707216	-0.712097	-0.714219	-0.709462	-0.686818	-0.628978	-0.531558	-0.410563	-0.28747	-0.186804	-0.126895	-0.123582	-0.187184	-0.30622	-0.472429	-0.653147	-0.8205	-0.945975	-1.00307	-0.979867	-0.86872	-0.697254	-0.496414	-0.291094	-0.102873	0.0386091	0.118138	0.148731	0.132298	0.077429	0	
0	0.114478	0.231217	0.352139	0.471888	0.586291	0.690488	0.795281	0.903434	1.00501	1.0732	1.09785	1.08414	1.03416	0.936848	0.783146	0.586786	0.384297	0.210317	0.088036	0.0229359	0.0214996	0.0794838	0.180411	0.311265	0.453834	0.597703	0.694224	0.702459	0.617403	0.479942	0.315036	0.123331	-0.0765749	-0.243021	-0.347036	-0.387609	-0.390029	-0.362586	-0.311201	-0.246481	-0.173265	-0.0782185	0.0367044	0.160216	0.275271	0.362746	0.424272	0.467125	0.472695	0.434425	0.357113	0.246883	0.121544	-0.00914112	-0.153729	-0.296307	-0.427502	-0.533006	-0.61026	-0.663657	-0.69099	-0.696603	-0.682746	-0.655324	-0.631637	-0.614247	-0.611097	-0.627826	-0.646417	-0.664218	-0.675707	-0.675181	-0.652878	-0.591577	-0.495343	-0.385171	-0.269145	-0.176495	-0.123543	-0.123576	-0.187827	-0.304547	-0.466784	-0.636574	-0.795426	-0.914372	-0.956646	-0.920646	-0.807403	-0.639038	-0.439412	-0.234619	-0.0585821	0.0624436	0.129073	0.152533	0.129874	0.0731104	0	
0	0.0723561	0.145525	0.221389	0.29692	0.370596	0.442854	0.52996	0.641532	0.760113	0.852785	0.905225	0.922562	0.902125	0.831933	0.711526	0.551404	0.379734	0.225746	0.115726	0.0575851	0.0559237	0.106827	0.194302	0.305396	0.426781	0.549185	0.626373	0.625072	0.538868	0.40152	0.226833	0.0286133	-0.156409	-0.300926	-0.387609	-0.409661	-0.390693	-0.346667	-0.291822	-0.227028	-0.157141	-0.0720739	0.0252701	0.124485	0.208011	0.273049	0.318351	0.351293	0.350282	0.306818	0.227799	0.129807	0.0293563	-0.0731498	-0.191032	-0.313455	-0.428427	-0.516837	-0.5729	-0.602375	-0.600759	-0.574048	-0.533976	-0.490092	-0.462328	-0.453345	-0.471531	-0.510975	-0.544545	-0.577932	-0.605267	-0.614156	-0.594012	-0.534052	-0.44442	-0.343202	-0.240099	-0.16218	-0.123192	-0.135119	-0.203796	-0.317832	-0.469617	-0.628652	-0.773035	-0.87239	-0.898499	-0.848868	-0.734383	-0.571686	-0.377836	-0.192258	-0.0404169	0.0709068	0.134767	0.148332	0.117181	0.0628104	0	
0	0.0384035	0.0762764	0.114396	0.149474	0.189272	0.233711	0.301592	0.399721	0.519091	0.625197	0.699654	0.741125	0.743718	0.706649	0.628283	0.515282	0.379341	0.2523	0.163534	0.122096	0.13226	0.187716	0.272734	0.371902	0.471617	0.560836	0.606439	0.586105	0.493607	0.347686	0.163999	-0.0297296	-0.198192	-0.324201	-0.390029	-0.390693	-0.349738	-0.298437	-0.235413	-0.161521	-0.0913925	-0.0191153	0.0525951	0.108584	0.154415	0.190287	0.216836	0.237635	0.229933	0.184742	0.116917	0.0456978	-0.0188952	-0.0875101	-0.181065	-0.285043	-0.385741	-0.461298	-0.505915	-0.520484	-0.502774	-0.46108	-0.400359	-0.337608	-0.303812	-0.297138	-0.318652	-0.363411	-0.407782	-0.451432	-0.493288	-0.518528	-0.511518	-0.464208	-0.389474	-0.302831	-0.205829	-0.137887	-0.117584	-0.145856	-0.227606	-0.348122	-0.495667	-0.642608	-0.767782	-0.844548	-0.850668	-0.790022	-0.669513	-0.504042	-0.322004	-0.15399	-0.0168078	0.084599	0.143771	0.149358	0.117186	0.0685085	0	
0	0.0152724	0.0302261	0.0389448	0.0431077	0.0538485	0.0774921	0.117731	0.186984	0.285198	0.390589	0.475481	0.531065	0.554973	0.552811	0.523672	0.462164	0.370753	0.280908	0.223228	0.209879	0.241494	0.311094	0.400944	0.49343	0.571924	0.626349	0.638375	0.597986	0.491288	0.333684	0.145917	-0.0431401	-0.203536	-0.315203	-0.362586	-0.346667	-0.298437	-0.237074	-0.159334	-0.0760038	-0.00588649	0.0545914	0.098599	0.117066	0.122266	0.124818	0.126847	0.128747	0.112246	0.0674536	0.0168966	-0.0209612	-0.048369	-0.0861284	-0.148689	-0.226699	-0.309319	-0.375396	-0.41763	-0.430667	-0.409328	-0.358858	-0.288084	-0.215672	-0.172065	-0.159106	-0.175763	-0.212393	-0.251899	-0.303032	-0.356352	-0.390381	-0.399899	-0.375708	-0.319329	-0.242524	-0.160051	-0.111825	-0.109457	-0.155797	-0.253625	-0.386855	-0.539412	-0.683339	-0.792074	-0.84488	-0.834967	-0.761278	-0.628056	-0.457278	-0.2765	-0.108003	0.0299308	0.124493	0.171017	0.170259	0.1378	0.0813819	0	
0	0.00875611	0.0155233	0.00949961	-0.00762147	-0.0169811	-0.0143162	-0.00574686	0.0207303	0.0827607	0.168949	0.247748	0.306673	0.346554	0.376719	0.392414	0.384002	0.346387	0.304579	0.288663	0.310606	0.371091	0.458526	0.556864	0.645892	0.709532	0.738633	0.727356	0.666029	0.540611	0.369725	0.177089	-0.0141346	-0.174616	-0.276553	-0.311201	-0.291822	-0.235413	-0.159334	-0.0719146	0.0136258	0.0805012	0.129344	0.14968	0.131945	0.0991419	0.0711587	0.0535565	0.0454423	0.021757	-0.0223734	-0.0568303	-0.0708706	-0.072491	-0.0815533	-0.114255	-0.164937	-0.223572	-0.276846	-0.31469	-0.327796	-0.310704	-0.264354	-0.192206	-0.119971	-0.0813494	-0.0670746	-0.0679498	-0.0874065	-0.121238	-0.165216	-0.211292	-0.25047	-0.270409	-0.253959	-0.206951	-0.14729	-0.089081	-0.0662543	-0.092881	-0.167278	-0.289404	-0.442808	-0.602655	-0.744457	-0.84407	-0.882239	-0.854079	-0.7586	-0.604477	-0.420306	-0.232851	-0.05455	0.088338	0.17683	0.216792	0.207704	0.160365	0.0893533	0	
0	0.0215003	0.037033	0.0310478	0.00496492	-0.0194874	-0.0386399	-0.0651931	-0.0845431	-0.0682765	-0.0184616	0.0362795	0.0861124	0.134658	0.186289	0.23772	0.280254	0.302989	0.318187	0.349555	0.41184	0.501535	0.607477	0.71373	0.80273	0.861022	0.879901	0.854992	0.773091	0.627672	0.443689	0.244142	0.0467833	-0.115738	-0.212769	-0.246481	-0.227028	-0.161521	-0.0760038	0.0136258	0.0972067	0.162244	0.197545	0.191063	0.139945	0.0724469	0.0221311	-0.00313594	-0.0200783	-0.0470228	-0.0791184	-0.0948091	-0.0885756	-0.0702621	-0.0608378	-0.0732928	-0.100861	-0.13878	-0.178638	-0.207468	-0.215342	-0.202572	-0.169298	-0.115843	-0.0622471	-0.0320986	-0.0171962	-0.00805026	-0.0107776	-0.0282995	-0.0543415	-0.0822418	-0.108893	-0.121742	-0.10529	-0.0638954	-0.0189334	0.0086598	-0.00652772	-0.0758054	-0.190357	-0.339642	-0.506844	-0.670737	-0.80803	-0.897293	-0.927613	-0.887053	-0.77262	-0.602389	-0.403159	-0.197858	-0.00664836	0.137943	0.227751	0.269176	0.251303	0.188265	0.10196	0	
0	0.0482779	0.0847957	0.0890453	0.0633484	0.0251249	-0.0177735	-0.0792469	-0.140692	-0.173679	-0.172493	-0.156014	-0.124892	-0.0775514	-0.0153925	0.0612069	0.149123	0.2313	0.303708	0.385103	0.487183	0.60654	0.730682	0.847165	0.942455	1.00516	1.02572	0.991984	0.891935	0.730277	0.535519	0.32967	0.130273	-0.0326104	-0.131396	-0.173265	-0.157141	-0.0913925	-0.00588649	0.0805012	0.162244	0.218688	0.234307	0.202254	0.123505	0.0320507	-0.0308529	-0.064977	-0.0892662	-0.108081	-0.120868	-0.112926	-0.0850165	-0.0490605	-0.0260008	-0.0183549	-0.0230209	-0.039791	-0.0667709	-0.0931884	-0.110276	-0.114436	-0.0989711	-0.0665418	-0.0349677	-0.0165799	-0.00150831	0.0188734	0.0343403	0.0382625	0.0405175	0.0403898	0.0320387	0.0300661	0.0519117	0.0863634	0.105512	0.0937305	0.041077	-0.0594489	-0.203379	-0.374277	-0.552486	-0.721027	-0.856511	-0.940506	-0.964719	-0.918031	-0.795849	-0.616018	-0.407788	-0.186476	0.0194111	0.168715	0.264962	0.310631	0.2881	0.217839	0.120874	0	
0	0.0825633	0.14596	0.169154	0.149502	0.101856	0.0347053	-0.0567228	-0.156585	-0.239155	-0.294026	-0.322486	-0.319125	-0.281504	-0.219813	-0.126933	-0.00675944	0.123118	0.246772	0.377637	0.522974	0.675923	0.826129	0.962571	1.07311	1.14811	1.17297	1.13186	1.01843	0.845318	0.642968	0.435818	0.242215	0.0827764	-0.0245944	-0.0782185	-0.0720739	-0.0191153	0.0545914	0.129344	0.197545	0.234307	0.228356	0.175505	0.0841367	-0.0152927	-0.0831598	-0.126195	-0.148808	-0.155083	-0.147298	-0.122929	-0.0780852	-0.0270637	0.0163208	0.0504063	0.0683659	0.0667937	0.0441881	0.00782706	-0.0299572	-0.0590195	-0.0763998	-0.0740332	-0.0567858	-0.0391012	-0.0155918	0.0228922	0.0649454	0.102649	0.139423	0.167371	0.174696	0.182984	0.201845	0.213763	0.205539	0.168033	0.091437	-0.0330371	-0.194602	-0.380182	-0.569369	-0.742969	-0.887964	-0.977453	-0.996731	-0.944087	-0.817266	-0.632358	-0.418813	-0.193696	0.0157778	0.17338	0.276068	0.32317	0.301509	0.229856	0.129061	0	
0	0.116937	0.209662	0.258019	0.252924	0.204847	0.121134	0.00691058	-0.128302	-0.259734	-0.369218	-0.44361	-0.47211	-0.4558	-0.402827	-0.310765	-0.180779	-0.028986	0.131439	0.307954	0.498949	0.693388	0.882837	1.05258	1.19106	1.2827	1.3144	1.27127	1.15188	0.974137	0.767037	0.564421	0.381195	0.221296	0.103075	0.0367044	0.0252701	0.0525951	0.098599	0.14968	0.191063	0.202254	0.175505	0.114987	0.0278049	-0.0608683	-0.127252	-0.167138	-0.182151	-0.179999	-0.162371	-0.120709	-0.0606241	0.00612231	0.0739517	0.128384	0.159565	0.163519	0.13536	0.0798914	0.0194816	-0.0354524	-0.0818767	-0.107673	-0.111565	-0.097623	-0.0626451	-0.00234015	0.0761108	0.157009	0.227336	0.277912	0.302707	0.316164	0.329259	0.333228	0.309369	0.255316	0.159573	0.0147935	-0.161975	-0.360898	-0.562282	-0.748896	-0.900606	-0.998292	-1.02039	-0.962116	-0.839543	-0.652109	-0.430157	-0.209637	-0.00646704	0.153593	0.258037	0.301352	0.281189	0.215811	0.120468	0	
