0	0	0	0	0	0	0	0	0	0	0	0	0	0	0	0	0	0	0	0	0	0	0	0	0	0	0	0	0	0	0	0	0	0	0	0	0	0	0	0	0	0	0	0	0	0	0	0	0	0	0	0	0	0	0	0	0	0	0	0	0	0	0	0	0	0	0	0	0	0	0	0	0	0	0	0	0	0	0	0	0	0	0	0	0	0	0	0	0	0	0	0	0	0	0	0	0	0	0	0	
0	-0.00752964	-0.0169667	-0.0245741	-0.0355129	-0.0444234	-0.053429	-0.0599744	-0.0611164	-0.0577942	-0.0464158	-0.031171	-0.012572	0.00319583	0.0123878	0.0124897	0.00278278	-0.0137362	-0.0320781	-0.050582	-0.067469	-0.0800054	-0.093597	-0.0998109	-0.0992707	-0.0933445	-0.0805868	-0.0700631	-0.0655661	-0.0650898	-0.0680922	-0.0719006	-0.0746934	-0.0790305	-0.0777856	-0.0726214	-0.0660821	-0.0642292	-0.0653484	-0.0687872	-0.0686775	-0.0650003	-0.0607126	-0.0580024	-0.056055	-0.0568887	-0.0562194	-0.0525721	-0.0488193	-0.0454357	-0.0431873	-0.0449351	-0.0419807	-0.0351481	-0.0329925	-0.0334925	-0.0317458	-0.025805	-0.0236852	-0.020274	-0.0174958	-0.011638	-0.00608773	0.000787832	0.00931831	0.013764	0.0190216	0.0221766	0.0185151	0.00488865	-0.0105864	-0.0276697	-0.0494936	-0.0651865	-0.0696343	-0.0652958	-0.0532554	-0.0370219	-0.0205358	-0.00412536	0.00941545	0.0219257	0.0296964	0.0285054	0.0260255	0.0177917	0.00237616	-0.00812048	-0.00868564	-0.00347592	-0.00048236	0.00124921	0.00421454	0.00548521	0.00484438	0.000719814	-0.00318705	-0.00304059	-0.00218264	0	
0	-0.0169667	-0.0357416	-0.0535174	-0.0748931	-0.0933647	-0.111416	-0.123582	-0.125346	-0.118031	-0.0947113	-0.0637308	-0.0275381	0.00383668	0.0216471	0.0198674	0.00145745	-0.0317024	-0.0688498	-0.103329	-0.136418	-0.163339	-0.188293	-0.202476	-0.205401	-0.190413	-0.166721	-0.145429	-0.134691	-0.132097	-0.141335	-0.148101	-0.155286	-0.160944	-0.159187	-0.150352	-0.138326	-0.129984	-0.134021	-0.143481	-0.142951	-0.132009	-0.124808	-0.120895	-0.117413	-0.116999	-0.11667	-0.109344	-0.103394	-0.0951138	-0.0923757	-0.0947709	-0.0902413	-0.07668	-0.072218	-0.074092	-0.068874	-0.0591687	-0.0522532	-0.0465313	-0.0392586	-0.0269188	-0.0158789	-0.000145955	0.0157847	0.0260168	0.0356433	0.0418103	0.0339539	0.00645744	-0.0241049	-0.0589503	-0.100326	-0.131962	-0.139608	-0.129188	-0.107326	-0.0733367	-0.0414984	-0.0115161	0.0178511	0.0414644	0.0567999	0.0587598	0.0529979	0.0357634	0.00637638	-0.016656	-0.0190544	-0.00775565	-0.000895968	0.00374743	0.00874126	0.0097151	0.00998864	0.00253519	-0.00745281	-0.00684297	-0.00290889	0	
0	-0.0245741	-0.0535174	-0.0789284	-0.112093	-0.140428	-0.168499	-0.188719	-0.193645	-0.184397	-0.152052	-0.107218	-0.053506	-0.00660675	0.0200976	0.0204104	-0.00787055	-0.0567909	-0.111687	-0.166473	-0.217077	-0.255933	-0.295432	-0.315245	-0.315267	-0.296836	-0.260232	-0.229029	-0.214308	-0.212218	-0.222059	-0.232932	-0.241651	-0.253	-0.250656	-0.236405	-0.217933	-0.210898	-0.214728	-0.224865	-0.224997	-0.214318	-0.202275	-0.19447	-0.188936	-0.190937	-0.188793	-0.178923	-0.168181	-0.157626	-0.151415	-0.155364	-0.147019	-0.127354	-0.120333	-0.12074	-0.114503	-0.0981119	-0.0896332	-0.0792949	-0.0694037	-0.0515085	-0.0342864	-0.0119893	0.0132938	0.0283595	0.0445755	0.0545944	0.0446014	0.00567538	-0.0394386	-0.089861	-0.153124	-0.19954	-0.21245	-0.199368	-0.164288	-0.115396	-0.0658822	-0.0169902	0.0249267	0.0619684	0.0854041	0.0851027	0.0774953	0.0522975	0.00818229	-0.0232965	-0.0260178	-0.0108541	-0.00179472	0.00343479	0.0117646	0.0157707	0.0146626	0.00297246	-0.00926591	-0.00963296	-0.0065069	0	
0	-0.0355129	-0.0748931	-0.112093	-0.156462	-0.195598	-0.23354	-0.259984	-0.266775	-0.254083	-0.211114	-0.152059	-0.081142	-0.0206226	0.0152791	0.0135265	-0.0233404	-0.0872785	-0.161253	-0.231728	-0.297437	-0.351653	-0.401519	-0.429654	-0.434591	-0.408343	-0.362376	-0.320909	-0.298722	-0.294461	-0.308455	-0.322408	-0.336977	-0.349901	-0.346232	-0.330238	-0.306981	-0.293325	-0.299505	-0.316701	-0.316598	-0.29929	-0.285006	-0.276866	-0.270921	-0.27066	-0.26925	-0.256841	-0.24508	-0.229626	-0.223358	-0.227411	-0.217641	-0.19339	-0.183351	-0.184154	-0.174294	-0.155028	-0.140946	-0.127369	-0.111922	-0.0875334	-0.0633743	-0.0315189	0.00171936	0.0243659	0.0451283	0.059487	0.0458405	-0.00465224	-0.0628999	-0.130974	-0.211108	-0.272033	-0.288581	-0.268642	-0.224131	-0.158112	-0.0920736	-0.0297411	0.0281065	0.0763466	0.107485	0.112956	0.103028	0.0695545	0.0135518	-0.0302161	-0.035632	-0.0162974	-0.00447043	0.00500871	0.0166084	0.0200522	0.0192713	0.00512912	-0.0129865	-0.0138817	-0.00735436	0	
0	-0.0444234	-0.0933647	-0.140428	-0.195598	-0.245692	-0.29368	-0.328278	-0.339169	-0.32498	-0.275258	-0.202498	-0.117634	-0.0405721	0.00293859	0.00435248	-0.0399253	-0.118318	-0.208933	-0.298273	-0.381635	-0.44947	-0.511973	-0.547549	-0.551645	-0.520899	-0.46425	-0.413601	-0.386112	-0.380803	-0.39774	-0.415293	-0.431009	-0.446331	-0.445635	-0.426076	-0.399087	-0.385193	-0.392197	-0.408922	-0.411159	-0.396074	-0.378769	-0.367643	-0.360374	-0.363149	-0.360313	-0.347906	-0.332549	-0.315575	-0.307456	-0.311675	-0.299911	-0.271597	-0.25919	-0.257718	-0.246076	-0.223168	-0.205229	-0.187723	-0.168337	-0.138287	-0.108163	-0.0678625	-0.0262582	0.00311754	0.0314843	0.0495838	0.0355616	-0.0228106	-0.0940182	-0.175779	-0.274418	-0.348952	-0.369892	-0.347786	-0.291572	-0.210083	-0.126416	-0.0453172	0.0276881	0.0891105	0.128921	0.137155	0.125311	0.0829769	0.0155552	-0.0356616	-0.043008	-0.0205017	-0.00524335	0.00429421	0.0170557	0.0242561	0.0240391	0.00682543	-0.0140058	-0.0172349	-0.0112128	0	
0	-0.053429	-0.111416	-0.168499	-0.23354	-0.29368	-0.350961	-0.391179	-0.405521	-0.387528	-0.328931	-0.243857	-0.14038	-0.0516433	0.00370055	0.00583706	-0.0459715	-0.136477	-0.244692	-0.351581	-0.449354	-0.531662	-0.604992	-0.647964	-0.654684	-0.621047	-0.557232	-0.497287	-0.462585	-0.456913	-0.471553	-0.492111	-0.514614	-0.535599	-0.532968	-0.512879	-0.48184	-0.466171	-0.474243	-0.496693	-0.500285	-0.483707	-0.465524	-0.454579	-0.449305	-0.451158	-0.450005	-0.437979	-0.423004	-0.404386	-0.396503	-0.401732	-0.389252	-0.360691	-0.346341	-0.343558	-0.331432	-0.306169	-0.285258	-0.26386	-0.23956	-0.20538	-0.166774	-0.119143	-0.0688211	-0.0306048	0.00277517	0.0266909	0.0104551	-0.0551249	-0.136745	-0.235031	-0.348368	-0.434498	-0.461022	-0.433519	-0.366022	-0.269458	-0.166711	-0.0684627	0.0191428	0.0931433	0.142219	0.156122	0.143967	0.0966033	0.0201433	-0.0402334	-0.0500402	-0.0276564	-0.0124858	0.00175697	0.0209176	0.0299049	0.027566	0.00775237	-0.0161251	-0.0210678	-0.0133827	0	
0	-0.0599744	-0.123582	-0.188719	-0.259984	-0.328278	-0.391179	-0.43637	-0.451067	-0.429161	-0.362873	-0.261958	-0.146374	-0.039488	0.0242301	0.0304578	-0.0245026	-0.126123	-0.249325	-0.371477	-0.485386	-0.583899	-0.667206	-0.71998	-0.730849	-0.692258	-0.620721	-0.552862	-0.511343	-0.501683	-0.522131	-0.547383	-0.571886	-0.590738	-0.593819	-0.574455	-0.544267	-0.526159	-0.536	-0.559243	-0.567412	-0.554477	-0.536745	-0.526308	-0.522099	-0.52719	-0.527628	-0.51934	-0.504949	-0.487235	-0.481796	-0.487351	-0.477138	-0.450059	-0.435339	-0.432591	-0.419509	-0.396383	-0.371639	-0.348706	-0.321228	-0.282429	-0.239586	-0.183583	-0.127136	-0.0815056	-0.0409854	-0.0150561	-0.0316119	-0.101331	-0.194576	-0.305956	-0.432442	-0.530236	-0.56055	-0.530075	-0.453505	-0.340713	-0.220263	-0.105271	0.00109487	0.088874	0.147882	0.172189	0.159853	0.103887	0.0202885	-0.0462131	-0.0603467	-0.0365457	-0.015287	0.000837299	0.0183731	0.0299757	0.0308659	0.0107879	-0.016423	-0.0251339	-0.017001	0	
0	-0.0611164	-0.125346	-0.193645	-0.266775	-0.339169	-0.405521	-0.451067	-0.466659	-0.437267	-0.361415	-0.246574	-0.111012	0.0101561	0.0889078	0.101404	0.0438601	-0.0664771	-0.203484	-0.343847	-0.47305	-0.585192	-0.679673	-0.740111	-0.751733	-0.713959	-0.63979	-0.564636	-0.517727	-0.508574	-0.523782	-0.550317	-0.581527	-0.608864	-0.613822	-0.594324	-0.56263	-0.546941	-0.558857	-0.584892	-0.597345	-0.58874	-0.573467	-0.564683	-0.565062	-0.572535	-0.576876	-0.573294	-0.561893	-0.548282	-0.545765	-0.553797	-0.546883	-0.525125	-0.512922	-0.509666	-0.501045	-0.479618	-0.456537	-0.433349	-0.404192	-0.366189	-0.317536	-0.258898	-0.196821	-0.143624	-0.0990956	-0.0697641	-0.0877376	-0.160667	-0.263471	-0.389931	-0.529634	-0.637051	-0.674959	-0.643213	-0.554871	-0.428106	-0.287803	-0.151407	-0.0292727	0.0724508	0.143648	0.174489	0.16336	0.106519	0.0188091	-0.0517095	-0.0679512	-0.0479973	-0.0281179	-0.00833328	0.0169796	0.0346853	0.0329542	0.00955055	-0.0177527	-0.0281487	-0.0200853	0	
0	-0.0577942	-0.118031	-0.184397	-0.254083	-0.32498	-0.387528	-0.429161	-0.437267	-0.397043	-0.307874	-0.174038	-0.021448	0.11837	0.211056	0.230175	0.174438	0.0580125	-0.0906785	-0.244202	-0.387278	-0.516418	-0.621076	-0.692836	-0.712313	-0.674439	-0.596856	-0.515914	-0.462735	-0.449407	-0.468187	-0.501571	-0.536856	-0.562799	-0.57218	-0.55763	-0.530594	-0.51449	-0.527285	-0.555185	-0.573591	-0.570245	-0.559341	-0.554185	-0.55899	-0.569194	-0.579375	-0.582375	-0.576525	-0.568564	-0.572393	-0.583442	-0.583294	-0.570738	-0.562914	-0.563622	-0.559464	-0.545364	-0.524927	-0.504482	-0.476679	-0.43944	-0.389722	-0.329224	-0.265116	-0.207292	-0.16014	-0.132864	-0.154504	-0.230786	-0.345508	-0.487631	-0.637934	-0.755127	-0.799828	-0.766485	-0.670845	-0.530014	-0.372213	-0.219726	-0.0783673	0.0389903	0.123307	0.168476	0.161248	0.101026	0.0104292	-0.0634147	-0.0845767	-0.0666206	-0.0398084	-0.0144243	0.0102535	0.0296202	0.0314352	0.0105099	-0.018068	-0.0320461	-0.0233559	0	
0	-0.0464158	-0.0947113	-0.152052	-0.211114	-0.275258	-0.328931	-0.362873	-0.361415	-0.307874	-0.204199	-0.0499486	0.122511	0.284327	0.394584	0.426649	0.376015	0.256379	0.0977855	-0.0703398	-0.230179	-0.37399	-0.490246	-0.571533	-0.595169	-0.560371	-0.485076	-0.401435	-0.346428	-0.331125	-0.348276	-0.383192	-0.423841	-0.455903	-0.473051	-0.46052	-0.436309	-0.423278	-0.438571	-0.467095	-0.490932	-0.495255	-0.4889	-0.488056	-0.4972	-0.512306	-0.527736	-0.537943	-0.537763	-0.538227	-0.548653	-0.562571	-0.570489	-0.568303	-0.567652	-0.57257	-0.575888	-0.570482	-0.557124	-0.542581	-0.519998	-0.488032	-0.441088	-0.384519	-0.321919	-0.263182	-0.21565	-0.193674	-0.219971	-0.299221	-0.427472	-0.58592	-0.749712	-0.878647	-0.934317	-0.905777	-0.803685	-0.650686	-0.475824	-0.30306	-0.142988	-0.0100147	0.0883034	0.143343	0.140001	0.0818053	-0.00694945	-0.0785578	-0.102538	-0.0902489	-0.0615097	-0.0321898	-0.00226905	0.0252873	0.0283802	0.00629384	-0.0204815	-0.0351077	-0.0267418	0	
0	-0.031171	-0.0637308	-0.107218	-0.152059	-0.202498	-0.243857	-0.261958	-0.246574	-0.174038	-0.0499486	0.125166	0.323293	0.504639	0.636275	0.680816	0.638525	0.517948	0.354426	0.173253	0.000973407	-0.158328	-0.28693	-0.38074	-0.412799	-0.384668	-0.313462	-0.227817	-0.169343	-0.153667	-0.170486	-0.210155	-0.256851	-0.294261	-0.314695	-0.307448	-0.289735	-0.279919	-0.296075	-0.324177	-0.353091	-0.361557	-0.362838	-0.365081	-0.379635	-0.395086	-0.417467	-0.433206	-0.439798	-0.449138	-0.46568	-0.483602	-0.49962	-0.509727	-0.518163	-0.528563	-0.541558	-0.545569	-0.542162	-0.536069	-0.519259	-0.495928	-0.452647	-0.403584	-0.346433	-0.288221	-0.246635	-0.233837	-0.26922	-0.356865	-0.50022	-0.679655	-0.858467	-0.999032	-1.06933	-1.0477	-0.94236	-0.781893	-0.594431	-0.405545	-0.229289	-0.0810088	0.0339155	0.101509	0.104262	0.0514946	-0.0344094	-0.105926	-0.133093	-0.124584	-0.0914897	-0.0549681	-0.0200417	0.0121397	0.0177949	-0.00120966	-0.0247039	-0.0385856	-0.0290068	0	
0	-0.012572	-0.0275381	-0.053506	-0.081142	-0.117634	-0.14038	-0.146374	-0.111012	-0.021448	0.122511	0.323293	0.541886	0.750632	0.903205	0.966336	0.936307	0.821621	0.652389	0.464461	0.276848	0.103706	-0.0375367	-0.1411	-0.182995	-0.162012	-0.0957569	-0.0126575	0.0435224	0.0643769	0.0465849	0.000221787	-0.0509967	-0.0905714	-0.118792	-0.118938	-0.107816	-0.102352	-0.117329	-0.145087	-0.17588	-0.192599	-0.196826	-0.204249	-0.219078	-0.237853	-0.263164	-0.282861	-0.294648	-0.311182	-0.33353	-0.351974	-0.374925	-0.39552	-0.411149	-0.428541	-0.447451	-0.461718	-0.469066	-0.470649	-0.464551	-0.447399	-0.413739	-0.374762	-0.324383	-0.273897	-0.237488	-0.239274	-0.28684	-0.382321	-0.546205	-0.747734	-0.943896	-1.10297	-1.19187	-1.18342	-1.08301	-0.918497	-0.721664	-0.521093	-0.329066	-0.164882	-0.0374824	0.0403271	0.0511363	0.00297668	-0.0777502	-0.142803	-0.173798	-0.171886	-0.132105	-0.0872075	-0.0496111	-0.0122287	0.000178579	-0.0130582	-0.031756	-0.0435949	-0.0325594	0	
0	0.00319583	0.00383668	-0.00660675	-0.0206226	-0.0405721	-0.0516433	-0.039488	0.0101561	0.11837	0.284327	0.504639	0.750632	0.982179	1.15924	1.24385	1.23022	1.12274	0.958163	0.761467	0.564769	0.3797	0.227427	0.113229	0.0648006	0.0778195	0.135346	0.214829	0.271995	0.290934	0.273105	0.2284	0.172772	0.12201	0.0870542	0.0827977	0.0864889	0.0875355	0.0702502	0.0451095	0.0123079	-0.00514657	-0.0167005	-0.0256572	-0.0423882	-0.0587068	-0.0859458	-0.106304	-0.120759	-0.143606	-0.16699	-0.185301	-0.211198	-0.238539	-0.261275	-0.281551	-0.305758	-0.326321	-0.342416	-0.353065	-0.352371	-0.343968	-0.317684	-0.288324	-0.248831	-0.20284	-0.177469	-0.194818	-0.254485	-0.365264	-0.54832	-0.77452	-0.993798	-1.17176	-1.28525	-1.29772	-1.20586	-1.04544	-0.847655	-0.637376	-0.434974	-0.260093	-0.119226	-0.0346237	-0.0203735	-0.0596717	-0.131777	-0.194282	-0.227903	-0.228455	-0.187726	-0.138248	-0.0909489	-0.0436162	-0.0265653	-0.0354366	-0.0457137	-0.0497138	-0.0348089	0	
0	0.0123878	0.0216471	0.0200976	0.0152791	0.00293859	0.00370055	0.0242301	0.0889078	0.211056	0.394584	0.636275	0.903205	1.15924	1.36035	1.46712	1.47228	1.38032	1.21946	1.0258	0.821864	0.630462	0.469411	0.349867	0.293005	0.298055	0.350037	0.426604	0.481878	0.507198	0.492201	0.439809	0.378114	0.325874	0.288205	0.273191	0.267406	0.260439	0.244761	0.22161	0.191911	0.168323	0.153511	0.141591	0.128123	0.112923	0.0872262	0.0694636	0.0538209	0.0295246	0.00613077	-0.00806915	-0.0333694	-0.0632348	-0.0888269	-0.111194	-0.13481	-0.157997	-0.180524	-0.194606	-0.199261	-0.193287	-0.172897	-0.151633	-0.117488	-0.0787457	-0.0612422	-0.0925348	-0.167293	-0.291448	-0.496416	-0.748473	-0.990189	-1.19345	-1.33391	-1.36968	-1.29572	-1.14537	-0.951948	-0.742368	-0.535832	-0.352221	-0.204893	-0.117232	-0.0965208	-0.129158	-0.196505	-0.256286	-0.295324	-0.302694	-0.256933	-0.195745	-0.143813	-0.095031	-0.0687452	-0.065045	-0.0648963	-0.0590677	-0.0373271	0	
0	0.0124897	0.0198674	0.0204104	0.0135265	0.00435248	0.00583706	0.0304578	0.101404	0.230175	0.426649	0.680816	0.966336	1.24385	1.46712	1.60109	1.62832	1.5561	1.40873	1.21848	1.01386	0.818863	0.653175	0.532711	0.475171	0.477839	0.527839	0.599631	0.657106	0.684924	0.672334	0.625773	0.566508	0.504727	0.458912	0.436404	0.422783	0.408799	0.391734	0.368156	0.338973	0.313507	0.295393	0.280049	0.267388	0.253878	0.232476	0.218095	0.203838	0.178812	0.159306	0.149574	0.130239	0.102298	0.0774029	0.0568577	0.0388093	0.0183842	-0.00481466	-0.0186612	-0.0230703	-0.0152598	0.00215111	0.0213893	0.051073	0.0866841	0.0984196	0.0562422	-0.0275299	-0.165811	-0.38724	-0.659642	-0.92536	-1.15282	-1.32268	-1.3881	-1.33724	-1.20535	-1.02357	-0.818078	-0.61144	-0.423785	-0.275071	-0.190682	-0.172092	-0.202547	-0.263341	-0.322348	-0.367468	-0.378519	-0.335637	-0.274001	-0.214349	-0.156053	-0.120586	-0.105831	-0.0915853	-0.0728936	-0.0434941	0	
0	0.00278278	0.00145745	-0.00787055	-0.0233404	-0.0399253	-0.0459715	-0.0245026	0.0438601	0.174438	0.376015	0.638525	0.936307	1.23022	1.47228	1.62832	1.67774	1.62584	1.49397	1.31455	1.11495	0.922382	0.759844	0.641759	0.585649	0.589812	0.638753	0.712339	0.777171	0.815309	0.812008	0.770499	0.70794	0.646263	0.599807	0.570565	0.546075	0.523449	0.499497	0.477856	0.45289	0.425258	0.398724	0.37937	0.368383	0.356747	0.339317	0.328429	0.316026	0.293233	0.277062	0.273213	0.260696	0.23915	0.215669	0.199004	0.189378	0.173875	0.15565	0.143693	0.145812	0.158865	0.179546	0.203699	0.234655	0.273741	0.284151	0.239967	0.151033	0.00199061	-0.230985	-0.519732	-0.80526	-1.05682	-1.2521	-1.34465	-1.3196	-1.20768	-1.04296	-0.848723	-0.648052	-0.46439	-0.31989	-0.241402	-0.227163	-0.255783	-0.314682	-0.382369	-0.438888	-0.457712	-0.419801	-0.354017	-0.288931	-0.229411	-0.186042	-0.158021	-0.127887	-0.088125	-0.0439798	0	
0	-0.0137362	-0.0317024	-0.0567909	-0.0872785	-0.118318	-0.136477	-0.126123	-0.0664771	0.0580125	0.256379	0.517948	0.821621	1.12274	1.38032	1.5561	1.62584	1.59794	1.48285	1.31578	1.12272	0.935088	0.774394	0.665373	0.617093	0.627411	0.684231	0.762767	0.835914	0.8855	0.898419	0.869416	0.817149	0.75699	0.710791	0.673484	0.64249	0.60927	0.584872	0.561244	0.536206	0.502074	0.472608	0.448075	0.433264	0.419457	0.405373	0.397506	0.385258	0.364129	0.350373	0.349692	0.346499	0.331083	0.311604	0.299843	0.299199	0.293767	0.281224	0.277707	0.287464	0.309425	0.338613	0.369577	0.408785	0.452401	0.466489	0.42851	0.339152	0.186632	-0.0489896	-0.344269	-0.641918	-0.911265	-1.12803	-1.24448	-1.24527	-1.1585	-1.01022	-0.827677	-0.635736	-0.453928	-0.317728	-0.25219	-0.246134	-0.280421	-0.343301	-0.419516	-0.487744	-0.517746	-0.492066	-0.432344	-0.367698	-0.307596	-0.256153	-0.211172	-0.162341	-0.108054	-0.0536842	0	
0	-0.0320781	-0.0688498	-0.111687	-0.161253	-0.208933	-0.244692	-0.249325	-0.203484	-0.0906785	0.0977855	0.354426	0.652389	0.958163	1.21946	1.40873	1.49397	1.48285	1.38403	1.2279	1.04327	0.858559	0.705255	0.602329	0.561672	0.581906	0.647409	0.732587	0.823329	0.892235	0.923415	0.915307	0.876335	0.826975	0.784157	0.748517	0.713151	0.676063	0.641949	0.616712	0.594678	0.561519	0.52359	0.488717	0.469687	0.453131	0.442077	0.431427	0.420118	0.399486	0.386193	0.387013	0.390594	0.382253	0.365608	0.357836	0.366098	0.367311	0.364989	0.367534	0.38684	0.419238	0.456611	0.501663	0.549619	0.602206	0.625907	0.5981	0.51626	0.364875	0.132422	-0.159267	-0.462763	-0.744152	-0.971848	-1.10543	-1.12831	-1.06018	-0.928177	-0.757965	-0.570906	-0.395626	-0.269803	-0.211367	-0.215369	-0.257473	-0.324202	-0.416207	-0.503325	-0.547012	-0.53725	-0.489649	-0.430339	-0.372668	-0.31862	-0.264797	-0.19971	-0.122979	-0.0532521	0	
0	-0.050582	-0.103329	-0.166473	-0.231728	-0.298273	-0.351581	-0.371477	-0.343847	-0.244202	-0.0703398	0.173253	0.464461	0.761467	1.0258	1.21848	1.31455	1.31578	1.2279	1.07817	0.89754	0.71182	0.56066	0.461867	0.428576	0.458409	0.530339	0.6272	0.732067	0.818894	0.879413	0.900043	0.88019	0.848679	0.81948	0.790051	0.755349	0.71447	0.6788	0.657816	0.637174	0.601109	0.556788	0.518206	0.489412	0.468582	0.454317	0.443077	0.428901	0.408579	0.39197	0.391745	0.400465	0.396444	0.382777	0.378384	0.391342	0.399819	0.405972	0.415291	0.444017	0.483086	0.532978	0.589222	0.648526	0.711462	0.74377	0.733118	0.659605	0.514257	0.292936	0.00926055	-0.291388	-0.576602	-0.809783	-0.952047	-0.99034	-0.938616	-0.816702	-0.651466	-0.466786	-0.293259	-0.17205	-0.120919	-0.133073	-0.179787	-0.253582	-0.360453	-0.461645	-0.522352	-0.536222	-0.5078	-0.460538	-0.41193	-0.360688	-0.298632	-0.219615	-0.131304	-0.0548124	0	
0	-0.067469	-0.136418	-0.217077	-0.297437	-0.381635	-0.449354	-0.485386	-0.47305	-0.387278	-0.230179	0.000973407	0.276848	0.564769	0.821864	1.01386	1.11495	1.12272	1.04327	0.89754	0.715226	0.52631	0.368612	0.266502	0.233698	0.265546	0.343399	0.448427	0.566837	0.675195	0.762454	0.809528	0.820627	0.816608	0.804255	0.788252	0.763509	0.727323	0.693936	0.675805	0.659563	0.628191	0.584248	0.536884	0.498413	0.471355	0.455864	0.437851	0.42125	0.397671	0.376229	0.372462	0.381927	0.380908	0.368657	0.367881	0.381496	0.396443	0.409976	0.427305	0.462382	0.508736	0.569297	0.636142	0.707334	0.776462	0.820844	0.823396	0.759444	0.624395	0.413113	0.144691	-0.14845	-0.43137	-0.660793	-0.806493	-0.854107	-0.813573	-0.698388	-0.534064	-0.34588	-0.167594	-0.0441767	0.0104563	0.000620374	-0.0491001	-0.128607	-0.243371	-0.357917	-0.436722	-0.470004	-0.464317	-0.43892	-0.404898	-0.362607	-0.301031	-0.215509	-0.122933	-0.0479326	0	
0	-0.0800054	-0.163339	-0.255933	-0.351653	-0.44947	-0.531662	-0.583899	-0.585192	-0.516418	-0.37399	-0.158328	0.103706	0.3797	0.630462	0.818863	0.922382	0.935088	0.858559	0.71182	0.52631	0.323675	0.157932	0.0462332	0.00620874	0.0361946	0.111172	0.214888	0.339801	0.46149	0.574309	0.65488	0.696759	0.72001	0.732232	0.737532	0.727816	0.703267	0.677318	0.667668	0.661934	0.640748	0.597768	0.547621	0.501474	0.471023	0.448537	0.425617	0.40457	0.377494	0.348976	0.339612	0.34754	0.344317	0.336034	0.334569	0.348052	0.364635	0.384852	0.408378	0.446672	0.498912	0.56691	0.644219	0.724069	0.801328	0.856759	0.871776	0.819611	0.6953	0.49756	0.241973	-0.0409932	-0.317846	-0.544659	-0.688942	-0.743245	-0.709066	-0.593932	-0.425603	-0.225592	-0.0378923	0.0940742	0.162345	0.161047	0.116898	0.0431888	-0.0700197	-0.188337	-0.278273	-0.3326	-0.354536	-0.351778	-0.334029	-0.308197	-0.2579	-0.177508	-0.0912925	-0.028244	0	
0	-0.093597	-0.188293	-0.295432	-0.401519	-0.511973	-0.604992	-0.667206	-0.679673	-0.621076	-0.490246	-0.28693	-0.0375367	0.227427	0.469411	0.653175	0.759844	0.774394	0.705255	0.56066	0.368612	0.157932	-0.0238261	-0.154681	-0.207931	-0.191886	-0.130657	-0.0302337	0.0912973	0.219861	0.350048	0.452583	0.52369	0.578233	0.615608	0.646046	0.657171	0.647341	0.634764	0.64216	0.649986	0.641245	0.608597	0.563469	0.512723	0.476906	0.44867	0.420476	0.394092	0.35968	0.321606	0.304939	0.30294	0.295709	0.285637	0.284013	0.291231	0.307917	0.332847	0.360999	0.403737	0.459495	0.53645	0.621822	0.710153	0.795096	0.860027	0.88316	0.840316	0.728029	0.54006	0.29764	0.0263195	-0.240551	-0.459205	-0.603059	-0.658824	-0.629496	-0.518768	-0.342786	-0.132649	0.0676733	0.222038	0.312155	0.332607	0.306432	0.242286	0.142549	0.0327167	-0.0623683	-0.127284	-0.170102	-0.194186	-0.198307	-0.193176	-0.161498	-0.0974107	-0.0333042	0.00149021	0	
0	-0.0998109	-0.202476	-0.315245	-0.429654	-0.547549	-0.647964	-0.71998	-0.740111	-0.692836	-0.571533	-0.38074	-0.1411	0.113229	0.349867	0.532711	0.641759	0.665373	0.602329	0.461867	0.266502	0.0462332	-0.154681	-0.301467	-0.375128	-0.378092	-0.331973	-0.248409	-0.142317	-0.0175778	0.118101	0.23523	0.332055	0.409032	0.472341	0.523423	0.554332	0.564302	0.573889	0.592422	0.617716	0.631631	0.619364	0.58022	0.530948	0.496241	0.464736	0.432637	0.400433	0.358734	0.31204	0.285164	0.270608	0.253138	0.24092	0.233807	0.232471	0.244815	0.268132	0.299657	0.340386	0.398685	0.478942	0.568655	0.663317	0.754876	0.828931	0.857719	0.826011	0.727743	0.55213	0.320092	0.0621469	-0.191641	-0.407392	-0.549682	-0.608263	-0.585576	-0.47428	-0.293116	-0.0715834	0.148347	0.325229	0.443245	0.494062	0.489053	0.446773	0.37655	0.286407	0.197171	0.127777	0.0684642	0.0227059	-0.00545383	-0.0258038	-0.0167662	0.0206113	0.0470739	0.0402322	0	
0	-0.0992707	-0.205401	-0.315267	-0.434591	-0.551645	-0.654684	-0.730849	-0.751733	-0.712313	-0.595169	-0.412799	-0.182995	0.0648006	0.293005	0.475171	0.585649	0.617093	0.561672	0.428576	0.233698	0.00620874	-0.207931	-0.375128	-0.470207	-0.497006	-0.472909	-0.414418	-0.327177	-0.216588	-0.0873468	0.0344546	0.146917	0.238786	0.319304	0.38765	0.438956	0.465752	0.490279	0.527129	0.577881	0.613162	0.622347	0.602173	0.568384	0.537044	0.506252	0.475059	0.442074	0.393287	0.339857	0.301772	0.270838	0.239164	0.219278	0.20157	0.188448	0.188738	0.20565	0.233651	0.269833	0.327568	0.405691	0.498198	0.594852	0.693479	0.774087	0.804161	0.782743	0.697211	0.531209	0.307786	0.0635847	-0.176129	-0.384907	-0.52576	-0.585127	-0.564201	-0.456713	-0.27287	-0.0416996	0.193706	0.397347	0.548292	0.631915	0.655908	0.643765	0.608312	0.54601	0.472344	0.406261	0.33541	0.268808	0.220282	0.17831	0.154625	0.152121	0.140076	0.0906414	0	
0	-0.0933445	-0.190413	-0.296836	-0.408343	-0.520899	-0.621047	-0.692258	-0.713959	-0.674439	-0.560371	-0.384668	-0.162012	0.0778195	0.298055	0.477839	0.589812	0.627411	0.581906	0.458409	0.265546	0.0361946	-0.191886	-0.378092	-0.497006	-0.547336	-0.550054	-0.514756	-0.453223	-0.362654	-0.250504	-0.130857	-0.0178332	0.0820362	0.174464	0.254587	0.313476	0.353401	0.394108	0.445503	0.511474	0.570782	0.612005	0.617856	0.602093	0.582698	0.563032	0.541646	0.510452	0.462268	0.406814	0.362234	0.314641	0.269795	0.238251	0.20835	0.182126	0.165605	0.17118	0.188391	0.218292	0.268264	0.339761	0.427683	0.520573	0.623067	0.702081	0.731012	0.715051	0.6394	0.482718	0.265745	0.0362663	-0.187411	-0.38844	-0.52729	-0.585389	-0.566604	-0.463253	-0.277895	-0.0413865	0.210947	0.444109	0.627024	0.744083	0.800398	0.821361	0.821054	0.789712	0.735413	0.672941	0.597256	0.517242	0.442759	0.373754	0.324389	0.286243	0.225917	0.128001	0	
0	-0.0805868	-0.166721	-0.260232	-0.362376	-0.46425	-0.557232	-0.620721	-0.63979	-0.596856	-0.485076	-0.313462	-0.0957569	0.135346	0.350037	0.527839	0.638753	0.684231	0.647409	0.530339	0.343399	0.111172	-0.130657	-0.331973	-0.472909	-0.550054	-0.57369	-0.566883	-0.532704	-0.468471	-0.377142	-0.270172	-0.159298	-0.0559443	0.0412543	0.120919	0.182602	0.229567	0.27606	0.33512	0.415768	0.496273	0.562647	0.596523	0.610679	0.611402	0.611092	0.604274	0.58799	0.548299	0.502617	0.456198	0.401771	0.347432	0.303965	0.264742	0.224972	0.192964	0.179957	0.183892	0.202617	0.240316	0.299693	0.375615	0.461259	0.560255	0.633427	0.657309	0.642302	0.571919	0.42055	0.208412	-0.0106453	-0.220864	-0.415805	-0.552539	-0.608853	-0.591977	-0.488824	-0.304072	-0.063171	0.209784	0.46921	0.682157	0.831483	0.915949	0.96929	1.0032	1.00057	0.963958	0.904011	0.822469	0.725176	0.6247	0.534389	0.458822	0.383572	0.288353	0.159739	0	
0	-0.0700631	-0.145429	-0.229029	-0.320909	-0.413601	-0.497287	-0.552862	-0.564636	-0.515914	-0.401435	-0.227817	-0.0126575	0.214829	0.426604	0.599631	0.712339	0.762767	0.732587	0.6272	0.448427	0.214888	-0.0302337	-0.248409	-0.414418	-0.514756	-0.566883	-0.591301	-0.58088	-0.543666	-0.475896	-0.38206	-0.280554	-0.180712	-0.0860109	-0.00893859	0.0533579	0.09996	0.143393	0.203303	0.28793	0.378949	0.465748	0.530879	0.572803	0.597476	0.620928	0.639903	0.643599	0.624893	0.59685	0.560284	0.510462	0.452552	0.402834	0.356219	0.310383	0.262823	0.232519	0.221366	0.228821	0.253669	0.298871	0.361515	0.4374	0.528971	0.591186	0.608765	0.58687	0.513829	0.36207	0.149214	-0.0629314	-0.267419	-0.455726	-0.587961	-0.645136	-0.625626	-0.524714	-0.345512	-0.099755	0.185858	0.468465	0.712143	0.886139	1.00101	1.08959	1.14557	1.16109	1.13719	1.07391	0.981829	0.867191	0.744867	0.635593	0.535679	0.430301	0.3111	0.168034	0	
0	-0.0655661	-0.134691	-0.214308	-0.298722	-0.386112	-0.462585	-0.511343	-0.517727	-0.462735	-0.346428	-0.169343	0.0435224	0.271995	0.481878	0.657106	0.777171	0.835914	0.823329	0.732067	0.566837	0.339801	0.0912973	-0.142317	-0.327177	-0.453223	-0.532704	-0.58088	-0.597	-0.590281	-0.54831	-0.474949	-0.389193	-0.291298	-0.197446	-0.120334	-0.0666557	-0.0301607	0.00568432	0.0631226	0.140103	0.230464	0.327475	0.41273	0.477111	0.525135	0.574886	0.616906	0.646176	0.656002	0.653811	0.638187	0.605169	0.556376	0.506892	0.463657	0.418804	0.364326	0.321337	0.297747	0.295684	0.308345	0.339492	0.387808	0.452793	0.530641	0.582057	0.591284	0.560583	0.481124	0.325033	0.116209	-0.0955245	-0.29858	-0.480861	-0.61487	-0.674009	-0.658976	-0.566496	-0.393573	-0.150111	0.145785	0.449538	0.713688	0.907554	1.04741	1.15852	1.22846	1.25498	1.23629	1.16923	1.06825	0.938508	0.793018	0.658384	0.541122	0.426679	0.300272	0.156811	0	
0	-0.0650898	-0.132097	-0.212218	-0.294461	-0.380803	-0.456913	-0.501683	-0.508574	-0.449407	-0.331125	-0.153667	0.0643769	0.290934	0.507198	0.684924	0.815309	0.8855	0.892235	0.818894	0.675195	0.46149	0.219861	-0.0175778	-0.216588	-0.362654	-0.468471	-0.543666	-0.590281	-0.615305	-0.598899	-0.549091	-0.477343	-0.383848	-0.295516	-0.226992	-0.179986	-0.146983	-0.119668	-0.0752436	-0.0135911	0.0702344	0.163142	0.258927	0.337121	0.405857	0.472694	0.535487	0.590924	0.631581	0.65818	0.671406	0.667449	0.636376	0.596469	0.564729	0.527303	0.474587	0.424134	0.391553	0.38172	0.383621	0.404558	0.441435	0.496793	0.563043	0.605535	0.611712	0.573769	0.484182	0.326648	0.119978	-0.0943584	-0.298938	-0.480567	-0.613128	-0.676358	-0.669699	-0.58617	-0.426929	-0.192939	0.100978	0.40784	0.678771	0.880419	1.03592	1.16341	1.24009	1.27008	1.25277	1.18234	1.07219	0.927947	0.768937	0.625476	0.500606	0.377873	0.253436	0.129607	0	
0	-0.0680922	-0.141335	-0.222059	-0.308455	-0.39774	-0.471553	-0.522131	-0.523782	-0.468187	-0.348276	-0.170486	0.0465849	0.273105	0.492201	0.672334	0.812008	0.898419	0.923415	0.879413	0.762454	0.574309	0.350048	0.118101	-0.0873468	-0.250504	-0.377142	-0.475896	-0.54831	-0.598899	-0.607671	-0.590616	-0.53651	-0.458529	-0.377095	-0.310141	-0.261594	-0.243425	-0.22707	-0.195945	-0.146374	-0.0818969	0.000829227	0.0949806	0.177202	0.255221	0.331432	0.407469	0.480812	0.546248	0.598943	0.644454	0.674808	0.667379	0.648978	0.634981	0.614188	0.573401	0.525061	0.492297	0.475457	0.473434	0.486542	0.515076	0.562619	0.614511	0.652233	0.655843	0.610981	0.514757	0.356561	0.156914	-0.0549156	-0.260352	-0.435859	-0.562969	-0.630984	-0.634135	-0.567464	-0.431	-0.217476	0.0574543	0.34875	0.60929	0.808071	0.966082	1.09431	1.16997	1.19293	1.17102	1.10774	1.00009	0.855097	0.699348	0.548907	0.415155	0.300453	0.196545	0.0989773	0	
0	-0.0719006	-0.148101	-0.232932	-0.322408	-0.415293	-0.492111	-0.547383	-0.550317	-0.501571	-0.383192	-0.210155	0.000221787	0.2284	0.439809	0.625773	0.770499	0.869416	0.915307	0.900043	0.809528	0.65488	0.452583	0.23523	0.0344546	-0.130857	-0.270172	-0.38206	-0.474949	-0.549091	-0.590616	-0.599578	-0.56628	-0.505155	-0.430039	-0.366012	-0.329291	-0.322405	-0.311109	-0.29373	-0.259793	-0.215129	-0.147104	-0.0677487	0.012994	0.0944741	0.171899	0.249302	0.331492	0.413741	0.484542	0.561071	0.622223	0.645723	0.655526	0.665053	0.668259	0.647181	0.615045	0.586189	0.568569	0.565776	0.573757	0.598613	0.635165	0.67625	0.710268	0.710914	0.664438	0.564571	0.410493	0.222769	0.0168054	-0.1829	-0.348819	-0.469873	-0.537932	-0.552595	-0.508306	-0.395818	-0.212263	0.0275896	0.286154	0.516397	0.6939	0.836976	0.951046	1.01499	1.02844	1.01084	0.962437	0.86455	0.732522	0.588937	0.43889	0.311598	0.216671	0.13521	0.0646282	0	
0	-0.0746934	-0.155286	-0.241651	-0.336977	-0.431009	-0.514614	-0.571886	-0.581527	-0.536856	-0.423841	-0.256851	-0.0509967	0.172772	0.378114	0.566508	0.70794	0.817149	0.876335	0.88019	0.820627	0.696759	0.52369	0.332055	0.146917	-0.0178332	-0.159298	-0.280554	-0.389193	-0.477343	-0.53651	-0.56628	-0.557817	-0.513246	-0.449671	-0.394508	-0.367494	-0.363419	-0.364004	-0.361586	-0.344157	-0.31964	-0.271591	-0.209022	-0.133275	-0.05936	0.0135202	0.0852577	0.169835	0.251697	0.332661	0.429906	0.514968	0.568566	0.607809	0.644334	0.673665	0.681528	0.675569	0.659564	0.649276	0.650986	0.660827	0.685952	0.71339	0.749085	0.779681	0.777132	0.73167	0.630995	0.483944	0.30517	0.108032	-0.0793268	-0.236703	-0.346669	-0.409796	-0.436147	-0.41018	-0.32614	-0.182918	0.0112182	0.215463	0.397978	0.546822	0.663423	0.754024	0.806182	0.81184	0.794383	0.760452	0.685969	0.576928	0.450106	0.315566	0.203538	0.12308	0.0665369	0.0312306	0	
0	-0.0790305	-0.160944	-0.253	-0.349901	-0.446331	-0.535599	-0.590738	-0.608864	-0.562799	-0.455903	-0.294261	-0.0905714	0.12201	0.325874	0.504727	0.646263	0.75699	0.826975	0.848679	0.816608	0.72001	0.578233	0.409032	0.238786	0.0820362	-0.0559443	-0.180712	-0.291298	-0.383848	-0.458529	-0.505155	-0.513246	-0.484161	-0.432445	-0.380551	-0.356174	-0.359006	-0.37847	-0.389166	-0.389003	-0.380362	-0.35727	-0.314564	-0.255744	-0.188285	-0.122781	-0.0588595	0.0145858	0.08604	0.169084	0.271901	0.368309	0.444188	0.509036	0.569943	0.623276	0.665063	0.691774	0.6988	0.707593	0.719839	0.743502	0.772227	0.79737	0.834602	0.859049	0.855017	0.808158	0.711478	0.572464	0.397148	0.215439	0.0433554	-0.104129	-0.20262	-0.264561	-0.302079	-0.300046	-0.251964	-0.153167	-0.0149469	0.129672	0.265101	0.380352	0.468136	0.534179	0.569605	0.569256	0.558075	0.542642	0.495301	0.411395	0.303399	0.182535	0.0804824	0.0206762	0.000538224	0.00151246	0	
0	-0.0777856	-0.159187	-0.250656	-0.346232	-0.445635	-0.532968	-0.593819	-0.613822	-0.57218	-0.473051	-0.314695	-0.118792	0.0870542	0.288205	0.458912	0.599807	0.710791	0.784157	0.81948	0.804255	0.732232	0.615608	0.472341	0.319304	0.174464	0.0412543	-0.0860109	-0.197446	-0.295516	-0.377095	-0.430039	-0.449671	-0.432445	-0.380277	-0.329262	-0.307586	-0.318986	-0.344659	-0.366223	-0.381074	-0.396129	-0.399306	-0.381643	-0.338895	-0.28329	-0.228626	-0.174685	-0.115759	-0.0569285	0.0181549	0.113114	0.210286	0.298321	0.380933	0.457021	0.530659	0.602972	0.660457	0.700133	0.731014	0.764336	0.806313	0.843481	0.878783	0.9199	0.946914	0.942055	0.897255	0.814931	0.680172	0.508487	0.340722	0.179072	0.0384037	-0.0597053	-0.128165	-0.179062	-0.203771	-0.193787	-0.14172	-0.0606094	0.024356	0.113447	0.196314	0.258958	0.308159	0.336498	0.341574	0.343076	0.341921	0.317013	0.257042	0.161943	0.0483117	-0.040905	-0.0755957	-0.0629324	-0.0301223	0	
0	-0.0726214	-0.150352	-0.236405	-0.330238	-0.426076	-0.512879	-0.574455	-0.594324	-0.55763	-0.46052	-0.307448	-0.118938	0.0827977	0.273191	0.436404	0.570565	0.673484	0.748517	0.790051	0.788252	0.737532	0.646046	0.523423	0.38765	0.254587	0.120919	-0.00893859	-0.120334	-0.226992	-0.310141	-0.366012	-0.394508	-0.380551	-0.329262	-0.279057	-0.24764	-0.248559	-0.274573	-0.305516	-0.335057	-0.367635	-0.392855	-0.398796	-0.380434	-0.344608	-0.298954	-0.25249	-0.207681	-0.16432	-0.102046	-0.0216244	0.068642	0.157338	0.244631	0.3268	0.41316	0.502773	0.586705	0.657594	0.717257	0.778088	0.842448	0.900799	0.954106	1.01081	1.04625	1.0421	1.00633	0.935462	0.803351	0.6334	0.47054	0.316831	0.177904	0.0692136	-0.0107773	-0.0795226	-0.13718	-0.167107	-0.165406	-0.143879	-0.107068	-0.0540145	-0.000334095	0.0511838	0.097136	0.123974	0.144201	0.16367	0.175452	0.172502	0.129641	0.0412926	-0.0570187	-0.128174	-0.151463	-0.120783	-0.0594865	0	
0	-0.0660821	-0.138326	-0.217933	-0.306981	-0.399087	-0.48184	-0.544267	-0.56263	-0.530594	-0.436309	-0.289735	-0.107816	0.0864889	0.267406	0.422783	0.546075	0.64249	0.713151	0.755349	0.763509	0.727816	0.657171	0.554332	0.438956	0.313476	0.182602	0.0533579	-0.0666557	-0.179986	-0.261594	-0.329291	-0.367494	-0.356174	-0.307586	-0.24764	-0.196057	-0.186023	-0.205963	-0.234236	-0.265716	-0.306885	-0.348873	-0.381724	-0.393521	-0.376944	-0.341473	-0.306748	-0.278338	-0.245896	-0.19794	-0.13316	-0.0530695	0.029042	0.11469	0.198116	0.290835	0.3859	0.487955	0.58614	0.676258	0.766118	0.856428	0.942234	1.02278	1.1027	1.15215	1.15767	1.13359	1.07298	0.94379	0.771688	0.605844	0.449509	0.299884	0.170595	0.0684523	-0.0264675	-0.114731	-0.182782	-0.230148	-0.25396	-0.251883	-0.228868	-0.193644	-0.147257	-0.101485	-0.0621517	-0.0195798	0.0160294	0.0460012	0.0685414	0.0472267	-0.0264217	-0.116607	-0.179464	-0.185606	-0.137592	-0.0666508	0	
0	-0.0642292	-0.129984	-0.210898	-0.293325	-0.385193	-0.466171	-0.526159	-0.546941	-0.51449	-0.423278	-0.279919	-0.102352	0.0875355	0.260439	0.408799	0.523449	0.60927	0.676063	0.71447	0.727323	0.703267	0.647341	0.564302	0.465752	0.353401	0.229567	0.09996	-0.0301607	-0.146983	-0.243425	-0.322405	-0.363419	-0.359006	-0.318986	-0.248559	-0.186023	-0.160053	-0.160451	-0.171879	-0.19713	-0.237809	-0.291627	-0.342305	-0.377159	-0.380704	-0.366146	-0.34782	-0.330329	-0.307765	-0.279673	-0.229321	-0.160477	-0.0865267	-0.0091384	0.0761035	0.167835	0.261199	0.371757	0.488511	0.608706	0.725417	0.846512	0.965977	1.08309	1.19524	1.26871	1.29537	1.28633	1.23161	1.10211	0.923652	0.740918	0.565742	0.392038	0.231876	0.0993101	-0.0257455	-0.141379	-0.242065	-0.327275	-0.380867	-0.400524	-0.39498	-0.37389	-0.335284	-0.281728	-0.223939	-0.163077	-0.0990005	-0.0355253	0.00380781	-6.88603e-05	-0.0428977	-0.112296	-0.165284	-0.162186	-0.114786	-0.0548102	0	
0	-0.0653484	-0.134021	-0.214728	-0.299505	-0.392197	-0.474243	-0.536	-0.558857	-0.527285	-0.438571	-0.296075	-0.117329	0.0702502	0.244761	0.391734	0.499497	0.584872	0.641949	0.6788	0.693936	0.677318	0.634764	0.573889	0.490279	0.394108	0.27606	0.143393	0.00568432	-0.119668	-0.22707	-0.311109	-0.364004	-0.37847	-0.344659	-0.274573	-0.205963	-0.160451	-0.134741	-0.131728	-0.144184	-0.177676	-0.223576	-0.28057	-0.333243	-0.362755	-0.368704	-0.364529	-0.358362	-0.355199	-0.34999	-0.313165	-0.257599	-0.19888	-0.130387	-0.044764	0.0432793	0.13304	0.241648	0.371375	0.511748	0.655441	0.806776	0.96304	1.12397	1.27345	1.38569	1.44602	1.45735	1.40786	1.27743	1.08773	0.877363	0.665583	0.451446	0.255456	0.0842018	-0.0721563	-0.207819	-0.33541	-0.442396	-0.51097	-0.545816	-0.550367	-0.541751	-0.510489	-0.442181	-0.360184	-0.277464	-0.183739	-0.0885268	-0.0247359	0.000224719	-0.01185	-0.0567894	-0.089269	-0.0851343	-0.0633881	-0.0332678	0	
0	-0.0687872	-0.143481	-0.224865	-0.316701	-0.408922	-0.496693	-0.559243	-0.584892	-0.555185	-0.467095	-0.324177	-0.145087	0.0451095	0.22161	0.368156	0.477856	0.561244	0.616712	0.657816	0.675805	0.667668	0.64216	0.592422	0.527129	0.445503	0.33512	0.203303	0.0631226	-0.0752436	-0.195945	-0.29373	-0.361586	-0.389166	-0.366223	-0.305516	-0.234236	-0.171879	-0.131728	-0.111959	-0.105057	-0.117504	-0.150565	-0.208914	-0.269396	-0.311819	-0.332011	-0.345716	-0.35228	-0.37194	-0.385887	-0.369661	-0.336987	-0.299745	-0.242788	-0.16309	-0.08129	0.00292656	0.106962	0.238121	0.391503	0.55739	0.735599	0.930186	1.12997	1.32311	1.48132	1.58319	1.62051	1.57656	1.44719	1.24593	1.00514	0.748292	0.491231	0.257424	0.0481948	-0.134686	-0.29544	-0.442556	-0.55941	-0.640111	-0.680809	-0.692642	-0.696241	-0.665479	-0.585048	-0.479851	-0.365759	-0.238919	-0.110005	-0.0142402	0.0392255	0.0535701	0.0332059	0.0142957	0.0108536	0.00969161	0.00802574	0	
0	-0.0686775	-0.142951	-0.224997	-0.316598	-0.411159	-0.500285	-0.567412	-0.597345	-0.573591	-0.490932	-0.353091	-0.17588	0.0123079	0.191911	0.338973	0.45289	0.536206	0.594678	0.637174	0.659563	0.661934	0.649986	0.617716	0.577881	0.511474	0.415768	0.28793	0.140103	-0.0135911	-0.146374	-0.259793	-0.344157	-0.389003	-0.381074	-0.335057	-0.265716	-0.19713	-0.144184	-0.105057	-0.0767686	-0.0719663	-0.0939834	-0.139729	-0.192266	-0.238696	-0.275743	-0.297352	-0.311417	-0.345308	-0.377508	-0.38664	-0.380357	-0.367493	-0.326078	-0.263521	-0.188926	-0.10854	-0.0114408	0.11332	0.269632	0.448313	0.647685	0.866965	1.09562	1.32609	1.52663	1.67186	1.73419	1.7043	1.58062	1.37108	1.10783	0.810817	0.515008	0.248664	0.0124014	-0.193526	-0.374642	-0.531837	-0.656009	-0.740749	-0.790823	-0.822804	-0.834433	-0.802173	-0.713433	-0.579147	-0.426585	-0.265472	-0.106197	0.0156662	0.0923726	0.133155	0.139024	0.126826	0.107124	0.0824876	0.0505292	0	
0	-0.0650003	-0.132009	-0.214318	-0.29929	-0.396074	-0.483707	-0.554477	-0.58874	-0.570245	-0.495255	-0.361557	-0.192599	-0.00514657	0.168323	0.313507	0.425258	0.502074	0.561519	0.601109	0.628191	0.640748	0.641245	0.631631	0.613162	0.570782	0.496273	0.378949	0.230464	0.0702344	-0.0818969	-0.215129	-0.31964	-0.380362	-0.396129	-0.367635	-0.306885	-0.237809	-0.177676	-0.117504	-0.0719663	-0.052391	-0.0567226	-0.0797754	-0.122155	-0.171531	-0.211185	-0.228823	-0.245855	-0.284614	-0.326414	-0.353646	-0.373961	-0.382924	-0.367928	-0.32944	-0.266369	-0.191273	-0.101281	0.011871	0.16581	0.350276	0.563539	0.794728	1.03838	1.29163	1.52193	1.69326	1.77442	1.76035	1.6394	1.42783	1.15201	0.834088	0.518276	0.23389	-0.0103051	-0.227553	-0.421883	-0.585459	-0.713074	-0.801472	-0.867441	-0.917848	-0.936849	-0.905102	-0.807709	-0.654497	-0.474742	-0.284608	-0.0987646	0.0479707	0.14084	0.199583	0.233583	0.232555	0.197532	0.148108	0.0859265	0	
0	-0.0607126	-0.124808	-0.202275	-0.285006	-0.378769	-0.465524	-0.536745	-0.573467	-0.559341	-0.4889	-0.362838	-0.196826	-0.0167005	0.153511	0.295393	0.398724	0.472608	0.52359	0.556788	0.584248	0.597768	0.608597	0.619364	0.622347	0.612005	0.562647	0.465748	0.327475	0.163142	0.000829227	-0.147104	-0.271591	-0.35727	-0.399306	-0.392855	-0.348873	-0.291627	-0.223576	-0.150565	-0.0939834	-0.0567226	-0.0360394	-0.0425912	-0.077736	-0.117949	-0.150718	-0.168491	-0.187801	-0.217028	-0.25496	-0.29306	-0.329355	-0.355773	-0.36712	-0.354303	-0.306859	-0.237719	-0.155723	-0.0497449	0.097758	0.284469	0.504019	0.734663	0.979136	1.23533	1.47082	1.64349	1.73214	1.72822	1.61139	1.4007	1.12665	0.814301	0.495359	0.211715	-0.0269791	-0.245556	-0.439592	-0.602657	-0.72545	-0.813124	-0.891519	-0.955089	-0.983066	-0.952573	-0.855953	-0.702511	-0.507762	-0.304423	-0.114586	0.046013	0.16414	0.247823	0.297046	0.306524	0.278981	0.209944	0.108822	0	
