0	0	0	0	0	0	0	0	0	0	0	0	0	0	0	0	0	0	0	0	0	0	0	0	0	0	0	0	0	0	0	0	0	0	0	0	0	0	0	0	0	0	0	0	0	0	0	0	0	0	0	0	0	0	0	0	0	0	0	0	0	0	0	0	0	0	0	0	0	0	0	0	0	0	0	0	0	0	0	0	0	0	0	0	0	0	0	0	0	0	0	0	0	0	0	0	0	0	0	0	
0	0.0141751	0.00141184	0.00074376	0.00105968	-0.00820015	-0.00466435	0.00230077	-0.00458981	0.000916958	-0.000945456	0.00301477	0.00508906	-0.00615817	0.00167187	0.00435142	-0.00160121	-0.00700191	-0.00481415	-0.00079455	0.00464446	-0.0143874	-0.00983953	-0.00738931	0.00413696	-0.0020029	-0.00752656	-0.0221485	-0.0212446	-0.00569565	0.00804966	0.00861019	-0.00773978	-0.0263484	-0.061688	-0.0808119	-0.0905304	-0.0672226	-0.0413278	-0.00243652	0.0461889	0.0948718	0.140721	0.159079	0.163521	0.160409	0.139248	0.115949	0.065341	0.00536444	-0.0446545	-0.0914393	-0.106647	-0.0995904	-0.0897138	-0.0630912	-0.036177	-0.0275121	-0.0106014	0.00116955	-0.00667565	-0.00640215	-0.00021332	0.00299355	0.00276157	0.00180843	0.00249261	-0.00139219	0.00153106	0.00631451	-0.00131685	-0.00108406	0.00703805	0.00360177	-0.00178307	0.000120542	0.00510515	0.00672469	-0.00208404	-0.00986177	-0.00521437	-0.00610341	-0.0255127	-0.0513146	-0.074064	-0.0891633	-0.0893011	-0.0786372	-0.0641201	-0.0352735	0.017494	0.081616	0.140773	0.192463	0.2338	0.250661	0.230921	0.175727	0.0947285	0	
0	0.00141184	-0.0154905	-0.00353922	0.0078996	0.00250482	-0.00116156	0.00559453	0.000797855	-0.00784525	-0.00676713	0.00334613	-0.00338413	-0.0163713	0.000170763	0.00206179	-0.00416191	-0.00988109	-0.00749532	0.00715886	0.00660922	-0.0150282	-0.0149867	-0.00311873	0.0104668	0.00319373	-0.0109241	-0.0346551	-0.0334166	-0.00453889	0.0200412	0.0186099	-0.0102566	-0.0520056	-0.113132	-0.156258	-0.165637	-0.127312	-0.0707441	0.0052256	0.0984761	0.198493	0.278637	0.319102	0.323303	0.311206	0.273274	0.216094	0.119684	0.00616093	-0.0972459	-0.175662	-0.202689	-0.195031	-0.16227	-0.120828	-0.080129	-0.0540308	-0.0313237	-0.0140105	-0.0113355	0.00474982	0.00918253	-0.00338378	-0.000528548	0.00613008	0.00285563	-0.00155726	0.00674674	0.0102472	-0.00306111	-0.000566193	0.0120206	0.00651152	-0.00131976	0.0012942	0.00879197	0.0112232	-0.00355623	-0.0168087	-0.0105116	-0.0150943	-0.0521301	-0.101192	-0.145262	-0.174897	-0.177154	-0.158524	-0.129009	-0.0694408	0.0356991	0.162622	0.280854	0.383649	0.463746	0.495042	0.455588	0.347161	0.187448	0	
0	0.00074376	-0.00353922	0.00389171	0.00147157	-0.0044374	-0.00563124	-0.00392101	0.00293437	-0.00258963	-0.00467782	0.00397055	-0.00579686	-0.00800456	8.64414e-05	-0.000732486	-0.00485842	-0.013367	-0.0102695	0.0044842	-0.00180908	-0.0202682	-0.0250772	-0.00591227	0.00413926	-0.00262338	-0.0234916	-0.0508942	-0.0458597	-0.0105899	0.0215074	0.0143567	-0.0242281	-0.0900216	-0.170629	-0.233872	-0.239446	-0.188981	-0.101063	0.0109537	0.149426	0.296072	0.410366	0.472275	0.482662	0.460618	0.4117	0.315658	0.179235	0.0103304	-0.145843	-0.256561	-0.302632	-0.294525	-0.244679	-0.181955	-0.124836	-0.0752218	-0.0397091	-0.0201174	-0.00963639	0.00217887	0.000421722	-0.00358099	0.00446795	0.00839672	0.00675147	0.00239144	0.00407812	0.00816257	0.00265062	0.00485753	0.0120212	0.00655486	0.00157266	0.00500919	0.0114933	0.0119394	-0.00458898	-0.0190603	-0.0159907	-0.0289862	-0.0805499	-0.148292	-0.211036	-0.254495	-0.262557	-0.240338	-0.19463	-0.101208	0.0552787	0.242439	0.419251	0.571677	0.685757	0.727219	0.668127	0.509979	0.275926	0	
0	0.00105968	0.0078996	0.00147157	-0.00954989	-0.00479726	0.000939651	-0.0022132	-0.00330834	-0.00610391	-0.00237761	0.00158223	-0.00500311	-0.00521498	-0.0034473	-0.00436747	-0.00708169	-0.0135895	-0.0107283	-0.0020172	-0.00956261	-0.0224595	-0.0257572	-0.00819622	-0.00283658	-0.00970692	-0.0344903	-0.0573165	-0.0494713	-0.0127649	0.0177277	0.00480898	-0.0444556	-0.130179	-0.225315	-0.298883	-0.300416	-0.236612	-0.120666	0.028504	0.208839	0.394297	0.539142	0.618498	0.6346	0.604219	0.534727	0.405483	0.224285	0.00792589	-0.193003	-0.332862	-0.395282	-0.383084	-0.320381	-0.241649	-0.162285	-0.0974149	-0.0567562	-0.0270317	-0.0109622	-0.0077474	-0.00213042	0.00849079	0.0107738	0.00340722	0.00222793	0.00645942	0.00952382	0.00930214	0.00500422	0.00685088	0.011785	0.00878558	0.00598102	0.00899323	0.012456	0.00961168	-0.00399861	-0.0166652	-0.0228513	-0.0485251	-0.110407	-0.191336	-0.269594	-0.326615	-0.345112	-0.323625	-0.259593	-0.129004	0.0768393	0.320532	0.554393	0.75359	0.895379	0.941908	0.86333	0.65984	0.357594	0	
0	-0.00820015	0.00250482	-0.0044374	-0.00479726	0.00576265	0.00284411	-0.0071089	-0.00605409	-0.00144931	-0.00492582	-0.010641	-0.00781554	-0.00465137	-0.00717271	-0.00900047	-0.00918225	-0.00744732	-0.00721632	-0.00720287	-0.0139134	-0.0175129	-0.0174941	-0.0102118	-0.00976202	-0.0187342	-0.0419603	-0.0545394	-0.0458809	-0.0137359	0.0056692	-0.0118057	-0.073873	-0.171756	-0.275743	-0.347844	-0.344643	-0.265918	-0.12426	0.0624665	0.279268	0.496522	0.664537	0.759802	0.778271	0.739204	0.641826	0.478989	0.253628	-0.00372094	-0.240216	-0.403132	-0.476809	-0.460405	-0.386817	-0.296015	-0.201114	-0.124399	-0.077448	-0.0381347	-0.012203	-0.00691334	0.002637	0.0100175	0.00450839	0.00218492	0.00935524	0.0136185	0.00718077	0.00517437	0.0121122	0.0124919	0.00855333	0.00968261	0.0128586	0.0137387	0.0108019	0.00560062	-0.000647263	-0.0115705	-0.0325963	-0.0727267	-0.140366	-0.229398	-0.320319	-0.391518	-0.424762	-0.406383	-0.321051	-0.151024	0.100975	0.396375	0.683877	0.925125	1.08779	1.1346	1.03678	0.792495	0.429631	0	
0	-0.00466435	-0.00116156	-0.00563124	0.000939651	0.00284411	-0.00307384	-0.0116247	-0.00241986	0.00553814	-0.00777616	-0.0145576	-0.00510454	0.00155438	-0.0153361	-0.0142412	-0.0112278	-0.00598843	-0.0103997	-0.0217552	-0.0228615	-0.014028	-0.0161004	-0.0186554	-0.0254488	-0.0331579	-0.0489106	-0.0487575	-0.0399913	-0.021839	-0.0166085	-0.0426527	-0.114496	-0.220255	-0.322498	-0.387561	-0.37507	-0.28545	-0.116129	0.10144	0.351918	0.589981	0.778715	0.886018	0.911976	0.85894	0.740063	0.53854	0.278322	-0.0140362	-0.281418	-0.463707	-0.549992	-0.533829	-0.455988	-0.346157	-0.242443	-0.153156	-0.0876329	-0.0484684	-0.0178823	-0.00472067	0.00422626	0.00711676	0.00155849	0.00670137	0.016278	0.0146571	0.00276225	0.00636207	0.0214416	0.0146751	0.00434802	0.0129411	0.0202974	0.0165068	0.00800022	0.00330646	0.00475099	-0.00764052	-0.0457311	-0.0988121	-0.168701	-0.262302	-0.364038	-0.450793	-0.501146	-0.484956	-0.375068	-0.165377	0.12833	0.469325	0.804332	1.08083	1.25794	1.30149	1.18481	0.904002	0.489253	0	
0	0.00230077	0.00559453	-0.00392101	-0.0022132	-0.0071089	-0.0116247	-0.000993042	-0.000287373	-0.00467011	-0.0086295	-0.00823015	0.000860415	-0.00279484	-0.0190512	-0.0160419	-0.00899814	-0.00808819	-0.0161634	-0.0345583	-0.0254538	-0.0106366	-0.0167796	-0.0303759	-0.0418309	-0.0475351	-0.0501267	-0.0400537	-0.0343208	-0.0380278	-0.0480848	-0.0869372	-0.163777	-0.271022	-0.361397	-0.412004	-0.389406	-0.2846	-0.0929686	0.155927	0.429043	0.682699	0.885905	1.0026	1.03368	0.965971	0.818198	0.58494	0.288699	-0.0281508	-0.316173	-0.518307	-0.610293	-0.600454	-0.519252	-0.397158	-0.281767	-0.177658	-0.100593	-0.0537489	-0.0225924	-0.0107625	0.000156135	0.00568768	0.00915874	0.0156873	0.0111877	0.00787894	0.00994625	0.0163214	0.0207989	0.00999361	0.00748517	0.020893	0.02366	0.0154823	0.00692832	0.0052375	0.0100217	-0.00839265	-0.061363	-0.123327	-0.193895	-0.290804	-0.40302	-0.506602	-0.572827	-0.554345	-0.417366	-0.170257	0.159601	0.538411	0.911469	1.21455	1.40083	1.43926	1.30429	0.991036	0.534181	0	
0	-0.00458981	0.000797855	0.00293437	-0.00330834	-0.00605409	-0.00241986	-0.000287373	-0.0102836	-0.0112518	-0.00880726	-0.0108346	-0.00592074	-0.0122416	-0.0150256	-0.0126589	-0.00656596	-0.00727432	-0.0196802	-0.0336033	-0.0185359	-0.00739895	-0.016514	-0.0424085	-0.0526494	-0.0573412	-0.0437091	-0.0298191	-0.0340306	-0.0596796	-0.0900895	-0.13788	-0.220259	-0.313664	-0.389125	-0.414223	-0.3829	-0.256655	-0.0473491	0.229071	0.515181	0.778827	0.988351	1.11436	1.13987	1.05887	0.873604	0.610409	0.283983	-0.0536823	-0.351869	-0.566014	-0.662357	-0.654167	-0.566403	-0.441547	-0.314081	-0.202565	-0.122797	-0.0672882	-0.0290183	-0.00920129	-0.000829523	0.00578079	0.0153482	0.0140743	0.00741037	0.0139196	0.01761	0.015494	0.0167418	0.0136733	0.0155765	0.0238919	0.0227037	0.0154516	0.00963528	0.010192	0.0121205	-0.015222	-0.0770007	-0.143115	-0.215392	-0.316875	-0.440465	-0.560415	-0.636768	-0.609049	-0.444169	-0.164108	0.195369	0.602055	1.00042	1.32018	1.51176	1.54473	1.39246	1.05126	0.563124	0	
0	0.000916958	-0.00784525	-0.00258963	-0.00610391	-0.00144931	0.00553814	-0.00467011	-0.0112518	-0.0111983	-0.00445461	-0.00930225	-0.0131786	-0.0174434	-0.0158821	-0.0134515	-0.015253	-0.0171736	-0.0299049	-0.0310662	-0.0192585	-0.0124784	-0.0271298	-0.052559	-0.0634893	-0.0575614	-0.0353122	-0.0210265	-0.0426213	-0.0870539	-0.138766	-0.195225	-0.275233	-0.349508	-0.399522	-0.403412	-0.353451	-0.213251	0.0158218	0.30496	0.597235	0.863338	1.07337	1.20465	1.22298	1.12268	0.909548	0.617792	0.272984	-0.0712932	-0.378762	-0.595494	-0.70021	-0.699165	-0.611992	-0.484136	-0.348869	-0.232991	-0.138886	-0.0799527	-0.040963	-0.00826068	0.00384287	0.0113008	0.014436	0.00780679	0.00971826	0.0197858	0.0217809	0.0157298	0.0143014	0.019341	0.0237223	0.0236557	0.0201299	0.0173746	0.0164961	0.0163679	0.00824932	-0.0272312	-0.088948	-0.15632	-0.234369	-0.34356	-0.479262	-0.611761	-0.688526	-0.644221	-0.452857	-0.145782	0.235704	0.657882	1.06635	1.39255	1.58657	1.61451	1.44678	1.0836	0.57612	0	
0	-0.000945456	-0.00676713	-0.00467782	-0.00237761	-0.00492582	-0.00777616	-0.0086295	-0.00880726	-0.00445461	0.00328668	-0.00856149	-0.019734	-0.0155762	-0.0104217	-0.0146347	-0.0244429	-0.0297964	-0.0309294	-0.0276714	-0.0233685	-0.0281836	-0.0421807	-0.0639418	-0.0711598	-0.0559417	-0.031739	-0.0281579	-0.0660668	-0.129561	-0.197505	-0.262828	-0.329172	-0.378872	-0.398346	-0.378853	-0.307197	-0.150242	0.0917813	0.386201	0.677889	0.940577	1.15089	1.27865	1.28847	1.16626	0.926851	0.614462	0.258467	-0.0878844	-0.393845	-0.615872	-0.728818	-0.734795	-0.658154	-0.528993	-0.387379	-0.263154	-0.154507	-0.0834366	-0.0375279	-0.0104487	-0.00271844	0.00620841	0.00864688	0.0133286	0.0214014	0.0218478	0.021053	0.0139933	0.0143241	0.0288954	0.0298617	0.0196294	0.0184826	0.0234349	0.0261143	0.0192971	-0.00230589	-0.0395973	-0.093951	-0.164236	-0.253728	-0.373713	-0.520474	-0.65775	-0.72321	-0.656704	-0.44226	-0.11484	0.279615	0.702764	1.10535	1.42818	1.62181	1.645	1.46508	1.0884	0.574544	0	
0	0.00301477	0.00334613	0.00397055	0.00158223	-0.010641	-0.0145576	-0.00823015	-0.0108346	-0.00930225	-0.00856149	-0.0202188	-0.0220935	-0.00715739	-0.00374147	-0.0173911	-0.0279572	-0.0275201	-0.0204494	-0.0173424	-0.0293082	-0.0423195	-0.0517257	-0.0676163	-0.0674235	-0.0503538	-0.0335349	-0.0486819	-0.101081	-0.179234	-0.261419	-0.32663	-0.373603	-0.389895	-0.380123	-0.331817	-0.236079	-0.0622001	0.187377	0.476828	0.764507	1.01905	1.22424	1.34372	1.33506	1.19156	0.92675	0.595426	0.237236	-0.112161	-0.41253	-0.635495	-0.756034	-0.765656	-0.689375	-0.560452	-0.412043	-0.279471	-0.17325	-0.0996059	-0.0502358	-0.0188697	-0.00364608	0.00620005	0.0156318	0.024431	0.0208113	0.0162272	0.0197473	0.016631	0.0242241	0.0370633	0.025483	0.0150625	0.0245958	0.0337339	0.0325176	0.0151007	-0.0149037	-0.0458708	-0.0925293	-0.171218	-0.276404	-0.4086	-0.562513	-0.693546	-0.736777	-0.645619	-0.412705	-0.0720524	0.324572	0.733237	1.11517	1.42564	1.6148	1.63274	1.44583	1.06724	0.560696	0	
0	0.00508906	-0.00338413	-0.00579686	-0.00500311	-0.00781554	-0.00510454	0.000860415	-0.00592074	-0.0131786	-0.019734	-0.0220935	-0.0136123	-0.0110066	-0.0186806	-0.0325452	-0.0343837	-0.0288681	-0.0180008	-0.0206329	-0.0453102	-0.056476	-0.0579116	-0.0619509	-0.0557243	-0.0433063	-0.0438225	-0.0783596	-0.14117	-0.230153	-0.318865	-0.37716	-0.395636	-0.380281	-0.338738	-0.263194	-0.141349	0.0438858	0.289312	0.566898	0.839491	1.08419	1.27371	1.3769	1.3471	1.18108	0.901849	0.563512	0.211448	-0.126033	-0.415614	-0.63765	-0.760352	-0.782577	-0.715714	-0.590798	-0.444515	-0.308533	-0.1952	-0.11188	-0.0612826	-0.0238558	0.00181027	0.0133734	0.0199431	0.0211706	0.0157825	0.015719	0.0235607	0.0287992	0.0325714	0.0295189	0.0197823	0.0236807	0.0357451	0.0390684	0.0317025	0.0076943	-0.0217635	-0.0440748	-0.0897476	-0.181707	-0.303689	-0.447337	-0.601068	-0.713549	-0.727257	-0.612422	-0.366005	-0.0199886	0.366425	0.746222	1.09572	1.38541	1.56396	1.57526	1.38872	1.02243	0.537017	0	
0	-0.00615817	-0.0163713	-0.00800456	-0.00521498	-0.00465137	0.00155438	-0.00279484	-0.0122416	-0.0174434	-0.0155762	-0.00715739	-0.0110066	-0.0242786	-0.0294782	-0.0328986	-0.0341495	-0.027754	-0.0212269	-0.0359165	-0.0633376	-0.0701602	-0.0617194	-0.056043	-0.0495193	-0.052097	-0.0758244	-0.126471	-0.19628	-0.290294	-0.376334	-0.417639	-0.404585	-0.357422	-0.284952	-0.178999	-0.0334354	0.1582	0.391732	0.651259	0.908455	1.13682	1.30892	1.38745	1.33711	1.15357	0.867042	0.531834	0.190878	-0.132115	-0.410888	-0.630715	-0.761709	-0.794133	-0.739991	-0.623922	-0.476877	-0.338748	-0.217488	-0.12188	-0.0613905	-0.0184569	0.00248454	0.0099118	0.0148505	0.0150143	0.0188648	0.0256974	0.033539	0.0347921	0.0246807	0.0212875	0.0302928	0.0381907	0.0398809	0.0380148	0.0274297	0.00333572	-0.0188521	-0.0377907	-0.0914862	-0.197975	-0.335158	-0.486527	-0.629546	-0.713195	-0.695609	-0.560488	-0.305555	0.0365755	0.399919	0.739804	1.04887	1.30944	1.46921	1.47224	1.29508	0.956342	0.505191	0	
0	0.00167187	0.000170763	8.64414e-05	-0.0034473	-0.00717271	-0.0153361	-0.0190512	-0.0150256	-0.0158821	-0.0104217	-0.00374147	-0.0186806	-0.0294782	-0.0242345	-0.0266442	-0.02716	-0.0240447	-0.0317081	-0.0525336	-0.074768	-0.0739123	-0.0603998	-0.0491117	-0.0529033	-0.0778641	-0.125266	-0.186065	-0.260678	-0.350602	-0.423814	-0.439138	-0.395433	-0.317519	-0.213009	-0.0772692	0.0887773	0.277988	0.495009	0.732828	0.97172	1.18103	1.32672	1.37979	1.30689	1.1135	0.828023	0.501244	0.175297	-0.133458	-0.405427	-0.624145	-0.763961	-0.810051	-0.761841	-0.650807	-0.502244	-0.353517	-0.228887	-0.131103	-0.0687224	-0.0278445	-0.00433938	0.00585003	0.0138981	0.0239102	0.0312417	0.0295137	0.0313751	0.0304173	0.0218135	0.0302161	0.0443148	0.0427152	0.0391611	0.0359901	0.0232561	0.0068798	-0.00728855	-0.0338175	-0.101419	-0.219827	-0.368459	-0.5198	-0.640798	-0.691063	-0.645635	-0.494425	-0.236604	0.0907689	0.41978	0.713671	0.977658	1.20062	1.33282	1.32666	1.16811	0.870756	0.465499	0	
0	0.00435142	0.00206179	-0.000732486	-0.00436747	-0.00900047	-0.0142412	-0.0160419	-0.0126589	-0.0134515	-0.0146347	-0.0173911	-0.0325452	-0.0328986	-0.0266442	-0.0264445	-0.022885	-0.0324276	-0.0498794	-0.0635167	-0.0719008	-0.065949	-0.0510201	-0.0418618	-0.0640812	-0.114362	-0.177349	-0.245566	-0.317442	-0.395382	-0.442174	-0.429967	-0.356416	-0.24999	-0.112723	0.048967	0.226377	0.405549	0.599992	0.813245	1.02803	1.20917	1.32198	1.3423	1.25124	1.05085	0.776183	0.463057	0.157487	-0.13466	-0.394463	-0.609589	-0.754735	-0.809317	-0.773734	-0.668503	-0.524366	-0.376173	-0.247964	-0.146036	-0.0791732	-0.0356993	-0.00631415	0.0106968	0.0209902	0.0284919	0.0325683	0.0295108	0.029002	0.0297594	0.029986	0.0415258	0.0494643	0.0441333	0.0388661	0.0315563	0.0244519	0.0219344	0.00558032	-0.0389556	-0.119257	-0.244799	-0.398448	-0.538705	-0.630261	-0.649967	-0.582757	-0.419714	-0.166582	0.134572	0.422004	0.668861	0.885181	1.06261	1.16016	1.14526	1.01275	0.766619	0.416786	0	
0	-0.00160121	-0.00416191	-0.00485842	-0.00708169	-0.00918225	-0.0112278	-0.00899814	-0.00656596	-0.015253	-0.0244429	-0.0279572	-0.0343837	-0.0341495	-0.02716	-0.022885	-0.0305423	-0.0543896	-0.0684667	-0.0659	-0.0647624	-0.0601897	-0.0490542	-0.0522325	-0.0991978	-0.167473	-0.240542	-0.308942	-0.372741	-0.424951	-0.439582	-0.399233	-0.299344	-0.164351	0.00334919	0.183011	0.362064	0.524479	0.695032	0.880657	1.06719	1.213	1.29021	1.28005	1.17686	0.9815	0.72308	0.433063	0.146764	-0.126673	-0.376737	-0.589009	-0.740129	-0.805603	-0.781116	-0.686814	-0.546462	-0.398961	-0.270344	-0.161067	-0.0874626	-0.0383546	-0.00333839	0.0142948	0.0254805	0.0314463	0.0306586	0.026413	0.0289428	0.0380442	0.0425885	0.0471548	0.0502272	0.0442558	0.0352036	0.0319043	0.0397104	0.0409235	0.00817299	-0.0536472	-0.140581	-0.268533	-0.41714	-0.535936	-0.598711	-0.595839	-0.512604	-0.343197	-0.104853	0.160611	0.404689	0.606811	0.773802	0.900212	0.960107	0.938177	0.835217	0.644473	0.357226	0	
0	-0.00700191	-0.00988109	-0.013367	-0.0135895	-0.00744732	-0.00598843	-0.00808819	-0.00727432	-0.0171736	-0.0297964	-0.0275201	-0.0288681	-0.027754	-0.0240447	-0.0324276	-0.0543896	-0.0770151	-0.0759961	-0.063601	-0.0616584	-0.0614662	-0.0617733	-0.0884581	-0.154564	-0.233286	-0.307357	-0.371563	-0.415509	-0.432651	-0.413785	-0.346629	-0.223488	-0.0586244	0.130693	0.3199	0.488713	0.632892	0.776495	0.932718	1.08294	1.19003	1.22969	1.19686	1.08949	0.909431	0.676156	0.411246	0.148668	-0.109783	-0.35058	-0.563452	-0.722633	-0.802511	-0.791623	-0.705895	-0.572751	-0.420751	-0.286243	-0.173715	-0.0912767	-0.0367475	-0.00019598	0.0174017	0.0236757	0.0258274	0.0294011	0.0313019	0.0365801	0.0485747	0.05104	0.0480317	0.0471698	0.0405927	0.0373946	0.0486069	0.0610722	0.0478924	-0.00141157	-0.0710372	-0.160697	-0.28433	-0.415547	-0.509633	-0.552259	-0.535086	-0.440941	-0.273878	-0.0611698	0.16411	0.367744	0.528187	0.645268	0.720052	0.744514	0.717505	0.642576	0.505597	0.285736	0	
0	-0.00481415	-0.00749532	-0.0102695	-0.0107283	-0.00721632	-0.0103997	-0.0161634	-0.0196802	-0.0299049	-0.0309294	-0.0204494	-0.0180008	-0.0212269	-0.0317081	-0.0498794	-0.0684667	-0.0759961	-0.0661026	-0.0560655	-0.0564755	-0.0663445	-0.0930399	-0.142349	-0.221162	-0.299272	-0.37198	-0.421904	-0.435822	-0.41492	-0.363613	-0.273758	-0.124055	0.0635804	0.268734	0.452942	0.60976	0.732315	0.8511	0.972362	1.0825	1.14782	1.15578	1.10565	1.00531	0.843533	0.638324	0.398144	0.152312	-0.0912917	-0.328696	-0.541788	-0.708251	-0.799582	-0.801043	-0.722883	-0.591948	-0.439309	-0.297665	-0.177153	-0.0920295	-0.0390824	-0.00453665	0.0123745	0.0202073	0.0256766	0.0340293	0.0416327	0.0487888	0.056532	0.0506707	0.0411332	0.042404	0.0469706	0.0573899	0.071027	0.0688452	0.0404314	-0.0135413	-0.0858257	-0.174614	-0.282273	-0.388891	-0.465597	-0.498859	-0.473035	-0.375285	-0.222433	-0.0429312	0.143708	0.311502	0.432478	0.501919	0.53098	0.526596	0.495346	0.442486	0.353533	0.203508	0	
0	-0.00079455	0.00715886	0.0044842	-0.0020172	-0.00720287	-0.0217552	-0.0345583	-0.0336033	-0.0310662	-0.0276714	-0.0173424	-0.0206329	-0.0359165	-0.0525336	-0.0635167	-0.0659	-0.063601	-0.0560655	-0.0496916	-0.0548681	-0.0894709	-0.141983	-0.207483	-0.283398	-0.358544	-0.419871	-0.444471	-0.421707	-0.36412	-0.2858	-0.170364	0.000769143	0.206523	0.410237	0.584909	0.721745	0.8254	0.91254	0.994263	1.05861	1.08336	1.06513	1.00853	0.918756	0.783548	0.603108	0.38722	0.157175	-0.078273	-0.309836	-0.52428	-0.696098	-0.794317	-0.802037	-0.72952	-0.600772	-0.446022	-0.307413	-0.189481	-0.101242	-0.0476928	-0.0122112	0.00828334	0.0217722	0.0354408	0.0489869	0.0540821	0.0512622	0.0498255	0.0433342	0.0402037	0.0529073	0.0689132	0.0793203	0.0788894	0.0623299	0.0305609	-0.0227145	-0.0950338	-0.172008	-0.254432	-0.342078	-0.413789	-0.444443	-0.415618	-0.326065	-0.198328	-0.052954	0.10021	0.235329	0.319108	0.348268	0.343383	0.318547	0.28218	0.24344	0.195326	0.11497	0	
0	0.00464446	0.00660922	-0.00180908	-0.00956261	-0.0139134	-0.0228615	-0.0254538	-0.0185359	-0.0192585	-0.0233685	-0.0293082	-0.0453102	-0.0633376	-0.074768	-0.0719008	-0.0647624	-0.0616584	-0.0564755	-0.0548681	-0.0798104	-0.138605	-0.209454	-0.272099	-0.342095	-0.40511	-0.443991	-0.432613	-0.37365	-0.285438	-0.180298	-0.0411901	0.147327	0.354994	0.548996	0.70383	0.822895	0.899786	0.951996	0.985672	1.00293	0.992044	0.955555	0.90076	0.829706	0.719518	0.569346	0.375088	0.162299	-0.0592721	-0.285161	-0.495568	-0.669646	-0.777089	-0.796413	-0.732593	-0.613882	-0.464664	-0.323099	-0.204642	-0.116012	-0.0571092	-0.0122325	0.0182465	0.0371033	0.0483536	0.0535811	0.0503128	0.0426349	0.0441302	0.048301	0.0556673	0.0743593	0.0882701	0.0867054	0.0741009	0.053847	0.0233046	-0.0270383	-0.0880318	-0.142314	-0.204453	-0.287014	-0.361581	-0.393763	-0.372449	-0.304319	-0.206028	-0.0899617	0.0341116	0.137858	0.189753	0.19166	0.167297	0.129417	0.0862823	0.0551757	0.041715	0.0276086	0	
0	-0.0143874	-0.0150282	-0.0202682	-0.0224595	-0.0175129	-0.014028	-0.0106366	-0.00739895	-0.0124784	-0.0281836	-0.0423195	-0.056476	-0.0701602	-0.0739123	-0.065949	-0.0601897	-0.0614662	-0.0663445	-0.0894709	-0.138605	-0.217424	-0.287521	-0.346194	-0.403569	-0.445741	-0.448999	-0.400876	-0.311278	-0.196225	-0.0641971	0.0952379	0.288693	0.486964	0.661359	0.798022	0.893778	0.94374	0.952803	0.940518	0.916798	0.881786	0.843099	0.800852	0.755323	0.676597	0.551811	0.381919	0.181527	-0.0324408	-0.253507	-0.467095	-0.647983	-0.764066	-0.796123	-0.744189	-0.631408	-0.485828	-0.344988	-0.218896	-0.116323	-0.0476927	-0.000173891	0.0287965	0.0424131	0.0457615	0.0454611	0.0438154	0.0426057	0.0533416	0.0669858	0.0767981	0.0897455	0.094136	0.0838296	0.0672938	0.0470328	0.020918	-0.0146295	-0.0525521	-0.0885666	-0.145904	-0.232691	-0.313022	-0.355445	-0.355821	-0.316399	-0.244072	-0.151903	-0.0555808	0.0194167	0.0501771	0.0410308	0.0101106	-0.0355977	-0.085632	-0.111271	-0.0941868	-0.0494777	0	
0	-0.00983953	-0.0149867	-0.0250772	-0.0257572	-0.0174941	-0.0161004	-0.0167796	-0.016514	-0.0271298	-0.0421807	-0.0517257	-0.0579116	-0.0617194	-0.0603998	-0.0510201	-0.0490542	-0.0617733	-0.0930399	-0.141983	-0.209454	-0.287521	-0.354965	-0.403921	-0.44171	-0.448956	-0.414691	-0.335268	-0.221628	-0.0794284	0.0757156	0.246582	0.430857	0.610743	0.764169	0.880016	0.951911	0.965606	0.932383	0.875406	0.821602	0.775875	0.742797	0.721542	0.70063	0.648597	0.548036	0.392443	0.202499	-0.00710267	-0.230242	-0.446573	-0.63541	-0.764084	-0.804995	-0.758183	-0.648076	-0.495817	-0.344294	-0.214185	-0.111064	-0.0429645	0.00248552	0.0269361	0.0354245	0.0385433	0.0431193	0.0493302	0.0561887	0.0721363	0.0861639	0.090126	0.0943857	0.0918483	0.0774182	0.060511	0.0465748	0.0377864	0.0273977	0.00757368	-0.0259879	-0.0889661	-0.182664	-0.275901	-0.342786	-0.374084	-0.361103	-0.308812	-0.238836	-0.169298	-0.115059	-0.0903093	-0.0958106	-0.124648	-0.174005	-0.227194	-0.244456	-0.199561	-0.107861	0	
0	-0.00738931	-0.00311873	-0.00591227	-0.00819622	-0.0102118	-0.0186554	-0.0303759	-0.0424085	-0.052559	-0.0639418	-0.0676163	-0.0619509	-0.056043	-0.0491117	-0.0418618	-0.0522325	-0.0884581	-0.142349	-0.207483	-0.272099	-0.346194	-0.403921	-0.435437	-0.437947	-0.406441	-0.339133	-0.236087	-0.0977374	0.0680537	0.239488	0.405407	0.571579	0.727753	0.859786	0.952197	0.991191	0.965939	0.887484	0.796412	0.722505	0.676033	0.657316	0.654537	0.65716	0.6252	0.539405	0.396157	0.209486	0.00218406	-0.218673	-0.436731	-0.626213	-0.754754	-0.800284	-0.755387	-0.645271	-0.496691	-0.346761	-0.215615	-0.11131	-0.0459202	-0.00554705	0.0190199	0.0320087	0.040476	0.0522645	0.0661529	0.0752232	0.0881176	0.0979603	0.0951734	0.0909338	0.0833795	0.0703322	0.0634807	0.0694364	0.0854043	0.0930033	0.0757661	0.0347268	-0.0367989	-0.144262	-0.26442	-0.365931	-0.426553	-0.433447	-0.399112	-0.351642	-0.302976	-0.255602	-0.222011	-0.214488	-0.236356	-0.283687	-0.331729	-0.334502	-0.265064	-0.142039	0	
0	0.00413696	0.0104668	0.00413926	-0.00283658	-0.00976202	-0.0254488	-0.0418309	-0.0526494	-0.0634893	-0.0711598	-0.0674235	-0.0557243	-0.0495193	-0.0529033	-0.0640812	-0.0991978	-0.154564	-0.221162	-0.283398	-0.342095	-0.403569	-0.44171	-0.437947	-0.399441	-0.33258	-0.239828	-0.112367	0.0486475	0.232561	0.402838	0.55367	0.693501	0.826776	0.933037	0.994383	0.993854	0.924175	0.80907	0.691718	0.611807	0.573478	0.571612	0.591355	0.612617	0.600501	0.530074	0.397435	0.219724	0.0179804	-0.200486	-0.415297	-0.606535	-0.740785	-0.789737	-0.750769	-0.645682	-0.497805	-0.349718	-0.223425	-0.122889	-0.0562898	-0.0106054	0.0190464	0.0380752	0.0542868	0.0697388	0.0833	0.0908279	0.0992487	0.101064	0.0888773	0.0795052	0.0766255	0.0785487	0.0940716	0.123193	0.154389	0.165166	0.141894	0.0905337	0.00295274	-0.132628	-0.290038	-0.42458	-0.50719	-0.531181	-0.51607	-0.487152	-0.446362	-0.390534	-0.338443	-0.313978	-0.324597	-0.36103	-0.393018	-0.375617	-0.287316	-0.150819	0	
0	-0.0020029	0.00319373	-0.00262338	-0.00970692	-0.0187342	-0.0331579	-0.0475351	-0.0573412	-0.0575614	-0.0559417	-0.0503538	-0.0433063	-0.052097	-0.0778641	-0.114362	-0.167473	-0.233286	-0.299272	-0.358544	-0.40511	-0.445741	-0.448956	-0.406441	-0.33258	-0.240003	-0.122737	0.0273336	0.206131	0.390858	0.548358	0.674691	0.790558	0.89773	0.974261	0.997279	0.953475	0.847115	0.704785	0.579862	0.504544	0.483609	0.503155	0.542459	0.583513	0.586187	0.528477	0.406082	0.233742	0.0362865	-0.177946	-0.393225	-0.584876	-0.72177	-0.779738	-0.747402	-0.649802	-0.509887	-0.363482	-0.235398	-0.129517	-0.0578193	-0.00829182	0.0287898	0.0538367	0.0714598	0.0878806	0.100305	0.0993789	0.095554	0.0895918	0.0770345	0.0762606	0.0918952	0.11737	0.153746	0.195056	0.228695	0.23548	0.202589	0.132276	0.013981	-0.15979	-0.352342	-0.511802	-0.612894	-0.655563	-0.657271	-0.63503	-0.586215	-0.511258	-0.437348	-0.393955	-0.386581	-0.400989	-0.407354	-0.368092	-0.269721	-0.137332	0	
0	-0.00752656	-0.0109241	-0.0234916	-0.0344903	-0.0419603	-0.0489106	-0.0501267	-0.0437091	-0.0353122	-0.031739	-0.0335349	-0.0438225	-0.0758244	-0.125266	-0.177349	-0.240542	-0.307357	-0.37198	-0.419871	-0.443991	-0.448999	-0.414691	-0.339133	-0.239828	-0.122737	0.0175128	0.185478	0.365397	0.537566	0.671755	0.77495	0.864533	0.942781	0.981225	0.961751	0.879256	0.745121	0.593806	0.471961	0.413743	0.413012	0.453994	0.51283	0.568188	0.584927	0.536919	0.421862	0.254104	0.0590142	-0.156642	-0.372846	-0.570131	-0.714856	-0.778452	-0.753714	-0.659416	-0.519622	-0.372369	-0.241072	-0.131044	-0.0518634	0.00621089	0.0475185	0.0748059	0.0918022	0.0993038	0.0990323	0.0890564	0.0817739	0.0800917	0.0808765	0.10045	0.138465	0.181828	0.22801	0.271576	0.301918	0.299312	0.246067	0.142343	-0.0154281	-0.224493	-0.443625	-0.624031	-0.745102	-0.804711	-0.812254	-0.780746	-0.712187	-0.614388	-0.518165	-0.451605	-0.416769	-0.399283	-0.375814	-0.318781	-0.221337	-0.107815	0	
0	-0.0221485	-0.0346551	-0.0508942	-0.0573165	-0.0545394	-0.0487575	-0.0400537	-0.0298191	-0.0210265	-0.0281579	-0.0486819	-0.0783596	-0.126471	-0.186065	-0.245566	-0.308942	-0.371563	-0.421904	-0.444471	-0.432613	-0.400876	-0.335268	-0.236087	-0.112367	0.0273336	0.185478	0.354747	0.521373	0.67015	0.781076	0.859733	0.9207	0.961907	0.957544	0.898006	0.785519	0.640398	0.491289	0.385958	0.346529	0.367691	0.426369	0.499075	0.565408	0.589468	0.547246	0.435478	0.26887	0.0725383	-0.143418	-0.363705	-0.564142	-0.712919	-0.783011	-0.760826	-0.668713	-0.527086	-0.373085	-0.234855	-0.115655	-0.0304106	0.0282535	0.0678458	0.0869692	0.0914006	0.0902123	0.0861466	0.0763324	0.0771495	0.0932596	0.11565	0.154239	0.206326	0.258068	0.307061	0.347571	0.366655	0.341461	0.253862	0.110404	-0.0825138	-0.318456	-0.560373	-0.762931	-0.902089	-0.967809	-0.965334	-0.9125	-0.820033	-0.699313	-0.57813	-0.480672	-0.409294	-0.355478	-0.305358	-0.239683	-0.154283	-0.0697136	0	
0	-0.0212446	-0.0334166	-0.0458597	-0.0494713	-0.0458809	-0.0399913	-0.0343208	-0.0340306	-0.0426213	-0.0660668	-0.101081	-0.14117	-0.19628	-0.260678	-0.317442	-0.372741	-0.415509	-0.435822	-0.421707	-0.37365	-0.311278	-0.221628	-0.0977374	0.0486475	0.206131	0.365397	0.521373	0.664066	0.788678	0.875541	0.926477	0.951143	0.949054	0.90293	0.810874	0.684064	0.539627	0.406125	0.319512	0.301993	0.340054	0.412757	0.49441	0.566243	0.593905	0.553009	0.441546	0.272859	0.0754329	-0.144238	-0.365484	-0.567793	-0.717418	-0.78532	-0.760555	-0.661801	-0.514802	-0.35557	-0.212024	-0.0937394	-0.0125931	0.0391546	0.0679583	0.0787863	0.0788257	0.0755078	0.0767802	0.082157	0.102493	0.137237	0.17503	0.225213	0.285237	0.340085	0.384882	0.411001	0.404077	0.343831	0.218388	0.0411328	-0.17894	-0.438837	-0.7045	-0.926403	-1.07224	-1.12808	-1.10358	-1.02542	-0.909222	-0.763525	-0.610598	-0.473911	-0.361799	-0.27504	-0.207963	-0.145132	-0.0807292	-0.0298527	0	
0	-0.00569565	-0.00453889	-0.0105899	-0.0127649	-0.0137359	-0.021839	-0.0380278	-0.0596796	-0.0870539	-0.129561	-0.179234	-0.230153	-0.290294	-0.350602	-0.395382	-0.424951	-0.432651	-0.41492	-0.36412	-0.285438	-0.196225	-0.0794284	0.0680537	0.232561	0.390858	0.537566	0.67015	0.788678	0.889256	0.948512	0.964431	0.94526	0.90041	0.81864	0.709022	0.57939	0.44822	0.332311	0.266745	0.265133	0.316467	0.396496	0.482964	0.556357	0.585299	0.544792	0.433561	0.266692	0.0695234	-0.145994	-0.36427	-0.561931	-0.706317	-0.769812	-0.740512	-0.640078	-0.490568	-0.332916	-0.197106	-0.0857578	-0.0128536	0.0301506	0.0541934	0.0632749	0.0676174	0.0776426	0.0961615	0.11761	0.152776	0.201525	0.250944	0.308548	0.369914	0.417316	0.443703	0.440833	0.398464	0.302722	0.146146	-0.057914	-0.303193	-0.587684	-0.872855	-1.10148	-1.23768	-1.27185	-1.2218	-1.11907	-0.977492	-0.800215	-0.607405	-0.427509	-0.278314	-0.169071	-0.0980324	-0.0486256	-0.0104689	0.00678983	0	
0	0.00804966	0.0200412	0.0215074	0.0177277	0.0056692	-0.0166085	-0.0480848	-0.0900895	-0.138766	-0.197505	-0.261419	-0.318865	-0.376334	-0.423814	-0.442174	-0.439582	-0.413785	-0.363613	-0.2858	-0.180298	-0.0641971	0.0757156	0.239488	0.402838	0.548358	0.671755	0.781076	0.875541	0.948512	0.973099	0.945527	0.883637	0.801789	0.700876	0.586559	0.469195	0.355909	0.262427	0.215265	0.229336	0.290716	0.37822	0.468375	0.545688	0.576506	0.539184	0.431779	0.267696	0.0770226	-0.134598	-0.347061	-0.539678	-0.680959	-0.74349	-0.715715	-0.618647	-0.478732	-0.329511	-0.198939	-0.0953367	-0.0277052	0.0152196	0.0440228	0.0644002	0.0827876	0.106058	0.138746	0.175532	0.224702	0.28401	0.338694	0.393999	0.443271	0.467951	0.463143	0.425579	0.350269	0.225703	0.0429794	-0.186967	-0.457077	-0.75999	-1.05056	-1.26921	-1.38445	-1.394	-1.31971	-1.19127	-1.01782	-0.800585	-0.563806	-0.344611	-0.169404	-0.0518269	0.0108044	0.0395964	0.0503349	0.0374976	0	
0	0.00861019	0.0186099	0.0143567	0.00480898	-0.0118057	-0.0426527	-0.0869372	-0.13788	-0.195225	-0.262828	-0.32663	-0.37716	-0.417639	-0.439138	-0.429967	-0.399233	-0.346629	-0.273758	-0.170364	-0.0411901	0.0952379	0.246582	0.405407	0.55367	0.674691	0.77495	0.859733	0.926477	0.964431	0.945527	0.875698	0.776813	0.675901	0.569577	0.467681	0.368507	0.279084	0.206272	0.17752	0.205112	0.276693	0.370978	0.467645	0.548564	0.584824	0.551181	0.447269	0.288471	0.0988312	-0.110067	-0.322753	-0.518095	-0.66298	-0.72979	-0.708545	-0.61871	-0.481441	-0.337305	-0.213055	-0.1086	-0.0351053	0.0165948	0.0562367	0.0879119	0.120039	0.159508	0.207219	0.256135	0.313485	0.374314	0.421706	0.459764	0.482329	0.474687	0.437108	0.369443	0.266809	0.115916	-0.0930333	-0.346759	-0.632837	-0.938576	-1.21786	-1.41592	-1.50786	-1.49437	-1.39492	-1.23457	-1.02086	-0.759326	-0.482569	-0.235757	-0.049593	0.0627712	0.108281	0.113654	0.0991766	0.0615596	0	
0	-0.00773978	-0.0102566	-0.0242281	-0.0444556	-0.073873	-0.114496	-0.163777	-0.220259	-0.275233	-0.329172	-0.373603	-0.395636	-0.404585	-0.395433	-0.356416	-0.299344	-0.223488	-0.124055	0.000769143	0.147327	0.288693	0.430857	0.571579	0.693501	0.790558	0.864533	0.9207	0.951143	0.94526	0.883637	0.776813	0.659466	0.553395	0.460248	0.377042	0.303149	0.235702	0.183091	0.170339	0.209774	0.289879	0.390305	0.489472	0.573735	0.608558	0.574285	0.46884	0.305608	0.114677	-0.0989462	-0.315955	-0.514139	-0.662496	-0.733715	-0.71461	-0.626387	-0.493857	-0.348357	-0.216017	-0.104604	-0.0237351	0.0380447	0.0912129	0.139167	0.186304	0.238633	0.296524	0.34964	0.403004	0.450447	0.47523	0.484256	0.475487	0.437653	0.372005	0.277403	0.147851	-0.0293638	-0.26019	-0.525923	-0.810951	-1.10345	-1.36202	-1.53771	-1.6078	-1.57007	-1.43936	-1.23912	-0.981029	-0.679225	-0.37459	-0.116088	0.0665404	0.164083	0.188686	0.171796	0.136389	0.0796435	0	
0	-0.0263484	-0.0520056	-0.0900216	-0.130179	-0.171756	-0.220255	-0.271022	-0.313664	-0.349508	-0.378872	-0.389895	-0.380281	-0.357422	-0.317519	-0.24999	-0.164351	-0.0586244	0.0635804	0.206523	0.354994	0.486964	0.610743	0.727753	0.826776	0.89773	0.942781	0.961907	0.949054	0.90041	0.801789	0.675901	0.553395	0.460091	0.384685	0.325656	0.272095	0.222834	0.184241	0.181403	0.228582	0.312377	0.413961	0.514023	0.594736	0.627415	0.588219	0.476955	0.310988	0.113496	-0.104487	-0.325148	-0.527999	-0.678287	-0.747057	-0.726243	-0.634213	-0.491637	-0.339599	-0.203026	-0.0823992	0.0123441	0.0904164	0.158246	0.218592	0.276989	0.335224	0.38993	0.432094	0.466961	0.48819	0.48369	0.464222	0.42742	0.361777	0.268599	0.146678	-0.00820099	-0.204524	-0.443038	-0.702986	-0.971989	-1.24349	-1.48017	-1.6343	-1.68047	-1.61211	-1.44269	-1.19934	-0.901482	-0.571814	-0.255817	-0.00100389	0.167736	0.246192	0.250629	0.215296	0.163993	0.0931079	0	
0	-0.061688	-0.113132	-0.170629	-0.225315	-0.275743	-0.322498	-0.361397	-0.389125	-0.399522	-0.398346	-0.380123	-0.338738	-0.284952	-0.213009	-0.112723	0.00334919	0.130693	0.268734	0.410237	0.548996	0.661359	0.764169	0.859786	0.933037	0.974261	0.981225	0.957544	0.90293	0.81864	0.700876	0.569577	0.460248	0.384685	0.333482	0.29394	0.258031	0.221251	0.191346	0.196395	0.247055	0.332827	0.434221	0.530135	0.608155	0.632624	0.586382	0.46888	0.295136	0.0946711	-0.126189	-0.348517	-0.547905	-0.692363	-0.755799	-0.725697	-0.624098	-0.475897	-0.313178	-0.159646	-0.0230861	0.0847448	0.173667	0.251485	0.317738	0.372927	0.421233	0.460183	0.479325	0.487428	0.481588	0.450215	0.403403	0.33837	0.2444	0.124018	-0.0211195	-0.190769	-0.390098	-0.619022	-0.860093	-1.10711	-1.35696	-1.57153	-1.70055	-1.71576	-1.60983	-1.39977	-1.11921	-0.79466	-0.453923	-0.142444	0.0976155	0.247734	0.307726	0.295842	0.247085	0.184637	0.103453	0	
0	-0.0808119	-0.156258	-0.233872	-0.298883	-0.347844	-0.387561	-0.412004	-0.414223	-0.403412	-0.378853	-0.331817	-0.263194	-0.178999	-0.0772692	0.048967	0.183011	0.3199	0.452942	0.584909	0.70383	0.798022	0.880016	0.952197	0.994383	0.997279	0.961751	0.898006	0.810874	0.709022	0.586559	0.467681	0.377042	0.325656	0.29394	0.271083	0.246485	0.216069	0.19245	0.19999	0.253956	0.339418	0.438325	0.532549	0.604219	0.623757	0.571568	0.447557	0.27271	0.0698366	-0.151324	-0.369774	-0.564796	-0.701444	-0.750104	-0.705897	-0.588735	-0.419862	-0.241577	-0.0778815	0.0668441	0.18183	0.275799	0.350092	0.405344	0.446584	0.475115	0.488346	0.4825	0.466564	0.433234	0.373123	0.298481	0.205166	0.0847442	-0.0553344	-0.209722	-0.377017	-0.563933	-0.773041	-0.990983	-1.21535	-1.44205	-1.6292	-1.72515	-1.70293	-1.55891	-1.3158	-1.01237	-0.678319	-0.342411	-0.0468117	0.173248	0.30511	0.350595	0.327702	0.270558	0.200857	0.111989	0	
0	-0.0905304	-0.165637	-0.239446	-0.300416	-0.344643	-0.37507	-0.389406	-0.3829	-0.353451	-0.307197	-0.236079	-0.141349	-0.0334354	0.0887773	0.226377	0.362064	0.488713	0.60976	0.721745	0.822895	0.893778	0.951911	0.991191	0.993854	0.953475	0.879256	0.785519	0.684064	0.57939	0.469195	0.368507	0.303149	0.272095	0.258031	0.246485	0.228481	0.203319	0.18179	0.194442	0.250088	0.336242	0.43505	0.524984	0.594304	0.607008	0.549077	0.422443	0.245723	0.0456453	-0.168766	-0.378879	-0.559344	-0.676335	-0.706778	-0.642593	-0.507602	-0.329202	-0.143702	0.0269932	0.173983	0.283965	0.365346	0.424401	0.462034	0.480079	0.485196	0.476094	0.444386	0.399693	0.337474	0.249349	0.147621	0.0308655	-0.104037	-0.247421	-0.394831	-0.547221	-0.714581	-0.901178	-1.09471	-1.29319	-1.48984	-1.64087	-1.69777	-1.63909	-1.4663	-1.20589	-0.897511	-0.569804	-0.249819	0.0245057	0.224523	0.341909	0.378395	0.349957	0.288788	0.214693	0.119691	0	
0	-0.0672226	-0.127312	-0.188981	-0.236612	-0.265918	-0.28545	-0.2846	-0.256655	-0.213251	-0.150242	-0.0622001	0.0438858	0.1582	0.277988	0.405549	0.524479	0.632892	0.732315	0.8254	0.899786	0.94374	0.965606	0.965939	0.924175	0.847115	0.745121	0.640398	0.539627	0.44822	0.355909	0.279084	0.235702	0.222834	0.221251	0.216069	0.203319	0.17857	0.161997	0.17746	0.237682	0.326598	0.425398	0.517461	0.584976	0.596598	0.539303	0.413541	0.243921	0.0526983	-0.152186	-0.348102	-0.513209	-0.615082	-0.626508	-0.54762	-0.402776	-0.21605	-0.0306072	0.132444	0.26495	0.357539	0.423015	0.462194	0.476734	0.473595	0.454611	0.415356	0.354818	0.283693	0.193008	0.0794801	-0.0387573	-0.163144	-0.296553	-0.429766	-0.560739	-0.69352	-0.839676	-1.00152	-1.16529	-1.32961	-1.48743	-1.59728	-1.61762	-1.53338	-1.34874	-1.08966	-0.792287	-0.481562	-0.182494	0.0703649	0.253699	0.361917	0.39505	0.365916	0.304162	0.22758	0.127193	0	
0	-0.0413278	-0.0707441	-0.101063	-0.120666	-0.12426	-0.116129	-0.0929686	-0.0473491	0.0158218	0.0917813	0.187377	0.289312	0.391732	0.495009	0.599992	0.695032	0.776495	0.8511	0.91254	0.951996	0.952803	0.932383	0.887484	0.80907	0.704785	0.593806	0.491289	0.406125	0.332311	0.262427	0.206272	0.183091	0.184241	0.191346	0.19245	0.18179	0.161997	0.149834	0.174098	0.242218	0.336891	0.442484	0.537351	0.60859	0.621151	0.564835	0.443106	0.279942	0.0956214	-0.0985454	-0.284139	-0.437588	-0.524141	-0.524589	-0.438711	-0.291707	-0.112424	0.0600229	0.208238	0.324479	0.399581	0.442813	0.458075	0.448545	0.416619	0.368251	0.302377	0.21507	0.117812	0.0074812	-0.114964	-0.233945	-0.35319	-0.474557	-0.590727	-0.702384	-0.813987	-0.935275	-1.06505	-1.18971	-1.31185	-1.42763	-1.50053	-1.4965	-1.4043	-1.22662	-0.984788	-0.708753	-0.419416	-0.141131	0.0933454	0.264797	0.369216	0.403964	0.378083	0.318309	0.240399	0.134837	0	
0	-0.00243652	0.0052256	0.0109537	0.028504	0.0624665	0.10144	0.155927	0.229071	0.30496	0.386201	0.476828	0.566898	0.651259	0.732828	0.813245	0.880657	0.932718	0.972362	0.994263	0.985672	0.940518	0.875406	0.796412	0.691718	0.579862	0.471961	0.385958	0.319512	0.266745	0.215265	0.17752	0.170339	0.181403	0.196395	0.19999	0.194442	0.17746	0.174098	0.208116	0.285548	0.389447	0.499842	0.600545	0.673524	0.685431	0.629598	0.508314	0.3479	0.168151	-0.0231765	-0.204954	-0.352377	-0.435496	-0.431999	-0.346176	-0.204615	-0.0344744	0.123164	0.254226	0.347648	0.39566	0.41349	0.401568	0.362408	0.303909	0.229957	0.137007	0.0301527	-0.0759603	-0.189884	-0.309726	-0.41915	-0.524843	-0.629873	-0.72727	-0.816765	-0.901348	-0.989162	-1.07745	-1.15639	-1.23579	-1.31615	-1.36542	-1.35472	-1.2728	-1.1173	-0.902625	-0.651949	-0.383388	-0.122699	0.0977414	0.262084	0.367308	0.40766	0.38812	0.332201	0.25359	0.142749	0	
0	0.0461889	0.0984761	0.149426	0.208839	0.279268	0.351918	0.429043	0.515181	0.597235	0.677889	0.764507	0.839491	0.908455	0.97172	1.02803	1.06719	1.08294	1.0825	1.05861	1.00293	0.916798	0.821602	0.722505	0.611807	0.504544	0.413743	0.346529	0.301993	0.265133	0.229336	0.205112	0.209774	0.228582	0.247055	0.253956	0.250088	0.237682	0.242218	0.285548	0.373048	0.481893	0.597107	0.698378	0.76877	0.775268	0.713089	0.585681	0.423492	0.239255	0.0459024	-0.136246	-0.284617	-0.364991	-0.360186	-0.278128	-0.145323	0.00895098	0.145545	0.25075	0.315314	0.336995	0.326805	0.28564	0.220599	0.137898	0.0445861	-0.0581551	-0.167208	-0.272706	-0.381675	-0.488911	-0.583042	-0.673639	-0.759914	-0.833001	-0.892331	-0.940893	-0.987134	-1.02957	-1.06513	-1.1113	-1.17094	-1.21385	-1.21344	-1.15558	-1.0311	-0.847203	-0.621054	-0.369846	-0.122575	0.0879873	0.249182	0.358768	0.407771	0.396975	0.346302	0.267274	0.150897	0	
0	0.0948718	0.198493	0.296072	0.394297	0.496522	0.589981	0.682699	0.778827	0.863338	0.940577	1.01905	1.08419	1.13682	1.18103	1.20917	1.213	1.19003	1.14782	1.08336	0.992044	0.881786	0.775875	0.676033	0.573478	0.483609	0.413012	0.367691	0.340054	0.316467	0.290716	0.276693	0.289879	0.312377	0.332827	0.339418	0.336242	0.326598	0.336891	0.389447	0.481893	0.594992	0.7093	0.807742	0.870765	0.866601	0.792771	0.656745	0.485938	0.294885	0.0961343	-0.092566	-0.242751	-0.324985	-0.324481	-0.251595	-0.132473	0.000804589	0.109513	0.188037	0.224733	0.21668	0.179645	0.116208	0.0342406	-0.0572812	-0.15341	-0.25728	-0.361912	-0.456951	-0.553577	-0.64626	-0.723549	-0.79363	-0.852949	-0.892842	-0.913555	-0.920177	-0.923851	-0.925927	-0.930201	-0.959391	-1.01515	-1.0668	-1.08835	-1.06165	-0.970865	-0.816774	-0.611753	-0.37374	-0.136153	0.0677729	0.228746	0.345264	0.405195	0.405061	0.360709	0.281339	0.159137	0	
