0	0	0	0	0	0	0	0	0	0	0	0	0	0	0	0	0	0	0	0	0	0	0	0	0	0	0	0	0	0	0	0	0	0	0	0	0	0	0	0	0	0	0	0	0	0	0	0	0	0	0	0	0	0	0	0	0	0	0	0	0	0	0	0	0	0	0	0	0	0	0	0	0	0	0	0	0	0	0	0	0	0	0	0	0	0	0	0	0	0	0	0	0	0	0	0	0	0	0	0	
0	-0.000662938	-0.000301836	-0.00162832	-0.000935884	-0.00210201	-0.00207599	-0.00301786	-0.00470343	-0.00637695	-0.0107556	-0.0148903	-0.0213065	-0.0279466	-0.0332824	-0.035977	-0.0344989	-0.0245134	-0.00875956	0.0116289	0.0372646	0.0549883	0.0675406	0.0697325	0.0602582	0.046179	0.0295913	0.0129796	-0.00216148	-0.0174065	-0.0303406	-0.0350687	-0.034582	-0.0249031	-0.0115204	0.00111025	0.00495635	0.00589458	0.00302882	-0.00042925	-0.00505171	-0.00891505	-0.00903623	-0.00114714	0.00407772	0.00312974	-0.000234774	-0.0036069	-0.005241	-0.00112638	0.00077787	0.000787304	-0.000173376	-0.00168384	-0.00338494	-0.00288417	0.00150609	0.00107669	-0.00165075	-0.00487047	0.000209378	0.00292384	-0.000517756	-0.00235107	0.000779402	0.00310119	0.000828586	0.00263212	0.00515658	0.0081775	0.0130572	0.0178234	0.0238017	0.0314201	0.0362821	0.0342106	0.0262201	0.0162849	-0.000495852	-0.0298606	-0.0533684	-0.0636445	-0.0687841	-0.0652344	-0.0556868	-0.0402298	-0.0204051	-0.00451341	0.0116287	0.0257018	0.0300098	0.0296033	0.0266374	0.0175601	0.00658448	-0.00210204	-0.0110838	-0.0147814	-0.00834579	0	
0	-0.000301836	0.0018061	-0.00060433	0.00131458	-0.000930495	-0.00270503	-0.00412426	-0.0104179	-0.0145435	-0.0236332	-0.0337048	-0.0452484	-0.057276	-0.0680847	-0.0718773	-0.0675102	-0.0509626	-0.018957	0.0215839	0.0685928	0.107222	0.13477	0.137412	0.121858	0.0936789	0.0586686	0.0229237	-0.00518451	-0.034867	-0.0580778	-0.0721188	-0.070096	-0.04929	-0.0224482	-0.0022569	0.00828539	0.0125067	0.00614338	-0.00382862	-0.0119811	-0.0184629	-0.0189319	-0.00488679	0.00590715	0.00407269	-0.00146662	-0.00966943	-0.010988	-0.0044669	0.00132539	0.00053877	-0.000169384	-0.00243626	-0.00652675	-0.00327241	0.00310249	0.00461051	-0.00256299	-0.00846249	0.000916345	0.00457207	-0.00146766	-0.00642177	-4.40305e-06	0.004181	0.00098969	0.00482737	0.0112319	0.018075	0.0268812	0.0383652	0.047676	0.061738	0.0722216	0.064842	0.0514198	0.0331875	-0.0019682	-0.0563351	-0.103221	-0.127464	-0.137309	-0.131776	-0.113954	-0.0808596	-0.0396676	-0.00715465	0.023053	0.0484617	0.0595747	0.0608715	0.0521474	0.0335825	0.0149818	-0.0022413	-0.0227951	-0.0305517	-0.0166521	0	
0	-0.00162832	-0.00060433	-0.00413317	-0.00244919	-0.00572256	-0.00643248	-0.00918604	-0.0149789	-0.0205438	-0.0331308	-0.0466928	-0.0646805	-0.0847517	-0.10048	-0.108484	-0.103786	-0.0757513	-0.0289905	0.0318118	0.105802	0.160906	0.199036	0.205497	0.17942	0.137906	0.0874646	0.0374454	-0.00690234	-0.052236	-0.0902927	-0.106931	-0.104898	-0.076883	-0.0372548	-0.00161323	0.0120524	0.0151745	0.00745822	-0.00333942	-0.0164912	-0.0277924	-0.0279549	-0.00617527	0.00890807	0.00760125	-0.00182917	-0.0120015	-0.0160906	-0.00510861	0.00096579	0.00102924	-0.000888408	-0.00522863	-0.0103236	-0.0081051	0.00308793	0.00337048	-0.00518907	-0.0134839	1.36426e-05	0.00691358	-0.00151435	-0.00696077	0.0017179	0.00783384	0.00250465	0.00817585	0.015764	0.0245242	0.038878	0.0540431	0.071118	0.0929361	0.107283	0.101246	0.0792175	0.0493757	-0.00195412	-0.0861587	-0.155824	-0.189617	-0.205123	-0.195894	-0.168139	-0.120983	-0.062029	-0.0143699	0.0325078	0.073549	0.0890003	0.0890961	0.0796551	0.0534777	0.0211526	-0.00600653	-0.0327206	-0.0431753	-0.0247917	0	
0	-0.000935884	0.00131458	-0.00244919	-0.000262795	-0.00439758	-0.00691919	-0.0112555	-0.021189	-0.0303647	-0.0482185	-0.0670111	-0.0916897	-0.115518	-0.136911	-0.146073	-0.1376	-0.104183	-0.042583	0.0377124	0.130735	0.206653	0.259999	0.268535	0.238508	0.18377	0.115988	0.0472887	-0.01284	-0.0715548	-0.11813	-0.144276	-0.142429	-0.103927	-0.0532816	-0.0105769	0.0108152	0.0191413	0.00766741	-0.00921125	-0.0259157	-0.0388693	-0.0391225	-0.013746	0.0065332	0.00553388	-0.00477665	-0.0199503	-0.0229888	-0.0107454	-0.00119728	-0.000896894	-0.00227969	-0.00673633	-0.0137354	-0.00896208	0.00366042	0.00593306	-0.00586174	-0.0156703	-0.000379699	0.0074071	-0.00305584	-0.0104262	0.000274136	0.0065304	0.00284509	0.0100651	0.0214001	0.0345474	0.0521106	0.0749483	0.095675	0.121878	0.141383	0.131222	0.104161	0.0658915	-0.00359856	-0.109534	-0.200736	-0.249919	-0.271609	-0.262876	-0.227202	-0.162829	-0.0842236	-0.0180239	0.0431941	0.0930485	0.116012	0.119531	0.105006	0.0708466	0.0314661	-0.00562724	-0.0438801	-0.0576396	-0.0327246	0	
0	-0.00210201	-0.000930495	-0.00572256	-0.00439758	-0.00919946	-0.0124565	-0.0173285	-0.0283588	-0.0395269	-0.0594487	-0.0842667	-0.112431	-0.145421	-0.171261	-0.184727	-0.176128	-0.134262	-0.0587014	0.0411294	0.15692	0.252208	0.316875	0.328916	0.291329	0.22485	0.140425	0.0567793	-0.0161975	-0.0897672	-0.151223	-0.184221	-0.180953	-0.137544	-0.0740303	-0.0191857	0.00812703	0.0148581	0.00448925	-0.0134132	-0.0339574	-0.0514159	-0.0511818	-0.0205175	0.002993	0.00492011	-0.00852001	-0.0249443	-0.0297416	-0.0151132	-0.00469282	-0.00352529	-0.00473366	-0.0108899	-0.0188195	-0.0138453	0.000336516	0.00368101	-0.00962902	-0.0199901	-0.0025949	0.0061115	-0.0033269	-0.0109332	0.000599013	0.00850656	0.00414507	0.013713	0.0263707	0.0405231	0.0635586	0.0908378	0.117944	0.150928	0.173948	0.165394	0.133111	0.0833	-0.00404001	-0.133887	-0.246541	-0.31022	-0.337865	-0.326633	-0.282388	-0.203317	-0.107398	-0.0270754	0.0474382	0.112069	0.14397	0.148466	0.132458	0.0917753	0.0391928	-0.00905313	-0.052309	-0.06779	-0.0404143	0	
0	-0.00207599	-0.00270503	-0.00643248	-0.00691919	-0.0124565	-0.0157987	-0.0246096	-0.0361165	-0.0519697	-0.0773115	-0.105253	-0.142981	-0.179367	-0.211442	-0.227292	-0.216415	-0.167374	-0.0798033	0.0380675	0.172975	0.286368	0.363141	0.381148	0.340891	0.262229	0.164597	0.0659934	-0.0281933	-0.115906	-0.185873	-0.224266	-0.223539	-0.173545	-0.10315	-0.0381577	-0.00292883	0.00913275	-0.00358549	-0.0245974	-0.0485652	-0.067655	-0.0664911	-0.0350462	-0.00697802	-0.00308867	-0.0163028	-0.0356712	-0.0400982	-0.0247345	-0.0129429	-0.00962085	-0.0103406	-0.0168794	-0.0244099	-0.0195977	-0.00297122	0.000574855	-0.0126536	-0.0221726	-0.00665847	0.00463308	-0.00596452	-0.0125849	-0.000773306	0.00540621	0.00501581	0.0152917	0.0299994	0.0484089	0.0747861	0.108695	0.14237	0.178756	0.205053	0.19739	0.159439	0.0984845	-0.00504195	-0.154511	-0.286638	-0.36426	-0.400282	-0.392235	-0.339696	-0.246682	-0.136083	-0.0358852	0.0557361	0.129177	0.167261	0.175286	0.158038	0.11268	0.0512888	-0.00927164	-0.0615298	-0.0785186	-0.0473165	0	
0	-0.00301786	-0.00412426	-0.00918604	-0.0112555	-0.0173285	-0.0246096	-0.0337366	-0.0496011	-0.0692218	-0.0966249	-0.132886	-0.172972	-0.217118	-0.253975	-0.273311	-0.261484	-0.208911	-0.109325	0.0261008	0.177596	0.312333	0.403203	0.425484	0.381945	0.294108	0.179456	0.0631964	-0.0415018	-0.140775	-0.223943	-0.274641	-0.273447	-0.219849	-0.137866	-0.0650906	-0.021876	-0.00889742	-0.0187105	-0.0412371	-0.0679734	-0.0893727	-0.0879739	-0.0551717	-0.0244616	-0.0161217	-0.0299937	-0.0499239	-0.0539796	-0.039126	-0.0252846	-0.0202944	-0.0196813	-0.0259012	-0.0338849	-0.0268792	-0.0117509	-0.00552979	-0.0185332	-0.0271938	-0.0119376	-0.00221292	-0.00925352	-0.0150139	-0.00472271	0.0029916	0.00462319	0.0170952	0.0345489	0.0546745	0.08561	0.12542	0.163546	0.204293	0.234121	0.226897	0.18735	0.116762	-0.00549261	-0.170713	-0.321402	-0.419591	-0.464207	-0.456037	-0.396499	-0.28912	-0.161336	-0.0463376	0.0544389	0.138928	0.19094	0.205131	0.185319	0.133499	0.0615965	-0.0103085	-0.067624	-0.0856858	-0.0539603	0	
0	-0.00470343	-0.0104179	-0.0149789	-0.021189	-0.0283588	-0.0361165	-0.0496011	-0.0649194	-0.0893981	-0.121126	-0.16162	-0.210331	-0.260681	-0.304227	-0.327413	-0.316405	-0.256543	-0.147107	0.00387864	0.173289	0.324783	0.424667	0.454763	0.410904	0.31311	0.188708	0.060347	-0.0652192	-0.181087	-0.274513	-0.32894	-0.329331	-0.27518	-0.18906	-0.106292	-0.053453	-0.0362503	-0.0443386	-0.067862	-0.0963857	-0.119224	-0.116259	-0.0847052	-0.0506281	-0.0385512	-0.051164	-0.0701213	-0.0741805	-0.0597907	-0.0453039	-0.0374388	-0.0354386	-0.0421472	-0.0473837	-0.0416997	-0.0252832	-0.0189956	-0.0291233	-0.0342452	-0.0227683	-0.010648	-0.0154207	-0.0180651	-0.00880314	-0.0019777	0.0038215	0.0170328	0.0354225	0.0586496	0.0938598	0.138375	0.184529	0.23	0.261638	0.25881	0.215713	0.131596	-0.00584861	-0.186539	-0.355126	-0.467709	-0.521839	-0.517903	-0.451272	-0.334046	-0.195818	-0.0627984	0.05577	0.151934	0.21091	0.228487	0.210229	0.156564	0.0753784	-0.00969334	-0.073167	-0.0914113	-0.0591943	0	
0	-0.00637695	-0.0145435	-0.0205438	-0.0303647	-0.0395269	-0.0519697	-0.0692218	-0.0893981	-0.12021	-0.156749	-0.204256	-0.259305	-0.314325	-0.364276	-0.389878	-0.379002	-0.3169	-0.199625	-0.0347333	0.147791	0.318168	0.432493	0.470731	0.427923	0.322764	0.185256	0.0396201	-0.0998837	-0.225358	-0.329499	-0.395604	-0.4002	-0.344486	-0.251673	-0.161885	-0.101219	-0.07919	-0.0836202	-0.107743	-0.137377	-0.160471	-0.156861	-0.128379	-0.0912223	-0.0757144	-0.0852452	-0.10283	-0.105248	-0.0928422	-0.0764061	-0.0651697	-0.0613453	-0.065784	-0.0684523	-0.0611185	-0.0454481	-0.0377284	-0.0435965	-0.0455858	-0.0373221	-0.025659	-0.0269045	-0.0265887	-0.0195672	-0.0120369	-0.0012992	0.0133944	0.035143	0.0629699	0.101964	0.15208	0.203575	0.251734	0.285888	0.284434	0.240777	0.147818	-0.00475775	-0.195534	-0.379929	-0.513591	-0.580589	-0.580583	-0.507775	-0.379478	-0.227441	-0.0781076	0.0504512	0.154651	0.227276	0.255398	0.236783	0.177478	0.0885438	-0.00709359	-0.0758576	-0.0944992	-0.0631158	0	
0	-0.0107556	-0.0236332	-0.0331308	-0.0482185	-0.0594487	-0.0773115	-0.0966249	-0.121126	-0.156749	-0.196889	-0.252764	-0.313132	-0.377408	-0.433985	-0.465246	-0.455912	-0.391622	-0.265445	-0.0890989	0.108193	0.293593	0.418822	0.464854	0.423827	0.314356	0.168695	0.00885168	-0.145421	-0.285901	-0.402834	-0.476127	-0.481766	-0.429315	-0.333635	-0.237473	-0.167831	-0.140449	-0.139375	-0.162108	-0.192992	-0.21486	-0.211516	-0.184127	-0.146427	-0.126255	-0.133089	-0.145671	-0.147176	-0.136864	-0.118846	-0.10483	-0.0989766	-0.101318	-0.100789	-0.0922222	-0.0780818	-0.0693987	-0.0690593	-0.0675052	-0.060312	-0.0492295	-0.0444315	-0.0392434	-0.0345841	-0.0235058	-0.0099909	0.0059961	0.0306158	0.0610311	0.105032	0.159121	0.217318	0.271732	0.308659	0.310778	0.266844	0.163084	-0.00401948	-0.205079	-0.403788	-0.555612	-0.634622	-0.637242	-0.560675	-0.42736	-0.265228	-0.100972	0.0412708	0.15876	0.242684	0.277333	0.260509	0.198859	0.102929	-0.00234982	-0.0752301	-0.0950243	-0.0661939	0	
0	-0.0148903	-0.0337048	-0.0466928	-0.0670111	-0.0842667	-0.105253	-0.132886	-0.16162	-0.204256	-0.252764	-0.31365	-0.383828	-0.453175	-0.517198	-0.551089	-0.545709	-0.477454	-0.34795	-0.161395	0.0470829	0.248196	0.384354	0.441548	0.4066	0.291791	0.138261	-0.032748	-0.203712	-0.358533	-0.484994	-0.564772	-0.577203	-0.527854	-0.43207	-0.330881	-0.252511	-0.217838	-0.211685	-0.234918	-0.263142	-0.284929	-0.280006	-0.25875	-0.218363	-0.197448	-0.198316	-0.206216	-0.206182	-0.197738	-0.178684	-0.161252	-0.152836	-0.152298	-0.145619	-0.136594	-0.122084	-0.112448	-0.106054	-0.0975421	-0.0945641	-0.0815822	-0.0723138	-0.0639787	-0.0577696	-0.0459836	-0.0271061	-0.00861777	0.0184532	0.0565482	0.104844	0.162197	0.228073	0.287213	0.325754	0.331448	0.287831	0.174742	-0.00155986	-0.209281	-0.423027	-0.592181	-0.684774	-0.694977	-0.615135	-0.475237	-0.305538	-0.127526	0.0301046	0.158637	0.252201	0.296805	0.283311	0.219055	0.118842	0.00564594	-0.0727725	-0.0932274	-0.0657888	0	
0	-0.0213065	-0.0452484	-0.0646805	-0.0916897	-0.112431	-0.142981	-0.172972	-0.210331	-0.259305	-0.313132	-0.383828	-0.459821	-0.537335	-0.607973	-0.647891	-0.642837	-0.577384	-0.440679	-0.248404	-0.0275528	0.183663	0.334869	0.402106	0.371355	0.258498	0.100175	-0.0882936	-0.271407	-0.43505	-0.574137	-0.664672	-0.683347	-0.638217	-0.542791	-0.437155	-0.354805	-0.312353	-0.300529	-0.318146	-0.348206	-0.366321	-0.364651	-0.343961	-0.306845	-0.283581	-0.280117	-0.281219	-0.279352	-0.273687	-0.253263	-0.23392	-0.223769	-0.218181	-0.207951	-0.195625	-0.182684	-0.172729	-0.157214	-0.145941	-0.140333	-0.128534	-0.113889	-0.0991498	-0.0943006	-0.0758963	-0.0543111	-0.0343304	-0.000755216	0.0425394	0.096101	0.158296	0.229965	0.295904	0.339193	0.346674	0.303234	0.185723	0.000293757	-0.214656	-0.43772	-0.625539	-0.734515	-0.747251	-0.667259	-0.52756	-0.347783	-0.155875	0.0118413	0.151397	0.258984	0.315668	0.305044	0.236831	0.132907	0.0164757	-0.0644393	-0.0880247	-0.0648517	0	
0	-0.0279466	-0.057276	-0.0847517	-0.115518	-0.145421	-0.179367	-0.217118	-0.260681	-0.314325	-0.377408	-0.453175	-0.537335	-0.623263	-0.699739	-0.745502	-0.745351	-0.677709	-0.539733	-0.339824	-0.10983	0.114066	0.275253	0.353132	0.331031	0.219726	0.056148	-0.136771	-0.332579	-0.515678	-0.667094	-0.761543	-0.786658	-0.748179	-0.658159	-0.553957	-0.464632	-0.412707	-0.394408	-0.411948	-0.438503	-0.455477	-0.453798	-0.438497	-0.403858	-0.382139	-0.37331	-0.367529	-0.364948	-0.360605	-0.341268	-0.320911	-0.309212	-0.299991	-0.284847	-0.270898	-0.259458	-0.248292	-0.227955	-0.209698	-0.203753	-0.19105	-0.170282	-0.153158	-0.142073	-0.119722	-0.0950873	-0.0702162	-0.0335637	0.0183952	0.0773172	0.141624	0.221533	0.29572	0.343353	0.355258	0.313455	0.190954	0.000966741	-0.219134	-0.454714	-0.657571	-0.777348	-0.796555	-0.719684	-0.578524	-0.39546	-0.196079	-0.0104781	0.146782	0.263465	0.327027	0.320617	0.252608	0.149417	0.0323422	-0.0529425	-0.0810691	-0.0612282	0	
0	-0.0332824	-0.0680847	-0.10048	-0.136911	-0.171261	-0.211442	-0.253975	-0.304227	-0.364276	-0.433985	-0.517198	-0.607973	-0.699739	-0.781548	-0.830951	-0.831567	-0.76588	-0.624067	-0.421871	-0.183848	0.0479563	0.222756	0.313532	0.301721	0.196095	0.0319149	-0.174389	-0.383575	-0.575069	-0.734755	-0.840845	-0.876895	-0.846282	-0.762145	-0.657489	-0.565354	-0.507895	-0.485421	-0.496683	-0.521518	-0.537523	-0.539849	-0.52773	-0.500109	-0.481639	-0.469385	-0.458584	-0.454973	-0.453644	-0.43609	-0.418076	-0.405376	-0.393082	-0.374465	-0.358359	-0.34839	-0.336971	-0.312024	-0.288812	-0.280075	-0.266665	-0.243684	-0.222987	-0.20742	-0.180691	-0.152999	-0.125462	-0.0812935	-0.0204584	0.0445724	0.115097	0.201505	0.284313	0.337976	0.351496	0.310081	0.187809	-0.00234554	-0.226189	-0.468923	-0.684989	-0.819479	-0.845928	-0.7739	-0.635146	-0.445988	-0.234494	-0.036692	0.130736	0.259748	0.336169	0.335264	0.267012	0.164636	0.0490931	-0.0377772	-0.0691184	-0.0533569	0	
0	-0.035977	-0.0718773	-0.108484	-0.146073	-0.184727	-0.227292	-0.273311	-0.327413	-0.389878	-0.465246	-0.551089	-0.647891	-0.745502	-0.830951	-0.887571	-0.890078	-0.825765	-0.683165	-0.476773	-0.229973	0.00816736	0.195706	0.297072	0.29375	0.197088	0.0325256	-0.176003	-0.394645	-0.602012	-0.776948	-0.889572	-0.93507	-0.911369	-0.837123	-0.73836	-0.648817	-0.581798	-0.553122	-0.559633	-0.585593	-0.599949	-0.605196	-0.596711	-0.579471	-0.566076	-0.552479	-0.537544	-0.534158	-0.53456	-0.522828	-0.508152	-0.49794	-0.483671	-0.465069	-0.448779	-0.441537	-0.433356	-0.406908	-0.382113	-0.369666	-0.356693	-0.333076	-0.309358	-0.287282	-0.255499	-0.225589	-0.193829	-0.143826	-0.0752203	-0.00503892	0.0695169	0.163379	0.254802	0.317172	0.336275	0.295598	0.17753	-0.0108198	-0.240619	-0.489841	-0.716843	-0.860538	-0.890968	-0.826668	-0.69264	-0.502755	-0.285979	-0.0723225	0.114332	0.255783	0.338877	0.341891	0.275499	0.178281	0.0721931	-0.0141068	-0.0556387	-0.0484147	0	
0	-0.0344989	-0.0675102	-0.103786	-0.1376	-0.176128	-0.216415	-0.261484	-0.316405	-0.379002	-0.455912	-0.545709	-0.642837	-0.745351	-0.831567	-0.890078	-0.89303	-0.829163	-0.685947	-0.476591	-0.229398	0.0179763	0.214634	0.327317	0.338552	0.252665	0.0873476	-0.12502	-0.353977	-0.574567	-0.757436	-0.882362	-0.937552	-0.926548	-0.863875	-0.774903	-0.680939	-0.612155	-0.580072	-0.584468	-0.604325	-0.620411	-0.629145	-0.62753	-0.621997	-0.616007	-0.605041	-0.589288	-0.58718	-0.591053	-0.587021	-0.580807	-0.573528	-0.561947	-0.545279	-0.529634	-0.528162	-0.521271	-0.500801	-0.47325	-0.459231	-0.448655	-0.426162	-0.405099	-0.37647	-0.343943	-0.314255	-0.278825	-0.22376	-0.148341	-0.071664	0.00968368	0.109227	0.210455	0.280646	0.301758	0.264186	0.150906	-0.0328358	-0.26094	-0.515415	-0.75066	-0.899572	-0.940064	-0.887655	-0.756266	-0.564452	-0.340271	-0.112661	0.0883208	0.242478	0.333192	0.341588	0.283535	0.195019	0.0945581	0.00784018	-0.0369246	-0.0349301	0	
0	-0.0245134	-0.0509626	-0.0757513	-0.104183	-0.134262	-0.167374	-0.208911	-0.256543	-0.3169	-0.391622	-0.477454	-0.577384	-0.677709	-0.76588	-0.825765	-0.829163	-0.765257	-0.622336	-0.411786	-0.160102	0.0898286	0.294992	0.418378	0.441258	0.364115	0.206836	-0.00590614	-0.246632	-0.479777	-0.674377	-0.811024	-0.878866	-0.878957	-0.829175	-0.748432	-0.663326	-0.593542	-0.555439	-0.55119	-0.571641	-0.590275	-0.600705	-0.605038	-0.612112	-0.61696	-0.609719	-0.597034	-0.594968	-0.602868	-0.609051	-0.612198	-0.611656	-0.605317	-0.593349	-0.583254	-0.586077	-0.588246	-0.575272	-0.551075	-0.53924	-0.530341	-0.517492	-0.497385	-0.466777	-0.436882	-0.405996	-0.371088	-0.312314	-0.232977	-0.153459	-0.0663868	0.0387352	0.145882	0.224329	0.251985	0.215027	0.109404	-0.0657737	-0.296867	-0.554021	-0.790471	-0.944214	-0.992405	-0.948789	-0.825553	-0.637786	-0.405971	-0.162666	0.054702	0.22231	0.319992	0.334709	0.284682	0.205593	0.119375	0.0394108	-0.014947	-0.0261688	0	
0	-0.00875956	-0.018957	-0.0289905	-0.042583	-0.0587014	-0.0798033	-0.109325	-0.147107	-0.199625	-0.265445	-0.34795	-0.440679	-0.539733	-0.624067	-0.683165	-0.685947	-0.622336	-0.481414	-0.270442	-0.020571	0.233218	0.445491	0.577621	0.611889	0.547927	0.391686	0.178555	-0.0679889	-0.311488	-0.520795	-0.671582	-0.75003	-0.76342	-0.729464	-0.664889	-0.583753	-0.512728	-0.470495	-0.464307	-0.48041	-0.497731	-0.509506	-0.521272	-0.541846	-0.554731	-0.556672	-0.546919	-0.546757	-0.557336	-0.575197	-0.589084	-0.597083	-0.599304	-0.594975	-0.591493	-0.602053	-0.613944	-0.613469	-0.597067	-0.588463	-0.587867	-0.584379	-0.570665	-0.543854	-0.517711	-0.492089	-0.457972	-0.399403	-0.322754	-0.240537	-0.150201	-0.043603	0.0673957	0.151287	0.182368	0.149184	0.0520385	-0.116852	-0.344514	-0.601947	-0.841711	-0.996145	-1.05231	-1.02205	-0.905221	-0.717119	-0.479213	-0.225716	0.00776659	0.192277	0.29588	0.31544	0.279899	0.21771	0.144532	0.0692402	0.00928922	-0.0130654	0	
0	0.0116289	0.0215839	0.0318118	0.0377124	0.0411294	0.0380675	0.0261008	0.00387864	-0.0347333	-0.0890989	-0.161395	-0.248404	-0.339824	-0.421871	-0.476773	-0.476591	-0.411786	-0.270442	-0.0577456	0.187363	0.443754	0.656144	0.793629	0.840492	0.785646	0.639636	0.430632	0.173248	-0.0847948	-0.305416	-0.470623	-0.561791	-0.591291	-0.57364	-0.522818	-0.450047	-0.384733	-0.339037	-0.324606	-0.334281	-0.35271	-0.363438	-0.382121	-0.410334	-0.434933	-0.444469	-0.441805	-0.439635	-0.454561	-0.481697	-0.505931	-0.524238	-0.535538	-0.540815	-0.544116	-0.563003	-0.585332	-0.599076	-0.59223	-0.591578	-0.599547	-0.608658	-0.604604	-0.586597	-0.571952	-0.552562	-0.525448	-0.473658	-0.403095	-0.324306	-0.231795	-0.125385	-0.0153533	0.0711852	0.104312	0.0731975	-0.0207458	-0.185423	-0.409467	-0.667147	-0.902685	-1.05423	-1.12113	-1.10251	-0.995004	-0.813905	-0.569269	-0.300451	-0.0505411	0.147427	0.25697	0.285515	0.268258	0.224414	0.165476	0.0993067	0.03724	0.00216447	0	
0	0.0372646	0.0685928	0.105802	0.130735	0.15692	0.172975	0.177596	0.173289	0.147791	0.108193	0.0470829	-0.0275528	-0.10983	-0.183848	-0.229973	-0.229398	-0.160102	-0.020571	0.187363	0.432386	0.687415	0.901442	1.04831	1.10551	1.05859	0.921473	0.711401	0.449773	0.184853	-0.0519879	-0.233048	-0.338514	-0.385641	-0.384704	-0.349167	-0.290336	-0.230652	-0.179291	-0.158123	-0.162979	-0.177283	-0.183958	-0.206441	-0.241191	-0.272668	-0.29159	-0.292181	-0.288385	-0.303244	-0.335594	-0.367281	-0.392868	-0.414602	-0.425039	-0.437443	-0.46144	-0.495674	-0.522552	-0.528291	-0.53951	-0.557987	-0.58075	-0.587719	-0.585434	-0.582124	-0.571951	-0.552826	-0.510848	-0.453221	-0.379439	-0.292924	-0.192778	-0.0900769	-0.0114982	0.0228196	-0.007184	-0.100975	-0.260284	-0.482078	-0.738945	-0.971024	-1.12694	-1.20414	-1.19522	-1.09887	-0.92091	-0.669794	-0.393039	-0.129644	0.0835241	0.202409	0.242772	0.245349	0.223232	0.183362	0.1294	0.0640464	0.0142664	0	
0	0.0549883	0.107222	0.160906	0.206653	0.252208	0.286368	0.312333	0.324783	0.318168	0.293593	0.248196	0.183663	0.114066	0.0479563	0.00816736	0.0179763	0.0898286	0.233218	0.443754	0.687415	0.940066	1.15681	1.30588	1.37042	1.3367	1.21165	1.00728	0.742662	0.467996	0.214695	0.0188948	-0.104582	-0.165453	-0.183573	-0.167224	-0.124439	-0.0669544	-0.017055	0.0106053	0.0136684	0.00997483	0.00616439	-0.0175563	-0.0531177	-0.0899247	-0.115796	-0.120147	-0.112411	-0.125806	-0.158909	-0.192972	-0.22731	-0.253578	-0.271208	-0.287035	-0.315996	-0.357853	-0.391706	-0.410585	-0.429835	-0.458749	-0.48894	-0.506963	-0.522752	-0.532637	-0.533673	-0.526974	-0.502099	-0.459888	-0.399278	-0.32057	-0.228532	-0.139658	-0.068601	-0.0394059	-0.0730071	-0.171233	-0.338638	-0.560999	-0.814737	-1.04646	-1.20447	-1.28988	-1.29527	-1.21354	-1.04316	-0.790145	-0.504205	-0.228042	-0.00161126	0.129986	0.18354	0.207295	0.21331	0.194385	0.15133	0.0886766	0.030149	0	
0	0.0675406	0.13477	0.199036	0.259999	0.316875	0.363141	0.403203	0.424667	0.432493	0.418822	0.384354	0.334869	0.275253	0.222756	0.195706	0.214634	0.294992	0.445491	0.656144	0.901442	1.15681	1.37454	1.53328	1.61111	1.59152	1.47946	1.28269	1.02075	0.738966	0.471129	0.26204	0.123332	0.0410583	0.00217944	0.00227505	0.029177	0.0724328	0.119751	0.156423	0.168889	0.172552	0.172925	0.15337	0.119506	0.0796316	0.0479014	0.0432666	0.0544395	0.0460029	0.0196638	-0.0130068	-0.0492131	-0.0775317	-0.0954918	-0.111302	-0.14177	-0.183478	-0.221394	-0.247779	-0.276501	-0.313433	-0.345853	-0.37588	-0.407951	-0.429513	-0.440539	-0.443858	-0.434802	-0.408341	-0.359327	-0.293387	-0.215295	-0.14228	-0.091212	-0.0723084	-0.110785	-0.22363	-0.399528	-0.62305	-0.878649	-1.1116	-1.27953	-1.38001	-1.40059	-1.33473	-1.17392	-0.924077	-0.63359	-0.346258	-0.110511	0.0319805	0.105625	0.157329	0.19047	0.191665	0.164416	0.109723	0.0448684	0	
0	0.0697325	0.137412	0.205497	0.268535	0.328916	0.381148	0.425484	0.454763	0.470731	0.464854	0.441548	0.402106	0.353132	0.313532	0.297072	0.327317	0.418378	0.577621	0.793629	1.04831	1.30588	1.53328	1.70285	1.79489	1.79214	1.70132	1.51668	1.26382	0.979291	0.705971	0.482448	0.322926	0.223024	0.16901	0.145866	0.149987	0.183131	0.227305	0.264911	0.283092	0.299654	0.306297	0.291766	0.260173	0.220065	0.185862	0.18061	0.19409	0.192155	0.177206	0.148819	0.114198	0.0868679	0.0715844	0.0576799	0.029345	-0.00765352	-0.0427686	-0.0715993	-0.106642	-0.144232	-0.172992	-0.208269	-0.249994	-0.279347	-0.294922	-0.307157	-0.312686	-0.298257	-0.263906	-0.212375	-0.147135	-0.0932178	-0.0609857	-0.0532923	-0.103702	-0.232438	-0.423692	-0.657759	-0.915326	-1.15594	-1.34134	-1.45743	-1.49678	-1.4514	-1.30645	-1.06589	-0.774496	-0.486541	-0.247324	-0.084135	0.0138059	0.0858142	0.147497	0.178941	0.169147	0.12031	0.05357	0	
0	0.0602582	0.121858	0.17942	0.238508	0.291329	0.340891	0.381945	0.410904	0.427923	0.423827	0.4066	0.371355	0.331031	0.301721	0.29375	0.338552	0.441258	0.611889	0.840492	1.10551	1.37042	1.61111	1.79489	1.90286	1.92869	1.86053	1.70011	1.46486	1.18723	0.906869	0.673177	0.498904	0.385489	0.309363	0.26535	0.250779	0.266565	0.296811	0.334679	0.362576	0.387111	0.396526	0.388642	0.36078	0.320988	0.283744	0.278389	0.28918	0.296428	0.291405	0.271943	0.240324	0.217876	0.20705	0.196928	0.174777	0.146327	0.120934	0.094211	0.058251	0.0247279	0.00442959	-0.0305113	-0.0751678	-0.106708	-0.123486	-0.140296	-0.15376	-0.145117	-0.120882	-0.0800285	-0.0254118	0.0133639	0.0297694	0.0228488	-0.0419731	-0.188012	-0.400044	-0.646584	-0.908568	-1.16434	-1.3701	-1.50413	-1.5683	-1.5483	-1.42583	-1.2057	-0.925283	-0.640309	-0.396189	-0.217946	-0.0987258	0.000123605	0.0909723	0.146263	0.155275	0.123783	0.064151	0	
0	0.046179	0.0936789	0.137906	0.18377	0.22485	0.262229	0.294108	0.31311	0.322764	0.314356	0.291791	0.258498	0.219726	0.196095	0.197088	0.252665	0.364115	0.547927	0.785646	1.05859	1.3367	1.59152	1.79214	1.92869	1.98531	1.94679	1.81805	1.60722	1.34045	1.06986	0.833922	0.65105	0.521377	0.428057	0.363617	0.329021	0.324441	0.342492	0.375699	0.405215	0.434842	0.450521	0.449042	0.421701	0.381122	0.344912	0.334481	0.342297	0.353954	0.36109	0.349153	0.324679	0.308305	0.301394	0.297617	0.280472	0.264745	0.249418	0.229441	0.195294	0.16857	0.157414	0.128025	0.088322	0.0597025	0.0476899	0.0308735	0.0207911	0.0309984	0.0515206	0.088544	0.133926	0.165329	0.170461	0.148335	0.0715282	-0.0912412	-0.32002	-0.575186	-0.846187	-1.11869	-1.34604	-1.50773	-1.60215	-1.60942	-1.51776	-1.32608	-1.06261	-0.79025	-0.552935	-0.364885	-0.221147	-0.096509	0.0181154	0.100326	0.132198	0.114477	0.0628037	0	
0	0.0295913	0.0586686	0.0874646	0.115988	0.140425	0.164597	0.179456	0.188708	0.185256	0.168695	0.138261	0.100175	0.056148	0.0319149	0.0325256	0.0873476	0.206836	0.391686	0.639636	0.921473	1.21165	1.47946	1.70132	1.86053	1.94679	1.94312	1.85527	1.67797	1.43981	1.18866	0.954077	0.765278	0.62607	0.524691	0.444732	0.392974	0.365502	0.369246	0.39152	0.424614	0.456926	0.478813	0.480094	0.453228	0.414978	0.37727	0.361413	0.361335	0.37744	0.390203	0.386292	0.370261	0.357457	0.355085	0.352863	0.342517	0.335964	0.331055	0.320137	0.291104	0.273055	0.270421	0.252016	0.224285	0.204474	0.197359	0.187242	0.185178	0.201021	0.225457	0.259398	0.304307	0.336689	0.339291	0.31361	0.226255	0.0548607	-0.181599	-0.448367	-0.729714	-1.01912	-1.26937	-1.45493	-1.57563	-1.61356	-1.55932	-1.40506	-1.17475	-0.929151	-0.701313	-0.501929	-0.336427	-0.193776	-0.0640178	0.0405314	0.0966748	0.0984593	0.0598688	0	
0	0.0129796	0.0229237	0.0374454	0.0472887	0.0567793	0.0659934	0.0631964	0.060347	0.0396201	0.00885168	-0.032748	-0.0882936	-0.136771	-0.174389	-0.176003	-0.12502	-0.00590614	0.178555	0.430632	0.711401	1.00728	1.28269	1.51668	1.70011	1.81805	1.85527	1.81148	1.67209	1.4709	1.24197	1.01968	0.840865	0.70696	0.595459	0.503337	0.437772	0.395477	0.382994	0.394828	0.426446	0.457818	0.48686	0.489013	0.463927	0.42346	0.385916	0.359975	0.353068	0.366495	0.380029	0.384503	0.376335	0.368764	0.368794	0.369304	0.366164	0.366534	0.372562	0.371814	0.351006	0.340761	0.341022	0.335185	0.321255	0.308221	0.307589	0.304238	0.315244	0.343686	0.375197	0.417179	0.467391	0.506787	0.519134	0.490586	0.396634	0.224403	-0.0133104	-0.280594	-0.568169	-0.867641	-1.12967	-1.33745	-1.48466	-1.55577	-1.54362	-1.43057	-1.24225	-1.02703	-0.807874	-0.610867	-0.441232	-0.28303	-0.13679	-0.0158032	0.0589183	0.0763732	0.0496094	0	
0	-0.00216148	-0.00518451	-0.00690234	-0.01284	-0.0161975	-0.0281933	-0.0415018	-0.0652192	-0.0998837	-0.145421	-0.203712	-0.271407	-0.332579	-0.383575	-0.394645	-0.353977	-0.246632	-0.0679889	0.173248	0.449773	0.742662	1.02075	1.26382	1.46486	1.60722	1.67797	1.67209	1.57587	1.41884	1.22196	1.0297	0.865445	0.732405	0.619294	0.533328	0.459422	0.40607	0.378046	0.383162	0.407184	0.442612	0.477722	0.482203	0.456025	0.416858	0.378074	0.342309	0.328449	0.333576	0.344404	0.355478	0.354332	0.35213	0.351975	0.356015	0.356404	0.360155	0.374751	0.38142	0.373512	0.365434	0.367649	0.375648	0.374416	0.373523	0.377237	0.384238	0.411559	0.449244	0.49279	0.543138	0.598521	0.650932	0.675194	0.651427	0.560469	0.395381	0.171023	-0.0888525	-0.379575	-0.682019	-0.950433	-1.17084	-1.33629	-1.43605	-1.45688	-1.38526	-1.24641	-1.06568	-0.866651	-0.681116	-0.503185	-0.332286	-0.186514	-0.0624873	0.0276574	0.0579552	0.0385799	0	
0	-0.0174065	-0.034867	-0.052236	-0.0715548	-0.0897672	-0.115906	-0.140775	-0.181087	-0.225358	-0.285901	-0.358533	-0.43505	-0.515678	-0.575069	-0.602012	-0.574567	-0.479777	-0.311488	-0.0847948	0.184853	0.467996	0.738966	0.979291	1.18723	1.34045	1.43981	1.4709	1.41884	1.3025	1.14423	0.978845	0.83193	0.7135	0.615799	0.533176	0.457016	0.400946	0.364541	0.362589	0.38227	0.423896	0.46182	0.469747	0.444889	0.408344	0.362927	0.318655	0.296642	0.286414	0.290033	0.30097	0.306208	0.305562	0.305844	0.312609	0.313219	0.320871	0.338921	0.357067	0.362152	0.355644	0.362229	0.379584	0.392703	0.401419	0.408584	0.427755	0.465051	0.512023	0.568166	0.626702	0.693368	0.759955	0.797737	0.786474	0.702291	0.547859	0.343765	0.094933	-0.194368	-0.488837	-0.749735	-0.969768	-1.14098	-1.25815	-1.3094	-1.27935	-1.18498	-1.03868	-0.857839	-0.677351	-0.504052	-0.341007	-0.198802	-0.0753183	0.0158217	0.0499611	0.034565	0	
0	-0.0303406	-0.0580778	-0.0902927	-0.11813	-0.151223	-0.185873	-0.223943	-0.274513	-0.329499	-0.402834	-0.484994	-0.574137	-0.667094	-0.734755	-0.776948	-0.757436	-0.674377	-0.520795	-0.305416	-0.0519879	0.214695	0.471129	0.705971	0.906869	1.06986	1.18866	1.24197	1.22196	1.14423	1.02001	0.88442	0.764524	0.663602	0.577919	0.501302	0.434445	0.380206	0.344985	0.339345	0.357581	0.402173	0.44833	0.464454	0.443815	0.40745	0.354739	0.307529	0.27246	0.244028	0.233213	0.239908	0.245133	0.243287	0.243938	0.249462	0.248599	0.25587	0.274342	0.303099	0.317573	0.313939	0.324871	0.347774	0.373131	0.388913	0.403667	0.43491	0.478741	0.537468	0.604542	0.674321	0.755535	0.83128	0.882085	0.883421	0.806934	0.66895	0.485298	0.250634	-0.0246246	-0.303958	-0.550261	-0.755488	-0.923916	-1.05344	-1.12241	-1.11847	-1.05791	-0.939468	-0.773428	-0.603357	-0.444542	-0.291579	-0.154459	-0.0425344	0.034654	0.057758	0.034542	0	
0	-0.0350687	-0.0721188	-0.106931	-0.144276	-0.184221	-0.224266	-0.274641	-0.32894	-0.395604	-0.476127	-0.564772	-0.664672	-0.761543	-0.840845	-0.889572	-0.882362	-0.811024	-0.671582	-0.470623	-0.233048	0.0188948	0.26204	0.482448	0.673177	0.833922	0.954077	1.01968	1.0297	0.978845	0.88442	0.780124	0.680848	0.591489	0.516952	0.45237	0.398766	0.353395	0.321733	0.313323	0.335806	0.39048	0.449103	0.473732	0.46409	0.429614	0.376759	0.32563	0.277471	0.228977	0.201073	0.195134	0.192635	0.186331	0.185257	0.18367	0.178082	0.178176	0.193682	0.227269	0.243549	0.245932	0.258005	0.285205	0.317061	0.338921	0.368811	0.407903	0.459095	0.528274	0.602934	0.687224	0.780038	0.863388	0.924864	0.938233	0.878566	0.759202	0.592977	0.375694	0.116679	-0.146097	-0.371012	-0.554605	-0.710769	-0.834531	-0.907722	-0.923363	-0.883255	-0.780217	-0.62866	-0.469191	-0.319831	-0.17855	-0.0566364	0.0322319	0.0834487	0.0861708	0.0477212	0	
0	-0.034582	-0.070096	-0.104898	-0.142429	-0.180953	-0.223539	-0.273447	-0.329331	-0.4002	-0.481766	-0.577203	-0.683347	-0.786658	-0.876895	-0.93507	-0.937552	-0.878866	-0.75003	-0.561791	-0.338514	-0.104582	0.123332	0.322926	0.498904	0.65105	0.765278	0.840865	0.865445	0.83193	0.764524	0.680848	0.590568	0.51485	0.452568	0.397395	0.35028	0.312125	0.286283	0.287051	0.318413	0.383427	0.45308	0.500373	0.509331	0.484093	0.434896	0.386093	0.327744	0.263592	0.215367	0.189821	0.17162	0.158647	0.14929	0.137068	0.120506	0.108197	0.118457	0.145031	0.16143	0.165772	0.180536	0.207479	0.234753	0.265032	0.305081	0.348745	0.404991	0.478472	0.562708	0.66174	0.767263	0.861591	0.932161	0.958324	0.920325	0.818813	0.662103	0.461103	0.223941	-0.0187536	-0.215881	-0.371315	-0.509224	-0.619186	-0.691958	-0.716186	-0.678359	-0.583165	-0.44305	-0.285755	-0.146024	-0.027638	0.073796	0.139305	0.156754	0.130627	0.071971	0	
0	-0.0249031	-0.04929	-0.076883	-0.103927	-0.137544	-0.173545	-0.219849	-0.27518	-0.344486	-0.429315	-0.527854	-0.638217	-0.748179	-0.846282	-0.911369	-0.926548	-0.878957	-0.76342	-0.591291	-0.385641	-0.165453	0.0410583	0.223024	0.385489	0.521377	0.62607	0.70696	0.732405	0.7135	0.663602	0.591489	0.51485	0.451701	0.38624	0.328222	0.284825	0.254525	0.237553	0.243926	0.281052	0.355073	0.447667	0.523576	0.555821	0.54722	0.516192	0.477078	0.416366	0.345031	0.279875	0.233333	0.197556	0.176056	0.156256	0.132574	0.101033	0.0761035	0.0733317	0.086781	0.0935423	0.0963075	0.111083	0.126624	0.144967	0.176326	0.222774	0.268731	0.325148	0.402499	0.49458	0.60428	0.721156	0.825297	0.899802	0.939805	0.9275	0.841619	0.697458	0.515847	0.300185	0.0860635	-0.0821544	-0.216074	-0.327952	-0.417055	-0.487012	-0.506976	-0.461387	-0.368153	-0.23362	-0.0869644	0.0321088	0.129971	0.214766	0.257595	0.238977	0.172708	0.0862996	0	
0	-0.0115204	-0.0224482	-0.0372548	-0.0532816	-0.0740303	-0.10315	-0.137866	-0.18906	-0.251673	-0.333635	-0.43207	-0.542791	-0.658159	-0.762145	-0.837123	-0.863875	-0.829175	-0.729464	-0.57364	-0.384704	-0.183573	0.00217944	0.16901	0.309363	0.428057	0.524691	0.595459	0.619294	0.615799	0.577919	0.516952	0.452568	0.38624	0.313327	0.253448	0.208316	0.175766	0.157858	0.164612	0.207216	0.293356	0.407607	0.509726	0.57223	0.596614	0.596372	0.572603	0.524621	0.458939	0.386546	0.321572	0.270787	0.239622	0.208762	0.174465	0.127082	0.0890451	0.0695139	0.0644629	0.0572016	0.0562755	0.0666254	0.0690522	0.074061	0.101334	0.146812	0.187813	0.240727	0.315025	0.408853	0.522178	0.645489	0.756759	0.835742	0.891079	0.89993	0.832255	0.702188	0.535308	0.348979	0.167926	0.0240293	-0.0814279	-0.164097	-0.236992	-0.293007	-0.298039	-0.248141	-0.157022	-0.0338032	0.0886198	0.189411	0.272454	0.32809	0.337905	0.29318	0.203449	0.0983083	0	
0	0.00111025	-0.0022569	-0.00161323	-0.0105769	-0.0191857	-0.0381577	-0.0650906	-0.106292	-0.161885	-0.237473	-0.330881	-0.437155	-0.553957	-0.657489	-0.73836	-0.774903	-0.748432	-0.664889	-0.522818	-0.349167	-0.167224	0.00227505	0.145866	0.26535	0.363617	0.444732	0.503337	0.533328	0.533176	0.501302	0.45237	0.397395	0.328222	0.253448	0.184864	0.125536	0.079046	0.053329	0.0579568	0.100202	0.186196	0.312506	0.439036	0.538179	0.60184	0.63551	0.63787	0.619733	0.572395	0.503472	0.429787	0.37251	0.330888	0.294663	0.251287	0.194774	0.144299	0.107985	0.0847679	0.0612816	0.0548436	0.0557779	0.0464045	0.0388569	0.0564479	0.0927062	0.126148	0.171947	0.239723	0.32959	0.436559	0.560083	0.672063	0.754952	0.822434	0.843948	0.793384	0.677978	0.528184	0.371692	0.221813	0.107618	0.0321971	-0.0248548	-0.0748575	-0.110466	-0.106802	-0.0566927	0.0340804	0.139663	0.224717	0.294393	0.353088	0.378217	0.360713	0.300299	0.202668	0.0955101	0	
0	0.00495635	0.00828539	0.0120524	0.0108152	0.00812703	-0.00292883	-0.021876	-0.053453	-0.101219	-0.167831	-0.252511	-0.354805	-0.464632	-0.565354	-0.648817	-0.680939	-0.663326	-0.583753	-0.450047	-0.290336	-0.124439	0.029177	0.149987	0.250779	0.329021	0.392974	0.437772	0.459422	0.457016	0.434445	0.398766	0.35028	0.284825	0.208316	0.125536	0.0448088	-0.0164763	-0.0536113	-0.0605766	-0.0383801	0.0408846	0.17123	0.315632	0.440202	0.542955	0.611981	0.65382	0.673553	0.654116	0.601519	0.536242	0.478403	0.430922	0.392196	0.347153	0.286903	0.226065	0.177266	0.136351	0.102458	0.0839083	0.0752374	0.059085	0.0423238	0.0484221	0.0686054	0.0937302	0.132042	0.192674	0.272805	0.370301	0.486877	0.594516	0.685136	0.754622	0.778303	0.739163	0.63405	0.50458	0.374669	0.25268	0.170719	0.122138	0.0861897	0.0560543	0.0396656	0.0581242	0.110827	0.186737	0.258586	0.301119	0.330072	0.350945	0.34757	0.317648	0.254619	0.157271	0.0627776	0	
0	0.00589458	0.0125067	0.0151745	0.0191413	0.0148581	0.00913275	-0.00889742	-0.0362503	-0.07919	-0.140449	-0.217838	-0.312353	-0.412707	-0.507895	-0.581798	-0.612155	-0.593542	-0.512728	-0.384733	-0.230652	-0.0669544	0.0724328	0.183131	0.266565	0.324441	0.365502	0.395477	0.40607	0.400946	0.380206	0.353395	0.312125	0.254525	0.175766	0.079046	-0.0164763	-0.0939677	-0.152578	-0.187437	-0.183743	-0.116902	0.00154347	0.141029	0.28442	0.419601	0.521465	0.605043	0.663879	0.681982	0.659914	0.619167	0.568614	0.523001	0.48902	0.449342	0.390756	0.324723	0.264043	0.212877	0.166316	0.131175	0.11143	0.0902438	0.0727382	0.0641413	0.0702551	0.0899318	0.124142	0.181304	0.251164	0.337465	0.440924	0.544733	0.638909	0.706553	0.728676	0.689669	0.600297	0.491445	0.373087	0.272265	0.212488	0.179462	0.161421	0.148516	0.14944	0.179243	0.225781	0.276376	0.309282	0.306833	0.287906	0.269226	0.244058	0.203578	0.14641	0.0790172	0.0246738	0	
0	0.00302882	0.00614338	0.00745822	0.00766741	0.00448925	-0.00358549	-0.0187105	-0.0443386	-0.0836202	-0.139375	-0.211685	-0.300529	-0.394408	-0.485421	-0.553122	-0.580072	-0.555439	-0.470495	-0.339037	-0.179291	-0.017055	0.119751	0.227305	0.296811	0.342492	0.369246	0.382994	0.378046	0.364541	0.344985	0.321733	0.286283	0.237553	0.157858	0.053329	-0.0536113	-0.152578	-0.239051	-0.294986	-0.309977	-0.270726	-0.181177	-0.0522415	0.100166	0.247523	0.374664	0.49471	0.592626	0.648306	0.667241	0.659235	0.624925	0.591512	0.566651	0.539309	0.487646	0.422037	0.356811	0.300888	0.243536	0.191427	0.158969	0.1386	0.119931	0.0987203	0.0933599	0.104087	0.137874	0.190883	0.252577	0.331406	0.425123	0.530081	0.630434	0.699393	0.714936	0.674529	0.59857	0.500022	0.389342	0.295667	0.241156	0.217384	0.20289	0.191767	0.20068	0.234861	0.271125	0.287967	0.278041	0.236222	0.170926	0.115876	0.0806594	0.0394641	-0.00192164	-0.0210589	-0.0185283	0	
0	-0.00042925	-0.00382862	-0.00333942	-0.00921125	-0.0134132	-0.0245974	-0.0412371	-0.067862	-0.107743	-0.162108	-0.234918	-0.318146	-0.411948	-0.496683	-0.559633	-0.584468	-0.55119	-0.464307	-0.324606	-0.158123	0.0106053	0.156423	0.264911	0.334679	0.375699	0.39152	0.394828	0.383162	0.362589	0.339345	0.313323	0.287051	0.243926	0.164612	0.0579568	-0.0605766	-0.187437	-0.294986	-0.371559	-0.414784	-0.412083	-0.348682	-0.238978	-0.10176	0.0399087	0.18493	0.331548	0.456096	0.54615	0.608673	0.636626	0.630905	0.617733	0.612155	0.602655	0.567978	0.512871	0.452557	0.399437	0.332028	0.264468	0.219246	0.195088	0.170992	0.140877	0.124596	0.128342	0.161021	0.211359	0.272797	0.346437	0.439061	0.549539	0.653798	0.727398	0.741852	0.704005	0.639004	0.549946	0.43943	0.335405	0.272741	0.238724	0.210295	0.193268	0.195405	0.216956	0.231698	0.21286	0.16746	0.0923743	-0.00931682	-0.089809	-0.131387	-0.156691	-0.158577	-0.129993	-0.0777408	0	
0	-0.00505171	-0.0119811	-0.0164912	-0.0259157	-0.0339574	-0.0485652	-0.0679734	-0.0963857	-0.137377	-0.192992	-0.263142	-0.348206	-0.438503	-0.521518	-0.585593	-0.604325	-0.571641	-0.48041	-0.334281	-0.162979	0.0136684	0.168889	0.283092	0.362576	0.405215	0.424614	0.426446	0.407184	0.38227	0.357581	0.335806	0.318413	0.281052	0.207216	0.100202	-0.0383801	-0.183743	-0.309977	-0.414784	-0.493838	-0.517802	-0.483026	-0.406221	-0.298547	-0.167185	-0.0161836	0.13757	0.278015	0.396966	0.495514	0.556838	0.583467	0.598068	0.614202	0.626933	0.615302	0.579292	0.536352	0.489191	0.41916	0.342974	0.288588	0.256343	0.223293	0.190012	0.16748	0.163497	0.190491	0.239765	0.300911	0.375356	0.475734	0.59195	0.702782	0.782235	0.804136	0.777628	0.718062	0.633454	0.518665	0.396976	0.311672	0.249396	0.196235	0.157186	0.134201	0.133639	0.123629	0.0729494	-0.00860768	-0.115512	-0.234153	-0.328513	-0.376119	-0.370258	-0.31818	-0.243411	-0.142275	0	
0	-0.00891505	-0.0184629	-0.0277924	-0.0388693	-0.0514159	-0.067655	-0.0893727	-0.119224	-0.160471	-0.21486	-0.284929	-0.366321	-0.455477	-0.537523	-0.599949	-0.620411	-0.590275	-0.497731	-0.35271	-0.177283	0.00997483	0.172552	0.299654	0.387111	0.434842	0.456926	0.457818	0.442612	0.423896	0.402173	0.39048	0.383427	0.355073	0.293356	0.186196	0.0408846	-0.116902	-0.270726	-0.412083	-0.517802	-0.569684	-0.572026	-0.532692	-0.455409	-0.341974	-0.206038	-0.0567192	0.091185	0.228657	0.345926	0.431882	0.490257	0.530836	0.569003	0.60296	0.617038	0.610426	0.591585	0.558598	0.494904	0.422003	0.364738	0.317945	0.276597	0.244115	0.219703	0.208985	0.226941	0.273914	0.336681	0.416711	0.527837	0.652786	0.76642	0.852603	0.894365	0.882956	0.827337	0.739492	0.609732	0.463904	0.341572	0.239869	0.158024	0.0938208	0.047396	0.0153256	-0.0325639	-0.109761	-0.218052	-0.353346	-0.485365	-0.58388	-0.623882	-0.590728	-0.498034	-0.36507	-0.196504	0	
