0	0	0	0	0	0	0	0	0	0	0	0	0	0	0	0	0	0	0	0	0	0	0	0	0	0	0	0	0	0	0	0	0	0	0	0	0	0	0	0	0	0	0	0	0	0	0	0	0	0	0	0	0	0	0	0	0	0	0	0	0	0	0	0	0	0	0	0	0	0	0	0	0	0	0	0	0	0	0	0	0	0	0	0	0	0	0	0	0	0	0	0	0	0	0	0	0	0	0	0	
0	-0.000395725	-0.00150204	-0.0012608	-0.000476385	-0.000267475	-0.000397956	0.00201717	-0.000633552	-0.00071914	0.00110853	-0.00146756	-0.000564458	0.00276376	0.00254276	-0.000689829	-0.000459928	-0.00124634	0.000656765	0.00135433	-0.0013554	-0.000647399	-0.000246022	-0.000327379	-0.00179712	0.000949273	-0.000756042	-0.00269445	0.00111815	-0.000696664	-0.00169383	-0.00124256	0.00140931	-0.00248851	-0.000598606	-0.00121208	0.00137405	-0.00207672	-0.00190362	0.000262721	0.00153482	-0.0030819	-0.00352862	-0.00012756	-0.00246263	-0.0100349	-0.0142466	-0.019864	-0.02703	-0.0401259	-0.0530957	-0.0612856	-0.0562351	-0.0400856	-0.0198442	0.00640893	0.0421278	0.0787222	0.0996035	0.104374	0.0917744	0.0717941	0.0492518	0.0267697	0.00837474	-0.00983703	-0.0329997	-0.0516544	-0.0578115	-0.0626255	-0.0615008	-0.0547423	-0.0451184	-0.0245357	-0.00238195	0.0169438	0.0365328	0.0568337	0.0791204	0.0973288	0.104939	0.094266	0.0650671	0.0290268	-0.00488653	-0.0286025	-0.045052	-0.0602564	-0.0610278	-0.0465771	-0.0344716	-0.0257716	-0.0173118	-0.0124071	-0.00714291	-0.00173749	-0.00155396	-0.0022167	-0.000422406	0	
0	-0.00150204	0.00546567	-0.000977501	0.00147081	0.00216962	-0.003548	0.000937069	-0.00118299	-0.000413096	0.00171553	-0.00108682	0.00101551	-0.00201305	-0.00698901	0.00153647	0.0018093	0.000218913	-0.00232316	0.00171417	-0.00282442	0.00147518	0.00169927	0.000224607	-0.00229383	0.00309726	0.000333067	-0.00229454	0.00306607	0.00100693	-0.00255112	0.000949797	0.0028715	-0.00174146	-0.000715466	4.57971e-05	0.00328156	-0.00295055	-0.00205583	-5.34318e-05	0.00414366	-0.00760595	-0.00604976	-0.00244023	-0.00689945	-0.0211438	-0.0315521	-0.0408701	-0.0570912	-0.0825033	-0.105502	-0.124281	-0.109355	-0.080115	-0.038647	0.0170544	0.0840165	0.159082	0.198946	0.204637	0.182255	0.140646	0.0946415	0.0552504	0.019169	-0.0181727	-0.0600184	-0.0996688	-0.119342	-0.127808	-0.125388	-0.114362	-0.0881523	-0.0399731	-0.0011155	0.0292377	0.0698135	0.115518	0.160303	0.19498	0.208254	0.185578	0.128799	0.0584194	-0.00996387	-0.0583578	-0.0904903	-0.118956	-0.120679	-0.09351	-0.0692177	-0.0510853	-0.034367	-0.0246915	-0.0144041	-0.00380424	-0.00292394	-0.00420251	-0.00114308	0	
0	-0.0012608	-0.000977501	-0.00193517	-0.00104518	0.000895948	-0.00158689	0.00324772	-0.00117018	-0.00118715	0.0016146	-0.00297468	2.10504e-05	0.00323096	0.00231324	0.00028803	-0.00144531	-0.00225259	-6.55499e-05	0.00189497	-0.00153474	-0.000882737	-0.000760288	-0.0017805	-0.00241202	0.00243742	-0.00177993	-0.00531855	0.00272135	-0.000872796	-0.00427098	-0.00106798	0.0022015	-0.00430582	-0.002144	-0.00123796	0.00222373	-0.00427553	-0.00469992	0.00092842	0.00285823	-0.00865572	-0.00905458	-0.00232311	-0.0100697	-0.0296004	-0.0435544	-0.0594864	-0.0835388	-0.120675	-0.157181	-0.181084	-0.164724	-0.121802	-0.0603079	0.0194084	0.124538	0.231823	0.293367	0.307024	0.272519	0.214621	0.148041	0.0852255	0.0306145	-0.027286	-0.0941322	-0.151325	-0.177177	-0.189003	-0.186004	-0.168039	-0.131816	-0.0676137	-0.00335605	0.0533419	0.111585	0.173547	0.238497	0.28865	0.307775	0.276542	0.192319	0.0844269	-0.0167965	-0.0872788	-0.136107	-0.176921	-0.178052	-0.13961	-0.104068	-0.0762799	-0.051256	-0.0364631	-0.021665	-0.00654257	-0.00411675	-0.00576721	-0.00227122	0	
0	-0.000476385	0.00147081	-0.00104518	0.000253218	0.000642402	-0.00280015	0.00188545	-0.000714695	-0.000963581	0.00285057	-0.0015123	-0.000398239	0.000512536	-0.00407535	0.000623461	0.00126502	-0.000781638	-0.000154821	0.00157588	-0.00439601	-0.000252104	0.00214723	0.000226337	-0.00414275	0.00223824	-0.00101702	-0.00337053	0.00268361	-0.000715572	-0.0040683	0.000134705	0.0021514	-0.00385845	-0.00189214	-0.00071812	0.00237211	-0.00476445	-0.00429882	0.000438333	0.00274733	-0.0112873	-0.0101327	-0.00577945	-0.0153785	-0.0396699	-0.0580329	-0.0799773	-0.113568	-0.160593	-0.208278	-0.236319	-0.217681	-0.161916	-0.0823073	0.0262175	0.164438	0.302718	0.385596	0.401608	0.360354	0.284591	0.198581	0.119212	0.0460468	-0.0310877	-0.12089	-0.19831	-0.238025	-0.256472	-0.251445	-0.225589	-0.171755	-0.0826734	0.00157057	0.073264	0.149947	0.232982	0.317731	0.383869	0.40583	0.359509	0.249142	0.110312	-0.0219867	-0.11806	-0.183801	-0.231738	-0.231362	-0.185651	-0.139453	-0.100757	-0.0676729	-0.0477565	-0.0289581	-0.0100669	-0.00521709	-0.00683717	-0.00370184	0	
0	-0.000267475	0.00216962	0.000895948	0.000642402	0.00173503	-0.00117529	4.04916e-05	-0.00228236	-0.000740988	-0.000676102	-0.00243729	0.00172728	-0.000768503	-0.00282684	0.000712674	-0.00121225	-0.000561211	-0.00161256	-0.00020581	0.000432584	0.00103047	-0.000750977	-0.00238813	-0.000127814	0.00274045	-0.00123903	-0.00304009	0.00262124	-0.000200744	-0.00330658	0.00103874	0.000929939	-0.00240154	-0.00205665	0.000433703	0.000929641	-0.00362559	-0.00426714	0.00095585	0.000580996	-0.0110945	-0.0112746	-0.00846293	-0.0218953	-0.0474831	-0.0713706	-0.0998897	-0.142908	-0.200395	-0.256	-0.289681	-0.268253	-0.204732	-0.10581	0.0303982	0.200999	0.36832	0.471399	0.493937	0.446194	0.357569	0.252635	0.155726	0.0652387	-0.0373151	-0.147361	-0.242891	-0.29954	-0.318998	-0.313667	-0.283681	-0.21149	-0.101799	0.00651858	0.101396	0.194758	0.296364	0.398048	0.471343	0.492943	0.439684	0.307206	0.132515	-0.031756	-0.149805	-0.23025	-0.283259	-0.281617	-0.231009	-0.174337	-0.124607	-0.0840781	-0.0584822	-0.0359017	-0.0143593	-0.00662018	-0.00746763	-0.0050161	0	
0	-0.000397956	-0.003548	-0.00158689	-0.00280015	-0.00117529	-7.51564e-05	0.00114193	0.00219548	0.000779205	0.00123666	0.000486332	-0.00154976	0.000249621	0.00202668	0.000432575	-0.000999388	-0.00183039	0.000758715	-0.00154014	-0.00157758	-0.00398825	-0.000235665	-0.00136112	-0.00263621	-0.00233431	-0.00273864	-0.00267206	-0.00135061	-0.00278027	-0.00413516	-0.00124181	-0.002707	-0.003452	-0.00402195	-0.00132315	-0.00315461	-0.00389704	-0.00606528	-0.000444918	-0.00415431	-0.0105426	-0.012612	-0.0127728	-0.027774	-0.0542851	-0.0815881	-0.118048	-0.170505	-0.234866	-0.30104	-0.334392	-0.318209	-0.246539	-0.13105	0.0301015	0.232915	0.423322	0.54756	0.579218	0.529948	0.431169	0.31406	0.199855	0.0875732	-0.036961	-0.173366	-0.290391	-0.359327	-0.385014	-0.379118	-0.335495	-0.244977	-0.119141	0.0130803	0.133163	0.244667	0.359897	0.473916	0.558414	0.579687	0.510695	0.353307	0.15125	-0.0380162	-0.181122	-0.279135	-0.332653	-0.327061	-0.274141	-0.208765	-0.148419	-0.100532	-0.0684292	-0.0422138	-0.0193323	-0.00879147	-0.00779449	-0.00563596	0	
0	0.00201717	0.000937069	0.00324772	0.00188545	4.04916e-05	0.00114193	-0.00356604	-0.0013174	-0.00247447	-0.00301336	0.000604542	-0.00122005	-0.000653532	-0.00107587	-0.00297103	0.00030943	0.00013501	0.000158854	-0.0013794	0.00145316	0.00031353	-7.3104e-05	0.000533824	-0.000372856	0.0002213	-8.58845e-05	0.00110445	-0.00125583	-3.34651e-05	-0.000259089	0.000151813	-0.00139363	-0.00028547	-0.000937048	-0.000303255	-0.00189006	-0.00136491	-0.00251248	-0.00115628	-0.00488397	-0.00825821	-0.0121855	-0.0179736	-0.0349165	-0.0613257	-0.094745	-0.139822	-0.201516	-0.273715	-0.345143	-0.380534	-0.367615	-0.288336	-0.157119	0.0337828	0.262953	0.475226	0.619955	0.658427	0.610473	0.503742	0.373361	0.244172	0.112211	-0.0364918	-0.193112	-0.328372	-0.416435	-0.450023	-0.443693	-0.390021	-0.280414	-0.13191	0.0274	0.168505	0.296065	0.428053	0.552638	0.638925	0.65388	0.572898	0.396594	0.168551	-0.0474526	-0.215562	-0.326654	-0.376822	-0.368847	-0.316111	-0.242112	-0.17153	-0.117071	-0.077977	-0.0477588	-0.0246115	-0.0120821	-0.00807008	-0.00505979	0	
0	-0.000633552	-0.00118299	-0.00117018	-0.000714695	-0.00228236	0.00219548	-0.0013174	0.000759725	0.00328911	-0.00212159	0.00185912	-0.000419596	-0.00282165	0.00155911	-0.00249717	-0.000377881	-0.000355491	-0.00220208	-0.00398815	0.00103981	-0.00233479	-0.00356203	-0.0020688	-0.000337841	-0.00431941	-0.00119763	-0.00149094	-0.00451492	-0.00233464	-0.000614515	-0.00396958	-0.0041631	-0.00170046	-0.00277866	-0.00377716	-0.00528883	-0.00220517	-0.00404325	-0.00534844	-0.00919582	-0.00727949	-0.0148182	-0.0244208	-0.041744	-0.0666711	-0.105052	-0.15904	-0.226816	-0.307094	-0.379659	-0.420665	-0.410614	-0.329631	-0.18278	0.0330123	0.282242	0.514815	0.676008	0.728598	0.686578	0.57909	0.442037	0.296851	0.143519	-0.0331893	-0.211675	-0.367253	-0.475192	-0.513835	-0.505301	-0.438699	-0.308418	-0.142037	0.0401877	0.2063	0.353944	0.499587	0.629683	0.714026	0.720285	0.626012	0.43071	0.180319	-0.0572301	-0.248096	-0.372368	-0.41943	-0.408059	-0.354282	-0.273076	-0.19484	-0.13427	-0.0870594	-0.0522263	-0.0298945	-0.0167367	-0.00854036	-0.00302864	0	
0	-0.00071914	-0.000413096	-0.00118715	-0.000963581	-0.000740988	0.000779205	-0.00247447	0.00328911	-0.00189491	-0.00234315	0.0031561	-0.00433681	-6.70558e-05	0.0032449	-0.00256062	0.000674458	-0.00149595	-0.0012055	5.45236e-05	0.000494706	-0.00427595	-0.00174464	0.00264962	-0.00249617	-0.0051768	0.000117279	0.000926796	-0.00665596	-0.000492155	-6.58811e-05	-0.00444043	-0.00413485	-9.20744e-05	-0.00235642	-0.00457363	-0.00492882	-0.000714287	-0.00269217	-0.00795176	-0.00909324	-0.00515685	-0.0157024	-0.030302	-0.046832	-0.0713228	-0.11722	-0.177881	-0.255241	-0.338074	-0.415738	-0.45878	-0.454983	-0.37096	-0.207317	0.029616	0.297892	0.546056	0.724788	0.791853	0.760863	0.65437	0.51264	0.352827	0.17168	-0.0262143	-0.225797	-0.403608	-0.523996	-0.575154	-0.566809	-0.480978	-0.333857	-0.150389	0.0558468	0.247084	0.418355	0.574296	0.701768	0.783101	0.780898	0.667711	0.452728	0.188572	-0.0655657	-0.280108	-0.417072	-0.459565	-0.443611	-0.388548	-0.302356	-0.218279	-0.151437	-0.0958251	-0.0560684	-0.0349457	-0.0224066	-0.00935324	0.000139202	0	
0	0.00110853	0.00171553	0.0016146	0.00285057	-0.000676102	0.00123666	-0.00301336	-0.00212159	-0.00234315	-0.00316739	0.0013861	-0.00259639	0.000240705	-6.01366e-05	-0.00524881	0.000219935	0.000270409	-0.000843766	-0.0020386	0.00058802	0.0010261	-0.0022069	0.000122495	-0.00149652	-0.00159337	0.00164219	-0.000324751	-0.00575689	0.00169586	0.000813044	-0.00498805	-0.00233372	0.00100051	-0.00180337	-0.00492946	-0.00369629	0.000591883	-0.00235525	-0.0100408	-0.00836027	-0.00404706	-0.0182352	-0.0364724	-0.0514672	-0.0779647	-0.129818	-0.198996	-0.281323	-0.369086	-0.447117	-0.496132	-0.495492	-0.408914	-0.228997	0.0261688	0.307011	0.569121	0.761332	0.847188	0.827757	0.729032	0.585547	0.407197	0.204593	-0.0175401	-0.236556	-0.428294	-0.568955	-0.633449	-0.620116	-0.521661	-0.357969	-0.153387	0.0758675	0.291648	0.482438	0.648876	0.778069	0.847362	0.824915	0.696111	0.470485	0.193973	-0.0783241	-0.311542	-0.456346	-0.496763	-0.477645	-0.419364	-0.329096	-0.241097	-0.168448	-0.104826	-0.0597931	-0.0394418	-0.0283168	-0.0106146	0.00352957	0	
0	-0.00146756	-0.00108682	-0.00297468	-0.0015123	-0.00243729	0.000486332	0.000604542	0.00185912	0.0031561	0.0013861	0.000283558	-0.00130131	-0.000797798	-0.0023074	-0.00185255	0.000579482	-0.00113066	-0.00492706	-0.00066573	-0.00376312	-0.0036524	-0.00488457	0.000391124	-0.00391943	-0.00610664	-0.000915445	-0.00343372	-0.00667572	-0.00134544	-0.00224957	-0.00788885	-0.00342487	-0.00244894	-0.00439757	-0.00840278	-0.00478074	-0.00280638	-0.00511454	-0.0147436	-0.0088533	-0.0071524	-0.0230031	-0.0426093	-0.0559079	-0.0845642	-0.141899	-0.216723	-0.302611	-0.393486	-0.47211	-0.528082	-0.530572	-0.441579	-0.249121	0.0175678	0.305477	0.576345	0.783455	0.889301	0.889481	0.805984	0.662575	0.469393	0.240758	-0.00575425	-0.243367	-0.452609	-0.610443	-0.686277	-0.666272	-0.552681	-0.372708	-0.14978	0.0945306	0.331852	0.550016	0.728038	0.848296	0.902394	0.864145	0.715538	0.473962	0.190598	-0.0900911	-0.336424	-0.491522	-0.534568	-0.509952	-0.445103	-0.353241	-0.263625	-0.185027	-0.114019	-0.0640094	-0.0434304	-0.0334365	-0.0122322	0.00585899	0	
0	-0.000564458	0.00101551	2.10504e-05	-0.000398239	0.00172728	-0.00154976	-0.00122005	-0.000419596	-0.00433681	-0.00259639	-0.00130131	-0.0023045	0.00061965	-0.000429036	0.00405058	-0.00259406	-0.00189416	-0.000671645	0.00105402	0.000386698	-0.000200151	-0.000249014	-0.000849291	-0.00166838	-0.00159474	0.00088026	-0.00215909	-0.0041867	0.00155488	-0.0030244	-0.00358349	-0.0026454	0.000459489	-0.00486782	-0.00395377	-0.0036693	0.000185187	-0.00544516	-0.0113793	-0.00592148	-0.00685595	-0.0243788	-0.043955	-0.057986	-0.0909851	-0.155439	-0.233436	-0.326778	-0.417153	-0.502003	-0.562658	-0.566068	-0.474405	-0.266464	0.0047711	0.300272	0.578635	0.798958	0.927154	0.94877	0.88002	0.736804	0.526697	0.270403	0.00586612	-0.245642	-0.468291	-0.63766	-0.724102	-0.702373	-0.577845	-0.382476	-0.147398	0.109951	0.377036	0.62205	0.805004	0.915929	0.951132	0.888435	0.720765	0.472288	0.184848	-0.105086	-0.359717	-0.521749	-0.569117	-0.539374	-0.468195	-0.376226	-0.284629	-0.19994	-0.123675	-0.0697955	-0.0470656	-0.03654	-0.0139889	0.00577291	0	
0	0.00276376	-0.00201305	0.00323096	0.000512536	-0.000768503	0.000249621	-0.000653532	-0.00282165	-6.70558e-05	0.000240705	-0.000797798	0.00061965	0.000498524	-0.0049899	-0.00291769	-0.00499535	-7.32357e-05	0.00203966	-0.00479309	-0.00309654	-0.00292058	-0.00111841	-0.0043326	-0.000803266	-0.00301067	-0.00256382	-0.0040063	-0.00237149	-0.00186022	-0.00512896	-0.00308361	-0.00382086	-0.00217706	-0.00695201	-0.00370298	-0.00589791	-0.00232485	-0.00946399	-0.0109787	-0.00847829	-0.0123139	-0.0293177	-0.047976	-0.0628959	-0.102738	-0.168106	-0.251267	-0.34517	-0.437793	-0.526762	-0.589953	-0.594353	-0.494862	-0.281288	-0.00893629	0.287432	0.56788	0.800484	0.950969	0.996699	0.948773	0.809467	0.581703	0.306529	0.0233843	-0.243589	-0.471873	-0.65731	-0.754942	-0.726741	-0.595608	-0.387956	-0.138205	0.135379	0.424439	0.683304	0.872994	0.981087	0.994627	0.904188	0.717424	0.460542	0.169473	-0.121587	-0.376126	-0.54589	-0.601646	-0.56733	-0.489568	-0.39727	-0.303069	-0.213325	-0.134164	-0.0774401	-0.0504099	-0.037003	-0.0157136	0.00252694	0	
0	0.00254276	-0.00698901	0.00231324	-0.00407535	-0.00282684	0.00202668	-0.00107587	0.00155911	0.0032449	-6.01366e-05	-0.0023074	-0.000429036	-0.0049899	-0.000287739	0.00122044	0.000899529	-0.00260356	-0.00224924	-0.00599539	0.000543133	-0.00195966	-0.00221116	-0.00448729	-0.000751501	-0.0040139	-0.00414185	-0.00273757	-0.00152184	-0.0061855	-0.00388193	-0.00288139	-0.0040428	-0.00581214	-0.00520783	-0.00417546	-0.00595347	-0.00522543	-0.0100119	-0.00804898	-0.0111485	-0.0150153	-0.0323453	-0.0465301	-0.0685652	-0.111716	-0.178969	-0.265578	-0.359998	-0.457185	-0.550944	-0.615657	-0.619476	-0.511403	-0.298192	-0.0287171	0.267464	0.546374	0.794192	0.965988	1.03924	1.01572	0.876568	0.63699	0.341692	0.0393101	-0.235941	-0.473788	-0.667855	-0.765937	-0.735936	-0.597387	-0.379398	-0.126101	0.154268	0.460315	0.742045	0.946605	1.04159	1.02443	0.907992	0.704709	0.441771	0.15039	-0.138559	-0.390433	-0.565982	-0.62907	-0.592268	-0.51071	-0.417147	-0.318779	-0.225062	-0.145055	-0.0867276	-0.0538813	-0.035134	-0.0171555	-0.00347022	0	
0	-0.000689829	0.00153647	0.00028803	0.000623461	0.000712674	0.000432575	-0.00297103	-0.00249717	-0.00256062	-0.00524881	-0.00185255	0.00405058	-0.00291769	0.00122044	0.001697	-0.00530355	-0.00118295	0.00017313	-0.00011273	-0.000801947	-0.000115419	-0.0029529	-0.00395301	0.000763326	-0.0019763	-0.00510836	-0.00105314	-0.00161941	-0.00660384	-0.00219485	-0.00170133	-0.00531982	-0.00589705	-0.00293338	-0.00381843	-0.00540898	-0.00770702	-0.00642142	-0.00676539	-0.011672	-0.0191948	-0.0305915	-0.0460131	-0.0751242	-0.120458	-0.190608	-0.277795	-0.375332	-0.478832	-0.574495	-0.643297	-0.637465	-0.525773	-0.316234	-0.0471495	0.240733	0.524563	0.782897	0.972808	1.07769	1.06984	0.93169	0.68369	0.369455	0.0560727	-0.22124	-0.462323	-0.657228	-0.754284	-0.728065	-0.592331	-0.37111	-0.112921	0.178079	0.502616	0.798674	1.00346	1.0861	1.04787	0.905851	0.685295	0.417779	0.125597	-0.158608	-0.402582	-0.580093	-0.649911	-0.614991	-0.532949	-0.435875	-0.331592	-0.235267	-0.155944	-0.0970066	-0.0578021	-0.032101	-0.0181584	-0.0106564	0	
0	-0.000459928	0.0018093	-0.00144531	0.00126502	-0.00121225	-0.000999388	0.00030943	-0.000377881	0.000674458	0.000219935	0.000579482	-0.00259406	-0.00499535	0.000899529	-0.00530355	-0.00662868	0.00226341	-0.00218224	-0.00381736	-0.00424989	-0.00242777	-0.00448634	-0.00237831	0.000579185	-0.00589396	-0.00611016	0.00101403	-0.00284706	-0.00862408	-0.00097499	-0.002383	-0.00687477	-0.00645465	-0.00245601	-0.00510476	-0.00759093	-0.0102739	-0.00549477	-0.00823075	-0.0171466	-0.0242686	-0.0309828	-0.0500878	-0.0850804	-0.132082	-0.201699	-0.289468	-0.390126	-0.49747	-0.59627	-0.660867	-0.646012	-0.533677	-0.329225	-0.069301	0.211987	0.495456	0.757847	0.969265	1.09925	1.10801	0.979368	0.725191	0.401643	0.0840007	-0.200992	-0.444175	-0.632604	-0.730198	-0.706074	-0.566296	-0.348842	-0.0945187	0.206435	0.539559	0.837599	1.04621	1.12415	1.0638	0.89613	0.660085	0.386291	0.096723	-0.176882	-0.413479	-0.591307	-0.664084	-0.634644	-0.555954	-0.45343	-0.342295	-0.244674	-0.166261	-0.106883	-0.0622925	-0.0298689	-0.0187554	-0.0166319	0	
0	-0.00124634	0.000218913	-0.00225259	-0.000781638	-0.000561211	-0.00183039	0.00013501	-0.000355491	-0.00149595	0.000270409	-0.00113066	-0.00189416	-7.32357e-05	-0.00260356	-0.00118295	0.00226341	0.00123175	-0.00633906	-0.00316834	-0.00114985	-0.00122882	-0.00214776	-0.00410654	-0.00232273	-0.00640056	-0.00312548	-2.02009e-05	-0.00750817	-0.00759589	-0.000615204	-0.00398117	-0.00986192	-0.00501568	-0.0037995	-0.00532886	-0.0105849	-0.0092112	-0.00445117	-0.00875455	-0.0208563	-0.024166	-0.028103	-0.0528008	-0.0916629	-0.138991	-0.208323	-0.297138	-0.404143	-0.515346	-0.617681	-0.675467	-0.653027	-0.544908	-0.34658	-0.096591	0.180852	0.464014	0.731301	0.962528	1.11235	1.1352	1.01248	0.756116	0.429178	0.108383	-0.176785	-0.41269	-0.589267	-0.681294	-0.657466	-0.526097	-0.322206	-0.0675194	0.235836	0.56318	0.866815	1.08267	1.14806	1.06507	0.877976	0.628915	0.353646	0.0719747	-0.196442	-0.429835	-0.598953	-0.66936	-0.651351	-0.579175	-0.469826	-0.352483	-0.253976	-0.174961	-0.114897	-0.0675909	-0.0304192	-0.0189901	-0.0190768	0	
0	0.000656765	-0.00232316	-6.55499e-05	-0.000154821	-0.00161256	0.000758715	0.000158854	-0.00220208	-0.0012055	-0.000843766	-0.00492706	-0.000671645	0.00203966	-0.00224924	0.00017313	-0.00218224	-0.00633906	-0.00296682	0.00215543	-0.00235509	-0.00241275	-0.00509481	-0.00329742	-0.00206318	-0.00284411	-0.00386261	-0.00292562	-0.00702308	-0.00354566	-0.0013638	-0.00695183	-0.00778695	-0.00411656	-0.00338733	-0.00781407	-0.0098205	-0.00889705	-0.00289723	-0.0125667	-0.0229989	-0.0233723	-0.0281791	-0.058564	-0.0997188	-0.146357	-0.214937	-0.307966	-0.418436	-0.535534	-0.635378	-0.68313	-0.657857	-0.551123	-0.364874	-0.120462	0.152576	0.430357	0.702913	0.945665	1.10766	1.14328	1.02759	0.775936	0.456909	0.137043	-0.145267	-0.365572	-0.527608	-0.611216	-0.585412	-0.470545	-0.286216	-0.0371076	0.261631	0.588647	0.893583	1.09545	1.14523	1.05465	0.857459	0.599132	0.323125	0.0444475	-0.221156	-0.444865	-0.600415	-0.671759	-0.666595	-0.598678	-0.484801	-0.364471	-0.263438	-0.181178	-0.120456	-0.0737097	-0.0345137	-0.0189958	-0.0171232	0	
0	0.00135433	0.00171417	0.00189497	0.00157588	-0.00020581	-0.00154014	-0.0013794	-0.00398815	5.45236e-05	-0.0020386	-0.00066573	0.00105402	-0.00479309	-0.00599539	-0.00011273	-0.00381736	-0.00316834	0.00215543	-0.00134299	-0.00684055	-0.00357678	-0.00108451	-0.00106173	-0.00309157	-0.00468108	-0.00344091	-0.00346814	-0.00364911	-0.00352407	-0.00429492	-0.00664819	-0.00488124	-0.00392767	-0.00556104	-0.00774083	-0.00940602	-0.00678005	-0.00483233	-0.0157359	-0.0231062	-0.0224144	-0.0301673	-0.0667438	-0.105279	-0.153439	-0.221359	-0.31967	-0.43458	-0.554609	-0.648286	-0.687945	-0.659207	-0.560489	-0.381013	-0.141507	0.125383	0.400867	0.671543	0.919609	1.0872	1.12877	1.02232	0.786594	0.480527	0.169312	-0.0976248	-0.30393	-0.449212	-0.518313	-0.499512	-0.403231	-0.231055	0.0064936	0.29078	0.607808	0.897986	1.0825	1.12867	1.03822	0.832554	0.56491	0.289229	0.0193482	-0.239687	-0.458162	-0.605658	-0.675042	-0.675034	-0.61175	-0.500796	-0.379336	-0.272238	-0.185124	-0.124097	-0.0800242	-0.0412049	-0.0191491	-0.0120476	0	
0	-0.0013554	-0.00282442	-0.00153474	-0.00439601	0.000432584	-0.00157758	0.00145316	0.00103981	0.000494706	0.00058802	-0.00376312	0.000386698	-0.00309654	0.000543133	-0.000801947	-0.00424989	-0.00114985	-0.00235509	-0.00684055	-0.00601	0.000150059	-0.00163311	-0.00886276	-0.00644612	-0.00279096	-0.00374868	-0.00852204	-0.00398774	-0.00673331	-0.00690684	-0.00760833	-0.00529059	-0.00848508	-0.00808774	-0.00995664	-0.00958852	-0.0087385	-0.0097487	-0.0189806	-0.022845	-0.022029	-0.0368007	-0.0714902	-0.109678	-0.155856	-0.226922	-0.329372	-0.447564	-0.568816	-0.653041	-0.688709	-0.661577	-0.571347	-0.398045	-0.163106	0.10009	0.368809	0.638294	0.884185	1.05008	1.09847	1.00251	0.78852	0.500278	0.20372	-0.0453206	-0.231791	-0.350727	-0.405299	-0.389682	-0.308362	-0.162978	0.0484258	0.317805	0.620838	0.88759	1.05501	1.09804	1.00328	0.792922	0.530511	0.266483	0.00196554	-0.260213	-0.475245	-0.611491	-0.676203	-0.678552	-0.620878	-0.516916	-0.395074	-0.280604	-0.188437	-0.12674	-0.0854324	-0.0482515	-0.0199219	-0.00687106	0	
0	-0.000647399	0.00147518	-0.000882737	-0.000252104	0.00103047	-0.00398825	0.00031353	-0.00233479	-0.00427595	0.0010261	-0.0036524	-0.000200151	-0.00292058	-0.00195966	-0.000115419	-0.00242777	-0.00122882	-0.00241275	-0.00357678	0.000150059	-0.000648124	-0.00467903	-0.00744204	0.000929108	-0.000464109	-0.00831637	-0.00672363	0.000611973	-0.00649468	-0.00779864	-0.00428138	-0.00458231	-0.0082177	-0.00769978	-0.00727323	-0.00754348	-0.00789808	-0.0124274	-0.0161562	-0.0190357	-0.0221362	-0.0422245	-0.0736064	-0.111028	-0.159141	-0.235275	-0.341548	-0.464507	-0.580281	-0.659426	-0.691062	-0.669724	-0.58386	-0.411504	-0.178228	0.0823338	0.344846	0.606555	0.83938	0.997623	1.04274	0.962942	0.774808	0.51048	0.245381	0.0207315	-0.138321	-0.230769	-0.277	-0.264286	-0.200651	-0.0818013	0.104458	0.34801	0.62363	0.863207	1.01095	1.04315	0.947672	0.751567	0.505815	0.246482	-0.019971	-0.27824	-0.484117	-0.617774	-0.683062	-0.680494	-0.62413	-0.530528	-0.410882	-0.28936	-0.192437	-0.129586	-0.0890695	-0.0528491	-0.0216155	-0.00518058	0	
0	-0.000246022	0.00169927	-0.000760288	0.00214723	-0.000750977	-0.000235665	-7.3104e-05	-0.00356203	-0.00174464	-0.0022069	-0.00488457	-0.000249014	-0.00111841	-0.00221116	-0.0029529	-0.00448634	-0.00214776	-0.00509481	-0.00108451	-0.00163311	-0.00467903	-0.00690418	-0.0015476	-0.00098766	-0.00522105	-0.0103902	-0.000241636	-0.00127201	-0.0102626	-0.00772121	-0.00157815	-0.00635776	-0.0102289	-0.0075996	-0.0071128	-0.00675815	-0.0126527	-0.0142329	-0.0153488	-0.0174103	-0.0290314	-0.0483944	-0.0754328	-0.113538	-0.164346	-0.245918	-0.354244	-0.477366	-0.586753	-0.660346	-0.694427	-0.678685	-0.592976	-0.422092	-0.187004	0.0674375	0.322358	0.570175	0.782868	0.927321	0.971512	0.909411	0.747987	0.519662	0.287472	0.0966699	-0.0264338	-0.0982627	-0.130958	-0.11982	-0.0766331	0.0142777	0.166491	0.378065	0.619796	0.824688	0.94989	0.96941	0.878845	0.706934	0.478783	0.223792	-0.0353518	-0.283576	-0.490474	-0.632148	-0.693025	-0.678447	-0.624569	-0.542249	-0.424111	-0.297839	-0.198803	-0.134074	-0.0902177	-0.052958	-0.0243719	-0.00919066	0	
0	-0.000327379	0.000224607	-0.0017805	0.000226337	-0.00238813	-0.00136112	0.000533824	-0.0020688	0.00264962	0.000122495	0.000391124	-0.000849291	-0.0043326	-0.00448729	-0.00395301	-0.00237831	-0.00410654	-0.00329742	-0.00106173	-0.00886276	-0.00744204	-0.0015476	-0.00329306	-0.00801264	-0.00780358	-0.00548117	-0.00254527	-0.00774431	-0.0127577	-0.0043929	-0.00437443	-0.0107512	-0.0126726	-0.00788307	-0.00789972	-0.0103203	-0.0177857	-0.0155995	-0.0135504	-0.0205159	-0.0376039	-0.0512076	-0.0763985	-0.114259	-0.172472	-0.254452	-0.366021	-0.484105	-0.587709	-0.660893	-0.700379	-0.687992	-0.60058	-0.426499	-0.192061	0.0563445	0.302297	0.52589	0.715762	0.841517	0.884332	0.84239	0.71123	0.524521	0.336148	0.189134	0.0982386	0.0472631	0.025127	0.0309833	0.063257	0.129392	0.242302	0.408688	0.603259	0.773811	0.872975	0.878518	0.803834	0.65591	0.442113	0.204837	-0.0377188	-0.285009	-0.500911	-0.645314	-0.699133	-0.680099	-0.628883	-0.548388	-0.430827	-0.307171	-0.208915	-0.139857	-0.0888551	-0.049237	-0.0278975	-0.0177218	0	
0	-0.00179712	-0.00229383	-0.00241202	-0.00414275	-0.000127814	-0.00263621	-0.000372856	-0.000337841	-0.00249617	-0.00149652	-0.00391943	-0.00166838	-0.000803266	-0.000751501	0.000763326	0.000579185	-0.00232273	-0.00206318	-0.00309157	-0.00644612	0.000929108	-0.00098766	-0.00801264	-0.00587649	-0.00263923	-0.00472266	-0.00665817	-0.0078766	-0.00780242	-0.00321432	-0.00782101	-0.0112793	-0.00993791	-0.00572678	-0.00774658	-0.0120261	-0.0176491	-0.0104667	-0.0100248	-0.0233642	-0.0397972	-0.0477859	-0.0717735	-0.115507	-0.177493	-0.262769	-0.373357	-0.487008	-0.58891	-0.666784	-0.714445	-0.700858	-0.609016	-0.429899	-0.196234	0.0492356	0.280293	0.480061	0.643056	0.749252	0.79414	0.764722	0.665095	0.521249	0.381823	0.286629	0.232446	0.207372	0.194917	0.198958	0.219905	0.252582	0.321038	0.435887	0.57991	0.713423	0.786309	0.784932	0.718515	0.585483	0.40313	0.196793	-0.038479	-0.289362	-0.505406	-0.649496	-0.707257	-0.691837	-0.634756	-0.546478	-0.433139	-0.318108	-0.220309	-0.145472	-0.0871513	-0.0448687	-0.0309397	-0.0262946	0	
0	0.000949273	0.00309726	0.00243742	0.00223824	0.00274045	-0.00233431	0.0002213	-0.00431941	-0.0051768	-0.00159337	-0.00610664	-0.00159474	-0.00301067	-0.0040139	-0.0019763	-0.00589396	-0.00640056	-0.00284411	-0.00468108	-0.00279096	-0.000464109	-0.00522105	-0.00780358	-0.00263923	-0.00274335	-0.00476474	-0.00709044	-0.00497741	-0.00508607	-0.0046994	-0.00922092	-0.00856593	-0.00714955	-0.00601701	-0.0095784	-0.0146296	-0.0153757	-0.00871373	-0.0131032	-0.0316948	-0.0421257	-0.0476844	-0.0748771	-0.124206	-0.1895	-0.274107	-0.38165	-0.489603	-0.592895	-0.678113	-0.727618	-0.708495	-0.607524	-0.424012	-0.191133	0.0473855	0.257589	0.427099	0.559447	0.648131	0.690439	0.676086	0.60921	0.514119	0.436536	0.395382	0.381893	0.377885	0.368913	0.372599	0.378247	0.382385	0.408588	0.463992	0.555497	0.648164	0.692476	0.683458	0.621384	0.51042	0.365355	0.183428	-0.042034	-0.286827	-0.502404	-0.651116	-0.717969	-0.707659	-0.640922	-0.54274	-0.434263	-0.326979	-0.229246	-0.150777	-0.0880053	-0.0432366	-0.0319876	-0.0297581	0	
0	-0.000756042	0.000333067	-0.00177993	-0.00101702	-0.00123903	-0.00273864	-8.58845e-05	-0.00119763	0.000117279	0.00164219	-0.000915445	0.00088026	-0.00256382	-0.00414185	-0.00510836	-0.00611016	-0.00312548	-0.00386261	-0.00344091	-0.00374868	-0.00831637	-0.0103902	-0.00548117	-0.00472266	-0.00476474	-0.0105696	-0.0109943	-0.00606877	-0.00645707	-0.0117594	-0.0121879	-0.00904999	-0.00968499	-0.0113563	-0.0150808	-0.0164783	-0.0146909	-0.0108741	-0.0213503	-0.0362857	-0.040305	-0.0463772	-0.0779088	-0.131167	-0.19493	-0.278461	-0.379196	-0.486812	-0.596122	-0.689587	-0.738004	-0.711354	-0.603287	-0.41906	-0.188646	0.0377501	0.223139	0.36397	0.469786	0.547008	0.589762	0.588925	0.555299	0.510546	0.492343	0.506693	0.532055	0.547732	0.547783	0.548498	0.54132	0.521008	0.499271	0.496356	0.530473	0.574133	0.595791	0.580174	0.52178	0.436462	0.321196	0.160586	-0.046139	-0.28175	-0.496182	-0.647506	-0.726732	-0.724784	-0.649533	-0.542489	-0.435216	-0.330745	-0.233769	-0.155596	-0.0928145	-0.0464758	-0.0304381	-0.0252805	0	
0	-0.00269445	-0.00229454	-0.00531855	-0.00337053	-0.00304009	-0.00267206	0.00110445	-0.00149094	0.000926796	-0.000324751	-0.00343372	-0.00215909	-0.0040063	-0.00273757	-0.00105314	0.00101403	-2.02009e-05	-0.00292562	-0.00346814	-0.00852204	-0.00672363	-0.000241636	-0.00254527	-0.00665817	-0.00709044	-0.0109943	-0.00732394	-0.000859878	-0.0101941	-0.0144183	-0.0084433	-0.00550695	-0.0116389	-0.0134564	-0.014377	-0.0121687	-0.0116482	-0.0139904	-0.0250742	-0.0327751	-0.0344966	-0.0453148	-0.0823191	-0.135267	-0.198947	-0.277794	-0.376685	-0.488008	-0.608148	-0.705711	-0.748809	-0.713032	-0.599802	-0.414906	-0.188248	0.0217077	0.184064	0.296974	0.384848	0.453454	0.494115	0.506923	0.50214	0.506005	0.545326	0.612218	0.677843	0.717861	0.730222	0.730441	0.710062	0.658853	0.587853	0.526255	0.500624	0.501874	0.504034	0.483258	0.433984	0.360844	0.258593	0.126754	-0.0501941	-0.273566	-0.485684	-0.643778	-0.735268	-0.73599	-0.658098	-0.550797	-0.438692	-0.328173	-0.232668	-0.159716	-0.10131	-0.0538315	-0.0269007	-0.0149184	0	
0	0.00111815	0.00306607	0.00272135	0.00268361	0.00262124	-0.00135061	-0.00125583	-0.00451492	-0.00665596	-0.00575689	-0.00667572	-0.0041867	-0.00237149	-0.00152184	-0.00161941	-0.00284706	-0.00750817	-0.00702308	-0.00364911	-0.00398774	0.000611973	-0.00127201	-0.00774431	-0.0078766	-0.00497741	-0.00606877	-0.000859878	-0.00381001	-0.015053	-0.00922206	-0.00125113	-0.00649131	-0.0147597	-0.0123228	-0.0103953	-0.00829204	-0.0135182	-0.0193045	-0.0258148	-0.0277085	-0.0335548	-0.0513184	-0.0901229	-0.142036	-0.202773	-0.27868	-0.377936	-0.498539	-0.625837	-0.721194	-0.753788	-0.709446	-0.592196	-0.407166	-0.189532	0.00217044	0.13845	0.229691	0.303841	0.363562	0.403896	0.427237	0.452337	0.503	0.59654	0.715463	0.821701	0.891093	0.914471	0.908226	0.869178	0.782334	0.666641	0.556149	0.48108	0.446225	0.426304	0.39488	0.34398	0.275292	0.193937	0.0941659	-0.0600067	-0.271302	-0.480572	-0.642789	-0.733017	-0.735112	-0.672041	-0.570102	-0.442234	-0.319979	-0.228865	-0.163894	-0.110046	-0.0606798	-0.0237312	-0.00618755	0	
0	-0.000696664	0.00100693	-0.000872796	-0.000715572	-0.000200744	-0.00278027	-3.34651e-05	-0.00233464	-0.000492155	0.00169586	-0.00134544	0.00155488	-0.00186022	-0.0061855	-0.00660384	-0.00862408	-0.00759589	-0.00354566	-0.00352407	-0.00673331	-0.00649468	-0.0102626	-0.0127577	-0.00780242	-0.00508607	-0.00645707	-0.0101941	-0.015053	-0.0147946	-0.00468422	-0.0077607	-0.0172871	-0.0188849	-0.0130593	-0.0117719	-0.0138967	-0.0228866	-0.0267193	-0.0253407	-0.0272654	-0.0399471	-0.0607619	-0.0969875	-0.144456	-0.20139	-0.274248	-0.379259	-0.508145	-0.637822	-0.724482	-0.748516	-0.699664	-0.583432	-0.404546	-0.202143	-0.0343788	0.0802189	0.156783	0.224615	0.282254	0.32638	0.365801	0.421093	0.513006	0.649924	0.810215	0.953584	1.04816	1.08414	1.07573	1.01419	0.896165	0.746206	0.593007	0.474877	0.401406	0.352465	0.312155	0.264587	0.203508	0.135292	0.0495208	-0.0878805	-0.280783	-0.479795	-0.634061	-0.719109	-0.735168	-0.691585	-0.58685	-0.44359	-0.315747	-0.227656	-0.165919	-0.113212	-0.0626158	-0.0245299	-0.00704963	0	
0	-0.00169383	-0.00255112	-0.00427098	-0.0040683	-0.00330658	-0.00413516	-0.000259089	-0.000614515	-6.58811e-05	0.000813044	-0.00224957	-0.0030244	-0.00512896	-0.00388193	-0.00219485	-0.00097499	-0.000615204	-0.0013638	-0.00429492	-0.00690684	-0.00779864	-0.00772121	-0.0043929	-0.00321432	-0.0046994	-0.0117594	-0.0144183	-0.00922206	-0.00468422	-0.00702113	-0.0156841	-0.0164832	-0.0129843	-0.00960155	-0.0115343	-0.0163988	-0.0252944	-0.0222209	-0.017094	-0.025345	-0.0437032	-0.063625	-0.0951275	-0.140056	-0.194519	-0.271593	-0.386316	-0.522738	-0.648023	-0.726446	-0.744461	-0.69655	-0.583225	-0.414283	-0.230465	-0.0814821	0.0188905	0.0925866	0.160517	0.219984	0.271806	0.326763	0.406874	0.526785	0.694269	0.887087	1.06365	1.18991	1.2436	1.23179	1.15134	1.00258	0.813729	0.623653	0.47293	0.369898	0.301913	0.25297	0.202161	0.142176	0.0732381	-0.0104499	-0.130277	-0.298236	-0.477805	-0.621901	-0.712117	-0.740237	-0.698092	-0.591126	-0.452093	-0.323794	-0.228049	-0.162402	-0.108937	-0.0598412	-0.0306927	-0.0182678	0	
0	-0.00124256	0.000949797	-0.00106798	0.000134705	0.00103874	-0.00124181	0.000151813	-0.00396958	-0.00444043	-0.00498805	-0.00788885	-0.00358349	-0.00308361	-0.00288139	-0.00170133	-0.002383	-0.00398117	-0.00695183	-0.00664819	-0.00760833	-0.00428138	-0.00157815	-0.00437443	-0.00782101	-0.00922092	-0.0121879	-0.0084433	-0.00125113	-0.0077607	-0.0156841	-0.0149954	-0.00987719	-0.0106116	-0.0111612	-0.0143772	-0.0207867	-0.0253235	-0.0166237	-0.0158916	-0.0323018	-0.0520468	-0.066629	-0.0949949	-0.137563	-0.1935	-0.278213	-0.401618	-0.53666	-0.652614	-0.721923	-0.739308	-0.692991	-0.58714	-0.432876	-0.267509	-0.135014	-0.0382575	0.0370355	0.108456	0.174231	0.236017	0.307782	0.406835	0.545068	0.731946	0.951209	1.16061	1.31576	1.38687	1.37151	1.26527	1.08257	0.864679	0.654025	0.486174	0.365473	0.280156	0.215688	0.15374	0.0848205	0.00839738	-0.0720364	-0.176021	-0.323776	-0.485946	-0.623715	-0.714277	-0.734308	-0.685846	-0.592955	-0.470506	-0.337727	-0.228131	-0.155728	-0.100583	-0.0559678	-0.0392488	-0.0315945	0	
0	0.00140931	0.0028715	0.0022015	0.0021514	0.000929939	-0.002707	-0.00139363	-0.0041631	-0.00413485	-0.00233372	-0.00342487	-0.0026454	-0.00382086	-0.0040428	-0.00531982	-0.00687477	-0.00986192	-0.00778695	-0.00488124	-0.00529059	-0.00458231	-0.00635776	-0.0107512	-0.0112793	-0.00856593	-0.00904999	-0.00550695	-0.00649131	-0.0172871	-0.0164832	-0.00987719	-0.00943958	-0.0147441	-0.0147348	-0.0196795	-0.0239203	-0.0218518	-0.0141094	-0.0223842	-0.0428725	-0.0566255	-0.06653	-0.0926112	-0.135598	-0.196567	-0.290017	-0.415566	-0.541998	-0.646714	-0.713071	-0.731828	-0.692821	-0.598967	-0.463481	-0.317197	-0.191935	-0.0944167	-0.0126787	0.0670923	0.143785	0.223012	0.314083	0.427357	0.574981	0.77291	1.00727	1.23775	1.41537	1.49562	1.47375	1.35176	1.14719	0.909933	0.688611	0.514865	0.386146	0.283781	0.196296	0.116785	0.0385476	-0.0421397	-0.12459	-0.228728	-0.368592	-0.514931	-0.636969	-0.711551	-0.718583	-0.673443	-0.596269	-0.483338	-0.349204	-0.232485	-0.150955	-0.0928401	-0.0549595	-0.0446217	-0.0360152	0	
0	-0.00248851	-0.00174146	-0.00430582	-0.00385845	-0.00240154	-0.003452	-0.00028547	-0.00170046	-9.20744e-05	0.00100051	-0.00244894	0.000459489	-0.00217706	-0.00581214	-0.00589705	-0.00645465	-0.00501568	-0.00411656	-0.00392767	-0.00848508	-0.0082177	-0.0102289	-0.0126726	-0.00993791	-0.00714955	-0.00968499	-0.0116389	-0.0147597	-0.0188849	-0.0129843	-0.0106116	-0.0147441	-0.0187532	-0.0199836	-0.0244515	-0.0219959	-0.0177797	-0.0182549	-0.0334488	-0.0480816	-0.0549781	-0.061645	-0.0884162	-0.134181	-0.202598	-0.301027	-0.420317	-0.535089	-0.634447	-0.702537	-0.730079	-0.702379	-0.628267	-0.513453	-0.378326	-0.253583	-0.14572	-0.0513549	0.0437637	0.141627	0.243081	0.349949	0.468762	0.613753	0.807379	1.04639	1.28931	1.47826	1.56782	1.54709	1.41328	1.19483	0.950013	0.726831	0.553957	0.421756	0.307647	0.203696	0.106518	0.0127219	-0.0802398	-0.175782	-0.290661	-0.427845	-0.556788	-0.655123	-0.710316	-0.711043	-0.667593	-0.590472	-0.48172	-0.357726	-0.241739	-0.151119	-0.0916586	-0.0576187	-0.0415692	-0.0273218	0	
0	-0.000598606	-0.000715466	-0.002144	-0.00189214	-0.00205665	-0.00402195	-0.000937048	-0.00277866	-0.00235642	-0.00180337	-0.00439757	-0.00486782	-0.00695201	-0.00520783	-0.00293338	-0.00245601	-0.0037995	-0.00338733	-0.00556104	-0.00808774	-0.00769978	-0.0075996	-0.00788307	-0.00572678	-0.00601701	-0.0113563	-0.0134564	-0.0123228	-0.0130593	-0.00960155	-0.0111612	-0.0147348	-0.0199836	-0.0213975	-0.0196139	-0.0133987	-0.0167437	-0.0267646	-0.0379364	-0.044953	-0.0480157	-0.0571643	-0.0869333	-0.139775	-0.215361	-0.311073	-0.419577	-0.525705	-0.625091	-0.700708	-0.737367	-0.727193	-0.672846	-0.572071	-0.439896	-0.30469	-0.183855	-0.0732088	0.0432996	0.164578	0.287222	0.405277	0.521281	0.656236	0.842193	1.07604	1.31786	1.50989	1.59997	1.57827	1.44606	1.2286	0.982768	0.762323	0.598784	0.47579	0.360738	0.241792	0.121185	0.00366852	-0.110255	-0.223361	-0.349929	-0.489371	-0.607983	-0.686163	-0.72334	-0.714444	-0.662247	-0.57676	-0.470748	-0.358169	-0.249554	-0.161025	-0.100869	-0.0585029	-0.0295508	-0.0133067	0	
0	-0.00121208	4.57971e-05	-0.00123796	-0.00071812	0.000433703	-0.00132315	-0.000303255	-0.00377716	-0.00457363	-0.00492946	-0.00840278	-0.00395377	-0.00370298	-0.00417546	-0.00381843	-0.00510476	-0.00532886	-0.00781407	-0.00774083	-0.00995664	-0.00727323	-0.0071128	-0.00789972	-0.00774658	-0.0095784	-0.0150808	-0.014377	-0.0103953	-0.0117719	-0.0115343	-0.0143772	-0.0196795	-0.0244515	-0.0196139	-0.0135891	-0.0145792	-0.0289886	-0.0361261	-0.0387497	-0.0405986	-0.0465334	-0.0580316	-0.0934378	-0.153088	-0.227539	-0.312926	-0.409055	-0.512425	-0.617522	-0.701352	-0.754233	-0.763882	-0.729014	-0.635844	-0.496552	-0.349262	-0.211164	-0.0785833	0.064024	0.213287	0.355251	0.47712	0.58563	0.706501	0.875439	1.0957	1.32541	1.50483	1.59007	1.57141	1.4451	1.23776	1.00656	0.803782	0.65712	0.545659	0.434153	0.305346	0.160016	0.0120777	-0.127745	-0.259663	-0.400274	-0.548479	-0.666525	-0.733757	-0.753649	-0.726534	-0.659151	-0.563355	-0.453042	-0.346235	-0.254774	-0.18042	-0.113938	-0.0531307	-0.016801	-0.00644909	0	
0	0.00137405	0.00328156	0.00222373	0.00237211	0.000929641	-0.00315461	-0.00189006	-0.00528883	-0.00492882	-0.00369629	-0.00478074	-0.0036693	-0.00589791	-0.00595347	-0.00540898	-0.00759093	-0.0105849	-0.0098205	-0.00940602	-0.00958852	-0.00754348	-0.00675815	-0.0103203	-0.0120261	-0.0146296	-0.0164783	-0.0121687	-0.00829204	-0.0138967	-0.0163988	-0.0207867	-0.0239203	-0.0219959	-0.0133987	-0.0145792	-0.0272461	-0.0394633	-0.0370706	-0.0335381	-0.0392241	-0.0475037	-0.0637993	-0.106074	-0.167168	-0.232813	-0.304067	-0.395055	-0.502179	-0.614861	-0.71217	-0.782777	-0.814263	-0.791201	-0.694734	-0.544884	-0.381054	-0.223814	-0.0659597	0.107295	0.281503	0.43663	0.56034	0.659196	0.764509	0.915941	1.11052	1.31026	1.46431	1.533	1.51486	1.40893	1.23197	1.02956	0.84973	0.722746	0.628303	0.523766	0.386499	0.220169	0.0427866	-0.12759	-0.28196	-0.437529	-0.599418	-0.728987	-0.796654	-0.800216	-0.748397	-0.661035	-0.55211	-0.434212	-0.331799	-0.256748	-0.193217	-0.120111	-0.0492749	-0.0150085	-0.00996084	0	
0	-0.00207672	-0.00295055	-0.00427553	-0.00476445	-0.00362559	-0.00389704	-0.00136491	-0.00220517	-0.000714287	0.000591883	-0.00280638	0.000185187	-0.00232485	-0.00522543	-0.00770702	-0.0102739	-0.0092112	-0.00889705	-0.00678005	-0.0087385	-0.00789808	-0.0126527	-0.0177857	-0.0176491	-0.0153757	-0.0146909	-0.0116482	-0.0135182	-0.0228866	-0.0252944	-0.0253235	-0.0218518	-0.0177797	-0.0167437	-0.0289886	-0.0394633	-0.0414835	-0.0314829	-0.0321539	-0.0404471	-0.0520119	-0.0736089	-0.119117	-0.172896	-0.222564	-0.286141	-0.378777	-0.493898	-0.618421	-0.732004	-0.826369	-0.87471	-0.855669	-0.751386	-0.586532	-0.405551	-0.2232	-0.0318298	0.1732	0.370681	0.536364	0.656427	0.744094	0.8311	0.95235	1.10962	1.2687	1.38502	1.43583	1.42493	1.34499	1.20643	1.04507	0.900927	0.798765	0.716919	0.618067	0.479701	0.299513	0.0967772	-0.101815	-0.282545	-0.462357	-0.645383	-0.791509	-0.865063	-0.856226	-0.779463	-0.669818	-0.549019	-0.427508	-0.323653	-0.24602	-0.18328	-0.118952	-0.058804	-0.0273558	-0.0171603	0	
0	-0.00190362	-0.00205583	-0.00469992	-0.00429882	-0.00426714	-0.00606528	-0.00251248	-0.00404325	-0.00269217	-0.00235525	-0.00511454	-0.00544516	-0.00946399	-0.0100119	-0.00642142	-0.00549477	-0.00445117	-0.00289723	-0.00483233	-0.0097487	-0.0124274	-0.0142329	-0.0155995	-0.0104667	-0.00871373	-0.0108741	-0.0139904	-0.0193045	-0.0267193	-0.0222209	-0.0166237	-0.0141094	-0.0182549	-0.0267646	-0.0361261	-0.0370706	-0.0314829	-0.0258694	-0.0304593	-0.0427704	-0.0589566	-0.0859188	-0.127774	-0.166814	-0.207411	-0.271931	-0.373826	-0.499954	-0.638432	-0.773654	-0.885605	-0.941433	-0.915876	-0.795764	-0.614169	-0.409334	-0.195368	0.0295534	0.262784	0.474629	0.641143	0.756063	0.830522	0.894321	0.983307	1.09486	1.20319	1.27881	1.30817	1.30297	1.25657	1.16802	1.05601	0.948633	0.87046	0.805043	0.716077	0.581266	0.398504	0.180359	-0.0498296	-0.268211	-0.479132	-0.683295	-0.843776	-0.924284	-0.91102	-0.820935	-0.696643	-0.564841	-0.433849	-0.314945	-0.22057	-0.158163	-0.116243	-0.0772981	-0.0461808	-0.024776	0	
