0	0	0	0	0	0	0	0	0	0	0	0	0	0	0	0	0	0	0	0	0	0	0	0	0	0	0	0	0	0	0	0	0	0	0	0	0	0	0	0	0	0	0	0	0	0	0	0	0	0	0	0	0	0	0	0	0	0	0	0	0	0	0	0	0	0	0	0	0	0	0	0	0	0	0	0	0	0	0	0	0	0	0	0	0	0	0	0	0	0	0	0	0	0	0	0	0	0	0	0	
0	0.00589449	0.00720124	0.00821567	0.0103374	0.0167291	0.022489	0.0327657	0.0483624	0.0682237	0.0874368	0.101407	0.107588	0.0983822	0.0718686	0.029178	-0.0218655	-0.0763106	-0.129184	-0.178073	-0.216478	-0.236857	-0.235039	-0.215125	-0.184062	-0.147905	-0.111463	-0.078695	-0.0458271	-0.00851507	0.0314753	0.0737226	0.113906	0.1465	0.163113	0.162834	0.148316	0.12629	0.102897	0.0888611	0.0816338	0.0791812	0.0778583	0.0785832	0.0819695	0.0891379	0.096431	0.103243	0.106116	0.108013	0.108815	0.106799	0.104163	0.100711	0.0977514	0.096899	0.10109	0.110376	0.12126	0.131745	0.140848	0.144885	0.142939	0.131269	0.110943	0.0862351	0.0603265	0.0317348	0.0062239	-0.0117785	-0.0195419	-0.0150359	0.00258781	0.0353419	0.078757	0.130497	0.183521	0.230557	0.267713	0.28971	0.295421	0.28896	0.273206	0.253371	0.232947	0.210318	0.187126	0.159323	0.122715	0.0773145	0.0264502	-0.0234991	-0.0683556	-0.0995838	-0.112644	-0.10978	-0.0934936	-0.0669246	-0.0338215	0	
0	0.00720124	0.00672663	0.00321172	0.00511029	0.0121663	0.02093	0.0364004	0.0635396	0.0990024	0.133084	0.158318	0.168495	0.150735	0.100433	0.0213814	-0.0731208	-0.171253	-0.268484	-0.35712	-0.429627	-0.469597	-0.468509	-0.435691	-0.379766	-0.314014	-0.245759	-0.181961	-0.118331	-0.0464996	0.0299281	0.106584	0.181004	0.240254	0.27262	0.276183	0.256868	0.222728	0.187426	0.164351	0.151764	0.143212	0.137335	0.132677	0.138251	0.150711	0.163637	0.173944	0.175978	0.172401	0.169521	0.165997	0.162986	0.163705	0.168628	0.175802	0.188872	0.210402	0.230508	0.24414	0.253834	0.256586	0.25224	0.233768	0.198829	0.158011	0.115667	0.0692865	0.0261841	-0.00531614	-0.0159865	-0.00692098	0.0256639	0.0824683	0.159183	0.252933	0.346497	0.431957	0.501792	0.549796	0.570802	0.566081	0.542544	0.507403	0.467696	0.419298	0.366274	0.307744	0.235254	0.148973	0.0588466	-0.0277732	-0.109161	-0.166772	-0.19348	-0.196296	-0.171623	-0.124538	-0.0655178	0	
0	0.00821567	0.00321172	-0.00349835	-0.00691654	0.000710187	0.00602011	0.0226883	0.0536829	0.096447	0.137453	0.165225	0.173833	0.143992	0.0719457	-0.0381014	-0.164203	-0.295127	-0.421321	-0.540951	-0.640234	-0.699483	-0.705989	-0.667716	-0.598819	-0.511652	-0.416587	-0.32571	-0.23225	-0.128919	-0.0241269	0.0799769	0.175493	0.253458	0.29715	0.307655	0.291496	0.260888	0.225222	0.206514	0.194495	0.184625	0.171514	0.163013	0.165114	0.179761	0.193614	0.201375	0.192598	0.178732	0.166431	0.157617	0.161643	0.177103	0.201605	0.23005	0.262435	0.294174	0.315096	0.323985	0.325973	0.318788	0.305542	0.277827	0.236498	0.191229	0.146695	0.0948483	0.0481529	0.0172675	0.00853005	0.0251974	0.0687289	0.14381	0.240941	0.357737	0.480128	0.594811	0.695783	0.770364	0.811676	0.823729	0.805232	0.762742	0.702494	0.62156	0.532574	0.435265	0.326709	0.210939	0.0949874	-0.0118963	-0.10956	-0.182537	-0.221047	-0.229399	-0.206899	-0.154811	-0.0805889	0	
0	0.0103374	0.00511029	-0.00691654	-0.0113562	-0.00819166	-0.00579202	0.00521309	0.0342171	0.0758062	0.114033	0.136563	0.13582	0.0911081	-0.00273641	-0.136934	-0.287737	-0.437951	-0.58605	-0.726371	-0.850523	-0.930672	-0.949061	-0.915659	-0.840161	-0.73871	-0.622527	-0.506215	-0.388262	-0.260223	-0.133536	-0.0155417	0.0936364	0.180754	0.232551	0.250636	0.244521	0.222999	0.200271	0.193307	0.193716	0.189523	0.180238	0.168441	0.170889	0.182447	0.188817	0.182695	0.156563	0.122633	0.099146	0.0919755	0.105515	0.141631	0.193059	0.245709	0.295731	0.342542	0.367282	0.366	0.351487	0.3276	0.30161	0.265374	0.216154	0.169903	0.131065	0.0890313	0.0520337	0.0299089	0.0342882	0.0613151	0.11602	0.201047	0.311448	0.447555	0.587012	0.722937	0.847886	0.9516	1.02191	1.0529	1.04402	0.998543	0.923114	0.811682	0.681901	0.546348	0.40304	0.260523	0.134864	0.0284463	-0.0696245	-0.141381	-0.181717	-0.201522	-0.189403	-0.144626	-0.0783289	0	
0	0.0167291	0.0121663	0.000710187	-0.00819166	-0.0068909	-0.0142294	-0.01249	0.00497505	0.0359802	0.0621146	0.0704719	0.05555	-0.00620557	-0.117047	-0.269098	-0.430951	-0.59219	-0.748146	-0.904582	-1.048	-1.1492	-1.18541	-1.16128	-1.08945	-0.982999	-0.854654	-0.725847	-0.592847	-0.450465	-0.312603	-0.182887	-0.0664682	0.0300466	0.0886459	0.113741	0.11566	0.106991	0.0981051	0.113804	0.135471	0.151892	0.152412	0.145931	0.143335	0.146297	0.137907	0.114243	0.0667087	0.0186063	-0.0127934	-0.021217	0.00404392	0.0573007	0.128679	0.201883	0.271629	0.328636	0.356052	0.352793	0.331061	0.29447	0.254227	0.203968	0.146219	0.0992438	0.0683155	0.0371762	0.0158451	0.0142953	0.0376026	0.0842435	0.155124	0.255424	0.377354	0.522183	0.674311	0.82237	0.962868	1.08172	1.16642	1.21658	1.22161	1.18207	1.10116	0.9723	0.820398	0.657633	0.490698	0.333709	0.199377	0.0939237	0.00349204	-0.0625973	-0.0997416	-0.120746	-0.120897	-0.0953626	-0.0504681	0	
0	0.022489	0.02093	0.00602011	-0.00579202	-0.0142294	-0.0333041	-0.0501416	-0.0503857	-0.0380864	-0.0294932	-0.0373853	-0.0659237	-0.138043	-0.257672	-0.412771	-0.575525	-0.732006	-0.889478	-1.05103	-1.20923	-1.32749	-1.37856	-1.3668	-1.30255	-1.20079	-1.07707	-0.951758	-0.825426	-0.686729	-0.548578	-0.4167	-0.291116	-0.184907	-0.116101	-0.0820135	-0.0704298	-0.0675358	-0.0572938	-0.0184309	0.0324783	0.0720895	0.089425	0.0855828	0.0783986	0.067919	0.0422196	-0.00180661	-0.0659883	-0.127993	-0.16573	-0.171054	-0.142129	-0.0813383	-0.000172819	0.0825605	0.160196	0.232007	0.27174	0.27325	0.25201	0.213961	0.170593	0.115246	0.0501314	-0.00218109	-0.0322003	-0.0541202	-0.0594498	-0.0400186	0.0109592	0.0847216	0.181515	0.301865	0.438241	0.592135	0.74295	0.887515	1.02363	1.14283	1.23385	1.28945	1.30222	1.27272	1.20355	1.08282	0.933554	0.773899	0.604729	0.441563	0.306586	0.201694	0.111672	0.0500164	0.015495	-0.0108184	-0.0236491	-0.0212557	-0.0113139	0	
0	0.0327657	0.0364004	0.0226883	0.00521309	-0.01249	-0.0501416	-0.0890774	-0.115254	-0.12635	-0.139169	-0.163127	-0.201254	-0.277461	-0.394108	-0.543303	-0.692834	-0.83843	-0.985347	-1.14597	-1.30822	-1.43451	-1.49445	-1.49079	-1.43767	-1.3517	-1.24758	-1.14934	-1.04912	-0.933864	-0.810151	-0.681731	-0.553559	-0.438207	-0.360315	-0.317937	-0.295404	-0.277094	-0.245344	-0.176153	-0.0955777	-0.0286434	0.00291189	0.00271732	-0.0115027	-0.0334789	-0.0746379	-0.133683	-0.214599	-0.289861	-0.337878	-0.351528	-0.324229	-0.262655	-0.177674	-0.0896099	-0.00291947	0.0744065	0.120944	0.131985	0.119246	0.0868929	0.0464227	-0.00872092	-0.0777584	-0.132194	-0.160105	-0.175802	-0.16847	-0.126153	-0.0441976	0.0651625	0.194254	0.337849	0.486258	0.639755	0.782224	0.910423	1.02912	1.13224	1.21006	1.26381	1.28227	1.26551	1.21513	1.11794	0.997899	0.865633	0.721322	0.577436	0.450163	0.348212	0.258376	0.193513	0.157034	0.124787	0.0953413	0.0694974	0.0383158	0	
0	0.0483624	0.0635396	0.0536829	0.0342171	0.00497505	-0.0503857	-0.115254	-0.167113	-0.202879	-0.233206	-0.267536	-0.307788	-0.377688	-0.484293	-0.617261	-0.751181	-0.879259	-1.01471	-1.16694	-1.32609	-1.4507	-1.5111	-1.51113	-1.47042	-1.40597	-1.33577	-1.27659	-1.22015	-1.14176	-1.04529	-0.932863	-0.810359	-0.69515	-0.613169	-0.562406	-0.528368	-0.490828	-0.433951	-0.337906	-0.227994	-0.138975	-0.0925715	-0.085443	-0.0986248	-0.124819	-0.173052	-0.247543	-0.347443	-0.444142	-0.51299	-0.539874	-0.521194	-0.460838	-0.372468	-0.277713	-0.186386	-0.100136	-0.0477704	-0.036267	-0.0494264	-0.0805899	-0.118918	-0.172689	-0.23736	-0.287874	-0.308872	-0.310685	-0.282079	-0.213369	-0.10481	0.0295121	0.179504	0.337002	0.489449	0.635772	0.763117	0.873258	0.971581	1.05599	1.12144	1.16508	1.17881	1.16847	1.13768	1.07203	0.991362	0.906037	0.806066	0.698675	0.601726	0.516962	0.434717	0.36969	0.322359	0.273023	0.217486	0.156016	0.0842803	0	
0	0.0682237	0.0990024	0.096447	0.0758062	0.0359802	-0.0380864	-0.12635	-0.202879	-0.256753	-0.297463	-0.331334	-0.36236	-0.416946	-0.503249	-0.616436	-0.729201	-0.839998	-0.959875	-1.10034	-1.24913	-1.36624	-1.4229	-1.42723	-1.40138	-1.36578	-1.33406	-1.32215	-1.31237	-1.27952	-1.21751	-1.13107	-1.02591	-0.919682	-0.838563	-0.782859	-0.734083	-0.679422	-0.60114	-0.484236	-0.357186	-0.252423	-0.192669	-0.175384	-0.178502	-0.196867	-0.245346	-0.328147	-0.446082	-0.568293	-0.662757	-0.710249	-0.703196	-0.646351	-0.553274	-0.451534	-0.351703	-0.263228	-0.210496	-0.200361	-0.220657	-0.260941	-0.306855	-0.360338	-0.421301	-0.457023	-0.452745	-0.423661	-0.36706	-0.276353	-0.149642	-0.00670429	0.14059	0.284609	0.421928	0.554871	0.66886	0.765048	0.84954	0.918866	0.966325	0.996074	1.0049	1.00088	0.989585	0.957558	0.922748	0.889338	0.844425	0.789498	0.734149	0.679532	0.611501	0.542585	0.478666	0.400107	0.310898	0.217187	0.11226	0	
0	0.0874368	0.133084	0.137453	0.114033	0.0621146	-0.0294932	-0.139169	-0.233206	-0.297463	-0.336124	-0.356599	-0.367102	-0.394614	-0.454675	-0.540333	-0.629361	-0.717886	-0.817964	-0.940356	-1.07325	-1.17859	-1.2328	-1.24341	-1.23785	-1.23272	-1.24197	-1.27408	-1.3124	-1.32409	-1.30301	-1.24811	-1.16669	-1.07469	-0.998033	-0.936818	-0.880952	-0.81423	-0.726499	-0.603922	-0.469529	-0.356852	-0.288011	-0.256652	-0.247498	-0.256749	-0.298379	-0.384879	-0.513536	-0.650603	-0.763286	-0.827836	-0.834629	-0.786674	-0.69954	-0.598125	-0.497622	-0.406576	-0.355274	-0.3535	-0.384915	-0.435271	-0.487396	-0.541488	-0.586251	-0.596774	-0.562209	-0.498736	-0.410296	-0.297077	-0.169769	-0.0410801	0.0825395	0.200077	0.310431	0.415571	0.510608	0.59207	0.659665	0.710344	0.742534	0.76037	0.764059	0.770082	0.785648	0.796647	0.813521	0.836478	0.84665	0.840318	0.825394	0.796289	0.740717	0.667132	0.580407	0.474897	0.356261	0.237314	0.120778	0	
0	0.101407	0.158318	0.165225	0.136563	0.0704719	-0.0373853	-0.163127	-0.267536	-0.331334	-0.356599	-0.35276	-0.332515	-0.327396	-0.354471	-0.409122	-0.469494	-0.53086	-0.606303	-0.705602	-0.819072	-0.913234	-0.965379	-0.985334	-0.997272	-1.01769	-1.05803	-1.12572	-1.20218	-1.25818	-1.27672	-1.25872	-1.20566	-1.13397	-1.0673	-1.01183	-0.955554	-0.891548	-0.804108	-0.68347	-0.549168	-0.43338	-0.355991	-0.317496	-0.299706	-0.299931	-0.336124	-0.419634	-0.547404	-0.690265	-0.812446	-0.886531	-0.904604	-0.868516	-0.791632	-0.700936	-0.611743	-0.535042	-0.494662	-0.49963	-0.538141	-0.590543	-0.637215	-0.67278	-0.694914	-0.677791	-0.612654	-0.520951	-0.416387	-0.302801	-0.181441	-0.0684521	0.0288563	0.11247	0.18975	0.265474	0.328481	0.378117	0.417446	0.44383	0.457715	0.467411	0.47986	0.508318	0.555722	0.608009	0.669988	0.738713	0.79427	0.829633	0.847232	0.838738	0.790947	0.712806	0.6136	0.49134	0.360547	0.235836	0.11613	0	
0	0.107588	0.168495	0.173833	0.13582	0.05555	-0.0659237	-0.201254	-0.307788	-0.36236	-0.367102	-0.332515	-0.280229	-0.240337	-0.234914	-0.256451	-0.285072	-0.316532	-0.363087	-0.437573	-0.531193	-0.613786	-0.665184	-0.690394	-0.712487	-0.746531	-0.804418	-0.893702	-0.998947	-1.0883	-1.14304	-1.15662	-1.13249	-1.08692	-1.04376	-1.00892	-0.975114	-0.927271	-0.850893	-0.735615	-0.598136	-0.47332	-0.386678	-0.338239	-0.315458	-0.314999	-0.348841	-0.432096	-0.559578	-0.702202	-0.824419	-0.90242	-0.925111	-0.896084	-0.83214	-0.757464	-0.686785	-0.630936	-0.609711	-0.628642	-0.670128	-0.711365	-0.736091	-0.745061	-0.733313	-0.686911	-0.605467	-0.506095	-0.401633	-0.292797	-0.187877	-0.0939927	-0.0155085	0.0476143	0.097215	0.132217	0.15387	0.160601	0.157478	0.152457	0.152933	0.165268	0.191489	0.241847	0.315249	0.397781	0.489543	0.587288	0.672913	0.735532	0.774836	0.781797	0.747273	0.679225	0.587555	0.476914	0.355558	0.234999	0.118385	0	
0	0.0983822	0.150735	0.143992	0.0911081	-0.00620557	-0.138043	-0.277461	-0.377688	-0.416946	-0.394614	-0.327396	-0.240337	-0.165431	-0.12487	-0.109278	-0.103614	-0.10207	-0.121656	-0.17452	-0.252575	-0.32834	-0.378192	-0.40442	-0.426566	-0.45955	-0.520578	-0.615985	-0.733504	-0.843681	-0.9204	-0.959388	-0.963165	-0.952024	-0.946067	-0.950115	-0.950161	-0.928912	-0.865311	-0.754621	-0.612751	-0.480327	-0.382647	-0.326778	-0.300562	-0.29906	-0.335624	-0.424634	-0.557506	-0.7068	-0.835327	-0.913763	-0.935286	-0.905741	-0.846018	-0.781165	-0.728316	-0.695121	-0.689553	-0.713064	-0.750001	-0.775966	-0.776538	-0.754254	-0.712498	-0.64484	-0.551726	-0.448825	-0.351936	-0.261348	-0.175043	-0.0994309	-0.0434382	-0.00624616	0.0135254	0.0144034	-0.00554637	-0.0412507	-0.0790118	-0.108375	-0.117776	-0.103845	-0.064029	0.00243871	0.0858244	0.177544	0.27535	0.379051	0.475879	0.554881	0.613495	0.640258	0.629592	0.589056	0.524685	0.441369	0.343777	0.235993	0.121247	0	
0	0.0718686	0.100433	0.0719457	-0.00273641	-0.117047	-0.257672	-0.394108	-0.484293	-0.503249	-0.454675	-0.354471	-0.234914	-0.12487	-0.0470184	0.00760666	0.0503363	0.0827032	0.0866786	0.0500321	-0.0175669	-0.0877051	-0.13491	-0.158496	-0.173638	-0.200877	-0.256405	-0.349286	-0.466142	-0.57991	-0.664327	-0.715456	-0.741228	-0.764439	-0.799262	-0.845371	-0.88311	-0.889048	-0.841455	-0.738163	-0.59743	-0.460241	-0.354727	-0.292199	-0.264003	-0.267803	-0.314547	-0.416809	-0.561176	-0.720285	-0.850594	-0.929777	-0.948217	-0.916378	-0.858112	-0.797413	-0.747171	-0.717926	-0.713069	-0.731466	-0.759348	-0.770128	-0.754054	-0.714771	-0.65456	-0.571575	-0.472155	-0.369243	-0.278867	-0.201516	-0.13773	-0.0897525	-0.0629569	-0.0555766	-0.0672426	-0.100079	-0.147726	-0.206107	-0.262875	-0.30351	-0.318084	-0.306962	-0.268998	-0.206411	-0.127254	-0.0365738	0.0591302	0.158398	0.2524	0.331716	0.395467	0.438281	0.456909	0.453755	0.428526	0.381401	0.312046	0.22146	0.115968	0	
0	0.029178	0.0213814	-0.0381014	-0.136934	-0.269098	-0.412771	-0.543303	-0.617261	-0.616436	-0.540333	-0.409122	-0.256451	-0.109278	0.00760666	0.103318	0.17959	0.236302	0.254312	0.223695	0.160126	0.0912987	0.0454522	0.025383	0.0166177	-0.000114417	-0.0459402	-0.124139	-0.225684	-0.32694	-0.405148	-0.460462	-0.502573	-0.55516	-0.624382	-0.701636	-0.766601	-0.792574	-0.757907	-0.667732	-0.535763	-0.405191	-0.302829	-0.242478	-0.220854	-0.236162	-0.295908	-0.411316	-0.566369	-0.731538	-0.86696	-0.948141	-0.967188	-0.933189	-0.873256	-0.805811	-0.747204	-0.709395	-0.689967	-0.692758	-0.705667	-0.705032	-0.679495	-0.633937	-0.565672	-0.479089	-0.383422	-0.286248	-0.206043	-0.144739	-0.103753	-0.0820979	-0.0859927	-0.109397	-0.150768	-0.207973	-0.269824	-0.332511	-0.386227	-0.423278	-0.436424	-0.431987	-0.403819	-0.353083	-0.289688	-0.20925	-0.124545	-0.0408278	0.0389942	0.106818	0.166595	0.217047	0.258077	0.288576	0.297055	0.283013	0.243635	0.176245	0.0936143	0	
0	-0.0218655	-0.0731208	-0.164203	-0.287737	-0.430951	-0.575525	-0.692834	-0.751181	-0.729201	-0.629361	-0.469494	-0.285072	-0.103614	0.0503363	0.17959	0.279251	0.347775	0.366705	0.33432	0.269045	0.199892	0.154934	0.135484	0.13398	0.127144	0.0986738	0.0428265	-0.0309536	-0.109364	-0.174111	-0.226052	-0.276027	-0.345189	-0.431183	-0.525308	-0.604482	-0.645088	-0.627152	-0.552905	-0.439155	-0.324068	-0.2317	-0.182802	-0.174889	-0.204214	-0.278928	-0.405346	-0.564652	-0.735388	-0.8729	-0.959029	-0.979795	-0.944995	-0.878912	-0.79992	-0.723148	-0.667819	-0.632482	-0.616306	-0.614611	-0.601338	-0.569547	-0.52083	-0.455724	-0.381372	-0.304573	-0.230241	-0.171824	-0.132772	-0.110079	-0.105304	-0.127716	-0.168208	-0.224914	-0.291652	-0.355341	-0.410894	-0.451073	-0.47407	-0.480194	-0.477406	-0.456881	-0.422759	-0.378697	-0.316383	-0.251515	-0.190144	-0.132795	-0.0823004	-0.0349363	0.0116622	0.0604917	0.106524	0.135808	0.147244	0.138087	0.103567	0.0558262	0	
0	-0.0763106	-0.171253	-0.295127	-0.437951	-0.59219	-0.732006	-0.83843	-0.879259	-0.839998	-0.717886	-0.53086	-0.316532	-0.10207	0.0827032	0.236302	0.347775	0.414748	0.426823	0.385726	0.31657	0.244773	0.1975	0.177314	0.181447	0.190029	0.184361	0.160258	0.119077	0.0673649	0.0182882	-0.0277858	-0.0765222	-0.148915	-0.239565	-0.335722	-0.42184	-0.473225	-0.467143	-0.412495	-0.31923	-0.224791	-0.152822	-0.120674	-0.127072	-0.171106	-0.255285	-0.386532	-0.552622	-0.728496	-0.873185	-0.966044	-0.989407	-0.948232	-0.872529	-0.778227	-0.684607	-0.615011	-0.56124	-0.528869	-0.509141	-0.481808	-0.441551	-0.398363	-0.346209	-0.292595	-0.249579	-0.209517	-0.18009	-0.161019	-0.155513	-0.163448	-0.19097	-0.231375	-0.286641	-0.348475	-0.398956	-0.437975	-0.46285	-0.471532	-0.465327	-0.457768	-0.437587	-0.410776	-0.387343	-0.350642	-0.315865	-0.287798	-0.254345	-0.220531	-0.184944	-0.146203	-0.10597	-0.0633213	-0.0307106	-0.00534088	0.0144886	0.0168287	0.0110445	0	
0	-0.129184	-0.268484	-0.421321	-0.58605	-0.748146	-0.889478	-0.985347	-1.01471	-0.959875	-0.817964	-0.606303	-0.363087	-0.121656	0.0866786	0.254312	0.366705	0.426823	0.427636	0.37962	0.306354	0.232259	0.182556	0.161657	0.174935	0.20175	0.223017	0.227936	0.215373	0.185018	0.147162	0.110491	0.0685538	0.00214955	-0.0820209	-0.17497	-0.260333	-0.314315	-0.319374	-0.277679	-0.206349	-0.136802	-0.0843602	-0.0679141	-0.0876345	-0.139794	-0.233731	-0.37541	-0.548835	-0.733991	-0.883683	-0.978687	-0.996459	-0.946601	-0.859631	-0.752331	-0.643328	-0.557654	-0.489186	-0.433892	-0.393533	-0.353873	-0.31584	-0.283911	-0.252322	-0.230448	-0.219447	-0.209981	-0.204603	-0.20758	-0.216588	-0.232727	-0.265754	-0.301074	-0.341251	-0.379884	-0.407119	-0.424068	-0.428944	-0.42475	-0.412532	-0.398303	-0.371894	-0.350256	-0.341545	-0.329626	-0.326172	-0.327957	-0.319316	-0.299199	-0.273587	-0.247863	-0.220207	-0.190818	-0.167299	-0.137518	-0.0997286	-0.0673837	-0.032748	0	
0	-0.178073	-0.35712	-0.540951	-0.726371	-0.904582	-1.05103	-1.14597	-1.16694	-1.10034	-0.940356	-0.705602	-0.437573	-0.17452	0.0500321	0.223695	0.33432	0.385726	0.37962	0.326425	0.251095	0.17471	0.123453	0.104196	0.127991	0.17308	0.214722	0.239225	0.243717	0.226082	0.198488	0.170314	0.13972	0.083978	0.00818762	-0.0747413	-0.152304	-0.204407	-0.210083	-0.179768	-0.126434	-0.0747978	-0.0382985	-0.0325097	-0.0600089	-0.12615	-0.237956	-0.394127	-0.581628	-0.770919	-0.917216	-1.00349	-1.01097	-0.948361	-0.849564	-0.72887	-0.602674	-0.497601	-0.404008	-0.329061	-0.274454	-0.230917	-0.199612	-0.188553	-0.183439	-0.183233	-0.196679	-0.210515	-0.223803	-0.241049	-0.265895	-0.298134	-0.335089	-0.363085	-0.388245	-0.402867	-0.40076	-0.392227	-0.378978	-0.359383	-0.335796	-0.317173	-0.289824	-0.270469	-0.273322	-0.27674	-0.289222	-0.311813	-0.321265	-0.318732	-0.310647	-0.29777	-0.284648	-0.265178	-0.246549	-0.221833	-0.178021	-0.128034	-0.0683582	0	
0	-0.216478	-0.429627	-0.640234	-0.850523	-1.048	-1.20923	-1.30822	-1.32609	-1.24913	-1.07325	-0.819072	-0.531193	-0.252575	-0.0175669	0.160126	0.269045	0.31657	0.306354	0.251095	0.17285	0.0950261	0.0429094	0.0267708	0.0589256	0.114298	0.165416	0.196307	0.208056	0.200889	0.18105	0.163407	0.142293	0.0963885	0.0321737	-0.0372585	-0.101593	-0.142127	-0.146387	-0.118789	-0.074878	-0.0347808	-0.0069046	-0.00967592	-0.0523522	-0.139392	-0.275246	-0.45215	-0.648718	-0.837148	-0.974873	-1.05036	-1.04415	-0.966241	-0.849365	-0.706309	-0.553838	-0.421845	-0.311148	-0.221659	-0.158364	-0.119411	-0.105472	-0.114056	-0.125719	-0.143148	-0.171138	-0.199092	-0.226322	-0.260297	-0.300981	-0.344922	-0.388401	-0.412364	-0.422985	-0.418525	-0.397344	-0.367548	-0.33219	-0.294719	-0.259526	-0.230388	-0.199679	-0.188107	-0.19859	-0.209518	-0.227578	-0.25368	-0.274137	-0.288028	-0.29961	-0.307516	-0.307018	-0.293891	-0.27898	-0.254477	-0.211276	-0.157377	-0.0842046	0	
0	-0.236857	-0.469597	-0.699483	-0.930672	-1.1492	-1.32749	-1.43451	-1.4507	-1.36624	-1.17859	-0.913234	-0.613786	-0.32834	-0.0877051	0.0912987	0.199892	0.244773	0.232259	0.17471	0.0950261	0.0177561	-0.0317417	-0.0438846	-0.00964478	0.0463343	0.0940563	0.121909	0.136775	0.137003	0.126123	0.115595	0.102012	0.067905	0.0174456	-0.0345597	-0.0813495	-0.111023	-0.108567	-0.0776496	-0.034962	0.00350489	0.0247947	0.00958109	-0.053439	-0.167628	-0.332739	-0.528921	-0.736048	-0.923223	-1.05445	-1.11771	-1.09607	-0.997911	-0.854398	-0.680604	-0.497487	-0.338891	-0.208309	-0.111364	-0.0526342	-0.026266	-0.0274279	-0.0528945	-0.0812401	-0.108308	-0.145703	-0.189162	-0.232466	-0.280377	-0.332479	-0.384247	-0.425264	-0.440023	-0.440101	-0.421839	-0.386177	-0.343037	-0.290516	-0.232924	-0.184242	-0.151583	-0.124647	-0.11761	-0.132783	-0.144518	-0.156351	-0.18079	-0.206535	-0.23196	-0.260305	-0.283556	-0.297017	-0.291898	-0.277547	-0.254259	-0.20975	-0.153119	-0.082633	0	
0	-0.235039	-0.468509	-0.705989	-0.949061	-1.18541	-1.37856	-1.49445	-1.5111	-1.4229	-1.2328	-0.965379	-0.665184	-0.378192	-0.13491	0.0454522	0.154934	0.1975	0.182556	0.123453	0.0429094	-0.0317417	-0.0791528	-0.0926185	-0.0644024	-0.0186299	0.0211618	0.0459501	0.0661258	0.0775056	0.0754395	0.0694797	0.0615345	0.035758	-0.00295911	-0.0415036	-0.0747537	-0.0915489	-0.0751868	-0.0308411	0.0219213	0.0611186	0.072239	0.0374762	-0.0505191	-0.193901	-0.385615	-0.602535	-0.823386	-1.0174	-1.14898	-1.20523	-1.16875	-1.04478	-0.866544	-0.656858	-0.439858	-0.253646	-0.112216	-0.015595	0.0406215	0.0586517	0.0423781	0.00188106	-0.0399785	-0.0791121	-0.130771	-0.190249	-0.249386	-0.308855	-0.365364	-0.415238	-0.446037	-0.447975	-0.433132	-0.403087	-0.358251	-0.303881	-0.242013	-0.178081	-0.126815	-0.0924153	-0.0687558	-0.0668327	-0.0811737	-0.0929866	-0.105057	-0.126842	-0.153923	-0.183783	-0.215785	-0.245831	-0.268986	-0.270929	-0.256433	-0.227512	-0.177237	-0.120022	-0.0610878	0	
0	-0.215125	-0.435691	-0.667716	-0.915659	-1.16128	-1.3668	-1.49079	-1.51113	-1.42723	-1.24341	-0.985334	-0.690394	-0.40442	-0.158496	0.025383	0.135484	0.177314	0.161657	0.104196	0.0267708	-0.0438846	-0.0926185	-0.111748	-0.0986912	-0.0654146	-0.0343354	-0.00977076	0.0169528	0.0382607	0.0421151	0.0403138	0.0345334	0.0164744	-0.0143072	-0.043549	-0.0651652	-0.0657943	-0.0332069	0.0277838	0.0878053	0.122921	0.120001	0.0684821	-0.0400942	-0.206068	-0.424322	-0.670873	-0.918184	-1.12908	-1.26874	-1.31763	-1.26025	-1.10647	-0.892677	-0.645368	-0.39652	-0.184603	-0.0275686	0.0769368	0.132496	0.143038	0.117884	0.0666637	0.0119806	-0.0424113	-0.110532	-0.191474	-0.269303	-0.336203	-0.390205	-0.428079	-0.442788	-0.429196	-0.401075	-0.360959	-0.308527	-0.250982	-0.18695	-0.127064	-0.0894839	-0.0687674	-0.0541858	-0.0528013	-0.0641072	-0.0755266	-0.088174	-0.112436	-0.141377	-0.165888	-0.187904	-0.209665	-0.227004	-0.22807	-0.21395	-0.184421	-0.137721	-0.0877167	-0.0415713	0	
0	-0.184062	-0.379766	-0.598819	-0.840161	-1.08945	-1.30255	-1.43767	-1.47042	-1.40138	-1.23785	-0.997272	-0.712487	-0.426566	-0.173638	0.0166177	0.13398	0.181447	0.174935	0.127991	0.0589256	-0.00964478	-0.0644024	-0.0986912	-0.104031	-0.0870224	-0.0632215	-0.0394884	-0.00730725	0.0200655	0.0318717	0.0310223	0.0270654	0.0107945	-0.0167859	-0.0398616	-0.046951	-0.0312494	0.0207253	0.0929174	0.154331	0.182148	0.16599	0.098653	-0.0259012	-0.214924	-0.464476	-0.7431	-1.01767	-1.24643	-1.39147	-1.43193	-1.35881	-1.18094	-0.932534	-0.65126	-0.369812	-0.129224	0.0454291	0.155663	0.214099	0.228593	0.20238	0.146448	0.0786105	0.0099656	-0.0742181	-0.170158	-0.257384	-0.324402	-0.368683	-0.395135	-0.396745	-0.374014	-0.338424	-0.293715	-0.242633	-0.193139	-0.146416	-0.108647	-0.0920413	-0.0883042	-0.0867729	-0.0896619	-0.0992775	-0.111138	-0.122243	-0.13855	-0.158386	-0.173794	-0.182526	-0.189339	-0.194271	-0.183837	-0.16107	-0.135522	-0.100773	-0.0633858	-0.0319713	0	
0	-0.147905	-0.314014	-0.511652	-0.73871	-0.982999	-1.20079	-1.3517	-1.40597	-1.36578	-1.23272	-1.01769	-0.746531	-0.45955	-0.200877	-0.000114417	0.127144	0.190029	0.20175	0.17308	0.114298	0.0463343	-0.0186299	-0.0654146	-0.0870224	-0.080115	-0.062897	-0.0401968	-0.00861095	0.0222786	0.0344475	0.0306125	0.0192276	-0.00142826	-0.0263779	-0.0382683	-0.028914	0.00631267	0.0695954	0.143701	0.20226	0.219811	0.191079	0.11066	-0.0321937	-0.246517	-0.522394	-0.830365	-1.1252	-1.36119	-1.50456	-1.53261	-1.43941	-1.2356	-0.961175	-0.652833	-0.348847	-0.0882798	0.100839	0.224093	0.295649	0.317986	0.294875	0.235059	0.161359	0.0841941	-0.00662961	-0.105137	-0.191576	-0.249326	-0.284305	-0.302612	-0.301637	-0.281816	-0.249411	-0.213069	-0.174328	-0.144115	-0.125344	-0.122353	-0.138113	-0.156076	-0.166668	-0.174198	-0.184502	-0.194628	-0.201057	-0.205531	-0.210914	-0.211275	-0.201578	-0.190231	-0.174134	-0.147326	-0.119976	-0.0984833	-0.07971	-0.0582704	-0.0308939	0	
0	-0.111463	-0.245759	-0.416587	-0.622527	-0.854654	-1.07707	-1.24758	-1.33577	-1.33406	-1.24197	-1.05803	-0.804418	-0.520578	-0.256405	-0.0459402	0.0986738	0.184361	0.223017	0.214722	0.165416	0.0940563	0.0211618	-0.0343354	-0.0632215	-0.062897	-0.0488943	-0.0280999	0.00528535	0.0363777	0.048346	0.0348646	0.0103112	-0.0173074	-0.0396775	-0.0430232	-0.0221736	0.0181551	0.0817321	0.153983	0.208705	0.222559	0.184365	0.087272	-0.0768888	-0.313765	-0.613429	-0.938728	-1.2378	-1.4679	-1.59379	-1.59651	-1.47676	-1.25206	-0.956721	-0.634274	-0.320012	-0.0508237	0.147656	0.278881	0.356086	0.390048	0.378174	0.327193	0.254558	0.178167	0.0944224	0.00784591	-0.0647892	-0.110145	-0.136419	-0.153758	-0.161227	-0.155549	-0.139358	-0.124228	-0.115729	-0.125099	-0.145859	-0.175202	-0.214081	-0.248778	-0.272035	-0.284983	-0.295841	-0.30339	-0.301466	-0.293677	-0.287872	-0.276621	-0.251978	-0.221694	-0.18631	-0.145636	-0.1098	-0.0870977	-0.0707471	-0.0511276	-0.0279764	0	
0	-0.078695	-0.181961	-0.32571	-0.506215	-0.725847	-0.951758	-1.14934	-1.27659	-1.32215	-1.27408	-1.12572	-0.893702	-0.615985	-0.349286	-0.124139	0.0428265	0.160258	0.227936	0.239225	0.196307	0.121909	0.0459501	-0.00977076	-0.0394884	-0.0401968	-0.0280999	-0.00376723	0.0320645	0.0643246	0.0726195	0.0470245	0.011475	-0.0218924	-0.0412258	-0.0422121	-0.0256091	0.00600213	0.0618356	0.125615	0.178597	0.18411	0.131141	0.0148055	-0.168002	-0.420376	-0.726903	-1.05413	-1.34528	-1.55548	-1.65528	-1.627	-1.48007	-1.23167	-0.92269	-0.593952	-0.281019	-0.016543	0.176991	0.303655	0.38486	0.430042	0.432282	0.394294	0.339109	0.28351	0.221713	0.158224	0.103359	0.0710966	0.0508246	0.0316592	0.0129218	-0.00282357	-0.0188992	-0.0466526	-0.0852683	-0.137945	-0.197352	-0.255695	-0.305289	-0.345891	-0.374273	-0.390412	-0.404292	-0.409603	-0.405301	-0.39152	-0.376203	-0.355256	-0.315187	-0.27054	-0.225651	-0.179909	-0.142562	-0.111962	-0.0833196	-0.0542399	-0.025674	0	
0	-0.0458271	-0.118331	-0.23225	-0.388262	-0.592847	-0.825426	-1.04912	-1.22015	-1.31237	-1.3124	-1.20218	-0.998947	-0.733504	-0.466142	-0.225684	-0.0309536	0.119077	0.215373	0.243717	0.208056	0.136775	0.0661258	0.0169528	-0.00730725	-0.00861095	0.00528535	0.0320645	0.0689424	0.0978694	0.0983019	0.0660283	0.0254564	-0.00719149	-0.0245123	-0.0309067	-0.0271853	-0.00869337	0.0348052	0.0904391	0.13241	0.122268	0.0490629	-0.0882293	-0.285155	-0.54224	-0.844372	-1.16089	-1.42881	-1.61082	-1.67475	-1.61536	-1.44152	-1.17895	-0.865968	-0.541821	-0.238865	0.0104023	0.190796	0.309306	0.382628	0.428298	0.44106	0.42205	0.390202	0.359977	0.329715	0.300589	0.271896	0.255037	0.239617	0.217575	0.183503	0.141187	0.0907607	0.0175647	-0.0706912	-0.167434	-0.255734	-0.326617	-0.382958	-0.429224	-0.462415	-0.483781	-0.498597	-0.501451	-0.494377	-0.474876	-0.449579	-0.415944	-0.367704	-0.320438	-0.276816	-0.236451	-0.199276	-0.158586	-0.116126	-0.0737402	-0.0335974	0	
0	-0.00851507	-0.0464996	-0.128919	-0.260223	-0.450465	-0.686729	-0.933864	-1.14176	-1.27952	-1.32409	-1.25818	-1.0883	-0.843681	-0.57991	-0.32694	-0.109364	0.0673649	0.185018	0.226082	0.200889	0.137003	0.0775056	0.0382607	0.0200655	0.0222786	0.0363777	0.0643246	0.0978694	0.118112	0.114294	0.0810109	0.0425927	0.0106363	-0.010155	-0.0250368	-0.0316043	-0.0212685	0.0173839	0.0648289	0.0944529	0.06636	-0.029739	-0.188046	-0.401305	-0.660374	-0.952657	-1.24623	-1.48286	-1.62581	-1.65318	-1.56075	-1.36454	-1.09199	-0.781939	-0.470086	-0.18725	0.0391625	0.20438	0.308553	0.371021	0.413933	0.427303	0.409568	0.388229	0.379804	0.380929	0.38561	0.385653	0.384542	0.374178	0.347819	0.298328	0.235222	0.153954	0.0502289	-0.0633145	-0.179345	-0.283291	-0.368585	-0.430304	-0.484461	-0.523019	-0.542811	-0.559922	-0.562168	-0.552177	-0.528226	-0.491588	-0.448173	-0.399044	-0.359006	-0.323824	-0.284558	-0.242739	-0.192218	-0.138786	-0.0905974	-0.0435206	0	
0	0.0314753	0.0299281	-0.0241269	-0.133536	-0.312603	-0.548578	-0.810151	-1.04529	-1.21751	-1.30301	-1.27672	-1.14304	-0.9204	-0.664327	-0.405148	-0.174111	0.0182882	0.147162	0.198488	0.18105	0.126123	0.0754395	0.0421151	0.0318717	0.0344475	0.048346	0.0726195	0.0983019	0.114294	0.110557	0.0838764	0.0505567	0.0155169	-0.0083925	-0.025817	-0.0338889	-0.022926	0.0138107	0.0538692	0.072987	0.0290037	-0.0850929	-0.264729	-0.49019	-0.751239	-1.03045	-1.30168	-1.50853	-1.61997	-1.60821	-1.4833	-1.26272	-0.978262	-0.675461	-0.38307	-0.122015	0.0834205	0.231994	0.324383	0.372979	0.398344	0.39638	0.371432	0.351931	0.352165	0.367646	0.391828	0.405532	0.410602	0.404441	0.378702	0.324042	0.247823	0.154269	0.0423649	-0.0732267	-0.182097	-0.281698	-0.366811	-0.434835	-0.496092	-0.534903	-0.556065	-0.570023	-0.568697	-0.561783	-0.539082	-0.500123	-0.457061	-0.412204	-0.373582	-0.335882	-0.29154	-0.244362	-0.191759	-0.139113	-0.0935013	-0.0467428	0	
0	0.0737226	0.106584	0.0799769	-0.0155417	-0.182887	-0.4167	-0.681731	-0.932863	-1.13107	-1.24811	-1.25872	-1.15662	-0.959388	-0.715456	-0.460462	-0.226052	-0.0277858	0.110491	0.170314	0.163407	0.115595	0.0694797	0.0403138	0.0310223	0.0306125	0.0348646	0.0470245	0.0660283	0.0810109	0.0838764	0.0695907	0.0409479	0.00988433	-0.00986762	-0.0192766	-0.0213302	-0.00825907	0.0237443	0.0596642	0.0690719	0.0149263	-0.115454	-0.309531	-0.54679	-0.804506	-1.07112	-1.32116	-1.50355	-1.58259	-1.53864	-1.38712	-1.14729	-0.86029	-0.566961	-0.285205	-0.0359286	0.153547	0.288122	0.359695	0.376621	0.371046	0.348018	0.310477	0.286768	0.283402	0.293481	0.309852	0.319862	0.324103	0.320573	0.303052	0.256293	0.189857	0.102446	0.00102502	-0.0956739	-0.184878	-0.264882	-0.335497	-0.395664	-0.454782	-0.494865	-0.5185	-0.538058	-0.535478	-0.520001	-0.498536	-0.465385	-0.428478	-0.393297	-0.354893	-0.306922	-0.25574	-0.211782	-0.166245	-0.120786	-0.0827919	-0.041007	0	
0	0.113906	0.181004	0.175493	0.0936364	-0.0664682	-0.291116	-0.553559	-0.810359	-1.02591	-1.16669	-1.20566	-1.13249	-0.963165	-0.741228	-0.502573	-0.276027	-0.0765222	0.0685538	0.13972	0.142293	0.102012	0.0615345	0.0345334	0.0270654	0.0192276	0.0103112	0.011475	0.0254564	0.0425927	0.0505567	0.0409479	0.0201453	-0.00298865	-0.00917678	-0.00295558	0.0043067	0.019218	0.0510447	0.0818609	0.0830996	0.0164024	-0.12834	-0.336421	-0.57857	-0.830917	-1.08218	-1.30459	-1.45605	-1.50434	-1.43261	-1.26414	-1.02286	-0.739388	-0.452522	-0.178982	0.0618832	0.239912	0.352193	0.390861	0.372308	0.332765	0.28254	0.226719	0.186573	0.166131	0.158376	0.159579	0.158058	0.154245	0.15551	0.148811	0.11736	0.068908	0.00630737	-0.0595738	-0.120246	-0.175611	-0.230849	-0.281345	-0.324076	-0.37259	-0.4108	-0.442422	-0.467968	-0.465711	-0.448944	-0.426681	-0.396848	-0.368648	-0.339422	-0.299537	-0.250508	-0.200485	-0.163819	-0.132871	-0.0976096	-0.0672072	-0.0352187	0	
0	0.1465	0.240254	0.253458	0.180754	0.0300466	-0.184907	-0.438207	-0.69515	-0.919682	-1.07469	-1.13397	-1.08692	-0.952024	-0.764439	-0.55516	-0.345189	-0.148915	0.00214955	0.083978	0.0963885	0.067905	0.035758	0.0164744	0.0107945	-0.00142826	-0.0173074	-0.0218924	-0.00719149	0.0106363	0.0155169	0.00988433	-0.00298865	-0.0121438	-0.00437092	0.0110575	0.0219837	0.0360049	0.0628433	0.0888856	0.0807315	0.00403867	-0.149675	-0.365439	-0.611146	-0.856688	-1.08462	-1.27013	-1.38272	-1.39536	-1.30022	-1.12387	-0.880196	-0.598973	-0.321277	-0.058182	0.166769	0.318595	0.399204	0.409198	0.360488	0.287299	0.208171	0.128142	0.0639722	0.0180061	-0.0151804	-0.0314445	-0.0369119	-0.039215	-0.0402062	-0.0483538	-0.0679139	-0.0887757	-0.110657	-0.129469	-0.143003	-0.158868	-0.183088	-0.210493	-0.241821	-0.278489	-0.306992	-0.33672	-0.362592	-0.362217	-0.35023	-0.341108	-0.322346	-0.297095	-0.273512	-0.240991	-0.199652	-0.158929	-0.127996	-0.100166	-0.0715866	-0.0508805	-0.0277651	0	
0	0.163113	0.27262	0.29715	0.232551	0.0886459	-0.116101	-0.360315	-0.613169	-0.838563	-0.998033	-1.0673	-1.04376	-0.946067	-0.799262	-0.624382	-0.431183	-0.239565	-0.0820209	0.00818762	0.0321737	0.0174456	-0.00295911	-0.0143072	-0.0167859	-0.0263779	-0.0396775	-0.0412258	-0.0245123	-0.010155	-0.0083925	-0.00986762	-0.00917678	-0.00437092	0.00744085	0.0227159	0.0276452	0.0315957	0.0470308	0.0609236	0.04105	-0.0415468	-0.20116	-0.420036	-0.662533	-0.889613	-1.08233	-1.22095	-1.29214	-1.27511	-1.1623	-0.973268	-0.723352	-0.443597	-0.173238	0.0691019	0.262019	0.380321	0.426442	0.401934	0.324355	0.226954	0.127279	0.0274449	-0.0592594	-0.126133	-0.174659	-0.200272	-0.211557	-0.219522	-0.225152	-0.232446	-0.241377	-0.239712	-0.226705	-0.203167	-0.175242	-0.15943	-0.156244	-0.158595	-0.170867	-0.19007	-0.204352	-0.218547	-0.233371	-0.237371	-0.241421	-0.255407	-0.255883	-0.239198	-0.220524	-0.199005	-0.175391	-0.148335	-0.121685	-0.0936266	-0.0631781	-0.0426639	-0.0242811	0	
0	0.162834	0.276183	0.307655	0.250636	0.113741	-0.0820135	-0.317937	-0.562406	-0.782859	-0.936818	-1.01183	-1.00892	-0.950115	-0.845371	-0.701636	-0.525308	-0.335722	-0.17497	-0.0747413	-0.0372585	-0.0345597	-0.0415036	-0.043549	-0.0398616	-0.0382683	-0.0430232	-0.0422121	-0.0309067	-0.0250368	-0.025817	-0.0192766	-0.00295558	0.0110575	0.0227159	0.0291138	0.0227451	0.00877281	0.00394868	-0.000391516	-0.032645	-0.12606	-0.29056	-0.508486	-0.735375	-0.928517	-1.07411	-1.1632	-1.19518	-1.14931	-1.01796	-0.81449	-0.560403	-0.283294	-0.0280459	0.188305	0.349088	0.432715	0.438298	0.380679	0.279053	0.158141	0.0398918	-0.0680061	-0.158874	-0.229442	-0.284769	-0.321245	-0.341448	-0.357534	-0.368533	-0.374756	-0.369109	-0.345844	-0.313506	-0.273514	-0.230382	-0.192902	-0.161348	-0.138689	-0.130552	-0.127921	-0.121531	-0.120219	-0.126111	-0.132398	-0.149678	-0.179709	-0.197279	-0.196572	-0.190776	-0.184973	-0.178346	-0.165555	-0.14917	-0.125354	-0.0897299	-0.0567538	-0.0292057	0	
0	0.148316	0.256868	0.291496	0.244521	0.11566	-0.0704298	-0.295404	-0.528368	-0.734083	-0.880952	-0.955554	-0.975114	-0.950161	-0.88311	-0.766601	-0.604482	-0.42184	-0.260333	-0.152304	-0.101593	-0.0813495	-0.0747537	-0.0651652	-0.046951	-0.028914	-0.0221736	-0.0256091	-0.0271853	-0.0316043	-0.0338889	-0.0213302	0.0043067	0.0219837	0.0276452	0.0227451	0.000644908	-0.0341489	-0.0587053	-0.0812416	-0.129014	-0.234874	-0.403904	-0.61229	-0.809267	-0.96518	-1.06484	-1.11061	-1.10181	-1.02477	-0.869811	-0.655733	-0.402352	-0.138662	0.097934	0.28916	0.419644	0.472199	0.445853	0.36038	0.237705	0.103313	-0.0204124	-0.129134	-0.220131	-0.289922	-0.349315	-0.391311	-0.418753	-0.439529	-0.458496	-0.467334	-0.452653	-0.419249	-0.376904	-0.334092	-0.287049	-0.243459	-0.198159	-0.152337	-0.123515	-0.0992343	-0.0760657	-0.0663422	-0.0707883	-0.0822483	-0.101219	-0.130142	-0.155898	-0.174072	-0.190495	-0.202908	-0.207261	-0.201764	-0.191371	-0.173046	-0.135747	-0.0882653	-0.04347	0	
0	0.12629	0.222728	0.260888	0.222999	0.106991	-0.0675358	-0.277094	-0.490828	-0.679422	-0.81423	-0.891548	-0.927271	-0.928912	-0.889048	-0.792574	-0.645088	-0.473225	-0.314315	-0.204407	-0.142127	-0.111023	-0.0915489	-0.0657943	-0.0312494	0.00631267	0.0181551	0.00600213	-0.00869337	-0.0212685	-0.022926	-0.00825907	0.019218	0.0360049	0.0315957	0.00877281	-0.0341489	-0.0885263	-0.132349	-0.171566	-0.23433	-0.348486	-0.511275	-0.695153	-0.864223	-0.986712	-1.05229	-1.06071	-1.01361	-0.906434	-0.740828	-0.52476	-0.279583	-0.0298599	0.192068	0.360219	0.461293	0.484964	0.434231	0.335758	0.215128	0.0865206	-0.0370248	-0.149834	-0.24424	-0.31657	-0.374526	-0.419789	-0.455427	-0.484296	-0.50699	-0.513142	-0.49994	-0.466655	-0.426059	-0.383364	-0.334404	-0.29012	-0.240836	-0.195209	-0.157186	-0.116018	-0.0790122	-0.0595829	-0.0666619	-0.0835923	-0.10063	-0.122739	-0.151337	-0.183284	-0.214455	-0.244327	-0.258013	-0.250132	-0.234605	-0.210041	-0.170256	-0.118916	-0.0606047	0	
0	0.102897	0.187426	0.225222	0.200271	0.0981051	-0.0572938	-0.245344	-0.433951	-0.60114	-0.726499	-0.804108	-0.850893	-0.865311	-0.841455	-0.757907	-0.627152	-0.467143	-0.319374	-0.210083	-0.146387	-0.108567	-0.0751868	-0.0332069	0.0207253	0.0695954	0.0817321	0.0618356	0.0348052	0.0173839	0.0138107	0.0237443	0.0510447	0.0628433	0.0470308	0.00394868	-0.0587053	-0.132349	-0.194324	-0.255534	-0.330967	-0.444638	-0.586712	-0.745218	-0.883353	-0.979593	-1.0147	-0.993075	-0.919967	-0.80671	-0.644277	-0.437074	-0.204426	0.0332378	0.237293	0.37969	0.454259	0.461006	0.404762	0.313827	0.2057	0.087668	-0.0316057	-0.143389	-0.236864	-0.308999	-0.374684	-0.432604	-0.478325	-0.509457	-0.531203	-0.537813	-0.52185	-0.489255	-0.452409	-0.414773	-0.372294	-0.331059	-0.287177	-0.243662	-0.203779	-0.164173	-0.126715	-0.107955	-0.112115	-0.124372	-0.141456	-0.160109	-0.189636	-0.225844	-0.253194	-0.280898	-0.300485	-0.293696	-0.269037	-0.237545	-0.196234	-0.143596	-0.0787393	0	
0	0.0888611	0.164351	0.206514	0.193307	0.113804	-0.0184309	-0.176153	-0.337906	-0.484236	-0.603922	-0.68347	-0.735615	-0.754621	-0.738163	-0.667732	-0.552905	-0.412495	-0.277679	-0.179768	-0.118789	-0.0776496	-0.0308411	0.0277838	0.0929174	0.143701	0.153983	0.125615	0.0904391	0.0648289	0.0538692	0.0596642	0.0818609	0.0888856	0.0609236	-0.000391516	-0.0812416	-0.171566	-0.255534	-0.33257	-0.411109	-0.510391	-0.631126	-0.762545	-0.876023	-0.944199	-0.951078	-0.910773	-0.829736	-0.719643	-0.569412	-0.380728	-0.164035	0.0498467	0.22887	0.349952	0.413322	0.416633	0.370583	0.293809	0.199075	0.0944907	-0.0177131	-0.128062	-0.219298	-0.29376	-0.368777	-0.441319	-0.501221	-0.53516	-0.54983	-0.544773	-0.526407	-0.49511	-0.461305	-0.431362	-0.396497	-0.36379	-0.326823	-0.289866	-0.255774	-0.227197	-0.205	-0.194045	-0.197951	-0.201922	-0.207132	-0.220619	-0.247667	-0.274919	-0.290032	-0.307621	-0.321384	-0.315569	-0.292423	-0.254674	-0.208114	-0.151897	-0.0793283	0	
0	0.0816338	0.151764	0.194495	0.193716	0.135471	0.0324783	-0.0955777	-0.227994	-0.357186	-0.469529	-0.549168	-0.598136	-0.612751	-0.59743	-0.535763	-0.439155	-0.31923	-0.206349	-0.126434	-0.074878	-0.034962	0.0219213	0.0878053	0.154331	0.20226	0.208705	0.178597	0.13241	0.0944529	0.072987	0.0690719	0.0830996	0.0807315	0.04105	-0.032645	-0.129014	-0.23433	-0.330967	-0.411109	-0.47887	-0.560929	-0.661065	-0.767509	-0.852167	-0.89094	-0.882627	-0.839184	-0.760766	-0.659304	-0.522835	-0.350688	-0.160129	0.0260582	0.181052	0.287101	0.346333	0.359098	0.33243	0.271943	0.190903	0.0995166	-0.00173163	-0.10746	-0.197839	-0.277796	-0.359611	-0.439976	-0.505931	-0.540004	-0.547165	-0.537586	-0.524348	-0.500108	-0.473352	-0.447673	-0.422374	-0.398369	-0.368711	-0.337442	-0.308186	-0.298726	-0.294033	-0.288138	-0.288133	-0.283566	-0.282117	-0.284795	-0.299515	-0.316234	-0.314636	-0.313197	-0.312843	-0.297981	-0.277117	-0.246389	-0.19714	-0.134755	-0.0649604	0	
0	0.0791812	0.143212	0.184625	0.189523	0.151892	0.0720895	-0.0286434	-0.138975	-0.252423	-0.356852	-0.43338	-0.47332	-0.480327	-0.460241	-0.405191	-0.324068	-0.224791	-0.136802	-0.0747978	-0.0347808	0.00350489	0.0611186	0.122921	0.182148	0.219811	0.222559	0.18411	0.122268	0.06636	0.0290037	0.0149263	0.0164024	0.00403867	-0.0415468	-0.12606	-0.234874	-0.348486	-0.444638	-0.510391	-0.560929	-0.623085	-0.698049	-0.772799	-0.826369	-0.846572	-0.83753	-0.799065	-0.727801	-0.633512	-0.507277	-0.35909	-0.19309	-0.0278572	0.109241	0.210198	0.277601	0.300577	0.286863	0.242008	0.174419	0.0993379	0.00948429	-0.0910239	-0.179791	-0.259879	-0.343381	-0.423223	-0.479238	-0.503795	-0.509373	-0.511936	-0.513304	-0.499691	-0.483539	-0.469647	-0.455641	-0.437097	-0.416538	-0.395533	-0.377234	-0.378	-0.375864	-0.367717	-0.361219	-0.350405	-0.341224	-0.330933	-0.323392	-0.317281	-0.302121	-0.282622	-0.263015	-0.237458	-0.212655	-0.18589	-0.144679	-0.0929189	-0.0404131	0	
