0	0	0	0	0	0	0	0	0	0	0	0	0	0	0	0	0	0	0	0	0	0	0	0	0	0	0	0	0	0	0	0	0	0	0	0	0	0	0	0	0	0	0	0	0	0	0	0	0	0	0	0	0	0	0	0	0	0	0	0	0	0	0	0	0	0	0	0	0	0	0	0	0	0	0	0	0	0	0	0	0	0	0	0	0	0	0	0	0	0	0	0	0	0	0	0	0	0	0	0	
0	-0.00117286	0.000345334	-0.00221477	-0.000143416	-0.00113714	-0.000562856	0.000464881	-0.000309009	0.00127569	-0.000244186	0.000682345	-8.50223e-05	-0.00110941	0.000229546	-0.00116781	-0.0010687	-0.00107895	-0.00302139	-0.00754589	-0.00963385	-0.0175053	-0.0245004	-0.0300525	-0.0366058	-0.0389344	-0.0378857	-0.0288024	-0.00983883	0.0146697	0.03872	0.062049	0.0762108	0.0771606	0.0671391	0.054156	0.0351345	0.0179628	0.000733764	-0.0170081	-0.0327996	-0.0375383	-0.0366467	-0.0254506	-0.0100586	0.000411046	0.00501871	0.00710295	0.0059255	3.61272e-05	-0.00804693	-0.0103131	-0.00718676	0.000351413	0.00200148	0.0033033	-0.00144682	-0.00600514	-0.00440675	-0.000578617	0.00220748	0.000354292	0.000247538	-0.00234353	-0.00223038	0.000145977	0.000905053	-0.00137775	-0.00301408	-0.000378067	-0.00112589	-0.00230398	0.000888307	0.00244684	-0.000672779	-0.00134848	-0.000268357	0.00183906	0.00720525	0.0101543	0.0127703	0.0164294	0.0237792	0.0360996	0.0422434	0.041318	0.0319533	0.0095594	-0.0146768	-0.0336953	-0.0506886	-0.0651239	-0.0718121	-0.0687768	-0.0629064	-0.0593399	-0.0554353	-0.0460697	-0.027011	0	
0	0.000345334	0.00224301	0.000609704	0.00285774	0.000625802	0.000716572	0.000714612	-0.0016501	-0.000466401	-0.000565828	-0.00185236	0.00102812	-0.000342157	-0.000932623	-0.000767777	-0.00369392	-0.00761221	-0.00942642	-0.0168153	-0.0222997	-0.0343316	-0.0459439	-0.0602675	-0.0766822	-0.0814415	-0.075139	-0.0557732	-0.0218163	0.0271717	0.0782429	0.123279	0.148553	0.152647	0.135722	0.107697	0.0686883	0.0344118	0.00163577	-0.0350964	-0.0663842	-0.0767014	-0.0747693	-0.0523307	-0.0230266	-0.000655449	0.00744492	0.0135947	0.0103225	-0.000229376	-0.015067	-0.0206663	-0.0118638	0.000452854	0.00690171	0.00778737	-0.00123805	-0.00976991	-0.00889859	-0.000726109	0.00273072	-0.00103858	-0.00127712	-0.00639467	-0.00631916	0.000361782	0.0022439	-0.00148833	-0.00215983	-0.00032576	-0.00112782	-0.00351583	-0.00203089	0.00325442	-0.00266126	-0.00506479	0.0022856	0.00702104	0.0150132	0.0211637	0.0244449	0.0296064	0.0453282	0.0731268	0.0880489	0.082904	0.0606187	0.0194181	-0.0268603	-0.0680398	-0.102189	-0.127955	-0.141688	-0.138713	-0.127671	-0.119106	-0.110736	-0.0921359	-0.0539282	0	
0	-0.00221477	0.000609704	-0.00445294	-3.63433e-05	-0.00271194	-0.000838944	0.000743174	-0.000757309	0.0027869	-0.000457132	0.00133992	8.40412e-05	-0.00229684	-0.000351307	-0.0027687	-0.00408353	-0.00495676	-0.010362	-0.0220058	-0.0304345	-0.0514973	-0.0716812	-0.0906438	-0.11032	-0.11655	-0.112399	-0.0855504	-0.0311245	0.0410503	0.114119	0.183346	0.224849	0.229338	0.201934	0.162546	0.10664	0.0550076	0.00364626	-0.0497426	-0.0954102	-0.111963	-0.109138	-0.0771668	-0.0325981	-0.00128066	0.0135234	0.0205109	0.0167223	0.000325712	-0.0221759	-0.0298034	-0.0205217	-0.000708846	0.0068267	0.00942633	-0.00375024	-0.0161753	-0.0130083	-0.0016778	0.00444562	0.000793836	0.000544925	-0.00708184	-0.00683089	-0.000259835	0.00257053	-0.00300936	-0.00740646	-0.00192844	-0.00339516	-0.00596266	0.00157307	0.00612635	-0.00239072	-0.00449697	0.000804825	0.00735626	0.020327	0.0295658	0.0378903	0.0483402	0.0714109	0.108125	0.126269	0.121958	0.0929397	0.0298381	-0.0398526	-0.0979845	-0.149938	-0.192827	-0.213443	-0.207365	-0.191776	-0.18035	-0.167731	-0.138538	-0.0802832	0	
0	-0.000143416	0.00285774	-3.63433e-05	0.00310577	0.000750289	0.000469506	0.00108898	-0.00186553	-0.000415486	-0.000980302	-0.00206274	0.00069269	-0.00140706	-0.000827195	-0.00261337	-0.00609157	-0.0118932	-0.0179639	-0.0320342	-0.0437005	-0.0679809	-0.0926655	-0.118671	-0.148202	-0.159716	-0.150191	-0.111963	-0.043382	0.0512132	0.151239	0.239637	0.293095	0.302673	0.271578	0.216003	0.141955	0.0732508	0.00628254	-0.0653836	-0.125701	-0.149322	-0.146547	-0.104287	-0.0485701	-0.00518197	0.0142923	0.0256189	0.020131	7.25192e-06	-0.0272838	-0.0384263	-0.0253071	-0.0016317	0.0110573	0.013735	-0.00293922	-0.0184911	-0.015738	-0.00285385	0.00378603	-0.000581726	-0.00160374	-0.0101705	-0.0116316	-0.0012109	0.00369473	-0.00273093	-0.0053338	-0.00194561	-0.00354893	-0.00592144	-0.000813562	0.00488669	-0.00526819	-0.00790935	0.00317372	0.0135977	0.0285368	0.039764	0.0490631	0.0620861	0.092463	0.142012	0.170752	0.163392	0.119912	0.0402668	-0.0486414	-0.128765	-0.19789	-0.251952	-0.281242	-0.278975	-0.26011	-0.242723	-0.224655	-0.185012	-0.106486	0	
0	-0.00113714	0.000625802	-0.00271194	0.000750289	-0.00221137	-8.69676e-05	0.000254071	-0.00091657	0.00180147	-0.000241375	0.00033695	0.000359164	-0.00183186	-0.00224089	-0.00363245	-0.00800751	-0.0115818	-0.0205624	-0.035334	-0.0537018	-0.0834885	-0.11524	-0.150321	-0.183053	-0.193521	-0.184107	-0.140217	-0.0552197	0.0599389	0.183086	0.295526	0.364115	0.375597	0.337589	0.271285	0.182709	0.0959058	0.0110232	-0.077514	-0.149507	-0.18304	-0.178732	-0.130357	-0.0616234	-0.00977446	0.0179602	0.0310265	0.0249597	0.000907807	-0.0313575	-0.0458632	-0.0322039	-0.00545616	0.0116991	0.0141652	-0.00484666	-0.0218269	-0.0198653	-0.00370275	0.0026003	0.000671863	0.000201194	-0.0110723	-0.0118342	-0.00242142	0.00344634	-0.00275642	-0.00844263	-0.00477596	-0.00591546	-0.00715009	0.00079839	0.00620267	-0.00468449	-0.00783484	0.00416234	0.0164725	0.0312333	0.0464129	0.0617799	0.0795224	0.119189	0.177397	0.207662	0.198056	0.147474	0.052765	-0.054576	-0.152837	-0.241897	-0.31341	-0.350266	-0.348498	-0.328435	-0.308293	-0.284096	-0.231449	-0.131801	0	
0	-0.000562856	0.000716572	-0.000838944	0.000469506	-8.69676e-05	-4.00424e-05	0.000347813	-0.000305427	0.000215921	-0.000687401	-0.000388296	-0.000549502	-0.00196708	-0.00135263	-0.00439222	-0.0082434	-0.0142034	-0.0253486	-0.0447179	-0.0651628	-0.0995568	-0.138238	-0.176236	-0.213825	-0.232781	-0.222701	-0.168032	-0.0674581	0.0683725	0.214376	0.343866	0.426964	0.446647	0.406215	0.326006	0.222187	0.119378	0.0167643	-0.0869598	-0.173002	-0.214926	-0.212243	-0.156535	-0.0796005	-0.0171328	0.0181663	0.0344368	0.0280441	0.00153668	-0.034173	-0.0511108	-0.0387724	-0.00819243	0.0121817	0.0154064	-0.00434851	-0.0240787	-0.0204099	-0.00671412	0.00115188	0.00119507	-0.00125024	-0.0111143	-0.0148323	-0.0046569	0.00345054	-0.00307275	-0.00847871	-0.00580113	-0.00703816	-0.00678176	0.00195082	0.00444743	-0.00718796	-0.00844328	0.00450624	0.020072	0.0384157	0.0550116	0.0727852	0.0971396	0.142641	0.205651	0.244793	0.237032	0.175268	0.0652764	-0.0595087	-0.176804	-0.282484	-0.36763	-0.416061	-0.421677	-0.40123	-0.375388	-0.343648	-0.278076	-0.157482	0	
0	0.000464881	0.000714612	0.000743174	0.00108898	0.000254071	0.000347813	-0.000225754	-0.000617873	-0.000909865	-0.000287805	-0.00133659	-0.000559817	-0.00111544	-0.00370451	-0.00506793	-0.0110083	-0.0185503	-0.0314541	-0.04885	-0.0768285	-0.113614	-0.156712	-0.205737	-0.249404	-0.268129	-0.253181	-0.19289	-0.0815131	0.0704879	0.240553	0.392031	0.489922	0.513852	0.471944	0.381697	0.266326	0.144838	0.0256058	-0.0944355	-0.19127	-0.245215	-0.242264	-0.183853	-0.0990582	-0.0274861	0.0165451	0.0362206	0.0300046	0.00196429	-0.0349442	-0.0560604	-0.0433459	-0.0132103	0.0126093	0.0153831	-0.00449578	-0.0229515	-0.0225524	-0.0086081	-0.00171165	0.000542583	-0.00147909	-0.0124797	-0.0163774	-0.00629871	0.00235531	-0.00227774	-0.0075796	-0.00795666	-0.00859876	-0.00614391	0.000273628	0.00224158	-0.0069832	-0.00916046	0.00750073	0.0261801	0.0410638	0.0603875	0.0833269	0.113041	0.167993	0.238743	0.281053	0.268296	0.197039	0.0795266	-0.0568049	-0.193106	-0.320365	-0.422846	-0.481369	-0.492661	-0.474813	-0.446929	-0.40605	-0.323876	-0.18183	0	
0	-0.000309009	-0.0016501	-0.000757309	-0.00186553	-0.00091657	-0.000305427	-0.000617873	0.00119478	0.000385798	0.000578961	0.000830592	-0.00127917	-0.00104764	-0.00376994	-0.00540429	-0.0112906	-0.0183612	-0.0335429	-0.0553066	-0.0875908	-0.128616	-0.179469	-0.232151	-0.276274	-0.301363	-0.288868	-0.222082	-0.0963849	0.0746766	0.26361	0.431579	0.54445	0.579365	0.537046	0.438253	0.310847	0.173675	0.0364848	-0.096799	-0.205965	-0.270509	-0.269217	-0.209659	-0.119073	-0.0391848	0.0146296	0.0373272	0.032301	0.00404547	-0.0346138	-0.057775	-0.048971	-0.0182139	0.00960831	0.0121306	-0.00489992	-0.0236309	-0.0233473	-0.0124212	-0.00433737	0.00150448	-0.00165803	-0.0110914	-0.0158599	-0.00796266	0.000461191	-0.00291867	-0.00937729	-0.0104627	-0.0101647	-0.00618519	0.00174071	0.00126065	-0.00710224	-0.00767963	0.00772682	0.0272936	0.0447375	0.0671941	0.0942217	0.132919	0.194144	0.26408	0.309611	0.300103	0.224307	0.0964014	-0.0550244	-0.208324	-0.352618	-0.471316	-0.544121	-0.5662	-0.552348	-0.520585	-0.468238	-0.369532	-0.207355	0	
0	0.00127569	-0.000466401	0.0027869	-0.000415486	0.00180147	0.000215921	-0.000909865	0.000385798	-0.00239226	-0.000810099	-0.00130332	-0.00254175	-0.000929481	-0.00475601	-0.00681276	-0.012886	-0.0242389	-0.0387729	-0.0634344	-0.0975887	-0.141748	-0.197551	-0.256962	-0.306026	-0.336266	-0.319032	-0.245066	-0.11136	0.0734578	0.281898	0.468322	0.5963	0.64143	0.60034	0.495606	0.357667	0.205448	0.0503092	-0.0952972	-0.218604	-0.292356	-0.295616	-0.235962	-0.144149	-0.0550957	0.00702375	0.034266	0.0314262	0.00410171	-0.0337797	-0.0589067	-0.0527237	-0.0226147	0.0065591	0.00963666	-0.00300988	-0.0207919	-0.021768	-0.0160472	-0.00672656	0.000486995	-0.00484891	-0.0113366	-0.0174251	-0.00999138	-0.00172065	-0.00361673	-0.00751484	-0.0105027	-0.0103694	-0.00543689	-0.000681238	-0.00269144	-0.00772445	-0.0067868	0.0100178	0.0312247	0.0496227	0.0730843	0.102009	0.150122	0.2189	0.290081	0.339846	0.329106	0.245672	0.11303	-0.0466286	-0.216864	-0.381001	-0.517513	-0.605743	-0.63907	-0.630642	-0.597595	-0.532891	-0.414379	-0.231423	0	
0	-0.000244186	-0.000565828	-0.000457132	-0.000980302	-0.000241375	-0.000687401	-0.000287805	0.000578961	-0.000810099	0.000927496	-0.000534319	-0.00175547	-0.00075881	-0.00592224	-0.00723073	-0.0144073	-0.0252159	-0.043308	-0.06734	-0.108741	-0.15608	-0.216479	-0.281214	-0.335416	-0.366503	-0.348189	-0.272215	-0.128985	0.0696934	0.294729	0.498147	0.642196	0.696492	0.660072	0.552515	0.407959	0.238197	0.0686997	-0.0911863	-0.22442	-0.310356	-0.31589	-0.261709	-0.167784	-0.0723686	-0.0012921	0.0307903	0.0311498	0.00579539	-0.0307786	-0.0579399	-0.0545173	-0.027698	0.000297794	0.0044668	-0.00464694	-0.0173393	-0.0232479	-0.0196853	-0.00868194	-0.00182747	-0.00504433	-0.0114398	-0.0152219	-0.00957343	-0.00570847	-0.00485245	-0.00830136	-0.0120366	-0.0110125	-0.00568895	-0.00281141	-0.0046545	-0.00494924	-0.00483023	0.0103984	0.0329901	0.0514496	0.0777019	0.112828	0.169112	0.243133	0.314544	0.363887	0.352772	0.269196	0.133474	-0.0359643	-0.221514	-0.404639	-0.560228	-0.664828	-0.71101	-0.711166	-0.677601	-0.597669	-0.458196	-0.255778	0	
0	0.000682345	-0.00185236	0.00133992	-0.00206274	0.00033695	-0.000388296	-0.00133659	0.000830592	-0.00130332	-0.000534319	1.16827e-06	-0.00322154	-0.00119678	-0.00654944	-0.00880689	-0.0155654	-0.0298167	-0.0445646	-0.0769476	-0.117203	-0.16867	-0.236199	-0.305291	-0.35785	-0.395666	-0.378631	-0.297685	-0.146569	0.0655915	0.304201	0.52165	0.6785	0.749785	0.718252	0.611052	0.455995	0.276706	0.0895247	-0.0799916	-0.229456	-0.321305	-0.335457	-0.285444	-0.194578	-0.0929754	-0.0146278	0.0230881	0.028241	0.00594241	-0.0288108	-0.0552841	-0.0556612	-0.0316932	-0.00686097	-0.00287769	-0.00328719	-0.0151664	-0.0215413	-0.0228251	-0.0111175	-0.0026534	-0.00949568	-0.010907	-0.0129759	-0.010504	-0.00851505	-0.00780313	-0.00886607	-0.0109848	-0.0103656	-0.0073244	-0.00580616	-0.00628199	-0.00435533	-0.00142419	0.011833	0.0310774	0.0555605	0.0851047	0.120175	0.187569	0.268367	0.334268	0.382611	0.376311	0.294655	0.155476	-0.023596	-0.224151	-0.423495	-0.596077	-0.720916	-0.784605	-0.79334	-0.757587	-0.662272	-0.502083	-0.279945	0	
0	-8.50223e-05	0.00102812	8.40412e-05	0.00069269	0.000359164	-0.000549502	-0.000559817	-0.00127917	-0.00254175	-0.00175547	-0.00322154	-0.00361204	-0.00327315	-0.00734285	-0.0101951	-0.0178503	-0.0328207	-0.0517382	-0.0836136	-0.127162	-0.18261	-0.251902	-0.323254	-0.387543	-0.425262	-0.403872	-0.320173	-0.164308	0.0557908	0.305101	0.539351	0.714101	0.794526	0.770341	0.666493	0.509578	0.315843	0.115898	-0.0677958	-0.227585	-0.328984	-0.350305	-0.308908	-0.221794	-0.116501	-0.0328553	0.0124085	0.022617	0.00463323	-0.0269004	-0.0523389	-0.0544952	-0.0350063	-0.0161941	-0.00919931	-0.0048188	-0.0100728	-0.0207048	-0.0245662	-0.0109198	-0.00727801	-0.0124331	-0.0127487	-0.0114806	-0.00966515	-0.0137325	-0.0113258	-0.00873493	-0.00877046	-0.00837147	-0.00831133	-0.0101549	-0.00938662	-0.0018083	0.00107848	0.0105496	0.0321717	0.0598367	0.0897851	0.13049	0.204496	0.287171	0.354711	0.403129	0.396084	0.316249	0.1771	-0.00712298	-0.219206	-0.436978	-0.63156	-0.776472	-0.854593	-0.873304	-0.838966	-0.728641	-0.544967	-0.301487	0	
0	-0.00110941	-0.000342157	-0.00229684	-0.00140706	-0.00183186	-0.00196708	-0.00111544	-0.00104764	-0.000929481	-0.00075881	-0.00119678	-0.00327315	-0.00428091	-0.00846486	-0.0140789	-0.0209536	-0.036964	-0.0561279	-0.0906113	-0.137506	-0.19723	-0.272565	-0.348256	-0.411234	-0.449666	-0.432714	-0.349202	-0.186284	0.0422968	0.303987	0.548732	0.734599	0.829058	0.819664	0.720679	0.559041	0.356014	0.145135	-0.0512988	-0.22275	-0.33138	-0.362085	-0.32993	-0.248092	-0.1423	-0.0535014	-0.00104242	0.0167134	0.00283221	-0.0239131	-0.0473664	-0.0506537	-0.0375355	-0.0262028	-0.0184058	-0.00831996	-0.00872821	-0.0220288	-0.0260166	-0.0134427	-0.0112756	-0.01664	-0.0134174	-0.00623118	-0.00767172	-0.0158289	-0.0155079	-0.0108459	-0.0070525	-0.00855211	-0.0123933	-0.0149878	-0.00968898	0.00251409	0.00568497	0.0103921	0.0289583	0.0608934	0.0959982	0.141243	0.221596	0.308363	0.371502	0.413774	0.412666	0.34301	0.203932	0.0106824	-0.215671	-0.449267	-0.659875	-0.824752	-0.924356	-0.955959	-0.918359	-0.791494	-0.58755	-0.323705	0	
0	0.000229546	-0.000932623	-0.000351307	-0.000827195	-0.00224089	-0.00135263	-0.00370451	-0.00376994	-0.00475601	-0.00592224	-0.00654944	-0.00734285	-0.00846486	-0.0121253	-0.0155942	-0.0254369	-0.041874	-0.0627768	-0.10077	-0.148666	-0.210844	-0.28766	-0.366963	-0.436532	-0.476676	-0.458591	-0.371801	-0.205906	0.0278561	0.294236	0.550597	0.751636	0.862004	0.862017	0.770491	0.609419	0.401702	0.178767	-0.0312761	-0.212795	-0.32894	-0.37061	-0.349281	-0.275152	-0.172353	-0.0812889	-0.020361	0.00376373	-0.00370068	-0.0259165	-0.0446756	-0.0475444	-0.0416013	-0.0359023	-0.0288631	-0.0112385	-0.00729785	-0.0203892	-0.0229579	-0.0140713	-0.0144307	-0.021846	-0.0161546	-0.00449181	-0.00814154	-0.0205111	-0.0213417	-0.0122893	-0.00362277	-0.00474894	-0.0148605	-0.019482	-0.00997432	0.00350776	0.00749913	0.00909627	0.0267876	0.0648815	0.104103	0.152213	0.234541	0.322829	0.38666	0.427591	0.430003	0.366576	0.228079	0.0290693	-0.207063	-0.454267	-0.685083	-0.873972	-0.99254	-1.03269	-0.993033	-0.854998	-0.630714	-0.342878	0	
0	-0.00116781	-0.000767777	-0.0027687	-0.00261337	-0.00363245	-0.00439222	-0.00506793	-0.00540429	-0.00681276	-0.00723073	-0.00880689	-0.0101951	-0.0140789	-0.0155942	-0.0248887	-0.0330068	-0.0492686	-0.0756593	-0.112296	-0.163379	-0.231408	-0.311758	-0.391011	-0.464964	-0.504413	-0.49007	-0.40221	-0.232983	0.00236311	0.276567	0.543208	0.755942	0.874778	0.893356	0.812849	0.656355	0.441525	0.211274	-0.011991	-0.200634	-0.325636	-0.378439	-0.367329	-0.302734	-0.205433	-0.112989	-0.043761	-0.0113483	-0.0123564	-0.0273609	-0.0403314	-0.0428194	-0.0423963	-0.04637	-0.0381362	-0.0193713	-0.0102092	-0.0210073	-0.0235407	-0.0161673	-0.0212185	-0.0278704	-0.0181528	-0.00265852	-0.0059201	-0.0214437	-0.0261185	-0.0142175	-0.000925354	-0.00544685	-0.0193733	-0.0230746	-0.0115028	0.0077209	0.0115087	0.00554919	0.0252559	0.0666347	0.109024	0.165961	0.249465	0.335237	0.397315	0.436462	0.44601	0.391621	0.254061	0.050075	-0.196818	-0.460545	-0.709157	-0.915488	-1.0537	-1.10764	-1.06585	-0.915196	-0.671431	-0.360342	0	
0	-0.0010687	-0.00369392	-0.00408353	-0.00609157	-0.00800751	-0.0082434	-0.0110083	-0.0112906	-0.012886	-0.0144073	-0.0155654	-0.0178503	-0.0209536	-0.0254369	-0.0330068	-0.0444981	-0.0613435	-0.0901182	-0.125093	-0.182857	-0.250301	-0.332282	-0.420886	-0.49615	-0.534085	-0.520816	-0.43319	-0.263413	-0.026399	0.253246	0.524151	0.745576	0.882055	0.918225	0.84699	0.695391	0.482613	0.246139	0.0096435	-0.185393	-0.320703	-0.38274	-0.384578	-0.329426	-0.243509	-0.149831	-0.0748734	-0.0342441	-0.0278528	-0.0347546	-0.0411119	-0.0408061	-0.0477663	-0.0559256	-0.0516931	-0.0303197	-0.0163355	-0.0231448	-0.0203851	-0.0201701	-0.025757	-0.0331262	-0.0220473	-0.00202594	-0.00634285	-0.0234995	-0.0306945	-0.0168558	-0.000660001	-0.00502806	-0.0228597	-0.0275657	-0.0103903	0.00960471	0.0111566	0.00605497	0.0249487	0.0662522	0.117227	0.178603	0.257187	0.344277	0.409215	0.447385	0.460646	0.413729	0.280462	0.07087	-0.188314	-0.463294	-0.725922	-0.953699	-1.11448	-1.17718	-1.12888	-0.970024	-0.712426	-0.378584	0	
0	-0.00107895	-0.00761221	-0.00495676	-0.0118932	-0.0115818	-0.0142034	-0.0185503	-0.0183612	-0.0242389	-0.0252159	-0.0298167	-0.0328207	-0.036964	-0.041874	-0.0492686	-0.0613435	-0.0787814	-0.110244	-0.149592	-0.209884	-0.28147	-0.365961	-0.453655	-0.528012	-0.571918	-0.562163	-0.472351	-0.301884	-0.0648396	0.215383	0.491807	0.723996	0.872437	0.922566	0.86688	0.727711	0.517568	0.273554	0.0284096	-0.172555	-0.317326	-0.391081	-0.402448	-0.361687	-0.286613	-0.195851	-0.115051	-0.0673716	-0.0516427	-0.0488869	-0.0469453	-0.0435054	-0.0543046	-0.0663695	-0.0662446	-0.0450156	-0.0277158	-0.0247437	-0.0209809	-0.0241574	-0.0316297	-0.0403093	-0.0260364	-0.00713645	-0.00884443	-0.0259931	-0.0360698	-0.0199711	-0.00203325	-0.00593738	-0.0245371	-0.0273471	-0.00955458	0.0094818	0.0100938	0.00211072	0.0224605	0.0680389	0.125203	0.1923	0.269056	0.35009	0.411607	0.455248	0.479031	0.437856	0.304331	0.0897203	-0.17736	-0.464467	-0.744151	-0.988734	-1.16482	-1.23646	-1.18705	-1.02233	-0.749641	-0.393459	0	
0	-0.00302139	-0.00942642	-0.010362	-0.0179639	-0.0205624	-0.0253486	-0.0314541	-0.0335429	-0.0387729	-0.043308	-0.0445646	-0.0517382	-0.0561279	-0.0627768	-0.0756593	-0.0901182	-0.110244	-0.144996	-0.183466	-0.245259	-0.318312	-0.405866	-0.500656	-0.578948	-0.621649	-0.611234	-0.520467	-0.353803	-0.117923	0.162223	0.4433	0.679142	0.84125	0.908751	0.87158	0.741901	0.539596	0.292183	0.0426897	-0.165795	-0.320527	-0.402814	-0.425259	-0.397979	-0.337553	-0.248642	-0.166471	-0.110655	-0.0841287	-0.0710883	-0.0579926	-0.0529957	-0.062611	-0.0789542	-0.0837842	-0.0664575	-0.0462654	-0.0330052	-0.0283576	-0.0341002	-0.0422402	-0.0493773	-0.0343059	-0.0141384	-0.0123284	-0.0267537	-0.0361084	-0.0228034	-0.00565847	-0.0106334	-0.0292162	-0.0296871	-0.0125259	0.00745424	0.00865667	0.003134	0.0265521	0.0698786	0.130074	0.201217	0.273935	0.351919	0.417568	0.469217	0.496568	0.456092	0.325501	0.108803	-0.167725	-0.466772	-0.758694	-1.01664	-1.20822	-1.28864	-1.23636	-1.06545	-0.782813	-0.410013	0	
0	-0.00754589	-0.0168153	-0.0220058	-0.0320342	-0.035334	-0.0447179	-0.04885	-0.0553066	-0.0634344	-0.06734	-0.0769476	-0.0836136	-0.0906113	-0.10077	-0.112296	-0.125093	-0.149592	-0.183466	-0.225598	-0.295073	-0.371233	-0.461201	-0.556718	-0.632642	-0.680226	-0.669765	-0.582338	-0.418536	-0.183877	0.0978808	0.375715	0.617511	0.791952	0.876509	0.853851	0.742218	0.550085	0.303059	0.0498651	-0.164975	-0.32846	-0.420093	-0.452266	-0.442447	-0.394716	-0.313586	-0.232383	-0.170012	-0.13399	-0.107121	-0.0869343	-0.0751104	-0.0834862	-0.0999035	-0.109428	-0.0983225	-0.071016	-0.0482991	-0.0400127	-0.0447207	-0.0526559	-0.0574605	-0.0437906	-0.0271277	-0.0216438	-0.0335335	-0.0427527	-0.0297277	-0.016947	-0.0181049	-0.028011	-0.0281561	-0.0108046	0.0057074	0.00183611	0.000910779	0.0254923	0.0688672	0.136503	0.211469	0.281897	0.353294	0.417903	0.479898	0.513509	0.474513	0.346679	0.125381	-0.161469	-0.469357	-0.770852	-1.04058	-1.24256	-1.3277	-1.27489	-1.10103	-0.81165	-0.426356	0	
0	-0.00963385	-0.0222997	-0.0304345	-0.0437005	-0.0537018	-0.0651628	-0.0768285	-0.0875908	-0.0975887	-0.108741	-0.117203	-0.127162	-0.137506	-0.148666	-0.163379	-0.182857	-0.209884	-0.245259	-0.295073	-0.36116	-0.438461	-0.532153	-0.631195	-0.708214	-0.758495	-0.748777	-0.663706	-0.49924	-0.265813	0.00713726	0.285066	0.532406	0.716289	0.811772	0.811561	0.718242	0.538388	0.293224	0.0427022	-0.179609	-0.350908	-0.450699	-0.493589	-0.499775	-0.465503	-0.393831	-0.31598	-0.248418	-0.199321	-0.160087	-0.127839	-0.109757	-0.111086	-0.125799	-0.141704	-0.135304	-0.105526	-0.0747953	-0.064293	-0.0675584	-0.0730558	-0.075801	-0.0648163	-0.0474209	-0.0377553	-0.0428391	-0.0442705	-0.0368831	-0.0281796	-0.025992	-0.0332926	-0.0295565	-0.0163183	-0.00587233	-0.00375791	0.00127381	0.0277256	0.07484	0.14079	0.213422	0.284067	0.35184	0.419708	0.492388	0.532	0.494048	0.361475	0.133635	-0.155658	-0.469877	-0.783323	-1.06015	-1.26353	-1.35255	-1.30455	-1.12854	-0.832934	-0.43994	0	
0	-0.0175053	-0.0343316	-0.0514973	-0.0679809	-0.0834885	-0.0995568	-0.113614	-0.128616	-0.141748	-0.15608	-0.16867	-0.18261	-0.19723	-0.210844	-0.231408	-0.250301	-0.28147	-0.318312	-0.371233	-0.438461	-0.522444	-0.619652	-0.716698	-0.799455	-0.851447	-0.839532	-0.753804	-0.595866	-0.368471	-0.0980365	0.179544	0.424907	0.615528	0.72827	0.747411	0.671426	0.506505	0.27247	0.0248736	-0.204462	-0.381359	-0.488916	-0.543125	-0.565589	-0.543668	-0.486275	-0.414915	-0.344804	-0.284809	-0.233125	-0.190756	-0.164367	-0.157205	-0.169979	-0.18937	-0.18867	-0.154911	-0.119077	-0.103557	-0.0993134	-0.10012	-0.0992927	-0.090079	-0.0734421	-0.0612821	-0.0588649	-0.056032	-0.052326	-0.048485	-0.043921	-0.0392173	-0.0322855	-0.0236158	-0.0141087	-0.0109594	-0.00218176	0.0289817	0.0770651	0.139825	0.213127	0.285686	0.350055	0.422113	0.507295	0.550236	0.505666	0.369989	0.143244	-0.152112	-0.47636	-0.793345	-1.07002	-1.27411	-1.36571	-1.32022	-1.14327	-0.847845	-0.453216	0	
0	-0.0245004	-0.0459439	-0.0716812	-0.0926655	-0.11524	-0.138238	-0.156712	-0.179469	-0.197551	-0.216479	-0.236199	-0.251902	-0.272565	-0.28766	-0.311758	-0.332282	-0.365961	-0.405866	-0.461201	-0.532153	-0.619652	-0.717823	-0.816412	-0.90122	-0.948565	-0.938201	-0.861927	-0.703831	-0.478703	-0.213339	0.0561309	0.304681	0.499164	0.623428	0.658465	0.606585	0.45827	0.237109	-0.00759754	-0.239691	-0.421244	-0.538198	-0.605576	-0.641602	-0.63413	-0.593243	-0.532675	-0.461108	-0.393536	-0.32886	-0.276222	-0.238574	-0.221149	-0.23006	-0.249757	-0.252644	-0.216905	-0.180611	-0.158319	-0.145842	-0.140676	-0.137678	-0.130273	-0.112845	-0.0988131	-0.0875614	-0.0773089	-0.0746813	-0.0740281	-0.0646029	-0.0503446	-0.0411942	-0.0357705	-0.0292308	-0.0223878	-0.00812711	0.0267803	0.0774385	0.137122	0.20946	0.283294	0.349781	0.429185	0.517014	0.559826	0.518746	0.37996	0.144094	-0.156036	-0.481305	-0.800542	-1.07607	-1.27205	-1.36068	-1.32161	-1.14913	-0.855249	-0.46043	0	
0	-0.0300525	-0.0602675	-0.0906438	-0.118671	-0.150321	-0.176236	-0.205737	-0.232151	-0.256962	-0.281214	-0.305291	-0.323254	-0.348256	-0.366963	-0.391011	-0.420886	-0.453655	-0.500656	-0.556718	-0.631195	-0.716698	-0.816412	-0.914832	-1.00378	-1.05146	-1.04731	-0.967721	-0.8087	-0.590272	-0.334044	-0.0687106	0.176032	0.371589	0.508955	0.561416	0.528894	0.396197	0.195769	-0.044961	-0.275756	-0.464466	-0.589422	-0.671099	-0.719388	-0.727445	-0.707384	-0.657095	-0.591691	-0.517149	-0.443699	-0.379879	-0.329253	-0.304519	-0.305755	-0.326237	-0.328725	-0.29616	-0.263591	-0.233203	-0.212158	-0.199613	-0.193978	-0.185874	-0.166025	-0.148826	-0.130296	-0.111356	-0.107078	-0.107971	-0.0928688	-0.0730039	-0.0616258	-0.0577495	-0.0521204	-0.0380457	-0.0182981	0.0220183	0.07727	0.132503	0.199688	0.273327	0.347206	0.434906	0.525829	0.573878	0.530199	0.378178	0.136967	-0.162578	-0.489268	-0.804871	-1.07018	-1.25741	-1.3441	-1.30821	-1.14124	-0.853477	-0.461712	0	
0	-0.0366058	-0.0766822	-0.11032	-0.148202	-0.183053	-0.213825	-0.249404	-0.276274	-0.306026	-0.335416	-0.35785	-0.387543	-0.411234	-0.436532	-0.464964	-0.49615	-0.528012	-0.578948	-0.632642	-0.708214	-0.799455	-0.90122	-1.00378	-1.09135	-1.13729	-1.13213	-1.05116	-0.899346	-0.690678	-0.440226	-0.177227	0.06129	0.258718	0.400338	0.468127	0.45244	0.345314	0.161306	-0.0722235	-0.3003	-0.492293	-0.627814	-0.725534	-0.78331	-0.813051	-0.810791	-0.779119	-0.721907	-0.648444	-0.569852	-0.494305	-0.435654	-0.402025	-0.399073	-0.416011	-0.416525	-0.392935	-0.363635	-0.326907	-0.296843	-0.274476	-0.267513	-0.254854	-0.231155	-0.215086	-0.189239	-0.166064	-0.159092	-0.153951	-0.137393	-0.111437	-0.0942119	-0.0902772	-0.0768621	-0.0563565	-0.0354992	0.00974662	0.0644741	0.116211	0.182933	0.260757	0.349147	0.445648	0.533559	0.578258	0.527725	0.370329	0.130011	-0.171685	-0.499279	-0.806449	-1.0584	-1.23244	-1.30986	-1.27581	-1.12184	-0.844095	-0.455358	0	
0	-0.0389344	-0.0814415	-0.11655	-0.159716	-0.193521	-0.232781	-0.268129	-0.301363	-0.336266	-0.366503	-0.395666	-0.425262	-0.449666	-0.476676	-0.504413	-0.534085	-0.571918	-0.621649	-0.680226	-0.758495	-0.851447	-0.948565	-1.05146	-1.13729	-1.18468	-1.18146	-1.10514	-0.958771	-0.74922	-0.50224	-0.251016	-0.0233154	0.17372	0.320125	0.401555	0.400981	0.316596	0.147481	-0.0719978	-0.295616	-0.490496	-0.642225	-0.750635	-0.82389	-0.874599	-0.894405	-0.882867	-0.840706	-0.775211	-0.693863	-0.609948	-0.543455	-0.503299	-0.495917	-0.505014	-0.505061	-0.492669	-0.468009	-0.431576	-0.393089	-0.367443	-0.359466	-0.340013	-0.318326	-0.298689	-0.270714	-0.24488	-0.224313	-0.212768	-0.191089	-0.16146	-0.145876	-0.135867	-0.115715	-0.0921962	-0.0649927	-0.0151716	0.0426212	0.0982141	0.163765	0.244294	0.344554	0.448214	0.534471	0.57448	0.522493	0.365105	0.115588	-0.194801	-0.513772	-0.800912	-1.03336	-1.19373	-1.26382	-1.23076	-1.0884	-0.821906	-0.44063	0	
0	-0.0378857	-0.075139	-0.112399	-0.150191	-0.184107	-0.222701	-0.253181	-0.288868	-0.319032	-0.348189	-0.378631	-0.403872	-0.432714	-0.458591	-0.49007	-0.520816	-0.562163	-0.611234	-0.669765	-0.748777	-0.839532	-0.938201	-1.04731	-1.13213	-1.18146	-1.18042	-1.10278	-0.954524	-0.754196	-0.519964	-0.278789	-0.0536598	0.138446	0.286599	0.373888	0.388769	0.325364	0.175982	-0.0283021	-0.244624	-0.443306	-0.606831	-0.725641	-0.817593	-0.889714	-0.930741	-0.942484	-0.921291	-0.870926	-0.790903	-0.704244	-0.633167	-0.591175	-0.581237	-0.582411	-0.588137	-0.585977	-0.572065	-0.539036	-0.498044	-0.473203	-0.458373	-0.435838	-0.412028	-0.390122	-0.36685	-0.337308	-0.307987	-0.288154	-0.262599	-0.237825	-0.220579	-0.199133	-0.168414	-0.136952	-0.103096	-0.0519562	0.0052819	0.0645723	0.131979	0.217926	0.334303	0.448783	0.532082	0.56582	0.508407	0.342489	0.0876099	-0.216052	-0.521627	-0.791751	-1.00286	-1.14615	-1.20526	-1.16874	-1.03805	-0.788683	-0.421578	0	
0	-0.0288024	-0.0557732	-0.0855504	-0.111963	-0.140217	-0.168032	-0.19289	-0.222082	-0.245066	-0.272215	-0.297685	-0.320173	-0.349202	-0.371801	-0.40221	-0.43319	-0.472351	-0.520467	-0.582338	-0.663706	-0.753804	-0.861927	-0.967721	-1.05116	-1.10514	-1.10278	-1.02563	-0.889385	-0.696336	-0.46577	-0.232719	-0.0177858	0.166531	0.312778	0.40298	0.434334	0.389984	0.259071	0.0709091	-0.132884	-0.33412	-0.505678	-0.637795	-0.750117	-0.842157	-0.905759	-0.942957	-0.949965	-0.918188	-0.847148	-0.762431	-0.690397	-0.650419	-0.63548	-0.633694	-0.644449	-0.652341	-0.650704	-0.625549	-0.592636	-0.569974	-0.551595	-0.529981	-0.506043	-0.4885	-0.47358	-0.444199	-0.408234	-0.377253	-0.348496	-0.330313	-0.309678	-0.276574	-0.237485	-0.198193	-0.160903	-0.112335	-0.0510322	0.0153088	0.089279	0.19021	0.318083	0.434769	0.518245	0.543349	0.476305	0.313015	0.0617632	-0.241611	-0.536195	-0.780628	-0.963486	-1.0859	-1.13263	-1.09525	-0.975779	-0.742032	-0.394282	0	
0	-0.00983883	-0.0218163	-0.0311245	-0.043382	-0.0552197	-0.0674581	-0.0815131	-0.0963849	-0.11136	-0.128985	-0.146569	-0.164308	-0.186284	-0.205906	-0.232983	-0.263413	-0.301884	-0.353803	-0.418536	-0.49924	-0.595866	-0.703831	-0.8087	-0.899346	-0.958771	-0.954524	-0.889385	-0.756994	-0.566105	-0.344761	-0.124721	0.0802648	0.254342	0.396402	0.492437	0.535289	0.503569	0.391844	0.228739	0.0381426	-0.162687	-0.337969	-0.482186	-0.613182	-0.724288	-0.808554	-0.87378	-0.908806	-0.900369	-0.843548	-0.765861	-0.696929	-0.658912	-0.640301	-0.640123	-0.655972	-0.673542	-0.684364	-0.675406	-0.659974	-0.641898	-0.625805	-0.607431	-0.586608	-0.578785	-0.572251	-0.548219	-0.509902	-0.469916	-0.444183	-0.433212	-0.411225	-0.372157	-0.323853	-0.278003	-0.239688	-0.189131	-0.124893	-0.0530831	0.0373268	0.152302	0.28117	0.403311	0.490631	0.505965	0.435131	0.274784	0.0213543	-0.275862	-0.548455	-0.76412	-0.916642	-1.01494	-1.05271	-1.01482	-0.897257	-0.67981	-0.363438	0	
0	0.0146697	0.0271717	0.0410503	0.0512132	0.0599389	0.0683725	0.0704879	0.0746766	0.0734578	0.0696934	0.0655915	0.0557908	0.0422968	0.0278561	0.00236311	-0.026399	-0.0648396	-0.117923	-0.183877	-0.265813	-0.368471	-0.478703	-0.590272	-0.690678	-0.74922	-0.754196	-0.696336	-0.566105	-0.382327	-0.177534	0.0320848	0.225665	0.39348	0.530074	0.624305	0.670822	0.655238	0.568695	0.428836	0.249819	0.0596951	-0.113003	-0.26722	-0.416517	-0.540507	-0.646001	-0.734898	-0.798704	-0.81296	-0.776435	-0.708104	-0.64583	-0.606683	-0.587449	-0.590912	-0.611277	-0.635913	-0.657531	-0.6739	-0.677856	-0.670799	-0.660362	-0.647035	-0.636094	-0.63847	-0.643995	-0.630746	-0.596367	-0.558555	-0.540247	-0.535519	-0.51599	-0.475227	-0.420024	-0.370968	-0.333139	-0.281432	-0.218146	-0.141023	-0.0314161	0.0970124	0.228581	0.355036	0.441275	0.451913	0.380431	0.216697	-0.0342527	-0.311821	-0.556743	-0.743835	-0.867407	-0.942238	-0.966876	-0.921458	-0.803775	-0.608838	-0.33107	0	
0	0.03872	0.0782429	0.114119	0.151239	0.183086	0.214376	0.240553	0.26361	0.281898	0.294729	0.304201	0.305101	0.303987	0.294236	0.276567	0.253246	0.215383	0.162223	0.0978808	0.00713726	-0.0980365	-0.213339	-0.334044	-0.440226	-0.50224	-0.519964	-0.46577	-0.344761	-0.177534	0.0161352	0.220747	0.403201	0.557036	0.681378	0.77406	0.829085	0.82691	0.760852	0.641015	0.485208	0.313378	0.147551	-0.0171598	-0.173544	-0.309491	-0.432018	-0.543517	-0.629971	-0.668784	-0.654266	-0.599809	-0.543839	-0.501785	-0.483368	-0.488862	-0.511616	-0.534114	-0.56818	-0.606162	-0.631911	-0.638676	-0.636337	-0.635005	-0.635135	-0.653074	-0.672192	-0.673082	-0.652039	-0.626437	-0.618091	-0.616724	-0.604926	-0.567875	-0.514352	-0.472335	-0.435415	-0.386784	-0.328348	-0.240072	-0.112786	0.0250936	0.160305	0.283125	0.364465	0.377926	0.304417	0.137578	-0.0968466	-0.347614	-0.568767	-0.728904	-0.820306	-0.864331	-0.870239	-0.821888	-0.709505	-0.530438	-0.286293	0	
0	0.062049	0.123279	0.183346	0.239637	0.295526	0.343866	0.392031	0.431579	0.468322	0.498147	0.52165	0.539351	0.548732	0.550597	0.543208	0.524151	0.491807	0.4433	0.375715	0.285066	0.179544	0.0561309	-0.0687106	-0.177227	-0.251016	-0.278789	-0.232719	-0.124721	0.0320848	0.220747	0.410269	0.574687	0.714563	0.833408	0.923768	0.976973	0.982261	0.936663	0.841532	0.711502	0.560861	0.403496	0.239269	0.082349	-0.0647261	-0.201305	-0.328758	-0.431216	-0.49371	-0.49976	-0.460449	-0.407164	-0.360785	-0.34071	-0.345396	-0.362273	-0.379748	-0.421511	-0.477118	-0.522434	-0.543566	-0.555864	-0.564729	-0.578781	-0.609876	-0.639932	-0.656908	-0.654711	-0.652675	-0.655812	-0.661037	-0.660154	-0.634759	-0.597363	-0.562915	-0.5329	-0.494307	-0.433728	-0.34078	-0.208096	-0.0595418	0.0748014	0.184035	0.26171	0.281639	0.208805	0.0459852	-0.171292	-0.399082	-0.589236	-0.710952	-0.769524	-0.789882	-0.778391	-0.720301	-0.609004	-0.44658	-0.237705	0	
0	0.0762108	0.148553	0.224849	0.293095	0.364115	0.426964	0.489922	0.54445	0.5963	0.642196	0.6785	0.714101	0.734599	0.751636	0.755942	0.745576	0.723996	0.679142	0.617511	0.532406	0.424907	0.304681	0.176032	0.06129	-0.0233154	-0.0536598	-0.0177858	0.0802648	0.225665	0.403201	0.574687	0.726563	0.856611	0.965952	1.04283	1.09073	1.1076	1.07968	1.00409	0.900392	0.775473	0.633345	0.479189	0.323844	0.168205	0.0229047	-0.113324	-0.228883	-0.312311	-0.3372	-0.313663	-0.261361	-0.213002	-0.187959	-0.187058	-0.191019	-0.20035	-0.243166	-0.305249	-0.361998	-0.397067	-0.423058	-0.441484	-0.466396	-0.505477	-0.545414	-0.575341	-0.597966	-0.623639	-0.639171	-0.653117	-0.663137	-0.658952	-0.644165	-0.624869	-0.610912	-0.580196	-0.522571	-0.432502	-0.299007	-0.154239	-0.0290775	0.0705621	0.143386	0.163325	0.0908989	-0.0634914	-0.260354	-0.459125	-0.610942	-0.695162	-0.729223	-0.729152	-0.69045	-0.612597	-0.506725	-0.367723	-0.192118	0	
0	0.0771606	0.152647	0.229338	0.302673	0.375597	0.446647	0.513852	0.579365	0.64143	0.696492	0.749785	0.794526	0.829058	0.862004	0.874778	0.882055	0.872437	0.84125	0.791952	0.716289	0.615528	0.499164	0.371589	0.258718	0.17372	0.138446	0.166531	0.254342	0.39348	0.557036	0.714563	0.856611	0.975368	1.06457	1.12779	1.17544	1.19832	1.17349	1.11705	1.04247	0.944589	0.819149	0.682719	0.529466	0.371333	0.219893	0.0792538	-0.0494411	-0.147913	-0.191697	-0.181365	-0.134396	-0.0842657	-0.053518	-0.0392568	-0.0269111	-0.0271444	-0.0604754	-0.118626	-0.175058	-0.222347	-0.25883	-0.283213	-0.312682	-0.353004	-0.397425	-0.437377	-0.484745	-0.533526	-0.564207	-0.586421	-0.606278	-0.627576	-0.636437	-0.639233	-0.646468	-0.627102	-0.577788	-0.495384	-0.375477	-0.245815	-0.130826	-0.0458793	0.0120598	0.0256621	-0.0413118	-0.180208	-0.358237	-0.527169	-0.638901	-0.692059	-0.703149	-0.673994	-0.605348	-0.51541	-0.417749	-0.292611	-0.14229	0	
0	0.0671391	0.135722	0.201934	0.271578	0.337589	0.406215	0.471944	0.537046	0.60034	0.660072	0.718252	0.770341	0.819664	0.862017	0.893356	0.918225	0.922566	0.908751	0.876509	0.811772	0.72827	0.623428	0.508955	0.400338	0.320125	0.286599	0.312778	0.396402	0.530074	0.681378	0.833408	0.965952	1.06457	1.13726	1.19395	1.23474	1.2458	1.2251	1.18934	1.13906	1.05839	0.958751	0.842149	0.695104	0.535464	0.381584	0.23539	0.0954094	-0.0152833	-0.0765057	-0.0801781	-0.042635	0.00509355	0.0443845	0.076789	0.104255	0.118203	0.0996825	0.0606483	0.010124	-0.0441569	-0.0869961	-0.117598	-0.143071	-0.180645	-0.223559	-0.268981	-0.330592	-0.391772	-0.433213	-0.460416	-0.493097	-0.534089	-0.567652	-0.601058	-0.626731	-0.621121	-0.582488	-0.509328	-0.414427	-0.31404	-0.221685	-0.154453	-0.112097	-0.112108	-0.176918	-0.300443	-0.45739	-0.59403	-0.675136	-0.704329	-0.684355	-0.625723	-0.539706	-0.436942	-0.33449	-0.223794	-0.104506	0	
0	0.054156	0.107697	0.162546	0.216003	0.271285	0.326006	0.381697	0.438253	0.495606	0.552515	0.611052	0.666493	0.720679	0.770491	0.812849	0.84699	0.86688	0.87158	0.853851	0.811561	0.747411	0.658465	0.561416	0.468127	0.401555	0.373888	0.40298	0.492437	0.624305	0.77406	0.923768	1.04283	1.12779	1.19395	1.23718	1.25896	1.26183	1.24711	1.22151	1.18104	1.12251	1.05373	0.956076	0.816926	0.661485	0.508974	0.355284	0.20801	0.0865634	0.0116677	-0.00695548	0.0152635	0.0574492	0.104209	0.152133	0.191306	0.217319	0.220078	0.203145	0.162837	0.109887	0.0616342	0.0329675	0.016156	-0.0116954	-0.0458917	-0.0929523	-0.154768	-0.217287	-0.265668	-0.301425	-0.34353	-0.395403	-0.448948	-0.501748	-0.54419	-0.552574	-0.521083	-0.46873	-0.40785	-0.341657	-0.280585	-0.234796	-0.213929	-0.231947	-0.295297	-0.406709	-0.543258	-0.654571	-0.717049	-0.721873	-0.67028	-0.59283	-0.494909	-0.373074	-0.261326	-0.170874	-0.084101	0	
0	0.0351345	0.0686883	0.10664	0.141955	0.182709	0.222187	0.266326	0.310847	0.357667	0.407959	0.455995	0.509578	0.559041	0.609419	0.656355	0.695391	0.727711	0.741901	0.742218	0.718242	0.671426	0.606585	0.528894	0.45244	0.400981	0.388769	0.434334	0.535289	0.670822	0.829085	0.976973	1.09073	1.17544	1.23474	1.25896	1.26915	1.26582	1.24787	1.2201	1.19112	1.15628	1.11326	1.03107	0.906997	0.761932	0.608566	0.44665	0.292019	0.160734	0.0731591	0.0347868	0.0379981	0.068912	0.120831	0.176633	0.224366	0.266632	0.292934	0.300499	0.276124	0.231304	0.184326	0.158711	0.149732	0.133443	0.104055	0.0608238	0.0110141	-0.0426101	-0.0891148	-0.131701	-0.178735	-0.23078	-0.291214	-0.356718	-0.410264	-0.424046	-0.405157	-0.376086	-0.344361	-0.319532	-0.295547	-0.2718	-0.27039	-0.304941	-0.378547	-0.484924	-0.60004	-0.695754	-0.746309	-0.731295	-0.663728	-0.572413	-0.457403	-0.326217	-0.215104	-0.13491	-0.0667982	0	
0	0.0179628	0.0344118	0.0550076	0.0732508	0.0959058	0.119378	0.144838	0.173675	0.205448	0.238197	0.276706	0.315843	0.356014	0.401702	0.441525	0.482613	0.517568	0.539596	0.550085	0.538388	0.506505	0.45827	0.396197	0.345314	0.316596	0.325364	0.389984	0.503569	0.655238	0.82691	0.982261	1.1076	1.19832	1.2458	1.26183	1.26582	1.25351	1.22404	1.19515	1.17245	1.15535	1.12843	1.06609	0.962426	0.82883	0.673414	0.505259	0.345383	0.20597	0.106009	0.0490222	0.0321387	0.0535113	0.103033	0.15948	0.215928	0.275102	0.324567	0.350269	0.344583	0.313253	0.271064	0.249272	0.245786	0.237219	0.212722	0.180141	0.149286	0.11512	0.0742021	0.0252853	-0.021119	-0.068071	-0.123408	-0.187559	-0.243003	-0.25923	-0.252177	-0.243148	-0.23829	-0.244035	-0.248387	-0.254363	-0.275807	-0.323887	-0.406072	-0.50632	-0.609561	-0.698513	-0.74053	-0.723891	-0.656774	-0.548289	-0.419245	-0.295925	-0.192901	-0.114188	-0.0539284	0	
0	0.000733764	0.00163577	0.00364626	0.00628254	0.0110232	0.0167643	0.0256058	0.0364848	0.0503092	0.0686997	0.0895247	0.115898	0.145135	0.178767	0.211274	0.246139	0.273554	0.292183	0.303059	0.293224	0.27247	0.237109	0.195769	0.161306	0.147481	0.175982	0.259071	0.391844	0.568695	0.760852	0.936663	1.07968	1.17349	1.2251	1.24711	1.24787	1.22404	1.1881	1.15366	1.13499	1.12733	1.11486	1.07408	0.99258	0.870584	0.71477	0.545461	0.379332	0.231251	0.117515	0.0415989	0.00826662	0.0154237	0.0526321	0.102045	0.165712	0.243571	0.307785	0.349568	0.364738	0.351943	0.322957	0.305189	0.304856	0.299403	0.279476	0.262508	0.254857	0.240916	0.208024	0.157762	0.109483	0.0699893	0.0283473	-0.0254677	-0.0696442	-0.0811654	-0.0817456	-0.0870376	-0.101726	-0.127856	-0.159886	-0.194513	-0.225063	-0.27348	-0.357059	-0.454533	-0.556385	-0.645822	-0.691062	-0.681999	-0.615579	-0.503644	-0.380952	-0.270855	-0.179076	-0.106464	-0.0491892	0	
0	-0.0170081	-0.0350964	-0.0497426	-0.0653836	-0.077514	-0.0869598	-0.0944355	-0.096799	-0.0952972	-0.0911863	-0.0799916	-0.0677958	-0.0512988	-0.0312761	-0.011991	0.0096435	0.0284096	0.0426897	0.0498651	0.0427022	0.0248736	-0.00759754	-0.044961	-0.0722235	-0.0719978	-0.0283021	0.0709091	0.228739	0.428836	0.641015	0.841532	1.00409	1.11705	1.18934	1.22151	1.2201	1.19515	1.15366	1.11659	1.09956	1.09494	1.09224	1.07323	1.01288	0.899692	0.749039	0.578457	0.404484	0.242789	0.111947	0.0197389	-0.030728	-0.0426981	-0.0291247	0.00810235	0.0787719	0.168022	0.242443	0.298333	0.3358	0.349085	0.33832	0.330167	0.33193	0.324392	0.312248	0.311719	0.321829	0.323735	0.298184	0.249773	0.204872	0.17436	0.151855	0.123733	0.0966142	0.0875995	0.0796855	0.0574908	0.0284514	-0.00231573	-0.0422702	-0.086964	-0.120814	-0.16245	-0.233365	-0.328802	-0.436076	-0.52672	-0.576659	-0.575518	-0.520405	-0.430039	-0.326779	-0.232087	-0.1624	-0.103177	-0.0451835	0	
0	-0.0327996	-0.0663842	-0.0954102	-0.125701	-0.149507	-0.173002	-0.19127	-0.205965	-0.218604	-0.22442	-0.229456	-0.227585	-0.22275	-0.212795	-0.200634	-0.185393	-0.172555	-0.165795	-0.164975	-0.179609	-0.204462	-0.239691	-0.275756	-0.3003	-0.295616	-0.244624	-0.132884	0.0381426	0.249819	0.485208	0.711502	0.900392	1.04247	1.13906	1.18104	1.19112	1.17245	1.13499	1.09956	1.07994	1.07137	1.08208	1.08461	1.03736	0.935149	0.793628	0.622939	0.435937	0.255922	0.107192	-0.00259285	-0.0705877	-0.110611	-0.125231	-0.10236	-0.0323629	0.0603387	0.138926	0.208433	0.267893	0.305289	0.315589	0.31844	0.317817	0.308246	0.30422	0.318932	0.345696	0.359363	0.346996	0.313059	0.275055	0.252561	0.247527	0.23965	0.226805	0.22068	0.205708	0.176275	0.146693	0.119845	0.0846606	0.0424727	0.0144582	-0.00685566	-0.0547352	-0.138895	-0.239728	-0.330227	-0.388411	-0.397149	-0.364064	-0.309291	-0.234895	-0.162949	-0.122984	-0.0929204	-0.0481506	0	
