0	0	0	0	0	0	0	0	0	0	0	0	0	0	0	0	0	0	0	0	0	0	0	0	0	0	0	0	0	0	0	0	0	0	0	0	0	0	0	0	0	0	0	0	0	0	0	0	0	0	0	0	0	0	0	0	0	0	0	0	0	0	0	0	0	0	0	0	0	0	0	0	0	0	0	0	0	0	0	0	0	0	0	0	0	0	0	0	0	0	0	0	0	0	0	0	0	0	0	0	
0	-0.0240409	-0.0262346	0.0123209	0.0245341	0.000559085	-0.0223667	-0.0391106	-0.0162967	0.00556134	0.00635655	-0.00427029	-0.0442677	-0.086911	-0.118395	-0.115869	-0.100797	-0.058867	0.00210335	0.0760944	0.136255	0.184922	0.230599	0.255138	0.24549	0.21321	0.166263	0.122179	0.0586903	-0.0121939	-0.0895292	-0.143397	-0.165858	-0.15741	-0.125565	-0.093157	-0.0573364	-0.0375536	-0.0183216	-0.0113755	-0.00351873	-0.00117454	0.00427392	0.00403749	0.0104501	0.00876989	0.0118442	0.00992627	0.00698003	0.00395941	-0.00352215	-0.000387178	-0.00425359	0.00450959	0.0099296	0.0156244	0.0182084	-0.0028932	-0.00726038	0.00491567	0.0171661	0.0230615	0.0056248	-0.00765597	0.00367974	0.0232756	0.0368743	0.0261718	-0.0016462	-0.0113626	0.00362396	0.0344142	0.0798634	0.119709	0.130612	0.117025	0.0849048	0.0273724	-0.0466234	-0.113871	-0.16824	-0.216642	-0.2518	-0.256653	-0.230147	-0.188547	-0.142861	-0.0885432	-0.0191663	0.0579371	0.123224	0.159107	0.161033	0.137478	0.102466	0.0680018	0.0405746	0.0215203	0.00903367	0	
0	-0.0262346	-0.0152727	0.0124108	0.00680404	-0.0197013	-0.0375633	-0.0420328	-0.0139871	0.0167031	0.00958113	-0.0321528	-0.103054	-0.187562	-0.240684	-0.23709	-0.1949	-0.11038	0.0182862	0.162629	0.282945	0.38675	0.471172	0.517511	0.499191	0.433314	0.345637	0.248767	0.126782	-0.0179089	-0.1635	-0.269288	-0.311767	-0.294093	-0.235279	-0.166679	-0.102034	-0.056182	-0.0244544	-0.00711781	0.00213772	0.00639077	0.00763174	0.00713704	0.00721925	0.00494998	0.00494385	0.00515861	0.00360838	0.0080491	0.00918615	0.0104717	0.0131742	0.016068	0.0118447	0.0104011	0.0121803	0.00800088	0.00701177	0.0133411	0.0307083	0.0320671	0.00518726	-0.00194288	0.0198716	0.0441163	0.0589145	0.0419532	0.00322849	-0.00905971	0.0180709	0.0764446	0.159777	0.230371	0.250089	0.223434	0.157966	0.0455011	-0.0959366	-0.227234	-0.336207	-0.430527	-0.49585	-0.503886	-0.453655	-0.372944	-0.280854	-0.17072	-0.0333042	0.116455	0.242251	0.311588	0.315911	0.270974	0.203288	0.135952	0.0817898	0.0437282	0.0184707	0	
0	0.0123209	0.0124108	-0.00637195	-0.0269093	-0.0368361	-0.0458355	-0.0418515	-0.0146926	0.0114683	-0.00488421	-0.0689448	-0.162909	-0.270789	-0.335433	-0.334482	-0.268431	-0.142811	0.0417432	0.24125	0.421085	0.574614	0.693426	0.752696	0.728456	0.634855	0.509852	0.35788	0.177949	-0.0354245	-0.239527	-0.390072	-0.451329	-0.426699	-0.347525	-0.246076	-0.157035	-0.0854468	-0.0419772	-0.0133564	-0.00130272	0.00623689	0.00636123	0.0079149	0.0054333	0.00645539	0.00584441	0.00897199	0.0117937	0.0155738	0.0222977	0.021108	0.0209277	0.0168642	0.00960182	0.00386011	0.0115147	0.0300164	0.0339378	0.0251312	0.0197637	0.0201621	0.0236695	0.0286311	0.0375397	0.0540517	0.0644858	0.0477821	0.0182115	0.0141989	0.0527275	0.132564	0.23783	0.323421	0.348565	0.309075	0.208657	0.0467646	-0.150696	-0.340253	-0.502997	-0.637906	-0.724786	-0.733496	-0.664313	-0.548508	-0.408786	-0.240754	-0.0384194	0.175503	0.352988	0.451377	0.459053	0.396841	0.300904	0.203739	0.124191	0.0672374	0.0286776	0	
0	0.0245341	0.00680404	-0.0269093	-0.0378652	-0.0317404	-0.0369725	-0.0379524	-0.0313987	-0.0334279	-0.0566007	-0.125035	-0.224545	-0.326824	-0.391104	-0.388996	-0.304534	-0.140206	0.0793348	0.321744	0.55311	0.748604	0.8921	0.955612	0.925363	0.813255	0.648619	0.44466	0.203082	-0.0662487	-0.319336	-0.503499	-0.581104	-0.554954	-0.458847	-0.334478	-0.219722	-0.12801	-0.0679843	-0.02925	-0.00864739	0.00270288	0.00991339	0.0131866	0.0161064	0.0199915	0.0192882	0.0215942	0.0221723	0.0178544	0.017581	0.0182152	0.0150163	0.0169225	0.0260062	0.0218648	0.0224493	0.0344754	0.0392276	0.0334753	0.0169429	0.0201118	0.0469956	0.0576395	0.0566719	0.0594447	0.055537	0.0487056	0.04761	0.0614703	0.111929	0.203565	0.309795	0.392896	0.418217	0.3643	0.228933	0.0263587	-0.213734	-0.453924	-0.666468	-0.83357	-0.932138	-0.939333	-0.856512	-0.709673	-0.521104	-0.294088	-0.0323922	0.233963	0.451598	0.573465	0.585942	0.51205	0.39391	0.271145	0.16815	0.0925239	0.0399517	0	
0	0.000559085	-0.0197013	-0.0368361	-0.0317404	-0.0270848	-0.026417	-0.0258673	-0.0540725	-0.0912848	-0.131284	-0.202309	-0.292457	-0.375966	-0.424967	-0.413701	-0.30286	-0.107522	0.140224	0.416911	0.692002	0.921771	1.07791	1.13999	1.10505	0.977077	0.774776	0.516699	0.218385	-0.097007	-0.383927	-0.591852	-0.682147	-0.658346	-0.551759	-0.409802	-0.273341	-0.162271	-0.0859936	-0.0376229	-0.00885489	0.00463421	0.0146881	0.0190428	0.0210018	0.0260924	0.0248005	0.0253052	0.0259255	0.0215971	0.0181973	0.0192361	0.0188016	0.0189926	0.0351523	0.0457773	0.0381131	0.0315292	0.0327632	0.0337682	0.0307071	0.0419067	0.0649456	0.0757453	0.0734869	0.0576814	0.0428658	0.0597704	0.0946305	0.13073	0.192811	0.282737	0.370383	0.436442	0.453014	0.380655	0.214334	-0.0175387	-0.28791	-0.569406	-0.82278	-1.01122	-1.11294	-1.11745	-1.02506	-0.849996	-0.612335	-0.328029	-0.0154556	0.289548	0.534737	0.674281	0.693452	0.614373	0.481106	0.337816	0.213804	0.119879	0.052496	0	
0	-0.0223667	-0.0375633	-0.0458355	-0.0369725	-0.026417	-0.0139975	-0.0224527	-0.0816939	-0.1517	-0.219058	-0.291443	-0.36531	-0.413551	-0.435824	-0.40099	-0.260125	-0.0445914	0.225078	0.526924	0.833867	1.08328	1.24393	1.29998	1.26284	1.11738	0.880783	0.569155	0.223463	-0.125678	-0.433072	-0.653387	-0.756948	-0.736472	-0.629757	-0.474224	-0.32137	-0.192618	-0.0990578	-0.0414453	-0.00501006	0.0123048	0.0191164	0.0249628	0.0218129	0.0213604	0.0228453	0.0176109	0.0215784	0.025517	0.0255998	0.0317319	0.040971	0.0364205	0.0335296	0.0448973	0.0442051	0.0333576	0.033087	0.0438774	0.0541494	0.0640899	0.0800014	0.0878611	0.0740808	0.0508315	0.050922	0.0935433	0.155461	0.216627	0.28658	0.358436	0.414761	0.453269	0.448067	0.353029	0.164631	-0.0848347	-0.37574	-0.686607	-0.966415	-1.16465	-1.26416	-1.26548	-1.1648	-0.962689	-0.677976	-0.342273	0.00980389	0.339076	0.599841	0.751893	0.779976	0.702462	0.561528	0.40325	0.261039	0.149384	0.0664049	0	
0	-0.0391106	-0.0420328	-0.0418515	-0.0379524	-0.0258673	-0.0224527	-0.0570094	-0.134595	-0.224756	-0.30589	-0.368288	-0.406467	-0.414504	-0.408515	-0.33802	-0.18344	0.0394666	0.318944	0.636906	0.953267	1.21221	1.36732	1.42307	1.3789	1.21981	0.948432	0.59558	0.212168	-0.153829	-0.470871	-0.695482	-0.810646	-0.801169	-0.698825	-0.542588	-0.375503	-0.235795	-0.126464	-0.0580942	-0.0164363	0.00870123	0.0160934	0.0233013	0.025556	0.0214649	0.0271312	0.0251284	0.024715	0.0338975	0.0366917	0.0378016	0.0503466	0.0538795	0.0425208	0.0371699	0.0382177	0.0399044	0.0442506	0.064472	0.0862346	0.0852811	0.0812465	0.0791089	0.0674963	0.066387	0.0918359	0.146282	0.227312	0.312298	0.377844	0.418756	0.439566	0.441102	0.400203	0.281993	0.0829917	-0.174977	-0.478203	-0.802748	-1.09106	-1.28926	-1.38451	-1.38153	-1.27047	-1.04171	-0.715605	-0.33913	0.038945	0.379039	0.645399	0.806028	0.845366	0.775812	0.634456	0.466828	0.309496	0.180911	0.0816601	0	
0	-0.0162967	-0.0139871	-0.0146926	-0.0313987	-0.0540725	-0.0816939	-0.134595	-0.210016	-0.299312	-0.375952	-0.409166	-0.406393	-0.385321	-0.336794	-0.231224	-0.0776261	0.145705	0.42828	0.743214	1.05302	1.30515	1.45268	1.50952	1.45169	1.27916	0.976847	0.595848	0.191736	-0.181044	-0.493392	-0.722526	-0.84333	-0.853685	-0.759095	-0.609575	-0.435401	-0.283486	-0.16468	-0.0816465	-0.0352523	-0.00398704	0.0104225	0.0170675	0.0279971	0.0295206	0.0361278	0.0450066	0.0456187	0.0479686	0.0549386	0.0459002	0.0401784	0.0442766	0.0397874	0.0395732	0.0476386	0.0623533	0.0753822	0.0868535	0.0980275	0.0886529	0.0716787	0.0697921	0.081815	0.110963	0.154045	0.21729	0.312104	0.402599	0.448129	0.45649	0.440934	0.395225	0.310601	0.173982	-0.0264801	-0.287212	-0.59282	-0.912039	-1.19133	-1.38302	-1.4735	-1.46307	-1.33712	-1.08321	-0.725812	-0.32326	0.0665732	0.406315	0.671137	0.837889	0.8907	0.834641	0.699403	0.527841	0.35861	0.214141	0.0981374	0	
0	0.00556134	0.0167031	0.0114683	-0.0334279	-0.0912848	-0.1517	-0.224756	-0.299312	-0.38156	-0.435842	-0.434992	-0.396364	-0.327691	-0.217908	-0.0830942	0.0731475	0.298554	0.57047	0.865169	1.15021	1.37719	1.5196	1.56353	1.48834	1.29479	0.970076	0.575045	0.165257	-0.203602	-0.505673	-0.735297	-0.862862	-0.89209	-0.811906	-0.668712	-0.491784	-0.32604	-0.193107	-0.0960952	-0.0346576	-7.55876e-05	0.0255291	0.0311146	0.0427766	0.0458785	0.0466357	0.0510573	0.0524391	0.0465892	0.0478325	0.0472997	0.0373901	0.0424941	0.0481579	0.0585556	0.0767294	0.0893663	0.0946537	0.0926671	0.0915899	0.0823639	0.0705277	0.0845888	0.123281	0.174257	0.234296	0.30816	0.397072	0.467516	0.488304	0.467814	0.41062	0.312091	0.187008	0.0379716	-0.160734	-0.418663	-0.712382	-1.00728	-1.26458	-1.44609	-1.53	-1.50657	-1.36131	-1.08695	-0.712526	-0.300875	0.0874343	0.418803	0.678026	0.849831	0.917952	0.879728	0.756105	0.585558	0.407669	0.248604	0.115622	0	
0	0.00635655	0.00958113	-0.00488421	-0.0566007	-0.131284	-0.219058	-0.30589	-0.375952	-0.435842	-0.464544	-0.440444	-0.361931	-0.238768	-0.0794959	0.0745996	0.245024	0.465705	0.71671	0.980946	1.22665	1.42989	1.56387	1.58711	1.49485	1.27843	0.948495	0.555875	0.154922	-0.199095	-0.492065	-0.716146	-0.856546	-0.90128	-0.843954	-0.709069	-0.535597	-0.360551	-0.214655	-0.107479	-0.0327946	0.00613071	0.0350169	0.0449225	0.049337	0.0538754	0.0482992	0.0463398	0.0438035	0.0412005	0.0389125	0.0471786	0.0524505	0.0638485	0.0771897	0.0851857	0.0959366	0.101626	0.0965035	0.0827592	0.0810798	0.089568	0.0964393	0.125275	0.183591	0.256999	0.333941	0.401487	0.45871	0.498687	0.497681	0.444502	0.339762	0.195435	0.0407847	-0.119252	-0.316424	-0.561496	-0.826214	-1.08284	-1.31122	-1.47902	-1.55126	-1.50854	-1.34275	-1.05701	-0.682491	-0.278563	0.0974257	0.415821	0.668118	0.844946	0.92963	0.912233	0.804502	0.639281	0.455885	0.283723	0.133829	0	
0	-0.00427029	-0.0321528	-0.0689448	-0.125035	-0.202309	-0.291443	-0.368288	-0.409166	-0.434992	-0.440444	-0.389315	-0.277299	-0.118231	0.061461	0.232325	0.415284	0.618638	0.840752	1.06211	1.27019	1.45183	1.56982	1.57196	1.46321	1.23311	0.917997	0.541687	0.165584	-0.171256	-0.453811	-0.673191	-0.828963	-0.889201	-0.860208	-0.737671	-0.57423	-0.395062	-0.242335	-0.126311	-0.0474611	-0.00107058	0.0226543	0.0381392	0.0389456	0.0441664	0.0437885	0.0446498	0.0471702	0.0514888	0.0567388	0.0672573	0.0760289	0.0887779	0.100766	0.0993817	0.0961454	0.0941463	0.0922637	0.0847651	0.0868572	0.112048	0.146321	0.196614	0.270207	0.353613	0.427647	0.470871	0.490291	0.498756	0.468874	0.3754	0.22937	0.0558763	-0.120164	-0.293658	-0.485604	-0.702691	-0.924209	-1.13667	-1.33296	-1.48068	-1.53341	-1.4675	-1.28558	-1.00149	-0.643961	-0.262023	0.0942747	0.398171	0.644228	0.826634	0.92845	0.933534	0.844724	0.688403	0.502466	0.318868	0.152431	0	
0	-0.0442677	-0.103054	-0.162909	-0.224545	-0.292457	-0.36531	-0.406467	-0.406393	-0.396364	-0.361931	-0.277299	-0.137867	0.0361171	0.225795	0.414554	0.594308	0.768926	0.943293	1.1168	1.28386	1.43545	1.52216	1.50339	1.37517	1.15155	0.859278	0.517461	0.170878	-0.146712	-0.418487	-0.638751	-0.804277	-0.887277	-0.879552	-0.77921	-0.621725	-0.444151	-0.282559	-0.156145	-0.0692039	-0.0143923	0.0148981	0.0316477	0.0387421	0.0449263	0.048716	0.0559132	0.0646399	0.0740169	0.0822462	0.0949915	0.0976023	0.0967068	0.104666	0.101336	0.0930621	0.0885687	0.0900931	0.096829	0.118672	0.168152	0.227501	0.292754	0.368772	0.44022	0.491417	0.507721	0.493499	0.46163	0.390421	0.26087	0.0911236	-0.0985289	-0.293601	-0.478289	-0.65357	-0.828451	-1.00084	-1.16941	-1.32974	-1.44771	-1.47363	-1.38627	-1.19861	-0.931023	-0.605002	-0.255084	0.07774	0.367891	0.609538	0.798244	0.917068	0.945103	0.877071	0.732457	0.546676	0.353403	0.171078	0	
0	-0.086911	-0.187562	-0.270789	-0.326824	-0.375966	-0.413551	-0.414504	-0.385321	-0.327691	-0.238768	-0.118231	0.0361171	0.218824	0.422801	0.614467	0.779173	0.908346	1.02962	1.15376	1.27589	1.38208	1.43215	1.3887	1.25569	1.05027	0.794125	0.494389	0.180385	-0.118434	-0.381823	-0.604458	-0.779837	-0.883329	-0.898773	-0.817981	-0.67217	-0.493756	-0.325558	-0.18786	-0.0882063	-0.0237954	0.0146301	0.0409908	0.0510978	0.0653581	0.0721591	0.0782526	0.0874169	0.095729	0.0979556	0.105342	0.111251	0.101051	0.0956504	0.0912265	0.0869271	0.0919911	0.112638	0.144114	0.186356	0.255076	0.3304	0.393023	0.450475	0.497413	0.522875	0.511653	0.4572	0.375103	0.264759	0.115212	-0.0651603	-0.267022	-0.475596	-0.658474	-0.803364	-0.9302	-1.05536	-1.18072	-1.29805	-1.37643	-1.37321	-1.27302	-1.09398	-0.856591	-0.571963	-0.259266	0.0493508	0.327809	0.567227	0.762806	0.897919	0.948414	0.901997	0.771146	0.587883	0.386733	0.189429	0	
0	-0.118395	-0.240684	-0.335433	-0.391104	-0.424967	-0.435824	-0.408515	-0.336794	-0.217908	-0.0794959	0.061461	0.225795	0.422801	0.62533	0.80872	0.945197	1.0283	1.10463	1.18208	1.25223	1.30783	1.3175	1.25897	1.1356	0.958961	0.747141	0.489802	0.208045	-0.0737289	-0.333249	-0.55649	-0.744248	-0.863108	-0.902008	-0.840132	-0.705178	-0.529811	-0.353506	-0.205701	-0.0963318	-0.0187052	0.0231137	0.0570117	0.072767	0.0848355	0.0980116	0.103463	0.106967	0.111505	0.107529	0.0984423	0.0966636	0.0899139	0.0893071	0.0934267	0.103205	0.127895	0.170987	0.228334	0.286584	0.354617	0.423973	0.473129	0.506159	0.523172	0.516023	0.468394	0.369535	0.243827	0.10852	-0.0501924	-0.238362	-0.447064	-0.652805	-0.815999	-0.923874	-1.00615	-1.08751	-1.16632	-1.23247	-1.26648	-1.23949	-1.14036	-0.9847	-0.787363	-0.548555	-0.273938	0.0118279	0.28104	0.520181	0.72289	0.873123	0.944887	0.920087	0.804354	0.625599	0.418332	0.207165	0	
0	-0.115869	-0.23709	-0.334482	-0.388996	-0.413701	-0.40099	-0.33802	-0.231224	-0.0830942	0.0745996	0.232325	0.414554	0.614467	0.80872	0.9746	1.08031	1.13138	1.16909	1.19567	1.21023	1.21324	1.18807	1.13165	1.02682	0.892044	0.722006	0.507572	0.254741	-0.0139989	-0.268027	-0.497915	-0.690376	-0.829671	-0.88346	-0.844874	-0.718941	-0.547288	-0.366665	-0.206639	-0.0887963	-0.00245395	0.0476019	0.0784599	0.096686	0.103	0.106875	0.106774	0.103821	0.0992787	0.0965172	0.0901611	0.0898628	0.0877414	0.0989357	0.127608	0.16165	0.206441	0.265091	0.330191	0.386068	0.442003	0.496537	0.525574	0.528439	0.506775	0.456179	0.369018	0.237638	0.0854109	-0.0666152	-0.234029	-0.425334	-0.624598	-0.806502	-0.939046	-1.0129	-1.05649	-1.09294	-1.11895	-1.13015	-1.12394	-1.08545	-1.00273	-0.882015	-0.729294	-0.535759	-0.296922	-0.0315989	0.230555	0.470823	0.680567	0.84447	0.935853	0.932028	0.832143	0.659489	0.447775	0.22401	0	
0	-0.100797	-0.1949	-0.268431	-0.304534	-0.30286	-0.260125	-0.18344	-0.0776261	0.0731475	0.245024	0.415284	0.594308	0.779173	0.945197	1.08031	1.16153	1.18754	1.1853	1.1612	1.12587	1.08578	1.05048	1.0085	0.941065	0.849577	0.723413	0.547158	0.321033	0.0638701	-0.187152	-0.422186	-0.622511	-0.777093	-0.850937	-0.831979	-0.722577	-0.557744	-0.37686	-0.214205	-0.0881587	-0.00110312	0.0525799	0.08184	0.0968322	0.0992553	0.100648	0.0940277	0.0890163	0.0859577	0.0844145	0.0877286	0.107334	0.129752	0.15798	0.201573	0.252257	0.305718	0.362925	0.425753	0.474545	0.509763	0.538181	0.53658	0.499233	0.433356	0.34251	0.22714	0.0779972	-0.0918659	-0.259639	-0.431156	-0.60963	-0.779171	-0.924686	-1.02637	-1.07161	-1.0772	-1.06343	-1.03346	-0.995051	-0.961486	-0.926843	-0.87312	-0.793483	-0.68479	-0.532406	-0.325298	-0.0777894	0.178892	0.421062	0.637441	0.813439	0.922542	0.938582	0.854737	0.689379	0.474743	0.239737	0	
0	-0.058867	-0.11038	-0.142811	-0.140206	-0.107522	-0.0445914	0.0394666	0.145705	0.298554	0.465705	0.618638	0.768926	0.908346	1.0283	1.13138	1.18754	1.18352	1.13756	1.06581	0.988315	0.928545	0.897331	0.885826	0.859835	0.812619	0.725092	0.5839	0.379647	0.135323	-0.115745	-0.353645	-0.563047	-0.731341	-0.823939	-0.826973	-0.733784	-0.580867	-0.402742	-0.238914	-0.111065	-0.0207381	0.032666	0.0607878	0.0763222	0.0782543	0.0816758	0.0850065	0.0879372	0.0981804	0.116684	0.132337	0.163948	0.202645	0.244983	0.299164	0.353285	0.407312	0.458467	0.505447	0.533761	0.538924	0.529838	0.489161	0.411545	0.309355	0.190664	0.0574964	-0.103843	-0.287569	-0.462992	-0.622173	-0.768938	-0.898156	-1.00695	-1.0807	-1.09673	-1.05952	-0.992472	-0.91223	-0.839045	-0.795557	-0.778312	-0.760554	-0.722397	-0.653316	-0.536092	-0.356124	-0.124092	0.128041	0.372324	0.594722	0.781234	0.906074	0.940556	0.872495	0.715244	0.499031	0.25418	0	
0	0.00210335	0.0182862	0.0417432	0.0793348	0.140224	0.225078	0.318944	0.42828	0.57047	0.71671	0.840752	0.943293	1.02962	1.10463	1.16909	1.1853	1.13756	1.04074	0.921365	0.818137	0.750529	0.735736	0.756702	0.770051	0.76037	0.705854	0.591876	0.40881	0.173298	-0.0750054	-0.318041	-0.533585	-0.714895	-0.824272	-0.846337	-0.77052	-0.625988	-0.451472	-0.282929	-0.147937	-0.051028	0.0127752	0.0462555	0.0710001	0.081382	0.0938271	0.106477	0.124168	0.144546	0.177294	0.211449	0.253122	0.302545	0.348432	0.402331	0.454703	0.495873	0.526261	0.548971	0.546373	0.509882	0.458056	0.383429	0.277972	0.151709	0.0118789	-0.137295	-0.306313	-0.49046	-0.654186	-0.78391	-0.891068	-0.981534	-1.05652	-1.09943	-1.07952	-0.996253	-0.881804	-0.766901	-0.67887	-0.641776	-0.650161	-0.669149	-0.668427	-0.632531	-0.544084	-0.386929	-0.168521	0.0794341	0.32563	0.553313	0.748837	0.887456	0.938768	0.885877	0.737192	0.520545	0.26723	0	
0	0.0760944	0.162629	0.24125	0.321744	0.416911	0.526924	0.636906	0.743214	0.865169	0.980946	1.06211	1.1168	1.15376	1.18208	1.19567	1.1612	1.06581	0.921365	0.773789	0.659811	0.598036	0.604345	0.653339	0.698429	0.718257	0.686769	0.596161	0.428064	0.202705	-0.044784	-0.290507	-0.511532	-0.702783	-0.825421	-0.864211	-0.801466	-0.665701	-0.489936	-0.317708	-0.17048	-0.065069	0.0121018	0.0567036	0.0924112	0.11681	0.140676	0.167409	0.196082	0.229788	0.270002	0.311396	0.359559	0.410621	0.453676	0.495756	0.530213	0.550041	0.547899	0.529606	0.490931	0.42112	0.33717	0.237032	0.110016	-0.0361134	-0.19275	-0.350148	-0.511884	-0.675846	-0.811247	-0.906079	-0.976812	-1.03199	-1.07007	-1.07371	-1.01287	-0.889296	-0.743637	-0.615088	-0.53095	-0.511149	-0.547082	-0.598735	-0.628956	-0.619438	-0.553967	-0.41594	-0.20976	0.0340307	0.281693	0.513884	0.717046	0.867587	0.934027	0.89542	0.755441	0.539289	0.278833	0	
0	0.136255	0.282945	0.421085	0.55311	0.692002	0.833867	0.953267	1.05302	1.15021	1.22665	1.27019	1.28386	1.27589	1.25223	1.21023	1.12587	0.988315	0.818137	0.659811	0.549623	0.501073	0.52556	0.593966	0.663223	0.700127	0.687719	0.61171	0.457379	0.24038	-0.00678889	-0.252293	-0.479985	-0.674994	-0.810931	-0.859356	-0.809242	-0.676871	-0.500008	-0.318725	-0.161041	-0.0406069	0.0470139	0.105818	0.151653	0.186857	0.221776	0.258511	0.297491	0.33726	0.384946	0.425243	0.464034	0.506689	0.532415	0.549757	0.553847	0.537971	0.502216	0.452019	0.383768	0.285768	0.175259	0.0544964	-0.0894271	-0.248952	-0.410382	-0.558258	-0.693902	-0.824045	-0.927286	-0.990818	-1.02792	-1.04443	-1.03774	-0.996819	-0.899854	-0.752145	-0.596949	-0.474404	-0.406888	-0.408457	-0.468786	-0.546385	-0.600491	-0.611242	-0.563965	-0.442082	-0.247057	-0.00758002	0.240998	0.476939	0.686512	0.847256	0.927107	0.901697	0.770292	0.555349	0.288987	0	
0	0.184922	0.38675	0.574614	0.748604	0.921771	1.08328	1.21221	1.30515	1.37719	1.42989	1.45183	1.43545	1.38208	1.30783	1.21324	1.08578	0.928545	0.750529	0.598036	0.501073	0.466342	0.502864	0.586123	0.667144	0.719349	0.717024	0.654611	0.511058	0.301125	0.0570662	-0.191166	-0.419574	-0.622045	-0.763458	-0.824326	-0.781092	-0.653752	-0.473725	-0.2844	-0.113384	0.0186931	0.123358	0.191829	0.250363	0.295294	0.334607	0.375069	0.414344	0.449136	0.486232	0.519345	0.539405	0.554751	0.552932	0.538854	0.513026	0.46869	0.40225	0.321867	0.229883	0.110714	-0.0223688	-0.160246	-0.311357	-0.466882	-0.612871	-0.735141	-0.836752	-0.93211	-1.00547	-1.03828	-1.03721	-1.00788	-0.953152	-0.873396	-0.755948	-0.605494	-0.460674	-0.357275	-0.311556	-0.332947	-0.411773	-0.508074	-0.579707	-0.605795	-0.572989	-0.464856	-0.280078	-0.0450732	0.203873	0.442861	0.657765	0.827154	0.918732	0.9053	0.782107	0.568879	0.29773	0	
0	0.230599	0.471172	0.693426	0.8921	1.07791	1.24393	1.36732	1.45268	1.5196	1.56387	1.56982	1.52216	1.43215	1.3175	1.18807	1.05048	0.897331	0.735736	0.604345	0.52556	0.502864	0.550649	0.637045	0.730075	0.786992	0.795216	0.740795	0.606799	0.404131	0.160972	-0.0855424	-0.318582	-0.521021	-0.672154	-0.737351	-0.704367	-0.57894	-0.397471	-0.202953	-0.0221494	0.119224	0.229106	0.307269	0.364767	0.411758	0.449718	0.482941	0.511878	0.533568	0.549535	0.554606	0.549694	0.54184	0.51324	0.469749	0.414732	0.343723	0.25322	0.148131	0.0339249	-0.103046	-0.248667	-0.387192	-0.526219	-0.660464	-0.77903	-0.871025	-0.940078	-1.00254	-1.0436	-1.03915	-0.993224	-0.917087	-0.822829	-0.721064	-0.603746	-0.469556	-0.347951	-0.2688	-0.243859	-0.280373	-0.371278	-0.479917	-0.563998	-0.601696	-0.580524	-0.484168	-0.308771	-0.0783029	0.170535	0.411943	0.631238	0.807874	0.909564	0.906809	0.791279	0.58008	0.305133	0	
0	0.255138	0.517511	0.752696	0.955612	1.13999	1.29998	1.42307	1.50952	1.56353	1.58711	1.57196	1.50339	1.3887	1.25897	1.13165	1.0085	0.885826	0.756702	0.653339	0.593966	0.586123	0.637045	0.731336	0.827626	0.893331	0.907558	0.862305	0.736643	0.540759	0.300117	0.0532139	-0.180982	-0.388051	-0.543286	-0.619111	-0.592303	-0.474337	-0.294553	-0.0972513	0.0850506	0.230792	0.341977	0.415391	0.469393	0.504734	0.527046	0.544721	0.554458	0.553409	0.550257	0.537417	0.504023	0.466291	0.412606	0.34444	0.264743	0.169165	0.0561827	-0.0688236	-0.195343	-0.333658	-0.472766	-0.595495	-0.709575	-0.814627	-0.903923	-0.96733	-1.00431	-1.02949	-1.03023	-0.982505	-0.893192	-0.781465	-0.666621	-0.563909	-0.464425	-0.357915	-0.263939	-0.207689	-0.199033	-0.245202	-0.342712	-0.458824	-0.551608	-0.598181	-0.586451	-0.500172	-0.333252	-0.107238	0.141126	0.38441	0.607282	0.789918	0.900195	0.906776	0.798213	0.589182	0.311291	0	
0	0.24549	0.499191	0.728456	0.925363	1.10505	1.26284	1.3789	1.45169	1.48834	1.49485	1.46321	1.37517	1.25569	1.1356	1.02682	0.941065	0.859835	0.770051	0.698429	0.663223	0.667144	0.730075	0.827626	0.934774	1.0066	1.03096	0.993516	0.877658	0.687596	0.450185	0.20251	-0.034566	-0.245113	-0.409746	-0.493347	-0.480708	-0.371122	-0.199805	-0.00923428	0.170783	0.309224	0.413768	0.480446	0.519796	0.544514	0.552932	0.550957	0.542015	0.520717	0.488479	0.449447	0.395337	0.335759	0.257726	0.163153	0.0612563	-0.0512828	-0.176173	-0.304926	-0.425081	-0.549097	-0.668887	-0.766558	-0.852158	-0.928657	-0.988934	-1.02064	-1.0193	-0.999955	-0.956339	-0.869444	-0.750445	-0.623508	-0.5097	-0.423279	-0.351468	-0.275504	-0.207037	-0.168838	-0.171072	-0.222215	-0.322408	-0.442656	-0.541509	-0.594938	-0.590892	-0.513146	-0.353724	-0.131915	0.115735	0.360437	0.586181	0.773711	0.891147	0.905709	0.803304	0.596429	0.31631	0	
0	0.21321	0.433314	0.634855	0.813255	0.977077	1.11738	1.21981	1.27916	1.29479	1.27843	1.23311	1.15155	1.05027	0.958961	0.892044	0.849577	0.812619	0.76037	0.718257	0.700127	0.719349	0.786992	0.893331	1.0066	1.088	1.12018	1.09238	0.984019	0.801682	0.565351	0.318627	0.0775195	-0.137505	-0.309487	-0.405157	-0.402583	-0.306473	-0.143804	0.039595	0.210476	0.344043	0.437314	0.491828	0.518204	0.524138	0.512427	0.492559	0.461297	0.418361	0.36844	0.307209	0.226057	0.140943	0.0444586	-0.0633163	-0.175562	-0.290421	-0.408105	-0.526298	-0.630344	-0.73022	-0.824555	-0.897018	-0.954832	-1.00019	-1.02543	-1.01773	-0.972283	-0.908238	-0.828033	-0.717894	-0.590287	-0.469232	-0.372886	-0.311709	-0.269081	-0.220249	-0.171801	-0.14598	-0.15445	-0.207308	-0.307792	-0.43009	-0.533189	-0.591927	-0.594074	-0.523409	-0.370421	-0.152409	0.094411	0.340156	0.568162	0.759601	0.882861	0.904062	0.806923	0.602059	0.3203	0	
0	0.166263	0.345637	0.509852	0.648619	0.774776	0.880783	0.948432	0.976847	0.970076	0.948495	0.917997	0.859278	0.794125	0.747141	0.722006	0.723413	0.725092	0.705854	0.686769	0.687719	0.717024	0.795216	0.907558	1.03096	1.12018	1.16249	1.14193	1.04303	0.864921	0.632537	0.383662	0.140355	-0.0801361	-0.260812	-0.365705	-0.377789	-0.292102	-0.142343	0.0308159	0.19312	0.3144	0.397243	0.438878	0.448646	0.439393	0.4103	0.367599	0.316482	0.251083	0.175445	0.0965761	0.00235777	-0.0920755	-0.194675	-0.304819	-0.410346	-0.514393	-0.617851	-0.714892	-0.79479	-0.871046	-0.941051	-0.984923	-1.00879	-1.01569	-0.998968	-0.948594	-0.862968	-0.766375	-0.667905	-0.555588	-0.439041	-0.33841	-0.267148	-0.232048	-0.214397	-0.186332	-0.151771	-0.133479	-0.144915	-0.197633	-0.29723	-0.420388	-0.526451	-0.589241	-0.596257	-0.53127	-0.383573	-0.168811	0.0771813	0.323666	0.553402	0.747868	0.875709	0.902226	0.809399	0.606294	0.323369	0	
0	0.122179	0.248767	0.35788	0.44466	0.516699	0.569155	0.59558	0.595848	0.575045	0.555875	0.541687	0.517461	0.494389	0.489802	0.507572	0.547158	0.5839	0.591876	0.596161	0.61171	0.654611	0.740795	0.862305	0.993516	1.09238	1.14193	1.13034	1.03702	0.865514	0.633634	0.385408	0.138075	-0.0869844	-0.274887	-0.391008	-0.413256	-0.341979	-0.202821	-0.0418063	0.108104	0.218289	0.285758	0.312128	0.30516	0.277393	0.229217	0.171784	0.103852	0.0270493	-0.0564985	-0.14329	-0.240704	-0.335572	-0.430808	-0.528456	-0.620894	-0.7057	-0.786523	-0.864164	-0.922274	-0.969366	-1.00668	-1.01506	-0.998825	-0.962904	-0.904981	-0.820062	-0.709845	-0.601128	-0.505226	-0.408261	-0.314733	-0.240035	-0.193649	-0.180301	-0.181075	-0.167147	-0.141292	-0.127099	-0.139592	-0.191401	-0.289762	-0.413175	-0.521259	-0.58702	-0.597677	-0.536995	-0.393387	-0.181209	0.0640551	0.311042	0.542037	0.73873	0.869986	0.900521	0.811011	0.609326	0.325609	0	
0	0.0586903	0.126782	0.177949	0.203082	0.218385	0.223463	0.212168	0.191736	0.165257	0.154922	0.165584	0.170878	0.180385	0.208045	0.254741	0.321033	0.379647	0.40881	0.428064	0.457379	0.511058	0.606799	0.736643	0.877658	0.984019	1.04303	1.03702	0.951234	0.782625	0.553278	0.303439	0.0531907	-0.176545	-0.372571	-0.496719	-0.531783	-0.470456	-0.344433	-0.193895	-0.0553319	0.043371	0.0994629	0.114473	0.0958118	0.0572241	0.000816862	-0.0665756	-0.13901	-0.219622	-0.302969	-0.383895	-0.474205	-0.556388	-0.637559	-0.720026	-0.793157	-0.859683	-0.919592	-0.968662	-0.994578	-1.00767	-1.00745	-0.974691	-0.917058	-0.844356	-0.758437	-0.657246	-0.543066	-0.441925	-0.363889	-0.291388	-0.223974	-0.173481	-0.147224	-0.149495	-0.162325	-0.157089	-0.136224	-0.124051	-0.136728	-0.187579	-0.284863	-0.408279	-0.517645	-0.585395	-0.598527	-0.540798	-0.400029	-0.189682	0.0550333	0.302333	0.534165	0.732351	0.865915	0.899195	0.811981	0.611311	0.327099	0	
0	-0.0121939	-0.0179089	-0.0354245	-0.0662487	-0.097007	-0.125678	-0.153829	-0.181044	-0.203602	-0.199095	-0.171256	-0.146712	-0.118434	-0.0737289	-0.0139989	0.0638701	0.135323	0.173298	0.202705	0.24038	0.301125	0.404131	0.540759	0.687596	0.801682	0.864921	0.865514	0.782625	0.617723	0.388875	0.138271	-0.113965	-0.34825	-0.548546	-0.680831	-0.722463	-0.670857	-0.552079	-0.410254	-0.278489	-0.187126	-0.136669	-0.127236	-0.150064	-0.189961	-0.248195	-0.312114	-0.380891	-0.454083	-0.530523	-0.601403	-0.676507	-0.745948	-0.810857	-0.874007	-0.926168	-0.964662	-0.993078	-1.01061	-1.00059	-0.972764	-0.931985	-0.863265	-0.776649	-0.684189	-0.589595	-0.491535	-0.390606	-0.30976	-0.256128	-0.208809	-0.164237	-0.13253	-0.120407	-0.132668	-0.152586	-0.152163	-0.133912	-0.122686	-0.135346	-0.185611	-0.282259	-0.405626	-0.515652	-0.584469	-0.598945	-0.542828	-0.403618	-0.194287	0.050113	0.297573	0.529852	0.728838	0.863648	0.898419	0.812462	0.612359	0.327894	0	
0	-0.0895292	-0.1635	-0.239527	-0.319336	-0.383927	-0.433072	-0.470871	-0.493392	-0.505673	-0.492065	-0.453811	-0.418487	-0.381823	-0.333249	-0.268027	-0.187152	-0.115745	-0.0750054	-0.044784	-0.00678889	0.0570662	0.160972	0.300117	0.450185	0.565351	0.632537	0.633634	0.553278	0.388875	0.160019	-0.0903137	-0.34485	-0.579353	-0.783267	-0.916683	-0.96206	-0.912262	-0.796385	-0.655738	-0.526196	-0.43403	-0.384765	-0.373363	-0.393583	-0.431684	-0.483361	-0.541679	-0.602341	-0.665552	-0.726678	-0.783756	-0.846355	-0.895659	-0.937363	-0.974251	-0.996273	-1.00364	-0.996666	-0.974371	-0.925694	-0.863741	-0.79474	-0.705406	-0.607476	-0.514232	-0.42912	-0.348505	-0.269757	-0.212929	-0.182709	-0.156128	-0.128412	-0.109437	-0.106242	-0.12436	-0.148008	-0.149864	-0.132823	-0.122117	-0.134951	-0.185226	-0.281821	-0.405185	-0.515309	-0.584298	-0.599005	-0.543165	-0.40422	-0.195057	0.0492914	0.296779	0.529132	0.728251	0.863268	0.898287	0.812541	0.612533	0.328027	0	
0	-0.143397	-0.269288	-0.390072	-0.503499	-0.591852	-0.653387	-0.695482	-0.722526	-0.735297	-0.716146	-0.673191	-0.638751	-0.604458	-0.55649	-0.497915	-0.422186	-0.353645	-0.318041	-0.290507	-0.252293	-0.191166	-0.0855424	0.0532139	0.20251	0.318627	0.383662	0.385408	0.303439	0.138271	-0.0903137	-0.342086	-0.594924	-0.831005	-1.03296	-1.16664	-1.21048	-1.15964	-1.04278	-0.901466	-0.769221	-0.676861	-0.622072	-0.606972	-0.621524	-0.64953	-0.693635	-0.740978	-0.788663	-0.838284	-0.887574	-0.924497	-0.959657	-0.983299	-0.996842	-1.00227	-0.989507	-0.959058	-0.916889	-0.863383	-0.787719	-0.705839	-0.624953	-0.532869	-0.442127	-0.363835	-0.298468	-0.240192	-0.184496	-0.149406	-0.137646	-0.1255	-0.108622	-0.0974374	-0.0995251	-0.120921	-0.146232	-0.148773	-0.132155	-0.121915	-0.135329	-0.186319	-0.2835	-0.40694	-0.516614	-0.584892	-0.598721	-0.541825	-0.401845	-0.191999	0.0525683	0.299954	0.532011	0.730599	0.864789	0.898816	0.812232	0.611843	0.327501	0	
0	-0.165858	-0.311767	-0.451329	-0.581104	-0.682147	-0.756948	-0.810646	-0.84333	-0.862862	-0.856546	-0.828963	-0.804277	-0.779837	-0.744248	-0.690376	-0.622511	-0.563047	-0.533585	-0.511532	-0.479985	-0.419574	-0.318582	-0.180982	-0.034566	0.0775195	0.140355	0.138075	0.0531907	-0.113965	-0.34485	-0.594924	-0.848584	-1.08116	-1.28136	-1.41037	-1.44894	-1.39358	-1.27121	-1.12518	-0.989842	-0.89037	-0.832216	-0.809715	-0.815048	-0.83603	-0.866883	-0.899024	-0.930434	-0.958494	-0.978052	-0.989423	-1.00062	-0.993095	-0.972644	-0.943288	-0.898875	-0.840963	-0.774113	-0.702247	-0.616516	-0.53223	-0.456881	-0.377849	-0.305026	-0.24737	-0.204124	-0.167182	-0.130539	-0.111751	-0.112523	-0.109139	-0.0984608	-0.0917068	-0.0969076	-0.120187	-0.145944	-0.148145	-0.131522	-0.121906	-0.13642	-0.188885	-0.287297	-0.410871	-0.519535	-0.586206	-0.59804	-0.538752	-0.39645	-0.185089	0.0599457	0.307086	0.538466	0.735843	0.868155	0.899943	0.811477	0.610247	0.326296	0	
0	-0.15741	-0.294093	-0.426699	-0.554954	-0.658346	-0.736472	-0.801169	-0.853685	-0.89209	-0.90128	-0.889201	-0.887277	-0.883329	-0.863108	-0.829671	-0.777093	-0.731341	-0.714895	-0.702783	-0.674994	-0.622045	-0.521021	-0.388051	-0.245113	-0.137505	-0.0801361	-0.0869844	-0.176545	-0.34825	-0.579353	-0.831005	-1.08116	-1.31237	-1.50733	-1.63002	-1.66237	-1.59839	-1.47041	-1.3186	-1.17542	-1.07165	-1.00176	-0.968457	-0.960614	-0.961734	-0.973708	-0.985092	-0.991019	-0.99433	-0.992459	-0.974346	-0.950745	-0.912101	-0.865191	-0.813405	-0.748142	-0.674724	-0.601727	-0.528255	-0.446613	-0.375443	-0.316888	-0.255957	-0.204035	-0.167929	-0.143804	-0.122538	-0.0991685	-0.0915742	-0.100006	-0.10108	-0.0935072	-0.0892448	-0.0964919	-0.121006	-0.146454	-0.147598	-0.130759	-0.122056	-0.138261	-0.192984	-0.293244	-0.416952	-0.523997	-0.588144	-0.596847	-0.533822	-0.387935	-0.174278	0.0714272	0.31815	0.548445	0.743895	0.873243	0.901526	0.810149	0.607654	0.324366	0	
0	-0.125565	-0.235279	-0.347525	-0.458847	-0.551759	-0.629757	-0.698825	-0.759095	-0.811906	-0.843954	-0.860208	-0.879552	-0.898773	-0.902008	-0.88346	-0.850937	-0.823939	-0.824272	-0.825421	-0.810931	-0.763458	-0.672154	-0.543286	-0.409746	-0.309487	-0.260812	-0.274887	-0.372571	-0.548546	-0.783267	-1.03296	-1.28136	-1.50733	-1.69443	-1.80833	-1.82686	-1.75248	-1.61182	-1.44878	-1.29662	-1.17875	-1.09732	-1.04928	-1.02218	-1.00666	-0.997478	-0.983665	-0.966263	-0.943318	-0.908777	-0.866011	-0.824321	-0.768442	-0.706668	-0.642253	-0.572684	-0.501019	-0.432502	-0.370723	-0.306421	-0.25296	-0.212504	-0.171692	-0.139043	-0.11896	-0.108241	-0.0975747	-0.0826654	-0.0820395	-0.0945655	-0.0973595	-0.0911518	-0.0884238	-0.0973148	-0.122802	-0.147399	-0.146933	-0.129811	-0.122409	-0.140954	-0.198731	-0.301391	-0.425135	-0.529886	-0.590554	-0.594958	-0.526843	-0.376149	-0.159495	0.0870143	0.333101	0.561862	0.754614	0.879858	0.903348	0.808053	0.603925	0.321642	0	
0	-0.093157	-0.166679	-0.246076	-0.334478	-0.409802	-0.474224	-0.542588	-0.609575	-0.668712	-0.709069	-0.737671	-0.77921	-0.817981	-0.840132	-0.844874	-0.831979	-0.826973	-0.846337	-0.864211	-0.859356	-0.824326	-0.737351	-0.619111	-0.493347	-0.405157	-0.365705	-0.391008	-0.496719	-0.680831	-0.916683	-1.16664	-1.41037	-1.63002	-1.80833	-1.9077	-1.91353	-1.82252	-1.66899	-1.49444	-1.32815	-1.20002	-1.1023	-1.03717	-0.992377	-0.954813	-0.92307	-0.88982	-0.851129	-0.809881	-0.764726	-0.710449	-0.656366	-0.59161	-0.52822	-0.469365	-0.406702	-0.346291	-0.296037	-0.250193	-0.200928	-0.16765	-0.145874	-0.119216	-0.0996798	-0.0916878	-0.0899408	-0.0847161	-0.0744239	-0.0783714	-0.0929147	-0.095731	-0.0899683	-0.0884368	-0.0989554	-0.12531	-0.148559	-0.146028	-0.128689	-0.123066	-0.144655	-0.206277	-0.3118	-0.435348	-0.537036	-0.593222	-0.592123	-0.517557	-0.360898	-0.140651	0.106702	0.351877	0.578597	0.767805	0.887732	0.905118	0.804932	0.598882	0.318034	0	
0	-0.0573364	-0.102034	-0.157035	-0.219722	-0.273341	-0.32137	-0.375503	-0.435401	-0.491784	-0.535597	-0.57423	-0.621725	-0.67217	-0.705178	-0.718941	-0.722577	-0.733784	-0.77052	-0.801466	-0.809242	-0.781092	-0.704367	-0.592303	-0.480708	-0.402583	-0.377789	-0.413256	-0.531783	-0.722463	-0.96206	-1.21048	-1.44894	-1.66237	-1.82686	-1.91353	-1.89967	-1.79321	-1.62463	-1.43598	-1.26014	-1.11911	-1.0094	-0.933241	-0.873548	-0.823954	-0.781931	-0.736013	-0.688558	-0.64114	-0.586746	-0.530013	-0.479064	-0.422304	-0.370954	-0.322302	-0.274166	-0.230556	-0.19419	-0.164604	-0.134612	-0.116342	-0.104594	-0.0887475	-0.079606	-0.0783882	-0.080831	-0.0782528	-0.0708922	-0.0779416	-0.0930344	-0.0949239	-0.0893003	-0.0889763	-0.101268	-0.128388	-0.149764	-0.144797	-0.127446	-0.12418	-0.149569	-0.215811	-0.324527	-0.447481	-0.54523	-0.595875	-0.58802	-0.50564	-0.341946	-0.117651	0.130474	0.374388	0.59849	0.783213	0.896528	0.906472	0.800477	0.592313	0.313441	0	
0	-0.0375536	-0.056182	-0.0854468	-0.12801	-0.162271	-0.192618	-0.235795	-0.283486	-0.32604	-0.360551	-0.395062	-0.444151	-0.493756	-0.529811	-0.547288	-0.557744	-0.580867	-0.625988	-0.665701	-0.676871	-0.653752	-0.57894	-0.474337	-0.371122	-0.306473	-0.292102	-0.341979	-0.470456	-0.670857	-0.912262	-1.15964	-1.39358	-1.59839	-1.75248	-1.82252	-1.79321	-1.67153	-1.49059	-1.29524	-1.11198	-0.966906	-0.852327	-0.770464	-0.70519	-0.652148	-0.604015	-0.556734	-0.510043	-0.464726	-0.417487	-0.371156	-0.331463	-0.285141	-0.245504	-0.211992	-0.178508	-0.14982	-0.131484	-0.11465	-0.0930574	-0.0859026	-0.0837749	-0.0737337	-0.069169	-0.0722235	-0.077355	-0.0753277	-0.0695467	-0.0790799	-0.0939694	-0.0944004	-0.0888723	-0.08995	-0.104233	-0.131938	-0.15085	-0.143176	-0.12618	-0.125952	-0.155947	-0.227542	-0.339613	-0.461372	-0.554189	-0.59817	-0.582255	-0.49071	-0.319031	-0.0904021	0.158294	0.400519	0.621336	0.800518	0.90583	0.906981	0.79433	0.583984	0.307753	0	
0	-0.0183216	-0.0244544	-0.0419772	-0.0679843	-0.0859936	-0.0990578	-0.126464	-0.16468	-0.193107	-0.214655	-0.242335	-0.282559	-0.325558	-0.353506	-0.366665	-0.37686	-0.402742	-0.451472	-0.489936	-0.500008	-0.473725	-0.397471	-0.294553	-0.199805	-0.143804	-0.142343	-0.202821	-0.344433	-0.552079	-0.796385	-1.04278	-1.27121	-1.47041	-1.61182	-1.66899	-1.62463	-1.49059	-1.30386	-1.10431	-0.922582	-0.779677	-0.666637	-0.588216	-0.526083	-0.47531	-0.433287	-0.392574	-0.352999	-0.317482	-0.28033	-0.246612	-0.216636	-0.182982	-0.160594	-0.140223	-0.119505	-0.103335	-0.0928885	-0.0831049	-0.07228	-0.0729587	-0.072402	-0.0652663	-0.0654035	-0.0708558	-0.0760456	-0.0735214	-0.0695205	-0.0812931	-0.0951572	-0.0938185	-0.0886169	-0.0914159	-0.107885	-0.135843	-0.151636	-0.141129	-0.125044	-0.128639	-0.164087	-0.241695	-0.357059	-0.476797	-0.563564	-0.599691	-0.574361	-0.472333	-0.291878	-0.0588268	0.190097	0.430115	0.646876	0.819327	0.915149	0.906157	0.786106	0.573653	0.300861	0	
0	-0.0113755	-0.00711781	-0.0133564	-0.02925	-0.0376229	-0.0414453	-0.0580942	-0.0816465	-0.0960952	-0.107479	-0.126311	-0.156145	-0.18786	-0.205701	-0.206639	-0.214205	-0.238914	-0.282929	-0.317708	-0.318725	-0.2844	-0.202953	-0.0972513	-0.00923428	0.039595	0.0308159	-0.0418063	-0.193895	-0.410254	-0.655738	-0.901466	-1.12518	-1.3186	-1.44878	-1.49444	-1.43598	-1.29524	-1.10431	-0.907766	-0.732416	-0.596153	-0.49132	-0.422256	-0.365285	-0.326001	-0.292382	-0.26027	-0.23227	-0.208855	-0.181295	-0.158044	-0.141583	-0.121503	-0.108992	-0.096332	-0.0835004	-0.075524	-0.073953	-0.0693614	-0.0615101	-0.0656445	-0.0675046	-0.0626016	-0.0643495	-0.0706323	-0.0758083	-0.0726562	-0.070353	-0.0839993	-0.0962602	-0.0931259	-0.0885995	-0.0934689	-0.112252	-0.13995	-0.151927	-0.138663	-0.124252	-0.132556	-0.174328	-0.258486	-0.376811	-0.493451	-0.572931	-0.599949	-0.563798	-0.45003	-0.26021	-0.0228761	0.225786	0.46298	0.674789	0.839171	0.923922	0.903465	0.775399	0.561083	0.292665	0	
0	-0.00351873	0.00213772	-0.00130272	-0.00864739	-0.00885489	-0.00501006	-0.0164363	-0.0352523	-0.0346576	-0.0327946	-0.0474611	-0.0692039	-0.0882063	-0.0963318	-0.0887963	-0.0881587	-0.111065	-0.147937	-0.17048	-0.161041	-0.113384	-0.0221494	0.0850506	0.170783	0.210476	0.19312	0.108104	-0.0553319	-0.278489	-0.526196	-0.769221	-0.989842	-1.17542	-1.29662	-1.32815	-1.26014	-1.11198	-0.922582	-0.732416	-0.567297	-0.442655	-0.351033	-0.290791	-0.246554	-0.216279	-0.190154	-0.168771	-0.150416	-0.13355	-0.115951	-0.108098	-0.0978484	-0.0827077	-0.0780359	-0.0720979	-0.0665907	-0.063742	-0.0640076	-0.0606843	-0.0574425	-0.0646508	-0.0651519	-0.0607352	-0.0648022	-0.07198	-0.0759733	-0.0717997	-0.0718214	-0.0871666	-0.0971319	-0.0922743	-0.0889143	-0.0962473	-0.11734	-0.144046	-0.151529	-0.135855	-0.124099	-0.13808	-0.187041	-0.278105	-0.398727	-0.510935	-0.581784	-0.598369	-0.549957	-0.423299	-0.223774	0.0174558	0.265217	0.498865	0.704683	0.859495	0.931514	0.898332	0.761811	0.546057	0.283082	0	
0	-0.00117454	0.00639077	0.00623689	0.00270288	0.00463421	0.0123048	0.00870123	-0.00398704	-7.55876e-05	0.00613071	-0.00107058	-0.0143923	-0.0237954	-0.0187052	-0.00245395	-0.00110312	-0.0207381	-0.051028	-0.065069	-0.0406069	0.0186931	0.119224	0.230792	0.309224	0.344043	0.3144	0.218289	0.043371	-0.187126	-0.43403	-0.676861	-0.89037	-1.07165	-1.17875	-1.20002	-1.11911	-0.966906	-0.779677	-0.596153	-0.442655	-0.329526	-0.246564	-0.198884	-0.160732	-0.139318	-0.12329	-0.110081	-0.0990459	-0.0930543	-0.0838388	-0.0766423	-0.0690534	-0.0629314	-0.0649585	-0.0614318	-0.0569244	-0.0572522	-0.0608976	-0.0575577	-0.0560293	-0.0644234	-0.063894	-0.0608371	-0.0664077	-0.0732238	-0.0757795	-0.071331	-0.0741973	-0.0905011	-0.0975111	-0.0913406	-0.0897569	-0.0998931	-0.123087	-0.147847	-0.150271	-0.132874	-0.124965	-0.145646	-0.202613	-0.300682	-0.422556	-0.528746	-0.589531	-0.594296	-0.532166	-0.391629	-0.182361	0.0621169	0.308195	0.537462	0.736082	0.879654	0.937226	0.890171	0.744963	0.528402	0.272061	0	
0	0.00427392	0.00763174	0.00636123	0.00991339	0.0146881	0.0191164	0.0160934	0.0104225	0.0255291	0.0350169	0.0226543	0.0148981	0.0146301	0.0231137	0.0476019	0.0525799	0.032666	0.0127752	0.0121018	0.0470139	0.123358	0.229106	0.341977	0.413768	0.437314	0.397243	0.285758	0.0994629	-0.136669	-0.384765	-0.622072	-0.832216	-1.00176	-1.09732	-1.1023	-1.0094	-0.852327	-0.666637	-0.49132	-0.351033	-0.246564	-0.179867	-0.13893	-0.110676	-0.0991143	-0.0866037	-0.0778232	-0.0734133	-0.0678646	-0.0577839	-0.0608873	-0.0593222	-0.0563093	-0.0581788	-0.0536948	-0.0540016	-0.0565869	-0.0579732	-0.0554767	-0.0579546	-0.0654767	-0.062637	-0.0613319	-0.0682931	-0.0745737	-0.0756179	-0.0712762	-0.0772557	-0.0937443	-0.097368	-0.0904948	-0.0913153	-0.104517	-0.12935	-0.151017	-0.148048	-0.130012	-0.12732	-0.155743	-0.221425	-0.326251	-0.447906	-0.546263	-0.595487	-0.586989	-0.509702	-0.354527	-0.135832	0.110984	0.354462	0.578387	0.768413	0.89891	0.940306	0.878399	0.724528	0.508002	0.259586	0	
