0	0	0	0	0	0	0	0	0	0	0	0	0	0	0	0	0	0	0	0	0	0	0	0	0	0	0	0	0	0	0	0	0	0	0	0	0	0	0	0	0	0	0	0	0	0	0	0	0	0	0	0	0	0	0	0	0	0	0	0	0	0	0	0	0	0	0	0	0	0	0	0	0	0	0	0	0	0	0	0	0	0	0	0	0	0	0	0	0	0	0	0	0	0	0	0	0	0	0	0	
0	-0.176156	-0.375716	-0.57276	-0.716442	-0.782804	-0.782152	-0.737247	-0.670443	-0.596409	-0.519438	-0.439542	-0.356507	-0.272057	-0.190007	-0.111514	-0.0367567	0.0314756	0.0913074	0.14267	0.184903	0.218041	0.243286	0.261437	0.273884	0.282078	0.28699	0.289872	0.291359	0.292024	0.29224	0.291845	0.290904	0.288621	0.284626	0.277721	0.266955	0.251117	0.228837	0.199041	0.160951	0.113398	0.0570302	-0.00792601	-0.0805365	-0.157492	-0.237055	-0.317365	-0.393044	-0.457187	-0.50347	-0.527337	-0.527722	-0.506596	-0.469022	-0.418491	-0.347139	-0.245802	-0.128166	-0.0230696	0.0608996	0.141375	0.228686	0.303708	0.335476	0.311566	0.246975	0.169663	0.102388	0.0549114	0.0264272	0.0115074	0.00456536	0.0016601	0.000556163	0.000172442	4.96805e-05	1.33464e-05	3.35395e-06	7.90672e-07	1.75309e-07	3.66435e-08	7.23619e-09	1.35269e-09	2.39801e-10	4.03829e-11	6.47023e-12	9.87749e-13	1.4387e-13	2.00189e-14	2.66428e-15	3.39526e-16	4.14744e-17	4.86113e-18	5.4721e-19	5.92134e-20	6.16459e-21	6.17914e-22	5.91924e-23	0	
0	-0.375716	-0.747031	-1.08665	-1.35131	-1.50176	-1.523	-1.43973	-1.30131	-1.14706	-0.994596	-0.846226	-0.696782	-0.544096	-0.390007	-0.237671	-0.0936127	0.03605	0.148883	0.243463	0.31902	0.377346	0.420607	0.451037	0.471784	0.484982	0.492927	0.497439	0.499638	0.500668	0.500787	0.50024	0.498576	0.49518	0.488709	0.477854	0.460266	0.43391	0.396125	0.34404	0.275876	0.189464	0.0839036	-0.0390706	-0.177855	-0.326828	-0.477759	-0.623216	-0.75542	-0.866722	-0.951536	-1.00444	-1.02015	-0.993392	-0.918747	-0.799438	-0.646723	-0.466316	-0.264456	-0.0614701	0.123983	0.293856	0.452347	0.577565	0.630491	0.591564	0.48019	0.340295	0.212614	0.118224	0.0590054	0.0266332	0.0109439	0.00411766	0.00142586	0.000456463	0.000135635	3.75432e-05	9.71126e-06	2.35431e-06	5.36335e-07	1.1509e-07	2.3314e-08	4.46738e-09	8.11248e-10	1.39852e-10	2.29239e-11	3.5782e-12	5.32597e-13	7.56932e-14	1.02842e-14	1.33733e-15	1.66621e-16	1.99109e-17	2.28422e-18	2.51809e-19	2.66973e-20	2.72429e-21	2.65514e-22	0	
0	-0.57276	-1.08665	-1.5242	-1.87341	-2.08992	-2.14	-2.04738	-1.86709	-1.64833	-1.42417	-1.20517	-0.99006	-0.778362	-0.569795	-0.369775	-0.186202	-0.0224349	0.119264	0.236413	0.330023	0.403127	0.457737	0.497683	0.526026	0.545102	0.557892	0.565683	0.570221	0.572453	0.57255	0.571274	0.567372	0.561219	0.550411	0.534355	0.510107	0.475261	0.426949	0.361701	0.276066	0.16894	0.0372081	-0.117569	-0.292616	-0.484589	-0.684311	-0.880132	-1.06155	-1.21748	-1.33772	-1.41368	-1.43565	-1.39797	-1.29524	-1.12356	-0.900715	-0.6546	-0.389996	-0.102796	0.186754	0.445532	0.653866	0.798811	0.859047	0.817832	0.687325	0.509932	0.3352	0.196359	0.103181	0.0489553	0.0211023	0.00831082	0.00300581	0.00100294	0.000310012	8.91007e-05	2.38911e-05	5.99463e-06	1.41141e-06	3.12605e-07	6.52818e-08	1.28812e-08	2.40623e-09	4.26295e-10	7.17471e-11	1.14892e-11	1.75308e-12	2.55224e-13	3.54979e-14	4.72239e-15	6.01571e-16	7.34576e-17	8.60687e-18	9.68554e-19	1.04776e-19	1.09041e-20	1.08305e-21	0	
0	-0.716442	-1.35131	-1.87341	-2.26721	-2.50754	-2.58738	-2.52018	-2.33182	-2.07138	-1.78653	-1.50144	-1.22999	-0.975441	-0.737702	-0.521308	-0.327238	-0.156699	-0.0120834	0.106677	0.203503	0.280503	0.340534	0.387391	0.42254	0.448994	0.468236	0.481419	0.490157	0.494442	0.495187	0.492174	0.485201	0.473802	0.457172	0.433717	0.402533	0.36087	0.306369	0.237074	0.148076	0.0378266	-0.0958015	-0.255484	-0.43804	-0.641042	-0.859301	-1.08226	-1.29642	-1.48676	-1.63416	-1.72377	-1.74346	-1.68638	-1.56169	-1.37282	-1.11595	-0.80985	-0.477953	-0.122768	0.24096	0.56487	0.805739	0.954327	1.01446	0.982188	0.859265	0.672761	0.469446	0.29223	0.162941	0.0818174	0.0372113	0.0154154	0.00584743	0.00204076	0.000658152	0.000196916	5.48527e-05	1.42719e-05	3.47854e-06	7.96351e-07	1.71657e-07	3.49166e-08	6.71603e-09	1.22384e-09	2.11653e-10	3.47956e-11	5.44603e-12	8.12653e-13	1.15764e-13	1.57626e-14	2.05385e-15	2.56376e-16	3.06903e-17	3.52668e-18	3.89381e-19	4.134e-20	4.18556e-21	0	
0	-0.782804	-1.50176	-2.08992	-2.50754	-2.76663	-2.88282	-2.83977	-2.64891	-2.36745	-2.04622	-1.72528	-1.42883	-1.15881	-0.918535	-0.706844	-0.522192	-0.365704	-0.235149	-0.12616	-0.0344963	0.04098	0.104405	0.156575	0.199254	0.234131	0.260848	0.28124	0.29483	0.302061	0.303711	0.298328	0.288033	0.269749	0.246337	0.214163	0.174933	0.126613	0.0678398	-0.0027023	-0.0863607	-0.188965	-0.310158	-0.455098	-0.624716	-0.817049	-1.0268	-1.24539	-1.45736	-1.64732	-1.79802	-1.891	-1.91869	-1.86745	-1.73281	-1.53153	-1.26127	-0.91518	-0.523023	-0.120633	0.272772	0.623242	0.884392	1.03947	1.10369	1.08854	0.991571	0.820679	0.609639	0.404576	0.240094	0.127928	0.0615261	0.0268597	0.0107018	0.00391138	0.00131746	0.000410685	0.000118931	3.21065e-05	8.10504e-06	1.91873e-06	4.27063e-07	8.95804e-08	1.77467e-08	3.32717e-09	5.91402e-10	9.98349e-11	1.60311e-11	2.45226e-12	3.5784e-13	4.98764e-14	6.64828e-15	8.48449e-16	1.0378e-16	1.21789e-17	1.37255e-18	1.48671e-19	1.5345e-20	0	
0	-0.782152	-1.523	-2.14	-2.58738	-2.88282	-3.02416	-2.99472	-2.82045	-2.53986	-2.20196	-1.86906	-1.56844	-1.3112	-1.09921	-0.921775	-0.775189	-0.649704	-0.540032	-0.440898	-0.352117	-0.272201	-0.20063	-0.137939	-0.0831694	-0.0376639	-0.000856277	0.0275382	0.0463335	0.0572152	0.0588435	0.0518613	0.0365076	0.0118139	-0.021324	-0.0633236	-0.114559	-0.174329	-0.241959	-0.319918	-0.404051	-0.498044	-0.602821	-0.719718	-0.851813	-1.00173	-1.1692	-1.34855	-1.53065	-1.697	-1.8365	-1.92871	-1.96064	-1.92918	-1.80889	-1.59515	-1.3092	-0.952474	-0.540516	-0.123089	0.265617	0.61071	0.883039	1.0566	1.13809	1.14683	1.08462	0.946086	0.747043	0.528353	0.333821	0.188843	0.0960974	0.0442334	0.0185206	0.0070917	0.00249561	0.000810748	0.000244142	6.83976e-05	1.78864e-05	4.37923e-06	1.00658e-06	2.17754e-07	4.44364e-08	8.57191e-09	1.56611e-09	2.71489e-10	4.47285e-11	7.01436e-12	1.04855e-12	1.49612e-13	2.04019e-14	2.66204e-15	3.32719e-16	3.98767e-17	4.58739e-18	5.06969e-19	5.33439e-20	0	
0	-0.737247	-1.43973	-2.04738	-2.52018	-2.83977	-2.99472	-3.00175	-2.86847	-2.60101	-2.26842	-1.93972	-1.65288	-1.43418	-1.26978	-1.14576	-1.04373	-0.948563	-0.857679	-0.766333	-0.678957	-0.594261	-0.516462	-0.444708	-0.382987	-0.330575	-0.287591	-0.255904	-0.233366	-0.22139	-0.219738	-0.227034	-0.24626	-0.273067	-0.312998	-0.360198	-0.419111	-0.486653	-0.561957	-0.643844	-0.732202	-0.82021	-0.910045	-0.998896	-1.08946	-1.18048	-1.28231	-1.39464	-1.52183	-1.6525	-1.77024	-1.86285	-1.89582	-1.86189	-1.75715	-1.55621	-1.27262	-0.93466	-0.552217	-0.157419	0.208719	0.535094	0.812577	1.01405	1.12749	1.16716	1.14218	1.04413	0.8726	0.656051	0.440714	0.264524	0.142385	0.0690941	0.0303998	0.0121947	0.0044834	0.00151791	0.000475293	0.000138181	3.74314e-05	9.47783e-06	2.24968e-06	5.019e-07	1.05497e-07	2.09385e-08	3.932e-09	6.99932e-10	1.18311e-10	1.90202e-11	2.91257e-12	4.25418e-13	5.9347e-14	7.91693e-15	1.01109e-15	1.23756e-16	1.45321e-17	1.63852e-18	1.75754e-19	0	
0	-0.670443	-1.30131	-1.86709	-2.33182	-2.64891	-2.82045	-2.86847	-2.77335	-2.55296	-2.26986	-1.9726	-1.72398	-1.54355	-1.41665	-1.33028	-1.25315	-1.18196	-1.10542	-1.02716	-0.948429	-0.872276	-0.799767	-0.73544	-0.679151	-0.630793	-0.592016	-0.563053	-0.541526	-0.531634	-0.528957	-0.536561	-0.553703	-0.578863	-0.614823	-0.658796	-0.712199	-0.773221	-0.843607	-0.916011	-0.995559	-1.07365	-1.14919	-1.21481	-1.27496	-1.32432	-1.36864	-1.41783	-1.47414	-1.54919	-1.62136	-1.68432	-1.71761	-1.68331	-1.58664	-1.42285	-1.18391	-0.896711	-0.576353	-0.231893	0.104411	0.413113	0.693119	0.92433	1.07919	1.15671	1.16926	1.11341	0.979162	0.779463	0.555377	0.35317	0.200896	0.102711	0.0474644	0.0199395	0.00765635	0.00270063	0.00087908	0.000265155	7.43869e-05	1.9475e-05	4.77271e-06	1.09789e-06	2.37661e-07	4.85243e-08	9.36449e-09	1.71151e-09	2.96773e-10	4.89044e-11	7.67045e-12	1.14676e-12	1.63639e-13	2.2316e-14	2.9119e-15	3.63956e-16	4.36207e-17	5.01752e-18	5.48596e-19	0	
0	-0.596409	-1.14706	-1.64833	-2.07138	-2.36745	-2.53986	-2.60101	-2.55296	-2.41835	-2.20874	-1.97366	-1.77606	-1.62242	-1.5213	-1.44621	-1.38161	-1.32231	-1.25787	-1.19901	-1.13807	-1.0826	-1.0293	-0.985216	-0.941687	-0.907408	-0.878489	-0.854954	-0.840358	-0.83098	-0.829845	-0.835891	-0.847945	-0.869222	-0.893914	-0.928515	-0.966488	-1.01102	-1.06129	-1.11603	-1.17259	-1.23258	-1.29097	-1.34366	-1.38131	-1.40814	-1.41033	-1.40647	-1.39559	-1.39572	-1.41139	-1.42084	-1.43009	-1.41269	-1.34757	-1.23969	-1.07661	-0.8644	-0.618578	-0.336256	-0.0331983	0.262773	0.544876	0.801407	0.999358	1.11981	1.17049	1.1553	1.0626	0.891321	0.671424	0.451403	0.270969	0.145806	0.0707121	0.0310877	0.0124596	0.00457637	0.00154781	0.00048415	0.000140606	3.80474e-05	9.62344e-06	2.28181e-06	5.08529e-07	1.06779e-07	2.11713e-08	3.97174e-09	7.06317e-10	1.19277e-10	1.91578e-11	2.93104e-12	4.27747e-13	5.96225e-14	7.94734e-15	1.0142e-15	1.24045e-16	1.45542e-17	1.62179e-18	0	
0	-0.519438	-0.994596	-1.42417	-1.78653	-2.04622	-2.20196	-2.26842	-2.26986	-2.20874	-2.08109	-1.92979	-1.77718	-1.64647	-1.55032	-1.46979	-1.41456	-1.366	-1.33125	-1.29782	-1.26697	-1.23656	-1.20983	-1.18051	-1.15477	-1.13175	-1.11181	-1.09447	-1.08554	-1.07641	-1.0776	-1.08076	-1.08984	-1.10546	-1.12225	-1.1459	-1.16987	-1.19808	-1.22431	-1.25606	-1.2833	-1.31492	-1.34132	-1.37175	-1.39014	-1.39914	-1.38136	-1.33254	-1.26851	-1.19346	-1.14395	-1.11569	-1.10236	-1.10164	-1.08736	-1.05069	-0.975038	-0.845579	-0.672014	-0.451496	-0.184856	0.099759	0.38347	0.658173	0.894373	1.05939	1.14946	1.1727	1.12175	0.986366	0.78257	0.55478	0.350774	0.198372	0.100847	0.0463528	0.0193743	0.00740415	0.00260014	0.000842868	0.000253248	7.07882e-05	1.84695e-05	4.51172e-06	1.0347e-06	2.2334e-07	4.54766e-08	8.75379e-09	1.596e-09	2.76105e-10	4.53989e-11	7.10582e-12	1.06025e-12	1.51011e-13	2.05571e-14	2.67785e-15	3.34165e-16	3.99838e-17	4.53988e-18	0	
0	-0.439542	-0.846226	-1.20517	-1.50144	-1.72528	-1.86906	-1.93972	-1.9726	-1.97366	-1.92979	-1.83754	-1.70508	-1.57377	-1.46003	-1.38596	-1.35162	-1.33993	-1.34209	-1.33826	-1.33795	-1.32847	-1.31891	-1.3012	-1.28972	-1.27223	-1.25966	-1.24904	-1.24002	-1.23658	-1.23494	-1.23845	-1.24502	-1.2542	-1.26813	-1.28098	-1.29751	-1.31225	-1.32444	-1.33412	-1.33727	-1.33516	-1.32709	-1.31014	-1.29171	-1.26549	-1.23504	-1.17146	-1.08267	-0.974164	-0.873122	-0.812008	-0.793471	-0.815035	-0.850033	-0.879035	-0.883946	-0.833818	-0.725171	-0.560339	-0.332893	-0.063304	0.219636	0.505127	0.771048	0.97839	1.10887	1.16896	1.15776	1.06173	0.88353	0.658464	0.43754	0.2596	0.138141	0.0662997	0.0288675	0.011467	0.00417725	0.00140211	0.000435495	0.000125651	3.37946e-05	8.49942e-06	2.00464e-06	4.44547e-07	9.29108e-08	1.83412e-08	3.42668e-09	6.07026e-10	1.02135e-10	1.63479e-11	2.49297e-12	3.62693e-13	5.04068e-14	6.70032e-15	8.52811e-16	1.04031e-16	1.20324e-17	0	
0	-0.356507	-0.696782	-0.99006	-1.22999	-1.42883	-1.56844	-1.65288	-1.72398	-1.77606	-1.77718	-1.70508	-1.56747	-1.41304	-1.29027	-1.23143	-1.2207	-1.2384	-1.25953	-1.2835	-1.30034	-1.31026	-1.3139	-1.31612	-1.31307	-1.31032	-1.30592	-1.30418	-1.29912	-1.30051	-1.29799	-1.30018	-1.30283	-1.30422	-1.31015	-1.3113	-1.31543	-1.31462	-1.31285	-1.30318	-1.28982	-1.26034	-1.2269	-1.17713	-1.11781	-1.05178	-0.993202	-0.932416	-0.851858	-0.751818	-0.648746	-0.575073	-0.548434	-0.582418	-0.655839	-0.734508	-0.799612	-0.816822	-0.76659	-0.651781	-0.46534	-0.217068	0.0606628	0.350306	0.636289	0.880412	1.05108	1.14724	1.17308	1.11673	0.970565	0.757893	0.527922	0.327952	0.182358	0.091252	0.041334	0.0170455	0.00643394	0.00223378	0.000716522	0.000213199	5.90577e-05	1.528e-05	3.70352e-06	8.43176e-07	1.80759e-07	3.65714e-08	6.99742e-09	1.26858e-09	2.18296e-10	3.57137e-11	5.56344e-12	8.26397e-13	1.17205e-13	1.58912e-14	2.06217e-15	2.56368e-16	3.0194e-17	0	
0	-0.272057	-0.544096	-0.778362	-0.975441	-1.15881	-1.3112	-1.43418	-1.54355	-1.62242	-1.64647	-1.57377	-1.41304	-1.23805	-1.10693	-1.04619	-1.03381	-1.04801	-1.07697	-1.11289	-1.14411	-1.17346	-1.19775	-1.21839	-1.23313	-1.24713	-1.25541	-1.26251	-1.26662	-1.26874	-1.26913	-1.26751	-1.26412	-1.2586	-1.25026	-1.23963	-1.2245	-1.20658	-1.18295	-1.15413	-1.12204	-1.07973	-1.02826	-0.970512	-0.89802	-0.813133	-0.735373	-0.675753	-0.62398	-0.559471	-0.478274	-0.415397	-0.389975	-0.419531	-0.505368	-0.613376	-0.718213	-0.787045	-0.788479	-0.720013	-0.575856	-0.355515	-0.0885556	0.199651	0.496622	0.769824	0.978555	1.11034	1.1707	1.15235	1.04163	0.849289	0.618434	0.40134	0.232751	0.121228	0.0570387	0.0243848	0.00952459	0.00341626	0.0011304	0.000346491	9.87544e-05	2.62601e-05	6.53492e-06	1.52615e-06	3.35326e-07	6.94797e-08	1.36048e-08	2.52245e-09	4.43644e-10	7.41407e-11	1.17914e-11	1.78729e-12	2.58541e-13	3.57376e-14	4.72604e-15	5.98499e-16	7.17458e-17	0	
0	-0.190007	-0.390007	-0.569795	-0.737702	-0.918535	-1.09921	-1.26978	-1.41665	-1.5213	-1.55032	-1.46003	-1.29027	-1.10693	-0.961918	-0.873889	-0.821183	-0.812316	-0.833575	-0.874776	-0.91626	-0.960693	-1.00025	-1.03523	-1.06378	-1.08783	-1.10476	-1.11897	-1.12686	-1.13211	-1.1327	-1.12937	-1.12279	-1.11062	-1.09494	-1.07419	-1.04622	-1.01552	-0.977084	-0.931404	-0.885193	-0.833273	-0.777428	-0.723862	-0.670958	-0.599729	-0.52064	-0.461971	-0.428342	-0.409303	-0.371241	-0.323861	-0.298538	-0.318055	-0.396647	-0.511788	-0.637414	-0.743102	-0.788875	-0.763288	-0.661716	-0.475133	-0.224934	0.0572492	0.357716	0.651453	0.894124	1.06072	1.15365	1.17066	1.09624	0.929961	0.705847	0.47737	0.288133	0.155917	0.0760717	0.0336619	0.0135859	0.00502735	0.00171376	0.000540487	0.000158316	4.322e-05	1.10315e-05	2.64012e-06	5.93991e-07	1.25933e-07	2.52146e-08	4.77737e-09	8.58137e-10	1.46386e-10	2.37528e-11	3.67148e-12	5.41357e-13	7.6244e-14	1.02691e-14	1.32401e-15	1.61462e-16	0	
0	-0.111514	-0.237671	-0.369775	-0.521308	-0.706844	-0.921775	-1.14576	-1.33028	-1.44621	-1.46979	-1.38596	-1.23143	-1.04619	-0.873889	-0.724023	-0.624499	-0.595256	-0.611103	-0.645954	-0.681504	-0.729478	-0.766428	-0.801912	-0.830519	-0.856701	-0.874695	-0.891109	-0.90094	-0.90588	-0.908677	-0.902644	-0.896488	-0.882628	-0.863746	-0.843435	-0.813363	-0.779773	-0.74508	-0.697478	-0.650155	-0.602833	-0.54502	-0.491333	-0.455756	-0.426316	-0.37518	-0.324784	-0.297677	-0.297398	-0.29743	-0.280135	-0.25883	-0.261352	-0.320278	-0.427492	-0.558447	-0.687658	-0.770354	-0.783482	-0.722758	-0.573916	-0.346489	-0.0743816	0.223981	0.530099	0.801043	1.00077	1.12471	1.1742	1.1351	0.998374	0.787484	0.55361	0.347004	0.194694	0.0983223	0.0449567	0.0187186	0.00713536	0.00250231	0.000810902	0.000243798	6.82472e-05	1.78462e-05	4.37211e-06	1.0062e-06	2.18064e-07	4.4603e-08	8.62816e-09	1.5815e-09	2.75157e-10	4.55153e-11	7.16898e-12	1.0767e-12	1.54399e-13	2.11663e-14	2.77661e-15	3.44255e-16	0	
0	-0.0367567	-0.0936127	-0.186202	-0.327238	-0.522192	-0.775189	-1.04373	-1.25315	-1.38161	-1.41456	-1.35162	-1.2207	-1.03381	-0.821183	-0.624499	-0.505109	-0.459185	-0.449134	-0.450832	-0.477434	-0.50863	-0.533225	-0.56084	-0.590134	-0.607366	-0.630596	-0.641625	-0.654155	-0.657979	-0.65942	-0.656507	-0.645269	-0.636886	-0.615306	-0.597199	-0.574097	-0.542865	-0.516939	-0.486439	-0.446143	-0.418032	-0.385267	-0.33765	-0.299699	-0.287871	-0.274768	-0.246319	-0.223358	-0.231718	-0.250331	-0.253549	-0.244257	-0.236531	-0.27079	-0.359718	-0.483993	-0.62451	-0.736913	-0.784785	-0.761333	-0.651296	-0.451805	-0.193749	0.0984553	0.410021	0.7028	0.932881	1.08637	1.16566	1.15976	1.05406	0.861384	0.627812	0.407699	0.23668	0.123477	0.0582324	0.0249708	0.00978959	0.00352646	0.00117254	0.000361336	0.000103584	2.77153e-05	6.94229e-06	1.63244e-06	3.61247e-07	7.54051e-08	1.48778e-08	2.7801e-09	4.92878e-10	8.30422e-11	1.3317e-11	2.03559e-12	2.96982e-13	4.1407e-14	5.52264e-15	6.9566e-16	0	
0	0.0314756	0.03605	-0.0224349	-0.156699	-0.365704	-0.649704	-0.948563	-1.18196	-1.32231	-1.366	-1.33993	-1.2384	-1.04801	-0.812316	-0.595256	-0.459185	-0.375257	-0.32335	-0.306853	-0.323261	-0.334205	-0.352789	-0.378158	-0.397112	-0.41125	-0.432197	-0.438229	-0.449723	-0.454232	-0.4522	-0.454278	-0.441788	-0.4362	-0.420472	-0.401808	-0.38671	-0.362108	-0.33858	-0.323298	-0.296062	-0.273261	-0.265726	-0.249323	-0.217057	-0.207166	-0.209103	-0.205611	-0.188289	-0.189079	-0.217574	-0.237735	-0.240035	-0.228411	-0.240697	-0.308136	-0.418677	-0.558981	-0.692248	-0.771119	-0.781255	-0.708511	-0.540206	-0.29993	-0.0169503	0.294626	0.60282	0.859556	1.04092	1.14758	1.17221	1.09742	0.926349	0.698085	0.468545	0.280816	0.151037	0.0733283	0.0323255	0.0130115	0.00480669	0.0016373	0.000516408	0.000151387	4.13902e-05	1.05867e-05	2.54039e-06	5.73356e-07	1.21996e-07	2.45243e-08	4.66695e-09	8.42259e-10	1.444e-10	2.35549e-11	3.66116e-12	5.42968e-13	7.69308e-14	1.04238e-14	1.33299e-15	0	
0	0.0913074	0.148883	0.119264	-0.0120834	-0.235149	-0.540032	-0.857679	-1.10542	-1.25787	-1.33125	-1.34209	-1.25953	-1.07697	-0.833575	-0.611103	-0.449134	-0.32335	-0.251187	-0.228746	-0.232504	-0.227941	-0.245981	-0.258241	-0.265767	-0.278614	-0.288434	-0.291451	-0.300215	-0.300954	-0.300227	-0.301942	-0.293898	-0.29058	-0.282699	-0.271401	-0.260207	-0.252602	-0.228089	-0.223925	-0.2087	-0.190394	-0.1818	-0.190682	-0.176501	-0.165811	-0.171903	-0.179015	-0.175707	-0.171953	-0.194582	-0.220928	-0.235493	-0.229459	-0.225484	-0.269745	-0.363879	-0.496903	-0.641436	-0.745944	-0.786113	-0.747936	-0.612044	-0.392539	-0.121152	0.186415	0.504195	0.783295	0.990471	1.12232	1.17463	1.12946	0.981893	0.762989	0.527986	0.325953	0.180359	0.0899647	0.0406944	0.0167877	0.00634921	0.00221201	0.000712957	0.000213417	5.95391e-05	1.55294e-05	3.79779e-06	8.73097e-07	1.8914e-07	3.86935e-08	7.49034e-09	1.3746e-09	2.39556e-10	3.97087e-11	6.26981e-12	9.4431e-13	1.3584e-13	1.86819e-14	2.4233e-15	0	
0	0.14267	0.243463	0.236413	0.106677	-0.12616	-0.440898	-0.766333	-1.02716	-1.19901	-1.29782	-1.33826	-1.2835	-1.11289	-0.874776	-0.645954	-0.450832	-0.306853	-0.228746	-0.202255	-0.179346	-0.170125	-0.179184	-0.178865	-0.179226	-0.192591	-0.187086	-0.197372	-0.196704	-0.198017	-0.200935	-0.195029	-0.199817	-0.188547	-0.191572	-0.184741	-0.175876	-0.18092	-0.168943	-0.163659	-0.166705	-0.15726	-0.143017	-0.148111	-0.152681	-0.147409	-0.154764	-0.165557	-0.167912	-0.16047	-0.17902	-0.209566	-0.229316	-0.230268	-0.220083	-0.244011	-0.319269	-0.440727	-0.589236	-0.713355	-0.779401	-0.772282	-0.668416	-0.471723	-0.213712	0.0870518	0.409514	0.706501	0.937036	1.092	1.16917	1.1516	1.02812	0.821562	0.584676	0.370939	0.210699	0.107759	0.0499186	0.0210665	0.0081426	0.00289659	0.000952513	0.000290693	8.26278e-05	2.19455e-05	5.46211e-06	1.27739e-06	2.81374e-07	5.85069e-08	1.15074e-08	2.14493e-09	3.79547e-10	6.38613e-11	1.02325e-11	1.56352e-12	2.28125e-13	3.18141e-14	4.18206e-15	0	
0	0.184903	0.31902	0.330023	0.203503	-0.0344963	-0.352117	-0.678957	-0.948429	-1.13807	-1.26697	-1.33795	-1.30034	-1.14411	-0.91626	-0.681504	-0.477434	-0.323261	-0.232504	-0.179346	-0.143683	-0.139112	-0.137723	-0.133491	-0.138442	-0.143669	-0.13961	-0.149114	-0.145763	-0.147244	-0.151372	-0.143532	-0.150774	-0.142071	-0.142635	-0.141087	-0.134913	-0.132701	-0.13524	-0.12721	-0.131885	-0.137823	-0.136286	-0.136615	-0.139807	-0.133853	-0.142131	-0.155635	-0.166387	-0.159788	-0.165985	-0.195362	-0.222722	-0.230945	-0.218836	-0.228131	-0.285467	-0.392091	-0.538441	-0.676726	-0.764625	-0.784577	-0.710948	-0.538041	-0.294661	-0.00250854	0.320793	0.631369	0.88249	1.05852	1.15788	1.16544	1.06559	0.87329	0.63754	0.414686	0.241263	0.126248	0.0597745	0.025757	0.010156	0.00368253	0.00123343	0.000383162	0.000110796	2.99201e-05	7.56821e-06	1.79798e-06	4.02165e-07	8.4885e-08	1.69419e-08	3.20351e-09	5.74892e-10	9.80737e-11	1.59289e-11	2.46659e-12	3.64639e-13	5.15129e-14	6.8556e-15	0	
0	0.218041	0.377346	0.403127	0.280503	0.04098	-0.272201	-0.594261	-0.872276	-1.0826	-1.23656	-1.32847	-1.31026	-1.17346	-0.960693	-0.729478	-0.50863	-0.334205	-0.227941	-0.170125	-0.139112	-0.129348	-0.123689	-0.12038	-0.123251	-0.121042	-0.121019	-0.123027	-0.120497	-0.122328	-0.121854	-0.120949	-0.122373	-0.120822	-0.121833	-0.120791	-0.122095	-0.119367	-0.121833	-0.117488	-0.119631	-0.117918	-0.119154	-0.126582	-0.139137	-0.133553	-0.134951	-0.14837	-0.161664	-0.15769	-0.159724	-0.184552	-0.214174	-0.230346	-0.219767	-0.218069	-0.260493	-0.35235	-0.491808	-0.638675	-0.744553	-0.787767	-0.741689	-0.592431	-0.364358	-0.0818509	0.239483	0.559797	0.828573	1.02356	1.1426	1.17264	1.09515	0.91805	0.68578	0.456227	0.271257	0.14492	0.069987	0.0307328	0.0123389	0.00455231	0.0015504	0.000489439	0.000143747	3.9409e-05	1.01157e-05	2.43777e-06	5.52926e-07	1.18307e-07	2.39295e-08	4.5843e-09	8.333e-10	1.43958e-10	2.36726e-11	3.71065e-12	5.55172e-13	7.93616e-14	1.06818e-14	0	
0	0.243286	0.420607	0.457737	0.340534	0.104405	-0.20063	-0.516462	-0.799767	-1.0293	-1.20983	-1.31891	-1.3139	-1.19775	-1.00025	-0.766428	-0.533225	-0.352789	-0.245981	-0.179184	-0.137723	-0.123689	-0.115338	-0.108634	-0.108589	-0.106448	-0.105076	-0.106282	-0.104577	-0.105198	-0.105774	-0.104183	-0.106427	-0.105111	-0.105939	-0.107723	-0.107675	-0.109005	-0.114701	-0.111654	-0.117426	-0.122298	-0.117578	-0.117037	-0.131322	-0.131429	-0.131823	-0.14071	-0.159185	-0.160213	-0.154866	-0.173766	-0.204352	-0.228075	-0.222795	-0.213176	-0.241812	-0.320106	-0.450928	-0.601866	-0.721683	-0.784412	-0.762762	-0.636111	-0.423416	-0.150956	0.166538	0.493346	0.776854	0.988626	1.12497	1.17477	1.11785	0.956015	0.728873	0.494745	0.299925	0.16324	0.080244	0.0358381	0.0146234	0.00547954	0.00189428	0.000606675	0.000180681	5.02091e-05	1.30586e-05	3.18755e-06	7.32089e-07	1.5857e-07	3.24597e-08	6.29194e-09	1.15697e-09	2.02153e-10	3.3615e-11	5.3273e-12	8.05722e-13	1.16413e-13	1.58294e-14	0	
0	0.261437	0.451037	0.497683	0.387391	0.156575	-0.137939	-0.444708	-0.73544	-0.985216	-1.18051	-1.3012	-1.31612	-1.21839	-1.03523	-0.801912	-0.56084	-0.378158	-0.258241	-0.178865	-0.133491	-0.12038	-0.108634	-0.102383	-0.105358	-0.101682	-0.101588	-0.103146	-0.100875	-0.101916	-0.10236	-0.100684	-0.102824	-0.101625	-0.101994	-0.102571	-0.104204	-0.100407	-0.109538	-0.104453	-0.109493	-0.116207	-0.120451	-0.114511	-0.128014	-0.130719	-0.129879	-0.137797	-0.152879	-0.158049	-0.153555	-0.168244	-0.196241	-0.22295	-0.223872	-0.211698	-0.229504	-0.294792	-0.415833	-0.567806	-0.698193	-0.77688	-0.776243	-0.670422	-0.472603	-0.210077	0.102508	0.433233	0.728702	0.955055	1.10641	1.17331	1.13479	0.987576	0.766525	0.52958	0.326578	0.18068	0.090215	0.0408966	0.0169272	0.00643018	0.00225237	0.000730582	0.000220275	6.19462e-05	1.62992e-05	4.02382e-06	9.34418e-07	2.04592e-07	4.23263e-08	8.29012e-09	1.54003e-09	2.71798e-10	4.56446e-11	7.30453e-12	1.11543e-12	1.62693e-13	2.23237e-14	0	
0	0.273884	0.471784	0.526026	0.42254	0.199254	-0.0831694	-0.382987	-0.679151	-0.941687	-1.15477	-1.28972	-1.31307	-1.23313	-1.06378	-0.830519	-0.590134	-0.397112	-0.265767	-0.179226	-0.138442	-0.123251	-0.108589	-0.105358	-0.107191	-0.0988714	-0.103389	-0.0997301	-0.0990069	-0.100686	-0.0976711	-0.101406	-0.0978367	-0.102974	-0.100536	-0.102317	-0.107411	-0.101043	-0.109093	-0.107275	-0.105484	-0.109795	-0.116189	-0.116213	-0.124897	-0.129907	-0.12731	-0.132694	-0.15108	-0.159286	-0.15132	-0.16117	-0.188797	-0.21943	-0.225172	-0.210953	-0.22074	-0.275637	-0.387027	-0.537603	-0.675601	-0.76711	-0.784083	-0.696759	-0.512768	-0.259628	0.0476346	0.380364	0.685275	0.923995	1.08817	1.16956	1.14703	1.01325	0.798633	0.56023	0.350612	0.196738	0.0995677	0.0457216	0.0191589	0.00736448	0.00260913	0.000855641	0.000260735	7.40844e-05	1.96894e-05	4.90851e-06	1.1508e-06	2.54336e-07	5.31017e-08	1.04946e-08	1.96686e-09	3.50161e-10	5.93109e-11	9.5721e-12	1.47393e-12	2.1676e-13	2.99774e-14	0	
0	0.282078	0.484982	0.545102	0.448994	0.234131	-0.0376639	-0.330575	-0.630793	-0.907408	-1.13175	-1.27223	-1.31032	-1.24713	-1.08783	-0.856701	-0.607366	-0.41125	-0.278614	-0.192591	-0.143669	-0.121042	-0.106448	-0.101682	-0.0988714	-0.095614	-0.0965844	-0.0946845	-0.0941894	-0.0957136	-0.0927764	-0.0963221	-0.0934258	-0.0959548	-0.0960016	-0.0963272	-0.0994622	-0.100067	-0.104862	-0.106796	-0.110426	-0.114306	-0.113914	-0.108965	-0.121458	-0.129642	-0.128423	-0.130576	-0.145912	-0.157905	-0.151427	-0.158329	-0.18256	-0.213892	-0.225408	-0.211942	-0.215195	-0.261057	-0.363867	-0.512016	-0.655227	-0.756681	-0.787961	-0.716454	-0.544778	-0.300107	0.0019509	0.335376	0.647521	0.896428	1.07127	1.16465	1.15559	1.03361	0.825225	0.586328	0.371521	0.210963	0.107985	0.050127	0.0212237	0.00823963	0.00294723	0.000975476	0.000299918	8.59596e-05	2.3039e-05	5.79099e-06	1.36865e-06	3.04872e-07	6.4146e-08	1.27737e-08	2.41191e-09	4.32557e-10	7.37989e-11	1.19956e-11	1.86017e-12	2.75468e-13	3.83509e-14	0	
0	0.28699	0.492927	0.557892	0.468236	0.260848	-0.000856277	-0.287591	-0.592016	-0.878489	-1.11181	-1.25966	-1.30592	-1.25541	-1.10476	-0.874695	-0.630596	-0.432197	-0.288434	-0.187086	-0.13961	-0.121019	-0.105076	-0.101588	-0.103389	-0.0965844	-0.10079	-0.0976067	-0.0977977	-0.0984416	-0.0967561	-0.0992631	-0.0963773	-0.100878	-0.0977153	-0.0997454	-0.103039	-0.0964597	-0.103803	-0.102841	-0.100288	-0.108182	-0.118958	-0.114261	-0.119625	-0.127455	-0.126507	-0.128661	-0.142625	-0.157562	-0.151892	-0.154835	-0.177471	-0.210191	-0.225214	-0.212566	-0.211694	-0.250631	-0.345991	-0.491248	-0.637928	-0.746864	-0.789314	-0.730711	-0.569453	-0.332023	-0.0346412	0.298692	0.616184	0.873164	1.05656	1.15952	1.16134	1.04921	0.846417	0.607624	0.388894	0.222962	0.11518	0.0539376	0.0230294	0.00901285	0.00324884	0.00108336	0.000335505	9.68359e-05	2.61318e-05	6.61228e-06	1.57296e-06	3.52623e-07	7.46582e-08	1.49587e-08	2.84159e-09	5.12657e-10	8.79795e-11	1.43836e-11	2.24328e-12	3.34085e-13	4.67636e-14	0	
0	0.289872	0.497439	0.565683	0.481419	0.28124	0.0275382	-0.255904	-0.563053	-0.854954	-1.09447	-1.24904	-1.30418	-1.26251	-1.11897	-0.891109	-0.641625	-0.438229	-0.291451	-0.197372	-0.149114	-0.123027	-0.106282	-0.103146	-0.0997301	-0.0946845	-0.0976067	-0.0935372	-0.093618	-0.0954632	-0.0909543	-0.0967795	-0.0916795	-0.096191	-0.0960863	-0.0955374	-0.101017	-0.100176	-0.103539	-0.107378	-0.107437	-0.108313	-0.111517	-0.109531	-0.117096	-0.128135	-0.126796	-0.127873	-0.14193	-0.155675	-0.15037	-0.153752	-0.174631	-0.206553	-0.224506	-0.213327	-0.20961	-0.243376	-0.332917	-0.475466	-0.624307	-0.738585	-0.789281	-0.740558	-0.587517	-0.35585	-0.0623002	0.270575	0.591826	0.854849	1.04473	1.15491	1.16501	1.06058	0.862361	0.623957	0.402413	0.232411	0.120906	0.056999	0.0244927	0.00964452	0.00349712	0.00117281	0.000365215	0.000105977	2.87479e-05	7.31128e-06	1.74791e-06	3.93753e-07	8.37651e-08	1.68622e-08	3.21802e-09	5.83216e-10	1.00538e-10	1.65098e-11	2.58617e-12	3.8682e-13	5.43697e-14	0	
0	0.291359	0.499638	0.570221	0.490157	0.29483	0.0463335	-0.233366	-0.541526	-0.840358	-1.08554	-1.24002	-1.29912	-1.26662	-1.12686	-0.90094	-0.654155	-0.449723	-0.300215	-0.196704	-0.145763	-0.120497	-0.104577	-0.100875	-0.0990069	-0.0941894	-0.0977977	-0.093618	-0.09531	-0.0951934	-0.0933402	-0.0967736	-0.0928506	-0.097731	-0.0947975	-0.0969003	-0.0991424	-0.0968411	-0.100533	-0.103954	-0.102276	-0.108575	-0.115829	-0.111846	-0.117325	-0.126338	-0.126715	-0.126029	-0.137944	-0.156474	-0.15246	-0.151896	-0.171156	-0.204159	-0.224409	-0.21404	-0.208358	-0.238639	-0.324182	-0.464691	-0.614778	-0.732508	-0.788714	-0.746803	-0.599561	-0.371981	-0.0811934	0.251178	0.57485	0.841964	1.03629	1.1514	1.16719	1.06812	0.87321	0.635232	0.411844	0.239062	0.124967	0.0591854	0.0255444	0.0101012	0.00367761	0.00123819	0.000387037	0.000112723	3.06877e-05	7.83197e-06	1.8788e-06	4.24657e-07	9.0637e-08	1.83046e-08	3.50439e-09	6.37109e-10	1.10169e-10	1.81465e-11	2.85114e-12	4.27725e-13	6.02907e-14	0	
0	0.292024	0.500668	0.572453	0.494442	0.302061	0.0572152	-0.22139	-0.531634	-0.83098	-1.07641	-1.23658	-1.30051	-1.26874	-1.13211	-0.90588	-0.657979	-0.454232	-0.300954	-0.198017	-0.147244	-0.122328	-0.105198	-0.101916	-0.100686	-0.0957136	-0.0984416	-0.0954632	-0.0951934	-0.0965335	-0.0934854	-0.0972924	-0.0939744	-0.0972945	-0.0969031	-0.0965459	-0.101049	-0.0979547	-0.102354	-0.103702	-0.102785	-0.106453	-0.11473	-0.110857	-0.114688	-0.126502	-0.1259	-0.127296	-0.139318	-0.154267	-0.150668	-0.151992	-0.171055	-0.20297	-0.22352	-0.214061	-0.207979	-0.236369	-0.319473	-0.458783	-0.609546	-0.729079	-0.788201	-0.750015	-0.606006	-0.380703	-0.0914578	0.24058	0.565515	0.834837	1.03157	1.14936	1.16825	1.07214	0.879087	0.641396	0.417035	0.242743	0.127225	0.0604063	0.026134	0.0103582	0.00377952	0.00127522	0.000399437	0.000116568	3.17965e-05	8.13043e-06	1.95403e-06	4.42468e-07	9.46077e-08	1.91401e-08	3.67071e-09	6.68486e-10	1.15789e-10	1.91041e-11	3.00653e-12	4.51771e-13	6.37792e-14	0	
0	0.29224	0.500787	0.57255	0.495187	0.303711	0.0588435	-0.219738	-0.528957	-0.829845	-1.0776	-1.23494	-1.29799	-1.26913	-1.1327	-0.908677	-0.65942	-0.4522	-0.300227	-0.200935	-0.151372	-0.121854	-0.105774	-0.10236	-0.0976711	-0.0927764	-0.0967561	-0.0909543	-0.0933402	-0.0934854	-0.0901035	-0.0957849	-0.0899309	-0.0959646	-0.0939043	-0.0950824	-0.0990177	-0.0989867	-0.100587	-0.107263	-0.105931	-0.107466	-0.111372	-0.1103	-0.116713	-0.126965	-0.126722	-0.125572	-0.137927	-0.155427	-0.151814	-0.151686	-0.169773	-0.20237	-0.224048	-0.214494	-0.207759	-0.235779	-0.318655	-0.457877	-0.608744	-0.728489	-0.788044	-0.750513	-0.607094	-0.382179	-0.0931746	0.238817	0.56396	0.833645	1.03078	1.14901	1.16842	1.0728	0.880066	0.642425	0.417903	0.243359	0.127603	0.0606111	0.026233	0.0104013	0.00379665	0.00128145	0.000401524	0.000117216	3.19834e-05	8.18074e-06	1.96672e-06	4.45474e-07	9.52782e-08	1.92813e-08	3.69883e-09	6.73794e-10	1.16741e-10	1.92663e-11	3.03287e-12	4.55849e-13	6.43712e-14	0	
0	0.291845	0.50024	0.571274	0.492174	0.298328	0.0518613	-0.227034	-0.536561	-0.835891	-1.08076	-1.23845	-1.30018	-1.26751	-1.12937	-0.902644	-0.656507	-0.454278	-0.301942	-0.195029	-0.143532	-0.120949	-0.104183	-0.100684	-0.101406	-0.0963221	-0.0992631	-0.0967795	-0.0967736	-0.0972924	-0.0957849	-0.0978617	-0.0956862	-0.0987753	-0.0969249	-0.0980076	-0.100725	-0.0961946	-0.101839	-0.101286	-0.0997603	-0.107066	-0.118	-0.112432	-0.115462	-0.125934	-0.125765	-0.127066	-0.138435	-0.15518	-0.151859	-0.151741	-0.171192	-0.203978	-0.22376	-0.213759	-0.20834	-0.237569	-0.32164	-0.46176	-0.612359	-0.730805	-0.788311	-0.748354	-0.602862	-0.376433	-0.0863567	0.245894	0.570207	0.838417	1.03394	1.15039	1.16773	1.07014	0.876159	0.638315	0.414434	0.240895	0.126089	0.0597911	0.0258365	0.0102283	0.00372795	0.00125645	0.000393146	0.000114615	3.12326e-05	7.97847e-06	1.91569e-06	4.33382e-07	9.258e-08	1.87131e-08	3.58562e-09	6.5242e-10	1.12909e-10	1.8613e-11	2.92678e-12	4.3942e-13	6.19861e-14	0	
0	0.290904	0.498576	0.567372	0.485201	0.288033	0.0365076	-0.24626	-0.553703	-0.847945	-1.08984	-1.24502	-1.30283	-1.26412	-1.12279	-0.896488	-0.645269	-0.441788	-0.293898	-0.199817	-0.150774	-0.122373	-0.106427	-0.102824	-0.0978367	-0.0934258	-0.0963773	-0.0916795	-0.0928506	-0.0939744	-0.0899309	-0.0956862	-0.0904616	-0.0951669	-0.094908	-0.0946805	-0.0996208	-0.0998951	-0.10229	-0.107887	-0.108549	-0.108894	-0.110896	-0.109069	-0.116695	-0.128192	-0.126937	-0.127153	-0.14137	-0.155496	-0.150525	-0.153393	-0.17307	-0.205109	-0.224486	-0.213899	-0.209207	-0.240987	-0.328611	-0.470714	-0.620334	-0.735824	-0.788789	-0.743339	-0.593154	-0.363352	-0.0709454	0.261788	0.584163	0.849035	1.04093	1.15335	1.16605	1.06405	0.867316	0.629082	0.406684	0.235413	0.122734	0.0579806	0.0249637	0.0098486	0.0035776	0.0012019	0.000374907	0.000108968	2.96063e-05	7.54131e-06	1.80564e-06	4.07361e-07	8.67864e-08	1.74954e-08	3.34355e-09	6.06806e-10	1.04748e-10	1.72243e-11	2.70168e-12	4.04629e-13	5.69444e-14	0	
0	0.288621	0.49518	0.561219	0.473802	0.269749	0.0118139	-0.273067	-0.578863	-0.869222	-1.10546	-1.2542	-1.30422	-1.2586	-1.11062	-0.882628	-0.636886	-0.4362	-0.29058	-0.188547	-0.142071	-0.120822	-0.105111	-0.101625	-0.102974	-0.0959548	-0.100878	-0.096191	-0.097731	-0.0972945	-0.0959646	-0.0987753	-0.0951669	-0.100436	-0.0968907	-0.0991141	-0.102557	-0.0970868	-0.103333	-0.103377	-0.100864	-0.107127	-0.117593	-0.113542	-0.119772	-0.127625	-0.126127	-0.128161	-0.140508	-0.156799	-0.153005	-0.153973	-0.175513	-0.209163	-0.224985	-0.212599	-0.210925	-0.247326	-0.339881	-0.484523	-0.632422	-0.743242	-0.789033	-0.735006	-0.577613	-0.34269	-0.0468214	0.28644	0.605618	0.865232	1.05146	1.15759	1.16304	1.05426	0.853432	0.614765	0.394775	0.227056	0.117651	0.0552544	0.0236568	0.0092829	0.00335468	0.00112139	0.000348104	0.000100703	2.72359e-05	6.90662e-06	1.64647e-06	3.69866e-07	7.84683e-08	1.57534e-08	2.99844e-09	5.42001e-10	9.31925e-11	1.52645e-11	2.38508e-12	3.55854e-13	4.98981e-14	0	
0	0.284626	0.488709	0.550411	0.457172	0.246337	-0.021324	-0.312998	-0.614823	-0.893914	-1.12225	-1.26813	-1.31015	-1.25026	-1.09494	-0.863746	-0.615306	-0.420472	-0.282699	-0.191572	-0.142635	-0.121833	-0.105939	-0.101994	-0.100536	-0.0960016	-0.0977153	-0.0960863	-0.0947975	-0.0969031	-0.0939043	-0.0969249	-0.094908	-0.0968907	-0.0971022	-0.0973923	-0.10065	-0.0988847	-0.105196	-0.105285	-0.107358	-0.11234	-0.115711	-0.110573	-0.118808	-0.128511	-0.127413	-0.130184	-0.146654	-0.157707	-0.150069	-0.156795	-0.180958	-0.212205	-0.225024	-0.212417	-0.213947	-0.256131	-0.355713	-0.503446	-0.648355	-0.752455	-0.788294	-0.722645	-0.555712	-0.314089	-0.0138247	0.31973	0.634229	0.886588	1.06508	1.16259	1.1582	1.04042	0.834362	0.595439	0.378909	0.216039	0.111015	0.051725	0.021978	0.00856144	0.00307232	0.00102007	0.000314582	9.04277e-05	2.43058e-05	6.12643e-06	1.45187e-06	3.24268e-07	6.84048e-08	1.36566e-08	2.5851e-09	4.64763e-10	7.94867e-11	1.29511e-11	2.01311e-12	2.98814e-13	4.16942e-14	0	
0	0.277721	0.477854	0.534355	0.433717	0.214163	-0.0633236	-0.360198	-0.658796	-0.928515	-1.1459	-1.28098	-1.3113	-1.23963	-1.07419	-0.843435	-0.597199	-0.401808	-0.271401	-0.184741	-0.141087	-0.120791	-0.107723	-0.102571	-0.102317	-0.0963272	-0.0997454	-0.0955374	-0.0969003	-0.0965459	-0.0950824	-0.0980076	-0.0946805	-0.0991141	-0.0973923	-0.098591	-0.103106	-0.100307	-0.10596	-0.106775	-0.108347	-0.111616	-0.114845	-0.112277	-0.124881	-0.130738	-0.127975	-0.131765	-0.147085	-0.158098	-0.152777	-0.160162	-0.185489	-0.217228	-0.225527	-0.211366	-0.218265	-0.268948	-0.376882	-0.52721	-0.667508	-0.76268	-0.785581	-0.705311	-0.526764	-0.277103	0.0282105	0.361443	0.669499	0.912523	1.0812	1.1677	1.15087	1.02203	0.809949	0.571237	0.359369	0.202659	0.103052	0.0475362	0.0200055	0.00772174	0.00274658	0.000904166	0.000276542	7.88573e-05	2.10309e-05	5.26073e-06	1.23746e-06	2.74373e-07	5.74668e-08	1.13926e-08	2.14168e-09	3.82429e-10	6.49679e-11	1.05156e-11	1.62387e-12	2.39487e-13	3.32102e-14	0	
0	0.266955	0.460266	0.510107	0.402533	0.174933	-0.114559	-0.419111	-0.712199	-0.966488	-1.16987	-1.29751	-1.31543	-1.2245	-1.04622	-0.813363	-0.574097	-0.38671	-0.260207	-0.175876	-0.134913	-0.122095	-0.107675	-0.104204	-0.107411	-0.0994622	-0.103039	-0.101017	-0.0991424	-0.101049	-0.0990177	-0.100725	-0.0996208	-0.102557	-0.10065	-0.103106	-0.10605	-0.100022	-0.109857	-0.105761	-0.10522	-0.111198	-0.118749	-0.116601	-0.126429	-0.129389	-0.128031	-0.135718	-0.152925	-0.159042	-0.15225	-0.164838	-0.193259	-0.221675	-0.224332	-0.211375	-0.225676	-0.286155	-0.403471	-0.55564	-0.689228	-0.772824	-0.779565	-0.681847	-0.489978	-0.231232	0.0794107	0.411225	0.710759	0.942294	1.09903	1.17204	1.14023	0.998559	0.780059	0.54237	0.336526	0.18728	0.0940353	0.0428561	0.0178287	0.00680569	0.00239507	0.000780374	0.000236313	6.67372e-05	1.76318e-05	4.37017e-06	1.0188e-06	2.23916e-07	4.64965e-08	9.14015e-09	1.70402e-09	3.01799e-10	5.08584e-11	8.16664e-12	1.25127e-12	1.8311e-13	2.52047e-14	0	
0	0.251117	0.43391	0.475261	0.36087	0.126613	-0.174329	-0.486653	-0.773221	-1.01102	-1.19808	-1.31225	-1.31462	-1.20658	-1.01552	-0.779773	-0.542865	-0.362108	-0.252602	-0.18092	-0.132701	-0.119367	-0.109005	-0.100407	-0.101043	-0.100067	-0.0964597	-0.100176	-0.0968411	-0.0979547	-0.0989867	-0.0961946	-0.0998951	-0.0970868	-0.0988847	-0.100307	-0.100022	-0.101856	-0.108825	-0.105005	-0.11413	-0.122405	-0.118741	-0.113985	-0.128696	-0.130576	-0.131964	-0.138824	-0.156307	-0.160115	-0.153767	-0.170995	-0.201176	-0.226075	-0.223386	-0.212524	-0.236152	-0.308883	-0.436236	-0.588229	-0.712363	-0.781447	-0.768659	-0.650949	-0.444493	-0.175972	0.139801	0.468532	0.757146	0.97499	1.1176	1.17457	1.1253	0.969425	0.744621	0.509155	0.310851	0.170333	0.0842708	0.0378677	0.0155421	0.00585647	0.00203548	0.00065528	0.000196134	5.47677e-05	1.43112e-05	3.50932e-06	8.0959e-07	1.76121e-07	3.62062e-08	7.04746e-09	1.3012e-09	2.28269e-10	3.81078e-11	6.0628e-12	9.20474e-13	1.33494e-13	1.82174e-14	0	
0	0.228837	0.396125	0.426949	0.306369	0.0678398	-0.241959	-0.561957	-0.843607	-1.06129	-1.22431	-1.32444	-1.31285	-1.18295	-0.977084	-0.74508	-0.516939	-0.33858	-0.228089	-0.168943	-0.13524	-0.121833	-0.114701	-0.109538	-0.109093	-0.104862	-0.103803	-0.103539	-0.100533	-0.102354	-0.100587	-0.101839	-0.10229	-0.103333	-0.105196	-0.10596	-0.109857	-0.108825	-0.113596	-0.111942	-0.114693	-0.113089	-0.113056	-0.121401	-0.134764	-0.133516	-0.132638	-0.144714	-0.161529	-0.156748	-0.156997	-0.181374	-0.210035	-0.229235	-0.221338	-0.215596	-0.251904	-0.338547	-0.474996	-0.623898	-0.735543	-0.786807	-0.750993	-0.611211	-0.389448	-0.110876	0.209231	0.532572	0.807588	1.00953	1.13576	1.17405	1.10505	0.934081	0.703681	0.472037	0.282908	0.152301	0.0740868	0.0327586	0.0132393	0.0049154	0.00168423	0.000534798	0.000157956	4.35411e-05	1.12356e-05	2.72162e-06	6.20408e-07	1.33396e-07	2.71108e-08	5.21809e-09	9.52863e-10	1.65355e-10	2.73114e-11	4.29964e-12	6.46046e-13	9.27404e-14	1.25327e-14	0	
0	0.199041	0.34404	0.361701	0.237074	-0.0027023	-0.319918	-0.643844	-0.916011	-1.11603	-1.25606	-1.33412	-1.30318	-1.15413	-0.931404	-0.697478	-0.486439	-0.323298	-0.223925	-0.163659	-0.12721	-0.117488	-0.111654	-0.104453	-0.107275	-0.106796	-0.102841	-0.107378	-0.103954	-0.103702	-0.107263	-0.101286	-0.107887	-0.103377	-0.105285	-0.106775	-0.105761	-0.105005	-0.111942	-0.106608	-0.11369	-0.120896	-0.125012	-0.127907	-0.136249	-0.129974	-0.136011	-0.151005	-0.162887	-0.159774	-0.164456	-0.189621	-0.218444	-0.231503	-0.219258	-0.222972	-0.274451	-0.375489	-0.519291	-0.66144	-0.756995	-0.786683	-0.724471	-0.561248	-0.324046	-0.0356232	0.287285	0.602259	0.8608	1.04464	1.15218	1.16907	1.07837	0.892076	0.657448	0.431611	0.253353	0.133703	0.0638169	0.0277108	0.0110067	0.00401909	0.00135525	0.00042374	0.000123298	3.34982e-05	8.52312e-06	2.03641e-06	4.58029e-07	9.72007e-08	1.95027e-08	3.70682e-09	6.68585e-10	1.14624e-10	1.87076e-11	2.91073e-12	4.32319e-13	6.13559e-14	8.20154e-15	0	
0	0.160951	0.275876	0.276066	0.148076	-0.0863607	-0.404051	-0.732202	-0.995559	-1.17259	-1.2833	-1.33727	-1.28982	-1.12204	-0.885193	-0.650155	-0.446143	-0.296062	-0.2087	-0.166705	-0.131885	-0.119631	-0.117426	-0.109493	-0.105484	-0.110426	-0.100288	-0.107437	-0.102276	-0.102785	-0.105931	-0.0997603	-0.108549	-0.100864	-0.107358	-0.108347	-0.10522	-0.11413	-0.114693	-0.11369	-0.123979	-0.126804	-0.120856	-0.12752	-0.135244	-0.133718	-0.144823	-0.158875	-0.166721	-0.157779	-0.170589	-0.203373	-0.227383	-0.230848	-0.218967	-0.236327	-0.30466	-0.420567	-0.568483	-0.69883	-0.774296	-0.778509	-0.68695	-0.499791	-0.247617	0.0498863	0.373185	0.676173	0.915292	1.07891	1.16528	1.15809	1.04418	0.843139	0.606349	0.388633	0.222919	0.115076	0.0537825	0.0228893	0.00891863	0.00319716	0.00105915	0.00032554	9.31694e-05	2.49098e-05	6.23984e-06	1.4684e-06	3.25415e-07	6.80654e-08	1.34648e-08	2.52394e-09	4.49078e-10	7.59686e-11	1.22369e-11	1.87949e-12	2.75624e-13	3.86304e-14	5.10229e-15	0	
