0	0	0	0	0	0	0	0	0	0	0	0	0	0	0	0	0	0	0	0	0	0	0	0	0	0	0	0	0	0	0	0	0	0	0	0	0	0	0	0	0	0	0	0	0	0	0	0	0	0	0	0	0	0	0	0	0	0	0	0	0	0	0	0	0	0	0	0	0	0	0	0	0	0	0	0	0	0	0	0	0	0	0	0	0	0	0	0	0	0	0	0	0	0	0	0	0	0	0	0	
0	0.0596624	0.115749	0.163768	0.201847	0.227567	0.242396	0.249385	0.252023	0.254731	0.258279	0.262937	0.268694	0.275473	0.286477	0.301037	0.319597	0.33453	0.344909	0.345926	0.341358	0.335571	0.327533	0.321105	0.31555	0.311205	0.309158	0.306023	0.295876	0.284349	0.27211	0.265861	0.260983	0.255479	0.246732	0.236921	0.227359	0.220703	0.213244	0.207559	0.198713	0.188665	0.178404	0.171956	0.163596	0.153358	0.141233	0.131112	0.121255	0.112513	0.0997588	0.0885478	0.0801755	0.0717206	0.0605655	0.0516299	0.0386334	0.02319	0.00481669	-0.0215695	-0.0537111	-0.0861033	-0.11664	-0.147128	-0.166497	-0.17392	-0.173808	-0.170399	-0.162769	-0.153649	-0.148604	-0.144693	-0.139976	-0.137539	-0.142704	-0.152545	-0.159684	-0.163324	-0.163743	-0.15468	-0.14095	-0.129922	-0.118767	-0.108807	-0.10058	-0.0948983	-0.0900276	-0.0824894	-0.0712072	-0.0557802	-0.046223	-0.0441102	-0.0406023	-0.0341395	-0.0242458	-0.0165453	-0.0138109	-0.0103124	-0.00559505	0	
0	0.115749	0.221947	0.316595	0.387002	0.436858	0.463992	0.474764	0.480556	0.483003	0.490485	0.499611	0.509842	0.524709	0.545215	0.57464	0.610613	0.641048	0.66129	0.664442	0.657855	0.645926	0.633317	0.621344	0.609734	0.601721	0.598666	0.588925	0.572477	0.549974	0.525179	0.513904	0.505277	0.491434	0.475146	0.456274	0.438354	0.425173	0.410218	0.398695	0.385425	0.365926	0.34394	0.331833	0.320701	0.301472	0.27741	0.258214	0.242941	0.226758	0.20376	0.182229	0.169235	0.153135	0.134189	0.117331	0.093943	0.0654309	0.0297804	-0.0192962	-0.0832362	-0.144197	-0.205041	-0.263588	-0.301084	-0.316472	-0.314809	-0.30976	-0.294499	-0.278253	-0.26993	-0.263647	-0.256858	-0.253295	-0.266056	-0.286224	-0.302544	-0.312267	-0.313883	-0.300372	-0.275163	-0.255266	-0.23768	-0.217403	-0.202047	-0.192938	-0.181198	-0.167634	-0.147555	-0.115733	-0.0978552	-0.0951599	-0.0864356	-0.0711493	-0.0501285	-0.0363333	-0.0330803	-0.0225199	-0.00837473	0	
0	0.163768	0.316595	0.447285	0.548093	0.614169	0.648629	0.660245	0.661034	0.661588	0.667013	0.676529	0.690626	0.709587	0.741388	0.785279	0.841211	0.888653	0.922245	0.930211	0.921267	0.907785	0.888787	0.873122	0.859499	0.8499	0.845997	0.837951	0.811574	0.778948	0.744073	0.725917	0.712075	0.695502	0.670781	0.642891	0.616552	0.597166	0.576871	0.561774	0.539687	0.513152	0.486819	0.471533	0.452794	0.428456	0.399048	0.375673	0.354275	0.335836	0.30673	0.28207	0.265927	0.248986	0.225905	0.20737	0.17778	0.140274	0.0931804	0.0228075	-0.0661418	-0.15613	-0.243079	-0.328882	-0.384225	-0.405813	-0.405068	-0.395705	-0.374718	-0.350891	-0.339508	-0.332656	-0.324678	-0.324694	-0.34722	-0.383366	-0.413649	-0.433881	-0.443742	-0.426962	-0.395237	-0.370316	-0.345328	-0.321457	-0.302532	-0.290768	-0.279395	-0.260536	-0.229917	-0.18593	-0.158117	-0.150793	-0.138867	-0.117582	-0.0867984	-0.0626712	-0.0514256	-0.0367593	-0.0188579	0	
0	0.201847	0.387002	0.548093	0.665634	0.742564	0.776788	0.78156	0.775557	0.767258	0.769246	0.777467	0.791839	0.816589	0.855762	0.914661	0.987426	1.0528	1.09955	1.11412	1.10948	1.09502	1.07733	1.0621	1.04737	1.03859	1.03791	1.02614	0.998112	0.958043	0.914044	0.892498	0.876222	0.852966	0.822749	0.786931	0.753189	0.729239	0.703537	0.684203	0.661047	0.629228	0.59427	0.576445	0.561301	0.534395	0.499464	0.472659	0.454419	0.435894	0.405896	0.379577	0.36757	0.35207	0.331307	0.314097	0.283527	0.242861	0.1874	0.103891	-0.00727394	-0.117872	-0.228461	-0.334886	-0.404119	-0.430866	-0.426901	-0.41473	-0.386095	-0.357545	-0.344709	-0.33892	-0.334425	-0.339214	-0.375772	-0.428352	-0.475561	-0.511795	-0.531371	-0.520522	-0.488629	-0.463645	-0.441727	-0.41593	-0.396768	-0.388043	-0.374923	-0.354576	-0.31895	-0.262402	-0.228587	-0.220578	-0.202734	-0.171183	-0.128019	-0.0962601	-0.081526	-0.0557482	-0.0240915	0	
0	0.227567	0.436858	0.614169	0.742564	0.818875	0.84554	0.836375	0.813842	0.790915	0.781122	0.780971	0.792322	0.816408	0.863472	0.934463	1.02633	1.11134	1.17409	1.20134	1.20137	1.19221	1.17719	1.16505	1.15518	1.15269	1.1572	1.15269	1.124	1.08012	1.0319	1.00629	0.988313	0.963381	0.927644	0.886036	0.848379	0.817351	0.787768	0.765541	0.737487	0.700681	0.665536	0.64687	0.628177	0.601039	0.566986	0.542564	0.524644	0.510766	0.483644	0.46344	0.457158	0.449337	0.436334	0.4264	0.401154	0.362382	0.305756	0.213269	0.0881534	-0.0403413	-0.168645	-0.292241	-0.372094	-0.400984	-0.393429	-0.373052	-0.33666	-0.299407	-0.282912	-0.277213	-0.273712	-0.287035	-0.337117	-0.409627	-0.479172	-0.534762	-0.571784	-0.570362	-0.543648	-0.52452	-0.50679	-0.486302	-0.472988	-0.470587	-0.464702	-0.446794	-0.408169	-0.346124	-0.30552	-0.293022	-0.272106	-0.233771	-0.181341	-0.139245	-0.112417	-0.0772339	-0.037514	0	
0	0.242396	0.463992	0.648629	0.776788	0.84554	0.855586	0.82632	0.780157	0.73659	0.709154	0.696378	0.699325	0.721478	0.770342	0.853022	0.958896	1.06185	1.14159	1.17981	1.19048	1.18869	1.1813	1.17871	1.17845	1.18591	1.20188	1.2059	1.18278	1.14028	1.09249	1.06888	1.0519	1.02903	0.992476	0.945974	0.900897	0.868289	0.836147	0.811317	0.780312	0.741074	0.700479	0.679553	0.664109	0.638177	0.603835	0.578865	0.567339	0.55812	0.537111	0.522989	0.525432	0.527794	0.525162	0.525676	0.508588	0.476325	0.42217	0.32598	0.192963	0.0524788	-0.0887769	-0.221739	-0.30797	-0.333975	-0.318309	-0.286617	-0.236673	-0.190153	-0.16601	-0.157248	-0.155674	-0.174035	-0.237598	-0.32829	-0.418069	-0.496279	-0.550618	-0.562351	-0.547487	-0.537926	-0.531182	-0.521864	-0.519316	-0.528562	-0.533208	-0.522503	-0.484891	-0.420761	-0.380029	-0.36788	-0.344648	-0.299741	-0.23742	-0.185161	-0.148915	-0.102052	-0.0486988	0	
0	0.249385	0.474764	0.660245	0.78156	0.836375	0.82632	0.769639	0.696746	0.625073	0.574557	0.542512	0.531621	0.544332	0.592338	0.678628	0.795933	0.915236	1.00799	1.06245	1.08338	1.09098	1.09539	1.10314	1.11466	1.13718	1.16784	1.18539	1.17671	1.14319	1.10283	1.08321	1.07414	1.05327	1.01801	0.972767	0.932031	0.893778	0.858848	0.830079	0.798484	0.754943	0.713272	0.689311	0.67183	0.645337	0.6115	0.588968	0.579379	0.57438	0.559322	0.553035	0.564369	0.576213	0.587151	0.598076	0.592525	0.569265	0.519294	0.424775	0.286884	0.13924	-0.0111545	-0.150114	-0.236942	-0.259136	-0.2315	-0.183046	-0.11747	-0.0547261	-0.0184859	-0.00149885	0.00543478	-0.0161564	-0.086857	-0.190036	-0.300064	-0.397673	-0.4691	-0.497534	-0.495106	-0.497586	-0.505052	-0.507702	-0.518986	-0.544245	-0.563074	-0.564693	-0.536729	-0.478837	-0.439625	-0.428244	-0.405618	-0.356079	-0.288643	-0.231611	-0.185263	-0.125248	-0.0595453	0	
0	0.252023	0.480556	0.661034	0.775557	0.813842	0.780157	0.696746	0.589987	0.488772	0.408288	0.351944	0.321401	0.321081	0.360493	0.448201	0.570463	0.699557	0.805082	0.86828	0.897922	0.91399	0.926436	0.945588	0.973214	1.01241	1.06048	1.09914	1.10533	1.08431	1.05707	1.04916	1.04905	1.04311	1.01757	0.976595	0.933097	0.897954	0.866151	0.8385	0.80277	0.75768	0.713132	0.685035	0.665321	0.638137	0.604219	0.579435	0.571039	0.568127	0.558615	0.558795	0.575427	0.597696	0.61949	0.641262	0.646532	0.631387	0.587784	0.493055	0.355526	0.200128	0.0425884	-0.0981249	-0.186073	-0.199996	-0.159882	-0.0908244	-0.00355472	0.077833	0.133598	0.165847	0.181587	0.163903	0.0921242	-0.0193459	-0.141902	-0.255579	-0.340862	-0.379253	-0.389123	-0.401811	-0.418611	-0.437174	-0.465606	-0.506451	-0.545213	-0.562645	-0.542707	-0.495171	-0.464162	-0.457357	-0.440552	-0.394644	-0.327299	-0.263581	-0.20697	-0.141682	-0.0704918	0	
0	0.254731	0.483003	0.661588	0.767258	0.790915	0.73659	0.625073	0.488772	0.355753	0.245144	0.162734	0.10918	0.0903697	0.117441	0.196429	0.315864	0.44847	0.556489	0.627007	0.662278	0.682186	0.702824	0.73019	0.767943	0.820962	0.885565	0.939793	0.967706	0.967086	0.959006	0.965144	0.983224	0.989317	0.975579	0.94773	0.918991	0.888887	0.860388	0.832758	0.801239	0.75716	0.711881	0.67934	0.657388	0.62758	0.591444	0.564767	0.555236	0.55062	0.54414	0.547375	0.568116	0.595929	0.627122	0.655914	0.670118	0.66272	0.621161	0.529112	0.389895	0.228915	0.0648411	-0.0780572	-0.163361	-0.172036	-0.117891	-0.027033	0.081584	0.185126	0.262525	0.314024	0.34432	0.33525	0.27018	0.161401	0.0329902	-0.0885181	-0.178594	-0.226095	-0.244048	-0.262128	-0.288381	-0.316025	-0.355474	-0.410488	-0.463457	-0.495516	-0.491809	-0.461134	-0.440542	-0.441007	-0.431958	-0.390141	-0.328173	-0.270913	-0.215542	-0.145926	-0.0697167	0	
0	0.258279	0.490485	0.667013	0.769246	0.781122	0.709154	0.574557	0.408288	0.245144	0.102505	-0.00883179	-0.0877903	-0.127822	-0.116889	-0.0492601	0.0640585	0.193808	0.302317	0.372943	0.406751	0.424412	0.444012	0.471577	0.517012	0.580471	0.657243	0.729762	0.774999	0.791101	0.802124	0.824898	0.8606	0.889193	0.897155	0.886959	0.869253	0.850127	0.834724	0.816791	0.789607	0.749462	0.707261	0.673535	0.647759	0.616407	0.579381	0.550019	0.535136	0.527315	0.522449	0.52756	0.548006	0.579938	0.617613	0.651405	0.673342	0.670294	0.630697	0.537852	0.398	0.22859	0.0561583	-0.0900275	-0.176617	-0.181484	-0.117371	-0.00538414	0.125082	0.251399	0.354121	0.429198	0.477464	0.48101	0.428472	0.325977	0.19743	0.0745443	-0.0160619	-0.0631423	-0.0813286	-0.0973117	-0.119984	-0.15143	-0.198939	-0.260874	-0.327133	-0.371653	-0.376783	-0.360593	-0.350789	-0.358857	-0.362765	-0.336023	-0.28927	-0.239802	-0.186906	-0.127314	-0.0634095	0	
0	0.262937	0.499611	0.676529	0.777467	0.780971	0.696378	0.542512	0.351944	0.162734	-0.00883179	-0.144818	-0.249019	-0.307785	-0.315754	-0.26187	-0.160996	-0.0398334	0.0630467	0.129003	0.158488	0.170494	0.184517	0.207958	0.252336	0.316351	0.396779	0.477031	0.534368	0.568151	0.597422	0.636991	0.689556	0.737308	0.764961	0.778363	0.780863	0.781785	0.781714	0.775565	0.759931	0.731847	0.697576	0.665673	0.641596	0.609404	0.572853	0.540642	0.522359	0.508822	0.50333	0.507242	0.524936	0.558158	0.59743	0.633109	0.659154	0.657849	0.616916	0.521962	0.380138	0.202158	0.0204857	-0.129644	-0.218162	-0.221968	-0.149786	-0.0204279	0.130099	0.276341	0.402303	0.500996	0.565485	0.583992	0.547253	0.456244	0.335261	0.217381	0.133662	0.0916144	0.0769134	0.0691169	0.0555303	0.0289306	-0.0154641	-0.0736586	-0.140522	-0.188345	-0.200455	-0.198242	-0.198939	-0.213937	-0.228891	-0.21768	-0.190542	-0.160309	-0.126045	-0.0862468	-0.0417249	0	
0	0.268694	0.509842	0.690626	0.791839	0.792322	0.699325	0.531621	0.321401	0.10918	-0.0877903	-0.249019	-0.373765	-0.454264	-0.474956	-0.437202	-0.345648	-0.232498	-0.135798	-0.0742121	-0.0502762	-0.0494098	-0.0448348	-0.0329105	0.00369226	0.0627667	0.14128	0.2217	0.284875	0.327563	0.368376	0.415365	0.482773	0.546614	0.594926	0.630206	0.656011	0.675411	0.694715	0.70674	0.708547	0.696774	0.675227	0.652756	0.630762	0.603114	0.568967	0.538888	0.514481	0.495482	0.48907	0.490037	0.504157	0.534503	0.573689	0.608591	0.636192	0.635348	0.589515	0.492424	0.346458	0.158372	-0.0327246	-0.191716	-0.283178	-0.290479	-0.215281	-0.070453	0.0953732	0.261505	0.410723	0.531659	0.6149	0.647831	0.627139	0.549936	0.435938	0.325677	0.251741	0.216466	0.211493	0.219692	0.223212	0.210597	0.178045	0.130847	0.0710498	0.0290491	0.017763	0.0132566	0.00966874	-0.00811192	-0.0353074	-0.0439821	-0.0420536	-0.0373259	-0.0282735	-0.0182422	-0.0070905	0	
0	0.275473	0.524709	0.709587	0.816589	0.816408	0.721478	0.544332	0.321081	0.0903697	-0.127822	-0.307785	-0.454264	-0.546232	-0.584258	-0.555778	-0.47511	-0.371624	-0.278953	-0.221963	-0.204565	-0.209827	-0.217801	-0.218548	-0.192206	-0.144164	-0.0772092	-0.00233053	0.0567209	0.101619	0.145167	0.198252	0.267077	0.339593	0.403592	0.459872	0.499414	0.539582	0.581098	0.613599	0.633824	0.641915	0.64067	0.631505	0.620763	0.599364	0.574397	0.547762	0.522329	0.49941	0.490876	0.489294	0.49655	0.523507	0.557158	0.587844	0.614133	0.607559	0.556192	0.451994	0.29998	0.10203	-0.102382	-0.268811	-0.367391	-0.379763	-0.30267	-0.149573	0.0321769	0.214372	0.383435	0.527791	0.625052	0.673105	0.669959	0.60418	0.502002	0.402702	0.337303	0.312504	0.318366	0.341909	0.368356	0.374543	0.358147	0.33231	0.290118	0.259895	0.256403	0.25266	0.247722	0.229628	0.196114	0.167104	0.139985	0.117836	0.0968954	0.0661138	0.0331243	0	
0	0.286477	0.545215	0.741388	0.855762	0.863472	0.770342	0.592338	0.360493	0.117441	-0.116889	-0.315754	-0.474956	-0.584258	-0.629578	-0.614071	-0.541888	-0.445515	-0.357638	-0.30387	-0.286647	-0.30048	-0.316929	-0.329448	-0.316846	-0.282424	-0.227909	-0.167426	-0.117823	-0.0761216	-0.0340777	0.0120173	0.0785578	0.150612	0.217394	0.281734	0.339024	0.396691	0.451133	0.499984	0.540112	0.572669	0.592173	0.604449	0.605654	0.598822	0.585982	0.571639	0.548542	0.524988	0.51728	0.512716	0.516446	0.536426	0.562777	0.587112	0.60656	0.593177	0.52998	0.416911	0.254811	0.0430647	-0.173951	-0.355016	-0.462049	-0.482782	-0.410426	-0.250351	-0.058795	0.138117	0.327684	0.490465	0.604518	0.668073	0.679323	0.629092	0.538525	0.450347	0.397407	0.380214	0.396715	0.43941	0.486534	0.513273	0.519505	0.515651	0.494717	0.483948	0.489491	0.486198	0.484007	0.469273	0.428875	0.381905	0.332462	0.280823	0.221388	0.151206	0.0782838	0	
0	0.301037	0.57464	0.785279	0.914661	0.934463	0.853022	0.678628	0.448201	0.196429	-0.0492601	-0.26187	-0.437202	-0.555778	-0.614071	-0.606788	-0.543395	-0.455186	-0.370519	-0.31692	-0.303049	-0.318573	-0.345774	-0.37018	-0.370242	-0.34908	-0.309697	-0.262407	-0.224321	-0.190801	-0.158807	-0.121152	-0.0676235	-0.00709413	0.0604557	0.130652	0.188486	0.248986	0.315775	0.379271	0.435498	0.48565	0.528863	0.561681	0.582471	0.593023	0.600272	0.602301	0.588971	0.572539	0.569069	0.567731	0.56946	0.585531	0.60415	0.621231	0.63276	0.60791	0.53202	0.405637	0.228355	0.00215938	-0.233746	-0.432002	-0.5536	-0.588825	-0.524022	-0.367264	-0.168793	0.0401491	0.244892	0.427802	0.556899	0.63621	0.665131	0.62783	0.551882	0.478469	0.43402	0.426041	0.454631	0.513017	0.582556	0.631401	0.656975	0.674146	0.674071	0.676783	0.688708	0.689936	0.68889	0.673946	0.630363	0.566318	0.48971	0.413525	0.330314	0.226463	0.113303	0	
0	0.319597	0.610613	0.841211	0.987426	1.02633	0.958896	0.795933	0.570463	0.315864	0.0640585	-0.160996	-0.345648	-0.47511	-0.541888	-0.543395	-0.491178	-0.411607	-0.333775	-0.283897	-0.269527	-0.289001	-0.322019	-0.35511	-0.367691	-0.359402	-0.33546	-0.305805	-0.281713	-0.25801	-0.233088	-0.205241	-0.167049	-0.120342	-0.065281	-0.00588124	0.051921	0.117269	0.184072	0.249755	0.314135	0.378634	0.441259	0.497282	0.537357	0.567111	0.59706	0.623872	0.630109	0.628098	0.636469	0.644858	0.654264	0.670551	0.686242	0.698308	0.702171	0.666045	0.576347	0.434019	0.238283	-0.00529497	-0.262635	-0.482448	-0.624648	-0.67715	-0.627359	-0.479838	-0.280246	-0.0656759	0.152169	0.348066	0.490574	0.585362	0.627097	0.605433	0.546351	0.489256	0.458146	0.459201	0.498967	0.572204	0.65756	0.72357	0.765995	0.799522	0.817433	0.831401	0.84407	0.840333	0.831929	0.812768	0.761575	0.683274	0.595907	0.504253	0.393875	0.264587	0.132142	0	
0	0.33453	0.641048	0.888653	1.0528	1.11134	1.06185	0.915236	0.699557	0.44847	0.193808	-0.0398334	-0.232498	-0.371624	-0.445515	-0.455186	-0.411607	-0.339759	-0.266652	-0.217754	-0.203067	-0.223157	-0.263859	-0.306763	-0.332529	-0.338228	-0.328147	-0.312712	-0.301328	-0.286384	-0.270638	-0.255583	-0.233993	-0.205119	-0.162432	-0.110122	-0.0598491	-0.00612129	0.0533951	0.118012	0.183044	0.2541	0.328778	0.398838	0.453616	0.504295	0.558947	0.610897	0.640879	0.661545	0.689833	0.717687	0.742934	0.769382	0.789865	0.805879	0.806587	0.765094	0.666131	0.509684	0.297526	0.0361743	-0.241558	-0.486568	-0.653267	-0.72809	-0.70031	-0.569621	-0.377883	-0.162355	0.06229	0.267177	0.422322	0.530418	0.584722	0.576697	0.534342	0.492878	0.471113	0.479661	0.527808	0.612749	0.711442	0.791514	0.847608	0.889363	0.914001	0.929175	0.933249	0.918985	0.900379	0.873089	0.814978	0.725549	0.623916	0.521203	0.407226	0.27456	0.135127	0	
0	0.344909	0.66129	0.922245	1.09955	1.17409	1.14159	1.00799	0.805082	0.556489	0.302317	0.0630467	-0.135798	-0.278953	-0.357638	-0.370519	-0.333775	-0.266652	-0.199789	-0.149207	-0.133596	-0.150996	-0.193722	-0.241921	-0.278811	-0.294898	-0.300178	-0.302959	-0.304335	-0.301441	-0.293414	-0.284914	-0.276426	-0.266216	-0.238268	-0.2026	-0.161365	-0.118055	-0.0658384	-0.0128165	0.0463033	0.109858	0.18844	0.266947	0.335288	0.396441	0.467569	0.544219	0.602742	0.650263	0.701662	0.756503	0.808174	0.853764	0.891536	0.918715	0.926483	0.88686	0.785826	0.621853	0.3949	0.122122	-0.175618	-0.442947	-0.634456	-0.733717	-0.727746	-0.619442	-0.43905	-0.226182	-0.000114654	0.209584	0.373589	0.490326	0.552428	0.555244	0.526569	0.499594	0.48596	0.497569	0.550949	0.639058	0.738476	0.824414	0.883142	0.924045	0.952244	0.961794	0.951896	0.92472	0.889129	0.846026	0.778715	0.686822	0.589482	0.488962	0.373459	0.244757	0.117759	0	
0	0.345926	0.664442	0.930211	1.11412	1.20134	1.17981	1.06245	0.86828	0.627007	0.372943	0.129003	-0.0742121	-0.221963	-0.30387	-0.31692	-0.283897	-0.217754	-0.149207	-0.0952104	-0.0691408	-0.0796948	-0.118658	-0.169265	-0.21272	-0.239669	-0.25691	-0.273119	-0.287488	-0.296111	-0.294117	-0.295337	-0.303406	-0.306675	-0.295171	-0.272504	-0.241541	-0.208726	-0.172007	-0.131608	-0.0869055	-0.0303877	0.0445028	0.119939	0.186367	0.251901	0.335811	0.426714	0.507357	0.576897	0.654327	0.73793	0.819513	0.892352	0.95523	1.00507	1.02842	1.0017	0.910298	0.745552	0.516017	0.235868	-0.0734134	-0.357362	-0.573291	-0.692241	-0.711188	-0.625192	-0.458522	-0.252531	-0.0246071	0.187749	0.360281	0.486463	0.553779	0.564979	0.547853	0.527485	0.51425	0.522162	0.567127	0.646707	0.737447	0.815709	0.868583	0.900711	0.918182	0.915896	0.891527	0.846788	0.796744	0.747711	0.678862	0.58954	0.499427	0.409589	0.309526	0.198374	0.0915637	0	
0	0.341358	0.657855	0.921267	1.10948	1.20137	1.19048	1.08338	0.897922	0.662278	0.406751	0.158488	-0.0502762	-0.204565	-0.286647	-0.303049	-0.269527	-0.203067	-0.133596	-0.0691408	-0.0322246	-0.0273104	-0.0544818	-0.0986143	-0.142196	-0.171724	-0.197946	-0.225256	-0.25141	-0.269858	-0.275021	-0.283996	-0.301232	-0.321525	-0.328947	-0.320267	-0.298282	-0.281069	-0.255584	-0.228337	-0.196294	-0.155921	-0.0941557	-0.02721	0.0363334	0.0987512	0.177302	0.273164	0.367481	0.455416	0.549651	0.658371	0.768603	0.870892	0.965238	1.04219	1.08997	1.08583	1.01241	0.858774	0.634649	0.355932	0.0438499	-0.251363	-0.482991	-0.620906	-0.660147	-0.592903	-0.442403	-0.23893	-0.0104791	0.206285	0.391336	0.524094	0.598137	0.617424	0.605938	0.588635	0.569958	0.563271	0.589267	0.645093	0.708049	0.764454	0.798499	0.809852	0.810844	0.794509	0.755888	0.70006	0.64227	0.586601	0.521227	0.45302	0.385466	0.31032	0.227914	0.14174	0.0632512	0	
0	0.335571	0.645926	0.907785	1.09502	1.19221	1.18869	1.09098	0.91399	0.682186	0.424412	0.170494	-0.0494098	-0.209827	-0.30048	-0.318573	-0.289001	-0.223157	-0.150996	-0.0796948	-0.0273104	-0.00542603	-0.0153457	-0.0463502	-0.0821852	-0.108671	-0.134072	-0.166735	-0.197194	-0.223888	-0.23315	-0.246938	-0.274435	-0.308186	-0.330573	-0.338225	-0.331662	-0.324886	-0.310413	-0.299195	-0.283691	-0.257771	-0.207725	-0.153548	-0.100016	-0.0508339	0.0205984	0.110572	0.209451	0.300907	0.406383	0.530893	0.662769	0.791359	0.915798	1.02241	1.09831	1.12375	1.0758	0.942723	0.734012	0.465488	0.157833	-0.138087	-0.38032	-0.532493	-0.586896	-0.537398	-0.398187	-0.198607	0.0329729	0.259996	0.456704	0.600961	0.682628	0.708285	0.701935	0.680047	0.650106	0.622642	0.616689	0.635731	0.65978	0.680754	0.683464	0.66721	0.645316	0.611566	0.562906	0.50129	0.441592	0.389882	0.337551	0.292482	0.251318	0.20335	0.146175	0.0821745	0.0306484	0	
0	0.327533	0.633317	0.888787	1.07733	1.17719	1.1813	1.09539	0.926436	0.702824	0.444012	0.184517	-0.0448348	-0.217801	-0.316929	-0.345774	-0.322019	-0.263859	-0.193722	-0.118658	-0.0544818	-0.0153457	-0.00341363	-0.0196164	-0.041034	-0.0588155	-0.0819119	-0.109566	-0.14149	-0.168325	-0.17439	-0.187855	-0.219101	-0.259803	-0.301958	-0.323567	-0.328529	-0.334031	-0.335711	-0.337161	-0.337646	-0.325767	-0.292808	-0.252016	-0.21204	-0.172332	-0.115991	-0.0383713	0.0523454	0.142365	0.248166	0.377193	0.518563	0.665124	0.814107	0.944567	1.04987	1.10521	1.0886	0.982864	0.801018	0.550355	0.258505	-0.0279444	-0.271725	-0.430993	-0.498127	-0.459645	-0.333466	-0.138269	0.0969613	0.332507	0.54358	0.697105	0.787893	0.821626	0.815397	0.787309	0.742361	0.68865	0.643775	0.615829	0.594449	0.572587	0.540436	0.497781	0.4501	0.40264	0.350835	0.282971	0.223031	0.178757	0.141559	0.12546	0.11416	0.0898453	0.0575111	0.0222734	0.00154332	0	
0	0.321105	0.621344	0.873122	1.0621	1.16505	1.17871	1.10314	0.945588	0.73019	0.471577	0.207958	-0.0329105	-0.218548	-0.329448	-0.37018	-0.35511	-0.306763	-0.241921	-0.169265	-0.0986143	-0.0463502	-0.0196164	-0.0179192	-0.026428	-0.034509	-0.0460972	-0.0671674	-0.094051	-0.113306	-0.115045	-0.12323	-0.147011	-0.190903	-0.240296	-0.271237	-0.291753	-0.309537	-0.322106	-0.339572	-0.356422	-0.35975	-0.346599	-0.322021	-0.29288	-0.265547	-0.227358	-0.166204	-0.0858217	-0.00468529	0.0944552	0.217723	0.358327	0.514068	0.67602	0.825106	0.952382	1.03772	1.04933	0.977822	0.828057	0.602779	0.336421	0.0676582	-0.164951	-0.327217	-0.398293	-0.367206	-0.251194	-0.0600852	0.176073	0.422513	0.642007	0.802491	0.898803	0.932985	0.921763	0.878567	0.816358	0.735733	0.649752	0.579494	0.515122	0.453686	0.392562	0.32537	0.258282	0.202231	0.147653	0.0821993	0.0260086	-0.0184938	-0.0448224	-0.0362985	-0.0240186	-0.0252292	-0.0320967	-0.0393401	-0.0285443	0	
0	0.31555	0.609734	0.859499	1.04737	1.15518	1.17845	1.11466	0.973214	0.767943	0.517012	0.252336	0.00369226	-0.192206	-0.316846	-0.370242	-0.367691	-0.332529	-0.278811	-0.21272	-0.142196	-0.0821852	-0.041034	-0.026428	-0.0229382	-0.0213796	-0.0280601	-0.0425637	-0.0624033	-0.0760215	-0.0675659	-0.0616355	-0.0733392	-0.11007	-0.158692	-0.196217	-0.22322	-0.24599	-0.268112	-0.298103	-0.329809	-0.352205	-0.356097	-0.346208	-0.334826	-0.32355	-0.299378	-0.25283	-0.190688	-0.122772	-0.0334726	0.0779497	0.208208	0.360439	0.5251	0.679268	0.821259	0.924855	0.960335	0.921687	0.805475	0.613539	0.37837	0.141505	-0.0691089	-0.222081	-0.287575	-0.257731	-0.14695	0.0364053	0.270861	0.521125	0.740909	0.899719	0.993509	1.02171	0.995881	0.935601	0.854223	0.746992	0.626267	0.515547	0.417673	0.3282	0.244795	0.168306	0.0952569	0.0378497	-0.0108062	-0.0752203	-0.134559	-0.176933	-0.196249	-0.178038	-0.148689	-0.126985	-0.112953	-0.0983694	-0.0595787	0	
0	0.311205	0.601721	0.8499	1.03859	1.15269	1.18591	1.13718	1.01241	0.820962	0.580471	0.316351	0.0627667	-0.144164	-0.282424	-0.34908	-0.359402	-0.338228	-0.294898	-0.239669	-0.171724	-0.108671	-0.0588155	-0.034509	-0.0213796	-0.0166516	-0.0186353	-0.0290139	-0.0462178	-0.0526486	-0.0365428	-0.0200466	-0.0159707	-0.0390681	-0.0792885	-0.112562	-0.139544	-0.160992	-0.186166	-0.22282	-0.264686	-0.297243	-0.320296	-0.332282	-0.338136	-0.336733	-0.329693	-0.305031	-0.261852	-0.205105	-0.127268	-0.0324898	0.0830076	0.226316	0.383702	0.535192	0.680937	0.792563	0.84326	0.830304	0.745691	0.586172	0.386576	0.187153	0.00733597	-0.125509	-0.178628	-0.142554	-0.0329606	0.14187	0.372304	0.62052	0.83224	0.982267	1.06477	1.07637	1.02912	0.945	0.842661	0.713746	0.56346	0.425772	0.3083	0.201637	0.111986	0.0360879	-0.0355005	-0.0846248	-0.123035	-0.180751	-0.239857	-0.284167	-0.298159	-0.27216	-0.23608	-0.203481	-0.172236	-0.136188	-0.0769612	0	
0	0.309158	0.598666	0.845997	1.03791	1.1572	1.20188	1.16784	1.06048	0.885565	0.657243	0.396779	0.14128	-0.0772092	-0.227909	-0.309697	-0.33546	-0.328147	-0.300178	-0.25691	-0.197946	-0.134072	-0.0819119	-0.0460972	-0.0280601	-0.0186353	-0.0191466	-0.0294975	-0.0477936	-0.0516264	-0.0354054	-0.00992972	0.00853327	-0.000358569	-0.0259948	-0.0520569	-0.0722956	-0.0869657	-0.105645	-0.138287	-0.179121	-0.221372	-0.255671	-0.278779	-0.299421	-0.316113	-0.32601	-0.315928	-0.292537	-0.251189	-0.187761	-0.105684	-0.0053122	0.125406	0.269774	0.414278	0.555328	0.665268	0.720756	0.724027	0.662173	0.531207	0.365641	0.203483	0.06104	-0.0445354	-0.0778386	-0.0296666	0.0816472	0.249104	0.470574	0.708119	0.903763	1.03548	1.09821	1.08645	1.01271	0.906594	0.788047	0.643361	0.477096	0.325408	0.196764	0.0843026	-0.00540658	-0.0762451	-0.134574	-0.169929	-0.196838	-0.24089	-0.29151	-0.33074	-0.340923	-0.313847	-0.269617	-0.226022	-0.188831	-0.146346	-0.0807135	0	
0	0.306023	0.588925	0.837951	1.02614	1.15269	1.2059	1.18539	1.09914	0.939793	0.729762	0.477031	0.2217	-0.00233053	-0.167426	-0.262407	-0.305805	-0.312712	-0.302959	-0.273119	-0.225256	-0.166735	-0.109566	-0.0671674	-0.0425637	-0.0290139	-0.0294975	-0.0457659	-0.0626958	-0.0719479	-0.0567879	-0.0268222	0.000289361	0.00198637	-0.00833183	-0.0289056	-0.0402327	-0.0456944	-0.0513734	-0.073875	-0.106226	-0.145673	-0.17785	-0.211516	-0.244312	-0.270779	-0.288104	-0.298141	-0.296593	-0.272113	-0.219613	-0.152834	-0.065899	0.0497129	0.182934	0.318787	0.452663	0.556297	0.611347	0.623321	0.574882	0.469461	0.330739	0.204079	0.0969932	0.0226396	0.0117227	0.0706495	0.185648	0.341878	0.548988	0.76695	0.938895	1.04846	1.08713	1.05077	0.953751	0.832752	0.704477	0.552816	0.383655	0.226719	0.0943018	-0.0166148	-0.105259	-0.168257	-0.208088	-0.227049	-0.23636	-0.261645	-0.301612	-0.326691	-0.322419	-0.294196	-0.250727	-0.201422	-0.158387	-0.120071	-0.0686722	0	
0	0.295876	0.572477	0.811574	0.998112	1.124	1.18278	1.17671	1.10533	0.967706	0.774999	0.534368	0.284875	0.0567209	-0.117823	-0.224321	-0.281713	-0.301328	-0.304335	-0.287488	-0.25141	-0.197194	-0.14149	-0.094051	-0.0624033	-0.0462178	-0.0477936	-0.0626958	-0.0846039	-0.0973412	-0.0852484	-0.0577648	-0.0311736	-0.0177793	-0.0201275	-0.0346646	-0.0386486	-0.0365865	-0.0328441	-0.0423998	-0.062778	-0.091514	-0.116306	-0.149409	-0.183561	-0.214147	-0.240112	-0.26298	-0.278272	-0.270342	-0.236786	-0.183248	-0.110302	-0.00913922	0.112074	0.241081	0.36958	0.466695	0.523853	0.537217	0.500593	0.412943	0.296694	0.196208	0.117246	0.0727485	0.0774537	0.145759	0.258874	0.403811	0.592738	0.785157	0.934912	1.02196	1.0397	0.981489	0.868066	0.739917	0.606418	0.456839	0.292782	0.140117	0.010684	-0.0988579	-0.181936	-0.234896	-0.259464	-0.259041	-0.248493	-0.253365	-0.270777	-0.275119	-0.261815	-0.232049	-0.186826	-0.140118	-0.103661	-0.0766082	-0.0451843	0	
0	0.284349	0.549974	0.778948	0.958043	1.08012	1.14028	1.14319	1.08431	0.967086	0.791101	0.568151	0.327563	0.101619	-0.0761216	-0.190801	-0.25801	-0.286384	-0.301441	-0.296111	-0.269858	-0.223888	-0.168325	-0.113306	-0.0760215	-0.0526486	-0.0516264	-0.0719479	-0.0973412	-0.115413	-0.112753	-0.0897414	-0.062916	-0.0433308	-0.0395209	-0.0472557	-0.0502439	-0.0482777	-0.0394391	-0.0358832	-0.0431827	-0.0597829	-0.0745049	-0.100049	-0.128662	-0.158894	-0.181427	-0.208519	-0.233978	-0.245609	-0.227833	-0.188081	-0.130889	-0.0483549	0.0584135	0.180546	0.299741	0.394112	0.450959	0.465198	0.435546	0.361432	0.261746	0.17644	0.117879	0.0936627	0.109108	0.178773	0.286051	0.419299	0.587459	0.755706	0.886382	0.959413	0.963062	0.893354	0.776042	0.648743	0.519602	0.375235	0.222021	0.0788786	-0.052098	-0.159134	-0.238487	-0.285265	-0.287126	-0.262969	-0.233203	-0.213562	-0.20551	-0.191528	-0.173434	-0.150038	-0.113848	-0.074224	-0.0433416	-0.0275398	-0.0176201	0	
0	0.27211	0.525179	0.744073	0.914044	1.0319	1.09249	1.10283	1.05707	0.959006	0.802124	0.597422	0.368376	0.145167	-0.0340777	-0.158807	-0.233088	-0.270638	-0.293414	-0.294117	-0.275021	-0.23315	-0.17439	-0.115045	-0.0675659	-0.0365428	-0.0354054	-0.0567879	-0.0852484	-0.112753	-0.113943	-0.0987439	-0.0777816	-0.0565842	-0.0491327	-0.0543727	-0.0568606	-0.0551414	-0.0408513	-0.0307509	-0.0347006	-0.0410029	-0.0428087	-0.0572429	-0.0812859	-0.103361	-0.118034	-0.141154	-0.169954	-0.191998	-0.186976	-0.161162	-0.119662	-0.0580515	0.0332977	0.141696	0.250339	0.341628	0.397918	0.412244	0.387199	0.322757	0.232391	0.150886	0.0980779	0.0782933	0.0897468	0.148107	0.238706	0.358229	0.507167	0.658237	0.786215	0.86121	0.870962	0.80943	0.702232	0.587249	0.463632	0.324849	0.182452	0.0437906	-0.08689	-0.192848	-0.26904	-0.30329	-0.287402	-0.242148	-0.19038	-0.154672	-0.128106	-0.099413	-0.0828726	-0.0696131	-0.0468422	-0.0168245	0.00787686	0.0059785	-0.00629704	0	
0	0.265861	0.513904	0.725917	0.892498	1.00629	1.06888	1.08321	1.04916	0.965144	0.824898	0.636991	0.415365	0.198252	0.0120173	-0.121152	-0.205241	-0.255583	-0.284914	-0.295337	-0.283996	-0.246938	-0.187855	-0.12323	-0.0616355	-0.0200466	-0.00992972	-0.0268222	-0.0577648	-0.0897414	-0.0987439	-0.0968335	-0.0848953	-0.066465	-0.0578704	-0.0558976	-0.0581313	-0.0595164	-0.0486857	-0.0392515	-0.0349417	-0.0287305	-0.0244141	-0.0325449	-0.0460869	-0.0589242	-0.0653338	-0.0760832	-0.0944794	-0.117118	-0.118166	-0.0963705	-0.0635974	-0.0167858	0.0595107	0.151203	0.247922	0.331881	0.383497	0.392685	0.365933	0.302404	0.209036	0.119313	0.0539473	0.018651	0.0115639	0.0425788	0.108702	0.210664	0.342848	0.490433	0.627958	0.724259	0.760221	0.724271	0.646283	0.551974	0.44147	0.316522	0.185678	0.0563906	-0.0711838	-0.180148	-0.254581	-0.282844	-0.260005	-0.202773	-0.141239	-0.0959745	-0.0532861	-0.018608	-0.00969615	-0.00760442	0.000356562	0.017321	0.0340803	0.0291144	0.0121917	0	
0	0.260983	0.505277	0.712075	0.876222	0.988313	1.0519	1.07414	1.04905	0.983224	0.8606	0.689556	0.482773	0.267077	0.0785578	-0.0676235	-0.167049	-0.233993	-0.276426	-0.303406	-0.301232	-0.274435	-0.219101	-0.147011	-0.0733392	-0.0159707	0.00853327	0.000289361	-0.0311736	-0.062916	-0.0777816	-0.0848953	-0.0793025	-0.065156	-0.0595808	-0.0563209	-0.0633137	-0.0684018	-0.0610457	-0.0474898	-0.0400663	-0.0305407	-0.0224257	-0.0171679	-0.024722	-0.0318405	-0.0287534	-0.0223199	-0.028186	-0.0436653	-0.0382861	-0.0107166	0.0219414	0.0663355	0.13422	0.214021	0.298428	0.374681	0.416157	0.41574	0.3811	0.305935	0.201098	0.091002	-0.00144648	-0.068799	-0.110768	-0.117818	-0.087617	-0.0122514	0.10434	0.251679	0.407056	0.536902	0.612238	0.623395	0.590562	0.529577	0.449774	0.349354	0.238014	0.126499	0.00527769	-0.106999	-0.18418	-0.217225	-0.201643	-0.146514	-0.088419	-0.0475826	-0.00247479	0.0305136	0.0296585	0.0213927	0.0218877	0.0359259	0.0487685	0.0384415	0.0182234	0	
0	0.255479	0.491434	0.695502	0.852966	0.963381	1.02903	1.05327	1.04311	0.989317	0.889193	0.737308	0.546614	0.339593	0.150612	-0.00709413	-0.120342	-0.205119	-0.266216	-0.306675	-0.321525	-0.308186	-0.259803	-0.190903	-0.11007	-0.0390681	-0.000358569	0.00198637	-0.0177793	-0.0433308	-0.0565842	-0.066465	-0.065156	-0.0653369	-0.0605701	-0.0558943	-0.0631908	-0.0736557	-0.0710704	-0.0669406	-0.061553	-0.0491848	-0.0333598	-0.021901	-0.0246592	-0.025189	-0.016316	0.0020263	0.0116544	0.0118441	0.029006	0.066364	0.112662	0.169416	0.242598	0.318485	0.400478	0.470757	0.499076	0.486638	0.432244	0.335269	0.204183	0.0650752	-0.065104	-0.176909	-0.259255	-0.309788	-0.31908	-0.27584	-0.177428	-0.0298025	0.142115	0.304143	0.425864	0.494009	0.514599	0.501842	0.466276	0.405192	0.328432	0.241619	0.13697	0.0285646	-0.0572502	-0.103445	-0.107935	-0.0772021	-0.0393365	-0.0113418	0.0221547	0.0432518	0.03883	0.0289771	0.02233	0.0314789	0.042935	0.0313502	0.0128099	0	
0	0.246732	0.475146	0.670781	0.822749	0.927644	0.992476	1.01801	1.01757	0.975579	0.897155	0.764961	0.594926	0.403592	0.217394	0.0604557	-0.065281	-0.162432	-0.238268	-0.295171	-0.328947	-0.330573	-0.301958	-0.240296	-0.158692	-0.0792885	-0.0259948	-0.00833183	-0.0201275	-0.0395209	-0.0491327	-0.0578704	-0.0595808	-0.0605701	-0.0495795	-0.0467636	-0.0534702	-0.0674826	-0.0757806	-0.0847513	-0.0792683	-0.0694673	-0.0532363	-0.0404838	-0.0373713	-0.0344766	-0.0217158	0.00814418	0.0306513	0.0464867	0.0759655	0.129131	0.193966	0.272654	0.360608	0.445752	0.535692	0.601648	0.619226	0.58944	0.5077	0.37426	0.204562	0.0284481	-0.145905	-0.302099	-0.423581	-0.50884	-0.551323	-0.539431	-0.458673	-0.315157	-0.137112	0.0466777	0.2092	0.331425	0.41	0.453367	0.475379	0.471833	0.439	0.387612	0.308691	0.202528	0.105019	0.0367451	-0.00111827	-0.00225832	0.0121725	0.0227915	0.0397915	0.0482169	0.0341454	0.0128056	0.000831393	0.00730787	0.0141194	0.0103008	0.00710252	0	
0	0.236921	0.456274	0.642891	0.786931	0.886036	0.945974	0.972767	0.976595	0.94773	0.886959	0.778363	0.630206	0.459872	0.281734	0.130652	-0.00588124	-0.110122	-0.2026	-0.272504	-0.320267	-0.338225	-0.323567	-0.271237	-0.196217	-0.112562	-0.0520569	-0.0289056	-0.0346646	-0.0472557	-0.0543727	-0.0558976	-0.0563209	-0.0558943	-0.0467636	-0.0383971	-0.0358425	-0.0487413	-0.0648873	-0.0780772	-0.0795928	-0.0836566	-0.0704941	-0.0591249	-0.0505016	-0.0485754	-0.0308509	0.00148585	0.0367358	0.0697673	0.115214	0.181116	0.263415	0.367918	0.475138	0.57781	0.67908	0.743815	0.753527	0.703712	0.588955	0.410556	0.193387	-0.0249232	-0.244114	-0.438993	-0.591947	-0.700244	-0.764366	-0.779965	-0.716366	-0.584125	-0.412345	-0.217624	-0.0233688	0.150534	0.288599	0.395491	0.485732	0.542484	0.556731	0.539351	0.47994	0.379594	0.268631	0.174694	0.110132	0.0784072	0.0700068	0.0651253	0.0577905	0.0460759	0.0238566	-0.00166754	-0.0172104	-0.0216446	-0.0237258	-0.0205183	-0.00895237	0	
0	0.227359	0.438354	0.616552	0.753189	0.848379	0.900897	0.932031	0.933097	0.918991	0.869253	0.780863	0.656011	0.499414	0.339024	0.188486	0.051921	-0.0598491	-0.161365	-0.241541	-0.298282	-0.331662	-0.328529	-0.291753	-0.22322	-0.139544	-0.0722956	-0.0402327	-0.0386486	-0.0502439	-0.0568606	-0.0581313	-0.0633137	-0.0631908	-0.0534702	-0.0358425	-0.024046	-0.0256839	-0.0393161	-0.0543493	-0.072126	-0.0790898	-0.0697099	-0.0618515	-0.0599866	-0.0594126	-0.0430011	-0.00967259	0.037746	0.0860938	0.147962	0.225824	0.329168	0.455152	0.580895	0.70358	0.814028	0.880407	0.881893	0.812118	0.665287	0.439571	0.176138	-0.0904484	-0.350373	-0.578178	-0.760208	-0.880132	-0.960462	-0.993757	-0.943431	-0.82701	-0.662153	-0.464258	-0.244902	-0.0266077	0.16305	0.333206	0.487132	0.599368	0.659847	0.673893	0.636089	0.545439	0.423292	0.305773	0.212188	0.149892	0.120793	0.100751	0.0764464	0.0514647	0.0229921	-0.00227863	-0.0211654	-0.0351984	-0.0409701	-0.041682	-0.0309094	0	
0	0.220703	0.425173	0.597166	0.729239	0.817351	0.868289	0.893778	0.897954	0.888887	0.850127	0.781785	0.675411	0.539582	0.396691	0.248986	0.117269	-0.00612129	-0.118055	-0.208726	-0.281069	-0.324886	-0.334031	-0.309537	-0.24599	-0.160992	-0.0869657	-0.0456944	-0.0365865	-0.0482777	-0.0551414	-0.0595164	-0.0684018	-0.0736557	-0.0674826	-0.0487413	-0.0256839	-0.0171285	-0.0231621	-0.0370743	-0.0518018	-0.0564676	-0.053681	-0.052728	-0.0538463	-0.053598	-0.0417026	-0.00945079	0.0410892	0.10312	0.182291	0.277902	0.398541	0.53768	0.681326	0.817164	0.929522	0.990024	0.978826	0.889603	0.711196	0.451223	0.147839	-0.159282	-0.446982	-0.70229	-0.903025	-1.03527	-1.12746	-1.16951	-1.13646	-1.03366	-0.87908	-0.683448	-0.444179	-0.198006	0.0347166	0.262945	0.469566	0.631709	0.736452	0.78052	0.765677	0.689128	0.56071	0.422067	0.303448	0.216498	0.166704	0.128344	0.088975	0.0576888	0.0323477	0.0151706	-0.000342187	-0.0206996	-0.0342697	-0.035878	-0.0245959	0	
0	0.213244	0.410218	0.576871	0.703537	0.787768	0.836147	0.858848	0.866151	0.860388	0.834724	0.781714	0.694715	0.581098	0.451133	0.315775	0.184072	0.0533951	-0.0658384	-0.172007	-0.255584	-0.310413	-0.335711	-0.322106	-0.268112	-0.186166	-0.105645	-0.0513734	-0.0328441	-0.0394391	-0.0408513	-0.0486857	-0.0610457	-0.0710704	-0.0757806	-0.0648873	-0.0393161	-0.0231621	-0.0162483	-0.0209166	-0.0322512	-0.0374613	-0.0334357	-0.0275972	-0.0251474	-0.0247593	-0.0166273	0.00957499	0.0593253	0.130295	0.223359	0.332535	0.463387	0.611747	0.767406	0.906515	1.01062	1.05882	1.03154	0.920188	0.719673	0.441696	0.114505	-0.215095	-0.5192	-0.78957	-1.00632	-1.15689	-1.25963	-1.31195	-1.29284	-1.20098	-1.05544	-0.85601	-0.60828	-0.350566	-0.0884277	0.175372	0.418516	0.618512	0.759139	0.840385	0.857034	0.801348	0.683333	0.535302	0.391159	0.282587	0.21421	0.153791	0.100869	0.0674642	0.0491134	0.0471503	0.0425632	0.0218275	-0.00177101	-0.0187446	-0.0190031	0	
0	0.207559	0.398695	0.561774	0.684203	0.765541	0.811317	0.830079	0.8385	0.832758	0.816791	0.775565	0.70674	0.613599	0.499984	0.379271	0.249755	0.118012	-0.0128165	-0.131608	-0.228337	-0.299195	-0.337161	-0.339572	-0.298103	-0.22282	-0.138287	-0.073875	-0.0423998	-0.0358832	-0.0307509	-0.0392515	-0.0474898	-0.0669406	-0.0847513	-0.0780772	-0.0543493	-0.0370743	-0.0209166	-0.0241391	-0.0339185	-0.0343466	-0.0198618	-0.00502963	0.0059796	0.0121829	0.0251576	0.0551296	0.106047	0.177428	0.275157	0.394468	0.529418	0.676797	0.832748	0.963084	1.05483	1.08471	1.03723	0.903039	0.689609	0.407603	0.073037	-0.260741	-0.567996	-0.839794	-1.06629	-1.23349	-1.34626	-1.40654	-1.39733	-1.31706	-1.17734	-0.978466	-0.737612	-0.484109	-0.215611	0.0631626	0.327341	0.550334	0.724415	0.846708	0.898574	0.873991	0.778722	0.633556	0.480663	0.360493	0.270186	0.190749	0.134935	0.0987056	0.0801269	0.0876195	0.0869173	0.0627189	0.030577	-0.00245507	-0.0154924	0	
0	0.198713	0.385425	0.539687	0.661047	0.737487	0.780312	0.798484	0.80277	0.801239	0.789607	0.759931	0.708547	0.633824	0.540112	0.435498	0.314135	0.183044	0.0463033	-0.0869055	-0.196294	-0.283691	-0.337646	-0.356422	-0.329809	-0.264686	-0.179121	-0.106226	-0.062778	-0.0431827	-0.0347006	-0.0349417	-0.0400663	-0.061553	-0.0792683	-0.0795928	-0.072126	-0.0518018	-0.0322512	-0.0339185	-0.0405821	-0.0357768	-0.0207578	0.00165713	0.0237322	0.0475206	0.0785252	0.121012	0.172428	0.242353	0.345106	0.467243	0.589894	0.722833	0.862202	0.975164	1.04778	1.05935	0.993994	0.844766	0.631938	0.353361	0.0291069	-0.296764	-0.595684	-0.857295	-1.08401	-1.25653	-1.37567	-1.43983	-1.43898	-1.37322	-1.24432	-1.05813	-0.83946	-0.605091	-0.346978	-0.0715346	0.199277	0.435953	0.635384	0.794793	0.883739	0.895341	0.83391	0.709554	0.566458	0.4499	0.352262	0.260525	0.195785	0.155703	0.134201	0.127173	0.110976	0.0855949	0.0502901	0.00822847	-0.00933578	0	
0	0.188665	0.365926	0.513152	0.629228	0.700681	0.741074	0.754943	0.75768	0.75716	0.749462	0.731847	0.696774	0.641915	0.572669	0.48565	0.378634	0.2541	0.109858	-0.0303877	-0.155921	-0.257771	-0.325767	-0.35975	-0.352205	-0.297243	-0.221372	-0.145673	-0.091514	-0.0597829	-0.0410029	-0.0287305	-0.0305407	-0.0491848	-0.0694673	-0.0836566	-0.0790898	-0.0564676	-0.0374613	-0.0343466	-0.0357768	-0.0397101	-0.0262734	0.00439305	0.0406767	0.0803927	0.128151	0.187536	0.250117	0.328053	0.429543	0.541052	0.643202	0.751796	0.856279	0.935551	0.983765	0.979532	0.901584	0.753334	0.548351	0.284238	-0.0203479	-0.329451	-0.610738	-0.856249	-1.06403	-1.22535	-1.33847	-1.39989	-1.40901	-1.36258	-1.25849	-1.10533	-0.923281	-0.717682	-0.482896	-0.220714	0.0462781	0.286219	0.50291	0.685813	0.806917	0.859681	0.840516	0.763072	0.655334	0.550513	0.457621	0.362727	0.280855	0.224755	0.187008	0.160391	0.137389	0.10718	0.0558138	0.00786585	-0.00463503	0	
0	0.178404	0.34394	0.486819	0.59427	0.665536	0.700479	0.713272	0.713132	0.711881	0.707261	0.697576	0.675227	0.64067	0.592173	0.528863	0.441259	0.328778	0.18844	0.0445028	-0.0941557	-0.207725	-0.292808	-0.346599	-0.356097	-0.320296	-0.255671	-0.17785	-0.116306	-0.0745049	-0.0428087	-0.0244141	-0.0224257	-0.0333598	-0.0532363	-0.0704941	-0.0697099	-0.053681	-0.0334357	-0.0198618	-0.0207578	-0.0262734	-0.00756018	0.0255828	0.0672964	0.114185	0.180598	0.259073	0.338665	0.416292	0.511091	0.608321	0.691754	0.765462	0.819289	0.857828	0.878662	0.857039	0.772903	0.635387	0.446162	0.202261	-0.0780424	-0.362415	-0.624691	-0.845625	-1.0224	-1.15474	-1.24577	-1.30065	-1.31457	-1.28917	-1.22193	-1.11613	-0.981146	-0.814543	-0.613174	-0.377834	-0.129209	0.109179	0.330477	0.526298	0.684275	0.778943	0.809909	0.796781	0.735582	0.651243	0.564353	0.465723	0.378038	0.30938	0.244837	0.193047	0.158043	0.12363	0.0742414	0.0234275	-0.000618395	0	
