0	0	0	0	0	0	0	0	0	0	0	0	0	0	0	0	0	0	0	0	0	0	0	0	0	0	0	0	0	0	0	0	0	0	0	0	0	0	0	0	0	0	0	0	0	0	0	0	0	0	0	0	0	0	0	0	0	0	0	0	0	0	0	0	0	0	0	0	0	0	0	0	0	0	0	0	0	0	0	0	0	0	0	0	0	0	0	0	0	0	0	0	0	0	0	0	0	0	0	0	
0	-0.00100593	0.00198704	0.0016764	-0.00341015	0.000657238	0.00495853	-0.000194302	-0.00422027	0.000398536	-0.00201461	-0.00179623	-0.00243567	-0.00156754	-0.000938059	-0.00168161	0.00307543	0.00052143	-0.00402319	0.00394776	0.0021938	0.000416688	-0.00214839	-0.000404851	0.00639355	-0.00122163	-0.00480293	-0.00257386	0.00609732	0.00140561	-0.00465109	-0.00631339	-0.0045568	0.00472892	0.00622232	-0.00156339	-0.0153927	-0.0147908	-0.00465156	0.00520081	0.0113599	0.00836007	-0.00891141	-0.0363386	-0.0624278	-0.06959	-0.0659192	-0.0506506	-0.0220239	0.0157048	0.0655975	0.100952	0.126996	0.136792	0.139946	0.132898	0.110522	0.0724466	0.0204568	-0.0301098	-0.0665623	-0.0852074	-0.0891212	-0.0724258	-0.0546803	-0.0447642	-0.0283168	-0.0142334	-0.00890132	-0.00872682	-0.00822069	-0.0103539	-0.020993	-0.0309984	-0.0456963	-0.0685114	-0.0811163	-0.0836711	-0.0793763	-0.0545914	-0.00876723	0.0453825	0.0913478	0.117481	0.133133	0.144535	0.13915	0.116404	0.0871477	0.050749	0.0088832	-0.0275348	-0.0558174	-0.0743368	-0.0705421	-0.0417076	-0.00808943	0.00957006	0.00921555	0	
0	0.00198704	-0.00684	0.00152808	3.42318e-05	-0.00260134	-0.000432247	-0.000879322	-0.00206402	0.00576666	0.000658782	-0.005406	0.00630008	0.00403013	-0.0068264	-0.00306273	0.00274063	-0.00296446	-0.00968427	-0.000918294	0.000409572	-0.00732652	-0.00820788	-0.00547943	0.00487293	-0.00565748	-0.014712	-0.00615772	0.00505624	-0.000194006	-0.0134053	-0.0144997	-0.0120791	0.00514093	0.0064706	-0.00835062	-0.034189	-0.0323464	-0.0140378	0.00472648	0.0163634	0.00844371	-0.023184	-0.0779039	-0.124129	-0.137144	-0.129131	-0.0919649	-0.0394282	0.0431384	0.135381	0.205655	0.254347	0.270615	0.27251	0.258249	0.214251	0.135702	0.0444762	-0.0552401	-0.131841	-0.162257	-0.173986	-0.152025	-0.115654	-0.0855347	-0.0503457	-0.0306649	-0.0231662	-0.0148753	-0.0117066	-0.0230308	-0.0457549	-0.0617275	-0.0885996	-0.134526	-0.162592	-0.167908	-0.156436	-0.107113	-0.0184004	0.0875517	0.179025	0.233406	0.265808	0.286796	0.275836	0.232666	0.17535	0.1028	0.0196166	-0.053271	-0.109524	-0.144955	-0.137406	-0.0832154	-0.0196023	0.0152233	0.0163249	0	
0	0.0016764	0.00152808	0.00273763	0.000367449	-0.000294406	-0.00464165	-0.000209981	-0.00314957	-0.000175619	0.000546471	-0.00561933	-0.000848716	-0.000221632	-0.00413623	-0.00153428	0.00493883	-0.00442923	-0.00445881	0.000799125	0.00431547	-0.00611294	-0.00525578	-0.00340233	0.00784081	-0.00586127	-0.0147949	-0.00574088	0.00803149	-0.00119102	-0.0149995	-0.0185507	-0.012095	0.00739927	0.00893718	-0.0118357	-0.0446959	-0.0394825	-0.0169191	0.0118056	0.0235746	0.0118368	-0.0369826	-0.115413	-0.179176	-0.201587	-0.187328	-0.135271	-0.055225	0.0655167	0.199259	0.303523	0.376935	0.403613	0.408643	0.386789	0.316734	0.203088	0.0605571	-0.0859781	-0.194611	-0.247416	-0.257754	-0.223426	-0.171388	-0.12232	-0.0773581	-0.048886	-0.0313806	-0.023617	-0.0235323	-0.0337012	-0.0617122	-0.0934622	-0.138053	-0.197896	-0.237371	-0.249964	-0.232667	-0.158092	-0.0283377	0.124932	0.259484	0.345534	0.396983	0.424774	0.40817	0.34859	0.265257	0.157203	0.0339328	-0.0752589	-0.158711	-0.208306	-0.197459	-0.12439	-0.0373808	0.0135742	0.0193624	0	
0	-0.00341015	3.42318e-05	0.000367449	-0.00817844	0.00226296	0.0074563	-0.000673814	-0.000513124	-0.00378253	-0.00364223	-0.00256494	-0.00132419	-0.0012398	-0.00541384	-0.00454803	0.0023164	-0.00544327	-0.00576575	0.000255279	-0.00211249	-0.00430135	-0.00887347	-0.00178029	0.00189733	-0.0070174	-0.0155679	-0.00584555	0.00537614	-0.00540883	-0.0164135	-0.022718	-0.0104765	0.00330787	0.0079811	-0.0228271	-0.0497895	-0.0491697	-0.0182654	0.0111625	0.0233027	0.00462456	-0.0621116	-0.155916	-0.233598	-0.263137	-0.236751	-0.173637	-0.0576026	0.0973353	0.266045	0.408459	0.495485	0.535769	0.542108	0.502234	0.409541	0.260178	0.0669247	-0.116963	-0.253154	-0.326601	-0.332569	-0.286017	-0.224515	-0.166747	-0.109928	-0.0649727	-0.03899	-0.0289711	-0.0312884	-0.0491237	-0.0824229	-0.123722	-0.18367	-0.257057	-0.310173	-0.330289	-0.304098	-0.20537	-0.040109	0.154695	0.330592	0.452232	0.524547	0.556349	0.535142	0.463999	0.356881	0.214537	0.0533342	-0.0912719	-0.200479	-0.261212	-0.24855	-0.165169	-0.0631832	0.0022427	0.0166739	0	
0	0.000657238	-0.00260134	-0.000294406	0.00226296	-0.00179312	-0.00431046	-0.00670377	0.00108599	0.00114177	0.000438831	0.00163301	-0.00238164	-0.00192635	-0.00191165	-0.00239334	-0.00385135	-0.00633585	-0.00550236	-0.00337434	-0.00828636	-0.00588641	-0.0104576	-0.00378775	-0.00702812	-0.00953311	-0.0153028	-0.00712998	-0.00322833	-0.0109371	-0.0196295	-0.0241484	-0.0119008	-0.00333965	-0.00212514	-0.0340765	-0.0544221	-0.0545455	-0.0214351	0.00630196	0.016018	-0.0133289	-0.0930904	-0.196956	-0.282226	-0.312763	-0.278112	-0.195164	-0.0487227	0.138944	0.338337	0.507954	0.609732	0.661057	0.661207	0.606589	0.490931	0.304206	0.0766394	-0.138964	-0.307785	-0.396723	-0.403491	-0.360645	-0.285616	-0.198924	-0.127971	-0.0816584	-0.0531956	-0.0391341	-0.0425619	-0.061213	-0.0973944	-0.156351	-0.231564	-0.310798	-0.377664	-0.407047	-0.369922	-0.248848	-0.0545175	0.175732	0.39126	0.551115	0.645212	0.679894	0.65673	0.578452	0.449447	0.274872	0.0790656	-0.0987591	-0.231479	-0.30112	-0.289718	-0.205452	-0.0973341	-0.0197816	0.00713689	0	
0	0.00495853	-0.000432247	-0.00464165	0.0074563	-0.00431046	-0.00513428	0.00303314	-0.00177554	-0.00405282	-0.00489633	-0.000624307	-0.0072713	-0.00429883	0.00136488	-0.00322708	-0.00788401	-0.000652215	-0.000202464	-0.00565426	-0.00678327	-0.00337865	-0.00358963	-0.0056898	-0.00983003	-0.00893806	-0.00780212	-0.00777765	-0.0102174	-0.0133319	-0.0188321	-0.0188152	-0.0125546	-0.00721446	-0.0156657	-0.036889	-0.0531959	-0.0481819	-0.0212217	0.00374717	0.00632526	-0.0368711	-0.12503	-0.234994	-0.32326	-0.351994	-0.313239	-0.2072	-0.0345397	0.179571	0.409246	0.597525	0.720778	0.784355	0.777362	0.710048	0.564896	0.340272	0.0770887	-0.17091	-0.365095	-0.46454	-0.466826	-0.419655	-0.332326	-0.232091	-0.159278	-0.104255	-0.0621128	-0.045455	-0.0533123	-0.0737616	-0.115827	-0.190326	-0.274959	-0.359958	-0.441547	-0.477231	-0.428693	-0.289658	-0.0719319	0.188626	0.440998	0.638883	0.755154	0.794563	0.77343	0.690971	0.541549	0.337886	0.112136	-0.0949313	-0.248216	-0.326347	-0.321091	-0.244891	-0.138592	-0.0519276	-0.00957405	0	
0	-0.000194302	-0.000879322	-0.000209981	-0.000673814	-0.00670377	0.00303314	0.0049945	-0.00513465	-0.00656762	-0.00243608	-0.000310492	-0.00584128	-0.00392778	-0.000111757	-0.00719996	-0.00962268	0.000709388	-0.00362767	-0.0110364	-0.00913167	-0.00331628	-0.00486971	-0.010063	-0.0168299	-0.00745877	-0.00485637	-0.0117401	-0.0198136	-0.0167989	-0.0170606	-0.0159618	-0.0142481	-0.0194896	-0.0300644	-0.0429764	-0.0476445	-0.0444632	-0.0242374	-0.00801307	-0.0172956	-0.0726146	-0.166786	-0.274209	-0.357716	-0.383642	-0.33204	-0.203643	-0.00529758	0.236505	0.481692	0.690978	0.828807	0.895199	0.883504	0.793644	0.617247	0.365536	0.0734933	-0.202343	-0.410332	-0.519114	-0.529899	-0.474453	-0.37251	-0.271942	-0.19273	-0.118263	-0.0699661	-0.0561337	-0.0639658	-0.088183	-0.137583	-0.219724	-0.312596	-0.409212	-0.502106	-0.537573	-0.479372	-0.327998	-0.0921954	0.193907	0.479471	0.712391	0.850921	0.899918	0.885449	0.799985	0.631524	0.403069	0.153386	-0.0770253	-0.24763	-0.336241	-0.343462	-0.282605	-0.184265	-0.0920092	-0.0327188	0	
0	-0.00422027	-0.00206402	-0.00314957	-0.000513124	0.00108599	-0.00177554	-0.00513465	-0.00360596	-0.000477864	0.00286844	0.000689415	-0.00892512	-0.00413899	-0.00120328	-0.00748073	-0.00971983	-0.00338039	-0.00577833	-0.0144692	-0.0087	-0.00596197	-0.00635494	-0.0149899	-0.0202467	-0.00593682	-0.00408026	-0.0182118	-0.0274307	-0.0193208	-0.0144308	-0.0141709	-0.0195147	-0.0341583	-0.0450285	-0.0446592	-0.0410569	-0.0391061	-0.0312444	-0.026525	-0.0509104	-0.117817	-0.210304	-0.311163	-0.382543	-0.402691	-0.335673	-0.183553	0.0367089	0.299577	0.55682	0.779547	0.93086	0.997682	0.974519	0.862097	0.653741	0.377273	0.0651369	-0.229542	-0.446075	-0.565204	-0.583744	-0.526199	-0.423614	-0.310548	-0.208935	-0.129764	-0.0869549	-0.070915	-0.0752033	-0.100709	-0.15598	-0.248458	-0.351911	-0.456065	-0.553228	-0.588198	-0.524517	-0.363553	-0.1135	0.193044	0.506183	0.768437	0.929987	0.995866	0.992102	0.903292	0.717795	0.47003	0.203587	-0.0427897	-0.227833	-0.331154	-0.357587	-0.316922	-0.230541	-0.13638	-0.0603022	0	
0	0.000398536	0.00576666	-0.000175619	-0.00378253	0.00114177	-0.00405282	-0.00656762	-0.000477864	-0.00113477	-0.00666901	-0.00800079	-0.00572284	0.000517445	-0.0020464	-0.00905882	-0.00533556	-0.000998715	-0.00563501	-0.0117933	-0.00702367	-0.0056082	-0.00691006	-0.0181388	-0.0182616	-0.00538614	-0.00573969	-0.0253118	-0.0313035	-0.0199371	-0.012469	-0.0139627	-0.0287847	-0.0479563	-0.056097	-0.040618	-0.0317582	-0.0328663	-0.0389492	-0.049777	-0.0897303	-0.163845	-0.250686	-0.336245	-0.396374	-0.403046	-0.322155	-0.149262	0.0899596	0.361366	0.628679	0.859593	1.02062	1.08857	1.05454	0.915632	0.683945	0.384435	0.0495874	-0.255001	-0.483715	-0.614316	-0.629969	-0.564602	-0.460487	-0.342094	-0.232686	-0.153036	-0.106473	-0.0791028	-0.0785558	-0.115171	-0.183104	-0.276661	-0.383973	-0.498912	-0.599076	-0.630049	-0.562435	-0.395486	-0.134796	0.187675	0.520562	0.804683	0.991457	1.08206	1.09116	0.998266	0.799326	0.538813	0.263427	0.00883893	-0.188765	-0.312128	-0.363408	-0.345227	-0.27296	-0.180262	-0.0890793	0	
0	-0.00201461	0.000658782	0.000546471	-0.00364223	0.000438831	-0.00489633	-0.00243608	0.00286844	-0.00666901	-0.00852553	-0.00336926	0.00159961	-0.00871543	-0.010024	-0.00630665	-0.00321396	-0.00859312	-0.0109087	-0.0100073	-0.00749034	-0.00908237	-0.0112292	-0.0192734	-0.0140487	-0.00716826	-0.0112317	-0.0294108	-0.0302738	-0.0187726	-0.0107427	-0.017522	-0.0387858	-0.0602439	-0.0597644	-0.0350399	-0.0240516	-0.0318036	-0.055712	-0.0833803	-0.142216	-0.215167	-0.294317	-0.358761	-0.403288	-0.392122	-0.292623	-0.0991915	0.15306	0.433418	0.703522	0.940611	1.10707	1.16638	1.11626	0.948712	0.692316	0.374875	0.0331451	-0.276996	-0.511289	-0.643789	-0.667745	-0.606356	-0.498435	-0.371628	-0.257723	-0.175388	-0.116591	-0.0839745	-0.093507	-0.138704	-0.203008	-0.294638	-0.417461	-0.54383	-0.636044	-0.661033	-0.594641	-0.423426	-0.153466	0.178804	0.521385	0.821032	1.03634	1.15687	1.1787	1.08245	0.87594	0.609974	0.333253	0.0770698	-0.132466	-0.280344	-0.359458	-0.364005	-0.30687	-0.218228	-0.114864	0	
0	-0.00179623	-0.005406	-0.00561933	-0.00256494	0.00163301	-0.000624307	-0.000310492	0.000689415	-0.00800079	-0.00336926	-0.0013886	-0.00326437	-0.0129163	-0.0110643	0.000189408	-0.0107086	-0.0155782	-0.0105818	-0.00768604	-0.010475	-0.0153467	-0.0156902	-0.0161369	-0.012235	-0.0129438	-0.0209917	-0.028681	-0.0288816	-0.0177217	-0.0150313	-0.0251546	-0.0518521	-0.0675392	-0.0589567	-0.0297898	-0.0209524	-0.0390145	-0.0791716	-0.129016	-0.197536	-0.268481	-0.329665	-0.373551	-0.39639	-0.362912	-0.2451	-0.0339919	0.224298	0.507535	0.776946	1.01656	1.17992	1.23207	1.15767	0.966061	0.689425	0.354831	0.0153452	-0.298703	-0.533464	-0.665414	-0.696781	-0.637345	-0.533198	-0.404549	-0.282944	-0.192759	-0.126732	-0.0973081	-0.110578	-0.15269	-0.217892	-0.320259	-0.455316	-0.578487	-0.660959	-0.688134	-0.623124	-0.44356	-0.167307	0.165599	0.508661	0.820336	1.06607	1.21684	1.2501	1.1542	0.948179	0.684333	0.412634	0.158893	-0.06274	-0.236496	-0.342724	-0.369068	-0.327738	-0.244794	-0.133186	0	
0	-0.00243567	0.00630008	-0.000848716	-0.00132419	-0.00238164	-0.0072713	-0.00584128	-0.00892512	-0.00572284	0.00159961	-0.00326437	-0.00710601	-0.00691865	-0.00247561	0.000990285	-0.013006	-0.0128198	-0.00486228	-0.00687359	-0.0152587	-0.0195293	-0.0171877	-0.0124975	-0.0155253	-0.0250055	-0.0297079	-0.027493	-0.0285405	-0.0230765	-0.0257747	-0.0399194	-0.0648548	-0.0710517	-0.0554731	-0.0292302	-0.025339	-0.0554477	-0.111399	-0.181074	-0.252637	-0.313383	-0.353358	-0.37238	-0.369868	-0.310853	-0.174043	0.0449983	0.305924	0.581531	0.847707	1.08061	1.23525	1.27256	1.17604	0.964717	0.673028	0.339035	8.22226e-05	-0.310318	-0.543935	-0.687711	-0.725099	-0.669063	-0.563251	-0.429495	-0.30614	-0.206578	-0.139566	-0.118119	-0.12418	-0.161314	-0.237857	-0.349944	-0.485044	-0.603464	-0.684778	-0.713096	-0.6415	-0.453953	-0.178693	0.147401	0.485582	0.807212	1.08107	1.25739	1.30138	1.21286	1.01685	0.762402	0.499816	0.249299	0.0158323	-0.180348	-0.309114	-0.355937	-0.331278	-0.255078	-0.14022	0	
0	-0.00156754	0.00403013	-0.000221632	-0.0012398	-0.00192635	-0.00429883	-0.00392778	-0.00413899	0.000517445	-0.00871543	-0.0129163	-0.00691865	-0.00854507	-0.00807636	-0.00758495	-0.0140648	-0.0122787	-0.00486261	-0.00932906	-0.0174015	-0.0185661	-0.0119654	-0.00769076	-0.0171709	-0.0320871	-0.0254856	-0.0197015	-0.0215837	-0.0267886	-0.0321817	-0.0497973	-0.0647285	-0.0616342	-0.0445548	-0.0278362	-0.0339088	-0.0764977	-0.150868	-0.235005	-0.305067	-0.351636	-0.368952	-0.36493	-0.332093	-0.2494	-0.0949753	0.126069	0.385062	0.652846	0.915342	1.1378	1.28211	1.30038	1.18128	0.953054	0.648465	0.314272	-0.0191937	-0.323103	-0.556316	-0.699584	-0.741448	-0.692684	-0.586116	-0.453997	-0.327885	-0.226068	-0.161883	-0.129775	-0.128684	-0.177749	-0.263245	-0.37419	-0.50764	-0.626474	-0.708212	-0.730924	-0.648958	-0.457624	-0.188711	0.126051	0.456639	0.786094	1.08068	1.27429	1.33039	1.25871	1.0823	0.843475	0.59132	0.342293	0.0992877	-0.11074	-0.254451	-0.320291	-0.313468	-0.245442	-0.133722	0	
0	-0.000938059	-0.0068264	-0.00413623	-0.00541384	-0.00191165	0.00136488	-0.000111757	-0.00120328	-0.0020464	-0.010024	-0.0110643	-0.00247561	-0.00807636	-0.0096924	-0.013456	-0.0163242	-0.0103684	-0.00987754	-0.0168419	-0.0219964	-0.0197215	-0.0119754	-0.0133836	-0.028047	-0.0386878	-0.0244558	-0.0173743	-0.0261855	-0.0382184	-0.0484466	-0.061286	-0.0643941	-0.0534794	-0.043512	-0.0401339	-0.0589401	-0.114059	-0.204221	-0.293592	-0.355202	-0.380629	-0.375092	-0.341122	-0.277123	-0.166086	-0.00112262	0.220366	0.469767	0.729565	0.980257	1.18618	1.31126	1.30419	1.16619	0.921088	0.615018	0.284894	-0.037298	-0.328187	-0.560587	-0.700908	-0.750329	-0.710246	-0.607755	-0.482786	-0.352864	-0.245677	-0.175528	-0.136845	-0.141563	-0.19632	-0.283867	-0.397291	-0.527911	-0.646739	-0.72916	-0.740909	-0.647262	-0.456661	-0.19786	0.104008	0.427459	0.760411	1.06287	1.26526	1.33792	1.29252	1.14337	0.924677	0.68218	0.43255	0.185523	-0.0261144	-0.175649	-0.258446	-0.270699	-0.214019	-0.11364	0	
0	-0.00168161	-0.00306273	-0.00153428	-0.00454803	-0.00239334	-0.00322708	-0.00719996	-0.00748073	-0.00905882	-0.00630665	0.000189408	0.000990285	-0.00758495	-0.013456	-0.0122987	-0.00604939	-0.00742192	-0.0182994	-0.0207251	-0.0202267	-0.0176136	-0.0161342	-0.024132	-0.0369696	-0.0395545	-0.0233624	-0.0211466	-0.036381	-0.0539354	-0.0650586	-0.0676314	-0.0589059	-0.0471197	-0.0502996	-0.0625097	-0.0947188	-0.161967	-0.260639	-0.345989	-0.391548	-0.393415	-0.362875	-0.296455	-0.19955	-0.0650751	0.106844	0.319003	0.558037	0.802429	1.03534	1.21781	1.31403	1.28324	1.12804	0.876846	0.576503	0.26126	-0.0446038	-0.324865	-0.551446	-0.699884	-0.762453	-0.728693	-0.6337	-0.507412	-0.371085	-0.2604	-0.182687	-0.148376	-0.163153	-0.215615	-0.301619	-0.413359	-0.543509	-0.671114	-0.748423	-0.739201	-0.638069	-0.455157	-0.206292	0.0862806	0.403309	0.730004	1.02565	1.23263	1.32764	1.31407	1.19642	1.00083	0.766936	0.517038	0.27481	0.074649	-0.0716296	-0.167921	-0.200277	-0.16098	-0.0820454	0	
0	0.00307543	0.00274063	0.00493883	0.0023164	-0.00385135	-0.00788401	-0.00962268	-0.00971983	-0.00533556	-0.00321396	-0.0107086	-0.013006	-0.0140648	-0.0163242	-0.00604939	-0.00162157	-0.01686	-0.022615	-0.0130172	-0.0113243	-0.0134254	-0.0203013	-0.0268672	-0.0330531	-0.0278111	-0.0190441	-0.0230988	-0.0425476	-0.0628294	-0.0682736	-0.0597845	-0.0424422	-0.0408995	-0.058042	-0.0893543	-0.133168	-0.212472	-0.309104	-0.384034	-0.408624	-0.38911	-0.331656	-0.235113	-0.107656	0.0413244	0.212439	0.411228	0.634971	0.863988	1.07357	1.23099	1.2987	1.24918	1.08416	0.834324	0.543973	0.24058	-0.0512328	-0.322991	-0.549604	-0.700599	-0.768329	-0.743093	-0.64947	-0.520313	-0.385624	-0.27584	-0.202436	-0.17181	-0.176692	-0.22256	-0.314334	-0.431473	-0.568784	-0.69521	-0.751589	-0.728527	-0.632824	-0.454714	-0.207858	0.0781353	0.383797	0.691674	0.971436	1.18401	1.30354	1.32096	1.23583	1.06529	0.840935	0.595864	0.369355	0.191512	0.0563459	-0.0481482	-0.101367	-0.0884478	-0.0422807	0	
0	0.00052143	-0.00296446	-0.00442923	-0.00544327	-0.00633585	-0.000652215	0.000709388	-0.00338039	-0.000998715	-0.00859312	-0.0155782	-0.0128198	-0.0122787	-0.0103684	-0.00742192	-0.01686	-0.0288347	-0.0210204	-0.0110857	-0.0169453	-0.0243329	-0.0318281	-0.0342832	-0.0289142	-0.0263472	-0.0271798	-0.0371057	-0.0560019	-0.0737706	-0.0703853	-0.0514696	-0.0380164	-0.0499857	-0.0859744	-0.132342	-0.191329	-0.273169	-0.360562	-0.415737	-0.418337	-0.374943	-0.288086	-0.158964	-0.00563744	0.155277	0.320738	0.506709	0.71582	0.922545	1.10737	1.22926	1.26747	1.19918	1.02666	0.783123	0.505469	0.218277	-0.0599465	-0.318137	-0.540765	-0.69382	-0.763066	-0.746165	-0.66065	-0.540076	-0.411183	-0.297874	-0.218497	-0.180055	-0.181868	-0.234544	-0.333375	-0.456124	-0.592057	-0.702089	-0.746074	-0.726698	-0.631248	-0.445581	-0.199091	0.0770641	0.364389	0.64553	0.908823	1.12834	1.26725	1.3095	1.25546	1.11127	0.901491	0.671967	0.472012	0.322984	0.204943	0.0987019	0.0238849	-4.7103e-05	0.00238502	0	
0	-0.00402319	-0.00968427	-0.00445881	-0.00576575	-0.00550236	-0.000202464	-0.00362767	-0.00577833	-0.00563501	-0.0109087	-0.0105818	-0.00486228	-0.00486261	-0.00987754	-0.0182994	-0.022615	-0.0210204	-0.0149007	-0.0151765	-0.0251001	-0.0310749	-0.0397974	-0.0320504	-0.0241764	-0.0301422	-0.042326	-0.0526195	-0.0672414	-0.0784361	-0.0646129	-0.0453839	-0.0425303	-0.0734613	-0.123035	-0.18678	-0.252916	-0.330675	-0.396185	-0.428323	-0.406943	-0.337414	-0.219586	-0.0612963	0.111809	0.27421	0.432559	0.600792	0.790719	0.971306	1.11951	1.20611	1.21355	1.12964	0.958821	0.727062	0.466749	0.201354	-0.0575997	-0.304261	-0.521201	-0.67716	-0.761576	-0.758294	-0.678358	-0.561151	-0.429088	-0.31055	-0.227317	-0.186445	-0.194299	-0.253652	-0.35462	-0.476015	-0.600263	-0.701841	-0.751862	-0.730722	-0.619612	-0.42656	-0.185493	0.0786472	0.342815	0.596943	0.848538	1.07146	1.21828	1.2768	1.25003	1.13349	0.948727	0.749542	0.584541	0.466352	0.369359	0.267013	0.169567	0.0997431	0.0499728	0	
0	0.00394776	-0.000918294	0.000799125	0.000255279	-0.00337434	-0.00565426	-0.0110364	-0.0144692	-0.0117933	-0.0100073	-0.00768604	-0.00687359	-0.00932906	-0.0168419	-0.0207251	-0.0130172	-0.0110857	-0.0151765	-0.0200042	-0.0256369	-0.0349312	-0.0362059	-0.0236429	-0.0211667	-0.0405572	-0.0567736	-0.062887	-0.0704262	-0.0718197	-0.0544052	-0.0436185	-0.059503	-0.10498	-0.169622	-0.243701	-0.313347	-0.372208	-0.412777	-0.417673	-0.372933	-0.27513	-0.127326	0.0527544	0.234812	0.39334	0.536832	0.68741	0.849601	0.996829	1.10639	1.15521	1.14074	1.0519	0.891906	0.680741	0.443219	0.195654	-0.0509098	-0.289466	-0.509102	-0.671558	-0.759801	-0.763818	-0.691559	-0.575258	-0.440148	-0.320066	-0.237407	-0.201232	-0.21343	-0.269716	-0.366849	-0.484969	-0.606331	-0.713086	-0.762479	-0.72369	-0.599167	-0.406406	-0.169793	0.080338	0.319459	0.554703	0.798712	1.01467	1.15613	1.22191	1.21636	1.13039	0.98546	0.831419	0.706137	0.618235	0.543779	0.447542	0.326173	0.206149	0.100131	0	
0	0.0021938	0.000409572	0.00431547	-0.00211249	-0.00828636	-0.00678327	-0.00913167	-0.0087	-0.00702367	-0.00749034	-0.010475	-0.0152587	-0.0174015	-0.0219964	-0.0202267	-0.0113243	-0.0169453	-0.0251001	-0.0256369	-0.0334914	-0.0353396	-0.0295095	-0.0188647	-0.031209	-0.0544121	-0.0673476	-0.0661569	-0.0648123	-0.0587694	-0.0474518	-0.0549305	-0.0888741	-0.148297	-0.223432	-0.305738	-0.364976	-0.401229	-0.411215	-0.392708	-0.32193	-0.196008	-0.0239805	0.169967	0.351817	0.501923	0.633054	0.76082	0.896069	1.00568	1.07555	1.09498	1.06164	0.974404	0.829449	0.636548	0.418943	0.18982	-0.0457678	-0.277135	-0.493334	-0.661051	-0.757383	-0.76712	-0.696618	-0.582266	-0.452688	-0.335937	-0.253387	-0.216568	-0.224983	-0.277114	-0.374898	-0.495919	-0.620384	-0.72609	-0.763072	-0.709844	-0.579599	-0.384712	-0.153504	0.0775886	0.299781	0.52831	0.760653	0.956018	1.08208	1.14619	1.15541	1.10584	1.01542	0.916562	0.833069	0.774868	0.721266	0.628207	0.482056	0.314268	0.153189	0	
0	0.000416688	-0.00732652	-0.00611294	-0.00430135	-0.00588641	-0.00337865	-0.00331628	-0.00596197	-0.0056082	-0.00908237	-0.0153467	-0.0195293	-0.0185661	-0.0197215	-0.0176136	-0.0134254	-0.0243329	-0.0310749	-0.0349312	-0.0353396	-0.0295172	-0.024666	-0.0313227	-0.0501244	-0.0680806	-0.0741501	-0.0670082	-0.0565176	-0.0521216	-0.0570681	-0.0863924	-0.134562	-0.204406	-0.286704	-0.364864	-0.405332	-0.410398	-0.393075	-0.34677	-0.249114	-0.0958547	0.0946063	0.291015	0.468461	0.6071	0.721843	0.825599	0.923257	0.993317	1.02493	1.01701	0.976329	0.896787	0.76927	0.599763	0.400497	0.184006	-0.0399485	-0.264838	-0.479977	-0.646385	-0.744595	-0.764223	-0.704151	-0.595924	-0.468293	-0.350573	-0.266133	-0.225325	-0.230966	-0.284568	-0.385302	-0.509905	-0.635016	-0.7329	-0.757889	-0.695305	-0.558173	-0.36345	-0.145128	0.0735817	0.295513	0.519186	0.727995	0.894545	0.999741	1.05358	1.0744	1.06832	1.04033	0.999496	0.95947	0.931364	0.893183	0.796066	0.625829	0.418731	0.208258	0	
0	-0.00214839	-0.00820788	-0.00525578	-0.00887347	-0.0104576	-0.00358963	-0.00486971	-0.00635494	-0.00691006	-0.0112292	-0.0156902	-0.0171877	-0.0119654	-0.0119754	-0.0161342	-0.0203013	-0.0318281	-0.0397974	-0.0362059	-0.0295095	-0.024666	-0.0376677	-0.0534267	-0.0665871	-0.0749097	-0.0772276	-0.0626965	-0.0502499	-0.0578899	-0.0870513	-0.133021	-0.192509	-0.268406	-0.349971	-0.412471	-0.424656	-0.400611	-0.353456	-0.280293	-0.15292	0.0216058	0.219898	0.413208	0.579766	0.707288	0.802527	0.87447	0.933113	0.959637	0.956869	0.93025	0.885041	0.817928	0.711526	0.56241	0.384088	0.185522	-0.0284302	-0.245407	-0.45821	-0.632001	-0.739545	-0.766153	-0.710744	-0.607412	-0.482696	-0.362336	-0.273672	-0.230498	-0.236356	-0.292431	-0.397956	-0.526397	-0.646384	-0.732527	-0.748004	-0.678645	-0.539899	-0.353027	-0.141311	0.0830735	0.309113	0.516438	0.695062	0.833086	0.9133	0.952114	0.986898	1.02715	1.05822	1.07245	1.07817	1.07993	1.04896	0.940036	0.748622	0.513106	0.261525	0	
0	-0.000404851	-0.00547943	-0.00340233	-0.00178029	-0.00378775	-0.0056898	-0.010063	-0.0149899	-0.0181388	-0.0192734	-0.0161369	-0.0124975	-0.00769076	-0.0133836	-0.024132	-0.0268672	-0.0342832	-0.0320504	-0.0236429	-0.0188647	-0.0313227	-0.0534267	-0.0646948	-0.0674486	-0.0715355	-0.0686777	-0.0515495	-0.047766	-0.0790182	-0.127746	-0.186345	-0.251323	-0.32878	-0.396659	-0.43284	-0.415256	-0.36153	-0.287104	-0.182705	-0.0322001	0.154685	0.350115	0.530859	0.685273	0.79385	0.863078	0.896693	0.909648	0.898128	0.868562	0.832681	0.796613	0.747977	0.665125	0.540661	0.378167	0.191048	-0.0143595	-0.229455	-0.442597	-0.618875	-0.732498	-0.768758	-0.72179	-0.618919	-0.490128	-0.367231	-0.276354	-0.232966	-0.244996	-0.30781	-0.413828	-0.536673	-0.646963	-0.725001	-0.737586	-0.669005	-0.533916	-0.346978	-0.12467	0.10905	0.326438	0.510407	0.663259	0.77435	0.827747	0.855701	0.908556	0.987793	1.06503	1.12865	1.18033	1.20847	1.17717	1.05301	0.8449	0.589746	0.306171	0	
0	0.00639355	0.00487293	0.00784081	0.00189733	-0.00702812	-0.00983003	-0.0168299	-0.0202467	-0.0182616	-0.0140487	-0.012235	-0.0155253	-0.0171709	-0.028047	-0.0369696	-0.0330531	-0.0289142	-0.0241764	-0.0211667	-0.031209	-0.0501244	-0.0665871	-0.0674486	-0.0653661	-0.063371	-0.05707	-0.0468445	-0.0657397	-0.117763	-0.180639	-0.244626	-0.313293	-0.380118	-0.424048	-0.429031	-0.383257	-0.303381	-0.19843	-0.0683148	0.0991873	0.285032	0.469518	0.636003	0.773056	0.861461	0.897288	0.889864	0.862012	0.818823	0.774527	0.74094	0.717361	0.690846	0.631462	0.524872	0.378792	0.200885	-0.00203398	-0.215461	-0.432309	-0.615435	-0.733078	-0.770497	-0.721716	-0.618349	-0.491177	-0.369224	-0.282896	-0.24676	-0.26068	-0.318795	-0.418344	-0.535316	-0.64161	-0.720659	-0.737725	-0.670478	-0.528667	-0.327386	-0.0939001	0.135322	0.336289	0.502335	0.634202	0.719202	0.753417	0.781207	0.84943	0.950912	1.05866	1.16346	1.25437	1.30173	1.26772	1.1318	0.911358	0.640813	0.3346	0	
0	-0.00122163	-0.00565748	-0.00586127	-0.0070174	-0.00953311	-0.00893806	-0.00745877	-0.00593682	-0.00538614	-0.00716826	-0.0129438	-0.0250055	-0.0320871	-0.0386878	-0.0395545	-0.0278111	-0.0263472	-0.0301422	-0.0405572	-0.0544121	-0.0680806	-0.0749097	-0.0715355	-0.063371	-0.0566775	-0.0563136	-0.0688016	-0.109987	-0.176163	-0.2444	-0.312523	-0.373792	-0.41898	-0.430386	-0.405585	-0.334288	-0.225877	-0.0931353	0.0591879	0.229758	0.407669	0.576822	0.727091	0.846359	0.906483	0.906929	0.858657	0.796318	0.73391	0.685791	0.661155	0.655971	0.648278	0.606035	0.514019	0.373541	0.200065	0.000684953	-0.21123	-0.423632	-0.603737	-0.720732	-0.760833	-0.717892	-0.618951	-0.497209	-0.382114	-0.297406	-0.257148	-0.266022	-0.318377	-0.412871	-0.531098	-0.644304	-0.72905	-0.744724	-0.666733	-0.508988	-0.296967	-0.0659318	0.151633	0.340856	0.493597	0.605974	0.67434	0.705674	0.738821	0.81034	0.916577	1.0408	1.17234	1.28687	1.34573	1.31363	1.1744	0.94492	0.660567	0.342049	0	
0	-0.00480293	-0.014712	-0.0147949	-0.0155679	-0.0153028	-0.00780212	-0.00485637	-0.00408026	-0.00573969	-0.0112317	-0.0209917	-0.0297079	-0.0254856	-0.0244558	-0.0233624	-0.0190441	-0.0271798	-0.042326	-0.0567736	-0.0673476	-0.0741501	-0.0772276	-0.0686777	-0.05707	-0.0563136	-0.0790751	-0.115846	-0.172049	-0.242888	-0.314962	-0.377865	-0.419799	-0.431984	-0.410891	-0.358386	-0.259835	-0.122551	0.0366189	0.198454	0.365427	0.528535	0.682872	0.815437	0.909701	0.93687	0.895915	0.809758	0.71943	0.644801	0.598076	0.585472	0.594624	0.60412	0.57753	0.497002	0.368785	0.203371	0.010577	-0.195338	-0.406598	-0.587908	-0.709207	-0.756206	-0.719852	-0.628517	-0.510827	-0.392728	-0.303129	-0.256766	-0.258688	-0.310135	-0.412401	-0.540528	-0.657247	-0.736686	-0.740878	-0.649276	-0.482527	-0.271373	-0.0481198	0.160971	0.341005	0.481235	0.583949	0.654343	0.693551	0.726127	0.788055	0.887636	1.01321	1.14882	1.26709	1.33263	1.31049	1.17668	0.941768	0.647784	0.329265	0	
0	-0.00257386	-0.00615772	-0.00574088	-0.00584555	-0.00712998	-0.00777765	-0.0117401	-0.0182118	-0.0253118	-0.0294108	-0.028681	-0.027493	-0.0197015	-0.0173743	-0.0211466	-0.0230988	-0.0371057	-0.0526195	-0.062887	-0.0661569	-0.0670082	-0.0626965	-0.0515495	-0.0468445	-0.0688016	-0.115846	-0.168425	-0.229377	-0.302994	-0.371477	-0.416947	-0.427239	-0.405493	-0.355717	-0.276595	-0.15081	0.0131605	0.184878	0.345343	0.496597	0.642964	0.777002	0.884674	0.945005	0.930214	0.848659	0.729776	0.622517	0.546389	0.510932	0.51467	0.544056	0.571367	0.560377	0.493826	0.373354	0.214979	0.0255994	-0.179967	-0.39194	-0.579571	-0.707608	-0.760791	-0.729954	-0.637335	-0.514562	-0.391023	-0.294637	-0.246113	-0.255201	-0.316275	-0.423446	-0.551241	-0.662428	-0.732139	-0.726251	-0.628086	-0.460847	-0.254519	-0.03829	0.162491	0.33406	0.471907	0.583585	0.667843	0.711657	0.73485	0.781648	0.865873	0.972629	1.08701	1.1927	1.26229	1.25449	1.13152	0.898529	0.606387	0.302039	0	
0	0.00609732	0.00505624	0.00803149	0.00537614	-0.00322833	-0.0102174	-0.0198136	-0.0274307	-0.0313035	-0.0302738	-0.0288816	-0.0285405	-0.0215837	-0.0261855	-0.036381	-0.0425476	-0.0560019	-0.0672414	-0.0704262	-0.0648123	-0.0565176	-0.0502499	-0.047766	-0.0657397	-0.109987	-0.172049	-0.229377	-0.292693	-0.362848	-0.414998	-0.429967	-0.405757	-0.354868	-0.278765	-0.173203	-0.0209155	0.157657	0.330179	0.476166	0.61012	0.735674	0.846585	0.921607	0.94189	0.885942	0.770428	0.63264	0.5219	0.456969	0.438809	0.464471	0.512216	0.556074	0.55788	0.498486	0.383124	0.224656	0.0336765	-0.175612	-0.392492	-0.581596	-0.711246	-0.764117	-0.728428	-0.631454	-0.505499	-0.381138	-0.290097	-0.248835	-0.261719	-0.323927	-0.430178	-0.553475	-0.656903	-0.718919	-0.708558	-0.610045	-0.446511	-0.247183	-0.039436	0.155284	0.329855	0.482684	0.613357	0.707865	0.748606	0.760227	0.789485	0.845341	0.912039	0.98729	1.07089	1.13912	1.14189	1.03246	0.814642	0.543109	0.267428	0	
0	0.00140561	-0.000194006	-0.00119102	-0.00540883	-0.0109371	-0.0133319	-0.0167989	-0.0193208	-0.0199371	-0.0187726	-0.0177217	-0.0230765	-0.0267886	-0.0382184	-0.0539354	-0.0628294	-0.0737706	-0.0784361	-0.0718197	-0.0587694	-0.0521216	-0.0578899	-0.0790182	-0.117763	-0.176163	-0.242888	-0.302994	-0.362848	-0.416664	-0.438835	-0.418579	-0.364891	-0.28735	-0.185306	-0.0520918	0.116893	0.298966	0.459011	0.588752	0.703133	0.808236	0.88991	0.928291	0.908101	0.818042	0.681452	0.538637	0.437118	0.388519	0.391335	0.433508	0.495676	0.548442	0.554546	0.497632	0.38143	0.222546	0.0302984	-0.177742	-0.39198	-0.580563	-0.705888	-0.754182	-0.71833	-0.622384	-0.499906	-0.380588	-0.292197	-0.252928	-0.267772	-0.328047	-0.428212	-0.544888	-0.643175	-0.702316	-0.692609	-0.599042	-0.443959	-0.253335	-0.0489279	0.153274	0.34648	0.520928	0.665294	0.762319	0.798324	0.798132	0.801491	0.813662	0.827931	0.857978	0.91292	0.968419	0.972311	0.879403	0.693609	0.463255	0.229091	0	
0	-0.00465109	-0.0134053	-0.0149995	-0.0164135	-0.0196295	-0.0188321	-0.0170606	-0.0144308	-0.012469	-0.0107427	-0.0150313	-0.0257747	-0.0321817	-0.0484466	-0.0650586	-0.0682736	-0.0703853	-0.0646129	-0.0544052	-0.0474518	-0.0570681	-0.0870513	-0.127746	-0.180639	-0.2444	-0.314962	-0.371477	-0.414998	-0.438835	-0.425438	-0.375214	-0.294328	-0.190947	-0.0600287	0.0922983	0.267876	0.43949	0.584109	0.695128	0.790398	0.868426	0.914742	0.911538	0.85381	0.736761	0.589965	0.450926	0.36262	0.332798	0.350946	0.40803	0.478867	0.537159	0.54714	0.491483	0.376657	0.219051	0.0301015	-0.176049	-0.387171	-0.570001	-0.695053	-0.745855	-0.711217	-0.617997	-0.49868	-0.38242	-0.297158	-0.257271	-0.266944	-0.321194	-0.41629	-0.528791	-0.625161	-0.686981	-0.685331	-0.602683	-0.455849	-0.264876	-0.0487121	0.173929	0.388527	0.577607	0.728155	0.82582	0.855957	0.835982	0.800831	0.761748	0.724181	0.709387	0.727476	0.756675	0.753779	0.681879	0.541914	0.367656	0.185185	0	
0	-0.00631339	-0.0144997	-0.0185507	-0.022718	-0.0241484	-0.0188152	-0.0159618	-0.0141709	-0.0139627	-0.017522	-0.0251546	-0.0399194	-0.0497973	-0.061286	-0.0676314	-0.0597845	-0.0514696	-0.0453839	-0.0436185	-0.0549305	-0.0863924	-0.133021	-0.186345	-0.244626	-0.312523	-0.377865	-0.416947	-0.429967	-0.418579	-0.375214	-0.297808	-0.191677	-0.059586	0.0907829	0.251115	0.416693	0.572312	0.696896	0.788252	0.857198	0.900354	0.904734	0.861405	0.77258	0.641356	0.494387	0.367725	0.297577	0.284312	0.319239	0.385908	0.46445	0.527859	0.540105	0.487392	0.375944	0.221507	0.034325	-0.16818	-0.378417	-0.564542	-0.6893	-0.739399	-0.708009	-0.618733	-0.502293	-0.385885	-0.296629	-0.251857	-0.256421	-0.304744	-0.395448	-0.508174	-0.61111	-0.684706	-0.695032	-0.618247	-0.466981	-0.261274	-0.0245717	0.217702	0.446222	0.643363	0.7979	0.893127	0.907595	0.855078	0.775579	0.689552	0.606719	0.546493	0.519885	0.515463	0.504483	0.456841	0.366896	0.253617	0.130556	0	
0	-0.0045568	-0.0120791	-0.012095	-0.0104765	-0.0119008	-0.0125546	-0.0142481	-0.0195147	-0.0287847	-0.0387858	-0.0518521	-0.0648548	-0.0647285	-0.0643941	-0.0589059	-0.0424422	-0.0380164	-0.0425303	-0.059503	-0.0888741	-0.134562	-0.192509	-0.251323	-0.313293	-0.373792	-0.419799	-0.427239	-0.405757	-0.364891	-0.294328	-0.191677	-0.0567597	0.0948125	0.25409	0.404873	0.55487	0.68973	0.794175	0.859553	0.89416	0.895632	0.857601	0.780039	0.672715	0.537042	0.400796	0.291061	0.240062	0.246156	0.293784	0.372582	0.458607	0.526138	0.542146	0.491193	0.379819	0.225839	0.0399309	-0.164909	-0.375719	-0.559592	-0.687721	-0.742844	-0.712682	-0.621889	-0.501761	-0.381084	-0.286577	-0.234467	-0.232831	-0.280004	-0.375617	-0.498562	-0.614381	-0.697822	-0.709691	-0.625043	-0.458449	-0.233932	0.0200705	0.275312	0.51272	0.715069	0.867991	0.948861	0.934248	0.843673	0.724925	0.600437	0.47599	0.368972	0.297362	0.263232	0.248088	0.222815	0.176078	0.119817	0.0618296	0	
0	0.00472892	0.00514093	0.00739927	0.00330787	-0.00333965	-0.00721446	-0.0194896	-0.0341583	-0.0479563	-0.0602439	-0.0675392	-0.0710517	-0.0616342	-0.0534794	-0.0471197	-0.0408995	-0.0499857	-0.0734613	-0.10498	-0.148297	-0.204406	-0.268406	-0.32878	-0.380118	-0.41898	-0.431984	-0.405493	-0.354868	-0.28735	-0.190947	-0.059586	0.0948125	0.255171	0.404719	0.539765	0.668833	0.78353	0.862087	0.893681	0.887795	0.846559	0.773893	0.676116	0.563353	0.438079	0.318626	0.230791	0.201118	0.222298	0.284268	0.370371	0.461332	0.532476	0.548416	0.496962	0.386447	0.231035	0.0413057	-0.165177	-0.380744	-0.571266	-0.699079	-0.748837	-0.71321	-0.617119	-0.490429	-0.361214	-0.259976	-0.207128	-0.209719	-0.265341	-0.372863	-0.506054	-0.626198	-0.706804	-0.708741	-0.609505	-0.42718	-0.188262	0.0777657	0.342371	0.584681	0.783574	0.921021	0.974396	0.925978	0.802309	0.652069	0.492881	0.327768	0.178592	0.0730086	0.0210446	0.00557147	-0.00478643	-0.0210372	-0.0281323	-0.0181488	0	
0	0.00622232	0.0064706	0.00893718	0.0079811	-0.00212514	-0.0156657	-0.0300644	-0.0450285	-0.056097	-0.0597644	-0.0589567	-0.0554731	-0.0445548	-0.043512	-0.0502996	-0.058042	-0.0859744	-0.123035	-0.169622	-0.223432	-0.286704	-0.349971	-0.396659	-0.424048	-0.430386	-0.410891	-0.355717	-0.278765	-0.185306	-0.0600287	0.0907829	0.25409	0.404719	0.538807	0.653054	0.763436	0.853346	0.899086	0.890911	0.842312	0.766342	0.671306	0.567059	0.463002	0.352939	0.255839	0.189195	0.177908	0.215612	0.286797	0.380671	0.475828	0.545739	0.559035	0.503037	0.384522	0.222462	0.0285817	-0.183727	-0.399224	-0.582192	-0.703802	-0.747109	-0.702128	-0.595429	-0.460707	-0.331011	-0.234885	-0.189706	-0.202956	-0.269144	-0.381566	-0.512727	-0.626116	-0.695867	-0.684182	-0.572179	-0.378726	-0.129083	0.145907	0.413733	0.649084	0.829292	0.939431	0.962386	0.88515	0.734652	0.555194	0.361814	0.161866	-0.0151667	-0.137112	-0.195066	-0.210171	-0.214048	-0.210573	-0.175654	-0.0995814	0	
0	-0.00156339	-0.00835062	-0.0118357	-0.0228271	-0.0340765	-0.036889	-0.0429764	-0.0446592	-0.040618	-0.0350399	-0.0297898	-0.0292302	-0.0278362	-0.0401339	-0.0625097	-0.0893543	-0.132342	-0.18678	-0.243701	-0.305738	-0.364864	-0.412471	-0.43284	-0.429031	-0.405585	-0.358386	-0.276595	-0.173203	-0.0520918	0.0922983	0.251115	0.404873	0.539765	0.653054	0.748899	0.83615	0.894631	0.901231	0.850166	0.767429	0.668498	0.567494	0.471876	0.383594	0.296102	0.219172	0.171714	0.176421	0.221804	0.299216	0.393145	0.484302	0.549381	0.554805	0.490615	0.368971	0.204576	0.00921726	-0.198416	-0.409021	-0.586888	-0.697738	-0.72736	-0.672441	-0.564238	-0.434606	-0.311956	-0.225425	-0.19124	-0.209724	-0.274361	-0.381596	-0.503047	-0.603583	-0.661046	-0.638634	-0.517046	-0.314762	-0.0588833	0.215321	0.471782	0.685022	0.836921	0.918962	0.916616	0.815197	0.63861	0.429887	0.208104	-0.0120837	-0.198093	-0.32125	-0.378359	-0.39329	-0.393837	-0.37433	-0.302571	-0.169101	0	
0	-0.0153927	-0.034189	-0.0446959	-0.0497895	-0.0544221	-0.0531959	-0.0476445	-0.0410569	-0.0317582	-0.0240516	-0.0209524	-0.025339	-0.0339088	-0.0589401	-0.0947188	-0.133168	-0.191329	-0.252916	-0.313347	-0.364976	-0.405332	-0.424656	-0.415256	-0.383257	-0.334288	-0.259835	-0.15081	-0.0209155	0.116893	0.267876	0.416693	0.55487	0.668833	0.763436	0.83615	0.893487	0.913227	0.875777	0.788665	0.680515	0.573791	0.477964	0.395991	0.326807	0.254856	0.193742	0.158347	0.17048	0.221737	0.299857	0.392878	0.482936	0.543015	0.543665	0.477537	0.35307	0.189422	-0.000300571	-0.203822	-0.406407	-0.571887	-0.675289	-0.703179	-0.651257	-0.547843	-0.423687	-0.309828	-0.22975	-0.195087	-0.20969	-0.267717	-0.362803	-0.469365	-0.557829	-0.60499	-0.572212	-0.443832	-0.241298	0.00708042	0.264642	0.496315	0.680755	0.805329	0.864023	0.83929	0.713193	0.510755	0.279327	0.0435932	-0.178901	-0.359358	-0.475907	-0.52862	-0.539722	-0.531962	-0.493678	-0.390169	-0.215102	0	
0	-0.0147908	-0.0323464	-0.0394825	-0.0491697	-0.0545455	-0.0481819	-0.0444632	-0.0391061	-0.0328663	-0.0318036	-0.0390145	-0.0554477	-0.0764977	-0.114059	-0.161967	-0.212472	-0.273169	-0.330675	-0.372208	-0.401229	-0.410398	-0.400611	-0.36153	-0.303381	-0.225877	-0.122551	0.0131605	0.157657	0.298966	0.43949	0.572312	0.68973	0.78353	0.853346	0.894631	0.913227	0.887505	0.811151	0.694902	0.576921	0.472995	0.389982	0.326526	0.272362	0.215796	0.165499	0.139343	0.160081	0.214441	0.295914	0.390697	0.479754	0.539436	0.539684	0.472428	0.352144	0.193226	0.00579452	-0.193752	-0.395425	-0.563411	-0.6686	-0.696345	-0.644007	-0.543772	-0.42453	-0.311171	-0.228618	-0.190499	-0.195377	-0.238783	-0.320133	-0.412979	-0.487567	-0.524151	-0.487941	-0.366035	-0.179145	0.0465104	0.276635	0.479876	0.637712	0.738491	0.774826	0.726453	0.576924	0.356986	0.117987	-0.114925	-0.327156	-0.495764	-0.602483	-0.64544	-0.643199	-0.616894	-0.555619	-0.427984	-0.231983	0	
0	-0.00465156	-0.0140378	-0.0169191	-0.0182654	-0.0214351	-0.0212217	-0.0242374	-0.0312444	-0.0389492	-0.055712	-0.0791716	-0.111399	-0.150868	-0.204221	-0.260639	-0.309104	-0.360562	-0.396185	-0.412777	-0.411215	-0.393075	-0.353456	-0.287104	-0.19843	-0.0931353	0.0366189	0.184878	0.330179	0.459011	0.584109	0.696896	0.794175	0.862087	0.899086	0.901231	0.875777	0.811151	0.704095	0.576674	0.461081	0.371099	0.307246	0.261061	0.223511	0.177773	0.138089	0.122557	0.151484	0.214071	0.302494	0.40164	0.49564	0.556236	0.554134	0.486339	0.362422	0.198475	0.00800942	-0.197678	-0.403156	-0.569715	-0.67324	-0.699099	-0.647092	-0.546096	-0.421994	-0.304711	-0.216233	-0.165892	-0.156993	-0.187208	-0.251639	-0.326807	-0.392661	-0.431305	-0.406413	-0.306338	-0.148654	0.0464795	0.24814	0.425411	0.558181	0.634172	0.646887	0.577833	0.415307	0.194141	-0.0363175	-0.255766	-0.453277	-0.608029	-0.700284	-0.723864	-0.696116	-0.642228	-0.557595	-0.416905	-0.221405	0	
0	0.00520081	0.00472648	0.0118056	0.0111625	0.00630196	0.00374717	-0.00801307	-0.026525	-0.049777	-0.0833803	-0.129016	-0.181074	-0.235005	-0.293592	-0.345989	-0.384034	-0.415737	-0.428323	-0.417673	-0.392708	-0.34677	-0.280293	-0.182705	-0.0683148	0.0591879	0.198454	0.345343	0.476166	0.588752	0.695128	0.788252	0.859553	0.893681	0.890911	0.850166	0.788665	0.694902	0.576674	0.451967	0.352811	0.284828	0.241918	0.216538	0.192222	0.159034	0.130156	0.12516	0.164981	0.234929	0.328454	0.43108	0.523786	0.57879	0.570442	0.493155	0.362207	0.192963	-0.00409827	-0.213963	-0.421813	-0.588801	-0.690043	-0.710256	-0.649023	-0.538954	-0.407953	-0.281123	-0.180263	-0.117564	-0.0920393	-0.102861	-0.153487	-0.223988	-0.295018	-0.348762	-0.349044	-0.281824	-0.157601	0.00762689	0.18188	0.332232	0.437641	0.488552	0.483061	0.405729	0.247028	0.0401173	-0.172568	-0.375492	-0.556987	-0.693698	-0.762778	-0.756047	-0.694238	-0.610582	-0.508374	-0.367625	-0.190572	0	
0	0.0113599	0.0163634	0.0235746	0.0233027	0.016018	0.00632526	-0.0172956	-0.0509104	-0.0897303	-0.142216	-0.197536	-0.252637	-0.305067	-0.355202	-0.391548	-0.408624	-0.418337	-0.406943	-0.372933	-0.32193	-0.249114	-0.15292	-0.0322001	0.0991873	0.229758	0.365427	0.496597	0.61012	0.703133	0.790398	0.857198	0.89416	0.887795	0.842312	0.767429	0.680515	0.576921	0.461081	0.352811	0.276929	0.2317	0.210617	0.199681	0.186701	0.160972	0.139134	0.14292	0.189414	0.263335	0.360193	0.461119	0.549867	0.597731	0.577493	0.490608	0.350739	0.171955	-0.0311408	-0.246052	-0.453934	-0.614743	-0.706214	-0.711948	-0.638387	-0.517416	-0.371633	-0.230188	-0.11467	-0.0342945	0.00578743	0.000274836	-0.0505028	-0.126655	-0.215372	-0.296457	-0.327976	-0.294385	-0.203637	-0.0700898	0.0736922	0.194902	0.274644	0.308688	0.299203	0.230015	0.089051	-0.095568	-0.287962	-0.473058	-0.634029	-0.74417	-0.780451	-0.737086	-0.641209	-0.534099	-0.424771	-0.295964	-0.14899	0	
