0	0	0	0	0	0	0	0	0	0	0	0	0	0	0	0	0	0	0	0	0	0	0	0	0	0	0	0	0	0	0	0	0	0	0	0	0	0	0	0	0	0	0	0	0	0	0	0	0	0	0	0	0	0	0	0	0	0	0	0	0	0	0	0	0	0	0	0	0	0	0	0	0	0	0	0	0	0	0	0	0	0	0	0	0	0	0	0	0	0	0	0	0	0	0	0	0	0	0	0	
0	-0.0010531	0.00296072	0.00705725	0.00196479	-0.0125216	-0.0314871	-0.0454012	-0.0471599	-0.0396519	-0.0361555	-0.0449704	-0.0610904	-0.0753969	-0.0853495	-0.0952202	-0.117176	-0.155588	-0.203921	-0.243975	-0.262696	-0.252317	-0.213709	-0.155542	-0.0888662	-0.0223817	0.0420408	0.102791	0.15674	0.201459	0.237624	0.263199	0.273713	0.268613	0.247586	0.213485	0.172049	0.129979	0.0978349	0.0819309	0.0814923	0.0902673	0.102998	0.111645	0.110025	0.0969231	0.0765845	0.04973	0.0196265	-0.0163905	-0.0561207	-0.0919663	-0.114937	-0.121932	-0.11697	-0.111777	-0.112555	-0.120152	-0.127718	-0.125695	-0.112778	-0.0910469	-0.0663434	-0.0412011	-0.0168942	0.00194982	0.0148119	0.0211098	0.0220026	0.0253464	0.0334758	0.0440857	0.0474665	0.0386816	0.0202299	-0.000486943	-0.0141765	-0.0174171	-0.0143791	-0.0101215	-0.00613755	-0.00282083	0.0039839	0.0144102	0.0265552	0.0359978	0.0396622	0.0387604	0.0355101	0.0335149	0.0331352	0.0354261	0.0381718	0.0392707	0.0386112	0.0349716	0.0287566	0.0202528	0.0107505	0	
0	0.00296072	0.0118776	0.0160602	0.0066541	-0.0158235	-0.0407713	-0.0614166	-0.0671167	-0.06259	-0.0636462	-0.0800501	-0.104346	-0.127969	-0.15244	-0.184578	-0.236787	-0.310981	-0.393384	-0.458352	-0.488533	-0.47122	-0.402737	-0.293418	-0.160592	-0.0245039	0.109227	0.232854	0.341147	0.429517	0.49965	0.546784	0.562626	0.544191	0.496441	0.422389	0.337439	0.252007	0.185428	0.15049	0.145558	0.159686	0.186468	0.208295	0.212426	0.194959	0.158642	0.109302	0.0528617	-0.0116322	-0.0807695	-0.141213	-0.183429	-0.200365	-0.199738	-0.198175	-0.201691	-0.213101	-0.223989	-0.220399	-0.200814	-0.171046	-0.135997	-0.0955791	-0.0559494	-0.0265755	-0.00477154	0.0124635	0.0237021	0.0380479	0.0537126	0.0638396	0.0608722	0.0428698	0.0182872	-0.00638971	-0.0228542	-0.0236986	-0.0163076	-0.00582472	0.00549203	0.0180425	0.0347681	0.050125	0.0676079	0.0787951	0.0806815	0.0777506	0.0676576	0.0595872	0.055869	0.058072	0.0648725	0.0707357	0.0728518	0.0682189	0.0566561	0.0395027	0.020868	0	
0	0.00705725	0.0160602	0.0167422	0.00117078	-0.0190853	-0.0393667	-0.0581817	-0.0722421	-0.0807864	-0.0944318	-0.117378	-0.142727	-0.170728	-0.213343	-0.275158	-0.362318	-0.463941	-0.562943	-0.632279	-0.66117	-0.635879	-0.546621	-0.398128	-0.209696	-0.00691648	0.196281	0.386056	0.549274	0.678019	0.775128	0.834983	0.845514	0.80767	0.725342	0.610248	0.480041	0.35122	0.249984	0.19155	0.174892	0.187128	0.220299	0.255215	0.271977	0.259989	0.224544	0.166714	0.100872	0.025185	-0.055059	-0.12865	-0.184029	-0.217945	-0.23303	-0.243694	-0.25255	-0.263185	-0.271792	-0.268001	-0.253314	-0.225986	-0.19106	-0.15032	-0.108767	-0.0784985	-0.0536237	-0.0291648	-0.00689769	0.0180858	0.0365248	0.0435292	0.032427	0.0110127	-0.00876315	-0.0226914	-0.0273521	-0.0222224	-0.0108563	0.00746219	0.03435	0.0619603	0.0896026	0.111444	0.127576	0.135341	0.132884	0.1232	0.107608	0.092762	0.080181	0.0765203	0.0793013	0.0836235	0.0873411	0.084246	0.0728387	0.0529761	0.0287819	0	
0	0.00196479	0.0066541	0.00117078	-0.0145168	-0.0299697	-0.0401356	-0.0584306	-0.0813204	-0.105949	-0.134551	-0.167521	-0.197865	-0.233156	-0.291477	-0.377553	-0.488476	-0.606551	-0.70726	-0.765788	-0.777974	-0.73545	-0.626315	-0.451521	-0.224013	0.0291669	0.295099	0.548664	0.766601	0.93231	1.0478	1.10833	1.10396	1.03534	0.916498	0.757266	0.585515	0.418046	0.284023	0.201617	0.166683	0.165152	0.196498	0.239317	0.271627	0.279662	0.258901	0.213971	0.156924	0.0886462	0.0120247	-0.0606496	-0.125251	-0.173673	-0.208144	-0.237519	-0.256569	-0.271207	-0.281518	-0.27982	-0.268376	-0.250713	-0.227031	-0.193095	-0.159095	-0.140182	-0.123575	-0.0985503	-0.0729498	-0.0436534	-0.0230377	-0.0182565	-0.0276686	-0.0407421	-0.0438533	-0.0412422	-0.0352433	-0.0181922	0.00335974	0.0317055	0.0693842	0.112364	0.157672	0.188875	0.210546	0.213122	0.198293	0.178826	0.151302	0.128139	0.108927	0.095771	0.0899179	0.0872405	0.0879611	0.0871565	0.0793181	0.0607316	0.034659	0	
0	-0.0125216	-0.0158235	-0.0190853	-0.0299697	-0.0362407	-0.0428929	-0.0617052	-0.0921521	-0.126536	-0.170287	-0.222935	-0.274251	-0.326938	-0.399692	-0.495668	-0.615565	-0.736445	-0.831398	-0.870234	-0.855279	-0.784181	-0.64998	-0.451206	-0.197318	0.0928262	0.406899	0.715615	0.983177	1.18167	1.30991	1.36191	1.3274	1.21806	1.05152	0.85169	0.64603	0.451405	0.295179	0.189459	0.130559	0.107646	0.126627	0.174049	0.224865	0.256677	0.265538	0.244677	0.212216	0.164072	0.103334	0.0373564	-0.0267111	-0.0850833	-0.133226	-0.177806	-0.210759	-0.236007	-0.254637	-0.259535	-0.25867	-0.252226	-0.245557	-0.235284	-0.222526	-0.218059	-0.209444	-0.191635	-0.172483	-0.146804	-0.124378	-0.106421	-0.0991428	-0.096063	-0.0856208	-0.0672287	-0.0393905	-0.00143799	0.0391658	0.0833455	0.135232	0.188278	0.241692	0.281018	0.301386	0.295639	0.265704	0.224595	0.180862	0.146396	0.119819	0.10631	0.101252	0.099478	0.101095	0.0991872	0.0891262	0.0674391	0.0382592	0	
0	-0.0314871	-0.0407713	-0.0393667	-0.0401356	-0.0428929	-0.0494066	-0.0725778	-0.105142	-0.145754	-0.206275	-0.28992	-0.375647	-0.454637	-0.53766	-0.632307	-0.742812	-0.851914	-0.92811	-0.940927	-0.894192	-0.791995	-0.629217	-0.40718	-0.131033	0.181807	0.526486	0.871878	1.17626	1.40292	1.54221	1.58297	1.51652	1.35949	1.14899	0.912525	0.683694	0.472111	0.296421	0.168067	0.0818459	0.0320608	0.0362395	0.0822964	0.143845	0.197772	0.231203	0.243079	0.244055	0.22817	0.190632	0.139777	0.0798468	0.022428	-0.0307618	-0.0864103	-0.133218	-0.174171	-0.205555	-0.220583	-0.228483	-0.242034	-0.265519	-0.285152	-0.297143	-0.312335	-0.315524	-0.301291	-0.284619	-0.256894	-0.224566	-0.193618	-0.171691	-0.15449	-0.127252	-0.0898515	-0.0395131	0.0313507	0.103907	0.171301	0.23523	0.292422	0.345758	0.378447	0.392842	0.37516	0.326293	0.264805	0.194958	0.139548	0.103502	0.0909478	0.0978907	0.109273	0.118117	0.116303	0.0996345	0.070836	0.0385771	0	
0	-0.0454012	-0.0614166	-0.0581817	-0.0584306	-0.0617052	-0.0725778	-0.0969945	-0.132305	-0.180676	-0.263891	-0.382408	-0.505497	-0.609432	-0.700369	-0.784649	-0.873563	-0.952372	-0.995287	-0.972749	-0.893826	-0.761825	-0.573606	-0.329159	-0.037607	0.287587	0.645067	1.00712	1.33042	1.56996	1.71203	1.74146	1.64878	1.46218	1.22293	0.968164	0.725885	0.500176	0.307784	0.156112	0.0438822	-0.0328278	-0.0543581	-0.0271439	0.0243619	0.0787304	0.134114	0.181607	0.230948	0.259494	0.254888	0.221168	0.170873	0.117302	0.0677666	0.0117014	-0.0425758	-0.0960651	-0.143376	-0.173169	-0.199994	-0.234186	-0.282353	-0.328733	-0.363613	-0.3942	-0.408005	-0.403356	-0.388403	-0.352749	-0.306173	-0.25701	-0.219666	-0.191737	-0.153681	-0.097197	-0.019248	0.0794291	0.179845	0.272648	0.353809	0.415235	0.459571	0.476628	0.470995	0.436367	0.372712	0.290755	0.200294	0.124261	0.0715057	0.0534051	0.0625345	0.0820872	0.10124	0.10798	0.0970573	0.070661	0.03936	0	
0	-0.0471599	-0.0671167	-0.0722421	-0.0813204	-0.0921521	-0.105142	-0.132305	-0.174487	-0.240264	-0.349394	-0.499935	-0.65127	-0.773788	-0.866006	-0.934342	-0.989374	-1.02459	-1.01958	-0.953843	-0.837712	-0.677786	-0.467942	-0.211884	0.0839402	0.407699	0.763641	1.1255	1.4455	1.67758	1.80808	1.82567	1.72505	1.53237	1.29249	1.0354	0.786442	0.549091	0.338845	0.168882	0.0349197	-0.0696055	-0.124285	-0.133225	-0.113108	-0.0720443	-0.00934159	0.0721624	0.166609	0.241196	0.271785	0.263484	0.23219	0.197602	0.161018	0.109205	0.0501946	-0.0169308	-0.0814493	-0.133584	-0.179681	-0.230632	-0.290214	-0.343001	-0.384773	-0.432108	-0.4667	-0.472255	-0.45494	-0.405792	-0.340965	-0.277229	-0.229606	-0.188657	-0.132856	-0.0609139	0.0284657	0.140891	0.254584	0.358939	0.449915	0.514565	0.554787	0.559959	0.537338	0.479765	0.389458	0.285181	0.176093	0.086371	0.0230679	-0.00610746	-0.00369897	0.0153652	0.0436462	0.0688933	0.0777356	0.0664081	0.0407822	0	
0	-0.0396519	-0.06259	-0.0807864	-0.105949	-0.126536	-0.145754	-0.180676	-0.240264	-0.328649	-0.4623	-0.63292	-0.799824	-0.928096	-1.01271	-1.05599	-1.07073	-1.05552	-0.998357	-0.883238	-0.727427	-0.538144	-0.31474	-0.0571184	0.229035	0.538927	0.879206	1.22132	1.51798	1.72373	1.83399	1.84373	1.7464	1.56642	1.33989	1.09393	0.848642	0.606373	0.38602	0.199075	0.042443	-0.0927335	-0.185764	-0.233098	-0.244405	-0.221832	-0.156751	-0.0589833	0.063992	0.170056	0.233676	0.258786	0.260561	0.253338	0.238063	0.19779	0.139254	0.0643218	-0.0169483	-0.0862299	-0.147395	-0.203958	-0.260009	-0.30649	-0.350468	-0.406793	-0.452578	-0.467793	-0.448929	-0.390708	-0.31469	-0.239948	-0.179863	-0.129904	-0.0684051	0.0100595	0.102659	0.211891	0.319584	0.417273	0.500668	0.562767	0.602591	0.602275	0.56273	0.478398	0.360031	0.230557	0.106229	0.0102119	-0.0555059	-0.0853643	-0.0833378	-0.0609508	-0.0239893	0.0155449	0.0408447	0.0441441	0.0312619	0	
0	-0.0361555	-0.0636462	-0.0944318	-0.134551	-0.170287	-0.206275	-0.263891	-0.349394	-0.4623	-0.610799	-0.787552	-0.951105	-1.06689	-1.12614	-1.13255	-1.10023	-1.0326	-0.920138	-0.755605	-0.559484	-0.34781	-0.117039	0.131869	0.398051	0.678474	0.980127	1.27958	1.53356	1.70676	1.79987	1.80824	1.72222	1.55834	1.35117	1.12435	0.892689	0.656724	0.430163	0.226579	0.043411	-0.124019	-0.25015	-0.326321	-0.358888	-0.349299	-0.292547	-0.194285	-0.065626	0.0568689	0.147371	0.206194	0.244462	0.270219	0.276111	0.248975	0.19939	0.129551	0.0520573	-0.0200245	-0.0805032	-0.130002	-0.174976	-0.213346	-0.250485	-0.304208	-0.349175	-0.357855	-0.332534	-0.271689	-0.195923	-0.122037	-0.066278	-0.0201291	0.0361042	0.103236	0.182869	0.276461	0.362209	0.434013	0.496421	0.542129	0.569568	0.561155	0.511382	0.415172	0.281974	0.138325	0.00498681	-0.0964015	-0.160666	-0.181572	-0.165002	-0.128434	-0.0823652	-0.0392821	-0.0116728	0.000804486	0.00566847	0	
0	-0.0449704	-0.0800501	-0.117378	-0.167521	-0.222935	-0.28992	-0.382408	-0.499935	-0.63292	-0.787552	-0.954086	-1.09399	-1.17378	-1.1882	-1.14649	-1.0632	-0.941985	-0.776394	-0.565759	-0.339684	-0.11259	0.117437	0.353774	0.591089	0.826109	1.0696	1.30672	1.50785	1.64582	1.72337	1.73384	1.66064	1.51624	1.33156	1.12793	0.914847	0.689177	0.46243	0.24777	0.0454824	-0.145585	-0.29749	-0.395782	-0.447396	-0.454245	-0.412411	-0.327582	-0.205671	-0.0796133	0.0261247	0.110069	0.175311	0.225666	0.256492	0.253305	0.223668	0.171811	0.108666	0.0541926	0.0125177	-0.0202302	-0.0510228	-0.0740896	-0.0969131	-0.129578	-0.149504	-0.142635	-0.111317	-0.0548355	0.0126167	0.0743984	0.117152	0.142049	0.1701	0.209946	0.257383	0.31524	0.366758	0.407332	0.439131	0.459667	0.466037	0.439502	0.379402	0.281339	0.154922	0.0176857	-0.115341	-0.21594	-0.273603	-0.281311	-0.246599	-0.193548	-0.137413	-0.0882173	-0.0558097	-0.0349581	-0.0141523	0	
0	-0.0610904	-0.104346	-0.142727	-0.197865	-0.274251	-0.375647	-0.505497	-0.65127	-0.799824	-0.951105	-1.09399	-1.19076	-1.21438	-1.16933	-1.0717	-0.937574	-0.769242	-0.561686	-0.322403	-0.0796539	0.149647	0.371447	0.584434	0.781671	0.962857	1.14306	1.31811	1.46517	1.56431	1.6225	1.63313	1.57727	1.45803	1.2984	1.11581	0.917077	0.702044	0.483506	0.273689	0.070896	-0.127284	-0.293896	-0.412912	-0.487183	-0.520802	-0.508105	-0.449196	-0.348287	-0.2322	-0.12382	-0.0288821	0.0579834	0.137411	0.196427	0.22085	0.216835	0.189092	0.153162	0.124969	0.110812	0.104193	0.0952236	0.0894968	0.0930072	0.0944582	0.103868	0.132774	0.174252	0.228362	0.282404	0.323142	0.334938	0.325608	0.316094	0.3108	0.313955	0.327108	0.338383	0.346555	0.35261	0.347178	0.326268	0.282934	0.216013	0.121977	0.000800675	-0.133325	-0.25657	-0.345877	-0.389723	-0.381589	-0.332484	-0.263242	-0.187928	-0.118577	-0.0670324	-0.0331102	-0.0104982	0	
0	-0.0753969	-0.127969	-0.170728	-0.233156	-0.326938	-0.454637	-0.609432	-0.773788	-0.928096	-1.06689	-1.17378	-1.21438	-1.17074	-1.05565	-0.896907	-0.713915	-0.512411	-0.28638	-0.0406074	0.199043	0.41705	0.612601	0.784204	0.928858	1.05507	1.18155	1.30433	1.4013	1.46097	1.49669	1.50857	1.47356	1.38289	1.24994	1.08906	0.907324	0.710745	0.510095	0.316774	0.124756	-0.0686486	-0.240341	-0.372413	-0.471453	-0.538696	-0.568656	-0.552537	-0.488897	-0.397316	-0.299407	-0.198203	-0.0925762	0.0150103	0.109026	0.167078	0.18985	0.189422	0.185476	0.195291	0.217574	0.23862	0.252959	0.274431	0.30478	0.33445	0.371151	0.419106	0.473159	0.527404	0.568202	0.578022	0.549779	0.494952	0.437344	0.387619	0.345094	0.317552	0.29731	0.277553	0.255544	0.228105	0.195659	0.147903	0.0772665	-0.0247525	-0.151549	-0.284207	-0.401134	-0.476078	-0.501717	-0.478262	-0.412529	-0.324212	-0.226438	-0.131929	-0.061038	-0.0187302	0.00077331	0	
0	-0.0853495	-0.15244	-0.213343	-0.291477	-0.399692	-0.53766	-0.700369	-0.866006	-1.01271	-1.12614	-1.1882	-1.16933	-1.05565	-0.86833	-0.64487	-0.418959	-0.200274	0.0216511	0.250218	0.466733	0.651731	0.801065	0.916561	1.0044	1.08161	1.16388	1.24394	1.30102	1.32961	1.34884	1.35977	1.33705	1.2665	1.15799	1.02637	0.878031	0.714064	0.542986	0.371231	0.195293	0.0146978	-0.151139	-0.291674	-0.413968	-0.523761	-0.606242	-0.642344	-0.623879	-0.564753	-0.483284	-0.384284	-0.264098	-0.129731	-0.00706754	0.0824762	0.140576	0.182013	0.223246	0.274669	0.332647	0.385862	0.431094	0.47777	0.530355	0.578703	0.625073	0.680652	0.741987	0.795451	0.819957	0.799716	0.730417	0.629548	0.524491	0.43017	0.357896	0.306165	0.262681	0.219888	0.177935	0.139967	0.101749	0.0514924	-0.0251624	-0.13444	-0.268917	-0.406901	-0.518565	-0.585726	-0.600336	-0.559104	-0.472033	-0.358205	-0.237714	-0.130929	-0.0549291	-0.0126768	0.00277056	0	
0	-0.0952202	-0.184578	-0.275158	-0.377553	-0.495668	-0.632307	-0.784649	-0.934342	-1.05599	-1.13255	-1.14649	-1.0717	-0.896907	-0.64487	-0.366471	-0.106523	0.118536	0.324332	0.518794	0.690401	0.821863	0.91425	0.973999	1.01191	1.04556	1.08772	1.13458	1.1663	1.18021	1.18816	1.18901	1.16226	1.0979	1.01107	0.917347	0.813255	0.694581	0.559846	0.417978	0.267067	0.10971	-0.0440123	-0.189217	-0.337786	-0.487179	-0.618504	-0.701125	-0.726652	-0.704509	-0.651003	-0.566389	-0.445905	-0.297369	-0.146044	-0.016863	0.0872324	0.17837	0.268012	0.359337	0.449548	0.532344	0.609514	0.685711	0.753594	0.80491	0.847987	0.8982	0.953532	0.996428	1.00726	0.96559	0.866857	0.731219	0.590022	0.467193	0.372866	0.303178	0.246112	0.192748	0.145987	0.106516	0.0649509	0.00570864	-0.086716	-0.210622	-0.351456	-0.488239	-0.598106	-0.65972	-0.659956	-0.598708	-0.487801	-0.354776	-0.225625	-0.118833	-0.0482749	-0.0114425	0.00174704	0	
0	-0.117176	-0.236787	-0.362318	-0.488476	-0.615565	-0.742812	-0.873563	-0.989374	-1.07073	-1.10023	-1.0632	-0.937574	-0.713915	-0.418959	-0.106523	0.171716	0.397866	0.580177	0.727369	0.834077	0.90039	0.934659	0.946783	0.942116	0.938153	0.950912	0.980995	1.00783	1.02064	1.01902	1.00282	0.960256	0.893201	0.82101	0.756979	0.693655	0.617621	0.527509	0.428683	0.318378	0.195054	0.0586075	-0.0927404	-0.262306	-0.44321	-0.607062	-0.722747	-0.784016	-0.798563	-0.777862	-0.716486	-0.60616	-0.452768	-0.28232	-0.11534	0.0386738	0.185144	0.320441	0.447494	0.567445	0.678821	0.782407	0.874035	0.945507	0.994591	1.02924	1.06476	1.10423	1.13048	1.1238	1.06405	0.946888	0.791997	0.632446	0.495827	0.394138	0.317009	0.257925	0.211573	0.173974	0.139895	0.090022	0.0138289	-0.0935504	-0.227345	-0.375516	-0.51904	-0.629596	-0.683941	-0.670174	-0.592224	-0.470384	-0.331911	-0.20114	-0.0976197	-0.0292879	0.00452891	0.00958708	0	
0	-0.155588	-0.310981	-0.463941	-0.606551	-0.736445	-0.851914	-0.952372	-1.02459	-1.05552	-1.0326	-0.941985	-0.769242	-0.512411	-0.200274	0.118536	0.397866	0.613906	0.766679	0.856935	0.89666	0.89723	0.877588	0.842237	0.797601	0.765708	0.764955	0.796312	0.830651	0.848364	0.842497	0.812235	0.758548	0.687672	0.621585	0.574885	0.537568	0.498438	0.452523	0.402273	0.337857	0.252	0.136277	-0.011497	-0.188558	-0.379368	-0.558359	-0.692895	-0.780708	-0.825268	-0.831268	-0.79238	-0.697604	-0.550514	-0.371513	-0.180387	0.0103291	0.195136	0.36853	0.529239	0.678326	0.813087	0.931134	1.02469	1.08842	1.12888	1.15146	1.17257	1.19283	1.1977	1.17185	1.09464	0.963899	0.805991	0.65113	0.518533	0.419886	0.346069	0.298346	0.268871	0.245415	0.215831	0.164401	0.0883089	-0.0212303	-0.16031	-0.318163	-0.469778	-0.58314	-0.637932	-0.622771	-0.548661	-0.435944	-0.306322	-0.183408	-0.0841716	-0.0168918	0.014604	0.0152396	0	
0	-0.203921	-0.393384	-0.562943	-0.70726	-0.831398	-0.92811	-0.995287	-1.01958	-0.998357	-0.920138	-0.776394	-0.561686	-0.28638	0.0216511	0.324332	0.580177	0.766679	0.873582	0.909303	0.888135	0.832572	0.756688	0.672432	0.594378	0.550293	0.554611	0.60014	0.649661	0.682805	0.682275	0.650681	0.589771	0.512547	0.442878	0.398532	0.376148	0.364127	0.357578	0.352672	0.332367	0.286967	0.20214	0.0740973	-0.0889731	-0.273269	-0.45318	-0.59895	-0.705639	-0.769198	-0.7933	-0.769239	-0.689823	-0.555933	-0.382931	-0.186435	0.0126699	0.213976	0.407433	0.594952	0.770285	0.921134	1.04215	1.12709	1.17641	1.20143	1.20908	1.20874	1.20705	1.19045	1.1437	1.05198	0.921554	0.777418	0.639246	0.524669	0.443893	0.389517	0.36413	0.35284	0.341038	0.324288	0.29031	0.231845	0.13445	-0.00459294	-0.168915	-0.329792	-0.458163	-0.530858	-0.538665	-0.487669	-0.39415	-0.278553	-0.162401	-0.0703929	-0.0084503	0.0201656	0.0159395	0	
0	-0.243975	-0.458352	-0.632279	-0.765788	-0.870234	-0.940927	-0.972749	-0.953843	-0.883238	-0.755605	-0.565759	-0.322403	-0.0406074	0.250218	0.518794	0.727369	0.856935	0.909303	0.892645	0.825476	0.718311	0.591571	0.466643	0.371217	0.331517	0.351852	0.417444	0.491475	0.547434	0.564656	0.535605	0.469606	0.381766	0.300676	0.249912	0.232845	0.240492	0.2671	0.301885	0.323968	0.32144	0.27924	0.189456	0.0602394	-0.0974676	-0.266121	-0.414605	-0.53474	-0.619008	-0.662346	-0.658427	-0.596845	-0.476848	-0.314848	-0.130651	0.0604291	0.253796	0.448152	0.645304	0.829738	0.983017	1.09854	1.17083	1.20158	1.20779	1.19086	1.16828	1.14434	1.10816	1.04872	0.95482	0.835479	0.713374	0.60264	0.514352	0.467033	0.445692	0.44588	0.454145	0.46194	0.471631	0.465023	0.426285	0.337863	0.201083	0.0302145	-0.14391	-0.29147	-0.392596	-0.427438	-0.400054	-0.32676	-0.22325	-0.11969	-0.04014	0.0125094	0.0313231	0.0209145	0	
0	-0.262696	-0.488533	-0.66117	-0.777974	-0.855279	-0.894192	-0.893826	-0.837712	-0.727427	-0.559484	-0.339684	-0.0796539	0.199043	0.466733	0.690401	0.834077	0.89666	0.888135	0.825476	0.712962	0.562788	0.398068	0.253025	0.159211	0.136126	0.180193	0.274498	0.37658	0.461302	0.494257	0.470286	0.397506	0.297404	0.19985	0.134874	0.116182	0.138779	0.194902	0.267994	0.33045	0.373198	0.379379	0.339128	0.258274	0.13994	-0.00337144	-0.146218	-0.278803	-0.385377	-0.458678	-0.482759	-0.445342	-0.345595	-0.201366	-0.0346276	0.131656	0.307542	0.492854	0.684723	0.860167	0.99965	1.1005	1.15576	1.16637	1.14733	1.11041	1.06825	1.02862	0.982927	0.920167	0.833211	0.72875	0.627064	0.54033	0.489233	0.484841	0.502453	0.535071	0.571431	0.609365	0.64488	0.656762	0.628492	0.544075	0.40414	0.226574	0.0406169	-0.127658	-0.247774	-0.300546	-0.286934	-0.224957	-0.135827	-0.043427	0.0218595	0.0600113	0.0660898	0.0371033	0	
0	-0.252317	-0.47122	-0.635879	-0.73545	-0.784181	-0.791995	-0.761825	-0.677786	-0.538144	-0.34781	-0.11259	0.149647	0.41705	0.651731	0.821863	0.90039	0.89723	0.832572	0.718311	0.562788	0.379478	0.198413	0.054133	-0.0225929	-0.0168534	0.063053	0.190324	0.321936	0.425586	0.471051	0.447966	0.370143	0.258921	0.145572	0.0653639	0.0432469	0.077045	0.158894	0.263716	0.3622	0.445203	0.49996	0.511816	0.483375	0.413585	0.305205	0.178843	0.0443777	-0.0850803	-0.18958	-0.247887	-0.243445	-0.175598	-0.0643658	0.067339	0.210389	0.36632	0.532322	0.706097	0.859893	0.976375	1.05565	1.09138	1.07883	1.03986	0.984783	0.931503	0.884091	0.838121	0.784602	0.709297	0.618082	0.533562	0.476129	0.460999	0.4966	0.552268	0.619805	0.692029	0.758876	0.813384	0.830449	0.796286	0.708069	0.565981	0.380484	0.18551	0.0111637	-0.114742	-0.170066	-0.162236	-0.111436	-0.0313159	0.0472006	0.0979159	0.122125	0.10839	0.0602071	0	
0	-0.213709	-0.402737	-0.546621	-0.626315	-0.64998	-0.629217	-0.573606	-0.467942	-0.31474	-0.117039	0.117437	0.371447	0.612601	0.801065	0.91425	0.934659	0.877588	0.756688	0.591571	0.398068	0.198413	0.0187619	-0.110245	-0.156011	-0.107556	0.0168582	0.18126	0.336168	0.454867	0.50488	0.480437	0.396228	0.277561	0.153876	0.0623726	0.0353299	0.0737647	0.168888	0.293299	0.416097	0.532921	0.631645	0.693421	0.71796	0.69844	0.63336	0.534044	0.405652	0.265213	0.134686	0.0418417	0.00510799	0.0258121	0.0887367	0.179355	0.28588	0.414159	0.556409	0.700287	0.820998	0.909693	0.967962	0.982817	0.953168	0.898679	0.83621	0.777957	0.729587	0.692088	0.650259	0.589765	0.514935	0.453952	0.42486	0.44033	0.503483	0.58715	0.687721	0.792691	0.883387	0.941856	0.954196	0.915321	0.817686	0.661019	0.465787	0.270168	0.0998238	-0.0190785	-0.0712758	-0.0615218	-0.0129974	0.0566293	0.125159	0.161457	0.170058	0.142975	0.0762657	0	
0	-0.155542	-0.293418	-0.398128	-0.451521	-0.451206	-0.40718	-0.329159	-0.211884	-0.0571184	0.131869	0.353774	0.584434	0.784204	0.916561	0.973999	0.946783	0.842237	0.672432	0.466643	0.253025	0.054133	-0.110245	-0.210209	-0.213001	-0.115836	0.0534252	0.25065	0.429076	0.55876	0.6104	0.57912	0.48659	0.361819	0.230928	0.130151	0.0946512	0.127595	0.221691	0.35028	0.487536	0.63099	0.769023	0.876724	0.947627	0.975882	0.953689	0.884094	0.771629	0.628414	0.482759	0.362973	0.28404	0.248813	0.253954	0.293022	0.362853	0.453852	0.551702	0.654391	0.739692	0.797695	0.829797	0.82872	0.788955	0.731893	0.673938	0.625386	0.588359	0.563859	0.535641	0.486147	0.428176	0.391133	0.3882	0.422827	0.500653	0.606176	0.730723	0.852912	0.949996	1.01216	1.0236	0.96966	0.852488	0.679165	0.47283	0.274255	0.107652	-0.00117126	-0.0380658	-0.0167368	0.0380226	0.111865	0.176404	0.205526	0.203838	0.162402	0.0867384	0	
0	-0.0888662	-0.160592	-0.209696	-0.224013	-0.197318	-0.131033	-0.037607	0.0839402	0.229035	0.398051	0.591089	0.781671	0.928858	1.0044	1.01191	0.942116	0.797601	0.594378	0.371217	0.159211	-0.0225929	-0.156011	-0.213001	-0.167811	-0.0293937	0.171362	0.392115	0.587839	0.725391	0.775505	0.735946	0.632813	0.499426	0.361911	0.252196	0.205835	0.224736	0.305544	0.428426	0.573222	0.737594	0.90698	1.04837	1.15486	1.22045	1.23497	1.19575	1.10352	0.97076	0.822577	0.681912	0.56289	0.476256	0.427724	0.417814	0.439066	0.47844	0.524702	0.57513	0.613621	0.635348	0.641814	0.62558	0.587634	0.544026	0.507944	0.484598	0.469978	0.463219	0.445018	0.407379	0.366838	0.346968	0.354354	0.394464	0.48119	0.599027	0.729966	0.854363	0.953836	1.01292	1.01449	0.945216	0.808639	0.614729	0.392557	0.188057	0.0278927	-0.0662139	-0.0860386	-0.0436138	0.0323477	0.122712	0.199418	0.231263	0.225295	0.177866	0.0935095	0	
0	-0.0223817	-0.0245039	-0.00691648	0.0291669	0.0928262	0.181807	0.287587	0.407699	0.538927	0.678474	0.826109	0.962857	1.05507	1.08161	1.04556	0.938153	0.765708	0.550293	0.331517	0.136126	-0.0168534	-0.107556	-0.115836	-0.0293937	0.134506	0.347998	0.576227	0.777912	0.919757	0.971153	0.926424	0.812795	0.67167	0.528559	0.4114	0.347485	0.343009	0.402184	0.514943	0.664673	0.843081	1.02913	1.18937	1.31506	1.40493	1.44864	1.43726	1.37255	1.26227	1.1256	0.978784	0.832967	0.701942	0.603796	0.54192	0.507086	0.48243	0.464664	0.462117	0.458889	0.445428	0.425805	0.400524	0.368372	0.341881	0.337416	0.351422	0.367691	0.380587	0.374627	0.346246	0.312157	0.294094	0.301622	0.345265	0.434527	0.551379	0.67442	0.787228	0.877482	0.928899	0.921441	0.839578	0.689825	0.485327	0.255439	0.0459967	-0.113656	-0.199853	-0.20405	-0.139421	-0.0360674	0.0812054	0.179439	0.229793	0.234911	0.190233	0.103632	0	
0	0.0420408	0.109227	0.196281	0.295099	0.406899	0.526486	0.645067	0.763641	0.879206	0.980127	1.0696	1.14306	1.18155	1.16388	1.08772	0.950912	0.764955	0.554611	0.351852	0.180193	0.063053	0.0168582	0.0534252	0.171362	0.347998	0.559008	0.776213	0.971102	1.11057	1.16044	1.11018	0.99049	0.848921	0.708263	0.58324	0.498356	0.466973	0.502879	0.603113	0.748149	0.9228	1.10775	1.27126	1.40623	1.51442	1.58262	1.60299	1.576	1.50312	1.39279	1.25102	1.08648	0.920847	0.77359	0.648927	0.545052	0.453338	0.378042	0.328478	0.287686	0.2448	0.204326	0.171783	0.14682	0.138902	0.161015	0.203735	0.243335	0.273356	0.284055	0.270317	0.244866	0.225798	0.230919	0.272822	0.355866	0.46188	0.567577	0.66386	0.737278	0.769844	0.746009	0.655755	0.507408	0.306664	0.0815203	-0.121427	-0.275382	-0.357105	-0.352336	-0.271528	-0.148318	-0.0109987	0.108344	0.182658	0.2091	0.179806	0.101882	0	
0	0.102791	0.232854	0.386056	0.548664	0.715615	0.871878	1.00712	1.1255	1.22132	1.27958	1.30672	1.31811	1.30433	1.24394	1.13458	0.980995	0.796312	0.60014	0.417444	0.274498	0.190324	0.18126	0.25065	0.392115	0.576227	0.776213	0.975628	1.15473	1.28067	1.31924	1.26193	1.14426	1.01012	0.871444	0.73774	0.631993	0.57634	0.588602	0.666104	0.789922	0.946325	1.12024	1.28492	1.42959	1.55264	1.64464	1.69736	1.71	1.67894	1.59931	1.4679	1.29419	1.09777	0.900673	0.713856	0.540918	0.382481	0.254797	0.165	0.0961216	0.0361435	-0.0113027	-0.0452071	-0.065401	-0.0640074	-0.0285035	0.0277585	0.0796934	0.126418	0.15735	0.163143	0.149016	0.136768	0.147577	0.188412	0.258035	0.340825	0.423691	0.498831	0.55118	0.563458	0.525987	0.431475	0.281741	0.0909068	-0.115374	-0.303875	-0.445018	-0.5142	-0.497452	-0.406419	-0.274549	-0.126183	0.0105487	0.105133	0.148183	0.136162	0.0789573	0	
0	0.15674	0.341147	0.549274	0.766601	0.983177	1.17626	1.33042	1.4455	1.51798	1.53356	1.50785	1.46517	1.4013	1.30102	1.1663	1.00783	0.830651	0.649661	0.491475	0.37658	0.321936	0.336168	0.429076	0.587839	0.777912	0.971102	1.15473	1.31066	1.40874	1.424	1.3597	1.24377	1.11069	0.969665	0.830434	0.713003	0.640814	0.627029	0.674174	0.767148	0.898088	1.05811	1.22339	1.37658	1.51739	1.63377	1.71897	1.76899	1.77081	1.71181	1.58903	1.40926	1.19159	0.955394	0.71417	0.483984	0.276678	0.10582	-0.0171463	-0.106444	-0.177781	-0.230801	-0.260037	-0.271995	-0.265311	-0.227033	-0.169486	-0.11085	-0.0520512	-0.000273305	0.025253	0.029288	0.0336178	0.054028	0.0899732	0.139257	0.204044	0.271799	0.328247	0.35937	0.354027	0.301003	0.193229	0.040219	-0.145299	-0.339027	-0.506568	-0.618668	-0.655457	-0.615796	-0.516322	-0.378255	-0.223022	-0.081627	0.0194544	0.0709185	0.075292	0.046402	0	
0	0.201459	0.429517	0.678019	0.93231	1.18167	1.40292	1.56996	1.67758	1.72373	1.70676	1.64582	1.56431	1.46097	1.32961	1.18021	1.02064	0.848364	0.682805	0.547434	0.461302	0.425586	0.454867	0.55876	0.725391	0.919757	1.11057	1.28067	1.40874	1.4729	1.46731	1.39335	1.27158	1.13066	0.986334	0.846476	0.723025	0.636729	0.602429	0.62341	0.688164	0.793181	0.934781	1.09539	1.25837	1.41631	1.55524	1.6665	1.73705	1.75602	1.71101	1.59668	1.41987	1.1924	0.928992	0.652209	0.38501	0.140642	-0.0605902	-0.210099	-0.315715	-0.392051	-0.44365	-0.472815	-0.481208	-0.466281	-0.425536	-0.364968	-0.297808	-0.226418	-0.164234	-0.126649	-0.106665	-0.0878023	-0.0616336	-0.0307624	0.0140041	0.0703368	0.124624	0.1662	0.183154	0.164233	0.0970247	-0.0199954	-0.18072	-0.365951	-0.55044	-0.698206	-0.775675	-0.780305	-0.71614	-0.595867	-0.444064	-0.287306	-0.15328	-0.0560018	0.00314065	0.0267871	0.0216834	0	
0	0.237624	0.49965	0.775128	1.0478	1.30991	1.54221	1.71203	1.80808	1.83399	1.79987	1.72337	1.6225	1.49669	1.34884	1.18816	1.01902	0.842497	0.682275	0.564656	0.494257	0.471051	0.50488	0.6104	0.775505	0.971153	1.16044	1.31924	1.424	1.46731	1.44413	1.35696	1.22151	1.0704	0.9193	0.773062	0.64165	0.55211	0.514154	0.526213	0.57295	0.654515	0.775532	0.929115	1.09533	1.26091	1.40908	1.52851	1.60757	1.63906	1.61067	1.51683	1.35327	1.1251	0.849492	0.556061	0.268175	0.0059128	-0.217183	-0.385572	-0.503267	-0.588822	-0.645346	-0.669287	-0.669	-0.650773	-0.606392	-0.540232	-0.465275	-0.393334	-0.331008	-0.288643	-0.260169	-0.232441	-0.202057	-0.167207	-0.120271	-0.0615911	-0.00432929	0.0343054	0.0443229	0.017134	-0.0594014	-0.181928	-0.345036	-0.529667	-0.703616	-0.834332	-0.898005	-0.889555	-0.808405	-0.666976	-0.497137	-0.334874	-0.197713	-0.0922983	-0.0243285	0.00906068	0.0131556	0	
0	0.263199	0.546784	0.834983	1.10833	1.36191	1.58297	1.74146	1.82567	1.84373	1.80824	1.73384	1.63313	1.50857	1.35977	1.18901	1.00282	0.812235	0.650681	0.535605	0.470286	0.447966	0.480437	0.57912	0.735946	0.926424	1.11018	1.26193	1.3597	1.39335	1.35696	1.25554	1.11167	0.948879	0.780533	0.619966	0.486503	0.40613	0.377268	0.390467	0.428112	0.496005	0.603568	0.74828	0.908385	1.06766	1.2079	1.32343	1.40179	1.44268	1.43404	1.35975	1.21242	0.997307	0.732121	0.446866	0.164211	-0.104085	-0.341211	-0.527168	-0.658621	-0.751146	-0.809563	-0.831836	-0.824785	-0.792631	-0.741609	-0.673184	-0.601254	-0.540193	-0.487654	-0.447051	-0.415119	-0.386478	-0.355893	-0.315323	-0.252599	-0.180839	-0.115181	-0.0677814	-0.0500559	-0.0722877	-0.148181	-0.272829	-0.439535	-0.621166	-0.789252	-0.916811	-0.979899	-0.970664	-0.880615	-0.729988	-0.552077	-0.372675	-0.211938	-0.0866151	-0.0121958	0.0170251	0.0168525	0	
0	0.273713	0.562626	0.845514	1.10396	1.3274	1.51652	1.64878	1.72505	1.7464	1.72222	1.66064	1.57727	1.47356	1.33705	1.16226	0.960256	0.758548	0.589771	0.469606	0.397506	0.370143	0.396228	0.48659	0.632813	0.812795	0.99049	1.14426	1.24377	1.27158	1.22151	1.11167	0.958897	0.775229	0.585113	0.417699	0.294689	0.226148	0.207191	0.226872	0.267897	0.334474	0.433966	0.564387	0.711144	0.855049	0.980442	1.08155	1.14984	1.19159	1.19059	1.13075	1.00239	0.813117	0.579214	0.326995	0.0627728	-0.196261	-0.432417	-0.622112	-0.760104	-0.860004	-0.920139	-0.940464	-0.929409	-0.891395	-0.830742	-0.755599	-0.685727	-0.636689	-0.599897	-0.573085	-0.555947	-0.537038	-0.502425	-0.443532	-0.360253	-0.273481	-0.189304	-0.124167	-0.0963577	-0.113633	-0.187379	-0.310558	-0.47764	-0.660969	-0.831303	-0.966186	-1.03456	-1.01882	-0.923067	-0.769323	-0.580715	-0.380813	-0.195871	-0.0585095	0.0193446	0.0470935	0.0332588	0	
0	0.268613	0.544191	0.80767	1.03534	1.21806	1.35949	1.46218	1.53237	1.56642	1.55834	1.51624	1.45803	1.38289	1.2665	1.0979	0.893201	0.687672	0.512547	0.381766	0.297404	0.258921	0.277561	0.361819	0.499426	0.67167	0.848921	1.01012	1.11069	1.13066	1.0704	0.948879	0.775229	0.56713	0.366479	0.20934	0.0982939	0.0390204	0.0309504	0.0646784	0.11607	0.184533	0.273225	0.38908	0.522811	0.652971	0.757824	0.835442	0.88648	0.91756	0.915364	0.86085	0.749978	0.592214	0.402329	0.191863	-0.0358838	-0.266631	-0.484506	-0.663796	-0.799156	-0.900566	-0.966106	-0.989494	-0.97507	-0.925841	-0.859227	-0.788715	-0.731969	-0.699778	-0.675368	-0.660811	-0.657798	-0.644296	-0.605246	-0.535494	-0.434224	-0.324102	-0.215131	-0.133146	-0.0962777	-0.111536	-0.189915	-0.320565	-0.493491	-0.681224	-0.860749	-1.00044	-1.06366	-1.03925	-0.934041	-0.768605	-0.560992	-0.344436	-0.159924	-0.0264286	0.0537875	0.0786601	0.0531764	0	
0	0.247586	0.496441	0.725342	0.916498	1.05152	1.14899	1.22293	1.29249	1.33989	1.35117	1.33156	1.2984	1.24994	1.15799	1.01107	0.82101	0.621585	0.442878	0.300676	0.19985	0.145572	0.153876	0.230928	0.361911	0.528559	0.708263	0.871444	0.969665	0.986334	0.9193	0.780533	0.585113	0.366479	0.17552	0.0291382	-0.0708729	-0.121531	-0.117163	-0.0731879	-0.0180018	0.0474821	0.12957	0.236251	0.36255	0.475846	0.554013	0.608294	0.64009	0.65834	0.646945	0.591302	0.49243	0.369514	0.228317	0.0700472	-0.112394	-0.304435	-0.491658	-0.652108	-0.777914	-0.873179	-0.930585	-0.950218	-0.936029	-0.889029	-0.834212	-0.785921	-0.7522	-0.73504	-0.724327	-0.721671	-0.721829	-0.703976	-0.656053	-0.576266	-0.46418	-0.342123	-0.21809	-0.119356	-0.0727298	-0.0855919	-0.168039	-0.309321	-0.492387	-0.693173	-0.878919	-1.00859	-1.059	-1.02509	-0.909505	-0.726264	-0.50822	-0.29812	-0.123773	-0.00149814	0.0696117	0.0857411	0.0515166	0	
0	0.213485	0.422389	0.610248	0.757266	0.85169	0.912525	0.968164	1.0354	1.09393	1.12435	1.12793	1.11581	1.08906	1.02637	0.917347	0.756979	0.574885	0.398532	0.249912	0.134874	0.0653639	0.0623726	0.130151	0.252196	0.4114	0.58324	0.73774	0.830434	0.846476	0.773062	0.619966	0.417699	0.20934	0.0291382	-0.104919	-0.189133	-0.224948	-0.211668	-0.16697	-0.11174	-0.0481203	0.0269597	0.12109	0.226114	0.309028	0.362999	0.398994	0.423565	0.434095	0.414538	0.354505	0.270856	0.181199	0.0860779	-0.0248563	-0.161142	-0.309422	-0.459563	-0.588822	-0.692779	-0.771498	-0.819677	-0.836571	-0.824769	-0.790696	-0.761223	-0.745348	-0.7398	-0.741408	-0.743666	-0.747311	-0.747458	-0.7213	-0.667481	-0.585781	-0.467313	-0.335619	-0.202118	-0.0992375	-0.0508097	-0.0653871	-0.151731	-0.297482	-0.487016	-0.688366	-0.864278	-0.978503	-1.01413	-0.968912	-0.843872	-0.660156	-0.45976	-0.269692	-0.106008	0.00682242	0.0645524	0.0705659	0.0400847	0	
0	0.172049	0.337439	0.480041	0.585515	0.64603	0.683694	0.725885	0.786442	0.848642	0.892689	0.914847	0.917077	0.907324	0.878031	0.813255	0.693655	0.537568	0.376148	0.232845	0.116182	0.0432469	0.0353299	0.0946512	0.205835	0.347485	0.498356	0.631993	0.713003	0.723025	0.64165	0.486503	0.294689	0.0982939	-0.0708729	-0.189133	-0.250495	-0.272207	-0.255766	-0.204975	-0.144758	-0.0828317	-0.0179809	0.0500074	0.116362	0.165173	0.190661	0.211955	0.229779	0.235333	0.213352	0.163039	0.103131	0.0499879	-0.00428624	-0.0761968	-0.171728	-0.280892	-0.393128	-0.489889	-0.567437	-0.627323	-0.66545	-0.680218	-0.676556	-0.662113	-0.660109	-0.671075	-0.686647	-0.702939	-0.718074	-0.730177	-0.728134	-0.700099	-0.647871	-0.565187	-0.443901	-0.308108	-0.179157	-0.0845599	-0.0447872	-0.0676306	-0.156206	-0.302201	-0.481659	-0.667625	-0.825576	-0.920939	-0.948112	-0.895262	-0.766993	-0.597155	-0.417946	-0.243225	-0.0932268	0.00447345	0.0555319	0.064888	0.0393479	0	
0	0.129979	0.252007	0.35122	0.418046	0.451405	0.472111	0.500176	0.549091	0.606373	0.656724	0.689177	0.702044	0.710745	0.714064	0.694581	0.617621	0.498438	0.364127	0.240492	0.138779	0.077045	0.0737647	0.127595	0.224736	0.343009	0.466973	0.57634	0.640814	0.636729	0.55211	0.40613	0.226148	0.0390204	-0.121531	-0.224948	-0.272207	-0.288856	-0.260636	-0.198181	-0.131147	-0.07068	-0.0188014	0.0188548	0.0461659	0.0519374	0.0435235	0.0394702	0.0471699	0.0508279	0.0365184	0.00803066	-0.0181278	-0.0365413	-0.0554337	-0.088581	-0.144731	-0.216643	-0.29567	-0.366525	-0.429401	-0.478677	-0.506836	-0.518418	-0.519578	-0.518755	-0.533184	-0.561541	-0.593406	-0.621104	-0.647897	-0.664683	-0.663951	-0.642803	-0.599854	-0.522855	-0.404559	-0.277752	-0.161889	-0.0774324	-0.0475814	-0.0804807	-0.173701	-0.31486	-0.48021	-0.64428	-0.780023	-0.86544	-0.888213	-0.834489	-0.715102	-0.555835	-0.382271	-0.208166	-0.0653145	0.0208189	0.0723158	0.0832068	0.0490862	0	
0	0.0978349	0.185428	0.249984	0.284023	0.295179	0.296421	0.307784	0.338845	0.38602	0.430163	0.46243	0.483506	0.510095	0.542986	0.559846	0.527509	0.452523	0.357578	0.2671	0.194902	0.158894	0.168888	0.221691	0.305544	0.402184	0.502879	0.588602	0.627029	0.602429	0.514154	0.377268	0.207191	0.0309504	-0.117163	-0.211668	-0.255766	-0.260636	-0.221622	-0.155477	-0.0918418	-0.0382342	0.000911423	0.0131631	0.00101746	-0.0315481	-0.0744708	-0.0990436	-0.0980221	-0.0956888	-0.0985848	-0.103455	-0.103505	-0.0919744	-0.0729435	-0.0688992	-0.0872794	-0.128193	-0.184685	-0.239984	-0.293426	-0.339186	-0.36702	-0.374926	-0.376176	-0.384579	-0.404688	-0.434239	-0.473215	-0.510977	-0.540688	-0.55945	-0.566701	-0.556121	-0.520517	-0.451975	-0.351008	-0.239919	-0.141731	-0.0780854	-0.0642669	-0.106359	-0.200945	-0.336749	-0.486742	-0.635665	-0.760495	-0.830664	-0.841568	-0.786048	-0.670019	-0.515094	-0.342444	-0.170643	-0.0347434	0.0494781	0.0970792	0.0954393	0.0522443	0	
0	0.0819309	0.15049	0.19155	0.201617	0.189459	0.168067	0.156112	0.168882	0.199075	0.226579	0.24777	0.273689	0.316774	0.371231	0.417978	0.428683	0.402273	0.352672	0.301885	0.267994	0.263716	0.293299	0.35028	0.428426	0.514943	0.603113	0.666104	0.674174	0.62341	0.526213	0.390467	0.226872	0.0646784	-0.0731879	-0.16697	-0.204975	-0.198181	-0.155477	-0.0961959	-0.0406734	0.00526986	0.0291132	0.0152851	-0.03085	-0.0976574	-0.162496	-0.197782	-0.20442	-0.197798	-0.183856	-0.166468	-0.141926	-0.104669	-0.0611774	-0.0300262	-0.0202516	-0.0385784	-0.0748405	-0.115641	-0.162946	-0.206681	-0.233527	-0.248483	-0.260161	-0.271159	-0.285569	-0.312596	-0.351883	-0.385409	-0.414233	-0.437632	-0.450497	-0.448986	-0.421988	-0.360931	-0.273337	-0.185188	-0.116834	-0.0803097	-0.0902006	-0.147416	-0.244607	-0.374749	-0.511712	-0.644779	-0.757576	-0.817112	-0.814346	-0.751977	-0.63267	-0.469584	-0.29773	-0.135662	-0.00169559	0.0825999	0.120807	0.108601	0.0586329	0	
0	0.0814923	0.145558	0.174892	0.166683	0.130559	0.0818459	0.0438822	0.0349197	0.042443	0.043411	0.0454824	0.070896	0.124756	0.195293	0.267067	0.318378	0.337857	0.332367	0.323968	0.33045	0.3622	0.416097	0.487536	0.573222	0.664673	0.748149	0.789922	0.767148	0.688164	0.57295	0.428112	0.267897	0.11607	-0.0180018	-0.11174	-0.144758	-0.131147	-0.0918418	-0.0406734	0.00741862	0.0378803	0.0425799	0.00702798	-0.0649298	-0.148537	-0.222362	-0.268685	-0.278911	-0.26241	-0.232342	-0.196482	-0.153588	-0.098576	-0.0365511	0.0179751	0.0523024	0.0565368	0.0401789	0.0114869	-0.0348143	-0.0853958	-0.122056	-0.142153	-0.1556	-0.170669	-0.183569	-0.205285	-0.242703	-0.271359	-0.288294	-0.305379	-0.321527	-0.323613	-0.299115	-0.254025	-0.194096	-0.130163	-0.0847916	-0.0731065	-0.107095	-0.185041	-0.295723	-0.428609	-0.563943	-0.689684	-0.786965	-0.830068	-0.810056	-0.731618	-0.598049	-0.42327	-0.245933	-0.0862244	0.0421693	0.120985	0.148738	0.128816	0.0740962	0	
0	0.0902673	0.159686	0.187128	0.165152	0.107646	0.0320608	-0.0328278	-0.0696055	-0.0927335	-0.124019	-0.145585	-0.127284	-0.0686486	0.0146978	0.10971	0.195054	0.252	0.286967	0.32144	0.373198	0.445203	0.532921	0.63099	0.737594	0.843081	0.9228	0.946325	0.898088	0.793181	0.654515	0.496005	0.334474	0.184533	0.0474821	-0.0481203	-0.0828317	-0.07068	-0.0382342	0.00526986	0.0378803	0.0493805	0.0367749	-0.0122394	-0.0937882	-0.180293	-0.258952	-0.311304	-0.321182	-0.297886	-0.260561	-0.217701	-0.16555	-0.0994544	-0.0172953	0.0648306	0.126201	0.152142	0.150549	0.124022	0.0739918	0.0167509	-0.0329608	-0.0654668	-0.0836998	-0.0966384	-0.104443	-0.121764	-0.148365	-0.157525	-0.157789	-0.166072	-0.177641	-0.181354	-0.17061	-0.148044	-0.109717	-0.0640437	-0.0410919	-0.055524	-0.109611	-0.208567	-0.342045	-0.492246	-0.642968	-0.77095	-0.852727	-0.872712	-0.828955	-0.724836	-0.565855	-0.378173	-0.192371	-0.0255299	0.100241	0.170339	0.186881	0.156159	0.0893224	0	
0	0.102998	0.186468	0.220299	0.196498	0.126627	0.0362395	-0.0543581	-0.124285	-0.185764	-0.25015	-0.29749	-0.293896	-0.240341	-0.151139	-0.0440123	0.0586075	0.136277	0.20214	0.27924	0.379379	0.49996	0.631645	0.769023	0.90698	1.02913	1.10775	1.12024	1.05811	0.934781	0.775532	0.603568	0.433966	0.273225	0.12957	0.0269597	-0.0179809	-0.0188014	0.000911423	0.0291132	0.0425799	0.0367749	0.0130859	-0.0373002	-0.113431	-0.194355	-0.272548	-0.321784	-0.33002	-0.307911	-0.275105	-0.227158	-0.166572	-0.0824859	0.0212958	0.121265	0.197008	0.236099	0.238864	0.211656	0.1582	0.0887381	0.0269115	-0.0146682	-0.0430905	-0.0634928	-0.0719879	-0.0762676	-0.0757234	-0.0567254	-0.0352544	-0.0313024	-0.0381244	-0.0464284	-0.0443567	-0.0322098	-0.00861536	0.0188831	0.0221621	-0.0149365	-0.0971875	-0.222453	-0.382464	-0.556056	-0.71793	-0.85008	-0.92742	-0.932484	-0.869248	-0.73805	-0.551778	-0.347407	-0.149353	0.0265813	0.155036	0.218855	0.224356	0.182522	0.101461	0	
0	0.111645	0.208295	0.255215	0.239317	0.174049	0.0822964	-0.0271439	-0.133225	-0.233098	-0.326321	-0.395782	-0.412912	-0.372413	-0.291674	-0.189217	-0.0927404	-0.011497	0.0740973	0.189456	0.339128	0.511816	0.693421	0.876724	1.04837	1.18937	1.27126	1.28492	1.22339	1.09539	0.929115	0.74828	0.564387	0.38908	0.236251	0.12109	0.0500074	0.0188548	0.0131631	0.0152851	0.00702798	-0.0122394	-0.0373002	-0.0766277	-0.134511	-0.204872	-0.270129	-0.312501	-0.32339	-0.306322	-0.269379	-0.215101	-0.139011	-0.0331146	0.0844977	0.187818	0.262429	0.299228	0.294654	0.26461	0.20867	0.133019	0.0613698	0.0100076	-0.0231377	-0.0469523	-0.0601562	-0.0556062	-0.0327363	0.00757778	0.0522805	0.0802498	0.0868319	0.0856046	0.0830911	0.0831688	0.0996689	0.111776	0.0951576	0.0322345	-0.0794341	-0.22897	-0.408551	-0.593933	-0.762961	-0.893345	-0.970712	-0.97804	-0.905191	-0.764661	-0.570696	-0.350714	-0.137077	0.0451045	0.175435	0.241278	0.244404	0.195916	0.107893	0	
