0	0	0	0	0	0	0	0	0	0	0	0	0	0	0	0	0	0	0	0	0	0	0	0	0	0	0	0	0	0	0	0	0	0	0	0	0	0	0	0	0	0	0	0	0	0	0	0	0	0	0	0	0	0	0	0	0	0	0	0	0	0	0	0	0	0	0	0	0	0	0	0	0	0	0	0	0	0	0	0	0	0	0	0	0	0	0	0	0	0	0	0	0	0	0	0	0	0	0	0	
0	0.0020679	0.000173589	0.001893	0.00231997	-0.00281906	0.0013937	-0.00137092	-0.00245756	0.00140265	0.00081976	-0.000910754	-0.00241121	-0.00199985	0.000382205	0.00196059	-0.000130136	-0.00124157	0.000681351	0.00140502	-0.000366735	0.00157658	0.000983867	-0.00144842	0.00125663	0.00232402	-0.0015653	-2.99373e-05	0.00176152	0.000610402	-0.00133501	3.2143e-05	0.00173152	0.00112565	-0.00263992	-0.00041884	0.00360596	0.00036337	-0.00371521	-0.000463026	0.00305096	0.000965433	-0.00264173	-0.00332797	-0.00157526	0.00253295	0.0020381	-0.00563789	-0.00902959	-0.00438374	0.0023759	0.00163119	-0.00840913	-0.0145219	-0.0258813	-0.0303309	-0.0313143	-0.034577	-0.042376	-0.063864	-0.0832016	-0.0868067	-0.0728342	-0.0448407	0.000863405	0.0511722	0.0988454	0.141234	0.162103	0.170058	0.169483	0.155984	0.127762	0.0804354	0.0270367	-0.0193893	-0.0551594	-0.0791536	-0.0875929	-0.0751965	-0.0550049	-0.0397199	-0.0311252	-0.0323504	-0.0314832	-0.0199905	-0.0104456	-0.00422129	0.00298372	0.00275992	-0.00490201	-0.00860602	-0.0029186	0.00534868	0.00390329	-0.00474085	-0.00541732	0.00183895	0.00451303	0	
0	0.000173589	-0.00427467	-0.000541304	-0.0014747	-0.0014484	0.00378662	-0.00146731	0.00200659	0.00170456	-0.00492959	0.00138223	0.00541308	-0.000236714	-0.00107884	-0.00115126	-0.0013709	-0.00252884	0.00400247	-0.00448105	-0.00336202	-0.0007233	0.00134818	-0.00594147	-0.000196263	0.00124064	-0.00522229	-0.00192968	0.000873092	-0.00113233	-0.00472793	-0.00188921	0.000658081	3.1736e-05	-0.00789488	-0.00190219	0.00254211	-0.000249674	-0.0113387	-0.000986339	0.00141227	0.00106071	-0.00746989	-0.00714487	-0.00303875	0.0046138	0.00424631	-0.00830637	-0.01676	-0.00303141	0.00482854	0.00560903	-0.0142984	-0.0316113	-0.0489527	-0.0641087	-0.0653629	-0.0702852	-0.0895911	-0.127984	-0.162789	-0.171151	-0.14331	-0.0854321	-0.00099828	0.096683	0.19795	0.28024	0.323217	0.347601	0.343271	0.305892	0.248944	0.16181	0.0585665	-0.0361899	-0.111697	-0.161434	-0.174864	-0.147888	-0.110169	-0.0816926	-0.0630482	-0.0627445	-0.0610755	-0.0405107	-0.0217023	-0.00831693	0.00558816	0.00498449	-0.00940448	-0.0163839	-0.00567014	0.00978556	0.00706518	-0.00874123	-0.00983962	0.00325863	0.0079751	0	
0	0.001893	-0.000541304	0.00206982	0.00118386	-0.00324177	0.00297539	-0.00377388	-0.000694729	0.0020086	-0.0012446	-5.89571e-05	-0.00263883	-0.00244999	0.000366095	0.00207852	0.00058325	-0.00201139	0.000976943	-0.000395564	-0.000528495	0.00289734	0.00032985	-0.00430729	0.00154672	0.00383131	-0.00523655	-0.00049734	0.00226461	-0.000194039	-0.00423187	-0.000958192	0.00260796	0.000527188	-0.00739623	-0.00165661	0.00643626	-0.00108933	-0.0104946	-0.00146718	0.00542662	0.000719697	-0.0078538	-0.00914401	-0.0035114	0.00611832	0.00385285	-0.0141773	-0.0234503	-0.00825076	0.00553777	0.00302788	-0.0238549	-0.0457515	-0.0737688	-0.0898635	-0.0943895	-0.104481	-0.133284	-0.193759	-0.245877	-0.257762	-0.217124	-0.129785	2.1002e-05	0.150097	0.298174	0.418857	0.485141	0.515042	0.50989	0.464933	0.378094	0.241297	0.0852015	-0.0571113	-0.167713	-0.237425	-0.258934	-0.225736	-0.168989	-0.121095	-0.0939368	-0.093833	-0.0889683	-0.0595225	-0.0331263	-0.0132916	0.00667142	0.00651301	-0.0128133	-0.0226098	-0.0082248	0.0124583	0.00890692	-0.0113251	-0.0124975	0.00388579	0.00959701	0	
0	0.00231997	-0.0014747	0.00118386	0.00307508	-0.00353763	0.0023786	-0.00115487	-0.00304039	0.00111961	-0.00246005	0.000943538	0.00141008	-0.00323122	5.45698e-05	-0.000325872	-0.00242834	-0.0024869	0.00284846	-0.000214896	-0.00461558	0.000641483	0.000848494	-0.00416216	0.000991566	0.0012942	-0.00474112	-0.00132396	0.00226018	-0.00194318	-0.00392317	-0.00201155	0.00247369	-0.00138938	-0.00763024	-0.00253759	0.00582577	-0.0032926	-0.0117038	-0.00219407	0.00425167	-0.00069299	-0.0105746	-0.0106451	-0.0046197	0.00609861	0.00256158	-0.0184769	-0.0260049	-0.0103575	0.00715303	-0.000198061	-0.0307501	-0.0614225	-0.095063	-0.116195	-0.124946	-0.139849	-0.183527	-0.258936	-0.326506	-0.341133	-0.287041	-0.173169	-0.000822743	0.198938	0.395992	0.557189	0.649128	0.688479	0.678353	0.616059	0.500022	0.321599	0.115755	-0.0730264	-0.2219	-0.317973	-0.345335	-0.300317	-0.226011	-0.163747	-0.128135	-0.122003	-0.111876	-0.0783253	-0.0460738	-0.018642	0.00636159	0.00668837	-0.0151616	-0.0265326	-0.0103218	0.0126665	0.00900144	-0.0119977	-0.0129949	0.00346436	0.00905099	0	
0	-0.00281906	-0.0014484	-0.00324177	-0.00353763	9.37094e-05	0.00141926	4.80881e-05	0.00360814	0.00225344	-0.00244056	-0.000985496	0.000590148	0.00102937	-0.000304532	-0.00126727	-0.00106336	-0.000473046	-0.00182678	-0.00406446	-0.00202479	9.72573e-05	-0.00225986	-0.00560848	-0.000679505	-0.000930274	-0.00577808	-0.00214814	-0.00114921	-0.00318338	-0.00558925	-0.0025538	-0.00116673	-0.00306774	-0.0090147	-0.00291924	0.00151996	-0.00556807	-0.0123455	-0.00367779	0.00165293	-0.0040986	-0.0116307	-0.0121889	-0.00478924	0.00508845	-0.0010923	-0.0189377	-0.0275943	-0.0085344	0.00614478	-0.00460354	-0.0369239	-0.0775034	-0.11333	-0.140313	-0.155557	-0.177824	-0.237003	-0.32873	-0.404699	-0.422022	-0.356837	-0.209299	-0.000209016	0.247349	0.494987	0.688805	0.806865	0.860147	0.849641	0.771792	0.619842	0.399353	0.147879	-0.0913212	-0.279463	-0.392745	-0.423844	-0.377369	-0.289842	-0.208156	-0.160792	-0.14732	-0.132099	-0.0966298	-0.0589268	-0.0243157	0.00361827	0.00493049	-0.0161744	-0.0275179	-0.011878	0.00995192	0.00726376	-0.01054	-0.0114347	0.0019175	0.00657696	0	
0	0.0013937	0.00378662	0.00297539	0.0023786	0.00141926	-0.00301402	-0.00272952	-0.00349792	-0.00483782	0.000773967	0.000837055	-0.00255118	-0.00162599	-0.00148407	2.05668e-05	7.90848e-05	0.000238774	-0.00100284	0.00265166	-0.00043054	0.000202552	-0.000872437	0.000793527	-8.07764e-05	-0.000396952	-0.00155771	9.5779e-05	-0.000807549	-0.00159286	-0.00200105	-0.000946529	-0.000614419	-0.00244215	-0.00397808	-0.00149484	0.00143294	-0.00506136	-0.0061975	-0.00268568	0.00205974	-0.00449638	-0.00918501	-0.0100877	-0.00396021	0.00225518	-0.00585638	-0.0221598	-0.02747	-0.0130026	-0.000523394	-0.0153119	-0.0487687	-0.0920392	-0.130129	-0.158807	-0.179476	-0.213965	-0.289437	-0.394705	-0.483932	-0.503972	-0.42626	-0.253165	-0.00113837	0.300705	0.592486	0.823795	0.971345	1.02807	1.0107	0.920949	0.741309	0.479769	0.177977	-0.10767	-0.330531	-0.466231	-0.505551	-0.454835	-0.351461	-0.253718	-0.197117	-0.17187	-0.147911	-0.112353	-0.0714684	-0.0312379	-0.00191297	0.00125025	-0.0159347	-0.0254676	-0.0128257	0.00439652	0.00393783	-0.00719037	-0.00840764	-0.0005682	0.00294719	0	
0	-0.00137092	-0.00146731	-0.00377388	-0.00115487	4.80881e-05	-0.00272952	0.00552305	0.000875701	0.00012376	0.00275906	-0.00285373	-0.00163719	0.000350861	-0.0016338	-0.00176112	-0.00210692	-0.00201537	-0.00469682	-0.00080171	-0.00334607	-0.0044597	-0.0023778	-0.0016416	-0.00358073	-0.00530629	-0.000389594	-0.00409653	-0.00377162	-0.0042722	-0.00219982	-0.00413618	-0.0048367	-0.00517264	-0.0039102	-0.00452654	-0.00590837	-0.00726957	-0.00651925	-0.00622757	-0.00534037	-0.00886981	-0.0110582	-0.0111669	-0.00606654	-0.00421431	-0.010699	-0.0216598	-0.022175	-0.0122369	-0.00417989	-0.0219675	-0.0548513	-0.102833	-0.142059	-0.176978	-0.208646	-0.258641	-0.352125	-0.466444	-0.561203	-0.578998	-0.486828	-0.286263	0.00472607	0.350717	0.682763	0.95072	1.12636	1.19526	1.17947	1.07155	0.855764	0.554863	0.209309	-0.120865	-0.379977	-0.536546	-0.582039	-0.529755	-0.416547	-0.305609	-0.234956	-0.192094	-0.160133	-0.127261	-0.0834502	-0.0383912	-0.00977956	-0.00483591	-0.0151462	-0.0206004	-0.0129663	-0.00332624	-0.000518869	-0.00271599	-0.00483631	-0.00350972	-0.000730714	0	
0	-0.00245756	0.00200659	-0.000694729	-0.00304039	0.00360814	-0.00349792	0.000875701	-0.000892095	-0.00336738	0.00241319	-0.00494411	-0.000443388	0.00423204	-0.00315192	-0.00117406	-0.00086039	0.00180183	-0.00390618	-0.000969552	0.0011213	-0.00439089	-0.000637708	-0.000498125	-0.00416715	-0.00418358	0.00134882	-0.00386153	-0.00582663	-0.00186217	-0.00226152	-0.00315339	-0.00783818	-0.00278372	-0.00222036	-0.00415581	-0.00995698	-0.00418157	-0.00271531	-0.0066159	-0.00796473	-0.00871594	-0.00762079	-0.00807326	-0.00666388	-0.0084585	-0.0161548	-0.0175492	-0.0199005	-0.0143002	-0.0158391	-0.0344629	-0.0661324	-0.115077	-0.15316	-0.192407	-0.234888	-0.303574	-0.410363	-0.536188	-0.633904	-0.649803	-0.549272	-0.318244	0.00981192	0.397891	0.774409	1.07735	1.27883	1.361	1.34326	1.21446	0.964842	0.628824	0.244199	-0.130087	-0.426567	-0.602346	-0.654346	-0.603693	-0.483916	-0.360699	-0.273793	-0.211974	-0.171354	-0.139031	-0.0926808	-0.046333	-0.0205353	-0.0130805	-0.014071	-0.0137848	-0.0123952	-0.0119227	-0.00541918	0.00165183	-0.00176463	-0.00618659	-0.00332043	0	
0	0.00140265	0.00170456	0.0020086	0.00111961	0.00225344	-0.00483782	0.00012376	-0.00336738	-0.00469681	0.00183966	-0.0015749	0.000434477	-0.00176216	-0.00522278	9.14264e-05	0.00146095	-0.00400124	-0.00132367	0.00105373	0.000894326	-0.00774586	0.00182912	0.00100603	-0.00520431	-0.00368001	0.00322803	-0.00520654	-0.00515759	-0.00137955	-0.000596685	-0.00486314	-0.0077926	-0.00217374	7.99304e-05	-0.00642027	-0.0124934	-0.00131175	-0.00135036	-0.00799696	-0.0126935	-0.00798	-0.00626835	-0.00700467	-0.00911814	-0.0170246	-0.0186887	-0.016131	-0.0155772	-0.0197287	-0.0286946	-0.0452878	-0.0769235	-0.121513	-0.16012	-0.20541	-0.262528	-0.351303	-0.474967	-0.604978	-0.705513	-0.719359	-0.600816	-0.3473	0.0185798	0.449065	0.85937	1.19887	1.42841	1.52303	1.49928	1.34736	1.07358	0.704877	0.274626	-0.137695	-0.461638	-0.661189	-0.72631	-0.675055	-0.549987	-0.419766	-0.31634	-0.232928	-0.180947	-0.146731	-0.0997386	-0.055397	-0.0329451	-0.022631	-0.0137053	-0.00670763	-0.0110726	-0.0194939	-0.0101204	0.00437839	-4.07952e-05	-0.00777815	-0.00402092	0	
0	0.00081976	-0.00492959	-0.0012446	-0.00246005	-0.00244056	0.000773967	0.00275906	0.00241319	0.00183966	0.00202847	-0.00351768	-0.00288371	-0.00281671	0.000505453	-0.00296085	-0.00157591	-0.00397915	-0.00417661	-0.00390054	-0.00311818	-0.00511224	-0.00197172	-0.00259428	-0.00839991	-0.00268126	-3.42523e-05	-0.0083282	-0.00553879	-0.00312519	-0.00171701	-0.00905815	-0.00764878	-0.00470847	0.000247478	-0.0128627	-0.013337	-0.00296562	-0.00220846	-0.014081	-0.0175533	-0.00967731	-0.00742778	-0.00830631	-0.0153659	-0.0248115	-0.0201532	-0.0125104	-0.0106755	-0.0252361	-0.0388541	-0.0531844	-0.0842918	-0.122428	-0.166116	-0.21944	-0.295675	-0.408906	-0.542584	-0.676937	-0.774583	-0.776693	-0.643842	-0.362956	0.0372946	0.49524	0.938226	1.30952	1.5646	1.67886	1.65356	1.48285	1.17642	0.767144	0.306713	-0.13446	-0.49268	-0.714518	-0.787227	-0.7412	-0.620797	-0.483883	-0.359785	-0.255354	-0.191059	-0.151341	-0.104517	-0.0645176	-0.0456464	-0.0330529	-0.0151439	-0.00108095	-0.00891783	-0.0241895	-0.0141991	0.0041324	-3.0722e-05	-0.00764688	-0.00268402	0	
0	-0.000910754	0.00138223	-5.89571e-05	0.000943538	-0.000985496	0.000837055	-0.00285373	-0.00494411	-0.0015749	-0.00351768	-0.00347518	0.00315613	0.000910592	0.000588057	-0.00213751	-0.00274275	0.000491217	-0.00103148	0.00202796	-0.00297468	-0.00259036	-0.00170822	-0.000337222	-0.00618327	-0.000910429	-0.00229873	-0.00617431	-0.00459056	-0.00246287	-0.00358553	-0.00816307	-0.00679669	-0.00347352	-0.00084453	-0.0139737	-0.0102353	-0.00148615	-0.0010067	-0.015899	-0.0152347	-0.00685074	-0.00381588	-0.00612847	-0.019115	-0.0258484	-0.0192778	-0.00660141	-0.0103667	-0.0360009	-0.0516411	-0.0686893	-0.0927981	-0.127553	-0.174397	-0.234327	-0.332921	-0.463545	-0.60475	-0.742397	-0.833612	-0.826265	-0.681739	-0.374802	0.0538488	0.535891	1.01392	1.41769	1.69841	1.83169	1.799	1.60114	1.26434	0.828845	0.344961	-0.124472	-0.511473	-0.757836	-0.846215	-0.805372	-0.687912	-0.547378	-0.407726	-0.284404	-0.202469	-0.151835	-0.106777	-0.073505	-0.0578264	-0.0434562	-0.0188533	0.00146502	-0.00617705	-0.0247536	-0.0173987	0.000332994	-0.00153166	-0.0056532	6.97995e-05	0	
0	-0.00241121	0.00541308	-0.00263883	0.00141008	0.000590148	-0.00255118	-0.00163719	-0.000443388	0.000434477	-0.00288371	0.00315613	-0.0014367	-0.00697089	-0.00423519	-0.00180584	-0.00165249	8.51051e-05	-0.00554486	-0.00334404	-0.00455513	-0.000801417	-0.00376584	-0.00370246	-0.00462966	-0.00203098	-0.00434812	-0.00539973	-0.00390115	-0.00383856	-0.00516965	-0.00729466	-0.00630123	-0.00385644	-0.00485725	-0.0137753	-0.00911652	-0.00305599	-0.00531976	-0.0193276	-0.0154426	-0.00948804	-0.00483669	-0.0128194	-0.0253176	-0.031126	-0.0187498	-0.0052178	-0.0149392	-0.0453966	-0.0626076	-0.0769321	-0.0937792	-0.12635	-0.177055	-0.251299	-0.37589	-0.521741	-0.674476	-0.81019	-0.889353	-0.872027	-0.703532	-0.371091	0.0774765	0.584	1.08509	1.51033	1.81942	1.96956	1.92758	1.7115	1.3538	0.891814	0.380348	-0.113727	-0.521993	-0.788037	-0.890543	-0.862258	-0.757701	-0.614307	-0.458241	-0.317912	-0.215936	-0.151135	-0.108066	-0.0811712	-0.0676163	-0.0529404	-0.0254031	-0.000258085	-0.00317199	-0.0209875	-0.0196848	-0.00646284	-0.00383044	-0.00235733	0.00298094	0	
0	-0.00199985	-0.000236714	-0.00244999	-0.00323122	0.00102937	-0.00162599	0.000350861	0.00423204	-0.00176216	-0.00281671	0.000910592	-0.00697089	-0.00252173	0.00428856	-0.00255877	-0.00524127	-0.00265085	-0.00279851	-0.00482823	-0.00133346	-0.00157001	-0.00709201	-0.00447381	-0.0013255	-0.00457073	-0.00731807	-0.00354579	-0.00437708	-0.00611855	-0.00705573	-0.00638836	-0.0061724	-0.00621073	-0.00892346	-0.0114195	-0.00836421	-0.00539905	-0.0106778	-0.0178768	-0.0153088	-0.00888083	-0.00732591	-0.0168719	-0.0286757	-0.0304091	-0.0152	-0.00434252	-0.0219829	-0.052629	-0.0737961	-0.0821676	-0.0953329	-0.127867	-0.182787	-0.279998	-0.422863	-0.584049	-0.743042	-0.868961	-0.937214	-0.900725	-0.709137	-0.357528	0.107121	0.626712	1.14428	1.59134	1.92838	2.09544	2.04883	1.81742	1.42974	0.936692	0.41482	-0.085796	-0.514398	-0.805403	-0.928107	-0.917679	-0.823188	-0.676068	-0.51301	-0.360153	-0.232935	-0.150677	-0.108839	-0.0863069	-0.0741875	-0.0613089	-0.0345135	-0.00604141	-0.000593404	-0.0143594	-0.0211019	-0.0143427	-0.0059556	0.000957879	0.00452069	0	
0	0.000382205	-0.00107884	0.000366095	5.45698e-05	-0.000304532	-0.00148407	-0.0016338	-0.00315192	-0.00522278	0.000505453	0.000588057	-0.00423519	0.00428856	-0.000187432	-0.00643015	-0.00139414	0.000117446	-0.00216935	-0.0033331	-0.00144685	-0.00357656	-0.00834172	-0.000602009	-0.00185014	-0.00925892	-0.00738814	-0.00109543	-0.00669163	-0.00923845	-0.00769555	-0.00548164	-0.00688038	-0.0104482	-0.0109887	-0.00872146	-0.00777311	-0.0110491	-0.0130646	-0.0159572	-0.012956	-0.0101209	-0.00988866	-0.0208125	-0.0286989	-0.026666	-0.011168	-0.00889351	-0.0293146	-0.0624316	-0.0815359	-0.0869653	-0.0981511	-0.128548	-0.197513	-0.312688	-0.473358	-0.646598	-0.804255	-0.921034	-0.97502	-0.915896	-0.70234	-0.337877	0.1403	0.669649	1.19606	1.66827	2.02839	2.20004	2.15159	1.90384	1.48886	0.986056	0.461195	-0.0543813	-0.499318	-0.807567	-0.953503	-0.963719	-0.880578	-0.738525	-0.57472	-0.4062	-0.253174	-0.15536	-0.110394	-0.0874922	-0.0774205	-0.0685414	-0.0447578	-0.0145878	0.000201307	-0.00766476	-0.0214715	-0.0204881	-0.00711568	0.00262063	0.00345607	0	
0	0.00196059	-0.00115126	0.00207852	-0.000325872	-0.00126727	2.05668e-05	-0.00176112	-0.00117406	9.14264e-05	-0.00296085	-0.00213751	-0.00180584	-0.00255877	-0.00643015	-0.00585492	0.00126464	-0.00210531	-0.00383942	-0.00690399	-0.00162364	-0.00163987	-0.00679922	-0.000469603	-0.00363107	-0.00866301	-0.00276302	-0.000828989	-0.00755866	-0.00901556	-0.0041525	-0.00419497	-0.00630987	-0.0130337	-0.00861126	-0.00460113	-0.00840467	-0.0158031	-0.0133951	-0.0122269	-0.0128509	-0.0134317	-0.0160806	-0.0260288	-0.0290135	-0.0247072	-0.0133954	-0.0198684	-0.0406583	-0.0705371	-0.0864165	-0.0875233	-0.0962231	-0.129792	-0.213781	-0.350258	-0.52666	-0.709258	-0.865316	-0.971006	-1.00478	-0.917364	-0.681049	-0.300588	0.184488	0.7122	1.24527	1.73036	2.10058	2.28491	2.23811	1.97193	1.54351	1.03707	0.503145	-0.0197159	-0.468878	-0.791999	-0.962765	-0.998581	-0.935136	-0.80213	-0.635455	-0.453452	-0.282351	-0.168444	-0.111746	-0.0850083	-0.0785219	-0.0740776	-0.0538944	-0.0242198	-0.00240043	-0.00398473	-0.0204755	-0.0222636	-0.00699685	0.00125456	-0.000628653	0	
0	-0.000130136	-0.0013709	0.00058325	-0.00242834	-0.00106336	7.90848e-05	-0.00210692	-0.00086039	0.00146095	-0.00157591	-0.00274275	-0.00165249	-0.00524127	-0.00139414	0.00126464	-0.00198316	-0.00710653	-0.00526379	-0.00309967	0.000126568	-0.00701584	-0.00783997	-0.00253053	-0.00448148	-0.0103461	-0.00331313	-0.00530569	-0.00991771	-0.00954451	-0.00585116	-0.00602037	-0.0109865	-0.0154028	-0.0091798	-0.00356775	-0.0152097	-0.0201878	-0.0143215	-0.00950134	-0.0158086	-0.0179099	-0.0225344	-0.027156	-0.0257648	-0.0193376	-0.0180927	-0.0291743	-0.0491724	-0.0734609	-0.0858105	-0.0876314	-0.0948594	-0.140011	-0.24136	-0.396812	-0.585063	-0.770319	-0.919025	-1.01028	-1.01727	-0.89975	-0.644687	-0.252622	0.231525	0.752695	1.28794	1.7788	2.15501	2.34733	2.29999	2.02568	1.59235	1.07836	0.54019	0.0267297	-0.417754	-0.758422	-0.961624	-1.02661	-0.980535	-0.857804	-0.694883	-0.506617	-0.321306	-0.18819	-0.114309	-0.0819002	-0.0782683	-0.0768474	-0.059942	-0.0332383	-0.00944268	-0.00563489	-0.0180496	-0.0184084	-0.00579855	-0.00348104	-0.00706571	0	
0	-0.00124157	-0.00252884	-0.00201139	-0.0024869	-0.000473046	0.000238774	-0.00201537	0.00180183	-0.00400124	-0.00397915	0.000491217	8.51051e-05	-0.00265085	0.000117446	-0.00210531	-0.00710653	-0.00461048	0.000574314	-0.00285433	-0.00702298	-0.00733238	-0.00385174	-0.00237283	-0.00891835	-0.00794535	-0.00462583	-0.00634177	-0.0108292	-0.00848081	-0.00692126	-0.00761905	-0.0130985	-0.0158609	-0.00641472	-0.00627191	-0.0192602	-0.0225442	-0.0109713	-0.00880061	-0.0187605	-0.0227521	-0.0272927	-0.0250906	-0.0210506	-0.0174127	-0.0269171	-0.0408117	-0.0561856	-0.0728898	-0.0851509	-0.083978	-0.099507	-0.155366	-0.277376	-0.449053	-0.642275	-0.828417	-0.966559	-1.03855	-1.01341	-0.868111	-0.590597	-0.193583	0.279858	0.796604	1.32338	1.81013	2.19279	2.38733	2.33498	2.05705	1.62595	1.11573	0.58783	0.0874948	-0.359264	-0.718585	-0.944547	-1.0322	-1.01322	-0.914009	-0.75506	-0.559224	-0.366155	-0.216966	-0.122377	-0.0803128	-0.0767737	-0.0763684	-0.0616064	-0.0403039	-0.0209237	-0.0131383	-0.0146588	-0.0099699	-0.00413357	-0.0104016	-0.0141503	0	
0	0.000681351	0.00400247	0.000976943	0.00284846	-0.00182678	-0.00100284	-0.00469682	-0.00390618	-0.00132367	-0.00417661	-0.00103148	-0.00554486	-0.00279851	-0.00216935	-0.00383942	-0.00526379	0.000574314	0.000771003	-0.00817947	-0.00563575	0.00108785	-0.00189652	-0.00751141	-0.00707255	-0.00139185	-0.0056355	-0.00694683	-0.00891172	-0.00529187	-0.00717394	-0.00750087	-0.0135052	-0.0109951	-0.00494692	-0.00816045	-0.0213698	-0.0186272	-0.00695007	-0.00912937	-0.0208359	-0.0277626	-0.0272523	-0.0224324	-0.0161561	-0.022165	-0.0404781	-0.0531975	-0.0626831	-0.0722883	-0.0835165	-0.0851832	-0.108297	-0.180822	-0.320334	-0.499661	-0.697575	-0.876222	-1.00392	-1.0536	-0.995542	-0.823239	-0.527186	-0.130063	0.338831	0.843549	1.35544	1.83447	2.20283	2.38974	2.34205	2.07282	1.65211	1.15143	0.63923	0.151206	-0.296353	-0.660275	-0.901038	-1.02384	-1.0445	-0.963403	-0.803427	-0.611507	-0.421132	-0.254145	-0.136113	-0.0833151	-0.0758765	-0.0722511	-0.0583149	-0.045169	-0.0352972	-0.0245436	-0.011618	-0.000530356	-0.00271337	-0.0168547	-0.0195919	0	
0	0.00140502	-0.00448105	-0.000395564	-0.000214896	-0.00406446	0.00265166	-0.00080171	-0.000969552	0.00105373	-0.00390054	0.00202796	-0.00334404	-0.00482823	-0.0033331	-0.00690399	-0.00309967	-0.00285433	-0.00817947	-0.00947901	-0.0037303	-0.00196091	-0.0115771	-0.0104913	-0.0029977	-0.00470485	-0.0126919	-0.00960433	-0.00692587	-0.00832731	-0.0108321	-0.0125766	-0.0133544	-0.0111325	-0.00913666	-0.0168426	-0.0230223	-0.0185273	-0.00943635	-0.0167248	-0.028117	-0.034559	-0.0290313	-0.0205838	-0.0170507	-0.0325996	-0.053083	-0.0617315	-0.0600683	-0.0663532	-0.0756783	-0.0847009	-0.122021	-0.213748	-0.368957	-0.555486	-0.751689	-0.922777	-1.03541	-1.05282	-0.96253	-0.758899	-0.447658	-0.05539	0.403781	0.888561	1.37998	1.83818	2.1891	2.36984	2.32158	2.06512	1.66551	1.18645	0.694855	0.216735	-0.22239	-0.582091	-0.845587	-1.00781	-1.05876	-0.994044	-0.847692	-0.669706	-0.478102	-0.293793	-0.160424	-0.0959664	-0.0755641	-0.0641713	-0.0518855	-0.0484423	-0.0488977	-0.0361516	-0.0112487	0.00496516	-0.00191715	-0.0196381	-0.0213508	0	
0	-0.000366735	-0.00336202	-0.000528495	-0.00461558	-0.00202479	-0.00043054	-0.00334607	0.0011213	0.000894326	-0.00311818	-0.00297468	-0.00455513	-0.00133346	-0.00144685	-0.00162364	0.000126568	-0.00702298	-0.00563575	-0.0037303	-0.00193215	-0.00656706	-0.00920804	-0.00722782	-0.00120582	-0.0107932	-0.0132389	-0.00700726	-0.00605356	-0.0119905	-0.0139807	-0.0130664	-0.0110689	-0.0105295	-0.0160575	-0.0189996	-0.0202201	-0.0138891	-0.0137292	-0.0194294	-0.0313253	-0.0329582	-0.0241571	-0.0153798	-0.0191709	-0.0430298	-0.0623791	-0.0635226	-0.0569271	-0.0595999	-0.073956	-0.0943129	-0.148654	-0.260691	-0.421895	-0.610528	-0.798831	-0.957374	-1.04864	-1.03469	-0.910568	-0.681846	-0.363919	0.0276001	0.471003	0.933853	1.40065	1.82479	2.15031	2.31848	2.27662	2.04225	1.66591	1.21632	0.749253	0.28676	-0.134746	-0.494573	-0.782133	-0.97167	-1.05058	-1.01525	-0.891169	-0.722743	-0.528888	-0.33978	-0.199581	-0.117186	-0.0759475	-0.0555596	-0.0454184	-0.0496418	-0.0572638	-0.0446578	-0.0159194	0.00260502	-0.00173865	-0.016618	-0.0185105	0	
0	0.00157658	-0.0007233	0.00289734	0.000641483	9.72573e-05	0.000202552	-0.0044597	-0.00439089	-0.00774586	-0.00511224	-0.00259036	-0.000801417	-0.00157001	-0.00357656	-0.00163987	-0.00701584	-0.00733238	0.00108785	-0.00196091	-0.00656706	-0.00562861	-0.00644039	-0.00442109	-0.00332267	-0.0107723	-0.0102575	-0.00286609	-0.00763668	-0.0125306	-0.0137512	-0.00897415	-0.00774956	-0.0124197	-0.0202681	-0.0166358	-0.0131845	-0.0139849	-0.018264	-0.0232632	-0.0318762	-0.030016	-0.0208747	-0.0151505	-0.0307696	-0.0553929	-0.0707656	-0.0635867	-0.0530959	-0.056315	-0.0767617	-0.11225	-0.187159	-0.310725	-0.476172	-0.659725	-0.835702	-0.980744	-1.04328	-0.997307	-0.843669	-0.595088	-0.272926	0.109929	0.53712	0.978985	1.41084	1.80105	2.09759	2.24323	2.2034	1.98995	1.65132	1.24395	0.805245	0.368245	-0.0398816	-0.408492	-0.706734	-0.912913	-1.02604	-1.02584	-0.924047	-0.765632	-0.576719	-0.393032	-0.248416	-0.145216	-0.0819649	-0.0511958	-0.0403469	-0.0477354	-0.0577873	-0.0484848	-0.0262941	-0.0083562	-0.00215495	-0.0082098	-0.0118467	0	
0	0.000983867	0.00134818	0.00032985	0.000848494	-0.00225986	-0.000872437	-0.0023778	-0.000637708	0.00182912	-0.00197172	-0.00170822	-0.00376584	-0.00709201	-0.00834172	-0.00679922	-0.00783997	-0.00385174	-0.00189652	-0.0115771	-0.00920804	-0.00644039	-0.00694856	-0.00632555	-0.00782913	-0.0126749	-0.00858453	-0.00475679	-0.0119048	-0.0150109	-0.0132217	-0.00807154	-0.0101915	-0.0195276	-0.0240494	-0.0134657	-0.012877	-0.0210208	-0.0277093	-0.028365	-0.0338664	-0.0297562	-0.0222469	-0.0257336	-0.0465971	-0.0684833	-0.0735817	-0.060422	-0.0484431	-0.0525544	-0.0840623	-0.13668	-0.229494	-0.360758	-0.524209	-0.699331	-0.865281	-0.989851	-1.02565	-0.950283	-0.767633	-0.505633	-0.17728	0.201775	0.612956	1.0266	1.41603	1.75964	2.0121	2.1382	2.1087	1.92355	1.62984	1.26675	0.862952	0.449076	0.0471529	-0.315264	-0.611686	-0.840345	-0.987465	-1.01921	-0.943498	-0.798854	-0.620392	-0.448393	-0.301851	-0.181105	-0.0983869	-0.054317	-0.0376552	-0.0424891	-0.0506404	-0.0481465	-0.0403818	-0.0245934	-0.00340179	0.00208517	-0.00392167	0	
0	-0.00144842	-0.00594147	-0.00430729	-0.00416216	-0.00560848	0.000793527	-0.0016416	-0.000498125	0.00100603	-0.00259428	-0.000337222	-0.00370246	-0.00447381	-0.000602009	-0.000469603	-0.00253053	-0.00237283	-0.00751141	-0.0104913	-0.00722782	-0.00442109	-0.00632555	-0.0108372	-0.0143122	-0.0105727	-0.00787982	-0.0110399	-0.0178283	-0.0157494	-0.013352	-0.0107388	-0.017392	-0.0258735	-0.0230789	-0.0110813	-0.0162161	-0.0299327	-0.0317861	-0.0288529	-0.029051	-0.0256428	-0.0230299	-0.0348254	-0.0564287	-0.0681355	-0.066001	-0.0503751	-0.0412181	-0.0536966	-0.100494	-0.175997	-0.283175	-0.417224	-0.574777	-0.737748	-0.886191	-0.984126	-0.986809	-0.879429	-0.675361	-0.40145	-0.0740145	0.292429	0.68223	1.05881	1.4035	1.70038	1.9145	2.02434	1.99824	1.84281	1.59564	1.2753	0.910994	0.525878	0.141234	-0.209527	-0.512008	-0.760346	-0.931725	-0.995119	-0.945155	-0.817505	-0.660461	-0.50318	-0.353776	-0.223679	-0.128671	-0.068152	-0.038048	-0.0342412	-0.0393194	-0.0461281	-0.0533617	-0.0395123	-0.00620294	0.00860073	0.00165275	0	
0	0.00125663	-0.000196263	0.00154672	0.000991566	-0.000679505	-8.07764e-05	-0.00358073	-0.00416715	-0.00520431	-0.00839991	-0.00618327	-0.00462966	-0.0013255	-0.00185014	-0.00363107	-0.00448148	-0.00891835	-0.00707255	-0.0029977	-0.00120582	-0.00332267	-0.00782913	-0.0143122	-0.00575601	-0.00131811	-0.00866031	-0.0153252	-0.012088	-0.00897918	-0.00963758	-0.0121882	-0.0188371	-0.0220087	-0.01486	-0.00776037	-0.0206424	-0.0326893	-0.0310284	-0.0236137	-0.0242469	-0.0245645	-0.0318999	-0.0499995	-0.0651394	-0.0685333	-0.0609347	-0.0491246	-0.0453223	-0.0689044	-0.134298	-0.226397	-0.338895	-0.467518	-0.610956	-0.758503	-0.884731	-0.952338	-0.927556	-0.796607	-0.578971	-0.30231	0.0234444	0.378998	0.744076	1.08555	1.38359	1.63078	1.80821	1.89757	1.87513	1.74715	1.53927	1.2704	0.955792	0.603251	0.241088	-0.103113	-0.415744	-0.674116	-0.859774	-0.946522	-0.922836	-0.828266	-0.698443	-0.546097	-0.397735	-0.275225	-0.174561	-0.0922712	-0.0415687	-0.0263737	-0.0303906	-0.0443589	-0.0585768	-0.0466313	-0.0118259	0.00619657	0.00183546	0	
0	0.00232402	0.00124064	0.00383131	0.0012942	-0.000930274	-0.000396952	-0.00530629	-0.00418358	-0.00368001	-0.00268126	-0.000910429	-0.00203098	-0.00457073	-0.00925892	-0.00866301	-0.0103461	-0.00794535	-0.00139185	-0.00470485	-0.0107932	-0.0107723	-0.0126749	-0.0105727	-0.00131811	-0.00803085	-0.0205306	-0.0145191	-0.00798573	-0.0100163	-0.0163307	-0.0181766	-0.0218436	-0.0186839	-0.0143504	-0.0156245	-0.0303746	-0.0374309	-0.0311353	-0.0232081	-0.0252481	-0.033457	-0.0487643	-0.0642425	-0.0692609	-0.0626047	-0.0561195	-0.0478416	-0.053295	-0.0912003	-0.174501	-0.277918	-0.389122	-0.507214	-0.636726	-0.766588	-0.866213	-0.906619	-0.854876	-0.707194	-0.482424	-0.201093	0.119975	0.462197	0.801852	1.1032	1.35279	1.55241	1.69113	1.75856	1.73927	1.638	1.47553	1.26042	0.992838	0.676225	0.332349	-0.00996961	-0.318265	-0.572227	-0.768371	-0.878407	-0.889481	-0.83083	-0.716165	-0.569842	-0.441461	-0.335837	-0.227573	-0.123446	-0.052492	-0.026166	-0.0289046	-0.0415771	-0.0515667	-0.0439173	-0.0208464	-0.0063129	-0.00439084	0	
0	-0.0015653	-0.00522229	-0.00523655	-0.00474112	-0.00577808	-0.00155771	-0.000389594	0.00134882	0.00322803	-3.42523e-05	-0.00229873	-0.00434812	-0.00731807	-0.00738814	-0.00276302	-0.00331313	-0.00462583	-0.0056355	-0.0126919	-0.0132389	-0.0102575	-0.00858453	-0.00787982	-0.00866031	-0.0205306	-0.0199633	-0.00898166	-0.0101073	-0.0183616	-0.0226106	-0.0223822	-0.0208223	-0.0168247	-0.0202033	-0.0267467	-0.0368353	-0.0367791	-0.0297415	-0.0221919	-0.0299531	-0.0455465	-0.0630656	-0.0690875	-0.0620619	-0.0527482	-0.0494435	-0.0502851	-0.068093	-0.124491	-0.223133	-0.330883	-0.435059	-0.540437	-0.653785	-0.760917	-0.832596	-0.843273	-0.770592	-0.610811	-0.378992	-0.0973818	0.218429	0.541899	0.847207	1.10303	1.30139	1.45746	1.5655	1.62075	1.61076	1.53241	1.40585	1.23438	1.00796	0.727284	0.411563	0.0899437	-0.208135	-0.466645	-0.67435	-0.802172	-0.840191	-0.804272	-0.707553	-0.589115	-0.487803	-0.390135	-0.277446	-0.163978	-0.0778454	-0.0391354	-0.03484	-0.0354466	-0.0346196	-0.0348924	-0.0311262	-0.0245809	-0.0156637	0	
0	-2.99373e-05	-0.00192968	-0.00049734	-0.00132396	-0.00214814	9.5779e-05	-0.00409653	-0.00386153	-0.00520654	-0.0083282	-0.00617431	-0.00539973	-0.00354579	-0.00109543	-0.000828989	-0.00530569	-0.00634177	-0.00694683	-0.00960433	-0.00700726	-0.00286609	-0.00475679	-0.0110399	-0.0153252	-0.0145191	-0.00898166	-0.00687771	-0.0151281	-0.0193588	-0.0215069	-0.018443	-0.0140928	-0.0151373	-0.0264675	-0.0312052	-0.0321793	-0.0298323	-0.0241586	-0.0218161	-0.0360992	-0.0577196	-0.0696812	-0.0640308	-0.0516935	-0.045444	-0.0519987	-0.0644606	-0.100807	-0.174456	-0.281845	-0.384662	-0.475774	-0.563627	-0.654936	-0.733277	-0.772581	-0.758196	-0.669784	-0.505224	-0.27416	0.00259827	0.303202	0.600929	0.868441	1.08096	1.24032	1.3629	1.44927	1.49655	1.48643	1.42084	1.32107	1.18505	1.00441	0.770774	0.489248	0.187101	-0.105873	-0.3672	-0.577827	-0.712575	-0.763257	-0.748563	-0.688436	-0.605858	-0.519203	-0.427403	-0.325572	-0.215418	-0.11902	-0.0664601	-0.045735	-0.0268412	-0.0166507	-0.0255587	-0.0377875	-0.0405249	-0.0284508	0	
0	0.00176152	0.000873092	0.00226461	0.00226018	-0.00114921	-0.000807549	-0.00377162	-0.00582663	-0.00515759	-0.00553879	-0.00459056	-0.00390115	-0.00437708	-0.00669163	-0.00755866	-0.00991771	-0.0108292	-0.00891172	-0.00692587	-0.00605356	-0.00763668	-0.0119048	-0.0178283	-0.012088	-0.00798573	-0.0101073	-0.0151281	-0.0182129	-0.0200364	-0.0213125	-0.0152974	-0.0131322	-0.0233878	-0.0366387	-0.0322804	-0.0283808	-0.0281164	-0.0281669	-0.0316131	-0.0528202	-0.0724133	-0.073251	-0.058359	-0.0463371	-0.0482398	-0.0643409	-0.0921237	-0.145054	-0.230318	-0.334752	-0.425416	-0.498629	-0.566998	-0.632603	-0.680488	-0.693738	-0.661157	-0.568021	-0.404113	-0.176409	0.0912431	0.375622	0.644175	0.874809	1.04872	1.17175	1.26885	1.3386	1.37497	1.36502	1.31029	1.23097	1.12847	0.988907	0.795254	0.549487	0.270843	-0.0135441	-0.269601	-0.473974	-0.607084	-0.666993	-0.680254	-0.657955	-0.600317	-0.527287	-0.454241	-0.371794	-0.2707	-0.173063	-0.106388	-0.0601394	-0.0218189	-0.00829952	-0.0202422	-0.036289	-0.0463356	-0.0372836	0	
0	0.000610402	-0.00113233	-0.000194039	-0.00194318	-0.00318338	-0.00159286	-0.0042722	-0.00186217	-0.00137955	-0.00312519	-0.00246287	-0.00383856	-0.00611855	-0.00923845	-0.00901556	-0.00954451	-0.00848081	-0.00529187	-0.00832731	-0.0119905	-0.0125306	-0.0150109	-0.0157494	-0.00897918	-0.0100163	-0.0183616	-0.0193588	-0.0200364	-0.0216698	-0.0199948	-0.0139769	-0.020787	-0.035815	-0.040151	-0.0279669	-0.0251446	-0.0310634	-0.0358435	-0.0455503	-0.0670293	-0.0771918	-0.0660403	-0.0485059	-0.0437081	-0.055488	-0.0851631	-0.129684	-0.197966	-0.285322	-0.380381	-0.453595	-0.508954	-0.554043	-0.590804	-0.610255	-0.600634	-0.55922	-0.464584	-0.303419	-0.0821217	0.173514	0.434422	0.670067	0.861623	0.999359	1.09504	1.17197	1.23168	1.26649	1.25815	1.20935	1.1431	1.06254	0.953982	0.796666	0.585516	0.335143	0.0733651	-0.16711	-0.365032	-0.498282	-0.566617	-0.599216	-0.599997	-0.565812	-0.520134	-0.472318	-0.408093	-0.323739	-0.23422	-0.15262	-0.080842	-0.0306517	-0.0154478	-0.0194713	-0.0263137	-0.0383241	-0.036098	0	
0	-0.00133501	-0.00472793	-0.00423187	-0.00392317	-0.00558925	-0.00200105	-0.00219982	-0.00226152	-0.000596685	-0.00171701	-0.00358553	-0.00516965	-0.00705573	-0.00769555	-0.0041525	-0.00585116	-0.00692126	-0.00717394	-0.0108321	-0.0139807	-0.0137512	-0.0132217	-0.013352	-0.00963758	-0.0163307	-0.0226106	-0.0215069	-0.0213125	-0.0199948	-0.0176597	-0.0202113	-0.0341146	-0.0409312	-0.0352815	-0.0229345	-0.0275934	-0.0379937	-0.0480502	-0.0597227	-0.0743168	-0.0713523	-0.0541273	-0.0422879	-0.0479745	-0.0722278	-0.117667	-0.179086	-0.254566	-0.336067	-0.414419	-0.470348	-0.503734	-0.522534	-0.529091	-0.521537	-0.497897	-0.451356	-0.358703	-0.202873	0.00820224	0.243809	0.473545	0.670307	0.825379	0.932976	1.00934	1.08111	1.14018	1.17451	1.16793	1.12076	1.05812	0.987479	0.897339	0.770417	0.598772	0.3869	0.15409	-0.070248	-0.261338	-0.391949	-0.461285	-0.499665	-0.515286	-0.509327	-0.496515	-0.474607	-0.433114	-0.37052	-0.288986	-0.19871	-0.116917	-0.0612601	-0.035642	-0.0218887	-0.01285	-0.0186725	-0.0219644	0	
0	3.2143e-05	-0.00188921	-0.000958192	-0.00201155	-0.0025538	-0.000946529	-0.00413618	-0.00315339	-0.00486314	-0.00905815	-0.00816307	-0.00729466	-0.00638836	-0.00548164	-0.00419497	-0.00602037	-0.00761905	-0.00750087	-0.0125766	-0.0130664	-0.00897415	-0.00807154	-0.0107388	-0.0121882	-0.0181766	-0.0223822	-0.018443	-0.0152974	-0.0139769	-0.0202113	-0.0306232	-0.0370504	-0.0324626	-0.0253165	-0.0217097	-0.0315897	-0.0463347	-0.0592591	-0.0671546	-0.069604	-0.0580766	-0.0452326	-0.0450906	-0.0641651	-0.10384	-0.166771	-0.239635	-0.312777	-0.37878	-0.438572	-0.471574	-0.47975	-0.466549	-0.442804	-0.416141	-0.383863	-0.339583	-0.252898	-0.107188	0.0853565	0.291996	0.485355	0.645408	0.768219	0.85692	0.927343	0.998041	1.06202	1.10277	1.09516	1.04194	0.973947	0.904103	0.827534	0.726941	0.589945	0.416639	0.21802	0.0160359	-0.163527	-0.287765	-0.351394	-0.38669	-0.411461	-0.430879	-0.451259	-0.461712	-0.446434	-0.398821	-0.325603	-0.247147	-0.174637	-0.110664	-0.062813	-0.0283482	-0.0026335	0.00522589	0.000312946	0	
0	0.00173152	0.000658081	0.00260796	0.00247369	-0.00116673	-0.000614419	-0.0048367	-0.00783818	-0.0077926	-0.00764878	-0.00679669	-0.00630123	-0.0061724	-0.00688038	-0.00630987	-0.0109865	-0.0130985	-0.0135052	-0.0133544	-0.0110689	-0.00774956	-0.0101915	-0.017392	-0.0188371	-0.0218436	-0.0208223	-0.0140928	-0.0131322	-0.020787	-0.0341146	-0.0370504	-0.0317704	-0.025004	-0.0274045	-0.0298653	-0.0435567	-0.0610676	-0.0722532	-0.0692064	-0.0606401	-0.050673	-0.0487024	-0.0620929	-0.0948515	-0.150554	-0.226658	-0.299647	-0.359134	-0.405612	-0.442566	-0.452115	-0.429032	-0.385155	-0.338404	-0.299694	-0.268544	-0.229264	-0.151556	-0.0222088	0.144376	0.316042	0.469981	0.5953	0.69724	0.776615	0.848586	0.930265	1.00257	1.04376	1.03254	0.972959	0.897034	0.822231	0.749406	0.666062	0.559493	0.422722	0.258659	0.0844297	-0.0752968	-0.184798	-0.236157	-0.265018	-0.295716	-0.335705	-0.3873	-0.429437	-0.435094	-0.400803	-0.34948	-0.301289	-0.243794	-0.167553	-0.0960389	-0.0422615	0.000216078	0.022571	0.017894	0	
0	0.00112565	3.1736e-05	0.000527188	-0.00138938	-0.00306774	-0.00244215	-0.00517264	-0.00278372	-0.00217374	-0.00470847	-0.00347352	-0.00385644	-0.00621073	-0.0104482	-0.0130337	-0.0154028	-0.0158609	-0.0109951	-0.0111325	-0.0105295	-0.0124197	-0.0195276	-0.0258735	-0.0220087	-0.0186839	-0.0168247	-0.0151373	-0.0233878	-0.035815	-0.0409312	-0.0324626	-0.025004	-0.0279662	-0.0365877	-0.0421021	-0.0580622	-0.0750826	-0.0762915	-0.0605653	-0.0510878	-0.0510483	-0.0634972	-0.0899485	-0.137901	-0.208319	-0.287709	-0.349918	-0.389182	-0.412985	-0.427397	-0.406434	-0.352686	-0.28185	-0.220285	-0.181159	-0.154784	-0.125268	-0.0622235	0.0451214	0.179293	0.31218	0.431523	0.532321	0.620357	0.699815	0.779866	0.868515	0.948733	0.996665	0.984383	0.916497	0.829582	0.746917	0.672617	0.594952	0.504494	0.396003	0.268705	0.13306	0.00684651	-0.0792881	-0.119118	-0.145743	-0.180236	-0.230634	-0.30002	-0.363702	-0.392527	-0.387015	-0.36998	-0.349898	-0.303727	-0.22355	-0.138586	-0.0661366	-0.00738322	0.0220196	0.0178307	0	
0	-0.00263992	-0.00789488	-0.00739623	-0.00763024	-0.0090147	-0.00397808	-0.0039102	-0.00222036	7.99304e-05	0.000247478	-0.00084453	-0.00485725	-0.00892346	-0.0109887	-0.00861126	-0.0091798	-0.00641472	-0.00494692	-0.00913666	-0.0160575	-0.0202681	-0.0240494	-0.0230789	-0.01486	-0.0143504	-0.0202033	-0.0264675	-0.0366387	-0.040151	-0.0352815	-0.0253165	-0.0274045	-0.0365877	-0.0477304	-0.0547289	-0.0710912	-0.0790069	-0.0660597	-0.0468771	-0.0461235	-0.0611496	-0.085945	-0.126645	-0.189513	-0.266516	-0.338826	-0.381505	-0.39924	-0.40239	-0.390192	-0.34061	-0.257979	-0.169826	-0.104383	-0.0672229	-0.0482653	-0.028104	0.0194629	0.0988875	0.195622	0.289867	0.374793	0.453631	0.536609	0.619782	0.710744	0.816259	0.909089	0.961766	0.949213	0.877054	0.780567	0.682372	0.591989	0.507421	0.424888	0.341234	0.25527	0.167449	0.0804989	0.0173872	-0.0136299	-0.037108	-0.0666046	-0.111515	-0.183152	-0.265333	-0.330206	-0.366195	-0.379401	-0.375671	-0.342618	-0.274204	-0.188355	-0.101794	-0.0325865	-0.00308579	-0.00207882	0	
0	-0.00041884	-0.00190219	-0.00165661	-0.00253759	-0.00291924	-0.00149484	-0.00452654	-0.00415581	-0.00642027	-0.0128627	-0.0139737	-0.0137753	-0.0114195	-0.00872146	-0.00460113	-0.00356775	-0.00627191	-0.00816045	-0.0168426	-0.0189996	-0.0166358	-0.0134657	-0.0110813	-0.00776037	-0.0156245	-0.0267467	-0.0312052	-0.0322804	-0.0279669	-0.0229345	-0.0217097	-0.0298653	-0.0421021	-0.0547289	-0.0626303	-0.0715648	-0.0657258	-0.0481602	-0.0377342	-0.0545454	-0.0834132	-0.123309	-0.179997	-0.253293	-0.327851	-0.382292	-0.403512	-0.399294	-0.377141	-0.335796	-0.252558	-0.146855	-0.0478125	0.0188734	0.0501376	0.0616049	0.0673323	0.0881183	0.130473	0.183944	0.236647	0.294523	0.362942	0.447145	0.543697	0.653417	0.774218	0.881246	0.945431	0.934567	0.852072	0.735967	0.616364	0.508364	0.413355	0.335055	0.274683	0.225538	0.178048	0.126962	0.0903746	0.0766383	0.067798	0.0546105	0.0224172	-0.0500166	-0.153336	-0.255065	-0.326683	-0.362361	-0.374002	-0.359931	-0.31167	-0.237319	-0.153041	-0.0835398	-0.0498246	-0.0319529	0	
0	0.00360596	0.00254211	0.00643626	0.00582577	0.00151996	0.00143294	-0.00590837	-0.00995698	-0.0124934	-0.013337	-0.0102353	-0.00911652	-0.00836421	-0.00777311	-0.00840467	-0.0152097	-0.0192602	-0.0213698	-0.0230223	-0.0202201	-0.0131845	-0.012877	-0.0162161	-0.0206424	-0.0303746	-0.0368353	-0.0321793	-0.0283808	-0.0251446	-0.0275934	-0.0315897	-0.0435567	-0.0580622	-0.0710912	-0.0715648	-0.0673296	-0.0560561	-0.0457797	-0.0532857	-0.084198	-0.127068	-0.18073	-0.248085	-0.319734	-0.376357	-0.407306	-0.403222	-0.373427	-0.322438	-0.24703	-0.138022	-0.0180306	0.0823389	0.141753	0.165147	0.162337	0.144279	0.131608	0.130553	0.139646	0.15971	0.198731	0.264974	0.363572	0.479489	0.610393	0.752453	0.872368	0.937654	0.918802	0.824432	0.694528	0.558091	0.434129	0.330239	0.250533	0.196907	0.167516	0.151804	0.138137	0.13988	0.160727	0.178232	0.180857	0.154061	0.0782449	-0.0370379	-0.158806	-0.254547	-0.314313	-0.348195	-0.354792	-0.329042	-0.281241	-0.220291	-0.157055	-0.107342	-0.061194	0	
0	0.00036337	-0.000249674	-0.00108933	-0.0032926	-0.00556807	-0.00506136	-0.00726957	-0.00418157	-0.00131175	-0.00296562	-0.00148615	-0.00305599	-0.00539905	-0.0110491	-0.0158031	-0.0201878	-0.0225442	-0.0186272	-0.0185273	-0.0138891	-0.0139849	-0.0210208	-0.0299327	-0.0326893	-0.0374309	-0.0367791	-0.0298323	-0.0281164	-0.0310634	-0.0379937	-0.0463347	-0.0610676	-0.0750826	-0.0790069	-0.0657258	-0.0560561	-0.0510775	-0.0576076	-0.0790224	-0.12381	-0.178967	-0.243608	-0.310861	-0.366218	-0.400111	-0.404933	-0.376469	-0.318817	-0.235998	-0.134406	-0.00801029	0.113975	0.207399	0.257697	0.267	0.243218	0.194789	0.141042	0.097494	0.0715766	0.068301	0.103248	0.181196	0.296484	0.432203	0.580674	0.731626	0.856391	0.924974	0.906129	0.806819	0.666143	0.517463	0.379781	0.257345	0.160657	0.101418	0.0820301	0.0936282	0.123825	0.175947	0.238216	0.281037	0.29512	0.271858	0.198704	0.0863674	-0.039077	-0.150798	-0.235801	-0.29571	-0.3267	-0.330797	-0.320428	-0.290434	-0.233588	-0.164184	-0.0882899	0	
0	-0.00371521	-0.0113387	-0.0104946	-0.0117038	-0.0123455	-0.0061975	-0.00651925	-0.00271531	-0.00135036	-0.00220846	-0.0010067	-0.00531976	-0.0106778	-0.0130646	-0.0133951	-0.0143215	-0.0109713	-0.00695007	-0.00943635	-0.0137292	-0.018264	-0.0277093	-0.0317861	-0.0310284	-0.0311353	-0.0297415	-0.0241586	-0.0281669	-0.0358435	-0.0480502	-0.0592591	-0.0722532	-0.0762915	-0.0660597	-0.0481602	-0.0457797	-0.0576076	-0.0774953	-0.113352	-0.170765	-0.237732	-0.303573	-0.356768	-0.39042	-0.399025	-0.381022	-0.325926	-0.238575	-0.130546	-0.0109361	0.118736	0.234975	0.319602	0.357382	0.35137	0.303314	0.220443	0.129832	0.0510143	-0.00332383	-0.0192477	0.0147624	0.100553	0.231772	0.382686	0.545368	0.711099	0.847621	0.922603	0.903997	0.801434	0.654224	0.490531	0.329808	0.183807	0.0669418	-0.00393197	-0.0156802	0.0245129	0.0950054	0.189597	0.289321	0.360307	0.391991	0.379004	0.315939	0.215015	0.0954796	-0.0221887	-0.125936	-0.214889	-0.282209	-0.325438	-0.348887	-0.339937	-0.289163	-0.21162	-0.115533	0	
