0	0	0	0	0	0	0	0	0	0	0	0	0	0	0	0	0	0	0	0	0	0	0	0	0	0	0	0	0	0	0	0	0	0	0	0	0	0	0	0	0	0	0	0	0	0	0	0	0	0	0	0	0	0	0	0	0	0	0	0	0	0	0	0	0	0	0	0	0	0	0	0	0	0	0	0	0	0	0	0	0	0	0	0	0	0	0	0	0	0	0	0	0	0	0	0	0	0	0	0	
0	-0.0155118	-0.0245834	-0.025912	-0.0219223	-0.0184527	-0.0159273	-0.0170201	-0.0198686	-0.0271813	-0.037878	-0.0479343	-0.056389	-0.0587761	-0.0592367	-0.054207	-0.0415003	-0.0195769	0.0100329	0.0406834	0.0679515	0.0906682	0.106601	0.117177	0.124214	0.127699	0.128183	0.122781	0.116312	0.110213	0.104181	0.094412	0.0815181	0.0693268	0.0591457	0.0430223	0.0253897	0.00387463	-0.0219063	-0.0525305	-0.0894395	-0.131883	-0.172957	-0.212262	-0.24443	-0.269839	-0.286167	-0.292496	-0.29199	-0.290012	-0.283284	-0.269667	-0.250959	-0.227556	-0.197398	-0.164419	-0.129062	-0.0872163	-0.0388582	0.0153357	0.0726601	0.126536	0.17475	0.214727	0.245917	0.269755	0.287725	0.297223	0.302325	0.306835	0.301898	0.288232	0.265902	0.236006	0.201254	0.163217	0.118459	0.062899	0.00317785	-0.0593925	-0.122616	-0.183996	-0.242903	-0.295597	-0.341898	-0.380451	-0.405394	-0.416507	-0.420321	-0.414875	-0.396274	-0.367109	-0.332716	-0.294861	-0.249376	-0.200973	-0.152482	-0.10194	-0.0521249	0	
0	-0.0245834	-0.0353008	-0.0332198	-0.0189667	-0.00772438	0.000574478	0.00285455	-0.0027092	-0.0141624	-0.0365458	-0.0569298	-0.0747821	-0.0829797	-0.085791	-0.0798555	-0.058894	-0.0197956	0.033726	0.0886056	0.13877	0.177707	0.206381	0.224168	0.236599	0.243119	0.24519	0.236234	0.224645	0.216447	0.205336	0.188913	0.166502	0.14451	0.124703	0.0971572	0.0597386	0.0169025	-0.0344513	-0.0959104	-0.171166	-0.251623	-0.332704	-0.409373	-0.47024	-0.515302	-0.541738	-0.548579	-0.544475	-0.537998	-0.519707	-0.491176	-0.457664	-0.417178	-0.36215	-0.304567	-0.244125	-0.173122	-0.0861352	0.0109962	0.116985	0.216347	0.307205	0.384158	0.443366	0.492203	0.52712	0.548618	0.560121	0.569888	0.562719	0.535271	0.493195	0.434662	0.367474	0.295802	0.210835	0.107909	-0.00244379	-0.11659	-0.231307	-0.342185	-0.447664	-0.543152	-0.627355	-0.700532	-0.748624	-0.768098	-0.77899	-0.775097	-0.74453	-0.69444	-0.63265	-0.565146	-0.48512	-0.394072	-0.298812	-0.200616	-0.103078	0	
0	-0.025912	-0.0332198	-0.0192406	0.00945272	0.0346803	0.0549806	0.0626057	0.0616537	0.0452916	0.0152012	-0.0164028	-0.0462079	-0.0615577	-0.0727142	-0.0701449	-0.0469269	0.0019208	0.0723136	0.145597	0.210104	0.261841	0.296116	0.31733	0.330692	0.337516	0.338682	0.326095	0.312465	0.302254	0.29257	0.273556	0.244659	0.216484	0.191836	0.149675	0.0993959	0.0368511	-0.0390682	-0.129299	-0.237231	-0.358132	-0.47352	-0.580177	-0.662811	-0.721978	-0.752334	-0.75321	-0.735854	-0.716506	-0.688528	-0.647684	-0.599964	-0.545917	-0.479984	-0.411964	-0.341427	-0.254997	-0.148827	-0.0235206	0.115421	0.249853	0.374364	0.480699	0.566708	0.636145	0.690637	0.722965	0.742848	0.759862	0.749848	0.71352	0.652094	0.569834	0.475912	0.376476	0.262651	0.123561	-0.0224352	-0.171586	-0.319435	-0.460439	-0.594834	-0.715055	-0.822398	-0.915469	-0.978191	-1.01003	-1.02972	-1.03023	-0.999174	-0.941289	-0.86824	-0.78402	-0.675769	-0.553644	-0.425419	-0.287392	-0.147884	0	
0	-0.0219223	-0.0189667	0.00945272	0.0573932	0.0995265	0.132106	0.149968	0.150188	0.133165	0.0927796	0.0495893	0.00818075	-0.0184728	-0.037126	-0.0411216	-0.0186604	0.036275	0.117726	0.201564	0.275985	0.330015	0.365645	0.382594	0.392519	0.395024	0.392816	0.375018	0.355833	0.344882	0.333406	0.312484	0.28095	0.250154	0.222026	0.177666	0.11509	0.0391133	-0.0537972	-0.165976	-0.303053	-0.449372	-0.593779	-0.724735	-0.821682	-0.88466	-0.910034	-0.897014	-0.864154	-0.831215	-0.785492	-0.729981	-0.674725	-0.618749	-0.5484	-0.481568	-0.416145	-0.335009	-0.225008	-0.0900144	0.0666785	0.221068	0.368319	0.497909	0.603592	0.694788	0.765557	0.812592	0.842545	0.867268	0.859442	0.813461	0.73785	0.633938	0.517409	0.398428	0.263275	0.103576	-0.0617542	-0.226143	-0.385401	-0.535162	-0.674569	-0.799933	-0.9136	-1.01594	-1.08498	-1.11705	-1.14435	-1.1557	-1.12835	-1.07044	-0.994273	-0.905947	-0.791171	-0.653825	-0.503376	-0.341314	-0.17652	0	
0	-0.0184527	-0.00772438	0.0346803	0.0995265	0.15669	0.203021	0.227326	0.233078	0.212068	0.164329	0.10929	0.0545675	0.018484	-0.0104495	-0.0200053	0.00065033	0.0597048	0.150217	0.24362	0.32315	0.379973	0.41027	0.420855	0.419837	0.412383	0.399193	0.369457	0.340764	0.322454	0.30753	0.284475	0.249309	0.217605	0.192039	0.145507	0.0833616	0.00362833	-0.0962509	-0.218619	-0.368635	-0.535048	-0.694109	-0.836761	-0.940153	-1.00297	-1.01886	-0.990016	-0.937001	-0.884598	-0.827866	-0.763663	-0.702225	-0.643352	-0.579942	-0.524474	-0.473737	-0.405602	-0.306145	-0.173893	-0.0132676	0.150369	0.309994	0.452075	0.572358	0.676576	0.761903	0.818717	0.858044	0.890555	0.883804	0.834798	0.747116	0.629953	0.499917	0.369774	0.227967	0.0598688	-0.109052	-0.272412	-0.427052	-0.567532	-0.697105	-0.810863	-0.913551	-1.00717	-1.06913	-1.09874	-1.12501	-1.1365	-1.11378	-1.06075	-0.989955	-0.907023	-0.793155	-0.656769	-0.508191	-0.345448	-0.179162	0	
0	-0.0159273	0.000574478	0.0549806	0.132106	0.203021	0.256701	0.287461	0.2923	0.267012	0.208637	0.139259	0.0716647	0.0226025	-0.0138122	-0.0296649	-0.00947504	0.0537462	0.151932	0.252496	0.336533	0.390111	0.415027	0.41206	0.397935	0.374739	0.345406	0.300017	0.255621	0.224615	0.201841	0.171589	0.132768	0.101439	0.0788387	0.0403385	-0.0154239	-0.0876196	-0.180472	-0.298218	-0.448644	-0.614159	-0.778506	-0.922679	-1.02149	-1.07372	-1.07665	-1.02947	-0.958129	-0.891976	-0.821662	-0.748833	-0.685253	-0.633318	-0.577995	-0.535753	-0.503675	-0.456843	-0.3749	-0.253351	-0.099253	0.0621661	0.222079	0.365739	0.488453	0.597041	0.686458	0.748568	0.793261	0.831368	0.829721	0.780672	0.691096	0.569304	0.436937	0.309282	0.171283	0.0114678	-0.147796	-0.297449	-0.433566	-0.554691	-0.660732	-0.751789	-0.836223	-0.912246	-0.956477	-0.969517	-0.985675	-0.993705	-0.968098	-0.914432	-0.848326	-0.77464	-0.675955	-0.559134	-0.431399	-0.291966	-0.151849	0	
0	-0.0170201	0.00285455	0.0626057	0.149968	0.227326	0.287461	0.31876	0.321937	0.288806	0.218413	0.133395	0.0497094	-0.0121375	-0.0592771	-0.0801304	-0.0625486	0.00367349	0.107415	0.213001	0.298839	0.349871	0.364495	0.350478	0.318766	0.278804	0.231873	0.167911	0.105804	0.0612869	0.0260562	-0.0102637	-0.052406	-0.0826922	-0.0984944	-0.124939	-0.166701	-0.223968	-0.300492	-0.403359	-0.540169	-0.695668	-0.847416	-0.98054	-1.06899	-1.10791	-1.09104	-1.02419	-0.935129	-0.852127	-0.773927	-0.698408	-0.636735	-0.587484	-0.543397	-0.517155	-0.5038	-0.477422	-0.413335	-0.307975	-0.166097	-0.0151331	0.134336	0.266899	0.377692	0.475935	0.556009	0.611276	0.654319	0.693182	0.69746	0.656709	0.574542	0.464169	0.345971	0.236145	0.120472	-0.0178031	-0.154197	-0.279123	-0.39123	-0.485969	-0.566363	-0.632342	-0.69013	-0.742764	-0.765873	-0.758777	-0.756497	-0.74945	-0.716632	-0.662998	-0.602598	-0.543513	-0.468574	-0.38069	-0.2889	-0.193944	-0.102007	0	
0	-0.0198686	-0.0027092	0.0616537	0.150188	0.233078	0.2923	0.321937	0.318887	0.274522	0.189731	0.0850955	-0.0164036	-0.0959225	-0.15376	-0.18361	-0.168455	-0.102082	0.0041957	0.113798	0.199571	0.245898	0.253125	0.224294	0.177981	0.121757	0.0568819	-0.0211418	-0.096426	-0.153791	-0.193469	-0.233124	-0.27504	-0.300209	-0.307555	-0.321572	-0.345911	-0.382793	-0.438761	-0.520889	-0.638059	-0.775548	-0.915637	-1.03237	-1.10068	-1.11644	-1.07968	-0.991561	-0.881381	-0.782639	-0.694758	-0.615231	-0.552615	-0.510606	-0.478081	-0.464394	-0.467274	-0.459162	-0.415758	-0.325775	-0.201136	-0.0665854	0.063324	0.171588	0.258752	0.330487	0.387373	0.424605	0.456677	0.493119	0.50458	0.479279	0.418055	0.333259	0.246752	0.171933	0.0917229	-0.00914031	-0.112642	-0.207564	-0.289222	-0.357291	-0.409967	-0.448749	-0.484689	-0.512003	-0.509656	-0.484328	-0.465123	-0.44634	-0.409816	-0.358364	-0.308455	-0.266262	-0.218458	-0.1708	-0.125968	-0.0810093	-0.0428259	0	
0	-0.0271813	-0.0141624	0.0452916	0.133165	0.212068	0.267012	0.288806	0.274522	0.215385	0.112275	-0.0141392	-0.136266	-0.233707	-0.304631	-0.340208	-0.329234	-0.261691	-0.153567	-0.042599	0.0433737	0.0857319	0.0841993	0.0468573	-0.0115626	-0.0788555	-0.152402	-0.238096	-0.320563	-0.380515	-0.423247	-0.460407	-0.494181	-0.510017	-0.505449	-0.499538	-0.505591	-0.525556	-0.562784	-0.628772	-0.730577	-0.852992	-0.97512	-1.07605	-1.13012	-1.1279	-1.06473	-0.950898	-0.818854	-0.698997	-0.596254	-0.509455	-0.446539	-0.405915	-0.380611	-0.379682	-0.397843	-0.409217	-0.3832	-0.313191	-0.208673	-0.0953533	0.00775375	0.0870313	0.139677	0.178438	0.202663	0.215207	0.233627	0.263731	0.28606	0.281891	0.249876	0.202863	0.158954	0.129537	0.0961535	0.040934	-0.0216333	-0.0790484	-0.128632	-0.166865	-0.192408	-0.208457	-0.221329	-0.230268	-0.215323	-0.17725	-0.14809	-0.126061	-0.0927334	-0.0530793	-0.021718	-0.00532239	0.0065617	0.0172353	0.0222481	0.0186638	0.00731255	0	
0	-0.037878	-0.0365458	0.0152012	0.0927796	0.164329	0.208637	0.218413	0.189731	0.112275	-0.0109177	-0.160901	-0.305004	-0.422808	-0.505294	-0.54882	-0.538282	-0.469066	-0.357692	-0.239855	-0.150434	-0.105457	-0.10712	-0.148204	-0.211307	-0.282622	-0.361717	-0.447088	-0.527208	-0.584706	-0.618788	-0.644043	-0.664531	-0.665908	-0.646538	-0.626332	-0.61561	-0.617657	-0.640755	-0.695219	-0.785852	-0.902074	-1.02321	-1.1176	-1.15975	-1.13912	-1.0574	-0.922287	-0.764612	-0.618077	-0.496002	-0.395622	-0.321801	-0.277136	-0.258006	-0.26612	-0.297759	-0.326433	-0.324191	-0.277119	-0.197568	-0.109651	-0.0357738	0.00926186	0.0289265	0.0314682	0.0237071	0.0126956	0.0165832	0.043688	0.0770707	0.0980308	0.100303	0.0948544	0.099859	0.120398	0.137397	0.133627	0.11581	0.0962649	0.0810243	0.0710889	0.0691748	0.0733557	0.0738454	0.0776982	0.100611	0.133799	0.157409	0.170638	0.183996	0.198784	0.204811	0.196285	0.178437	0.154103	0.123548	0.0868489	0.0440724	0	
0	-0.0479343	-0.0569298	-0.0164028	0.0495893	0.10929	0.139259	0.133395	0.0850955	-0.0141392	-0.160901	-0.336841	-0.50444	-0.641992	-0.736407	-0.782302	-0.770329	-0.694413	-0.575977	-0.449526	-0.351442	-0.299889	-0.296618	-0.333463	-0.3924	-0.459624	-0.531958	-0.60772	-0.678155	-0.725275	-0.748852	-0.762329	-0.765379	-0.750558	-0.716443	-0.676895	-0.649385	-0.639982	-0.654717	-0.705935	-0.796165	-0.91352	-1.03473	-1.13045	-1.17432	-1.14937	-1.0519	-0.895948	-0.71401	-0.540323	-0.390244	-0.267624	-0.177397	-0.121916	-0.0991124	-0.112676	-0.158121	-0.20886	-0.233432	-0.217592	-0.171425	-0.115466	-0.0762926	-0.0631536	-0.0753942	-0.101373	-0.133968	-0.160193	-0.162015	-0.134815	-0.0865614	-0.0417742	-0.00767434	0.0250353	0.0729434	0.138684	0.202386	0.249019	0.277471	0.29905	0.319807	0.339062	0.35912	0.375967	0.381817	0.383054	0.392459	0.407912	0.412624	0.401968	0.390515	0.37845	0.35614	0.321773	0.27701	0.230015	0.179833	0.121637	0.0612031	0	
0	-0.056389	-0.0747821	-0.0462079	0.00818075	0.0545675	0.0716647	0.0497094	-0.0164036	-0.136266	-0.305004	-0.50444	-0.694318	-0.851145	-0.955752	-1.00487	-0.988672	-0.90588	-0.778829	-0.639986	-0.529968	-0.464117	-0.449345	-0.473775	-0.522253	-0.579244	-0.640981	-0.703129	-0.758934	-0.791216	-0.80047	-0.796716	-0.780423	-0.750512	-0.70305	-0.652259	-0.613799	-0.594988	-0.603941	-0.655222	-0.745932	-0.871586	-1.00374	-1.10928	-1.15919	-1.13261	-1.02725	-0.858266	-0.65642	-0.452822	-0.274048	-0.124944	-0.0110944	0.0640859	0.0947459	0.0789686	0.0235361	-0.0476631	-0.102687	-0.12483	-0.117219	-0.0978881	-0.0950663	-0.113413	-0.151925	-0.200187	-0.249116	-0.282966	-0.28667	-0.256776	-0.198066	-0.134863	-0.0771083	-0.0158313	0.0671132	0.169332	0.274809	0.368845	0.442607	0.504538	0.558951	0.60448	0.639514	0.66053	0.662441	0.651929	0.639438	0.624178	0.599115	0.559643	0.516317	0.473222	0.427534	0.376654	0.316117	0.256981	0.197716	0.132481	0.0685633	0	
0	-0.0587761	-0.0829797	-0.0615577	-0.0184728	0.018484	0.0226025	-0.0121375	-0.0959225	-0.233707	-0.422808	-0.641992	-0.851145	-1.02293	-1.13447	-1.18152	-1.1578	-1.06401	-0.92731	-0.776159	-0.65372	-0.576216	-0.548354	-0.561605	-0.597554	-0.641027	-0.689484	-0.733527	-0.77022	-0.787131	-0.781398	-0.762838	-0.730914	-0.686215	-0.628218	-0.566859	-0.519538	-0.493777	-0.50336	-0.558606	-0.656105	-0.789427	-0.931609	-1.04745	-1.10626	-1.08298	-0.972996	-0.793719	-0.571282	-0.34265	-0.133502	0.0429249	0.182494	0.277836	0.320287	0.307604	0.242848	0.153548	0.0677619	0.00811747	-0.0239755	-0.0429997	-0.0751629	-0.122483	-0.182385	-0.247482	-0.307635	-0.344079	-0.348437	-0.317289	-0.253215	-0.181986	-0.11096	-0.0344834	0.0681855	0.19422	0.3275	0.459391	0.572732	0.669097	0.755905	0.82539	0.872214	0.895743	0.888556	0.860428	0.821141	0.771463	0.715009	0.646874	0.576529	0.509567	0.444903	0.382133	0.313081	0.249006	0.187974	0.123236	0.0639722	0	
0	-0.0592367	-0.085791	-0.0727142	-0.037126	-0.0104495	-0.0138122	-0.0592771	-0.15376	-0.304631	-0.505294	-0.736407	-0.955752	-1.13447	-1.24604	-1.28523	-1.2479	-1.14125	-0.991289	-0.828185	-0.694276	-0.602881	-0.565726	-0.567391	-0.592551	-0.628788	-0.665491	-0.697134	-0.71992	-0.721547	-0.703494	-0.672916	-0.622382	-0.565918	-0.498544	-0.430944	-0.376419	-0.349238	-0.358602	-0.4194	-0.521894	-0.66765	-0.818997	-0.944692	-1.01341	-0.994878	-0.880292	-0.689544	-0.453873	-0.202347	0.0321972	0.232698	0.390792	0.501731	0.553953	0.539099	0.46736	0.361954	0.253457	0.162365	0.0988328	0.0523437	-0.00708666	-0.0728651	-0.14881	-0.22689	-0.295891	-0.33875	-0.347652	-0.322157	-0.26324	-0.193097	-0.121108	-0.0408576	0.0694527	0.202744	0.35044	0.504172	0.641561	0.762367	0.868836	0.95504	1.0118	1.03574	1.02689	0.990486	0.931796	0.861296	0.783749	0.69232	0.601819	0.516158	0.434804	0.361216	0.287118	0.223894	0.165319	0.105186	0.055432	0	
0	-0.054207	-0.0798555	-0.0701449	-0.0411216	-0.0200053	-0.0296649	-0.0801304	-0.18361	-0.340208	-0.54882	-0.782302	-1.00487	-1.18152	-1.28523	-1.30816	-1.25088	-1.1228	-0.956726	-0.778445	-0.630434	-0.529132	-0.481046	-0.475914	-0.496738	-0.527247	-0.562213	-0.587765	-0.600639	-0.595524	-0.571707	-0.530847	-0.47142	-0.40345	-0.328435	-0.254752	-0.196625	-0.162604	-0.173598	-0.238377	-0.34823	-0.500198	-0.662343	-0.801021	-0.877375	-0.860398	-0.743455	-0.549568	-0.299733	-0.031701	0.222054	0.435859	0.603859	0.71957	0.768073	0.745645	0.660515	0.542525	0.415053	0.302962	0.223241	0.161414	0.0922086	0.01814	-0.064047	-0.150298	-0.229468	-0.279912	-0.300217	-0.285045	-0.236211	-0.175199	-0.106469	-0.0301584	0.0745449	0.202251	0.342915	0.495581	0.63756	0.759864	0.872961	0.968222	1.02985	1.06279	1.06226	1.03142	0.975914	0.899509	0.814568	0.718288	0.617084	0.517711	0.427018	0.34654	0.266303	0.20037	0.144116	0.0894906	0.04657	0	
0	-0.0415003	-0.058894	-0.0469269	-0.0186604	0.00065033	-0.00947504	-0.0625486	-0.168455	-0.329234	-0.538282	-0.770329	-0.988672	-1.1578	-1.2479	-1.25088	-1.16654	-1.01574	-0.827339	-0.632705	-0.470954	-0.355816	-0.300036	-0.288722	-0.304427	-0.337265	-0.371782	-0.397683	-0.41023	-0.403912	-0.381176	-0.343305	-0.27825	-0.20583	-0.126441	-0.0496104	0.0167982	0.0551114	0.0462407	-0.0194671	-0.131525	-0.291567	-0.459177	-0.601744	-0.687102	-0.679763	-0.565893	-0.365511	-0.112128	0.162564	0.424734	0.642955	0.805465	0.909574	0.945444	0.902567	0.798281	0.663133	0.522306	0.398904	0.312968	0.251842	0.185449	0.118152	0.0392476	-0.0501812	-0.134402	-0.195365	-0.227709	-0.224025	-0.189388	-0.137352	-0.0754115	-0.00699048	0.0864231	0.193779	0.312454	0.444128	0.566746	0.675071	0.777689	0.86978	0.936858	0.979804	0.998144	0.98848	0.948305	0.888616	0.816578	0.725143	0.630147	0.534701	0.438096	0.350784	0.271802	0.206081	0.143405	0.0854406	0.0445249	0	
0	-0.0195769	-0.0197956	0.0019208	0.036275	0.0597048	0.0537462	0.00367349	-0.102082	-0.261691	-0.469066	-0.694413	-0.90588	-1.06401	-1.14125	-1.1228	-1.01574	-0.840787	-0.633602	-0.424713	-0.247992	-0.122624	-0.0560003	-0.0369656	-0.0500263	-0.0813197	-0.119701	-0.150524	-0.164807	-0.163474	-0.1485	-0.114869	-0.0536171	0.0191356	0.0976756	0.173323	0.239709	0.282714	0.278386	0.217166	0.106957	-0.0494246	-0.217231	-0.368892	-0.460745	-0.456515	-0.346021	-0.154295	0.0942934	0.364447	0.622032	0.829633	0.975812	1.05886	1.06812	0.998511	0.870635	0.720166	0.567384	0.436554	0.352435	0.297984	0.244819	0.192055	0.124619	0.0414227	-0.042402	-0.10823	-0.149306	-0.156169	-0.134164	-0.0948229	-0.0424244	0.0157356	0.0896027	0.172085	0.259388	0.357594	0.453296	0.534857	0.618108	0.701552	0.765393	0.817883	0.857011	0.873396	0.863894	0.831611	0.783362	0.71713	0.640951	0.557276	0.469856	0.38576	0.305139	0.236955	0.173369	0.109716	0.0552016	0	
0	0.0100329	0.033726	0.0723136	0.117726	0.150217	0.151932	0.107415	0.0041957	-0.153567	-0.357692	-0.575977	-0.778829	-0.92731	-0.991289	-0.956726	-0.827339	-0.633602	-0.409965	-0.190577	-0.00545082	0.127235	0.19961	0.222238	0.212187	0.18047	0.14027	0.10833	0.0926425	0.0924932	0.100727	0.125615	0.178666	0.246516	0.318987	0.389776	0.454759	0.501405	0.498985	0.441418	0.334212	0.182186	0.0170064	-0.127845	-0.219112	-0.223631	-0.125678	0.0576836	0.292371	0.545326	0.785923	0.973093	1.09136	1.14441	1.12754	1.03274	0.883854	0.719479	0.559747	0.426075	0.343761	0.29524	0.25571	0.219798	0.169556	0.100406	0.0276544	-0.0330371	-0.0747903	-0.085706	-0.0767152	-0.0531393	-0.0161336	0.0234679	0.0732362	0.12518	0.178382	0.242901	0.308631	0.366279	0.430157	0.500139	0.561015	0.620627	0.677414	0.718198	0.737877	0.740144	0.724373	0.687403	0.641214	0.584236	0.511396	0.434654	0.363284	0.293837	0.214662	0.135411	0.0680235	0	
0	0.0406834	0.0886056	0.145597	0.201564	0.24362	0.252496	0.213001	0.113798	-0.042599	-0.239855	-0.449526	-0.639986	-0.776159	-0.828185	-0.778445	-0.632705	-0.424713	-0.190577	0.0319328	0.220022	0.353876	0.428424	0.452837	0.443947	0.411472	0.369193	0.33368	0.317386	0.315024	0.320749	0.340322	0.389702	0.456361	0.525568	0.589221	0.64987	0.691647	0.688957	0.634839	0.530982	0.385755	0.227308	0.083063	-0.0124082	-0.0213475	0.0675938	0.235451	0.447409	0.674105	0.886326	1.04479	1.13443	1.15783	1.1139	0.997951	0.836726	0.667948	0.505938	0.373211	0.291284	0.248209	0.220617	0.202069	0.173837	0.126979	0.0777319	0.0318795	6.60823e-06	-0.0113407	-0.0160832	-0.0136221	-0.00280461	0.0110725	0.0296108	0.0495042	0.0720468	0.107288	0.151402	0.191843	0.240855	0.299481	0.353778	0.413864	0.481616	0.54502	0.595842	0.631998	0.651104	0.650484	0.638297	0.608974	0.550946	0.478171	0.408419	0.337768	0.255687	0.167827	0.0832103	0	
0	0.0679515	0.13877	0.210104	0.275985	0.32315	0.336533	0.298839	0.199571	0.0433737	-0.150434	-0.351442	-0.529968	-0.65372	-0.694276	-0.630434	-0.470954	-0.247992	-0.00545082	0.220022	0.408189	0.539228	0.611071	0.632848	0.618365	0.582868	0.534817	0.495987	0.478772	0.479058	0.483472	0.502931	0.549077	0.616312	0.684339	0.748213	0.805911	0.849156	0.84896	0.794739	0.688923	0.545051	0.385286	0.23985	0.142686	0.121541	0.190695	0.335353	0.520643	0.719292	0.9044	1.03719	1.09805	1.09739	1.03622	0.910995	0.744934	0.574919	0.417509	0.288375	0.208844	0.168431	0.151965	0.151559	0.146166	0.128405	0.106021	0.0823615	0.0661107	0.0571387	0.0428904	0.0230021	0.00686699	-0.00685867	-0.0205018	-0.0314584	-0.0391229	-0.0314439	-0.00682521	0.0207797	0.0581363	0.10673	0.15696	0.219872	0.297334	0.376041	0.453262	0.523291	0.572765	0.601574	0.618704	0.614338	0.573733	0.510726	0.445001	0.370812	0.279279	0.180742	0.087574	0	
0	0.0906682	0.177707	0.261841	0.330015	0.379973	0.390111	0.349871	0.245898	0.0857319	-0.105457	-0.299889	-0.464117	-0.576216	-0.602881	-0.529132	-0.355816	-0.122624	0.127235	0.353876	0.539228	0.666171	0.735699	0.752191	0.735506	0.694625	0.640345	0.59583	0.574033	0.571129	0.57639	0.593631	0.639792	0.712763	0.786877	0.85506	0.917348	0.964428	0.967336	0.918087	0.813925	0.671103	0.50478	0.351777	0.235489	0.189991	0.229354	0.345808	0.50091	0.669816	0.828252	0.94206	0.993843	0.983874	0.915006	0.786652	0.622411	0.457105	0.303549	0.180986	0.103078	0.0691265	0.0669899	0.0854288	0.106935	0.116711	0.121016	0.11764	0.114901	0.109902	0.0880002	0.052069	0.015108	-0.0212857	-0.0595344	-0.0977461	-0.133753	-0.15107	-0.147395	-0.13144	-0.100925	-0.0605301	-0.0130849	0.0498079	0.129724	0.22114	0.316737	0.404773	0.476935	0.532592	0.577386	0.598574	0.572576	0.517579	0.461143	0.392602	0.300856	0.198256	0.0976385	0	
0	0.106601	0.206381	0.296116	0.365645	0.41027	0.415027	0.364495	0.253125	0.0841993	-0.10712	-0.296618	-0.449345	-0.548354	-0.565726	-0.481046	-0.300036	-0.0560003	0.19961	0.428424	0.611071	0.735699	0.799872	0.815379	0.792426	0.748208	0.688031	0.636964	0.610217	0.606101	0.609871	0.626569	0.67215	0.747372	0.827708	0.904339	0.975342	1.03027	1.04766	1.00676	0.906999	0.76171	0.58845	0.416585	0.274691	0.194721	0.194129	0.266845	0.381472	0.52324	0.664812	0.776706	0.830242	0.82738	0.766497	0.649866	0.494878	0.333634	0.187181	0.0716953	-0.00129419	-0.0266269	-0.0145839	0.0241844	0.0679572	0.100969	0.122886	0.130602	0.137201	0.131953	0.108134	0.0664644	0.0189268	-0.0252194	-0.0762211	-0.13345	-0.191817	-0.235241	-0.252725	-0.248426	-0.227803	-0.193025	-0.14612	-0.0847695	-0.00747437	0.0819883	0.181791	0.278726	0.359012	0.426353	0.491636	0.539617	0.542115	0.511992	0.471169	0.41303	0.326703	0.219036	0.108213	0	
0	0.117177	0.224168	0.31733	0.382594	0.420855	0.41206	0.350478	0.224294	0.0468573	-0.148204	-0.333463	-0.473775	-0.561605	-0.567391	-0.475914	-0.288722	-0.0369656	0.222238	0.452837	0.632848	0.752191	0.815379	0.825998	0.802337	0.755245	0.691158	0.636628	0.605376	0.59833	0.603446	0.61867	0.663556	0.741933	0.828284	0.915706	0.995121	1.06139	1.09094	1.06009	0.966823	0.823153	0.637207	0.445627	0.273491	0.149824	0.0979926	0.121435	0.199425	0.31309	0.440461	0.552851	0.625438	0.644653	0.604608	0.507807	0.370355	0.22286	0.0882929	-0.0156831	-0.0818673	-0.0988259	-0.0757015	-0.0240182	0.0343205	0.0817377	0.110106	0.12392	0.133118	0.126507	0.105114	0.0624945	0.0162859	-0.0271079	-0.077861	-0.139851	-0.213497	-0.273341	-0.309479	-0.317988	-0.303778	-0.278662	-0.238822	-0.184665	-0.120139	-0.0413758	0.0492369	0.136566	0.215362	0.291959	0.375216	0.446505	0.477375	0.479598	0.464696	0.424601	0.348198	0.239396	0.121081	0	
0	0.124214	0.236599	0.330692	0.392519	0.419837	0.397935	0.318766	0.177981	-0.0115626	-0.211307	-0.3924	-0.522253	-0.597554	-0.592551	-0.496738	-0.304427	-0.0500263	0.212187	0.443947	0.618365	0.735506	0.792426	0.802337	0.775982	0.727883	0.662634	0.605623	0.57135	0.564233	0.570402	0.58866	0.635268	0.715879	0.810998	0.907789	0.997217	1.07262	1.11197	1.0889	1.00076	0.850066	0.651385	0.438261	0.229675	0.0642563	-0.0318176	-0.0527641	-0.0144563	0.0770363	0.194068	0.314816	0.406975	0.452102	0.436537	0.368032	0.258915	0.135097	0.0227836	-0.0632241	-0.118568	-0.131054	-0.107064	-0.0569256	0.00358432	0.0522659	0.0809811	0.0972575	0.107894	0.102678	0.0828799	0.0453039	0.00198634	-0.0348172	-0.0724417	-0.129172	-0.200237	-0.264364	-0.311894	-0.330179	-0.329999	-0.319203	-0.294255	-0.260172	-0.216757	-0.155694	-0.0791224	-0.00383253	0.0686561	0.145999	0.237702	0.328394	0.386519	0.414436	0.421538	0.403804	0.342338	0.240441	0.126387	0	
0	0.127699	0.243119	0.337516	0.395024	0.412383	0.374739	0.278804	0.121757	-0.0788555	-0.282622	-0.459624	-0.579244	-0.641027	-0.628788	-0.527247	-0.337265	-0.0813197	0.18047	0.411472	0.582868	0.694625	0.748208	0.755245	0.727883	0.678627	0.613307	0.555456	0.520322	0.512972	0.525457	0.547613	0.600535	0.686141	0.788789	0.897412	0.99737	1.07752	1.12423	1.10226	1.01008	0.84684	0.629639	0.385404	0.146305	-0.0542933	-0.187814	-0.246903	-0.230793	-0.153717	-0.0394672	0.0881625	0.199079	0.26691	0.277931	0.240602	0.165377	0.0754863	-0.00428526	-0.063381	-0.105201	-0.115782	-0.10365	-0.0673799	-0.0206382	0.0185925	0.040182	0.0552095	0.0679957	0.0618049	0.0465397	0.0125946	-0.0262984	-0.0515535	-0.0705244	-0.10567	-0.161423	-0.216951	-0.265172	-0.294655	-0.311285	-0.324433	-0.325908	-0.316992	-0.298851	-0.256778	-0.194098	-0.128907	-0.0625172	0.00968626	0.10032	0.192501	0.261284	0.310919	0.33368	0.330996	0.293109	0.21044	0.110109	0	
0	0.128183	0.24519	0.338682	0.392816	0.399193	0.345406	0.231873	0.0568819	-0.152402	-0.361717	-0.531958	-0.640981	-0.689484	-0.665491	-0.562213	-0.371782	-0.119701	0.14027	0.369193	0.534817	0.640345	0.688031	0.691158	0.662634	0.613307	0.550169	0.494334	0.460171	0.456455	0.473075	0.505288	0.565876	0.657149	0.770433	0.891303	0.997582	1.08499	1.12849	1.09932	0.99625	0.812399	0.567348	0.29646	0.0260757	-0.205188	-0.364537	-0.44414	-0.44076	-0.366051	-0.247903	-0.112119	0.0169996	0.111204	0.148618	0.139465	0.0993963	0.0476427	0.00352716	-0.0310193	-0.0573365	-0.0703158	-0.0725574	-0.0580958	-0.0309553	-0.00811082	2.55269e-05	0.0116329	0.0196756	0.0142969	0.00125958	-0.0273522	-0.0579051	-0.0722191	-0.0675997	-0.0791729	-0.113508	-0.154065	-0.200664	-0.23789	-0.269789	-0.30304	-0.331428	-0.350895	-0.354442	-0.329866	-0.283234	-0.231794	-0.174513	-0.110254	-0.0345792	0.0444709	0.112965	0.165545	0.195575	0.211343	0.195261	0.142375	0.079895	0	
0	0.122781	0.236234	0.326095	0.375018	0.369457	0.300017	0.167911	-0.0211418	-0.238096	-0.447088	-0.60772	-0.703129	-0.733527	-0.697134	-0.587765	-0.397683	-0.150524	0.10833	0.33368	0.495987	0.59583	0.636964	0.636628	0.605623	0.555456	0.494334	0.440713	0.409682	0.409457	0.434894	0.478811	0.551043	0.652256	0.774334	0.903233	1.01702	1.10105	1.13355	1.09196	0.967748	0.756236	0.484942	0.183281	-0.115801	-0.365794	-0.540725	-0.633351	-0.635873	-0.561792	-0.437079	-0.286285	-0.134747	-0.0158632	0.050036	0.0736102	0.0674225	0.0470782	0.0272597	0.0118255	-0.00379275	-0.0180552	-0.0330025	-0.0350264	-0.0229961	-0.0175836	-0.021951	-0.0218245	-0.0227141	-0.0311294	-0.0434243	-0.0632893	-0.0843534	-0.0844995	-0.0608925	-0.0530438	-0.0703568	-0.100713	-0.142728	-0.18528	-0.225613	-0.268087	-0.312016	-0.351586	-0.37729	-0.371074	-0.341036	-0.306439	-0.264902	-0.219907	-0.166149	-0.107598	-0.0549464	-0.00907141	0.0220419	0.0479414	0.06072	0.0492216	0.0299135	0	
0	0.116312	0.224645	0.312465	0.355833	0.340764	0.255621	0.105804	-0.096426	-0.320563	-0.527208	-0.678155	-0.758934	-0.77022	-0.71992	-0.600639	-0.41023	-0.164807	0.0926425	0.317386	0.478772	0.574033	0.610217	0.605376	0.57135	0.520322	0.460171	0.409682	0.382304	0.38665	0.420224	0.477258	0.563365	0.674033	0.803635	0.938675	1.05276	1.12943	1.14541	1.08022	0.92905	0.68967	0.390584	0.0640352	-0.250135	-0.512189	-0.696527	-0.796868	-0.80395	-0.727849	-0.592333	-0.429452	-0.257997	-0.104309	0.000369162	0.0536097	0.0709876	0.0718247	0.0650105	0.0533834	0.0381141	0.0186862	-0.00624656	-0.0179183	-0.0163287	-0.0214252	-0.0340659	-0.043608	-0.0520165	-0.0624446	-0.0713063	-0.0822196	-0.0923824	-0.0813957	-0.0482404	-0.0294542	-0.0391221	-0.0666462	-0.106306	-0.149107	-0.186957	-0.226229	-0.274893	-0.324305	-0.362083	-0.377743	-0.376737	-0.364763	-0.340886	-0.317314	-0.292407	-0.26184	-0.22712	-0.193052	-0.167226	-0.135163	-0.0984603	-0.0662514	-0.0307884	0	
0	0.110213	0.216447	0.302254	0.344882	0.322454	0.224615	0.0612869	-0.153791	-0.380515	-0.584706	-0.725275	-0.791216	-0.787131	-0.721547	-0.595524	-0.403912	-0.163474	0.0924932	0.315024	0.479058	0.571129	0.606101	0.59833	0.564233	0.512972	0.456455	0.409457	0.38665	0.396228	0.434807	0.503746	0.600921	0.719823	0.852466	0.988082	1.09687	1.16192	1.15252	1.06266	0.882861	0.619953	0.300181	-0.0389879	-0.364031	-0.630264	-0.817145	-0.918608	-0.929488	-0.854861	-0.712971	-0.533907	-0.332906	-0.145289	-0.0076974	0.0713811	0.110025	0.121822	0.114021	0.095187	0.0740129	0.0439109	0.00666602	-0.0164035	-0.0242002	-0.0341996	-0.0470251	-0.0558638	-0.0637796	-0.0693972	-0.0745477	-0.0823708	-0.087577	-0.0754269	-0.0426267	-0.0192735	-0.0236704	-0.0458522	-0.0805227	-0.120368	-0.150011	-0.17747	-0.222167	-0.277981	-0.32809	-0.363595	-0.390113	-0.409421	-0.414129	-0.413259	-0.412787	-0.406499	-0.392413	-0.374805	-0.353301	-0.314537	-0.255824	-0.181231	-0.0921499	0	
0	0.104181	0.205336	0.29257	0.333406	0.30753	0.201841	0.0260562	-0.193469	-0.423247	-0.618788	-0.748852	-0.80047	-0.781398	-0.703494	-0.571707	-0.381176	-0.1485	0.100727	0.320749	0.483472	0.57639	0.609871	0.603446	0.570402	0.525457	0.473075	0.434894	0.420224	0.434807	0.479881	0.557972	0.661177	0.784331	0.91197	1.03442	1.13067	1.17472	1.13941	1.02517	0.822987	0.545174	0.216121	-0.127445	-0.452293	-0.71549	-0.903234	-1.00542	-1.02243	-0.945438	-0.791501	-0.591187	-0.36898	-0.151383	0.0183885	0.121256	0.168761	0.184216	0.173902	0.150038	0.118829	0.0742837	0.0207377	-0.0200864	-0.040177	-0.0556662	-0.058998	-0.0588392	-0.0549657	-0.0504253	-0.0559675	-0.0683121	-0.0833248	-0.0805183	-0.0564656	-0.031361	-0.024479	-0.0352369	-0.0570428	-0.0872977	-0.109346	-0.128505	-0.166676	-0.220543	-0.278832	-0.335543	-0.391275	-0.440584	-0.474128	-0.505435	-0.535752	-0.549029	-0.550266	-0.541549	-0.515063	-0.466901	-0.387906	-0.27573	-0.142282	0	
0	0.094412	0.188913	0.273556	0.312484	0.284475	0.171589	-0.0102637	-0.233124	-0.460407	-0.644043	-0.762329	-0.796716	-0.762838	-0.672916	-0.530847	-0.343305	-0.114869	0.125615	0.340322	0.502931	0.593631	0.626569	0.61867	0.58866	0.547613	0.505288	0.478811	0.477258	0.503746	0.557972	0.639992	0.748816	0.867114	0.977974	1.07961	1.15134	1.16588	1.10599	0.967034	0.748127	0.467042	0.14123	-0.196163	-0.511924	-0.772187	-0.956965	-1.05841	-1.07663	-0.997933	-0.832903	-0.61731	-0.373775	-0.132204	0.0595394	0.17383	0.228643	0.248639	0.23887	0.211281	0.171013	0.115192	0.0436531	-0.01418	-0.0513014	-0.0678763	-0.0614622	-0.0478569	-0.0267421	-0.0141819	-0.0182363	-0.043452	-0.0733484	-0.0873649	-0.081096	-0.0566405	-0.0409711	-0.0370559	-0.0451153	-0.063978	-0.0749884	-0.0862402	-0.117403	-0.167257	-0.224072	-0.291235	-0.373299	-0.454271	-0.523554	-0.589668	-0.647107	-0.682017	-0.696012	-0.68621	-0.649201	-0.583829	-0.481009	-0.342868	-0.179727	0	
0	0.0815181	0.166502	0.244659	0.28095	0.249309	0.132768	-0.052406	-0.27504	-0.494181	-0.664531	-0.765379	-0.780423	-0.730914	-0.622382	-0.47142	-0.27825	-0.0536171	0.178666	0.389702	0.549077	0.639792	0.67215	0.663556	0.635268	0.600535	0.565876	0.551043	0.563365	0.600921	0.661177	0.748816	0.856167	0.966817	1.06019	1.13142	1.1702	1.15623	1.06881	0.907804	0.681848	0.404054	0.0860308	-0.235627	-0.538264	-0.788969	-0.967375	-1.06298	-1.07983	-0.997121	-0.829194	-0.604374	-0.353171	-0.105062	0.0939999	0.218773	0.280845	0.301961	0.293018	0.263796	0.218712	0.15344	0.0735232	0.00423503	-0.0410659	-0.0566939	-0.044147	-0.0196631	0.0104856	0.0299812	0.0249003	-0.00841644	-0.0491744	-0.0804921	-0.0911394	-0.0785679	-0.0619207	-0.0483169	-0.0461652	-0.0528495	-0.056294	-0.0607131	-0.0831301	-0.127239	-0.185124	-0.259113	-0.350034	-0.451519	-0.550119	-0.644074	-0.728449	-0.784303	-0.811473	-0.804725	-0.754012	-0.667638	-0.548099	-0.389137	-0.199309	0	
0	0.0693268	0.14451	0.216484	0.250154	0.217605	0.101439	-0.0826922	-0.300209	-0.510017	-0.665908	-0.750558	-0.750512	-0.686215	-0.565918	-0.40345	-0.20583	0.0191356	0.246516	0.456361	0.616312	0.712763	0.747372	0.741933	0.715879	0.686141	0.657149	0.652256	0.674033	0.719823	0.784331	0.867114	0.966817	1.06576	1.1338	1.17505	1.18517	1.14341	1.03913	0.867132	0.638088	0.364951	0.0605674	-0.247929	-0.536739	-0.775271	-0.936744	-1.01803	-1.0245	-0.940842	-0.774796	-0.553187	-0.311161	-0.0706517	0.129245	0.261764	0.326349	0.349375	0.343055	0.314738	0.264517	0.197066	0.117078	0.0448642	-0.00485594	-0.0233586	-0.0143282	0.0081306	0.0390604	0.0584174	0.057054	0.0271777	-0.0126312	-0.0476377	-0.0692876	-0.0699243	-0.0623412	-0.0520478	-0.0495453	-0.0515234	-0.051948	-0.0583273	-0.0778613	-0.115252	-0.171352	-0.24599	-0.338708	-0.443933	-0.554206	-0.669433	-0.768943	-0.838958	-0.884702	-0.882952	-0.823191	-0.71946	-0.581078	-0.411479	-0.212247	0	
0	0.0591457	0.124703	0.191836	0.222026	0.192039	0.0788387	-0.0984944	-0.307555	-0.505449	-0.646538	-0.716443	-0.70305	-0.628218	-0.498544	-0.328435	-0.126441	0.0976756	0.318987	0.525568	0.684339	0.786877	0.827708	0.828284	0.810998	0.788789	0.770433	0.774334	0.803635	0.852466	0.91197	0.977974	1.06019	1.1338	1.17663	1.18993	1.17396	1.11864	1.01318	0.839178	0.618234	0.354547	0.060528	-0.234233	-0.505554	-0.725989	-0.867944	-0.933163	-0.925333	-0.836826	-0.678468	-0.472958	-0.245079	-0.0176289	0.174083	0.304369	0.371711	0.395712	0.390417	0.364311	0.317324	0.258727	0.1855	0.113926	0.0585201	0.0296217	0.0237384	0.0367438	0.0616469	0.0784003	0.0810728	0.0596238	0.0276759	-0.00429553	-0.026416	-0.0378844	-0.040696	-0.0375449	-0.0443587	-0.0505347	-0.0557902	-0.0667904	-0.0864503	-0.124185	-0.180145	-0.25244	-0.342001	-0.446532	-0.560003	-0.676492	-0.777777	-0.856663	-0.906553	-0.902646	-0.839307	-0.723066	-0.576258	-0.407098	-0.206543	0	
0	0.0430223	0.0971572	0.149675	0.177666	0.145507	0.0403385	-0.124939	-0.321572	-0.499538	-0.626332	-0.676895	-0.652259	-0.566859	-0.430944	-0.254752	-0.0496104	0.173323	0.389776	0.589221	0.748213	0.85506	0.904339	0.915706	0.907789	0.897412	0.891303	0.903233	0.938675	0.988082	1.03442	1.07961	1.13142	1.17505	1.18993	1.17759	1.1403	1.08026	0.977468	0.815076	0.60968	0.360138	0.0856504	-0.190181	-0.444649	-0.647994	-0.77123	-0.821819	-0.802648	-0.72088	-0.579837	-0.389299	-0.175013	0.036198	0.217002	0.34722	0.414743	0.434616	0.43418	0.419305	0.390497	0.34863	0.288145	0.217876	0.152281	0.104845	0.0751919	0.0753382	0.091051	0.102804	0.106962	0.0912425	0.0645366	0.0385701	0.0224725	0.00773551	-0.0019724	-0.00758867	-0.0241519	-0.0435107	-0.0638439	-0.0841261	-0.106142	-0.139751	-0.195641	-0.269604	-0.354114	-0.457174	-0.57364	-0.683741	-0.769011	-0.836027	-0.88	-0.869446	-0.796853	-0.671243	-0.525255	-0.369397	-0.186475	0	
0	0.0253897	0.0597386	0.0993959	0.11509	0.0833616	-0.0154239	-0.166701	-0.345911	-0.505591	-0.61561	-0.649385	-0.613799	-0.519538	-0.376419	-0.196625	0.0167982	0.239709	0.454759	0.64987	0.805911	0.917348	0.975342	0.995121	0.997217	0.99737	0.997582	1.01702	1.05276	1.09687	1.13067	1.15134	1.1702	1.18517	1.17396	1.1403	1.08835	1.02825	0.932999	0.789871	0.601772	0.371636	0.117806	-0.13222	-0.359981	-0.534414	-0.640763	-0.685347	-0.671669	-0.606579	-0.485252	-0.316295	-0.118987	0.0814523	0.256304	0.383063	0.448129	0.473882	0.482791	0.48394	0.474301	0.451933	0.404458	0.333387	0.260859	0.192169	0.143271	0.130541	0.137386	0.146745	0.149688	0.139259	0.114012	0.0903318	0.0787974	0.0605586	0.0425887	0.0279179	0.00100164	-0.032973	-0.0676727	-0.101738	-0.130887	-0.163075	-0.217727	-0.288563	-0.372749	-0.475942	-0.584494	-0.681425	-0.744077	-0.780323	-0.799203	-0.776135	-0.701792	-0.583065	-0.451193	-0.315936	-0.159055	0	
0	0.00387463	0.0169025	0.0368511	0.0391133	0.00362833	-0.0876196	-0.223968	-0.382793	-0.525556	-0.617657	-0.639982	-0.594988	-0.493777	-0.349238	-0.162604	0.0551114	0.282714	0.501405	0.691647	0.849156	0.964428	1.03027	1.06139	1.07262	1.07752	1.08499	1.10105	1.12943	1.16192	1.17472	1.16588	1.15623	1.14341	1.11864	1.08026	1.02825	0.971773	0.887418	0.759107	0.584807	0.374179	0.151356	-0.0647907	-0.259369	-0.405547	-0.498533	-0.542816	-0.538679	-0.492136	-0.398171	-0.259356	-0.0820057	0.103987	0.269606	0.395325	0.474548	0.517295	0.541576	0.558588	0.565277	0.555629	0.510684	0.442902	0.366677	0.286612	0.225712	0.201118	0.202459	0.208154	0.212928	0.206705	0.182105	0.159046	0.1433	0.117199	0.0883355	0.0651245	0.0351397	-0.00725458	-0.0556993	-0.103532	-0.149198	-0.197608	-0.257386	-0.326113	-0.404998	-0.495796	-0.585911	-0.652248	-0.67761	-0.68075	-0.670237	-0.633392	-0.569187	-0.47449	-0.37033	-0.266386	-0.140193	0	
0	-0.0219063	-0.0344513	-0.0390682	-0.0537972	-0.0962509	-0.180472	-0.300492	-0.438761	-0.562784	-0.640755	-0.654717	-0.603941	-0.50336	-0.358602	-0.173598	0.0462407	0.278386	0.498985	0.688957	0.84896	0.967336	1.04766	1.09094	1.11197	1.12423	1.12849	1.13355	1.14541	1.15252	1.13941	1.10599	1.06881	1.03913	1.01318	0.977468	0.932999	0.887418	0.815981	0.707418	0.555882	0.372663	0.176371	-0.0113281	-0.176203	-0.298022	-0.382212	-0.422745	-0.426916	-0.397457	-0.329989	-0.219881	-0.070778	0.0940616	0.250903	0.382876	0.483949	0.555389	0.606037	0.640668	0.658964	0.651593	0.606662	0.541247	0.464448	0.379322	0.31281	0.281126	0.277256	0.283197	0.289172	0.283246	0.258859	0.232932	0.210461	0.178234	0.140055	0.11248	0.0868473	0.0418696	-0.0172312	-0.0856886	-0.162747	-0.238197	-0.313805	-0.382229	-0.44218	-0.506013	-0.560434	-0.585551	-0.575653	-0.544549	-0.510727	-0.471454	-0.417764	-0.349898	-0.277148	-0.199834	-0.106594	0	
0	-0.0525305	-0.0959104	-0.129299	-0.165976	-0.218619	-0.298218	-0.403359	-0.520889	-0.628772	-0.695219	-0.705935	-0.655222	-0.558606	-0.4194	-0.238377	-0.0194671	0.217166	0.441418	0.634839	0.794739	0.918087	1.00676	1.06009	1.0889	1.10226	1.09932	1.09196	1.08022	1.06266	1.02517	0.967034	0.907804	0.867132	0.839178	0.815076	0.789871	0.759107	0.707418	0.626005	0.501257	0.345572	0.180064	0.0204982	-0.122921	-0.235239	-0.313183	-0.354801	-0.370285	-0.351405	-0.297947	-0.213296	-0.0953915	0.0520014	0.203523	0.343377	0.467004	0.571615	0.649008	0.700886	0.732888	0.732652	0.690853	0.627925	0.548401	0.460656	0.392633	0.357567	0.355416	0.366283	0.374575	0.363722	0.336463	0.306452	0.277734	0.245501	0.202744	0.170412	0.142696	0.0937191	0.0273316	-0.0588385	-0.162406	-0.264907	-0.353332	-0.417566	-0.463775	-0.495693	-0.506531	-0.499319	-0.462448	-0.398534	-0.341008	-0.294759	-0.247919	-0.202656	-0.160253	-0.117724	-0.0661317	0	
0	-0.0894395	-0.171166	-0.237231	-0.303053	-0.368635	-0.448644	-0.540169	-0.638059	-0.730577	-0.785852	-0.796165	-0.745932	-0.656105	-0.521894	-0.34823	-0.131525	0.106957	0.334212	0.530982	0.688923	0.813925	0.906999	0.966823	1.00076	1.01008	0.99625	0.967748	0.92905	0.882861	0.822987	0.748127	0.681848	0.638088	0.618234	0.60968	0.601772	0.584807	0.555882	0.501257	0.411287	0.295362	0.159897	0.0200925	-0.112055	-0.219787	-0.300708	-0.349879	-0.373542	-0.361705	-0.325341	-0.265878	-0.166426	-0.0271596	0.126491	0.275112	0.415337	0.540734	0.635665	0.707174	0.758217	0.775429	0.748138	0.695216	0.618401	0.531127	0.46324	0.426258	0.425601	0.443421	0.452279	0.435484	0.406725	0.373121	0.343645	0.313912	0.270457	0.232139	0.193286	0.137556	0.0642168	-0.0303166	-0.144274	-0.261744	-0.357475	-0.419681	-0.454281	-0.460031	-0.43331	-0.387609	-0.326344	-0.248442	-0.174523	-0.119195	-0.0801376	-0.0498035	-0.0262976	-0.0145174	-0.00874955	0	
0	-0.131883	-0.251623	-0.358132	-0.449372	-0.535048	-0.614159	-0.695668	-0.775548	-0.852992	-0.902074	-0.91352	-0.871586	-0.789427	-0.66765	-0.500198	-0.291567	-0.0494246	0.182186	0.385755	0.545051	0.671103	0.76171	0.823153	0.850066	0.84684	0.812399	0.756236	0.68967	0.619953	0.545174	0.467042	0.404054	0.364951	0.354547	0.360138	0.371636	0.374179	0.372663	0.345572	0.295362	0.209104	0.096617	-0.0305701	-0.154188	-0.266058	-0.346211	-0.398086	-0.433098	-0.440618	-0.423975	-0.375081	-0.286163	-0.148151	0.0138601	0.173136	0.321714	0.456086	0.567788	0.654859	0.723784	0.76205	0.758575	0.726696	0.660857	0.583523	0.514836	0.469307	0.46238	0.480009	0.494161	0.484162	0.465543	0.440706	0.414407	0.384362	0.33712	0.283182	0.226802	0.162694	0.0856222	-0.0080242	-0.120852	-0.232964	-0.31987	-0.377924	-0.401295	-0.383635	-0.332497	-0.264128	-0.179454	-0.0859062	-0.00858435	0.0457062	0.0807706	0.100577	0.103337	0.0846708	0.0489631	0	
0	-0.172957	-0.332704	-0.47352	-0.593779	-0.694109	-0.778506	-0.847416	-0.915637	-0.97512	-1.02321	-1.03473	-1.00374	-0.931609	-0.818997	-0.662343	-0.459177	-0.217231	0.0170064	0.227308	0.385286	0.50478	0.58845	0.637207	0.651385	0.629639	0.567348	0.484942	0.390584	0.300181	0.216121	0.14123	0.0860308	0.0605674	0.060528	0.0856504	0.117806	0.151356	0.176371	0.180064	0.159897	0.096617	-0.00432285	-0.124209	-0.246538	-0.357888	-0.433976	-0.495966	-0.543937	-0.568287	-0.559306	-0.51927	-0.437681	-0.302918	-0.139217	0.0245104	0.174528	0.318632	0.44243	0.54273	0.625634	0.681938	0.705832	0.698271	0.659426	0.601991	0.534746	0.480571	0.45853	0.471861	0.493532	0.500183	0.502547	0.490292	0.468444	0.43321	0.375114	0.307925	0.237089	0.168371	0.0990339	0.0141868	-0.0880312	-0.184951	-0.258642	-0.301602	-0.307764	-0.271595	-0.200159	-0.118353	-0.0257802	0.0755886	0.158397	0.207323	0.227487	0.233001	0.213269	0.164553	0.0966622	0	
