0	0	0	0	0	0	0	0	0	0	0	0	0	0	0	0	0	0	0	0	0	0	0	0	0	0	0	0	0	0	0	0	0	0	0	0	0	0	0	0	0	0	0	0	0	0	0	0	0	0	0	0	0	0	0	0	0	0	0	0	0	0	0	0	0	0	0	0	0	0	0	0	0	0	0	0	0	0	0	0	0	0	0	0	0	0	0	0	0	0	0	0	0	0	0	0	0	0	0	0	
0	-0.0290157	-0.057668	-0.0838021	-0.100206	-0.0993427	-0.0791369	-0.0455393	-0.00678666	0.0268685	0.0489428	0.0638995	0.0848993	0.119238	0.163666	0.210865	0.249254	0.265951	0.255476	0.223927	0.178741	0.123492	0.0646322	0.0105218	-0.0299252	-0.0525208	-0.0623004	-0.0665441	-0.0733446	-0.0837159	-0.0968341	-0.108844	-0.115182	-0.115873	-0.111882	-0.104612	-0.0925666	-0.0720937	-0.0460466	-0.0169139	0.0144526	0.0425419	0.0579366	0.0543063	0.028597	-0.0120048	-0.0577486	-0.100669	-0.137444	-0.163847	-0.185429	-0.20592	-0.22146	-0.227948	-0.21844	-0.185959	-0.131902	-0.0593262	0.0225324	0.102586	0.174736	0.237484	0.2938	0.346183	0.391417	0.428367	0.455041	0.474359	0.490234	0.502998	0.511542	0.507515	0.483075	0.438512	0.376085	0.302709	0.227576	0.156165	0.0910432	0.029734	-0.0243993	-0.0719876	-0.114022	-0.149679	-0.183087	-0.211932	-0.234919	-0.250501	-0.255139	-0.251116	-0.242878	-0.230936	-0.215964	-0.19785	-0.172179	-0.138887	-0.102741	-0.0662787	-0.0311798	0	
0	-0.057668	-0.110606	-0.155691	-0.179609	-0.17574	-0.139451	-0.084352	-0.0179044	0.0437005	0.0908413	0.129226	0.176065	0.243054	0.320288	0.401273	0.466519	0.495581	0.475427	0.415531	0.327929	0.220743	0.10659	0.00294128	-0.0758764	-0.124014	-0.14975	-0.165614	-0.180347	-0.195164	-0.210968	-0.224264	-0.232938	-0.236269	-0.231859	-0.22	-0.191099	-0.143632	-0.0858445	-0.0278851	0.0275342	0.0719248	0.0957187	0.0858671	0.042978	-0.0261761	-0.10511	-0.18448	-0.256677	-0.314529	-0.360932	-0.400652	-0.425688	-0.428972	-0.402105	-0.336326	-0.236274	-0.103331	0.0450238	0.192436	0.329578	0.449026	0.554086	0.649413	0.72974	0.795063	0.84565	0.885297	0.913144	0.932993	0.946202	0.939989	0.8988	0.822922	0.718231	0.589963	0.454581	0.321582	0.199346	0.0867763	-0.0110756	-0.0942583	-0.172319	-0.241737	-0.305693	-0.363748	-0.410326	-0.443524	-0.459885	-0.460905	-0.451992	-0.432342	-0.403575	-0.3679	-0.321192	-0.264094	-0.201977	-0.136074	-0.0667454	0	
0	-0.0838021	-0.155691	-0.208428	-0.232484	-0.222385	-0.181102	-0.119663	-0.0427828	0.0396885	0.11573	0.186546	0.267573	0.362805	0.461401	0.556782	0.633843	0.665977	0.63566	0.552153	0.430675	0.280031	0.119416	-0.0294959	-0.14721	-0.226336	-0.2777	-0.310532	-0.33453	-0.34811	-0.356442	-0.363558	-0.368636	-0.372531	-0.36818	-0.346933	-0.298413	-0.218018	-0.126713	-0.0433664	0.0277955	0.0806718	0.103829	0.0911331	0.0373687	-0.045147	-0.142268	-0.244157	-0.345825	-0.43023	-0.500666	-0.556902	-0.584287	-0.577143	-0.528502	-0.431325	-0.293897	-0.119759	0.0760938	0.272654	0.455587	0.615587	0.754346	0.876276	0.977052	1.0619	1.12969	1.18463	1.22773	1.2541	1.26454	1.24862	1.19642	1.11126	0.989697	0.835238	0.663585	0.49068	0.332433	0.188243	0.0659219	-0.0427206	-0.146354	-0.24171	-0.334375	-0.414428	-0.480248	-0.533234	-0.566858	-0.583632	-0.586553	-0.569331	-0.534246	-0.488622	-0.429162	-0.357932	-0.281169	-0.195143	-0.0978505	0	
0	-0.100206	-0.179609	-0.232484	-0.249767	-0.238451	-0.199699	-0.147655	-0.071451	0.0236427	0.126511	0.232143	0.345577	0.466829	0.575391	0.673623	0.74697	0.772294	0.728461	0.628805	0.487264	0.310861	0.114911	-0.0749748	-0.235568	-0.354129	-0.436044	-0.491035	-0.525322	-0.539696	-0.544051	-0.543351	-0.541109	-0.536352	-0.518679	-0.482492	-0.409558	-0.302513	-0.18561	-0.0836943	0.000551034	0.0618029	0.0943976	0.0840323	0.0329831	-0.0528939	-0.155211	-0.268529	-0.384809	-0.486215	-0.568327	-0.629945	-0.653202	-0.632179	-0.564691	-0.446852	-0.291435	-0.0948719	0.123736	0.344653	0.552687	0.730197	0.87782	1.00527	1.11183	1.20637	1.29148	1.36654	1.41744	1.44229	1.44933	1.43082	1.37384	1.28444	1.16422	1.00792	0.833127	0.653893	0.486346	0.330095	0.193725	0.0745858	-0.0433111	-0.15114	-0.251368	-0.343751	-0.424178	-0.495284	-0.551739	-0.590122	-0.611573	-0.606836	-0.578068	-0.534464	-0.473295	-0.397953	-0.314657	-0.219616	-0.11058	0	
0	-0.0993427	-0.17574	-0.222385	-0.238451	-0.229845	-0.20344	-0.163092	-0.0932654	0.00992139	0.132095	0.262311	0.402145	0.541724	0.659132	0.75321	0.816427	0.825483	0.765811	0.65451	0.507059	0.318758	0.0998433	-0.127117	-0.330546	-0.488315	-0.602655	-0.679386	-0.72988	-0.754751	-0.763501	-0.762058	-0.748637	-0.725159	-0.68564	-0.62431	-0.531057	-0.403117	-0.27006	-0.155801	-0.0585376	0.0208005	0.0705071	0.0808083	0.0427187	-0.0318274	-0.12757	-0.236722	-0.353952	-0.452695	-0.530975	-0.585621	-0.596986	-0.564288	-0.487819	-0.366275	-0.210683	-0.0186676	0.197663	0.415631	0.616526	0.784888	0.924641	1.04681	1.1521	1.25281	1.34469	1.42485	1.48344	1.51112	1.51449	1.48984	1.43175	1.3502	1.24017	1.09968	0.942327	0.77994	0.627856	0.480841	0.351263	0.235426	0.126146	0.0294668	-0.0666762	-0.157805	-0.247319	-0.336839	-0.412387	-0.471316	-0.513265	-0.526893	-0.514826	-0.48574	-0.434091	-0.363249	-0.284293	-0.195832	-0.0962954	0	
0	-0.0791369	-0.139451	-0.181102	-0.199699	-0.20344	-0.188323	-0.159629	-0.0933134	0.0111464	0.138827	0.277476	0.426789	0.577963	0.699385	0.792012	0.844382	0.840064	0.766174	0.649411	0.500351	0.308281	0.0721608	-0.183125	-0.420975	-0.613753	-0.758852	-0.865491	-0.942082	-0.986799	-1.00681	-1.00127	-0.97182	-0.923153	-0.853835	-0.769027	-0.654122	-0.512623	-0.370523	-0.25035	-0.143583	-0.0469695	0.0329164	0.074453	0.0723848	0.0274304	-0.0417292	-0.130903	-0.230733	-0.313765	-0.372949	-0.40908	-0.405783	-0.365514	-0.293197	-0.185748	-0.0552761	0.110353	0.296218	0.483051	0.654613	0.794577	0.910005	1.01854	1.12069	1.22098	1.31434	1.3953	1.44659	1.46734	1.47366	1.45831	1.40595	1.32881	1.23185	1.11048	0.980967	0.851093	0.728054	0.605723	0.500011	0.415153	0.336916	0.269392	0.198856	0.11759	0.0278759	-0.0686856	-0.158157	-0.232158	-0.293452	-0.329817	-0.342678	-0.340036	-0.312657	-0.265283	-0.208973	-0.143551	-0.0697698	0	
0	-0.0455393	-0.084352	-0.119663	-0.147655	-0.163092	-0.159629	-0.135645	-0.074107	0.025258	0.144092	0.273099	0.41725	0.566781	0.690276	0.782882	0.835775	0.828106	0.751292	0.630221	0.479301	0.280054	0.0329667	-0.238778	-0.496257	-0.712698	-0.888758	-1.02998	-1.13976	-1.20838	-1.23551	-1.22331	-1.17385	-1.09929	-1.0049	-0.895014	-0.762081	-0.605745	-0.455942	-0.333456	-0.222292	-0.110528	-0.00542906	0.0758299	0.116176	0.118242	0.0939112	0.0468001	-0.0168165	-0.0669732	-0.100166	-0.119003	-0.109193	-0.0757946	-0.0208872	0.0575536	0.154264	0.277493	0.416481	0.550842	0.66827	0.762276	0.849113	0.943971	1.03989	1.13784	1.22309	1.29193	1.33784	1.36009	1.36917	1.35816	1.31497	1.25068	1.16637	1.06298	0.955604	0.851999	0.765816	0.689905	0.636711	0.602254	0.570543	0.540051	0.494039	0.433908	0.359122	0.271224	0.184963	0.10197	0.0216478	-0.0416121	-0.0872963	-0.120073	-0.131137	-0.122367	-0.104757	-0.0772281	-0.0368378	0	
0	-0.00678666	-0.0179044	-0.0427828	-0.071451	-0.0932654	-0.0933134	-0.074107	-0.020505	0.0621179	0.157767	0.260532	0.380852	0.51424	0.629918	0.726229	0.788819	0.794634	0.724012	0.605205	0.449884	0.247173	-0.00412568	-0.278849	-0.542596	-0.775003	-0.976907	-1.15099	-1.29125	-1.37836	-1.41116	-1.38917	-1.32186	-1.22477	-1.10609	-0.975878	-0.823733	-0.654474	-0.496579	-0.369673	-0.253115	-0.128181	0.00251123	0.115906	0.199204	0.247304	0.274572	0.279663	0.264534	0.254286	0.249768	0.243027	0.248259	0.263632	0.288853	0.332809	0.386259	0.459967	0.539846	0.610799	0.666281	0.707051	0.753275	0.8239	0.910075	0.999973	1.07987	1.14615	1.18855	1.20905	1.22651	1.23048	1.19933	1.14569	1.07316	0.979597	0.88587	0.810043	0.765496	0.744327	0.753167	0.779155	0.796026	0.800161	0.782952	0.7466	0.695347	0.627452	0.550804	0.46834	0.375668	0.290698	0.215581	0.14507	0.0929703	0.0555597	0.0262159	0.00941639	0.00473858	0	
0	0.0268685	0.0437005	0.0396885	0.0236427	0.00992139	0.0111464	0.025258	0.0621179	0.11852	0.178961	0.243001	0.325436	0.42954	0.53235	0.632553	0.713679	0.738374	0.682939	0.568869	0.417389	0.217176	-0.0295335	-0.301942	-0.568175	-0.810204	-1.02754	-1.21992	-1.37502	-1.47308	-1.50714	-1.47957	-1.3978	-1.28132	-1.14236	-0.99198	-0.823884	-0.641378	-0.472734	-0.337215	-0.21001	-0.0702497	0.07945	0.217715	0.328022	0.411501	0.481005	0.533548	0.566692	0.596313	0.617267	0.619135	0.614187	0.604659	0.598148	0.600513	0.609829	0.632006	0.654547	0.663165	0.658208	0.64622	0.651975	0.691113	0.751883	0.828484	0.902946	0.970853	1.02214	1.05576	1.08122	1.09181	1.07337	1.03194	0.968065	0.883557	0.802742	0.747669	0.740968	0.774092	0.840912	0.919896	0.98132	1.02163	1.0349	1.02493	0.99393	0.941741	0.876772	0.799132	0.706771	0.613024	0.519118	0.422861	0.33474	0.257063	0.183411	0.116078	0.0599752	0	
0	0.0489428	0.0908413	0.11573	0.126511	0.132095	0.138827	0.144092	0.157767	0.178961	0.196908	0.213352	0.251324	0.321801	0.411424	0.518452	0.617057	0.663268	0.623844	0.52565	0.387403	0.200681	-0.0393796	-0.312348	-0.584331	-0.833122	-1.05526	-1.24876	-1.4046	-1.50055	-1.5315	-1.49425	-1.39848	-1.26325	-1.10533	-0.937155	-0.753746	-0.558902	-0.380011	-0.234443	-0.0987711	0.0525553	0.214757	0.365027	0.490053	0.590911	0.685667	0.772145	0.841528	0.904564	0.949864	0.959941	0.946185	0.913006	0.868821	0.828448	0.790049	0.763032	0.73908	0.707918	0.664284	0.612751	0.57562	0.573029	0.603317	0.658049	0.726758	0.801719	0.864967	0.90813	0.945915	0.970175	0.958796	0.922332	0.862738	0.78403	0.714525	0.683625	0.706827	0.769716	0.86726	0.980119	1.08348	1.16743	1.22083	1.24294	1.23309	1.19259	1.1342	1.06267	0.973869	0.881421	0.782155	0.670503	0.560176	0.448327	0.333097	0.220672	0.111473	0	
0	0.0638995	0.129226	0.186546	0.232143	0.262311	0.277476	0.273099	0.260532	0.243001	0.213352	0.181263	0.174627	0.215028	0.293794	0.405077	0.518028	0.580724	0.563923	0.489031	0.375551	0.206599	-0.0257391	-0.299897	-0.575112	-0.824918	-1.04172	-1.22819	-1.37294	-1.45902	-1.47686	-1.42601	-1.31457	-1.16439	-0.991266	-0.808748	-0.611337	-0.405443	-0.217169	-0.0656763	0.0749268	0.228168	0.392019	0.541743	0.66467	0.768589	0.873885	0.978446	1.07362	1.15889	1.21866	1.23443	1.21086	1.15405	1.07781	0.994216	0.912975	0.847892	0.793063	0.735437	0.669573	0.59421	0.527613	0.490456	0.486517	0.519532	0.577312	0.651188	0.722117	0.781712	0.833296	0.866622	0.86508	0.830155	0.770164	0.696608	0.637572	0.615079	0.642277	0.712133	0.820285	0.954625	1.08985	1.21266	1.30813	1.36387	1.37864	1.35675	1.30975	1.2451	1.16299	1.07282	0.973327	0.858736	0.73323	0.598433	0.452183	0.300474	0.152541	0	
0	0.0848993	0.176065	0.267573	0.345577	0.402145	0.426789	0.41725	0.380852	0.325436	0.251324	0.174627	0.131395	0.144693	0.210764	0.319595	0.438438	0.517523	0.525186	0.479242	0.389904	0.238254	0.0159039	-0.250711	-0.517522	-0.755533	-0.960041	-1.13074	-1.25924	-1.32642	-1.32637	-1.25891	-1.13626	-0.976954	-0.799777	-0.611526	-0.409984	-0.199128	-0.00589655	0.152266	0.294655	0.447387	0.602706	0.73957	0.84842	0.942274	1.04464	1.15509	1.25775	1.34839	1.41038	1.42256	1.39	1.31822	1.2176	1.10506	0.993513	0.89805	0.819473	0.746465	0.663289	0.566682	0.47655	0.416878	0.397004	0.413849	0.461044	0.529935	0.603872	0.672312	0.739109	0.787981	0.791043	0.755366	0.692068	0.614957	0.549244	0.519958	0.540573	0.604849	0.714626	0.859961	1.01821	1.16657	1.28536	1.36745	1.40758	1.40759	1.37944	1.32778	1.25511	1.1739	1.08016	0.968552	0.84401	0.701097	0.540178	0.367545	0.18652	0	
0	0.119238	0.243054	0.362805	0.466829	0.541724	0.577963	0.566781	0.51424	0.42954	0.321801	0.215028	0.144693	0.134384	0.182652	0.281245	0.402169	0.495261	0.527236	0.503981	0.431233	0.292704	0.0843599	-0.164234	-0.409336	-0.625942	-0.807687	-0.957183	-1.06285	-1.11	-1.09234	-1.01247	-0.881894	-0.721629	-0.546805	-0.365063	-0.168846	0.0374933	0.230337	0.389074	0.52948	0.670516	0.809459	0.926201	1.01647	1.09804	1.19192	1.29375	1.38793	1.46558	1.51382	1.51976	1.48237	1.40578	1.29854	1.17312	1.04633	0.935876	0.840379	0.744847	0.639159	0.523097	0.415574	0.341965	0.31249	0.325123	0.369085	0.437336	0.516712	0.596748	0.669845	0.716222	0.717672	0.674062	0.600134	0.511164	0.430413	0.383516	0.38661	0.447494	0.564558	0.721511	0.888613	1.04383	1.1744	1.26869	1.3255	1.34751	1.34045	1.31074	1.25909	1.19035	1.10519	1.00061	0.878865	0.740671	0.581539	0.401886	0.207368	0	
0	0.163666	0.320288	0.461401	0.575391	0.659132	0.699385	0.690276	0.629918	0.53235	0.411424	0.293794	0.210764	0.182652	0.215245	0.304758	0.427467	0.531102	0.578305	0.56585	0.499945	0.369478	0.174988	-0.0534883	-0.275232	-0.46376	-0.616045	-0.734499	-0.812351	-0.838182	-0.805537	-0.716807	-0.585184	-0.428376	-0.265488	-0.0948808	0.0890837	0.285207	0.467744	0.615501	0.737044	0.855436	0.968437	1.06386	1.13636	1.20332	1.28051	1.36398	1.43947	1.49997	1.53883	1.542	1.50511	1.42836	1.31861	1.19008	1.06376	0.951177	0.849725	0.743101	0.61689	0.476978	0.351319	0.268689	0.237623	0.25071	0.300297	0.375388	0.459867	0.539275	0.604735	0.639189	0.624672	0.564628	0.472685	0.362652	0.258116	0.19296	0.190754	0.25394	0.373751	0.532076	0.703102	0.865073	1.00377	1.11256	1.18609	1.22536	1.23762	1.22291	1.18422	1.12547	1.04556	0.9475	0.833778	0.702554	0.552369	0.382907	0.196305	0	
0	0.210865	0.401273	0.556782	0.673623	0.75321	0.792012	0.782882	0.726229	0.632553	0.518452	0.405077	0.319595	0.281245	0.304758	0.388572	0.507753	0.608474	0.653382	0.639498	0.573429	0.449326	0.267282	0.0566208	-0.140891	-0.298058	-0.412918	-0.49254	-0.537132	-0.538595	-0.493431	-0.403876	-0.281316	-0.141232	0.00536537	0.161952	0.334403	0.515235	0.67516	0.794118	0.882758	0.966958	1.05323	1.12859	1.18481	1.23619	1.2937	1.35732	1.41739	1.4682	1.5015	1.5055	1.46791	1.3915	1.28415	1.16494	1.05143	0.949712	0.849787	0.731542	0.589241	0.436607	0.301374	0.211241	0.177548	0.190576	0.239638	0.310862	0.387964	0.455538	0.50357	0.520279	0.496364	0.425721	0.316794	0.186032	0.0624954	-0.0141898	-0.025004	0.0360153	0.157232	0.316552	0.49012	0.657951	0.807237	0.927902	1.01567	1.07078	1.09417	1.08706	1.05286	0.994205	0.91759	0.824882	0.715106	0.590477	0.451536	0.303778	0.152352	0	
0	0.249254	0.466519	0.633843	0.74697	0.816427	0.844382	0.835775	0.788819	0.713679	0.617057	0.518028	0.438438	0.402169	0.427467	0.507753	0.614083	0.692217	0.717822	0.68919	0.616786	0.494785	0.322898	0.131312	-0.0393782	-0.159455	-0.229276	-0.261013	-0.259213	-0.227818	-0.167176	-0.0841442	0.0141024	0.124036	0.240313	0.372749	0.520486	0.670918	0.794906	0.878262	0.934628	0.992542	1.05759	1.11736	1.1571	1.19149	1.23086	1.27749	1.3276	1.36999	1.39625	1.39477	1.35515	1.28254	1.19139	1.09542	1.00804	0.924689	0.830744	0.709067	0.558771	0.399353	0.25937	0.167592	0.129063	0.134833	0.173216	0.224938	0.27563	0.318447	0.349609	0.358843	0.334335	0.259363	0.141471	0.00100177	-0.129883	-0.210782	-0.222528	-0.161892	-0.0420354	0.118774	0.295256	0.467267	0.61824	0.739676	0.829291	0.885373	0.908717	0.898281	0.863684	0.807751	0.735633	0.651624	0.551815	0.442132	0.327652	0.213813	0.104734	0	
0	0.265951	0.495581	0.665977	0.772294	0.825483	0.840064	0.828106	0.794634	0.738374	0.663268	0.580724	0.517523	0.495261	0.531102	0.608474	0.692217	0.737621	0.731643	0.679753	0.592647	0.46835	0.309618	0.143459	0.0070146	-0.0700778	-0.0913394	-0.0665015	-0.0131277	0.057418	0.132272	0.204911	0.274439	0.346059	0.421146	0.510509	0.611802	0.714882	0.794283	0.845149	0.878148	0.917195	0.966996	1.01282	1.0403	1.06469	1.09171	1.12789	1.16557	1.19343	1.20295	1.19049	1.14954	1.09435	1.03224	0.975722	0.924938	0.866961	0.787745	0.67264	0.525615	0.366528	0.224075	0.122984	0.0738921	0.0646774	0.0837299	0.111243	0.137742	0.161919	0.179735	0.180387	0.149434	0.0702963	-0.0478103	-0.180946	-0.298548	-0.366666	-0.371759	-0.30812	-0.184737	-0.0232634	0.151561	0.31759	0.45614	0.562994	0.634991	0.673831	0.684262	0.669297	0.639925	0.59122	0.527017	0.451753	0.366702	0.283766	0.205974	0.134586	0.0661969	0	
0	0.255476	0.475427	0.63566	0.728461	0.765811	0.766174	0.751292	0.724012	0.682939	0.623844	0.563923	0.525186	0.527236	0.578305	0.653382	0.717822	0.731643	0.694175	0.612224	0.501518	0.37105	0.226211	0.0913949	-0.00553125	-0.0370997	-0.00538002	0.0732831	0.176824	0.280241	0.369727	0.437453	0.485268	0.520263	0.544762	0.573962	0.612521	0.657445	0.691829	0.713296	0.729531	0.755775	0.793852	0.831598	0.850198	0.864808	0.880073	0.898936	0.921418	0.934007	0.929909	0.913608	0.884015	0.850439	0.822838	0.803541	0.787487	0.762511	0.711155	0.61733	0.484547	0.332224	0.182584	0.0696474	0.00330056	-0.021484	-0.0181989	-0.00808318	0.0057611	0.0229915	0.0337681	0.018673	-0.0273661	-0.118114	-0.235612	-0.352563	-0.444828	-0.486644	-0.471628	-0.394106	-0.263611	-0.102863	0.0613263	0.215468	0.33945	0.423135	0.467734	0.476616	0.461671	0.431845	0.397072	0.349864	0.294954	0.238848	0.182398	0.137015	0.0993675	0.0659166	0.0336121	0	
0	0.223927	0.415531	0.552153	0.628805	0.65451	0.649411	0.630221	0.605205	0.568869	0.52565	0.489031	0.479242	0.503981	0.56585	0.639498	0.68919	0.679753	0.612224	0.495822	0.356226	0.212991	0.0812126	-0.0217674	-0.075393	-0.0548742	0.0278473	0.155165	0.294103	0.423083	0.52687	0.597032	0.630578	0.631241	0.604255	0.57202	0.547127	0.534862	0.521705	0.513524	0.51403	0.532424	0.567921	0.602103	0.61453	0.618585	0.615306	0.617442	0.625685	0.629595	0.624186	0.616376	0.604124	0.600574	0.60371	0.617191	0.633439	0.637883	0.615358	0.54669	0.431297	0.284054	0.136862	0.0191079	-0.0579432	-0.0999631	-0.113674	-0.114971	-0.107742	-0.0932706	-0.0904794	-0.118377	-0.180702	-0.279091	-0.392421	-0.496742	-0.568738	-0.586937	-0.542595	-0.437963	-0.289797	-0.124282	0.0357912	0.17752	0.276479	0.32967	0.339102	0.315006	0.27135	0.213854	0.159598	0.104531	0.0603207	0.033392	0.0148441	0.00757653	0.00249818	-0.000771873	-0.00100295	0	
0	0.178741	0.327929	0.430675	0.487264	0.507059	0.500351	0.479301	0.449884	0.417389	0.387403	0.375551	0.389904	0.431233	0.499945	0.573429	0.616786	0.592647	0.501518	0.356226	0.186743	0.0286318	-0.0973689	-0.171512	-0.181002	-0.111163	0.0173469	0.178639	0.343474	0.49236	0.610497	0.683631	0.703483	0.674374	0.605949	0.523685	0.44331	0.373681	0.31115	0.270316	0.258382	0.275976	0.312606	0.348463	0.357821	0.353782	0.342062	0.332345	0.332644	0.334203	0.330175	0.333032	0.345588	0.368896	0.402046	0.444981	0.485931	0.516317	0.516261	0.465196	0.365678	0.237144	0.100229	-0.0121269	-0.0930616	-0.1438	-0.169242	-0.182385	-0.180581	-0.172219	-0.17878	-0.221284	-0.290599	-0.389164	-0.502683	-0.605636	-0.669639	-0.668082	-0.599395	-0.468938	-0.292699	-0.106304	0.0568788	0.186164	0.257678	0.273062	0.24828	0.192112	0.117641	0.0342747	-0.0414766	-0.102806	-0.135053	-0.140124	-0.130394	-0.108926	-0.0872211	-0.0621105	-0.0318514	0	
0	0.123492	0.220743	0.280031	0.310861	0.318758	0.308281	0.280054	0.247173	0.217176	0.200681	0.206599	0.238254	0.292704	0.369478	0.449326	0.494785	0.46835	0.37105	0.212991	0.0286318	-0.140832	-0.259527	-0.307757	-0.280045	-0.172652	-0.0160736	0.166624	0.34746	0.508671	0.630988	0.697131	0.70191	0.65136	0.556914	0.437866	0.310613	0.190672	0.0847115	0.0183327	-0.00282863	0.0101103	0.0441183	0.0771783	0.0888019	0.0919922	0.084988	0.0780892	0.0780085	0.0787278	0.0782987	0.0919461	0.119752	0.164008	0.215647	0.275451	0.335252	0.385753	0.408414	0.381061	0.305928	0.197801	0.0845685	-0.0119943	-0.0897316	-0.142013	-0.16657	-0.176235	-0.17892	-0.180531	-0.200699	-0.253308	-0.331459	-0.43725	-0.557016	-0.665166	-0.727759	-0.721912	-0.640364	-0.492096	-0.299666	-0.101912	0.0643798	0.185286	0.236989	0.229679	0.180385	0.10124	0.00582717	-0.0937024	-0.172444	-0.230175	-0.257622	-0.258552	-0.244498	-0.208754	-0.164146	-0.112688	-0.0545137	0	
0	0.0646322	0.10659	0.119416	0.114911	0.0998433	0.0721608	0.0329667	-0.00412568	-0.0295335	-0.0393796	-0.0257391	0.0159039	0.0843599	0.174988	0.267282	0.322898	0.309618	0.226211	0.0812126	-0.0973689	-0.259527	-0.362331	-0.385949	-0.334121	-0.20961	-0.0415236	0.149094	0.333244	0.489985	0.599002	0.64973	0.640301	0.576987	0.464444	0.317635	0.156407	0.0035294	-0.126845	-0.209017	-0.241861	-0.241446	-0.221615	-0.193372	-0.172693	-0.154163	-0.142954	-0.138253	-0.130255	-0.119076	-0.108793	-0.0873872	-0.0512833	-0.00677115	0.0430462	0.106967	0.176151	0.244688	0.289452	0.289081	0.246375	0.174793	0.0894878	0.0139774	-0.045708	-0.0804072	-0.0899646	-0.0926464	-0.0958227	-0.10687	-0.13737	-0.200892	-0.290862	-0.406947	-0.540202	-0.662455	-0.735192	-0.734584	-0.660421	-0.522682	-0.335182	-0.141919	0.015072	0.129062	0.179811	0.173911	0.124586	0.0386074	-0.0614487	-0.155227	-0.227648	-0.279677	-0.309032	-0.320419	-0.310396	-0.272472	-0.218593	-0.150087	-0.0739588	0	
0	0.0105218	0.00294128	-0.0294959	-0.0749748	-0.127117	-0.183125	-0.238778	-0.278849	-0.301942	-0.312348	-0.299897	-0.250711	-0.164234	-0.0534883	0.0566208	0.131312	0.143459	0.0913949	-0.0217674	-0.171512	-0.307757	-0.385949	-0.392662	-0.333788	-0.209835	-0.0441821	0.140354	0.31083	0.447776	0.537705	0.575142	0.557957	0.483711	0.356366	0.189687	0.00968822	-0.157911	-0.300782	-0.396576	-0.44383	-0.460776	-0.453867	-0.427874	-0.397498	-0.362273	-0.334883	-0.314627	-0.287972	-0.254287	-0.224783	-0.194064	-0.161998	-0.129322	-0.0918656	-0.0365435	0.0321843	0.108745	0.170799	0.195686	0.185108	0.148432	0.102948	0.0654967	0.0385232	0.0357305	0.0508437	0.059839	0.0543267	0.0367294	-0.000274016	-0.072093	-0.175725	-0.310437	-0.464533	-0.607127	-0.701217	-0.727866	-0.680493	-0.565569	-0.40187	-0.231738	-0.0862024	0.0325812	0.0997789	0.111558	0.0762917	0.00540571	-0.079709	-0.162053	-0.2306	-0.287974	-0.32379	-0.338614	-0.331217	-0.293725	-0.24208	-0.174226	-0.0874991	0	
0	-0.0299252	-0.0758764	-0.14721	-0.235568	-0.330546	-0.420975	-0.496257	-0.542596	-0.568175	-0.584331	-0.575112	-0.517522	-0.409336	-0.275232	-0.140891	-0.0393782	0.0070146	-0.00553125	-0.075393	-0.181002	-0.280045	-0.334121	-0.333788	-0.279883	-0.167124	-0.016724	0.144134	0.286736	0.398867	0.473146	0.50243	0.477244	0.394537	0.260442	0.0894718	-0.0917589	-0.263712	-0.415223	-0.525395	-0.589392	-0.621394	-0.625589	-0.604196	-0.56729	-0.52225	-0.479586	-0.439525	-0.387752	-0.327578	-0.278361	-0.244927	-0.220515	-0.200572	-0.174242	-0.125693	-0.0609469	0.0134358	0.0770075	0.114183	0.12771	0.122545	0.114033	0.120924	0.143438	0.183615	0.227935	0.25298	0.252276	0.233267	0.192458	0.10969	-0.0181178	-0.178899	-0.359106	-0.534245	-0.663505	-0.722463	-0.70595	-0.62469	-0.490368	-0.336378	-0.193906	-0.0680234	0.0137761	0.0441504	0.0338063	-0.00826409	-0.0673776	-0.135544	-0.206631	-0.270079	-0.311299	-0.330292	-0.323844	-0.291773	-0.246067	-0.179915	-0.0925172	0	
0	-0.0525208	-0.124014	-0.226336	-0.354129	-0.488315	-0.613753	-0.712698	-0.775003	-0.810204	-0.833122	-0.824918	-0.755533	-0.625942	-0.46376	-0.298058	-0.159455	-0.0700778	-0.0370997	-0.0548742	-0.111163	-0.172652	-0.20961	-0.209835	-0.167124	-0.0763435	0.0417434	0.16489	0.273687	0.364595	0.424785	0.442671	0.408794	0.324717	0.198328	0.0403124	-0.132025	-0.301143	-0.457376	-0.579029	-0.655869	-0.699181	-0.714675	-0.698695	-0.661959	-0.612262	-0.559322	-0.504924	-0.436247	-0.358061	-0.298456	-0.264061	-0.241735	-0.223669	-0.198206	-0.153948	-0.0988142	-0.0354244	0.022234	0.0607457	0.0818705	0.0961122	0.121492	0.170989	0.239293	0.323289	0.404089	0.457321	0.481097	0.475578	0.429166	0.321542	0.158974	-0.0383939	-0.258379	-0.470506	-0.634355	-0.727108	-0.744293	-0.692323	-0.579473	-0.437378	-0.292524	-0.158482	-0.0653661	-0.017643	-0.00322496	-0.0180687	-0.0567808	-0.112266	-0.176412	-0.233283	-0.269869	-0.291293	-0.290978	-0.264235	-0.222815	-0.16143	-0.0809324	0	
0	-0.0623004	-0.14975	-0.2777	-0.436044	-0.602655	-0.758852	-0.888758	-0.976907	-1.02754	-1.05526	-1.04172	-0.960041	-0.807687	-0.616045	-0.412918	-0.229276	-0.0913394	-0.00538002	0.0278473	0.0173469	-0.0160736	-0.0415236	-0.0441821	-0.016724	0.0417434	0.119787	0.202696	0.284494	0.352961	0.39182	0.389057	0.343946	0.2626	0.152249	0.0135837	-0.138161	-0.292474	-0.439621	-0.561466	-0.644704	-0.698632	-0.724896	-0.720897	-0.690304	-0.642137	-0.58675	-0.526894	-0.450777	-0.368453	-0.306243	-0.2717	-0.248491	-0.224666	-0.190817	-0.145199	-0.0925922	-0.0362658	0.0126979	0.0453616	0.0676325	0.0899759	0.136004	0.219982	0.328285	0.450608	0.568573	0.661123	0.712153	0.716845	0.665322	0.537322	0.338162	0.0953964	-0.167734	-0.422294	-0.622913	-0.743595	-0.784408	-0.751939	-0.652415	-0.512908	-0.370279	-0.242357	-0.14585	-0.0849432	-0.0516958	-0.0481738	-0.0714243	-0.107951	-0.147469	-0.180512	-0.20228	-0.216806	-0.215769	-0.192495	-0.158371	-0.11224	-0.0539621	0	
0	-0.0665441	-0.165614	-0.310532	-0.491035	-0.679386	-0.865491	-1.02998	-1.15099	-1.21992	-1.24876	-1.22819	-1.13074	-0.957183	-0.734499	-0.49254	-0.261013	-0.0665015	0.0732831	0.155165	0.178639	0.166624	0.149094	0.140354	0.144134	0.16489	0.202696	0.255189	0.310892	0.354429	0.365506	0.341568	0.286006	0.209084	0.112407	-0.00104185	-0.125205	-0.252561	-0.380044	-0.494287	-0.581172	-0.642083	-0.681638	-0.690433	-0.668916	-0.626563	-0.572114	-0.512063	-0.440147	-0.363256	-0.307118	-0.278125	-0.253077	-0.22009	-0.177332	-0.12455	-0.0690839	-0.0150212	0.0296067	0.0591715	0.0800527	0.112389	0.180729	0.288097	0.420763	0.566067	0.711881	0.834358	0.913601	0.931127	0.871704	0.722488	0.493552	0.218105	-0.0817731	-0.370692	-0.603995	-0.754705	-0.819356	-0.799748	-0.705838	-0.575069	-0.44208	-0.322566	-0.226274	-0.15723	-0.116282	-0.103658	-0.106431	-0.111321	-0.117505	-0.118988	-0.116403	-0.114747	-0.104024	-0.0852135	-0.067449	-0.0457684	-0.0208094	0	
0	-0.0733446	-0.180347	-0.33453	-0.525322	-0.72988	-0.942082	-1.13976	-1.29125	-1.37502	-1.4046	-1.37294	-1.25924	-1.06285	-0.812351	-0.537132	-0.259213	-0.0131277	0.176824	0.294103	0.343474	0.34746	0.333244	0.31083	0.286736	0.273687	0.284494	0.310892	0.342911	0.35977	0.349454	0.309306	0.245565	0.16921	0.0861866	-0.00267814	-0.0953652	-0.191759	-0.294388	-0.396061	-0.482373	-0.552558	-0.606516	-0.632384	-0.626047	-0.590115	-0.538218	-0.480463	-0.412241	-0.344701	-0.297744	-0.273222	-0.250628	-0.216796	-0.167255	-0.111604	-0.0520668	0.00536543	0.0534476	0.0883733	0.121421	0.170993	0.253853	0.373204	0.51488	0.672765	0.835594	0.975729	1.06176	1.07651	1.0129	0.856607	0.615594	0.317378	-0.00603136	-0.318048	-0.576084	-0.747655	-0.828814	-0.81985	-0.739572	-0.624323	-0.505232	-0.393808	-0.296629	-0.22796	-0.184904	-0.158229	-0.136873	-0.113018	-0.0891181	-0.0638757	-0.0358027	-0.0108672	0.00901479	0.0245147	0.0271698	0.0212671	0.0145426	0	
0	-0.0837159	-0.195164	-0.34811	-0.539696	-0.754751	-0.986799	-1.20838	-1.37836	-1.47308	-1.50055	-1.45902	-1.32642	-1.11	-0.838182	-0.538595	-0.227818	0.057418	0.280241	0.423083	0.49236	0.508671	0.489985	0.447776	0.398867	0.364595	0.352961	0.354429	0.35977	0.357854	0.3359	0.289788	0.225248	0.158387	0.092816	0.0293363	-0.0355575	-0.104295	-0.183962	-0.274234	-0.364236	-0.446212	-0.517762	-0.563989	-0.572575	-0.544971	-0.496397	-0.439579	-0.378153	-0.31946	-0.278312	-0.256826	-0.236468	-0.19958	-0.149694	-0.0920111	-0.0297427	0.0277203	0.0777686	0.122668	0.171376	0.237103	0.333429	0.45703	0.601686	0.759773	0.925613	1.06871	1.15378	1.16419	1.09335	0.930579	0.680975	0.375427	0.0476896	-0.271866	-0.543337	-0.727193	-0.816313	-0.815864	-0.750504	-0.650135	-0.53688	-0.429157	-0.338293	-0.273875	-0.228957	-0.189928	-0.14941	-0.108159	-0.0666153	-0.0219018	0.0228426	0.059802	0.0856558	0.0967701	0.088724	0.0670025	0.0362747	0	
0	-0.0968341	-0.210968	-0.356442	-0.544051	-0.763501	-1.00681	-1.23551	-1.41116	-1.50714	-1.5315	-1.47686	-1.32637	-1.09234	-0.805537	-0.493431	-0.167176	0.132272	0.369727	0.52687	0.610497	0.630988	0.599002	0.537705	0.473146	0.424785	0.39182	0.365506	0.349454	0.3359	0.31292	0.274058	0.226476	0.184468	0.142636	0.102839	0.0593097	0.0112955	-0.0537922	-0.139681	-0.237366	-0.333933	-0.424832	-0.490357	-0.517682	-0.501017	-0.459898	-0.412304	-0.359281	-0.307618	-0.26587	-0.236268	-0.206721	-0.164068	-0.107506	-0.0495793	0.00811597	0.059949	0.108962	0.160134	0.219554	0.296046	0.39186	0.511691	0.65676	0.820828	0.989542	1.12635	1.20255	1.20419	1.12333	0.949858	0.69566	0.38463	0.05202	-0.266356	-0.531693	-0.705958	-0.789312	-0.790751	-0.731234	-0.632156	-0.517632	-0.410822	-0.325347	-0.265825	-0.220397	-0.180096	-0.140337	-0.100382	-0.0552532	-0.00704686	0.0383615	0.076878	0.101984	0.112011	0.102747	0.077072	0.0414905	0	
0	-0.108844	-0.224264	-0.363558	-0.543351	-0.762058	-1.00127	-1.22331	-1.38917	-1.47957	-1.49425	-1.42601	-1.25891	-1.01247	-0.716807	-0.403876	-0.0841442	0.204911	0.437453	0.597032	0.683631	0.697131	0.64973	0.575142	0.50243	0.442671	0.389057	0.341568	0.309306	0.289788	0.274058	0.257792	0.246601	0.240664	0.229066	0.211369	0.184269	0.147517	0.0876073	0.000560774	-0.107826	-0.223179	-0.333668	-0.419428	-0.465127	-0.461962	-0.437147	-0.40322	-0.361671	-0.311698	-0.260881	-0.212743	-0.1679	-0.109576	-0.0449694	0.0149982	0.0684972	0.111096	0.153703	0.202374	0.260294	0.329707	0.418832	0.537878	0.688192	0.85363	1.0184	1.14897	1.2135	1.2002	1.1044	0.918374	0.654951	0.338018	0.00976075	-0.295726	-0.542891	-0.69493	-0.758865	-0.74442	-0.67095	-0.559906	-0.438099	-0.333826	-0.254666	-0.197421	-0.157812	-0.129716	-0.107761	-0.0859031	-0.0540335	-0.0218945	0.0094787	0.0390173	0.0565066	0.0652106	0.0631645	0.0507845	0.0288717	0	
0	-0.115182	-0.232938	-0.368636	-0.541109	-0.748637	-0.97182	-1.17385	-1.32186	-1.3978	-1.39848	-1.31457	-1.13626	-0.881894	-0.585184	-0.281316	0.0141024	0.274439	0.485268	0.630578	0.703483	0.70191	0.640301	0.557957	0.477244	0.408794	0.343946	0.286006	0.245565	0.225248	0.226476	0.246601	0.279507	0.317204	0.337121	0.339155	0.321052	0.286921	0.227651	0.136004	0.011765	-0.12402	-0.251368	-0.350757	-0.410138	-0.426386	-0.422358	-0.40798	-0.374055	-0.321201	-0.255785	-0.188529	-0.124137	-0.0510488	0.0234344	0.0855374	0.132008	0.166919	0.202501	0.245548	0.295394	0.356798	0.43808	0.554409	0.704257	0.864363	1.01565	1.12585	1.17247	1.14352	1.02792	0.826777	0.561267	0.250692	-0.0624649	-0.341156	-0.553941	-0.676065	-0.713468	-0.674469	-0.57654	-0.445452	-0.318887	-0.214036	-0.135161	-0.0821944	-0.0549392	-0.0492174	-0.0519153	-0.0591556	-0.0595736	-0.0571585	-0.0511508	-0.0394921	-0.0326167	-0.0262175	-0.0162171	-0.006285	-0.00274479	0	
0	-0.115873	-0.236269	-0.372531	-0.536352	-0.725159	-0.923153	-1.09929	-1.22477	-1.28132	-1.26325	-1.16439	-0.976954	-0.721629	-0.428376	-0.141232	0.124036	0.346059	0.520263	0.631241	0.674374	0.65136	0.576987	0.483711	0.394537	0.324717	0.2626	0.209084	0.16921	0.158387	0.184468	0.240664	0.317204	0.392716	0.439487	0.454436	0.440357	0.413007	0.355977	0.258179	0.119373	-0.0314982	-0.167746	-0.274131	-0.353974	-0.394907	-0.416563	-0.415	-0.381982	-0.32014	-0.244784	-0.163723	-0.0879883	-0.00707928	0.0704108	0.132184	0.176328	0.209839	0.248746	0.292341	0.339102	0.395661	0.472369	0.582885	0.718731	0.856284	0.978413	1.05869	1.07706	1.02147	0.888135	0.681766	0.425709	0.136193	-0.144912	-0.379593	-0.548766	-0.634679	-0.64083	-0.572575	-0.450735	-0.311935	-0.182185	-0.0721053	0.0051062	0.0501241	0.0613966	0.0475916	0.0190184	-0.022194	-0.0592445	-0.0966229	-0.123132	-0.133573	-0.136922	-0.12347	-0.100654	-0.0740094	-0.0407732	0	
0	-0.111882	-0.231859	-0.36818	-0.518679	-0.68564	-0.853835	-1.0049	-1.10609	-1.14236	-1.10533	-0.991266	-0.799777	-0.546805	-0.265488	0.00536537	0.240313	0.421146	0.544762	0.604255	0.605949	0.556914	0.464444	0.356366	0.260442	0.198328	0.152249	0.112407	0.0861866	0.092816	0.142636	0.229066	0.337121	0.439487	0.504136	0.526906	0.527408	0.511886	0.459698	0.359043	0.216627	0.0640166	-0.0706004	-0.188584	-0.289076	-0.35922	-0.402231	-0.412075	-0.381255	-0.320393	-0.242305	-0.155078	-0.0710843	0.0165502	0.0956981	0.158156	0.203489	0.247257	0.296187	0.346914	0.399821	0.458413	0.529604	0.623815	0.728447	0.824803	0.905173	0.948185	0.93257	0.851533	0.703305	0.496772	0.257003	0.00208467	-0.226802	-0.406721	-0.525739	-0.570093	-0.538915	-0.443557	-0.308658	-0.163197	-0.0332672	0.0777101	0.15153	0.180714	0.172106	0.135904	0.0804828	0.0114928	-0.0534496	-0.118852	-0.1735	-0.204402	-0.213705	-0.198933	-0.168359	-0.124888	-0.0687947	0	
0	-0.104612	-0.22	-0.346933	-0.482492	-0.62431	-0.769027	-0.895014	-0.975878	-0.99198	-0.937155	-0.808748	-0.611526	-0.365063	-0.0948808	0.161952	0.372749	0.510509	0.573962	0.57202	0.523685	0.437866	0.317635	0.189687	0.0894718	0.0403124	0.0135837	-0.00104185	-0.00267814	0.0293363	0.102839	0.211369	0.339155	0.454436	0.526906	0.564623	0.580824	0.578665	0.533407	0.442706	0.315847	0.176827	0.0447699	-0.0777641	-0.198901	-0.296703	-0.36546	-0.39752	-0.384214	-0.333332	-0.259626	-0.169959	-0.0760638	0.0173564	0.101585	0.173995	0.234559	0.294562	0.357843	0.416659	0.469791	0.523739	0.582003	0.649042	0.715227	0.773866	0.813986	0.812789	0.762393	0.657998	0.497805	0.29561	0.0806382	-0.131733	-0.317141	-0.449755	-0.517838	-0.512985	-0.433918	-0.303181	-0.146892	0.0057987	0.139138	0.247314	0.301477	0.30816	0.276125	0.211456	0.127486	0.0332837	-0.0524886	-0.132118	-0.193528	-0.228531	-0.24261	-0.231606	-0.19811	-0.141116	-0.0708963	0	
0	-0.0925666	-0.191099	-0.298413	-0.409558	-0.531057	-0.654122	-0.762081	-0.823733	-0.823884	-0.753746	-0.611337	-0.409984	-0.168846	0.0890837	0.334403	0.520486	0.611802	0.612521	0.547127	0.44331	0.310613	0.156407	0.00968822	-0.0917589	-0.132025	-0.138161	-0.125205	-0.0953652	-0.0355575	0.0593097	0.184269	0.321052	0.440357	0.527408	0.580824	0.614226	0.623939	0.594218	0.526065	0.421573	0.296793	0.177604	0.0565782	-0.0761558	-0.200362	-0.30158	-0.364118	-0.3757	-0.3444	-0.28401	-0.197582	-0.0975547	0.00765944	0.108836	0.20414	0.2868	0.364125	0.431658	0.483463	0.529232	0.570016	0.603722	0.637439	0.66606	0.688725	0.696038	0.667222	0.589187	0.463762	0.299312	0.105536	-0.092091	-0.274048	-0.419739	-0.511392	-0.531951	-0.472577	-0.343802	-0.173029	0.0176456	0.197142	0.337636	0.43116	0.459863	0.433667	0.370418	0.278933	0.169597	0.058803	-0.0395092	-0.125194	-0.18247	-0.215497	-0.233557	-0.226412	-0.194466	-0.138042	-0.0680688	0	
0	-0.0720937	-0.143632	-0.218018	-0.302513	-0.403117	-0.512623	-0.605745	-0.654474	-0.641378	-0.558902	-0.405443	-0.199128	0.0374933	0.285207	0.515235	0.670918	0.714882	0.657445	0.534862	0.373681	0.190672	0.0035294	-0.157911	-0.263712	-0.301143	-0.292474	-0.252561	-0.191759	-0.104295	0.0112955	0.147517	0.286921	0.413007	0.511886	0.578665	0.623939	0.650613	0.645715	0.599929	0.518753	0.421411	0.324214	0.212882	0.0706157	-0.0815649	-0.2121	-0.304829	-0.345072	-0.3382	-0.294926	-0.21511	-0.105378	0.0152223	0.135137	0.249425	0.34395	0.423098	0.485367	0.53082	0.563813	0.581512	0.585343	0.583861	0.578556	0.576658	0.563287	0.514486	0.426087	0.297391	0.129053	-0.0643694	-0.250581	-0.408511	-0.527236	-0.583128	-0.554912	-0.445722	-0.271461	-0.0612077	0.163269	0.367468	0.518392	0.607139	0.61926	0.568746	0.476983	0.356205	0.22595	0.10221	-0.00640085	-0.0927056	-0.149549	-0.185312	-0.198667	-0.184274	-0.155322	-0.116092	-0.0630178	0	
0	-0.0460466	-0.0858445	-0.126713	-0.18561	-0.27006	-0.370523	-0.455942	-0.496579	-0.472734	-0.380011	-0.217169	-0.00589655	0.230337	0.467744	0.67516	0.794906	0.794283	0.691829	0.521705	0.31115	0.0847115	-0.126845	-0.300782	-0.415223	-0.457376	-0.439621	-0.380044	-0.294388	-0.183962	-0.0537922	0.0876073	0.227651	0.355977	0.459698	0.533407	0.594218	0.645715	0.662433	0.638865	0.590583	0.529777	0.456833	0.353088	0.206565	0.0434124	-0.105199	-0.222149	-0.290883	-0.311636	-0.284942	-0.209143	-0.0928166	0.0365605	0.166013	0.284235	0.37721	0.449668	0.50421	0.540249	0.560119	0.55687	0.533021	0.504701	0.481414	0.468794	0.445255	0.386941	0.288332	0.15129	-0.0148271	-0.197747	-0.372479	-0.514639	-0.61348	-0.641376	-0.575106	-0.427649	-0.223537	0.013893	0.265649	0.487762	0.644734	0.734638	0.748494	0.69348	0.59038	0.455557	0.310534	0.177107	0.0650322	-0.0218372	-0.0819538	-0.121468	-0.132907	-0.115988	-0.0958239	-0.0745318	-0.0397739	0	
0	-0.0169139	-0.0278851	-0.0433664	-0.0836943	-0.155801	-0.25035	-0.333456	-0.369673	-0.337215	-0.234443	-0.0656763	0.152266	0.389074	0.615501	0.794118	0.878262	0.845149	0.713296	0.513524	0.270316	0.0183327	-0.209017	-0.396576	-0.525395	-0.579029	-0.561466	-0.494287	-0.396061	-0.274234	-0.139681	0.000560774	0.136004	0.258179	0.359043	0.442706	0.526065	0.599929	0.638865	0.645946	0.637585	0.609404	0.551378	0.460311	0.328784	0.172504	0.0184693	-0.114349	-0.207382	-0.246298	-0.234127	-0.171899	-0.0667199	0.0554951	0.176525	0.284016	0.366766	0.430811	0.478121	0.505146	0.510174	0.487024	0.450265	0.418922	0.395427	0.379442	0.351913	0.290495	0.18861	0.0497092	-0.111377	-0.286679	-0.452469	-0.579881	-0.65653	-0.661456	-0.57995	-0.42108	-0.206964	0.044839	0.30704	0.531938	0.691907	0.788068	0.816791	0.777522	0.689816	0.569671	0.433985	0.304919	0.190503	0.100327	0.0371203	-0.00587777	-0.0237452	-0.0258444	-0.027378	-0.0176666	-0.00101697	0	
0	0.0144526	0.0275342	0.0277955	0.000551034	-0.0585376	-0.143583	-0.222292	-0.253115	-0.21001	-0.0987711	0.0749268	0.294655	0.52948	0.737044	0.882758	0.934628	0.878148	0.729531	0.51403	0.258382	-0.00282863	-0.241861	-0.44383	-0.589392	-0.655869	-0.644704	-0.581172	-0.482373	-0.364236	-0.237366	-0.107826	0.011765	0.119373	0.216627	0.315847	0.421573	0.518753	0.590583	0.637585	0.662386	0.65359	0.613814	0.547476	0.443034	0.30432	0.157683	0.0215947	-0.0773412	-0.128315	-0.133564	-0.0970763	-0.0176402	0.081686	0.180339	0.26327	0.324692	0.372168	0.409585	0.432042	0.428241	0.396423	0.358023	0.328763	0.310195	0.30081	0.278856	0.220555	0.120631	-0.013735	-0.17061	-0.340127	-0.497235	-0.612173	-0.671077	-0.66143	-0.571663	-0.41344	-0.204241	0.0393455	0.286025	0.503701	0.669178	0.780455	0.831432	0.820046	0.766563	0.681563	0.580185	0.47413	0.367736	0.277013	0.207728	0.155808	0.118639	0.0878496	0.0582861	0.0413859	0.0301721	0	
0	0.0425419	0.0719248	0.0806718	0.0618029	0.0208005	-0.0469695	-0.110528	-0.128181	-0.0702497	0.0525553	0.228168	0.447387	0.670516	0.855436	0.966958	0.992542	0.917195	0.755775	0.532424	0.275976	0.0101103	-0.241446	-0.460776	-0.621394	-0.699181	-0.698632	-0.642083	-0.552558	-0.446212	-0.333933	-0.223179	-0.12402	-0.0314982	0.0640166	0.176827	0.296793	0.421411	0.529777	0.609404	0.65359	0.668606	0.65692	0.62335	0.547364	0.438647	0.311505	0.18851	0.0890731	0.02871	0.00144253	0.0116373	0.0646952	0.135161	0.197592	0.241677	0.273065	0.299453	0.326213	0.337715	0.324161	0.291222	0.259623	0.242367	0.236636	0.234199	0.219655	0.169424	0.0717771	-0.0638511	-0.214167	-0.375176	-0.525706	-0.62911	-0.673505	-0.657668	-0.575204	-0.424549	-0.227227	-0.000759933	0.23261	0.443731	0.619518	0.752492	0.830071	0.855057	0.839688	0.791182	0.725167	0.648512	0.562403	0.47885	0.40458	0.332456	0.265562	0.210622	0.154743	0.0977937	0.0485605	0	
0	0.0579366	0.0957187	0.103829	0.0943976	0.0705071	0.0329164	-0.00542906	0.00251123	0.07945	0.214757	0.392019	0.602706	0.809459	0.968437	1.05323	1.05759	0.966996	0.793852	0.567921	0.312606	0.0441183	-0.221615	-0.453867	-0.625589	-0.714675	-0.724896	-0.681638	-0.606516	-0.517762	-0.424832	-0.333668	-0.251368	-0.167746	-0.0706004	0.0447699	0.177604	0.324214	0.456833	0.551378	0.613814	0.65692	0.67875	0.673172	0.635997	0.568461	0.4712	0.36267	0.265564	0.195228	0.152425	0.144676	0.166569	0.201397	0.223746	0.228123	0.224705	0.229961	0.239073	0.233312	0.207628	0.17429	0.155266	0.15774	0.170381	0.179736	0.172715	0.125228	0.0273789	-0.103288	-0.248502	-0.40275	-0.539002	-0.632438	-0.670623	-0.662576	-0.597238	-0.459834	-0.272939	-0.0561246	0.170222	0.39037	0.580346	0.730448	0.836044	0.891598	0.909945	0.896785	0.859812	0.806454	0.741778	0.669663	0.589555	0.496308	0.398367	0.312815	0.230035	0.143542	0.0659454	0	
0	0.0543063	0.0858671	0.0911331	0.0840323	0.0808083	0.074453	0.0758299	0.115906	0.217715	0.365027	0.541743	0.73957	0.926201	1.06386	1.12859	1.11736	1.01282	0.831598	0.602103	0.348463	0.0771783	-0.193372	-0.427874	-0.604196	-0.698695	-0.720897	-0.690433	-0.632384	-0.563989	-0.490357	-0.419428	-0.350757	-0.274131	-0.188584	-0.0777641	0.0565782	0.212882	0.353088	0.460311	0.547476	0.62335	0.673172	0.703078	0.706553	0.676041	0.603555	0.511286	0.4223	0.352143	0.304836	0.2775	0.265358	0.258306	0.237571	0.203676	0.176803	0.160787	0.147457	0.126	0.0947334	0.0675114	0.0592935	0.0751284	0.101051	0.121898	0.124469	0.0842738	-0.00749174	-0.132832	-0.271575	-0.413758	-0.53861	-0.628616	-0.672984	-0.674599	-0.617621	-0.488696	-0.307631	-0.0981895	0.130234	0.362008	0.56398	0.725257	0.841952	0.922421	0.965773	0.97553	0.964788	0.925589	0.871521	0.805075	0.720065	0.622099	0.515233	0.407224	0.298531	0.195129	0.0981482	0	
