0	0	0	0	0	0	0	0	0	0	0	0	0	0	0	0	0	0	0	0	0	0	0	0	0	0	0	0	0	0	0	0	0	0	0	0	0	0	0	0	0	0	0	0	0	0	0	0	0	0	0	0	0	0	0	0	0	0	0	0	0	0	0	0	0	0	0	0	0	0	0	0	0	0	0	0	0	0	0	0	0	0	0	0	0	0	0	0	0	0	0	0	0	0	0	0	0	0	0	0	
0	0.00807865	0.0143147	0.018486	0.0158922	0.0117302	0.00925725	0.0153633	0.028364	0.0411414	0.0489605	0.0494148	0.0481499	0.0445168	0.0395066	0.0281592	0.0127537	-0.00682395	-0.0264538	-0.0424542	-0.0515556	-0.0531971	-0.0497597	-0.0425365	-0.0311933	-0.0168836	-0.00617113	0.00206909	0.00966851	0.0201202	0.0313678	0.0410641	0.0501544	0.0614279	0.0696212	0.0750978	0.0769424	0.0789239	0.0810312	0.0861932	0.0946008	0.10509	0.115288	0.126082	0.126871	0.121213	0.111139	0.0969127	0.0757323	0.0516678	0.0236654	-0.00671464	-0.0376027	-0.0630232	-0.082965	-0.0976651	-0.110143	-0.12134	-0.133074	-0.143449	-0.149868	-0.151211	-0.148938	-0.141939	-0.126932	-0.111714	-0.0984876	-0.0896658	-0.0845303	-0.0816883	-0.0794369	-0.080748	-0.0896498	-0.101442	-0.112288	-0.122155	-0.128812	-0.12973	-0.128465	-0.12366	-0.113324	-0.0985756	-0.079973	-0.059974	-0.0412118	-0.0229478	-0.00325667	0.0152344	0.0303447	0.0406669	0.049933	0.0598046	0.062969	0.0602397	0.0564959	0.0517815	0.0418335	0.027635	0.014814	0	
0	0.0143147	0.0258407	0.0318691	0.0260823	0.0162848	0.0102971	0.0217033	0.0462475	0.0708817	0.0857357	0.0855781	0.0822222	0.0747476	0.0628075	0.0418622	0.00937544	-0.0272835	-0.0651278	-0.094933	-0.108505	-0.108581	-0.0964975	-0.0774023	-0.0502887	-0.018468	0.00656271	0.0243412	0.040283	0.0607939	0.081618	0.0970186	0.112083	0.127943	0.136505	0.141173	0.137007	0.13296	0.134678	0.140911	0.155504	0.177459	0.200361	0.222153	0.230459	0.224585	0.209527	0.183194	0.14421	0.0978467	0.045749	-0.0147292	-0.0779267	-0.128658	-0.164328	-0.19125	-0.213826	-0.232667	-0.250196	-0.266353	-0.276995	-0.277617	-0.274642	-0.261782	-0.237988	-0.212504	-0.192167	-0.180434	-0.172651	-0.170044	-0.163098	-0.163021	-0.175087	-0.190978	-0.207071	-0.219858	-0.23003	-0.230992	-0.229699	-0.225036	-0.211185	-0.190957	-0.16257	-0.130174	-0.0988227	-0.0684286	-0.0346024	0.0030729	0.0348012	0.0544604	0.0738592	0.0943057	0.103584	0.103525	0.0975157	0.0896868	0.0749952	0.0499583	0.0259329	0	
0	0.018486	0.0318691	0.0383066	0.025979	0.00849121	-0.00334457	0.00983732	0.0433101	0.0768144	0.0959692	0.094136	0.0875017	0.0749119	0.0591527	0.0268666	-0.016303	-0.0691389	-0.120208	-0.15821	-0.173666	-0.165426	-0.140881	-0.104762	-0.0573149	-0.0030872	0.0391783	0.0703738	0.0956198	0.12461	0.150838	0.167818	0.178828	0.191055	0.19223	0.184153	0.165552	0.149268	0.137988	0.140146	0.158257	0.188821	0.224851	0.266396	0.283678	0.283411	0.269776	0.241941	0.191758	0.129911	0.0542739	-0.0305819	-0.117598	-0.187721	-0.238976	-0.272684	-0.296698	-0.315062	-0.334165	-0.351542	-0.361234	-0.361671	-0.358456	-0.347326	-0.319909	-0.294236	-0.275183	-0.266772	-0.263832	-0.260369	-0.250124	-0.242842	-0.250576	-0.263996	-0.275328	-0.286666	-0.295211	-0.295534	-0.297892	-0.298075	-0.289104	-0.271413	-0.243924	-0.211044	-0.177928	-0.142242	-0.0976863	-0.0502319	-0.00815941	0.0233817	0.0548371	0.0892947	0.106558	0.108156	0.10641	0.102696	0.085233	0.0559233	0.0306164	0	
0	0.0158922	0.0260823	0.025979	0.00367503	-0.025394	-0.0457845	-0.0321546	0.00833289	0.0505645	0.0751545	0.0728718	0.0647632	0.0508883	0.0306484	-0.0053503	-0.0602612	-0.121723	-0.18245	-0.22443	-0.234009	-0.214286	-0.170828	-0.113784	-0.0432489	0.0337005	0.0940813	0.13638	0.168755	0.202888	0.23168	0.244236	0.248948	0.250244	0.234537	0.207854	0.165456	0.125082	0.098332	0.0882527	0.102256	0.138332	0.185732	0.238965	0.2721	0.282006	0.275342	0.248263	0.196229	0.126661	0.0432877	-0.056234	-0.161313	-0.243197	-0.294842	-0.325578	-0.346111	-0.358813	-0.37141	-0.3848	-0.394042	-0.393966	-0.395443	-0.388037	-0.367306	-0.348075	-0.338547	-0.342232	-0.347548	-0.350647	-0.336019	-0.322655	-0.322642	-0.32661	-0.330357	-0.33204	-0.335984	-0.333527	-0.337441	-0.345525	-0.345617	-0.339166	-0.320298	-0.292943	-0.265301	-0.234544	-0.190741	-0.134903	-0.0844723	-0.0506616	-0.0131285	0.0299764	0.0550371	0.065837	0.0700172	0.0728651	0.0649513	0.0418805	0.0224819	0	
0	0.0117302	0.0162848	0.00849121	-0.025394	-0.0670829	-0.0962628	-0.0842317	-0.0376865	0.0123705	0.0419042	0.0408007	0.0330496	0.0185999	0.000430399	-0.0399033	-0.0971344	-0.166094	-0.230584	-0.271875	-0.275462	-0.240398	-0.179393	-0.101554	-0.00945851	0.0878796	0.16409	0.215983	0.252557	0.288819	0.314875	0.321061	0.313604	0.29985	0.266544	0.215685	0.146916	0.0814558	0.0290344	0.0013808	0.00661256	0.0396857	0.0914888	0.157538	0.197763	0.21661	0.219261	0.202913	0.156129	0.0920527	0.00854981	-0.090141	-0.192707	-0.269298	-0.314851	-0.335422	-0.342415	-0.344658	-0.352978	-0.367415	-0.379404	-0.386729	-0.398491	-0.404431	-0.394821	-0.388393	-0.391965	-0.408962	-0.427196	-0.434929	-0.420808	-0.401352	-0.393951	-0.391075	-0.384546	-0.378416	-0.373802	-0.365563	-0.368865	-0.378561	-0.384363	-0.384086	-0.373687	-0.357312	-0.340065	-0.319128	-0.283157	-0.235881	-0.192598	-0.161323	-0.123538	-0.0760388	-0.0458461	-0.0310302	-0.0163646	0.00255073	0.008873	0.00222702	0.00384372	0	
0	0.00925725	0.0102971	-0.00334457	-0.0457845	-0.0962628	-0.13097	-0.116755	-0.0619786	-0.00116819	0.0362532	0.0395653	0.0335813	0.0220456	0.0035948	-0.0363025	-0.0996541	-0.172554	-0.242129	-0.282909	-0.279019	-0.231288	-0.151955	-0.0553322	0.0553196	0.170195	0.257862	0.315847	0.35358	0.387255	0.409455	0.406746	0.3867	0.357959	0.304146	0.229784	0.133591	0.0391502	-0.0387512	-0.0880917	-0.0987051	-0.0731537	-0.0225174	0.0450642	0.0942246	0.119944	0.129944	0.122368	0.0900858	0.0384047	-0.0284648	-0.112095	-0.201886	-0.263809	-0.289038	-0.289052	-0.283441	-0.278488	-0.286945	-0.308217	-0.334338	-0.359622	-0.391505	-0.416213	-0.42439	-0.432693	-0.449956	-0.48056	-0.509968	-0.525587	-0.512595	-0.492215	-0.480527	-0.471705	-0.458416	-0.440282	-0.424101	-0.403193	-0.394134	-0.396918	-0.398535	-0.399368	-0.39325	-0.383503	-0.381352	-0.380275	-0.362997	-0.331194	-0.303356	-0.28919	-0.262422	-0.219051	-0.188142	-0.164565	-0.136497	-0.101467	-0.0731041	-0.0543542	-0.0259931	0	
0	0.0153633	0.0217033	0.00983732	-0.0321546	-0.0842317	-0.116755	-0.0960237	-0.0294068	0.0437515	0.0907287	0.09859	0.0945525	0.082474	0.0631505	0.0177627	-0.0519879	-0.134977	-0.211386	-0.255623	-0.249267	-0.191083	-0.0990445	0.0133575	0.139747	0.266389	0.365237	0.426787	0.464049	0.49566	0.511827	0.500073	0.469164	0.422496	0.349842	0.250612	0.126684	0.00249023	-0.102491	-0.175159	-0.201412	-0.1865	-0.138438	-0.0690547	-0.0173449	0.0159752	0.0378863	0.0456744	0.0285013	-0.002535	-0.0484455	-0.109905	-0.175853	-0.213315	-0.216023	-0.199324	-0.179699	-0.171327	-0.187307	-0.227602	-0.278565	-0.331854	-0.393297	-0.443858	-0.474612	-0.499435	-0.529289	-0.571409	-0.610539	-0.631723	-0.62212	-0.601466	-0.587398	-0.574994	-0.553607	-0.52375	-0.489609	-0.449156	-0.420233	-0.402576	-0.389855	-0.380976	-0.372839	-0.371098	-0.381253	-0.399941	-0.409473	-0.404501	-0.402864	-0.411202	-0.40072	-0.367112	-0.337915	-0.310871	-0.272093	-0.216387	-0.162471	-0.115384	-0.0564495	0	
0	0.028364	0.0462475	0.0433101	0.00833289	-0.0376865	-0.0619786	-0.0294068	0.0512986	0.140005	0.196645	0.211598	0.207365	0.194053	0.169285	0.115806	0.033712	-0.0623925	-0.152298	-0.204538	-0.201136	-0.139876	-0.03885	0.0840281	0.220547	0.358475	0.463403	0.529594	0.56734	0.594639	0.605182	0.586248	0.540532	0.47871	0.386054	0.262378	0.111548	-0.0395073	-0.173637	-0.268943	-0.312087	-0.30537	-0.258509	-0.1833	-0.118074	-0.0720963	-0.0379694	-0.0135789	-0.00630203	-0.0156779	-0.0388807	-0.0769952	-0.121334	-0.140531	-0.12646	-0.0927688	-0.0663902	-0.0607857	-0.0905196	-0.15178	-0.229625	-0.316038	-0.407332	-0.486196	-0.539603	-0.58147	-0.624561	-0.676366	-0.725638	-0.752067	-0.74629	-0.727099	-0.709843	-0.693282	-0.664005	-0.619522	-0.566186	-0.502733	-0.447011	-0.405205	-0.371339	-0.346708	-0.330046	-0.326064	-0.347369	-0.385162	-0.414945	-0.435583	-0.460856	-0.49225	-0.501823	-0.48264	-0.460168	-0.430933	-0.381571	-0.313998	-0.244272	-0.172746	-0.0863003	0	
0	0.0411414	0.0708817	0.0768144	0.0505645	0.0123705	-0.00116819	0.0437515	0.140005	0.242716	0.311669	0.332683	0.329622	0.313628	0.281275	0.217808	0.121163	0.00827322	-0.0960232	-0.16035	-0.162766	-0.10059	0.00431921	0.134554	0.278462	0.418579	0.528447	0.593244	0.627483	0.649719	0.65394	0.625739	0.572438	0.493869	0.382945	0.236003	0.0601232	-0.121064	-0.277907	-0.392366	-0.446442	-0.442911	-0.388293	-0.303629	-0.222364	-0.154537	-0.0947092	-0.045942	-0.0175705	-0.00542953	-0.00858677	-0.0318366	-0.0646944	-0.0751073	-0.0532679	-0.0185147	0.00795788	0.00815861	-0.0316165	-0.109318	-0.2088	-0.316593	-0.430426	-0.528021	-0.600954	-0.657547	-0.71195	-0.775829	-0.834198	-0.867997	-0.866766	-0.847584	-0.827106	-0.804108	-0.766543	-0.710039	-0.639486	-0.558471	-0.482735	-0.418613	-0.366178	-0.325459	-0.295728	-0.284775	-0.300449	-0.339071	-0.38	-0.411495	-0.450104	-0.499217	-0.525277	-0.521444	-0.510407	-0.488982	-0.443683	-0.371932	-0.28905	-0.201939	-0.102145	0	
0	0.0489605	0.0857357	0.0959692	0.0751545	0.0419042	0.0362532	0.0907287	0.196645	0.311669	0.387596	0.415549	0.411746	0.392675	0.354344	0.280998	0.173285	0.0469389	-0.0699478	-0.14342	-0.151471	-0.0914902	0.0157658	0.148506	0.293006	0.433325	0.539954	0.601316	0.629908	0.642156	0.634988	0.598261	0.529778	0.436682	0.309978	0.144611	-0.0501477	-0.247409	-0.42378	-0.550747	-0.610451	-0.602345	-0.535691	-0.428995	-0.318106	-0.22162	-0.137604	-0.0642778	-0.00935761	0.0214939	0.0276289	0.00814016	-0.0249769	-0.0431539	-0.0336514	-0.00689202	0.0128469	0.00506469	-0.0429633	-0.127024	-0.230379	-0.346094	-0.463815	-0.568218	-0.64804	-0.711415	-0.774424	-0.844737	-0.912284	-0.950129	-0.952086	-0.931935	-0.905279	-0.8771	-0.834389	-0.773164	-0.697602	-0.612549	-0.530006	-0.457532	-0.39467	-0.338991	-0.291855	-0.261054	-0.258994	-0.281049	-0.305882	-0.33155	-0.37011	-0.417417	-0.450677	-0.460729	-0.460884	-0.449857	-0.41353	-0.354518	-0.284782	-0.201964	-0.103068	0	
0	0.0494148	0.0855781	0.094136	0.0728718	0.0408007	0.0395653	0.09859	0.211598	0.332683	0.415549	0.447533	0.442547	0.420337	0.372729	0.291155	0.171146	0.0327264	-0.0938697	-0.174711	-0.185301	-0.123704	-0.0130823	0.12442	0.270107	0.405306	0.50584	0.556941	0.572864	0.569545	0.548143	0.498096	0.419643	0.313918	0.174142	-0.00469963	-0.210405	-0.421631	-0.603944	-0.730506	-0.782988	-0.759202	-0.667642	-0.536942	-0.396043	-0.267407	-0.15178	-0.0545972	0.0158971	0.0539584	0.0602287	0.0309763	-0.0196144	-0.0601273	-0.0727678	-0.0667006	-0.0622052	-0.0785381	-0.127431	-0.206347	-0.303111	-0.408704	-0.514417	-0.607725	-0.681126	-0.740482	-0.80102	-0.872421	-0.941028	-0.981017	-0.984289	-0.961674	-0.931751	-0.899223	-0.856909	-0.799029	-0.728064	-0.651832	-0.575834	-0.506212	-0.442793	-0.380377	-0.317974	-0.264506	-0.231964	-0.220055	-0.214918	-0.211378	-0.224774	-0.256523	-0.283059	-0.295161	-0.305006	-0.309719	-0.293224	-0.256453	-0.206063	-0.144235	-0.0749028	0	
0	0.0481499	0.0822222	0.0875017	0.0647632	0.0330496	0.0335813	0.0945525	0.207365	0.329622	0.411746	0.442547	0.431631	0.399063	0.339952	0.244305	0.112457	-0.0388339	-0.173923	-0.260848	-0.272807	-0.210967	-0.0962751	0.0440843	0.190716	0.321091	0.415948	0.459135	0.465681	0.448628	0.412062	0.349575	0.258791	0.140151	-0.00936191	-0.195399	-0.40431	-0.614339	-0.792941	-0.910177	-0.946959	-0.897977	-0.77648	-0.60999	-0.431275	-0.268766	-0.12986	-0.0174587	0.0608661	0.0975984	0.0893175	0.0360068	-0.0405449	-0.112224	-0.156737	-0.176245	-0.185239	-0.208949	-0.257293	-0.327652	-0.410139	-0.499347	-0.584836	-0.659055	-0.714588	-0.757259	-0.803997	-0.862231	-0.921763	-0.955192	-0.956006	-0.931382	-0.900537	-0.870126	-0.834101	-0.787941	-0.730147	-0.669355	-0.607111	-0.545974	-0.486429	-0.419295	-0.342605	-0.267745	-0.204491	-0.154167	-0.109609	-0.0710474	-0.0516779	-0.0502283	-0.0562061	-0.0614	-0.0686523	-0.0802397	-0.0828849	-0.0787941	-0.0699617	-0.051215	-0.0283319	0	
0	0.0445168	0.0747476	0.0749119	0.0508883	0.0185999	0.0220456	0.082474	0.194053	0.313628	0.392675	0.420337	0.399063	0.353796	0.274819	0.161418	0.00933355	-0.158852	-0.308246	-0.404782	-0.421075	-0.359983	-0.242076	-0.0952668	0.0532384	0.184175	0.275015	0.314853	0.316579	0.290566	0.244537	0.177896	0.0816086	-0.0395609	-0.193023	-0.38114	-0.58867	-0.794886	-0.965177	-1.06583	-1.07944	-0.998959	-0.840993	-0.640464	-0.425802	-0.232839	-0.0719504	0.0479932	0.123284	0.144282	0.109661	0.0245862	-0.0862707	-0.191613	-0.268011	-0.308538	-0.3299	-0.357093	-0.399876	-0.45846	-0.526008	-0.599162	-0.661862	-0.712775	-0.743186	-0.759565	-0.780989	-0.814163	-0.853664	-0.876173	-0.873797	-0.85148	-0.828139	-0.806042	-0.783179	-0.75129	-0.706231	-0.658256	-0.603812	-0.548056	-0.490396	-0.420607	-0.336841	-0.247309	-0.161524	-0.080315	0.000411557	0.0749677	0.13215	0.172026	0.193481	0.20316	0.200646	0.181274	0.158851	0.130136	0.0984749	0.0695008	0.033	0	
0	0.0395066	0.0628075	0.0591527	0.0306484	0.000430399	0.0035948	0.0631505	0.169285	0.281275	0.354344	0.372729	0.339952	0.274819	0.174412	0.0364214	-0.136061	-0.325251	-0.488826	-0.597072	-0.619604	-0.561904	-0.442405	-0.293554	-0.139523	-0.0101797	0.0832546	0.126602	0.132785	0.109603	0.0673317	0.00331956	-0.084664	-0.201589	-0.351276	-0.533627	-0.732472	-0.930922	-1.08903	-1.17403	-1.16908	-1.06212	-0.874779	-0.641444	-0.398347	-0.180333	-0.00551813	0.115839	0.177469	0.177752	0.114906	-0.00551357	-0.148179	-0.283953	-0.383889	-0.44186	-0.467506	-0.491723	-0.526211	-0.571019	-0.626143	-0.68203	-0.724703	-0.75232	-0.754513	-0.741112	-0.729892	-0.73158	-0.74407	-0.751138	-0.745448	-0.726982	-0.715585	-0.707245	-0.69926	-0.684565	-0.652478	-0.613013	-0.564821	-0.509037	-0.449582	-0.377875	-0.287235	-0.190701	-0.0906408	0.0144791	0.118097	0.218298	0.306265	0.376122	0.421307	0.446062	0.44976	0.425407	0.384845	0.324594	0.252312	0.176295	0.0867288	0	
0	0.0281592	0.0418622	0.0268666	-0.0053503	-0.0399033	-0.0363025	0.0177627	0.115806	0.217808	0.280998	0.291155	0.244305	0.161418	0.0364214	-0.123308	-0.318917	-0.524674	-0.702922	-0.820429	-0.847311	-0.792228	-0.671035	-0.515064	-0.358263	-0.222351	-0.126051	-0.0749019	-0.0571628	-0.0701011	-0.103771	-0.150168	-0.223573	-0.322905	-0.457279	-0.625068	-0.811065	-0.995595	-1.14236	-1.21675	-1.19873	-1.07531	-0.870625	-0.623117	-0.36298	-0.133264	0.0441642	0.1553	0.203115	0.184279	0.0930781	-0.0543798	-0.220364	-0.374154	-0.493027	-0.558934	-0.584144	-0.602995	-0.625632	-0.65632	-0.693342	-0.73183	-0.751255	-0.753392	-0.726951	-0.681801	-0.641213	-0.611238	-0.597048	-0.590443	-0.579446	-0.565493	-0.565348	-0.568082	-0.575263	-0.575896	-0.556752	-0.527658	-0.48368	-0.430446	-0.370772	-0.295736	-0.204558	-0.106347	-0.000660684	0.114436	0.232942	0.344198	0.445718	0.538678	0.598267	0.62658	0.633828	0.606664	0.551221	0.467231	0.365965	0.255452	0.126417	0	
0	0.0127537	0.00937544	-0.016303	-0.0602612	-0.0971344	-0.0996541	-0.0519879	0.033712	0.121163	0.173285	0.171146	0.112457	0.00933355	-0.136061	-0.318917	-0.530233	-0.749961	-0.934915	-1.05459	-1.08042	-1.02111	-0.891781	-0.728115	-0.558508	-0.417006	-0.313158	-0.250268	-0.219988	-0.21918	-0.236139	-0.266789	-0.316187	-0.39199	-0.506587	-0.653524	-0.819367	-0.988914	-1.12373	-1.1877	-1.16467	-1.03673	-0.83148	-0.582201	-0.329744	-0.107945	0.0607833	0.160421	0.188	0.15001	0.0452206	-0.115266	-0.28937	-0.449942	-0.571258	-0.639851	-0.66336	-0.674063	-0.684173	-0.695901	-0.71543	-0.730082	-0.723704	-0.699717	-0.645148	-0.576797	-0.513281	-0.461355	-0.4275	-0.408553	-0.392279	-0.376723	-0.379615	-0.386895	-0.400221	-0.414033	-0.410526	-0.393816	-0.363938	-0.319267	-0.26365	-0.194745	-0.105949	-0.0122783	0.0893723	0.205403	0.31916	0.426183	0.529784	0.623529	0.68735	0.722934	0.730774	0.701079	0.642996	0.551777	0.436596	0.306356	0.153606	0	
0	-0.00682395	-0.0272835	-0.0691389	-0.121723	-0.166094	-0.172554	-0.134977	-0.0623925	0.00827322	0.0469389	0.0327264	-0.0388339	-0.158852	-0.325251	-0.524674	-0.749961	-0.974056	-1.15895	-1.27254	-1.2883	-1.2175	-1.07589	-0.894996	-0.712571	-0.557243	-0.442645	-0.36711	-0.319568	-0.302004	-0.305165	-0.316504	-0.345641	-0.400686	-0.493945	-0.620437	-0.766971	-0.918692	-1.03922	-1.09869	-1.07624	-0.955024	-0.760589	-0.529813	-0.294934	-0.0899964	0.0578127	0.131588	0.140877	0.0955976	-0.0156292	-0.175262	-0.342412	-0.491884	-0.608443	-0.671206	-0.685633	-0.685723	-0.680894	-0.674761	-0.671243	-0.661436	-0.631257	-0.584329	-0.510818	-0.427727	-0.354997	-0.292906	-0.247155	-0.221615	-0.197881	-0.176829	-0.175966	-0.177208	-0.190002	-0.210912	-0.220456	-0.221103	-0.208752	-0.18155	-0.140807	-0.08158	-0.00572879	0.0719138	0.159258	0.260582	0.35843	0.44433	0.529445	0.617425	0.678106	0.712167	0.731843	0.718515	0.667593	0.580369	0.46632	0.328091	0.164107	0	
0	-0.0264538	-0.0651278	-0.120208	-0.18245	-0.230584	-0.242129	-0.211386	-0.152298	-0.0960232	-0.0699478	-0.0938697	-0.173923	-0.308246	-0.488826	-0.702922	-0.934915	-1.15895	-1.33821	-1.43898	-1.44043	-1.353	-1.19216	-0.992575	-0.788443	-0.616019	-0.487768	-0.395936	-0.33299	-0.299873	-0.288378	-0.285783	-0.296266	-0.330787	-0.40656	-0.515719	-0.648034	-0.788541	-0.90487	-0.965748	-0.950427	-0.842755	-0.668621	-0.459091	-0.252771	-0.0776132	0.047748	0.106311	0.101784	0.0471873	-0.0616249	-0.211748	-0.364824	-0.49794	-0.597025	-0.646132	-0.648055	-0.630863	-0.604368	-0.574722	-0.550131	-0.520185	-0.473869	-0.414755	-0.334138	-0.249868	-0.179081	-0.115651	-0.0663683	-0.0373331	-0.00934014	0.0146754	0.0217138	0.0270957	0.0211171	0.000752668	-0.0171283	-0.027916	-0.0331468	-0.0257647	-0.00392978	0.0312803	0.0817028	0.132236	0.190555	0.264198	0.332367	0.390429	0.454566	0.526641	0.583586	0.623417	0.648941	0.647285	0.616539	0.551096	0.451554	0.321509	0.164057	0	
0	-0.0424542	-0.094933	-0.15821	-0.22443	-0.271875	-0.282909	-0.255623	-0.204538	-0.16035	-0.14342	-0.174711	-0.260848	-0.404782	-0.597072	-0.820429	-1.05459	-1.27254	-1.43898	-1.52126	-1.50352	-1.39475	-1.21555	-0.995419	-0.772337	-0.583642	-0.441489	-0.335639	-0.255942	-0.205252	-0.178598	-0.161958	-0.156567	-0.176776	-0.23996	-0.340116	-0.465007	-0.602166	-0.720853	-0.792353	-0.796507	-0.716721	-0.571304	-0.391758	-0.213264	-0.0550432	0.0577157	0.10332	0.0913089	0.0393418	-0.0623661	-0.20111	-0.339529	-0.455229	-0.538537	-0.569899	-0.550188	-0.506583	-0.454022	-0.399889	-0.355246	-0.312822	-0.264318	-0.209648	-0.137641	-0.0658477	-0.00608432	0.0506809	0.0985515	0.128633	0.156433	0.180096	0.189102	0.2006	0.204298	0.190058	0.173819	0.15889	0.14116	0.127957	0.122685	0.128006	0.142388	0.152901	0.174848	0.218027	0.258663	0.289053	0.328836	0.382551	0.428419	0.465845	0.499294	0.512042	0.496643	0.452772	0.378201	0.270382	0.137508	0	
0	-0.0515556	-0.108505	-0.173666	-0.234009	-0.275462	-0.279019	-0.249267	-0.201136	-0.162766	-0.151471	-0.185301	-0.272807	-0.421075	-0.619604	-0.847311	-1.08042	-1.2883	-1.44043	-1.50352	-1.46636	-1.33846	-1.14166	-0.903221	-0.662258	-0.457412	-0.302005	-0.18468	-0.0915598	-0.0267679	0.0116121	0.0390073	0.0585361	0.0508868	0.00044144	-0.0926567	-0.21709	-0.361169	-0.494245	-0.593201	-0.627879	-0.58421	-0.472709	-0.324026	-0.167683	-0.025583	0.0825161	0.13491	0.133773	0.0912571	-0.00023316	-0.128019	-0.257173	-0.359781	-0.425756	-0.441409	-0.403447	-0.336269	-0.25534	-0.178411	-0.119483	-0.0736533	-0.0344487	0.00702503	0.0577767	0.108904	0.149701	0.193281	0.234889	0.261209	0.285725	0.302856	0.310328	0.32457	0.336234	0.332569	0.322603	0.309132	0.285009	0.255716	0.22517	0.196855	0.170997	0.141303	0.126542	0.135828	0.148733	0.159266	0.180781	0.21716	0.251834	0.278114	0.301487	0.314385	0.310363	0.289934	0.246532	0.17577	0.0888648	0	
0	-0.0531971	-0.108581	-0.165426	-0.214286	-0.240398	-0.231288	-0.191083	-0.139876	-0.10059	-0.0914902	-0.123704	-0.210967	-0.359983	-0.561904	-0.792228	-1.02111	-1.2175	-1.353	-1.39475	-1.33846	-1.19164	-0.979321	-0.72786	-0.473288	-0.257106	-0.0938864	0.0321335	0.13508	0.212592	0.264093	0.302681	0.332275	0.335748	0.29141	0.197528	0.0657364	-0.0912676	-0.250133	-0.38001	-0.454268	-0.456606	-0.386901	-0.269774	-0.134017	0.00327886	0.122128	0.190556	0.207024	0.178509	0.104292	-0.00717916	-0.121573	-0.211834	-0.267092	-0.270274	-0.219428	-0.134763	-0.0393952	0.0492031	0.11572	0.15866	0.187271	0.210272	0.237952	0.262818	0.277996	0.3007	0.325189	0.344721	0.361799	0.371883	0.379758	0.395859	0.415556	0.421069	0.416101	0.403586	0.373688	0.330466	0.281165	0.229474	0.173186	0.110751	0.0639915	0.0478317	0.041327	0.0312329	0.0305205	0.0434008	0.0583007	0.0703352	0.0793291	0.0817748	0.0825911	0.0839901	0.0746867	0.0518321	0.0250991	0	
0	-0.0497597	-0.0964975	-0.140881	-0.170828	-0.179393	-0.151955	-0.0990445	-0.03885	0.00431921	0.0157658	-0.0130823	-0.0962751	-0.242076	-0.442405	-0.671035	-0.891781	-1.07589	-1.19216	-1.21555	-1.14166	-0.979321	-0.757483	-0.495886	-0.232481	-0.00872295	0.163565	0.293912	0.404856	0.493204	0.554424	0.600376	0.639065	0.646496	0.606709	0.507717	0.363073	0.18174	-0.00809416	-0.180117	-0.300351	-0.34913	-0.316082	-0.227398	-0.105267	0.0330159	0.160976	0.24879	0.2871	0.281257	0.22778	0.135678	0.0368004	-0.0373502	-0.0750636	-0.0711447	-0.0200257	0.0612971	0.15544	0.241511	0.304155	0.341108	0.359476	0.372082	0.381494	0.383737	0.375243	0.371782	0.376273	0.385444	0.393489	0.398002	0.404158	0.420441	0.442466	0.449373	0.44397	0.42545	0.390801	0.344361	0.287895	0.229335	0.16284	0.0848412	0.0183022	-0.024785	-0.0583729	-0.0889017	-0.11299	-0.127169	-0.134729	-0.143283	-0.151264	-0.156891	-0.15361	-0.135146	-0.110233	-0.0836579	-0.0479599	0	
0	-0.0425365	-0.0774023	-0.104762	-0.113784	-0.101554	-0.0553322	0.0133575	0.0840281	0.134554	0.148506	0.12442	0.0440843	-0.0952668	-0.293554	-0.515064	-0.728115	-0.894996	-0.992575	-0.995419	-0.903221	-0.72786	-0.495886	-0.228794	0.0390504	0.268941	0.444123	0.577667	0.693403	0.788706	0.859842	0.913492	0.955156	0.965178	0.92196	0.810041	0.643128	0.432141	0.203622	-0.0105403	-0.173496	-0.264431	-0.265604	-0.201006	-0.0849264	0.0532517	0.193875	0.301722	0.364165	0.373361	0.339787	0.271922	0.198235	0.144284	0.117329	0.123135	0.164195	0.230664	0.305716	0.374114	0.424648	0.450326	0.461343	0.466737	0.464718	0.453699	0.428602	0.406891	0.3955	0.396844	0.398345	0.394436	0.396011	0.406533	0.421343	0.425794	0.414969	0.388876	0.352638	0.306319	0.256488	0.206625	0.142716	0.0635459	-0.0145821	-0.0773123	-0.13235	-0.19039	-0.246516	-0.289112	-0.317978	-0.343464	-0.36776	-0.383431	-0.374527	-0.337918	-0.281395	-0.206212	-0.112249	0	
0	-0.0311933	-0.0502887	-0.0573149	-0.0432489	-0.00945851	0.0553196	0.139747	0.220547	0.278462	0.293006	0.270107	0.190716	0.0532384	-0.139523	-0.358263	-0.558508	-0.712571	-0.788443	-0.772337	-0.662258	-0.473288	-0.232481	0.0390504	0.311718	0.544457	0.724969	0.860382	0.978145	1.07958	1.15589	1.21302	1.25292	1.2562	1.20242	1.07176	0.877021	0.633438	0.365591	0.114141	-0.0879991	-0.212148	-0.239697	-0.188616	-0.0793667	0.0646254	0.215933	0.341443	0.421248	0.452396	0.443852	0.400157	0.347895	0.308096	0.290309	0.290759	0.314423	0.353967	0.402752	0.448518	0.481009	0.490399	0.490053	0.486147	0.476371	0.459271	0.430717	0.404913	0.38921	0.392519	0.388022	0.37427	0.363354	0.358116	0.362363	0.359973	0.347426	0.320522	0.286966	0.249465	0.207716	0.168584	0.117345	0.0431872	-0.0397131	-0.117677	-0.194061	-0.274151	-0.357631	-0.430835	-0.485049	-0.524612	-0.554831	-0.572823	-0.555294	-0.500432	-0.417864	-0.303509	-0.162471	0	
0	-0.0168836	-0.018468	-0.0030872	0.0337005	0.0878796	0.170195	0.266389	0.358475	0.418579	0.433325	0.405306	0.321091	0.184175	-0.0101797	-0.222351	-0.417006	-0.557243	-0.616019	-0.583642	-0.457412	-0.257106	-0.00872295	0.268941	0.544457	0.784302	0.971343	1.1115	1.23339	1.33687	1.41708	1.47195	1.50182	1.49028	1.41622	1.25856	1.0343	0.754235	0.454122	0.172367	-0.0568551	-0.20187	-0.244019	-0.206133	-0.0958884	0.0524424	0.211702	0.355063	0.462227	0.518314	0.532114	0.5124	0.479263	0.449276	0.429255	0.418325	0.418912	0.431879	0.454627	0.47941	0.492019	0.483311	0.467863	0.451748	0.434197	0.414988	0.3923	0.370742	0.362991	0.371017	0.364197	0.340266	0.309593	0.287207	0.275327	0.270085	0.262948	0.240114	0.218165	0.191315	0.159422	0.129597	0.0855778	0.0192726	-0.0638694	-0.151314	-0.241097	-0.341131	-0.450816	-0.548891	-0.622543	-0.675416	-0.709862	-0.718315	-0.68336	-0.611031	-0.501834	-0.357383	-0.19277	0	
0	-0.00617113	0.00656271	0.0391783	0.0940813	0.16409	0.257862	0.365237	0.463403	0.528447	0.539954	0.50584	0.415948	0.275015	0.0832546	-0.126051	-0.313158	-0.442645	-0.487768	-0.441489	-0.302005	-0.0938864	0.163565	0.444123	0.724969	0.971343	1.167	1.31524	1.44093	1.54789	1.62804	1.67871	1.69301	1.65799	1.55501	1.36667	1.10581	0.795475	0.467223	0.164709	-0.0794801	-0.233351	-0.287741	-0.253451	-0.143505	0.00839966	0.180882	0.347026	0.479425	0.562101	0.600801	0.598871	0.578427	0.549454	0.521254	0.49423	0.476273	0.465793	0.466852	0.473031	0.471236	0.449685	0.424475	0.400584	0.378491	0.361742	0.342211	0.326044	0.32212	0.332162	0.324715	0.291807	0.247955	0.208982	0.18485	0.177177	0.174273	0.161847	0.149863	0.133957	0.111997	0.0887905	0.0527918	-0.00939868	-0.0916866	-0.181322	-0.278416	-0.390439	-0.517559	-0.634269	-0.726095	-0.788425	-0.818853	-0.816904	-0.762333	-0.665695	-0.537638	-0.375046	-0.195861	0	
0	0.00206909	0.0243412	0.0703738	0.13638	0.215983	0.315847	0.426787	0.529594	0.593244	0.601316	0.556941	0.459135	0.314853	0.126602	-0.0749019	-0.250268	-0.36711	-0.395936	-0.335639	-0.18468	0.0321335	0.293912	0.577667	0.860382	1.1115	1.31524	1.47144	1.60101	1.70765	1.78529	1.82664	1.82051	1.75882	1.62373	1.40311	1.11443	0.776891	0.428678	0.115599	-0.138908	-0.299058	-0.358553	-0.328196	-0.218019	-0.0531699	0.135704	0.324517	0.485455	0.597255	0.652361	0.660874	0.642768	0.607111	0.568036	0.531246	0.496311	0.463423	0.443842	0.43729	0.425424	0.39912	0.375094	0.352873	0.336278	0.321078	0.301724	0.281543	0.274079	0.281199	0.274243	0.245033	0.196855	0.152598	0.121356	0.106977	0.102144	0.0890507	0.0805692	0.0714827	0.0551439	0.0374867	0.010096	-0.0442391	-0.125097	-0.215605	-0.311944	-0.425683	-0.556533	-0.67946	-0.780491	-0.847602	-0.874137	-0.85917	-0.790111	-0.682368	-0.540364	-0.369338	-0.193239	0	
0	0.00966851	0.040283	0.0956198	0.168755	0.252557	0.35358	0.464049	0.56734	0.627483	0.629908	0.572864	0.465681	0.316579	0.132785	-0.0571628	-0.219988	-0.319568	-0.33299	-0.255942	-0.0915598	0.13508	0.404856	0.693403	0.978145	1.23339	1.44093	1.60101	1.72784	1.82586	1.89165	1.91639	1.88773	1.79709	1.63334	1.39022	1.08212	0.730178	0.376339	0.0555444	-0.20254	-0.365088	-0.43226	-0.406464	-0.291048	-0.114843	0.0941318	0.311088	0.500731	0.635838	0.699921	0.707359	0.684294	0.643134	0.593052	0.540434	0.489021	0.438659	0.402303	0.382824	0.365731	0.346638	0.333095	0.321767	0.312343	0.299332	0.273663	0.24345	0.22783	0.226286	0.224615	0.205474	0.164905	0.125568	0.0929673	0.0741796	0.0619643	0.0419554	0.0245761	0.0105543	-0.00511111	-0.0226901	-0.0483133	-0.0997533	-0.174829	-0.259291	-0.352469	-0.458975	-0.575843	-0.683707	-0.776526	-0.842753	-0.865271	-0.843122	-0.772192	-0.663115	-0.519742	-0.351223	-0.180621	0	
0	0.0201202	0.0607939	0.12461	0.202888	0.288819	0.387255	0.49566	0.594639	0.649719	0.642156	0.569545	0.448628	0.290566	0.109603	-0.0701011	-0.21918	-0.302004	-0.299873	-0.205252	-0.0267679	0.212592	0.493204	0.788706	1.07958	1.33687	1.54789	1.70765	1.82586	1.90677	1.9501	1.94899	1.89275	1.77242	1.58436	1.32675	1.01301	0.662423	0.31282	-0.00332244	-0.257367	-0.422492	-0.493637	-0.469242	-0.352136	-0.162788	0.0699939	0.307895	0.518731	0.671658	0.744136	0.753218	0.728577	0.67815	0.614503	0.551182	0.487045	0.41726	0.363679	0.338019	0.32547	0.317778	0.315401	0.312189	0.305883	0.289958	0.252906	0.21338	0.188833	0.180083	0.184062	0.17592	0.147558	0.117385	0.0917307	0.0731941	0.0559126	0.0304082	-0.000877002	-0.0314395	-0.0612885	-0.0877844	-0.114929	-0.166414	-0.239978	-0.317148	-0.39806	-0.490271	-0.586633	-0.6686	-0.738745	-0.787092	-0.794224	-0.764969	-0.699423	-0.599533	-0.468614	-0.316543	-0.1612	0	
0	0.0313678	0.081618	0.150838	0.23168	0.314875	0.409455	0.511827	0.605182	0.65394	0.634988	0.548143	0.412062	0.244537	0.0673317	-0.103771	-0.236139	-0.305165	-0.288378	-0.178598	0.0116121	0.264093	0.554424	0.859842	1.15589	1.41708	1.62804	1.78529	1.89165	1.9501	1.96405	1.93367	1.84694	1.69991	1.49214	1.22693	0.916959	0.577121	0.240156	-0.0642946	-0.309384	-0.468076	-0.534507	-0.505448	-0.383584	-0.182434	0.0599365	0.307727	0.530135	0.697371	0.777635	0.790549	0.765393	0.716285	0.649724	0.5752	0.494985	0.412592	0.353052	0.325899	0.318607	0.321347	0.328531	0.327615	0.319978	0.297102	0.250874	0.20558	0.17388	0.160267	0.164747	0.16397	0.142704	0.117922	0.100542	0.0842682	0.0680477	0.0399497	-0.00373881	-0.0500306	-0.0984391	-0.14232	-0.180557	-0.23303	-0.299877	-0.370308	-0.446012	-0.525821	-0.594749	-0.64323	-0.681486	-0.700533	-0.681803	-0.635613	-0.572615	-0.489303	-0.382027	-0.259123	-0.132124	0	
0	0.0410641	0.0970186	0.167818	0.244236	0.321061	0.406746	0.500073	0.586248	0.625739	0.598261	0.498096	0.349575	0.177896	0.00331956	-0.150168	-0.266789	-0.316504	-0.285783	-0.161958	0.0390073	0.302681	0.600376	0.913492	1.21302	1.47195	1.67871	1.82664	1.91639	1.94899	1.93367	1.87217	1.76557	1.59993	1.38245	1.1177	0.816865	0.486901	0.165733	-0.127852	-0.357078	-0.503267	-0.553112	-0.5148	-0.384561	-0.180747	0.0662705	0.312164	0.534925	0.703772	0.790926	0.81015	0.791311	0.747242	0.67902	0.601623	0.521512	0.440086	0.376126	0.346317	0.340778	0.349699	0.357877	0.358847	0.351202	0.327507	0.279544	0.231467	0.196824	0.176341	0.178918	0.178904	0.159093	0.135076	0.115288	0.0967878	0.0799501	0.0526536	0.00461151	-0.0545977	-0.116735	-0.173924	-0.227936	-0.292314	-0.359192	-0.419924	-0.485147	-0.549168	-0.591232	-0.604277	-0.601265	-0.584347	-0.537511	-0.474555	-0.417594	-0.353871	-0.273794	-0.187657	-0.0975519	0	
0	0.0501544	0.112083	0.178828	0.248948	0.313604	0.3867	0.469164	0.540532	0.572438	0.529778	0.419643	0.258791	0.0816086	-0.084664	-0.223573	-0.316187	-0.345641	-0.296266	-0.156567	0.0585361	0.332275	0.639065	0.955156	1.25292	1.50182	1.69301	1.82051	1.88773	1.89275	1.84694	1.76557	1.64597	1.47573	1.26208	1.00544	0.715684	0.405231	0.0960907	-0.182422	-0.394379	-0.524448	-0.558645	-0.506406	-0.372603	-0.169487	0.0731873	0.312228	0.531503	0.70104	0.794042	0.815519	0.797767	0.756461	0.698337	0.63301	0.565813	0.492196	0.431718	0.396651	0.384734	0.384634	0.389548	0.392621	0.389666	0.372912	0.32896	0.285946	0.247386	0.225276	0.223973	0.221803	0.204492	0.17483	0.148902	0.119712	0.0947958	0.0666142	0.0184644	-0.0442798	-0.118217	-0.191218	-0.263541	-0.342507	-0.414276	-0.469521	-0.515936	-0.550886	-0.555788	-0.527178	-0.488351	-0.442352	-0.374356	-0.30642	-0.256202	-0.21047	-0.165063	-0.116497	-0.0596766	0	
0	0.0614279	0.127943	0.191055	0.250244	0.29985	0.357959	0.422496	0.47871	0.493869	0.436682	0.313918	0.140151	-0.0395609	-0.201589	-0.322905	-0.39199	-0.400686	-0.330787	-0.176776	0.0508868	0.335748	0.646496	0.965178	1.2562	1.49028	1.65799	1.75882	1.79709	1.77242	1.69991	1.59993	1.47573	1.31438	1.11275	0.872461	0.605425	0.314436	0.0251535	-0.229717	-0.422895	-0.535915	-0.55291	-0.497496	-0.369695	-0.175626	0.0581622	0.293113	0.511209	0.682768	0.782879	0.80856	0.789958	0.756115	0.71268	0.664491	0.614112	0.55781	0.501837	0.457889	0.432208	0.420518	0.420797	0.424332	0.427735	0.418296	0.387695	0.35196	0.317182	0.297905	0.291091	0.286573	0.265784	0.231376	0.194535	0.154156	0.12318	0.0884819	0.0406274	-0.0241758	-0.104178	-0.189502	-0.284313	-0.380487	-0.456596	-0.502607	-0.528066	-0.527707	-0.487771	-0.420777	-0.348921	-0.278495	-0.205806	-0.142866	-0.10177	-0.0752478	-0.0527547	-0.0361298	-0.0231478	0	
0	0.0696212	0.136505	0.19223	0.234537	0.266544	0.304146	0.349842	0.386054	0.382945	0.309978	0.174142	-0.00936191	-0.193023	-0.351276	-0.457279	-0.506587	-0.493945	-0.40656	-0.23996	0.00044144	0.29141	0.606709	0.92196	1.20242	1.41622	1.55501	1.62373	1.63334	1.58436	1.49214	1.38245	1.26208	1.11275	0.928218	0.707405	0.460228	0.196903	-0.0629902	-0.288928	-0.456356	-0.547685	-0.55847	-0.507616	-0.392942	-0.219966	-0.00364099	0.225064	0.443346	0.619059	0.730611	0.765328	0.759941	0.741579	0.716943	0.687376	0.65577	0.610988	0.554431	0.505361	0.474066	0.457741	0.455816	0.461821	0.468049	0.464509	0.444624	0.416865	0.388715	0.373195	0.36176	0.349445	0.326323	0.290143	0.247186	0.202961	0.166684	0.126533	0.0740073	-0.00041315	-0.0906406	-0.184366	-0.286655	-0.389364	-0.463519	-0.49494	-0.49634	-0.465861	-0.395389	-0.29771	-0.203108	-0.123903	-0.0513572	0.00602199	0.0441491	0.0645354	0.0670951	0.0536753	0.0262086	0	
0	0.0750978	0.141173	0.184153	0.207854	0.215685	0.229784	0.250612	0.262378	0.236003	0.144611	-0.00469963	-0.195399	-0.38114	-0.533627	-0.625068	-0.653524	-0.620437	-0.515719	-0.340116	-0.0926567	0.197528	0.507717	0.810041	1.07176	1.25856	1.36667	1.40311	1.39022	1.32675	1.22693	1.1177	1.00544	0.872461	0.707405	0.503465	0.280529	0.0464574	-0.181472	-0.371875	-0.511739	-0.587635	-0.594833	-0.552446	-0.457759	-0.307742	-0.110121	0.108404	0.317705	0.493175	0.617431	0.677013	0.697615	0.703523	0.705473	0.695907	0.672664	0.626588	0.570003	0.519011	0.485138	0.468229	0.472622	0.488078	0.500161	0.503727	0.492955	0.470526	0.447297	0.435135	0.421546	0.406376	0.384623	0.352204	0.307474	0.259461	0.214242	0.15889	0.0955809	0.0129547	-0.0839915	-0.177741	-0.270661	-0.355192	-0.410591	-0.426711	-0.409201	-0.361306	-0.281859	-0.176693	-0.0708533	0.020767	0.0924727	0.140751	0.179332	0.195963	0.182549	0.142506	0.0727192	0	
0	0.0769424	0.137007	0.165552	0.165456	0.146916	0.133591	0.126684	0.111548	0.0601232	-0.0501477	-0.210405	-0.40431	-0.58867	-0.732472	-0.811065	-0.819367	-0.766971	-0.648034	-0.465007	-0.21709	0.0657364	0.363073	0.643128	0.877021	1.0343	1.10581	1.11443	1.08212	1.01301	0.916959	0.816865	0.715684	0.605425	0.460228	0.280529	0.0844831	-0.118137	-0.313349	-0.473566	-0.59816	-0.663506	-0.675451	-0.642137	-0.561337	-0.431856	-0.259703	-0.0596311	0.136968	0.313114	0.4515	0.536831	0.588153	0.626101	0.652294	0.657879	0.641447	0.600765	0.543405	0.487636	0.450226	0.435266	0.451639	0.480822	0.50956	0.526525	0.524107	0.502465	0.477554	0.46508	0.452573	0.44267	0.431327	0.408716	0.364344	0.309574	0.249425	0.177185	0.101176	0.0138137	-0.0772427	-0.159598	-0.23211	-0.28992	-0.318571	-0.308959	-0.274158	-0.220404	-0.141596	-0.0412	0.0612972	0.154688	0.224551	0.267429	0.300179	0.302474	0.267804	0.202777	0.102794	0	
0	0.0789239	0.13296	0.149268	0.125082	0.0814558	0.0391502	0.00249023	-0.0395073	-0.121064	-0.247409	-0.421631	-0.614339	-0.794886	-0.930922	-0.995595	-0.988914	-0.918692	-0.788541	-0.602166	-0.361169	-0.0912676	0.18174	0.432141	0.633438	0.754235	0.795475	0.776891	0.730178	0.662423	0.577121	0.486901	0.405231	0.314436	0.196903	0.0464574	-0.118137	-0.292535	-0.455085	-0.596991	-0.709654	-0.774258	-0.794411	-0.773642	-0.709915	-0.603847	-0.453296	-0.2693	-0.0816363	0.0985809	0.249907	0.362221	0.444233	0.502699	0.54362	0.565609	0.564315	0.530209	0.474992	0.420718	0.377436	0.360519	0.380118	0.424533	0.471416	0.504304	0.511376	0.49144	0.469839	0.456105	0.449399	0.44848	0.44725	0.436917	0.396373	0.334903	0.260538	0.175821	0.0938088	0.0120534	-0.0679711	-0.132866	-0.17643	-0.205724	-0.205868	-0.167543	-0.108279	-0.0430507	0.0250447	0.110116	0.204298	0.286784	0.344304	0.375013	0.391313	0.376259	0.321848	0.234807	0.117809	0	
0	0.0810312	0.134678	0.137988	0.098332	0.0290344	-0.0387512	-0.102491	-0.173637	-0.277907	-0.42378	-0.603944	-0.792941	-0.965177	-1.08903	-1.14236	-1.12373	-1.03922	-0.90487	-0.720853	-0.494245	-0.250133	-0.00809416	0.203622	0.365591	0.454122	0.467223	0.428678	0.376339	0.31282	0.240156	0.165733	0.0960907	0.0251535	-0.0629902	-0.181472	-0.313349	-0.455085	-0.592972	-0.723549	-0.831699	-0.903395	-0.936868	-0.929791	-0.881413	-0.7979	-0.671285	-0.506847	-0.321935	-0.131714	0.0368827	0.17323	0.273319	0.341921	0.391883	0.42601	0.436101	0.41236	0.369785	0.318992	0.273255	0.252183	0.272345	0.319811	0.373638	0.419273	0.434671	0.430609	0.421346	0.414098	0.414352	0.413978	0.412876	0.404942	0.373009	0.315421	0.238696	0.152753	0.0712918	0.00046351	-0.061075	-0.102754	-0.116466	-0.11036	-0.0783947	-0.0134016	0.0729126	0.150072	0.208609	0.27331	0.342614	0.405049	0.448709	0.463717	0.460452	0.423568	0.344392	0.240363	0.120597	0	
0	0.0861932	0.140911	0.140146	0.0882527	0.0013808	-0.0880917	-0.175159	-0.268943	-0.392366	-0.550747	-0.730506	-0.910177	-1.06583	-1.17403	-1.21675	-1.1877	-1.09869	-0.965748	-0.792353	-0.593201	-0.38001	-0.180117	-0.0105403	0.114141	0.172367	0.164709	0.115599	0.0555444	-0.00332244	-0.0642946	-0.127852	-0.182422	-0.229717	-0.288928	-0.371875	-0.473566	-0.596991	-0.723549	-0.849821	-0.957834	-1.03529	-1.07469	-1.08122	-1.0562	-0.998793	-0.8931	-0.743636	-0.557549	-0.355226	-0.173845	-0.0259076	0.0846931	0.164599	0.220535	0.261454	0.280482	0.267945	0.233987	0.19061	0.14975	0.128072	0.140414	0.176694	0.229191	0.278303	0.303368	0.319785	0.330313	0.334322	0.336875	0.331366	0.317123	0.303662	0.281773	0.235518	0.172556	0.100258	0.02765	-0.0291289	-0.0679555	-0.079054	-0.0554585	-0.0135344	0.0492811	0.141053	0.242554	0.327276	0.386882	0.435162	0.479536	0.514425	0.530469	0.52289	0.494688	0.438676	0.350196	0.23847	0.117408	0	
0	0.0946008	0.155504	0.158257	0.102256	0.00661256	-0.0987051	-0.201412	-0.312087	-0.446442	-0.610451	-0.782988	-0.946959	-1.07944	-1.16908	-1.19873	-1.16467	-1.07624	-0.950427	-0.796507	-0.627879	-0.454268	-0.300351	-0.173496	-0.0879991	-0.0568551	-0.0794801	-0.138908	-0.20254	-0.257367	-0.309384	-0.357078	-0.394379	-0.422895	-0.456356	-0.511739	-0.59816	-0.709654	-0.831699	-0.957834	-1.06726	-1.14913	-1.20071	-1.22642	-1.22017	-1.17709	-1.08551	-0.948574	-0.760757	-0.558249	-0.376559	-0.225057	-0.101008	-0.0100183	0.0520936	0.100076	0.127305	0.123262	0.0971969	0.0629564	0.0237996	-0.00563073	-0.00835099	0.0137327	0.0617497	0.111468	0.142431	0.172296	0.193559	0.203144	0.207071	0.19768	0.172545	0.15238	0.137095	0.100739	0.0525124	-0.000545062	-0.0530731	-0.0866226	-0.0978275	-0.0724642	-0.00797166	0.0711164	0.163607	0.274886	0.387655	0.474739	0.528619	0.570532	0.598372	0.600269	0.587547	0.554557	0.496138	0.424339	0.335495	0.228207	0.114733	0	
0	0.10509	0.177459	0.188821	0.138332	0.0396857	-0.0731537	-0.1865	-0.30537	-0.442911	-0.602345	-0.759202	-0.897977	-0.998959	-1.06212	-1.07531	-1.03673	-0.955024	-0.842755	-0.716721	-0.58421	-0.456606	-0.34913	-0.264431	-0.212148	-0.20187	-0.233351	-0.299058	-0.365088	-0.422492	-0.468076	-0.503267	-0.524448	-0.535915	-0.547685	-0.587635	-0.663506	-0.774258	-0.903395	-1.03529	-1.14913	-1.24127	-1.30244	-1.33934	-1.34592	-1.31142	-1.22745	-1.09725	-0.921627	-0.729971	-0.550213	-0.397003	-0.26954	-0.170423	-0.0962262	-0.0415262	-0.00479083	0.00186325	-0.0143986	-0.0484949	-0.0966002	-0.139927	-0.160672	-0.149548	-0.102875	-0.0500994	-0.0152403	0.0133809	0.030574	0.0365073	0.0380916	0.0286387	-0.0035196	-0.0304936	-0.0494051	-0.0854114	-0.123528	-0.159274	-0.181915	-0.177649	-0.145591	-0.0762494	0.0219739	0.130258	0.244179	0.362669	0.475709	0.565089	0.622444	0.65758	0.670776	0.657021	0.618325	0.552494	0.469056	0.382912	0.295301	0.201877	0.101794	0	
0	0.115288	0.200361	0.224851	0.185732	0.0914888	-0.0225174	-0.138438	-0.258509	-0.388293	-0.535691	-0.667642	-0.77648	-0.840993	-0.874779	-0.870625	-0.83148	-0.760589	-0.668621	-0.571304	-0.472709	-0.386901	-0.316082	-0.265604	-0.239697	-0.244019	-0.287741	-0.358553	-0.43226	-0.493637	-0.534507	-0.553112	-0.558645	-0.55291	-0.55847	-0.594833	-0.675451	-0.794411	-0.936868	-1.07469	-1.20071	-1.30244	-1.37241	-1.41927	-1.43059	-1.39542	-1.31437	-1.19809	-1.0399	-0.861091	-0.68785	-0.542613	-0.413337	-0.299597	-0.214359	-0.149457	-0.0986517	-0.0768367	-0.0889445	-0.1295	-0.186959	-0.247257	-0.283633	-0.283314	-0.240777	-0.190806	-0.160982	-0.142787	-0.138778	-0.141673	-0.147067	-0.162758	-0.199585	-0.232824	-0.259517	-0.293688	-0.32468	-0.343494	-0.335032	-0.295112	-0.218233	-0.107034	0.0187576	0.143053	0.264621	0.389239	0.500641	0.587225	0.653979	0.690938	0.685979	0.652176	0.596351	0.510159	0.409095	0.315783	0.238094	0.164483	0.0818689	0	
