0	0	0	0	0	0	0	0	0	0	0	0	0	0	0	0	0	0	0	0	0	0	0	0	0	0	0	0	0	0	0	0	0	0	0	0	0	0	0	0	0	0	0	0	0	0	0	0	0	0	0	0	0	0	0	0	0	0	0	0	0	0	0	0	0	0	0	0	0	0	0	0	0	0	0	0	0	0	0	0	0	0	0	0	0	0	0	0	0	0	0	0	0	0	0	0	0	0	0	0	
0	0.0027315	0.00277997	0.00231373	0.00271869	0.00581162	0.00731566	0.00630029	0.00397009	0.00110578	-0.000172227	-0.00198627	-0.000248253	0.00343421	0.00684458	0.00782402	0.00616785	0.00588242	0.00562696	0.00541804	0.00799068	0.0123116	0.0159901	0.013911	0.00819837	0.00353965	0.00162743	0.00272045	0.00628439	0.0107807	0.0156222	0.0201977	0.0264405	0.0349277	0.0492487	0.070315	0.0919067	0.111854	0.128814	0.139271	0.143691	0.141745	0.134566	0.118274	0.0876712	0.046407	-0.00353254	-0.0584282	-0.112082	-0.159637	-0.197557	-0.222813	-0.235782	-0.23729	-0.231864	-0.221413	-0.204838	-0.182295	-0.156798	-0.129473	-0.100452	-0.069487	-0.0328425	0.012553	0.0611285	0.108678	0.155996	0.193683	0.221818	0.238132	0.238919	0.224141	0.195692	0.156786	0.11271	0.070401	0.0245615	-0.0190837	-0.0554709	-0.0891368	-0.120713	-0.151555	-0.180591	-0.207276	-0.230904	-0.249198	-0.259143	-0.257643	-0.243921	-0.21939	-0.185058	-0.14415	-0.100149	-0.0582215	-0.0265945	-0.00223042	0.0129857	0.0140317	0.00901758	0	
0	0.00277997	0.000421425	-0.00241039	-0.00334318	0.00198385	0.00402582	0.00307091	-0.00166589	-0.00427154	-0.00601756	-0.00580716	-0.000190155	0.00957053	0.0197743	0.0219924	0.0213174	0.0197361	0.0187755	0.0169948	0.0188264	0.024117	0.0274919	0.0178446	0.00266928	-0.0117289	-0.0200196	-0.020096	-0.0160031	-0.00651553	0.00426718	0.0175042	0.0339501	0.0582848	0.0915064	0.138939	0.184567	0.225761	0.255316	0.274333	0.275822	0.265718	0.246232	0.210128	0.1453	0.0664007	-0.0279026	-0.130443	-0.225888	-0.309485	-0.377855	-0.424724	-0.447822	-0.45122	-0.44235	-0.425989	-0.39695	-0.351804	-0.295695	-0.236443	-0.173286	-0.107285	-0.0305654	0.0563661	0.144359	0.226675	0.304728	0.36553	0.406836	0.431853	0.430667	0.40436	0.356593	0.28791	0.211886	0.135278	0.0486911	-0.0368296	-0.11249	-0.180538	-0.244465	-0.30612	-0.361001	-0.406922	-0.442689	-0.469296	-0.482914	-0.477265	-0.450008	-0.405643	-0.348278	-0.280737	-0.207536	-0.136036	-0.0806435	-0.036242	-0.00289986	0.00688024	0.00501969	0	
0	0.00231373	-0.00241039	-0.00781602	-0.00956666	-0.00273006	0.000960661	-0.0011917	-0.00561165	-0.00976744	-0.0084261	-0.00722526	0.00433213	0.0217209	0.0379273	0.0453417	0.0436065	0.0430224	0.0404956	0.0357151	0.0356509	0.0381684	0.0360736	0.0158712	-0.0156113	-0.0435146	-0.0615359	-0.0670336	-0.0613689	-0.0474717	-0.0274919	-0.0030321	0.0297213	0.0717535	0.12985	0.205015	0.276922	0.337037	0.380057	0.397855	0.391894	0.365498	0.325623	0.264706	0.171048	0.0572225	-0.0716199	-0.206188	-0.332422	-0.441067	-0.526931	-0.584868	-0.61705	-0.62461	-0.617802	-0.597513	-0.555818	-0.488977	-0.404817	-0.309514	-0.20761	-0.104477	0.00485223	0.124046	0.23719	0.334481	0.422886	0.4846	0.526605	0.549548	0.546199	0.516013	0.460256	0.381308	0.287803	0.19195	0.075769	-0.0458058	-0.156325	-0.262287	-0.360157	-0.449135	-0.523604	-0.581379	-0.623576	-0.649732	-0.657477	-0.643295	-0.607631	-0.555774	-0.488454	-0.409204	-0.322394	-0.235961	-0.167416	-0.106052	-0.0551736	-0.0300735	-0.0124647	0	
0	0.00271869	-0.00334318	-0.00956666	-0.0113862	-0.00123955	0.00355144	0.00334666	-0.00250743	-0.00379412	-0.00184236	0.00358008	0.0200217	0.0438178	0.0678457	0.075782	0.0753336	0.0718054	0.0673885	0.059943	0.0566745	0.0571784	0.0514513	0.0200178	-0.0232266	-0.0644587	-0.0913481	-0.0998013	-0.094806	-0.0749192	-0.0471126	-0.0101117	0.0371326	0.0995026	0.179012	0.280218	0.372639	0.447804	0.49215	0.507088	0.485183	0.439478	0.379988	0.298321	0.176129	0.0390958	-0.11378	-0.272125	-0.414273	-0.535794	-0.635083	-0.704851	-0.741939	-0.752257	-0.745257	-0.723849	-0.674253	-0.587615	-0.472617	-0.346215	-0.215223	-0.0870193	0.0458955	0.181359	0.301811	0.398811	0.481555	0.535837	0.567331	0.58648	0.581588	0.552518	0.500963	0.421944	0.330691	0.232075	0.103402	-0.0378087	-0.173988	-0.304509	-0.429678	-0.546884	-0.643515	-0.714631	-0.760558	-0.787533	-0.79458	-0.776793	-0.734879	-0.677292	-0.608915	-0.530515	-0.442657	-0.351666	-0.27644	-0.202895	-0.131003	-0.0831673	-0.0417896	0	
0	0.00581162	0.00198385	-0.00273006	-0.00123955	0.0119128	0.0202094	0.0190042	0.0140821	0.0104507	0.014098	0.0186292	0.0376066	0.0657096	0.0918965	0.102305	0.0982959	0.0940607	0.0879404	0.0794098	0.0766336	0.0778182	0.0701417	0.0343076	-0.0195381	-0.0677108	-0.0993001	-0.108217	-0.0980405	-0.0715322	-0.033695	0.013637	0.0732853	0.147609	0.241797	0.356872	0.460601	0.53761	0.578992	0.578829	0.539443	0.473417	0.396333	0.299404	0.166565	0.0163188	-0.147243	-0.313379	-0.466094	-0.596289	-0.700606	-0.773234	-0.815756	-0.826947	-0.819951	-0.79314	-0.732307	-0.629584	-0.498679	-0.355516	-0.210432	-0.074876	0.0573247	0.190059	0.305093	0.392594	0.466263	0.509922	0.536493	0.552762	0.550326	0.527349	0.482672	0.414386	0.331885	0.244037	0.120999	-0.0211438	-0.161463	-0.305188	-0.445988	-0.579932	-0.695079	-0.782825	-0.84378	-0.880344	-0.891856	-0.876788	-0.837833	-0.786359	-0.723685	-0.64923	-0.565058	-0.475264	-0.397048	-0.312923	-0.223466	-0.151021	-0.0764397	0	
0	0.00731566	0.00402582	0.000960661	0.00355144	0.0202094	0.0285655	0.0284797	0.0210158	0.0182529	0.0208473	0.0264892	0.0475337	0.0781765	0.108907	0.118109	0.113703	0.106591	0.100139	0.0927927	0.0918862	0.0964067	0.0914361	0.0528864	-0.00324215	-0.0561672	-0.0872348	-0.0924883	-0.0764339	-0.0402485	0.00648917	0.0634613	0.131927	0.213464	0.313184	0.431805	0.532029	0.600144	0.622091	0.601202	0.537992	0.452481	0.363445	0.262776	0.127167	-0.0191487	-0.178483	-0.341773	-0.489229	-0.616133	-0.720831	-0.794634	-0.83186	-0.838567	-0.825713	-0.795116	-0.730989	-0.624245	-0.487713	-0.344442	-0.209033	-0.0881341	0.0289767	0.147243	0.24804	0.323845	0.38861	0.427845	0.451125	0.468211	0.468959	0.450642	0.413301	0.35268	0.284969	0.213754	0.107173	-0.0188436	-0.146415	-0.277593	-0.414976	-0.555213	-0.680302	-0.781035	-0.855264	-0.907707	-0.936163	-0.935915	-0.910238	-0.869788	-0.820082	-0.761556	-0.690139	-0.608455	-0.532865	-0.440708	-0.330919	-0.229245	-0.118457	0	
0	0.00630029	0.00307091	-0.0011917	0.00334666	0.0190042	0.0284797	0.0251675	0.0169221	0.0119575	0.0145501	0.0205773	0.0429173	0.0776953	0.110884	0.12268	0.116947	0.110096	0.104688	0.100699	0.103894	0.113116	0.110091	0.072516	0.0120259	-0.041629	-0.0730797	-0.073594	-0.0496164	-0.0048493	0.0516653	0.117027	0.190198	0.274863	0.372406	0.48368	0.572501	0.619282	0.615692	0.566106	0.476953	0.372245	0.27628	0.177921	0.0552614	-0.0764656	-0.218185	-0.362156	-0.4935	-0.603501	-0.689991	-0.746884	-0.773783	-0.769462	-0.751589	-0.72126	-0.663507	-0.567463	-0.448259	-0.328488	-0.217394	-0.122784	-0.0315996	0.063419	0.147504	0.211824	0.267533	0.301561	0.32289	0.339817	0.343653	0.330335	0.298922	0.247583	0.191718	0.137524	0.0528061	-0.0498949	-0.152936	-0.261387	-0.37554	-0.496803	-0.613682	-0.712793	-0.793736	-0.859728	-0.906164	-0.928712	-0.927655	-0.916279	-0.896365	-0.861429	-0.811032	-0.74491	-0.673124	-0.575563	-0.448768	-0.315692	-0.164367	0	
0	0.00397009	-0.00166589	-0.00561165	-0.00250743	0.0140821	0.0210158	0.0169221	0.00642519	0.00116927	0.00450364	0.0116713	0.0374053	0.0755001	0.113462	0.127258	0.12262	0.115855	0.113072	0.113553	0.121779	0.135691	0.135151	0.096828	0.0348386	-0.0232729	-0.0536536	-0.0523774	-0.0231195	0.0288104	0.0910262	0.159808	0.23518	0.314165	0.403813	0.501075	0.570027	0.593516	0.563165	0.486519	0.376378	0.259846	0.16125	0.0726317	-0.0321036	-0.14035	-0.255377	-0.369628	-0.469027	-0.547938	-0.605332	-0.635246	-0.635061	-0.616009	-0.594995	-0.574367	-0.538569	-0.474809	-0.391352	-0.306167	-0.234121	-0.175166	-0.115091	-0.0431363	0.022901	0.0720845	0.115672	0.140771	0.156955	0.170581	0.175704	0.167463	0.142605	0.101096	0.0594382	0.0211446	-0.0429854	-0.12032	-0.193457	-0.265576	-0.344652	-0.43338	-0.519848	-0.598743	-0.671409	-0.742135	-0.807105	-0.858665	-0.895068	-0.920641	-0.935049	-0.934707	-0.910463	-0.860146	-0.794419	-0.689999	-0.545586	-0.385518	-0.200442	0	
0	0.00110578	-0.00427154	-0.00976744	-0.00379412	0.0104507	0.0182529	0.0119575	0.00116927	-0.00302529	0.000871089	0.0121068	0.0400664	0.0831851	0.124813	0.141612	0.13784	0.131932	0.131416	0.137603	0.151371	0.17023	0.172266	0.135117	0.0705078	0.0112159	-0.0223294	-0.0206688	0.00929702	0.060419	0.121051	0.186146	0.251509	0.321106	0.39525	0.473256	0.524262	0.526368	0.474164	0.381276	0.260513	0.141528	0.0529892	-0.0185072	-0.0984541	-0.180719	-0.266016	-0.348516	-0.41377	-0.453948	-0.470711	-0.465183	-0.441575	-0.407529	-0.38593	-0.381822	-0.378042	-0.354483	-0.31486	-0.278825	-0.25108	-0.23161	-0.204567	-0.16331	-0.121764	-0.0893525	-0.0632273	-0.0492166	-0.0428147	-0.034733	-0.0293985	-0.0338533	-0.0505958	-0.0814515	-0.108311	-0.128417	-0.167129	-0.215033	-0.256246	-0.29019	-0.324189	-0.368479	-0.419514	-0.469075	-0.524377	-0.594825	-0.673288	-0.750619	-0.819624	-0.883285	-0.936431	-0.962932	-0.957112	-0.918347	-0.850626	-0.74127	-0.589843	-0.415323	-0.216089	0	
0	-0.000172227	-0.00601756	-0.0084261	-0.00184236	0.014098	0.0208473	0.0145501	0.00450364	0.000871089	0.00802786	0.0218171	0.0539159	0.101001	0.146387	0.167019	0.165629	0.161769	0.166654	0.180273	0.202327	0.227965	0.232407	0.196566	0.130003	0.0648368	0.0272057	0.0222694	0.0465429	0.0906521	0.141291	0.192297	0.243204	0.292034	0.346714	0.404692	0.43861	0.4282	0.370665	0.274682	0.159286	0.0536515	-0.0198357	-0.0705014	-0.122633	-0.176961	-0.233213	-0.282091	-0.313203	-0.321056	-0.308167	-0.275745	-0.229382	-0.18761	-0.172723	-0.186421	-0.211297	-0.227106	-0.232435	-0.237992	-0.255365	-0.280134	-0.296416	-0.292024	-0.279306	-0.271553	-0.264239	-0.2639	-0.264612	-0.261997	-0.258404	-0.258924	-0.270418	-0.288523	-0.297747	-0.297045	-0.305891	-0.319241	-0.32224	-0.316043	-0.311835	-0.318103	-0.332742	-0.355758	-0.394927	-0.457055	-0.539294	-0.63207	-0.725015	-0.811202	-0.881261	-0.924153	-0.928323	-0.891316	-0.821355	-0.709272	-0.558173	-0.388089	-0.200065	0	
0	-0.00198627	-0.00580716	-0.00722526	0.00358008	0.0186292	0.0264892	0.0205773	0.0116713	0.0121068	0.0218171	0.0425795	0.079164	0.132354	0.182747	0.208603	0.211249	0.211741	0.222203	0.245497	0.277237	0.309605	0.318684	0.284206	0.21596	0.145785	0.0982776	0.0815907	0.0914713	0.116601	0.146719	0.175979	0.203057	0.233218	0.271606	0.316238	0.346111	0.336984	0.283822	0.1982	0.0978787	0.00996783	-0.0404253	-0.0655004	-0.0890832	-0.117269	-0.145838	-0.170434	-0.177762	-0.162735	-0.129881	-0.086768	-0.0395836	-0.00304248	0.00309444	-0.0266637	-0.0753164	-0.118955	-0.1533	-0.195801	-0.253803	-0.320622	-0.378172	-0.415926	-0.440621	-0.458468	-0.472949	-0.484426	-0.494308	-0.497268	-0.494646	-0.493869	-0.498352	-0.504683	-0.494521	-0.468018	-0.441734	-0.416328	-0.383231	-0.340894	-0.302254	-0.281325	-0.277136	-0.28357	-0.309284	-0.363733	-0.43926	-0.525809	-0.614809	-0.69951	-0.770951	-0.81116	-0.811159	-0.774507	-0.703659	-0.599281	-0.468235	-0.321694	-0.164645	0	
0	-0.000248253	-0.000190155	0.00433213	0.0200217	0.0376066	0.0475337	0.0429173	0.0374053	0.0400664	0.0539159	0.079164	0.11957	0.176674	0.229627	0.259791	0.267186	0.272037	0.29126	0.325406	0.36929	0.410847	0.423007	0.390166	0.317396	0.236888	0.174205	0.137254	0.124793	0.125164	0.130164	0.134882	0.141605	0.155935	0.185381	0.227474	0.264221	0.268265	0.235518	0.169479	0.0900274	0.0249562	-0.00634613	-0.011918	-0.00952373	-0.0122733	-0.0175604	-0.0193007	-0.0105598	0.0113595	0.0421266	0.079767	0.118301	0.141606	0.131754	0.0869747	0.0233761	-0.0395837	-0.0978347	-0.165155	-0.251701	-0.352631	-0.448891	-0.525998	-0.584461	-0.632146	-0.671704	-0.701695	-0.722789	-0.731534	-0.7299	-0.721652	-0.714454	-0.700684	-0.666746	-0.615249	-0.556575	-0.498799	-0.43571	-0.369625	-0.313331	-0.276581	-0.259868	-0.257864	-0.274579	-0.313157	-0.369062	-0.43535	-0.502979	-0.563665	-0.611897	-0.637231	-0.631195	-0.594986	-0.53119	-0.444743	-0.340576	-0.228073	-0.115784	0	
0	0.00343421	0.00957053	0.0217209	0.0438178	0.0657096	0.0781765	0.0776953	0.0755001	0.0831851	0.101001	0.132354	0.176674	0.236927	0.290916	0.324229	0.333934	0.342812	0.367012	0.410328	0.464433	0.512029	0.52763	0.493767	0.41716	0.325149	0.244223	0.183308	0.143325	0.113994	0.0914103	0.0726261	0.064216	0.0734931	0.108092	0.162806	0.218928	0.247248	0.237907	0.19143	0.130815	0.0838898	0.0696531	0.084312	0.110617	0.128375	0.141357	0.148396	0.159963	0.176929	0.197798	0.21841	0.23808	0.240876	0.215259	0.156755	0.0776101	-0.00221853	-0.0773307	-0.161212	-0.266757	-0.386676	-0.503333	-0.605389	-0.691548	-0.765968	-0.831973	-0.884434	-0.923062	-0.94125	-0.939398	-0.921404	-0.895834	-0.858833	-0.800865	-0.7273	-0.646589	-0.568983	-0.491259	-0.41286	-0.345986	-0.301886	-0.278048	-0.268773	-0.276006	-0.299427	-0.332289	-0.366499	-0.398868	-0.423205	-0.43822	-0.438868	-0.419151	-0.385305	-0.336674	-0.278019	-0.213256	-0.142112	-0.0720076	0	
0	0.00684458	0.0197743	0.0379273	0.0678457	0.0918965	0.108907	0.110884	0.113462	0.124813	0.146387	0.182747	0.229627	0.290916	0.344257	0.37844	0.391892	0.404173	0.43592	0.488606	0.554478	0.609234	0.626524	0.591084	0.506083	0.398968	0.294206	0.203734	0.134306	0.0755635	0.030757	-0.00104295	-0.0134008	0.00462257	0.0563894	0.130545	0.211866	0.26416	0.277571	0.248956	0.204046	0.171617	0.171139	0.199262	0.24281	0.276097	0.298034	0.307154	0.310903	0.312243	0.31142	0.312523	0.311728	0.296089	0.254945	0.181262	0.0884603	-0.00643125	-0.0936004	-0.187738	-0.296651	-0.419227	-0.540773	-0.652976	-0.754058	-0.845442	-0.932683	-1.00546	-1.06023	-1.08659	-1.08488	-1.05734	-1.01497	-0.957122	-0.882093	-0.797645	-0.70853	-0.628336	-0.55157	-0.477724	-0.414005	-0.366881	-0.337678	-0.319079	-0.311652	-0.314409	-0.31854	-0.319141	-0.314419	-0.298065	-0.276706	-0.251274	-0.220297	-0.191711	-0.159669	-0.129416	-0.10015	-0.0652111	-0.0338281	0	
0	0.00782402	0.0219924	0.0453417	0.075782	0.102305	0.118109	0.12268	0.127258	0.141612	0.167019	0.208603	0.259791	0.324229	0.37844	0.418156	0.438497	0.460823	0.50315	0.569597	0.649255	0.712712	0.732681	0.692833	0.598839	0.472063	0.339139	0.216491	0.112636	0.0265364	-0.0365966	-0.0755529	-0.0794078	-0.0418672	0.0355188	0.140355	0.24663	0.322788	0.3557	0.33881	0.302469	0.282082	0.289392	0.32671	0.380773	0.419518	0.439607	0.435926	0.42343	0.40262	0.378908	0.35613	0.336043	0.300092	0.240307	0.153277	0.0495998	-0.0530436	-0.147383	-0.238164	-0.339377	-0.452461	-0.5653	-0.673677	-0.773073	-0.867587	-0.957018	-1.03401	-1.09256	-1.11993	-1.12032	-1.09159	-1.04574	-0.984158	-0.909099	-0.829822	-0.749571	-0.680031	-0.617487	-0.560738	-0.511788	-0.473154	-0.440953	-0.414989	-0.393384	-0.368448	-0.340339	-0.304434	-0.260773	-0.206766	-0.150087	-0.100473	-0.0581932	-0.030384	-0.0142304	-0.0100144	-0.0107366	-0.00758952	-0.00643493	0	
0	0.00616785	0.0213174	0.0436065	0.0753336	0.0982959	0.113703	0.116947	0.12262	0.13784	0.165629	0.211249	0.267186	0.333934	0.391892	0.438497	0.472526	0.510405	0.571568	0.656934	0.757231	0.833214	0.857916	0.814225	0.706625	0.556398	0.389967	0.227079	0.088708	-0.0268529	-0.104594	-0.141643	-0.13149	-0.0679885	0.0429255	0.174966	0.308073	0.406055	0.456052	0.451434	0.426994	0.413755	0.425942	0.46374	0.513843	0.544963	0.550632	0.528544	0.492613	0.448161	0.400713	0.358817	0.315616	0.258158	0.185508	0.0889329	-0.0182387	-0.121379	-0.207461	-0.289187	-0.376071	-0.472698	-0.570143	-0.664214	-0.753281	-0.832304	-0.905075	-0.967587	-1.01453	-1.03595	-1.03754	-1.01773	-0.983971	-0.937156	-0.882111	-0.823917	-0.765752	-0.720746	-0.683048	-0.653819	-0.631572	-0.61192	-0.590492	-0.561533	-0.523248	-0.473995	-0.408628	-0.329941	-0.248931	-0.159777	-0.0744566	-0.00419515	0.0518427	0.0823852	0.0940475	0.0879526	0.0680552	0.0471759	0.0224691	0	
0	0.00588242	0.0197361	0.0430224	0.0718054	0.0940607	0.106591	0.110096	0.115855	0.131932	0.161769	0.211741	0.272037	0.342812	0.404173	0.460823	0.510405	0.569084	0.650657	0.758381	0.87807	0.967017	0.994516	0.941846	0.817609	0.638959	0.433911	0.232673	0.0561324	-0.0830649	-0.170481	-0.203194	-0.174163	-0.0825892	0.0554361	0.218022	0.372765	0.492164	0.563353	0.576402	0.563148	0.560259	0.571639	0.599059	0.633628	0.646617	0.630852	0.582824	0.525362	0.458556	0.388535	0.324096	0.26573	0.1978	0.116402	0.0207084	-0.0775068	-0.166925	-0.244648	-0.312579	-0.381271	-0.460458	-0.539522	-0.615036	-0.680297	-0.73548	-0.780922	-0.820153	-0.850466	-0.861918	-0.868562	-0.864316	-0.852369	-0.834301	-0.81302	-0.791024	-0.770187	-0.756502	-0.748682	-0.752521	-0.760585	-0.76402	-0.753632	-0.73017	-0.686342	-0.611485	-0.516382	-0.406529	-0.289535	-0.169761	-0.0589977	0.0311712	0.101782	0.14728	0.16794	0.164728	0.142961	0.105662	0.0527854	0	
0	0.00562696	0.0187755	0.0404956	0.0673885	0.0879404	0.100139	0.104688	0.113072	0.131416	0.166654	0.222203	0.29126	0.367012	0.43592	0.50315	0.571568	0.650657	0.752853	0.876872	1.01036	1.10381	1.12457	1.05536	0.905492	0.693571	0.451029	0.210009	0.00428036	-0.153087	-0.244237	-0.265163	-0.215744	-0.0990375	0.069181	0.255804	0.432855	0.574728	0.666173	0.69552	0.694082	0.69318	0.696697	0.708746	0.721227	0.713199	0.673194	0.603072	0.521337	0.431577	0.342486	0.267974	0.200097	0.127627	0.0561111	-0.0221751	-0.100028	-0.172431	-0.233049	-0.287646	-0.34253	-0.40233	-0.457916	-0.506193	-0.547651	-0.577163	-0.596008	-0.616565	-0.635032	-0.644307	-0.659384	-0.674463	-0.689397	-0.705173	-0.72531	-0.747005	-0.770676	-0.798257	-0.822924	-0.85282	-0.884047	-0.903699	-0.903063	-0.882365	-0.834992	-0.754285	-0.641147	-0.506422	-0.371159	-0.23255	-0.10134	0.00704378	0.0980828	0.163337	0.199151	0.208899	0.191003	0.144555	0.0754545	0	
0	0.00541804	0.0169948	0.0357151	0.059943	0.0794098	0.0927927	0.100699	0.113553	0.137603	0.180273	0.245497	0.325406	0.410328	0.488606	0.569597	0.656934	0.758381	0.876872	1.01318	1.1506	1.23873	1.24304	1.14515	0.961132	0.710441	0.426244	0.150506	-0.0814537	-0.248878	-0.334336	-0.33812	-0.262835	-0.115972	0.0802054	0.294052	0.49248	0.653038	0.761442	0.802075	0.801859	0.792912	0.78007	0.767234	0.753355	0.724014	0.667094	0.578909	0.481439	0.377546	0.275142	0.190127	0.12372	0.0667879	0.0143713	-0.0404269	-0.0918652	-0.139945	-0.186008	-0.226524	-0.261042	-0.29756	-0.329087	-0.352797	-0.370529	-0.379748	-0.382205	-0.39321	-0.408603	-0.421151	-0.448336	-0.485372	-0.525856	-0.574221	-0.633676	-0.698488	-0.769241	-0.835073	-0.890276	-0.946812	-0.994619	-1.01992	-1.0171	-0.994145	-0.944347	-0.856978	-0.741405	-0.605201	-0.459603	-0.312002	-0.174679	-0.0570405	0.0439716	0.121256	0.170111	0.194461	0.190338	0.148634	0.0780236	0	
0	0.00799068	0.0188264	0.0356509	0.0566745	0.0766336	0.0918862	0.103894	0.121779	0.151371	0.202327	0.277237	0.36929	0.464433	0.554478	0.649255	0.757231	0.87807	1.01036	1.1506	1.28145	1.35492	1.33135	1.19856	0.975044	0.684466	0.363572	0.0574168	-0.194683	-0.366859	-0.446613	-0.4318	-0.331355	-0.154615	0.0742553	0.320473	0.545115	0.72724	0.847291	0.889532	0.875997	0.844423	0.803157	0.761123	0.72165	0.67739	0.607419	0.510394	0.404827	0.294126	0.191255	0.116955	0.0645042	0.0217142	-0.0130554	-0.0457755	-0.0753706	-0.103444	-0.13005	-0.151723	-0.165914	-0.178399	-0.184145	-0.185988	-0.189493	-0.189392	-0.183329	-0.189504	-0.205448	-0.223381	-0.262835	-0.318438	-0.381557	-0.457403	-0.546289	-0.644498	-0.751691	-0.851931	-0.934465	-1.00835	-1.06782	-1.09504	-1.08426	-1.04962	-0.990756	-0.901592	-0.787706	-0.659361	-0.529149	-0.393974	-0.260746	-0.14334	-0.038955	0.0440037	0.0941792	0.121755	0.12852	0.100932	0.0503115	0	
0	0.0123116	0.024117	0.0381684	0.0571784	0.0778182	0.0964067	0.113116	0.135691	0.17023	0.227965	0.309605	0.410847	0.512029	0.609234	0.712712	0.833214	0.967017	1.10381	1.23873	1.35492	1.40625	1.35363	1.18609	0.926591	0.601864	0.250968	-0.0813651	-0.349186	-0.528117	-0.602246	-0.57173	-0.445746	-0.239006	0.0258647	0.30401	0.554661	0.751696	0.876239	0.911155	0.881416	0.823993	0.754998	0.684878	0.619443	0.556205	0.477114	0.379795	0.278854	0.182362	0.0995914	0.0438174	0.00962159	-0.0133818	-0.0315189	-0.0504968	-0.0645121	-0.0755446	-0.0856418	-0.0877986	-0.0790007	-0.066094	-0.0536024	-0.0416936	-0.0383708	-0.0358845	-0.0305116	-0.0400737	-0.0590508	-0.0839497	-0.131225	-0.199329	-0.276168	-0.365369	-0.469402	-0.585279	-0.713246	-0.831094	-0.927937	-1.01462	-1.08086	-1.10442	-1.08272	-1.03462	-0.965721	-0.876139	-0.773129	-0.663332	-0.554241	-0.44403	-0.335342	-0.233676	-0.137702	-0.060278	-0.0107725	0.0239961	0.04332	0.0355023	0.0150945	0	
0	0.0159901	0.0274919	0.0360736	0.0514513	0.0701417	0.0914361	0.110091	0.135151	0.172266	0.232407	0.318684	0.423007	0.52763	0.626524	0.732681	0.857916	0.994516	1.12457	1.24304	1.33135	1.35363	1.26721	1.06683	0.776061	0.4264	0.053663	-0.29344	-0.573335	-0.754954	-0.824744	-0.78025	-0.633205	-0.397306	-0.103244	0.203459	0.474287	0.679032	0.801005	0.827948	0.780763	0.701205	0.612431	0.519621	0.435737	0.362865	0.283452	0.1937	0.109395	0.0359625	-0.0204107	-0.0472813	-0.0554634	-0.0585215	-0.0658057	-0.0727129	-0.0730256	-0.0670745	-0.0594171	-0.0481832	-0.0256899	0.00212738	0.0317284	0.0550251	0.0626817	0.0642626	0.0630922	0.0492748	0.0229375	-0.00891174	-0.0606079	-0.133436	-0.213902	-0.307882	-0.413706	-0.534171	-0.668556	-0.789589	-0.884107	-0.960625	-1.01461	-1.02621	-0.992611	-0.932929	-0.859492	-0.77518	-0.688139	-0.607604	-0.532218	-0.455495	-0.377494	-0.298051	-0.217641	-0.150161	-0.10547	-0.0703558	-0.0392168	-0.0260955	-0.0205764	0	
0	0.013911	0.0178446	0.0158712	0.0200178	0.0343076	0.0528864	0.072516	0.096828	0.135117	0.196566	0.284206	0.390166	0.493767	0.591084	0.692833	0.814225	0.941846	1.05536	1.14515	1.19856	1.18609	1.06683	0.837515	0.521841	0.150619	-0.236728	-0.599804	-0.889245	-1.0748	-1.13971	-1.07912	-0.905525	-0.641495	-0.316944	0.0110097	0.291115	0.493363	0.60439	0.618445	0.559405	0.468937	0.368562	0.267011	0.176347	0.101541	0.0306657	-0.0369818	-0.0955879	-0.141317	-0.168613	-0.174182	-0.165649	-0.155922	-0.146613	-0.13351	-0.112338	-0.0881526	-0.0684673	-0.0477311	-0.0191496	0.0188808	0.0565564	0.0870662	0.10045	0.102609	0.0977356	0.078803	0.0477985	0.00997663	-0.0449619	-0.118595	-0.20098	-0.292929	-0.392839	-0.508453	-0.631362	-0.734392	-0.80514	-0.85197	-0.877998	-0.865333	-0.815549	-0.751346	-0.684785	-0.616988	-0.548655	-0.486114	-0.43436	-0.387788	-0.343239	-0.298754	-0.249524	-0.206154	-0.174442	-0.140082	-0.100861	-0.0711118	-0.0438032	0	
0	0.00819837	0.00266928	-0.0156113	-0.0232266	-0.0195381	-0.00324215	0.0120259	0.0348386	0.0705078	0.130003	0.21596	0.317396	0.41716	0.506083	0.598839	0.706625	0.817609	0.905492	0.961132	0.975044	0.926591	0.776061	0.521841	0.181523	-0.208008	-0.61435	-0.992596	-1.29339	-1.48363	-1.54004	-1.4604	-1.26006	-0.965399	-0.616047	-0.273349	0.0147141	0.210869	0.313527	0.320737	0.256619	0.157596	0.0534853	-0.0524125	-0.139616	-0.202495	-0.246136	-0.280575	-0.309235	-0.328567	-0.339231	-0.334627	-0.31773	-0.293753	-0.270785	-0.241435	-0.202253	-0.158646	-0.121269	-0.0946865	-0.0659359	-0.028139	0.0123195	0.0446378	0.0591099	0.0637613	0.0587259	0.0453111	0.0189266	-0.0187893	-0.0728671	-0.148309	-0.234433	-0.323162	-0.410323	-0.505556	-0.599432	-0.667583	-0.696391	-0.699412	-0.686653	-0.648699	-0.589546	-0.520871	-0.458275	-0.402815	-0.348518	-0.301113	-0.26146	-0.232228	-0.219022	-0.211704	-0.204212	-0.202193	-0.195589	-0.172932	-0.134327	-0.0935731	-0.0549917	0	
0	0.00353965	-0.0117289	-0.0435146	-0.0644587	-0.0677108	-0.0561672	-0.041629	-0.0232729	0.0112159	0.0648368	0.145785	0.236888	0.325149	0.398968	0.472063	0.556398	0.638959	0.693571	0.710441	0.684466	0.601864	0.4264	0.150619	-0.208008	-0.618518	-1.04274	-1.43859	-1.75231	-1.94539	-1.99415	-1.896	-1.66952	-1.34988	-0.979949	-0.622411	-0.327566	-0.128388	-0.026933	-0.0191171	-0.082839	-0.181566	-0.286442	-0.387423	-0.461181	-0.504517	-0.518842	-0.521894	-0.520949	-0.521579	-0.51814	-0.506026	-0.480214	-0.453759	-0.425488	-0.385005	-0.331718	-0.27456	-0.227436	-0.194183	-0.165251	-0.128737	-0.0917369	-0.0652817	-0.0531001	-0.0480978	-0.0508778	-0.0545073	-0.0713698	-0.103147	-0.154502	-0.228837	-0.314263	-0.39477	-0.458081	-0.518721	-0.564595	-0.579432	-0.55944	-0.515464	-0.465526	-0.404922	-0.332212	-0.260419	-0.201303	-0.149434	-0.0990202	-0.0563842	-0.0278399	-0.0163159	-0.0279012	-0.0555218	-0.0871488	-0.123034	-0.147625	-0.147991	-0.123949	-0.0883001	-0.0523116	0	
0	0.00162743	-0.0200196	-0.0615359	-0.0913481	-0.0993001	-0.0872348	-0.0730797	-0.0536536	-0.0223294	0.0272057	0.0982776	0.174205	0.244223	0.294206	0.339139	0.389967	0.433911	0.451029	0.426244	0.363572	0.250968	0.053663	-0.236728	-0.61435	-1.04274	-1.48507	-1.89594	-2.21655	-2.40943	-2.44734	-2.33179	-2.08624	-1.74799	-1.36402	-0.996541	-0.689895	-0.483189	-0.374006	-0.357868	-0.412742	-0.502287	-0.59863	-0.686439	-0.742512	-0.767509	-0.761436	-0.740123	-0.723361	-0.710028	-0.695702	-0.674362	-0.644299	-0.612146	-0.578637	-0.537302	-0.483936	-0.423633	-0.369707	-0.334907	-0.309332	-0.277371	-0.242777	-0.219091	-0.20698	-0.202761	-0.206864	-0.209486	-0.222519	-0.250397	-0.295751	-0.358127	-0.431815	-0.487227	-0.515284	-0.532346	-0.522934	-0.484483	-0.411588	-0.321123	-0.23507	-0.150508	-0.0671813	0.015658	0.0835873	0.134259	0.17886	0.212347	0.226116	0.217827	0.183181	0.13245	0.0756631	0.0141012	-0.0321227	-0.0588433	-0.0632004	-0.048471	-0.0321088	0	
0	0.00272045	-0.020096	-0.0670336	-0.0998013	-0.108217	-0.0924883	-0.073594	-0.0523774	-0.0206688	0.0222694	0.0815907	0.137254	0.183308	0.203734	0.216491	0.227079	0.232673	0.210009	0.150506	0.0574168	-0.0813651	-0.29344	-0.599804	-0.992596	-1.43859	-1.89594	-2.31357	-2.63399	-2.81978	-2.84442	-2.71624	-2.45767	-2.10904	-1.71609	-1.33866	-1.02013	-0.801021	-0.681768	-0.656939	-0.697064	-0.771801	-0.850535	-0.918002	-0.954649	-0.968846	-0.950569	-0.924385	-0.899865	-0.879201	-0.85754	-0.830223	-0.790539	-0.754589	-0.722041	-0.681907	-0.629457	-0.571345	-0.522079	-0.493999	-0.478471	-0.453129	-0.417949	-0.388957	-0.372873	-0.368669	-0.38043	-0.391798	-0.411109	-0.440689	-0.474641	-0.515611	-0.55831	-0.576269	-0.562452	-0.53129	-0.474339	-0.38897	-0.273179	-0.141249	-0.0164922	0.0929335	0.19457	0.288124	0.360372	0.413749	0.450724	0.466768	0.458166	0.428109	0.375547	0.312836	0.250416	0.179673	0.11795	0.0675545	0.0277364	0.00862151	-0.00181339	0	
0	0.00628439	-0.0160031	-0.0613689	-0.094806	-0.0980405	-0.0764339	-0.0496164	-0.0231195	0.00929702	0.0465429	0.0914713	0.124793	0.143325	0.134306	0.112636	0.088708	0.0561324	0.00428036	-0.0814537	-0.194683	-0.349186	-0.573335	-0.889245	-1.29339	-1.75231	-2.21655	-2.63399	-2.94897	-3.12462	-3.14167	-3.00609	-2.74271	-2.38636	-1.9861	-1.59712	-1.26728	-1.03719	-0.911459	-0.87654	-0.904454	-0.956186	-1.01527	-1.06455	-1.09054	-1.10008	-1.08669	-1.05927	-1.02986	-1.00572	-0.980705	-0.947879	-0.90788	-0.874201	-0.839607	-0.800236	-0.751272	-0.6988	-0.657141	-0.63956	-0.633062	-0.613737	-0.57766	-0.546643	-0.526721	-0.524716	-0.544064	-0.566694	-0.594483	-0.621822	-0.646032	-0.662033	-0.670599	-0.647007	-0.58857	-0.513594	-0.410896	-0.288141	-0.142176	0.0187361	0.17015	0.302411	0.418054	0.517893	0.591897	0.637819	0.661566	0.662473	0.633919	0.58657	0.526198	0.458845	0.392698	0.323512	0.257153	0.185725	0.119051	0.071224	0.028544	0	
0	0.0107807	-0.00651553	-0.0474717	-0.0749192	-0.0715322	-0.0402485	-0.0048493	0.0288104	0.060419	0.0906521	0.116601	0.125164	0.113994	0.0755635	0.0265364	-0.0268529	-0.0830649	-0.153087	-0.248878	-0.366859	-0.528117	-0.754954	-1.0748	-1.48363	-1.94539	-2.40943	-2.81978	-3.12462	-3.29419	-3.30767	-3.17354	-2.91105	-2.5528	-2.14656	-1.75077	-1.41316	-1.17492	-1.04089	-0.998239	-1.00792	-1.04064	-1.08739	-1.1288	-1.15636	-1.17494	-1.16697	-1.14009	-1.10784	-1.07671	-1.04761	-1.01453	-0.975515	-0.940758	-0.907981	-0.874392	-0.832122	-0.786251	-0.748071	-0.728891	-0.724733	-0.712894	-0.684685	-0.657772	-0.64501	-0.652136	-0.677261	-0.705566	-0.731067	-0.752412	-0.764175	-0.762066	-0.744016	-0.684907	-0.58822	-0.46753	-0.326909	-0.176735	-0.0126815	0.155503	0.311436	0.446125	0.565658	0.666761	0.736626	0.77335	0.779618	0.761997	0.719974	0.664775	0.6023	0.536165	0.47258	0.404222	0.338382	0.268044	0.190871	0.124777	0.0626566	0	
0	0.0156222	0.00426718	-0.0274919	-0.0471126	-0.033695	0.00648917	0.0516653	0.0910262	0.121051	0.141291	0.146719	0.130164	0.0914103	0.030757	-0.0365966	-0.104594	-0.170481	-0.244237	-0.334336	-0.446613	-0.602246	-0.824744	-1.13971	-1.54004	-1.99415	-2.44734	-2.84442	-3.14167	-3.30767	-3.32642	-3.20038	-2.94444	-2.58868	-2.18243	-1.78428	-1.44468	-1.20003	-1.05791	-1.00367	-1.00032	-1.02149	-1.06409	-1.11254	-1.15351	-1.18189	-1.18475	-1.16387	-1.12571	-1.08907	-1.05704	-1.01689	-0.973714	-0.941609	-0.916459	-0.893029	-0.858552	-0.81325	-0.770467	-0.74633	-0.739683	-0.732013	-0.714071	-0.701584	-0.704178	-0.720581	-0.748633	-0.777312	-0.798843	-0.809957	-0.810079	-0.794224	-0.753355	-0.671345	-0.548718	-0.395784	-0.227652	-0.0615094	0.100523	0.257564	0.399863	0.520251	0.626166	0.711951	0.769746	0.79456	0.784407	0.749207	0.694247	0.636948	0.581389	0.521453	0.463669	0.406805	0.351471	0.291081	0.224801	0.158534	0.0830067	0	
0	0.0201977	0.0175042	-0.0030321	-0.0101117	0.013637	0.0634613	0.117027	0.159808	0.186146	0.192297	0.175979	0.134882	0.0726261	-0.00104295	-0.0755529	-0.141643	-0.203194	-0.265163	-0.33812	-0.4318	-0.57173	-0.78025	-1.07912	-1.4604	-1.896	-2.33179	-2.71624	-3.00609	-3.17354	-3.20038	-3.08392	-2.83912	-2.49133	-2.09146	-1.69844	-1.36069	-1.10964	-0.95817	-0.894962	-0.886975	-0.90745	-0.959565	-1.02216	-1.07969	-1.12225	-1.13997	-1.12516	-1.08741	-1.04579	-1.00364	-0.955836	-0.913001	-0.883619	-0.862467	-0.844699	-0.812073	-0.765657	-0.718099	-0.684953	-0.674198	-0.676775	-0.675554	-0.674398	-0.685165	-0.709278	-0.742821	-0.777007	-0.799085	-0.801412	-0.789179	-0.75649	-0.692383	-0.591349	-0.455473	-0.295096	-0.12656	0.0352204	0.185027	0.319546	0.431955	0.525067	0.604337	0.659782	0.689761	0.691992	0.665651	0.621528	0.563616	0.507352	0.459522	0.411477	0.366238	0.32705	0.292124	0.254236	0.209118	0.155023	0.0844203	0	
0	0.0264405	0.0339501	0.0297213	0.0371326	0.0732853	0.131927	0.190198	0.23518	0.251509	0.243204	0.203057	0.141605	0.064216	-0.0134008	-0.0794078	-0.13149	-0.174163	-0.215744	-0.262835	-0.331355	-0.445746	-0.633205	-0.905525	-1.26006	-1.66952	-2.08624	-2.45767	-2.74271	-2.91105	-2.94444	-2.83912	-2.60603	-2.27263	-1.8839	-1.49795	-1.16116	-0.904434	-0.743107	-0.679226	-0.676769	-0.71001	-0.776629	-0.858059	-0.935068	-0.993684	-1.02767	-1.02484	-0.99048	-0.943064	-0.897719	-0.847431	-0.805087	-0.775334	-0.757908	-0.739953	-0.703801	-0.650378	-0.597371	-0.564063	-0.560635	-0.573135	-0.580705	-0.585012	-0.602486	-0.633246	-0.671178	-0.714022	-0.740608	-0.738511	-0.711806	-0.658447	-0.572384	-0.458775	-0.324255	-0.174288	-0.0282228	0.104451	0.226395	0.332818	0.41616	0.476381	0.513725	0.52322	0.512957	0.48834	0.4478	0.398264	0.344774	0.297529	0.259659	0.224424	0.198446	0.184353	0.17402	0.162353	0.142583	0.108451	0.0595653	0	
0	0.0349277	0.0582848	0.0717535	0.0995026	0.147609	0.213464	0.274863	0.314165	0.321106	0.292034	0.233218	0.155935	0.0734931	0.00462257	-0.0418672	-0.0679885	-0.0825892	-0.0990375	-0.115972	-0.154615	-0.239006	-0.397306	-0.641495	-0.965399	-1.34988	-1.74799	-2.10904	-2.38636	-2.5528	-2.58868	-2.49133	-2.27263	-1.95523	-1.57593	-1.19491	-0.854406	-0.590459	-0.427116	-0.369827	-0.383025	-0.437899	-0.519478	-0.620457	-0.7169	-0.795653	-0.848718	-0.864002	-0.836803	-0.794339	-0.749786	-0.704216	-0.667126	-0.640569	-0.619679	-0.59463	-0.553458	-0.500879	-0.453615	-0.426199	-0.424404	-0.440376	-0.457718	-0.469742	-0.493314	-0.526481	-0.570459	-0.615523	-0.641169	-0.629945	-0.588464	-0.521504	-0.419083	-0.303754	-0.180689	-0.0569259	0.0537966	0.152099	0.234417	0.300828	0.346969	0.373403	0.372979	0.33616	0.280507	0.223237	0.169599	0.12129	0.0774458	0.0427138	0.0166388	-0.00170923	-0.00421132	0.00674008	0.0206985	0.032472	0.0369369	0.0289063	0.0132876	0	
0	0.0492487	0.0915064	0.12985	0.179012	0.241797	0.313184	0.372406	0.403813	0.39525	0.346714	0.271606	0.185381	0.108092	0.0563894	0.0355188	0.0429255	0.0554361	0.069181	0.0802054	0.0742553	0.0258647	-0.103244	-0.316944	-0.616047	-0.979949	-1.36402	-1.71609	-1.9861	-2.14656	-2.18243	-2.09146	-1.8839	-1.57593	-1.20075	-0.813909	-0.466404	-0.200482	-0.0396343	0.00684695	-0.0276823	-0.0990079	-0.196596	-0.3172	-0.434915	-0.534482	-0.6108	-0.643237	-0.634452	-0.606763	-0.576337	-0.543538	-0.51235	-0.483107	-0.459922	-0.436024	-0.401533	-0.359115	-0.319394	-0.295174	-0.294521	-0.316272	-0.34228	-0.36505	-0.39534	-0.434431	-0.477115	-0.513854	-0.528714	-0.501864	-0.447664	-0.368871	-0.266841	-0.159325	-0.0515958	0.0409667	0.116448	0.175005	0.219676	0.243448	0.241294	0.226223	0.186252	0.115137	0.0300723	-0.0489778	-0.113043	-0.162795	-0.195426	-0.211959	-0.217521	-0.214315	-0.199212	-0.171933	-0.142523	-0.11498	-0.0838238	-0.0588425	-0.0382947	0	
0	0.070315	0.138939	0.205015	0.280218	0.356872	0.431805	0.48368	0.501075	0.473256	0.404692	0.316238	0.227474	0.162806	0.130545	0.140355	0.174966	0.218022	0.255804	0.294052	0.320473	0.30401	0.203459	0.0110097	-0.273349	-0.622411	-0.996541	-1.33866	-1.59712	-1.75077	-1.78428	-1.69844	-1.49795	-1.19491	-0.813909	-0.417852	-0.0610256	0.20823	0.367443	0.40522	0.361305	0.272617	0.161098	0.0242754	-0.110801	-0.233343	-0.326688	-0.385581	-0.405997	-0.402232	-0.387484	-0.366391	-0.339922	-0.316069	-0.302428	-0.289676	-0.27163	-0.242895	-0.211928	-0.194177	-0.200128	-0.226971	-0.265014	-0.303649	-0.344528	-0.382259	-0.415327	-0.435204	-0.430218	-0.387718	-0.317618	-0.231572	-0.135211	-0.0427975	0.0398731	0.103479	0.147739	0.174348	0.182599	0.162518	0.116501	0.0569466	-0.0186703	-0.109372	-0.206056	-0.289735	-0.352652	-0.399259	-0.424896	-0.426144	-0.41165	-0.383708	-0.345105	-0.312314	-0.28084	-0.238896	-0.188152	-0.134684	-0.076481	0	
0	0.0919067	0.184567	0.276922	0.372639	0.460601	0.532029	0.572501	0.570027	0.524262	0.43861	0.346111	0.264221	0.218928	0.211866	0.24663	0.308073	0.372765	0.432855	0.49248	0.545115	0.554661	0.474287	0.291115	0.0147141	-0.327566	-0.689895	-1.02013	-1.26728	-1.41316	-1.44468	-1.36069	-1.16116	-0.854406	-0.466404	-0.0610256	0.302861	0.573712	0.734018	0.777453	0.729839	0.635955	0.51823	0.371466	0.222671	0.082878	-0.0366715	-0.129203	-0.18209	-0.204329	-0.204878	-0.193831	-0.174594	-0.166793	-0.172203	-0.182351	-0.183786	-0.170988	-0.15233	-0.145038	-0.157053	-0.191665	-0.24384	-0.296696	-0.339447	-0.369305	-0.389544	-0.387189	-0.360016	-0.299648	-0.220382	-0.133935	-0.0502799	0.0246044	0.0866516	0.119367	0.136824	0.140873	0.123088	0.0692177	-0.0159976	-0.109146	-0.207452	-0.306517	-0.398013	-0.46983	-0.520073	-0.557306	-0.574317	-0.562239	-0.531245	-0.485357	-0.433065	-0.393465	-0.357997	-0.311989	-0.244541	-0.169182	-0.0973648	0	
0	0.111854	0.225761	0.337037	0.447804	0.53761	0.600144	0.619282	0.593516	0.526368	0.4282	0.336984	0.268265	0.247248	0.26416	0.322788	0.406055	0.492164	0.574728	0.653038	0.72724	0.751696	0.679032	0.493363	0.210869	-0.128388	-0.483189	-0.801021	-1.03719	-1.17492	-1.20003	-1.10964	-0.904434	-0.590459	-0.200482	0.20823	0.573712	0.84797	1.01723	1.07177	1.03217	0.944166	0.827061	0.684995	0.534547	0.375996	0.229929	0.105577	0.0177921	-0.0267318	-0.039155	-0.0395724	-0.0383275	-0.0533488	-0.0822228	-0.113634	-0.137711	-0.148456	-0.149206	-0.158605	-0.185531	-0.232164	-0.28908	-0.345956	-0.386337	-0.405883	-0.405181	-0.375874	-0.324731	-0.249875	-0.16327	-0.0774966	-0.00960184	0.0485947	0.0919886	0.103775	0.0968025	0.0730435	0.0316024	-0.0446784	-0.14969	-0.259589	-0.359785	-0.444481	-0.520114	-0.574382	-0.602389	-0.616306	-0.61741	-0.598278	-0.563104	-0.511925	-0.453281	-0.409117	-0.367015	-0.313473	-0.244876	-0.168895	-0.0944421	0	
0	0.128814	0.255316	0.380057	0.49215	0.578992	0.622091	0.615692	0.563165	0.474164	0.370665	0.283822	0.235518	0.237907	0.277571	0.3557	0.456052	0.563353	0.666173	0.761442	0.847291	0.876239	0.801005	0.60439	0.313527	-0.026933	-0.374006	-0.681768	-0.911459	-1.04089	-1.05791	-0.95817	-0.743107	-0.427116	-0.0396343	0.367443	0.734018	1.01723	1.19864	1.26877	1.245	1.17019	1.06396	0.935918	0.784856	0.615971	0.452614	0.306223	0.198638	0.13687	0.10248	0.0793841	0.0591372	0.0210583	-0.028249	-0.0825988	-0.132552	-0.169605	-0.200356	-0.238315	-0.287526	-0.34129	-0.400279	-0.456861	-0.486944	-0.485666	-0.457321	-0.404268	-0.331237	-0.244758	-0.153543	-0.0695622	-0.010427	0.0376285	0.0646378	0.0584067	0.0314807	-0.0125259	-0.0737998	-0.161673	-0.266278	-0.369511	-0.453177	-0.516132	-0.566712	-0.59869	-0.606222	-0.5916	-0.566573	-0.531066	-0.494202	-0.455374	-0.405604	-0.362314	-0.31804	-0.262902	-0.202789	-0.141525	-0.079198	0	
0	0.139271	0.274333	0.397855	0.507088	0.578829	0.601202	0.566106	0.486519	0.381276	0.274682	0.1982	0.169479	0.19143	0.248956	0.33881	0.451434	0.576402	0.69552	0.802075	0.889532	0.911155	0.827948	0.618445	0.320737	-0.0191171	-0.357868	-0.656939	-0.87654	-0.998239	-1.00367	-0.894962	-0.679226	-0.369827	0.00684695	0.40522	0.777453	1.07177	1.26877	1.35824	1.35662	1.30022	1.21017	1.09348	0.947003	0.776652	0.608867	0.458141	0.342214	0.263611	0.20958	0.16968	0.127881	0.06839	-0.000912871	-0.0790852	-0.153416	-0.221951	-0.285669	-0.353525	-0.424396	-0.495102	-0.560035	-0.608211	-0.624698	-0.602029	-0.551323	-0.475823	-0.385864	-0.291024	-0.196642	-0.116756	-0.0596531	-0.0157797	0.00546207	-0.00790449	-0.0492394	-0.104579	-0.168961	-0.249172	-0.340035	-0.424146	-0.480643	-0.515763	-0.54085	-0.549313	-0.530509	-0.488292	-0.442055	-0.396442	-0.361932	-0.335226	-0.302228	-0.268722	-0.227303	-0.179595	-0.134644	-0.092625	-0.0518995	0	
0	0.143691	0.275822	0.391894	0.485183	0.539443	0.537992	0.476953	0.376378	0.260513	0.159286	0.0978787	0.0900274	0.130815	0.204046	0.302469	0.426994	0.563148	0.694082	0.801859	0.875997	0.881416	0.780763	0.559405	0.256619	-0.082839	-0.412742	-0.697064	-0.904454	-1.00792	-1.00032	-0.886975	-0.676769	-0.383025	-0.0276823	0.361305	0.729839	1.03217	1.245	1.35662	1.3827	1.35457	1.2785	1.17159	1.03049	0.868307	0.706378	0.560727	0.441886	0.351926	0.281979	0.230329	0.176988	0.105685	0.0166503	-0.0870846	-0.192038	-0.293254	-0.389867	-0.486004	-0.580685	-0.665611	-0.728296	-0.77109	-0.781331	-0.747746	-0.674835	-0.580011	-0.477898	-0.374768	-0.283405	-0.209355	-0.156154	-0.11585	-0.0921751	-0.0980823	-0.135287	-0.19091	-0.248178	-0.304897	-0.366353	-0.420293	-0.443198	-0.445278	-0.437898	-0.418148	-0.381119	-0.325589	-0.273608	-0.233514	-0.205646	-0.191596	-0.175586	-0.150784	-0.119753	-0.0836307	-0.0495627	-0.0257913	-0.0115386	0	
0	0.141745	0.265718	0.365498	0.439478	0.473417	0.452481	0.372245	0.259846	0.141528	0.0536515	0.00996783	0.0249562	0.0838898	0.171617	0.282082	0.413755	0.560259	0.69318	0.792912	0.844423	0.823993	0.701205	0.468937	0.157596	-0.181566	-0.502287	-0.771801	-0.956186	-1.04064	-1.02149	-0.90745	-0.71001	-0.437899	-0.0990079	0.272617	0.635955	0.944166	1.17019	1.30022	1.35457	1.34255	1.27952	1.18501	1.06295	0.922873	0.776304	0.633157	0.506603	0.402819	0.324868	0.274349	0.219149	0.143043	0.0399008	-0.0874671	-0.222459	-0.356587	-0.488516	-0.614584	-0.728017	-0.819373	-0.883493	-0.922085	-0.930952	-0.892412	-0.809897	-0.706752	-0.595386	-0.488522	-0.401921	-0.338083	-0.285818	-0.243534	-0.214079	-0.204279	-0.226812	-0.26872	-0.307123	-0.334003	-0.356303	-0.367049	-0.351103	-0.318033	-0.275739	-0.231607	-0.183565	-0.131039	-0.0950829	-0.0722545	-0.0550972	-0.0453747	-0.0328093	-0.0204575	-0.010621	0.00455293	0.0174151	0.0235241	0.0208735	0	
