0	0	0	0	0	0	0	0	0	0	0	0	0	0	0	0	0	0	0	0	0	0	0	0	0	0	0	0	0	0	0	0	0	0	0	0	0	0	0	0	0	0	0	0	0	0	0	0	0	0	0	0	0	0	0	0	0	0	0	0	0	0	0	0	0	0	0	0	0	0	0	0	0	0	0	0	0	0	0	0	0	0	0	0	0	0	0	0	0	0	0	0	0	0	0	0	0	0	0	0	
0	0.142514	0.246895	0.331458	0.41115	0.46169	0.456809	0.398677	0.31791	0.229539	0.118268	-0.0117571	-0.130581	-0.207798	-0.22701	-0.198752	-0.148998	-0.0987736	-0.056589	-0.0259294	-0.00427227	0.0117237	0.0228649	0.0316951	0.0380825	0.0426227	0.0461644	0.0480847	0.0496287	0.0501587	0.0502046	0.0498256	0.0484979	0.0468512	0.0438763	0.0399684	0.0347514	0.027757	0.0196241	0.0103886	0.000155274	-0.00788745	-0.0140017	-0.0144158	-0.00506296	0.0132456	0.0435987	0.0837739	0.127331	0.169851	0.205509	0.22427	0.221585	0.193338	0.137708	0.0616677	-0.031993	-0.130118	-0.210996	-0.2831	-0.357214	-0.405055	-0.408538	-0.392426	-0.369169	-0.315872	-0.225674	-0.127807	-0.0445697	0.0337795	0.121123	0.205667	0.258484	0.261772	0.222282	0.1624	0.104018	0.0592499	0.030354	0.0141137	0.00600078	0.00234767	0.000849635	0.000285747	8.96625e-05	2.63413e-05	7.26784e-06	1.8885e-06	4.63293e-07	1.07546e-07	2.36716e-08	4.94958e-09	9.84833e-10	1.86768e-10	3.38084e-11	5.84956e-12	9.68609e-13	1.53619e-13	2.291e-14	0	
0	0.246895	0.475071	0.658693	0.787016	0.856271	0.842333	0.742702	0.596374	0.419334	0.203728	-0.0339469	-0.245563	-0.373615	-0.397262	-0.339868	-0.245045	-0.150439	-0.0748596	-0.0234667	0.00949946	0.0292218	0.0415401	0.0495438	0.0545869	0.0583959	0.0607228	0.062334	0.0634591	0.0637396	0.0641257	0.0634728	0.0631152	0.0613391	0.0598588	0.0564001	0.0529274	0.0475111	0.04129	0.034523	0.0274786	0.0218816	0.0209416	0.0251042	0.0405644	0.0694083	0.114241	0.174497	0.246459	0.319674	0.379846	0.409843	0.396132	0.337061	0.231858	0.0919243	-0.0671523	-0.243241	-0.420258	-0.572986	-0.694058	-0.773725	-0.798241	-0.775801	-0.715222	-0.603009	-0.438655	-0.256827	-0.0873172	0.0759343	0.24528	0.400164	0.49567	0.502906	0.432125	0.32135	0.210207	0.122512	0.0642786	0.030621	0.0133394	0.00534608	0.00198139	0.00068217	0.000219031	6.58142e-05	1.85641e-05	4.92912e-06	1.23507e-06	2.92698e-07	6.57432e-08	1.40219e-08	2.84471e-09	5.49851e-10	1.01408e-10	1.78696e-11	3.01254e-12	4.86254e-13	7.37315e-14	0	
0	0.331458	0.658693	0.922255	1.09024	1.1636	1.12779	0.990291	0.777322	0.511329	0.221559	-0.0673026	-0.308379	-0.44661	-0.466787	-0.391323	-0.270945	-0.150615	-0.0587628	-0.000332607	0.0307362	0.0440401	0.0488915	0.0490667	0.0485503	0.048028	0.0471678	0.0475152	0.0470319	0.047359	0.0473908	0.0471722	0.0477502	0.0473039	0.0484221	0.0489172	0.0508663	0.0538088	0.0583025	0.0646607	0.0751551	0.0871655	0.105844	0.129537	0.159047	0.197329	0.244815	0.30069	0.362906	0.426209	0.476289	0.501686	0.481931	0.407162	0.276676	0.0880243	-0.13418	-0.370603	-0.616492	-0.83488	-0.993464	-1.0998	-1.15075	-1.12324	-1.01637	-0.847466	-0.629655	-0.380169	-0.122606	0.12963	0.369336	0.571844	0.694414	0.707125	0.619088	0.473247	0.319735	0.192907	0.104861	0.0517515	0.023343	0.00967878	0.00370769	0.00131805	0.000436518	0.000135155	3.92445e-05	1.07166e-05	2.75913e-06	6.71317e-07	1.54681e-07	3.38174e-08	7.02767e-09	1.39047e-09	2.62336e-10	4.72617e-11	8.14118e-12	1.34193e-12	2.07521e-13	0	
0	0.41115	0.787016	1.09024	1.28497	1.34443	1.28127	1.11409	0.842112	0.512277	0.18536	-0.106672	-0.327431	-0.453381	-0.467526	-0.385808	-0.254487	-0.11901	-0.0154349	0.049388	0.0790532	0.0880875	0.0842756	0.0772922	0.0699502	0.0634185	0.0591147	0.0559936	0.0538698	0.0533293	0.0526487	0.0538209	0.0546934	0.0580265	0.0612895	0.0684838	0.0765243	0.0896232	0.106533	0.128097	0.156135	0.189739	0.226854	0.270196	0.313931	0.357526	0.397137	0.435373	0.465567	0.490414	0.504727	0.501295	0.468858	0.381365	0.23706	0.0304315	-0.235176	-0.517345	-0.792116	-1.04645	-1.24768	-1.38168	-1.44192	-1.40208	-1.25959	-1.04868	-0.789863	-0.482393	-0.143042	0.189773	0.482194	0.709444	0.844483	0.865223	0.776094	0.614343	0.432128	0.272006	0.154296	0.0794012	0.0372954	0.0160785	0.00639384	0.00235576	0.000807395	0.000258331	7.74102e-05	2.17876e-05	5.77502e-06	1.445e-06	3.42063e-07	7.67598e-08	1.63589e-08	3.31672e-09	6.40736e-10	1.18115e-10	2.08052e-11	3.50447e-12	5.53016e-13	0	
0	0.46169	0.856271	1.1636	1.34443	1.37514	1.29169	1.09767	0.795939	0.449741	0.118602	-0.147093	-0.333913	-0.442085	-0.452326	-0.377267	-0.240009	-0.08989	0.0365806	0.121762	0.167202	0.182224	0.179618	0.170498	0.158067	0.147049	0.138824	0.131004	0.127799	0.124394	0.124511	0.126125	0.129021	0.136066	0.143017	0.155752	0.169646	0.189076	0.212306	0.241906	0.274544	0.316169	0.358489	0.404993	0.449843	0.491514	0.51978	0.534863	0.534347	0.513819	0.482817	0.431341	0.362138	0.256822	0.0967327	-0.106844	-0.362584	-0.65601	-0.946709	-1.22009	-1.4503	-1.59767	-1.64856	-1.59725	-1.44201	-1.2053	-0.907232	-0.547991	-0.14604	0.243866	0.56844	0.804251	0.943154	0.975375	0.899842	0.740993	0.545176	0.359553	0.213613	0.114965	0.0563689	0.025316	0.0104665	0.00400163	0.00142064	0.000470061	0.000145446	4.22128e-05	1.15231e-05	2.96596e-06	7.21472e-07	1.66204e-07	3.63299e-08	7.54844e-09	1.49325e-09	2.81675e-10	5.07359e-11	8.73323e-12	1.40624e-12	0	
0	0.456809	0.842333	1.12779	1.28127	1.29169	1.17325	0.943002	0.647732	0.32623	0.028395	-0.194757	-0.353989	-0.444292	-0.460725	-0.394431	-0.253199	-0.0845101	0.0774887	0.197971	0.273548	0.305809	0.316246	0.308301	0.296643	0.283345	0.271177	0.261598	0.255388	0.251046	0.251152	0.253007	0.258959	0.267204	0.279577	0.293731	0.312784	0.333348	0.357294	0.384823	0.412972	0.443994	0.477095	0.508796	0.539141	0.56337	0.580346	0.573424	0.547328	0.485957	0.399252	0.29438	0.173324	0.0498002	-0.104333	-0.297656	-0.525418	-0.796372	-1.08404	-1.35534	-1.58297	-1.72541	-1.76626	-1.7133	-1.56041	-1.30625	-0.970381	-0.572157	-0.13818	0.276756	0.614676	0.852216	0.993818	1.04144	0.99036	0.850051	0.655375	0.453584	0.28258	0.159194	0.0815265	0.038157	0.0164043	0.00650854	0.00239339	0.000818893	0.000261606	7.82799e-05	2.2003e-05	5.82474e-06	1.45568e-06	3.44191e-07	7.71511e-08	1.64246e-08	3.32654e-09	6.41985e-10	1.18227e-10	2.07929e-11	3.41577e-12	0	
0	0.398677	0.742702	0.990291	1.11409	1.09767	0.943002	0.707893	0.445593	0.165137	-0.0900816	-0.292687	-0.432904	-0.502998	-0.512436	-0.43694	-0.291656	-0.0977581	0.0976285	0.256911	0.36307	0.422291	0.445316	0.444892	0.436392	0.422838	0.408873	0.400155	0.39	0.38817	0.385723	0.389497	0.396261	0.404929	0.420405	0.434536	0.45586	0.475839	0.499557	0.52117	0.544603	0.560371	0.576115	0.581069	0.582394	0.568704	0.548927	0.512268	0.456973	0.377455	0.256415	0.114715	-0.044929	-0.201122	-0.349515	-0.519952	-0.718272	-0.949279	-1.19967	-1.43463	-1.63245	-1.76462	-1.80619	-1.75625	-1.60468	-1.33797	-0.977867	-0.564955	-0.132913	0.2768	0.614559	0.854676	1.0035	1.07038	1.05006	0.939289	0.758671	0.550883	0.35979	0.212103	0.113413	0.0552952	0.0247093	0.0101693	0.00387179	0.00136925	0.000451429	0.000139212	4.02756e-05	1.09616e-05	2.81347e-06	6.82553e-07	1.5684e-07	3.42004e-08	7.0897e-09	1.39943e-09	2.63424e-10	4.73236e-11	7.92908e-12	0	
0	0.31791	0.596374	0.777322	0.842112	0.795939	0.647732	0.445593	0.221689	-0.0160835	-0.24755	-0.443785	-0.561328	-0.610622	-0.600396	-0.523868	-0.378911	-0.171246	0.04631	0.242866	0.38571	0.47967	0.522726	0.543511	0.543025	0.538012	0.529432	0.522686	0.516023	0.514095	0.512586	0.515355	0.520351	0.527403	0.537648	0.549301	0.562212	0.576348	0.590071	0.600862	0.610491	0.611635	0.606094	0.587709	0.555061	0.509366	0.443331	0.367008	0.273568	0.176973	0.055579	-0.0961031	-0.267502	-0.449126	-0.615028	-0.769154	-0.923183	-1.08966	-1.27435	-1.45396	-1.61202	-1.7309	-1.77412	-1.72168	-1.56622	-1.29931	-0.942902	-0.545938	-0.14361	0.240091	0.570204	0.817392	0.980374	1.06986	1.08271	1.00767	0.851248	0.647593	0.442907	0.272965	0.152264	0.0772722	0.0358645	0.0153001	0.00602722	0.00220175	0.000748694	0.000237809	7.07776e-05	1.97943e-05	5.2153e-06	1.29759e-06	3.05525e-07	6.8213e-08	1.44674e-08	2.91976e-09	5.61575e-10	1.03017e-10	1.75986e-11	0	
0	0.229539	0.419334	0.511329	0.512277	0.449741	0.32623	0.165137	-0.0160835	-0.215683	-0.423461	-0.59801	-0.701736	-0.746184	-0.739526	-0.680468	-0.544534	-0.343681	-0.105434	0.126661	0.316365	0.449617	0.532494	0.578952	0.599626	0.608742	0.611788	0.60955	0.61098	0.60752	0.609509	0.608755	0.610273	0.612931	0.612727	0.616458	0.613919	0.613788	0.607144	0.598699	0.58256	0.562172	0.529462	0.491721	0.43379	0.365766	0.27931	0.176067	0.0549747	-0.0712765	-0.196712	-0.341794	-0.510109	-0.691712	-0.857194	-0.993739	-1.10337	-1.19771	-1.30551	-1.42645	-1.54181	-1.63436	-1.66556	-1.60492	-1.45152	-1.20758	-0.888141	-0.534097	-0.17741	0.170865	0.490229	0.748651	0.932094	1.04677	1.09255	1.05541	0.93014	0.739846	0.529009	0.340386	0.197848	0.104403	0.0502817	0.0222153	0.00904731	0.00341124	0.00119552	0.000390854	0.000119591	3.43467e-05	9.28406e-06	2.36763e-06	5.7093e-07	1.30446e-07	2.82926e-08	5.83532e-09	1.14629e-09	2.14633e-10	3.73689e-11	0	
0	0.118268	0.203728	0.221559	0.18536	0.118602	0.028395	-0.0900816	-0.24755	-0.423461	-0.598545	-0.751062	-0.856813	-0.917397	-0.93088	-0.888129	-0.772922	-0.582277	-0.331398	-0.0710598	0.159453	0.334269	0.455442	0.52714	0.57121	0.59349	0.607052	0.613004	0.617728	0.618283	0.619541	0.61812	0.615816	0.612417	0.605548	0.597387	0.584186	0.567326	0.544302	0.514867	0.477335	0.432658	0.375887	0.313125	0.239979	0.151758	0.054492	-0.0572674	-0.190885	-0.338335	-0.478651	-0.611545	-0.749664	-0.90489	-1.04933	-1.15521	-1.22522	-1.26626	-1.30663	-1.36436	-1.42532	-1.47383	-1.48148	-1.41844	-1.28593	-1.09081	-0.834811	-0.540124	-0.233461	0.0786966	0.386275	0.657383	0.865037	1.00654	1.08369	1.08379	0.993558	0.824269	0.614972	0.412467	0.249475	0.136721	0.0682509	0.0311974	0.0131223	0.00510209	0.00184131	0.000619109	0.000194594	5.73512e-05	1.5893e-05	4.15161e-06	1.02464e-06	2.39434e-07	5.30765e-08	1.11814e-08	2.24218e-09	4.2831e-10	7.59641e-11	0	
0	-0.0117571	-0.0339469	-0.0673026	-0.106672	-0.147093	-0.194757	-0.292687	-0.443785	-0.59801	-0.751062	-0.899801	-1.03367	-1.12979	-1.16047	-1.13317	-1.03585	-0.858602	-0.608598	-0.332471	-0.0737125	0.135499	0.285185	0.383397	0.445038	0.481331	0.504329	0.517853	0.526174	0.53029	0.53113	0.528618	0.523111	0.514045	0.501173	0.483923	0.462086	0.432909	0.399413	0.355085	0.303198	0.242609	0.168214	0.0836806	-0.0083311	-0.112568	-0.22528	-0.335761	-0.45707	-0.600691	-0.741932	-0.864634	-0.963262	-1.06113	-1.1669	-1.24854	-1.29063	-1.29234	-1.27383	-1.2625	-1.2576	-1.25452	-1.24212	-1.1941	-1.10399	-0.97483	-0.794641	-0.564533	-0.305105	-0.025355	0.269813	0.55189	0.784335	0.953249	1.05982	1.09484	1.04094	0.89832	0.697828	0.487008	0.30605	0.173957	0.0898981	0.0424646	0.0184276	0.00738094	0.00274034	0.000946728	0.000305414	9.22924e-05	2.61998e-05	7.00512e-06	1.76826e-06	4.2231e-07	9.56177e-08	2.05618e-08	4.20655e-09	8.19317e-10	1.47944e-10	0	
0	-0.130581	-0.245563	-0.308379	-0.327431	-0.333913	-0.353989	-0.432904	-0.561328	-0.701736	-0.856813	-1.03367	-1.21866	-1.34312	-1.39228	-1.38766	-1.32058	-1.17125	-0.935959	-0.663132	-0.383809	-0.14833	0.0325844	0.155555	0.238959	0.288701	0.324039	0.343478	0.357639	0.363978	0.364603	0.361962	0.350732	0.338258	0.316577	0.290787	0.259517	0.218568	0.173235	0.120315	0.0543858	-0.013704	-0.0947134	-0.188546	-0.285748	-0.393684	-0.514498	-0.631199	-0.727523	-0.83205	-0.945741	-1.0467	-1.11972	-1.17217	-1.22707	-1.27464	-1.29298	-1.26289	-1.19024	-1.11169	-1.04603	-1.00196	-0.98426	-0.969179	-0.934892	-0.874976	-0.768947	-0.600723	-0.383468	-0.131678	0.150209	0.439208	0.694201	0.889995	1.0241	1.09104	1.07278	0.960429	0.775034	0.561739	0.36618	0.215547	0.11516	0.056143	0.0251059	0.0103474	0.00394797	0.00140002	0.000463105	0.000143358	4.16524e-05	1.13894e-05	2.93804e-06	7.16609e-07	1.65601e-07	3.63255e-08	7.5766e-09	1.50369e-09	2.7627e-10	0	
0	-0.207798	-0.373615	-0.44661	-0.453381	-0.442085	-0.444292	-0.502998	-0.610622	-0.746184	-0.917397	-1.12979	-1.34312	-1.4934	-1.58978	-1.63648	-1.61637	-1.4994	-1.301	-1.03601	-0.744861	-0.486641	-0.28107	-0.130627	-0.0324435	0.0340767	0.0756828	0.103866	0.119521	0.130172	0.129681	0.126603	0.113912	0.0947931	0.0716807	0.0353721	-0.00175263	-0.0507234	-0.10841	-0.167637	-0.240307	-0.318871	-0.394709	-0.486473	-0.57739	-0.662094	-0.757222	-0.864867	-0.952969	-1.02055	-1.09137	-1.16316	-1.20987	-1.22625	-1.23668	-1.23931	-1.21948	-1.15819	-1.04642	-0.920985	-0.818147	-0.7552	-0.746123	-0.77121	-0.793608	-0.79517	-0.752803	-0.639824	-0.460396	-0.23337	0.0340899	0.324932	0.598261	0.819276	0.979185	1.07498	1.09037	1.00998	0.844655	0.634522	0.428302	0.260683	0.143777	0.072246	0.0332486	0.0140837	0.00551579	0.00200554	0.000679517	0.000215264	6.3953e-05	1.78675e-05	4.70619e-06	1.1713e-06	2.7604e-07	6.17182e-08	1.31145e-08	2.65024e-09	4.95098e-10	0	
0	-0.22701	-0.397262	-0.466787	-0.467526	-0.452326	-0.460725	-0.512436	-0.600396	-0.739526	-0.93088	-1.16047	-1.39228	-1.58978	-1.75082	-1.84552	-1.85901	-1.78885	-1.63455	-1.3846	-1.10432	-0.840418	-0.619109	-0.454318	-0.348247	-0.269158	-0.227499	-0.193497	-0.177119	-0.167321	-0.164213	-0.172536	-0.180742	-0.204932	-0.226878	-0.262452	-0.303231	-0.346835	-0.404823	-0.46335	-0.526468	-0.603736	-0.673916	-0.746872	-0.831141	-0.902767	-0.960125	-1.0317	-1.10039	-1.14822	-1.18069	-1.21416	-1.23729	-1.21836	-1.17706	-1.12975	-1.06944	-0.985034	-0.859459	-0.718871	-0.608072	-0.547619	-0.553208	-0.612586	-0.681798	-0.731798	-0.739788	-0.674429	-0.529991	-0.32622	-0.0743995	0.213286	0.499725	0.743308	0.927316	1.04916	1.0955	1.04716	0.905434	0.703513	0.490817	0.308373	0.17531	0.0906638	0.042883	0.0186446	0.00748616	0.00278763	0.000966366	0.00031295	9.49702e-05	2.70836e-05	7.27692e-06	1.8464e-06	4.43377e-07	1.00958e-07	2.18376e-08	4.49003e-09	8.52252e-10	0	
0	-0.198752	-0.339868	-0.391323	-0.385808	-0.377267	-0.394431	-0.43694	-0.523868	-0.680468	-0.888129	-1.13317	-1.38766	-1.63648	-1.84552	-1.97074	-2.02823	-2.01469	-1.90366	-1.68919	-1.43729	-1.17358	-0.945659	-0.77828	-0.659583	-0.579668	-0.535043	-0.499646	-0.483858	-0.474054	-0.469922	-0.479165	-0.486003	-0.508566	-0.530587	-0.560887	-0.598743	-0.637715	-0.682003	-0.736412	-0.780713	-0.841336	-0.899262	-0.951485	-1.00802	-1.07273	-1.11163	-1.14677	-1.1858	-1.20657	-1.20835	-1.19516	-1.17712	-1.1272	-1.04523	-0.955891	-0.865109	-0.774524	-0.664335	-0.539443	-0.441549	-0.394271	-0.412526	-0.493145	-0.594209	-0.678911	-0.724927	-0.700075	-0.588894	-0.408118	-0.173005	0.107286	0.401424	0.664176	0.870454	1.01586	1.09021	1.07281	0.956773	0.767264	0.552215	0.357525	0.209166	0.111165	0.0539622	0.0240489	0.00988671	0.00376568	0.00133405	0.000441135	0.000136595	3.97204e-05	1.08756e-05	2.81053e-06	6.87026e-07	1.59176e-07	3.50178e-08	7.31948e-09	1.41048e-09	0	
0	-0.148998	-0.245045	-0.270945	-0.254487	-0.240009	-0.253199	-0.291656	-0.378911	-0.544534	-0.772922	-1.03585	-1.32058	-1.61637	-1.85901	-2.02823	-2.13867	-2.17867	-2.10788	-1.93902	-1.71058	-1.44935	-1.2237	-1.0499	-0.921211	-0.845543	-0.793596	-0.763203	-0.746962	-0.736696	-0.735579	-0.739423	-0.749693	-0.76357	-0.786534	-0.809018	-0.839987	-0.876224	-0.906055	-0.953624	-0.987879	-1.02595	-1.06951	-1.10349	-1.12993	-1.16471	-1.19088	-1.19367	-1.19644	-1.18205	-1.14664	-1.09414	-1.03813	-0.960912	-0.853753	-0.746627	-0.650613	-0.571018	-0.492518	-0.401889	-0.327503	-0.294172	-0.317866	-0.405656	-0.524029	-0.631733	-0.705767	-0.715124	-0.635814	-0.478364	-0.260763	0.00894051	0.305776	0.583866	0.810356	0.977139	1.07654	1.08819	0.99866	0.824773	0.611172	0.407026	0.244644	0.133408	0.0663633	0.0302729	0.0127255	0.0049513	0.00179032	0.000603784	0.000190544	5.64359e-05	1.573e-05	4.13599e-06	1.02819e-06	2.42158e-07	5.41325e-08	1.14923e-08	2.24647e-09	0	
0	-0.0987736	-0.150439	-0.150615	-0.11901	-0.08989	-0.0845101	-0.0977581	-0.171246	-0.343681	-0.582277	-0.858602	-1.17125	-1.4994	-1.78885	-2.01469	-2.17867	-2.25986	-2.23167	-2.11311	-1.90397	-1.66044	-1.43888	-1.26078	-1.13023	-1.0577	-1.00082	-0.979554	-0.960419	-0.953091	-0.954538	-0.951387	-0.966514	-0.96875	-0.990698	-1.00387	-1.02457	-1.05004	-1.07135	-1.09589	-1.12678	-1.1431	-1.16679	-1.18382	-1.18704	-1.18178	-1.17446	-1.14785	-1.11637	-1.07015	-1.00325	-0.917437	-0.834301	-0.75338	-0.649967	-0.54513	-0.460939	-0.405297	-0.363179	-0.309013	-0.258447	-0.235991	-0.258266	-0.341847	-0.465734	-0.587531	-0.682014	-0.719997	-0.670906	-0.537123	-0.337536	-0.0805635	0.214734	0.504228	0.748628	0.934786	1.05649	1.0948	1.03155	0.875476	0.666607	0.455814	0.280984	0.15696	0.0798902	0.0372482	0.0159876	0.00634594	0.002339	0.000803515	0.000258131	7.77827e-05	2.20451e-05	5.89127e-06	1.48786e-06	3.55856e-07	8.0753e-08	1.73964e-08	3.44648e-09	0	
0	-0.056589	-0.0748596	-0.0587628	-0.0154349	0.0365806	0.0774887	0.0976285	0.04631	-0.105434	-0.331398	-0.608598	-0.935959	-1.301	-1.63455	-1.90366	-2.10788	-2.23167	-2.26367	-2.18922	-2.01607	-1.79749	-1.58542	-1.40529	-1.28217	-1.20189	-1.15316	-1.12963	-1.11411	-1.10816	-1.10749	-1.10657	-1.11349	-1.11773	-1.12687	-1.13663	-1.14615	-1.15549	-1.16661	-1.16923	-1.1761	-1.17385	-1.16863	-1.15733	-1.13968	-1.11045	-1.07282	-1.01069	-0.947131	-0.881722	-0.802373	-0.710153	-0.620713	-0.546063	-0.465298	-0.384066	-0.320019	-0.286553	-0.275967	-0.253599	-0.221682	-0.20536	-0.222284	-0.295104	-0.416156	-0.545379	-0.654611	-0.716251	-0.695223	-0.585083	-0.403685	-0.160677	0.129768	0.426919	0.686746	0.890381	1.03186	1.09423	1.05623	0.919205	0.717717	0.502932	0.317406	0.181327	0.0942832	0.0448617	0.0196328	0.00793898	0.00297882	0.00104104	0.000340025	0.000104116	2.99711e-05	8.13138e-06	2.08405e-06	5.05655e-07	1.16366e-07	2.54127e-08	5.0979e-09	0	
0	-0.0259294	-0.0234667	-0.000332607	0.049388	0.121762	0.197971	0.256911	0.242866	0.126661	-0.0710598	-0.332471	-0.663132	-1.03601	-1.3846	-1.68919	-1.93902	-2.11311	-2.18922	-2.16065	-2.02505	-1.8297	-1.62631	-1.45293	-1.32905	-1.2512	-1.20567	-1.18483	-1.17231	-1.16904	-1.16684	-1.16622	-1.1679	-1.16674	-1.16918	-1.16718	-1.16666	-1.16264	-1.15638	-1.14442	-1.13204	-1.1049	-1.07799	-1.0407	-0.991228	-0.936281	-0.887088	-0.818086	-0.738793	-0.665665	-0.591452	-0.508764	-0.431038	-0.378267	-0.326265	-0.271315	-0.228937	-0.211536	-0.220816	-0.222409	-0.204988	-0.191362	-0.201059	-0.260444	-0.373699	-0.505517	-0.625066	-0.705892	-0.710286	-0.623238	-0.459874	-0.231329	0.0518816	0.353351	0.626052	0.845309	1.00428	1.08808	1.07372	0.956117	0.763973	0.547567	0.353159	0.205974	0.109232	0.05296	0.0235961	0.00970681	0.00370263	0.00131468	0.000436027	0.000135505	3.95713e-05	1.0887e-05	2.82853e-06	6.95459e-07	1.62134e-07	3.58576e-08	7.27674e-09	0	
0	-0.00427227	0.00949946	0.0307362	0.0790532	0.167202	0.273548	0.36307	0.38571	0.316365	0.159453	-0.0737125	-0.383809	-0.744861	-1.10432	-1.43729	-1.71058	-1.90397	-2.01607	-2.02505	-1.91848	-1.74614	-1.55745	-1.38764	-1.26929	-1.19353	-1.15241	-1.13488	-1.12656	-1.12369	-1.12335	-1.11904	-1.11758	-1.11028	-1.10245	-1.09257	-1.07672	-1.05907	-1.03922	-1.00683	-0.981032	-0.940937	-0.896202	-0.850775	-0.797625	-0.727414	-0.667188	-0.601457	-0.52995	-0.467287	-0.408851	-0.351161	-0.292773	-0.257812	-0.232492	-0.201893	-0.176731	-0.169256	-0.188125	-0.204531	-0.197981	-0.186242	-0.189093	-0.234724	-0.337506	-0.468519	-0.594943	-0.69098	-0.717811	-0.652753	-0.506938	-0.292787	-0.0183303	0.284662	0.567744	0.800784	0.97516	1.07784	1.08515	0.986626	0.805103	0.589069	0.387548	0.230359	0.12439	0.0613558	0.0277895	0.0116129	0.00449701	0.00162008	0.000544901	0.000171653	5.07914e-05	1.41539e-05	3.72342e-06	9.2669e-07	2.18624e-07	4.89139e-08	1.00319e-08	0	
0	0.0117237	0.0292218	0.0440401	0.0880875	0.182224	0.305809	0.422291	0.47967	0.449617	0.334269	0.135499	-0.14833	-0.486641	-0.840418	-1.17358	-1.44935	-1.66044	-1.79749	-1.8297	-1.74614	-1.59382	-1.40904	-1.24071	-1.12257	-1.04286	-1.00404	-0.986805	-0.979235	-0.979294	-0.975996	-0.973849	-0.966217	-0.957838	-0.943211	-0.926474	-0.90612	-0.87652	-0.851671	-0.810029	-0.773806	-0.728764	-0.679136	-0.627621	-0.578753	-0.52114	-0.467573	-0.417437	-0.358971	-0.313748	-0.276685	-0.239003	-0.200756	-0.184406	-0.178694	-0.164158	-0.149062	-0.145861	-0.168564	-0.194152	-0.1954	-0.185038	-0.182526	-0.215829	-0.307156	-0.434977	-0.565573	-0.673381	-0.719526	-0.674877	-0.5458	-0.345541	-0.0806144	0.221718	0.512858	0.757872	0.945735	1.06488	1.09166	1.01131	0.841049	0.626953	0.419959	0.253953	0.139394	0.0698372	0.0321051	0.0136087	0.00534239	0.00195012	0.000664288	0.000211849	6.34374e-05	1.78841e-05	4.75817e-06	1.19735e-06	2.8554e-07	6.45598e-08	1.33682e-08	0	
0	0.0228649	0.0415401	0.0488915	0.0842756	0.179618	0.316246	0.445316	0.522726	0.532494	0.455442	0.285185	0.0325844	-0.28107	-0.619109	-0.945659	-1.2237	-1.43888	-1.58542	-1.62631	-1.55745	-1.40904	-1.22177	-1.04988	-0.923808	-0.837397	-0.797659	-0.775883	-0.769824	-0.769306	-0.764438	-0.764283	-0.75212	-0.745537	-0.726493	-0.709861	-0.686782	-0.658634	-0.630841	-0.596138	-0.558557	-0.521929	-0.477348	-0.435351	-0.393157	-0.348703	-0.311293	-0.27841	-0.239775	-0.209081	-0.190145	-0.175315	-0.150438	-0.140565	-0.146958	-0.145374	-0.137715	-0.134645	-0.155564	-0.186216	-0.19434	-0.185773	-0.179235	-0.20205	-0.282131	-0.405321	-0.538016	-0.654678	-0.717058	-0.690868	-0.577414	-0.390211	-0.134976	0.165124	0.462263	0.717495	0.917062	1.0504	1.09439	1.03087	0.871924	0.660885	0.44987	0.276259	0.153877	0.078177	0.0364209	0.0156361	0.0062138	0.00229506	0.000790719	0.000254957	7.7165e-05	2.1981e-05	5.90762e-06	1.50135e-06	3.61511e-07	8.25088e-08	1.7232e-08	0	
0	0.0316951	0.0495438	0.0490667	0.0772922	0.170498	0.308301	0.444892	0.543511	0.578952	0.52714	0.383397	0.155555	-0.130627	-0.454318	-0.77828	-1.0499	-1.26078	-1.40529	-1.45293	-1.38764	-1.24071	-1.04988	-0.870372	-0.732236	-0.640662	-0.591418	-0.567796	-0.558751	-0.556499	-0.553048	-0.550276	-0.541906	-0.532499	-0.517885	-0.500749	-0.480674	-0.456147	-0.432382	-0.402498	-0.375545	-0.346767	-0.315943	-0.28781	-0.263191	-0.22913	-0.202836	-0.18926	-0.166342	-0.149929	-0.140737	-0.136308	-0.123871	-0.120354	-0.132054	-0.13571	-0.131683	-0.129121	-0.147586	-0.179972	-0.193107	-0.186853	-0.177942	-0.192269	-0.261894	-0.379716	-0.513023	-0.636156	-0.711864	-0.701939	-0.60272	-0.427477	-0.181603	0.115268	0.416666	0.680443	0.89004	1.03548	1.09437	1.04602	0.89796	0.690665	0.476853	0.296827	0.167483	0.0861433	0.0406061	0.0176297	0.00708194	0.00264296	0.00091974	0.000299445	9.14852e-05	2.62996e-05	7.13154e-06	1.82824e-06	4.43983e-07	1.02175e-07	2.15011e-08	0	
0	0.0380825	0.0545869	0.0485503	0.0699502	0.158067	0.296643	0.436392	0.543025	0.599626	0.57121	0.445038	0.238959	-0.0324435	-0.348247	-0.659583	-0.921211	-1.13023	-1.28217	-1.32905	-1.26929	-1.12257	-0.923808	-0.732236	-0.585094	-0.477627	-0.423904	-0.391022	-0.379603	-0.375326	-0.369868	-0.370292	-0.360018	-0.35765	-0.343053	-0.333583	-0.319517	-0.300557	-0.286628	-0.266144	-0.243214	-0.228418	-0.204628	-0.184432	-0.173123	-0.160565	-0.143267	-0.137075	-0.124765	-0.115875	-0.115536	-0.119527	-0.112111	-0.108774	-0.122894	-0.131738	-0.130421	-0.126334	-0.14128	-0.174538	-0.191922	-0.187933	-0.177672	-0.185437	-0.245879	-0.358179	-0.491091	-0.618806	-0.705198	-0.709209	-0.62261	-0.458021	-0.220794	0.072362	0.376616	0.647382	0.865424	1.02101	1.09254	1.05748	0.919469	0.716202	0.500572	0.315263	0.179883	0.0935097	0.0445277	0.0195207	0.00791484	0.00298036	0.00104615	0.000343461	0.000105788	3.06522e-05	8.37602e-06	2.16347e-06	5.2927e-07	1.22678e-07	2.59844e-08	0	
0	0.0426227	0.0583959	0.048028	0.0634185	0.147049	0.283345	0.422838	0.538012	0.608742	0.59349	0.481331	0.288701	0.0340767	-0.269158	-0.579668	-0.845543	-1.0577	-1.20189	-1.2512	-1.19353	-1.04286	-0.837397	-0.640662	-0.477627	-0.365868	-0.301359	-0.265032	-0.249922	-0.243991	-0.238449	-0.238638	-0.231639	-0.228595	-0.220896	-0.212216	-0.203834	-0.193523	-0.181661	-0.174099	-0.16128	-0.153543	-0.143696	-0.13417	-0.124948	-0.114222	-0.10667	-0.110905	-0.106411	-0.101048	-0.10267	-0.110482	-0.106652	-0.103908	-0.1189	-0.129208	-0.129301	-0.12519	-0.137154	-0.169814	-0.190367	-0.188776	-0.178007	-0.180798	-0.233484	-0.340577	-0.472525	-0.603372	-0.698097	-0.713677	-0.637896	-0.48249	-0.252904	0.0364853	0.342528	0.618856	0.843841	1.00773	1.08972	1.06593	0.936794	0.73748	0.520774	0.331234	0.190778	0.100064	0.0480567	0.0212403	0.00867966	0.00329304	0.00116433	0.000384956	0.00011938	3.48207e-05	9.57686e-06	2.48932e-06	6.1276e-07	1.42887e-07	3.04312e-08	0	
0	0.0461644	0.0607228	0.0471678	0.0591147	0.138824	0.271177	0.408873	0.529432	0.611788	0.607052	0.504329	0.324039	0.0756828	-0.227499	-0.535043	-0.793596	-1.00082	-1.15316	-1.20567	-1.15241	-1.00404	-0.797659	-0.591418	-0.423904	-0.301359	-0.2322	-0.189664	-0.17266	-0.16339	-0.159031	-0.158296	-0.153235	-0.153581	-0.146654	-0.144676	-0.138996	-0.132307	-0.128112	-0.121379	-0.112122	-0.111134	-0.103094	-0.0979067	-0.101887	-0.100846	-0.0927448	-0.097007	-0.0956443	-0.0939086	-0.0961887	-0.105877	-0.106317	-0.10203	-0.114999	-0.127464	-0.129462	-0.124701	-0.133966	-0.165953	-0.188863	-0.189321	-0.178545	-0.177749	-0.22419	-0.326719	-0.457481	-0.590387	-0.691394	-0.716192	-0.649292	-0.501468	-0.278293	0.00763156	0.314702	0.595304	0.825796	0.996267	1.08658	1.07195	0.950275	0.754538	0.537273	0.344463	0.199911	0.105616	0.0510745	0.0227235	0.0093447	0.003567	0.00126862	0.00042183	0.000131539	3.85737e-05	1.06647e-05	2.78629e-06	6.893e-07	1.61521e-07	3.45523e-08	0	
0	0.0480847	0.062334	0.0475152	0.0559936	0.131004	0.261598	0.400155	0.522686	0.60955	0.613004	0.517853	0.343478	0.103866	-0.193497	-0.499646	-0.763203	-0.979554	-1.12963	-1.18483	-1.13488	-0.986805	-0.775883	-0.567796	-0.391022	-0.265032	-0.189664	-0.145057	-0.124752	-0.116108	-0.109677	-0.110918	-0.106152	-0.107072	-0.104373	-0.101688	-0.100987	-0.0980273	-0.0949168	-0.0965865	-0.0911176	-0.092619	-0.090811	-0.087693	-0.0862962	-0.087478	-0.0834059	-0.0917631	-0.093202	-0.0907948	-0.0951275	-0.104592	-0.103472	-0.100172	-0.114419	-0.126913	-0.128986	-0.124216	-0.131818	-0.163052	-0.187557	-0.189638	-0.17908	-0.175817	-0.217541	-0.316401	-0.446025	-0.58022	-0.685723	-0.717447	-0.657394	-0.515446	-0.297293	-0.0142542	0.293345	0.577061	0.811686	0.987095	1.08367	1.07606	0.960224	0.767441	0.549941	0.354738	0.207072	0.110005	0.0534777	0.0239128	0.00988137	0.00378941	0.00135378	0.0004521	0.000141572	4.16863e-05	1.15714e-05	3.03498e-06	7.53692e-07	1.77267e-07	3.8049e-08	0	
0	0.0496287	0.0634591	0.0470319	0.0538698	0.127799	0.255388	0.39	0.516023	0.61098	0.617728	0.526174	0.357639	0.119521	-0.177119	-0.483858	-0.746962	-0.960419	-1.11411	-1.17231	-1.12656	-0.979235	-0.769824	-0.558751	-0.379603	-0.249922	-0.17266	-0.124752	-0.104848	-0.0933587	-0.0886427	-0.0883366	-0.0847494	-0.0868494	-0.0834647	-0.0844513	-0.0827184	-0.0821991	-0.0804479	-0.0821329	-0.077396	-0.0815108	-0.0805033	-0.0798151	-0.0841448	-0.0858452	-0.082388	-0.0889616	-0.0909778	-0.0897868	-0.0915292	-0.10304	-0.105971	-0.100386	-0.111826	-0.125475	-0.129292	-0.124535	-0.130463	-0.160862	-0.186469	-0.189822	-0.179555	-0.174687	-0.213169	-0.309427	-0.438175	-0.573113	-0.681547	-0.717971	-0.662668	-0.524814	-0.310181	-0.0292433	0.27859	0.564374	0.801808	0.980572	1.08142	1.07863	0.966896	0.776258	0.558695	0.361897	0.212096	0.113103	0.0551835	0.0247611	0.010266	0.00394949	0.00141532	0.000474065	0.000148881	4.39619e-05	1.22366e-05	3.21807e-06	8.01259e-07	1.88937e-07	4.06482e-08	0	
0	0.0501587	0.0637396	0.047359	0.0533293	0.124394	0.251046	0.38817	0.514095	0.60752	0.618283	0.53029	0.363978	0.130172	-0.167321	-0.474054	-0.736696	-0.953091	-1.10816	-1.16904	-1.12369	-0.979294	-0.769306	-0.556499	-0.375326	-0.243991	-0.16339	-0.116108	-0.0933587	-0.0831615	-0.0773495	-0.0775794	-0.0749576	-0.0764297	-0.0756019	-0.075477	-0.0763797	-0.0756896	-0.0757346	-0.0776154	-0.0750025	-0.0783259	-0.0774274	-0.0769081	-0.0808668	-0.0850454	-0.0792146	-0.0874737	-0.0905471	-0.0893813	-0.093479	-0.102734	-0.103445	-0.0995652	-0.112458	-0.125848	-0.128999	-0.123982	-0.129647	-0.159952	-0.185965	-0.189835	-0.179797	-0.174145	-0.210848	-0.305661	-0.433919	-0.569212	-0.679167	-0.718127	-0.665439	-0.529846	-0.317155	-0.0373995	0.270521	0.557406	0.79636	0.976941	1.08011	1.07995	0.970477	0.781048	0.563485	0.365835	0.214871	0.114821	0.0561324	0.0252345	0.0104812	0.00403932	0.00144995	0.000486452	0.000153012	4.52512e-05	1.26143e-05	3.32225e-06	8.28383e-07	1.95605e-07	4.2136e-08	0	
0	0.0502046	0.0641257	0.0473908	0.0526487	0.124511	0.251152	0.385723	0.512586	0.609509	0.619541	0.53113	0.364603	0.129681	-0.164213	-0.469922	-0.735579	-0.954538	-1.10749	-1.16684	-1.12335	-0.975996	-0.764438	-0.553048	-0.369868	-0.238449	-0.159031	-0.109677	-0.0886427	-0.0773495	-0.0713868	-0.0724906	-0.0681962	-0.0713646	-0.0691019	-0.070168	-0.0706015	-0.0715246	-0.070235	-0.0759552	-0.071865	-0.077314	-0.0789737	-0.0781018	-0.0788314	-0.0816803	-0.0805957	-0.0882017	-0.0909909	-0.0889388	-0.0913514	-0.102879	-0.105058	-0.0999602	-0.111585	-0.124933	-0.12909	-0.12457	-0.129675	-0.159548	-0.18573	-0.189881	-0.179925	-0.174064	-0.210409	-0.305019	-0.433253	-0.568588	-0.678744	-0.718114	-0.665888	-0.530695	-0.318328	-0.0387622	0.269176	0.556245	0.795449	0.976331	1.07988	1.08017	0.971072	0.781846	0.564284	0.366493	0.215336	0.115109	0.0562913	0.0253139	0.0105173	0.00405438	0.00145575	0.000488531	0.000153706	4.54677e-05	1.26777e-05	3.33976e-06	8.32944e-07	1.96727e-07	4.23864e-08	0	
0	0.0498256	0.0634728	0.0471722	0.0538209	0.126125	0.253007	0.389497	0.515355	0.608755	0.61812	0.528618	0.361962	0.126603	-0.172536	-0.479165	-0.739423	-0.951387	-1.10657	-1.16622	-1.11904	-0.973849	-0.764283	-0.550276	-0.370292	-0.238638	-0.158296	-0.110918	-0.0883366	-0.0775794	-0.0724906	-0.0721378	-0.0701168	-0.0721209	-0.0707703	-0.0723942	-0.0724916	-0.0723563	-0.0733862	-0.0737185	-0.0716964	-0.0756256	-0.0736991	-0.0744595	-0.0820094	-0.0863103	-0.0795941	-0.086923	-0.0898195	-0.0893432	-0.0927217	-0.102516	-0.104494	-0.0999852	-0.112052	-0.125909	-0.129353	-0.123979	-0.129883	-0.160562	-0.186248	-0.189768	-0.179754	-0.174436	-0.211873	-0.307499	-0.436168	-0.571245	-0.680302	-0.717967	-0.664048	-0.527384	-0.313718	-0.0333379	0.274563	0.560903	0.799094	0.978765	1.08077	1.07931	0.968698	0.778659	0.56109	0.363862	0.213478	0.113958	0.0556547	0.0249959	0.0103726	0.00399392	0.00143243	0.000480179	0.000150917	4.45969e-05	1.24224e-05	3.26928e-06	8.1458e-07	1.92209e-07	4.13777e-08	0	
0	0.0484979	0.0631152	0.0477502	0.0546934	0.129021	0.258959	0.396261	0.520351	0.610273	0.615816	0.523111	0.350732	0.113912	-0.180742	-0.486003	-0.749693	-0.966514	-1.11349	-1.1679	-1.11758	-0.966217	-0.75212	-0.541906	-0.360018	-0.231639	-0.153235	-0.106152	-0.0847494	-0.0749576	-0.0681962	-0.0701168	-0.0657088	-0.0686232	-0.0674061	-0.0674844	-0.0691413	-0.0699137	-0.0689841	-0.0753064	-0.0722903	-0.0774319	-0.0797797	-0.0793681	-0.0783591	-0.0804412	-0.0794691	-0.0887215	-0.0916149	-0.0890871	-0.0931802	-0.104063	-0.103614	-0.10007	-0.113613	-0.125903	-0.128886	-0.124542	-0.131356	-0.162049	-0.186888	-0.189686	-0.179508	-0.175313	-0.215287	-0.313158	-0.442676	-0.577131	-0.683733	-0.717559	-0.659801	-0.519813	-0.303247	-0.0210982	0.286655	0.571324	0.807222	0.984156	1.08268	1.07726	0.963286	0.771462	0.553918	0.357981	0.209341	0.111401	0.0542448	0.0242935	0.0100536	0.00386098	0.00138125	0.000461889	0.000144824	4.26973e-05	1.18665e-05	3.11609e-06	7.74736e-07	1.82423e-07	3.91961e-08	0	
0	0.0468512	0.0613391	0.0473039	0.0580265	0.136066	0.267204	0.404929	0.527403	0.612931	0.612417	0.514045	0.338258	0.0947931	-0.204932	-0.508566	-0.76357	-0.96875	-1.11773	-1.16674	-1.11028	-0.957838	-0.745537	-0.532499	-0.35765	-0.228595	-0.153581	-0.107072	-0.0868494	-0.0764297	-0.0713646	-0.0721209	-0.0686232	-0.072639	-0.069469	-0.0725509	-0.0724958	-0.0718213	-0.0740966	-0.0740992	-0.0714133	-0.0763676	-0.0739777	-0.0738771	-0.0821405	-0.0864534	-0.0817122	-0.0889316	-0.08979	-0.0895616	-0.0931695	-0.103226	-0.105246	-0.101517	-0.113692	-0.126934	-0.129781	-0.124299	-0.132705	-0.164815	-0.188279	-0.189421	-0.178993	-0.176861	-0.220914	-0.322133	-0.452775	-0.58612	-0.688794	-0.716599	-0.652882	-0.507754	-0.286748	-0.00198639	0.305389	0.587374	0.819671	0.992306	1.08537	1.07382	0.95468	0.760205	0.542808	0.348935	0.203017	0.107514	0.0521107	0.0232349	0.00957492	0.00366219	0.00130499	0.000434729	0.000135806	3.98948e-05	1.10488e-05	2.89145e-06	7.1648e-07	1.68156e-07	3.60235e-08	0	
0	0.0438763	0.0598588	0.0484221	0.0612895	0.143017	0.279577	0.420405	0.537648	0.612727	0.605548	0.501173	0.316577	0.0716807	-0.226878	-0.530587	-0.786534	-0.990698	-1.12687	-1.16918	-1.10245	-0.943211	-0.726493	-0.517885	-0.343053	-0.220896	-0.146654	-0.104373	-0.0834647	-0.0756019	-0.0691019	-0.0707703	-0.0674061	-0.069469	-0.068825	-0.0689439	-0.0701584	-0.0706189	-0.0708099	-0.0740604	-0.0733573	-0.07781	-0.0784917	-0.0802462	-0.081796	-0.0817778	-0.0792866	-0.0892272	-0.0916043	-0.0899992	-0.095863	-0.106325	-0.102865	-0.10093	-0.117156	-0.12821	-0.128794	-0.124718	-0.135926	-0.168253	-0.18948	-0.188989	-0.178537	-0.179375	-0.22903	-0.334588	-0.46646	-0.598011	-0.695092	-0.714629	-0.642883	-0.490862	-0.263971	0.0240689	0.330653	0.608842	0.836185	1.00291	1.08848	1.06862	0.942651	0.74482	0.527829	0.336863	0.194648	0.102408	0.0493263	0.0218623	0.00895772	0.00340726	0.00120769	0.000400248	0.00012441	3.63695e-05	1.00247e-05	2.61131e-06	6.44132e-07	1.50508e-07	3.21135e-08	0	
0	0.0399684	0.0564001	0.0489172	0.0684838	0.155752	0.293731	0.434536	0.549301	0.616458	0.597387	0.483923	0.290787	0.0353721	-0.262452	-0.560887	-0.809018	-1.00387	-1.13663	-1.16718	-1.09257	-0.926474	-0.709861	-0.500749	-0.333583	-0.212216	-0.144676	-0.101688	-0.0844513	-0.075477	-0.070168	-0.0723942	-0.0674844	-0.0725509	-0.0689439	-0.071435	-0.0727048	-0.0710962	-0.0742281	-0.0753126	-0.0731804	-0.0778772	-0.0772056	-0.0766345	-0.0818809	-0.0837775	-0.0834951	-0.0925809	-0.0907945	-0.0905355	-0.0957282	-0.104828	-0.104559	-0.104272	-0.118132	-0.128704	-0.129687	-0.125496	-0.13909	-0.172441	-0.191153	-0.18837	-0.17805	-0.183212	-0.24011	-0.350744	-0.483674	-0.612481	-0.70207	-0.711026	-0.629257	-0.468681	-0.234604	0.0571326	0.362271	0.635428	0.856409	1.01552	1.09151	1.06121	0.926908	0.725238	0.50909	0.321958	0.184427	0.0962316	0.0459873	0.0202292	0.00822887	0.00310831	0.00109436	0.000360335	0.000111299	3.23375e-05	8.86015e-06	2.29449e-06	5.6275e-07	1.30761e-07	2.7759e-08	0	
0	0.0347514	0.0529274	0.0508663	0.0765243	0.169646	0.312784	0.45586	0.562212	0.613919	0.584186	0.462086	0.259517	-0.00175263	-0.303231	-0.598743	-0.839987	-1.02457	-1.14615	-1.16666	-1.07672	-0.90612	-0.686782	-0.480674	-0.319517	-0.203834	-0.138996	-0.100987	-0.0827184	-0.0763797	-0.0706015	-0.0724916	-0.0691413	-0.0724958	-0.0701584	-0.0727048	-0.072882	-0.0721811	-0.0757961	-0.073896	-0.0747697	-0.0792573	-0.0766931	-0.0783222	-0.0847489	-0.0849683	-0.0829876	-0.0909684	-0.0904295	-0.0916673	-0.0992252	-0.1082	-0.103161	-0.104315	-0.121892	-0.130703	-0.128804	-0.12631	-0.144344	-0.177511	-0.192319	-0.187327	-0.177981	-0.189009	-0.254637	-0.370769	-0.504289	-0.629078	-0.708986	-0.705004	-0.611333	-0.440659	-0.198292	0.0972343	0.399982	0.666736	0.879881	1.0296	1.09383	1.05104	0.907119	0.701408	0.48675	0.304469	0.172594	0.0891643	0.0422069	0.0183983	0.00741908	0.00277901	0.000970521	0.000317064	9.71908e-05	2.80301e-05	7.62474e-06	1.96068e-06	4.77574e-07	1.10226e-07	2.32569e-08	0	
0	0.027757	0.0475111	0.0538088	0.0896232	0.189076	0.333348	0.475839	0.576348	0.613788	0.567326	0.432909	0.218568	-0.0507234	-0.346835	-0.637715	-0.876224	-1.05004	-1.15549	-1.16264	-1.05907	-0.87652	-0.658634	-0.456147	-0.300557	-0.193523	-0.132307	-0.0980273	-0.0821991	-0.0756896	-0.0715246	-0.0723563	-0.0699137	-0.0718213	-0.0706189	-0.0710962	-0.0721811	-0.071235	-0.0737481	-0.0735387	-0.0763193	-0.0780632	-0.0792274	-0.0830384	-0.0862828	-0.0810875	-0.084394	-0.0943551	-0.0921869	-0.0934759	-0.100015	-0.10763	-0.103601	-0.108223	-0.124699	-0.130934	-0.129032	-0.128822	-0.150257	-0.182506	-0.193271	-0.186183	-0.178623	-0.197388	-0.273187	-0.394818	-0.528059	-0.647156	-0.714896	-0.69562	-0.588329	-0.406171	-0.154675	0.144332	0.443421	0.702264	0.906023	1.04445	1.09469	1.03746	0.882936	0.67332	0.461036	0.284708	0.159431	0.0814102	0.0381106	0.016437	0.00656097	0.00243358	0.000841874	0.000272525	8.27978e-05	2.36733e-05	6.38546e-06	1.62852e-06	3.93482e-07	9.01067e-08	1.88762e-08	0	
0	0.0196241	0.04129	0.0583025	0.106533	0.212306	0.357294	0.499557	0.590071	0.607144	0.544302	0.399413	0.173235	-0.10841	-0.404823	-0.682003	-0.906055	-1.07135	-1.16661	-1.15638	-1.03922	-0.851671	-0.630841	-0.432382	-0.286628	-0.181661	-0.128112	-0.0949168	-0.0804479	-0.0757346	-0.070235	-0.0733862	-0.0689841	-0.0740966	-0.0708099	-0.0742281	-0.0757961	-0.0737481	-0.0800843	-0.0773268	-0.0783935	-0.0817032	-0.0796047	-0.0783859	-0.0825194	-0.08486	-0.089875	-0.0952225	-0.0907407	-0.0942843	-0.103993	-0.10869	-0.103009	-0.111876	-0.128418	-0.131839	-0.128888	-0.131736	-0.157672	-0.187967	-0.193562	-0.184716	-0.180595	-0.20933	-0.296329	-0.422892	-0.554565	-0.665848	-0.718638	-0.681792	-0.559374	-0.364543	-0.103428	0.198273	0.492093	0.741397	0.934136	1.05922	1.09318	1.01976	0.854033	0.641031	0.432248	0.263044	0.145255	0.0731911	0.0338306	0.0144149	0.00568711	0.00208591	0.000713824	0.000228663	6.87682e-05	1.94683e-05	5.2008e-06	1.31395e-06	3.14563e-07	7.13904e-08	1.48335e-08	0	
0	0.0103886	0.034523	0.0646607	0.128097	0.241906	0.384823	0.52117	0.600862	0.598699	0.514867	0.355085	0.120315	-0.167637	-0.46335	-0.736412	-0.953624	-1.09589	-1.16923	-1.14442	-1.00683	-0.810029	-0.596138	-0.402498	-0.266144	-0.174099	-0.121379	-0.0965865	-0.0821329	-0.0776154	-0.0759552	-0.0737185	-0.0753064	-0.0740992	-0.0740604	-0.0753126	-0.073896	-0.0735387	-0.0773268	-0.0708893	-0.0789597	-0.0778683	-0.0779087	-0.0849807	-0.0927345	-0.0851301	-0.0893986	-0.0933964	-0.0916886	-0.0986167	-0.105083	-0.10922	-0.105741	-0.115895	-0.130602	-0.132185	-0.129523	-0.136803	-0.166414	-0.192618	-0.192833	-0.183524	-0.184884	-0.225787	-0.324491	-0.454836	-0.583175	-0.68401	-0.718833	-0.662328	-0.52354	-0.315089	-0.0443119	0.258742	0.545357	0.783397	0.963378	1.07293	1.08832	0.997212	0.820138	0.604694	0.400777	0.239905	0.130414	0.0647378	0.0294993	0.0123989	0.00482806	0.00174863	0.000591158	0.000187149	5.56431e-05	1.55782e-05	4.11671e-06	1.0291e-06	2.43833e-07	5.4783e-08	1.12785e-08	0	
0	0.000155274	0.0274786	0.0751551	0.156135	0.274544	0.412972	0.544603	0.610491	0.58256	0.477335	0.303198	0.0543858	-0.240307	-0.526468	-0.780713	-0.987879	-1.12678	-1.1761	-1.13204	-0.981032	-0.773806	-0.558557	-0.375545	-0.243214	-0.16128	-0.112122	-0.0911176	-0.077396	-0.0750025	-0.071865	-0.0716964	-0.0722903	-0.0714133	-0.0733573	-0.0731804	-0.0747697	-0.0763193	-0.0783935	-0.0789597	-0.0841709	-0.0823402	-0.0849587	-0.0876981	-0.08358	-0.081516	-0.0937181	-0.0964872	-0.0955473	-0.100201	-0.109108	-0.109308	-0.104296	-0.121842	-0.135078	-0.131907	-0.13067	-0.14381	-0.175638	-0.1962	-0.191475	-0.183169	-0.192489	-0.247808	-0.357987	-0.490248	-0.61295	-0.700179	-0.713901	-0.635966	-0.47987	-0.257162	0.0227568	0.325226	0.60241	0.827393	0.99276	1.08443	1.079	0.969113	0.781086	0.564587	0.367107	0.215772	0.115272	0.0562807	0.0252432	0.0104506	0.00401068	0.00143241	0.000477757	0.000149284	4.38255e-05	1.21193e-05	3.16438e-06	7.8181e-07	1.83128e-07	4.06869e-08	8.29144e-09	0	
0	-0.00788745	0.0218816	0.0871655	0.189739	0.316169	0.443994	0.560371	0.611635	0.562172	0.432658	0.242609	-0.013704	-0.318871	-0.603736	-0.841336	-1.02595	-1.1431	-1.17385	-1.1049	-0.940937	-0.728764	-0.521929	-0.346767	-0.228418	-0.153543	-0.111134	-0.092619	-0.0815108	-0.0783259	-0.077314	-0.0756256	-0.0774319	-0.0763676	-0.07781	-0.0778772	-0.0792573	-0.0780632	-0.0817032	-0.0778683	-0.0823402	-0.0797487	-0.0822332	-0.0838309	-0.0876184	-0.0911979	-0.0996123	-0.0957642	-0.0938735	-0.103427	-0.110182	-0.1077	-0.111619	-0.129287	-0.134279	-0.13149	-0.134412	-0.152665	-0.185123	-0.198485	-0.189335	-0.184421	-0.204987	-0.27647	-0.396756	-0.528371	-0.642601	-0.71256	-0.702107	-0.601429	-0.427421	-0.190213	0.0976358	0.396966	0.662282	0.872382	1.02112	1.09239	1.06409	0.934826	0.736858	0.521133	0.331817	0.191163	0.100196	0.0480391	0.0211762	0.00862252	0.00325681	0.00114545	0.000376431	0.000115948	3.3569e-05	9.15828e-06	2.35996e-06	5.75617e-07	1.33147e-07	2.92227e-08	5.88893e-09	0	
