0	0	0	0	0	0	0	0	0	0	0	0	0	0	0	0	0	0	0	0	0	0	0	0	0	0	0	0	0	0	0	0	0	0	0	0	0	0	0	0	0	0	0	0	0	0	0	0	0	0	0	0	0	0	0	0	0	0	0	0	0	0	0	0	0	0	0	0	0	0	0	0	0	0	0	0	0	0	0	0	0	0	0	0	0	0	0	0	0	0	0	0	0	0	0	0	0	0	0	0	
0	0.0004079	-0.000305421	0.000479835	0.000562644	-0.000160124	0.000909512	-8.29761e-05	-0.000583	-0.000125757	-0.00130115	-0.0015163	-0.000169191	-0.00102588	6.8469e-05	0.00128349	0.000106553	0.000670025	-0.000781644	-0.000488036	-0.00222187	-0.00270078	-0.00308589	-0.00553129	-0.0128694	-0.0172236	-0.0246235	-0.0315781	-0.039136	-0.0415884	-0.0393073	-0.0280021	-0.00950762	0.0152027	0.0436023	0.0668778	0.0779106	0.0796559	0.0719949	0.0538491	0.0369631	0.0196826	-0.00019394	-0.0196788	-0.0336653	-0.041142	-0.038342	-0.0255341	-0.0112876	-0.000431413	0.00351208	0.00633858	0.00646815	-0.00173966	-0.0103617	-0.0106812	-0.00451306	0.00108527	0.00246105	0.00369094	-0.0010232	-0.00436983	-0.00457063	-0.0027779	0.00220405	0.00276474	-0.00316606	-0.00745249	-0.00247137	0.00467137	0.00393422	-0.0052021	-0.00605089	0.00127515	0.0024905	0.000151482	-0.00393272	-0.00508787	-0.00229061	0.0018909	0.00637679	0.00497842	0.00305263	0.00333543	0.00423357	0.0146026	0.0321789	0.0444749	0.0476802	0.0442943	0.0306003	0.00164864	-0.0355576	-0.0719917	-0.097766	-0.103181	-0.0921808	-0.0684013	-0.0342671	0	
0	-0.000305421	6.02961e-05	-0.0004595	-0.000853003	-8.90657e-05	-0.00124044	0.000184453	0.000195756	0.00109884	0.00148425	0.00202137	0.00196038	-0.000809585	0.00183592	-0.00294659	-0.00199386	0.000654557	-0.00286149	-0.000710717	-0.00130768	-0.00605767	-0.0111089	-0.0169422	-0.0252476	-0.0337681	-0.0506565	-0.0672712	-0.0771938	-0.085099	-0.0811394	-0.0594601	-0.0180578	0.0277714	0.0842022	0.129754	0.154784	0.157283	0.14186	0.10648	0.0728563	0.0390322	-0.00131838	-0.0388688	-0.0670155	-0.0817868	-0.0751296	-0.0512304	-0.0203908	-0.000993168	0.0097489	0.0139949	0.0142613	-0.00106996	-0.0204067	-0.0195271	-0.0106405	0.000685493	0.003463	0.00445616	-0.0035614	-0.00990654	-0.010055	-0.00437847	0.00590062	0.00646039	-0.00257891	-0.0134821	-0.00543677	0.00943517	0.00333355	-0.0125264	-0.0114761	0.000573378	0.00733511	0.00440333	-0.00719493	-0.0099477	-0.00582866	0.000329675	0.0101965	0.0114585	0.0105037	0.00756639	0.00546285	0.0287257	0.0658727	0.087596	0.0935155	0.089505	0.0619516	0.00213133	-0.0718886	-0.142855	-0.193381	-0.20467	-0.183383	-0.13629	-0.0685055	0	
0	0.000479835	-0.0004595	0.000545493	0.000800444	-9.17792e-05	0.00124637	0.000212757	-0.000993554	-0.000299827	-0.00202104	-0.00306116	-0.000167788	-0.00245156	0.000508528	0.0018656	1.66087e-06	0.00207993	-0.00269468	-0.00131867	-0.0056113	-0.00864841	-0.0115131	-0.0181974	-0.036994	-0.0516586	-0.0740364	-0.0956704	-0.115928	-0.124401	-0.117279	-0.0854531	-0.0292808	0.0431687	0.127507	0.195454	0.231402	0.236818	0.214743	0.162254	0.112447	0.0597765	0.00104167	-0.0561702	-0.0984772	-0.121251	-0.11337	-0.0771697	-0.0349527	-0.00343292	0.0106148	0.0187533	0.0186638	-0.00410352	-0.0289082	-0.0301044	-0.0150438	0.00136846	0.00692003	0.00938228	-0.00300029	-0.0129604	-0.0133321	-0.00731004	0.00569866	0.00760104	-0.00786519	-0.0203015	-0.00717827	0.0121293	0.00864297	-0.0145046	-0.0160093	0.00240065	0.0075486	0.00101298	-0.0116199	-0.0144833	-0.00697224	0.00473764	0.0179239	0.0154352	0.00957185	0.00881008	0.0133309	0.0454568	0.0960905	0.131268	0.140785	0.130535	0.0892782	0.0040931	-0.105315	-0.212196	-0.286916	-0.303475	-0.272274	-0.202517	-0.102165	0	
0	0.000562644	-0.000853003	0.000800444	-0.000988493	-0.000185158	-0.000519983	-0.0005114	-6.3781e-06	0.00105281	0.000610582	0.00191803	0.00187087	-0.000673064	0.00155968	-0.00221979	-0.00247549	-0.000117976	-0.00390571	-0.00197506	-0.00473902	-0.0109227	-0.0182174	-0.0323199	-0.0499616	-0.068115	-0.098833	-0.129602	-0.153052	-0.167638	-0.159283	-0.115796	-0.0394777	0.0540743	0.162751	0.25411	0.304259	0.313244	0.282329	0.216867	0.149729	0.0805752	0.00203283	-0.0720194	-0.128639	-0.159401	-0.148439	-0.103431	-0.0465128	-0.0060876	0.015551	0.0261342	0.0252833	-0.00298319	-0.0350342	-0.0381228	-0.0210885	-0.001391	0.00746425	0.00957529	-0.00644681	-0.0172697	-0.0186265	-0.0087549	0.00840715	0.00976175	-0.00622024	-0.0232039	-0.00940725	0.0143533	0.0062385	-0.0204978	-0.020412	0.00108065	0.0110132	0.00411063	-0.0124856	-0.0176346	-0.0110871	0.0034893	0.0200589	0.0195587	0.0165933	0.0142016	0.0173964	0.0605821	0.127176	0.171335	0.185038	0.173662	0.117061	0.00274202	-0.139873	-0.277685	-0.374578	-0.397913	-0.358197	-0.266771	-0.135495	0	
0	-0.000160124	-8.90657e-05	-9.17792e-05	-0.000185158	0.000487291	-0.000197037	0.000703856	-0.000228292	-0.000115312	-0.000318633	-0.00160342	0.000249987	-0.00237475	0.000943135	-0.000436813	-0.000941022	0.00198201	-0.00402608	-0.00296745	-0.00742677	-0.0146594	-0.0231802	-0.0347129	-0.0585844	-0.0856177	-0.122638	-0.159723	-0.18998	-0.205174	-0.193223	-0.1443	-0.0523574	0.0655671	0.201168	0.311541	0.376692	0.388714	0.353482	0.273909	0.19167	0.102991	0.00724669	-0.0845573	-0.156038	-0.194864	-0.18397	-0.130272	-0.06314	-0.0121209	0.0159166	0.0300734	0.0279588	-0.00384749	-0.0407797	-0.0452685	-0.027558	-0.00318573	0.0102214	0.0113411	-0.00511109	-0.0201288	-0.0210367	-0.010158	0.0064751	0.00980325	-0.00939141	-0.027008	-0.0108993	0.0141893	0.00710981	-0.0207654	-0.021207	0.00101716	0.0107409	0.00173595	-0.0171692	-0.0216949	-0.0114849	0.00653695	0.0257286	0.0250243	0.0162944	0.012955	0.0257135	0.0798707	0.157326	0.212037	0.228049	0.209596	0.140001	0.00400047	-0.170546	-0.340517	-0.457579	-0.486537	-0.439255	-0.328005	-0.168166	0	
0	0.000909512	-0.00124044	0.00124637	-0.000519983	-0.000197037	0.000333828	-0.000704049	-0.000485012	-5.30576e-05	-0.000794453	-0.000181712	0.000203091	5.31422e-05	6.76953e-06	0.000482769	-0.000904231	-0.000982275	-0.00357537	-0.00349184	-0.00907605	-0.0155652	-0.0240007	-0.0449959	-0.0720783	-0.103029	-0.144263	-0.186959	-0.224902	-0.245489	-0.232486	-0.170531	-0.0647118	0.075105	0.2305	0.365206	0.444116	0.463096	0.420465	0.332643	0.233403	0.127274	0.0140716	-0.0943055	-0.180147	-0.227691	-0.216796	-0.157124	-0.0807303	-0.0191833	0.0161083	0.0340994	0.0310769	-0.00422655	-0.0420548	-0.0525348	-0.0331385	-0.00714352	0.0103349	0.012603	-0.00715094	-0.0216633	-0.0237847	-0.0122434	0.00576281	0.00871307	-0.0099675	-0.0269311	-0.0115935	0.0120861	0.00544379	-0.0215827	-0.0236411	9.73553e-05	0.0101775	-0.000860293	-0.016481	-0.0221173	-0.0140986	0.00810268	0.0275389	0.0251453	0.0179036	0.0182689	0.0373023	0.0981403	0.183109	0.247048	0.269704	0.247548	0.161091	0.000551391	-0.201243	-0.396366	-0.531754	-0.569106	-0.51554	-0.385236	-0.199511	0	
0	-8.29761e-05	0.000184453	0.000212757	-0.0005114	0.000703856	-0.000704049	0.000404134	0.000333974	0.000291094	0.000669223	0.000752238	0.000178325	-0.000672593	-0.000147354	-0.00201216	-0.00204161	-0.00140452	-0.00341474	-0.0061182	-0.0096388	-0.0194715	-0.0335102	-0.0532511	-0.0798462	-0.11878	-0.167682	-0.218824	-0.26069	-0.281268	-0.265685	-0.200669	-0.080528	0.0810854	0.258669	0.412111	0.507589	0.532543	0.486775	0.39149	0.276415	0.152931	0.0227587	-0.100861	-0.201779	-0.257291	-0.247936	-0.184937	-0.100102	-0.0293279	0.0150835	0.0371841	0.0321808	-0.0016294	-0.0429856	-0.0557944	-0.0396976	-0.0119713	0.0104901	0.0100645	-0.00727954	-0.0237673	-0.0259721	-0.0130219	0.00315088	0.00719726	-0.00945466	-0.0254213	-0.0126297	0.00865464	0.0011823	-0.0218112	-0.0218209	-0.0017083	0.00859078	-0.00123089	-0.0183875	-0.0249625	-0.0144207	0.00866938	0.0283435	0.0298983	0.0207233	0.0185034	0.0457524	0.118069	0.212229	0.282885	0.306444	0.277114	0.177907	-0.00042424	-0.227743	-0.447867	-0.599047	-0.643123	-0.584033	-0.438019	-0.230303	0	
0	-0.000583	0.000195756	-0.000993554	-6.3781e-06	-0.000228292	-0.000485012	0.000333974	-0.000728462	-0.000552492	-0.000555744	-0.00140767	-0.000606227	2.60977e-05	-0.000412107	0.00103265	0.000620073	-0.00151313	-0.00218186	-0.0065254	-0.0115008	-0.0203668	-0.0342591	-0.0570068	-0.0910337	-0.136269	-0.187571	-0.242036	-0.291814	-0.316566	-0.299941	-0.226294	-0.0939064	0.0865046	0.282192	0.456082	0.5682	0.600519	0.553939	0.453316	0.32357	0.182694	0.0371222	-0.102175	-0.217896	-0.28139	-0.276493	-0.21183	-0.122918	-0.0423482	0.0101924	0.0361518	0.0307916	-0.0017994	-0.0423598	-0.059682	-0.0459414	-0.016354	0.00902801	0.00914344	-0.00590689	-0.023161	-0.0252288	-0.0143806	-0.00120029	0.00350098	-0.0115739	-0.0235998	-0.0127321	0.00292989	-0.00134577	-0.0180599	-0.0200033	-0.00310803	0.0044215	-0.00654537	-0.0190611	-0.0242432	-0.0130343	0.0107796	0.0282543	0.0293585	0.0189381	0.0217796	0.0619357	0.140088	0.235168	0.311832	0.341084	0.306274	0.191851	-0.00504567	-0.253158	-0.490869	-0.655196	-0.708765	-0.645974	-0.485199	-0.258301	0	
0	-0.000125757	0.00109884	-0.000299827	0.00105281	-0.000115312	-5.30576e-05	0.000291094	-0.000552492	0.000372816	-2.95883e-05	0.000638653	-0.000639135	0.00100952	-0.00207511	-0.000892254	-0.00158678	-0.00454975	-0.00268814	-0.00863274	-0.0131784	-0.0240597	-0.0402251	-0.0675247	-0.101755	-0.151152	-0.207818	-0.27023	-0.324386	-0.350409	-0.332957	-0.253323	-0.111036	0.0868957	0.298247	0.493168	0.620486	0.662473	0.616043	0.513773	0.369499	0.213381	0.0526109	-0.102104	-0.230831	-0.303058	-0.302213	-0.239756	-0.146678	-0.0577455	0.00448666	0.0346322	0.0303668	0.000928557	-0.0379905	-0.0603667	-0.0499856	-0.0209611	0.00417578	0.00552491	-0.00789367	-0.0230825	-0.0255002	-0.0169933	-0.00431497	-0.000535993	-0.0104243	-0.018066	-0.0126638	-0.003258	-0.00682606	-0.0166507	-0.0181861	-0.00537868	0.000661339	-0.00908189	-0.017749	-0.0231433	-0.0130875	0.00990908	0.0257119	0.029164	0.0213466	0.0274207	0.0746165	0.159813	0.259593	0.339599	0.370432	0.329368	0.201429	-0.0100369	-0.273894	-0.525953	-0.702447	-0.764617	-0.698083	-0.526007	-0.284409	0	
0	-0.00130115	0.00148425	-0.00202104	0.000610582	-0.000318633	-0.000794453	0.000669223	-0.000555744	-2.95883e-05	0.000162199	-0.00059175	7.48828e-05	-0.000275718	-0.000512794	-0.000258025	-0.000546887	-0.00385989	-0.00072681	-0.0112581	-0.0128405	-0.024748	-0.0470764	-0.071716	-0.110087	-0.165444	-0.227308	-0.294219	-0.353897	-0.380304	-0.361536	-0.280406	-0.127643	0.0853989	0.313741	0.524236	0.668814	0.720204	0.679731	0.57603	0.41944	0.249977	0.0733979	-0.0947036	-0.23811	-0.316872	-0.324566	-0.265504	-0.172427	-0.0761133	-0.00581759	0.0292726	0.0256685	0.00304626	-0.0362635	-0.0597575	-0.0536492	-0.0264222	-0.000248311	-0.000649449	-0.00621185	-0.0208948	-0.0241431	-0.017109	-0.00987089	-0.00544732	-0.0109203	-0.0145837	-0.012965	-0.00990236	-0.0111225	-0.0137705	-0.0135941	-0.00749223	-0.00621564	-0.0116486	-0.0182697	-0.0232154	-0.00864873	0.00981953	0.0202238	0.0287108	0.0233702	0.0321768	0.0890636	0.181114	0.282114	0.363546	0.394503	0.346306	0.207713	-0.0144295	-0.291098	-0.553598	-0.738527	-0.808549	-0.740731	-0.560439	-0.306787	0	
0	-0.0015163	0.00202137	-0.00306116	0.00191803	-0.00160342	-0.000181712	0.000752238	-0.00140767	0.000638653	-0.00059175	-0.000630865	-0.000736564	0.000305903	-0.00165856	0.000417421	-0.00032215	-0.00322672	-0.00289456	-0.0101001	-0.0159384	-0.0292041	-0.0480038	-0.0762226	-0.122368	-0.180432	-0.244932	-0.316491	-0.37881	-0.410418	-0.393179	-0.304739	-0.142046	0.0801376	0.320555	0.549285	0.710465	0.772129	0.739966	0.635881	0.47164	0.287991	0.0990751	-0.0856785	-0.238916	-0.327465	-0.342664	-0.290937	-0.198987	-0.0976636	-0.0188821	0.0198025	0.0219764	0.00308136	-0.031775	-0.0578371	-0.0552142	-0.0289288	-0.00990188	-0.00507934	-0.0072639	-0.0182957	-0.0207595	-0.019994	-0.0135703	-0.0110839	-0.0120528	-0.0104249	-0.0132432	-0.0163842	-0.0154034	-0.0100256	-0.0110078	-0.0102097	-0.0107485	-0.016666	-0.0186207	-0.0185744	-0.00660166	0.00737918	0.0166009	0.0247489	0.0233566	0.0417939	0.10641	0.201552	0.301354	0.380685	0.412709	0.361561	0.211775	-0.0221688	-0.305057	-0.570333	-0.762409	-0.841468	-0.773676	-0.586941	-0.323837	0	
0	-0.000169191	0.00196038	-0.000167788	0.00187087	0.000249987	0.000203091	0.000178325	-0.000606227	-0.000639135	7.48828e-05	-0.000736564	7.86864e-06	6.23853e-05	-0.00177669	-0.00101122	-0.00302467	-0.00569988	-0.00376622	-0.0129274	-0.0163264	-0.0301493	-0.0556725	-0.0861416	-0.131011	-0.191445	-0.261962	-0.3399	-0.406698	-0.438022	-0.417047	-0.328735	-0.162077	0.0701971	0.325865	0.567707	0.742692	0.817182	0.796416	0.694426	0.523738	0.330212	0.126589	-0.0712874	-0.23585	-0.332083	-0.357775	-0.314117	-0.226101	-0.121436	-0.0359313	0.00847158	0.0166806	0.00417377	-0.0272192	-0.0533615	-0.0521904	-0.0326701	-0.0186913	-0.0134731	-0.00961807	-0.0157182	-0.0207559	-0.021335	-0.0183508	-0.0162359	-0.0111628	-0.00665257	-0.0123943	-0.0206132	-0.0190286	-0.00991254	-0.00963888	-0.0133818	-0.0173804	-0.0177431	-0.0165158	-0.0163901	-0.00363977	0.00419659	0.00739075	0.0210588	0.0304593	0.0536446	0.119129	0.217595	0.319825	0.398394	0.426448	0.366834	0.209501	-0.0267036	-0.310576	-0.579508	-0.777373	-0.860737	-0.793852	-0.605612	-0.336374	0	
0	-0.00102588	-0.000809585	-0.00245156	-0.000673064	-0.00237475	5.31422e-05	-0.000672593	2.60977e-05	0.00100952	-0.000275718	0.000305903	6.23853e-05	-0.000502937	-0.000630079	0.000910856	-0.00120861	-0.00187432	-0.00315907	-0.0121629	-0.0183897	-0.0338936	-0.057258	-0.0883356	-0.140979	-0.204598	-0.279565	-0.3593	-0.427192	-0.461551	-0.444933	-0.352986	-0.17794	0.0611366	0.324763	0.578943	0.768921	0.858281	0.849999	0.751838	0.579957	0.377442	0.161232	-0.0503796	-0.223458	-0.329669	-0.365788	-0.332853	-0.251631	-0.146768	-0.0577713	-0.00683735	0.00767361	0.00114608	-0.0260645	-0.0500245	-0.0490561	-0.0367284	-0.0292571	-0.0215605	-0.0110485	-0.0112009	-0.0169033	-0.0206955	-0.0208801	-0.0208486	-0.0137006	-0.00697039	-0.0148816	-0.0246522	-0.0210269	-0.00883502	-0.0069069	-0.01535	-0.021899	-0.0205083	-0.0181391	-0.0133929	-0.000931667	0.000985029	0.0012492	0.0158588	0.0335595	0.0664564	0.135652	0.235128	0.334963	0.407416	0.430886	0.369598	0.209195	-0.0312821	-0.314614	-0.579973	-0.777861	-0.865644	-0.804133	-0.616079	-0.341327	0	
0	6.8469e-05	0.00183592	0.000508528	0.00155968	0.000943135	6.76953e-06	-0.000147354	-0.000412107	-0.00207511	-0.000512794	-0.00165856	-0.00177669	-0.000630079	-0.00205881	-0.00204054	-0.00362506	-0.00324423	-0.00912513	-0.0112241	-0.0208355	-0.0369804	-0.0622254	-0.0964602	-0.149325	-0.214964	-0.294276	-0.37792	-0.448054	-0.487362	-0.466452	-0.371881	-0.19509	0.0446219	0.320512	0.58407	0.787646	0.889623	0.897495	0.803717	0.636119	0.424517	0.197648	-0.027289	-0.207938	-0.32489	-0.37151	-0.350573	-0.277227	-0.176361	-0.0828232	-0.0263374	-0.00102495	-0.00288253	-0.0230921	-0.0415247	-0.0417635	-0.0362084	-0.0390338	-0.0299225	-0.0150307	-0.0108577	-0.0165043	-0.0224272	-0.0249473	-0.0247888	-0.0151095	-0.00775845	-0.0136236	-0.0239636	-0.0224758	-0.00923501	-0.00954039	-0.0208231	-0.0239705	-0.0219252	-0.0174945	-0.00802469	-0.00129454	-0.00579718	-0.00657158	0.0118984	0.0419637	0.0818289	0.149127	0.247448	0.345372	0.414151	0.433497	0.366667	0.201676	-0.0354162	-0.308561	-0.569393	-0.769053	-0.858634	-0.801399	-0.616006	-0.339597	0	
0	0.00128349	-0.00294659	0.0018656	-0.00221979	-0.000436813	0.000482769	-0.00201216	0.00103265	-0.000892254	-0.000258025	0.000417421	-0.00101122	0.000910856	-0.00204054	8.09573e-05	-0.00308653	-0.00500901	-0.00748985	-0.0135209	-0.0242789	-0.0388929	-0.0632791	-0.105635	-0.15879	-0.2278	-0.309695	-0.395974	-0.469355	-0.507942	-0.48792	-0.394021	-0.217612	0.0306881	0.31124	0.582148	0.794301	0.916901	0.936708	0.854943	0.691284	0.477228	0.23853	0.00475232	-0.184442	-0.311684	-0.368979	-0.360596	-0.298726	-0.204082	-0.111454	-0.0467538	-0.0143762	-0.0108026	-0.0228241	-0.0368424	-0.0332362	-0.0400026	-0.0476507	-0.0396109	-0.0214153	-0.00903404	-0.0157147	-0.020384	-0.0251943	-0.0268408	-0.018178	-0.0111626	-0.0155736	-0.0237271	-0.0210024	-0.0126297	-0.0130805	-0.0223241	-0.0271098	-0.0230793	-0.0148313	-0.00661771	-0.00316115	-0.00883972	-0.0142684	0.0053493	0.04963	0.0993252	0.164517	0.256676	0.351236	0.417009	0.428088	0.356058	0.195488	-0.0326677	-0.297808	-0.553999	-0.748502	-0.835404	-0.78551	-0.606908	-0.332041	0	
0	0.000106553	-0.00199386	1.66087e-06	-0.00247549	-0.000941022	-0.000904231	-0.00204161	0.000620073	-0.00158678	-0.000546887	-0.00032215	-0.00302467	-0.00120861	-0.00362506	-0.00308653	-0.00392878	-0.00373483	-0.00865832	-0.0125903	-0.0253886	-0.0434305	-0.0713455	-0.110549	-0.163731	-0.237023	-0.324845	-0.411444	-0.486239	-0.526868	-0.509125	-0.411879	-0.233636	0.0142008	0.296659	0.573688	0.798149	0.935596	0.969424	0.9005	0.747322	0.529925	0.283566	0.0413673	-0.156376	-0.29429	-0.362388	-0.366886	-0.318961	-0.234306	-0.143744	-0.0720428	-0.032482	-0.021922	-0.0257664	-0.0292355	-0.0260019	-0.0394343	-0.0529629	-0.0487793	-0.0263185	-0.0116942	-0.0142359	-0.0183011	-0.0259773	-0.0276111	-0.0230752	-0.0174902	-0.0176136	-0.0210311	-0.0205641	-0.0155989	-0.016866	-0.0261304	-0.0251603	-0.0211803	-0.0157179	-0.00647214	-0.00792296	-0.0173792	-0.0198425	0.00769534	0.0606759	0.112221	0.175345	0.264146	0.353516	0.412954	0.418054	0.345003	0.188366	-0.0304569	-0.281439	-0.52671	-0.715144	-0.801367	-0.758444	-0.5859	-0.316651	0	
0	0.000670025	0.000654557	0.00207993	-0.000117976	0.00198201	-0.000982275	-0.00140452	-0.00151313	-0.00454975	-0.00385989	-0.00322672	-0.00569988	-0.00187432	-0.00324423	-0.00500901	-0.00373483	-0.00989107	-0.0136763	-0.0187915	-0.0317372	-0.046136	-0.0725246	-0.119544	-0.174827	-0.252776	-0.33855	-0.427178	-0.504183	-0.548054	-0.526321	-0.430931	-0.255365	-0.00726019	0.27969	0.558724	0.790588	0.943587	0.991545	0.940767	0.797426	0.582241	0.329726	0.0826356	-0.125013	-0.272936	-0.350116	-0.369373	-0.33496	-0.265036	-0.17655	-0.100406	-0.0540638	-0.0355944	-0.0290567	-0.0215776	-0.0181463	-0.0365754	-0.0549644	-0.0562306	-0.0350749	-0.0173873	-0.0162006	-0.0182754	-0.0262015	-0.0297192	-0.0279791	-0.0231103	-0.0175775	-0.0151109	-0.0169422	-0.0185202	-0.0248157	-0.0313187	-0.0263637	-0.0224012	-0.0128501	-0.00511217	-0.0127934	-0.0219581	-0.0243425	0.00577541	0.0672869	0.126958	0.190723	0.268053	0.346859	0.404171	0.405343	0.328851	0.179921	-0.021334	-0.256297	-0.492584	-0.673499	-0.755068	-0.716391	-0.553363	-0.297257	0	
0	-0.000781644	-0.00286149	-0.00269468	-0.00390571	-0.00402608	-0.00357537	-0.00341474	-0.00218186	-0.00268814	-0.00072681	-0.00289456	-0.00376622	-0.00315907	-0.00912513	-0.00748985	-0.00865832	-0.0136763	-0.0129093	-0.0199086	-0.0352178	-0.0530791	-0.0846989	-0.130437	-0.185128	-0.265469	-0.352845	-0.445199	-0.52579	-0.56662	-0.546325	-0.452639	-0.27782	-0.0280343	0.255559	0.5347	0.775913	0.942041	1.00485	0.972903	0.844565	0.633375	0.380633	0.129536	-0.0878072	-0.243127	-0.331536	-0.362217	-0.346773	-0.290505	-0.209394	-0.131662	-0.0801739	-0.0557188	-0.035508	-0.0203733	-0.0158695	-0.0352539	-0.0576561	-0.0639203	-0.0456879	-0.0255984	-0.0155871	-0.0147243	-0.0220651	-0.0267503	-0.0331206	-0.0291205	-0.0203805	-0.0163776	-0.0169723	-0.0243509	-0.0324767	-0.0310146	-0.0226459	-0.017778	-0.0097057	-0.0111732	-0.0240505	-0.0312616	-0.0264181	0.0140306	0.0787596	0.13821	0.199094	0.265439	0.336625	0.39177	0.388079	0.311605	0.175073	-0.0080397	-0.227368	-0.450388	-0.620002	-0.697225	-0.662252	-0.51014	-0.27314	0	
0	-0.000488036	-0.000710717	-0.00131867	-0.00197506	-0.00296745	-0.00349184	-0.0061182	-0.0065254	-0.00863274	-0.0112581	-0.0101001	-0.0129274	-0.0121629	-0.0112241	-0.0135209	-0.0125903	-0.0187915	-0.0199086	-0.0328401	-0.0436003	-0.0606712	-0.0936316	-0.139306	-0.196968	-0.279988	-0.371193	-0.464949	-0.542775	-0.584664	-0.567271	-0.473385	-0.298351	-0.053398	0.226773	0.506984	0.754219	0.9292	1.00707	0.997229	0.882773	0.680769	0.430528	0.176922	-0.0497331	-0.213197	-0.310731	-0.356263	-0.357566	-0.318495	-0.245975	-0.169135	-0.11567	-0.0788694	-0.0465392	-0.0203532	-0.0133733	-0.0293901	-0.0520735	-0.0665448	-0.0551358	-0.0344082	-0.0195186	-0.0158736	-0.0216607	-0.0320569	-0.0398934	-0.0346586	-0.0234225	-0.0113499	-0.0139588	-0.0262927	-0.0349791	-0.0360886	-0.0252859	-0.0160547	-0.0114517	-0.0165925	-0.0296536	-0.0365618	-0.0253012	0.0219258	0.0859865	0.144521	0.203766	0.263107	0.324506	0.370955	0.365731	0.296723	0.173704	0.00833438	-0.191972	-0.398133	-0.55748	-0.631277	-0.596552	-0.455564	-0.243968	0	
0	-0.00222187	-0.00130768	-0.0056113	-0.00473902	-0.00742677	-0.00907605	-0.0096388	-0.0115008	-0.0131784	-0.0128405	-0.0159384	-0.0163264	-0.0183897	-0.0208355	-0.0242789	-0.0253886	-0.0317372	-0.0352178	-0.0436003	-0.0571241	-0.0774192	-0.112502	-0.155566	-0.221506	-0.305983	-0.394677	-0.488371	-0.570102	-0.614024	-0.593439	-0.501469	-0.329552	-0.0889529	0.190478	0.46652	0.71772	0.898664	0.996212	1.0046	0.90888	0.719197	0.478476	0.222702	-0.00968517	-0.178826	-0.28588	-0.343874	-0.362519	-0.339711	-0.278347	-0.208609	-0.152467	-0.106704	-0.0607484	-0.0279387	-0.0179361	-0.0263976	-0.0512587	-0.0720459	-0.0692491	-0.0482951	-0.0256644	-0.0162378	-0.0197116	-0.0316192	-0.0415536	-0.0368812	-0.0238756	-0.0151427	-0.0181482	-0.0294725	-0.0413979	-0.0388748	-0.0232272	-0.0129267	-0.0107237	-0.0220327	-0.040088	-0.0452319	-0.0213793	0.0335402	0.0914845	0.14789	0.20833	0.256418	0.301917	0.345016	0.345864	0.283761	0.174743	0.0310581	-0.14956	-0.340001	-0.487991	-0.555013	-0.518977	-0.392862	-0.212075	0	
0	-0.00270078	-0.00605767	-0.00864841	-0.0109227	-0.0146594	-0.0155652	-0.0194715	-0.0203668	-0.0240597	-0.024748	-0.0292041	-0.0301493	-0.0338936	-0.0369804	-0.0388929	-0.0434305	-0.046136	-0.0530791	-0.0606712	-0.0774192	-0.0983574	-0.134816	-0.182781	-0.249773	-0.328474	-0.421792	-0.522647	-0.601836	-0.643757	-0.62557	-0.53583	-0.362669	-0.127744	0.144995	0.417264	0.671815	0.856962	0.971665	0.997389	0.922729	0.749827	0.520976	0.265268	0.0301308	-0.144472	-0.26179	-0.332479	-0.367644	-0.361614	-0.314932	-0.256497	-0.199148	-0.144119	-0.0848212	-0.0457864	-0.0272178	-0.0256385	-0.0486811	-0.0741369	-0.0805093	-0.0597247	-0.0334951	-0.0193046	-0.0211667	-0.0364712	-0.0457022	-0.0390857	-0.0283978	-0.0216999	-0.022183	-0.0309058	-0.0404528	-0.0398186	-0.0251493	-0.0114061	-0.0137848	-0.0306533	-0.0496665	-0.0503749	-0.0149621	0.0438633	0.0994633	0.151828	0.200314	0.239424	0.281647	0.319229	0.321328	0.27416	0.184569	0.0577344	-0.104194	-0.274188	-0.40913	-0.470484	-0.434496	-0.323942	-0.175209	0	
0	-0.00308589	-0.0111089	-0.0115131	-0.0182174	-0.0231802	-0.0240007	-0.0335102	-0.0342591	-0.0402251	-0.0470764	-0.0480038	-0.0556725	-0.057258	-0.0622254	-0.0632791	-0.0713455	-0.0725246	-0.0846989	-0.0936316	-0.112502	-0.134816	-0.169789	-0.217616	-0.285566	-0.369137	-0.469604	-0.565676	-0.643765	-0.686289	-0.670482	-0.577796	-0.412438	-0.18103	0.085811	0.358094	0.605007	0.796552	0.925756	0.969477	0.915685	0.763354	0.550672	0.296998	0.0655857	-0.116418	-0.241243	-0.324394	-0.374179	-0.382417	-0.355652	-0.307735	-0.253484	-0.18839	-0.118276	-0.0734142	-0.0412759	-0.0311721	-0.0495503	-0.0784661	-0.0933456	-0.0740338	-0.0473972	-0.0287382	-0.0279555	-0.0439214	-0.0485909	-0.0386855	-0.0329324	-0.0305674	-0.0288618	-0.0310585	-0.0370383	-0.0418951	-0.0291634	-0.0146755	-0.0214099	-0.0389597	-0.0556874	-0.0495716	-0.00539281	0.0536774	0.10293	0.14386	0.186052	0.226529	0.259464	0.286966	0.298545	0.27014	0.197851	0.0907441	-0.0497314	-0.203211	-0.326427	-0.378477	-0.343503	-0.251008	-0.134421	0	
0	-0.00553129	-0.0169422	-0.0181974	-0.0323199	-0.0347129	-0.0449959	-0.0532511	-0.0570068	-0.0675247	-0.071716	-0.0762226	-0.0861416	-0.0883356	-0.0964602	-0.105635	-0.110549	-0.119544	-0.130437	-0.139306	-0.155566	-0.182781	-0.217616	-0.274017	-0.342482	-0.428891	-0.525356	-0.620502	-0.700785	-0.747992	-0.730898	-0.638954	-0.474563	-0.247779	0.0116984	0.27706	0.518641	0.718589	0.855906	0.916699	0.883302	0.759576	0.559736	0.318256	0.0905075	-0.0947595	-0.227053	-0.322271	-0.381234	-0.407627	-0.397814	-0.365872	-0.315294	-0.242936	-0.167826	-0.111894	-0.0675672	-0.0483854	-0.0592037	-0.0908357	-0.107835	-0.0921363	-0.0684223	-0.0422992	-0.0409084	-0.0523907	-0.0478213	-0.0392624	-0.0376734	-0.0434661	-0.0429664	-0.0329635	-0.0363009	-0.0457516	-0.0323978	-0.0197431	-0.0269886	-0.043097	-0.0603236	-0.0491699	-0.00110528	0.0573199	0.105398	0.138642	0.171741	0.204319	0.227528	0.255009	0.280855	0.273104	0.220873	0.130158	0.00591187	-0.129564	-0.235514	-0.278385	-0.250865	-0.177935	-0.0906341	0	
0	-0.0128694	-0.0252476	-0.036994	-0.0499616	-0.0585844	-0.0720783	-0.0798462	-0.0910337	-0.101755	-0.110087	-0.122368	-0.131011	-0.140979	-0.149325	-0.15879	-0.163731	-0.174827	-0.185128	-0.196968	-0.221506	-0.249773	-0.285566	-0.342482	-0.410469	-0.495707	-0.595499	-0.696292	-0.77924	-0.821898	-0.801032	-0.712291	-0.552678	-0.333312	-0.0770565	0.181006	0.418378	0.618769	0.763642	0.838885	0.830846	0.731011	0.548963	0.32456	0.103797	-0.0832517	-0.224244	-0.327376	-0.397841	-0.440025	-0.449988	-0.434673	-0.390171	-0.316973	-0.237387	-0.167266	-0.110418	-0.0788251	-0.0816532	-0.108207	-0.121548	-0.114001	-0.0906704	-0.0650143	-0.0630111	-0.0646143	-0.0573229	-0.0455308	-0.049199	-0.0645462	-0.0558033	-0.0348696	-0.0330677	-0.0426615	-0.0380076	-0.0318973	-0.0391041	-0.0537568	-0.0640448	-0.0423118	0.00779246	0.0616652	0.103823	0.126279	0.145937	0.170996	0.198221	0.234715	0.269447	0.277645	0.246471	0.175586	0.0704208	-0.0494268	-0.142178	-0.177074	-0.157585	-0.104456	-0.04602	0	
0	-0.0172236	-0.0337681	-0.0516586	-0.068115	-0.0856177	-0.103029	-0.11878	-0.136269	-0.151152	-0.165444	-0.180432	-0.191445	-0.204598	-0.214964	-0.2278	-0.237023	-0.252776	-0.265469	-0.279988	-0.305983	-0.328474	-0.369137	-0.428891	-0.495707	-0.587444	-0.69149	-0.787776	-0.865569	-0.910627	-0.893722	-0.807613	-0.648692	-0.433228	-0.181731	0.0641686	0.296073	0.496165	0.646369	0.733334	0.748478	0.670824	0.511803	0.308642	0.0973085	-0.0894632	-0.235772	-0.345229	-0.425666	-0.482928	-0.509795	-0.51142	-0.474252	-0.407657	-0.322055	-0.238241	-0.168957	-0.126447	-0.12222	-0.136375	-0.148041	-0.145495	-0.126358	-0.104714	-0.0951613	-0.0870135	-0.0706268	-0.0544144	-0.064383	-0.0827515	-0.0708867	-0.0441549	-0.0366169	-0.0477251	-0.0508878	-0.0483542	-0.0506412	-0.0590262	-0.0600676	-0.0317013	0.00992253	0.0545377	0.0941432	0.108294	0.118549	0.141981	0.170639	0.210435	0.258998	0.29176	0.28376	0.230029	0.138028	0.0302634	-0.0466928	-0.0727213	-0.0649366	-0.0346481	-0.00485219	0	
0	-0.0246235	-0.0506565	-0.0740364	-0.098833	-0.122638	-0.144263	-0.167682	-0.187571	-0.207818	-0.227308	-0.244932	-0.261962	-0.279565	-0.294276	-0.309695	-0.324845	-0.33855	-0.352845	-0.371193	-0.394677	-0.421792	-0.469604	-0.525356	-0.595499	-0.69149	-0.787453	-0.884649	-0.96954	-1.01517	-0.995698	-0.910003	-0.753635	-0.542234	-0.300641	-0.0644893	0.164173	0.361604	0.510242	0.608449	0.644546	0.587944	0.455317	0.27485	0.0766196	-0.107357	-0.255801	-0.371743	-0.463448	-0.533862	-0.57886	-0.595268	-0.573849	-0.51825	-0.428694	-0.333565	-0.25156	-0.201543	-0.184045	-0.182374	-0.187725	-0.185387	-0.172413	-0.154135	-0.137117	-0.119088	-0.0948617	-0.0773534	-0.0915507	-0.108446	-0.0934443	-0.062596	-0.0456726	-0.0550383	-0.0648169	-0.0644686	-0.0664748	-0.0679807	-0.0553009	-0.0268589	0.00664312	0.0474813	0.078504	0.0860801	0.0923006	0.10409	0.133506	0.195716	0.266204	0.314494	0.324187	0.287324	0.208552	0.115952	0.0527877	0.0270509	0.0213664	0.0313643	0.0326747	0	
0	-0.0315781	-0.0672712	-0.0956704	-0.129602	-0.159723	-0.186959	-0.218824	-0.242036	-0.27023	-0.294219	-0.316491	-0.3399	-0.3593	-0.37792	-0.395974	-0.411444	-0.427178	-0.445199	-0.464949	-0.488371	-0.522647	-0.565676	-0.620502	-0.696292	-0.787776	-0.884649	-0.988601	-1.07228	-1.11317	-1.09606	-1.01037	-0.858514	-0.653643	-0.42058	-0.188368	0.0324431	0.219557	0.365632	0.47652	0.525289	0.488208	0.381777	0.227371	0.0422863	-0.133516	-0.283438	-0.405482	-0.508917	-0.592319	-0.652662	-0.685043	-0.684411	-0.642791	-0.552651	-0.448269	-0.357529	-0.299802	-0.265603	-0.248614	-0.243768	-0.239846	-0.234177	-0.218609	-0.196533	-0.168984	-0.13648	-0.118897	-0.129155	-0.138264	-0.122319	-0.0880089	-0.0659032	-0.0738156	-0.0842002	-0.0882177	-0.0883183	-0.0753436	-0.0531643	-0.0258553	0.00450144	0.0329592	0.0506426	0.0581216	0.0592144	0.0629693	0.105806	0.191559	0.2787	0.342946	0.370203	0.349254	0.286685	0.207522	0.14714	0.117216	0.104342	0.0930972	0.0612527	0	
0	-0.039136	-0.0771938	-0.115928	-0.153052	-0.18998	-0.224902	-0.26069	-0.291814	-0.324386	-0.353897	-0.37881	-0.406698	-0.427192	-0.448054	-0.469355	-0.486239	-0.504183	-0.52579	-0.542775	-0.570102	-0.601836	-0.643765	-0.700785	-0.77924	-0.865569	-0.96954	-1.07228	-1.15141	-1.19134	-1.17819	-1.09621	-0.947918	-0.744634	-0.517245	-0.296184	-0.0871529	0.090361	0.238172	0.350528	0.406315	0.386397	0.309642	0.175427	0.00822107	-0.158041	-0.30596	-0.436286	-0.551732	-0.647848	-0.722769	-0.772651	-0.797695	-0.77146	-0.686957	-0.578025	-0.48525	-0.416606	-0.367949	-0.336228	-0.319532	-0.313548	-0.31033	-0.299224	-0.273027	-0.237279	-0.200097	-0.179095	-0.179298	-0.178514	-0.160731	-0.126537	-0.104412	-0.107439	-0.11355	-0.118854	-0.111793	-0.0843538	-0.0564251	-0.0307216	-0.00705042	0.00646618	0.0152981	0.0230474	0.0211545	0.0276475	0.0855334	0.189912	0.297027	0.380661	0.42457	0.418739	0.368254	0.296129	0.236417	0.202745	0.180181	0.144181	0.0812313	0	
0	-0.0415884	-0.085099	-0.124401	-0.167638	-0.205174	-0.245489	-0.281268	-0.316566	-0.350409	-0.380304	-0.410418	-0.438022	-0.461551	-0.487362	-0.507942	-0.526868	-0.548054	-0.56662	-0.584664	-0.614024	-0.643757	-0.686289	-0.747992	-0.821898	-0.910627	-1.01517	-1.11317	-1.19134	-1.23976	-1.22804	-1.14386	-0.994446	-0.799916	-0.584488	-0.370495	-0.170099	-0.0018815	0.138748	0.247348	0.307646	0.30667	0.251386	0.136133	-0.00938791	-0.162239	-0.30674	-0.446585	-0.572	-0.682868	-0.770565	-0.844171	-0.894493	-0.8897	-0.81639	-0.716049	-0.624116	-0.546641	-0.486818	-0.441897	-0.416594	-0.401476	-0.399726	-0.389672	-0.362533	-0.325321	-0.285115	-0.260121	-0.246212	-0.23585	-0.214128	-0.182734	-0.163599	-0.156331	-0.156193	-0.155944	-0.136377	-0.102904	-0.0730561	-0.0474126	-0.0324333	-0.0291138	-0.0250993	-0.021421	-0.0205995	-0.00154787	0.067748	0.189763	0.326816	0.433224	0.485489	0.486374	0.448087	0.387343	0.325762	0.277458	0.238294	0.184357	0.100603	0	
0	-0.0393073	-0.0811394	-0.117279	-0.159283	-0.193223	-0.232486	-0.265685	-0.299941	-0.332957	-0.361536	-0.393179	-0.417047	-0.444933	-0.466452	-0.48792	-0.509125	-0.526321	-0.546325	-0.567271	-0.593439	-0.62557	-0.670482	-0.730898	-0.801032	-0.893722	-0.995698	-1.09606	-1.17819	-1.22804	-1.21023	-1.12942	-0.98818	-0.803349	-0.588825	-0.381187	-0.195706	-0.0402178	0.0934096	0.195782	0.257769	0.269198	0.227635	0.133104	0.0100772	-0.127891	-0.27069	-0.417084	-0.554201	-0.679898	-0.784686	-0.884161	-0.960281	-0.979268	-0.927051	-0.844492	-0.756436	-0.673187	-0.604805	-0.554429	-0.519456	-0.497153	-0.49297	-0.483895	-0.464261	-0.430536	-0.393349	-0.359358	-0.331184	-0.310609	-0.282818	-0.257396	-0.238667	-0.227238	-0.217991	-0.200459	-0.173582	-0.134934	-0.101307	-0.0833383	-0.0740829	-0.0717818	-0.0746649	-0.0779091	-0.0683811	-0.0297059	0.0578834	0.20341	0.366242	0.485819	0.545279	0.560242	0.535999	0.475794	0.402199	0.338939	0.284169	0.213752	0.114877	0	
0	-0.0280021	-0.0594601	-0.0854531	-0.115796	-0.1443	-0.170531	-0.200669	-0.226294	-0.253323	-0.280406	-0.304739	-0.328735	-0.352986	-0.371881	-0.394021	-0.411879	-0.430931	-0.452639	-0.473385	-0.501469	-0.53583	-0.577796	-0.638954	-0.712291	-0.807613	-0.910003	-1.01037	-1.09621	-1.14386	-1.12942	-1.05511	-0.921139	-0.734782	-0.525475	-0.331809	-0.161184	-0.00998744	0.112006	0.203548	0.263435	0.283063	0.250728	0.178224	0.0760523	-0.0452608	-0.183672	-0.330982	-0.479735	-0.618947	-0.744843	-0.868632	-0.969472	-1.01549	-0.994268	-0.938206	-0.858642	-0.776492	-0.707427	-0.65755	-0.617359	-0.588848	-0.579247	-0.573359	-0.564726	-0.543785	-0.511364	-0.4674	-0.430037	-0.400377	-0.370093	-0.348057	-0.331753	-0.320505	-0.296399	-0.261486	-0.223593	-0.180279	-0.153291	-0.139477	-0.131012	-0.132623	-0.13963	-0.143124	-0.118297	-0.0540034	0.055877	0.223108	0.40506	0.539201	0.615157	0.643415	0.618856	0.549822	0.469374	0.394041	0.315557	0.227275	0.122764	0	
0	-0.00950762	-0.0180578	-0.0292808	-0.0394777	-0.0523574	-0.0647118	-0.080528	-0.0939064	-0.111036	-0.127643	-0.142046	-0.162077	-0.17794	-0.19509	-0.217612	-0.233636	-0.255365	-0.27782	-0.298351	-0.329552	-0.362669	-0.412438	-0.474563	-0.552678	-0.648692	-0.753635	-0.858514	-0.947918	-0.994446	-0.98818	-0.921139	-0.785707	-0.602422	-0.405563	-0.224133	-0.054721	0.0865211	0.191782	0.271962	0.333939	0.352811	0.329205	0.275736	0.195554	0.0915092	-0.0356869	-0.180009	-0.336643	-0.489439	-0.637405	-0.782575	-0.90682	-0.982496	-1.00103	-0.973594	-0.911365	-0.83658	-0.776449	-0.73149	-0.690221	-0.658935	-0.642534	-0.642248	-0.648605	-0.64661	-0.620207	-0.571743	-0.530898	-0.498957	-0.471801	-0.450191	-0.439757	-0.430884	-0.391555	-0.338234	-0.287322	-0.245307	-0.227259	-0.219647	-0.215875	-0.213849	-0.21568	-0.214506	-0.173656	-0.0829519	0.05915	0.250491	0.443111	0.59453	0.691197	0.72311	0.691896	0.618823	0.53002	0.431426	0.326296	0.230515	0.12968	0	
0	0.0152027	0.0277714	0.0431687	0.0540743	0.0655671	0.075105	0.0810854	0.0865046	0.0868957	0.0853989	0.0801376	0.0701971	0.0611366	0.0446219	0.0306881	0.0142008	-0.00726019	-0.0280343	-0.053398	-0.0889529	-0.127744	-0.18103	-0.247779	-0.333312	-0.433228	-0.542234	-0.653643	-0.744634	-0.799916	-0.803349	-0.734782	-0.602422	-0.431534	-0.242982	-0.0607428	0.102007	0.226985	0.319612	0.397819	0.45473	0.46747	0.453643	0.418461	0.359546	0.274318	0.166359	0.0297231	-0.128128	-0.294065	-0.460928	-0.623871	-0.769269	-0.878713	-0.935709	-0.940437	-0.899319	-0.842129	-0.795456	-0.755342	-0.718718	-0.6825	-0.664123	-0.670021	-0.694456	-0.716263	-0.700251	-0.65827	-0.623056	-0.599037	-0.575229	-0.553945	-0.549095	-0.539027	-0.494223	-0.428358	-0.368145	-0.335959	-0.327995	-0.325202	-0.322516	-0.315352	-0.310054	-0.294041	-0.232659	-0.114546	0.0621527	0.274764	0.480953	0.653371	0.76207	0.794357	0.763246	0.680635	0.568521	0.447424	0.329055	0.226642	0.124786	0	
0	0.0436023	0.0842022	0.127507	0.162751	0.201168	0.2305	0.258669	0.282192	0.298247	0.313741	0.320555	0.325865	0.324763	0.320512	0.31124	0.296659	0.27969	0.255559	0.226773	0.190478	0.144995	0.085811	0.0116984	-0.0770565	-0.181731	-0.300641	-0.42058	-0.517245	-0.584488	-0.588825	-0.525475	-0.405563	-0.242982	-0.0528501	0.122475	0.274103	0.388682	0.478107	0.548882	0.593469	0.603125	0.599956	0.578993	0.537139	0.476402	0.393055	0.272302	0.11993	-0.0538952	-0.230678	-0.405294	-0.568661	-0.707719	-0.796468	-0.828622	-0.814809	-0.781566	-0.749495	-0.718928	-0.686742	-0.65271	-0.637134	-0.650035	-0.694072	-0.733517	-0.732228	-0.705004	-0.682918	-0.673179	-0.65787	-0.64186	-0.641527	-0.638048	-0.595653	-0.524892	-0.468607	-0.44375	-0.443951	-0.452137	-0.450484	-0.438225	-0.419828	-0.381753	-0.29995	-0.152609	0.0588709	0.295783	0.520886	0.704987	0.818933	0.860323	0.828336	0.723091	0.583912	0.448583	0.32435	0.212418	0.107315	0	
0	0.0668778	0.129754	0.195454	0.25411	0.311541	0.365206	0.412111	0.456082	0.493168	0.524236	0.549285	0.567707	0.578943	0.58407	0.582148	0.573688	0.558724	0.5347	0.506984	0.46652	0.417264	0.358094	0.27706	0.181006	0.0641686	-0.0644893	-0.188368	-0.296184	-0.370495	-0.381187	-0.331809	-0.224133	-0.0607428	0.122475	0.290128	0.434492	0.545921	0.628025	0.689607	0.724555	0.736684	0.740046	0.728203	0.705364	0.674361	0.62098	0.524288	0.384527	0.214205	0.0359082	-0.144996	-0.32563	-0.488031	-0.598474	-0.65857	-0.67568	-0.670759	-0.653737	-0.630546	-0.602238	-0.569996	-0.556852	-0.575482	-0.627871	-0.678036	-0.696305	-0.69207	-0.695142	-0.706636	-0.70487	-0.699188	-0.703861	-0.705338	-0.672545	-0.615588	-0.571011	-0.556994	-0.572426	-0.588254	-0.589983	-0.580162	-0.546975	-0.480793	-0.366978	-0.189704	0.0438122	0.305612	0.551927	0.742438	0.866309	0.916772	0.87184	0.743387	0.58368	0.432144	0.302245	0.190169	0.0894653	0	
0	0.0779106	0.154784	0.231402	0.304259	0.376692	0.444116	0.507589	0.5682	0.620486	0.668814	0.710465	0.742692	0.768921	0.787646	0.794301	0.798149	0.790588	0.775913	0.754219	0.71772	0.671815	0.605007	0.518641	0.418378	0.296073	0.164173	0.0324431	-0.0871529	-0.170099	-0.195706	-0.161184	-0.054721	0.102007	0.274103	0.434492	0.575462	0.680753	0.757302	0.808852	0.837219	0.849587	0.852722	0.847046	0.842445	0.840897	0.816968	0.748384	0.628987	0.472146	0.300775	0.114857	-0.0788012	-0.251859	-0.375643	-0.457598	-0.505848	-0.523944	-0.519057	-0.501315	-0.472331	-0.442942	-0.432429	-0.452469	-0.502825	-0.556249	-0.593512	-0.618943	-0.650765	-0.682991	-0.699917	-0.705585	-0.714308	-0.72297	-0.706324	-0.676805	-0.658722	-0.664449	-0.695401	-0.724633	-0.738009	-0.724317	-0.671031	-0.577753	-0.433193	-0.234789	0.0146372	0.300206	0.566481	0.77101	0.90479	0.947158	0.884214	0.742564	0.565865	0.39653	0.263749	0.160503	0.0724355	0	
0	0.0796559	0.157283	0.236818	0.313244	0.388714	0.463096	0.532543	0.600519	0.662473	0.720204	0.772129	0.817182	0.858281	0.889623	0.916901	0.935596	0.943587	0.942041	0.9292	0.898664	0.856962	0.796552	0.718589	0.618769	0.496165	0.361604	0.219557	0.090361	-0.0018815	-0.0402178	-0.00998744	0.0865211	0.226985	0.388682	0.545921	0.680753	0.781671	0.849167	0.889067	0.91337	0.922066	0.920373	0.91697	0.93048	0.952313	0.957506	0.920502	0.830408	0.698674	0.538671	0.351744	0.153649	-0.0202645	-0.150156	-0.253535	-0.325605	-0.362963	-0.370696	-0.355955	-0.327822	-0.298462	-0.28886	-0.303507	-0.338882	-0.387717	-0.439653	-0.491286	-0.548223	-0.59895	-0.630127	-0.64665	-0.66129	-0.676428	-0.685696	-0.698052	-0.717742	-0.750591	-0.796841	-0.837547	-0.858732	-0.843567	-0.784262	-0.672461	-0.49932	-0.281667	-0.0190587	0.283087	0.568538	0.786867	0.916114	0.943795	0.870537	0.716469	0.524224	0.344451	0.210098	0.121348	0.056941	0	
0	0.0719949	0.14186	0.214743	0.282329	0.353482	0.420465	0.486775	0.553939	0.616043	0.679731	0.739966	0.796416	0.849999	0.897495	0.936708	0.969424	0.991545	1.00485	1.00707	0.996212	0.971665	0.925756	0.855906	0.763642	0.646369	0.510242	0.365632	0.238172	0.138748	0.0934096	0.112006	0.191782	0.319612	0.478107	0.628025	0.757302	0.849167	0.903662	0.93756	0.959281	0.95733	0.944828	0.945999	0.970736	1.0089	1.03981	1.03666	0.983654	0.880709	0.736289	0.552787	0.35945	0.189903	0.0514541	-0.0679869	-0.157716	-0.21125	-0.23238	-0.22586	-0.198023	-0.168097	-0.154809	-0.152032	-0.164831	-0.19984	-0.254182	-0.32237	-0.395306	-0.458952	-0.504471	-0.531408	-0.552981	-0.5807	-0.614078	-0.663333	-0.723709	-0.784054	-0.847703	-0.907703	-0.942969	-0.931467	-0.866235	-0.740175	-0.551223	-0.31674	-0.0427287	0.260525	0.551733	0.777123	0.90021	0.916709	0.829276	0.656943	0.455817	0.274676	0.143156	0.0761028	0.0419339	0	
0	0.0538491	0.10648	0.162254	0.216867	0.273909	0.332643	0.39149	0.453316	0.513773	0.57603	0.635881	0.694426	0.751838	0.803717	0.854943	0.9005	0.940767	0.972903	0.997229	1.0046	0.997389	0.969477	0.916699	0.838885	0.733334	0.608449	0.47652	0.350528	0.247348	0.195782	0.203548	0.271962	0.397819	0.548882	0.689607	0.808852	0.889067	0.93756	0.970482	0.979832	0.958562	0.941825	0.944439	0.969432	1.0146	1.06878	1.10022	1.08313	1.01084	0.883487	0.712642	0.529971	0.36088	0.213482	0.0820261	-0.0160569	-0.0828784	-0.119968	-0.12289	-0.0979373	-0.0647091	-0.0385254	-0.0139778	-0.00336849	-0.0223739	-0.0737189	-0.14535	-0.225346	-0.297918	-0.34679	-0.375424	-0.401148	-0.436049	-0.488656	-0.57124	-0.668919	-0.763129	-0.852719	-0.927421	-0.968562	-0.956427	-0.887083	-0.760175	-0.569263	-0.328196	-0.0555202	0.239703	0.527738	0.750163	0.865739	0.867308	0.754422	0.561261	0.358821	0.191191	0.0772555	0.0246245	0.00895796	0	
