0	0	0	0	0	0	0	0	0	0	0	0	0	0	0	0	0	0	0	0	0	0	0	0	0	0	0	0	0	0	0	0	0	0	0	0	0	0	0	0	0	0	0	0	0	0	0	0	0	0	0	0	0	0	0	0	0	0	0	0	0	0	0	0	0	0	0	0	0	0	0	0	0	0	0	0	0	0	0	0	0	0	0	0	0	0	0	0	0	0	0	0	0	0	0	0	0	0	0	0	
0	-0.000224958	0.00343523	0.0082652	0.00541992	-0.0133194	-0.0472393	-0.0892771	-0.126256	-0.145021	-0.139056	-0.115272	-0.0864735	-0.0593107	-0.036459	-0.0128804	0.0143451	0.047691	0.0821243	0.113643	0.136171	0.141959	0.126109	0.0867667	0.0252946	-0.0495763	-0.122986	-0.179778	-0.214317	-0.227659	-0.225226	-0.209659	-0.181975	-0.140431	-0.0852048	-0.0228101	0.0349814	0.0782465	0.101673	0.101536	0.080011	0.0443731	0.00245753	-0.0379178	-0.0719257	-0.102738	-0.129608	-0.154153	-0.177027	-0.189973	-0.183738	-0.157224	-0.111721	-0.0568274	-0.00187898	0.0468407	0.0845456	0.112552	0.13207	0.146514	0.1547	0.153395	0.143483	0.129383	0.117508	0.113423	0.115881	0.122918	0.128816	0.129314	0.128486	0.133049	0.14289	0.158151	0.17484	0.187962	0.195281	0.193579	0.18676	0.171201	0.147501	0.122083	0.0986761	0.0806082	0.0659223	0.0509373	0.0291674	-0.00151566	-0.0347803	-0.0644947	-0.0852134	-0.0931699	-0.0939127	-0.0923262	-0.0902429	-0.0884498	-0.0808574	-0.0634107	-0.0355103	0	
0	0.00343523	0.0103748	0.0138679	0.00420193	-0.03117	-0.0859946	-0.153281	-0.21344	-0.247566	-0.241421	-0.2032	-0.151009	-0.0968195	-0.0466655	0.00349869	0.0596799	0.125991	0.194936	0.257414	0.299325	0.304945	0.267654	0.187525	0.071525	-0.0675058	-0.2049	-0.317562	-0.395351	-0.434933	-0.440426	-0.413878	-0.356158	-0.273456	-0.166831	-0.0536532	0.0481441	0.12552	0.171543	0.179869	0.15249	0.0958327	0.0234684	-0.0509791	-0.118319	-0.177987	-0.229109	-0.271659	-0.309524	-0.32784	-0.314916	-0.266156	-0.186744	-0.0910646	0.00659624	0.0962492	0.166999	0.220224	0.256888	0.280216	0.293329	0.293177	0.279101	0.258371	0.241697	0.237182	0.239867	0.251218	0.263836	0.268347	0.271939	0.280977	0.295081	0.314495	0.335784	0.35314	0.360948	0.353518	0.332656	0.297702	0.25505	0.212467	0.174653	0.143082	0.114314	0.0836297	0.0457578	0.000220582	-0.0479284	-0.090346	-0.124674	-0.146656	-0.156886	-0.160177	-0.155902	-0.144011	-0.122713	-0.0907947	-0.0481359	0	
0	0.0082652	0.0138679	0.00964359	-0.0127064	-0.0571379	-0.115469	-0.18237	-0.246072	-0.287441	-0.286424	-0.244561	-0.178705	-0.0995878	-0.0204171	0.0618741	0.149219	0.249044	0.34876	0.4348	0.485781	0.481094	0.416241	0.298636	0.137567	-0.0508907	-0.241873	-0.407751	-0.533647	-0.609584	-0.632788	-0.600635	-0.519911	-0.400049	-0.25425	-0.104091	0.0269654	0.126518	0.192749	0.217466	0.198341	0.141387	0.0565989	-0.0392809	-0.129384	-0.214156	-0.282534	-0.334703	-0.375341	-0.390523	-0.365208	-0.302796	-0.205647	-0.0908588	0.0285728	0.143573	0.240667	0.316248	0.365542	0.396639	0.413084	0.414793	0.406388	0.39289	0.379442	0.373073	0.372858	0.385357	0.405193	0.420112	0.430409	0.441591	0.448925	0.459114	0.472416	0.48156	0.479092	0.453198	0.416371	0.366161	0.309511	0.260489	0.217516	0.178773	0.139529	0.101375	0.0614339	0.0183739	-0.0221514	-0.0632786	-0.106198	-0.140999	-0.16795	-0.181012	-0.17414	-0.154117	-0.120932	-0.0815077	-0.0414244	0	
0	0.00541992	0.00420193	-0.0127064	-0.0436623	-0.0889084	-0.132933	-0.181563	-0.23166	-0.271525	-0.275017	-0.23747	-0.167963	-0.0744257	0.0312915	0.146214	0.269885	0.402955	0.527217	0.623978	0.670531	0.647837	0.557718	0.409688	0.214793	-0.016232	-0.255004	-0.469377	-0.639598	-0.748273	-0.789696	-0.76079	-0.666522	-0.526917	-0.353031	-0.17726	-0.0258068	0.0905493	0.17199	0.212261	0.209627	0.163857	0.0849106	-0.0121026	-0.111867	-0.207592	-0.286908	-0.341775	-0.379883	-0.384564	-0.348408	-0.274783	-0.172973	-0.0572238	0.064187	0.186623	0.29373	0.380316	0.440191	0.477931	0.504501	0.521494	0.527894	0.525282	0.51852	0.513979	0.508222	0.518475	0.543108	0.5646	0.583257	0.597734	0.600858	0.59795	0.591879	0.579534	0.554169	0.507674	0.449302	0.382551	0.319046	0.266951	0.225203	0.189684	0.157037	0.128634	0.101632	0.0734203	0.0417939	0.0061067	-0.0382922	-0.0820828	-0.116859	-0.138542	-0.13994	-0.124413	-0.096991	-0.0650633	-0.0317768	0	
0	-0.0133194	-0.03117	-0.0571379	-0.0889084	-0.121442	-0.143641	-0.165451	-0.195341	-0.224483	-0.226841	-0.192853	-0.128462	-0.0311028	0.0893476	0.23305	0.388995	0.551158	0.689521	0.784593	0.817418	0.776684	0.667716	0.501091	0.279975	0.0145897	-0.263887	-0.515654	-0.715142	-0.845792	-0.902821	-0.882543	-0.793883	-0.649775	-0.466456	-0.274851	-0.106496	0.0244949	0.123271	0.1825	0.198258	0.171543	0.106606	0.0173315	-0.076753	-0.174619	-0.252941	-0.304895	-0.336345	-0.334649	-0.290024	-0.216085	-0.117981	-0.0112349	0.100546	0.215868	0.320257	0.407809	0.469318	0.517564	0.56142	0.600535	0.632062	0.650262	0.651754	0.643628	0.630596	0.634392	0.656706	0.681429	0.704952	0.727289	0.734302	0.72893	0.71049	0.673585	0.617021	0.536915	0.459221	0.383085	0.312962	0.261836	0.224838	0.200338	0.185204	0.17889	0.172201	0.156617	0.134649	0.10303	0.0607847	0.0223691	-0.0139276	-0.04286	-0.0569942	-0.0636194	-0.057176	-0.0422675	-0.0235341	0	
0	-0.0472393	-0.0859946	-0.115469	-0.132933	-0.143641	-0.13925	-0.137343	-0.14687	-0.162546	-0.156967	-0.124082	-0.0664216	0.0234017	0.145956	0.300239	0.472926	0.647788	0.789922	0.877971	0.898549	0.843592	0.722455	0.540966	0.301876	0.0124541	-0.290096	-0.560792	-0.775034	-0.916432	-0.983997	-0.976326	-0.897231	-0.763684	-0.583047	-0.389634	-0.215161	-0.0711885	0.046176	0.129584	0.172475	0.169149	0.124703	0.053133	-0.0283298	-0.112891	-0.182821	-0.226731	-0.256067	-0.254939	-0.216668	-0.149154	-0.0619298	0.0325949	0.130815	0.232622	0.324068	0.402498	0.467008	0.5284	0.596729	0.663737	0.715606	0.742017	0.746033	0.738114	0.720105	0.719358	0.738339	0.759957	0.787317	0.8203	0.840394	0.841291	0.816492	0.76339	0.685842	0.588037	0.492734	0.402619	0.325724	0.271718	0.24265	0.234531	0.24073	0.255284	0.263866	0.259492	0.243492	0.220543	0.189245	0.157682	0.125406	0.0902057	0.0577134	0.0279164	0.00727409	-0.00385398	-0.00495873	0	
0	-0.0892771	-0.153281	-0.18237	-0.181563	-0.165451	-0.137343	-0.115016	-0.109446	-0.111336	-0.0953721	-0.0561426	-0.00112774	0.0814086	0.192544	0.336055	0.496907	0.663261	0.798299	0.881395	0.894444	0.83008	0.695442	0.501653	0.251365	-0.045208	-0.350208	-0.621666	-0.835651	-0.980393	-1.05473	-1.05544	-0.990074	-0.869505	-0.70347	-0.520264	-0.348217	-0.198321	-0.0606744	0.0526345	0.128241	0.157175	0.139561	0.0901968	0.0315884	-0.0359995	-0.0891945	-0.124089	-0.151288	-0.158236	-0.13205	-0.0823649	-0.0123614	0.0629339	0.142181	0.226167	0.305356	0.382892	0.455755	0.53779	0.629673	0.715401	0.77597	0.802924	0.801535	0.788364	0.771168	0.773183	0.794898	0.818981	0.84704	0.881739	0.904466	0.909127	0.889673	0.84164	0.766393	0.663956	0.56212	0.463028	0.375785	0.320109	0.296028	0.299057	0.320619	0.349979	0.373279	0.382305	0.381159	0.370518	0.346354	0.319726	0.284275	0.241141	0.197634	0.148097	0.103988	0.0649542	0.0293108	0	
0	-0.126256	-0.21344	-0.246072	-0.23166	-0.195341	-0.14687	-0.109446	-0.0926078	-0.0863393	-0.0602256	-0.0116531	0.048907	0.125043	0.216984	0.328307	0.455025	0.594911	0.718845	0.799166	0.811493	0.739722	0.595802	0.393352	0.142022	-0.148654	-0.443371	-0.702782	-0.908698	-1.04961	-1.12496	-1.13288	-1.07734	-0.972036	-0.820651	-0.649617	-0.484862	-0.331382	-0.178764	-0.0378106	0.0731984	0.137917	0.154765	0.137114	0.104783	0.0616075	0.0232423	-0.00283821	-0.031296	-0.0471327	-0.0363496	-0.00382685	0.0436813	0.0949729	0.148357	0.208358	0.272415	0.345326	0.430559	0.533662	0.64734	0.746125	0.809947	0.831287	0.825408	0.812208	0.796931	0.804839	0.833308	0.86205	0.891098	0.924136	0.944478	0.950678	0.940547	0.909222	0.850885	0.757563	0.651217	0.540031	0.442681	0.383098	0.367274	0.384341	0.42184	0.470664	0.514202	0.54465	0.560066	0.55878	0.537866	0.505779	0.462577	0.410705	0.354336	0.289513	0.222355	0.150297	0.0750649	0	
0	-0.145021	-0.247566	-0.287441	-0.271525	-0.224483	-0.162546	-0.111336	-0.0863393	-0.0732776	-0.0397202	0.0198514	0.0862648	0.154368	0.218455	0.286773	0.367281	0.472917	0.577957	0.652133	0.659576	0.585576	0.440293	0.243213	0.00280712	-0.272505	-0.54751	-0.787276	-0.974407	-1.10288	-1.17464	-1.18692	-1.14427	-1.05332	-0.916448	-0.755921	-0.595252	-0.439926	-0.274248	-0.110234	0.0307148	0.129706	0.181165	0.198483	0.201057	0.185809	0.168825	0.1505	0.119748	0.0920487	0.085521	0.0971629	0.122866	0.147344	0.172318	0.205156	0.247303	0.309582	0.390728	0.496377	0.617073	0.728433	0.803606	0.835388	0.83575	0.823544	0.808605	0.81634	0.848638	0.882817	0.914999	0.947337	0.970114	0.985362	0.990968	0.977133	0.928301	0.834635	0.720639	0.60367	0.50784	0.457761	0.454839	0.488628	0.548857	0.621164	0.689195	0.740119	0.769565	0.776053	0.753951	0.715969	0.661789	0.595263	0.523417	0.437739	0.344703	0.239868	0.121592	0	
0	-0.139056	-0.241421	-0.286424	-0.275017	-0.226841	-0.156967	-0.0953721	-0.0602256	-0.0397202	0.00142191	0.0658928	0.129034	0.178048	0.207298	0.230292	0.265251	0.331415	0.408815	0.462084	0.459118	0.383206	0.2486	0.0690838	-0.149491	-0.399761	-0.646982	-0.855572	-1.01266	-1.11793	-1.1765	-1.18856	-1.15472	-1.07847	-0.957126	-0.808425	-0.654245	-0.497888	-0.324642	-0.145452	0.0158537	0.139268	0.223074	0.280192	0.326562	0.353779	0.36424	0.357199	0.321755	0.276638	0.247845	0.236131	0.235057	0.23384	0.232148	0.237111	0.254721	0.291169	0.351447	0.441981	0.554827	0.665353	0.752172	0.799634	0.814073	0.810858	0.800641	0.812597	0.846942	0.884302	0.918561	0.95618	0.987665	1.01345	1.02908	1.01972	0.970663	0.875282	0.765084	0.658525	0.574889	0.53968	0.557723	0.615512	0.700019	0.796643	0.883486	0.948782	0.987769	0.997369	0.977245	0.934136	0.867209	0.783332	0.68621	0.572576	0.449283	0.310603	0.157929	0	
0	-0.115272	-0.2032	-0.244561	-0.23747	-0.192853	-0.124082	-0.0561426	-0.0116531	0.0198514	0.0658928	0.125445	0.170999	0.189868	0.183503	0.167581	0.163265	0.190708	0.232179	0.259027	0.240174	0.166335	0.0464243	-0.108529	-0.296949	-0.512478	-0.719716	-0.886847	-1.00477	-1.07772	-1.11512	-1.11813	-1.08814	-1.02397	-0.918934	-0.783835	-0.637987	-0.485078	-0.312095	-0.13043	0.0368498	0.174511	0.2836	0.381154	0.47507	0.547478	0.59161	0.599551	0.563766	0.506664	0.454414	0.413129	0.380228	0.345188	0.313566	0.294424	0.289462	0.30343	0.336246	0.396187	0.484081	0.584799	0.668785	0.720881	0.747273	0.760005	0.768757	0.796167	0.843891	0.888124	0.925192	0.962633	0.997235	1.02521	1.03654	1.02129	0.969306	0.883774	0.789066	0.703112	0.644701	0.631006	0.667147	0.743736	0.849567	0.965514	1.07004	1.14838	1.19467	1.20835	1.18421	1.13077	1.0485	0.941476	0.816828	0.671296	0.515318	0.349588	0.174605	0	
0	-0.0864735	-0.151009	-0.178705	-0.167963	-0.128462	-0.0664216	-0.00112774	0.048907	0.0862648	0.129034	0.170999	0.187338	0.17358	0.135895	0.0903513	0.0545268	0.0474726	0.0597947	0.0649392	0.0384068	-0.0312695	-0.134423	-0.262746	-0.415746	-0.586987	-0.745149	-0.863238	-0.935111	-0.970792	-0.981161	-0.971411	-0.942122	-0.88728	-0.795781	-0.674054	-0.539572	-0.398787	-0.238734	-0.0666377	0.0986114	0.244169	0.375097	0.502373	0.629918	0.734293	0.802353	0.827078	0.803227	0.746534	0.68301	0.616771	0.546703	0.475147	0.412293	0.366713	0.340479	0.330097	0.336515	0.369653	0.430955	0.505532	0.575119	0.624536	0.657909	0.687745	0.721858	0.773639	0.834554	0.888309	0.932029	0.975672	1.01179	1.03131	1.03052	1.00415	0.950178	0.872761	0.797148	0.734828	0.694421	0.698472	0.753403	0.848183	0.970854	1.10295	1.22237	1.31352	1.36527	1.37157	1.33538	1.26453	1.16195	1.03653	0.889429	0.721479	0.545468	0.363203	0.179561	0	
0	-0.0593107	-0.0968195	-0.0995878	-0.0744257	-0.0311028	0.0234017	0.0814086	0.125043	0.154368	0.178048	0.189868	0.17358	0.128125	0.0642095	-0.00850154	-0.0714126	-0.104029	-0.10903	-0.110547	-0.135844	-0.19482	-0.277894	-0.375679	-0.488047	-0.609701	-0.713612	-0.775984	-0.797025	-0.790683	-0.773083	-0.750533	-0.720261	-0.671135	-0.591353	-0.48497	-0.373072	-0.25794	-0.124665	0.0291025	0.187829	0.339067	0.481193	0.625309	0.767256	0.888197	0.973597	1.01662	1.00974	0.964308	0.896373	0.813206	0.719779	0.622215	0.534949	0.466695	0.414788	0.375173	0.351752	0.355546	0.392988	0.452812	0.508227	0.547823	0.58221	0.620428	0.665229	0.724369	0.795998	0.862718	0.921545	0.976621	1.02087	1.0436	1.0389	1.00824	0.950297	0.872762	0.793348	0.730986	0.705388	0.72914	0.803581	0.915024	1.04886	1.18851	1.3117	1.40036	1.44485	1.44161	1.39177	1.30447	1.18548	1.04277	0.883395	0.7103	0.53386	0.356067	0.176366	0	
0	-0.036459	-0.0466655	-0.0204171	0.0312915	0.0893476	0.145956	0.192544	0.216984	0.218455	0.207298	0.183503	0.135895	0.0642095	-0.0255265	-0.1231	-0.207284	-0.253941	-0.262828	-0.261007	-0.277079	-0.318567	-0.374829	-0.435846	-0.504152	-0.573805	-0.619448	-0.622645	-0.587814	-0.536816	-0.488011	-0.447414	-0.411377	-0.367215	-0.305702	-0.232451	-0.161295	-0.0894902	0.00662885	0.135691	0.2829	0.429925	0.574	0.720538	0.868436	0.999606	1.09858	1.1554	1.16297	1.12564	1.0599	0.974968	0.876114	0.772717	0.673719	0.583518	0.501634	0.431586	0.383689	0.37094	0.394837	0.438254	0.479134	0.507059	0.528258	0.553804	0.592735	0.651567	0.726667	0.807626	0.886135	0.958444	1.01551	1.04652	1.05258	1.02966	0.970854	0.882608	0.789894	0.71959	0.69029	0.719602	0.804992	0.929181	1.07133	1.20639	1.31417	1.38209	1.4053	1.38394	1.3231	1.22612	1.09804	0.95143	0.794362	0.634607	0.478488	0.321642	0.161238	0	
0	-0.0128804	0.00349869	0.0618741	0.146214	0.23305	0.300239	0.336055	0.328307	0.286773	0.230292	0.167581	0.0903513	-0.00850154	-0.1231	-0.241563	-0.334733	-0.3819	-0.382217	-0.368102	-0.364133	-0.377403	-0.394965	-0.410992	-0.429861	-0.44456	-0.435131	-0.385777	-0.305982	-0.217535	-0.136839	-0.0733041	-0.0265208	0.0101426	0.0412243	0.0688461	0.0857313	0.108248	0.160729	0.256208	0.378347	0.507758	0.639001	0.781916	0.929386	1.06784	1.17421	1.23739	1.25033	1.22023	1.16278	1.08958	1.00399	0.908031	0.805103	0.69899	0.59545	0.502936	0.439238	0.41353	0.424501	0.452341	0.470943	0.472072	0.466426	0.468922	0.49284	0.549567	0.639184	0.741995	0.838689	0.921665	0.989605	1.03652	1.05838	1.0464	0.9902	0.897585	0.791802	0.703414	0.660115	0.677272	0.753619	0.872273	1.0042	1.12464	1.21048	1.25156	1.25169	1.2118	1.13879	1.03616	0.911452	0.776774	0.638601	0.503843	0.374271	0.248042	0.123424	0	
0	0.0143451	0.0596799	0.149219	0.269885	0.388995	0.472926	0.496907	0.455025	0.367281	0.265251	0.163265	0.0545268	-0.0714126	-0.207284	-0.334733	-0.423708	-0.456776	-0.439468	-0.401009	-0.368245	-0.342873	-0.316122	-0.281131	-0.245762	-0.206292	-0.150477	-0.0665595	0.0388636	0.152343	0.257407	0.341563	0.393687	0.415596	0.412093	0.390297	0.355181	0.32785	0.334207	0.38991	0.480181	0.58458	0.697733	0.825322	0.960238	1.08751	1.18554	1.24306	1.25856	1.24219	1.20677	1.16098	1.10067	1.02173	0.921663	0.809478	0.692131	0.588126	0.512946	0.471954	0.461603	0.46295	0.452268	0.423772	0.387922	0.3644	0.378905	0.440245	0.541511	0.658945	0.771744	0.869061	0.951173	1.01089	1.04224	1.03287	0.973906	0.877815	0.765035	0.664669	0.603182	0.597341	0.647293	0.740967	0.849025	0.944569	1.0098	1.03283	1.01282	0.952353	0.863321	0.757994	0.650183	0.546216	0.445638	0.348552	0.252983	0.162861	0.0789718	0	
0	0.047691	0.125991	0.249044	0.402955	0.551158	0.647788	0.663261	0.594911	0.472917	0.331415	0.190708	0.0474726	-0.104029	-0.253941	-0.3819	-0.456776	-0.47041	-0.424648	-0.355276	-0.284038	-0.219294	-0.147521	-0.0632191	0.0222934	0.106645	0.192297	0.291201	0.405188	0.524907	0.638459	0.725002	0.772381	0.779566	0.749969	0.692782	0.61431	0.542033	0.502224	0.515729	0.571497	0.646652	0.732814	0.835275	0.943169	1.05001	1.13267	1.18328	1.20492	1.20795	1.20281	1.19247	1.16559	1.11252	1.02984	0.923532	0.805588	0.690907	0.597643	0.531517	0.49324	0.464893	0.425579	0.370014	0.306	0.262556	0.26608	0.324543	0.426943	0.549349	0.671014	0.782267	0.883141	0.956839	0.991951	0.976123	0.90698	0.799299	0.675608	0.562896	0.48741	0.464557	0.489137	0.551696	0.625569	0.694842	0.742203	0.751608	0.721281	0.650474	0.559776	0.462864	0.374162	0.299109	0.231651	0.175537	0.123401	0.0764663	0.038055	0	
0	0.0821243	0.194936	0.34876	0.527217	0.689521	0.789922	0.798299	0.718845	0.577957	0.408815	0.232179	0.0597947	-0.10903	-0.262828	-0.382217	-0.439468	-0.424648	-0.346199	-0.235468	-0.124484	-0.0190389	0.0908061	0.211983	0.329034	0.437358	0.53536	0.639243	0.748297	0.859936	0.958088	1.03029	1.06468	1.06105	1.01659	0.934577	0.823144	0.71452	0.635129	0.609141	0.625488	0.662929	0.712875	0.782589	0.864746	0.952571	1.02559	1.07509	1.10473	1.13161	1.15889	1.18396	1.19151	1.16692	1.10129	1.00865	0.891944	0.7715	0.66481	0.579584	0.519395	0.467663	0.401016	0.316995	0.231381	0.170921	0.164802	0.213252	0.304039	0.417372	0.542958	0.667222	0.779128	0.860787	0.895721	0.87135	0.788683	0.666332	0.523795	0.390299	0.29922	0.258517	0.260763	0.302726	0.359331	0.415659	0.453322	0.454022	0.421037	0.359404	0.283473	0.204265	0.132386	0.0699183	0.0245702	0.00173409	-0.00896532	-0.00779071	-0.00272488	0	
0	0.113643	0.257414	0.4348	0.623978	0.784593	0.877971	0.881395	0.799166	0.652133	0.462084	0.259027	0.0649392	-0.110547	-0.261007	-0.368102	-0.401009	-0.355276	-0.235468	-0.0808682	0.079168	0.228044	0.372042	0.513353	0.638583	0.749834	0.848888	0.946421	1.04108	1.12484	1.19321	1.23749	1.25309	1.23468	1.1756	1.07569	0.946206	0.819447	0.71531	0.651887	0.6235	0.61323	0.622307	0.66269	0.7242	0.802584	0.873226	0.926419	0.971554	1.02284	1.07945	1.13236	1.16151	1.15265	1.10323	1.02039	0.911211	0.794499	0.687753	0.59738	0.525753	0.453151	0.362664	0.260026	0.155428	0.0841586	0.0669264	0.100918	0.175587	0.280613	0.407017	0.535033	0.652937	0.735724	0.769999	0.741058	0.646348	0.501572	0.334275	0.17559	0.055638	-0.0110523	-0.029451	0.00413006	0.061177	0.119574	0.159979	0.168537	0.153325	0.115965	0.0671584	0.0081223	-0.0502281	-0.100249	-0.13428	-0.137013	-0.122271	-0.0915158	-0.0445699	0	
0	0.136171	0.299325	0.485781	0.670531	0.817418	0.898549	0.894444	0.811493	0.659576	0.459118	0.240174	0.0384068	-0.135844	-0.277079	-0.364133	-0.368245	-0.284038	-0.124484	0.079168	0.290827	0.485065	0.65401	0.797552	0.911795	1.01119	1.09609	1.17645	1.24219	1.29555	1.33144	1.34795	1.33663	1.29365	1.21483	1.10322	0.969928	0.84084	0.721447	0.626044	0.554036	0.502711	0.478857	0.494643	0.539973	0.606438	0.674778	0.737552	0.79874	0.874161	0.952334	1.01752	1.05551	1.05686	1.01653	0.951469	0.857976	0.754214	0.656213	0.568865	0.491793	0.405308	0.298581	0.183354	0.0770803	0.000564525	-0.0272321	-0.00602254	0.0583379	0.15636	0.281885	0.411001	0.522533	0.603608	0.634959	0.593657	0.480719	0.316168	0.124863	-0.0657642	-0.214017	-0.302469	-0.331541	-0.29773	-0.236568	-0.167436	-0.109697	-0.0771685	-0.061755	-0.0689619	-0.0963893	-0.135187	-0.171896	-0.2035	-0.218199	-0.209529	-0.187691	-0.14204	-0.0745773	0	
0	0.141959	0.304945	0.481094	0.647837	0.776684	0.843592	0.83008	0.739722	0.585576	0.383206	0.166335	-0.0312695	-0.19482	-0.318567	-0.377403	-0.342873	-0.219294	-0.0190389	0.228044	0.485065	0.711075	0.887713	1.01756	1.10739	1.1775	1.23066	1.27506	1.3104	1.33831	1.35342	1.34533	1.30744	1.24038	1.14878	1.03502	0.906248	0.778522	0.648965	0.528098	0.426731	0.347878	0.300383	0.294755	0.317865	0.369063	0.435528	0.506869	0.585013	0.675899	0.762655	0.831772	0.875148	0.886604	0.867714	0.82387	0.751493	0.669745	0.588892	0.508454	0.427885	0.333275	0.221642	0.109594	0.00151626	-0.0764349	-0.108466	-0.0917162	-0.029268	0.0670708	0.186489	0.302164	0.401195	0.466029	0.478605	0.419556	0.288065	0.1017	-0.11037	-0.317888	-0.479053	-0.570739	-0.596192	-0.554043	-0.481414	-0.398385	-0.317017	-0.254079	-0.211752	-0.198417	-0.208282	-0.228066	-0.241664	-0.250679	-0.250049	-0.228556	-0.198713	-0.149946	-0.0760763	0	
0	0.126109	0.267654	0.416241	0.557718	0.667716	0.722455	0.695442	0.595802	0.440293	0.2486	0.0464243	-0.134423	-0.277894	-0.374829	-0.394965	-0.316122	-0.147521	0.0908061	0.372042	0.65401	0.887713	1.05303	1.15585	1.20749	1.2301	1.23141	1.23257	1.23787	1.24858	1.24704	1.22152	1.16878	1.0954	1.00805	0.902625	0.782256	0.65829	0.524473	0.390985	0.272296	0.175942	0.109665	0.0798443	0.0810804	0.116115	0.179053	0.257407	0.340913	0.434405	0.522648	0.593897	0.647095	0.67837	0.681115	0.664591	0.620366	0.563373	0.502386	0.436963	0.365208	0.27264	0.163313	0.0530021	-0.0522322	-0.133477	-0.167876	-0.144639	-0.0771064	0.013901	0.120054	0.217696	0.286681	0.32222	0.307826	0.219904	0.0654419	-0.135138	-0.35496	-0.566473	-0.720122	-0.793614	-0.798464	-0.740239	-0.650872	-0.542148	-0.43418	-0.351745	-0.296013	-0.269921	-0.264531	-0.264982	-0.261956	-0.25993	-0.246954	-0.214845	-0.17643	-0.124393	-0.0603503	0	
0	0.0867667	0.187525	0.298636	0.409688	0.501091	0.540966	0.501653	0.393352	0.243213	0.0690838	-0.108529	-0.262746	-0.375679	-0.435846	-0.410992	-0.281131	-0.0632191	0.211983	0.513353	0.797552	1.01756	1.15585	1.21873	1.21789	1.17963	1.12501	1.08364	1.06111	1.05142	1.03408	1.00023	0.949985	0.888583	0.816973	0.727361	0.620562	0.507615	0.380863	0.245388	0.118819	0.0121144	-0.0693572	-0.117004	-0.13474	-0.115377	-0.059937	0.011884	0.0872613	0.172254	0.256623	0.33251	0.400994	0.451329	0.478538	0.4869	0.470608	0.44619	0.415411	0.373221	0.319049	0.243691	0.14734	0.0417978	-0.06808	-0.151674	-0.18416	-0.159016	-0.0917243	-0.00917075	0.0784482	0.15019	0.189996	0.190146	0.137072	0.0196104	-0.155846	-0.37166	-0.593936	-0.790064	-0.91722	-0.964448	-0.946275	-0.862141	-0.741031	-0.604795	-0.479432	-0.388882	-0.326662	-0.288175	-0.268454	-0.254452	-0.238728	-0.225983	-0.202972	-0.163627	-0.125175	-0.0834009	-0.0368903	0	
0	0.0252946	0.071525	0.137567	0.214793	0.279975	0.301876	0.251365	0.142022	0.00280712	-0.149491	-0.296949	-0.415746	-0.488047	-0.504152	-0.429861	-0.245762	0.0222934	0.329034	0.638583	0.911795	1.10739	1.20749	1.21789	1.1568	1.05924	0.956433	0.87512	0.81903	0.782672	0.750233	0.716163	0.678276	0.63483	0.586049	0.519759	0.438091	0.348043	0.238856	0.110239	-0.018302	-0.132909	-0.224671	-0.287481	-0.320377	-0.314548	-0.270481	-0.210047	-0.149654	-0.0801666	-0.00391008	0.0728567	0.148408	0.212768	0.260509	0.297524	0.317169	0.328814	0.332222	0.325257	0.305582	0.257038	0.178388	0.0823358	-0.0225905	-0.106242	-0.142304	-0.122692	-0.071256	-0.0120794	0.0551787	0.107526	0.118105	0.0841681	-0.000959831	-0.151402	-0.35561	-0.583583	-0.797729	-0.97147	-1.07267	-1.09249	-1.04369	-0.930967	-0.78385	-0.629473	-0.493075	-0.389988	-0.312278	-0.25622	-0.22139	-0.195964	-0.170055	-0.147818	-0.120331	-0.0861553	-0.0614133	-0.0397373	-0.0154925	0	
0	-0.0495763	-0.0675058	-0.0508907	-0.016232	0.0145897	0.0124541	-0.045208	-0.148654	-0.272505	-0.399761	-0.512478	-0.586987	-0.609701	-0.573805	-0.44456	-0.206292	0.106645	0.437358	0.749834	1.01119	1.1775	1.2301	1.17963	1.05924	0.911079	0.763225	0.637664	0.54182	0.478498	0.436894	0.409133	0.387547	0.369047	0.348957	0.315407	0.266098	0.204569	0.11893	0.00274819	-0.125173	-0.244703	-0.347112	-0.424136	-0.470781	-0.479499	-0.447412	-0.399662	-0.354785	-0.300536	-0.232785	-0.159998	-0.0825256	-0.0110646	0.0511162	0.110133	0.161173	0.209519	0.253446	0.290091	0.313893	0.304243	0.254448	0.174329	0.0799242	0.00199396	-0.038492	-0.0354913	-0.0056711	0.0309914	0.0704334	0.0935538	0.0746111	0.0106751	-0.106504	-0.285973	-0.511804	-0.751124	-0.961623	-1.12049	-1.20162	-1.19572	-1.11439	-0.969469	-0.797146	-0.625524	-0.473771	-0.351622	-0.25248	-0.180066	-0.135703	-0.101853	-0.0717238	-0.0506487	-0.0308609	-0.0135945	-0.0076934	-0.00461149	0.000441209	0	
0	-0.122986	-0.2049	-0.241873	-0.255004	-0.263887	-0.290096	-0.350208	-0.443371	-0.54751	-0.646982	-0.719716	-0.745149	-0.713612	-0.619448	-0.435131	-0.150477	0.192297	0.53536	0.848888	1.09609	1.23066	1.23141	1.12501	0.956433	0.763225	0.569372	0.39554	0.260846	0.175087	0.127163	0.108472	0.109708	0.122947	0.13917	0.142107	0.127319	0.0979449	0.0393415	-0.0604811	-0.184356	-0.310293	-0.425652	-0.519406	-0.5858	-0.612006	-0.594398	-0.558483	-0.521693	-0.472891	-0.407537	-0.333741	-0.256531	-0.184663	-0.114592	-0.0410619	0.0314521	0.109379	0.192111	0.274796	0.343023	0.370786	0.348711	0.293935	0.223688	0.159413	0.116298	0.101621	0.104425	0.108412	0.116662	0.10867	0.0579274	-0.0397863	-0.18951	-0.395168	-0.638587	-0.880203	-1.08687	-1.23772	-1.30448	-1.27361	-1.15785	-0.983694	-0.786765	-0.591874	-0.413184	-0.265435	-0.152848	-0.0737207	-0.0267703	0.00328226	0.0236478	0.0293873	0.0298522	0.0291821	0.0210771	0.0124587	0.00831203	0	
0	-0.179778	-0.317562	-0.407751	-0.469377	-0.515654	-0.560792	-0.621666	-0.702782	-0.787276	-0.855572	-0.886847	-0.863238	-0.775984	-0.622645	-0.385777	-0.0665595	0.291201	0.639243	0.946421	1.17645	1.27506	1.23257	1.08364	0.87512	0.637664	0.39554	0.176422	0.00876246	-0.0980476	-0.148752	-0.151517	-0.117857	-0.0639971	-0.00894044	0.0295988	0.0474148	0.0448284	0.00947143	-0.0745176	-0.193234	-0.321474	-0.444623	-0.55443	-0.640594	-0.689947	-0.695144	-0.674253	-0.644704	-0.597834	-0.526331	-0.444731	-0.361635	-0.282575	-0.206595	-0.12842	-0.0430252	0.0527307	0.16057	0.273146	0.371756	0.427277	0.43719	0.416609	0.377244	0.329811	0.287164	0.263074	0.247549	0.226588	0.197968	0.14926	0.058566	-0.077614	-0.257906	-0.484056	-0.737293	-0.983845	-1.1907	-1.33246	-1.38002	-1.31882	-1.17142	-0.970374	-0.743339	-0.515063	-0.311228	-0.150651	-0.0341339	0.0405189	0.0791544	0.0941664	0.0910896	0.0750139	0.0557501	0.0386974	0.023183	0.0119152	0.00639543	0	
0	-0.214317	-0.395351	-0.533647	-0.639598	-0.715142	-0.775034	-0.835651	-0.908698	-0.974407	-1.01266	-1.00477	-0.935111	-0.797025	-0.587814	-0.305982	0.0388636	0.405188	0.748297	1.04108	1.24219	1.3104	1.23787	1.06111	0.81903	0.54182	0.260846	0.00876246	-0.18681	-0.310229	-0.361346	-0.343861	-0.277529	-0.186107	-0.0968097	-0.0262049	0.0162446	0.0343731	0.0169568	-0.0508337	-0.158216	-0.279997	-0.404086	-0.522204	-0.629771	-0.708777	-0.743898	-0.746374	-0.727118	-0.679418	-0.600886	-0.506367	-0.409288	-0.320165	-0.236591	-0.151785	-0.0609138	0.0454032	0.167323	0.29193	0.399081	0.471606	0.505788	0.51525	0.509225	0.486272	0.455767	0.428181	0.401018	0.357255	0.295922	0.209291	0.0807366	-0.0946017	-0.310954	-0.557473	-0.819449	-1.0655	-1.26718	-1.39201	-1.41232	-1.32672	-1.15649	-0.929318	-0.672597	-0.419411	-0.200206	-0.0356043	0.0755745	0.139662	0.160347	0.153304	0.129762	0.095721	0.062624	0.0363981	0.018076	0.00852677	0.00379408	0	
0	-0.227659	-0.434933	-0.609584	-0.748273	-0.845792	-0.916432	-0.980393	-1.04961	-1.10288	-1.11793	-1.07772	-0.970792	-0.790683	-0.536816	-0.217535	0.152343	0.524907	0.859936	1.12484	1.29555	1.33831	1.24858	1.05142	0.782672	0.478498	0.175087	-0.0980476	-0.310229	-0.444182	-0.490457	-0.458506	-0.369552	-0.251748	-0.136236	-0.0432185	0.0171886	0.0495643	0.0462138	-0.00529937	-0.0971524	-0.205049	-0.317652	-0.436025	-0.560532	-0.66692	-0.735608	-0.762164	-0.755401	-0.714486	-0.634949	-0.531811	-0.42526	-0.324359	-0.229714	-0.137799	-0.0346832	0.0800521	0.20355	0.322863	0.426919	0.504543	0.558119	0.595566	0.611854	0.603682	0.584338	0.56547	0.534706	0.477754	0.394807	0.279274	0.118573	-0.090286	-0.328605	-0.588943	-0.863061	-1.11566	-1.30919	-1.41147	-1.41021	-1.3061	-1.11784	-0.872084	-0.598452	-0.335546	-0.114639	0.0503745	0.157984	0.208602	0.215734	0.192595	0.153161	0.110198	0.0679581	0.0370162	0.0171169	0.0045975	0.000860628	0	
0	-0.225226	-0.440426	-0.632788	-0.789696	-0.902821	-0.983997	-1.05473	-1.12496	-1.17464	-1.1765	-1.11512	-0.981161	-0.773083	-0.488011	-0.136839	0.257407	0.638459	0.958088	1.19321	1.33144	1.35342	1.24704	1.03408	0.750233	0.436894	0.127163	-0.148752	-0.361346	-0.490457	-0.532228	-0.495675	-0.401456	-0.274864	-0.150379	-0.046359	0.0261318	0.0700766	0.0775679	0.0411404	-0.0300337	-0.114154	-0.207402	-0.320265	-0.45611	-0.585511	-0.676843	-0.72135	-0.728085	-0.698135	-0.628501	-0.529422	-0.421342	-0.315584	-0.215653	-0.111495	0.00305461	0.12709	0.252581	0.367008	0.467141	0.551096	0.613394	0.65454	0.677569	0.677429	0.665732	0.648326	0.619481	0.563244	0.471981	0.341894	0.167724	-0.052772	-0.304077	-0.577249	-0.859668	-1.11051	-1.29598	-1.3892	-1.38021	-1.26994	-1.07292	-0.816831	-0.540811	-0.281778	-0.0633441	0.0988883	0.202376	0.247964	0.248356	0.218181	0.171401	0.122904	0.0812109	0.0485595	0.0236527	0.00775466	-0.000466111	0	
0	-0.209659	-0.413878	-0.600635	-0.76079	-0.882543	-0.976326	-1.05544	-1.13288	-1.18692	-1.18856	-1.11813	-0.971411	-0.750533	-0.447414	-0.0733041	0.341563	0.725002	1.03029	1.23749	1.34795	1.34533	1.22152	1.00023	0.716163	0.409133	0.108472	-0.151517	-0.343861	-0.458506	-0.495675	-0.466094	-0.384422	-0.270974	-0.155118	-0.0476863	0.0325515	0.08432	0.0985604	0.0805831	0.0380922	-0.0167722	-0.0910078	-0.196726	-0.338799	-0.474475	-0.574189	-0.62838	-0.647615	-0.636004	-0.585807	-0.501063	-0.403141	-0.303842	-0.201389	-0.0888561	0.0402545	0.175126	0.304654	0.418513	0.518665	0.602534	0.660369	0.693896	0.704089	0.696205	0.684528	0.670271	0.645302	0.59629	0.515129	0.393253	0.227536	0.0111843	-0.240287	-0.514975	-0.798687	-1.04852	-1.23087	-1.3253	-1.32207	-1.21659	-1.02324	-0.773164	-0.509651	-0.260975	-0.0495949	0.107627	0.209273	0.255095	0.261553	0.234093	0.188951	0.144341	0.100146	0.0648392	0.0372405	0.0179249	0.00787519	0	
0	-0.181975	-0.356158	-0.519911	-0.666522	-0.793883	-0.897231	-0.990074	-1.07734	-1.14427	-1.15472	-1.08814	-0.942122	-0.720261	-0.411377	-0.0265208	0.393687	0.772381	1.06468	1.25309	1.33663	1.30744	1.16878	0.949985	0.678276	0.387547	0.109708	-0.117857	-0.277529	-0.369552	-0.401456	-0.384422	-0.328636	-0.244691	-0.144579	-0.043995	0.0344825	0.0840183	0.105109	0.110966	0.101769	0.0736036	0.018944	-0.0754547	-0.207268	-0.335674	-0.436569	-0.501782	-0.541439	-0.552638	-0.526648	-0.460835	-0.377563	-0.283948	-0.181278	-0.0572716	0.0823334	0.223815	0.354217	0.464871	0.561435	0.636141	0.676464	0.688273	0.682382	0.663955	0.645896	0.632961	0.619974	0.592114	0.534159	0.434395	0.29118	0.0939267	-0.146581	-0.419682	-0.700093	-0.94335	-1.12726	-1.23083	-1.23473	-1.13563	-0.957515	-0.729256	-0.487259	-0.25712	-0.0611439	0.084113	0.179678	0.228339	0.243286	0.229507	0.202276	0.167948	0.125057	0.0868929	0.0574647	0.0378007	0.0200161	0	
0	-0.140431	-0.273456	-0.400049	-0.526917	-0.649775	-0.763684	-0.869505	-0.972036	-1.05332	-1.07847	-1.02397	-0.88728	-0.671135	-0.367215	0.0101426	0.415596	0.779566	1.06105	1.23468	1.29365	1.24038	1.0954	0.888583	0.63483	0.369047	0.122947	-0.0639971	-0.186107	-0.251748	-0.274864	-0.270974	-0.244691	-0.18789	-0.109972	-0.0258625	0.0370564	0.0819764	0.113005	0.14126	0.157895	0.153751	0.118078	0.0445574	-0.0684301	-0.18641	-0.287499	-0.366774	-0.426189	-0.460513	-0.457664	-0.413909	-0.343175	-0.25423	-0.14414	-0.00801227	0.138093	0.277552	0.39869	0.495927	0.571545	0.620288	0.634459	0.625296	0.603724	0.580993	0.567649	0.563091	0.567742	0.56706	0.540292	0.473626	0.360146	0.181835	-0.0528025	-0.318354	-0.586238	-0.826065	-1.00891	-1.11129	-1.11383	-1.02244	-0.866325	-0.663688	-0.452629	-0.251485	-0.0800379	0.0464541	0.134681	0.180468	0.199709	0.200532	0.189795	0.168665	0.137231	0.109096	0.0810657	0.0530246	0.0262961	0	
0	-0.0852048	-0.166831	-0.25425	-0.353031	-0.466456	-0.583047	-0.70347	-0.820651	-0.916448	-0.957126	-0.918934	-0.795781	-0.591353	-0.305702	0.0412243	0.412093	0.749969	1.01659	1.1756	1.21483	1.14878	1.00805	0.816973	0.586049	0.348957	0.13917	-0.00894044	-0.0968097	-0.136236	-0.150379	-0.155118	-0.144579	-0.109972	-0.0530916	0.00618096	0.0548487	0.0993014	0.135191	0.17404	0.20877	0.222583	0.205888	0.151575	0.0563184	-0.046561	-0.144349	-0.230242	-0.306241	-0.359596	-0.378937	-0.350565	-0.285969	-0.191543	-0.0728008	0.0672139	0.204061	0.325884	0.424608	0.493011	0.537723	0.553183	0.537554	0.509477	0.478295	0.454702	0.450746	0.471279	0.508088	0.53965	0.54822	0.509404	0.412269	0.248138	0.0316707	-0.216211	-0.470618	-0.699821	-0.877646	-0.977043	-0.977346	-0.894732	-0.757333	-0.577362	-0.391827	-0.22172	-0.0809381	0.0225669	0.0918664	0.130287	0.151079	0.153283	0.146466	0.132097	0.115934	0.10537	0.0807535	0.0490786	0.023732	0	
0	-0.0228101	-0.0536532	-0.104091	-0.17726	-0.274851	-0.389634	-0.520264	-0.649617	-0.755921	-0.808425	-0.783835	-0.674054	-0.48497	-0.232451	0.0688461	0.390297	0.692782	0.934577	1.07569	1.10322	1.03502	0.902625	0.727361	0.519759	0.315407	0.142107	0.0295988	-0.0262049	-0.0432185	-0.046359	-0.0476863	-0.043995	-0.0258625	0.00618096	0.0451863	0.0865212	0.125806	0.161322	0.206989	0.256394	0.283467	0.274178	0.228921	0.153822	0.0670749	-0.0183014	-0.105982	-0.192119	-0.256852	-0.283621	-0.262756	-0.197448	-0.100725	0.0138204	0.140265	0.254096	0.350509	0.420209	0.457239	0.464463	0.442821	0.4041	0.365815	0.332237	0.31829	0.334158	0.378415	0.442909	0.506493	0.543259	0.527908	0.448142	0.301579	0.103619	-0.125026	-0.359609	-0.576411	-0.738866	-0.828401	-0.834507	-0.765867	-0.645491	-0.480726	-0.31291	-0.163789	-0.0465438	0.0288689	0.0740395	0.0929511	0.096181	0.0891908	0.0783321	0.0684407	0.0654933	0.0638158	0.0500085	0.036086	0.0226943	0	
0	0.0349814	0.0481441	0.0269654	-0.0258068	-0.106496	-0.215161	-0.348217	-0.484862	-0.595252	-0.654245	-0.637987	-0.539572	-0.373072	-0.161295	0.0857313	0.355181	0.61431	0.823144	0.946206	0.969928	0.906248	0.782256	0.620562	0.438091	0.266098	0.127319	0.0474148	0.0162446	0.0171886	0.0261318	0.0325515	0.0344825	0.0370564	0.0548487	0.0865212	0.119899	0.154677	0.191751	0.245394	0.300003	0.322027	0.307559	0.273065	0.218956	0.157703	0.0893194	0.00752956	-0.0776743	-0.142154	-0.174533	-0.162572	-0.105492	-0.0216742	0.0763647	0.182216	0.272972	0.34379	0.38362	0.383494	0.354871	0.3102	0.262205	0.224204	0.19694	0.196049	0.228259	0.292705	0.378692	0.461293	0.521261	0.527078	0.464699	0.343621	0.173197	-0.0328989	-0.25006	-0.448797	-0.597527	-0.683947	-0.693997	-0.637791	-0.531932	-0.385149	-0.238129	-0.106566	-0.00383923	0.0563196	0.0825513	0.0825177	0.0624979	0.0354651	0.0193607	0.00692293	-0.00260445	-0.00395792	-0.00579905	0.000950004	0.00980354	0	
0	0.0782465	0.12552	0.126518	0.0905493	0.0244949	-0.0711885	-0.198321	-0.331382	-0.439926	-0.497888	-0.485078	-0.398787	-0.25794	-0.0894902	0.108248	0.32785	0.542033	0.71452	0.819447	0.84084	0.778522	0.65829	0.507615	0.348043	0.204569	0.0979449	0.0448284	0.0343731	0.0495643	0.0700766	0.08432	0.0840183	0.0819764	0.0993014	0.125806	0.154677	0.190318	0.238663	0.295351	0.339585	0.351639	0.337375	0.312001	0.27954	0.238434	0.188359	0.122863	0.0479421	-0.0149216	-0.0550189	-0.0615642	-0.0274356	0.0318442	0.102928	0.181602	0.247458	0.294307	0.306446	0.279903	0.232844	0.177841	0.13102	0.100446	0.0798676	0.085933	0.13045	0.213101	0.315949	0.414023	0.488478	0.508097	0.461887	0.367453	0.229783	0.0508735	-0.143075	-0.320546	-0.455143	-0.541189	-0.562659	-0.517136	-0.423655	-0.295797	-0.165059	-0.0494701	0.0392982	0.0900384	0.107366	0.0945891	0.0556736	0.0136368	-0.0162234	-0.0446339	-0.0636946	-0.0641218	-0.0575996	-0.0438283	-0.0213564	0	
0	0.101673	0.171543	0.192749	0.17199	0.123271	0.046176	-0.0606744	-0.178764	-0.274248	-0.324642	-0.312095	-0.238734	-0.124665	0.00662885	0.160729	0.334207	0.502224	0.635129	0.71531	0.721447	0.648965	0.524473	0.380863	0.238856	0.11893	0.0393415	0.00947143	0.0169568	0.0462138	0.0775679	0.0985604	0.105109	0.113005	0.135191	0.161322	0.191751	0.238663	0.29458	0.342121	0.377984	0.391412	0.381578	0.364376	0.345169	0.322321	0.2952	0.247392	0.180355	0.112777	0.0600611	0.0342611	0.0436585	0.0716203	0.11162	0.160984	0.200494	0.221239	0.209425	0.167799	0.115864	0.066192	0.0268037	-0.00132275	-0.0176153	-0.00178723	0.050497	0.137939	0.248432	0.353333	0.432456	0.462887	0.437344	0.367973	0.252121	0.0977422	-0.0646866	-0.213059	-0.332157	-0.413649	-0.434599	-0.390754	-0.303857	-0.189398	-0.0735928	0.0260734	0.0987119	0.133188	0.13631	0.11337	0.0672708	0.0186286	-0.0279261	-0.0770252	-0.105381	-0.105442	-0.0981505	-0.0828704	-0.0469564	0	
0	0.101536	0.179869	0.217466	0.212261	0.1825	0.129584	0.0526345	-0.0378106	-0.110234	-0.145452	-0.13043	-0.0666377	0.0291025	0.135691	0.256208	0.38991	0.515729	0.609141	0.651887	0.626044	0.528098	0.390985	0.245388	0.110239	0.00274819	-0.0604811	-0.0745176	-0.0508337	-0.00529937	0.0411404	0.0805831	0.110966	0.14126	0.17404	0.206989	0.245394	0.295351	0.342121	0.382309	0.420602	0.443949	0.44074	0.431644	0.427546	0.424109	0.412064	0.373518	0.303747	0.227899	0.166805	0.123024	0.104217	0.100129	0.108763	0.127988	0.144219	0.141132	0.107541	0.0537183	0.00305774	-0.0381825	-0.0659511	-0.0793513	-0.0826804	-0.0635753	-0.00929493	0.0836907	0.192885	0.290826	0.371368	0.412056	0.395166	0.334828	0.233671	0.0988344	-0.0433365	-0.169899	-0.266064	-0.321073	-0.31589	-0.254945	-0.162812	-0.0541215	0.053344	0.140626	0.193297	0.205812	0.187394	0.145734	0.0878163	0.0283704	-0.0321884	-0.0903624	-0.124761	-0.134401	-0.130955	-0.103627	-0.0515607	0	
0	0.080011	0.15249	0.198341	0.209627	0.198258	0.172475	0.128241	0.0731984	0.0307148	0.0158537	0.0368498	0.0986114	0.187829	0.2829	0.378347	0.480181	0.571497	0.625488	0.6235	0.554036	0.426731	0.272296	0.118819	-0.018302	-0.125173	-0.184356	-0.193234	-0.158216	-0.0971524	-0.0300337	0.0380922	0.101769	0.157895	0.20877	0.256394	0.300003	0.339585	0.377984	0.420602	0.467807	0.499467	0.508023	0.514358	0.524319	0.53181	0.527003	0.4906	0.418742	0.340783	0.268435	0.201397	0.146756	0.10674	0.0847497	0.0793906	0.0702078	0.0402748	-0.0115575	-0.067579	-0.108854	-0.136242	-0.149563	-0.149957	-0.138866	-0.106267	-0.0438688	0.0520828	0.163992	0.262547	0.336854	0.36994	0.350025	0.281535	0.176742	0.0510587	-0.0743628	-0.177521	-0.244769	-0.261386	-0.221757	-0.133942	-0.0220872	0.0938184	0.199401	0.275099	0.312592	0.307443	0.269154	0.208329	0.127918	0.046558	-0.0255731	-0.0845782	-0.121207	-0.138734	-0.136568	-0.101958	-0.0469319	0	
0	0.0443731	0.0958327	0.141387	0.163857	0.171543	0.169149	0.157175	0.137917	0.129706	0.139268	0.174511	0.244169	0.339067	0.429925	0.507758	0.58458	0.646652	0.662929	0.61323	0.502711	0.347878	0.175942	0.0121144	-0.132909	-0.244703	-0.310293	-0.321474	-0.279997	-0.205049	-0.114154	-0.0167722	0.0736036	0.153751	0.222583	0.283467	0.322027	0.351639	0.391412	0.443949	0.499467	0.548206	0.581988	0.606842	0.62598	0.640299	0.641123	0.609158	0.54095	0.454371	0.362882	0.264117	0.171393	0.0924913	0.0359219	-0.00179552	-0.0399988	-0.0938634	-0.153872	-0.199663	-0.222279	-0.22855	-0.224488	-0.209393	-0.181926	-0.136025	-0.0575938	0.0546566	0.172228	0.266544	0.331315	0.351376	0.307901	0.213678	0.099445	-0.0196919	-0.130303	-0.213679	-0.250108	-0.230876	-0.160241	-0.0466137	0.0877128	0.222696	0.335008	0.410785	0.441158	0.420816	0.368667	0.289992	0.191573	0.0945366	0.0131009	-0.0447724	-0.081204	-0.0952377	-0.0882748	-0.067389	-0.0357174	0	
0	0.00245753	0.0234684	0.0565989	0.0849106	0.106606	0.124703	0.139561	0.154765	0.181165	0.223074	0.2836	0.375097	0.481193	0.574	0.639001	0.697733	0.732814	0.712875	0.622307	0.478857	0.300383	0.109665	-0.0693572	-0.224671	-0.347112	-0.425652	-0.444623	-0.404086	-0.317652	-0.207402	-0.0910078	0.018944	0.118078	0.205888	0.274178	0.307559	0.337375	0.381578	0.44074	0.508023	0.581988	0.642862	0.687857	0.721218	0.755282	0.768161	0.745876	0.675209	0.574278	0.45356	0.320387	0.182738	0.0604539	-0.0349381	-0.110992	-0.183177	-0.252949	-0.305673	-0.334885	-0.334086	-0.314398	-0.286529	-0.246366	-0.193077	-0.127125	-0.0353149	0.0839839	0.203564	0.292686	0.341391	0.334266	0.264685	0.149726	0.0263956	-0.0937172	-0.204061	-0.271537	-0.282542	-0.237541	-0.141458	-0.00604298	0.151228	0.309632	0.441366	0.528447	0.562764	0.543931	0.484281	0.396097	0.294857	0.194788	0.112025	0.0487252	0.00263659	-0.0155531	-0.0162227	-0.0175374	-0.01487	0	
0	-0.0379178	-0.0509791	-0.0392809	-0.0121026	0.0173315	0.053133	0.0901968	0.137114	0.198483	0.280192	0.381154	0.502373	0.625309	0.720538	0.781916	0.825322	0.835275	0.782589	0.66269	0.494643	0.294755	0.0798443	-0.117004	-0.287481	-0.424136	-0.519406	-0.55443	-0.522204	-0.436025	-0.320265	-0.196726	-0.0754547	0.0445574	0.151575	0.228921	0.273065	0.312001	0.364376	0.431644	0.514358	0.606842	0.687857	0.752627	0.813251	0.867354	0.896481	0.884316	0.815538	0.701388	0.557789	0.388632	0.202593	0.0326388	-0.11025	-0.227888	-0.328251	-0.40636	-0.454693	-0.462472	-0.433246	-0.384472	-0.325386	-0.253941	-0.173347	-0.084493	0.022419	0.142365	0.250813	0.323115	0.345361	0.310668	0.21994	0.0858674	-0.0503641	-0.177785	-0.287637	-0.349831	-0.34577	-0.285009	-0.176268	-0.0141506	0.17196	0.354275	0.510003	0.622556	0.679456	0.678614	0.631977	0.545417	0.445931	0.349847	0.260425	0.185318	0.125116	0.0824991	0.0548593	0.0327515	0.012799	0	
