0	0	0	0	0	0	0	0	0	0	0	0	0	0	0	0	0	0	0	0	0	0	0	0	0	0	0	0	0	0	0	0	0	0	0	0	0	0	0	0	0	0	0	0	0	0	0	0	0	0	0	0	0	0	0	0	0	0	0	0	0	0	0	0	0	0	0	0	0	0	0	0	0	0	0	0	0	0	0	0	0	0	0	0	0	0	0	0	0	0	0	0	0	0	0	0	0	0	0	0	
0	0.00810417	0.0116684	0.0127398	0.0131959	0.0172082	0.0215051	0.0255239	0.0291217	0.0325294	0.0367161	0.0381667	0.0376056	0.032105	0.0259807	0.0214848	0.0244797	0.0310842	0.036717	0.0388423	0.0383914	0.0383789	0.0330531	0.0223601	0.00645581	-0.0132384	-0.037292	-0.0629044	-0.0846342	-0.0944984	-0.0918175	-0.0759236	-0.0488673	-0.0162218	0.0179139	0.0486775	0.0720565	0.0889376	0.101722	0.112948	0.119316	0.123518	0.12862	0.131491	0.133442	0.140385	0.145059	0.144677	0.134399	0.113811	0.0813675	0.0406368	-0.00428441	-0.0481884	-0.0896012	-0.122999	-0.145545	-0.156311	-0.159003	-0.152956	-0.13794	-0.114971	-0.0896299	-0.0676257	-0.0532618	-0.0453966	-0.0398413	-0.0380396	-0.0383431	-0.0399605	-0.0424975	-0.0457828	-0.0492252	-0.054579	-0.0624616	-0.0756365	-0.0955412	-0.117487	-0.136663	-0.152896	-0.165899	-0.169065	-0.159747	-0.138165	-0.107397	-0.0702532	-0.0289202	0.0128112	0.0523079	0.0833326	0.105048	0.118165	0.122038	0.118087	0.104804	0.0878059	0.0702444	0.0470519	0.0219308	0	
0	0.0116684	0.0156538	0.0125603	0.0109294	0.0145273	0.0201332	0.0257701	0.0296042	0.0356206	0.0415538	0.0443414	0.0429341	0.0329785	0.0223747	0.0169518	0.0253345	0.0443523	0.0595783	0.0697518	0.07503	0.0789468	0.074359	0.0557751	0.0265464	-0.0114942	-0.0600844	-0.112626	-0.157718	-0.180534	-0.17837	-0.149354	-0.0986884	-0.0366731	0.029663	0.0892874	0.134242	0.169218	0.195087	0.216812	0.231564	0.238127	0.244821	0.247722	0.248755	0.255843	0.26386	0.260595	0.238239	0.196806	0.137819	0.063547	-0.0171477	-0.097611	-0.17381	-0.234134	-0.274414	-0.298235	-0.309629	-0.304857	-0.281994	-0.244107	-0.200478	-0.157563	-0.127519	-0.104778	-0.0869605	-0.0741832	-0.0667973	-0.0662416	-0.0685879	-0.0787327	-0.0893302	-0.105974	-0.127663	-0.156254	-0.197395	-0.237327	-0.270585	-0.298041	-0.318248	-0.320475	-0.299054	-0.257958	-0.202758	-0.135089	-0.0576794	0.0199951	0.0915491	0.149577	0.191976	0.219866	0.232603	0.226877	0.203619	0.175977	0.141207	0.0946738	0.0473549	0	
0	0.0127398	0.0125603	0.00433477	-0.00452415	-0.00323325	0.000361556	0.00386613	0.00706071	0.0115082	0.0191584	0.0213536	0.0192855	0.00583898	-0.00682326	-0.0117248	0.00739354	0.039561	0.0704317	0.0920181	0.106162	0.120349	0.118098	0.0974421	0.0581825	0.00415782	-0.0661526	-0.14453	-0.214087	-0.251595	-0.25343	-0.216532	-0.146766	-0.0590575	0.0350873	0.121085	0.187884	0.237355	0.275249	0.308271	0.326623	0.335692	0.344182	0.343663	0.338463	0.345757	0.34874	0.340138	0.307945	0.252481	0.170706	0.0718915	-0.0340008	-0.135813	-0.23247	-0.312309	-0.370648	-0.407541	-0.431822	-0.439631	-0.425359	-0.38644	-0.333001	-0.277445	-0.231126	-0.191453	-0.151586	-0.119233	-0.0966948	-0.0867514	-0.0900671	-0.106771	-0.131923	-0.165687	-0.204249	-0.251193	-0.307609	-0.359756	-0.396415	-0.420781	-0.437179	-0.431589	-0.39918	-0.341761	-0.267483	-0.181616	-0.0856837	0.0130211	0.109576	0.189586	0.25059	0.293869	0.315908	0.316715	0.291021	0.25235	0.206838	0.141656	0.0678031	0	
0	0.0131959	0.0109294	-0.00452415	-0.0178921	-0.020061	-0.0177752	-0.0148582	-0.0141204	-0.00898059	-0.0023315	-0.00047034	-0.00522252	-0.0230996	-0.0400202	-0.0435995	-0.018237	0.0294721	0.0729097	0.107287	0.132548	0.155296	0.16039	0.137527	0.0905997	0.0229107	-0.0680795	-0.170207	-0.261363	-0.312691	-0.317326	-0.271888	-0.184486	-0.0745038	0.0442601	0.152047	0.234009	0.296557	0.343454	0.382527	0.406919	0.415158	0.42052	0.415646	0.405662	0.406149	0.40965	0.396904	0.355284	0.286695	0.194588	0.0826934	-0.0342361	-0.147569	-0.256025	-0.344543	-0.410004	-0.460524	-0.505264	-0.534113	-0.537177	-0.51062	-0.464465	-0.406836	-0.355251	-0.302603	-0.247652	-0.197107	-0.159087	-0.142237	-0.143223	-0.168899	-0.20482	-0.252557	-0.304122	-0.358814	-0.421803	-0.470417	-0.497412	-0.509809	-0.512576	-0.493486	-0.44642	-0.378578	-0.298618	-0.205993	-0.100772	0.00751513	0.112801	0.202786	0.275132	0.331484	0.366993	0.373063	0.347777	0.310071	0.255672	0.175578	0.0882091	0	
0	0.0172082	0.0145273	-0.00323325	-0.020061	-0.0224314	-0.0190676	-0.0160964	-0.0140789	-0.00922565	-0.00107436	-0.000128861	-0.00710944	-0.029699	-0.0501122	-0.0556474	-0.0229977	0.0328175	0.087851	0.129331	0.159799	0.189195	0.194543	0.169524	0.113179	0.0313634	-0.0773886	-0.200774	-0.310545	-0.372337	-0.378009	-0.322648	-0.216983	-0.0835705	0.0596373	0.188224	0.287008	0.358316	0.41065	0.454496	0.477231	0.482798	0.484951	0.47282	0.453832	0.452178	0.45039	0.436149	0.392857	0.322339	0.222731	0.106333	-0.0138064	-0.12698	-0.23505	-0.326659	-0.400159	-0.461589	-0.521588	-0.573333	-0.602275	-0.597477	-0.566255	-0.521404	-0.478088	-0.430702	-0.374184	-0.319521	-0.277492	-0.257282	-0.25978	-0.28675	-0.327576	-0.377536	-0.426481	-0.477288	-0.529895	-0.565474	-0.572244	-0.560402	-0.543869	-0.508819	-0.450864	-0.374001	-0.289335	-0.200249	-0.100933	0.0032759	0.108726	0.201289	0.277576	0.339232	0.38005	0.393532	0.372486	0.33321	0.278897	0.194175	0.0947458	0	
0	0.0215051	0.0201332	0.000361556	-0.0177752	-0.0190676	-0.0133526	-0.00696489	-0.00318781	0.00500103	0.0147213	0.0168636	0.00777841	-0.0177505	-0.0424391	-0.0470539	-0.0113098	0.0546865	0.116866	0.164785	0.199008	0.229429	0.234761	0.202	0.133375	0.0343711	-0.0962092	-0.241281	-0.369894	-0.441914	-0.445636	-0.378183	-0.250507	-0.0900148	0.0803493	0.234298	0.351015	0.434569	0.493775	0.538782	0.559099	0.556085	0.5453	0.519181	0.487734	0.473269	0.468884	0.452435	0.407593	0.336943	0.24382	0.131587	0.0175698	-0.0900116	-0.194966	-0.283779	-0.355867	-0.421781	-0.49661	-0.567098	-0.616221	-0.631914	-0.623089	-0.601148	-0.581762	-0.557238	-0.522478	-0.483964	-0.452999	-0.440097	-0.442459	-0.465515	-0.49557	-0.530106	-0.560049	-0.588646	-0.620203	-0.632028	-0.616427	-0.584786	-0.548854	-0.498884	-0.429214	-0.347141	-0.263756	-0.177232	-0.0840421	0.0119107	0.108746	0.191741	0.261347	0.322591	0.366633	0.381823	0.36399	0.330313	0.277481	0.193362	0.0962578	0	
0	0.0255239	0.0257701	0.00386613	-0.0148582	-0.0160964	-0.00696489	0.00187564	0.0089833	0.019955	0.0324684	0.0360914	0.0267408	-0.000378351	-0.0251758	-0.0282584	0.0150829	0.0892745	0.161629	0.214748	0.251826	0.282616	0.283325	0.241978	0.15694	0.0364484	-0.117586	-0.288837	-0.437199	-0.520942	-0.524759	-0.443286	-0.291971	-0.101264	0.103764	0.287613	0.430637	0.531958	0.601054	0.648612	0.663946	0.647286	0.616812	0.566236	0.509703	0.475677	0.456499	0.435521	0.392631	0.327884	0.239804	0.138618	0.037062	-0.0592155	-0.153231	-0.234799	-0.303931	-0.372651	-0.450816	-0.531803	-0.597257	-0.632763	-0.646007	-0.651149	-0.665391	-0.677594	-0.679123	-0.670858	-0.662067	-0.661153	-0.66392	-0.674699	-0.684506	-0.690172	-0.686738	-0.684185	-0.686133	-0.674323	-0.63701	-0.585765	-0.537505	-0.478598	-0.402624	-0.31503	-0.229976	-0.150731	-0.066912	0.0178501	0.100573	0.173492	0.234647	0.287883	0.328847	0.345631	0.332926	0.305721	0.260595	0.183909	0.0912385	0	
0	0.0291217	0.0296042	0.00706071	-0.0141204	-0.0140789	-0.00318781	0.0089833	0.0187902	0.0327296	0.0471579	0.0524851	0.0418947	0.0150654	-0.00997656	-0.00850355	0.0414464	0.125781	0.207201	0.267384	0.30732	0.337625	0.334754	0.283125	0.182193	0.0401997	-0.139634	-0.334007	-0.503466	-0.598841	-0.600969	-0.506979	-0.331068	-0.105904	0.133337	0.353717	0.527079	0.64939	0.730398	0.780315	0.785351	0.750278	0.692047	0.610003	0.522315	0.459904	0.422692	0.389977	0.343193	0.282287	0.20696	0.117462	0.0288444	-0.0526705	-0.13345	-0.203436	-0.263144	-0.322727	-0.400889	-0.488193	-0.565184	-0.616798	-0.652057	-0.689318	-0.738802	-0.791101	-0.831772	-0.856451	-0.871943	-0.882587	-0.884825	-0.881261	-0.866775	-0.840003	-0.799784	-0.761018	-0.729864	-0.690489	-0.633981	-0.56958	-0.509933	-0.446555	-0.371105	-0.287043	-0.208243	-0.135696	-0.0644794	0.00620808	0.0770973	0.133904	0.180929	0.229079	0.268385	0.286895	0.281132	0.261014	0.224488	0.159536	0.0785278	0	
0	0.0325294	0.0356206	0.0115082	-0.00898059	-0.00922565	0.00500103	0.019955	0.0327296	0.048785	0.0641886	0.0687588	0.0560816	0.0269381	0.00114644	0.00518059	0.0597726	0.151091	0.240468	0.305415	0.349126	0.378187	0.372071	0.313046	0.197857	0.0365067	-0.163045	-0.379109	-0.561716	-0.663802	-0.660993	-0.548697	-0.344897	-0.0876216	0.188862	0.439819	0.638321	0.776807	0.864054	0.907076	0.900343	0.842216	0.752348	0.635913	0.516493	0.425157	0.368508	0.327931	0.280712	0.22127	0.147767	0.0671143	-0.00874118	-0.0787573	-0.14474	-0.198364	-0.241439	-0.29164	-0.361464	-0.447903	-0.533741	-0.603221	-0.663368	-0.727802	-0.810006	-0.894977	-0.967237	-1.0166	-1.04739	-1.0664	-1.06622	-1.05142	-1.01831	-0.964072	-0.892356	-0.820172	-0.75645	-0.689754	-0.611122	-0.532062	-0.467949	-0.407228	-0.338837	-0.265436	-0.199892	-0.144151	-0.0872965	-0.0310868	0.0207191	0.0656689	0.103243	0.138275	0.170181	0.186782	0.186162	0.179453	0.158939	0.114673	0.0578522	0	
0	0.0367161	0.0415538	0.0191584	-0.0023315	-0.00107436	0.0147213	0.0324684	0.0471579	0.0641886	0.0781547	0.080891	0.0633688	0.0315223	0.00421313	0.00936924	0.0677938	0.162772	0.257426	0.326142	0.370541	0.397804	0.388405	0.322993	0.198676	0.02495	-0.188372	-0.412319	-0.60035	-0.699862	-0.684368	-0.551752	-0.321331	-0.0303208	0.273815	0.550781	0.766329	0.909332	0.988383	1.01523	0.980698	0.893063	0.770876	0.625811	0.481709	0.373185	0.305996	0.258891	0.209661	0.151877	0.0825325	0.0033525	-0.0714732	-0.134865	-0.188709	-0.228209	-0.257129	-0.2898	-0.348111	-0.433093	-0.525726	-0.608371	-0.683991	-0.771052	-0.872443	-0.976502	-1.06347	-1.12254	-1.1599	-1.17834	-1.17685	-1.15483	-1.11189	-1.0436	-0.952409	-0.857964	-0.768656	-0.679095	-0.584325	-0.49443	-0.423863	-0.368186	-0.314811	-0.259511	-0.212859	-0.175814	-0.139941	-0.101849	-0.0632449	-0.0361572	-0.016889	0.00709107	0.028831	0.0399992	0.0428059	0.0432038	0.0412242	0.0292626	0.0115419	0	
0	0.0381667	0.0443414	0.0213536	-0.00047034	-0.000128861	0.0168636	0.0360914	0.0524851	0.0687588	0.080891	0.0788423	0.0560066	0.0199527	-0.010389	-0.00326787	0.0556977	0.154547	0.253707	0.326731	0.37587	0.40331	0.394604	0.328424	0.199501	0.0183914	-0.201123	-0.429531	-0.614198	-0.705293	-0.672912	-0.516114	-0.256753	0.0607535	0.388218	0.677638	0.89385	1.02609	1.0851	1.07985	1.0152	0.896365	0.742011	0.570738	0.41066	0.290011	0.219771	0.17708	0.134988	0.0785467	0.00595677	-0.0742599	-0.147614	-0.210159	-0.259394	-0.289368	-0.305375	-0.328418	-0.377892	-0.455807	-0.546316	-0.631908	-0.713509	-0.802841	-0.905965	-1.01087	-1.09814	-1.15708	-1.1907	-1.20654	-1.2016	-1.17658	-1.13088	-1.05733	-0.961863	-0.859643	-0.761768	-0.664688	-0.564467	-0.47438	-0.407994	-0.361507	-0.321304	-0.284397	-0.257954	-0.240001	-0.221227	-0.200753	-0.183388	-0.172142	-0.167746	-0.165839	-0.163044	-0.16223	-0.158524	-0.141315	-0.113729	-0.08207	-0.0438987	0	
0	0.0376056	0.0429341	0.0192855	-0.00522252	-0.00710944	0.00777841	0.0267408	0.0418947	0.0560816	0.0633688	0.0560066	0.0276132	-0.012014	-0.040957	-0.0312004	0.033888	0.136941	0.243624	0.323836	0.379116	0.409137	0.402985	0.337706	0.209326	0.025702	-0.195046	-0.419925	-0.597416	-0.677485	-0.629633	-0.454406	-0.176858	0.158489	0.495702	0.787323	0.995872	1.11041	1.14029	1.10133	1.00047	0.850071	0.66836	0.480116	0.309078	0.185996	0.11588	0.0756644	0.0386936	-0.0109492	-0.0777982	-0.154267	-0.227245	-0.289604	-0.334838	-0.362594	-0.377792	-0.397699	-0.440724	-0.512933	-0.596277	-0.671871	-0.737966	-0.810959	-0.896024	-0.985012	-1.05839	-1.10733	-1.13445	-1.14314	-1.13589	-1.10993	-1.06654	-1.00012	-0.915175	-0.825842	-0.741036	-0.658642	-0.574207	-0.496381	-0.437948	-0.400364	-0.371893	-0.347847	-0.335083	-0.33489	-0.337532	-0.338447	-0.342336	-0.353327	-0.36892	-0.380706	-0.387003	-0.387774	-0.375795	-0.342211	-0.284495	-0.206141	-0.109263	0	
0	0.032105	0.0329785	0.00583898	-0.0230996	-0.029699	-0.0177505	-0.000378351	0.0150654	0.0269381	0.0315223	0.0199527	-0.012014	-0.0511785	-0.0777979	-0.059733	0.0111277	0.122564	0.237764	0.329083	0.39487	0.431644	0.431396	0.37167	0.245626	0.0626977	-0.159768	-0.381676	-0.554339	-0.627379	-0.569909	-0.384238	-0.0976075	0.244215	0.578604	0.860794	1.05041	1.13974	1.14096	1.07025	0.942557	0.771614	0.571284	0.368438	0.189225	0.0589841	-0.0138482	-0.0515155	-0.0797373	-0.121436	-0.179991	-0.245848	-0.309346	-0.36398	-0.405835	-0.432322	-0.449272	-0.469991	-0.511751	-0.575613	-0.642996	-0.698623	-0.739323	-0.782238	-0.835148	-0.896439	-0.947422	-0.982592	-1.00031	-1.00339	-0.996441	-0.975931	-0.942873	-0.893243	-0.833756	-0.771487	-0.716843	-0.664684	-0.608347	-0.55593	-0.513453	-0.486445	-0.466703	-0.452951	-0.453349	-0.46749	-0.489546	-0.514876	-0.542861	-0.572992	-0.601494	-0.622464	-0.631269	-0.621572	-0.588245	-0.524323	-0.427922	-0.304489	-0.157831	0	
0	0.0259807	0.0223747	-0.00682326	-0.0400202	-0.0501122	-0.0424391	-0.0251758	-0.00997656	0.00114644	0.00421313	-0.010389	-0.040957	-0.0777979	-0.0941663	-0.0656434	0.0181723	0.139194	0.266721	0.370099	0.447706	0.490607	0.494998	0.437937	0.315057	0.129754	-0.092065	-0.313701	-0.482558	-0.552922	-0.494995	-0.311183	-0.0285311	0.302128	0.62334	0.886409	1.05341	1.12103	1.09925	1.00457	0.858759	0.674814	0.462023	0.251833	0.0653301	-0.0688784	-0.148134	-0.187235	-0.209502	-0.239196	-0.284217	-0.333769	-0.382013	-0.428311	-0.462531	-0.486439	-0.50208	-0.522998	-0.559137	-0.610999	-0.662571	-0.697301	-0.713095	-0.723558	-0.74321	-0.772424	-0.793695	-0.80903	-0.813112	-0.80974	-0.807067	-0.799989	-0.78799	-0.768231	-0.745291	-0.720667	-0.703176	-0.686525	-0.663227	-0.63756	-0.615279	-0.601534	-0.591513	-0.590057	-0.602445	-0.631967	-0.673718	-0.720909	-0.773241	-0.819958	-0.853838	-0.872858	-0.866831	-0.830049	-0.765975	-0.667663	-0.535515	-0.376885	-0.192811	0	
0	0.0214848	0.0169518	-0.0117248	-0.0435995	-0.0556474	-0.0470539	-0.0282584	-0.00850355	0.00518059	0.00936924	-0.00326787	-0.0312004	-0.059733	-0.0656434	-0.0220481	0.0734485	0.206509	0.343883	0.461082	0.549743	0.599799	0.607911	0.554133	0.431441	0.246515	0.0183879	-0.203799	-0.376394	-0.452589	-0.403692	-0.232248	0.0313365	0.344946	0.641299	0.880882	1.02519	1.07301	1.03354	0.925686	0.769753	0.579609	0.362117	0.145027	-0.0476721	-0.188525	-0.271306	-0.309592	-0.322721	-0.339502	-0.368395	-0.401544	-0.440742	-0.47724	-0.504512	-0.521479	-0.533098	-0.544482	-0.568103	-0.60604	-0.639971	-0.659947	-0.657352	-0.646969	-0.640447	-0.640706	-0.633974	-0.627472	-0.618452	-0.608879	-0.613397	-0.626266	-0.640491	-0.655619	-0.671754	-0.681284	-0.696239	-0.708469	-0.712201	-0.714478	-0.71404	-0.720235	-0.731292	-0.747959	-0.777684	-0.82205	-0.877666	-0.940266	-1.00324	-1.0572	-1.09144	-1.09865	-1.07383	-1.00808	-0.906972	-0.772481	-0.606504	-0.418805	-0.211648	0	
0	0.0244797	0.0253345	0.00739354	-0.018237	-0.0229977	-0.0113098	0.0150829	0.0414464	0.0597726	0.0677938	0.0556977	0.033888	0.0111277	0.0181723	0.0734485	0.181643	0.322353	0.469265	0.596548	0.695371	0.751216	0.761061	0.707856	0.587255	0.397259	0.166662	-0.0627446	-0.242781	-0.330619	-0.301348	-0.155548	0.0822574	0.362746	0.631492	0.84594	0.968522	1.00387	0.957646	0.842134	0.682328	0.49175	0.270078	0.0493987	-0.147084	-0.286008	-0.369125	-0.400685	-0.398534	-0.397473	-0.41397	-0.437419	-0.465942	-0.498593	-0.521685	-0.533077	-0.533052	-0.533027	-0.544221	-0.564598	-0.584506	-0.593699	-0.58568	-0.563252	-0.541843	-0.525355	-0.498989	-0.480692	-0.462825	-0.450505	-0.462281	-0.490289	-0.524938	-0.566292	-0.611057	-0.64694	-0.684981	-0.717574	-0.743268	-0.769339	-0.795954	-0.826214	-0.85922	-0.903656	-0.955134	-1.01203	-1.0771	-1.14588	-1.21275	-1.26126	-1.28202	-1.27754	-1.23199	-1.13477	-1.00509	-0.840639	-0.646485	-0.441047	-0.220862	0	
0	0.0310842	0.0443523	0.039561	0.0294721	0.0328175	0.0546865	0.0892745	0.125781	0.151091	0.162772	0.154547	0.136941	0.122564	0.139194	0.206509	0.322353	0.469932	0.620267	0.755637	0.861064	0.920391	0.929665	0.876369	0.753523	0.562947	0.323987	0.0873732	-0.104558	-0.212399	-0.210438	-0.0974581	0.100634	0.346818	0.583501	0.77263	0.881005	0.909961	0.861264	0.745772	0.586298	0.394274	0.175083	-0.0441644	-0.234879	-0.366019	-0.437402	-0.455618	-0.439094	-0.424161	-0.426184	-0.437319	-0.464734	-0.494494	-0.512632	-0.515859	-0.509811	-0.499681	-0.496786	-0.505214	-0.512712	-0.514849	-0.500187	-0.472513	-0.44744	-0.425775	-0.397743	-0.381732	-0.369896	-0.362053	-0.378114	-0.412891	-0.451806	-0.502153	-0.560289	-0.608545	-0.661955	-0.711369	-0.755123	-0.803976	-0.852444	-0.904881	-0.964261	-1.03099	-1.10275	-1.17551	-1.24492	-1.3121	-1.37097	-1.40702	-1.41094	-1.38222	-1.31441	-1.19769	-1.04778	-0.867631	-0.662403	-0.448749	-0.22388	0	
0	0.036717	0.0595783	0.0704317	0.0729097	0.087851	0.116866	0.161629	0.207201	0.240468	0.257426	0.253707	0.243624	0.237764	0.266721	0.343883	0.469265	0.620267	0.77408	0.914651	1.02476	1.08709	1.09357	1.03638	0.911561	0.713031	0.464816	0.213129	0.000670024	-0.132611	-0.165405	-0.0922319	0.0685138	0.278081	0.487301	0.658749	0.755797	0.782425	0.736049	0.622792	0.464946	0.279684	0.069574	-0.138532	-0.316027	-0.428303	-0.484776	-0.489633	-0.456489	-0.425539	-0.419319	-0.428335	-0.448537	-0.472257	-0.486197	-0.485147	-0.471705	-0.455703	-0.448255	-0.444953	-0.438705	-0.429659	-0.410906	-0.38047	-0.35556	-0.339676	-0.322394	-0.323182	-0.32766	-0.329558	-0.349889	-0.382278	-0.413385	-0.458476	-0.514469	-0.567555	-0.630571	-0.691803	-0.752989	-0.822325	-0.892881	-0.961596	-1.03368	-1.11989	-1.20742	-1.28457	-1.35404	-1.41439	-1.45501	-1.46428	-1.44106	-1.39305	-1.30896	-1.17982	-1.02834	-0.849338	-0.64507	-0.437933	-0.220471	0	
0	0.0388423	0.0697518	0.0920181	0.107287	0.129331	0.164785	0.214748	0.267384	0.305415	0.326142	0.326731	0.323836	0.329083	0.370099	0.461082	0.596548	0.755637	0.914651	1.06187	1.17798	1.24214	1.24271	1.17787	1.0415	0.830394	0.563424	0.287632	0.0487259	-0.118398	-0.189402	-0.156109	-0.0336856	0.144892	0.3348	0.494899	0.592545	0.625053	0.588425	0.483501	0.334143	0.158211	-0.0355835	-0.225138	-0.378169	-0.467457	-0.504904	-0.495057	-0.453865	-0.417879	-0.403394	-0.401473	-0.416771	-0.437563	-0.448783	-0.444973	-0.431981	-0.414606	-0.400344	-0.387491	-0.370584	-0.35277	-0.329716	-0.300641	-0.283197	-0.277115	-0.273162	-0.289476	-0.308504	-0.319756	-0.341273	-0.368412	-0.389711	-0.424299	-0.473663	-0.525147	-0.591856	-0.663909	-0.739338	-0.826941	-0.915432	-0.997037	-1.07991	-1.16983	-1.25727	-1.3305	-1.38456	-1.42403	-1.4417	-1.42306	-1.36913	-1.29398	-1.19561	-1.0679	-0.929208	-0.771718	-0.590974	-0.404968	-0.206786	0	
0	0.0383914	0.07503	0.106162	0.132548	0.159799	0.199008	0.251826	0.30732	0.349126	0.370541	0.37587	0.379116	0.39487	0.447706	0.549743	0.695371	0.861064	1.02476	1.17798	1.29899	1.36469	1.35931	1.28273	1.13219	0.901979	0.60905	0.301079	0.0250565	-0.182146	-0.294782	-0.300392	-0.209446	-0.0512816	0.130601	0.292746	0.400578	0.447688	0.428064	0.341731	0.211711	0.0578127	-0.106975	-0.2685	-0.397168	-0.468251	-0.493111	-0.479404	-0.433745	-0.387523	-0.363219	-0.357943	-0.368981	-0.386351	-0.398514	-0.397121	-0.384451	-0.367536	-0.35068	-0.330301	-0.302806	-0.280644	-0.26302	-0.24459	-0.238086	-0.239568	-0.244898	-0.267293	-0.292629	-0.307714	-0.329122	-0.354429	-0.370491	-0.398934	-0.440305	-0.487223	-0.550902	-0.621075	-0.701963	-0.803053	-0.908114	-1.00034	-1.0866	-1.17625	-1.25608	-1.30971	-1.33692	-1.34481	-1.32464	-1.26945	-1.18922	-1.09557	-0.987618	-0.867735	-0.750014	-0.621469	-0.477173	-0.330903	-0.171991	0	
0	0.0383789	0.0789468	0.120349	0.155296	0.189195	0.229429	0.282616	0.337625	0.378187	0.397804	0.40331	0.409137	0.431644	0.490607	0.599799	0.751216	0.920391	1.08709	1.24214	1.36469	1.42818	1.41086	1.31678	1.14423	0.888177	0.565826	0.222771	-0.0890565	-0.331501	-0.477787	-0.513409	-0.444309	-0.299385	-0.119902	0.0506081	0.175935	0.247019	0.259401	0.209124	0.113176	-0.00410816	-0.133956	-0.26717	-0.372962	-0.429728	-0.449018	-0.434223	-0.388545	-0.341292	-0.310229	-0.296035	-0.298724	-0.313615	-0.326856	-0.326891	-0.316135	-0.297458	-0.277734	-0.254749	-0.229816	-0.213942	-0.207581	-0.205798	-0.211071	-0.219748	-0.226794	-0.247055	-0.271235	-0.285797	-0.307092	-0.329728	-0.346062	-0.3719	-0.407448	-0.45022	-0.505585	-0.568932	-0.645592	-0.7463	-0.85611	-0.953373	-1.04008	-1.12083	-1.18289	-1.20948	-1.20225	-1.17431	-1.1214	-1.03681	-0.931361	-0.821369	-0.70937	-0.597687	-0.5001	-0.404831	-0.301528	-0.206166	-0.110689	0	
0	0.0330531	0.074359	0.118098	0.16039	0.194543	0.234761	0.283325	0.334754	0.372071	0.388405	0.394604	0.402985	0.431396	0.494998	0.607911	0.761061	0.929665	1.09357	1.24271	1.35931	1.41086	1.3753	1.25639	1.05541	0.772097	0.420803	0.0465821	-0.291955	-0.560049	-0.726051	-0.776108	-0.716126	-0.572994	-0.384875	-0.201156	-0.0513461	0.0500224	0.100808	0.0931344	0.0437388	-0.0320234	-0.122263	-0.223612	-0.308907	-0.360678	-0.380104	-0.370683	-0.333218	-0.285369	-0.248638	-0.230082	-0.230272	-0.241897	-0.249405	-0.242218	-0.22366	-0.205145	-0.188131	-0.171731	-0.153614	-0.147092	-0.15479	-0.166074	-0.178755	-0.185853	-0.19107	-0.206349	-0.22716	-0.243235	-0.263655	-0.28602	-0.305153	-0.330552	-0.365453	-0.408425	-0.457699	-0.509393	-0.571267	-0.659624	-0.758858	-0.843551	-0.91716	-0.983298	-1.02845	-1.03283	-0.993299	-0.928998	-0.844872	-0.737034	-0.620462	-0.505338	-0.393017	-0.295155	-0.217842	-0.151489	-0.0953569	-0.0596494	-0.0339692	0	
0	0.0223601	0.0557751	0.0974421	0.137527	0.169524	0.202	0.241978	0.283125	0.313046	0.322993	0.328424	0.337706	0.37167	0.437937	0.554133	0.707856	0.876369	1.03638	1.17787	1.28273	1.31678	1.25639	1.10401	0.869203	0.554037	0.174816	-0.221025	-0.576512	-0.851412	-1.01727	-1.06384	-0.996591	-0.84194	-0.641844	-0.436272	-0.258499	-0.121534	-0.0267398	0.0159548	0.0105955	-0.0255101	-0.0847165	-0.164956	-0.237604	-0.284937	-0.302217	-0.298648	-0.267617	-0.22713	-0.194172	-0.178911	-0.173761	-0.175199	-0.171556	-0.154247	-0.130993	-0.109531	-0.0960032	-0.087882	-0.0807726	-0.0829426	-0.0954827	-0.1139	-0.125832	-0.128704	-0.128295	-0.134942	-0.151698	-0.166497	-0.185718	-0.205682	-0.226478	-0.253173	-0.288407	-0.334743	-0.384041	-0.428953	-0.477993	-0.547067	-0.623508	-0.688493	-0.739351	-0.779242	-0.799352	-0.777478	-0.71399	-0.626095	-0.518616	-0.397259	-0.27926	-0.171214	-0.0756667	-0.0016656	0.049799	0.0835228	0.0988619	0.0820483	0.0391221	0	
0	0.00645581	0.0265464	0.0581825	0.0905997	0.113179	0.133375	0.15694	0.182193	0.197857	0.198676	0.199501	0.209326	0.245626	0.315057	0.431441	0.587255	0.753523	0.911561	1.0415	1.13219	1.14423	1.05541	0.869203	0.599724	0.25654	-0.140527	-0.548519	-0.904642	-1.17311	-1.32635	-1.35663	-1.27331	-1.10154	-0.878252	-0.644598	-0.428771	-0.247335	-0.10505	-0.0168106	0.0157248	0.00657263	-0.0374496	-0.104083	-0.168978	-0.213512	-0.233261	-0.232512	-0.211893	-0.179369	-0.149555	-0.12907	-0.116681	-0.112722	-0.10058	-0.076144	-0.0474737	-0.0298877	-0.0220972	-0.019366	-0.0133387	-0.0119109	-0.0223629	-0.0407475	-0.049711	-0.0463428	-0.0370389	-0.0331507	-0.0400383	-0.0502066	-0.065938	-0.0809926	-0.103084	-0.128149	-0.163294	-0.213917	-0.262708	-0.305812	-0.348655	-0.404798	-0.463328	-0.502682	-0.522511	-0.530313	-0.520493	-0.475327	-0.389918	-0.284101	-0.173206	-0.0559385	0.0524198	0.142813	0.215593	0.259848	0.277616	0.274362	0.246879	0.184209	0.0921155	0	
0	-0.0132384	-0.0114942	0.00415782	0.0229107	0.0313634	0.0343711	0.0364484	0.0401997	0.0365067	0.02495	0.0183914	0.025702	0.0626977	0.129754	0.246515	0.397259	0.562947	0.713031	0.830394	0.901979	0.888177	0.772097	0.554037	0.25654	-0.103189	-0.506501	-0.907736	-1.25096	-1.50056	-1.6305	-1.6405	-1.5377	-1.34499	-1.09867	-0.83164	-0.574046	-0.347191	-0.157624	-0.0288663	0.0352232	0.0435572	0.00791648	-0.0542189	-0.116741	-0.16672	-0.188462	-0.195315	-0.182557	-0.152715	-0.116078	-0.0854848	-0.0613297	-0.0436886	-0.0243354	-0.000909361	0.0193405	0.0312671	0.0370975	0.0434068	0.0579276	0.0718911	0.0733584	0.0609006	0.0561073	0.0645973	0.0811358	0.0950561	0.0988181	0.0944284	0.0859033	0.0758791	0.0568773	0.0372045	0.00451047	-0.0441171	-0.0959444	-0.140655	-0.181793	-0.2331	-0.276855	-0.297643	-0.28797	-0.256055	-0.211191	-0.142651	-0.0502153	0.0523619	0.153778	0.250469	0.333507	0.401475	0.449238	0.464269	0.452851	0.416706	0.350756	0.252244	0.128049	0	
0	-0.037292	-0.0600844	-0.0661526	-0.0680795	-0.0773886	-0.0962092	-0.117586	-0.139634	-0.163045	-0.188372	-0.201123	-0.195046	-0.159768	-0.092065	0.0183879	0.166662	0.323987	0.464816	0.563424	0.60905	0.565826	0.420803	0.174816	-0.140527	-0.506501	-0.898024	-1.27632	-1.59196	-1.80993	-1.91215	-1.89674	-1.77457	-1.56207	-1.29362	-0.996185	-0.703073	-0.435016	-0.210796	-0.049114	0.0368177	0.0594333	0.0280908	-0.028066	-0.0922938	-0.144234	-0.17583	-0.192234	-0.18527	-0.154693	-0.109156	-0.0579637	-0.011191	0.0177548	0.0415199	0.0623462	0.0792773	0.0874326	0.0947525	0.107843	0.135636	0.167719	0.188377	0.189197	0.192831	0.206477	0.228079	0.24771	0.255229	0.255494	0.251027	0.24813	0.236911	0.221943	0.193184	0.143126	0.0879089	0.039204	-0.00472085	-0.0466501	-0.0752108	-0.0752027	-0.0352709	0.0283893	0.102051	0.185727	0.276368	0.362144	0.431441	0.493314	0.546387	0.587019	0.611949	0.606514	0.569845	0.504873	0.410672	0.287652	0.145088	0	
0	-0.0629044	-0.112626	-0.14453	-0.170207	-0.200774	-0.241281	-0.288837	-0.334007	-0.379109	-0.412319	-0.429531	-0.419925	-0.381676	-0.313701	-0.203799	-0.0627446	0.0873732	0.213129	0.287632	0.301079	0.222771	0.0465821	-0.221025	-0.548519	-0.907736	-1.27632	-1.62056	-1.89854	-2.08196	-2.15231	-2.11162	-1.96685	-1.73417	-1.44372	-1.12168	-0.801905	-0.51084	-0.264349	-0.0885889	0.0122178	0.0460471	0.0204808	-0.030664	-0.0903197	-0.146068	-0.18507	-0.204609	-0.200745	-0.168345	-0.112145	-0.0440559	0.0126502	0.0518614	0.0832408	0.109162	0.129511	0.143078	0.154187	0.174052	0.212983	0.26234	0.301471	0.31994	0.336412	0.357891	0.387382	0.40847	0.419363	0.42059	0.418269	0.418673	0.410772	0.399296	0.365855	0.311342	0.249626	0.197244	0.160157	0.13251	0.127622	0.153259	0.216226	0.301652	0.389472	0.473941	0.552568	0.618664	0.660247	0.685668	0.704846	0.714791	0.708911	0.679539	0.621136	0.532771	0.418463	0.28545	0.14428	0	
0	-0.0846342	-0.157718	-0.214087	-0.261363	-0.310545	-0.369894	-0.437199	-0.503466	-0.561716	-0.60035	-0.614198	-0.597416	-0.554339	-0.482558	-0.376394	-0.242781	-0.104558	0.000670024	0.0487259	0.0250565	-0.0890565	-0.291955	-0.576512	-0.904642	-1.25096	-1.59196	-1.89854	-2.14111	-2.29101	-2.33243	-2.26536	-2.0975	-1.84345	-1.53445	-1.19676	-0.865294	-0.562971	-0.311989	-0.130125	-0.0200341	0.018572	-0.00358938	-0.0510504	-0.110994	-0.164492	-0.19937	-0.216445	-0.206417	-0.169515	-0.112777	-0.0441044	0.0160147	0.0597431	0.0981712	0.133786	0.165066	0.18808	0.209534	0.23897	0.286329	0.344031	0.395603	0.428505	0.451779	0.479761	0.516193	0.545346	0.561496	0.566032	0.562397	0.555043	0.543969	0.523756	0.484705	0.430374	0.368105	0.322443	0.299071	0.29599	0.315802	0.359581	0.437605	0.53026	0.618392	0.695939	0.762008	0.813805	0.838909	0.84262	0.830778	0.80161	0.755975	0.690946	0.605026	0.503019	0.384365	0.256937	0.131998	0	
0	-0.0944984	-0.180534	-0.251595	-0.312691	-0.372337	-0.441914	-0.520942	-0.598841	-0.663802	-0.699862	-0.705293	-0.677485	-0.627379	-0.552922	-0.452589	-0.330619	-0.212399	-0.132611	-0.118398	-0.182146	-0.331501	-0.560049	-0.851412	-1.17311	-1.50056	-1.80993	-2.08196	-2.29101	-2.41252	-2.4302	-2.34102	-2.15385	-1.88573	-1.56776	-1.2271	-0.896196	-0.595466	-0.344267	-0.160431	-0.046807	-0.00309954	-0.0250664	-0.0760137	-0.132988	-0.17687	-0.205475	-0.210593	-0.191253	-0.157206	-0.107252	-0.0408435	0.0165699	0.0606132	0.102147	0.142872	0.182844	0.218412	0.248519	0.283794	0.337585	0.401797	0.457523	0.490921	0.511433	0.538478	0.582438	0.620911	0.646205	0.656919	0.646035	0.624375	0.599645	0.566145	0.521595	0.474284	0.42907	0.402871	0.401453	0.423023	0.465536	0.526686	0.60891	0.697936	0.781354	0.85113	0.906862	0.947788	0.961621	0.949337	0.91553	0.85137	0.76179	0.66429	0.556093	0.441398	0.329482	0.219327	0.112432	0	
0	-0.0918175	-0.17837	-0.25343	-0.317326	-0.378009	-0.445636	-0.524759	-0.600969	-0.660993	-0.684368	-0.672912	-0.629633	-0.569909	-0.494995	-0.403692	-0.301348	-0.210438	-0.165405	-0.189402	-0.294782	-0.477787	-0.726051	-1.01727	-1.32635	-1.6305	-1.91215	-2.15231	-2.33243	-2.4302	-2.42657	-2.32013	-2.12095	-1.84997	-1.53791	-1.21178	-0.895758	-0.605849	-0.359432	-0.177309	-0.0586369	-0.013012	-0.0338318	-0.0836362	-0.134119	-0.168129	-0.1859	-0.18478	-0.167871	-0.140786	-0.100027	-0.0415248	0.0118826	0.058196	0.102123	0.146665	0.18896	0.224168	0.255932	0.297252	0.354936	0.416559	0.468431	0.501273	0.51618	0.536675	0.578263	0.616847	0.643471	0.653053	0.632788	0.595375	0.558276	0.515978	0.472052	0.438958	0.415898	0.417489	0.448372	0.497973	0.559795	0.634491	0.722388	0.809653	0.885668	0.945402	0.990407	1.01985	1.02306	0.997282	0.943495	0.85408	0.738061	0.617709	0.496182	0.381265	0.277847	0.183303	0.0962652	0	
0	-0.0759236	-0.149354	-0.216532	-0.271888	-0.322648	-0.378183	-0.443286	-0.506979	-0.548697	-0.551752	-0.516114	-0.454406	-0.384238	-0.311183	-0.232248	-0.155548	-0.0974581	-0.0922319	-0.156109	-0.300392	-0.513409	-0.776108	-1.06384	-1.35663	-1.6405	-1.89674	-2.11162	-2.26536	-2.34102	-2.32013	-2.20243	-2.0008	-1.74202	-1.45036	-1.15298	-0.863685	-0.592861	-0.357471	-0.181011	-0.0622035	-0.014033	-0.025936	-0.0701152	-0.107519	-0.127764	-0.138233	-0.141892	-0.132367	-0.122131	-0.0980558	-0.050159	0.00438164	0.0544438	0.0999751	0.143124	0.182427	0.216126	0.2437	0.2741	0.318782	0.37245	0.422678	0.456898	0.467478	0.480312	0.508866	0.53275	0.543293	0.540452	0.510217	0.46497	0.427609	0.385573	0.348475	0.331497	0.330461	0.358159	0.418739	0.501066	0.592106	0.684427	0.774737	0.857216	0.928354	0.982925	1.01765	1.02989	1.01713	0.979942	0.914074	0.812494	0.688858	0.565108	0.442495	0.328562	0.232037	0.149674	0.0766643	0	
0	-0.0488673	-0.0986884	-0.146766	-0.184486	-0.216983	-0.250507	-0.291971	-0.331068	-0.344897	-0.321331	-0.256753	-0.176858	-0.0976075	-0.0285311	0.0313365	0.0822574	0.100634	0.0685138	-0.0336856	-0.209446	-0.444309	-0.716126	-0.996591	-1.27331	-1.5377	-1.77457	-1.96685	-2.0975	-2.15385	-2.12095	-2.0008	-1.81216	-1.57598	-1.31914	-1.05873	-0.802387	-0.557135	-0.340506	-0.172755	-0.0610402	-0.00698154	-0.00674066	-0.0367409	-0.0595697	-0.0674547	-0.0779245	-0.0889826	-0.0957891	-0.102848	-0.0934284	-0.0577649	-0.00986575	0.0381589	0.0850321	0.131022	0.171149	0.196281	0.206871	0.217293	0.246309	0.286126	0.329778	0.362166	0.372695	0.373994	0.380481	0.379492	0.364862	0.345733	0.302299	0.255291	0.222274	0.190378	0.168652	0.165764	0.1878	0.241236	0.329626	0.438351	0.55277	0.667112	0.765215	0.842395	0.90359	0.950241	0.978272	0.978657	0.952259	0.902391	0.827705	0.727751	0.613831	0.503239	0.391972	0.281603	0.190409	0.11658	0.0530056	0	
0	-0.0162218	-0.0366731	-0.0590575	-0.0745038	-0.0835705	-0.0900148	-0.101264	-0.105904	-0.0876216	-0.0303208	0.0607535	0.158489	0.244215	0.302128	0.344946	0.362746	0.346818	0.278081	0.144892	-0.0512816	-0.299385	-0.572994	-0.84194	-1.10154	-1.34499	-1.56207	-1.73417	-1.84345	-1.88573	-1.84997	-1.74202	-1.57598	-1.37613	-1.15821	-0.938591	-0.721046	-0.509749	-0.31508	-0.165323	-0.0568106	0.0063307	0.0236394	0.00697139	-0.00489328	-0.0130149	-0.0255399	-0.0455288	-0.0638791	-0.0829701	-0.0893536	-0.071409	-0.0317792	0.0153938	0.0622736	0.107939	0.140702	0.153993	0.150502	0.146126	0.156833	0.182799	0.216633	0.241938	0.241535	0.223639	0.206661	0.181777	0.149094	0.111475	0.057057	0.00417241	-0.0320487	-0.0520934	-0.054359	-0.0301584	0.0191045	0.0965904	0.207954	0.331273	0.45837	0.580795	0.681659	0.758081	0.812907	0.852709	0.871189	0.858108	0.820428	0.766976	0.693425	0.60136	0.507192	0.417783	0.3262	0.234098	0.153704	0.0880345	0.0364685	0	
0	0.0179139	0.029663	0.0350873	0.0442601	0.0596373	0.0803493	0.103764	0.133337	0.188862	0.273815	0.388218	0.495702	0.578604	0.62334	0.641299	0.631492	0.583501	0.487301	0.3348	0.130601	-0.119902	-0.384875	-0.641844	-0.878252	-1.09867	-1.29362	-1.44372	-1.53445	-1.56776	-1.53791	-1.45036	-1.31914	-1.15821	-0.984883	-0.810833	-0.637277	-0.46313	-0.298951	-0.159514	-0.0530788	0.0199525	0.0516396	0.0452809	0.0310691	0.019984	0.00528944	-0.0220157	-0.0490117	-0.0775724	-0.0953	-0.0906577	-0.0565403	-0.0139287	0.0318073	0.0711199	0.0945542	0.0973011	0.0851796	0.0694955	0.0707464	0.0870063	0.106393	0.110469	0.089933	0.0518302	0.010855	-0.03035	-0.0769683	-0.126304	-0.190073	-0.249608	-0.288008	-0.299768	-0.279168	-0.226402	-0.144358	-0.0401237	0.0779251	0.196945	0.318446	0.436118	0.534228	0.607969	0.660116	0.694268	0.702683	0.675957	0.626912	0.57155	0.503691	0.430351	0.363937	0.299662	0.23578	0.173024	0.118536	0.0702694	0.026194	0	
0	0.0486775	0.0892874	0.121085	0.152047	0.188224	0.234298	0.287613	0.353717	0.439819	0.550781	0.677638	0.787323	0.860794	0.886409	0.880882	0.84594	0.77263	0.658749	0.494899	0.292746	0.0506081	-0.201156	-0.436272	-0.644598	-0.83164	-0.996185	-1.12168	-1.19676	-1.2271	-1.21178	-1.15298	-1.05873	-0.938591	-0.810833	-0.681445	-0.554385	-0.42289	-0.283793	-0.155578	-0.0510296	0.0321117	0.0696334	0.0638934	0.0448045	0.0274874	0.00743685	-0.0211689	-0.0547035	-0.0893293	-0.117192	-0.120546	-0.0928807	-0.0537667	-0.0141876	0.0175484	0.0343066	0.0320029	0.0166705	-0.000773238	-0.00470887	-0.00203112	-0.00248901	-0.0189183	-0.0528877	-0.108036	-0.167971	-0.227283	-0.285621	-0.34542	-0.413524	-0.470901	-0.508416	-0.505199	-0.464807	-0.391897	-0.288376	-0.167183	-0.0432313	0.0628149	0.164202	0.264568	0.350524	0.414143	0.455315	0.479482	0.474929	0.433243	0.375028	0.323198	0.272764	0.223308	0.183367	0.149322	0.11745	0.0905272	0.0731571	0.0501814	0.0181483	0	
0	0.0720565	0.134242	0.187884	0.234009	0.287008	0.351015	0.430637	0.527079	0.638321	0.766329	0.89385	0.995872	1.05041	1.05341	1.02519	0.968522	0.881005	0.755797	0.592545	0.400578	0.175935	-0.0513461	-0.258499	-0.428771	-0.574046	-0.703073	-0.801905	-0.865294	-0.896196	-0.895758	-0.863685	-0.802387	-0.721046	-0.637277	-0.554385	-0.475154	-0.381009	-0.266158	-0.148101	-0.0441267	0.0366378	0.0690141	0.0624661	0.0339345	0.00744748	-0.0138829	-0.0470928	-0.0881162	-0.126127	-0.157155	-0.167006	-0.149166	-0.120373	-0.085571	-0.0539649	-0.0360226	-0.032916	-0.0419371	-0.0591432	-0.075767	-0.0875708	-0.101244	-0.128774	-0.171951	-0.237483	-0.312582	-0.390774	-0.464243	-0.534224	-0.597044	-0.641753	-0.663131	-0.641446	-0.58444	-0.498245	-0.390365	-0.2686	-0.153406	-0.060784	0.0224285	0.0953958	0.15705	0.197614	0.215809	0.219218	0.20102	0.155832	0.0953624	0.046024	0.00967243	-0.0151614	-0.0237166	-0.0282898	-0.0267206	-0.00855785	0.0124092	0.0166542	0.00813621	0	
0	0.0889376	0.169218	0.237355	0.296557	0.358316	0.434569	0.531958	0.64939	0.776807	0.909332	1.02609	1.11041	1.13974	1.12103	1.07301	1.00387	0.909961	0.782425	0.625053	0.447688	0.247019	0.0500224	-0.121534	-0.247335	-0.347191	-0.435016	-0.51084	-0.562971	-0.595466	-0.605849	-0.592861	-0.557135	-0.509749	-0.46313	-0.42289	-0.381009	-0.319103	-0.225175	-0.120036	-0.0249081	0.0440339	0.0696308	0.057345	0.0206225	-0.0123599	-0.0412839	-0.0792447	-0.121656	-0.163149	-0.20442	-0.226434	-0.225464	-0.207771	-0.174308	-0.139114	-0.109966	-0.0971545	-0.104425	-0.129583	-0.153866	-0.171798	-0.193981	-0.227257	-0.274307	-0.341559	-0.426264	-0.517719	-0.599718	-0.669529	-0.719482	-0.745303	-0.741856	-0.699056	-0.630096	-0.543377	-0.444644	-0.336364	-0.241405	-0.170018	-0.107777	-0.0553123	-0.0198245	-0.0142176	-0.0303692	-0.0561674	-0.0907847	-0.137389	-0.190396	-0.22862	-0.25098	-0.257651	-0.242029	-0.213475	-0.175998	-0.122158	-0.067408	-0.0353744	-0.0175482	0	
0	0.101722	0.195087	0.275249	0.343454	0.41065	0.493775	0.601054	0.730398	0.864054	0.988383	1.0851	1.14029	1.14096	1.09925	1.03354	0.957646	0.861264	0.736049	0.588425	0.428064	0.259401	0.100808	-0.0267398	-0.10505	-0.157624	-0.210796	-0.264349	-0.311989	-0.344267	-0.359432	-0.357471	-0.340506	-0.31508	-0.298951	-0.283793	-0.266158	-0.225175	-0.151092	-0.0642568	0.0123603	0.0651116	0.0787851	0.0627576	0.022204	-0.017317	-0.0522804	-0.0923952	-0.139443	-0.191589	-0.246842	-0.287109	-0.308992	-0.302749	-0.269176	-0.222633	-0.183658	-0.167918	-0.177947	-0.20382	-0.229704	-0.255319	-0.280852	-0.316358	-0.365285	-0.435641	-0.522074	-0.615138	-0.696917	-0.753663	-0.78456	-0.786503	-0.756136	-0.695097	-0.615738	-0.531636	-0.449839	-0.365424	-0.29528	-0.24763	-0.213491	-0.189489	-0.179654	-0.205749	-0.261939	-0.321315	-0.370408	-0.410874	-0.447832	-0.47327	-0.478197	-0.464343	-0.430787	-0.377173	-0.313524	-0.237495	-0.162329	-0.106985	-0.0549571	0	
0	0.112948	0.216812	0.308271	0.382527	0.454496	0.538782	0.648612	0.780315	0.907076	1.01523	1.07985	1.10133	1.07025	1.00457	0.925686	0.842134	0.745772	0.622792	0.483501	0.341731	0.209124	0.0931344	0.0159548	-0.0168106	-0.0288663	-0.049114	-0.0885889	-0.130125	-0.160431	-0.177309	-0.181011	-0.172755	-0.165323	-0.159514	-0.155578	-0.148101	-0.120036	-0.0642568	-0.00138903	0.0616562	0.100641	0.108327	0.0883322	0.0440328	-0.00157109	-0.0415462	-0.0822243	-0.12981	-0.194322	-0.271144	-0.334967	-0.377251	-0.3811	-0.3484	-0.299824	-0.260039	-0.242529	-0.250627	-0.274545	-0.303276	-0.330529	-0.361252	-0.402317	-0.459016	-0.528268	-0.604419	-0.691065	-0.761493	-0.798241	-0.803707	-0.779094	-0.723232	-0.6487	-0.568671	-0.489765	-0.422367	-0.361553	-0.315491	-0.292308	-0.290019	-0.300032	-0.322563	-0.376711	-0.456587	-0.539293	-0.60037	-0.633432	-0.653519	-0.658082	-0.640752	-0.611051	-0.563528	-0.494789	-0.418904	-0.33076	-0.244606	-0.170841	-0.0865048	0	
0	0.119316	0.231564	0.326623	0.406919	0.477231	0.559099	0.663946	0.785351	0.900343	0.980698	1.0152	1.00047	0.942557	0.858759	0.769753	0.682328	0.586298	0.464946	0.334143	0.211711	0.113176	0.0437388	0.0105955	0.0157248	0.0352232	0.0368177	0.0122178	-0.0200341	-0.046807	-0.0586369	-0.0622035	-0.0610402	-0.0568106	-0.0530788	-0.0510296	-0.0441267	-0.0249081	0.0123603	0.0616562	0.115439	0.146849	0.153903	0.13112	0.0887534	0.044852	0.00496876	-0.0403281	-0.0982968	-0.184205	-0.277894	-0.3575	-0.413874	-0.431312	-0.413658	-0.378103	-0.342823	-0.324174	-0.329298	-0.349926	-0.37338	-0.404511	-0.443758	-0.49199	-0.552827	-0.615846	-0.678539	-0.745427	-0.795598	-0.803708	-0.783958	-0.738422	-0.662235	-0.583162	-0.508025	-0.440081	-0.388458	-0.345973	-0.317744	-0.317856	-0.347638	-0.390669	-0.443104	-0.513951	-0.59965	-0.681618	-0.739147	-0.771175	-0.782927	-0.774102	-0.738266	-0.681595	-0.61758	-0.54393	-0.465532	-0.381561	-0.292424	-0.202481	-0.102697	0	
0	0.123518	0.238127	0.335692	0.415158	0.482798	0.556085	0.647286	0.750278	0.842216	0.893063	0.896365	0.850071	0.771614	0.674814	0.579609	0.49175	0.394274	0.279684	0.158211	0.0578127	-0.00410816	-0.0320234	-0.0255101	0.00657263	0.0435572	0.0594333	0.0460471	0.018572	-0.00309954	-0.013012	-0.014033	-0.00698154	0.0063307	0.0199525	0.0321117	0.0366378	0.0440339	0.0651116	0.100641	0.146849	0.18467	0.20036	0.186809	0.160165	0.126467	0.080995	0.0239799	-0.0475625	-0.14653	-0.252178	-0.34473	-0.415825	-0.456897	-0.466246	-0.447131	-0.419918	-0.406931	-0.415036	-0.434828	-0.459166	-0.495733	-0.538931	-0.590431	-0.652196	-0.709618	-0.749471	-0.787814	-0.808567	-0.785519	-0.742127	-0.676626	-0.5916	-0.512778	-0.444972	-0.388467	-0.352436	-0.331502	-0.318955	-0.337878	-0.393956	-0.462844	-0.532199	-0.606416	-0.686035	-0.751339	-0.791316	-0.81218	-0.814699	-0.794368	-0.741766	-0.669938	-0.595869	-0.518016	-0.44896	-0.38174	-0.298347	-0.204845	-0.104055	0	
