0.000000000000000000e+00 0.000000000000000000e+00 0.000000000000000000e+00 0.000000000000000000e+00 0.000000000000000000e+00 0.000000000000000000e+00 0.000000000000000000e+00 0.000000000000000000e+00 0.000000000000000000e+00 0.000000000000000000e+00 0.000000000000000000e+00 0.000000000000000000e+00 0.000000000000000000e+00 0.000000000000000000e+00 0.000000000000000000e+00 0.000000000000000000e+00 0.000000000000000000e+00 0.000000000000000000e+00 0.000000000000000000e+00 0.000000000000000000e+00 0.000000000000000000e+00 0.000000000000000000e+00 0.000000000000000000e+00 0.000000000000000000e+00 0.000000000000000000e+00 0.000000000000000000e+00 0.000000000000000000e+00 0.000000000000000000e+00 0.000000000000000000e+00 0.000000000000000000e+00 0.000000000000000000e+00 0.000000000000000000e+00 0.000000000000000000e+00 0.000000000000000000e+00 0.000000000000000000e+00 0.000000000000000000e+00 0.000000000000000000e+00 0.000000000000000000e+00 0.000000000000000000e+00 0.000000000000000000e+00 0.000000000000000000e+00 0.000000000000000000e+00 0.000000000000000000e+00 0.000000000000000000e+00 0.000000000000000000e+00 0.000000000000000000e+00 0.000000000000000000e+00 0.000000000000000000e+00 0.000000000000000000e+00 0.000000000000000000e+00 0.000000000000000000e+00 0.000000000000000000e+00 0.000000000000000000e+00 0.000000000000000000e+00 0.000000000000000000e+00 0.000000000000000000e+00 0.000000000000000000e+00 0.000000000000000000e+00 0.000000000000000000e+00 0.000000000000000000e+00 0.000000000000000000e+00 0.000000000000000000e+00 0.000000000000000000e+00 0.000000000000000000e+00 0.000000000000000000e+00 0.000000000000000000e+00 0.000000000000000000e+00 0.000000000000000000e+00 0.000000000000000000e+00 0.000000000000000000e+00 0.000000000000000000e+00 0.000000000000000000e+00 0.000000000000000000e+00 0.000000000000000000e+00 0.000000000000000000e+00 0.000000000000000000e+00 0.000000000000000000e+00 0.000000000000000000e+00 0.000000000000000000e+00 0.000000000000000000e+00 0.000000000000000000e+00 0.000000000000000000e+00 0.000000000000000000e+00 0.000000000000000000e+00 0.000000000000000000e+00 0.000000000000000000e+00 0.000000000000000000e+00 0.000000000000000000e+00 0.000000000000000000e+00 0.000000000000000000e+00 0.000000000000000000e+00 0.000000000000000000e+00 0.000000000000000000e+00 0.000000000000000000e+00 0.000000000000000000e+00 0.000000000000000000e+00 0.000000000000000000e+00 0.000000000000000000e+00 0.000000000000000000e+00 0.000000000000000000e+00
0.000000000000000000e+00 -1.879410000000000108e-02 -3.200390000000000179e-02 -3.826480000000000159e-02 -3.744070000000000037e-02 -3.386999999999999733e-02 -3.122849999999999931e-02 -3.220340000000000008e-02 -3.995259999999999784e-02 -5.052389999999999659e-02 -6.221229999999999816e-02 -7.133730000000000626e-02 -7.901619999999999477e-02 -8.988250000000000406e-02 -1.006100000000000050e-01 -1.085160000000000013e-01 -1.056249999999999967e-01 -9.072610000000000396e-02 -6.802519999999999400e-02 -3.942989999999999690e-02 -1.031739999999999914e-02 1.786429999999999962e-02 4.282060000000000033e-02 6.426210000000000255e-02 8.266110000000000124e-02 9.649760000000000282e-02 1.042180000000000051e-01 1.095489999999999936e-01 1.142409999999999953e-01 1.193899999999999961e-01 1.194199999999999984e-01 1.158870000000000039e-01 1.132210000000000022e-01 1.088179999999999981e-01 1.010830000000000062e-01 8.857030000000000458e-02 7.005930000000000490e-02 4.961569999999999869e-02 2.246079999999999952e-02 -1.195000000000000055e-02 -4.911039999999999850e-02 -8.815370000000000150e-02 -1.254460000000000020e-01 -1.574069999999999914e-01 -1.842610000000000081e-01 -2.039839999999999987e-01 -2.178730000000000111e-01 -2.303469999999999962e-01 -2.444270000000000054e-01 -2.576620000000000021e-01 -2.676129999999999898e-01 -2.761549999999999838e-01 -2.823510000000000186e-01 -2.817529999999999757e-01 -2.744869999999999810e-01 -2.626370000000000093e-01 -2.415750000000000119e-01 -2.051179999999999948e-01 -1.552709999999999924e-01 -9.771100000000000618e-02 -3.318100000000000216e-02 3.180310000000000081e-02 9.190740000000000021e-02 1.500370000000000037e-01 2.023449999999999971e-01 2.477159999999999918e-01 2.849840000000000151e-01 3.167429999999999968e-01 3.398550000000000182e-01 3.528530000000000277e-01 3.524160000000000070e-01 3.358539999999999859e-01 3.096599999999999908e-01 2.738300000000000178e-01 2.324630000000000030e-01 1.811770000000000047e-01 1.186080000000000051e-01 5.217750000000000166e-02 -1.780649999999999941e-02 -8.867379999999999707e-02 -1.554049999999999876e-01 -2.173289999999999944e-01 -2.755589999999999984e-01 -3.252280000000000171e-01 -3.638460000000000027e-01 -3.914929999999999799e-01 -4.068390000000000062e-01 -4.104670000000000263e-01 -4.053820000000000201e-01 -3.927260000000000195e-01 -3.686470000000000025e-01 -3.370779999999999887e-01 -3.026650000000000174e-01 -2.653309999999999835e-01 -2.249589999999999923e-01 -1.788820000000000132e-01 -1.339740000000000097e-01 -9.170730000000000548e-02 -4.530279999999999724e-02 0.000000000000000000e+00
0.000000000000000000e+00 -3.200390000000000179e-02 -5.403560000000000307e-02 -6.037680000000000130e-02 -5.472319999999999962e-02 -4.252559999999999674e-02 -3.236780000000000213e-02 -3.154850000000000015e-02 -4.134100000000000275e-02 -6.142170000000000268e-02 -8.081720000000000570e-02 -9.823719999999999675e-02 -1.134909999999999947e-01 -1.338810000000000000e-01 -1.578390000000000071e-01 -1.738619999999999888e-01 -1.712619999999999976e-01 -1.448780000000000068e-01 -1.034899999999999987e-01 -5.111290000000000278e-02 6.826409999999999987e-04 5.190179999999999794e-02 9.428279999999999994e-02 1.309200000000000086e-01 1.616450000000000109e-01 1.837590000000000057e-01 1.953610000000000069e-01 2.035119999999999985e-01 2.125559999999999949e-01 2.216509999999999869e-01 2.251749999999999863e-01 2.191289999999999905e-01 2.162080000000000113e-01 2.107219999999999926e-01 1.989950000000000052e-01 1.747660000000000047e-01 1.443079999999999918e-01 1.041289999999999993e-01 5.117519999999999708e-02 -1.650920000000000165e-02 -8.973069999999999657e-02 -1.708159999999999956e-01 -2.425559999999999938e-01 -3.053879999999999928e-01 -3.576690000000000147e-01 -3.959260000000000002e-01 -4.198390000000000177e-01 -4.393230000000000190e-01 -4.594449999999999923e-01 -4.800050000000000150e-01 -4.962590000000000057e-01 -5.072069999999999634e-01 -5.128770000000000273e-01 -5.093820000000000014e-01 -4.970010000000000261e-01 -4.754050000000000220e-01 -4.373770000000000158e-01 -3.709549999999999792e-01 -2.820900000000000074e-01 -1.761479999999999990e-01 -5.875869999999999704e-02 6.139839999999999881e-02 1.707440000000000069e-01 2.774880000000000124e-01 3.746260000000000145e-01 4.569380000000000108e-01 5.272559999999999469e-01 5.842720000000000136e-01 6.275089999999999835e-01 6.505509999999999904e-01 6.469909999999999828e-01 6.145939999999999737e-01 5.613569999999999949e-01 4.927750000000000186e-01 4.134399999999999742e-01 3.163000000000000256e-01 2.000869999999999871e-01 7.638549999999999507e-02 -5.147070000000000117e-02 -1.803250000000000131e-01 -2.997630000000000017e-01 -4.094419999999999726e-01 -5.129070000000000018e-01 -6.011459999999999582e-01 -6.711270000000000291e-01 -7.195869999999999767e-01 -7.476359999999999673e-01 -7.591020000000000545e-01 -7.544239999999999835e-01 -7.361450000000000493e-01 -6.948490000000000499e-01 -6.387159999999999505e-01 -5.812810000000000477e-01 -5.149040000000000283e-01 -4.375760000000000205e-01 -3.513809999999999989e-01 -2.660230000000000095e-01 -1.828899999999999970e-01 -9.181169999999999609e-02 0.000000000000000000e+00
0.000000000000000000e+00 -3.826480000000000159e-02 -6.037680000000000130e-02 -6.154880000000000073e-02 -4.285690000000000333e-02 -1.631200000000000011e-02 6.392029999999999934e-03 1.713809999999999986e-02 7.265650000000000233e-03 -1.353129999999999958e-02 -3.929049999999999904e-02 -6.058589999999999809e-02 -8.039169999999999650e-02 -1.113849999999999979e-01 -1.454719999999999902e-01 -1.735299999999999898e-01 -1.733929999999999916e-01 -1.410450000000000037e-01 -8.791899999999999715e-02 -2.031550000000000022e-02 4.690339999999999787e-02 1.100160000000000027e-01 1.628199999999999925e-01 2.054400000000000115e-01 2.407150000000000123e-01 2.644270000000000231e-01 2.740099999999999758e-01 2.797749999999999959e-01 2.877919999999999923e-01 3.006369999999999876e-01 3.037449999999999872e-01 2.988230000000000053e-01 2.989430000000000143e-01 2.958109999999999906e-01 2.837979999999999947e-01 2.568619999999999792e-01 2.125150000000000095e-01 1.588960000000000095e-01 8.394770000000000010e-02 -1.404419999999999974e-02 -1.221349999999999936e-01 -2.369400000000000117e-01 -3.452100000000000168e-01 -4.364750000000000019e-01 -5.094710000000000072e-01 -5.584630000000000427e-01 -5.863150000000000306e-01 -6.055530000000000079e-01 -6.262180000000000524e-01 -6.441459999999999964e-01 -6.531780000000000364e-01 -6.599620000000000486e-01 -6.641439999999999566e-01 -6.559359999999999635e-01 -6.356270000000000531e-01 -6.096610000000000085e-01 -5.647739999999999982e-01 -4.825119999999999965e-01 -3.669270000000000032e-01 -2.312980000000000036e-01 -7.754930000000000156e-02 7.815030000000000587e-02 2.216180000000000094e-01 3.621229999999999727e-01 4.893509999999999804e-01 5.999560000000000448e-01 6.914139999999999731e-01 7.689230000000000231e-01 8.246520000000000516e-01 8.537139999999999729e-01 8.457780000000000298e-01 7.945309999999999873e-01 7.183190000000000408e-01 6.193389999999999729e-01 5.096659999999999524e-01 3.784100000000000241e-01 2.220840000000000036e-01 6.049240000000000173e-02 -1.051890000000000047e-01 -2.690359999999999974e-01 -4.191329999999999778e-01 -5.561399999999999677e-01 -6.853789999999999605e-01 -7.962019999999999653e-01 -8.838679999999999870e-01 -9.488870000000000360e-01 -9.884429999999999605e-01 -1.003989999999999938e+00 -1.003030000000000088e+00 -9.869830000000000547e-01 -9.416269999999999918e-01 -8.761010000000000186e-01 -8.028509999999999813e-01 -7.183060000000000000e-01 -6.197799999999999976e-01 -5.013999999999999568e-01 -3.813969999999999860e-01 -2.636270000000000002e-01 -1.315639999999999865e-01 0.000000000000000000e+00
0.000000000000000000e+00 -3.744070000000000037e-02 -5.472319999999999962e-02 -4.285690000000000333e-02 -6.892289999999999701e-03 3.930340000000000222e-02 8.066099999999999659e-02 1.023700000000000027e-01 1.005159999999999942e-01 7.772600000000000342e-02 5.065929999999999739e-02 2.523509999999999989e-02 -7.496039999999999605e-04 -3.937439999999999690e-02 -8.801920000000000577e-02 -1.258120000000000072e-01 -1.313030000000000030e-01 -9.509639999999999760e-02 -3.274860000000000271e-02 4.683999999999999969e-02 1.233279999999999932e-01 1.951720000000000121e-01 2.492610000000000103e-01 2.917390000000000261e-01 3.229369999999999741e-01 3.404860000000000109e-01 3.412510000000000265e-01 3.385409999999999808e-01 3.422689999999999899e-01 3.520139999999999936e-01 3.553439999999999932e-01 3.478390000000000093e-01 3.482930000000000192e-01 3.476020000000000221e-01 3.375079999999999747e-01 3.052630000000000066e-01 2.582999999999999741e-01 1.931360000000000021e-01 1.011949999999999933e-01 -2.020889999999999839e-02 -1.548730000000000107e-01 -3.031809999999999783e-01 -4.349899999999999878e-01 -5.472110000000000030e-01 -6.344899999999999984e-01 -6.897929999999999895e-01 -7.131960000000000521e-01 -7.236019999999999675e-01 -7.321299999999999475e-01 -7.400160000000000071e-01 -7.411590000000000122e-01 -7.371429999999999927e-01 -7.304800000000000182e-01 -7.150900000000000034e-01 -6.939779999999999838e-01 -6.680230000000000334e-01 -6.229369999999999630e-01 -5.351080000000000281e-01 -4.118820000000000259e-01 -2.625770000000000048e-01 -9.324789999999999468e-02 7.964430000000000121e-02 2.364600000000000035e-01 3.912180000000000102e-01 5.329070000000000196e-01 6.540359999999999507e-01 7.577059999999999906e-01 8.428879999999999706e-01 9.065590000000000037e-01 9.386050000000000226e-01 9.250760000000000094e-01 8.621769999999999712e-01 7.670690000000000008e-01 6.501649999999999929e-01 5.220439999999999525e-01 3.713099999999999734e-01 1.951749999999999874e-01 1.311380000000000011e-02 -1.687140000000000029e-01 -3.467700000000000227e-01 -5.062309999999999865e-01 -6.489340000000000108e-01 -7.855590000000000073e-01 -9.027749999999999941e-01 -9.968540000000000179e-01 -1.065469999999999917e+00 -1.108719999999999928e+00 -1.132600000000000051e+00 -1.139119999999999910e+00 -1.128509999999999902e+00 -1.082470000000000043e+00 -1.012350000000000083e+00 -9.379420000000000535e-01 -8.468759999999999621e-01 -7.326169999999999627e-01 -5.962229999999999475e-01 -4.564159999999999884e-01 -3.164850000000000163e-01 -1.598249999999999948e-01 0.000000000000000000e+00
0.000000000000000000e+00 -3.386999999999999733e-02 -4.252559999999999674e-02 -1.631200000000000011e-02 3.930340000000000222e-02 1.069360000000000033e-01 1.659150000000000069e-01 2.029130000000000100e-01 2.060680000000000012e-01 1.865179999999999894e-01 1.561970000000000025e-01 1.276879999999999959e-01 9.731839999999999935e-02 4.834279999999999827e-02 -1.012419999999999987e-02 -6.048549999999999760e-02 -7.024539999999999951e-02 -3.237550000000000150e-02 3.712510000000000115e-02 1.253630000000000022e-01 2.100170000000000092e-01 2.848939999999999806e-01 3.402919999999999834e-01 3.773420000000000107e-01 4.024849999999999817e-01 4.092649999999999899e-01 3.970199999999999840e-01 3.803949999999999831e-01 3.712239999999999984e-01 3.724979999999999958e-01 3.667630000000000057e-01 3.517629999999999924e-01 3.487739999999999729e-01 3.463999999999999857e-01 3.350839999999999930e-01 3.027170000000000138e-01 2.491120000000000001e-01 1.791079999999999894e-01 7.774069999999999592e-02 -5.807110000000000050e-02 -2.105899999999999994e-01 -3.737880000000000091e-01 -5.233929999999999971e-01 -6.443719999999999448e-01 -7.323290000000000077e-01 -7.803489999999999593e-01 -7.919770000000000421e-01 -7.856429999999999803e-01 -7.792620000000000102e-01 -7.722449999999999593e-01 -7.556260000000000199e-01 -7.397449999999999859e-01 -7.274019999999999930e-01 -7.093540000000000401e-01 -6.852190000000000225e-01 -6.647929999999999673e-01 -6.287700000000000511e-01 -5.484170000000000433e-01 -4.273179999999999756e-01 -2.798849999999999949e-01 -1.106039999999999940e-01 6.023860000000000325e-02 2.139260000000000050e-01 3.656400000000000206e-01 5.032039999999999846e-01 6.221769999999999801e-01 7.225019999999999776e-01 8.082559999999999745e-01 8.715920000000000334e-01 9.045769999999999644e-01 8.889219999999999899e-01 8.179859999999999909e-01 7.171149999999999469e-01 5.932800000000000296e-01 4.632330000000000059e-01 3.124730000000000008e-01 1.349390000000000034e-01 -4.465559999999999669e-02 -2.234349999999999947e-01 -3.956560000000000077e-01 -5.475219999999999532e-01 -6.834099999999999620e-01 -8.133240000000000469e-01 -9.258450000000000291e-01 -1.016869999999999941e+00 -1.085579999999999989e+00 -1.128719999999999946e+00 -1.148859999999999992e+00 -1.155890000000000084e+00 -1.149589999999999890e+00 -1.105299999999999949e+00 -1.034950000000000037e+00 -9.587949999999999529e-01 -8.673009999999999886e-01 -7.527160000000000517e-01 -6.120280000000000165e-01 -4.688910000000000022e-01 -3.262169999999999792e-01 -1.639230000000000131e-01 0.000000000000000000e+00
0.000000000000000000e+00 -3.122849999999999931e-02 -3.236780000000000213e-02 6.392029999999999934e-03 8.066099999999999659e-02 1.659150000000000069e-01 2.427499999999999936e-01 2.898209999999999953e-01 2.995220000000000105e-01 2.787200000000000233e-01 2.444240000000000024e-01 2.103240000000000109e-01 1.707919999999999994e-01 1.129890000000000061e-01 4.022160000000000318e-02 -1.955979999999999872e-02 -3.554990000000000233e-02 4.785310000000000084e-03 8.189589999999999370e-02 1.794000000000000039e-01 2.717879999999999741e-01 3.518229999999999968e-01 4.050940000000000096e-01 4.384500000000000064e-01 4.526850000000000041e-01 4.472690000000000277e-01 4.188450000000000228e-01 3.837789999999999813e-01 3.585550000000000126e-01 3.450170000000000181e-01 3.251020000000000021e-01 2.983609999999999873e-01 2.842680000000000207e-01 2.752399999999999847e-01 2.601490000000000191e-01 2.228060000000000040e-01 1.673320000000000085e-01 9.403150000000000397e-02 -1.121160000000000039e-02 -1.516049999999999898e-01 -3.089439999999999964e-01 -4.781480000000000175e-01 -6.249989999999999712e-01 -7.416319999999999579e-01 -8.191049999999999720e-01 -8.498529999999999696e-01 -8.365749999999999575e-01 -8.057929999999999815e-01 -7.754839999999999511e-01 -7.488329999999999709e-01 -7.194800000000000084e-01 -6.923899999999999499e-01 -6.719979999999999842e-01 -6.501050000000000439e-01 -6.319960000000000022e-01 -6.209510000000000307e-01 -5.965570000000000039e-01 -5.271949999999999692e-01 -4.173600000000000088e-01 -2.808370000000000033e-01 -1.224559999999999954e-01 3.382999999999999896e-02 1.696179999999999910e-01 3.010639999999999983e-01 4.179069999999999729e-01 5.165720000000000312e-01 6.003979999999999873e-01 6.725400000000000267e-01 7.291199999999999903e-01 7.603609999999999536e-01 7.451729999999999743e-01 6.780119999999999481e-01 5.826900000000000412e-01 4.714360000000000217e-01 3.573230000000000017e-01 2.255870000000000097e-01 6.875190000000000468e-02 -9.350559999999999428e-02 -2.528050000000000019e-01 -4.066859999999999919e-01 -5.411550000000000527e-01 -6.589850000000000430e-01 -7.758720000000000061e-01 -8.770109999999999850e-01 -9.568400000000000238e-01 -1.015570000000000084e+00 -1.049330000000000096e+00 -1.064170000000000060e+00 -1.067809999999999926e+00 -1.056659999999999933e+00 -1.008669999999999956e+00 -9.372080000000000410e-01 -8.644960000000000422e-01 -7.803849999999999953e-01 -6.737840000000000495e-01 -5.431970000000000409e-01 -4.129539999999999877e-01 -2.869840000000000169e-01 -1.451379999999999892e-01 0.000000000000000000e+00
0.000000000000000000e+00 -3.220340000000000008e-02 -3.154850000000000015e-02 1.713809999999999986e-02 1.023700000000000027e-01 2.029130000000000100e-01 2.898209999999999953e-01 3.450590000000000046e-01 3.559849999999999959e-01 3.320859999999999923e-01 2.909740000000000104e-01 2.474719999999999975e-01 1.981580000000000008e-01 1.275789999999999980e-01 4.326340000000000047e-02 -2.856430000000000080e-02 -4.881289999999999935e-02 -8.188900000000000692e-03 7.581939999999999513e-02 1.812459999999999904e-01 2.803680000000000061e-01 3.625410000000000021e-01 4.152250000000000107e-01 4.398340000000000027e-01 4.451930000000000054e-01 4.246789999999999732e-01 3.794739999999999780e-01 3.263249999999999762e-01 2.826879999999999948e-01 2.513400000000000079e-01 2.174879999999999869e-01 1.748139999999999972e-01 1.484669999999999879e-01 1.307450000000000001e-01 1.095170000000000032e-01 6.854309999999999570e-02 1.223619999999999916e-02 -6.032880000000000187e-02 -1.639790000000000136e-01 -3.016610000000000125e-01 -4.562249999999999917e-01 -6.184690000000000465e-01 -7.572790000000000354e-01 -8.551889999999999770e-01 -9.062459999999999960e-01 -9.068739999999999579e-01 -8.635979999999999768e-01 -7.990519999999999845e-01 -7.390400000000000302e-01 -6.899560000000000137e-01 -6.413680000000000492e-01 -6.022859999999999880e-01 -5.769940000000000069e-01 -5.587790000000000257e-01 -5.453179999999999694e-01 -5.449469999999999592e-01 -5.356140000000000345e-01 -4.827150000000000052e-01 -3.885850000000000137e-01 -2.659989999999999855e-01 -1.261919999999999986e-01 7.318879999999999830e-03 1.155629999999999991e-01 2.147020000000000040e-01 2.977620000000000267e-01 3.624069999999999792e-01 4.167170000000000041e-01 4.652499999999999969e-01 5.067580000000000418e-01 5.340840000000000032e-01 5.219129999999999603e-01 4.654220000000000024e-01 3.890810000000000102e-01 3.033029999999999893e-01 2.218700000000000117e-01 1.264109999999999956e-01 5.226520000000000124e-03 -1.223069999999999991e-01 -2.505550000000000277e-01 -3.750890000000000057e-01 -4.826599999999999779e-01 -5.785280000000000422e-01 -6.730209999999999804e-01 -7.548460000000000170e-01 -8.201749999999999874e-01 -8.643570000000000420e-01 -8.835480000000000000e-01 -8.839679999999999760e-01 -8.774870000000000170e-01 -8.627289999999999681e-01 -8.127180000000000515e-01 -7.412790000000000212e-01 -6.760209999999999830e-01 -6.047869999999999635e-01 -5.143609999999999571e-01 -4.090260000000000007e-01 -3.108469999999999844e-01 -2.173289999999999944e-01 -1.095840000000000009e-01 0.000000000000000000e+00
0.000000000000000000e+00 -3.995259999999999784e-02 -4.134100000000000275e-02 7.265650000000000233e-03 1.005159999999999942e-01 2.060680000000000012e-01 2.995220000000000105e-01 3.559849999999999959e-01 3.643299999999999872e-01 3.344219999999999970e-01 2.823339999999999739e-01 2.276729999999999865e-01 1.642800000000000094e-01 8.139109999999999401e-02 -1.707509999999999931e-02 -9.819559999999999400e-02 -1.254570000000000130e-01 -8.425209999999999644e-02 4.964239999999999972e-03 1.158430000000000015e-01 2.211599999999999955e-01 3.045729999999999826e-01 3.535449999999999982e-01 3.729529999999999790e-01 3.654430000000000178e-01 3.320440000000000058e-01 2.715790000000000148e-01 1.998749999999999971e-01 1.389660000000000062e-01 9.328880000000000505e-02 4.370450000000000029e-02 -7.569180000000000005e-03 -4.293589999999999907e-02 -6.571390000000000564e-02 -8.867350000000000232e-02 -1.277040000000000119e-01 -1.837779999999999969e-01 -2.540140000000000176e-01 -3.531000000000000250e-01 -4.845800000000000107e-01 -6.322799999999999532e-01 -7.825839999999999463e-01 -9.035649999999999515e-01 -9.821100000000000385e-01 -1.006799999999999917e+00 -9.730330000000000368e-01 -8.885060000000000180e-01 -7.857250000000000068e-01 -6.914350000000000218e-01 -6.126890000000000391e-01 -5.436870000000000314e-01 -4.913839999999999875e-01 -4.599210000000000242e-01 -4.397789999999999755e-01 -4.344239999999999768e-01 -4.478369999999999851e-01 -4.547720000000000096e-01 -4.204970000000000097e-01 -3.436969999999999748e-01 -2.417229999999999934e-01 -1.234460000000000002e-01 -1.858430000000000151e-02 5.720410000000000078e-02 1.177269999999999983e-01 1.577939999999999898e-01 1.822020000000000028e-01 1.985119999999999940e-01 2.170330000000000037e-01 2.397960000000000091e-01 2.601510000000000211e-01 2.539040000000000186e-01 2.138150000000000051e-01 1.634819999999999884e-01 1.145909999999999984e-01 7.530570000000000319e-02 2.742349999999999996e-02 -4.447220000000000339e-02 -1.284569999999999879e-01 -2.145259999999999945e-01 -3.000900000000000234e-01 -3.744319999999999871e-01 -4.385800000000000254e-01 -5.064600000000000213e-01 -5.652120000000000477e-01 -6.068449999999999678e-01 -6.326279999999999681e-01 -6.359230000000000160e-01 -6.227139999999999898e-01 -6.087160000000000348e-01 -5.886989999999999723e-01 -5.415250000000000341e-01 -4.811710000000000154e-01 -4.304709999999999925e-01 -3.834380000000000011e-01 -3.243779999999999997e-01 -2.503159999999999830e-01 -1.842340000000000089e-01 -1.290679999999999883e-01 -6.597519999999999774e-02 0.000000000000000000e+00
0.000000000000000000e+00 -5.052389999999999659e-02 -6.142170000000000268e-02 -1.353129999999999958e-02 7.772600000000000342e-02 1.865179999999999894e-01 2.787200000000000233e-01 3.320859999999999923e-01 3.344219999999999970e-01 2.929039999999999977e-01 2.276489999999999903e-01 1.558329999999999993e-01 7.536969999999999781e-02 -2.411490000000000161e-02 -1.363640000000000130e-01 -2.294720000000000093e-01 -2.614779999999999882e-01 -2.217030000000000112e-01 -1.271740000000000093e-01 -9.572940000000000269e-03 1.005640000000000006e-01 1.854939999999999922e-01 2.324640000000000040e-01 2.428819999999999868e-01 2.257510000000000072e-01 1.792930000000000079e-01 1.052120000000000000e-01 2.159499999999999961e-02 -5.034109999999999974e-02 -1.072260000000000019e-01 -1.600499999999999978e-01 -2.153869999999999951e-01 -2.537949999999999928e-01 -2.749820000000000042e-01 -2.941619999999999790e-01 -3.286040000000000072e-01 -3.746110000000000273e-01 -4.364540000000000086e-01 -5.285100000000000353e-01 -6.520070000000000032e-01 -7.932989999999999764e-01 -9.362249999999999739e-01 -1.048349999999999893e+00 -1.106600000000000028e+00 -1.102689999999999948e+00 -1.036720000000000086e+00 -9.200660000000000505e-01 -7.786110000000000531e-01 -6.452480000000000437e-01 -5.344250000000000389e-01 -4.406089999999999729e-01 -3.692799999999999971e-01 -3.251640000000000086e-01 -3.047639999999999794e-01 -3.060880000000000267e-01 -3.305609999999999937e-01 -3.550119999999999942e-01 -3.434619999999999895e-01 -2.932130000000000014e-01 -2.142999999999999905e-01 -1.252620000000000122e-01 -5.309590000000000143e-02 -1.321489999999999991e-02 4.790550000000000190e-03 3.506229999999999937e-03 -1.468159999999999951e-02 -3.338279999999999720e-02 -4.382420000000000065e-02 -3.829620000000000246e-02 -2.107360000000000136e-02 -1.984230000000000022e-02 -3.835029999999999689e-02 -5.855670000000000319e-02 -6.762830000000000230e-02 -5.993040000000000173e-02 -5.610470000000000040e-02 -7.407999999999999308e-02 -1.064149999999999957e-01 -1.444840000000000013e-01 -1.845640000000000058e-01 -2.168899999999999995e-01 -2.451089999999999935e-01 -2.774550000000000072e-01 -3.056420000000000248e-01 -3.264270000000000227e-01 -3.331279999999999797e-01 -3.215049999999999852e-01 -3.027830000000000243e-01 -2.894360000000000266e-01 -2.771770000000000067e-01 -2.446000000000000119e-01 -2.021610000000000074e-01 -1.764489999999999947e-01 -1.567139999999999922e-01 -1.250989999999999880e-01 -9.037459999999999938e-02 -6.810960000000000625e-02 -5.132359999999999700e-02 -2.716110000000000052e-02 0.000000000000000000e+00
0.000000000000000000e+00 -6.221229999999999816e-02 -8.081720000000000570e-02 -3.929049999999999904e-02 5.065929999999999739e-02 1.561970000000000025e-01 2.444240000000000024e-01 2.909740000000000104e-01 2.823339999999999739e-01 2.276489999999999903e-01 1.443889999999999896e-01 5.246909999999999769e-02 -4.892139999999999683e-02 -1.670830000000000093e-01 -2.956139999999999879e-01 -3.994280000000000053e-01 -4.399640000000000217e-01 -4.021870000000000167e-01 -3.049040000000000084e-01 -1.841450000000000031e-01 -6.794279999999999764e-02 1.810130000000000072e-02 6.481439999999999424e-02 7.332289999999999641e-02 5.017699999999999938e-02 -2.035749999999999799e-03 -8.073400000000000021e-02 -1.707879999999999954e-01 -2.485030000000000017e-01 -3.078069999999999973e-01 -3.620200000000000085e-01 -4.114990000000000037e-01 -4.425250000000000017e-01 -4.539119999999999822e-01 -4.616489999999999760e-01 -4.795820000000000083e-01 -5.147850000000000481e-01 -5.681629999999999736e-01 -6.513170000000000348e-01 -7.675239999999999840e-01 -9.050890000000000324e-01 -1.040140000000000065e+00 -1.144439999999999902e+00 -1.195109999999999895e+00 -1.177959999999999896e+00 -1.089499999999999913e+00 -9.413049999999999473e-01 -7.667169999999999819e-01 -6.007510000000000350e-01 -4.572609999999999730e-01 -3.349909999999999832e-01 -2.423530000000000129e-01 -1.839909999999999879e-01 -1.556869999999999921e-01 -1.591990000000000072e-01 -1.961080000000000045e-01 -2.403160000000000018e-01 -2.572280000000000122e-01 -2.368020000000000125e-01 -1.916690000000000060e-01 -1.385210000000000052e-01 -1.047610000000000069e-01 -1.025070000000000009e-01 -1.234139999999999959e-01 -1.637369999999999937e-01 -2.137139999999999873e-01 -2.600000000000000089e-01 -2.892029999999999879e-01 -2.918990000000000196e-01 -2.746879999999999877e-01 -2.606720000000000148e-01 -2.580810000000000048e-01 -2.497620000000000118e-01 -2.211430000000000062e-01 -1.707780000000000131e-01 -1.163190000000000057e-01 -7.836329999999999685e-02 -5.559990000000000071e-02 -3.883930000000000021e-02 -2.508720000000000047e-02 -1.012799999999999985e-02 3.582870000000000152e-03 7.130400000000000280e-03 5.024500000000000320e-03 4.067989999999999627e-03 6.246940000000000305e-03 1.786319999999999922e-02 3.302499999999999880e-02 3.578719999999999818e-02 3.279409999999999964e-02 4.284459999999999658e-02 5.732029999999999764e-02 5.571430000000000132e-02 4.299510000000000137e-02 3.778530000000000083e-02 4.030460000000000292e-02 3.515990000000000087e-02 2.081589999999999829e-02 8.356010000000000520e-03 0.000000000000000000e+00
0.000000000000000000e+00 -7.133730000000000626e-02 -9.823719999999999675e-02 -6.058589999999999809e-02 2.523509999999999989e-02 1.276879999999999959e-01 2.103240000000000109e-01 2.474719999999999975e-01 2.276729999999999865e-01 1.558329999999999993e-01 5.246909999999999769e-02 -6.463270000000000126e-02 -1.920860000000000067e-01 -3.340480000000000116e-01 -4.814590000000000258e-01 -6.000349999999999850e-01 -6.490010000000000501e-01 -6.156700000000000506e-01 -5.162189999999999834e-01 -3.897050000000000236e-01 -2.674610000000000043e-01 -1.759310000000000040e-01 -1.260689999999999866e-01 -1.166539999999999938e-01 -1.409469999999999890e-01 -1.930999999999999939e-01 -2.710369999999999724e-01 -3.568589999999999818e-01 -4.292079999999999784e-01 -4.826050000000000062e-01 -5.252419999999999867e-01 -5.601110000000000255e-01 -5.792770000000000419e-01 -5.766299999999999759e-01 -5.697290000000000409e-01 -5.727339999999999653e-01 -5.911309999999999620e-01 -6.308219999999999938e-01 -7.044529999999999959e-01 -8.140180000000000193e-01 -9.494740000000000402e-01 -1.085970000000000102e+00 -1.193659999999999943e+00 -1.240790000000000060e+00 -1.213580000000000103e+00 -1.110889999999999933e+00 -9.467940000000000245e-01 -7.487899999999999556e-01 -5.532569999999999988e-01 -3.787470000000000003e-01 -2.316189999999999916e-01 -1.154089999999999977e-01 -3.654339999999999672e-02 2.690940000000000172e-03 -2.255850000000000216e-03 -4.640609999999999874e-02 -1.072449999999999931e-01 -1.529429999999999956e-01 -1.695129999999999970e-01 -1.616319999999999979e-01 -1.494769999999999988e-01 -1.567790000000000017e-01 -1.920729999999999937e-01 -2.507719999999999949e-01 -3.211769999999999903e-01 -3.960520000000000151e-01 -4.582120000000000082e-01 -4.963779999999999859e-01 -4.995809999999999973e-01 -4.758299999999999752e-01 -4.484110000000000040e-01 -4.235829999999999873e-01 -3.904960000000000098e-01 -3.298519999999999786e-01 -2.417819999999999969e-01 -1.427819999999999923e-01 -5.218509999999999815e-02 2.498989999999999892e-02 9.626389999999999947e-02 1.636370000000000047e-01 2.268020000000000036e-01 2.809800000000000075e-01 3.187869999999999870e-01 3.398379999999999734e-01 3.479749999999999788e-01 3.510530000000000039e-01 3.550690000000000235e-01 3.501750000000000140e-01 3.289900000000000047e-01 3.013100000000000223e-01 2.807459999999999956e-01 2.648340000000000138e-01 2.362430000000000085e-01 2.000480000000000036e-01 1.721040000000000070e-01 1.444320000000000048e-01 1.087199999999999972e-01 6.971579999999999444e-02 3.275610000000000327e-02 0.000000000000000000e+00
0.000000000000000000e+00 -7.901619999999999477e-02 -1.134909999999999947e-01 -8.039169999999999650e-02 -7.496039999999999605e-04 9.731839999999999935e-02 1.707919999999999994e-01 1.981580000000000008e-01 1.642800000000000094e-01 7.536969999999999781e-02 -4.892139999999999683e-02 -1.920860000000000067e-01 -3.452290000000000081e-01 -5.108840000000000048e-01 -6.758539999999999548e-01 -8.064999999999999947e-01 -8.643199999999999772e-01 -8.352230000000000487e-01 -7.357599999999999696e-01 -6.064589999999999703e-01 -4.782379999999999964e-01 -3.828309999999999769e-01 -3.266240000000000254e-01 -3.126800000000000135e-01 -3.311479999999999979e-01 -3.762840000000000074e-01 -4.442420000000000258e-01 -5.178599999999999870e-01 -5.785120000000000262e-01 -6.202919999999999545e-01 -6.470129999999999493e-01 -6.632249999999999535e-01 -6.631470000000000420e-01 -6.408470000000000555e-01 -6.163359999999999950e-01 -5.988470000000000182e-01 -6.020630000000000148e-01 -6.327049999999999619e-01 -7.003409999999999913e-01 -8.061399999999999677e-01 -9.430359999999999854e-01 -1.079010000000000025e+00 -1.190600000000000103e+00 -1.241000000000000103e+00 -1.214269999999999960e+00 -1.104919999999999902e+00 -9.271859999999999546e-01 -7.102509999999999657e-01 -4.918199999999999794e-01 -2.927960000000000007e-01 -1.211890000000000051e-01 1.538259999999999975e-02 1.121209999999999984e-01 1.621650000000000036e-01 1.599629999999999941e-01 1.100899999999999934e-01 3.322599999999999859e-02 -3.961569999999999675e-02 -8.978819999999999857e-02 -1.171849999999999975e-01 -1.443349999999999911e-01 -1.882580000000000087e-01 -2.551180000000000114e-01 -3.424909999999999899e-01 -4.346889999999999921e-01 -5.235189999999999566e-01 -5.930699999999999861e-01 -6.317530000000000090e-01 -6.299670000000000547e-01 -5.998759999999999648e-01 -5.596999999999999753e-01 -5.190139999999999754e-01 -4.687020000000000075e-01 -3.865469999999999740e-01 -2.728650000000000242e-01 -1.396930000000000116e-01 -6.746610000000000107e-03 1.187649999999999956e-01 2.392700000000000105e-01 3.558060000000000112e-01 4.632999999999999896e-01 5.521760000000000002e-01 6.177099999999999813e-01 6.537269999999999470e-01 6.636009999999999964e-01 6.584020000000000428e-01 6.439289999999999736e-01 6.151349999999999874e-01 5.694289999999999630e-01 5.157429999999999515e-01 4.658869999999999956e-01 4.211719999999999908e-01 3.671909999999999896e-01 3.074790000000000023e-01 2.561809999999999921e-01 2.081669999999999909e-01 1.579389999999999961e-01 1.048199999999999965e-01 5.058180000000000315e-02 0.000000000000000000e+00
0.000000000000000000e+00 -8.988250000000000406e-02 -1.338810000000000000e-01 -1.113849999999999979e-01 -3.937439999999999690e-02 4.834279999999999827e-02 1.129890000000000061e-01 1.275789999999999980e-01 8.139109999999999401e-02 -2.411490000000000161e-02 -1.670830000000000093e-01 -3.340480000000000116e-01 -5.108840000000000048e-01 -6.968579999999999774e-01 -8.752900000000000125e-01 -1.012790000000000079e+00 -1.073800000000000088e+00 -1.044349999999999890e+00 -9.403740000000000432e-01 -8.035080000000000000e-01 -6.664609999999999701e-01 -5.615350000000000064e-01 -4.987920000000000131e-01 -4.763620000000000076e-01 -4.897529999999999939e-01 -5.273700000000000054e-01 -5.839440000000000186e-01 -6.433940000000000214e-01 -6.888929999999999776e-01 -7.131859999999999866e-01 -7.210609999999999520e-01 -7.134169999999999678e-01 -6.912300000000000111e-01 -6.508429999999999493e-01 -6.093319999999999848e-01 -5.746289999999999454e-01 -5.634069999999999911e-01 -5.854340000000000099e-01 -6.467230000000000478e-01 -7.522830000000000350e-01 -8.921900000000000386e-01 -1.035879999999999912e+00 -1.155329999999999968e+00 -1.211719999999999908e+00 -1.186379999999999990e+00 -1.072559999999999958e+00 -8.853950000000000431e-01 -6.548699999999999521e-01 -4.189030000000000253e-01 -1.957919999999999938e-01 -6.419359999999999823e-03 1.462110000000000076e-01 2.555999999999999939e-01 3.140069999999999806e-01 3.098509999999999875e-01 2.532289999999999819e-01 1.658169999999999922e-01 7.157550000000000023e-02 -3.172349999999999996e-03 -5.653899999999999898e-02 -1.089100000000000068e-01 -1.745210000000000095e-01 -2.597940000000000249e-01 -3.628600000000000159e-01 -4.671560000000000157e-01 -5.629920000000000480e-01 -6.363339999999999552e-01 -6.753059999999999619e-01 -6.699429999999999552e-01 -6.377530000000000143e-01 -5.901039999999999619e-01 -5.379509999999999570e-01 -4.781210000000000182e-01 -3.829239999999999866e-01 -2.544819999999999860e-01 -1.029110000000000025e-01 5.697259999999999824e-02 2.122030000000000027e-01 3.630950000000000011e-01 5.113830000000000320e-01 6.455309999999999659e-01 7.578890000000000349e-01 8.432859999999999800e-01 8.899489999999999901e-01 9.040099999999999802e-01 8.953710000000000280e-01 8.682959999999999567e-01 8.199030000000000484e-01 7.525730000000000475e-01 6.770779999999999577e-01 6.000360000000000138e-01 5.271599999999999620e-01 4.526439999999999908e-01 3.770830000000000015e-01 3.081269999999999842e-01 2.431470000000000020e-01 1.808329999999999937e-01 1.188390000000000002e-01 5.736959999999999976e-02 0.000000000000000000e+00
0.000000000000000000e+00 -1.006100000000000050e-01 -1.578390000000000071e-01 -1.454719999999999902e-01 -8.801920000000000577e-02 -1.012419999999999987e-02 4.022160000000000318e-02 4.326340000000000047e-02 -1.707509999999999931e-02 -1.363640000000000130e-01 -2.956139999999999879e-01 -4.814590000000000258e-01 -6.758539999999999548e-01 -8.752900000000000125e-01 -1.057090000000000085e+00 -1.191959999999999908e+00 -1.245989999999999931e+00 -1.207049999999999956e+00 -1.093169999999999975e+00 -9.426550000000000207e-01 -7.924959999999999782e-01 -6.770129999999999759e-01 -6.019480000000000386e-01 -5.723650000000000126e-01 -5.779990000000000405e-01 -6.068149999999999933e-01 -6.548509999999999609e-01 -7.000960000000000516e-01 -7.322710000000000052e-01 -7.461440000000000294e-01 -7.375739999999999519e-01 -7.105650000000000022e-01 -6.705609999999999626e-01 -6.109569999999999723e-01 -5.537290000000000267e-01 -5.020320000000000338e-01 -4.776219999999999910e-01 -4.904160000000000186e-01 -5.502960000000000074e-01 -6.563729999999999842e-01 -8.012880000000000003e-01 -9.493509999999999449e-01 -1.079900000000000082e+00 -1.143659999999999899e+00 -1.121520000000000072e+00 -1.005260000000000042e+00 -8.125539999999999985e-01 -5.716160000000000130e-01 -3.172809999999999797e-01 -7.732719999999999871e-02 1.255390000000000117e-01 2.851830000000000198e-01 3.998689999999999745e-01 4.555299999999999905e-01 4.414060000000000206e-01 3.747240000000000015e-01 2.730159999999999809e-01 1.629529999999999867e-01 7.053349999999999898e-02 6.541860000000000036e-03 -5.419179999999999831e-02 -1.228360000000000007e-01 -2.060670000000000002e-01 -3.094560000000000088e-01 -4.114570000000000172e-01 -5.073990000000000444e-01 -5.822310000000000541e-01 -6.206469999999999487e-01 -6.165549999999999642e-01 -5.864230000000000276e-01 -5.362500000000000044e-01 -4.794640000000000013e-01 -4.150559999999999805e-01 -3.177980000000000249e-01 -1.888110000000000066e-01 -3.611969999999999764e-02 1.255010000000000014e-01 2.872399999999999953e-01 4.435709999999999931e-01 5.969700000000000006e-01 7.400689999999999769e-01 8.600550000000000139e-01 9.558680000000000510e-01 1.014070000000000027e+00 1.033970000000000056e+00 1.031050000000000022e+00 1.005319999999999991e+00 9.488109999999999600e-01 8.749289999999999567e-01 7.917450000000000321e-01 6.978239999999999998e-01 6.047979999999999468e-01 5.127429999999999488e-01 4.235400000000000276e-01 3.404989999999999961e-01 2.609770000000000145e-01 1.897969999999999935e-01 1.243839999999999946e-01 6.093090000000000311e-02 0.000000000000000000e+00
