0	0	0	0	0	0	0	0	0	0	0	0	0	0	0	0	0	0	0	0	0	0	0	0	0	0	0	0	0	0	0	0	0	0	0	0	0	0	0	0	0	0	0	0	0	0	0	0	0	0	0	0	0	0	0	0	0	0	0	0	0	0	0	0	0	0	0	0	0	0	0	0	0	0	0	0	0	0	0	0	0	0	0	0	0	0	0	0	0	0	0	0	0	0	0	0	0	0	0	0	
0	-0.0013342	-0.00143493	0.000392853	-0.00137725	-0.00253082	-0.00332627	-0.000380919	0.00319383	0.0061159	0.00961749	0.0117094	0.0144335	0.0169762	0.023212	0.0291533	0.032469	0.0297231	0.022969	0.0103621	-0.00812152	-0.0279166	-0.0415302	-0.0444811	-0.0376119	-0.0235148	-0.0038634	0.0189788	0.0418347	0.0642941	0.0823909	0.0968822	0.108053	0.11445	0.11414	0.110565	0.102993	0.0926447	0.0761032	0.055885	0.0265807	-0.0149431	-0.0668778	-0.121115	-0.173643	-0.215137	-0.243614	-0.253063	-0.247305	-0.227357	-0.196202	-0.160744	-0.126508	-0.0918488	-0.0562461	-0.0195009	0.0151952	0.0452472	0.0705665	0.0926566	0.111688	0.124062	0.125657	0.116512	0.10058	0.0771856	0.0524707	0.0298649	0.0129698	0.00204728	0.000261083	0.0100613	0.0278286	0.0494224	0.0692213	0.0862237	0.0990315	0.10451	0.098761	0.0845418	0.066691	0.0448306	0.0177604	-0.012952	-0.0460338	-0.0827336	-0.12419	-0.170751	-0.220346	-0.271193	-0.316339	-0.352129	-0.377003	-0.380874	-0.363087	-0.325093	-0.266048	-0.188521	-0.0961558	0	
0	-0.00143493	0.00077712	0.0042635	0.00326639	0.000651767	0.000371152	0.00631055	0.0128218	0.0186056	0.0238094	0.0270893	0.0305501	0.0339758	0.0439346	0.0547496	0.0585567	0.0537889	0.0387258	0.0152253	-0.0194489	-0.0565608	-0.0782935	-0.0802824	-0.0611561	-0.0276412	0.0153623	0.0643595	0.112023	0.155766	0.19016	0.21429	0.229864	0.234318	0.225192	0.207941	0.185162	0.158936	0.1238	0.0855234	0.036685	-0.0361899	-0.124054	-0.217242	-0.309621	-0.385678	-0.436696	-0.459968	-0.455948	-0.426209	-0.376612	-0.320239	-0.26103	-0.196	-0.12614	-0.0528704	0.0157093	0.0746393	0.124731	0.165327	0.196333	0.215295	0.216463	0.201523	0.174363	0.138745	0.101951	0.0705304	0.0479537	0.0315425	0.0307412	0.0449256	0.0731719	0.106473	0.13678	0.165994	0.187356	0.199129	0.190623	0.166396	0.133948	0.0871021	0.0280378	-0.0384813	-0.110519	-0.18951	-0.275343	-0.365381	-0.454641	-0.541212	-0.617065	-0.674682	-0.710039	-0.710503	-0.672635	-0.596583	-0.486898	-0.345038	-0.17413	0	
0	0.000392853	0.0042635	0.0123467	0.0101296	0.00816713	0.00699961	0.0152249	0.0239612	0.0297409	0.0357841	0.0376066	0.0406519	0.043185	0.0566024	0.0701119	0.0772523	0.0684406	0.0492212	0.0154816	-0.0327397	-0.081971	-0.110524	-0.10606	-0.0714282	-0.0154511	0.0554745	0.132862	0.206137	0.271872	0.318017	0.345857	0.356444	0.347569	0.316322	0.275072	0.227162	0.179613	0.126439	0.077079	0.0164972	-0.0675125	-0.173601	-0.285812	-0.398855	-0.492636	-0.564761	-0.60033	-0.607361	-0.583875	-0.532189	-0.465457	-0.393857	-0.310571	-0.214583	-0.108987	-0.0076433	0.0774991	0.144003	0.195464	0.235744	0.260183	0.26196	0.244972	0.221343	0.188741	0.158379	0.134304	0.11903	0.107329	0.105951	0.121281	0.147742	0.178993	0.205912	0.231159	0.25427	0.266663	0.253894	0.219689	0.172267	0.106276	0.0172231	-0.0883198	-0.202432	-0.323055	-0.447009	-0.571322	-0.689221	-0.797592	-0.882687	-0.94029	-0.972366	-0.957012	-0.894619	-0.790514	-0.64202	-0.452653	-0.229515	0	
0	-0.00137725	0.00326639	0.0101296	0.00749576	0.00207554	0.000611776	0.0103002	0.020551	0.0280581	0.0345679	0.0374997	0.0413026	0.0456542	0.0627578	0.0829025	0.0914906	0.084244	0.0587126	0.0181464	-0.0414749	-0.102611	-0.133325	-0.123186	-0.0718984	0.00739576	0.103652	0.207988	0.304436	0.386264	0.440756	0.465678	0.464724	0.435329	0.376495	0.303447	0.226463	0.155606	0.086157	0.0302782	-0.026092	-0.109881	-0.214086	-0.328006	-0.447905	-0.554103	-0.635705	-0.686908	-0.707443	-0.693583	-0.648121	-0.587405	-0.514098	-0.420458	-0.308637	-0.183012	-0.063654	0.0362893	0.116353	0.178918	0.22711	0.261183	0.274888	0.273273	0.264307	0.249594	0.236705	0.230114	0.228518	0.22082	0.220558	0.228465	0.245435	0.262486	0.271496	0.281653	0.288394	0.289317	0.264142	0.217422	0.157907	0.0716192	-0.0409417	-0.171635	-0.31365	-0.46327	-0.615228	-0.76135	-0.890878	-1.0022	-1.08519	-1.13438	-1.15127	-1.11866	-1.03489	-0.903411	-0.730009	-0.513741	-0.257212	0	
0	-0.00253082	0.000651767	0.00816713	0.00207554	-0.00477991	-0.00783949	0.00333137	0.0154662	0.0235525	0.0317356	0.0357685	0.0422982	0.0492302	0.0732625	0.098802	0.114801	0.106259	0.079204	0.0298192	-0.0416417	-0.113503	-0.151534	-0.136845	-0.0733803	0.0239672	0.143473	0.269857	0.385622	0.481139	0.537808	0.555649	0.536881	0.481764	0.390866	0.285563	0.180878	0.0916508	0.0141565	-0.0359986	-0.0816765	-0.149124	-0.242254	-0.348249	-0.465622	-0.57199	-0.664369	-0.723276	-0.755619	-0.753362	-0.715477	-0.657321	-0.589744	-0.501809	-0.390864	-0.262595	-0.138073	-0.0344523	0.0480482	0.116146	0.179474	0.23529	0.272512	0.294236	0.312844	0.323084	0.332199	0.343024	0.353225	0.350932	0.346641	0.347643	0.3502	0.347474	0.33105	0.310299	0.291003	0.265584	0.214649	0.146342	0.0709963	-0.0226552	-0.143689	-0.284277	-0.434736	-0.592649	-0.750163	-0.901	-1.03449	-1.14542	-1.21849	-1.25133	-1.25202	-1.19797	-1.09211	-0.945962	-0.758515	-0.529465	-0.265219	0	
0	-0.00332627	0.000371152	0.00699961	0.000611776	-0.00783949	-0.00937782	0.00481354	0.020522	0.03175	0.0426737	0.0504569	0.0604549	0.0723623	0.101011	0.134387	0.152475	0.14558	0.111287	0.0532735	-0.0312903	-0.116	-0.159772	-0.143372	-0.0691344	0.0454616	0.183293	0.329494	0.459662	0.562238	0.61681	0.620259	0.578861	0.494141	0.36993	0.233544	0.105077	0.00385763	-0.0717205	-0.108204	-0.128571	-0.17182	-0.243091	-0.3345	-0.444125	-0.551956	-0.64502	-0.711158	-0.749962	-0.753358	-0.722642	-0.677321	-0.62201	-0.546492	-0.450701	-0.334722	-0.221859	-0.12584	-0.0439719	0.0337914	0.112837	0.191337	0.257248	0.310296	0.357315	0.392436	0.421263	0.447713	0.467612	0.465997	0.458139	0.447937	0.435412	0.411946	0.368393	0.317517	0.264044	0.207967	0.129164	0.0377945	-0.0527192	-0.156926	-0.278723	-0.413266	-0.556018	-0.704164	-0.854375	-0.998545	-1.12153	-1.21972	-1.27914	-1.2956	-1.27649	-1.20374	-1.08079	-0.920298	-0.729146	-0.504504	-0.248772	0	
0	-0.000380919	0.00631055	0.0152249	0.0103002	0.00333137	0.00481354	0.0233491	0.0429738	0.0570943	0.0703566	0.0808289	0.0943599	0.108999	0.143022	0.179694	0.20247	0.192764	0.153723	0.0848114	-0.0118127	-0.107156	-0.157168	-0.137432	-0.0525614	0.0774142	0.23457	0.395993	0.538357	0.643049	0.688114	0.67179	0.600288	0.480634	0.322889	0.155807	0.0096133	-0.0956342	-0.161203	-0.173631	-0.163254	-0.174223	-0.21839	-0.289784	-0.387	-0.487091	-0.580401	-0.646615	-0.689852	-0.70028	-0.679175	-0.646507	-0.613404	-0.565865	-0.494098	-0.399234	-0.300775	-0.214091	-0.134425	-0.054027	0.0374343	0.137001	0.225689	0.301018	0.370144	0.427961	0.475789	0.517422	0.54714	0.548752	0.53661	0.516764	0.488708	0.444984	0.377206	0.298579	0.22071	0.138869	0.0343021	-0.077785	-0.182915	-0.292482	-0.415748	-0.545226	-0.675048	-0.807877	-0.936863	-1.05801	-1.16184	-1.24023	-1.27791	-1.27163	-1.23086	-1.13926	-1.00184	-0.838072	-0.654699	-0.446632	-0.217806	0	
0	0.00319383	0.0128218	0.0239612	0.020551	0.0154662	0.020522	0.0429738	0.0665465	0.0829795	0.0980479	0.111711	0.127723	0.147259	0.184336	0.227164	0.252785	0.244606	0.200818	0.12542	0.0200501	-0.0811814	-0.13284	-0.107512	-0.0110485	0.135095	0.306899	0.482155	0.628843	0.729468	0.758854	0.714842	0.60897	0.453332	0.260517	0.0696173	-0.0897563	-0.193232	-0.240796	-0.225748	-0.182285	-0.158368	-0.174122	-0.224787	-0.304846	-0.394341	-0.478366	-0.541105	-0.584428	-0.601914	-0.59674	-0.58899	-0.583156	-0.564464	-0.523718	-0.451854	-0.369681	-0.292138	-0.217895	-0.134361	-0.0361804	0.070546	0.170456	0.25924	0.345163	0.418822	0.482444	0.539531	0.580449	0.587868	0.573248	0.544655	0.50322	0.443497	0.358382	0.260494	0.16411	0.0672312	-0.050187	-0.176119	-0.2947	-0.414366	-0.539746	-0.665548	-0.785842	-0.897393	-1.00094	-1.09395	-1.16348	-1.20767	-1.21432	-1.1819	-1.12207	-1.01857	-0.87747	-0.720209	-0.552897	-0.371018	-0.178377	0	
0	0.0061159	0.0186056	0.0297409	0.0280581	0.0235525	0.03175	0.0570943	0.0829795	0.100923	0.116956	0.132771	0.152669	0.176254	0.218838	0.26732	0.299134	0.294177	0.250344	0.171252	0.0633933	-0.0391668	-0.087746	-0.0544513	0.0538147	0.212836	0.397036	0.576024	0.72205	0.808432	0.814598	0.739398	0.597553	0.406594	0.189373	-0.020892	-0.183847	-0.279443	-0.308185	-0.267743	-0.192358	-0.138684	-0.125827	-0.152057	-0.211742	-0.284992	-0.355986	-0.41089	-0.453597	-0.477044	-0.485559	-0.498829	-0.522665	-0.537605	-0.523204	-0.474228	-0.409229	-0.344873	-0.277809	-0.201937	-0.109517	-0.00159547	0.101978	0.196767	0.286723	0.369898	0.443241	0.508868	0.556896	0.567753	0.554495	0.522717	0.475572	0.408202	0.313686	0.206801	0.102611	-0.00395917	-0.130553	-0.263019	-0.387386	-0.511614	-0.640013	-0.76172	-0.869493	-0.963664	-1.03704	-1.08967	-1.12023	-1.125	-1.09772	-1.04046	-0.963202	-0.857722	-0.725802	-0.586022	-0.44769	-0.298928	-0.141074	0	
0	0.00961749	0.0238094	0.0357841	0.0345679	0.0317356	0.0426737	0.0703566	0.0980479	0.116956	0.132827	0.151648	0.173974	0.203839	0.251268	0.306809	0.346301	0.346885	0.305625	0.226517	0.118051	0.0179552	-0.0276147	0.0114877	0.126857	0.292829	0.479552	0.657824	0.793014	0.862265	0.843258	0.736982	0.562639	0.344892	0.105582	-0.112563	-0.27525	-0.360721	-0.368483	-0.302244	-0.201715	-0.117148	-0.0772614	-0.080587	-0.116729	-0.168376	-0.221734	-0.265188	-0.301319	-0.327696	-0.348175	-0.378094	-0.418894	-0.453696	-0.464683	-0.439628	-0.395635	-0.350424	-0.304815	-0.245372	-0.162995	-0.0649387	0.0333602	0.124182	0.213774	0.293641	0.362138	0.424041	0.468151	0.480918	0.46788	0.43949	0.397038	0.333937	0.243367	0.134195	0.0263529	-0.0835133	-0.211341	-0.345802	-0.471557	-0.590544	-0.70778	-0.816752	-0.907731	-0.974654	-1.01799	-1.03881	-1.03077	-0.997323	-0.937898	-0.859005	-0.775581	-0.676852	-0.563633	-0.453592	-0.34523	-0.228667	-0.109158	0	
0	0.0117094	0.0270893	0.0376066	0.0374997	0.0357685	0.0504569	0.0808289	0.111711	0.132771	0.151648	0.174506	0.203311	0.241176	0.295555	0.359939	0.406422	0.41414	0.375043	0.294852	0.18665	0.0866284	0.0425841	0.0830953	0.198714	0.363843	0.546449	0.713167	0.834308	0.880729	0.837023	0.704529	0.506297	0.268921	0.0226402	-0.198536	-0.355408	-0.43036	-0.420841	-0.336636	-0.209872	-0.0975645	-0.026513	0.000571232	-0.0080763	-0.0396278	-0.0756886	-0.10965	-0.141046	-0.164674	-0.184978	-0.218274	-0.268639	-0.318834	-0.345763	-0.341468	-0.322389	-0.303689	-0.281752	-0.24543	-0.186007	-0.104849	-0.0192953	0.0605382	0.132682	0.195854	0.248568	0.293852	0.325293	0.330607	0.317586	0.293769	0.260027	0.208512	0.128804	0.030812	-0.0702988	-0.177764	-0.29985	-0.425056	-0.539101	-0.644146	-0.742432	-0.826242	-0.890275	-0.931259	-0.943293	-0.927617	-0.888122	-0.825938	-0.744867	-0.655327	-0.568464	-0.483468	-0.397064	-0.31765	-0.246997	-0.167604	-0.0791087	0	
0	0.0144335	0.0305501	0.0406519	0.0413026	0.0422982	0.0604549	0.0943599	0.127723	0.152669	0.173974	0.203311	0.23919	0.287684	0.352394	0.42669	0.485217	0.501814	0.469137	0.390305	0.282299	0.181643	0.13408	0.166439	0.271862	0.423135	0.589722	0.738699	0.840048	0.866674	0.804224	0.654674	0.441823	0.195772	-0.0547113	-0.272647	-0.422928	-0.486809	-0.458858	-0.350639	-0.198671	-0.0536211	0.0497811	0.10438	0.11878	0.107207	0.0847922	0.0589604	0.0356432	0.0161343	-0.00364584	-0.0364005	-0.0856988	-0.141415	-0.182126	-0.198997	-0.201361	-0.20506	-0.209686	-0.201225	-0.167231	-0.114613	-0.0581554	-0.00780173	0.0366597	0.0731903	0.101351	0.126145	0.141207	0.140969	0.124421	0.103018	0.0776174	0.037894	-0.0248118	-0.106546	-0.191379	-0.282822	-0.387692	-0.496955	-0.595247	-0.677783	-0.748158	-0.801991	-0.831403	-0.833817	-0.811147	-0.76594	-0.699759	-0.61613	-0.522838	-0.431154	-0.352018	-0.28383	-0.222713	-0.175133	-0.135345	-0.0905694	-0.043651	0	
0	0.0169762	0.0339758	0.043185	0.0456542	0.0492302	0.0723623	0.108999	0.147259	0.176254	0.203839	0.241176	0.287684	0.351122	0.428272	0.517715	0.588369	0.618027	0.592586	0.515945	0.408138	0.30444	0.249064	0.267856	0.35336	0.483742	0.626138	0.751567	0.830931	0.8372	0.759397	0.598359	0.378598	0.130735	-0.114934	-0.322577	-0.459515	-0.507121	-0.454869	-0.321565	-0.139195	0.0389495	0.174495	0.254672	0.287482	0.284063	0.266708	0.241328	0.21973	0.204349	0.188878	0.159038	0.107382	0.0452207	-0.00600706	-0.0359996	-0.0544814	-0.0758263	-0.10142	-0.119254	-0.119221	-0.107543	-0.0916185	-0.0804021	-0.0750842	-0.0728681	-0.0693693	-0.0642277	-0.0632614	-0.0705436	-0.0911306	-0.113093	-0.135016	-0.165086	-0.211272	-0.268145	-0.327607	-0.393898	-0.46878	-0.550398	-0.624271	-0.684103	-0.727801	-0.74948	-0.745033	-0.710996	-0.650916	-0.570786	-0.478865	-0.380439	-0.282625	-0.194908	-0.123255	-0.069973	-0.0320471	-0.01115	-0.00456216	-0.000884407	0.00161557	0	
0	0.023212	0.0439346	0.0566024	0.0627578	0.0732625	0.101011	0.143022	0.184336	0.218838	0.251268	0.295555	0.352394	0.428272	0.519684	0.621105	0.705493	0.746422	0.729391	0.653991	0.544684	0.433715	0.365612	0.361082	0.419972	0.519401	0.634936	0.734774	0.796116	0.788998	0.703902	0.54005	0.320627	0.0743807	-0.162238	-0.356425	-0.474591	-0.496219	-0.411294	-0.241474	-0.0231738	0.188347	0.350298	0.447319	0.484479	0.481856	0.462098	0.432818	0.410748	0.394281	0.37677	0.345808	0.295607	0.231166	0.177921	0.139627	0.112115	0.078309	0.0327721	-0.0153366	-0.0552251	-0.0893979	-0.122721	-0.157392	-0.194906	-0.228206	-0.251067	-0.26798	-0.282289	-0.295716	-0.319351	-0.340401	-0.356591	-0.376277	-0.404088	-0.435399	-0.466439	-0.501914	-0.542084	-0.588953	-0.631909	-0.661839	-0.675138	-0.666583	-0.628265	-0.560886	-0.47046	-0.362761	-0.252234	-0.142493	-0.0425048	0.0380644	0.101955	0.1445	0.165871	0.167948	0.148402	0.11071	0.0594975	0	
0	0.0291533	0.0547496	0.0701119	0.0829025	0.098802	0.134387	0.179694	0.227164	0.26732	0.306809	0.359939	0.42669	0.517715	0.621105	0.734689	0.827158	0.875421	0.85935	0.778232	0.657555	0.530436	0.439402	0.405322	0.430195	0.500725	0.589557	0.674195	0.725673	0.715987	0.633866	0.475329	0.261534	0.0258711	-0.198639	-0.369929	-0.460146	-0.450577	-0.327408	-0.120936	0.127587	0.365077	0.547002	0.652244	0.6905	0.682875	0.655801	0.616057	0.585822	0.563465	0.540545	0.508034	0.458641	0.400922	0.350182	0.311286	0.278836	0.234243	0.167117	0.0868172	0.0103068	-0.0696203	-0.146179	-0.220973	-0.295186	-0.362642	-0.414367	-0.455576	-0.490142	-0.513301	-0.541721	-0.561715	-0.570879	-0.579799	-0.590794	-0.598193	-0.604623	-0.610557	-0.61169	-0.618099	-0.618727	-0.607164	-0.582007	-0.539172	-0.473586	-0.382192	-0.274492	-0.156226	-0.036237	0.0763333	0.172944	0.249756	0.307749	0.341977	0.349454	0.330736	0.285286	0.209405	0.108925	0	
0	0.032469	0.0585567	0.0772523	0.0914906	0.114801	0.152475	0.20247	0.252785	0.299134	0.346301	0.406422	0.485217	0.588369	0.705493	0.827158	0.925237	0.974531	0.954318	0.859459	0.719542	0.566478	0.444978	0.373444	0.363483	0.402447	0.474441	0.550089	0.605379	0.606623	0.538785	0.397335	0.202369	-0.0175668	-0.21733	-0.359458	-0.41855	-0.37354	-0.217939	0.0150129	0.28319	0.532977	0.720361	0.829553	0.862982	0.849644	0.814193	0.764507	0.724557	0.691817	0.662389	0.62894	0.585543	0.532364	0.489332	0.45081	0.411071	0.352777	0.267231	0.164571	0.056813	-0.0538319	-0.160953	-0.262196	-0.364729	-0.460976	-0.535378	-0.601331	-0.655248	-0.690409	-0.724344	-0.743536	-0.748692	-0.750278	-0.748689	-0.737345	-0.724863	-0.708814	-0.678146	-0.642281	-0.597618	-0.54013	-0.467574	-0.383971	-0.287138	-0.179178	-0.0656274	0.0543287	0.165814	0.26855	0.356863	0.420039	0.467422	0.489244	0.475201	0.436777	0.369322	0.264712	0.137294	0	
0	0.0297231	0.0537889	0.0684406	0.084244	0.106259	0.14558	0.192764	0.244606	0.294177	0.346885	0.41414	0.501814	0.618027	0.746422	0.875421	0.974531	1.02135	0.991155	0.878779	0.713637	0.530684	0.37582	0.268553	0.224985	0.242787	0.30268	0.382344	0.449596	0.468828	0.423861	0.306851	0.135939	-0.0541109	-0.223475	-0.328572	-0.349435	-0.274739	-0.0955493	0.151675	0.421152	0.665957	0.850791	0.953366	0.979322	0.958861	0.915387	0.855498	0.80677	0.769626	0.736521	0.702813	0.660715	0.61474	0.568961	0.518528	0.465235	0.395523	0.298657	0.182204	0.0665544	-0.0563443	-0.17656	-0.29103	-0.406535	-0.515728	-0.604615	-0.683467	-0.749575	-0.791873	-0.830043	-0.852746	-0.858041	-0.859218	-0.853351	-0.831604	-0.808625	-0.776826	-0.722741	-0.65902	-0.576224	-0.474159	-0.35867	-0.234186	-0.104292	0.0238412	0.139767	0.247195	0.345511	0.430126	0.495067	0.539828	0.566842	0.565635	0.528258	0.466038	0.382332	0.267509	0.134295	0	
0	0.022969	0.0387258	0.0492212	0.0587126	0.079204	0.111287	0.153723	0.200818	0.250344	0.305625	0.375043	0.469137	0.592586	0.729391	0.85935	0.954318	0.991155	0.946628	0.813105	0.621323	0.41039	0.227198	0.0924601	0.0290818	0.0345714	0.0971481	0.18724	0.270977	0.3122	0.288449	0.196737	0.0559028	-0.103735	-0.236132	-0.300936	-0.289127	-0.187816	0.00380502	0.251842	0.512942	0.746575	0.919089	1.01421	1.02952	0.998569	0.943025	0.874091	0.820985	0.781828	0.751515	0.722089	0.682316	0.627484	0.568873	0.503334	0.433146	0.351216	0.25166	0.142169	0.0305257	-0.0874031	-0.202053	-0.309637	-0.421257	-0.531088	-0.617599	-0.697282	-0.765329	-0.810147	-0.850613	-0.875451	-0.885805	-0.893413	-0.88929	-0.864667	-0.839163	-0.802741	-0.737647	-0.652394	-0.545485	-0.417798	-0.269345	-0.113572	0.0406121	0.182866	0.301987	0.402246	0.478605	0.536473	0.577404	0.594796	0.598352	0.577834	0.516745	0.437665	0.347181	0.23308	0.113958	0	
0	0.0103621	0.0152253	0.0154816	0.0181464	0.0298192	0.0532735	0.0848114	0.12542	0.171252	0.226517	0.294852	0.390305	0.515945	0.653991	0.778232	0.859459	0.878779	0.813105	0.65592	0.438258	0.20325	-0.000410506	-0.150155	-0.223464	-0.216612	-0.145413	-0.039688	0.063785	0.125145	0.124855	0.0603075	-0.0511623	-0.178063	-0.278393	-0.314588	-0.278198	-0.165132	0.0289321	0.273901	0.526477	0.748092	0.912555	0.998123	1.00082	0.956887	0.89031	0.815809	0.759759	0.723842	0.695495	0.663122	0.615538	0.557286	0.490133	0.410184	0.3288	0.245879	0.154084	0.0555998	-0.0379452	-0.135435	-0.231154	-0.319104	-0.41028	-0.50107	-0.575272	-0.647885	-0.712619	-0.757724	-0.798229	-0.826573	-0.843503	-0.8604	-0.866363	-0.848515	-0.827138	-0.790586	-0.721044	-0.627355	-0.50461	-0.359197	-0.199525	-0.032155	0.132683	0.276965	0.390208	0.478974	0.543397	0.582028	0.595024	0.587169	0.566708	0.526554	0.457501	0.378573	0.295579	0.196099	0.0946814	0	
0	-0.00812152	-0.0194489	-0.0327397	-0.0414749	-0.0416417	-0.0312903	-0.0118127	0.0200501	0.0633933	0.118051	0.18665	0.282299	0.408138	0.544684	0.657555	0.719542	0.713637	0.621323	0.438258	0.193821	-0.0621148	-0.280811	-0.439256	-0.513209	-0.501168	-0.417423	-0.294907	-0.173876	-0.0911044	-0.0685104	-0.105969	-0.18706	-0.285352	-0.361396	-0.377958	-0.330649	-0.214956	-0.0266215	0.209359	0.449922	0.659063	0.814228	0.893078	0.890036	0.841148	0.769545	0.690576	0.630791	0.5885	0.551466	0.510856	0.458244	0.393848	0.32263	0.246111	0.171578	0.0987356	0.0244329	-0.0507741	-0.121699	-0.194846	-0.261854	-0.317	-0.376344	-0.439769	-0.492837	-0.548993	-0.606084	-0.65174	-0.695165	-0.73114	-0.760723	-0.795543	-0.81628	-0.809838	-0.796904	-0.762716	-0.690085	-0.584547	-0.451462	-0.303328	-0.14528	0.0133103	0.16396	0.295959	0.400019	0.478686	0.531581	0.558263	0.556921	0.530181	0.491972	0.440969	0.367606	0.293907	0.226647	0.148438	0.0704085	0	
0	-0.0279166	-0.0565608	-0.081971	-0.102611	-0.113503	-0.116	-0.107156	-0.0811814	-0.0391668	0.0179552	0.0866284	0.181643	0.30444	0.433715	0.530436	0.566478	0.530684	0.41039	0.20325	-0.0621148	-0.331994	-0.560522	-0.721127	-0.796454	-0.782031	-0.692958	-0.563083	-0.430245	-0.329869	-0.284444	-0.292346	-0.342851	-0.415059	-0.473163	-0.481143	-0.432727	-0.322619	-0.145858	0.0768929	0.302498	0.497061	0.639411	0.711369	0.706243	0.656249	0.584328	0.507387	0.442135	0.389169	0.338655	0.281547	0.215918	0.152462	0.09306	0.0329378	-0.0248805	-0.0752766	-0.122681	-0.168297	-0.209377	-0.251667	-0.2908	-0.319603	-0.348142	-0.381112	-0.408445	-0.444715	-0.489644	-0.533497	-0.582266	-0.629623	-0.677713	-0.731348	-0.767089	-0.770071	-0.755516	-0.716408	-0.640814	-0.533058	-0.400728	-0.260516	-0.121936	0.0140473	0.142274	0.251632	0.340818	0.414773	0.467661	0.49038	0.478928	0.437647	0.381573	0.319129	0.249195	0.188988	0.14297	0.0936527	0.0443915	0	
0	-0.0415302	-0.0782935	-0.110524	-0.133325	-0.151534	-0.159772	-0.157168	-0.13284	-0.087746	-0.0276147	0.0425841	0.13408	0.249064	0.365612	0.439402	0.444978	0.37582	0.227198	-0.000410506	-0.280811	-0.560522	-0.793861	-0.956926	-1.03458	-1.02263	-0.934896	-0.803885	-0.663433	-0.551385	-0.486481	-0.472936	-0.502508	-0.558818	-0.607349	-0.614367	-0.563887	-0.45837	-0.291617	-0.0842964	0.122174	0.292538	0.418274	0.481542	0.476943	0.430914	0.362786	0.283323	0.207639	0.141861	0.0761493	0.0085994	-0.056602	-0.11233	-0.160486	-0.205165	-0.242726	-0.269383	-0.284191	-0.295603	-0.306175	-0.321407	-0.337306	-0.342926	-0.349966	-0.35923	-0.367066	-0.383287	-0.414769	-0.457646	-0.509579	-0.567259	-0.629082	-0.694828	-0.735192	-0.734937	-0.710621	-0.661657	-0.581908	-0.475485	-0.354375	-0.236332	-0.126775	-0.018699	0.0854812	0.175651	0.250113	0.308724	0.350166	0.367847	0.35136	0.307398	0.251549	0.189114	0.12575	0.0775761	0.0481769	0.0263444	0.0102492	0	
0	-0.0444811	-0.0802824	-0.10606	-0.123186	-0.136845	-0.143372	-0.137432	-0.107512	-0.0544513	0.0114877	0.0830953	0.166439	0.267856	0.361082	0.405322	0.373444	0.268553	0.0924601	-0.150155	-0.439256	-0.721127	-0.956926	-1.1203	-1.20227	-1.19681	-1.11598	-0.98803	-0.84788	-0.72818	-0.653878	-0.629397	-0.649524	-0.700312	-0.749868	-0.758659	-0.713229	-0.614515	-0.460256	-0.271542	-0.0869488	0.0655809	0.177043	0.233624	0.231684	0.183005	0.107892	0.0191716	-0.0655965	-0.140518	-0.208151	-0.272672	-0.330407	-0.37445	-0.406379	-0.429624	-0.449618	-0.457284	-0.450836	-0.435521	-0.418822	-0.409852	-0.405755	-0.398446	-0.390166	-0.386366	-0.386997	-0.397908	-0.429264	-0.474041	-0.527672	-0.582578	-0.639533	-0.697283	-0.72522	-0.711832	-0.668386	-0.605311	-0.524665	-0.426082	-0.320339	-0.22424	-0.140499	-0.059282	0.0177841	0.0845821	0.13853	0.176953	0.198269	0.198965	0.176881	0.138103	0.0939028	0.0512371	0.0113354	-0.0197591	-0.0322421	-0.0301748	-0.0201556	0	
0	-0.0376119	-0.0611561	-0.0714282	-0.0718984	-0.0733803	-0.0691344	-0.0525614	-0.0110485	0.0538147	0.126857	0.198714	0.271862	0.35336	0.419972	0.430195	0.363483	0.224985	0.0290818	-0.223464	-0.513209	-0.796454	-1.03458	-1.20227	-1.29231	-1.29689	-1.22417	-1.10413	-0.964496	-0.846763	-0.772003	-0.749469	-0.774379	-0.831978	-0.888015	-0.909211	-0.872012	-0.784957	-0.647614	-0.478834	-0.312095	-0.175081	-0.0735932	-0.019382	-0.0222218	-0.0751984	-0.158198	-0.255477	-0.350323	-0.427351	-0.491209	-0.546851	-0.588175	-0.611316	-0.619128	-0.624766	-0.630971	-0.628505	-0.608076	-0.578473	-0.549593	-0.526413	-0.508396	-0.487574	-0.470947	-0.463863	-0.470394	-0.491357	-0.532291	-0.584182	-0.634189	-0.673427	-0.708248	-0.737886	-0.739603	-0.706532	-0.645589	-0.574756	-0.4934	-0.398592	-0.303024	-0.221335	-0.157957	-0.0970751	-0.0406878	-0.00245895	0.0193278	0.0250741	0.0164445	0.000556698	-0.0242834	-0.0506228	-0.0686235	-0.0831757	-0.0928292	-0.0981303	-0.0942626	-0.0728987	-0.0406132	0	
0	-0.0235148	-0.0276412	-0.0154511	0.00739576	0.0239672	0.0454616	0.0774142	0.135095	0.212836	0.292829	0.363843	0.423135	0.483742	0.519401	0.500725	0.402447	0.242787	0.0345714	-0.216612	-0.501168	-0.782031	-1.02263	-1.19681	-1.29689	-1.31227	-1.25351	-1.14445	-1.0185	-0.914548	-0.853592	-0.847094	-0.884921	-0.952755	-1.02039	-1.05372	-1.03147	-0.96306	-0.84415	-0.697223	-0.546417	-0.419421	-0.323477	-0.274593	-0.276391	-0.334217	-0.421025	-0.523647	-0.616311	-0.68783	-0.743285	-0.785855	-0.809873	-0.813812	-0.803267	-0.787091	-0.777688	-0.767804	-0.747025	-0.715105	-0.679514	-0.65025	-0.626825	-0.606403	-0.592631	-0.591635	-0.610183	-0.643361	-0.694778	-0.750546	-0.793752	-0.813612	-0.818542	-0.814145	-0.78549	-0.726938	-0.646893	-0.566683	-0.486434	-0.399806	-0.310642	-0.23613	-0.182883	-0.140528	-0.112496	-0.100778	-0.107226	-0.131417	-0.162059	-0.189144	-0.211927	-0.223627	-0.219561	-0.20691	-0.186097	-0.165486	-0.140428	-0.0996775	-0.0530997	0	
0	-0.0038634	0.0153623	0.0554745	0.103652	0.143473	0.183293	0.23457	0.306899	0.397036	0.479552	0.546449	0.589722	0.626138	0.634936	0.589557	0.474441	0.30268	0.0971481	-0.145413	-0.417423	-0.692958	-0.934896	-1.11598	-1.22417	-1.25351	-1.21052	-1.12419	-1.02443	-0.949305	-0.917287	-0.934181	-0.990711	-1.07107	-1.14984	-1.1981	-1.19403	-1.14092	-1.03852	-0.903861	-0.764238	-0.644135	-0.559459	-0.518577	-0.525591	-0.582138	-0.664442	-0.756927	-0.836492	-0.89647	-0.938936	-0.968623	-0.978489	-0.969072	-0.938213	-0.908871	-0.893289	-0.882512	-0.859014	-0.822364	-0.784609	-0.758391	-0.744045	-0.739011	-0.743085	-0.757844	-0.787376	-0.826581	-0.878744	-0.927735	-0.96233	-0.965464	-0.946434	-0.912505	-0.853028	-0.769559	-0.667261	-0.57573	-0.496022	-0.416831	-0.342023	-0.280678	-0.238599	-0.209782	-0.197792	-0.210068	-0.240309	-0.278699	-0.319228	-0.345415	-0.357541	-0.35876	-0.341111	-0.309767	-0.265325	-0.217669	-0.167092	-0.107841	-0.0537404	0	
0	0.0189788	0.0643595	0.132862	0.207988	0.269857	0.329494	0.395993	0.482155	0.576024	0.657824	0.713167	0.738699	0.751567	0.734774	0.674195	0.550089	0.382344	0.18724	-0.039688	-0.294907	-0.563083	-0.803885	-0.98803	-1.10413	-1.14445	-1.12419	-1.06891	-1.00711	-0.973643	-0.976336	-1.02177	-1.09712	-1.19028	-1.27997	-1.34153	-1.34994	-1.30654	-1.20651	-1.07861	-0.945307	-0.835655	-0.765381	-0.736107	-0.744757	-0.795149	-0.863338	-0.940386	-1.00465	-1.04613	-1.07285	-1.08694	-1.08347	-1.06146	-1.02556	-0.993174	-0.973039	-0.958541	-0.934748	-0.896859	-0.85962	-0.843138	-0.847053	-0.865937	-0.895006	-0.92942	-0.96697	-1.00837	-1.05323	-1.09071	-1.1114	-1.0971	-1.05769	-0.998724	-0.919051	-0.813998	-0.696293	-0.597636	-0.515831	-0.448585	-0.38877	-0.342124	-0.315176	-0.301841	-0.304804	-0.32491	-0.36216	-0.406324	-0.444269	-0.46312	-0.465277	-0.452807	-0.421042	-0.376882	-0.315421	-0.245474	-0.176927	-0.107165	-0.0487615	0	
0	0.0418347	0.112023	0.206137	0.304436	0.385622	0.459662	0.538357	0.628843	0.72205	0.793014	0.834308	0.840048	0.830931	0.796116	0.725673	0.605379	0.449596	0.270977	0.063785	-0.173876	-0.430245	-0.663433	-0.84788	-0.964496	-1.0185	-1.02443	-1.00711	-0.992708	-1.00243	-1.04073	-1.10958	-1.19914	-1.29976	-1.39539	-1.46105	-1.47415	-1.42827	-1.32598	-1.19816	-1.07388	-0.977176	-0.920251	-0.900594	-0.910631	-0.949531	-1.00338	-1.06794	-1.11239	-1.13795	-1.15027	-1.15085	-1.13836	-1.11572	-1.07563	-1.03781	-1.01265	-0.997001	-0.975993	-0.944403	-0.915954	-0.913148	-0.934152	-0.972279	-1.02102	-1.06864	-1.11323	-1.15671	-1.19773	-1.2205	-1.22236	-1.18643	-1.11891	-1.03911	-0.946594	-0.835733	-0.718653	-0.619751	-0.541846	-0.48067	-0.432064	-0.401273	-0.389245	-0.39561	-0.414277	-0.440651	-0.474716	-0.506725	-0.533468	-0.540726	-0.530392	-0.509472	-0.465952	-0.405695	-0.333637	-0.254884	-0.176995	-0.105948	-0.0500628	0	
0	0.0642941	0.155766	0.271872	0.386264	0.481139	0.562238	0.643049	0.729468	0.808432	0.862265	0.880729	0.866674	0.8372	0.788998	0.715987	0.606623	0.468828	0.3122	0.125145	-0.0911044	-0.329869	-0.551385	-0.72818	-0.846763	-0.914548	-0.949305	-0.973643	-1.00243	-1.04949	-1.11402	-1.19557	-1.29053	-1.39055	-1.48048	-1.53709	-1.54134	-1.48457	-1.3743	-1.24879	-1.13681	-1.05302	-1.0115	-0.998957	-1.00883	-1.03852	-1.08176	-1.13045	-1.16338	-1.17795	-1.18156	-1.17843	-1.16856	-1.14302	-1.09668	-1.05266	-1.02053	-1.00406	-0.99353	-0.976061	-0.961457	-0.973826	-1.00765	-1.05408	-1.10963	-1.16621	-1.21296	-1.25752	-1.2902	-1.29373	-1.27201	-1.20779	-1.1136	-1.01277	-0.913722	-0.808918	-0.707237	-0.622895	-0.550162	-0.496184	-0.458511	-0.43881	-0.443029	-0.469718	-0.504332	-0.536782	-0.565656	-0.581841	-0.589193	-0.583168	-0.562271	-0.52997	-0.476951	-0.408567	-0.333309	-0.255014	-0.180704	-0.115249	-0.0573278	0	
0	0.0823909	0.19016	0.318017	0.440756	0.537808	0.61681	0.688114	0.758854	0.814598	0.843258	0.837023	0.804224	0.759397	0.703902	0.633866	0.538785	0.423861	0.288449	0.124855	-0.0685104	-0.284444	-0.486481	-0.653878	-0.772003	-0.853592	-0.917287	-0.976336	-1.04073	-1.11402	-1.19164	-1.27528	-1.36191	-1.44559	-1.51208	-1.54247	-1.52486	-1.45401	-1.33875	-1.21845	-1.11834	-1.05063	-1.01915	-1.01476	-1.03127	-1.05678	-1.0915	-1.13517	-1.16257	-1.1745	-1.18432	-1.18777	-1.18102	-1.15493	-1.106	-1.05551	-1.01842	-1.00513	-1.00661	-1.00603	-1.00476	-1.02252	-1.05825	-1.10626	-1.16729	-1.22404	-1.26249	-1.29392	-1.30678	-1.28538	-1.23576	-1.14894	-1.03417	-0.92369	-0.825527	-0.72677	-0.642511	-0.5752	-0.517925	-0.477745	-0.452622	-0.448068	-0.467411	-0.510915	-0.558779	-0.595046	-0.620063	-0.626603	-0.618786	-0.596395	-0.563956	-0.523924	-0.463381	-0.393755	-0.328571	-0.259802	-0.191983	-0.132834	-0.0707789	0	
0	0.0968822	0.21429	0.345857	0.465678	0.555649	0.620259	0.67179	0.714842	0.739398	0.736982	0.704529	0.654674	0.598359	0.54005	0.475329	0.397335	0.306851	0.196737	0.0603075	-0.105969	-0.292346	-0.472936	-0.629397	-0.749469	-0.847094	-0.934181	-1.02177	-1.10958	-1.19557	-1.27528	-1.34546	-1.40696	-1.45635	-1.48075	-1.47138	-1.42611	-1.34072	-1.22218	-1.10542	-1.01534	-0.959451	-0.939307	-0.948366	-0.974153	-1.00174	-1.03708	-1.08013	-1.112	-1.13746	-1.1589	-1.17128	-1.17293	-1.14957	-1.09939	-1.04883	-1.01614	-1.01125	-1.0248	-1.03312	-1.03351	-1.0516	-1.09052	-1.13881	-1.19519	-1.24189	-1.26215	-1.26558	-1.24452	-1.18804	-1.1111	-1.00917	-0.885867	-0.775024	-0.680359	-0.592246	-0.523752	-0.46986	-0.429947	-0.414205	-0.418353	-0.436328	-0.468099	-0.517663	-0.567545	-0.60564	-0.630019	-0.632256	-0.617072	-0.58555	-0.541327	-0.49232	-0.433966	-0.374261	-0.325049	-0.270653	-0.206206	-0.146192	-0.0808349	0	
0	0.108053	0.229864	0.356444	0.464724	0.536881	0.578861	0.600288	0.60897	0.597553	0.562639	0.506297	0.441823	0.378598	0.320627	0.261534	0.202369	0.135939	0.0559028	-0.0511623	-0.18706	-0.342851	-0.502508	-0.649524	-0.774379	-0.884921	-0.990711	-1.09712	-1.19914	-1.29053	-1.36191	-1.40696	-1.4283	-1.42552	-1.39691	-1.34052	-1.26371	-1.16311	-1.03804	-0.917591	-0.831532	-0.784758	-0.777294	-0.799662	-0.839345	-0.874057	-0.915022	-0.965804	-1.01483	-1.05546	-1.09064	-1.11515	-1.1245	-1.10742	-1.07038	-1.03418	-1.01136	-1.0116	-1.02717	-1.04052	-1.04721	-1.06728	-1.10218	-1.14316	-1.18854	-1.21691	-1.20659	-1.17097	-1.11174	-1.0215	-0.919668	-0.805052	-0.683385	-0.581368	-0.494051	-0.416594	-0.362695	-0.327748	-0.308326	-0.316633	-0.35156	-0.398214	-0.449713	-0.501703	-0.542465	-0.571914	-0.592709	-0.597166	-0.580755	-0.544825	-0.496713	-0.444063	-0.389835	-0.345066	-0.314777	-0.273098	-0.211349	-0.149983	-0.0832068	0	
0	0.11445	0.234318	0.347569	0.435329	0.481764	0.494141	0.480634	0.453332	0.406594	0.344892	0.268921	0.195772	0.130735	0.0743807	0.0258711	-0.0175668	-0.0541109	-0.103735	-0.178063	-0.285352	-0.415059	-0.558818	-0.700312	-0.831978	-0.952755	-1.07107	-1.19028	-1.29976	-1.39055	-1.44559	-1.45635	-1.42552	-1.36726	-1.28221	-1.18216	-1.0729	-0.953058	-0.812884	-0.683462	-0.591036	-0.551336	-0.550694	-0.584817	-0.635507	-0.684818	-0.73898	-0.806229	-0.870933	-0.923843	-0.967663	-1.00032	-1.02397	-1.02807	-1.0142	-0.991403	-0.977391	-0.981624	-1.0024	-1.02386	-1.03664	-1.05416	-1.08472	-1.11487	-1.13923	-1.1372	-1.09353	-1.02129	-0.925944	-0.810199	-0.690456	-0.571737	-0.45632	-0.365161	-0.291873	-0.229571	-0.192803	-0.176415	-0.180608	-0.216088	-0.274557	-0.340757	-0.403723	-0.4552	-0.491072	-0.512117	-0.521724	-0.520022	-0.503045	-0.470528	-0.430068	-0.385185	-0.33727	-0.301689	-0.28028	-0.244961	-0.190389	-0.135341	-0.0748525	0	
0	0.11414	0.225192	0.316322	0.376495	0.390866	0.36993	0.322889	0.260517	0.189373	0.105582	0.0226402	-0.0547113	-0.114934	-0.162238	-0.198639	-0.21733	-0.223475	-0.236132	-0.278393	-0.361396	-0.473163	-0.607349	-0.749868	-0.888015	-1.02039	-1.14984	-1.27997	-1.39539	-1.48048	-1.51208	-1.48075	-1.39691	-1.28221	-1.15081	-1.01213	-0.871673	-0.729837	-0.573618	-0.426173	-0.325243	-0.281105	-0.279292	-0.319746	-0.382477	-0.449971	-0.521586	-0.601607	-0.67415	-0.735164	-0.78634	-0.836241	-0.879883	-0.906858	-0.912529	-0.906816	-0.905333	-0.918949	-0.947319	-0.979598	-1.00109	-1.02017	-1.03989	-1.04906	-1.04434	-1.011	-0.938722	-0.83241	-0.712252	-0.579924	-0.454337	-0.339439	-0.236819	-0.161226	-0.0976917	-0.0556779	-0.042664	-0.0522564	-0.0822401	-0.134858	-0.206604	-0.279101	-0.341956	-0.386039	-0.41152	-0.424853	-0.424932	-0.41284	-0.388916	-0.359448	-0.334111	-0.307508	-0.274499	-0.242852	-0.216834	-0.185317	-0.139174	-0.0960895	-0.0576242	0	
0	0.110565	0.207941	0.275072	0.303447	0.285563	0.233544	0.155807	0.0696173	-0.020892	-0.112563	-0.198536	-0.272647	-0.322577	-0.356425	-0.369929	-0.359458	-0.328572	-0.300936	-0.314588	-0.377958	-0.481143	-0.614367	-0.758659	-0.909211	-1.05372	-1.1981	-1.34153	-1.46105	-1.53709	-1.54247	-1.47138	-1.34052	-1.18216	-1.01213	-0.838604	-0.666668	-0.49993	-0.323515	-0.162214	-0.0466083	0.00823628	0.0117259	-0.030609	-0.101791	-0.18552	-0.265354	-0.344669	-0.421026	-0.486968	-0.551727	-0.621709	-0.68792	-0.737422	-0.764811	-0.775529	-0.790656	-0.821189	-0.866451	-0.916956	-0.954107	-0.974258	-0.979316	-0.966913	-0.933159	-0.869697	-0.767864	-0.638934	-0.504077	-0.368786	-0.245514	-0.134319	-0.047957	0.0124282	0.0570558	0.078113	0.0686093	0.0271115	-0.0270403	-0.0907225	-0.157656	-0.218961	-0.270068	-0.297996	-0.313239	-0.318323	-0.306148	-0.281618	-0.25022	-0.223088	-0.21095	-0.202388	-0.183556	-0.160579	-0.134929	-0.105264	-0.0756913	-0.0519728	-0.0313872	0	
0	0.102993	0.185162	0.227162	0.226463	0.180878	0.105077	0.0096133	-0.0897563	-0.183847	-0.27525	-0.355408	-0.422928	-0.459515	-0.474591	-0.460146	-0.41855	-0.349435	-0.289127	-0.278198	-0.330649	-0.432727	-0.563887	-0.713229	-0.872012	-1.03147	-1.19403	-1.34994	-1.47415	-1.54134	-1.52486	-1.42611	-1.26371	-1.0729	-0.871673	-0.666668	-0.463068	-0.271049	-0.0783413	0.100006	0.233116	0.297917	0.304941	0.25693	0.175819	0.0852257	0.0112358	-0.0621102	-0.130612	-0.200472	-0.279429	-0.369132	-0.452795	-0.523961	-0.572578	-0.60688	-0.646706	-0.698654	-0.764611	-0.835327	-0.888623	-0.914572	-0.914905	-0.886523	-0.827449	-0.73759	-0.620143	-0.482112	-0.344317	-0.214229	-0.0996192	-0.000462958	0.0738847	0.121457	0.149149	0.150079	0.121065	0.0654213	0.000735526	-0.0614116	-0.113082	-0.157952	-0.192313	-0.204559	-0.203637	-0.193738	-0.171185	-0.138266	-0.103145	-0.075073	-0.0683398	-0.0731178	-0.0685375	-0.0595031	-0.0450512	-0.0271778	-0.0113005	-0.00156469	-0.00268089	0	
0	0.0926447	0.158936	0.179613	0.155606	0.0916508	0.00385763	-0.0956342	-0.193232	-0.279443	-0.360721	-0.43036	-0.486809	-0.507121	-0.496219	-0.450577	-0.37354	-0.274739	-0.187816	-0.165132	-0.214956	-0.322619	-0.45837	-0.614515	-0.784957	-0.96306	-1.14092	-1.30654	-1.42827	-1.48457	-1.45401	-1.34072	-1.16311	-0.953058	-0.729837	-0.49993	-0.271049	-0.0567903	0.154806	0.351161	0.499376	0.575792	0.578407	0.523889	0.440545	0.352077	0.282751	0.220085	0.156439	0.0850527	0.00318791	-0.0906645	-0.186264	-0.278582	-0.352197	-0.417376	-0.485491	-0.565184	-0.653256	-0.741504	-0.810766	-0.850135	-0.850359	-0.81237	-0.743297	-0.647184	-0.525633	-0.387712	-0.256022	-0.13679	-0.0364288	0.0497994	0.107695	0.14075	0.15713	0.151024	0.118259	0.0588959	0.00162596	-0.0415523	-0.0708627	-0.0931148	-0.10508	-0.0959112	-0.074628	-0.0471829	-0.0137987	0.0188689	0.041293	0.0556019	0.0585429	0.0533103	0.0507066	0.048416	0.04917	0.0492046	0.0493092	0.0471308	0.0275902	0	
0	0.0761032	0.1238	0.126439	0.086157	0.0141565	-0.0717205	-0.161203	-0.240796	-0.308185	-0.368483	-0.420841	-0.458858	-0.454869	-0.411294	-0.327408	-0.217939	-0.0955493	0.00380502	0.0289321	-0.0266215	-0.145858	-0.291617	-0.460256	-0.647614	-0.84415	-1.03852	-1.20651	-1.32598	-1.3743	-1.33875	-1.22218	-1.03804	-0.812884	-0.573618	-0.323515	-0.0783413	0.154806	0.381166	0.588674	0.746038	0.826749	0.825398	0.773453	0.692211	0.606845	0.540119	0.476781	0.414515	0.34918	0.269705	0.175236	0.0731017	-0.0323978	-0.129632	-0.225566	-0.32684	-0.43496	-0.546689	-0.652871	-0.735758	-0.783177	-0.784592	-0.750284	-0.685819	-0.595432	-0.480741	-0.358299	-0.243253	-0.140515	-0.0585117	0.011438	0.05669	0.0780512	0.0828004	0.079627	0.0601314	0.0185599	-0.018827	-0.0363893	-0.0319562	-0.0235657	-0.00722748	0.0273203	0.0722527	0.115478	0.146102	0.166201	0.172137	0.171792	0.168916	0.161627	0.157664	0.148949	0.133756	0.116371	0.0964643	0.0763438	0.0462447	0	
0	0.055885	0.0855234	0.077079	0.0302782	-0.0359986	-0.108204	-0.173631	-0.225748	-0.267743	-0.302244	-0.336636	-0.350639	-0.321565	-0.241474	-0.120936	0.0150129	0.151675	0.251842	0.273901	0.209359	0.0768929	-0.0842964	-0.271542	-0.478834	-0.697223	-0.903861	-1.07861	-1.19816	-1.24879	-1.21845	-1.10542	-0.917591	-0.683462	-0.426173	-0.162214	0.100006	0.351161	0.588674	0.797628	0.953775	1.03158	1.0329	0.987705	0.911491	0.830197	0.757701	0.691335	0.635025	0.576391	0.501768	0.41225	0.305178	0.186858	0.0726387	-0.0473385	-0.172411	-0.304536	-0.438327	-0.558054	-0.652096	-0.712993	-0.729738	-0.700716	-0.643593	-0.567951	-0.476642	-0.386541	-0.299383	-0.220317	-0.154852	-0.0968744	-0.054707	-0.0369376	-0.0374859	-0.0350352	-0.0392873	-0.0511929	-0.0525459	-0.0350015	0.00155317	0.0430206	0.0910612	0.145725	0.205641	0.25554	0.281614	0.290694	0.282443	0.274048	0.268846	0.25632	0.244993	0.229315	0.201355	0.16441	0.120994	0.0808615	0.0446994	0	
0	0.0265807	0.036685	0.0164972	-0.026092	-0.0816765	-0.128571	-0.163254	-0.182285	-0.192358	-0.201715	-0.209872	-0.198671	-0.139195	-0.0231738	0.127587	0.28319	0.421152	0.512942	0.526477	0.449922	0.302498	0.122174	-0.0869488	-0.312095	-0.546417	-0.764238	-0.945307	-1.07388	-1.13681	-1.11834	-1.01534	-0.831532	-0.591036	-0.325243	-0.0466083	0.233116	0.499376	0.746038	0.953775	1.10514	1.18596	1.19515	1.15181	1.07251	0.984404	0.904685	0.840392	0.795028	0.747813	0.680989	0.591661	0.477664	0.35342	0.226422	0.0903038	-0.0475714	-0.189602	-0.328246	-0.453045	-0.555315	-0.632217	-0.659306	-0.638357	-0.596958	-0.54367	-0.4826	-0.429111	-0.383465	-0.333302	-0.28579	-0.237029	-0.194475	-0.182638	-0.184307	-0.171494	-0.153975	-0.131637	-0.0934716	-0.0353469	0.0346223	0.102927	0.170616	0.235638	0.299288	0.347422	0.366266	0.368744	0.363185	0.356157	0.348232	0.329564	0.304231	0.280277	0.246199	0.19669	0.139666	0.0839444	0.0392202	0	
0	-0.0149431	-0.0361899	-0.0675125	-0.109881	-0.149124	-0.17182	-0.174223	-0.158368	-0.138684	-0.117148	-0.0975645	-0.0536211	0.0389495	0.188347	0.365077	0.532977	0.665957	0.746575	0.748092	0.659063	0.497061	0.292538	0.0655809	-0.175081	-0.419421	-0.644135	-0.835655	-0.977176	-1.05302	-1.05063	-0.959451	-0.784758	-0.551336	-0.281105	0.00823628	0.297917	0.575792	0.826749	1.03158	1.18596	1.27474	1.29058	1.24691	1.15805	1.06089	0.973279	0.907915	0.865374	0.825649	0.767698	0.686281	0.572655	0.442841	0.305215	0.162795	0.0227831	-0.114298	-0.245533	-0.360961	-0.4543	-0.52458	-0.555517	-0.547439	-0.524342	-0.498959	-0.469316	-0.451666	-0.435762	-0.409479	-0.387081	-0.359401	-0.330828	-0.325461	-0.325768	-0.299219	-0.254633	-0.200249	-0.132201	-0.0492544	0.0446315	0.137034	0.217403	0.281982	0.339904	0.382238	0.398608	0.401919	0.397444	0.390763	0.383517	0.36293	0.335711	0.308423	0.267327	0.216934	0.15743	0.0933188	0.0447097	0	
0	-0.0668778	-0.124054	-0.173601	-0.214086	-0.242254	-0.243091	-0.21839	-0.174122	-0.125827	-0.0772614	-0.026513	0.0497811	0.174495	0.350298	0.547002	0.720361	0.850791	0.919089	0.912555	0.814228	0.639411	0.418274	0.177043	-0.0735932	-0.323477	-0.559459	-0.765381	-0.920251	-1.0115	-1.01915	-0.939307	-0.777294	-0.550694	-0.279292	0.0117259	0.304941	0.578407	0.825398	1.0329	1.19515	1.29058	1.31766	1.2697	1.17266	1.06671	0.971534	0.896475	0.851749	0.815872	0.765798	0.684839	0.569238	0.440407	0.304593	0.16684	0.0324942	-0.0964758	-0.214631	-0.306422	-0.36699	-0.410855	-0.434459	-0.431284	-0.425233	-0.424246	-0.420524	-0.42085	-0.421749	-0.415878	-0.417621	-0.419292	-0.413605	-0.420145	-0.4159	-0.375886	-0.314586	-0.241099	-0.162184	-0.0783317	0.0199116	0.126445	0.215921	0.277817	0.323765	0.355727	0.372285	0.380853	0.387159	0.386311	0.374612	0.355286	0.330709	0.300592	0.258411	0.211171	0.164105	0.109599	0.0538248	0	
