0	0	0	0	0	0	0	0	0	0	0	0	0	0	0	0	0	0	0	0	0	0	0	0	0	0	0	0	0	0	0	0	0	0	0	0	0	0	0	0	0	0	0	0	0	0	0	0	0	0	0	0	0	0	0	0	0	0	0	0	0	0	0	0	0	0	0	0	0	0	0	0	0	0	0	0	0	0	0	0	0	0	0	0	0	0	0	0	0	0	0	0	0	0	0	0	0	0	0	0	
0	0.160838	0.295324	0.379583	0.400547	0.364549	0.294266	0.213016	0.13111	0.0464589	-0.0457923	-0.146367	-0.250801	-0.351612	-0.441533	-0.515903	-0.573582	-0.61616	-0.64575	-0.664093	-0.673201	-0.675118	-0.67157	-0.664268	-0.654817	-0.644556	-0.634713	-0.626272	-0.619984	-0.616405	-0.61581	-0.618274	-0.623589	-0.631337	-0.640805	-0.651099	-0.661043	-0.669316	-0.674456	-0.674793	-0.668681	-0.654296	-0.629525	-0.592507	-0.541173	-0.473507	-0.389447	-0.292279	-0.188416	-0.0855474	0.0103541	0.0977961	0.180517	0.263199	0.34202	0.399566	0.41408	0.376848	0.300399	0.210298	0.12999	0.0714024	0.0350835	0.0155176	0.0062148	0.00226595	0.000755822	0.000231666	6.55138e-05	1.71561e-05	4.17421e-06	9.46501e-07	2.00574e-07	3.98244e-08	7.42634e-09	1.30347e-09	2.15778e-10	3.37531e-11	4.99783e-12	7.01655e-13	9.35415e-14	1.1859e-14	1.43168e-15	1.64795e-16	1.81079e-17	1.90154e-18	1.91041e-19	1.8381e-20	1.69533e-21	1.50029e-22	1.27502e-23	1.04143e-24	8.18217e-26	6.18805e-27	4.50817e-28	3.16599e-29	2.1447e-30	1.4023e-31	8.82363e-33	0	
0	0.295324	0.536861	0.685337	0.728715	0.683311	0.578086	0.435582	0.26734	0.0812987	-0.113712	-0.309081	-0.497208	-0.671673	-0.827599	-0.961731	-1.07268	-1.16002	-1.22361	-1.26488	-1.28692	-1.29308	-1.28697	-1.27249	-1.25307	-1.23179	-1.21134	-1.19377	-1.18071	-1.17325	-1.17195	-1.17698	-1.18788	-1.20387	-1.22346	-1.2448	-1.26541	-1.28229	-1.29212	-1.29124	-1.27582	-1.24256	-1.18819	-1.1105	-1.00906	-0.884109	-0.73661	-0.569101	-0.385826	-0.192592	0.00357598	0.194546	0.371573	0.527283	0.65442	0.739044	0.760001	0.703673	0.580704	0.425129	0.276131	0.159628	0.0825177	0.0383481	0.016108	0.00614741	0.00214195	0.000684458	0.000201418	5.47908e-05	1.38254e-05	3.24627e-06	7.11365e-07	1.45869e-07	2.80586e-08	5.07446e-09	8.64673e-10	1.39092e-10	2.11607e-11	3.04983e-12	4.17088e-13	5.42043e-14	6.70346e-15	7.8994e-16	8.8809e-17	9.53663e-18	9.79234e-19	9.62467e-20	9.06408e-21	8.18668e-22	7.09785e-23	5.91222e-24	4.73512e-25	3.64925e-26	2.70826e-27	1.93685e-28	1.33572e-29	8.88843e-31	5.6897e-32	0	
0	0.379583	0.685337	0.875427	0.948221	0.922264	0.811922	0.625932	0.381522	0.105756	-0.177011	-0.451173	-0.707614	-0.941431	-1.14942	-1.3289	-1.47767	-1.59343	-1.67609	-1.72906	-1.75639	-1.76239	-1.7524	-1.73156	-1.70431	-1.67498	-1.64696	-1.623	-1.6053	-1.59515	-1.59339	-1.60013	-1.61486	-1.63645	-1.66315	-1.69238	-1.72106	-1.74518	-1.76016	-1.76127	-1.74303	-1.70064	-1.63021	-1.5278	-1.39212	-1.22469	-1.02778	-0.80393	-0.556063	-0.288213	-0.00745551	0.273953	0.535662	0.751814	0.90408	0.988769	1.00587	0.949825	0.820532	0.639105	0.444945	0.27616	0.153035	0.0760052	0.0339938	0.0137617	0.00506806	0.00170596	0.000527199	0.000150184	3.95859e-05	9.68735e-06	2.20789e-06	4.70006e-07	9.36976e-08	1.75351e-08	3.08756e-09	5.12571e-10	8.03823e-11	1.19293e-11	1.67818e-12	2.24139e-13	2.84631e-14	3.44136e-15	3.96666e-16	4.36409e-17	4.58811e-18	4.61444e-19	4.4442e-20	4.10282e-21	3.63401e-22	3.09092e-23	2.52668e-24	1.98664e-25	1.50358e-26	1.09619e-27	7.70377e-29	5.22225e-30	3.40382e-31	0	
0	0.400547	0.728715	0.948221	1.05581	1.0529	0.937694	0.723409	0.442044	0.124253	-0.209611	-0.542107	-0.857597	-1.14417	-1.39303	-1.59977	-1.76271	-1.8826	-1.96461	-2.01441	-2.03634	-2.03628	-2.02052	-1.99396	-1.96162	-1.928	-1.89634	-1.86975	-1.8502	-1.83907	-1.83727	-1.84462	-1.861	-1.88481	-1.91472	-1.94785	-1.98116	-2.01076	-2.03169	-2.03875	-2.02658	-1.98843	-1.91976	-1.81553	-1.67008	-1.4809	-1.2485	-0.976137	-0.670864	-0.343282	-0.00763802	0.319709	0.621885	0.875535	1.05311	1.14355	1.1592	1.11339	1.00544	0.836348	0.628854	0.422826	0.2534	0.135565	0.0650018	0.0280757	0.0109814	0.00390975	0.00127322	0.000380944	0.000105149	2.68754e-05	6.38255e-06	1.41278e-06	2.92304e-07	5.66773e-08	1.03238e-08	1.7705e-09	2.86458e-10	4.38093e-11	6.34419e-12	8.71381e-13	1.13692e-13	1.41114e-14	1.66844e-15	1.88152e-16	2.0262e-17	2.08604e-18	2.05538e-19	1.94014e-20	1.75614e-21	1.52569e-22	1.2733e-23	1.02167e-24	7.88757e-26	5.86352e-27	4.20015e-28	2.90103e-29	1.9257e-30	0	
0	0.364549	0.683311	0.922264	1.0529	1.0529	0.927361	0.710567	0.433279	0.109408	-0.243638	-0.600718	-0.940701	-1.24679	-1.50829	-1.7213	-1.88453	-2.00192	-2.07956	-2.1216	-2.13431	-2.12601	-2.10274	-2.06985	-2.03329	-1.99664	-1.96336	-1.93612	-1.91626	-1.90522	-1.90343	-1.9109	-1.92746	-1.95193	-1.98296	-2.0185	-2.05536	-2.09004	-2.11816	-2.13319	-2.12996	-2.10074	-2.0378	-1.93689	-1.79241	-1.59952	-1.3572	-1.06799	-0.739803	-0.386939	-0.0283774	0.312248	0.616277	0.876228	1.07849	1.20056	1.23854	1.21205	1.13423	0.99989	0.809728	0.590417	0.383774	0.221929	0.11447	0.0529132	0.0220405	0.00831915	0.00286052	0.000900441	0.000260656	6.96726e-05	1.72606e-05	3.97668e-06	8.54662e-07	1.71831e-07	3.24012e-08	5.74384e-09	9.59345e-10	1.51271e-10	2.25608e-11	3.18807e-12	4.27543e-13	5.44963e-14	6.61157e-15	7.64485e-16	8.43535e-17	8.89238e-18	8.96593e-19	8.65549e-20	8.00826e-21	7.10794e-22	6.05755e-23	4.96098e-24	3.90757e-25	2.96244e-26	2.1633e-27	1.52267e-28	1.0295e-29	0	
0	0.294266	0.578086	0.811922	0.937694	0.927361	0.804694	0.603576	0.336084	0.0186619	-0.316963	-0.648672	-0.962412	-1.24428	-1.48724	-1.68536	-1.83599	-1.94253	-2.00774	-2.03757	-2.0418	-2.02804	-2.00142	-1.96882	-1.93476	-1.90182	-1.87345	-1.85036	-1.83398	-1.82505	-1.82329	-1.82973	-1.84289	-1.86384	-1.89001	-1.92152	-1.95538	-1.98859	-2.01796	-2.03799	-2.04159	-2.02362	-1.9735	-1.88404	-1.75128	-1.57206	-1.34666	-1.07957	-0.777105	-0.450441	-0.112597	0.220697	0.523764	0.781437	0.997245	1.1614	1.24993	1.26153	1.21648	1.12177	0.968369	0.761893	0.536516	0.335652	0.18655	0.0924617	0.0410913	0.0164707	0.00598889	0.00198603	0.000603636	0.000168911	4.36919e-05	1.04857e-05	2.34257e-06	4.88663e-07	9.54431e-08	1.74984e-08	3.01843e-09	4.90933e-10	7.54364e-11	1.09712e-11	1.51279e-12	1.98083e-13	2.46662e-14	2.92515e-15	3.30788e-16	3.57141e-17	3.68568e-18	3.63964e-19	3.44277e-20	3.12241e-21	2.71773e-22	2.27216e-23	1.8262e-24	1.41215e-25	1.0514e-26	7.54248e-28	5.19484e-29	0	
0	0.213016	0.435582	0.625932	0.723409	0.710567	0.603576	0.410289	0.148472	-0.138398	-0.423986	-0.7028	-0.960512	-1.1875	-1.37885	-1.52754	-1.63616	-1.70773	-1.74742	-1.76436	-1.76547	-1.75467	-1.73736	-1.71873	-1.69958	-1.68254	-1.66826	-1.65669	-1.649	-1.64453	-1.64361	-1.64673	-1.65275	-1.66303	-1.67622	-1.69237	-1.711	-1.73048	-1.74758	-1.76179	-1.76582	-1.75618	-1.72702	-1.66903	-1.57585	-1.44321	-1.2687	-1.05522	-0.808654	-0.535463	-0.248305	0.0487216	0.347608	0.619289	0.850344	1.04714	1.19365	1.26361	1.26085	1.20418	1.09315	0.91915	0.6979	0.471657	0.282521	0.150285	0.0713418	0.0304039	0.0117035	0.00409283	0.00130732	0.000383267	0.000103585	2.59118e-05	6.02091e-06	1.30378e-06	2.63883e-07	5.00557e-08	8.92085e-09	1.49711e-09	2.37085e-10	3.54974e-11	5.03394e-12	6.7727e-13	8.6583e-14	1.05329e-14	1.22096e-15	1.35034e-16	1.42658e-17	1.44128e-18	1.39401e-19	1.29207e-20	1.14874e-21	9.80551e-23	8.04272e-24	6.34419e-25	4.81647e-26	3.52189e-27	2.47121e-28	0	
0	0.13111	0.26734	0.381522	0.442044	0.433279	0.336084	0.148472	-0.0839376	-0.321532	-0.559568	-0.77926	-0.961898	-1.10986	-1.21863	-1.29241	-1.33949	-1.36399	-1.37548	-1.37832	-1.37679	-1.37361	-1.37325	-1.37454	-1.37717	-1.3813	-1.38478	-1.38861	-1.39126	-1.39262	-1.39331	-1.39157	-1.39009	-1.38571	-1.38275	-1.37825	-1.375	-1.37393	-1.37383	-1.37502	-1.37779	-1.37654	-1.36988	-1.35132	-1.31449	-1.25176	-1.15769	-1.0251	-0.855655	-0.647711	-0.407655	-0.153194	0.119784	0.40352	0.66311	0.888158	1.08056	1.21443	1.26773	1.25225	1.1819	1.0494	0.852451	0.619949	0.399655	0.228127	0.115723	0.0524679	0.0213954	0.00789542	0.00265189	0.000814971	0.00023025	6.006e-05	1.45204e-05	3.26506e-06	6.85013e-07	1.34477e-07	2.47672e-08	4.2897e-09	7.00256e-10	1.07957e-10	1.57478e-11	2.17736e-12	2.8581e-13	3.56718e-14	4.2392e-15	4.80319e-16	5.19522e-17	5.37051e-18	5.31181e-19	5.03199e-20	4.5702e-21	3.98322e-22	3.33444e-23	2.68329e-24	2.07738e-25	1.54844e-26	1.10695e-27	0	
0	0.0464589	0.0812987	0.105756	0.124253	0.109408	0.0186619	-0.138398	-0.321532	-0.519358	-0.707486	-0.849499	-0.951223	-1.0151	-1.04035	-1.04348	-1.02814	-1.00725	-0.987349	-0.973704	-0.970784	-0.978238	-0.994548	-1.01477	-1.03749	-1.0591	-1.07871	-1.09509	-1.10601	-1.11287	-1.11403	-1.10929	-1.10078	-1.08566	-1.06783	-1.04642	-1.02376	-1.00118	-0.98508	-0.972843	-0.971691	-0.980124	-0.998642	-1.01996	-1.03906	-1.04434	-1.02855	-0.981046	-0.892324	-0.763746	-0.58081	-0.355755	-0.110587	0.162309	0.445132	0.702384	0.929464	1.11725	1.2334	1.26779	1.2376	1.14749	0.987557	0.76821	0.531341	0.325014	0.176098	0.0849362	0.0366959	0.0142924	0.00504897	0.00162685	0.000480559	0.000130736	3.28914e-05	7.68115e-06	1.67066e-06	3.3946e-07	6.46151e-08	1.15511e-08	1.94388e-09	3.08598e-10	4.63077e-11	6.58023e-12	8.86936e-13	1.13577e-13	1.38381e-14	1.60637e-15	1.77894e-16	1.88169e-17	1.90328e-18	1.84286e-19	1.70986e-20	1.52168e-21	1.30012e-22	1.06736e-23	8.42692e-25	6.40305e-26	4.6637e-27	0	
0	-0.0457923	-0.113712	-0.177011	-0.209611	-0.243638	-0.316963	-0.423986	-0.559568	-0.707486	-0.819063	-0.888244	-0.92353	-0.910274	-0.868693	-0.809426	-0.744347	-0.692493	-0.654935	-0.642522	-0.646947	-0.667143	-0.694487	-0.72669	-0.757571	-0.787538	-0.813103	-0.832339	-0.846847	-0.854342	-0.855304	-0.850927	-0.8383	-0.822354	-0.797761	-0.770729	-0.739955	-0.706619	-0.676625	-0.654207	-0.642806	-0.647574	-0.674174	-0.722043	-0.782486	-0.847342	-0.895756	-0.92237	-0.903771	-0.839593	-0.728755	-0.549885	-0.325411	-0.0718837	0.212951	0.497364	0.755102	0.9833	1.15781	1.24952	1.2633	1.21398	1.09599	0.905019	0.668507	0.437078	0.252593	0.129507	0.0592548	0.0243514	0.00904594	0.00305555	0.000943581	0.000267695	7.0078e-05	1.69948e-05	3.83173e-06	8.05774e-07	1.58506e-07	2.92446e-08	5.07312e-09	8.29286e-10	1.28005e-10	1.86927e-11	2.58705e-12	3.39888e-13	4.2455e-14	5.04899e-15	5.72456e-16	6.19567e-17	6.40847e-18	6.34196e-19	6.01106e-20	5.46221e-21	4.76304e-22	3.98921e-23	3.21175e-24	2.48766e-25	1.846e-26	0	
0	-0.146367	-0.309081	-0.451173	-0.542107	-0.600718	-0.648672	-0.7028	-0.77926	-0.849499	-0.888244	-0.900758	-0.86339	-0.786527	-0.697347	-0.598653	-0.521692	-0.466109	-0.440264	-0.438414	-0.451212	-0.475951	-0.503509	-0.531364	-0.55774	-0.581537	-0.599508	-0.613375	-0.624607	-0.628159	-0.630257	-0.626528	-0.617547	-0.606393	-0.588292	-0.567673	-0.542062	-0.516455	-0.485378	-0.460488	-0.441539	-0.438529	-0.451237	-0.496464	-0.564192	-0.657277	-0.75203	-0.832841	-0.886198	-0.878746	-0.821938	-0.705295	-0.517988	-0.285962	-0.0143563	0.28218	0.56629	0.825273	1.04701	1.19693	1.26031	1.25173	1.1757	1.02218	0.801701	0.558227	0.343323	0.186843	0.0904413	0.0391871	0.015298	0.00541421	0.00174709	0.000516669	0.000140684	3.54181e-05	8.27531e-06	1.80052e-06	3.65931e-07	6.96635e-08	1.24544e-08	2.09587e-09	3.32711e-10	4.99217e-11	7.09297e-12	9.5592e-13	1.22393e-13	1.491e-14	1.73055e-15	1.91618e-16	2.02658e-17	2.04957e-18	1.98429e-19	1.84092e-20	1.6382e-21	1.3996e-22	1.149e-23	9.07125e-25	6.85756e-26	0	
0	-0.250801	-0.497208	-0.707614	-0.857597	-0.940701	-0.962412	-0.960512	-0.961898	-0.951223	-0.92353	-0.86339	-0.762808	-0.654639	-0.53924	-0.441455	-0.377288	-0.338782	-0.334146	-0.338973	-0.358264	-0.373717	-0.390998	-0.402593	-0.417186	-0.423163	-0.431374	-0.437355	-0.440177	-0.443071	-0.443188	-0.441511	-0.439247	-0.433008	-0.428039	-0.418958	-0.407848	-0.396579	-0.381157	-0.36439	-0.345591	-0.335424	-0.334601	-0.357259	-0.412378	-0.495078	-0.608193	-0.715566	-0.815138	-0.875496	-0.871553	-0.809097	-0.672471	-0.472408	-0.224124	0.0678885	0.369723	0.653299	0.910566	1.11284	1.22932	1.26358	1.228	1.11546	0.922949	0.681361	0.444626	0.256303	0.131046	0.0597907	0.0245039	0.0090783	0.00305862	0.000942207	0.000266678	6.96549e-05	1.6856e-05	3.79266e-06	7.96002e-07	1.56292e-07	2.8785e-08	4.98496e-09	8.13565e-10	1.25387e-10	1.82837e-11	2.52696e-12	3.3156e-13	4.13638e-14	4.91348e-15	5.56482e-16	6.01657e-17	6.21721e-18	6.14712e-19	5.82148e-20	5.28581e-21	4.60589e-22	3.85502e-23	3.10174e-24	2.3884e-25	0	
0	-0.351612	-0.671673	-0.941431	-1.14417	-1.24679	-1.24428	-1.1875	-1.10986	-1.0151	-0.910274	-0.786527	-0.654639	-0.525664	-0.409771	-0.338392	-0.298325	-0.293518	-0.300493	-0.309565	-0.314076	-0.311972	-0.310612	-0.308196	-0.305085	-0.303088	-0.30344	-0.304269	-0.302096	-0.305854	-0.302916	-0.30394	-0.304206	-0.301943	-0.304323	-0.303943	-0.30737	-0.308229	-0.313031	-0.312475	-0.312946	-0.303424	-0.297572	-0.292064	-0.318827	-0.374833	-0.4737	-0.596793	-0.715487	-0.819076	-0.872883	-0.866147	-0.784314	-0.624801	-0.40725	-0.134326	0.172408	0.47459	0.758085	1.00322	1.17204	1.25179	1.25569	1.18405	1.02682	0.799676	0.551686	0.335962	0.181071	0.086848	0.0373116	0.0144522	0.00507814	0.00162781	0.00047846	0.000129546	3.24435e-05	7.54351e-06	1.63387e-06	3.30663e-07	6.27011e-08	1.11683e-08	1.87294e-09	2.96355e-10	4.43311e-11	6.28058e-12	8.44151e-13	1.07809e-13	1.3102e-14	1.51728e-15	1.67648e-16	1.76954e-17	1.78628e-18	1.72635e-19	1.59898e-20	1.42071e-21	1.21204e-22	9.93652e-24	7.79188e-25	0	
0	-0.441533	-0.827599	-1.14942	-1.39303	-1.50829	-1.48724	-1.37885	-1.21863	-1.04035	-0.868693	-0.697347	-0.53924	-0.409771	-0.326326	-0.290166	-0.284685	-0.29426	-0.291365	-0.283138	-0.264352	-0.254539	-0.241129	-0.235363	-0.227508	-0.229114	-0.225627	-0.226742	-0.227293	-0.227155	-0.22791	-0.227234	-0.226985	-0.227166	-0.22634	-0.228577	-0.232337	-0.237693	-0.249857	-0.259628	-0.27571	-0.288701	-0.295242	-0.289061	-0.284145	-0.306462	-0.366206	-0.473947	-0.604872	-0.735828	-0.832019	-0.875873	-0.852082	-0.741662	-0.559856	-0.315301	-0.0174555	0.295152	0.597532	0.875413	1.09184	1.21851	1.26185	1.22939	1.11062	0.907659	0.659353	0.422885	0.239664	0.120594	0.0542144	0.0219197	0.00802102	0.002672	0.000814621	0.000228382	5.91318e-05	1.41942e-05	3.1699e-06	6.60689e-07	1.28888e-07	2.35952e-08	4.06326e-09	6.59659e-10	1.01167e-10	1.4684e-11	2.02065e-12	2.64048e-13	3.28151e-14	3.88397e-15	4.3839e-16	4.72462e-17	4.86746e-18	4.79892e-19	4.53254e-20	4.1051e-21	3.56856e-22	2.98002e-23	2.37907e-24	0	
0	-0.515903	-0.961731	-1.3289	-1.59977	-1.7213	-1.68536	-1.52754	-1.29241	-1.04348	-0.809426	-0.598653	-0.441455	-0.338392	-0.290166	-0.284729	-0.290223	-0.284606	-0.263245	-0.239504	-0.222847	-0.212649	-0.204491	-0.202286	-0.202188	-0.201716	-0.203059	-0.203154	-0.205248	-0.203671	-0.205204	-0.204525	-0.203016	-0.204408	-0.201298	-0.202702	-0.201434	-0.203268	-0.208105	-0.219467	-0.230599	-0.253226	-0.276755	-0.290862	-0.286188	-0.282946	-0.307158	-0.379064	-0.490938	-0.632027	-0.763705	-0.84987	-0.877638	-0.821116	-0.681118	-0.47047	-0.192511	0.120972	0.435449	0.736725	0.993412	1.16623	1.24944	1.25415	1.174	1.00159	0.762883	0.513574	0.305215	0.160735	0.0754578	0.0317862	0.0120925	0.00417972	0.00131982	0.000382618	0.00010229	2.53197e-05	5.82384e-06	1.24883e-06	2.50395e-07	4.70707e-08	8.31664e-09	1.38421e-09	2.17479e-10	3.23169e-11	4.55004e-12	6.07982e-13	7.72199e-14	9.33589e-15	1.07586e-15	1.18327e-16	1.24352e-17	1.25012e-18	1.20349e-19	1.1106e-20	9.83353e-22	8.36134e-23	6.7933e-24	0	
0	-0.573582	-1.07268	-1.47767	-1.76271	-1.88453	-1.83599	-1.63616	-1.33949	-1.02814	-0.744347	-0.521692	-0.377288	-0.298325	-0.284685	-0.290223	-0.283608	-0.257716	-0.224497	-0.208404	-0.201638	-0.200423	-0.198105	-0.199011	-0.197333	-0.196354	-0.195136	-0.193241	-0.192302	-0.191261	-0.191504	-0.191489	-0.192586	-0.194148	-0.195011	-0.197111	-0.199047	-0.198368	-0.198766	-0.201955	-0.204972	-0.215601	-0.243203	-0.275605	-0.28912	-0.284439	-0.278927	-0.31629	-0.402483	-0.528631	-0.674602	-0.796035	-0.869094	-0.864939	-0.770759	-0.598217	-0.348108	-0.0427723	0.277373	0.593869	0.882199	1.09796	1.22117	1.2614	1.21823	1.07962	0.85847	0.604451	0.375566	0.206465	0.10098	0.0442251	0.0174576	0.00624972	0.00204055	0.000610754	0.000168349	4.29121e-05	1.01529e-05	2.23717e-06	4.6051e-07	8.87995e-08	1.60811e-08	2.74136e-09	4.40846e-10	6.70092e-11	9.64503e-12	1.31683e-12	1.70803e-13	2.10788e-14	2.47842e-15	2.78001e-16	2.97842e-17	3.05136e-18	2.9925e-19	2.81224e-20	2.53494e-21	2.19363e-22	1.81293e-23	0	
0	-0.61616	-1.16002	-1.59343	-1.8826	-2.00192	-1.94253	-1.70773	-1.36399	-1.00725	-0.692493	-0.466109	-0.338782	-0.293518	-0.29426	-0.284606	-0.257716	-0.216484	-0.200854	-0.20382	-0.208564	-0.202146	-0.196185	-0.192327	-0.186559	-0.179206	-0.17731	-0.171459	-0.171936	-0.168989	-0.169838	-0.171392	-0.17094	-0.176701	-0.178508	-0.182527	-0.190634	-0.195472	-0.198282	-0.207669	-0.20696	-0.20109	-0.205888	-0.240907	-0.275302	-0.289375	-0.281014	-0.283191	-0.334086	-0.43914	-0.583573	-0.724837	-0.833618	-0.877512	-0.830107	-0.698217	-0.481803	-0.192574	0.127502	0.452624	0.763866	1.01731	1.17969	1.25419	1.2456	1.14147	0.943511	0.692273	0.448286	0.256546	0.130395	0.0592371	0.0242117	0.00895948	0.00301915	0.000931347	0.000264254	6.92566e-05	1.68305e-05	3.80565e-06	8.03192e-07	1.58674e-07	2.94179e-08	5.13069e-09	8.43616e-10	1.31037e-10	1.92635e-11	2.68482e-12	3.55334e-13	4.47249e-14	5.36122e-15	6.12846e-16	6.68881e-17	6.97849e-18	6.96731e-19	6.66363e-20	6.11116e-21	5.37886e-22	4.51935e-23	0	
0	-0.64575	-1.22361	-1.67609	-1.96461	-2.07956	-2.00774	-1.74742	-1.37548	-0.987349	-0.654935	-0.440264	-0.334146	-0.300493	-0.291365	-0.263245	-0.224497	-0.200854	-0.210679	-0.214312	-0.202273	-0.182306	-0.181766	-0.172371	-0.165646	-0.161438	-0.162594	-0.157219	-0.158776	-0.158321	-0.15545	-0.159652	-0.156704	-0.158931	-0.163432	-0.16291	-0.16862	-0.179445	-0.180083	-0.192609	-0.211684	-0.214103	-0.201979	-0.210361	-0.245945	-0.277461	-0.281681	-0.276098	-0.296587	-0.367361	-0.497163	-0.647154	-0.780975	-0.865616	-0.862737	-0.771287	-0.592096	-0.326135	-0.0115269	0.317344	0.643782	0.928332	1.12772	1.23533	1.25878	1.1881	1.01662	0.774418	0.520946	0.30945	0.16302	0.0766327	0.032357	0.0123503	0.00428666	0.00136029	0.000396576	0.000106685	2.65867e-05	6.15964e-06	1.33097e-06	2.69009e-07	5.09926e-08	9.08746e-09	1.52596e-09	2.41935e-10	3.62858e-11	5.15729e-12	6.95767e-13	8.92333e-14	1.08951e-14	1.2681e-15	1.40877e-16	1.49557e-17	1.51893e-18	1.47735e-19	1.37746e-20	1.2323e-21	1.05191e-22	0	
0	-0.664093	-1.26488	-1.72906	-2.01441	-2.1216	-2.03757	-1.76436	-1.37832	-0.973704	-0.642522	-0.438414	-0.338973	-0.309565	-0.283138	-0.239504	-0.208404	-0.20382	-0.214312	-0.197233	-0.17481	-0.169027	-0.172698	-0.162099	-0.161347	-0.165395	-0.159485	-0.161167	-0.160177	-0.160013	-0.159807	-0.159871	-0.162074	-0.159018	-0.163203	-0.16367	-0.159935	-0.170445	-0.171312	-0.170139	-0.186925	-0.211476	-0.208333	-0.203324	-0.221179	-0.259911	-0.280793	-0.272552	-0.276225	-0.318609	-0.424351	-0.570662	-0.718204	-0.835578	-0.874352	-0.821004	-0.678883	-0.441519	-0.137931	0.190849	0.526408	0.835205	1.06813	1.20744	1.26051	1.22117	1.07749	0.849021	0.591344	0.363516	0.197941	0.096036	0.0417896	0.0164153	0.00585598	0.00190773	0.000570377	0.000157209	4.01064e-05	9.50479e-06	2.09938e-06	4.3346e-07	8.3887e-08	1.52547e-08	2.61252e-09	4.22253e-10	6.4533e-11	9.34251e-12	1.28334e-12	1.67527e-13	2.08126e-14	2.46406e-15	2.78364e-16	3.00421e-17	3.10095e-18	3.06455e-19	2.90258e-20	2.63718e-21	2.28529e-22	0	
0	-0.673201	-1.28692	-1.75639	-2.03634	-2.13431	-2.0418	-1.76547	-1.37679	-0.970784	-0.646947	-0.451212	-0.358264	-0.314076	-0.264352	-0.222847	-0.201638	-0.208564	-0.202273	-0.17481	-0.164798	-0.174662	-0.173171	-0.162559	-0.166074	-0.164946	-0.154031	-0.161147	-0.153692	-0.154132	-0.157011	-0.151195	-0.160809	-0.15541	-0.160766	-0.167931	-0.161082	-0.16887	-0.175803	-0.168884	-0.166393	-0.192378	-0.208422	-0.202172	-0.208009	-0.23575	-0.271058	-0.27527	-0.270725	-0.287578	-0.365218	-0.501627	-0.653717	-0.79279	-0.868803	-0.852029	-0.744715	-0.537993	-0.250207	0.0749989	0.41507	0.741784	1.00391	1.17299	1.2534	1.24277	1.12663	0.914984	0.657651	0.4171	0.234091	0.116911	0.0522983	0.0210918	0.00771619	0.00257514	0.000787982	0.000222092	5.78946e-05	1.401e-05	3.15781e-06	6.64965e-07	1.31182e-07	2.43055e-08	4.23928e-09	6.97529e-10	1.08483e-10	1.59766e-11	2.23182e-12	2.96187e-13	3.73975e-14	4.49869e-15	5.16242e-16	5.65809e-17	5.92969e-18	5.94846e-19	5.71783e-20	5.27118e-21	4.63301e-22	0	
0	-0.675118	-1.29308	-1.76239	-2.03628	-2.12601	-2.02804	-1.75467	-1.37361	-0.978238	-0.667143	-0.475951	-0.373717	-0.311972	-0.254539	-0.212649	-0.200423	-0.202146	-0.182306	-0.169027	-0.174662	-0.183367	-0.159674	-0.15704	-0.157209	-0.149858	-0.143216	-0.150518	-0.140348	-0.143104	-0.146893	-0.13767	-0.149199	-0.144315	-0.146337	-0.154133	-0.159904	-0.154274	-0.176022	-0.17987	-0.170319	-0.173579	-0.196781	-0.198995	-0.201922	-0.220704	-0.258407	-0.2708	-0.26712	-0.273059	-0.323255	-0.441567	-0.592728	-0.744652	-0.850128	-0.867397	-0.792814	-0.616626	-0.347674	-0.0289409	0.312167	0.651356	0.937994	1.13436	1.23984	1.25509	1.1651	0.971884	0.718491	0.468691	0.270338	0.138604	0.0635754	0.0262605	0.00982937	0.00335309	0.00104789	0.000301408	8.01286e-05	1.97629e-05	4.53758e-06	9.72846e-07	1.95312e-07	3.68119e-08	6.5289e-09	1.09199e-09	1.72579e-10	2.58193e-11	3.66295e-12	4.93554e-13	6.32556e-14	7.72196e-15	8.9905e-16	9.99535e-17	1.06236e-17	1.08062e-18	1.05305e-19	9.84004e-21	8.76346e-22	0	
0	-0.67157	-1.28697	-1.7524	-2.02052	-2.10274	-2.00142	-1.73736	-1.37325	-0.994548	-0.694487	-0.503509	-0.390998	-0.310612	-0.241129	-0.204491	-0.198105	-0.196185	-0.181766	-0.172698	-0.173171	-0.159674	-0.145721	-0.153122	-0.151445	-0.141208	-0.150404	-0.143992	-0.144706	-0.146073	-0.143728	-0.147011	-0.142889	-0.149024	-0.14611	-0.143892	-0.156185	-0.146215	-0.154043	-0.167417	-0.175051	-0.174801	-0.192668	-0.194927	-0.196009	-0.206398	-0.243118	-0.269215	-0.266803	-0.263941	-0.294545	-0.392728	-0.537218	-0.696267	-0.824186	-0.870782	-0.825857	-0.678989	-0.430521	-0.120379	0.219312	0.56658	0.873067	1.09378	1.222	1.26026	1.1943	1.01984	0.772937	0.516989	0.305568	0.160388	0.0752366	0.0317504	0.0121304	0.00422017	0.00134402	0.000393699	0.000106526	2.67266e-05	6.23922e-06	1.35949e-06	2.77278e-07	5.30731e-08	9.55612e-09	1.62213e-09	2.6011e-10	3.94733e-11	5.67903e-12	7.75827e-13	1.00792e-13	1.24699e-14	1.47111e-15	1.65696e-16	1.78386e-17	1.83768e-18	1.81338e-19	1.7156e-20	1.54646e-21	0	
0	-0.664268	-1.27249	-1.73156	-1.99396	-2.06985	-1.96882	-1.71873	-1.37454	-1.01477	-0.72669	-0.531364	-0.402593	-0.308196	-0.235363	-0.202286	-0.199011	-0.192327	-0.172371	-0.162099	-0.162559	-0.15704	-0.153122	-0.156425	-0.150194	-0.145962	-0.150253	-0.142068	-0.144186	-0.144076	-0.140063	-0.146259	-0.141157	-0.14717	-0.148312	-0.147093	-0.15562	-0.1531	-0.156083	-0.159648	-0.163139	-0.164996	-0.185123	-0.19518	-0.193138	-0.19941	-0.23068	-0.261035	-0.265584	-0.260475	-0.276359	-0.355919	-0.489452	-0.649469	-0.794383	-0.866374	-0.847315	-0.72703	-0.499292	-0.199172	0.137451	0.489464	0.811509	1.05334	1.20184	1.26025	1.21574	1.05935	0.820465	0.560947	0.338745	0.181515	0.0868476	0.0373493	0.0145297	0.00514331	0.00166557	0.000495802	0.000136258	3.47064e-05	8.22198e-06	1.81736e-06	3.75881e-07	7.29367e-08	1.33097e-08	2.28917e-09	3.71838e-10	5.7149e-11	8.32531e-12	1.15141e-12	1.5141e-13	1.89576e-14	2.26303e-15	2.5788e-16	2.80846e-17	2.92632e-18	2.92032e-19	2.79381e-20	2.54591e-21	0	
0	-0.654817	-1.25307	-1.70431	-1.96162	-2.03329	-1.93476	-1.69958	-1.37717	-1.03749	-0.757571	-0.55774	-0.417186	-0.305085	-0.227508	-0.202188	-0.197333	-0.186559	-0.165646	-0.161347	-0.166074	-0.157209	-0.151445	-0.150194	-0.144908	-0.13977	-0.141683	-0.135108	-0.137578	-0.136078	-0.134174	-0.138479	-0.134553	-0.139963	-0.140387	-0.142035	-0.14893	-0.15052	-0.154362	-0.163082	-0.164598	-0.160528	-0.177938	-0.191518	-0.192904	-0.191381	-0.217815	-0.255528	-0.266007	-0.259286	-0.262926	-0.327122	-0.451455	-0.608676	-0.763653	-0.856455	-0.860093	-0.763232	-0.555062	-0.265476	0.0670895	0.421443	0.755306	1.01491	1.18108	1.25682	1.23094	1.09115	0.860877	0.599769	0.368951	0.201259	0.0979531	0.0428185	0.0169196	0.00607968	0.00199738	0.000602906	0.000167939	4.33387e-05	1.03984e-05	2.32711e-06	4.87181e-07	9.56618e-08	1.76609e-08	3.07242e-09	5.04696e-10	7.84301e-11	1.15505e-11	1.61468e-12	2.14589e-13	2.71503e-14	3.27467e-15	3.76988e-16	4.14729e-17	4.36475e-18	4.39912e-19	4.25e-20	3.91011e-21	0	
0	-0.644556	-1.23179	-1.67498	-1.928	-1.99664	-1.90182	-1.68254	-1.3813	-1.0591	-0.787538	-0.581537	-0.423163	-0.303088	-0.229114	-0.201716	-0.196354	-0.179206	-0.161438	-0.165395	-0.164946	-0.149858	-0.141208	-0.145962	-0.13977	-0.136283	-0.141263	-0.135423	-0.137408	-0.137722	-0.134872	-0.139435	-0.134619	-0.139621	-0.138897	-0.135993	-0.145968	-0.141992	-0.14571	-0.158203	-0.168583	-0.159792	-0.17042	-0.187521	-0.19086	-0.190615	-0.209605	-0.24637	-0.262602	-0.260172	-0.257543	-0.305979	-0.41954	-0.57395	-0.735728	-0.84427	-0.866494	-0.789632	-0.59912	-0.319759	0.00839745	0.363495	0.706046	0.980132	1.16124	1.25152	1.24129	1.11608	0.894214	0.632889	0.395414	0.218952	0.108105	0.0479093	0.0191814	0.00697984	0.00232109	0.000708866	0.000199704	5.21065e-05	1.26367e-05	2.85775e-06	6.04415e-07	1.19875e-07	2.23496e-08	3.92579e-09	6.51026e-10	1.0212e-10	1.51785e-11	2.14125e-12	2.87136e-13	3.66531e-14	4.4598e-15	5.17903e-16	5.74673e-17	6.0998e-18	6.19997e-19	6.04014e-20	5.60272e-21	0	
0	-0.634713	-1.21134	-1.64696	-1.89634	-1.96336	-1.87345	-1.66826	-1.38478	-1.07871	-0.813103	-0.599508	-0.431374	-0.30344	-0.225627	-0.203059	-0.195136	-0.17731	-0.162594	-0.159485	-0.154031	-0.143216	-0.150404	-0.150253	-0.141683	-0.141263	-0.14341	-0.133742	-0.138569	-0.137183	-0.131595	-0.1416	-0.132888	-0.140368	-0.142923	-0.141196	-0.145439	-0.152572	-0.144724	-0.148647	-0.158187	-0.160412	-0.168742	-0.186201	-0.190112	-0.187109	-0.20267	-0.240448	-0.261227	-0.259919	-0.252788	-0.291628	-0.396214	-0.545781	-0.711243	-0.831942	-0.868987	-0.808257	-0.632709	-0.362575	-0.0386753	0.316235	0.664947	0.950362	1.14359	1.24561	1.24804	1.13497	0.920662	0.659935	0.417512	0.234007	0.116888	0.0523803	0.0211956	0.00779183	0.00261667	0.000806744	0.000229374	6.03837e-05	1.47717e-05	3.36899e-06	7.18472e-07	1.43659e-07	2.69981e-08	4.77963e-09	7.98759e-10	1.2625e-10	1.89063e-11	2.68697e-12	3.62964e-13	4.66693e-14	5.71939e-15	6.68907e-16	7.4747e-17	7.98946e-18	8.17703e-19	8.0211e-20	7.49031e-21	0	
0	-0.626272	-1.19377	-1.623	-1.86975	-1.93612	-1.85036	-1.65669	-1.38861	-1.09509	-0.832339	-0.613375	-0.437355	-0.304269	-0.226742	-0.203154	-0.193241	-0.171459	-0.157219	-0.161167	-0.161147	-0.150518	-0.143992	-0.142068	-0.135108	-0.135423	-0.133742	-0.131145	-0.132363	-0.131059	-0.130625	-0.132348	-0.130829	-0.133407	-0.133444	-0.135603	-0.139142	-0.143974	-0.146621	-0.157399	-0.162989	-0.156929	-0.162751	-0.181611	-0.189358	-0.185618	-0.198681	-0.236278	-0.258031	-0.259793	-0.251404	-0.281698	-0.378753	-0.524651	-0.691988	-0.821069	-0.869187	-0.820797	-0.657052	-0.39452	-0.0742812	0.280025	0.632903	0.926686	1.12917	1.24014	1.2522	1.14858	0.940474	0.680676	0.434765	0.245939	0.123942	0.056014	0.0228506	0.00846584	0.00286438	0.000889526	0.000254688	6.75053e-05	1.66237e-05	3.81598e-06	8.18965e-07	1.64772e-07	3.11552e-08	5.54876e-09	9.32787e-10	1.48295e-10	2.23357e-11	3.19244e-12	4.33674e-13	5.6072e-14	6.90966e-15	8.12537e-16	9.12896e-17	9.81019e-18	1.00941e-18	9.95418e-20	9.34369e-21	0	
0	-0.619984	-1.18071	-1.6053	-1.8502	-1.91626	-1.83398	-1.649	-1.39126	-1.10601	-0.846847	-0.624607	-0.440177	-0.302096	-0.227293	-0.205248	-0.192302	-0.171936	-0.158776	-0.160177	-0.153692	-0.140348	-0.144706	-0.144186	-0.137578	-0.137408	-0.138569	-0.132363	-0.135735	-0.134471	-0.131283	-0.137394	-0.132253	-0.136388	-0.139214	-0.136782	-0.14038	-0.146102	-0.140993	-0.146724	-0.159512	-0.15822	-0.163351	-0.181315	-0.188955	-0.186854	-0.194091	-0.230531	-0.257536	-0.260843	-0.250015	-0.275131	-0.367298	-0.510342	-0.678515	-0.812932	-0.868447	-0.828544	-0.673144	-0.416135	-0.0986126	0.25506	0.61053	0.909919	1.11875	1.23589	1.25456	1.15753	0.953906	0.694988	0.446829	0.254376	0.128977	0.0586305	0.0240518	0.00895871	0.0030468	0.000950893	0.000273574	7.28512e-05	1.80222e-05	4.15546e-06	8.95718e-07	1.80986e-07	3.43651e-08	6.14577e-09	1.03736e-09	1.65584e-10	2.50389e-11	3.59287e-12	4.89968e-13	6.35945e-14	7.86655e-15	9.28561e-16	1.04717e-16	1.1295e-17	1.16649e-18	1.15454e-19	1.08763e-20	0	
0	-0.616405	-1.17325	-1.59515	-1.83907	-1.90522	-1.82505	-1.64453	-1.39262	-1.11287	-0.854342	-0.628159	-0.443071	-0.305854	-0.227155	-0.203671	-0.191261	-0.168989	-0.158321	-0.160013	-0.154132	-0.143104	-0.146073	-0.144076	-0.136078	-0.137722	-0.137183	-0.131059	-0.134471	-0.132346	-0.1301	-0.135272	-0.130654	-0.135569	-0.136258	-0.137652	-0.139647	-0.147654	-0.14262	-0.149432	-0.158651	-0.158987	-0.160674	-0.179429	-0.187333	-0.184485	-0.194707	-0.230409	-0.255322	-0.259534	-0.249875	-0.272833	-0.361337	-0.502163	-0.670938	-0.808387	-0.867793	-0.832435	-0.681688	-0.42782	-0.111838	0.241428	0.598219	0.900609	1.11291	1.2334	1.25568	1.16227	0.961165	0.702809	0.453477	0.259057	0.131788	0.060099	0.0247293	0.009238	0.00315062	0.000985965	0.00028441	7.59302e-05	1.88306e-05	4.35242e-06	9.40404e-07	1.90458e-07	3.62466e-08	6.49689e-09	1.09907e-09	1.75818e-10	2.66441e-11	3.8314e-12	5.23605e-13	6.81033e-14	8.44182e-15	9.98525e-16	1.12837e-16	1.21957e-17	1.26206e-18	1.25164e-19	1.18142e-20	0	
0	-0.61581	-1.17195	-1.59339	-1.83727	-1.90343	-1.82329	-1.64361	-1.39331	-1.11403	-0.855304	-0.630257	-0.443188	-0.302916	-0.22791	-0.205204	-0.191504	-0.169838	-0.15545	-0.159807	-0.157011	-0.146893	-0.143728	-0.140063	-0.134174	-0.134872	-0.131595	-0.130625	-0.131283	-0.1301	-0.129979	-0.131044	-0.130824	-0.131377	-0.133799	-0.134658	-0.136328	-0.142969	-0.144905	-0.152449	-0.16032	-0.155557	-0.160677	-0.179397	-0.188795	-0.185913	-0.192884	-0.229014	-0.255801	-0.260689	-0.249815	-0.271388	-0.360033	-0.501256	-0.66996	-0.807544	-0.86751	-0.833013	-0.683144	-0.429813	-0.114051	0.239167	0.596171	0.899049	1.11192	1.23298	1.25586	1.16305	0.962373	0.704114	0.454589	0.259841	0.13226	0.0603458	0.0248433	0.00928503	0.00316812	0.000991881	0.000286239	7.64506e-05	1.89674e-05	4.38576e-06	9.47977e-07	1.92065e-07	3.6566e-08	6.55655e-09	1.10956e-09	1.77561e-10	2.69176e-11	3.87208e-12	5.29348e-13	6.88737e-14	8.54022e-15	1.0105e-15	1.14229e-16	1.23503e-17	1.27848e-18	1.26834e-19	1.19756e-20	0	
0	-0.618274	-1.17698	-1.60013	-1.84462	-1.9109	-1.82973	-1.64673	-1.39157	-1.10929	-0.850927	-0.626528	-0.441511	-0.30394	-0.227234	-0.204525	-0.191489	-0.171392	-0.159652	-0.159871	-0.151195	-0.13767	-0.147011	-0.146259	-0.138479	-0.139435	-0.1416	-0.132348	-0.137394	-0.135272	-0.131044	-0.139441	-0.131913	-0.138495	-0.140462	-0.138733	-0.14222	-0.149422	-0.13997	-0.144275	-0.157819	-0.159974	-0.162749	-0.18109	-0.187436	-0.186074	-0.194283	-0.229652	-0.256924	-0.260094	-0.249588	-0.274446	-0.364387	-0.505931	-0.674867	-0.810861	-0.867953	-0.830334	-0.677524	-0.422144	-0.105273	0.24828	0.604418	0.905289	1.11585	1.23466	1.25514	1.15992	0.957551	0.698901	0.450146	0.256705	0.130373	0.0593583	0.0243869	0.00909662	0.00309798	0.000968155	0.000278899	7.43623e-05	1.84184e-05	4.25187e-06	9.17564e-07	1.85611e-07	3.52828e-08	6.31684e-09	1.0674e-09	1.7056e-10	2.58186e-11	3.70862e-12	5.06276e-13	6.57785e-14	8.14496e-15	9.62392e-16	1.0864e-16	1.17298e-17	1.21259e-18	1.20135e-19	1.13281e-20	0	
0	-0.623589	-1.18788	-1.61486	-1.861	-1.92746	-1.84289	-1.65275	-1.39009	-1.10078	-0.8383	-0.617547	-0.439247	-0.304206	-0.226985	-0.203016	-0.192586	-0.17094	-0.156704	-0.162074	-0.160809	-0.149199	-0.142889	-0.141157	-0.134553	-0.134619	-0.132888	-0.130829	-0.132253	-0.130654	-0.130824	-0.131913	-0.130707	-0.133115	-0.132994	-0.134853	-0.137907	-0.142429	-0.145519	-0.156251	-0.163278	-0.156982	-0.162008	-0.180546	-0.188936	-0.185284	-0.197291	-0.235093	-0.257348	-0.259805	-0.251192	-0.278629	-0.372903	-0.518115	-0.686489	-0.817587	-0.868477	-0.824131	-0.664625	-0.404645	-0.0854198	0.268744	0.622822	0.919132	1.12448	1.23826	1.25333	1.15271	0.946615	0.687183	0.440226	0.249744	0.126205	0.0571862	0.0233872	0.00868541	0.00294544	0.00091673	0.000263041	6.98645e-05	1.72396e-05	3.96517e-06	8.5263e-07	1.7187e-07	3.25579e-08	5.80918e-09	9.78324e-10	1.55811e-10	2.35089e-11	3.36594e-12	4.58027e-13	5.93213e-14	7.32235e-15	8.62502e-16	9.70634e-17	1.04478e-17	1.07677e-18	1.06356e-19	9.99908e-21	0	
0	-0.631337	-1.20387	-1.63645	-1.88481	-1.95193	-1.86384	-1.66303	-1.38571	-1.08566	-0.822354	-0.606393	-0.433008	-0.301943	-0.227166	-0.204408	-0.194148	-0.176701	-0.158931	-0.159018	-0.15541	-0.144315	-0.149024	-0.14717	-0.139963	-0.139621	-0.140368	-0.133407	-0.136388	-0.135569	-0.131377	-0.138495	-0.133115	-0.137275	-0.14106	-0.139318	-0.14372	-0.149704	-0.145789	-0.149771	-0.159199	-0.15781	-0.166635	-0.185674	-0.189835	-0.188503	-0.200236	-0.236078	-0.260558	-0.260688	-0.251692	-0.287208	-0.388417	-0.536407	-0.703329	-0.827457	-0.868739	-0.813634	-0.643758	-0.376951	-0.0543529	0.300491	0.651074	0.940132	1.13739	1.24332	1.24998	1.14103	0.92939	0.669004	0.425012	0.239168	0.119925	0.0539384	0.0219025	0.00807869	0.00272174	0.000841743	0.000240044	6.33764e-05	1.55478e-05	3.55577e-06	7.60352e-07	1.52434e-07	2.87217e-08	5.09772e-09	8.54056e-10	1.35323e-10	2.03146e-11	2.89406e-12	3.91869e-13	5.05046e-14	6.20384e-15	7.2724e-16	8.14513e-17	8.72583e-18	8.95078e-19	8.79971e-20	8.23535e-21	0	
0	-0.640805	-1.22346	-1.66315	-1.91472	-1.98296	-1.89001	-1.67622	-1.38275	-1.06783	-0.797761	-0.588292	-0.428039	-0.304323	-0.22634	-0.201298	-0.195011	-0.178508	-0.163432	-0.163203	-0.160766	-0.146337	-0.14611	-0.148312	-0.140387	-0.138897	-0.142923	-0.133444	-0.139214	-0.136258	-0.133799	-0.140462	-0.132994	-0.14106	-0.140025	-0.138461	-0.145847	-0.147737	-0.144827	-0.154108	-0.16432	-0.161231	-0.170459	-0.185935	-0.189826	-0.187656	-0.206377	-0.24576	-0.262413	-0.25917	-0.255573	-0.299797	-0.408767	-0.561871	-0.726102	-0.839281	-0.86722	-0.797667	-0.614083	-0.338577	-0.0118793	0.343375	0.688648	0.967583	1.15386	1.24917	1.24439	1.12435	0.905633	0.644461	0.4048	0.225306	0.111791	0.0497763	0.0200185	0.00731578	0.00244286	0.000749025	0.00021183	5.54767e-05	1.35029e-05	3.06443e-06	6.50368e-07	1.29426e-07	2.42101e-08	4.26645e-09	7.09783e-10	1.11687e-10	1.66522e-11	2.35634e-12	3.16936e-13	4.0578e-14	4.95198e-15	5.76741e-16	6.41815e-17	6.83203e-18	6.96397e-19	6.80359e-20	6.32828e-21	0	
0	-0.651099	-1.2448	-1.69238	-1.94785	-2.0185	-1.92152	-1.69237	-1.37825	-1.04642	-0.770729	-0.567673	-0.418958	-0.303943	-0.228577	-0.202702	-0.197111	-0.182527	-0.16291	-0.16367	-0.167931	-0.154133	-0.143892	-0.147093	-0.142035	-0.135993	-0.141196	-0.135603	-0.136782	-0.137652	-0.134658	-0.138733	-0.134853	-0.139318	-0.138461	-0.138576	-0.146876	-0.143406	-0.149706	-0.162543	-0.168137	-0.159566	-0.173788	-0.189488	-0.192956	-0.191874	-0.214209	-0.251258	-0.264302	-0.259832	-0.260524	-0.317488	-0.437519	-0.594392	-0.752574	-0.851493	-0.862695	-0.774749	-0.574394	-0.288921	0.042167	0.397104	0.73477	1.00051	1.17297	1.25486	1.23562	1.10194	0.875084	0.613734	0.380013	0.208601	0.102137	0.044904	0.0178409	0.00644436	0.00212786	0.000645407	0.00018062	4.68232e-05	1.12841e-05	2.53617e-06	5.33178e-07	1.05123e-07	1.94857e-08	3.40325e-09	5.61207e-10	8.75442e-11	1.29411e-11	1.81578e-12	2.42194e-13	3.07533e-14	3.72243e-15	4.30041e-16	4.74737e-17	5.01347e-18	5.07014e-19	4.91478e-20	4.53659e-21	0	
0	-0.661043	-1.26541	-1.72106	-1.98116	-2.05536	-1.95538	-1.711	-1.375	-1.02376	-0.739955	-0.542062	-0.407848	-0.30737	-0.232337	-0.201434	-0.199047	-0.190634	-0.16862	-0.159935	-0.161082	-0.159904	-0.156185	-0.15562	-0.14893	-0.145968	-0.145439	-0.139142	-0.14038	-0.139647	-0.136328	-0.14222	-0.137907	-0.14372	-0.145847	-0.146876	-0.152988	-0.15654	-0.158588	-0.160685	-0.160262	-0.162734	-0.18159	-0.194892	-0.193043	-0.195003	-0.226434	-0.258217	-0.265178	-0.260621	-0.270296	-0.342949	-0.473349	-0.632777	-0.782105	-0.862588	-0.852961	-0.742828	-0.523424	-0.227434	0.107873	0.46118	0.788363	1.03766	1.19353	1.25922	1.22253	1.073	0.837518	0.577134	0.351217	0.189598	0.0913589	0.0395553	0.0154872	0.00551613	0.00179689	0.00053795	0.000148656	3.80668e-05	9.06484e-06	2.01377e-06	4.18556e-07	8.1608e-08	1.49622e-08	2.58525e-09	4.2183e-10	6.51208e-11	9.52807e-12	1.32342e-12	1.74766e-13	2.19734e-14	2.63384e-15	3.01354e-16	3.2951e-17	3.447e-18	3.45341e-19	3.31662e-20	3.03373e-21	0	
0	-0.669316	-1.28229	-1.74518	-2.01076	-2.09004	-1.98859	-1.73048	-1.37393	-1.00118	-0.706619	-0.516455	-0.396579	-0.308229	-0.237693	-0.203268	-0.198368	-0.195472	-0.179445	-0.170445	-0.16887	-0.154274	-0.146215	-0.1531	-0.15052	-0.141992	-0.152572	-0.143974	-0.146102	-0.147654	-0.142969	-0.149422	-0.142429	-0.149704	-0.147737	-0.143406	-0.15654	-0.14607	-0.150796	-0.161838	-0.172593	-0.172044	-0.190672	-0.195608	-0.193936	-0.203402	-0.236107	-0.265983	-0.268445	-0.262149	-0.285195	-0.376723	-0.517487	-0.677195	-0.812439	-0.869634	-0.835502	-0.699844	-0.459919	-0.153622	0.18517	0.534787	0.847991	1.07751	1.21412	1.2608	1.20377	1.03668	0.792828	0.535145	0.319122	0.168936	0.0798935	0.0339779	0.0130777	0.00458206	0.00146921	0.000433192	0.000117953	2.97748e-05	6.99211e-06	1.53234e-06	3.1429e-07	6.04875e-08	1.09496e-08	1.86842e-09	3.01144e-10	4.59311e-11	6.64085e-12	9.1164e-13	1.19003e-13	1.47923e-14	1.7532e-15	1.98371e-16	2.14527e-17	2.21983e-18	2.20008e-19	2.09048e-20	1.89233e-21	0	
0	-0.674456	-1.29212	-1.76016	-2.03169	-2.11816	-2.01796	-1.74758	-1.37383	-0.98508	-0.676625	-0.485378	-0.381157	-0.313031	-0.249857	-0.208105	-0.198766	-0.198282	-0.180083	-0.171312	-0.175803	-0.176022	-0.154043	-0.156083	-0.154362	-0.14571	-0.144724	-0.146621	-0.140993	-0.14262	-0.144905	-0.13997	-0.145519	-0.145789	-0.144827	-0.149706	-0.158588	-0.150796	-0.168698	-0.177711	-0.173083	-0.172949	-0.193733	-0.196136	-0.199033	-0.214129	-0.25442	-0.271705	-0.265417	-0.267787	-0.310341	-0.421058	-0.570171	-0.72502	-0.840073	-0.869943	-0.807712	-0.643463	-0.38269	-0.0672049	0.273696	0.616692	0.911832	1.11828	1.23312	1.25794	1.17787	0.992178	0.741105	0.488467	0.284591	0.147323	0.0681973	0.0284168	0.0107255	0.00368806	0.00116141	0.000336525	9.01011e-05	2.23754e-05	5.17166e-06	1.11597e-06	2.25457e-07	4.27543e-08	7.62827e-09	1.28333e-09	2.03981e-10	3.06885e-11	4.37767e-12	5.93039e-13	7.64088e-14	9.3762e-15	1.09724e-15	1.22602e-16	1.30953e-17	1.33854e-18	1.31067e-19	1.23054e-20	1.10096e-21	0	
0	-0.674793	-1.29124	-1.76127	-2.03875	-2.13319	-2.03799	-1.76179	-1.37502	-0.972843	-0.654207	-0.460488	-0.36439	-0.312475	-0.259628	-0.219467	-0.201955	-0.207669	-0.192609	-0.170139	-0.168884	-0.17987	-0.167417	-0.159648	-0.163082	-0.158203	-0.148647	-0.157399	-0.146724	-0.149432	-0.152449	-0.144275	-0.156251	-0.149771	-0.154108	-0.162543	-0.160685	-0.161838	-0.177711	-0.174039	-0.166107	-0.182702	-0.204496	-0.20219	-0.205888	-0.229706	-0.265282	-0.272469	-0.269252	-0.280607	-0.34669	-0.477227	-0.628723	-0.772913	-0.862442	-0.86037	-0.766066	-0.571372	-0.291029	0.0317669	0.37271	0.705134	0.977664	1.15795	1.24865	1.24874	1.1433	0.938896	0.682731	0.438045	0.248615	0.125502	0.0567164	0.0230966	0.00852814	0.00287139	0.000886105	0.00025179	6.6153e-05	1.61302e-05	3.66248e-06	7.76743e-07	1.54296e-07	2.8781e-08	5.05292e-09	8.3674e-10	1.3095e-10	1.94036e-11	2.7268e-12	3.64004e-13	4.62252e-14	5.59203e-15	6.45268e-16	7.11078e-17	7.49202e-18	7.55532e-19	7.3e-20	6.76406e-21	5.97459e-22	0	
