0	0	0	0	0	0	0	0	0	0	0	0	0	0	0	0	0	0	0	0	0	0	0	0	0	0	0	0	0	0	0	0	0	0	0	0	0	0	0	0	0	0	0	0	0	0	0	0	0	0	0	0	0	0	0	0	0	0	0	0	0	0	0	0	0	0	0	0	0	0	0	0	0	0	0	0	0	0	0	0	0	0	0	0	0	0	0	0	0	0	0	0	0	0	0	0	0	0	0	0	
0	-0.0320378	-0.057766	-0.0716035	-0.0749455	-0.0813906	-0.102337	-0.141666	-0.190376	-0.237632	-0.274277	-0.298569	-0.307388	-0.293128	-0.251894	-0.192674	-0.130534	-0.0727257	-0.0201932	0.0260904	0.0648158	0.0915063	0.108462	0.123897	0.141991	0.155439	0.158199	0.151737	0.140027	0.128595	0.118139	0.110369	0.109148	0.11306	0.114588	0.106433	0.0892289	0.06971	0.0520675	0.0302313	-0.00135212	-0.0421105	-0.0885459	-0.135227	-0.178547	-0.213593	-0.233433	-0.232863	-0.212994	-0.180222	-0.138532	-0.0910339	-0.0497506	-0.0225798	-0.00945339	-0.00284258	0.00366192	0.0100927	0.0164549	0.026801	0.0431123	0.0629727	0.0756661	0.0753531	0.0724464	0.077412	0.0934844	0.10919	0.114601	0.111584	0.102547	0.090098	0.0715887	0.0426813	0.0105692	-0.0157991	-0.0301713	-0.0349135	-0.0351365	-0.0351346	-0.0372338	-0.0371162	-0.0347083	-0.0326359	-0.0315336	-0.0307841	-0.0310595	-0.0291568	-0.024309	-0.0180764	-0.00957936	-0.00206636	0.00344982	0.00760268	0.00922242	0.00839291	0.00654627	0.00430078	0.00194025	0	
0	-0.057766	-0.102575	-0.128414	-0.146018	-0.17315	-0.223087	-0.296226	-0.387843	-0.47956	-0.551246	-0.588329	-0.589042	-0.550562	-0.471918	-0.365534	-0.24841	-0.13477	-0.0317178	0.0535676	0.122876	0.174329	0.211055	0.245088	0.279179	0.302059	0.304265	0.291045	0.269045	0.250762	0.236371	0.227918	0.226455	0.230002	0.22737	0.210791	0.178962	0.140667	0.0980981	0.0472934	-0.0194407	-0.0950069	-0.178749	-0.261925	-0.337357	-0.395155	-0.427815	-0.428537	-0.400228	-0.346338	-0.273545	-0.192226	-0.119892	-0.0677293	-0.0342122	-0.0147607	-0.00192366	0.0100575	0.0295918	0.0579967	0.0909463	0.123328	0.142966	0.149496	0.155281	0.16638	0.187313	0.209817	0.222258	0.220917	0.20306	0.170762	0.12801	0.0748499	0.0230362	-0.0206132	-0.0484506	-0.060723	-0.0674214	-0.0695645	-0.072229	-0.0743002	-0.0733533	-0.0727376	-0.0711369	-0.0674238	-0.0632442	-0.0538583	-0.0411671	-0.0289906	-0.0148751	0.000218454	0.0127901	0.0197995	0.0200817	0.0124502	0.0033981	-0.00215326	-0.00417164	0	
0	-0.0716035	-0.128414	-0.170285	-0.212294	-0.276689	-0.363715	-0.472691	-0.59606	-0.720459	-0.812014	-0.848725	-0.827646	-0.756001	-0.641002	-0.49503	-0.335569	-0.177009	-0.0356034	0.0783332	0.1725	0.247599	0.305419	0.353243	0.396148	0.422706	0.426959	0.4139	0.389682	0.369689	0.357846	0.352963	0.353161	0.35136	0.33918	0.310761	0.26468	0.2025	0.128215	0.0393147	-0.0586982	-0.159046	-0.264241	-0.368424	-0.460429	-0.527465	-0.563361	-0.566214	-0.536151	-0.477846	-0.396395	-0.300101	-0.213892	-0.144052	-0.0894717	-0.0489811	-0.0199021	0.00716533	0.0460924	0.0969855	0.140957	0.1733	0.196688	0.215633	0.238767	0.26039	0.285609	0.31009	0.325807	0.326704	0.297524	0.243282	0.175804	0.0991676	0.0296888	-0.0253104	-0.0609265	-0.0817566	-0.0917959	-0.0957695	-0.102641	-0.106927	-0.110689	-0.11693	-0.119235	-0.111194	-0.0972734	-0.0758672	-0.0515931	-0.0307342	-0.00831754	0.010235	0.0226703	0.0288184	0.0237732	0.0090596	-0.00595648	-0.0138447	-0.0113276	0	
0	-0.0749455	-0.146018	-0.212294	-0.289628	-0.39429	-0.527289	-0.672665	-0.821388	-0.953331	-1.04296	-1.06662	-1.02358	-0.919978	-0.765764	-0.581974	-0.388485	-0.20386	-0.041225	0.091056	0.207615	0.307757	0.382496	0.436679	0.478212	0.506377	0.519201	0.521058	0.508116	0.495622	0.485878	0.480631	0.473692	0.459982	0.432223	0.389679	0.326186	0.240708	0.131835	0.00964594	-0.115863	-0.227053	-0.337342	-0.445891	-0.542916	-0.612545	-0.650992	-0.655861	-0.631237	-0.576092	-0.496646	-0.405239	-0.318925	-0.240971	-0.166975	-0.104161	-0.0531106	-0.00465673	0.0560029	0.120468	0.171272	0.210507	0.240406	0.270377	0.308717	0.346566	0.386911	0.4229	0.44076	0.433725	0.392743	0.321174	0.230556	0.126881	0.0345436	-0.0364871	-0.0782877	-0.0970502	-0.111515	-0.121654	-0.133954	-0.144792	-0.149913	-0.154923	-0.154913	-0.144966	-0.128048	-0.0976407	-0.0620433	-0.032797	-0.00728127	0.0133962	0.0261394	0.0292484	0.0231175	0.0064747	-0.00902168	-0.0153698	-0.013621	0	
0	-0.0813906	-0.17315	-0.276689	-0.39429	-0.543225	-0.714619	-0.89267	-1.05136	-1.17605	-1.24384	-1.2465	-1.18256	-1.05277	-0.864475	-0.643679	-0.423499	-0.222237	-0.0499278	0.0946496	0.230254	0.349449	0.435659	0.489984	0.52957	0.559538	0.585428	0.609404	0.620624	0.624386	0.61901	0.603048	0.577061	0.54071	0.493556	0.434704	0.357151	0.251724	0.120128	-0.0309816	-0.1771	-0.298362	-0.405377	-0.50407	-0.592745	-0.660851	-0.70241	-0.713076	-0.692377	-0.647035	-0.581962	-0.497802	-0.416986	-0.339589	-0.26178	-0.183281	-0.107367	-0.0359455	0.0348055	0.103514	0.159459	0.212711	0.265874	0.315512	0.372743	0.433093	0.498493	0.547695	0.56279	0.546556	0.492668	0.410384	0.307231	0.181363	0.0599691	-0.0371055	-0.0970027	-0.129358	-0.147564	-0.160365	-0.178179	-0.187541	-0.187413	-0.185524	-0.177755	-0.15916	-0.137417	-0.107879	-0.0750117	-0.047058	-0.0176214	0.00561868	0.0193419	0.0250819	0.018087	0.000366861	-0.0155712	-0.0221848	-0.016509	0	
0	-0.102337	-0.223087	-0.363715	-0.527289	-0.714619	-0.912727	-1.09518	-1.2481	-1.3537	-1.39835	-1.37461	-1.28882	-1.13905	-0.928177	-0.686613	-0.450831	-0.242299	-0.0623067	0.0929657	0.240924	0.367905	0.454253	0.509767	0.555569	0.59779	0.638877	0.684605	0.719719	0.744183	0.742859	0.713021	0.659789	0.595711	0.524286	0.446614	0.352772	0.237735	0.0953204	-0.0667824	-0.230839	-0.361048	-0.4635	-0.545182	-0.615437	-0.672835	-0.714356	-0.728765	-0.717287	-0.682951	-0.631065	-0.565985	-0.500586	-0.435079	-0.358222	-0.271836	-0.182294	-0.100189	-0.0238175	0.0472588	0.116292	0.196501	0.276851	0.353163	0.435394	0.517621	0.598583	0.65791	0.675536	0.654013	0.593304	0.501597	0.387151	0.246831	0.106296	-0.017578	-0.104438	-0.155039	-0.189467	-0.209758	-0.225365	-0.230476	-0.22058	-0.20665	-0.188277	-0.164916	-0.144402	-0.11606	-0.0855167	-0.0616869	-0.036624	-0.011605	0.00735741	0.0153996	0.0104252	-0.00989931	-0.0288334	-0.034015	-0.025606	0	
0	-0.141666	-0.296226	-0.472691	-0.672665	-0.89267	-1.09518	-1.26097	-1.38324	-1.46456	-1.48537	-1.44033	-1.33355	-1.16755	-0.948237	-0.705128	-0.473993	-0.265447	-0.0775024	0.0920996	0.250384	0.377127	0.458582	0.515802	0.576683	0.637572	0.694753	0.753078	0.801607	0.835714	0.834674	0.790835	0.716153	0.630006	0.538501	0.440796	0.331696	0.206997	0.0657524	-0.0977915	-0.263638	-0.39609	-0.491853	-0.555248	-0.601957	-0.639851	-0.67215	-0.69083	-0.690753	-0.675825	-0.649871	-0.609094	-0.573736	-0.533435	-0.470172	-0.379159	-0.277366	-0.184347	-0.0985786	-0.011234	0.0744002	0.170605	0.275484	0.380696	0.491441	0.591121	0.678183	0.736486	0.75449	0.736616	0.674731	0.579637	0.460888	0.312488	0.15875	0.0195854	-0.0854472	-0.15913	-0.209331	-0.237968	-0.257708	-0.259496	-0.24719	-0.236316	-0.222332	-0.197509	-0.169984	-0.134539	-0.0980308	-0.0694526	-0.0397049	-0.0137132	0.00394229	0.0122771	0.00410629	-0.0193303	-0.0397515	-0.0454895	-0.0313763	0	
0	-0.190376	-0.387843	-0.59606	-0.821388	-1.05136	-1.2481	-1.38324	-1.46667	-1.50876	-1.50382	-1.44007	-1.32017	-1.1479	-0.935399	-0.711128	-0.497191	-0.295176	-0.100757	0.0795857	0.246928	0.378449	0.462752	0.527114	0.600507	0.675636	0.742141	0.805598	0.853659	0.883547	0.872619	0.815513	0.726948	0.629197	0.52683	0.417578	0.29614	0.166738	0.0267107	-0.125975	-0.279753	-0.396666	-0.475544	-0.521566	-0.548494	-0.567226	-0.589845	-0.613176	-0.633083	-0.643554	-0.644481	-0.641067	-0.643579	-0.634344	-0.584208	-0.495953	-0.390518	-0.2846	-0.172449	-0.0551621	0.0567323	0.172082	0.289623	0.411212	0.535191	0.639882	0.723441	0.777234	0.791335	0.772064	0.715315	0.626102	0.510081	0.36254	0.212404	0.076793	-0.0277162	-0.106468	-0.174206	-0.225872	-0.266168	-0.287951	-0.291226	-0.289862	-0.280063	-0.255477	-0.22307	-0.173585	-0.11892	-0.0745781	-0.0347594	-0.00159224	0.0195881	0.0261207	0.0169256	-0.00960569	-0.0337025	-0.0409209	-0.0304122	0	
0	-0.237632	-0.47956	-0.720459	-0.953331	-1.17605	-1.3537	-1.46456	-1.50876	-1.50912	-1.46762	-1.38396	-1.25902	-1.09973	-0.91553	-0.721395	-0.52623	-0.328423	-0.13408	0.0479093	0.22131	0.367439	0.468501	0.544568	0.623492	0.700193	0.76733	0.826745	0.864792	0.879502	0.855561	0.791319	0.698809	0.59835	0.492122	0.3792	0.256897	0.126117	-0.00968218	-0.152538	-0.284351	-0.375029	-0.433282	-0.464729	-0.477193	-0.477084	-0.485364	-0.511678	-0.551459	-0.594244	-0.635503	-0.669132	-0.707755	-0.726884	-0.698842	-0.620347	-0.510502	-0.383493	-0.238247	-0.0844885	0.0542183	0.187796	0.321207	0.447975	0.569312	0.666566	0.739914	0.777681	0.775214	0.747595	0.695826	0.624773	0.533801	0.413825	0.286993	0.168923	0.0729581	-0.0102606	-0.092901	-0.171383	-0.250367	-0.311092	-0.34424	-0.362111	-0.358652	-0.327977	-0.282309	-0.218841	-0.149145	-0.0868424	-0.0290342	0.0171595	0.0443637	0.0515467	0.0359821	0.00218803	-0.0268026	-0.0386018	-0.0287211	0	
0	-0.274277	-0.551246	-0.812014	-1.04296	-1.24384	-1.39835	-1.48537	-1.50382	-1.46762	-1.39024	-1.28433	-1.16578	-1.03863	-0.897745	-0.737914	-0.560289	-0.37021	-0.181267	-0.0027879	0.176265	0.33786	0.458327	0.547929	0.633043	0.711807	0.776506	0.826367	0.846142	0.841501	0.808523	0.745937	0.65889	0.557491	0.44667	0.331458	0.211764	0.0884746	-0.0389436	-0.166838	-0.276649	-0.34238	-0.378375	-0.396417	-0.397894	-0.385061	-0.380417	-0.401923	-0.455031	-0.530874	-0.61488	-0.69306	-0.762439	-0.802971	-0.791004	-0.726058	-0.616249	-0.469999	-0.295479	-0.114371	0.0506125	0.205003	0.344102	0.464715	0.569144	0.64964	0.707626	0.731577	0.716767	0.683851	0.639082	0.59026	0.537908	0.463457	0.377776	0.287458	0.205465	0.123178	0.0246591	-0.087481	-0.207598	-0.309311	-0.377706	-0.41766	-0.425327	-0.398736	-0.349972	-0.275374	-0.189829	-0.112059	-0.0408052	0.0176242	0.0536546	0.0644689	0.0502556	0.0130015	-0.0227647	-0.0387439	-0.030829	0	
0	-0.298569	-0.588329	-0.848725	-1.06662	-1.2465	-1.37461	-1.44033	-1.44007	-1.38396	-1.28433	-1.17156	-1.06984	-0.977961	-0.873238	-0.742951	-0.588	-0.414038	-0.233411	-0.0538263	0.129627	0.299433	0.429367	0.530361	0.625572	0.709711	0.771501	0.807458	0.807132	0.784305	0.74328	0.685664	0.605275	0.508367	0.397875	0.284901	0.172444	0.0582437	-0.0575621	-0.170548	-0.258938	-0.29848	-0.311935	-0.314163	-0.307472	-0.289473	-0.281617	-0.303984	-0.366591	-0.465964	-0.587083	-0.699699	-0.794815	-0.852881	-0.856132	-0.796314	-0.679277	-0.518592	-0.32805	-0.131098	0.0444155	0.200485	0.331558	0.432339	0.517041	0.581139	0.626889	0.645746	0.635031	0.609752	0.580464	0.558616	0.541444	0.508324	0.459027	0.398905	0.337122	0.257994	0.145194	0.010918	-0.135089	-0.26661	-0.364896	-0.437859	-0.473979	-0.462881	-0.416143	-0.336	-0.242608	-0.154685	-0.0738328	-0.00533254	0.0424913	0.0640837	0.0549358	0.0191448	-0.0163234	-0.0343558	-0.0279548	0	
0	-0.307388	-0.589042	-0.827646	-1.02358	-1.18256	-1.28882	-1.33355	-1.32017	-1.25902	-1.16578	-1.06984	-0.99093	-0.917203	-0.828992	-0.718518	-0.588941	-0.437849	-0.270415	-0.0954059	0.0880382	0.257797	0.39092	0.496181	0.594244	0.675152	0.726365	0.747861	0.733821	0.697372	0.647534	0.585127	0.510412	0.426535	0.33569	0.240536	0.141032	0.0376068	-0.0657761	-0.163465	-0.232024	-0.249501	-0.235321	-0.215938	-0.202424	-0.194513	-0.20188	-0.235938	-0.307276	-0.418389	-0.553771	-0.684689	-0.796438	-0.867278	-0.873246	-0.808813	-0.685251	-0.518888	-0.324358	-0.122629	0.0565693	0.201767	0.306211	0.378701	0.433783	0.475422	0.509774	0.530112	0.530923	0.526956	0.524347	0.530903	0.541416	0.532143	0.511101	0.482472	0.442818	0.369835	0.25364	0.10741	-0.0544768	-0.204886	-0.330342	-0.429211	-0.488911	-0.498753	-0.465393	-0.392185	-0.298004	-0.204194	-0.113916	-0.0339258	0.0232048	0.0527922	0.0530204	0.025567	-0.00648859	-0.0250494	-0.0224207	0	
0	-0.293128	-0.550562	-0.756001	-0.919978	-1.05277	-1.13905	-1.16755	-1.1479	-1.09973	-1.03863	-0.977961	-0.917203	-0.847332	-0.761352	-0.662385	-0.551284	-0.42454	-0.282918	-0.124831	0.0509692	0.220846	0.352929	0.454074	0.541203	0.60477	0.635624	0.639809	0.616009	0.574147	0.516483	0.449413	0.378694	0.317425	0.259497	0.195991	0.119749	0.0340377	-0.0537129	-0.134918	-0.187504	-0.186356	-0.152422	-0.11601	-0.0958585	-0.0961628	-0.126161	-0.187988	-0.278728	-0.39406	-0.525861	-0.65633	-0.77297	-0.847522	-0.849213	-0.772099	-0.638514	-0.47092	-0.277118	-0.076304	0.094063	0.219584	0.296037	0.331469	0.349	0.357505	0.367826	0.379053	0.38758	0.403277	0.434602	0.476951	0.514775	0.537156	0.547437	0.544432	0.522782	0.462981	0.353183	0.205929	0.032876	-0.139438	-0.284664	-0.403619	-0.482946	-0.511208	-0.495719	-0.435382	-0.346515	-0.247565	-0.147819	-0.0578263	0.0099847	0.0467652	0.0495657	0.0241246	-0.0046246	-0.0206855	-0.018482	0	
0	-0.251894	-0.471918	-0.641002	-0.765764	-0.864475	-0.928177	-0.948237	-0.935399	-0.91553	-0.897745	-0.873238	-0.828992	-0.761352	-0.678089	-0.585015	-0.48842	-0.388285	-0.277476	-0.141282	0.0252354	0.188564	0.313746	0.404167	0.476004	0.518008	0.522808	0.503504	0.46988	0.427523	0.374005	0.308441	0.247393	0.207848	0.184577	0.15767	0.114731	0.0571984	-0.00589339	-0.0698716	-0.110361	-0.102565	-0.0591713	-0.0144355	0.005965	-0.00758581	-0.0613362	-0.151663	-0.264385	-0.385426	-0.508458	-0.628613	-0.739915	-0.80894	-0.798975	-0.708728	-0.564761	-0.387076	-0.188331	0.00652123	0.160175	0.255357	0.291679	0.281911	0.24709	0.210785	0.191765	0.19016	0.203938	0.243041	0.302706	0.37434	0.449057	0.510292	0.557464	0.587696	0.596855	0.566041	0.477373	0.330118	0.141628	-0.0498519	-0.221358	-0.365217	-0.469045	-0.521106	-0.519676	-0.46788	-0.38108	-0.28055	-0.176715	-0.0796881	-0.00706836	0.0334809	0.0400208	0.0167162	-0.0137338	-0.0314592	-0.025659	0	
0	-0.192674	-0.365534	-0.49503	-0.581974	-0.643679	-0.686613	-0.705128	-0.711128	-0.721395	-0.737914	-0.742951	-0.718518	-0.662385	-0.585015	-0.502306	-0.42526	-0.350506	-0.261505	-0.140638	0.00768024	0.151492	0.258834	0.334163	0.387346	0.406429	0.385966	0.346073	0.304261	0.265825	0.220358	0.166446	0.12077	0.105721	0.116567	0.131062	0.128918	0.106364	0.0667117	0.0192519	-0.0107927	0.000795473	0.0396885	0.0717968	0.0770727	0.0453885	-0.0322388	-0.147865	-0.274094	-0.391875	-0.500749	-0.607321	-0.701742	-0.752774	-0.727804	-0.624357	-0.463753	-0.268025	-0.0598556	0.123805	0.245324	0.296867	0.282648	0.216917	0.130052	0.0509894	0.000800519	-0.0136539	0.00542318	0.0556133	0.134136	0.232955	0.339671	0.441151	0.527616	0.601423	0.660384	0.673168	0.608675	0.470806	0.282908	0.0755689	-0.124338	-0.30489	-0.442331	-0.516358	-0.527015	-0.480235	-0.398207	-0.302887	-0.2054	-0.115197	-0.0437454	-0.00241124	0.00298472	-0.0198916	-0.0456395	-0.0534617	-0.0363935	0	
0	-0.130534	-0.24841	-0.335569	-0.388485	-0.423499	-0.450831	-0.473993	-0.497191	-0.52623	-0.560289	-0.588	-0.588941	-0.551284	-0.48842	-0.42526	-0.370078	-0.309833	-0.229224	-0.12475	-0.00285058	0.11253	0.196337	0.245753	0.269212	0.262407	0.226693	0.178604	0.132997	0.0904517	0.0481117	0.00782112	-0.0135743	0.000569559	0.0478337	0.104747	0.147454	0.162867	0.151439	0.121576	0.100918	0.109313	0.13153	0.136712	0.109473	0.0472023	-0.051142	-0.175332	-0.300992	-0.410297	-0.505451	-0.589335	-0.653324	-0.671786	-0.620824	-0.499704	-0.324532	-0.117783	0.0865446	0.246839	0.33369	0.339728	0.274978	0.160109	0.0271352	-0.0899401	-0.168796	-0.202281	-0.192753	-0.14233	-0.0546923	0.064785	0.200779	0.333077	0.461134	0.590238	0.700945	0.751185	0.715714	0.600218	0.422566	0.209806	-0.0122239	-0.217984	-0.380686	-0.47983	-0.507814	-0.477017	-0.407072	-0.319615	-0.230076	-0.149022	-0.0913458	-0.0632156	-0.0623425	-0.0783226	-0.0913397	-0.0849683	-0.0523265	0	
0	-0.0727257	-0.13477	-0.177009	-0.20386	-0.222237	-0.242299	-0.265447	-0.295176	-0.328423	-0.37021	-0.414038	-0.437849	-0.42454	-0.388285	-0.350506	-0.309833	-0.254992	-0.185463	-0.102892	-0.00921997	0.0774593	0.128458	0.140876	0.129359	0.104225	0.0670368	0.0214875	-0.0298279	-0.0830095	-0.125786	-0.150016	-0.146668	-0.109505	-0.0384895	0.0505671	0.133669	0.192532	0.216118	0.211203	0.203315	0.205473	0.206544	0.181198	0.125357	0.0392966	-0.0745267	-0.204968	-0.327706	-0.431236	-0.51301	-0.573543	-0.597554	-0.572359	-0.485655	-0.33895	-0.149724	0.0536763	0.236363	0.365025	0.41701	0.386625	0.282941	0.131357	-0.0356588	-0.186044	-0.298222	-0.362697	-0.37818	-0.342645	-0.251101	-0.115728	0.0393903	0.202731	0.37442	0.549713	0.699011	0.785685	0.788564	0.703313	0.541003	0.32985	0.102231	-0.115841	-0.299744	-0.426556	-0.48523	-0.479697	-0.424478	-0.343819	-0.257195	-0.180308	-0.124695	-0.0969314	-0.0969702	-0.110497	-0.118081	-0.102458	-0.0598657	0	
0	-0.0201932	-0.0317178	-0.0356034	-0.041225	-0.0499278	-0.0623067	-0.0775024	-0.100757	-0.13408	-0.181267	-0.233411	-0.270415	-0.282918	-0.277476	-0.261505	-0.229224	-0.185463	-0.13392	-0.0720491	-0.00221038	0.0485342	0.0585192	0.0349353	0.000747096	-0.0328421	-0.0677521	-0.114267	-0.173068	-0.233267	-0.273736	-0.285432	-0.267812	-0.221028	-0.140136	-0.0326441	0.0836224	0.183224	0.246026	0.272024	0.278905	0.279003	0.26449	0.219941	0.143959	0.0422574	-0.0770288	-0.204597	-0.325628	-0.426152	-0.498948	-0.537431	-0.532509	-0.47628	-0.357856	-0.184116	0.0189827	0.215705	0.376359	0.475839	0.500051	0.440779	0.310604	0.131804	-0.0644786	-0.247327	-0.395021	-0.493861	-0.536456	-0.515335	-0.428395	-0.291911	-0.127692	0.0591808	0.262975	0.470202	0.654981	0.786703	0.832643	0.775532	0.628926	0.426659	0.196737	-0.0361265	-0.243642	-0.396796	-0.474437	-0.482569	-0.4374	-0.361398	-0.274256	-0.18995	-0.123229	-0.0859264	-0.0782464	-0.0883546	-0.0994871	-0.0905117	-0.0549027	0	
0	0.0260904	0.0535676	0.0783332	0.091056	0.0946496	0.0929657	0.0920996	0.0795857	0.0479093	-0.0027879	-0.0538263	-0.0954059	-0.124831	-0.141282	-0.140638	-0.12475	-0.102892	-0.0720491	-0.0291054	0.0088219	0.0154427	-0.0136149	-0.0588327	-0.106049	-0.145277	-0.183759	-0.2332	-0.292098	-0.350241	-0.387785	-0.39823	-0.37575	-0.323189	-0.234749	-0.114286	0.0193391	0.143119	0.234974	0.289201	0.316656	0.320522	0.300715	0.246003	0.162032	0.0578239	-0.0555737	-0.174506	-0.288353	-0.384862	-0.447606	-0.473592	-0.453422	-0.380344	-0.243835	-0.0541346	0.154594	0.345615	0.491078	0.570559	0.571715	0.491813	0.344257	0.15284	-0.061864	-0.272314	-0.453349	-0.588384	-0.659864	-0.657325	-0.583383	-0.454583	-0.284984	-0.0862904	0.130221	0.35707	0.573414	0.743882	0.824076	0.795831	0.677596	0.494521	0.261913	0.0148635	-0.208014	-0.373762	-0.46073	-0.476052	-0.43314	-0.356599	-0.262621	-0.169485	-0.094033	-0.0463884	-0.0327522	-0.0394849	-0.0516489	-0.0513194	-0.0317826	0	
0	0.0648158	0.122876	0.1725	0.207615	0.230254	0.240924	0.250384	0.246928	0.22131	0.176265	0.129627	0.0880382	0.0509692	0.0252354	0.00768024	-0.00285058	-0.00921997	-0.00221038	0.0088219	0.00578763	-0.0262074	-0.0767251	-0.134429	-0.188522	-0.233302	-0.274032	-0.323128	-0.376532	-0.428271	-0.468376	-0.483175	-0.459699	-0.39955	-0.298799	-0.170655	-0.0343269	0.0927659	0.19376	0.263739	0.303972	0.317964	0.303548	0.255744	0.182422	0.0926436	-0.00442458	-0.109331	-0.216378	-0.306907	-0.362759	-0.379732	-0.351093	-0.269397	-0.125809	0.0603399	0.258613	0.437407	0.573592	0.638841	0.622484	0.525431	0.367551	0.165838	-0.057551	-0.281358	-0.485053	-0.644323	-0.739168	-0.760274	-0.70742	-0.589759	-0.427221	-0.23238	-0.014672	0.224917	0.464172	0.657227	0.7627	0.770064	0.687762	0.52488	0.300614	0.0576094	-0.16705	-0.342117	-0.439373	-0.460432	-0.418744	-0.33357	-0.227795	-0.127934	-0.0474445	0.000903055	0.0146741	0.00824059	-0.00667439	-0.0134302	-0.0112805	0	
0	0.0915063	0.174329	0.247599	0.307757	0.349449	0.367905	0.377127	0.378449	0.367439	0.33786	0.299433	0.257797	0.220846	0.188564	0.151492	0.11253	0.0774593	0.0485342	0.0154427	-0.0262074	-0.0791176	-0.141084	-0.201104	-0.254197	-0.294497	-0.335363	-0.384011	-0.431471	-0.476768	-0.513971	-0.532292	-0.510997	-0.445911	-0.337514	-0.207758	-0.0835503	0.0258868	0.111146	0.170894	0.213935	0.241766	0.253274	0.239811	0.200702	0.138933	0.0630017	-0.0278943	-0.125314	-0.209289	-0.259384	-0.273756	-0.241265	-0.153012	-0.0117565	0.160659	0.340206	0.50696	0.633806	0.687977	0.655884	0.542818	0.368015	0.158283	-0.0660346	-0.287442	-0.486999	-0.652565	-0.764438	-0.809461	-0.782628	-0.688776	-0.543592	-0.367449	-0.15782	0.085823	0.328245	0.533061	0.668656	0.715767	0.665742	0.529408	0.326724	0.0969136	-0.128178	-0.311995	-0.418149	-0.44577	-0.400384	-0.309271	-0.196322	-0.0878682	-0.00290201	0.047807	0.0585909	0.0471323	0.0234538	0.00356991	-0.00299617	0	
0	0.108462	0.211055	0.305419	0.382496	0.435659	0.454253	0.458582	0.462752	0.468501	0.458327	0.429367	0.39092	0.352929	0.313746	0.258834	0.196337	0.128458	0.0585192	-0.0136149	-0.0767251	-0.141084	-0.202005	-0.251357	-0.286969	-0.319746	-0.359795	-0.408402	-0.452841	-0.489479	-0.522441	-0.544968	-0.530294	-0.469079	-0.362263	-0.244744	-0.144527	-0.0698728	-0.0226982	0.0149232	0.057912	0.108167	0.157082	0.190469	0.197059	0.168003	0.112964	0.0418918	-0.0332142	-0.0991821	-0.144528	-0.161777	-0.132011	-0.0467107	0.0886062	0.246356	0.411007	0.562428	0.67405	0.711413	0.666498	0.541969	0.35832	0.141994	-0.0761119	-0.282005	-0.467731	-0.624398	-0.742521	-0.807867	-0.807929	-0.741073	-0.626282	-0.470666	-0.27109	-0.0392364	0.195178	0.405701	0.562835	0.634609	0.611874	0.507489	0.330848	0.111722	-0.112882	-0.298033	-0.405648	-0.431482	-0.386587	-0.294499	-0.178614	-0.0687825	0.021164	0.0741249	0.0866209	0.0732584	0.0433376	0.0211549	0.00743288	0	
0	0.123897	0.245088	0.353243	0.436679	0.489984	0.509767	0.515802	0.527114	0.544568	0.547929	0.530361	0.496181	0.454074	0.404167	0.334163	0.245753	0.140876	0.0349353	-0.0588327	-0.134429	-0.201104	-0.251357	-0.275768	-0.294469	-0.316791	-0.347201	-0.385558	-0.422121	-0.452876	-0.484767	-0.511903	-0.504995	-0.455529	-0.373464	-0.287497	-0.226449	-0.19617	-0.186985	-0.169968	-0.125126	-0.0533918	0.0317625	0.110586	0.159313	0.166057	0.142892	0.104448	0.0606229	0.0163646	-0.0202461	-0.0385833	-0.0158675	0.0621993	0.18638	0.334456	0.487057	0.619029	0.703445	0.718795	0.660721	0.532949	0.348587	0.137098	-0.0718476	-0.267662	-0.439029	-0.588903	-0.708823	-0.784022	-0.804558	-0.768412	-0.678469	-0.541272	-0.355334	-0.135934	0.0884825	0.300105	0.46065	0.542569	0.541441	0.464059	0.307514	0.100955	-0.111593	-0.289031	-0.398114	-0.430894	-0.390847	-0.304769	-0.190555	-0.0785547	0.00909259	0.0635441	0.0810923	0.0783556	0.0608685	0.0390079	0.0184534	0	
0	0.141991	0.279179	0.396148	0.478212	0.52957	0.555569	0.576683	0.600507	0.623492	0.633043	0.625572	0.594244	0.541203	0.476004	0.387346	0.269212	0.129359	0.000747096	-0.106049	-0.188522	-0.254197	-0.286969	-0.294469	-0.298401	-0.301375	-0.303059	-0.315584	-0.338395	-0.364194	-0.396133	-0.423874	-0.424012	-0.405156	-0.369167	-0.333008	-0.318546	-0.330222	-0.352317	-0.350527	-0.307578	-0.224784	-0.116184	-4.27262e-05	0.0961909	0.147025	0.162617	0.164552	0.15743	0.136182	0.110185	0.0960694	0.113916	0.177028	0.288893	0.429028	0.573374	0.687017	0.746913	0.738646	0.665934	0.531684	0.348249	0.140747	-0.0628692	-0.253683	-0.422135	-0.566869	-0.684205	-0.761662	-0.797792	-0.784753	-0.717887	-0.598987	-0.426312	-0.216274	0.00833067	0.220608	0.382441	0.470631	0.482713	0.418569	0.273372	0.0844665	-0.1128	-0.28792	-0.404506	-0.447265	-0.422071	-0.346624	-0.237707	-0.133343	-0.0453974	0.0186445	0.0495467	0.0563868	0.0477388	0.0361375	0.0173453	0	
0	0.155439	0.302059	0.422706	0.506377	0.559538	0.59779	0.637572	0.675636	0.700193	0.711807	0.709711	0.675152	0.60477	0.518008	0.406429	0.262407	0.104225	-0.0328421	-0.145277	-0.233302	-0.294497	-0.319746	-0.316791	-0.301375	-0.269335	-0.22991	-0.206632	-0.208672	-0.22784	-0.258923	-0.287555	-0.307275	-0.330431	-0.350917	-0.370029	-0.403763	-0.451614	-0.498218	-0.513792	-0.477161	-0.387435	-0.262799	-0.118412	0.0141043	0.108637	0.172716	0.218329	0.240989	0.238954	0.227836	0.222511	0.234981	0.28538	0.383415	0.516776	0.654374	0.755518	0.799066	0.775319	0.684604	0.538134	0.349742	0.141883	-0.0589861	-0.249042	-0.414423	-0.556542	-0.670297	-0.748543	-0.793889	-0.795438	-0.741011	-0.635403	-0.475538	-0.27099	-0.0480459	0.163587	0.327042	0.426272	0.447692	0.387922	0.25344	0.0714223	-0.12791	-0.309457	-0.43799	-0.495305	-0.48268	-0.420322	-0.322434	-0.219213	-0.1253	-0.0526664	-0.0129099	0.00725678	0.0128876	0.00943513	0.00260453	0	
0	0.158199	0.304265	0.426959	0.519201	0.585428	0.638877	0.694753	0.742141	0.76733	0.776506	0.771501	0.726365	0.635624	0.522808	0.385966	0.226693	0.0670368	-0.0677521	-0.183759	-0.274032	-0.335363	-0.359795	-0.347201	-0.303059	-0.22991	-0.144292	-0.0768554	-0.0493923	-0.0551471	-0.0831685	-0.122464	-0.17035	-0.236687	-0.310642	-0.388498	-0.472839	-0.557218	-0.628795	-0.6561	-0.620402	-0.527002	-0.392737	-0.227513	-0.065081	0.065457	0.169618	0.252465	0.300082	0.312422	0.312607	0.317296	0.331085	0.372845	0.463211	0.587934	0.7139	0.805778	0.841969	0.806199	0.701443	0.543225	0.347678	0.138353	-0.061535	-0.248412	-0.411041	-0.549431	-0.661912	-0.741593	-0.791593	-0.795278	-0.741073	-0.640918	-0.486795	-0.289167	-0.0768217	0.124742	0.290665	0.399024	0.429456	0.380767	0.251856	0.06466	-0.149987	-0.35201	-0.501733	-0.578931	-0.582446	-0.529139	-0.434509	-0.328399	-0.229167	-0.150262	-0.094467	-0.0561038	-0.0350847	-0.0182164	-0.00658276	0	
0	0.151737	0.291045	0.4139	0.521058	0.609404	0.684605	0.753078	0.805598	0.826745	0.826367	0.807458	0.747861	0.639809	0.503504	0.346073	0.178604	0.0214875	-0.114267	-0.2332	-0.323128	-0.384011	-0.408402	-0.385558	-0.315584	-0.206632	-0.0768554	0.0374779	0.104218	0.126096	0.107324	0.0554514	-0.0199444	-0.123805	-0.249628	-0.38411	-0.514882	-0.634252	-0.727123	-0.764593	-0.732475	-0.637312	-0.494439	-0.317696	-0.139117	0.0197231	0.156226	0.263085	0.329186	0.358322	0.374065	0.390794	0.406416	0.44239	0.518526	0.624371	0.735449	0.821911	0.858207	0.824445	0.716365	0.552265	0.351306	0.134117	-0.070781	-0.256993	-0.413681	-0.542111	-0.644748	-0.720286	-0.769037	-0.773593	-0.724632	-0.628182	-0.476835	-0.284858	-0.0808403	0.114182	0.279995	0.390947	0.42245	0.37525	0.246975	0.050157	-0.178197	-0.396018	-0.570015	-0.670988	-0.694075	-0.655579	-0.56822	-0.464296	-0.36282	-0.273178	-0.200451	-0.139005	-0.0906638	-0.052182	-0.0227054	0	
0	0.140027	0.269045	0.389682	0.508116	0.620624	0.719719	0.801607	0.853659	0.864792	0.846142	0.807132	0.733821	0.616009	0.46988	0.304261	0.132997	-0.0298279	-0.173068	-0.292098	-0.376532	-0.431471	-0.452841	-0.422121	-0.338395	-0.208672	-0.0493923	0.104218	0.217731	0.282835	0.285561	0.230876	0.134086	-0.00257309	-0.169469	-0.3428	-0.509181	-0.65734	-0.766455	-0.814751	-0.796072	-0.707834	-0.564797	-0.385039	-0.19913	-0.0292355	0.118892	0.244407	0.333002	0.382111	0.413013	0.43543	0.446817	0.471228	0.529719	0.61717	0.717716	0.805261	0.847824	0.817938	0.713099	0.553144	0.351581	0.132419	-0.073961	-0.259562	-0.409462	-0.523876	-0.610175	-0.671225	-0.711508	-0.719002	-0.680671	-0.595728	-0.452968	-0.270162	-0.0736047	0.121356	0.285352	0.388872	0.413681	0.36069	0.226302	0.0238893	-0.208702	-0.435966	-0.62546	-0.744719	-0.791072	-0.776665	-0.709268	-0.619924	-0.523852	-0.421526	-0.327183	-0.245619	-0.170197	-0.105005	-0.0528182	0	
0	0.128595	0.250762	0.369689	0.495622	0.624386	0.744183	0.835714	0.883547	0.879502	0.841501	0.784305	0.697372	0.574147	0.427523	0.265825	0.0904517	-0.0830095	-0.233267	-0.350241	-0.428271	-0.476768	-0.489479	-0.452876	-0.364194	-0.22784	-0.0551471	0.126096	0.282835	0.392159	0.426366	0.379887	0.272949	0.117062	-0.0662727	-0.258785	-0.448598	-0.614943	-0.733811	-0.79649	-0.789951	-0.711456	-0.58101	-0.414943	-0.236049	-0.0701625	0.077681	0.209406	0.311029	0.372297	0.408065	0.431258	0.442648	0.462228	0.50842	0.585341	0.682541	0.770254	0.813885	0.78923	0.69121	0.537767	0.343015	0.13015	-0.0728625	-0.254103	-0.395534	-0.496085	-0.564091	-0.603998	-0.632109	-0.641136	-0.612464	-0.540796	-0.413857	-0.24484	-0.0528883	0.139418	0.297134	0.390999	0.405689	0.34339	0.202247	-0.00234601	-0.235025	-0.465888	-0.668969	-0.811119	-0.88417	-0.897184	-0.855335	-0.782103	-0.688433	-0.578482	-0.469971	-0.365672	-0.260007	-0.163972	-0.0821035	0	
0	0.118139	0.236371	0.357846	0.485878	0.61901	0.742859	0.834674	0.872619	0.855561	0.808523	0.74328	0.647534	0.516483	0.374005	0.220358	0.0481117	-0.125786	-0.273736	-0.387785	-0.468376	-0.513971	-0.522441	-0.484767	-0.396133	-0.258923	-0.0831685	0.107324	0.285561	0.426366	0.491809	0.470007	0.377055	0.238423	0.0680445	-0.127093	-0.328502	-0.504275	-0.634624	-0.710023	-0.717834	-0.659714	-0.552868	-0.404924	-0.24235	-0.0935726	0.0416189	0.165589	0.260037	0.314881	0.343907	0.364691	0.384066	0.412074	0.462618	0.543424	0.642204	0.729894	0.775968	0.75685	0.66716	0.521805	0.333328	0.126758	-0.0671541	-0.239478	-0.371242	-0.457858	-0.508674	-0.534311	-0.551502	-0.557559	-0.534994	-0.472409	-0.363207	-0.211557	-0.0294075	0.15606	0.304855	0.394091	0.406543	0.335358	0.190077	-0.0143092	-0.249205	-0.489706	-0.708925	-0.870374	-0.965956	-1.00485	-0.990404	-0.931581	-0.844935	-0.740949	-0.620481	-0.490585	-0.360991	-0.235106	-0.114712	0	
0	0.110369	0.227918	0.352963	0.480631	0.603048	0.713021	0.790835	0.815513	0.791319	0.745937	0.685664	0.585127	0.449413	0.308441	0.166446	0.00782112	-0.150016	-0.285432	-0.39823	-0.483175	-0.532292	-0.544968	-0.511903	-0.423874	-0.287555	-0.122464	0.0554514	0.230876	0.379887	0.470007	0.483584	0.438325	0.348091	0.2118	0.0347964	-0.157968	-0.337365	-0.478943	-0.565706	-0.587686	-0.556068	-0.475372	-0.352784	-0.218269	-0.0959622	0.0136705	0.109353	0.178615	0.210482	0.223834	0.250541	0.290092	0.335797	0.406358	0.504623	0.609873	0.70018	0.74788	0.735567	0.654326	0.510065	0.325308	0.129197	-0.0576555	-0.217246	-0.338336	-0.419801	-0.465975	-0.486589	-0.497625	-0.495246	-0.461923	-0.399316	-0.304421	-0.169779	-0.00489273	0.162063	0.306424	0.399931	0.412529	0.342231	0.196386	-0.00972434	-0.254351	-0.50837	-0.733654	-0.910166	-1.02971	-1.09067	-1.09725	-1.0583	-0.987236	-0.886129	-0.756354	-0.609387	-0.458236	-0.303979	-0.147286	0	
0	0.109148	0.226455	0.353161	0.473692	0.577061	0.659789	0.716153	0.726948	0.698809	0.65889	0.605275	0.510412	0.378694	0.247393	0.12077	-0.0135743	-0.146668	-0.267812	-0.37575	-0.459699	-0.510997	-0.530294	-0.504995	-0.424012	-0.307275	-0.17035	-0.0199444	0.134086	0.272949	0.377055	0.438325	0.45712	0.426591	0.340281	0.204897	0.0394167	-0.132082	-0.274266	-0.366742	-0.408164	-0.400425	-0.343565	-0.256858	-0.161356	-0.0733532	-0.000414468	0.0570391	0.0904259	0.0897334	0.0866819	0.114171	0.169943	0.247095	0.354389	0.481159	0.601908	0.693427	0.73955	0.727606	0.646262	0.501474	0.320626	0.1277	-0.0522995	-0.203456	-0.322457	-0.401968	-0.446665	-0.470297	-0.474834	-0.456114	-0.413909	-0.346127	-0.257307	-0.138324	0.00964637	0.16457	0.306624	0.402736	0.419956	0.355262	0.215896	0.00613961	-0.245128	-0.50294	-0.738795	-0.927792	-1.06018	-1.13403	-1.15697	-1.14195	-1.08576	-0.984876	-0.85458	-0.702101	-0.530468	-0.354173	-0.178311	0	
0	0.11306	0.230002	0.35136	0.459982	0.54071	0.595711	0.630006	0.629197	0.59835	0.557491	0.508367	0.426535	0.317425	0.207848	0.105721	0.000569559	-0.109505	-0.221028	-0.323189	-0.39955	-0.445911	-0.469079	-0.455529	-0.405156	-0.330431	-0.236687	-0.123805	-0.00257309	0.117062	0.238423	0.348091	0.426591	0.455731	0.430309	0.352057	0.226454	0.0819215	-0.0440363	-0.139413	-0.194417	-0.203214	-0.172934	-0.124397	-0.0685452	-0.0227283	0.00811418	0.0249223	0.0159092	-0.0186429	-0.0330395	-0.00280501	0.0654114	0.169131	0.312812	0.475797	0.617761	0.714566	0.758305	0.738845	0.647992	0.49993	0.316085	0.123745	-0.0586022	-0.214868	-0.334541	-0.417167	-0.465264	-0.486319	-0.484834	-0.458729	-0.406719	-0.339813	-0.254864	-0.140272	-0.000643482	0.155054	0.301624	0.401723	0.424283	0.366859	0.233378	0.0301656	-0.212144	-0.462725	-0.697957	-0.892197	-1.02988	-1.11876	-1.15948	-1.15497	-1.10891	-1.01646	-0.892531	-0.741973	-0.563751	-0.37817	-0.193457	0	
0	0.114588	0.22737	0.33918	0.432223	0.493556	0.524286	0.538501	0.52683	0.492122	0.44667	0.397875	0.33569	0.259497	0.184577	0.116567	0.0478337	-0.0384895	-0.140136	-0.234749	-0.298799	-0.337514	-0.362263	-0.373464	-0.369167	-0.350917	-0.310642	-0.249628	-0.169469	-0.0662727	0.0680445	0.2118	0.340281	0.430309	0.472082	0.454215	0.384634	0.290164	0.190617	0.0996095	0.041812	0.0248058	0.0339855	0.0492332	0.0623936	0.0579821	0.0402364	0.00992511	-0.0389662	-0.0894621	-0.107691	-0.0802329	-0.00375188	0.120477	0.290518	0.477743	0.637343	0.738737	0.779664	0.750503	0.651634	0.499094	0.310112	0.106322	-0.0874328	-0.255868	-0.384401	-0.468199	-0.516722	-0.536521	-0.531249	-0.499798	-0.448426	-0.380705	-0.293081	-0.178809	-0.0354528	0.129618	0.282744	0.384363	0.411427	0.362434	0.241575	0.0600293	-0.155112	-0.382999	-0.601709	-0.784466	-0.919905	-1.01686	-1.07234	-1.07979	-1.04404	-0.968743	-0.852738	-0.707316	-0.545258	-0.367614	-0.185756	0	
0	0.106433	0.210791	0.310761	0.389679	0.434704	0.446614	0.440796	0.417578	0.3792	0.331458	0.284901	0.240536	0.195991	0.15767	0.131062	0.104747	0.0505671	-0.0326441	-0.114286	-0.170655	-0.207758	-0.244744	-0.287497	-0.333008	-0.370029	-0.388498	-0.38411	-0.3428	-0.258785	-0.127093	0.0347964	0.204897	0.352057	0.454215	0.502293	0.501967	0.466009	0.40234	0.33104	0.283702	0.265039	0.265371	0.257753	0.225659	0.168169	0.10099	0.0198561	-0.0678732	-0.131725	-0.150585	-0.120959	-0.038019	0.095998	0.282837	0.48751	0.656701	0.763578	0.796802	0.753433	0.645182	0.482455	0.282542	0.0659201	-0.14379	-0.324345	-0.458764	-0.547368	-0.598837	-0.622392	-0.616764	-0.583316	-0.526798	-0.448344	-0.355966	-0.239813	-0.0927742	0.0767107	0.235146	0.34723	0.393209	0.366588	0.267636	0.115267	-0.072969	-0.277102	-0.4626	-0.621063	-0.745215	-0.836849	-0.893952	-0.909409	-0.88825	-0.828441	-0.72798	-0.599363	-0.463228	-0.315317	-0.155962	0	
0	0.0892289	0.178962	0.26468	0.326186	0.357151	0.352772	0.331696	0.29614	0.256897	0.211764	0.172444	0.141032	0.119749	0.114731	0.128918	0.147454	0.133669	0.0836224	0.0193391	-0.0343269	-0.0835503	-0.144527	-0.226449	-0.318546	-0.403763	-0.472839	-0.514882	-0.509181	-0.448598	-0.328502	-0.157968	0.0394167	0.226454	0.384634	0.501967	0.572098	0.598175	0.582962	0.547717	0.515716	0.501142	0.495001	0.462489	0.39166	0.29439	0.179308	0.0499756	-0.0690095	-0.14965	-0.177325	-0.146555	-0.0508465	0.0954584	0.292148	0.50022	0.673334	0.781615	0.80898	0.754079	0.634742	0.453126	0.233445	-0.000876688	-0.227068	-0.411752	-0.550501	-0.642498	-0.698116	-0.730349	-0.7283	-0.691305	-0.626191	-0.536025	-0.43709	-0.31908	-0.167088	0.00741144	0.17819	0.311581	0.385811	0.391814	0.322781	0.202771	0.0436588	-0.134632	-0.291949	-0.427508	-0.532035	-0.601074	-0.647431	-0.671817	-0.660134	-0.612203	-0.540789	-0.449474	-0.347308	-0.235277	-0.117342	0	
0	0.06971	0.140667	0.2025	0.240708	0.251724	0.237735	0.206997	0.166738	0.126117	0.0884746	0.0582437	0.0376068	0.0340377	0.0571984	0.106364	0.162867	0.192532	0.183224	0.143119	0.0927659	0.0258868	-0.0698728	-0.19617	-0.330222	-0.451614	-0.557218	-0.634252	-0.65734	-0.614943	-0.504275	-0.337365	-0.132082	0.0819215	0.290164	0.466009	0.598175	0.689931	0.73993	0.748123	0.734069	0.718244	0.694289	0.631007	0.52867	0.400405	0.251391	0.089227	-0.0525706	-0.150137	-0.18208	-0.145537	-0.0461287	0.109336	0.306703	0.515076	0.692998	0.800739	0.82149	0.756762	0.619143	0.418809	0.179505	-0.0711489	-0.306794	-0.501919	-0.645743	-0.745052	-0.8095	-0.846292	-0.847563	-0.807201	-0.730273	-0.631334	-0.523644	-0.395766	-0.235072	-0.0501979	0.135157	0.292516	0.396756	0.435023	0.40314	0.316859	0.184652	0.0352566	-0.0986156	-0.20687	-0.285096	-0.343833	-0.382573	-0.4064	-0.403021	-0.377759	-0.345926	-0.29357	-0.230084	-0.161919	-0.0859847	0	
0	0.0520675	0.0980981	0.128215	0.131835	0.120128	0.0953204	0.0657524	0.0267107	-0.00968218	-0.0389436	-0.0575621	-0.0657761	-0.0537129	-0.00589339	0.0667117	0.151439	0.216118	0.246026	0.234974	0.19376	0.111146	-0.0226982	-0.186985	-0.352317	-0.498218	-0.628795	-0.727123	-0.766455	-0.733811	-0.634624	-0.478943	-0.274266	-0.0440363	0.190617	0.40234	0.582962	0.73993	0.851631	0.909041	0.917868	0.899455	0.848281	0.754024	0.626809	0.470721	0.295554	0.119546	-0.0336814	-0.140666	-0.174347	-0.133175	-0.0271464	0.133074	0.330841	0.540095	0.722228	0.828557	0.845201	0.768034	0.609581	0.396448	0.144615	-0.113482	-0.352312	-0.563098	-0.72251	-0.838763	-0.919108	-0.960931	-0.962336	-0.914932	-0.823017	-0.716545	-0.594815	-0.44936	-0.277442	-0.0757031	0.124349	0.29964	0.426104	0.491223	0.494447	0.439536	0.337418	0.217957	0.106218	0.015469	-0.0531963	-0.10771	-0.141697	-0.166538	-0.176559	-0.174965	-0.163846	-0.144761	-0.126026	-0.0919567	-0.0518918	0	
0	0.0302313	0.0472934	0.0393147	0.00964594	-0.0309816	-0.0667824	-0.0977915	-0.125975	-0.152538	-0.166838	-0.170548	-0.163465	-0.134918	-0.0698716	0.0192519	0.121576	0.211203	0.272024	0.289201	0.263739	0.170894	0.0149232	-0.169968	-0.350527	-0.513792	-0.6561	-0.764593	-0.814751	-0.79649	-0.710023	-0.565706	-0.366742	-0.139413	0.0996095	0.33104	0.547717	0.748123	0.909041	1.0092	1.04456	1.02525	0.953059	0.837133	0.685153	0.504277	0.314004	0.13226	-0.0265978	-0.131378	-0.164924	-0.12051	-0.0135748	0.150336	0.355728	0.573067	0.762227	0.870315	0.880894	0.796563	0.628628	0.403262	0.150348	-0.114455	-0.36435	-0.590213	-0.767135	-0.898182	-0.988952	-1.03472	-1.03954	-0.990312	-0.895396	-0.781615	-0.642756	-0.474209	-0.279144	-0.0629856	0.149865	0.334478	0.467957	0.554494	0.581755	0.548425	0.472415	0.374885	0.278816	0.196631	0.135501	0.0856569	0.047271	0.0165442	-0.00218619	-0.00902855	-0.0121656	-0.0181654	-0.0281802	-0.026342	-0.0172058	0	
0	-0.00135212	-0.0194407	-0.0586982	-0.115863	-0.1771	-0.230839	-0.263638	-0.279753	-0.284351	-0.276649	-0.258938	-0.232024	-0.187504	-0.110361	-0.0107927	0.100918	0.203315	0.278905	0.316656	0.303972	0.213935	0.057912	-0.125126	-0.307578	-0.477161	-0.620402	-0.732475	-0.796072	-0.789951	-0.717834	-0.587686	-0.408164	-0.194417	0.041812	0.283702	0.515716	0.734069	0.917868	1.04456	1.09844	1.0826	1.00614	0.882829	0.717664	0.52233	0.322017	0.134254	-0.0288219	-0.135881	-0.165037	-0.122068	-0.00902551	0.163647	0.382643	0.6135	0.808627	0.921702	0.936584	0.848904	0.674024	0.443262	0.185549	-0.0839912	-0.338387	-0.567294	-0.756192	-0.897669	-0.998618	-1.05964	-1.0702	-1.02184	-0.931334	-0.809965	-0.656741	-0.474209	-0.263202	-0.0334588	0.188819	0.377833	0.522981	0.622248	0.661433	0.64279	0.579353	0.490175	0.396739	0.317095	0.258724	0.207063	0.166009	0.141674	0.127872	0.11791	0.10106	0.0764011	0.0492992	0.0252795	0.00941606	0	
0	-0.0421105	-0.0950069	-0.159046	-0.227053	-0.298362	-0.361048	-0.39609	-0.396666	-0.375029	-0.34238	-0.29848	-0.249501	-0.186356	-0.102565	0.000795473	0.109313	0.205473	0.279003	0.320522	0.317964	0.241766	0.108167	-0.0533918	-0.224784	-0.387435	-0.527002	-0.637312	-0.707834	-0.711456	-0.659714	-0.556068	-0.400425	-0.203214	0.0248058	0.265039	0.501142	0.718244	0.899455	1.02525	1.0826	1.0763	1.00718	0.890738	0.724168	0.525095	0.320193	0.12558	-0.0377021	-0.142416	-0.171101	-0.120217	0.00204482	0.183595	0.413323	0.650976	0.843252	0.961287	0.990542	0.913949	0.745765	0.515765	0.249504	-0.0232824	-0.280603	-0.506478	-0.691194	-0.836494	-0.948749	-1.01891	-1.04159	-1.00791	-0.922404	-0.806303	-0.647818	-0.453009	-0.230465	0.00882391	0.235844	0.423958	0.573231	0.679648	0.724003	0.7161	0.655561	0.562348	0.467711	0.383876	0.31503	0.262471	0.230791	0.213157	0.204209	0.192945	0.169591	0.13503	0.0911466	0.048343	0.0186599	0	
0	-0.0885459	-0.178749	-0.264241	-0.337342	-0.405377	-0.4635	-0.491853	-0.475544	-0.433282	-0.378375	-0.311935	-0.235321	-0.152422	-0.0591713	0.0396885	0.13153	0.206544	0.26449	0.300715	0.303548	0.253274	0.157082	0.0317625	-0.116184	-0.262799	-0.392737	-0.494439	-0.564797	-0.58101	-0.552868	-0.475372	-0.343565	-0.172934	0.0339855	0.265371	0.495001	0.694289	0.848281	0.953059	1.00614	1.00718	0.952968	0.84671	0.689336	0.498311	0.295096	0.0984837	-0.0605069	-0.162324	-0.183962	-0.124271	-0.00210806	0.187079	0.416706	0.644751	0.834325	0.966752	1.01724	0.966305	0.816283	0.598762	0.333372	0.0639669	-0.180573	-0.398149	-0.572213	-0.716838	-0.835803	-0.912819	-0.945011	-0.926183	-0.854797	-0.752019	-0.600587	-0.405584	-0.180761	0.0619425	0.285374	0.468622	0.614927	0.718946	0.763288	0.751806	0.69002	0.594692	0.488161	0.400408	0.328392	0.274388	0.251662	0.234352	0.229505	0.225756	0.200651	0.158004	0.103338	0.0558743	0.0216848	0	
