0	0	0	0	0	0	0	0	0	0	0	0	0	0	0	0	0	0	0	0	0	0	0	0	0	0	0	0	0	0	0	0	0	0	0	0	0	0	0	0	0	0	0	0	0	0	0	0	0	0	0	0	0	0	0	0	0	0	0	0	0	0	0	0	0	0	0	0	0	0	0	0	0	0	0	0	0	0	0	0	0	0	0	0	0	0	0	0	0	0	0	0	0	0	0	0	0	0	0	0	
0	2.27192e-10	1.50001e-09	8.9739e-09	4.93981e-08	2.49587e-07	1.15426e-06	4.87256e-06	1.87259e-05	6.53632e-05	0.000206817	0.000592436	0.00153581	0.003606	0.00768586	0.0149282	0.0265656	0.0436035	0.0665056	0.0949947	0.128042	0.164038	0.201069	0.237211	0.270765	0.300388	0.325119	0.344343	0.357706	0.365035	0.366259	0.361367	0.350405	0.333496	0.310913	0.283154	0.251034	0.215742	0.178846	0.142201	0.107758	0.0772846	0.0520702	0.0327019	0.0189987	0.0101386	0.00493998	0.00218769	0.000877932	0.000318796	0.000104732	3.11569e-05	8.4077e-06	2.06261e-06	4.61206e-07	9.42562e-08	1.76563e-08	3.04018e-09	4.82528e-10	7.07858e-11	9.62275e-12	1.21524e-12	1.42908e-13	1.56841e-14	1.60986e-15	1.54852e-16	1.39849e-17	1.18795e-18	9.50751e-20	7.1805e-21	5.12529e-22	3.4624e-23	2.21677e-24	1.34679e-25	7.77406e-27	4.26836e-28	2.2316e-29	1.11216e-30	5.28856e-32	2.40183e-33	1.04272e-34	4.33103e-36	1.72251e-37	6.56478e-39	2.39933e-40	8.41551e-42	2.83457e-43	9.17476e-45	2.85545e-46	8.55036e-48	2.46477e-49	6.84366e-51	1.83126e-52	4.72479e-54	1.17597e-55	2.82484e-57	6.552e-59	1.46798e-60	3.17712e-62	0	
0	1.50001e-09	9.52395e-09	5.46182e-08	2.87634e-07	1.38749e-06	6.11273e-06	2.45249e-05	8.93652e-05	0.000295043	0.000880954	0.00237635	0.00579138	0.0127705	0.0255606	0.0466684	0.0782389	0.121378	0.175706	0.239321	0.309141	0.381488	0.452685	0.519534	0.579574	0.631125	0.673198	0.705326	0.727374	0.739368	0.741364	0.733374	0.715356	0.687258	0.649133	0.601291	0.544491	0.480117	0.410315	0.338006	0.266723	0.200211	0.141864	0.0941145	0.0579692	0.0328849	0.017059	0.0080462	0.00343699	0.00132661	0.000462376	0.000145611	4.14963e-05	1.07251e-05	2.52067e-06	5.40249e-07	1.05908e-07	1.90464e-08	3.15155e-09	4.81168e-10	6.79698e-11	8.90663e-12	1.08533e-12	1.23277e-13	1.30806e-14	1.29931e-15	1.21056e-16	1.05988e-17	8.73547e-19	6.78878e-20	4.98256e-21	3.45866e-22	2.27387e-23	1.41774e-24	8.39363e-26	4.72428e-27	2.53072e-28	1.29164e-29	6.28734e-31	2.92175e-32	1.29738e-33	5.50963e-35	2.23961e-36	8.72093e-38	3.25556e-39	1.16595e-40	4.00887e-42	1.32418e-43	4.20468e-45	1.28423e-46	3.77513e-48	1.06867e-49	2.91484e-51	7.66424e-53	1.94366e-54	4.75642e-56	1.12369e-57	2.56393e-59	5.65013e-61	0	
0	8.9739e-09	5.46182e-08	2.99104e-07	1.50043e-06	6.87623e-06	2.86987e-05	0.000108745	0.000373019	0.00115543	0.00322585	0.00811052	0.0183729	0.0375848	0.0697316	0.118088	0.184021	0.266319	0.361339	0.463834	0.568055	0.66874	0.761762	0.84436	0.91503	0.973246	1.01915	1.05325	1.07618	1.08849	1.09053	1.08236	1.06373	1.03417	0.993062	0.93982	0.874118	0.796178	0.707073	0.609034	0.505651	0.401787	0.303099	0.215165	0.142393	0.0870297	0.0487027	0.0247757	0.0113975	0.0047264	0.00176457	0.000593293	0.000179911	4.93168e-05	1.22543e-05	2.76869e-06	5.70604e-07	1.07613e-07	1.86306e-08	2.96991e-09	4.37201e-10	5.95993e-11	7.54329e-12	8.88621e-13	9.76607e-14	1.00352e-14	9.66112e-16	8.73117e-17	7.42088e-18	5.94189e-19	4.48938e-20	3.20558e-21	2.16627e-22	1.3874e-23	8.4321e-25	4.86907e-26	2.67448e-27	1.39892e-28	6.97528e-30	3.31879e-31	1.5082e-32	6.55223e-34	2.72361e-35	1.08414e-36	4.13564e-38	1.51304e-39	5.31266e-41	1.79154e-42	5.80605e-44	1.80944e-45	5.42596e-47	1.56649e-48	4.35652e-50	1.16773e-51	3.01822e-53	7.52632e-55	1.81151e-56	4.21034e-58	9.44944e-60	0	
0	4.93981e-08	2.87634e-07	1.50043e-06	7.14932e-06	3.10273e-05	0.000122225	0.000435562	0.00139973	0.00404561	0.0104966	0.024432	0.0510714	0.0961921	0.164199	0.256121	0.36874	0.495331	0.627476	0.757026	0.877504	0.984713	1.07666	1.15303	1.21458	1.26265	1.29882	1.32466	1.34152	1.35039	1.35185	1.34599	1.33242	1.31031	1.27844	1.23532	1.17935	1.10904	1.02337	0.922144	0.806601	0.680026	0.548018	0.418182	0.299037	0.198226	0.120542	0.0666372	0.0332591	0.0149215	0.0060055	0.00216817	0.000703151	0.000205332	5.41526e-05	1.29416e-05	2.81237e-06	5.57679e-07	1.01252e-07	1.68873e-08	2.59544e-09	3.68676e-10	4.85371e-11	5.93804e-12	6.76745e-13	7.20154e-14	7.17118e-15	6.69586e-16	5.87363e-17	4.84925e-18	3.77438e-19	2.77406e-20	1.92814e-21	1.2692e-22	7.92274e-24	4.69596e-25	2.64607e-26	1.41905e-27	7.25082e-29	3.53357e-30	1.644e-31	7.30891e-33	3.1078e-34	1.26493e-35	4.93225e-37	1.84383e-38	6.61317e-40	2.27729e-41	7.5342e-43	2.39632e-44	7.33175e-46	2.15915e-47	6.12367e-49	1.67353e-50	4.40931e-52	1.12058e-53	2.74823e-55	6.50736e-57	1.4876e-58	0	
0	2.49587e-07	1.38749e-06	6.87623e-06	3.10273e-05	0.000127075	0.000470602	0.00157001	0.00470217	0.0126063	0.0301956	0.0646004	0.123681	0.212929	0.332279	0.475098	0.630196	0.785368	0.930427	1.05873	1.16726	1.2558	1.32584	1.37962	1.41957	1.4482	1.46793	1.48083	1.4886	1.49246	1.49307	1.49056	1.48447	1.4738	1.45702	1.4322	1.39706	1.3491	1.28586	1.20498	1.10455	0.983976	0.845036	0.69288	0.536369	0.387178	0.257335	0.155669	0.0849224	0.041522	0.0181389	0.00707545	0.00246753	0.000771313	0.000216813	5.50082e-05	1.2645e-05	2.6438e-06	5.04631e-07	8.82488e-08	1.41875e-08	2.10357e-09	2.88511e-10	3.67065e-11	4.34353e-12	4.79214e-13	4.94085e-14	4.77084e-15	4.323e-16	3.68294e-17	2.95524e-18	2.2372e-19	1.60034e-20	1.08332e-21	6.9494e-23	4.23012e-24	2.44633e-25	1.3457e-26	7.04909e-28	3.51993e-29	1.67721e-30	7.63319e-32	3.32115e-33	1.38264e-34	5.51226e-36	2.10615e-37	7.71819e-39	2.71469e-40	9.1707e-42	2.97747e-43	9.29669e-45	2.79323e-46	8.08041e-48	2.2519e-49	6.049e-51	1.56696e-52	3.9164e-54	9.44872e-56	2.20039e-57	0	
0	1.15426e-06	6.11273e-06	2.86987e-05	0.000122225	0.000470602	0.00163118	0.00506859	0.0140648	0.0347436	0.0762642	0.1488	0.258935	0.404797	0.574981	0.752768	0.922371	1.07293	1.19926	1.30061	1.37881	1.43673	1.47737	1.50353	1.51819	1.52456	1.52553	1.52363	1.52098	1.51904	1.51867	1.52002	1.5225	1.52493	1.5254	1.52152	1.51052	1.48931	1.45479	1.40416	1.33446	1.24268	1.12643	0.985219	0.822273	0.646113	0.470833	0.313476	0.188285	0.101112	0.0483067	0.0205005	0.00773575	0.0026024	0.000783345	0.000211847	5.16946e-05	1.14306e-05	2.29981e-06	4.22684e-07	7.12279e-08	1.10435e-08	1.58047e-09	2.09415e-10	2.57627e-11	2.95035e-12	3.15295e-13	3.15144e-14	2.95239e-15	2.59762e-16	2.15043e-17	1.67794e-18	1.23608e-19	8.60998e-21	5.67903e-22	3.55187e-23	2.10917e-24	1.19061e-25	6.39637e-27	3.27399e-28	1.59828e-29	7.44887e-31	3.31738e-32	1.41304e-33	5.76155e-35	2.25061e-36	8.42893e-38	3.02885e-39	1.04501e-40	3.46415e-42	1.10403e-43	3.38491e-45	9.98962e-47	2.83944e-48	7.77739e-50	2.0539e-51	5.23225e-53	1.28637e-54	3.05208e-56	0	
0	4.87256e-06	2.45249e-05	0.000108745	0.000435562	0.00157001	0.00506859	0.0145865	0.037258	0.084185	0.168013	0.296634	0.466095	0.659282	0.853371	1.02998	1.17961	1.29985	1.39207	1.4589	1.503	1.52701	1.53362	1.52634	1.50975	1.48822	1.4655	1.44492	1.42915	1.41994	1.41834	1.42453	1.43782	1.45673	1.479	1.5015	1.52058	1.53214	1.53153	1.51483	1.4791	1.42169	1.33996	1.23116	1.09325	0.926766	0.737944	0.541741	0.360242	0.214057	0.112729	0.052442	0.0215578	0.00785185	0.00254398	0.000736608	0.000191532	4.49376e-05	9.55742e-06	1.85066e-06	3.27597e-07	5.32143e-08	7.96015e-09	1.10011e-09	1.40893e-10	1.67685e-11	1.85944e-12	1.92577e-13	1.86697e-14	1.69782e-15	1.45118e-16	1.16793e-17	8.866e-19	6.35845e-20	4.31465e-21	2.77414e-22	1.69233e-23	9.80759e-25	5.40609e-26	2.83752e-27	1.4197e-28	6.77795e-30	3.09075e-31	1.34739e-32	5.62039e-34	2.24515e-35	8.59556e-37	3.15633e-38	1.11246e-39	3.76601e-41	1.22535e-42	3.83437e-44	1.15464e-45	3.3479e-47	9.35211e-49	2.51821e-50	6.53945e-52	1.63859e-53	3.96146e-55	0	
0	1.87259e-05	8.93652e-05	0.000373019	0.00139973	0.00470217	0.0140648	0.037258	0.0869925	0.178429	0.321317	0.510157	0.721982	0.927636	1.10726	1.25458	1.37006	1.45504	1.51051	1.53743	1.5379	1.51549	1.4753	1.42427	1.36897	1.31425	1.26445	1.22339	1.19355	1.17672	1.17392	1.18518	1.21002	1.24682	1.2935	1.34682	1.40252	1.456	1.50138	1.53154	1.54074	1.52474	1.48087	1.40779	1.30456	1.17011	1.00318	0.806317	0.593714	0.392296	0.229368	0.117863	0.0531646	0.0210996	0.00739937	0.00230486	0.000641217	0.000160189	3.61224e-05	7.38845e-06	1.37697e-06	2.34805e-07	3.67763e-08	5.30945e-09	7.08871e-10	8.77871e-11	1.01123e-11	1.08627e-12	1.09077e-13	1.02614e-14	9.06241e-16	7.52814e-17	5.89276e-18	4.3538e-19	3.04105e-20	2.01107e-21	1.26093e-22	7.50549e-24	4.24655e-25	2.2865e-26	1.17292e-27	5.73827e-29	2.68007e-30	1.19612e-31	5.10571e-33	2.08625e-34	8.16692e-36	3.06529e-37	1.1039e-38	3.81713e-40	1.26821e-41	4.05112e-43	1.24496e-44	3.68293e-46	1.04938e-47	2.88149e-49	7.62898e-51	1.94851e-52	4.80063e-54	0	
0	6.53632e-05	0.000295043	0.00115543	0.00404561	0.0126063	0.0347436	0.084185	0.178429	0.329899	0.5331	0.760173	0.97546	1.15782	1.30514	1.41961	1.49895	1.54039	1.54381	1.51251	1.45307	1.37333	1.2824	1.18884	1.09783	1.01372	0.941338	0.883697	0.842688	0.820015	0.816337	0.831547	0.865489	0.9167	0.983411	1.06317	1.15207	1.24513	1.33808	1.42331	1.49185	1.53531	1.54637	1.52042	1.45601	1.35509	1.22094	1.05285	0.849283	0.623035	0.406095	0.232015	0.115642	0.0503382	0.0192183	0.00647229	0.00193474	0.000516518	0.000123878	2.68362e-05	5.27784e-06	9.46683e-07	1.55525e-07	2.34921e-08	3.27422e-09	4.22441e-10	5.06049e-11	5.64393e-12	5.87539e-13	5.7224e-14	5.22581e-15	4.48377e-16	3.62134e-17	2.75802e-18	1.98403e-19	1.35017e-20	8.70477e-22	5.32409e-23	3.09324e-24	1.70919e-25	8.99239e-27	4.50964e-28	2.15794e-29	9.86257e-31	4.30923e-32	1.80157e-33	7.21292e-35	2.76775e-36	1.01866e-37	3.59862e-39	1.22109e-40	3.98253e-42	1.24922e-43	3.77102e-45	1.09614e-46	3.06979e-48	8.28738e-50	2.15782e-51	5.41838e-53	0	
0	0.000206817	0.000880954	0.00322585	0.0104966	0.0301956	0.0762642	0.168013	0.321317	0.5331	0.772946	0.998628	1.18612	1.33691	1.45383	1.52767	1.55124	1.52683	1.46131	1.36482	1.24749	1.11861	0.987556	0.85981	0.739489	0.632655	0.543601	0.473465	0.424569	0.397811	0.393246	0.411517	0.451548	0.513519	0.595204	0.694945	0.810439	0.935761	1.06604	1.19684	1.31975	1.42584	1.50495	1.54693	1.54337	1.48928	1.3883	1.25078	1.0787	0.866868	0.628007	0.400162	0.221617	0.106446	0.0444927	0.016281	0.00525176	0.00150379	0.000384776	8.85202e-05	1.84135e-05	3.4811e-06	6.00899e-07	9.51103e-08	1.38569e-08	1.86483e-09	2.32564e-10	2.69557e-11	2.91167e-12	2.93832e-13	2.77667e-14	2.46233e-15	2.05319e-16	1.61279e-17	1.19548e-18	8.37587e-20	5.55514e-21	3.49268e-22	2.0845e-23	1.18243e-24	6.38252e-26	3.28206e-27	1.60954e-28	7.53517e-30	3.37085e-31	1.44224e-32	5.90692e-34	2.31777e-35	8.71977e-37	3.14768e-38	1.09104e-39	3.63368e-41	1.16358e-42	3.58474e-44	1.06315e-45	3.03705e-47	8.36126e-49	2.21962e-50	5.6812e-52	0	
0	0.000592436	0.00237635	0.00811052	0.024432	0.0646004	0.1488	0.296634	0.510157	0.760173	0.998628	1.19522	1.35247	1.47428	1.54359	1.54866	1.49842	1.40418	1.27614	1.1251	0.959309	0.78881	0.621588	0.462812	0.319934	0.198554	0.0989048	0.0220585	-0.0302054	-0.0588602	-0.0639866	-0.0443874	-0.00188177	0.0652841	0.155964	0.268889	0.402997	0.556506	0.720739	0.891064	1.05968	1.21769	1.35616	1.46502	1.5343	1.55302	1.50923	1.4062	1.26262	1.08294	0.859404	0.608371	0.375129	0.199678	0.0918157	0.036671	0.0128158	0.00394953	0.00108135	0.000264855	5.83992e-05	1.16583e-05	2.11798e-06	3.51784e-07	5.36435e-08	7.53866e-09	9.79733e-10	1.18121e-10	1.32497e-11	1.38642e-12	1.35663e-13	1.24417e-14	1.07167e-15	8.68665e-17	6.63805e-18	4.79026e-19	3.26961e-20	2.11396e-21	1.29648e-22	7.55221e-24	4.18366e-25	2.20659e-26	1.10929e-27	5.32092e-29	2.43765e-30	1.0676e-31	4.47388e-33	1.79543e-34	6.90579e-36	2.54772e-37	9.022e-39	3.06882e-40	1.00334e-41	3.15509e-43	9.54836e-45	2.78262e-46	7.81322e-48	2.11491e-49	5.51822e-51	0	
0	0.00153581	0.00579138	0.0183729	0.0510714	0.123681	0.258935	0.466095	0.721982	0.97546	1.18612	1.35247	1.48111	1.55009	1.54167	1.47259	1.35819	1.20252	1.01729	0.812714	0.600864	0.3945	0.200859	0.0274485	-0.120495	-0.243249	-0.342286	-0.414858	-0.464173	-0.490944	-0.495224	-0.478309	-0.437619	-0.374811	-0.286437	-0.17248	-0.0351348	0.128537	0.31478	0.516906	0.728097	0.936739	1.13129	1.30003	1.43161	1.51991	1.55518	1.51698	1.40904	1.25748	1.06594	0.826699	0.565182	0.333725	0.169318	0.0740681	0.0281382	0.00936076	0.00274952	0.000718587	0.000168276	3.55325e-05	6.80365e-06	1.18734e-06	1.89716e-07	2.78686e-08	3.77766e-09	4.74127e-10	5.52674e-11	6.00028e-12	6.08313e-13	5.77261e-14	5.13883e-15	4.30023e-16	3.38905e-17	2.51996e-18	1.77074e-19	1.1777e-20	7.42436e-22	4.44245e-23	2.52628e-24	1.36698e-25	7.04622e-27	3.46366e-28	1.62533e-29	7.28783e-31	3.12537e-32	1.28302e-33	5.04606e-35	1.90285e-36	6.88518e-38	2.39221e-39	7.98647e-41	2.5637e-42	7.91786e-44	2.35418e-45	6.74236e-47	1.86107e-48	4.9505e-50	0	
0	0.003606	0.0127705	0.0375848	0.0961921	0.212929	0.404797	0.659282	0.927636	1.15782	1.33691	1.47428	1.55009	1.53831	1.45821	1.33038	1.14894	0.928363	0.687862	0.439842	0.201519	-0.0194044	-0.215812	-0.384087	-0.523811	-0.636424	-0.721473	-0.781625	-0.822166	-0.843376	-0.84628	-0.833864	-0.800658	-0.748916	-0.673663	-0.572605	-0.442724	-0.286908	-0.100734	0.110238	0.343238	0.588452	0.833867	1.06432	1.26375	1.413	1.5127	1.55526	1.51341	1.39684	1.23497	1.02613	0.768421	0.501269	0.280624	0.134681	0.0557384	0.0200593	0.00633347	0.00176929	0.000440702	9.85589e-05	1.99133e-05	3.65506e-06	6.12488e-07	9.412e-08	1.33164e-08	1.74093e-09	2.11007e-10	2.3781e-11	2.49907e-12	2.45488e-13	2.25943e-14	1.9526e-15	1.58759e-16	1.21669e-17	8.80403e-19	6.02487e-20	3.90508e-21	2.40074e-22	1.40174e-23	7.78293e-25	4.11418e-26	2.07287e-27	9.96476e-29	4.57512e-30	2.00812e-31	8.43374e-33	3.39206e-34	1.3076e-35	4.83492e-37	1.71605e-38	5.85058e-40	1.91731e-41	6.04352e-43	1.8334e-44	5.35614e-46	1.50771e-47	4.08889e-49	0	
0	0.00768586	0.0255606	0.0697316	0.164199	0.332279	0.574981	0.853371	1.10726	1.30514	1.45383	1.54359	1.54167	1.45821	1.32126	1.11963	0.867705	0.600252	0.323805	0.05765	-0.188591	-0.407204	-0.592499	-0.743854	-0.86049	-0.946117	-1.00559	-1.04691	-1.07132	-1.08427	-1.08622	-1.07683	-1.05895	-1.02446	-0.972475	-0.898547	-0.793827	-0.657251	-0.484897	-0.279832	-0.0434673	0.215719	0.489749	0.762326	1.02264	1.24865	1.41024	1.51622	1.55438	1.49827	1.3697	1.19295	0.960672	0.685517	0.421824	0.221927	0.100104	0.0390097	0.0132537	0.00396159	0.00105056	0.000249044	5.31339e-05	1.0264e-05	1.80485e-06	2.9028e-07	4.28856e-08	5.84258e-09	7.3657e-10	8.62029e-11	9.39263e-12	9.55353e-13	9.0931e-14	8.11727e-15	6.81023e-16	5.38031e-17	4.00984e-18	2.82389e-19	1.88214e-20	1.18898e-21	7.12877e-23	4.06196e-24	2.20225e-25	1.13738e-26	5.60182e-28	2.63379e-29	1.18327e-30	5.08446e-32	2.09142e-33	8.24206e-35	3.11442e-36	1.12926e-37	3.93185e-39	1.3155e-40	4.23211e-42	1.31001e-43	3.90394e-45	1.12071e-46	3.09877e-48	0	
0	0.0149282	0.0466684	0.118088	0.256121	0.475098	0.752768	1.02998	1.25458	1.41961	1.52767	1.54866	1.47259	1.33038	1.11963	0.846037	0.55756	0.256773	-0.0411447	-0.311836	-0.552381	-0.747038	-0.901279	-1.01081	-1.08533	-1.13215	-1.15936	-1.17275	-1.17791	-1.17965	-1.17947	-1.17765	-1.17458	-1.16531	-1.14628	-1.10649	-1.04521	-0.949389	-0.814456	-0.635121	-0.413329	-0.152278	0.135013	0.438938	0.731457	1.01504	1.25531	1.42289	1.52872	1.54856	1.47053	1.32656	1.12713	0.867278	0.581982	0.334413	0.164151	0.0692289	0.0253073	0.0080946	0.00228571	0.000574463	0.000129444	2.63206e-05	4.8574e-06	8.17771e-07	1.26174e-07	1.79146e-08	2.34939e-09	2.85543e-10	3.22619e-11	3.39797e-12	3.34484e-13	3.08447e-14	2.67043e-15	2.17496e-16	1.66957e-17	1.21003e-18	8.29342e-20	5.38365e-21	3.31471e-22	1.9383e-23	1.07783e-24	5.7062e-26	2.87939e-27	1.38635e-28	6.37523e-30	2.80276e-31	1.17905e-32	4.75021e-34	1.83433e-35	6.79464e-37	2.41602e-38	8.25253e-40	2.70969e-41	8.55815e-43	2.60157e-44	7.61625e-46	2.14701e-47	0	
0	0.0265656	0.0782389	0.184021	0.36874	0.630196	0.922371	1.17961	1.37006	1.49895	1.55124	1.49842	1.35819	1.14894	0.867705	0.55756	0.234979	-0.0952657	-0.386756	-0.643678	-0.845995	-0.99817	-1.09983	-1.15902	-1.18439	-1.18749	-1.17393	-1.15824	-1.14382	-1.13235	-1.13192	-1.14015	-1.15043	-1.16756	-1.18336	-1.18848	-1.17366	-1.12748	-1.04561	-0.912151	-0.732361	-0.494103	-0.217314	0.100652	0.430816	0.744397	1.04386	1.28327	1.4507	1.54331	1.53166	1.42883	1.2633	1.03199	0.747033	0.465838	0.247933	0.112918	0.0443521	0.0151657	0.00455668	0.00121346	0.000288647	6.17553e-05	1.19568e-05	2.1065e-06	3.39331e-07	5.01993e-08	6.84675e-09	8.6402e-10	1.01207e-10	1.10362e-11	1.12335e-12	1.06995e-13	9.55762e-15	8.02394e-16	6.34337e-17	4.73077e-18	3.33392e-19	2.22368e-20	1.4058e-21	8.4355e-23	4.81057e-24	2.61043e-25	1.34946e-26	6.65294e-28	3.13127e-29	1.40833e-30	6.05856e-32	2.49516e-33	9.84584e-35	3.72546e-36	1.35273e-37	4.71692e-39	1.58061e-40	5.09324e-42	1.57922e-43	4.71445e-45	1.35485e-46	0	
0	0.0436035	0.121378	0.266319	0.495331	0.785368	1.07293	1.29985	1.45504	1.54039	1.52683	1.40418	1.20252	0.928363	0.600252	0.256773	-0.0952657	-0.411143	-0.682293	-0.903666	-1.05503	-1.15395	-1.19109	-1.19151	-1.15704	-1.11237	-1.06536	-1.02387	-0.992715	-0.974562	-0.973683	-0.98387	-1.01067	-1.04801	-1.09107	-1.14124	-1.17993	-1.19633	-1.17426	-1.10195	-0.971011	-0.779254	-0.523563	-0.228733	0.115636	0.463498	0.800471	1.10203	1.33154	1.48908	1.54914	1.49923	1.36993	1.17218	0.904306	0.606883	0.348321	0.170684	0.0718426	0.0262081	0.00836502	0.00235711	0.00059119	0.000132948	2.69811e-05	4.97017e-06	8.353e-07	1.28667e-07	1.82405e-08	2.38869e-09	2.89935e-10	3.27181e-11	3.44219e-12	3.38497e-13	3.11868e-14	2.69791e-15	2.19584e-16	1.68462e-17	1.22036e-18	8.36106e-20	5.42608e-21	3.34025e-22	1.95309e-23	1.08608e-24	5.75056e-26	2.9024e-27	1.39786e-28	6.43074e-30	2.82855e-31	1.1906e-32	4.79995e-34	1.85495e-35	6.87686e-37	2.44755e-38	8.36878e-40	2.75091e-41	8.69871e-43	2.64767e-44	7.75583e-46	0	
0	0.0665056	0.175706	0.361339	0.627476	0.930427	1.19926	1.39207	1.51051	1.54381	1.46131	1.27614	1.01729	0.687862	0.323805	-0.0411447	-0.386756	-0.682293	-0.9248	-1.08387	-1.1764	-1.19639	-1.16908	-1.10141	-1.0251	-0.943217	-0.876521	-0.81805	-0.782414	-0.764442	-0.757974	-0.771328	-0.803811	-0.850048	-0.914438	-0.991933	-1.0707	-1.1467	-1.18914	-1.19343	-1.1276	-0.999035	-0.786489	-0.511368	-0.183878	0.177876	0.542905	0.892759	1.18126	1.39679	1.52499	1.53649	1.44866	1.28592	1.04514	0.747851	0.459774	0.241216	0.108389	0.0420555	0.014223	0.00423147	0.00111691	0.000263563	5.59824e-05	1.07682e-05	1.8858e-06	3.02129e-07	4.44738e-08	6.03826e-09	7.58819e-10	8.8545e-11	9.62164e-12	9.7622e-13	9.27084e-14	8.25924e-15	6.91695e-16	5.45608e-17	4.06085e-18	2.8566e-19	1.90221e-20	1.20082e-21	7.19629e-23	4.09928e-24	2.22231e-25	1.14789e-26	5.65536e-28	2.66033e-29	1.19604e-30	5.14393e-32	2.11817e-33	8.35808e-35	3.16284e-36	1.14868e-37	4.00673e-39	1.34321e-40	4.33064e-42	1.34364e-43	4.01101e-45	0	
0	0.0949947	0.239321	0.463834	0.757026	1.05873	1.30061	1.4589	1.53743	1.51251	1.36482	1.1251	0.812714	0.439842	0.05765	-0.311836	-0.643678	-0.903666	-1.08387	-1.17848	-1.19705	-1.14707	-1.05733	-0.942323	-0.832633	-0.736903	-0.665342	-0.619246	-0.585132	-0.57002	-0.567501	-0.577272	-0.60442	-0.644093	-0.705983	-0.789828	-0.898117	-1.01183	-1.11567	-1.18311	-1.1953	-1.13081	-0.986359	-0.756209	-0.45207	-0.0919797	0.286331	0.668286	1.00898	1.27776	1.46657	1.54164	1.50091	1.37416	1.16515	0.880714	0.575713	0.321518	0.153518	0.0631085	0.0225394	0.00705931	0.00195588	0.000483195	0.000107195	2.14896e-05	3.91487e-06	6.51338e-07	9.94117e-08	1.39751e-08	1.81608e-09	2.18881e-10	2.454e-11	2.56641e-12	2.5099e-13	2.30074e-14	1.98104e-15	1.60544e-16	1.22679e-17	8.85459e-19	6.04621e-20	3.91172e-21	2.40122e-22	1.4004e-23	7.76905e-25	4.10478e-26	2.06775e-27	9.94146e-29	4.56642e-30	2.00579e-31	8.43272e-33	3.39618e-34	1.31132e-35	4.85794e-37	1.728e-38	5.90593e-40	1.94078e-41	6.136e-43	1.86605e-44	0	
0	0.128042	0.309141	0.568055	0.877504	1.16726	1.37881	1.503	1.5379	1.45307	1.24749	0.959309	0.600864	0.201519	-0.188591	-0.552381	-0.845995	-1.05503	-1.1764	-1.19705	-1.14111	-1.02514	-0.883975	-0.745468	-0.635423	-0.561856	-0.513576	-0.482407	-0.464879	-0.456251	-0.455272	-0.460166	-0.473189	-0.499983	-0.5402	-0.600695	-0.697765	-0.825967	-0.970978	-1.09967	-1.18368	-1.19536	-1.11561	-0.939385	-0.68005	-0.339227	0.0429953	0.443017	0.824171	1.14119	1.38315	1.51893	1.52876	1.43906	1.2632	1.00001	0.689845	0.407549	0.205697	0.0891839	0.0335044	0.0110079	0.00319124	0.000823004	0.000190196	3.96442e-05	7.49639e-06	1.29258e-06	2.04173e-07	2.96672e-08	3.98029e-09	4.9475e-10	5.71516e-11	6.15271e-12	6.18901e-13	5.83076e-14	5.15623e-15	4.28868e-16	3.36139e-17	2.48704e-18	1.7399e-19	1.15269e-20	7.2422e-22	4.321e-23	2.45136e-24	1.32391e-25	6.81438e-27	3.34642e-28	1.56948e-29	7.03677e-31	3.01874e-32	1.2402e-33	4.88343e-35	1.84446e-36	6.68729e-38	2.32903e-39	7.79728e-41	2.51093e-42	7.77588e-44	0	
0	0.164038	0.381488	0.66874	0.984713	1.2558	1.43673	1.52701	1.51549	1.37333	1.11861	0.78881	0.3945	-0.0194044	-0.407204	-0.747038	-0.99817	-1.15395	-1.19639	-1.14707	-1.02514	-0.864008	-0.705822	-0.579687	-0.502622	-0.464552	-0.444609	-0.436915	-0.429875	-0.428326	-0.429212	-0.428855	-0.433383	-0.441963	-0.456107	-0.483296	-0.543582	-0.649477	-0.799331	-0.962317	-1.10639	-1.18592	-1.18463	-1.0728	-0.85965	-0.55133	-0.178789	0.227799	0.637001	0.995189	1.28337	1.47447	1.53552	1.4835	1.34029	1.10282	0.797031	0.494957	0.262596	0.11949	0.0470088	0.0161368	0.00487704	0.00130858	0.000314056	6.78695e-05	1.32858e-05	2.36835e-06	3.86288e-07	5.78935e-08	8.00327e-09	1.02408e-09	1.21673e-10	1.3462e-11	1.39066e-12	1.34457e-13	1.21948e-14	1.03965e-15	8.3477e-17	6.32389e-18	4.5276e-19	3.06828e-20	1.97107e-21	1.20195e-22	6.96643e-24	3.84238e-25	2.0191e-26	1.01194e-27	4.84212e-29	2.21425e-30	9.68567e-32	4.05626e-33	1.62771e-34	6.26374e-36	2.31324e-37	8.20458e-39	2.79666e-40	9.16763e-42	2.88934e-43	0	
0	0.201069	0.452685	0.761762	1.07666	1.32584	1.47737	1.53362	1.4753	1.2824	0.987556	0.621588	0.200859	-0.215812	-0.592499	-0.901279	-1.09983	-1.19109	-1.16908	-1.05733	-0.883975	-0.705822	-0.557365	-0.478024	-0.450561	-0.454763	-0.447542	-0.437639	-0.436923	-0.432439	-0.433674	-0.436736	-0.434976	-0.443483	-0.453553	-0.450554	-0.46149	-0.516294	-0.640492	-0.810154	-0.992563	-1.1331	-1.1948	-1.1492	-0.993829	-0.726831	-0.372961	0.0310817	0.457173	0.847882	1.17482	1.41466	1.52532	1.51089	1.39868	1.18832	0.893655	0.579687	0.321451	0.152718	0.0626196	0.0223608	0.00701704	0.00195155	0.000484711	0.000108252	2.18714e-05	4.01944e-06	6.75159e-07	1.04109e-07	1.47948e-08	1.94452e-09	2.37134e-10	2.6911e-11	2.84964e-12	2.82258e-13	2.62113e-14	2.28684e-15	1.87817e-16	1.45471e-17	1.06438e-18	7.36867e-20	4.83386e-21	3.00898e-22	1.77965e-23	1.00133e-24	5.36599e-26	2.7418e-27	1.33717e-28	6.23059e-30	2.77635e-31	1.18415e-32	4.83834e-34	1.89536e-35	7.12409e-37	2.57114e-38	8.91634e-40	2.97305e-41	9.52908e-43	0	
0	0.237211	0.519534	0.84436	1.15303	1.37962	1.50353	1.52634	1.42427	1.18884	0.85981	0.462812	0.0274485	-0.384087	-0.743854	-1.01081	-1.15902	-1.19151	-1.10141	-0.942323	-0.745468	-0.579687	-0.478024	-0.453969	-0.462023	-0.459608	-0.43816	-0.4227	-0.422743	-0.413137	-0.409275	-0.41926	-0.421454	-0.429943	-0.452638	-0.464429	-0.45671	-0.460859	-0.530394	-0.672802	-0.865374	-1.04409	-1.16851	-1.18638	-1.08528	-0.863081	-0.535689	-0.142714	0.291552	0.707288	1.0651	1.3457	1.50243	1.52472	1.44135	1.25725	0.977626	0.658379	0.379423	0.187212	0.0796132	0.0294377	0.00955064	0.00274213	0.000702185	0.00016149	3.35637e-05	6.33902e-06	1.09333e-06	1.72971e-07	2.52014e-08	3.39367e-09	4.23768e-10	4.92149e-11	5.3304e-12	5.39769e-13	5.12205e-14	4.56455e-15	3.82762e-16	3.02579e-17	2.25877e-18	1.59488e-19	1.06675e-20	6.76832e-22	4.07911e-23	2.33807e-24	1.27605e-25	6.63871e-27	3.29579e-28	1.5629e-29	7.08615e-31	3.07459e-32	1.27772e-33	5.08989e-35	1.94511e-36	7.13614e-38	2.51522e-39	8.52261e-41	2.7754e-42	0	
0	0.270765	0.579574	0.91503	1.21458	1.41957	1.51819	1.50975	1.36897	1.09783	0.739489	0.319934	-0.120495	-0.523811	-0.86049	-1.08533	-1.18439	-1.15704	-1.0251	-0.832633	-0.635423	-0.502622	-0.450561	-0.462023	-0.468361	-0.435272	-0.398123	-0.379023	-0.381336	-0.366063	-0.361577	-0.379098	-0.379006	-0.387666	-0.418542	-0.458552	-0.469131	-0.44973	-0.47306	-0.571013	-0.751248	-0.950936	-1.11565	-1.1873	-1.14025	-0.966839	-0.667836	-0.290269	0.144012	0.578899	0.961514	1.27422	1.47123	1.52824	1.4713	1.31125	1.04814	0.728533	0.43389	0.221162	0.0970539	0.0369842	0.01235	0.00364518	0.000958533	0.000226154	4.81782e-05	9.31938e-06	1.6451e-06	2.66206e-07	3.96478e-08	5.45485e-09	6.95581e-10	8.24569e-11	9.11211e-12	9.41079e-13	9.10465e-14	8.2693e-15	7.065e-16	5.68856e-17	4.32407e-18	3.10805e-19	2.11566e-20	1.3658e-21	8.3732e-23	4.88098e-24	2.70864e-25	1.43256e-26	7.22853e-28	3.48341e-29	1.60469e-30	7.07297e-32	2.98548e-33	1.20777e-34	4.68655e-36	1.74561e-37	6.24557e-39	2.14797e-40	7.09859e-42	0	
0	0.300388	0.631125	0.973246	1.26265	1.4482	1.52456	1.48822	1.31425	1.01372	0.632655	0.198554	-0.243249	-0.636424	-0.946117	-1.13215	-1.18749	-1.11237	-0.943217	-0.736903	-0.561856	-0.464552	-0.454763	-0.459608	-0.435272	-0.372231	-0.355121	-0.365758	-0.353659	-0.348765	-0.34981	-0.348861	-0.362496	-0.361495	-0.35661	-0.411122	-0.4551	-0.458446	-0.453954	-0.51127	-0.660523	-0.861068	-1.05258	-1.17285	-1.16829	-1.03843	-0.770009	-0.40945	0.0176985	0.465032	0.868619	1.20654	1.4366	1.52462	1.49132	1.35234	1.10535	0.788502	0.482621	0.252785	0.113895	0.0445147	0.0152296	0.00460099	0.00123727	0.000298296	6.489e-05	1.28094e-05	2.30627e-06	3.80448e-07	5.7738e-08	8.09117e-09	1.05051e-09	1.26751e-10	1.4252e-11	1.49722e-12	1.473e-13	1.36012e-14	1.18108e-15	9.66343e-17	7.46254e-18	5.44824e-19	3.76621e-20	2.46861e-21	1.53635e-22	9.08997e-24	5.1191e-25	2.7471e-26	1.40627e-27	6.87416e-29	3.21176e-30	1.43561e-31	6.14434e-33	2.52013e-34	9.91333e-36	3.74277e-37	1.35723e-38	4.73046e-40	1.58412e-41	0	
0	0.325119	0.673198	1.01915	1.29882	1.46793	1.52553	1.4655	1.26445	0.941338	0.543601	0.0989048	-0.342286	-0.721473	-1.00559	-1.15936	-1.17393	-1.06536	-0.876521	-0.665342	-0.513576	-0.444609	-0.447542	-0.43816	-0.398123	-0.355121	-0.360379	-0.37188	-0.345874	-0.349869	-0.358839	-0.341764	-0.362026	-0.37067	-0.349534	-0.380304	-0.422333	-0.44991	-0.439798	-0.477124	-0.593363	-0.791678	-0.994047	-1.14651	-1.17854	-1.08616	-0.848741	-0.502222	-0.0824656	0.370008	0.78894	1.14674	1.40308	1.51709	1.50391	1.38254	1.1499	0.837344	0.523863	0.280463	0.129085	0.051495	0.017967	0.00553129	0.0015147	0.000371645	8.22331e-05	1.65037e-05	3.01969e-06	5.06041e-07	7.79911e-08	1.10957e-08	1.46213e-09	1.79006e-10	2.04183e-11	2.17552e-12	2.17034e-13	2.03172e-14	1.78835e-15	1.4829e-16	1.16041e-17	8.58332e-19	6.01057e-20	3.99042e-21	2.51507e-22	1.50684e-23	8.59188e-25	4.66778e-26	2.4188e-27	1.19674e-28	5.65886e-30	2.55969e-31	1.10854e-32	4.60033e-34	1.83079e-35	6.99244e-37	2.56493e-38	9.04226e-40	3.0625e-41	0	
0	0.344343	0.705326	1.05325	1.32466	1.48083	1.52363	1.44492	1.22339	0.883697	0.473465	0.0220585	-0.414858	-0.781625	-1.04691	-1.17275	-1.15824	-1.02387	-0.81805	-0.619246	-0.482407	-0.436915	-0.437639	-0.4227	-0.379023	-0.365758	-0.37188	-0.369972	-0.335145	-0.345039	-0.356245	-0.331624	-0.356977	-0.374669	-0.366752	-0.371438	-0.403093	-0.438495	-0.433047	-0.457419	-0.552088	-0.736342	-0.94399	-1.11819	-1.18241	-1.11529	-0.901591	-0.571818	-0.159381	0.296654	0.726224	1.09812	1.37407	1.50847	1.51128	1.40367	1.18269	0.874624	0.556325	0.302841	0.141663	0.0574011	0.0203298	0.00634938	0.001763	0.00043841	9.82768e-05	1.99751e-05	3.70037e-06	6.27664e-07	9.78908e-08	1.40902e-08	1.87813e-09	2.32548e-10	2.68225e-11	2.88942e-12	2.91396e-13	2.75721e-14	2.45276e-15	2.05524e-16	1.62501e-17	1.21437e-18	8.59052e-20	5.76085e-21	3.66727e-22	2.21893e-23	1.27766e-24	7.0089e-26	3.66706e-27	1.83173e-28	8.7439e-30	3.99251e-31	1.74529e-32	7.31018e-34	2.93613e-35	1.13172e-36	4.18924e-38	1.49026e-39	5.09277e-41	0	
0	0.357706	0.727374	1.07618	1.34152	1.4886	1.52098	1.42915	1.19355	0.842688	0.424569	-0.0302054	-0.464173	-0.822166	-1.07132	-1.17791	-1.14382	-0.992715	-0.782414	-0.585132	-0.464879	-0.429875	-0.436923	-0.422743	-0.381336	-0.353659	-0.345874	-0.335145	-0.324897	-0.326695	-0.328002	-0.323601	-0.331507	-0.341607	-0.348404	-0.368265	-0.40578	-0.436622	-0.430037	-0.443369	-0.524719	-0.698713	-0.909867	-1.09664	-1.17811	-1.13322	-0.9372	-0.617352	-0.21144	0.245344	0.681969	1.06333	1.35242	1.50105	1.5152	1.41723	1.2046	0.900221	0.579125	0.318872	0.150833	0.0617755	0.0221055	0.00697261	0.00195461	0.000490568	0.00011096	2.2751e-05	4.25077e-06	7.27088e-07	1.14333e-07	1.65905e-08	2.2291e-09	2.7818e-10	3.23356e-11	3.5101e-12	3.56681e-13	3.40031e-14	3.04735e-15	2.57226e-16	2.04863e-17	1.542e-18	1.09862e-19	7.4196e-21	4.75637e-22	2.89795e-23	1.68015e-24	9.27992e-26	4.8882e-27	2.45814e-28	1.18124e-29	5.42935e-31	2.38898e-32	1.00716e-33	4.07142e-35	1.5794e-36	5.88366e-38	2.10627e-39	7.2431e-41	0	
0	0.365035	0.739368	1.08849	1.35039	1.49246	1.51904	1.41994	1.17672	0.820015	0.397811	-0.0588602	-0.490944	-0.843376	-1.08427	-1.17965	-1.13235	-0.974562	-0.764442	-0.57002	-0.456251	-0.428326	-0.432439	-0.413137	-0.366063	-0.348765	-0.349869	-0.345039	-0.326695	-0.331081	-0.336651	-0.324777	-0.336857	-0.351081	-0.347766	-0.356813	-0.392437	-0.431724	-0.427796	-0.439537	-0.511243	-0.682747	-0.891553	-1.08184	-1.175	-1.14167	-0.955405	-0.64175	-0.239664	0.217172	0.657446	1.04388	1.34004	1.49647	1.51694	1.42429	1.21633	0.914156	0.591718	0.327837	0.156017	0.0642732	0.0231286	0.00733479	0.00206686	0.000521359	0.000118503	2.44139e-05	4.5828e-06	7.87478e-07	1.24388e-07	1.81296e-08	2.44656e-09	3.06637e-10	3.57956e-11	3.9021e-12	3.98171e-13	3.81154e-14	3.42988e-15	2.90689e-16	2.32444e-17	1.75657e-18	1.25643e-19	8.51854e-21	5.48201e-22	3.35288e-23	1.9513e-24	1.08182e-25	5.71979e-27	2.88697e-28	1.3924e-29	6.42316e-31	2.83645e-32	1.20007e-33	4.86843e-35	1.89519e-36	7.08458e-38	2.54491e-39	8.78124e-41	0	
0	0.366259	0.741364	1.09053	1.35185	1.49307	1.51867	1.41834	1.17392	0.816337	0.393246	-0.0639866	-0.495224	-0.84628	-1.08622	-1.17947	-1.13192	-0.973683	-0.757974	-0.567501	-0.455272	-0.429212	-0.433674	-0.409275	-0.361577	-0.34981	-0.358839	-0.356245	-0.328002	-0.336651	-0.345718	-0.325317	-0.345984	-0.36065	-0.351879	-0.353572	-0.386524	-0.431297	-0.428476	-0.439336	-0.508468	-0.677411	-0.887145	-1.08078	-1.17542	-1.14112	-0.958318	-0.64728	-0.244477	0.213034	0.653467	1.0405	1.3379	1.49569	1.51721	1.42545	1.21827	0.916479	0.593827	0.329343	0.156891	0.0646955	0.0233021	0.00739634	0.00208599	0.000526617	0.000119794	2.46992e-05	4.63989e-06	7.97886e-07	1.26125e-07	1.83962e-08	2.4843e-09	3.11589e-10	3.63992e-11	3.97065e-12	4.05443e-13	3.8838e-14	3.49727e-15	2.96599e-16	2.37328e-17	1.79465e-18	1.28451e-19	8.71457e-21	5.61178e-22	3.43444e-23	2.00003e-24	1.10953e-25	5.86995e-27	2.96459e-28	1.43072e-29	6.60389e-31	2.91801e-32	1.23531e-33	5.01434e-35	1.95313e-36	7.30538e-38	2.62573e-39	9.06522e-41	0	
0	0.361367	0.733374	1.08236	1.34599	1.49056	1.52002	1.42453	1.18518	0.831547	0.411517	-0.0443874	-0.478309	-0.833864	-1.07683	-1.17765	-1.14015	-0.98387	-0.771328	-0.577272	-0.460166	-0.428855	-0.436736	-0.41926	-0.379098	-0.348861	-0.341764	-0.331624	-0.323601	-0.324777	-0.325317	-0.322124	-0.329096	-0.337113	-0.345418	-0.364537	-0.403721	-0.43472	-0.431158	-0.439603	-0.51869	-0.689158	-0.899769	-1.09185	-1.17656	-1.1367	-0.946494	-0.629888	-0.225672	0.231398	0.669857	1.05364	1.34626	1.49881	1.51612	1.42081	1.2105	0.907201	0.585407	0.323327	0.1534	0.0630088	0.0226092	0.00715046	0.0020096	0.000505616	0.000114639	2.35604e-05	4.41206e-06	7.5637e-07	1.192e-07	1.73343e-08	2.33401e-09	2.91889e-10	3.39999e-11	3.6984e-12	3.76583e-13	3.59732e-14	3.23038e-15	2.73218e-16	2.18029e-17	1.64431e-18	1.17378e-19	7.94247e-21	5.10129e-22	3.11398e-23	1.80879e-24	1.0009e-25	5.28201e-27	2.66105e-28	1.28107e-29	5.89882e-31	2.6002e-32	1.09815e-33	4.44707e-35	1.72814e-36	6.4489e-38	2.31259e-39	7.96613e-41	0	
0	0.350405	0.715356	1.06373	1.33242	1.48447	1.5225	1.43782	1.21002	0.865489	0.451548	-0.00188177	-0.437619	-0.800658	-1.05895	-1.17458	-1.15043	-1.01067	-0.803811	-0.60442	-0.473189	-0.433383	-0.434976	-0.421454	-0.379006	-0.362496	-0.362026	-0.356977	-0.331507	-0.336857	-0.345984	-0.329096	-0.345942	-0.363008	-0.360888	-0.369842	-0.402483	-0.436417	-0.429956	-0.450471	-0.538673	-0.721421	-0.93036	-1.10728	-1.17974	-1.12284	-0.91837	-0.594111	-0.183382	0.274014	0.706501	1.08237	1.36434	1.50526	1.51321	1.40996	1.19275	0.886282	0.566639	0.310049	0.145763	0.0593472	0.0211161	0.00662415	0.00184714	0.000461224	0.000103804	2.11806e-05	3.93859e-06	6.70555e-07	1.04962e-07	1.51621e-08	2.02815e-09	2.51996e-10	2.91656e-11	3.15249e-12	3.18991e-13	3.02832e-14	2.70277e-15	2.27209e-16	1.80224e-17	1.35111e-18	9.58799e-20	6.44988e-21	4.11863e-22	2.49971e-23	1.44372e-24	7.94384e-26	4.1687e-27	2.08852e-28	9.99917e-30	4.57909e-31	2.00754e-32	8.43299e-34	3.39686e-35	1.31305e-36	4.87426e-38	1.73884e-39	5.95891e-41	0	
0	0.333496	0.687258	1.03417	1.31031	1.4738	1.52493	1.45673	1.24682	0.9167	0.513519	0.0652841	-0.374811	-0.748916	-1.02446	-1.16531	-1.16756	-1.04801	-0.850048	-0.644093	-0.499983	-0.441963	-0.443483	-0.429943	-0.387666	-0.361495	-0.37067	-0.374669	-0.341607	-0.351081	-0.36065	-0.337113	-0.363008	-0.377447	-0.360317	-0.37527	-0.411716	-0.44523	-0.437012	-0.468671	-0.57453	-0.766359	-0.972579	-1.13484	-1.18055	-1.09952	-0.873245	-0.533589	-0.115959	0.338453	0.761845	1.12574	1.39073	1.51365	1.5074	1.39203	1.16442	0.853676	0.537953	0.290096	0.134459	0.0540007	0.018963	0.00587406	0.00161814	0.000399309	8.88462e-05	1.79274e-05	3.29749e-06	5.55444e-07	8.60369e-08	1.2301e-08	1.62883e-09	2.00368e-10	2.29626e-11	2.45796e-12	2.46332e-13	2.3164e-14	2.04802e-15	1.70571e-16	1.34057e-17	9.95862e-19	7.00336e-20	4.66913e-21	2.95513e-22	1.7778e-23	1.01784e-24	5.55215e-26	2.88864e-27	1.4349e-28	6.81183e-30	3.0933e-31	1.34485e-32	5.60252e-34	2.23817e-35	8.58092e-37	3.1595e-38	1.11801e-39	3.80066e-41	0	
0	0.310913	0.649133	0.993062	1.27844	1.45702	1.5254	1.479	1.2935	0.983411	0.595204	0.155964	-0.286437	-0.673663	-0.972475	-1.14628	-1.18336	-1.09107	-0.914438	-0.705983	-0.5402	-0.456107	-0.453553	-0.452638	-0.418542	-0.35661	-0.349534	-0.366752	-0.348404	-0.347766	-0.351879	-0.345418	-0.360888	-0.360317	-0.343751	-0.39435	-0.443241	-0.456846	-0.448482	-0.495874	-0.63081	-0.832365	-1.02611	-1.16264	-1.17486	-1.06048	-0.804587	-0.449569	-0.0254023	0.424631	0.835078	1.18154	1.42285	1.52191	1.49714	1.36567	1.12469	0.80943	0.500087	0.264385	0.120201	0.0473869	0.0163468	0.00497772	0.00134879	0.000327573	7.17654e-05	1.42643e-05	2.58543e-06	4.29285e-07	6.55651e-08	9.24534e-09	1.20769e-09	1.46589e-10	1.65796e-11	1.75181e-12	1.73328e-13	1.6094e-14	1.40526e-15	1.156e-16	8.97497e-18	6.58704e-19	4.57716e-20	3.0156e-21	1.8863e-22	1.12165e-23	6.34805e-25	3.42331e-26	1.76093e-27	8.64913e-29	4.06025e-30	1.8234e-31	7.84039e-33	3.23059e-34	1.2766e-35	4.84159e-37	1.76356e-38	6.17395e-40	2.0766e-41	0	
0	0.283154	0.601291	0.93982	1.23532	1.4322	1.52152	1.5015	1.34682	1.06317	0.694945	0.268889	-0.17248	-0.572605	-0.898547	-1.10649	-1.18848	-1.14124	-0.991933	-0.789828	-0.600695	-0.483296	-0.450554	-0.464429	-0.458552	-0.411122	-0.380304	-0.371438	-0.368265	-0.356813	-0.353572	-0.364537	-0.369842	-0.37527	-0.39435	-0.442877	-0.467035	-0.453663	-0.461739	-0.542083	-0.710433	-0.912264	-1.09295	-1.18354	-1.15402	-0.999046	-0.711293	-0.341392	0.0899481	0.531383	0.923269	1.24654	1.45749	1.52747	1.4804	1.32919	1.07265	0.753829	0.454161	0.234152	0.103893	0.0400097	0.0134954	0.00402176	0.00106736	0.000254075	5.45915e-05	1.06477e-05	1.89474e-06	3.09002e-07	4.63725e-08	6.42747e-09	8.25552e-10	9.85581e-11	1.0967e-11	1.14034e-12	1.1106e-13	1.01529e-14	8.72997e-16	7.07346e-17	5.41009e-18	3.91235e-19	2.67912e-20	1.73975e-21	1.07277e-22	6.28932e-24	3.50987e-25	1.86664e-26	9.47053e-28	4.58852e-29	2.12506e-30	9.41597e-32	3.99513e-33	1.62453e-34	6.33573e-36	2.37172e-37	8.52779e-39	2.94724e-40	9.78714e-42	0	
0	0.251034	0.544491	0.874118	1.17935	1.39706	1.51052	1.52058	1.40252	1.15207	0.810439	0.402997	-0.0351348	-0.442724	-0.793827	-1.04521	-1.17366	-1.17993	-1.0707	-0.898117	-0.697765	-0.543582	-0.46149	-0.45671	-0.469131	-0.4551	-0.422333	-0.403093	-0.40578	-0.392437	-0.386524	-0.403721	-0.402483	-0.411716	-0.443241	-0.467035	-0.463408	-0.451543	-0.501955	-0.627359	-0.818191	-1.00703	-1.14809	-1.19052	-1.11216	-0.908026	-0.591993	-0.205586	0.229928	0.654566	1.02284	1.31706	1.49067	1.52723	1.45476	1.28061	1.00751	0.687589	0.401739	0.20092	0.0865607	0.0324062	0.0106388	0.00308922	0.00079965	0.00018582	3.90068e-05	7.43812e-06	1.29485e-06	2.06703e-07	3.03797e-08	4.12579e-09	5.1945e-10	6.08132e-11	6.63835e-12	6.77371e-13	6.47597e-14	5.81337e-15	4.90977e-16	3.90848e-17	2.93777e-18	2.0883e-19	1.406e-20	8.97872e-22	5.44574e-23	3.14092e-24	1.72477e-25	9.02739e-27	4.50829e-28	2.15038e-29	9.8059e-31	4.27877e-32	1.78806e-33	7.16204e-35	2.75181e-36	1.01496e-37	3.59619e-39	1.22487e-40	4.0092e-42	0	
0	0.215742	0.480117	0.796178	1.10904	1.3491	1.48931	1.53214	1.456	1.24513	0.935761	0.556506	0.128537	-0.286908	-0.657251	-0.949389	-1.12748	-1.19633	-1.1467	-1.01183	-0.825967	-0.649477	-0.516294	-0.460859	-0.44973	-0.458446	-0.44991	-0.438495	-0.436622	-0.431724	-0.431297	-0.43472	-0.436417	-0.44523	-0.456846	-0.453663	-0.451543	-0.486095	-0.588582	-0.752133	-0.941027	-1.10063	-1.1906	-1.16815	-1.03469	-0.78602	-0.44143	-0.0412287	0.388606	0.79035	1.13077	1.38792	1.5175	1.51791	1.41753	1.21788	0.928888	0.612053	0.344865	0.166419	0.0692657	0.0250886	0.00798029	0.0022482	0.000565289	0.000127738	2.61005e-05	4.8488e-06	8.22995e-07	1.28186e-07	1.83942e-08	2.44042e-09	3.00334e-10	3.4386e-11	3.6726e-12	3.66827e-13	3.43432e-14	3.02017e-15	2.49972e-16	1.9508e-17	1.43794e-18	1.00268e-19	6.62416e-21	4.15196e-22	2.47231e-23	1.4003e-24	7.55288e-26	3.88385e-27	1.906e-28	8.9357e-30	4.00577e-31	1.71864e-32	7.06314e-34	2.78275e-35	1.05184e-36	3.81721e-38	1.33097e-39	4.46177e-41	1.43761e-42	0	
0	0.178846	0.410315	0.707073	1.02337	1.28586	1.45479	1.53153	1.50138	1.33808	1.06604	0.720739	0.31478	-0.100734	-0.484897	-0.814456	-1.04561	-1.17426	-1.18914	-1.11567	-0.970978	-0.799331	-0.640492	-0.530394	-0.47306	-0.453954	-0.439798	-0.433047	-0.430037	-0.427796	-0.428476	-0.431158	-0.429956	-0.437012	-0.448482	-0.461739	-0.501955	-0.588582	-0.733102	-0.902251	-1.06477	-1.16915	-1.19267	-1.11	-0.919396	-0.625491	-0.25963	0.146183	0.563278	0.935942	1.24078	1.45219	1.5333	1.49636	1.3658	1.13916	0.837148	0.52937	0.28602	0.132469	0.0530007	0.0184867	0.00567246	0.00154401	0.000375649	8.22423e-05	1.63005e-05	2.9405e-06	4.85109e-07	7.35053e-08	1.02693e-08	1.32748e-09	1.59281e-10	1.77914e-11	1.85492e-12	1.80955e-13	1.65549e-14	1.42332e-15	1.15223e-16	8.79881e-18	6.34867e-19	4.33512e-20	2.80555e-21	1.7232e-22	1.00582e-23	5.58603e-25	2.9552e-26	1.49089e-27	7.18012e-29	3.30423e-30	1.45433e-31	6.12773e-33	2.47367e-34	9.575e-36	3.5565e-37	1.26856e-38	4.34812e-40	1.43314e-41	4.54105e-43	0	
0	0.142201	0.338006	0.609034	0.922144	1.20498	1.40416	1.51483	1.53154	1.42331	1.19684	0.891064	0.516906	0.110238	-0.279832	-0.635121	-0.912151	-1.10195	-1.19343	-1.18311	-1.09967	-0.962317	-0.810154	-0.672802	-0.571013	-0.51127	-0.477124	-0.457419	-0.443369	-0.439537	-0.439336	-0.439603	-0.450471	-0.468671	-0.495874	-0.542083	-0.627359	-0.752133	-0.902251	-1.04876	-1.1587	-1.19908	-1.15274	-0.99839	-0.756895	-0.429108	-0.0485503	0.355309	0.748657	1.08336	1.34496	1.50357	1.53385	1.45915	1.29652	1.04328	0.733831	0.442567	0.227987	0.100811	0.0385853	0.0129024	0.00380309	0.000996305	0.000233691	4.94022e-05	9.46775e-06	1.65353e-06	2.64404e-07	3.8872e-08	5.27427e-09	6.62722e-10	7.73569e-11	8.41201e-12	8.54414e-13	8.12544e-14	7.25099e-15	6.08431e-16	4.80967e-17	3.58822e-18	2.53058e-19	1.68971e-20	1.06976e-21	6.43025e-23	3.6745e-24	1.99858e-25	1.03583e-26	5.12123e-28	2.41777e-29	1.09103e-30	4.71011e-32	1.94707e-33	7.71344e-35	2.93072e-36	1.06877e-37	3.74365e-39	1.26038e-40	4.08121e-42	1.27073e-43	0	
