0	0	0	0	0	0	0	0	0	0	0	0	0	0	0	0	0	0	0	0	0	0	0	0	0	0	0	0	0	0	0	0	0	0	0	0	0	0	0	0	0	0	0	0	0	0	0	0	0	0	0	0	0	0	0	0	0	0	0	0	0	0	0	0	0	0	0	0	0	0	0	0	0	0	0	0	0	0	0	0	0	0	0	0	0	0	0	0	0	0	0	0	0	0	0	0	0	0	0	0	
0	3.71542e-52	4.48372e-50	4.91134e-48	4.87707e-46	4.38362e-44	3.55959e-42	2.60553e-40	1.71474e-38	1.01159e-36	5.33125e-35	2.50016e-33	1.03868e-31	3.80335e-30	1.22044e-28	3.40955e-27	8.23223e-26	1.70373e-24	2.99492e-23	4.42747e-22	5.44646e-21	5.51385e-20	4.54067e-19	3.00097e-18	1.56228e-17	6.22603e-17	1.83431e-16	3.98127e-16	6.95587e-16	9.96692e-16	1.06387e-15	8.33482e-16	5.15025e-16	2.60003e-16	9.97475e-17	2.86563e-17	6.22852e-18	1.03997e-18	1.35745e-19	1.4108e-20	1.18832e-21	8.24405e-23	4.77859e-24	2.34321e-25	9.82529e-27	3.55574e-28	1.11955e-29	3.08815e-31	7.50765e-33	1.61707e-34	3.09992e-36	5.30989e-38	8.15509e-40	1.12636e-41	1.40266e-43	1.57837e-45	1.6079e-47	1.48517e-49	1.2454e-51	9.49015e-54	6.57623e-56	4.14575e-58	2.37805e-60	1.24101e-62	5.88966e-65	2.54013e-67	9.94545e-70	3.53012e-72	1.13391e-74	3.28865e-77	8.58857e-80	2.01295e-82	4.21686e-85	7.85687e-88	1.2942e-90	1.87083e-93	2.35159e-96	2.54066e-99	2.32432e-102	1.76516e-105	1.08266e-108	5.15217e-112	1.78461e-115	4.00199e-119	4.36033e-123	0	0	0	0	0	0	0	0	0	0	0	0	0	0	0	
0	4.48372e-50	5.13207e-48	5.33541e-46	5.0313e-44	4.29633e-42	3.31552e-40	2.3069e-38	1.44331e-36	8.09469e-35	4.05525e-33	1.80745e-31	7.1345e-30	2.48118e-28	7.55805e-27	2.0033e-25	4.58605e-24	8.9928e-23	1.49673e-21	2.09359e-20	2.43549e-19	2.33088e-18	1.81463e-17	1.13447e-16	5.59632e-16	2.12256e-15	6.01058e-15	1.27249e-14	2.1703e-14	3.03317e-14	3.22219e-14	2.56906e-14	1.62861e-14	8.42155e-15	3.34189e-15	1.00272e-15	2.2925e-16	4.04468e-17	5.59188e-18	6.1608e-19	5.50062e-20	4.04286e-21	2.48071e-22	1.2866e-23	5.70119e-25	2.17871e-26	7.23869e-28	2.10572e-29	5.39611e-31	1.22465e-32	2.47299e-34	4.46142e-36	7.2162e-38	1.04972e-39	1.37699e-41	1.63265e-43	1.75315e-45	1.70778e-47	1.51125e-49	1.2162e-51	8.90857e-54	5.94283e-56	3.6116e-58	1.99965e-60	1.00847e-62	4.63041e-65	1.93411e-67	7.3413e-70	2.5285e-72	7.88775e-75	2.22359e-77	5.64878e-80	1.28879e-82	2.63003e-85	4.77672e-88	7.67473e-91	1.08278e-93	1.3291e-96	1.40304e-99	1.2548e-102	9.32032e-106	5.59389e-109	2.60608e-112	8.84111e-116	1.94262e-119	2.07469e-123	0	0	0	0	0	0	0	0	0	0	0	0	0	0	
0	4.91134e-48	5.33541e-46	5.26734e-44	4.71892e-42	3.82945e-40	2.80905e-38	1.85803e-36	1.10509e-34	5.89123e-33	2.80479e-31	1.18765e-29	4.45183e-28	1.46947e-26	4.24584e-25	1.06669e-23	2.31271e-22	4.29133e-21	6.75261e-20	8.92238e-19	9.7977e-18	8.84705e-17	6.49791e-16	3.83473e-15	1.78898e-14	6.44718e-14	1.75268e-13	3.61438e-13	6.01624e-13	8.20908e-13	8.68003e-13	7.03871e-13	4.5757e-13	2.42589e-13	9.97099e-14	3.12968e-14	7.54041e-15	1.40856e-15	2.06686e-16	2.41883e-17	2.2936e-18	1.78905e-19	1.16392e-20	6.39371e-22	2.99776e-23	1.21098e-24	4.24947e-26	1.30463e-27	3.52617e-29	8.43624e-31	1.79512e-32	3.41159e-34	5.81203e-36	8.90426e-38	1.23022e-39	1.53653e-41	1.73851e-43	1.78513e-45	1.66599e-47	1.41488e-49	1.09453e-51	7.71811e-54	4.96336e-56	2.91151e-58	1.55785e-60	7.60109e-63	3.38007e-65	1.3687e-67	5.04106e-70	1.68621e-72	5.11281e-75	1.40202e-77	3.46713e-80	7.70577e-83	1.53285e-85	2.71548e-88	4.25812e-91	5.86652e-94	7.03594e-97	7.26082e-100	6.35119e-103	4.61621e-106	2.71232e-109	1.23759e-112	4.11375e-116	8.86009e-120	9.27878e-124	0	0	0	0	0	0	0	0	0	0	0	0	0	
0	4.87707e-46	5.0313e-44	4.71892e-42	4.01762e-40	3.09905e-38	2.16103e-36	1.3588e-34	7.68168e-33	3.89155e-31	1.76006e-29	7.07674e-28	2.51745e-26	7.88073e-25	2.15782e-23	5.13272e-22	1.0526e-20	1.84549e-19	2.74093e-18	3.41476e-17	3.53233e-16	3.00272e-15	2.07581e-14	1.1537e-13	5.07902e-13	1.73612e-12	4.52486e-12	9.07565e-12	1.47392e-11	1.96563e-11	2.06902e-11	1.70518e-11	1.13621e-11	6.18264e-12	2.63601e-12	8.67097e-13	2.20604e-13	4.37287e-14	6.82602e-15	8.50485e-16	8.58331e-17	7.11955e-18	4.91976e-19	2.86702e-20	1.42431e-21	6.0895e-23	2.25928e-24	7.32689e-26	2.09022e-27	5.27482e-29	1.18329e-30	2.36978e-32	4.25308e-34	6.86307e-36	9.98659e-38	1.31372e-39	1.56581e-41	1.69412e-43	1.66658e-45	1.4927e-47	1.21857e-49	9.07486e-52	6.1688e-54	3.8291e-56	2.17065e-58	1.12366e-60	5.30974e-63	2.28897e-65	8.99373e-68	3.21698e-70	1.0459e-72	3.08481e-75	8.23443e-78	1.98363e-80	4.29741e-83	8.33803e-86	1.4416e-88	2.20749e-91	2.97153e-94	3.48391e-97	3.51635e-100	3.00975e-103	2.14155e-106	1.23236e-109	5.50953e-113	1.79511e-116	3.79118e-120	3.89468e-124	0	0	0	0	0	0	0	0	0	0	0	0	
0	4.38362e-44	4.29633e-42	3.82945e-40	3.09905e-38	2.27246e-36	1.50635e-34	9.00265e-33	4.83631e-31	2.32741e-29	9.99473e-28	3.81343e-26	1.2864e-24	3.81554e-23	9.88929e-22	2.2243e-20	4.30818e-19	7.12483e-18	9.96853e-17	1.16845e-15	1.1359e-14	9.06691e-14	5.88389e-13	3.07148e-12	1.27283e-11	4.11837e-11	1.02747e-10	2.00101e-10	3.16945e-10	4.13577e-10	4.33447e-10	3.62765e-10	2.47665e-10	1.38487e-10	6.13493e-11	2.11924e-11	5.70684e-12	1.20348e-12	2.00385e-13	2.6651e-14	2.86988e-15	2.53719e-16	1.86612e-17	1.15581e-18	6.09394e-20	2.76143e-21	1.08455e-22	3.71924e-24	1.12091e-25	2.98591e-27	7.06569e-29	1.49186e-30	2.82157e-32	4.79667e-34	7.35171e-36	1.01857e-37	1.27867e-39	1.45734e-41	1.51062e-43	1.42618e-45	1.22787e-47	9.64958e-50	6.92737e-52	4.54524e-54	2.72646e-56	1.49528e-58	7.49635e-61	3.434e-63	1.43641e-65	5.48111e-68	1.90556e-70	6.02629e-73	1.73018e-75	4.49887e-78	1.05639e-80	2.23223e-83	4.22692e-86	7.13645e-89	1.0677e-91	1.40499e-94	1.61107e-97	1.59112e-100	1.33322e-103	9.29077e-107	5.23839e-110	2.29553e-113	7.33394e-117	1.51936e-120	1.53163e-124	0	0	0	0	0	0	0	0	0	0	0	
0	3.55959e-42	3.31552e-40	2.80905e-38	2.16103e-36	1.50635e-34	9.4908e-33	5.38994e-31	2.75049e-29	1.25674e-27	5.12103e-26	1.85268e-24	5.92083e-23	1.66208e-21	4.07243e-20	8.64809e-19	1.57924e-17	2.4587e-16	3.23341e-15	3.5569e-14	3.24065e-13	2.42176e-12	1.47069e-11	7.18846e-11	2.79611e-10	8.54375e-10	2.03665e-09	3.84397e-09	5.93527e-09	7.58657e-09	7.91836e-09	6.72408e-09	4.70205e-09	2.70562e-09	1.24771e-09	4.53686e-10	1.29663e-10	2.91766e-11	5.19794e-12	7.40218e-13	8.52963e-14	8.05882e-15	6.32412e-16	4.17196e-17	2.33891e-18	1.12519e-19	4.68486e-21	1.70098e-22	5.4215e-24	1.52582e-25	3.81152e-27	8.48953e-29	1.69283e-30	3.03276e-32	4.89694e-34	7.14627e-36	9.44845e-38	1.13421e-39	1.23846e-41	1.232e-43	1.11804e-45	9.26627e-48	7.01984e-50	4.86417e-52	3.08415e-54	1.78979e-56	9.5061e-59	4.61991e-61	2.05347e-63	8.34162e-66	3.09372e-68	1.0462e-70	3.2206e-73	9.00695e-76	2.28285e-78	5.2283e-81	1.07819e-83	1.99366e-86	3.28865e-89	4.80971e-92	6.19e-95	6.9453e-98	6.71482e-101	5.51036e-104	3.76234e-107	2.07925e-110	8.93438e-114	2.79997e-117	5.69204e-121	5.63252e-125	0	0	0	0	0	0	0	0	0	0	
0	2.60553e-40	2.3069e-38	1.85803e-36	1.3588e-34	9.00265e-33	5.38994e-31	2.90767e-29	1.40876e-27	6.10763e-26	2.35972e-24	8.08705e-23	2.44574e-21	6.48931e-20	1.50084e-18	3.00384e-17	5.16132e-16	7.54738e-15	9.30512e-14	9.57865e-13	8.15278e-12	5.68437e-11	3.21875e-10	1.46782e-09	5.34135e-09	1.53716e-08	3.49371e-08	6.37667e-08	9.59178e-08	1.2023e-07	1.25001e-07	1.07606e-07	7.70579e-08	4.57026e-08	2.19872e-08	8.43818e-09	2.56752e-09	6.18596e-10	1.18341e-10	1.81089e-11	2.24053e-12	2.2693e-13	1.90536e-14	1.34212e-15	8.0183e-17	4.10308e-18	1.8141e-19	6.98379e-21	2.357e-22	7.01593e-24	1.85175e-25	4.3541e-27	9.15907e-29	1.73001e-30	2.94382e-32	4.52589e-34	6.30281e-36	7.96854e-38	9.16412e-40	9.60298e-42	9.18238e-44	8.0217e-46	6.40872e-48	4.68605e-50	3.13775e-52	1.92469e-54	1.08167e-56	5.56919e-59	2.62615e-61	1.13357e-63	4.47551e-66	1.61451e-68	5.31451e-71	1.5936e-73	4.3441e-76	1.07387e-78	2.40022e-81	4.83337e-84	8.73182e-87	1.40798e-89	2.01391e-92	2.53608e-95	2.78555e-98	2.63751e-101	2.12061e-104	1.41917e-107	7.69045e-111	3.24143e-114	9.96805e-118	1.98911e-121	1.93274e-125	0	0	0	0	0	0	0	0	0	
0	1.71474e-38	1.44331e-36	1.10509e-34	7.68168e-33	4.83631e-31	2.75049e-29	1.40876e-27	6.4763e-26	2.6621e-24	9.74272e-23	3.15948e-21	9.03038e-20	2.26127e-18	4.92779e-17	9.2766e-16	1.49628e-14	2.04962e-13	2.36189e-12	2.26746e-11	1.7962e-10	1.16373e-09	6.11833e-09	2.59217e-08	8.79102e-08	2.37537e-07	5.13462e-07	9.04047e-07	1.32365e-06	1.62865e-06	1.68715e-06	1.47103e-06	1.07874e-06	6.60712e-07	3.32427e-07	1.35071e-07	4.39147e-08	1.13743e-08	2.34648e-09	3.87448e-10	5.16747e-11	5.63111e-12	5.07518e-13	3.82822e-14	2.44348e-15	1.33296e-16	6.27041e-18	2.5638e-19	9.17556e-21	2.89228e-22	8.07421e-24	2.00601e-25	4.45477e-27	8.8766e-29	1.59251e-30	2.58016e-32	3.78538e-34	5.04076e-36	6.10536e-38	6.73817e-40	6.78685e-42	6.24698e-44	5.26053e-46	4.05636e-48	2.86611e-50	1.85656e-52	1.10283e-54	6.00801e-57	3.00132e-59	1.37437e-61	5.76576e-64	2.21416e-66	7.77475e-69	2.49282e-71	7.28578e-74	1.93705e-76	4.67305e-79	1.01989e-81	2.00651e-84	3.54336e-87	5.5878e-90	7.82036e-93	9.64027e-96	1.03698e-98	9.61979e-102	7.58092e-105	4.97456e-108	2.64418e-111	1.09359e-114	3.30106e-118	6.46807e-122	6.17308e-126	0	0	0	0	0	0	0	0	
0	1.01159e-36	8.09469e-35	5.89123e-33	3.89155e-31	2.32741e-29	1.25674e-27	6.10763e-26	2.6621e-24	1.03654e-22	3.58946e-21	1.10003e-19	2.96693e-18	6.99913e-17	1.43425e-15	2.53356e-14	3.82581e-13	4.89394e-12	5.25259e-11	4.68412e-10	3.43828e-09	2.06006e-08	1.00062e-07	3.91922e-07	1.2332e-06	3.11731e-06	6.38964e-06	1.0822e-05	1.54056e-05	1.86224e-05	1.92262e-05	1.69657e-05	1.27433e-05	8.07824e-06	4.26286e-06	1.84039e-06	6.42078e-07	1.79628e-07	4.01593e-08	7.19057e-09	1.03862e-09	1.22291e-10	1.18763e-11	9.62537e-13	6.58315e-14	3.83836e-15	1.92542e-16	8.37762e-18	3.18478e-19	1.06463e-20	3.14747e-22	8.2712e-24	1.9408e-25	4.08262e-27	7.72669e-29	1.31984e-30	2.04056e-32	2.86257e-34	3.65175e-36	4.24446e-38	4.50247e-40	4.36533e-42	3.87305e-44	3.14776e-46	2.3454e-48	1.60311e-50	1.0056e-52	5.79028e-55	3.06051e-57	1.48466e-59	6.60738e-62	2.69605e-64	1.00774e-66	3.44664e-69	1.07711e-71	3.07029e-74	7.96597e-77	1.87647e-79	4.00104e-82	7.69433e-85	1.32883e-87	2.05034e-90	2.80894e-93	3.39099e-96	3.57364e-99	3.24928e-102	2.51069e-105	1.61599e-108	8.42833e-112	3.42155e-115	1.01412e-118	1.9517e-122	1.83012e-126	0	0	0	0	0	0	0	
0	5.33125e-35	4.05525e-33	2.80479e-31	1.76006e-29	9.99473e-28	5.12103e-26	2.35972e-24	9.74272e-23	3.58946e-21	1.17464e-19	3.39679e-18	8.63017e-17	1.9141e-15	3.6796e-14	6.08266e-13	8.57207e-12	1.0203e-10	1.01571e-09	8.37452e-09	5.66628e-08	3.12181e-07	1.39258e-06	5.01318e-06	1.45588e-05	3.42844e-05	6.64015e-05	0.000107832	0.00014903	0.000177074	0.000182237	0.000162659	0.000125213	8.23703e-05	4.57412e-05	2.10705e-05	7.92771e-06	2.40897e-06	5.87113e-07	1.14663e-07	1.80361e-08	2.30618e-09	2.42409e-10	2.11929e-11	1.55849e-12	9.74128e-14	5.22427e-15	2.42439e-16	9.80883e-18	3.48319e-19	1.09211e-20	3.03934e-22	7.54331e-24	1.67661e-25	3.34977e-27	6.03601e-29	9.83839e-31	1.45439e-32	1.95447e-34	2.39256e-36	2.67279e-38	2.72908e-40	2.55035e-42	2.18377e-44	1.71493e-46	1.23605e-48	8.18113e-51	4.9743e-53	2.77884e-55	1.42624e-57	6.72391e-60	2.91043e-62	1.15587e-64	4.20809e-67	1.40275e-69	4.27527e-72	1.18923e-74	3.0127e-77	6.93307e-80	1.44495e-82	2.71746e-85	4.59178e-88	6.93519e-91	9.30435e-94	1.10043e-96	1.13662e-99	1.01329e-102	7.6796e-106	4.84999e-109	2.48287e-112	9.89665e-116	2.88103e-119	5.44757e-123	5.0203e-127	0	0	0	0	0	0	
0	2.50016e-33	1.80745e-31	1.18765e-29	7.07674e-28	3.81343e-26	1.85268e-24	8.08705e-23	3.15948e-21	1.10003e-19	3.39679e-18	9.25269e-17	2.20999e-15	4.59754e-14	8.26864e-13	1.27509e-11	1.67086e-10	1.84264e-09	1.69313e-08	1.28347e-07	7.95474e-07	4.00252e-06	1.62805e-05	5.34921e-05	0.000142496	0.00031106	0.00056687	0.000879369	0.00117763	0.00137542	0.00141125	0.00127382	0.00100602	0.000688909	0.000404164	0.000199615	8.14737e-05	2.70697e-05	7.24299e-06	1.5538e-06	2.67927e-07	3.74265e-08	4.28066e-09	4.05568e-10	3.21972e-11	2.1649e-12	1.24503e-13	6.17821e-15	2.66627e-16	1.00772e-17	3.35642e-19	9.90632e-21	2.6037e-22	6.12093e-24	1.29209e-25	2.45773e-27	4.22564e-29	6.58526e-31	9.32496e-33	1.20244e-34	1.41467e-36	1.52109e-38	1.49693e-40	1.35001e-42	1.1169e-44	8.48412e-47	5.92114e-49	3.79856e-51	2.24066e-53	1.21542e-55	6.06224e-58	2.77957e-60	1.17098e-62	4.5294e-65	1.60711e-67	5.22451e-70	1.5538e-72	4.21999e-75	1.04437e-77	2.34913e-80	4.78777e-83	8.80948e-86	1.45705e-88	2.155e-91	2.8324e-94	3.28314e-97	3.32482e-100	2.90718e-103	2.16184e-106	1.34006e-109	6.73562e-113	2.63691e-116	7.54174e-120	1.40144e-123	1.26963e-127	0	0	0	0	0	
0	1.03868e-31	7.1345e-30	4.45183e-28	2.51745e-26	1.2864e-24	5.92083e-23	2.44574e-21	9.03038e-20	2.96693e-18	8.63017e-17	2.20999e-15	4.95087e-14	9.63459e-13	1.61602e-11	2.31617e-10	2.81002e-09	2.85689e-08	2.40889e-07	1.66766e-06	9.39624e-06	4.28205e-05	0.000157449	0.000468218	0.00113578	0.00228502	0.00389869	0.00575262	0.00744617	0.00854323	0.00873947	0.00797966	0.00647686	0.00463364	0.00288521	0.00153649	0.000685047	0.000250855	7.43184e-05	1.76622e-05	3.36547e-06	5.17308e-07	6.47891e-08	6.68872e-09	5.75945e-10	4.18277e-11	2.58846e-12	1.37761e-13	6.35784e-15	2.5632e-16	9.08632e-18	2.84875e-19	7.94022e-21	1.97664e-22	4.41294e-24	8.86813e-26	1.6094e-27	2.64544e-29	3.94881e-31	5.36507e-33	6.64841e-35	7.528e-37	7.80096e-39	7.40827e-41	6.45495e-43	5.16534e-45	3.79906e-47	2.56973e-49	1.59925e-51	9.15943e-54	4.82806e-56	2.34192e-58	1.04504e-60	4.28768e-63	1.61631e-65	5.59262e-68	1.77404e-70	5.1512e-73	1.36666e-75	3.30574e-78	7.27112e-81	1.44983e-83	2.61109e-86	4.22889e-89	6.12724e-92	7.89248e-95	8.96927e-98	8.90861e-101	7.64266e-104	5.57799e-107	3.39472e-110	1.67582e-113	6.44536e-117	1.81158e-120	3.3092e-124	2.94787e-128	0	0	0	0	
0	3.80335e-30	2.48118e-28	1.46947e-26	7.88073e-25	3.81554e-23	1.66208e-21	6.48931e-20	2.26127e-18	6.99913e-17	1.9141e-15	4.59754e-14	9.63459e-13	1.74846e-11	2.72517e-10	3.61471e-09	4.03982e-08	3.76395e-07	2.89203e-06	1.81364e-05	9.20399e-05	0.000376035	0.0012367	0.00329516	0.0072169	0.0132918	0.0211098	0.029487	0.0367767	0.0413853	0.0422009	0.0390189	0.0326312	0.0244886	0.0162698	0.00940241	0.00461656	0.00188097	0.000623418	0.00016585	3.52648e-05	6.0171e-06	8.31498e-07	9.41494e-08	8.84193e-09	6.96852e-10	4.65908e-11	2.66857e-12	1.32092e-13	5.69481e-15	2.15325e-16	7.1845e-18	2.12698e-19	5.61454e-21	1.3272e-22	2.82047e-24	5.4072e-26	9.38072e-28	1.47677e-29	2.11483e-31	2.76103e-33	3.29265e-35	3.59283e-37	3.59246e-39	3.29586e-41	2.77741e-43	2.15178e-45	1.53375e-47	1.00636e-49	6.08061e-52	3.38397e-54	1.73459e-56	8.18816e-59	3.55828e-61	1.42271e-63	5.22973e-66	1.76561e-68	5.46783e-71	1.55087e-73	4.02132e-76	9.51122e-79	2.04662e-81	3.99412e-84	7.04349e-87	1.11747e-89	1.58671e-92	2.00372e-95	2.23324e-98	2.1762e-101	1.8323e-104	1.31293e-107	7.84722e-111	3.80561e-114	1.43834e-117	3.9739e-121	7.13754e-125	6.25343e-129	0	0	0	
0	1.22044e-28	7.55805e-27	4.24584e-25	2.15782e-23	9.88929e-22	4.07243e-20	1.50084e-18	4.92779e-17	1.43425e-15	3.6796e-14	8.26864e-13	1.61602e-11	2.72517e-10	3.93032e-09	4.80058e-08	4.91297e-07	4.16521e-06	2.89172e-05	0.000162644	0.000734949	0.00265809	0.00771804	0.0182056	0.0356534	0.0596696	0.0876592	0.115361	0.138153	0.152098	0.154536	0.144964	0.125308	0.0990556	0.0706194	0.0445955	0.0243341	0.0111554	0.00418826	0.00126331	0.000303386	5.80813e-05	8.93787e-06	1.11864e-06	1.15335e-07	9.91881e-09	7.19821e-10	4.45459e-11	2.3729e-12	1.09712e-13	4.43551e-15	1.5783e-16	4.97194e-18	1.39379e-19	3.4931e-21	7.85873e-23	1.59302e-24	2.91905e-26	4.84942e-28	7.32328e-30	1.00763e-31	1.26584e-33	1.45456e-35	1.53131e-37	1.47905e-39	1.31223e-41	1.07052e-43	8.03698e-46	5.55647e-48	3.53936e-50	2.07784e-52	1.12441e-54	5.60854e-57	2.57812e-59	1.09172e-61	4.25615e-64	1.52642e-66	5.03078e-69	1.52175e-71	4.2181e-74	1.06941e-76	2.47431e-79	5.21074e-82	9.95678e-85	1.71991e-87	2.67394e-90	3.72202e-93	4.60946e-96	5.04008e-99	4.81995e-102	3.98407e-105	2.80348e-108	1.64603e-111	7.84405e-115	2.91407e-118	7.91589e-122	1.39828e-125	1.20515e-129	0	0	
0	3.40955e-27	2.0033e-25	1.06669e-23	5.13272e-22	2.2243e-20	8.64809e-19	3.00384e-17	9.2766e-16	2.53356e-14	6.08266e-13	1.27509e-11	2.31617e-10	3.61471e-09	4.80058e-08	5.36798e-07	4.99533e-06	3.82089e-05	0.000237231	0.00118207	0.00468876	0.0147782	0.0372936	0.0768248	0.1332	0.201155	0.271904	0.335959	0.385291	0.413926	0.418816	0.399453	0.357865	0.298837	0.229679	0.159463	0.0975778	0.0509556	0.0219927	0.00763972	0.0021033	0.000457808	7.93392e-05	1.10795e-05	1.26388e-06	1.19376e-07	9.45431e-09	6.35014e-10	3.65414e-11	1.81777e-12	7.87946e-14	2.99717e-15	1.00667e-16	3.00209e-18	7.9884e-20	1.90501e-21	4.08726e-23	7.91746e-25	1.38903e-26	2.21322e-28	3.21072e-30	4.25022e-32	5.14404e-34	5.70214e-36	5.79795e-38	5.41489e-40	4.65025e-42	3.67578e-44	2.67638e-46	1.79613e-48	1.1115e-50	6.34433e-53	3.3405e-55	1.62241e-57	7.26653e-60	3.00005e-62	1.14102e-64	3.99448e-67	1.28579e-69	3.80065e-72	1.02999e-74	2.55428e-77	5.78349e-80	1.19245e-82	2.23176e-85	3.77746e-88	5.75683e-91	7.858e-94	9.54645e-97	1.02433e-99	9.61619e-103	7.80524e-106	5.395e-109	3.11242e-112	1.45779e-115	5.32441e-119	1.42235e-122	2.47145e-126	2.09585e-130	0	
0	8.23223e-26	4.58605e-24	2.31271e-22	1.0526e-20	4.30818e-19	1.57924e-17	5.16132e-16	1.49628e-14	3.82581e-13	8.57207e-12	1.67086e-10	2.81002e-09	4.03982e-08	4.91297e-07	4.99533e-06	4.19187e-05	0.000286333	0.00157003	0.00682599	0.0233504	0.0629267	0.135582	0.240745	0.367033	0.498749	0.620339	0.720861	0.793019	0.831968	0.838341	0.812762	0.753588	0.663489	0.549368	0.419932	0.289661	0.174193	0.0877997	0.0357765	0.0114999	0.00289266	0.000572371	9.01965e-05	1.14895e-05	1.20089e-06	1.04439e-07	7.65287e-09	4.7778e-10	2.56646e-11	1.19645e-12	4.87758e-14	1.75058e-15	5.56425e-17	1.57458e-18	3.98556e-20	9.06139e-22	1.85737e-23	3.44388e-25	5.79341e-27	8.86567e-29	1.23712e-30	1.57743e-32	1.84137e-34	1.97107e-36	1.93759e-38	1.75132e-40	1.45705e-42	1.11682e-44	7.89231e-47	5.14495e-49	3.09518e-51	1.71878e-53	8.81083e-56	4.16897e-58	1.82028e-60	7.33076e-63	2.7213e-65	9.30353e-68	2.92613e-70	8.45544e-73	2.24118e-75	5.43855e-78	1.2055e-80	2.43424e-83	4.46372e-86	7.40539e-89	1.10661e-91	1.48164e-94	1.76622e-97	1.86021e-100	1.71469e-103	1.36699e-106	9.28328e-110	5.26338e-113	2.42349e-116	8.70394e-120	2.28699e-123	3.90961e-127	0	
0	1.70373e-24	8.9928e-23	4.29133e-21	1.84549e-19	7.12483e-18	2.4587e-16	7.54738e-15	2.04962e-13	4.89394e-12	1.0203e-10	1.84264e-09	2.85689e-08	3.76395e-07	4.16521e-06	3.82089e-05	0.000286333	0.00172546	0.00822945	0.030646	0.0885128	0.199681	0.361617	0.550873	0.742632	0.917833	1.06549	1.18015	1.25924	1.30202	1.30904	1.28099	1.21614	1.11539	0.980682	0.815364	0.628593	0.435688	0.259357	0.126316	0.0484204	0.0143549	0.00329736	0.000594316	8.54591e-05	9.97116e-06	9.59014e-07	7.71112e-08	5.24816e-09	3.05635e-10	1.53752e-11	6.73687e-13	2.5899e-14	8.79182e-16	2.65039e-17	7.13119e-19	1.72019e-20	3.73494e-22	7.32536e-24	1.30195e-25	2.10287e-27	3.09446e-29	4.15813e-31	5.11238e-33	5.76152e-35	5.96105e-37	5.66991e-39	4.9638e-41	4.00382e-43	2.97799e-45	2.04387e-47	1.29505e-49	7.5784e-52	4.09649e-54	2.04551e-56	9.4339e-59	4.01741e-61	1.5789e-63	5.72303e-66	1.91149e-68	5.87646e-71	1.66061e-73	4.30646e-76	1.0229e-78	2.22029e-81	4.39215e-84	7.89324e-87	1.28385e-89	1.8816e-92	2.4717e-95	2.89179e-98	2.99016e-101	2.70685e-104	2.11994e-107	1.4147e-110	7.8842e-114	3.5693e-117	1.26073e-120	3.2587e-124	0	
0	2.99492e-23	1.49673e-21	6.75261e-20	2.74093e-18	9.96853e-17	3.23341e-15	9.30512e-14	2.36189e-12	5.25259e-11	1.01571e-09	1.69313e-08	2.40889e-07	2.89203e-06	2.89172e-05	0.000237231	0.00157003	0.00822945	0.0335388	0.104721	0.2497	0.463918	0.706806	0.944449	1.16254	1.35079	1.50649	1.62532	1.70589	1.75408	1.76285	1.7292	1.66133	1.55901	1.41688	1.24216	1.03431	0.804074	0.559909	0.328992	0.153456	0.0548056	0.014898	0.00311964	0.000512701	6.74388e-05	7.22987e-06	6.41971e-07	4.78795e-08	3.03597e-09	1.65396e-10	7.81252e-12	3.22519e-13	1.17179e-14	3.76997e-16	1.07988e-17	2.7673e-19	6.37138e-21	1.32301e-22	2.48612e-24	4.24063e-26	6.58369e-28	9.32592e-30	1.20792e-31	1.43331e-33	1.56079e-35	1.56204e-37	1.43866e-39	1.22075e-41	9.55249e-44	6.89867e-46	4.60096e-48	2.8351e-50	1.61459e-52	8.49958e-55	4.13594e-57	1.86003e-59	7.72836e-62	2.96521e-64	1.04983e-66	3.42674e-69	1.03004e-71	2.84734e-74	7.22638e-77	1.68054e-79	3.57292e-82	6.92565e-85	1.22004e-87	1.94593e-90	2.79762e-93	3.60623e-96	4.14154e-99	4.20498e-102	3.73888e-105	2.87697e-108	1.88684e-111	1.03372e-114	4.60174e-118	1.59869e-121	0	
0	4.42747e-22	2.09359e-20	8.92238e-19	3.41476e-17	1.16845e-15	3.5569e-14	9.57865e-13	2.26746e-11	4.68412e-10	8.37452e-09	1.28347e-07	1.66766e-06	1.81364e-05	0.000162644	0.00118207	0.00682599	0.030646	0.104721	0.268577	0.521286	0.805356	1.07945	1.34013	1.57319	1.76913	1.91953	2.02903	2.09676	2.13012	2.13573	2.11324	2.06092	1.96874	1.8343	1.65723	1.43686	1.18588	0.916781	0.633939	0.361639	0.158474	0.0519876	0.0128602	0.00244804	0.000366842	4.42022e-05	4.36315e-06	3.58511e-07	2.48601e-08	1.47199e-09	7.51797e-11	3.34113e-12	1.30196e-13	4.47825e-15	1.36766e-16	3.72788e-18	9.11078e-20	2.00463e-21	3.98551e-23	7.18318e-25	1.17705e-26	1.75812e-28	2.39931e-30	2.99782e-32	3.43561e-34	3.61731e-36	3.50407e-38	3.12683e-40	2.57302e-42	1.95425e-44	1.37099e-46	8.8892e-49	5.32902e-51	2.95468e-53	1.51531e-55	7.18802e-58	3.15315e-60	1.27865e-62	4.79065e-65	1.65713e-67	5.28732e-70	1.55428e-72	4.20372e-75	1.04429e-77	2.37815e-80	4.95307e-83	9.40894e-86	1.62496e-88	2.54179e-91	3.585e-94	4.53511e-97	5.11289e-100	5.09767e-103	4.45225e-106	3.3661e-109	2.16969e-112	1.16857e-115	5.11529e-119	0	
0	5.44646e-21	2.43549e-19	9.7977e-18	3.53233e-16	1.1359e-14	3.24065e-13	8.15278e-12	1.7962e-10	3.43828e-09	5.66628e-08	7.95474e-07	9.39624e-06	9.20399e-05	0.000734949	0.00468876	0.0233504	0.0885128	0.2497	0.521286	0.838271	1.14714	1.45362	1.72864	1.95007	2.11642	2.2306	2.30155	2.34505	2.36608	2.36916	2.35559	2.32223	2.26299	2.16852	2.02216	1.82466	1.56815	1.27144	0.962022	0.646462	0.347289	0.139272	0.0412876	0.0092161	0.00158897	0.000216878	2.3946e-05	2.17852e-06	1.65866e-07	1.07092e-08	5.92996e-10	2.84341e-11	1.19056e-12	4.38482e-14	1.42956e-15	4.14899e-17	1.07726e-18	2.51328e-20	5.28942e-22	1.0077e-23	1.74328e-25	2.74611e-27	3.94881e-29	5.19488e-31	6.26476e-33	6.93769e-35	7.0661e-37	6.62811e-39	5.73267e-41	4.57636e-43	3.3748e-45	2.3006e-47	1.45055e-49	8.46233e-52	4.56897e-54	2.28326e-56	1.05602e-58	4.51925e-61	1.78885e-63	6.54551e-66	2.21234e-68	6.90055e-71	1.98395e-73	5.2502e-76	1.2767e-78	2.84712e-81	5.80908e-84	1.08143e-86	1.83098e-89	2.80873e-92	3.88627e-95	4.82437e-98	5.339e-101	5.22678e-104	4.48367e-107	3.33035e-110	2.10953e-113	1.1168e-116	0	
0	5.51385e-20	2.33088e-18	8.84705e-17	3.00272e-15	9.06691e-14	2.42176e-12	5.68437e-11	1.16373e-09	2.06006e-08	3.12181e-07	4.00252e-06	4.28205e-05	0.000376035	0.00265809	0.0147782	0.0629267	0.199681	0.463918	0.805356	1.14714	1.49387	1.80309	2.04446	2.22635	2.33999	2.40061	2.41928	2.41249	2.40292	2.40114	2.4077	2.41834	2.41275	2.3691	2.27987	2.12496	1.90631	1.6259	1.2862	0.942679	0.596306	0.290342	0.103688	0.0273421	0.00546068	0.000849012	0.000105329	1.06477e-05	8.92681e-07	6.29938e-08	3.78877e-09	1.96305e-10	8.84255e-12	3.49044e-13	1.21573e-14	3.75908e-16	1.03735e-17	2.56693e-19	5.71967e-21	1.15189e-22	2.10369e-24	3.49439e-26	5.29339e-28	7.32995e-30	9.29807e-32	1.0825e-33	1.15861e-35	1.14171e-37	1.03716e-39	8.69558e-42	6.73481e-44	4.8225e-46	3.19462e-48	1.95877e-50	1.11203e-52	5.84656e-55	2.84685e-57	1.2837e-59	5.35901e-62	2.07037e-64	7.39772e-67	2.44284e-69	7.44761e-72	2.09385e-74	5.4207e-77	1.29006e-79	2.81665e-82	5.62863e-85	1.02664e-87	1.70361e-90	2.56217e-93	3.47679e-96	4.23413e-99	4.5982e-102	4.41861e-105	3.72156e-108	2.71477e-111	1.68922e-114	0	
0	4.54067e-19	1.81463e-17	6.49791e-16	2.07581e-14	5.88389e-13	1.47069e-11	3.21875e-10	6.11833e-09	1.00062e-07	1.39258e-06	1.62805e-05	0.000157449	0.0012367	0.00771804	0.0372936	0.135582	0.361617	0.706806	1.07945	1.45362	1.80309	2.07347	2.28034	2.38853	2.42138	2.39144	2.32979	2.27027	2.23094	2.22366	2.25095	2.30489	2.368	2.41604	2.40992	2.3331	2.16712	1.91939	1.60131	1.22852	0.857509	0.489888	0.208437	0.0647876	0.014995	0.00265849	0.000370955	4.17032e-05	3.85226e-06	2.97231e-07	1.94224e-08	1.08748e-09	5.26973e-11	2.22913e-12	8.29284e-14	2.73097e-15	8.00683e-17	2.1005e-18	4.95276e-20	1.05379e-21	2.03043e-23	3.55401e-25	5.66728e-27	8.2538e-29	1.10037e-30	1.34557e-32	1.51194e-34	1.56357e-36	1.49027e-38	1.3107e-40	1.06488e-42	7.99907e-45	5.55967e-47	3.57756e-49	2.13232e-51	1.17754e-53	6.02602e-56	2.85775e-58	1.25575e-60	5.11138e-63	1.92637e-65	6.71798e-68	2.16614e-70	6.45138e-73	1.77258e-75	4.4866e-78	1.04433e-80	2.23093e-83	4.36346e-86	7.7923e-89	1.26642e-91	1.86596e-94	2.48135e-97	2.96216e-100	3.15414e-103	2.9726e-106	2.45606e-109	1.75796e-112	0	
0	3.00097e-18	1.13447e-16	3.83473e-15	1.1537e-13	3.07148e-12	7.18846e-11	1.46782e-09	2.59217e-08	3.91922e-07	5.01318e-06	5.34921e-05	0.000468218	0.00329516	0.0182056	0.0768248	0.240745	0.550873	0.944449	1.34013	1.72864	2.04446	2.28034	2.39271	2.41817	2.34052	2.20384	2.04306	1.88892	1.78824	1.77036	1.83954	1.97826	2.14135	2.28976	2.39615	2.41566	2.34107	2.14966	1.86796	1.49786	1.1038	0.705688	0.348472	0.125998	0.0335418	0.00674678	0.00105479	0.000131457	1.33427e-05	1.1229e-06	7.95406e-08	4.80279e-09	2.49881e-10	1.13063e-11	4.48458e-13	1.57021e-14	4.88282e-16	1.35578e-17	3.37731e-19	7.57956e-21	1.53829e-22	2.83274e-24	4.74731e-26	7.25982e-28	1.0155e-29	1.30211e-31	1.53339e-33	1.66125e-35	1.65826e-37	1.52714e-39	1.29902e-41	1.02164e-43	7.43513e-46	5.0106e-48	3.12853e-50	1.81057e-52	9.71481e-55	4.83337e-57	2.22974e-59	9.53627e-62	3.77993e-64	1.38792e-66	4.71779e-69	1.48337e-71	4.30976e-74	1.15561e-76	2.85551e-79	6.49101e-82	1.35459e-84	2.589e-87	4.51927e-90	7.18118e-93	1.03478e-95	1.34604e-98	1.57216e-101	1.63824e-104	1.51121e-107	1.22233e-110	0	
0	1.56228e-17	5.59632e-16	1.78898e-14	5.07902e-13	1.27283e-11	2.79611e-10	5.34135e-09	8.79102e-08	1.2332e-06	1.45588e-05	0.000142496	0.00113578	0.0072169	0.0356534	0.1332	0.367033	0.742632	1.16254	1.57319	1.95007	2.22635	2.38853	2.41817	2.30964	2.11083	1.84035	1.54828	1.30932	1.16841	1.14427	1.23957	1.44271	1.72195	2.0078	2.24217	2.3921	2.41404	2.30786	2.07147	1.73372	1.3272	0.911091	0.504922	0.207932	0.0627743	0.0141763	0.00246243	0.000337803	3.74425e-05	3.41819e-06	2.61179e-07	1.69303e-08	9.41806e-10	4.54038e-11	1.91308e-12	7.09701e-14	2.33298e-15	6.83425e-17	1.79301e-18	4.23163e-20	9.01941e-22	1.74229e-23	3.05983e-25	4.89931e-27	7.17013e-29	9.61288e-31	1.18302e-32	1.33883e-34	1.39556e-36	1.34178e-38	1.1914e-40	9.78026e-43	7.42955e-45	5.22675e-47	3.40749e-49	2.05961e-51	1.15463e-53	6.00477e-56	2.89726e-58	1.29685e-60	5.3841e-63	2.07256e-65	7.39348e-68	2.44255e-70	7.46654e-73	2.10969e-75	5.50287e-78	1.32306e-80	2.92696e-83	5.94569e-86	1.10633e-88	1.88032e-91	2.90947e-94	4.08273e-97	5.17208e-100	5.88322e-103	5.97031e-106	5.36318e-109	0	
0	6.22603e-17	2.12256e-15	6.44718e-14	1.73612e-12	4.11837e-11	8.54375e-10	1.53716e-08	2.37537e-07	3.11731e-06	3.42844e-05	0.00031106	0.00228502	0.0132918	0.0596696	0.201155	0.498749	0.917833	1.35079	1.76913	2.11642	2.33999	2.42138	2.34052	2.11083	1.7585	1.32786	0.906641	0.555634	0.333032	0.293318	0.447606	0.754224	1.15446	1.59137	1.98391	2.26395	2.40701	2.39246	2.22031	1.92075	1.51981	1.09253	0.657869	0.300752	0.101037	0.0252463	0.00481517	0.000719947	8.64044e-05	8.4926e-06	6.95261e-07	4.80879e-08	2.84408e-09	1.45325e-10	6.47265e-12	2.53226e-13	8.76066e-15	2.69604e-16	7.41884e-18	1.83388e-19	4.08898e-21	8.25383e-23	1.51327e-24	2.52737e-26	3.85531e-28	5.38403e-30	6.89813e-32	8.12365e-34	8.80841e-36	8.80682e-38	8.12996e-40	6.93754e-42	5.47778e-44	4.00547e-46	2.7143e-48	1.70555e-50	9.94165e-53	5.37736e-55	2.69939e-57	1.25764e-59	5.43744e-62	2.18104e-64	8.11309e-67	2.79716e-69	8.93171e-72	2.63901e-74	7.20695e-77	1.81672e-79	4.22054e-82	9.01966e-85	1.76938e-87	3.17812e-90	5.21164e-93	7.77601e-96	1.05146e-98	1.28249e-101	1.40325e-104	1.36828e-107	0	
0	1.83431e-16	6.01058e-15	1.75268e-13	4.52486e-12	1.02747e-10	2.03665e-09	3.49371e-08	5.13462e-07	6.38964e-06	6.64015e-05	0.00056687	0.00389869	0.0211098	0.0876592	0.271904	0.620339	1.06549	1.50649	1.91953	2.2306	2.40061	2.39144	2.20384	1.84035	1.32786	0.743966	0.139447	-0.400698	-0.749248	-0.811275	-0.569749	-0.0916067	0.500715	1.10075	1.65046	2.07853	2.33572	2.42138	2.31405	2.06161	1.67819	1.24388	0.792888	0.392181	0.143457	0.0389573	0.00803857	0.00129387	0.00016639	1.74514e-05	1.51898e-06	1.11343e-07	6.95955e-09	3.74905e-10	1.75657e-11	7.2154e-13	2.61648e-14	8.42716e-16	2.42372e-17	6.25442e-19	1.45424e-20	3.05821e-22	5.83649e-24	1.01392e-25	1.60769e-27	2.33241e-29	3.10286e-31	3.79247e-33	4.26625e-35	4.42392e-37	4.23451e-39	3.74592e-41	3.06571e-43	2.32332e-45	1.63164e-47	1.06252e-49	6.41894e-52	3.59871e-54	1.87275e-56	9.04676e-59	4.05656e-61	1.68805e-63	6.51652e-66	2.33255e-68	7.73629e-71	2.37547e-73	6.74568e-76	1.76933e-78	4.28008e-81	9.53197e-84	1.95032e-86	3.65739e-89	6.26841e-92	9.78669e-95	1.38654e-97	1.7745e-100	2.04049e-103	2.09464e-106	0	
0	3.98127e-16	1.27249e-14	3.61438e-13	9.07565e-12	2.00101e-10	3.84397e-09	6.37667e-08	9.04047e-07	1.0822e-05	0.000107832	0.000879369	0.00575262	0.029487	0.115361	0.335959	0.720861	1.18015	1.62532	2.02903	2.30155	2.41928	2.32979	2.04306	1.54828	0.906641	0.139447	-0.694489	-1.42546	-1.87975	-1.9591	-1.6477	-1.01012	-0.194192	0.614448	1.30713	1.86535	2.24076	2.40868	2.36998	2.15796	1.79404	1.36141	0.902183	0.471606	0.183625	0.0531188	0.0116547	0.00198952	0.000270617	2.99454e-05	2.74364e-06	2.11263e-07	1.3846e-08	7.80799e-10	3.82405e-11	1.63983e-12	6.20063e-14	2.08035e-15	6.22704e-17	1.67104e-18	4.03771e-20	8.81871e-22	1.74704e-23	3.14904e-25	5.17898e-27	7.79095e-29	1.07447e-30	1.36126e-32	1.58712e-34	1.70573e-36	1.69225e-38	1.55177e-40	1.31668e-42	1.03478e-44	7.53847e-47	5.09431e-49	3.19517e-51	1.86076e-53	1.00647e-55	5.05704e-58	2.3604e-60	1.02335e-62	4.12002e-65	1.53973e-67	5.33852e-70	1.71601e-72	5.1092e-75	1.40752e-77	3.58314e-80	8.4162e-83	1.82069e-85	3.62004e-88	6.59922e-91	1.09987e-93	1.67042e-96	2.30282e-99	2.86859e-102	3.21151e-105	0	
0	6.95587e-16	2.1703e-14	6.01624e-13	1.47392e-11	3.16945e-10	5.93527e-09	9.59178e-08	1.32365e-06	1.54056e-05	0.00014903	0.00117763	0.00744617	0.0367767	0.138153	0.385291	0.793019	1.25924	1.70589	2.09676	2.34505	2.41249	2.27027	1.88892	1.30932	0.555634	-0.400698	-1.42546	-2.28472	-2.80144	-2.89054	-2.53911	-1.801	-0.815182	0.194747	1.03167	1.67463	2.14908	2.3813	2.39615	2.21538	1.87485	1.44329	0.979817	0.53095	0.215465	0.0650543	0.0148943	0.00265078	0.000375456	4.32018e-05	4.10976e-06	3.28069e-07	2.22567e-08	1.29726e-09	6.55761e-11	2.89847e-12	1.12824e-13	3.89202e-15	1.19649e-16	3.2942e-18	8.15847e-20	1.82473e-21	3.6987e-23	6.81615e-25	1.14526e-26	1.75897e-28	2.47514e-30	3.19763e-32	3.79969e-34	4.15989e-36	4.20211e-38	3.9217e-40	3.38532e-42	2.70567e-44	2.00387e-46	1.37623e-48	8.76986e-51	5.18754e-53	2.84927e-55	1.45341e-57	6.88559e-60	3.02939e-62	1.23745e-64	4.69132e-67	1.64978e-69	5.37793e-72	1.62362e-74	4.53491e-77	1.17035e-79	2.78651e-82	6.10994e-85	1.23123e-87	2.27464e-90	3.84177e-93	5.91238e-96	8.259e-99	1.04244e-101	1.18249e-104	0	
0	9.96692e-16	3.03317e-14	8.20908e-13	1.96563e-11	4.13577e-10	7.58657e-09	1.2023e-07	1.62865e-06	1.86224e-05	0.000177074	0.00137542	0.00854323	0.0413853	0.152098	0.413926	0.831968	1.30202	1.75408	2.13012	2.36608	2.40292	2.23094	1.78824	1.16841	0.333032	-0.749248	-1.87975	-2.80144	-3.34684	-3.44037	-3.07071	-2.28531	-1.21102	-0.0763468	0.866832	1.55695	2.08355	2.36487	2.40159	2.24839	1.91622	1.48486	1.02385	0.565527	0.234313	0.0723503	0.016959	0.00309065	0.000448	5.26973e-05	5.11765e-06	4.16428e-07	2.87545e-08	1.70341e-09	8.7398e-11	3.91608e-12	1.54355e-13	5.38633e-15	1.6735e-16	4.65269e-18	1.16274e-19	2.62239e-21	5.35693e-23	9.94348e-25	1.68199e-26	2.59959e-28	3.67961e-30	4.78e-32	5.70956e-34	6.28144e-36	6.37455e-38	5.9752e-40	5.17932e-42	4.15578e-44	3.08935e-46	2.12927e-48	1.36145e-50	8.0793e-53	4.45131e-55	2.27733e-57	1.08196e-59	4.77318e-62	1.95487e-64	7.42981e-67	2.61915e-69	8.55788e-72	2.5895e-74	7.24849e-77	1.8746e-79	4.47241e-82	9.82598e-85	1.98386e-87	3.67191e-90	6.21292e-93	9.57831e-96	1.34028e-98	1.69451e-101	1.92527e-104	0	
0	1.06387e-15	3.22219e-14	8.68003e-13	2.06902e-11	4.33447e-10	7.91836e-09	1.25001e-07	1.68715e-06	1.92262e-05	0.000182237	0.00141125	0.00873947	0.0422009	0.154536	0.418816	0.838341	1.30904	1.76285	2.13573	2.36916	2.40114	2.22366	1.77036	1.14427	0.293318	-0.811275	-1.9591	-2.89054	-3.44037	-3.53458	-3.16213	-2.36948	-1.28116	-0.125116	0.838203	1.5367	2.07081	2.36212	2.40142	2.25406	1.92197	1.49141	1.03156	0.571502	0.237533	0.0736097	0.0173227	0.0031698	0.000461292	5.44628e-05	5.3072e-06	4.33193e-07	2.99958e-08	1.7814e-09	9.16057e-11	4.11291e-12	1.62408e-13	5.6766e-15	1.76629e-16	4.91724e-18	1.23034e-19	2.77793e-21	5.6804e-23	1.05537e-24	1.78673e-26	2.76363e-28	3.91464e-30	5.08873e-32	6.08211e-34	6.6952e-36	6.79813e-38	6.37547e-40	5.52891e-42	4.43826e-44	3.30073e-46	2.27586e-48	1.45572e-50	8.64181e-53	4.76283e-55	2.43748e-57	1.1584e-59	5.11187e-62	2.09415e-64	7.96128e-67	2.80721e-69	9.17455e-72	2.77673e-74	7.77431e-77	2.01101e-79	4.79884e-82	1.05452e-84	2.12948e-87	3.94216e-90	6.67135e-93	1.02868e-95	1.43966e-98	1.82044e-101	2.06867e-104	0	
0	8.33482e-16	2.56906e-14	7.03871e-13	1.70518e-11	3.62765e-10	6.72408e-09	1.07606e-07	1.47103e-06	1.69657e-05	0.000162659	0.00127382	0.00797966	0.0390189	0.144964	0.399453	0.812762	1.28099	1.7292	2.11324	2.35559	2.4077	2.25095	1.83954	1.23957	0.447606	-0.569749	-1.6477	-2.53911	-3.07071	-3.16213	-2.80134	-2.03899	-1.00833	0.0633122	0.951061	1.61707	2.11827	2.37345	2.39996	2.23186	1.89616	1.46425	1.00154	0.54801	0.224737	0.0686145	0.0158923	0.00286155	0.000409966	4.76932e-05	4.58439e-06	3.69536e-07	2.5298e-08	1.48697e-09	7.5753e-11	3.37246e-12	1.3215e-13	4.58688e-15	1.41818e-16	3.92528e-18	9.76943e-20	2.19508e-21	4.46849e-23	8.26779e-25	1.39439e-26	2.14915e-28	3.03421e-30	3.93214e-32	4.68628e-34	5.14483e-36	5.21079e-38	4.87526e-40	4.21849e-42	3.37922e-44	2.50813e-46	1.72611e-48	1.10211e-50	6.53153e-53	3.59397e-55	1.83646e-57	8.71489e-60	3.84038e-62	1.57116e-64	5.96536e-67	2.10084e-69	6.85786e-72	2.07321e-74	5.79824e-77	1.49827e-79	3.57166e-82	7.84087e-85	1.58186e-87	2.92571e-90	4.94683e-93	7.62116e-96	1.06571e-98	1.34649e-101	1.5289e-104	0	
0	5.15025e-16	1.62861e-14	4.5757e-13	1.13621e-11	2.47665e-10	4.70205e-09	7.70579e-08	1.07874e-06	1.27433e-05	0.000125213	0.00100602	0.00647686	0.0326312	0.125308	0.357865	0.753588	1.21614	1.66133	2.06092	2.32223	2.41834	2.30489	1.97826	1.44271	0.754224	-0.0916067	-1.01012	-1.801	-2.28531	-2.36948	-2.03899	-1.35405	-0.460573	0.434952	1.18641	1.78316	2.20295	2.39746	2.38389	2.18434	1.83119	1.39906	0.937073	0.497961	0.197608	0.0582837	0.0130333	0.00226621	0.000313793	3.53268e-05	3.29117e-06	2.57555e-07	1.71467e-08	9.81747e-10	4.87972e-11	2.12273e-12	8.13924e-14	2.76802e-15	8.39541e-17	2.28206e-18	5.5836e-20	1.2345e-21	2.475e-23	4.51357e-25	7.50839e-27	1.14223e-28	1.59266e-30	2.03959e-32	2.4033e-34	2.60991e-36	2.61593e-38	2.42309e-40	2.07655e-42	1.64805e-44	1.21232e-46	8.27145e-49	5.23732e-51	3.07882e-53	1.68089e-55	8.52397e-58	4.01524e-60	1.75672e-62	7.13688e-65	2.69131e-67	9.41525e-70	3.05357e-72	9.1729e-75	2.54955e-77	6.54819e-80	1.55173e-82	3.38671e-85	6.79355e-88	1.24945e-90	2.10096e-93	3.21924e-96	4.47767e-99	5.62774e-102	6.35713e-105	0	
0	2.60003e-16	8.42155e-15	2.42589e-13	6.18264e-12	1.38487e-10	2.70562e-09	4.57026e-08	6.60712e-07	8.07824e-06	8.23703e-05	0.000688909	0.00463364	0.0244886	0.0990556	0.298837	0.663489	1.11539	1.55901	1.96874	2.26299	2.41275	2.368	2.14135	1.72195	1.15446	0.500715	-0.194192	-0.815182	-1.21102	-1.28116	-1.00833	-0.460573	0.223855	0.902931	1.50828	1.9941	2.2987	2.42019	2.34033	2.10552	1.72883	1.29492	0.840161	0.425874	0.160082	0.0446735	0.00946286	0.00156135	0.000205528	2.20343e-05	1.95788e-06	1.46338e-07	9.31675e-09	5.10714e-10	2.43284e-11	1.01521e-12	3.73722e-14	1.22113e-15	3.56086e-17	9.31138e-19	2.19281e-20	4.66849e-22	9.01618e-24	1.58443e-25	2.54049e-27	3.72589e-29	5.00924e-31	6.1859e-33	7.02898e-35	7.36082e-37	7.11395e-39	6.35301e-41	5.24804e-43	4.01386e-45	2.84454e-47	1.86905e-49	1.13921e-51	6.44349e-54	3.38274e-56	1.64849e-58	7.45687e-61	3.13037e-63	1.21916e-65	4.40289e-68	1.47349e-70	4.56589e-73	1.30869e-75	3.46533e-78	8.46491e-81	1.90425e-83	3.93716e-86	7.46423e-89	1.29404e-91	2.04504e-94	2.93519e-97	3.8095e-100	4.4481e-103	4.64422e-106	0	
0	9.97475e-17	3.34189e-15	9.97099e-14	2.63601e-12	6.13493e-11	1.24771e-09	2.19872e-08	3.32427e-07	4.26286e-06	4.57412e-05	0.000404164	0.00288521	0.0162698	0.0706194	0.229679	0.549368	0.980682	1.41688	1.8343	2.16852	2.3691	2.41604	2.28976	2.0078	1.59137	1.10075	0.614448	0.194747	-0.0763468	-0.125116	0.0633122	0.434952	0.902931	1.39819	1.85714	2.19475	2.3841	2.41024	2.26392	1.98235	1.5882	1.15709	0.714498	0.338045	0.117772	0.0304708	0.00600193	0.000924291	0.000113973	1.14847e-05	9.62079e-07	6.79772e-08	4.10114e-09	2.13493e-10	9.67654e-12	3.84866e-13	1.35243e-14	4.22417e-16	1.17891e-17	2.95375e-19	6.67153e-21	1.36349e-22	2.52988e-24	4.27424e-26	6.5931e-28	9.3075e-30	1.20509e-31	1.43378e-33	1.57023e-35	1.58535e-37	1.47757e-39	1.27276e-41	1.01428e-43	7.48451e-46	5.11772e-48	3.24453e-50	1.90802e-52	1.04113e-54	5.2723e-57	2.47789e-59	1.08071e-61	4.37295e-64	1.64101e-66	5.70796e-69	1.83896e-71	5.48273e-74	1.51105e-76	3.84462e-79	9.01671e-82	1.9457e-84	3.85491e-87	6.9951e-90	1.15922e-92	1.74854e-95	2.39121e-98	2.95114e-101	3.26906e-104	3.2291e-107	0	
0	2.86563e-17	1.00272e-15	3.12968e-14	8.67097e-13	2.11924e-11	4.53686e-10	8.43818e-09	1.35071e-07	1.84039e-06	2.10705e-05	0.000199615	0.00153649	0.00940241	0.0445955	0.159463	0.419932	0.815364	1.24216	1.65723	2.02216	2.27987	2.40992	2.39615	2.24217	1.98391	1.65046	1.30713	1.03167	0.866832	0.838203	0.951061	1.18641	1.50828	1.85714	2.15288	2.34872	2.42019	2.34917	2.13809	1.81505	1.40774	0.986761	0.567531	0.244399	0.0771203	0.0181401	0.00326874	0.000463434	5.29143e-05	4.96218e-06	3.88547e-07	2.57581e-08	1.46284e-09	7.1888e-11	3.0836e-12	1.16323e-13	3.88449e-15	1.15496e-16	3.07306e-18	7.35045e-20	1.58685e-21	3.1031e-23	5.5142e-25	8.9298e-27	1.32126e-28	1.7903e-30	2.22609e-32	2.54471e-34	2.6787e-36	2.60032e-38	2.33078e-40	1.93119e-42	1.48052e-44	1.05103e-46	6.91377e-49	4.21639e-51	2.38482e-53	1.25131e-55	6.09143e-58	2.75105e-60	1.15247e-62	4.47678e-65	1.61177e-67	5.37474e-70	1.65872e-72	4.73269e-75	1.2469e-77	3.02907e-80	6.77328e-83	1.39132e-85	2.61927e-88	4.50684e-91	7.06513e-94	1.00534e-96	1.29288e-99	1.49493e-102	1.54471e-105	1.41593e-108	0	
0	6.22852e-18	2.2925e-16	7.54041e-15	2.20604e-13	5.70684e-12	1.29663e-10	2.56752e-09	4.39147e-08	6.42078e-07	7.92771e-06	8.14737e-05	0.000685047	0.00461656	0.0243341	0.0975778	0.289661	0.628593	1.03431	1.43686	1.82466	2.12496	2.3331	2.41566	2.3921	2.26395	2.07853	1.86535	1.67463	1.55695	1.5367	1.61707	1.78316	1.9941	2.19475	2.34872	2.42562	2.3784	2.22225	1.956	1.59726	1.19666	0.790239	0.410298	0.156614	0.0438539	0.00922661	0.00150069	0.000193668	2.0276e-05	1.75443e-06	1.27433e-07	7.87242e-09	4.18264e-10	1.9295e-11	7.79222e-13	2.77461e-14	8.7656e-16	2.4705e-17	6.24198e-19	1.41992e-20	2.91926e-22	5.44298e-24	9.23176e-26	1.42825e-27	2.02049e-29	2.61936e-31	3.11796e-33	3.41379e-35	3.44323e-37	3.20368e-39	2.75298e-41	2.18712e-43	1.60783e-45	1.0945e-47	6.90334e-50	4.03604e-52	2.18795e-54	1.09996e-56	5.12838e-59	2.21716e-61	8.88601e-64	3.3001e-66	1.13501e-68	3.61238e-71	1.06291e-73	2.88805e-76	7.23632e-79	1.66928e-81	3.53837e-84	6.87657e-87	1.22209e-89	1.98005e-92	2.91444e-95	3.88092e-98	4.65258e-101	4.99249e-104	4.76207e-107	4.00396e-110	0	
