0	0	0	0	0	0	0	0	0	0	0	0	0	0	0	0	0	0	0	0	0	0	0	0	0	0	0	0	0	0	0	0	0	0	0	0	0	0	0	0	0	0	0	0	0	0	0	0	0	0	0	0	0	0	0	0	0	0	0	0	0	0	0	0	0	0	0	0	0	0	0	0	0	0	0	0	0	0	0	0	0	0	0	0	0	0	0	0	0	0	0	0	0	0	0	0	0	0	0	0	
0	-0.00493882	-0.010246	-0.020897	-0.0450872	-0.0804591	-0.124585	-0.173241	-0.224512	-0.271252	-0.306369	-0.326673	-0.333645	-0.330786	-0.32185	-0.307335	-0.289106	-0.267699	-0.243761	-0.218695	-0.196512	-0.182097	-0.173621	-0.172116	-0.182145	-0.207229	-0.242074	-0.280756	-0.317143	-0.346809	-0.369797	-0.38821	-0.401962	-0.407581	-0.406532	-0.401653	-0.392633	-0.378979	-0.365038	-0.354865	-0.355822	-0.368745	-0.387326	-0.403843	-0.410481	-0.404774	-0.390443	-0.370887	-0.351547	-0.337514	-0.327835	-0.324884	-0.329195	-0.342775	-0.360742	-0.381754	-0.404954	-0.426786	-0.441976	-0.445612	-0.434938	-0.413015	-0.377796	-0.329585	-0.27308	-0.212905	-0.151466	-0.093034	-0.0413619	-0.000209343	0.0270656	0.0424575	0.0455791	0.0405639	0.0284828	0.0128081	-0.00628036	-0.0291051	-0.053112	-0.0806054	-0.105491	-0.123019	-0.131957	-0.126134	-0.103783	-0.071331	-0.0339156	0.00291802	0.0326567	0.051081	0.0581955	0.056833	0.0473929	0.0342249	0.0202396	0.00775333	-0.000570975	-0.0048334	-0.00336219	0	
0	-0.010246	-0.019086	-0.0391637	-0.0808212	-0.145468	-0.222459	-0.30976	-0.400931	-0.485882	-0.550701	-0.589916	-0.606213	-0.604954	-0.591882	-0.566002	-0.531212	-0.487214	-0.439789	-0.390046	-0.349908	-0.326378	-0.313675	-0.312983	-0.328441	-0.369835	-0.427494	-0.492465	-0.557082	-0.612841	-0.658131	-0.698629	-0.726933	-0.741467	-0.742043	-0.738305	-0.728953	-0.713994	-0.69449	-0.680593	-0.678963	-0.695978	-0.719411	-0.741506	-0.746611	-0.736118	-0.713712	-0.683578	-0.654819	-0.634704	-0.619057	-0.613936	-0.623434	-0.646987	-0.679992	-0.719847	-0.762718	-0.802284	-0.83169	-0.839331	-0.818745	-0.779732	-0.718889	-0.632067	-0.527265	-0.411108	-0.29206	-0.178421	-0.0774919	0.00185655	0.0537047	0.0785163	0.0819984	0.0697674	0.043537	0.012419	-0.0238138	-0.0621721	-0.104706	-0.154922	-0.199158	-0.230865	-0.247846	-0.243255	-0.210228	-0.159791	-0.102964	-0.0419863	0.0122839	0.0488618	0.0701531	0.0798503	0.072726	0.0579567	0.0408306	0.0211843	0.00735105	-0.00066363	-0.0024021	0	
0	-0.020897	-0.0391637	-0.0666049	-0.12424	-0.205372	-0.303655	-0.410803	-0.526089	-0.634309	-0.719485	-0.774088	-0.801037	-0.805699	-0.792365	-0.757396	-0.703489	-0.63463	-0.55832	-0.484637	-0.428355	-0.400867	-0.390015	-0.390031	-0.407844	-0.454542	-0.521031	-0.600121	-0.68249	-0.75907	-0.827207	-0.887212	-0.93348	-0.955848	-0.962002	-0.965621	-0.967616	-0.962464	-0.952142	-0.938295	-0.93539	-0.947731	-0.966554	-0.982597	-0.98413	-0.969787	-0.947307	-0.918857	-0.890997	-0.871047	-0.853828	-0.847443	-0.856753	-0.890366	-0.936062	-0.990035	-1.04933	-1.10464	-1.14278	-1.15164	-1.12491	-1.07192	-0.985828	-0.864471	-0.718674	-0.559759	-0.395239	-0.23785	-0.0990603	0.00937444	0.0778673	0.112333	0.113697	0.0933444	0.0542455	0.00632346	-0.0490538	-0.110785	-0.171378	-0.2371	-0.293719	-0.333169	-0.358618	-0.358019	-0.326184	-0.27639	-0.213899	-0.143831	-0.0766029	-0.0214903	0.0187146	0.0464862	0.0557059	0.0526184	0.0417982	0.0267205	0.0140324	0.00363439	0.00118107	0	
0	-0.0450872	-0.0808212	-0.12424	-0.192454	-0.285519	-0.387441	-0.499269	-0.618371	-0.734313	-0.827439	-0.890567	-0.925414	-0.935331	-0.921222	-0.874212	-0.798598	-0.698225	-0.592037	-0.491649	-0.42248	-0.394275	-0.386658	-0.389507	-0.404465	-0.449745	-0.516136	-0.597248	-0.688173	-0.777096	-0.859097	-0.938052	-0.997687	-1.03338	-1.04973	-1.06817	-1.08708	-1.09922	-1.09725	-1.08874	-1.08338	-1.09517	-1.11164	-1.12883	-1.12864	-1.1161	-1.09684	-1.07191	-1.0492	-1.03514	-1.02	-1.01364	-1.02716	-1.06436	-1.11833	-1.18563	-1.26021	-1.3291	-1.37895	-1.38792	-1.34418	-1.26711	-1.15262	-0.996216	-0.814381	-0.621299	-0.430035	-0.252907	-0.0982887	0.0229264	0.103566	0.144755	0.151194	0.128	0.0734685	0.00188101	-0.0843359	-0.172779	-0.258472	-0.344555	-0.409001	-0.448483	-0.471963	-0.475844	-0.450331	-0.409665	-0.360418	-0.293822	-0.219971	-0.154507	-0.0968625	-0.0470724	-0.0196244	-0.00415454	0.00427088	0.00308412	0.00277412	0.00104296	0.000283979	0	
0	-0.0804591	-0.145468	-0.205372	-0.285519	-0.376534	-0.471279	-0.567365	-0.674992	-0.78226	-0.872833	-0.937331	-0.976832	-0.99127	-0.976518	-0.920668	-0.824679	-0.699589	-0.565342	-0.444631	-0.362992	-0.332305	-0.325334	-0.323621	-0.331695	-0.369359	-0.427988	-0.504324	-0.590551	-0.677862	-0.763184	-0.847787	-0.922123	-0.971997	-1.0075	-1.04779	-1.08897	-1.11668	-1.12593	-1.11854	-1.11693	-1.13233	-1.15664	-1.17987	-1.186	-1.17599	-1.16022	-1.14054	-1.12406	-1.11663	-1.10708	-1.10538	-1.11993	-1.16603	-1.22961	-1.30747	-1.39482	-1.47615	-1.52859	-1.52948	-1.46822	-1.36304	-1.21226	-1.02026	-0.810787	-0.603128	-0.407189	-0.231778	-0.0799907	0.0411497	0.12321	0.17189	0.183093	0.159773	0.0960032	0.00306643	-0.112051	-0.235271	-0.346682	-0.447758	-0.519785	-0.5605	-0.588252	-0.597732	-0.583159	-0.55944	-0.523472	-0.469892	-0.404197	-0.335978	-0.270301	-0.205265	-0.154341	-0.112952	-0.0782648	-0.0526911	-0.0314548	-0.0183008	-0.0068853	0	
0	-0.124585	-0.222459	-0.303655	-0.387441	-0.471279	-0.542564	-0.612395	-0.692678	-0.780883	-0.857863	-0.916526	-0.954802	-0.970861	-0.957176	-0.897328	-0.793974	-0.655451	-0.509749	-0.376963	-0.288512	-0.253415	-0.239703	-0.227767	-0.220902	-0.243567	-0.287271	-0.344076	-0.410779	-0.478424	-0.549236	-0.633252	-0.716187	-0.787179	-0.847725	-0.915296	-0.980152	-1.02457	-1.04005	-1.03804	-1.04018	-1.06697	-1.10378	-1.1403	-1.15352	-1.14747	-1.13355	-1.11644	-1.10609	-1.10857	-1.11066	-1.11911	-1.1483	-1.20629	-1.28285	-1.37317	-1.4696	-1.55171	-1.59941	-1.5837	-1.49173	-1.35562	-1.17963	-0.968049	-0.747194	-0.537883	-0.349001	-0.186138	-0.0480124	0.062093	0.140267	0.18689	0.197383	0.170317	0.0976674	-0.00625865	-0.135555	-0.268565	-0.391656	-0.507745	-0.591921	-0.644257	-0.68428	-0.710622	-0.712309	-0.70589	-0.693054	-0.658211	-0.607097	-0.550414	-0.483976	-0.40606	-0.333524	-0.261297	-0.192423	-0.13573	-0.0866961	-0.0509661	-0.0226291	0	
0	-0.173241	-0.30976	-0.410803	-0.499269	-0.567365	-0.612395	-0.646262	-0.694757	-0.754525	-0.811456	-0.855556	-0.886147	-0.900552	-0.888806	-0.835315	-0.736692	-0.604258	-0.459805	-0.326905	-0.233741	-0.190384	-0.164193	-0.133774	-0.105875	-0.107377	-0.126045	-0.155637	-0.18915	-0.226168	-0.274446	-0.347108	-0.435342	-0.51929	-0.599799	-0.689515	-0.774887	-0.835689	-0.864137	-0.869982	-0.884311	-0.923135	-0.975337	-1.02449	-1.04728	-1.04668	-1.03677	-1.02359	-1.01931	-1.03071	-1.04528	-1.07242	-1.12155	-1.20623	-1.30567	-1.41008	-1.50828	-1.58108	-1.60532	-1.55888	-1.43828	-1.27632	-1.08214	-0.863427	-0.647322	-0.450658	-0.279711	-0.135265	-0.011248	0.0868167	0.150352	0.182799	0.182496	0.149761	0.0773823	-0.0214344	-0.140582	-0.266085	-0.385473	-0.504798	-0.60551	-0.682744	-0.752338	-0.804552	-0.827301	-0.838906	-0.839285	-0.822777	-0.791865	-0.749699	-0.693156	-0.612159	-0.522379	-0.425555	-0.326874	-0.240024	-0.163239	-0.101165	-0.0478237	0	
0	-0.224512	-0.400931	-0.526089	-0.618371	-0.674992	-0.692678	-0.694757	-0.708409	-0.738289	-0.767046	-0.78898	-0.80332	-0.810284	-0.801644	-0.758988	-0.677943	-0.561758	-0.431088	-0.304391	-0.210662	-0.159565	-0.119277	-0.0685129	-0.0163294	0.0107208	0.0217045	0.0277384	0.0288458	0.0241063	-0.000641463	-0.0598787	-0.141809	-0.22556	-0.30866	-0.404053	-0.500487	-0.573864	-0.615678	-0.636449	-0.66455	-0.721183	-0.79106	-0.856156	-0.89248	-0.900784	-0.89592	-0.887804	-0.889363	-0.909926	-0.941883	-0.989636	-1.067	-1.17944	-1.30348	-1.42217	-1.52215	-1.5806	-1.58113	-1.50361	-1.3476	-1.15988	-0.953481	-0.735617	-0.529014	-0.351088	-0.201667	-0.0795266	0.0194387	0.0934606	0.13877	0.157988	0.146759	0.109526	0.0443474	-0.0372678	-0.134822	-0.23762	-0.343504	-0.465426	-0.580634	-0.679973	-0.774402	-0.850907	-0.893354	-0.92106	-0.938828	-0.937308	-0.92126	-0.893678	-0.845824	-0.770638	-0.679878	-0.574454	-0.463102	-0.355648	-0.253727	-0.164126	-0.0791901	0	
0	-0.271252	-0.485882	-0.634309	-0.734313	-0.78226	-0.780883	-0.754525	-0.738289	-0.735069	-0.732615	-0.725664	-0.718767	-0.717144	-0.712233	-0.687736	-0.62979	-0.53865	-0.427295	-0.313657	-0.225597	-0.172304	-0.122427	-0.0539022	0.024734	0.0825857	0.128464	0.167474	0.200915	0.221008	0.216858	0.175278	0.110442	0.0450664	-0.0216375	-0.106803	-0.19985	-0.279624	-0.331357	-0.364357	-0.409335	-0.482824	-0.572329	-0.65611	-0.706466	-0.725413	-0.72903	-0.727616	-0.739266	-0.773805	-0.822568	-0.891803	-0.990615	-1.12458	-1.26545	-1.39445	-1.4943	-1.5454	-1.52999	-1.43119	-1.25554	-1.047	-0.826919	-0.605781	-0.409216	-0.249639	-0.12908	-0.0413639	0.0276118	0.0748208	0.0959671	0.0956691	0.0802927	0.0517838	0.00339969	-0.0559134	-0.128831	-0.210465	-0.301932	-0.41256	-0.523992	-0.626376	-0.728732	-0.818843	-0.880293	-0.928906	-0.964417	-0.979193	-0.974424	-0.953598	-0.915367	-0.850429	-0.771555	-0.677654	-0.56868	-0.456243	-0.338431	-0.222807	-0.111137	0	
0	-0.306369	-0.550701	-0.719485	-0.827439	-0.872833	-0.857863	-0.811456	-0.767046	-0.732615	-0.696338	-0.659423	-0.632039	-0.622872	-0.626689	-0.622329	-0.591674	-0.527737	-0.4401	-0.346986	-0.274193	-0.228648	-0.178138	-0.0960689	0.0053092	0.0949331	0.171639	0.240282	0.297523	0.338983	0.353107	0.334343	0.29566	0.259336	0.220248	0.159159	0.0796254	0.00737056	-0.0459633	-0.0869452	-0.144152	-0.235422	-0.343598	-0.440768	-0.502736	-0.529033	-0.538663	-0.550318	-0.578791	-0.63132	-0.700939	-0.784883	-0.893353	-1.03281	-1.17869	-1.31015	-1.4128	-1.46449	-1.44739	-1.34391	-1.15972	-0.94545	-0.723712	-0.508187	-0.321228	-0.180855	-0.084608	-0.0240641	0.00967079	0.0222533	0.0172877	0.00432929	-0.0164011	-0.0398588	-0.0678359	-0.101516	-0.146468	-0.199801	-0.263299	-0.347827	-0.435767	-0.517561	-0.607606	-0.697474	-0.772335	-0.842629	-0.901688	-0.935279	-0.942531	-0.9276	-0.893974	-0.84211	-0.779276	-0.704618	-0.616733	-0.512901	-0.394845	-0.269772	-0.135229	0	
0	-0.326673	-0.589916	-0.774088	-0.890567	-0.937331	-0.916526	-0.855556	-0.78898	-0.725664	-0.659423	-0.597234	-0.553553	-0.542276	-0.554757	-0.569897	-0.56226	-0.522363	-0.45907	-0.390415	-0.340835	-0.31181	-0.267868	-0.181823	-0.0655511	0.044796	0.142868	0.231021	0.308936	0.370117	0.408539	0.416232	0.40807	0.402508	0.393347	0.359593	0.304884	0.247991	0.204879	0.165304	0.10113	-6.62619e-05	-0.119997	-0.228147	-0.29752	-0.331209	-0.352043	-0.37612	-0.420444	-0.488421	-0.568827	-0.658984	-0.770772	-0.909643	-1.05459	-1.18696	-1.28917	-1.34188	-1.32825	-1.23159	-1.06075	-0.858122	-0.651452	-0.453343	-0.285646	-0.16121	-0.0836287	-0.0469205	-0.0358776	-0.0483935	-0.0788	-0.115748	-0.145018	-0.162354	-0.17486	-0.182478	-0.193404	-0.207403	-0.229622	-0.268331	-0.313014	-0.362093	-0.429616	-0.51109	-0.590665	-0.670694	-0.741767	-0.788676	-0.808988	-0.8085	-0.791548	-0.7571	-0.714375	-0.661152	-0.592345	-0.509034	-0.404449	-0.281854	-0.146332	0	
0	-0.333645	-0.606213	-0.801037	-0.925414	-0.976832	-0.954802	-0.886147	-0.80332	-0.718767	-0.632039	-0.553553	-0.5034	-0.492628	-0.514054	-0.542324	-0.550686	-0.52942	-0.486421	-0.442244	-0.416473	-0.40481	-0.372437	-0.29008	-0.173837	-0.0587506	0.0454213	0.143401	0.236889	0.32059	0.382981	0.418939	0.43855	0.460919	0.480107	0.477304	0.45013	0.417786	0.390302	0.358825	0.297769	0.194645	0.0695847	-0.043086	-0.12096	-0.165045	-0.194384	-0.22992	-0.282087	-0.352167	-0.432868	-0.5213	-0.628568	-0.763756	-0.908842	-1.0403	-1.14185	-1.19649	-1.18777	-1.10231	-0.951126	-0.775178	-0.597966	-0.429897	-0.286192	-0.183474	-0.125874	-0.106365	-0.118689	-0.154839	-0.204632	-0.252019	-0.286865	-0.302338	-0.296989	-0.278668	-0.251686	-0.218489	-0.188144	-0.173929	-0.175048	-0.190012	-0.232196	-0.294914	-0.361739	-0.431585	-0.497131	-0.549119	-0.584964	-0.606401	-0.615099	-0.608292	-0.587045	-0.55441	-0.509378	-0.446139	-0.363599	-0.260867	-0.135795	0	
0	-0.330786	-0.604954	-0.805699	-0.935331	-0.99127	-0.970861	-0.900552	-0.810284	-0.717144	-0.622872	-0.542276	-0.492628	-0.48548	-0.510542	-0.543833	-0.559346	-0.54765	-0.51814	-0.491094	-0.482616	-0.486277	-0.468096	-0.402502	-0.304658	-0.203092	-0.107523	-0.00692884	0.101108	0.206145	0.294362	0.354532	0.398804	0.444055	0.486096	0.508063	0.506588	0.495961	0.489436	0.475658	0.429508	0.336947	0.214942	0.0972674	0.00841808	-0.0467703	-0.0853004	-0.122041	-0.169681	-0.231163	-0.303106	-0.383374	-0.487299	-0.617506	-0.758331	-0.886807	-0.985562	-1.04121	-1.0408	-0.973488	-0.849259	-0.699311	-0.549033	-0.410172	-0.29692	-0.223187	-0.195177	-0.206259	-0.243879	-0.298017	-0.355591	-0.40298	-0.42795	-0.426282	-0.400804	-0.355575	-0.29438	-0.221319	-0.147147	-0.0865296	-0.0442336	-0.0250857	-0.0358579	-0.0687716	-0.109989	-0.154862	-0.203792	-0.252133	-0.299165	-0.346105	-0.385822	-0.411654	-0.420077	-0.409487	-0.380814	-0.334209	-0.269879	-0.19062	-0.0994792	0	
0	-0.32185	-0.591882	-0.792365	-0.921222	-0.976518	-0.957176	-0.888806	-0.801644	-0.712233	-0.626689	-0.554757	-0.514054	-0.510542	-0.536744	-0.569651	-0.586272	-0.5774	-0.552279	-0.530951	-0.530447	-0.542888	-0.541465	-0.501794	-0.434458	-0.359124	-0.279149	-0.182954	-0.06766	0.0521586	0.156351	0.235111	0.298816	0.362648	0.423165	0.464936	0.484258	0.495444	0.511017	0.519109	0.492742	0.413951	0.297781	0.179295	0.0864339	0.0267084	-0.0107951	-0.0449744	-0.0871756	-0.142105	-0.204704	-0.276403	-0.366675	-0.480314	-0.608979	-0.729896	-0.826795	-0.889676	-0.902375	-0.851306	-0.749449	-0.621803	-0.495435	-0.384847	-0.304266	-0.268363	-0.281955	-0.330042	-0.396499	-0.464632	-0.519962	-0.551631	-0.553257	-0.526153	-0.471777	-0.399265	-0.307741	-0.203288	-0.0990019	-0.00674776	0.0650783	0.115765	0.142772	0.149181	0.142051	0.123758	0.0897888	0.0433846	-0.0103358	-0.0693861	-0.12698	-0.175931	-0.208741	-0.223257	-0.216963	-0.189301	-0.148314	-0.100188	-0.0496792	0	
0	-0.307335	-0.566002	-0.757396	-0.874212	-0.920668	-0.897328	-0.835315	-0.758988	-0.687736	-0.622329	-0.569897	-0.542324	-0.543833	-0.569651	-0.598812	-0.611063	-0.596996	-0.564008	-0.537838	-0.535201	-0.555014	-0.572914	-0.56549	-0.536622	-0.491357	-0.433483	-0.348576	-0.236456	-0.113971	-0.00183871	0.0876582	0.165997	0.242916	0.314935	0.371683	0.40981	0.443257	0.483415	0.512873	0.505757	0.44034	0.332435	0.220647	0.13126	0.0755478	0.0412631	0.00920412	-0.0315494	-0.081055	-0.135348	-0.191666	-0.263476	-0.354966	-0.466555	-0.578715	-0.675385	-0.746512	-0.771543	-0.739174	-0.657589	-0.548711	-0.442544	-0.360901	-0.316638	-0.320669	-0.372704	-0.450223	-0.535815	-0.608287	-0.654069	-0.666777	-0.645974	-0.594024	-0.513027	-0.414078	-0.298047	-0.175417	-0.0558824	0.0533156	0.148414	0.227698	0.291554	0.338484	0.362517	0.367676	0.346921	0.306095	0.254084	0.191912	0.130284	0.0713001	0.0229752	-0.00866009	-0.0241198	-0.0219062	-0.0121322	-0.00340031	0.00140397	0	
0	-0.289106	-0.531212	-0.703489	-0.798598	-0.824679	-0.793974	-0.736692	-0.677943	-0.62979	-0.591674	-0.56226	-0.550686	-0.559346	-0.586272	-0.611063	-0.616609	-0.589709	-0.543676	-0.5047	-0.499266	-0.525526	-0.562915	-0.586757	-0.591911	-0.57651	-0.542043	-0.477485	-0.381431	-0.268897	-0.161805	-0.0710922	0.0125167	0.0960278	0.178145	0.251129	0.313736	0.372292	0.432481	0.476249	0.477383	0.420082	0.324063	0.224273	0.148457	0.102342	0.0724703	0.0416421	0.00365012	-0.0416064	-0.0801224	-0.117457	-0.166319	-0.233922	-0.330033	-0.437355	-0.536801	-0.616194	-0.652704	-0.63029	-0.566015	-0.475008	-0.390935	-0.337283	-0.32554	-0.360449	-0.436174	-0.529298	-0.61894	-0.687364	-0.724304	-0.726854	-0.69386	-0.627536	-0.531968	-0.418005	-0.288037	-0.156237	-0.030328	0.0897291	0.201135	0.303094	0.398124	0.475808	0.525369	0.551209	0.545229	0.516609	0.474497	0.420445	0.365869	0.311397	0.261317	0.217697	0.179062	0.144063	0.108547	0.0732663	0.0372196	0	
0	-0.267699	-0.487214	-0.63463	-0.698225	-0.699589	-0.655451	-0.604258	-0.561758	-0.53865	-0.527737	-0.522363	-0.52942	-0.54765	-0.5774	-0.596996	-0.589709	-0.547145	-0.482089	-0.432736	-0.423823	-0.457938	-0.511045	-0.559375	-0.593737	-0.605592	-0.597823	-0.559994	-0.488322	-0.395491	-0.301903	-0.221304	-0.140151	-0.0548901	0.0364348	0.128948	0.214975	0.293326	0.365723	0.410779	0.415629	0.365858	0.282077	0.199173	0.136692	0.0993935	0.0784475	0.0575755	0.0321091	0.00770372	-0.00891043	-0.0258899	-0.0583836	-0.114002	-0.206812	-0.317426	-0.422509	-0.510307	-0.551648	-0.53895	-0.485136	-0.407791	-0.339571	-0.305657	-0.312441	-0.359497	-0.441338	-0.528895	-0.611867	-0.673071	-0.705384	-0.706239	-0.674779	-0.611723	-0.518697	-0.410424	-0.287011	-0.162561	-0.0403568	0.0840675	0.209346	0.32819	0.441617	0.540711	0.609672	0.65896	0.679318	0.675502	0.655413	0.615461	0.571445	0.523366	0.471263	0.417236	0.354421	0.283771	0.206973	0.131626	0.064706	0	
0	-0.243761	-0.439789	-0.55832	-0.592037	-0.565342	-0.509749	-0.459805	-0.431088	-0.427295	-0.4401	-0.45907	-0.486421	-0.51814	-0.552279	-0.564008	-0.543676	-0.482089	-0.403722	-0.343974	-0.333072	-0.367967	-0.425886	-0.48662	-0.53998	-0.57401	-0.590508	-0.57959	-0.536913	-0.470767	-0.403622	-0.343502	-0.275768	-0.193379	-0.0951483	0.0105074	0.112667	0.201847	0.27499	0.320388	0.325482	0.281697	0.210452	0.137516	0.0861574	0.0633636	0.0601036	0.0646612	0.0723341	0.0764575	0.087494	0.0867171	0.0584407	-0.000601612	-0.103747	-0.22952	-0.349898	-0.446268	-0.491985	-0.476868	-0.42593	-0.351415	-0.284229	-0.250819	-0.2571	-0.298408	-0.362795	-0.433351	-0.501721	-0.555594	-0.587733	-0.594223	-0.575129	-0.528252	-0.458817	-0.375681	-0.279419	-0.181646	-0.0760976	0.0427227	0.168327	0.289453	0.409804	0.519329	0.606848	0.682986	0.734872	0.767167	0.778569	0.763676	0.738377	0.697483	0.639504	0.568453	0.482243	0.384589	0.281215	0.181605	0.0898839	0	
0	-0.218695	-0.390046	-0.484637	-0.491649	-0.444631	-0.376963	-0.326905	-0.304391	-0.313657	-0.346986	-0.390415	-0.442244	-0.491094	-0.530951	-0.537838	-0.5047	-0.432736	-0.343974	-0.27766	-0.257008	-0.281522	-0.328797	-0.387946	-0.448139	-0.495077	-0.526839	-0.538125	-0.523875	-0.491789	-0.457915	-0.429187	-0.381311	-0.311503	-0.220193	-0.116994	-0.0151046	0.073204	0.14812	0.192801	0.202377	0.166076	0.10193	0.0393642	0.00214958	-0.0017843	0.0244876	0.0670593	0.111936	0.152945	0.19084	0.200986	0.169977	0.0974725	-0.0273881	-0.178687	-0.319025	-0.428494	-0.473918	-0.454685	-0.392917	-0.305682	-0.224027	-0.172278	-0.154604	-0.165297	-0.202974	-0.248214	-0.299016	-0.344204	-0.377345	-0.394086	-0.390997	-0.369726	-0.337267	-0.299062	-0.245753	-0.184288	-0.11037	-0.0172673	0.0905633	0.197388	0.309154	0.423235	0.525064	0.624093	0.706117	0.771847	0.820538	0.838496	0.838037	0.81204	0.750877	0.668648	0.57144	0.462347	0.349108	0.23518	0.120136	0	
0	-0.196512	-0.349908	-0.428355	-0.42248	-0.362992	-0.288512	-0.233741	-0.210662	-0.225597	-0.274193	-0.340835	-0.416473	-0.482616	-0.530447	-0.535201	-0.499266	-0.423823	-0.333072	-0.257008	-0.219954	-0.2221	-0.248584	-0.295369	-0.352192	-0.400699	-0.437778	-0.463282	-0.475488	-0.474662	-0.475139	-0.475065	-0.453529	-0.408467	-0.342675	-0.263666	-0.177889	-0.0954158	-0.0237521	0.0235393	0.0360068	0.00467493	-0.0477324	-0.0962638	-0.113833	-0.0904251	-0.0322623	0.0460196	0.130295	0.20247	0.263493	0.282582	0.245237	0.156057	0.0103117	-0.161936	-0.320484	-0.437278	-0.482144	-0.452501	-0.377794	-0.272572	-0.158852	-0.0651561	-0.00452522	0.0238271	0.0266724	0.0112777	-0.023608	-0.06367	-0.0977006	-0.121377	-0.140882	-0.156199	-0.170449	-0.180884	-0.178085	-0.164861	-0.129295	-0.0691642	0.00703368	0.0877351	0.182417	0.28775	0.393068	0.502248	0.600669	0.693764	0.772257	0.820324	0.847291	0.839923	0.792124	0.72053	0.631848	0.528918	0.412926	0.285493	0.149233	0	
0	-0.182097	-0.326378	-0.400867	-0.394275	-0.332305	-0.253415	-0.190384	-0.159565	-0.172304	-0.228648	-0.31181	-0.40481	-0.486277	-0.542888	-0.555014	-0.525526	-0.457938	-0.367967	-0.281522	-0.2221	-0.198245	-0.199923	-0.229546	-0.275379	-0.317734	-0.353303	-0.388064	-0.41931	-0.442723	-0.465499	-0.489417	-0.495539	-0.48361	-0.455224	-0.408101	-0.342628	-0.272173	-0.207969	-0.169493	-0.164746	-0.194357	-0.237311	-0.266701	-0.258301	-0.205544	-0.115736	-0.00214429	0.112189	0.209375	0.285328	0.306857	0.262828	0.162644	0.00793993	-0.172966	-0.33682	-0.454368	-0.493119	-0.454513	-0.362123	-0.229682	-0.080293	0.0577438	0.168023	0.246734	0.288609	0.300455	0.286083	0.256501	0.21883	0.176081	0.128376	0.0755575	0.012692	-0.0460912	-0.0840602	-0.107297	-0.11193	-0.0931576	-0.0511632	0.000865362	0.0704009	0.158498	0.251281	0.350881	0.450374	0.554518	0.651997	0.720593	0.767745	0.785488	0.76163	0.715263	0.650256	0.556514	0.44021	0.306365	0.158269	0	
0	-0.173621	-0.313675	-0.390015	-0.386658	-0.325334	-0.239703	-0.164193	-0.119277	-0.122427	-0.178138	-0.267868	-0.372437	-0.468096	-0.541465	-0.572914	-0.562915	-0.511045	-0.425886	-0.328797	-0.248584	-0.199923	-0.17873	-0.189997	-0.221784	-0.257197	-0.289641	-0.328842	-0.369581	-0.40187	-0.434982	-0.474455	-0.50548	-0.526206	-0.530598	-0.51214	-0.468529	-0.416223	-0.372911	-0.355965	-0.366464	-0.400432	-0.433694	-0.444828	-0.412834	-0.333686	-0.214901	-0.0726021	0.0687307	0.186174	0.273252	0.296959	0.248289	0.141315	-0.016687	-0.196804	-0.356747	-0.464956	-0.491406	-0.435882	-0.323927	-0.171616	0.00819729	0.187219	0.336931	0.449418	0.525125	0.567276	0.571962	0.548704	0.507469	0.448651	0.370572	0.280588	0.186969	0.104534	0.040837	-0.00978311	-0.0438641	-0.0588262	-0.0543866	-0.0365591	0.000692083	0.0574843	0.128937	0.212559	0.301154	0.401214	0.495153	0.563086	0.617587	0.653217	0.656859	0.639423	0.597856	0.520758	0.413459	0.286305	0.148241	0	
0	-0.172116	-0.312983	-0.390031	-0.389507	-0.323621	-0.227767	-0.133774	-0.0685129	-0.0539022	-0.0960689	-0.181823	-0.29008	-0.402502	-0.501794	-0.56549	-0.586757	-0.559375	-0.48662	-0.387946	-0.295369	-0.229546	-0.189997	-0.182277	-0.200342	-0.225116	-0.249955	-0.281605	-0.316172	-0.344827	-0.381183	-0.432069	-0.486306	-0.530521	-0.560029	-0.565182	-0.546081	-0.520001	-0.50703	-0.516609	-0.549151	-0.590967	-0.62042	-0.617438	-0.565628	-0.460759	-0.315875	-0.147346	0.0163471	0.14992	0.243683	0.269326	0.218522	0.108559	-0.0444564	-0.214328	-0.363807	-0.457692	-0.467086	-0.393901	-0.261389	-0.0856006	0.119223	0.320553	0.490611	0.620573	0.710523	0.762163	0.776527	0.757622	0.708275	0.63356	0.540697	0.441919	0.341891	0.256864	0.191918	0.131803	0.0770137	0.0347052	0.009824	-0.00425496	-0.00452227	0.0172988	0.0583103	0.111498	0.173855	0.247662	0.316134	0.36877	0.421461	0.469166	0.49264	0.495914	0.474425	0.417534	0.334106	0.233741	0.121579	0	
0	-0.182145	-0.328441	-0.407844	-0.404465	-0.331695	-0.220902	-0.105875	-0.0163294	0.024734	0.0053092	-0.0655511	-0.173837	-0.304658	-0.434458	-0.536622	-0.591911	-0.593737	-0.53998	-0.448139	-0.352192	-0.275379	-0.221784	-0.200342	-0.205356	-0.220715	-0.231245	-0.246424	-0.26556	-0.286688	-0.32183	-0.37989	-0.443392	-0.500085	-0.546348	-0.576842	-0.590618	-0.602423	-0.625183	-0.668198	-0.724538	-0.775421	-0.800359	-0.780484	-0.704453	-0.574913	-0.406298	-0.215927	-0.0363566	0.108887	0.207946	0.234129	0.181879	0.0734994	-0.069716	-0.225167	-0.356332	-0.430642	-0.421754	-0.328589	-0.174763	0.01875	0.237814	0.454904	0.632351	0.760305	0.842229	0.884402	0.888266	0.856882	0.802145	0.728253	0.645513	0.56257	0.481838	0.411064	0.349005	0.288364	0.227271	0.171496	0.125037	0.0833993	0.0477813	0.0304335	0.0373856	0.0547523	0.0767275	0.10992	0.143467	0.171718	0.212088	0.259585	0.288931	0.30245	0.299707	0.268566	0.2182	0.156167	0.0817478	0	
0	-0.207229	-0.369835	-0.454542	-0.449745	-0.369359	-0.243567	-0.107377	0.0107208	0.0825857	0.0949331	0.044796	-0.0587506	-0.203092	-0.359124	-0.491357	-0.57651	-0.605592	-0.57401	-0.495077	-0.400699	-0.317734	-0.257197	-0.225116	-0.220715	-0.22125	-0.214146	-0.209489	-0.216181	-0.232754	-0.269436	-0.326259	-0.392351	-0.45462	-0.517168	-0.575239	-0.625226	-0.673031	-0.733053	-0.807893	-0.888392	-0.951134	-0.971783	-0.934846	-0.837317	-0.681645	-0.486145	-0.273869	-0.0763078	0.0793686	0.174921	0.196063	0.139764	0.0324716	-0.0985702	-0.231278	-0.342273	-0.39814	-0.370663	-0.257994	-0.0832144	0.128413	0.36258	0.58354	0.755115	0.867698	0.930984	0.954763	0.940944	0.896507	0.834017	0.766207	0.703435	0.648398	0.597103	0.546789	0.496065	0.437716	0.373732	0.31197	0.252858	0.19359	0.132832	0.0839767	0.0522137	0.0232989	0.000180517	-0.00537572	-0.00134815	0.00829705	0.0318491	0.0591032	0.0768106	0.0895417	0.097931	0.0958663	0.0818729	0.0599727	0.033062	0	
0	-0.242074	-0.427494	-0.521031	-0.516136	-0.427988	-0.287271	-0.126045	0.0217045	0.128464	0.171639	0.142868	0.0454213	-0.107523	-0.279149	-0.433483	-0.542043	-0.597823	-0.590508	-0.526839	-0.437778	-0.353303	-0.289641	-0.249955	-0.231245	-0.214146	-0.189889	-0.174691	-0.178602	-0.199568	-0.236289	-0.290713	-0.356047	-0.424517	-0.503856	-0.586649	-0.666443	-0.747248	-0.837593	-0.939322	-1.04064	-1.10935	-1.12561	-1.07385	-0.953967	-0.772626	-0.551499	-0.315443	-0.102589	0.059375	0.156505	0.17816	0.124822	0.0235528	-0.0968731	-0.220909	-0.322748	-0.365941	-0.321335	-0.184262	0.0144101	0.24301	0.475898	0.686243	0.842952	0.940377	0.987539	0.99378	0.965705	0.909373	0.844322	0.783532	0.738686	0.706136	0.67546	0.642312	0.607701	0.563568	0.503135	0.434139	0.362285	0.290426	0.215014	0.146317	0.0868793	0.021196	-0.041165	-0.0813915	-0.103469	-0.116392	-0.118642	-0.116211	-0.117584	-0.113442	-0.0971659	-0.0792655	-0.0602815	-0.0383236	-0.0197201	0	
0	-0.280756	-0.492465	-0.600121	-0.597248	-0.504324	-0.344076	-0.155637	0.0277384	0.167474	0.240282	0.231021	0.143401	-0.00692884	-0.182954	-0.348576	-0.477485	-0.559994	-0.57959	-0.538125	-0.463282	-0.388064	-0.328842	-0.281605	-0.246424	-0.209489	-0.174691	-0.155839	-0.16147	-0.183142	-0.21706	-0.268661	-0.336323	-0.416244	-0.511872	-0.616365	-0.72304	-0.830004	-0.942126	-1.06049	-1.16766	-1.23761	-1.24624	-1.17797	-1.03866	-0.835348	-0.592726	-0.343188	-0.121222	0.0518631	0.15643	0.190687	0.148417	0.053544	-0.0673953	-0.189607	-0.287597	-0.323848	-0.264781	-0.110295	0.102905	0.334645	0.5633	0.764874	0.91176	0.995742	1.02674	1.02119	0.981412	0.917706	0.851776	0.796667	0.75945	0.733449	0.713621	0.689511	0.662737	0.628116	0.57686	0.514187	0.445511	0.374958	0.297622	0.218759	0.139178	0.0515353	-0.0359861	-0.106197	-0.162497	-0.212581	-0.248917	-0.274681	-0.289276	-0.288156	-0.269765	-0.233343	-0.184322	-0.125243	-0.0621019	0	
0	-0.317143	-0.557082	-0.68249	-0.688173	-0.590551	-0.410779	-0.18915	0.0288458	0.200915	0.297523	0.308936	0.236889	0.101108	-0.06766	-0.236456	-0.381431	-0.488322	-0.536913	-0.523875	-0.475488	-0.41931	-0.369581	-0.316172	-0.26556	-0.216181	-0.178602	-0.16147	-0.165231	-0.181971	-0.211283	-0.260718	-0.33265	-0.420274	-0.527416	-0.648707	-0.776555	-0.904002	-1.03011	-1.15375	-1.26223	-1.32696	-1.32227	-1.23467	-1.07231	-0.851482	-0.598555	-0.34606	-0.119896	0.0578128	0.173231	0.217029	0.181801	0.0882157	-0.0333094	-0.153585	-0.246019	-0.274206	-0.207934	-0.0470615	0.165379	0.396594	0.620359	0.81544	0.960161	1.04277	1.06612	1.0451	0.991378	0.922989	0.859877	0.811079	0.777493	0.747952	0.719942	0.687935	0.662537	0.634075	0.592598	0.547673	0.498804	0.445045	0.375919	0.292653	0.20104	0.101903	0.00057607	-0.0946477	-0.18692	-0.275707	-0.34791	-0.398456	-0.423139	-0.426222	-0.406292	-0.360307	-0.292626	-0.203966	-0.10447	0	
0	-0.346809	-0.612841	-0.75907	-0.777096	-0.677862	-0.478424	-0.226168	0.0241063	0.221008	0.338983	0.370117	0.32059	0.206145	0.0521586	-0.113971	-0.268897	-0.395491	-0.470767	-0.491789	-0.474662	-0.442723	-0.40187	-0.344827	-0.286688	-0.232754	-0.199568	-0.183142	-0.181971	-0.194086	-0.220352	-0.271685	-0.344035	-0.434259	-0.546892	-0.67742	-0.818201	-0.956312	-1.08515	-1.20688	-1.30611	-1.35566	-1.33095	-1.2197	-1.04256	-0.815861	-0.565142	-0.316351	-0.0935276	0.0853473	0.19767	0.235727	0.190654	0.0886059	-0.0375086	-0.152743	-0.230534	-0.245844	-0.170095	-0.00694102	0.204263	0.431949	0.651085	0.845316	0.991786	1.06973	1.08147	1.05323	0.998853	0.934195	0.876021	0.827793	0.787049	0.749612	0.715135	0.675872	0.643228	0.614784	0.584822	0.556799	0.529126	0.488136	0.422751	0.339101	0.241795	0.142026	0.0355798	-0.0746544	-0.186653	-0.300319	-0.395873	-0.467965	-0.508291	-0.51574	-0.494451	-0.442371	-0.364994	-0.262555	-0.138345	0	
0	-0.369797	-0.658131	-0.827207	-0.859097	-0.763184	-0.549236	-0.274446	-0.000641463	0.216858	0.353107	0.408539	0.382981	0.294362	0.156351	-0.00183871	-0.161805	-0.301903	-0.403622	-0.457915	-0.475139	-0.465499	-0.434982	-0.381183	-0.32183	-0.269436	-0.236289	-0.21706	-0.211283	-0.220352	-0.250102	-0.30461	-0.377076	-0.470608	-0.584555	-0.718718	-0.861248	-0.99749	-1.11692	-1.22087	-1.29135	-1.31206	-1.25913	-1.13326	-0.951074	-0.731674	-0.488988	-0.252455	-0.042797	0.114856	0.20429	0.214378	0.146724	0.031988	-0.100422	-0.208333	-0.269152	-0.266853	-0.175219	0.0039536	0.225459	0.460932	0.68244	0.868653	1.00194	1.06863	1.07352	1.04593	0.997926	0.943726	0.889854	0.837226	0.788855	0.743162	0.70667	0.669545	0.640822	0.615544	0.587844	0.564224	0.534401	0.48812	0.42551	0.344425	0.249623	0.15325	0.0423605	-0.0755255	-0.190476	-0.30161	-0.397722	-0.476331	-0.523086	-0.535563	-0.513881	-0.456499	-0.376308	-0.271862	-0.142877	0	
0	-0.38821	-0.698629	-0.887212	-0.938052	-0.847787	-0.633252	-0.347108	-0.0598787	0.175278	0.334343	0.416232	0.418939	0.354532	0.235111	0.0876582	-0.0710922	-0.221304	-0.343502	-0.429187	-0.475065	-0.489417	-0.474455	-0.432069	-0.37989	-0.326259	-0.290713	-0.268661	-0.260718	-0.271685	-0.30461	-0.360786	-0.434912	-0.526509	-0.639237	-0.768565	-0.905958	-1.03342	-1.13374	-1.20065	-1.22736	-1.2051	-1.1251	-0.985605	-0.803629	-0.591015	-0.366311	-0.157337	0.0138255	0.126536	0.171978	0.143337	0.0471147	-0.0874149	-0.22671	-0.328665	-0.369141	-0.339009	-0.216095	-0.0117699	0.229643	0.480657	0.70549	0.883482	1.00619	1.06166	1.05909	1.03017	0.986584	0.93745	0.885279	0.833923	0.78385	0.74161	0.707875	0.67381	0.650186	0.62724	0.600034	0.566277	0.520488	0.455179	0.382325	0.308276	0.220521	0.128869	0.0221902	-0.0924476	-0.19752	-0.291668	-0.366967	-0.426867	-0.46303	-0.47155	-0.453667	-0.403203	-0.326341	-0.228749	-0.116767	0	
0	-0.401962	-0.726933	-0.93348	-0.997687	-0.922123	-0.716187	-0.435342	-0.141809	0.110442	0.29566	0.40807	0.43855	0.398804	0.298816	0.165997	0.0125167	-0.140151	-0.275768	-0.381311	-0.453529	-0.495539	-0.50548	-0.486306	-0.443392	-0.392351	-0.356047	-0.336323	-0.33265	-0.344035	-0.377076	-0.434912	-0.503931	-0.591352	-0.693648	-0.813257	-0.940194	-1.05004	-1.11428	-1.13245	-1.10431	-1.04212	-0.93703	-0.786648	-0.601018	-0.399306	-0.200099	-0.0309704	0.0878766	0.142928	0.13453	0.0534156	-0.0870228	-0.24649	-0.396205	-0.488628	-0.499513	-0.435737	-0.285369	-0.0580321	0.202391	0.46536	0.69707	0.877157	0.99582	1.04712	1.04216	1.01314	0.970697	0.922236	0.871432	0.821251	0.777764	0.742791	0.712347	0.679118	0.649796	0.622108	0.587548	0.540655	0.478021	0.398366	0.322809	0.245703	0.158433	0.0771658	-0.0144341	-0.104583	-0.180683	-0.249243	-0.29794	-0.329123	-0.344969	-0.345532	-0.330963	-0.293527	-0.233032	-0.15625	-0.0754584	0	
0	-0.407581	-0.741467	-0.955848	-1.03338	-0.971997	-0.787179	-0.51929	-0.22556	0.0450664	0.259336	0.402508	0.460919	0.444055	0.362648	0.242916	0.0960278	-0.0548901	-0.193379	-0.311503	-0.408467	-0.48361	-0.526206	-0.530521	-0.500085	-0.45462	-0.424517	-0.416244	-0.420274	-0.434259	-0.470608	-0.526509	-0.591352	-0.664521	-0.75118	-0.854462	-0.958657	-1.03326	-1.05077	-1.01245	-0.936897	-0.838519	-0.709769	-0.547421	-0.362578	-0.176721	-0.00935625	0.116583	0.185613	0.183963	0.116658	-0.0225666	-0.207292	-0.395468	-0.552226	-0.633126	-0.624335	-0.53919	-0.368573	-0.127573	0.143118	0.417662	0.658085	0.836979	0.953418	1.01042	1.01801	0.998032	0.957453	0.907144	0.853644	0.804657	0.760909	0.72296	0.687699	0.653058	0.62321	0.584901	0.534562	0.474489	0.403492	0.322015	0.24875	0.176475	0.0937458	0.0225623	-0.0398326	-0.0922551	-0.131725	-0.163839	-0.18224	-0.189613	-0.189112	-0.18091	-0.16652	-0.143654	-0.113791	-0.0780045	-0.0374921	0	
0	-0.406532	-0.742043	-0.962002	-1.04973	-1.0075	-0.847725	-0.599799	-0.30866	-0.0216375	0.220248	0.393347	0.480107	0.486096	0.423165	0.314935	0.178145	0.0364348	-0.0951483	-0.220193	-0.342675	-0.455224	-0.530598	-0.560029	-0.546348	-0.517168	-0.503856	-0.511872	-0.527416	-0.546892	-0.584555	-0.639237	-0.693648	-0.75118	-0.820866	-0.899266	-0.968217	-0.995956	-0.960251	-0.870524	-0.748067	-0.60958	-0.457196	-0.288035	-0.113597	0.0495618	0.184972	0.276297	0.300373	0.245172	0.122985	-0.0653743	-0.286347	-0.490974	-0.649883	-0.732019	-0.720831	-0.630472	-0.458111	-0.215407	0.0624495	0.339326	0.577746	0.759273	0.884184	0.956583	0.983552	0.978888	0.948105	0.899396	0.841326	0.780457	0.722452	0.672781	0.625892	0.582591	0.541773	0.491631	0.429607	0.360723	0.29326	0.225855	0.167637	0.111069	0.050912	0.00615085	-0.0257806	-0.0416422	-0.0432871	-0.0425223	-0.0325954	-0.0192605	-0.0114884	0.00317969	0.0225866	0.0310928	0.0265581	0.0149045	0.00549523	0	
0	-0.401653	-0.738305	-0.965621	-1.06817	-1.04779	-0.915296	-0.689515	-0.404053	-0.106803	0.159159	0.359593	0.477304	0.508063	0.464936	0.371683	0.251129	0.128948	0.0105074	-0.116994	-0.263666	-0.408101	-0.51214	-0.565182	-0.576842	-0.575239	-0.586649	-0.616365	-0.648707	-0.67742	-0.718718	-0.768565	-0.813257	-0.854462	-0.899266	-0.942172	-0.963466	-0.940933	-0.858468	-0.720305	-0.551025	-0.375845	-0.205554	-0.0400533	0.119535	0.264968	0.376461	0.436039	0.416019	0.311219	0.141157	-0.0814151	-0.321212	-0.533632	-0.698185	-0.787012	-0.786326	-0.705924	-0.542214	-0.308265	-0.0409506	0.226241	0.465352	0.655376	0.793952	0.888916	0.940563	0.950889	0.925975	0.87572	0.811969	0.739759	0.665876	0.595138	0.527648	0.469458	0.411575	0.343752	0.273633	0.2136	0.163978	0.118678	0.0850663	0.0577636	0.0356444	0.0282359	0.0324052	0.0508384	0.0795295	0.109812	0.145269	0.177182	0.194545	0.209185	0.218185	0.203659	0.166278	0.11555	0.0595241	0	
0	-0.392633	-0.728953	-0.967616	-1.08708	-1.08897	-0.980152	-0.774887	-0.500487	-0.19985	0.0796254	0.304884	0.45013	0.506588	0.484258	0.40981	0.313736	0.214975	0.112667	-0.0151046	-0.177889	-0.342628	-0.468529	-0.546081	-0.590618	-0.625226	-0.666443	-0.72304	-0.776555	-0.818201	-0.861248	-0.905958	-0.940194	-0.958657	-0.968217	-0.963466	-0.935146	-0.867014	-0.739314	-0.555146	-0.345058	-0.144328	0.029193	0.185262	0.333944	0.465258	0.556838	0.584896	0.525486	0.379806	0.176256	-0.0676372	-0.318566	-0.539327	-0.70945	-0.81064	-0.827624	-0.760042	-0.611885	-0.399755	-0.153174	0.0979468	0.330397	0.527261	0.681964	0.796391	0.862539	0.879292	0.853165	0.800373	0.734209	0.656743	0.574235	0.490064	0.406802	0.32774	0.252965	0.177018	0.110234	0.0675361	0.0406728	0.0223342	0.0140433	0.0218296	0.0464712	0.0800469	0.124279	0.179932	0.236992	0.288547	0.340262	0.387114	0.41196	0.418439	0.403715	0.356977	0.289817	0.210525	0.11382	0	
0	-0.378979	-0.713994	-0.962464	-1.09922	-1.11668	-1.02457	-0.835689	-0.573864	-0.279624	0.00737056	0.247991	0.417786	0.495961	0.495444	0.443257	0.372292	0.293326	0.201847	0.073204	-0.0954158	-0.272173	-0.416223	-0.520001	-0.602423	-0.673031	-0.747248	-0.830004	-0.904002	-0.956312	-0.99749	-1.03342	-1.05004	-1.03326	-0.995956	-0.940933	-0.867014	-0.754352	-0.584297	-0.361335	-0.12831	0.0795556	0.247784	0.395543	0.529965	0.646996	0.713029	0.71154	0.620413	0.44849	0.222314	-0.0313831	-0.290056	-0.518199	-0.695982	-0.810053	-0.842417	-0.790296	-0.66215	-0.474168	-0.253292	-0.0263618	0.195358	0.394163	0.550106	0.658443	0.716577	0.726421	0.699421	0.646318	0.578021	0.498875	0.417013	0.338013	0.256953	0.176253	0.0991894	0.0286086	-0.019171	-0.0403661	-0.0440676	-0.0361668	-0.0168886	0.0272074	0.0930883	0.165041	0.244605	0.334051	0.415096	0.477244	0.536152	0.584659	0.602161	0.592259	0.552185	0.478518	0.385418	0.2774	0.14776	0	
0	-0.365038	-0.69449	-0.952142	-1.09725	-1.12593	-1.04005	-0.864137	-0.615678	-0.331357	-0.0459633	0.204879	0.390302	0.489436	0.511017	0.483415	0.432481	0.365723	0.27499	0.14812	-0.0237521	-0.207969	-0.372911	-0.50703	-0.625183	-0.733053	-0.837593	-0.942126	-1.03011	-1.08515	-1.11692	-1.13374	-1.11428	-1.05077	-0.960251	-0.858468	-0.739314	-0.584297	-0.376875	-0.137582	0.0987831	0.298907	0.458399	0.589505	0.705763	0.796582	0.838484	0.810182	0.694846	0.503682	0.264949	0.0060313	-0.254064	-0.481761	-0.662577	-0.782245	-0.828442	-0.793297	-0.68689	-0.524197	-0.330811	-0.125653	0.0786971	0.257374	0.387672	0.471202	0.50595	0.498815	0.458741	0.398904	0.333576	0.264539	0.200729	0.136699	0.0722662	0.0103171	-0.039209	-0.0755363	-0.0964353	-0.092653	-0.0726386	-0.0359522	0.0180813	0.095222	0.193165	0.291825	0.391204	0.496313	0.586578	0.651503	0.705005	0.738486	0.73304	0.695653	0.635818	0.548174	0.434324	0.30192	0.154228	0	
0	-0.354865	-0.680593	-0.938295	-1.08874	-1.11854	-1.03804	-0.869982	-0.636449	-0.364357	-0.0869452	0.165304	0.358825	0.475658	0.519109	0.512873	0.476249	0.410779	0.320388	0.192801	0.0235393	-0.169493	-0.355965	-0.516609	-0.668198	-0.807893	-0.939322	-1.06049	-1.15375	-1.20688	-1.22087	-1.20065	-1.13245	-1.01245	-0.870524	-0.720305	-0.555146	-0.361335	-0.137582	0.0994044	0.32189	0.507925	0.649705	0.758783	0.844827	0.907456	0.921678	0.863682	0.727103	0.522912	0.278623	0.0241396	-0.225645	-0.447699	-0.620552	-0.737852	-0.790315	-0.768367	-0.678914	-0.539368	-0.375224	-0.200867	-0.0274817	0.120244	0.215013	0.25409	0.249122	0.217376	0.162585	0.0971855	0.0346412	-0.0176291	-0.0604211	-0.0961714	-0.12578	-0.151832	-0.156211	-0.146284	-0.123077	-0.0860407	-0.0357024	0.0329536	0.112397	0.215001	0.330952	0.439846	0.544146	0.645543	0.727139	0.781604	0.818527	0.82268	0.787559	0.727064	0.648039	0.549036	0.424939	0.284639	0.141773	0	
0	-0.355822	-0.678963	-0.93539	-1.08338	-1.11693	-1.04018	-0.884311	-0.66455	-0.409335	-0.144152	0.10113	0.297769	0.429508	0.492742	0.505757	0.477383	0.415629	0.325482	0.202377	0.0360068	-0.164746	-0.366464	-0.549151	-0.724538	-0.888392	-1.04064	-1.16766	-1.26223	-1.30611	-1.29135	-1.22736	-1.10431	-0.936897	-0.748067	-0.551025	-0.345058	-0.12831	0.0987831	0.32189	0.528829	0.693486	0.810805	0.888933	0.942069	0.969646	0.949728	0.863494	0.707389	0.493798	0.25042	0.00588667	-0.231935	-0.434271	-0.590746	-0.6958	-0.743171	-0.728553	-0.656546	-0.538783	-0.40014	-0.255194	-0.117331	-0.0124169	0.0384179	0.0365303	-0.00409179	-0.0622526	-0.130958	-0.199297	-0.255648	-0.293389	-0.312011	-0.317653	-0.313932	-0.295662	-0.24745	-0.183259	-0.116935	-0.0456701	0.0424787	0.142685	0.246103	0.357273	0.4717	0.578157	0.664165	0.744394	0.808894	0.839567	0.848192	0.822903	0.765191	0.692064	0.603787	0.497323	0.376306	0.251604	0.12619	0	
0	-0.368745	-0.695978	-0.947731	-1.09517	-1.13233	-1.06697	-0.923135	-0.721183	-0.482824	-0.235422	-6.62619e-05	0.194645	0.336947	0.413951	0.44034	0.420082	0.365858	0.281697	0.166076	0.00467493	-0.194357	-0.400432	-0.590967	-0.775421	-0.951134	-1.10935	-1.23761	-1.32696	-1.35566	-1.31206	-1.2051	-1.04212	-0.838519	-0.60958	-0.375845	-0.144328	0.0795556	0.298907	0.507925	0.693486	0.831372	0.922414	0.971781	0.991917	0.980348	0.926919	0.81112	0.637405	0.416274	0.178991	-0.0544294	-0.269802	-0.451147	-0.589269	-0.675707	-0.713473	-0.703414	-0.639074	-0.531952	-0.415689	-0.296917	-0.191888	-0.124293	-0.11088	-0.148161	-0.215303	-0.28859	-0.368689	-0.442063	-0.490795	-0.510568	-0.511887	-0.496347	-0.45656	-0.394173	-0.30232	-0.198656	-0.0946768	0.014655	0.134619	0.253859	0.365424	0.472656	0.571583	0.657951	0.719831	0.76858	0.802049	0.806732	0.787587	0.743672	0.683474	0.608542	0.517101	0.416726	0.311117	0.20825	0.107314	0	
