0.000000000000000000e+00 0.000000000000000000e+00 0.000000000000000000e+00 0.000000000000000000e+00 0.000000000000000000e+00 0.000000000000000000e+00 0.000000000000000000e+00 0.000000000000000000e+00 0.000000000000000000e+00 0.000000000000000000e+00 0.000000000000000000e+00 0.000000000000000000e+00 0.000000000000000000e+00 0.000000000000000000e+00 0.000000000000000000e+00 0.000000000000000000e+00 0.000000000000000000e+00 0.000000000000000000e+00 0.000000000000000000e+00 0.000000000000000000e+00 0.000000000000000000e+00 0.000000000000000000e+00 0.000000000000000000e+00 0.000000000000000000e+00 0.000000000000000000e+00 0.000000000000000000e+00 0.000000000000000000e+00 0.000000000000000000e+00 0.000000000000000000e+00 0.000000000000000000e+00 0.000000000000000000e+00 0.000000000000000000e+00 0.000000000000000000e+00 0.000000000000000000e+00 0.000000000000000000e+00 0.000000000000000000e+00 0.000000000000000000e+00 0.000000000000000000e+00 0.000000000000000000e+00 0.000000000000000000e+00 0.000000000000000000e+00 0.000000000000000000e+00 0.000000000000000000e+00 0.000000000000000000e+00 0.000000000000000000e+00 0.000000000000000000e+00 0.000000000000000000e+00 0.000000000000000000e+00 0.000000000000000000e+00 0.000000000000000000e+00 0.000000000000000000e+00 0.000000000000000000e+00 0.000000000000000000e+00 0.000000000000000000e+00 0.000000000000000000e+00 0.000000000000000000e+00 0.000000000000000000e+00 0.000000000000000000e+00 0.000000000000000000e+00 0.000000000000000000e+00 0.000000000000000000e+00 0.000000000000000000e+00 0.000000000000000000e+00 0.000000000000000000e+00 0.000000000000000000e+00 0.000000000000000000e+00 0.000000000000000000e+00 0.000000000000000000e+00 0.000000000000000000e+00 0.000000000000000000e+00 0.000000000000000000e+00 0.000000000000000000e+00 0.000000000000000000e+00 0.000000000000000000e+00 0.000000000000000000e+00 0.000000000000000000e+00 0.000000000000000000e+00 0.000000000000000000e+00 0.000000000000000000e+00 0.000000000000000000e+00 0.000000000000000000e+00 0.000000000000000000e+00 0.000000000000000000e+00 0.000000000000000000e+00 0.000000000000000000e+00 0.000000000000000000e+00 0.000000000000000000e+00 0.000000000000000000e+00 0.000000000000000000e+00 0.000000000000000000e+00 0.000000000000000000e+00 0.000000000000000000e+00 0.000000000000000000e+00 0.000000000000000000e+00 0.000000000000000000e+00 0.000000000000000000e+00 0.000000000000000000e+00 0.000000000000000000e+00 0.000000000000000000e+00 0.000000000000000000e+00
0.000000000000000000e+00 4.511269999999999863e-02 8.464230000000000365e-02 1.138460000000000027e-01 1.330050000000000121e-01 1.397509999999999863e-01 1.391159999999999897e-01 1.294649999999999967e-01 1.085470000000000046e-01 7.098400000000000543e-02 2.087829999999999894e-02 -3.300859999999999905e-02 -8.375180000000000125e-02 -1.223619999999999985e-01 -1.452219999999999900e-01 -1.506699999999999984e-01 -1.456270000000000064e-01 -1.318539999999999990e-01 -1.130789999999999990e-01 -8.975900000000000545e-02 -6.204520000000000174e-02 -2.984030000000000016e-02 2.112699999999999908e-03 2.748130000000000017e-02 4.515689999999999982e-02 5.294689999999999813e-02 5.471390000000000281e-02 5.899909999999999877e-02 7.361070000000000113e-02 9.786330000000000029e-02 1.256049999999999944e-01 1.526079999999999937e-01 1.781880000000000130e-01 2.005470000000000030e-01 2.219309999999999894e-01 2.386099999999999888e-01 2.525660000000000127e-01 2.643340000000000134e-01 2.754849999999999799e-01 2.848370000000000068e-01 2.919959999999999778e-01 2.929999999999999827e-01 2.907210000000000072e-01 2.799289999999999834e-01 2.617120000000000002e-01 2.389259999999999995e-01 2.170449999999999879e-01 1.985560000000000103e-01 1.900509999999999977e-01 1.950209999999999999e-01 2.131329999999999891e-01 2.394270000000000009e-01 2.679599999999999760e-01 2.908640000000000114e-01 3.062509999999999954e-01 3.099999999999999978e-01 2.945650000000000213e-01 2.645210000000000061e-01 2.250840000000000063e-01 1.800269999999999926e-01 1.347200000000000064e-01 8.948169999999999735e-02 4.375949999999999979e-02 -4.968479999999999945e-03 -6.034629999999999855e-02 -1.183939999999999992e-01 -1.742130000000000067e-01 -2.188740000000000130e-01 -2.444240000000000024e-01 -2.462260000000000004e-01 -2.264230000000000131e-01 -1.898120000000000085e-01 -1.460480000000000111e-01 -1.053980000000000056e-01 -7.147209999999999674e-02 -4.335250000000000214e-02 -2.223380000000000148e-02 -9.586330000000000545e-03 -2.321090000000000046e-03 -7.281310000000000256e-05 -2.826689999999999867e-04 1.089509999999999914e-03 1.074349999999999958e-02 3.258019999999999666e-02 6.132250000000000201e-02 9.126679999999999515e-02 1.171770000000000034e-01 1.299480000000000079e-01 1.287470000000000003e-01 1.218150000000000066e-01 1.123099999999999932e-01 1.051119999999999971e-01 1.033739999999999937e-01 1.027900000000000064e-01 9.833799999999999486e-02 8.846479999999999622e-02 7.214959999999999429e-02 4.972569999999999768e-02 2.569789999999999922e-02 0.000000000000000000e+00
0.000000000000000000e+00 8.464230000000000365e-02 1.589859999999999884e-01 2.177630000000000121e-01 2.558889999999999776e-01 2.733530000000000126e-01 2.725920000000000010e-01 2.560279999999999778e-01 2.158819999999999906e-01 1.456860000000000099e-01 5.329640000000000072e-02 -4.607739999999999753e-02 -1.390710000000000002e-01 -2.129119999999999902e-01 -2.583280000000000021e-01 -2.725960000000000050e-01 -2.651109999999999856e-01 -2.387529999999999930e-01 -1.999750000000000139e-01 -1.537880000000000080e-01 -1.012559999999999988e-01 -4.513930000000000026e-02 9.281499999999999820e-03 5.320350000000000079e-02 8.672219999999999929e-02 1.082079999999999986e-01 1.188919999999999977e-01 1.332270000000000121e-01 1.622419999999999973e-01 2.040079999999999949e-01 2.509390000000000231e-01 2.975079999999999947e-01 3.433559999999999945e-01 3.876539999999999986e-01 4.273730000000000029e-01 4.581089999999999884e-01 4.799300000000000233e-01 4.968540000000000179e-01 5.129259999999999931e-01 5.283219999999999583e-01 5.378619999999999512e-01 5.383930000000000105e-01 5.294980000000000242e-01 5.067869999999999875e-01 4.718049999999999744e-01 4.344160000000000244e-01 4.019139999999999935e-01 3.805140000000000189e-01 3.754430000000000267e-01 3.906310000000000060e-01 4.247139999999999804e-01 4.683660000000000045e-01 5.134800000000000475e-01 5.505579999999999918e-01 5.807299999999999685e-01 5.931720000000000326e-01 5.754989999999999828e-01 5.313489999999999602e-01 4.641140000000000265e-01 3.797989999999999977e-01 2.891150000000000109e-01 1.919329999999999925e-01 9.058900000000000285e-02 -1.260170000000000040e-02 -1.234299999999999981e-01 -2.368740000000000012e-01 -3.417080000000000117e-01 -4.236219999999999986e-01 -4.680619999999999781e-01 -4.715539999999999732e-01 -4.406689999999999774e-01 -3.811370000000000036e-01 -3.073810000000000153e-01 -2.319269999999999943e-01 -1.670449999999999990e-01 -1.111189999999999956e-01 -6.699059999999999737e-02 -3.804439999999999905e-02 -1.609290000000000026e-02 -5.508990000000000067e-03 2.021750000000000110e-03 1.084459999999999938e-02 2.760369999999999838e-02 6.126999999999999807e-02 1.035080000000000028e-01 1.496089999999999920e-01 1.931239999999999901e-01 2.211289999999999922e-01 2.309559999999999946e-01 2.282470000000000054e-01 2.163539999999999908e-01 2.012059999999999960e-01 1.872080000000000133e-01 1.759120000000000128e-01 1.623199999999999921e-01 1.432350000000000012e-01 1.189309999999999951e-01 8.476630000000000276e-02 4.408920000000000200e-02 0.000000000000000000e+00
0.000000000000000000e+00 1.138460000000000027e-01 2.177630000000000121e-01 3.012319999999999998e-01 3.624720000000000164e-01 3.910199999999999787e-01 3.967450000000000143e-01 3.753960000000000075e-01 3.231700000000000128e-01 2.291819999999999968e-01 1.065450000000000008e-01 -2.372169999999999834e-02 -1.489820000000000033e-01 -2.508000000000000229e-01 -3.193670000000000120e-01 -3.449400000000000244e-01 -3.390239999999999920e-01 -3.013719999999999732e-01 -2.440400000000000069e-01 -1.757309999999999983e-01 -1.050549999999999956e-01 -3.333679999999999977e-02 3.347809999999999675e-02 8.956959999999999922e-02 1.410220000000000085e-01 1.814500000000000002e-01 2.110480000000000134e-01 2.398839999999999861e-01 2.802459999999999951e-01 3.304079999999999795e-01 3.814640000000000253e-01 4.324430000000000218e-01 4.879020000000000024e-01 5.424820000000000197e-01 5.965759999999999952e-01 6.346800000000000219e-01 6.605010000000000048e-01 6.779150000000000453e-01 6.943350000000000355e-01 7.077909999999999480e-01 7.155569999999999986e-01 7.057930000000000037e-01 6.873740000000000405e-01 6.507619999999999516e-01 6.049259999999999637e-01 5.618199999999999861e-01 5.346959999999999491e-01 5.224419999999999620e-01 5.311770000000000103e-01 5.611800000000000122e-01 6.081149999999999611e-01 6.624860000000000193e-01 7.181680000000000286e-01 7.655429999999999735e-01 8.083909999999999707e-01 8.373340000000000227e-01 8.264270000000000227e-01 7.783440000000000358e-01 6.964380000000000015e-01 5.831229999999999469e-01 4.499349999999999739e-01 3.006309999999999816e-01 1.422710000000000086e-01 -2.132579999999999892e-02 -1.909639999999999949e-01 -3.519340000000000246e-01 -4.938480000000000092e-01 -6.016439999999999566e-01 -6.637819999999999832e-01 -6.753580000000000139e-01 -6.426290000000000058e-01 -5.714380000000000015e-01 -4.778530000000000277e-01 -3.816609999999999725e-01 -2.914019999999999944e-01 -2.071500000000000008e-01 -1.374309999999999976e-01 -8.926670000000000438e-02 -5.299500000000000044e-02 -2.601530000000000162e-02 -3.384149999999999832e-03 1.742259999999999989e-02 4.449360000000000120e-02 8.270149999999999724e-02 1.223010000000000069e-01 1.631589999999999985e-01 2.093210000000000071e-01 2.467570000000000041e-01 2.699590000000000045e-01 2.858280000000000265e-01 2.839409999999999989e-01 2.665170000000000039e-01 2.441170000000000007e-01 2.179629999999999901e-01 1.894909999999999928e-01 1.625060000000000116e-01 1.330159999999999954e-01 9.413559999999999983e-02 5.053119999999999834e-02 0.000000000000000000e+00
0.000000000000000000e+00 1.330050000000000121e-01 2.558889999999999776e-01 3.624720000000000164e-01 4.418409999999999838e-01 4.879609999999999781e-01 5.015429999999999611e-01 4.858790000000000053e-01 4.298679999999999723e-01 3.253300000000000081e-01 1.868750000000000133e-01 3.767199999999999716e-02 -1.075279999999999986e-01 -2.317770000000000108e-01 -3.181459999999999844e-01 -3.545200000000000018e-01 -3.493229999999999946e-01 -3.034680000000000155e-01 -2.305830000000000102e-01 -1.481399999999999939e-01 -6.538239999999999330e-02 1.329879999999999951e-02 8.753700000000000370e-02 1.540289999999999992e-01 2.211589999999999945e-01 2.828530000000000211e-01 3.298269999999999813e-01 3.720870000000000011e-01 4.206639999999999824e-01 4.710869999999999780e-01 5.170460000000000056e-01 5.595879999999999743e-01 6.067620000000000235e-01 6.601339999999999986e-01 7.134089999999999598e-01 7.544399999999999995e-01 7.808310000000000528e-01 7.974740000000000162e-01 8.102989999999999915e-01 8.181749999999999856e-01 8.127250000000000307e-01 7.904480000000000395e-01 7.568810000000000260e-01 7.101079999999999615e-01 6.573649999999999771e-01 6.164429999999999632e-01 5.969360000000000221e-01 5.996479999999999588e-01 6.245990000000000153e-01 6.717600000000000238e-01 7.362340000000000551e-01 8.051279999999999548e-01 8.718449999999999811e-01 9.273439999999999461e-01 9.822760000000000380e-01 1.020569999999999977e+00 1.016899999999999915e+00 9.712709999999999955e-01 8.814570000000000460e-01 7.486390000000000544e-01 5.864260000000000028e-01 3.948490000000000055e-01 1.849659999999999915e-01 -2.826299999999999993e-02 -2.444620000000000126e-01 -4.490169999999999995e-01 -6.252830000000000332e-01 -7.572069999999999634e-01 -8.320020000000000193e-01 -8.511279999999999957e-01 -8.249840000000000506e-01 -7.546509999999999607e-01 -6.538079999999999448e-01 -5.369890000000000496e-01 -4.246300000000000074e-01 -3.196950000000000069e-01 -2.328939999999999899e-01 -1.719360000000000055e-01 -1.194329999999999975e-01 -7.837299999999999822e-02 -3.682610000000000050e-02 3.199469999999999831e-03 4.044620000000000160e-02 8.195840000000000070e-02 1.150169999999999942e-01 1.449979999999999880e-01 1.816490000000000049e-01 2.156980000000000008e-01 2.448410000000000031e-01 2.707550000000000234e-01 2.820529999999999982e-01 2.761330000000000173e-01 2.564699999999999758e-01 2.290959999999999941e-01 1.949539999999999884e-01 1.581559999999999910e-01 1.236929999999999974e-01 8.406900000000000484e-02 4.288170000000000176e-02 0.000000000000000000e+00
0.000000000000000000e+00 1.397509999999999863e-01 2.733530000000000126e-01 3.910199999999999787e-01 4.879609999999999781e-01 5.477039999999999687e-01 5.799159999999999870e-01 5.788079999999999892e-01 5.367520000000000069e-01 4.374910000000000188e-01 2.977389999999999759e-01 1.424350000000000060e-01 -1.523180000000000020e-02 -1.526440000000000019e-01 -2.514879999999999893e-01 -2.927879999999999927e-01 -2.893470000000000208e-01 -2.402410000000000101e-01 -1.653280000000000027e-01 -8.016760000000000552e-02 1.825879999999999994e-03 8.316070000000000406e-02 1.631400000000000072e-01 2.390110000000000012e-01 3.208360000000000101e-01 3.951879999999999837e-01 4.531160000000000188e-01 5.016110000000000291e-01 5.527729999999999588e-01 6.022629999999999928e-01 6.382290000000000463e-01 6.646659999999999791e-01 6.956290000000000529e-01 7.321950000000000403e-01 7.786859999999999893e-01 8.140020000000000033e-01 8.383249999999999869e-01 8.507759999999999767e-01 8.553579999999999517e-01 8.476449999999999818e-01 8.258400000000000185e-01 7.821439999999999504e-01 7.363039999999999585e-01 6.805080000000000018e-01 6.270510000000000250e-01 5.901750000000000052e-01 5.834789999999999699e-01 6.005970000000000475e-01 6.441050000000000386e-01 7.120020000000000238e-01 7.961740000000000483e-01 8.816650000000000320e-01 9.602030000000000287e-01 1.021949999999999914e+00 1.078819999999999890e+00 1.123059999999999947e+00 1.121499999999999941e+00 1.077059999999999906e+00 9.892800000000000482e-01 8.544429999999999525e-01 6.804059999999999553e-01 4.675849999999999729e-01 2.286509999999999931e-01 -2.362389999999999976e-02 -2.811949999999999728e-01 -5.184860000000000024e-01 -7.213089999999999780e-01 -8.757139999999999924e-01 -9.715169999999999639e-01 -1.007179999999999964e+00 -9.902859999999999996e-01 -9.211939999999999573e-01 -8.144329999999999625e-01 -6.929060000000000219e-01 -5.719119999999999759e-01 -4.531789999999999985e-01 -3.514229999999999854e-01 -2.771819999999999840e-01 -2.139129999999999920e-01 -1.565100000000000102e-01 -1.001309999999999978e-01 -4.934020000000000072e-02 -6.975279999999999935e-04 4.689519999999999800e-02 7.913850000000000051e-02 1.015550000000000064e-01 1.291420000000000068e-01 1.523519999999999874e-01 1.713210000000000011e-01 1.991489999999999927e-01 2.187939999999999885e-01 2.257919999999999927e-01 2.236769999999999869e-01 2.055740000000000067e-01 1.713619999999999866e-01 1.311009999999999953e-01 9.100410000000000443e-02 5.225130000000000052e-02 2.463440000000000074e-02 0.000000000000000000e+00
0.000000000000000000e+00 1.391159999999999897e-01 2.725920000000000010e-01 3.967450000000000143e-01 5.015429999999999611e-01 5.799159999999999870e-01 6.344180000000000375e-01 6.654299999999999660e-01 6.522099999999999564e-01 5.758079999999999865e-01 4.475259999999999794e-01 2.938919999999999866e-01 1.316430000000000100e-01 -1.416070000000000002e-02 -1.177089999999999942e-01 -1.620350000000000124e-01 -1.609260000000000135e-01 -1.200869999999999993e-01 -5.546129999999999810e-02 1.538040000000000067e-02 8.794470000000000065e-02 1.644380000000000008e-01 2.471530000000000116e-01 3.291799999999999726e-01 4.162540000000000129e-01 4.947779999999999956e-01 5.524160000000000181e-01 5.995310000000000361e-01 6.511919999999999931e-01 6.978149999999999631e-01 7.272669999999999968e-01 7.406979999999999675e-01 7.534279999999999866e-01 7.744959999999999622e-01 8.033709999999999463e-01 8.247590000000000199e-01 8.334420000000000162e-01 8.296080000000000121e-01 8.171699999999999520e-01 7.938380000000000436e-01 7.547760000000000025e-01 7.005679999999999685e-01 6.445720000000000338e-01 5.855089999999999462e-01 5.308190000000000408e-01 4.998739999999999850e-01 5.053250000000000242e-01 5.429800000000000182e-01 6.097310000000000230e-01 7.008889999999999842e-01 8.035910000000000553e-01 8.978000000000000425e-01 9.752830000000000110e-01 1.027700000000000058e+00 1.079579999999999984e+00 1.121299999999999963e+00 1.125650000000000039e+00 1.093259999999999899e+00 1.018369999999999997e+00 8.927370000000000028e-01 7.238850000000000007e-01 5.063649999999999540e-01 2.534440000000000026e-01 -1.343970000000000060e-02 -2.893100000000000116e-01 -5.523900000000000476e-01 -7.825539999999999718e-01 -9.602770000000000472e-01 -1.072799999999999976e+00 -1.121510000000000007e+00 -1.116219999999999990e+00 -1.056459999999999955e+00 -9.575099999999999723e-01 -8.370410000000000350e-01 -7.168930000000000025e-01 -5.986580000000000235e-01 -4.923040000000000194e-01 -4.064659999999999940e-01 -3.239090000000000025e-01 -2.517809999999999770e-01 -1.838859999999999939e-01 -1.263370000000000049e-01 -7.882419999999999705e-02 -3.036200000000000010e-02 4.113020000000000218e-03 2.862380000000000133e-02 5.590669999999999668e-02 7.347940000000000027e-02 8.430020000000000568e-02 1.024830000000000046e-01 1.187119999999999981e-01 1.312480000000000036e-01 1.382529999999999870e-01 1.345490000000000019e-01 1.147409999999999958e-01 8.448450000000000404e-02 5.522760000000000169e-02 2.740309999999999968e-02 1.076270000000000004e-02 0.000000000000000000e+00
0.000000000000000000e+00 1.294649999999999967e-01 2.560279999999999778e-01 3.753960000000000075e-01 4.858790000000000053e-01 5.788079999999999892e-01 6.654299999999999660e-01 7.368860000000000410e-01 7.684410000000000407e-01 7.268449999999999633e-01 6.212490000000000512e-01 4.774030000000000218e-01 3.156599999999999961e-01 1.666710000000000136e-01 5.840900000000000258e-02 9.774190000000000308e-03 -5.942270000000000147e-04 2.372780000000000028e-02 6.498489999999999822e-02 1.158239999999999964e-01 1.713330000000000131e-01 2.399429999999999896e-01 3.202999999999999736e-01 4.021190000000000042e-01 4.895590000000000219e-01 5.651920000000000277e-01 6.180919999999999748e-01 6.595250000000000279e-01 7.043650000000000189e-01 7.461149999999999727e-01 7.673189999999999733e-01 7.712090000000000334e-01 7.733470000000000066e-01 7.782520000000000548e-01 7.888960000000000417e-01 7.837939999999999907e-01 7.636490000000000222e-01 7.324979999999999825e-01 6.984669999999999490e-01 6.608579999999999455e-01 6.161560000000000370e-01 5.570460000000000411e-01 5.016239999999999588e-01 4.417749999999999733e-01 3.906740000000000212e-01 3.682590000000000030e-01 3.913650000000000184e-01 4.511339999999999795e-01 5.400519999999999765e-01 6.464090000000000114e-01 7.530729999999999924e-01 8.400879999999999459e-01 9.019279999999999520e-01 9.394069999999999920e-01 9.803560000000000052e-01 1.025020000000000042e+00 1.039670000000000094e+00 1.022950000000000026e+00 9.668989999999999529e-01 8.613979999999999970e-01 7.087830000000000519e-01 5.051280000000000214e-01 2.642169999999999797e-01 -5.426129999999999495e-04 -2.801719999999999766e-01 -5.488950000000000218e-01 -7.897399999999999975e-01 -9.851029999999999509e-01 -1.116330000000000044e+00 -1.179729999999999945e+00 -1.185370000000000035e+00 -1.135389999999999899e+00 -1.048340000000000050e+00 -9.477910000000000501e-01 -8.485350000000000392e-01 -7.403030000000000443e-01 -6.308359999999999523e-01 -5.336619999999999697e-01 -4.389910000000000201e-01 -3.531199999999999894e-01 -2.791730000000000045e-01 -2.248910000000000076e-01 -1.804610000000000103e-01 -1.366120000000000112e-01 -1.050009999999999971e-01 -8.095489999999999631e-02 -5.241429999999999700e-02 -3.325999999999999790e-02 -2.359079999999999858e-02 -5.398349999999999677e-03 8.719469999999999998e-03 1.901390000000000025e-02 3.125939999999999969e-02 3.854420000000000068e-02 3.828020000000000034e-02 3.504530000000000145e-02 2.980889999999999929e-02 1.896909999999999916e-02 1.081859999999999940e-02 0.000000000000000000e+00
0.000000000000000000e+00 1.085470000000000046e-01 2.158819999999999906e-01 3.231700000000000128e-01 4.298679999999999723e-01 5.367520000000000069e-01 6.522099999999999564e-01 7.684410000000000407e-01 8.462669999999999915e-01 8.468520000000000492e-01 7.705840000000000467e-01 6.448990000000000000e-01 4.906119999999999925e-01 3.405639999999999779e-01 2.269009999999999916e-01 1.662780000000000091e-01 1.406699999999999895e-01 1.428020000000000123e-01 1.643940000000000123e-01 1.962339999999999918e-01 2.383349999999999913e-01 2.952239999999999864e-01 3.664999999999999925e-01 4.407090000000000174e-01 5.210850000000000204e-01 5.898600000000000509e-01 6.349320000000000519e-01 6.646819999999999951e-01 6.987799999999999567e-01 7.286740000000000439e-01 7.422800000000000509e-01 7.399580000000000046e-01 7.343979999999999952e-01 7.276449999999999863e-01 7.153049999999999686e-01 6.803120000000000278e-01 6.265279999999999738e-01 5.657940000000000191e-01 5.126330000000000053e-01 4.660659999999999803e-01 4.191520000000000246e-01 3.646090000000000164e-01 3.127199999999999980e-01 2.613039999999999807e-01 2.200709999999999888e-01 2.117900000000000060e-01 2.534150000000000014e-01 3.314849999999999741e-01 4.316030000000000144e-01 5.396170000000000133e-01 6.359510000000000440e-01 7.037229999999999874e-01 7.452640000000000375e-01 7.640190000000000037e-01 7.987440000000000095e-01 8.460560000000000302e-01 8.732029999999999514e-01 8.734929999999999639e-01 8.384430000000000494e-01 7.562929999999999930e-01 6.325520000000000032e-01 4.616000000000000103e-01 2.538070000000000048e-01 2.375860000000000125e-02 -2.305879999999999874e-01 -4.901280000000000081e-01 -7.334129999999999816e-01 -9.328680000000000305e-01 -1.069939999999999891e+00 -1.142470000000000097e+00 -1.159909999999999997e+00 -1.128679999999999906e+00 -1.067900000000000071e+00 -9.940670000000000339e-01 -9.180110000000000214e-01 -8.313220000000000054e-01 -7.380590000000000206e-01 -6.482109999999999816e-01 -5.546680000000000499e-01 -4.697879999999999834e-01 -3.966480000000000006e-01 -3.432290000000000063e-01 -3.039999999999999925e-01 -2.650040000000000173e-01 -2.381330000000000113e-01 -2.180590000000000028e-01 -1.879440000000000000e-01 -1.636370000000000047e-01 -1.458430000000000004e-01 -1.216399999999999981e-01 -1.051519999999999955e-01 -9.271219999999999462e-02 -7.669960000000000666e-02 -5.636569999999999775e-02 -3.285350000000000076e-02 -7.674330000000000040e-03 1.399049999999999946e-02 2.012409999999999893e-02 1.556079999999999963e-02 0.000000000000000000e+00
0.000000000000000000e+00 7.098400000000000543e-02 1.456860000000000099e-01 2.291819999999999968e-01 3.253300000000000081e-01 4.374910000000000188e-01 5.758079999999999865e-01 7.268449999999999633e-01 8.468520000000000492e-01 8.875079999999999636e-01 8.472100000000000186e-01 7.469719999999999693e-01 6.072159999999999780e-01 4.581310000000000104e-01 3.341759999999999731e-01 2.574060000000000237e-01 2.116879999999999873e-01 1.972210000000000074e-01 2.045960000000000001e-01 2.279509999999999870e-01 2.601470000000000171e-01 3.054780000000000273e-01 3.630300000000000193e-01 4.241329999999999822e-01 4.922560000000000269e-01 5.502359999999999474e-01 5.824580000000000313e-01 5.988860000000000294e-01 6.172680000000000389e-01 6.361250000000000515e-01 6.406049999999999800e-01 6.324940000000000007e-01 6.187899999999999512e-01 5.988550000000000262e-01 5.675860000000000349e-01 5.094330000000000247e-01 4.322389999999999843e-01 3.521889999999999743e-01 2.826509999999999856e-01 2.254130000000000023e-01 1.722140000000000060e-01 1.170699999999999935e-01 7.392709999999999559e-02 3.749419999999999836e-02 1.710510000000000155e-02 3.093730000000000091e-02 8.990960000000000618e-02 1.783460000000000045e-01 2.781179999999999763e-01 3.738360000000000016e-01 4.516430000000000167e-01 4.999529999999999808e-01 5.223109999999999697e-01 5.304940000000000211e-01 5.591390000000000526e-01 6.078029999999999822e-01 6.417730000000000379e-01 6.548230000000000439e-01 6.398430000000000506e-01 5.920189999999999619e-01 5.147789999999999866e-01 4.001199999999999757e-01 2.529410000000000269e-01 7.354420000000000401e-02 -1.384589999999999987e-01 -3.659189999999999943e-01 -5.894179999999999975e-01 -7.847640000000000171e-01 -9.242580000000000240e-01 -1.003169999999999895e+00 -1.036059999999999981e+00 -1.026750000000000052e+00 -9.912210000000000187e-01 -9.463829999999999742e-01 -9.040740000000000443e-01 -8.480039999999999800e-01 -7.811350000000000238e-01 -7.193410000000000082e-01 -6.553029999999999688e-01 -5.930370000000000363e-01 -5.342350000000000154e-01 -4.876949999999999896e-01 -4.475959999999999939e-01 -4.078620000000000023e-01 -3.801550000000000207e-01 -3.585180000000000033e-01 -3.275589999999999891e-01 -2.984979999999999856e-01 -2.744730000000000225e-01 -2.433780000000000110e-01 -2.180040000000000033e-01 -1.961370000000000058e-01 -1.676030000000000020e-01 -1.333860000000000046e-01 -9.576020000000000365e-02 -5.654800000000000104e-02 -2.323019999999999946e-02 -5.320400000000000303e-03 2.692780000000000087e-03 0.000000000000000000e+00
0.000000000000000000e+00 2.087829999999999894e-02 5.329640000000000072e-02 1.065450000000000008e-01 1.868750000000000133e-01 2.977389999999999759e-01 4.475259999999999794e-01 6.212490000000000512e-01 7.705840000000000467e-01 8.472100000000000186e-01 8.416550000000000420e-01 7.709740000000000482e-01 6.468859999999999610e-01 4.969239999999999768e-01 3.596199999999999952e-01 2.614119999999999777e-01 1.979049999999999976e-01 1.681179999999999897e-01 1.681570000000000009e-01 1.857520000000000004e-01 2.113389999999999991e-01 2.457469999999999932e-01 2.895849999999999813e-01 3.361480000000000024e-01 3.898920000000000163e-01 4.325700000000000101e-01 4.526310000000000056e-01 4.565710000000000046e-01 4.669699999999999962e-01 4.784809999999999897e-01 4.778479999999999950e-01 4.608630000000000226e-01 4.356149999999999745e-01 4.014889999999999848e-01 3.562699999999999756e-01 2.866199999999999859e-01 1.996439999999999881e-01 1.082000000000000045e-01 2.672739999999999838e-02 -4.552950000000000053e-02 -1.090089999999999948e-01 -1.646960000000000091e-01 -1.990280000000000105e-01 -2.139739999999999975e-01 -2.087330000000000019e-01 -1.725730000000000042e-01 -9.630969999999999809e-02 -1.315540000000000025e-03 9.291199999999999459e-02 1.758220000000000061e-01 2.342859999999999943e-01 2.621510000000000229e-01 2.692760000000000153e-01 2.651270000000000016e-01 2.871330000000000271e-01 3.342570000000000263e-01 3.742639999999999856e-01 3.998320000000000207e-01 4.118990000000000151e-01 4.065529999999999977e-01 3.865319999999999867e-01 3.412499999999999978e-01 2.661229999999999984e-01 1.568390000000000062e-01 6.921230000000000004e-04 -1.879619999999999902e-01 -3.862079999999999957e-01 -5.625379999999999825e-01 -6.966329999999999467e-01 -7.849530000000000118e-01 -8.316310000000000091e-01 -8.427559999999999496e-01 -8.317149999999999821e-01 -8.118659999999999766e-01 -7.912540000000000129e-01 -7.662959999999999772e-01 -7.438879999999999937e-01 -7.297270000000000145e-01 -7.126270000000000104e-01 -6.879910000000000192e-01 -6.555260000000000531e-01 -6.235770000000000479e-01 -5.893150000000000333e-01 -5.490669999999999717e-01 -5.169280000000000541e-01 -4.902389999999999803e-01 -4.535770000000000080e-01 -4.219700000000000117e-01 -3.958679999999999977e-01 -3.612049999999999983e-01 -3.294199999999999906e-01 -2.944570000000000243e-01 -2.516959999999999753e-01 -2.076749999999999985e-01 -1.651430000000000120e-01 -1.258529999999999927e-01 -9.092709999999999682e-02 -6.117800000000000321e-02 -2.949279999999999957e-02 0.000000000000000000e+00
0.000000000000000000e+00 -3.300859999999999905e-02 -4.607739999999999753e-02 -2.372169999999999834e-02 3.767199999999999716e-02 1.424350000000000060e-01 2.938919999999999866e-01 4.774030000000000218e-01 6.448990000000000000e-01 7.469719999999999693e-01 7.709740000000000482e-01 7.231319999999999970e-01 6.105829999999999869e-01 4.569059999999999788e-01 3.049760000000000248e-01 1.888519999999999921e-01 1.085850000000000010e-01 6.628499999999999670e-02 5.644400000000000112e-02 6.711200000000000498e-02 8.630569999999999908e-02 1.131049999999999972e-01 1.474149999999999905e-01 1.837679999999999869e-01 2.232719999999999982e-01 2.540780000000000260e-01 2.644980000000000109e-01 2.655150000000000010e-01 2.741270000000000095e-01 2.849169999999999758e-01 2.789659999999999918e-01 2.543409999999999838e-01 2.168440000000000090e-01 1.735949999999999993e-01 1.202000000000000013e-01 4.590330000000000105e-02 -4.734909999999999813e-02 -1.465229999999999866e-01 -2.407279999999999975e-01 -3.225480000000000014e-01 -3.921259999999999746e-01 -4.433000000000000274e-01 -4.637149999999999883e-01 -4.585190000000000099e-01 -4.315709999999999824e-01 -3.755009999999999737e-01 -2.884120000000000017e-01 -1.889849999999999863e-01 -9.824220000000000175e-02 -2.943990000000000148e-02 1.127350000000000053e-02 2.189730000000000149e-02 1.077200000000000032e-02 -4.866889999999999585e-03 9.324489999999999515e-03 5.353000000000000119e-02 1.009270000000000028e-01 1.468150000000000011e-01 1.917310000000000125e-01 2.366409999999999902e-01 2.802200000000000246e-01 3.046220000000000039e-01 2.985800000000000121e-01 2.488039999999999974e-01 1.490110000000000046e-01 9.061359999999999207e-03 -1.523069999999999979e-01 -3.101360000000000228e-01 -4.363270000000000204e-01 -5.236969999999999681e-01 -5.814989999999999881e-01 -6.064410000000000078e-01 -6.060170000000000279e-01 -5.969269999999999854e-01 -5.993899999999999784e-01 -6.085700000000000554e-01 -6.249430000000000263e-01 -6.568279999999999674e-01 -6.890460000000000473e-01 -7.108179999999999499e-01 -7.173929999999999474e-01 -7.137919999999999821e-01 -6.975860000000000394e-01 -6.660650000000000182e-01 -6.329380000000000006e-01 -6.011149999999999549e-01 -5.636959999999999749e-01 -5.320310000000000317e-01 -5.066030000000000255e-01 -4.724180000000000046e-01 -4.333899999999999975e-01 -3.896760000000000224e-01 -3.401480000000000059e-01 -2.925920000000000187e-01 -2.514710000000000001e-01 -2.122960000000000125e-01 -1.709600000000000009e-01 -1.239650000000000057e-01 -6.418859999999999844e-02 0.000000000000000000e+00
0.000000000000000000e+00 -8.375180000000000125e-02 -1.390710000000000002e-01 -1.489820000000000033e-01 -1.075279999999999986e-01 -1.523180000000000020e-02 1.316430000000000100e-01 3.156599999999999961e-01 4.906119999999999925e-01 6.072159999999999780e-01 6.468859999999999610e-01 6.105829999999999869e-01 5.020059999999999523e-01 3.450699999999999878e-01 1.869480000000000031e-01 6.146800000000000180e-02 -2.710579999999999934e-02 -8.123539999999999928e-02 -1.031590000000000007e-01 -1.024100000000000010e-01 -8.990259999999999918e-02 -6.747830000000000494e-02 -3.769900000000000334e-02 -7.117730000000000064e-03 2.610770000000000104e-02 5.117979999999999752e-02 6.194000000000000200e-02 6.465100000000000013e-02 7.338540000000000341e-02 7.944840000000000235e-02 6.764939999999999842e-02 3.534280000000000060e-02 -6.191379999999999800e-03 -5.365290000000000337e-02 -1.104399999999999965e-01 -1.896120000000000028e-01 -2.884950000000000014e-01 -3.933969999999999967e-01 -4.882090000000000041e-01 -5.685489999999999711e-01 -6.296150000000000357e-01 -6.688309999999999533e-01 -6.779349999999999543e-01 -6.606459999999999555e-01 -6.235699999999999577e-01 -5.617250000000000298e-01 -4.704860000000000153e-01 -3.699839999999999796e-01 -2.845369999999999844e-01 -2.247149999999999981e-01 -1.992520000000000124e-01 -2.065289999999999904e-01 -2.335089999999999943e-01 -2.608900000000000108e-01 -2.550399999999999889e-01 -2.095090000000000008e-01 -1.468530000000000113e-01 -7.494480000000000586e-02 1.076910000000000020e-02 1.076379999999999976e-01 2.064110000000000111e-01 2.885280000000000067e-01 3.383499999999999841e-01 3.421549999999999869e-01 2.881980000000000097e-01 1.878309999999999980e-01 6.117849999999999677e-02 -6.636599999999999444e-02 -1.763349999999999917e-01 -2.608420000000000183e-01 -3.135780000000000234e-01 -3.363280000000000158e-01 -3.393599999999999950e-01 -3.412540000000000018e-01 -3.561840000000000006e-01 -3.873969999999999914e-01 -4.396360000000000268e-01 -5.102889999999999926e-01 -5.854620000000000379e-01 -6.494900000000000118e-01 -6.987119999999999997e-01 -7.347160000000000357e-01 -7.479869999999999575e-01 -7.371839999999999504e-01 -7.162709999999999910e-01 -6.905710000000000459e-01 -6.571129999999999471e-01 -6.273809999999999665e-01 -5.989689999999999737e-01 -5.604660000000000197e-01 -5.195530000000000426e-01 -4.756569999999999965e-01 -4.298109999999999986e-01 -3.873289999999999789e-01 -3.437209999999999988e-01 -2.940909999999999913e-01 -2.357760000000000133e-01 -1.662720000000000031e-01 -8.503579999999999472e-02 0.000000000000000000e+00
0.000000000000000000e+00 -1.223619999999999985e-01 -2.129119999999999902e-01 -2.508000000000000229e-01 -2.317770000000000108e-01 -1.526440000000000019e-01 -1.416070000000000002e-02 1.666710000000000136e-01 3.405639999999999779e-01 4.581310000000000104e-01 4.969239999999999768e-01 4.569059999999999788e-01 3.450699999999999878e-01 1.890830000000000011e-01 3.512789999999999663e-02 -8.619559999999999722e-02 -1.741570000000000062e-01 -2.347219999999999862e-01 -2.667260000000000186e-01 -2.761279999999999846e-01 -2.697519999999999918e-01 -2.517130000000000201e-01 -2.258400000000000130e-01 -1.953789999999999971e-01 -1.621519999999999906e-01 -1.331219999999999903e-01 -1.190409999999999940e-01 -1.171689999999999954e-01 -1.172499999999999931e-01 -1.233920000000000017e-01 -1.443919999999999926e-01 -1.772980000000000111e-01 -2.174879999999999869e-01 -2.615460000000000007e-01 -3.210410000000000208e-01 -4.038010000000000210e-01 -5.051729999999999832e-01 -6.052349999999999675e-01 -6.893219999999999903e-01 -7.509000000000000119e-01 -7.929939999999999767e-01 -8.133449999999999847e-01 -8.098980000000000068e-01 -7.868420000000000414e-01 -7.511489999999999556e-01 -6.951850000000000529e-01 -6.153330000000000188e-01 -5.258720000000000061e-01 -4.484909999999999730e-01 -3.987729999999999886e-01 -3.816479999999999873e-01 -3.957240000000000202e-01 -4.311740000000000017e-01 -4.646500000000000075e-01 -4.618650000000000255e-01 -4.147109999999999963e-01 -3.374539999999999762e-01 -2.368929999999999925e-01 -1.137890000000000013e-01 2.660529999999999839e-02 1.701060000000000072e-01 2.938959999999999906e-01 3.796309999999999962e-01 4.150400000000000200e-01 3.967319999999999736e-01 3.310500000000000109e-01 2.331249999999999989e-01 1.262570000000000081e-01 3.640680000000000305e-02 -2.432590000000000099e-02 -5.864710000000000062e-02 -6.721699999999999897e-02 -5.997650000000000203e-02 -6.005950000000000177e-02 -8.750529999999999420e-02 -1.422350000000000003e-01 -2.173670000000000047e-01 -3.141240000000000143e-01 -4.220800000000000107e-01 -5.264109999999999623e-01 -6.188000000000000167e-01 -6.924460000000000059e-01 -7.394209999999999949e-01 -7.558409999999999851e-01 -7.539770000000000083e-01 -7.415819999999999634e-01 -7.172840000000000327e-01 -6.887469999999999981e-01 -6.576600000000000223e-01 -6.201590000000000158e-01 -5.815740000000000354e-01 -5.452930000000000277e-01 -5.071109999999999784e-01 -4.638390000000000013e-01 -4.117230000000000056e-01 -3.454139999999999988e-01 -2.679639999999999800e-01 -1.829099999999999893e-01 -9.129160000000000053e-02 0.000000000000000000e+00
0.000000000000000000e+00 -1.452219999999999900e-01 -2.583280000000000021e-01 -3.193670000000000120e-01 -3.181459999999999844e-01 -2.514879999999999893e-01 -1.177089999999999942e-01 5.840900000000000258e-02 2.269009999999999916e-01 3.341759999999999731e-01 3.596199999999999952e-01 3.049760000000000248e-01 1.869480000000000031e-01 3.512789999999999663e-02 -1.065910000000000052e-01 -2.163779999999999870e-01 -2.972230000000000150e-01 -3.585450000000000026e-01 -3.986049999999999871e-01 -4.188209999999999988e-01 -4.239789999999999948e-01 -4.167290000000000161e-01 -3.972970000000000113e-01 -3.653689999999999993e-01 -3.242450000000000054e-01 -2.856150000000000078e-01 -2.668059999999999876e-01 -2.681769999999999987e-01 -2.815840000000000010e-01 -3.019600000000000062e-01 -3.302889999999999993e-01 -3.654499999999999971e-01 -4.044699999999999962e-01 -4.513480000000000270e-01 -5.148570000000000091e-01 -5.980609999999999538e-01 -6.920290000000000052e-01 -7.750160000000000382e-01 -8.336170000000000524e-01 -8.678479999999999528e-01 -8.817620000000000458e-01 -8.786549999999999638e-01 -8.606899999999999551e-01 -8.326959999999999917e-01 -8.021509999999999474e-01 -7.595769999999999467e-01 -6.984629999999999450e-01 -6.250090000000000368e-01 -5.608180000000000387e-01 -5.190979999999999484e-01 -5.075370000000000159e-01 -5.239850000000000341e-01 -5.606790000000000385e-01 -5.889569999999999528e-01 -5.809760000000000479e-01 -5.229380000000000139e-01 -4.259000000000000008e-01 -3.027259999999999951e-01 -1.555580000000000018e-01 8.690919999999999548e-03 1.721030000000000060e-01 3.153520000000000212e-01 4.222440000000000082e-01 4.782680000000000264e-01 4.761949999999999794e-01 4.236110000000000153e-01 3.403419999999999779e-01 2.523549999999999960e-01 1.838480000000000114e-01 1.483210000000000084e-01 1.476280000000000092e-01 1.688620000000000121e-01 1.929279999999999884e-01 1.951390000000000069e-01 1.641809999999999936e-01 1.002180000000000015e-01 6.213909999999999573e-03 -1.122950000000000059e-01 -2.444969999999999921e-01 -3.723899999999999988e-01 -4.879800000000000249e-01 -5.861849999999999561e-01 -6.583440000000000403e-01 -7.053970000000000518e-01 -7.343650000000000455e-01 -7.444119999999999626e-01 -7.361710000000000198e-01 -7.139489999999999448e-01 -6.828490000000000393e-01 -6.495109999999999495e-01 -6.170839999999999659e-01 -5.850119999999999765e-01 -5.464489999999999625e-01 -4.960749999999999882e-01 -4.311380000000000212e-01 -3.526059999999999750e-01 -2.673079999999999901e-01 -1.783129999999999993e-01 -8.837129999999999985e-02 0.000000000000000000e+00
