0	0	0	0	0	0	0	0	0	0	0	0	0	0	0	0	0	0	0	0	0	0	0	0	0	0	0	0	0	0	0	0	0	0	0	0	0	0	0	0	0	0	0	0	0	0	0	0	0	0	0	0	0	0	0	0	0	0	0	0	0	0	0	0	0	0	0	0	0	0	0	0	0	0	0	0	0	0	0	0	0	0	0	0	0	0	0	0	0	0	0	0	0	0	0	0	0	0	0	0	
0	0.0440141	0.0399584	0.0151009	-0.0320996	-0.091852	-0.117465	-0.132912	-0.132393	-0.093684	-0.049575	0.00941128	0.0828141	0.160461	0.220538	0.26107	0.295748	0.304711	0.278748	0.222411	0.166469	0.104805	0.0339392	-0.0488465	-0.124942	-0.170818	-0.17707	-0.152668	-0.110446	-0.0706664	-0.0363705	-0.0150707	-0.000625188	0.0063092	0.0111174	0.0125062	0.0151038	0.0144394	0.0160483	0.0148967	0.0135945	0.0121101	0.00835828	0.00365557	0.00172623	-0.00468628	-0.00373025	-0.00270202	0.00428554	0.00964621	0.0216812	0.0262019	0.0213346	0.0135912	-0.00507671	-0.0069174	0.00294779	0.0230854	0.049034	0.0383974	0.0120042	-0.000609588	-0.00911912	0.0102372	0.0618609	0.108813	0.143269	0.160292	0.138152	0.0863537	0.0255082	-0.0493813	-0.134264	-0.203315	-0.248913	-0.282775	-0.300174	-0.283492	-0.234637	-0.174751	-0.115273	-0.0488328	0.0307455	0.111646	0.170792	0.19227	0.177292	0.140026	0.0971594	0.0602334	0.0337741	0.0172904	0.00814252	0.00354904	0.00143911	0.000545241	0.000193657	6.43369e-05	1.87227e-05	0	
0	0.0399584	0.0511851	0.0187042	-0.062662	-0.150072	-0.216012	-0.267662	-0.266947	-0.201747	-0.0971114	0.0340912	0.187387	0.343348	0.456184	0.535682	0.589395	0.59613	0.533895	0.427742	0.30895	0.184221	0.0416483	-0.119041	-0.262075	-0.347736	-0.360781	-0.310753	-0.233023	-0.151336	-0.0874414	-0.0425147	-0.0159085	-0.00190962	0.00613846	0.00791388	0.0110033	0.00983447	0.0116117	0.0107412	0.0117747	0.0113849	0.0129637	0.0121259	0.0146842	0.0137168	0.0163082	0.0154301	0.0174573	0.01965	0.0194517	0.0233904	0.0220154	0.0235727	0.0189297	0.0133223	0.0220592	0.0399212	0.0602543	0.0612956	0.0362958	0.00576374	-0.00122857	0.0454398	0.130523	0.211332	0.27393	0.298649	0.256376	0.161442	0.0406033	-0.107147	-0.267493	-0.400441	-0.493246	-0.559039	-0.587843	-0.55361	-0.461284	-0.345274	-0.224944	-0.0904126	0.0656387	0.220627	0.333186	0.374669	0.347062	0.276286	0.193636	0.121419	0.068925	0.0357444	0.0170587	0.00753692	0.00309841	0.00119022	0.000428607	0.000144323	4.24901e-05	0	
0	0.0151009	0.0187042	-0.0152358	-0.0920487	-0.194167	-0.308774	-0.379915	-0.366476	-0.276066	-0.116682	0.0798788	0.303912	0.515582	0.680037	0.798553	0.862337	0.858219	0.767017	0.620479	0.441698	0.253991	0.0387754	-0.187373	-0.385155	-0.503445	-0.522325	-0.454692	-0.346225	-0.229369	-0.136492	-0.0692754	-0.0294584	-0.00751602	0.00327639	0.00730318	0.00856161	0.0089909	0.00820925	0.00869871	0.00976424	0.0108728	0.014894	0.0190771	0.0234281	0.0306556	0.0333252	0.037371	0.0337	0.032019	0.0227969	0.0182422	0.0169142	0.0228477	0.0434251	0.0518895	0.0561301	0.0586681	0.0558876	0.0567676	0.0469606	0.03556	0.0550042	0.112645	0.201852	0.30378	0.381078	0.398209	0.339336	0.212327	0.0345343	-0.178333	-0.398162	-0.587202	-0.72801	-0.8207	-0.851442	-0.799275	-0.672415	-0.506148	-0.323031	-0.118822	0.107137	0.323717	0.479493	0.538489	0.502639	0.405324	0.288676	0.18431	0.106658	0.0564258	0.0274802	0.0123917	0.00519904	0.00203799	0.000748703	0.000257013	7.692e-05	0	
0	-0.0320996	-0.062662	-0.0920487	-0.144806	-0.249535	-0.36718	-0.420863	-0.398763	-0.297743	-0.11065	0.136186	0.405767	0.657936	0.880256	1.03679	1.11236	1.09686	0.992269	0.81061	0.58163	0.323059	0.0398594	-0.242017	-0.481458	-0.626981	-0.65301	-0.580881	-0.44768	-0.307291	-0.184594	-0.0978972	-0.0415079	-0.00924769	0.00668787	0.0168955	0.0189268	0.0239311	0.0235118	0.0270622	0.0275824	0.0304742	0.0311287	0.0344512	0.0334994	0.0371961	0.0341602	0.0362972	0.0342484	0.0302702	0.0301487	0.0297972	0.0353793	0.0426217	0.0635093	0.0829898	0.0812514	0.0627904	0.0456342	0.0494258	0.067049	0.0981556	0.145738	0.201699	0.282677	0.383572	0.449828	0.449383	0.378461	0.225528	-0.00132585	-0.26342	-0.525403	-0.76202	-0.946768	-1.05766	-1.08163	-1.01305	-0.860954	-0.650128	-0.403396	-0.130701	0.154834	0.416892	0.603402	0.677134	0.638887	0.524244	0.381409	0.249302	0.147862	0.0802099	0.040057	0.0185183	0.00796245	0.0031972	0.00120243	0.000422094	0.000128722	0	
0	-0.091852	-0.150072	-0.194167	-0.249535	-0.322798	-0.381713	-0.393227	-0.361226	-0.258066	-0.0556622	0.216647	0.504538	0.791344	1.05391	1.23744	1.31827	1.2941	1.17938	0.972678	0.697168	0.370596	0.0329568	-0.290442	-0.55326	-0.715983	-0.752527	-0.680937	-0.536635	-0.376808	-0.23113	-0.123838	-0.0515744	-0.00836856	0.0145836	0.0283549	0.0342723	0.0393208	0.0418083	0.0442405	0.0453199	0.0460205	0.0445369	0.0427531	0.038482	0.0343339	0.0307636	0.0262276	0.0304336	0.0351582	0.0452584	0.0590332	0.0737248	0.0775485	0.0761722	0.0811935	0.0805821	0.0658953	0.050265	0.0661468	0.118174	0.182299	0.24557	0.306339	0.373075	0.439006	0.471324	0.451936	0.367248	0.190153	-0.0691618	-0.359981	-0.650592	-0.924199	-1.14074	-1.25929	-1.27252	-1.19085	-1.01978	-0.768602	-0.460815	-0.126126	0.205192	0.49561	0.700539	0.78668	0.75258	0.630864	0.470827	0.31634	0.193014	0.107717	0.0553214	0.026285	0.011607	0.00478259	0.00184409	0.000662753	0.000206103	0	
0	-0.117465	-0.216012	-0.308774	-0.36718	-0.381713	-0.370945	-0.341213	-0.284324	-0.15544	0.0619455	0.337383	0.63609	0.939394	1.21157	1.39769	1.46896	1.43315	1.30452	1.07729	0.756378	0.380692	0.00281435	-0.339333	-0.609217	-0.778201	-0.826189	-0.759522	-0.615822	-0.441141	-0.279334	-0.151742	-0.0648174	-0.0117738	0.0177206	0.0317041	0.0390249	0.0403259	0.0420871	0.0401236	0.0406117	0.0383311	0.0376582	0.036884	0.036396	0.0361361	0.0408497	0.042589	0.0494729	0.0620726	0.0722024	0.0827099	0.0968665	0.0957778	0.0777724	0.0651799	0.0674459	0.0828715	0.0965128	0.122697	0.18729	0.27197	0.352571	0.414571	0.447216	0.458988	0.452475	0.408006	0.298547	0.103832	-0.164274	-0.466522	-0.776174	-1.07058	-1.29983	-1.41754	-1.42184	-1.33007	-1.14143	-0.853307	-0.492611	-0.108829	0.252262	0.555531	0.768812	0.865976	0.842457	0.723769	0.555813	0.384905	0.242139	0.139271	0.0736599	0.0360069	0.0163416	0.0069132	0.00273381	0.00100604	0.00031901	0	
0	-0.132912	-0.267662	-0.379915	-0.420863	-0.393227	-0.341213	-0.285184	-0.183221	-0.00915108	0.213228	0.486345	0.791182	1.09474	1.35324	1.52453	1.58588	1.53737	1.39315	1.13792	0.781013	0.368837	-0.0333922	-0.381689	-0.650021	-0.823671	-0.883673	-0.832832	-0.696021	-0.517404	-0.342171	-0.196899	-0.0949362	-0.0291106	0.00656551	0.0254337	0.0333288	0.0352601	0.0364958	0.0345995	0.0345939	0.0356363	0.0357209	0.0413498	0.0473389	0.0539363	0.0665996	0.0768551	0.0841804	0.0915864	0.0948967	0.0855717	0.0829052	0.0894841	0.0829392	0.0742603	0.0813426	0.114857	0.163514	0.21452	0.283061	0.368205	0.447469	0.492025	0.484534	0.44806	0.399223	0.314116	0.173926	-0.0239559	-0.281503	-0.584371	-0.900901	-1.19369	-1.41608	-1.52932	-1.52922	-1.42739	-1.21885	-0.898911	-0.500044	-0.0854891	0.289187	0.593424	0.808452	0.916318	0.908975	0.802266	0.635208	0.454079	0.294837	0.174893	0.0952924	0.04793	0.0223556	0.00970815	0.00393614	0.0014826	0.000479148	0	
0	-0.132393	-0.266947	-0.366476	-0.398763	-0.361226	-0.284324	-0.183221	-0.0255277	0.162811	0.36837	0.630102	0.930952	1.22097	1.45439	1.62057	1.67825	1.62428	1.45951	1.1772	0.795004	0.364149	-0.0485831	-0.395163	-0.661658	-0.839837	-0.917975	-0.888763	-0.769179	-0.593528	-0.411018	-0.249617	-0.131872	-0.0519583	-0.00506163	0.0198388	0.0350976	0.0402304	0.046072	0.0497409	0.0515975	0.0581344	0.0615201	0.0655032	0.0757103	0.0782184	0.0859925	0.0950411	0.0968677	0.0975841	0.102049	0.093827	0.0745745	0.0769783	0.0918754	0.105531	0.130867	0.183434	0.25552	0.324178	0.390705	0.455645	0.504589	0.520233	0.484452	0.406221	0.303851	0.172039	0.0104516	-0.179824	-0.42032	-0.712974	-1.01609	-1.28462	-1.48744	-1.59601	-1.59339	-1.478	-1.24752	-0.905404	-0.488638	-0.0641664	0.309966	0.60789	0.821721	0.940808	0.953882	0.866292	0.707903	0.522664	0.350345	0.214312	0.120263	0.0622157	0.0298083	0.0132804	0.00551742	0.00212579	0.000699746	0	
0	-0.093684	-0.201747	-0.276066	-0.297743	-0.258066	-0.15544	-0.00915108	0.162811	0.330648	0.523079	0.773232	1.05217	1.30608	1.51924	1.67527	1.72535	1.66601	1.47687	1.17802	0.790986	0.366793	-0.0406086	-0.37474	-0.640576	-0.820251	-0.920161	-0.91441	-0.818107	-0.652602	-0.465526	-0.294227	-0.157415	-0.0672944	-0.00563947	0.0241514	0.0454468	0.0556129	0.0619435	0.0711681	0.0754198	0.0821309	0.0920481	0.0929285	0.101203	0.104584	0.0992075	0.100942	0.0971605	0.0846794	0.083806	0.0926728	0.0909072	0.0955575	0.124441	0.16909	0.217699	0.281801	0.365073	0.433534	0.477508	0.507516	0.518967	0.504345	0.441365	0.319068	0.164164	-0.00104359	-0.172287	-0.356666	-0.578865	-0.842943	-1.10888	-1.33903	-1.51777	-1.61961	-1.61052	-1.4776	-1.22824	-0.879034	-0.467008	-0.0522954	0.310895	0.599657	0.812341	0.94359	0.979727	0.916287	0.77294	0.589331	0.407645	0.257011	0.148441	0.078929	0.0388164	0.0177294	0.00754193	0.00297007	0.000995049	0	
0	-0.049575	-0.0971114	-0.116682	-0.11065	-0.0556622	0.0619455	0.213228	0.36837	0.523079	0.709053	0.920439	1.13706	1.34485	1.53127	1.66028	1.70624	1.63735	1.43465	1.14082	0.777786	0.378688	2.9702e-05	-0.323386	-0.581411	-0.767651	-0.885133	-0.907047	-0.83472	-0.68659	-0.498253	-0.320379	-0.167558	-0.0639775	0.00726967	0.0473062	0.0685986	0.0837174	0.0882034	0.0940942	0.099409	0.0978531	0.105011	0.103934	0.101852	0.105613	0.0993332	0.0914466	0.0941554	0.0879579	0.0809864	0.0986953	0.12412	0.155919	0.202889	0.267397	0.3348	0.392215	0.455988	0.509504	0.529014	0.522887	0.493383	0.437874	0.339855	0.183388	-0.00290074	-0.186489	-0.366638	-0.54912	-0.744008	-0.957806	-1.17085	-1.35952	-1.51203	-1.59907	-1.57595	-1.42609	-1.16864	-0.831061	-0.44457	-0.0549278	0.291252	0.57135	0.784796	0.929138	0.989414	0.953082	0.829603	0.652768	0.465573	0.302281	0.179536	0.0980322	0.049444	0.0231328	0.0100674	0.00404891	0.00137955	0	
0	0.00941128	0.0340912	0.0798788	0.136186	0.216647	0.337383	0.486345	0.630102	0.773232	0.920439	1.05013	1.19122	1.34801	1.49171	1.59065	1.62528	1.54097	1.343	1.07568	0.749724	0.395523	0.0511798	-0.261845	-0.50997	-0.70791	-0.839259	-0.8891	-0.844082	-0.713294	-0.533514	-0.346427	-0.185865	-0.0647697	0.0128019	0.0629251	0.0866963	0.10135	0.108482	0.107144	0.111883	0.104932	0.102381	0.0998575	0.0892893	0.0869514	0.0864297	0.0825807	0.0889325	0.110774	0.124913	0.156493	0.203084	0.2533	0.313405	0.37691	0.438452	0.483215	0.520201	0.547295	0.537556	0.491944	0.416263	0.314261	0.185397	0.0154545	-0.182363	-0.379562	-0.568452	-0.740873	-0.893582	-1.04505	-1.20259	-1.3508	-1.47068	-1.53083	-1.48875	-1.33061	-1.08224	-0.774721	-0.429063	-0.0738109	0.253106	0.526878	0.743674	0.901706	0.985871	0.977786	0.877481	0.711809	0.522936	0.349282	0.213118	0.119384	0.0616945	0.0295391	0.01314	0.00539225	0.00186698	0	
0	0.0828141	0.187387	0.303912	0.405767	0.504538	0.63609	0.791182	0.930952	1.05217	1.13706	1.19122	1.26291	1.35679	1.44137	1.49255	1.49221	1.39043	1.21379	0.977278	0.69976	0.397084	0.0827287	-0.214218	-0.458291	-0.66628	-0.808068	-0.885462	-0.864659	-0.754823	-0.586306	-0.393505	-0.228199	-0.0913071	-0.00851517	0.0497891	0.0748789	0.0891001	0.0947971	0.0933013	0.0921972	0.0924861	0.0842873	0.0900077	0.0858863	0.0893314	0.0992093	0.114522	0.131786	0.168457	0.209841	0.254307	0.311641	0.365078	0.419296	0.473798	0.520892	0.542566	0.544031	0.535957	0.491099	0.401828	0.282492	0.146222	0.000943592	-0.170949	-0.373659	-0.578283	-0.761616	-0.906872	-1.01048	-1.10287	-1.20838	-1.31253	-1.38929	-1.41375	-1.35605	-1.20551	-0.985178	-0.721713	-0.424894	-0.107515	0.200482	0.470678	0.693165	0.865002	0.971829	0.991702	0.916493	0.765526	0.578604	0.397115	0.248649	0.142748	0.0755067	0.0369616	0.01679	0.00702385	0.00246923	0	
0	0.160461	0.343348	0.515582	0.657936	0.791344	0.939394	1.09474	1.22097	1.30608	1.34485	1.34801	1.35679	1.38044	1.3924	1.38745	1.34375	1.24281	1.09306	0.894254	0.667547	0.408372	0.1191	-0.163012	-0.414615	-0.628146	-0.787437	-0.88783	-0.892922	-0.807468	-0.650196	-0.459512	-0.284976	-0.1388	-0.0425774	0.0206784	0.0541266	0.0702475	0.0774443	0.0820714	0.0797608	0.0884477	0.0887959	0.100159	0.115354	0.132256	0.15787	0.190034	0.224428	0.266427	0.31472	0.364244	0.421913	0.470863	0.509164	0.539289	0.561862	0.558223	0.516833	0.458663	0.376643	0.258398	0.112897	-0.0457507	-0.203498	-0.374803	-0.572148	-0.765183	-0.922204	-1.03045	-1.0911	-1.13398	-1.18696	-1.23826	-1.2646	-1.25474	-1.19355	-1.06888	-0.891914	-0.679677	-0.4328	-0.15238	0.138272	0.407052	0.636798	0.822069	0.949724	0.996248	0.946877	0.813276	0.631587	0.444881	0.285522	0.167802	0.0907553	0.0453744	0.0210273	0.00895871	0.00319509	0	
0	0.220538	0.456184	0.680037	0.880256	1.05391	1.21157	1.35324	1.45439	1.51924	1.53127	1.49171	1.44137	1.3924	1.34282	1.28743	1.22326	1.14126	1.02485	0.870479	0.685419	0.459342	0.189609	-0.0873665	-0.351637	-0.57351	-0.755951	-0.875453	-0.910305	-0.849145	-0.705058	-0.521405	-0.33457	-0.182238	-0.0669714	0.00407428	0.0501361	0.0749175	0.0900923	0.103175	0.112552	0.126181	0.141636	0.16036	0.184748	0.214046	0.249439	0.290476	0.334218	0.38335	0.431323	0.467954	0.512271	0.548947	0.56546	0.563118	0.543754	0.50048	0.421579	0.325462	0.214722	0.0780702	-0.0808907	-0.254458	-0.423243	-0.586095	-0.756992	-0.916142	-1.03646	-1.11083	-1.13782	-1.13506	-1.12982	-1.12236	-1.1017	-1.07007	-1.02167	-0.937543	-0.812143	-0.651458	-0.450661	-0.203793	0.0712479	0.339727	0.57736	0.775302	0.921665	0.992887	0.969151	0.85472	0.681081	0.491733	0.32309	0.19416	0.107255	0.0547106	0.025839	0.0112008	0.00404923	0	
0	0.26107	0.535682	0.798553	1.03679	1.23744	1.39769	1.52453	1.62057	1.67527	1.66028	1.59065	1.49255	1.38745	1.28743	1.20564	1.1446	1.08752	1.0138	0.899293	0.749874	0.549882	0.29895	0.0208887	-0.248945	-0.487034	-0.684058	-0.826073	-0.886042	-0.849308	-0.722701	-0.543112	-0.353179	-0.187059	-0.061229	0.025101	0.0803565	0.115255	0.140066	0.160899	0.179954	0.205102	0.228172	0.258958	0.293165	0.325744	0.365897	0.407567	0.445666	0.485077	0.530989	0.555322	0.568001	0.57242	0.554949	0.513994	0.456728	0.382449	0.274271	0.149902	0.0208267	-0.128417	-0.297113	-0.475381	-0.63956	-0.776836	-0.904681	-1.02122	-1.10676	-1.15205	-1.14655	-1.09536	-1.02959	-0.968717	-0.916304	-0.881231	-0.859539	-0.823054	-0.74979	-0.635983	-0.474881	-0.257317	0.00343237	0.271668	0.516969	0.726548	0.889445	0.983076	0.984053	0.889802	0.726497	0.536916	0.360709	0.221388	0.124768	0.0648635	0.0311876	0.0137414	0.00503119	0	
0	0.295748	0.589395	0.862337	1.11236	1.31827	1.46896	1.58588	1.67825	1.72535	1.70624	1.62528	1.49221	1.34375	1.22326	1.1446	1.09817	1.08191	1.05116	0.975983	0.858656	0.684652	0.447083	0.17547	-0.105187	-0.352975	-0.567684	-0.727461	-0.812241	-0.799117	-0.690135	-0.518761	-0.323847	-0.150311	-0.00804895	0.0872851	0.156535	0.199132	0.230952	0.260395	0.283321	0.312741	0.344093	0.37237	0.412602	0.447467	0.481647	0.518093	0.547874	0.560707	0.574647	0.573897	0.557016	0.527315	0.475925	0.403197	0.312823	0.213804	0.0896398	-0.0555013	-0.202027	-0.356908	-0.520695	-0.684017	-0.824312	-0.924999	-1.00777	-1.08462	-1.13753	-1.15017	-1.1063	-1.00668	-0.889799	-0.793221	-0.730125	-0.70814	-0.720162	-0.730372	-0.704048	-0.629963	-0.501705	-0.309407	-0.0621774	0.205077	0.457202	0.677227	0.854578	0.968213	0.992472	0.918713	0.767459	0.579798	0.397761	0.249029	0.143015	0.0756902	0.037011	0.0165583	0.0061348	0	
0	0.304711	0.59613	0.858219	1.09686	1.2941	1.43315	1.53737	1.62428	1.66601	1.63735	1.54097	1.39043	1.24281	1.14126	1.08752	1.08191	1.11201	1.12283	1.08627	0.999529	0.844426	0.626111	0.356978	0.0722999	-0.185914	-0.414426	-0.590389	-0.695943	-0.706637	-0.613482	-0.453695	-0.25496	-0.0750991	0.0793376	0.18712	0.264113	0.316756	0.35347	0.3853	0.414812	0.439181	0.471128	0.493994	0.520635	0.543101	0.561457	0.572106	0.581279	0.574285	0.558698	0.525699	0.472992	0.414562	0.338132	0.240647	0.127892	0.00875589	-0.130467	-0.288262	-0.439448	-0.583707	-0.722681	-0.852934	-0.960716	-1.0276	-1.07102	-1.10846	-1.12276	-1.09471	-1.01079	-0.873965	-0.727295	-0.618326	-0.563213	-0.563766	-0.608828	-0.658936	-0.671421	-0.629561	-0.528072	-0.357663	-0.123592	0.141503	0.399227	0.628442	0.818339	0.949608	0.995387	0.941842	0.803796	0.61988	0.433683	0.276621	0.161689	0.0870163	0.0432241	0.0196154	0.00734777	0	
0	0.278748	0.533895	0.767017	0.992269	1.17938	1.30452	1.39315	1.45951	1.47687	1.43465	1.343	1.21379	1.09306	1.02485	1.0138	1.05116	1.12283	1.17508	1.17943	1.12136	0.994543	0.798496	0.539878	0.259598	-0.0050409	-0.241093	-0.428706	-0.552892	-0.581585	-0.508859	-0.356809	-0.162944	0.0241367	0.183916	0.299585	0.381614	0.433909	0.472129	0.497275	0.522	0.538164	0.558114	0.568963	0.580653	0.583726	0.579481	0.567842	0.545539	0.508726	0.466662	0.412922	0.336672	0.250115	0.152065	0.0360891	-0.0986068	-0.232514	-0.37096	-0.521838	-0.659271	-0.777299	-0.881564	-0.974687	-1.05048	-1.0874	-1.09222	-1.08394	-1.05192	-0.982187	-0.868817	-0.716596	-0.565602	-0.464353	-0.428022	-0.452499	-0.52445	-0.60501	-0.647704	-0.631511	-0.551953	-0.400751	-0.179661	0.081983	0.343918	0.581067	0.781793	0.928455	0.993808	0.959725	0.835514	0.656799	0.46798	0.303714	0.180465	0.0986435	0.0497212	0.0228636	0.00865179	0	
0	0.222411	0.427742	0.620479	0.81061	0.972678	1.07729	1.13792	1.1772	1.17802	1.14082	1.07568	0.977278	0.894254	0.870479	0.899293	0.975983	1.08627	1.17943	1.2207	1.19634	1.09927	0.92803	0.687156	0.414553	0.149116	-0.0901075	-0.286765	-0.423992	-0.470266	-0.414969	-0.273908	-0.08537	0.104123	0.26667	0.38687	0.46795	0.519293	0.549218	0.567094	0.578104	0.580515	0.583114	0.575897	0.565574	0.550092	0.523809	0.488847	0.449509	0.38857	0.318729	0.241454	0.142757	0.0363417	-0.0808751	-0.207664	-0.343586	-0.475454	-0.600288	-0.727604	-0.837472	-0.92319	-0.993294	-1.05224	-1.09566	-1.09847	-1.05902	-1.00066	-0.924815	-0.825869	-0.703633	-0.56002	-0.425243	-0.343216	-0.327872	-0.371888	-0.462329	-0.563954	-0.629298	-0.633587	-0.572311	-0.438169	-0.229852	0.0271709	0.291936	0.535804	0.745834	0.905821	0.988727	0.972993	0.862765	0.690325	0.500238	0.32989	0.199015	0.110356	0.0563801	0.0262422	0.010023	0	
0	0.166469	0.30895	0.441698	0.58163	0.697168	0.756378	0.781013	0.795004	0.790986	0.777786	0.749724	0.69976	0.667547	0.685419	0.749874	0.858656	0.999529	1.12136	1.19634	1.20069	1.13034	0.985248	0.762809	0.500601	0.238579	-0.00257383	-0.203972	-0.351941	-0.41348	-0.373826	-0.245589	-0.0626876	0.125191	0.289624	0.410242	0.490512	0.536474	0.560641	0.566412	0.568294	0.554329	0.543022	0.518165	0.488383	0.45147	0.404779	0.345605	0.281741	0.204788	0.111805	0.0166301	-0.0959222	-0.214009	-0.331855	-0.454081	-0.580338	-0.693079	-0.788472	-0.88491	-0.967672	-1.02436	-1.0609	-1.08163	-1.08518	-1.04766	-0.963719	-0.862861	-0.759007	-0.652274	-0.542742	-0.425273	-0.317438	-0.25718	-0.259091	-0.315856	-0.416792	-0.531701	-0.613726	-0.634594	-0.588855	-0.469966	-0.274052	-0.0225541	0.24378	0.493226	0.711205	0.882642	0.981087	0.982326	0.885814	0.720345	0.530124	0.354766	0.217017	0.121931	0.0630663	0.0296812	0.0114325	0	
0	0.104805	0.184221	0.253991	0.323059	0.370596	0.380692	0.368837	0.364149	0.366793	0.378688	0.395523	0.397084	0.408372	0.459342	0.549882	0.684652	0.844426	0.994543	1.09927	1.13034	1.08833	0.969194	0.765207	0.518456	0.258674	0.0203006	-0.18524	-0.341552	-0.414883	-0.391864	-0.273272	-0.100439	0.0880342	0.249098	0.371609	0.447042	0.48761	0.502842	0.496628	0.484065	0.457427	0.425574	0.387881	0.337834	0.28334	0.217655	0.141232	0.0571762	-0.0364381	-0.137663	-0.23894	-0.351124	-0.464411	-0.572107	-0.672809	-0.772933	-0.863532	-0.93299	-0.998349	-1.05067	-1.07468	-1.07328	-1.05005	-1.00858	-0.932282	-0.816132	-0.69283	-0.583616	-0.489539	-0.406994	-0.322942	-0.243425	-0.201544	-0.214601	-0.277605	-0.382848	-0.505344	-0.599618	-0.634125	-0.601774	-0.49651	-0.312412	-0.0670108	0.199823	0.4538	0.678527	0.859728	0.971757	0.988418	0.905005	0.746844	0.557386	0.378006	0.234166	0.133143	0.0696381	0.0331036	0.012848	0	
0	0.0339392	0.0416483	0.0387754	0.0398594	0.0329568	0.00281435	-0.0333922	-0.0485831	-0.0406086	2.9702e-05	0.0511798	0.0827287	0.1191	0.189609	0.29895	0.447083	0.626111	0.798496	0.92803	0.985248	0.969194	0.871382	0.689795	0.453557	0.200713	-0.0363545	-0.24448	-0.406646	-0.491668	-0.481812	-0.374833	-0.209527	-0.0246675	0.136161	0.256139	0.329726	0.363795	0.369856	0.354373	0.326635	0.28625	0.239536	0.182808	0.118919	0.0495087	-0.0279269	-0.11333	-0.198835	-0.293043	-0.397376	-0.490155	-0.586955	-0.682328	-0.769153	-0.848726	-0.924226	-0.988325	-1.02792	-1.05955	-1.07734	-1.06237	-1.01702	-0.949349	-0.870268	-0.770415	-0.6437	-0.521185	-0.425954	-0.356799	-0.305577	-0.253362	-0.197723	-0.16856	-0.186978	-0.251352	-0.356833	-0.483116	-0.586419	-0.632269	-0.611508	-0.518326	-0.345231	-0.106158	0.160333	0.417908	0.648311	0.837768	0.961519	0.991942	0.920727	0.769883	0.581842	0.399323	0.250178	0.143772	0.0759516	0.0364286	0.0142343	0	
0	-0.0488465	-0.119041	-0.187373	-0.242017	-0.290442	-0.339333	-0.381689	-0.395163	-0.37474	-0.323386	-0.261845	-0.214218	-0.163012	-0.0873665	0.0208887	0.17547	0.356978	0.539878	0.687156	0.762809	0.765207	0.689795	0.523279	0.301442	0.0537442	-0.180508	-0.38945	-0.556354	-0.650917	-0.65211	-0.556862	-0.398473	-0.217807	-0.0595889	0.05984	0.128417	0.158241	0.157481	0.131846	0.0980659	0.0479238	-0.00745961	-0.0666808	-0.138954	-0.211476	-0.288934	-0.374381	-0.459366	-0.53881	-0.625123	-0.704112	-0.783413	-0.859764	-0.92427	-0.9774	-1.02407	-1.05903	-1.06508	-1.05595	-1.03143	-0.975675	-0.892857	-0.794037	-0.695526	-0.593384	-0.477741	-0.37349	-0.302308	-0.260615	-0.237313	-0.210507	-0.172319	-0.150551	-0.170142	-0.232916	-0.33637	-0.464089	-0.574076	-0.629368	-0.618592	-0.535983	-0.372885	-0.140051	0.125495	0.385855	0.620978	0.817339	0.95106	0.99353	0.933389	0.789582	0.603376	0.418477	0.264801	0.153612	0.0818658	0.0395744	0.0155553	0	
0	-0.124942	-0.262075	-0.385155	-0.481458	-0.55326	-0.609217	-0.650021	-0.661658	-0.640576	-0.581411	-0.50997	-0.458291	-0.414615	-0.351637	-0.248945	-0.105187	0.0722999	0.259598	0.414553	0.500601	0.518456	0.453557	0.301442	0.0871163	-0.157735	-0.390563	-0.602541	-0.77414	-0.876281	-0.889671	-0.801297	-0.651943	-0.471682	-0.314739	-0.195016	-0.124959	-0.097868	-0.100388	-0.12715	-0.167786	-0.216317	-0.275046	-0.33506	-0.400701	-0.467649	-0.53665	-0.606584	-0.676828	-0.747122	-0.82075	-0.879708	-0.934726	-0.987123	-1.02649	-1.04961	-1.06163	-1.06016	-1.02597	-0.974439	-0.912972	-0.82751	-0.723426	-0.614365	-0.518236	-0.432168	-0.340933	-0.262305	-0.216088	-0.197715	-0.195288	-0.186351	-0.159706	-0.141494	-0.159836	-0.219599	-0.320041	-0.447851	-0.562778	-0.625859	-0.623566	-0.550035	-0.39577	-0.168807	0.0954268	0.357882	0.596868	0.798922	0.940973	0.993757	0.943394	0.806093	0.621921	0.435276	0.277809	0.162472	0.0872466	0.0424616	0.0167753	0	
0	-0.170818	-0.347736	-0.503445	-0.626981	-0.715983	-0.778201	-0.823671	-0.839837	-0.820251	-0.767651	-0.70791	-0.66628	-0.628146	-0.57351	-0.487034	-0.352975	-0.185914	-0.0050409	0.149116	0.238579	0.258674	0.200713	0.0537442	-0.157735	-0.401657	-0.637281	-0.852193	-1.02829	-1.13928	-1.1591	-1.08118	-0.933533	-0.756629	-0.596524	-0.473474	-0.401316	-0.368634	-0.369375	-0.392328	-0.426428	-0.472005	-0.522551	-0.573657	-0.633938	-0.691168	-0.748556	-0.810054	-0.865372	-0.910922	-0.961913	-1.00056	-1.03139	-1.05387	-1.05954	-1.0473	-1.01919	-0.978352	-0.910384	-0.828433	-0.744088	-0.647531	-0.543793	-0.444469	-0.366011	-0.305235	-0.241977	-0.187874	-0.161868	-0.160052	-0.171251	-0.173754	-0.154269	-0.137333	-0.153392	-0.209787	-0.307044	-0.434255	-0.552796	-0.622177	-0.626926	-0.560986	-0.41427	-0.192576	0.0701924	0.334177	0.576258	0.782905	0.931754	0.993129	0.95112	0.819586	0.637448	0.449568	0.289014	0.170183	0.0919715	0.0450158	0.0178603	0	
0	-0.17707	-0.360781	-0.522325	-0.65301	-0.752527	-0.826189	-0.883673	-0.917975	-0.920161	-0.885133	-0.839259	-0.808068	-0.787437	-0.755951	-0.684058	-0.567684	-0.414426	-0.241093	-0.0901075	-0.00257383	0.0203006	-0.0363545	-0.180508	-0.390563	-0.637281	-0.875179	-1.09462	-1.27602	-1.39248	-1.42143	-1.34708	-1.20522	-1.02577	-0.863979	-0.736418	-0.657602	-0.622116	-0.615606	-0.633814	-0.663714	-0.699754	-0.744422	-0.785933	-0.831349	-0.875118	-0.916579	-0.955307	-0.993058	-1.02022	-1.04597	-1.05428	-1.04936	-1.03767	-1.00774	-0.958185	-0.898366	-0.831814	-0.742172	-0.646327	-0.560466	-0.472805	-0.385123	-0.306821	-0.252106	-0.217007	-0.178114	-0.142992	-0.130773	-0.139127	-0.158249	-0.167595	-0.152409	-0.135636	-0.149267	-0.202554	-0.296922	-0.42327	-0.544394	-0.618708	-0.629095	-0.569271	-0.428736	-0.211519	0.0498195	0.31488	0.55936	0.769601	0.923812	0.992075	0.956904	0.83023	0.649955	0.461236	0.298257	0.176599	0.0959321	0.0471701	0.0187795	0	
0	-0.152668	-0.310753	-0.454692	-0.580881	-0.680937	-0.759522	-0.832832	-0.888763	-0.91441	-0.907047	-0.8891	-0.885462	-0.88783	-0.875453	-0.826073	-0.727461	-0.590389	-0.428706	-0.286765	-0.203972	-0.18524	-0.24448	-0.38945	-0.602541	-0.852193	-1.09462	-1.31846	-1.50392	-1.62663	-1.65973	-1.5912	-1.44943	-1.27001	-1.10374	-0.970246	-0.886532	-0.841536	-0.829936	-0.837967	-0.85869	-0.884764	-0.916738	-0.944169	-0.976497	-1.00258	-1.02362	-1.04198	-1.0506	-1.04592	-1.03936	-1.0162	-0.980407	-0.93575	-0.877878	-0.806223	-0.725374	-0.646692	-0.557872	-0.469364	-0.39627	-0.32787	-0.263517	-0.209096	-0.176562	-0.162067	-0.140879	-0.118348	-0.114344	-0.12821	-0.151486	-0.164722	-0.152087	-0.135071	-0.146612	-0.197378	-0.289408	-0.414898	-0.537792	-0.615765	-0.63042	-0.575245	-0.439466	-0.225789	0.0343117	0.300092	0.546341	0.75925	0.917467	0.990943	0.961031	0.838179	0.659457	0.470197	0.305414	0.181601	0.099038	0.0488676	0.0195062	0	
0	-0.110446	-0.233023	-0.346225	-0.44768	-0.536635	-0.615822	-0.696021	-0.769179	-0.818107	-0.83472	-0.844082	-0.864659	-0.892922	-0.910305	-0.886042	-0.812241	-0.695943	-0.552892	-0.423992	-0.351941	-0.341552	-0.406646	-0.556354	-0.77414	-1.02829	-1.27602	-1.50392	-1.69397	-1.82059	-1.85805	-1.79178	-1.65087	-1.4692	-1.29819	-1.15952	-1.06663	-1.01529	-0.991889	-0.990501	-0.998071	-1.00969	-1.02483	-1.03406	-1.04308	-1.0456	-1.04135	-1.03074	-1.01399	-0.980346	-0.94623	-0.897034	-0.835327	-0.772219	-0.699292	-0.61857	-0.540216	-0.470061	-0.392478	-0.320177	-0.268683	-0.223868	-0.181905	-0.147203	-0.131259	-0.130959	-0.121119	-0.105982	-0.106306	-0.122826	-0.148084	-0.163427	-0.152268	-0.134958	-0.144976	-0.19396	-0.284339	-0.409148	-0.533156	-0.61359	-0.631164	-0.579182	-0.446695	-0.235515	0.0236606	0.289886	0.53732	0.752028	0.912959	0.990001	0.963727	0.84356	0.665972	0.476391	0.310391	0.185097	0.101218	0.0500634	0.0200195	0	
0	-0.0706664	-0.151336	-0.229369	-0.307291	-0.376808	-0.441141	-0.517404	-0.593528	-0.652602	-0.68659	-0.713294	-0.754823	-0.807468	-0.849145	-0.849308	-0.799117	-0.706637	-0.581585	-0.470266	-0.41348	-0.414883	-0.491668	-0.650917	-0.876281	-1.13928	-1.39248	-1.62663	-1.82059	-1.95049	-1.99062	-1.92428	-1.78282	-1.5962	-1.42059	-1.27244	-1.17184	-1.10771	-1.07351	-1.05658	-1.04969	-1.04241	-1.03997	-1.0269	-1.01478	-0.994266	-0.965376	-0.930754	-0.88991	-0.838024	-0.784621	-0.720662	-0.651194	-0.583813	-0.515104	-0.443476	-0.374839	-0.320284	-0.264342	-0.213991	-0.182732	-0.156767	-0.131959	-0.111736	-0.106899	-0.115023	-0.111417	-0.100193	-0.102694	-0.120413	-0.146516	-0.162872	-0.152473	-0.13497	-0.144126	-0.192132	-0.281612	-0.406024	-0.530594	-0.612344	-0.631508	-0.581272	-0.450591	-0.240793	0.0178543	0.284306	0.532376	0.748053	0.910451	0.989431	0.965149	0.846467	0.66952	0.479781	0.313125	0.187023	0.102423	0.0507255	0.0203041	0	
0	-0.0363705	-0.0874414	-0.136492	-0.184594	-0.23113	-0.279334	-0.342171	-0.411018	-0.465526	-0.498253	-0.533514	-0.586306	-0.650196	-0.705058	-0.722701	-0.690135	-0.613482	-0.508859	-0.414969	-0.373826	-0.391864	-0.481812	-0.65211	-0.889671	-1.1591	-1.42143	-1.65973	-1.85805	-1.99062	-2.03044	-1.96474	-1.81855	-1.62955	-1.44527	-1.29094	-1.17865	-1.10397	-1.05551	-1.02443	-0.999888	-0.977327	-0.954251	-0.924884	-0.894522	-0.856314	-0.813113	-0.766614	-0.714775	-0.650861	-0.59544	-0.534271	-0.469298	-0.411466	-0.35391	-0.297859	-0.249875	-0.215337	-0.177485	-0.144465	-0.12958	-0.118237	-0.105152	-0.0933859	-0.0946929	-0.107465	-0.107052	-0.0977195	-0.101296	-0.119602	-0.146036	-0.162689	-0.152498	-0.134964	-0.143953	-0.191812	-0.281177	-0.405524	-0.530163	-0.612116	-0.63155	-0.581618	-0.451246	-0.241677	0.0168845	0.283376	0.531551	0.747389	0.910031	0.989333	0.965384	0.846951	0.670112	0.480346	0.313582	0.187345	0.102624	0.0508362	0.0203517	0	
0	-0.0150707	-0.0425147	-0.0692754	-0.0978972	-0.123838	-0.151742	-0.196899	-0.249617	-0.294227	-0.320379	-0.346427	-0.393505	-0.459512	-0.521405	-0.543112	-0.518761	-0.453695	-0.356809	-0.273908	-0.245589	-0.273272	-0.374833	-0.556862	-0.801297	-1.08118	-1.34708	-1.5912	-1.79178	-1.92428	-1.96474	-1.894	-1.74717	-1.55049	-1.36372	-1.20058	-1.08217	-0.99846	-0.940517	-0.899294	-0.865664	-0.830076	-0.799982	-0.758772	-0.71924	-0.674798	-0.625173	-0.573498	-0.524191	-0.470685	-0.421387	-0.368206	-0.316255	-0.274158	-0.235413	-0.196664	-0.164841	-0.146873	-0.124169	-0.104877	-0.101383	-0.0980818	-0.0910552	-0.0844311	-0.0896227	-0.104529	-0.1051	-0.0966342	-0.10103	-0.1198	-0.146313	-0.162707	-0.152257	-0.134891	-0.144429	-0.192987	-0.283024	-0.407648	-0.531871	-0.612921	-0.631308	-0.580238	-0.448673	-0.238177	0.02075	0.287098	0.534852	0.750045	0.911712	0.989725	0.964448	0.845021	0.667749	0.478085	0.311756	0.186057	0.101818	0.0503926	0.0201608	0	
0	-0.000625188	-0.0159085	-0.0294584	-0.0415079	-0.0515744	-0.0648174	-0.0949362	-0.131872	-0.157415	-0.167558	-0.185865	-0.228199	-0.284976	-0.33457	-0.353179	-0.323847	-0.25496	-0.162944	-0.08537	-0.0626876	-0.100439	-0.209527	-0.398473	-0.651943	-0.933533	-1.20522	-1.44943	-1.65087	-1.78282	-1.81855	-1.74717	-1.59359	-1.39734	-1.20476	-1.04055	-0.917724	-0.829185	-0.76709	-0.720502	-0.680233	-0.643648	-0.606968	-0.566517	-0.52955	-0.487142	-0.444636	-0.404913	-0.36269	-0.313834	-0.278711	-0.242533	-0.207473	-0.180692	-0.155617	-0.132379	-0.114671	-0.107608	-0.0951004	-0.0843726	-0.086574	-0.0880929	-0.0851103	-0.08088	-0.0877363	-0.103552	-0.104255	-0.0962369	-0.101409	-0.120701	-0.147192	-0.162843	-0.151714	-0.13476	-0.145592	-0.195697	-0.287181	-0.412389	-0.535679	-0.6147	-0.630717	-0.577064	-0.442813	-0.230254	0.029457	0.295459	0.542252	0.755981	0.915437	0.990539	0.962281	0.840642	0.662425	0.47301	0.307669	0.183182	0.100022	0.0494065	0.0197373	0	
0	0.0063092	-0.00190962	-0.00751602	-0.00924769	-0.00836856	-0.0117738	-0.0291106	-0.0519583	-0.0672944	-0.0639775	-0.0647697	-0.0913071	-0.1388	-0.182238	-0.187059	-0.150311	-0.0750991	0.0241367	0.104123	0.125191	0.0880342	-0.0246675	-0.217807	-0.471682	-0.756629	-1.02577	-1.27001	-1.4692	-1.5962	-1.62955	-1.55049	-1.39734	-1.1964	-1.00684	-0.842444	-0.721153	-0.635752	-0.574141	-0.530811	-0.495207	-0.459976	-0.431457	-0.396014	-0.363979	-0.330561	-0.296399	-0.262638	-0.234518	-0.205992	-0.184835	-0.159604	-0.135795	-0.122112	-0.109652	-0.0947289	-0.0867055	-0.0885906	-0.0800828	-0.0737312	-0.0808658	-0.0844771	-0.082033	-0.0791674	-0.0878832	-0.103887	-0.103716	-0.0960064	-0.102262	-0.122251	-0.148599	-0.163015	-0.150844	-0.134626	-0.147536	-0.200042	-0.293713	-0.419737	-0.541492	-0.617322	-0.629632	-0.57194	-0.433526	-0.217829	0.0430169	0.308422	0.553685	0.7651	0.921073	0.991626	0.958753	0.833737	0.654122	0.46515	0.301373	0.178771	0.097278	0.0479042	0.0190933	0	
0	0.0111174	0.00613846	0.00327639	0.00668787	0.0145836	0.0177206	0.00656551	-0.00506163	-0.00563947	0.00726967	0.0128019	-0.00851517	-0.0425774	-0.0669714	-0.061229	-0.00804895	0.0793376	0.183916	0.26667	0.289624	0.249098	0.136161	-0.0595889	-0.314739	-0.596524	-0.863979	-1.10374	-1.29819	-1.42059	-1.44527	-1.36372	-1.20476	-1.00684	-0.818518	-0.658589	-0.54335	-0.46067	-0.405421	-0.366884	-0.334249	-0.308394	-0.284039	-0.257026	-0.237169	-0.213668	-0.191335	-0.174681	-0.156401	-0.132938	-0.121408	-0.106961	-0.0957645	-0.0904884	-0.0839359	-0.077498	-0.0742577	-0.0772429	-0.072834	-0.0709715	-0.0785257	-0.0821778	-0.081091	-0.0792963	-0.0888206	-0.104418	-0.103236	-0.0960176	-0.103578	-0.124385	-0.150457	-0.163137	-0.149637	-0.134587	-0.15041	-0.20617	-0.302715	-0.429663	-0.549162	-0.620575	-0.627823	-0.564629	-0.420605	-0.200783	0.0614406	0.325927	0.56905	0.777249	0.928413	0.992752	0.953667	0.824191	0.64282	0.454556	0.29295	0.172907	0.0936483	0.0459257	0.0182479	0	
0	0.0125062	0.00791388	0.00730318	0.0168955	0.0283549	0.0317041	0.0254337	0.0198388	0.0241514	0.0473062	0.0629251	0.0497891	0.0206784	0.00407428	0.025101	0.0872851	0.18712	0.299585	0.38687	0.410242	0.371609	0.256139	0.05984	-0.195016	-0.473474	-0.736418	-0.970246	-1.15952	-1.27244	-1.29094	-1.20058	-1.04055	-0.842444	-0.658589	-0.50605	-0.395707	-0.322674	-0.273108	-0.242215	-0.218949	-0.199706	-0.184685	-0.167764	-0.154415	-0.13895	-0.125623	-0.112932	-0.102327	-0.0919093	-0.0902462	-0.082256	-0.0747631	-0.0741888	-0.0722291	-0.066341	-0.0674737	-0.0755163	-0.0702684	-0.0683686	-0.0782858	-0.0826041	-0.0805865	-0.0792202	-0.0904268	-0.105477	-0.102686	-0.0961032	-0.10537	-0.127144	-0.152698	-0.163094	-0.148093	-0.134795	-0.154426	-0.214276	-0.314299	-0.442114	-0.558471	-0.624171	-0.624976	-0.554804	-0.403773	-0.178972	0.0847311	0.347885	0.588199	0.792214	0.937167	0.993602	0.94676	0.81186	0.628503	0.441302	0.282512	0.165697	0.0892161	0.0435234	0.0172255	0	
0	0.0151038	0.0110033	0.00856161	0.0189268	0.0342723	0.0390249	0.0333288	0.0350976	0.0454468	0.0685986	0.0866963	0.0748789	0.0541266	0.0501361	0.0803565	0.156535	0.264113	0.381614	0.46795	0.490512	0.447042	0.329726	0.128417	-0.124959	-0.401316	-0.657602	-0.886532	-1.06663	-1.17184	-1.17865	-1.08217	-0.917724	-0.721153	-0.54335	-0.395707	-0.295265	-0.227206	-0.184907	-0.161117	-0.141566	-0.130014	-0.120444	-0.108456	-0.102565	-0.0946477	-0.0868615	-0.0835916	-0.0790526	-0.0720469	-0.0725703	-0.0654504	-0.0639347	-0.0669072	-0.0660466	-0.0647694	-0.0674986	-0.071997	-0.0677068	-0.070099	-0.0794408	-0.0817705	-0.080197	-0.0803813	-0.0926328	-0.106273	-0.101911	-0.0965132	-0.107766	-0.130493	-0.155196	-0.162756	-0.146249	-0.135465	-0.159851	-0.224598	-0.328583	-0.456986	-0.569124	-0.627732	-0.62069	-0.542059	-0.382698	-0.152235	0.112872	0.374171	0.610939	0.809715	0.946964	0.993777	0.937714	0.79658	0.611165	0.425489	0.270203	0.157276	0.0840828	0.0407603	0.0160553	0	
0	0.0144394	0.00983447	0.0089909	0.0239311	0.0393208	0.0403259	0.0352601	0.0402304	0.0556129	0.0837174	0.10135	0.0891001	0.0702475	0.0749175	0.115255	0.199132	0.316756	0.433909	0.519293	0.536474	0.48761	0.363795	0.158241	-0.097868	-0.368634	-0.622116	-0.841536	-1.01529	-1.10771	-1.10397	-0.99846	-0.829185	-0.635752	-0.46067	-0.322674	-0.227206	-0.166926	-0.130396	-0.111164	-0.0966528	-0.0909094	-0.0836646	-0.0781982	-0.0768086	-0.0708375	-0.0678859	-0.0673908	-0.064111	-0.0599438	-0.063744	-0.0611554	-0.0618435	-0.0648129	-0.0643928	-0.0615529	-0.0658327	-0.0732706	-0.0684074	-0.0700671	-0.0798686	-0.0825413	-0.0804526	-0.081274	-0.0949854	-0.107182	-0.101107	-0.097247	-0.110784	-0.134436	-0.157816	-0.161979	-0.144185	-0.136885	-0.167012	-0.237408	-0.345671	-0.474113	-0.580733	-0.630793	-0.614476	-0.525908	-0.357003	-0.120413	0.145814	0.404619	0.63702	0.829392	0.957343	0.992802	0.926166	0.778178	0.590822	0.407255	0.2562	0.147806	0.0783655	0.0377081	0.0147702	0	
0	0.0160483	0.0116117	0.00820925	0.0235118	0.0418083	0.0420871	0.0364958	0.046072	0.0619435	0.0882034	0.108482	0.0947971	0.0774443	0.0900923	0.140066	0.230952	0.35347	0.472129	0.549218	0.560641	0.502842	0.369856	0.157481	-0.100388	-0.369375	-0.615606	-0.829936	-0.991889	-1.07351	-1.05551	-0.940517	-0.76709	-0.574141	-0.405421	-0.273108	-0.184907	-0.130396	-0.0980071	-0.0832116	-0.072417	-0.0690638	-0.0655019	-0.0637102	-0.0623447	-0.0603862	-0.0596413	-0.0597548	-0.0564519	-0.0576974	-0.0633051	-0.0577988	-0.0592788	-0.062796	-0.0628591	-0.0629591	-0.0685704	-0.0722024	-0.06684	-0.0723843	-0.0819038	-0.082182	-0.0800744	-0.0831478	-0.0980404	-0.107681	-0.100065	-0.0985445	-0.114592	-0.138912	-0.160341	-0.160626	-0.142068	-0.139428	-0.176289	-0.252992	-0.365631	-0.493232	-0.592804	-0.632795	-0.605759	-0.505792	-0.326285	-0.0833705	0.183466	0.43901	0.666129	0.850805	0.96775	0.99013	0.91172	0.756493	0.567523	0.386776	0.240714	0.137467	0.0721944	0.0344446	0.0134055	0	
0	0.0148967	0.0107412	0.00869871	0.0270622	0.0442405	0.0401236	0.0345995	0.0497409	0.0711681	0.0940942	0.107144	0.0933013	0.0820714	0.103175	0.160899	0.260395	0.3853	0.497275	0.567094	0.566412	0.496628	0.354373	0.131846	-0.12715	-0.392328	-0.633814	-0.837967	-0.990501	-1.05658	-1.02443	-0.899294	-0.720502	-0.530811	-0.366884	-0.242215	-0.161117	-0.111164	-0.0832116	-0.0717864	-0.0606513	-0.0611088	-0.0566458	-0.0546061	-0.0561332	-0.0542969	-0.0536271	-0.0567645	-0.0576517	-0.0577768	-0.0591048	-0.0555848	-0.0607144	-0.0644997	-0.0633109	-0.0624104	-0.0690703	-0.0726391	-0.0677207	-0.0741687	-0.0825061	-0.0822643	-0.0807609	-0.0854394	-0.100892	-0.107768	-0.0991946	-0.100608	-0.119176	-0.143798	-0.162537	-0.158601	-0.140166	-0.143558	-0.188109	-0.271636	-0.388456	-0.51396	-0.60473	-0.633085	-0.593877	-0.481093	-0.290137	-0.0410181	0.225672	0.477065	0.697878	0.873416	0.977536	0.98515	0.893968	0.73139	0.541365	0.364272	0.223986	0.126461	0.065708	0.031051	0.0119973	0	
0	0.0135945	0.0117747	0.00976424	0.0275824	0.0453199	0.0406117	0.0345939	0.0515975	0.0754198	0.099409	0.111883	0.0921972	0.0797608	0.112552	0.179954	0.283321	0.414812	0.522	0.578104	0.568294	0.484065	0.326635	0.0980659	-0.167786	-0.426428	-0.663714	-0.85869	-0.998071	-1.04969	-0.999888	-0.865664	-0.680233	-0.495207	-0.334249	-0.218949	-0.141566	-0.0966528	-0.072417	-0.0606513	-0.0536147	-0.05507	-0.050201	-0.0548172	-0.0547969	-0.0538489	-0.056346	-0.0588023	-0.0520905	-0.054758	-0.0601992	-0.0577445	-0.0627229	-0.0630857	-0.0625778	-0.064731	-0.0708737	-0.0715825	-0.0680847	-0.0769469	-0.0838435	-0.0821199	-0.0811728	-0.0882983	-0.104046	-0.10743	-0.0984718	-0.103577	-0.124613	-0.148941	-0.16411	-0.155877	-0.138888	-0.149829	-0.202923	-0.293596	-0.414033	-0.535764	-0.615775	-0.630912	-0.578082	-0.451149	-0.248177	0.00666314	0.272205	0.518438	0.731796	0.896582	0.985957	0.977201	0.87251	0.702782	0.512501	0.340011	0.206288	0.115004	0.0590498	0.0276089	0.0105812	0	
0	0.0121101	0.0113849	0.0108728	0.0304742	0.0460205	0.0383311	0.0356363	0.0581344	0.0821309	0.0978531	0.104932	0.0924861	0.0884477	0.126181	0.205102	0.312741	0.439181	0.538164	0.580515	0.554329	0.457427	0.28625	0.0479238	-0.216317	-0.472005	-0.699754	-0.884764	-1.00969	-1.04241	-0.977327	-0.830076	-0.643648	-0.459976	-0.308394	-0.199706	-0.130014	-0.0909094	-0.0690638	-0.0611088	-0.05507	-0.0553421	-0.0531077	-0.0539097	-0.0521334	-0.052391	-0.053085	-0.0526752	-0.0543222	-0.0621138	-0.0607411	-0.0569414	-0.0618817	-0.0639301	-0.0639285	-0.0646173	-0.0726103	-0.0725732	-0.0689856	-0.0790796	-0.0845192	-0.0819572	-0.082471	-0.0920741	-0.106805	-0.106348	-0.0983088	-0.10778	-0.130843	-0.15403	-0.164752	-0.152573	-0.138812	-0.158869	-0.221186	-0.319059	-0.442092	-0.557933	-0.625079	-0.625439	-0.557556	-0.415278	-0.200083	0.059594	0.322752	0.562702	0.767309	0.919544	0.992177	0.965594	0.846979	0.67065	0.481154	0.31431	0.187918	0.103318	0.052363	0.0241972	0.00919096	0	
0	0.00835828	0.0129637	0.014894	0.0311287	0.0445369	0.0376582	0.0357209	0.0615201	0.0920481	0.105011	0.102381	0.0842873	0.0887959	0.141636	0.228172	0.344093	0.471128	0.558114	0.583114	0.543022	0.425574	0.239536	-0.00745961	-0.275046	-0.522551	-0.744422	-0.916738	-1.02483	-1.03997	-0.954251	-0.799982	-0.606968	-0.431457	-0.284039	-0.184685	-0.120444	-0.0836646	-0.0655019	-0.0566458	-0.050201	-0.0531077	-0.0477282	-0.0523404	-0.052588	-0.0539196	-0.0558428	-0.0600386	-0.0571421	-0.058169	-0.0566334	-0.0574288	-0.0657263	-0.0648251	-0.0635512	-0.0685552	-0.0741762	-0.069441	-0.0708153	-0.0831634	-0.0847465	-0.0817025	-0.0846066	-0.0962088	-0.10886	-0.10492	-0.0991684	-0.113264	-0.137669	-0.158724	-0.164216	-0.148997	-0.140684	-0.171357	-0.243319	-0.348094	-0.472155	-0.579559	-0.631659	-0.615741	-0.531417	-0.372812	-0.145635	0.117572	0.376904	0.609344	0.803732	0.941418	0.995281	0.949641	0.817074	0.635066	0.447625	0.287533	0.169191	0.0916294	0.0457855	0.020889	0.00785696	0	
