0	0	0	0	0	0	0	0	0	0	0	0	0	0	0	0	0	0	0	0	0	0	0	0	0	0	0	0	0	0	0	0	0	0	0	0	0	0	0	0	0	0	0	0	0	0	0	0	0	0	0	0	0	0	0	0	0	0	0	0	0	0	0	0	0	0	0	0	0	0	0	0	0	0	0	0	0	0	0	0	0	0	0	0	0	0	0	0	0	0	0	0	0	0	0	0	0	0	0	0	
0	-0.0123566	0.00256376	0.00112739	-0.00430942	-0.000481963	0.00258409	-0.00392416	0.00489281	0.00539365	-0.00623813	0.00231661	0.000894707	-0.00275055	-0.00706328	-0.00349094	-0.000458054	-0.00119446	-0.0110453	-0.00301257	-0.000911022	0.00576372	-0.0107562	-0.00846533	-0.00293378	0.0052255	0.00316862	-0.00384685	-0.0183091	-0.0172842	-0.00386132	0.011815	0.0105458	-0.00104506	-0.0217261	-0.0545231	-0.0761833	-0.0860627	-0.0653109	-0.0421549	-0.00462038	0.0418329	0.0893126	0.134755	0.151769	0.158021	0.154752	0.135334	0.114594	0.0652924	0.00938945	-0.0396898	-0.0847723	-0.100989	-0.0953185	-0.0882515	-0.0648517	-0.0391467	-0.0313018	-0.0131875	0.00076709	-0.00211692	-0.00250568	-0.00268731	0.000227467	0.00262939	0.00239961	0.00239314	-0.00131968	0.00236874	0.00567505	-0.00207808	-0.000639991	0.00673921	0.00336246	-0.00186438	-0.00149833	0.00264479	0.00271295	-0.0103191	-0.0238361	-0.027246	-0.0379626	-0.064695	-0.0918812	-0.105917	-0.0966769	-0.0577041	-0.00374678	0.0430019	0.0798612	0.113468	0.143348	0.171258	0.201278	0.220728	0.205083	0.149204	0.0744513	0	
0	0.00256376	0.0103526	-0.00388889	-0.00148626	0.00236577	-0.00156315	-0.00817867	-0.0012527	0.00303958	-0.0124184	-0.00254698	0.00549288	0.000548451	-0.00836597	0.00176144	0.00684954	-0.000786666	-0.00972011	-0.00629857	0.00518088	0.00590556	-0.0175189	-0.0177176	-0.00657148	0.0049937	0.00167298	-0.0142352	-0.0373032	-0.03782	-0.00951515	0.015073	0.0149405	-0.00942246	-0.050497	-0.110292	-0.154948	-0.165984	-0.130631	-0.0780452	-0.00325152	0.088383	0.188889	0.27039	0.312469	0.320702	0.311115	0.275407	0.221531	0.124047	0.013109	-0.0931989	-0.172829	-0.201637	-0.195722	-0.162635	-0.119319	-0.0777598	-0.0517057	-0.027556	-0.0151959	-0.0157461	0.000804487	0.00815893	-0.000263654	0.000400027	0.00631089	0.00310602	-0.00360053	0.00613679	0.0107879	-0.00264287	-0.00022555	0.0106901	0.00563906	-0.00156143	-0.00136292	0.00402743	0.00275866	-0.0202187	-0.044773	-0.0543685	-0.078068	-0.129549	-0.181326	-0.207824	-0.189334	-0.11488	-0.0113741	0.081512	0.157453	0.226344	0.287195	0.343631	0.401964	0.437567	0.405325	0.296041	0.148907	0	
0	0.00112739	-0.00388889	-0.00825632	0.00230682	0.00395647	-0.00095733	-0.00105108	-0.00261071	-0.000754852	-0.00348109	-0.00351403	0.00216145	-0.00659039	-0.0110562	-0.000768817	-0.000431539	-0.00647422	-0.0129937	-0.0113673	0.00509318	2.14571e-05	-0.0208819	-0.02187	-0.00738814	0.00621109	-0.000269683	-0.0199157	-0.0486752	-0.0456723	-0.00983924	0.0203593	0.0183642	-0.0183024	-0.0793334	-0.162311	-0.22512	-0.236121	-0.189117	-0.108268	0.000900748	0.1355	0.281896	0.395042	0.459695	0.471903	0.45461	0.408304	0.317751	0.183842	0.0196888	-0.135877	-0.246606	-0.294285	-0.289312	-0.242322	-0.181462	-0.125567	-0.0789873	-0.0414187	-0.022082	-0.0112142	0.00410682	0.00270374	-0.00270869	0.00212134	0.00574976	0.00624392	0.00367561	0.00633429	0.00697508	0.000138542	0.00530469	0.0123212	0.00568096	-0.000102707	0.000770308	0.00456004	-0.000868888	-0.029691	-0.0613505	-0.0814573	-0.121621	-0.194328	-0.266004	-0.302059	-0.274669	-0.171316	-0.0260147	0.112	0.230778	0.337873	0.431776	0.517781	0.601042	0.646653	0.596134	0.438056	0.223044	0	
0	-0.00430942	-0.00148626	0.00230682	0.000639593	-0.00487099	-0.00657047	0.000153669	0.00268402	-0.00115809	-0.00393573	-0.00463921	-0.00197395	-0.00614882	-0.00854971	-0.00518865	-0.00528373	-0.0086666	-0.0122323	-0.0110221	0.000949	-0.00689758	-0.0207515	-0.0223213	-0.00770818	0.00113166	-0.00609418	-0.029557	-0.0550301	-0.0486471	-0.0116505	0.0185266	0.0110587	-0.0354917	-0.116382	-0.213881	-0.28833	-0.295891	-0.237628	-0.129028	0.0148647	0.191735	0.375696	0.520237	0.602474	0.620878	0.596536	0.530807	0.407801	0.231614	0.0189918	-0.179376	-0.319883	-0.385175	-0.376345	-0.317768	-0.243256	-0.164624	-0.100464	-0.0586693	-0.0267123	-0.00892061	-0.00643816	-0.00514452	0.004691	0.0106714	0.00645165	0.00366752	0.00407791	0.00769054	0.00963212	0.00548191	0.00663719	0.0106377	0.00754536	0.00385556	0.00360711	0.00291108	-0.00804474	-0.0376774	-0.0733962	-0.10936	-0.168975	-0.25806	-0.343654	-0.385715	-0.350734	-0.227211	-0.0493481	0.132627	0.29832	0.447039	0.576824	0.693455	0.796701	0.844216	0.7734	0.57262	0.295928	0	
0	-0.000481963	0.00236577	0.00395647	-0.00487099	-0.00484103	-0.000554599	-0.00150859	-0.00613104	-0.00904299	-0.000673067	-0.00265427	-0.0072893	-0.00300622	-0.00249308	-0.00547847	-0.00608452	-0.00936102	-0.00848958	-0.00920726	-0.00861599	-0.0156846	-0.0208658	-0.0215527	-0.0131933	-0.0115584	-0.0193136	-0.0431531	-0.057635	-0.0501343	-0.0172851	0.00438814	-0.0088248	-0.0666498	-0.161779	-0.267001	-0.342946	-0.345228	-0.274378	-0.13906	0.0406071	0.255871	0.471685	0.642575	0.741843	0.765683	0.734119	0.643283	0.486409	0.267061	0.0103045	-0.225105	-0.391415	-0.46939	-0.456379	-0.385039	-0.295952	-0.201143	-0.123498	-0.0781452	-0.0394479	-0.0143359	-0.00892404	0.00198022	0.0104401	0.00555873	0.00184045	0.0078384	0.0123934	0.00745344	0.00619696	0.0111733	0.0109816	0.00824425	0.00836565	0.00918907	0.00724798	-0.00115805	-0.0174837	-0.0433793	-0.0825928	-0.139193	-0.219053	-0.319005	-0.41236	-0.457124	-0.417214	-0.282886	-0.0810606	0.143565	0.359156	0.552582	0.721327	0.869055	0.986096	1.0267	0.933666	0.696861	0.365823	0	
0	0.00258409	-0.00156315	-0.00095733	-0.00657047	-0.000554599	0.00358014	-0.00126353	-0.0109703	-0.0087967	0.00610995	-0.00894417	-0.0132176	-0.00540821	-0.00131051	-0.0113236	-0.0145421	-0.0101198	-0.00593724	-0.00918503	-0.0190496	-0.0214402	-0.0138046	-0.0158419	-0.0169797	-0.0213243	-0.0313871	-0.0462665	-0.0502226	-0.0403462	-0.0217035	-0.0118377	-0.034378	-0.102256	-0.205998	-0.310368	-0.380148	-0.374555	-0.292708	-0.13124	0.0795798	0.326683	0.564419	0.754757	0.866123	0.897301	0.8509	0.740525	0.544709	0.292042	0.00105881	-0.264027	-0.449987	-0.538857	-0.527585	-0.453348	-0.345497	-0.242755	-0.153838	-0.0899846	-0.0487812	-0.0210665	-0.00779329	0.00562324	0.00878614	0.00199834	0.00378133	0.014042	0.0163692	0.00397218	0.00524231	0.0189785	0.0139278	0.00525906	0.0106059	0.0149251	0.00905021	-0.00683839	-0.025799	-0.0471358	-0.0925189	-0.17149	-0.269218	-0.375022	-0.47098	-0.516239	-0.475241	-0.338171	-0.118628	0.146838	0.412997	0.653101	0.863315	1.04131	1.16529	1.19089	1.07421	0.80765	0.430178	0	
0	-0.00392416	-0.00817867	-0.00105108	0.000153669	-0.00150859	-0.00126353	-0.00621099	-0.00445813	0.00250368	-0.00105017	-0.0156981	-0.0122458	-0.00265684	-0.00685257	-0.0172664	-0.0198339	-0.00843419	-0.00555379	-0.0140664	-0.0292123	-0.0240332	-0.00729604	-0.0144458	-0.0248805	-0.0354377	-0.0445709	-0.046507	-0.0402889	-0.031769	-0.0341321	-0.0376507	-0.074321	-0.147262	-0.254773	-0.347435	-0.404848	-0.389629	-0.293139	-0.110188	0.132176	0.400935	0.655091	0.859749	0.980496	1.01718	0.956401	0.817808	0.591244	0.302311	-0.0124782	-0.297915	-0.502583	-0.596344	-0.590869	-0.513661	-0.396289	-0.284299	-0.181319	-0.105935	-0.0545659	-0.0214732	-0.00987957	0.000314638	0.00321846	0.00670397	0.0149922	0.0139262	0.0086266	0.00570292	0.0151272	0.0224434	0.00962888	0.00554367	0.0172121	0.0187364	0.00711275	-0.0120834	-0.0305044	-0.0508603	-0.106486	-0.205418	-0.316193	-0.424231	-0.519457	-0.564703	-0.526705	-0.391695	-0.15756	0.145796	0.460197	0.747186	0.999685	1.20517	1.32939	1.33401	1.19296	0.90168	0.485832	0	
0	0.00489281	-0.0012527	-0.00261071	0.00268402	-0.00613104	-0.0109703	-0.00445813	-0.00310337	-0.00609153	-0.00833521	-0.00649675	-0.00535783	-0.00214632	-0.0095274	-0.0154753	-0.0148621	-0.00873548	-0.00937733	-0.0228435	-0.0377994	-0.0238337	-0.0105042	-0.0201629	-0.040854	-0.053906	-0.0585095	-0.0475584	-0.032448	-0.0349092	-0.0560152	-0.0805209	-0.126864	-0.206726	-0.303429	-0.381599	-0.416403	-0.391946	-0.275736	-0.0736939	0.195717	0.47957	0.744662	0.958331	1.09033	1.12441	1.053	0.879604	0.624482	0.304623	-0.0313174	-0.332152	-0.549319	-0.652017	-0.649477	-0.564344	-0.442289	-0.316043	-0.202476	-0.12336	-0.0691951	-0.0305214	-0.00923653	-0.000897563	0.00381231	0.0140264	0.0141471	0.00752358	0.012633	0.0160565	0.0163399	0.0168662	0.0113632	0.0132841	0.0207831	0.0173526	0.00465507	-0.0137601	-0.0320242	-0.0577478	-0.126063	-0.238654	-0.356882	-0.465636	-0.559157	-0.60548	-0.573127	-0.440413	-0.192157	0.144379	0.501734	0.833469	1.12611	1.354	1.47292	1.45365	1.28833	0.97568	0.52947	0	
0	0.00539365	0.00303958	-0.000754852	-0.00115809	-0.00904299	-0.0087967	0.00250368	-0.00609153	-0.0118094	-0.011734	-0.00645595	-0.00752526	-0.0127962	-0.0125969	-0.0157086	-0.0111571	-0.011591	-0.0136385	-0.026653	-0.0315012	-0.018339	-0.0101026	-0.0253284	-0.0481243	-0.0638182	-0.0580397	-0.0390207	-0.0211452	-0.0405365	-0.079219	-0.125909	-0.181401	-0.260924	-0.340039	-0.393585	-0.40763	-0.363968	-0.233603	-0.0100298	0.27289	0.564634	0.832229	1.04764	1.18374	1.21164	1.11909	0.917525	0.632593	0.291881	-0.0506224	-0.361633	-0.58084	-0.690564	-0.693273	-0.610318	-0.483379	-0.349214	-0.232646	-0.137593	-0.079277	-0.0420225	-0.0136368	-0.000783479	0.0108428	0.0167865	0.00965601	0.0083653	0.01761	0.0204184	0.0155396	0.0143473	0.0173608	0.0207667	0.0204965	0.0140775	0.00351795	-0.0115982	-0.0321556	-0.0702867	-0.150592	-0.267986	-0.38922	-0.499767	-0.592901	-0.64181	-0.614441	-0.479751	-0.216639	0.146452	0.539121	0.91051	1.23718	1.48026	1.59028	1.54754	1.3588	1.02677	0.558276	0	
0	-0.00623813	-0.0124184	-0.00348109	-0.00393573	-0.000673067	0.00610995	-0.00105017	-0.00833521	-0.011734	-0.0124529	-0.00420067	-0.0114249	-0.0239818	-0.0170518	-0.0138016	-0.014301	-0.0188107	-0.026255	-0.0273074	-0.0256645	-0.0189585	-0.0201025	-0.0358704	-0.0570006	-0.068609	-0.0539045	-0.0300136	-0.0220723	-0.0555135	-0.114486	-0.177696	-0.243849	-0.311965	-0.3684	-0.393119	-0.383664	-0.319448	-0.171549	0.0652831	0.354537	0.646346	0.909958	1.12615	1.25818	1.27745	1.16291	0.93358	0.62723	0.274635	-0.0713244	-0.378906	-0.601858	-0.717415	-0.723425	-0.650114	-0.523011	-0.386282	-0.265873	-0.160858	-0.0911605	-0.0395425	-0.00969948	-0.00023814	0.00902976	0.00837876	0.00949529	0.0170489	0.0217889	0.0224487	0.0141056	0.0135488	0.0253165	0.0262943	0.0174609	0.0111551	0.00545123	-0.0064519	-0.0347627	-0.0895449	-0.176174	-0.290169	-0.413556	-0.529062	-0.624078	-0.675664	-0.648362	-0.504495	-0.226275	0.155351	0.574114	0.976539	1.32682	1.57648	1.6762	1.61316	1.40268	1.05292	0.570618	0	
0	0.00231661	-0.00254698	-0.00351403	-0.00463921	-0.00265427	-0.00894417	-0.0156981	-0.00649675	-0.00645595	-0.00420067	0.00166044	-0.0146051	-0.0218727	-0.00976222	-0.00871585	-0.0187654	-0.0309745	-0.0348316	-0.0265158	-0.0246194	-0.0304816	-0.0417908	-0.0514768	-0.0694476	-0.0709279	-0.0527698	-0.0332571	-0.0418111	-0.0897243	-0.163537	-0.243652	-0.310538	-0.363429	-0.387344	-0.385873	-0.346882	-0.260823	-0.094523	0.149776	0.436449	0.724521	0.981924	1.19394	1.32129	1.32396	1.19183	0.938554	0.615614	0.260977	-0.0873108	-0.391498	-0.618114	-0.744247	-0.760013	-0.688853	-0.562278	-0.41679	-0.281871	-0.172457	-0.0993397	-0.0489813	-0.0183861	-0.0037067	0.00352021	0.0106269	0.0221834	0.0214858	0.0188189	0.0204683	0.0133376	0.0205286	0.0349088	0.024988	0.0120108	0.012689	0.0120609	-0.00241286	-0.0441411	-0.112374	-0.196806	-0.304598	-0.433182	-0.5568	-0.655165	-0.706628	-0.670716	-0.510083	-0.21814	0.173584	0.608123	1.02919	1.38911	1.63642	1.7261	1.64735	1.41794	1.05334	0.566547	0	
0	0.000894707	0.00549288	0.00216145	-0.00197395	-0.0072893	-0.0132176	-0.0122458	-0.00535783	-0.00752526	-0.0114249	-0.0146051	-0.0248621	-0.0146417	-0.0061552	-0.0127119	-0.0245946	-0.0330236	-0.0275319	-0.0160648	-0.019226	-0.0396895	-0.0532055	-0.0566308	-0.0656646	-0.0598404	-0.0447936	-0.0416377	-0.0682957	-0.128741	-0.213612	-0.303942	-0.364189	-0.391915	-0.383519	-0.35148	-0.283071	-0.170692	0.0104805	0.252826	0.531569	0.805846	1.05553	1.25267	1.36512	1.34556	1.18994	0.917337	0.585047	0.231355	-0.107354	-0.40156	-0.627597	-0.753203	-0.777644	-0.713472	-0.589107	-0.443425	-0.308433	-0.193918	-0.111033	-0.0607892	-0.026699	-0.00395052	0.00933256	0.0195298	0.0235764	0.0176993	0.0160148	0.0200114	0.0229076	0.0317443	0.031885	0.0178912	0.0153244	0.0211761	0.017097	-0.00556549	-0.0587362	-0.131141	-0.209167	-0.315021	-0.452478	-0.585362	-0.68666	-0.731628	-0.676544	-0.493814	-0.191377	0.202513	0.641452	1.06549	1.41939	1.65602	1.73626	1.64628	1.40236	1.02873	0.547843	0	
0	-0.00275055	0.000548451	-0.00659039	-0.00614882	-0.00300622	-0.00540821	-0.00265684	-0.00214632	-0.0127962	-0.0239818	-0.0218727	-0.0146417	-0.0109715	-0.0185646	-0.0267527	-0.0304594	-0.0335336	-0.0253462	-0.0157622	-0.0297515	-0.0550821	-0.0652694	-0.0594091	-0.0575612	-0.0486232	-0.0466092	-0.0647558	-0.108699	-0.176879	-0.269586	-0.359663	-0.405417	-0.403166	-0.363818	-0.301328	-0.202278	-0.0654187	0.123724	0.356192	0.618145	0.877694	1.11145	1.29142	1.38004	1.33872	1.16447	0.88199	0.550717	0.207202	-0.117709	-0.400704	-0.622527	-0.755155	-0.787415	-0.733264	-0.617888	-0.471683	-0.337263	-0.218775	-0.127817	-0.0679572	-0.0219116	0.00171823	0.0121904	0.0182143	0.0163895	0.0150717	0.019771	0.0302761	0.0352145	0.0279441	0.0206894	0.0225334	0.0279955	0.0268466	0.015435	-0.0145654	-0.0719309	-0.14052	-0.215558	-0.326877	-0.474424	-0.615586	-0.716568	-0.745338	-0.661698	-0.455655	-0.147069	0.241907	0.672619	1.08226	1.41526	1.63386	1.70388	1.6059	1.35405	0.981111	0.517505	0	
0	-0.00706328	-0.00836597	-0.0110562	-0.00854971	-0.00249308	-0.00131051	-0.00685257	-0.0095274	-0.0125969	-0.0170518	-0.00976222	-0.0061552	-0.0185646	-0.0319234	-0.031403	-0.032203	-0.0341348	-0.0265701	-0.0295183	-0.0494704	-0.0717084	-0.0742284	-0.0606207	-0.0502359	-0.0478982	-0.0662012	-0.107078	-0.162792	-0.236945	-0.328741	-0.408647	-0.430841	-0.398699	-0.329608	-0.2355	-0.106827	0.0517234	0.239492	0.456941	0.697551	0.939151	1.15423	1.30827	1.37219	1.3079	1.12318	0.841358	0.518797	0.192027	-0.116691	-0.390722	-0.610987	-0.752505	-0.801292	-0.756991	-0.649525	-0.504308	-0.358621	-0.231484	-0.133128	-0.068854	-0.0257151	-0.00281194	0.00653071	0.010688	0.0187178	0.0274968	0.0287865	0.0336986	0.0314824	0.0196702	0.0250336	0.0371039	0.0346663	0.02583	0.010289	-0.0245333	-0.0778487	-0.140676	-0.221862	-0.344115	-0.499967	-0.646439	-0.739937	-0.741589	-0.624655	-0.398303	-0.0878855	0.28939	0.69815	1.07694	1.37711	1.57099	1.62733	1.52299	1.27218	0.913217	0.478731	0	
0	-0.00349094	0.00176144	-0.000768817	-0.00518865	-0.00547847	-0.0113236	-0.0172664	-0.0154753	-0.0157086	-0.0138016	-0.00871585	-0.0127119	-0.0267527	-0.031403	-0.0256098	-0.026498	-0.0245208	-0.0280521	-0.0451434	-0.0615967	-0.0745212	-0.0717496	-0.0543079	-0.0450559	-0.0583631	-0.10286	-0.160042	-0.225978	-0.299661	-0.38255	-0.439193	-0.434397	-0.37291	-0.274483	-0.147704	0.00946381	0.181867	0.363225	0.56048	0.779578	0.999351	1.18955	1.31251	1.34547	1.26206	1.0688	0.794972	0.48311	0.174704	-0.120442	-0.383589	-0.601927	-0.749206	-0.805109	-0.771253	-0.667684	-0.523189	-0.377138	-0.247596	-0.145277	-0.0788539	-0.0353444	-0.00876823	0.0070552	0.017812	0.0268451	0.031427	0.0295227	0.0309223	0.0280028	0.0247177	0.0368614	0.043881	0.0357288	0.0243777	0.00279204	-0.0308023	-0.0729739	-0.137097	-0.234242	-0.367732	-0.528138	-0.674071	-0.749391	-0.716033	-0.567645	-0.326325	-0.0179051	0.339975	0.71314	1.04847	1.30789	1.47017	1.50667	1.39671	1.15765	0.827686	0.433739	0	
0	-0.000458054	0.00684954	-0.000431539	-0.00528373	-0.00608452	-0.0145421	-0.0198339	-0.0148621	-0.0111571	-0.014301	-0.0187654	-0.0245946	-0.0304594	-0.032203	-0.026498	-0.0213472	-0.0256263	-0.0454273	-0.0638585	-0.0659235	-0.0691695	-0.0640006	-0.0487802	-0.0484142	-0.0859337	-0.149825	-0.218884	-0.288499	-0.355982	-0.417425	-0.442922	-0.411243	-0.322167	-0.195753	-0.0369845	0.139936	0.317213	0.483534	0.658566	0.851276	1.04458	1.20066	1.28852	1.29005	1.19241	1.00142	0.741504	0.450738	0.161292	-0.116038	-0.369009	-0.584505	-0.737121	-0.803184	-0.778331	-0.684646	-0.542933	-0.396473	-0.268387	-0.160773	-0.0893395	-0.0404798	-0.00689035	0.0105646	0.0225248	0.0313188	0.0324752	0.0268812	0.027481	0.0331228	0.0371049	0.0437996	0.0454218	0.0363022	0.0194072	-0.00323805	-0.0248176	-0.0611227	-0.139821	-0.255037	-0.395315	-0.555685	-0.691398	-0.73787	-0.668819	-0.495995	-0.244974	0.0570103	0.386174	0.712623	0.997768	1.21195	1.33521	1.34459	1.22997	1.01342	0.726242	0.382931	0	
0	-0.00119446	-0.000786666	-0.00647422	-0.0086666	-0.00936102	-0.0101198	-0.00843419	-0.00873548	-0.011591	-0.0188107	-0.0309745	-0.0330236	-0.0335336	-0.0341348	-0.0245208	-0.0256263	-0.044622	-0.0676397	-0.0723413	-0.0614056	-0.0602667	-0.0574338	-0.0502918	-0.0713267	-0.129671	-0.206457	-0.279998	-0.348115	-0.399559	-0.428333	-0.421468	-0.362689	-0.249797	-0.0929207	0.0896215	0.278865	0.448894	0.598208	0.747522	0.912039	1.07024	1.18807	1.23654	1.21266	1.1067	0.926748	0.689355	0.421456	0.156115	-0.104858	-0.346538	-0.559872	-0.717821	-0.796978	-0.785329	-0.700641	-0.567942	-0.419435	-0.285638	-0.174698	-0.0961901	-0.041184	-0.00386698	0.0163119	0.0251311	0.0273492	0.0291017	0.0281805	0.032658	0.0435035	0.0462907	0.0462532	0.0448597	0.0321961	0.01512	0.00462246	-0.00853832	-0.0561703	-0.153845	-0.280063	-0.42291	-0.576577	-0.689745	-0.702636	-0.6051	-0.415992	-0.159932	0.128594	0.419301	0.693232	0.927263	1.09354	1.17069	1.14736	1.03006	0.844332	0.609443	0.324894	0	
0	-0.0110453	-0.00972011	-0.0129937	-0.0122323	-0.00848958	-0.00593724	-0.00555379	-0.00937733	-0.0136385	-0.026255	-0.0348316	-0.0275319	-0.0253462	-0.0265701	-0.0280521	-0.0454273	-0.0676397	-0.0787336	-0.0723408	-0.0585757	-0.0595392	-0.0616965	-0.0781199	-0.12102	-0.194532	-0.273841	-0.347391	-0.405291	-0.428492	-0.421186	-0.381019	-0.299987	-0.159547	0.020835	0.222043	0.408469	0.568273	0.696368	0.821591	0.952727	1.07226	1.14863	1.16458	1.12112	1.02094	0.857751	0.64855	0.4061	0.158976	-0.0862965	-0.323048	-0.536647	-0.70183	-0.792147	-0.793183	-0.717797	-0.58809	-0.440271	-0.302586	-0.181769	-0.0960083	-0.0398588	-0.00377436	0.0138154	0.0213768	0.0252214	0.0306934	0.0344772	0.0428548	0.0540889	0.0507386	0.0426345	0.0383277	0.0307268	0.0269861	0.0246492	0.000264032	-0.0656716	-0.173017	-0.303979	-0.445793	-0.581561	-0.663321	-0.647832	-0.53245	-0.333261	-0.078488	0.186537	0.431931	0.654085	0.839482	0.955853	0.982495	0.925235	0.808018	0.656578	0.477308	0.257424	0	
0	-0.00301257	-0.00629857	-0.0113673	-0.0110221	-0.00920726	-0.00918503	-0.0140664	-0.0228435	-0.026653	-0.0273074	-0.0265158	-0.0160648	-0.0157622	-0.0295183	-0.0451434	-0.0638585	-0.0723413	-0.0723408	-0.0648165	-0.0550985	-0.0574855	-0.0807725	-0.123681	-0.185085	-0.260756	-0.338582	-0.404803	-0.440546	-0.42885	-0.384798	-0.316606	-0.210354	-0.046346	0.154272	0.358229	0.537024	0.679111	0.788816	0.884973	0.978296	1.05422	1.08963	1.07794	1.02614	0.934997	0.797683	0.614351	0.396341	0.167262	-0.0692966	-0.300902	-0.516573	-0.690092	-0.791176	-0.800334	-0.731237	-0.603293	-0.448501	-0.308363	-0.188618	-0.101026	-0.045106	-0.00932973	0.00863404	0.017994	0.0278687	0.0413293	0.0489535	0.0521092	0.0538063	0.0443067	0.0362707	0.0404267	0.0466999	0.0492498	0.0358181	-0.00665122	-0.0810236	-0.190538	-0.323772	-0.454995	-0.561775	-0.61449	-0.582448	-0.4573	-0.25372	-0.0106608	0.22089	0.42023	0.596012	0.735556	0.801351	0.778707	0.691646	0.576708	0.457142	0.33082	0.179312	0	
0	-0.000911022	0.00518088	0.00509318	0.000949	-0.00861599	-0.0190496	-0.0292123	-0.0377994	-0.0315012	-0.0256645	-0.0246194	-0.019226	-0.0297515	-0.0494704	-0.0615967	-0.0659235	-0.0614056	-0.0585757	-0.0550985	-0.0471482	-0.067241	-0.11635	-0.183127	-0.247747	-0.32081	-0.391025	-0.439139	-0.442187	-0.394362	-0.318599	-0.223276	-0.0922086	0.0922332	0.299294	0.497458	0.6591	0.785593	0.871355	0.935621	0.984299	1.01414	1.01342	0.981224	0.927933	0.853514	0.73784	0.582346	0.383216	0.167764	-0.0574209	-0.284953	-0.498013	-0.671731	-0.778403	-0.795941	-0.731552	-0.610419	-0.461687	-0.320494	-0.198935	-0.112221	-0.0568552	-0.0170023	0.0095519	0.0283468	0.0427358	0.0534094	0.0531057	0.0465677	0.0451017	0.0418551	0.0439491	0.0586705	0.0686886	0.0610217	0.031719	-0.0190545	-0.0947218	-0.204777	-0.331151	-0.439041	-0.517278	-0.553448	-0.514546	-0.384656	-0.186273	0.032299	0.225643	0.384202	0.519513	0.615077	0.633497	0.569839	0.460945	0.348535	0.253702	0.173804	0.0921378	0	
0	0.00576372	0.00590556	2.14571e-05	-0.00689758	-0.0156846	-0.0214402	-0.0240332	-0.0238337	-0.018339	-0.0189585	-0.0304816	-0.0396895	-0.0550821	-0.0717084	-0.0745212	-0.0691695	-0.0602667	-0.0595392	-0.0574855	-0.067241	-0.109446	-0.180988	-0.252005	-0.312475	-0.376535	-0.428908	-0.445113	-0.411538	-0.331432	-0.228603	-0.105366	0.047067	0.241074	0.441532	0.622534	0.765829	0.870045	0.929216	0.951391	0.952403	0.938727	0.908222	0.868657	0.822955	0.770561	0.684665	0.554278	0.379592	0.179343	-0.036494	-0.256696	-0.46949	-0.648835	-0.762657	-0.790216	-0.737064	-0.622353	-0.476589	-0.340318	-0.219427	-0.123649	-0.0566824	-0.00811859	0.0229374	0.0409352	0.0483139	0.0499931	0.0453639	0.0402153	0.0466534	0.0550547	0.0643394	0.0780372	0.0790048	0.0592727	0.022861	-0.0302492	-0.105805	-0.207314	-0.312678	-0.396073	-0.459154	-0.490186	-0.448819	-0.322127	-0.142919	0.0424403	0.200431	0.325213	0.423441	0.478058	0.458535	0.367605	0.245517	0.133741	0.0550364	0.0142425	0.00118533	0	
0	-0.0107562	-0.0175189	-0.0208819	-0.0207515	-0.0208658	-0.0138046	-0.00729604	-0.0105042	-0.0101026	-0.0201025	-0.0417908	-0.0532055	-0.0652694	-0.0742284	-0.0717496	-0.0640006	-0.0574338	-0.0616965	-0.0807725	-0.11635	-0.180988	-0.257343	-0.326332	-0.379433	-0.427472	-0.448592	-0.427502	-0.360386	-0.255109	-0.124102	0.0235842	0.19136	0.380244	0.564962	0.725766	0.848622	0.930402	0.954755	0.934947	0.890068	0.842882	0.798312	0.761099	0.734406	0.707208	0.648174	0.544415	0.386393	0.198543	-0.00906558	-0.228588	-0.442311	-0.62699	-0.753953	-0.794233	-0.750256	-0.644427	-0.498033	-0.351328	-0.22013	-0.117492	-0.0480474	0.000757096	0.0284832	0.0389754	0.040852	0.0430487	0.0441377	0.0472056	0.0624004	0.0756949	0.0814796	0.0863441	0.0786121	0.0528965	0.0135026	-0.0389493	-0.104103	-0.183074	-0.265801	-0.338263	-0.399081	-0.429353	-0.391701	-0.282168	-0.133625	0.0187391	0.148082	0.243095	0.30637	0.327868	0.285584	0.182317	0.053642	-0.059798	-0.128472	-0.135893	-0.0851276	0	
0	-0.00846533	-0.0177176	-0.02187	-0.0223213	-0.0215527	-0.0158419	-0.0144458	-0.0201629	-0.0253284	-0.0358704	-0.0514768	-0.0566308	-0.0594091	-0.0606207	-0.0543079	-0.0487802	-0.0502918	-0.0781199	-0.123681	-0.183127	-0.252005	-0.326332	-0.389792	-0.429316	-0.447657	-0.430356	-0.374466	-0.282043	-0.151309	0.00455397	0.172728	0.339855	0.514663	0.67696	0.817666	0.918766	0.970515	0.957895	0.893349	0.812623	0.743729	0.696168	0.673507	0.666308	0.665052	0.629422	0.54282	0.398731	0.2153	0.00786949	-0.212175	-0.431467	-0.622964	-0.753438	-0.799265	-0.757014	-0.647363	-0.498432	-0.35099	-0.218827	-0.11355	-0.0447277	-0.00179583	0.0214649	0.0323659	0.037221	0.0455568	0.0561293	0.0652908	0.0805695	0.090623	0.0897394	0.0862794	0.0722084	0.0437204	0.00753668	-0.0317515	-0.0738282	-0.130404	-0.204125	-0.278511	-0.341622	-0.376467	-0.355997	-0.276665	-0.1605	-0.0347886	0.0700977	0.136331	0.170213	0.172556	0.124339	0.0204173	-0.110579	-0.225444	-0.285027	-0.262658	-0.157257	0	
0	-0.00293378	-0.00657148	-0.00738814	-0.00770818	-0.0131933	-0.0169797	-0.0248805	-0.040854	-0.0481243	-0.0570006	-0.0694476	-0.0656646	-0.0575612	-0.0502359	-0.0450559	-0.0484142	-0.0713267	-0.12102	-0.185085	-0.247747	-0.312475	-0.379433	-0.429316	-0.440259	-0.419572	-0.365762	-0.283377	-0.166553	-0.0125258	0.165231	0.337378	0.493661	0.644486	0.785234	0.902524	0.975499	0.990913	0.934575	0.832012	0.72192	0.643441	0.601418	0.593406	0.607244	0.623911	0.605849	0.53324	0.397232	0.220013	0.0174559	-0.201301	-0.417199	-0.607927	-0.742901	-0.791132	-0.752428	-0.647568	-0.498483	-0.349582	-0.219232	-0.11868	-0.053917	-0.00985676	0.0166827	0.0322055	0.0453838	0.0608444	0.0736547	0.0817177	0.0942189	0.0988843	0.0890133	0.0774778	0.0619395	0.040947	0.0219742	0.00595755	-0.0160967	-0.0643258	-0.140856	-0.221182	-0.291898	-0.344786	-0.355188	-0.308828	-0.218783	-0.115089	-0.0346161	0.00607127	0.0227636	0.0227597	-0.0182311	-0.115991	-0.245171	-0.356463	-0.402889	-0.353513	-0.207224	0	
0	0.0052255	0.0049937	0.00621109	0.00113166	-0.0115584	-0.0213243	-0.0354377	-0.053906	-0.0638182	-0.068609	-0.0709279	-0.0598404	-0.0486232	-0.0478982	-0.0583631	-0.0859337	-0.129671	-0.194532	-0.260756	-0.32081	-0.376535	-0.427472	-0.447657	-0.419572	-0.361143	-0.278858	-0.17176	-0.0311989	0.144047	0.328277	0.492108	0.625812	0.753268	0.868953	0.958554	0.995221	0.967398	0.871995	0.737585	0.614796	0.536914	0.509029	0.521254	0.553793	0.590109	0.587221	0.52688	0.401104	0.229426	0.0303718	-0.183841	-0.399614	-0.590774	-0.725732	-0.779659	-0.744891	-0.644457	-0.502558	-0.358795	-0.231537	-0.128572	-0.0592232	-0.0119832	0.021188	0.0443297	0.0603332	0.0770369	0.0916751	0.0962865	0.0990977	0.0937362	0.0775188	0.0672762	0.0638114	0.0635715	0.0676618	0.0687458	0.053151	0.00302205	-0.079965	-0.171944	-0.264058	-0.348893	-0.393145	-0.373327	-0.304247	-0.222887	-0.16547	-0.13998	-0.123968	-0.112596	-0.139471	-0.226971	-0.347558	-0.445848	-0.47298	-0.400801	-0.230898	0	
0	0.00316862	0.00167298	-0.000269683	-0.00609418	-0.0193136	-0.0313871	-0.0445709	-0.0585095	-0.0580397	-0.0539045	-0.0527698	-0.0447936	-0.0466092	-0.0662012	-0.10286	-0.149825	-0.206457	-0.273841	-0.338582	-0.391025	-0.428908	-0.448592	-0.430356	-0.365762	-0.278858	-0.171556	-0.0402701	0.121746	0.304333	0.481022	0.624189	0.734989	0.837142	0.925709	0.979623	0.974022	0.905537	0.777476	0.628686	0.503923	0.439664	0.430189	0.462972	0.514921	0.566143	0.577331	0.527882	0.410345	0.244609	0.0507922	-0.162517	-0.376632	-0.570449	-0.712719	-0.772859	-0.746725	-0.652547	-0.512471	-0.368592	-0.238823	-0.133175	-0.0593494	-0.00435329	0.0343649	0.061313	0.0812784	0.0960317	0.101223	0.0942927	0.0884708	0.0807861	0.0706904	0.0761091	0.0949528	0.116321	0.13485	0.141111	0.123978	0.0679191	-0.0287831	-0.146466	-0.273225	-0.392523	-0.463888	-0.465136	-0.417459	-0.358136	-0.314876	-0.288574	-0.25894	-0.229258	-0.239361	-0.311373	-0.413224	-0.487883	-0.491666	-0.403913	-0.228982	0	
0	-0.00384685	-0.0142352	-0.0199157	-0.029557	-0.0431531	-0.0462665	-0.046507	-0.0475584	-0.0390207	-0.0300136	-0.0332571	-0.0416377	-0.0647558	-0.107078	-0.160042	-0.218884	-0.279998	-0.347391	-0.404803	-0.439139	-0.445113	-0.427502	-0.374466	-0.283377	-0.17176	-0.0402701	0.112556	0.282918	0.457565	0.614241	0.734534	0.821718	0.897227	0.951615	0.963931	0.916992	0.814507	0.670612	0.519465	0.408433	0.362152	0.375002	0.427138	0.494748	0.558883	0.579543	0.537385	0.424788	0.261709	0.0673908	-0.145401	-0.363028	-0.560517	-0.706529	-0.77352	-0.75105	-0.660892	-0.52254	-0.375563	-0.241923	-0.128076	-0.0455218	0.0143533	0.0569942	0.0825363	0.0926488	0.0960953	0.0933209	0.0811301	0.0760791	0.0797352	0.0891021	0.116062	0.153366	0.186659	0.210177	0.215726	0.192007	0.120209	-0.00482578	-0.159701	-0.322101	-0.468878	-0.562003	-0.584897	-0.558797	-0.513308	-0.468563	-0.426847	-0.376343	-0.326572	-0.31678	-0.364864	-0.436951	-0.48074	-0.462363	-0.369281	-0.206415	0	
0	-0.0183091	-0.0373032	-0.0486752	-0.0550301	-0.057635	-0.0502226	-0.0402889	-0.032448	-0.0211452	-0.0220723	-0.0418111	-0.0682957	-0.108699	-0.162792	-0.225978	-0.288499	-0.348115	-0.405291	-0.440546	-0.442187	-0.411538	-0.360386	-0.282043	-0.166553	-0.0311989	0.121746	0.282918	0.44543	0.59977	0.73262	0.830004	0.891372	0.933941	0.946797	0.916732	0.833553	0.711942	0.563976	0.425465	0.33205	0.308387	0.339953	0.408499	0.487476	0.559845	0.586234	0.5477	0.437208	0.27317	0.0786538	-0.138098	-0.358271	-0.559876	-0.710602	-0.779866	-0.759033	-0.665156	-0.521639	-0.368639	-0.226144	-0.106995	-0.0230416	0.0348539	0.0689981	0.0842214	0.0866312	0.083438	0.078272	0.0734052	0.0847921	0.108828	0.137081	0.178771	0.226279	0.265037	0.288428	0.285872	0.243091	0.14079	-0.0217156	-0.212439	-0.403082	-0.572679	-0.688454	-0.733122	-0.720464	-0.673195	-0.61222	-0.547766	-0.475043	-0.403335	-0.366908	-0.381094	-0.415947	-0.428537	-0.395103	-0.308302	-0.170613	0	
0	-0.0172842	-0.03782	-0.0456723	-0.0486471	-0.0501343	-0.0403462	-0.031769	-0.0349092	-0.0405365	-0.0555135	-0.0897243	-0.128741	-0.176879	-0.236945	-0.299661	-0.355982	-0.399559	-0.428492	-0.42885	-0.394362	-0.331432	-0.255109	-0.151309	-0.0125258	0.144047	0.304333	0.457565	0.59977	0.729563	0.839331	0.910936	0.940969	0.942099	0.912361	0.843814	0.738853	0.610361	0.473243	0.351889	0.2808	0.275344	0.322733	0.400736	0.486159	0.56061	0.588105	0.548767	0.436236	0.271297	0.0735415	-0.143088	-0.363647	-0.563932	-0.711587	-0.776995	-0.750179	-0.652402	-0.502701	-0.344331	-0.203639	-0.088414	-0.0111023	0.0369806	0.0629867	0.0713533	0.0700192	0.0723699	0.0816213	0.0942055	0.122703	0.162518	0.203996	0.255469	0.308339	0.345773	0.358194	0.333077	0.257774	0.118847	-0.077688	-0.296663	-0.511738	-0.705423	-0.843443	-0.90118	-0.886211	-0.822418	-0.738011	-0.649943	-0.553918	-0.454432	-0.382203	-0.355443	-0.352881	-0.3415	-0.304115	-0.234132	-0.129328	0	
0	-0.00386132	-0.00951515	-0.00983924	-0.0116505	-0.0172851	-0.0217035	-0.0341321	-0.0560152	-0.079219	-0.114486	-0.163537	-0.213612	-0.269586	-0.328741	-0.38255	-0.417425	-0.428333	-0.421186	-0.384798	-0.318599	-0.228603	-0.124102	0.00455397	0.165231	0.328277	0.481022	0.614241	0.73262	0.839331	0.922949	0.9635	0.951897	0.909951	0.839299	0.746004	0.630402	0.509589	0.387607	0.28749	0.234637	0.244951	0.302112	0.387076	0.474663	0.551373	0.578383	0.539411	0.42815	0.263042	0.069244	-0.144759	-0.360465	-0.554804	-0.696282	-0.756506	-0.726139	-0.624854	-0.479107	-0.328517	-0.193657	-0.0868738	-0.0186212	0.0231681	0.0465877	0.0600681	0.0708748	0.0873332	0.111188	0.139174	0.182626	0.235275	0.285951	0.341038	0.38936	0.411713	0.398211	0.339606	0.22924	0.0587377	-0.165023	-0.409518	-0.650168	-0.866391	-1.01682	-1.07159	-1.03993	-0.952801	-0.844519	-0.732363	-0.607711	-0.471526	-0.356584	-0.288933	-0.256856	-0.233934	-0.204401	-0.158592	-0.0889206	0	
0	0.011815	0.015073	0.0203593	0.0185266	0.00438814	-0.0118377	-0.0376507	-0.0805209	-0.125909	-0.177696	-0.243652	-0.303942	-0.359663	-0.408647	-0.439193	-0.442922	-0.421468	-0.381019	-0.316606	-0.223276	-0.105366	0.0235842	0.172728	0.337378	0.492108	0.624189	0.734534	0.830004	0.910936	0.9635	0.962462	0.908141	0.824821	0.728807	0.623278	0.514526	0.408229	0.308011	0.227682	0.192554	0.215456	0.281663	0.371271	0.463531	0.541398	0.571857	0.535608	0.427221	0.268725	0.0788457	-0.128972	-0.339364	-0.530729	-0.671428	-0.732061	-0.705669	-0.612992	-0.472323	-0.327016	-0.20144	-0.10072	-0.0329787	0.0136069	0.0465662	0.0709383	0.0940462	0.125591	0.1651	0.207357	0.262631	0.322412	0.373303	0.419399	0.447884	0.441246	0.394428	0.303296	0.163818	-0.0331717	-0.283018	-0.55345	-0.815947	-1.04323	-1.18974	-1.22788	-1.17357	-1.06309	-0.930754	-0.789551	-0.627506	-0.447609	-0.290014	-0.189793	-0.141711	-0.120895	-0.108583	-0.0901253	-0.0534578	0	
0	0.0105458	0.0149405	0.0183642	0.0110587	-0.0088248	-0.034378	-0.074321	-0.126864	-0.181401	-0.243849	-0.310538	-0.364189	-0.405417	-0.430841	-0.434397	-0.411243	-0.362689	-0.299987	-0.210354	-0.0922086	0.047067	0.19136	0.339855	0.493661	0.625812	0.734989	0.821718	0.891372	0.940969	0.951897	0.908141	0.812374	0.70429	0.595884	0.497754	0.403813	0.320806	0.242174	0.182283	0.163902	0.199586	0.275225	0.372838	0.469398	0.553465	0.586045	0.552586	0.447203	0.28812	0.0998894	-0.109266	-0.322696	-0.516492	-0.659679	-0.725303	-0.703081	-0.612503	-0.479281	-0.340201	-0.212654	-0.106788	-0.0323345	0.0224828	0.0660856	0.105036	0.143764	0.189858	0.242608	0.294797	0.35377	0.408667	0.44481	0.466606	0.464473	0.425981	0.349373	0.230945	0.0651693	-0.158462	-0.43361	-0.723313	-0.993982	-1.21586	-1.34592	-1.36261	-1.28616	-1.15215	-0.990817	-0.812036	-0.605714	-0.382169	-0.190477	-0.0718418	-0.0225505	-0.0149561	-0.0250133	-0.0331562	-0.0246655	0	
0	-0.00104506	-0.00942246	-0.0183024	-0.0354917	-0.0666498	-0.102256	-0.147262	-0.206726	-0.260924	-0.311965	-0.363429	-0.391915	-0.403166	-0.398699	-0.37291	-0.322167	-0.249797	-0.159547	-0.046346	0.0922332	0.241074	0.380244	0.514663	0.644486	0.753268	0.837142	0.897227	0.933941	0.942099	0.909951	0.824821	0.70429	0.584624	0.4845	0.401789	0.332132	0.271308	0.213542	0.170917	0.165578	0.21166	0.293973	0.394629	0.494684	0.576928	0.608891	0.572648	0.462498	0.302206	0.109259	-0.103949	-0.320241	-0.518567	-0.666575	-0.733179	-0.712957	-0.625033	-0.486713	-0.34054	-0.208708	-0.0975028	-0.0136931	0.055217	0.114184	0.167076	0.21993	0.278208	0.336119	0.385919	0.434307	0.468544	0.477154	0.469359	0.437809	0.371206	0.267724	0.122652	-0.0696763	-0.317139	-0.607942	-0.901077	-1.16344	-1.36887	-1.47895	-1.4751	-1.3761	-1.21336	-1.01465	-0.791908	-0.541776	-0.283428	-0.0722531	0.0493252	0.0878116	0.0757667	0.0425922	0.0113942	-0.00245108	0	
0	-0.0217261	-0.050497	-0.0793334	-0.116382	-0.161779	-0.205998	-0.254773	-0.303429	-0.340039	-0.3684	-0.387344	-0.383519	-0.363818	-0.329608	-0.274483	-0.195753	-0.0929207	0.020835	0.154272	0.299294	0.441532	0.564962	0.67696	0.785234	0.868953	0.925709	0.951615	0.946797	0.912361	0.839299	0.728807	0.595884	0.4845	0.399143	0.340242	0.291325	0.250189	0.207484	0.175912	0.180652	0.232377	0.318269	0.421051	0.518694	0.599985	0.625825	0.583087	0.467608	0.299173	0.100789	-0.117226	-0.338892	-0.538306	-0.682824	-0.746434	-0.719849	-0.622319	-0.48003	-0.329971	-0.18746	-0.0619186	0.0370665	0.119406	0.191571	0.257105	0.315906	0.372345	0.421715	0.454759	0.478775	0.485144	0.466134	0.431004	0.371743	0.277636	0.146868	-0.0240713	-0.237229	-0.495969	-0.785302	-1.06593	-1.31056	-1.49729	-1.58833	-1.56287	-1.43569	-1.23601	-0.994301	-0.728983	-0.444517	-0.166403	0.0483019	0.160323	0.181109	0.147977	0.0943111	0.0449746	0.0143572	0	
0	-0.0545231	-0.110292	-0.162311	-0.213881	-0.267001	-0.310368	-0.347435	-0.381599	-0.393585	-0.393119	-0.385873	-0.35148	-0.301328	-0.2355	-0.147704	-0.0369845	0.0896215	0.222043	0.358229	0.497458	0.622534	0.725766	0.817666	0.902524	0.958554	0.979623	0.963931	0.916732	0.843814	0.746004	0.623278	0.497754	0.401789	0.340242	0.301896	0.27194	0.244564	0.210527	0.187185	0.196009	0.251523	0.337986	0.437639	0.533375	0.607141	0.626164	0.576211	0.452065	0.280454	0.078658	-0.141755	-0.36125	-0.557438	-0.698235	-0.752039	-0.716084	-0.609976	-0.452329	-0.285066	-0.127852	0.00928581	0.118859	0.212508	0.290543	0.3532	0.40447	0.447323	0.474053	0.481549	0.480821	0.460537	0.413818	0.351313	0.263975	0.141942	-0.0133005	-0.200837	-0.419573	-0.672385	-0.946076	-1.20656	-1.43199	-1.60049	-1.67025	-1.61685	-1.45362	-1.21244	-0.930425	-0.63307	-0.329853	-0.0482302	0.157172	0.252522	0.254083	0.20227	0.132606	0.0701875	0.0273398	0	
0	-0.0761833	-0.154948	-0.22512	-0.28833	-0.342946	-0.380148	-0.404848	-0.416403	-0.40763	-0.383664	-0.346882	-0.283071	-0.202278	-0.106827	0.00946381	0.139936	0.278865	0.408469	0.537024	0.6591	0.765829	0.848622	0.918766	0.975499	0.995221	0.974022	0.916992	0.833553	0.738853	0.630402	0.514526	0.403813	0.332132	0.291325	0.27194	0.254926	0.235234	0.20742	0.186609	0.200453	0.257575	0.343991	0.443283	0.534239	0.604426	0.616274	0.558462	0.429701	0.253503	0.0493775	-0.16905	-0.385815	-0.574156	-0.699319	-0.736918	-0.682112	-0.55448	-0.382219	-0.204922	-0.0377715	0.10786	0.222391	0.312398	0.380841	0.430809	0.462257	0.481056	0.48474	0.46865	0.440871	0.391851	0.317467	0.226968	0.112075	-0.0315106	-0.198128	-0.385524	-0.59391	-0.829389	-1.08185	-1.3209	-1.52643	-1.6729	-1.71407	-1.62525	-1.42288	-1.1446	-0.834203	-0.521153	-0.215616	0.0566235	0.245435	0.322571	0.307509	0.241609	0.160934	0.0898387	0.0380252	0	
0	-0.0860627	-0.165984	-0.236121	-0.295891	-0.345228	-0.374555	-0.389629	-0.391946	-0.363968	-0.319448	-0.260823	-0.170692	-0.0654187	0.0517234	0.181867	0.317213	0.448894	0.568273	0.679111	0.785593	0.870045	0.930402	0.970515	0.990913	0.967398	0.905537	0.814507	0.711942	0.610361	0.509589	0.408229	0.320806	0.271308	0.250189	0.244564	0.235234	0.221325	0.194127	0.177661	0.193491	0.252984	0.340317	0.436384	0.526145	0.590538	0.596469	0.534723	0.402337	0.228411	0.0302256	-0.180908	-0.384747	-0.556027	-0.66443	-0.681099	-0.607803	-0.467003	-0.282594	-0.0970053	0.0728953	0.212582	0.31425	0.39049	0.441628	0.469083	0.479365	0.477084	0.453616	0.408903	0.35415	0.276378	0.173403	0.0589784	-0.0720908	-0.221571	-0.383502	-0.557311	-0.74684	-0.96142	-1.19123	-1.40622	-1.58612	-1.7024	-1.70798	-1.58228	-1.3472	-1.04535	-0.723819	-0.411684	-0.11646	0.139221	0.309759	0.371331	0.344567	0.269847	0.182729	0.10637	0.047654	0	
0	-0.0653109	-0.130631	-0.189117	-0.237628	-0.274378	-0.292708	-0.293139	-0.275736	-0.233603	-0.171549	-0.094523	0.0104805	0.123724	0.239492	0.363225	0.483534	0.598208	0.696368	0.788816	0.871355	0.929216	0.954755	0.957895	0.934575	0.871995	0.777476	0.670612	0.563976	0.473243	0.387607	0.308011	0.242174	0.213542	0.207484	0.210527	0.20742	0.194127	0.170328	0.155975	0.177764	0.242178	0.332073	0.431794	0.522032	0.586945	0.592574	0.530125	0.401074	0.234081	0.0430307	-0.156113	-0.34689	-0.503947	-0.59276	-0.591939	-0.50501	-0.353459	-0.168197	0.0100341	0.167217	0.290934	0.377402	0.434398	0.463467	0.469857	0.454956	0.423332	0.372006	0.300774	0.217072	0.112091	-0.00867439	-0.131777	-0.26392	-0.405527	-0.552144	-0.706494	-0.875006	-1.06677	-1.26919	-1.45231	-1.59791	-1.67789	-1.64813	-1.494	-1.24137	-0.93406	-0.618219	-0.319286	-0.0410196	0.196532	0.351194	0.402114	0.369276	0.290676	0.200839	0.121634	0.057114	0	
0	-0.0421549	-0.0780452	-0.108268	-0.129028	-0.13906	-0.13124	-0.110188	-0.0736939	-0.0100298	0.0652831	0.149776	0.252826	0.356192	0.456941	0.56048	0.658566	0.747522	0.821591	0.884973	0.935621	0.951391	0.934947	0.893349	0.832012	0.737585	0.628686	0.519465	0.425465	0.351889	0.28749	0.227682	0.182283	0.170917	0.175912	0.187185	0.186609	0.177661	0.155975	0.149176	0.179731	0.25196	0.350301	0.454249	0.550098	0.617157	0.623265	0.562768	0.437504	0.276295	0.0943346	-0.0960819	-0.277489	-0.421675	-0.500237	-0.490506	-0.399536	-0.25071	-0.0735712	0.0917433	0.234777	0.340513	0.403913	0.437324	0.441583	0.419111	0.376485	0.318811	0.23815	0.139814	0.0371481	-0.0791243	-0.203182	-0.322238	-0.443986	-0.569891	-0.697771	-0.830896	-0.97507	-1.13738	-1.30308	-1.44559	-1.55237	-1.59837	-1.54341	-1.37723	-1.12576	-0.829882	-0.531741	-0.252047	0.00825982	0.230018	0.373252	0.419021	0.385394	0.30707	0.217351	0.136886	0.0669695	0	
0	-0.00462038	-0.00325152	0.000900748	0.0148647	0.0406071	0.0795798	0.132176	0.195717	0.27289	0.354537	0.436449	0.531569	0.618145	0.697551	0.779578	0.851276	0.912039	0.952727	0.978296	0.984299	0.952403	0.890068	0.812623	0.72192	0.614796	0.503923	0.408433	0.33205	0.2808	0.234637	0.192554	0.163902	0.165578	0.180652	0.196009	0.200453	0.193491	0.177764	0.179731	0.220982	0.304615	0.41028	0.521287	0.621478	0.688987	0.694252	0.631859	0.505242	0.346896	0.165302	-0.0234757	-0.201286	-0.343046	-0.416703	-0.403124	-0.312952	-0.169187	-0.00451203	0.144445	0.265688	0.343944	0.381912	0.388569	0.363527	0.313712	0.243718	0.158573	0.0577926	-0.0501151	-0.157877	-0.274719	-0.390335	-0.495958	-0.602984	-0.711356	-0.817573	-0.923848	-1.03553	-1.15889	-1.27995	-1.37934	-1.45221	-1.47605	-1.41277	-1.25316	-1.01934	-0.746485	-0.471699	-0.211662	0.0334569	0.243556	0.380159	0.42581	0.395862	0.321134	0.233637	0.152887	0.0775273	0	
