0	0	0	0	0	0	0	0	0	0	0	0	0	0	0	0	0	0	0	0	0	0	0	0	0	0	0	0	0	0	0	0	0	0	0	0	0	0	0	0	0	0	0	0	0	0	0	0	0	0	0	0	0	0	0	0	0	0	0	0	0	0	0	0	0	0	0	0	0	0	0	0	0	0	0	0	0	0	0	0	0	0	0	0	0	0	0	0	0	0	0	0	0	0	0	0	0	0	0	0	
0	-0.00367639	-0.0203809	-0.0121195	-0.00217896	-0.00106645	0.00959924	-0.0104116	-0.0419392	-0.0745956	-0.116794	-0.126675	-0.114362	-0.0796424	-0.0299259	0.0421281	0.117827	0.177003	0.223688	0.259956	0.279719	0.257728	0.215455	0.164428	0.110528	0.0461018	-0.0330108	-0.106741	-0.156189	-0.169234	-0.150046	-0.114826	-0.0753663	-0.044852	-0.021185	-0.0105221	-0.00132567	-0.00196267	0.000858545	-0.00211935	-0.002241	-0.00388854	-0.00314313	-0.00455124	0.00136101	0.00102954	0.00909434	0.0118987	0.0171507	0.014844	0.0124603	0.00719426	-0.00518465	-0.00376257	-0.00395928	0.0129133	0.0287661	0.0208661	0.00975984	-0.00943669	-0.00687666	0.0264863	0.0410453	0.031772	0.0115582	-0.0112359	-0.00632666	0.0275652	0.0685113	0.112658	0.143973	0.139158	0.106497	0.0589043	-0.00921766	-0.0898143	-0.158458	-0.209313	-0.251318	-0.277521	-0.27085	-0.23265	-0.181795	-0.128963	-0.0678959	0.00736601	0.0867029	0.148578	0.176444	0.169028	0.137978	0.0987766	0.0631558	0.0365328	0.0193051	0.0093891	0.00422313	0.00174659	0.000607769	0	
0	-0.0203809	-0.0298475	-0.0304578	-0.0232969	0.00728468	0.0277179	-0.0102649	-0.0814536	-0.164096	-0.238442	-0.266362	-0.232642	-0.154447	-0.0460364	0.101739	0.251375	0.372104	0.46225	0.534627	0.557428	0.517185	0.428619	0.325224	0.212566	0.0793785	-0.076386	-0.219097	-0.31621	-0.340183	-0.30655	-0.236314	-0.161043	-0.0976306	-0.0509682	-0.023989	-0.00568134	0.00105535	0.00728519	0.00857975	0.01102	0.0115206	0.0132429	0.0126013	0.0143288	0.0120881	0.0127568	0.0107398	0.00874369	0.0106426	0.00866249	0.0110591	0.0127317	0.0178294	0.0184978	0.0183543	0.0245399	0.0240491	0.0143694	0.00536761	0.0180117	0.0441085	0.0564718	0.0523802	0.0253272	-0.00734948	0.00489058	0.0644091	0.140805	0.220541	0.272372	0.262293	0.201195	0.10615	-0.0271445	-0.18054	-0.314072	-0.416486	-0.49791	-0.544875	-0.530453	-0.458083	-0.359324	-0.252565	-0.128933	0.0193112	0.172369	0.290903	0.344697	0.331262	0.272107	0.1964	0.12677	0.074094	0.0395849	0.0194722	0.00886006	0.0037056	0.00130141	0	
0	-0.0121195	-0.0304578	-0.0464711	-0.0322763	0.00562578	0.00826722	-0.0417964	-0.132447	-0.242109	-0.332216	-0.368661	-0.319114	-0.208418	-0.0423068	0.165495	0.375473	0.552749	0.689639	0.786566	0.810045	0.754419	0.629318	0.477728	0.305174	0.103859	-0.11784	-0.320789	-0.454355	-0.491688	-0.444949	-0.347795	-0.240371	-0.146982	-0.0798973	-0.0353534	-0.011379	0.00440435	0.0101255	0.0160934	0.0178214	0.0203996	0.0207527	0.0222106	0.0191599	0.0196417	0.0139974	0.0134564	0.00888125	0.0108568	0.0145364	0.0199701	0.028768	0.0330997	0.0356798	0.0228259	0.0142794	0.0224019	0.0310233	0.0387279	0.0439175	0.0517776	0.0629269	0.0578468	0.0345284	0.0217739	0.0483955	0.118791	0.217303	0.315784	0.372576	0.357129	0.272453	0.130686	-0.060547	-0.273076	-0.465008	-0.618683	-0.733901	-0.79262	-0.769228	-0.669477	-0.527503	-0.365132	-0.17719	0.0390916	0.255366	0.421094	0.497399	0.480611	0.398864	0.291733	0.19118	0.113582	0.0617277	0.0309008	0.0143095	0.00608641	0.00216705	0	
0	-0.00217896	-0.0232969	-0.0322763	-0.0238908	-0.02787	-0.0585155	-0.111994	-0.199626	-0.306524	-0.387994	-0.413094	-0.360472	-0.224447	-0.0141822	0.23213	0.485679	0.714026	0.89493	1.00462	1.03132	0.96134	0.814623	0.617161	0.385147	0.12057	-0.1556	-0.403575	-0.56343	-0.614052	-0.558735	-0.443509	-0.30925	-0.19072	-0.103662	-0.0445821	-0.0133099	0.00650365	0.0125611	0.0176669	0.017317	0.0180934	0.017095	0.0174933	0.0162709	0.0190235	0.0178321	0.02146	0.0249634	0.0242759	0.0292611	0.032795	0.0330577	0.0335988	0.037887	0.0320347	0.0222086	0.0258454	0.0487538	0.0736413	0.0698963	0.0570566	0.055163	0.0506582	0.0562915	0.0817011	0.121029	0.19264	0.29629	0.389877	0.43666	0.414969	0.308966	0.124104	-0.112764	-0.368735	-0.610844	-0.811637	-0.951822	-1.01289	-0.980301	-0.860483	-0.679958	-0.460764	-0.208586	0.0676431	0.333116	0.534035	0.628728	0.612264	0.51532	0.383671	0.2565	0.155655	0.0864592	0.0442447	0.0209397	0.00909154	0.00329077	0	
0	-0.00106645	0.00728468	0.00562578	-0.02787	-0.0934508	-0.156682	-0.204428	-0.277182	-0.359906	-0.40903	-0.416399	-0.354765	-0.193984	0.0447401	0.316469	0.602165	0.872128	1.08071	1.19684	1.21647	1.13738	0.970727	0.72879	0.437092	0.116647	-0.202909	-0.477642	-0.658113	-0.718095	-0.66378	-0.537073	-0.383645	-0.244148	-0.136191	-0.0641413	-0.0209237	0.00201609	0.0129486	0.0168204	0.0184172	0.0171278	0.017938	0.0173918	0.0190478	0.0226793	0.0270219	0.0316773	0.0395638	0.0429986	0.0425691	0.0421409	0.0360715	0.0252964	0.0289823	0.0421343	0.0493897	0.0545264	0.0669221	0.0852172	0.0842216	0.0606209	0.0442661	0.0576729	0.104567	0.160654	0.212021	0.283081	0.370579	0.436283	0.462341	0.428949	0.301113	0.0829433	-0.183841	-0.46967	-0.751675	-0.98914	-1.14339	-1.20021	-1.15951	-1.02493	-0.809212	-0.534054	-0.221665	0.103169	0.402168	0.62577	0.73487	0.723046	0.619316	0.471161	0.322564	0.200656	0.114285	0.0599592	0.029074	0.0129114	0.0047574	0	
0	0.00959924	0.0277179	0.00826722	-0.0585155	-0.156682	-0.242373	-0.298876	-0.358837	-0.402053	-0.415363	-0.393351	-0.303728	-0.117581	0.142017	0.430118	0.740491	1.03111	1.25032	1.36111	1.36904	1.27991	1.09059	0.804855	0.458974	0.091162	-0.255547	-0.545289	-0.737038	-0.8078	-0.760805	-0.631357	-0.466921	-0.309056	-0.183366	-0.0944093	-0.0396775	-0.00781689	0.00984944	0.0178373	0.0248897	0.0277082	0.0309042	0.0357843	0.0364447	0.0399003	0.0431247	0.041094	0.04245	0.0435856	0.039478	0.0376113	0.0430362	0.0370437	0.035264	0.0572164	0.0791068	0.0878385	0.0835046	0.0776973	0.0741658	0.0635044	0.0652488	0.102194	0.168722	0.245419	0.315747	0.377144	0.426313	0.453141	0.450768	0.393576	0.244414	0.00909239	-0.272668	-0.578216	-0.886005	-1.14345	-1.30142	-1.35182	-1.30431	-1.15649	-0.9077	-0.581301	-0.218018	0.141433	0.458675	0.69384	0.814203	0.811518	0.709516	0.55322	0.388912	0.248581	0.145459	0.0783606	0.038976	0.0177178	0.0066481	0	
0	-0.0104116	-0.0102649	-0.0417964	-0.111994	-0.204428	-0.298876	-0.377853	-0.418246	-0.417178	-0.394353	-0.332329	-0.210401	-0.00675586	0.252381	0.552823	0.874769	1.16829	1.38729	1.49274	1.49469	1.39472	1.18352	0.859696	0.47237	0.0722337	-0.286882	-0.580633	-0.777842	-0.859751	-0.826844	-0.701404	-0.534562	-0.361351	-0.220499	-0.114831	-0.0471747	-0.00770671	0.0169601	0.0279178	0.0361023	0.0428252	0.043857	0.0497923	0.0511947	0.048378	0.0513135	0.0445393	0.0383492	0.0371556	0.0344833	0.0325714	0.0486783	0.0704971	0.0757259	0.0819172	0.0931689	0.0935341	0.0779753	0.0674957	0.0756328	0.0902835	0.118734	0.171397	0.24586	0.33815	0.416404	0.450727	0.454522	0.44208	0.400505	0.30735	0.142991	-0.0927912	-0.379076	-0.694528	-1.00895	-1.26711	-1.42175	-1.46694	-1.41217	-1.24887	-0.969509	-0.601792	-0.202136	0.176699	0.499137	0.737484	0.867164	0.87783	0.785362	0.628965	0.454825	0.299096	0.179976	0.0996118	0.0508372	0.0236557	0.00903694	0	
0	-0.0419392	-0.0814536	-0.132447	-0.199626	-0.277182	-0.358837	-0.418246	-0.413849	-0.371672	-0.314456	-0.2177	-0.0736514	0.117145	0.361267	0.668626	0.979672	1.26378	1.47553	1.5827	1.58103	1.47356	1.23787	0.893705	0.478882	0.0698575	-0.292369	-0.578744	-0.780018	-0.873058	-0.858721	-0.746527	-0.580782	-0.4022	-0.243886	-0.127793	-0.0449161	-6.70618e-06	0.0278006	0.041045	0.0437577	0.0478995	0.0453659	0.0415556	0.0440866	0.0374071	0.0381031	0.0428952	0.0408734	0.0473474	0.0613552	0.0644987	0.069593	0.0891378	0.0992615	0.0935415	0.0872348	0.0865182	0.0785418	0.073613	0.0996527	0.144694	0.195792	0.260318	0.339412	0.426073	0.486007	0.489513	0.455606	0.399419	0.307493	0.177537	0.00770046	-0.219223	-0.502684	-0.813655	-1.11288	-1.35568	-1.50385	-1.54496	-1.47945	-1.29697	-0.992339	-0.598532	-0.180572	0.203054	0.521159	0.757626	0.895877	0.923396	0.846964	0.697645	0.5194	0.351583	0.217588	0.123719	0.0647671	0.0308355	0.0119867	0	
0	-0.0745956	-0.164096	-0.242109	-0.306524	-0.359906	-0.402053	-0.417178	-0.371672	-0.293495	-0.190704	-0.050969	0.103781	0.277215	0.513945	0.799729	1.07492	1.32996	1.52114	1.6212	1.61299	1.48475	1.23078	0.877262	0.456719	0.0552583	-0.299284	-0.575568	-0.776667	-0.885339	-0.888817	-0.799864	-0.638431	-0.461505	-0.289998	-0.161975	-0.0688929	-0.0125224	0.0167351	0.0355106	0.0398515	0.0419623	0.0452724	0.0394215	0.0432162	0.0441034	0.0428424	0.0528883	0.0624821	0.0662398	0.0842951	0.0985164	0.0957707	0.0970328	0.0958727	0.0894463	0.0811416	0.0826396	0.0961621	0.111646	0.152003	0.220541	0.29316	0.364936	0.430691	0.484087	0.512866	0.493263	0.423824	0.315792	0.175381	0.0193624	-0.151546	-0.368325	-0.638395	-0.925215	-1.19098	-1.40928	-1.54906	-1.58367	-1.50198	-1.29885	-0.978867	-0.577964	-0.160542	0.215733	0.523963	0.756623	0.903609	0.950482	0.89494	0.758677	0.581648	0.405222	0.257843	0.150537	0.0807868	0.0393248	0.0155445	0	
0	-0.116794	-0.238442	-0.332216	-0.387994	-0.40903	-0.415363	-0.394353	-0.314456	-0.190704	-0.0290889	0.144015	0.307262	0.480845	0.698197	0.933578	1.16181	1.37447	1.53504	1.62336	1.59638	1.44223	1.18215	0.828216	0.427782	0.0416354	-0.296855	-0.563531	-0.765899	-0.888601	-0.915163	-0.848723	-0.701299	-0.524751	-0.347486	-0.204736	-0.10198	-0.034665	0.00254381	0.0228871	0.0367747	0.0380961	0.0493259	0.0507629	0.0571712	0.067562	0.0724255	0.07883	0.0910611	0.0943641	0.0934686	0.103665	0.0995776	0.0939578	0.0909251	0.0858874	0.0880431	0.102554	0.136515	0.178859	0.237869	0.320126	0.397606	0.455878	0.491296	0.505932	0.503032	0.455838	0.345096	0.190652	0.0185875	-0.154103	-0.329686	-0.534199	-0.773802	-1.01778	-1.24088	-1.43109	-1.55762	-1.57907	-1.47718	-1.25766	-0.936782	-0.548608	-0.148353	0.212073	0.508517	0.737831	0.894195	0.961797	0.930275	0.811681	0.640591	0.459076	0.300128	0.179786	0.0988277	0.0491432	0.0197377	0	
0	-0.126675	-0.266362	-0.368661	-0.413094	-0.416399	-0.393351	-0.332329	-0.2177	-0.050969	0.144015	0.334147	0.51372	0.687958	0.870617	1.05039	1.23569	1.40246	1.53634	1.60319	1.54966	1.38076	1.12225	0.785806	0.420553	0.053569	-0.264933	-0.527859	-0.733214	-0.869819	-0.923235	-0.877205	-0.751256	-0.573718	-0.395074	-0.235584	-0.121503	-0.0414099	0.00630355	0.031379	0.0506464	0.0569327	0.0650674	0.0748039	0.0767192	0.0889848	0.0953175	0.100171	0.104332	0.108833	0.100584	0.0972839	0.0924461	0.0858457	0.09094	0.0995756	0.117304	0.154116	0.216142	0.282055	0.34338	0.415395	0.479399	0.514149	0.517123	0.493403	0.449929	0.364716	0.218931	0.0379802	-0.150819	-0.338708	-0.519984	-0.701802	-0.893482	-1.08498	-1.26456	-1.42323	-1.52698	-1.52763	-1.40706	-1.18216	-0.877239	-0.519065	-0.148141	0.191854	0.477267	0.705087	0.871535	0.960156	0.954181	0.8565	0.695356	0.512178	0.343733	0.211074	0.118735	0.060258	0.0245705	0	
0	-0.114362	-0.232642	-0.319114	-0.360472	-0.354765	-0.303728	-0.210401	-0.0736514	0.103781	0.307262	0.51372	0.706877	0.874547	1.01273	1.14567	1.28705	1.41148	1.51335	1.545	1.47128	1.29967	1.05549	0.755908	0.430068	0.0896393	-0.210786	-0.473853	-0.681638	-0.834797	-0.911892	-0.889282	-0.785306	-0.611926	-0.43242	-0.260037	-0.132974	-0.040395	0.0172204	0.0516801	0.0716802	0.0872132	0.0909189	0.102228	0.102617	0.105589	0.107	0.105072	0.101287	0.0988649	0.0927711	0.0898103	0.0892896	0.0919138	0.114222	0.149774	0.194448	0.246948	0.315665	0.38855	0.442344	0.48849	0.525228	0.534018	0.505096	0.436489	0.342784	0.223129	0.0616034	-0.129753	-0.331131	-0.530647	-0.706325	-0.851363	-0.987305	-1.12698	-1.26386	-1.38367	-1.45349	-1.4301	-1.29989	-1.08546	-0.812232	-0.496113	-0.161295	0.157016	0.433607	0.662224	0.839221	0.948239	0.967999	0.893212	0.745246	0.563613	0.387895	0.243924	0.140276	0.0725842	0.0300225	0	
0	-0.0796424	-0.154447	-0.208418	-0.224447	-0.193984	-0.117581	-0.00675586	0.117145	0.277215	0.480845	0.687958	0.874547	1.01226	1.10704	1.19712	1.29297	1.37754	1.43535	1.43702	1.35673	1.20299	0.991615	0.744455	0.459132	0.155588	-0.134623	-0.392721	-0.607737	-0.775195	-0.872815	-0.878308	-0.791628	-0.634179	-0.449719	-0.275042	-0.133605	-0.0338855	0.0307176	0.0694735	0.0892922	0.102352	0.106449	0.109603	0.108599	0.106398	0.101118	0.094631	0.0883809	0.0863996	0.0847529	0.0962305	0.121238	0.143536	0.182042	0.236265	0.296351	0.355869	0.416986	0.475806	0.511615	0.530861	0.534884	0.506433	0.437377	0.325801	0.192025	0.0512832	-0.114939	-0.311938	-0.519877	-0.715	-0.867365	-0.969413	-1.05372	-1.14532	-1.23587	-1.30735	-1.3368	-1.29429	-1.1695	-0.982041	-0.751898	-0.483547	-0.186658	0.110953	0.381269	0.612709	0.800332	0.928458	0.973123	0.922124	0.789774	0.612571	0.431859	0.277804	0.163153	0.0859876	0.036048	0	
0	-0.0299259	-0.0460364	-0.0423068	-0.0141822	0.0447401	0.142017	0.252381	0.361267	0.513945	0.698197	0.870617	1.01273	1.10704	1.15765	1.19827	1.24828	1.28049	1.29592	1.27693	1.20927	1.0893	0.928477	0.732105	0.494925	0.221784	-0.0545869	-0.311631	-0.532676	-0.713152	-0.830544	-0.861074	-0.796599	-0.653082	-0.47348	-0.29338	-0.146181	-0.0380123	0.0305962	0.0697698	0.0888317	0.097524	0.0950743	0.0962975	0.0890917	0.0863328	0.0870305	0.0867972	0.09147	0.10668	0.123082	0.143035	0.186734	0.233774	0.28408	0.342713	0.401656	0.451478	0.495435	0.536901	0.548497	0.528499	0.489132	0.419446	0.313941	0.173619	0.0163587	-0.138892	-0.309282	-0.504932	-0.701297	-0.870612	-0.989484	-1.05355	-1.09395	-1.13657	-1.17343	-1.19148	-1.1839	-1.1348	-1.03207	-0.884468	-0.702711	-0.482051	-0.221304	0.0576496	0.323804	0.559442	0.757365	0.9029	0.970943	0.943737	0.828687	0.658392	0.474911	0.312159	0.187019	0.10029	0.0425772	0	
0	0.0421281	0.101739	0.165495	0.23213	0.316469	0.430118	0.552823	0.668626	0.799729	0.933578	1.05039	1.14567	1.19712	1.19827	1.18872	1.17264	1.1445	1.11833	1.08603	1.03875	0.96261	0.848634	0.702982	0.506048	0.261858	-0.00265389	-0.258928	-0.485988	-0.677102	-0.813291	-0.865949	-0.824936	-0.697304	-0.523413	-0.343246	-0.187014	-0.0736597	0.00254676	0.0471791	0.066843	0.0816728	0.0814409	0.0845786	0.0886822	0.0885424	0.0987694	0.113641	0.130725	0.159768	0.201177	0.238585	0.286604	0.336931	0.388107	0.442647	0.492505	0.528905	0.545615	0.551385	0.528243	0.466366	0.383178	0.27975	0.15232	-0.00320046	-0.177349	-0.346054	-0.513724	-0.689417	-0.853171	-0.985228	-1.0721	-1.10547	-1.10394	-1.09213	-1.07136	-1.04104	-1.00948	-0.969606	-0.902156	-0.801016	-0.667073	-0.489921	-0.261538	0.000944119	0.264249	0.504706	0.712275	0.873332	0.962808	0.958718	0.861952	0.700585	0.516416	0.346436	0.211493	0.115277	0.0495194	0	
0	0.117827	0.251375	0.375473	0.485679	0.602165	0.740491	0.874769	0.979672	1.07492	1.16181	1.23569	1.28705	1.29297	1.24828	1.17264	1.08374	1.00249	0.943919	0.909108	0.89183	0.855836	0.785607	0.681445	0.515006	0.296663	0.0387226	-0.217054	-0.45062	-0.65369	-0.802975	-0.880741	-0.8564	-0.749623	-0.578201	-0.398823	-0.233984	-0.109636	-0.0259442	0.029007	0.0569956	0.0763808	0.0902868	0.0997363	0.1171	0.133736	0.156136	0.18376	0.216981	0.251154	0.296056	0.340939	0.39482	0.447233	0.487288	0.524784	0.552572	0.559005	0.538719	0.503673	0.443383	0.346792	0.232707	0.106293	-0.0366954	-0.202491	-0.386335	-0.557081	-0.70481	-0.842297	-0.964169	-1.06011	-1.11867	-1.12134	-1.07392	-1.00527	-0.933126	-0.870006	-0.832371	-0.81517	-0.789655	-0.735041	-0.644086	-0.504188	-0.30378	-0.0559534	0.204985	0.450216	0.666554	0.84123	0.949999	0.967848	0.889731	0.738832	0.555838	0.380108	0.236181	0.130709	0.0567661	0	
0	0.177003	0.372104	0.552749	0.714026	0.872128	1.03111	1.16829	1.26378	1.32996	1.37447	1.40246	1.41148	1.37754	1.28049	1.1445	1.00249	0.887786	0.815501	0.793119	0.804422	0.802487	0.769033	0.690649	0.550495	0.347579	0.0960742	-0.162008	-0.403178	-0.615562	-0.779404	-0.875023	-0.870848	-0.777489	-0.613232	-0.429237	-0.255259	-0.118524	-0.0196385	0.0444441	0.0869736	0.114062	0.138327	0.157607	0.183909	0.208543	0.242608	0.279616	0.320296	0.365425	0.41406	0.453406	0.492777	0.531465	0.553533	0.560395	0.553319	0.526528	0.467743	0.393063	0.305154	0.186839	0.0507216	-0.0943078	-0.249812	-0.41765	-0.593389	-0.745545	-0.859212	-0.953975	-1.03672	-1.09912	-1.12578	-1.09129	-0.996489	-0.879026	-0.772665	-0.697475	-0.669976	-0.68271	-0.698773	-0.685844	-0.630946	-0.521683	-0.34513	-0.110662	0.147748	0.397226	0.621336	0.807818	0.933704	0.971978	0.912351	0.77298	0.592749	0.412697	0.26069	0.146331	0.0641964	0	
0	0.223688	0.46225	0.689639	0.89493	1.08071	1.25032	1.38729	1.47553	1.52114	1.53504	1.53634	1.51335	1.43535	1.29592	1.11833	0.943919	0.815501	0.746375	0.739426	0.774454	0.802268	0.79325	0.736902	0.614917	0.426013	0.179631	-0.0799331	-0.328743	-0.548618	-0.725968	-0.836766	-0.851194	-0.771563	-0.613598	-0.427319	-0.243884	-0.0942379	0.0175868	0.0960515	0.149178	0.18877	0.223578	0.252554	0.288147	0.321705	0.357451	0.398036	0.437063	0.47124	0.51247	0.540287	0.557456	0.567976	0.557127	0.530854	0.487182	0.426048	0.340862	0.240175	0.129705	-0.00741917	-0.161613	-0.3179	-0.472233	-0.623266	-0.771149	-0.892109	-0.970625	-1.02747	-1.07331	-1.09752	-1.08371	-1.0088	-0.875462	-0.728194	-0.609933	-0.541341	-0.533866	-0.576867	-0.628948	-0.65034	-0.624302	-0.539755	-0.383586	-0.161613	0.0937235	0.346636	0.577485	0.774113	0.915006	0.971986	0.930258	0.803019	0.626835	0.443779	0.284642	0.16188	0.0716815	0	
0	0.259956	0.534627	0.786566	1.00462	1.19684	1.36111	1.49274	1.5827	1.6212	1.62336	1.60319	1.545	1.43702	1.27693	1.08603	0.909108	0.793119	0.739426	0.751364	0.809643	0.858173	0.870295	0.829541	0.722396	0.545244	0.304393	0.0427068	-0.211133	-0.439709	-0.626416	-0.752321	-0.781976	-0.71607	-0.56465	-0.376385	-0.185641	-0.0239445	0.0996182	0.188234	0.252053	0.296172	0.338823	0.369735	0.407383	0.44052	0.473814	0.504494	0.534071	0.551104	0.56464	0.568361	0.554394	0.534665	0.494406	0.435741	0.365619	0.28143	0.171111	0.0445604	-0.0838474	-0.230423	-0.389244	-0.54021	-0.675356	-0.794186	-0.905253	-0.994488	-1.04249	-1.063	-1.06667	-1.04479	-0.987389	-0.880056	-0.727533	-0.574075	-0.463658	-0.413261	-0.428306	-0.496748	-0.576765	-0.624705	-0.6212	-0.556575	-0.418004	-0.207912	0.0436731	0.299091	0.535671	0.740955	0.894876	0.96874	0.943982	0.829065	0.657889	0.473	0.307687	0.1771	0.0790897	0	
0	0.279719	0.557428	0.810045	1.03132	1.21647	1.36904	1.49469	1.58103	1.61299	1.59638	1.54966	1.47128	1.35673	1.20927	1.03875	0.89183	0.804422	0.774454	0.809643	0.885185	0.952538	0.982864	0.95461	0.862298	0.69628	0.46135	0.200758	-0.0591402	-0.292542	-0.489557	-0.626749	-0.672041	-0.61858	-0.475485	-0.287234	-0.0914412	0.0782726	0.211496	0.305156	0.37504	0.418984	0.458896	0.486201	0.511654	0.534281	0.550258	0.563031	0.569387	0.565352	0.553709	0.528587	0.48755	0.440003	0.375092	0.291999	0.193389	0.0856011	-0.0398021	-0.181455	-0.319206	-0.461321	-0.605001	-0.731944	-0.836701	-0.921215	-0.997576	-1.05623	-1.07185	-1.05041	-1.00573	-0.937474	-0.845923	-0.724676	-0.575884	-0.436304	-0.345748	-0.317041	-0.351506	-0.438171	-0.537877	-0.605513	-0.619516	-0.57113	-0.447918	-0.249163	-0.0019524	0.255054	0.496416	0.70904	0.874169	0.96307	0.954098	0.851325	0.6858	0.500073	0.329509	0.191744	0.0862912	0	
0	0.257728	0.517185	0.754419	0.96134	1.13738	1.27991	1.39472	1.47356	1.48475	1.44223	1.38076	1.29967	1.20299	1.0893	0.96261	0.855836	0.802487	0.802268	0.858173	0.952538	1.04071	1.08926	1.07808	1.00328	0.849976	0.627144	0.367919	0.107273	-0.130592	-0.336078	-0.482511	-0.544944	-0.503169	-0.373354	-0.188504	0.00551948	0.177368	0.311295	0.405323	0.469524	0.509644	0.53817	0.554467	0.566611	0.571013	0.568189	0.558568	0.542413	0.510998	0.475981	0.43119	0.362767	0.288853	0.199713	0.0943633	-0.0217176	-0.144808	-0.278756	-0.420204	-0.546544	-0.6655	-0.78188	-0.880214	-0.954807	-1.00687	-1.048	-1.07078	-1.04684	-0.979343	-0.889636	-0.787766	-0.681707	-0.567879	-0.441097	-0.326891	-0.259673	-0.250121	-0.298223	-0.395908	-0.508325	-0.590257	-0.617996	-0.583051	-0.473324	-0.285301	-0.0429176	0.214859	0.460136	0.678939	0.853629	0.955747	0.961198	0.870075	0.71054	0.524778	0.349832	0.205586	0.0931616	0	
0	0.215455	0.428619	0.629318	0.814623	0.970727	1.09059	1.18352	1.23787	1.23078	1.18215	1.12225	1.05549	0.991615	0.928477	0.848634	0.785607	0.769033	0.79325	0.870295	0.982864	1.08926	1.15788	1.16511	1.10637	0.970935	0.757794	0.505375	0.24402	0.00282563	-0.207599	-0.366158	-0.439844	-0.415508	-0.295566	-0.12039	0.0703168	0.239748	0.370799	0.459026	0.517317	0.543167	0.560792	0.56025	0.553133	0.541963	0.519175	0.488909	0.453074	0.401916	0.33664	0.266341	0.178473	0.083678	-0.0223837	-0.14186	-0.266959	-0.38849	-0.509569	-0.633372	-0.738386	-0.829352	-0.915647	-0.98478	-1.02948	-1.04687	-1.04631	-1.02547	-0.959585	-0.853186	-0.734572	-0.620554	-0.521142	-0.430727	-0.33511	-0.248852	-0.202296	-0.206502	-0.262281	-0.365202	-0.485138	-0.57739	-0.616073	-0.592392	-0.494489	-0.316466	-0.0791332	0.178739	0.427159	0.651124	0.83389	0.947469	0.965858	0.885634	0.732145	0.546955	0.368423	0.218419	0.0995855	0	
0	0.164428	0.325224	0.477728	0.617161	0.72879	0.804855	0.859696	0.893705	0.877262	0.828216	0.785806	0.755908	0.744455	0.732105	0.702982	0.681445	0.690649	0.736902	0.829541	0.95461	1.07808	1.16511	1.18721	1.14908	1.02589	0.828595	0.580738	0.321692	0.079433	-0.138018	-0.302101	-0.392731	-0.378168	-0.275459	-0.106426	0.0762574	0.241377	0.368767	0.450064	0.499197	0.517558	0.51768	0.505735	0.480338	0.44721	0.404306	0.351578	0.290344	0.21876	0.139167	0.0517569	-0.0545925	-0.162002	-0.271429	-0.386493	-0.501653	-0.60812	-0.707634	-0.807512	-0.887274	-0.949195	-1.00555	-1.04327	-1.05179	-1.02709	-0.980342	-0.917281	-0.819523	-0.692777	-0.567797	-0.46256	-0.384592	-0.324423	-0.260335	-0.198486	-0.167128	-0.17946	-0.238208	-0.342428	-0.466388	-0.566127	-0.613643	-0.599436	-0.511813	-0.342908	-0.110606	0.146857	0.397748	0.625978	0.81549	0.938858	0.968626	0.898337	0.7507	0.566498	0.385089	0.230063	0.105458	0	
0	0.110528	0.212566	0.305174	0.385147	0.437092	0.458974	0.47237	0.478882	0.456719	0.427782	0.420553	0.430068	0.459132	0.494925	0.506048	0.515006	0.550495	0.614917	0.722396	0.862298	1.00328	1.10637	1.14908	1.12458	1.02023	0.83325	0.594041	0.336825	0.093125	-0.12709	-0.300857	-0.400183	-0.402204	-0.308914	-0.152875	0.0236083	0.182109	0.300862	0.374996	0.411601	0.41511	0.402136	0.370647	0.328366	0.280386	0.218978	0.149631	0.0756156	-0.0125023	-0.109617	-0.201771	-0.304513	-0.406458	-0.506646	-0.607315	-0.703552	-0.789599	-0.864579	-0.937563	-0.99115	-1.0226	-1.04282	-1.04078	-1.0072	-0.93981	-0.85344	-0.762079	-0.652307	-0.527454	-0.415705	-0.332488	-0.28148	-0.25025	-0.212509	-0.168954	-0.14719	-0.163228	-0.221909	-0.325156	-0.450971	-0.556183	-0.61085	-0.604565	-0.525735	-0.364924	-0.137403	0.119319	0.372105	0.60381	0.798872	0.930448	0.970004	0.908519	0.766321	0.583342	0.399676	0.240364	0.110688	0	
0	0.0461018	0.0793785	0.103859	0.12057	0.116647	0.091162	0.0722337	0.0698575	0.0552583	0.0416354	0.053569	0.0896393	0.155588	0.221784	0.261858	0.296663	0.347579	0.426013	0.545244	0.69628	0.849976	0.970935	1.02589	1.02023	0.927061	0.754738	0.521033	0.267834	0.0236747	-0.200224	-0.378876	-0.490576	-0.501642	-0.423657	-0.274827	-0.108301	0.0433866	0.156502	0.220041	0.248474	0.241041	0.212742	0.170952	0.11324	0.0496843	-0.0213148	-0.100309	-0.182113	-0.265705	-0.35607	-0.443071	-0.538045	-0.627927	-0.709201	-0.790074	-0.865615	-0.926897	-0.975069	-1.02009	-1.04108	-1.03306	-1.01091	-0.967143	-0.895038	-0.796031	-0.688064	-0.589609	-0.488383	-0.382376	-0.29468	-0.237372	-0.211294	-0.203061	-0.184549	-0.153227	-0.136688	-0.153606	-0.210655	-0.311896	-0.438327	-0.547547	-0.607948	-0.608172	-0.536679	-0.382818	-0.159625	0.0961868	0.35039	0.584869	0.784403	0.922696	0.970434	0.916496	0.77914	0.597457	0.412065	0.249193	0.115196	0	
0	-0.0330108	-0.076386	-0.11784	-0.1556	-0.202909	-0.255547	-0.286882	-0.292369	-0.299284	-0.296855	-0.264933	-0.210786	-0.134623	-0.0545869	-0.00265389	0.0387226	0.0960742	0.179631	0.304393	0.46135	0.627144	0.757794	0.828595	0.83325	0.754738	0.591112	0.365455	0.114074	-0.129332	-0.355957	-0.540117	-0.659293	-0.682215	-0.612594	-0.474829	-0.314152	-0.168786	-0.0629774	-0.00329906	0.0157041	0.00252322	-0.0317912	-0.0801889	-0.140545	-0.203239	-0.275156	-0.350044	-0.425399	-0.505848	-0.588069	-0.660491	-0.736656	-0.808216	-0.871549	-0.929172	-0.979339	-1.01528	-1.03017	-1.03543	-1.01726	-0.969384	-0.907728	-0.830417	-0.734938	-0.624385	-0.516321	-0.429694	-0.350601	-0.270982	-0.209068	-0.174717	-0.167711	-0.17538	-0.169511	-0.145675	-0.131534	-0.147884	-0.202789	-0.301797	-0.428211	-0.54033	-0.60521	-0.610613	-0.545022	-0.396876	-0.177387	0.0774942	0.332721	0.569347	0.772372	0.915975	0.970295	0.922552	0.789291	0.608837	0.422166	0.256447	0.118917	0	
0	-0.106741	-0.219097	-0.320789	-0.403575	-0.477642	-0.545289	-0.580633	-0.578744	-0.575568	-0.563531	-0.527859	-0.473853	-0.392721	-0.311631	-0.258928	-0.217054	-0.162008	-0.0799331	0.0427068	0.200758	0.367919	0.505375	0.580738	0.594041	0.521033	0.365455	0.142187	-0.106132	-0.351053	-0.578606	-0.766648	-0.891868	-0.920543	-0.859031	-0.724694	-0.568407	-0.424468	-0.318507	-0.261036	-0.240309	-0.254272	-0.28825	-0.334208	-0.392181	-0.452625	-0.516146	-0.583455	-0.64845	-0.711743	-0.77946	-0.835909	-0.895071	-0.946804	-0.984024	-1.01472	-1.03267	-1.02984	-1.00653	-0.97485	-0.919611	-0.837506	-0.750082	-0.658449	-0.560277	-0.45766	-0.365626	-0.301417	-0.248763	-0.194788	-0.154515	-0.137147	-0.142784	-0.160263	-0.162027	-0.142464	-0.129176	-0.144464	-0.197361	-0.29439	-0.42053	-0.534672	-0.602878	-0.612186	-0.551078	-0.407342	-0.190798	0.0632537	0.319186	0.557391	0.763004	0.910582	0.969896	0.926929	0.796895	0.617489	0.429914	0.262046	0.1218	0	
0	-0.156189	-0.31621	-0.454355	-0.56343	-0.658113	-0.737038	-0.777842	-0.780018	-0.776667	-0.765899	-0.733214	-0.681638	-0.607737	-0.532676	-0.485988	-0.45062	-0.403178	-0.328743	-0.211133	-0.0591402	0.107273	0.24402	0.321692	0.336825	0.267834	0.114074	-0.106132	-0.355609	-0.599754	-0.829811	-1.01932	-1.1481	-1.18074	-1.12178	-0.989985	-0.833102	-0.68771	-0.579853	-0.517743	-0.494595	-0.502703	-0.531716	-0.570412	-0.62116	-0.670391	-0.725001	-0.779723	-0.831772	-0.881068	-0.929382	-0.965672	-0.998401	-1.02102	-1.02749	-1.02136	-1.00329	-0.966945	-0.907283	-0.841656	-0.76263	-0.666407	-0.573523	-0.486075	-0.401347	-0.319031	-0.250466	-0.210586	-0.181508	-0.147719	-0.122864	-0.116492	-0.129588	-0.152539	-0.158564	-0.141289	-0.128172	-0.142476	-0.193856	-0.289421	-0.415256	-0.530697	-0.601148	-0.613121	-0.55509	-0.414415	-0.199956	0.0534663	0.309845	0.549109	0.756464	0.906739	0.969475	0.929817	0.802055	0.623424	0.435266	0.265931	0.123805	0	
0	-0.169234	-0.340183	-0.491688	-0.614052	-0.718095	-0.8078	-0.859751	-0.873058	-0.885339	-0.888601	-0.869819	-0.834797	-0.775195	-0.713152	-0.677102	-0.65369	-0.615562	-0.548618	-0.439709	-0.292542	-0.130592	0.00282563	0.079433	0.093125	0.0236747	-0.129332	-0.351053	-0.599754	-0.846004	-1.07569	-1.26676	-1.39622	-1.42981	-1.37134	-1.23853	-1.07966	-0.931227	-0.818863	-0.752334	-0.723147	-0.72512	-0.746127	-0.777118	-0.815902	-0.854784	-0.893745	-0.931631	-0.963432	-0.990686	-1.01561	-1.02108	-1.02312	-1.0137	-0.985503	-0.946988	-0.8957	-0.828561	-0.747807	-0.669868	-0.585295	-0.491177	-0.408876	-0.339313	-0.276927	-0.21829	-0.172279	-0.152797	-0.141307	-0.121221	-0.106034	-0.106061	-0.123175	-0.1489	-0.157062	-0.140903	-0.127773	-0.141473	-0.192005	-0.286755	-0.412387	-0.528497	-0.600154	-0.613578	-0.557227	-0.418233	-0.204931	0.0481287	0.304739	0.54457	0.752864	0.904597	0.969195	0.931351	0.804846	0.626657	0.438194	0.268061	0.124907	0	
0	-0.150046	-0.30655	-0.444949	-0.558735	-0.66378	-0.760805	-0.826844	-0.858721	-0.888817	-0.915163	-0.923235	-0.911892	-0.872815	-0.830544	-0.813291	-0.802975	-0.779404	-0.725968	-0.626416	-0.489557	-0.336078	-0.207599	-0.138018	-0.12709	-0.200224	-0.355957	-0.578606	-0.829811	-1.07569	-1.30664	-1.49671	-1.626	-1.65771	-1.59764	-1.46117	-1.2989	-1.14474	-1.02632	-0.952465	-0.914058	-0.906103	-0.91611	-0.931987	-0.958058	-0.977966	-0.997844	-1.01398	-1.02169	-1.01861	-1.01168	-0.990128	-0.961207	-0.920636	-0.864134	-0.800087	-0.731788	-0.654843	-0.568719	-0.492498	-0.417958	-0.340463	-0.278712	-0.231038	-0.190443	-0.152448	-0.124527	-0.119719	-0.119441	-0.107438	-0.097764	-0.10131	-0.120496	-0.147465	-0.156436	-0.140688	-0.127625	-0.141251	-0.191682	-0.286327	-0.411922	-0.528123	-0.59997	-0.613643	-0.557583	-0.418873	-0.205764	0.0472375	0.303888	0.543813	0.752262	0.904238	0.969147	0.931605	0.805311	0.627197	0.438682	0.268417	0.125091	0	
0	-0.114826	-0.236314	-0.347795	-0.443509	-0.537073	-0.631357	-0.701404	-0.746527	-0.799864	-0.848723	-0.877205	-0.889282	-0.878308	-0.861074	-0.865949	-0.880741	-0.875023	-0.836766	-0.752321	-0.626749	-0.482511	-0.366158	-0.302101	-0.300857	-0.378876	-0.540117	-0.766648	-1.01932	-1.26676	-1.49671	-1.68586	-1.81165	-1.8403	-1.77436	-1.63392	-1.4645	-1.30453	-1.17822	-1.09423	-1.04583	-1.02388	-1.01742	-1.0175	-1.01994	-1.01811	-1.01336	-1.00204	-0.981828	-0.956401	-0.925397	-0.87425	-0.821662	-0.762948	-0.693648	-0.622561	-0.550799	-0.477053	-0.401798	-0.341164	-0.285277	-0.228181	-0.186894	-0.159124	-0.136837	-0.114017	-0.0980753	-0.102437	-0.108535	-0.100778	-0.0940334	-0.0995246	-0.11986	-0.147258	-0.156154	-0.140362	-0.127584	-0.141738	-0.192852	-0.288121	-0.413856	-0.529579	-0.60061	-0.613331	-0.556172	-0.41635	-0.202461	0.0507921	0.307294	0.546843	0.754669	0.905675	0.969344	0.930593	0.803456	0.625044	0.43673	0.266995	0.124355	0	
0	-0.0753663	-0.161043	-0.240371	-0.30925	-0.383645	-0.466921	-0.534562	-0.580782	-0.638431	-0.701299	-0.751256	-0.785306	-0.791628	-0.796599	-0.824936	-0.8564	-0.870848	-0.851194	-0.781976	-0.672041	-0.544944	-0.439844	-0.392731	-0.400183	-0.490576	-0.659293	-0.891868	-1.1481	-1.39622	-1.626	-1.81165	-1.93339	-1.95379	-1.88166	-1.73055	-1.55386	-1.38284	-1.24494	-1.1493	-1.08388	-1.04637	-1.02233	-1.0005	-0.985775	-0.962521	-0.935859	-0.904969	-0.865213	-0.814859	-0.764234	-0.704494	-0.645436	-0.582455	-0.512524	-0.446898	-0.387309	-0.327548	-0.269277	-0.228596	-0.191448	-0.152777	-0.129783	-0.117253	-0.106543	-0.0929466	-0.0847313	-0.0946277	-0.10365	-0.0976433	-0.0924972	-0.09929	-0.120438	-0.147802	-0.155955	-0.139807	-0.127617	-0.142947	-0.195544	-0.292154	-0.418179	-0.532829	-0.602022	-0.612586	-0.552934	-0.410609	-0.194996	0.0587954	0.314945	0.553636	0.760044	0.908854	0.969727	0.928263	0.799254	0.620192	0.432346	0.263808	0.122708	0	
0	-0.044852	-0.0976306	-0.146982	-0.19072	-0.244148	-0.309056	-0.361351	-0.4022	-0.461505	-0.524751	-0.573718	-0.611926	-0.634179	-0.653082	-0.697304	-0.749623	-0.777489	-0.771563	-0.71607	-0.61858	-0.503169	-0.415508	-0.378168	-0.402204	-0.501642	-0.682215	-0.920543	-1.18074	-1.42981	-1.65771	-1.8403	-1.95379	-1.96747	-1.88314	-1.72519	-1.53739	-1.35829	-1.21137	-1.10303	-1.02726	-0.975199	-0.934455	-0.89952	-0.865274	-0.825296	-0.785017	-0.739373	-0.687818	-0.637438	-0.586881	-0.523749	-0.466535	-0.410519	-0.353862	-0.303022	-0.258401	-0.217394	-0.177905	-0.153366	-0.132165	-0.108809	-0.0975569	-0.0940135	-0.090864	-0.0828229	-0.078856	-0.0916692	-0.101671	-0.0961598	-0.0920251	-0.0999274	-0.121841	-0.148861	-0.1557	-0.138981	-0.12776	-0.144953	-0.199843	-0.298473	-0.424865	-0.537788	-0.604094	-0.611276	-0.547729	-0.401537	-0.183306	0.0712514	0.326808	0.564134	0.768298	0.913652	0.970163	0.924505	0.792642	0.61263	0.425552	0.258888	0.120172	0	
0	-0.021185	-0.0509682	-0.0798973	-0.103662	-0.136191	-0.183366	-0.220499	-0.243886	-0.289998	-0.347486	-0.395074	-0.43242	-0.449719	-0.47348	-0.523413	-0.578201	-0.613232	-0.613598	-0.56465	-0.475485	-0.373354	-0.295566	-0.275459	-0.308914	-0.423657	-0.612594	-0.859031	-1.12178	-1.37134	-1.59764	-1.77436	-1.88166	-1.88314	-1.79122	-1.62134	-1.42728	-1.24046	-1.08488	-0.97091	-0.883996	-0.823744	-0.775264	-0.730123	-0.691228	-0.64796	-0.603697	-0.558848	-0.510861	-0.458848	-0.410742	-0.359264	-0.317235	-0.27647	-0.233399	-0.198986	-0.172191	-0.144064	-0.118798	-0.110241	-0.0992811	-0.0836099	-0.0807884	-0.0836144	-0.083678	-0.0777335	-0.0766495	-0.0914261	-0.101107	-0.0952931	-0.0920503	-0.101178	-0.123924	-0.150292	-0.155282	-0.13788	-0.128098	-0.147883	-0.205878	-0.307149	-0.43387	-0.544317	-0.606647	-0.609199	-0.540343	-0.388957	-0.167306	0.0881619	0.342833	0.578245	0.779289	0.919875	0.970443	0.919151	0.783527	0.602345	0.416385	0.252287	0.116781	0	
0	-0.0105221	-0.023989	-0.0353534	-0.0445821	-0.0641413	-0.0944093	-0.114831	-0.127793	-0.161975	-0.204736	-0.235584	-0.260037	-0.275042	-0.29338	-0.343246	-0.398823	-0.429237	-0.427319	-0.376385	-0.287234	-0.188504	-0.12039	-0.106426	-0.152875	-0.274827	-0.474829	-0.724694	-0.989985	-1.23853	-1.46117	-1.63392	-1.73055	-1.72519	-1.62134	-1.44733	-1.24838	-1.05958	-0.905272	-0.788684	-0.702812	-0.642519	-0.591474	-0.549024	-0.510106	-0.467064	-0.428144	-0.388549	-0.346092	-0.3096	-0.277163	-0.238522	-0.208961	-0.179491	-0.152205	-0.131905	-0.116182	-0.101984	-0.0886303	-0.0858266	-0.0803771	-0.0723056	-0.0740578	-0.0785373	-0.0801517	-0.0757612	-0.0766515	-0.0923568	-0.100962	-0.0946587	-0.0924426	-0.10297	-0.12661	-0.151976	-0.154606	-0.136535	-0.128765	-0.151917	-0.213823	-0.318262	-0.445117	-0.552223	-0.609433	-0.606075	-0.530487	-0.37264	-0.146888	0.10952	0.362943	0.59584	0.792815	0.927258	0.970286	0.911978	0.771793	0.589324	0.404902	0.244076	0.11258	0	
0	-0.00132567	-0.00568134	-0.011379	-0.0133099	-0.0209237	-0.0396775	-0.0471747	-0.0449161	-0.0688929	-0.10198	-0.121503	-0.132974	-0.133605	-0.146181	-0.187014	-0.233984	-0.255259	-0.243884	-0.185641	-0.0914412	0.00551948	0.0703168	0.0762574	0.0236083	-0.108301	-0.314152	-0.568407	-0.833102	-1.07966	-1.2989	-1.4645	-1.55386	-1.53739	-1.42728	-1.24838	-1.0489	-0.864123	-0.71158	-0.601518	-0.518838	-0.462864	-0.41766	-0.380912	-0.348159	-0.316149	-0.286877	-0.25794	-0.229389	-0.202973	-0.179166	-0.151797	-0.13589	-0.120474	-0.103826	-0.0939752	-0.088479	-0.0781045	-0.0697434	-0.075221	-0.0733025	-0.0663589	-0.0706756	-0.0774023	-0.0792181	-0.0747076	-0.077432	-0.0940305	-0.101021	-0.0940717	-0.0931329	-0.105322	-0.129874	-0.153781	-0.153575	-0.135008	-0.129949	-0.157284	-0.223888	-0.331891	-0.458489	-0.561243	-0.612131	-0.601545	-0.517796	-0.352312	-0.121935	0.135302	0.387033	0.616744	0.808614	0.935457	0.969341	0.902718	0.757311	0.57357	0.391181	0.234349	0.107629	0	
0	-0.00196267	0.00105535	0.00440435	0.00650365	0.00201609	-0.00781689	-0.00770671	-6.70618e-06	-0.0125224	-0.034665	-0.0414099	-0.040395	-0.0338855	-0.0380123	-0.0736597	-0.109636	-0.118524	-0.0942379	-0.0239445	0.0782726	0.177368	0.239748	0.241377	0.182109	0.0433866	-0.168786	-0.424468	-0.68771	-0.931227	-1.14474	-1.30453	-1.38284	-1.35829	-1.24046	-1.05958	-0.864123	-0.683726	-0.541454	-0.438614	-0.364447	-0.317985	-0.279905	-0.25195	-0.229206	-0.20507	-0.18487	-0.166494	-0.146383	-0.131362	-0.117987	-0.102845	-0.0973823	-0.0864618	-0.0769046	-0.0732966	-0.0709089	-0.0667044	-0.0650135	-0.0705026	-0.0676091	-0.0645476	-0.0713507	-0.0772305	-0.0782202	-0.0744023	-0.0792727	-0.0960401	-0.100856	-0.0935009	-0.0942419	-0.108301	-0.133658	-0.155539	-0.152096	-0.133413	-0.131895	-0.164266	-0.236308	-0.348097	-0.473804	-0.571042	-0.614345	-0.595171	-0.501842	-0.327664	-0.0923379	0.16546	0.41496	0.640733	0.826351	0.944051	0.96719	0.891066	0.739947	0.555102	0.37533	0.223224	0.102003	0	
0	0.000858545	0.00728519	0.0101255	0.0125611	0.0129486	0.00984944	0.0169601	0.0278006	0.0167351	0.00254381	0.00630355	0.0172204	0.0307176	0.0305962	0.00254676	-0.0259442	-0.0196385	0.0175868	0.0996182	0.211496	0.311295	0.370799	0.368767	0.300862	0.156502	-0.0629774	-0.318507	-0.579853	-0.818863	-1.02632	-1.17822	-1.24494	-1.21137	-1.08488	-0.905272	-0.71158	-0.541454	-0.407493	-0.314868	-0.250492	-0.212899	-0.181878	-0.164886	-0.147545	-0.132202	-0.121648	-0.110181	-0.0976011	-0.0913058	-0.0853919	-0.075126	-0.072939	-0.0673591	-0.0637133	-0.0647051	-0.0659703	-0.0615475	-0.0604964	-0.0687779	-0.0670369	-0.0643867	-0.0714829	-0.0776626	-0.0782649	-0.0745419	-0.0814155	-0.0981234	-0.100534	-0.09305	-0.0958417	-0.111956	-0.137886	-0.157058	-0.1501	-0.131928	-0.134911	-0.173191	-0.251337	-0.366901	-0.490803	-0.5812	-0.615595	-0.586437	-0.482131	-0.298372	-0.0580038	0.199909	0.446541	0.667523	0.845616	0.952535	0.963353	0.876693	0.719575	0.533968	0.357487	0.210846	0.0957871	0	
0	-0.00211935	0.00857975	0.0160934	0.0176669	0.0168204	0.0178373	0.0279178	0.041045	0.0355106	0.0228871	0.031379	0.0516801	0.0694735	0.0697698	0.0471791	0.029007	0.0444441	0.0960515	0.188234	0.305156	0.405323	0.459026	0.450064	0.374996	0.220041	-0.00329906	-0.261036	-0.517743	-0.752334	-0.952465	-1.09423	-1.1493	-1.10303	-0.97091	-0.788684	-0.601518	-0.438614	-0.314868	-0.231421	-0.175439	-0.143966	-0.121203	-0.108438	-0.0973225	-0.0899818	-0.0836396	-0.0777787	-0.0727601	-0.0718818	-0.0646797	-0.0594891	-0.0639663	-0.0604596	-0.0589323	-0.0603912	-0.0613015	-0.0590556	-0.06187	-0.0690927	-0.0649982	-0.0647137	-0.0735736	-0.07856	-0.0776659	-0.0748663	-0.08437	-0.100262	-0.0998399	-0.0927668	-0.098098	-0.116359	-0.142422	-0.158102	-0.147563	-0.130816	-0.139378	-0.184431	-0.26922	-0.388253	-0.509126	-0.591204	-0.61532	-0.574744	-0.458125	-0.264112	-0.0188803	0.238517	0.481541	0.696762	0.865909	0.960324	0.957302	0.859262	0.696098	0.510258	0.33783	0.197383	0.0890813	0	
0	-0.002241	0.01102	0.0178214	0.017317	0.0184172	0.0248897	0.0361023	0.0437577	0.0398515	0.0367747	0.0506464	0.0716802	0.0892922	0.0888317	0.066843	0.0569956	0.0869736	0.149178	0.252053	0.37504	0.469524	0.517317	0.499197	0.411601	0.248474	0.0157041	-0.240309	-0.494595	-0.723147	-0.914058	-1.04583	-1.08388	-1.02726	-0.883996	-0.702812	-0.518838	-0.364447	-0.250492	-0.175439	-0.126794	-0.104404	-0.0845644	-0.0798667	-0.0732488	-0.068097	-0.0657181	-0.0634217	-0.0579628	-0.0571542	-0.0565568	-0.0571446	-0.0600393	-0.0551504	-0.0555745	-0.0598961	-0.0614762	-0.058195	-0.0622753	-0.0692904	-0.0648304	-0.0663019	-0.0750446	-0.0788465	-0.0774391	-0.076047	-0.0877547	-0.101987	-0.0988283	-0.0929186	-0.101162	-0.121504	-0.147056	-0.15843	-0.144545	-0.130445	-0.145739	-0.198385	-0.290172	-0.412006	-0.528293	-0.600444	-0.612871	-0.559418	-0.42925	-0.224588	0.025029	0.281099	0.519666	0.72802	0.886637	0.966749	0.948468	0.838444	0.669456	0.484107	0.316575	0.183032	0.0819971	0	
0	-0.00388854	0.0115206	0.0203996	0.0180934	0.0171278	0.0277082	0.0428252	0.0478995	0.0419623	0.0380961	0.0569327	0.0872132	0.102352	0.097524	0.0816728	0.0763808	0.114062	0.18877	0.296172	0.418984	0.509644	0.543167	0.517558	0.41511	0.241041	0.00252322	-0.254272	-0.502703	-0.72512	-0.906103	-1.02388	-1.04637	-0.975199	-0.823744	-0.642519	-0.462864	-0.317985	-0.212899	-0.143966	-0.104404	-0.0817815	-0.0673576	-0.0642373	-0.0557669	-0.055327	-0.0550479	-0.0525589	-0.0522017	-0.059329	-0.0544973	-0.0528802	-0.0560477	-0.0534354	-0.0576273	-0.0598839	-0.0597446	-0.0591926	-0.0648325	-0.0688982	-0.0640582	-0.0682392	-0.0770002	-0.0793745	-0.0771896	-0.0776181	-0.0915239	-0.103338	-0.0976005	-0.0936639	-0.105155	-0.127357	-0.151509	-0.157806	-0.141223	-0.131295	-0.154503	-0.215466	-0.314345	-0.437873	-0.54769	-0.608209	-0.607511	-0.539716	-0.394925	-0.179558	0.073644	0.327399	0.560551	0.760771	0.907101	0.971068	0.936262	0.813944	0.63965	0.455713	0.293982	0.168013	0.0746555	0	
0	-0.00314313	0.0132429	0.0207527	0.017095	0.017938	0.0309042	0.043857	0.0453659	0.0452724	0.0493259	0.0650674	0.0909189	0.106449	0.0950743	0.0814409	0.0902868	0.138327	0.223578	0.338823	0.458896	0.53817	0.560792	0.51768	0.402136	0.212742	-0.0317912	-0.28825	-0.531716	-0.746127	-0.91611	-1.01742	-1.02233	-0.934455	-0.775264	-0.591474	-0.41766	-0.279905	-0.181878	-0.121203	-0.0845644	-0.0673576	-0.0569187	-0.0547234	-0.0520756	-0.0539312	-0.0530042	-0.0528772	-0.0538874	-0.0522764	-0.047571	-0.0539579	-0.0576479	-0.0552513	-0.0573517	-0.0600345	-0.0611455	-0.0586611	-0.065528	-0.0698239	-0.0647672	-0.0703679	-0.0786084	-0.0794526	-0.0770306	-0.0801847	-0.0956608	-0.103939	-0.0962176	-0.0953134	-0.11023	-0.133777	-0.155404	-0.156059	-0.137942	-0.133969	-0.166221	-0.23607	-0.341777	-0.465395	-0.566552	-0.613686	-0.598417	-0.514842	-0.354589	-0.128868	0.126792	0.377089	0.603751	0.794384	0.926498	0.972473	0.920099	0.785523	0.606757	0.425334	0.27035	0.152564	0.0671847	0	
