0	0	0	0	0	0	0	0	0	0	0	0	0	0	0	0	0	0	0	0	0	0	0	0	0	0	0	0	0	0	0	0	0	0	0	0	0	0	0	0	0	0	0	0	0	0	0	0	0	0	0	0	0	0	0	0	0	0	0	0	0	0	0	0	0	0	0	0	0	0	0	0	0	0	0	0	0	0	0	0	0	0	0	0	0	0	0	0	0	0	0	0	0	0	0	0	0	0	0	0	
0	-0.00332608	-0.00640495	-0.0143104	-0.0319351	-0.0577657	-0.0840093	-0.101826	-0.108799	-0.114049	-0.129473	-0.157239	-0.18746	-0.205362	-0.200197	-0.171179	-0.12436	-0.067408	-0.00489245	0.0571389	0.112752	0.15371	0.174829	0.175807	0.159729	0.136047	0.114753	0.103077	0.10206	0.109257	0.120619	0.132987	0.148175	0.168565	0.195749	0.228192	0.254668	0.263782	0.24985	0.210776	0.150985	0.079822	0.0039342	-0.0701989	-0.133982	-0.181208	-0.205772	-0.207582	-0.195066	-0.178028	-0.161826	-0.145203	-0.121242	-0.0895772	-0.0556185	-0.023923	0.000275269	0.0190323	0.0354568	0.0477238	0.0517514	0.0464761	0.0401632	0.0368675	0.0355495	0.0334498	0.0252939	0.0118565	0.00238762	0.00429277	0.0207099	0.0444448	0.0686075	0.091687	0.111856	0.129452	0.142438	0.143742	0.13206	0.108565	0.0750438	0.0351369	-0.0111755	-0.0604306	-0.113146	-0.166558	-0.217302	-0.263895	-0.301462	-0.329885	-0.344623	-0.34501	-0.333878	-0.311248	-0.280393	-0.242917	-0.195779	-0.138098	-0.0727175	0	
0	-0.00640495	-0.0153085	-0.0329878	-0.0648349	-0.104892	-0.147887	-0.182538	-0.207529	-0.228506	-0.26018	-0.304122	-0.349536	-0.378527	-0.370629	-0.321549	-0.233842	-0.12341	-0.000554705	0.11825	0.22146	0.295436	0.332547	0.333101	0.302821	0.258616	0.218714	0.196295	0.19167	0.202964	0.223822	0.251772	0.290505	0.340515	0.400963	0.465572	0.511627	0.524033	0.491818	0.416731	0.303132	0.167756	0.0213979	-0.122077	-0.247895	-0.338972	-0.389271	-0.394061	-0.370524	-0.336302	-0.30271	-0.269985	-0.229381	-0.178811	-0.123763	-0.0695561	-0.0216254	0.0177008	0.04978	0.0714098	0.0788551	0.0689756	0.0565646	0.0509831	0.0484972	0.0481597	0.0445629	0.0372691	0.0359105	0.0451145	0.0702677	0.101496	0.136392	0.174161	0.206814	0.23392	0.250886	0.251722	0.232837	0.192086	0.131561	0.0568196	-0.0315178	-0.126844	-0.223999	-0.319223	-0.408747	-0.4881	-0.554552	-0.607314	-0.638317	-0.650505	-0.642626	-0.610423	-0.557209	-0.482408	-0.385015	-0.268101	-0.139031	0	
0	-0.0143104	-0.0329878	-0.0623889	-0.101624	-0.146175	-0.195795	-0.250407	-0.303494	-0.352921	-0.401264	-0.448777	-0.490567	-0.514342	-0.500405	-0.434662	-0.315667	-0.157474	0.0211187	0.193008	0.33731	0.435346	0.48049	0.477802	0.43608	0.376825	0.320508	0.281433	0.262681	0.26618	0.292967	0.342165	0.415461	0.506214	0.603997	0.697498	0.760239	0.772567	0.729079	0.626031	0.46931	0.278264	0.0694079	-0.136577	-0.313655	-0.446516	-0.522689	-0.541618	-0.520582	-0.478853	-0.430696	-0.381649	-0.324662	-0.261858	-0.19887	-0.134346	-0.0773503	-0.0287864	0.0108544	0.0372571	0.047835	0.0446919	0.0448001	0.0480379	0.0496933	0.0563373	0.0685907	0.0852344	0.107872	0.130745	0.156907	0.183703	0.215405	0.256454	0.293857	0.318815	0.3261	0.306222	0.264612	0.204511	0.124164	0.028176	-0.0848397	-0.203288	-0.326306	-0.446739	-0.557087	-0.656026	-0.73567	-0.802935	-0.851317	-0.879422	-0.886565	-0.858642	-0.79273	-0.69016	-0.54922	-0.379121	-0.195999	0	
0	-0.0319351	-0.0648349	-0.101624	-0.144282	-0.188493	-0.247365	-0.321815	-0.406149	-0.48271	-0.546589	-0.591046	-0.614949	-0.616859	-0.580457	-0.495986	-0.351795	-0.160639	0.0621421	0.277989	0.455926	0.569769	0.616146	0.607853	0.558581	0.489018	0.415684	0.352763	0.306279	0.292926	0.32224	0.396164	0.5095	0.641249	0.773055	0.892094	0.96873	0.989958	0.943225	0.827053	0.639627	0.406269	0.149799	-0.0995053	-0.31586	-0.478934	-0.588122	-0.634754	-0.63523	-0.602634	-0.549235	-0.484751	-0.411216	-0.337488	-0.271571	-0.211776	-0.159335	-0.115945	-0.0778074	-0.0448336	-0.0167193	-0.000283507	0.0183416	0.0411882	0.0597146	0.0847084	0.118952	0.158547	0.200273	0.232508	0.261471	0.282446	0.307146	0.341901	0.367676	0.375425	0.35637	0.306197	0.231008	0.13789	0.0357361	-0.068172	-0.181479	-0.301303	-0.425821	-0.549121	-0.663089	-0.760809	-0.842527	-0.915943	-0.971791	-1.01403	-1.03315	-1.01028	-0.942899	-0.8274	-0.66367	-0.461928	-0.23933	0	
0	-0.0577657	-0.104892	-0.146175	-0.188493	-0.239948	-0.312359	-0.409333	-0.513528	-0.606933	-0.677525	-0.71549	-0.716885	-0.683389	-0.611567	-0.496447	-0.331492	-0.12025	0.124299	0.363606	0.559089	0.680907	0.726769	0.714954	0.658678	0.576749	0.483009	0.392231	0.319132	0.289688	0.323559	0.421238	0.568871	0.736028	0.895989	1.03471	1.12515	1.14923	1.10242	0.976529	0.773949	0.523001	0.250461	-0.0147389	-0.245222	-0.433854	-0.573771	-0.657884	-0.692494	-0.683282	-0.640103	-0.575011	-0.493584	-0.413317	-0.348912	-0.294702	-0.253804	-0.215922	-0.172031	-0.121748	-0.0728115	-0.0345851	0.00711176	0.0484547	0.084478	0.129602	0.184557	0.241163	0.295735	0.336076	0.365483	0.379016	0.385984	0.397889	0.401312	0.386529	0.34355	0.258196	0.145572	0.0238595	-0.0971599	-0.207315	-0.317372	-0.423156	-0.530533	-0.634064	-0.726301	-0.809283	-0.878519	-0.946917	-1.0045	-1.04734	-1.0716	-1.05579	-0.994815	-0.887339	-0.72391	-0.510888	-0.268705	0	
0	-0.0840093	-0.147887	-0.195795	-0.247365	-0.312359	-0.406553	-0.52046	-0.635388	-0.727671	-0.791655	-0.81474	-0.789956	-0.720713	-0.606361	-0.455468	-0.264802	-0.0447064	0.199685	0.433148	0.625743	0.748505	0.799404	0.790346	0.729632	0.634217	0.520961	0.411501	0.321946	0.285293	0.322269	0.433364	0.602617	0.791875	0.970744	1.12273	1.21447	1.23562	1.17999	1.05258	0.854684	0.616777	0.359557	0.105185	-0.130672	-0.335246	-0.506863	-0.623577	-0.68993	-0.709673	-0.691191	-0.644929	-0.574563	-0.498119	-0.434294	-0.384206	-0.343948	-0.301902	-0.242835	-0.169467	-0.0961314	-0.0438937	0.00446702	0.0598467	0.117546	0.185649	0.255936	0.318701	0.372817	0.410379	0.438811	0.443817	0.433223	0.420565	0.392771	0.345992	0.274139	0.169652	0.0418081	-0.0970864	-0.232081	-0.350618	-0.459708	-0.552694	-0.632193	-0.699365	-0.756834	-0.807191	-0.854535	-0.909144	-0.955335	-0.996407	-1.0241	-1.01652	-0.969898	-0.874874	-0.72104	-0.513434	-0.270864	0	
0	-0.101826	-0.182538	-0.250407	-0.321815	-0.409333	-0.52046	-0.64791	-0.762194	-0.842567	-0.883151	-0.878742	-0.824526	-0.722269	-0.572955	-0.385827	-0.171921	0.0529669	0.280605	0.49045	0.66418	0.782847	0.839052	0.837463	0.777444	0.676325	0.555942	0.439804	0.345301	0.304314	0.340536	0.45643	0.633131	0.831016	1.01416	1.16253	1.24582	1.25177	1.19028	1.06919	0.894967	0.6926	0.471844	0.240991	0.0132841	-0.204518	-0.396574	-0.540501	-0.637312	-0.691142	-0.709454	-0.694134	-0.642052	-0.571429	-0.507644	-0.452765	-0.409695	-0.359982	-0.29069	-0.204955	-0.122975	-0.0618906	0.00232201	0.0753304	0.148375	0.226989	0.302424	0.363365	0.413271	0.444966	0.462809	0.455324	0.430166	0.39916	0.349029	0.27718	0.181606	0.0547818	-0.0852153	-0.225073	-0.359059	-0.472566	-0.570196	-0.641156	-0.691151	-0.725201	-0.747871	-0.768176	-0.785967	-0.815381	-0.84718	-0.881785	-0.91531	-0.920498	-0.885616	-0.804182	-0.662809	-0.469279	-0.248049	0	
0	-0.108799	-0.207529	-0.303494	-0.406149	-0.513528	-0.635388	-0.762194	-0.867196	-0.922323	-0.926979	-0.88239	-0.792292	-0.661125	-0.486544	-0.280703	-0.0579993	0.156498	0.359843	0.537253	0.684695	0.786087	0.83802	0.84001	0.789311	0.699948	0.590975	0.48465	0.39402	0.353116	0.38824	0.500834	0.672249	0.858635	1.02591	1.1571	1.22147	1.21572	1.15101	1.04569	0.903971	0.745486	0.569691	0.374587	0.164003	-0.0496139	-0.253403	-0.416362	-0.540068	-0.627833	-0.681259	-0.697229	-0.665827	-0.604226	-0.540464	-0.483259	-0.43245	-0.376858	-0.303908	-0.219967	-0.13962	-0.0765938	-0.00654597	0.0775394	0.15997	0.240452	0.309684	0.363388	0.401027	0.415076	0.415851	0.392868	0.354995	0.314189	0.252199	0.163933	0.0546583	-0.0762363	-0.214374	-0.348034	-0.464934	-0.552425	-0.618802	-0.658591	-0.681169	-0.690382	-0.688947	-0.679311	-0.668107	-0.676509	-0.695289	-0.729275	-0.768139	-0.780573	-0.757092	-0.688827	-0.566623	-0.400441	-0.211209	0	
0	-0.114049	-0.228506	-0.352921	-0.48271	-0.606933	-0.727671	-0.842567	-0.922323	-0.942366	-0.902149	-0.811723	-0.6811	-0.521249	-0.334566	-0.131923	0.072573	0.262317	0.434989	0.582164	0.696409	0.770282	0.803781	0.803696	0.764524	0.695033	0.609596	0.525445	0.452493	0.422451	0.457934	0.560876	0.709638	0.868121	1.00809	1.11616	1.16539	1.14807	1.08286	0.990876	0.879319	0.764744	0.638369	0.488348	0.313184	0.11809	-0.0795962	-0.251353	-0.394607	-0.508044	-0.590644	-0.632096	-0.62358	-0.581141	-0.529552	-0.471409	-0.413198	-0.348453	-0.277257	-0.201552	-0.131541	-0.0747658	-0.00513673	0.0755385	0.146373	0.211161	0.268882	0.309698	0.332868	0.328386	0.303864	0.255009	0.196995	0.143806	0.0805133	0.00337047	-0.0933051	-0.216742	-0.345131	-0.458716	-0.543891	-0.588803	-0.61143	-0.615965	-0.609437	-0.591517	-0.560377	-0.523493	-0.491838	-0.486331	-0.501638	-0.53686	-0.581372	-0.605693	-0.598338	-0.555588	-0.465051	-0.332298	-0.178177	0	
0	-0.129473	-0.26018	-0.401264	-0.546589	-0.677525	-0.791655	-0.883151	-0.926979	-0.902149	-0.815083	-0.678474	-0.50935	-0.326768	-0.142136	0.0356283	0.204065	0.356742	0.497781	0.612202	0.694748	0.738438	0.754375	0.74941	0.717934	0.665789	0.606945	0.556442	0.51625	0.505465	0.541625	0.622361	0.73564	0.854554	0.962368	1.04879	1.08462	1.06116	0.997373	0.918883	0.834368	0.756191	0.673535	0.569303	0.436959	0.27839	0.103526	-0.0596558	-0.207093	-0.335141	-0.438107	-0.507397	-0.528884	-0.512482	-0.477872	-0.427661	-0.366635	-0.298897	-0.226728	-0.157065	-0.0971717	-0.0517896	0.000608949	0.0609606	0.113604	0.160875	0.195933	0.214332	0.210323	0.177558	0.128365	0.0589612	-0.0151809	-0.0731584	-0.126091	-0.187043	-0.261352	-0.359186	-0.461304	-0.543005	-0.588639	-0.593248	-0.577015	-0.541582	-0.495018	-0.438166	-0.37516	-0.31352	-0.264419	-0.251624	-0.265007	-0.304379	-0.361362	-0.406327	-0.429492	-0.421245	-0.365958	-0.268609	-0.146251	0	
0	-0.157239	-0.304122	-0.448777	-0.591046	-0.71549	-0.81474	-0.878742	-0.88239	-0.811723	-0.678474	-0.503017	-0.307457	-0.120446	0.0444472	0.184827	0.309345	0.422459	0.526291	0.609826	0.66356	0.687953	0.691248	0.681654	0.653874	0.617625	0.589782	0.580392	0.577373	0.589382	0.624697	0.686475	0.764391	0.843015	0.912516	0.968243	0.985741	0.957029	0.900055	0.838135	0.774466	0.720131	0.666349	0.601586	0.517523	0.409152	0.277726	0.140666	0.0009449	-0.135121	-0.259187	-0.353059	-0.401552	-0.410579	-0.39449	-0.355438	-0.303768	-0.242827	-0.178341	-0.11193	-0.0562632	-0.0241639	0.00622351	0.0413305	0.067505	0.0865432	0.0958401	0.0832565	0.049013	-0.00919549	-0.0811834	-0.166673	-0.244813	-0.295048	-0.331069	-0.365782	-0.414856	-0.483951	-0.548935	-0.591639	-0.600597	-0.569796	-0.514319	-0.437659	-0.347222	-0.251086	-0.157772	-0.0769228	-0.0196689	0.000866282	-0.0117088	-0.0612386	-0.139285	-0.21769	-0.276669	-0.30332	-0.280831	-0.212407	-0.118218	0	
0	-0.18746	-0.349536	-0.490567	-0.614949	-0.716885	-0.789956	-0.824526	-0.792292	-0.6811	-0.50935	-0.307457	-0.108214	0.0608244	0.189752	0.287277	0.367372	0.438031	0.506222	0.561581	0.597179	0.606508	0.598533	0.58282	0.563124	0.552101	0.563079	0.593465	0.623959	0.654982	0.700019	0.757948	0.817767	0.861508	0.887409	0.900106	0.889893	0.850884	0.799364	0.746979	0.692668	0.644907	0.606594	0.572608	0.537404	0.486186	0.40877	0.311584	0.193689	0.0600502	-0.0758388	-0.191795	-0.262121	-0.287002	-0.286622	-0.268583	-0.236848	-0.190136	-0.128212	-0.0620033	-0.0139334	0.00183963	0.00438489	0.00603021	0.00285269	-0.00442826	-0.0251494	-0.06332	-0.122596	-0.203311	-0.291894	-0.382049	-0.453038	-0.48858	-0.504313	-0.520107	-0.539391	-0.567181	-0.589203	-0.590456	-0.564155	-0.502542	-0.414016	-0.300141	-0.173858	-0.048845	0.0636234	0.157709	0.224564	0.241744	0.211695	0.135387	0.0235436	-0.0886078	-0.179782	-0.234272	-0.234118	-0.185102	-0.104927	0	
0	-0.205362	-0.378527	-0.514342	-0.616859	-0.683389	-0.720713	-0.722269	-0.661125	-0.521249	-0.326768	-0.120446	0.0608244	0.193666	0.27982	0.332632	0.368404	0.40101	0.440364	0.480111	0.502133	0.496964	0.474393	0.455775	0.453318	0.476881	0.528107	0.594825	0.652268	0.706251	0.769423	0.840365	0.896044	0.916389	0.902854	0.872864	0.82705	0.767208	0.70321	0.643553	0.583755	0.534966	0.505141	0.495913	0.497138	0.491855	0.464189	0.411711	0.328877	0.215188	0.0840188	-0.0344639	-0.112951	-0.152808	-0.170891	-0.17484	-0.164432	-0.131327	-0.0763942	-0.0137103	0.0262168	0.0238032	-0.000462584	-0.0280288	-0.0630293	-0.104663	-0.150109	-0.207147	-0.280323	-0.370461	-0.465022	-0.55265	-0.613168	-0.634233	-0.632133	-0.619196	-0.605564	-0.595369	-0.578631	-0.547468	-0.487824	-0.39181	-0.269475	-0.131634	0.00975372	0.147571	0.273799	0.375445	0.431252	0.424322	0.357102	0.237648	0.0889215	-0.0542034	-0.166236	-0.232804	-0.240991	-0.194299	-0.110561	0	
0	-0.200197	-0.370629	-0.500405	-0.580457	-0.611567	-0.606361	-0.572955	-0.486544	-0.334566	-0.142136	0.0444472	0.189752	0.27982	0.320328	0.329237	0.326014	0.330975	0.355097	0.385178	0.396578	0.379188	0.350822	0.338882	0.357931	0.411664	0.497061	0.594283	0.680961	0.758133	0.841384	0.924897	0.982474	0.990969	0.955554	0.893469	0.814883	0.720335	0.625768	0.53975	0.464995	0.410975	0.387429	0.391516	0.414396	0.437464	0.44787	0.43872	0.398086	0.318408	0.21008	0.103375	0.0277684	-0.0156218	-0.04815	-0.0734545	-0.0804206	-0.0585455	-0.0128745	0.0347923	0.0557223	0.0387491	-2.71329e-05	-0.0488162	-0.108829	-0.176494	-0.248973	-0.326086	-0.411909	-0.503831	-0.590161	-0.660438	-0.700238	-0.702765	-0.67741	-0.638945	-0.598224	-0.565359	-0.531432	-0.474541	-0.382406	-0.255469	-0.111159	0.0367876	0.183368	0.321386	0.439612	0.524233	0.555227	0.513663	0.404884	0.246797	0.0650361	-0.101768	-0.227032	-0.295791	-0.295614	-0.234404	-0.130773	0	
0	-0.171179	-0.321549	-0.434662	-0.495986	-0.496447	-0.455468	-0.385827	-0.280703	-0.131923	0.0356283	0.184827	0.287277	0.332632	0.329237	0.299867	0.270512	0.261693	0.275168	0.293244	0.293919	0.275964	0.258386	0.262606	0.29856	0.370756	0.477988	0.601519	0.71494	0.814287	0.912074	1.00385	1.06357	1.06959	1.02385	0.942722	0.832418	0.70013	0.564616	0.444174	0.349311	0.287827	0.264663	0.275385	0.307684	0.348781	0.388614	0.414516	0.41248	0.36843	0.292706	0.212062	0.150647	0.105123	0.0642962	0.029713	0.0153862	0.0272491	0.0578472	0.0873242	0.0926598	0.0667601	0.0197844	-0.0389451	-0.114296	-0.205164	-0.300404	-0.396247	-0.491322	-0.578066	-0.648828	-0.698327	-0.717015	-0.69511	-0.641663	-0.577717	-0.525203	-0.486625	-0.444239	-0.375758	-0.26782	-0.129494	0.0231454	0.174705	0.314953	0.436875	0.529474	0.579232	0.570781	0.496551	0.362133	0.182626	-0.0152526	-0.195042	-0.325552	-0.387164	-0.372112	-0.289345	-0.158018	0	
0	-0.12436	-0.233842	-0.315667	-0.351795	-0.331492	-0.264802	-0.171921	-0.0579993	0.072573	0.204065	0.309345	0.367372	0.368404	0.326014	0.270512	0.229487	0.214659	0.216595	0.221824	0.219526	0.216333	0.223338	0.249015	0.298944	0.378133	0.492016	0.622761	0.747446	0.858269	0.965015	1.06407	1.12924	1.13883	1.09393	1.00161	0.868948	0.702009	0.527523	0.371286	0.252442	0.177413	0.148334	0.157807	0.195852	0.250255	0.312638	0.367363	0.39742	0.389219	0.347091	0.292533	0.242472	0.197652	0.151819	0.114315	0.100116	0.110297	0.132148	0.146261	0.138131	0.104305	0.0515219	-0.0144543	-0.0947297	-0.190492	-0.293417	-0.397093	-0.493094	-0.570916	-0.629582	-0.661943	-0.656187	-0.609393	-0.535857	-0.461553	-0.407573	-0.368172	-0.325023	-0.256768	-0.1569	-0.0332473	0.104831	0.240265	0.363776	0.461208	0.521923	0.539929	0.505823	0.414765	0.267028	0.0791125	-0.122393	-0.303319	-0.430511	-0.483784	-0.454363	-0.349763	-0.18983	0	
0	-0.067408	-0.12341	-0.157474	-0.160639	-0.12025	-0.0447064	0.0529669	0.156498	0.262317	0.356742	0.422459	0.438031	0.40101	0.330975	0.261693	0.214659	0.192423	0.185086	0.185778	0.192312	0.210487	0.24418	0.293716	0.35709	0.436506	0.537833	0.650736	0.765382	0.873725	0.986168	1.09382	1.1708	1.19408	1.15847	1.06562	0.915906	0.720245	0.511209	0.321655	0.18068	0.0913369	0.0529642	0.0576098	0.0942271	0.152779	0.226869	0.298243	0.355508	0.380304	0.374565	0.345715	0.306681	0.260813	0.21364	0.175171	0.159984	0.164206	0.17958	0.188287	0.173543	0.135333	0.0778732	0.0123732	-0.0606482	-0.145078	-0.235061	-0.322864	-0.403935	-0.472085	-0.524161	-0.547016	-0.526859	-0.465642	-0.384207	-0.31159	-0.262518	-0.225619	-0.190456	-0.141312	-0.0685853	0.0239841	0.132752	0.239876	0.332517	0.402784	0.444072	0.447004	0.400706	0.298342	0.142265	-0.0486586	-0.246263	-0.416794	-0.531154	-0.566883	-0.519254	-0.396453	-0.212721	0	
0	-0.00489245	-0.000554705	0.0211187	0.0621421	0.124299	0.199685	0.280605	0.359843	0.434989	0.497781	0.526291	0.506222	0.440364	0.355097	0.275168	0.216595	0.185086	0.176404	0.187322	0.210666	0.249875	0.307596	0.377587	0.450846	0.519642	0.591806	0.668436	0.753498	0.847875	0.957837	1.07611	1.17388	1.22349	1.21246	1.12981	0.972458	0.755208	0.51629	0.297602	0.133931	0.02935	-0.0202834	-0.023578	0.00745472	0.0622468	0.136893	0.217359	0.292916	0.347879	0.372755	0.369622	0.346123	0.308116	0.262895	0.220821	0.193005	0.1827	0.188007	0.188638	0.171153	0.132719	0.0805249	0.026462	-0.0247933	-0.0805493	-0.135596	-0.191874	-0.250177	-0.304715	-0.351462	-0.36595	-0.336223	-0.274279	-0.201778	-0.137116	-0.0972486	-0.0747456	-0.0634866	-0.0456966	-0.0047869	0.0542836	0.127702	0.19768	0.258776	0.307468	0.337447	0.334113	0.281214	0.17469	0.0132524	-0.180268	-0.372325	-0.532596	-0.628952	-0.643077	-0.574766	-0.43083	-0.229476	0	
0	0.0571389	0.11825	0.193008	0.277989	0.363606	0.433148	0.49045	0.537253	0.582164	0.612202	0.609826	0.561581	0.480111	0.385178	0.293244	0.221824	0.185778	0.187322	0.216012	0.258923	0.317898	0.391473	0.47059	0.537623	0.584534	0.620919	0.653649	0.704219	0.776008	0.882093	1.01176	1.13592	1.22053	1.24108	1.17795	1.02294	0.794626	0.536812	0.292802	0.106659	-0.0169711	-0.0804575	-0.0927386	-0.0686781	-0.0206467	0.0495918	0.129682	0.215874	0.2873	0.335959	0.356491	0.356139	0.33746	0.300779	0.248629	0.200367	0.166175	0.15237	0.143166	0.121918	0.0924841	0.0581844	0.0295508	0.00943705	-0.00569171	-0.0181054	-0.0347952	-0.0618973	-0.0969635	-0.128646	-0.136072	-0.109144	-0.0588011	0.00206688	0.0548864	0.0777232	0.0741612	0.0505605	0.0358166	0.0453248	0.0724439	0.113547	0.15459	0.193876	0.225993	0.242093	0.226602	0.166254	0.0532637	-0.111045	-0.30335	-0.489923	-0.63709	-0.718918	-0.713195	-0.623713	-0.462836	-0.243107	0	
0	0.112752	0.22146	0.33731	0.455926	0.559089	0.625743	0.66418	0.684695	0.696409	0.694748	0.66356	0.597179	0.502133	0.396578	0.293919	0.219526	0.192312	0.210666	0.258923	0.323054	0.397834	0.47681	0.543835	0.588789	0.606119	0.60505	0.597433	0.611992	0.664026	0.764612	0.904868	1.05434	1.17133	1.22398	1.18513	1.04445	0.824923	0.565591	0.308856	0.100405	-0.0469153	-0.131347	-0.157884	-0.142148	-0.0988232	-0.0298464	0.0532348	0.141608	0.220449	0.280324	0.31973	0.342578	0.341803	0.311835	0.254797	0.186668	0.128008	0.095949	0.0707832	0.0463483	0.0270657	0.0169272	0.0192434	0.0384679	0.0662731	0.0979555	0.119085	0.123985	0.119979	0.110202	0.11328	0.135558	0.173413	0.218767	0.254071	0.251026	0.216063	0.164255	0.121448	0.102816	0.0990119	0.113827	0.137036	0.157817	0.172441	0.175355	0.147304	0.0749856	-0.0441296	-0.209872	-0.399113	-0.578669	-0.720212	-0.792041	-0.774073	-0.671463	-0.493158	-0.259124	0	
0	0.15371	0.295436	0.435346	0.569769	0.680907	0.748505	0.782847	0.786087	0.770282	0.738438	0.687953	0.606508	0.496964	0.379188	0.275964	0.216333	0.210487	0.249875	0.317898	0.397834	0.478049	0.539985	0.576529	0.584874	0.567486	0.531917	0.488929	0.477615	0.513784	0.611323	0.761064	0.931707	1.07643	1.15487	1.14038	1.02502	0.832321	0.593285	0.337971	0.113698	-0.0589867	-0.169623	-0.215998	-0.211131	-0.168914	-0.0942637	-0.00451968	0.0899638	0.170786	0.236603	0.287265	0.323059	0.330999	0.300053	0.232757	0.154824	0.0857389	0.0374962	0.00122601	-0.0257963	-0.0334224	-0.0209957	0.0127964	0.0665829	0.133269	0.199314	0.249986	0.288714	0.316689	0.333513	0.347004	0.370508	0.402908	0.433322	0.442989	0.409439	0.349246	0.275673	0.212296	0.169696	0.146464	0.144642	0.151336	0.162371	0.169211	0.161603	0.121146	0.0382384	-0.0894461	-0.260053	-0.45393	-0.636764	-0.776329	-0.847292	-0.823918	-0.711902	-0.523901	-0.274195	0	
0	0.174829	0.332547	0.48049	0.616146	0.726769	0.799404	0.839052	0.83802	0.803781	0.754375	0.691248	0.598533	0.474393	0.350822	0.258386	0.223338	0.24418	0.307596	0.391473	0.47681	0.539985	0.567217	0.557009	0.520528	0.465817	0.400196	0.334863	0.306452	0.334385	0.432384	0.591641	0.781078	0.945496	1.04417	1.05401	0.970639	0.816629	0.608865	0.367019	0.136926	-0.0520504	-0.183425	-0.248671	-0.253429	-0.210097	-0.126678	-0.0249582	0.0749929	0.162103	0.235817	0.292462	0.326595	0.322655	0.278356	0.205157	0.120286	0.0422733	-0.00849258	-0.0475893	-0.0709404	-0.0672202	-0.0340987	0.0229133	0.102754	0.193073	0.27828	0.349761	0.412346	0.465407	0.501075	0.531926	0.569058	0.606154	0.624688	0.609679	0.552096	0.470219	0.37863	0.299261	0.245858	0.213479	0.205079	0.21225	0.220118	0.223646	0.214449	0.169103	0.0780649	-0.0630988	-0.25086	-0.461307	-0.657723	-0.806974	-0.880293	-0.857298	-0.743547	-0.547673	-0.28932	0	
0	0.175807	0.333101	0.477802	0.607853	0.714954	0.790346	0.837463	0.84001	0.803696	0.74941	0.681654	0.58282	0.455775	0.338882	0.262606	0.249015	0.293716	0.377587	0.47059	0.543835	0.576529	0.557009	0.495566	0.410676	0.321089	0.234165	0.156176	0.122326	0.153348	0.259272	0.428157	0.62689	0.803762	0.919002	0.953958	0.902473	0.783496	0.606733	0.385975	0.166383	-0.0192605	-0.154653	-0.225824	-0.232968	-0.185212	-0.0937804	0.0138874	0.117832	0.206724	0.280872	0.333627	0.354299	0.330271	0.26753	0.183028	0.0947504	0.0164004	-0.0394824	-0.0765766	-0.0916867	-0.0771994	-0.0300013	0.0447376	0.137187	0.237123	0.33209	0.412499	0.487129	0.550473	0.602076	0.653509	0.712813	0.761942	0.775453	0.748106	0.675318	0.577712	0.472681	0.385222	0.330626	0.305928	0.304609	0.315713	0.330511	0.337815	0.326544	0.276657	0.177411	0.0224426	-0.184249	-0.41747	-0.633137	-0.795415	-0.880314	-0.86455	-0.753215	-0.556867	-0.293998	0	
0	0.159729	0.302821	0.43608	0.558581	0.658678	0.729632	0.777444	0.789311	0.764524	0.717934	0.653874	0.563124	0.453318	0.357931	0.29856	0.298944	0.35709	0.450846	0.537623	0.588789	0.584874	0.520528	0.410676	0.283812	0.164841	0.0599011	-0.0236058	-0.0485801	0.0024328	0.124842	0.298119	0.498703	0.682481	0.813153	0.867752	0.83766	0.743006	0.594344	0.404861	0.213883	0.0521446	-0.0664368	-0.127217	-0.124959	-0.0692049	0.0220658	0.122846	0.212731	0.289868	0.353774	0.390597	0.389024	0.345069	0.271054	0.1825	0.0871069	-0.000270296	-0.0562159	-0.0898992	-0.100387	-0.0790889	-0.0228495	0.055569	0.14865	0.253155	0.35542	0.446366	0.528515	0.597348	0.658523	0.724584	0.795313	0.849252	0.865067	0.839531	0.769657	0.668907	0.560489	0.477184	0.432002	0.418379	0.431746	0.461416	0.4852	0.492423	0.47804	0.421967	0.309887	0.134882	-0.087729	-0.331396	-0.559872	-0.737658	-0.836583	-0.832244	-0.727256	-0.535671	-0.283168	0	
0	0.136047	0.258616	0.376825	0.489018	0.576749	0.634217	0.676325	0.699948	0.695033	0.665789	0.617625	0.552101	0.476881	0.411664	0.370756	0.378133	0.436506	0.519642	0.584534	0.606119	0.567486	0.465817	0.321089	0.164841	0.0214824	-0.100584	-0.182322	-0.185425	-0.105247	0.0342324	0.210384	0.411347	0.601188	0.741159	0.806868	0.79142	0.719221	0.604827	0.45615	0.305009	0.179541	0.0900625	0.0505099	0.0659888	0.122348	0.20177	0.281235	0.348598	0.404681	0.445728	0.45886	0.43613	0.375818	0.292268	0.199883	0.101036	0.0101694	-0.0521672	-0.0888271	-0.100952	-0.0843466	-0.0326416	0.0431707	0.13451	0.243876	0.358944	0.459644	0.546294	0.619514	0.687651	0.755764	0.820882	0.870671	0.889051	0.872909	0.815184	0.728682	0.640755	0.575384	0.544386	0.547628	0.575878	0.616136	0.649367	0.666407	0.654534	0.585928	0.45266	0.261023	0.0273516	-0.22798	-0.468128	-0.654434	-0.759505	-0.763612	-0.670586	-0.495094	-0.262836	0	
0	0.114753	0.218714	0.320508	0.415684	0.483009	0.520961	0.555942	0.590975	0.609596	0.606945	0.589782	0.563079	0.528107	0.497061	0.477988	0.492016	0.537833	0.591806	0.620919	0.60505	0.531917	0.400196	0.234165	0.0599011	-0.100584	-0.230266	-0.299881	-0.277812	-0.169907	-0.0116901	0.175159	0.380528	0.572388	0.715578	0.788913	0.788616	0.741427	0.660473	0.5534	0.44509	0.362122	0.30904	0.292719	0.313884	0.360337	0.415077	0.46756	0.509939	0.541697	0.555347	0.540055	0.493702	0.423771	0.340385	0.247877	0.144138	0.0448553	-0.0284016	-0.0765409	-0.0998205	-0.0918294	-0.0466378	0.0242281	0.115992	0.23337	0.355193	0.457482	0.544455	0.618603	0.68583	0.744534	0.797066	0.840551	0.860353	0.851941	0.811279	0.750155	0.690124	0.651769	0.645594	0.669786	0.713669	0.767042	0.814687	0.839142	0.821343	0.742269	0.596106	0.387558	0.134314	-0.139896	-0.390272	-0.57629	-0.679616	-0.688745	-0.608023	-0.45173	-0.241889	0	
0	0.103077	0.196295	0.281433	0.352763	0.392231	0.411501	0.439804	0.48465	0.525445	0.556442	0.580392	0.593465	0.594825	0.594283	0.601519	0.622761	0.650736	0.668436	0.653649	0.597433	0.488929	0.334863	0.156176	-0.0236058	-0.182322	-0.299881	-0.350483	-0.307656	-0.178571	0.00163797	0.199345	0.40496	0.594742	0.742501	0.826393	0.843203	0.815134	0.762371	0.691014	0.62387	0.581351	0.560504	0.559139	0.578409	0.606268	0.637747	0.667818	0.687013	0.690368	0.670906	0.625716	0.561911	0.484172	0.39815	0.307319	0.203356	0.0969637	0.0116599	-0.0492438	-0.0853236	-0.0888354	-0.0508212	0.0180288	0.110597	0.228146	0.344976	0.439831	0.519415	0.589296	0.647805	0.693865	0.736503	0.777101	0.800081	0.798749	0.776131	0.739575	0.708908	0.699841	0.717956	0.760886	0.818361	0.884221	0.939386	0.964284	0.941166	0.855093	0.702654	0.481925	0.211647	-0.0742092	-0.331347	-0.521631	-0.628033	-0.643046	-0.568079	-0.4197	-0.224419	0	
0	0.10206	0.19167	0.262681	0.306279	0.319132	0.321946	0.345301	0.39402	0.452493	0.51625	0.577373	0.623959	0.652268	0.680961	0.71494	0.747446	0.765382	0.753498	0.704219	0.611992	0.477615	0.306452	0.122326	-0.0485801	-0.185425	-0.277812	-0.307656	-0.249791	-0.1013	0.0911153	0.291519	0.493369	0.686046	0.841173	0.932526	0.956757	0.941248	0.90716	0.863455	0.825324	0.809443	0.809928	0.820234	0.835456	0.849876	0.861208	0.866525	0.857528	0.827088	0.772015	0.700091	0.618935	0.533652	0.44649	0.355662	0.251931	0.144749	0.051132	-0.0181691	-0.0613818	-0.0751638	-0.0479526	0.0170891	0.109321	0.219033	0.324119	0.406336	0.475332	0.534199	0.582286	0.623011	0.666145	0.71004	0.734175	0.738331	0.727574	0.710191	0.700096	0.706853	0.739495	0.794501	0.862138	0.933173	0.988355	1.00554	0.97523	0.890266	0.733711	0.50755	0.239041	-0.0403724	-0.294888	-0.493018	-0.610231	-0.63201	-0.559368	-0.411789	-0.218873	0	
0	0.109257	0.202964	0.26618	0.292926	0.289688	0.285293	0.304314	0.353116	0.422451	0.505465	0.589382	0.654982	0.706251	0.758133	0.814287	0.858269	0.873725	0.847875	0.776008	0.664026	0.513784	0.334385	0.153348	0.0024328	-0.105247	-0.169907	-0.178571	-0.1013	0.0556433	0.249147	0.44733	0.65315	0.849468	1.00127	1.08448	1.10923	1.09971	1.07892	1.04897	1.024	1.02151	1.03729	1.05449	1.06554	1.06418	1.05317	1.03138	0.992224	0.931571	0.852953	0.762604	0.66891	0.575006	0.483964	0.396663	0.301107	0.196123	0.10116	0.0260438	-0.0309548	-0.0573982	-0.0389447	0.0183089	0.0979255	0.191679	0.2785	0.347809	0.404635	0.453069	0.494943	0.537534	0.587778	0.634249	0.661099	0.669074	0.665773	0.653783	0.648219	0.665739	0.707366	0.767838	0.838925	0.9052	0.949008	0.95905	0.926309	0.835761	0.674235	0.452017	0.198007	-0.0662456	-0.314885	-0.507215	-0.617543	-0.637654	-0.566711	-0.422025	-0.226523	0	
0	0.120619	0.223822	0.292967	0.32224	0.323559	0.322269	0.340536	0.38824	0.457934	0.541625	0.624697	0.700019	0.769423	0.841384	0.912074	0.965015	0.986168	0.957837	0.882093	0.764612	0.611323	0.432384	0.259272	0.124842	0.0342324	-0.0116901	0.00163797	0.0911153	0.249147	0.443487	0.657112	0.877105	1.07163	1.20826	1.27699	1.29383	1.28026	1.25495	1.22138	1.19673	1.19826	1.21805	1.2331	1.23262	1.21488	1.18449	1.13923	1.07977	1.00332	0.911172	0.812864	0.71277	0.615419	0.528567	0.450961	0.364149	0.264675	0.167212	0.0843593	0.0163953	-0.0296817	-0.0347097	0.00220318	0.0629062	0.132036	0.202946	0.261964	0.306333	0.346815	0.389662	0.440437	0.4925	0.535555	0.558845	0.564746	0.55664	0.54486	0.544631	0.563532	0.609487	0.676284	0.750491	0.812723	0.851967	0.858233	0.81806	0.718089	0.553448	0.341815	0.0948578	-0.167862	-0.406129	-0.580387	-0.671237	-0.678315	-0.59901	-0.445146	-0.239435	0	
0	0.132987	0.251772	0.342165	0.396164	0.421238	0.433364	0.45643	0.500834	0.560876	0.622361	0.686475	0.757948	0.840365	0.924897	1.00385	1.06407	1.09382	1.07611	1.01176	0.904868	0.761064	0.591641	0.428157	0.298119	0.210384	0.175159	0.199345	0.291519	0.44733	0.657112	0.895657	1.12697	1.31547	1.43812	1.48948	1.48632	1.45091	1.40716	1.36088	1.32935	1.32135	1.32685	1.32498	1.30945	1.27814	1.23293	1.17223	1.10353	1.0245	0.939935	0.848285	0.752903	0.661555	0.581901	0.508484	0.42854	0.33432	0.239155	0.152905	0.070413	0.00521338	-0.0298648	-0.033935	-0.0161778	0.0233367	0.0789602	0.13328	0.179411	0.226677	0.276461	0.324535	0.366026	0.395457	0.411285	0.415151	0.407253	0.395716	0.390708	0.408194	0.454918	0.521698	0.597732	0.664837	0.715882	0.728664	0.681397	0.573778	0.407408	0.188837	-0.0670791	-0.32657	-0.548731	-0.701741	-0.774191	-0.757265	-0.648929	-0.471645	-0.247448	0	
0	0.148175	0.290505	0.415461	0.5095	0.568871	0.602617	0.633131	0.672249	0.709638	0.73564	0.764391	0.817767	0.896044	0.982474	1.06357	1.12924	1.1708	1.17388	1.13592	1.05434	0.931707	0.781078	0.62689	0.498703	0.411347	0.380528	0.40496	0.493369	0.65315	0.877105	1.12697	1.35984	1.54359	1.6545	1.68048	1.64579	1.58113	1.51311	1.4473	1.39678	1.36249	1.3412	1.32195	1.29606	1.25464	1.1975	1.12675	1.05708	0.992185	0.926389	0.852349	0.770596	0.689298	0.616588	0.549336	0.474627	0.385785	0.297267	0.21002	0.116573	0.0226212	-0.0561455	-0.108522	-0.131389	-0.124628	-0.0885423	-0.0419719	0.00490431	0.0649861	0.127282	0.180968	0.219177	0.24171	0.252172	0.24965	0.233535	0.219565	0.215247	0.229916	0.270626	0.33032	0.407398	0.484255	0.544392	0.560489	0.516032	0.409046	0.23465	0.00316332	-0.258541	-0.50385	-0.704036	-0.838979	-0.884264	-0.834457	-0.698882	-0.499037	-0.258855	0	
0	0.168565	0.340515	0.506214	0.641249	0.736028	0.791875	0.831016	0.858635	0.868121	0.854554	0.843015	0.861508	0.916389	0.990969	1.06959	1.13883	1.19408	1.22349	1.22053	1.17133	1.07643	0.945496	0.803762	0.682481	0.601188	0.572388	0.594742	0.686046	0.849468	1.07163	1.31547	1.54359	1.72091	1.81174	1.81043	1.74631	1.65084	1.54921	1.44817	1.363	1.29344	1.24701	1.2166	1.18561	1.13936	1.07949	1.00763	0.95032	0.904497	0.85881	0.799757	0.734582	0.672215	0.616722	0.559711	0.494432	0.41421	0.326527	0.233621	0.127452	0.0127704	-0.103245	-0.201095	-0.265504	-0.294504	-0.287748	-0.25961	-0.212811	-0.140889	-0.0639842	0.00169286	0.0510887	0.0829698	0.0957103	0.0894019	0.0668835	0.0464466	0.0321386	0.0387314	0.0776825	0.139744	0.221497	0.301047	0.358408	0.370567	0.325848	0.217431	0.0404459	-0.187638	-0.43467	-0.662627	-0.845866	-0.956278	-0.972821	-0.895781	-0.744392	-0.534739	-0.276511	0	
0	0.195749	0.400963	0.603997	0.773055	0.895989	0.970744	1.01416	1.02591	1.00809	0.962368	0.912516	0.887409	0.902854	0.955554	1.02385	1.09393	1.15847	1.21246	1.24108	1.22398	1.15487	1.04417	0.919002	0.813153	0.741159	0.715578	0.742501	0.841173	1.00127	1.20826	1.43812	1.6545	1.81174	1.88199	1.86535	1.78083	1.65353	1.50905	1.36521	1.23735	1.13015	1.05529	1.00811	0.969577	0.927168	0.875635	0.823759	0.791003	0.769558	0.742376	0.70282	0.661354	0.62365	0.587707	0.542305	0.483263	0.405407	0.323803	0.231906	0.118886	-0.0164864	-0.164472	-0.299411	-0.401805	-0.469699	-0.499842	-0.49393	-0.450774	-0.372087	-0.285679	-0.205392	-0.135296	-0.0880868	-0.0663209	-0.0667249	-0.0899257	-0.114694	-0.135466	-0.132845	-0.0968531	-0.0357052	0.0507679	0.132321	0.185723	0.194163	0.14858	0.0378885	-0.136855	-0.347773	-0.57335	-0.788107	-0.956819	-1.04757	-1.04772	-0.959209	-0.794808	-0.567928	-0.293557	0	
0	0.228192	0.465572	0.697498	0.892094	1.03471	1.12273	1.16253	1.1571	1.11616	1.04879	0.968243	0.900106	0.872864	0.893469	0.942722	1.00161	1.06562	1.12981	1.17795	1.18513	1.14038	1.05401	0.953958	0.867752	0.806868	0.788913	0.826393	0.932526	1.08448	1.27699	1.48948	1.68048	1.81043	1.86535	1.84078	1.73722	1.57738	1.39758	1.2118	1.04304	0.897253	0.788682	0.719545	0.677195	0.640111	0.608597	0.585448	0.584953	0.590946	0.588948	0.57794	0.56971	0.563556	0.549923	0.516904	0.462481	0.388831	0.306855	0.211483	0.0906701	-0.0609044	-0.232281	-0.394367	-0.526478	-0.630505	-0.695459	-0.71348	-0.682624	-0.609859	-0.518443	-0.420822	-0.331952	-0.268862	-0.234719	-0.225721	-0.240178	-0.259438	-0.276335	-0.271647	-0.233055	-0.166053	-0.0791778	0.00040007	0.0514416	0.0597976	0.0133356	-0.101893	-0.26916	-0.466504	-0.68245	-0.885018	-1.03643	-1.11365	-1.10999	-1.01603	-0.837193	-0.592972	-0.304774	0	
0	0.254668	0.511627	0.760239	0.96873	1.12515	1.21447	1.24582	1.22147	1.16539	1.08462	0.985741	0.889893	0.82705	0.814883	0.832418	0.868948	0.915906	0.972458	1.02294	1.04445	1.02502	0.970639	0.902473	0.83766	0.79142	0.788616	0.843203	0.956757	1.10923	1.29383	1.48632	1.64579	1.74631	1.78083	1.73722	1.60602	1.42231	1.20906	0.987147	0.782686	0.607594	0.475949	0.396834	0.350374	0.320206	0.305581	0.313519	0.341383	0.371761	0.398026	0.420186	0.449067	0.480969	0.500232	0.487901	0.445322	0.374449	0.290313	0.185509	0.0511539	-0.113973	-0.296733	-0.472157	-0.626649	-0.757588	-0.849352	-0.888604	-0.87133	-0.810089	-0.721623	-0.620838	-0.525802	-0.455417	-0.411145	-0.384557	-0.381826	-0.384431	-0.383964	-0.362447	-0.308948	-0.233967	-0.147438	-0.0734486	-0.0278379	-0.0259335	-0.0823419	-0.199065	-0.362781	-0.561127	-0.772824	-0.961759	-1.09453	-1.15838	-1.14227	-1.03106	-0.844507	-0.599149	-0.307361	0	
0	0.263782	0.524033	0.772567	0.989958	1.14923	1.23562	1.25177	1.21572	1.14807	1.06116	0.957029	0.850884	0.767208	0.720335	0.70013	0.702009	0.720245	0.755208	0.794626	0.824923	0.832321	0.816629	0.783496	0.743006	0.719221	0.741427	0.815134	0.941248	1.09971	1.28026	1.45091	1.58113	1.65084	1.65353	1.57738	1.42231	1.21026	0.963299	0.70539	0.47477	0.286692	0.151052	0.0706569	0.0273207	0.00575601	0.0155802	0.0511714	0.0968054	0.14471	0.188362	0.234987	0.300506	0.374709	0.429686	0.447962	0.4207	0.355225	0.271869	0.161434	0.0177073	-0.15494	-0.340446	-0.525084	-0.696366	-0.842824	-0.947957	-1.00133	-0.999646	-0.951749	-0.873391	-0.782144	-0.696166	-0.628104	-0.572978	-0.526248	-0.494712	-0.469091	-0.441119	-0.394556	-0.328272	-0.249439	-0.165985	-0.0969478	-0.0639219	-0.0783369	-0.14677	-0.273214	-0.436869	-0.629861	-0.83284	-1.00495	-1.12307	-1.17462	-1.13985	-1.01597	-0.829343	-0.587869	-0.302337	0	
0	0.24985	0.491818	0.729079	0.943225	1.10242	1.17999	1.19028	1.15101	1.08286	0.997373	0.900055	0.799364	0.70321	0.625768	0.564616	0.527523	0.511209	0.51629	0.536812	0.565591	0.593285	0.608865	0.606733	0.594344	0.604827	0.660473	0.762371	0.90716	1.07892	1.25495	1.40716	1.51311	1.54921	1.50905	1.39758	1.20906	0.963299	0.679365	0.394747	0.152058	-0.032328	-0.157133	-0.227714	-0.261827	-0.262117	-0.229661	-0.179595	-0.122834	-0.0667642	-0.00938618	0.0635064	0.161607	0.267184	0.352905	0.39312	0.378929	0.32568	0.25113	0.147313	0.0128263	-0.149775	-0.332492	-0.522743	-0.705876	-0.865014	-0.982845	-1.05175	-1.06683	-1.03872	-0.979216	-0.909472	-0.842181	-0.773446	-0.702069	-0.630165	-0.567494	-0.508728	-0.452813	-0.391838	-0.315013	-0.230719	-0.149449	-0.0828617	-0.0600208	-0.0919997	-0.175465	-0.312619	-0.489533	-0.685102	-0.872613	-1.03015	-1.13049	-1.16084	-1.11486	-0.985755	-0.79672	-0.559422	-0.285864	0	
0	0.210776	0.416731	0.626031	0.827053	0.976529	1.05258	1.06919	1.04569	0.990876	0.918883	0.838135	0.746979	0.643553	0.53975	0.444174	0.371286	0.321655	0.297602	0.292802	0.308856	0.337971	0.367019	0.385975	0.404861	0.45615	0.5534	0.691014	0.863455	1.04897	1.22138	1.36088	1.4473	1.44817	1.36521	1.2118	0.987147	0.70539	0.394747	0.0956236	-0.151198	-0.323698	-0.433677	-0.491987	-0.503897	-0.480794	-0.43211	-0.364931	-0.295306	-0.226507	-0.153506	-0.0628645	0.0493915	0.168871	0.269112	0.325446	0.329589	0.299999	0.250295	0.168821	0.0533968	-0.091819	-0.257472	-0.443884	-0.635273	-0.800904	-0.936698	-1.03807	-1.08479	-1.08427	-1.0541	-1.01001	-0.951008	-0.876075	-0.791922	-0.69948	-0.610071	-0.53087	-0.455068	-0.372066	-0.28148	-0.18899	-0.105742	-0.0448146	-0.0318146	-0.0770194	-0.173069	-0.320214	-0.507632	-0.706259	-0.886292	-1.03598	-1.12796	-1.14282	-1.08483	-0.956916	-0.767484	-0.531645	-0.272821	0	
0	0.150985	0.303132	0.46931	0.639627	0.773949	0.854684	0.894967	0.903971	0.879319	0.834368	0.774466	0.692668	0.583755	0.464995	0.349311	0.252442	0.18068	0.133931	0.106659	0.100405	0.113698	0.136926	0.166383	0.213883	0.305009	0.44509	0.62387	0.825324	1.024	1.19673	1.32935	1.39678	1.363	1.23735	1.04304	0.782686	0.47477	0.152058	-0.151198	-0.393135	-0.555887	-0.656059	-0.699875	-0.692526	-0.651713	-0.583179	-0.494286	-0.404493	-0.319312	-0.234963	-0.143073	-0.0386952	0.0757246	0.178018	0.245835	0.27243	0.274375	0.257038	0.213996	0.137128	0.0197801	-0.128771	-0.305553	-0.494062	-0.669019	-0.828482	-0.959216	-1.03834	-1.07537	-1.07861	-1.05934	-1.0154	-0.938825	-0.845395	-0.74296	-0.639496	-0.544249	-0.450223	-0.35397	-0.252589	-0.146168	-0.0550243	0.00299364	0.00790318	-0.0460394	-0.151761	-0.305499	-0.493622	-0.692084	-0.874119	-1.02436	-1.11579	-1.12741	-1.06378	-0.934675	-0.747168	-0.515594	-0.264305	0	
0	0.079822	0.167756	0.278264	0.406269	0.523001	0.616777	0.6926	0.745486	0.764744	0.756191	0.720131	0.644907	0.534966	0.410975	0.287827	0.177413	0.0913369	0.02935	-0.0169711	-0.0469153	-0.0589867	-0.0520504	-0.0192605	0.0521446	0.179541	0.362122	0.581351	0.809443	1.02151	1.19826	1.32135	1.36249	1.29344	1.13015	0.897253	0.607594	0.286692	-0.032328	-0.323698	-0.555887	-0.712904	-0.804849	-0.839005	-0.819531	-0.763006	-0.672423	-0.560982	-0.452682	-0.354044	-0.264824	-0.184898	-0.0952882	0.00444218	0.094686	0.167764	0.217121	0.251471	0.275611	0.275058	0.234915	0.152376	0.0313786	-0.128301	-0.311076	-0.492698	-0.67175	-0.831354	-0.942761	-1.01216	-1.05039	-1.05924	-1.02932	-0.960179	-0.872474	-0.767376	-0.653197	-0.549766	-0.447962	-0.338342	-0.221325	-0.105236	-0.00931942	0.0468591	0.0471443	-0.00824218	-0.122401	-0.286671	-0.475054	-0.672362	-0.856743	-1.00349	-1.0902	-1.10382	-1.04422	-0.914697	-0.727845	-0.504115	-0.259598	0	
0	0.0039342	0.0213979	0.0694079	0.149799	0.250461	0.359557	0.471844	0.569691	0.638369	0.673535	0.666349	0.606594	0.505141	0.387429	0.264663	0.148334	0.0529642	-0.0202834	-0.0804575	-0.131347	-0.169623	-0.183425	-0.154653	-0.0664368	0.0900625	0.30904	0.560504	0.809928	1.03729	1.21805	1.32685	1.3412	1.24701	1.05529	0.788682	0.475949	0.151052	-0.157133	-0.433677	-0.656059	-0.804849	-0.887817	-0.911066	-0.879553	-0.803704	-0.697554	-0.576787	-0.456179	-0.348993	-0.26726	-0.199401	-0.124086	-0.0440489	0.0342236	0.111579	0.176877	0.234652	0.292946	0.330641	0.327203	0.277182	0.187967	0.0635986	-0.0969637	-0.280783	-0.47357	-0.655363	-0.800692	-0.906258	-0.976756	-1.00918	-0.997174	-0.946784	-0.871225	-0.774469	-0.670687	-0.566332	-0.455704	-0.333925	-0.201922	-0.0749783	0.030425	0.0924793	0.0936953	0.0304605	-0.0940666	-0.265893	-0.462483	-0.661593	-0.844558	-0.985431	-1.06322	-1.07604	-1.02147	-0.897115	-0.714696	-0.497957	-0.259761	0	
0	-0.0701989	-0.122077	-0.136577	-0.0995053	-0.0147389	0.105185	0.240991	0.374587	0.488348	0.569303	0.601586	0.572608	0.495913	0.391516	0.275385	0.157807	0.0576098	-0.023578	-0.0927386	-0.157884	-0.215998	-0.248671	-0.225824	-0.127217	0.0505099	0.292719	0.559139	0.820234	1.05449	1.2331	1.32498	1.32195	1.2166	1.00811	0.719545	0.396834	0.0706569	-0.227714	-0.491987	-0.699875	-0.839005	-0.911066	-0.923902	-0.876646	-0.790485	-0.678857	-0.55445	-0.426223	-0.323411	-0.249593	-0.188105	-0.128212	-0.0673971	0.000533183	0.0750317	0.146148	0.220766	0.298857	0.363912	0.394737	0.384962	0.337832	0.250199	0.113344	-0.0618988	-0.253519	-0.442628	-0.610628	-0.74648	-0.849298	-0.913901	-0.934564	-0.91203	-0.854675	-0.77339	-0.678976	-0.578453	-0.471097	-0.347513	-0.204217	-0.061379	0.0528474	0.121264	0.126555	0.0554705	-0.0756395	-0.24741	-0.448013	-0.651158	-0.828154	-0.963445	-1.04489	-1.05632	-0.999396	-0.883987	-0.710603	-0.494766	-0.255824	0	
