0	0	0	0	0	0	0	0	0	0	0	0	0	0	0	0	0	0	0	0	0	0	0	0	0	0	0	0	0	0	0	0	0	0	0	0	0	0	0	0	0	0	0	0	0	0	0	0	0	0	0	0	0	0	0	0	0	0	0	0	0	0	0	0	0	0	0	0	0	0	0	0	0	0	0	0	0	0	0	0	0	0	0	0	0	0	0	0	0	0	0	0	0	0	0	0	0	0	0	0	
0	0.0711925	0.1345	0.184634	0.219938	0.243147	0.258581	0.271694	0.284721	0.299275	0.315554	0.333423	0.35667	0.383269	0.413802	0.442438	0.463565	0.477865	0.483952	0.48788	0.489924	0.491714	0.491867	0.494128	0.494714	0.493699	0.486305	0.474152	0.461849	0.452918	0.447655	0.438728	0.427767	0.415913	0.404118	0.394076	0.387132	0.3787	0.371817	0.361669	0.352554	0.347349	0.344288	0.336406	0.32798	0.322611	0.319119	0.313836	0.307716	0.30146	0.297519	0.294547	0.288057	0.28111	0.272549	0.259018	0.240413	0.216038	0.182532	0.147553	0.11379	0.0798173	0.0524306	0.0374487	0.0279511	0.0203832	0.0148062	0.00967642	-0.00014222	-0.0130564	-0.0255159	-0.041342	-0.0632307	-0.0904983	-0.115508	-0.135898	-0.151466	-0.159167	-0.159069	-0.159701	-0.162999	-0.160937	-0.160166	-0.162281	-0.160982	-0.156282	-0.145275	-0.13024	-0.119383	-0.114267	-0.106394	-0.0931653	-0.0799944	-0.067528	-0.0568778	-0.0456343	-0.0324642	-0.0228445	-0.0137096	0	
0	0.1345	0.252622	0.346334	0.408679	0.449536	0.473471	0.493701	0.514959	0.537649	0.566383	0.597535	0.639417	0.690804	0.748108	0.804829	0.846962	0.876026	0.890111	0.899641	0.906262	0.90998	0.914439	0.918501	0.922187	0.923915	0.911229	0.889795	0.870732	0.852797	0.843176	0.828624	0.805939	0.783247	0.762462	0.743102	0.728137	0.711776	0.69738	0.678789	0.660699	0.647429	0.640724	0.628622	0.612347	0.598525	0.591754	0.584094	0.573521	0.560516	0.554437	0.550255	0.540794	0.527966	0.514967	0.4898	0.457648	0.411517	0.349107	0.283428	0.218873	0.15649	0.103693	0.0786868	0.0618259	0.0502867	0.0427454	0.0343272	0.0190748	-0.00479613	-0.0263477	-0.0556194	-0.0973606	-0.149674	-0.199486	-0.239706	-0.272742	-0.289224	-0.291168	-0.295863	-0.30244	-0.301439	-0.30205	-0.30614	-0.308159	-0.301051	-0.280751	-0.256542	-0.236619	-0.226123	-0.212271	-0.185797	-0.160551	-0.138806	-0.116458	-0.0914064	-0.0662651	-0.0485091	-0.0292226	0	
0	0.184634	0.346334	0.469232	0.549075	0.593541	0.616067	0.632486	0.650526	0.674593	0.706005	0.744828	0.8008	0.87039	0.952964	1.03323	1.09444	1.13701	1.15801	1.1738	1.18523	1.19709	1.20614	1.22049	1.23201	1.23881	1.22681	1.2011	1.17401	1.15486	1.1455	1.12594	1.09851	1.06767	1.03651	1.00938	0.989099	0.96493	0.944778	0.915606	0.888577	0.871906	0.862358	0.84045	0.816703	0.801153	0.792537	0.780342	0.765897	0.751857	0.745563	0.742863	0.731524	0.719292	0.703226	0.672939	0.6295	0.568341	0.482154	0.391133	0.303612	0.216874	0.149026	0.117665	0.102631	0.094053	0.0907714	0.0876264	0.0706508	0.0432217	0.015157	-0.0241932	-0.0830341	-0.159182	-0.231165	-0.292148	-0.340409	-0.366528	-0.372331	-0.380783	-0.396632	-0.399757	-0.406239	-0.421127	-0.427998	-0.423354	-0.40047	-0.366155	-0.341279	-0.331518	-0.313597	-0.279178	-0.243553	-0.209139	-0.177991	-0.14327	-0.103232	-0.0732539	-0.0435274	0	
0	0.219938	0.408679	0.549075	0.630158	0.668471	0.675727	0.677181	0.681873	0.694581	0.720213	0.756429	0.816433	0.898269	0.99719	1.09773	1.17574	1.23129	1.26178	1.28516	1.30649	1.3251	1.34645	1.37009	1.39364	1.41264	1.40692	1.3828	1.36032	1.34166	1.33604	1.31921	1.28753	1.25204	1.21707	1.18437	1.15862	1.12993	1.10244	1.06631	1.031	1.00568	0.990812	0.967132	0.936955	0.912387	0.900761	0.889191	0.874187	0.85648	0.852619	0.853347	0.84667	0.836065	0.82377	0.791749	0.745648	0.674606	0.572847	0.464714	0.35978	0.259079	0.180495	0.151823	0.14297	0.144896	0.153193	0.159965	0.150977	0.125121	0.0992058	0.0560567	-0.0136425	-0.106218	-0.198172	-0.27616	-0.341024	-0.377716	-0.389429	-0.40729	-0.431474	-0.443258	-0.459653	-0.484569	-0.504422	-0.507254	-0.485881	-0.453828	-0.429176	-0.420925	-0.403664	-0.362748	-0.320758	-0.280949	-0.238498	-0.190304	-0.141166	-0.102997	-0.0601073	0	
0	0.243147	0.449536	0.593541	0.668471	0.686396	0.669998	0.644143	0.624334	0.616776	0.625441	0.651776	0.707864	0.793725	0.903664	1.01691	1.10733	1.17115	1.20678	1.23669	1.26319	1.29358	1.32536	1.36468	1.40532	1.43959	1.44588	1.43122	1.41336	1.4042	1.40829	1.39811	1.37198	1.33747	1.30137	1.26857	1.24088	1.20726	1.17768	1.13473	1.09253	1.06289	1.04516	1.01234	0.975503	0.94902	0.936023	0.921471	0.903855	0.888517	0.887366	0.89339	0.890397	0.886704	0.87863	0.849391	0.802538	0.726178	0.613926	0.493015	0.377112	0.266763	0.186635	0.16423	0.170624	0.190131	0.218	0.244008	0.248794	0.234988	0.215375	0.175146	0.100612	-0.00447073	-0.109266	-0.202625	-0.278762	-0.322394	-0.340156	-0.363634	-0.398128	-0.42076	-0.449199	-0.491389	-0.526613	-0.541746	-0.529365	-0.500503	-0.480949	-0.480806	-0.468217	-0.428869	-0.38379	-0.338116	-0.292492	-0.237124	-0.174314	-0.125276	-0.0734767	0	
0	0.258581	0.473471	0.616067	0.675727	0.669998	0.621104	0.56362	0.511119	0.476567	0.461168	0.469132	0.513849	0.594778	0.707077	0.826122	0.922345	0.990074	1.02928	1.06028	1.09429	1.13075	1.17448	1.22766	1.28452	1.33538	1.35827	1.35593	1.35146	1.35647	1.37587	1.37956	1.36321	1.33662	1.30503	1.27528	1.25094	1.22275	1.19039	1.14446	1.09716	1.06338	1.03965	1.00564	0.96355	0.9296	0.911922	0.896764	0.879604	0.862401	0.864096	0.87381	0.877869	0.880382	0.877821	0.853461	0.808182	0.729856	0.610839	0.481208	0.357653	0.241894	0.163813	0.150888	0.174325	0.216718	0.267512	0.316995	0.342673	0.345355	0.340761	0.309279	0.237404	0.130413	0.0173112	-0.0837408	-0.166229	-0.214714	-0.234479	-0.263024	-0.304785	-0.336099	-0.376775	-0.433912	-0.484981	-0.514114	-0.513523	-0.494878	-0.485376	-0.496437	-0.493261	-0.459424	-0.418252	-0.373445	-0.322012	-0.261116	-0.198416	-0.145962	-0.0838059	0	
0	0.271694	0.493701	0.632486	0.677181	0.644143	0.56362	0.468262	0.38233	0.314129	0.270479	0.255792	0.281381	0.353066	0.46016	0.57789	0.67534	0.7406	0.776227	0.805677	0.836127	0.875649	0.925547	0.987273	1.05885	1.12622	1.16476	1.17854	1.18953	1.21031	1.24588	1.26822	1.269	1.25492	1.23771	1.2211	1.20398	1.17873	1.15289	1.11079	1.06494	1.02831	1.0037	0.965641	0.91958	0.881854	0.861601	0.844172	0.823584	0.807388	0.810293	0.823592	0.832431	0.840622	0.843629	0.822594	0.779807	0.698222	0.573982	0.436733	0.304161	0.18558	0.109315	0.105669	0.147755	0.212897	0.291001	0.365547	0.415451	0.441435	0.453563	0.436893	0.373733	0.269135	0.156157	0.051522	-0.0322167	-0.0774855	-0.0965453	-0.123709	-0.164127	-0.201124	-0.248826	-0.315686	-0.381884	-0.424457	-0.435557	-0.429058	-0.430812	-0.451881	-0.460304	-0.437961	-0.403636	-0.365648	-0.322181	-0.263569	-0.19827	-0.145409	-0.0849753	0	
0	0.284721	0.514959	0.650526	0.681873	0.624334	0.511119	0.38233	0.259026	0.160321	0.0862692	0.0471242	0.0539136	0.110164	0.208735	0.319766	0.411362	0.468513	0.496896	0.514458	0.539602	0.575056	0.624162	0.691663	0.770997	0.846507	0.897833	0.924089	0.945771	0.984672	1.03962	1.08251	1.10337	1.10976	1.10658	1.10385	1.10206	1.09692	1.08025	1.0456	1.00371	0.973354	0.948952	0.913454	0.866523	0.826678	0.802208	0.782248	0.761146	0.744418	0.747004	0.760782	0.773433	0.786861	0.791324	0.774494	0.730323	0.645893	0.516265	0.369419	0.229129	0.104217	0.0314962	0.0337655	0.0917897	0.180957	0.283163	0.383848	0.458463	0.507429	0.539326	0.537629	0.485827	0.39037	0.28017	0.177709	0.100812	0.0619246	0.0506938	0.032653	-0.00257886	-0.0370024	-0.0855852	-0.158385	-0.22942	-0.278188	-0.297942	-0.297561	-0.308078	-0.341008	-0.362291	-0.35461	-0.333497	-0.30513	-0.267492	-0.218598	-0.17016	-0.130183	-0.0767994	0	
0	0.299275	0.537649	0.674593	0.694581	0.616776	0.476567	0.314129	0.160321	0.0287191	-0.0728503	-0.136043	-0.151207	-0.109432	-0.0230472	0.079113	0.164903	0.213183	0.231258	0.23782	0.249692	0.274055	0.316419	0.377722	0.456343	0.535543	0.593531	0.627753	0.661485	0.710999	0.77673	0.837591	0.878321	0.90248	0.922766	0.943159	0.959322	0.968363	0.967924	0.951408	0.924901	0.901606	0.882959	0.853968	0.811221	0.771405	0.745953	0.725686	0.702805	0.68546	0.686751	0.700112	0.715741	0.730356	0.736663	0.720604	0.675117	0.585564	0.449642	0.294207	0.141136	0.0115275	-0.0626699	-0.0575732	0.0129518	0.120265	0.246398	0.368334	0.466827	0.539711	0.58962	0.604587	0.566737	0.482101	0.378292	0.280592	0.210555	0.182132	0.180347	0.174199	0.155664	0.130663	0.0896678	0.0260312	-0.043111	-0.0926022	-0.112563	-0.117173	-0.132727	-0.166725	-0.195813	-0.201817	-0.19347	-0.182289	-0.164366	-0.134271	-0.104587	-0.08317	-0.0516537	0	
0	0.315554	0.566383	0.706005	0.720213	0.625441	0.461168	0.270479	0.0862692	-0.0728503	-0.199515	-0.283835	-0.315297	-0.287452	-0.210583	-0.11675	-0.0379277	0.000427975	0.0078786	-0.00108958	-0.00416182	0.00769084	0.0379039	0.0919852	0.164782	0.23835	0.294378	0.329458	0.361929	0.416568	0.489951	0.563993	0.620704	0.663428	0.699839	0.736571	0.772867	0.807518	0.828223	0.8309	0.821022	0.814408	0.808244	0.790925	0.757256	0.725049	0.701271	0.681496	0.659226	0.644632	0.643511	0.654796	0.670428	0.685656	0.689652	0.672638	0.621234	0.524016	0.380601	0.212623	0.0462193	-0.092491	-0.168812	-0.164636	-0.0854357	0.0391556	0.185604	0.328136	0.448533	0.543381	0.609615	0.637899	0.612113	0.537939	0.440042	0.347374	0.287849	0.271297	0.281777	0.294255	0.294661	0.284236	0.256987	0.20537	0.148704	0.109619	0.0972672	0.100225	0.0891394	0.0572329	0.0228873	0.00322465	-0.00283141	-0.00691508	-0.00661277	-0.00139845	-0.00476413	-0.0168967	-0.0183432	0	
0	0.333423	0.597535	0.744828	0.756429	0.651776	0.469132	0.255792	0.0471242	-0.136043	-0.283835	-0.386026	-0.432837	-0.416059	-0.348962	-0.26059	-0.186173	-0.152416	-0.150706	-0.170891	-0.186088	-0.188882	-0.172758	-0.1315	-0.0715368	-0.00829526	0.0420274	0.0726438	0.102459	0.154307	0.223028	0.299843	0.362615	0.416116	0.466759	0.52031	0.572818	0.626429	0.664084	0.690771	0.704306	0.717301	0.72555	0.725421	0.707456	0.685926	0.668896	0.653465	0.635936	0.623282	0.620999	0.629932	0.645331	0.658063	0.657763	0.637785	0.577738	0.471024	0.318093	0.136419	-0.0462897	-0.195881	-0.278601	-0.278939	-0.196811	-0.0599673	0.103127	0.261573	0.402422	0.516842	0.599014	0.64041	0.627197	0.565689	0.473589	0.386894	0.336174	0.328199	0.349473	0.378801	0.401099	0.410125	0.401674	0.372247	0.335652	0.311343	0.312102	0.324525	0.321723	0.300921	0.269076	0.242462	0.225172	0.202168	0.178836	0.15387	0.114629	0.0683253	0.0285062	0	
0	0.35667	0.639417	0.8008	0.816433	0.707864	0.513849	0.281381	0.0539136	-0.151207	-0.315297	-0.432837	-0.489727	-0.482668	-0.420334	-0.337731	-0.264693	-0.233572	-0.237956	-0.265272	-0.293843	-0.308999	-0.304854	-0.275761	-0.228192	-0.176304	-0.136836	-0.115897	-0.0947686	-0.0538871	0.00456027	0.0762364	0.140551	0.194805	0.250804	0.309656	0.373716	0.438384	0.494312	0.541151	0.577124	0.608971	0.636876	0.656729	0.658775	0.656703	0.65115	0.645596	0.635411	0.632295	0.631171	0.639453	0.654422	0.663025	0.658484	0.631149	0.559339	0.439152	0.272269	0.0741404	-0.130372	-0.294428	-0.38829	-0.398373	-0.316626	-0.173183	0.00439367	0.177301	0.335391	0.469951	0.565283	0.617605	0.617121	0.564794	0.479287	0.39922	0.35588	0.358279	0.390471	0.437167	0.483349	0.511487	0.521202	0.514893	0.499789	0.492552	0.510723	0.53714	0.545691	0.538644	0.51081	0.47586	0.447786	0.410507	0.365506	0.310212	0.236684	0.154415	0.0729375	0	
0	0.383269	0.690804	0.87039	0.898269	0.793725	0.594778	0.353066	0.110164	-0.109432	-0.287452	-0.416059	-0.482668	-0.481276	-0.427872	-0.346182	-0.276746	-0.245734	-0.25002	-0.284696	-0.321194	-0.346696	-0.356298	-0.338007	-0.303794	-0.266144	-0.237588	-0.22472	-0.214918	-0.186311	-0.143215	-0.0826045	-0.0299665	0.0226171	0.0753676	0.131474	0.194649	0.269052	0.332072	0.392116	0.444391	0.496466	0.542331	0.581856	0.608002	0.627243	0.640719	0.648419	0.654977	0.664291	0.670339	0.682765	0.699352	0.707433	0.697482	0.664178	0.578856	0.443041	0.261733	0.0418225	-0.184934	-0.369502	-0.480548	-0.503756	-0.432783	-0.287101	-0.102608	0.0789502	0.253021	0.401476	0.510223	0.573402	0.583401	0.544054	0.465661	0.392669	0.359404	0.368135	0.409674	0.474678	0.540746	0.588667	0.619109	0.634111	0.640924	0.650927	0.681004	0.71663	0.734864	0.737461	0.711582	0.671818	0.633952	0.58087	0.517463	0.437956	0.33441	0.222582	0.109431	0	
0	0.413802	0.748108	0.952964	0.99719	0.903664	0.707077	0.46016	0.208735	-0.0230472	-0.210583	-0.348962	-0.420334	-0.427872	-0.376491	-0.301514	-0.232322	-0.199784	-0.206965	-0.24295	-0.28836	-0.325678	-0.34505	-0.339577	-0.319526	-0.29362	-0.276174	-0.273696	-0.270915	-0.256008	-0.229933	-0.187018	-0.143614	-0.103246	-0.0591795	-0.0100826	0.0515938	0.116082	0.178084	0.245517	0.3115	0.374802	0.433557	0.490805	0.538935	0.584721	0.618938	0.647829	0.674181	0.705014	0.726382	0.750221	0.776061	0.786779	0.779073	0.741168	0.644929	0.495565	0.296669	0.0569036	-0.196312	-0.404671	-0.53726	-0.581667	-0.52493	-0.387175	-0.202029	-0.0147673	0.166779	0.328104	0.446195	0.516014	0.538269	0.507223	0.436919	0.374651	0.347386	0.36389	0.415963	0.494696	0.581952	0.648964	0.694887	0.731172	0.756408	0.77572	0.813314	0.851672	0.869472	0.875386	0.849463	0.801184	0.751869	0.687432	0.607375	0.505951	0.386666	0.264876	0.13488	0	
0	0.442438	0.804829	1.03323	1.09773	1.01691	0.826122	0.57789	0.319766	0.079113	-0.11675	-0.26059	-0.337731	-0.346182	-0.301514	-0.225868	-0.158735	-0.12407	-0.129126	-0.167965	-0.220644	-0.266136	-0.298185	-0.303166	-0.294843	-0.282552	-0.27646	-0.281869	-0.288612	-0.287328	-0.276871	-0.248436	-0.220075	-0.188461	-0.153882	-0.119979	-0.0742139	-0.0162941	0.0428156	0.105568	0.171549	0.239938	0.307424	0.373811	0.442125	0.509178	0.566789	0.615963	0.669411	0.726613	0.771571	0.816151	0.858134	0.883007	0.884386	0.850011	0.749931	0.591229	0.380387	0.121265	-0.154738	-0.388265	-0.546863	-0.612921	-0.57849	-0.453732	-0.273846	-0.0879852	0.0992456	0.26637	0.390261	0.466176	0.493745	0.470174	0.407295	0.351633	0.331953	0.35265	0.411865	0.505824	0.60833	0.690391	0.751422	0.800083	0.835357	0.860397	0.896228	0.928129	0.941217	0.942415	0.907483	0.847397	0.786292	0.711389	0.6223	0.51525	0.393025	0.267369	0.134502	0	
0	0.463565	0.846962	1.09444	1.17574	1.10733	0.922345	0.67534	0.411362	0.164903	-0.0379277	-0.186173	-0.264693	-0.276746	-0.232322	-0.158735	-0.0895449	-0.048348	-0.0483421	-0.0823183	-0.135764	-0.188613	-0.227654	-0.244765	-0.249871	-0.250742	-0.256939	-0.269889	-0.282072	-0.290423	-0.293812	-0.284074	-0.270176	-0.249776	-0.228861	-0.204862	-0.167082	-0.125306	-0.0833801	-0.0291892	0.0343506	0.101248	0.166745	0.234866	0.311175	0.394138	0.470407	0.540122	0.616981	0.701098	0.775075	0.846975	0.913765	0.960244	0.981806	0.960031	0.867378	0.70927	0.493781	0.223831	-0.0677209	-0.323294	-0.504919	-0.5933	-0.581896	-0.473955	-0.305606	-0.122271	0.0641365	0.23359	0.36145	0.438618	0.471567	0.451916	0.394793	0.347225	0.328919	0.3493	0.411251	0.509285	0.619117	0.709394	0.777067	0.832867	0.872318	0.89496	0.920566	0.937987	0.936235	0.922708	0.879415	0.814244	0.744999	0.664219	0.570815	0.461703	0.348645	0.242588	0.127122	0	
0	0.477865	0.876026	1.13701	1.23129	1.17115	0.990074	0.7406	0.468513	0.213183	0.000427975	-0.152416	-0.233572	-0.245734	-0.199784	-0.12407	-0.048348	0.00241263	0.013674	-0.0112197	-0.0611323	-0.114683	-0.157838	-0.180632	-0.192848	-0.203951	-0.218506	-0.239261	-0.258398	-0.277385	-0.295022	-0.302226	-0.299455	-0.289815	-0.278123	-0.267211	-0.247408	-0.221382	-0.188317	-0.146449	-0.0942883	-0.0360836	0.020173	0.0806301	0.15877	0.249245	0.33404	0.414662	0.51053	0.619042	0.721751	0.821948	0.916973	0.993249	1.04237	1.0436	0.968303	0.822672	0.611247	0.340878	0.0429213	-0.228761	-0.428128	-0.536549	-0.544812	-0.455051	-0.297591	-0.116177	0.0698568	0.243273	0.3745	0.455373	0.490905	0.472568	0.419922	0.374354	0.353221	0.366266	0.422768	0.5173	0.622639	0.71063	0.774259	0.822159	0.85244	0.863005	0.871096	0.870455	0.853649	0.828482	0.778449	0.706716	0.634701	0.558364	0.469647	0.372491	0.281799	0.197805	0.103682	0	
0	0.483952	0.890111	1.15801	1.26178	1.20678	1.02928	0.776227	0.496896	0.231258	0.0078786	-0.150706	-0.237956	-0.25002	-0.206965	-0.129126	-0.0483421	0.013674	0.0404463	0.0323278	-0.00589658	-0.0515398	-0.0908419	-0.115254	-0.13061	-0.14792	-0.170639	-0.193906	-0.215045	-0.239583	-0.267271	-0.289715	-0.304403	-0.307093	-0.306966	-0.30619	-0.297827	-0.284807	-0.268183	-0.243123	-0.202272	-0.155239	-0.108503	-0.0604363	0.00798608	0.0913383	0.17877	0.264466	0.367366	0.488132	0.611988	0.737426	0.858243	0.963994	1.0438	1.07209	1.02523	0.899675	0.704106	0.444163	0.151076	-0.124965	-0.336006	-0.455578	-0.479875	-0.405284	-0.2568	-0.077319	0.111342	0.288951	0.426081	0.513939	0.55319	0.538544	0.492261	0.448445	0.420947	0.421252	0.461261	0.537236	0.622814	0.69092	0.737883	0.767036	0.77605	0.76989	0.75649	0.732202	0.698115	0.658962	0.607659	0.54699	0.485343	0.417958	0.342075	0.265642	0.200202	0.143334	0.078136	0	
0	0.48788	0.899641	1.1738	1.28516	1.23669	1.06028	0.805677	0.514458	0.23782	-0.00108958	-0.170891	-0.265272	-0.284696	-0.24295	-0.167965	-0.0823183	-0.0112197	0.0323278	0.0394169	0.0187254	-0.0180671	-0.0478975	-0.0672976	-0.077797	-0.0948873	-0.115501	-0.137348	-0.15803	-0.182755	-0.217412	-0.254761	-0.280444	-0.292679	-0.304959	-0.314192	-0.321562	-0.32325	-0.323113	-0.310012	-0.282895	-0.244955	-0.215953	-0.183347	-0.128833	-0.0514032	0.0282421	0.106568	0.206693	0.331206	0.468244	0.60707	0.747193	0.878395	0.985431	1.04358	1.02681	0.929667	0.756291	0.516076	0.23935	-0.0342594	-0.245362	-0.372382	-0.405775	-0.341387	-0.201354	-0.0179764	0.17554	0.361777	0.510817	0.608527	0.655054	0.646597	0.605601	0.562187	0.52527	0.505888	0.5228	0.570092	0.622712	0.661902	0.68001	0.676103	0.656132	0.624605	0.583908	0.539891	0.492859	0.445523	0.399984	0.352918	0.307999	0.260427	0.202786	0.149502	0.115272	0.0909754	0.0548896	0	
0	0.489924	0.906262	1.18523	1.30649	1.26319	1.09429	0.836127	0.539602	0.249692	-0.00416182	-0.186088	-0.293843	-0.321194	-0.28836	-0.220644	-0.135764	-0.0611323	-0.00589658	0.0187254	0.0111669	-0.0101899	-0.031289	-0.0425057	-0.046433	-0.0580732	-0.0747267	-0.0884713	-0.100882	-0.117244	-0.151888	-0.194196	-0.228839	-0.253723	-0.272923	-0.290034	-0.311485	-0.328303	-0.340711	-0.345043	-0.332632	-0.310151	-0.292125	-0.272188	-0.23333	-0.173236	-0.105321	-0.0332566	0.0561002	0.174058	0.309671	0.454535	0.603579	0.750766	0.876938	0.959054	0.972637	0.904143	0.75778	0.545461	0.291322	0.0336759	-0.169777	-0.295628	-0.329181	-0.272135	-0.13356	0.0531541	0.254409	0.453367	0.613188	0.72506	0.779304	0.776638	0.743224	0.696897	0.648046	0.608109	0.593077	0.602672	0.616352	0.616724	0.600828	0.56333	0.51063	0.455578	0.394578	0.33038	0.268329	0.216421	0.179709	0.150119	0.125777	0.0971838	0.0603418	0.0359309	0.0310564	0.0320886	0.023627	0	
0	0.491714	0.90998	1.19709	1.3251	1.29358	1.13075	0.875649	0.575056	0.274055	0.00769084	-0.188882	-0.308999	-0.346696	-0.325678	-0.266136	-0.188613	-0.114683	-0.0515398	-0.0180671	-0.0101899	-0.0234665	-0.0345834	-0.0396005	-0.0364284	-0.0425095	-0.0510496	-0.0566057	-0.056155	-0.060207	-0.0853905	-0.125188	-0.16246	-0.189423	-0.212057	-0.236327	-0.267349	-0.292618	-0.323376	-0.344093	-0.346443	-0.335775	-0.333205	-0.329134	-0.308543	-0.262757	-0.205201	-0.146715	-0.0719866	0.0325429	0.162897	0.301386	0.450598	0.601836	0.736629	0.83463	0.870696	0.827669	0.708499	0.526182	0.30053	0.0677617	-0.118597	-0.233159	-0.260445	-0.199962	-0.0591592	0.133345	0.347413	0.557024	0.731009	0.853871	0.911924	0.915075	0.880385	0.826719	0.763113	0.69677	0.647488	0.616203	0.588601	0.552324	0.505097	0.438077	0.360279	0.288707	0.213781	0.137771	0.0677067	0.010616	-0.0228441	-0.0362542	-0.0416537	-0.0576082	-0.0778268	-0.0773821	-0.0562697	-0.0262645	-0.00368405	0	
0	0.491867	0.914439	1.20614	1.34645	1.32536	1.17448	0.925547	0.624162	0.316419	0.0379039	-0.172758	-0.304854	-0.356298	-0.34505	-0.298185	-0.227654	-0.157838	-0.0908419	-0.0478975	-0.031289	-0.0345834	-0.042332	-0.0442885	-0.038342	-0.041706	-0.0461641	-0.0410588	-0.0309064	-0.0169115	-0.0295295	-0.0611479	-0.0936184	-0.118598	-0.138635	-0.157886	-0.191278	-0.225876	-0.267357	-0.29911	-0.317829	-0.323729	-0.336254	-0.346054	-0.344051	-0.314769	-0.274647	-0.227654	-0.168882	-0.0770227	0.0378637	0.166492	0.307822	0.455113	0.587322	0.690991	0.739898	0.71385	0.618566	0.46277	0.267002	0.0636561	-0.0967659	-0.194232	-0.205563	-0.133397	0.0154194	0.219083	0.446014	0.670887	0.856672	0.986535	1.04675	1.04636	1.00414	0.93396	0.847697	0.753072	0.663598	0.590889	0.526999	0.460332	0.391723	0.308131	0.220286	0.144077	0.0659233	-0.0136621	-0.0903827	-0.149621	-0.177881	-0.183829	-0.179772	-0.185087	-0.193078	-0.176721	-0.134528	-0.0807861	-0.033447	0	
0	0.494128	0.918501	1.22049	1.37009	1.36468	1.22766	0.987273	0.691663	0.377722	0.0919852	-0.1315	-0.275761	-0.338007	-0.339577	-0.303166	-0.244765	-0.180632	-0.115254	-0.0672976	-0.0425057	-0.0396005	-0.0442885	-0.0438467	-0.0405087	-0.0439069	-0.0467937	-0.042866	-0.0229678	0.00217607	0.00203135	-0.015717	-0.0387879	-0.0594094	-0.0671367	-0.0814178	-0.108733	-0.13941	-0.182259	-0.223433	-0.250852	-0.27066	-0.295316	-0.318607	-0.33336	-0.326159	-0.30198	-0.26743	-0.222625	-0.148788	-0.0494845	0.0657034	0.196964	0.331888	0.453832	0.553866	0.60256	0.584557	0.502301	0.367426	0.193826	0.0225752	-0.110094	-0.184254	-0.172305	-0.0806885	0.0859828	0.302469	0.547888	0.787501	0.982721	1.11501	1.1682	1.15835	1.0965	1.00206	0.890503	0.764845	0.638887	0.527929	0.43509	0.347888	0.264597	0.178554	0.0924412	0.021023	-0.043824	-0.117869	-0.196081	-0.25216	-0.279188	-0.280256	-0.267898	-0.269841	-0.268229	-0.237605	-0.185935	-0.120111	-0.0544104	0	
0	0.494714	0.922187	1.23201	1.39364	1.40532	1.28452	1.05885	0.770997	0.456343	0.164782	-0.0715368	-0.228192	-0.303794	-0.319526	-0.294843	-0.249871	-0.192848	-0.13061	-0.077797	-0.046433	-0.0364284	-0.038342	-0.0405087	-0.040252	-0.0480308	-0.0561602	-0.0519746	-0.0299363	0.00149114	0.0140058	0.00592247	-0.0127815	-0.0250341	-0.0240533	-0.0267257	-0.0382399	-0.0607631	-0.0992976	-0.137024	-0.167072	-0.193384	-0.222258	-0.257469	-0.288804	-0.298352	-0.289488	-0.272192	-0.244291	-0.185166	-0.102593	-0.00130439	0.117422	0.239233	0.349705	0.440242	0.483581	0.46374	0.390366	0.264805	0.107986	-0.0369271	-0.144695	-0.194412	-0.161492	-0.0451082	0.139043	0.370415	0.633312	0.886485	1.0902	1.21916	1.26431	1.23861	1.15274	1.03103	0.892088	0.739269	0.57805	0.436227	0.323302	0.221858	0.135938	0.0569435	-0.0171728	-0.0733849	-0.124068	-0.186888	-0.256315	-0.307746	-0.330015	-0.320595	-0.298604	-0.293432	-0.285163	-0.251476	-0.196064	-0.127175	-0.0610124	0	
0	0.493699	0.923915	1.23881	1.41264	1.43959	1.33538	1.12622	0.846507	0.535543	0.23835	-0.00829526	-0.176304	-0.266144	-0.29362	-0.282552	-0.250742	-0.203951	-0.14792	-0.0948873	-0.0580732	-0.0425095	-0.041706	-0.0439069	-0.0480308	-0.0606713	-0.072783	-0.0744669	-0.054948	-0.0208437	-0.00349865	-0.00439859	-0.0170962	-0.0254909	-0.0187945	-0.0107957	-0.0093584	-0.0198827	-0.0458097	-0.0731384	-0.0965139	-0.120018	-0.150413	-0.186087	-0.219387	-0.242602	-0.253737	-0.250343	-0.231916	-0.189104	-0.126472	-0.039425	0.0689896	0.17845	0.277274	0.358518	0.392163	0.369001	0.297741	0.175055	0.0276736	-0.10016	-0.187132	-0.218992	-0.167567	-0.0298361	0.169953	0.415278	0.69107	0.956143	1.16434	1.28656	1.32101	1.27649	1.16436	1.0171	0.856699	0.682428	0.498676	0.336802	0.211531	0.106037	0.0187065	-0.0507754	-0.107971	-0.149888	-0.181312	-0.226823	-0.284709	-0.320937	-0.329524	-0.312449	-0.281907	-0.262204	-0.241973	-0.21072	-0.166325	-0.106661	-0.0493963	0	
0	0.486305	0.911229	1.22681	1.40692	1.44588	1.35827	1.16476	0.897833	0.593531	0.294378	0.0420274	-0.136836	-0.237588	-0.276174	-0.27646	-0.256939	-0.218506	-0.170639	-0.115501	-0.0747267	-0.0510496	-0.0461641	-0.0467937	-0.0561602	-0.072783	-0.092097	-0.100905	-0.0851511	-0.0535761	-0.0317877	-0.0266123	-0.0372053	-0.0455838	-0.0378611	-0.0256996	-0.0129577	-0.0133545	-0.0257185	-0.0421069	-0.055819	-0.072485	-0.0907346	-0.120022	-0.152612	-0.183023	-0.19956	-0.20642	-0.201152	-0.175241	-0.129255	-0.0564549	0.0372436	0.134036	0.22352	0.296683	0.321964	0.297108	0.227725	0.107645	-0.0338684	-0.149821	-0.222955	-0.243181	-0.18111	-0.032924	0.175463	0.425802	0.705865	0.977283	1.18505	1.30153	1.32801	1.26801	1.13794	0.974544	0.80179	0.617129	0.42073	0.246965	0.115065	0.00506308	-0.0821341	-0.139552	-0.180984	-0.205864	-0.215975	-0.240782	-0.279134	-0.299532	-0.29459	-0.263519	-0.221581	-0.191809	-0.166528	-0.139271	-0.106636	-0.0678373	-0.0334266	0	
0	0.474152	0.889795	1.2011	1.3828	1.43122	1.35593	1.17854	0.924089	0.627753	0.329458	0.0726438	-0.115897	-0.22472	-0.273696	-0.281869	-0.269889	-0.239261	-0.193906	-0.137348	-0.0884713	-0.0566057	-0.0410588	-0.042866	-0.0519746	-0.0744669	-0.100905	-0.115756	-0.105084	-0.080001	-0.0548587	-0.0474582	-0.0577376	-0.066011	-0.0625471	-0.0490207	-0.0313195	-0.0244168	-0.028766	-0.0360392	-0.0409998	-0.0463676	-0.0572153	-0.0771363	-0.0963327	-0.119845	-0.14106	-0.156635	-0.15396	-0.137584	-0.107076	-0.0537059	0.0254292	0.108258	0.188812	0.250711	0.270257	0.244122	0.178083	0.0611903	-0.0745747	-0.184022	-0.2513	-0.26649	-0.207427	-0.0618782	0.14089	0.385061	0.660252	0.930377	1.13946	1.25644	1.2846	1.22207	1.08773	0.922692	0.749134	0.562129	0.361475	0.182443	0.0435258	-0.0727452	-0.159323	-0.208162	-0.233406	-0.236946	-0.228501	-0.231248	-0.24253	-0.24441	-0.228545	-0.191911	-0.144947	-0.104243	-0.07731	-0.0645019	-0.0510707	-0.0300679	-0.0129205	0	
0	0.461849	0.870732	1.17401	1.36032	1.41336	1.35146	1.18953	0.945771	0.661485	0.361929	0.102459	-0.0947686	-0.214918	-0.270915	-0.288612	-0.282072	-0.258398	-0.215045	-0.15803	-0.100882	-0.056155	-0.0309064	-0.0229678	-0.0299363	-0.054948	-0.0851511	-0.105084	-0.10723	-0.0860326	-0.06479	-0.0578228	-0.0647081	-0.0728268	-0.0775468	-0.0635641	-0.0468057	-0.036532	-0.036351	-0.0369961	-0.0361147	-0.0335916	-0.0387437	-0.0454551	-0.0515707	-0.0662983	-0.0837147	-0.0934072	-0.089114	-0.0769762	-0.0566651	-0.0144988	0.0477552	0.117294	0.183897	0.234134	0.24458	0.215344	0.149307	0.0345759	-0.095743	-0.207685	-0.274246	-0.296782	-0.251374	-0.126994	0.0541567	0.28046	0.537324	0.802498	1.01326	1.1423	1.18679	1.13846	1.02141	0.872412	0.713064	0.533751	0.338821	0.160269	0.0113912	-0.112193	-0.202146	-0.248872	-0.259386	-0.245049	-0.218219	-0.194965	-0.184083	-0.171591	-0.144383	-0.110281	-0.0708828	-0.0290754	-0.00507323	-0.00461676	-0.00805835	-0.00272858	0.0025096	0	
0	0.452918	0.852797	1.15486	1.34166	1.4042	1.35647	1.21031	0.984672	0.710999	0.416568	0.154307	-0.0538871	-0.186311	-0.256008	-0.287328	-0.290423	-0.277385	-0.239583	-0.182755	-0.117244	-0.060207	-0.0169115	0.00217607	0.00149114	-0.0208437	-0.0535761	-0.080001	-0.0860326	-0.0732679	-0.0564936	-0.0481159	-0.0532776	-0.0673393	-0.0770735	-0.0686947	-0.0568956	-0.0433507	-0.0382987	-0.0350825	-0.0312332	-0.0254226	-0.0272419	-0.0240806	-0.0193861	-0.0210591	-0.028118	-0.0317417	-0.0209302	-0.00258477	0.0224509	0.0569892	0.109327	0.168906	0.22509	0.262014	0.261938	0.226733	0.153824	0.0409602	-0.0915213	-0.210534	-0.288418	-0.328029	-0.310642	-0.227276	-0.0842496	0.104735	0.3324	0.581794	0.79593	0.94815	1.02324	1.01246	0.934922	0.825289	0.696222	0.537662	0.360215	0.186114	0.0307145	-0.103469	-0.198875	-0.242786	-0.246693	-0.218681	-0.177716	-0.141011	-0.113766	-0.0942399	-0.0743066	-0.0502562	-0.0142052	0.0245568	0.0405622	0.0334706	0.0198205	0.0120881	0.00875093	0	
0	0.447655	0.843176	1.1455	1.33604	1.40829	1.37587	1.24588	1.03962	0.77673	0.489951	0.223028	0.00456027	-0.143215	-0.229933	-0.276871	-0.293812	-0.295022	-0.267271	-0.217412	-0.151888	-0.0853905	-0.0295295	0.00203135	0.0140058	-0.00349865	-0.0317877	-0.0548587	-0.06479	-0.0564936	-0.0415689	-0.0373161	-0.0409469	-0.057255	-0.0721398	-0.0728259	-0.0649017	-0.0524546	-0.0478523	-0.0467347	-0.0388017	-0.0277705	-0.0267533	-0.0206329	-0.00806737	0.00514224	0.00674605	0.01278	0.0342253	0.0693156	0.105578	0.146136	0.201677	0.263407	0.317113	0.346476	0.341325	0.295597	0.211792	0.0921238	-0.05145	-0.18927	-0.292094	-0.361394	-0.385761	-0.356315	-0.266239	-0.125514	0.0632915	0.290559	0.507167	0.68655	0.801173	0.838757	0.816779	0.759236	0.673965	0.55253	0.405757	0.253788	0.103561	-0.0327701	-0.126577	-0.174698	-0.179514	-0.148727	-0.112786	-0.077108	-0.0486797	-0.0342417	-0.0238984	-0.0143842	0.0108894	0.046139	0.0588824	0.0470907	0.0287429	0.0195787	0.015446	0	
0	0.438728	0.828624	1.12594	1.31921	1.39811	1.37956	1.26822	1.08251	0.837591	0.563993	0.299843	0.0762364	-0.0826045	-0.187018	-0.248436	-0.284074	-0.302226	-0.289715	-0.254761	-0.194196	-0.125188	-0.0611479	-0.015717	0.00592247	-0.00439859	-0.0266123	-0.0474582	-0.0578228	-0.0481159	-0.0373161	-0.0283696	-0.0258866	-0.0399532	-0.0575744	-0.0670699	-0.070872	-0.0638847	-0.0628246	-0.0594319	-0.0476708	-0.0396024	-0.0406334	-0.0305564	-0.00965412	0.011494	0.0233177	0.0397528	0.0706838	0.120446	0.174705	0.232053	0.300005	0.374646	0.435781	0.470694	0.466662	0.411891	0.315958	0.181955	0.0185254	-0.148208	-0.286853	-0.394688	-0.46799	-0.494868	-0.462688	-0.375485	-0.228293	-0.0316849	0.181566	0.381211	0.529384	0.618223	0.653966	0.656085	0.628198	0.558811	0.463033	0.349914	0.220042	0.09449	0.00305756	-0.0507332	-0.0651272	-0.0468965	-0.0225945	-0.000252038	0.0130752	0.0139888	0.0049019	-0.00370816	0.0111821	0.036324	0.0466318	0.0391065	0.0222806	0.0179064	0.018909	0	
0	0.427767	0.805939	1.09851	1.28753	1.37198	1.36321	1.269	1.10337	0.878321	0.620704	0.362615	0.140551	-0.0299665	-0.143614	-0.220075	-0.270176	-0.299455	-0.304403	-0.280444	-0.228839	-0.16246	-0.0936184	-0.0387879	-0.0127815	-0.0170962	-0.0372053	-0.0577376	-0.0647081	-0.0532776	-0.0409469	-0.0258866	-0.0157038	-0.0248225	-0.0396714	-0.0561545	-0.0642936	-0.0625617	-0.065805	-0.0679931	-0.0633857	-0.0593972	-0.0575097	-0.0492992	-0.0304536	-0.000996376	0.0227753	0.0453121	0.0821967	0.147965	0.222394	0.297764	0.385333	0.481025	0.560038	0.61239	0.616871	0.56106	0.45334	0.300782	0.108068	-0.096642	-0.279837	-0.437408	-0.560578	-0.640625	-0.662975	-0.622717	-0.515054	-0.346785	-0.141471	0.0667282	0.242271	0.37318	0.461309	0.522806	0.553642	0.548564	0.514527	0.45021	0.357432	0.251051	0.163816	0.106085	0.0765385	0.0748338	0.0818156	0.0828517	0.0749319	0.0575965	0.0258442	-0.00142304	0.001056	0.0134889	0.0165346	0.0107265	0.0021036	0.00234957	0.00498058	0	
0	0.415913	0.783247	1.06767	1.25204	1.33747	1.33662	1.25492	1.10976	0.90248	0.663428	0.416116	0.194805	0.0226171	-0.103246	-0.188461	-0.249776	-0.289815	-0.307093	-0.292679	-0.253723	-0.189423	-0.118598	-0.0594094	-0.0250341	-0.0254909	-0.0455838	-0.066011	-0.0728268	-0.0673393	-0.057255	-0.0399532	-0.0248225	-0.0210128	-0.0218605	-0.0367307	-0.046754	-0.0513714	-0.0590289	-0.06649	-0.0632801	-0.0629298	-0.0661522	-0.0687357	-0.0502722	-0.0172761	0.0139948	0.0436571	0.0901201	0.167316	0.257041	0.353142	0.463846	0.578586	0.678214	0.750502	0.768817	0.713142	0.59684	0.421139	0.193781	-0.0508637	-0.285362	-0.494046	-0.66587	-0.789131	-0.854707	-0.852983	-0.774835	-0.629904	-0.436786	-0.228478	-0.0365505	0.12604	0.259046	0.371038	0.461761	0.526155	0.554198	0.546036	0.497474	0.412586	0.330783	0.26418	0.213934	0.191745	0.180781	0.160809	0.134967	0.103274	0.055683	0.015168	3.22142e-05	-0.0102382	-0.0204924	-0.0277545	-0.0269189	-0.011671	0.000216237	0	
0	0.404118	0.762462	1.03651	1.21707	1.30137	1.30503	1.23771	1.10658	0.922766	0.699839	0.466759	0.250804	0.0753676	-0.0591795	-0.153882	-0.228861	-0.278123	-0.306966	-0.304959	-0.272923	-0.212057	-0.138635	-0.0671367	-0.0240533	-0.0187945	-0.0378611	-0.0625471	-0.0775468	-0.0770735	-0.0721398	-0.0575744	-0.0396714	-0.0218605	-0.0179889	-0.0283311	-0.0336569	-0.0367133	-0.0435188	-0.0464996	-0.0452549	-0.051186	-0.0607336	-0.0704176	-0.0578812	-0.0291793	0.00789346	0.0439422	0.0966308	0.182822	0.289226	0.407381	0.536556	0.668197	0.785392	0.875514	0.901003	0.84593	0.721698	0.520717	0.262073	-0.0207119	-0.298935	-0.556233	-0.76925	-0.925919	-1.02712	-1.05599	-1.00424	-0.878682	-0.700616	-0.49894	-0.29592	-0.106523	0.0641657	0.221872	0.371243	0.499315	0.586621	0.62952	0.62061	0.55958	0.477172	0.398091	0.332209	0.289292	0.264231	0.234179	0.192889	0.145713	0.089071	0.0401927	0.00765173	-0.0195338	-0.0356672	-0.0431413	-0.0386907	-0.0178517	-0.00274447	0	
0	0.394076	0.743102	1.00938	1.18437	1.26857	1.27528	1.2211	1.10385	0.943159	0.736571	0.52031	0.309656	0.131474	-0.0100826	-0.119979	-0.204862	-0.267211	-0.30619	-0.314192	-0.290034	-0.236327	-0.157886	-0.0814178	-0.0267257	-0.0107957	-0.0256996	-0.0490207	-0.0635641	-0.0686947	-0.0728259	-0.0670699	-0.0561545	-0.0367307	-0.0283311	-0.0248406	-0.0288281	-0.0304775	-0.0322469	-0.0277885	-0.0292323	-0.0291263	-0.0366118	-0.0494635	-0.0469997	-0.0253772	0.0125241	0.0515508	0.112429	0.204235	0.323657	0.459125	0.607764	0.752955	0.881565	0.978921	1.00281	0.944914	0.808209	0.583554	0.299471	-0.00962519	-0.317818	-0.610138	-0.853301	-1.03601	-1.16646	-1.22568	-1.20101	-1.09504	-0.932971	-0.738143	-0.52309	-0.308301	-0.105308	0.0915211	0.286591	0.463841	0.595277	0.677091	0.70736	0.671072	0.594404	0.512848	0.434885	0.376852	0.337894	0.291045	0.233909	0.176421	0.119004	0.071308	0.0337021	-0.000723607	-0.0252009	-0.0325269	-0.0185835	-0.00168475	-0.000375496	0	
0	0.387132	0.728137	0.989099	1.15862	1.24088	1.25094	1.20398	1.10206	0.959322	0.772867	0.572818	0.373716	0.194649	0.0515938	-0.0742139	-0.167082	-0.247408	-0.297827	-0.321562	-0.311485	-0.267349	-0.191278	-0.108733	-0.0382399	-0.0093584	-0.0129577	-0.0313195	-0.0468057	-0.0568956	-0.0649017	-0.070872	-0.0642936	-0.046754	-0.0336569	-0.0288281	-0.034024	-0.0353554	-0.0347497	-0.028646	-0.0201266	-0.00409147	-0.00947628	-0.019234	-0.0200316	0.00301341	0.0384665	0.0842427	0.14756	0.241052	0.367377	0.516729	0.679141	0.829152	0.96243	1.05507	1.06806	0.998868	0.842355	0.597752	0.294842	-0.0274006	-0.346086	-0.653718	-0.908582	-1.10856	-1.25888	-1.34518	-1.35075	-1.26431	-1.12157	-0.933422	-0.708247	-0.47632	-0.249105	-0.0261763	0.198692	0.406823	0.567185	0.682683	0.748565	0.741697	0.680707	0.599696	0.51751	0.450122	0.397135	0.341603	0.273126	0.20621	0.155501	0.113425	0.0720092	0.0332533	0.0057345	0.000136921	0.015148	0.0283406	0.0208924	0	
0	0.3787	0.711776	0.96493	1.12993	1.20726	1.22275	1.17873	1.09692	0.968363	0.807518	0.626429	0.438384	0.269052	0.116082	-0.0162941	-0.125306	-0.221382	-0.284807	-0.32325	-0.328303	-0.292618	-0.225876	-0.13941	-0.0607631	-0.0198827	-0.0133545	-0.0244168	-0.036532	-0.0433507	-0.0524546	-0.0638847	-0.0625617	-0.0513714	-0.0367133	-0.0304775	-0.0353554	-0.042269	-0.0429931	-0.0360348	-0.0169109	0.000536733	0.00552853	0.0103732	0.0211215	0.0464996	0.0859775	0.139992	0.207246	0.303465	0.428109	0.579325	0.739412	0.887885	1.01494	1.09002	1.08708	0.999565	0.825741	0.566991	0.254815	-0.0661614	-0.381336	-0.679569	-0.933741	-1.14041	-1.29906	-1.41115	-1.44225	-1.38137	-1.25997	-1.07721	-0.851592	-0.608184	-0.367018	-0.130181	0.11119	0.328315	0.502589	0.641674	0.73295	0.755392	0.718312	0.648953	0.575078	0.511018	0.453913	0.394423	0.322708	0.254231	0.205394	0.166153	0.125886	0.0813378	0.0470692	0.0376059	0.0413724	0.044767	0.0339579	0	
0	0.371817	0.69738	0.944778	1.10244	1.17768	1.19039	1.15289	1.08025	0.967924	0.828223	0.664084	0.494312	0.332072	0.178084	0.0428156	-0.0833801	-0.188317	-0.268183	-0.323113	-0.340711	-0.323376	-0.267357	-0.182259	-0.0992976	-0.0458097	-0.0257185	-0.028766	-0.036351	-0.0382987	-0.0478523	-0.0628246	-0.065805	-0.0590289	-0.0435188	-0.0322469	-0.0347497	-0.0429931	-0.0501466	-0.0494877	-0.0328442	-0.0107049	0.00948644	0.0279956	0.0493673	0.0849261	0.138185	0.206227	0.287247	0.387066	0.505361	0.64536	0.79314	0.928341	1.03158	1.08125	1.05837	0.953296	0.76649	0.502675	0.193614	-0.122142	-0.422164	-0.699921	-0.944271	-1.14329	-1.30054	-1.41927	-1.46564	-1.42923	-1.32476	-1.15807	-0.944593	-0.707075	-0.472049	-0.230294	0.0112072	0.222915	0.406356	0.559556	0.668944	0.719014	0.70708	0.656564	0.599799	0.549047	0.502405	0.451713	0.386569	0.327454	0.285219	0.241254	0.190575	0.133592	0.0845215	0.0612892	0.0533513	0.046098	0.0300676	0	
0	0.361669	0.678789	0.915606	1.06631	1.13473	1.14446	1.11079	1.0456	0.951408	0.8309	0.690771	0.541151	0.392116	0.245517	0.105568	-0.0291892	-0.146449	-0.243123	-0.310012	-0.345043	-0.344093	-0.29911	-0.223433	-0.137024	-0.0731384	-0.0421069	-0.0360392	-0.0369961	-0.0350825	-0.0467347	-0.0594319	-0.0679931	-0.06649	-0.0464996	-0.0277885	-0.028646	-0.0360348	-0.0494877	-0.0530807	-0.0362374	-0.0108527	0.0136968	0.0387838	0.0731462	0.124008	0.193151	0.277057	0.371968	0.478239	0.591335	0.714178	0.83611	0.9412	1.00766	1.02539	0.978628	0.855299	0.664196	0.409306	0.114262	-0.189145	-0.467007	-0.718652	-0.942661	-1.12347	-1.26429	-1.36929	-1.41866	-1.39881	-1.3157	-1.17726	-0.993296	-0.786362	-0.56946	-0.33336	-0.10156	0.104899	0.289613	0.448933	0.569376	0.63309	0.645805	0.623969	0.589124	0.563013	0.544141	0.513749	0.465874	0.419681	0.374856	0.323091	0.26476	0.189895	0.117745	0.0746996	0.0546797	0.0459638	0.031441	0	
0	0.352554	0.660699	0.888577	1.031	1.09253	1.09716	1.06494	1.00371	0.924901	0.821022	0.704306	0.577124	0.444391	0.3115	0.171549	0.0343506	-0.0942883	-0.202272	-0.282895	-0.332632	-0.346443	-0.317829	-0.250852	-0.167072	-0.0965139	-0.055819	-0.0409998	-0.0361147	-0.0312332	-0.0388017	-0.0476708	-0.0633857	-0.0632801	-0.0452549	-0.0292323	-0.0201266	-0.0169109	-0.0328442	-0.0362374	-0.0217549	0.0021669	0.0286263	0.0644511	0.111276	0.174792	0.251353	0.342521	0.449063	0.565459	0.672636	0.769623	0.860274	0.931077	0.957096	0.940686	0.864267	0.72635	0.535007	0.296313	0.0192304	-0.266494	-0.518303	-0.743777	-0.937597	-1.09156	-1.20281	-1.27885	-1.31727	-1.30391	-1.24306	-1.13902	-0.999428	-0.838031	-0.651722	-0.435868	-0.220075	-0.0231556	0.156887	0.316971	0.440256	0.513374	0.550525	0.55978	0.554974	0.560583	0.5713	0.565043	0.54297	0.511795	0.458707	0.395683	0.33098	0.249312	0.170086	0.107931	0.0625038	0.0427769	0.0289501	0	
0	0.347349	0.647429	0.871906	1.00568	1.06289	1.06338	1.02831	0.973354	0.901606	0.814408	0.717301	0.608971	0.496466	0.374802	0.239938	0.101248	-0.0360836	-0.155239	-0.244955	-0.310151	-0.335775	-0.323729	-0.27066	-0.193384	-0.120018	-0.072485	-0.0463676	-0.0335916	-0.0254226	-0.0277705	-0.0396024	-0.0593972	-0.0629298	-0.051186	-0.0291263	-0.00409147	0.000536733	-0.0107049	-0.0108527	0.0021669	0.0289859	0.0693592	0.113549	0.169345	0.238805	0.320799	0.414393	0.52379	0.636187	0.727184	0.800095	0.863704	0.89928	0.891276	0.846571	0.748034	0.596453	0.404415	0.17728	-0.0858677	-0.348076	-0.57749	-0.772062	-0.929031	-1.04771	-1.12255	-1.16924	-1.18867	-1.17694	-1.13595	-1.0649	-0.972065	-0.858161	-0.709689	-0.527741	-0.336955	-0.153206	0.0159741	0.172377	0.298567	0.381592	0.444437	0.484444	0.505768	0.537532	0.573197	0.588764	0.586762	0.569937	0.525881	0.466765	0.400887	0.321102	0.236011	0.152489	0.0903028	0.0573091	0.0289811	0	
0	0.344288	0.640724	0.862358	0.990812	1.04516	1.03965	1.0037	0.948952	0.882959	0.808244	0.72555	0.636876	0.542331	0.433557	0.307424	0.166745	0.020173	-0.108503	-0.215953	-0.292125	-0.333205	-0.336254	-0.295316	-0.222258	-0.150413	-0.0907346	-0.0572153	-0.0387437	-0.0272419	-0.0267533	-0.0406334	-0.0575097	-0.0661522	-0.0607336	-0.0366118	-0.00947628	0.00552853	0.00948644	0.0136968	0.0286263	0.0693592	0.116307	0.166689	0.233643	0.315374	0.40143	0.485354	0.579081	0.672432	0.747133	0.795673	0.829514	0.834312	0.812026	0.75802	0.6487	0.490488	0.298828	0.0732371	-0.179352	-0.423028	-0.630716	-0.793387	-0.909858	-0.985492	-1.0293	-1.05131	-1.05621	-1.04595	-1.0201	-0.979684	-0.92631	-0.854069	-0.749452	-0.611424	-0.45055	-0.283385	-0.121576	0.0356357	0.168282	0.269474	0.351059	0.408425	0.447513	0.483116	0.528199	0.571991	0.592515	0.591802	0.567363	0.523629	0.472856	0.406211	0.314702	0.214082	0.138506	0.0865478	0.0376856	0	
