0	0	0	0	0	0	0	0	0	0	0	0	0	0	0	0	0	0	0	0	0	0	0	0	0	0	0	0	0	0	0	0	0	0	0	0	0	0	0	0	0	0	0	0	0	0	0	0	0	0	0	0	0	0	0	0	0	0	0	0	0	0	0	0	0	0	0	0	0	0	0	0	0	0	0	0	0	0	0	0	0	0	0	0	0	0	0	0	0	0	0	0	0	0	0	0	0	0	0	0	
0	0.00144911	0.00142191	0.00188136	0.00442174	0.00956539	0.0110124	0.00785603	0.000930122	-0.00126085	0.00422536	0.0146911	0.0265387	0.0337377	0.0386449	0.0393409	0.0381009	0.0352962	0.0287224	0.017589	0.00258188	-0.0117457	-0.0194591	-0.02251	-0.0207194	-0.0125411	0.000674483	0.0153248	0.0230545	0.0241341	0.0186564	0.00669348	-0.0127761	-0.0359084	-0.0584494	-0.0739391	-0.0831569	-0.0792573	-0.0660999	-0.0439151	-0.0137551	0.0181242	0.0473063	0.0787381	0.107939	0.133344	0.153501	0.170127	0.181416	0.186865	0.191831	0.200115	0.207523	0.211305	0.209513	0.199678	0.181589	0.157058	0.123967	0.0804406	0.0292918	-0.029316	-0.0965625	-0.17082	-0.251858	-0.331896	-0.401267	-0.456437	-0.49418	-0.513569	-0.513794	-0.493904	-0.450947	-0.393601	-0.32599	-0.251186	-0.178562	-0.10854	-0.0448519	0.0118256	0.0603469	0.0966687	0.123557	0.146783	0.166364	0.178598	0.186128	0.191986	0.195591	0.195493	0.192118	0.183766	0.170829	0.156221	0.136765	0.113589	0.0866354	0.0582165	0.0321189	0	
0	0.00142191	-0.00112154	-0.00075646	0.00191274	0.0112532	0.0134941	0.00547757	-0.00687969	-0.0131988	-0.000714564	0.0194287	0.0432117	0.0584217	0.067619	0.0697128	0.0675977	0.0616673	0.0494949	0.027701	-0.00239385	-0.029022	-0.0454622	-0.0502227	-0.0466042	-0.0304751	-0.00371176	0.0259222	0.0427184	0.0465906	0.0399281	0.0189326	-0.0146993	-0.0560331	-0.0968671	-0.125619	-0.1392	-0.132601	-0.105807	-0.0624126	-0.00692613	0.0493565	0.102082	0.15481	0.203434	0.248534	0.282647	0.310098	0.328535	0.339345	0.350809	0.371105	0.386428	0.394228	0.3921	0.374152	0.334664	0.28168	0.212171	0.125205	0.0225544	-0.0910407	-0.217677	-0.354805	-0.501014	-0.646142	-0.767082	-0.864154	-0.92865	-0.961471	-0.963253	-0.927641	-0.853492	-0.751365	-0.63053	-0.495635	-0.360894	-0.230009	-0.10653	0.00587513	0.103511	0.179277	0.237339	0.288313	0.328514	0.35181	0.365076	0.374839	0.378788	0.37054	0.357411	0.338512	0.309938	0.281278	0.244528	0.199573	0.153068	0.104001	0.0554902	0	
0	0.00188136	-0.00075646	-0.0017676	0.0027677	0.0150669	0.0167792	0.00515561	-0.0166273	-0.0249202	-0.00989447	0.019827	0.0538884	0.0748677	0.0886711	0.0906522	0.0867378	0.0780383	0.0583833	0.0253874	-0.0191125	-0.061017	-0.0838257	-0.0916244	-0.0841397	-0.0574735	-0.0145585	0.0338524	0.0641718	0.0765426	0.0716611	0.0485733	0.00534915	-0.0489078	-0.102154	-0.137199	-0.155796	-0.141412	-0.103964	-0.0458237	0.0292213	0.103876	0.167137	0.232742	0.291641	0.34163	0.379878	0.412637	0.435902	0.448465	0.464882	0.493777	0.520898	0.535972	0.531414	0.498417	0.436161	0.352186	0.24316	0.108147	-0.0421358	-0.202873	-0.375666	-0.55597	-0.745425	-0.926198	-1.07523	-1.18918	-1.26374	-1.30085	-1.30093	-1.26002	-1.16749	-1.04261	-0.891714	-0.717891	-0.54245	-0.364244	-0.191855	-0.0283323	0.120123	0.238603	0.330935	0.409854	0.472703	0.507981	0.522563	0.526889	0.521537	0.503822	0.478366	0.442576	0.398397	0.355511	0.304712	0.248201	0.186471	0.124125	0.0694523	0	
0	0.00442174	0.00191274	0.0027677	0.00901225	0.0254101	0.028891	0.0120872	-0.0140853	-0.0278763	-0.0077739	0.028497	0.0702448	0.0955601	0.10868	0.107656	0.0984498	0.0819491	0.0533699	0.00748872	-0.0531513	-0.10595	-0.1366	-0.141702	-0.127449	-0.0864402	-0.0228625	0.04837	0.0978589	0.123717	0.128776	0.108136	0.0619135	-0.000343685	-0.0633065	-0.107268	-0.12682	-0.11179	-0.0654965	0.00578494	0.0937567	0.177017	0.247986	0.314935	0.373472	0.425589	0.460868	0.488909	0.507134	0.517185	0.533471	0.569862	0.599868	0.613877	0.603721	0.558353	0.469085	0.350905	0.203629	0.0301862	-0.159224	-0.353806	-0.553645	-0.754884	-0.959702	-1.15316	-1.30308	-1.41541	-1.48429	-1.51651	-1.51688	-1.4741	-1.3797	-1.24837	-1.08782	-0.898797	-0.70063	-0.495399	-0.287591	-0.0846396	0.102886	0.257995	0.381652	0.488327	0.569393	0.611605	0.627072	0.628006	0.61401	0.579472	0.537278	0.487822	0.429207	0.37771	0.319286	0.253588	0.190023	0.127324	0.0695223	0	
0	0.00956539	0.0112532	0.0150669	0.0254101	0.0466699	0.0504718	0.0316412	-0.00303497	-0.0193418	0.00070957	0.0424761	0.0892526	0.11491	0.126223	0.118931	0.101483	0.076083	0.0348322	-0.0254872	-0.101682	-0.168996	-0.203364	-0.206999	-0.180873	-0.121365	-0.0323676	0.0674555	0.141534	0.186776	0.204181	0.18938	0.141523	0.0713823	-0.0018822	-0.053108	-0.0806014	-0.0643466	-0.014604	0.0629647	0.160499	0.252806	0.325361	0.394785	0.453138	0.499023	0.527903	0.549531	0.55937	0.55665	0.563593	0.591479	0.61785	0.62582	0.603021	0.535197	0.421374	0.277603	0.102865	-0.0980385	-0.307805	-0.514211	-0.718621	-0.917187	-1.11712	-1.29952	-1.43596	-1.53121	-1.58572	-1.60869	-1.60588	-1.56846	-1.47823	-1.35564	-1.2028	-1.01682	-0.820507	-0.609204	-0.390458	-0.169091	0.0426471	0.219796	0.363363	0.487891	0.585767	0.638876	0.655158	0.651708	0.631802	0.591566	0.542104	0.482533	0.415818	0.358598	0.297574	0.233798	0.170683	0.111967	0.0646247	0	
0	0.0110124	0.0134941	0.0167792	0.028891	0.0504718	0.0552384	0.0308543	-0.00821612	-0.0289656	-0.0063099	0.0410395	0.0928547	0.121303	0.130235	0.118325	0.0938541	0.0590946	0.00744548	-0.0659678	-0.156592	-0.233074	-0.272535	-0.269052	-0.231136	-0.151194	-0.0363152	0.0906351	0.189985	0.254122	0.283544	0.274737	0.224261	0.145253	0.0608666	-0.00384981	-0.0389396	-0.0277928	0.0231895	0.10625	0.211251	0.308638	0.387137	0.456396	0.513788	0.558484	0.578853	0.586407	0.579544	0.559178	0.544956	0.556403	0.564081	0.552544	0.509939	0.425199	0.293111	0.13233	-0.0518468	-0.253576	-0.455802	-0.648004	-0.830802	-1.00409	-1.17915	-1.33914	-1.45306	-1.529	-1.56802	-1.58211	-1.58009	-1.54868	-1.47076	-1.36345	-1.22983	-1.06551	-0.889322	-0.698857	-0.4948	-0.283341	-0.0778446	0.100818	0.249703	0.384161	0.493571	0.557542	0.587311	0.595445	0.582878	0.547205	0.499275	0.439711	0.373938	0.319964	0.261268	0.198775	0.142293	0.0926398	0.0530326	0	
0	0.00785603	0.00547757	0.00515561	0.0120872	0.0316412	0.0308543	0.00139081	-0.0451732	-0.0685839	-0.0441445	0.0100734	0.0694803	0.103381	0.115278	0.103482	0.0774994	0.0394126	-0.0182107	-0.0992984	-0.199132	-0.2832	-0.322957	-0.315085	-0.263183	-0.166215	-0.0298157	0.12034	0.238822	0.316331	0.353792	0.344055	0.287964	0.197676	0.0980853	0.0201578	-0.0254599	-0.0195252	0.0318649	0.120911	0.23357	0.339898	0.423069	0.494917	0.550736	0.588503	0.599999	0.594041	0.56589	0.516598	0.475017	0.456684	0.439022	0.404782	0.342629	0.239474	0.0964609	-0.0624329	-0.23522	-0.414498	-0.585638	-0.73739	-0.875514	-1.00568	-1.14262	-1.27127	-1.35995	-1.41597	-1.44193	-1.4495	-1.44944	-1.42784	-1.36505	-1.28099	-1.17674	-1.04803	-0.91381	-0.76705	-0.606816	-0.433138	-0.256543	-0.100649	0.0364326	0.170939	0.291504	0.375114	0.424422	0.454325	0.466324	0.451631	0.421881	0.377463	0.320898	0.273151	0.222418	0.167834	0.118261	0.0771666	0.0460687	0	
0	0.000930122	-0.00687969	-0.0166273	-0.0140853	-0.00303497	-0.00821612	-0.0451732	-0.0968197	-0.121684	-0.0941162	-0.0306319	0.0382923	0.0822272	0.100736	0.0949771	0.0722915	0.0361255	-0.0219139	-0.106449	-0.210284	-0.297555	-0.337661	-0.321706	-0.25925	-0.14656	0.00741434	0.17217	0.304222	0.388192	0.42274	0.407072	0.337654	0.229594	0.114246	0.0202093	-0.0357085	-0.033351	0.0209583	0.115602	0.237934	0.35297	0.44426	0.51719	0.572861	0.604388	0.600527	0.57054	0.515476	0.437052	0.36003	0.308683	0.262768	0.2052	0.124143	0.0125407	-0.126315	-0.27373	-0.420856	-0.562925	-0.68459	-0.782961	-0.865757	-0.942458	-1.0346	-1.12547	-1.18779	-1.2236	-1.23679	-1.24033	-1.24387	-1.23463	-1.19266	-1.13668	-1.06995	-0.988123	-0.906671	-0.819347	-0.718095	-0.600618	-0.474342	-0.353684	-0.240054	-0.117198	0.00678579	0.106226	0.18311	0.24421	0.28748	0.309441	0.31091	0.290001	0.259	0.232278	0.194387	0.148154	0.104428	0.0679109	0.0402248	0	
0	-0.00126085	-0.0131988	-0.0249202	-0.0278763	-0.0193418	-0.0289656	-0.0685839	-0.121684	-0.145102	-0.11195	-0.0387211	0.040323	0.0943953	0.120186	0.119289	0.100792	0.0651189	0.00657581	-0.0799519	-0.187054	-0.275264	-0.312938	-0.290536	-0.214774	-0.0887917	0.077867	0.25443	0.39318	0.477176	0.507079	0.477737	0.391302	0.264476	0.126518	0.0122538	-0.0562375	-0.0618552	-0.00702512	0.098336	0.231685	0.359217	0.460093	0.536503	0.586773	0.607279	0.588726	0.536738	0.4492	0.332675	0.221381	0.137317	0.0656688	-0.00891629	-0.0963249	-0.205905	-0.335156	-0.459853	-0.574664	-0.673977	-0.749542	-0.797052	-0.825638	-0.853233	-0.899167	-0.953785	-0.986951	-1.0008	-1.001	-0.999019	-1.00879	-1.0137	-0.997141	-0.974492	-0.947523	-0.914701	-0.887099	-0.858054	-0.816896	-0.75671	-0.682185	-0.607438	-0.527501	-0.424305	-0.307555	-0.199824	-0.10469	-0.0156805	0.0648288	0.123887	0.16383	0.183335	0.182619	0.178116	0.162947	0.133036	0.100489	0.0713714	0.0421074	0	
0	0.00422536	-0.000714564	-0.00989447	-0.0077739	0.00070957	-0.0063099	-0.0441445	-0.0941162	-0.11195	-0.0726105	0.010211	0.0978861	0.160645	0.19058	0.193444	0.173773	0.13591	0.0720799	-0.0220834	-0.134621	-0.228781	-0.268073	-0.240411	-0.15474	-0.0151288	0.166283	0.352727	0.500972	0.587009	0.608322	0.56507	0.458474	0.306015	0.144358	0.00748443	-0.0785841	-0.0936866	-0.0391008	0.0686505	0.210197	0.348871	0.460483	0.541025	0.593567	0.606044	0.569868	0.489731	0.372116	0.22569	0.0819876	-0.0320161	-0.12064	-0.200861	-0.28679	-0.385993	-0.492207	-0.591716	-0.676654	-0.743409	-0.781293	-0.790147	-0.780417	-0.768884	-0.77815	-0.796601	-0.802663	-0.793212	-0.777153	-0.770858	-0.784733	-0.806544	-0.818514	-0.829999	-0.843222	-0.854789	-0.872177	-0.889742	-0.894848	-0.880577	-0.85014	-0.812176	-0.764733	-0.691299	-0.59272	-0.489997	-0.388621	-0.284786	-0.181419	-0.0860206	-0.0092022	0.0437089	0.0828407	0.11279	0.121115	0.10827	0.085902	0.062107	0.0362074	0	
0	0.0146911	0.0194287	0.019827	0.028497	0.0424761	0.0410395	0.0100734	-0.0306319	-0.0387211	0.010211	0.103742	0.199831	0.269715	0.302453	0.303072	0.279308	0.231092	0.156169	0.0495145	-0.0741182	-0.17592	-0.219246	-0.189449	-0.0943103	0.0572635	0.249364	0.445249	0.600447	0.688068	0.705294	0.65062	0.526743	0.35519	0.168994	0.00578802	-0.100949	-0.133119	-0.0880929	0.0217147	0.168117	0.314997	0.435094	0.519734	0.567287	0.570733	0.523205	0.425772	0.281821	0.107913	-0.0589747	-0.190008	-0.286613	-0.364298	-0.43715	-0.515632	-0.599122	-0.67465	-0.733772	-0.773556	-0.787188	-0.772725	-0.735906	-0.698796	-0.678111	-0.669857	-0.653157	-0.623962	-0.596008	-0.58556	-0.60636	-0.643008	-0.682426	-0.724782	-0.76942	-0.81583	-0.864059	-0.911541	-0.945961	-0.960534	-0.959893	-0.95213	-0.932773	-0.885314	-0.810637	-0.722953	-0.626271	-0.5185	-0.40216	-0.287712	-0.186152	-0.101874	-0.0361952	0.0143577	0.0479746	0.0580991	0.0548169	0.0469468	0.0283424	0	
0	0.0265387	0.0432117	0.0538884	0.0702448	0.0892526	0.0928547	0.0694803	0.0382923	0.040323	0.0978861	0.199831	0.302598	0.379012	0.412655	0.413077	0.382425	0.3251	0.236967	0.115424	-0.0202204	-0.134243	-0.185418	-0.158618	-0.0593744	0.10033	0.300866	0.503282	0.665291	0.755567	0.768663	0.702745	0.563189	0.372559	0.16457	-0.0191844	-0.144215	-0.19061	-0.152633	-0.0470505	0.0970231	0.246266	0.368987	0.453192	0.498836	0.493548	0.434307	0.319382	0.159554	-0.0258813	-0.200144	-0.337618	-0.429564	-0.492779	-0.547407	-0.605752	-0.666204	-0.720536	-0.762209	-0.786053	-0.78391	-0.752498	-0.698613	-0.644542	-0.603819	-0.57586	-0.54547	-0.50485	-0.469178	-0.458037	-0.480998	-0.526696	-0.584619	-0.646669	-0.713259	-0.783245	-0.853233	-0.920392	-0.973792	-1.00726	-1.02334	-1.03095	-1.02692	-0.998714	-0.942917	-0.869159	-0.784785	-0.686109	-0.572481	-0.452769	-0.3421	-0.243571	-0.155982	-0.0842798	-0.0319456	-0.00438487	0.0077521	0.0139277	0.00942973	0	
0	0.0337377	0.0584217	0.0748677	0.0955601	0.11491	0.121303	0.103381	0.0822272	0.0943953	0.160645	0.269715	0.379012	0.460105	0.496088	0.493362	0.457049	0.387558	0.286412	0.149703	0.00271705	-0.120756	-0.17905	-0.154582	-0.052301	0.112247	0.31675	0.518261	0.67997	0.767548	0.77285	0.696091	0.543575	0.338616	0.116391	-0.0837459	-0.222171	-0.279267	-0.246376	-0.141689	0.00376745	0.154474	0.276884	0.356243	0.389417	0.370551	0.299671	0.174821	0.00524155	-0.181246	-0.352504	-0.480799	-0.556795	-0.599454	-0.631698	-0.668947	-0.709476	-0.751074	-0.779917	-0.791331	-0.77663	-0.732345	-0.665275	-0.598688	-0.544573	-0.506914	-0.473867	-0.432876	-0.398234	-0.389629	-0.412872	-0.45807	-0.522133	-0.589178	-0.661776	-0.743118	-0.823052	-0.9013	-0.966829	-1.01156	-1.03906	-1.0548	-1.05723	-1.0395	-0.99657	-0.936279	-0.864034	-0.776856	-0.674842	-0.56119	-0.451433	-0.347979	-0.250964	-0.169727	-0.102391	-0.0555492	-0.0256906	-0.00555646	-0.000551827	0	
0	0.0386449	0.067619	0.0886711	0.10868	0.126223	0.130235	0.115278	0.100736	0.120186	0.19058	0.302453	0.412655	0.496088	0.530371	0.5248	0.479965	0.40013	0.284491	0.1346	-0.0228135	-0.155348	-0.219415	-0.199545	-0.0965179	0.0725559	0.276072	0.476767	0.634965	0.717426	0.715133	0.625901	0.457721	0.242452	0.00612261	-0.203224	-0.347552	-0.406302	-0.372155	-0.261252	-0.113306	0.0398854	0.16084	0.235742	0.258519	0.223942	0.141712	0.00756287	-0.165353	-0.348102	-0.504542	-0.615454	-0.670455	-0.687867	-0.695619	-0.710046	-0.734538	-0.761849	-0.780947	-0.783107	-0.759939	-0.707537	-0.632117	-0.563068	-0.504329	-0.467079	-0.440631	-0.40666	-0.378768	-0.373041	-0.391379	-0.427738	-0.484628	-0.542858	-0.607989	-0.686056	-0.766622	-0.846466	-0.916913	-0.969366	-1.00102	-1.02087	-1.02535	-1.01057	-0.977635	-0.928645	-0.869658	-0.798946	-0.712164	-0.613004	-0.51189	-0.404897	-0.300819	-0.211866	-0.13139	-0.072327	-0.0348033	-0.0100718	-0.0031496	0	
0	0.0393409	0.0697128	0.0906522	0.107656	0.118931	0.118325	0.103482	0.0949771	0.119289	0.193444	0.303072	0.413077	0.493362	0.5248	0.511059	0.455821	0.359795	0.228312	0.0612167	-0.107351	-0.24781	-0.318388	-0.301287	-0.196094	-0.0248084	0.182646	0.379249	0.534423	0.614138	0.604763	0.505472	0.3302	0.104725	-0.136547	-0.350556	-0.497608	-0.557034	-0.516719	-0.401154	-0.247135	-0.0890761	0.0341083	0.107069	0.120709	0.0779531	-0.0120301	-0.151099	-0.325746	-0.497032	-0.640657	-0.73731	-0.77312	-0.767473	-0.750704	-0.744228	-0.745113	-0.755679	-0.761002	-0.753374	-0.724201	-0.667645	-0.596544	-0.533374	-0.481391	-0.452045	-0.43617	-0.41392	-0.392434	-0.390056	-0.401856	-0.425112	-0.47015	-0.511251	-0.557584	-0.619906	-0.684115	-0.75066	-0.81424	-0.863433	-0.897427	-0.919678	-0.926704	-0.921875	-0.899005	-0.861782	-0.817549	-0.759582	-0.687623	-0.60205	-0.510786	-0.410368	-0.305311	-0.213604	-0.131944	-0.067189	-0.0250867	-0.00282786	0.000186976	0	
0	0.0381009	0.0675977	0.0867378	0.0984498	0.101483	0.0938541	0.0774994	0.0722915	0.100792	0.173773	0.279308	0.382425	0.457049	0.479965	0.455821	0.384076	0.270989	0.117646	-0.066667	-0.248522	-0.398052	-0.473159	-0.459557	-0.353675	-0.17476	0.0337854	0.233517	0.389559	0.470887	0.463703	0.365128	0.185875	-0.036274	-0.278951	-0.493375	-0.64145	-0.700117	-0.661424	-0.542949	-0.386725	-0.227133	-0.10297	-0.0268946	-0.0126469	-0.0594742	-0.146912	-0.279031	-0.444979	-0.611025	-0.744863	-0.829659	-0.855877	-0.836467	-0.800882	-0.768071	-0.746065	-0.733318	-0.719638	-0.699428	-0.665747	-0.61517	-0.555036	-0.509484	-0.472004	-0.455406	-0.452092	-0.437978	-0.422457	-0.420168	-0.423043	-0.433566	-0.462414	-0.483325	-0.505324	-0.539449	-0.576804	-0.616472	-0.659376	-0.699324	-0.730061	-0.757524	-0.773117	-0.775805	-0.768053	-0.746411	-0.711127	-0.66339	-0.604382	-0.534883	-0.45827	-0.368147	-0.279069	-0.203887	-0.128777	-0.0667091	-0.0278705	-0.00600868	-0.000726632	0	
0	0.0352962	0.0616673	0.0780383	0.0819491	0.076083	0.0590946	0.0394126	0.0361255	0.0651189	0.13591	0.231092	0.3251	0.387558	0.40013	0.359795	0.270989	0.135426	-0.0389209	-0.242673	-0.438098	-0.593828	-0.673817	-0.661729	-0.551326	-0.366712	-0.147631	0.0585992	0.221969	0.31563	0.319614	0.229002	0.0605531	-0.155775	-0.391817	-0.602165	-0.750887	-0.814038	-0.779468	-0.668186	-0.519634	-0.365849	-0.243028	-0.162329	-0.143734	-0.177991	-0.251861	-0.371683	-0.528338	-0.679169	-0.802202	-0.883839	-0.907546	-0.880324	-0.829744	-0.779631	-0.73258	-0.695438	-0.663627	-0.633476	-0.598893	-0.553395	-0.510107	-0.483589	-0.46322	-0.459881	-0.465403	-0.459828	-0.447681	-0.443332	-0.436503	-0.430914	-0.441291	-0.439688	-0.433374	-0.4374	-0.441986	-0.449679	-0.469411	-0.493385	-0.519544	-0.549713	-0.571664	-0.588468	-0.593157	-0.583037	-0.562009	-0.523721	-0.476683	-0.429089	-0.377605	-0.313241	-0.248747	-0.198244	-0.147963	-0.0991077	-0.0631248	-0.0384518	-0.0194683	0	
0	0.0287224	0.0494949	0.0583833	0.0533699	0.0348322	0.00744548	-0.0182107	-0.0219139	0.00657581	0.0720799	0.156169	0.236967	0.286412	0.284491	0.228312	0.117646	-0.0389209	-0.237166	-0.458654	-0.665332	-0.824872	-0.903352	-0.886604	-0.768408	-0.568465	-0.335389	-0.115074	0.0630015	0.172949	0.195874	0.12355	-0.0299557	-0.231199	-0.456043	-0.662857	-0.815368	-0.889071	-0.870453	-0.776683	-0.640834	-0.49683	-0.376106	-0.290081	-0.25911	-0.282182	-0.340758	-0.438888	-0.573012	-0.711468	-0.82622	-0.898974	-0.918705	-0.886093	-0.824608	-0.756668	-0.694165	-0.643297	-0.601024	-0.565238	-0.530658	-0.491886	-0.459211	-0.443726	-0.434075	-0.438308	-0.450646	-0.451967	-0.444536	-0.43902	-0.420981	-0.398923	-0.386949	-0.361445	-0.330624	-0.306518	-0.284983	-0.267417	-0.263679	-0.27228	-0.289892	-0.318103	-0.342991	-0.363777	-0.381988	-0.391939	-0.386142	-0.364255	-0.340273	-0.320024	-0.297501	-0.267544	-0.243818	-0.228755	-0.202343	-0.165785	-0.12969	-0.0916562	-0.0478835	0	
0	0.017589	0.027701	0.0253874	0.00748872	-0.0254872	-0.0659678	-0.0992984	-0.106449	-0.0799519	-0.0220834	0.0495145	0.115424	0.149703	0.1346	0.0612167	-0.066667	-0.242673	-0.458654	-0.691623	-0.904339	-1.05961	-1.13087	-1.10448	-0.972455	-0.755059	-0.501171	-0.259295	-0.0608048	0.0746704	0.1229	0.0733678	-0.0618909	-0.250931	-0.470039	-0.67893	-0.843129	-0.93387	-0.937867	-0.865464	-0.747531	-0.617147	-0.499619	-0.405024	-0.360966	-0.364826	-0.401908	-0.481805	-0.601913	-0.724166	-0.820739	-0.879168	-0.88835	-0.844257	-0.770545	-0.692571	-0.620957	-0.564351	-0.52296	-0.492788	-0.462134	-0.426017	-0.396175	-0.382344	-0.374298	-0.377493	-0.389798	-0.394328	-0.391814	-0.383644	-0.355874	-0.31815	-0.283951	-0.240406	-0.191943	-0.152103	-0.117207	-0.0855827	-0.069523	-0.0648033	-0.0706114	-0.088887	-0.107284	-0.129318	-0.156066	-0.184084	-0.205738	-0.213622	-0.223189	-0.244654	-0.262546	-0.26598	-0.272731	-0.286812	-0.282465	-0.253823	-0.214019	-0.158585	-0.08253	0	
0	0.00258188	-0.00239385	-0.0191125	-0.0531513	-0.101682	-0.156592	-0.199132	-0.210284	-0.187054	-0.134621	-0.0741182	-0.0202204	0.00271705	-0.0228135	-0.107351	-0.248522	-0.438098	-0.665332	-0.904339	-1.11553	-1.25976	-1.31597	-1.27113	-1.11846	-0.877663	-0.596141	-0.329682	-0.106912	0.0524115	0.125568	0.0958978	-0.0228891	-0.204733	-0.422207	-0.640865	-0.823681	-0.943041	-0.97704	-0.932885	-0.834266	-0.712017	-0.589325	-0.482755	-0.420263	-0.406345	-0.431081	-0.49476	-0.593763	-0.698092	-0.777826	-0.818453	-0.812518	-0.756711	-0.671009	-0.584301	-0.512079	-0.460542	-0.428042	-0.404959	-0.38105	-0.348512	-0.319305	-0.300236	-0.284915	-0.278267	-0.278176	-0.276761	-0.27133	-0.258427	-0.22534	-0.17963	-0.136019	-0.0874189	-0.0368636	0.0053181	0.0427339	0.0774767	0.102497	0.118982	0.123238	0.115229	0.105795	0.0876785	0.0506637	-0.0032108	-0.0578966	-0.101743	-0.151113	-0.213649	-0.267769	-0.305519	-0.341581	-0.371605	-0.375369	-0.348195	-0.296767	-0.219825	-0.116344	0	
0	-0.0117457	-0.029022	-0.061017	-0.10595	-0.168996	-0.233074	-0.2832	-0.297555	-0.275264	-0.228781	-0.17592	-0.134243	-0.120756	-0.155348	-0.24781	-0.398052	-0.593828	-0.824872	-1.05961	-1.25976	-1.3841	-1.41658	-1.34625	-1.17035	-0.902639	-0.594375	-0.301617	-0.0548177	0.127127	0.220666	0.208513	0.0961611	-0.0886996	-0.316879	-0.557639	-0.769371	-0.919521	-0.984701	-0.96605	-0.879371	-0.762449	-0.633571	-0.513716	-0.430163	-0.398031	-0.403891	-0.449165	-0.530586	-0.618101	-0.677896	-0.697466	-0.676871	-0.612246	-0.52481	-0.439134	-0.36813	-0.320809	-0.295407	-0.283859	-0.267445	-0.242297	-0.217084	-0.196444	-0.177117	-0.154888	-0.135696	-0.116372	-0.0999771	-0.0797381	-0.0443617	-0.00222652	0.0384404	0.0775191	0.116885	0.152754	0.186819	0.220371	0.248715	0.269653	0.277709	0.273836	0.263929	0.242872	0.19785	0.124764	0.042184	-0.0372433	-0.127684	-0.229613	-0.317072	-0.379025	-0.429224	-0.466136	-0.466751	-0.428144	-0.362322	-0.264261	-0.136305	0	
0	-0.0194591	-0.0454622	-0.0838257	-0.1366	-0.203364	-0.272535	-0.322957	-0.337661	-0.312938	-0.268073	-0.219246	-0.185418	-0.17905	-0.219415	-0.318388	-0.473159	-0.673817	-0.903352	-1.13087	-1.31597	-1.41658	-1.42013	-1.32093	-1.11445	-0.819469	-0.480698	-0.160957	0.106739	0.304526	0.409951	0.400648	0.283814	0.0839719	-0.167155	-0.435911	-0.679074	-0.862278	-0.957622	-0.957919	-0.882658	-0.763243	-0.621006	-0.482513	-0.377951	-0.323655	-0.311694	-0.338998	-0.39652	-0.460196	-0.496567	-0.502949	-0.477278	-0.417729	-0.335441	-0.25439	-0.189667	-0.14787	-0.129184	-0.122033	-0.113854	-0.0996887	-0.0833771	-0.0681932	-0.0467483	-0.0137422	0.025597	0.0640772	0.0915932	0.118619	0.148605	0.180121	0.207563	0.227489	0.249746	0.272865	0.299986	0.330788	0.360236	0.382313	0.38581	0.373923	0.357697	0.329587	0.271175	0.179672	0.0737575	-0.0303176	-0.145712	-0.276533	-0.389952	-0.467622	-0.521775	-0.549993	-0.534927	-0.481868	-0.399659	-0.285081	-0.147052	0	
0	-0.02251	-0.0502227	-0.0916244	-0.141702	-0.206999	-0.269052	-0.315085	-0.321706	-0.290536	-0.240411	-0.189449	-0.158618	-0.154582	-0.199545	-0.301287	-0.459557	-0.661729	-0.886604	-1.10448	-1.27113	-1.34625	-1.32093	-1.18885	-0.955627	-0.63289	-0.267437	0.0746192	0.360708	0.567507	0.674757	0.661644	0.529066	0.302501	0.0211595	-0.284645	-0.562319	-0.777286	-0.895872	-0.912128	-0.839294	-0.713449	-0.557134	-0.40328	-0.273912	-0.194459	-0.159819	-0.160588	-0.191095	-0.232146	-0.256843	-0.25607	-0.231627	-0.181592	-0.115661	-0.0484665	0.0107772	0.0492977	0.0659815	0.0671526	0.0688152	0.0744345	0.0830819	0.0932159	0.111159	0.148013	0.19581	0.24051	0.269377	0.291501	0.310964	0.331142	0.344537	0.349333	0.353427	0.360946	0.378326	0.397536	0.421561	0.439167	0.433788	0.4126	0.381991	0.34083	0.273804	0.171433	0.0529582	-0.0669953	-0.199318	-0.339311	-0.460725	-0.546339	-0.596891	-0.610956	-0.576776	-0.505076	-0.406024	-0.279822	-0.142144	0	
0	-0.0207194	-0.0466042	-0.0841397	-0.127449	-0.180873	-0.231136	-0.263183	-0.25925	-0.214774	-0.15474	-0.0943103	-0.0593744	-0.052301	-0.0965179	-0.196094	-0.353675	-0.551326	-0.768408	-0.972455	-1.11846	-1.17035	-1.11445	-0.955627	-0.696018	-0.352308	0.0324163	0.39184	0.687232	0.893882	0.994321	0.965671	0.809809	0.553409	0.236594	-0.101947	-0.410135	-0.650231	-0.789202	-0.817222	-0.750268	-0.620102	-0.452341	-0.279609	-0.123154	-0.0155269	0.0506519	0.0756116	0.0673703	0.0402282	0.02568	0.0215928	0.0330649	0.0617584	0.108134	0.162484	0.212911	0.245168	0.255929	0.254197	0.252736	0.255183	0.262994	0.270918	0.285599	0.318544	0.359844	0.396496	0.412224	0.419206	0.425652	0.435774	0.442969	0.439218	0.429253	0.419803	0.416647	0.417636	0.426593	0.430538	0.415293	0.382983	0.343174	0.29376	0.216637	0.10866	-0.0130089	-0.133401	-0.260831	-0.395552	-0.512823	-0.589703	-0.628111	-0.630084	-0.582009	-0.500968	-0.397269	-0.267898	-0.134286	0	
0	-0.0125411	-0.0304751	-0.0574735	-0.0864402	-0.121365	-0.151194	-0.166215	-0.14656	-0.0887917	-0.0151288	0.0572635	0.10033	0.112247	0.0725559	-0.0248084	-0.17476	-0.366712	-0.568465	-0.755059	-0.877663	-0.902639	-0.819469	-0.63289	-0.352308	0.00587971	0.400828	0.76519	1.05822	1.25276	1.33186	1.28015	1.09557	0.809554	0.46429	0.100391	-0.227428	-0.483562	-0.63738	-0.674918	-0.616609	-0.484849	-0.308375	-0.118308	0.0622754	0.205361	0.3008	0.350058	0.35892	0.343673	0.322166	0.302725	0.29638	0.30316	0.324935	0.357977	0.394475	0.415896	0.421391	0.417225	0.415823	0.41947	0.430179	0.435301	0.444357	0.464854	0.491219	0.511852	0.509772	0.49974	0.491456	0.497462	0.500837	0.495181	0.479294	0.452754	0.430118	0.405386	0.389824	0.375319	0.342282	0.296882	0.247257	0.190127	0.112143	0.007725	-0.107558	-0.217515	-0.324826	-0.428916	-0.521692	-0.58251	-0.605466	-0.597556	-0.547891	-0.471369	-0.3725	-0.2496	-0.127158	0	
0	0.000674483	-0.00371176	-0.0145585	-0.0228625	-0.0323676	-0.0363152	-0.0298157	0.00741434	0.077867	0.166283	0.249364	0.300866	0.31675	0.276072	0.182646	0.0337854	-0.147631	-0.335389	-0.501171	-0.596141	-0.594375	-0.480698	-0.267437	0.0324163	0.400828	0.796219	1.15472	1.43394	1.60299	1.65184	1.56667	1.35257	1.03948	0.671607	0.293717	-0.0425845	-0.306611	-0.463615	-0.509579	-0.457376	-0.32405	-0.14015	0.0645468	0.272531	0.442264	0.564139	0.631768	0.648874	0.631955	0.603555	0.570596	0.545533	0.528161	0.521614	0.528506	0.545272	0.555916	0.556694	0.553747	0.554263	0.562026	0.570906	0.567354	0.562027	0.564513	0.572653	0.577502	0.564292	0.536895	0.518001	0.517313	0.515866	0.512708	0.493668	0.460979	0.424946	0.381443	0.342369	0.300031	0.24585	0.181266	0.116553	0.052499	-0.0238529	-0.11646	-0.215494	-0.304021	-0.38047	-0.446272	-0.500231	-0.529365	-0.530686	-0.512422	-0.466371	-0.403985	-0.321444	-0.215934	-0.111764	0	
0	0.0153248	0.0259222	0.0338524	0.04837	0.0674555	0.0906351	0.12034	0.17217	0.25443	0.352727	0.445249	0.503282	0.518261	0.476767	0.379249	0.233517	0.0585992	-0.115074	-0.259295	-0.329682	-0.301617	-0.160957	0.0746192	0.39184	0.76519	1.15472	1.5014	1.75885	1.89868	1.91048	1.79159	1.5472	1.21303	0.830054	0.445438	0.106141	-0.155925	-0.316735	-0.36413	-0.313232	-0.17517	0.0202583	0.247773	0.474706	0.667109	0.807053	0.87879	0.891902	0.874447	0.839798	0.795262	0.756598	0.718632	0.685631	0.668464	0.668827	0.668405	0.667374	0.667773	0.672031	0.67737	0.677722	0.657862	0.635069	0.619409	0.610011	0.60711	0.586919	0.549268	0.519947	0.509342	0.500118	0.493469	0.475801	0.439234	0.396316	0.34529	0.289363	0.226851	0.150249	0.0650814	-0.012626	-0.0856019	-0.160339	-0.238838	-0.317201	-0.381731	-0.425279	-0.448094	-0.461147	-0.451756	-0.419145	-0.385707	-0.341594	-0.291752	-0.23544	-0.161616	-0.0844346	0	
0	0.0230545	0.0427184	0.0641718	0.0978589	0.141534	0.189985	0.238822	0.304222	0.39318	0.500972	0.600447	0.665291	0.67997	0.634965	0.534423	0.389559	0.221969	0.0630015	-0.0608048	-0.106912	-0.0548177	0.106739	0.360708	0.687232	1.05822	1.43394	1.75885	1.99048	2.09943	2.079	1.93153	1.66903	1.32427	0.935274	0.549673	0.211144	-0.0537152	-0.214031	-0.262704	-0.211115	-0.0619639	0.151191	0.397856	0.6429	0.851084	0.996085	1.06612	1.07307	1.04874	1.00417	0.949672	0.897557	0.845963	0.797603	0.763763	0.752222	0.751705	0.755596	0.758244	0.757186	0.756213	0.745568	0.711661	0.67665	0.648257	0.630248	0.622618	0.600989	0.554829	0.515553	0.494491	0.472171	0.458657	0.435959	0.39387	0.346619	0.291728	0.228964	0.157905	0.0718845	-0.0278012	-0.121744	-0.204351	-0.276592	-0.341489	-0.399712	-0.435848	-0.441815	-0.423477	-0.394561	-0.349965	-0.292077	-0.240952	-0.197028	-0.161707	-0.125947	-0.0856384	-0.0484782	0	
0	0.0241341	0.0465906	0.0765426	0.123717	0.186776	0.254122	0.316331	0.388192	0.477176	0.587009	0.688068	0.755567	0.767548	0.717426	0.614138	0.470887	0.31563	0.172949	0.0746704	0.0524115	0.127127	0.304526	0.567507	0.893882	1.25276	1.60299	1.89868	2.09943	2.17961	2.13404	1.96847	1.70033	1.35748	0.974594	0.59489	0.259976	-0.00269118	-0.161671	-0.211617	-0.153457	0.00253233	0.227555	0.490128	0.746721	0.961536	1.11512	1.18606	1.18539	1.15281	1.09946	1.03495	0.970643	0.908248	0.848482	0.81039	0.803563	0.80908	0.814108	0.813518	0.806187	0.795959	0.7724	0.729762	0.689598	0.659024	0.638581	0.632377	0.613864	0.564825	0.52091	0.489176	0.455964	0.432607	0.400465	0.348088	0.291356	0.23432	0.168657	0.0938144	0.00539458	-0.0980628	-0.200589	-0.295464	-0.36988	-0.418877	-0.447728	-0.448047	-0.415895	-0.359316	-0.295482	-0.224832	-0.151798	-0.0976268	-0.0592989	-0.0322924	-0.0187049	-0.0123266	-0.00804463	0	
0	0.0186564	0.0399281	0.0716611	0.128776	0.204181	0.283544	0.353792	0.42274	0.507079	0.608322	0.705294	0.768663	0.77285	0.715133	0.604763	0.463703	0.319614	0.195874	0.1229	0.125568	0.220666	0.409951	0.674757	0.994321	1.33186	1.65184	1.91048	2.079	2.13404	2.06953	1.89553	1.63085	1.29865	0.930429	0.564134	0.24014	-0.0116482	-0.162545	-0.204969	-0.141403	0.0161757	0.245341	0.510981	0.767776	0.987213	1.14764	1.22189	1.22471	1.19108	1.13387	1.06048	0.985698	0.917562	0.860197	0.823822	0.816351	0.823442	0.833235	0.83291	0.820115	0.801969	0.772185	0.726692	0.683964	0.653773	0.634635	0.635544	0.623877	0.580616	0.536084	0.495117	0.453329	0.418885	0.380262	0.320507	0.254573	0.192229	0.121764	0.0454299	-0.0452366	-0.152462	-0.257587	-0.351969	-0.420327	-0.455022	-0.456486	-0.418123	-0.345745	-0.257246	-0.17091	-0.0881931	-0.013904	0.0353107	0.0654927	0.0841423	0.082114	0.0605131	0.0308982	0	
0	0.00669348	0.0189326	0.0485733	0.108136	0.18938	0.274737	0.344055	0.407072	0.477737	0.56507	0.65062	0.702745	0.696091	0.625901	0.505472	0.365128	0.229002	0.12355	0.0733678	0.0958978	0.208513	0.400648	0.661644	0.965671	1.28015	1.56667	1.79159	1.93153	1.96847	1.89553	1.72034	1.46304	1.14656	0.795388	0.445528	0.140115	-0.0944866	-0.228295	-0.256196	-0.184831	-0.0291874	0.194447	0.451779	0.701317	0.919184	1.0835	1.16903	1.17842	1.14673	1.09253	1.02686	0.958008	0.898519	0.843503	0.802987	0.790644	0.797493	0.80643	0.806703	0.799618	0.787636	0.761603	0.71607	0.672712	0.640631	0.624441	0.630058	0.626164	0.593956	0.549635	0.504204	0.455709	0.415042	0.373751	0.3114	0.243967	0.173826	0.0934015	0.00885125	-0.0846891	-0.185477	-0.283093	-0.365973	-0.41564	-0.426738	-0.403063	-0.340854	-0.248256	-0.146326	-0.0469162	0.0434994	0.112381	0.154483	0.180171	0.19266	0.179168	0.134278	0.0700021	0	
0	-0.0127761	-0.0146993	0.00534915	0.0619135	0.141523	0.224261	0.287964	0.337654	0.391302	0.458474	0.526743	0.563189	0.543575	0.457721	0.3302	0.185875	0.0605531	-0.0299557	-0.0618909	-0.0228891	0.0961611	0.283814	0.529066	0.809809	1.09557	1.35257	1.5472	1.66903	1.70033	1.63085	1.46304	1.22015	0.917052	0.585156	0.254747	-0.030819	-0.242699	-0.353896	-0.369632	-0.292286	-0.144935	0.0671057	0.311105	0.556117	0.769234	0.937348	1.02712	1.04364	1.01721	0.979611	0.932894	0.884007	0.839737	0.793455	0.751364	0.728666	0.723595	0.728309	0.736667	0.743331	0.744946	0.730015	0.697193	0.65772	0.627619	0.611291	0.61575	0.615382	0.591286	0.553663	0.508081	0.462459	0.422929	0.38038	0.318091	0.243289	0.162351	0.0730424	-0.0205368	-0.11547	-0.202685	-0.273077	-0.323029	-0.343342	-0.330958	-0.288771	-0.215675	-0.125632	-0.0321718	0.0637222	0.15365	0.222928	0.263306	0.285329	0.291256	0.261027	0.193003	0.102707	0	
0	-0.0359084	-0.0560331	-0.0489078	-0.000343685	0.0713823	0.145253	0.197676	0.229594	0.264476	0.306015	0.35519	0.372559	0.338616	0.242452	0.104725	-0.036274	-0.155775	-0.231199	-0.250931	-0.204733	-0.0886996	0.0839719	0.302501	0.553409	0.809554	1.03948	1.21303	1.32427	1.35748	1.29865	1.14656	0.917052	0.635523	0.327906	0.0217735	-0.237341	-0.423917	-0.523626	-0.529957	-0.458243	-0.325595	-0.129154	0.104993	0.342432	0.554765	0.723696	0.821354	0.847021	0.831038	0.811831	0.78957	0.764041	0.735868	0.698744	0.653366	0.620084	0.606437	0.61155	0.624345	0.641875	0.656577	0.662572	0.648753	0.623779	0.601815	0.588074	0.590025	0.585463	0.571066	0.540742	0.504782	0.46879	0.43111	0.388081	0.320194	0.237009	0.142199	0.0461555	-0.0419838	-0.124415	-0.188683	-0.227496	-0.238465	-0.223572	-0.187935	-0.131437	-0.0572383	0.0202242	0.0946214	0.176063	0.262784	0.326247	0.355487	0.370057	0.359851	0.307401	0.222501	0.115573	0	
0	-0.0584494	-0.0968671	-0.102154	-0.0633065	-0.0018822	0.0608666	0.0980853	0.114246	0.126518	0.144358	0.168994	0.16457	0.116391	0.00612261	-0.136547	-0.278951	-0.391817	-0.456043	-0.470039	-0.422207	-0.316879	-0.167155	0.0211595	0.236594	0.46429	0.671607	0.830054	0.935274	0.974594	0.930429	0.795388	0.585156	0.327906	0.0478755	-0.225812	-0.456126	-0.623666	-0.711683	-0.720017	-0.664184	-0.548744	-0.372377	-0.156815	0.0756026	0.285551	0.455338	0.565256	0.610149	0.615124	0.618404	0.615852	0.60524	0.586587	0.551548	0.505604	0.470987	0.457675	0.462142	0.479872	0.507796	0.536052	0.557694	0.560342	0.550621	0.538188	0.531397	0.531659	0.529855	0.524274	0.50418	0.479293	0.449876	0.417396	0.371029	0.301541	0.216487	0.117613	0.0268324	-0.0517954	-0.114206	-0.148862	-0.15454	-0.131963	-0.0881984	-0.027759	0.0448229	0.123797	0.192417	0.245836	0.304121	0.369735	0.414941	0.429586	0.426113	0.39059	0.319547	0.225385	0.112061	0	
0	-0.0739391	-0.125619	-0.137199	-0.107268	-0.053108	-0.00384981	0.0201578	0.0202093	0.0122538	0.00748443	0.00578802	-0.0191844	-0.0837459	-0.203224	-0.350556	-0.493375	-0.602165	-0.662857	-0.67893	-0.640865	-0.557639	-0.435911	-0.284645	-0.101947	0.100391	0.293717	0.445438	0.549673	0.59489	0.564134	0.445528	0.254747	0.0217735	-0.225812	-0.467057	-0.671076	-0.821007	-0.906677	-0.923186	-0.882067	-0.785862	-0.635484	-0.438262	-0.219705	-0.0170542	0.158628	0.289881	0.362045	0.394249	0.41869	0.430853	0.430897	0.411052	0.374716	0.329811	0.294174	0.275825	0.281936	0.310871	0.350033	0.388517	0.419276	0.430592	0.426946	0.420636	0.422737	0.433099	0.444811	0.452461	0.443109	0.421484	0.388531	0.352148	0.305593	0.243351	0.167425	0.0801987	0.00587088	-0.0514734	-0.0905395	-0.0984586	-0.0679341	-0.0102925	0.0580245	0.134648	0.221355	0.30689	0.366459	0.403356	0.438034	0.475352	0.491925	0.476584	0.450744	0.397151	0.309708	0.212938	0.10649	0	
0	-0.0831569	-0.1392	-0.155796	-0.12682	-0.0806014	-0.0389396	-0.0254599	-0.0357085	-0.0562375	-0.0785841	-0.100949	-0.144215	-0.222171	-0.347552	-0.497608	-0.64145	-0.750887	-0.815368	-0.843129	-0.823681	-0.769371	-0.679074	-0.562319	-0.410135	-0.227428	-0.0425845	0.106141	0.211144	0.259976	0.24014	0.140115	-0.030819	-0.237341	-0.456126	-0.671076	-0.855677	-0.999598	-1.08874	-1.11526	-1.09138	-1.01436	-0.887437	-0.714735	-0.512711	-0.313567	-0.13106	0.0188508	0.118487	0.179603	0.220103	0.241808	0.246425	0.229934	0.195218	0.146733	0.104115	0.0807979	0.0903064	0.12449	0.17407	0.224095	0.262209	0.273524	0.268545	0.265981	0.274562	0.29705	0.322575	0.339267	0.337656	0.315717	0.273848	0.230401	0.184545	0.136011	0.0825444	0.0207256	-0.0285422	-0.0591805	-0.0675774	-0.044622	0.0173813	0.107346	0.200899	0.289384	0.379819	0.465975	0.524328	0.551327	0.559997	0.564707	0.549094	0.503317	0.451478	0.379715	0.289618	0.199623	0.0988637	0	
0	-0.0792573	-0.132601	-0.141412	-0.11179	-0.0643466	-0.0277928	-0.0195252	-0.033351	-0.0618552	-0.0936866	-0.133119	-0.19061	-0.279267	-0.406302	-0.557034	-0.700117	-0.814038	-0.889071	-0.93387	-0.943041	-0.919521	-0.862278	-0.777286	-0.650231	-0.483562	-0.306611	-0.155925	-0.0537152	-0.00269118	-0.0116482	-0.0944866	-0.242699	-0.423917	-0.623666	-0.821007	-0.999598	-1.14765	-1.24484	-1.28386	-1.27602	-1.21525	-1.11498	-0.965215	-0.779294	-0.581389	-0.386765	-0.214912	-0.0931038	-0.0135038	0.0338717	0.0620311	0.0766912	0.0683458	0.0336138	-0.015426	-0.0614856	-0.0913722	-0.0914904	-0.0585944	-0.00595027	0.0475845	0.086563	0.0972619	0.0987357	0.0993593	0.109325	0.133411	0.159985	0.175448	0.177536	0.160856	0.116826	0.0704971	0.0261338	-0.0157266	-0.0511456	-0.0805946	-0.0951748	-0.0889787	-0.0596668	-0.00264451	0.0934818	0.208656	0.317373	0.415377	0.504525	0.584083	0.638852	0.661454	0.656468	0.632539	0.582093	0.506188	0.42903	0.345938	0.260956	0.181925	0.0925746	0	
0	-0.0660999	-0.105807	-0.103964	-0.0654965	-0.014604	0.0231895	0.0318649	0.0209583	-0.00702512	-0.0391008	-0.0880929	-0.152633	-0.246376	-0.372155	-0.516719	-0.661424	-0.779468	-0.870453	-0.937867	-0.97704	-0.984701	-0.957622	-0.895872	-0.789202	-0.63738	-0.463615	-0.316735	-0.214031	-0.161671	-0.162545	-0.228295	-0.353896	-0.523626	-0.711683	-0.906677	-1.08874	-1.24484	-1.34912	-1.40689	-1.41504	-1.37942	-1.3037	-1.17466	-0.996256	-0.792417	-0.58372	-0.402928	-0.269867	-0.177976	-0.123439	-0.0869896	-0.0648837	-0.0678252	-0.0968989	-0.141995	-0.189345	-0.227582	-0.236914	-0.216249	-0.17759	-0.128948	-0.0897069	-0.0702871	-0.060869	-0.0549069	-0.0505852	-0.0371603	-0.0236655	-0.0245459	-0.0220679	-0.0325566	-0.0724142	-0.117108	-0.160791	-0.200533	-0.224766	-0.225817	-0.201238	-0.146555	-0.0711473	0.0217001	0.142522	0.272482	0.390862	0.487879	0.572506	0.649476	0.698363	0.715398	0.698394	0.652447	0.585188	0.492487	0.39231	0.300071	0.218461	0.148434	0.0776495	0	
0	-0.0439151	-0.0624126	-0.0458237	0.00578494	0.0629647	0.10625	0.120911	0.115602	0.098336	0.0686505	0.0217147	-0.0470505	-0.141689	-0.261252	-0.401154	-0.542949	-0.668186	-0.776683	-0.865464	-0.932885	-0.96605	-0.957919	-0.912128	-0.817222	-0.674918	-0.509579	-0.36413	-0.262704	-0.211617	-0.204969	-0.256196	-0.369632	-0.529957	-0.720017	-0.923186	-1.11526	-1.28386	-1.40689	-1.48384	-1.51243	-1.50048	-1.44134	-1.32331	-1.15302	-0.949824	-0.735925	-0.550596	-0.408653	-0.306501	-0.241087	-0.197437	-0.171194	-0.164395	-0.183281	-0.222664	-0.268924	-0.312316	-0.337952	-0.341657	-0.318274	-0.274893	-0.23301	-0.210759	-0.196608	-0.191163	-0.198828	-0.198287	-0.205155	-0.223444	-0.23112	-0.243406	-0.280651	-0.325741	-0.365168	-0.400684	-0.410554	-0.383602	-0.325581	-0.229866	-0.111453	0.0139584	0.148897	0.283067	0.401483	0.49506	0.572673	0.642845	0.692936	0.704888	0.673048	0.614984	0.53804	0.439682	0.337279	0.244878	0.166875	0.106353	0.0544496	0	
0	-0.0137551	-0.00692613	0.0292213	0.0937567	0.160499	0.211251	0.23357	0.237934	0.231685	0.210197	0.168117	0.0970231	0.00376745	-0.113306	-0.247135	-0.386725	-0.519634	-0.640834	-0.747531	-0.834266	-0.879371	-0.882658	-0.839294	-0.750268	-0.616609	-0.457376	-0.313232	-0.211115	-0.153457	-0.141403	-0.184831	-0.292286	-0.458243	-0.664184	-0.882067	-1.09138	-1.27602	-1.41504	-1.51243	-1.56433	-1.57325	-1.52683	-1.42249	-1.26166	-1.06171	-0.848658	-0.665643	-0.517725	-0.404945	-0.326867	-0.273822	-0.236787	-0.214304	-0.221626	-0.253004	-0.298435	-0.351704	-0.398193	-0.420415	-0.407592	-0.368648	-0.328421	-0.309152	-0.301046	-0.307959	-0.327699	-0.339956	-0.361947	-0.396271	-0.421678	-0.445483	-0.488825	-0.533787	-0.566308	-0.589522	-0.578068	-0.525401	-0.441123	-0.322111	-0.183439	-0.0403506	0.103062	0.235564	0.350812	0.441289	0.507375	0.564639	0.606133	0.608927	0.568837	0.50365	0.432017	0.350633	0.257893	0.174475	0.109046	0.0587008	0.0251544	0	
0	0.0181242	0.0493565	0.103876	0.177017	0.252806	0.308638	0.339898	0.35297	0.359217	0.348871	0.314997	0.246266	0.154474	0.0398854	-0.0890761	-0.227133	-0.365849	-0.49683	-0.617147	-0.712017	-0.762449	-0.763243	-0.713449	-0.620102	-0.484849	-0.32405	-0.17517	-0.0619639	0.00253233	0.0161757	-0.0291874	-0.144935	-0.325595	-0.548744	-0.785862	-1.01436	-1.21525	-1.37942	-1.50048	-1.57325	-1.59685	-1.56195	-1.46742	-1.32296	-1.14285	-0.945252	-0.764061	-0.610406	-0.491048	-0.394495	-0.32441	-0.272389	-0.236785	-0.227396	-0.250405	-0.299521	-0.362362	-0.420187	-0.45108	-0.44649	-0.411742	-0.375426	-0.363938	-0.368236	-0.388337	-0.416118	-0.440684	-0.479046	-0.529738	-0.577605	-0.619451	-0.671579	-0.719023	-0.745961	-0.752189	-0.714979	-0.63769	-0.532109	-0.40062	-0.259743	-0.120672	0.0145682	0.141787	0.250499	0.326177	0.374934	0.414026	0.435979	0.425664	0.384452	0.328811	0.27234	0.212415	0.149801	0.09147	0.0406106	0.0070097	-0.00300812	0	
0	0.0473063	0.102082	0.167137	0.247986	0.325361	0.387137	0.423069	0.44426	0.460093	0.460483	0.435094	0.368987	0.276884	0.16084	0.0341083	-0.10297	-0.243028	-0.376106	-0.499619	-0.589325	-0.633571	-0.621006	-0.557134	-0.452341	-0.308375	-0.14015	0.0202583	0.151191	0.227555	0.245341	0.194447	0.0671057	-0.129154	-0.372377	-0.635484	-0.887437	-1.11498	-1.3037	-1.44134	-1.52683	-1.56195	-1.53812	-1.46549	-1.35157	-1.20113	-1.02357	-0.849399	-0.699661	-0.571506	-0.456539	-0.368319	-0.299219	-0.243138	-0.21931	-0.241676	-0.290797	-0.352938	-0.409469	-0.445424	-0.446224	-0.418838	-0.391211	-0.3857	-0.399385	-0.427105	-0.461958	-0.502314	-0.558105	-0.627147	-0.696745	-0.754233	-0.809003	-0.850629	-0.872419	-0.862849	-0.803861	-0.708663	-0.588102	-0.458348	-0.331035	-0.211705	-0.101816	0.00834983	0.108995	0.174402	0.199787	0.207944	0.207145	0.180631	0.134517	0.0955637	0.0618149	0.027637	0.00471201	-0.0124355	-0.0259067	-0.0285734	-0.020647	0	
