0	0	0	0	0	0	0	0	0	0	0	0	0	0	0	0	0	0	0	0	0	0	0	0	0	0	0	0	0	0	0	0	0	0	0	0	0	0	0	0	0	0	0	0	0	0	0	0	0	0	0	0	0	0	0	0	0	0	0	0	0	0	0	0	0	0	0	0	0	0	0	0	0	0	0	0	0	0	0	0	0	0	0	0	0	0	0	0	0	0	0	0	0	0	0	0	0	0	0	0	
0	-0.033105	-0.0662359	-0.098445	-0.125293	-0.145656	-0.157648	-0.16575	-0.172021	-0.178556	-0.18652	-0.194792	-0.206579	-0.221765	-0.240311	-0.261364	-0.284117	-0.309633	-0.339396	-0.367056	-0.391162	-0.407651	-0.421024	-0.434346	-0.446487	-0.454328	-0.455864	-0.451886	-0.442834	-0.429317	-0.411708	-0.391143	-0.363513	-0.332746	-0.296304	-0.261176	-0.226567	-0.187794	-0.14628	-0.110687	-0.0767389	-0.0456899	-0.0146859	0.0111983	0.0301575	0.0421215	0.049868	0.0489654	0.0384733	0.0196326	-0.00377113	-0.0281719	-0.0489174	-0.0656525	-0.0743839	-0.0706853	-0.0626565	-0.0550458	-0.0441652	-0.0331264	-0.0260453	-0.0184211	-0.0104292	-0.00719671	-0.00693506	-0.00672846	-0.00454104	0.00515614	0.021202	0.0423609	0.0640486	0.0856107	0.106837	0.127278	0.148298	0.168541	0.192606	0.219998	0.249714	0.280277	0.305516	0.32546	0.348631	0.37493	0.394673	0.411298	0.425086	0.430432	0.429566	0.423856	0.4134	0.394821	0.366143	0.328071	0.284405	0.24055	0.187836	0.123781	0.060602	0	
0	-0.0662359	-0.131456	-0.196395	-0.249331	-0.289565	-0.314113	-0.328624	-0.341804	-0.353487	-0.36848	-0.384167	-0.405378	-0.433041	-0.467253	-0.50417	-0.545357	-0.59106	-0.643868	-0.694881	-0.736727	-0.765795	-0.787524	-0.81121	-0.830496	-0.844127	-0.845419	-0.835105	-0.819157	-0.794593	-0.762161	-0.727475	-0.679513	-0.621523	-0.557977	-0.494328	-0.431272	-0.361371	-0.287138	-0.218942	-0.155553	-0.0962159	-0.0371665	0.0130091	0.0523353	0.0802343	0.0965093	0.0946241	0.0784429	0.0464126	0.00239441	-0.0455029	-0.0834346	-0.114209	-0.129281	-0.122576	-0.104607	-0.0898158	-0.0669411	-0.0461922	-0.0320082	-0.0168913	-0.00278742	0.00470525	0.00300765	0.00434484	0.00748628	0.0262556	0.0586113	0.098762	0.142595	0.183489	0.224312	0.262953	0.301132	0.33851	0.381562	0.432041	0.48638	0.542944	0.589479	0.62441	0.667733	0.715241	0.750388	0.781492	0.803295	0.811288	0.810761	0.798749	0.779116	0.743426	0.687347	0.618085	0.536693	0.450242	0.35115	0.233539	0.114643	0	
0	-0.098445	-0.196395	-0.291798	-0.370214	-0.428968	-0.461985	-0.482017	-0.496043	-0.509623	-0.526793	-0.543979	-0.570116	-0.604555	-0.64766	-0.696076	-0.748285	-0.807406	-0.877055	-0.941365	-0.994546	-1.02644	-1.05006	-1.07471	-1.09806	-1.11258	-1.11197	-1.09892	-1.0762	-1.04402	-1.00451	-0.960167	-0.899242	-0.830311	-0.748091	-0.669289	-0.59174	-0.501475	-0.401866	-0.314229	-0.228421	-0.146935	-0.0621899	0.0121831	0.0708445	0.112452	0.142938	0.150116	0.130953	0.0874747	0.0291132	-0.0329564	-0.0855915	-0.127603	-0.147619	-0.133588	-0.107034	-0.0826116	-0.0498559	-0.0183806	0.00227784	0.0231943	0.0441246	0.0520848	0.0504872	0.0484899	0.0519769	0.0770238	0.120545	0.178181	0.237373	0.295088	0.35033	0.402068	0.453991	0.50254	0.560339	0.627027	0.699936	0.774499	0.833238	0.877015	0.929916	0.991164	1.03603	1.07333	1.10279	1.11096	1.10378	1.0852	1.05617	1.00648	0.930701	0.831827	0.719948	0.608618	0.47516	0.312745	0.15275	0	
0	-0.125293	-0.249331	-0.370214	-0.468553	-0.539156	-0.577863	-0.595448	-0.607862	-0.617429	-0.632112	-0.647574	-0.672548	-0.708379	-0.754668	-0.805607	-0.861872	-0.926021	-1.00198	-1.07427	-1.12933	-1.16107	-1.1796	-1.20361	-1.22416	-1.23776	-1.2338	-1.2147	-1.18868	-1.15412	-1.1114	-1.06851	-1.00759	-0.933193	-0.848973	-0.766847	-0.685728	-0.589886	-0.482321	-0.381174	-0.284166	-0.187887	-0.0848705	0.00911516	0.0877356	0.150583	0.196232	0.211129	0.199037	0.157175	0.0925412	0.0188651	-0.0391868	-0.0849862	-0.102894	-0.0818876	-0.0425208	-0.00847036	0.0354596	0.0741935	0.0991676	0.12312	0.143858	0.150408	0.140683	0.132697	0.129757	0.155504	0.206482	0.273542	0.346089	0.413509	0.478456	0.537872	0.595253	0.649717	0.712573	0.788304	0.871691	0.956381	1.02204	1.06677	1.12426	1.1906	1.23668	1.27529	1.29993	1.30093	1.28811	1.26011	1.22122	1.15867	1.06604	0.952283	0.822494	0.690017	0.537879	0.354909	0.172065	0	
0	-0.145656	-0.289565	-0.428968	-0.539156	-0.61573	-0.649101	-0.658437	-0.657272	-0.654677	-0.657748	-0.661685	-0.678767	-0.707698	-0.750161	-0.798855	-0.85314	-0.917901	-0.996581	-1.07047	-1.12627	-1.15148	-1.16504	-1.18221	-1.20087	-1.21257	-1.2062	-1.18628	-1.16001	-1.1255	-1.08754	-1.04913	-0.99347	-0.927241	-0.847579	-0.773439	-0.701424	-0.610412	-0.503593	-0.404838	-0.30356	-0.20061	-0.0855807	0.0235836	0.119136	0.19706	0.261298	0.294977	0.292819	0.254383	0.190292	0.11925	0.0608879	0.0173297	0.00527363	0.0401767	0.0935531	0.140477	0.19448	0.240255	0.268073	0.290792	0.308258	0.305878	0.285122	0.261511	0.246108	0.263433	0.310918	0.380182	0.453745	0.524627	0.590072	0.649572	0.708011	0.761014	0.825745	0.904335	0.992815	1.0822	1.14647	1.18785	1.24088	1.30334	1.34495	1.37612	1.39384	1.38416	1.35609	1.31613	1.26738	1.19506	1.09188	0.964501	0.827162	0.695663	0.54129	0.354025	0.171243	0	
0	-0.157648	-0.314113	-0.461985	-0.577863	-0.649101	-0.671914	-0.661729	-0.640877	-0.617306	-0.601407	-0.588686	-0.590176	-0.607763	-0.639689	-0.680597	-0.727919	-0.788	-0.864157	-0.93802	-0.990079	-1.01298	-1.01929	-1.03424	-1.05172	-1.06364	-1.05845	-1.04005	-1.0152	-0.986386	-0.954833	-0.925939	-0.882268	-0.827101	-0.760627	-0.699829	-0.642217	-0.564498	-0.468319	-0.374351	-0.281768	-0.181413	-0.0628717	0.055672	0.161776	0.256149	0.335564	0.381735	0.393385	0.367111	0.311837	0.244517	0.19451	0.161706	0.164963	0.217364	0.289749	0.354736	0.421077	0.474282	0.503857	0.522687	0.531158	0.514765	0.474935	0.429087	0.391636	0.391838	0.426928	0.487783	0.556454	0.621066	0.681101	0.734233	0.785253	0.833133	0.891035	0.966674	1.05531	1.14179	1.20202	1.23558	1.27895	1.33289	1.36424	1.38302	1.38588	1.35988	1.31721	1.26407	1.20267	1.12103	1.01404	0.887759	0.754095	0.629526	0.488311	0.315668	0.148242	0	
0	-0.16575	-0.328624	-0.482017	-0.595448	-0.658437	-0.661729	-0.627926	-0.578123	-0.527801	-0.485418	-0.44909	-0.430282	-0.428417	-0.446236	-0.473051	-0.509464	-0.561983	-0.632074	-0.703433	-0.754059	-0.771811	-0.77651	-0.78844	-0.80632	-0.822049	-0.820664	-0.806415	-0.789628	-0.768442	-0.747824	-0.731443	-0.702098	-0.659767	-0.607206	-0.562391	-0.520658	-0.459505	-0.380152	-0.301438	-0.216837	-0.123099	-0.00938877	0.107189	0.21848	0.319087	0.407219	0.465735	0.487792	0.469858	0.420741	0.364505	0.325467	0.30784	0.330274	0.405286	0.503311	0.590868	0.675061	0.738594	0.773296	0.790052	0.788076	0.757177	0.695813	0.623445	0.560528	0.535916	0.552215	0.597607	0.652642	0.706275	0.752913	0.793722	0.833153	0.868247	0.915863	0.982701	1.06401	1.14402	1.1931	1.21407	1.24368	1.27994	1.29609	1.29965	1.28444	1.2414	1.18296	1.11803	1.05092	0.967973	0.861302	0.739532	0.619627	0.514259	0.396859	0.255321	0.119947	0	
0	-0.172021	-0.341804	-0.496043	-0.607862	-0.657272	-0.640877	-0.578123	-0.497615	-0.415359	-0.343844	-0.28137	-0.237861	-0.216842	-0.21472	-0.227297	-0.249678	-0.2908	-0.352553	-0.417987	-0.461981	-0.47689	-0.475759	-0.484922	-0.505666	-0.52446	-0.530287	-0.525958	-0.516278	-0.505442	-0.497448	-0.49191	-0.47693	-0.451399	-0.415736	-0.386336	-0.362413	-0.318425	-0.253755	-0.186142	-0.120068	-0.0408061	0.0624856	0.175301	0.280899	0.379971	0.46766	0.52709	0.550216	0.534594	0.490504	0.438798	0.407829	0.405659	0.45005	0.55152	0.676699	0.795534	0.902286	0.983873	1.03047	1.04931	1.04351	0.999497	0.920929	0.823546	0.734582	0.685876	0.679657	0.707628	0.747504	0.785999	0.818437	0.844106	0.867176	0.888007	0.918767	0.969917	1.03853	1.10078	1.13158	1.13419	1.13916	1.15322	1.15129	1.13455	1.1031	1.04638	0.97569	0.904935	0.834225	0.754223	0.660793	0.556706	0.458794	0.379995	0.292505	0.181566	0.0789614	0	
0	-0.178556	-0.353487	-0.509623	-0.617429	-0.654677	-0.617306	-0.527801	-0.415359	-0.304448	-0.20371	-0.117781	-0.0527521	-0.0109064	0.00733857	0.0125684	0.00468911	-0.023629	-0.0727536	-0.129821	-0.167652	-0.176083	-0.171135	-0.176544	-0.194526	-0.215462	-0.225375	-0.225148	-0.223988	-0.224197	-0.227638	-0.237034	-0.239553	-0.22712	-0.20645	-0.193022	-0.182225	-0.155595	-0.111528	-0.0619558	-0.00732872	0.060711	0.149277	0.245934	0.34178	0.432282	0.509451	0.559549	0.574771	0.551811	0.49955	0.444596	0.415441	0.423539	0.486404	0.609801	0.765913	0.917686	1.05399	1.15967	1.2253	1.25684	1.25219	1.20603	1.11612	1.0017	0.894787	0.824832	0.802903	0.81595	0.843842	0.87126	0.889799	0.901077	0.906878	0.908318	0.917831	0.946922	0.99196	1.03037	1.03559	1.01162	0.989556	0.973389	0.947102	0.911529	0.860547	0.790545	0.715946	0.646652	0.584216	0.520021	0.44441	0.362866	0.292276	0.239133	0.184276	0.114969	0.0491814	0	
0	-0.18652	-0.36848	-0.526793	-0.632112	-0.657748	-0.601407	-0.485418	-0.343844	-0.20371	-0.077197	0.0297654	0.114001	0.169639	0.202793	0.218305	0.220722	0.202266	0.16198	0.113594	0.0842445	0.0826437	0.0956442	0.0999787	0.0862123	0.0690281	0.0575497	0.0528862	0.0496025	0.0440142	0.0313027	0.0145527	0.00104914	-0.00185591	0.0012288	-2.76229e-05	-0.00530006	0.00438769	0.0341576	0.0716135	0.108745	0.159675	0.231748	0.316665	0.398448	0.473285	0.533168	0.567468	0.563116	0.520637	0.451675	0.383144	0.341976	0.349334	0.421436	0.562282	0.742643	0.928106	1.09584	1.23194	1.32592	1.37802	1.38857	1.34956	1.26205	1.14258	1.02713	0.94661	0.91372	0.918479	0.938803	0.957607	0.966378	0.964859	0.953739	0.936516	0.923296	0.926062	0.943592	0.950304	0.922669	0.868122	0.810083	0.760209	0.710722	0.654357	0.590604	0.516514	0.441286	0.37817	0.326298	0.278976	0.228007	0.175056	0.135858	0.113497	0.0883895	0.0495533	0.0152431	0	
0	-0.194792	-0.384167	-0.543979	-0.647574	-0.661685	-0.588686	-0.44909	-0.28137	-0.117781	0.0297654	0.150506	0.245705	0.309821	0.349095	0.371476	0.378729	0.366618	0.333242	0.291067	0.267058	0.269032	0.287231	0.298431	0.29264	0.282877	0.275881	0.275461	0.275438	0.268395	0.253534	0.231456	0.207896	0.196053	0.187367	0.174533	0.15874	0.152919	0.162636	0.182767	0.206227	0.24581	0.301925	0.368807	0.434841	0.494461	0.535575	0.547485	0.520284	0.453199	0.359236	0.265414	0.203699	0.200647	0.271954	0.418726	0.616812	0.831488	1.03006	1.19895	1.32502	1.40679	1.44043	1.42063	1.34595	1.23437	1.12268	1.0406	1.0072	1.00999	1.02968	1.04481	1.0468	1.03458	1.00528	0.966949	0.927343	0.899946	0.884826	0.857803	0.799121	0.71554	0.627608	0.548902	0.477934	0.406292	0.330739	0.251878	0.181387	0.127631	0.0891157	0.0619251	0.0337776	0.00662212	-0.00692005	-0.00724847	-0.00341958	-0.00668113	-0.0103376	0	
0	-0.206579	-0.405378	-0.570116	-0.672548	-0.678767	-0.590176	-0.430282	-0.237861	-0.0527521	0.114001	0.245705	0.348928	0.416013	0.457415	0.478808	0.484594	0.470845	0.437008	0.396478	0.371643	0.375156	0.394872	0.412592	0.415167	0.412844	0.410854	0.415574	0.41983	0.417577	0.408038	0.389453	0.367702	0.352663	0.336716	0.315011	0.291797	0.273225	0.270673	0.27569	0.286656	0.31137	0.350409	0.40117	0.453866	0.497589	0.51833	0.510267	0.457274	0.362992	0.239696	0.118046	0.0269999	0.0025944	0.0626444	0.204856	0.411309	0.645508	0.870852	1.07164	1.23182	1.34918	1.41492	1.42494	1.37596	1.28545	1.18992	1.11615	1.08842	1.09421	1.1135	1.1249	1.11855	1.09218	1.04331	0.980662	0.914904	0.858468	0.810715	0.754397	0.669477	0.562842	0.452984	0.353269	0.269826	0.191659	0.113288	0.0380378	-0.0252621	-0.0724099	-0.102869	-0.117821	-0.130806	-0.138074	-0.129315	-0.109677	-0.0840462	-0.0598371	-0.0349344	0	
0	-0.221765	-0.433041	-0.604555	-0.708379	-0.707698	-0.607763	-0.428417	-0.216842	-0.0109064	0.169639	0.309821	0.416013	0.482486	0.521442	0.540265	0.539915	0.523859	0.487061	0.444448	0.41815	0.415215	0.431339	0.450128	0.454446	0.458389	0.461007	0.470107	0.481903	0.487764	0.484683	0.474675	0.458532	0.447623	0.430278	0.411497	0.387792	0.364129	0.350017	0.345795	0.344502	0.357563	0.381651	0.417899	0.45532	0.482098	0.486298	0.456829	0.381417	0.260147	0.110695	-0.041719	-0.164161	-0.212779	-0.1717	-0.0404868	0.163237	0.409565	0.65515	0.882717	1.0757	1.22755	1.33066	1.3754	1.35904	1.30082	1.22861	1.17222	1.15588	1.16666	1.18864	1.19396	1.17734	1.13474	1.05978	0.970179	0.875755	0.787717	0.710798	0.629323	0.527455	0.412344	0.293809	0.188644	0.105913	0.028908	-0.0454315	-0.113056	-0.169043	-0.210414	-0.234684	-0.242218	-0.246124	-0.240422	-0.219244	-0.188915	-0.147615	-0.102017	-0.0547858	0	
0	-0.240311	-0.467253	-0.64766	-0.754668	-0.750161	-0.639689	-0.446236	-0.21472	0.00733857	0.202793	0.349095	0.457415	0.521442	0.557675	0.569733	0.564519	0.541264	0.499593	0.455477	0.421339	0.412778	0.421359	0.434676	0.441397	0.445926	0.448304	0.459617	0.474201	0.482832	0.489508	0.486948	0.480901	0.477037	0.468033	0.453236	0.438024	0.417713	0.404341	0.390539	0.386921	0.396221	0.409886	0.429817	0.454081	0.468771	0.455212	0.407498	0.309274	0.16549	-0.0104228	-0.190498	-0.342249	-0.418544	-0.398295	-0.285661	-0.089154	0.158942	0.417084	0.666139	0.883479	1.06898	1.20659	1.28728	1.30795	1.28506	1.24404	1.20838	1.20573	1.22418	1.24458	1.24304	1.21316	1.14869	1.04836	0.928836	0.806841	0.693967	0.589903	0.492488	0.385316	0.268117	0.15465	0.0558394	-0.0208032	-0.0860364	-0.148861	-0.20566	-0.248692	-0.282466	-0.302573	-0.304693	-0.302575	-0.289112	-0.262287	-0.22791	-0.178518	-0.120799	-0.0617921	0	
0	-0.261364	-0.50417	-0.696076	-0.805607	-0.798855	-0.680597	-0.473051	-0.227297	0.0125684	0.218305	0.371476	0.478808	0.540265	0.569733	0.577462	0.562364	0.53378	0.487006	0.438296	0.401181	0.383536	0.382565	0.391774	0.394353	0.398137	0.398999	0.405892	0.418263	0.429366	0.437659	0.441891	0.444761	0.449939	0.444868	0.441135	0.43715	0.426586	0.418082	0.412761	0.414072	0.421526	0.430795	0.446398	0.464311	0.465428	0.439923	0.374402	0.257719	0.0907037	-0.10642	-0.311257	-0.49105	-0.592193	-0.594846	-0.498433	-0.314742	-0.0700175	0.196041	0.457999	0.69489	0.903603	1.07052	1.18074	1.23164	1.24364	1.22889	1.2138	1.22409	1.24609	1.26624	1.25627	1.21297	1.1315	1.00629	0.862653	0.721045	0.586716	0.465858	0.359679	0.251859	0.143473	0.0399079	-0.0479251	-0.11093	-0.164436	-0.212882	-0.250705	-0.278954	-0.303117	-0.313185	-0.307756	-0.300397	-0.279619	-0.247006	-0.21279	-0.16842	-0.113063	-0.0541986	0	
0	-0.284117	-0.545357	-0.748285	-0.861872	-0.85314	-0.727919	-0.509464	-0.249678	0.00468911	0.220722	0.378729	0.484594	0.539915	0.564519	0.562364	0.541648	0.504883	0.453547	0.404081	0.361555	0.336949	0.327023	0.326006	0.326442	0.327465	0.324384	0.328162	0.337232	0.344997	0.35401	0.358891	0.365224	0.372501	0.373682	0.377674	0.385412	0.389753	0.39388	0.392517	0.402689	0.425579	0.444317	0.460104	0.474829	0.474844	0.441723	0.364819	0.232476	0.0484403	-0.169445	-0.397088	-0.599129	-0.723668	-0.745725	-0.666202	-0.493383	-0.253479	0.0175301	0.289825	0.537956	0.762953	0.948502	1.07545	1.14651	1.17929	1.18178	1.1789	1.19325	1.21686	1.23277	1.21718	1.16764	1.07436	0.937666	0.780812	0.628543	0.486703	0.355133	0.245905	0.144892	0.0444588	-0.045157	-0.117714	-0.171087	-0.211312	-0.243422	-0.265638	-0.276865	-0.284622	-0.28079	-0.264443	-0.245955	-0.216853	-0.186036	-0.157969	-0.121016	-0.0795484	-0.0381214	0	
0	-0.309633	-0.59106	-0.807406	-0.926021	-0.917901	-0.788	-0.561983	-0.2908	-0.023629	0.202266	0.366618	0.470845	0.523859	0.541264	0.53378	0.504883	0.460672	0.405144	0.35195	0.306932	0.276015	0.256762	0.249877	0.247432	0.246869	0.242507	0.239791	0.242726	0.245664	0.251092	0.255431	0.264433	0.273787	0.276017	0.281149	0.295748	0.309882	0.322479	0.334487	0.362945	0.397454	0.426821	0.454094	0.479703	0.484813	0.455047	0.374116	0.232897	0.0353163	-0.196628	-0.441516	-0.664348	-0.810887	-0.851932	-0.785085	-0.622884	-0.38771	-0.111931	0.168993	0.425669	0.659781	0.853774	0.985402	1.06145	1.09943	1.10463	1.10029	1.11001	1.12696	1.13683	1.11996	1.0696	0.978503	0.84351	0.688241	0.542043	0.402693	0.272426	0.167196	0.0727846	-0.017642	-0.0955901	-0.156757	-0.201438	-0.232765	-0.249465	-0.250393	-0.24224	-0.234532	-0.21682	-0.189583	-0.16493	-0.13437	-0.103699	-0.0817	-0.0614469	-0.0362482	-0.0107887	0	
0	-0.339396	-0.643868	-0.877055	-1.00198	-0.996581	-0.864157	-0.632074	-0.352553	-0.0727536	0.16198	0.333242	0.437008	0.487061	0.499593	0.487006	0.453547	0.405144	0.34927	0.29743	0.254289	0.220303	0.19427	0.179493	0.17318	0.170494	0.164207	0.158817	0.156606	0.157588	0.159281	0.16146	0.168211	0.175327	0.173292	0.179487	0.196693	0.219369	0.238627	0.255923	0.289378	0.338881	0.387321	0.429137	0.466138	0.483581	0.463096	0.386923	0.248393	0.0476583	-0.194865	-0.453525	-0.691199	-0.855739	-0.914557	-0.861406	-0.70863	-0.478284	-0.196796	0.0909437	0.355203	0.593048	0.786724	0.911734	0.977258	1.00392	0.994379	0.97547	0.969053	0.972993	0.977349	0.964484	0.926297	0.852003	0.736447	0.600496	0.471912	0.346228	0.223224	0.122677	0.0348962	-0.0472239	-0.112786	-0.16146	-0.196909	-0.217675	-0.220722	-0.206663	-0.185734	-0.165122	-0.136774	-0.106923	-0.080999	-0.0498132	-0.0254015	-0.0147611	-0.00908596	-0.00419405	0.000772492	0	
0	-0.367056	-0.694881	-0.941365	-1.07427	-1.07047	-0.93802	-0.703433	-0.417987	-0.129821	0.113594	0.291067	0.396478	0.444448	0.455477	0.438296	0.404081	0.35195	0.29743	0.248017	0.208992	0.174746	0.146413	0.126847	0.120065	0.118537	0.113484	0.104068	0.097763	0.0921853	0.0884492	0.0887344	0.0947486	0.0997192	0.0979764	0.0993668	0.113105	0.138338	0.158498	0.179419	0.219863	0.279822	0.337132	0.391174	0.439399	0.473542	0.469111	0.406854	0.275117	0.077529	-0.163157	-0.424852	-0.671299	-0.852894	-0.928391	-0.888651	-0.749726	-0.527255	-0.248814	0.04178	0.30734	0.541886	0.727167	0.834267	0.880976	0.881823	0.848472	0.806727	0.7775	0.767477	0.766424	0.764414	0.747517	0.70156	0.619595	0.516377	0.416568	0.314395	0.208423	0.117185	0.038099	-0.0341962	-0.0887235	-0.125361	-0.155285	-0.17274	-0.16452	-0.138441	-0.111096	-0.0851995	-0.0565175	-0.0301864	-0.0102503	0.00738187	0.0207504	0.0254106	0.021939	0.0171905	0.0124886	0	
0	-0.391162	-0.736727	-0.994546	-1.12933	-1.12627	-0.990079	-0.754059	-0.461981	-0.167652	0.0842445	0.267058	0.371643	0.41815	0.421339	0.401181	0.361555	0.306932	0.254289	0.208992	0.176809	0.148518	0.11843	0.0984696	0.0905196	0.0906402	0.0882496	0.0795291	0.0695068	0.0624163	0.0549655	0.0525937	0.0546976	0.0577789	0.050888	0.046622	0.0598795	0.0863598	0.106765	0.128284	0.168642	0.229188	0.295851	0.358965	0.418888	0.464717	0.472516	0.423532	0.308448	0.126693	-0.107258	-0.364178	-0.610587	-0.797565	-0.885424	-0.860987	-0.737442	-0.530231	-0.262207	0.0189335	0.276295	0.497879	0.661389	0.74448	0.761171	0.728863	0.666324	0.595954	0.54449	0.517903	0.514018	0.527744	0.536978	0.529717	0.491704	0.432145	0.372518	0.303263	0.223272	0.149202	0.0816293	0.0223777	-0.0178846	-0.0454871	-0.0702343	-0.086344	-0.0807069	-0.0574408	-0.0344163	-0.0141402	0.0053931	0.0190612	0.0273172	0.0370508	0.0467418	0.0444123	0.0309907	0.0187637	0.00964148	0	
0	-0.407651	-0.765795	-1.02644	-1.16107	-1.15148	-1.01298	-0.771811	-0.47689	-0.176083	0.0826437	0.269032	0.375156	0.415215	0.412778	0.383536	0.336949	0.276015	0.220303	0.174746	0.148518	0.121009	0.0944478	0.0720871	0.0656198	0.0708635	0.0745405	0.068837	0.0605484	0.0513231	0.0408323	0.037541	0.0374667	0.0387696	0.0293161	0.0218564	0.0284647	0.0529495	0.0725639	0.0964707	0.131992	0.196829	0.268591	0.338333	0.400655	0.45607	0.477482	0.445901	0.346952	0.179064	-0.037234	-0.277953	-0.51167	-0.697088	-0.789361	-0.77502	-0.667931	-0.478966	-0.234165	0.0253075	0.261792	0.455509	0.586981	0.63608	0.618437	0.550954	0.458328	0.364493	0.291606	0.250266	0.244506	0.268847	0.304212	0.333412	0.339455	0.33108	0.316677	0.292267	0.25481	0.208692	0.164443	0.127616	0.102826	0.0834876	0.056535	0.0281017	0.0215141	0.0298356	0.032665	0.0375213	0.0438286	0.0442733	0.0402324	0.0374316	0.041517	0.0410081	0.0310632	0.0174681	0.00426358	0	
0	-0.421024	-0.787524	-1.05006	-1.1796	-1.16504	-1.01929	-0.77651	-0.475759	-0.171135	0.0956442	0.287231	0.394872	0.431339	0.421359	0.382565	0.327023	0.256762	0.19427	0.146413	0.11843	0.0944478	0.0638639	0.040492	0.0313011	0.0395769	0.0494453	0.0504684	0.0455294	0.0399132	0.0303822	0.0293047	0.0292224	0.0303787	0.0211239	0.00753901	0.0106392	0.0321998	0.0505944	0.071638	0.107158	0.170631	0.243347	0.316803	0.386879	0.450898	0.479588	0.461049	0.377114	0.23166	0.0340125	-0.185652	-0.403071	-0.574076	-0.661738	-0.653148	-0.558819	-0.389275	-0.172649	0.0560818	0.261636	0.418805	0.509077	0.520531	0.468306	0.366789	0.251728	0.138752	0.0498245	-0.003715	-0.0174122	0.012242	0.0624224	0.118287	0.164551	0.202327	0.237831	0.266401	0.280412	0.277537	0.266005	0.258032	0.254306	0.241957	0.211498	0.167007	0.135409	0.117227	0.0961007	0.0800728	0.0646024	0.0480058	0.0331111	0.0225996	0.0257931	0.0263137	0.016791	0.00624314	-0.00255701	0	
0	-0.434346	-0.81121	-1.07471	-1.20361	-1.18221	-1.03424	-0.78844	-0.484922	-0.176544	0.0999787	0.298431	0.412592	0.450128	0.434676	0.391774	0.326006	0.249877	0.179493	0.126847	0.0984696	0.0720871	0.040492	0.010646	-0.0039833	0.00313702	0.0152251	0.0203138	0.0210945	0.0164409	0.01268	0.0156748	0.0189721	0.0258101	0.0186307	0.00386138	0.0059668	0.0212728	0.0383782	0.0607861	0.0905808	0.147993	0.22342	0.300472	0.373996	0.440816	0.478988	0.472265	0.405495	0.275933	0.0976325	-0.102953	-0.299731	-0.455597	-0.536413	-0.532328	-0.448626	-0.296771	-0.110074	0.0866519	0.259455	0.38068	0.430235	0.409502	0.326224	0.200795	0.0704346	-0.0541569	-0.151559	-0.218728	-0.240725	-0.217525	-0.163971	-0.0915253	-0.0195835	0.0591888	0.139251	0.219002	0.288935	0.330345	0.355882	0.381038	0.398644	0.394796	0.363322	0.307481	0.253524	0.208302	0.163392	0.12539	0.0899174	0.056948	0.0246892	0.00235021	0.00360572	0.00465145	-0.00189592	-0.00915733	-0.0143389	0	
0	-0.446487	-0.830496	-1.09806	-1.22416	-1.20087	-1.05172	-0.80632	-0.505666	-0.194526	0.0862123	0.29264	0.415167	0.454446	0.441397	0.394353	0.326442	0.247432	0.17318	0.120065	0.0905196	0.0656198	0.0313011	-0.0039833	-0.026799	-0.0256003	-0.0147138	-0.00750147	-0.00698666	-0.00868837	-0.012251	-0.00645744	0.00215333	0.0141323	0.0125174	0.00522266	0.00725451	0.0215668	0.0406386	0.0606789	0.0865203	0.142832	0.213687	0.289919	0.36652	0.437246	0.480768	0.486978	0.432943	0.319199	0.157877	-0.0238079	-0.207567	-0.352874	-0.432111	-0.437173	-0.367956	-0.237391	-0.0789626	0.086749	0.234311	0.326152	0.348326	0.304194	0.201016	0.0623046	-0.0770018	-0.203952	-0.307478	-0.381194	-0.412566	-0.399106	-0.345526	-0.267406	-0.176667	-0.0711633	0.0411132	0.160988	0.271682	0.350651	0.406018	0.459303	0.499889	0.508803	0.485708	0.426957	0.359741	0.299305	0.236816	0.1819	0.131647	0.0822637	0.0345741	5.57471e-05	-0.00950176	-0.0127522	-0.0167565	-0.0212969	-0.0220797	0	
0	-0.454328	-0.844127	-1.11258	-1.23776	-1.21257	-1.06364	-0.822049	-0.52446	-0.215462	0.0690281	0.282877	0.412844	0.458389	0.445926	0.398137	0.327465	0.246869	0.170494	0.118537	0.0906402	0.0708635	0.0395769	0.00313702	-0.0256003	-0.0299184	-0.0236033	-0.0188378	-0.0186657	-0.0263811	-0.0309374	-0.0256824	-0.0166791	-0.000508845	0.00601259	0.00253569	0.0108377	0.0271921	0.0507948	0.0758466	0.106899	0.158028	0.226298	0.303202	0.382498	0.454445	0.504241	0.516163	0.473146	0.375272	0.229591	0.0556425	-0.123221	-0.266181	-0.353977	-0.380793	-0.337937	-0.233835	-0.105964	0.0357476	0.165336	0.245998	0.258955	0.208611	0.100755	-0.0416695	-0.181802	-0.310832	-0.416368	-0.494861	-0.53411	-0.527742	-0.476229	-0.392214	-0.290107	-0.168544	-0.0365112	0.104472	0.237511	0.336238	0.409929	0.481347	0.538022	0.5641	0.557536	0.510429	0.442701	0.37514	0.31181	0.250487	0.185782	0.125982	0.0684619	0.0231836	0.00581936	-0.00306815	-0.0122909	-0.0187463	-0.0185373	0	
0	-0.455864	-0.845419	-1.11197	-1.2338	-1.2062	-1.05845	-0.820664	-0.530287	-0.225375	0.0575497	0.275881	0.410854	0.461007	0.448304	0.398999	0.324384	0.242507	0.164207	0.113484	0.0882496	0.0745405	0.0494453	0.0152251	-0.0147138	-0.0236033	-0.0193115	-0.0137418	-0.0153212	-0.0255016	-0.033725	-0.0355072	-0.0288815	-0.0143728	-0.00915609	-0.00578374	0.00697092	0.0253428	0.0570906	0.0902147	0.128354	0.184042	0.25625	0.336772	0.422673	0.49553	0.548281	0.567508	0.536587	0.445563	0.305701	0.136674	-0.0423524	-0.194884	-0.304004	-0.362028	-0.352827	-0.283908	-0.185214	-0.0646839	0.0577917	0.142124	0.164929	0.125379	0.0246743	-0.109563	-0.248441	-0.37716	-0.483936	-0.565074	-0.608	-0.606423	-0.553637	-0.464587	-0.355712	-0.229267	-0.0921115	0.0522093	0.185426	0.288238	0.367661	0.44843	0.520912	0.565219	0.581877	0.556567	0.497965	0.434361	0.372247	0.310085	0.249261	0.186987	0.122459	0.0761676	0.0538296	0.0366575	0.0205167	0.00522794	-0.00468957	0	
0	-0.451886	-0.835105	-1.09892	-1.2147	-1.18628	-1.04005	-0.806415	-0.525958	-0.225148	0.0528862	0.275461	0.415574	0.470107	0.459617	0.405892	0.328162	0.239791	0.158817	0.104068	0.0795291	0.068837	0.0504684	0.0203138	-0.00750147	-0.0188378	-0.0137418	-0.00563375	-0.00497428	-0.0141261	-0.0262776	-0.0321931	-0.0303091	-0.0210907	-0.0180139	-0.0126045	-0.00258423	0.0181055	0.0515206	0.0926652	0.143822	0.211413	0.290211	0.382594	0.478449	0.562174	0.625239	0.649174	0.61896	0.53124	0.395952	0.219532	0.0242413	-0.149292	-0.285075	-0.379774	-0.41191	-0.38066	-0.308219	-0.203184	-0.0810497	0.0176835	0.0664138	0.0493809	-0.0293923	-0.144539	-0.273834	-0.395404	-0.500184	-0.579722	-0.626722	-0.631724	-0.583144	-0.497384	-0.391744	-0.272272	-0.141454	-0.0066621	0.115216	0.212804	0.292385	0.376093	0.458004	0.52371	0.56699	0.564445	0.523278	0.474944	0.42559	0.370503	0.31319	0.255526	0.197647	0.150154	0.117567	0.092312	0.0671252	0.0407237	0.0183517	0	
0	-0.442834	-0.819157	-1.0762	-1.18868	-1.16001	-1.0152	-0.789628	-0.516278	-0.223988	0.0496025	0.275438	0.41983	0.481903	0.474201	0.418263	0.337232	0.242726	0.156606	0.097763	0.0695068	0.0605484	0.0455294	0.0210945	-0.00698666	-0.0186657	-0.0153212	-0.00497428	0.000773088	-0.00466329	-0.0161589	-0.0213451	-0.0212932	-0.0161311	-0.0150381	-0.0121955	-0.00467634	0.0138972	0.0447754	0.0898675	0.15182	0.228585	0.318951	0.427029	0.541258	0.642151	0.715569	0.746344	0.722819	0.634668	0.485951	0.289931	0.0711765	-0.131403	-0.30459	-0.43751	-0.509137	-0.509782	-0.45803	-0.361273	-0.235992	-0.116528	-0.035966	-0.0239821	-0.0695999	-0.156534	-0.261525	-0.366132	-0.458524	-0.531122	-0.584658	-0.600554	-0.570357	-0.501631	-0.412561	-0.312051	-0.194263	-0.0751085	0.0295655	0.117185	0.193087	0.273077	0.35802	0.441364	0.511245	0.540699	0.528636	0.502185	0.473685	0.437976	0.391485	0.335371	0.277158	0.226865	0.184638	0.145067	0.105052	0.0686735	0.0366687	0	
0	-0.429317	-0.794593	-1.04402	-1.15412	-1.1255	-0.986386	-0.768442	-0.505442	-0.224197	0.0440142	0.268395	0.417577	0.487764	0.482832	0.429366	0.344997	0.245664	0.157588	0.0921853	0.0624163	0.0513231	0.0399132	0.0164409	-0.00868837	-0.0263811	-0.0255016	-0.0141261	-0.00466329	-0.00512085	-0.0110914	-0.0164317	-0.0153266	-0.00982815	-0.00985167	-0.00583432	0.0031727	0.0205546	0.0458296	0.092072	0.159265	0.244574	0.344647	0.465937	0.596524	0.71703	0.807534	0.849296	0.82817	0.731021	0.569255	0.350002	0.0988308	-0.146182	-0.356345	-0.524262	-0.629348	-0.657997	-0.618203	-0.524085	-0.393821	-0.252818	-0.143098	-0.0972758	-0.106985	-0.154802	-0.224069	-0.298238	-0.364716	-0.42666	-0.483048	-0.517811	-0.518065	-0.480502	-0.423395	-0.349166	-0.251959	-0.151577	-0.0650018	0.00935861	0.0768134	0.146954	0.231221	0.32801	0.422192	0.485132	0.511045	0.522876	0.521656	0.503024	0.471911	0.423241	0.361438	0.300444	0.241904	0.182669	0.128065	0.0861438	0.0482351	0	
0	-0.411708	-0.762161	-1.00451	-1.1114	-1.08754	-0.954833	-0.747824	-0.497448	-0.227638	0.0313027	0.253534	0.408038	0.484683	0.489508	0.437659	0.35401	0.251092	0.159281	0.0884492	0.0549655	0.0408323	0.0303822	0.01268	-0.012251	-0.0309374	-0.033725	-0.0262776	-0.0161589	-0.0110914	-0.019212	-0.0202085	-0.0163872	-0.0110821	-0.0070507	0.00251734	0.0138574	0.035274	0.0595602	0.107041	0.17817	0.272146	0.379366	0.509565	0.649409	0.785722	0.886051	0.934494	0.911027	0.809001	0.629591	0.384787	0.0990827	-0.181088	-0.425864	-0.624168	-0.758999	-0.809354	-0.778326	-0.686902	-0.550036	-0.391469	-0.251356	-0.171207	-0.137994	-0.141801	-0.166981	-0.200343	-0.236648	-0.281705	-0.341822	-0.397527	-0.43497	-0.44057	-0.422894	-0.382119	-0.310022	-0.230415	-0.160966	-0.0991605	-0.041832	0.0173457	0.0934024	0.198075	0.313691	0.403465	0.468457	0.519903	0.549035	0.558705	0.542221	0.496994	0.438292	0.368912	0.293443	0.219316	0.153386	0.103053	0.0562754	0	
0	-0.391143	-0.727475	-0.960167	-1.06851	-1.04913	-0.925939	-0.731443	-0.49191	-0.237034	0.0145527	0.231456	0.389453	0.474675	0.486948	0.441891	0.358891	0.255431	0.16146	0.0887344	0.0525937	0.037541	0.0293047	0.0156748	-0.00645744	-0.0256824	-0.0355072	-0.0321931	-0.0213451	-0.0164317	-0.0202085	-0.0186319	-0.0168085	-0.008792	-0.00145636	0.00766237	0.0289891	0.0584909	0.0857969	0.139224	0.219068	0.321926	0.436165	0.56726	0.710659	0.851854	0.95046	0.991445	0.958626	0.841146	0.640961	0.375403	0.0686315	-0.237254	-0.506348	-0.723668	-0.878714	-0.946425	-0.92851	-0.840534	-0.700138	-0.523822	-0.355716	-0.23477	-0.155997	-0.115765	-0.0964192	-0.0936961	-0.100524	-0.132461	-0.191871	-0.263475	-0.333756	-0.378501	-0.40236	-0.39538	-0.355047	-0.301114	-0.249842	-0.204059	-0.155971	-0.105555	-0.034894	0.0726229	0.197072	0.309326	0.406104	0.484981	0.538853	0.570975	0.573525	0.546519	0.497117	0.431168	0.356472	0.269678	0.190971	0.134862	0.0743577	0	
0	-0.363513	-0.679513	-0.899242	-1.00759	-0.99347	-0.882268	-0.702098	-0.47693	-0.239553	0.00104914	0.207896	0.367702	0.458532	0.480901	0.444761	0.365224	0.264433	0.168211	0.0947486	0.0546976	0.0374667	0.0292224	0.0189721	0.00215333	-0.0166791	-0.0288815	-0.0303091	-0.0212932	-0.0153266	-0.0163872	-0.0168085	-0.0130087	-0.00565596	0.00234674	0.0152437	0.0479682	0.0840896	0.123622	0.184285	0.27186	0.386132	0.512657	0.64742	0.789159	0.920531	1.0047	1.03004	0.972874	0.829298	0.607897	0.328925	0.009384	-0.307796	-0.581778	-0.804913	-0.970137	-1.05446	-1.05311	-0.976146	-0.836817	-0.648942	-0.455799	-0.291829	-0.168368	-0.0859569	-0.0286395	0.00512874	0.0204009	0.00119157	-0.0521616	-0.130739	-0.220493	-0.298455	-0.358278	-0.38652	-0.38334	-0.358085	-0.326376	-0.292289	-0.25202	-0.20466	-0.13491	-0.0325011	0.0891241	0.203224	0.311417	0.409455	0.479689	0.531013	0.561377	0.563794	0.537337	0.488083	0.424118	0.337309	0.248938	0.174633	0.0916075	0	
0	-0.332746	-0.621523	-0.830311	-0.933193	-0.927241	-0.827101	-0.659767	-0.451399	-0.22712	-0.00185591	0.196053	0.352663	0.447623	0.477037	0.449939	0.372501	0.273787	0.175327	0.0997192	0.0577789	0.0387696	0.0303787	0.0258101	0.0141323	-0.000508845	-0.0143728	-0.0210907	-0.0161311	-0.00982815	-0.0110821	-0.008792	-0.00565596	0.00488835	0.0146129	0.0318428	0.0711016	0.117514	0.168348	0.237762	0.337193	0.466609	0.604171	0.736158	0.869812	0.986631	1.05357	1.04852	0.95808	0.786368	0.54231	0.248471	-0.075903	-0.386496	-0.654321	-0.873068	-1.03666	-1.12787	-1.14023	-1.0765	-0.937824	-0.745211	-0.533013	-0.333291	-0.17457	-0.0584394	0.0253854	0.0812101	0.110822	0.101307	0.0571418	-0.0211416	-0.119219	-0.217473	-0.303316	-0.35764	-0.383664	-0.383927	-0.366822	-0.344291	-0.314441	-0.270385	-0.209289	-0.123569	-0.0174444	0.0863551	0.193177	0.296141	0.380025	0.453655	0.511163	0.547625	0.554907	0.530669	0.481192	0.400249	0.310865	0.222547	0.115014	0	
0	-0.296304	-0.557977	-0.748091	-0.848973	-0.847579	-0.760627	-0.607206	-0.415736	-0.20645	0.0012288	0.187367	0.336716	0.430278	0.468033	0.444868	0.373682	0.276017	0.173292	0.0979764	0.050888	0.0293161	0.0211239	0.0186307	0.0125174	0.00601259	-0.00915609	-0.0180139	-0.0150381	-0.00985167	-0.0070507	-0.00145636	0.00234674	0.0146129	0.024089	0.0442909	0.0899456	0.149076	0.21663	0.296752	0.401951	0.538821	0.679373	0.809794	0.933527	1.02849	1.06737	1.03286	0.915364	0.71589	0.452559	0.152197	-0.166822	-0.4677	-0.725237	-0.930115	-1.0817	-1.16666	-1.18535	-1.1237	-0.983723	-0.791518	-0.570898	-0.355696	-0.177255	-0.0449435	0.0548843	0.126121	0.165143	0.168173	0.132565	0.0581588	-0.0404274	-0.150611	-0.24906	-0.316488	-0.358281	-0.370424	-0.36352	-0.354617	-0.339832	-0.308773	-0.262694	-0.200874	-0.121899	-0.0332211	0.0675382	0.168246	0.259258	0.347556	0.429706	0.497512	0.535017	0.542475	0.519827	0.452388	0.359949	0.255061	0.129921	0	
0	-0.261176	-0.494328	-0.669289	-0.766847	-0.773439	-0.699829	-0.562391	-0.386336	-0.193022	-2.76229e-05	0.174533	0.315011	0.411497	0.453236	0.441135	0.377674	0.281149	0.179487	0.0993668	0.046622	0.0218564	0.00753901	0.00386138	0.00522266	0.00253569	-0.00578374	-0.0126045	-0.0121955	-0.00583432	0.00251734	0.00766237	0.0152437	0.0318428	0.0442909	0.0707788	0.124486	0.193871	0.272004	0.357466	0.467895	0.606246	0.745042	0.867041	0.96814	1.0309	1.04385	0.984053	0.842457	0.624846	0.35586	0.0540717	-0.259257	-0.548842	-0.792257	-0.986213	-1.12125	-1.1918	-1.20048	-1.12973	-0.983728	-0.790208	-0.571757	-0.355818	-0.176976	-0.040544	0.0665144	0.145828	0.19523	0.209493	0.181672	0.112004	0.0134743	-0.0999952	-0.201514	-0.272516	-0.313248	-0.326776	-0.32676	-0.329389	-0.337138	-0.327217	-0.300183	-0.267383	-0.21296	-0.139499	-0.0536311	0.0434186	0.138333	0.229483	0.326271	0.417135	0.478013	0.510239	0.512843	0.469544	0.384592	0.27135	0.13938	0	
0	-0.226567	-0.431272	-0.59174	-0.685728	-0.701424	-0.642217	-0.520658	-0.362413	-0.182225	-0.00530006	0.15874	0.291797	0.387792	0.438024	0.43715	0.385412	0.295748	0.196693	0.113105	0.0598795	0.0284647	0.0106392	0.0059668	0.00725451	0.0108377	0.00697092	-0.00258423	-0.00467634	0.0031727	0.0138574	0.0289891	0.0479682	0.0711016	0.0899456	0.124486	0.178343	0.255801	0.345546	0.438637	0.544817	0.672696	0.796871	0.899925	0.97049	1.00483	0.991347	0.908153	0.75126	0.529097	0.260261	-0.0372327	-0.339816	-0.616026	-0.850536	-1.03407	-1.15102	-1.20226	-1.19512	-1.1125	-0.959228	-0.766332	-0.552451	-0.347656	-0.175682	-0.0419405	0.0643324	0.145869	0.200817	0.225667	0.206147	0.145463	0.0544328	-0.051888	-0.149698	-0.218419	-0.251766	-0.263961	-0.269479	-0.287495	-0.318391	-0.331609	-0.331671	-0.324071	-0.289359	-0.23096	-0.15276	-0.0610716	0.0293917	0.120563	0.215436	0.305323	0.380365	0.432405	0.453477	0.437773	0.374226	0.263948	0.133174	0	
0	-0.187794	-0.361371	-0.501475	-0.589886	-0.610412	-0.564498	-0.459505	-0.318425	-0.155595	0.00438769	0.152919	0.273225	0.364129	0.417713	0.426586	0.389753	0.309882	0.219369	0.138338	0.0863598	0.0529495	0.0321998	0.0212728	0.0215668	0.0271921	0.0253428	0.0181055	0.0138972	0.0205546	0.035274	0.0584909	0.0840896	0.117514	0.149076	0.193871	0.255801	0.347303	0.440133	0.530486	0.625126	0.732328	0.828729	0.906459	0.94964	0.955773	0.915481	0.818234	0.661151	0.442898	0.181641	-0.106011	-0.396769	-0.660382	-0.8809	-1.04745	-1.1475	-1.1822	-1.16166	-1.07425	-0.926875	-0.741	-0.536899	-0.34612	-0.182868	-0.0536979	0.0468763	0.121592	0.177975	0.210003	0.20494	0.164781	0.0952672	0.0101103	-0.0795845	-0.147823	-0.180809	-0.196145	-0.211971	-0.244622	-0.289773	-0.324264	-0.345738	-0.356677	-0.343187	-0.301249	-0.236234	-0.154169	-0.0684697	0.0150854	0.100673	0.183322	0.256203	0.317178	0.356783	0.358902	0.308901	0.216603	0.110002	0	
0	-0.14628	-0.287138	-0.401866	-0.482321	-0.503593	-0.468319	-0.380152	-0.253755	-0.111528	0.0341576	0.162636	0.270673	0.350017	0.404341	0.418082	0.39388	0.322479	0.238627	0.158498	0.106765	0.0725639	0.0505944	0.0383782	0.0406386	0.0507948	0.0570906	0.0515206	0.0447754	0.0458296	0.0595602	0.0857969	0.123622	0.168348	0.21663	0.272004	0.345546	0.440133	0.533408	0.622657	0.701065	0.776153	0.839893	0.889658	0.898425	0.87948	0.823286	0.728929	0.577271	0.370568	0.122684	-0.151507	-0.427169	-0.673591	-0.871261	-1.01751	-1.10063	-1.12167	-1.09508	-1.01652	-0.891427	-0.721078	-0.531791	-0.356503	-0.199419	-0.0737552	0.0210013	0.0871154	0.140653	0.178005	0.18793	0.172519	0.130871	0.0692955	-0.0102056	-0.0813722	-0.118857	-0.136957	-0.159278	-0.194217	-0.239961	-0.286904	-0.327761	-0.358956	-0.369369	-0.356131	-0.314633	-0.244	-0.163832	-0.0855212	-0.0108894	0.0572311	0.117079	0.168896	0.215619	0.239592	0.213058	0.147918	0.074644	0	
0	-0.110687	-0.218942	-0.314229	-0.381174	-0.404838	-0.374351	-0.301438	-0.186142	-0.0619558	0.0716135	0.182767	0.27569	0.345795	0.390539	0.412761	0.392517	0.334487	0.255923	0.179419	0.128284	0.0964707	0.071638	0.0607861	0.0606789	0.0758466	0.0902147	0.0926652	0.0898675	0.092072	0.107041	0.139224	0.184285	0.237762	0.296752	0.357466	0.438637	0.530486	0.622657	0.700582	0.759478	0.800763	0.832222	0.84072	0.825917	0.79329	0.729687	0.63404	0.491031	0.3026	0.0703879	-0.182728	-0.438841	-0.660382	-0.831222	-0.951195	-1.0159	-1.03082	-1.00311	-0.942461	-0.843696	-0.695435	-0.5292	-0.369826	-0.224666	-0.102323	-0.0108073	0.0514901	0.108961	0.149502	0.17327	0.177681	0.155534	0.114075	0.0422437	-0.0304524	-0.0708767	-0.092561	-0.115613	-0.145612	-0.184704	-0.232346	-0.282354	-0.32549	-0.357092	-0.376601	-0.365555	-0.319637	-0.258384	-0.194706	-0.13806	-0.0871984	-0.0389796	0.00938807	0.0587646	0.0910256	0.093935	0.0695174	0.0314675	0	
0	-0.0767389	-0.155553	-0.228421	-0.284166	-0.30356	-0.281768	-0.216837	-0.120068	-0.00732872	0.108745	0.206227	0.286656	0.344502	0.386921	0.414072	0.402689	0.362945	0.289378	0.219863	0.168642	0.131992	0.107158	0.0905808	0.0865203	0.106899	0.128354	0.143822	0.15182	0.159265	0.17817	0.219068	0.27186	0.337193	0.401951	0.467895	0.544817	0.625126	0.701065	0.759478	0.790611	0.802121	0.8005	0.783613	0.761109	0.718149	0.648451	0.55421	0.4244	0.248138	0.0355416	-0.193872	-0.424263	-0.616755	-0.757275	-0.850329	-0.90824	-0.924222	-0.904434	-0.863851	-0.791394	-0.674046	-0.53385	-0.39722	-0.267746	-0.148448	-0.0526888	0.0269781	0.099979	0.152861	0.190109	0.199674	0.184541	0.144926	0.0722643	0.000442407	-0.0468912	-0.0696609	-0.0876211	-0.110057	-0.134635	-0.173956	-0.221061	-0.260211	-0.305549	-0.360134	-0.388174	-0.378055	-0.345686	-0.305303	-0.268484	-0.235408	-0.204946	-0.162424	-0.108266	-0.070646	-0.0458597	-0.0280316	-0.0189274	0	
0	-0.0456899	-0.0962159	-0.146935	-0.187887	-0.20061	-0.181413	-0.123099	-0.0408061	0.060711	0.159675	0.24581	0.31137	0.357563	0.396221	0.421526	0.425579	0.397454	0.338881	0.279822	0.229188	0.196829	0.170631	0.147993	0.142832	0.158028	0.184042	0.211413	0.228585	0.244574	0.272146	0.321926	0.386132	0.466609	0.538821	0.606246	0.672696	0.732328	0.776153	0.800763	0.802121	0.789467	0.762073	0.73119	0.703961	0.661893	0.600601	0.515178	0.392635	0.226252	0.0318774	-0.174621	-0.375801	-0.53935	-0.654444	-0.732076	-0.786421	-0.807413	-0.802336	-0.781991	-0.736016	-0.652576	-0.544524	-0.433994	-0.32133	-0.206959	-0.0974863	0.0089961	0.104663	0.177814	0.224484	0.236267	0.219598	0.170859	0.0977502	0.0238593	-0.0290913	-0.0519244	-0.0674368	-0.0792389	-0.0949556	-0.126906	-0.160927	-0.19538	-0.246413	-0.317944	-0.38225	-0.41337	-0.413737	-0.401489	-0.385726	-0.369023	-0.359237	-0.336722	-0.292474	-0.249685	-0.201819	-0.14005	-0.0735716	0	
0	-0.0146859	-0.0371665	-0.0621899	-0.0848705	-0.0855807	-0.0628717	-0.00938877	0.0624856	0.149277	0.231748	0.301925	0.350409	0.381651	0.409886	0.430795	0.444317	0.426821	0.387321	0.337132	0.295851	0.268591	0.243347	0.22342	0.213687	0.226298	0.25625	0.290211	0.318951	0.344647	0.379366	0.436165	0.512657	0.604171	0.679373	0.745042	0.796871	0.828729	0.839893	0.832222	0.8005	0.762073	0.713277	0.674454	0.647944	0.62251	0.57882	0.505092	0.393312	0.245117	0.0752001	-0.105686	-0.28231	-0.429728	-0.532171	-0.599171	-0.648983	-0.676088	-0.6893	-0.685539	-0.667092	-0.623945	-0.553537	-0.469565	-0.371473	-0.262325	-0.137615	-0.00894655	0.107426	0.200052	0.256921	0.276962	0.260556	0.207272	0.131364	0.0518575	-0.0071027	-0.0367129	-0.0457557	-0.0458211	-0.0605601	-0.0853972	-0.109487	-0.141584	-0.195271	-0.278585	-0.362605	-0.420479	-0.455569	-0.475751	-0.484372	-0.490018	-0.499723	-0.496146	-0.471899	-0.431121	-0.359235	-0.254767	-0.132178	0	
