0	0	0	0	0	0	0	0	0	0	0	0	0	0	0	0	0	0	0	0	0	0	0	0	0	0	0	0	0	0	0	0	0	0	0	0	0	0	0	0	0	0	0	0	0	0	0	0	0	0	0	0	0	0	0	0	0	0	0	0	0	0	0	0	0	0	0	0	0	0	0	0	0	0	0	0	0	0	0	0	0	0	0	0	0	0	0	0	0	0	0	0	0	0	0	0	0	0	0	0	
0	0.0267874	0.0492981	0.0662499	0.0727241	0.0721803	0.0645562	0.0548547	0.046462	0.0402035	0.0420112	0.0494998	0.0644932	0.0799035	0.0915325	0.0988557	0.101908	0.103706	0.0998101	0.0891839	0.0713211	0.0514043	0.0319712	0.0129359	-0.0073712	-0.0284888	-0.0525608	-0.0772732	-0.102833	-0.12828	-0.150998	-0.177319	-0.204155	-0.226675	-0.24473	-0.26	-0.272697	-0.280888	-0.27908	-0.271964	-0.259529	-0.243778	-0.223624	-0.201176	-0.178805	-0.158467	-0.138916	-0.118963	-0.0950244	-0.0671622	-0.0368753	-0.00357962	0.0308132	0.0588576	0.0769595	0.0889299	0.0924858	0.0855878	0.0731101	0.0562284	0.0280191	-0.00118511	-0.0285905	-0.0511213	-0.0667353	-0.0753061	-0.0816742	-0.0879229	-0.0903908	-0.0930904	-0.0914483	-0.0872922	-0.0790866	-0.0628022	-0.0416005	-0.0179694	0.00551252	0.0272775	0.0507216	0.0809347	0.110721	0.135212	0.158945	0.179046	0.192064	0.204312	0.213977	0.215512	0.212696	0.203952	0.191495	0.178162	0.160072	0.139346	0.116375	0.0936042	0.07205	0.0476514	0.0232788	0	
0	0.0492981	0.0914132	0.120797	0.131957	0.127727	0.110384	0.0903243	0.0706166	0.0591848	0.0605215	0.0754374	0.105395	0.133738	0.158544	0.170539	0.177097	0.179596	0.1712	0.149508	0.113746	0.0730022	0.0332632	-0.00521736	-0.0472665	-0.0895979	-0.136943	-0.184658	-0.233938	-0.278448	-0.321336	-0.367781	-0.414915	-0.455368	-0.486908	-0.508718	-0.531212	-0.54241	-0.535308	-0.520082	-0.498291	-0.466359	-0.430112	-0.388838	-0.351446	-0.31729	-0.284467	-0.246849	-0.205348	-0.155539	-0.0971428	-0.0283479	0.040729	0.098325	0.138477	0.168761	0.181846	0.173646	0.15577	0.126921	0.0776665	0.0222745	-0.0277598	-0.0710099	-0.100797	-0.116668	-0.131168	-0.142603	-0.150305	-0.156356	-0.154575	-0.148727	-0.132706	-0.103133	-0.0620367	-0.0170916	0.0269714	0.0679894	0.110982	0.167644	0.222419	0.268189	0.312171	0.348181	0.372319	0.392948	0.410315	0.413532	0.403204	0.383488	0.360744	0.335256	0.301511	0.261402	0.216119	0.175342	0.136116	0.0882252	0.0421715	0	
0	0.0662499	0.120797	0.158762	0.167624	0.155491	0.123857	0.0870907	0.0549569	0.0319271	0.0326786	0.0526291	0.0947008	0.138809	0.172514	0.192708	0.200339	0.203371	0.18956	0.155896	0.100951	0.039534	-0.0204003	-0.0780636	-0.138522	-0.199333	-0.266245	-0.33282	-0.398925	-0.461066	-0.513933	-0.573297	-0.63258	-0.679219	-0.712351	-0.737285	-0.757791	-0.767518	-0.75309	-0.727693	-0.692595	-0.652458	-0.604671	-0.554389	-0.508271	-0.469683	-0.43335	-0.394494	-0.341806	-0.273281	-0.191662	-0.0953151	0.00948899	0.101814	0.16998	0.223642	0.25458	0.256601	0.242064	0.212431	0.149434	0.0793697	0.011955	-0.0445647	-0.0833689	-0.104369	-0.121537	-0.139098	-0.148797	-0.159616	-0.159261	-0.152349	-0.134019	-0.0936073	-0.0387667	0.0222147	0.0816183	0.135132	0.19239	0.267347	0.340519	0.39894	0.453916	0.498517	0.524297	0.548103	0.566431	0.564221	0.550773	0.523311	0.487774	0.45142	0.404636	0.351188	0.291686	0.234505	0.180934	0.119096	0.0578691	0	
0	0.0727241	0.131957	0.167624	0.168579	0.140412	0.087984	0.0311013	-0.0216285	-0.0563523	-0.0625934	-0.0399053	0.0131099	0.0666102	0.112599	0.13583	0.147525	0.151058	0.134558	0.0929648	0.0245272	-0.05271	-0.127415	-0.198749	-0.272949	-0.346968	-0.426568	-0.504184	-0.58107	-0.646809	-0.704021	-0.765887	-0.826175	-0.87321	-0.903001	-0.918039	-0.93463	-0.936455	-0.910564	-0.875548	-0.834328	-0.784946	-0.734464	-0.68283	-0.642557	-0.61251	-0.586947	-0.552226	-0.503849	-0.432979	-0.337733	-0.213819	-0.0773118	0.0467619	0.146494	0.232251	0.291075	0.312847	0.315785	0.296457	0.236578	0.161778	0.0905896	0.0296617	-0.00994519	-0.027957	-0.0455194	-0.0613868	-0.0733492	-0.0852049	-0.0851929	-0.0788403	-0.0564301	-0.0105074	0.0554894	0.126197	0.192014	0.249453	0.307548	0.3873	0.463042	0.52103	0.57478	0.614232	0.633672	0.6511	0.66529	0.658095	0.632946	0.594906	0.55469	0.513288	0.460507	0.399086	0.329469	0.267222	0.208564	0.136049	0.0654727	0	
0	0.0721803	0.127727	0.155491	0.140412	0.0896658	0.0100694	-0.0761872	-0.153404	-0.208917	-0.225651	-0.204575	-0.146817	-0.0817487	-0.0296396	0.00159074	0.0153049	0.0222965	0.00580712	-0.0395806	-0.115768	-0.201366	-0.283146	-0.358208	-0.435505	-0.510547	-0.591211	-0.669679	-0.744622	-0.809043	-0.860428	-0.916788	-0.972852	-1.01211	-1.03129	-1.03791	-1.04395	-1.03752	-1.00304	-0.958879	-0.910487	-0.862854	-0.813511	-0.769384	-0.741056	-0.729768	-0.72416	-0.713923	-0.679614	-0.612966	-0.513566	-0.378256	-0.217803	-0.0622786	0.0685809	0.186284	0.275913	0.327446	0.356071	0.359072	0.313269	0.249527	0.186132	0.134788	0.106958	0.101739	0.0970341	0.0895896	0.0857967	0.0774784	0.080692	0.0895593	0.11196	0.161604	0.230101	0.301946	0.364501	0.41212	0.459784	0.527838	0.59107	0.633477	0.668677	0.690086	0.690076	0.691215	0.691967	0.672387	0.64179	0.599443	0.553017	0.510085	0.459083	0.399828	0.331347	0.268518	0.209846	0.137605	0.0663213	0	
0	0.0645562	0.110384	0.123857	0.087984	0.0100694	-0.101868	-0.220321	-0.327784	-0.405919	-0.437439	-0.421808	-0.36061	-0.290426	-0.229719	-0.195562	-0.176245	-0.166133	-0.178383	-0.220987	-0.296852	-0.381076	-0.458518	-0.528034	-0.594985	-0.661068	-0.730883	-0.797709	-0.861809	-0.913202	-0.950652	-0.995584	-1.03976	-1.06965	-1.07825	-1.07452	-1.07338	-1.06089	-1.02024	-0.973	-0.923345	-0.876079	-0.835975	-0.806131	-0.797958	-0.810822	-0.835392	-0.851238	-0.842173	-0.794855	-0.704057	-0.562605	-0.386187	-0.211071	-0.0541325	0.0930407	0.215527	0.298487	0.359117	0.391904	0.372669	0.331578	0.289342	0.260065	0.256573	0.275795	0.29315	0.305487	0.315077	0.317723	0.327116	0.33898	0.362696	0.409619	0.476193	0.540225	0.587672	0.615454	0.636562	0.677503	0.712575	0.724366	0.729841	0.720363	0.691931	0.671177	0.654899	0.622385	0.58084	0.532645	0.487879	0.448952	0.403272	0.350471	0.288642	0.234864	0.186605	0.123791	0.0603672	0	
0	0.0548547	0.0903243	0.0870907	0.0311013	-0.0761872	-0.220321	-0.372972	-0.511925	-0.613541	-0.662202	-0.651825	-0.591168	-0.514108	-0.448838	-0.407961	-0.385571	-0.369706	-0.376044	-0.413555	-0.48282	-0.560506	-0.628911	-0.683089	-0.734861	-0.781466	-0.830502	-0.877631	-0.920674	-0.950123	-0.969886	-0.995559	-1.02589	-1.04422	-1.04357	-1.03043	-1.02365	-1.00713	-0.965929	-0.917385	-0.872599	-0.835632	-0.805003	-0.789473	-0.802916	-0.844718	-0.898692	-0.948546	-0.968523	-0.942866	-0.864469	-0.728189	-0.548091	-0.358107	-0.182365	-0.0121827	0.135264	0.248091	0.340539	0.403686	0.416939	0.404879	0.392684	0.395273	0.42539	0.47909	0.52775	0.567697	0.598009	0.614423	0.631883	0.645376	0.664455	0.703347	0.756527	0.802542	0.825238	0.820196	0.807153	0.810295	0.807432	0.784715	0.753346	0.710006	0.653783	0.606774	0.569937	0.524564	0.474305	0.421659	0.374825	0.338384	0.302668	0.26141	0.211546	0.171321	0.136402	0.0877385	0.0408263	0	
0	0.046462	0.0706166	0.0549569	-0.0216285	-0.153404	-0.327784	-0.511925	-0.677686	-0.801336	-0.861481	-0.854891	-0.790557	-0.705708	-0.63122	-0.584283	-0.554491	-0.534686	-0.534616	-0.565061	-0.628296	-0.697083	-0.75298	-0.793452	-0.823327	-0.849075	-0.874817	-0.897937	-0.916899	-0.925839	-0.921634	-0.927768	-0.939902	-0.943783	-0.929371	-0.910675	-0.898063	-0.880875	-0.842633	-0.799532	-0.757914	-0.727781	-0.712091	-0.717752	-0.753558	-0.81931	-0.904486	-0.985339	-1.0339	-1.0324	-0.97179	-0.844192	-0.662427	-0.467085	-0.27956	-0.0962264	0.0702265	0.20672	0.323563	0.414778	0.457907	0.478265	0.498053	0.536491	0.606498	0.69744	0.78395	0.854429	0.906477	0.93762	0.957911	0.967649	0.974485	0.993401	1.02353	1.0406	1.02847	0.986594	0.933432	0.89585	0.85712	0.800137	0.737301	0.664934	0.582702	0.517253	0.464904	0.406389	0.349177	0.293724	0.245636	0.210829	0.180089	0.146637	0.108455	0.0822858	0.0675305	0.0454762	0.0218226	0	
0	0.0402035	0.0591848	0.0319271	-0.0563523	-0.208917	-0.405919	-0.613541	-0.801336	-0.936805	-1.00423	-0.993658	-0.921688	-0.824186	-0.737977	-0.679424	-0.64202	-0.61493	-0.606802	-0.630937	-0.684288	-0.745569	-0.792982	-0.820209	-0.837086	-0.846549	-0.852642	-0.856682	-0.8552	-0.83958	-0.817143	-0.801551	-0.795744	-0.785823	-0.763158	-0.73301	-0.713682	-0.691653	-0.654	-0.611416	-0.579588	-0.561942	-0.558389	-0.578371	-0.635816	-0.729685	-0.842917	-0.952604	-1.0293	-1.05176	-1.00622	-0.887248	-0.711248	-0.513472	-0.318737	-0.127032	0.0489873	0.199521	0.334363	0.442845	0.512127	0.557205	0.606091	0.678057	0.783659	0.912493	1.03311	1.13363	1.20477	1.24515	1.264	1.26125	1.24731	1.23821	1.23444	1.21519	1.16412	1.08099	0.989482	0.914069	0.842069	0.762171	0.677672	0.586864	0.495525	0.41873	0.356542	0.295788	0.232944	0.172463	0.122836	0.0878524	0.062824	0.0385488	0.0129634	0.00126728	0.000221397	-0.00469451	-0.00594401	0	
0	0.0420112	0.0605215	0.0326786	-0.0625934	-0.225651	-0.437439	-0.662202	-0.861481	-1.00423	-1.06887	-1.04828	-0.961725	-0.844878	-0.740233	-0.66565	-0.61473	-0.579759	-0.564222	-0.581562	-0.629866	-0.685974	-0.728212	-0.749883	-0.756738	-0.755289	-0.749714	-0.741601	-0.726516	-0.701202	-0.665968	-0.635966	-0.61611	-0.59182	-0.55412	-0.515842	-0.486031	-0.457014	-0.418463	-0.376514	-0.343092	-0.327547	-0.334562	-0.373584	-0.451047	-0.565498	-0.704964	-0.843809	-0.947165	-0.991341	-0.962684	-0.855612	-0.684341	-0.485943	-0.287699	-0.0949652	0.0835927	0.241895	0.381837	0.498134	0.57965	0.640648	0.707749	0.802516	0.936846	1.09299	1.24418	1.3677	1.45296	1.49888	1.50851	1.48833	1.44678	1.40283	1.36025	1.3013	1.21118	1.09221	0.969188	0.864253	0.772096	0.679299	0.584502	0.487588	0.393114	0.315376	0.252697	0.191984	0.133768	0.0801682	0.032892	0.000853388	-0.0184237	-0.0375516	-0.0553737	-0.0584338	-0.0454867	-0.0299587	-0.0163604	0	
0	0.0494998	0.0754374	0.0526291	-0.0399053	-0.204575	-0.421808	-0.651825	-0.854891	-0.993658	-1.04828	-1.01114	-0.904192	-0.765871	-0.63976	-0.546935	-0.481915	-0.43798	-0.413781	-0.425165	-0.465057	-0.517224	-0.556613	-0.577082	-0.58206	-0.579772	-0.571226	-0.560591	-0.541801	-0.510732	-0.470984	-0.433757	-0.405296	-0.373323	-0.331173	-0.284258	-0.242825	-0.201947	-0.154773	-0.104069	-0.0692036	-0.0537018	-0.064632	-0.110278	-0.201745	-0.336819	-0.501909	-0.665868	-0.796148	-0.865617	-0.854321	-0.758487	-0.595806	-0.401058	-0.20012	-0.00728316	0.170525	0.329093	0.468005	0.581652	0.665437	0.728279	0.799398	0.902105	1.04706	1.21652	1.3822	1.51728	1.60712	1.6509	1.64868	1.60858	1.54221	1.46809	1.39226	1.30218	1.183	1.0384	0.893508	0.768375	0.662189	0.564293	0.467705	0.371775	0.285608	0.214601	0.158012	0.109374	0.0603344	0.0147269	-0.0223119	-0.0448627	-0.0546863	-0.0631908	-0.06896	-0.066253	-0.053601	-0.0368522	-0.0210343	0	
0	0.0644932	0.105395	0.0947008	0.0131099	-0.146817	-0.36061	-0.591168	-0.790557	-0.921688	-0.961725	-0.904192	-0.775467	-0.611853	-0.463634	-0.349334	-0.269911	-0.21693	-0.187149	-0.194714	-0.231109	-0.281465	-0.32346	-0.344847	-0.352659	-0.350775	-0.343241	-0.334614	-0.318348	-0.290768	-0.257667	-0.22121	-0.192652	-0.157333	-0.111975	-0.0607151	-0.0108001	0.0399574	0.0944589	0.15427	0.200419	0.225882	0.220309	0.171396	0.0726416	-0.0749063	-0.256515	-0.442951	-0.598609	-0.690936	-0.698747	-0.617352	-0.466673	-0.274493	-0.0731534	0.117756	0.292147	0.448875	0.58174	0.684819	0.759762	0.811587	0.871194	0.963247	1.09899	1.26172	1.42526	1.55661	1.64203	1.67853	1.66348	1.60828	1.5239	1.43127	1.33417	1.22614	1.09394	0.938112	0.786064	0.653304	0.542516	0.447133	0.353231	0.26198	0.185656	0.122493	0.0749273	0.0409275	0.00908703	-0.0172138	-0.0372949	-0.0450298	-0.0423314	-0.0432175	-0.043069	-0.0394916	-0.0292079	-0.0152013	-0.00852583	0	
0	0.0799035	0.133738	0.138809	0.0666102	-0.0817487	-0.290426	-0.514108	-0.705708	-0.824186	-0.844878	-0.765871	-0.611853	-0.426007	-0.253561	-0.121721	-0.0274494	0.0319027	0.0652783	0.0605525	0.0281051	-0.0221952	-0.0638503	-0.0916015	-0.103035	-0.106159	-0.104627	-0.10147	-0.0894149	-0.0701915	-0.0429227	-0.0121899	0.0124987	0.0449099	0.0860541	0.133542	0.186675	0.245073	0.306864	0.375246	0.429373	0.468402	0.469962	0.426089	0.327491	0.177729	-0.0160467	-0.21767	-0.393002	-0.507006	-0.532531	-0.466812	-0.327416	-0.142878	0.0585696	0.248239	0.420042	0.575352	0.699724	0.792056	0.851818	0.884809	0.921663	0.986029	1.09423	1.22921	1.37053	1.48198	1.55009	1.57427	1.5473	1.48314	1.39584	1.30104	1.20258	1.0979	0.970413	0.822227	0.67561	0.543571	0.435383	0.343044	0.254021	0.171747	0.106517	0.0552342	0.0213903	0.00363556	-0.0104003	-0.0187621	-0.0232031	-0.0173497	-0.00462347	0.00165328	0.00702376	0.00738237	0.00870523	0.0123098	0.00499	0	
0	0.0915325	0.158544	0.172514	0.112599	-0.0296396	-0.229719	-0.448838	-0.63122	-0.737977	-0.740233	-0.63976	-0.463634	-0.253561	-0.0613735	0.0922425	0.1988	0.266007	0.302284	0.298609	0.26815	0.220147	0.172868	0.142535	0.124043	0.115477	0.112822	0.11084	0.115578	0.129788	0.145929	0.168411	0.187585	0.215848	0.248562	0.290139	0.342759	0.401143	0.464428	0.536207	0.597793	0.642629	0.65368	0.617429	0.525029	0.373295	0.17717	-0.0301544	-0.218388	-0.346865	-0.386671	-0.331098	-0.205039	-0.0255461	0.17523	0.363797	0.53366	0.684332	0.802374	0.880032	0.921398	0.929858	0.934618	0.962186	1.0263	1.1203	1.22512	1.30395	1.35063	1.35931	1.32533	1.26286	1.18412	1.1055	1.02248	0.935828	0.831705	0.703379	0.573711	0.455018	0.353377	0.270089	0.191275	0.118057	0.067225	0.0271571	0.00305486	0.00167145	0.00182044	0.00432787	0.0121924	0.0264732	0.0393308	0.0442971	0.0510529	0.0470589	0.0371772	0.0308283	0.0150694	0	
0	0.0988557	0.170539	0.192708	0.13583	0.00159074	-0.195562	-0.407961	-0.584283	-0.679424	-0.66565	-0.546935	-0.349334	-0.121721	0.0922425	0.261692	0.382413	0.456806	0.49407	0.492894	0.465868	0.418159	0.373064	0.336667	0.313834	0.302266	0.293395	0.286715	0.28811	0.292824	0.300766	0.315451	0.327708	0.350995	0.377324	0.41095	0.456993	0.514342	0.5758	0.644137	0.703106	0.7572	0.772539	0.73784	0.645758	0.499804	0.305073	0.0950684	-0.0981167	-0.23404	-0.279609	-0.231968	-0.11061	0.065496	0.266685	0.45516	0.621113	0.767494	0.873136	0.93475	0.951816	0.930463	0.9002	0.881864	0.897067	0.942245	1.00321	1.04754	1.06936	1.06627	1.03132	0.977177	0.920971	0.869452	0.81507	0.761752	0.690187	0.595471	0.494035	0.394753	0.310201	0.238911	0.171628	0.114216	0.0747738	0.0433917	0.0288375	0.0325967	0.0374551	0.0452275	0.0534135	0.0646853	0.0727085	0.0710239	0.0702014	0.0610386	0.0497084	0.0390325	0.0167578	0	
0	0.101908	0.177097	0.200339	0.147525	0.0153049	-0.176245	-0.385571	-0.554491	-0.64202	-0.61473	-0.481915	-0.269911	-0.0274494	0.1988	0.382413	0.511871	0.590378	0.627722	0.627171	0.601778	0.560795	0.514826	0.478867	0.453197	0.437528	0.426372	0.416866	0.413087	0.414404	0.41562	0.421815	0.430205	0.449192	0.467306	0.490557	0.532327	0.585552	0.644845	0.709102	0.768568	0.816978	0.830043	0.797519	0.709803	0.561617	0.366276	0.158784	-0.0354966	-0.172435	-0.218546	-0.166891	-0.0454437	0.133239	0.339292	0.53097	0.694926	0.829914	0.920141	0.95776	0.942629	0.88536	0.812537	0.746939	0.709569	0.706247	0.725543	0.736725	0.740577	0.729908	0.698855	0.661064	0.630465	0.613026	0.595514	0.579717	0.552508	0.500702	0.436423	0.371662	0.310095	0.256264	0.20706	0.162423	0.132294	0.104553	0.0876553	0.0895072	0.0878939	0.0834977	0.0842373	0.0879836	0.082168	0.0720304	0.0722749	0.0624498	0.0436775	0.0304308	0.0141908	0	
0	0.103706	0.179596	0.203371	0.151058	0.0222965	-0.166133	-0.369706	-0.534686	-0.61493	-0.579759	-0.43798	-0.21693	0.0319027	0.266007	0.456806	0.590378	0.670262	0.70196	0.69781	0.671805	0.630696	0.586905	0.548636	0.521233	0.506373	0.495356	0.487093	0.484935	0.48345	0.479836	0.479179	0.482655	0.498255	0.511813	0.53003	0.565552	0.615011	0.671978	0.729487	0.78203	0.831965	0.848518	0.812668	0.719466	0.570591	0.378195	0.171016	-0.0204616	-0.154619	-0.195367	-0.137403	-0.00491996	0.185153	0.402075	0.601678	0.765242	0.88955	0.958991	0.96572	0.909652	0.808055	0.688442	0.572223	0.483667	0.436548	0.41848	0.405988	0.398315	0.385364	0.363288	0.340523	0.335658	0.349854	0.366808	0.391725	0.410137	0.409145	0.395005	0.37415	0.349258	0.321737	0.292336	0.262905	0.235297	0.200874	0.172108	0.15499	0.133987	0.11436	0.102927	0.0944003	0.0775599	0.0596556	0.0536242	0.0457975	0.0343356	0.0215389	0.00567455	0	
0	0.0998101	0.1712	0.18956	0.134558	0.00580712	-0.178383	-0.376044	-0.534616	-0.606802	-0.564222	-0.413781	-0.187149	0.0652783	0.302284	0.49407	0.627722	0.70196	0.723463	0.710644	0.677641	0.636451	0.591367	0.551437	0.522014	0.505299	0.494348	0.487541	0.486722	0.487838	0.484581	0.482994	0.487496	0.502809	0.514078	0.525424	0.553291	0.600844	0.656727	0.711125	0.763688	0.81019	0.821144	0.785168	0.69466	0.545891	0.353525	0.148128	-0.041453	-0.172575	-0.206246	-0.136373	0.00862895	0.211948	0.443654	0.658334	0.82658	0.941368	0.990994	0.966061	0.8685	0.720916	0.555356	0.391109	0.257875	0.173037	0.124836	0.0960998	0.0808267	0.0685321	0.0519045	0.0402382	0.0528195	0.0891724	0.136649	0.196523	0.261015	0.314987	0.356353	0.389735	0.407273	0.409176	0.402716	0.386852	0.35881	0.314107	0.270016	0.233219	0.187948	0.144009	0.11532	0.0927736	0.0630454	0.0378991	0.0318495	0.0286725	0.0181597	0.00746638	0.000682352	0	
0	0.0891839	0.149508	0.155896	0.0929648	-0.0395806	-0.220987	-0.413555	-0.565061	-0.630937	-0.581562	-0.425165	-0.194714	0.0605525	0.298609	0.492894	0.627171	0.69781	0.710644	0.687158	0.644892	0.598661	0.548308	0.501744	0.466842	0.444911	0.433626	0.428725	0.431855	0.436173	0.436719	0.433581	0.440439	0.458169	0.472892	0.483258	0.511665	0.556721	0.611863	0.66117	0.709908	0.752136	0.767864	0.733434	0.641672	0.49233	0.302822	0.10043	-0.0832602	-0.208742	-0.239436	-0.164297	-0.00688434	0.209571	0.455163	0.682044	0.857902	0.967915	1.00338	0.953392	0.82038	0.636594	0.431969	0.230428	0.0615817	-0.0537266	-0.12446	-0.165421	-0.183636	-0.195141	-0.20737	-0.211074	-0.18909	-0.138611	-0.0709261	0.0135087	0.112951	0.212201	0.30359	0.386818	0.4469	0.480432	0.499249	0.500586	0.47701	0.42917	0.37186	0.313472	0.247425	0.185122	0.141767	0.104604	0.0601776	0.0249435	0.0134193	0.0109779	0.00247968	-0.00856033	-0.0105597	0	
0	0.0713211	0.113746	0.100951	0.0245272	-0.115768	-0.296852	-0.48282	-0.628296	-0.684288	-0.629866	-0.465057	-0.231109	0.0281051	0.26815	0.465868	0.601778	0.671805	0.677641	0.644892	0.595642	0.544376	0.491484	0.440385	0.398028	0.369626	0.352869	0.343886	0.345284	0.35133	0.351562	0.351869	0.363074	0.386592	0.407272	0.423123	0.448493	0.496444	0.554476	0.606047	0.654051	0.695654	0.709924	0.67412	0.584071	0.437904	0.254982	0.0556228	-0.124461	-0.250521	-0.279084	-0.201513	-0.0424818	0.174261	0.421271	0.655636	0.834395	0.940579	0.967825	0.902413	0.753007	0.548507	0.325061	0.103191	-0.0863301	-0.220788	-0.310497	-0.358916	-0.38131	-0.392614	-0.400525	-0.399194	-0.37028	-0.311561	-0.231934	-0.133494	-0.0151571	0.111655	0.238	0.355285	0.444762	0.503703	0.544148	0.565136	0.554394	0.512618	0.459772	0.399332	0.320642	0.244911	0.190784	0.139755	0.0818071	0.0327754	0.0088668	0.00441797	-0.00217423	-0.0137027	-0.0140623	0	
0	0.0514043	0.0730022	0.039534	-0.05271	-0.201366	-0.381076	-0.560506	-0.697083	-0.745569	-0.685974	-0.517224	-0.281465	-0.0221952	0.220147	0.418159	0.560795	0.630696	0.636451	0.598661	0.544376	0.492191	0.438776	0.383743	0.33784	0.300923	0.27885	0.265651	0.26358	0.266993	0.26654	0.263362	0.274067	0.299234	0.327667	0.347869	0.379731	0.434979	0.498655	0.555246	0.607697	0.650074	0.666361	0.636529	0.549662	0.407832	0.2248	0.0285061	-0.147633	-0.270611	-0.305644	-0.239748	-0.0894269	0.116559	0.354031	0.579064	0.752853	0.854373	0.876978	0.808386	0.657337	0.453972	0.230853	0.00769055	-0.185306	-0.332683	-0.434428	-0.490873	-0.518334	-0.526835	-0.530435	-0.518628	-0.480522	-0.415209	-0.326688	-0.226597	-0.108208	0.0244959	0.160194	0.289902	0.393795	0.466559	0.525231	0.568398	0.579355	0.55934	0.52047	0.465205	0.390319	0.315709	0.256555	0.197119	0.131053	0.0732352	0.0413976	0.0293783	0.0129851	-0.00646322	-0.011069	0	
0	0.0319712	0.0332632	-0.0204003	-0.127415	-0.283146	-0.458518	-0.628911	-0.75298	-0.792982	-0.728212	-0.556613	-0.32346	-0.0638503	0.172868	0.373064	0.514826	0.586905	0.591367	0.548308	0.491484	0.438776	0.387301	0.336106	0.287915	0.248914	0.223803	0.20607	0.200931	0.201301	0.195685	0.189156	0.19532	0.218901	0.249598	0.274083	0.309422	0.369033	0.441161	0.510977	0.573184	0.621902	0.650842	0.628534	0.548043	0.410683	0.235938	0.0421291	-0.134519	-0.266493	-0.315126	-0.266428	-0.138054	0.0433797	0.255129	0.462417	0.624124	0.719963	0.741207	0.676752	0.539663	0.352821	0.14641	-0.0601016	-0.244157	-0.393497	-0.501679	-0.565107	-0.595148	-0.60288	-0.599524	-0.57658	-0.531232	-0.458475	-0.369328	-0.275835	-0.16997	-0.0514588	0.0789009	0.203297	0.305454	0.386401	0.456169	0.51655	0.552409	0.558689	0.544732	0.508778	0.444812	0.379156	0.327809	0.272368	0.205956	0.141264	0.101179	0.082608	0.058342	0.0264699	0.00462653	0	
0	0.0129359	-0.00521736	-0.0780636	-0.198749	-0.358208	-0.528034	-0.683089	-0.793452	-0.820209	-0.749883	-0.577082	-0.344847	-0.0916015	0.142535	0.336667	0.478867	0.548636	0.551437	0.501744	0.440385	0.383743	0.336106	0.286123	0.241613	0.201709	0.176611	0.159705	0.153596	0.154123	0.146842	0.137047	0.13788	0.156813	0.185398	0.211491	0.245489	0.308716	0.385998	0.467697	0.540863	0.606642	0.647338	0.640898	0.576028	0.454909	0.284588	0.0920616	-0.0893639	-0.232801	-0.303264	-0.287762	-0.194655	-0.0492924	0.132394	0.313596	0.462036	0.555375	0.581067	0.5283	0.413741	0.251987	0.0717974	-0.108469	-0.272544	-0.413243	-0.519342	-0.581286	-0.612077	-0.615873	-0.607265	-0.580315	-0.531808	-0.46348	-0.382167	-0.302912	-0.221641	-0.123618	-0.00886758	0.102234	0.198713	0.279146	0.354379	0.428706	0.487675	0.521433	0.534015	0.523537	0.482539	0.436741	0.398086	0.350045	0.291207	0.228629	0.181313	0.149776	0.113471	0.0677026	0.0248933	0	
0	-0.0073712	-0.0472665	-0.138522	-0.272949	-0.435505	-0.594985	-0.734861	-0.823327	-0.837086	-0.756738	-0.58206	-0.352659	-0.103035	0.124043	0.313834	0.453197	0.521233	0.522014	0.466842	0.398028	0.33784	0.287915	0.241613	0.196431	0.157477	0.132272	0.1159	0.113357	0.116397	0.111091	0.104448	0.102041	0.11727	0.145959	0.168998	0.203591	0.2653	0.342771	0.433183	0.518497	0.593861	0.651397	0.666314	0.620644	0.514745	0.355836	0.167864	-0.0215304	-0.182632	-0.285762	-0.312231	-0.266127	-0.161722	-0.017365	0.138017	0.27595	0.376457	0.41362	0.380293	0.292689	0.159531	0.00824794	-0.142255	-0.278471	-0.402546	-0.492425	-0.545877	-0.569076	-0.56643	-0.557844	-0.533077	-0.496492	-0.443251	-0.382013	-0.326856	-0.271278	-0.199403	-0.102248	-0.00610063	0.0798998	0.158695	0.232431	0.312592	0.393229	0.456377	0.499811	0.519005	0.508493	0.489491	0.465874	0.430273	0.378505	0.310772	0.256543	0.212974	0.159035	0.0999458	0.043143	0	
0	-0.0284888	-0.0895979	-0.199333	-0.346968	-0.510547	-0.661068	-0.781466	-0.849075	-0.846549	-0.755289	-0.579772	-0.350775	-0.106159	0.115477	0.302266	0.437528	0.506373	0.505299	0.444911	0.369626	0.300923	0.248914	0.201709	0.157477	0.117425	0.0908209	0.0752691	0.0734239	0.0786284	0.0782658	0.0739459	0.0739633	0.091252	0.119432	0.147262	0.185619	0.243838	0.322633	0.418783	0.509585	0.597388	0.668875	0.696718	0.669015	0.580696	0.432255	0.247155	0.0495703	-0.134349	-0.27193	-0.34301	-0.346346	-0.289719	-0.181567	-0.0507955	0.0826557	0.193501	0.248464	0.238401	0.178995	0.075473	-0.0484107	-0.165148	-0.272116	-0.367885	-0.433442	-0.46929	-0.477473	-0.46831	-0.45884	-0.447171	-0.430218	-0.403063	-0.373895	-0.346833	-0.322679	-0.276686	-0.198188	-0.117909	-0.0414707	0.0314919	0.101866	0.183328	0.278924	0.368875	0.443203	0.498347	0.522254	0.530151	0.527826	0.504283	0.45438	0.384059	0.317705	0.254828	0.191445	0.125433	0.0539418	0	
0	-0.0525608	-0.136943	-0.266245	-0.426568	-0.591211	-0.730883	-0.830502	-0.874817	-0.852642	-0.749714	-0.571226	-0.343241	-0.104627	0.112822	0.293395	0.426372	0.495356	0.494348	0.433626	0.352869	0.27885	0.223803	0.176611	0.132272	0.0908209	0.0609975	0.0426011	0.0401763	0.0462417	0.0474965	0.0490695	0.052241	0.0708243	0.103671	0.137902	0.181972	0.246191	0.3291	0.430703	0.531417	0.628149	0.703482	0.741085	0.72395	0.64228	0.496217	0.306254	0.0917422	-0.113061	-0.280365	-0.394159	-0.446253	-0.427093	-0.347238	-0.235782	-0.106944	0.0171976	0.0926209	0.106872	0.0764014	0.00192031	-0.0892628	-0.172343	-0.245804	-0.310389	-0.35068	-0.368516	-0.3659	-0.350039	-0.343301	-0.345101	-0.347442	-0.34783	-0.349984	-0.354082	-0.360468	-0.343046	-0.288136	-0.223795	-0.157982	-0.0914808	-0.0284919	0.0518682	0.160617	0.269192	0.367588	0.453612	0.511369	0.546872	0.559179	0.549095	0.512345	0.44369	0.370956	0.297801	0.221179	0.14655	0.0685354	0	
0	-0.0772732	-0.184658	-0.33282	-0.504184	-0.669679	-0.797709	-0.877631	-0.897937	-0.856682	-0.741601	-0.560591	-0.334614	-0.10147	0.11084	0.286715	0.416866	0.487093	0.487541	0.428725	0.343886	0.265651	0.20607	0.159705	0.1159	0.0752691	0.0426011	0.0224981	0.0183279	0.0225604	0.0256774	0.0287186	0.0339393	0.055162	0.0901924	0.131197	0.189291	0.260866	0.352802	0.464221	0.576616	0.682001	0.764877	0.805075	0.786842	0.698645	0.540724	0.334989	0.0999578	-0.131139	-0.331544	-0.476605	-0.557627	-0.563697	-0.504175	-0.404123	-0.274063	-0.138795	-0.0469794	-0.0105535	-0.0157132	-0.0586726	-0.115308	-0.161938	-0.201406	-0.235987	-0.255329	-0.264195	-0.256993	-0.23982	-0.235341	-0.244939	-0.259044	-0.27808	-0.306689	-0.340632	-0.377972	-0.391658	-0.365006	-0.318121	-0.259756	-0.196858	-0.136973	-0.0605408	0.0488504	0.166649	0.276083	0.375433	0.454089	0.512069	0.548239	0.560734	0.540518	0.488429	0.424919	0.347777	0.263911	0.180621	0.0883637	0	
0	-0.102833	-0.233938	-0.398925	-0.58107	-0.744622	-0.861809	-0.920674	-0.916899	-0.8552	-0.726516	-0.541801	-0.318348	-0.0894149	0.115578	0.28811	0.413087	0.484935	0.486722	0.431855	0.345284	0.26358	0.200931	0.153596	0.113357	0.0734239	0.0401763	0.0183279	0.0124228	0.0140308	0.018617	0.0213375	0.0306975	0.0531418	0.0900973	0.138614	0.207738	0.289267	0.394412	0.515032	0.642967	0.760433	0.848251	0.883969	0.85911	0.753706	0.576845	0.341486	0.0726831	-0.191514	-0.414275	-0.581495	-0.685704	-0.707099	-0.651331	-0.550413	-0.417554	-0.273467	-0.164065	-0.10601	-0.0879048	-0.100164	-0.121943	-0.133395	-0.143606	-0.152356	-0.160709	-0.169712	-0.166466	-0.154711	-0.151469	-0.163536	-0.179663	-0.205792	-0.250708	-0.306924	-0.369674	-0.412587	-0.414126	-0.38328	-0.332513	-0.274542	-0.218535	-0.148415	-0.0485272	0.0583943	0.161915	0.267502	0.358119	0.428392	0.486748	0.529941	0.541757	0.517945	0.470491	0.400152	0.314744	0.221402	0.11383	0	
0	-0.12828	-0.278448	-0.461066	-0.646809	-0.809043	-0.913202	-0.950123	-0.925839	-0.83958	-0.701202	-0.510732	-0.290768	-0.0701915	0.129788	0.292824	0.414404	0.48345	0.487838	0.436173	0.35133	0.266993	0.201301	0.154123	0.116397	0.0786284	0.0462417	0.0225604	0.0140308	0.0167977	0.0196742	0.0258434	0.0397205	0.0641836	0.102248	0.158511	0.235606	0.332183	0.448245	0.578812	0.718208	0.845067	0.932985	0.964914	0.925315	0.798775	0.59364	0.32612	0.0263782	-0.264933	-0.513393	-0.70103	-0.816265	-0.84217	-0.787082	-0.68261	-0.539913	-0.381224	-0.248007	-0.166372	-0.122971	-0.108987	-0.100977	-0.0903038	-0.081856	-0.0757929	-0.0840171	-0.097126	-0.105395	-0.100333	-0.100065	-0.111083	-0.121499	-0.146827	-0.192896	-0.258152	-0.332683	-0.393489	-0.420031	-0.40611	-0.366545	-0.320355	-0.277783	-0.222599	-0.14008	-0.0511431	0.0388693	0.137594	0.231089	0.316427	0.396576	0.463445	0.507144	0.517662	0.493958	0.438395	0.354884	0.252617	0.133593	0	
0	-0.150998	-0.321336	-0.513933	-0.704021	-0.860428	-0.950652	-0.969886	-0.921634	-0.817143	-0.665968	-0.470984	-0.257667	-0.0429227	0.145929	0.300766	0.41562	0.479836	0.484581	0.436719	0.351562	0.26654	0.195685	0.146842	0.111091	0.0782658	0.0474965	0.0256774	0.018617	0.0196742	0.0247728	0.0331854	0.0502148	0.0796494	0.123262	0.183663	0.272915	0.383498	0.508491	0.644451	0.791385	0.918593	1.00312	1.02125	0.961729	0.811131	0.582039	0.28816	-0.0343749	-0.348341	-0.612027	-0.807225	-0.930236	-0.965912	-0.91429	-0.799789	-0.644254	-0.464689	-0.301104	-0.183885	-0.113007	-0.0748692	-0.0493411	-0.0324243	-0.0194388	-0.0153422	-0.0282812	-0.0514083	-0.0700424	-0.0738616	-0.0795743	-0.0866627	-0.093563	-0.109792	-0.145871	-0.205368	-0.273572	-0.338797	-0.379768	-0.384008	-0.363832	-0.339185	-0.316707	-0.281744	-0.227325	-0.160398	-0.0816877	0.00930486	0.0998662	0.188055	0.282764	0.372701	0.439532	0.475299	0.477455	0.440021	0.363108	0.262748	0.142966	0	
0	-0.177319	-0.367781	-0.573297	-0.765887	-0.916788	-0.995584	-0.995559	-0.927768	-0.801551	-0.635966	-0.433757	-0.22121	-0.0121899	0.168411	0.315451	0.421815	0.479179	0.482994	0.433581	0.351869	0.263362	0.189156	0.137047	0.104448	0.0739459	0.0490695	0.0287186	0.0213375	0.0258434	0.0331854	0.044491	0.0717941	0.108672	0.156442	0.225603	0.322002	0.443285	0.575769	0.714591	0.856282	0.976899	1.04824	1.04597	0.959313	0.783854	0.532819	0.222458	-0.110819	-0.432902	-0.699159	-0.899209	-1.02846	-1.07442	-1.02551	-0.907683	-0.739184	-0.536387	-0.33372	-0.176309	-0.0725055	-0.0105377	0.02586	0.0425679	0.048394	0.0435693	0.0174835	-0.01749	-0.0500857	-0.0686394	-0.0820012	-0.0901317	-0.0920473	-0.0966468	-0.114477	-0.153932	-0.20513	-0.261688	-0.308446	-0.329132	-0.332857	-0.33766	-0.341568	-0.330151	-0.299013	-0.253849	-0.189129	-0.10199	-0.0181335	0.0649634	0.162675	0.254743	0.330479	0.384762	0.407495	0.393765	0.336616	0.245312	0.132086	0	
0	-0.204155	-0.414915	-0.63258	-0.826175	-0.972852	-1.03976	-1.02589	-0.939902	-0.795744	-0.61611	-0.405296	-0.192652	0.0124987	0.187585	0.327708	0.430205	0.482655	0.487496	0.440439	0.363074	0.274067	0.19532	0.13788	0.102041	0.0739633	0.052241	0.0339393	0.0306975	0.0397205	0.0502148	0.0717941	0.106971	0.153428	0.213189	0.287146	0.388304	0.520911	0.654131	0.786625	0.915392	1.01745	1.06461	1.03452	0.919095	0.723566	0.455899	0.137162	-0.196633	-0.513302	-0.778136	-0.976183	-1.1054	-1.15619	-1.11489	-0.994781	-0.813745	-0.589006	-0.355106	-0.163332	-0.0278733	0.0549561	0.101561	0.1176	0.118746	0.100527	0.059918	0.00862712	-0.0428151	-0.0777114	-0.100635	-0.104035	-0.0968839	-0.0844126	-0.0803142	-0.100054	-0.134952	-0.184853	-0.234823	-0.272014	-0.297924	-0.323697	-0.349276	-0.357445	-0.347224	-0.319804	-0.264393	-0.19126	-0.122999	-0.0482557	0.0373443	0.119034	0.193752	0.25157	0.288973	0.296979	0.26082	0.193184	0.105155	0	
0	-0.226675	-0.455368	-0.679219	-0.87321	-1.01211	-1.06965	-1.04422	-0.943783	-0.785823	-0.59182	-0.373323	-0.157333	0.0449099	0.215848	0.350995	0.449192	0.498255	0.502809	0.458169	0.386592	0.299234	0.218901	0.156813	0.11727	0.091252	0.0708243	0.055162	0.0531418	0.0641836	0.0796494	0.108672	0.153428	0.216282	0.288334	0.370588	0.47981	0.615309	0.743448	0.865579	0.966997	1.04048	1.06046	1.00396	0.862943	0.649771	0.371459	0.0576865	-0.265828	-0.575509	-0.834078	-1.02415	-1.14967	-1.20438	-1.16582	-1.0412	-0.853513	-0.618191	-0.371091	-0.159664	-0.00471369	0.0931807	0.1496	0.173437	0.177835	0.15239	0.101401	0.0335381	-0.0374182	-0.0908258	-0.1207	-0.118222	-0.0972755	-0.0658401	-0.0437395	-0.0471143	-0.0758316	-0.122078	-0.171198	-0.219157	-0.25798	-0.296279	-0.332981	-0.356194	-0.369329	-0.363844	-0.324627	-0.265634	-0.213049	-0.154179	-0.0815147	-0.0147021	0.038989	0.0861506	0.132982	0.156855	0.143423	0.10628	0.0540138	0	
0	-0.24473	-0.486908	-0.712351	-0.903001	-1.03129	-1.07825	-1.04357	-0.929371	-0.763158	-0.55412	-0.331173	-0.111975	0.0860541	0.248562	0.377324	0.467306	0.511813	0.514078	0.472892	0.407272	0.327667	0.249598	0.185398	0.145959	0.119432	0.103671	0.0901924	0.0900973	0.102248	0.123262	0.156442	0.213189	0.288334	0.375622	0.463541	0.576184	0.705311	0.827833	0.930353	1.00426	1.04573	1.03552	0.948994	0.788392	0.566814	0.291372	-0.0119959	-0.325902	-0.620356	-0.865609	-1.04693	-1.16492	-1.21052	-1.16539	-1.04118	-0.851321	-0.614641	-0.368739	-0.155337	0.005936	0.11254	0.173767	0.208647	0.217841	0.190723	0.135797	0.0554691	-0.0298261	-0.0990924	-0.136052	-0.130539	-0.0984031	-0.0515869	-0.0147318	-0.00567792	-0.0294201	-0.0718165	-0.117323	-0.166523	-0.21086	-0.252247	-0.293648	-0.331841	-0.363454	-0.381286	-0.369338	-0.332879	-0.297528	-0.254651	-0.201457	-0.153441	-0.11816	-0.0896141	-0.0486647	-0.0120652	0.00332041	0.00400686	-0.0036311	0	
0	-0.26	-0.508718	-0.737285	-0.918039	-1.03791	-1.07452	-1.03043	-0.910675	-0.73301	-0.515842	-0.284258	-0.0607151	0.133542	0.290139	0.41095	0.490557	0.53003	0.525424	0.483258	0.423123	0.347869	0.274083	0.211491	0.168998	0.147262	0.137902	0.131197	0.138614	0.158511	0.183663	0.225603	0.287146	0.370588	0.463541	0.554004	0.660402	0.778884	0.8885	0.969861	1.01108	1.01978	0.983451	0.879989	0.713428	0.489613	0.217935	-0.0755485	-0.372545	-0.64823	-0.879434	-1.04386	-1.14278	-1.17163	-1.1229	-1.00057	-0.814334	-0.587206	-0.354659	-0.150737	0.0136962	0.120077	0.183344	0.224056	0.235838	0.214357	0.163097	0.0864795	-0.00187491	-0.0790507	-0.12524	-0.131859	-0.102039	-0.0541409	-0.0128667	0.00713847	-0.00810438	-0.040203	-0.0731291	-0.117324	-0.160138	-0.19467	-0.234474	-0.280296	-0.326547	-0.369219	-0.387761	-0.386494	-0.382456	-0.360745	-0.328514	-0.301744	-0.28383	-0.265279	-0.224862	-0.179699	-0.141612	-0.105841	-0.0665851	0	
0	-0.272697	-0.531212	-0.757791	-0.93463	-1.04395	-1.07338	-1.02365	-0.898063	-0.713682	-0.486031	-0.242825	-0.0108001	0.186675	0.342759	0.456993	0.532327	0.565552	0.553291	0.511665	0.448493	0.379731	0.309422	0.245489	0.203591	0.185619	0.181972	0.189291	0.207738	0.235606	0.272915	0.322002	0.388304	0.47981	0.576184	0.660402	0.750805	0.842517	0.924556	0.97556	0.990812	0.977082	0.924409	0.814759	0.65022	0.427518	0.164564	-0.116418	-0.400108	-0.661029	-0.871601	-1.01389	-1.09304	-1.1051	-1.05052	-0.935956	-0.767133	-0.556957	-0.343008	-0.148254	0.0130834	0.118579	0.182847	0.224735	0.240713	0.228814	0.194776	0.134272	0.0558074	-0.0199526	-0.0812295	-0.111735	-0.102008	-0.0697456	-0.0337797	-0.00902812	-0.0127418	-0.0277357	-0.0448778	-0.0763723	-0.111144	-0.139686	-0.171001	-0.214273	-0.268193	-0.328212	-0.381724	-0.421836	-0.450867	-0.46259	-0.457369	-0.445836	-0.445313	-0.440802	-0.400343	-0.342234	-0.279672	-0.206284	-0.117913	0	
0	-0.280888	-0.54241	-0.767518	-0.936455	-1.03752	-1.06089	-1.00713	-0.880875	-0.691653	-0.457014	-0.201947	0.0399574	0.245073	0.401143	0.514342	0.585552	0.615011	0.600844	0.556721	0.496444	0.434979	0.369033	0.308716	0.2653	0.243838	0.246191	0.260866	0.289267	0.332183	0.383498	0.443285	0.520911	0.615309	0.705311	0.778884	0.842517	0.898051	0.948137	0.971174	0.960587	0.924856	0.862569	0.75833	0.604165	0.39396	0.148188	-0.122267	-0.393887	-0.636388	-0.823352	-0.947287	-1.00906	-1.00926	-0.956606	-0.860535	-0.713483	-0.524776	-0.331173	-0.151743	0.00144262	0.104365	0.169602	0.214	0.237095	0.243944	0.231559	0.192241	0.128737	0.0572806	-0.0169693	-0.0727682	-0.0870897	-0.0749689	-0.0510811	-0.0294093	-0.0233729	-0.0250627	-0.0296243	-0.0461965	-0.0741282	-0.0976734	-0.123805	-0.164188	-0.211458	-0.27724	-0.356472	-0.427147	-0.491006	-0.540366	-0.567372	-0.58212	-0.595557	-0.598641	-0.565395	-0.496119	-0.407223	-0.301178	-0.167184	0	
0	-0.27908	-0.535308	-0.75309	-0.910564	-1.00304	-1.02024	-0.965929	-0.842633	-0.654	-0.418463	-0.154773	0.0944589	0.306864	0.464428	0.5758	0.644845	0.671978	0.656727	0.611863	0.554476	0.498655	0.441161	0.385998	0.342771	0.322633	0.3291	0.352802	0.394412	0.448245	0.508491	0.575769	0.654131	0.743448	0.827833	0.8885	0.924556	0.948137	0.963411	0.95349	0.923516	0.876999	0.811668	0.714493	0.576308	0.385526	0.156326	-0.0970768	-0.342947	-0.557555	-0.722455	-0.830177	-0.884194	-0.886663	-0.845829	-0.769813	-0.647483	-0.485249	-0.313237	-0.152474	-0.0149711	0.0816215	0.150167	0.200619	0.238266	0.266157	0.274252	0.25079	0.198601	0.131462	0.0482341	-0.0218965	-0.0540912	-0.0566781	-0.0464926	-0.0363809	-0.0287535	-0.0258916	-0.0219305	-0.0253293	-0.0437409	-0.0646737	-0.0923134	-0.128625	-0.172108	-0.240512	-0.329265	-0.420827	-0.511179	-0.588147	-0.646829	-0.69112	-0.720295	-0.730403	-0.703299	-0.629275	-0.520251	-0.381303	-0.205958	0	
0	-0.271964	-0.520082	-0.727693	-0.875548	-0.958879	-0.973	-0.917385	-0.799532	-0.611416	-0.376514	-0.104069	0.15427	0.375246	0.536207	0.644137	0.709102	0.729487	0.711125	0.66117	0.606047	0.555246	0.510977	0.467697	0.433183	0.418783	0.430703	0.464221	0.515032	0.578812	0.644451	0.714591	0.786625	0.865579	0.930353	0.969861	0.97556	0.971174	0.95349	0.930426	0.894754	0.845615	0.779082	0.692433	0.564368	0.387652	0.180669	-0.0423786	-0.254873	-0.443347	-0.582328	-0.675224	-0.730102	-0.745388	-0.722579	-0.66923	-0.578097	-0.443331	-0.292232	-0.150806	-0.028685	0.0667933	0.147662	0.209844	0.264979	0.311048	0.330375	0.314209	0.265387	0.19619	0.106631	0.0263987	-0.0177357	-0.0284668	-0.0273412	-0.024676	-0.0194123	-0.0161432	-0.0087278	-0.00390722	-0.0134509	-0.038933	-0.0754532	-0.111484	-0.15216	-0.219412	-0.309839	-0.406361	-0.512355	-0.617334	-0.703416	-0.771805	-0.821474	-0.840439	-0.806377	-0.714768	-0.584744	-0.418828	-0.217421	0	
0	-0.259529	-0.498291	-0.692595	-0.834328	-0.910487	-0.923345	-0.872599	-0.757914	-0.579588	-0.343092	-0.0692036	0.200419	0.429373	0.597793	0.703106	0.768568	0.78203	0.763688	0.709908	0.654051	0.607697	0.573184	0.540863	0.518497	0.509585	0.531417	0.576616	0.642967	0.718208	0.791385	0.856282	0.915392	0.966997	1.00426	1.01108	0.990812	0.960587	0.923516	0.894754	0.862052	0.821561	0.764274	0.686201	0.565606	0.414091	0.229865	0.0340828	-0.153277	-0.311672	-0.427246	-0.509032	-0.564683	-0.593776	-0.587745	-0.560096	-0.500482	-0.399475	-0.274826	-0.149204	-0.0356229	0.0716814	0.169328	0.246845	0.317497	0.370142	0.394284	0.379634	0.333531	0.263529	0.168804	0.0835937	0.0285901	0.0115177	0.0113376	0.00953702	0.0100021	0.00608619	0.00296563	0.00519369	-0.00178502	-0.0296578	-0.0660901	-0.0974599	-0.133129	-0.196363	-0.286832	-0.391357	-0.514597	-0.642515	-0.753798	-0.837621	-0.886013	-0.898358	-0.855503	-0.748238	-0.59716	-0.414567	-0.210652	0	
0	-0.243778	-0.466359	-0.652458	-0.784946	-0.862854	-0.876079	-0.835632	-0.727781	-0.561942	-0.327547	-0.0537018	0.225882	0.468402	0.642629	0.7572	0.816978	0.831965	0.81019	0.752136	0.695654	0.650074	0.621902	0.606642	0.593861	0.597388	0.628149	0.682001	0.760433	0.845067	0.918593	0.976899	1.01745	1.04048	1.04573	1.01978	0.977082	0.924856	0.876999	0.845615	0.821561	0.794501	0.756585	0.691954	0.596489	0.470437	0.308024	0.138192	-0.0246978	-0.165654	-0.275006	-0.348992	-0.406728	-0.443521	-0.451641	-0.444175	-0.418203	-0.358982	-0.261634	-0.15162	-0.0374728	0.0839312	0.200297	0.299078	0.381014	0.439078	0.465283	0.454339	0.41533	0.343692	0.249438	0.158882	0.0906576	0.0670763	0.0628033	0.0603775	0.0550594	0.0371771	0.0219243	0.013338	0.000605238	-0.0273607	-0.0620948	-0.0859405	-0.117015	-0.185079	-0.277147	-0.38554	-0.521584	-0.658601	-0.773384	-0.859703	-0.906798	-0.905696	-0.846409	-0.735308	-0.578122	-0.389501	-0.196796	0	
0	-0.223624	-0.430112	-0.604671	-0.734464	-0.813511	-0.835975	-0.805003	-0.712091	-0.558389	-0.334562	-0.064632	0.220309	0.469962	0.65368	0.772539	0.830043	0.848518	0.821144	0.767864	0.709924	0.666361	0.650842	0.647338	0.651397	0.668875	0.703482	0.764877	0.848251	0.932985	1.00312	1.04824	1.06461	1.06046	1.03552	0.983451	0.924409	0.862569	0.811668	0.779082	0.764274	0.756585	0.738341	0.692154	0.626609	0.529873	0.401957	0.261914	0.114357	-0.0265266	-0.137949	-0.21274	-0.271947	-0.312551	-0.331684	-0.340656	-0.340288	-0.308025	-0.233674	-0.137183	-0.0238168	0.103008	0.231606	0.347002	0.441432	0.507466	0.538399	0.53486	0.499688	0.43024	0.341734	0.249096	0.175986	0.142117	0.130833	0.127383	0.110539	0.0831692	0.0580067	0.0356881	0.0158262	-0.0200444	-0.0610478	-0.0883986	-0.12485	-0.192014	-0.282079	-0.394173	-0.528377	-0.657358	-0.758011	-0.823712	-0.860804	-0.857937	-0.795312	-0.688382	-0.538775	-0.358117	-0.180508	0	
