0	0	0	0	0	0	0	0	0	0	0	0	0	0	0	0	0	0	0	0	0	0	0	0	0	0	0	0	0	0	0	0	0	0	0	0	0	0	0	0	0	0	0	0	0	0	0	0	0	0	0	0	0	0	0	0	0	0	0	0	0	0	0	0	0	0	0	0	0	0	0	0	0	0	0	0	0	0	0	0	0	0	0	0	0	0	0	0	0	0	0	0	0	0	0	0	0	0	0	0	
0	-0.00624928	-0.00930687	-0.00957126	-0.00959441	-0.0118007	-0.0164722	-0.0210718	-0.0248177	-0.0252202	-0.0248868	-0.023716	-0.0213048	-0.0169894	-0.0103861	-0.00802534	-0.00763086	-0.00592438	0.00183863	0.0143601	0.02484	0.0333053	0.0372833	0.0347403	0.0248639	0.0101994	-0.00517822	-0.0192097	-0.0325146	-0.0411436	-0.045037	-0.0412864	-0.0307497	-0.0138628	0.00792487	0.0344097	0.0639812	0.0923987	0.114108	0.133705	0.146735	0.152908	0.156098	0.154049	0.140593	0.113396	0.07235	0.0206982	-0.039014	-0.0991353	-0.1549	-0.204378	-0.241727	-0.264074	-0.27422	-0.274496	-0.266879	-0.2493	-0.220262	-0.183392	-0.143124	-0.0991728	-0.0508864	0.00260421	0.0609135	0.119738	0.171506	0.216445	0.247897	0.261718	0.261172	0.243273	0.208953	0.161129	0.107256	0.050395	-0.00510799	-0.0590374	-0.111982	-0.156836	-0.19537	-0.230104	-0.259563	-0.278752	-0.285838	-0.28192	-0.265219	-0.234301	-0.189274	-0.136278	-0.07993	-0.0232028	0.0265736	0.0651239	0.0906965	0.0989418	0.0898076	0.0687719	0.0380213	0	
0	-0.00930687	-0.0126165	-0.0096809	-0.00698079	-0.00831881	-0.0144136	-0.0217374	-0.0254668	-0.0260434	-0.0223835	-0.0207113	-0.0155392	-0.00783568	0.00224684	0.00535014	0.0015189	0.0011925	0.0121238	0.0315291	0.0478022	0.0599422	0.0624091	0.0547481	0.0313309	0.000859946	-0.0292129	-0.0564487	-0.0786538	-0.0913525	-0.0926366	-0.0793466	-0.0509877	-0.0135749	0.0339984	0.0875275	0.145777	0.197796	0.238438	0.269	0.288134	0.293614	0.292584	0.282333	0.256016	0.203437	0.126506	0.0344591	-0.0743605	-0.184535	-0.285648	-0.373515	-0.441939	-0.483951	-0.506079	-0.509011	-0.495095	-0.461272	-0.407231	-0.335284	-0.25547	-0.16838	-0.0780665	0.0197745	0.124449	0.225885	0.31337	0.385433	0.436767	0.456512	0.454238	0.424844	0.365682	0.285496	0.191358	0.0911813	-0.00785566	-0.108123	-0.207359	-0.294341	-0.36758	-0.430566	-0.483943	-0.518103	-0.529158	-0.518156	-0.485026	-0.429483	-0.351884	-0.261803	-0.164035	-0.0665067	0.0176339	0.0847288	0.130775	0.147949	0.136685	0.106263	0.0599395	0	
0	-0.00957126	-0.0096809	-0.00138808	0.0072669	0.00921937	0.00348478	-0.00263991	-0.00672368	-0.00254673	0.0028569	0.00864526	0.0160523	0.0265624	0.0406231	0.0405083	0.0317304	0.0250182	0.0342506	0.0562761	0.0724219	0.0824952	0.0804656	0.0617833	0.0246948	-0.0226267	-0.0674753	-0.104144	-0.133263	-0.144865	-0.138926	-0.109164	-0.0590388	0.00693868	0.0835656	0.167483	0.253252	0.327704	0.3761	0.410759	0.423184	0.414956	0.400129	0.376458	0.329982	0.254226	0.150088	0.0255861	-0.115017	-0.253954	-0.381643	-0.496473	-0.584897	-0.640415	-0.669707	-0.676716	-0.663607	-0.621699	-0.544562	-0.441532	-0.328246	-0.207711	-0.0828821	0.0464263	0.178168	0.301838	0.401083	0.482727	0.535985	0.554313	0.550471	0.516005	0.449222	0.353254	0.241478	0.117379	-0.0101067	-0.141886	-0.277731	-0.394907	-0.494406	-0.580899	-0.650135	-0.690216	-0.699081	-0.683371	-0.642192	-0.573702	-0.478339	-0.369984	-0.256919	-0.142817	-0.0418565	0.0391901	0.0989195	0.126751	0.121813	0.0976834	0.0565985	0	
0	-0.00959441	-0.00698079	0.0072669	0.0214335	0.0263764	0.0221237	0.0148732	0.0136014	0.0182365	0.0285734	0.0351652	0.0451658	0.058414	0.0732991	0.0726882	0.0573465	0.0463534	0.0558512	0.0809399	0.0998348	0.11017	0.102549	0.0766704	0.0236432	-0.0397896	-0.0991761	-0.147828	-0.181842	-0.192515	-0.176518	-0.129065	-0.0524414	0.0417983	0.149987	0.262657	0.374891	0.464482	0.520374	0.547468	0.544655	0.513436	0.472304	0.421981	0.354307	0.254166	0.126158	-0.0148201	-0.173192	-0.326656	-0.462985	-0.580985	-0.67398	-0.731767	-0.765609	-0.775546	-0.761845	-0.71355	-0.625857	-0.504422	-0.368788	-0.225129	-0.0838709	0.0578999	0.199567	0.32612	0.422781	0.496771	0.545201	0.557527	0.553589	0.524239	0.460147	0.368626	0.255343	0.126401	-0.00888295	-0.157237	-0.313545	-0.452658	-0.568388	-0.665288	-0.744243	-0.789269	-0.798032	-0.778371	-0.733803	-0.6658	-0.573984	-0.471638	-0.361708	-0.249176	-0.150155	-0.0651741	0.0045599	0.04501	0.0564449	0.0535221	0.0352242	0	
0	-0.0118007	-0.00831881	0.00921937	0.0263764	0.0323811	0.0255301	0.0175981	0.0135214	0.0209909	0.0312727	0.0410327	0.0528278	0.0686937	0.0877945	0.0862205	0.0696473	0.0571141	0.0697944	0.102655	0.127572	0.141004	0.134045	0.101041	0.0388773	-0.0390886	-0.11174	-0.17028	-0.21182	-0.222474	-0.200006	-0.13722	-0.0389829	0.0824849	0.218077	0.357434	0.490083	0.59287	0.644854	0.660051	0.633457	0.571445	0.49968	0.423529	0.330007	0.209603	0.067234	-0.0857046	-0.246766	-0.395713	-0.524374	-0.636862	-0.719608	-0.768294	-0.793411	-0.79959	-0.787383	-0.741641	-0.64992	-0.522205	-0.384124	-0.242139	-0.103479	0.0337308	0.168416	0.287435	0.372982	0.439898	0.48093	0.490025	0.48876	0.465411	0.411827	0.329012	0.227477	0.10776	-0.020784	-0.164059	-0.321475	-0.459941	-0.577587	-0.680021	-0.762375	-0.810253	-0.822845	-0.811871	-0.780348	-0.72665	-0.65004	-0.564037	-0.473207	-0.377205	-0.287209	-0.205447	-0.129854	-0.0745204	-0.0423549	-0.0166163	-0.00047061	0	
0	-0.0164722	-0.0144136	0.00348478	0.0221237	0.0255301	0.0164979	0.0034028	-0.00140614	0.00402408	0.0159454	0.0261371	0.0391939	0.0580408	0.0784628	0.0788781	0.0610778	0.0501404	0.069586	0.112498	0.148231	0.169676	0.164789	0.131705	0.0605088	-0.0272612	-0.11175	-0.180556	-0.227398	-0.239506	-0.210563	-0.134615	-0.0180349	0.124648	0.280842	0.435932	0.580288	0.682319	0.724978	0.718017	0.662834	0.568906	0.467553	0.367034	0.260813	0.131909	-0.0133616	-0.160057	-0.313291	-0.450475	-0.562027	-0.652309	-0.717134	-0.747514	-0.758911	-0.755928	-0.739676	-0.694164	-0.609328	-0.49478	-0.373011	-0.251738	-0.138492	-0.027854	0.0852705	0.187118	0.259633	0.316766	0.35345	0.360763	0.362127	0.346698	0.302075	0.233791	0.148555	0.0502618	-0.051685	-0.171413	-0.30736	-0.429182	-0.531954	-0.624696	-0.709237	-0.764622	-0.788792	-0.79307	-0.780122	-0.750376	-0.701283	-0.644739	-0.580479	-0.506148	-0.435112	-0.36345	-0.285356	-0.218729	-0.163843	-0.102908	-0.0452252	0	
0	-0.0210718	-0.0217374	-0.00263991	0.0148732	0.0175981	0.0034028	-0.011967	-0.0201854	-0.0142817	-0.00216493	0.00979656	0.0248152	0.0456616	0.0686313	0.0695638	0.0521017	0.0427161	0.0680857	0.120868	0.16674	0.195025	0.19419	0.158572	0.0833522	-0.0144054	-0.107468	-0.183881	-0.235453	-0.24631	-0.210777	-0.123486	0.00961223	0.167416	0.33584	0.497855	0.638735	0.729465	0.749706	0.712995	0.625455	0.502624	0.378822	0.269033	0.163012	0.0438406	-0.0847883	-0.213165	-0.342805	-0.45562	-0.54459	-0.615775	-0.656866	-0.666993	-0.660555	-0.646266	-0.62782	-0.590798	-0.521715	-0.427688	-0.337554	-0.255777	-0.184882	-0.113178	-0.0333047	0.041703	0.0948319	0.139704	0.169342	0.174416	0.177346	0.16798	0.134674	0.0825238	0.0211516	-0.0471112	-0.113045	-0.191987	-0.288916	-0.375064	-0.451379	-0.528304	-0.60402	-0.662882	-0.700056	-0.72373	-0.73729	-0.736533	-0.718167	-0.69236	-0.65991	-0.618832	-0.574228	-0.520025	-0.448957	-0.373979	-0.296723	-0.20052	-0.0962791	0	
0	-0.0248177	-0.0254668	-0.00672368	0.0136014	0.0135214	-0.00140614	-0.0201854	-0.028618	-0.0221819	-0.00876915	0.00629633	0.02291	0.0467013	0.0704323	0.0724249	0.0548834	0.047297	0.0779688	0.138997	0.19431	0.228481	0.22952	0.192732	0.110782	0.00642604	-0.0963348	-0.179797	-0.234113	-0.244952	-0.203075	-0.104634	0.038574	0.208043	0.381464	0.539512	0.669844	0.739387	0.730971	0.661605	0.54292	0.395144	0.260039	0.152608	0.0638456	-0.0298979	-0.128046	-0.224935	-0.325284	-0.410214	-0.471447	-0.514704	-0.535886	-0.528427	-0.508574	-0.489365	-0.476204	-0.453387	-0.406347	-0.346897	-0.295568	-0.257902	-0.232146	-0.2066	-0.169193	-0.128415	-0.103622	-0.0797732	-0.0651332	-0.0665635	-0.0627526	-0.0633717	-0.0800369	-0.108674	-0.140635	-0.171527	-0.194111	-0.22913	-0.282153	-0.327783	-0.367033	-0.416051	-0.478689	-0.533055	-0.575434	-0.615186	-0.649965	-0.676726	-0.691727	-0.70228	-0.706691	-0.697528	-0.681723	-0.650973	-0.590315	-0.514176	-0.421843	-0.293631	-0.146011	0	
0	-0.0252202	-0.0260434	-0.00254673	0.0182365	0.0209909	0.00402408	-0.0142817	-0.0221819	-0.0144645	0.00223408	0.0196961	0.0394885	0.0650382	0.0890803	0.0915029	0.074537	0.0688982	0.105242	0.173997	0.238597	0.278876	0.281703	0.241916	0.155028	0.0403337	-0.0721799	-0.165635	-0.227049	-0.239432	-0.194472	-0.0910271	0.0614175	0.234808	0.407	0.557944	0.670317	0.716991	0.684505	0.588106	0.447471	0.290043	0.153033	0.0569508	-0.00937214	-0.0724739	-0.137698	-0.201113	-0.266151	-0.319153	-0.353658	-0.373644	-0.370333	-0.346611	-0.320214	-0.304709	-0.305465	-0.308218	-0.297337	-0.273561	-0.261672	-0.266836	-0.286915	-0.305546	-0.308804	-0.308828	-0.317673	-0.324243	-0.330235	-0.340915	-0.3377	-0.325635	-0.320442	-0.318572	-0.315848	-0.309227	-0.291759	-0.284582	-0.294781	-0.301299	-0.305582	-0.322422	-0.356677	-0.396862	-0.436847	-0.481252	-0.533873	-0.587214	-0.633263	-0.675743	-0.710918	-0.735092	-0.747074	-0.732876	-0.682074	-0.604246	-0.497585	-0.349253	-0.175883	0	
0	-0.0248868	-0.0223835	0.0028569	0.0285734	0.0312727	0.0159454	-0.00216493	-0.00876915	0.00223408	0.0212609	0.043852	0.0668182	0.0953289	0.120197	0.124051	0.108931	0.107535	0.148987	0.225169	0.298602	0.342936	0.347333	0.303664	0.209963	0.087113	-0.0379129	-0.143126	-0.21355	-0.233959	-0.19247	-0.0890957	0.0610635	0.234199	0.402165	0.543324	0.643471	0.676295	0.628271	0.518633	0.370446	0.210823	0.0825047	0.00393207	-0.0387911	-0.074835	-0.110701	-0.148749	-0.188179	-0.214503	-0.220355	-0.212518	-0.190906	-0.157063	-0.127388	-0.121334	-0.144721	-0.17948	-0.202989	-0.220385	-0.248682	-0.294322	-0.351956	-0.40871	-0.452779	-0.488672	-0.529886	-0.563343	-0.590596	-0.61118	-0.607654	-0.586246	-0.559709	-0.531355	-0.498444	-0.45666	-0.404491	-0.361849	-0.334647	-0.303376	-0.269215	-0.25135	-0.257081	-0.274032	-0.301901	-0.349355	-0.412819	-0.48495	-0.558521	-0.62958	-0.690597	-0.731682	-0.752568	-0.745207	-0.696536	-0.617529	-0.510512	-0.359926	-0.181028	0	
0	-0.023716	-0.0207113	0.00864526	0.0351652	0.0410327	0.0261371	0.00979656	0.00629633	0.0196961	0.043852	0.0704626	0.0979817	0.128756	0.153741	0.15839	0.146576	0.149179	0.197766	0.281251	0.363952	0.41506	0.420619	0.373943	0.274003	0.139899	0.000713049	-0.120521	-0.206388	-0.238131	-0.204478	-0.106991	0.0409231	0.21048	0.372532	0.508035	0.598604	0.623812	0.574848	0.465886	0.321747	0.175023	0.0594259	-0.00494815	-0.0313777	-0.0468944	-0.0645578	-0.0827232	-0.0991806	-0.104053	-0.0933155	-0.0697101	-0.0335377	0.00738517	0.0331366	0.0259897	-0.0167474	-0.0782565	-0.138067	-0.191103	-0.2532	-0.334159	-0.428733	-0.521006	-0.59553	-0.660559	-0.721956	-0.774486	-0.814241	-0.839217	-0.839049	-0.813024	-0.776152	-0.730574	-0.676706	-0.609469	-0.527925	-0.45231	-0.388756	-0.325216	-0.260861	-0.21141	-0.187661	-0.185577	-0.201973	-0.241666	-0.308642	-0.392972	-0.480836	-0.565676	-0.637242	-0.688201	-0.713981	-0.701855	-0.649117	-0.567274	-0.458054	-0.317701	-0.159241	0	
0	-0.0213048	-0.0155392	0.0160523	0.0451658	0.0528278	0.0391939	0.0248152	0.02291	0.0394885	0.0668182	0.0979817	0.129666	0.162639	0.187746	0.194518	0.186217	0.196315	0.250915	0.341944	0.4335	0.489352	0.497486	0.446806	0.341361	0.198358	0.0451803	-0.0920939	-0.193977	-0.241095	-0.21989	-0.132206	0.00755768	0.172226	0.331963	0.467344	0.558745	0.590136	0.549507	0.449136	0.31534	0.17835	0.0736567	0.022227	0.00915877	0.0090991	0.00886903	0.00300861	-0.00102339	0.00474809	0.025208	0.0542852	0.0884576	0.120272	0.135348	0.114533	0.0536364	-0.0297979	-0.113407	-0.193603	-0.284914	-0.396324	-0.518585	-0.634868	-0.732442	-0.812939	-0.880443	-0.935888	-0.976898	-1.00124	-1.00234	-0.979736	-0.941625	-0.892788	-0.83135	-0.74749	-0.64737	-0.546832	-0.453681	-0.36229	-0.273318	-0.204054	-0.161807	-0.144095	-0.150071	-0.183767	-0.244939	-0.324609	-0.413234	-0.499414	-0.569746	-0.615609	-0.631806	-0.61239	-0.558268	-0.478433	-0.380668	-0.262522	-0.12937	0	
0	-0.0169894	-0.00783568	0.0265624	0.058414	0.0686937	0.0580408	0.0456616	0.0467013	0.0650382	0.0953289	0.128756	0.162639	0.194282	0.217026	0.221609	0.217262	0.232568	0.295297	0.394292	0.496915	0.563078	0.577291	0.528488	0.420939	0.2709	0.104184	-0.0518496	-0.173818	-0.239971	-0.234644	-0.158114	-0.0254078	0.137576	0.299589	0.44049	0.538962	0.580018	0.552687	0.465364	0.341961	0.21543	0.119409	0.0744292	0.0679064	0.0816939	0.0939735	0.100802	0.106853	0.115991	0.128557	0.145993	0.163893	0.177931	0.174466	0.135235	0.0600427	-0.0374054	-0.137607	-0.236478	-0.342375	-0.468265	-0.60446	-0.732118	-0.838022	-0.922444	-0.986835	-1.03994	-1.07786	-1.09746	-1.09921	-1.07877	-1.04171	-0.992741	-0.929653	-0.840127	-0.732508	-0.620998	-0.512962	-0.411081	-0.315428	-0.238591	-0.190128	-0.168146	-0.167482	-0.19024	-0.236909	-0.300001	-0.369606	-0.436326	-0.490578	-0.525565	-0.534637	-0.509871	-0.457223	-0.383356	-0.29507	-0.199232	-0.0973529	0	
0	-0.0103861	0.00224684	0.0406231	0.0732991	0.0877945	0.0784628	0.0686313	0.0704323	0.0890803	0.120197	0.153741	0.187746	0.217026	0.235131	0.238957	0.237406	0.261816	0.332393	0.441625	0.555994	0.634202	0.657903	0.612618	0.506201	0.351474	0.17203	-0.00130511	-0.146094	-0.23307	-0.246552	-0.18496	-0.0598045	0.102421	0.269252	0.423848	0.534295	0.59095	0.579558	0.50386	0.386848	0.266234	0.174557	0.135721	0.13805	0.165598	0.19187	0.204431	0.210878	0.211058	0.207964	0.202903	0.196603	0.185482	0.15795	0.100564	0.0110449	-0.0965201	-0.207957	-0.312112	-0.418502	-0.540781	-0.669035	-0.787104	-0.885248	-0.965521	-1.02274	-1.07255	-1.1081	-1.12344	-1.12337	-1.10202	-1.06223	-1.01336	-0.953612	-0.869265	-0.774147	-0.673274	-0.573092	-0.480629	-0.394202	-0.324927	-0.277545	-0.255246	-0.252051	-0.263296	-0.291956	-0.330124	-0.369238	-0.405065	-0.428703	-0.438319	-0.430165	-0.397847	-0.352749	-0.292849	-0.221767	-0.151131	-0.0743338	0	
0	-0.00802534	0.00535014	0.0405083	0.0726882	0.0862205	0.0788781	0.0695638	0.0724249	0.0915029	0.124051	0.15839	0.194518	0.221609	0.238957	0.242331	0.249108	0.284796	0.369015	0.490953	0.621378	0.715587	0.751832	0.71328	0.607034	0.445271	0.250262	0.050811	-0.120629	-0.235115	-0.270699	-0.22146	-0.100897	0.0654701	0.247218	0.416454	0.543012	0.61364	0.613329	0.54544	0.434545	0.316791	0.2313	0.199329	0.207534	0.245464	0.277465	0.290582	0.287281	0.269844	0.240975	0.211174	0.177794	0.141496	0.0951263	0.0221534	-0.0762032	-0.189281	-0.298076	-0.39591	-0.486128	-0.584106	-0.685399	-0.776098	-0.856979	-0.924511	-0.973297	-1.02113	-1.05639	-1.07109	-1.0697	-1.04839	-1.00773	-0.961623	-0.911228	-0.843151	-0.775039	-0.706087	-0.635637	-0.572334	-0.514146	-0.464822	-0.429705	-0.410928	-0.402884	-0.404342	-0.409411	-0.413223	-0.413944	-0.406093	-0.388853	-0.366275	-0.335695	-0.296196	-0.258967	-0.21256	-0.159312	-0.111527	-0.0555706	0	
0	-0.00763086	0.0015189	0.0317304	0.0573465	0.0696473	0.0610778	0.0521017	0.0548834	0.074537	0.108931	0.146576	0.186217	0.217262	0.237406	0.249108	0.269937	0.32682	0.430201	0.572381	0.720743	0.833947	0.882621	0.847017	0.73553	0.559014	0.336713	0.105703	-0.104286	-0.249836	-0.308575	-0.271864	-0.150408	0.0290382	0.227075	0.420946	0.564896	0.648878	0.659324	0.59948	0.489969	0.376635	0.296283	0.267217	0.27732	0.31724	0.3472	0.347697	0.327279	0.287291	0.233306	0.175389	0.119411	0.0669282	0.00354334	-0.0788214	-0.178233	-0.280997	-0.378768	-0.456677	-0.517461	-0.581797	-0.64793	-0.708497	-0.76355	-0.814519	-0.849897	-0.889368	-0.921042	-0.932745	-0.934029	-0.919448	-0.887417	-0.856003	-0.825252	-0.784802	-0.75594	-0.728638	-0.701751	-0.684275	-0.667407	-0.65085	-0.634772	-0.624189	-0.613108	-0.59454	-0.572538	-0.541513	-0.494024	-0.439021	-0.378679	-0.318047	-0.262662	-0.210956	-0.177516	-0.144894	-0.105853	-0.0775326	-0.0420822	0	
0	-0.00592438	0.0011925	0.0250182	0.0463534	0.0571141	0.0501404	0.0427161	0.047297	0.0688982	0.107535	0.149179	0.196315	0.232568	0.261816	0.284796	0.32682	0.408594	0.538216	0.702113	0.871406	1.00279	1.06121	1.0248	0.899384	0.697037	0.440564	0.163545	-0.088522	-0.271199	-0.355152	-0.326568	-0.199222	-0.0050799	0.220488	0.438074	0.603799	0.704342	0.726536	0.674883	0.573259	0.46261	0.384	0.35304	0.354271	0.383233	0.396916	0.380517	0.337296	0.273651	0.197186	0.123598	0.0522605	-0.0161747	-0.0865707	-0.167502	-0.255504	-0.341648	-0.412964	-0.462724	-0.495676	-0.529136	-0.565829	-0.596983	-0.631676	-0.663983	-0.681259	-0.706032	-0.726792	-0.736273	-0.742298	-0.742233	-0.732024	-0.726623	-0.72482	-0.717903	-0.729267	-0.747487	-0.765653	-0.793149	-0.825346	-0.850923	-0.863671	-0.864876	-0.849759	-0.817103	-0.762155	-0.687597	-0.6	-0.50163	-0.399055	-0.304605	-0.220664	-0.152434	-0.115948	-0.0853842	-0.05572	-0.0435482	-0.0245974	0	
0	0.00183863	0.0121238	0.0342506	0.0558512	0.0697944	0.069586	0.0680857	0.0779688	0.105242	0.148987	0.197766	0.250915	0.295297	0.332393	0.369015	0.430201	0.538216	0.690751	0.87579	1.06041	1.20515	1.26809	1.22284	1.07527	0.84029	0.539207	0.215857	-0.0828623	-0.300838	-0.404363	-0.380382	-0.243188	-0.0272276	0.22155	0.465233	0.652292	0.767492	0.803831	0.767005	0.675132	0.570058	0.492732	0.450283	0.431637	0.435722	0.427151	0.387122	0.324279	0.246155	0.158055	0.0700002	-0.010045	-0.0758474	-0.141592	-0.210383	-0.277334	-0.333378	-0.378898	-0.407172	-0.418172	-0.430737	-0.447782	-0.46262	-0.479787	-0.495048	-0.497406	-0.507515	-0.519962	-0.528004	-0.541848	-0.560654	-0.576186	-0.601946	-0.632104	-0.659821	-0.709246	-0.763897	-0.819622	-0.887717	-0.95865	-1.0203	-1.06246	-1.08031	-1.06801	-1.02185	-0.945276	-0.841741	-0.713409	-0.580528	-0.452402	-0.330462	-0.222648	-0.134502	-0.0798901	-0.038495	-0.00566825	-0.00152555	-0.00287987	0	
0	0.0143601	0.0315291	0.0562761	0.0809399	0.102655	0.112498	0.120868	0.138997	0.173997	0.225169	0.281251	0.341944	0.394292	0.441625	0.490953	0.572381	0.702113	0.87579	1.07387	1.26518	1.41243	1.46678	1.40212	1.22183	0.945141	0.600259	0.231041	-0.104974	-0.347468	-0.462286	-0.434286	-0.283067	-0.0491995	0.222217	0.486484	0.692135	0.823913	0.875546	0.853542	0.77164	0.66817	0.582635	0.522657	0.479807	0.459516	0.428572	0.372719	0.295666	0.204425	0.107248	0.0197893	-0.0520647	-0.108119	-0.156178	-0.198439	-0.235272	-0.264674	-0.286676	-0.299324	-0.303204	-0.308024	-0.313577	-0.31414	-0.318892	-0.324017	-0.318251	-0.320791	-0.330579	-0.342936	-0.366901	-0.40202	-0.442491	-0.497012	-0.555785	-0.617003	-0.699909	-0.787517	-0.870299	-0.957804	-1.05109	-1.13424	-1.19222	-1.2195	-1.21148	-1.16528	-1.07811	-0.959269	-0.819229	-0.670434	-0.523632	-0.385617	-0.258452	-0.149717	-0.0766877	-0.0189889	0.0240731	0.0277332	0.0142142	0	
0	0.02484	0.0478022	0.0724219	0.0998348	0.127572	0.148231	0.16674	0.19431	0.238597	0.298602	0.363952	0.4335	0.496915	0.555994	0.621378	0.720743	0.871406	1.06041	1.26518	1.45459	1.59229	1.62906	1.53511	1.31442	0.992921	0.602964	0.192784	-0.172668	-0.433309	-0.549636	-0.512462	-0.343058	-0.0875907	0.207173	0.491842	0.717354	0.861831	0.92441	0.909212	0.829813	0.719105	0.620317	0.54014	0.475222	0.431075	0.386199	0.322043	0.238597	0.14655	0.0538495	-0.0295963	-0.0910687	-0.124879	-0.144601	-0.157504	-0.165661	-0.169475	-0.175299	-0.181247	-0.181303	-0.178536	-0.175588	-0.167791	-0.164097	-0.162633	-0.156076	-0.159239	-0.172165	-0.192841	-0.226601	-0.276184	-0.337453	-0.413852	-0.496411	-0.584339	-0.693043	-0.803943	-0.904716	-1.00388	-1.10052	-1.18381	-1.24292	-1.26877	-1.26049	-1.21713	-1.1338	-1.01536	-0.871306	-0.722593	-0.579681	-0.439728	-0.307387	-0.192878	-0.106626	-0.0354627	0.0159045	0.0268036	0.0155937	0	
0	0.0333053	0.0599422	0.0824952	0.11017	0.141004	0.169676	0.195025	0.228481	0.278876	0.342936	0.41506	0.489352	0.563078	0.634202	0.715587	0.833947	1.00279	1.20515	1.41243	1.59229	1.71259	1.72212	1.59141	1.32511	0.956569	0.523272	0.0797765	-0.308982	-0.578993	-0.693413	-0.644815	-0.459036	-0.181884	0.13445	0.442912	0.691659	0.853597	0.926713	0.916431	0.830947	0.704699	0.585301	0.481603	0.397372	0.340429	0.293247	0.232461	0.157047	0.073781	-0.00856895	-0.0747481	-0.111267	-0.120552	-0.119176	-0.111968	-0.102779	-0.0917056	-0.0829535	-0.0801416	-0.075624	-0.0692729	-0.0580329	-0.0439524	-0.0365844	-0.0353674	-0.0341307	-0.0380211	-0.0543294	-0.0800254	-0.120381	-0.178767	-0.253642	-0.345137	-0.440274	-0.544728	-0.670252	-0.798429	-0.911893	-1.01315	-1.10623	-1.18209	-1.22706	-1.23413	-1.21138	-1.16238	-1.08307	-0.978761	-0.852987	-0.719456	-0.590061	-0.461564	-0.33744	-0.229802	-0.146546	-0.0762929	-0.0207645	0.00117315	0.00120161	0	
0	0.0372833	0.0624091	0.0804656	0.102549	0.134045	0.164789	0.19419	0.22952	0.281703	0.347333	0.420619	0.497486	0.577291	0.657903	0.751832	0.882621	1.06121	1.26809	1.46678	1.62906	1.72212	1.6999	1.53163	1.22376	0.813574	0.347451	-0.123554	-0.528368	-0.807716	-0.922681	-0.868	-0.667299	-0.370929	-0.0274321	0.310033	0.586733	0.769029	0.852709	0.841398	0.748661	0.610773	0.473728	0.35601	0.261525	0.194808	0.146284	0.0958058	0.0371535	-0.0228295	-0.0739247	-0.110213	-0.120909	-0.112959	-0.0978738	-0.0821621	-0.0655323	-0.0459363	-0.0289122	-0.0167402	-0.00493566	0.0113892	0.0296331	0.0463489	0.0546883	0.0521377	0.0475505	0.0378236	0.0182816	-0.0113384	-0.0553908	-0.115777	-0.197639	-0.293111	-0.391816	-0.501276	-0.628527	-0.761019	-0.87803	-0.975906	-1.05635	-1.11268	-1.13384	-1.11559	-1.07176	-1.01305	-0.937403	-0.846594	-0.746243	-0.643228	-0.539887	-0.432414	-0.32475	-0.231134	-0.159276	-0.100769	-0.0546933	-0.0295809	-0.0159587	0	
0	0.0347403	0.0547481	0.0617833	0.0766704	0.101041	0.131705	0.158572	0.192732	0.241916	0.303664	0.373943	0.446806	0.528488	0.612618	0.71328	0.847017	1.0248	1.22284	1.40212	1.53511	1.59141	1.53163	1.32482	0.977722	0.534864	0.0414463	-0.445467	-0.859653	-1.14377	-1.25611	-1.19363	-0.979763	-0.660403	-0.291116	0.0735659	0.378173	0.578368	0.671488	0.66359	0.572061	0.43068	0.290218	0.167133	0.067854	-0.00290894	-0.0443636	-0.0789824	-0.111993	-0.138318	-0.15657	-0.161798	-0.147431	-0.120277	-0.0955833	-0.0774156	-0.0602087	-0.0367551	-0.00862952	0.0114426	0.0286542	0.0477129	0.0726326	0.0952258	0.105554	0.10096	0.0874252	0.0704818	0.0448279	0.0110931	-0.0324777	-0.0901988	-0.169633	-0.260831	-0.355175	-0.459367	-0.580564	-0.706347	-0.810159	-0.887331	-0.939999	-0.967733	-0.959864	-0.909678	-0.841039	-0.772512	-0.702826	-0.632052	-0.558905	-0.485826	-0.415532	-0.337258	-0.254646	-0.185085	-0.130712	-0.0878865	-0.0557935	-0.0345009	-0.0188394	0	
0	0.0248639	0.0313309	0.0246948	0.0236432	0.0388773	0.0605088	0.0833522	0.110782	0.155028	0.209963	0.274003	0.341361	0.420939	0.506201	0.607034	0.73553	0.899384	1.07527	1.22183	1.31442	1.32511	1.22376	0.977722	0.599011	0.127775	-0.382796	-0.879349	-1.29796	-1.58035	-1.68709	-1.61245	-1.37734	-1.03107	-0.632137	-0.236729	0.0898358	0.306584	0.406833	0.401989	0.314156	0.18195	0.0456105	-0.0711735	-0.164027	-0.228337	-0.258621	-0.273229	-0.275516	-0.272533	-0.262289	-0.244554	-0.211825	-0.178107	-0.148464	-0.123957	-0.0974281	-0.0636535	-0.0299075	-0.00536833	0.0125914	0.0333976	0.0627129	0.0904086	0.107446	0.104483	0.089293	0.0674423	0.0372386	0.00234561	-0.0411239	-0.0942058	-0.168185	-0.253827	-0.340775	-0.433432	-0.536046	-0.637389	-0.712213	-0.749957	-0.756596	-0.742323	-0.698841	-0.627193	-0.546511	-0.470706	-0.404194	-0.344508	-0.292691	-0.247512	-0.206663	-0.164984	-0.121027	-0.0849136	-0.0609101	-0.0447249	-0.0325096	-0.0230572	-0.0133282	0	
0	0.0101994	0.000859946	-0.0226267	-0.0397896	-0.0390886	-0.0272612	-0.0144054	0.00642604	0.0403337	0.087113	0.139899	0.198358	0.2709	0.351474	0.445271	0.559014	0.697037	0.84029	0.945141	0.992921	0.956569	0.813574	0.534864	0.127775	-0.363901	-0.889207	-1.39257	-1.8107	-2.08843	-2.18222	-2.0862	-1.82342	-1.44292	-1.01061	-0.588381	-0.239638	-0.00909161	0.0997672	0.101332	0.0234851	-0.0971586	-0.224756	-0.332205	-0.415968	-0.46712	-0.478937	-0.464442	-0.438333	-0.409589	-0.384424	-0.357935	-0.3263	-0.290529	-0.253297	-0.221432	-0.187165	-0.14502	-0.0998654	-0.0685393	-0.0495009	-0.0327322	-0.0051624	0.0252502	0.0469036	0.049201	0.0407202	0.0231625	-0.000654814	-0.0296712	-0.070164	-0.120533	-0.192404	-0.270402	-0.345821	-0.415396	-0.483556	-0.544774	-0.570958	-0.558408	-0.516616	-0.460857	-0.389642	-0.299503	-0.209034	-0.134177	-0.0700926	-0.011605	0.0336734	0.0629915	0.0744195	0.0722961	0.0634978	0.0489433	0.0323947	0.0178988	0.00791447	0.0030952	0.00161323	0	
0	-0.00517822	-0.0292129	-0.0674753	-0.0991761	-0.11174	-0.11175	-0.107468	-0.0963348	-0.0721799	-0.0379129	0.000713049	0.0451803	0.104184	0.17203	0.250262	0.336713	0.440564	0.539207	0.600259	0.602964	0.523272	0.347451	0.0414463	-0.382796	-0.889207	-1.42412	-1.92836	-2.34235	-2.6078	-2.68215	-2.56116	-2.26744	-1.85541	-1.39455	-0.946925	-0.579183	-0.329743	-0.205363	-0.192524	-0.257499	-0.367315	-0.486984	-0.586135	-0.657889	-0.692726	-0.68203	-0.647307	-0.597606	-0.553725	-0.522434	-0.495841	-0.462871	-0.427805	-0.393293	-0.361399	-0.322096	-0.270456	-0.216535	-0.176049	-0.153195	-0.139223	-0.116694	-0.0880813	-0.0661776	-0.0583912	-0.0561007	-0.0616809	-0.0723398	-0.0899455	-0.123033	-0.171622	-0.236458	-0.304705	-0.360312	-0.390241	-0.410703	-0.415685	-0.387617	-0.325472	-0.238798	-0.151361	-0.0578364	0.0409588	0.134745	0.216539	0.281233	0.334717	0.372198	0.38636	0.371451	0.328704	0.270777	0.206794	0.1454	0.0982648	0.063524	0.0381567	0.0215988	0	
0	-0.0192097	-0.0564487	-0.104144	-0.147828	-0.17028	-0.180556	-0.183881	-0.179797	-0.165635	-0.143126	-0.120521	-0.0920939	-0.0518496	-0.00130511	0.050811	0.105703	0.163545	0.215857	0.231041	0.192784	0.0797765	-0.123554	-0.445467	-0.879349	-1.39257	-1.92836	-2.42676	-2.82755	-3.07177	-3.1231	-2.9751	-2.65724	-2.22181	-1.74153	-1.27573	-0.890885	-0.621495	-0.480213	-0.451539	-0.506202	-0.601862	-0.710299	-0.796895	-0.856569	-0.87411	-0.856462	-0.811732	-0.75313	-0.70374	-0.669436	-0.636475	-0.603696	-0.571451	-0.537609	-0.50821	-0.470962	-0.418652	-0.35958	-0.31289	-0.28511	-0.272078	-0.251522	-0.222775	-0.197134	-0.183569	-0.171617	-0.170598	-0.174615	-0.180932	-0.206662	-0.244475	-0.292246	-0.339126	-0.364551	-0.352806	-0.319334	-0.267749	-0.186561	-0.0781063	0.043297	0.158423	0.267799	0.372323	0.469318	0.548606	0.608316	0.652494	0.671031	0.661487	0.622302	0.549523	0.457907	0.365702	0.27335	0.192604	0.131734	0.0814761	0.0404283	0	
0	-0.0325146	-0.0786538	-0.133263	-0.181842	-0.21182	-0.227398	-0.235453	-0.234113	-0.227049	-0.21355	-0.206388	-0.193977	-0.173818	-0.146094	-0.120629	-0.104286	-0.088522	-0.0828623	-0.104974	-0.172668	-0.308982	-0.528368	-0.859653	-1.29796	-1.8107	-2.34235	-2.82755	-3.20534	-3.42343	-3.44698	-3.2772	-2.94256	-2.49736	-2.00714	-1.53278	-1.13638	-0.852465	-0.695001	-0.657667	-0.699093	-0.781881	-0.873919	-0.944254	-0.989951	-1.00174	-0.983687	-0.944253	-0.89087	-0.84086	-0.803237	-0.767753	-0.732588	-0.694868	-0.660785	-0.633246	-0.598305	-0.5485	-0.492436	-0.444326	-0.415759	-0.40376	-0.383041	-0.344452	-0.309814	-0.290051	-0.275869	-0.281018	-0.288821	-0.294313	-0.309096	-0.329202	-0.347276	-0.359939	-0.350672	-0.296155	-0.221632	-0.12517	0.00148537	0.14569	0.29592	0.432333	0.554062	0.660341	0.752438	0.825564	0.871553	0.893395	0.887562	0.851789	0.788861	0.699854	0.597375	0.492938	0.383857	0.285033	0.198415	0.120069	0.0602586	0	
0	-0.0411436	-0.0913525	-0.144865	-0.192515	-0.222474	-0.239506	-0.24631	-0.244952	-0.239432	-0.233959	-0.238131	-0.241095	-0.239971	-0.23307	-0.235115	-0.249836	-0.271199	-0.300838	-0.347468	-0.433309	-0.578993	-0.807716	-1.14377	-1.58035	-2.08843	-2.6078	-3.07177	-3.42343	-3.61248	-3.61561	-3.43415	-3.09718	-2.65325	-2.16341	-1.68547	-1.28317	-0.990461	-0.826144	-0.780723	-0.815187	-0.884683	-0.955755	-1.01165	-1.05086	-1.05999	-1.05186	-1.02645	-0.977874	-0.929381	-0.891865	-0.852691	-0.812961	-0.773052	-0.73776	-0.709293	-0.675946	-0.629383	-0.577753	-0.536019	-0.510432	-0.498067	-0.473244	-0.428791	-0.389809	-0.367013	-0.355848	-0.368845	-0.387486	-0.394331	-0.401844	-0.404275	-0.390344	-0.370816	-0.325567	-0.235412	-0.126778	0.00153659	0.152784	0.319124	0.486315	0.635854	0.762159	0.862379	0.943825	1.00232	1.02947	1.02584	0.993016	0.935983	0.859313	0.764585	0.664423	0.566081	0.454089	0.343083	0.244047	0.147952	0.0685923	0	
0	-0.045037	-0.0926366	-0.138926	-0.176518	-0.200006	-0.210563	-0.210777	-0.203075	-0.194472	-0.19247	-0.204478	-0.21989	-0.234644	-0.246552	-0.270699	-0.308575	-0.355152	-0.404363	-0.462286	-0.549636	-0.693413	-0.922681	-1.25611	-1.68709	-2.18222	-2.68215	-3.1231	-3.44698	-3.61561	-3.60886	-3.42898	-3.10243	-2.67107	-2.18896	-1.71625	-1.31617	-1.0238	-0.856058	-0.805807	-0.831748	-0.8872	-0.944406	-0.993979	-1.03429	-1.05351	-1.05976	-1.04347	-1.00169	-0.953381	-0.909473	-0.866781	-0.826564	-0.784036	-0.746618	-0.717963	-0.687455	-0.647485	-0.602133	-0.55867	-0.526585	-0.512839	-0.494933	-0.457858	-0.424805	-0.409013	-0.405022	-0.42499	-0.448803	-0.456842	-0.462325	-0.456039	-0.424735	-0.379017	-0.302022	-0.181774	-0.044941	0.10579	0.269503	0.433043	0.590142	0.735809	0.858195	0.949183	1.01406	1.05152	1.05691	1.03087	0.979497	0.909057	0.827502	0.737921	0.646945	0.558959	0.458092	0.356949	0.263329	0.16482	0.0769814	0	
0	-0.0412864	-0.0793466	-0.109164	-0.129065	-0.13722	-0.134615	-0.123486	-0.104634	-0.0910271	-0.0890957	-0.106991	-0.132206	-0.158114	-0.18496	-0.22146	-0.271864	-0.326568	-0.380382	-0.434286	-0.512462	-0.644815	-0.868	-1.19363	-1.61245	-2.0862	-2.56116	-2.9751	-3.2772	-3.43415	-3.42898	-3.26414	-2.95759	-2.54834	-2.0841	-1.62587	-1.23605	-0.950808	-0.780787	-0.72348	-0.739562	-0.788378	-0.83885	-0.893211	-0.945525	-0.979226	-0.996649	-0.99191	-0.955814	-0.903895	-0.855297	-0.808017	-0.760239	-0.711987	-0.677861	-0.656308	-0.635784	-0.600495	-0.551228	-0.50136	-0.466271	-0.454268	-0.446526	-0.427488	-0.414599	-0.413991	-0.419203	-0.443326	-0.47053	-0.482221	-0.487362	-0.477291	-0.438799	-0.378212	-0.27968	-0.137286	0.0168164	0.174363	0.333485	0.479256	0.610924	0.731002	0.831747	0.907877	0.956992	0.974894	0.957598	0.908118	0.84344	0.771999	0.695431	0.618119	0.545524	0.474826	0.394227	0.319614	0.251462	0.167407	0.0801616	0	
0	-0.0307497	-0.0509877	-0.0590388	-0.0524414	-0.0389829	-0.0180349	0.00961223	0.038574	0.0614175	0.0610635	0.0409231	0.00755768	-0.0254078	-0.0598045	-0.100897	-0.150408	-0.199222	-0.243188	-0.283067	-0.343058	-0.459036	-0.667299	-0.979763	-1.37734	-1.82342	-2.26744	-2.65724	-2.94256	-3.09718	-3.10243	-2.95759	-2.67836	-2.29824	-1.86048	-1.42603	-1.05237	-0.774294	-0.602681	-0.536404	-0.54819	-0.599931	-0.656555	-0.723984	-0.789763	-0.83913	-0.869128	-0.877615	-0.849135	-0.799794	-0.742019	-0.685591	-0.630771	-0.585373	-0.55661	-0.540518	-0.523035	-0.488787	-0.439276	-0.389068	-0.352181	-0.344171	-0.353348	-0.357927	-0.363974	-0.376369	-0.396813	-0.430641	-0.467503	-0.485579	-0.490162	-0.473871	-0.425041	-0.353215	-0.244708	-0.102151	0.0489824	0.200075	0.340472	0.457344	0.555874	0.643727	0.714127	0.760925	0.781441	0.77539	0.742103	0.681638	0.611102	0.542638	0.476848	0.419377	0.371929	0.326016	0.27602	0.235993	0.201482	0.144052	0.0698745	0	
0	-0.0138628	-0.0135749	0.00693868	0.0417983	0.0824849	0.124648	0.167416	0.208043	0.234808	0.234199	0.21048	0.172226	0.137576	0.102421	0.0654701	0.0290382	-0.0050799	-0.0272276	-0.0491995	-0.0875907	-0.181884	-0.370929	-0.660403	-1.03107	-1.44292	-1.85541	-2.22181	-2.49736	-2.65325	-2.67107	-2.54834	-2.29824	-1.95007	-1.54691	-1.13734	-0.7798	-0.50932	-0.335464	-0.264645	-0.283076	-0.34472	-0.41768	-0.499775	-0.581589	-0.648077	-0.695704	-0.717593	-0.702487	-0.654244	-0.593077	-0.535251	-0.481294	-0.437583	-0.410818	-0.395404	-0.378228	-0.344926	-0.296424	-0.250132	-0.221939	-0.226394	-0.248315	-0.269271	-0.287994	-0.31701	-0.35368	-0.402072	-0.45144	-0.47657	-0.479381	-0.448845	-0.390974	-0.307539	-0.196186	-0.0701303	0.0573255	0.179432	0.295497	0.385842	0.451495	0.502592	0.532773	0.541473	0.524853	0.488373	0.438907	0.37706	0.315497	0.259048	0.207392	0.169971	0.148558	0.134205	0.120322	0.1152	0.115094	0.0893463	0.0408476	0	
0	0.00792487	0.0339984	0.0835656	0.149987	0.218077	0.280842	0.33584	0.381464	0.407	0.402165	0.372532	0.331963	0.299589	0.269252	0.247218	0.227075	0.220488	0.22155	0.222217	0.207173	0.13445	-0.0274321	-0.291116	-0.632137	-1.01061	-1.39455	-1.74153	-2.00714	-2.16341	-2.18896	-2.0841	-1.86048	-1.54691	-1.17509	-0.789945	-0.444535	-0.17726	-0.00420024	0.0609565	0.0336552	-0.0484299	-0.1413	-0.238366	-0.335709	-0.424458	-0.4876	-0.528932	-0.530528	-0.493776	-0.439576	-0.388136	-0.338513	-0.299665	-0.272722	-0.253002	-0.234554	-0.204638	-0.165443	-0.132757	-0.117802	-0.127403	-0.156687	-0.191649	-0.227562	-0.270474	-0.320168	-0.378093	-0.430882	-0.458775	-0.451576	-0.4077	-0.339542	-0.249948	-0.146766	-0.0401153	0.0542429	0.138428	0.216298	0.273037	0.311411	0.326668	0.317933	0.287013	0.23031	0.163909	0.102744	0.0473118	-0.00131027	-0.0420084	-0.0777081	-0.0950067	-0.0865555	-0.0718103	-0.0536508	-0.0235201	0.00210697	0.00609478	0.000120513	0	
0	0.0344097	0.0875275	0.167483	0.262657	0.357434	0.435932	0.497855	0.539512	0.557944	0.543324	0.508035	0.467344	0.44049	0.423848	0.416454	0.420946	0.438074	0.465233	0.486484	0.491842	0.442912	0.310033	0.0735659	-0.236729	-0.588381	-0.946925	-1.27573	-1.53278	-1.68547	-1.71625	-1.62587	-1.42603	-1.13734	-0.789945	-0.416657	-0.0748081	0.190006	0.355093	0.412877	0.367773	0.269197	0.158207	0.0467158	-0.0693273	-0.175139	-0.259975	-0.321916	-0.344914	-0.33114	-0.298921	-0.263257	-0.222303	-0.186682	-0.156272	-0.138396	-0.126002	-0.109096	-0.0856897	-0.0665629	-0.0573655	-0.0714659	-0.10887	-0.15873	-0.208095	-0.261847	-0.317764	-0.372485	-0.416441	-0.431441	-0.41231	-0.357303	-0.283969	-0.195713	-0.10295	-0.0222373	0.0402545	0.0904141	0.131373	0.152642	0.15401	0.132831	0.0904148	0.0269028	-0.057138	-0.145696	-0.218518	-0.268437	-0.299662	-0.318058	-0.329637	-0.324196	-0.295489	-0.256864	-0.216258	-0.170195	-0.121259	-0.0840567	-0.0504394	0	
0	0.0639812	0.145777	0.253252	0.374891	0.490083	0.580288	0.638735	0.669844	0.670317	0.643471	0.598604	0.558745	0.538962	0.534295	0.543012	0.564896	0.603799	0.652292	0.692135	0.717354	0.691659	0.586733	0.378173	0.0898358	-0.239638	-0.579183	-0.890885	-1.13638	-1.28317	-1.31617	-1.23605	-1.05237	-0.7798	-0.444535	-0.0748081	0.265889	0.528941	0.68938	0.737663	0.686052	0.577573	0.448295	0.323425	0.193852	0.0700281	-0.0333582	-0.11574	-0.170534	-0.189792	-0.184429	-0.162111	-0.130266	-0.0988871	-0.0753068	-0.0670284	-0.0688572	-0.0679155	-0.0573544	-0.0460693	-0.0460299	-0.0705487	-0.116321	-0.177328	-0.240541	-0.303009	-0.353449	-0.395184	-0.418949	-0.414645	-0.377189	-0.310325	-0.235838	-0.153928	-0.0769064	-0.0136271	0.0225079	0.0406701	0.0516462	0.0413968	0.00530021	-0.0594673	-0.135408	-0.217536	-0.311459	-0.403613	-0.474769	-0.51635	-0.535902	-0.536961	-0.520852	-0.488821	-0.442705	-0.394095	-0.346681	-0.288618	-0.224098	-0.159374	-0.0834556	0	
0	0.0923987	0.197796	0.327704	0.464482	0.59287	0.682319	0.729465	0.739387	0.716991	0.676295	0.623812	0.590136	0.580018	0.59095	0.61364	0.648878	0.704342	0.767492	0.823913	0.861831	0.853597	0.769029	0.578368	0.306584	-0.00909161	-0.329743	-0.621495	-0.852465	-0.990461	-1.0238	-0.950808	-0.774294	-0.50932	-0.17726	0.190006	0.528941	0.791465	0.949543	0.999129	0.952933	0.842438	0.706894	0.575727	0.435102	0.300789	0.177711	0.0645337	-0.0232134	-0.0745565	-0.0948388	-0.0863199	-0.0638283	-0.0439156	-0.0361601	-0.0486488	-0.0690185	-0.0806146	-0.0825695	-0.083745	-0.0957207	-0.126621	-0.179683	-0.249177	-0.32052	-0.380198	-0.415274	-0.436058	-0.432866	-0.402994	-0.347761	-0.275257	-0.200661	-0.131294	-0.0739087	-0.0278979	-0.0106328	-0.0129575	-0.0289815	-0.0655642	-0.130417	-0.226732	-0.326658	-0.418763	-0.502329	-0.57917	-0.640842	-0.672888	-0.681906	-0.668361	-0.631514	-0.579788	-0.518948	-0.461548	-0.413232	-0.352613	-0.277839	-0.195618	-0.0980011	0	
0	0.114108	0.238438	0.3761	0.520374	0.644854	0.724978	0.749706	0.730971	0.684505	0.628271	0.574848	0.549507	0.552687	0.579558	0.613329	0.659324	0.726536	0.803831	0.875546	0.92441	0.926713	0.852709	0.671488	0.406833	0.0997672	-0.205363	-0.480213	-0.695001	-0.826144	-0.856058	-0.780787	-0.602681	-0.335464	-0.00420024	0.355093	0.68938	0.949543	1.11169	1.1701	1.13699	1.03529	0.906897	0.777887	0.641228	0.501698	0.356063	0.213376	0.0939156	0.0106337	-0.0310205	-0.0342852	-0.028516	-0.0272109	-0.0408555	-0.0731834	-0.108413	-0.138399	-0.159779	-0.177209	-0.199021	-0.241115	-0.29952	-0.364744	-0.432085	-0.481412	-0.49817	-0.490934	-0.457842	-0.400195	-0.329375	-0.255967	-0.184026	-0.127796	-0.0849995	-0.0526592	-0.0536179	-0.076613	-0.112898	-0.168933	-0.254852	-0.364081	-0.467121	-0.552554	-0.618972	-0.671936	-0.708449	-0.722773	-0.718851	-0.695142	-0.647605	-0.585991	-0.52223	-0.460404	-0.408766	-0.351379	-0.27794	-0.193416	-0.094674	0	
0	0.133705	0.269	0.410759	0.547468	0.660051	0.718017	0.712995	0.661605	0.588106	0.518633	0.465886	0.449136	0.465364	0.50386	0.54544	0.59948	0.674883	0.767005	0.853542	0.909212	0.916431	0.841398	0.66359	0.401989	0.101332	-0.192524	-0.451539	-0.657667	-0.780723	-0.805807	-0.72348	-0.536404	-0.264645	0.0609565	0.412877	0.737663	0.999129	1.1701	1.24146	1.22543	1.14506	1.03508	0.920893	0.793063	0.652344	0.493025	0.333088	0.196453	0.094678	0.0310732	0.00109313	-0.0181516	-0.0350328	-0.0662741	-0.113644	-0.168714	-0.220639	-0.267032	-0.308362	-0.353254	-0.409583	-0.46587	-0.521762	-0.576065	-0.608692	-0.597062	-0.560509	-0.501619	-0.418657	-0.334511	-0.254428	-0.182741	-0.136947	-0.105993	-0.0845351	-0.0985256	-0.142298	-0.198016	-0.264348	-0.353088	-0.456678	-0.54726	-0.613255	-0.655744	-0.68366	-0.696494	-0.683938	-0.651417	-0.612018	-0.562746	-0.511317	-0.460254	-0.400298	-0.348449	-0.295914	-0.232556	-0.163536	-0.0802191	0	
0	0.146735	0.288134	0.423184	0.544655	0.633457	0.662834	0.625455	0.54292	0.447471	0.370446	0.321747	0.31534	0.341961	0.386848	0.434545	0.489969	0.573259	0.675132	0.77164	0.829813	0.830947	0.748661	0.572061	0.314156	0.0234851	-0.257499	-0.506202	-0.699093	-0.815187	-0.831748	-0.739562	-0.54819	-0.283076	0.0336552	0.367773	0.686052	0.952933	1.13699	1.22543	1.23514	1.1777	1.09291	0.99184	0.873745	0.738382	0.583659	0.42582	0.286732	0.169384	0.0826133	0.026952	-0.0133179	-0.0474929	-0.0955183	-0.161412	-0.236702	-0.310891	-0.384129	-0.455128	-0.52521	-0.596179	-0.65925	-0.7046	-0.73911	-0.74624	-0.709629	-0.649222	-0.566567	-0.465959	-0.37069	-0.286674	-0.212614	-0.169231	-0.145781	-0.131166	-0.152059	-0.203797	-0.26527	-0.332143	-0.408725	-0.488719	-0.557645	-0.600714	-0.616411	-0.617764	-0.60361	-0.567778	-0.514523	-0.459461	-0.412915	-0.377594	-0.343542	-0.297957	-0.251694	-0.204129	-0.157	-0.111032	-0.0536867	0	
0	0.152908	0.293614	0.414956	0.513436	0.571445	0.568906	0.502624	0.395144	0.290043	0.210823	0.175023	0.17835	0.21543	0.266234	0.316791	0.376635	0.46261	0.570058	0.66817	0.719105	0.704699	0.610773	0.43068	0.18195	-0.0971586	-0.367315	-0.601862	-0.781881	-0.884683	-0.8872	-0.788378	-0.599931	-0.34472	-0.0484299	0.269197	0.577573	0.842438	1.03529	1.14506	1.1777	1.15268	1.09706	1.00993	0.90257	0.780057	0.638872	0.490308	0.353859	0.229819	0.129902	0.0538284	0.000215479	-0.047123	-0.112418	-0.198334	-0.29574	-0.396675	-0.498724	-0.59773	-0.69038	-0.779411	-0.847295	-0.884074	-0.901269	-0.891517	-0.837001	-0.752049	-0.650277	-0.535786	-0.436698	-0.353602	-0.283912	-0.242562	-0.213484	-0.194755	-0.210933	-0.258399	-0.312988	-0.367487	-0.419835	-0.465093	-0.501054	-0.51525	-0.505568	-0.477698	-0.438712	-0.39143	-0.329878	-0.276273	-0.243475	-0.22275	-0.205385	-0.173422	-0.13612	-0.102198	-0.0663871	-0.0403569	-0.0216405	0	
