0	0	0	0	0	0	0	0	0	0	0	0	0	0	0	0	0	0	0	0	0	0	0	0	0	0	0	0	0	0	0	0	0	0	0	0	0	0	0	0	0	0	0	0	0	0	0	0	0	0	0	0	0	0	0	0	0	0	0	0	0	0	0	0	0	0	0	0	0	0	0	0	0	0	0	0	0	0	0	0	0	0	0	0	0	0	0	0	0	0	0	0	0	0	0	0	0	0	0	0	
0	0.00692108	0.0117026	0.0139093	0.0152572	0.0167053	0.0188249	0.01922	0.0197633	0.0224896	0.0308591	0.0430257	0.0536966	0.0595677	0.0602837	0.0572979	0.0519457	0.0430704	0.0314098	0.0176356	0.000635209	-0.0128846	-0.0206959	-0.0183144	-0.0108074	-0.00241721	0.00742919	0.0178664	0.0246155	0.0244237	0.0185382	0.00945496	-0.00186123	-0.0173079	-0.0314631	-0.0433694	-0.0462969	-0.0405223	-0.024531	0.0016969	0.0349877	0.0700908	0.10495	0.13178	0.154256	0.172552	0.181745	0.183338	0.179068	0.167887	0.152945	0.141317	0.13395	0.128292	0.122874	0.115855	0.103006	0.0841055	0.058967	0.0284338	-0.00985353	-0.055653	-0.105557	-0.158731	-0.218409	-0.279726	-0.335525	-0.381183	-0.41108	-0.42301	-0.422879	-0.408239	-0.376225	-0.332734	-0.280366	-0.22288	-0.165572	-0.113879	-0.0664774	-0.0248159	0.00979476	0.039192	0.0611159	0.0787094	0.0955526	0.113478	0.130435	0.144326	0.158283	0.172717	0.183725	0.187241	0.185489	0.179611	0.164946	0.14121	0.112867	0.0797433	0.0405312	0	
0	0.0117026	0.0204364	0.0220123	0.0240441	0.0247486	0.0271322	0.0275117	0.0259451	0.0317466	0.0460981	0.0697018	0.089963	0.100579	0.101467	0.0954689	0.0834943	0.0665788	0.0424353	0.0145345	-0.018347	-0.0468986	-0.0610327	-0.056647	-0.0405876	-0.0218825	0.000586588	0.0247015	0.0426668	0.0477538	0.0400606	0.0269817	0.00815637	-0.0205757	-0.0475551	-0.0696635	-0.0792642	-0.069784	-0.042468	0.00127079	0.0595981	0.122919	0.183364	0.230783	0.273612	0.306083	0.323342	0.328185	0.325075	0.308019	0.284079	0.26306	0.252177	0.244863	0.23525	0.217142	0.188742	0.14856	0.096755	0.0327709	-0.0429608	-0.130492	-0.224105	-0.320678	-0.430285	-0.539139	-0.640151	-0.720668	-0.772839	-0.793897	-0.792019	-0.767946	-0.710234	-0.633068	-0.539634	-0.434226	-0.329981	-0.233011	-0.142599	-0.0605863	0.0111008	0.0729251	0.120302	0.158639	0.196085	0.232256	0.261059	0.28168	0.301039	0.322396	0.335079	0.330787	0.321747	0.307841	0.278259	0.235865	0.185468	0.128831	0.0661957	0	
0	0.0139093	0.0220123	0.0221027	0.0202757	0.0183248	0.0191118	0.0159222	0.013684	0.019004	0.0403726	0.0735369	0.1024	0.117645	0.117882	0.10732	0.0895754	0.0617516	0.0258892	-0.0158469	-0.0652891	-0.104068	-0.123997	-0.1126	-0.0838922	-0.0500002	-0.0100844	0.0329562	0.0671078	0.0819429	0.0794987	0.0669872	0.045159	0.00825942	-0.0294847	-0.0655406	-0.0818971	-0.0776362	-0.0487587	0.00556569	0.078171	0.155948	0.233684	0.292055	0.342874	0.387084	0.412138	0.421487	0.419295	0.400947	0.372654	0.352076	0.34118	0.330752	0.314732	0.28796	0.24081	0.173766	0.0899385	-0.00584582	-0.116271	-0.239267	-0.364221	-0.489608	-0.626601	-0.764441	-0.888074	-0.986609	-1.04838	-1.07014	-1.06899	-1.03879	-0.969368	-0.873678	-0.755392	-0.62132	-0.482832	-0.352491	-0.225762	-0.106619	-9.31302e-05	0.0961855	0.172204	0.233091	0.286902	0.3363	0.374237	0.394984	0.409225	0.421962	0.423817	0.407015	0.382745	0.355518	0.314251	0.259481	0.202366	0.141372	0.0707472	0	
0	0.0152572	0.0240441	0.0202757	0.0152074	0.00858117	0.00476049	-0.00169554	-0.0100313	-0.0047836	0.0178745	0.0576627	0.0916631	0.10813	0.105788	0.0908253	0.0650766	0.0299397	-0.0170255	-0.0699407	-0.129356	-0.17733	-0.195064	-0.174043	-0.127061	-0.0722865	-0.00899862	0.0583351	0.114502	0.145318	0.150968	0.141934	0.118087	0.0711508	0.0197377	-0.0295717	-0.0611936	-0.0648645	-0.0394654	0.0137779	0.0909175	0.177218	0.2599	0.321617	0.378837	0.424671	0.451005	0.461837	0.463406	0.444363	0.415264	0.391129	0.382228	0.374541	0.356024	0.314857	0.247323	0.154757	0.0416242	-0.0871191	-0.22819	-0.376874	-0.521015	-0.657119	-0.804139	-0.945517	-1.07223	-1.1681	-1.22386	-1.23951	-1.23282	-1.20333	-1.13048	-1.03153	-0.907317	-0.760689	-0.60838	-0.458913	-0.309123	-0.16279	-0.0255764	0.0990213	0.198573	0.277727	0.346936	0.404979	0.439646	0.449868	0.451274	0.45236	0.439307	0.402696	0.365459	0.33144	0.284945	0.22954	0.174168	0.119117	0.0599155	0	
0	0.0167053	0.0247486	0.0183248	0.00858117	-0.00358978	-0.0113403	-0.0239136	-0.0349155	-0.032651	-0.00710479	0.0374737	0.0753709	0.0928877	0.0874332	0.0662375	0.0343394	-0.0109944	-0.0667521	-0.129175	-0.197443	-0.24665	-0.260383	-0.221864	-0.152	-0.0707609	0.020089	0.11408	0.193576	0.240226	0.254297	0.247691	0.219335	0.161487	0.0947082	0.0247996	-0.0226527	-0.0414081	-0.0256435	0.0257308	0.104393	0.192325	0.279552	0.340869	0.394533	0.441511	0.466506	0.473363	0.468686	0.445238	0.409267	0.38446	0.375376	0.36545	0.341167	0.293322	0.211362	0.0959439	-0.0426418	-0.193939	-0.35437	-0.517825	-0.666822	-0.799943	-0.936818	-1.06729	-1.17928	-1.26009	-1.30071	-1.30344	-1.29386	-1.2656	-1.2005	-1.10946	-0.991756	-0.850673	-0.696665	-0.543426	-0.383777	-0.223267	-0.0710867	0.0715097	0.184754	0.271114	0.341937	0.398817	0.430499	0.430425	0.417709	0.405891	0.381316	0.336439	0.293945	0.258723	0.215547	0.166509	0.124473	0.0859801	0.0413202	0	
0	0.0188249	0.0271322	0.0191118	0.00476049	-0.0113403	-0.0248441	-0.0402686	-0.0555896	-0.0533299	-0.026395	0.0226308	0.0639911	0.0820781	0.0736519	0.0480187	0.00872876	-0.0435261	-0.108388	-0.178946	-0.252388	-0.304368	-0.309713	-0.256571	-0.16284	-0.0556058	0.0614441	0.181467	0.282654	0.343831	0.365426	0.357825	0.322421	0.251002	0.163974	0.0741754	0.00575686	-0.028685	-0.0230095	0.023449	0.101816	0.194669	0.283722	0.346081	0.399945	0.441248	0.460374	0.46094	0.4493	0.414054	0.368706	0.33297	0.3192	0.308948	0.285194	0.231735	0.140464	0.0162221	-0.131804	-0.291743	-0.458367	-0.620955	-0.761861	-0.880793	-1.00044	-1.11192	-1.20648	-1.2696	-1.29457	-1.28722	-1.27375	-1.25143	-1.19689	-1.1203	-1.01842	-0.891357	-0.751871	-0.60887	-0.456818	-0.300173	-0.146832	-0.00476133	0.108063	0.193914	0.263397	0.31782	0.341901	0.333709	0.316262	0.301562	0.275508	0.230302	0.190545	0.162834	0.131517	0.096674	0.0694193	0.0479277	0.022531	0	
0	0.01922	0.0275117	0.0159222	-0.00169554	-0.0239136	-0.0402686	-0.0587407	-0.0731244	-0.0685039	-0.0356538	0.0207159	0.0689829	0.0915067	0.0839976	0.0562688	0.0129253	-0.0467703	-0.119264	-0.199276	-0.279669	-0.334234	-0.33708	-0.270985	-0.160135	-0.0319262	0.106896	0.245364	0.363169	0.435288	0.459181	0.449398	0.404825	0.317894	0.212656	0.101348	0.0134601	-0.0367076	-0.0402902	0.00187647	0.0813016	0.176903	0.270446	0.334218	0.387082	0.428263	0.443191	0.433682	0.408518	0.361943	0.300895	0.25317	0.231194	0.216321	0.189053	0.136094	0.0489798	-0.0732004	-0.215772	-0.366876	-0.518789	-0.663609	-0.783819	-0.880139	-0.977764	-1.07086	-1.15198	-1.20479	-1.2217	-1.21136	-1.20039	-1.18567	-1.14635	-1.08676	-1.00491	-0.90156	-0.784875	-0.666433	-0.537806	-0.402085	-0.267048	-0.136058	-0.032254	0.0448195	0.11062	0.165564	0.19409	0.189599	0.174552	0.166669	0.14749	0.109586	0.0821587	0.0669461	0.0465413	0.025183	0.0146029	0.0101219	0.00227703	0	
0	0.0197633	0.0259451	0.013684	-0.0100313	-0.0349155	-0.0555896	-0.0731244	-0.0843181	-0.0729861	-0.0310331	0.035832	0.0942871	0.125001	0.122538	0.0961878	0.0513588	-0.0132512	-0.0933838	-0.181801	-0.269651	-0.329275	-0.330171	-0.258706	-0.135212	0.00759445	0.158332	0.309163	0.434504	0.509316	0.533306	0.516197	0.459933	0.36095	0.236337	0.106288	0.000452317	-0.0646981	-0.079184	-0.0391479	0.0410248	0.142346	0.239946	0.309177	0.361736	0.398133	0.408742	0.394538	0.359293	0.295824	0.219284	0.155498	0.120486	0.0980959	0.0703924	0.0211824	-0.0611593	-0.170055	-0.293675	-0.41889	-0.543131	-0.656984	-0.744567	-0.813544	-0.886104	-0.964564	-1.03785	-1.08779	-1.1058	-1.09899	-1.09473	-1.0896	-1.06542	-1.02428	-0.964487	-0.888691	-0.805095	-0.721293	-0.62956	-0.529319	-0.423089	-0.317688	-0.229736	-0.157865	-0.0925869	-0.0309704	0.00888395	0.0186996	0.0212209	0.0277303	0.0227673	0.000752958	-0.0179716	-0.0252168	-0.0307918	-0.0371639	-0.033465	-0.0218741	-0.0134849	0	
0	0.0224896	0.0317466	0.019004	-0.0047836	-0.032651	-0.0533299	-0.0685039	-0.0729861	-0.0527982	0.000179195	0.0773701	0.146871	0.186404	0.189777	0.16715	0.121243	0.0535028	-0.0322446	-0.129018	-0.221995	-0.285973	-0.287515	-0.211453	-0.0810379	0.0709319	0.231088	0.385758	0.513891	0.588524	0.60531	0.57724	0.506393	0.387521	0.243008	0.0936844	-0.0309507	-0.109376	-0.128523	-0.0917519	-0.00898237	0.0977475	0.201343	0.275263	0.332051	0.370642	0.379015	0.354828	0.305748	0.230065	0.136266	0.0535903	0.0033977	-0.0274972	-0.0595867	-0.108281	-0.179037	-0.271467	-0.371318	-0.468921	-0.558828	-0.634832	-0.688532	-0.726425	-0.77497	-0.836366	-0.902654	-0.951729	-0.970671	-0.97045	-0.971529	-0.975335	-0.966479	-0.942726	-0.906827	-0.861467	-0.81372	-0.770299	-0.72205	-0.664106	-0.594779	-0.516269	-0.446327	-0.384994	-0.316616	-0.243352	-0.186724	-0.155932	-0.133192	-0.105354	-0.0915818	-0.0978717	-0.0969848	-0.0876776	-0.0846013	-0.0808974	-0.066305	-0.0463348	-0.0266305	0	
0	0.0308591	0.0460981	0.0403726	0.0178745	-0.00710479	-0.026395	-0.0356538	-0.0310331	0.000179195	0.0643405	0.151527	0.230163	0.27644	0.284995	0.26169	0.213643	0.138706	0.0442446	-0.0611372	-0.160962	-0.227454	-0.226409	-0.145471	-0.005305	0.158608	0.325336	0.484682	0.610546	0.67833	0.685247	0.641079	0.548635	0.411076	0.242516	0.0701294	-0.0752191	-0.169412	-0.200391	-0.16301	-0.0740865	0.0440869	0.1593	0.248366	0.310182	0.348614	0.355358	0.328292	0.267288	0.171977	0.0574119	-0.0441983	-0.112451	-0.156146	-0.192006	-0.235292	-0.298379	-0.37588	-0.454894	-0.525302	-0.586034	-0.631703	-0.653547	-0.664553	-0.685303	-0.727901	-0.780737	-0.821418	-0.837957	-0.838408	-0.844602	-0.856555	-0.863505	-0.860113	-0.847649	-0.831767	-0.817504	-0.808453	-0.797479	-0.77676	-0.740316	-0.69162	-0.641932	-0.589689	-0.526077	-0.449025	-0.376993	-0.324624	-0.27654	-0.224797	-0.185896	-0.165139	-0.148802	-0.129409	-0.111177	-0.095121	-0.0739607	-0.0492845	-0.0264077	0	
0	0.0430257	0.0697018	0.0735369	0.0576627	0.0374737	0.0226308	0.0207159	0.035832	0.0773701	0.151527	0.243807	0.327071	0.375359	0.382512	0.356233	0.299192	0.215158	0.109262	-0.00716495	-0.112991	-0.182315	-0.179448	-0.0933997	0.0547203	0.2291	0.405336	0.568552	0.694353	0.758965	0.756469	0.695039	0.580789	0.416177	0.218507	0.0197987	-0.150706	-0.26301	-0.300102	-0.263489	-0.167105	-0.0351225	0.0965469	0.203175	0.281362	0.330359	0.340521	0.305873	0.230237	0.118285	-0.0153297	-0.138808	-0.225672	-0.278287	-0.315412	-0.355407	-0.407721	-0.46925	-0.53104	-0.585254	-0.627875	-0.651058	-0.652613	-0.641512	-0.638977	-0.658013	-0.690178	-0.715548	-0.72017	-0.717941	-0.72419	-0.744194	-0.76813	-0.785103	-0.79735	-0.806896	-0.819348	-0.835386	-0.850569	-0.856191	-0.843296	-0.816309	-0.784501	-0.745609	-0.686936	-0.608664	-0.530055	-0.461202	-0.391777	-0.318417	-0.255986	-0.210479	-0.169126	-0.129856	-0.102675	-0.0814082	-0.0588492	-0.0395166	-0.0212623	0	
0	0.0536966	0.089963	0.1024	0.0916631	0.0753709	0.0639911	0.0689829	0.0942871	0.146871	0.230163	0.327071	0.413947	0.461675	0.468033	0.433461	0.366404	0.26698	0.144932	0.0131413	-0.104144	-0.178677	-0.176013	-0.0870904	0.0683612	0.25324	0.438114	0.605472	0.729644	0.789582	0.777973	0.701779	0.567209	0.381263	0.16031	-0.062525	-0.256369	-0.386284	-0.435161	-0.399152	-0.292429	-0.143348	0.00902514	0.141342	0.235624	0.294326	0.308564	0.274317	0.188528	0.0601385	-0.0935154	-0.233762	-0.335358	-0.396562	-0.432776	-0.464141	-0.504748	-0.554396	-0.603722	-0.646105	-0.676587	-0.686846	-0.674135	-0.645574	-0.619617	-0.614104	-0.62179	-0.626659	-0.617734	-0.609371	-0.616942	-0.645741	-0.687254	-0.726995	-0.762037	-0.793847	-0.825172	-0.854687	-0.882239	-0.898969	-0.897458	-0.882869	-0.861637	-0.831114	-0.780509	-0.707736	-0.624526	-0.542303	-0.455819	-0.363364	-0.278244	-0.209676	-0.153857	-0.106243	-0.0717051	-0.0463474	-0.0274633	-0.0167365	-0.00738063	0	
0	0.0595677	0.100579	0.117645	0.10813	0.0928877	0.0820781	0.0915067	0.125001	0.186404	0.27644	0.375359	0.461675	0.507753	0.508936	0.467138	0.386393	0.273045	0.133407	-0.0132509	-0.142311	-0.223477	-0.223741	-0.136616	0.0186607	0.208276	0.395142	0.563616	0.684337	0.740627	0.724513	0.638789	0.489389	0.289172	0.0499802	-0.18852	-0.397428	-0.53696	-0.589097	-0.548585	-0.43174	-0.268327	-0.0994427	0.0517641	0.16256	0.23048	0.248803	0.211651	0.118283	-0.0220586	-0.1849	-0.333499	-0.443434	-0.505781	-0.536704	-0.558194	-0.589746	-0.626496	-0.665625	-0.700197	-0.722317	-0.721418	-0.695845	-0.652655	-0.607617	-0.581284	-0.568183	-0.556931	-0.537794	-0.525201	-0.531854	-0.565924	-0.617922	-0.672892	-0.72545	-0.772369	-0.818445	-0.857278	-0.89144	-0.914049	-0.914679	-0.903206	-0.883714	-0.850807	-0.799121	-0.726248	-0.639694	-0.548787	-0.451059	-0.350751	-0.254883	-0.171132	-0.104577	-0.050641	-0.0147101	0.00700642	0.0168997	0.0139964	0.00958244	0	
0	0.0602837	0.101467	0.117882	0.105788	0.0874332	0.0736519	0.0839976	0.122538	0.189777	0.284995	0.382512	0.468033	0.508936	0.506343	0.45407	0.361069	0.230283	0.0734641	-0.0904914	-0.232829	-0.321172	-0.326529	-0.243193	-0.0891203	0.0992809	0.288779	0.453236	0.567496	0.618693	0.597122	0.503448	0.348831	0.140345	-0.101546	-0.342075	-0.552388	-0.691346	-0.737259	-0.689082	-0.558699	-0.381558	-0.198995	-0.0347487	0.080637	0.149129	0.162791	0.120868	0.0197891	-0.124042	-0.289056	-0.436974	-0.544671	-0.602313	-0.623773	-0.637285	-0.658432	-0.687225	-0.719091	-0.746905	-0.76003	-0.745401	-0.708368	-0.649923	-0.590324	-0.549477	-0.522666	-0.504501	-0.481508	-0.46737	-0.472107	-0.504047	-0.556032	-0.615212	-0.674035	-0.729155	-0.783119	-0.827718	-0.866528	-0.889021	-0.888474	-0.873104	-0.846307	-0.80687	-0.748639	-0.674421	-0.588532	-0.492761	-0.391336	-0.290046	-0.189154	-0.0993852	-0.0280879	0.0286758	0.061809	0.0784658	0.0776409	0.0566271	0.0330906	0	
0	0.0572979	0.0954689	0.10732	0.0908253	0.0662375	0.0480187	0.0562688	0.0961878	0.16715	0.26169	0.356233	0.433461	0.467138	0.45407	0.390171	0.279575	0.132367	-0.0445559	-0.223412	-0.377979	-0.472327	-0.480038	-0.399036	-0.249002	-0.0580419	0.12934	0.292906	0.402153	0.448953	0.426154	0.333361	0.17481	-0.0299203	-0.267971	-0.501736	-0.703783	-0.829988	-0.864913	-0.801614	-0.655572	-0.467289	-0.277711	-0.109653	0.00554777	0.0631006	0.0641081	0.0123382	-0.0927067	-0.242114	-0.404364	-0.54133	-0.639838	-0.687173	-0.697644	-0.696209	-0.708376	-0.727124	-0.750283	-0.770102	-0.772129	-0.747878	-0.699328	-0.63238	-0.566271	-0.52	-0.490379	-0.471634	-0.45214	-0.437578	-0.436655	-0.459773	-0.497703	-0.546779	-0.599027	-0.647952	-0.701255	-0.745873	-0.783395	-0.806418	-0.803347	-0.784537	-0.753095	-0.703003	-0.641292	-0.571259	-0.48735	-0.395884	-0.30107	-0.206651	-0.108601	-0.0161561	0.0559579	0.113765	0.14927	0.161546	0.147094	0.10792	0.0623176	0	
0	0.0519457	0.0834943	0.0895754	0.0650766	0.0343394	0.00872876	0.0129253	0.0513588	0.121243	0.213643	0.299192	0.366404	0.386393	0.361069	0.279575	0.151524	-0.0174508	-0.212459	-0.407749	-0.573601	-0.670646	-0.679078	-0.597765	-0.444768	-0.253049	-0.0575235	0.108911	0.218989	0.269661	0.253125	0.164402	0.0155257	-0.183821	-0.410603	-0.631631	-0.820354	-0.935111	-0.955436	-0.880082	-0.723738	-0.529514	-0.33718	-0.170441	-0.0639332	-0.0153176	-0.0263891	-0.0892873	-0.204878	-0.354906	-0.510351	-0.639415	-0.728649	-0.765089	-0.759413	-0.744688	-0.73954	-0.740582	-0.748849	-0.75684	-0.750238	-0.716891	-0.666606	-0.599578	-0.537464	-0.494936	-0.465366	-0.45049	-0.433835	-0.417194	-0.409717	-0.418185	-0.436301	-0.466739	-0.5	-0.532175	-0.570341	-0.603239	-0.633765	-0.650258	-0.646479	-0.630044	-0.600245	-0.554345	-0.496054	-0.434946	-0.367398	-0.286107	-0.200817	-0.122117	-0.0345136	0.0540804	0.125664	0.183783	0.215609	0.222862	0.200503	0.147248	0.0838483	0	
0	0.0430704	0.0665788	0.0617516	0.0299397	-0.0109944	-0.0435261	-0.0467703	-0.0132512	0.0535028	0.138706	0.215158	0.26698	0.273045	0.230283	0.132367	-0.0174508	-0.205213	-0.419829	-0.628914	-0.802777	-0.900864	-0.904765	-0.816493	-0.65881	-0.455233	-0.248343	-0.0699559	0.0512204	0.111809	0.108658	0.0369788	-0.0995989	-0.283401	-0.493482	-0.700785	-0.877906	-0.983849	-1.00157	-0.92672	-0.770443	-0.580057	-0.392048	-0.23162	-0.126642	-0.0872328	-0.109022	-0.176693	-0.288164	-0.438844	-0.594101	-0.716609	-0.800154	-0.830314	-0.81437	-0.778387	-0.749808	-0.726558	-0.712044	-0.702761	-0.683997	-0.650184	-0.604886	-0.547572	-0.498188	-0.463257	-0.437253	-0.422553	-0.406186	-0.385538	-0.369162	-0.363889	-0.360295	-0.367997	-0.378423	-0.383379	-0.396198	-0.408657	-0.420921	-0.430037	-0.428957	-0.422077	-0.407933	-0.374951	-0.33448	-0.295832	-0.243678	-0.178247	-0.111273	-0.0470986	0.0255133	0.096629	0.152686	0.201254	0.22832	0.229444	0.20184	0.14822	0.0848104	0	
0	0.0314098	0.0424353	0.0258892	-0.0170255	-0.0667521	-0.108388	-0.119264	-0.0933838	-0.0322446	0.0442446	0.109262	0.144932	0.133407	0.0734641	-0.0445559	-0.212459	-0.419829	-0.648159	-0.86621	-1.04267	-1.13435	-1.12741	-1.02772	-0.856771	-0.640931	-0.415863	-0.219201	-0.0815406	-0.00157227	0.017887	-0.0310487	-0.14481	-0.310135	-0.504363	-0.699835	-0.871391	-0.979054	-1.00495	-0.941272	-0.80041	-0.626663	-0.45325	-0.302009	-0.202187	-0.160759	-0.175588	-0.235925	-0.343828	-0.489653	-0.636609	-0.755319	-0.8367	-0.863415	-0.836495	-0.784369	-0.730506	-0.677209	-0.635878	-0.608142	-0.580419	-0.546317	-0.508814	-0.46549	-0.432085	-0.408126	-0.38543	-0.370804	-0.354357	-0.328307	-0.304624	-0.284726	-0.259049	-0.244105	-0.228319	-0.205841	-0.191001	-0.180056	-0.176919	-0.178428	-0.182808	-0.193445	-0.202087	-0.193804	-0.175279	-0.15823	-0.130687	-0.0844483	-0.0352232	0.00298256	0.0474148	0.0939125	0.125818	0.150952	0.163156	0.159932	0.138219	0.102083	0.061525	0	
0	0.0176356	0.0145345	-0.0158469	-0.0699407	-0.129175	-0.178946	-0.199276	-0.181801	-0.129018	-0.0611372	-0.00716495	0.0131413	-0.0132509	-0.0904914	-0.223412	-0.407749	-0.628914	-0.86621	-1.08906	-1.26215	-1.3441	-1.32201	-1.20409	-1.01632	-0.781048	-0.532243	-0.31238	-0.150554	-0.0490738	-0.00539088	-0.0294869	-0.120965	-0.268167	-0.446787	-0.634662	-0.805603	-0.925339	-0.971765	-0.935974	-0.824662	-0.675752	-0.518769	-0.377436	-0.273045	-0.222442	-0.229299	-0.277402	-0.365829	-0.495622	-0.632548	-0.742722	-0.816548	-0.838107	-0.802656	-0.733248	-0.658175	-0.584647	-0.525771	-0.483515	-0.448077	-0.414355	-0.382018	-0.347917	-0.325364	-0.310265	-0.291354	-0.279165	-0.263991	-0.236381	-0.207466	-0.173608	-0.129183	-0.0925633	-0.0571525	-0.0155928	0.017802	0.0410934	0.0558356	0.0587312	0.048093	0.0246019	-0.00285161	-0.0160904	-0.0240055	-0.0368852	-0.0369284	-0.0185965	0.00167678	0.0127917	0.0250402	0.0339301	0.034228	0.0383273	0.0370512	0.0276271	0.018075	0.0122941	0.0108288	0	
0	0.000635209	-0.018347	-0.0652891	-0.129356	-0.197443	-0.252388	-0.279669	-0.269651	-0.221995	-0.160962	-0.112991	-0.104144	-0.142311	-0.232829	-0.377979	-0.573601	-0.802777	-1.04267	-1.26215	-1.42433	-1.49023	-1.44606	-1.30579	-1.0977	-0.841565	-0.57054	-0.326252	-0.140414	-0.0155225	0.0524214	0.0549606	-0.0157321	-0.147915	-0.319806	-0.510645	-0.695513	-0.838094	-0.916068	-0.914906	-0.835604	-0.713084	-0.574828	-0.441055	-0.330963	-0.268619	-0.255997	-0.283504	-0.35455	-0.468277	-0.587271	-0.679698	-0.73617	-0.742591	-0.695487	-0.616041	-0.528723	-0.444772	-0.377486	-0.332846	-0.295785	-0.261658	-0.227665	-0.194946	-0.17736	-0.165718	-0.151401	-0.142276	-0.13218	-0.108848	-0.0789362	-0.0371234	0.0209426	0.0715806	0.116894	0.164861	0.201912	0.22581	0.241168	0.244918	0.233382	0.203739	0.163956	0.134365	0.106788	0.067077	0.0321479	0.0124207	-0.00462891	-0.0285571	-0.0525849	-0.0776575	-0.105935	-0.125615	-0.135645	-0.137761	-0.125052	-0.0900855	-0.0414332	0	
0	-0.0128846	-0.0468986	-0.104068	-0.17733	-0.24665	-0.304368	-0.334234	-0.329275	-0.285973	-0.227454	-0.182315	-0.178677	-0.223477	-0.321172	-0.472327	-0.670646	-0.900864	-1.13435	-1.3441	-1.49023	-1.53672	-1.46898	-1.30602	-1.07517	-0.799507	-0.50567	-0.236795	-0.0274334	0.118175	0.206709	0.226618	0.169126	0.0433833	-0.132904	-0.335536	-0.540974	-0.715338	-0.832091	-0.868406	-0.827352	-0.728998	-0.602371	-0.466901	-0.345515	-0.263553	-0.233371	-0.246178	-0.298973	-0.389876	-0.484156	-0.554342	-0.588456	-0.580153	-0.522742	-0.434951	-0.34479	-0.263696	-0.203747	-0.163401	-0.131587	-0.100704	-0.0660875	-0.034605	-0.0144028	-0.00237558	0.0144962	0.0260764	0.0353502	0.0551948	0.0796778	0.121287	0.178032	0.227835	0.268985	0.307083	0.334611	0.350162	0.361076	0.364635	0.354624	0.325782	0.286229	0.249188	0.202503	0.136202	0.0656307	0.00395787	-0.0533352	-0.114988	-0.175516	-0.228942	-0.274015	-0.300661	-0.309468	-0.303883	-0.267841	-0.194155	-0.0993167	0	
0	-0.0206959	-0.0610327	-0.123997	-0.195064	-0.260383	-0.309713	-0.33708	-0.330171	-0.287515	-0.226409	-0.179448	-0.176013	-0.223741	-0.326529	-0.480038	-0.679078	-0.904765	-1.12741	-1.32201	-1.44606	-1.46898	-1.37515	-1.18488	-0.932715	-0.636864	-0.324423	-0.0371306	0.191476	0.35194	0.451665	0.482821	0.429956	0.299527	0.110094	-0.116301	-0.353447	-0.566071	-0.720717	-0.795471	-0.782527	-0.699583	-0.578331	-0.439599	-0.303882	-0.20395	-0.154824	-0.147044	-0.179371	-0.245862	-0.319382	-0.36743	-0.380834	-0.357506	-0.297845	-0.216557	-0.132679	-0.0603621	-0.00798892	0.0210356	0.041321	0.0631054	0.0904639	0.116791	0.134854	0.150315	0.174363	0.196044	0.213721	0.229402	0.245113	0.274773	0.313652	0.3493	0.374081	0.39615	0.412522	0.418705	0.425103	0.428274	0.419095	0.390073	0.345859	0.300614	0.244693	0.160278	0.0596567	-0.0396997	-0.134549	-0.224643	-0.311876	-0.38987	-0.445851	-0.471627	-0.470136	-0.443937	-0.378256	-0.269504	-0.138023	0	
0	-0.0183144	-0.056647	-0.1126	-0.174043	-0.221864	-0.256571	-0.270985	-0.258706	-0.211453	-0.145471	-0.0933997	-0.0870904	-0.136616	-0.243193	-0.399036	-0.597765	-0.816493	-1.02772	-1.20409	-1.30579	-1.30602	-1.18488	-0.971366	-0.695401	-0.380974	-0.0527928	0.253065	0.496365	0.666519	0.770908	0.799877	0.737896	0.592219	0.374279	0.116758	-0.15613	-0.404605	-0.594748	-0.697097	-0.706712	-0.633679	-0.513514	-0.36378	-0.212807	-0.0937107	-0.0199758	0.00832736	-0.00305855	-0.045927	-0.0919182	-0.120105	-0.121578	-0.0997938	-0.0509038	0.0185692	0.0896036	0.150274	0.190328	0.209078	0.216026	0.222915	0.235904	0.247401	0.259312	0.274675	0.30453	0.339532	0.366837	0.379485	0.383729	0.393447	0.407763	0.420837	0.42578	0.431264	0.435188	0.438306	0.442117	0.442052	0.432731	0.399417	0.350802	0.298245	0.230346	0.135445	0.0185396	-0.106155	-0.227585	-0.344016	-0.453491	-0.54033	-0.593842	-0.608872	-0.587366	-0.53701	-0.446965	-0.314226	-0.159895	0	
0	-0.0108074	-0.0405876	-0.0838922	-0.127061	-0.152	-0.16284	-0.160135	-0.135212	-0.0810379	-0.005305	0.0547203	0.0683612	0.0186607	-0.0891203	-0.249002	-0.444768	-0.65881	-0.856771	-1.01632	-1.0977	-1.07517	-0.932715	-0.695401	-0.398921	-0.0674634	0.275574	0.594613	0.849484	1.02544	1.12498	1.14347	1.06331	0.890739	0.639257	0.344005	0.0337258	-0.249362	-0.467952	-0.592315	-0.616571	-0.546987	-0.422749	-0.261372	-0.0971779	0.0461889	0.143782	0.196947	0.209354	0.195984	0.166682	0.146578	0.144928	0.159501	0.191543	0.238788	0.292282	0.339373	0.370734	0.379222	0.373042	0.366844	0.365738	0.363611	0.367474	0.376872	0.405137	0.4428	0.472031	0.476879	0.466526	0.459156	0.450096	0.444227	0.434094	0.422325	0.415566	0.412678	0.41204	0.412114	0.400638	0.363541	0.309449	0.248384	0.176557	0.0774189	-0.0496707	-0.187863	-0.32163	-0.446707	-0.565518	-0.658479	-0.704628	-0.701555	-0.658521	-0.582619	-0.469412	-0.324313	-0.163905	0	
0	-0.00241721	-0.0218825	-0.0500002	-0.0722865	-0.0707609	-0.0556058	-0.0319262	0.00759445	0.0709319	0.158608	0.2291	0.25324	0.208276	0.0992809	-0.0580419	-0.253049	-0.455233	-0.640931	-0.781048	-0.841565	-0.799507	-0.636864	-0.380974	-0.0674634	0.27791	0.629016	0.955673	1.21576	1.38965	1.47984	1.47838	1.37445	1.17193	0.884382	0.553648	0.210657	-0.101623	-0.339929	-0.482598	-0.517251	-0.45283	-0.326383	-0.155885	0.027643	0.193046	0.321798	0.404314	0.440604	0.441256	0.420988	0.401079	0.388721	0.385573	0.393932	0.417967	0.450984	0.484366	0.504131	0.503325	0.488189	0.477248	0.47007	0.462827	0.460387	0.46106	0.477366	0.504267	0.525285	0.514909	0.493684	0.473557	0.452717	0.439007	0.41745	0.393009	0.369856	0.355388	0.345061	0.336816	0.325834	0.288345	0.230666	0.165594	0.0903023	-0.00739684	-0.131464	-0.267834	-0.399372	-0.521619	-0.633005	-0.716982	-0.755099	-0.73951	-0.681766	-0.589823	-0.46384	-0.315791	-0.157725	0	
0	0.00742919	0.000586588	-0.0100844	-0.00899862	0.020089	0.0614441	0.106896	0.158332	0.231088	0.325336	0.405336	0.438114	0.395142	0.288779	0.12934	-0.0575235	-0.248343	-0.415863	-0.532243	-0.57054	-0.50567	-0.324423	-0.0527928	0.275574	0.629016	0.982471	1.30794	1.5624	1.72684	1.79601	1.76865	1.63465	1.40204	1.08522	0.728258	0.362756	0.0369824	-0.216431	-0.370428	-0.415571	-0.360785	-0.236502	-0.0539932	0.143542	0.336825	0.499399	0.609084	0.661746	0.674168	0.654367	0.623262	0.592837	0.568236	0.552014	0.549567	0.560076	0.574703	0.582549	0.574541	0.558791	0.548914	0.542876	0.534009	0.525777	0.514171	0.511303	0.52273	0.528481	0.507661	0.478634	0.453227	0.432465	0.417647	0.397028	0.362548	0.322729	0.292605	0.262909	0.241145	0.220735	0.179519	0.122043	0.0545199	-0.0193378	-0.110007	-0.222932	-0.343933	-0.455673	-0.556257	-0.64757	-0.7124	-0.735202	-0.714003	-0.654569	-0.558915	-0.438372	-0.301074	-0.148094	0	
0	0.0178664	0.0247015	0.0329562	0.0583351	0.11408	0.181467	0.245364	0.309163	0.385758	0.484682	0.568552	0.605472	0.563616	0.453236	0.292906	0.108911	-0.0699559	-0.219201	-0.31238	-0.326252	-0.236795	-0.0371306	0.253065	0.594613	0.955673	1.30794	1.62281	1.86243	2.00469	2.04522	1.98191	1.8163	1.55591	1.21804	0.846117	0.474232	0.141984	-0.112406	-0.272313	-0.325449	-0.278455	-0.152619	0.0359269	0.251364	0.469479	0.657171	0.789566	0.857326	0.871888	0.846934	0.806351	0.757591	0.712871	0.673202	0.641776	0.621968	0.618171	0.61794	0.60988	0.59713	0.593376	0.589137	0.577358	0.558931	0.530215	0.510583	0.505804	0.502248	0.475756	0.442385	0.414571	0.393657	0.383213	0.366919	0.333171	0.287122	0.242216	0.194238	0.152779	0.116267	0.063753	-0.00219608	-0.0703962	-0.139423	-0.221193	-0.318376	-0.414701	-0.496039	-0.564913	-0.618444	-0.651057	-0.657207	-0.627276	-0.571741	-0.489329	-0.382289	-0.264658	-0.133354	0	
0	0.0246155	0.0426668	0.0671078	0.114502	0.193576	0.282654	0.363169	0.434504	0.513891	0.610546	0.694353	0.729644	0.684337	0.567496	0.402153	0.218989	0.0512204	-0.0815406	-0.150554	-0.140414	-0.0274334	0.191476	0.496365	0.849484	1.21576	1.5624	1.86243	2.08039	2.19636	2.20427	2.10542	1.90827	1.62385	1.27312	0.894691	0.52139	0.194168	-0.0574512	-0.218269	-0.269417	-0.224861	-0.0953452	0.105793	0.338307	0.571437	0.778499	0.924467	0.995639	1.00633	0.97973	0.934887	0.877611	0.818995	0.757087	0.699269	0.658701	0.641702	0.636227	0.630305	0.626867	0.628387	0.621409	0.602255	0.568982	0.525697	0.491086	0.47626	0.466944	0.440425	0.405245	0.370949	0.349566	0.339422	0.328068	0.300518	0.255426	0.20629	0.145552	0.0847568	0.0287277	-0.0374647	-0.113353	-0.187787	-0.254209	-0.323575	-0.400128	-0.47053	-0.523167	-0.557288	-0.56835	-0.559001	-0.535432	-0.495114	-0.441625	-0.37077	-0.292457	-0.207361	-0.102049	0	
0	0.0244237	0.0477538	0.0819429	0.145318	0.240226	0.343831	0.435288	0.509316	0.588524	0.67833	0.758965	0.789582	0.740627	0.618693	0.448953	0.269661	0.111809	-0.00157227	-0.0490738	-0.0155225	0.118175	0.35194	0.666519	1.02544	1.38965	1.72684	2.00469	2.19636	2.28427	2.2623	2.13476	1.91469	1.61742	1.26332	0.885859	0.516995	0.194895	-0.0542686	-0.209546	-0.257959	-0.208985	-0.0668937	0.148543	0.395558	0.642552	0.856657	1.00421	1.07547	1.08156	1.05321	1.00511	0.940246	0.870805	0.801155	0.732742	0.677992	0.652584	0.648909	0.649018	0.649258	0.647874	0.637072	0.61256	0.571309	0.520049	0.479753	0.460363	0.447559	0.425168	0.38746	0.346767	0.320094	0.303247	0.290274	0.264092	0.220141	0.16819	0.104425	0.0370278	-0.0327263	-0.113154	-0.199746	-0.277994	-0.345136	-0.409486	-0.466256	-0.50446	-0.522016	-0.521851	-0.493912	-0.44419	-0.392084	-0.338129	-0.28497	-0.231538	-0.181742	-0.131456	-0.0659223	0	
0	0.0185382	0.0400606	0.0794987	0.150968	0.254297	0.365426	0.459181	0.533306	0.60531	0.685247	0.756469	0.777973	0.724513	0.597122	0.426154	0.253125	0.108658	0.017887	-0.00539088	0.0524214	0.206709	0.451665	0.770908	1.12498	1.47984	1.79601	2.04522	2.20427	2.2623	2.21666	2.071	1.84011	1.54415	1.19853	0.831036	0.472135	0.15668	-0.0872684	-0.236775	-0.278815	-0.221181	-0.0698434	0.15484	0.412714	0.664869	0.880602	1.0353	1.10858	1.10965	1.0749	1.02179	0.951931	0.880456	0.808171	0.737382	0.684461	0.66511	0.663736	0.661953	0.659246	0.653058	0.638535	0.611493	0.570267	0.519901	0.483661	0.463333	0.451185	0.435021	0.39673	0.352818	0.318372	0.291859	0.2685	0.236762	0.191901	0.135381	0.0711268	0.00246188	-0.0716854	-0.159153	-0.259019	-0.348449	-0.418018	-0.472245	-0.5046	-0.507076	-0.484991	-0.446298	-0.381448	-0.302829	-0.237404	-0.18111	-0.131799	-0.0953007	-0.0719946	-0.0525142	-0.0257167	0	
0	0.00945496	0.0269817	0.0669872	0.141934	0.247691	0.357825	0.449398	0.516197	0.57724	0.641079	0.695039	0.701779	0.638789	0.503448	0.333361	0.164402	0.0369788	-0.0310487	-0.0294869	0.0549606	0.226618	0.482821	0.799877	1.14347	1.47838	1.76865	1.98191	2.10542	2.13476	2.071	1.91642	1.6873	1.3997	1.0709	0.721543	0.377916	0.0772111	-0.152228	-0.289029	-0.320145	-0.256253	-0.104058	0.117695	0.376268	0.627041	0.847372	1.00865	1.09014	1.09342	1.06031	1.00426	0.933123	0.859402	0.792649	0.732876	0.68806	0.668842	0.666068	0.665387	0.661537	0.651113	0.633207	0.608267	0.568606	0.523443	0.492884	0.476184	0.470154	0.461174	0.427972	0.380666	0.339398	0.30363	0.268981	0.233162	0.183735	0.123046	0.0581958	-0.0150392	-0.0965067	-0.191579	-0.29583	-0.388719	-0.460913	-0.505954	-0.508799	-0.468467	-0.406388	-0.334417	-0.245609	-0.153717	-0.0837682	-0.0325197	0.00818859	0.0311298	0.0333859	0.0266736	0.0174529	0	
0	-0.00186123	0.00815637	0.045159	0.118087	0.219335	0.322421	0.404825	0.459933	0.506393	0.548635	0.580789	0.567209	0.489389	0.348831	0.17481	0.0155257	-0.0995989	-0.14481	-0.120965	-0.0157321	0.169126	0.429956	0.737896	1.06331	1.37445	1.63465	1.8163	1.90827	1.91469	1.84011	1.6873	1.46114	1.18851	0.877809	0.549074	0.228244	-0.0476161	-0.257782	-0.370905	-0.389902	-0.320223	-0.175865	0.035987	0.281636	0.527253	0.745054	0.916136	1.00936	1.02376	0.995781	0.947801	0.888707	0.827955	0.774111	0.721074	0.674996	0.650908	0.647085	0.647013	0.647055	0.641057	0.631505	0.609367	0.572897	0.530343	0.50452	0.493619	0.493004	0.493966	0.465318	0.419416	0.372041	0.327238	0.2874	0.248833	0.198166	0.130098	0.0563927	-0.0226017	-0.110447	-0.209643	-0.309908	-0.390283	-0.447936	-0.477795	-0.459176	-0.393505	-0.305157	-0.210742	-0.110205	-0.0122977	0.05631	0.101339	0.139403	0.15251	0.137584	0.108563	0.0621755	0	
0	-0.0173079	-0.0205757	0.00825942	0.0711508	0.161487	0.251002	0.317894	0.36095	0.387521	0.411076	0.416177	0.381263	0.289172	0.140345	-0.0299203	-0.183821	-0.283401	-0.310135	-0.268167	-0.147915	0.0433833	0.299527	0.592219	0.890739	1.17193	1.40204	1.55591	1.62385	1.61742	1.54415	1.3997	1.18851	0.931347	0.637876	0.332694	0.037166	-0.215714	-0.3959	-0.488027	-0.496083	-0.423454	-0.290636	-0.098599	0.134402	0.371054	0.584732	0.758023	0.858788	0.885984	0.872297	0.845002	0.811795	0.775206	0.734929	0.687399	0.637749	0.6048	0.591378	0.593053	0.603267	0.614762	0.619719	0.60925	0.582161	0.544384	0.521211	0.508105	0.510704	0.512427	0.491424	0.452993	0.40525	0.361333	0.316354	0.275279	0.220388	0.14412	0.0598579	-0.0311562	-0.121325	-0.212371	-0.292798	-0.347272	-0.378487	-0.383814	-0.349353	-0.274165	-0.180657	-0.0850084	0.0144251	0.108635	0.17732	0.225747	0.25793	0.258506	0.232108	0.182089	0.100785	0	
0	-0.0314631	-0.0475551	-0.0294847	0.0197377	0.0947082	0.163974	0.212656	0.236337	0.243008	0.242516	0.218507	0.16031	0.0499802	-0.101546	-0.267971	-0.410603	-0.493482	-0.504363	-0.446787	-0.319806	-0.132904	0.110094	0.374279	0.639257	0.884382	1.08522	1.21804	1.27312	1.26332	1.19853	1.0709	0.877809	0.637876	0.367388	0.0885358	-0.178599	-0.400593	-0.55732	-0.636461	-0.638831	-0.572801	-0.458202	-0.280689	-0.0624317	0.164316	0.374296	0.548223	0.656547	0.700017	0.704769	0.703079	0.700952	0.686863	0.661371	0.621385	0.56986	0.524742	0.5033	0.505629	0.522764	0.548071	0.57094	0.580829	0.571444	0.545865	0.523236	0.508144	0.507109	0.506886	0.497734	0.474173	0.438043	0.397644	0.350894	0.300204	0.230617	0.144719	0.0514983	-0.039835	-0.123241	-0.198903	-0.2475	-0.264413	-0.261271	-0.241521	-0.192804	-0.117898	-0.0355003	0.0504863	0.138275	0.222165	0.28911	0.333752	0.3559	0.342127	0.292356	0.22024	0.123708	0	
0	-0.0433694	-0.0696635	-0.0655406	-0.0295717	0.0247996	0.0741754	0.101348	0.106288	0.0936844	0.0701294	0.0197987	-0.062525	-0.18852	-0.342075	-0.501736	-0.631631	-0.700785	-0.699835	-0.634662	-0.510645	-0.335536	-0.116301	0.116758	0.344005	0.553648	0.728258	0.846117	0.894691	0.885859	0.831036	0.721543	0.549074	0.332694	0.0885358	-0.158037	-0.390175	-0.585376	-0.722879	-0.795962	-0.804757	-0.753895	-0.655873	-0.499226	-0.298907	-0.0804327	0.125382	0.298583	0.419332	0.488132	0.517327	0.539394	0.554273	0.556137	0.541249	0.506341	0.455229	0.409706	0.387315	0.385552	0.404783	0.441942	0.482513	0.510646	0.520233	0.509455	0.491709	0.478751	0.476613	0.475174	0.476177	0.468156	0.442481	0.405765	0.357099	0.29792	0.22085	0.13198	0.0385991	-0.0431053	-0.106792	-0.158286	-0.180472	-0.164923	-0.126258	-0.0789608	-0.0171474	0.0593374	0.137274	0.207423	0.271416	0.335137	0.389958	0.424997	0.425465	0.385584	0.317772	0.230109	0.124063	0	
0	-0.0462969	-0.0792642	-0.0818971	-0.0611936	-0.0226527	0.00575686	0.0134601	0.000452317	-0.0309507	-0.0752191	-0.150706	-0.256369	-0.397428	-0.552388	-0.703783	-0.820354	-0.877906	-0.871391	-0.805603	-0.695513	-0.540974	-0.353447	-0.15613	0.0337258	0.210657	0.362756	0.474232	0.52139	0.516995	0.472135	0.377916	0.228244	0.037166	-0.178599	-0.390175	-0.59156	-0.763506	-0.888847	-0.964762	-0.982333	-0.945684	-0.867884	-0.733882	-0.557219	-0.356488	-0.156067	0.0251936	0.169568	0.268059	0.322488	0.361428	0.388626	0.399083	0.386294	0.355722	0.310626	0.268473	0.24139	0.239797	0.265129	0.312285	0.360743	0.395864	0.41601	0.413459	0.404	0.402384	0.409748	0.414586	0.422285	0.420843	0.397953	0.360579	0.313318	0.253832	0.181112	0.10486	0.0226428	-0.0448582	-0.0874238	-0.111035	-0.1009	-0.0552369	0.0136027	0.0897353	0.165984	0.243112	0.315646	0.372788	0.413753	0.444431	0.470759	0.486072	0.46331	0.404152	0.321782	0.223548	0.11974	0	
0	-0.0405223	-0.069784	-0.0776362	-0.0648645	-0.0414081	-0.028685	-0.0367076	-0.0646981	-0.109376	-0.169412	-0.26301	-0.386284	-0.53696	-0.691346	-0.829988	-0.935111	-0.983849	-0.979054	-0.925339	-0.838094	-0.715338	-0.566071	-0.404605	-0.249362	-0.101623	0.0369824	0.141984	0.194168	0.194895	0.15668	0.0772111	-0.0476161	-0.215714	-0.400593	-0.585376	-0.763506	-0.92028	-1.03975	-1.12183	-1.14638	-1.12867	-1.06903	-0.962073	-0.811639	-0.626637	-0.425867	-0.236683	-0.0717065	0.0514526	0.129503	0.183356	0.216618	0.230598	0.223986	0.19637	0.150463	0.104304	0.0775558	0.0776272	0.106143	0.159003	0.210252	0.248668	0.267851	0.270017	0.270155	0.283579	0.30446	0.316299	0.327062	0.323328	0.296741	0.255258	0.209509	0.157824	0.100733	0.0451397	-0.0143869	-0.0572803	-0.0739318	-0.066026	-0.0238184	0.0553014	0.156077	0.250095	0.333585	0.412281	0.478585	0.522712	0.541981	0.54185	0.537419	0.522697	0.471801	0.398314	0.310985	0.211268	0.112988	0	
0	-0.024531	-0.042468	-0.0487587	-0.0394654	-0.0256435	-0.0230095	-0.0402902	-0.079184	-0.128523	-0.200391	-0.300102	-0.435161	-0.589097	-0.737259	-0.864913	-0.955436	-1.00157	-1.00495	-0.971765	-0.916068	-0.832091	-0.720717	-0.594748	-0.467952	-0.339929	-0.216431	-0.112406	-0.0574512	-0.0542686	-0.0872684	-0.152228	-0.257782	-0.3959	-0.55732	-0.722879	-0.888847	-1.03975	-1.16724	-1.25499	-1.29228	-1.29052	-1.24868	-1.16384	-1.03706	-0.866524	-0.667592	-0.467718	-0.285588	-0.147262	-0.0525668	0.00974357	0.0478639	0.071836	0.073501	0.0473211	0.000668562	-0.044184	-0.0749995	-0.083832	-0.0583936	-0.00831988	0.0435803	0.0807713	0.102878	0.110102	0.116725	0.136062	0.155665	0.169816	0.176277	0.170988	0.147308	0.104139	0.0581744	0.0111076	-0.0298646	-0.0600944	-0.0872035	-0.0953689	-0.0735991	-0.027536	0.0442342	0.15072	0.273764	0.381545	0.465502	0.536963	0.60334	0.64252	0.645237	0.621644	0.581154	0.529784	0.456971	0.37233	0.284166	0.191944	0.102029	0	
0	0.0016969	0.00127079	0.00556569	0.0137779	0.0257308	0.023449	0.00187647	-0.0391479	-0.0917519	-0.16301	-0.263489	-0.399152	-0.548585	-0.689082	-0.801614	-0.880082	-0.92672	-0.941272	-0.935974	-0.914906	-0.868406	-0.795471	-0.697097	-0.592315	-0.482598	-0.370428	-0.272313	-0.218269	-0.209546	-0.236775	-0.289029	-0.370905	-0.488027	-0.636461	-0.795962	-0.964762	-1.12183	-1.25499	-1.34919	-1.40055	-1.41522	-1.39332	-1.33207	-1.22263	-1.05754	-0.855795	-0.64841	-0.461106	-0.317639	-0.213314	-0.142789	-0.0951279	-0.0621192	-0.0533457	-0.0728755	-0.113394	-0.157226	-0.197407	-0.219169	-0.210682	-0.174882	-0.128451	-0.0850415	-0.0545423	-0.0435505	-0.0339551	-0.0253712	-0.0185461	-0.0139956	-0.0170563	-0.0222887	-0.0389822	-0.0753769	-0.123878	-0.171361	-0.20332	-0.212566	-0.199831	-0.162183	-0.0959581	-0.0103207	0.0893055	0.210916	0.344581	0.461489	0.545913	0.613686	0.674149	0.706397	0.701949	0.659798	0.590601	0.51083	0.41677	0.325608	0.246621	0.167141	0.0872165	0	
0	0.0349877	0.0595981	0.078171	0.0909175	0.104393	0.101816	0.0813016	0.0410248	-0.00898237	-0.0740865	-0.167105	-0.292429	-0.43174	-0.558699	-0.655572	-0.723738	-0.770443	-0.80041	-0.824662	-0.835604	-0.827352	-0.782527	-0.706712	-0.616571	-0.517251	-0.415571	-0.325449	-0.269417	-0.257959	-0.278815	-0.320145	-0.389902	-0.496083	-0.638831	-0.804757	-0.982333	-1.14638	-1.29228	-1.40055	-1.47076	-1.50433	-1.50197	-1.45001	-1.34514	-1.18664	-0.992795	-0.785235	-0.599433	-0.455619	-0.340608	-0.257152	-0.200762	-0.16421	-0.1439	-0.150657	-0.183233	-0.227778	-0.277786	-0.319853	-0.336361	-0.317597	-0.274539	-0.225323	-0.192572	-0.181378	-0.174738	-0.180126	-0.18974	-0.19894	-0.216147	-0.230785	-0.245245	-0.277498	-0.326906	-0.370565	-0.395159	-0.388283	-0.340462	-0.256992	-0.144489	-0.0224636	0.0976443	0.227993	0.360179	0.471686	0.55815	0.625936	0.676522	0.698909	0.686639	0.637845	0.55574	0.459914	0.363135	0.270054	0.187421	0.119132	0.0606148	0	
0	0.0700908	0.122919	0.155948	0.177218	0.192325	0.194669	0.176903	0.142346	0.0977475	0.0440869	-0.0351225	-0.143348	-0.268327	-0.381558	-0.467289	-0.529514	-0.580057	-0.626663	-0.675752	-0.713084	-0.728998	-0.699583	-0.633679	-0.546987	-0.45283	-0.360785	-0.278455	-0.224861	-0.208985	-0.221181	-0.256253	-0.320223	-0.423454	-0.572801	-0.753895	-0.945684	-1.12867	-1.29052	-1.41522	-1.50433	-1.55467	-1.56259	-1.51788	-1.42138	-1.27502	-1.09257	-0.891572	-0.712355	-0.562288	-0.438082	-0.34435	-0.279323	-0.228236	-0.190954	-0.184461	-0.20928	-0.256211	-0.317191	-0.378564	-0.411445	-0.404634	-0.368185	-0.322258	-0.297484	-0.294363	-0.296932	-0.315504	-0.337047	-0.361845	-0.39925	-0.434329	-0.458282	-0.489163	-0.533971	-0.563265	-0.570514	-0.544039	-0.470374	-0.359323	-0.217877	-0.0729907	0.0581729	0.18758	0.311441	0.415697	0.496243	0.559639	0.60678	0.618564	0.5944	0.54293	0.45893	0.364133	0.278293	0.195274	0.122698	0.0692852	0.0302687	0	
0	0.10495	0.183364	0.233684	0.2599	0.279552	0.283722	0.270446	0.239946	0.201343	0.1593	0.0965469	0.00902514	-0.0994427	-0.198995	-0.277711	-0.33718	-0.392048	-0.45325	-0.518769	-0.574828	-0.602371	-0.578331	-0.513514	-0.422749	-0.326383	-0.236502	-0.152619	-0.0953452	-0.0668937	-0.0698434	-0.104058	-0.175865	-0.290636	-0.458202	-0.655873	-0.867884	-1.06903	-1.24868	-1.39332	-1.50197	-1.56259	-1.58205	-1.54533	-1.45861	-1.33117	-1.17058	-0.983963	-0.805879	-0.653035	-0.525007	-0.415911	-0.327625	-0.258846	-0.20892	-0.187029	-0.206372	-0.255669	-0.323529	-0.389649	-0.431103	-0.437934	-0.412855	-0.379124	-0.366144	-0.374794	-0.388109	-0.41494	-0.447202	-0.488136	-0.546596	-0.606109	-0.645604	-0.681257	-0.717573	-0.728931	-0.717348	-0.66798	-0.575515	-0.449964	-0.301347	-0.156324	-0.0211905	0.104722	0.21472	0.307077	0.377997	0.423924	0.446278	0.44482	0.420654	0.371127	0.299018	0.22885	0.168232	0.106172	0.0491737	0.0125509	5.92449e-05	0	
