0	0	0	0	0	0	0	0	0	0	0	0	0	0	0	0	0	0	0	0	0	0	0	0	0	0	0	0	0	0	0	0	0	0	0	0	0	0	0	0	0	0	0	0	0	0	0	0	0	0	0	0	0	0	0	0	0	0	0	0	0	0	0	0	0	0	0	0	0	0	0	0	0	0	0	0	0	0	0	0	0	0	0	0	0	0	0	0	0	0	0	0	0	0	0	0	0	0	0	0	
0	7.0706e-31	2.03726e-29	5.42739e-28	1.33495e-26	3.02379e-25	6.2899e-24	1.19796e-22	2.08231e-21	3.29191e-20	4.71556e-19	6.09631e-18	7.08273e-17	7.36161e-16	6.81271e-15	5.58591e-14	4.0373e-13	2.55912e-12	1.41551e-11	6.7995e-11	2.82422e-10	1.01064e-09	3.10797e-09	8.20742e-09	1.86421e-08	3.65769e-08	6.23763e-08	9.30486e-08	1.22067e-07	1.41384e-07	1.44916e-07	1.31492e-07	1.05444e-07	7.44805e-08	4.61225e-08	2.48946e-08	1.16406e-08	4.69147e-09	1.62428e-09	4.82474e-10	1.23044e-10	2.70086e-11	5.12258e-12	8.43607e-13	1.21289e-13	1.53109e-14	1.70664e-15	1.68904e-16	1.49201e-17	1.18217e-18	8.44034e-20	5.4534e-21	3.20123e-22	1.71354e-23	8.39186e-25	3.7719e-26	1.56043e-27	5.9575e-29	2.10418e-30	6.89106e-32	2.09695e-33	5.94066e-35	1.56969e-36	3.87483e-38	8.95023e-40	1.93727e-41	3.93464e-43	7.50809e-45	1.34764e-46	2.27776e-48	3.62892e-50	5.45496e-52	7.7434e-54	1.03885e-55	1.3182e-57	1.58315e-59	1.80076e-61	1.94106e-63	1.98385e-65	1.92345e-67	1.76991e-69	1.54631e-71	1.28314e-73	1.01163e-75	7.57988e-78	5.39883e-80	3.65611e-82	2.35445e-84	1.44199e-86	8.39979e-89	4.65401e-91	2.45265e-93	1.22935e-95	5.86009e-98	2.65624e-100	1.14469e-102	4.68888e-105	1.82512e-107	6.74852e-110	0	
0	2.03726e-29	5.67061e-28	1.45832e-26	3.46018e-25	7.5548e-24	1.51352e-22	2.77376e-21	4.63477e-20	7.03606e-19	9.6676e-18	1.19737e-16	1.331e-15	1.32184e-14	1.16719e-13	9.11821e-13	6.27038e-12	3.77675e-11	1.98285e-10	9.03428e-10	3.55866e-09	1.20853e-08	3.5336e-08	8.9014e-08	1.93802e-07	3.66705e-07	6.07137e-07	8.85344e-07	1.1433e-06	1.31277e-06	1.34352e-06	1.226e-06	9.95849e-07	7.17571e-07	4.56455e-07	2.54788e-07	1.23977e-07	5.22693e-08	1.90065e-08	5.9454e-09	1.59906e-09	3.70335e-10	7.40856e-11	1.28579e-11	1.94593e-12	2.58223e-13	3.02135e-14	3.13427e-15	2.89796e-16	2.40014e-17	1.78896e-18	1.20524e-19	7.36886e-21	4.10398e-22	2.08921e-23	9.75236e-25	4.18664e-26	1.65741e-27	6.06584e-29	2.05712e-30	6.47848e-32	1.89844e-33	5.1861e-35	1.32298e-36	3.15665e-38	7.05528e-40	1.47917e-41	2.91272e-43	5.39365e-45	9.40277e-47	1.5448e-48	2.39418e-50	3.50349e-52	4.84473e-54	6.33584e-56	7.84184e-58	9.19184e-60	1.021e-61	1.07531e-63	1.07437e-65	1.0188e-67	9.17343e-70	7.84594e-72	6.37646e-74	4.92569e-76	3.61762e-78	2.52664e-80	1.67844e-82	1.06066e-84	6.37673e-87	3.64754e-89	1.98515e-91	1.02795e-93	5.06416e-96	2.37335e-98	1.05797e-100	4.48495e-103	1.80766e-105	6.92502e-108	0	
0	5.42739e-28	1.45832e-26	3.61751e-25	8.27273e-24	1.73938e-22	3.35258e-21	5.90524e-20	9.4733e-19	1.37909e-17	1.81475e-16	2.14963e-15	2.28199e-14	2.16092e-13	1.81646e-12	1.34866e-11	8.80011e-11	5.02171e-10	2.49462e-09	1.0745e-08	4.00039e-08	1.28498e-07	3.56094e-07	8.53269e-07	1.77635e-06	3.23464e-06	5.19038e-06	7.38928e-06	9.38558e-06	1.06799e-05	1.09129e-05	1.00174e-05	8.24714e-06	6.06871e-06	3.97158e-06	2.29712e-06	1.16589e-06	5.15606e-07	1.97517e-07	6.52783e-08	1.85786e-08	4.55503e-09	9.64257e-10	1.76909e-10	2.82633e-11	3.95292e-12	4.86668e-13	5.3034e-14	5.14277e-15	4.46029e-16	3.47633e-17	2.44568e-18	1.55953e-19	9.04813e-21	4.79327e-22	2.3261e-23	1.03719e-24	4.26123e-26	1.61724e-27	5.68349e-29	1.85361e-30	5.6218e-32	1.5886e-33	4.18993e-35	1.03316e-36	2.38538e-38	5.16421e-40	1.04974e-41	2.00599e-43	3.60786e-45	6.11378e-47	9.77114e-49	1.47422e-50	2.10154e-52	2.83285e-54	3.61365e-56	4.3652e-58	4.99666e-60	5.42286e-62	5.58325e-64	5.45597e-66	5.06267e-68	4.46261e-70	3.73817e-72	2.97669e-74	2.2539e-76	1.6232e-78	1.11207e-80	7.24929e-83	4.49691e-85	2.65478e-87	1.49164e-89	7.97669e-92	4.05973e-94	1.96633e-96	9.06267e-99	3.97401e-101	1.65764e-103	6.5755e-106	0	
0	1.33495e-26	3.46018e-25	8.27273e-24	1.82182e-22	3.68519e-21	6.82666e-20	1.15437e-18	1.77567e-17	2.47533e-16	3.11471e-15	3.52256e-14	3.56439e-13	3.21163e-12	2.56407e-11	1.80471e-10	1.11425e-09	6.00593e-09	2.81398e-08	1.14201e-07	4.00499e-07	1.21283e-06	3.17594e-06	7.21999e-06	1.43405e-05	2.5084e-05	3.89515e-05	5.40787e-05	6.75149e-05	7.61082e-05	7.76439e-05	7.17117e-05	5.98723e-05	4.50342e-05	3.03613e-05	1.82272e-05	9.66967e-06	4.49691e-06	1.82005e-06	6.37545e-07	1.92648e-07	5.0171e-08	1.12756e-08	2.19366e-09	3.71041e-10	5.48413e-11	7.1218e-12	8.17073e-13	8.32652e-14	7.57599e-15	6.1845e-16	4.55029e-17	3.03029e-18	1.83376e-19	1.01204e-20	5.11096e-22	2.36923e-23	1.01102e-24	3.98206e-26	1.45119e-27	4.90447e-29	1.5404e-30	4.50503e-32	1.22907e-33	3.13334e-35	7.47609e-37	1.67192e-38	3.50935e-40	6.92247e-42	1.2848e-43	2.24612e-45	3.70256e-47	5.76053e-49	8.46647e-51	1.17648e-52	1.54686e-54	1.92579e-56	2.27169e-58	2.54063e-60	2.69546e-62	2.71424e-64	2.59535e-66	2.35757e-68	2.03528e-70	1.67042e-72	1.30378e-74	9.68012e-77	6.83839e-79	4.59735e-81	2.94179e-83	1.79191e-85	1.0391e-87	5.73657e-90	3.01511e-92	1.50867e-94	7.18609e-97	3.25798e-99	1.40569e-101	5.77067e-104	0	
0	3.02379e-25	7.5548e-24	1.73938e-22	3.68519e-21	7.16429e-20	1.27406e-18	2.06565e-17	3.04242e-16	4.05506e-15	4.87075e-14	5.24928e-13	5.05219e-12	4.32126e-11	3.26811e-10	2.1743e-09	1.26622e-08	6.42446e-08	2.82854e-07	1.07743e-06	3.54546e-06	1.00844e-05	2.48681e-05	5.34762e-05	0.000101085	0.000169493	0.00025427	0.000343833	0.000421567	0.000470573	0.000479265	0.000445524	0.000377481	0.000290541	0.000202095	0.000126174	7.01301e-05	3.43934e-05	1.47552e-05	5.49807e-06	1.77067e-06	4.91715e-07	1.17767e-07	2.43825e-08	4.38076e-09	6.86349e-10	9.42742e-11	1.14156e-11	1.22528e-12	1.17193e-13	1.00385e-14	7.73699e-16	5.38906e-17	3.40605e-18	1.96071e-19	1.03159e-20	4.97649e-22	2.20773e-23	9.03163e-25	3.41573e-26	1.19707e-27	3.89597e-29	1.17992e-30	3.33154e-32	8.78518e-34	2.16709e-35	5.00819e-37	1.08586e-38	2.21172e-40	4.23721e-42	7.64399e-44	1.29992e-45	2.08592e-47	3.16133e-49	4.52904e-51	6.13843e-53	7.87676e-55	9.57585e-57	1.10364e-58	1.20657e-60	1.25196e-62	1.23356e-64	1.15467e-66	1.02723e-68	8.6886e-71	6.98956e-73	5.34929e-75	3.89583e-77	2.70058e-79	1.78215e-81	1.11977e-83	6.69963e-86	3.8172e-88	2.07121e-90	1.07025e-92	5.26633e-95	2.46749e-97	1.10072e-99	4.67397e-102	0	
0	6.2899e-24	1.51352e-22	3.35258e-21	6.82666e-20	1.27406e-18	2.17234e-17	3.37228e-16	4.74856e-15	6.04093e-14	6.91332e-13	7.0848e-12	6.47033e-11	5.23952e-10	3.74255e-09	2.34584e-08	1.28384e-07	6.1072e-07	2.51591e-06	8.95488e-06	2.75261e-05	7.32197e-05	0.000169373	0.000343359	0.000615944	0.000987642	0.00142864	0.00187884	0.00226	0.00249657	0.0025382	0.00237583	0.00204458	0.00161239	0.00115914	0.000754263	0.000440414	0.000228503	0.000104301	4.15143e-05	1.43125e-05	4.25723e-06	1.09134e-06	2.41451e-07	4.6257e-08	7.70891e-09	1.12349e-09	1.4399e-10	1.63193e-11	1.64453e-12	1.48112e-13	1.198e-14	8.74188e-16	5.77912e-17	3.47467e-18	1.90686e-19	9.58342e-21	4.42432e-22	1.88161e-23	7.39104e-25	2.688e-26	9.07144e-28	2.84678e-29	8.32344e-31	2.27147e-32	5.79554e-34	1.38466e-35	3.10229e-37	6.52689e-39	1.29111e-40	2.40416e-42	4.21878e-44	6.98363e-46	1.0916e-47	1.61257e-49	2.25325e-51	2.9804e-53	3.73443e-55	4.43558e-57	4.99712e-59	5.34295e-61	5.42454e-63	5.23207e-65	4.79627e-67	4.18048e-69	3.46574e-71	2.73371e-73	2.05219e-75	1.46655e-77	9.97879e-80	6.46601e-82	3.99052e-84	2.34584e-86	1.31361e-88	7.00727e-91	3.56069e-93	1.72345e-95	7.94517e-98	3.48805e-100	0	
0	1.19796e-22	2.77376e-21	5.90524e-20	1.15437e-18	2.06565e-17	3.37228e-16	5.0048e-15	6.72609e-14	8.15159e-13	8.86924e-12	8.62237e-11	7.45209e-10	5.69592e-09	3.82961e-08	2.2529e-07	1.15384e-06	5.12224e-06	1.96459e-05	6.49987e-05	0.000185657	0.000459552	0.000992711	0.00188993	0.00320699	0.00490434	0.00682557	0.00871533	0.0102724	0.011222	0.0113878	0.0107384	0.00939604	0.00760356	0.00566059	0.00384854	0.00236786	0.00130445	0.000636213	0.000271798	0.00010083	3.22929e-05	8.90585e-06	2.11567e-06	4.34103e-07	7.72622e-08	1.19904e-08	1.6317e-09	1.95832e-10	2.08448e-11	1.97839e-12	1.68274e-13	1.28873e-14	8.92569e-16	5.61328e-17	3.21741e-18	1.68659e-19	8.11163e-21	3.58986e-22	1.46587e-23	5.5368e-25	1.93899e-26	6.30932e-28	1.9114e-29	5.40123e-31	1.42612e-32	3.52408e-34	8.16229e-36	1.77445e-37	3.62551e-39	6.97041e-41	1.26248e-42	2.15641e-44	3.47703e-46	5.29734e-48	7.63226e-50	1.04074e-51	1.34417e-53	1.64545e-55	1.91038e-57	2.10481e-59	2.20193e-61	2.18834e-63	2.06701e-65	1.85641e-67	1.58589e-69	1.28911e-71	9.97365e-74	7.34654e-76	5.15319e-78	3.44285e-80	2.19118e-82	1.32863e-84	7.6761e-87	4.22575e-89	2.21666e-91	1.10794e-93	5.2763e-96	2.39378e-98	0	
0	2.08231e-21	4.63477e-20	9.4733e-19	1.77567e-17	3.04242e-16	4.74856e-15	6.72609e-14	8.61116e-13	9.92121e-12	1.02385e-10	9.41697e-10	7.67884e-09	5.52086e-08	3.48031e-07	1.91315e-06	9.12428e-06	3.75952e-05	0.000133458	0.000407919	0.00107606	0.00246424	0.00494555	0.00880361	0.0140796	0.0204734	0.0273481	0.0338398	0.0390285	0.0421314	0.0426684	0.0405563	0.036123	0.0300469	0.0232156	0.0165375	0.0107578	0.00631859	0.00330892	0.00152571	0.000612692	0.000212587	6.34521e-05	1.6277e-05	3.59547e-06	6.866e-07	1.13934e-07	1.65233e-08	2.10675e-09	2.37544e-10	2.38188e-11	2.13521e-12	1.71968e-13	1.25005e-14	8.23608e-16	4.93764e-17	2.70326e-18	1.35601e-19	6.25142e-21	2.65618e-22	1.04289e-23	3.79284e-25	1.2806e-26	4.0224e-28	1.17766e-29	3.21955e-31	8.23259e-33	1.97206e-34	4.43172e-36	9.35586e-38	1.85781e-39	3.47405e-41	6.12442e-43	1.01891e-44	1.60125e-46	2.37919e-48	3.34507e-50	4.45374e-52	5.61954e-54	6.72394e-56	7.63422e-58	8.22949e-60	8.42711e-62	8.20149e-64	7.58943e-66	6.68042e-68	5.59545e-70	4.46114e-72	3.38658e-74	2.44846e-76	1.6863e-78	1.10654e-80	6.91909e-83	4.12318e-85	2.3418e-87	1.2677e-89	6.54085e-92	3.21654e-94	1.50745e-96	0	
0	3.29191e-20	7.03606e-19	1.37909e-17	2.47533e-16	4.05506e-15	6.04093e-14	8.15159e-13	9.92121e-12	1.08411e-10	1.05833e-09	9.18155e-09	7.03939e-08	4.74197e-07	2.79019e-06	1.42587e-05	6.29593e-05	0.000239229	0.000780536	0.00218802	0.00529221	0.011138	0.0206473	0.0342007	0.051347	0.0707662	0.0904965	0.108298	0.122046	0.130088	0.131468	0.126023	0.114395	0.0979807	0.0787528	0.0589513	0.040695	0.0255987	0.0144725	0.00724817	0.00317297	0.00120138	0.000390856	0.000108992	2.60767e-05	5.37189e-06	9.57707e-07	1.4864e-07	2.02079e-08	2.4214e-09	2.57239e-10	2.43644e-11	2.06817e-12	1.58096e-13	1.09318e-14	6.86562e-16	3.93118e-17	2.05934e-18	9.9011e-20	4.38198e-21	1.79007e-22	6.76671e-24	2.37248e-25	7.7318e-27	2.34684e-28	6.64692e-30	1.75971e-31	4.3616e-33	1.01365e-34	2.21193e-36	4.53803e-38	8.76403e-40	1.59505e-41	2.73869e-43	4.44056e-45	6.80553e-47	9.86714e-49	1.35449e-50	1.76173e-52	2.17263e-54	2.54214e-56	2.82382e-58	2.97948e-60	2.98768e-62	2.84852e-64	2.58334e-66	2.22943e-68	1.83149e-70	1.43269e-72	1.06747e-74	7.57742e-77	5.12552e-79	3.3043e-81	2.0305e-83	1.18948e-85	6.643e-88	3.53705e-90	1.7955e-92	8.68895e-95	0	
0	4.71556e-19	9.6676e-18	1.81475e-16	3.11471e-15	4.87075e-14	6.91332e-13	8.86924e-12	1.02385e-10	1.05833e-09	9.74435e-09	7.94673e-08	5.70607e-07	3.58513e-06	1.95872e-05	9.24959e-05	0.000375539	0.00130586	0.00388351	0.00989834	0.0217682	0.0417867	0.071102	0.10904	0.153066	0.19933	0.243466	0.281302	0.309423	0.325486	0.328218	0.317402	0.293885	0.259579	0.217492	0.171556	0.126129	0.0853649	0.052408	0.0287116	0.013812	0.00575564	0.00205835	0.000628917	0.000164153	3.67126e-05	7.0712e-06	1.18018e-06	1.71802e-07	2.19567e-08	2.47919e-09	2.48792e-10	2.23126e-11	1.79753e-12	1.30694e-13	8.61341e-15	5.166e-16	2.82996e-17	1.42073e-18	6.55673e-20	2.78962e-21	1.09704e-22	3.99741e-24	1.35266e-25	4.25944e-27	1.25059e-28	3.42971e-30	8.80041e-32	2.11606e-33	4.77492e-35	1.01251e-36	2.02015e-38	3.79688e-40	6.72987e-42	1.12609e-43	1.78048e-45	2.66254e-47	3.76883e-49	5.05372e-51	6.42427e-53	7.74707e-55	8.86798e-57	9.64133e-59	9.96111e-61	9.78478e-63	9.14248e-65	8.12877e-67	6.88014e-69	5.54533e-71	4.25741e-73	3.11434e-75	2.17115e-77	1.44278e-79	9.14047e-82	5.52137e-84	3.18036e-86	1.74695e-88	9.15097e-91	4.57112e-93	0	
0	6.09631e-18	1.19737e-16	2.14963e-15	3.52256e-14	5.24928e-13	7.0848e-12	8.62237e-11	9.41697e-10	9.18155e-09	7.94673e-08	6.06865e-07	4.06281e-06	2.3685e-05	0.000119423	0.000517444	0.00191607	0.00604175	0.0162155	0.0372006	0.0736827	0.127981	0.198656	0.280805	0.367451	0.451294	0.52592	0.586417	0.629623	0.653745	0.657816	0.641648	0.605923	0.552048	0.482572	0.40172	0.315355	0.230525	0.154526	0.093284	0.0497548	0.0230446	0.00915001	0.0030924	0.0008881	0.00021726	4.5504e-05	8.21267e-06	1.28627e-06	1.76059e-07	2.1204e-08	2.26148e-09	2.14864e-10	1.82855e-11	1.40089e-12	9.70629e-14	6.10778e-15	3.50404e-16	1.83927e-17	8.86183e-19	3.93097e-20	1.60979e-21	6.10145e-23	2.14542e-24	7.01376e-26	2.1361e-27	6.0721e-29	1.61382e-30	4.01677e-32	9.3768e-34	2.05589e-35	4.23919e-37	8.23063e-39	1.50643e-40	2.6019e-42	4.24514e-44	6.54876e-46	9.56022e-48	1.32181e-49	1.73218e-51	2.153e-53	2.53984e-55	2.84539e-57	3.02898e-59	3.06545e-61	2.95081e-63	2.70289e-65	2.35683e-67	1.95704e-69	1.54803e-71	1.16679e-73	8.38209e-76	5.74052e-78	3.7486e-80	2.33438e-82	1.38646e-84	7.85443e-87	4.24435e-89	2.18773e-91	0	
0	7.08273e-17	1.331e-15	2.28199e-14	3.56439e-13	5.05219e-12	6.47033e-11	7.45209e-10	7.67884e-09	7.03939e-08	5.70607e-07	4.06281e-06	2.5231e-05	0.000135658	0.000626791	0.00247117	0.00826544	0.0233774	0.0559696	0.114262	0.201841	0.314971	0.444177	0.577762	0.704999	0.817989	0.911684	0.983739	1.03358	1.06089	1.06543	1.04721	1.00637	0.943181	0.858001	0.75226	0.629952	0.497752	0.365416	0.244516	0.145871	0.0759055	0.0338495	0.0127961	0.00408467	0.00110275	0.000253067	4.97104e-05	8.42247e-06	1.24043e-06	1.59984e-07	1.81965e-08	1.83696e-09	1.6557e-10	1.3396e-11	9.77738e-13	6.46649e-14	3.89129e-15	2.13857e-16	1.07708e-17	4.98691e-19	2.12878e-20	8.40044e-22	3.07194e-23	1.04339e-24	3.29854e-26	9.7248e-28	2.67862e-29	6.90469e-31	1.66825e-32	3.7835e-34	8.06558e-36	1.61822e-37	3.05925e-39	5.45566e-41	9.18724e-43	1.46234e-44	2.20205e-46	3.13972e-48	4.24206e-50	5.43507e-52	6.60801e-54	7.62868e-56	8.36751e-58	8.72463e-60	8.65206e-62	8.16421e-64	7.33354e-66	6.27314e-68	5.11186e-70	3.96945e-72	2.93805e-74	2.07334e-76	1.39525e-78	8.95536e-81	5.48304e-83	3.20268e-85	1.78481e-87	9.4899e-90	0	
0	7.36161e-16	1.32184e-14	2.16092e-13	3.21163e-12	4.32126e-11	5.23952e-10	5.69592e-09	5.52086e-08	4.74197e-07	3.58513e-06	2.3685e-05	0.000135658	0.000668085	0.00280539	0.00996619	0.0297696	0.0745749	0.157223	0.282391	0.441537	0.617572	0.793097	0.954852	1.09531	1.21133	1.30257	1.37075	1.41719	1.44198	1.44594	1.4296	1.39186	1.33251	1.25081	1.14477	1.0139	0.860017	0.688728	0.511037	0.342883	0.202455	0.102659	0.0439656	0.0157853	0.00475202	0.00120548	0.000259637	4.78852e-05	7.62796e-06	1.05822e-06	1.28841e-07	1.38647e-08	1.32722e-09	1.13682e-10	8.75905e-12	6.10003e-13	3.8567e-14	2.22249e-15	1.1716e-16	5.66869e-18	2.52506e-19	1.03839e-20	3.95253e-22	1.39587e-23	4.58378e-25	1.40249e-26	4.00583e-28	1.06995e-29	2.67684e-31	6.28241e-33	1.38513e-34	2.87271e-36	5.61129e-38	1.03348e-39	1.79671e-41	2.9514e-43	4.58517e-45	6.74284e-47	9.39389e-49	1.24078e-50	1.55488e-52	1.84986e-54	2.0907e-56	2.24594e-58	2.2945e-60	2.23035e-62	2.0637e-64	1.81838e-66	1.52633e-68	1.22091e-70	9.30932e-73	6.76813e-75	4.69283e-77	3.10386e-79	1.95858e-81	1.17926e-83	6.77558e-86	3.71511e-88	0	
0	6.81271e-15	1.16719e-13	1.81646e-12	2.56407e-11	3.26811e-10	3.74255e-09	3.82961e-08	3.48031e-07	2.79019e-06	1.95872e-05	0.000119423	0.000626791	0.00280539	0.010606	0.0335718	0.0884094	0.193489	0.354817	0.556671	0.771464	0.97699	1.16074	1.31744	1.44669	1.54928	1.6281	1.68578	1.72304	1.74189	1.74486	1.73267	1.70296	1.65365	1.58349	1.4909	1.37239	1.22681	1.05343	0.855694	0.642531	0.432166	0.251787	0.12379	0.0506553	0.0172067	0.00487389	0.00116071	0.000234652	4.06647e-05	6.09751e-06	7.97939e-07	9.18494e-08	9.36591e-09	8.51462e-10	6.941e-11	5.10007e-12	3.39365e-13	2.05374e-14	1.13473e-15	5.74431e-17	2.67292e-18	1.14662e-19	4.54688e-21	1.67093e-22	5.70366e-24	1.81228e-25	5.37071e-27	1.48719e-28	3.85452e-30	9.36548e-32	2.13641e-33	4.58176e-35	9.24971e-37	1.75992e-38	3.15943e-40	5.35713e-42	8.58787e-44	1.30276e-45	1.8717e-47	2.54886e-49	3.29243e-51	4.03689e-53	4.70128e-55	5.20333e-57	5.47625e-59	5.48331e-61	5.22594e-63	4.74281e-65	4.1004e-67	3.37826e-69	2.65323e-71	1.98699e-73	1.41927e-75	9.67122e-78	6.28815e-80	3.90173e-82	2.31067e-84	1.30614e-86	0	
0	5.58591e-14	9.11821e-13	1.34866e-11	1.80471e-10	2.1743e-09	2.34584e-08	2.2529e-07	1.91315e-06	1.42587e-05	9.24959e-05	0.000517444	0.00247117	0.00996619	0.0335718	0.0935366	0.214284	0.404786	0.64191	0.885769	1.11157	1.31208	1.48346	1.62458	1.73497	1.81621	1.87291	1.90843	1.9266	1.93589	1.93797	1.93133	1.91734	1.88958	1.84134	1.77082	1.67215	1.54357	1.38408	1.19478	0.978865	0.740363	0.496128	0.282802	0.133614	0.0518632	0.0165852	0.00440771	0.000984174	0.000186708	3.04164e-05	4.29675e-06	5.30979e-07	5.78544e-08	5.59721e-09	4.83855e-10	3.75851e-11	2.63678e-12	1.67833e-13	9.73241e-15	5.16105e-16	2.51139e-17	1.12488e-18	4.65117e-20	1.78001e-21	6.32028e-23	2.08679e-24	6.42013e-26	1.84402e-27	4.95354e-29	1.24655e-30	2.94316e-32	6.52906e-34	1.3627e-35	2.67916e-37	4.9677e-39	8.69637e-41	1.43876e-42	2.25174e-44	3.33664e-46	4.68513e-48	6.23864e-50	7.88363e-52	9.46065e-54	1.07881e-55	1.16963e-57	1.20633e-59	1.18416e-61	1.10682e-63	9.85486e-66	8.36171e-68	6.76333e-70	5.21652e-72	3.83774e-74	2.69371e-76	1.80426e-78	1.15343e-80	7.03879e-83	4.10063e-85	0	
0	4.0373e-13	6.27038e-12	8.80011e-11	1.11425e-09	1.26622e-08	1.28384e-07	1.15384e-06	9.12428e-06	6.29593e-05	0.000375539	0.00191607	0.00826544	0.0297696	0.0884094	0.214284	0.42256	0.686538	0.953665	1.1968	1.41665	1.60615	1.75611	1.86446	1.93211	1.96801	1.97994	1.97715	1.97018	1.96605	1.96591	1.96793	1.97456	1.97971	1.97505	1.94948	1.89604	1.80413	1.67136	1.49634	1.2876	1.05392	0.795011	0.524127	0.288262	0.129316	0.047201	0.0141314	0.00351242	0.000734155	0.000130629	2.00073e-05	2.66408e-06	3.11125e-07	3.21169e-08	2.95085e-09	2.42797e-10	1.79892e-11	1.20611e-12	7.35026e-14	4.08787e-15	2.08235e-16	9.74787e-18	4.20613e-19	1.67755e-20	6.20009e-22	2.12847e-23	6.80181e-25	2.0274e-26	5.64704e-28	1.47236e-29	3.59928e-31	8.26177e-33	1.78315e-34	3.62347e-36	6.94076e-38	1.25466e-39	2.14257e-41	3.45992e-43	5.28831e-45	7.65705e-47	1.05111e-48	1.36899e-50	1.69287e-52	1.98883e-54	2.2212e-56	2.35959e-58	2.38543e-60	2.2961e-62	2.10522e-64	1.83934e-66	1.53195e-68	1.21671e-70	9.21774e-73	6.66296e-75	4.5964e-77	3.02665e-79	1.90272e-81	1.14208e-83	0	
0	2.55912e-12	3.77675e-11	5.02171e-10	6.00593e-09	6.42446e-08	6.1072e-07	5.12224e-06	3.75952e-05	0.000239229	0.00130586	0.00604175	0.0233774	0.0745749	0.193489	0.404786	0.686538	0.975901	1.238	1.48032	1.68849	1.83941	1.93432	1.9775	1.98079	1.95639	1.9167	1.8727	1.83805	1.81358	1.80813	1.82645	1.85768	1.89821	1.94206	1.97293	1.9836	1.95687	1.8844	1.75627	1.56929	1.33787	1.08395	0.804172	0.511999	0.266893	0.112144	0.0381409	0.0106298	0.00246277	0.000481005	8.02063e-05	1.15473e-05	1.4496e-06	1.60056e-07	1.56625e-08	1.36752e-09	1.07174e-10	7.57932e-12	4.85997e-13	2.83767e-14	1.5146e-15	7.41611e-17	3.34183e-18	1.38994e-19	5.35027e-21	1.91072e-22	6.34519e-24	1.9635e-25	5.67283e-27	1.53296e-28	3.88108e-30	9.22011e-32	2.05831e-33	4.32378e-35	8.55732e-37	1.59751e-38	2.81616e-40	4.69272e-42	7.39875e-44	1.10471e-45	1.56335e-47	2.09855e-49	2.67398e-51	3.2364e-53	3.72313e-55	4.07333e-57	4.24056e-59	4.20289e-61	3.96757e-63	3.56894e-65	3.06028e-67	2.50233e-69	1.95177e-71	1.45257e-73	1.03177e-75	6.99615e-78	4.5295e-80	2.80033e-82	0	
0	1.41551e-11	1.98285e-10	2.49462e-09	2.81398e-08	2.82854e-07	2.51591e-06	1.96459e-05	0.000133458	0.000780536	0.00388351	0.0162155	0.0559696	0.157223	0.354817	0.64191	0.953665	1.238	1.50208	1.72886	1.87877	1.96268	1.9863	1.95727	1.88964	1.79627	1.69617	1.60091	1.52632	1.48411	1.4764	1.50529	1.56755	1.65692	1.7559	1.85485	1.9342	1.98093	1.97903	1.92041	1.79807	1.60053	1.34652	1.07138	0.767745	0.461542	0.223726	0.0868773	0.0272937	0.00704274	0.00151597	0.000276135	4.31049e-05	5.83041e-06	6.89945e-07	7.20305e-08	6.68344e-09	5.54731e-10	4.14249e-11	2.79746e-12	1.71627e-13	9.60553e-15	4.92261e-16	2.31783e-17	1.00583e-18	4.03416e-20	1.49931e-21	5.17577e-23	1.66325e-24	4.98568e-26	1.39665e-27	3.66275e-29	9.00709e-31	2.08005e-32	4.51735e-34	9.23809e-36	1.78114e-37	3.24137e-39	5.57357e-41	9.06451e-43	1.39561e-44	2.03598e-46	2.81656e-48	3.69771e-50	4.61022e-52	5.46224e-54	6.15383e-56	6.59621e-58	6.73048e-60	6.54052e-62	6.05603e-64	5.34507e-66	4.49855e-68	3.61154e-70	2.76662e-72	2.02284e-74	1.412e-76	9.41161e-79	5.99113e-81	0	
0	6.7995e-11	9.03428e-10	1.0745e-08	1.14201e-07	1.07743e-06	8.95488e-06	6.49987e-05	0.000407919	0.00218802	0.00989834	0.0372006	0.114262	0.282391	0.556671	0.885769	1.1968	1.48032	1.72886	1.88913	1.97358	1.98816	1.92449	1.80679	1.6489	1.47716	1.30842	1.16471	1.05748	0.996126	0.985509	1.0268	1.1168	1.24684	1.40852	1.58187	1.7465	1.88433	1.97023	1.98967	1.93035	1.80429	1.58714	1.31311	1.01497	0.68667	0.380774	0.168658	0.0598248	0.017231	0.00409672	0.000816743	0.000138468	2.0209e-05	2.5661e-06	2.86109e-07	2.82358e-08	2.48389e-09	1.95985e-10	1.39464e-11	8.99448e-13	5.28058e-14	2.83335e-15	1.39442e-16	6.31499e-18	2.63959e-19	1.02109e-20	3.66473e-22	1.22312e-23	3.80422e-25	1.1048e-26	3.00134e-28	7.63991e-30	1.8251e-31	4.0977e-33	8.65846e-35	1.72401e-36	3.23853e-38	5.74575e-40	9.63794e-42	1.52996e-43	2.3005e-45	3.2793e-47	4.43501e-49	5.69488e-51	6.94781e-53	8.05864e-55	8.89169e-57	9.33803e-59	9.33892e-61	8.89844e-63	8.08157e-65	6.99869e-67	5.78141e-69	4.55712e-71	3.42861e-73	2.4628e-75	1.68937e-77	1.10683e-79	0	
0	2.82422e-10	3.55866e-09	4.00039e-08	4.00499e-07	3.54546e-06	2.75261e-05	0.000185657	0.00107606	0.00529221	0.0217682	0.0736827	0.201841	0.441537	0.771464	1.11157	1.41665	1.68849	1.87877	1.97358	1.98904	1.89605	1.73922	1.52352	1.28389	1.03563	0.806111	0.611939	0.47012	0.387924	0.372996	0.42962	0.548065	0.724191	0.942428	1.18284	1.42996	1.65807	1.83964	1.96288	1.99121	1.9258	1.77732	1.53016	1.23758	0.911126	0.566922	0.283969	0.113328	0.0363855	0.00955032	0.00208364	0.000383656	6.04184e-05	8.23232e-06	9.80261e-07	1.02895e-07	9.59332e-09	7.99749e-10	5.99655e-11	4.06518e-12	2.50333e-13	1.40617e-14	7.23241e-16	3.41781e-17	1.48863e-18	5.99294e-20	2.23585e-21	7.74889e-23	2.50029e-24	7.52633e-26	2.11758e-27	5.57853e-29	1.37826e-30	3.1984e-32	6.98128e-34	1.43519e-35	2.78219e-37	5.09175e-39	8.8067e-41	1.44099e-42	2.23261e-44	3.27833e-46	4.56597e-48	6.03649e-50	7.58086e-52	9.04945e-54	1.02746e-55	1.11019e-57	1.14222e-59	1.11954e-61	1.04584e-63	9.31556e-66	7.91476e-68	6.41659e-70	4.96533e-72	3.66853e-74	2.58849e-76	1.74458e-78	0	
0	1.01064e-09	1.20853e-08	1.28498e-07	1.21283e-06	1.00844e-05	7.32197e-05	0.000459552	0.00246424	0.011138	0.0417867	0.127981	0.314971	0.617572	0.97699	1.31208	1.60615	1.83941	1.96268	1.98816	1.89605	1.71542	1.4584	1.15041	0.820506	0.504423	0.216089	-0.0152248	-0.180247	-0.269841	-0.284659	-0.225395	-0.0887081	0.118066	0.3819	0.690034	1.02005	1.33702	1.62254	1.83084	1.96608	1.98319	1.90255	1.71003	1.43325	1.11611	0.760101	0.424093	0.188781	0.0672036	0.0194034	0.00462042	0.000922031	0.000156407	2.28349e-05	2.90019e-06	3.23424e-07	3.19262e-08	2.80947e-09	2.21775e-10	1.57911e-11	1.01921e-12	5.98939e-14	3.21735e-15	1.58553e-16	7.19163e-18	3.01131e-19	1.16719e-20	4.19827e-22	1.40457e-23	4.38011e-25	1.27569e-26	3.47627e-28	8.87816e-30	2.12841e-31	4.79672e-33	1.01761e-34	2.03477e-36	3.83941e-38	6.84394e-40	1.1537e-41	1.84094e-43	2.78319e-45	3.98997e-47	5.42829e-49	7.01365e-51	8.61217e-53	1.00565e-54	1.1174e-56	1.18205e-58	1.19113e-60	1.14389e-62	1.04737e-64	9.14722e-67	7.62267e-69	6.06322e-71	4.6048e-73	3.34001e-75	2.31421e-77	0	
0	3.10797e-09	3.5336e-08	3.56094e-07	3.17594e-06	2.48681e-05	0.000169373	0.000992711	0.00494555	0.0206473	0.071102	0.198656	0.444177	0.793097	1.16074	1.48346	1.75611	1.93432	1.9863	1.92449	1.73922	1.4584	1.09649	0.707763	0.305021	-0.0676277	-0.388516	-0.649031	-0.829245	-0.929876	-0.947509	-0.877938	-0.729744	-0.503017	-0.204911	0.153407	0.544539	0.944267	1.32053	1.63784	1.86439	1.9765	1.96834	1.84262	1.59923	1.29507	0.942732	0.575163	0.282005	0.110337	0.0348139	0.00900136	0.00193853	0.000352946	5.50419e-05	7.4362e-06	8.78912e-07	9.16608e-08	8.49779e-09	7.04956e-10	5.26346e-11	3.5553e-12	2.18264e-13	1.22291e-14	6.27685e-16	2.96143e-17	1.28831e-18	5.18233e-20	1.93262e-21	6.69758e-23	2.1617e-24	6.51121e-26	1.83371e-27	4.83686e-29	1.19691e-30	2.78277e-32	6.08728e-34	1.25449e-35	2.4386e-37	4.4765e-39	7.76829e-41	1.27566e-42	1.98413e-44	2.92558e-46	4.09276e-48	5.43643e-50	6.86142e-52	8.23394e-54	9.40078e-56	1.02172e-57	1.05767e-59	1.04336e-61	9.81252e-64	8.80192e-66	7.53346e-68	6.15441e-70	4.80059e-72	3.5764e-74	2.54528e-76	0	
0	8.20742e-09	8.9014e-08	8.53269e-07	7.21999e-06	5.34762e-05	0.000343359	0.00188993	0.00880361	0.0342007	0.10904	0.280805	0.577762	0.954852	1.31744	1.62458	1.86446	1.9775	1.95727	1.80679	1.52352	1.15041	0.707763	0.237024	-0.218088	-0.631326	-0.972521	-1.22675	-1.40043	-1.49101	-1.50524	-1.44567	-1.30646	-1.08565	-0.776105	-0.390009	0.0495185	0.521982	0.97773	1.38543	1.70567	1.91463	1.98464	1.92739	1.73154	1.44662	1.10513	0.723725	0.385165	0.163775	0.0559686	0.0155977	0.00360271	0.000700283	0.000116112	1.66179e-05	2.07406e-06	2.27764e-07	2.21792e-08	1.9283e-09	1.5059e-10	1.06204e-11	6.79656e-13	3.96383e-14	2.11497e-15	1.03607e-16	4.67472e-18	1.9484e-19	7.52173e-21	2.69615e-22	8.99377e-24	2.79781e-25	8.13234e-27	2.21265e-28	5.64458e-30	1.35222e-31	3.04641e-33	6.46304e-35	1.29282e-36	2.44122e-38	4.35627e-40	7.35376e-42	1.17546e-43	1.78074e-45	2.55891e-47	3.49067e-49	4.52361e-51	5.57289e-53	6.53093e-55	7.28497e-57	7.73895e-59	7.8336e-61	7.5592e-63	6.95692e-65	6.1089e-67	5.12008e-69	4.09739e-71	3.13176e-73	2.28677e-75	0	
0	1.86421e-08	1.93802e-07	1.77635e-06	1.43405e-05	0.000101085	0.000615944	0.00320699	0.0140796	0.051347	0.153066	0.367451	0.704999	1.09531	1.44669	1.73497	1.93211	1.98079	1.88964	1.6489	1.28389	0.820506	0.305021	-0.218088	-0.708084	-1.13244	-1.46336	-1.70325	-1.848	-1.91695	-1.92798	-1.88265	-1.7723	-1.57152	-1.27614	-0.887759	-0.420387	0.0957418	0.616894	1.10948	1.5156	1.81179	1.96026	1.97034	1.82895	1.57031	1.24329	0.859924	0.489413	0.223329	0.08179	0.0243469	0.00598436	0.00123337	0.000216116	3.25897e-05	4.27432e-06	4.92092e-07	5.01312e-08	4.55113e-09	3.70497e-10	2.71962e-11	1.80899e-12	1.0952e-13	6.05921e-15	3.07452e-16	1.43551e-17	6.18593e-19	2.46701e-20	9.12845e-22	3.1412e-23	1.00739e-24	3.0169e-26	8.45258e-28	2.21933e-29	5.46951e-31	1.2671e-32	2.76318e-34	5.67937e-36	1.10156e-37	2.01847e-39	3.49781e-41	5.738e-43	8.91895e-45	1.31471e-46	1.83935e-48	2.44421e-50	3.0872e-52	3.70874e-54	4.24027e-56	4.61653e-58	4.78876e-60	4.73514e-62	4.46524e-64	4.01739e-66	3.44984e-68	2.82857e-70	2.21507e-72	1.65717e-74	0	
0	3.65769e-08	3.66705e-07	3.23464e-06	2.5084e-05	0.000169493	0.000987642	0.00490434	0.0204734	0.0707662	0.19933	0.451294	0.817989	1.21133	1.54928	1.81621	1.96801	1.95639	1.79627	1.47716	1.03563	0.504423	-0.0676277	-0.631326	-1.13244	-1.5403	-1.83822	-2.0129	-2.1021	-2.14141	-2.14745	-2.12264	-2.05732	-1.92198	-1.67141	-1.30941	-0.841523	-0.297109	0.27581	0.83273	1.31136	1.6867	1.91095	1.98263	1.89435	1.66624	1.35596	0.977698	0.5869	0.283751	0.110095	0.0346503	0.00898138	0.00194683	0.00035789	5.64922e-05	7.73986e-06	9.29123e-07	9.85324e-08	9.29793e-09	7.8571e-10	5.97948e-11	4.11892e-12	2.57982e-13	1.47521e-14	7.73002e-16	3.72418e-17	1.65476e-18	6.80003e-20	2.59105e-21	9.17615e-23	3.02701e-24	9.31996e-26	2.68334e-27	7.23696e-29	1.83129e-30	4.35443e-32	9.74301e-34	2.05405e-35	4.08522e-37	7.67376e-39	1.36287e-40	2.2908e-42	3.6477e-44	5.50721e-46	7.8901e-48	1.07351e-49	1.3881e-51	1.70694e-53	1.99742e-55	2.22554e-57	2.36239e-59	2.39023e-61	2.30626e-63	2.12298e-65	1.86521e-67	1.56465e-69	1.2536e-71	9.59545e-74	0	
0	6.23763e-08	6.07137e-07	5.19038e-06	3.89515e-05	0.00025427	0.00142864	0.00682557	0.0273481	0.0904965	0.243466	0.52592	0.911684	1.30257	1.6281	1.87291	1.97994	1.9167	1.69617	1.30842	0.806111	0.216089	-0.388516	-0.972521	-1.46336	-1.83822	-2.06945	-2.16982	-2.16526	-2.11558	-2.10307	-2.14627	-2.17813	-2.12473	-1.94786	-1.63071	-1.18131	-0.62883	-0.0260316	0.57743	1.11879	1.56002	1.8465	1.97388	1.93497	1.73691	1.44332	1.07372	0.671572	0.339798	0.138055	0.0454471	0.0123002	0.00277898	0.000531555	8.71643e-05	1.23883e-05	1.54067e-06	1.69068e-07	1.64909e-08	1.43904e-09	1.12988e-10	8.02333e-12	5.17645e-13	3.04694e-14	1.6424e-15	8.13496e-17	3.71402e-18	1.56741e-19	6.13058e-21	2.22765e-22	7.53671e-24	2.37902e-25	7.01973e-27	1.93962e-28	5.02691e-30	1.22387e-31	2.80313e-33	6.04786e-35	1.2307e-36	2.36482e-38	4.29551e-40	7.38325e-42	1.20201e-43	1.8552e-45	2.7168e-47	3.7779e-49	4.99218e-51	6.27299e-53	7.50042e-55	8.53854e-57	9.26006e-59	9.572e-61	9.43544e-63	8.87334e-65	7.9645e-67	6.82565e-69	5.58721e-71	4.36946e-73	0	
0	9.30486e-08	8.85344e-07	7.38928e-06	5.40787e-05	0.000343833	0.00187884	0.00871533	0.0338398	0.108298	0.281302	0.586417	0.983739	1.37075	1.68578	1.90843	1.97715	1.8727	1.60091	1.16471	0.611939	-0.0152248	-0.649031	-1.22675	-1.70325	-2.0129	-2.16982	-2.17749	-2.06219	-1.94184	-1.91747	-2.0081	-2.14153	-2.1903	-2.0925	-1.84844	-1.43269	-0.889061	-0.272531	0.367532	0.954681	1.4449	1.7849	1.95667	1.95794	1.78574	1.50666	1.14649	0.739174	0.386914	0.162732	0.0554222	0.0155022	0.00361562	0.000713173	0.000120475	1.7623e-05	2.25383e-06	2.5414e-07	2.54533e-08	2.27911e-09	1.83507e-10	1.33552e-11	8.82608e-13	5.31892e-14	2.934e-15	1.48652e-16	6.93931e-18	2.99327e-19	1.19621e-20	4.43967e-22	1.53375e-23	4.94213e-25	1.48822e-26	4.19557e-28	1.10919e-29	2.75411e-31	6.43203e-33	1.41478e-34	2.93465e-36	5.74724e-38	1.06384e-39	1.86322e-41	3.09055e-43	4.8595e-45	7.24938e-47	1.02686e-48	1.38212e-50	1.76895e-52	2.15426e-54	2.49785e-56	2.7591e-58	2.90492e-60	2.91664e-62	2.79392e-64	2.55454e-66	2.23025e-68	1.85992e-70	1.48202e-72	0	
0	1.22067e-07	1.1433e-06	9.38558e-06	6.75149e-05	0.000421567	0.00226	0.0102724	0.0390285	0.122046	0.309423	0.629623	1.03358	1.41719	1.72304	1.9266	1.97018	1.83805	1.52632	1.05748	0.47012	-0.180247	-0.829245	-1.40043	-1.848	-2.1021	-2.16526	-2.06219	-1.84361	-1.63622	-1.5927	-1.74949	-1.98441	-2.14173	-2.14778	-1.97547	-1.59775	-1.06916	-0.446073	0.216682	0.831543	1.35775	1.73415	1.93509	1.96969	1.81835	1.54858	1.19568	0.786868	0.421523	0.181514	0.063266	0.0180994	0.00431486	0.00086944	0.000149957	2.23846e-05	2.91994e-06	3.35661e-07	3.42566e-08	3.12423e-09	2.56103e-10	1.89676e-11	1.27513e-12	7.81379e-14	4.38112e-15	2.25541e-16	1.06943e-17	4.684e-19	1.90009e-20	7.15626e-22	2.50802e-23	8.19623e-25	2.50253e-26	7.15162e-28	1.9161e-29	4.82058e-31	1.14045e-32	2.54065e-34	5.33646e-36	1.05808e-37	1.98256e-39	3.51422e-41	5.89865e-43	9.38417e-45	1.41623e-46	2.02914e-48	2.76227e-50	3.5752e-52	4.40253e-54	5.16112e-56	5.76336e-58	6.13384e-60	6.22493e-62	6.02675e-64	5.56889e-66	4.91319e-68	4.14027e-70	3.33339e-72	0	
0	1.41384e-07	1.31277e-06	1.06799e-05	7.61082e-05	0.000470573	0.00249657	0.011222	0.0421314	0.130088	0.325486	0.653745	1.06089	1.44198	1.74189	1.93589	1.96605	1.81358	1.48411	0.996126	0.387924	-0.269841	-0.929876	-1.49101	-1.91695	-2.14141	-2.11558	-1.94184	-1.63622	-1.30786	-1.2349	-1.4919	-1.83501	-2.06021	-2.15571	-2.04004	-1.67638	-1.17318	-0.536529	0.125942	0.765223	1.30339	1.70496	1.92338	1.97278	1.83489	1.5713	1.2223	0.813182	0.441128	0.192407	0.0679099	0.0196665	0.00474464	0.000967252	0.000168746	2.54735e-05	3.3596e-06	3.90376e-07	4.0261e-08	3.70956e-09	3.07122e-10	2.29666e-11	1.55847e-12	9.63692e-14	5.45084e-15	2.82995e-16	1.35286e-17	5.97238e-19	2.44127e-20	9.26235e-22	3.26926e-23	1.07575e-24	3.30637e-26	9.50944e-28	2.56362e-29	6.48824e-31	1.54388e-32	3.45863e-34	7.30397e-36	1.45578e-37	2.74159e-39	4.88356e-41	8.23617e-43	1.31635e-44	1.9955e-46	2.87156e-48	3.92557e-50	5.10171e-52	6.30737e-54	7.42287e-56	8.32031e-58	8.88771e-60	9.05195e-62	8.79432e-64	8.1538e-66	7.21757e-68	6.10178e-70	4.9281e-72	0	
0	1.44916e-07	1.34352e-06	1.09129e-05	7.76439e-05	0.000479265	0.0025382	0.0113878	0.0426684	0.131468	0.328218	0.657816	1.06543	1.44594	1.74486	1.93797	1.96591	1.80813	1.4764	0.985509	0.372996	-0.284659	-0.947509	-1.50524	-1.92798	-2.14745	-2.10307	-1.91747	-1.5927	-1.2349	-1.15505	-1.43743	-1.80599	-2.04173	-2.15441	-2.05055	-1.68676	-1.19095	-0.550341	0.109881	0.755349	1.29359	1.70141	1.92164	1.97203	1.83737	1.57529	1.22679	0.817569	0.444431	0.194262	0.0687066	0.0199371	0.00481931	0.000984359	0.000172055	2.60215e-05	3.43819e-06	4.0023e-07	4.13501e-08	3.81645e-09	3.16498e-10	2.3706e-11	1.61115e-12	9.97759e-14	5.65167e-15	2.93827e-16	1.40651e-17	6.21712e-19	2.5444e-20	9.6649e-22	3.41515e-23	1.12495e-24	3.46113e-26	9.96427e-28	2.68874e-29	6.81102e-31	1.62207e-32	3.6368e-34	7.68627e-36	1.53314e-37	2.88937e-39	5.15038e-41	8.69198e-43	1.39009e-44	2.10859e-46	3.03611e-48	4.1529e-50	5.40013e-52	6.67986e-54	7.86527e-56	8.82057e-58	9.42657e-60	9.60521e-62	9.33599e-64	8.65975e-66	7.66862e-68	6.48572e-70	5.24024e-72	0	
0	1.31492e-07	1.226e-06	1.00174e-05	7.17117e-05	0.000445524	0.00237583	0.0107384	0.0405563	0.126023	0.317402	0.641648	1.04721	1.4296	1.73267	1.93133	1.96793	1.82645	1.50529	1.0268	0.42962	-0.225395	-0.877938	-1.44567	-1.88265	-2.12264	-2.14627	-2.0081	-1.74949	-1.4919	-1.43743	-1.63655	-1.91675	-2.10625	-2.15431	-2.00735	-1.63812	-1.11944	-0.491766	0.171971	0.797573	1.3313	1.71949	1.92909	1.97174	1.82685	1.55996	1.20902	0.799998	0.431243	0.186883	0.0655429	0.0188641	0.00452366	0.000916761	0.000159011	2.38676e-05	3.13029e-06	3.61756e-07	3.71118e-08	3.40182e-09	2.8024e-10	2.08553e-11	1.40861e-12	8.6711e-14	4.88333e-15	2.52474e-16	1.20212e-17	5.28645e-19	2.15288e-20	8.13907e-22	2.86294e-23	9.38948e-25	2.87676e-26	8.24863e-28	2.2172e-29	5.59566e-31	1.32787e-32	2.96694e-34	6.2498e-36	1.24264e-37	2.3347e-39	4.14936e-41	6.98263e-43	1.11364e-44	1.68476e-46	2.41961e-48	3.30141e-50	4.28261e-52	5.2852e-54	6.20911e-56	6.94809e-58	7.40977e-60	7.53474e-62	7.30901e-64	6.76653e-66	5.98088e-68	5.04913e-70	4.07232e-72	0	
0	1.05444e-07	9.95849e-07	8.24714e-06	5.98723e-05	0.000377481	0.00204458	0.00939604	0.036123	0.114395	0.293885	0.605923	1.00637	1.39186	1.70296	1.91734	1.97456	1.85768	1.56755	1.1168	0.548065	-0.0887081	-0.729744	-1.30646	-1.7723	-2.05732	-2.17813	-2.14153	-1.98441	-1.83501	-1.80599	-1.91675	-2.08727	-2.18282	-2.12395	-1.90922	-1.51009	-0.969723	-0.350297	0.300605	0.898875	1.40597	1.76259	1.94767	1.964	1.80082	1.52587	1.16896	0.760742	0.402393	0.171047	0.0588628	0.0166316	0.00391717	0.000780026	0.00013299	1.96293e-05	2.53247e-06	2.88006e-07	2.90863e-08	2.62568e-09	2.13098e-10	1.56297e-11	1.04082e-12	6.31931e-14	3.51141e-15	1.79188e-16	8.42398e-18	3.65897e-19	1.47225e-20	5.50101e-22	1.91302e-23	6.20462e-25	1.88048e-26	5.33525e-28	1.41938e-29	3.54632e-31	8.33333e-33	1.8442e-34	3.84857e-36	7.58234e-38	1.4119e-39	2.48742e-41	4.15018e-43	6.56373e-45	9.84858e-47	1.40308e-48	1.89936e-50	2.44485e-52	2.99436e-54	3.49166e-56	3.87868e-58	4.10673e-60	4.14653e-62	3.9944e-64	3.67269e-66	3.22445e-68	2.7041e-70	2.16676e-72	0	
0	7.44805e-08	7.17571e-07	6.06871e-06	4.50342e-05	0.000290541	0.00161239	0.00760356	0.0300469	0.0979807	0.259579	0.552048	0.943181	1.33251	1.65365	1.88958	1.97971	1.89821	1.65692	1.24684	0.724191	0.118066	-0.503017	-1.08565	-1.57152	-1.92198	-2.12473	-2.1903	-2.14173	-2.06021	-2.04173	-2.10625	-2.18282	-2.16736	-2.01823	-1.7316	-1.29247	-0.7449	-0.131446	0.488416	1.04975	1.51108	1.82072	1.9683	1.94606	1.75865	1.47141	1.10571	0.700849	0.359895	0.148432	0.0495854	0.0136115	0.00311736	0.000604127	0.00010032	1.44321e-05	1.81604e-06	2.01562e-07	1.98782e-08	1.75326e-09	1.39099e-10	9.97789e-12	6.50126e-13	3.86372e-14	2.10231e-15	1.05089e-16	4.84104e-18	2.06104e-19	8.13086e-21	2.97946e-22	1.01638e-23	3.23436e-25	9.61972e-27	2.67886e-28	6.99625e-30	1.71624e-31	3.96013e-33	8.60678e-35	1.76407e-36	3.41384e-38	6.24449e-40	1.08075e-41	1.77151e-43	2.75261e-45	4.05784e-47	5.67986e-49	7.5543e-51	9.55358e-53	1.14957e-54	1.31694e-56	1.43714e-58	1.49475e-60	1.48247e-62	1.40265e-64	1.26659e-66	1.09199e-68	8.99183e-71	7.07365e-73	0	
0	4.61225e-08	4.56455e-07	3.97158e-06	3.03613e-05	0.000202095	0.00115914	0.00566059	0.0232156	0.0787528	0.217492	0.482572	0.858001	1.25081	1.58349	1.84134	1.97505	1.94206	1.7559	1.40852	0.942428	0.3819	-0.204911	-0.776105	-1.27614	-1.67141	-1.94786	-2.0925	-2.14778	-2.15571	-2.15441	-2.15431	-2.12395	-2.01823	-1.79788	-1.4483	-0.987739	-0.43753	0.145926	0.727538	1.23308	1.63594	1.88566	1.98048	1.9133	1.69757	1.39395	1.01885	0.622562	0.306914	0.121434	0.03895	0.0102801	0.002267	0.000423625	6.79192e-05	9.44504e-06	1.15009e-06	1.23643e-07	1.18215e-08	1.01165e-09	7.79318e-11	5.43166e-12	3.44085e-13	1.98929e-14	1.05352e-15	5.12831e-17	2.30159e-18	9.5506e-20	3.67373e-21	1.31309e-22	4.3707e-24	1.35755e-25	3.94215e-27	1.07212e-28	2.73521e-30	6.55599e-32	1.47842e-33	3.14085e-35	6.29389e-37	1.19101e-38	2.13063e-40	3.6069e-42	5.7837e-44	8.79242e-46	1.26825e-47	1.73712e-49	2.26101e-51	2.79845e-53	3.29574e-55	3.69543e-57	3.94727e-59	4.01855e-61	3.90116e-63	3.61293e-65	3.19334e-67	2.69472e-69	2.17178e-71	1.6721e-73	0	
0	2.48946e-08	2.54788e-07	2.29712e-06	1.82272e-05	0.000126174	0.000754263	0.00384854	0.0165375	0.0589513	0.171556	0.40172	0.75226	1.14477	1.4909	1.77082	1.94948	1.97293	1.85485	1.58187	1.18284	0.690034	0.153407	-0.390009	-0.887759	-1.30941	-1.63071	-1.84844	-1.97547	-2.04004	-2.05055	-2.00735	-1.90922	-1.7316	-1.4483	-1.0669	-0.596983	-0.0647857	0.477656	0.995048	1.4351	1.76375	1.94289	1.97863	1.85876	1.61192	1.29146	0.909514	0.529577	0.247631	0.0929045	0.0283002	0.00710895	0.0014954	0.000267117	4.10169e-05	5.47247e-06	6.40329e-07	6.62446e-08	6.10274e-09	5.03803e-10	3.74789e-11	2.52507e-12	1.54761e-13	8.66385e-15	4.44637e-16	2.09889e-17	9.14076e-19	3.68287e-20	1.37629e-21	4.78161e-23	1.5478e-24	4.67741e-26	1.32206e-27	3.50104e-29	8.7005e-31	2.03206e-32	4.46665e-34	9.25215e-36	1.8082e-37	3.33798e-39	5.82664e-41	9.62676e-43	1.50686e-44	2.23655e-46	3.15026e-48	4.21415e-50	5.35771e-52	6.47804e-54	7.45372e-56	8.1662e-58	8.52354e-60	8.47989e-62	8.04514e-64	7.28176e-66	6.29028e-68	5.18793e-70	4.08649e-72	3.07502e-74	0	
0	1.16406e-08	1.23977e-07	1.16589e-06	9.66967e-06	7.01301e-05	0.000440414	0.00236786	0.0107578	0.040695	0.126129	0.315355	0.629952	1.0139	1.37239	1.67215	1.89604	1.9836	1.9342	1.7465	1.42996	1.02005	0.544539	0.0495185	-0.420387	-0.841523	-1.18131	-1.43269	-1.59775	-1.67638	-1.68676	-1.63812	-1.51009	-1.29247	-0.987739	-0.596983	-0.143203	0.347256	0.834282	1.27791	1.63173	1.87842	1.97912	1.94853	1.77463	1.49962	1.16349	0.78012	0.427167	0.18707	0.0657769	0.0188285	0.00445864	0.000886943	0.000150262	2.19416e-05	2.79045e-06	3.11888e-07	3.088e-08	2.72726e-09	2.16175e-10	1.54627e-11	1.00294e-12	5.92482e-14	3.20033e-15	1.5863e-16	7.23862e-18	3.04995e-19	1.1898e-20	4.30806e-22	1.45115e-23	4.55706e-25	1.33675e-26	3.66942e-28	9.44189e-30	2.28094e-31	5.18082e-33	1.1079e-34	2.23346e-36	4.24953e-38	7.63964e-40	1.29905e-41	2.09131e-43	3.19042e-45	4.61619e-47	6.33973e-49	8.27051e-51	1.02558e-52	1.20967e-54	1.35795e-56	1.45168e-58	1.4786e-60	1.43561e-62	1.32931e-64	1.17434e-66	9.90174e-69	7.97126e-71	6.12884e-73	4.50162e-75	0	
0	4.69147e-09	5.22693e-08	5.15606e-07	4.49691e-06	3.43934e-05	0.000228503	0.00130445	0.00631859	0.0255987	0.0853649	0.230525	0.497752	0.860017	1.22681	1.54357	1.80413	1.95687	1.98093	1.88433	1.65807	1.33702	0.944267	0.521982	0.0957418	-0.297109	-0.62883	-0.889061	-1.06916	-1.17318	-1.19095	-1.11944	-0.969723	-0.7449	-0.43753	-0.0647857	0.347256	0.779545	1.18508	1.54006	1.80767	1.95789	1.98021	1.88222	1.65653	1.35905	1.01046	0.63555	0.322525	0.130588	0.0425558	0.0113363	0.00250919	0.000468495	7.47768e-05	1.03216e-05	1.24451e-06	1.32225e-07	1.24737e-08	1.05185e-09	7.97556e-11	5.46637e-12	3.4026e-13	1.93168e-14	1.00398e-15	4.79388e-17	2.10954e-18	8.57973e-20	3.23364e-21	1.13212e-22	3.69015e-24	1.12213e-25	3.18943e-27	8.48837e-29	2.1188e-30	4.96789e-32	1.09569e-33	2.27623e-35	4.45954e-37	8.24924e-39	1.4423e-40	2.38593e-42	3.73789e-44	5.55071e-46	7.81955e-48	1.04583e-49	1.32894e-51	1.60547e-53	1.84513e-55	2.01853e-57	2.10311e-59	2.088e-61	1.97626e-63	1.78397e-65	1.53651e-67	1.26313e-69	9.91436e-72	7.43225e-74	5.32243e-76	0	
