0	0	0	0	0	0	0	0	0	0	0	0	0	0	0	0	0	0	0	0	0	0	0	0	0	0	0	0	0	0	0	0	0	0	0	0	0	0	0	0	0	0	0	0	0	0	0	0	0	0	0	0	0	0	0	0	0	0	0	0	0	0	0	0	0	0	0	0	0	0	0	0	0	0	0	0	0	0	0	0	0	0	0	0	0	0	0	0	0	0	0	0	0	0	0	0	0	0	0	0	
0	-0.0114488	-0.0206561	-0.0226966	-0.0203964	-0.0103831	0.00055372	0.0105718	0.0152898	0.00970532	-0.0022068	-0.0223891	-0.0434169	-0.0638257	-0.0822889	-0.0977154	-0.11137	-0.120846	-0.124329	-0.120623	-0.112325	-0.104434	-0.101324	-0.10303	-0.109848	-0.115012	-0.120753	-0.126321	-0.127354	-0.126236	-0.123814	-0.121062	-0.125756	-0.132773	-0.136494	-0.137101	-0.13504	-0.13576	-0.140283	-0.144185	-0.146186	-0.149042	-0.151008	-0.151083	-0.153803	-0.158976	-0.161779	-0.161754	-0.161946	-0.164099	-0.168566	-0.168343	-0.164776	-0.165472	-0.165044	-0.160883	-0.155375	-0.149812	-0.142084	-0.135439	-0.131138	-0.125722	-0.127551	-0.135146	-0.147757	-0.159655	-0.171977	-0.182649	-0.180583	-0.168401	-0.150301	-0.130039	-0.10564	-0.0827569	-0.0654886	-0.0495936	-0.0349209	-0.0249511	-0.0249873	-0.0306469	-0.0357527	-0.038901	-0.037738	-0.0306531	-0.0237618	-0.0177859	-0.00784852	-0.00493822	-0.00849468	-0.00850122	-0.00972166	-0.00888494	-0.00434906	-0.00164359	0.00105049	0.000538652	-0.00326839	-0.00316617	-0.00074132	0	
0	-0.0206561	-0.0364909	-0.0385707	-0.0305025	-0.00852243	0.0171166	0.0402676	0.0523173	0.0453288	0.0232504	-0.0145568	-0.0546219	-0.0952045	-0.130942	-0.16095	-0.188099	-0.205499	-0.211188	-0.202993	-0.186441	-0.168391	-0.165473	-0.168294	-0.181816	-0.195331	-0.205287	-0.214741	-0.21866	-0.216261	-0.210185	-0.208657	-0.217487	-0.231267	-0.237846	-0.239938	-0.236457	-0.239717	-0.24543	-0.253991	-0.261207	-0.267934	-0.268063	-0.269432	-0.277562	-0.289167	-0.293176	-0.294556	-0.296313	-0.302289	-0.311428	-0.312085	-0.307079	-0.308738	-0.310236	-0.301513	-0.293653	-0.28184	-0.268819	-0.256089	-0.248202	-0.239883	-0.243129	-0.261478	-0.286853	-0.31333	-0.339931	-0.362513	-0.36132	-0.337864	-0.303726	-0.263221	-0.215252	-0.169362	-0.134277	-0.10369	-0.0732542	-0.0553889	-0.0562624	-0.0663503	-0.0790278	-0.0835968	-0.0794147	-0.0667427	-0.0500764	-0.0374375	-0.0204151	-0.013273	-0.020063	-0.0212896	-0.0212756	-0.0178753	-0.00933547	-0.00494405	-0.000866256	0.000624765	-0.00363348	-0.00711058	-0.006224	0	
0	-0.0226966	-0.0385707	-0.0338425	-0.015684	0.024322	0.0674018	0.107467	0.130665	0.124089	0.0963726	0.0440361	-0.0121841	-0.0684958	-0.118889	-0.16163	-0.199565	-0.225252	-0.234193	-0.222778	-0.197809	-0.174385	-0.165631	-0.170976	-0.191331	-0.208833	-0.226469	-0.243846	-0.249082	-0.247729	-0.24138	-0.236237	-0.250354	-0.27136	-0.283206	-0.286946	-0.28249	-0.28576	-0.298585	-0.311173	-0.319003	-0.328424	-0.334787	-0.336977	-0.346725	-0.363088	-0.373312	-0.376185	-0.37914	-0.388466	-0.403976	-0.407161	-0.401186	-0.406696	-0.409475	-0.40186	-0.391194	-0.378963	-0.361882	-0.347634	-0.339982	-0.330779	-0.341252	-0.370034	-0.412914	-0.454649	-0.497509	-0.53403	-0.534391	-0.503636	-0.454561	-0.397798	-0.328418	-0.262875	-0.213137	-0.16714	-0.124407	-0.0964009	-0.0960095	-0.111892	-0.1273	-0.135559	-0.131364	-0.110384	-0.0878705	-0.0681903	-0.0392336	-0.0286211	-0.0360669	-0.0353048	-0.0368603	-0.0330029	-0.0196607	-0.010334	-0.00139414	-0.00147103	-0.0108234	-0.010867	-0.00402943	0	
0	-0.0203964	-0.0305025	-0.015684	0.0204019	0.0817543	0.150691	0.213795	0.254455	0.257254	0.22815	0.168099	0.0992448	0.0297276	-0.0336059	-0.0867521	-0.13463	-0.165737	-0.175286	-0.158041	-0.125609	-0.0913098	-0.0826855	-0.0898385	-0.116757	-0.144186	-0.168129	-0.189848	-0.200225	-0.199204	-0.191218	-0.189217	-0.207892	-0.236327	-0.253433	-0.258815	-0.254176	-0.261263	-0.274871	-0.29228	-0.307001	-0.321424	-0.325035	-0.330063	-0.346196	-0.370113	-0.382202	-0.388673	-0.395301	-0.410589	-0.432666	-0.439417	-0.436983	-0.446076	-0.454365	-0.447205	-0.4391	-0.425726	-0.408633	-0.39436	-0.388342	-0.383054	-0.40083	-0.445887	-0.507268	-0.570431	-0.633785	-0.688108	-0.69695	-0.662049	-0.604183	-0.531995	-0.444283	-0.360586	-0.2952	-0.237454	-0.18145	-0.147424	-0.148803	-0.168655	-0.191771	-0.201996	-0.194505	-0.168039	-0.134671	-0.106102	-0.0702604	-0.0538437	-0.0615004	-0.0610357	-0.0591654	-0.0516077	-0.0338125	-0.0200473	-0.00880556	-0.0060547	-0.0132988	-0.0169608	-0.0122201	0	
0	-0.0103831	-0.00852243	0.024322	0.0817543	0.171593	0.268103	0.359357	0.420516	0.435837	0.410628	0.345685	0.270061	0.190276	0.119588	0.058349	0.00429594	-0.030999	-0.0409356	-0.0205127	0.0213871	0.0603832	0.0746794	0.0654724	0.0326241	-0.00104021	-0.0324989	-0.0628991	-0.0775683	-0.080916	-0.073993	-0.0730094	-0.0972647	-0.131905	-0.153945	-0.164183	-0.161682	-0.169246	-0.188398	-0.209768	-0.226212	-0.242495	-0.253034	-0.25959	-0.277346	-0.304154	-0.323331	-0.332896	-0.341384	-0.361063	-0.389063	-0.40111	-0.401082	-0.41569	-0.427796	-0.425426	-0.419945	-0.409458	-0.394481	-0.384223	-0.383395	-0.38563	-0.415753	-0.478308	-0.563138	-0.649109	-0.73706	-0.81123	-0.831362	-0.79891	-0.734365	-0.653519	-0.55194	-0.454931	-0.380452	-0.31175	-0.247838	-0.20904	-0.210136	-0.236098	-0.264021	-0.27786	-0.270938	-0.238451	-0.198236	-0.161228	-0.115852	-0.0938807	-0.097099	-0.0932322	-0.0901688	-0.0797846	-0.0573069	-0.0374293	-0.0195367	-0.0151889	-0.0241258	-0.0235586	-0.0121331	0	
0	0.00055372	0.0171166	0.0674018	0.150691	0.268103	0.398056	0.518566	0.606216	0.639118	0.62171	0.559704	0.477841	0.394381	0.316033	0.249708	0.191557	0.153983	0.145142	0.173611	0.222875	0.272459	0.291797	0.281262	0.24354	0.202098	0.161268	0.123973	0.103092	0.0974004	0.10163	0.100376	0.0718511	0.0284475	-0.00355738	-0.0153096	-0.0129955	-0.0238748	-0.0456602	-0.0711942	-0.0923307	-0.112759	-0.121442	-0.130431	-0.151002	-0.183043	-0.204014	-0.216063	-0.22712	-0.25074	-0.283822	-0.298941	-0.303832	-0.3218	-0.338082	-0.340217	-0.337532	-0.330173	-0.317583	-0.311598	-0.31666	-0.327334	-0.371356	-0.452918	-0.561838	-0.675918	-0.790299	-0.889174	-0.926704	-0.90109	-0.83835	-0.751098	-0.640898	-0.536094	-0.452544	-0.378076	-0.309375	-0.26856	-0.274371	-0.307848	-0.343964	-0.364973	-0.35957	-0.323097	-0.27553	-0.229287	-0.175736	-0.147154	-0.146906	-0.141085	-0.133858	-0.120031	-0.0916859	-0.0613693	-0.0371927	-0.0304408	-0.0363256	-0.0344635	-0.0204611	0	
0	0.0105718	0.0402676	0.107467	0.213795	0.359357	0.518566	0.670945	0.781663	0.834958	0.826667	0.766785	0.684993	0.595032	0.514884	0.445014	0.385894	0.349395	0.346166	0.380366	0.441899	0.500261	0.526015	0.517088	0.477791	0.429479	0.38355	0.341483	0.314125	0.302582	0.305142	0.297854	0.262948	0.215648	0.180374	0.161916	0.157303	0.144622	0.120827	0.093271	0.0682926	0.0474403	0.0346991	0.0253151	0.00394833	-0.0271495	-0.0513256	-0.0648623	-0.0759028	-0.101027	-0.134581	-0.152607	-0.159665	-0.178416	-0.196536	-0.200324	-0.200473	-0.193043	-0.182886	-0.180539	-0.189111	-0.211004	-0.266657	-0.36814	-0.501496	-0.642951	-0.78772	-0.910352	-0.96858	-0.955901	-0.896404	-0.808468	-0.694666	-0.585147	-0.499406	-0.422694	-0.353862	-0.318535	-0.330621	-0.373692	-0.422522	-0.451699	-0.449835	-0.414799	-0.362529	-0.308878	-0.252968	-0.219288	-0.210945	-0.201725	-0.190154	-0.170014	-0.136377	-0.099762	-0.0683207	-0.0539235	-0.0536687	-0.0469953	-0.0268396	0	
0	0.0152898	0.0523173	0.130665	0.254455	0.420516	0.606216	0.781663	0.916283	0.98526	0.986191	0.932123	0.846896	0.757144	0.673569	0.602017	0.54449	0.510115	0.511477	0.556812	0.629543	0.700607	0.740517	0.737254	0.700264	0.651083	0.599517	0.550892	0.519421	0.506163	0.504752	0.496736	0.460884	0.405506	0.357894	0.33565	0.330168	0.315565	0.287632	0.255627	0.228522	0.205807	0.192815	0.182279	0.162589	0.131485	0.107036	0.0946225	0.0848281	0.0613789	0.0294412	0.0123623	0.00496747	-0.0117016	-0.0267447	-0.0318102	-0.029006	-0.020886	-0.00960158	-0.00715534	-0.0184849	-0.0460191	-0.113691	-0.229881	-0.38407	-0.553167	-0.723691	-0.870823	-0.950155	-0.95188	-0.901032	-0.814051	-0.700794	-0.593205	-0.506535	-0.431075	-0.368481	-0.339095	-0.360722	-0.418365	-0.480738	-0.525803	-0.535977	-0.505242	-0.454421	-0.39738	-0.336845	-0.298284	-0.28539	-0.274339	-0.260229	-0.238038	-0.19821	-0.147211	-0.104294	-0.0855179	-0.0809107	-0.066207	-0.0360082	0	
0	0.00970532	0.0453288	0.124089	0.257254	0.435837	0.639118	0.834958	0.98526	1.06958	1.07659	1.02427	0.937157	0.841562	0.754913	0.68119	0.625766	0.596185	0.60853	0.665636	0.754398	0.842633	0.895928	0.903066	0.874188	0.826157	0.775888	0.731524	0.698474	0.684297	0.682472	0.670242	0.630079	0.573774	0.524508	0.49732	0.482019	0.463162	0.434201	0.401341	0.369334	0.34506	0.329865	0.318634	0.298894	0.270493	0.24705	0.235651	0.226999	0.206642	0.180276	0.165737	0.159014	0.148927	0.138458	0.138398	0.145512	0.160333	0.176386	0.183087	0.176522	0.144763	0.0727962	-0.0545402	-0.224461	-0.416253	-0.611734	-0.778726	-0.878572	-0.896163	-0.852628	-0.766339	-0.654772	-0.547567	-0.460565	-0.388896	-0.333785	-0.317473	-0.353484	-0.427011	-0.510887	-0.574479	-0.596638	-0.578172	-0.532297	-0.475343	-0.421978	-0.384797	-0.367187	-0.355825	-0.338654	-0.310613	-0.265277	-0.208154	-0.158648	-0.128352	-0.11006	-0.0867254	-0.0486296	0	
0	-0.0022068	0.0232504	0.0963726	0.22815	0.410628	0.62171	0.826667	0.986191	1.07659	1.08521	1.03153	0.938425	0.836995	0.745413	0.668116	0.614606	0.588621	0.609387	0.677854	0.783025	0.888499	0.963796	0.988835	0.975261	0.937222	0.893533	0.852264	0.82245	0.812662	0.81319	0.804566	0.76908	0.711794	0.655714	0.623273	0.603899	0.584717	0.551627	0.51439	0.478314	0.45288	0.433052	0.420069	0.400945	0.374852	0.351168	0.341171	0.334406	0.318227	0.299149	0.287852	0.284641	0.282204	0.280132	0.286202	0.301702	0.324998	0.348428	0.363742	0.363991	0.333712	0.260248	0.128775	-0.0501309	-0.258781	-0.471228	-0.652036	-0.766254	-0.796597	-0.757621	-0.670208	-0.5598	-0.453379	-0.365906	-0.296492	-0.250791	-0.245779	-0.293497	-0.38451	-0.489074	-0.575869	-0.619608	-0.619252	-0.587024	-0.537734	-0.491261	-0.456721	-0.438799	-0.430994	-0.417314	-0.390263	-0.341667	-0.274934	-0.213653	-0.174227	-0.148189	-0.113235	-0.0607956	0	
0	-0.0223891	-0.0145568	0.0440361	0.168099	0.345685	0.559704	0.766785	0.932123	1.02427	1.03153	0.972871	0.869179	0.756723	0.653993	0.568109	0.51211	0.48836	0.515882	0.598068	0.717546	0.843724	0.939769	0.985092	0.989623	0.966176	0.934516	0.906739	0.887241	0.888271	0.89485	0.891075	0.862703	0.810584	0.757081	0.72389	0.700318	0.676325	0.642501	0.602565	0.563576	0.533091	0.510084	0.492122	0.471081	0.44501	0.421657	0.411626	0.402107	0.389599	0.376441	0.368848	0.367086	0.372225	0.378629	0.392067	0.417623	0.450861	0.48404	0.512078	0.522554	0.498804	0.428716	0.298358	0.117804	-0.10334	-0.326621	-0.516317	-0.641449	-0.680095	-0.643141	-0.54916	-0.434557	-0.323839	-0.227934	-0.156515	-0.117111	-0.121098	-0.181108	-0.288909	-0.415131	-0.525976	-0.590923	-0.611061	-0.595337	-0.558924	-0.527536	-0.503094	-0.491338	-0.490835	-0.481546	-0.456168	-0.406919	-0.337518	-0.272192	-0.223736	-0.184065	-0.13681	-0.0738289	0	
0	-0.0434169	-0.0546219	-0.0121841	0.0992448	0.270061	0.477841	0.684993	0.846896	0.937157	0.938425	0.869179	0.752828	0.624426	0.505736	0.407873	0.343671	0.315323	0.347138	0.431992	0.563655	0.704885	0.82087	0.888794	0.916714	0.911111	0.896006	0.884539	0.87897	0.893502	0.912757	0.923103	0.905872	0.866044	0.821122	0.790948	0.762476	0.741656	0.70749	0.668521	0.624262	0.592185	0.561249	0.539422	0.514501	0.487654	0.462498	0.449071	0.436903	0.424829	0.417776	0.411203	0.410614	0.422566	0.435172	0.45742	0.491265	0.533969	0.57734	0.616375	0.63957	0.621718	0.557154	0.432076	0.251611	0.0262288	-0.204196	-0.39681	-0.524814	-0.569877	-0.527806	-0.423465	-0.302165	-0.179678	-0.0718294	0.00663643	0.0473902	0.0393876	-0.0255672	-0.141859	-0.285617	-0.417577	-0.5027	-0.546872	-0.552533	-0.531443	-0.516602	-0.505288	-0.50126	-0.511236	-0.514484	-0.495757	-0.449254	-0.383986	-0.317701	-0.260767	-0.211749	-0.155965	-0.0838938	0	
0	-0.0638257	-0.0952045	-0.0684958	0.0297276	0.190276	0.394381	0.595032	0.757144	0.841562	0.836995	0.756723	0.624426	0.475893	0.337768	0.219126	0.140248	0.103495	0.126829	0.214127	0.34716	0.497961	0.628937	0.71671	0.762947	0.776752	0.779371	0.783726	0.795411	0.829367	0.863839	0.888253	0.894052	0.872215	0.840011	0.815421	0.796784	0.779295	0.75063	0.711333	0.669995	0.634256	0.601105	0.572635	0.542869	0.513324	0.485537	0.468982	0.448337	0.436084	0.430482	0.424076	0.422848	0.436763	0.455297	0.482798	0.524719	0.575006	0.625775	0.678223	0.710075	0.701489	0.642555	0.522316	0.347672	0.117315	-0.115428	-0.308398	-0.439787	-0.485319	-0.438261	-0.321609	-0.186087	-0.0489513	0.0789345	0.173519	0.219977	0.217617	0.156044	0.0353645	-0.116458	-0.261618	-0.365037	-0.427382	-0.450664	-0.448105	-0.448188	-0.447981	-0.456995	-0.480986	-0.496319	-0.487977	-0.4518	-0.394966	-0.331244	-0.27404	-0.223296	-0.162885	-0.0866469	0	
0	-0.0822889	-0.130942	-0.118889	-0.0336059	0.119588	0.316033	0.514884	0.673569	0.754913	0.745413	0.653993	0.505736	0.337768	0.172854	0.0333614	-0.067493	-0.121208	-0.107289	-0.0309552	0.0983565	0.250531	0.387386	0.48745	0.54929	0.576574	0.592713	0.612965	0.642674	0.692813	0.743688	0.789359	0.812334	0.812391	0.805992	0.800674	0.787465	0.778932	0.760215	0.732369	0.69564	0.662365	0.626578	0.594197	0.561076	0.528558	0.499696	0.475658	0.447923	0.430853	0.425833	0.417062	0.412832	0.426941	0.446746	0.479686	0.526568	0.581263	0.640001	0.700548	0.742241	0.740767	0.686051	0.573212	0.400469	0.170582	-0.0647015	-0.259576	-0.389881	-0.439113	-0.385686	-0.255832	-0.1078	0.0507661	0.202451	0.315949	0.378889	0.388536	0.336082	0.223038	0.0708048	-0.0800845	-0.190343	-0.26448	-0.301895	-0.310183	-0.320092	-0.332434	-0.352126	-0.386103	-0.415929	-0.418219	-0.390517	-0.351496	-0.305844	-0.254468	-0.202686	-0.145799	-0.0786575	0	
0	-0.0977154	-0.16095	-0.16163	-0.0867521	0.058349	0.249708	0.445014	0.602017	0.68119	0.668116	0.568109	0.407873	0.219126	0.0333614	-0.131094	-0.254338	-0.325411	-0.3308	-0.267629	-0.151834	-0.00845551	0.127618	0.233911	0.303921	0.342027	0.367059	0.395495	0.434859	0.497188	0.562123	0.622789	0.670358	0.699455	0.715362	0.723584	0.729894	0.738696	0.736213	0.721251	0.696394	0.669003	0.63789	0.606579	0.571077	0.53698	0.506291	0.478184	0.441117	0.418999	0.410218	0.398485	0.390529	0.400499	0.420467	0.455753	0.505862	0.563101	0.62677	0.694258	0.742292	0.746788	0.696195	0.586791	0.417338	0.187598	-0.0506346	-0.245759	-0.378629	-0.42883	-0.370692	-0.232818	-0.0689184	0.109039	0.284167	0.421051	0.501332	0.529301	0.494627	0.394903	0.254292	0.110353	-0.000796463	-0.0786388	-0.12225	-0.137685	-0.149049	-0.161397	-0.184917	-0.226655	-0.2657	-0.277822	-0.268392	-0.251479	-0.219575	-0.180461	-0.146306	-0.107431	-0.0582973	0	
0	-0.11137	-0.188099	-0.199565	-0.13463	0.00429594	0.191557	0.385894	0.54449	0.625766	0.614606	0.51211	0.343671	0.140248	-0.067493	-0.254338	-0.401977	-0.492933	-0.516593	-0.470275	-0.369768	-0.237868	-0.1097	-0.00416356	0.0669911	0.105933	0.132868	0.16206	0.208146	0.276416	0.349143	0.419801	0.48213	0.529572	0.573582	0.607417	0.632865	0.654915	0.672533	0.677422	0.672051	0.658947	0.638922	0.609984	0.576925	0.545544	0.518092	0.484807	0.440335	0.410477	0.39677	0.379913	0.365948	0.367793	0.383718	0.418729	0.467728	0.525119	0.590892	0.662574	0.714785	0.725104	0.678024	0.572076	0.405597	0.177313	-0.0623274	-0.261081	-0.397096	-0.450403	-0.392864	-0.250204	-0.0746929	0.122961	0.321891	0.481852	0.58545	0.634643	0.619537	0.538014	0.413387	0.282978	0.17952	0.107966	0.068716	0.056594	0.0539313	0.0469745	0.0230707	-0.0187727	-0.0596597	-0.0760971	-0.0766661	-0.0826887	-0.0826386	-0.0688782	-0.0513036	-0.0358605	-0.0214521	0	
0	-0.120846	-0.205499	-0.225252	-0.165737	-0.030999	0.153983	0.349395	0.510115	0.596185	0.588621	0.48836	0.315323	0.103495	-0.121208	-0.325411	-0.492933	-0.600797	-0.642131	-0.612686	-0.530325	-0.415688	-0.297273	-0.197732	-0.12728	-0.0866917	-0.0638557	-0.0388167	0.00345522	0.0656901	0.135967	0.210225	0.279646	0.34725	0.409756	0.459437	0.500072	0.541294	0.579229	0.608741	0.625325	0.628398	0.623284	0.607147	0.584284	0.557244	0.53448	0.500913	0.453716	0.416621	0.39525	0.373716	0.352129	0.343672	0.352808	0.382953	0.428975	0.481312	0.548148	0.617676	0.671545	0.684742	0.637817	0.534123	0.366447	0.141233	-0.100627	-0.303897	-0.442922	-0.499211	-0.443235	-0.299712	-0.113507	0.101044	0.320124	0.501315	0.626432	0.698346	0.703795	0.643785	0.543926	0.433287	0.343921	0.284106	0.250415	0.247027	0.26036	0.266925	0.254881	0.222401	0.186631	0.168812	0.152468	0.12186	0.0982314	0.0868247	0.0728923	0.0512679	0.0245343	0	
0	-0.124329	-0.211188	-0.234193	-0.175286	-0.0409356	0.145142	0.346166	0.511477	0.60853	0.609387	0.515882	0.347138	0.126829	-0.107289	-0.3308	-0.516593	-0.642131	-0.699953	-0.687749	-0.62059	-0.522638	-0.415808	-0.323112	-0.256029	-0.220517	-0.203166	-0.186461	-0.153427	-0.100447	-0.0359473	0.0275242	0.094452	0.167763	0.241628	0.304727	0.35989	0.412277	0.466947	0.516709	0.55463	0.583472	0.601027	0.601069	0.588025	0.575993	0.565218	0.538367	0.491712	0.449861	0.42362	0.397299	0.368398	0.346921	0.345606	0.367562	0.403142	0.44914	0.509085	0.572438	0.623645	0.633854	0.588116	0.4804	0.312266	0.0891109	-0.156398	-0.363334	-0.509761	-0.569438	-0.518863	-0.380212	-0.185619	0.0439548	0.280664	0.484218	0.634434	0.728643	0.756772	0.719376	0.64251	0.556133	0.483455	0.436525	0.417123	0.427528	0.45743	0.482842	0.483528	0.45853	0.43429	0.423225	0.397709	0.344897	0.289724	0.248005	0.206799	0.147634	0.0733764	0	
0	-0.120623	-0.202993	-0.222778	-0.158041	-0.0205127	0.173611	0.380366	0.556812	0.665636	0.677854	0.598068	0.431992	0.214127	-0.0309552	-0.267629	-0.470275	-0.612686	-0.687749	-0.691018	-0.643847	-0.56279	-0.469847	-0.385822	-0.322422	-0.287758	-0.276693	-0.269479	-0.247848	-0.209421	-0.161398	-0.110402	-0.052216	0.0178118	0.0927525	0.162936	0.221779	0.277038	0.341799	0.409046	0.470497	0.519017	0.557161	0.576419	0.587806	0.593098	0.598344	0.584202	0.549542	0.510234	0.48202	0.456163	0.421823	0.390809	0.37917	0.389291	0.413949	0.448825	0.49884	0.550748	0.592387	0.597077	0.544448	0.430197	0.256543	0.0298156	-0.2184	-0.435171	-0.589961	-0.654307	-0.614847	-0.481535	-0.282642	-0.0422675	0.21155	0.435041	0.609622	0.728904	0.779251	0.766126	0.718969	0.658228	0.604131	0.57306	0.563799	0.58544	0.631641	0.672114	0.684997	0.672372	0.660327	0.649329	0.61147	0.542481	0.462414	0.39045	0.321242	0.232244	0.120466	0	
0	-0.112325	-0.186441	-0.197809	-0.125609	0.0213871	0.222875	0.441899	0.629543	0.754398	0.783025	0.717546	0.563655	0.34716	0.0983565	-0.151834	-0.369768	-0.530325	-0.62059	-0.643847	-0.611939	-0.553003	-0.473248	-0.401905	-0.342553	-0.311315	-0.304945	-0.304765	-0.294302	-0.271679	-0.237328	-0.205126	-0.165064	-0.10262	-0.03146	0.0366501	0.0907138	0.145894	0.211404	0.287014	0.357947	0.42702	0.485541	0.528868	0.557944	0.586019	0.613402	0.623311	0.607967	0.578525	0.559117	0.539534	0.508422	0.473355	0.456069	0.455904	0.469827	0.494565	0.532094	0.569099	0.599082	0.591473	0.529538	0.40411	0.219129	-0.0132725	-0.270887	-0.499087	-0.666356	-0.742798	-0.716	-0.595074	-0.397229	-0.148446	0.116677	0.360815	0.561068	0.703441	0.778321	0.791713	0.772956	0.740234	0.708301	0.69047	0.691085	0.723588	0.776367	0.823892	0.844086	0.834413	0.828727	0.820062	0.770388	0.681002	0.578275	0.487764	0.400166	0.28588	0.146844	0	
0	-0.104434	-0.168391	-0.174385	-0.0913098	0.0603832	0.272459	0.500261	0.700607	0.842633	0.888499	0.843724	0.704885	0.497961	0.250531	-0.00845551	-0.237868	-0.415688	-0.522638	-0.56279	-0.553003	-0.510925	-0.450559	-0.390476	-0.336209	-0.307787	-0.306095	-0.310766	-0.315271	-0.304529	-0.286537	-0.272842	-0.246288	-0.197746	-0.139947	-0.0757615	-0.027138	0.0174768	0.0751455	0.148939	0.226017	0.306437	0.378202	0.436448	0.486002	0.538235	0.588682	0.625591	0.636453	0.629664	0.626588	0.624135	0.603329	0.577694	0.56098	0.557247	0.564851	0.583558	0.60935	0.632841	0.649781	0.627786	0.555156	0.415253	0.2194	-0.0250618	-0.292137	-0.533741	-0.718657	-0.809378	-0.803708	-0.698817	-0.509458	-0.262807	0.0109511	0.270917	0.494127	0.660418	0.759382	0.801141	0.811086	0.805717	0.794572	0.786036	0.793665	0.829684	0.879513	0.928256	0.947355	0.932731	0.926643	0.910276	0.846459	0.745978	0.627317	0.519164	0.42258	0.304445	0.158839	0	
0	-0.101324	-0.165473	-0.165631	-0.0826855	0.0746794	0.291797	0.526015	0.740517	0.895928	0.963796	0.939769	0.82087	0.628937	0.387386	0.127618	-0.1097	-0.297273	-0.415808	-0.469847	-0.473248	-0.450559	-0.406207	-0.359248	-0.314147	-0.289206	-0.287972	-0.300239	-0.311264	-0.313108	-0.311555	-0.31581	-0.306631	-0.276519	-0.225441	-0.169177	-0.131878	-0.0989908	-0.0533521	0.0089173	0.0834514	0.165077	0.239605	0.307388	0.371583	0.439294	0.507372	0.570689	0.611625	0.630502	0.652655	0.671485	0.673687	0.666498	0.663343	0.663829	0.675611	0.696224	0.715891	0.733921	0.739277	0.707651	0.622814	0.472369	0.264104	0.00567532	-0.271383	-0.529154	-0.730714	-0.84339	-0.859451	-0.773398	-0.599891	-0.358467	-0.083141	0.190456	0.431351	0.61451	0.73515	0.798499	0.832333	0.850626	0.855877	0.855849	0.864319	0.895008	0.933953	0.96829	0.975742	0.955593	0.943126	0.915916	0.842106	0.73224	0.605123	0.492603	0.396033	0.285329	0.151359	0	
0	-0.10303	-0.168294	-0.170976	-0.0898385	0.0654724	0.281262	0.517088	0.737254	0.903066	0.988835	0.985092	0.888794	0.71671	0.48745	0.233911	-0.00416356	-0.197732	-0.323112	-0.385822	-0.401905	-0.390476	-0.359248	-0.323404	-0.280977	-0.256628	-0.257142	-0.26983	-0.291435	-0.306475	-0.319723	-0.339839	-0.347957	-0.332831	-0.296241	-0.250164	-0.221629	-0.200269	-0.170485	-0.121618	-0.0592529	0.0143161	0.0879039	0.157403	0.222827	0.296503	0.377685	0.461616	0.525397	0.572096	0.620965	0.666854	0.695671	0.718753	0.737058	0.75254	0.778535	0.807275	0.831116	0.84762	0.849206	0.809117	0.715817	0.559156	0.340517	0.0721303	-0.213807	-0.480944	-0.696778	-0.830326	-0.866733	-0.800264	-0.646146	-0.41869	-0.145016	0.135149	0.387014	0.584187	0.719113	0.801581	0.850791	0.880202	0.895279	0.890295	0.887332	0.904473	0.919875	0.933958	0.929589	0.897743	0.874784	0.841489	0.763934	0.652372	0.528505	0.423046	0.336815	0.241109	0.126778	0	
0	-0.109848	-0.181816	-0.191331	-0.116757	0.0326241	0.24354	0.477791	0.700264	0.874188	0.975261	0.989623	0.916714	0.762947	0.54929	0.303921	0.0669911	-0.12728	-0.256029	-0.322422	-0.342553	-0.336209	-0.314147	-0.280977	-0.242142	-0.215994	-0.210335	-0.222646	-0.248343	-0.269402	-0.297298	-0.333868	-0.35887	-0.364294	-0.340901	-0.306273	-0.285931	-0.27508	-0.260677	-0.232345	-0.181743	-0.116449	-0.0537344	0.00481743	0.0674784	0.141974	0.222608	0.312054	0.390597	0.46029	0.531709	0.598921	0.656041	0.711899	0.758057	0.797377	0.845106	0.892382	0.928173	0.955072	0.959702	0.918328	0.822796	0.6643	0.441401	0.16491	-0.127111	-0.399333	-0.626457	-0.779454	-0.832436	-0.782956	-0.648085	-0.433409	-0.162985	0.123721	0.383058	0.58614	0.731123	0.819916	0.869389	0.899331	0.907444	0.88828	0.866696	0.854632	0.838245	0.824151	0.800598	0.762011	0.732174	0.695967	0.628435	0.530858	0.420345	0.326446	0.254876	0.185434	0.101416	0	
0	-0.115012	-0.195331	-0.208833	-0.144186	-0.00104021	0.202098	0.429479	0.651083	0.826157	0.937222	0.966176	0.911111	0.776752	0.576574	0.342027	0.105933	-0.0866917	-0.220517	-0.287758	-0.311315	-0.307787	-0.289206	-0.256628	-0.215994	-0.180736	-0.162637	-0.16741	-0.186249	-0.212357	-0.2502	-0.298749	-0.33984	-0.364675	-0.355786	-0.336301	-0.324084	-0.326202	-0.326707	-0.314405	-0.278001	-0.232825	-0.179924	-0.129366	-0.0745196	-0.0148814	0.0598425	0.146828	0.230487	0.310933	0.397075	0.480029	0.560935	0.646835	0.72293	0.791456	0.867361	0.938701	0.996282	1.04185	1.05681	1.02184	0.927778	0.773383	0.54974	0.268891	-0.0255045	-0.29882	-0.531478	-0.698351	-0.762903	-0.725486	-0.606836	-0.40574	-0.137781	0.151953	0.412782	0.619891	0.767383	0.854004	0.896419	0.912055	0.90163	0.859793	0.804565	0.75322	0.699858	0.651181	0.608353	0.565826	0.533581	0.50386	0.453593	0.37784	0.293559	0.221719	0.168353	0.122637	0.0679958	0	
0	-0.120753	-0.205287	-0.226469	-0.168129	-0.0324989	0.161268	0.38355	0.599517	0.775888	0.893533	0.934516	0.896006	0.779371	0.592713	0.367059	0.132868	-0.0638557	-0.203166	-0.276693	-0.304945	-0.306095	-0.287972	-0.257142	-0.210335	-0.162637	-0.129902	-0.117626	-0.123417	-0.146138	-0.184721	-0.236783	-0.291473	-0.328529	-0.336189	-0.332285	-0.331875	-0.343236	-0.35849	-0.364549	-0.348753	-0.316374	-0.274824	-0.239628	-0.199636	-0.14886	-0.0841159	-0.0110722	0.0648598	0.14922	0.240826	0.329189	0.423808	0.530433	0.633617	0.730289	0.836095	0.933383	1.02153	1.09139	1.12727	1.10628	1.02236	0.879043	0.659911	0.383305	0.0883583	-0.180838	-0.415482	-0.592477	-0.664775	-0.639879	-0.536323	-0.349107	-0.0862943	0.202465	0.462116	0.670044	0.815136	0.89437	0.921096	0.91353	0.878235	0.807973	0.715359	0.622516	0.529571	0.44752	0.388988	0.341624	0.305801	0.287026	0.262104	0.21289	0.153784	0.1068	0.0788353	0.0581736	0.0314933	0	
0	-0.126321	-0.214741	-0.243846	-0.189848	-0.0628991	0.123973	0.341483	0.550892	0.731524	0.852264	0.906739	0.884539	0.783726	0.612965	0.395495	0.16206	-0.0388167	-0.186461	-0.269479	-0.304765	-0.310766	-0.300239	-0.26983	-0.222646	-0.16741	-0.117626	-0.08408	-0.0721512	-0.0788943	-0.108215	-0.1586	-0.217067	-0.260076	-0.282788	-0.290687	-0.298017	-0.31813	-0.348102	-0.371976	-0.376817	-0.363345	-0.338708	-0.317449	-0.288054	-0.252027	-0.20315	-0.147988	-0.0820454	-0.00428562	0.0818055	0.167712	0.263726	0.379968	0.498714	0.62118	0.749429	0.874936	0.994777	1.09526	1.16059	1.16236	1.1009	0.973461	0.770404	0.503923	0.214758	-0.0474596	-0.282559	-0.462824	-0.544463	-0.532046	-0.44452	-0.273419	-0.0209107	0.258212	0.511249	0.712582	0.849539	0.91451	0.919986	0.89016	0.829074	0.735108	0.616144	0.487151	0.360875	0.25384	0.177929	0.122211	0.0867043	0.0760608	0.0683844	0.0475221	0.0178188	-0.00899275	-0.0191097	-0.0141741	-0.00668729	0	
0	-0.127354	-0.21866	-0.249082	-0.200225	-0.0775683	0.103092	0.314125	0.519421	0.698474	0.82245	0.887241	0.87897	0.795411	0.642674	0.434859	0.208146	0.00345522	-0.153427	-0.247848	-0.294302	-0.315271	-0.311264	-0.291435	-0.248343	-0.186249	-0.123417	-0.0721512	-0.0349299	-0.0266159	-0.0430884	-0.0843093	-0.136749	-0.178832	-0.204869	-0.216793	-0.229206	-0.256835	-0.296771	-0.333637	-0.359458	-0.36581	-0.360637	-0.354181	-0.342908	-0.321046	-0.287071	-0.249054	-0.199542	-0.135313	-0.0570564	0.0198568	0.109494	0.21957	0.347083	0.482934	0.626306	0.773429	0.920861	1.05237	1.14819	1.18166	1.14819	1.04537	0.866783	0.621141	0.347401	0.0965728	-0.131054	-0.308411	-0.396768	-0.400284	-0.331766	-0.18322	0.0449261	0.301616	0.534168	0.721258	0.843382	0.888854	0.879255	0.830828	0.752644	0.649665	0.512321	0.360796	0.216112	0.0912273	0.00337968	-0.0589872	-0.095984	-0.100905	-0.0961417	-0.0992951	-0.112644	-0.122007	-0.109407	-0.0805198	-0.0441391	0	
0	-0.126236	-0.216261	-0.247729	-0.199204	-0.080916	0.0974004	0.302582	0.506163	0.684297	0.812662	0.888271	0.893502	0.829367	0.692813	0.497188	0.276416	0.0656901	-0.100447	-0.209421	-0.271679	-0.304529	-0.313108	-0.306475	-0.269402	-0.212357	-0.146138	-0.0788943	-0.0266159	-0.0019156	0.000845287	-0.0284925	-0.0693984	-0.10248	-0.127135	-0.139275	-0.151518	-0.175457	-0.20976	-0.254388	-0.299028	-0.323744	-0.334842	-0.346474	-0.352858	-0.344538	-0.327485	-0.30824	-0.277206	-0.226806	-0.161483	-0.0943091	-0.0198388	0.0770253	0.2011	0.338147	0.485579	0.643622	0.809991	0.965181	1.09105	1.15932	1.16044	1.08969	0.946303	0.732701	0.485933	0.252046	0.0368686	-0.13154	-0.230466	-0.253776	-0.211413	-0.0949725	0.0981668	0.316656	0.521638	0.687649	0.787682	0.816273	0.791374	0.731022	0.648849	0.54399	0.4078	0.254663	0.102165	-0.0241036	-0.116722	-0.191207	-0.229848	-0.231187	-0.219832	-0.208599	-0.208426	-0.202168	-0.173254	-0.134302	-0.0794719	0	
0	-0.123814	-0.210185	-0.24138	-0.191218	-0.073993	0.10163	0.305142	0.504752	0.682472	0.81319	0.89485	0.912757	0.863839	0.743688	0.562123	0.349143	0.135967	-0.0359473	-0.161398	-0.237328	-0.286537	-0.311555	-0.319723	-0.297298	-0.2502	-0.184721	-0.108215	-0.0430884	0.000845287	0.016399	-0.0028116	-0.0338266	-0.0591063	-0.0788835	-0.0817964	-0.086377	-0.0977833	-0.126844	-0.170689	-0.218577	-0.250649	-0.280137	-0.306889	-0.328106	-0.33545	-0.338013	-0.335589	-0.322328	-0.291011	-0.238731	-0.180059	-0.12047	-0.0387778	0.0759226	0.207974	0.352543	0.514148	0.689114	0.859179	1.01	1.10989	1.14537	1.1101	1.00465	0.831494	0.618761	0.406462	0.211128	0.0526277	-0.0539534	-0.100742	-0.0913691	-0.012231	0.129828	0.299232	0.467195	0.601488	0.679433	0.692128	0.659115	0.601885	0.527284	0.434124	0.313531	0.170419	0.0225251	-0.10027	-0.198046	-0.278911	-0.312753	-0.305797	-0.28538	-0.262094	-0.250185	-0.235672	-0.203231	-0.155593	-0.0861749	0	
0	-0.121062	-0.208657	-0.236237	-0.189217	-0.0730094	0.100376	0.297854	0.496736	0.670242	0.804566	0.891075	0.923103	0.888253	0.789359	0.622789	0.419801	0.210225	0.0275242	-0.110402	-0.205126	-0.272842	-0.31581	-0.339839	-0.333868	-0.298749	-0.236783	-0.1586	-0.0843093	-0.0284925	-0.0028116	-0.0157491	-0.0329053	-0.0522478	-0.0623282	-0.061728	-0.060388	-0.0647966	-0.0745497	-0.102863	-0.143136	-0.182049	-0.216734	-0.249837	-0.282981	-0.304121	-0.320916	-0.333206	-0.341958	-0.331366	-0.291568	-0.242595	-0.196684	-0.129402	-0.0256088	0.0966497	0.23537	0.395852	0.568881	0.747436	0.913887	1.04036	1.10781	1.10789	1.04461	0.915504	0.74416	0.561063	0.387777	0.241248	0.125301	0.0491025	0.0197047	0.048205	0.128724	0.242298	0.364804	0.468108	0.52807	0.532286	0.503811	0.460132	0.402316	0.327402	0.227861	0.10305	-0.0319238	-0.144578	-0.241683	-0.323154	-0.3464	-0.325926	-0.294575	-0.261877	-0.241166	-0.216254	-0.178228	-0.137052	-0.0790304	0	
0	-0.125756	-0.217487	-0.250354	-0.207892	-0.0972647	0.0718511	0.262948	0.460884	0.630079	0.76908	0.862703	0.905872	0.894052	0.812334	0.670358	0.48213	0.279646	0.094452	-0.052216	-0.165064	-0.246288	-0.306631	-0.347957	-0.35887	-0.33984	-0.291473	-0.217067	-0.136749	-0.0693984	-0.0338266	-0.0329053	-0.0446629	-0.0642224	-0.0695287	-0.0679438	-0.0641201	-0.056057	-0.0478878	-0.0644118	-0.0923699	-0.125342	-0.155823	-0.192351	-0.227294	-0.255752	-0.284047	-0.310786	-0.339192	-0.349454	-0.329145	-0.294328	-0.262105	-0.207097	-0.1171	-0.00738237	0.129373	0.28492	0.455798	0.636941	0.814905	0.962322	1.05566	1.09212	1.06623	0.981456	0.852601	0.701293	0.55246	0.414347	0.288979	0.184428	0.111237	0.0839849	0.102099	0.157125	0.234718	0.308289	0.351638	0.356415	0.337705	0.310609	0.277041	0.224007	0.149122	0.0542694	-0.0570628	-0.158285	-0.250074	-0.324171	-0.338915	-0.305036	-0.256518	-0.213646	-0.185287	-0.154363	-0.122445	-0.0974197	-0.0585821	0	
0	-0.132773	-0.231267	-0.27136	-0.236327	-0.131905	0.0284475	0.215648	0.405506	0.573774	0.711794	0.810584	0.866044	0.872215	0.812391	0.699455	0.529572	0.34725	0.167763	0.0178118	-0.10262	-0.197746	-0.276519	-0.332831	-0.364294	-0.364675	-0.328529	-0.260076	-0.178832	-0.10248	-0.0591063	-0.0522478	-0.0642224	-0.0760224	-0.0772807	-0.077549	-0.0728771	-0.0597268	-0.0473502	-0.0493028	-0.0584661	-0.0821689	-0.105829	-0.138904	-0.168593	-0.200748	-0.229084	-0.262827	-0.305726	-0.338745	-0.339598	-0.322963	-0.307163	-0.266156	-0.196598	-0.0988534	0.0329952	0.183794	0.351313	0.533182	0.71926	0.878332	0.992901	1.05773	1.06209	1.01319	0.920188	0.802175	0.675809	0.544946	0.41612	0.291124	0.179974	0.102628	0.0642921	0.0680158	0.102963	0.143961	0.174714	0.181273	0.172198	0.167048	0.157256	0.127904	0.0835825	0.0214088	-0.0613529	-0.145785	-0.22718	-0.288972	-0.289946	-0.238247	-0.18168	-0.143822	-0.113871	-0.0826339	-0.0610224	-0.0461214	-0.0246971	0	
0	-0.136494	-0.237846	-0.283206	-0.253433	-0.153945	-0.00355738	0.180374	0.357894	0.524508	0.655714	0.757081	0.821122	0.840011	0.805992	0.715362	0.573582	0.409756	0.241628	0.0927525	-0.03146	-0.139947	-0.225441	-0.296241	-0.340901	-0.355786	-0.336189	-0.282788	-0.204869	-0.127135	-0.0788835	-0.0623282	-0.0695287	-0.0772807	-0.0822738	-0.0813131	-0.0804942	-0.0700428	-0.0561632	-0.0372339	-0.0360584	-0.0495003	-0.0685369	-0.0920771	-0.115072	-0.138941	-0.160835	-0.195836	-0.243232	-0.288973	-0.306476	-0.313398	-0.312977	-0.289318	-0.243458	-0.162429	-0.0416671	0.101888	0.264766	0.445233	0.634493	0.796671	0.92467	1.00645	1.02825	1.00064	0.929204	0.839412	0.729285	0.603853	0.479038	0.344919	0.210821	0.096333	0.0194063	-0.0113196	-0.01191	0.00533809	0.026692	0.0344679	0.0367949	0.0442394	0.0513425	0.0453894	0.0256042	-0.000164057	-0.0442513	-0.107511	-0.170895	-0.215258	-0.21035	-0.157278	-0.102232	-0.0684734	-0.0445243	-0.0225737	-0.00496292	0.00306349	0.00209913	0	
0	-0.137101	-0.239938	-0.286946	-0.258815	-0.164183	-0.0153096	0.161916	0.33565	0.49732	0.623273	0.72389	0.790948	0.815421	0.800674	0.723584	0.607417	0.459437	0.304727	0.162936	0.0366501	-0.0757615	-0.169177	-0.250164	-0.306273	-0.336301	-0.332285	-0.290687	-0.216793	-0.139275	-0.0817964	-0.061728	-0.0679438	-0.077549	-0.0813131	-0.0849704	-0.0876374	-0.0812768	-0.061245	-0.0374353	-0.0294708	-0.0299358	-0.0388127	-0.0538685	-0.0715907	-0.084889	-0.0995388	-0.123127	-0.164389	-0.210185	-0.240924	-0.26374	-0.272605	-0.266994	-0.243366	-0.182674	-0.0782456	0.0554572	0.210734	0.391004	0.57677	0.738588	0.871341	0.954252	0.980895	0.948415	0.878935	0.798311	0.687886	0.565728	0.444885	0.318167	0.182711	0.0543324	-0.0301368	-0.0744098	-0.0946895	-0.0916922	-0.0797407	-0.0714179	-0.0625461	-0.047307	-0.0248943	-0.00795623	0.000757173	0.0104503	-0.0010931	-0.0446353	-0.0965787	-0.133497	-0.12685	-0.0798146	-0.0349648	-0.00978244	0.00644267	0.0240415	0.0402768	0.0374306	0.0171996	0	
0	-0.13504	-0.236457	-0.28249	-0.254176	-0.161682	-0.0129955	0.157303	0.330168	0.482019	0.603899	0.700318	0.762476	0.796784	0.787465	0.729894	0.632865	0.500072	0.35989	0.221779	0.0907138	-0.027138	-0.131878	-0.221629	-0.285931	-0.324084	-0.331875	-0.298017	-0.229206	-0.151518	-0.086377	-0.060388	-0.0641201	-0.0728771	-0.0804942	-0.0876374	-0.0935957	-0.0964343	-0.0844563	-0.0608297	-0.0385328	-0.0254856	-0.0273306	-0.0400256	-0.0512303	-0.0557037	-0.0576758	-0.0686561	-0.0977191	-0.134194	-0.16461	-0.188281	-0.200564	-0.203843	-0.191427	-0.146842	-0.0594475	0.0595225	0.208593	0.382341	0.558856	0.71552	0.837678	0.911503	0.92241	0.866279	0.779047	0.682248	0.5636	0.436859	0.322009	0.215598	0.091494	-0.0250838	-0.0969485	-0.14079	-0.163468	-0.165301	-0.155466	-0.138058	-0.116688	-0.088827	-0.0479156	-0.00810977	0.0243117	0.0586674	0.0667365	0.0348291	-0.0119571	-0.0526827	-0.0571916	-0.0246404	0.00630986	0.0211841	0.0299659	0.0439808	0.0625854	0.0660939	0.0420483	0	
0	-0.13576	-0.239717	-0.28576	-0.261263	-0.169246	-0.0238748	0.144622	0.315565	0.463162	0.584717	0.676325	0.741656	0.779295	0.778932	0.738696	0.654915	0.541294	0.412277	0.277038	0.145894	0.0174768	-0.0989908	-0.200269	-0.27508	-0.326202	-0.343236	-0.31813	-0.256835	-0.175457	-0.0977833	-0.0647966	-0.056057	-0.0597268	-0.0700428	-0.0812768	-0.0964343	-0.114202	-0.109048	-0.0864202	-0.0596557	-0.0407396	-0.0357624	-0.0423559	-0.0469733	-0.0430875	-0.0377589	-0.0392352	-0.0525512	-0.0728675	-0.0940803	-0.111782	-0.119898	-0.119397	-0.103731	-0.0672002	0.0052427	0.111951	0.252961	0.413683	0.576807	0.719611	0.823151	0.875765	0.859134	0.771187	0.648714	0.521599	0.383454	0.246039	0.137284	0.0473845	-0.054422	-0.142223	-0.192064	-0.219496	-0.231251	-0.227241	-0.205726	-0.174046	-0.13494	-0.0834798	-0.0220358	0.0396259	0.0983606	0.146459	0.157632	0.132163	0.0814558	0.0232038	-0.00137082	0.00416627	0.0132784	0.0223543	0.026879	0.039904	0.0673059	0.0765274	0.0490586	0	
0	-0.140283	-0.24543	-0.298585	-0.274871	-0.188398	-0.0456602	0.120827	0.287632	0.434201	0.551627	0.642501	0.70749	0.75063	0.760215	0.736213	0.672533	0.579229	0.466947	0.341799	0.211404	0.0751455	-0.0533521	-0.170485	-0.260677	-0.326707	-0.35849	-0.348102	-0.296771	-0.20976	-0.126844	-0.0745497	-0.0478878	-0.0473502	-0.0561632	-0.061245	-0.0844563	-0.109048	-0.116402	-0.108314	-0.088907	-0.0649017	-0.0530334	-0.0537101	-0.0555449	-0.050341	-0.0408002	-0.0296204	-0.0274175	-0.0348754	-0.0445438	-0.0475557	-0.0466307	-0.0313158	-0.00149072	0.0405509	0.108985	0.20908	0.341098	0.482256	0.626231	0.742578	0.814942	0.832369	0.779136	0.655617	0.492939	0.330771	0.171463	0.027868	-0.0762108	-0.152846	-0.227627	-0.282312	-0.305644	-0.311959	-0.305678	-0.282719	-0.241218	-0.189589	-0.124029	-0.0448674	0.0388269	0.122985	0.199458	0.250691	0.262318	0.238696	0.177032	0.100051	0.0510741	0.0222121	0.00556018	0.00357928	0.00197924	0.0153504	0.0461618	0.0585745	0.0387072	0	
0	-0.144185	-0.253991	-0.311173	-0.29228	-0.209768	-0.0711942	0.093271	0.255627	0.401341	0.51439	0.602565	0.668521	0.711333	0.732369	0.721251	0.677422	0.608741	0.516709	0.409046	0.287014	0.148939	0.0089173	-0.121618	-0.232345	-0.314405	-0.364549	-0.371976	-0.333637	-0.254388	-0.170689	-0.102863	-0.0644118	-0.0493028	-0.0372339	-0.0374353	-0.0608297	-0.0864202	-0.108314	-0.117774	-0.103398	-0.0797073	-0.0673107	-0.0693903	-0.0743752	-0.0675626	-0.0504679	-0.0294092	-0.0202073	-0.0151495	-0.00403978	0.00893207	0.0188319	0.052103	0.103645	0.162725	0.236211	0.337856	0.456738	0.579086	0.694818	0.773154	0.802202	0.770159	0.676331	0.515408	0.317606	0.124674	-0.0508535	-0.193706	-0.293966	-0.361972	-0.411514	-0.433931	-0.431355	-0.41165	-0.378753	-0.326856	-0.257054	-0.182904	-0.0915599	0.0132496	0.11615	0.21611	0.300235	0.348998	0.357344	0.334721	0.272702	0.180524	0.100991	0.048188	0.012481	-0.0187516	-0.0392559	-0.0252395	0.00836519	0.0298535	0.0272688	0	
0	-0.146186	-0.261207	-0.319003	-0.307001	-0.226212	-0.0923307	0.0682926	0.228522	0.369334	0.478314	0.563576	0.624262	0.669995	0.69564	0.696394	0.672051	0.625325	0.55463	0.470497	0.357947	0.226017	0.0834514	-0.0592529	-0.181743	-0.278001	-0.348753	-0.376817	-0.359458	-0.299028	-0.218577	-0.143136	-0.0923699	-0.0584661	-0.0360584	-0.0294708	-0.0385328	-0.0596557	-0.088907	-0.103398	-0.0961876	-0.0838244	-0.0743908	-0.0790581	-0.0836995	-0.0819008	-0.0653102	-0.0441785	-0.0244108	-0.00233522	0.0302951	0.0563276	0.08034	0.134617	0.207479	0.285348	0.373881	0.477967	0.585243	0.687907	0.770182	0.80537	0.779671	0.69465	0.553133	0.356882	0.131871	-0.0848998	-0.267037	-0.406187	-0.502184	-0.56322	-0.593095	-0.589909	-0.560908	-0.512731	-0.446544	-0.355236	-0.255492	-0.155425	-0.0411268	0.078031	0.196945	0.301202	0.378081	0.426344	0.433266	0.411166	0.358033	0.259406	0.153544	0.075969	0.0179656	-0.029735	-0.0539942	-0.048088	-0.0256583	0.000462618	0.0128301	0	
0	-0.149042	-0.267934	-0.328424	-0.321424	-0.242495	-0.112759	0.0474403	0.205807	0.34506	0.45288	0.533091	0.592185	0.634256	0.662365	0.669003	0.658947	0.628398	0.583472	0.519017	0.42702	0.306437	0.165077	0.0143161	-0.116449	-0.232825	-0.316374	-0.363345	-0.36581	-0.323744	-0.250649	-0.182049	-0.125342	-0.0821689	-0.0495003	-0.0299358	-0.0254856	-0.0407396	-0.0649017	-0.0797073	-0.0838244	-0.0739033	-0.0616428	-0.0629057	-0.0754816	-0.0845417	-0.0748715	-0.0513979	-0.0257369	0.00567637	0.056225	0.0998437	0.147788	0.216885	0.304029	0.399708	0.504532	0.607044	0.70038	0.783024	0.834243	0.82627	0.752274	0.617326	0.430542	0.202719	-0.047407	-0.2785	-0.468037	-0.606482	-0.697416	-0.751003	-0.763494	-0.738282	-0.681721	-0.601861	-0.498453	-0.373398	-0.247403	-0.124266	-0.000110788	0.131307	0.26567	0.369366	0.44207	0.488663	0.494825	0.474466	0.417609	0.310716	0.19756	0.109715	0.0376599	-0.0185387	-0.0453884	-0.0437564	-0.0266931	-0.00989912	-0.00269663	0	
