0	0	0	0	0	0	0	0	0	0	0	0	0	0	0	0	0	0	0	0	0	0	0	0	0	0	0	0	0	0	0	0	0	0	0	0	0	0	0	0	0	0	0	0	0	0	0	0	0	0	0	0	0	0	0	0	0	0	0	0	0	0	0	0	0	0	0	0	0	0	0	0	0	0	0	0	0	0	0	0	0	0	0	0	0	0	0	0	0	0	0	0	0	0	0	0	0	0	0	0	
0	-0.0548269	-0.107629	-0.153618	-0.191347	-0.215362	-0.226968	-0.22828	-0.226645	-0.230168	-0.242019	-0.263809	-0.288676	-0.315704	-0.339294	-0.360816	-0.377497	-0.388763	-0.396175	-0.401884	-0.4068	-0.407771	-0.401445	-0.384971	-0.366091	-0.3443	-0.322014	-0.29592	-0.264977	-0.231023	-0.196336	-0.16048	-0.126539	-0.0939316	-0.0627598	-0.0306401	-0.0019997	0.0189781	0.0371498	0.0547421	0.0689407	0.078648	0.0826353	0.0869792	0.0911672	0.0920224	0.0882484	0.0849602	0.0786888	0.0677612	0.0519799	0.0335186	0.0114763	-0.00597311	-0.0186974	-0.0252104	-0.0203349	-0.0024029	0.0176846	0.0409952	0.0665315	0.0897519	0.110657	0.130832	0.149609	0.162838	0.172402	0.17953	0.18874	0.202868	0.222728	0.244524	0.265007	0.282783	0.297127	0.308052	0.314555	0.318519	0.322015	0.324909	0.327163	0.327889	0.317836	0.30126	0.289232	0.275376	0.258365	0.239834	0.218732	0.196969	0.174339	0.152026	0.130958	0.112063	0.0923981	0.06913	0.0496106	0.0358412	0.0201153	0	
0	-0.107629	-0.211353	-0.300355	-0.373652	-0.417691	-0.43794	-0.436577	-0.428581	-0.43197	-0.449899	-0.489061	-0.534768	-0.583145	-0.628484	-0.666476	-0.697756	-0.717803	-0.730049	-0.740418	-0.748922	-0.751751	-0.739463	-0.7115	-0.6768	-0.638967	-0.601324	-0.554944	-0.498568	-0.439236	-0.374027	-0.308386	-0.248725	-0.187499	-0.129158	-0.0700892	-0.0134459	0.0291178	0.0641579	0.0997021	0.130512	0.152661	0.165324	0.175628	0.185686	0.19186	0.190912	0.184751	0.172815	0.153443	0.126017	0.0886525	0.0450564	0.00960744	-0.0143356	-0.0289675	-0.0193172	0.0145566	0.0541143	0.0998187	0.148224	0.194422	0.232523	0.272018	0.305371	0.328966	0.344868	0.353725	0.369187	0.391346	0.427004	0.465932	0.502218	0.534858	0.559529	0.579113	0.589468	0.595797	0.601331	0.605921	0.611793	0.613368	0.596973	0.569442	0.548785	0.528363	0.500442	0.468062	0.434055	0.394067	0.350267	0.312293	0.275334	0.238227	0.197957	0.149765	0.109628	0.0799146	0.0440686	0	
0	-0.153618	-0.300355	-0.426608	-0.526828	-0.586129	-0.607655	-0.598173	-0.57902	-0.574379	-0.593781	-0.642318	-0.700929	-0.765699	-0.822249	-0.872777	-0.911135	-0.935402	-0.95056	-0.963198	-0.976812	-0.982186	-0.969923	-0.932579	-0.88981	-0.842395	-0.795909	-0.739873	-0.671559	-0.5952	-0.515322	-0.432049	-0.352502	-0.27392	-0.19659	-0.113724	-0.0363294	0.02308	0.0771442	0.131831	0.180754	0.219052	0.242961	0.267433	0.292244	0.307727	0.309559	0.309972	0.300324	0.275823	0.235194	0.183777	0.120668	0.0686218	0.029552	0.00738605	0.018267	0.0653248	0.120213	0.183564	0.251916	0.313721	0.367305	0.417999	0.462509	0.490915	0.506897	0.514409	0.527581	0.554073	0.597314	0.646414	0.692442	0.731408	0.761242	0.782427	0.793116	0.798743	0.804892	0.81334	0.823772	0.83187	0.813787	0.780054	0.760135	0.738376	0.708393	0.674032	0.632758	0.58663	0.535573	0.483254	0.430635	0.379778	0.321788	0.249543	0.184511	0.132598	0.07316	0	
0	-0.191347	-0.373652	-0.526828	-0.646561	-0.709494	-0.724134	-0.69619	-0.655153	-0.633765	-0.642546	-0.691095	-0.754647	-0.824964	-0.889739	-0.943519	-0.985931	-1.00998	-1.02354	-1.03668	-1.05158	-1.06105	-1.0478	-1.00936	-0.963366	-0.9156	-0.872009	-0.817134	-0.745921	-0.668949	-0.582562	-0.493474	-0.410976	-0.324593	-0.238385	-0.144782	-0.0513437	0.0226698	0.089221	0.161627	0.230439	0.287022	0.328867	0.36942	0.410213	0.442664	0.46106	0.468281	0.461252	0.435562	0.390866	0.323816	0.241193	0.169935	0.117091	0.0828612	0.0918724	0.145971	0.212125	0.289179	0.36988	0.444598	0.505061	0.563647	0.610278	0.637484	0.647175	0.643438	0.649418	0.669396	0.714073	0.765959	0.814872	0.857371	0.886691	0.908099	0.91638	0.919866	0.925927	0.936238	0.954089	0.968835	0.95481	0.924972	0.910416	0.898522	0.876449	0.847031	0.811764	0.763721	0.705872	0.651458	0.593376	0.529697	0.453006	0.356395	0.267872	0.193241	0.10566	0	
0	-0.215362	-0.417691	-0.586129	-0.709494	-0.766814	-0.76196	-0.70748	-0.636772	-0.58945	-0.58163	-0.621705	-0.682535	-0.753922	-0.81747	-0.872021	-0.911549	-0.932568	-0.943362	-0.954533	-0.973647	-0.986284	-0.978331	-0.940692	-0.89691	-0.854074	-0.817877	-0.771238	-0.709956	-0.639256	-0.561322	-0.479871	-0.401819	-0.321359	-0.237327	-0.140478	-0.0426378	0.0368696	0.114266	0.197627	0.282356	0.357428	0.417211	0.478181	0.542642	0.595073	0.627474	0.651389	0.656407	0.634887	0.583047	0.505925	0.406512	0.317167	0.245266	0.196814	0.198708	0.252709	0.323044	0.404977	0.491125	0.568192	0.630097	0.685934	0.728753	0.74758	0.74438	0.72626	0.717264	0.728855	0.768019	0.818709	0.867551	0.907805	0.935984	0.953273	0.959093	0.961168	0.966935	0.98394	1.01129	1.0374	1.03272	1.00972	1.00655	1.00693	0.996442	0.978335	0.950442	0.909172	0.855884	0.797532	0.732687	0.662473	0.572811	0.456114	0.34432	0.24613	0.134129	0	
0	-0.226968	-0.43794	-0.607655	-0.724134	-0.76196	-0.728677	-0.636242	-0.527507	-0.44499	-0.412018	-0.435754	-0.488214	-0.554576	-0.615823	-0.666864	-0.704543	-0.721535	-0.729408	-0.740662	-0.760846	-0.780106	-0.776235	-0.743293	-0.705259	-0.670619	-0.646296	-0.614763	-0.5668	-0.510967	-0.447117	-0.379365	-0.315726	-0.247994	-0.175912	-0.0870674	0.00611809	0.0833029	0.15913	0.250384	0.346374	0.433988	0.508747	0.588649	0.673016	0.747388	0.803981	0.844493	0.861533	0.846093	0.797316	0.711204	0.596391	0.487914	0.397494	0.333287	0.322995	0.371214	0.439696	0.520946	0.604877	0.67794	0.733885	0.780814	0.811512	0.816458	0.794019	0.755349	0.727667	0.723852	0.755132	0.800835	0.847899	0.888285	0.914484	0.932087	0.938408	0.941199	0.951498	0.975587	1.01496	1.05395	1.05974	1.0481	1.05595	1.06841	1.07099	1.06441	1.04517	1.00682	0.95379	0.896402	0.829559	0.752034	0.651132	0.521095	0.395484	0.283727	0.155508	0	
0	-0.22828	-0.436577	-0.598173	-0.69619	-0.70748	-0.636242	-0.502141	-0.348478	-0.227836	-0.164691	-0.168425	-0.210079	-0.269409	-0.326975	-0.375549	-0.409588	-0.424853	-0.431129	-0.44159	-0.467741	-0.492109	-0.496516	-0.472769	-0.441254	-0.418052	-0.407322	-0.389594	-0.357831	-0.318479	-0.270027	-0.220702	-0.175302	-0.12745	-0.0712044	0.00165684	0.0830939	0.151952	0.223303	0.306471	0.403196	0.497757	0.584848	0.677084	0.779441	0.874008	0.949802	1.00998	1.04432	1.04209	0.996083	0.906718	0.783105	0.660196	0.55383	0.47386	0.452818	0.491411	0.555679	0.632216	0.708149	0.772821	0.816524	0.848659	0.861962	0.846705	0.802006	0.738894	0.688881	0.66885	0.68799	0.729075	0.774765	0.814635	0.84349	0.862102	0.872068	0.880731	0.895813	0.931101	0.984851	1.03532	1.05454	1.05406	1.06925	1.09148	1.10138	1.0984	1.0821	1.04433	0.989217	0.927852	0.858567	0.779263	0.673619	0.538293	0.407177	0.289206	0.157031	0	
0	-0.226645	-0.428581	-0.57902	-0.655153	-0.636772	-0.527507	-0.348478	-0.152688	0.010281	0.102847	0.122318	0.093932	0.0420778	-0.0100882	-0.0553541	-0.0875228	-0.101049	-0.10747	-0.121816	-0.151794	-0.185722	-0.199688	-0.184069	-0.162544	-0.149484	-0.149779	-0.148266	-0.134013	-0.109627	-0.0806068	-0.0489436	-0.0195785	0.01107	0.0473887	0.104249	0.167321	0.220062	0.275197	0.35215	0.44396	0.535197	0.621153	0.720821	0.833741	0.942327	1.03671	1.11496	1.16608	1.17599	1.13997	1.05417	0.928003	0.796972	0.6793	0.592633	0.563196	0.595827	0.657897	0.730363	0.801022	0.854474	0.887621	0.902345	0.896154	0.86053	0.789906	0.703073	0.628664	0.589722	0.596537	0.630152	0.674118	0.715096	0.745531	0.768052	0.784174	0.798374	0.822553	0.868929	0.934501	0.997391	1.02543	1.03134	1.04969	1.07066	1.0808	1.07912	1.05797	1.01429	0.956127	0.889642	0.815657	0.734086	0.629315	0.499251	0.375379	0.268755	0.149641	0	
0	-0.230168	-0.43197	-0.574379	-0.633765	-0.58945	-0.44499	-0.227836	0.010281	0.209409	0.332949	0.374641	0.358212	0.315419	0.266357	0.223928	0.194897	0.182052	0.176624	0.162876	0.128774	0.0901841	0.0687573	0.0721542	0.0852807	0.0862615	0.0727703	0.0606049	0.0613641	0.0697701	0.0861423	0.102606	0.114442	0.125225	0.145721	0.181829	0.227738	0.267665	0.309766	0.366189	0.442447	0.524381	0.608947	0.705157	0.817949	0.932963	1.03898	1.12882	1.19298	1.21748	1.19229	1.11233	0.990841	0.85911	0.741165	0.654427	0.627092	0.661268	0.729204	0.807064	0.876809	0.928404	0.953653	0.956318	0.93408	0.877949	0.785967	0.674448	0.577002	0.519413	0.511188	0.53849	0.580157	0.621716	0.656019	0.681895	0.702359	0.722117	0.749679	0.800983	0.873318	0.937417	0.969097	0.977885	0.989669	1.00586	1.01091	0.999334	0.969822	0.917935	0.85036	0.779672	0.709264	0.632702	0.535346	0.419852	0.312118	0.219697	0.120119	0	
0	-0.242019	-0.449899	-0.593781	-0.642546	-0.58163	-0.412018	-0.164691	0.102847	0.332949	0.479077	0.53946	0.534216	0.497706	0.454264	0.415922	0.391996	0.382842	0.381112	0.36774	0.334342	0.292447	0.264884	0.262017	0.26852	0.262373	0.242683	0.219616	0.204907	0.200908	0.200427	0.201231	0.200452	0.198252	0.202844	0.223821	0.25111	0.273438	0.296702	0.33949	0.401556	0.469248	0.53965	0.627078	0.733832	0.846939	0.95446	1.05021	1.12226	1.15479	1.137	1.06625	0.953357	0.826602	0.713171	0.63733	0.621116	0.666706	0.751018	0.842992	0.925306	0.982367	1.01116	1.00961	0.978961	0.911112	0.802768	0.675566	0.559639	0.487188	0.467311	0.488163	0.527639	0.568381	0.602978	0.628267	0.648171	0.665612	0.690912	0.739845	0.807117	0.865293	0.890393	0.889194	0.88681	0.885739	0.877006	0.856882	0.817001	0.759527	0.693432	0.62329	0.556195	0.488345	0.406324	0.312681	0.228897	0.164366	0.0944724	0	
0	-0.263809	-0.489061	-0.642318	-0.691095	-0.621705	-0.435754	-0.168425	0.122318	0.374641	0.53946	0.614903	0.61624	0.584912	0.541902	0.506255	0.485582	0.480251	0.484013	0.476335	0.449608	0.412466	0.386796	0.381793	0.385439	0.375699	0.351611	0.320786	0.297489	0.283662	0.272342	0.263098	0.248653	0.231513	0.221819	0.225725	0.236372	0.248106	0.257885	0.283255	0.325262	0.376525	0.436275	0.511567	0.604248	0.706947	0.810594	0.901707	0.971886	1.00512	0.990208	0.922196	0.814631	0.693076	0.58804	0.527351	0.528297	0.594533	0.704761	0.824029	0.93104	1.00856	1.053	1.06076	1.03363	0.962915	0.849056	0.712835	0.585817	0.502403	0.473327	0.490365	0.527959	0.569002	0.603338	0.626492	0.640649	0.648585	0.662042	0.693888	0.741593	0.778018	0.783228	0.764114	0.73929	0.717607	0.694684	0.662734	0.614524	0.555127	0.490627	0.428605	0.378	0.327761	0.267885	0.202897	0.14514	0.10218	0.0580895	0	
0	-0.288676	-0.534768	-0.700929	-0.754647	-0.682535	-0.488214	-0.210079	0.093932	0.358212	0.534216	0.61624	0.620737	0.587648	0.544246	0.506678	0.489708	0.486615	0.495608	0.494179	0.474589	0.444684	0.424518	0.420873	0.428734	0.422798	0.403301	0.373788	0.347157	0.326556	0.307311	0.288019	0.264447	0.236639	0.217507	0.206381	0.201174	0.197979	0.194771	0.205164	0.231058	0.267969	0.314527	0.375878	0.452828	0.544421	0.6362	0.719084	0.780614	0.807658	0.785293	0.714178	0.608047	0.486576	0.387293	0.339575	0.360251	0.450399	0.590937	0.745161	0.88658	0.995812	1.06716	1.09605	1.08507	1.02199	0.914224	0.78046	0.650949	0.56513	0.531519	0.547632	0.585131	0.623734	0.655691	0.671328	0.67131	0.662654	0.655013	0.660739	0.679436	0.684893	0.663147	0.618367	0.564766	0.517191	0.476482	0.433736	0.380902	0.326986	0.274008	0.225886	0.193309	0.162503	0.126708	0.091696	0.063531	0.0469361	0.0284575	0	
0	-0.315704	-0.583145	-0.765699	-0.824964	-0.753922	-0.554576	-0.269409	0.0420778	0.315419	0.497706	0.584912	0.587648	0.551658	0.499217	0.458197	0.435584	0.431291	0.441598	0.44196	0.431035	0.410062	0.395822	0.399651	0.411346	0.412618	0.402572	0.37942	0.35462	0.337799	0.316067	0.295869	0.266849	0.234914	0.205036	0.182399	0.163059	0.149821	0.132193	0.131322	0.141652	0.162729	0.196565	0.246316	0.310459	0.386853	0.467682	0.537472	0.587179	0.600618	0.565543	0.484243	0.368839	0.241359	0.138991	0.0993646	0.133764	0.245602	0.417327	0.608157	0.793097	0.94207	1.05102	1.11452	1.12976	1.08715	0.994924	0.872137	0.748832	0.662259	0.62743	0.642106	0.675962	0.712182	0.737152	0.741955	0.725058	0.692259	0.659797	0.633577	0.613979	0.585839	0.53407	0.461453	0.384126	0.314373	0.258336	0.209263	0.154056	0.104997	0.0634688	0.0304093	0.0152546	0.00366097	-0.00582719	-0.0120314	-0.0157156	-0.00848713	-0.000896376	0	
0	-0.339294	-0.628484	-0.822249	-0.889739	-0.81747	-0.615823	-0.326975	-0.0100882	0.266357	0.454264	0.541902	0.544246	0.499217	0.440474	0.387388	0.359909	0.349105	0.354947	0.355904	0.347337	0.331175	0.324061	0.328576	0.345119	0.354838	0.35497	0.342564	0.328574	0.316033	0.300663	0.284713	0.258672	0.225141	0.19636	0.166139	0.136376	0.112578	0.0898003	0.0768287	0.0680695	0.0753844	0.100246	0.139923	0.187464	0.252825	0.32055	0.379836	0.415083	0.414839	0.363231	0.265385	0.1369	-0.005501	-0.116669	-0.159977	-0.11968	0.00809454	0.202605	0.429995	0.656929	0.851349	1.00428	1.10949	1.16334	1.14832	1.08248	0.979935	0.86716	0.786103	0.748982	0.758797	0.786569	0.811013	0.823662	0.811893	0.768411	0.710181	0.650199	0.589853	0.537734	0.479098	0.40347	0.314269	0.21941	0.135133	0.0717476	0.016995	-0.0384481	-0.0794333	-0.113068	-0.136587	-0.137715	-0.135534	-0.127688	-0.108822	-0.0863995	-0.061529	-0.0355734	0	
0	-0.360816	-0.666476	-0.872777	-0.943519	-0.872021	-0.666864	-0.375549	-0.0553541	0.223928	0.415922	0.506255	0.506678	0.458197	0.387388	0.328058	0.289355	0.271738	0.271425	0.26661	0.257654	0.244649	0.235992	0.242336	0.257517	0.271027	0.281217	0.280124	0.273775	0.271434	0.263393	0.255683	0.23643	0.213871	0.190047	0.160683	0.129527	0.102021	0.0704843	0.0499003	0.0339018	0.0283731	0.0399351	0.0665202	0.104607	0.155681	0.21215	0.259432	0.282852	0.267027	0.197655	0.0839047	-0.0635469	-0.223534	-0.353081	-0.408112	-0.371699	-0.23947	-0.0299511	0.223654	0.490839	0.729394	0.927609	1.08255	1.17898	1.20205	1.16998	1.0931	0.998928	0.922261	0.882465	0.883188	0.894424	0.901836	0.892929	0.855664	0.784132	0.695239	0.608837	0.521787	0.440093	0.362809	0.276904	0.179504	0.0830282	-0.00315384	-0.0698553	-0.123134	-0.174963	-0.211336	-0.23722	-0.252431	-0.250001	-0.243398	-0.222144	-0.187344	-0.149357	-0.103296	-0.0542658	0	
0	-0.377497	-0.697756	-0.911135	-0.985931	-0.911549	-0.704543	-0.409588	-0.0875228	0.194897	0.391996	0.485582	0.489708	0.435584	0.359909	0.289355	0.242048	0.21614	0.205984	0.196192	0.184845	0.170994	0.164423	0.165972	0.176464	0.189717	0.201783	0.206363	0.207458	0.210247	0.210989	0.213565	0.205915	0.193799	0.180311	0.158953	0.130997	0.105218	0.0819661	0.0641521	0.0362617	0.0196511	0.0249537	0.0455064	0.0700656	0.108631	0.1518	0.187447	0.197549	0.168069	0.0831524	-0.0495706	-0.215941	-0.396545	-0.546028	-0.621323	-0.59815	-0.470591	-0.258959	0.0117869	0.309307	0.586334	0.828281	1.03124	1.1742	1.23905	1.24451	1.19967	1.12484	1.05498	1.0105	0.994309	0.985341	0.966471	0.92996	0.865589	0.761429	0.645991	0.538138	0.428043	0.328732	0.24149	0.152962	0.0613681	-0.0262734	-0.10379	-0.162566	-0.210158	-0.254385	-0.282496	-0.304084	-0.31671	-0.310891	-0.298997	-0.270842	-0.225539	-0.176415	-0.12831	-0.07552	0	
0	-0.388763	-0.717803	-0.935402	-1.00998	-0.932568	-0.721535	-0.424853	-0.101049	0.182052	0.382842	0.480251	0.486615	0.431291	0.349105	0.271738	0.21614	0.183498	0.165738	0.150507	0.134783	0.121082	0.110829	0.107501	0.109923	0.118128	0.131021	0.139275	0.143852	0.148581	0.152299	0.158333	0.157621	0.156217	0.15738	0.147666	0.130911	0.113724	0.0981945	0.0839859	0.0631519	0.0483486	0.0499281	0.0637372	0.0821197	0.108825	0.140491	0.165957	0.16396	0.118897	0.0176963	-0.130285	-0.314396	-0.513357	-0.684807	-0.781997	-0.776338	-0.660676	-0.456177	-0.17989	0.136619	0.441994	0.718539	0.962122	1.14571	1.24894	1.29067	1.27574	1.22153	1.15897	1.10822	1.07528	1.04234	0.996736	0.933057	0.839822	0.708759	0.570372	0.44573	0.323399	0.213579	0.125525	0.0444821	-0.0357551	-0.107678	-0.170846	-0.220308	-0.259686	-0.293006	-0.309128	-0.317398	-0.318389	-0.308622	-0.29638	-0.266404	-0.21871	-0.168869	-0.120361	-0.0682811	0	
0	-0.396175	-0.730049	-0.95056	-1.02354	-0.943362	-0.729408	-0.431129	-0.10747	0.176624	0.381112	0.484013	0.495608	0.441598	0.354947	0.271425	0.205984	0.165738	0.137997	0.116194	0.0961452	0.0823595	0.0723389	0.0650994	0.060536	0.0620629	0.0702461	0.0783199	0.0815147	0.0840309	0.0889837	0.096255	0.100328	0.107249	0.115499	0.114519	0.107327	0.0986287	0.0999195	0.102691	0.0922331	0.0798119	0.0872634	0.105766	0.126627	0.148804	0.173549	0.187567	0.173992	0.117596	0.00338818	-0.16162	-0.363767	-0.57915	-0.76869	-0.88845	-0.900783	-0.801806	-0.608144	-0.334543	-0.00937136	0.314584	0.614344	0.888316	1.10009	1.23388	1.30223	1.30995	1.27203	1.21264	1.15499	1.10326	1.04825	0.980287	0.89516	0.783204	0.636253	0.487304	0.35619	0.230002	0.117701	0.0302254	-0.0444213	-0.113307	-0.169068	-0.214231	-0.252051	-0.279019	-0.292833	-0.293755	-0.289759	-0.27899	-0.261561	-0.242064	-0.209078	-0.164365	-0.122318	-0.0889558	-0.0538076	0	
0	-0.401884	-0.740418	-0.963198	-1.03668	-0.954533	-0.740662	-0.44159	-0.121816	0.162876	0.36774	0.476335	0.494179	0.44196	0.355904	0.26661	0.196192	0.150507	0.116194	0.0895117	0.0668636	0.051521	0.0421256	0.0302523	0.0179627	0.011943	0.0169441	0.0243864	0.0286641	0.0295821	0.0309106	0.0340789	0.0379496	0.0448714	0.0577995	0.0666016	0.0651838	0.0640268	0.0759535	0.0903656	0.0926206	0.0954378	0.113852	0.144488	0.17325	0.196902	0.220874	0.234202	0.216545	0.147819	0.0213308	-0.157718	-0.373201	-0.602806	-0.809886	-0.947301	-0.976786	-0.891654	-0.710129	-0.442345	-0.114618	0.217172	0.532103	0.818884	1.04454	1.19301	1.27118	1.29041	1.25775	1.1995	1.13495	1.06842	1.00068	0.920952	0.827479	0.709761	0.560325	0.411153	0.281094	0.156879	0.0462091	-0.0377561	-0.10647	-0.163523	-0.2025	-0.231385	-0.256025	-0.27127	-0.271254	-0.254157	-0.229104	-0.20402	-0.180166	-0.157746	-0.128728	-0.0914987	-0.0610941	-0.04563	-0.0301088	0	
0	-0.4068	-0.748922	-0.976812	-1.05158	-0.973647	-0.760846	-0.467741	-0.151794	0.128774	0.334342	0.449608	0.474589	0.431035	0.347337	0.257654	0.184845	0.134783	0.0961452	0.0668636	0.0404466	0.0290564	0.0209466	0.00897008	-0.00711936	-0.0204815	-0.0211078	-0.014478	-0.0122848	-0.0148215	-0.015563	-0.0165607	-0.0142748	-0.00788779	0.00713278	0.0152146	0.0156993	0.0166468	0.0362287	0.058532	0.0769394	0.0891811	0.118518	0.160383	0.204947	0.241545	0.274686	0.290192	0.270255	0.201003	0.06947	-0.120283	-0.350335	-0.592919	-0.813758	-0.968787	-1.0138	-0.945184	-0.774462	-0.514107	-0.190887	0.144817	0.463972	0.752523	0.977393	1.124	1.19891	1.21333	1.17828	1.11775	1.04585	0.973148	0.901323	0.823367	0.738039	0.628065	0.492212	0.355719	0.232318	0.116917	0.0115463	-0.0736007	-0.138441	-0.185544	-0.21125	-0.222111	-0.23355	-0.235913	-0.216734	-0.186615	-0.153434	-0.120275	-0.0919673	-0.0712313	-0.0514384	-0.0258332	-0.00829091	-0.00685584	-0.00674269	0	
0	-0.407771	-0.751751	-0.982186	-1.06105	-0.986284	-0.780106	-0.492109	-0.185722	0.0901841	0.292447	0.412466	0.444684	0.410062	0.331175	0.244649	0.170994	0.121082	0.0823595	0.051521	0.0290564	0.0192239	0.0181143	0.00786323	-0.0102155	-0.0293112	-0.0336566	-0.0293698	-0.0268153	-0.030743	-0.0356413	-0.0422921	-0.0435814	-0.0400609	-0.0286916	-0.0175238	-0.0177701	-0.0174958	0.000637046	0.0293607	0.0536721	0.0723855	0.109716	0.165704	0.2251	0.272346	0.317087	0.342593	0.335267	0.269101	0.138569	-0.0566788	-0.29191	-0.54405	-0.779048	-0.949294	-1.01298	-0.9627	-0.806187	-0.559142	-0.246366	0.0832417	0.399072	0.676796	0.886647	1.01963	1.07524	1.07489	1.0307	0.965089	0.893067	0.821896	0.759393	0.700258	0.635814	0.550476	0.441329	0.324745	0.215974	0.11162	0.0133183	-0.0699774	-0.133694	-0.172391	-0.183867	-0.179662	-0.180128	-0.174536	-0.148679	-0.112199	-0.0725856	-0.0409329	-0.0197152	-0.00508734	0.0055505	0.0185789	0.0226228	0.0138792	0.00638564	0	
0	-0.401445	-0.739463	-0.969923	-1.0478	-0.978331	-0.776235	-0.496516	-0.199688	0.0687573	0.264884	0.386796	0.424518	0.395822	0.324061	0.235992	0.164423	0.110829	0.0723389	0.0421256	0.0209466	0.0181143	0.024146	0.0203832	0.00553348	-0.0164366	-0.0239406	-0.0192596	-0.0179778	-0.0208058	-0.0297862	-0.0411258	-0.046146	-0.0482367	-0.0391491	-0.0289391	-0.0333055	-0.033388	-0.0164289	0.01033	0.0380511	0.0641378	0.104633	0.165907	0.233262	0.296461	0.354304	0.394191	0.396775	0.344479	0.224552	0.0370132	-0.196928	-0.452759	-0.695157	-0.878013	-0.961408	-0.936026	-0.80064	-0.576568	-0.286995	0.0244361	0.325508	0.579365	0.765526	0.872567	0.901643	0.880291	0.82154	0.754597	0.683978	0.623531	0.580923	0.548423	0.519894	0.470125	0.399159	0.316245	0.229086	0.144983	0.0613624	-0.0195453	-0.0804019	-0.111626	-0.116256	-0.105334	-0.10091	-0.0949684	-0.0741211	-0.0440113	-0.0110606	0.0123409	0.0282164	0.0347802	0.0310804	0.0342799	0.0350162	0.0242266	0.013225	0	
0	-0.384971	-0.7115	-0.932579	-1.00936	-0.940692	-0.743293	-0.472769	-0.184069	0.0721542	0.262017	0.381793	0.420873	0.399651	0.328576	0.242336	0.165972	0.107501	0.0650994	0.0302523	0.00897008	0.00786323	0.0203832	0.0247836	0.0146395	-0.00520153	-0.0120478	-0.00723931	-0.00057722	-0.00239069	-0.0122684	-0.0261275	-0.0361777	-0.042894	-0.035738	-0.0303275	-0.035548	-0.0378374	-0.028187	-0.00215623	0.0309313	0.0568717	0.0986965	0.164023	0.239687	0.312355	0.382729	0.43353	0.452941	0.419088	0.318465	0.146174	-0.0737518	-0.321282	-0.561756	-0.749378	-0.852237	-0.853679	-0.749127	-0.559103	-0.30946	-0.0306736	0.239415	0.459889	0.614023	0.689416	0.691884	0.646448	0.577421	0.507721	0.441748	0.395282	0.370602	0.369564	0.377073	0.370195	0.348099	0.307698	0.259027	0.208596	0.151784	0.0843027	0.0278906	0.00169735	-0.00317996	0.00241612	-0.00178234	-0.0108642	-0.00632752	0.00846329	0.0248534	0.0366708	0.0451881	0.0431004	0.0345868	0.033744	0.0297465	0.0231463	0.017737	0	
0	-0.366091	-0.6768	-0.88981	-0.963366	-0.89691	-0.705259	-0.441254	-0.162544	0.0852807	0.26852	0.385439	0.428734	0.411346	0.345119	0.257517	0.176464	0.109923	0.060536	0.0179627	-0.00711936	-0.0102155	0.00553348	0.0146395	0.0100841	-0.00922381	-0.0162551	-0.00796528	0.0017617	0.00860393	0.00285665	-0.010283	-0.0206509	-0.0288158	-0.0277518	-0.0238254	-0.0323472	-0.0377095	-0.0329185	-0.00938476	0.0187812	0.0481265	0.0918515	0.158033	0.236199	0.319126	0.396726	0.459805	0.494893	0.480186	0.398539	0.25031	0.0544213	-0.175898	-0.40387	-0.587648	-0.701194	-0.729547	-0.657562	-0.511807	-0.310891	-0.0789981	0.148846	0.330114	0.448039	0.494116	0.470975	0.408355	0.330054	0.257978	0.195973	0.156285	0.145422	0.165479	0.205095	0.242502	0.271348	0.285625	0.287673	0.284666	0.266756	0.221424	0.17638	0.151962	0.140823	0.134041	0.113185	0.082443	0.0568025	0.0453266	0.0441732	0.0394795	0.0374284	0.0330453	0.0213287	0.0158016	0.015336	0.01543	0.012211	0	
0	-0.3443	-0.638967	-0.842395	-0.9156	-0.854074	-0.670619	-0.418052	-0.149484	0.0862615	0.262373	0.375699	0.422798	0.412618	0.354838	0.271027	0.189717	0.118128	0.0620629	0.011943	-0.0204815	-0.0293112	-0.0164366	-0.00520153	-0.00922381	-0.0275811	-0.0358645	-0.0291619	-0.0133588	0.00044456	-0.000682524	-0.00710448	-0.0153532	-0.0237678	-0.0187746	-0.0165902	-0.0257249	-0.0319228	-0.0344633	-0.0190482	0.0070532	0.0368527	0.0793004	0.144403	0.222579	0.31199	0.400259	0.475415	0.520538	0.522566	0.46452	0.343101	0.170998	-0.0381189	-0.247522	-0.419435	-0.540567	-0.590235	-0.55407	-0.453519	-0.306843	-0.128381	0.0519961	0.192362	0.279497	0.299535	0.261966	0.190478	0.109751	0.0391438	-0.0210819	-0.0573725	-0.0657071	-0.0366919	0.0229597	0.0954913	0.170666	0.237592	0.2973	0.347735	0.374718	0.360874	0.330518	0.311535	0.29303	0.267935	0.231581	0.17904	0.124	0.0865459	0.0609805	0.0419428	0.0320791	0.014154	-0.00520017	-0.0101581	-0.00784591	-0.000177746	0.00526252	0	
0	-0.322014	-0.601324	-0.795909	-0.872009	-0.817877	-0.646296	-0.407322	-0.149779	0.0727703	0.242683	0.351611	0.403301	0.402572	0.35497	0.281217	0.201783	0.131021	0.0702461	0.0169441	-0.0211078	-0.0336566	-0.0239406	-0.0120478	-0.0162551	-0.0358645	-0.0507794	-0.0490172	-0.0344747	-0.018674	-0.0128074	-0.0146005	-0.0188144	-0.0206347	-0.0121235	-0.00943391	-0.011761	-0.0182745	-0.0220618	-0.0108182	0.0101632	0.0357225	0.0776411	0.136756	0.215269	0.310124	0.403201	0.484377	0.543515	0.564529	0.522638	0.421057	0.271268	0.0820958	-0.112927	-0.279115	-0.406166	-0.476833	-0.475125	-0.41798	-0.320624	-0.190365	-0.0545845	0.0560094	0.119471	0.123696	0.0805359	0.00759119	-0.0692655	-0.137578	-0.193996	-0.229799	-0.240205	-0.210894	-0.141242	-0.043112	0.0663683	0.177807	0.287143	0.384302	0.451055	0.466075	0.453265	0.438839	0.416729	0.38631	0.340941	0.273399	0.200101	0.141811	0.0948413	0.0575582	0.0325138	0.00660488	-0.0179814	-0.0316353	-0.0295675	-0.0152015	-0.00495584	0	
0	-0.29592	-0.554944	-0.739873	-0.817134	-0.771238	-0.614763	-0.389594	-0.148266	0.0606049	0.219616	0.320786	0.373788	0.37942	0.342564	0.280124	0.206363	0.139275	0.0783199	0.0243864	-0.014478	-0.0293698	-0.0192596	-0.00723931	-0.00796528	-0.0291619	-0.0490172	-0.0554037	-0.0463066	-0.0323768	-0.0244908	-0.0256338	-0.02818	-0.0274601	-0.0165598	-0.00838295	-0.00347224	-0.00382983	-0.00223141	0.00747926	0.0245805	0.0510148	0.0931827	0.148794	0.223558	0.315419	0.414786	0.507649	0.576946	0.606049	0.580721	0.499865	0.366428	0.185795	-0.0041257	-0.172662	-0.311488	-0.407452	-0.441357	-0.423963	-0.364869	-0.273347	-0.169411	-0.0753507	-0.0250488	-0.0267898	-0.0718696	-0.140933	-0.21289	-0.276507	-0.323953	-0.355856	-0.363608	-0.334668	-0.260537	-0.147536	-0.0200507	0.117051	0.258944	0.38605	0.477812	0.518458	0.524845	0.518224	0.499523	0.471045	0.429048	0.360549	0.274567	0.199282	0.141094	0.0957944	0.058092	0.0197833	-0.0106677	-0.0266831	-0.0271294	-0.0171819	-0.00915909	0	
0	-0.264977	-0.498568	-0.671559	-0.745921	-0.709956	-0.5668	-0.357831	-0.134013	0.0613641	0.204907	0.297489	0.347157	0.35462	0.328574	0.273775	0.207458	0.143852	0.0815147	0.0286641	-0.0122848	-0.0268153	-0.0179778	-0.00057722	0.0017617	-0.0133588	-0.0344747	-0.0463066	-0.0436886	-0.0325021	-0.0284119	-0.0309964	-0.0364376	-0.0373877	-0.0268897	-0.0162728	-0.00685929	-0.000237899	0.010471	0.0239378	0.0445674	0.0765366	0.123494	0.179686	0.253863	0.347865	0.451849	0.548387	0.622678	0.664866	0.651703	0.580525	0.451911	0.276181	0.080609	-0.102879	-0.263695	-0.388444	-0.459506	-0.477125	-0.444761	-0.378735	-0.288653	-0.19787	-0.145435	-0.145646	-0.187891	-0.251262	-0.320775	-0.376109	-0.413823	-0.435626	-0.435442	-0.406789	-0.330983	-0.216391	-0.0873798	0.056402	0.210938	0.35185	0.457592	0.518956	0.54451	0.550787	0.5422	0.522393	0.488691	0.425198	0.340546	0.260591	0.193265	0.142554	0.104186	0.0644553	0.0285465	0.00829945	0.00355469	0.00188746	-0.00245572	0	
0	-0.231023	-0.439236	-0.5952	-0.668949	-0.639256	-0.510967	-0.318479	-0.109627	0.0697701	0.200908	0.283662	0.326556	0.337799	0.316033	0.271434	0.210247	0.148581	0.0840309	0.0295821	-0.0148215	-0.030743	-0.0208058	-0.00239069	0.00860393	0.00044456	-0.018674	-0.0323768	-0.0325021	-0.0276325	-0.0199092	-0.0244018	-0.0333385	-0.037207	-0.0312129	-0.0262405	-0.0165076	-0.0067022	0.0120327	0.0303367	0.0580186	0.0981025	0.157433	0.22294	0.305496	0.401429	0.512491	0.614961	0.697714	0.740058	0.728413	0.656751	0.528251	0.343999	0.131116	-0.0767853	-0.262557	-0.417217	-0.524173	-0.568727	-0.554668	-0.498269	-0.409844	-0.307264	-0.241326	-0.229112	-0.260877	-0.317849	-0.38117	-0.430117	-0.457476	-0.468955	-0.462942	-0.434847	-0.366065	-0.261745	-0.144348	-0.00905655	0.142892	0.284236	0.395781	0.472734	0.51881	0.539275	0.543171	0.54428	0.526671	0.473272	0.399085	0.321077	0.254976	0.20644	0.163403	0.121572	0.0878133	0.0661388	0.0505812	0.0311852	0.0114354	0	
0	-0.196336	-0.374027	-0.515322	-0.582562	-0.561322	-0.447117	-0.270027	-0.0806068	0.0861423	0.200427	0.272342	0.307311	0.316067	0.300663	0.263393	0.210989	0.152299	0.0889837	0.0309106	-0.015563	-0.0356413	-0.0297862	-0.0122684	0.00285665	-0.000682524	-0.0128074	-0.0244908	-0.0284119	-0.0199092	-0.0107211	-0.0152632	-0.021956	-0.0287861	-0.0309415	-0.0265977	-0.0229601	-0.0142033	0.00798171	0.0301297	0.0599699	0.107944	0.179137	0.263738	0.360313	0.467534	0.590337	0.704078	0.789309	0.829309	0.812623	0.730198	0.584282	0.380064	0.143249	-0.0927991	-0.303355	-0.484939	-0.616602	-0.68206	-0.677154	-0.625224	-0.529286	-0.411639	-0.324462	-0.287842	-0.300759	-0.338962	-0.3904	-0.426223	-0.443955	-0.449887	-0.443192	-0.425909	-0.374409	-0.295384	-0.201267	-0.0850865	0.0520547	0.186583	0.296384	0.384968	0.450613	0.487748	0.512485	0.536161	0.540778	0.514236	0.458637	0.389254	0.330991	0.282401	0.235835	0.190443	0.147977	0.119198	0.091414	0.0521676	0.0194477	0	
0	-0.16048	-0.308386	-0.432049	-0.493474	-0.479871	-0.379365	-0.220702	-0.0489436	0.102606	0.201231	0.263098	0.288019	0.295869	0.284713	0.255683	0.213565	0.158333	0.096255	0.0340789	-0.0165607	-0.0422921	-0.0411258	-0.0261275	-0.010283	-0.00710448	-0.0146005	-0.0256338	-0.0309964	-0.0244018	-0.0152632	-0.0125656	-0.0167227	-0.0226579	-0.0225617	-0.0194899	-0.0230482	-0.0127959	0.00808542	0.0301582	0.0616765	0.115101	0.197657	0.299673	0.410553	0.534168	0.67517	0.800565	0.891739	0.93	0.901136	0.794162	0.620519	0.388738	0.11914	-0.147328	-0.382525	-0.581209	-0.728521	-0.805042	-0.806579	-0.754017	-0.648626	-0.516909	-0.401813	-0.331808	-0.309509	-0.317122	-0.342701	-0.35974	-0.371133	-0.378639	-0.386676	-0.390967	-0.371237	-0.328079	-0.261569	-0.169078	-0.0494787	0.0724707	0.178137	0.270105	0.344043	0.397844	0.444026	0.496425	0.533976	0.539718	0.518781	0.475218	0.422928	0.370129	0.316222	0.254843	0.195749	0.158567	0.118691	0.0631959	0.0221486	0	
0	-0.126539	-0.248725	-0.352502	-0.410976	-0.401819	-0.315726	-0.175302	-0.0195785	0.114442	0.200452	0.248653	0.264447	0.266849	0.258672	0.23643	0.205915	0.157621	0.100328	0.0379496	-0.0142748	-0.0435814	-0.046146	-0.0361777	-0.0206509	-0.0153532	-0.0188144	-0.02818	-0.0364376	-0.0333385	-0.021956	-0.0167227	-0.0145325	-0.017066	-0.0147287	-0.0125934	-0.0159379	-0.00528502	0.0173432	0.045937	0.080186	0.132792	0.217312	0.332669	0.458379	0.597317	0.745497	0.881278	0.978839	1.01183	0.965029	0.832942	0.631488	0.365767	0.0640353	-0.228886	-0.482599	-0.691893	-0.844763	-0.924176	-0.930312	-0.873529	-0.75966	-0.615249	-0.471549	-0.362976	-0.297722	-0.266415	-0.258124	-0.252772	-0.258045	-0.272707	-0.30069	-0.333664	-0.352008	-0.349924	-0.316715	-0.249546	-0.154357	-0.0499948	0.0480008	0.134964	0.213862	0.282233	0.350115	0.433533	0.506378	0.5512	0.566066	0.548588	0.510607	0.454915	0.389002	0.317349	0.247858	0.195159	0.138526	0.0739618	0.0287918	0	
0	-0.0939316	-0.187499	-0.27392	-0.324593	-0.321359	-0.247994	-0.12745	0.01107	0.125225	0.198252	0.231513	0.236639	0.234914	0.225141	0.213871	0.193799	0.156217	0.107249	0.0448714	-0.00788779	-0.0400609	-0.0482367	-0.042894	-0.0288158	-0.0237678	-0.0206347	-0.0274601	-0.0373877	-0.037207	-0.0287861	-0.0226579	-0.017066	-0.018712	-0.0116086	-0.00685103	-0.00556142	0.00950871	0.0376193	0.0723419	0.112393	0.166296	0.259286	0.384616	0.516798	0.657957	0.808217	0.94543	1.03589	1.05795	0.994363	0.840247	0.610738	0.318888	-0.00301071	-0.314282	-0.582567	-0.801572	-0.954614	-1.03898	-1.051	-0.98929	-0.867345	-0.706269	-0.533963	-0.382839	-0.272055	-0.200757	-0.155103	-0.128214	-0.125129	-0.144887	-0.192808	-0.252922	-0.311992	-0.355953	-0.361163	-0.32731	-0.26011	-0.172467	-0.0820667	0.00143094	0.0832724	0.165136	0.25306	0.354533	0.450844	0.528331	0.576295	0.58801	0.56749	0.520048	0.457277	0.379986	0.305051	0.246528	0.176127	0.095689	0.0376034	0	
0	-0.0627598	-0.129158	-0.19659	-0.238385	-0.237327	-0.175912	-0.0712044	0.0473887	0.145721	0.202844	0.221819	0.217507	0.205036	0.19636	0.190047	0.180311	0.15738	0.115499	0.0577995	0.00713278	-0.0286916	-0.0391491	-0.035738	-0.0277518	-0.0187746	-0.0121235	-0.0165598	-0.0268897	-0.0312129	-0.0309415	-0.0225617	-0.0147287	-0.0116086	0.000469601	0.00893116	0.0126885	0.0297851	0.063581	0.113954	0.166667	0.230129	0.328542	0.456074	0.59159	0.734424	0.873055	0.991721	1.06356	1.06665	0.977733	0.80121	0.554499	0.252182	-0.0779812	-0.392719	-0.668246	-0.891035	-1.04663	-1.13956	-1.15836	-1.09558	-0.962484	-0.784213	-0.582018	-0.391833	-0.242952	-0.135923	-0.0621112	-0.0165174	-0.00190497	-0.021315	-0.0765214	-0.155846	-0.249679	-0.334912	-0.384884	-0.3896	-0.351438	-0.282724	-0.195514	-0.112807	-0.032717	0.0590627	0.156271	0.259995	0.367168	0.461904	0.534877	0.581599	0.587723	0.557739	0.510959	0.445233	0.372326	0.305006	0.229058	0.142626	0.0631247	0	
0	-0.0306401	-0.0700892	-0.113724	-0.144782	-0.140478	-0.0870674	0.00165684	0.104249	0.181829	0.223821	0.225725	0.206381	0.182399	0.166139	0.160683	0.158953	0.147666	0.114519	0.0666016	0.0152146	-0.0175238	-0.0289391	-0.0303275	-0.0238254	-0.0165902	-0.00943391	-0.00838295	-0.0162728	-0.0262405	-0.0265977	-0.0194899	-0.0125934	-0.00685103	0.00893116	0.0169236	0.0291465	0.0533918	0.0985502	0.160285	0.227484	0.300958	0.405713	0.535981	0.67769	0.811864	0.928998	1.02111	1.06508	1.03701	0.921985	0.728927	0.472824	0.167757	-0.152904	-0.455388	-0.725916	-0.947082	-1.10388	-1.20288	-1.23112	-1.1703	-1.03362	-0.840622	-0.617503	-0.401608	-0.224627	-0.0932195	0.000964524	0.0613778	0.0895404	0.0800967	0.0299253	-0.0566735	-0.170003	-0.286774	-0.378378	-0.420051	-0.412774	-0.361671	-0.280187	-0.203773	-0.125338	-0.0330467	0.0590021	0.155437	0.25753	0.3569	0.450091	0.524547	0.56245	0.567101	0.546645	0.503058	0.447551	0.376731	0.2869	0.188345	0.0893771	0	
0	-0.0019997	-0.0134459	-0.0363294	-0.0513437	-0.0426378	0.00611809	0.0830939	0.167321	0.227738	0.25111	0.236372	0.201174	0.163059	0.136376	0.129527	0.130997	0.130911	0.107327	0.0651838	0.0156993	-0.0177701	-0.0333055	-0.035548	-0.0323472	-0.0257249	-0.011761	-0.00347224	-0.00685929	-0.0165076	-0.0229601	-0.0230482	-0.0159379	-0.00556142	0.0126885	0.0291465	0.051456	0.0772875	0.129259	0.20467	0.287709	0.373019	0.484018	0.613599	0.748951	0.866488	0.961313	1.02348	1.03369	0.976063	0.838826	0.631944	0.371229	0.0739889	-0.228912	-0.513087	-0.767808	-0.975873	-1.12349	-1.22041	-1.24905	-1.1945	-1.06183	-0.866714	-0.640212	-0.416072	-0.225695	-0.0758352	0.0321544	0.10625	0.148087	0.150835	0.111083	0.0250017	-0.0930678	-0.225239	-0.344052	-0.415865	-0.431926	-0.396182	-0.329648	-0.262688	-0.194027	-0.113956	-0.0326952	0.0446695	0.129418	0.226691	0.330624	0.430362	0.505602	0.547926	0.559387	0.541507	0.500621	0.432986	0.342075	0.237089	0.11934	0	
0	0.0189781	0.0291178	0.02308	0.0226698	0.0368696	0.0833029	0.151952	0.220062	0.267665	0.273438	0.248106	0.197979	0.149821	0.112578	0.102021	0.105218	0.113724	0.0986287	0.0640268	0.0166468	-0.0174958	-0.033388	-0.0378374	-0.0377095	-0.0319228	-0.0182745	-0.00382983	-0.000237899	-0.0067022	-0.0142033	-0.0127959	-0.00528502	0.00950871	0.0297851	0.0533918	0.0772875	0.110718	0.17438	0.258894	0.352487	0.449899	0.560312	0.674443	0.795086	0.893349	0.964108	0.989505	0.968689	0.886916	0.735363	0.522934	0.264114	-0.0238682	-0.313602	-0.578141	-0.809752	-0.995122	-1.12317	-1.20102	-1.21516	-1.16414	-1.04203	-0.857709	-0.645671	-0.432366	-0.240732	-0.0803946	0.0385919	0.123815	0.175858	0.188862	0.158011	0.0797743	-0.0289415	-0.155521	-0.281515	-0.370806	-0.403157	-0.388751	-0.348971	-0.304205	-0.254859	-0.192105	-0.126024	-0.0600309	0.0145047	0.102291	0.207401	0.319793	0.416476	0.487522	0.531827	0.544067	0.519936	0.463296	0.38436	0.27797	0.142393	0	
0	0.0371498	0.0641579	0.0771442	0.089221	0.114266	0.15913	0.223303	0.275197	0.309766	0.296702	0.257885	0.194771	0.132193	0.0898003	0.0704843	0.0819661	0.0981945	0.0999195	0.0759535	0.0362287	0.000637046	-0.0164289	-0.028187	-0.0329185	-0.0344633	-0.0220618	-0.00223141	0.010471	0.0120327	0.00798171	0.00808542	0.0173432	0.0376193	0.063581	0.0985502	0.129259	0.17438	0.239467	0.328698	0.426974	0.528613	0.622981	0.724334	0.821684	0.892395	0.930009	0.9259	0.882662	0.784666	0.630343	0.418387	0.166853	-0.113023	-0.390037	-0.637239	-0.846154	-1.00356	-1.10693	-1.15448	-1.14796	-1.09963	-0.990598	-0.829608	-0.643602	-0.455772	-0.275352	-0.111341	0.0136564	0.112289	0.176905	0.203637	0.189783	0.127686	0.0399633	-0.0696106	-0.194856	-0.296152	-0.347465	-0.361126	-0.355729	-0.339089	-0.308373	-0.26216	-0.206803	-0.146024	-0.0815356	-0.00465894	0.0908738	0.199601	0.308449	0.398871	0.465726	0.503537	0.500569	0.459049	0.386743	0.286954	0.156878	0	
0	0.0547421	0.0997021	0.131831	0.161627	0.197627	0.250384	0.306471	0.35215	0.366189	0.33949	0.283255	0.205164	0.131322	0.0768287	0.0499003	0.0641521	0.0839859	0.102691	0.0903656	0.058532	0.0293607	0.01033	-0.00215623	-0.00938476	-0.0190482	-0.0108182	0.00747926	0.0239378	0.0303367	0.0301297	0.0301582	0.045937	0.0723419	0.113954	0.160285	0.20467	0.258894	0.328698	0.414989	0.51085	0.602058	0.683273	0.761373	0.819326	0.859329	0.874072	0.853971	0.79327	0.692157	0.539991	0.335255	0.0939926	-0.174723	-0.439827	-0.67474	-0.85703	-0.988351	-1.06847	-1.09124	-1.07171	-1.02393	-0.932635	-0.795783	-0.637909	-0.480458	-0.317151	-0.165459	-0.0399209	0.068492	0.145896	0.197038	0.207052	0.173877	0.115743	0.0238877	-0.0931991	-0.203145	-0.273826	-0.312432	-0.34096	-0.353261	-0.344768	-0.32317	-0.282107	-0.223285	-0.164737	-0.0993997	-0.0145012	0.0887146	0.197178	0.29438	0.373947	0.417807	0.424373	0.408487	0.356536	0.266512	0.148065	0	
0	0.0689407	0.130512	0.180754	0.230439	0.282356	0.346374	0.403196	0.44396	0.442447	0.401556	0.325262	0.231058	0.141652	0.0680695	0.0339018	0.0362617	0.0631519	0.0922331	0.0926206	0.0769394	0.0536721	0.0380511	0.0309313	0.0187812	0.0070532	0.0101632	0.0245805	0.0445674	0.0580186	0.0599699	0.0616765	0.080186	0.112393	0.166667	0.227484	0.287709	0.352487	0.426974	0.51085	0.596681	0.667182	0.723646	0.762761	0.78306	0.79691	0.794286	0.762321	0.698999	0.603778	0.460763	0.270618	0.0431348	-0.210706	-0.462173	-0.674621	-0.827515	-0.934325	-0.994766	-1.00556	-0.981986	-0.941263	-0.868918	-0.756518	-0.627514	-0.497398	-0.363023	-0.236008	-0.118629	-0.00941933	0.0860266	0.165366	0.208979	0.217664	0.188783	0.117461	0.00965736	-0.107775	-0.191498	-0.252537	-0.30469	-0.336502	-0.353316	-0.357146	-0.335748	-0.289933	-0.236129	-0.180421	-0.114694	-0.0249061	0.0776226	0.172483	0.255372	0.303988	0.316035	0.313787	0.287159	0.223679	0.125773	0	
0	0.078648	0.152661	0.219052	0.287022	0.357428	0.433988	0.497757	0.535197	0.524381	0.469248	0.376525	0.267969	0.162729	0.0753844	0.0283731	0.0196511	0.0483486	0.0798119	0.0954378	0.0891811	0.0723855	0.0641378	0.0568717	0.0481265	0.0368527	0.0357225	0.0510148	0.0765366	0.0981025	0.107944	0.115101	0.132792	0.166296	0.230129	0.300958	0.373019	0.449899	0.528613	0.602058	0.667182	0.710444	0.738948	0.743186	0.731745	0.715453	0.694628	0.659768	0.604833	0.521806	0.393815	0.220399	0.010244	-0.221237	-0.448022	-0.635076	-0.764332	-0.850845	-0.895659	-0.906406	-0.889897	-0.85913	-0.805226	-0.718796	-0.616633	-0.510315	-0.405747	-0.301655	-0.194319	-0.08422	0.0267064	0.126533	0.200758	0.242301	0.23878	0.186507	0.0876087	-0.0247948	-0.116876	-0.191361	-0.246475	-0.290112	-0.32716	-0.350783	-0.352848	-0.327261	-0.290952	-0.256349	-0.210149	-0.138999	-0.0555387	0.0294556	0.109389	0.159939	0.185609	0.201938	0.195052	0.154227	0.0845439	0	
0	0.0826353	0.165324	0.242961	0.328867	0.417211	0.508747	0.584848	0.621153	0.608947	0.53965	0.436275	0.314527	0.196565	0.100246	0.0399351	0.0249537	0.0499281	0.0872634	0.113852	0.118518	0.109716	0.104633	0.0986965	0.0918515	0.0793004	0.0776411	0.0931827	0.123494	0.157433	0.179137	0.197657	0.217312	0.259286	0.328542	0.405713	0.484018	0.560312	0.622981	0.683273	0.723646	0.738948	0.738685	0.717417	0.67701	0.635853	0.605384	0.574624	0.528033	0.45161	0.335744	0.182373	0.000421056	-0.200114	-0.400656	-0.563918	-0.678186	-0.749416	-0.788625	-0.808373	-0.801107	-0.780812	-0.743492	-0.688135	-0.612141	-0.528747	-0.447346	-0.353751	-0.249017	-0.131119	-0.010147	0.0991803	0.188425	0.246358	0.262302	0.226449	0.142705	0.0425048	-0.0545025	-0.135573	-0.187952	-0.231434	-0.276545	-0.314563	-0.333596	-0.328713	-0.31796	-0.313661	-0.299325	-0.25539	-0.190788	-0.116845	-0.0498587	-0.00796036	0.0278435	0.0620946	0.0768395	0.0694885	0.0405292	0	
