0	0	0	0	0	0	0	0	0	0	0	0	0	0	0	0	0	0	0	0	0	0	0	0	0	0	0	0	0	0	0	0	0	0	0	0	0	0	0	0	0	0	0	0	0	0	0	0	0	0	0	0	0	0	0	0	0	0	0	0	0	0	0	0	0	0	0	0	0	0	0	0	0	0	0	0	0	0	0	0	0	0	0	0	0	0	0	0	0	0	0	0	0	0	0	0	0	0	0	0	
0	9.96314e-15	9.4324e-14	8.19056e-13	6.56447e-12	4.8432e-11	3.28007e-10	2.03322e-09	1.15014e-08	5.91971e-08	2.76426e-07	1.16795e-06	4.45469e-06	1.53098e-05	4.73618e-05	0.000131881	0.000330964	0.000750614	0.00154506	0.00290275	0.00501041	0.00800195	0.0119076	0.0166202	0.0218893	0.0273451	0.0325462	0.0370383	0.0404129	0.042357	0.0426886	0.0413767	0.0385441	0.0344549	0.0294845	0.0240758	0.0186825	0.0137098	0.00946004	0.00609884	0.00364836	0.00201078	0.00101408	0.000465112	0.000193049	7.22565e-05	2.43397e-05	7.37437e-06	2.01078e-06	4.94194e-07	1.09717e-07	2.20618e-08	4.02954e-09	6.70558e-10	1.01979e-10	1.42167e-11	1.82209e-12	2.15309e-13	2.35206e-14	2.38149e-15	2.24038e-16	1.96279e-17	1.60489e-18	1.22725e-19	8.79385e-21	5.91526e-22	3.74169e-23	2.2293e-24	1.25297e-25	6.65293e-27	3.34183e-28	1.59008e-29	7.1754e-31	3.07451e-32	1.25223e-33	4.85323e-35	1.79161e-36	6.30574e-38	2.11786e-39	6.79361e-41	2.08305e-42	6.10987e-44	1.71561e-45	4.61498e-47	1.19008e-48	2.94384e-50	6.98967e-52	1.59388e-53	3.49268e-55	7.3586e-57	1.49139e-58	2.9091e-60	5.4639e-62	9.88596e-64	1.72383e-65	2.89806e-67	4.69927e-69	7.35237e-71	1.11011e-72	0	
0	9.4324e-14	8.61245e-13	7.19827e-12	5.54477e-11	3.92554e-10	2.54682e-09	1.5096e-08	8.14995e-08	3.99533e-07	1.77328e-06	7.10657e-06	2.56573e-05	8.33152e-05	0.000243161	0.000638183	0.00150923	0.00322793	0.00627713	0.0111726	0.0183376	0.0279684	0.0399351	0.0537506	0.068612	0.083501	0.0973136	0.10899	0.117626	0.122553	0.12339	0.120072	0.112857	0.1023	0.0892224	0.0746317	0.0596296	0.0452849	0.0325008	0.0218994	0.013754	0.00799029	0.00426113	0.00207129	0.000912245	0.000362398	0.000129489	4.1564e-05	1.1987e-05	3.11e-06	7.27383e-07	1.53763e-07	2.94648e-08	5.13416e-09	8.16061e-10	1.18693e-10	1.58457e-11	1.9474e-12	2.20944e-13	2.32037e-14	2.26142e-15	2.0502e-16	1.73293e-17	1.36856e-18	1.01184e-19	7.01692e-21	4.57239e-22	2.80434e-23	1.62142e-24	8.85088e-26	4.56792e-27	2.23188e-28	1.03369e-29	4.54359e-31	1.89753e-32	7.53746e-34	2.85071e-35	1.02753e-36	3.53302e-38	1.15982e-39	3.63827e-41	1.09144e-42	3.13354e-44	8.61619e-46	2.2706e-47	5.73847e-49	1.39173e-50	3.24102e-52	7.25138e-54	1.5596e-55	3.22616e-57	6.42184e-59	1.23067e-60	2.27159e-62	4.04033e-64	6.92766e-66	1.14555e-67	1.82753e-69	2.81326e-71	0	
0	8.19056e-13	7.19827e-12	5.77751e-11	4.26632e-10	2.89012e-09	1.79052e-08	1.01125e-07	5.18967e-07	2.41234e-06	1.01256e-05	3.82728e-05	0.000129977	0.000396025	0.0010822	0.00265533	0.00586708	0.0117303	0.021362	0.0357136	0.05528	0.0798942	0.108675	0.140128	0.172363	0.203338	0.231094	0.253924	0.270474	0.279796	0.281371	0.275112	0.261365	0.240909	0.214937	0.185027	0.153052	0.121046	0.0909898	0.0645656	0.0429186	0.0265048	0.0150775	0.00783602	0.00369391	0.0015705	0.000599914	0.000205486	6.30925e-05	1.73824e-05	4.30559e-06	9.6137e-07	1.9409e-07	3.55449e-08	5.92458e-09	9.01733e-10	1.25729e-10	1.61094e-11	1.90237e-12	2.07636e-13	2.10017e-14	1.97352e-15	1.72697e-16	1.41043e-17	1.07733e-18	7.7113e-20	5.18191e-21	3.27486e-22	1.94961e-23	1.09503e-24	5.81114e-26	2.91777e-27	1.38791e-28	6.26222e-30	2.68323e-31	1.09303e-32	4.23742e-34	1.56497e-35	5.51125e-37	1.85238e-38	5.94722e-40	1.8254e-41	5.36043e-43	1.50716e-44	4.06018e-46	1.0487e-47	2.59867e-49	6.18185e-51	1.41256e-52	3.10211e-54	6.55099e-56	1.331e-57	2.60304e-59	4.90256e-61	8.8961e-63	1.55596e-64	2.62419e-66	4.26937e-68	6.70151e-70	0	
0	6.56447e-12	5.54477e-11	4.26632e-10	3.01428e-09	1.94963e-08	1.1506e-07	6.17487e-07	3.00305e-06	1.31903e-05	5.21553e-05	0.00018512	0.000588505	0.00167354	0.00425756	0.0097084	0.0199224	0.0370196	0.0627936	0.0981287	0.142634	0.19462	0.251395	0.309728	0.366325	0.418206	0.462911	0.498561	0.523823	0.53785	0.540204	0.530817	0.509974	0.478352	0.437078	0.387807	0.332767	0.274744	0.216946	0.162682	0.114917	0.0757906	0.0462289	0.0258332	0.0131116	0.00600173	0.00246517	0.000905982	0.000297647	8.74772e-05	2.30417e-05	5.45411e-06	1.16386e-06	2.24663e-07	3.93684e-08	6.28451e-09	9.17037e-10	1.22722e-10	1.51089e-11	1.71638e-12	1.80416e-13	1.75938e-14	1.59568e-15	1.34908e-16	1.06558e-17	7.87911e-19	5.46445e-20	3.56107e-21	2.18433e-22	1.26314e-23	6.89671e-25	3.56044e-26	1.7403e-27	8.06401e-29	3.54659e-30	1.48216e-31	5.8922e-33	2.23048e-34	8.04792e-36	2.77034e-37	9.10601e-39	2.86044e-40	8.59396e-42	2.47138e-43	6.80747e-45	1.79735e-46	4.5516e-48	1.10626e-49	2.58208e-51	5.79099e-53	1.24866e-54	2.58986e-56	5.16967e-58	9.93607e-60	1.83963e-61	3.2825e-63	5.64699e-65	9.3701e-67	1.49987e-68	0	
0	4.8432e-11	3.92554e-10	2.89012e-09	1.94963e-08	1.20116e-07	6.73482e-07	3.42408e-06	1.57269e-05	6.50189e-05	0.000241121	0.000799701	0.00236672	0.00624372	0.014693	0.0309316	0.0585695	0.100543	0.158016	0.22981	0.31259	0.401623	0.491745	0.578196	0.657143	0.725854	0.782571	0.826282	0.856489	0.872998	0.87575	0.864741	0.84	0.801656	0.750061	0.685991	0.610874	0.527026	0.437845	0.347765	0.261874	0.18519	0.121714	0.0735512	0.0404476	0.0200644	0.00891947	0.00353898	0.0012512	0.000394299	0.000110954	2.79561e-05	6.32821e-06	1.29166e-06	2.38626e-07	4.0052e-08	6.12991e-09	8.58485e-10	1.10384e-10	1.30721e-11	1.42999e-12	1.44904e-13	1.36369e-14	1.1948e-15	9.76829e-17	7.46811e-18	5.34989e-19	3.59782e-20	2.27542e-21	1.35561e-22	7.61974e-24	4.04684e-25	2.03362e-26	9.68208e-28	4.37275e-29	1.87559e-30	7.64892e-32	2.96894e-33	1.09793e-34	3.87199e-36	1.30339e-37	4.19143e-39	1.28872e-40	3.79141e-42	1.0681e-43	2.88333e-45	7.46359e-47	1.85374e-48	4.42047e-50	1.01265e-51	2.2298e-53	4.72196e-55	9.62171e-57	1.88743e-58	3.56599e-60	6.49199e-62	1.13933e-63	1.92832e-65	3.14796e-67	0	
0	3.28007e-10	2.54682e-09	1.79052e-08	1.1506e-07	6.73482e-07	3.57702e-06	1.71708e-05	7.4196e-05	0.000287452	0.000994776	0.00306531	0.00839157	0.0203948	0.0440683	0.0850158	0.147507	0.232519	0.336982	0.454581	0.577491	0.69816	0.810544	0.91061	0.996256	1.06681	1.12242	1.16373	1.19151	1.20643	1.2089	1.19899	1.17642	1.14062	1.09082	1.0263	0.946684	0.852232	0.744404	0.62643	0.503577	0.382902	0.272308	0.178936	0.107325	0.0581162	0.0281684	0.0121524	0.00465427	0.00158214	0.000478143	0.000128835	3.10623e-05	6.72792e-06	1.31449e-06	2.32613e-07	3.74305e-08	5.49764e-09	7.3967e-10	9.14688e-11	1.04292e-11	1.09965e-12	1.07517e-13	9.77321e-15	8.27905e-16	6.55062e-17	4.85126e-18	3.3694e-19	2.19876e-20	1.35046e-21	7.81941e-23	4.2748e-24	2.20971e-25	1.0815e-26	5.0181e-28	2.21008e-29	9.24971e-31	3.68276e-32	1.39634e-33	5.0467e-35	1.7403e-36	5.73094e-38	1.80376e-39	5.43034e-41	1.56497e-42	4.32043e-44	1.14339e-45	2.90264e-47	7.0729e-49	1.65528e-50	3.72274e-52	8.05032e-54	1.67475e-55	3.35345e-57	6.46619e-59	1.20122e-60	2.15081e-62	3.71341e-64	6.18305e-66	0	
0	2.03322e-09	1.5096e-08	1.01125e-07	6.17487e-07	3.42408e-06	1.71708e-05	7.75312e-05	0.000313815	0.00113363	0.00363994	0.0103526	0.0260241	0.0578049	0.113746	0.199515	0.315077	0.453862	0.605002	0.756806	0.899567	1.02692	1.13583	1.22586	1.29817	1.35447	1.39665	1.42666	1.44618	1.45642	1.45811	1.45135	1.43566	1.41001	1.37291	1.32248	1.25681	1.17407	1.07277	0.952598	0.81543	0.666256	0.513529	0.368391	0.242448	0.144382	0.0769221	0.0363767	0.015207	0.00561452	0.00183338	0.00053109	0.000137011	3.16163e-05	6.55533e-06	1.22672e-06	2.08087e-07	3.21271e-08	4.53221e-09	5.86315e-10	6.97916e-11	7.66821e-12	7.79964e-13	7.36428e-14	6.47086e-15	5.30395e-16	4.06443e-17	2.91782e-18	1.96614e-19	1.24582e-20	7.43551e-22	4.18676e-23	2.22744e-24	1.12126e-25	5.34758e-27	2.41938e-28	1.03959e-29	4.24739e-31	1.65174e-32	6.12014e-34	2.16269e-35	7.29523e-37	2.35108e-38	7.24501e-40	2.13645e-41	6.03325e-43	1.63277e-44	4.2375e-46	1.05532e-47	2.52359e-49	5.79786e-51	1.2805e-52	2.7201e-54	5.56045e-56	1.09438e-57	2.07476e-59	3.79056e-61	6.6767e-63	1.134e-64	0	
0	1.15014e-08	8.14995e-08	5.18967e-07	3.00305e-06	1.57269e-05	7.4196e-05	0.000313815	0.00118404	0.00396574	0.0117372	0.030583	0.0700097	0.140879	0.25031	0.396344	0.567154	0.745963	0.917377	1.07091	1.20155	1.30846	1.39327	1.45875	1.50766	1.54257	1.56631	1.58163	1.59068	1.59509	1.5958	1.59294	1.58591	1.57332	1.55321	1.52307	1.48005	1.42154	1.34484	1.24706	1.12599	0.981273	0.816084	0.638649	0.462606	0.304847	0.179965	0.0941057	0.043307	0.0175017	0.00621786	0.00194802	0.000540511	0.000133472	2.94803e-05	5.85313e-06	1.04962e-06	1.70773e-07	2.53153e-08	3.43265e-09	4.27309e-10	4.89989e-11	5.19185e-12	5.09811e-13	4.65175e-14	3.95395e-15	3.13806e-16	2.3305e-17	1.62284e-18	1.06159e-19	6.53533e-21	3.79248e-22	2.0778e-23	1.07633e-24	5.27889e-26	2.45452e-27	1.0833e-28	4.54349e-30	1.81289e-31	6.88878e-33	2.49536e-34	8.62481e-36	2.84694e-37	8.98226e-39	2.71095e-40	7.83284e-42	2.16818e-43	5.75378e-45	1.46481e-46	3.57975e-48	8.40297e-50	1.89571e-51	4.11255e-53	8.58379e-55	1.72463e-56	3.33712e-58	6.2217e-60	1.11815e-61	1.93735e-63	0	
0	5.91971e-08	3.99533e-07	2.41234e-06	1.31903e-05	6.50189e-05	0.000287452	0.00113363	0.00396574	0.0122378	0.0331429	0.0784634	0.162109	0.292927	0.466559	0.664536	0.863409	1.04537	1.20146	1.32935	1.43032	1.50688	1.56191	1.59831	1.61879	1.62714	1.62786	1.62464	1.62033	1.61728	1.61672	1.61879	1.62282	1.62682	1.62808	1.62326	1.60811	1.5784	1.53121	1.46364	1.37279	1.25591	1.11104	0.938819	0.7451	0.54411	0.35804	0.208746	0.1067	0.0476049	0.0185421	0.00632476	0.00189829	0.00050407	0.000119096	2.51771e-05	4.7877e-06	8.23054e-07	1.28507e-07	1.83013e-08	2.38678e-09	2.86091e-10	3.16237e-11	3.23361e-12	3.0674e-13	2.70654e-14	2.22683e-15	1.7123e-16	1.23316e-17	8.33413e-19	5.29556e-20	3.16902e-21	1.78897e-22	9.5414e-24	4.81473e-25	2.3018e-26	1.04389e-27	4.49627e-29	1.84143e-30	7.17842e-32	2.66634e-33	9.44572e-35	3.19437e-36	1.03215e-37	3.18911e-39	9.42987e-41	2.67041e-42	7.24765e-44	1.88651e-45	4.71244e-47	1.13039e-48	2.60534e-50	5.77296e-52	1.23046e-53	2.52404e-55	4.9854e-57	9.48604e-59	1.7396e-60	3.07509e-62	0	
0	2.76426e-07	1.77328e-06	1.01256e-05	5.21553e-05	0.000241121	0.000994776	0.00363994	0.0117372	0.0331429	0.0814892	0.173772	0.321241	0.517686	0.737555	0.950399	1.13768	1.29425	1.42008	1.51604	1.58313	1.62275	1.63792	1.63245	1.61191	1.58368	1.5537	1.52598	1.50453	1.49207	1.48985	1.49827	1.51627	1.54193	1.57163	1.60119	1.62571	1.63791	1.63154	1.60216	1.54631	1.46206	1.34821	1.20397	1.02882	0.824811	0.604512	0.39502	0.226085	0.11233	0.048361	0.0180903	0.00590961	0.00169636	0.000430655	9.73052e-05	1.96853e-05	3.58567e-06	5.91086e-07	8.85994e-08	1.21279e-08	1.52207e-09	1.75772e-10	1.87402e-11	1.85029e-12	1.69657e-13	1.44844e-14	1.15419e-15	8.60339e-17	6.01155e-18	3.9452e-19	2.43615e-20	1.41785e-21	7.78991e-23	4.04634e-24	1.98988e-25	9.27687e-27	4.1051e-28	1.72625e-29	6.90601e-31	2.63116e-32	9.55647e-34	3.31198e-35	1.09625e-36	3.46841e-38	1.04979e-39	3.04203e-41	8.44557e-43	2.24805e-44	5.74094e-46	1.40746e-47	3.31462e-49	7.50281e-51	1.63324e-52	3.42092e-54	6.898e-56	1.33968e-57	2.50715e-59	4.52196e-61	0	
0	1.16795e-06	7.10657e-06	3.82728e-05	0.00018512	0.000799701	0.00306531	0.0103526	0.030583	0.0784634	0.173772	0.331155	0.544479	0.782112	1.00624	1.19818	1.35782	1.48522	1.57645	1.62941	1.64484	1.62752	1.5847	1.52432	1.45648	1.38924	1.32701	1.27451	1.23659	1.21508	1.21124	1.22602	1.25741	1.30449	1.36348	1.42942	1.49779	1.56241	1.61314	1.6417	1.64006	1.6025	1.52651	1.41296	1.26591	1.08718	0.874865	0.63875	0.411051	0.229098	0.109887	0.0454109	0.0162507	0.0050705	0.00138958	0.0003369	7.27522e-05	1.40813e-05	2.45682e-06	3.88425e-07	5.59109e-08	7.35893e-09	8.89129e-10	9.89699e-11	1.01825e-11	9.71237e-13	8.61231e-14	7.11781e-15	5.49584e-16	3.97313e-17	2.69482e-18	1.71809e-19	1.03147e-20	5.84084e-22	3.12449e-23	1.58126e-24	7.5812e-26	3.44784e-27	1.48922e-28	6.11605e-30	2.39087e-31	8.90554e-33	3.16378e-34	1.07299e-35	3.47706e-37	1.0775e-38	3.19558e-40	9.07705e-42	2.47122e-43	6.45282e-45	1.61712e-46	3.89189e-48	9.00046e-50	2.00125e-51	4.28062e-53	8.81268e-55	1.74712e-56	3.33699e-58	6.14147e-60	0	
0	4.45469e-06	2.56573e-05	0.000129977	0.000588505	0.00236672	0.00839157	0.0260241	0.0700097	0.162109	0.321241	0.544479	0.797009	1.03317	1.23219	1.39865	1.53062	1.61518	1.6481	1.63352	1.57937	1.49686	1.3955	1.28574	1.17715	1.07455	0.983048	0.910031	0.858037	0.828813	0.824012	0.843709	0.887015	0.951827	1.03622	1.13545	1.24192	1.3524	1.45812	1.54935	1.61619	1.64766	1.63476	1.57091	1.45648	1.30279	1.11747	0.895309	0.644563	0.404144	0.217279	0.0998592	0.0393905	0.0134322	0.00399223	0.00104266	0.000241138	4.97343e-05	9.20645e-06	1.53846e-06	2.33292e-07	3.22536e-08	4.08295e-09	4.7508e-10	5.09901e-11	5.06442e-12	4.66851e-13	4.00508e-14	3.20562e-15	2.39931e-16	1.68292e-17	1.10843e-18	6.86792e-20	4.01022e-21	2.21024e-22	1.15159e-23	5.68013e-25	2.65587e-26	1.17866e-27	4.97077e-29	1.99433e-30	7.62023e-32	2.77573e-33	9.64796e-35	3.20286e-36	1.01638e-37	3.08564e-39	8.96899e-41	2.49788e-42	6.67012e-44	1.70893e-45	4.20359e-47	9.93319e-49	2.25623e-50	4.92884e-52	1.03611e-53	2.09697e-55	4.08802e-57	7.67772e-59	0	
0	1.53098e-05	8.33152e-05	0.000396025	0.00167354	0.00624372	0.0203948	0.0578049	0.140879	0.292927	0.517686	0.782112	1.03317	1.24316	1.41901	1.55764	1.63526	1.64716	1.60582	1.52013	1.40184	1.26098	1.10702	0.951736	0.802437	0.666009	0.55082	0.461709	0.397782	0.362817	0.35782	0.38021	0.433487	0.512512	0.617264	0.745761	0.890952	1.04441	1.20042	1.34729	1.47616	1.57597	1.6363	1.6474	1.59679	1.48031	1.31763	1.12246	0.886653	0.621613	0.375155	0.192612	0.0841789	0.0315231	0.010204	0.00288128	0.000715866	0.000157747	3.10512e-05	5.49509e-06	8.79311e-07	1.27885e-07	1.69834e-08	2.06807e-09	2.3179e-10	2.39941e-11	2.30125e-12	2.05079e-13	1.70265e-14	1.3202e-15	9.58157e-17	6.52273e-18	4.1731e-19	2.51369e-20	1.42797e-21	7.66248e-23	3.8896e-24	1.87037e-25	8.53117e-27	3.69556e-28	1.52212e-29	5.96744e-31	2.22921e-32	7.94266e-34	2.70169e-35	8.781e-37	2.72934e-38	8.11937e-40	2.3135e-41	6.31848e-43	1.6552e-44	4.16171e-46	1.00496e-47	2.33205e-49	5.20348e-51	1.11699e-52	2.308e-54	4.59271e-56	8.80266e-58	0	
0	4.73618e-05	0.000243161	0.0010822	0.00425756	0.014693	0.0440683	0.113746	0.25031	0.466559	0.737555	1.00624	1.23219	1.41901	1.56657	1.64263	1.63965	1.58077	1.47124	1.31807	1.13528	0.933399	0.728302	0.531207	0.351169	0.195658	0.0692599	-0.0295762	-0.0975366	-0.134365	-0.140213	-0.115717	-0.0604731	0.0260642	0.142062	0.284899	0.456794	0.647192	0.851152	1.05541	1.24763	1.41424	1.54233	1.62196	1.64942	1.60649	1.48414	1.31122	1.10258	0.848601	0.571297	0.327746	0.159141	0.065671	0.0232295	0.00711274	0.00190341	0.000449122	9.4188e-05	1.76811e-05	2.98987e-06	4.58005e-07	6.38783e-08	8.14825e-09	9.54494e-10	1.03058e-10	1.02908e-11	9.53235e-13	8.21395e-14	6.60121e-15	4.95958e-16	3.49114e-17	2.30715e-18	1.43414e-19	8.4e-21	4.64358e-22	2.4265e-23	1.2003e-24	5.62821e-26	2.5048e-27	1.05931e-28	4.262e-30	1.63308e-31	5.96547e-33	2.07943e-34	6.92314e-36	2.2034e-37	6.70928e-39	1.95608e-40	5.46452e-42	1.46379e-43	3.76234e-45	9.28478e-47	2.20134e-48	5.01718e-50	1.09985e-51	2.32027e-53	4.71304e-55	9.21901e-57	0	
0	0.000131881	0.000638183	0.00265533	0.0097084	0.0309316	0.0850158	0.199515	0.396344	0.664536	0.950399	1.19818	1.39865	1.55764	1.64263	1.63596	1.5677	1.44035	1.25161	1.02811	0.782417	0.533847	0.29551	0.0775949	-0.112912	-0.273504	-0.401924	-0.498766	-0.561704	-0.596385	-0.603319	-0.578937	-0.528523	-0.444746	-0.329136	-0.180986	-0.00253172	0.205287	0.436335	0.682646	0.930923	1.16566	1.37051	1.5244	1.615	1.64926	1.60202	1.46789	1.28326	1.05587	0.780643	0.497439	0.268113	0.122061	0.0472667	0.0157238	0.00454006	0.00114889	0.000257046	5.12456e-05	9.16687e-06	1.48037e-06	2.17009e-07	2.90175e-08	3.55482e-09	4.00559e-10	4.16633e-11	4.0132e-12	3.59057e-13	2.99193e-14	2.32776e-15	1.69481e-16	1.15725e-17	7.42531e-19	4.48518e-20	2.55486e-21	1.37458e-22	6.99587e-24	3.3728e-25	1.54238e-26	6.69856e-28	2.76613e-29	1.08729e-30	4.07241e-32	1.45486e-33	4.9621e-35	1.61722e-36	5.04076e-38	1.50383e-39	4.29742e-41	1.17717e-42	3.09312e-44	7.80124e-46	1.8898e-47	4.39962e-49	9.84944e-51	2.1215e-52	4.39884e-54	8.78133e-56	0	
0	0.000330964	0.00150923	0.00586708	0.0199224	0.0585695	0.147507	0.315077	0.567154	0.863409	1.13768	1.35782	1.53062	1.63526	1.63965	1.5677	1.42968	1.21254	0.956696	0.678499	0.390954	0.115236	-0.141504	-0.36505	-0.55475	-0.705813	-0.818882	-0.898643	-0.951607	-0.97812	-0.983354	-0.966985	-0.923562	-0.854502	-0.755939	-0.618856	-0.445992	-0.234089	0.00877621	0.279737	0.56278	0.848182	1.1131	1.35064	1.5219	1.61833	1.64873	1.58271	1.43212	1.23179	0.978806	0.684205	0.407116	0.204096	0.0864984	0.0312734	0.00974853	0.0026473	0.000632262	0.000133939	2.53571e-05	4.31878e-06	6.65661e-07	9.33361e-08	1.19615e-08	1.40696e-09	1.52472e-10	1.52758e-11	1.41931e-12	1.22646e-13	9.88252e-15	7.44337e-16	5.25201e-17	3.47881e-18	2.16728e-19	1.27219e-20	7.04798e-22	3.69085e-23	1.82966e-24	8.59782e-26	3.83478e-27	1.62536e-28	6.55411e-30	2.5171e-31	9.21618e-33	3.22022e-34	1.07474e-35	3.4291e-37	1.04682e-38	3.06003e-40	8.57159e-42	2.30244e-43	5.93474e-45	1.46887e-46	3.49299e-48	7.98555e-50	1.75609e-51	3.71672e-53	7.57188e-55	0	
0	0.000750614	0.00322793	0.0117303	0.0370196	0.100543	0.232519	0.453862	0.745963	1.04537	1.29425	1.48522	1.61518	1.64716	1.58077	1.44035	1.21254	0.932283	0.629529	0.301139	-0.0112058	-0.304724	-0.555249	-0.764477	-0.925096	-1.04432	-1.12673	-1.18217	-1.2148	-1.22989	-1.2328	-1.22209	-1.19742	-1.15317	-1.07987	-0.977745	-0.833929	-0.644109	-0.410413	-0.131719	0.173767	0.498983	0.815128	1.10354	1.35968	1.53386	1.6306	1.64169	1.5461	1.37635	1.15197	0.868837	0.565183	0.310416	0.1436	0.056345	0.0189457	0.00551809	0.00140629	0.000316465	6.3394e-05	1.13852e-05	1.8448e-06	2.71204e-07	3.63538e-08	4.46321e-09	5.03884e-10	5.25017e-11	5.06531e-12	4.53868e-13	3.78735e-14	2.95067e-15	2.15125e-16	1.47088e-17	9.45037e-19	5.71616e-20	3.26057e-21	1.75677e-22	8.95407e-24	4.32341e-25	1.98019e-26	8.61396e-28	3.56309e-29	1.40301e-30	5.26453e-32	1.88432e-33	6.43952e-35	2.10303e-36	6.56895e-38	1.96407e-39	5.62549e-41	1.54462e-42	4.06861e-44	1.02877e-45	2.49869e-47	5.833e-49	1.30951e-50	2.82877e-52	5.88062e-54	0	
0	0.00154506	0.00627713	0.021362	0.0627936	0.158016	0.336982	0.605002	0.917377	1.20146	1.42008	1.57645	1.6481	1.60582	1.47124	1.25161	0.956696	0.629529	0.268876	-0.0790257	-0.397746	-0.676206	-0.89836	-1.06888	-1.18679	-1.26099	-1.30279	-1.31768	-1.32393	-1.32665	-1.32507	-1.32213	-1.32208	-1.31123	-1.28132	-1.22234	-1.12075	-0.974511	-0.770557	-0.516704	-0.209122	0.124714	0.488407	0.828717	1.14025	1.39474	1.56121	1.64477	1.61842	1.4903	1.29625	1.03731	0.728547	0.434942	0.218541	0.0927543	0.0335621	0.0104653	0.00284183	0.000678515	0.000143668	2.71828e-05	4.62669e-06	7.12628e-07	9.9853e-08	1.27882e-08	1.50328e-09	1.6282e-10	1.63045e-11	1.51427e-12	1.30809e-13	1.05379e-14	7.93587e-16	5.59928e-17	3.70905e-18	2.31108e-19	1.35696e-20	7.52035e-22	3.94007e-23	1.95432e-24	9.18988e-26	4.10205e-27	1.74019e-28	7.02409e-30	2.70054e-31	9.89972e-33	3.46357e-34	1.15758e-35	3.69898e-37	1.13103e-38	3.31186e-40	9.29384e-42	2.50124e-43	6.4602e-45	1.60231e-46	3.81882e-48	8.75076e-50	1.92905e-51	4.09147e-53	0	
0	0.00290275	0.0111726	0.0357136	0.0981287	0.22981	0.454581	0.756806	1.07091	1.32935	1.51604	1.62941	1.63352	1.52013	1.31807	1.02811	0.678499	0.301139	-0.0790257	-0.424705	-0.736484	-0.976532	-1.1593	-1.26695	-1.32722	-1.33533	-1.32352	-1.30113	-1.27858	-1.26463	-1.26101	-1.27258	-1.29185	-1.31371	-1.3345	-1.33427	-1.29717	-1.21044	-1.05691	-0.841353	-0.555226	-0.221691	0.14637	0.530308	0.891717	1.21257	1.44952	1.60015	1.64649	1.57233	1.41219	1.18259	0.885063	0.568833	0.308353	0.140867	0.0546435	0.0181859	0.00524842	0.00132664	0.000296353	5.89736e-05	1.05283e-05	1.69676e-06	2.48223e-07	3.3126e-08	4.05059e-09	4.55634e-10	4.73176e-11	4.55152e-12	4.06732e-13	3.38581e-14	2.63212e-15	1.91532e-16	1.30735e-17	8.38723e-19	5.06664e-20	2.88695e-21	1.55408e-22	7.91535e-24	3.8198e-25	1.74888e-26	7.60613e-28	3.14604e-29	1.23891e-30	4.64989e-32	1.66496e-33	5.69289e-35	1.86042e-36	5.8158e-38	1.7405e-39	4.99041e-41	1.37187e-42	3.6183e-44	9.16217e-46	2.22878e-47	5.21165e-49	1.17211e-50	2.53576e-52	0	
0	0.00501041	0.0183376	0.05528	0.142634	0.31259	0.577491	0.899567	1.20155	1.43032	1.58313	1.64484	1.57937	1.40184	1.13528	0.782417	0.390954	-0.0112058	-0.397746	-0.736484	-1.00481	-1.19434	-1.30383	-1.34301	-1.32608	-1.27883	-1.21281	-1.15517	-1.1068	-1.08049	-1.07897	-1.09451	-1.13135	-1.1884	-1.25434	-1.3086	-1.34354	-1.32548	-1.24916	-1.08873	-0.854375	-0.539341	-0.170755	0.231065	0.627873	1.00202	1.30601	1.5193	1.63417	1.62151	1.50104	1.30275	1.0265	0.703011	0.40791	0.199353	0.0824908	0.0291803	0.00891839	0.00237918	0.000559176	0.000116749	2.18138e-05	3.67116e-06	5.59723e-07	7.77088e-08	9.86934e-09	1.15138e-09	1.23845e-10	1.23237e-11	1.13798e-12	9.77881e-14	7.84e-15	5.87837e-16	4.13108e-17	2.72658e-18	1.69334e-19	9.91292e-21	5.47908e-22	2.86371e-23	1.41739e-24	6.65241e-26	2.96448e-27	1.25579e-28	5.06267e-30	1.94446e-31	7.12215e-33	2.49021e-34	8.31888e-36	2.65751e-37	8.12495e-39	2.37925e-40	6.67818e-42	1.79795e-43	4.64618e-45	1.15316e-46	2.75058e-48	6.30896e-50	1.39169e-51	0	
0	0.00800195	0.0279684	0.0798942	0.19462	0.401623	0.69816	1.02692	1.30846	1.50688	1.62275	1.62752	1.49686	1.26098	0.933399	0.533847	0.115236	-0.304724	-0.676206	-0.976532	-1.19434	-1.31547	-1.34906	-1.3092	-1.22078	-1.11088	-1.00747	-0.927612	-0.877906	-0.847576	-0.842344	-0.863802	-0.90399	-0.972451	-1.06701	-1.17811	-1.27829	-1.34007	-1.33914	-1.25337	-1.07494	-0.804862	-0.461333	-0.0548611	0.367369	0.779397	1.14092	1.41318	1.59	1.63999	1.56423	1.39847	1.14857	0.829978	0.511205	0.265435	0.116486	0.0435778	0.0140428	0.00393832	0.000970467	0.000211921	4.13227e-05	7.24342e-06	1.14823e-06	1.65481e-07	2.17852e-08	2.63098e-09	2.92607e-10	3.00727e-11	2.86522e-12	2.53804e-13	2.09576e-14	1.61716e-15	1.16871e-16	7.927e-18	5.05594e-19	3.03786e-20	1.72241e-21	9.22975e-23	4.68131e-24	2.25045e-25	1.02674e-26	4.45115e-28	1.83571e-29	7.20995e-31	2.69962e-32	9.64582e-34	3.29189e-35	1.07399e-36	3.35251e-38	1.00207e-39	2.87019e-41	7.88358e-43	2.07794e-44	5.25924e-46	1.27899e-47	2.99035e-49	6.72267e-51	0	
0	0.0119076	0.0399351	0.108675	0.251395	0.491745	0.810544	1.13583	1.39327	1.56191	1.63792	1.5847	1.3955	1.10702	0.728302	0.29551	-0.141504	-0.555249	-0.89836	-1.1593	-1.30383	-1.34906	-1.29588	-1.18238	-1.03369	-0.896374	-0.78485	-0.71355	-0.668578	-0.645079	-0.643506	-0.657762	-0.691602	-0.751268	-0.846836	-0.975638	-1.1249	-1.25556	-1.33864	-1.33293	-1.23132	-1.01412	-0.70214	-0.312069	0.120081	0.55827	0.965715	1.29139	1.52359	1.63305	1.60437	1.47174	1.24993	0.944529	0.612498	0.335466	0.155147	0.0610385	0.0206343	0.00605605	0.00155815	0.000354531	7.1896e-05	1.30847e-05	2.15027e-06	3.20818e-07	4.36692e-08	5.44678e-09	6.24976e-10	6.62054e-11	6.49589e-12	5.92083e-13	5.02696e-14	3.98554e-15	2.95754e-16	2.05853e-17	1.34656e-18	8.29342e-20	4.81755e-21	2.64361e-22	1.37246e-23	6.75065e-25	3.14997e-26	1.39613e-27	5.8845e-29	2.36126e-30	9.02988e-32	3.29425e-33	1.14756e-34	3.82054e-36	1.21668e-37	3.7092e-39	1.08335e-40	3.0336e-42	8.14994e-44	2.10206e-45	5.20841e-47	1.24051e-48	2.84038e-50	0	
0	0.0166202	0.0537506	0.140128	0.309728	0.578196	0.91061	1.22586	1.45875	1.59831	1.63245	1.52432	1.28574	0.951736	0.531207	0.0775949	-0.36505	-0.764477	-1.06888	-1.26695	-1.34301	-1.3092	-1.18238	-1.0098	-0.83172	-0.691619	-0.611707	-0.572355	-0.558843	-0.543084	-0.538098	-0.551861	-0.566211	-0.592896	-0.65199	-0.770579	-0.936501	-1.11725	-1.26751	-1.34231	-1.31203	-1.16244	-0.898876	-0.534062	-0.102531	0.350804	0.791778	1.16272	1.4435	1.60733	1.62541	1.52547	1.33124	1.0437	0.707032	0.405546	0.196367	0.0807599	0.028484	0.0087047	0.00232762	0.000549473	0.000115428	2.17309e-05	3.68947e-06	5.68052e-07	7.97097e-08	1.02393e-08	1.20895e-09	1.31675e-10	1.32737e-11	1.24218e-12	1.08212e-13	8.79769e-15	6.69085e-16	4.77037e-17	3.19486e-18	2.0137e-19	1.19655e-20	6.71386e-22	3.56268e-23	1.79046e-24	8.53337e-26	3.86181e-27	1.66148e-28	6.80332e-30	2.65418e-31	9.8755e-33	3.50771e-34	1.19047e-35	3.86379e-37	1.20023e-38	3.57121e-40	1.01855e-41	2.78658e-43	7.31779e-45	1.8458e-46	4.47459e-48	1.04263e-49	0	
0	0.0218893	0.068612	0.172363	0.366325	0.657143	0.996256	1.29817	1.50766	1.61879	1.61191	1.45648	1.17715	0.802437	0.351169	-0.112912	-0.55475	-0.925096	-1.18679	-1.32722	-1.32608	-1.22078	-1.03369	-0.83172	-0.665309	-0.573175	-0.547865	-0.540862	-0.528926	-0.523447	-0.523717	-0.526354	-0.537493	-0.544851	-0.556851	-0.618355	-0.757603	-0.950948	-1.15226	-1.29451	-1.34208	-1.25843	-1.04367	-0.713327	-0.294591	0.163576	0.628766	1.03647	1.35752	1.56914	1.63182	1.56321	1.39447	1.12638	0.791321	0.472023	0.237718	0.101574	0.0371629	0.0117623	0.0032525	0.000792893	0.00017179	3.3319e-05	5.82188e-06	9.21665e-07	1.32867e-07	1.75214e-08	2.12224e-09	2.36972e-10	2.44757e-11	2.3455e-12	2.09128e-13	1.73933e-14	1.35262e-15	9.857e-17	6.74483e-18	4.34185e-19	2.63404e-20	1.50844e-21	8.16695e-23	4.18645e-24	2.03458e-25	9.38651e-27	4.1158e-28	1.7172e-29	6.82449e-31	2.5861e-32	9.35327e-34	3.23165e-35	1.06759e-36	3.37492e-38	1.02175e-39	2.96463e-41	8.24997e-43	2.20337e-44	5.65143e-46	1.39295e-47	3.29956e-49	0	
0	0.0273451	0.083501	0.203338	0.418206	0.725854	1.06681	1.35447	1.54257	1.62714	1.58368	1.38924	1.07455	0.666009	0.195658	-0.273504	-0.705813	-1.04432	-1.26099	-1.33533	-1.27883	-1.11088	-0.896374	-0.691619	-0.573175	-0.534054	-0.55728	-0.557079	-0.532987	-0.531141	-0.532803	-0.52762	-0.547416	-0.563398	-0.539249	-0.549501	-0.632418	-0.809184	-1.02784	-1.22189	-1.32842	-1.30808	-1.14661	-0.856113	-0.452032	0.00434216	0.484063	0.921092	1.27374	1.52445	1.62771	1.58842	1.44223	1.19283	0.863146	0.531808	0.27675	0.122096	0.0460683	0.0150177	0.00427193	0.00107014	0.00023802	4.73494e-05	8.47912e-06	1.37473e-06	2.02834e-07	2.73598e-08	3.38789e-09	3.86553e-10	4.07779e-11	3.98951e-12	3.6301e-13	3.08e-14	2.44262e-15	1.81466e-16	1.26549e-17	8.29997e-19	5.12882e-20	2.99092e-21	1.64859e-22	8.60146e-24	4.25383e-25	1.99662e-26	8.90528e-28	3.77861e-29	1.52694e-30	5.8825e-32	2.1626e-33	7.59387e-35	2.54921e-36	8.18777e-38	2.51819e-39	7.42166e-41	2.09757e-42	5.689e-44	1.48164e-45	3.70772e-47	8.91598e-49	0	
0	0.0325462	0.0973136	0.231094	0.462911	0.782571	1.12242	1.39665	1.56631	1.62786	1.5537	1.32701	0.983048	0.55082	0.0692599	-0.401924	-0.818882	-1.12673	-1.30279	-1.32352	-1.21281	-1.00747	-0.78485	-0.611707	-0.547865	-0.55728	-0.563014	-0.531002	-0.484181	-0.495478	-0.505917	-0.481429	-0.509337	-0.555608	-0.561968	-0.549106	-0.571281	-0.706817	-0.914885	-1.13918	-1.29188	-1.33075	-1.21251	-0.959597	-0.575517	-0.125768	0.360357	0.82166	1.20014	1.48021	1.61713	1.604	1.47713	1.24413	0.921364	0.582507	0.311219	0.140891	0.0544986	0.0181952	0.00529591	0.00135629	0.000308176	6.2587e-05	1.14354e-05	1.89069e-06	2.84342e-07	3.90775e-08	4.92817e-09	5.72472e-10	6.1463e-11	6.11812e-12	5.66242e-13	4.88544e-14	3.93883e-15	2.97414e-16	2.10758e-17	1.40432e-18	8.81424e-20	5.21996e-21	2.9214e-22	1.54737e-23	7.76736e-25	3.69993e-26	1.6745e-27	7.20855e-29	2.95501e-30	1.15469e-31	4.30517e-33	1.533e-34	5.21795e-36	1.69915e-37	5.29763e-39	1.58264e-40	4.53364e-42	1.24617e-43	3.28898e-45	8.34011e-47	2.03209e-48	0	
0	0.0370383	0.10899	0.253924	0.498561	0.826282	1.16373	1.42666	1.58163	1.62464	1.52598	1.27451	0.910031	0.461709	-0.0295762	-0.498766	-0.898643	-1.18217	-1.31768	-1.30113	-1.15517	-0.927612	-0.71355	-0.572355	-0.540862	-0.557079	-0.531002	-0.482967	-0.447556	-0.461846	-0.470364	-0.447191	-0.466448	-0.511529	-0.55134	-0.550423	-0.545154	-0.648709	-0.83269	-1.07235	-1.25284	-1.33266	-1.25118	-1.0313	-0.668599	-0.221713	0.265144	0.740283	1.13947	1.44221	1.60477	1.61271	1.50134	1.2816	0.965582	0.622423	0.339247	0.156621	0.0617419	0.0209921	0.00621787	0.00161952	0.000374049	7.71803e-05	1.43214e-05	2.40386e-06	3.66898e-07	5.11586e-08	6.5441e-09	7.70875e-10	8.39095e-11	8.46625e-12	7.94082e-13	6.94185e-14	5.66985e-15	4.33636e-16	3.11199e-17	2.09964e-18	1.33421e-19	7.99853e-21	4.53084e-22	2.42869e-23	1.23364e-24	5.94563e-26	2.72226e-27	1.18547e-28	4.91531e-30	1.94253e-31	7.32427e-33	2.63723e-34	9.07619e-36	2.98812e-37	9.41843e-39	2.84432e-40	8.23596e-42	2.28817e-43	6.10364e-45	1.5642e-46	3.85147e-48	0	
0	0.0404129	0.117626	0.270474	0.523823	0.856489	1.19151	1.44618	1.59068	1.62033	1.50453	1.23659	0.858037	0.397782	-0.0975366	-0.561704	-0.951607	-1.2148	-1.32393	-1.27858	-1.1068	-0.877906	-0.668578	-0.558843	-0.528926	-0.532987	-0.484181	-0.447556	-0.463869	-0.460465	-0.455218	-0.465505	-0.453244	-0.461141	-0.518757	-0.532731	-0.537828	-0.614309	-0.783879	-1.01998	-1.21985	-1.32471	-1.27637	-1.07498	-0.728592	-0.289797	0.198915	0.683501	1.09555	1.41351	1.59405	1.6171	1.51676	1.30646	0.99581	0.650444	0.359395	0.168172	0.0671635	0.0231229	0.00693195	0.00182661	0.000426657	8.90046e-05	1.66929e-05	2.83138e-06	4.36604e-07	6.14943e-08	7.94456e-09	9.4502e-10	1.03859e-10	1.0579e-11	1.00157e-12	8.837e-14	7.2839e-15	5.62125e-16	4.07017e-17	2.7704e-18	1.77583e-19	1.0738e-20	6.1346e-22	3.31614e-23	1.6985e-24	8.25374e-26	3.80997e-27	1.67257e-28	6.9906e-30	2.78461e-31	1.05819e-32	3.83986e-34	1.33171e-35	4.41786e-37	1.40305e-38	4.26897e-40	1.24532e-41	3.48541e-43	9.36543e-45	2.41757e-46	5.99563e-48	0	
0	0.042357	0.122553	0.279796	0.53785	0.872998	1.20643	1.45642	1.59509	1.61728	1.49207	1.21508	0.828813	0.362817	-0.134365	-0.596385	-0.97812	-1.22989	-1.32665	-1.26463	-1.08049	-0.847576	-0.645079	-0.543084	-0.523447	-0.531141	-0.495478	-0.461846	-0.460465	-0.456822	-0.452375	-0.459657	-0.460484	-0.477673	-0.522353	-0.528582	-0.527085	-0.593399	-0.75597	-0.991051	-1.19993	-1.32192	-1.28673	-1.09792	-0.761293	-0.326045	0.162805	0.651959	1.07089	1.397	1.58739	1.61892	1.52474	1.31971	1.01222	0.665909	0.370683	0.174729	0.0702787	0.0243609	0.00735114	0.00194938	0.000458138	9.61449e-05	1.81378e-05	3.0941e-06	4.79805e-07	6.79537e-08	8.82701e-09	1.05564e-09	1.16634e-10	1.19425e-11	1.13653e-12	1.00791e-13	8.34975e-15	6.47601e-16	4.71224e-17	3.22308e-18	2.07596e-19	1.26125e-20	7.23941e-22	3.93153e-23	2.02293e-24	9.87476e-26	4.57861e-27	2.01886e-28	8.47468e-30	3.39027e-31	1.29381e-32	4.71451e-34	1.6418e-35	5.46874e-37	1.74377e-38	5.32671e-40	1.55997e-41	4.3829e-43	1.18219e-44	3.06315e-46	7.62485e-48	0	
0	0.0426886	0.12339	0.281371	0.540204	0.87575	1.2089	1.45811	1.5958	1.61672	1.48985	1.21124	0.824012	0.35782	-0.140213	-0.603319	-0.983354	-1.2328	-1.32507	-1.26101	-1.07897	-0.842344	-0.643506	-0.538098	-0.523717	-0.532803	-0.505917	-0.470364	-0.455218	-0.452375	-0.451666	-0.45313	-0.462943	-0.488965	-0.525735	-0.530047	-0.522488	-0.590811	-0.751715	-0.988339	-1.19655	-1.31972	-1.28577	-1.10287	-0.767009	-0.331046	0.156339	0.646157	1.06687	1.39433	1.58622	1.61917	1.52604	1.3219	1.01495	0.668499	0.372582	0.175837	0.0708068	0.0245714	0.00742266	0.00197039	0.000463542	9.73745e-05	1.83873e-05	3.13962e-06	4.87313e-07	6.90799e-08	8.98135e-09	1.07505e-09	1.18882e-10	1.21833e-11	1.16044e-12	1.02999e-13	8.5398e-15	6.62892e-16	4.82746e-17	3.30457e-18	2.13016e-19	1.29521e-20	7.44012e-22	4.04366e-23	2.08221e-24	1.01718e-25	4.71985e-27	2.08267e-28	8.74882e-30	3.50244e-31	1.33755e-32	4.87727e-34	1.69963e-35	5.66519e-37	1.8076e-38	5.52529e-40	1.61916e-41	4.55206e-43	1.22858e-44	3.18529e-46	7.93362e-48	0	
0	0.0413767	0.120072	0.275112	0.530817	0.864741	1.19899	1.45135	1.59294	1.61879	1.49827	1.22602	0.843709	0.38021	-0.115717	-0.578937	-0.966985	-1.22209	-1.32213	-1.27258	-1.09451	-0.863802	-0.657762	-0.551861	-0.526354	-0.52762	-0.481429	-0.447191	-0.465505	-0.459657	-0.45313	-0.466077	-0.45484	-0.458645	-0.515596	-0.529059	-0.533688	-0.603991	-0.771835	-1.00575	-1.21206	-1.32076	-1.28041	-1.08742	-0.746674	-0.308668	0.181862	0.668395	1.08307	1.40514	1.59082	1.6181	1.5208	1.31313	1.00403	0.658162	0.365004	0.171417	0.0686997	0.0237314	0.00713738	0.00188661	0.000442002	9.24767e-05	1.73939e-05	2.95856e-06	4.57474e-07	6.46087e-08	8.36923e-09	9.98162e-10	1.09985e-10	1.12318e-11	1.06609e-12	9.4299e-14	7.79194e-15	6.02812e-16	4.3754e-17	2.98533e-18	1.91816e-19	1.16259e-20	6.65734e-22	3.60701e-23	1.85169e-24	9.0184e-26	4.17221e-27	1.83562e-28	7.68879e-30	3.06932e-31	1.16886e-32	4.25038e-34	1.47714e-35	4.91039e-37	1.56263e-38	4.76408e-40	1.39251e-41	3.90502e-43	1.05133e-44	2.71907e-46	6.75613e-48	0	
0	0.0385441	0.112857	0.261365	0.509974	0.84	1.17642	1.43566	1.58591	1.62282	1.51627	1.25741	0.887015	0.433487	-0.0604731	-0.528523	-0.923562	-1.19742	-1.32208	-1.29185	-1.13135	-0.90399	-0.691602	-0.566211	-0.537493	-0.547416	-0.509337	-0.466448	-0.453244	-0.460484	-0.462943	-0.45484	-0.458994	-0.487695	-0.538469	-0.543596	-0.542768	-0.631501	-0.809675	-1.04746	-1.23713	-1.33135	-1.26317	-1.05178	-0.697086	-0.252215	0.235815	0.714581	1.11952	1.42941	1.60018	1.6149	1.5085	1.29302	0.979368	0.635104	0.348301	0.161778	0.0641479	0.0219326	0.00653145	0.00171003	0.000396937	8.23025e-05	1.53445e-05	2.58757e-06	3.96735e-07	5.55662e-08	7.13915e-09	8.44607e-10	9.23271e-11	9.35472e-12	8.81054e-13	7.73369e-14	6.34214e-15	4.86992e-16	3.5087e-17	2.37654e-18	1.51601e-19	9.1231e-21	5.18741e-22	2.79104e-23	1.42295e-24	6.88319e-26	3.16299e-27	1.38235e-28	5.75214e-30	2.28129e-31	8.63178e-33	3.11885e-34	1.07708e-35	3.5582e-37	1.12535e-38	3.41e-40	9.90712e-42	2.76165e-43	7.3911e-45	1.90039e-46	4.6946e-48	0	
0	0.0344549	0.1023	0.240909	0.478352	0.801656	1.14062	1.41001	1.57332	1.62682	1.54193	1.30449	0.951827	0.512512	0.0260642	-0.444746	-0.854502	-1.15317	-1.31123	-1.31371	-1.1884	-0.972451	-0.751268	-0.592896	-0.544851	-0.563398	-0.555608	-0.511529	-0.461141	-0.477673	-0.488965	-0.458645	-0.487695	-0.542914	-0.563386	-0.553031	-0.556957	-0.680326	-0.877026	-1.11203	-1.27424	-1.3329	-1.23147	-0.992074	-0.616823	-0.167914	0.318972	0.786703	1.17415	1.46406	1.61218	1.60817	1.48802	1.26075	0.940766	0.599837	0.323269	0.147593	0.0575597	0.0193682	0.00567982	0.00146516	0.000335244	6.85461e-05	1.26068e-05	2.09776e-06	3.17464e-07	4.38974e-08	5.56935e-09	6.50774e-10	7.02752e-11	7.0352e-12	6.54775e-13	5.6805e-14	4.60479e-15	3.49567e-16	2.49027e-17	1.66799e-18	1.05232e-19	6.26381e-21	3.52326e-22	1.87545e-23	9.46059e-25	4.52844e-26	2.05934e-27	8.90759e-29	3.66875e-30	1.4403e-31	5.39495e-33	1.92988e-34	6.59877e-36	2.1585e-37	6.75995e-39	2.02848e-40	5.83644e-42	1.6113e-43	4.27115e-45	1.08775e-46	2.66167e-48	0	
0	0.0294845	0.0892224	0.214937	0.437078	0.750061	1.09082	1.37291	1.55321	1.62808	1.57163	1.36348	1.03622	0.617264	0.142062	-0.329136	-0.755939	-1.07987	-1.28132	-1.3345	-1.25434	-1.06701	-0.846836	-0.65199	-0.556851	-0.539249	-0.561968	-0.55134	-0.518757	-0.522353	-0.525735	-0.515596	-0.538469	-0.563386	-0.546907	-0.542653	-0.601134	-0.761243	-0.980151	-1.18818	-1.31808	-1.32039	-1.17582	-0.901716	-0.505384	-0.0522401	0.431478	0.879851	1.2431	1.50622	1.62394	1.5957	1.45767	1.21515	0.888129	0.553277	0.291167	0.129868	0.049518	0.0163052	0.00468299	0.00118399	0.000265696	5.3311e-05	9.62647e-06	1.57341e-06	2.33981e-07	3.1804e-08	3.96778e-09	4.56042e-10	4.8454e-11	4.77385e-12	4.37375e-13	3.73609e-14	2.98263e-15	2.23032e-16	1.56535e-17	1.03315e-18	6.42385e-20	3.76906e-21	2.09003e-22	1.09695e-23	5.45672e-25	2.57603e-26	1.15551e-27	4.93054e-29	2.0035e-30	7.76081e-32	2.86859e-33	1.01269e-34	3.41753e-36	1.10342e-37	3.41119e-39	1.0105e-40	2.87045e-42	7.82422e-44	2.04785e-45	5.14984e-47	1.24441e-48	0	
0	0.0240758	0.0746317	0.185027	0.387807	0.685991	1.0263	1.32248	1.52307	1.62326	1.60119	1.42942	1.13545	0.745761	0.284899	-0.180986	-0.618856	-0.977745	-1.22234	-1.33427	-1.3086	-1.17811	-0.975638	-0.770579	-0.618355	-0.549501	-0.549106	-0.550423	-0.532731	-0.528582	-0.530047	-0.529059	-0.543596	-0.553031	-0.542653	-0.581553	-0.700178	-0.891214	-1.10197	-1.26804	-1.33888	-1.28385	-1.09076	-0.774086	-0.361893	0.0959431	0.56887	0.989018	1.3232	1.55157	1.63127	1.5747	1.41535	1.15492	0.821657	0.496872	0.253701	0.109862	0.0407137	0.0130446	0.00364946	0.000899664	0.000197026	3.86099e-05	6.81388e-06	1.08914e-06	1.58483e-07	2.10893e-08	2.57696e-09	2.90222e-10	3.02268e-11	2.9203e-12	2.62455e-13	2.19988e-14	1.72382e-15	1.26558e-16	8.72324e-18	5.65563e-19	3.45516e-20	1.9923e-21	1.08596e-22	5.60369e-24	2.74112e-25	1.27272e-26	5.6158e-28	2.35756e-29	9.4266e-31	3.59361e-32	1.30741e-33	4.54356e-35	1.5096e-36	4.79926e-38	1.46107e-39	4.26268e-41	1.19266e-42	3.2024e-44	8.25733e-46	2.04588e-47	4.8712e-49	0	
0	0.0186825	0.0596296	0.153052	0.332767	0.610874	0.946684	1.25681	1.48005	1.60811	1.62571	1.49779	1.24192	0.890952	0.456794	-0.00253172	-0.445992	-0.833929	-1.12075	-1.29717	-1.34354	-1.27829	-1.1249	-0.936501	-0.757603	-0.632418	-0.571281	-0.545154	-0.537828	-0.527085	-0.522488	-0.533688	-0.542768	-0.556957	-0.601134	-0.700178	-0.860965	-1.05111	-1.22527	-1.32905	-1.33169	-1.20502	-0.961722	-0.610936	-0.183054	0.272625	0.724352	1.11158	1.40959	1.59329	1.62953	1.54234	1.35863	1.07882	0.742148	0.432728	0.212983	0.0889889	0.0318634	0.00987818	0.00267772	0.000640399	0.000136213	2.59513e-05	4.4567e-06	6.93776e-07	9.83905e-08	1.27693e-08	1.5227e-09	1.6745e-10	1.70382e-11	1.60897e-12	1.41405e-13	1.15953e-14	8.89243e-16	6.39184e-17	4.31495e-18	2.74084e-19	1.64101e-20	9.27618e-22	4.95815e-23	2.5095e-24	1.20437e-25	5.48764e-27	2.37677e-28	9.7961e-30	3.84637e-31	1.44018e-32	5.1472e-34	1.75754e-35	5.7385e-37	1.7931e-38	5.36618e-40	1.53923e-41	4.23476e-43	1.11824e-44	2.83596e-46	6.91189e-48	1.61907e-49	0	
0	0.0137098	0.0452849	0.121046	0.274744	0.527026	0.852232	1.17407	1.42154	1.5784	1.63791	1.56241	1.3524	1.04441	0.647192	0.205287	-0.234089	-0.644109	-0.974511	-1.21044	-1.32548	-1.34007	-1.25556	-1.11725	-0.950948	-0.809184	-0.706817	-0.648709	-0.614309	-0.593399	-0.590811	-0.603991	-0.631501	-0.680326	-0.761243	-0.891214	-1.05111	-1.20567	-1.31621	-1.34388	-1.27013	-1.0824	-0.787219	-0.404584	0.0274403	0.472504	0.895397	1.24059	1.49293	1.6247	1.61487	1.49545	1.28485	0.986205	0.651358	0.363667	0.171406	0.068673	0.0236197	0.00704658	0.00184131	0.000425162	8.74334e-05	1.6126e-05	2.68403e-06	4.05371e-07	5.58284e-08	7.04224e-09	8.16854e-10	8.74416e-11	8.66667e-12	7.97706e-13	6.83717e-14	5.47073e-15	4.09597e-16	2.87569e-17	1.89699e-18	1.17796e-19	6.89739e-21	3.81446e-22	1.99539e-23	9.88751e-25	4.64715e-26	2.07431e-27	8.80358e-29	3.55655e-30	1.36912e-31	5.02727e-33	1.76243e-34	5.9043e-36	1.8918e-37	5.80212e-39	1.70465e-40	4.80111e-42	1.29721e-43	3.3646e-45	8.38276e-47	2.00741e-48	4.62094e-50	0	
0	0.00946004	0.0325008	0.0909898	0.216946	0.437845	0.744404	1.07277	1.34484	1.53121	1.63154	1.61314	1.45812	1.20042	0.851152	0.436335	0.00877621	-0.410413	-0.770557	-1.05691	-1.24916	-1.33914	-1.33864	-1.26751	-1.15226	-1.02784	-0.914885	-0.83269	-0.783879	-0.75597	-0.751715	-0.771835	-0.809675	-0.877026	-0.980151	-1.10197	-1.22527	-1.31621	-1.34996	-1.29545	-1.14747	-0.89351	-0.563175	-0.162482	0.266672	0.689886	1.071	1.36602	1.56588	1.64001	1.58289	1.43039	1.19168	0.877561	0.552254	0.293142	0.131439	0.0501886	0.0164885	0.0047091	0.00118046	0.000261982	5.18724e-05	9.22578e-06	1.48283e-06	2.16539e-07	2.88681e-08	3.52867e-09	3.97011e-10	4.1259e-11	3.97329e-12	3.55605e-13	2.96576e-14	2.31059e-15	1.68546e-16	1.15355e-17	7.42206e-19	4.49754e-20	2.57112e-21	1.38886e-22	7.09942e-24	3.43894e-25	1.58064e-26	6.9021e-28	2.86667e-29	1.1337e-30	4.27359e-32	1.53706e-33	5.27957e-35	1.7334e-36	5.44448e-38	1.63727e-39	4.71759e-41	1.30338e-42	3.45521e-44	8.79461e-46	2.15065e-47	5.05587e-49	1.14274e-50	0	
0	0.00609884	0.0218994	0.0645656	0.162682	0.347765	0.62643	0.952598	1.24706	1.46364	1.60216	1.6417	1.54935	1.34729	1.05541	0.682646	0.279737	-0.131719	-0.516704	-0.841353	-1.08873	-1.25337	-1.33293	-1.34231	-1.29451	-1.22189	-1.13918	-1.07235	-1.01998	-0.991051	-0.988339	-1.00575	-1.04746	-1.11203	-1.18818	-1.26804	-1.32905	-1.34388	-1.29545	-1.16433	-0.950467	-0.654276	-0.292188	0.115608	0.522579	0.912753	1.24189	1.47974	1.62001	1.6324	1.52931	1.34395	1.07787	0.755059	0.449098	0.225005	0.0953558	0.0344999	0.0107693	0.00293032	0.000701591	0.000149056	2.83107e-05	4.83896e-06	7.4868e-07	1.05402e-07	1.35652e-08	1.60272e-09	1.74492e-10	1.75659e-11	1.6402e-12	1.4246e-13	1.15397e-14	8.73864e-16	6.20027e-17	4.13035e-18	2.58823e-19	1.52838e-20	8.51909e-22	4.48915e-23	2.23962e-24	1.0593e-25	4.75614e-27	2.02959e-28	8.24089e-30	3.18729e-31	1.17542e-32	4.13723e-34	1.39113e-35	4.47247e-37	1.37596e-38	4.054e-40	1.14474e-41	3.10018e-43	8.0578e-45	2.0113e-46	4.82436e-48	1.11265e-49	2.46769e-51	0	
