0	0	0	0	0	0	0	0	0	0	0	0	0	0	0	0	0	0	0	0	0	0	0	0	0	0	0	0	0	0	0	0	0	0	0	0	0	0	0	0	0	0	0	0	0	0	0	0	0	0	0	0	0	0	0	0	0	0	0	0	0	0	0	0	0	0	0	0	0	0	0	0	0	0	0	0	0	0	0	0	0	0	0	0	0	0	0	0	0	0	0	0	0	0	0	0	0	0	0	0	
0	0.000667525	0.000373761	0.00171421	3.03187e-05	0.00132887	-6.52257e-06	-0.000579267	0.000300469	-0.000936377	-0.000408708	0.000912809	-0.000394107	0.000430789	0.000733109	-0.00134043	-0.000988287	-0.000909831	-0.00166006	-0.000550399	-0.000827417	-0.000533794	-0.0024608	-0.00695444	-0.00747555	-0.0116948	-0.0177446	-0.0260644	-0.032075	-0.0401138	-0.0428992	-0.0408453	-0.0297158	-0.0107895	0.0162536	0.041258	0.0654966	0.0799683	0.0794645	0.0697235	0.0562644	0.0368292	0.0180508	9.00328e-05	-0.0188065	-0.0360856	-0.0422406	-0.0381055	-0.0248921	-0.0128333	-0.00118948	0.0065872	0.00801398	0.00412141	-0.000159447	-0.00652537	-0.0112388	-0.00810429	0.00248889	0.00528634	0.000151437	-0.00375927	-0.00581204	-0.00301924	-0.000803271	0.000429231	0.000481777	-0.00135252	-0.00167599	0.000156191	-0.00161185	-0.00301698	-0.00134625	-0.0012863	0.000726749	-0.000740749	-0.00364702	-0.00318408	-0.00226722	0.00354007	0.00568394	-0.000962637	-0.00578452	-0.0036114	0.00509504	0.0160243	0.0277986	0.0377731	0.0404172	0.036731	0.0251241	0.00442555	-0.0211327	-0.0461677	-0.0615881	-0.0672179	-0.0680593	-0.0559493	-0.0292227	0	
0	0.000373761	-0.00330559	9.09739e-05	-0.00268623	-0.000961377	0.000203146	-0.000706621	0.00171821	-0.000201172	0.00112933	-0.000473729	-0.00133979	0.000856679	-0.00195207	0.00142936	0.002209	0.00124074	0.000389279	0.00217501	-0.00368388	-0.00394097	-0.0039161	-0.00800496	-0.01276	-0.0244769	-0.0362521	-0.0486013	-0.0648771	-0.0800767	-0.0847179	-0.0780945	-0.060509	-0.0215338	0.0325447	0.0842833	0.130798	0.159833	0.160161	0.141069	0.114729	0.0752579	0.0388809	0.00242939	-0.0353961	-0.0690527	-0.0832634	-0.0736185	-0.0506228	-0.0247555	-0.00363795	0.0116516	0.0149794	0.00525378	-0.000840477	-0.0158649	-0.0234155	-0.01672	0.00363054	0.0114329	0.00175768	-0.00556775	-0.00847282	-0.00443993	-0.00163203	0.00149116	-0.00174465	-0.00503887	-0.00406643	-0.00342574	-0.00233104	-0.00279572	-0.00197054	0.0012278	0.0025731	-0.00495485	-0.00916197	-0.008113	-0.00578695	0.00863606	0.0149832	0.000418137	-0.0144617	-0.0108647	0.0118206	0.0342077	0.0539635	0.0746707	0.0822038	0.072704	0.0477624	0.00832387	-0.0408679	-0.0905939	-0.121918	-0.133643	-0.134866	-0.110569	-0.0580346	0	
0	0.00171421	9.09739e-05	0.00385748	-8.58009e-05	0.0024107	0.00043145	-0.00148259	0.000660684	-0.00192158	-0.00108768	0.0016967	-0.00118833	0.00138505	0.000884632	-0.00205415	-0.00141324	-0.00241845	-0.00326169	-0.00120541	-0.00320044	-0.00261564	-0.0062544	-0.0183697	-0.022503	-0.0356618	-0.053096	-0.0758382	-0.0959554	-0.118873	-0.12806	-0.120366	-0.0892811	-0.0323111	0.0456634	0.122347	0.193125	0.237054	0.23697	0.210454	0.169441	0.112574	0.0568517	0.00266864	-0.0538192	-0.104267	-0.12395	-0.112691	-0.0762468	-0.0394116	-0.00553528	0.017514	0.0222196	0.0116921	5.89067e-05	-0.0198324	-0.0325998	-0.0235708	0.0054378	0.0145929	0.000952912	-0.0097468	-0.015213	-0.00892548	-0.00298679	0.000589915	0.000341524	-0.00366635	-0.00481668	-0.00184356	-0.00465665	-0.00701322	-0.00365887	-0.00246735	0.00113408	-0.00433718	-0.0104397	-0.00921444	-0.00607352	0.0106103	0.0161598	-0.0029962	-0.0179324	-0.0105947	0.0171379	0.0492051	0.0817884	0.110268	0.119165	0.107798	0.0725534	0.012157	-0.0617221	-0.133247	-0.178792	-0.197293	-0.198783	-0.163027	-0.0867085	0	
0	3.03187e-05	-0.00268623	-8.58009e-05	-0.00283886	-0.000394338	-0.000421718	-0.000545275	0.00192418	-0.000480639	0.00142201	-0.000100628	-0.00136558	0.000422918	-0.00141162	5.79624e-05	0.00178114	0.000966416	-0.000104227	0.00119692	-0.00476635	-0.00626032	-0.0106245	-0.018185	-0.0264946	-0.0474114	-0.0710492	-0.0982219	-0.128909	-0.157051	-0.166975	-0.157046	-0.119715	-0.0444763	0.0597242	0.161871	0.255027	0.312086	0.316271	0.282225	0.228525	0.153239	0.080274	0.00780468	-0.0677527	-0.132645	-0.161552	-0.146867	-0.102985	-0.0531206	-0.00971378	0.0201677	0.0267955	0.0137714	-0.00131707	-0.0274625	-0.0439935	-0.0312674	0.00488846	0.0173984	0.00376329	-0.0107755	-0.016098	-0.00960742	-0.00476647	0.00110727	-0.0018834	-0.00674578	-0.00728601	-0.00685288	-0.00643364	-0.00598698	-0.00272164	0.000340866	0.00179363	-0.00798648	-0.0158842	-0.0147986	-0.00792135	0.0141711	0.0224474	-7.20535e-05	-0.024274	-0.0176043	0.0233643	0.0674005	0.107433	0.145037	0.157966	0.139584	0.0915577	0.0154779	-0.078876	-0.171668	-0.232243	-0.257952	-0.258644	-0.211876	-0.114305	0	
0	0.00132887	-0.000961377	0.0024107	-0.000394338	0.000827828	0.000698254	-0.00118181	0.000502793	-0.00114361	-0.000720877	0.000753638	-0.00130443	0.00175568	-0.000354249	-0.000356043	0.000433094	-0.00228991	-0.00243148	-0.00112942	-0.00586999	-0.00671221	-0.00999302	-0.0249128	-0.0372648	-0.0601377	-0.087965	-0.121983	-0.158241	-0.193688	-0.210373	-0.196394	-0.147912	-0.0553668	0.0676528	0.196763	0.311425	0.384193	0.390524	0.352546	0.284364	0.193703	0.102638	0.0116213	-0.0815754	-0.161535	-0.19753	-0.183211	-0.130554	-0.0694093	-0.0147658	0.0220158	0.0318619	0.0186469	0.000578604	-0.0316554	-0.0510083	-0.0364521	0.00288992	0.0190131	0.00300799	-0.0126632	-0.0195592	-0.0142802	-0.00661338	-0.000851411	-0.00136285	-0.00502064	-0.0076342	-0.00800739	-0.00828152	-0.00735228	-0.00440604	-0.00184008	-0.000882346	-0.0107337	-0.0165281	-0.0142432	-0.00712295	0.0158094	0.0224255	-0.00473025	-0.028981	-0.0159253	0.0320016	0.0841654	0.132649	0.174848	0.190348	0.171156	0.112819	0.0174156	-0.0972395	-0.205668	-0.278988	-0.313559	-0.313559	-0.256484	-0.140457	0	
0	-6.52257e-06	0.000203146	0.00043145	-0.000421718	0.000698254	-0.000396892	-0.000242003	0.000386699	-0.000572179	-7.99032e-05	0.000245221	-0.00055249	-0.000709809	0.000130449	-0.00179448	-0.000527306	-0.00121944	-0.000825661	-0.00238953	-0.00457773	-0.00754729	-0.0172613	-0.0290137	-0.0424678	-0.0689265	-0.103495	-0.145961	-0.190617	-0.228762	-0.245749	-0.233367	-0.177062	-0.0694223	0.0769559	0.2292	0.365674	0.451265	0.465046	0.423129	0.342263	0.237163	0.128155	0.0193916	-0.0921826	-0.184883	-0.230147	-0.217135	-0.158586	-0.0870473	-0.0223362	0.0214142	0.0335439	0.0237898	-0.000419556	-0.03462	-0.0579026	-0.0418755	0.000539716	0.0167712	0.0049582	-0.0133756	-0.0210159	-0.0161179	-0.00953901	-0.0023046	-0.00157192	-0.00496073	-0.00934521	-0.0111612	-0.0109999	-0.0085272	-0.00298731	-0.00174311	-0.00364614	-0.0112356	-0.0190261	-0.0181959	-0.00584504	0.015874	0.0206766	-0.00365262	-0.0290269	-0.0168127	0.0367609	0.0992466	0.157711	0.206181	0.222203	0.196187	0.127597	0.0199634	-0.11027	-0.234215	-0.320918	-0.363323	-0.361338	-0.295759	-0.164806	0	
0	-0.000579267	-0.000706621	-0.00148259	-0.000545275	-0.00118181	-0.000242003	0.000297234	1.92251e-05	0.000637074	0.000636261	-0.000266463	0.000190373	0.000195815	-0.000150331	0.000313669	0.00140995	-0.000423606	-0.00127795	-0.00199666	-0.006692	-0.0110195	-0.0173062	-0.0298614	-0.051658	-0.0827208	-0.121383	-0.166977	-0.217543	-0.262845	-0.286528	-0.270081	-0.204032	-0.082881	0.0805353	0.257429	0.414302	0.514103	0.536601	0.492507	0.401025	0.282335	0.157177	0.0294647	-0.0983773	-0.203548	-0.258539	-0.24816	-0.186679	-0.105514	-0.0316397	0.0174003	0.0354301	0.0261892	0.000118854	-0.0383018	-0.0630822	-0.0455295	-0.00617987	0.0147707	0.00522348	-0.0126441	-0.0200398	-0.0187511	-0.0116849	-0.00421927	-0.00289196	-0.00531306	-0.0104119	-0.0151555	-0.0129987	-0.00720012	-0.0032782	-0.00182825	-0.00612476	-0.015968	-0.0213864	-0.017641	-0.0039486	0.0160414	0.019573	-0.00683871	-0.033179	-0.0151872	0.0470231	0.117687	0.180215	0.229256	0.247516	0.220925	0.143476	0.0206867	-0.123475	-0.256539	-0.353694	-0.405376	-0.402657	-0.32933	-0.185573	0	
0	0.000300469	0.00171821	0.000660684	0.00192418	0.000502793	0.000386699	1.92251e-05	-0.00145888	-0.00031028	-0.00164154	-0.000630315	2.56194e-05	-0.00124839	0.000326711	-0.0013255	-0.0018662	-0.00194196	-0.00237335	-0.00408131	-0.00563539	-0.0108914	-0.0209984	-0.0364601	-0.0596425	-0.090478	-0.134279	-0.189318	-0.246522	-0.294622	-0.320203	-0.303877	-0.231009	-0.0979485	0.083023	0.282206	0.457536	0.571997	0.604441	0.560236	0.459108	0.329224	0.187218	0.0407836	-0.102325	-0.220152	-0.284227	-0.279698	-0.215857	-0.127479	-0.0450192	0.0109135	0.0348271	0.0301007	0.00091421	-0.0382781	-0.063236	-0.047282	-0.0120739	0.0104236	0.00430964	-0.0120409	-0.0211944	-0.0227609	-0.0147904	-0.00764065	-0.00300282	-0.0037913	-0.0109896	-0.0159949	-0.0144376	-0.00934647	-0.00398665	-0.0038989	-0.01068	-0.0168028	-0.0210448	-0.0170623	-0.00166342	0.0131129	0.012848	-0.0102581	-0.0298824	-0.00804126	0.0534435	0.129874	0.201814	0.253539	0.270027	0.238968	0.153917	0.0217784	-0.130779	-0.271854	-0.380073	-0.439331	-0.434812	-0.355941	-0.202804	0	
0	-0.000936377	-0.000201172	-0.00192158	-0.000480639	-0.00114361	-0.000572179	0.000637074	-0.00031028	0.00137973	0.000623885	-0.000391087	0.0018368	-0.00207141	0.00123496	-0.000439544	-0.000597765	0.000108155	-0.00114914	-0.0048468	-0.00634439	-0.0133035	-0.0254669	-0.0383578	-0.0665849	-0.101721	-0.15156	-0.210151	-0.272917	-0.325654	-0.354593	-0.338264	-0.257937	-0.115191	0.0829206	0.300818	0.49465	0.623225	0.669243	0.626029	0.518924	0.379635	0.221336	0.0581463	-0.10036	-0.228375	-0.30381	-0.304887	-0.242697	-0.148912	-0.0603982	0.00188288	0.0322355	0.031488	-0.000777547	-0.0390919	-0.0632997	-0.0505711	-0.020189	0.00275061	0.00385413	-0.00985268	-0.0199135	-0.0227459	-0.0170746	-0.00935746	-0.00418154	-0.00608481	-0.0129406	-0.0185132	-0.0160211	-0.0101538	-0.00372849	-0.00392981	-0.0138291	-0.0187538	-0.0229772	-0.0178441	0.000777981	0.0108731	0.00683494	-0.0126771	-0.0272327	-0.00273553	0.0614614	0.144824	0.221201	0.271779	0.286625	0.25306	0.162965	0.0236543	-0.135143	-0.281318	-0.397152	-0.462488	-0.458218	-0.37589	-0.215092	0	
0	-0.000408708	0.00112933	-0.00108768	0.00142201	-0.000720877	-7.99032e-05	0.000636261	-0.00164154	0.000623885	-0.000803906	-0.00101185	0.000743463	-0.00160842	0.000403824	-0.000454636	-0.00186572	0.00106466	-0.00468623	-0.00296293	-0.00743186	-0.0166624	-0.0254385	-0.0412438	-0.0747844	-0.111618	-0.16496	-0.229638	-0.295308	-0.354023	-0.387726	-0.369042	-0.281424	-0.13133	0.0792112	0.315218	0.52615	0.669567	0.729417	0.68806	0.579796	0.430195	0.258943	0.0761874	-0.0935922	-0.234922	-0.319413	-0.329337	-0.269743	-0.17413	-0.0798585	-0.0119713	0.0286873	0.0298727	-0.000778656	-0.0374279	-0.0595178	-0.0491735	-0.0298151	-0.00307042	0.000957106	-0.00881681	-0.0183636	-0.0259807	-0.018978	-0.0119813	-0.00642237	-0.00779013	-0.0137465	-0.0179021	-0.0163599	-0.0113821	-0.00652741	-0.00692501	-0.0153393	-0.0213018	-0.0239875	-0.0137738	0.00150122	0.00513256	0.000670249	-0.0168944	-0.0238202	0.00750213	0.0707518	0.1567	0.237539	0.285729	0.297403	0.263623	0.17039	0.0250692	-0.135607	-0.282701	-0.404681	-0.475706	-0.472382	-0.387549	-0.2213	0	
0	0.000912809	-0.000473729	0.0016967	-0.000100628	0.000753638	0.000245221	-0.000266463	-0.000630315	-0.000391087	-0.00101185	-0.00124172	0.000830133	-0.0021206	0.000841045	-0.000404963	-0.00250427	-0.000840725	-0.00337454	-0.00595767	-0.00774367	-0.0153347	-0.0285993	-0.0490344	-0.0810158	-0.119598	-0.178023	-0.247766	-0.320906	-0.382454	-0.41489	-0.396488	-0.308416	-0.150338	0.0743115	0.325288	0.549148	0.709527	0.782458	0.748436	0.638905	0.484653	0.297582	0.100894	-0.082946	-0.234445	-0.329968	-0.348259	-0.294641	-0.199388	-0.103071	-0.0268984	0.021009	0.0273951	-0.00255051	-0.0353046	-0.0518627	-0.0503875	-0.0360842	-0.012571	-0.00296717	-0.00699139	-0.0195115	-0.0257776	-0.0211663	-0.0142629	-0.00834818	-0.01164	-0.0148772	-0.0156617	-0.0148846	-0.0151519	-0.0100397	-0.00857838	-0.0188327	-0.0217229	-0.0221523	-0.0136742	0.0013657	0.00118321	-0.00940846	-0.0214012	-0.0143788	0.0200939	0.0779931	0.164332	0.249338	0.298273	0.306193	0.26737	0.172151	0.029236	-0.128396	-0.277725	-0.404595	-0.477324	-0.475114	-0.390767	-0.222346	0	
0	-0.000394107	-0.00133979	-0.00118833	-0.00136558	-0.00130443	-0.00055249	0.000190373	2.56194e-05	0.0018368	0.000743463	0.000830133	0.00149621	-0.00135748	0.000380419	-0.000505211	-0.00216259	0.00155543	-0.00430021	-0.00403632	-0.00933638	-0.0209235	-0.0317165	-0.0503517	-0.0870158	-0.130811	-0.194145	-0.26659	-0.340843	-0.405997	-0.445279	-0.426509	-0.332192	-0.166911	0.0649255	0.327368	0.566032	0.742717	0.829461	0.803426	0.699135	0.539146	0.341261	0.129506	-0.0651158	-0.228682	-0.333329	-0.361424	-0.315713	-0.224713	-0.127878	-0.0448703	0.0111347	0.0210656	-0.00596678	-0.0324755	-0.0459061	-0.0498088	-0.0444374	-0.0225068	-0.00804345	-0.00785317	-0.0174285	-0.0245919	-0.0205027	-0.0137385	-0.0119488	-0.0173327	-0.0174153	-0.0137982	-0.0146898	-0.018517	-0.0142079	-0.0109293	-0.0170668	-0.0218674	-0.0237406	-0.0124381	-0.00121662	-0.00591098	-0.0150307	-0.0220109	-0.00800619	0.0297987	0.0868717	0.173773	0.259312	0.303409	0.305344	0.267657	0.176975	0.0362358	-0.119521	-0.266889	-0.392725	-0.466536	-0.468168	-0.385235	-0.216757	0	
0	0.000430789	0.000856679	0.00138505	0.000422918	0.00175568	-0.000709809	0.000195815	-0.00124839	-0.00207141	-0.00160842	-0.0021206	-0.00135748	-0.00125078	0.000254499	-0.000911023	-0.00146654	-0.000171808	-0.00567625	-0.00460455	-0.00971885	-0.0187372	-0.0315994	-0.0567844	-0.091912	-0.138252	-0.203335	-0.279947	-0.36008	-0.431368	-0.467798	-0.447158	-0.353464	-0.185692	0.0554397	0.327862	0.578449	0.769556	0.869736	0.85565	0.758035	0.595172	0.387	0.163185	-0.043947	-0.218765	-0.332902	-0.371641	-0.33576	-0.253292	-0.156685	-0.0679884	-0.0036167	0.0110372	-0.0099034	-0.0276761	-0.0368312	-0.0456007	-0.0473824	-0.03013	-0.0135279	-0.00998984	-0.0181999	-0.0246253	-0.0219556	-0.0158725	-0.0170585	-0.0242638	-0.0177149	-0.00766995	-0.0113535	-0.0213325	-0.0213342	-0.0155183	-0.0172268	-0.0224571	-0.0216883	-0.0107888	-0.00524314	-0.0127528	-0.0234758	-0.0238692	0.00273281	0.0438125	0.0955695	0.176938	0.260743	0.305181	0.30553	0.265322	0.175822	0.0435291	-0.102238	-0.246361	-0.372575	-0.446488	-0.449572	-0.368851	-0.205479	0	
0	0.000733109	-0.00195207	0.000884632	-0.00141162	-0.000354249	0.000130449	-0.000150331	0.000326711	0.00123496	0.000403824	0.000841045	0.000380419	0.000254499	-0.001568	-0.000181099	-0.00163768	-0.00346155	-0.00281632	-0.00745452	-0.0128267	-0.0228577	-0.0351125	-0.0625004	-0.0981057	-0.150026	-0.217799	-0.297144	-0.382086	-0.451818	-0.491602	-0.472782	-0.380527	-0.20268	0.0406489	0.320774	0.579141	0.78819	0.898553	0.902385	0.811635	0.651043	0.434571	0.202437	-0.0172116	-0.201626	-0.324574	-0.372872	-0.349929	-0.276629	-0.184858	-0.0897094	-0.0212983	-0.000866006	-0.0141512	-0.0254891	-0.0288581	-0.044409	-0.050426	-0.0401211	-0.0233501	-0.0147007	-0.0189642	-0.0218861	-0.0187204	-0.0141495	-0.0216005	-0.0302735	-0.0199286	-0.00509901	-0.00892969	-0.027075	-0.0292652	-0.0163926	-0.0157518	-0.0210279	-0.0188797	-0.014175	-0.012807	-0.0184808	-0.0279444	-0.0218363	0.0114155	0.0540203	0.104018	0.17926	0.25949	0.302887	0.29825	0.256534	0.176957	0.0586192	-0.0805639	-0.222383	-0.343162	-0.413448	-0.418558	-0.34329	-0.190208	0	
0	-0.00134043	0.00142936	-0.00205415	5.79624e-05	-0.000356043	-0.00179448	0.000313669	-0.0013255	-0.000439544	-0.000454636	-0.000404963	-0.000505211	-0.000911023	-0.000181099	-0.00186519	-0.00113766	-0.00185446	-0.00263541	-0.00692404	-0.0102109	-0.021614	-0.040319	-0.0648995	-0.101461	-0.156159	-0.227566	-0.309714	-0.396851	-0.470332	-0.512472	-0.493053	-0.396543	-0.219004	0.0259767	0.309878	0.581084	0.7994	0.923726	0.943801	0.865498	0.706759	0.487226	0.247076	0.0149067	-0.178838	-0.310778	-0.369905	-0.361087	-0.301659	-0.214604	-0.117998	-0.0459022	-0.0173073	-0.0230776	-0.0220105	-0.0243869	-0.0379183	-0.0486305	-0.0470781	-0.0298705	-0.0220794	-0.0191019	-0.0195088	-0.0171373	-0.0145497	-0.0278312	-0.0379162	-0.0218897	-0.000149053	-0.0076474	-0.0304476	-0.0353327	-0.0216082	-0.0132956	-0.0169371	-0.018573	-0.0173394	-0.019762	-0.0286018	-0.0332552	-0.0145235	0.0234953	0.0628726	0.109085	0.178416	0.253059	0.293093	0.288023	0.250386	0.179464	0.0729864	-0.0553707	-0.188007	-0.3025	-0.372122	-0.377782	-0.306919	-0.169097	0	
0	-0.000988287	0.002209	-0.00141324	0.00178114	0.000433094	-0.000527306	0.00140995	-0.0018662	-0.000597765	-0.00186572	-0.00250427	-0.00216259	-0.00146654	-0.00163768	-0.00113766	0.000152285	-0.00502377	-0.00332745	-0.0108318	-0.0155886	-0.0250753	-0.0399799	-0.0678167	-0.108614	-0.168336	-0.237899	-0.323108	-0.413902	-0.490091	-0.529414	-0.511732	-0.417722	-0.238517	0.00914118	0.296077	0.572761	0.800393	0.938011	0.978117	0.911146	0.759624	0.540227	0.294411	0.0508604	-0.15132	-0.290867	-0.361421	-0.367117	-0.322748	-0.242451	-0.147837	-0.0729736	-0.0368311	-0.0306202	-0.0219381	-0.0196269	-0.0303714	-0.0452186	-0.0507806	-0.0406096	-0.0306431	-0.0217969	-0.018842	-0.0141285	-0.0161186	-0.0338341	-0.043191	-0.0229029	0.00227992	-0.00484722	-0.0322373	-0.0426133	-0.0240602	-0.0130224	-0.0171804	-0.0169804	-0.0222982	-0.0290552	-0.0335365	-0.0317563	-0.00812214	0.0287149	0.068939	0.116308	0.175701	0.239577	0.279041	0.276858	0.24139	0.181167	0.0934857	-0.0218546	-0.147423	-0.255916	-0.321396	-0.324073	-0.260861	-0.14533	0	
0	-0.000909831	0.00124074	-0.00241845	0.000966416	-0.00228991	-0.00121944	-0.000423606	-0.00194196	0.000108155	0.00106466	-0.000840725	0.00155543	-0.000171808	-0.00346155	-0.00185446	-0.00502377	-0.00726924	-0.0036649	-0.0111713	-0.0135664	-0.0258896	-0.0488156	-0.0748953	-0.116572	-0.175215	-0.247993	-0.337568	-0.431475	-0.505509	-0.548235	-0.532492	-0.43629	-0.254955	-0.0107706	0.275687	0.559541	0.793026	0.945495	1.00277	0.951827	0.809525	0.595829	0.345397	0.0923442	-0.115741	-0.26485	-0.344367	-0.367663	-0.33683	-0.267581	-0.178806	-0.103167	-0.059509	-0.0409007	-0.0262046	-0.0188286	-0.0236576	-0.0412791	-0.0550573	-0.0517885	-0.0419235	-0.0254537	-0.0167971	-0.010189	-0.0148324	-0.0366728	-0.0451233	-0.0238757	0.000374011	-0.00708319	-0.0372843	-0.0486171	-0.0270142	-0.0116656	-0.0102868	-0.0144166	-0.0297431	-0.0394542	-0.0438011	-0.0330066	0.0034758	0.0406023	0.0747776	0.115279	0.166267	0.224024	0.260959	0.261207	0.234429	0.189265	0.117523	0.0136562	-0.10047	-0.199461	-0.260766	-0.261055	-0.207399	-0.117838	0	
0	-0.00166006	0.000389279	-0.00326169	-0.000104227	-0.00243148	-0.000825661	-0.00127795	-0.00237335	-0.00114914	-0.00468623	-0.00337454	-0.00430021	-0.00567625	-0.00281632	-0.00263541	-0.00332745	-0.0036649	-0.00406641	-0.0152476	-0.017678	-0.0301377	-0.0502978	-0.0752118	-0.121728	-0.182135	-0.259386	-0.350847	-0.443204	-0.519799	-0.564344	-0.547566	-0.450398	-0.272991	-0.0310453	0.256933	0.542527	0.779465	0.945627	1.02148	0.98564	0.857547	0.652101	0.398663	0.139723	-0.0764128	-0.232388	-0.325421	-0.363127	-0.348992	-0.293222	-0.2138	-0.141246	-0.0864218	-0.0579433	-0.0353432	-0.019513	-0.0159557	-0.0321848	-0.0533655	-0.0587713	-0.0488784	-0.0297128	-0.0165101	-0.00849294	-0.0204408	-0.0416234	-0.0483201	-0.0283662	-0.00136785	-0.00824799	-0.0359696	-0.0458241	-0.0294929	-0.0136172	-0.00978977	-0.020025	-0.0387655	-0.046961	-0.0470514	-0.0260173	0.0147083	0.04582	0.0734709	0.110053	0.157306	0.206516	0.236902	0.244057	0.231323	0.200368	0.143893	0.0554341	-0.0449822	-0.136168	-0.193401	-0.190157	-0.146809	-0.0857924	0	
0	-0.000550399	0.00217501	-0.00120541	0.00119692	-0.00112942	-0.00238953	-0.00199666	-0.00408131	-0.0048468	-0.00296293	-0.00595767	-0.00403632	-0.00460455	-0.00745452	-0.00692404	-0.0108318	-0.0111713	-0.0152476	-0.0178743	-0.0225687	-0.0367491	-0.0584992	-0.0841409	-0.134944	-0.196476	-0.273377	-0.364595	-0.460383	-0.540198	-0.582205	-0.565978	-0.470572	-0.295751	-0.0541323	0.229875	0.514732	0.753452	0.935029	1.02389	1.0076	0.895773	0.703121	0.449326	0.188171	-0.0328221	-0.197318	-0.300328	-0.352469	-0.352973	-0.311993	-0.247253	-0.175183	-0.114496	-0.0747515	-0.04707	-0.0221462	-0.00897616	-0.0265065	-0.0537553	-0.0680393	-0.0612362	-0.0391399	-0.0191196	-0.0101617	-0.0209091	-0.0395766	-0.0451892	-0.0258271	-0.00802223	-0.0150392	-0.036416	-0.0490919	-0.0336481	-0.0139012	-0.00904723	-0.0209912	-0.0431386	-0.0556185	-0.0527666	-0.0211912	0.0246972	0.0513597	0.071457	0.102941	0.143435	0.181395	0.209868	0.229487	0.231729	0.215597	0.175924	0.10297	0.014652	-0.0675335	-0.117135	-0.111831	-0.0826369	-0.0513754	0	
0	-0.000827417	-0.00368388	-0.00320044	-0.00476635	-0.00586999	-0.00457773	-0.006692	-0.00563539	-0.00634439	-0.00743186	-0.00774367	-0.00933638	-0.00971885	-0.0128267	-0.0102109	-0.0155886	-0.0135664	-0.017678	-0.0225687	-0.0304537	-0.0445247	-0.0644168	-0.0978358	-0.146936	-0.205352	-0.28642	-0.383756	-0.479108	-0.556664	-0.601111	-0.585395	-0.4898	-0.315764	-0.0805963	0.200957	0.481926	0.724945	0.915071	1.01851	1.02156	0.930628	0.751235	0.501996	0.242693	0.0160769	-0.156044	-0.270668	-0.335796	-0.351845	-0.330525	-0.281614	-0.215671	-0.149661	-0.102616	-0.0685651	-0.0295961	-0.00819701	-0.0209397	-0.0510703	-0.0711294	-0.066492	-0.0455363	-0.0217975	-0.0120331	-0.0242052	-0.0399315	-0.0429629	-0.031238	-0.0187233	-0.0216244	-0.0360223	-0.04254	-0.0319555	-0.0169507	-0.0114986	-0.0273381	-0.0522635	-0.0626365	-0.0515864	-0.0135456	0.0311234	0.0568231	0.0692843	0.0855007	0.119601	0.158205	0.186458	0.213503	0.235157	0.238715	0.212669	0.153331	0.0792932	0.00856527	-0.0338689	-0.0309189	-0.0169199	-0.0132881	0	
0	-0.000533794	-0.00394097	-0.00261564	-0.00626032	-0.00671221	-0.00754729	-0.0110195	-0.0108914	-0.0133035	-0.0166624	-0.0153347	-0.0209235	-0.0187372	-0.0228577	-0.021614	-0.0250753	-0.0258896	-0.0301377	-0.0367491	-0.0445247	-0.0603282	-0.0805149	-0.113351	-0.158959	-0.225361	-0.312302	-0.404545	-0.500293	-0.580566	-0.625526	-0.605645	-0.5155	-0.343958	-0.112791	0.167076	0.438521	0.685171	0.88025	0.998024	1.01986	0.951265	0.787186	0.547957	0.294037	0.0628363	-0.115691	-0.240544	-0.31685	-0.347493	-0.346984	-0.313506	-0.255982	-0.187189	-0.135521	-0.0920346	-0.0388032	-0.0100808	-0.0172901	-0.0488102	-0.0718839	-0.0731001	-0.0563667	-0.0307845	-0.0205236	-0.02838	-0.0374296	-0.0389842	-0.0331693	-0.0279437	-0.0299032	-0.0338605	-0.0370413	-0.0325972	-0.0204262	-0.0188734	-0.0361918	-0.0584819	-0.065248	-0.0466016	-0.00643468	0.0372258	0.0588582	0.0554021	0.0628279	0.0993794	0.133178	0.15961	0.202345	0.24542	0.264835	0.25418	0.211209	0.148572	0.0879671	0.0536964	0.0517338	0.0491714	0.0266634	0	
0	-0.0024608	-0.0039161	-0.0062544	-0.0106245	-0.00999302	-0.0172613	-0.0173062	-0.0209984	-0.0254669	-0.0254385	-0.0285993	-0.0317165	-0.0315994	-0.0351125	-0.040319	-0.0399799	-0.0488156	-0.0502978	-0.0584992	-0.0644168	-0.0805149	-0.10078	-0.139754	-0.188003	-0.258251	-0.33906	-0.432995	-0.531287	-0.614261	-0.656037	-0.640053	-0.548121	-0.378743	-0.150421	0.11821	0.385473	0.634317	0.83095	0.960747	1.00142	0.958007	0.808669	0.588608	0.340076	0.109368	-0.0752921	-0.209232	-0.29352	-0.342165	-0.358494	-0.34422	-0.296321	-0.230462	-0.17827	-0.120785	-0.0571648	-0.0201366	-0.0206834	-0.0502326	-0.0708224	-0.0791616	-0.0681844	-0.0423845	-0.0317274	-0.0314597	-0.033102	-0.0356709	-0.0354308	-0.0380353	-0.0395727	-0.03366	-0.0339864	-0.0326848	-0.02532	-0.0291804	-0.0433842	-0.0607133	-0.062929	-0.0396933	-0.00376102	0.0348446	0.0537717	0.0445993	0.043983	0.0696209	0.100756	0.138713	0.197275	0.259349	0.299415	0.303733	0.270665	0.218986	0.172863	0.145488	0.133318	0.112663	0.0655777	0	
0	-0.00695444	-0.00800496	-0.0183697	-0.018185	-0.0249128	-0.0290137	-0.0298614	-0.0364601	-0.0383578	-0.0412438	-0.0490344	-0.0503517	-0.0567844	-0.0625004	-0.0648995	-0.0678167	-0.0748953	-0.0752118	-0.0841409	-0.0978358	-0.113351	-0.139754	-0.175995	-0.224269	-0.292447	-0.376758	-0.47562	-0.577442	-0.656991	-0.696374	-0.680338	-0.590491	-0.426262	-0.200868	0.0596027	0.324839	0.567241	0.765833	0.904802	0.968366	0.942524	0.816122	0.616848	0.378887	0.1512	-0.0391505	-0.177215	-0.273826	-0.335954	-0.37139	-0.374693	-0.339565	-0.285062	-0.229972	-0.160495	-0.0867529	-0.0397437	-0.0342598	-0.0531409	-0.0688055	-0.0842697	-0.0765809	-0.0582196	-0.0449106	-0.0342334	-0.0348475	-0.0357054	-0.0421995	-0.0518577	-0.0471989	-0.0358596	-0.0306353	-0.0266226	-0.0292574	-0.0405187	-0.0531934	-0.067569	-0.0612413	-0.0317965	0.000440892	0.0341016	0.0469974	0.0281792	0.014399	0.0313882	0.0719121	0.12785	0.200798	0.278756	0.336071	0.356026	0.33689	0.296349	0.259338	0.234203	0.212307	0.174038	0.101409	0	
0	-0.00747555	-0.01276	-0.022503	-0.0264946	-0.0372648	-0.0424678	-0.051658	-0.0596425	-0.0665849	-0.0747844	-0.0810158	-0.0870158	-0.091912	-0.0981057	-0.101461	-0.108614	-0.116572	-0.121728	-0.134944	-0.146936	-0.158959	-0.188003	-0.224269	-0.273743	-0.348512	-0.436426	-0.533761	-0.630266	-0.71012	-0.753244	-0.739367	-0.649508	-0.484703	-0.264202	-0.0134737	0.245679	0.482884	0.68113	0.829052	0.908705	0.900674	0.801011	0.624494	0.400795	0.178115	-0.0118746	-0.155323	-0.261539	-0.337202	-0.387612	-0.406695	-0.387774	-0.347311	-0.288772	-0.209281	-0.124856	-0.0700198	-0.0557583	-0.0602472	-0.0735777	-0.0901827	-0.092152	-0.0827692	-0.0629089	-0.0467948	-0.0394135	-0.0389113	-0.0499736	-0.0557172	-0.0514169	-0.0399993	-0.0300646	-0.0291395	-0.0398646	-0.0550772	-0.0642308	-0.067817	-0.049764	-0.0202495	0.000618607	0.023249	0.0286547	0.00396558	-0.015178	0.000590527	0.0483364	0.116983	0.206545	0.304519	0.381806	0.417471	0.406808	0.373326	0.345129	0.32107	0.288253	0.230095	0.130782	0	
0	-0.0116948	-0.0244769	-0.0356618	-0.0474114	-0.0601377	-0.0689265	-0.0827208	-0.090478	-0.101721	-0.111618	-0.119598	-0.130811	-0.138252	-0.150026	-0.156159	-0.168336	-0.175215	-0.182135	-0.196476	-0.205352	-0.225361	-0.258251	-0.292447	-0.348512	-0.424327	-0.505713	-0.60359	-0.707212	-0.788655	-0.830174	-0.813157	-0.724358	-0.561328	-0.350316	-0.104831	0.149482	0.380006	0.574067	0.730019	0.822073	0.833333	0.761657	0.609448	0.404248	0.192568	0.00651135	-0.140553	-0.256679	-0.342576	-0.407144	-0.439796	-0.443545	-0.417952	-0.360043	-0.274931	-0.181887	-0.121271	-0.0922855	-0.0837339	-0.0882777	-0.101853	-0.112042	-0.106452	-0.0835463	-0.0605297	-0.0483104	-0.0503134	-0.0606813	-0.0633411	-0.0605923	-0.050174	-0.0367576	-0.0338181	-0.0465963	-0.0637251	-0.0725755	-0.067427	-0.0409364	-0.0179215	-0.00481525	0.0118366	0.00599522	-0.0218159	-0.0414385	-0.0344908	0.0176241	0.113362	0.229397	0.341477	0.430753	0.47883	0.478522	0.456133	0.432158	0.400276	0.355959	0.279992	0.154516	0	
0	-0.0177446	-0.0362521	-0.053096	-0.0710492	-0.087965	-0.103495	-0.121383	-0.134279	-0.15156	-0.16496	-0.178023	-0.194145	-0.203335	-0.217799	-0.227566	-0.237899	-0.247993	-0.259386	-0.273377	-0.28642	-0.312302	-0.33906	-0.376758	-0.436426	-0.505713	-0.592852	-0.698017	-0.798622	-0.87607	-0.918898	-0.90183	-0.814698	-0.656109	-0.450245	-0.20688	0.0386891	0.257622	0.449428	0.611403	0.710047	0.739933	0.694323	0.567943	0.383695	0.18821	0.0085145	-0.14177	-0.265522	-0.361824	-0.435745	-0.484225	-0.510502	-0.499225	-0.445993	-0.357183	-0.259712	-0.18819	-0.14326	-0.121667	-0.113863	-0.123095	-0.138078	-0.136104	-0.113557	-0.086889	-0.0716856	-0.0738298	-0.0759153	-0.0706299	-0.0689286	-0.0597311	-0.0485707	-0.0456395	-0.0556661	-0.0763035	-0.0825159	-0.0641681	-0.0358627	-0.0176593	-0.00765325	-0.00585897	-0.024469	-0.052727	-0.0767008	-0.0686199	0.00280072	0.121727	0.25562	0.382453	0.484372	0.544658	0.557443	0.54221	0.511729	0.469236	0.417198	0.322639	0.170665	0	
0	-0.0260644	-0.0486013	-0.0758382	-0.0982219	-0.121983	-0.145961	-0.166977	-0.189318	-0.210151	-0.229638	-0.247766	-0.26659	-0.279947	-0.297144	-0.309714	-0.323108	-0.337568	-0.350847	-0.364595	-0.383756	-0.404545	-0.432995	-0.47562	-0.533761	-0.60359	-0.698017	-0.799056	-0.89648	-0.976411	-1.01963	-1.00443	-0.918862	-0.761439	-0.557009	-0.322088	-0.0883764	0.122569	0.315058	0.472965	0.575976	0.622692	0.603313	0.499044	0.34137	0.164578	-0.00461751	-0.156723	-0.286476	-0.390752	-0.473299	-0.538287	-0.58563	-0.588923	-0.54484	-0.459313	-0.360072	-0.274729	-0.216307	-0.181187	-0.160386	-0.162324	-0.174567	-0.174615	-0.153299	-0.12515	-0.109999	-0.106356	-0.0961675	-0.0841975	-0.0805744	-0.0764992	-0.0720078	-0.0656537	-0.0710672	-0.0883441	-0.086002	-0.0619785	-0.0350789	-0.0202107	-0.020531	-0.0325622	-0.0575441	-0.0904873	-0.113006	-0.0899687	-0.00356356	0.131005	0.288072	0.433091	0.545309	0.616694	0.638342	0.623022	0.585207	0.533054	0.467578	0.35283	0.18161	0	
0	-0.032075	-0.0648771	-0.0959554	-0.128909	-0.158241	-0.190617	-0.217543	-0.246522	-0.272917	-0.295308	-0.320906	-0.340843	-0.36008	-0.382086	-0.396851	-0.413902	-0.431475	-0.443204	-0.460383	-0.479108	-0.500293	-0.531287	-0.577442	-0.630266	-0.707212	-0.798622	-0.89648	-0.994226	-1.08065	-1.12328	-1.10674	-1.01804	-0.866081	-0.669264	-0.440995	-0.214882	-0.00943564	0.173592	0.324561	0.430946	0.49456	0.491155	0.410535	0.280741	0.126664	-0.0305425	-0.181914	-0.314377	-0.426491	-0.516728	-0.600586	-0.663859	-0.684513	-0.653869	-0.581405	-0.479956	-0.383468	-0.313123	-0.265376	-0.233246	-0.220879	-0.226347	-0.222914	-0.204318	-0.180452	-0.164446	-0.151568	-0.128318	-0.109008	-0.10193	-0.103908	-0.105288	-0.095337	-0.0936786	-0.098653	-0.0866456	-0.0642019	-0.0421802	-0.0336484	-0.0443842	-0.0625682	-0.0925535	-0.133144	-0.147473	-0.103817	-0.00409278	0.146657	0.329623	0.493972	0.613409	0.688801	0.715864	0.7025	0.656745	0.586295	0.499653	0.371635	0.193035	0	
0	-0.0401138	-0.0800767	-0.118873	-0.157051	-0.193688	-0.228762	-0.262845	-0.294622	-0.325654	-0.354023	-0.382454	-0.405997	-0.431368	-0.451818	-0.470332	-0.490091	-0.505509	-0.519799	-0.540198	-0.556664	-0.580566	-0.614261	-0.656991	-0.71012	-0.788655	-0.87607	-0.976411	-1.08065	-1.16447	-1.2012	-1.18538	-1.10445	-0.958125	-0.760313	-0.537405	-0.322661	-0.126996	0.0462399	0.190429	0.298795	0.369716	0.376815	0.32125	0.217951	0.0873683	-0.0584864	-0.203477	-0.340097	-0.45818	-0.562509	-0.662698	-0.742046	-0.780346	-0.772299	-0.716958	-0.615943	-0.511931	-0.430379	-0.374549	-0.327084	-0.301168	-0.292438	-0.283381	-0.271699	-0.254395	-0.239839	-0.213315	-0.178453	-0.149958	-0.137652	-0.143322	-0.145405	-0.137581	-0.125713	-0.111016	-0.0947374	-0.0749217	-0.0574035	-0.0598554	-0.0772625	-0.096076	-0.132622	-0.17835	-0.180411	-0.115592	0.00510691	0.179107	0.380657	0.554188	0.68071	0.766125	0.798839	0.777236	0.714721	0.626063	0.520259	0.380851	0.199381	0	
0	-0.0428992	-0.0847179	-0.12806	-0.166975	-0.210373	-0.245749	-0.286528	-0.320203	-0.354593	-0.387726	-0.41489	-0.445279	-0.467798	-0.491602	-0.512472	-0.529414	-0.548235	-0.564344	-0.582205	-0.601111	-0.625526	-0.656037	-0.696374	-0.753244	-0.830174	-0.918898	-1.01963	-1.12328	-1.2012	-1.24323	-1.23283	-1.15513	-1.00421	-0.811928	-0.601991	-0.396743	-0.206507	-0.046286	0.0876053	0.192792	0.263451	0.279238	0.244855	0.164431	0.0551006	-0.0753316	-0.211177	-0.349761	-0.474991	-0.59545	-0.709483	-0.80326	-0.862288	-0.882551	-0.847571	-0.753262	-0.647886	-0.56336	-0.500503	-0.442533	-0.402203	-0.376278	-0.362199	-0.354748	-0.347918	-0.330727	-0.29125	-0.2471	-0.209486	-0.194543	-0.196451	-0.200779	-0.194516	-0.166922	-0.136979	-0.110756	-0.0924818	-0.0892656	-0.0989442	-0.118398	-0.141523	-0.181018	-0.222796	-0.209117	-0.119496	0.0281731	0.22013	0.429168	0.615006	0.759438	0.851914	0.874801	0.83716	0.762473	0.658052	0.529369	0.377807	0.198463	0	
0	-0.0408453	-0.0780945	-0.120366	-0.157046	-0.196394	-0.233367	-0.270081	-0.303877	-0.338264	-0.369042	-0.396488	-0.426509	-0.447158	-0.472782	-0.493053	-0.511732	-0.532492	-0.547566	-0.565978	-0.585395	-0.605645	-0.640053	-0.680338	-0.739367	-0.813157	-0.90183	-1.00443	-1.10674	-1.18538	-1.23283	-1.22459	-1.14307	-0.996965	-0.816062	-0.614221	-0.40905	-0.232011	-0.0875327	0.0361655	0.137233	0.200427	0.223568	0.203278	0.14311	0.0532177	-0.0573951	-0.183309	-0.320804	-0.456066	-0.592747	-0.720133	-0.830441	-0.914887	-0.96791	-0.955542	-0.877809	-0.780511	-0.700042	-0.633352	-0.567928	-0.514414	-0.473092	-0.452792	-0.450171	-0.452071	-0.431618	-0.385821	-0.334591	-0.292813	-0.274321	-0.268738	-0.272801	-0.262767	-0.223733	-0.177737	-0.140336	-0.129038	-0.135239	-0.152111	-0.178814	-0.200588	-0.232859	-0.262188	-0.232491	-0.12123	0.0568097	0.268051	0.483198	0.683367	0.841849	0.930651	0.941529	0.893437	0.802298	0.672246	0.523391	0.368402	0.194458	0	
0	-0.0297158	-0.060509	-0.0892811	-0.119715	-0.147912	-0.177062	-0.204032	-0.231009	-0.257937	-0.281424	-0.308416	-0.332192	-0.353464	-0.380527	-0.396543	-0.417722	-0.43629	-0.450398	-0.470572	-0.4898	-0.5155	-0.548121	-0.590491	-0.649508	-0.724358	-0.814698	-0.918862	-1.01804	-1.10445	-1.15513	-1.14307	-1.06512	-0.93038	-0.754748	-0.551113	-0.355531	-0.195426	-0.0618059	0.0567438	0.143987	0.197668	0.224674	0.213922	0.168875	0.0979105	0.00874066	-0.105223	-0.238844	-0.384997	-0.535099	-0.67698	-0.806244	-0.921646	-1.00446	-1.02084	-0.967384	-0.891113	-0.820646	-0.753548	-0.686241	-0.621156	-0.571231	-0.545366	-0.546386	-0.553667	-0.534341	-0.490993	-0.43994	-0.400289	-0.375944	-0.362684	-0.359947	-0.339055	-0.293069	-0.236475	-0.193525	-0.188787	-0.203312	-0.227049	-0.253093	-0.27062	-0.293165	-0.301839	-0.251719	-0.115931	0.0896908	0.316178	0.543383	0.756616	0.91739	1.00275	1.0084	0.942027	0.820526	0.668489	0.513925	0.355022	0.179989	0	
0	-0.0107895	-0.0215338	-0.0323111	-0.0444763	-0.0553668	-0.0694223	-0.082881	-0.0979485	-0.115191	-0.13133	-0.150338	-0.166911	-0.185692	-0.20268	-0.219004	-0.238517	-0.254955	-0.272991	-0.295751	-0.315764	-0.343958	-0.378743	-0.426262	-0.484703	-0.561328	-0.656109	-0.761439	-0.866081	-0.958125	-1.00421	-0.996965	-0.93038	-0.799244	-0.621513	-0.425848	-0.243656	-0.0918995	0.0378614	0.14327	0.21226	0.260326	0.287523	0.280433	0.244576	0.194224	0.125341	0.0277632	-0.100655	-0.252927	-0.412229	-0.568284	-0.72049	-0.863619	-0.973667	-1.01891	-0.999582	-0.952622	-0.896508	-0.838061	-0.770452	-0.705593	-0.655108	-0.62862	-0.633438	-0.640846	-0.629223	-0.595937	-0.552486	-0.515616	-0.488069	-0.469267	-0.453749	-0.425983	-0.377307	-0.318476	-0.28001	-0.275097	-0.29104	-0.319514	-0.344674	-0.35752	-0.361527	-0.342484	-0.268121	-0.108208	0.118417	0.365744	0.61121	0.825729	0.983879	1.07242	1.06698	0.971526	0.821959	0.656369	0.498578	0.333773	0.158913	0	
0	0.0162536	0.0325447	0.0456634	0.0597242	0.0676528	0.0769559	0.0805353	0.083023	0.0829206	0.0792112	0.0743115	0.0649255	0.0554397	0.0406489	0.0259767	0.00914118	-0.0107706	-0.0310453	-0.0541323	-0.0805963	-0.112791	-0.150421	-0.200868	-0.264202	-0.350316	-0.450245	-0.557009	-0.669264	-0.760313	-0.811928	-0.816062	-0.754748	-0.621513	-0.452395	-0.264582	-0.0883109	0.0613181	0.181322	0.271746	0.329654	0.374762	0.396949	0.388592	0.363802	0.334256	0.287594	0.210728	0.0931877	-0.0541798	-0.216856	-0.386179	-0.561447	-0.727496	-0.860127	-0.939458	-0.960902	-0.949482	-0.917119	-0.871552	-0.811602	-0.753532	-0.707917	-0.684987	-0.68455	-0.690187	-0.691506	-0.677079	-0.652265	-0.625287	-0.601759	-0.580968	-0.555658	-0.517227	-0.467526	-0.42142	-0.389565	-0.384796	-0.404678	-0.431252	-0.453396	-0.459304	-0.442022	-0.392703	-0.282234	-0.0957827	0.144011	0.410858	0.671539	0.887286	1.04832	1.13212	1.10415	0.984696	0.815642	0.633248	0.468479	0.307814	0.143734	0	
0	0.041258	0.0842833	0.122347	0.161871	0.196763	0.2292	0.257429	0.282206	0.300818	0.315218	0.325288	0.327368	0.327862	0.320774	0.309878	0.296077	0.275687	0.256933	0.229875	0.200957	0.167076	0.11821	0.0596027	-0.0134737	-0.104831	-0.20688	-0.322088	-0.440995	-0.537405	-0.601991	-0.614221	-0.551113	-0.425848	-0.264582	-0.0811752	0.0931171	0.237424	0.350312	0.43024	0.48295	0.522092	0.535609	0.526988	0.513239	0.501814	0.476516	0.422193	0.323808	0.190004	0.0293667	-0.152986	-0.346635	-0.526394	-0.680148	-0.791076	-0.852586	-0.874657	-0.867765	-0.839145	-0.78941	-0.743448	-0.709039	-0.689797	-0.683596	-0.690452	-0.708688	-0.722969	-0.722947	-0.709708	-0.69665	-0.677251	-0.644126	-0.599579	-0.55728	-0.530554	-0.516117	-0.519455	-0.53647	-0.561628	-0.583652	-0.573131	-0.527957	-0.44423	-0.298284	-0.0918979	0.161146	0.444404	0.718292	0.945677	1.10617	1.16858	1.11801	0.983259	0.797366	0.599231	0.429103	0.278706	0.132219	0	
0	0.0654966	0.130798	0.193125	0.255027	0.311425	0.365674	0.414302	0.457536	0.49465	0.52615	0.549148	0.566032	0.578449	0.579141	0.581084	0.572761	0.559541	0.542527	0.514732	0.481926	0.438521	0.385473	0.324839	0.245679	0.149482	0.0386891	-0.0883764	-0.214882	-0.322661	-0.396743	-0.40905	-0.355531	-0.243656	-0.0883109	0.0931171	0.263797	0.405498	0.510664	0.583189	0.632814	0.663016	0.668681	0.659976	0.656399	0.658014	0.654384	0.626783	0.557448	0.447976	0.295298	0.108371	-0.0903313	-0.276549	-0.44588	-0.585594	-0.677305	-0.729631	-0.751261	-0.742018	-0.709681	-0.67833	-0.656385	-0.639344	-0.626407	-0.635359	-0.671387	-0.713726	-0.739402	-0.746582	-0.746399	-0.733549	-0.702452	-0.658861	-0.63286	-0.635549	-0.648142	-0.665459	-0.682971	-0.704298	-0.713588	-0.68276	-0.617197	-0.506255	-0.330236	-0.0988741	0.172057	0.465456	0.753342	0.991409	1.13838	1.17864	1.11354	0.962466	0.762569	0.5579	0.384878	0.245857	0.120901	0	
0	0.0799683	0.159833	0.237054	0.312086	0.384193	0.451265	0.514103	0.571997	0.623225	0.669567	0.709527	0.742717	0.769556	0.78819	0.7994	0.800393	0.793026	0.779465	0.753452	0.724945	0.685171	0.634317	0.567241	0.482884	0.380006	0.257622	0.122569	-0.00943564	-0.126996	-0.206507	-0.232011	-0.195426	-0.0918995	0.0613181	0.237424	0.405498	0.541144	0.639035	0.711818	0.757944	0.777851	0.776405	0.771522	0.77216	0.783875	0.800938	0.803767	0.770988	0.689808	0.552728	0.373046	0.180437	-0.00730642	-0.192436	-0.350423	-0.462721	-0.540273	-0.587919	-0.603217	-0.588666	-0.571853	-0.557498	-0.535991	-0.518336	-0.52859	-0.575454	-0.638305	-0.686437	-0.714453	-0.732723	-0.734254	-0.715352	-0.689924	-0.687575	-0.717629	-0.759947	-0.794805	-0.81678	-0.836974	-0.838457	-0.794229	-0.70603	-0.569027	-0.371226	-0.114374	0.176584	0.475009	0.765773	1.00382	1.14209	1.16975	1.0861	0.91635	0.710272	0.506959	0.338246	0.213126	0.107017	0	
0	0.0794645	0.160161	0.23697	0.316271	0.390524	0.465046	0.536601	0.604441	0.669243	0.729417	0.782458	0.829461	0.869736	0.898553	0.923726	0.938011	0.945495	0.945627	0.935029	0.915071	0.88025	0.83095	0.765833	0.68113	0.574067	0.449428	0.315058	0.173592	0.0462399	-0.046286	-0.0875327	-0.0618059	0.0378614	0.181322	0.350312	0.510664	0.639035	0.738384	0.812479	0.847653	0.856016	0.855474	0.849885	0.847795	0.86518	0.901471	0.935491	0.937206	0.887207	0.772841	0.614138	0.435101	0.244269	0.0492434	-0.118232	-0.240581	-0.336188	-0.408284	-0.445807	-0.449584	-0.441707	-0.422944	-0.394016	-0.372125	-0.382057	-0.43423	-0.505991	-0.570815	-0.621164	-0.656413	-0.67353	-0.675102	-0.671838	-0.694007	-0.752355	-0.823849	-0.887718	-0.930835	-0.953312	-0.943188	-0.88027	-0.771008	-0.620608	-0.411032	-0.137355	0.164958	0.466295	0.754132	0.98646	1.11962	1.1331	1.0268	0.843732	0.638031	0.447364	0.297447	0.179598	0.0794437	0	
0	0.0697235	0.141069	0.210454	0.282225	0.352546	0.423129	0.492507	0.560236	0.626029	0.68806	0.748436	0.803426	0.85565	0.902385	0.943801	0.978117	1.00277	1.02148	1.02389	1.01851	0.998024	0.960747	0.904802	0.829052	0.730019	0.611403	0.472965	0.324561	0.190429	0.0876053	0.0361655	0.0567438	0.14327	0.271746	0.43024	0.583189	0.711818	0.812479	0.875465	0.895448	0.904612	0.902733	0.886492	0.875358	0.89766	0.949368	1.00677	1.03931	1.0202	0.939878	0.812357	0.649013	0.459482	0.261313	0.096509	-0.0286641	-0.136274	-0.226732	-0.287545	-0.309513	-0.306712	-0.281858	-0.247032	-0.225036	-0.234722	-0.279	-0.343592	-0.410136	-0.466758	-0.512983	-0.546471	-0.572087	-0.60265	-0.657197	-0.739898	-0.837614	-0.930742	-0.992369	-1.01696	-0.99822	-0.922004	-0.801444	-0.647067	-0.440472	-0.168345	0.143	0.451442	0.727848	0.942592	1.06087	1.05445	0.934287	0.752555	0.55399	0.378424	0.249579	0.142074	0.0514123	0	
