0	0	0	0	0	0	0	0	0	0	0	0	0	0	0	0	0	0	0	0	0	0	0	0	0	0	0	0	0	0	0	0	0	0	0	0	0	0	0	0	0	0	0	0	0	0	0	0	0	0	0	0	0	0	0	0	0	0	0	0	0	0	0	0	0	0	0	0	0	0	0	0	0	0	0	0	0	0	0	0	0	0	0	0	0	0	0	0	0	0	0	0	0	0	0	0	0	0	0	0	
0	-0.0194279	-0.0351717	-0.0477047	-0.0515032	-0.0500314	-0.0418512	-0.0308243	-0.0226577	-0.0186691	-0.025014	-0.0391233	-0.059501	-0.0825301	-0.104297	-0.123249	-0.140773	-0.154266	-0.164465	-0.167399	-0.163136	-0.153993	-0.145507	-0.142364	-0.144262	-0.149923	-0.156281	-0.160457	-0.163993	-0.166379	-0.162198	-0.159116	-0.157679	-0.160453	-0.166294	-0.169221	-0.167093	-0.165831	-0.164569	-0.165835	-0.168588	-0.171341	-0.170129	-0.169019	-0.167832	-0.16861	-0.170992	-0.171993	-0.167184	-0.165633	-0.167088	-0.166037	-0.162987	-0.158949	-0.154767	-0.151212	-0.145941	-0.136877	-0.126953	-0.118712	-0.109208	-0.101176	-0.094275	-0.0946006	-0.102025	-0.110752	-0.123785	-0.137986	-0.146999	-0.144027	-0.134953	-0.119338	-0.0954047	-0.0726569	-0.0543121	-0.0366427	-0.0187519	-0.00755477	-0.00236637	-0.00286155	-0.00947766	-0.0174403	-0.0241909	-0.0244116	-0.017843	-0.010172	-0.00571859	-0.00287905	7.24143e-05	0.000249059	-0.00178117	-0.00716329	-0.00933894	-0.00123565	0.00487686	0.00355493	-0.000125705	-0.00434021	-0.00446552	0	
0	-0.0351717	-0.064608	-0.0850828	-0.0917204	-0.0851885	-0.0673708	-0.0444487	-0.0255271	-0.0181613	-0.0289398	-0.0562246	-0.0966588	-0.140462	-0.182956	-0.219437	-0.252618	-0.278346	-0.298629	-0.304755	-0.295405	-0.280955	-0.261665	-0.255704	-0.260134	-0.268645	-0.280379	-0.291638	-0.297586	-0.302843	-0.297666	-0.289875	-0.286303	-0.291943	-0.304665	-0.311376	-0.307845	-0.303276	-0.303644	-0.30862	-0.312439	-0.315593	-0.317039	-0.317359	-0.314314	-0.314657	-0.321625	-0.325008	-0.31629	-0.313394	-0.316897	-0.316503	-0.310352	-0.30436	-0.295246	-0.290975	-0.279727	-0.264209	-0.245216	-0.229893	-0.213554	-0.197618	-0.187481	-0.188085	-0.205035	-0.223637	-0.249974	-0.279493	-0.296702	-0.291927	-0.273168	-0.2424	-0.194896	-0.149964	-0.114703	-0.078631	-0.0451154	-0.0222806	-0.010106	-0.0121483	-0.0220579	-0.0370176	-0.0519663	-0.0502426	-0.0388496	-0.0256345	-0.0143092	-0.00841541	-0.00219532	0.000687728	-0.00387368	-0.0159029	-0.0198856	-0.00326491	0.0098903	0.00613923	-0.00317014	-0.00801657	-0.00455429	0	
0	-0.0477047	-0.0850828	-0.112316	-0.114904	-0.101525	-0.0687621	-0.0285757	0.0040614	0.0224502	0.0107761	-0.0247179	-0.0804237	-0.143746	-0.205058	-0.258819	-0.307969	-0.346698	-0.375735	-0.383819	-0.371318	-0.345	-0.319231	-0.309752	-0.315346	-0.331535	-0.351018	-0.365066	-0.376591	-0.384172	-0.374706	-0.365974	-0.36226	-0.371238	-0.390072	-0.399922	-0.395686	-0.392695	-0.39126	-0.396845	-0.406172	-0.415559	-0.415299	-0.414822	-0.413548	-0.418229	-0.428311	-0.434213	-0.424628	-0.423352	-0.430786	-0.431953	-0.427606	-0.420106	-0.411966	-0.406489	-0.39493	-0.373681	-0.349325	-0.329251	-0.306165	-0.286788	-0.271928	-0.276604	-0.302143	-0.332898	-0.374973	-0.420158	-0.449669	-0.444831	-0.420335	-0.375091	-0.306179	-0.2399	-0.18478	-0.131628	-0.0793025	-0.0447227	-0.0275793	-0.0277795	-0.0450311	-0.0676668	-0.0865182	-0.0858608	-0.0663645	-0.0429569	-0.027838	-0.0175972	-0.00733865	-0.0051104	-0.0105207	-0.025794	-0.0310008	-0.00690914	0.011827	0.00855232	-0.00229289	-0.0131445	-0.0122453	0	
0	-0.0515032	-0.0917204	-0.114904	-0.110825	-0.0816467	-0.030688	0.0304615	0.0821904	0.111965	0.104254	0.0626126	-0.00569408	-0.0846182	-0.161348	-0.229132	-0.290213	-0.338855	-0.375199	-0.386719	-0.368485	-0.338476	-0.302768	-0.290321	-0.298286	-0.317679	-0.342031	-0.364502	-0.379584	-0.391319	-0.383468	-0.372011	-0.367776	-0.380183	-0.404934	-0.420072	-0.41791	-0.412528	-0.414641	-0.425562	-0.437195	-0.446731	-0.453079	-0.456835	-0.456382	-0.461775	-0.479136	-0.490461	-0.481699	-0.482586	-0.494216	-0.500862	-0.497931	-0.493117	-0.484886	-0.483239	-0.471013	-0.448816	-0.421832	-0.399667	-0.375424	-0.354367	-0.342247	-0.352336	-0.391422	-0.437346	-0.497363	-0.56095	-0.602191	-0.601328	-0.570367	-0.5128	-0.424575	-0.338248	-0.267432	-0.196476	-0.130113	-0.0845767	-0.0590111	-0.0593029	-0.0783001	-0.105897	-0.130837	-0.127581	-0.103026	-0.0735662	-0.050733	-0.0357557	-0.0201872	-0.0132661	-0.0201927	-0.0397439	-0.0445023	-0.0136899	0.011271	0.00745088	-0.00733262	-0.0165624	-0.0109081	0	
0	-0.0500314	-0.0851885	-0.101525	-0.0816467	-0.0342558	0.0430508	0.130206	0.207359	0.256745	0.258763	0.219262	0.14333	0.053954	-0.0360255	-0.116522	-0.188883	-0.247919	-0.291622	-0.303447	-0.283597	-0.243024	-0.200814	-0.184826	-0.194152	-0.220167	-0.253573	-0.28163	-0.304272	-0.318946	-0.311628	-0.300257	-0.296028	-0.312699	-0.346148	-0.365833	-0.364441	-0.361567	-0.363851	-0.376862	-0.394142	-0.411404	-0.418078	-0.423159	-0.425868	-0.437936	-0.460023	-0.475558	-0.470964	-0.476113	-0.494277	-0.50613	-0.509944	-0.508474	-0.505808	-0.508741	-0.500685	-0.480264	-0.454686	-0.433416	-0.410014	-0.391536	-0.383242	-0.402909	-0.455354	-0.521008	-0.601609	-0.686102	-0.745004	-0.751487	-0.721499	-0.654113	-0.550934	-0.448823	-0.359773	-0.27372	-0.192509	-0.135099	-0.104089	-0.102149	-0.125811	-0.160453	-0.188441	-0.185103	-0.153366	-0.113847	-0.084334	-0.0619577	-0.0406772	-0.031991	-0.0382111	-0.0596273	-0.0637692	-0.0249374	0.0073909	0.00555348	-0.0104082	-0.0233137	-0.018325	0	
0	-0.0418512	-0.0673708	-0.0687621	-0.030688	0.0430508	0.147964	0.267699	0.37261	0.445582	0.462416	0.426674	0.349594	0.251038	0.152566	0.062602	-0.0177003	-0.084207	-0.130429	-0.145371	-0.119711	-0.073642	-0.0251511	-0.00576621	-0.0164686	-0.0486192	-0.0880915	-0.123366	-0.152378	-0.173028	-0.168791	-0.159007	-0.158894	-0.179823	-0.215979	-0.240908	-0.246163	-0.244114	-0.249656	-0.265988	-0.287473	-0.305335	-0.319031	-0.32775	-0.333878	-0.347417	-0.375588	-0.396944	-0.39694	-0.406515	-0.428814	-0.448401	-0.457866	-0.461358	-0.464347	-0.472461	-0.469984	-0.452985	-0.431437	-0.41348	-0.393466	-0.381738	-0.381447	-0.413716	-0.484293	-0.57202	-0.678409	-0.78653	-0.864966	-0.885907	-0.857962	-0.785451	-0.672635	-0.556388	-0.454872	-0.355893	-0.263598	-0.199083	-0.162331	-0.15931	-0.187538	-0.227228	-0.257767	-0.254091	-0.216896	-0.16908	-0.132928	-0.104281	-0.0752452	-0.0608648	-0.0663162	-0.0859782	-0.0850519	-0.042548	-0.00657244	-0.00436331	-0.0180835	-0.0280345	-0.0196119	0	
0	-0.0308243	-0.0444487	-0.0285757	0.0304615	0.130206	0.267699	0.417618	0.556651	0.653908	0.689823	0.664899	0.588008	0.488052	0.383208	0.286384	0.200737	0.129082	0.0778458	0.0648151	0.0922994	0.145666	0.201943	0.226528	0.215132	0.179726	0.13298	0.0875459	0.0497626	0.0247458	0.0224379	0.0302433	0.0314944	0.0059257	-0.0404454	-0.0731316	-0.0801201	-0.0797226	-0.0868143	-0.10734	-0.131629	-0.154936	-0.170153	-0.181113	-0.188632	-0.20655	-0.237897	-0.261956	-0.267137	-0.279367	-0.305917	-0.330582	-0.345788	-0.35427	-0.362012	-0.376367	-0.37794	-0.366542	-0.35017	-0.334998	-0.321922	-0.31597	-0.327373	-0.373536	-0.461696	-0.576375	-0.70834	-0.843635	-0.94601	-0.984363	-0.966438	-0.893267	-0.776077	-0.653654	-0.541476	-0.433439	-0.335844	-0.264355	-0.224276	-0.223031	-0.25516	-0.302344	-0.339118	-0.336298	-0.296134	-0.24305	-0.197549	-0.158502	-0.122594	-0.102597	-0.105271	-0.124909	-0.121116	-0.070486	-0.0237209	-0.0162044	-0.0303143	-0.0387111	-0.0257151	0	
0	-0.0226577	-0.0255271	0.0040614	0.0821904	0.207359	0.37261	0.556651	0.725307	0.851173	0.908196	0.894196	0.824059	0.721569	0.612915	0.511281	0.421443	0.345721	0.296928	0.284745	0.318927	0.382635	0.445003	0.475795	0.466423	0.426105	0.37273	0.323039	0.278489	0.247563	0.24085	0.2447	0.237391	0.206533	0.15968	0.123686	0.107667	0.103341	0.0933447	0.0729878	0.0453048	0.0207985	0.00167631	-0.00978484	-0.0198735	-0.0381804	-0.0697839	-0.0953374	-0.104485	-0.118342	-0.145004	-0.172777	-0.192068	-0.202505	-0.215236	-0.23048	-0.236371	-0.227978	-0.215051	-0.202936	-0.192481	-0.194662	-0.21511	-0.275144	-0.381917	-0.521172	-0.682687	-0.845599	-0.973931	-1.03651	-1.03135	-0.962924	-0.848162	-0.721503	-0.60298	-0.490922	-0.389629	-0.317734	-0.280068	-0.281963	-0.32493	-0.382739	-0.423742	-0.425913	-0.384774	-0.325116	-0.274822	-0.230461	-0.187582	-0.161948	-0.161856	-0.174	-0.159974	-0.106898	-0.0581646	-0.0421833	-0.0464224	-0.0481846	-0.0313377	0	
0	-0.0186691	-0.0181613	0.0224502	0.111965	0.256745	0.445582	0.653908	0.851173	0.998329	1.07477	1.07246	1.00717	0.906299	0.796163	0.692435	0.601994	0.527429	0.479824	0.472845	0.513709	0.585819	0.659146	0.701302	0.697732	0.660669	0.607345	0.549554	0.498627	0.463358	0.449236	0.449487	0.443152	0.409235	0.355205	0.309124	0.288433	0.282351	0.270177	0.245318	0.216144	0.189604	0.168558	0.155808	0.145909	0.127764	0.0975933	0.0729169	0.0619258	0.0496437	0.0255331	-0.0021954	-0.0204565	-0.0315057	-0.0433076	-0.0574941	-0.061954	-0.054211	-0.0423023	-0.0280562	-0.0208612	-0.0256107	-0.055582	-0.126998	-0.248923	-0.412763	-0.599727	-0.789798	-0.943323	-1.0294	-1.03967	-0.979268	-0.869912	-0.744983	-0.625403	-0.513057	-0.416336	-0.347474	-0.31356	-0.324418	-0.377225	-0.446692	-0.500474	-0.511179	-0.476127	-0.420384	-0.364474	-0.311851	-0.263856	-0.231807	-0.228198	-0.237115	-0.218056	-0.159695	-0.0990412	-0.0717382	-0.071151	-0.0655569	-0.0390054	0	
0	-0.025014	-0.0289398	0.0107761	0.104254	0.258763	0.462416	0.689823	0.908196	1.07477	1.16862	1.17644	1.11722	1.01633	0.903187	0.796312	0.703693	0.629853	0.586951	0.588626	0.639376	0.727512	0.813927	0.870671	0.877428	0.845998	0.793497	0.736653	0.685308	0.649593	0.633003	0.630421	0.618223	0.580023	0.526162	0.477129	0.449979	0.435638	0.419816	0.393902	0.363983	0.333994	0.311882	0.298698	0.287685	0.269662	0.243944	0.222467	0.209739	0.200223	0.180226	0.15674	0.14085	0.132165	0.122557	0.114304	0.114055	0.124448	0.140158	0.159552	0.169981	0.166545	0.133578	0.0561044	-0.0755995	-0.257126	-0.466026	-0.679415	-0.85654	-0.96594	-0.993145	-0.943002	-0.841167	-0.718943	-0.597771	-0.487264	-0.394926	-0.331365	-0.307684	-0.33079	-0.400555	-0.488519	-0.556766	-0.581126	-0.556218	-0.505305	-0.449441	-0.396208	-0.348507	-0.314727	-0.308687	-0.309332	-0.279893	-0.219048	-0.155149	-0.116981	-0.101852	-0.0836175	-0.0484951	0	
0	-0.0391233	-0.0562246	-0.0247179	0.0626126	0.219262	0.426674	0.664899	0.894196	1.07246	1.17644	1.18937	1.13225	1.02978	0.912107	0.803102	0.709067	0.63745	0.601937	0.610855	0.674095	0.77602	0.878651	0.95489	0.979886	0.962891	0.921352	0.869213	0.821449	0.78724	0.770211	0.769426	0.757128	0.720395	0.667013	0.613368	0.577652	0.559483	0.53912	0.511128	0.477523	0.445844	0.419487	0.404386	0.391452	0.373653	0.351851	0.331578	0.31937	0.311967	0.298039	0.279635	0.269478	0.26498	0.260407	0.262122	0.26957	0.286327	0.310326	0.337966	0.356142	0.358189	0.326054	0.247915	0.109958	-0.0816121	-0.306771	-0.538095	-0.731281	-0.859688	-0.898597	-0.856561	-0.760994	-0.638942	-0.518045	-0.410483	-0.323566	-0.267954	-0.254836	-0.291141	-0.377486	-0.48375	-0.571005	-0.614904	-0.609528	-0.573538	-0.522398	-0.472095	-0.427327	-0.392774	-0.38711	-0.383952	-0.349233	-0.288599	-0.218396	-0.165967	-0.137513	-0.106499	-0.0592296	0	
0	-0.059501	-0.0966588	-0.0804237	-0.00569408	0.14333	0.349594	0.588008	0.824059	1.00717	1.11722	1.13225	1.07461	0.965555	0.841654	0.723286	0.623088	0.551958	0.516828	0.536397	0.609912	0.727505	0.848659	0.947797	0.993032	0.995729	0.970173	0.928399	0.891251	0.867069	0.857239	0.858205	0.851573	0.819429	0.770798	0.714163	0.678898	0.653233	0.63009	0.59707	0.563431	0.525848	0.498033	0.478794	0.461767	0.441826	0.422433	0.405113	0.390314	0.38475	0.373939	0.361872	0.357813	0.355396	0.357417	0.368265	0.385012	0.409844	0.44256	0.482716	0.509676	0.52265	0.496998	0.42144	0.286483	0.0902243	-0.143083	-0.384856	-0.591315	-0.730222	-0.778995	-0.743974	-0.648379	-0.524697	-0.39923	-0.288364	-0.203937	-0.151658	-0.146777	-0.198167	-0.300869	-0.425773	-0.536209	-0.602164	-0.618336	-0.602826	-0.561819	-0.518514	-0.48488	-0.458342	-0.454322	-0.447936	-0.412258	-0.354032	-0.279919	-0.216827	-0.175136	-0.129897	-0.0702054	0	
0	-0.0825301	-0.140462	-0.143746	-0.0846182	0.053954	0.251038	0.488052	0.721569	0.906299	1.01633	1.02978	0.965555	0.849555	0.710171	0.581503	0.469895	0.391207	0.357912	0.37901	0.460609	0.590049	0.727057	0.846301	0.916673	0.942561	0.936117	0.911902	0.891943	0.880605	0.881786	0.896972	0.895661	0.872046	0.83464	0.789045	0.750365	0.72121	0.693457	0.662235	0.625849	0.585986	0.55269	0.527958	0.505774	0.481391	0.463821	0.443991	0.428177	0.419745	0.411052	0.404035	0.404019	0.404346	0.41016	0.431161	0.456737	0.488662	0.533558	0.582638	0.622412	0.64659	0.628523	0.561141	0.428122	0.235701	-0.000932445	-0.250048	-0.460139	-0.606059	-0.6589	-0.624758	-0.52717	-0.39401	-0.25883	-0.142271	-0.0513212	0.00264373	0.00157132	-0.0571692	-0.171317	-0.313059	-0.441898	-0.530161	-0.573687	-0.579841	-0.551835	-0.52373	-0.504991	-0.48787	-0.491192	-0.486971	-0.451106	-0.399123	-0.331264	-0.26243	-0.20528	-0.146099	-0.077617	0	
0	-0.104297	-0.182956	-0.205058	-0.161348	-0.0360255	0.152566	0.383208	0.612915	0.796163	0.903187	0.912107	0.841654	0.710171	0.558031	0.408981	0.281065	0.191756	0.148231	0.167701	0.249779	0.381846	0.529237	0.6654	0.756503	0.806291	0.823114	0.818102	0.815427	0.821577	0.840765	0.866057	0.881045	0.878464	0.857668	0.818154	0.787959	0.761519	0.736673	0.705534	0.670239	0.627737	0.59204	0.563131	0.533395	0.50418	0.483306	0.462967	0.442387	0.429953	0.419017	0.415038	0.418485	0.417678	0.427271	0.454975	0.487594	0.527501	0.580666	0.639983	0.690097	0.725109	0.717709	0.655089	0.529157	0.341507	0.104223	-0.145748	-0.360339	-0.505855	-0.559576	-0.526698	-0.41886	-0.27329	-0.124834	0.00731654	0.109559	0.171875	0.175063	0.113353	-0.00405332	-0.151299	-0.29508	-0.402758	-0.46882	-0.498692	-0.487708	-0.472146	-0.468992	-0.467415	-0.477074	-0.4765	-0.453702	-0.415974	-0.351497	-0.278878	-0.217956	-0.154493	-0.0807613	0	
0	-0.123249	-0.219437	-0.258819	-0.229132	-0.116522	0.062602	0.286384	0.511281	0.692435	0.796312	0.803102	0.723286	0.581503	0.408981	0.238991	0.0886402	-0.0218381	-0.0792719	-0.0713844	0.00317105	0.132719	0.28253	0.427094	0.534726	0.602293	0.636489	0.648293	0.66482	0.689876	0.727484	0.772411	0.803869	0.816747	0.81705	0.804382	0.788572	0.76717	0.746824	0.723077	0.693436	0.655031	0.620084	0.586028	0.550744	0.515908	0.493585	0.469201	0.444916	0.424505	0.409604	0.406687	0.410163	0.407574	0.417209	0.449181	0.486375	0.531777	0.592162	0.657881	0.717104	0.76211	0.763231	0.707253	0.587122	0.405913	0.172053	-0.0800239	-0.294953	-0.439376	-0.49561	-0.461045	-0.345426	-0.185036	-0.0183436	0.131795	0.255411	0.335105	0.348251	0.29424	0.182438	0.0353144	-0.114051	-0.233113	-0.316295	-0.361283	-0.360843	-0.357784	-0.37157	-0.384928	-0.403037	-0.410273	-0.396446	-0.371266	-0.326631	-0.266638	-0.203939	-0.139479	-0.0721779	0	
0	-0.140773	-0.252618	-0.307969	-0.290213	-0.188883	-0.0177003	0.200737	0.421443	0.601994	0.703693	0.709067	0.623088	0.469895	0.281065	0.0886402	-0.0839595	-0.215805	-0.291621	-0.299397	-0.2383	-0.123115	0.0203825	0.162759	0.278025	0.359586	0.407396	0.434474	0.463613	0.501754	0.55385	0.612923	0.660359	0.700991	0.72746	0.737454	0.737662	0.732506	0.72421	0.714497	0.695518	0.665002	0.632178	0.600032	0.562887	0.523941	0.496061	0.46907	0.440357	0.411286	0.388846	0.384025	0.385208	0.379076	0.387483	0.419664	0.460536	0.509976	0.576448	0.646551	0.713906	0.76678	0.775702	0.724806	0.608763	0.433618	0.201521	-0.0514857	-0.267962	-0.411726	-0.46926	-0.43502	-0.310124	-0.134864	0.0493453	0.221473	0.367666	0.467661	0.49692	0.456552	0.360817	0.226545	0.0837634	-0.0367067	-0.128807	-0.182146	-0.190053	-0.194445	-0.214991	-0.236149	-0.257089	-0.270476	-0.275366	-0.272406	-0.245663	-0.199917	-0.151735	-0.102183	-0.050767	0	
0	-0.154266	-0.278346	-0.346698	-0.338855	-0.247919	-0.084207	0.129082	0.345721	0.527429	0.629853	0.63745	0.551958	0.391207	0.191756	-0.0218381	-0.215805	-0.372396	-0.46828	-0.496227	-0.45232	-0.352898	-0.222391	-0.0867804	0.0301273	0.114421	0.168303	0.201605	0.234988	0.28243	0.346852	0.414838	0.476453	0.532376	0.580352	0.619498	0.645498	0.658203	0.666025	0.672306	0.667354	0.654278	0.633949	0.60833	0.569351	0.530631	0.501093	0.474062	0.440689	0.401845	0.371611	0.361643	0.357881	0.346689	0.349569	0.379171	0.417929	0.471025	0.53769	0.610405	0.683084	0.740029	0.757523	0.708985	0.599229	0.429153	0.20048	-0.0509964	-0.269727	-0.413245	-0.475032	-0.443413	-0.314437	-0.128468	0.0714559	0.265116	0.437883	0.561115	0.61181	0.592513	0.516108	0.401365	0.27285	0.15671	0.0685313	0.0193853	0.0119378	0.0115184	-0.00946341	-0.036649	-0.0567652	-0.072654	-0.0897408	-0.104957	-0.105247	-0.0868157	-0.0609918	-0.0382565	-0.0190239	0	
0	-0.164465	-0.298629	-0.375735	-0.375199	-0.291622	-0.130429	0.0778458	0.296928	0.479824	0.586951	0.601937	0.516828	0.357912	0.148231	-0.0792719	-0.291621	-0.46828	-0.583566	-0.627926	-0.603914	-0.523278	-0.410198	-0.288095	-0.177537	-0.0919459	-0.0366978	-0.00228124	0.0306319	0.0786339	0.140026	0.210252	0.277867	0.345174	0.411749	0.476022	0.522221	0.553495	0.578563	0.60429	0.623857	0.630558	0.624033	0.608323	0.581474	0.54675	0.516872	0.490104	0.455212	0.409383	0.369246	0.351503	0.33905	0.321196	0.3163	0.336466	0.37232	0.423255	0.488207	0.561019	0.634227	0.69569	0.71561	0.671184	0.565272	0.396783	0.173518	-0.0790341	-0.298668	-0.443938	-0.511742	-0.481552	-0.351427	-0.158291	0.0567713	0.270991	0.466797	0.613894	0.685994	0.688164	0.638263	0.548251	0.441394	0.34139	0.262801	0.222495	0.222028	0.228512	0.21556	0.197714	0.186149	0.168266	0.13936	0.10656	0.0795921	0.064387	0.0566005	0.0479272	0.0299471	0	
0	-0.167399	-0.304755	-0.383819	-0.386719	-0.303447	-0.145371	0.0648151	0.284745	0.472845	0.588626	0.610855	0.536397	0.37901	0.167701	-0.0713844	-0.299397	-0.496227	-0.627926	-0.692822	-0.684405	-0.6238	-0.527972	-0.421325	-0.317741	-0.237815	-0.184887	-0.152816	-0.126999	-0.0858778	-0.0287117	0.0349204	0.0965582	0.164561	0.241028	0.321081	0.382909	0.433131	0.474336	0.519345	0.555827	0.587212	0.602616	0.609704	0.593629	0.568868	0.545359	0.527395	0.494452	0.444096	0.398401	0.370842	0.349772	0.324087	0.307707	0.315617	0.34207	0.387271	0.444679	0.511887	0.582893	0.640528	0.661101	0.617441	0.51202	0.345469	0.123266	-0.126989	-0.3475	-0.499073	-0.570594	-0.544897	-0.418244	-0.220196	0.00574782	0.239818	0.459944	0.629375	0.725586	0.754057	0.728656	0.665474	0.585802	0.50222	0.439323	0.416224	0.424476	0.441855	0.443249	0.435253	0.431858	0.418538	0.383821	0.332795	0.280133	0.235035	0.190065	0.136972	0.0730818	0	
0	-0.163136	-0.295405	-0.371318	-0.368485	-0.283597	-0.119711	0.0922994	0.318927	0.513709	0.639376	0.674095	0.609912	0.460609	0.249779	0.00317105	-0.2383	-0.45232	-0.603914	-0.684405	-0.698495	-0.654562	-0.581236	-0.489561	-0.397188	-0.321698	-0.271288	-0.242502	-0.226979	-0.193626	-0.151182	-0.101335	-0.047323	0.0119206	0.0856569	0.171889	0.246399	0.305649	0.356719	0.412295	0.471224	0.526016	0.565205	0.591252	0.597671	0.591676	0.582253	0.577074	0.552108	0.508754	0.461518	0.42865	0.399247	0.368879	0.340562	0.334037	0.348683	0.383191	0.428124	0.486506	0.547707	0.597302	0.611797	0.564072	0.457458	0.284932	0.0630882	-0.186552	-0.411178	-0.569181	-0.64867	-0.627508	-0.506856	-0.310976	-0.0739708	0.178145	0.418826	0.612562	0.734507	0.790182	0.79297	0.759339	0.707536	0.644956	0.600227	0.589713	0.605199	0.633233	0.647119	0.650956	0.655493	0.642453	0.602302	0.539438	0.46459	0.385653	0.304109	0.218477	0.117933	0	
0	-0.153993	-0.280955	-0.345	-0.338476	-0.243024	-0.073642	0.145666	0.382635	0.585819	0.727512	0.77602	0.727505	0.590049	0.381846	0.132719	-0.123115	-0.352898	-0.523278	-0.6238	-0.654562	-0.632609	-0.579257	-0.505673	-0.427663	-0.360623	-0.311689	-0.289909	-0.278064	-0.25557	-0.22687	-0.191017	-0.15455	-0.113691	-0.0441782	0.0396196	0.114333	0.177088	0.232313	0.293131	0.364467	0.435987	0.496182	0.546919	0.578785	0.593201	0.604274	0.618901	0.612928	0.583404	0.546214	0.512152	0.483505	0.45123	0.416384	0.397237	0.400766	0.422648	0.453787	0.501331	0.548784	0.587162	0.589027	0.53609	0.421321	0.239843	0.0127588	-0.241145	-0.470855	-0.644507	-0.733201	-0.720611	-0.613016	-0.420812	-0.177475	0.0917455	0.35294	0.569656	0.719891	0.803426	0.834087	0.829866	0.806595	0.768953	0.741874	0.742162	0.763253	0.791064	0.809076	0.821814	0.825318	0.807989	0.765082	0.690376	0.596814	0.493909	0.382948	0.269359	0.143183	0	
0	-0.145507	-0.261665	-0.319231	-0.302768	-0.200814	-0.0251511	0.201943	0.445003	0.659146	0.813927	0.878651	0.848659	0.727057	0.529237	0.28253	0.0203825	-0.222391	-0.410198	-0.527972	-0.581236	-0.579257	-0.548722	-0.496379	-0.432226	-0.372213	-0.32869	-0.306828	-0.302421	-0.290888	-0.27636	-0.255306	-0.236691	-0.209187	-0.155475	-0.0828971	-0.0111175	0.0495057	0.0994447	0.158401	0.231583	0.310955	0.388549	0.459183	0.511269	0.54784	0.584709	0.624475	0.64127	0.638291	0.620036	0.598592	0.57795	0.555164	0.52137	0.498661	0.496192	0.506436	0.528403	0.562589	0.597774	0.619636	0.607171	0.544427	0.417862	0.225141	-0.0131598	-0.270797	-0.510614	-0.700536	-0.801724	-0.802936	-0.711436	-0.532849	-0.287643	-0.00877266	0.266258	0.506071	0.682373	0.79661	0.856949	0.880987	0.888354	0.873264	0.859052	0.864532	0.881043	0.902676	0.920725	0.930388	0.923658	0.899176	0.848807	0.762473	0.658286	0.540809	0.411704	0.283711	0.147844	0	
0	-0.142364	-0.255704	-0.309752	-0.290321	-0.184826	-0.00576621	0.226528	0.475795	0.701302	0.870671	0.95489	0.947797	0.846301	0.6654	0.427094	0.162759	-0.0867804	-0.288095	-0.421325	-0.489561	-0.505673	-0.496379	-0.461078	-0.415508	-0.367788	-0.327267	-0.311444	-0.310773	-0.305843	-0.303229	-0.296982	-0.294709	-0.287464	-0.248928	-0.188859	-0.123962	-0.0700088	-0.0275841	0.0190088	0.0864863	0.167986	0.251697	0.329635	0.398143	0.455585	0.51468	0.574704	0.618667	0.646577	0.656577	0.654192	0.652881	0.646314	0.62449	0.609207	0.606307	0.613534	0.62951	0.657702	0.682186	0.691317	0.666855	0.593844	0.458374	0.253497	0.00437801	-0.259584	-0.511183	-0.719521	-0.837511	-0.857219	-0.788229	-0.626417	-0.38672	-0.103075	0.18311	0.439902	0.641928	0.780136	0.862735	0.912112	0.940232	0.945823	0.944009	0.944871	0.952277	0.96016	0.963813	0.963138	0.940716	0.902632	0.848724	0.760072	0.649646	0.523755	0.389478	0.263535	0.13576	0	
0	-0.144262	-0.260134	-0.315346	-0.298286	-0.194152	-0.0164686	0.215132	0.466423	0.697732	0.877428	0.979886	0.993032	0.916673	0.756503	0.534726	0.278025	0.0301273	-0.177537	-0.317741	-0.397188	-0.427663	-0.432226	-0.415508	-0.385026	-0.345415	-0.310282	-0.296319	-0.295228	-0.300551	-0.309812	-0.317125	-0.333016	-0.341495	-0.32041	-0.275667	-0.219993	-0.175558	-0.144787	-0.108109	-0.0526703	0.0148874	0.0949369	0.177222	0.253027	0.316355	0.389827	0.466808	0.53444	0.590542	0.63024	0.655499	0.680005	0.697115	0.698717	0.702051	0.710417	0.721783	0.742603	0.769789	0.789574	0.790792	0.75574	0.674651	0.530236	0.316117	0.0574269	-0.212655	-0.47357	-0.69518	-0.828598	-0.866701	-0.818478	-0.677051	-0.446937	-0.166939	0.120736	0.390563	0.607901	0.76197	0.863009	0.925605	0.967436	0.986723	0.982372	0.970271	0.960013	0.944401	0.929963	0.913997	0.875755	0.8289	0.772119	0.686651	0.583823	0.462742	0.332912	0.217847	0.109635	0	
0	-0.149923	-0.268645	-0.331535	-0.317679	-0.220167	-0.0486192	0.179726	0.426105	0.660669	0.845998	0.962891	0.995729	0.942561	0.806291	0.602293	0.359586	0.114421	-0.0919459	-0.237815	-0.321698	-0.360623	-0.372213	-0.367788	-0.345415	-0.312226	-0.280317	-0.263517	-0.263449	-0.274019	-0.291321	-0.311717	-0.345436	-0.368452	-0.368325	-0.339248	-0.297782	-0.260456	-0.238505	-0.215014	-0.1809	-0.122578	-0.0505293	0.0235765	0.0913618	0.159609	0.239347	0.321934	0.401228	0.479473	0.546368	0.599354	0.650424	0.693497	0.72524	0.755965	0.783228	0.808172	0.841942	0.874462	0.897651	0.895795	0.85689	0.769659	0.620283	0.403058	0.137895	-0.135139	-0.401348	-0.629905	-0.775266	-0.830809	-0.801557	-0.678048	-0.461445	-0.19035	0.0974715	0.373765	0.599718	0.761843	0.866915	0.930362	0.971709	0.987418	0.970405	0.935495	0.897252	0.856336	0.8203	0.783624	0.733102	0.685948	0.638193	0.566482	0.476131	0.371895	0.262414	0.162395	0.0745052	0	
0	-0.156281	-0.280379	-0.351018	-0.342031	-0.253573	-0.0880915	0.13298	0.37273	0.607345	0.793497	0.921352	0.970173	0.936117	0.823114	0.636489	0.407396	0.168303	-0.0366978	-0.184887	-0.271288	-0.311689	-0.32869	-0.327267	-0.310282	-0.280317	-0.245998	-0.221649	-0.216897	-0.223662	-0.243757	-0.276407	-0.322917	-0.362347	-0.384408	-0.373399	-0.345683	-0.319046	-0.307516	-0.296477	-0.277412	-0.235698	-0.181094	-0.117489	-0.0553128	0.00684194	0.0792124	0.15864	0.242528	0.330193	0.413567	0.490232	0.563257	0.631312	0.693172	0.757577	0.808994	0.85862	0.911491	0.959378	0.993472	0.99698	0.96148	0.869821	0.721537	0.502836	0.236329	-0.0396796	-0.308728	-0.536291	-0.6915	-0.759958	-0.744047	-0.633974	-0.430559	-0.170179	0.115418	0.393066	0.620566	0.779275	0.876939	0.930064	0.955553	0.954151	0.915527	0.848818	0.776673	0.708844	0.646739	0.588538	0.534445	0.493292	0.458714	0.413933	0.351707	0.268622	0.178386	0.102208	0.0444305	0	
0	-0.160457	-0.291638	-0.365066	-0.364502	-0.28163	-0.123366	0.0875459	0.323039	0.549554	0.736653	0.869213	0.928399	0.911902	0.818102	0.648293	0.434474	0.201605	-0.00228124	-0.152816	-0.242502	-0.289909	-0.306828	-0.311444	-0.296319	-0.263517	-0.221649	-0.186188	-0.164282	-0.161952	-0.178922	-0.216395	-0.269565	-0.324184	-0.362	-0.368393	-0.359015	-0.347712	-0.34589	-0.347299	-0.346183	-0.322303	-0.283364	-0.231645	-0.184856	-0.132972	-0.0702558	0.00219196	0.0776867	0.161366	0.253115	0.343859	0.432432	0.516237	0.60781	0.7019	0.784031	0.863182	0.941946	1.01377	1.06555	1.08578	1.05771	0.969431	0.824078	0.608888	0.345355	0.0662724	-0.199673	-0.422922	-0.58205	-0.660207	-0.653523	-0.553583	-0.366686	-0.120101	0.15717	0.430945	0.652136	0.799215	0.885215	0.919379	0.922881	0.898532	0.829253	0.729498	0.62481	0.527123	0.438101	0.361571	0.307774	0.278515	0.263016	0.243432	0.206673	0.153443	0.0940953	0.0420593	0.0103557	0	
0	-0.163993	-0.297586	-0.376591	-0.379584	-0.304272	-0.152378	0.0497626	0.278489	0.498627	0.685308	0.821449	0.891251	0.891943	0.815427	0.66482	0.463613	0.234988	0.0306319	-0.126999	-0.226979	-0.278064	-0.302421	-0.310773	-0.295228	-0.263449	-0.216897	-0.164282	-0.128744	-0.108106	-0.110367	-0.141539	-0.19332	-0.252391	-0.301555	-0.325337	-0.335732	-0.33785	-0.343329	-0.358411	-0.374988	-0.371578	-0.350543	-0.316419	-0.282569	-0.241473	-0.191947	-0.131729	-0.0705243	0.00349243	0.090717	0.186796	0.277554	0.371081	0.478891	0.59559	0.705783	0.814148	0.921755	1.02051	1.09978	1.14425	1.13457	1.05891	0.924682	0.721046	0.4668	0.190034	-0.0702354	-0.286285	-0.449131	-0.536142	-0.540335	-0.45443	-0.287661	-0.0628902	0.201984	0.464781	0.671858	0.806247	0.872638	0.885667	0.868244	0.814478	0.721563	0.60006	0.467729	0.350619	0.241187	0.143643	0.0869717	0.0671685	0.0665172	0.0675004	0.0559337	0.0340195	0.00505206	-0.0217622	-0.0248619	0	
0	-0.166379	-0.302843	-0.384172	-0.391319	-0.318946	-0.173028	0.0247458	0.247563	0.463358	0.649593	0.78724	0.867069	0.880605	0.821577	0.689876	0.501754	0.28243	0.0786339	-0.0858778	-0.193626	-0.25557	-0.290888	-0.305843	-0.300551	-0.274019	-0.223662	-0.161952	-0.108106	-0.061235	-0.0463797	-0.0636044	-0.105986	-0.164408	-0.216092	-0.24694	-0.267441	-0.277672	-0.296003	-0.325249	-0.354833	-0.369912	-0.372469	-0.357959	-0.338901	-0.314068	-0.279856	-0.232471	-0.186471	-0.131198	-0.0547651	0.0355031	0.121702	0.21422	0.325149	0.453561	0.584716	0.718895	0.85225	0.980852	1.09236	1.16842	1.18586	1.13382	1.01789	0.833614	0.594436	0.325696	0.0760582	-0.134543	-0.296112	-0.391208	-0.408497	-0.33897	-0.202192	-0.00554217	0.234231	0.470743	0.65684	0.769127	0.814912	0.813238	0.778965	0.709655	0.607437	0.477078	0.335944	0.204759	0.0741515	-0.0372741	-0.0968761	-0.112728	-0.104911	-0.0920683	-0.0829719	-0.0811494	-0.088339	-0.0842288	-0.0516215	0	
0	-0.162198	-0.297666	-0.374706	-0.383468	-0.311628	-0.168791	0.0224379	0.24085	0.449236	0.633003	0.770211	0.857239	0.881786	0.840765	0.727484	0.55385	0.346852	0.140026	-0.0287117	-0.151182	-0.22687	-0.27636	-0.303229	-0.309812	-0.291321	-0.243757	-0.178922	-0.110367	-0.0463797	-0.0132503	-0.0133938	-0.039851	-0.0884656	-0.128415	-0.160091	-0.184726	-0.205136	-0.224948	-0.255072	-0.29139	-0.329398	-0.351258	-0.35631	-0.35576	-0.349775	-0.32863	-0.293799	-0.265834	-0.228239	-0.165064	-0.0861316	-0.00852771	0.0766423	0.180154	0.307054	0.448705	0.597788	0.747909	0.901525	1.04189	1.15025	1.20051	1.18003	1.093	0.935949	0.721308	0.473694	0.238419	0.0371133	-0.121966	-0.226292	-0.260372	-0.221909	-0.1238	0.0331918	0.23135	0.433316	0.590627	0.680867	0.712488	0.701335	0.661769	0.588511	0.487393	0.365393	0.230463	0.0952986	-0.0443191	-0.163239	-0.227286	-0.241105	-0.230439	-0.216783	-0.19812	-0.175218	-0.154733	-0.124777	-0.0724707	0	
0	-0.159116	-0.289875	-0.365974	-0.372011	-0.300257	-0.159007	0.0302433	0.2447	0.449487	0.630421	0.769426	0.858205	0.896972	0.866057	0.772411	0.612923	0.414838	0.210252	0.0349204	-0.101335	-0.191017	-0.255306	-0.296982	-0.317125	-0.311717	-0.276407	-0.216395	-0.141539	-0.0636044	-0.0133938	0.0102166	-0.00388808	-0.0395693	-0.0702576	-0.0966112	-0.11909	-0.131541	-0.146109	-0.173999	-0.212583	-0.25735	-0.292419	-0.318731	-0.335097	-0.347143	-0.341475	-0.324152	-0.311732	-0.290148	-0.24448	-0.180489	-0.111773	-0.0350439	0.0538752	0.170955	0.314946	0.467001	0.628049	0.797607	0.962835	1.10112	1.18565	1.20532	1.15281	1.03055	0.847934	0.628986	0.412985	0.218154	0.0598338	-0.053952	-0.114907	-0.11705	-0.0643126	0.0423425	0.191482	0.350624	0.474881	0.547249	0.568814	0.55482	0.520664	0.455927	0.368415	0.26928	0.155113	0.0231809	-0.117955	-0.235722	-0.305179	-0.320304	-0.304577	-0.286706	-0.256547	-0.217	-0.1825	-0.140386	-0.0789576	0	
0	-0.157679	-0.286303	-0.36226	-0.367776	-0.296028	-0.158894	0.0314944	0.237391	0.443152	0.618223	0.757128	0.851573	0.895661	0.881045	0.803869	0.660359	0.476453	0.277867	0.0965582	-0.047323	-0.15455	-0.236691	-0.294709	-0.333016	-0.345436	-0.322917	-0.269565	-0.19332	-0.105986	-0.039851	-0.00388808	-0.0106752	-0.0300687	-0.0506115	-0.0676899	-0.0813178	-0.0878306	-0.10146	-0.115432	-0.142445	-0.183063	-0.226254	-0.262977	-0.293811	-0.323992	-0.333027	-0.331755	-0.334442	-0.331814	-0.304521	-0.256416	-0.19518	-0.126409	-0.0529516	0.055675	0.193281	0.344527	0.509001	0.688202	0.871273	1.03146	1.15113	1.20935	1.19717	1.11304	0.96654	0.785154	0.589832	0.401581	0.243373	0.116222	0.0219902	-0.0290774	-0.0305897	0.0200605	0.112256	0.221548	0.315649	0.373628	0.393096	0.389449	0.369755	0.324986	0.262871	0.191547	0.100594	-0.0217861	-0.157256	-0.269456	-0.334079	-0.339448	-0.318193	-0.297726	-0.258113	-0.210129	-0.168146	-0.116502	-0.0580831	0	
0	-0.160453	-0.291943	-0.371238	-0.380183	-0.312699	-0.179823	0.0059257	0.206533	0.409235	0.580023	0.720395	0.819429	0.872046	0.878464	0.816747	0.700991	0.532376	0.345174	0.164561	0.0119206	-0.113691	-0.209187	-0.287464	-0.341495	-0.368452	-0.362347	-0.324184	-0.252391	-0.164408	-0.0884656	-0.0395693	-0.0300687	-0.038742	-0.0548798	-0.0632014	-0.0723464	-0.0788797	-0.0849516	-0.0799574	-0.0951206	-0.122976	-0.164502	-0.202082	-0.243224	-0.279864	-0.302142	-0.317694	-0.336881	-0.351059	-0.344529	-0.318368	-0.26661	-0.208863	-0.145984	-0.0477099	0.0803876	0.228077	0.393217	0.578159	0.770398	0.948116	1.09724	1.19168	1.22126	1.17632	1.07042	0.930016	0.75858	0.579552	0.419446	0.275847	0.14433	0.0374539	-0.0216432	-0.0308787	-1.65395e-05	0.063772	0.130309	0.179564	0.209154	0.21863	0.217908	0.200775	0.163582	0.121585	0.0606346	-0.0424706	-0.160475	-0.255331	-0.3099	-0.313324	-0.288471	-0.257198	-0.213035	-0.164782	-0.115622	-0.0667255	-0.0307047	0	
0	-0.166294	-0.304665	-0.390072	-0.404934	-0.346148	-0.215979	-0.0404454	0.15968	0.355205	0.526162	0.667013	0.770798	0.83464	0.857668	0.81705	0.72746	0.580352	0.411749	0.241028	0.0856569	-0.0441782	-0.155475	-0.248928	-0.32041	-0.368325	-0.384408	-0.362	-0.301555	-0.216092	-0.128415	-0.0702576	-0.0506115	-0.0548798	-0.0616973	-0.0667966	-0.0724721	-0.0784446	-0.0740843	-0.0661683	-0.0685259	-0.0803758	-0.108291	-0.140675	-0.181922	-0.220306	-0.252625	-0.276112	-0.307328	-0.336395	-0.357124	-0.353714	-0.319072	-0.277866	-0.22628	-0.141417	-0.0257298	0.116364	0.280829	0.469609	0.665169	0.85749	1.02871	1.15236	1.22081	1.20978	1.14377	1.0387	0.89063	0.724591	0.560189	0.403038	0.237998	0.0835602	-0.0241843	-0.0894056	-0.110722	-0.0885848	-0.0499844	-0.00834437	0.0254273	0.0463771	0.0657572	0.0753574	0.0725489	0.0657488	0.0359546	-0.0350997	-0.12703	-0.20449	-0.246474	-0.247048	-0.220921	-0.185782	-0.143901	-0.0976718	-0.051886	-0.019103	-0.00660297	0	
0	-0.169221	-0.311376	-0.399922	-0.420072	-0.365833	-0.240908	-0.0731316	0.123686	0.309124	0.477129	0.613368	0.714163	0.789045	0.818154	0.804382	0.737454	0.619498	0.476022	0.321081	0.171889	0.0396196	-0.0828971	-0.188859	-0.275667	-0.339248	-0.373399	-0.368393	-0.325337	-0.24694	-0.160091	-0.0966112	-0.0676899	-0.0632014	-0.0667966	-0.0662762	-0.0674598	-0.0728308	-0.0734313	-0.0659041	-0.0518856	-0.0468945	-0.0611423	-0.0882552	-0.122569	-0.158187	-0.186739	-0.212618	-0.248722	-0.2894	-0.328857	-0.345286	-0.336591	-0.315555	-0.27706	-0.20826	-0.108017	0.0238075	0.188961	0.376104	0.573112	0.77442	0.953822	1.09726	1.18578	1.19972	1.16064	1.07517	0.951543	0.798323	0.637829	0.47651	0.291836	0.114341	-0.0289848	-0.137927	-0.19916	-0.214591	-0.201911	-0.171505	-0.137387	-0.106399	-0.07035	-0.0346528	-0.00422854	0.0197042	0.0223062	-0.00894943	-0.066347	-0.121478	-0.152011	-0.153889	-0.134675	-0.106792	-0.0740072	-0.038108	-0.00337896	0.0225078	0.0239423	0	
0	-0.167093	-0.307845	-0.395686	-0.41791	-0.364441	-0.246163	-0.0801201	0.107667	0.288433	0.449979	0.577652	0.678898	0.750365	0.787959	0.788572	0.737662	0.645498	0.522221	0.382909	0.246399	0.114333	-0.0111175	-0.123962	-0.219993	-0.297782	-0.345683	-0.359015	-0.335732	-0.267441	-0.184726	-0.11909	-0.0813178	-0.0723464	-0.0724721	-0.0674598	-0.0705345	-0.0788255	-0.0800391	-0.0679527	-0.0474921	-0.0326336	-0.0344906	-0.0486948	-0.0731274	-0.0998144	-0.122704	-0.143686	-0.174005	-0.213736	-0.258623	-0.29059	-0.305761	-0.303264	-0.279659	-0.229726	-0.150754	-0.0310782	0.128046	0.309667	0.507572	0.708854	0.89075	1.03653	1.12939	1.15412	1.1184	1.03726	0.922743	0.779889	0.628052	0.465153	0.284159	0.108855	-0.0490718	-0.175655	-0.258536	-0.297707	-0.302438	-0.287295	-0.259585	-0.221817	-0.174956	-0.119212	-0.0561037	-0.00388061	0.0277534	0.0382035	0.0149636	-0.0242249	-0.0523192	-0.0649933	-0.057936	-0.0382202	-0.0173545	0.00734625	0.0354271	0.0510661	0.0376129	0	
0	-0.165831	-0.303276	-0.392695	-0.412528	-0.361567	-0.244114	-0.0797226	0.103341	0.282351	0.435638	0.559483	0.653233	0.72121	0.761519	0.76717	0.732506	0.658203	0.553495	0.433131	0.305649	0.177088	0.0495057	-0.0700088	-0.175558	-0.260456	-0.319046	-0.347712	-0.33785	-0.277672	-0.205136	-0.131541	-0.0878306	-0.0788797	-0.0784446	-0.0728308	-0.0788255	-0.0831586	-0.0881382	-0.0830468	-0.0637671	-0.0384886	-0.0251082	-0.0257102	-0.0413927	-0.0637148	-0.0797645	-0.0884457	-0.107288	-0.139685	-0.179098	-0.212783	-0.240843	-0.249348	-0.238509	-0.203617	-0.141719	-0.0358117	0.111743	0.28664	0.482761	0.679667	0.855012	0.988344	1.06911	1.08209	1.02847	0.928026	0.804312	0.667012	0.521339	0.367289	0.21052	0.0586619	-0.0870754	-0.210875	-0.299106	-0.34571	-0.363544	-0.362082	-0.336366	-0.291701	-0.230069	-0.150097	-0.0634942	0.00863467	0.0660773	0.102701	0.097732	0.0676659	0.0321772	0.00214054	-0.00553732	0.00305835	0.0199877	0.0419232	0.0569934	0.0579328	0.0384723	0	
0	-0.164569	-0.303644	-0.39126	-0.414641	-0.363851	-0.249656	-0.0868143	0.0933447	0.270177	0.419816	0.53912	0.63009	0.693457	0.736673	0.746824	0.72421	0.666025	0.578563	0.474336	0.356719	0.232313	0.0994447	-0.0275841	-0.144787	-0.238505	-0.307516	-0.34589	-0.343329	-0.296003	-0.224948	-0.146109	-0.10146	-0.0849516	-0.0740843	-0.0734313	-0.0800391	-0.0881382	-0.105126	-0.110032	-0.0911213	-0.0607187	-0.0360498	-0.0261269	-0.035087	-0.0506782	-0.0553436	-0.0541259	-0.0657035	-0.0862446	-0.106804	-0.132672	-0.15994	-0.170425	-0.163244	-0.133233	-0.0813085	0.0117765	0.141049	0.307479	0.493584	0.67905	0.838706	0.948429	1.005	0.990202	0.905381	0.771737	0.626882	0.486327	0.344984	0.205944	0.0814892	-0.0345964	-0.15313	-0.258681	-0.335882	-0.378112	-0.398913	-0.400519	-0.371955	-0.314826	-0.230043	-0.127734	-0.0254565	0.0623106	0.132707	0.178177	0.183383	0.148163	0.0904579	0.049208	0.0318817	0.0186666	0.0242129	0.044693	0.0541456	0.0530742	0.036919	0	
0	-0.165835	-0.30862	-0.396845	-0.425562	-0.376862	-0.265988	-0.10734	0.0729878	0.245318	0.393902	0.511128	0.59707	0.662235	0.705534	0.723077	0.714497	0.672306	0.60429	0.519345	0.412295	0.293131	0.158401	0.0190088	-0.108109	-0.215014	-0.296477	-0.347299	-0.358411	-0.325249	-0.255072	-0.173999	-0.115432	-0.0799574	-0.0661683	-0.0659041	-0.0679527	-0.0830468	-0.110032	-0.121806	-0.113891	-0.0919681	-0.0638308	-0.0444844	-0.0406357	-0.048752	-0.0479131	-0.044137	-0.0451817	-0.049096	-0.0529712	-0.0681435	-0.0814146	-0.083311	-0.0705857	-0.0360642	0.0203998	0.102326	0.216176	0.36712	0.533482	0.697443	0.827481	0.906728	0.925835	0.87502	0.754446	0.585679	0.417659	0.267504	0.130705	0.0117384	-0.0799814	-0.160137	-0.242771	-0.320424	-0.375595	-0.40141	-0.41579	-0.408267	-0.369402	-0.297904	-0.188252	-0.0700481	0.0375969	0.13498	0.211939	0.258539	0.266696	0.22558	0.149539	0.0852372	0.0427437	0.0155714	0.016823	0.0244166	0.0221882	0.0229014	0.0175684	0	
0	-0.168588	-0.312439	-0.406172	-0.437195	-0.394142	-0.287473	-0.131629	0.0453048	0.216144	0.363983	0.477523	0.563431	0.625849	0.670239	0.693436	0.695518	0.667354	0.623857	0.555827	0.471224	0.364467	0.231583	0.0864863	-0.0526703	-0.1809	-0.277412	-0.346183	-0.374988	-0.354833	-0.29139	-0.212583	-0.142445	-0.0951206	-0.0685259	-0.0518856	-0.0474921	-0.0637671	-0.0911213	-0.113891	-0.128473	-0.117114	-0.0906879	-0.062552	-0.0556114	-0.0600679	-0.0566368	-0.0425868	-0.0332165	-0.0258451	-0.0185816	-0.0153996	-0.00520059	0.00405662	0.0261011	0.0766452	0.146471	0.225373	0.326962	0.456708	0.595199	0.721876	0.813512	0.849668	0.824541	0.733986	0.578558	0.386169	0.196926	0.0354892	-0.0960486	-0.194938	-0.260105	-0.308344	-0.352471	-0.391651	-0.409784	-0.411184	-0.40555	-0.38052	-0.335156	-0.251123	-0.128686	-0.00675936	0.103771	0.203814	0.287552	0.337849	0.337523	0.289418	0.208749	0.126251	0.0592809	0.0142006	-0.00285721	-0.0108442	-0.0188335	-0.0225757	-0.0196391	0	
0	-0.171341	-0.315593	-0.415559	-0.446731	-0.411404	-0.305335	-0.154936	0.0207985	0.189604	0.333994	0.445844	0.525848	0.585986	0.627737	0.655031	0.665002	0.654278	0.630558	0.587212	0.526016	0.435987	0.310955	0.167986	0.0148874	-0.122578	-0.235698	-0.322303	-0.371578	-0.369912	-0.329398	-0.25735	-0.183063	-0.122976	-0.0803758	-0.0468945	-0.0326336	-0.0384886	-0.0607187	-0.0919681	-0.117114	-0.117843	-0.1014	-0.0799599	-0.0738819	-0.0744588	-0.0670638	-0.0496148	-0.0364933	-0.0163883	0.00314031	0.0314243	0.0620155	0.0864458	0.123351	0.194805	0.280309	0.363596	0.459594	0.566992	0.669581	0.751836	0.794415	0.778824	0.704845	0.569068	0.386552	0.178174	-0.0243142	-0.193437	-0.320097	-0.398061	-0.443451	-0.465829	-0.471319	-0.46468	-0.439944	-0.407569	-0.372391	-0.329395	-0.271507	-0.182037	-0.0647282	0.0567979	0.161087	0.252836	0.342232	0.393534	0.387462	0.341857	0.262387	0.170156	0.0886888	0.0252383	-0.0138235	-0.0376227	-0.0534005	-0.0575399	-0.041911	0	
