0	0	0	0	0	0	0	0	0	0	0	0	0	0	0	0	0	0	0	0	0	0	0	0	0	0	0	0	0	0	0	0	0	0	0	0	0	0	0	0	0	0	0	0	0	0	0	0	0	0	0	0	0	0	0	0	0	0	0	0	0	0	0	0	0	0	0	0	0	0	0	0	0	0	0	0	0	0	0	0	0	0	0	0	0	0	0	0	0	0	0	0	0	0	0	0	0	0	0	0	
0	0.000735578	0.00133153	0.0020461	0.000630581	0.000836272	-0.000335503	-0.00175411	-0.00210323	-0.000633228	-0.000822711	-0.00123089	0.00343683	-0.000119711	-0.00329679	0.000960038	-0.000448943	0.00233119	0.000761835	-0.000203836	-0.000419081	0.00133204	0.00116482	-0.00119838	0.00193627	0.000165693	-0.00115852	0.00128045	0.00128323	-0.00139838	-3.23794e-05	0.0021277	-0.000992554	-0.000183514	0.000156519	0.00183175	-0.000528708	-0.00145833	0.00130553	0.0021313	-0.0013088	-0.00292874	0.00202518	0.000699433	-0.00467093	-0.00658823	-0.00795195	-0.0110704	-0.0207333	-0.0332618	-0.0453008	-0.0529807	-0.0538143	-0.0573736	-0.0509153	-0.0274463	0.0127738	0.0532458	0.0837668	0.0971473	0.0946685	0.0822696	0.0681874	0.0603892	0.0484568	0.0206505	-0.0186104	-0.0534673	-0.0797189	-0.0893184	-0.0852331	-0.0749091	-0.0436415	3.84701e-05	0.0353717	0.0555625	0.0632915	0.0730264	0.0880918	0.0982909	0.0931533	0.0713172	0.0383405	-0.00437551	-0.0405036	-0.0534526	-0.0552555	-0.0546028	-0.0482444	-0.0395196	-0.0285007	-0.0157619	-0.0079825	-0.00661299	-0.00726922	-0.00313276	0.0036198	0.000567393	-0.00584691	0	
0	0.00133153	-0.0058482	0.000313346	-0.00282903	-0.00135234	0.00129057	0.00216868	0.00220641	0.00181141	0.00138656	-0.00120361	-0.00161918	-0.00227727	0.00293382	0.00278974	-0.00363065	-0.00310399	0.000649684	-0.00283498	0.000449686	-0.00102956	-0.000743901	-0.00476761	0.00245903	-0.0011628	-0.0034787	0.000256648	0.000848318	-0.00434472	-0.00073258	0.00167146	-0.00307185	-0.00229412	-0.00135707	0.00174643	-0.0038048	-0.00348422	-0.00125595	0.0034473	-0.00655089	-0.00574451	0.000766377	-0.000188969	-0.0099269	-0.0142608	-0.0148297	-0.0222701	-0.0404406	-0.062791	-0.0896033	-0.100448	-0.106907	-0.113076	-0.0989361	-0.0574353	0.024893	0.102004	0.161182	0.192367	0.18697	0.164669	0.141941	0.12401	0.0978204	0.0437322	-0.0391297	-0.112331	-0.159595	-0.177597	-0.170233	-0.142776	-0.0808413	-0.0048843	0.0628543	0.11163	0.132053	0.148707	0.17534	0.193722	0.183361	0.141867	0.076349	-0.0096514	-0.0807874	-0.106144	-0.110157	-0.109003	-0.0963065	-0.0784272	-0.0563604	-0.0317546	-0.0165163	-0.0131662	-0.0139228	-0.00614534	0.00640626	0.000971574	-0.0106971	0	
0	0.0020461	0.000313346	0.00360586	0.000584947	0.000540987	-0.000127921	-0.00274582	-0.00232787	-0.00123058	-0.000733971	-0.00125254	0.0041586	-0.000266428	-0.00397865	0.000924386	-0.00130638	0.00252532	0.00197105	-0.000542641	-0.00131872	0.000652396	0.00141847	-0.00198406	0.00301586	-0.000758117	-0.00344722	0.00261288	0.00171782	-0.00412077	-0.000103559	0.00335593	-0.00277518	-0.00160941	0.00010376	0.00284785	-0.00240325	-0.0040084	0.00191223	0.00418821	-0.00535406	-0.00701952	0.0033282	-0.000229077	-0.0135014	-0.0193655	-0.0230086	-0.0345663	-0.0618082	-0.0966547	-0.133095	-0.153114	-0.162332	-0.169654	-0.150035	-0.0814545	0.0354996	0.151439	0.241843	0.284337	0.280569	0.247493	0.210529	0.184896	0.144525	0.0627304	-0.0544597	-0.160766	-0.235137	-0.265211	-0.255454	-0.21646	-0.124643	-0.00291223	0.102221	0.167172	0.195196	0.22315	0.262405	0.28888	0.273101	0.208127	0.108409	-0.0147957	-0.117173	-0.159048	-0.166548	-0.161747	-0.142521	-0.116767	-0.0839022	-0.0479801	-0.0256237	-0.0196375	-0.0196128	-0.00894172	0.00769933	0.00107691	-0.0137137	0	
0	0.000630581	-0.00282903	0.000584947	-0.00123633	-0.000907408	0.00136681	0.000535949	-0.000813363	0.00187759	-0.00103884	-0.00246814	0.00158315	-0.00266936	0.00090267	0.00244915	-0.00299042	-0.000251159	-3.23332e-05	-0.00330098	0.00088794	0.00165329	-0.000399159	-0.00561098	0.00348632	-0.000661705	-0.00320821	0.00087243	0.00102622	-0.00485333	7.01201e-05	0.00209212	-0.003561	-0.00239817	-0.000616102	0.00195514	-0.00410624	-0.00449537	0.000394182	0.0036309	-0.0082529	-0.00750569	0.00143112	-0.0021872	-0.0177909	-0.0248765	-0.0303306	-0.0475812	-0.0812979	-0.127054	-0.172294	-0.200741	-0.21515	-0.224751	-0.196786	-0.106781	0.0425931	0.194001	0.311125	0.371616	0.36998	0.331641	0.287073	0.249876	0.193505	0.0820305	-0.0716971	-0.213053	-0.311762	-0.349234	-0.336195	-0.280042	-0.159359	-0.00677514	0.130203	0.222223	0.26549	0.303087	0.351246	0.378538	0.35256	0.269283	0.140376	-0.0198991	-0.153492	-0.211552	-0.221615	-0.212909	-0.188057	-0.153811	-0.109964	-0.0646076	-0.0359498	-0.0260686	-0.0238618	-0.0113731	0.00697915	0.00074398	-0.0143241	0	
0	0.000836272	-0.00135234	0.000540987	-0.000907408	-0.000444666	-0.000208618	-0.000299328	0.00184126	0.000174953	0.000896382	0.00127003	-0.00112705	-0.00218577	-1.21152e-06	-0.000487067	-0.00174468	-0.00192909	0.000172611	-0.00100278	-0.00139402	-0.0033741	-0.00115985	-0.00140839	0.000765466	-0.00275932	-0.00399399	0.00113243	-0.000748049	-0.00466227	-0.000623322	0.000391961	-0.00377451	-0.00297054	-0.00105489	3.54343e-05	-0.00458522	-0.00486726	-0.000480432	0.00124392	-0.00915417	-0.00790269	-0.000613628	-0.00589363	-0.0210523	-0.0300308	-0.0386914	-0.0612547	-0.102572	-0.155404	-0.210984	-0.245627	-0.269188	-0.277652	-0.241057	-0.129822	0.048198	0.230768	0.375135	0.451556	0.457098	0.414604	0.363915	0.31654	0.238798	0.102971	-0.0835361	-0.26123	-0.380641	-0.431858	-0.419687	-0.341581	-0.192648	-0.0067104	0.163078	0.276796	0.336541	0.383705	0.434567	0.463733	0.432357	0.325835	0.161711	-0.0282928	-0.184195	-0.260856	-0.277308	-0.263571	-0.231581	-0.188449	-0.134807	-0.082008	-0.047388	-0.0323578	-0.0266316	-0.0134172	0.00411989	-7.84263e-05	-0.0123905	0	
0	-0.000335503	0.00129057	-0.000127921	0.00136681	-0.000208618	0.000138605	-0.00130708	-0.00307793	-0.00173264	-0.00244443	-0.00185095	0.00151367	0.0013603	0.000472756	-0.00136863	0.000822455	0.00191362	-0.000129616	7.0953e-05	-0.000559701	0.00276229	-4.1624e-05	-0.000973698	-0.000425974	0.000388859	-0.00109014	0.000217564	-0.000610419	-0.00242256	0.000497297	-0.000983874	-0.00138625	-0.00241341	0.000655316	-0.0014688	-0.00152133	-0.00382724	0.00156301	-0.00057715	-0.00556887	-0.00559054	-0.00107347	-0.00740742	-0.0217502	-0.0322043	-0.0462856	-0.075866	-0.122196	-0.185838	-0.245868	-0.293882	-0.324107	-0.331194	-0.285897	-0.150659	0.0489471	0.262412	0.433416	0.527384	0.542455	0.501447	0.443112	0.380822	0.283307	0.117704	-0.0965696	-0.301075	-0.445222	-0.508558	-0.492482	-0.397911	-0.226544	-0.0081312	0.195181	0.331604	0.407711	0.466766	0.522499	0.545175	0.498046	0.370724	0.180987	-0.0338556	-0.213794	-0.310748	-0.331378	-0.311351	-0.273232	-0.221303	-0.158387	-0.0997359	-0.0597351	-0.0387264	-0.0281646	-0.015002	-0.000569169	-0.00139936	-0.00831117	0	
0	-0.00175411	0.00216868	-0.00274582	0.000535949	-0.000299328	-0.00130708	0.00226953	0.000193965	0.00206887	0.00136168	-1.19246e-05	-0.00159997	-0.00298492	-0.00143735	-0.00205844	-0.000728102	-0.00240178	-0.0035553	-0.000440886	-0.00253904	-0.00225258	-0.00259616	-0.00118619	-0.00224402	-0.00180412	-0.000965486	-0.00293219	-0.00167903	-0.00203082	-0.00105445	-0.00368455	-0.00136685	-0.00320715	-0.00155652	-0.00432465	-0.00257119	-0.00440725	-0.00239365	-0.00524973	-0.0064343	-0.00714572	-0.00723939	-0.0138354	-0.0250205	-0.0380409	-0.0566736	-0.0918571	-0.142283	-0.211228	-0.276473	-0.335741	-0.372475	-0.379032	-0.320925	-0.170112	0.0462621	0.284857	0.476283	0.591061	0.619518	0.584567	0.525785	0.449856	0.328794	0.137647	-0.103648	-0.339684	-0.506241	-0.581981	-0.563795	-0.447533	-0.249823	-0.00494734	0.222276	0.382565	0.483166	0.552988	0.605136	0.618602	0.55861	0.409856	0.191824	-0.044578	-0.241127	-0.35464	-0.382055	-0.359506	-0.314204	-0.250775	-0.179847	-0.118018	-0.0731334	-0.0452084	-0.0287582	-0.0161678	-0.00643095	-0.00314235	-0.0029851	0	
0	-0.00210323	0.00220641	-0.00232787	-0.000813363	0.00184126	-0.00307793	0.000193965	0.00113896	-0.00391751	0.000652795	-1.68048e-05	-0.00250441	0.00256748	0.0001016	-0.000702224	0.00176603	-0.00151489	-0.00195694	0.00302484	-0.00181762	-0.00226566	-0.00103446	0.00222747	-0.00494699	-0.000337753	-0.000711539	-0.00299753	-0.00271652	0.000557597	-0.00329593	-0.00393511	-0.00066317	-0.00220802	-0.0026502	-0.00478498	-0.000754566	-0.0027109	-0.00315574	-0.00633609	-0.00200978	-0.00531878	-0.00926636	-0.0152991	-0.0237171	-0.039447	-0.0657391	-0.104759	-0.162547	-0.233925	-0.308812	-0.378608	-0.424425	-0.427668	-0.356083	-0.192796	0.0400409	0.298788	0.51414	0.650219	0.696259	0.671264	0.609101	0.516703	0.367435	0.152863	-0.110763	-0.371811	-0.554758	-0.644655	-0.625326	-0.489605	-0.272303	-0.00374301	0.249269	0.434396	0.559153	0.639606	0.685925	0.686043	0.609483	0.437684	0.195264	-0.0557736	-0.26525	-0.395163	-0.430797	-0.406355	-0.352415	-0.277375	-0.200524	-0.13651	-0.0865848	-0.0518117	-0.0293108	-0.0171233	-0.0123624	-0.00510656	0.00226122	0	
0	-0.000633228	0.00181141	-0.00123058	0.00187759	0.000174953	-0.00173264	0.00206887	-0.00391751	-0.00160908	0.00067258	-0.00299785	-0.000498719	0.00227523	-0.00259787	-0.00225978	4.59594e-05	-0.000793007	-0.000776843	0.000356989	-0.00375573	0.00112718	0.000223156	-0.00102093	-0.00541452	0.00192629	0.00102565	-0.00579887	-0.00100565	0.00128578	-0.00372105	-0.00451778	0.00107824	-0.00244767	-0.00349852	-0.00528513	0.000400347	-0.00241165	-0.00582265	-0.00762462	2.39477e-05	-0.00640059	-0.0140604	-0.0188992	-0.0242046	-0.0454069	-0.0757998	-0.121694	-0.180541	-0.257455	-0.337409	-0.419634	-0.471256	-0.468457	-0.385596	-0.211885	0.0302398	0.305365	0.539954	0.699222	0.763864	0.754122	0.692259	0.579201	0.408566	0.16931	-0.116112	-0.391987	-0.597474	-0.700579	-0.673782	-0.525538	-0.289999	0.000952147	0.275046	0.485752	0.632459	0.722425	0.766675	0.749625	0.647298	0.45319	0.194764	-0.0682044	-0.289993	-0.431482	-0.474141	-0.451142	-0.3894	-0.30219	-0.219878	-0.154156	-0.0998171	-0.0589378	-0.0305727	-0.0179461	-0.0171931	-0.00710907	0.00599162	0	
0	-0.000822711	0.00138656	-0.000733971	-0.00103884	0.000896382	-0.00244443	0.00136168	0.000652795	0.00067258	0.00274937	-0.00151145	-0.00118741	-0.00140714	-0.00510421	-0.000497187	-0.000149864	-0.0030151	-0.00433275	0.000619033	-0.0026672	-0.00425326	-0.00256906	-0.000159651	-0.00444837	-0.000692171	-0.00137722	-0.00636371	-0.00056481	0.000221117	-0.00606107	-0.00415653	0.000272231	-0.00337243	-0.00574522	-0.0054582	-0.00035901	-0.0035316	-0.00943795	-0.00846625	0.000182476	-0.00923674	-0.019456	-0.0215305	-0.0264408	-0.0511522	-0.0875497	-0.135628	-0.198342	-0.27633	-0.365162	-0.456542	-0.512882	-0.503517	-0.410214	-0.23283	0.0163316	0.30077	0.555189	0.735714	0.825032	0.834294	0.771657	0.644389	0.447411	0.186323	-0.114059	-0.409355	-0.631484	-0.742424	-0.714058	-0.552555	-0.29723	0.00995937	0.298207	0.530334	0.703965	0.807952	0.840599	0.800291	0.678161	0.464119	0.18613	-0.0878477	-0.313161	-0.459654	-0.512698	-0.495205	-0.42465	-0.324939	-0.238147	-0.17084	-0.11245	-0.0664612	-0.0331371	-0.0189249	-0.0200306	-0.00891314	0.00712503	0	
0	-0.00123089	-0.00120361	-0.00125254	-0.00246814	0.00127003	-0.00185095	-1.19246e-05	-1.68048e-05	-0.00299785	-0.00151145	-0.00129381	-0.00059439	0.00151975	0.000339909	0.00374587	-0.000803693	-0.00205299	0.00142786	-0.00141082	-0.000321758	-0.00181505	0.00196299	-0.00301133	-0.00451345	0.00040145	-0.00135986	-0.0058622	-0.00136956	-0.000100146	-0.00755647	-0.00234271	-0.00187861	-0.00267525	-0.00767033	-0.00290733	-0.00184434	-0.00222983	-0.0113085	-0.00473516	0.000866898	-0.00909086	-0.0204002	-0.0197631	-0.0258662	-0.0548296	-0.0960578	-0.146669	-0.213972	-0.294292	-0.394589	-0.493945	-0.553421	-0.537562	-0.435758	-0.257187	-0.00291312	0.290849	0.56334	0.76821	0.884119	0.91111	0.848783	0.702052	0.48001	0.199905	-0.113603	-0.417766	-0.65039	-0.765504	-0.735894	-0.568221	-0.299603	0.0153931	0.317037	0.577203	0.773186	0.884048	0.910141	0.848534	0.696589	0.460425	0.173057	-0.106254	-0.334963	-0.485442	-0.547713	-0.534519	-0.456418	-0.347803	-0.256596	-0.185679	-0.123616	-0.0744023	-0.0375585	-0.0202976	-0.0204407	-0.0103284	0.00528841	0	
0	0.00343683	-0.00161918	0.0041586	0.00158315	-0.00112705	0.00151367	-0.00159997	-0.00250441	-0.000498719	-0.00118741	-0.00059439	-0.00133772	-0.00101615	-0.00151116	-0.00658435	-0.00295847	-0.00224166	0.00146284	-0.00388952	-0.00093574	-0.0034619	-0.00127667	-0.00225222	-0.00166478	-0.000377466	-0.00252483	-0.00392096	0.000477932	-0.0020498	-0.00477321	-0.00188059	-0.000846233	-0.00405158	-0.00549082	-0.002956	-0.0019319	-0.00427062	-0.0115666	-0.00405092	-0.0024187	-0.0128062	-0.0238668	-0.0223776	-0.0314122	-0.065125	-0.107085	-0.162609	-0.229105	-0.315177	-0.422826	-0.525311	-0.586298	-0.558611	-0.456128	-0.276232	-0.0218651	0.274283	0.562188	0.787431	0.928552	0.975411	0.915307	0.752858	0.515121	0.219087	-0.105312	-0.41327	-0.656133	-0.776247	-0.745519	-0.573408	-0.297379	0.024794	0.343616	0.622473	0.83071	0.951196	0.971398	0.885539	0.707704	0.454305	0.15494	-0.131702	-0.357357	-0.505508	-0.576378	-0.568838	-0.486639	-0.371867	-0.274257	-0.197983	-0.133672	-0.0829022	-0.0435238	-0.0220774	-0.0189042	-0.0113274	0.0011551	0	
0	-0.000119711	-0.00227727	-0.000266428	-0.00266936	-0.00218577	0.0013603	-0.00298492	0.00256748	0.00227523	-0.00140714	0.00151975	-0.00101615	-0.00536249	0.000619964	-0.00170852	0.0033404	-0.000935118	-0.0038854	-0.00476013	0.000355003	-0.00216691	-0.00342953	-0.00184625	-0.00313564	-0.00358699	-0.00400532	-0.00260135	-0.00315445	-0.00532434	-0.00394693	-0.00380069	-0.00366457	-0.00656836	-0.0047588	-0.00508651	-0.00381286	-0.00718885	-0.010089	-0.00411258	-0.00594445	-0.0139224	-0.0237874	-0.0211369	-0.0364863	-0.0692784	-0.11487	-0.171166	-0.240753	-0.333762	-0.447779	-0.554822	-0.612208	-0.58038	-0.478623	-0.300206	-0.0482416	0.250985	0.553324	0.798969	0.967719	1.03372	0.973177	0.802373	0.546799	0.234925	-0.0915975	-0.405922	-0.650407	-0.764084	-0.736584	-0.563029	-0.281817	0.0407324	0.364769	0.653245	0.879644	1.01526	1.02517	0.912773	0.709439	0.439044	0.131757	-0.156093	-0.377091	-0.524738	-0.601843	-0.596444	-0.513499	-0.396915	-0.291782	-0.208615	-0.14274	-0.0912564	-0.0502254	-0.0245085	-0.0167557	-0.0118868	-0.00358756	0	
0	-0.00329679	0.00293382	-0.00397865	0.00090267	-1.21152e-06	0.000472756	-0.00143735	0.0001016	-0.00259787	-0.00510421	0.000339909	-0.00151116	0.000619964	0.00341752	-0.00130825	-0.00405805	-0.00142538	-0.00262323	0.0014787	-0.00141032	-0.00170724	-0.00430013	-0.00051271	-0.0027252	-0.00339603	-0.00274714	-0.00107188	-0.00571653	-0.0036362	-0.00213723	-0.00397045	-0.00556493	-0.00467268	-0.00347231	-0.00545087	-0.00488293	-0.00792394	-0.00571633	-0.00635041	-0.0074471	-0.0158201	-0.0201611	-0.0238598	-0.0420895	-0.0749492	-0.123109	-0.179951	-0.255063	-0.355219	-0.473045	-0.582383	-0.632021	-0.600236	-0.500299	-0.321502	-0.0759264	0.229255	0.540288	0.804174	0.99853	1.07501	1.01847	0.840099	0.570811	0.253265	-0.0756939	-0.385638	-0.620436	-0.730465	-0.705477	-0.537875	-0.266068	0.0531491	0.385957	0.689497	0.926778	1.0594	1.05808	0.930848	0.706978	0.420912	0.10699	-0.181932	-0.398226	-0.54343	-0.621754	-0.616647	-0.537774	-0.422941	-0.309212	-0.218149	-0.150973	-0.0989743	-0.0567433	-0.0276785	-0.0156207	-0.0120666	-0.00686531	0	
0	0.000960038	0.00278974	0.000924386	0.00244915	-0.000487067	-0.00136863	-0.00205844	-0.000702224	-0.00225978	-0.000497187	0.00374587	-0.00658435	-0.00170852	-0.00130825	-0.0072221	-0.00201653	0.00124305	-0.00222449	-0.0029066	-0.00128028	-0.00357724	-0.00367714	0.00104511	-0.00144712	-0.00597917	-0.00117704	0.000116699	-0.00665876	-0.00224539	-0.00109136	-0.00459526	-0.00611499	-0.00227599	-0.00372036	-0.00519767	-0.00766477	-0.00548158	-0.00497681	-0.00806359	-0.0122838	-0.0149776	-0.0193495	-0.0295788	-0.0492676	-0.0826341	-0.130631	-0.189944	-0.271772	-0.375543	-0.498495	-0.600452	-0.645986	-0.616665	-0.51537	-0.34401	-0.0985895	0.205422	0.519175	0.802	1.00922	1.09649	1.04871	0.867202	0.596418	0.28012	-0.0495388	-0.352104	-0.574808	-0.682602	-0.661092	-0.497625	-0.235927	0.0770524	0.41283	0.716445	0.95166	1.08622	1.08218	0.940152	0.698052	0.399273	0.0789258	-0.207202	-0.417033	-0.561757	-0.638668	-0.631138	-0.558703	-0.448051	-0.326511	-0.227927	-0.158958	-0.105514	-0.0619498	-0.0315353	-0.0169801	-0.0120136	-0.00697841	0	
0	-0.000448943	-0.00363065	-0.00130638	-0.00299042	-0.00174468	0.000822455	-0.000728102	0.00176603	4.59594e-05	-0.000149864	-0.000803693	-0.00295847	0.0033404	-0.00405805	-0.00201653	0.00368173	-0.00196738	-0.0053813	-0.00380318	-0.00147323	-0.00391653	-0.00271196	-0.00217497	-0.00627003	-0.00709512	5.21617e-05	-0.00368233	-0.0109724	-0.00199546	-0.0032521	-0.00791593	-0.00859911	-0.00269321	-0.00654218	-0.00789854	-0.0109728	-0.00475593	-0.00613719	-0.0125114	-0.0155407	-0.0128881	-0.0190731	-0.0347592	-0.0541551	-0.0856749	-0.133856	-0.196788	-0.284981	-0.394309	-0.517145	-0.61328	-0.658348	-0.633569	-0.536311	-0.368168	-0.124122	0.177106	0.4976	0.792371	1.00936	1.10784	1.06463	0.886258	0.619222	0.301476	-0.0219535	-0.306183	-0.51367	-0.610976	-0.585588	-0.439362	-0.199431	0.107064	0.435885	0.731053	0.967969	1.1019	1.08779	0.935231	0.68267	0.373712	0.053048	-0.226163	-0.436143	-0.583076	-0.652562	-0.640574	-0.575986	-0.470298	-0.343793	-0.239546	-0.167059	-0.110178	-0.0651976	-0.0361173	-0.0213939	-0.0118158	-0.0034728	0	
0	0.00233119	-0.00310399	0.00252532	-0.000251159	-0.00192909	0.00191362	-0.00240178	-0.00151489	-0.000793007	-0.0030151	-0.00205299	-0.00224166	-0.000935118	-0.00142538	0.00124305	-0.00196738	-0.00747272	-0.000472348	0.000291236	-0.000433052	-0.00282133	-0.00405182	-0.00143213	-0.00349889	-0.00239695	-0.000455519	-0.00555961	-0.00691066	0.00100414	-0.00354701	-0.00867925	-0.00468109	-0.00196831	-0.00532463	-0.00899112	-0.00842206	-0.00257647	-0.00562585	-0.0153195	-0.0146017	-0.00939401	-0.0206658	-0.040336	-0.0588553	-0.0896418	-0.138684	-0.208709	-0.301796	-0.416321	-0.534301	-0.623526	-0.671382	-0.648399	-0.554896	-0.385482	-0.142359	0.153992	0.477358	0.773851	0.991684	1.09508	1.05872	0.891374	0.636209	0.328265	0.0192526	-0.243319	-0.432555	-0.518411	-0.494631	-0.367791	-0.1466	0.141968	0.452724	0.745685	0.978629	1.09352	1.06834	0.917039	0.663068	0.35149	0.03294	-0.245742	-0.458144	-0.600981	-0.662648	-0.650225	-0.590042	-0.48696	-0.361028	-0.253949	-0.175165	-0.112929	-0.066918	-0.0411721	-0.0278389	-0.0116186	0.00223175	0	
0	0.000761835	0.000649684	0.00197105	-3.23332e-05	0.000172611	-0.000129616	-0.0035553	-0.00195694	-0.000776843	-0.00433275	0.00142786	0.00146284	-0.0038854	-0.00262323	-0.00222449	-0.0053813	-0.000472348	0.00255108	-0.00416609	-0.00430039	-0.0044741	-0.00186186	-0.00171738	-0.00313766	-0.0054395	-0.00261394	-0.00573594	-0.00381025	-0.00214516	-0.00684813	-0.00732335	-0.00404689	-0.00337696	-0.00815328	-0.008858	-0.00842402	-0.00194941	-0.00954031	-0.0175108	-0.013251	-0.00889775	-0.0247231	-0.0462586	-0.061909	-0.0923015	-0.144281	-0.219528	-0.318751	-0.433723	-0.544148	-0.632246	-0.680792	-0.665992	-0.570715	-0.399918	-0.160391	0.134327	0.453477	0.744765	0.959354	1.06301	1.03537	0.887683	0.647529	0.35637	0.0736715	-0.166125	-0.334466	-0.405008	-0.38867	-0.281926	-0.0791386	0.185761	0.476983	0.755494	0.963605	1.06012	1.03616	0.89041	0.638513	0.327806	0.0119136	-0.262601	-0.472476	-0.614779	-0.677111	-0.662485	-0.597619	-0.497362	-0.378985	-0.270442	-0.182954	-0.114821	-0.0681932	-0.0458982	-0.0341175	-0.0117613	0.00726867	0	
0	-0.000203836	-0.00283498	-0.000542641	-0.00330098	-0.00100278	7.0953e-05	-0.000440886	0.00302484	0.000356989	0.000619033	-0.00141082	-0.00388952	-0.00476013	0.0014787	-0.0029066	-0.00380318	0.000291236	-0.00416609	-0.00875821	-0.00272836	-0.000914018	-0.0025629	-0.00735136	-0.00463387	-0.00436213	-0.0034867	-0.00612374	-0.00454907	-0.00607569	-0.006826	-0.00623191	-0.00538399	-0.00718293	-0.00892893	-0.00970114	-0.00807428	-0.00516057	-0.0139744	-0.0180603	-0.0129779	-0.0106575	-0.0322629	-0.0490988	-0.0655042	-0.09417	-0.151334	-0.231225	-0.333967	-0.445904	-0.549976	-0.637702	-0.692716	-0.680875	-0.5835	-0.411801	-0.172282	0.114529	0.426632	0.705122	0.908863	1.01277	0.998767	0.872747	0.654761	0.391889	0.134635	-0.0773451	-0.218713	-0.28008	-0.264723	-0.168144	0.00545987	0.232743	0.496553	0.751623	0.934766	1.01786	0.990324	0.844761	0.600453	0.303659	0.000841954	-0.270796	-0.485478	-0.630373	-0.692623	-0.673397	-0.601818	-0.505097	-0.395606	-0.28622	-0.19101	-0.117674	-0.0700338	-0.0493134	-0.0378899	-0.0126024	0.00864268	0	
0	-0.000419081	0.000449686	-0.00131872	0.00088794	-0.00139402	-0.000559701	-0.00253904	-0.00181762	-0.00375573	-0.0026672	-0.000321758	-0.00093574	0.000355003	-0.00141032	-0.00128028	-0.00147323	-0.000433052	-0.00430039	-0.00272836	0.00258171	-0.00253646	-0.00753779	-0.00489151	0.00122738	-0.00412311	-0.00845115	-0.00307095	-0.00447154	-0.00658709	-0.00685221	-0.0041941	-0.0078439	-0.00696121	-0.00877879	-0.00736955	-0.00767984	-0.00693245	-0.0144151	-0.0141744	-0.00986824	-0.0136746	-0.033922	-0.0486321	-0.0642904	-0.0958999	-0.158689	-0.242392	-0.348923	-0.453994	-0.55761	-0.647988	-0.709624	-0.697686	-0.59504	-0.418383	-0.180105	0.10202	0.400016	0.657915	0.848112	0.945099	0.945536	0.8416	0.65168	0.427435	0.207329	0.0331223	-0.0843382	-0.137527	-0.124043	-0.0468563	0.0971347	0.292208	0.520632	0.739281	0.8949	0.961174	0.921218	0.779559	0.560421	0.288002	-0.00772589	-0.28213	-0.494776	-0.637965	-0.706998	-0.688048	-0.607138	-0.509971	-0.407928	-0.299876	-0.200082	-0.122643	-0.0732124	-0.0508442	-0.0376666	-0.0142956	0.00471712	0	
0	0.00133204	-0.00102956	0.000652396	0.00165329	-0.0033741	0.00276229	-0.00225258	-0.00226566	0.00112718	-0.00425326	-0.00181505	-0.0034619	-0.00216691	-0.00170724	-0.00357724	-0.00391653	-0.00282133	-0.0044741	-0.000914018	-0.00253646	-0.005756	-0.0061405	0.000925154	-0.0017425	-0.00908707	-0.00631762	0.00211926	-0.00680718	-0.00865617	-0.00388821	-0.00361138	-0.00874609	-0.0077902	-0.00702001	-0.00712898	-0.00810582	-0.0117199	-0.0130154	-0.0127405	-0.0117338	-0.021364	-0.0366663	-0.049917	-0.067182	-0.103072	-0.169277	-0.256606	-0.359045	-0.460411	-0.562622	-0.659605	-0.723916	-0.707244	-0.599688	-0.417499	-0.182671	0.0895111	0.365092	0.59874	0.768531	0.864387	0.879882	0.79943	0.650601	0.46709	0.291689	0.157027	0.0578126	0.0157018	0.0285376	0.0911526	0.207011	0.358705	0.541397	0.719234	0.843604	0.888037	0.837499	0.70889	0.516778	0.263699	-0.0207441	-0.284335	-0.491595	-0.64404	-0.725377	-0.703032	-0.612526	-0.515047	-0.416401	-0.309414	-0.209493	-0.130531	-0.0781405	-0.0503801	-0.0337559	-0.0167309	-0.00354447	0	
0	0.00116482	-0.000743901	0.00141847	-0.000399159	-0.00115985	-4.1624e-05	-0.00259616	-0.00103446	0.000223156	-0.00256906	0.00196299	-0.00127667	-0.00342953	-0.00430013	-0.00367714	-0.00271196	-0.00405182	-0.00186186	-0.0025629	-0.00753779	-0.0061405	-0.00153193	-0.00372751	-0.00704416	-0.00976412	-0.00125644	-0.00305952	-0.0119065	-0.00887784	-0.00175718	-0.00773401	-0.0120595	-0.00875414	-0.00743381	-0.0080074	-0.013255	-0.0143961	-0.0119053	-0.0117395	-0.017919	-0.027032	-0.0356859	-0.0501259	-0.0690402	-0.110922	-0.177599	-0.266361	-0.363521	-0.462855	-0.570356	-0.674116	-0.736918	-0.716087	-0.599426	-0.415204	-0.182888	0.0762427	0.32381	0.531451	0.681403	0.774747	0.802249	0.750095	0.641476	0.509671	0.389311	0.290175	0.214188	0.179533	0.18646	0.238776	0.32715	0.436106	0.564712	0.690537	0.782228	0.803371	0.744768	0.632569	0.461843	0.230077	-0.0282375	-0.276043	-0.488106	-0.652718	-0.737425	-0.713215	-0.62424	-0.524687	-0.41931	-0.313152	-0.219376	-0.14104	-0.083809	-0.0488089	-0.0288045	-0.0192731	-0.012321	0	
0	-0.00119838	-0.00476761	-0.00198406	-0.00561098	-0.00140839	-0.000973698	-0.00118619	0.00222747	-0.00102093	-0.000159651	-0.00301133	-0.00225222	-0.00184625	-0.00051271	0.00104511	-0.00217497	-0.00143213	-0.00171738	-0.00735136	-0.00489151	0.000925154	-0.00372751	-0.00921203	-0.00475833	-0.00500223	-0.00360459	-0.00842952	-0.0108346	-0.00479464	-0.00405754	-0.0116327	-0.0121681	-0.00727602	-0.00708865	-0.010236	-0.016236	-0.0132015	-0.00791652	-0.0125822	-0.0236407	-0.0262926	-0.0322956	-0.047218	-0.0732692	-0.115729	-0.18508	-0.270411	-0.363991	-0.466961	-0.582197	-0.691215	-0.74941	-0.721331	-0.597952	-0.411866	-0.182409	0.05562	0.27733	0.457369	0.590157	0.68414	0.720323	0.696435	0.630646	0.55363	0.486752	0.428002	0.377174	0.349675	0.359255	0.400118	0.454814	0.51466	0.583356	0.658863	0.713555	0.712186	0.654711	0.549078	0.390548	0.193726	-0.0304902	-0.270017	-0.487198	-0.653295	-0.739223	-0.725152	-0.644075	-0.535215	-0.417725	-0.314532	-0.228813	-0.150842	-0.0889557	-0.0486288	-0.0263321	-0.0206168	-0.0167772	0	
0	0.00193627	0.00245903	0.00301586	0.00348632	0.000765466	-0.000425974	-0.00224402	-0.00494699	-0.00541452	-0.00444837	-0.00451345	-0.00166478	-0.00313564	-0.0027252	-0.00144712	-0.00627003	-0.00349889	-0.00313766	-0.00463387	0.00122738	-0.0017425	-0.00704416	-0.00475833	-0.000103542	-0.00466496	-0.00490924	-0.00572059	-0.00515705	-0.0029138	-0.00607946	-0.00968689	-0.00767734	-0.00423625	-0.00688421	-0.0109917	-0.0155448	-0.00802142	-0.00605025	-0.0167557	-0.0276604	-0.024056	-0.0303466	-0.0512061	-0.0813847	-0.125986	-0.19392	-0.275348	-0.368461	-0.477677	-0.601502	-0.707745	-0.758022	-0.71978	-0.590272	-0.401244	-0.18078	0.0345299	0.226483	0.378808	0.498216	0.585104	0.631588	0.635365	0.615375	0.601453	0.590816	0.576685	0.54859	0.526613	0.534192	0.556409	0.582271	0.596783	0.606013	0.629376	0.6439	0.622044	0.558876	0.454938	0.320174	0.157762	-0.0441552	-0.269843	-0.479258	-0.645793	-0.739292	-0.738395	-0.66309	-0.545515	-0.419348	-0.316602	-0.233905	-0.156691	-0.0937748	-0.0520852	-0.0282902	-0.0196997	-0.0141407	0	
0	0.000165693	-0.0011628	-0.000758117	-0.000661705	-0.00275932	0.000388859	-0.00180412	-0.000337753	0.00192629	-0.000692171	0.00040145	-0.000377466	-0.00358699	-0.00339603	-0.00597917	-0.00709512	-0.00239695	-0.0054395	-0.00436213	-0.00412311	-0.00908707	-0.00976412	-0.00500223	-0.00466496	-0.00778906	-0.0103271	-0.00800021	-0.00720621	-0.00806226	-0.01203	-0.011012	-0.00944135	-0.00922551	-0.0128842	-0.0165963	-0.0162991	-0.00958617	-0.0121528	-0.0264351	-0.0300268	-0.0231016	-0.0324983	-0.0575057	-0.0894872	-0.13129	-0.195999	-0.272193	-0.36915	-0.487622	-0.615219	-0.716519	-0.757582	-0.713238	-0.581667	-0.394857	-0.190382	-0.00108085	0.163426	0.29597	0.405699	0.491938	0.549756	0.582255	0.610317	0.65081	0.693628	0.719445	0.713387	0.704073	0.707705	0.71508	0.713175	0.678102	0.633255	0.602465	0.572366	0.532225	0.464187	0.366908	0.252274	0.10962	-0.0688704	-0.270271	-0.470292	-0.637247	-0.736393	-0.746889	-0.677638	-0.558239	-0.428209	-0.319638	-0.233179	-0.157859	-0.098284	-0.0592772	-0.03427	-0.0167249	-0.00563294	0	
0	-0.00115852	-0.0034787	-0.00344722	-0.00320821	-0.00399399	-0.00109014	-0.000965486	-0.000711539	0.00102565	-0.00137722	-0.00135986	-0.00252483	-0.00400532	-0.00274714	-0.00117704	5.21617e-05	-0.000455519	-0.00261394	-0.0034867	-0.00845115	-0.00631762	-0.00125644	-0.00360459	-0.00490924	-0.0103271	-0.00982827	-0.0040893	-0.00471213	-0.0126922	-0.011256	-0.00739876	-0.00839274	-0.0117637	-0.0138716	-0.0142334	-0.0116703	-0.0090194	-0.016465	-0.0268415	-0.0236877	-0.0188778	-0.0330676	-0.0620775	-0.0919606	-0.133153	-0.192328	-0.270731	-0.376018	-0.50448	-0.631564	-0.724863	-0.757825	-0.709546	-0.576241	-0.395322	-0.209228	-0.042089	0.0999953	0.221238	0.324216	0.408162	0.477486	0.5356	0.605382	0.696278	0.787133	0.852971	0.876509	0.880394	0.882183	0.873863	0.836556	0.755915	0.659204	0.575027	0.510152	0.45149	0.377917	0.290832	0.183364	0.0487655	-0.103302	-0.277023	-0.462526	-0.62612	-0.733305	-0.751531	-0.684287	-0.571549	-0.444718	-0.325129	-0.228406	-0.154855	-0.102102	-0.0683325	-0.0413674	-0.0132255	0.00340307	0	
0	0.00128045	0.000256648	0.00261288	0.00087243	0.00113243	0.000217564	-0.00293219	-0.00299753	-0.00579887	-0.00636371	-0.0058622	-0.00392096	-0.00260135	-0.00107188	0.000116699	-0.00368233	-0.00555961	-0.00573594	-0.00612374	-0.00307095	0.00211926	-0.00305952	-0.00842952	-0.00572059	-0.00800021	-0.0040893	0.000260906	-0.0096661	-0.0142253	-0.00487905	-0.00334914	-0.0110915	-0.0133224	-0.0117461	-0.0097569	-0.00975463	-0.0131901	-0.0203966	-0.0236209	-0.0191731	-0.020492	-0.0398961	-0.0679548	-0.0968912	-0.133764	-0.191894	-0.27521	-0.391588	-0.523611	-0.644062	-0.727502	-0.753787	-0.702863	-0.570331	-0.401545	-0.233999	-0.0892743	0.0389489	0.152447	0.248905	0.334731	0.413799	0.4978	0.604861	0.73788	0.873338	0.979454	1.03566	1.05463	1.05108	1.01873	0.943546	0.822058	0.683315	0.561405	0.467298	0.387738	0.306423	0.215509	0.106451	-0.0119714	-0.138741	-0.292359	-0.462671	-0.622462	-0.731534	-0.744944	-0.681894	-0.587694	-0.465966	-0.331576	-0.22327	-0.151137	-0.105145	-0.0750624	-0.0451469	-0.0119371	0.00579232	0	
0	0.00128323	0.000848318	0.00171782	0.00102622	-0.000748049	-0.000610419	-0.00167903	-0.00271652	-0.00100565	-0.00056481	-0.00136956	0.000477932	-0.00315445	-0.00571653	-0.00665876	-0.0109724	-0.00691066	-0.00381025	-0.00454907	-0.00447154	-0.00680718	-0.0119065	-0.0108346	-0.00515705	-0.00720621	-0.00471213	-0.0096661	-0.0170866	-0.0104511	-0.00228126	-0.0111068	-0.0185248	-0.0148033	-0.0113696	-0.0111966	-0.0165531	-0.0220832	-0.0237459	-0.0215231	-0.0218116	-0.0296707	-0.0490566	-0.0742144	-0.0989243	-0.132705	-0.191244	-0.283845	-0.406335	-0.535121	-0.644903	-0.720796	-0.744237	-0.694289	-0.57053	-0.418773	-0.273535	-0.144765	-0.024417	0.0856188	0.182853	0.274357	0.37016	0.479991	0.617429	0.782967	0.951741	1.0932	1.17641	1.20852	1.20172	1.14484	1.0382	0.88609	0.715424	0.564552	0.44046	0.334295	0.240433	0.148532	0.0470608	-0.0633292	-0.18577	-0.326295	-0.477744	-0.624241	-0.721139	-0.730982	-0.683039	-0.602936	-0.479303	-0.338429	-0.225996	-0.151054	-0.105268	-0.0747995	-0.0436949	-0.0155371	-0.00195563	0	
0	-0.00139838	-0.00434472	-0.00412077	-0.00485333	-0.00466227	-0.00242256	-0.00203082	0.000557597	0.00128578	0.000221117	-0.000100146	-0.0020498	-0.00532434	-0.0036362	-0.00224539	-0.00199546	0.00100414	-0.00214516	-0.00607569	-0.00658709	-0.00865617	-0.00887784	-0.00479464	-0.0029138	-0.00806226	-0.0126922	-0.0142253	-0.0104511	-0.00431037	-0.00958058	-0.0186463	-0.0172042	-0.0111671	-0.0106308	-0.0138994	-0.0216321	-0.0236086	-0.0178317	-0.0163751	-0.0242494	-0.0340865	-0.0501193	-0.0705469	-0.0929049	-0.125566	-0.192064	-0.293979	-0.419146	-0.539795	-0.642488	-0.715622	-0.741241	-0.697207	-0.587012	-0.454983	-0.324548	-0.202498	-0.079907	0.0342195	0.137668	0.241203	0.353622	0.482366	0.6361	0.819374	1.01215	1.1819	1.29517	1.34611	1.33523	1.25945	1.1252	0.940475	0.743992	0.57172	0.426324	0.305573	0.201405	0.102488	-0.00212143	-0.119154	-0.244219	-0.372257	-0.50245	-0.626319	-0.710799	-0.727522	-0.68675	-0.601738	-0.480622	-0.352112	-0.239923	-0.153749	-0.100647	-0.0677081	-0.0398566	-0.0235369	-0.0152455	0	
0	-3.23794e-05	-0.00073258	-0.000103559	7.01201e-05	-0.000623322	0.000497297	-0.00105445	-0.00329593	-0.00372105	-0.00606107	-0.00755647	-0.00477321	-0.00394693	-0.00213723	-0.00109136	-0.0032521	-0.00354701	-0.00684813	-0.006826	-0.00685221	-0.00388821	-0.00175718	-0.00405754	-0.00607946	-0.01203	-0.011256	-0.00487905	-0.00228126	-0.00958058	-0.015312	-0.0138041	-0.00960481	-0.00900097	-0.0112482	-0.0165687	-0.0233798	-0.0193507	-0.0114008	-0.0181474	-0.031578	-0.039815	-0.0507313	-0.0695063	-0.0906233	-0.128625	-0.204531	-0.312078	-0.430573	-0.541466	-0.637886	-0.711856	-0.740308	-0.706066	-0.613229	-0.497293	-0.376842	-0.252328	-0.124658	-0.00392681	0.110324	0.227859	0.356831	0.497352	0.659126	0.851475	1.0609	1.25699	1.39487	1.45964	1.44692	1.35052	1.18645	0.979317	0.771769	0.593384	0.441526	0.307377	0.184402	0.0703196	-0.047244	-0.17473	-0.300196	-0.419948	-0.535081	-0.641206	-0.71809	-0.731559	-0.677748	-0.586382	-0.481297	-0.369918	-0.256182	-0.158111	-0.0949063	-0.0589814	-0.0378634	-0.0313047	-0.0241525	0	
0	0.0021277	0.00167146	0.00335593	0.00209212	0.000391961	-0.000983874	-0.00368455	-0.00393511	-0.00451778	-0.00415653	-0.00234271	-0.00188059	-0.00380069	-0.00397045	-0.00459526	-0.00791593	-0.00867925	-0.00732335	-0.00623191	-0.0041941	-0.00361138	-0.00773401	-0.0116327	-0.00968689	-0.011012	-0.00739876	-0.00334914	-0.0111068	-0.0186463	-0.0138041	-0.00937888	-0.0118158	-0.0138917	-0.0162972	-0.0221152	-0.0243404	-0.0152983	-0.013174	-0.0276379	-0.0406695	-0.0420189	-0.0499283	-0.0670581	-0.090705	-0.136306	-0.219522	-0.323456	-0.431148	-0.533178	-0.629767	-0.706503	-0.743913	-0.725268	-0.65111	-0.549709	-0.429567	-0.299569	-0.162937	-0.0298867	0.100034	0.237634	0.382787	0.530581	0.693064	0.887658	1.10485	1.31314	1.46541	1.53604	1.51679	1.40874	1.23223	1.0164	0.806777	0.630498	0.478095	0.3322	0.1876	0.0512213	-0.0815206	-0.214884	-0.344967	-0.471221	-0.584684	-0.67856	-0.737353	-0.729206	-0.662482	-0.576473	-0.482433	-0.377079	-0.267184	-0.166726	-0.0935944	-0.0545734	-0.0394199	-0.0330392	-0.0215647	0	
0	-0.000992554	-0.00307185	-0.00277518	-0.003561	-0.00377451	-0.00138625	-0.00136685	-0.00066317	0.00107824	0.000272231	-0.00187861	-0.000846233	-0.00366457	-0.00556493	-0.00611499	-0.00859911	-0.00468109	-0.00404689	-0.00538399	-0.0078439	-0.00874609	-0.0120595	-0.0121681	-0.00767734	-0.00944135	-0.00839274	-0.0110915	-0.0185248	-0.0172042	-0.00960481	-0.0118158	-0.0170222	-0.0178554	-0.0213427	-0.024481	-0.0201953	-0.0140891	-0.0211667	-0.0379562	-0.0429909	-0.0398192	-0.0463311	-0.0652587	-0.0943109	-0.147944	-0.23123	-0.324875	-0.421519	-0.521645	-0.621246	-0.707089	-0.758293	-0.76011	-0.704367	-0.608101	-0.483822	-0.341929	-0.190557	-0.0386027	0.116407	0.277129	0.434917	0.583157	0.73838	0.922637	1.13454	1.34355	1.496	1.5691	1.55351	1.44371	1.26452	1.05029	0.846128	0.677323	0.527285	0.37401	0.214774	0.0592261	-0.0922551	-0.241496	-0.388305	-0.52873	-0.644903	-0.726279	-0.760539	-0.731262	-0.659849	-0.574008	-0.474156	-0.370066	-0.272448	-0.177518	-0.0999487	-0.0592311	-0.0421357	-0.025754	-0.00954526	0	
0	-0.000183514	-0.00229412	-0.00160941	-0.00239817	-0.00297054	-0.00241341	-0.00320715	-0.00220802	-0.00244767	-0.00337243	-0.00267525	-0.00405158	-0.00656836	-0.00467268	-0.00227599	-0.00269321	-0.00196831	-0.00337696	-0.00718293	-0.00696121	-0.0077902	-0.00875414	-0.00727602	-0.00423625	-0.00922551	-0.0117637	-0.0133224	-0.0148033	-0.0111671	-0.00900097	-0.0138917	-0.0178554	-0.019658	-0.0218538	-0.017838	-0.0141108	-0.0174092	-0.0299643	-0.0387387	-0.0375884	-0.0329909	-0.042573	-0.0658059	-0.10316	-0.160787	-0.236728	-0.318873	-0.411182	-0.514109	-0.622626	-0.719665	-0.79038	-0.810963	-0.763811	-0.665055	-0.527165	-0.369851	-0.19879	-0.0211776	0.159337	0.338516	0.502178	0.643631	0.785137	0.956697	1.1558	1.35147	1.49622	1.56516	1.54872	1.44766	1.28214	1.07921	0.885579	0.728381	0.589518	0.440947	0.271657	0.0926201	-0.0861564	-0.260484	-0.427212	-0.580312	-0.701902	-0.778364	-0.797111	-0.751957	-0.669006	-0.570597	-0.460609	-0.357031	-0.268193	-0.184573	-0.115821	-0.0725865	-0.0410962	-0.0128214	0.00184038	0	
0	0.000156519	-0.00135707	0.00010376	-0.000616102	-0.00105489	0.000655316	-0.00155652	-0.0026502	-0.00349852	-0.00574522	-0.00767033	-0.00549082	-0.0047588	-0.00347231	-0.00372036	-0.00654218	-0.00532463	-0.00815328	-0.00892893	-0.00877879	-0.00702001	-0.00743381	-0.00708865	-0.00688421	-0.0128842	-0.0138716	-0.0117461	-0.0113696	-0.0106308	-0.0112482	-0.0162972	-0.0213427	-0.0218538	-0.0171567	-0.0126374	-0.0186836	-0.0299099	-0.0355107	-0.0368511	-0.0337196	-0.0333141	-0.0465716	-0.0770018	-0.11963	-0.171853	-0.235377	-0.308552	-0.401264	-0.510937	-0.628084	-0.74243	-0.832275	-0.866497	-0.821441	-0.712299	-0.561614	-0.385919	-0.190043	0.0153742	0.222209	0.416716	0.581051	0.713933	0.841819	0.992829	1.1682	1.3394	1.46047	1.51801	1.50702	1.42165	1.27735	1.09899	0.929761	0.792371	0.666662	0.523299	0.347459	0.147502	-0.0617201	-0.265147	-0.452799	-0.620382	-0.752776	-0.834376	-0.849108	-0.789632	-0.686058	-0.570202	-0.450363	-0.340894	-0.254406	-0.187999	-0.135137	-0.0854246	-0.0366044	-0.00433416	0.004034	0	
0	0.00183175	0.00174643	0.00284785	0.00195514	3.54343e-05	-0.0014688	-0.00432465	-0.00478498	-0.00528513	-0.0054582	-0.00290733	-0.002956	-0.00508651	-0.00545087	-0.00519767	-0.00789854	-0.00899112	-0.008858	-0.00970114	-0.00736955	-0.00712898	-0.0080074	-0.010236	-0.0109917	-0.0165963	-0.0142334	-0.0097569	-0.0111966	-0.0138994	-0.0165687	-0.0221152	-0.024481	-0.017838	-0.0126374	-0.0176097	-0.0326332	-0.0368251	-0.0335568	-0.0317541	-0.0333345	-0.0356913	-0.0551824	-0.0914503	-0.131098	-0.171697	-0.223779	-0.295997	-0.394962	-0.512717	-0.645404	-0.778174	-0.885807	-0.925248	-0.872396	-0.751729	-0.58348	-0.385173	-0.160888	0.0749045	0.302783	0.504959	0.667608	0.790881	0.902615	1.03193	1.1746	1.30587	1.39407	1.43249	1.42156	1.36057	1.25612	1.11804	0.979473	0.862463	0.751808	0.616307	0.43628	0.220026	-0.0153708	-0.248917	-0.462189	-0.647706	-0.794605	-0.890128	-0.910631	-0.839881	-0.713527	-0.577214	-0.444144	-0.327393	-0.242886	-0.186807	-0.140732	-0.0890178	-0.0384672	-0.00935759	-0.00175581	0	
0	-0.000528708	-0.0038048	-0.00240325	-0.00410624	-0.00458522	-0.00152133	-0.00257119	-0.000754566	0.000400347	-0.00035901	-0.00184434	-0.0019319	-0.00381286	-0.00488293	-0.00766477	-0.0109728	-0.00842206	-0.00842402	-0.00807428	-0.00767984	-0.00810582	-0.013255	-0.016236	-0.0155448	-0.0162991	-0.0116703	-0.00975463	-0.0165531	-0.0216321	-0.0233798	-0.0243404	-0.0201953	-0.0141108	-0.0186836	-0.0326332	-0.040965	-0.0351144	-0.0282125	-0.0321228	-0.0361975	-0.0434967	-0.0690464	-0.104655	-0.133329	-0.160052	-0.209091	-0.286002	-0.392822	-0.523184	-0.672627	-0.825467	-0.942525	-0.978425	-0.916286	-0.781065	-0.594778	-0.369428	-0.111837	0.151317	0.396176	0.604729	0.763441	0.877173	0.971817	1.06745	1.16488	1.2478	1.29317	1.31123	1.30882	1.2787	1.21833	1.12722	1.02929	0.939483	0.841316	0.710586	0.532041	0.308256	0.0530262	-0.207431	-0.449571	-0.661633	-0.829911	-0.94196	-0.970794	-0.89459	-0.750634	-0.594019	-0.448194	-0.327718	-0.239035	-0.17328	-0.123799	-0.085821	-0.05325	-0.026578	-0.00944688	0	
0	-0.00145833	-0.00348422	-0.0040084	-0.00449537	-0.00486726	-0.00382724	-0.00440725	-0.0027109	-0.00241165	-0.0035316	-0.00222983	-0.00427062	-0.00718885	-0.00792394	-0.00548158	-0.00475593	-0.00257647	-0.00194941	-0.00516057	-0.00693245	-0.0117199	-0.0143961	-0.0132015	-0.00802142	-0.00958617	-0.0090194	-0.0131901	-0.0220832	-0.0236086	-0.0193507	-0.0152983	-0.0140891	-0.0174092	-0.0299099	-0.0368251	-0.0351144	-0.0247228	-0.0244376	-0.0313492	-0.0395979	-0.0524612	-0.0804602	-0.107419	-0.121551	-0.144368	-0.198525	-0.285266	-0.404049	-0.549716	-0.719926	-0.884338	-1.00115	-1.02648	-0.948994	-0.797272	-0.585085	-0.326115	-0.0371429	0.248318	0.502117	0.708231	0.860816	0.961956	1.03188	1.09126	1.13961	1.16881	1.17369	1.17192	1.17352	1.17496	1.16548	1.12875	1.07375	1.01	0.927489	0.806645	0.633015	0.409778	0.145464	-0.140711	-0.420198	-0.665669	-0.855267	-0.980115	-1.017	-0.944102	-0.796656	-0.629744	-0.472158	-0.339908	-0.233912	-0.149858	-0.0990018	-0.0816756	-0.0705471	-0.0458791	-0.0180714	0	
0	0.00130553	-0.00125595	0.00191223	0.000394182	-0.000480432	0.00156301	-0.00239365	-0.00315574	-0.00582265	-0.00943795	-0.0113085	-0.0115666	-0.010089	-0.00571633	-0.00497681	-0.00613719	-0.00562585	-0.00954031	-0.0139744	-0.0144151	-0.0130154	-0.0119053	-0.00791652	-0.00605025	-0.0121528	-0.016465	-0.0203966	-0.0237459	-0.0178317	-0.0114008	-0.013174	-0.0211667	-0.0299643	-0.0355107	-0.0335568	-0.0282125	-0.0244376	-0.0284308	-0.0400083	-0.0533882	-0.0700984	-0.091932	-0.103976	-0.111583	-0.137827	-0.202165	-0.298486	-0.429324	-0.592239	-0.773562	-0.938934	-1.04494	-1.05439	-0.962538	-0.789993	-0.549816	-0.260367	0.0541145	0.351171	0.605913	0.809684	0.954264	1.0404	1.08503	1.10119	1.09711	1.07653	1.04204	1.02271	1.03177	1.06149	1.09437	1.1061	1.0989	1.0736	1.01441	0.906772	0.74242	0.520785	0.245557	-0.0632797	-0.37382	-0.649798	-0.859734	-0.995878	-1.04438	-0.988206	-0.854341	-0.685418	-0.509403	-0.352671	-0.227535	-0.135459	-0.0858418	-0.0751124	-0.0738183	-0.0570455	-0.0280986	0	
