0	0	0	0	0	0	0	0	0	0	0	0	0	0	0	0	0	0	0	0	0	0	0	0	0	0	0	0	0	0	0	0	0	0	0	0	0	0	0	0	0	0	0	0	0	0	0	0	0	0	0	0	0	0	0	0	0	0	0	0	0	0	0	0	0	0	0	0	0	0	0	0	0	0	0	0	0	0	0	0	0	0	0	0	0	0	0	0	0	0	0	0	0	0	0	0	0	0	0	0	
0	-0.00139966	0.00112609	-0.00197624	-0.000353294	-0.000196944	-4.28716e-05	-4.20879e-05	0.00260788	0.00116622	-0.000291155	0.0022054	-0.00214214	-0.0023459	-0.000702894	0.000730581	0.000939047	-0.0014298	-0.00215323	-0.000790734	0.000608217	-0.00107111	-0.000719672	0.000425179	-0.00133987	-0.000818563	0.000943527	-0.000268962	-0.00234995	0.00184663	-0.000815581	-0.00119117	-0.000493004	0.00127866	-0.00198334	-0.000699738	-0.000773989	0.00103898	-0.00226771	-0.00259113	-0.000172591	-0.000290274	-0.00579797	-0.00719262	-0.00634545	-0.0122001	-0.023396	-0.031744	-0.0404293	-0.0482947	-0.0558137	-0.0573663	-0.0463939	-0.0175919	0.0182744	0.050875	0.072147	0.0901236	0.0985294	0.0925422	0.079495	0.056542	0.0285527	-0.00240046	-0.0297167	-0.0422793	-0.039292	-0.0366032	-0.0352212	-0.0323355	-0.0343904	-0.0334258	-0.0352668	-0.0418962	-0.0398843	-0.0234924	0.00887136	0.042976	0.0672598	0.0856547	0.0975122	0.0974606	0.0836006	0.0642398	0.0397286	0.00258977	-0.0323296	-0.0513419	-0.058892	-0.054734	-0.0436352	-0.0362192	-0.0294277	-0.0180341	-0.00735288	-0.00504929	-0.00754801	-0.00294139	0.00384894	0	
0	0.00112609	-0.000259914	0.00160557	0.00157246	-0.00102051	0.00193664	-0.00273809	-0.00184428	-0.00215583	-0.00245277	0.00110815	-0.000833946	0.00400372	0.00399127	-0.00612977	0.0015966	0.00106226	0.0018683	0.000746898	0.00136049	-0.00149131	-0.000578576	0.00302661	-0.00144323	-0.000889696	0.00191862	-0.000832817	-0.00263026	0.00280958	0.000113601	-0.00354978	0.00149275	0.0010815	-0.00108103	-0.00199876	0.00101559	0.00226545	-0.00242622	-0.00279009	0.000779691	0.0022176	-0.0102609	-0.0108475	-0.0113844	-0.0232448	-0.0441936	-0.0636146	-0.0793159	-0.0976556	-0.113408	-0.114555	-0.0967018	-0.036069	0.0326679	0.0977084	0.145424	0.178943	0.199211	0.188931	0.159208	0.115446	0.0579867	-0.00801093	-0.0596699	-0.084516	-0.0817129	-0.0710465	-0.0654964	-0.0646194	-0.0686191	-0.0675617	-0.0770745	-0.0881704	-0.0735283	-0.037699	0.0184948	0.0816741	0.132892	0.171519	0.195442	0.195185	0.166156	0.126328	0.0778545	0.00508897	-0.0645104	-0.102775	-0.116872	-0.108548	-0.0875375	-0.0724224	-0.0580471	-0.0358514	-0.0153308	-0.0102833	-0.014399	-0.00575008	0.00687957	0	
0	-0.00197624	0.00160557	-0.00341168	0.000348867	-0.00137555	0.000487954	-5.69034e-05	0.00312153	0.00173499	-0.000575292	0.0030973	-0.0039836	-0.00252208	-0.00102542	-0.000515275	0.00284962	-0.00201697	-0.00322191	-0.0010209	-0.00027167	-0.000963397	-0.000564496	0.00145613	-0.00386974	-0.00123725	0.00269917	-0.00121325	-0.00441604	0.00352349	-0.00113938	-0.00368787	0.000425635	0.00149914	-0.0032283	-0.00263898	-0.000190853	0.00137518	-0.00446324	-0.00624958	0.000260718	-0.00160092	-0.015154	-0.0189998	-0.0191402	-0.0373698	-0.0675222	-0.0940133	-0.119179	-0.1452	-0.166908	-0.170128	-0.138341	-0.0538162	0.0483612	0.145088	0.213351	0.267602	0.29404	0.278131	0.237345	0.170345	0.0877424	-0.00459781	-0.082299	-0.119947	-0.118784	-0.110317	-0.105623	-0.102056	-0.104956	-0.102969	-0.110649	-0.122978	-0.110063	-0.0601066	0.0301464	0.126416	0.200635	0.257213	0.290784	0.28846	0.247708	0.188535	0.111982	0.00464286	-0.0951849	-0.152483	-0.174131	-0.161896	-0.131314	-0.10777	-0.0853582	-0.0536351	-0.02443	-0.0157327	-0.0199434	-0.00834091	0.00836955	0	
0	-0.000353294	0.00157246	0.000348867	0.000712893	0.000286993	0.000672419	-0.00240562	0.000260256	-0.00142151	-0.00217135	0.00224247	-0.00142055	0.00134026	0.00206085	-0.00398523	0.000474699	-0.000526549	-0.000704699	0.000568043	0.00196917	-0.00286462	-0.00253027	0.00214636	-0.00110184	-0.00156768	0.00129069	-0.00189822	-0.00341781	0.00352471	-0.0016307	-0.0039469	0.000776091	0.0012446	-0.00323345	-0.00245522	9.85655e-05	0.00169532	-0.00491353	-0.00551181	-5.84079e-05	-0.00179196	-0.0185138	-0.0219865	-0.0264973	-0.0495143	-0.088205	-0.122928	-0.157673	-0.19335	-0.221622	-0.225588	-0.181841	-0.0751743	0.0590582	0.184222	0.280972	0.354193	0.389313	0.372029	0.314852	0.228457	0.118448	-0.00287788	-0.102365	-0.154358	-0.156958	-0.147498	-0.141273	-0.137922	-0.143194	-0.142971	-0.152218	-0.162323	-0.136431	-0.0661913	0.0456548	0.166698	0.265124	0.33942	0.385095	0.384096	0.328051	0.243628	0.139957	0.00419973	-0.124177	-0.202015	-0.229671	-0.213165	-0.175115	-0.142685	-0.110898	-0.0709289	-0.0349065	-0.0216815	-0.0238475	-0.0105599	0.00787918	0	
0	-0.000196944	-0.00102051	-0.00137555	0.000286993	-0.00162371	0.000567469	-6.98569e-05	-5.35089e-06	-0.000934675	-0.000330107	0.000249199	-0.00266093	0.00209316	0.00101843	-0.00180026	0.00217587	-0.000303268	0.000374033	-1.50185e-06	-0.00191066	-6.74712e-05	0.00117712	0.00147753	-0.00414935	-0.00101526	0.00214299	-0.00186416	-0.00310077	0.00181714	-0.0014138	-0.00394275	0.000985339	-0.000480047	-0.00257118	-0.00309553	0.000460291	-0.000117665	-0.00442371	-0.00599354	-0.000413603	-0.00503312	-0.0199516	-0.0263928	-0.0339482	-0.0636299	-0.106893	-0.150758	-0.194677	-0.239617	-0.274606	-0.276507	-0.223091	-0.0954105	0.0646607	0.218783	0.343686	0.43637	0.480667	0.461271	0.391674	0.28524	0.152832	0.00609588	-0.114559	-0.17935	-0.19528	-0.188373	-0.181667	-0.182225	-0.182906	-0.181439	-0.190886	-0.194022	-0.159314	-0.0718866	0.0638474	0.208281	0.331052	0.425454	0.477148	0.469754	0.402912	0.298843	0.16451	-0.00118833	-0.153837	-0.248701	-0.281729	-0.263106	-0.219214	-0.176421	-0.134278	-0.0877903	-0.0468835	-0.0282117	-0.0259997	-0.012328	0.0052713	0	
0	-4.28716e-05	0.00193664	0.000487954	0.000672419	0.000567469	-0.000399781	-0.00047033	0.000244901	0.000731602	4.68305e-05	0.000235987	-0.000254155	-0.00245318	-0.00395899	-0.000231154	-0.00144617	-0.00152249	-0.00314884	-0.000695405	-0.000430543	-0.000770819	-0.00314222	-0.00104277	-0.00028609	-0.000704166	-0.000500994	-0.00200363	-0.00130835	0.000739536	-0.00197785	-0.00201346	-0.000226055	-0.000808903	-0.00281044	-0.00227319	-0.000861641	-0.00194108	-0.00467603	-0.0066772	-0.00304815	-0.0103146	-0.0223766	-0.0320787	-0.0455693	-0.0790884	-0.127791	-0.177963	-0.232641	-0.285984	-0.324025	-0.325974	-0.257507	-0.116969	0.0687761	0.249978	0.402271	0.516075	0.566975	0.546085	0.464641	0.340706	0.1859	0.021033	-0.117065	-0.199257	-0.225923	-0.227707	-0.227841	-0.22756	-0.227427	-0.228703	-0.229404	-0.219175	-0.173734	-0.0693956	0.0867107	0.253457	0.396344	0.503435	0.563434	0.557163	0.477585	0.344898	0.178884	-0.00830737	-0.180208	-0.292938	-0.331893	-0.311467	-0.262237	-0.208631	-0.156034	-0.104179	-0.0599169	-0.0353639	-0.0267497	-0.013628	0.000875972	0	
0	-4.20879e-05	-0.00273809	-5.69034e-05	-0.00240562	-6.98569e-05	-0.00047033	6.09799e-05	-0.000490855	-0.000751066	-0.000421321	-0.00173607	0.00100002	0.00106377	0.00150115	0.00262252	-0.0020252	0.00077173	0.00123943	-0.000832161	-0.000431514	-0.00105427	4.43737e-05	-0.00179407	8.5595e-05	-0.00258553	-0.00164631	-0.00166286	-0.00116215	-0.00233923	-0.00256422	-0.00127184	-0.0025909	-0.00194271	-0.00307283	-0.00139258	-0.00286891	-0.00225753	-0.00435503	-0.00409621	-0.005669	-0.0113629	-0.0215059	-0.0335026	-0.0539393	-0.090772	-0.14254	-0.201188	-0.266738	-0.328597	-0.372358	-0.371101	-0.294225	-0.142989	0.0638365	0.269325	0.454105	0.587603	0.648709	0.631268	0.539384	0.400559	0.226795	0.0420919	-0.11392	-0.213917	-0.259758	-0.271037	-0.273883	-0.275295	-0.273393	-0.273575	-0.267461	-0.245273	-0.182502	-0.055434	0.116177	0.297226	0.46024	0.583335	0.647496	0.635063	0.542868	0.386634	0.191111	-0.0188225	-0.209198	-0.334829	-0.376802	-0.357027	-0.304764	-0.239902	-0.176235	-0.119605	-0.0734737	-0.0432807	-0.0267732	-0.0144648	-0.00453523	0	
0	0.00260788	-0.00184428	0.00312153	0.000260256	-5.35089e-06	0.000244901	-0.000490855	-0.00092005	-0.00128226	0.000376803	-0.00169504	-0.000258617	-0.0010396	-0.00324723	7.33598e-05	-0.00330459	-0.00063385	0.000458592	-0.0020369	-0.00192657	0.000125921	4.15098e-05	-0.00234199	1.72377e-05	-0.000823902	-0.00206478	0.000670198	-0.000442086	-0.00316166	-0.000810307	0.000787471	-0.00315247	-0.00189734	-0.00137499	-0.00082566	-0.00370902	-0.00357456	-0.00315742	-0.00447871	-0.00958785	-0.015778	-0.0223978	-0.0402055	-0.0666004	-0.106665	-0.160492	-0.227378	-0.30312	-0.370902	-0.418739	-0.41029	-0.327657	-0.16498	0.0569541	0.28874	0.502675	0.653037	0.725126	0.707112	0.609166	0.456268	0.267366	0.0701019	-0.101146	-0.217936	-0.28585	-0.311393	-0.322871	-0.330281	-0.325627	-0.321951	-0.304795	-0.262947	-0.180077	-0.0354245	0.149458	0.344969	0.524321	0.659017	0.725019	0.706392	0.602747	0.422534	0.19637	-0.0344912	-0.237538	-0.371513	-0.417949	-0.401429	-0.345539	-0.269114	-0.195493	-0.134482	-0.0868698	-0.0516479	-0.0269234	-0.0150431	-0.00991912	0	
0	0.00116622	-0.00215583	0.00173499	-0.00142151	-0.000934675	0.000731602	-0.000751066	-0.00128226	0.00299254	-0.000847167	-0.00158266	0.0031537	-0.00425745	-0.00152201	0.00178754	-0.00321898	0.000770366	-0.00150448	-0.00423195	0.00103081	-0.000298458	-0.00342749	-0.00496769	0.00361471	-0.00302322	-0.00444353	-0.000374838	-0.000304805	-0.00599847	-0.000450892	-0.0002186	-0.00533443	-0.00296924	-0.00146137	-0.00161211	-0.0060909	-0.00442085	-0.00306619	-0.0044827	-0.0142062	-0.0170273	-0.0231586	-0.044589	-0.0778627	-0.118266	-0.174794	-0.250654	-0.334064	-0.41068	-0.45737	-0.44754	-0.357906	-0.191277	0.0436779	0.300567	0.539569	0.709103	0.791393	0.778737	0.677665	0.516655	0.314847	0.106335	-0.0781182	-0.220187	-0.308542	-0.351525	-0.377894	-0.384219	-0.378879	-0.372584	-0.337954	-0.276236	-0.172008	-0.00799433	0.188525	0.398101	0.590268	0.728326	0.793531	0.771928	0.655613	0.449369	0.196192	-0.051961	-0.265641	-0.405544	-0.455718	-0.442488	-0.383221	-0.297219	-0.214862	-0.148504	-0.0990825	-0.0602509	-0.0282709	-0.0156134	-0.014063	0	
0	-0.000291155	-0.00245277	-0.000575292	-0.00217135	-0.000330107	4.68305e-05	-0.000421321	0.000376803	-0.000847167	-0.00172052	-0.00130875	0.000816742	-0.00128813	0.00251809	0.00202523	-0.00279358	0.000175249	0.000584397	-0.000988013	-0.000874148	-0.00226096	0.000429705	-0.00201895	0.000478462	-0.00477717	-0.00304796	0.00152414	-0.00244531	-0.00672362	0.000496474	-0.000802927	-0.00650877	-0.00286779	-0.000864938	-0.00257387	-0.00675342	-0.00461344	-0.00170846	-0.00545966	-0.0166398	-0.0174192	-0.0232829	-0.0498584	-0.0876339	-0.128422	-0.18902	-0.272622	-0.365066	-0.446381	-0.494594	-0.48027	-0.389624	-0.218835	0.026215	0.306623	0.568776	0.755209	0.850592	0.84415	0.746665	0.57802	0.368122	0.150508	-0.0531845	-0.215193	-0.328356	-0.393516	-0.427849	-0.440399	-0.435705	-0.417468	-0.369207	-0.288432	-0.15817	0.0272684	0.23784	0.45393	0.650761	0.796361	0.859962	0.824475	0.693232	0.471208	0.196349	-0.073117	-0.296485	-0.436102	-0.488494	-0.479854	-0.418203	-0.324444	-0.234242	-0.161651	-0.109784	-0.0687789	-0.0314561	-0.0164465	-0.0160853	0	
0	0.0022054	0.00110815	0.0030973	0.00224247	0.000249199	0.000235987	-0.00173607	-0.00169504	-0.00158266	-0.00130875	0.000210296	-0.00134509	-0.00304083	-0.000653301	-0.00477106	-0.00310375	-0.00079088	-0.000440267	-0.00340062	0.00026142	-0.000286364	-0.00232297	-0.00308234	0.0017098	-0.00122154	-0.00291435	0.00171056	-0.00215348	-0.00403945	0.00190824	-0.00104892	-0.00501716	-0.00138611	0.000106097	-0.00290911	-0.00625329	-0.00385744	-0.00159365	-0.00731091	-0.0193346	-0.0183957	-0.0270362	-0.058233	-0.0988668	-0.141137	-0.206189	-0.297563	-0.396199	-0.480693	-0.527704	-0.509479	-0.417979	-0.244124	0.0112357	0.311513	0.591567	0.792559	0.897776	0.901222	0.807743	0.637199	0.424379	0.197914	-0.0194505	-0.202708	-0.340056	-0.427082	-0.477528	-0.499618	-0.495027	-0.463857	-0.398121	-0.29353	-0.134559	0.0696471	0.289422	0.513508	0.715676	0.857558	0.91172	0.86811	0.725708	0.485396	0.188881	-0.0970452	-0.324136	-0.462663	-0.519424	-0.51399	-0.448986	-0.350153	-0.254042	-0.174535	-0.11882	-0.0766271	-0.0366239	-0.0178854	-0.0157429	0	
0	-0.00214214	-0.000833946	-0.0039836	-0.00142055	-0.00266093	-0.000254155	0.00100002	-0.000258617	0.0031537	0.000816742	-0.00134509	0.00162048	-0.00186622	-0.000401402	-0.00121626	0.00272438	0.000555786	-0.00397049	-0.00118871	-0.00358494	-0.00102073	-0.00350546	-0.00166444	-0.00236346	-0.00484212	-0.00388696	-0.00154417	-0.0043064	-0.00642761	-0.000118006	-0.00587698	-0.0051666	-0.00497898	-0.00134095	-0.00748991	-0.00595149	-0.00690478	-0.00227111	-0.0118436	-0.0192979	-0.0197161	-0.030271	-0.064246	-0.105098	-0.14919	-0.218926	-0.317706	-0.418835	-0.509082	-0.551667	-0.536537	-0.44529	-0.270867	-0.00972212	0.308029	0.598171	0.813925	0.932412	0.950218	0.868855	0.704322	0.489981	0.254544	0.0199793	-0.189964	-0.350902	-0.460051	-0.528	-0.557155	-0.547852	-0.50335	-0.421062	-0.290929	-0.109093	0.109691	0.346588	0.58048	0.779434	0.914011	0.95796	0.898712	0.741088	0.491418	0.182417	-0.119301	-0.351831	-0.489466	-0.547693	-0.541998	-0.475536	-0.375545	-0.27423	-0.186956	-0.12638	-0.0835936	-0.0433478	-0.0200702	-0.0135618	0	
0	-0.0023459	0.00400372	-0.00252208	0.00134026	0.00209316	-0.00245318	0.00106377	-0.0010396	-0.00425745	-0.00128813	-0.00304083	-0.00186622	0.000115961	0.000721138	0.000917101	-0.0028756	-0.00368662	-0.00286429	0.00432603	-0.00272462	-7.39283e-05	-0.00204858	-0.000114746	-0.00271069	-0.000487443	-0.00110418	-0.00125805	-0.00297646	-0.00168133	-0.000516186	-0.004039	-0.00234352	-0.00264827	-0.00119215	-0.0058987	-0.00324043	-0.00557378	-0.00225322	-0.0129014	-0.0167105	-0.0209976	-0.0348746	-0.0704824	-0.111808	-0.159515	-0.237318	-0.338889	-0.445963	-0.535231	-0.577931	-0.563518	-0.471906	-0.296972	-0.0250886	0.301178	0.600488	0.82747	0.957992	0.992346	0.925625	0.768794	0.555713	0.312133	0.056281	-0.172058	-0.353932	-0.487155	-0.566702	-0.607681	-0.598832	-0.537949	-0.439632	-0.289316	-0.0852349	0.158582	0.416669	0.649678	0.837561	0.962778	0.993053	0.917347	0.748057	0.491036	0.170493	-0.142035	-0.376007	-0.514085	-0.573592	-0.565575	-0.499014	-0.399629	-0.29345	-0.199375	-0.133704	-0.0895316	-0.0502836	-0.0229599	-0.0109788	0	
0	-0.000702894	0.00399127	-0.00102542	0.00206085	0.00101843	-0.00395899	0.00150115	-0.00324723	-0.00152201	0.00251809	-0.000653301	-0.000401402	0.000721138	-0.00725775	-0.00186247	-0.00299643	0.000550935	9.81061e-05	-0.00158108	-0.00595688	-0.00106669	-0.000941834	-0.00311546	-0.00290048	-0.000628603	-0.00316984	-0.00441449	-0.00198087	-0.00123449	-0.00541779	-0.00331268	-0.00307458	-0.00299222	-0.00567015	-0.00456701	-0.00500174	-0.00576909	-0.00698658	-0.0139142	-0.0161782	-0.0254772	-0.0409166	-0.0773251	-0.116173	-0.172018	-0.25366	-0.35814	-0.467586	-0.555207	-0.599061	-0.586059	-0.494415	-0.31804	-0.0385265	0.288978	0.59115	0.827141	0.968157	1.02363	0.975001	0.832461	0.625869	0.370586	0.0992016	-0.148259	-0.352223	-0.502358	-0.602061	-0.656844	-0.642626	-0.569677	-0.451722	-0.275797	-0.0518317	0.209396	0.47779	0.713756	0.900982	1.01066	1.01662	0.922627	0.742394	0.48046	0.15633	-0.159569	-0.396499	-0.539251	-0.59784	-0.584589	-0.519286	-0.421672	-0.311321	-0.212348	-0.141701	-0.0943183	-0.0559591	-0.0264299	-0.00976675	0	
0	0.000730581	-0.00612977	-0.000515275	-0.00398523	-0.00180026	-0.000231154	0.00262252	7.33598e-05	0.00178754	0.00202523	-0.00477106	-0.00121626	0.000917101	-0.00186247	0.0011713	0.00219754	-0.0042225	-0.00239992	-0.00348012	-0.00220258	-0.00197063	-0.00114814	-0.00438789	-0.00461197	-0.00163588	-0.00375296	-0.00604785	-0.00102669	-0.00436856	-0.00693452	-0.00355582	-0.00256576	-0.00683188	-0.0065676	-0.00478302	-0.00537478	-0.00754522	-0.0110206	-0.0122107	-0.0170587	-0.028377	-0.0480675	-0.0789434	-0.120371	-0.183587	-0.26736	-0.375307	-0.483292	-0.571732	-0.618646	-0.605282	-0.518056	-0.33387	-0.0547659	0.267733	0.572904	0.809981	0.969224	1.04693	1.0199	0.901683	0.69778	0.430846	0.143322	-0.126996	-0.349504	-0.514705	-0.630152	-0.691374	-0.67071	-0.585756	-0.453831	-0.263631	-0.024986	0.254861	0.543184	0.788082	0.961696	1.04459	1.02828	0.917417	0.726575	0.463028	0.139987	-0.174731	-0.413961	-0.562516	-0.61928	-0.600784	-0.53748	-0.441025	-0.32717	-0.225807	-0.15107	-0.0983567	-0.0592882	-0.030096	-0.0112573	0	
0	0.000939047	0.0015966	0.00284962	0.000474699	0.00217587	-0.00144617	-0.0020252	-0.00330459	-0.00321898	-0.00279358	-0.00310375	0.00272438	-0.0028756	-0.00299643	0.00219754	-0.00267834	-0.00567353	0.00170532	0.00034877	-0.000910528	-0.000871816	-0.000980811	-0.00381307	-0.00149164	0.00244943	-0.00428785	-0.00499182	0.00204866	-0.00332219	-0.00602372	-0.000686054	-0.00144989	-0.00655225	-0.00448795	-0.00252142	-0.00373953	-0.0080042	-0.0106764	-0.00915002	-0.016111	-0.0325019	-0.0521524	-0.0795834	-0.126646	-0.196412	-0.283861	-0.39204	-0.500152	-0.590493	-0.638575	-0.628024	-0.536421	-0.345687	-0.0698165	0.2482	0.547587	0.789631	0.964258	1.05927	1.06047	0.961157	0.758846	0.486367	0.181902	-0.103419	-0.333214	-0.513125	-0.642816	-0.707679	-0.690037	-0.600729	-0.450253	-0.24489	0.00515252	0.304618	0.609173	0.853063	1.01185	1.07277	1.03218	0.90288	0.703079	0.436363	0.118347	-0.185998	-0.425703	-0.582622	-0.638809	-0.616263	-0.554003	-0.456777	-0.340583	-0.239649	-0.162135	-0.102166	-0.0599226	-0.0335138	-0.0157675	0	
0	-0.0014298	0.00106226	-0.00201697	-0.000526549	-0.000303268	-0.00152249	0.00077173	-0.00063385	0.000770366	0.000175249	-0.00079088	0.000555786	-0.00368662	0.000550935	-0.0042225	-0.00567353	0.000724368	0.00043787	-0.0041676	-0.00582489	-0.00281041	-0.00340619	-0.00292379	-0.00297572	-0.00238695	-0.00776221	-0.00383607	0.0010022	-0.00826236	-0.00666527	-0.00158333	-0.00366281	-0.0100553	-0.00458617	-0.00504772	-0.0053208	-0.0128401	-0.0115913	-0.010429	-0.0194705	-0.0398508	-0.0562021	-0.0818441	-0.135339	-0.209273	-0.297588	-0.404478	-0.511503	-0.604516	-0.653375	-0.644243	-0.546153	-0.351681	-0.0852561	0.222086	0.511537	0.757023	0.944159	1.06028	1.09215	1.01403	0.819727	0.54101	0.223186	-0.0736367	-0.315548	-0.506935	-0.642787	-0.710187	-0.693388	-0.595532	-0.43578	-0.22577	0.0398929	0.354487	0.66081	0.906472	1.06058	1.09673	1.02654	0.878825	0.66865	0.401527	0.0980164	-0.193387	-0.435886	-0.598774	-0.654835	-0.632112	-0.56929	-0.468815	-0.352033	-0.253517	-0.174065	-0.106159	-0.0588847	-0.0363983	-0.0220662	0	
0	-0.00215323	0.0018683	-0.00322191	-0.000704699	0.000374033	-0.00314884	0.00123943	0.000458592	-0.00150448	0.000584397	-0.000440267	-0.00397049	-0.00286429	9.81061e-05	-0.00239992	0.00170532	0.00043787	-0.00602989	-0.0044007	-0.000343949	-0.00145172	-0.00109997	-0.00416631	-0.00387383	-0.00320039	-0.00374988	-0.00226353	-0.00272749	-0.00831632	-0.00362391	-0.00119302	-0.00676768	-0.00826552	-0.00429543	-0.00394193	-0.00781072	-0.012105	-0.0111709	-0.00865195	-0.0233009	-0.042688	-0.0562846	-0.0837119	-0.143458	-0.220566	-0.309141	-0.414245	-0.524556	-0.617958	-0.671479	-0.658592	-0.552125	-0.359224	-0.100342	0.190338	0.473113	0.721918	0.917618	1.05691	1.11548	1.05503	0.869616	0.586694	0.259747	-0.0418606	-0.291549	-0.490185	-0.624056	-0.691424	-0.676992	-0.57426	-0.413132	-0.20006	0.0746781	0.390753	0.704459	0.961111	1.10069	1.10501	1.00985	0.847018	0.630279	0.36767	0.0755836	-0.206466	-0.443082	-0.604777	-0.66798	-0.650762	-0.583088	-0.477567	-0.362516	-0.266435	-0.185208	-0.110935	-0.0583488	-0.0385045	-0.0275819	0	
0	-0.000790734	0.000746898	-0.0010209	0.000568043	-1.50185e-06	-0.000695405	-0.000832161	-0.0020369	-0.00423195	-0.000988013	-0.00340062	-0.00118871	0.00432603	-0.00158108	-0.00348012	0.00034877	-0.0041676	-0.0044007	0.00274678	-0.000260523	-0.00378256	-0.00489751	-0.00264906	-0.00272685	-0.00118487	-0.00500094	-0.00363635	-0.0052031	-0.00416801	-0.0032681	-0.0044564	-0.00746793	-0.00598111	-0.00380245	-0.00615826	-0.00809948	-0.0121832	-0.00865113	-0.0107587	-0.0263805	-0.0436952	-0.0557642	-0.0872468	-0.152977	-0.229435	-0.318719	-0.423303	-0.53634	-0.632715	-0.68748	-0.667407	-0.555508	-0.363129	-0.119859	0.157663	0.433465	0.681159	0.887936	1.04523	1.12606	1.08338	0.905148	0.621254	0.295791	-0.00948881	-0.264002	-0.456353	-0.585161	-0.650002	-0.633736	-0.540234	-0.389568	-0.17042	0.112406	0.428659	0.745175	0.996236	1.11671	1.10247	0.991166	0.814643	0.590084	0.327822	0.0466748	-0.218676	-0.442622	-0.60573	-0.681562	-0.66866	-0.594037	-0.4859	-0.373159	-0.276819	-0.194032	-0.117024	-0.060436	-0.0397376	-0.0297207	0	
0	0.000608217	0.00136049	-0.00027167	0.00196917	-0.00191066	-0.000430543	-0.000431514	-0.00192657	0.00103081	-0.000874148	0.00026142	-0.00358494	-0.00272462	-0.00595688	-0.00220258	-0.000910528	-0.00582489	-0.000343949	-0.000260523	-0.00678461	-0.00603606	-0.00123319	0.00102561	-0.00600017	-0.00463389	-0.00338721	-0.00276878	-0.00532661	-0.00279549	-0.0050105	-0.00609126	-0.00554357	-0.00456282	-0.0060933	-0.00749378	-0.00900001	-0.0109932	-0.0095612	-0.0153608	-0.0300223	-0.0448705	-0.0573233	-0.0971923	-0.161985	-0.240202	-0.326921	-0.434351	-0.549041	-0.647107	-0.69979	-0.669239	-0.552913	-0.366226	-0.13751	0.126902	0.393776	0.64062	0.850617	1.02294	1.11962	1.08982	0.923988	0.6484	0.332582	0.0293953	-0.223443	-0.410629	-0.53227	-0.587018	-0.57339	-0.491105	-0.344648	-0.127938	0.147243	0.458225	0.770152	1.00848	1.11851	1.09696	0.968509	0.773008	0.54315	0.29069	0.0231664	-0.231811	-0.44514	-0.604689	-0.689306	-0.68224	-0.605417	-0.49644	-0.383099	-0.283827	-0.200183	-0.124221	-0.0660472	-0.0404065	-0.0273057	0	
0	-0.00107111	-0.00149131	-0.000963397	-0.00286462	-6.74712e-05	-0.000770819	-0.00105427	0.000125921	-0.000298458	-0.00226096	-0.000286364	-0.00102073	-7.39283e-05	-0.00106669	-0.00197063	-0.000871816	-0.00281041	-0.00145172	-0.00378256	-0.00603606	-0.00137594	-0.000802694	-0.00531351	-0.00974934	-0.00204631	-0.00116097	-0.00895097	-0.00705612	-0.00279099	-0.00724894	-0.00871422	-0.00510433	-0.00681243	-0.0087932	-0.00951894	-0.00922442	-0.0108041	-0.011618	-0.0198602	-0.0301295	-0.0426728	-0.0600559	-0.103969	-0.167151	-0.243787	-0.331845	-0.442451	-0.559201	-0.660339	-0.705473	-0.669338	-0.550834	-0.375354	-0.159569	0.0942354	0.354452	0.59869	0.813172	0.994775	1.09945	1.08233	0.92469	0.665743	0.363892	0.0650364	-0.176226	-0.352442	-0.456104	-0.495692	-0.487872	-0.420523	-0.290953	-0.0865132	0.183444	0.485627	0.780157	1.00274	1.10639	1.0751	0.930816	0.729869	0.506743	0.260486	-0.00536928	-0.251488	-0.446304	-0.598701	-0.692731	-0.693055	-0.617251	-0.508413	-0.392331	-0.288527	-0.203882	-0.131427	-0.0744799	-0.0411392	-0.0213578	0	
0	-0.000719672	-0.000578576	-0.000564496	-0.00253027	0.00117712	-0.00314222	4.43737e-05	4.15098e-05	-0.00342749	0.000429705	-0.00232297	-0.00350546	-0.00204858	-0.000941834	-0.00114814	-0.000980811	-0.00340619	-0.00109997	-0.00489751	-0.00123319	-0.000802694	-0.00269885	-0.00733739	-0.00293376	0.000681279	-0.00424694	-0.0110617	-0.000853107	-0.00151771	-0.00929922	-0.00756453	-0.00235488	-0.00675595	-0.00944125	-0.00812985	-0.00797651	-0.0083279	-0.0152524	-0.0203698	-0.0286516	-0.0400415	-0.0668271	-0.110246	-0.171178	-0.248048	-0.339331	-0.453801	-0.573041	-0.671898	-0.709751	-0.6662	-0.551526	-0.385776	-0.177786	0.0665119	0.322598	0.560678	0.774723	0.955681	1.06072	1.04849	0.906244	0.671633	0.388951	0.110375	-0.118304	-0.278188	-0.357579	-0.387944	-0.382205	-0.329411	-0.221944	-0.0347253	0.218919	0.504064	0.776247	0.977463	1.07192	1.03511	0.888739	0.69379	0.474208	0.226538	-0.0340627	-0.264789	-0.44702	-0.598185	-0.693962	-0.696503	-0.627813	-0.522693	-0.401504	-0.291859	-0.206123	-0.137539	-0.0832446	-0.0425033	-0.0151821	0	
0	0.000425179	0.00302661	0.00145613	0.00214636	0.00147753	-0.00104277	-0.00179407	-0.00234199	-0.00496769	-0.00201895	-0.00308234	-0.00166444	-0.000114746	-0.00311546	-0.00438789	-0.00381307	-0.00292379	-0.00416631	-0.00264906	0.00102561	-0.00531351	-0.00733739	-0.00134077	-0.0015158	-0.00346255	-0.00857763	-0.00445557	0.000114069	-0.00515769	-0.0116783	-0.00308051	-0.00271221	-0.00862998	-0.0104233	-0.00736831	-0.00658293	-0.0103759	-0.018884	-0.0213992	-0.0258453	-0.0431451	-0.075611	-0.115094	-0.174932	-0.251844	-0.350213	-0.465053	-0.586997	-0.679163	-0.70922	-0.663268	-0.555389	-0.396204	-0.194579	0.0460283	0.295309	0.52638	0.736393	0.905027	1.0045	0.993619	0.868523	0.662814	0.409001	0.15664	-0.0490415	-0.181104	-0.239684	-0.258129	-0.255142	-0.224855	-0.140685	0.0247655	0.257698	0.517411	0.755713	0.93388	1.01564	0.975224	0.844248	0.66212	0.439655	0.195195	-0.0509979	-0.274171	-0.457821	-0.603287	-0.68781	-0.693849	-0.63947	-0.537202	-0.409136	-0.295941	-0.209246	-0.141201	-0.0887852	-0.0450253	-0.013037	0	
0	-0.00133987	-0.00144323	-0.00386974	-0.00110184	-0.00414935	-0.00028609	8.5595e-05	1.72377e-05	0.00361471	0.000478462	0.0017098	-0.00236346	-0.00271069	-0.00290048	-0.00461197	-0.00149164	-0.00297572	-0.00387383	-0.00272685	-0.00600017	-0.00974934	-0.00293376	-0.0015158	-0.00963015	-0.00773254	-0.00593695	-0.00484329	-0.00706727	-0.0105008	-0.00973077	-0.0041856	-0.0083812	-0.0131992	-0.0116458	-0.00865394	-0.00930058	-0.0160822	-0.0231255	-0.0207986	-0.0259594	-0.0503788	-0.0821588	-0.11719	-0.174436	-0.256853	-0.357267	-0.474904	-0.593715	-0.67876	-0.703751	-0.660744	-0.561698	-0.406415	-0.207884	0.0290607	0.269474	0.494062	0.689255	0.842323	0.92957	0.919545	0.819403	0.64423	0.428101	0.209251	0.032872	-0.0704871	-0.109973	-0.114586	-0.114103	-0.0984946	-0.0358975	0.0960818	0.294635	0.517463	0.719998	0.871334	0.9377	0.907471	0.796691	0.620943	0.406928	0.178854	-0.0609312	-0.288737	-0.472566	-0.606022	-0.680759	-0.693203	-0.648415	-0.546124	-0.416528	-0.303976	-0.213946	-0.141201	-0.089278	-0.0489363	-0.0171374	0	
0	-0.000818563	-0.000889696	-0.00123725	-0.00156768	-0.00101526	-0.000704166	-0.00258553	-0.000823902	-0.00302322	-0.00477717	-0.00122154	-0.00484212	-0.000487443	-0.000628603	-0.00163588	0.00244943	-0.00238695	-0.00320039	-0.00118487	-0.00463389	-0.00204631	0.000681279	-0.00346255	-0.00773254	-0.00246963	-0.00310978	-0.00512927	-0.00705786	-0.00599276	-0.00502382	-0.00481382	-0.00902652	-0.00968492	-0.00726744	-0.00628153	-0.00879865	-0.0165051	-0.0184761	-0.0152061	-0.0249447	-0.0548242	-0.0815123	-0.113942	-0.174082	-0.262317	-0.366793	-0.484932	-0.600449	-0.679317	-0.704411	-0.66937	-0.574721	-0.419206	-0.217805	0.0168119	0.252077	0.467211	0.643903	0.774175	0.843036	0.83482	0.752576	0.610788	0.435525	0.258236	0.126207	0.0556304	0.0409644	0.0480747	0.0434054	0.0467524	0.0790999	0.172008	0.330287	0.507286	0.673217	0.796766	0.848145	0.826064	0.732065	0.577959	0.387132	0.167398	-0.0725547	-0.298881	-0.481631	-0.611638	-0.682336	-0.69393	-0.64894	-0.549562	-0.426284	-0.315075	-0.219002	-0.138908	-0.0860355	-0.0532495	-0.0256852	0	
0	0.000943527	0.00191862	0.00269917	0.00129069	0.00214299	-0.000500994	-0.00164631	-0.00206478	-0.00444353	-0.00304796	-0.00291435	-0.00388696	-0.00110418	-0.00316984	-0.00375296	-0.00428785	-0.00776221	-0.00374988	-0.00500094	-0.00338721	-0.00116097	-0.00424694	-0.00857763	-0.00593695	-0.00310978	-0.0027004	-0.00762479	-0.0082281	-0.00476642	-0.00493442	-0.00883943	-0.00990088	-0.00802287	-0.0078412	-0.00907745	-0.0136447	-0.0177808	-0.0176304	-0.0164519	-0.0340764	-0.0613187	-0.0831938	-0.115581	-0.18073	-0.273368	-0.377628	-0.494354	-0.601972	-0.67755	-0.706357	-0.678072	-0.583245	-0.422763	-0.217959	0.0125948	0.240892	0.439664	0.589643	0.69183	0.741034	0.734455	0.672639	0.566429	0.439302	0.316251	0.233004	0.199349	0.205262	0.217246	0.211747	0.200627	0.204324	0.259184	0.364978	0.492838	0.619088	0.708375	0.747539	0.731542	0.656231	0.536454	0.370503	0.156898	-0.0783989	-0.302908	-0.488806	-0.620395	-0.690463	-0.695775	-0.64398	-0.549915	-0.436307	-0.325735	-0.224105	-0.137471	-0.082176	-0.0561715	-0.0337364	0	
0	-0.000268962	-0.000832817	-0.00121325	-0.00189822	-0.00186416	-0.00200363	-0.00166286	0.000670198	-0.000374838	0.00152414	0.00171056	-0.00154417	-0.00125805	-0.00441449	-0.00604785	-0.00499182	-0.00383607	-0.00226353	-0.00363635	-0.00276878	-0.00895097	-0.0110617	-0.00445557	-0.00484329	-0.00512927	-0.00762479	-0.0122935	-0.00952111	-0.00270326	-0.0101825	-0.0140195	-0.0102064	-0.00772797	-0.0116716	-0.0141183	-0.0166828	-0.0167975	-0.0166558	-0.0219135	-0.0409342	-0.0614703	-0.0802408	-0.116187	-0.186673	-0.279248	-0.383546	-0.494342	-0.597978	-0.67457	-0.712668	-0.688433	-0.590428	-0.423457	-0.21796	0.00845633	0.227511	0.404433	0.527424	0.60002	0.635215	0.631856	0.58789	0.519027	0.441824	0.37745	0.347417	0.35015	0.374376	0.391916	0.385165	0.363629	0.344238	0.35512	0.402736	0.474116	0.551264	0.611006	0.639918	0.627989	0.58091	0.495291	0.346404	0.144775	-0.0798106	-0.301441	-0.489046	-0.629473	-0.706329	-0.700521	-0.636796	-0.548652	-0.443896	-0.333049	-0.228644	-0.13941	-0.0816274	-0.0563741	-0.0355069	0	
0	-0.00234995	-0.00263026	-0.00441604	-0.00341781	-0.00310077	-0.00130835	-0.00116215	-0.000442086	-0.000304805	-0.00244531	-0.00215348	-0.0043064	-0.00297646	-0.00198087	-0.00102669	0.00204866	0.0010022	-0.00272749	-0.0052031	-0.00532661	-0.00705612	-0.000853107	0.000114069	-0.00706727	-0.00705786	-0.0082281	-0.00952111	-0.00251783	-0.0033556	-0.0155277	-0.0117741	-0.00431788	-0.00744351	-0.0144332	-0.0142437	-0.0132838	-0.0116706	-0.0166584	-0.0260444	-0.0408348	-0.0548281	-0.0761403	-0.118419	-0.191154	-0.283551	-0.385074	-0.492206	-0.595158	-0.680465	-0.72674	-0.70266	-0.596925	-0.424244	-0.218041	0.0053719	0.211554	0.367114	0.46064	0.509791	0.534125	0.53073	0.503098	0.466017	0.439371	0.434972	0.459856	0.502763	0.547809	0.576565	0.570158	0.536155	0.489884	0.450678	0.435679	0.446573	0.477587	0.51544	0.53825	0.531774	0.500186	0.433759	0.312729	0.139018	-0.0745385	-0.294912	-0.487884	-0.642057	-0.721552	-0.70377	-0.635224	-0.550575	-0.445494	-0.333621	-0.232271	-0.146311	-0.0866447	-0.0534205	-0.0282809	0	
0	0.00184663	0.00280958	0.00352349	0.00352471	0.00181714	0.000739536	-0.00233923	-0.00316166	-0.00599847	-0.00672362	-0.00403945	-0.00642761	-0.00168133	-0.00123449	-0.00436856	-0.00332219	-0.00826236	-0.00831632	-0.00416801	-0.00279549	-0.00279099	-0.00151771	-0.00515769	-0.0105008	-0.00599276	-0.00476642	-0.00270326	-0.0033556	-0.0109885	-0.0140253	-0.00317882	-0.00302815	-0.0125634	-0.0155402	-0.0119948	-0.00963522	-0.0122867	-0.0223504	-0.0316751	-0.0389261	-0.0528179	-0.0809226	-0.128054	-0.200205	-0.290031	-0.388046	-0.491841	-0.599671	-0.693307	-0.74263	-0.710337	-0.595535	-0.417453	-0.21142	0.00552413	0.195198	0.323304	0.3893	0.418149	0.432258	0.429005	0.414919	0.411139	0.437011	0.494957	0.576113	0.659281	0.728905	0.764257	0.752272	0.704802	0.626112	0.539402	0.470719	0.425837	0.415382	0.428915	0.437515	0.43025	0.409813	0.368035	0.281894	0.132223	-0.0729404	-0.291698	-0.489342	-0.646433	-0.724552	-0.712803	-0.648675	-0.552779	-0.43716	-0.329481	-0.23676	-0.155938	-0.0943253	-0.0489258	-0.0166154	0	
0	-0.000815581	0.000113601	-0.00113938	-0.0016307	-0.0014138	-0.00197785	-0.00256422	-0.000810307	-0.000450892	0.000496474	0.00190824	-0.000118006	-0.000516186	-0.00541779	-0.00693452	-0.00602372	-0.00666527	-0.00362391	-0.0032681	-0.0050105	-0.00724894	-0.00929922	-0.0116783	-0.00973077	-0.00502382	-0.00493442	-0.0101825	-0.0155277	-0.0140253	-0.0081669	-0.00594731	-0.014867	-0.0188298	-0.0163025	-0.0123329	-0.0131133	-0.0193173	-0.0308543	-0.0330629	-0.0355602	-0.0540062	-0.0877398	-0.134334	-0.201987	-0.287951	-0.381504	-0.48705	-0.603207	-0.704484	-0.750175	-0.710095	-0.589022	-0.411969	-0.209788	-0.00464071	0.162688	0.266011	0.310447	0.328996	0.33914	0.338893	0.340815	0.369784	0.444434	0.555477	0.685637	0.80658	0.898313	0.944208	0.930035	0.864189	0.757134	0.632645	0.511941	0.412268	0.357331	0.341833	0.342181	0.339249	0.327639	0.304761	0.241766	0.110259	-0.0806174	-0.291362	-0.483914	-0.636486	-0.725646	-0.733687	-0.666366	-0.549544	-0.427236	-0.327444	-0.240295	-0.161696	-0.0993152	-0.0469573	-0.0103009	0	
0	-0.00119117	-0.00354978	-0.00368787	-0.0039469	-0.00394275	-0.00201346	-0.00127184	0.000787471	-0.0002186	-0.000802927	-0.00104892	-0.00587698	-0.004039	-0.00331268	-0.00355582	-0.000686054	-0.00158333	-0.00119302	-0.0044564	-0.00609126	-0.00871422	-0.00756453	-0.00308051	-0.0041856	-0.00481382	-0.00883943	-0.0140195	-0.0117741	-0.00317882	-0.00594731	-0.0137621	-0.016395	-0.0128392	-0.0112551	-0.0110957	-0.0138941	-0.0226419	-0.0298523	-0.0255301	-0.0305566	-0.0567569	-0.0928993	-0.135358	-0.199781	-0.28268	-0.376608	-0.489704	-0.616006	-0.718473	-0.757065	-0.708453	-0.586691	-0.410879	-0.215683	-0.0258694	0.121027	0.203335	0.238104	0.25278	0.262077	0.267121	0.283705	0.341418	0.454525	0.608016	0.77845	0.93595	1.0579	1.11876	1.10335	1.02097	0.881399	0.713178	0.545556	0.402367	0.311023	0.272769	0.265939	0.263607	0.255675	0.237595	0.183484	0.0729299	-0.0928821	-0.287905	-0.473082	-0.629071	-0.732924	-0.748123	-0.673525	-0.550944	-0.428484	-0.326814	-0.238002	-0.160063	-0.0990823	-0.0504406	-0.0157997	0	
0	-0.000493004	0.00149275	0.000425635	0.000776091	0.000985339	-0.000226055	-0.0025909	-0.00315247	-0.00533443	-0.00650877	-0.00501716	-0.0051666	-0.00234352	-0.00307458	-0.00256576	-0.00144989	-0.00366281	-0.00676768	-0.00746793	-0.00554357	-0.00510433	-0.00235488	-0.00271221	-0.0083812	-0.00902652	-0.00990088	-0.0102064	-0.00431788	-0.00302815	-0.014867	-0.016395	-0.0109178	-0.00900196	-0.0126883	-0.0129445	-0.0183046	-0.0253832	-0.0259103	-0.0207504	-0.0340407	-0.065446	-0.0974092	-0.13535	-0.196838	-0.278851	-0.377465	-0.500233	-0.631339	-0.728013	-0.756437	-0.704857	-0.583423	-0.413267	-0.22844	-0.0560065	0.070499	0.14223	0.173311	0.188431	0.200297	0.211186	0.243204	0.325706	0.467777	0.652788	0.859902	1.05439	1.20653	1.28522	1.26446	1.15492	0.980894	0.778303	0.578872	0.406267	0.287862	0.230097	0.211255	0.200407	0.18637	0.16565	0.12008	0.0315581	-0.111333	-0.292059	-0.472869	-0.630458	-0.731473	-0.742681	-0.677237	-0.566326	-0.438088	-0.323579	-0.23111	-0.153075	-0.094709	-0.0581278	-0.0298713	0	
0	0.00127866	0.0010815	0.00149914	0.0012446	-0.000480047	-0.000808903	-0.00194271	-0.00189734	-0.00296924	-0.00286779	-0.00138611	-0.00497898	-0.00264827	-0.00299222	-0.00683188	-0.00655225	-0.0100553	-0.00826552	-0.00598111	-0.00456282	-0.00681243	-0.00675595	-0.00862998	-0.0131992	-0.00968492	-0.00802287	-0.00772797	-0.00744351	-0.0125634	-0.0188298	-0.0128392	-0.00900196	-0.0131254	-0.0162105	-0.0182664	-0.0238892	-0.0252846	-0.0218986	-0.0238745	-0.0452944	-0.0734916	-0.0991877	-0.133299	-0.193955	-0.277942	-0.383883	-0.51341	-0.640399	-0.726131	-0.748382	-0.696537	-0.581547	-0.42011	-0.252333	-0.100694	0.0120063	0.0782062	0.112566	0.133189	0.15236	0.177496	0.22972	0.332663	0.4938	0.699274	0.928997	1.15179	1.33174	1.42216	1.39614	1.26809	1.06444	0.83325	0.614216	0.426345	0.290908	0.211455	0.171334	0.148363	0.129363	0.105782	0.0619491	-0.0189711	-0.149218	-0.314322	-0.482355	-0.628699	-0.718448	-0.731585	-0.683472	-0.5828	-0.447671	-0.32282	-0.224364	-0.1437	-0.090473	-0.0655883	-0.0409491	0	
0	-0.00198334	-0.00108103	-0.0032283	-0.00323345	-0.00257118	-0.00281044	-0.00307283	-0.00137499	-0.00146137	-0.000864938	0.000106097	-0.00134095	-0.00119215	-0.00567015	-0.0065676	-0.00448795	-0.00458617	-0.00429543	-0.00380245	-0.0060933	-0.0087932	-0.00944125	-0.0104233	-0.0116458	-0.00726744	-0.0078412	-0.0116716	-0.0144332	-0.0155402	-0.0163025	-0.0112551	-0.0126883	-0.0162105	-0.0202635	-0.0233561	-0.0239105	-0.0191886	-0.0206198	-0.032433	-0.0521385	-0.0727435	-0.0926538	-0.126646	-0.188417	-0.278125	-0.392105	-0.521125	-0.639138	-0.717077	-0.739208	-0.695394	-0.589335	-0.444622	-0.2966	-0.15994	-0.0529118	0.0204282	0.0646983	0.0970241	0.132419	0.176206	0.245613	0.360081	0.525672	0.735606	0.980343	1.22521	1.42593	1.53039	1.50219	1.35503	1.12898	0.881669	0.65217	0.456192	0.31047	0.216042	0.158976	0.120827	0.0903275	0.0577389	0.00462643	-0.081697	-0.204263	-0.34975	-0.496765	-0.627125	-0.709264	-0.724197	-0.681961	-0.587593	-0.457183	-0.328302	-0.2196	-0.137426	-0.0909434	-0.0666658	-0.0384387	0	
0	-0.000699738	-0.00199876	-0.00263898	-0.00245522	-0.00309553	-0.00227319	-0.00139258	-0.00082566	-0.00161211	-0.00257387	-0.00290911	-0.00748991	-0.0058987	-0.00456701	-0.00478302	-0.00252142	-0.00504772	-0.00394193	-0.00615826	-0.00749378	-0.00951894	-0.00812985	-0.00736831	-0.00865394	-0.00628153	-0.00907745	-0.0141183	-0.0142437	-0.0119948	-0.0123329	-0.0110957	-0.0129445	-0.0182664	-0.0233561	-0.0221229	-0.0158617	-0.0152604	-0.0281837	-0.0408015	-0.0531553	-0.0672088	-0.0880584	-0.123721	-0.190517	-0.288255	-0.403784	-0.525312	-0.632141	-0.707205	-0.735333	-0.69952	-0.608467	-0.482194	-0.352208	-0.223828	-0.110882	-0.0272294	0.0305157	0.0803231	0.13617	0.201984	0.286724	0.403117	0.56358	0.770787	1.01791	1.2737	1.48874	1.59965	1.57088	1.41742	1.1784	0.918302	0.684472	0.493958	0.353109	0.251623	0.176957	0.118078	0.067988	0.0180276	-0.0497623	-0.145487	-0.266995	-0.397756	-0.522448	-0.635536	-0.709538	-0.718128	-0.670782	-0.58135	-0.461616	-0.334836	-0.22248	-0.141257	-0.092847	-0.0571928	-0.0245257	0	
0	-0.000773989	0.00101559	-0.000190853	9.85655e-05	0.000460291	-0.000861641	-0.00286891	-0.00370902	-0.0060909	-0.00675342	-0.00625329	-0.00595149	-0.00324043	-0.00500174	-0.00537478	-0.00373953	-0.0053208	-0.00781072	-0.00809948	-0.00900001	-0.00922442	-0.00797651	-0.00658293	-0.00930058	-0.00879865	-0.0136447	-0.0166828	-0.0132838	-0.00963522	-0.0131133	-0.0138941	-0.0183046	-0.0238892	-0.0239105	-0.0158617	-0.0130476	-0.0247465	-0.0395606	-0.0442404	-0.0484458	-0.0637982	-0.0859366	-0.125456	-0.199224	-0.300056	-0.409402	-0.517894	-0.619184	-0.698617	-0.735209	-0.714001	-0.640777	-0.536098	-0.418324	-0.286335	-0.162303	-0.0623438	0.0137218	0.0858888	0.16856	0.255368	0.346932	0.458491	0.606238	0.801303	1.04556	1.30197	1.51703	1.62952	1.60022	1.44278	1.20199	0.946075	0.722389	0.544538	0.413179	0.313021	0.225355	0.139962	0.0619797	-0.0096867	-0.0946619	-0.203943	-0.331507	-0.455885	-0.564219	-0.659872	-0.719232	-0.714441	-0.656704	-0.56489	-0.453035	-0.340626	-0.238457	-0.152345	-0.0879018	-0.0421386	-0.0132636	0	
0	0.00103898	0.00226545	0.00137518	0.00169532	-0.000117665	-0.00194108	-0.00225753	-0.00357456	-0.00442085	-0.00461344	-0.00385744	-0.00690478	-0.00557378	-0.00576909	-0.00754522	-0.0080042	-0.0128401	-0.012105	-0.0121832	-0.0109932	-0.0108041	-0.0083279	-0.0103759	-0.0160822	-0.0165051	-0.0177808	-0.0167975	-0.0116706	-0.0122867	-0.0193173	-0.0226419	-0.0253832	-0.0252846	-0.0191886	-0.0152604	-0.0247465	-0.0394169	-0.0459791	-0.0413302	-0.0474159	-0.0650171	-0.0901106	-0.135221	-0.213631	-0.30987	-0.404229	-0.503822	-0.605657	-0.692873	-0.7418	-0.73664	-0.686447	-0.59872	-0.483763	-0.342882	-0.203016	-0.0865576	0.010788	0.112178	0.222622	0.327901	0.425021	0.527302	0.659542	0.839841	1.06619	1.30495	1.50593	1.6076	1.57917	1.43477	1.21035	0.970161	0.762463	0.604034	0.490921	0.395878	0.296094	0.186115	0.0770689	-0.0233328	-0.126827	-0.248787	-0.389954	-0.522592	-0.625092	-0.702119	-0.738485	-0.714316	-0.642411	-0.542909	-0.437769	-0.345502	-0.255667	-0.159385	-0.0793044	-0.0341291	-0.0135088	0	
0	-0.00226771	-0.00242622	-0.00446324	-0.00491353	-0.00442371	-0.00467603	-0.00435503	-0.00315742	-0.00306619	-0.00170846	-0.00159365	-0.00227111	-0.00225322	-0.00698658	-0.0110206	-0.0106764	-0.0115913	-0.0111709	-0.00865113	-0.0095612	-0.011618	-0.0152524	-0.018884	-0.0231255	-0.0184761	-0.0176304	-0.0166558	-0.0166584	-0.0223504	-0.0308543	-0.0298523	-0.0259103	-0.0218986	-0.0206198	-0.0281837	-0.0395606	-0.0459791	-0.041762	-0.0383621	-0.0470899	-0.0674316	-0.0957165	-0.146085	-0.222228	-0.303609	-0.386401	-0.484271	-0.594376	-0.694084	-0.758664	-0.777933	-0.748977	-0.671725	-0.551586	-0.394199	-0.236591	-0.0971729	0.0309391	0.165487	0.30415	0.423895	0.517932	0.607569	0.72011	0.874296	1.07322	1.28172	1.45409	1.54154	1.51749	1.39233	1.19722	0.989747	0.811746	0.675644	0.57631	0.48803	0.383779	0.25371	0.116083	-0.011331	-0.137822	-0.281861	-0.445015	-0.593886	-0.698173	-0.757855	-0.765692	-0.718071	-0.634369	-0.530541	-0.426126	-0.338592	-0.253437	-0.159377	-0.0816601	-0.0404222	-0.0201367	0	
