0	0	0	0	0	0	0	0	0	0	0	0	0	0	0	0	0	0	0	0	0	0	0	0	0	0	0	0	0	0	0	0	0	0	0	0	0	0	0	0	0	0	0	0	0	0	0	0	0	0	0	0	0	0	0	0	0	0	0	0	0	0	0	0	0	0	0	0	0	0	0	0	0	0	0	0	0	0	0	0	0	0	0	0	0	0	0	0	0	0	0	0	0	0	0	0	0	0	0	0	
0	7.54796e-07	3.52963e-06	1.46173e-05	5.53652e-05	0.000191507	0.000603353	0.00172729	0.00448499	0.0105509	0.0224882	0.0434902	0.0765542	0.123268	0.182774	0.251518	0.323966	0.393941	0.456008	0.506449	0.543616	0.567751	0.580456	0.584095	0.581301	0.574632	0.566349	0.558309	0.551922	0.548145	0.547496	0.550059	0.55549	0.563009	0.571387	0.578945	0.583578	0.582829	0.574062	0.554753	0.522921	0.477708	0.419962	0.352585	0.280407	0.209457	0.145701	0.0936139	0.0551583	0.0296346	0.0144608	0.00639506	0.00256144	0.000929784	0.000306346	9.1817e-05	2.50979e-05	6.27439e-06	1.43875e-06	3.03489e-07	5.90582e-08	1.06315e-08	1.77518e-09	2.75622e-10	3.98891e-11	5.39321e-12	6.82691e-13	8.10707e-14	9.0489e-15	9.51047e-16	9.42805e-17	8.82983e-18	7.82442e-19	6.56969e-20	5.23383e-21	3.96128e-22	2.85182e-23	1.95515e-24	1.27788e-25	7.97082e-27	4.74954e-28	2.70612e-29	1.47564e-30	7.70772e-32	3.85958e-33	1.85424e-34	8.55314e-36	3.79083e-37	1.61544e-38	6.62335e-40	2.61441e-41	9.94121e-43	3.64358e-44	1.28791e-45	4.39278e-47	1.4465e-48	4.60084e-50	1.41417e-51	4.19922e-53	0	
0	3.52963e-06	1.58165e-05	6.243e-05	0.00022476	0.000737024	0.00219542	0.0059266	0.014475	0.031964	0.0638631	0.115739	0.191134	0.289533	0.405642	0.530482	0.653661	0.765764	0.860018	0.932936	0.984069	1.01525	1.02966	1.03115	1.0237	1.01105	0.996526	0.982858	0.972154	0.965865	0.964783	0.96904	0.978109	0.990801	1.00527	1.01903	1.02898	1.03153	1.02276	0.998726	0.955902	0.891799	0.805848	0.700258	0.580514	0.455115	0.334317	0.227963	0.14304	0.0819865	0.0426927	0.0201288	0.0085802	0.00330699	0.00115393	0.000365299	0.000105191	2.76331e-05	6.6424e-06	1.46553e-06	2.97681e-07	5.58291e-08	9.6948e-09	1.56295e-09	2.34516e-10	3.28294e-11	4.29724e-12	5.27079e-13	6.06997e-14	6.57568e-15	6.71285e-16	6.4686e-17	5.893e-18	5.08313e-19	4.15724e-20	3.22802e-21	2.38271e-22	1.6739e-23	1.12048e-24	7.15421e-26	4.36159e-27	2.54143e-28	1.41665e-29	7.56111e-31	3.86732e-32	1.89708e-33	8.93197e-35	4.03938e-36	1.75587e-37	7.34135e-39	2.95422e-40	1.14489e-41	4.27561e-43	1.53954e-44	5.34789e-46	1.79308e-47	5.80586e-49	1.81632e-50	5.48808e-52	0	
0	1.46173e-05	6.243e-05	0.000233254	0.000791857	0.00243922	0.00679797	0.0170985	0.0387511	0.079111	0.145716	0.243125	0.369901	0.517877	0.674403	0.826124	0.962178	1.07574	1.16402	1.22735	1.26799	1.28919	1.29458	1.28803	1.27348	1.25463	1.23481	1.2169	1.20313	1.19512	1.19374	1.19914	1.21074	1.22722	1.24659	1.26621	1.2829	1.2931	1.29294	1.27852	1.24609	1.19219	1.11407	1.01049	0.882856	0.736321	0.58022	0.427205	0.290665	0.180959	0.102294	0.0522392	0.024038	0.00996204	0.00372238	0.00125675	0.000384466	0.000106912	2.71145e-05	6.29282e-06	1.34088e-06	2.63155e-07	4.77125e-08	8.0149e-09	1.2508e-09	1.81807e-10	2.4672e-11	3.13294e-12	3.7305e-13	4.17363e-14	4.39544e-15	4.36508e-16	4.09451e-17	3.63335e-18	3.05452e-19	2.4362e-20	1.8458e-21	1.33014e-22	9.12772e-24	5.97118e-25	3.72779e-26	2.22317e-27	1.26777e-28	6.91907e-30	3.61721e-31	1.81291e-32	8.71766e-34	4.02506e-35	1.7857e-36	7.61741e-38	3.12649e-39	1.23547e-40	4.70326e-42	1.72588e-43	6.10815e-45	2.08608e-46	6.87861e-48	2.19095e-49	6.73854e-51	0	
0	5.53652e-05	0.00022476	0.000791857	0.00252341	0.00726341	0.018824	0.043807	0.091405	0.171047	0.287893	0.43852	0.610369	0.786086	0.949738	1.09076	1.20448	1.29059	1.35112	1.38891	1.40687	1.40793	1.39535	1.37291	1.34448	1.31376	1.2842	1.25875	1.23975	1.22886	1.227	1.23432	1.25021	1.27331	1.30156	1.33223	1.36204	1.38734	1.40432	1.40911	1.39826	1.36876	1.31769	1.24213	1.13957	1.00918	0.853665	0.681129	0.505629	0.344639	0.213346	0.119037	0.0596128	0.0267599	0.0107764	0.003902	0.00127428	0.00037666	0.000101149	2.477e-05	5.55176e-06	1.14286e-06	2.168e-07	3.80175e-08	6.18077e-09	9.34179e-10	1.31602e-10	1.73214e-11	2.13485e-12	2.46905e-13	2.68489e-14	2.75015e-15	2.65812e-16	2.42822e-17	2.09973e-18	1.72119e-19	1.33929e-20	9.90519e-22	6.97144e-23	4.67471e-24	2.98975e-25	1.82563e-26	1.06542e-27	5.94791e-29	3.17931e-30	1.62853e-31	8.00031e-33	3.77228e-34	1.70847e-35	7.43754e-37	3.1143e-38	1.25512e-39	4.87166e-41	1.82219e-42	6.57176e-44	2.28657e-45	7.67945e-47	2.49081e-48	7.79907e-50	0	
0	0.000191507	0.000737024	0.00243922	0.00726341	0.0194338	0.0465545	0.0995694	0.1899	0.323418	0.494413	0.685123	0.872976	1.04015	1.17791	1.28466	1.36221	1.41314	1.4397	1.44397	1.42841	1.39642	1.35267	1.30204	1.24902	1.19773	1.15179	1.11408	1.08681	1.07149	1.06891	1.07922	1.10186	1.13562	1.17857	1.22812	1.28096	1.33311	1.38021	1.41747	1.44004	1.44403	1.42664	1.38572	1.3191	1.22429	1.09897	0.942966	0.761721	0.569548	0.388097	0.2382	0.130763	0.0640212	0.0279614	0.0109184	0.00382467	0.0012067	0.000344356	8.92571e-05	2.10999e-05	4.56674e-06	9.08265e-07	1.66567e-07	2.82566e-08	4.44735e-09	6.51229e-10	8.89478e-11	1.13592e-11	1.35938e-12	1.52765e-13	1.61525e-14	1.60985e-15	1.51497e-16	1.34831e-17	1.13658e-18	9.0877e-20	6.90137e-21	4.98417e-22	3.42727e-23	2.24644e-24	1.40507e-25	8.39461e-27	4.79541e-28	2.62165e-29	1.37287e-30	6.89207e-32	3.3196e-33	1.53522e-34	6.82208e-36	2.91494e-37	1.19839e-38	4.74353e-40	1.80886e-41	6.6491e-43	2.35734e-44	8.06523e-46	2.66424e-47	8.49396e-49	0	
0	0.000603353	0.00219542	0.00679797	0.018824	0.0465545	0.102437	0.199985	0.346303	0.533886	0.73975	0.935974	1.10363	1.23705	1.33755	1.40689	1.44584	1.45488	1.43557	1.3913	1.32724	1.25017	1.16691	1.08273	1.00213	0.929151	0.866804	0.817313	0.782401	0.763074	0.759868	0.772919	0.801756	0.845612	0.903033	0.972014	1.04994	1.13323	1.21748	1.29781	1.36789	1.42075	1.45055	1.45314	1.42629	1.36914	1.2812	1.16117	1.00704	0.820693	0.615582	0.417387	0.252753	0.135889	0.0647868	0.027442	0.0103643	0.00350587	0.00106722	0.000293756	7.34494e-05	1.67551e-05	3.50132e-06	6.72788e-07	1.19291e-07	1.95806e-08	2.98423e-09	4.23477e-10	5.60963e-11	6.95315e-12	8.08227e-13	8.82851e-14	9.07988e-15	8.80833e-16	8.07348e-17	7.00276e-18	5.75657e-19	4.49111e-20	3.32975e-21	2.34897e-22	1.57857e-23	1.01171e-24	6.19026e-26	3.61961e-27	2.02454e-28	1.08417e-29	5.56355e-31	2.73806e-32	1.29334e-33	5.86797e-35	2.55905e-36	1.07345e-37	4.33395e-39	1.68522e-40	6.31485e-42	2.28167e-43	7.95365e-45	2.67631e-46	8.68902e-48	0	
0	0.00172729	0.0059266	0.0170985	0.043807	0.0995694	0.199985	0.354201	0.554255	0.772752	0.976309	1.14488	1.27636	1.37399	1.43654	1.46095	1.44664	1.39655	1.31705	1.21627	1.10299	0.985519	0.869329	0.758464	0.657266	0.568938	0.49532	0.438144	0.398374	0.3765	0.372918	0.387573	0.420361	0.470686	0.537896	0.620515	0.716692	0.824067	0.938608	1.05616	1.17205	1.27883	1.36788	1.43063	1.45987	1.45119	1.40362	1.31963	1.2019	1.04846	0.857488	0.641324	0.429894	0.255257	0.133677	0.0617865	0.0252937	0.00921564	0.00300446	0.00088121	0.000233735	5.63404e-05	1.23976e-05	2.50088e-06	4.64253e-07	7.95902e-08	1.26421e-08	1.86607e-09	2.56679e-10	3.29844e-11	3.96927e-12	4.48278e-13	4.76107e-14	4.76437e-15	4.50009e-16	4.01858e-17	3.3981e-18	2.72488e-19	2.07492e-20	1.50232e-21	1.03552e-22	6.80298e-24	4.26436e-25	2.55314e-26	1.46147e-27	8.00578e-29	4.20054e-30	2.11281e-31	1.01958e-32	4.72416e-34	2.10323e-35	9.00354e-37	3.7085e-38	1.47069e-39	5.61887e-41	2.06938e-42	7.35092e-44	2.51993e-45	8.33261e-47	0	
0	0.00448499	0.014475	0.0387511	0.091405	0.1899	0.346303	0.554255	0.783755	0.995827	1.16792	1.30079	1.3988	1.45535	1.46267	1.42196	1.34018	1.22709	1.09307	0.947141	0.797752	0.65064	0.509463	0.379364	0.264574	0.166523	0.0864912	0.0255892	-0.0164342	-0.0393685	-0.0431173	-0.0280727	0.00641542	0.0597265	0.13221	0.223252	0.331521	0.455602	0.592932	0.738067	0.887232	1.03543	1.17523	1.2979	1.39341	1.45172	1.46433	1.42701	1.34451	1.22565	1.06998	0.872504	0.645675	0.424528	0.24541	0.12445	0.0555075	0.0218839	0.00767162	0.00240591	0.000678969	0.000173376	4.02621e-05	8.54262e-06	1.66308e-06	2.98227e-07	4.94339e-08	7.59898e-09	1.08649e-09	1.44886e-10	1.80654e-11	2.11107e-12	2.31702e-13	2.39331e-14	2.33088e-15	2.14414e-16	1.86597e-17	1.53864e-18	1.20386e-19	8.94968e-21	6.32968e-22	4.26405e-23	2.73918e-24	1.67975e-25	9.84313e-27	5.51709e-28	2.96054e-29	1.52229e-30	7.50671e-32	3.55281e-33	1.61508e-34	7.05711e-36	2.96602e-37	1.19983e-38	4.67459e-40	1.75511e-41	6.35413e-43	2.21943e-44	7.47563e-46	0	
0	0.0105509	0.031964	0.079111	0.171047	0.323418	0.533886	0.772752	0.995827	1.17531	1.31265	1.41352	1.46555	1.456	1.39084	1.28282	1.14223	0.979406	0.802733	0.620616	0.441065	0.269038	0.110806	-0.0279719	-0.146519	-0.245134	-0.322693	-0.380645	-0.419959	-0.441044	-0.444706	-0.430843	-0.399139	-0.348664	-0.279034	-0.18886	-0.0778447	0.0527075	0.203551	0.370727	0.547857	0.729925	0.909642	1.07903	1.22958	1.35173	1.43562	1.46891	1.44095	1.35775	1.235	1.07348	0.866118	0.628467	0.401754	0.224409	0.109537	0.0469285	0.017757	0.00597413	0.00179892	0.000487818	0.000119806	2.67861e-05	5.4776e-06	1.02888e-06	1.78197e-07	2.85582e-08	4.24855e-09	5.88446e-10	7.60844e-11	9.20629e-12	1.04488e-12	1.11472e-13	1.12005e-14	1.06187e-15	9.51509e-17	8.07158e-18	6.49169e-19	4.95703e-20	3.59852e-21	2.4866e-22	1.6375e-23	1.0288e-24	6.17323e-26	3.54128e-27	1.94395e-28	1.02206e-29	5.15124e-31	2.49081e-32	1.15639e-33	5.15847e-35	2.2126e-36	9.13151e-38	3.62847e-39	1.38904e-40	5.12597e-42	1.82454e-43	6.26076e-45	0	
0	0.0224882	0.0638631	0.145716	0.287893	0.494413	0.73975	0.976309	1.16792	1.31265	1.41841	1.46967	1.4479	1.36416	1.23761	1.07449	0.883238	0.674722	0.458929	0.248182	0.0500892	-0.12917	-0.283858	-0.41406	-0.522082	-0.607499	-0.671905	-0.719236	-0.749973	-0.766242	-0.769404	-0.758096	-0.734028	-0.693273	-0.635964	-0.559176	-0.460192	-0.338479	-0.194114	-0.0240489	0.166865	0.373634	0.588599	0.801284	1.00079	1.17619	1.31789	1.4204	1.46928	1.44639	1.35982	1.2309	1.0593	0.838138	0.590382	0.363606	0.194791	0.0909923	0.0372836	0.0134962	0.00434739	0.00125473	0.000326526	7.70576e-05	1.65763e-05	3.26553e-06	5.91618e-07	9.89472e-08	1.53299e-08	2.20708e-09	2.96133e-10	3.71272e-11	4.36003e-12	4.80676e-13	4.9852e-14	4.87323e-15	4.49814e-16	3.92699e-17	3.24769e-18	2.54809e-19	1.89924e-20	1.34658e-21	9.09286e-23	5.85445e-24	3.59801e-25	2.11289e-26	1.18674e-27	6.38119e-29	3.28774e-30	1.62446e-31	7.70343e-33	3.50875e-34	1.53615e-35	6.46885e-37	2.62194e-38	1.02353e-39	3.85052e-41	1.39681e-42	4.8834e-44	0	
0	0.0434902	0.115739	0.243125	0.43852	0.685123	0.935974	1.14488	1.30079	1.41352	1.46967	1.44441	1.3493	1.21024	1.0276	0.806871	0.567943	0.323323	0.0878213	-0.128557	-0.32145	-0.485883	-0.622009	-0.73226	-0.817479	-0.87929	-0.924391	-0.954898	-0.973629	-0.983298	-0.984802	-0.978235	-0.963287	-0.938244	-0.899507	-0.84442	-0.769688	-0.668733	-0.543495	-0.390357	-0.208726	-0.00131461	0.227702	0.469972	0.712881	0.943014	1.14251	1.29864	1.41309	1.4692	1.44389	1.35079	1.21299	1.02612	0.788065	0.533312	0.313663	0.16005	0.0711768	0.0277843	0.00959389	0.00295249	0.000815454	0.000203408	4.60851e-05	9.53205e-06	1.80815e-06	3.15858e-07	5.10008e-08	7.63758e-09	1.06406e-09	1.383e-10	1.68131e-11	1.91633e-12	2.05229e-13	2.06936e-14	1.96824e-15	1.76898e-16	1.50482e-17	1.21345e-18	9.28882e-20	6.75903e-21	4.68105e-22	3.08927e-23	1.94496e-24	1.16943e-25	6.72173e-27	3.697e-28	1.94748e-29	9.83397e-31	4.76402e-32	2.21589e-33	9.90328e-35	4.25574e-36	1.75967e-37	7.00545e-39	2.68693e-40	9.93471e-42	3.53904e-43	0	
0	0.0765542	0.191134	0.369901	0.610369	0.872976	1.10363	1.27636	1.3988	1.46555	1.4479	1.3493	1.20125	1.00326	0.755848	0.491961	0.226674	-0.0295898	-0.262132	-0.468277	-0.641032	-0.77996	-0.885583	-0.960881	-1.01001	-1.04089	-1.05945	-1.06764	-1.07179	-1.07281	-1.07216	-1.0726	-1.0683	-1.06318	-1.0495	-1.02454	-0.983288	-0.919603	-0.825697	-0.700878	-0.541091	-0.348525	-0.125418	0.122184	0.385573	0.651153	0.908663	1.12878	1.29565	1.41665	1.46941	1.4333	1.33054	1.17942	0.971443	0.716097	0.460905	0.256805	0.124058	0.0522878	0.0193798	0.00636732	0.00186854	0.000493148	0.00011778	2.55974e-05	5.08744e-06	9.28789e-07	1.56382e-07	2.43713e-08	3.52708e-09	4.7544e-10	5.98555e-11	7.05549e-12	7.80488e-13	8.1198e-14	7.96013e-15	7.36692e-16	6.4474e-17	5.34449e-18	4.20242e-19	3.13885e-20	2.22992e-21	1.50867e-22	9.73171e-24	5.99177e-25	3.52488e-26	1.98328e-27	1.06827e-28	5.51349e-30	2.72887e-31	1.29629e-32	5.91451e-34	2.59388e-35	1.09421e-36	4.44285e-38	1.73744e-39	6.54808e-41	2.37691e-42	0	
0	0.123268	0.289533	0.517877	0.786086	1.04015	1.23705	1.37399	1.45535	1.456	1.36416	1.21024	1.00326	0.737691	0.453455	0.172193	-0.106866	-0.358589	-0.577817	-0.756198	-0.890535	-0.984165	-1.03992	-1.06808	-1.0761	-1.07172	-1.05951	-1.04583	-1.03387	-1.0269	-1.02574	-1.03071	-1.04093	-1.05333	-1.06646	-1.07637	-1.07313	-1.05525	-1.01023	-0.933397	-0.814821	-0.654844	-0.450753	-0.211429	0.0587551	0.340958	0.623996	0.902447	1.13467	1.30881	1.4296	1.46714	1.41384	1.29793	1.1265	0.892791	0.624494	0.378815	0.198599	0.0903771	0.0359681	0.0126226	0.00393775	0.00110012	0.000277094	6.3302e-05	1.31865e-05	2.51677e-06	4.41997e-07	7.17021e-08	1.07819e-08	1.50761e-09	1.96589e-10	2.39693e-11	2.73924e-12	2.94071e-13	2.97178e-14	2.8324e-15	2.55057e-16	2.17364e-17	1.7558e-18	1.34626e-19	9.81171e-21	6.8057e-22	4.4982e-23	2.8362e-24	1.70778e-25	9.83035e-27	5.41458e-28	2.85639e-29	1.44445e-30	7.00786e-32	3.2644e-33	1.46112e-34	6.28843e-36	2.60419e-37	1.03839e-38	3.98914e-40	1.47556e-41	0	
0	0.182774	0.405642	0.674403	0.949738	1.17791	1.33755	1.43654	1.46267	1.39084	1.23761	1.0276	0.755848	0.453455	0.155069	-0.146947	-0.420142	-0.647087	-0.82994	-0.955624	-1.03748	-1.07288	-1.07842	-1.05931	-1.02683	-0.987323	-0.950162	-0.918212	-0.894242	-0.882867	-0.880345	-0.888032	-0.909455	-0.936449	-0.971851	-1.01011	-1.04793	-1.07331	-1.07883	-1.05623	-0.994056	-0.886117	-0.727103	-0.515777	-0.262118	0.0336048	0.33375	0.635443	0.925761	1.16032	1.33725	1.44633	1.45795	1.38428	1.2495	1.04928	0.789713	0.518625	0.294228	0.144357	0.061642	0.0230971	0.00765789	0.00226439	0.00060144	0.000144417	3.15295e-05	6.29079e-06	1.1523e-06	1.94574e-07	3.03991e-08	4.4091e-09	5.95486e-10	7.50982e-11	8.866e-12	9.82157e-13	1.02312e-13	1.00421e-14	9.30434e-16	8.1518e-17	6.76437e-18	5.32425e-19	3.9807e-20	2.83076e-21	1.91704e-22	1.23781e-23	7.62866e-25	4.49234e-26	2.53021e-27	1.3643e-28	7.04885e-30	3.49263e-31	1.66098e-32	7.58731e-34	3.33152e-35	1.40712e-36	5.72071e-38	2.24013e-39	8.44338e-41	0	
0	0.251518	0.530482	0.826124	1.09076	1.28466	1.40689	1.46095	1.42196	1.28282	1.07449	0.806871	0.491961	0.172193	-0.146947	-0.441656	-0.676835	-0.868108	-0.994005	-1.06564	-1.08581	-1.06374	-1.01519	-0.949907	-0.882221	-0.821503	-0.768032	-0.728052	-0.701404	-0.686129	-0.682795	-0.693646	-0.714691	-0.75132	-0.799693	-0.855221	-0.92258	-0.989196	-1.04824	-1.08005	-1.08048	-1.02762	-0.926953	-0.758861	-0.542122	-0.270959	0.0444917	0.36282	0.684095	0.974893	1.20595	1.37666	1.4585	1.43826	1.34185	1.17881	0.943741	0.665903	0.406911	0.214621	0.0981447	0.0392109	0.0138026	0.00431614	0.00120805	0.000304712	6.96861e-05	1.45281e-05	2.77446e-06	4.87459e-07	7.91006e-08	1.18969e-08	1.66372e-09	2.16964e-10	2.64549e-11	3.0234e-12	3.24586e-13	3.28027e-14	3.12657e-15	2.81567e-16	2.39979e-17	1.93873e-18	1.48677e-19	1.08379e-20	7.51938e-22	4.97136e-23	3.1356e-24	1.8888e-25	1.08771e-26	5.99407e-28	3.16381e-29	1.60088e-30	7.77183e-32	3.62284e-33	1.6228e-34	6.99001e-36	2.89727e-37	1.15633e-38	4.44077e-40	0	
0	0.323966	0.653661	0.962178	1.20448	1.36221	1.44584	1.44664	1.34018	1.14223	0.883238	0.567943	0.226674	-0.106866	-0.420142	-0.676835	-0.879839	-1.01694	-1.07717	-1.08503	-1.0343	-0.959789	-0.863546	-0.776146	-0.693151	-0.628728	-0.575561	-0.541583	-0.518481	-0.502826	-0.503819	-0.511546	-0.528721	-0.561173	-0.605262	-0.666456	-0.740338	-0.82719	-0.922466	-1.00716	-1.07003	-1.08713	-1.0482	-0.944708	-0.763243	-0.530878	-0.235909	0.0920178	0.431251	0.763258	1.04548	1.26913	1.41694	1.45841	1.40552	1.28022	1.07824	0.810281	0.530114	0.299346	0.146163	0.0621226	0.0231747	0.00765195	0.00225393	0.000596514	0.000142755	3.10693e-05	6.18091e-06	1.1291e-06	1.90171e-07	2.9641e-08	4.28965e-09	5.78164e-10	7.27748e-11	8.57653e-12	9.4854e-13	9.86612e-14	9.67046e-15	8.94871e-16	7.83126e-17	6.49168e-18	5.1049e-19	3.81358e-20	2.70998e-21	1.83411e-22	1.18365e-23	7.29178e-25	4.29254e-26	2.41709e-27	1.30311e-28	6.73225e-30	3.33583e-31	1.58657e-32	7.24874e-34	3.1837e-35	1.34515e-36	5.47106e-38	2.1405e-39	0	
0	0.393941	0.765764	1.07574	1.29059	1.41314	1.45488	1.39655	1.22709	0.979406	0.674722	0.323323	-0.0295898	-0.358589	-0.647087	-0.868108	-1.01694	-1.07878	-1.07671	-1.0132	-0.914422	-0.798591	-0.687956	-0.593027	-0.520958	-0.46837	-0.437897	-0.412664	-0.400457	-0.393932	-0.393077	-0.397156	-0.407957	-0.425815	-0.453981	-0.499109	-0.559687	-0.648439	-0.75127	-0.870574	-0.975349	-1.059	-1.08409	-1.05212	-0.936843	-0.743915	-0.481174	-0.163693	0.180106	0.537598	0.864635	1.13521	1.34027	1.44522	1.44183	1.35506	1.18944	0.943508	0.65638	0.394828	0.205056	0.0924328	0.0364491	0.0126799	0.00392309	0.00108754	0.000271938	6.1701e-05	1.27709e-05	2.42287e-06	4.2312e-07	6.82799e-08	1.0217e-08	1.42208e-09	1.84645e-10	2.24237e-11	2.55317e-12	2.7316e-13	2.75178e-14	2.61514e-15	2.34871e-16	1.99678e-17	1.60943e-18	1.23162e-19	8.96054e-21	6.2058e-22	4.09626e-23	2.57986e-24	1.55198e-25	8.92691e-27	4.91422e-28	2.59145e-29	1.31022e-30	6.35644e-32	2.96139e-33	1.3259e-34	5.70921e-36	2.36582e-37	9.42752e-39	0	
0	0.456008	0.860018	1.16402	1.35112	1.4397	1.43557	1.31705	1.09307	0.802733	0.458929	0.0878213	-0.262132	-0.577817	-0.82994	-0.994005	-1.07717	-1.07671	-1.0086	-0.890169	-0.75515	-0.622331	-0.521892	-0.450234	-0.413018	-0.387848	-0.374631	-0.367074	-0.362917	-0.363218	-0.360656	-0.361882	-0.366736	-0.369524	-0.382409	-0.402008	-0.432803	-0.488924	-0.577727	-0.700309	-0.837101	-0.965553	-1.05711	-1.08616	-1.03769	-0.905373	-0.688902	-0.393697	-0.0558937	0.310841	0.671486	0.98404	1.2378	1.4025	1.45241	1.40574	1.27694	1.06033	0.778827	0.496263	0.272921	0.129994	0.0540136	0.0197423	0.00640004	0.00185428	0.000483486	0.000114155	2.45424e-05	4.82823e-06	8.73041e-07	1.45674e-07	2.2511e-08	3.23208e-09	4.32447e-10	5.40658e-11	6.33186e-12	6.96227e-13	7.20275e-14	7.02463e-15	6.47014e-16	5.63774e-17	4.65461e-18	3.64661e-19	2.71473e-20	1.92291e-21	1.29754e-22	8.35054e-24	5.13114e-25	3.01348e-26	1.69318e-27	9.11009e-29	4.69797e-30	2.32397e-31	1.10365e-32	5.03551e-34	2.20894e-35	9.32297e-37	3.78271e-38	0	
0	0.506449	0.932936	1.22735	1.38891	1.44397	1.3913	1.21627	0.947141	0.620616	0.248182	-0.128557	-0.468277	-0.756198	-0.955624	-1.06564	-1.08503	-1.0132	-0.890169	-0.736156	-0.593054	-0.483095	-0.420858	-0.392711	-0.380746	-0.37434	-0.371504	-0.370813	-0.36795	-0.367537	-0.368096	-0.368071	-0.370524	-0.37088	-0.373053	-0.37757	-0.38808	-0.405524	-0.452807	-0.543229	-0.676258	-0.829714	-0.969125	-1.06497	-1.08515	-1.00996	-0.847652	-0.591533	-0.269943	0.0945767	0.475523	0.823153	1.11823	1.33625	1.44009	1.43509	1.34234	1.15832	0.892086	0.598636	0.346926	0.173879	0.0758518	0.0290346	0.00983332	0.00296971	0.00080547	0.000197463	4.40049e-05	8.96016e-06	1.6746e-06	2.88451e-07	4.59627e-08	6.79777e-09	9.36005e-10	1.20324e-10	1.44774e-11	1.63424e-12	1.73447e-13	1.73425e-14	1.63667e-15	1.46036e-16	1.23401e-17	9.88971e-19	7.52791e-20	5.44964e-21	3.7567e-22	2.4689e-23	1.5486e-24	9.28061e-26	5.31919e-27	2.91848e-28	1.53427e-29	7.73485e-31	3.74248e-32	1.73926e-33	7.76933e-35	3.3383e-36	1.37855e-37	0	
0	0.543616	0.984069	1.26799	1.40687	1.42841	1.32724	1.10299	0.797752	0.441065	0.0500892	-0.32145	-0.641032	-0.890535	-1.03748	-1.08581	-1.0343	-0.914422	-0.75515	-0.593054	-0.473501	-0.404319	-0.38875	-0.387209	-0.387724	-0.379073	-0.371338	-0.365463	-0.358457	-0.35689	-0.354939	-0.356027	-0.363136	-0.36851	-0.374933	-0.384277	-0.389013	-0.387179	-0.393591	-0.438455	-0.539466	-0.68716	-0.854098	-0.992112	-1.07605	-1.06813	-0.96192	-0.751322	-0.456134	-0.103372	0.285891	0.659995	0.989164	1.25303	1.40873	1.44622	1.38831	1.23732	0.992664	0.697448	0.423779	0.222507	0.101501	0.0405424	0.0142976	0.00448724	0.00126249	0.000320525	7.3864e-05	1.55317e-05	2.99406e-06	5.31358e-07	8.71464e-08	1.32538e-08	1.87506e-09	2.47464e-10	3.05466e-11	3.53515e-12	3.84421e-13	3.93594e-14	3.8015e-15	3.4697e-16	2.99761e-17	2.45511e-18	1.909e-19	1.41113e-20	9.92904e-22	6.65805e-23	4.2597e-24	2.60295e-25	1.52072e-26	8.50254e-28	4.55362e-29	2.33805e-30	1.15185e-31	5.4491e-33	2.47724e-34	1.08302e-35	4.54928e-37	0	
0	0.567751	1.01525	1.28919	1.40793	1.39642	1.25017	0.985519	0.65064	0.269038	-0.12917	-0.485883	-0.77996	-0.984165	-1.07288	-1.06374	-0.959789	-0.798591	-0.622331	-0.483095	-0.404319	-0.390276	-0.399189	-0.398102	-0.370938	-0.351786	-0.337489	-0.329987	-0.317416	-0.314424	-0.317078	-0.314968	-0.323935	-0.335599	-0.345638	-0.361021	-0.390394	-0.401482	-0.394437	-0.3921	-0.444274	-0.560075	-0.727548	-0.900041	-1.03233	-1.08102	-1.03295	-0.873919	-0.61243	-0.278578	0.109664	0.501885	0.857753	1.15931	1.36266	1.44243	1.41802	1.2987	1.07887	0.789158	0.50018	0.273859	0.130089	0.054012	0.0197633	0.0064245	0.00186922	0.00049005	0.000116464	2.52261e-05	5.00385e-06	9.12908e-07	1.53782e-07	2.40028e-08	3.48245e-09	4.71014e-10	5.95473e-11	7.05394e-12	7.84726e-13	8.21533e-14	8.10941e-15	7.56119e-16	6.67041e-17	5.57641e-18	4.42417e-19	3.33565e-20	2.3931e-21	1.63569e-22	1.06635e-23	6.63789e-25	3.94943e-26	2.24822e-27	1.22559e-28	6.40369e-30	3.20969e-31	1.5445e-32	7.14058e-34	3.17407e-35	1.35528e-36	0	
0	0.580456	1.02966	1.29458	1.39535	1.35267	1.16691	0.869329	0.509463	0.110806	-0.283858	-0.622009	-0.885583	-1.03992	-1.07842	-1.01519	-0.863546	-0.687956	-0.521892	-0.420858	-0.38875	-0.399189	-0.39588	-0.363315	-0.324989	-0.313407	-0.305055	-0.290835	-0.28845	-0.286146	-0.285943	-0.288263	-0.288762	-0.299782	-0.310581	-0.316808	-0.34587	-0.385449	-0.401443	-0.390483	-0.400405	-0.471728	-0.617298	-0.793332	-0.962406	-1.06418	-1.06976	-0.961752	-0.737673	-0.428789	-0.0495573	0.354174	0.730699	1.06167	1.30655	1.42701	1.43466	1.3447	1.15047	0.871349	0.573175	0.325728	0.160427	0.068959	0.0260821	0.0087509	0.00262425	0.000708232	0.000173074	3.85086e-05	7.83943e-06	1.46664e-06	2.53158e-07	4.04617e-08	6.00743e-09	8.31013e-10	1.07393e-10	1.29977e-11	1.47664e-12	1.57803e-13	1.58941e-14	1.51157e-15	1.35964e-16	1.15854e-17	9.3656e-19	7.1928e-20	5.25492e-21	3.65657e-22	2.4262e-23	1.53674e-24	9.30137e-26	5.38509e-27	2.985e-28	1.58558e-29	8.07774e-31	3.95003e-32	1.85546e-33	8.37846e-35	3.63338e-36	0	
0	0.584095	1.03115	1.28803	1.37291	1.30204	1.08273	0.758464	0.379364	-0.0279719	-0.41406	-0.73226	-0.960881	-1.06808	-1.05931	-0.949907	-0.776146	-0.593027	-0.450234	-0.392711	-0.387209	-0.398102	-0.363315	-0.317129	-0.290838	-0.299642	-0.29565	-0.282201	-0.291347	-0.286177	-0.282855	-0.291587	-0.28274	-0.289118	-0.302259	-0.291363	-0.303676	-0.342671	-0.391033	-0.392455	-0.387813	-0.416307	-0.52945	-0.699631	-0.8862	-1.02545	-1.07673	-1.01987	-0.834564	-0.552301	-0.188981	0.219539	0.612572	0.966281	1.24546	1.40329	1.44121	1.37791	1.20828	0.942681	0.640369	0.375952	0.191142	0.0847107	0.0329899	0.0113822	0.0035059	0.000970799	0.000243182	5.54158e-05	1.15453e-05	2.20896e-06	3.897e-07	6.36223e-08	9.64394e-09	1.36134e-09	1.79446e-10	2.21436e-11	2.56397e-12	2.7916e-13	2.86371e-14	2.77293e-15	2.53878e-16	2.2013e-17	1.81032e-18	1.41403e-19	1.05043e-20	7.43042e-22	5.01084e-23	3.22507e-24	1.98314e-25	1.16623e-26	6.56515e-28	3.54095e-29	1.83139e-30	9.09035e-32	4.33367e-33	1.98576e-34	8.73675e-36	0	
0	0.581301	1.0237	1.27348	1.34448	1.24902	1.00213	0.657266	0.264574	-0.146519	-0.522082	-0.817479	-1.01001	-1.0761	-1.02683	-0.882221	-0.693151	-0.520958	-0.413018	-0.380746	-0.387724	-0.370938	-0.324989	-0.290838	-0.307273	-0.311004	-0.294991	-0.279793	-0.292654	-0.281382	-0.274556	-0.293403	-0.283212	-0.287014	-0.305298	-0.312657	-0.294601	-0.305078	-0.355575	-0.383939	-0.384189	-0.390732	-0.46954	-0.618893	-0.807895	-0.979766	-1.06778	-1.05392	-0.907178	-0.65016	-0.305383	0.100859	0.505888	0.877575	1.18433	1.37486	1.44047	1.40087	1.25371	1.00269	0.699994	0.422576	0.220804	0.100471	0.0401279	0.0141836	0.00447119	0.00126598	0.000324009	7.5384e-05	1.60249e-05	3.12665e-06	5.62214e-07	9.35102e-08	1.44344e-08	2.07415e-09	2.78216e-10	3.49243e-11	4.11235e-12	4.55203e-13	4.74613e-14	4.66981e-15	4.34342e-16	3.82505e-17	3.19427e-18	2.53307e-19	1.91004e-20	1.37119e-21	9.38278e-23	6.12665e-24	3.82149e-25	2.27926e-26	1.30113e-27	7.11542e-29	3.73087e-30	1.87717e-31	9.07025e-33	4.21191e-34	1.87768e-35	0	
0	0.574632	1.01105	1.25463	1.31376	1.19773	0.929151	0.568938	0.166523	-0.245134	-0.607499	-0.87929	-1.04089	-1.07172	-0.987323	-0.821503	-0.628728	-0.46837	-0.387848	-0.37434	-0.379073	-0.351786	-0.313407	-0.299642	-0.311004	-0.29069	-0.26859	-0.272509	-0.268281	-0.261294	-0.262068	-0.264613	-0.270889	-0.271138	-0.276879	-0.307955	-0.303934	-0.304193	-0.335345	-0.371975	-0.377572	-0.377194	-0.425245	-0.558805	-0.741768	-0.930332	-1.04806	-1.06923	-0.959663	-0.727653	-0.399522	0.0013016	0.413514	0.798684	1.12711	1.34514	1.43509	1.41598	1.2884	1.05154	0.750872	0.463958	0.248047	0.115393	0.0470765	0.0169814	0.00545858	0.00157483	0.000410423	9.71788e-05	2.10128e-05	4.16838e-06	7.6175e-07	1.28717e-07	2.01789e-08	2.94394e-09	4.00812e-10	5.1056e-11	6.09912e-12	6.84771e-13	7.24026e-14	7.22277e-15	6.81002e-16	6.07844e-17	5.14392e-18	4.13306e-19	3.15722e-20	2.29584e-21	1.59109e-22	1.05209e-23	6.64475e-25	4.0124e-26	2.31871e-27	1.28351e-28	6.81142e-30	3.4683e-31	1.69581e-32	7.96788e-34	3.59366e-35	0	
0	0.566349	0.996526	1.23481	1.2842	1.15179	0.866804	0.49532	0.0864912	-0.322693	-0.671905	-0.924391	-1.05945	-1.05951	-0.950162	-0.768032	-0.575561	-0.437897	-0.374631	-0.371504	-0.371338	-0.337489	-0.305055	-0.29565	-0.294991	-0.26859	-0.255093	-0.268584	-0.253165	-0.253799	-0.260524	-0.248706	-0.264458	-0.262334	-0.256984	-0.288476	-0.294453	-0.300656	-0.320432	-0.36232	-0.372417	-0.370745	-0.401882	-0.513727	-0.686741	-0.883785	-1.02685	-1.0755	-0.993602	-0.784701	-0.473597	-0.0793212	0.337463	0.732404	1.07707	1.31712	1.42746	1.42535	1.314	1.08975	0.792313	0.498801	0.271651	0.128654	0.0533955	0.0195802	0.00639416	0.00187301	0.000495356	0.00011897	2.60832e-05	5.24446e-06	9.71106e-07	1.66222e-07	2.63903e-08	3.89824e-09	5.37261e-10	6.92648e-11	8.37297e-12	9.51117e-13	1.01731e-13	1.02649e-14	9.78792e-16	8.83432e-17	7.55896e-18	6.14015e-19	4.74139e-20	3.4849e-21	2.44091e-22	1.63109e-23	1.04095e-24	6.35112e-26	3.70809e-27	2.07361e-28	1.11162e-29	5.71737e-31	2.82351e-32	1.33985e-33	6.10254e-35	0	
0	0.558309	0.982858	1.2169	1.25875	1.11408	0.817313	0.438144	0.0255892	-0.380645	-0.719236	-0.954898	-1.06764	-1.04583	-0.918212	-0.728052	-0.541583	-0.412664	-0.367074	-0.370813	-0.365463	-0.329987	-0.290835	-0.282201	-0.279793	-0.272509	-0.268584	-0.270505	-0.261401	-0.260916	-0.265081	-0.259312	-0.267153	-0.270195	-0.269476	-0.278578	-0.280757	-0.285414	-0.311595	-0.354971	-0.371456	-0.366769	-0.384881	-0.481774	-0.647971	-0.848162	-1.00338	-1.07448	-1.01725	-0.825486	-0.527489	-0.140317	0.278581	0.680431	1.03677	1.29335	1.4196	1.43074	1.332	1.11799	0.823976	0.526141	0.2906	0.139517	0.0586668	0.0217849	0.00720036	0.0021338	0.000570691	0.000138563	3.07019e-05	6.23717e-06	1.16665e-06	2.01679e-07	3.23321e-08	4.82179e-09	6.70829e-10	8.72908e-11	1.06491e-11	1.22066e-12	1.31733e-13	1.34102e-14	1.28995e-15	1.1744e-16	1.01352e-17	8.30316e-19	6.46594e-20	4.79234e-21	3.38463e-22	2.2804e-23	1.46728e-24	9.0251e-26	5.31188e-27	2.99432e-28	1.61799e-29	8.3877e-31	4.17485e-32	1.99661e-33	9.16431e-35	0	
0	0.551922	0.972154	1.20313	1.23975	1.08681	0.782401	0.398374	-0.0164342	-0.419959	-0.749973	-0.973629	-1.07179	-1.03387	-0.894242	-0.701404	-0.518481	-0.400457	-0.362917	-0.36795	-0.358457	-0.317416	-0.28845	-0.291347	-0.292654	-0.268281	-0.253165	-0.261401	-0.247109	-0.248028	-0.25156	-0.243524	-0.257998	-0.257619	-0.256576	-0.2863	-0.292545	-0.288538	-0.300177	-0.345396	-0.366072	-0.364964	-0.374836	-0.463528	-0.621435	-0.821526	-0.987342	-1.07154	-1.03025	-0.852062	-0.563829	-0.181918	0.237847	0.644018	1.00799	1.27579	1.41315	1.43357	1.34359	1.13693	0.845743	0.545311	0.30411	0.147378	0.0625327	0.0234217	0.00780579	0.00233176	0.00062847	0.000153739	3.43138e-05	7.02074e-06	1.32239e-06	2.3017e-07	3.71484e-08	5.57682e-09	7.80946e-10	1.02276e-10	1.25567e-11	1.44839e-12	1.57286e-13	1.61103e-14	1.55915e-15	1.4281e-16	1.23988e-17	1.02181e-18	8.00426e-20	5.96732e-21	4.23902e-22	2.87256e-23	1.8589e-24	1.14992e-25	6.80638e-27	3.85835e-28	2.09653e-29	1.09288e-30	5.46966e-32	2.6302e-33	1.2138e-34	0	
0	0.548145	0.965865	1.19512	1.22886	1.07149	0.763074	0.3765	-0.0393685	-0.441044	-0.766242	-0.983298	-1.07281	-1.0269	-0.882867	-0.686129	-0.502826	-0.393932	-0.363218	-0.367537	-0.35689	-0.314424	-0.286146	-0.286177	-0.281382	-0.261294	-0.253799	-0.260916	-0.248028	-0.247416	-0.254429	-0.244244	-0.256117	-0.258905	-0.253955	-0.276401	-0.284129	-0.286944	-0.297495	-0.343775	-0.365668	-0.365801	-0.372624	-0.450921	-0.605494	-0.808225	-0.97844	-1.06853	-1.03608	-0.866157	-0.583611	-0.204525	0.215638	0.623977	0.991931	1.26579	1.40928	1.4348	1.34964	1.14709	0.857606	0.555889	0.311645	0.151802	0.0647268	0.0243578	0.00815454	0.00244656	0.000662194	0.000162652	3.64477e-05	7.48638e-06	1.41547e-06	2.47292e-07	4.00586e-08	6.0355e-09	8.48198e-10	1.11475e-10	1.37339e-11	1.58966e-12	1.73216e-13	1.78021e-14	1.72868e-15	1.58866e-16	1.38383e-17	1.14419e-18	8.99202e-20	6.72538e-21	4.79285e-22	3.25822e-23	2.11514e-24	1.31254e-25	7.79317e-27	4.43144e-28	2.41535e-29	1.26293e-30	6.33992e-32	3.05789e-33	1.41539e-34	0	
0	0.547496	0.964783	1.19374	1.227	1.06891	0.759868	0.372918	-0.0431173	-0.444706	-0.769404	-0.984802	-1.07216	-1.02574	-0.880345	-0.682795	-0.503819	-0.393077	-0.360656	-0.368096	-0.354939	-0.317078	-0.285943	-0.282855	-0.274556	-0.262068	-0.260524	-0.265081	-0.25156	-0.254429	-0.260028	-0.248782	-0.261409	-0.263495	-0.259022	-0.269521	-0.279776	-0.283819	-0.300369	-0.342033	-0.365511	-0.363417	-0.37067	-0.450522	-0.604232	-0.805124	-0.975898	-1.06899	-1.03767	-0.867971	-0.586642	-0.208435	0.211877	0.620665	0.989248	1.26409	1.4086	1.43499	1.35063	1.14877	0.859584	0.55766	0.31291	0.152547	0.0650969	0.0245161	0.00821362	0.00246605	0.000667928	0.00016417	3.68118e-05	7.56597e-06	1.43141e-06	2.5023e-07	4.05588e-08	6.11447e-09	8.59798e-10	1.13065e-10	1.39378e-11	1.61416e-12	1.75985e-13	1.80967e-14	1.75826e-15	1.61672e-16	1.40904e-17	1.16566e-18	9.16572e-20	6.85895e-21	4.89063e-22	3.32644e-23	2.16056e-24	1.34142e-25	7.96879e-27	4.53363e-28	2.47231e-29	1.29337e-30	6.49602e-32	3.13475e-33	1.45169e-34	0	
0	0.550059	0.96904	1.19914	1.23432	1.07922	0.772919	0.387573	-0.0280727	-0.430843	-0.758096	-0.978235	-1.0726	-1.03071	-0.888032	-0.693646	-0.511546	-0.397156	-0.361882	-0.368071	-0.356027	-0.314968	-0.288263	-0.291587	-0.293403	-0.264613	-0.248706	-0.259312	-0.243524	-0.244244	-0.248782	-0.239668	-0.25506	-0.254151	-0.252748	-0.285828	-0.293623	-0.289366	-0.298474	-0.343427	-0.365111	-0.366126	-0.371995	-0.458821	-0.614154	-0.813962	-0.983703	-1.06988	-1.03216	-0.859354	-0.574476	-0.19335	0.226982	0.634132	0.99998	1.27081	1.41125	1.43422	1.34665	1.14204	0.851684	0.550589	0.307857	0.149571	0.0636174	0.0238833	0.00797737	0.00238812	0.000644992	0.000158097	3.53553e-05	7.24761e-06	1.36767e-06	2.38486e-07	3.85597e-08	5.79892e-09	8.13466e-10	1.06718e-10	1.31245e-11	1.51644e-12	1.64951e-13	1.69233e-14	1.64054e-15	1.50509e-16	1.30884e-17	1.08038e-18	8.4765e-20	6.3294e-21	4.50331e-22	3.05644e-23	1.98097e-24	1.22732e-25	7.27568e-27	4.13068e-28	2.24792e-29	1.17357e-30	5.88228e-32	2.83284e-33	1.30925e-34	0	
0	0.55549	0.978109	1.21074	1.25021	1.10186	0.801756	0.420361	0.00641542	-0.399139	-0.734028	-0.963287	-1.0683	-1.04093	-0.909455	-0.714691	-0.528721	-0.407957	-0.366736	-0.370524	-0.363136	-0.323935	-0.288762	-0.28274	-0.283212	-0.270889	-0.264458	-0.267153	-0.257998	-0.256117	-0.261409	-0.25506	-0.263808	-0.266477	-0.265914	-0.279961	-0.282565	-0.28473	-0.305878	-0.350501	-0.370794	-0.366418	-0.382022	-0.47168	-0.633537	-0.837179	-0.997203	-1.07297	-1.02287	-0.837918	-0.544671	-0.159408	0.260318	0.664099	1.0238	1.28547	1.41678	1.43213	1.33737	1.12667	0.833885	0.534816	0.296681	0.143038	0.0603909	0.0225119	0.00746826	0.00222108	0.000596081	0.00014521	3.22792e-05	6.57835e-06	1.23427e-06	2.14015e-07	3.4412e-08	5.14701e-09	7.18142e-10	9.37135e-11	1.14648e-11	1.31781e-12	1.42609e-13	1.45569e-14	1.40403e-15	1.28168e-16	1.10904e-17	9.10956e-19	7.11242e-20	5.28514e-21	3.74227e-22	2.5278e-23	1.63058e-24	1.00548e-25	5.93276e-27	3.35262e-28	1.81608e-29	9.43772e-31	4.70895e-32	2.25751e-33	1.03867e-34	0	
0	0.563009	0.990801	1.22722	1.27331	1.13562	0.845612	0.470686	0.0597265	-0.348664	-0.693273	-0.938244	-1.06318	-1.05333	-0.936449	-0.75132	-0.561173	-0.425815	-0.369524	-0.37088	-0.36851	-0.335599	-0.299782	-0.289118	-0.287014	-0.271138	-0.262334	-0.270195	-0.257619	-0.258905	-0.263495	-0.254151	-0.266477	-0.267423	-0.263702	-0.282783	-0.288146	-0.294018	-0.317888	-0.359542	-0.371847	-0.367818	-0.392362	-0.499825	-0.671133	-0.86886	-1.01711	-1.07488	-1.00348	-0.803246	-0.498292	-0.106215	0.312106	0.71	1.05966	1.30696	1.42424	1.42792	1.32208	1.10223	0.806178	0.510676	0.279822	0.133308	0.0556403	0.0205139	0.00673381	0.00198234	0.000526792	0.00012711	2.79937e-05	5.65338e-06	1.05133e-06	1.80712e-07	2.88092e-08	4.27282e-09	5.91236e-10	7.65231e-11	9.28623e-12	1.05889e-12	1.13687e-13	1.1514e-14	1.10196e-15	9.98233e-17	8.57214e-18	6.9881e-19	5.41532e-20	3.99424e-21	2.80742e-22	1.88249e-23	1.20552e-24	7.38019e-26	4.32347e-27	2.42584e-28	1.30478e-29	6.73301e-31	3.33599e-32	1.58821e-33	7.25707e-35	0	
0	0.571387	1.00527	1.24659	1.30156	1.17857	0.903033	0.537896	0.13221	-0.279034	-0.635964	-0.899507	-1.0495	-1.06646	-0.971851	-0.799693	-0.605262	-0.453981	-0.382409	-0.373053	-0.374933	-0.345638	-0.310581	-0.302259	-0.305298	-0.276879	-0.256984	-0.269476	-0.256576	-0.253955	-0.259022	-0.252748	-0.265914	-0.263702	-0.261356	-0.299971	-0.302961	-0.305812	-0.327871	-0.368566	-0.374273	-0.375115	-0.41422	-0.538117	-0.719257	-0.911031	-1.039	-1.07214	-0.974962	-0.753299	-0.432112	-0.0332617	0.381324	0.770685	1.10609	1.33357	1.4322	1.42034	1.29969	1.06811	0.768625	0.478732	0.257965	0.12092	0.0496902	0.0180488	0.00584032	0.00169574	0.000444656	0.000105911	2.30334e-05	4.59489e-06	8.44294e-07	1.43428e-07	2.26031e-08	3.31454e-09	4.53546e-10	5.80597e-11	6.96961e-12	7.86263e-13	8.35271e-14	8.37143e-15	7.92941e-16	7.10978e-17	6.04374e-18	4.87762e-19	3.74235e-20	2.73315e-21	1.90231e-22	1.26323e-23	8.01185e-25	4.85811e-26	2.81904e-27	1.56686e-28	8.34883e-30	4.26824e-31	2.09526e-32	9.8837e-34	4.47516e-35	0	
0	0.578945	1.01903	1.26621	1.33223	1.22812	0.972014	0.620515	0.223252	-0.18886	-0.559176	-0.84442	-1.02454	-1.07637	-1.01011	-0.855221	-0.666456	-0.499109	-0.402008	-0.37757	-0.384277	-0.361021	-0.316808	-0.291363	-0.312657	-0.307955	-0.288476	-0.278578	-0.2863	-0.276401	-0.269521	-0.285828	-0.279961	-0.282783	-0.299971	-0.315324	-0.298063	-0.299849	-0.345579	-0.377876	-0.381737	-0.383867	-0.450512	-0.594738	-0.778771	-0.958696	-1.06057	-1.06212	-0.930977	-0.683759	-0.345658	0.0586503	0.467155	0.844794	1.16084	1.36297	1.43875	1.40777	1.26884	1.0236	0.72146	0.439824	0.232036	0.106563	0.0429391	0.0153059	0.0048641	0.00138794	0.000357883	8.3867e-05	1.7953e-05	3.52664e-06	6.3833e-07	1.06854e-07	1.65981e-08	2.39974e-09	3.2383e-10	4.08904e-11	4.84279e-12	5.39112e-13	5.65249e-14	5.59224e-15	5.2296e-16	4.63009e-17	3.88691e-18	3.09834e-19	2.34825e-20	1.6943e-21	1.16516e-22	7.64559e-24	4.79214e-25	2.87193e-26	1.64725e-27	9.0506e-29	4.76762e-30	2.40983e-31	1.1697e-32	5.45613e-34	2.44316e-35	0	
0	0.583578	1.02898	1.2829	1.36204	1.28096	1.04994	0.716692	0.331521	-0.0778447	-0.460192	-0.769688	-0.983288	-1.07313	-1.04793	-0.92258	-0.740338	-0.559687	-0.432803	-0.38808	-0.389013	-0.390394	-0.34587	-0.303676	-0.294601	-0.303934	-0.294453	-0.280757	-0.292545	-0.284129	-0.279776	-0.293623	-0.282565	-0.288146	-0.302961	-0.298063	-0.296186	-0.325562	-0.377883	-0.391964	-0.386545	-0.404465	-0.501936	-0.662964	-0.85484	-1.0082	-1.0748	-1.037	-0.866202	-0.593606	-0.238513	0.169535	0.568395	0.93	1.22086	1.3923	1.44166	1.38823	1.22792	0.968099	0.665218	0.395112	0.203179	0.0910332	0.0358232	0.0124831	0.00388165	0.00108466	0.000274089	6.2987e-05	1.32299e-05	2.55131e-06	4.53554e-07	7.46002e-08	1.13903e-08	1.61926e-09	2.14924e-10	2.67013e-11	3.11221e-12	3.41054e-13	3.52093e-14	3.43062e-15	3.16021e-16	2.75665e-17	2.28046e-18	1.79164e-19	1.33857e-20	9.52208e-22	6.45708e-23	4.17864e-24	2.58337e-25	1.52729e-26	8.64274e-28	4.68561e-29	2.43578e-30	1.21512e-31	5.82169e-33	2.68069e-34	1.18512e-35	0	
0	0.582829	1.03153	1.2931	1.38734	1.33311	1.13323	0.824067	0.455602	0.0527075	-0.338479	-0.668733	-0.919603	-1.05525	-1.07331	-0.989196	-0.82719	-0.648439	-0.488924	-0.405524	-0.387179	-0.401482	-0.385449	-0.342671	-0.305078	-0.304193	-0.300656	-0.285414	-0.288538	-0.286944	-0.283819	-0.289366	-0.28473	-0.294018	-0.305812	-0.299849	-0.325562	-0.369485	-0.401101	-0.39122	-0.392675	-0.44479	-0.579803	-0.754998	-0.931297	-1.05028	-1.07629	-0.98837	-0.779023	-0.481327	-0.108387	0.298357	0.682348	1.02312	1.28248	1.41834	1.43837	1.35944	1.17525	0.901279	0.600868	0.346102	0.17271	0.0751763	0.0287755	0.00976511	0.00296037	0.000807285	0.000199255	4.47605e-05	9.1967e-06	1.73598e-06	3.02249e-07	4.87143e-08	7.29181e-09	1.0167e-09	1.32406e-10	1.6146e-11	1.84782e-12	1.98891e-13	2.01734e-14	1.93174e-15	1.74929e-16	1.5004e-17	1.22077e-18	9.43501e-20	6.93597e-21	4.85583e-22	3.24128e-23	2.06513e-24	1.2572e-25	7.3202e-27	4.08043e-28	2.17943e-29	1.11635e-30	5.48821e-32	2.5916e-33	1.17634e-34	5.12734e-36	0	
0	0.574062	1.02276	1.29294	1.40432	1.38021	1.21748	0.938608	0.592932	0.203551	-0.194114	-0.543495	-0.825697	-1.01023	-1.07883	-1.04824	-0.922466	-0.75127	-0.577727	-0.452807	-0.393591	-0.394437	-0.401443	-0.391033	-0.355575	-0.335345	-0.320432	-0.311595	-0.300177	-0.297495	-0.300369	-0.298474	-0.305878	-0.317888	-0.327871	-0.345579	-0.377883	-0.401101	-0.39774	-0.389164	-0.4205	-0.520214	-0.679645	-0.85615	-1.00802	-1.0781	-1.0512	-0.913273	-0.666212	-0.341525	0.0436797	0.441159	0.806101	1.12047	1.34123	1.43753	1.42612	1.31887	1.10931	0.82332	0.529931	0.294632	0.142047	0.0598174	0.0221839	0.00730412	0.00215116	0.000570553	0.000137111	3.00165e-05	6.01538e-06	1.10834e-06	1.88491e-07	2.96928e-08	4.3466e-09	5.93005e-10	7.5603e-11	9.02941e-12	1.01252e-12	1.06826e-13	1.06249e-14	9.97992e-16	8.86785e-17	7.46583e-18	5.96411e-19	4.5271e-20	3.26937e-21	2.24911e-22	1.47557e-23	9.24242e-25	5.53269e-26	3.16837e-27	1.73736e-28	9.13021e-30	4.60228e-31	2.22698e-32	1.03524e-33	4.6266e-35	1.98596e-36	0	
0	0.554753	0.998726	1.27852	1.40911	1.41747	1.29781	1.05616	0.738067	0.370727	-0.0240489	-0.390357	-0.700878	-0.933397	-1.05623	-1.08005	-1.00716	-0.870574	-0.700309	-0.543229	-0.438455	-0.3921	-0.390483	-0.392455	-0.383939	-0.371975	-0.36232	-0.354971	-0.345396	-0.343775	-0.342033	-0.343427	-0.350501	-0.359542	-0.368566	-0.377876	-0.391964	-0.39122	-0.389164	-0.411894	-0.495378	-0.632848	-0.804748	-0.958837	-1.06124	-1.07764	-0.995834	-0.804844	-0.521775	-0.176055	0.213254	0.595486	0.936462	1.21657	1.39193	1.44637	1.40202	1.26395	1.02899	0.735183	0.454554	0.242799	0.112601	0.0456873	0.0163534	0.00520534	0.00148427	0.000381666	8.903e-05	1.89398e-05	3.69198e-06	6.62278e-07	1.09745e-07	1.68575e-08	2.40792e-09	3.20755e-10	3.99514e-11	4.66409e-12	5.11499e-13	5.28032e-14	5.14094e-15	4.72895e-16	4.11665e-17	3.39668e-18	2.66028e-19	1.98039e-20	1.40308e-21	9.47214e-23	6.10015e-24	3.7517e-25	2.20574e-26	1.24091e-27	6.68622e-29	3.45349e-30	1.71133e-31	8.14235e-33	3.7225e-34	1.63644e-35	6.91125e-37	0	
