0	0	0	0	0	0	0	0	0	0	0	0	0	0	0	0	0	0	0	0	0	0	0	0	0	0	0	0	0	0	0	0	0	0	0	0	0	0	0	0	0	0	0	0	0	0	0	0	0	0	0	0	0	0	0	0	0	0	0	0	0	0	0	0	0	0	0	0	0	0	0	0	0	0	0	0	0	0	0	0	0	0	0	0	0	0	0	0	0	0	0	0	0	0	0	0	0	0	0	0	
0	0.00792749	0.0167648	0.0240348	0.0275876	0.0292058	0.0318436	0.0352767	0.0408145	0.0527885	0.0734478	0.100502	0.126911	0.151966	0.17114	0.181396	0.175773	0.152066	0.113219	0.0647161	0.0143133	-0.0348835	-0.078671	-0.110513	-0.12572	-0.123529	-0.106025	-0.0779737	-0.046649	-0.0168131	0.013193	0.0447953	0.0758257	0.106716	0.140085	0.174675	0.205781	0.230752	0.243877	0.241141	0.228067	0.210078	0.190008	0.169173	0.146114	0.122749	0.102134	0.0846366	0.072973	0.0671913	0.0708512	0.082999	0.103055	0.125659	0.144163	0.15571	0.158588	0.151088	0.139589	0.126815	0.113633	0.103578	0.0971904	0.0936306	0.0922509	0.0873226	0.0776944	0.0669136	0.0521521	0.0339775	0.0129232	-0.00607048	-0.0236692	-0.0374245	-0.0442371	-0.0425303	-0.0259067	0.00426684	0.0467041	0.0995465	0.157763	0.211768	0.253933	0.277487	0.2797	0.265283	0.234932	0.195129	0.155202	0.11742	0.081268	0.0473393	0.0166867	-0.0132918	-0.0411497	-0.058764	-0.0634479	-0.0547593	-0.0314237	0	
0	0.0167648	0.0363244	0.0509445	0.0603707	0.0633271	0.0702236	0.0764831	0.087778	0.109904	0.149266	0.199316	0.248066	0.292643	0.32537	0.341253	0.325059	0.276786	0.198251	0.104425	0.00764445	-0.0867474	-0.169791	-0.232381	-0.263522	-0.261713	-0.231523	-0.178681	-0.117237	-0.0575403	0.00718789	0.0726476	0.137572	0.19774	0.259784	0.320253	0.375784	0.41853	0.444749	0.442533	0.424794	0.396411	0.365646	0.327897	0.284513	0.239604	0.199609	0.166341	0.147434	0.138869	0.145236	0.169165	0.204536	0.243158	0.27571	0.297992	0.303724	0.292847	0.278346	0.261119	0.238799	0.217834	0.199716	0.187924	0.179755	0.165363	0.142695	0.120737	0.0942976	0.0586021	0.0184587	-0.0195027	-0.0525342	-0.0752813	-0.0832918	-0.0714989	-0.0339053	0.0303922	0.115704	0.214589	0.31971	0.412677	0.487169	0.531527	0.537978	0.51656	0.466057	0.396	0.320444	0.244281	0.16916	0.0962909	0.0322378	-0.0237804	-0.0719923	-0.0999146	-0.103339	-0.0868137	-0.0501434	0	
0	0.0240348	0.0509445	0.0732409	0.0847306	0.0900078	0.0977098	0.106866	0.120587	0.150771	0.203326	0.2713	0.334648	0.391476	0.430647	0.444958	0.416773	0.342184	0.230896	0.0993045	-0.0326926	-0.159856	-0.274338	-0.361711	-0.40921	-0.413967	-0.377955	-0.309748	-0.22525	-0.136323	-0.0394604	0.0640345	0.162075	0.249945	0.333819	0.412971	0.481393	0.538491	0.574409	0.578853	0.563972	0.538634	0.50467	0.460192	0.401405	0.336741	0.279254	0.233771	0.207934	0.198243	0.210706	0.239752	0.283823	0.331723	0.370984	0.399158	0.414349	0.410539	0.401048	0.386627	0.363033	0.336637	0.309514	0.283683	0.261829	0.232616	0.195314	0.160477	0.11874	0.0689721	0.0127475	-0.0358705	-0.076256	-0.099725	-0.0977993	-0.0685453	-0.000569731	0.0962552	0.212746	0.34208	0.47397	0.590251	0.681031	0.73575	0.750471	0.735238	0.682496	0.598451	0.499969	0.390591	0.273347	0.159911	0.0636659	-0.0162832	-0.0778637	-0.107604	-0.109015	-0.0904613	-0.0505798	0	
0	0.0275876	0.0603707	0.0847306	0.0980021	0.0992481	0.106253	0.11153	0.123928	0.153795	0.21257	0.287694	0.357197	0.416839	0.455083	0.46553	0.423665	0.331873	0.196561	0.0439561	-0.106569	-0.252205	-0.384495	-0.49173	-0.555772	-0.570995	-0.539795	-0.464868	-0.365316	-0.256517	-0.129727	0.00278717	0.129268	0.236349	0.334542	0.42325	0.503232	0.570614	0.622456	0.638754	0.637517	0.621271	0.596308	0.550526	0.483942	0.40725	0.336831	0.279239	0.247058	0.231671	0.23793	0.268295	0.314931	0.367463	0.414188	0.453456	0.476216	0.480024	0.483204	0.480739	0.462093	0.434256	0.399655	0.365705	0.333371	0.288431	0.230769	0.179145	0.126488	0.0652363	0.00324371	-0.0458755	-0.0778795	-0.0845482	-0.0628886	-0.00977662	0.0794322	0.198113	0.332621	0.471734	0.60971	0.725895	0.821829	0.88695	0.911311	0.908629	0.864691	0.781438	0.67349	0.544734	0.401515	0.257057	0.134292	0.0379792	-0.0342548	-0.0688733	-0.0715306	-0.0601489	-0.0346633	0	
0	0.0292058	0.0633271	0.0900078	0.0992481	0.0969256	0.096418	0.0959508	0.0989281	0.122702	0.176117	0.248606	0.311783	0.363902	0.393663	0.393536	0.341298	0.234952	0.0896736	-0.0704992	-0.223167	-0.370058	-0.508648	-0.625511	-0.700851	-0.728002	-0.702407	-0.628872	-0.524095	-0.404362	-0.265698	-0.116171	0.0219843	0.137214	0.241085	0.337482	0.42615	0.509773	0.577681	0.612881	0.628712	0.63307	0.624923	0.593793	0.532597	0.452365	0.37191	0.30073	0.250982	0.218084	0.214153	0.235452	0.283298	0.344538	0.403061	0.454829	0.495098	0.512475	0.524171	0.528433	0.514954	0.490032	0.455361	0.415332	0.372898	0.313846	0.240904	0.175579	0.110428	0.0456104	-0.0120282	-0.0444813	-0.0537976	-0.0343986	0.01617	0.0930706	0.203388	0.331372	0.464491	0.598219	0.72755	0.838295	0.9289	0.989996	1.01817	1.02501	0.991371	0.915893	0.81477	0.689015	0.54214	0.39393	0.267043	0.162322	0.079588	0.0318773	0.00992327	-0.00305481	-0.00440765	0	
0	0.0318436	0.0702236	0.0977098	0.106253	0.096418	0.0888372	0.0754949	0.0651633	0.0717466	0.110555	0.166417	0.212513	0.246823	0.260089	0.248109	0.183842	0.0713802	-0.077926	-0.234479	-0.379662	-0.520517	-0.656839	-0.777875	-0.86031	-0.892813	-0.873049	-0.799949	-0.695287	-0.577441	-0.439677	-0.295425	-0.162182	-0.0538027	0.0470098	0.147023	0.247827	0.347807	0.43853	0.494488	0.535079	0.564693	0.586077	0.580193	0.537113	0.463916	0.378721	0.291256	0.219438	0.162611	0.136067	0.149208	0.199593	0.27373	0.351156	0.425071	0.479123	0.505608	0.526393	0.535935	0.522136	0.492717	0.451647	0.405664	0.358682	0.292746	0.210063	0.138973	0.0773101	0.0204616	-0.0224603	-0.0341369	-0.015073	0.0366772	0.113679	0.211552	0.33266	0.464903	0.595019	0.717724	0.834376	0.929001	1.0095	1.06636	1.08927	1.09515	1.06451	0.996907	0.910803	0.807217	0.687419	0.562031	0.450422	0.350942	0.256356	0.18396	0.130241	0.0784069	0.035805	0	
0	0.0352767	0.0764831	0.106866	0.11153	0.0959508	0.0754949	0.0482078	0.0164856	0.00108348	0.0148908	0.0467099	0.0682484	0.0797162	0.0762396	0.0514942	-0.0181705	-0.133612	-0.278884	-0.427359	-0.56139	-0.692158	-0.823491	-0.944214	-1.02692	-1.06186	-1.04184	-0.97272	-0.874769	-0.769853	-0.652074	-0.527837	-0.415342	-0.322484	-0.22828	-0.125248	-0.0123746	0.106718	0.216948	0.296817	0.361117	0.420667	0.474339	0.498985	0.477427	0.413748	0.324348	0.224538	0.134807	0.0593773	0.022544	0.029681	0.0849097	0.170907	0.263994	0.352205	0.42313	0.460525	0.483716	0.492598	0.475327	0.439727	0.390386	0.337764	0.285159	0.217507	0.139855	0.0795434	0.0318551	-0.00709359	-0.0275592	-0.0138065	0.0293096	0.102592	0.200087	0.31305	0.442847	0.574621	0.697013	0.809007	0.911725	0.99582	1.06525	1.10918	1.12544	1.12998	1.1048	1.05096	0.988849	0.918203	0.832932	0.741381	0.654126	0.560969	0.455857	0.35612	0.263088	0.16763	0.0800509	0	
0	0.0408145	0.087778	0.120587	0.123928	0.0989281	0.0651633	0.0164856	-0.0400399	-0.0863835	-0.10317	-0.101804	-0.107079	-0.116285	-0.133039	-0.161658	-0.230204	-0.339152	-0.475281	-0.611673	-0.733159	-0.853457	-0.978129	-1.09475	-1.17534	-1.20706	-1.18897	-1.12565	-1.04414	-0.963903	-0.877999	-0.787922	-0.704732	-0.633224	-0.550479	-0.444983	-0.321205	-0.184274	-0.05138	0.0509127	0.14044	0.2261	0.304738	0.350714	0.342939	0.283239	0.193227	0.0908342	-0.0016782	-0.075645	-0.110386	-0.0967785	-0.0349738	0.0580709	0.155749	0.248348	0.317871	0.353927	0.378137	0.385366	0.364222	0.322001	0.267798	0.210666	0.160623	0.10158	0.035822	-0.0075708	-0.0307129	-0.040403	-0.0334124	0.00573254	0.0734516	0.166907	0.274288	0.389437	0.515762	0.639437	0.749961	0.848335	0.938261	1.00893	1.06999	1.11304	1.13125	1.14386	1.13398	1.10151	1.06741	1.02815	0.974894	0.90912	0.836931	0.748403	0.633682	0.512287	0.389039	0.255233	0.124991	0	
0	0.0527885	0.109904	0.150771	0.153795	0.122702	0.0717466	0.00108348	-0.0863835	-0.166457	-0.218547	-0.249534	-0.279016	-0.30522	-0.326371	-0.352519	-0.411553	-0.509073	-0.63236	-0.754965	-0.863069	-0.97104	-1.08469	-1.19287	-1.26525	-1.2932	-1.27585	-1.22551	-1.16578	-1.11851	-1.07215	-1.02239	-0.976199	-0.933854	-0.869155	-0.772345	-0.642871	-0.491523	-0.338962	-0.210117	-0.0966535	0.0101968	0.106215	0.161177	0.155013	0.0955224	0.00506231	-0.090789	-0.169316	-0.225747	-0.242115	-0.214867	-0.144606	-0.0511706	0.0419069	0.123713	0.182401	0.205719	0.214251	0.21172	0.186193	0.143228	0.0891953	0.039436	-0.00259673	-0.0516557	-0.101358	-0.124103	-0.120367	-0.101073	-0.0593481	0.0127832	0.106646	0.217299	0.331772	0.443751	0.554362	0.657538	0.748361	0.828893	0.904237	0.969457	1.02949	1.07298	1.10013	1.12809	1.14168	1.13847	1.13335	1.12144	1.08813	1.03554	0.971592	0.885685	0.770898	0.642488	0.502076	0.340886	0.170965	0	
0	0.0734478	0.149266	0.203326	0.21257	0.176117	0.110555	0.0148908	-0.10317	-0.218547	-0.305583	-0.365366	-0.414727	-0.448606	-0.467664	-0.484373	-0.530189	-0.615136	-0.725368	-0.835108	-0.930009	-1.02279	-1.12208	-1.21594	-1.27765	-1.29937	-1.28519	-1.24756	-1.21312	-1.19732	-1.19167	-1.18568	-1.18284	-1.17902	-1.14748	-1.06908	-0.9469	-0.788633	-0.619601	-0.470668	-0.337666	-0.213882	-0.108823	-0.0476179	-0.049227	-0.107476	-0.192036	-0.275811	-0.340036	-0.37728	-0.374179	-0.330354	-0.249624	-0.151504	-0.0631198	0.005612	0.0429919	0.0447858	0.0344649	0.0143263	-0.0221493	-0.0705487	-0.121131	-0.166645	-0.19955	-0.23268	-0.263927	-0.265981	-0.236982	-0.183679	-0.10905	-0.00713815	0.112825	0.23783	0.35346	0.455291	0.550648	0.634091	0.704258	0.770054	0.834188	0.89076	0.946219	0.992737	1.02865	1.06996	1.10327	1.12344	1.14338	1.15373	1.14035	1.10492	1.05191	0.975523	0.868313	0.739815	0.590629	0.410003	0.208872	0	
0	0.100502	0.199316	0.2713	0.287694	0.248606	0.166417	0.0467099	-0.101804	-0.249534	-0.365366	-0.447592	-0.50441	-0.536301	-0.542022	-0.542269	-0.570475	-0.639187	-0.734865	-0.829529	-0.908564	-0.984763	-1.0677	-1.14878	-1.20376	-1.22503	-1.21756	-1.19565	-1.18117	-1.19249	-1.22023	-1.25499	-1.29764	-1.33905	-1.34764	-1.30208	-1.19621	-1.04332	-0.872031	-0.712928	-0.570459	-0.43886	-0.324668	-0.254623	-0.248804	-0.296835	-0.373165	-0.44725	-0.499384	-0.522066	-0.506623	-0.449886	-0.358349	-0.254799	-0.164501	-0.100152	-0.0729518	-0.086763	-0.11993	-0.160184	-0.21251	-0.273947	-0.33619	-0.382286	-0.408922	-0.429026	-0.43698	-0.410684	-0.347301	-0.263641	-0.161801	-0.0424329	0.0845948	0.210063	0.320084	0.413932	0.495862	0.567755	0.629647	0.683369	0.733858	0.781243	0.82843	0.868196	0.904686	0.95189	0.999377	1.03963	1.0789	1.11051	1.11778	1.10092	1.06708	1.00656	0.911608	0.789239	0.636375	0.445822	0.228851	0	
0	0.126911	0.248066	0.334648	0.357197	0.311783	0.212513	0.0682484	-0.107079	-0.279016	-0.414727	-0.50441	-0.556185	-0.570507	-0.552165	-0.527654	-0.531365	-0.579215	-0.65455	-0.728743	-0.788901	-0.845996	-0.914989	-0.988518	-1.04406	-1.0731	-1.07743	-1.0708	-1.07553	-1.10723	-1.16464	-1.2369	-1.32196	-1.4045	-1.45148	-1.43438	-1.34984	-1.21198	-1.05334	-0.905226	-0.772419	-0.644597	-0.529978	-0.452138	-0.432453	-0.470353	-0.53848	-0.605924	-0.65381	-0.670377	-0.644165	-0.575018	-0.471319	-0.355561	-0.255387	-0.187554	-0.162355	-0.179475	-0.221601	-0.278964	-0.351832	-0.43498	-0.513206	-0.570296	-0.598394	-0.602437	-0.58213	-0.524176	-0.432407	-0.322681	-0.206528	-0.0869145	0.0324156	0.141258	0.236275	0.320042	0.398123	0.467442	0.524009	0.571812	0.608609	0.637409	0.665798	0.694147	0.729148	0.778694	0.833936	0.886262	0.939343	0.986668	1.01526	1.02379	1.00999	0.964329	0.879827	0.758357	0.605122	0.42069	0.21347	0	
0	0.151966	0.292643	0.391476	0.416839	0.363902	0.246823	0.0797162	-0.116285	-0.30522	-0.448606	-0.536301	-0.570507	-0.558713	-0.508771	-0.453631	-0.427512	-0.447161	-0.49395	-0.541565	-0.578135	-0.618006	-0.678592	-0.752568	-0.819753	-0.862854	-0.882689	-0.891028	-0.9092	-0.956643	-1.03496	-1.1356	-1.25257	-1.36438	-1.43863	-1.44755	-1.38654	-1.27472	-1.14444	-1.02197	-0.910616	-0.797958	-0.691412	-0.614145	-0.593838	-0.629602	-0.696954	-0.762166	-0.804911	-0.808684	-0.770585	-0.685752	-0.566598	-0.436401	-0.321227	-0.239715	-0.206062	-0.221694	-0.273604	-0.34728	-0.437609	-0.539481	-0.634802	-0.699219	-0.724686	-0.717223	-0.677654	-0.600108	-0.489319	-0.367766	-0.249361	-0.13767	-0.0324803	0.0613987	0.142255	0.214591	0.281841	0.342703	0.391901	0.425474	0.445073	0.459695	0.473541	0.49097	0.520193	0.566207	0.623286	0.681085	0.739217	0.794003	0.832683	0.851676	0.84983	0.814972	0.742377	0.636305	0.501254	0.344374	0.173881	0	
0	0.17114	0.32537	0.430647	0.455083	0.393663	0.260089	0.0762396	-0.133039	-0.326371	-0.467664	-0.542022	-0.552165	-0.508771	-0.425221	-0.338076	-0.280525	-0.268163	-0.284485	-0.303267	-0.320183	-0.34792	-0.406529	-0.486868	-0.565541	-0.621261	-0.649655	-0.664836	-0.689787	-0.744063	-0.83474	-0.952401	-1.08759	-1.21557	-1.30707	-1.33786	-1.3042	-1.22607	-1.13454	-1.0482	-0.969092	-0.882914	-0.797057	-0.73533	-0.724645	-0.768237	-0.840666	-0.907938	-0.946311	-0.941198	-0.887001	-0.78161	-0.640316	-0.487833	-0.350637	-0.255223	-0.216092	-0.229793	-0.289457	-0.375812	-0.478894	-0.588645	-0.685925	-0.74675	-0.768229	-0.753881	-0.706256	-0.627512	-0.522734	-0.40844	-0.29697	-0.193497	-0.0956389	-0.0120902	0.0600089	0.122134	0.17404	0.21592	0.244686	0.26176	0.266663	0.270575	0.275599	0.285522	0.308336	0.340647	0.382218	0.429308	0.477812	0.526997	0.566438	0.58817	0.588844	0.560035	0.504045	0.42411	0.32689	0.222366	0.110668	0	
0	0.181396	0.341253	0.444958	0.46553	0.393536	0.248109	0.0514942	-0.161658	-0.352519	-0.484373	-0.542269	-0.527654	-0.453631	-0.338076	-0.219859	-0.128306	-0.0827412	-0.0648539	-0.0580725	-0.0586428	-0.0811547	-0.142919	-0.229542	-0.318196	-0.3793	-0.409362	-0.422837	-0.444178	-0.494201	-0.580376	-0.69805	-0.835576	-0.967878	-1.07321	-1.12791	-1.12712	-1.08971	-1.039	-0.992431	-0.948765	-0.894759	-0.841476	-0.807198	-0.818573	-0.880043	-0.964689	-1.037	-1.07539	-1.05898	-0.989662	-0.862422	-0.698764	-0.524426	-0.367973	-0.259115	-0.214097	-0.228774	-0.292442	-0.384717	-0.486906	-0.591009	-0.67815	-0.728688	-0.743551	-0.724687	-0.678578	-0.608895	-0.519394	-0.419665	-0.322387	-0.230505	-0.138914	-0.060353	0.00616119	0.0568521	0.0898543	0.106495	0.109171	0.102474	0.0911797	0.08752	0.0857311	0.0891313	0.0990237	0.110138	0.12868	0.153315	0.181484	0.211511	0.234801	0.245165	0.240207	0.218312	0.18918	0.153557	0.114104	0.078418	0.038711	0	
0	0.175773	0.325059	0.416773	0.423665	0.341298	0.183842	-0.0181705	-0.230204	-0.411553	-0.530189	-0.570475	-0.531365	-0.427512	-0.280525	-0.128306	-0.00250411	0.0804943	0.128943	0.158983	0.167588	0.146335	0.0815593	-0.00747222	-0.0976406	-0.156893	-0.180624	-0.184738	-0.194515	-0.228311	-0.298799	-0.403709	-0.535386	-0.668842	-0.784138	-0.860843	-0.888662	-0.88204	-0.867767	-0.856432	-0.849525	-0.837162	-0.825202	-0.828796	-0.872976	-0.959255	-1.06213	-1.15001	-1.19218	-1.17181	-1.08977	-0.944074	-0.761433	-0.572735	-0.405233	-0.291293	-0.244773	-0.251703	-0.30914	-0.390132	-0.477403	-0.562422	-0.633012	-0.668093	-0.671135	-0.647071	-0.597483	-0.532755	-0.455136	-0.371764	-0.291931	-0.216696	-0.141621	-0.0780306	-0.0241158	0.0115237	0.0241477	0.0185952	-0.00158366	-0.0306855	-0.0607808	-0.0786975	-0.0944008	-0.105471	-0.109012	-0.118332	-0.125282	-0.124147	-0.125476	-0.124855	-0.123791	-0.130043	-0.136661	-0.144808	-0.14294	-0.128651	-0.108801	-0.0752974	-0.0378233	0	
0	0.152066	0.276786	0.342184	0.331873	0.234952	0.0713802	-0.133612	-0.339152	-0.509073	-0.615136	-0.639187	-0.579215	-0.447161	-0.268163	-0.0827412	0.0804943	0.197017	0.275136	0.321211	0.336407	0.314656	0.249954	0.163345	0.0760458	0.0215203	0.00583605	0.0141607	0.0226703	0.0105165	-0.0344789	-0.123273	-0.246286	-0.377904	-0.499611	-0.587655	-0.62836	-0.6408	-0.645383	-0.661114	-0.686505	-0.7112	-0.743398	-0.792434	-0.876453	-1.00017	-1.13514	-1.24426	-1.29844	-1.27658	-1.18554	-1.02687	-0.836508	-0.644744	-0.475795	-0.360692	-0.308543	-0.306092	-0.343812	-0.404294	-0.468254	-0.528372	-0.571281	-0.581863	-0.569227	-0.529461	-0.469265	-0.401192	-0.332849	-0.263074	-0.199817	-0.145462	-0.0934582	-0.0584592	-0.0319309	-0.0217614	-0.0331837	-0.061602	-0.10068	-0.145088	-0.190806	-0.227842	-0.264797	-0.292436	-0.312054	-0.336617	-0.358476	-0.378201	-0.405254	-0.436116	-0.462749	-0.48028	-0.4838	-0.470404	-0.428571	-0.368909	-0.296609	-0.203068	-0.104556	0	
0	0.113219	0.198251	0.230896	0.196561	0.0896736	-0.077926	-0.278884	-0.475281	-0.63236	-0.725368	-0.734865	-0.65455	-0.49395	-0.284485	-0.0648539	0.128943	0.275136	0.371939	0.427935	0.443405	0.420044	0.355305	0.272047	0.187223	0.136588	0.129218	0.153722	0.183062	0.197865	0.17558	0.103198	-0.012731	-0.140738	-0.257193	-0.340662	-0.37906	-0.388012	-0.399162	-0.426924	-0.470203	-0.525541	-0.597254	-0.690832	-0.82372	-0.992145	-1.16285	-1.30332	-1.37385	-1.35948	-1.27026	-1.11292	-0.924734	-0.736753	-0.569751	-0.452001	-0.393167	-0.373992	-0.395578	-0.435596	-0.472783	-0.498	-0.505731	-0.482751	-0.437097	-0.376773	-0.30469	-0.235341	-0.173287	-0.115617	-0.0712166	-0.0388641	-0.0164612	-0.015043	-0.0257405	-0.0558757	-0.10146	-0.151781	-0.204551	-0.259308	-0.310829	-0.355745	-0.407124	-0.45185	-0.48432	-0.521307	-0.558378	-0.59079	-0.63725	-0.689134	-0.727925	-0.749871	-0.739968	-0.701429	-0.629408	-0.529433	-0.419488	-0.288888	-0.145231	0	
0	0.0647161	0.104425	0.0993045	0.0439561	-0.0704992	-0.234479	-0.427359	-0.611673	-0.754965	-0.835108	-0.829529	-0.728743	-0.541565	-0.303267	-0.0580725	0.158983	0.321211	0.427935	0.484018	0.496151	0.46697	0.400475	0.316587	0.23214	0.18408	0.186631	0.228719	0.281494	0.316883	0.314598	0.252651	0.144776	0.0286464	-0.0708979	-0.135606	-0.15387	-0.150035	-0.150549	-0.175999	-0.226006	-0.298439	-0.401408	-0.537556	-0.713202	-0.921231	-1.12869	-1.29877	-1.39576	-1.40441	-1.33469	-1.19215	-1.01553	-0.834899	-0.668561	-0.5474	-0.480943	-0.454697	-0.458105	-0.47423	-0.482992	-0.472202	-0.436385	-0.371318	-0.298013	-0.218162	-0.134716	-0.0631197	-0.0120982	0.028446	0.0565924	0.0682313	0.0602684	0.0212653	-0.0308112	-0.0966693	-0.173148	-0.247371	-0.311631	-0.368425	-0.419528	-0.466442	-0.519656	-0.566014	-0.607325	-0.656682	-0.707007	-0.753501	-0.80528	-0.854963	-0.886222	-0.892001	-0.866941	-0.813545	-0.722407	-0.605082	-0.474368	-0.321965	-0.162683	0	
0	0.0143133	0.00764445	-0.0326926	-0.106569	-0.223167	-0.379662	-0.56139	-0.733159	-0.863069	-0.930009	-0.908564	-0.788901	-0.578135	-0.320183	-0.0586428	0.167588	0.336407	0.443405	0.496151	0.501196	0.464564	0.392578	0.305207	0.22055	0.175906	0.189317	0.249078	0.317838	0.368312	0.376704	0.325145	0.230722	0.13322	0.0597193	0.0222964	0.0266998	0.0537408	0.0715819	0.0588513	0.0163607	-0.0631811	-0.186131	-0.350344	-0.557017	-0.795376	-1.03061	-1.23452	-1.36594	-1.40956	-1.36947	-1.25189	-1.09365	-0.925029	-0.76651	-0.647624	-0.578004	-0.537818	-0.521125	-0.512	-0.487337	-0.4357	-0.362108	-0.269434	-0.173695	-0.0832994	0.001543	0.0705797	0.116006	0.145982	0.153921	0.139108	0.0999854	0.0305056	-0.050919	-0.143969	-0.238423	-0.321456	-0.394777	-0.458775	-0.507942	-0.551099	-0.600743	-0.644665	-0.685478	-0.739144	-0.798938	-0.846915	-0.890693	-0.923256	-0.928208	-0.910548	-0.867713	-0.804749	-0.713258	-0.593228	-0.461545	-0.312619	-0.15493	0	
0	-0.0348835	-0.0867474	-0.159856	-0.252205	-0.370058	-0.520517	-0.692158	-0.853457	-0.97104	-1.02279	-0.984763	-0.845996	-0.618006	-0.34792	-0.0811547	0.146335	0.314656	0.420044	0.46697	0.464564	0.417855	0.338792	0.248934	0.167162	0.130559	0.155985	0.228225	0.306447	0.36161	0.376052	0.33543	0.255969	0.180325	0.133009	0.122257	0.153139	0.206101	0.247333	0.254205	0.22178	0.143417	0.012181	-0.166044	-0.389018	-0.643683	-0.902957	-1.13857	-1.30856	-1.39133	-1.38569	-1.29714	-1.16084	-1.01078	-0.866958	-0.754253	-0.679931	-0.627668	-0.583121	-0.535597	-0.47435	-0.391642	-0.292277	-0.18304	-0.0830064	0.00468536	0.0884986	0.156207	0.192929	0.206201	0.196252	0.162184	0.0969015	0.00286661	-0.0938762	-0.190188	-0.28351	-0.366983	-0.440285	-0.506548	-0.559899	-0.604309	-0.648339	-0.685318	-0.723532	-0.774709	-0.830776	-0.872156	-0.896024	-0.898709	-0.874753	-0.829583	-0.768066	-0.700618	-0.615833	-0.511155	-0.399178	-0.272112	-0.135796	0	
0	-0.078671	-0.169791	-0.274338	-0.384495	-0.508648	-0.656839	-0.823491	-0.978129	-1.08469	-1.12208	-1.0677	-0.914989	-0.678592	-0.406529	-0.142919	0.0815593	0.249954	0.355305	0.400475	0.392578	0.338792	0.257612	0.169394	0.0970706	0.068174	0.0996851	0.173874	0.249815	0.302624	0.322129	0.293498	0.233531	0.178916	0.15619	0.170354	0.224756	0.298834	0.35975	0.381224	0.361074	0.291491	0.16561	-0.0143827	-0.244005	-0.512298	-0.793255	-1.05663	-1.2568	-1.36956	-1.38911	-1.32493	-1.2138	-1.08765	-0.961545	-0.855067	-0.771996	-0.695659	-0.616684	-0.537628	-0.451738	-0.348967	-0.238555	-0.128592	-0.0336042	0.0454982	0.117371	0.174652	0.202569	0.202225	0.175333	0.123315	0.0470085	-0.0480384	-0.14086	-0.228401	-0.310574	-0.382646	-0.451541	-0.515177	-0.563909	-0.610038	-0.657601	-0.696392	-0.731369	-0.770219	-0.80605	-0.820805	-0.816562	-0.795838	-0.753171	-0.692959	-0.621085	-0.548645	-0.471859	-0.388981	-0.306418	-0.213867	-0.109421	0	
0	-0.110513	-0.232381	-0.361711	-0.49173	-0.625511	-0.777875	-0.944214	-1.09475	-1.19287	-1.21594	-1.14878	-0.988518	-0.752568	-0.486868	-0.229542	-0.00747222	0.163345	0.272047	0.316587	0.305207	0.248934	0.169394	0.0899901	0.0276938	0.00475535	0.0347333	0.10312	0.17149	0.222504	0.244601	0.229476	0.184167	0.146413	0.142643	0.178131	0.249438	0.340734	0.414304	0.449479	0.443203	0.386601	0.266825	0.085208	-0.154636	-0.435671	-0.728025	-1.00191	-1.21535	-1.34197	-1.37795	-1.33632	-1.24627	-1.13561	-1.02012	-0.910808	-0.813222	-0.718548	-0.618882	-0.519372	-0.419738	-0.315133	-0.209012	-0.110813	-0.0302363	0.0317024	0.0890578	0.133957	0.145803	0.127374	0.0870991	0.0322011	-0.0411715	-0.125712	-0.200945	-0.267277	-0.32856	-0.384039	-0.439365	-0.491721	-0.532734	-0.572601	-0.616833	-0.657626	-0.690843	-0.715343	-0.727418	-0.715607	-0.683271	-0.642326	-0.593817	-0.533362	-0.46319	-0.396811	-0.331786	-0.265524	-0.207279	-0.146646	-0.0748594	0	
0	-0.12572	-0.263522	-0.40921	-0.555772	-0.700851	-0.86031	-1.02692	-1.17534	-1.26525	-1.27765	-1.20376	-1.04406	-0.819753	-0.565541	-0.318196	-0.0976406	0.0760458	0.187223	0.23214	0.22055	0.167162	0.0970706	0.0276938	-0.0252634	-0.0490678	-0.026832	0.0300638	0.0915072	0.138245	0.164203	0.158534	0.126585	0.103395	0.114863	0.162821	0.24359	0.338814	0.418216	0.465483	0.471573	0.426809	0.311676	0.123256	-0.12723	-0.412608	-0.706227	-0.975825	-1.18652	-1.31517	-1.3554	-1.31841	-1.23086	-1.1223	-1.00369	-0.887218	-0.779642	-0.674632	-0.565027	-0.462368	-0.373384	-0.286025	-0.200875	-0.122494	-0.0637842	-0.0251301	0.00809537	0.0296538	0.0245285	-0.0110371	-0.0604108	-0.114477	-0.172962	-0.230991	-0.279429	-0.31841	-0.355509	-0.387667	-0.419171	-0.447904	-0.471232	-0.501821	-0.539777	-0.573817	-0.595898	-0.603437	-0.594142	-0.565571	-0.522497	-0.475343	-0.429576	-0.377794	-0.320785	-0.269731	-0.219876	-0.168572	-0.123023	-0.0813031	-0.0403543	0	
0	-0.123529	-0.261713	-0.413967	-0.570995	-0.728002	-0.892813	-1.06186	-1.20706	-1.2932	-1.29937	-1.22503	-1.0731	-0.862854	-0.621261	-0.3793	-0.156893	0.0215203	0.136588	0.18408	0.175906	0.130559	0.068174	0.00475535	-0.0490678	-0.0802199	-0.0701578	-0.0229439	0.0315544	0.0774393	0.104388	0.107319	0.0876462	0.0747792	0.0919995	0.142506	0.21918	0.312604	0.396699	0.452825	0.46917	0.428786	0.308805	0.111867	-0.143035	-0.425785	-0.705942	-0.95755	-1.15752	-1.27684	-1.30885	-1.26363	-1.16621	-1.04149	-0.909467	-0.780706	-0.664681	-0.558936	-0.459507	-0.377518	-0.312953	-0.256421	-0.200957	-0.153383	-0.123706	-0.111869	-0.1061	-0.110074	-0.138989	-0.191066	-0.24483	-0.289498	-0.326787	-0.360322	-0.383573	-0.39597	-0.40411	-0.40689	-0.411702	-0.414387	-0.413645	-0.421431	-0.438809	-0.454592	-0.457452	-0.446396	-0.425788	-0.395441	-0.353219	-0.311194	-0.275971	-0.238105	-0.201117	-0.171101	-0.138491	-0.0986253	-0.0599289	-0.0299719	-0.0110595	0	
0	-0.106025	-0.231523	-0.377955	-0.539795	-0.702407	-0.873049	-1.04184	-1.18897	-1.27585	-1.28519	-1.21756	-1.07743	-0.882689	-0.649655	-0.409362	-0.180624	0.00583605	0.129218	0.186631	0.189317	0.155985	0.0996851	0.0347333	-0.026832	-0.0701578	-0.0725011	-0.0387973	0.00612546	0.0438142	0.0665309	0.0751115	0.0637046	0.057454	0.0740072	0.119237	0.191847	0.284666	0.37001	0.431722	0.445071	0.398331	0.271926	0.0717487	-0.179475	-0.447219	-0.707784	-0.938676	-1.11954	-1.22265	-1.23694	-1.17178	-1.04946	-0.903174	-0.752579	-0.611725	-0.492601	-0.394316	-0.314767	-0.25797	-0.229627	-0.216503	-0.203705	-0.189299	-0.18956	-0.209959	-0.236472	-0.269904	-0.317038	-0.379175	-0.433221	-0.467872	-0.486471	-0.497622	-0.498805	-0.488698	-0.472005	-0.446748	-0.420546	-0.395623	-0.377241	-0.363428	-0.353728	-0.34191	-0.31659	-0.286225	-0.255393	-0.225262	-0.19104	-0.156062	-0.132144	-0.110249	-0.0894836	-0.0780104	-0.0640694	-0.0423189	-0.0212797	-0.00632299	-0.000618164	0	
0	-0.0779737	-0.178681	-0.309748	-0.464868	-0.628872	-0.799949	-0.97272	-1.12565	-1.22551	-1.24756	-1.19565	-1.0708	-0.891028	-0.664836	-0.422837	-0.184738	0.0141607	0.153722	0.228719	0.249078	0.228225	0.173874	0.10312	0.0300638	-0.0229439	-0.0387973	-0.0206904	0.007738	0.0302833	0.0447624	0.0512921	0.0427066	0.0349911	0.0442621	0.0847518	0.157543	0.2516	0.340132	0.398794	0.405995	0.354106	0.225033	0.0276017	-0.216572	-0.473475	-0.717354	-0.922923	-1.07984	-1.15442	-1.1419	-1.0471	-0.899475	-0.729055	-0.55975	-0.409044	-0.290474	-0.202508	-0.144381	-0.121416	-0.130671	-0.158414	-0.185229	-0.210807	-0.252309	-0.308372	-0.366192	-0.424157	-0.484562	-0.549026	-0.598157	-0.624888	-0.630618	-0.627382	-0.612677	-0.579542	-0.536352	-0.48928	-0.446229	-0.40723	-0.372498	-0.337038	-0.302225	-0.261169	-0.21077	-0.161237	-0.11607	-0.0806324	-0.0465909	-0.0181835	-0.0057694	0.0042851	0.0136392	0.0170971	0.0209296	0.0219899	0.0184846	0.0126051	0.00364364	0	
0	-0.046649	-0.117237	-0.22525	-0.365316	-0.524095	-0.695287	-0.874769	-1.04414	-1.16578	-1.21312	-1.18117	-1.07553	-0.9092	-0.689787	-0.444178	-0.194515	0.0226703	0.183062	0.281494	0.317838	0.306447	0.249815	0.17149	0.0915072	0.0315544	0.00612546	0.007738	0.017328	0.0251506	0.0277239	0.0277146	0.0146141	0.000262288	0.00330136	0.0417315	0.116912	0.212057	0.296619	0.350023	0.353438	0.300127	0.174943	-0.0204552	-0.26107	-0.512901	-0.741296	-0.925408	-1.05354	-1.10044	-1.057	-0.930366	-0.750191	-0.550611	-0.360345	-0.202135	-0.0883855	-0.0131119	0.019063	0.0155563	-0.0212513	-0.0845586	-0.152217	-0.215092	-0.291971	-0.38279	-0.471952	-0.551183	-0.620359	-0.682644	-0.726361	-0.746564	-0.741885	-0.72922	-0.700372	-0.653052	-0.59613	-0.535512	-0.483018	-0.436844	-0.394979	-0.33908	-0.277007	-0.212892	-0.139814	-0.0761748	-0.0236464	0.019453	0.0533454	0.0782703	0.0898827	0.098292	0.107866	0.110295	0.106811	0.0916766	0.0656542	0.0401193	0.0157753	0	
0	-0.0168131	-0.0575403	-0.136323	-0.256517	-0.404362	-0.577441	-0.769853	-0.963903	-1.11851	-1.19732	-1.19249	-1.10723	-0.956643	-0.744063	-0.494201	-0.228311	0.0105165	0.197865	0.316883	0.368312	0.36161	0.302624	0.222504	0.138245	0.0774393	0.0438142	0.0302833	0.0251506	0.0190902	0.0121328	0.00555719	-0.0105167	-0.0219805	-0.016815	0.0239595	0.0983298	0.185101	0.257501	0.301986	0.30004	0.24674	0.119539	-0.0760493	-0.319682	-0.569221	-0.788208	-0.953652	-1.05958	-1.07787	-1.00653	-0.84712	-0.634286	-0.408544	-0.198582	-0.0313215	0.080502	0.143509	0.156551	0.127921	0.0628166	-0.0296179	-0.123932	-0.212048	-0.314854	-0.430134	-0.540399	-0.636994	-0.71214	-0.76861	-0.805417	-0.816984	-0.803012	-0.779752	-0.743926	-0.693768	-0.636927	-0.582988	-0.529205	-0.474366	-0.417573	-0.342277	-0.26545	-0.18747	-0.106547	-0.0364349	0.0257891	0.0723162	0.105377	0.131581	0.147448	0.161978	0.175707	0.174526	0.161945	0.136046	0.0993676	0.0659375	0.0313352	0	
0	0.013193	0.00718789	-0.0394604	-0.129727	-0.265698	-0.439677	-0.652074	-0.877999	-1.07215	-1.19167	-1.22023	-1.16464	-1.03496	-0.83474	-0.580376	-0.298799	-0.0344789	0.17558	0.314598	0.376704	0.376052	0.322129	0.244601	0.164203	0.104388	0.0665309	0.0447624	0.0277239	0.0121328	-2.23056e-08	-0.00983049	-0.0152151	-0.0130327	0.00408572	0.0470911	0.11627	0.190158	0.251926	0.284313	0.274089	0.206657	0.0667605	-0.144192	-0.396175	-0.649955	-0.861761	-1.01158	-1.0907	-1.08372	-0.986459	-0.799437	-0.56491	-0.318464	-0.0899397	0.0850696	0.193436	0.248069	0.241436	0.188812	0.104436	-0.00563689	-0.120563	-0.226957	-0.345578	-0.472002	-0.58883	-0.684588	-0.753706	-0.799895	-0.824977	-0.82767	-0.803873	-0.774841	-0.736549	-0.691279	-0.647887	-0.603704	-0.554694	-0.496334	-0.426437	-0.339518	-0.257308	-0.180618	-0.101963	-0.0350367	0.0244286	0.0781111	0.115229	0.14266	0.1678	0.184562	0.190259	0.181031	0.162601	0.134474	0.102309	0.0749357	0.0384643	0	
0	0.0447953	0.0726476	0.0640345	0.00278717	-0.116171	-0.295425	-0.527837	-0.787922	-1.02239	-1.18568	-1.25499	-1.2369	-1.1356	-0.952401	-0.69805	-0.403709	-0.123273	0.103198	0.252651	0.325145	0.33543	0.293498	0.229476	0.158534	0.107319	0.0751115	0.0512921	0.0277146	0.00555719	-0.00983049	-0.0104336	0.001863	0.0267463	0.0570058	0.100301	0.162775	0.230505	0.281585	0.301098	0.270939	0.179019	0.0124431	-0.219138	-0.489021	-0.754289	-0.964727	-1.10214	-1.15833	-1.1243	-1.00122	-0.793152	-0.536327	-0.272628	-0.0347532	0.140538	0.242669	0.283409	0.263113	0.202947	0.113265	-0.00547324	-0.133568	-0.255448	-0.383076	-0.509516	-0.616374	-0.696117	-0.746537	-0.771703	-0.786808	-0.78457	-0.759528	-0.72943	-0.69175	-0.654577	-0.61957	-0.584145	-0.53806	-0.481179	-0.415363	-0.332973	-0.25822	-0.18975	-0.120829	-0.0644525	-0.0140849	0.0340631	0.0721361	0.105691	0.134167	0.147586	0.146828	0.131519	0.116321	0.100725	0.0776928	0.058447	0.0328756	0	
0	0.0758257	0.137572	0.162075	0.129268	0.0219843	-0.162182	-0.415342	-0.704732	-0.976199	-1.18284	-1.29764	-1.32196	-1.25257	-1.08759	-0.835576	-0.535386	-0.246286	-0.012731	0.144776	0.230722	0.255969	0.233531	0.184167	0.126585	0.0876462	0.0637046	0.0427066	0.0146141	-0.0105167	-0.0152151	0.001863	0.0401234	0.0856697	0.123678	0.164363	0.22227	0.283471	0.32507	0.324895	0.269609	0.148918	-0.0450331	-0.30198	-0.593558	-0.872264	-1.08709	-1.21721	-1.25339	-1.19842	-1.05547	-0.823151	-0.546393	-0.270857	-0.0269214	0.143565	0.232597	0.263882	0.243188	0.183666	0.0953058	-0.0207385	-0.152076	-0.278557	-0.403536	-0.51782	-0.603654	-0.659153	-0.687365	-0.69627	-0.699866	-0.692721	-0.67005	-0.644702	-0.616013	-0.589365	-0.566607	-0.539072	-0.499233	-0.452792	-0.398309	-0.336661	-0.280394	-0.221454	-0.164472	-0.123892	-0.0892214	-0.0491812	-0.01611	0.0139421	0.0438181	0.0548724	0.0520283	0.0464921	0.0482115	0.0498096	0.0416809	0.0335276	0.0192503	0	
0	0.106716	0.19774	0.249945	0.236349	0.137214	-0.0538027	-0.322484	-0.633224	-0.933854	-1.17902	-1.33905	-1.4045	-1.36438	-1.21557	-0.967878	-0.668842	-0.377904	-0.140738	0.0286464	0.13322	0.180325	0.178916	0.146413	0.103395	0.0747792	0.057454	0.0349911	0.000262288	-0.0219805	-0.0130327	0.0267463	0.0856697	0.14467	0.191214	0.233611	0.290084	0.346877	0.372267	0.346355	0.262129	0.109979	-0.112224	-0.391867	-0.698876	-0.986496	-1.20248	-1.32765	-1.35234	-1.28224	-1.12021	-0.873468	-0.586827	-0.305645	-0.0655767	0.0986393	0.186955	0.220053	0.202706	0.148005	0.0654438	-0.0444271	-0.169562	-0.285427	-0.388218	-0.47292	-0.530142	-0.565813	-0.584136	-0.584276	-0.57634	-0.559972	-0.537644	-0.523602	-0.514401	-0.510388	-0.506601	-0.489722	-0.462324	-0.433436	-0.399123	-0.362719	-0.33108	-0.295682	-0.257641	-0.230132	-0.206246	-0.170692	-0.139232	-0.113232	-0.0842555	-0.0647585	-0.0525993	-0.0418561	-0.025438	-0.0111256	-0.00825289	-0.00294792	0.00167247	0	
0	0.140085	0.259784	0.333819	0.334542	0.241085	0.0470098	-0.22828	-0.550479	-0.869155	-1.14748	-1.34764	-1.45148	-1.43863	-1.30707	-1.07321	-0.784138	-0.499611	-0.257193	-0.0708979	0.0597193	0.133009	0.15619	0.142643	0.114863	0.0919995	0.0740072	0.0442621	0.00330136	-0.016815	0.00408572	0.0570058	0.123678	0.191214	0.24581	0.294745	0.350759	0.399123	0.406523	0.35565	0.240229	0.0583804	-0.190568	-0.487311	-0.80211	-1.09054	-1.30447	-1.42215	-1.42961	-1.33869	-1.15944	-0.907035	-0.621901	-0.35147	-0.1202	0.0446983	0.138755	0.177587	0.171654	0.124024	0.0425179	-0.0603034	-0.169785	-0.262595	-0.334075	-0.388439	-0.423369	-0.443255	-0.450019	-0.440941	-0.427296	-0.411097	-0.397295	-0.397046	-0.405745	-0.42347	-0.441114	-0.443966	-0.437616	-0.430467	-0.422418	-0.419411	-0.420571	-0.414755	-0.402266	-0.388144	-0.362257	-0.320321	-0.285053	-0.258803	-0.228081	-0.194071	-0.15851	-0.126556	-0.0968438	-0.0735901	-0.05952	-0.0394657	-0.0163605	0	
0	0.174675	0.320253	0.412971	0.42325	0.337482	0.147023	-0.125248	-0.444983	-0.772345	-1.06908	-1.30208	-1.43438	-1.44755	-1.33786	-1.12791	-0.860843	-0.587655	-0.340662	-0.135606	0.0222964	0.122257	0.170354	0.178131	0.162821	0.142506	0.119237	0.0847518	0.0417315	0.0239595	0.0470911	0.100301	0.164363	0.233611	0.294745	0.345608	0.393186	0.428519	0.415127	0.338113	0.19305	-0.0161903	-0.284974	-0.588504	-0.90615	-1.19	-1.39763	-1.4968	-1.47873	-1.35869	-1.16273	-0.908456	-0.633308	-0.372227	-0.147443	0.0171019	0.114679	0.157143	0.154812	0.109689	0.037159	-0.0465465	-0.133911	-0.207262	-0.258915	-0.292609	-0.303756	-0.305139	-0.301603	-0.291148	-0.276874	-0.26897	-0.278232	-0.301075	-0.327074	-0.35207	-0.378242	-0.398799	-0.422855	-0.451985	-0.473211	-0.498731	-0.528522	-0.548172	-0.556875	-0.554208	-0.531781	-0.490205	-0.451094	-0.419682	-0.381808	-0.33283	-0.277149	-0.224863	-0.176867	-0.135135	-0.104476	-0.0716681	-0.0332702	0	
0	0.205781	0.375784	0.481393	0.503232	0.42615	0.247827	-0.0123746	-0.321205	-0.642871	-0.9469	-1.19621	-1.34984	-1.38654	-1.3042	-1.12712	-0.888662	-0.62836	-0.37906	-0.15387	0.0266998	0.153139	0.224756	0.249438	0.24359	0.21918	0.191847	0.157543	0.116912	0.0983298	0.11627	0.162775	0.22227	0.290084	0.350759	0.393186	0.424275	0.435423	0.395392	0.285719	0.107722	-0.126416	-0.406531	-0.715509	-1.02555	-1.29599	-1.48033	-1.54757	-1.49637	-1.35153	-1.1397	-0.882817	-0.607746	-0.345881	-0.124632	0.0365461	0.12764	0.160974	0.154814	0.114304	0.0494088	-0.0223655	-0.0922237	-0.144813	-0.176927	-0.191153	-0.188772	-0.178157	-0.166192	-0.15562	-0.149827	-0.162664	-0.192271	-0.2347	-0.272621	-0.306007	-0.3437	-0.378957	-0.4275	-0.48123	-0.531184	-0.58283	-0.628389	-0.660176	-0.675556	-0.682181	-0.677499	-0.656307	-0.625965	-0.589611	-0.541732	-0.479608	-0.415401	-0.353631	-0.285479	-0.219504	-0.163604	-0.110349	-0.0562438	0	
0	0.230752	0.41853	0.538491	0.570614	0.509773	0.347807	0.106718	-0.184274	-0.491523	-0.788633	-1.04332	-1.21198	-1.27472	-1.22607	-1.08971	-0.88204	-0.6408	-0.388012	-0.150035	0.0537408	0.206101	0.298834	0.340734	0.338814	0.312604	0.284666	0.2516	0.212057	0.185101	0.190158	0.230505	0.283471	0.346877	0.399123	0.428519	0.435423	0.416814	0.338068	0.188903	-0.0262127	-0.284141	-0.580062	-0.886418	-1.18172	-1.41912	-1.56171	-1.58641	-1.50329	-1.32775	-1.09397	-0.823796	-0.539669	-0.277534	-0.0618142	0.0930677	0.178077	0.203377	0.188424	0.136555	0.0641382	-0.00458749	-0.0595616	-0.0939827	-0.108394	-0.10852	-0.0953376	-0.0796769	-0.0700825	-0.0682028	-0.0753053	-0.0995711	-0.142453	-0.194358	-0.239702	-0.283279	-0.330614	-0.381842	-0.443	-0.505653	-0.566496	-0.628075	-0.688471	-0.730457	-0.753001	-0.7704	-0.782433	-0.788801	-0.776113	-0.741592	-0.695337	-0.633264	-0.566271	-0.504529	-0.430327	-0.341768	-0.256611	-0.173332	-0.0863876	0	
0	0.243877	0.444749	0.574409	0.622456	0.577681	0.43853	0.216948	-0.05138	-0.338962	-0.619601	-0.872031	-1.05334	-1.14444	-1.13454	-1.039	-0.867767	-0.645383	-0.399162	-0.150549	0.0715819	0.247333	0.35975	0.414304	0.418216	0.396699	0.37001	0.340132	0.296619	0.257501	0.251926	0.281585	0.32507	0.372267	0.406523	0.415127	0.395392	0.338068	0.220655	0.0320929	-0.216229	-0.502021	-0.809555	-1.11188	-1.37589	-1.56522	-1.65751	-1.63639	-1.51211	-1.2984	-1.03277	-0.738157	-0.447819	-0.185992	0.0262026	0.17736	0.253904	0.268718	0.236238	0.1682	0.0854494	0.012672	-0.0359172	-0.0581716	-0.066935	-0.0633289	-0.0452326	-0.0269619	-0.0225442	-0.0354465	-0.0539431	-0.0855501	-0.129487	-0.182832	-0.230413	-0.274875	-0.328763	-0.385716	-0.447242	-0.507506	-0.567919	-0.630486	-0.692286	-0.741105	-0.775651	-0.80993	-0.843564	-0.868886	-0.873342	-0.858615	-0.831241	-0.783537	-0.722389	-0.657649	-0.577446	-0.477777	-0.36315	-0.24013	-0.120372	0	
0	0.241141	0.442533	0.578853	0.638754	0.612881	0.494488	0.296817	0.0509127	-0.210117	-0.470668	-0.712928	-0.905226	-1.02197	-1.0482	-0.992431	-0.856432	-0.661114	-0.426924	-0.175999	0.0588513	0.254205	0.381224	0.449479	0.465483	0.452825	0.431722	0.398794	0.350023	0.301986	0.284313	0.301098	0.324895	0.346355	0.35565	0.338113	0.285719	0.188903	0.0320929	-0.192271	-0.472894	-0.780144	-1.08927	-1.3661	-1.58158	-1.71943	-1.75982	-1.69239	-1.52542	-1.27057	-0.96863	-0.656135	-0.357489	-0.093636	0.116936	0.261029	0.327863	0.327645	0.274876	0.194422	0.107703	0.0357591	-0.0102496	-0.0325823	-0.0476625	-0.0509962	-0.0413982	-0.0293923	-0.0293288	-0.0476406	-0.0799755	-0.12065	-0.158906	-0.201033	-0.237548	-0.276438	-0.320706	-0.370969	-0.427189	-0.481081	-0.537131	-0.586705	-0.641054	-0.695709	-0.743628	-0.797074	-0.849339	-0.89098	-0.910986	-0.917914	-0.92169	-0.897715	-0.842084	-0.775007	-0.688267	-0.578633	-0.450225	-0.303197	-0.152765	0	
0	0.228067	0.424794	0.563972	0.637517	0.628712	0.535079	0.361117	0.14044	-0.0966535	-0.337666	-0.570459	-0.772419	-0.910616	-0.969092	-0.948765	-0.849525	-0.686505	-0.470203	-0.226006	0.0163607	0.22178	0.361074	0.443203	0.471573	0.46917	0.445071	0.405995	0.353438	0.30004	0.274089	0.270939	0.269609	0.262129	0.240229	0.19305	0.107722	-0.0262127	-0.216229	-0.472894	-0.776891	-1.08967	-1.37691	-1.60811	-1.76793	-1.84821	-1.83099	-1.71304	-1.50251	-1.21621	-0.898998	-0.57453	-0.270653	-0.00781164	0.200355	0.333997	0.381281	0.361767	0.296081	0.210568	0.126098	0.0531475	0.0043196	-0.0249774	-0.0543779	-0.0753268	-0.0786005	-0.0755847	-0.0895667	-0.121286	-0.156895	-0.183674	-0.20405	-0.230667	-0.252134	-0.27386	-0.30148	-0.339972	-0.382076	-0.427724	-0.47633	-0.513696	-0.557142	-0.607825	-0.664445	-0.729484	-0.791717	-0.842715	-0.876505	-0.900486	-0.921193	-0.92062	-0.882781	-0.820387	-0.732383	-0.617547	-0.486016	-0.337219	-0.175621	0	
0	0.210078	0.396411	0.538634	0.621271	0.63307	0.564693	0.420667	0.2261	0.0101968	-0.213882	-0.43886	-0.644597	-0.797958	-0.882914	-0.894759	-0.837162	-0.7112	-0.525541	-0.298439	-0.0631811	0.143417	0.291491	0.386601	0.426809	0.428786	0.398331	0.354106	0.300127	0.24674	0.206657	0.179019	0.148918	0.109979	0.0583804	-0.0161903	-0.126416	-0.284141	-0.502021	-0.780144	-1.08967	-1.38437	-1.62864	-1.80424	-1.90268	-1.91738	-1.83663	-1.66908	-1.42655	-1.12959	-0.805942	-0.477599	-0.178679	0.0735235	0.265714	0.375415	0.403612	0.376502	0.304817	0.220354	0.13717	0.0607963	0.00291502	-0.0363717	-0.0770505	-0.114766	-0.138059	-0.159496	-0.191008	-0.228851	-0.260256	-0.269635	-0.264339	-0.265715	-0.270239	-0.275334	-0.283165	-0.300981	-0.323894	-0.353067	-0.38359	-0.40759	-0.446091	-0.498619	-0.55183	-0.607547	-0.665371	-0.714958	-0.757252	-0.791027	-0.813813	-0.822181	-0.801442	-0.756956	-0.682321	-0.577658	-0.459323	-0.324897	-0.173115	0	
0	0.190008	0.365646	0.50467	0.596308	0.624923	0.586077	0.474339	0.304738	0.106215	-0.108823	-0.324668	-0.529978	-0.691412	-0.797057	-0.841476	-0.825202	-0.743398	-0.597254	-0.401408	-0.186131	0.012181	0.16561	0.266825	0.311676	0.308805	0.271926	0.225033	0.174943	0.119539	0.0667605	0.0124431	-0.0450331	-0.112224	-0.190568	-0.284974	-0.406531	-0.580062	-0.809555	-1.08927	-1.37691	-1.62864	-1.81899	-1.93489	-1.96438	-1.91042	-1.76958	-1.56545	-1.3075	-1.0096	-0.688869	-0.367573	-0.0816671	0.147054	0.312384	0.397277	0.409345	0.371406	0.301136	0.221678	0.14007	0.0593714	-0.00844221	-0.0567948	-0.107573	-0.160744	-0.209282	-0.251108	-0.292822	-0.329819	-0.352978	-0.348451	-0.323364	-0.306145	-0.292598	-0.279909	-0.269298	-0.264237	-0.263833	-0.270565	-0.280327	-0.290415	-0.318022	-0.360642	-0.400499	-0.434937	-0.472295	-0.510037	-0.549033	-0.581412	-0.600376	-0.609118	-0.599252	-0.573223	-0.524458	-0.45106	-0.360208	-0.251074	-0.131717	0	
