0	0	0	0	0	0	0	0	0	0	0	0	0	0	0	0	0	0	0	0	0	0	0	0	0	0	0	0	0	0	0	0	0	0	0	0	0	0	0	0	0	0	0	0	0	0	0	0	0	0	0	0	0	0	0	0	0	0	0	0	0	0	0	0	0	0	0	0	0	0	0	0	0	0	0	0	0	0	0	0	0	0	0	0	0	0	0	0	0	0	0	0	0	0	0	0	0	0	0	0	
0	0.0460035	0.0931258	0.138597	0.177294	0.20313	0.210903	0.197121	0.163869	0.116388	0.0613794	0.0019949	-0.05985	-0.120006	-0.169867	-0.202745	-0.220771	-0.226322	-0.223649	-0.218163	-0.2167	-0.218643	-0.218316	-0.215176	-0.206272	-0.191442	-0.173752	-0.159579	-0.151937	-0.148502	-0.145236	-0.140632	-0.134631	-0.130482	-0.125117	-0.116556	-0.103863	-0.0906854	-0.0806878	-0.0753739	-0.072028	-0.06846	-0.0577858	-0.0343214	0.003174	0.05342	0.115878	0.185428	0.253666	0.315495	0.364318	0.398099	0.416248	0.411682	0.386211	0.346596	0.297222	0.242639	0.185022	0.125252	0.0647173	0.00356299	-0.0532921	-0.100585	-0.13574	-0.155339	-0.162885	-0.164191	-0.162141	-0.156725	-0.14517	-0.125467	-0.0975297	-0.0620047	-0.0264086	0.00735395	0.0392326	0.0712901	0.109181	0.155448	0.209906	0.261843	0.303826	0.331982	0.343747	0.344485	0.342029	0.339409	0.337809	0.335742	0.326929	0.310464	0.284027	0.247361	0.205252	0.160134	0.114992	0.0730247	0.0358112	0	
0	0.0931258	0.186584	0.274131	0.347723	0.397009	0.414445	0.392002	0.332816	0.244885	0.13991	0.0263873	-0.0929156	-0.206277	-0.301742	-0.365785	-0.406465	-0.42585	-0.428711	-0.420968	-0.414257	-0.408512	-0.398992	-0.38733	-0.370656	-0.345808	-0.313766	-0.286194	-0.267286	-0.255679	-0.247093	-0.236287	-0.225808	-0.217679	-0.206541	-0.191119	-0.168881	-0.148735	-0.135844	-0.128345	-0.120255	-0.108197	-0.0796709	-0.0321285	0.037508	0.124171	0.231942	0.352673	0.477843	0.593868	0.689705	0.757516	0.794031	0.783462	0.732757	0.65541	0.559605	0.458215	0.35195	0.240078	0.126955	0.0126813	-0.0950528	-0.184874	-0.248936	-0.284878	-0.300525	-0.301566	-0.292697	-0.275363	-0.252886	-0.220394	-0.174287	-0.113135	-0.0487513	0.0138242	0.0811431	0.151696	0.228253	0.312003	0.40209	0.485594	0.551205	0.600258	0.6284	0.635978	0.636981	0.631599	0.620129	0.607871	0.586161	0.554875	0.5117	0.452917	0.38319	0.306284	0.225396	0.145742	0.0728026	0	
0	0.138597	0.274131	0.397416	0.498478	0.568071	0.596665	0.574104	0.500848	0.385541	0.244081	0.087293	-0.0758313	-0.2329	-0.364892	-0.460482	-0.529561	-0.573919	-0.592146	-0.585843	-0.568397	-0.544799	-0.513737	-0.487444	-0.462357	-0.431319	-0.391343	-0.352506	-0.322828	-0.301437	-0.282938	-0.26504	-0.246266	-0.232995	-0.217249	-0.196664	-0.17187	-0.152232	-0.141978	-0.136761	-0.124279	-0.100941	-0.0569732	0.0120931	0.102398	0.210661	0.343502	0.497715	0.659017	0.815864	0.947477	1.04285	1.09548	1.0833	1.01249	0.904018	0.772305	0.630373	0.483372	0.333108	0.183586	0.0343151	-0.102834	-0.216542	-0.302401	-0.352151	-0.373202	-0.376868	-0.367814	-0.346951	-0.313139	-0.267104	-0.209946	-0.136748	-0.0570508	0.032845	0.132991	0.236409	0.340916	0.442141	0.542495	0.629099	0.701836	0.763565	0.80576	0.828471	0.836524	0.828088	0.807543	0.781159	0.74381	0.700929	0.647272	0.577615	0.497695	0.406794	0.307011	0.204147	0.103592	0	
0	0.177294	0.347723	0.498478	0.621036	0.706999	0.749339	0.733851	0.660058	0.535574	0.377019	0.199394	0.00922234	-0.17528	-0.338743	-0.46468	-0.568076	-0.643409	-0.682225	-0.679109	-0.650796	-0.605265	-0.550538	-0.505195	-0.469805	-0.433787	-0.387694	-0.344077	-0.307408	-0.276514	-0.247063	-0.213443	-0.183046	-0.162981	-0.145874	-0.130561	-0.111059	-0.0984752	-0.0949032	-0.0915895	-0.0764379	-0.0482976	0.0061527	0.0843688	0.18731	0.306404	0.454674	0.624855	0.806942	0.981386	1.12963	1.23839	1.30191	1.28972	1.21061	1.08627	0.928994	0.760508	0.585204	0.407274	0.238383	0.0797785	-0.0608353	-0.174732	-0.259265	-0.315227	-0.352972	-0.373294	-0.374106	-0.353644	-0.319529	-0.27132	-0.207456	-0.122098	-0.0284221	0.0713121	0.186108	0.302843	0.411904	0.509242	0.59939	0.675786	0.738689	0.800739	0.852589	0.883041	0.901882	0.899471	0.874481	0.840935	0.791203	0.734476	0.672077	0.598822	0.520896	0.435982	0.339253	0.232103	0.121096	0	
0	0.20313	0.397009	0.568071	0.706999	0.809222	0.866541	0.865552	0.804128	0.690346	0.54126	0.366884	0.173376	-0.0282354	-0.217149	-0.377635	-0.517422	-0.626115	-0.685658	-0.688646	-0.652683	-0.592081	-0.515178	-0.449986	-0.398411	-0.350433	-0.297748	-0.250133	-0.212153	-0.177427	-0.13672	-0.090974	-0.0483965	-0.0259119	-0.0157389	-0.0105617	-0.00369246	-0.00124452	-0.00525634	-0.00882681	0.0022764	0.0289793	0.0824481	0.168106	0.279738	0.410069	0.566577	0.743034	0.921634	1.09078	1.23085	1.33645	1.404	1.39972	1.32544	1.20059	1.03907	0.85767	0.6683	0.482878	0.316093	0.167114	0.0440127	-0.0527941	-0.131321	-0.188936	-0.234515	-0.272737	-0.29719	-0.299329	-0.27686	-0.232455	-0.1699	-0.08323	0.0121409	0.118068	0.232413	0.33907	0.430929	0.504849	0.572206	0.625211	0.670703	0.718641	0.758891	0.787884	0.809161	0.813655	0.799862	0.772269	0.723411	0.666219	0.601976	0.530497	0.461389	0.389057	0.306336	0.212578	0.112476	0	
0	0.210903	0.414445	0.596665	0.749339	0.866541	0.941308	0.959183	0.921092	0.836603	0.718995	0.57323	0.393308	0.189043	-0.021694	-0.212097	-0.385858	-0.522116	-0.600526	-0.610203	-0.574569	-0.50524	-0.414329	-0.33007	-0.259677	-0.19641	-0.130974	-0.0782115	-0.0382577	-0.00177851	0.0400528	0.0897506	0.129979	0.144632	0.143175	0.133309	0.128509	0.118783	0.102043	0.0875793	0.090056	0.111604	0.168366	0.259099	0.380268	0.512905	0.665974	0.827793	0.987322	1.13228	1.25305	1.34707	1.41518	1.41685	1.35229	1.23931	1.08659	0.917169	0.740653	0.569175	0.419668	0.293454	0.192557	0.115427	0.0548179	0.00461129	-0.0474785	-0.0999847	-0.143821	-0.169827	-0.176948	-0.159913	-0.113996	-0.031996	0.0624243	0.157213	0.254224	0.336989	0.397459	0.439826	0.475586	0.497667	0.509435	0.527377	0.546163	0.5588	0.578777	0.591216	0.58706	0.574693	0.540182	0.497648	0.45099	0.396337	0.344428	0.289857	0.225779	0.154603	0.0821443	0	
0	0.197121	0.392002	0.574104	0.733851	0.865552	0.959183	1.00223	0.997503	0.955784	0.886369	0.78273	0.631741	0.43478	0.215161	0.00288441	-0.19486	-0.355242	-0.45092	-0.473577	-0.44255	-0.372829	-0.271962	-0.173619	-0.0870519	-0.00660321	0.0738708	0.139099	0.184494	0.217763	0.250844	0.283811	0.306567	0.303927	0.288102	0.269893	0.255415	0.234037	0.20218	0.171472	0.163488	0.18279	0.241272	0.339289	0.460271	0.584778	0.716634	0.850461	0.9768	1.09347	1.19172	1.27537	1.34283	1.35158	1.29833	1.19946	1.07006	0.928023	0.784973	0.651403	0.540733	0.44596	0.371088	0.313655	0.265006	0.224504	0.177519	0.116305	0.0469341	-0.0147566	-0.0573402	-0.0700013	-0.0465419	0.0190359	0.0984686	0.178656	0.253309	0.304813	0.329186	0.331212	0.326996	0.309608	0.285238	0.269835	0.259998	0.254506	0.261358	0.269342	0.273049	0.275988	0.267426	0.257536	0.242475	0.216129	0.186506	0.151752	0.110225	0.0688811	0.0366753	0	
0	0.163869	0.332816	0.500848	0.660058	0.804128	0.921092	0.997503	1.03563	1.04513	1.02842	0.97223	0.856337	0.680721	0.467327	0.250102	0.0368231	-0.1438	-0.264023	-0.306478	-0.291916	-0.229165	-0.130201	-0.0279784	0.0661554	0.158167	0.256065	0.337971	0.393053	0.424703	0.44201	0.453386	0.451218	0.428259	0.398378	0.368812	0.344514	0.309941	0.263579	0.222093	0.208175	0.227165	0.287532	0.381301	0.492666	0.594615	0.696414	0.795964	0.890663	0.980508	1.06187	1.13517	1.20037	1.2125	1.16724	1.08701	0.987105	0.88902	0.798363	0.719094	0.654965	0.600383	0.555032	0.517481	0.483202	0.446199	0.390843	0.310389	0.213448	0.116783	0.0387573	-0.00426145	-0.00287685	0.0483734	0.114772	0.174692	0.22299	0.244842	0.234362	0.201081	0.159689	0.104802	0.046109	0.00140116	-0.0323216	-0.0611067	-0.0725059	-0.0763283	-0.07533	-0.0599262	-0.0462717	-0.0267827	-0.0103896	-0.00859334	-0.00895633	-0.0136447	-0.0210373	-0.0213164	-0.0102978	0	
0	0.116388	0.244885	0.385541	0.535574	0.690346	0.836603	0.955784	1.04513	1.10803	1.14158	1.12942	1.0518	0.907871	0.71732	0.507815	0.288384	0.0849549	-0.0643133	-0.140263	-0.15242	-0.112008	-0.0276431	0.0664161	0.159413	0.258889	0.370417	0.466877	0.531093	0.561016	0.569517	0.565154	0.545992	0.505168	0.457063	0.411282	0.371105	0.324771	0.271642	0.227545	0.21525	0.234601	0.289344	0.372593	0.46351	0.540596	0.611899	0.679761	0.745784	0.812338	0.874375	0.936593	0.994957	1.00686	0.971759	0.912378	0.851506	0.805835	0.777078	0.759785	0.752708	0.739882	0.721799	0.69867	0.666668	0.622538	0.548448	0.438845	0.305351	0.175679	0.0708569	0.00767465	-0.00580365	0.0300494	0.0813541	0.127293	0.163226	0.171515	0.142576	0.0833158	0.0121267	-0.0696373	-0.153226	-0.222366	-0.280558	-0.333429	-0.368311	-0.387931	-0.391174	-0.371893	-0.345075	-0.309835	-0.275204	-0.248585	-0.219808	-0.186031	-0.149997	-0.107167	-0.0514664	0	
0	0.0613794	0.13991	0.244081	0.377019	0.54126	0.718995	0.886369	1.02842	1.14158	1.21874	1.24462	1.20554	1.09924	0.940802	0.749232	0.529412	0.309812	0.128745	0.015915	-0.0361239	-0.0301197	0.0261335	0.103289	0.189395	0.289581	0.404774	0.505556	0.570979	0.601633	0.608711	0.601529	0.572626	0.516255	0.446737	0.380411	0.325637	0.274116	0.22502	0.191686	0.187802	0.211869	0.260602	0.32722	0.395567	0.444049	0.483682	0.522572	0.561905	0.605662	0.650679	0.696962	0.743514	0.754058	0.7275	0.694061	0.677346	0.689732	0.723585	0.766875	0.806337	0.829985	0.836033	0.822092	0.784871	0.719313	0.61611	0.473762	0.311769	0.157523	0.0362774	-0.0397929	-0.0676406	-0.0442218	-0.000831028	0.0434409	0.0794841	0.088822	0.059014	-0.00284311	-0.0815592	-0.178343	-0.280809	-0.374391	-0.45925	-0.535414	-0.588626	-0.6195	-0.628199	-0.613147	-0.58982	-0.551786	-0.505996	-0.457431	-0.393417	-0.321346	-0.246212	-0.165357	-0.080744	0	
0	0.0019949	0.0263873	0.087293	0.199394	0.366884	0.57323	0.78273	0.97223	1.12942	1.24462	1.3065	1.30372	1.23569	1.11028	0.939734	0.728915	0.501391	0.299018	0.148795	0.0540213	0.0169147	0.0375329	0.0907053	0.161514	0.249551	0.353607	0.443851	0.504205	0.53398	0.544119	0.536757	0.501805	0.432092	0.347381	0.268729	0.208738	0.161218	0.124572	0.107063	0.120548	0.154851	0.204605	0.260969	0.307156	0.327719	0.335634	0.341692	0.354815	0.377545	0.404629	0.439648	0.478339	0.489339	0.477331	0.470912	0.494146	0.554292	0.638991	0.727824	0.807685	0.860762	0.882854	0.872105	0.825016	0.738442	0.604509	0.433024	0.247168	0.079224	-0.0524347	-0.138958	-0.173825	-0.15801	-0.116384	-0.0702662	-0.0255727	-0.000800817	-0.0142026	-0.061803	-0.132245	-0.225054	-0.334639	-0.444701	-0.547687	-0.640104	-0.705435	-0.746226	-0.76694	-0.765394	-0.750118	-0.71365	-0.655859	-0.582598	-0.492094	-0.390801	-0.291232	-0.193538	-0.09264	0	
0	-0.05985	-0.0929156	-0.0758313	0.00922234	0.173376	0.393308	0.631741	0.856337	1.0518	1.20554	1.30372	1.33778	1.303	1.20688	1.0577	0.861111	0.638008	0.422976	0.243493	0.1079	0.0273992	0.00708777	0.0256881	0.0649811	0.124676	0.202106	0.27583	0.327842	0.356164	0.365286	0.354263	0.311905	0.237916	0.150977	0.0773758	0.0251646	-0.0105961	-0.032812	-0.0319543	-0.00285464	0.046777	0.101828	0.154031	0.187474	0.190149	0.17415	0.158714	0.151082	0.156142	0.171691	0.197928	0.232373	0.252063	0.257103	0.275521	0.331124	0.424988	0.540841	0.660316	0.765157	0.840761	0.879462	0.87254	0.814506	0.70489	0.548633	0.356056	0.153214	-0.0308974	-0.174957	-0.270471	-0.313462	-0.300601	-0.255799	-0.198792	-0.141853	-0.102207	-0.0924327	-0.111092	-0.153723	-0.227703	-0.326771	-0.43437	-0.539577	-0.633551	-0.707116	-0.760591	-0.794365	-0.807845	-0.800714	-0.763187	-0.700406	-0.618548	-0.51777	-0.410835	-0.305303	-0.200561	-0.0980376	0	
0	-0.120006	-0.206277	-0.2329	-0.17528	-0.0282354	0.189043	0.43478	0.680721	0.907871	1.09924	1.23569	1.303	1.29738	1.22501	1.09582	0.917496	0.70616	0.490921	0.295674	0.133055	0.0178579	-0.0454378	-0.0743204	-0.0837927	-0.0698011	-0.0273228	0.0247076	0.0664848	0.0885676	0.0912569	0.0737975	0.030671	-0.0369495	-0.108134	-0.163658	-0.19797	-0.218401	-0.226368	-0.213618	-0.172189	-0.114413	-0.0524473	0.00252467	0.0364035	0.0388872	0.0203631	-0.00255993	-0.0173598	-0.0196761	-0.0110185	0.0131497	0.0479726	0.0740448	0.0911392	0.124837	0.195112	0.304596	0.439201	0.577827	0.70208	0.793452	0.838759	0.8308	0.766901	0.648657	0.480063	0.276344	0.0604412	-0.138659	-0.299891	-0.410779	-0.458953	-0.446694	-0.394694	-0.32827	-0.257314	-0.194215	-0.157195	-0.148255	-0.167014	-0.215354	-0.287331	-0.368136	-0.449335	-0.529036	-0.600093	-0.661329	-0.708396	-0.732546	-0.731751	-0.70322	-0.650818	-0.582993	-0.501343	-0.408541	-0.312011	-0.210981	-0.104161	0	
0	-0.169867	-0.301742	-0.364892	-0.338743	-0.217149	-0.021694	0.215161	0.467327	0.71732	0.940802	1.11028	1.20688	1.22501	1.17268	1.05972	0.897962	0.701327	0.497093	0.303436	0.134506	-0.00143319	-0.10249	-0.181172	-0.244856	-0.278076	-0.27403	-0.24744	-0.223417	-0.216332	-0.225363	-0.249545	-0.291195	-0.344849	-0.396149	-0.425549	-0.435253	-0.432779	-0.422339	-0.395607	-0.348475	-0.286701	-0.224087	-0.166069	-0.126055	-0.11039	-0.116428	-0.126601	-0.131829	-0.12903	-0.116845	-0.0923262	-0.0605266	-0.0341848	-0.0145254	0.0200253	0.0931769	0.206211	0.34499	0.489997	0.620779	0.718101	0.767805	0.763004	0.700357	0.583043	0.41714	0.210419	-0.016937	-0.233627	-0.411832	-0.53244	-0.583304	-0.567781	-0.506584	-0.423533	-0.333163	-0.25188	-0.194206	-0.16528	-0.162314	-0.183468	-0.222779	-0.267806	-0.317923	-0.373296	-0.432489	-0.488676	-0.532577	-0.56194	-0.571248	-0.561554	-0.537914	-0.500237	-0.44864	-0.383277	-0.304417	-0.21201	-0.108558	0	
0	-0.202745	-0.365785	-0.460482	-0.46468	-0.377635	-0.212097	0.00288441	0.250102	0.507815	0.749232	0.939734	1.0577	1.09582	1.05972	0.959963	0.810786	0.632813	0.448826	0.274999	0.115804	-0.0255811	-0.153144	-0.271646	-0.379299	-0.455807	-0.493615	-0.502973	-0.509554	-0.523474	-0.545599	-0.573428	-0.608799	-0.648216	-0.676396	-0.679199	-0.660652	-0.631632	-0.598643	-0.555646	-0.498302	-0.432548	-0.365964	-0.305211	-0.257663	-0.227935	-0.21672	-0.209479	-0.198413	-0.182251	-0.159825	-0.128088	-0.0952917	-0.0687581	-0.053539	-0.0254646	0.0357626	0.136767	0.266362	0.40496	0.530203	0.624697	0.675622	0.678274	0.629984	0.527248	0.368807	0.159731	-0.0779939	-0.30802	-0.4957	-0.617888	-0.661824	-0.636939	-0.561688	-0.461945	-0.356701	-0.261932	-0.193488	-0.154229	-0.137155	-0.134402	-0.140234	-0.151658	-0.173402	-0.204443	-0.242936	-0.281967	-0.316459	-0.346736	-0.368728	-0.383901	-0.388586	-0.379748	-0.356584	-0.315663	-0.258061	-0.183803	-0.0956333	0	
0	-0.220771	-0.406465	-0.529561	-0.568076	-0.517422	-0.385858	-0.19486	0.0368231	0.288384	0.529412	0.728915	0.861111	0.917496	0.897962	0.810786	0.677668	0.520812	0.365791	0.215837	0.073674	-0.065301	-0.204665	-0.344625	-0.481332	-0.595384	-0.679069	-0.735525	-0.778751	-0.818235	-0.851585	-0.881213	-0.908438	-0.929398	-0.932163	-0.904653	-0.855945	-0.798619	-0.739844	-0.676036	-0.604694	-0.530621	-0.461127	-0.398017	-0.347472	-0.307335	-0.282129	-0.260985	-0.235377	-0.205694	-0.169863	-0.126102	-0.0855582	-0.0576995	-0.0438832	-0.0258178	0.0203208	0.103988	0.216629	0.33845	0.451524	0.540748	0.594091	0.611485	0.580952	0.493842	0.343132	0.134103	-0.109391	-0.345153	-0.535461	-0.655846	-0.692343	-0.657423	-0.567444	-0.451692	-0.335007	-0.236496	-0.165019	-0.119579	-0.0878364	-0.061817	-0.0454063	-0.035294	-0.0373171	-0.0466042	-0.061086	-0.078929	-0.0991082	-0.127515	-0.157091	-0.189056	-0.216209	-0.228876	-0.228436	-0.209177	-0.171678	-0.121935	-0.063307	0	
0	-0.226322	-0.42585	-0.573919	-0.643409	-0.626115	-0.522116	-0.355242	-0.1438	0.0849549	0.309812	0.501391	0.638008	0.70616	0.701327	0.632813	0.520812	0.394466	0.268114	0.143399	0.0182298	-0.108672	-0.243111	-0.387475	-0.542533	-0.690997	-0.825717	-0.931686	-1.01779	-1.0836	-1.13162	-1.16155	-1.17521	-1.16976	-1.13764	-1.07417	-0.99222	-0.904863	-0.821176	-0.736368	-0.651708	-0.57049	-0.494313	-0.428421	-0.373715	-0.327732	-0.29998	-0.276679	-0.247946	-0.210828	-0.159636	-0.0980521	-0.0477744	-0.0150008	-0.00794203	-0.00234668	0.0257176	0.092205	0.188581	0.296848	0.398511	0.481148	0.538106	0.564509	0.547499	0.472368	0.331415	0.128284	-0.108567	-0.33709	-0.523019	-0.638114	-0.668903	-0.627005	-0.528656	-0.402224	-0.279279	-0.180926	-0.107408	-0.0571328	-0.0197505	0.0104685	0.0340018	0.0554262	0.0708812	0.0878245	0.0988667	0.102221	0.0955099	0.073799	0.0476524	0.012376	-0.0232696	-0.0499062	-0.0694356	-0.074102	-0.0637196	-0.0455452	-0.0243169	0	
0	-0.223649	-0.428711	-0.592146	-0.682225	-0.685658	-0.600526	-0.45092	-0.264023	-0.0643133	0.128745	0.299018	0.422976	0.490921	0.497093	0.448826	0.365791	0.268114	0.168503	0.0630442	-0.0424068	-0.147556	-0.263488	-0.400674	-0.564197	-0.740292	-0.913906	-1.06421	-1.18669	-1.28234	-1.34693	-1.38048	-1.38018	-1.34711	-1.27814	-1.17608	-1.05686	-0.937527	-0.826392	-0.723088	-0.625291	-0.534309	-0.449812	-0.37653	-0.321738	-0.281973	-0.263336	-0.25265	-0.229895	-0.187784	-0.125011	-0.0521984	0.00462947	0.0305342	0.0292562	0.024457	0.0397621	0.092278	0.175013	0.267483	0.356647	0.434692	0.492019	0.529678	0.522558	0.455622	0.321403	0.131181	-0.0890772	-0.30204	-0.472339	-0.575046	-0.594305	-0.545125	-0.442146	-0.316773	-0.199121	-0.101935	-0.0239652	0.0294529	0.0645984	0.0878028	0.102073	0.123194	0.147421	0.179581	0.211929	0.233686	0.243504	0.23926	0.227895	0.204697	0.177077	0.151481	0.12134	0.0927701	0.0681763	0.043252	0.0197991	0	
0	-0.218163	-0.420968	-0.585843	-0.679109	-0.688646	-0.610203	-0.473577	-0.306478	-0.140263	0.015915	0.148795	0.243493	0.295674	0.303436	0.274999	0.215837	0.143399	0.0630442	-0.0225931	-0.103502	-0.180604	-0.272644	-0.398114	-0.563125	-0.750767	-0.949058	-1.12682	-1.27937	-1.39778	-1.4781	-1.51384	-1.50253	-1.44528	-1.34266	-1.20388	-1.04976	-0.900569	-0.768563	-0.647845	-0.536032	-0.431995	-0.332503	-0.254455	-0.20527	-0.178461	-0.178461	-0.182673	-0.168363	-0.130828	-0.0687978	0.00174545	0.0476317	0.0648622	0.0568276	0.0482441	0.0566259	0.0979394	0.162075	0.235048	0.312365	0.386371	0.451	0.494981	0.494738	0.435785	0.312584	0.134853	-0.0666488	-0.254006	-0.402172	-0.48047	-0.477929	-0.417209	-0.319322	-0.204129	-0.0937008	-0.00423157	0.072057	0.124388	0.153787	0.165925	0.169677	0.18274	0.200934	0.23215	0.26844	0.305208	0.337568	0.359605	0.377422	0.378434	0.37065	0.357042	0.322221	0.272638	0.212493	0.141585	0.0692601	0	
0	-0.2167	-0.414257	-0.568397	-0.650796	-0.652683	-0.574569	-0.44255	-0.291916	-0.15242	-0.0361239	0.0540213	0.1079	0.133055	0.134506	0.115804	0.073674	0.0182298	-0.0424068	-0.103502	-0.156289	-0.205735	-0.277582	-0.39192	-0.550163	-0.738976	-0.945351	-1.14017	-1.30844	-1.4398	-1.52558	-1.55962	-1.5358	-1.45578	-1.3228	-1.15364	-0.973514	-0.805946	-0.657769	-0.522944	-0.396509	-0.279503	-0.174987	-0.100062	-0.0637665	-0.0541724	-0.0647573	-0.0778109	-0.0722634	-0.0438164	0.00367899	0.0536102	0.0830324	0.0831484	0.0673761	0.0558308	0.0560257	0.0828659	0.133049	0.196675	0.270765	0.348211	0.414811	0.46469	0.467019	0.411492	0.29838	0.142107	-0.0327021	-0.195485	-0.312814	-0.362449	-0.342115	-0.276046	-0.180344	-0.0722048	0.0270855	0.108264	0.174929	0.212233	0.226586	0.2278	0.224681	0.232365	0.240625	0.261104	0.298341	0.344473	0.396814	0.449938	0.497536	0.526922	0.538338	0.529176	0.489149	0.423184	0.338819	0.235503	0.119207	0	
0	-0.218643	-0.408512	-0.544799	-0.605265	-0.592081	-0.50524	-0.372829	-0.229165	-0.112008	-0.0301197	0.0169147	0.0273992	0.0178579	-0.00143319	-0.0255811	-0.065301	-0.108672	-0.147556	-0.180604	-0.205735	-0.233616	-0.288407	-0.389153	-0.534764	-0.71484	-0.920904	-1.11973	-1.29233	-1.42358	-1.50625	-1.53069	-1.48899	-1.38496	-1.22633	-1.03834	-0.845021	-0.665439	-0.504502	-0.355384	-0.218745	-0.102813	-0.00578564	0.0530136	0.0711979	0.0685525	0.0519803	0.0366091	0.0389283	0.0572151	0.0886192	0.1203	0.126524	0.105077	0.0710107	0.0428605	0.0271266	0.0432817	0.0898393	0.15771	0.244182	0.330018	0.399768	0.442236	0.438939	0.388392	0.286757	0.145652	-0.00475819	-0.133024	-0.22262	-0.249856	-0.211163	-0.135244	-0.0403203	0.0679608	0.169622	0.238708	0.280863	0.291639	0.283914	0.269404	0.256673	0.258686	0.265501	0.287886	0.329374	0.384286	0.447302	0.516755	0.585986	0.631114	0.651019	0.641823	0.592974	0.519187	0.423771	0.3001	0.156786	0	
0	-0.218316	-0.398992	-0.513737	-0.550538	-0.515178	-0.414329	-0.271962	-0.130201	-0.0276431	0.0261335	0.0375329	0.00708777	-0.0454378	-0.10249	-0.153144	-0.204665	-0.243111	-0.263488	-0.272644	-0.277582	-0.288407	-0.325738	-0.407917	-0.53415	-0.698152	-0.891636	-1.08216	-1.2459	-1.36726	-1.43627	-1.44032	-1.37456	-1.24713	-1.07439	-0.8809	-0.68438	-0.499439	-0.330231	-0.176039	-0.0435137	0.0620285	0.142986	0.186299	0.190837	0.175884	0.154813	0.138016	0.13735	0.151309	0.17511	0.191955	0.181856	0.136712	0.0783153	0.0286051	-0.00470988	0.00223146	0.0524705	0.134617	0.234796	0.327945	0.396562	0.436792	0.429481	0.373183	0.271835	0.141219	0.00793456	-0.101453	-0.163165	-0.162129	-0.105078	-0.0118517	0.102403	0.223575	0.321724	0.374209	0.391789	0.375797	0.344796	0.311189	0.285655	0.283591	0.292593	0.319458	0.368034	0.424657	0.486556	0.55645	0.622166	0.667071	0.687283	0.67814	0.63386	0.558213	0.455141	0.322014	0.166122	0	
0	-0.215176	-0.38733	-0.487444	-0.505195	-0.449986	-0.33007	-0.173619	-0.0279784	0.0664161	0.103289	0.0907053	0.0256881	-0.0743204	-0.181172	-0.271646	-0.344625	-0.387475	-0.400674	-0.398114	-0.39192	-0.389153	-0.407917	-0.468503	-0.569385	-0.706418	-0.871608	-1.03702	-1.17787	-1.27503	-1.31598	-1.28995	-1.19791	-1.0569	-0.881783	-0.693069	-0.501997	-0.321507	-0.15969	-0.019203	0.0968608	0.184072	0.249233	0.2795	0.270314	0.244586	0.220205	0.205509	0.20756	0.221194	0.237118	0.242014	0.215687	0.151431	0.0760431	0.0143912	-0.024364	-0.016577	0.0399992	0.129852	0.236599	0.332104	0.400971	0.437856	0.428061	0.372021	0.266122	0.12851	-0.00122762	-0.0944663	-0.137981	-0.116557	-0.0290047	0.0973184	0.233799	0.365994	0.464608	0.506064	0.50679	0.479102	0.438229	0.391401	0.35246	0.337699	0.338243	0.358736	0.401851	0.453135	0.504962	0.559163	0.60341	0.627421	0.638785	0.632445	0.59527	0.52705	0.425436	0.293893	0.150419	0	
0	-0.206272	-0.370656	-0.462357	-0.469805	-0.398411	-0.259677	-0.0870519	0.0661554	0.159413	0.189395	0.161514	0.0649811	-0.0837927	-0.244856	-0.379299	-0.481332	-0.542533	-0.564197	-0.563125	-0.550163	-0.534764	-0.53415	-0.569385	-0.637755	-0.734556	-0.855875	-0.98146	-1.08376	-1.14245	-1.14527	-1.08622	-0.975028	-0.825992	-0.652318	-0.470732	-0.291865	-0.131241	0.00331774	0.11352	0.19876	0.258911	0.301191	0.313409	0.293351	0.264345	0.246737	0.242764	0.25039	0.259314	0.264134	0.255643	0.218401	0.145301	0.0655556	0.00354039	-0.0309957	-0.0168119	0.0463867	0.140249	0.246638	0.337781	0.402028	0.433866	0.417274	0.349824	0.235986	0.100854	-0.0216554	-0.106741	-0.138251	-0.0985434	0.0120532	0.169394	0.337803	0.489721	0.597955	0.644914	0.64843	0.621196	0.574721	0.517347	0.464393	0.433589	0.414821	0.410409	0.431401	0.462998	0.493007	0.521492	0.536392	0.535144	0.526443	0.50547	0.46291	0.398962	0.314896	0.21458	0.109215	0	
0	-0.191442	-0.345808	-0.431319	-0.433787	-0.350433	-0.19641	-0.00660321	0.158167	0.258889	0.289581	0.249551	0.124676	-0.0698011	-0.278076	-0.455807	-0.595384	-0.690997	-0.740292	-0.750767	-0.738976	-0.71484	-0.698152	-0.706418	-0.734556	-0.77935	-0.841775	-0.906809	-0.950909	-0.95567	-0.916226	-0.830811	-0.707761	-0.556843	-0.391035	-0.224865	-0.0722389	0.0571578	0.158581	0.233829	0.282737	0.307807	0.315927	0.306732	0.277487	0.249752	0.242101	0.249465	0.259827	0.266461	0.265475	0.251184	0.210745	0.134811	0.0520884	-0.00647175	-0.0297569	-0.00418349	0.0667061	0.164513	0.265881	0.346971	0.39775	0.412766	0.380758	0.303599	0.186882	0.0502327	-0.0698923	-0.150636	-0.17168	-0.114133	0.0229727	0.209377	0.401478	0.578102	0.715178	0.793835	0.820577	0.80544	0.75878	0.690671	0.622385	0.567964	0.521004	0.487144	0.473952	0.464942	0.45128	0.437566	0.416456	0.388305	0.354906	0.31019	0.257638	0.205409	0.155415	0.106192	0.0559639	0	
0	-0.173752	-0.313766	-0.391343	-0.387694	-0.297748	-0.130974	0.0738708	0.256065	0.370417	0.404774	0.353607	0.202106	-0.0273228	-0.27403	-0.493615	-0.679069	-0.825717	-0.913906	-0.949058	-0.945351	-0.920904	-0.891636	-0.871608	-0.855875	-0.841775	-0.830648	-0.818216	-0.787487	-0.734531	-0.656828	-0.551212	-0.421581	-0.277196	-0.130842	0.00426239	0.123463	0.222283	0.294149	0.335475	0.345481	0.32987	0.306992	0.28146	0.24815	0.223707	0.220179	0.230605	0.243273	0.249649	0.247487	0.235162	0.195721	0.121816	0.0473019	0.00229234	-0.00273094	0.0367165	0.113157	0.204595	0.294693	0.362971	0.399346	0.396313	0.345563	0.250791	0.117235	-0.0294534	-0.155067	-0.233106	-0.243832	-0.168353	-0.00440132	0.211534	0.435383	0.64333	0.818783	0.938346	0.996441	1.00494	0.970384	0.901603	0.81685	0.734585	0.65421	0.57785	0.514702	0.450761	0.38157	0.320215	0.26349	0.205445	0.147642	0.0888896	0.0365448	0.00471133	-0.010477	-0.0137072	-0.00570004	0	
0	-0.159579	-0.286194	-0.352506	-0.344077	-0.250133	-0.0782115	0.139099	0.337971	0.466877	0.505556	0.443851	0.27583	0.0247076	-0.24744	-0.502973	-0.735525	-0.931686	-1.06421	-1.12682	-1.14017	-1.11973	-1.08216	-1.03702	-0.98146	-0.906809	-0.818216	-0.71976	-0.616074	-0.509203	-0.397646	-0.27297	-0.143352	-0.0181403	0.0897475	0.185456	0.270664	0.343841	0.39049	0.401959	0.378519	0.338368	0.298763	0.266674	0.23132	0.200323	0.188463	0.195668	0.206411	0.212556	0.211922	0.19953	0.163053	0.102359	0.0450157	0.0238165	0.0435202	0.0964601	0.171883	0.259242	0.339831	0.395623	0.416233	0.39265	0.321018	0.204168	0.0535914	-0.111765	-0.254326	-0.33838	-0.334801	-0.232917	-0.0454155	0.192379	0.442673	0.685659	0.900551	1.05958	1.15165	1.1869	1.16947	1.10493	1.01089	0.903489	0.786121	0.663688	0.542648	0.419801	0.301664	0.196923	0.102063	0.0161823	-0.0564917	-0.111134	-0.140678	-0.146864	-0.135857	-0.10548	-0.0573182	0	
0	-0.151937	-0.267286	-0.322828	-0.307408	-0.212153	-0.0382577	0.184494	0.393053	0.531093	0.570979	0.504205	0.327842	0.0664848	-0.223417	-0.509554	-0.778751	-1.01779	-1.18669	-1.27937	-1.30844	-1.29233	-1.2459	-1.17787	-1.08376	-0.950909	-0.787487	-0.616074	-0.452767	-0.304966	-0.164409	-0.0293128	0.0879813	0.177047	0.24061	0.297973	0.354418	0.405271	0.430343	0.420948	0.383886	0.337322	0.295801	0.263398	0.22095	0.180155	0.156692	0.156341	0.164223	0.167042	0.159657	0.146112	0.117449	0.0756458	0.047212	0.0541002	0.0961143	0.158905	0.237184	0.320576	0.394799	0.443331	0.449547	0.405981	0.310994	0.170973	-0.00627944	-0.192785	-0.343239	-0.420144	-0.404908	-0.295133	-0.0938624	0.164237	0.443851	0.718199	0.963888	1.15278	1.2695	1.32596	1.32355	1.26474	1.16355	1.03689	0.886243	0.717334	0.545066	0.37786	0.224746	0.0877974	-0.0329436	-0.134674	-0.205801	-0.242614	-0.250787	-0.23347	-0.200491	-0.149625	-0.0782219	0	
0	-0.148502	-0.255679	-0.301437	-0.276514	-0.177427	-0.00177851	0.217763	0.424703	0.561016	0.601633	0.53398	0.356164	0.0885676	-0.216332	-0.523474	-0.818235	-1.0836	-1.28234	-1.39778	-1.4398	-1.42358	-1.36726	-1.27503	-1.14245	-0.95567	-0.734531	-0.509203	-0.304966	-0.124575	0.0351477	0.1696	0.263027	0.313894	0.336963	0.358098	0.382882	0.406271	0.411759	0.393503	0.357276	0.318522	0.286929	0.25831	0.217381	0.171756	0.138933	0.131719	0.132319	0.124349	0.109226	0.0958375	0.0773323	0.062161	0.0583845	0.0845496	0.137907	0.205674	0.284042	0.370246	0.445496	0.488062	0.48162	0.418857	0.30309	0.139611	-0.0545927	-0.250125	-0.403371	-0.47466	-0.44907	-0.329406	-0.121524	0.146837	0.445996	0.741905	1.00671	1.21229	1.34312	1.40929	1.41125	1.35417	1.2514	1.11308	0.940249	0.74399	0.541132	0.347553	0.169914	0.00860009	-0.123671	-0.22161	-0.279782	-0.302367	-0.29791	-0.267491	-0.218139	-0.152207	-0.0767583	0	
0	-0.145236	-0.247093	-0.282938	-0.247063	-0.13672	0.0400528	0.250844	0.44201	0.569517	0.608711	0.544119	0.365286	0.0912569	-0.225363	-0.545599	-0.851585	-1.13162	-1.34693	-1.4781	-1.52558	-1.50625	-1.43627	-1.31598	-1.14527	-0.916226	-0.656828	-0.397646	-0.164409	0.0351477	0.200868	0.324609	0.395702	0.418231	0.405755	0.388802	0.374587	0.367251	0.35401	0.329751	0.297126	0.271061	0.253388	0.239744	0.209736	0.171726	0.141122	0.132427	0.129688	0.11407	0.0911246	0.0753066	0.0654031	0.0636557	0.0730871	0.104427	0.159375	0.227645	0.30781	0.394436	0.466082	0.503464	0.487479	0.415733	0.287986	0.111748	-0.0915864	-0.28776	-0.43284	-0.49325	-0.46044	-0.336872	-0.122362	0.155532	0.46333	0.761088	1.02272	1.2278	1.36298	1.42892	1.43095	1.37667	1.27093	1.12625	0.945987	0.748281	0.545577	0.346253	0.159322	-0.0117016	-0.14369	-0.23481	-0.290145	-0.31175	-0.306063	-0.272067	-0.216191	-0.147117	-0.0738501	0	
0	-0.140632	-0.236287	-0.26504	-0.213443	-0.090974	0.0897506	0.283811	0.453386	0.565154	0.601529	0.536757	0.354263	0.0737975	-0.249545	-0.573428	-0.881213	-1.16155	-1.38048	-1.51384	-1.55962	-1.53069	-1.44032	-1.28995	-1.08622	-0.830811	-0.551212	-0.27297	-0.0293128	0.1696	0.324609	0.434195	0.493657	0.494136	0.451259	0.394823	0.344203	0.307237	0.27379	0.238874	0.208794	0.193069	0.195455	0.2023	0.194876	0.179457	0.164434	0.165939	0.166181	0.146074	0.114101	0.093578	0.0813062	0.0834638	0.0907677	0.115345	0.161035	0.223319	0.300628	0.384242	0.453251	0.487656	0.469186	0.39218	0.257424	0.078288	-0.119598	-0.301491	-0.430203	-0.477552	-0.438058	-0.310483	-0.0902639	0.188261	0.489118	0.775044	1.02104	1.20957	1.32934	1.38425	1.3812	1.32385	1.21872	1.07747	0.90934	0.734402	0.551815	0.369483	0.196945	0.0405807	-0.0790853	-0.172513	-0.238579	-0.272514	-0.279537	-0.255579	-0.209911	-0.149384	-0.077548	0	
0	-0.134631	-0.225808	-0.246266	-0.183046	-0.0483965	0.129979	0.306567	0.451218	0.545992	0.572626	0.501805	0.311905	0.030671	-0.291195	-0.608799	-0.908438	-1.17521	-1.38018	-1.50253	-1.5358	-1.48899	-1.37456	-1.19791	-0.975028	-0.707761	-0.421581	-0.143352	0.0879813	0.263027	0.395702	0.493657	0.540643	0.521895	0.448525	0.359052	0.278983	0.21521	0.162758	0.122713	0.0986671	0.100463	0.127117	0.15934	0.181946	0.194519	0.202307	0.215878	0.223041	0.200176	0.164143	0.137007	0.120434	0.11413	0.109509	0.117286	0.147926	0.204522	0.278417	0.358855	0.42624	0.458942	0.435874	0.35703	0.223145	0.0503305	-0.129296	-0.286465	-0.397119	-0.433937	-0.385547	-0.247192	-0.0267761	0.239974	0.521507	0.780366	0.996025	1.15448	1.25133	1.2826	1.26174	1.19853	1.09297	0.968246	0.832512	0.694853	0.550864	0.406638	0.273198	0.149521	0.0457967	-0.0477139	-0.124227	-0.170396	-0.193662	-0.194019	-0.169806	-0.126278	-0.0693588	0	
0	-0.130482	-0.217679	-0.232995	-0.162981	-0.0259119	0.144632	0.303927	0.428259	0.505168	0.516255	0.432092	0.237916	-0.0369495	-0.344849	-0.648216	-0.929398	-1.16976	-1.34711	-1.44528	-1.45578	-1.38496	-1.24713	-1.0569	-0.825992	-0.556843	-0.277196	-0.0181403	0.177047	0.313894	0.418231	0.494136	0.521895	0.477025	0.378229	0.265071	0.162359	0.081956	0.0235618	-0.0105094	-0.0170482	0.00740263	0.0600058	0.121563	0.172056	0.21339	0.242069	0.267363	0.277166	0.254537	0.214108	0.182048	0.159313	0.143844	0.126321	0.120707	0.140836	0.190741	0.262644	0.341164	0.406797	0.438139	0.415294	0.335875	0.202692	0.0434584	-0.114859	-0.25258	-0.344986	-0.367334	-0.308887	-0.16723	0.0474904	0.295724	0.546241	0.774566	0.952966	1.06911	1.1297	1.13224	1.09129	1.01574	0.919032	0.820623	0.719312	0.624429	0.527099	0.436927	0.359178	0.280272	0.204681	0.125781	0.0561492	0.00523976	-0.0368099	-0.0628081	-0.0678456	-0.0575577	-0.0344683	0	
0	-0.125117	-0.206541	-0.217249	-0.145874	-0.0157389	0.143175	0.288102	0.398378	0.457063	0.446737	0.347381	0.150977	-0.108134	-0.396149	-0.676396	-0.932163	-1.13764	-1.27814	-1.34266	-1.3228	-1.22633	-1.07439	-0.881783	-0.652318	-0.391035	-0.130842	0.0897475	0.24061	0.336963	0.405755	0.451259	0.448525	0.378229	0.259867	0.125328	0.00980258	-0.076484	-0.129173	-0.145712	-0.127809	-0.0765046	0.00754752	0.0940294	0.170738	0.234335	0.279182	0.307968	0.318628	0.294981	0.256566	0.226144	0.202157	0.178186	0.151899	0.137988	0.148605	0.196955	0.269168	0.345918	0.412373	0.44135	0.411022	0.32802	0.201692	0.055239	-0.0896797	-0.212763	-0.293475	-0.304959	-0.236064	-0.0894511	0.114548	0.3396	0.560515	0.750495	0.887866	0.964631	0.989221	0.958595	0.892199	0.810358	0.725587	0.655893	0.593171	0.537954	0.49413	0.462647	0.433498	0.399709	0.363485	0.317353	0.270233	0.224949	0.173874	0.127551	0.0911393	0.0559577	0.0237815	0	
0	-0.116556	-0.191119	-0.196664	-0.130561	-0.0105617	0.133309	0.269893	0.368812	0.411282	0.380411	0.268729	0.0773758	-0.163658	-0.425549	-0.679199	-0.904653	-1.07417	-1.17608	-1.20388	-1.15364	-1.03834	-0.8809	-0.693069	-0.470732	-0.224865	0.00426239	0.185456	0.297973	0.358098	0.388802	0.394823	0.359052	0.265071	0.125328	-0.0223436	-0.143648	-0.225327	-0.265334	-0.262882	-0.221242	-0.144989	-0.0429484	0.0632193	0.158603	0.239992	0.297508	0.329822	0.340833	0.324509	0.295734	0.268965	0.244649	0.215193	0.185857	0.17028	0.181763	0.230763	0.302459	0.377779	0.438812	0.457509	0.420612	0.336786	0.212006	0.0722141	-0.0644895	-0.184028	-0.258996	-0.262673	-0.186338	-0.0386092	0.153161	0.356421	0.547086	0.707174	0.809656	0.847864	0.842426	0.789774	0.71166	0.631694	0.562228	0.512929	0.475485	0.459322	0.463951	0.47707	0.487902	0.493777	0.497453	0.490091	0.469879	0.437958	0.388329	0.326632	0.260015	0.180967	0.0911093	0	
0	-0.103863	-0.168881	-0.17187	-0.111059	-0.00369246	0.128509	0.255415	0.344514	0.371105	0.325637	0.208738	0.0251646	-0.19797	-0.435253	-0.660652	-0.855945	-0.99222	-1.05686	-1.04976	-0.973514	-0.845021	-0.68438	-0.501997	-0.291865	-0.0722389	0.123463	0.270664	0.354418	0.382882	0.374587	0.344203	0.278983	0.162359	0.00980258	-0.143648	-0.261469	-0.335955	-0.368146	-0.353583	-0.300713	-0.21942	-0.110142	0.0079121	0.117944	0.214082	0.281627	0.320641	0.341738	0.341848	0.326614	0.307101	0.284554	0.255032	0.231966	0.225447	0.240191	0.289334	0.361211	0.430086	0.479511	0.484074	0.434947	0.343653	0.219431	0.0807316	-0.061343	-0.180448	-0.24275	-0.234628	-0.158858	-0.0237447	0.152736	0.34069	0.50996	0.64391	0.72252	0.74053	0.715528	0.653466	0.576993	0.505459	0.448329	0.412357	0.394087	0.402377	0.43836	0.480935	0.517986	0.558373	0.594551	0.612356	0.615361	0.599429	0.552717	0.479986	0.38772	0.273809	0.143012	0	
0	-0.0906854	-0.148735	-0.152232	-0.0984752	-0.00124452	0.118783	0.234037	0.309941	0.324771	0.274116	0.161218	-0.0105961	-0.218401	-0.432779	-0.631632	-0.798619	-0.904863	-0.937527	-0.900569	-0.805946	-0.665439	-0.499439	-0.321507	-0.131241	0.0571578	0.222283	0.343841	0.405271	0.406271	0.367251	0.307237	0.21521	0.081956	-0.076484	-0.225327	-0.335955	-0.405705	-0.434068	-0.423016	-0.380359	-0.308923	-0.204053	-0.0819626	0.0343201	0.135614	0.21602	0.272293	0.311934	0.332253	0.332127	0.322024	0.310226	0.294867	0.288319	0.295695	0.318374	0.370163	0.438023	0.499108	0.535674	0.521662	0.455953	0.353269	0.219159	0.0723233	-0.0687042	-0.178425	-0.23321	-0.225997	-0.155471	-0.0307878	0.127297	0.292099	0.441094	0.561562	0.633537	0.647765	0.620327	0.564935	0.499588	0.439227	0.389609	0.360492	0.354168	0.372016	0.415381	0.466136	0.520301	0.585063	0.639848	0.673048	0.688555	0.680391	0.638586	0.562887	0.456374	0.31966	0.164147	0	
0	-0.0806878	-0.135844	-0.141978	-0.0949032	-0.00525634	0.102043	0.20218	0.263579	0.271642	0.22502	0.124572	-0.032812	-0.226368	-0.422339	-0.598643	-0.739844	-0.821176	-0.826392	-0.768563	-0.657769	-0.504502	-0.330231	-0.15969	0.00331774	0.158581	0.294149	0.39049	0.430343	0.411759	0.35401	0.27379	0.162758	0.0235618	-0.129173	-0.265334	-0.368146	-0.434068	-0.473367	-0.485314	-0.469407	-0.416916	-0.324737	-0.209715	-0.0984102	0.0105503	0.109429	0.187854	0.246418	0.28301	0.299902	0.310336	0.323374	0.333143	0.351408	0.377812	0.413314	0.46938	0.537341	0.589812	0.605678	0.570335	0.490373	0.374244	0.228879	0.0749939	-0.0704331	-0.18021	-0.22981	-0.223367	-0.168895	-0.0656905	0.0757414	0.227621	0.362597	0.472906	0.544481	0.563284	0.548626	0.516057	0.469773	0.417312	0.371062	0.348445	0.345752	0.359898	0.396082	0.442638	0.500413	0.570568	0.631692	0.672294	0.691296	0.681389	0.63751	0.564755	0.458162	0.315989	0.159562	0	
0	-0.0753739	-0.128345	-0.136761	-0.0915895	-0.00882681	0.0875793	0.171472	0.222093	0.227545	0.191686	0.107063	-0.0319543	-0.213618	-0.395607	-0.555646	-0.676036	-0.736368	-0.723088	-0.647845	-0.522944	-0.355384	-0.176039	-0.019203	0.11352	0.233829	0.335475	0.401959	0.420948	0.393503	0.329751	0.238874	0.122713	-0.0105094	-0.145712	-0.262882	-0.353583	-0.423016	-0.485314	-0.532962	-0.549141	-0.524502	-0.461184	-0.367316	-0.26159	-0.142915	-0.0258943	0.0746236	0.148712	0.206041	0.24746	0.28871	0.331403	0.3711	0.413719	0.463637	0.516862	0.579794	0.644842	0.686922	0.688938	0.640169	0.546059	0.41574	0.258519	0.0942952	-0.0563266	-0.168711	-0.229381	-0.24272	-0.203522	-0.114013	0.0147542	0.154424	0.281193	0.387536	0.462058	0.495482	0.496791	0.484856	0.456712	0.412719	0.374491	0.356263	0.349989	0.355425	0.383671	0.425581	0.475029	0.531575	0.580094	0.612941	0.627011	0.609636	0.560423	0.487891	0.389295	0.269682	0.139884	0	
0	-0.072028	-0.120255	-0.124279	-0.0764379	0.0022764	0.090056	0.163488	0.208175	0.21525	0.187802	0.120548	-0.00285464	-0.172189	-0.348475	-0.498302	-0.604694	-0.651708	-0.625291	-0.536032	-0.396509	-0.218745	-0.0435137	0.0968608	0.19876	0.282737	0.345481	0.378519	0.383886	0.357276	0.297126	0.208794	0.0986671	-0.0170482	-0.127809	-0.221242	-0.300713	-0.380359	-0.469407	-0.549141	-0.599616	-0.616459	-0.592525	-0.525002	-0.427665	-0.309839	-0.183461	-0.0667507	0.032213	0.115508	0.189946	0.265794	0.340636	0.409037	0.475241	0.542175	0.607742	0.677673	0.741319	0.779979	0.777414	0.725216	0.623632	0.478194	0.304078	0.127906	-0.0309499	-0.155948	-0.235861	-0.265673	-0.245244	-0.172221	-0.0532383	0.0804917	0.208377	0.317586	0.402486	0.447711	0.460898	0.458977	0.437016	0.403955	0.374632	0.363741	0.358848	0.359205	0.382652	0.416639	0.448914	0.476515	0.495218	0.50132	0.494953	0.471693	0.425396	0.359403	0.278679	0.195343	0.107455	0	
0	-0.06846	-0.108197	-0.100941	-0.0482976	0.0289793	0.111604	0.18279	0.227165	0.234601	0.211869	0.154851	0.046777	-0.114413	-0.286701	-0.432548	-0.530621	-0.57049	-0.534309	-0.431995	-0.279503	-0.102813	0.0620285	0.184072	0.258911	0.307807	0.32987	0.338368	0.337322	0.318522	0.271061	0.193069	0.100463	0.00740263	-0.0765046	-0.144989	-0.21942	-0.308923	-0.416916	-0.524502	-0.616459	-0.679026	-0.695915	-0.655398	-0.580826	-0.47497	-0.347365	-0.211758	-0.0943667	0.0103256	0.112054	0.221346	0.329661	0.428469	0.513045	0.592519	0.669703	0.741142	0.807166	0.85393	0.858106	0.806623	0.698322	0.542017	0.357202	0.171234	0.00138232	-0.140199	-0.239554	-0.286801	-0.280156	-0.220048	-0.110387	0.0228641	0.154384	0.270557	0.363008	0.417621	0.437548	0.433734	0.413002	0.385011	0.368386	0.366896	0.361659	0.365635	0.379504	0.391702	0.399571	0.395119	0.38296	0.359887	0.327498	0.291546	0.252292	0.208785	0.1565	0.105671	0.0574895	0	
0	-0.0577858	-0.0796709	-0.0569732	0.0061527	0.0824481	0.168366	0.241272	0.287532	0.289344	0.260602	0.204605	0.101828	-0.0524473	-0.224087	-0.365964	-0.461127	-0.494313	-0.449812	-0.332503	-0.174987	-0.00578564	0.142986	0.249233	0.301191	0.315927	0.306992	0.298763	0.295801	0.286929	0.253388	0.195455	0.127117	0.0600058	0.00754752	-0.0429484	-0.110142	-0.204053	-0.324737	-0.461184	-0.592525	-0.695915	-0.745098	-0.743476	-0.698185	-0.608042	-0.481437	-0.345025	-0.223719	-0.111538	0.00961947	0.149512	0.286716	0.405276	0.500312	0.594504	0.685912	0.773521	0.851074	0.904422	0.912345	0.860211	0.741615	0.575967	0.391958	0.208683	0.0336061	-0.12273	-0.240902	-0.298823	-0.297383	-0.240057	-0.128427	0.00584499	0.136655	0.248545	0.342663	0.40432	0.423291	0.415088	0.397327	0.374636	0.353952	0.346041	0.341303	0.343467	0.346921	0.338196	0.315515	0.283685	0.248008	0.203719	0.156952	0.10982	0.0716724	0.0525627	0.0347749	0.014097	0.0025459	0	
