0	0	0	0	0	0	0	0	0	0	0	0	0	0	0	0	0	0	0	0	0	0	0	0	0	0	0	0	0	0	0	0	0	0	0	0	0	0	0	0	0	0	0	0	0	0	0	0	0	0	0	0	0	0	0	0	0	0	0	0	0	0	0	0	0	0	0	0	0	0	0	0	0	0	0	0	0	0	0	0	0	0	0	0	0	0	0	0	0	0	0	0	0	0	0	0	0	0	0	0	
0	0.0739611	0.128364	0.176755	0.222109	0.238345	0.226385	0.212269	0.189934	0.13705	0.0547509	-0.0314146	-0.0865235	-0.0989342	-0.0845662	-0.061343	-0.0406357	-0.0282104	-0.0230651	-0.020161	-0.0181051	-0.0149934	-0.0102985	-0.0053926	0.000197497	0.00517433	0.00945515	0.0130386	0.015229	0.0167486	0.0168111	0.0161161	0.0140745	0.0113069	0.00720018	0.00281326	-0.00265598	-0.00757861	-0.0119432	-0.0146177	-0.0132774	-0.00739768	0.00524671	0.0272988	0.0562288	0.0932448	0.134655	0.174111	0.208296	0.231469	0.234564	0.213685	0.167175	0.0963274	0.00986513	-0.085438	-0.177455	-0.254312	-0.326183	-0.393812	-0.427467	-0.419318	-0.397215	-0.366543	-0.302449	-0.204504	-0.105182	-0.0225338	0.0570833	0.145573	0.226987	0.27174	0.265396	0.218624	0.155475	0.0971336	0.05404	0.027064	0.0123088	0.00512076	0.00196067	0.000694523	0.000228627	7.02151e-05	2.01879e-05	5.45058e-06	1.38571e-06	3.32546e-07	7.55014e-08	1.62504e-08	3.32196e-09	6.46079e-10	1.19737e-10	2.11768e-11	3.57909e-12	5.78786e-13	8.96626e-14	1.33169e-14	1.86571e-15	0	
0	0.128364	0.239355	0.344464	0.426545	0.449263	0.424507	0.381431	0.316228	0.211054	0.0658569	-0.079279	-0.171536	-0.192619	-0.158458	-0.101982	-0.0505644	-0.0167283	0.000969094	0.00888105	0.0119107	0.0146626	0.0175167	0.0212038	0.025339	0.0289633	0.0325712	0.0351134	0.0370469	0.0381981	0.0381509	0.0378209	0.0358146	0.0339708	0.0303093	0.0271334	0.0229857	0.0197098	0.0178219	0.018665	0.0239775	0.0371008	0.0582056	0.0920487	0.138474	0.196494	0.262931	0.329853	0.385844	0.418214	0.4151	0.369344	0.283067	0.15864	0.00598353	-0.162597	-0.342107	-0.512938	-0.652001	-0.755576	-0.81651	-0.823386	-0.784142	-0.705444	-0.575643	-0.399731	-0.213695	-0.0426022	0.122873	0.291989	0.439234	0.519612	0.509645	0.425781	0.308844	0.197435	0.112585	0.0578387	0.0269903	0.0115203	0.00452425	0.00164311	0.000554295	0.000174364	5.13219e-05	1.41778e-05	3.68611e-06	9.04185e-07	2.09727e-07	4.60946e-08	9.61755e-09	1.90832e-09	3.60664e-10	6.50229e-11	1.1198e-11	1.84454e-12	2.90956e-13	4.39852e-14	6.26669e-15	0	
0	0.176755	0.344464	0.481478	0.564177	0.593459	0.571347	0.489469	0.359292	0.189813	-0.00644929	-0.179035	-0.278461	-0.282168	-0.206982	-0.100397	-0.003027	0.063548	0.0993732	0.110622	0.108786	0.100643	0.0908642	0.0823485	0.0747568	0.0691788	0.0651168	0.061872	0.060382	0.0590437	0.0591367	0.0596383	0.0611474	0.0635672	0.0672833	0.0720844	0.0793115	0.0881596	0.100106	0.116077	0.13503	0.160338	0.191335	0.227632	0.272626	0.323781	0.379514	0.435235	0.483	0.508661	0.501221	0.445547	0.335602	0.174559	-0.034252	-0.267277	-0.506962	-0.743832	-0.941209	-1.07621	-1.16072	-1.18687	-1.1303	-0.996421	-0.807687	-0.576766	-0.318402	-0.0550523	0.198911	0.433698	0.622727	0.72501	0.716244	0.611706	0.457462	0.302847	0.179194	0.0955719	0.0462874	0.0204895	0.00833672	0.00313337	0.00109266	0.000354896	0.000107737	3.0664e-05	8.20546e-06	2.06962e-06	4.93167e-07	1.11257e-07	2.38084e-08	4.84146e-09	9.37091e-10	1.72906e-10	3.04562e-11	5.12808e-12	8.26387e-13	1.27559e-13	1.85338e-14	0	
0	0.222109	0.426545	0.564177	0.635377	0.667833	0.627774	0.491149	0.291945	0.0644322	-0.149868	-0.310637	-0.386786	-0.35543	-0.24015	-0.0855103	0.0593353	0.164427	0.223694	0.243488	0.239091	0.221045	0.199901	0.178201	0.1595	0.144507	0.132085	0.123817	0.117766	0.114643	0.114429	0.115829	0.121375	0.127773	0.139683	0.152671	0.171541	0.19322	0.219405	0.249484	0.283406	0.317712	0.355775	0.390984	0.424518	0.45404	0.480633	0.499642	0.51082	0.50819	0.48061	0.415901	0.293112	0.11381	-0.119802	-0.395894	-0.67339	-0.935405	-1.17216	-1.34994	-1.45376	-1.4786	-1.40312	-1.23136	-0.999427	-0.724093	-0.402567	-0.0548859	0.276552	0.557485	0.765673	0.877782	0.876124	0.76953	0.597931	0.413299	0.255762	0.142643	0.0721633	0.0333151	0.0141126	0.00551262	0.00199443	0.000670986	0.000210665	6.19229e-05	1.70903e-05	4.44052e-06	1.08879e-06	2.52482e-07	5.54841e-08	1.15761e-08	2.29696e-09	4.34141e-10	7.82769e-11	1.34821e-11	2.22104e-12	3.50253e-13	5.1924e-14	0	
0	0.238345	0.449263	0.593459	0.667833	0.665624	0.561024	0.365136	0.11098	-0.140923	-0.330295	-0.449156	-0.482319	-0.423062	-0.285793	-0.100034	0.0802704	0.224444	0.313379	0.354548	0.360305	0.348202	0.326434	0.303269	0.282279	0.263934	0.249151	0.238951	0.230659	0.227599	0.226295	0.22918	0.235325	0.244455	0.258046	0.275019	0.296176	0.32174	0.351565	0.383549	0.420593	0.455713	0.490207	0.520412	0.541969	0.550369	0.544813	0.52592	0.4882	0.438767	0.367624	0.273903	0.143195	-0.0387093	-0.259944	-0.526869	-0.821282	-1.10176	-1.35591	-1.5577	-1.66754	-1.6785	-1.59235	-1.40855	-1.14718	-0.827318	-0.451603	-0.0433678	0.339823	0.647097	0.860492	0.976423	0.987818	0.895714	0.726356	0.526583	0.342203	0.200271	0.106133	0.0512183	0.0226298	0.00919997	0.00345719	0.00120581	0.00039181	0.000119006	3.38905e-05	9.0741e-06	2.28999e-06	5.45964e-07	1.23227e-07	2.63816e-08	5.36683e-09	1.03914e-09	1.91794e-10	3.37924e-11	5.6911e-12	9.16909e-13	1.38686e-13	0	
0	0.226385	0.424507	0.571347	0.627774	0.561024	0.393918	0.152069	-0.134808	-0.379018	-0.534571	-0.604004	-0.592934	-0.518655	-0.371386	-0.175898	0.0320763	0.214947	0.344076	0.421805	0.456025	0.463852	0.453697	0.440533	0.423335	0.408166	0.396033	0.385099	0.378989	0.374725	0.374197	0.377161	0.382094	0.392298	0.402567	0.419284	0.435411	0.456426	0.478502	0.502373	0.526066	0.551447	0.570303	0.585493	0.588564	0.578766	0.542182	0.485878	0.401451	0.297629	0.183159	0.0549824	-0.0785083	-0.244745	-0.44946	-0.68468	-0.958214	-1.23764	-1.48498	-1.67837	-1.78365	-1.78873	-1.70351	-1.52039	-1.23694	-0.876665	-0.464665	-0.0304432	0.372324	0.690087	0.905135	1.02586	1.05552	0.989763	0.838945	0.638863	0.43656	0.268377	0.149098	0.0752511	0.0346889	0.0146798	0.00573004	0.0020719	0.000696703	0.000218638	6.42374e-05	1.77211e-05	4.60227e-06	1.12791e-06	2.61428e-07	5.74215e-08	1.19743e-08	2.37475e-09	4.48614e-10	8.08447e-11	1.39171e-11	2.29046e-12	3.53413e-13	0	
0	0.212269	0.381431	0.489469	0.491149	0.365136	0.152069	-0.115793	-0.386767	-0.598256	-0.727602	-0.765027	-0.745306	-0.676422	-0.539538	-0.344464	-0.105901	0.119914	0.307164	0.436285	0.514894	0.55023	0.564744	0.563275	0.555916	0.546684	0.538095	0.528852	0.525251	0.519903	0.521046	0.522354	0.526958	0.534974	0.542711	0.554378	0.564671	0.576069	0.58457	0.592923	0.593201	0.592447	0.581712	0.564985	0.534973	0.495347	0.43784	0.356161	0.252481	0.11431	-0.0341689	-0.191134	-0.34347	-0.491553	-0.667822	-0.869111	-1.09299	-1.32842	-1.53991	-1.7081	-1.81005	-1.82064	-1.73761	-1.55284	-1.25653	-0.87589	-0.456093	-0.0304165	0.364013	0.682388	0.90289	1.03425	1.08634	1.05349	0.932677	0.745558	0.53546	0.345638	0.201221	0.106172	0.0510426	0.0224755	0.00910886	0.0034131	0.00118723	0.000384795	0.000116595	3.31285e-05	8.85089e-06	2.22905e-06	5.30389e-07	1.19486e-07	2.55345e-08	5.18554e-09	1.00238e-09	1.84715e-10	3.24951e-11	5.4619e-12	8.59521e-13	0	
0	0.189934	0.316228	0.359292	0.291945	0.11098	-0.134808	-0.386767	-0.603374	-0.779686	-0.896552	-0.945625	-0.950089	-0.894616	-0.774127	-0.573808	-0.317849	-0.0513326	0.18896	0.368348	0.489492	0.558713	0.598581	0.611679	0.619151	0.617907	0.615008	0.613005	0.609297	0.608786	0.607803	0.609196	0.611466	0.613808	0.618524	0.619694	0.623222	0.621103	0.616665	0.606003	0.587792	0.558599	0.520215	0.466884	0.405056	0.325733	0.241791	0.141235	0.0332506	-0.100782	-0.263297	-0.435546	-0.611064	-0.763683	-0.90247	-1.0455	-1.19881	-1.36715	-1.52922	-1.66627	-1.76042	-1.77402	-1.68749	-1.50022	-1.21049	-0.842898	-0.446654	-0.0544916	0.314331	0.628653	0.860824	1.01027	1.08786	1.09013	1.0058	0.842268	0.634768	0.429702	0.261883	0.144331	0.0723081	0.0331049	0.013921	0.00540197	0.00194261	0.000649904	0.000202981	5.93713e-05	1.631e-05	4.21912e-06	1.03017e-06	2.37934e-07	5.20876e-08	1.08278e-08	2.14098e-09	4.03305e-10	7.24828e-11	1.24389e-11	1.9958e-12	0	
0	0.13705	0.211054	0.189813	0.0644322	-0.140923	-0.379018	-0.598256	-0.779686	-0.94087	-1.07221	-1.15667	-1.17664	-1.12954	-1.01973	-0.832214	-0.583883	-0.296726	-0.0294258	0.19138	0.34924	0.455986	0.517561	0.556647	0.578309	0.592134	0.599302	0.60661	0.606841	0.611391	0.609169	0.609518	0.607178	0.601937	0.598034	0.58721	0.577173	0.559718	0.539544	0.510202	0.476561	0.428731	0.3748	0.301614	0.21896	0.120415	0.00832019	-0.11391	-0.24123	-0.367732	-0.516607	-0.681226	-0.848531	-0.993871	-1.10378	-1.1896	-1.26722	-1.36253	-1.472	-1.57026	-1.6387	-1.64217	-1.55314	-1.37702	-1.12161	-0.800993	-0.452595	-0.105853	0.230923	0.539395	0.787755	0.96147	1.06674	1.10355	1.058	0.925496	0.730271	0.517539	0.329739	0.189596	0.0988807	0.047026	0.0205004	0.00823169	0.00305801	0.00105526	0.000339491	0.000102158	2.88393e-05	7.65839e-06	1.91779e-06	4.53894e-07	1.0174e-07	2.1639e-08	4.37478e-09	8.42072e-10	1.54549e-10	2.70691e-11	4.42659e-12	0	
0	0.0547509	0.0658569	-0.00644929	-0.149868	-0.330295	-0.534571	-0.727602	-0.896552	-1.07221	-1.24176	-1.36042	-1.39862	-1.36918	-1.28391	-1.13026	-0.899006	-0.61513	-0.327961	-0.0713641	0.125624	0.266455	0.357958	0.421072	0.458956	0.487501	0.505788	0.518597	0.527267	0.531152	0.532264	0.528965	0.522648	0.512139	0.496819	0.478018	0.451707	0.421559	0.382819	0.337593	0.284353	0.221465	0.150177	0.0697048	-0.0278084	-0.132934	-0.252986	-0.386217	-0.526402	-0.653998	-0.774313	-0.900887	-1.0357	-1.15426	-1.23308	-1.28007	-1.30404	-1.32978	-1.37432	-1.41878	-1.44591	-1.43366	-1.35567	-1.21442	-1.01868	-0.767874	-0.479792	-0.179788	0.125696	0.4272	0.692604	0.893902	1.02815	1.09768	1.09025	0.993047	0.818245	0.605845	0.402867	0.241337	0.130867	0.0645798	0.0291556	0.0121025	0.00464037	0.0016503	0.000546444	0.000169038	4.90024e-05	1.33494e-05	3.4263e-06	8.30457e-07	1.90486e-07	4.14296e-08	8.55949e-09	1.68266e-09	3.15229e-10	5.63243e-11	9.38337e-12	0	
0	-0.0314146	-0.079279	-0.179035	-0.310637	-0.449156	-0.604004	-0.765027	-0.945625	-1.15667	-1.36042	-1.51479	-1.58898	-1.60329	-1.56652	-1.45295	-1.25226	-0.980345	-0.678505	-0.392798	-0.159791	0.0135229	0.13405	0.214055	0.268416	0.305788	0.332114	0.350001	0.362736	0.368164	0.370195	0.365568	0.356435	0.341862	0.320335	0.294135	0.258381	0.21776	0.166098	0.10719	0.0390998	-0.0389625	-0.12657	-0.217756	-0.31904	-0.426517	-0.5345	-0.651267	-0.781633	-0.900886	-0.996721	-1.07377	-1.15367	-1.2409	-1.29881	-1.31551	-1.29665	-1.25889	-1.23052	-1.21243	-1.1981	-1.17975	-1.13253	-1.04644	-0.923309	-0.749938	-0.524403	-0.267169	0.0107023	0.303744	0.583447	0.812337	0.975956	1.07612	1.10446	1.04409	0.895836	0.691424	0.478983	0.298478	0.168052	0.0859415	0.0401351	0.0172042	0.00680128	0.0024904	0.000847949	0.000269417	8.0135e-05	2.23779e-05	5.88246e-06	1.45909e-06	3.4225e-07	7.60706e-08	1.60512e-08	3.22079e-09	6.15546e-10	1.1214e-10	1.90226e-11	0	
0	-0.0865235	-0.171536	-0.278461	-0.386786	-0.482319	-0.592934	-0.745306	-0.950089	-1.17664	-1.39862	-1.58898	-1.72329	-1.81142	-1.826	-1.75574	-1.59293	-1.3477	-1.05071	-0.751466	-0.498496	-0.300759	-0.162163	-0.0662013	-0.00129424	0.0446172	0.0766896	0.0997367	0.114967	0.122384	0.124822	0.118315	0.107775	0.088586	0.0631521	0.0316777	-0.00950248	-0.0564452	-0.111297	-0.177631	-0.248086	-0.328408	-0.41974	-0.511817	-0.60973	-0.71163	-0.806137	-0.884687	-0.973996	-1.0701	-1.14725	-1.1971	-1.22746	-1.26362	-1.292	-1.28385	-1.22764	-1.1336	-1.04082	-0.971769	-0.931414	-0.922337	-0.919894	-0.897003	-0.844891	-0.74399	-0.577269	-0.358242	-0.104444	0.178207	0.467127	0.720773	0.913101	1.042	1.10308	1.07899	0.961232	0.771507	0.555688	0.359595	0.209901	0.111089	0.0535959	0.0236959	0.00964756	0.00363328	0.00127078	0.000414307	0.000126323	3.61285e-05	9.71859e-06	2.46498e-06	5.90826e-07	1.34104e-07	2.88793e-08	5.91094e-09	1.15173e-09	2.13806e-10	3.69077e-11	0	
0	-0.0989342	-0.192619	-0.282168	-0.35543	-0.423062	-0.518655	-0.676422	-0.894616	-1.12954	-1.36918	-1.60329	-1.81142	-1.9541	-2.00356	-1.98104	-1.87578	-1.68182	-1.40678	-1.12254	-0.860909	-0.650316	-0.495685	-0.390833	-0.313678	-0.265629	-0.225758	-0.202779	-0.183338	-0.176089	-0.173549	-0.179325	-0.19426	-0.212129	-0.24369	-0.276098	-0.319318	-0.369672	-0.42206	-0.484176	-0.55232	-0.61677	-0.695162	-0.771904	-0.845024	-0.926599	-1.01266	-1.07586	-1.12019	-1.17376	-1.22497	-1.25042	-1.24512	-1.23127	-1.21089	-1.16665	-1.08384	-0.958261	-0.828276	-0.733745	-0.687272	-0.696352	-0.739372	-0.775085	-0.783014	-0.742817	-0.628748	-0.444988	-0.213293	0.05693	0.34917	0.622795	0.842042	0.997993	1.08876	1.099	1.01365	0.843954	0.630689	0.423061	0.255606	0.13979	0.0695785	0.0316873	0.0132703	0.00513398	0.00184254	0.000615746	0.000192259	5.62608e-05	1.54729e-05	4.00944e-06	9.81185e-07	2.27244e-07	4.99063e-08	1.04117e-08	2.06681e-09	3.90699e-10	6.85878e-11	0	
0	-0.0845662	-0.158458	-0.206982	-0.24015	-0.285793	-0.371386	-0.539538	-0.774127	-1.01973	-1.28391	-1.56652	-1.826	-2.00356	-2.10148	-2.14552	-2.10576	-1.95441	-1.71789	-1.45322	-1.18425	-0.966434	-0.804878	-0.691108	-0.612647	-0.564315	-0.524238	-0.502548	-0.484791	-0.475555	-0.476399	-0.478021	-0.494541	-0.510176	-0.537461	-0.570889	-0.60618	-0.653667	-0.702238	-0.752092	-0.814221	-0.868171	-0.923285	-0.987253	-1.03779	-1.07944	-1.13524	-1.18673	-1.21101	-1.22158	-1.23281	-1.23044	-1.18613	-1.12098	-1.05565	-0.979803	-0.8851	-0.75937	-0.626466	-0.532375	-0.494159	-0.520182	-0.596959	-0.678223	-0.732374	-0.739872	-0.671837	-0.522017	-0.312109	-0.05618	0.233828	0.52171	0.765035	0.94639	1.06406	1.10593	1.05322	0.907348	0.701991	0.487187	0.304149	0.171616	0.0879942	0.0412219	0.0177338	0.00703922	0.00258915	0.000885894	0.000282954	8.46319e-05	2.37727e-05	6.28752e-06	1.56952e-06	3.70584e-07	8.2928e-08	1.76201e-08	3.56072e-09	6.84895e-10	1.22187e-10	0	
0	-0.061343	-0.101982	-0.100397	-0.0855103	-0.100034	-0.175898	-0.344464	-0.573808	-0.832214	-1.13026	-1.45295	-1.75574	-1.98104	-2.14552	-2.24871	-2.25091	-2.14505	-1.95537	-1.70579	-1.44298	-1.22974	-1.06374	-0.945938	-0.875664	-0.823527	-0.792646	-0.771545	-0.757389	-0.750397	-0.749762	-0.753388	-0.763617	-0.779837	-0.797764	-0.825674	-0.853416	-0.885204	-0.927283	-0.959999	-1.00592	-1.05036	-1.08624	-1.12681	-1.16979	-1.18741	-1.19997	-1.2198	-1.21741	-1.19376	-1.15602	-1.11567	-1.04751	-0.947592	-0.849167	-0.758129	-0.67216	-0.573633	-0.463798	-0.384632	-0.359028	-0.395129	-0.489247	-0.599825	-0.687174	-0.731155	-0.702985	-0.586498	-0.399092	-0.159004	0.1242	0.420516	0.684273	0.88921	1.03136	1.10189	1.08074	0.960985	0.76801	0.550363	0.354392	0.205969	0.108623	0.0522665	0.023066	0.00938142	0.00353201	0.00123583	0.000403311	0.000123161	3.52967e-05	9.5187e-06	2.42137e-06	5.82298e-07	1.32653e-07	2.86804e-08	5.89515e-09	1.15285e-09	2.08851e-10	0	
0	-0.0406357	-0.0505644	-0.003027	0.0593353	0.0802704	0.0320763	-0.105901	-0.317849	-0.583883	-0.899006	-1.25226	-1.59293	-1.87578	-2.10576	-2.25091	-2.30206	-2.25562	-2.11696	-1.89057	-1.65076	-1.44013	-1.26897	-1.15407	-1.08424	-1.03065	-1.00883	-0.985256	-0.976347	-0.970732	-0.967019	-0.974814	-0.976557	-0.994775	-1.00424	-1.02632	-1.04785	-1.06668	-1.09596	-1.11769	-1.13694	-1.1661	-1.18086	-1.19152	-1.20601	-1.21087	-1.18636	-1.1655	-1.13035	-1.07412	-1.0034	-0.929928	-0.845698	-0.737674	-0.635222	-0.550256	-0.484146	-0.423531	-0.350218	-0.291104	-0.274434	-0.311686	-0.408686	-0.534031	-0.643782	-0.715364	-0.721437	-0.63756	-0.473699	-0.250632	0.022382	0.321814	0.601884	0.828287	0.992768	1.089	1.0975	1.00479	0.827636	0.611161	0.405161	0.242127	0.131126	0.0647071	0.0292513	0.0121734	0.00468499	0.0016742	0.000557578	0.000173638	5.07145e-05	1.39299e-05	3.60722e-06	8.82646e-07	2.04499e-07	4.49487e-08	9.38891e-09	1.86512e-09	3.42824e-10	0	
0	-0.0282104	-0.0167283	0.063548	0.164427	0.224444	0.214947	0.119914	-0.0513326	-0.296726	-0.61513	-0.980345	-1.3477	-1.68182	-1.95441	-2.14505	-2.25562	-2.27623	-2.18329	-1.99048	-1.77763	-1.56582	-1.39809	-1.2859	-1.21276	-1.1663	-1.14767	-1.1266	-1.12327	-1.11776	-1.11452	-1.12208	-1.11927	-1.13312	-1.13722	-1.14901	-1.1614	-1.17236	-1.17981	-1.19687	-1.19164	-1.19683	-1.19122	-1.17226	-1.14613	-1.12305	-1.07764	-1.02372	-0.962139	-0.883256	-0.793777	-0.70983	-0.634139	-0.540102	-0.44857	-0.383035	-0.343657	-0.317835	-0.278941	-0.239083	-0.227257	-0.25862	-0.347931	-0.476889	-0.600837	-0.693206	-0.728282	-0.675648	-0.536153	-0.330924	-0.0703654	0.22772	0.519877	0.76532	0.950154	1.06933	1.10506	1.03922	0.880231	0.668412	0.455327	0.279296	0.155062	0.0783511	0.0362265	0.0154042	0.00605174	0.0022058	0.000748738	0.00023749	7.06071e-05	1.97308e-05	5.19558e-06	1.29217e-06	3.04169e-07	6.78994e-08	1.43991e-08	2.90292e-09	5.40912e-10	0	
0	-0.0230651	0.000969094	0.0993732	0.223694	0.313379	0.344076	0.307164	0.18896	-0.0294258	-0.327961	-0.678505	-1.05071	-1.40678	-1.71789	-1.95537	-2.11696	-2.18329	-2.1272	-1.98077	-1.78688	-1.58661	-1.42757	-1.32122	-1.24833	-1.21763	-1.1961	-1.18906	-1.18571	-1.18308	-1.18396	-1.1825	-1.18508	-1.18244	-1.18581	-1.18211	-1.17979	-1.17814	-1.16484	-1.15875	-1.14124	-1.11845	-1.0923	-1.05708	-1.00693	-0.952896	-0.88476	-0.815035	-0.748481	-0.669656	-0.584178	-0.503289	-0.443056	-0.380755	-0.314898	-0.267955	-0.249011	-0.250487	-0.239013	-0.213484	-0.203217	-0.225998	-0.30201	-0.426628	-0.558414	-0.66632	-0.725565	-0.702035	-0.587159	-0.400221	-0.153445	0.13983	0.44006	0.701891	0.905167	1.04476	1.10507	1.06506	0.925583	0.72124	0.503869	0.316659	0.17992	0.0929362	0.0438813	0.0190367	0.00762362	0.00283035	0.00097791	0.000315531	9.5374e-05	2.70829e-05	7.2436e-06	1.82907e-06	4.36971e-07	9.89648e-08	2.12857e-08	4.35084e-09	8.21095e-10	0	
0	-0.020161	0.00888105	0.110622	0.243488	0.354548	0.421805	0.436285	0.368348	0.19138	-0.0713641	-0.392798	-0.751466	-1.12254	-1.45322	-1.70579	-1.89057	-1.99048	-1.98077	-1.86785	-1.69583	-1.50963	-1.35805	-1.25072	-1.18644	-1.15681	-1.14216	-1.13959	-1.13968	-1.13913	-1.14063	-1.13704	-1.13556	-1.12873	-1.12174	-1.11097	-1.09621	-1.07893	-1.05427	-1.02738	-0.990459	-0.951241	-0.905321	-0.852462	-0.796803	-0.743011	-0.674696	-0.596923	-0.533963	-0.471406	-0.404355	-0.342551	-0.304411	-0.269376	-0.228157	-0.199103	-0.191958	-0.208704	-0.217629	-0.20338	-0.192395	-0.206018	-0.267217	-0.382812	-0.517478	-0.636618	-0.715603	-0.718428	-0.627739	-0.459167	-0.226758	0.0592352	0.363975	0.639447	0.85926	1.01698	1.0992	1.08338	0.963839	0.769067	0.549915	0.353418	0.205144	0.108144	0.0520617	0.0230074	0.00937845	0.00354156	0.00124383	0.000407723	0.000125139	3.6066e-05	9.78627e-06	2.50604e-06	6.06957e-07	1.39314e-07	3.03589e-08	6.28517e-09	1.2002e-09	0	
0	-0.0181051	0.0119107	0.108786	0.239091	0.360305	0.456025	0.514894	0.489492	0.34924	0.125624	-0.159791	-0.498496	-0.860909	-1.18425	-1.44298	-1.65076	-1.77763	-1.78688	-1.69583	-1.53685	-1.35272	-1.19759	-1.08945	-1.02189	-0.99498	-0.98221	-0.983968	-0.985796	-0.988431	-0.988781	-0.984834	-0.980275	-0.967779	-0.95724	-0.936894	-0.916415	-0.891823	-0.857609	-0.826711	-0.785565	-0.737789	-0.692594	-0.638735	-0.574959	-0.522913	-0.472665	-0.41208	-0.362862	-0.319553	-0.277564	-0.233165	-0.210601	-0.200416	-0.179833	-0.162649	-0.16097	-0.183078	-0.204502	-0.200064	-0.188923	-0.194257	-0.24094	-0.345142	-0.4791	-0.60595	-0.700665	-0.726699	-0.659104	-0.508588	-0.290563	-0.0134201	0.292866	0.579289	0.81372	0.98747	1.08901	1.09534	0.995416	0.811586	0.592766	0.388839	0.230165	0.123617	0.0605768	0.0272281	0.0112804	0.00432663	0.0015425	0.000512994	0.000159669	4.6647e-05	1.28256e-05	3.32686e-06	8.15936e-07	1.89593e-07	4.18145e-08	8.75887e-09	1.69074e-09	0	
0	-0.0149934	0.0146626	0.100643	0.221045	0.348202	0.463852	0.55023	0.558713	0.455986	0.266455	0.0135229	-0.300759	-0.650316	-0.966434	-1.22974	-1.44013	-1.56582	-1.58661	-1.50963	-1.35272	-1.16505	-1.007	-0.888553	-0.816592	-0.787205	-0.772373	-0.774953	-0.77792	-0.77921	-0.782301	-0.774452	-0.771562	-0.755355	-0.742546	-0.721487	-0.695441	-0.670782	-0.635376	-0.600839	-0.56566	-0.521716	-0.481618	-0.442761	-0.39722	-0.351974	-0.317783	-0.273255	-0.241839	-0.217893	-0.194172	-0.169307	-0.159375	-0.161896	-0.153789	-0.143934	-0.144604	-0.167722	-0.19594	-0.198831	-0.188392	-0.187656	-0.221556	-0.313459	-0.4441	-0.575822	-0.682775	-0.728725	-0.68257	-0.549415	-0.34535	-0.0778582	0.227671	0.522545	0.769683	0.957522	1.07593	1.10217	1.02092	0.848726	0.631899	0.422267	0.254424	0.138975	0.0692081	0.0315893	0.013281	0.00516635	0.00186705	0.000629124	0.000198314	5.86548e-05	1.63214e-05	4.2833e-06	1.06254e-06	2.49658e-07	5.56651e-08	1.17849e-08	2.29726e-09	0	
0	-0.0102985	0.0175167	0.0908642	0.199901	0.326434	0.453697	0.564744	0.598581	0.517561	0.357958	0.13405	-0.162163	-0.495685	-0.804878	-1.06374	-1.26897	-1.39809	-1.42757	-1.35805	-1.19759	-1.007	-0.835405	-0.701799	-0.620676	-0.580992	-0.560235	-0.561019	-0.559982	-0.562123	-0.564104	-0.556664	-0.555018	-0.539686	-0.529532	-0.510347	-0.490234	-0.466368	-0.442099	-0.408957	-0.384609	-0.348519	-0.318842	-0.289323	-0.260887	-0.23281	-0.213344	-0.187172	-0.167057	-0.158467	-0.151097	-0.133946	-0.128305	-0.141125	-0.143261	-0.136986	-0.135764	-0.156264	-0.188843	-0.198535	-0.189333	-0.184087	-0.207405	-0.287409	-0.413085	-0.547411	-0.663624	-0.726261	-0.699478	-0.582624	-0.391751	-0.13408	0.169047	0.470161	0.728135	0.928241	1.06121	1.10503	1.04108	0.880597	0.666955	0.453146	0.277398	0.153834	0.0777198	0.0359656	0.0153212	0.0060357	0.00220789	0.000752749	0.000239993	7.17682e-05	2.01854e-05	5.35298e-06	1.3415e-06	3.18361e-07	7.16801e-08	1.53208e-08	3.01286e-09	0	
0	-0.0053926	0.0212038	0.0823485	0.178201	0.303269	0.440533	0.563275	0.611679	0.556647	0.421072	0.214055	-0.0662013	-0.390833	-0.691108	-0.945938	-1.15407	-1.2859	-1.32122	-1.25072	-1.08945	-0.888553	-0.701799	-0.553647	-0.461053	-0.407758	-0.384204	-0.377	-0.374903	-0.376133	-0.375282	-0.372511	-0.367314	-0.359409	-0.348499	-0.336234	-0.321202	-0.304527	-0.288133	-0.268136	-0.251282	-0.230269	-0.211301	-0.194	-0.173217	-0.156854	-0.153379	-0.138438	-0.12737	-0.124292	-0.125766	-0.119777	-0.115905	-0.129506	-0.136171	-0.133572	-0.132355	-0.148996	-0.182172	-0.197361	-0.19064	-0.182632	-0.197353	-0.266387	-0.386289	-0.521566	-0.644582	-0.72087	-0.711126	-0.609189	-0.430463	-0.182282	0.117412	0.422903	0.689929	0.900575	1.04598	1.10501	1.05665	0.907446	0.69772	0.481022	0.298611	0.167821	0.08587	0.0402217	0.0173341	0.00690504	0.00255308	0.000879478	0.000283215	8.55194e-05	2.42812e-05	6.49866e-06	1.64331e-06	3.93432e-07	8.93486e-08	1.92586e-08	3.81664e-09	0	
0	0.000197497	0.025339	0.0747568	0.1595	0.282279	0.423335	0.555916	0.619151	0.578309	0.458956	0.268416	-0.00129424	-0.313678	-0.612647	-0.875664	-1.08424	-1.21276	-1.24833	-1.18644	-1.02189	-0.816592	-0.620676	-0.461053	-0.354977	-0.296436	-0.262058	-0.253516	-0.24676	-0.246633	-0.246889	-0.242097	-0.242429	-0.23309	-0.229252	-0.2193	-0.209174	-0.198795	-0.188357	-0.171718	-0.167322	-0.151675	-0.142713	-0.138827	-0.132497	-0.116841	-0.116963	-0.112526	-0.107064	-0.109929	-0.115174	-0.111767	-0.108053	-0.1234	-0.134216	-0.132687	-0.129667	-0.143156	-0.176667	-0.196061	-0.191703	-0.182202	-0.190394	-0.249834	-0.363753	-0.498834	-0.626703	-0.713898	-0.71872	-0.630044	-0.46219	-0.222779	0.072987	0.381369	0.65578	0.87532	1.03116	1.10311	1.06839	0.929599	0.724094	0.505537	0.317644	0.180586	0.0934214	0.0442193	0.0192487	0.00774172	0.00288901	0.00100412	0.000326157	9.93148e-05	2.84289e-05	7.66946e-06	1.95448e-06	4.71498e-07	1.07877e-07	2.3422e-08	4.67286e-09	0	
0	0.00517433	0.0289633	0.0691788	0.144507	0.263934	0.408166	0.546684	0.617907	0.592134	0.487501	0.305788	0.0446172	-0.265629	-0.564315	-0.823527	-1.03065	-1.1663	-1.21763	-1.15681	-0.99498	-0.787205	-0.580992	-0.407758	-0.296436	-0.222544	-0.187308	-0.170528	-0.162554	-0.161198	-0.159216	-0.15843	-0.155663	-0.154408	-0.148897	-0.14652	-0.142158	-0.134375	-0.13486	-0.123957	-0.12144	-0.11573	-0.108137	-0.102615	-0.101819	-0.0988517	-0.104199	-0.102412	-0.0975068	-0.101065	-0.109383	-0.109266	-0.105508	-0.119718	-0.131644	-0.132061	-0.129063	-0.139138	-0.171501	-0.194343	-0.19261	-0.182419	-0.185669	-0.237078	-0.345356	-0.479563	-0.610773	-0.706451	-0.723334	-0.646048	-0.487603	-0.255943	0.0358546	0.346004	0.626279	0.85314	1.01755	1.10015	1.07701	0.94742	0.746063	0.526422	0.334144	0.191817	0.100151	0.0478239	0.0209938	0.00851203	0.00320125	0.00112101	0.000366779	0.000112474	3.2417e-05	8.80397e-06	2.2583e-06	5.4828e-07	1.26233e-07	2.75754e-08	5.53247e-09	0	
0	0.00945515	0.0325712	0.0651168	0.132085	0.249151	0.396033	0.538095	0.615008	0.599302	0.505788	0.332114	0.0766896	-0.225758	-0.524238	-0.792646	-1.00883	-1.14767	-1.1961	-1.14216	-0.98221	-0.772373	-0.560235	-0.384204	-0.262058	-0.187308	-0.145339	-0.128136	-0.117368	-0.116365	-0.11345	-0.113155	-0.112194	-0.109717	-0.108872	-0.10543	-0.1034	-0.0999894	-0.0987747	-0.093461	-0.0964515	-0.0929896	-0.0926213	-0.0964016	-0.0954156	-0.0869471	-0.0929259	-0.0961291	-0.0943351	-0.0975145	-0.107009	-0.109592	-0.103325	-0.115977	-0.130702	-0.132356	-0.128399	-0.136046	-0.167428	-0.192637	-0.193155	-0.182883	-0.182588	-0.227552	-0.330886	-0.463935	-0.59736	-0.699413	-0.725883	-0.657959	-0.507307	-0.282156	0.00600253	0.31713	0.601899	0.834573	1.00577	1.09688	1.08314	0.96127	0.763667	0.543481	0.347821	0.20124	0.105859	0.0509111	0.0225017	0.00918326	0.00347546	0.00122444	0.000402979	0.000124281	3.60191e-05	9.83527e-06	2.53619e-06	6.1894e-07	1.43225e-07	3.14426e-08	6.33708e-09	0	
0	0.0130386	0.0351134	0.061872	0.123817	0.238951	0.385099	0.528852	0.613005	0.60661	0.518597	0.350001	0.0997367	-0.202779	-0.502548	-0.771545	-0.985256	-1.1266	-1.18906	-1.13959	-0.983968	-0.774953	-0.561019	-0.377	-0.253516	-0.170528	-0.128136	-0.106137	-0.0957648	-0.0922934	-0.0902825	-0.0898948	-0.0886955	-0.0897007	-0.0871418	-0.0885331	-0.0877604	-0.0848592	-0.0893933	-0.0831387	-0.0855426	-0.0849626	-0.0821689	-0.0824099	-0.0886331	-0.0856067	-0.0922988	-0.0954209	-0.0921628	-0.096521	-0.10447	-0.107161	-0.103664	-0.115716	-0.129187	-0.131519	-0.128175	-0.13418	-0.164345	-0.191108	-0.193434	-0.183363	-0.180658	-0.220769	-0.320122	-0.452026	-0.586853	-0.693458	-0.727116	-0.666412	-0.521816	-0.301766	-0.0166323	0.294965	0.583001	0.820041	0.996342	1.09384	1.08729	0.971479	0.776978	0.556581	0.358448	0.208633	0.110376	0.0533727	0.0237126	0.00972579	0.00369848	0.00130906	0.00043276	0.000134047	3.90141e-05	1.06971e-05	2.76956e-06	6.78563e-07	1.5763e-07	3.47359e-08	7.02515e-09	0	
0	0.015229	0.0370469	0.060382	0.117766	0.230659	0.378989	0.525251	0.609297	0.606841	0.527267	0.362736	0.114967	-0.183338	-0.484791	-0.757389	-0.976347	-1.12327	-1.18571	-1.13968	-0.985796	-0.77792	-0.559982	-0.374903	-0.24676	-0.162554	-0.117368	-0.0957648	-0.0831506	-0.0814557	-0.0775391	-0.0786755	-0.0773593	-0.0778749	-0.0776693	-0.0773212	-0.0785323	-0.0764518	-0.0803737	-0.0769373	-0.08142	-0.0819517	-0.0815917	-0.0844112	-0.0869519	-0.0834149	-0.088486	-0.0934876	-0.0916146	-0.0943169	-0.105251	-0.109394	-0.101961	-0.112734	-0.128758	-0.132317	-0.128245	-0.132586	-0.161999	-0.18999	-0.193652	-0.183783	-0.179515	-0.21632	-0.312857	-0.443863	-0.579508	-0.689072	-0.727598	-0.671905	-0.531537	-0.315063	-0.0321301	0.279654	0.569854	0.809861	0.989632	1.09149	1.08989	0.97832	0.786071	0.565634	0.365854	0.213823	0.113566	0.0551213	0.0245773	0.010115	0.00385921	0.0013703	0.000454405	0.000141172	4.12077e-05	1.13306e-05	2.94173e-06	7.22702e-07	1.6833e-07	3.71904e-08	7.53952e-09	0	
0	0.0167486	0.0381981	0.0590437	0.114643	0.227599	0.374725	0.519903	0.608786	0.611391	0.531152	0.368164	0.122384	-0.176089	-0.475555	-0.750397	-0.970732	-1.11776	-1.18308	-1.13913	-0.988431	-0.77921	-0.562123	-0.376133	-0.246633	-0.161198	-0.116365	-0.0922934	-0.0814557	-0.077533	-0.0748461	-0.0753654	-0.0737408	-0.0753786	-0.0737739	-0.0750655	-0.0753293	-0.0740179	-0.0775228	-0.0748016	-0.0778589	-0.0787655	-0.0793726	-0.0822361	-0.0869257	-0.0815346	-0.088918	-0.0942344	-0.0918506	-0.0952378	-0.102912	-0.107313	-0.103191	-0.113723	-0.128072	-0.131356	-0.127914	-0.132215	-0.16109	-0.189276	-0.193587	-0.184028	-0.179004	-0.213965	-0.308926	-0.439435	-0.575478	-0.686574	-0.727722	-0.674787	-0.536758	-0.322259	-0.0405615	0.271279	0.562631	0.804244	0.985895	1.09012	1.09122	0.981989	0.79101	0.570586	0.369928	0.216691	0.115336	0.0560945	0.02506	0.010333	0.00394948	0.00140479	0.000466623	0.000145205	4.24519e-05	1.16908e-05	3.03982e-06	7.47905e-07	1.74453e-07	3.85978e-08	7.83499e-09	0	
0	0.0168111	0.0381509	0.0591367	0.114429	0.226295	0.374197	0.521046	0.607803	0.609169	0.532264	0.370195	0.124822	-0.173549	-0.476399	-0.749762	-0.967019	-1.11452	-1.18396	-1.14063	-0.988781	-0.782301	-0.564104	-0.375282	-0.246889	-0.159216	-0.11345	-0.0902825	-0.0775391	-0.0748461	-0.0716506	-0.0721863	-0.0715096	-0.072847	-0.0723112	-0.0739221	-0.0753096	-0.0734628	-0.079754	-0.0747943	-0.0794399	-0.0805648	-0.0780601	-0.079195	-0.0856691	-0.0846607	-0.08874	-0.093457	-0.09077	-0.0941074	-0.104585	-0.108421	-0.1022	-0.11253	-0.12789	-0.132145	-0.128394	-0.131775	-0.160569	-0.189203	-0.193708	-0.184117	-0.178902	-0.213522	-0.308259	-0.438742	-0.574835	-0.68613	-0.7277	-0.675253	-0.537639	-0.323469	-0.0419703	0.269884	0.561426	0.803304	0.985267	1.08988	1.09143	0.982599	0.791834	0.571413	0.370609	0.217171	0.115632	0.0562576	0.025141	0.0103696	0.00396462	0.00141058	0.000468674	0.000145882	4.26609e-05	1.17513e-05	3.05631e-06	7.52145e-07	1.75484e-07	3.88347e-08	7.88475e-09	0	
0	0.0161161	0.0378209	0.0596383	0.115829	0.22918	0.377161	0.522354	0.609196	0.609518	0.528965	0.365568	0.118315	-0.179325	-0.478021	-0.753388	-0.974814	-1.12208	-1.1825	-1.13704	-0.984834	-0.774452	-0.556664	-0.372511	-0.242097	-0.15843	-0.113155	-0.0898948	-0.0786755	-0.0753654	-0.0721863	-0.0730253	-0.0715468	-0.0723997	-0.0720341	-0.0719122	-0.072878	-0.0719291	-0.0742705	-0.0731743	-0.0770594	-0.0777551	-0.0806099	-0.0851544	-0.0871275	-0.0802687	-0.0876261	-0.0937243	-0.0920671	-0.0948894	-0.103726	-0.108366	-0.102683	-0.113303	-0.128584	-0.13172	-0.127763	-0.132433	-0.16179	-0.189605	-0.193494	-0.18399	-0.179315	-0.215007	-0.310826	-0.44177	-0.577588	-0.687769	-0.727571	-0.673338	-0.534205	-0.318715	-0.0363634	0.275475	0.566256	0.807062	0.987772	1.09082	1.09057	0.980167	0.788547	0.56811	0.367887	0.215252	0.114446	0.0556045	0.0248166	0.010223	0.00390386	0.00138734	0.000460433	0.00014316	4.18203e-05	1.15078e-05	2.98993e-06	7.35076e-07	1.71334e-07	3.78802e-08	7.68421e-09	0	
0	0.0140745	0.0358146	0.0611474	0.121375	0.235325	0.382094	0.526958	0.611466	0.607178	0.522648	0.356435	0.107775	-0.19426	-0.494541	-0.763617	-0.976557	-1.11927	-1.18508	-1.13556	-0.980275	-0.771562	-0.555018	-0.367314	-0.242429	-0.155663	-0.112194	-0.0886955	-0.0773593	-0.0737408	-0.0715096	-0.0715468	-0.0709463	-0.0729888	-0.071559	-0.0744338	-0.075442	-0.0736573	-0.0808012	-0.0753467	-0.0796691	-0.0807319	-0.0777816	-0.0775545	-0.085003	-0.0848237	-0.0906558	-0.0945629	-0.0909187	-0.0953954	-0.104768	-0.107061	-0.103153	-0.114818	-0.128419	-0.131906	-0.128609	-0.13339	-0.163138	-0.190518	-0.193534	-0.183747	-0.180161	-0.218474	-0.316721	-0.448539	-0.583677	-0.691374	-0.727197	-0.668915	-0.52635	-0.307913	-0.0237095	0.288024	0.577057	0.815441	0.993319	1.09281	1.08851	0.974619	0.781126	0.560694	0.361802	0.210977	0.111813	0.0541588	0.0241006	0.00990009	0.00377032	0.00133638	0.000442402	0.000137216	3.99881e-05	1.0978e-05	2.84579e-06	6.98078e-07	1.62355e-07	3.58183e-08	7.2517e-09	0	
0	0.0113069	0.0339708	0.0635672	0.127773	0.244455	0.392298	0.534974	0.613808	0.601937	0.512139	0.341862	0.088586	-0.212129	-0.510176	-0.779837	-0.994775	-1.13312	-1.18244	-1.12873	-0.967779	-0.755355	-0.539686	-0.359409	-0.23309	-0.154408	-0.109717	-0.0897007	-0.0778749	-0.0753786	-0.072847	-0.0723997	-0.0729888	-0.0717709	-0.0731835	-0.0723584	-0.0730664	-0.0728791	-0.0749093	-0.0726172	-0.0783808	-0.0778122	-0.080328	-0.0864683	-0.0886366	-0.0818501	-0.0885092	-0.0929679	-0.0920294	-0.0957341	-0.105662	-0.109482	-0.10313	-0.114823	-0.130219	-0.132433	-0.127901	-0.134995	-0.16638	-0.19196	-0.193138	-0.183296	-0.181759	-0.224211	-0.326063	-0.459037	-0.592974	-0.696691	-0.726267	-0.661701	-0.513836	-0.290887	-0.00394591	0.307466	0.593687	0.828267	1.0017	1.09562	1.08502	0.965792	0.769514	0.549205	0.352445	0.204446	0.107812	0.0519721	0.0230223	0.00941588	0.00357086	0.00126056	0.000415662	0.000128431	3.72893e-05	1.02001e-05	2.63479e-06	6.44085e-07	1.49289e-07	3.28266e-08	6.6258e-09	0	
0	0.00720018	0.0303093	0.0672833	0.139683	0.258046	0.402567	0.542711	0.618524	0.598034	0.496819	0.320335	0.0631521	-0.24369	-0.537461	-0.797764	-1.00424	-1.13722	-1.18581	-1.12174	-0.95724	-0.742546	-0.529532	-0.348499	-0.229252	-0.148897	-0.108872	-0.0871418	-0.0776693	-0.0737739	-0.0723112	-0.0720341	-0.071559	-0.0731835	-0.072133	-0.0740605	-0.0754715	-0.0738266	-0.0797408	-0.0761731	-0.0805852	-0.0804994	-0.0804549	-0.080637	-0.0847012	-0.0832113	-0.092411	-0.0958242	-0.092281	-0.0978498	-0.106564	-0.106154	-0.104126	-0.118999	-0.130653	-0.131685	-0.128939	-0.13792	-0.16971	-0.193406	-0.192847	-0.182924	-0.18426	-0.232501	-0.339065	-0.473263	-0.605261	-0.703304	-0.724289	-0.651258	-0.4963	-0.267375	0.0230071	0.333683	0.615917	0.845266	1.01259	1.09886	1.07975	0.953439	0.753639	0.533716	0.339963	0.195809	0.10256	0.0491221	0.0216258	0.0087925	0.00331549	0.00116399	0.000381779	0.000117354	3.3902e-05	9.22813e-06	2.37232e-06	5.77208e-07	1.33174e-07	2.91517e-08	5.85981e-09	0	
0	0.00281326	0.0271334	0.0720844	0.152671	0.275019	0.419284	0.554378	0.619694	0.58721	0.478018	0.294135	0.0316777	-0.276098	-0.570889	-0.825674	-1.02632	-1.14901	-1.18211	-1.11097	-0.936894	-0.721487	-0.510347	-0.336234	-0.2193	-0.14652	-0.10543	-0.0885331	-0.0773212	-0.0750655	-0.0739221	-0.0719122	-0.0744338	-0.0723584	-0.0740605	-0.0747186	-0.0744056	-0.0752086	-0.0784077	-0.0741039	-0.0806558	-0.0796567	-0.0800322	-0.0848415	-0.0884658	-0.085371	-0.0927891	-0.0929552	-0.0921674	-0.0981806	-0.10781	-0.109361	-0.105546	-0.119324	-0.132249	-0.13279	-0.129043	-0.141003	-0.174588	-0.195324	-0.192093	-0.182513	-0.188181	-0.243893	-0.355941	-0.491136	-0.6202	-0.710626	-0.720593	-0.637003	-0.473266	-0.237048	0.0572231	0.366489	0.643423	0.86606	1.02554	1.10202	1.07221	0.937254	0.733425	0.514342	0.324559	0.185269	0.0962149	0.0457093	0.0199673	0.00805776	0.00301667	0.00105175	0.000342659	0.000104644	3.00393e-05	8.12626e-06	2.07647e-06	5.02244e-07	1.15208e-07	2.50765e-08	5.01449e-09	0	
0	-0.00265598	0.0229857	0.0793115	0.171541	0.296176	0.435411	0.564671	0.623222	0.577173	0.451707	0.258381	-0.00950248	-0.319318	-0.60618	-0.853416	-1.04785	-1.1614	-1.17979	-1.09621	-0.916415	-0.695441	-0.490234	-0.321202	-0.209174	-0.142158	-0.1034	-0.0877604	-0.0785323	-0.0753293	-0.0753096	-0.072878	-0.075442	-0.0730664	-0.0754715	-0.0744056	-0.0754671	-0.0757707	-0.0773515	-0.0757609	-0.0819316	-0.0787241	-0.0820631	-0.0869295	-0.08782	-0.0834981	-0.0935106	-0.0949941	-0.0947266	-0.101565	-0.109215	-0.106598	-0.106582	-0.124289	-0.13362	-0.131703	-0.130376	-0.146372	-0.179799	-0.196571	-0.191128	-0.182648	-0.194072	-0.258869	-0.376891	-0.512519	-0.637312	-0.71787	-0.71433	-0.61822	-0.44416	-0.199532	0.0987385	0.405605	0.675778	0.890158	1.03997	1.10445	1.0618	0.916882	0.708817	0.49125	0.306498	0.17308	0.0889651	0.0418524	0.0181116	0.00724339	0.00268839	0.00092949	0.000300383	9.10152e-05	2.59279e-05	6.96194e-06	1.76604e-06	4.24125e-07	9.66112e-08	2.08856e-08	4.15031e-09	0	
0	-0.00757861	0.0197098	0.0881596	0.19322	0.32174	0.456426	0.576069	0.621103	0.559718	0.421559	0.21776	-0.0564452	-0.369672	-0.653667	-0.885204	-1.06668	-1.17236	-1.17814	-1.07893	-0.891823	-0.670782	-0.466368	-0.304527	-0.198795	-0.134375	-0.0999894	-0.0848592	-0.0764518	-0.0740179	-0.0734628	-0.0719291	-0.0736573	-0.0728791	-0.0738266	-0.0752086	-0.0757707	-0.0768374	-0.0802862	-0.0790949	-0.0831307	-0.0829045	-0.0847211	-0.0852059	-0.0842806	-0.0873341	-0.0978487	-0.0948428	-0.0947347	-0.102102	-0.110579	-0.10794	-0.109528	-0.126988	-0.134484	-0.132356	-0.132445	-0.15205	-0.185475	-0.197823	-0.189944	-0.183444	-0.20266	-0.27812	-0.40207	-0.537123	-0.655912	-0.72403	-0.704486	-0.594082	-0.408332	-0.154449	0.147513	0.450638	0.71244	0.916948	1.05514	1.10534	1.04786	0.891957	0.679802	0.464679	0.286109	0.15954	0.0810253	0.0376825	0.0161291	0.00638296	0.00234515	0.000802926	0.000257035	7.71684e-05	2.17876e-05	5.79945e-06	1.45868e-06	3.47403e-07	7.84912e-08	1.68336e-08	3.32067e-09	0	
0	-0.0119432	0.0178219	0.100106	0.219405	0.351565	0.478502	0.58457	0.616665	0.539544	0.382819	0.166098	-0.111297	-0.42206	-0.702238	-0.927283	-1.09596	-1.17981	-1.16484	-1.05427	-0.857609	-0.635376	-0.442099	-0.288133	-0.188357	-0.13486	-0.0987747	-0.0893933	-0.0803737	-0.0775228	-0.079754	-0.0742705	-0.0808012	-0.0749093	-0.0797408	-0.0784077	-0.0773515	-0.0802862	-0.0789666	-0.0764856	-0.0831684	-0.0785762	-0.0809126	-0.0879898	-0.09184	-0.0905454	-0.0969665	-0.0930978	-0.0971559	-0.106546	-0.11093	-0.107257	-0.113799	-0.131092	-0.134934	-0.132148	-0.135525	-0.159872	-0.191489	-0.198026	-0.188465	-0.18577	-0.214991	-0.302218	-0.431451	-0.564485	-0.675086	-0.727867	-0.689894	-0.563672	-0.365086	-0.101455	0.203386	0.501055	0.752744	0.945688	1.07019	1.10376	1.02963	0.862132	0.646443	0.43495	0.263783	0.144985	0.0726282	0.0333372	0.0140913	0.0055098	0.00200102	0.000677483	0.000214542	6.37375e-05	1.78125e-05	4.69433e-06	1.16928e-06	2.75841e-07	6.17441e-08	1.31219e-08	2.56687e-09	0	
0	-0.0146177	0.018665	0.116077	0.249484	0.383549	0.502373	0.592923	0.606003	0.510202	0.337593	0.10719	-0.177631	-0.484176	-0.752092	-0.959999	-1.11769	-1.19687	-1.15875	-1.02738	-0.826711	-0.600839	-0.408957	-0.268136	-0.171718	-0.123957	-0.093461	-0.0831387	-0.0769373	-0.0748016	-0.0747943	-0.0731743	-0.0753467	-0.0726172	-0.0761731	-0.0741039	-0.0757609	-0.0790949	-0.0764856	-0.0832772	-0.0846787	-0.0839758	-0.0907808	-0.0931978	-0.0846415	-0.0887455	-0.098017	-0.095531	-0.101561	-0.10752	-0.112959	-0.108879	-0.116416	-0.134334	-0.136054	-0.132989	-0.140432	-0.168738	-0.196611	-0.197316	-0.187455	-0.190509	-0.232022	-0.331662	-0.464853	-0.593905	-0.693617	-0.727898	-0.669273	-0.526024	-0.313719	-0.0403018	0.266022	0.556157	0.795894	0.975493	1.08407	1.09867	1.00636	0.827124	0.608905	0.402478	0.239975	0.129779	0.0640151	0.028954	0.0120672	0.00465496	0.00166869	0.000557905	0.000174537	5.12437e-05	1.41573e-05	3.68949e-06	9.09003e-07	2.12158e-07	4.69949e-08	9.88574e-09	1.9157e-09	0	
0	-0.0132774	0.0239775	0.13503	0.283406	0.420593	0.526066	0.593201	0.587792	0.476561	0.284353	0.0390998	-0.248086	-0.55232	-0.814221	-1.00592	-1.13694	-1.19164	-1.14124	-0.990459	-0.785565	-0.56566	-0.384609	-0.251282	-0.167322	-0.12144	-0.0964515	-0.0855426	-0.08142	-0.0778589	-0.0794399	-0.0770594	-0.0796691	-0.0783808	-0.0805852	-0.0806558	-0.0819316	-0.0831307	-0.0831684	-0.0846787	-0.0842099	-0.0838443	-0.0862242	-0.0850611	-0.0877611	-0.0985734	-0.101729	-0.0969494	-0.102078	-0.110923	-0.111991	-0.107998	-0.125063	-0.139049	-0.134476	-0.134313	-0.147593	-0.178393	-0.200835	-0.195868	-0.187273	-0.198743	-0.254989	-0.366798	-0.501771	-0.624351	-0.709953	-0.722424	-0.641276	-0.480152	-0.253569	0.0290964	0.334865	0.615073	0.840958	1.00532	1.09559	1.08891	0.977296	0.786759	0.567485	0.367778	0.21519	0.114304	0.0554256	0.0246629	0.0101194	0.00384546	0.00135874	0.000447986	0.000138271	4.00679e-05	1.09296e-05	2.81322e-06	6.84765e-07	1.57941e-07	3.4582e-08	7.19274e-09	1.37938e-09	0	
