0	0	0	0	0	0	0	0	0	0	0	0	0	0	0	0	0	0	0	0	0	0	0	0	0	0	0	0	0	0	0	0	0	0	0	0	0	0	0	0	0	0	0	0	0	0	0	0	0	0	0	0	0	0	0	0	0	0	0	0	0	0	0	0	0	0	0	0	0	0	0	0	0	0	0	0	0	0	0	0	0	0	0	0	0	0	0	0	0	0	0	0	0	0	0	0	0	0	0	0	
0	5.44599e-05	0.000204305	0.000662109	0.00194871	0.00521042	0.0126274	0.0276872	0.0548782	0.0983814	0.159894	0.236623	0.320902	0.402039	0.469503	0.515792	0.537827	0.53673	0.516524	0.482522	0.43999	0.393397	0.346231	0.301094	0.25984	0.22376	0.193743	0.170395	0.154117	0.145161	0.143655	0.149623	0.162981	0.183534	0.210944	0.244692	0.284007	0.327772	0.374381	0.421558	0.466194	0.504212	0.530603	0.539935	0.527482	0.49078	0.43113	0.354335	0.269986	0.189107	0.120898	0.0701782	0.0368706	0.0175104	0.0075192	0.00292368	0.00103167	0.000331275	9.70899e-05	2.60524e-05	6.42046e-06	1.45765e-06	3.05771e-07	5.94313e-08	1.07319e-08	1.80503e-09	2.8345e-10	4.16514e-11	5.73943e-12	7.43119e-13	9.05766e-14	1.04114e-14	1.13048e-15	1.16134e-16	1.13043e-17	1.04406e-18	9.16177e-20	7.64805e-21	6.08075e-22	4.60987e-23	3.33589e-24	2.30658e-25	1.52538e-26	9.6571e-28	5.85805e-29	3.40771e-30	1.90251e-31	1.02018e-32	5.25809e-34	2.6067e-35	1.24382e-36	5.71617e-38	2.53166e-39	1.08122e-40	4.45535e-42	1.77234e-43	6.80981e-45	2.52854e-46	9.06687e-48	0	
0	0.000204305	0.000732981	0.00225445	0.00627598	0.0158276	0.0360876	0.0742891	0.138077	0.232149	0.354569	0.495256	0.638246	0.766567	0.8669	0.931981	0.960597	0.956061	0.92421	0.871704	0.804968	0.729824	0.65144	0.574219	0.501769	0.436989	0.382135	0.338892	0.308463	0.291628	0.288797	0.300041	0.325088	0.363317	0.413702	0.47476	0.544468	0.620182	0.698578	0.775578	0.84632	0.905254	0.946176	0.962419	0.947639	0.897284	0.810537	0.692138	0.553124	0.409456	0.278134	0.172049	0.0964105	0.0488015	0.022297	0.00920285	0.00343794	0.00116552	0.000359677	0.000101361	2.61714e-05	6.21118e-06	1.35917e-06	2.75056e-07	5.16237e-08	9.00994e-09	1.46601e-09	2.22906e-10	3.1743e-11	4.24251e-12	5.33213e-13	6.31371e-14	7.05552e-15	7.45326e-16	7.45427e-17	7.06868e-18	6.36418e-19	5.44731e-20	4.43805e-21	3.44571e-22	2.55224e-23	1.80542e-24	1.2209e-25	7.9003e-27	4.8962e-28	2.90873e-29	1.6578e-30	9.07172e-32	4.76981e-33	2.41145e-34	1.17307e-35	5.49441e-37	2.4794e-38	1.07861e-39	4.52613e-41	1.83307e-42	7.16892e-44	2.7088e-45	9.8819e-47	0	
0	0.000662109	0.00225445	0.00651363	0.0169443	0.0397477	0.0839222	0.159349	0.272415	0.420968	0.592348	0.767013	0.925639	1.0547	1.14775	1.20378	1.22484	1.21433	1.17622	1.11493	1.0355	0.943763	0.845802	0.747306	0.653353	0.568287	0.495576	0.437878	0.397111	0.374511	0.370729	0.385872	0.419499	0.470617	0.537595	0.618089	0.708971	0.806251	0.905099	1.00004	1.08509	1.15426	1.20219	1.22423	1.21625	1.17454	1.09636	0.981267	0.833247	0.662932	0.487772	0.328091	0.2	0.109906	0.0543228	0.024152	0.00967552	0.00350212	0.00114908	0.000342984	9.34703e-05	2.33397e-05	5.35832e-06	1.13474e-06	2.2235e-07	4.04311e-08	6.84089e-09	1.07978e-09	1.59374e-10	2.2046e-11	2.86403e-12	3.50115e-13	4.03485e-14	4.3911e-15	4.52015e-16	4.40786e-17	4.07776e-18	3.58363e-19	2.99564e-20	2.38476e-21	1.81005e-22	1.31129e-23	9.07647e-25	6.00859e-26	3.80778e-27	2.31207e-28	1.34626e-29	7.52331e-31	4.03808e-32	2.08329e-33	1.03381e-34	4.93786e-36	2.27159e-37	1.00713e-38	4.30585e-40	1.77626e-41	7.07398e-43	2.72121e-44	1.01037e-45	0	
0	0.00194871	0.00627598	0.0169443	0.0409248	0.0886301	0.17183	0.298203	0.464647	0.654758	0.844502	1.01283	1.1485	1.2489	1.31515	1.34879	1.35084	1.32239	1.26567	1.18464	1.08522	0.97443	0.858931	0.74472	0.637191	0.540787	0.458964	0.3944	0.348957	0.323831	0.319668	0.336537	0.374039	0.431165	0.506351	0.597259	0.700769	0.812888	0.92859	1.04207	1.14689	1.23603	1.30303	1.34314	1.35348	1.33259	1.27951	1.19292	1.07132	0.915236	0.731988	0.539097	0.360635	0.217132	0.117118	0.0565325	0.0244537	0.00950597	0.00333299	0.00105826	0.000305517	8.05204e-05	1.94475e-05	4.32e-06	8.85612e-07	1.68082e-07	2.96214e-08	4.8606e-09	7.44544e-10	1.06719e-10	1.43455e-11	1.81223e-12	2.15564e-13	2.41877e-14	2.56454e-15	2.57345e-16	2.44774e-17	2.20992e-18	1.8964e-19	1.54871e-20	1.20508e-21	8.9446e-23	6.3397e-24	4.29517e-25	2.7843e-26	1.72853e-27	1.02858e-28	5.87176e-30	3.21818e-31	1.69471e-32	8.58099e-34	4.18063e-35	1.96108e-36	8.86294e-38	3.86148e-39	1.62285e-40	6.5826e-42	2.57837e-43	9.74517e-45	0	
0	0.00521042	0.0158276	0.0397477	0.0886301	0.176092	0.311445	0.491142	0.695066	0.894108	1.06512	1.19954	1.29861	1.36426	1.39604	1.39286	1.35502	1.28542	1.1895	1.07455	0.948632	0.818575	0.689728	0.567083	0.454926	0.356411	0.274085	0.209867	0.164977	0.140276	0.136189	0.15274	0.189715	0.246373	0.321657	0.413934	0.520907	0.639685	0.766581	0.896778	1.02515	1.14544	1.24989	1.33079	1.38186	1.39912	1.3813	1.32904	1.2434	1.12343	0.966698	0.776786	0.571337	0.378803	0.224384	0.118348	0.0556057	0.0233382	0.00878463	0.00297879	0.00091415	0.000255046	6.49696e-05	1.51723e-05	3.26042e-06	6.4699e-07	1.1894e-07	2.03171e-08	3.23374e-09	4.80809e-10	6.6942e-11	8.74672e-12	1.07475e-12	1.24429e-13	1.35978e-14	1.40501e-15	1.37481e-16	1.27584e-17	1.12448e-18	9.42489e-20	7.52165e-21	5.72231e-22	4.15463e-23	2.88174e-24	1.9115e-25	1.21367e-26	7.38289e-28	4.30653e-29	2.41079e-30	1.29617e-31	6.69826e-33	3.32942e-34	1.59286e-35	7.33966e-37	3.25938e-38	1.39578e-39	5.76732e-41	2.30062e-42	8.8528e-44	0	
0	0.0126274	0.0360876	0.0839222	0.17183	0.311445	0.500115	0.715189	0.922529	1.09613	1.22963	1.32734	1.38958	1.41156	1.39077	1.3295	1.23401	1.11301	0.975517	0.830058	0.683227	0.539154	0.402054	0.276198	0.164218	0.0679667	-0.0108715	-0.0715678	-0.113583	-0.136555	-0.140457	-0.125147	-0.0907954	-0.037474	0.0342159	0.123679	0.229629	0.350109	0.483009	0.624764	0.770961	0.917719	1.05934	1.188	1.29479	1.37071	1.40835	1.40354	1.35686	1.27303	1.15436	0.996877	0.800853	0.584783	0.381896	0.221283	0.113567	0.0517331	0.0210023	0.00763662	0.00249994	0.000740576	0.000199492	4.90868e-05	1.10791e-05	2.30263e-06	4.42244e-07	7.87469e-08	1.3039e-08	2.01324e-09	2.90601e-10	3.93076e-11	4.9933e-12	5.9692e-13	6.72801e-14	7.1626e-15	7.21419e-16	6.88515e-17	6.23566e-18	5.3665e-19	4.39442e-20	3.42802e-21	2.55047e-22	1.81177e-23	1.23011e-24	7.99041e-26	4.97032e-27	2.96329e-28	1.69476e-29	9.30541e-31	4.90897e-32	2.48996e-33	1.2152e-34	5.71012e-36	2.58505e-37	1.1282e-38	4.74952e-40	1.9298e-41	7.56146e-43	0	
0	0.0276872	0.0742891	0.159349	0.298203	0.491142	0.715189	0.931813	1.11072	1.24615	1.34487	1.40429	1.41384	1.37099	1.28312	1.16035	1.01336	0.851532	0.682715	0.513757	0.348959	0.192706	0.0503913	-0.0753252	-0.183786	-0.27392	-0.345692	-0.399882	-0.436646	-0.456593	-0.460094	-0.446856	-0.417132	-0.369968	-0.305258	-0.222417	-0.121112	-0.00198623	0.133744	0.284916	0.44676	0.614593	0.784219	0.949673	1.10363	1.23725	1.34035	1.40251	1.41436	1.3739	1.29004	1.16999	1.00888	0.804865	0.579048	0.369742	0.20823	0.103447	0.0454999	0.0178115	0.00624153	0.00196913	0.000562366	0.000146127	3.47085e-05	7.56813e-06	1.52084e-06	2.82661e-07	4.87477e-08	7.8243e-09	1.17202e-09	1.64255e-10	2.15881e-11	2.66663e-12	3.10196e-13	3.40447e-14	3.53151e-15	3.46798e-16	3.22896e-17	2.85457e-18	2.39938e-19	1.91995e-20	1.4643e-21	1.06566e-22	7.40825e-24	4.92454e-25	3.1332e-26	1.90976e-27	1.11614e-28	6.25994e-30	3.3719e-31	1.74566e-32	8.69248e-34	4.16603e-35	1.92303e-36	8.55473e-38	3.66986e-39	1.51903e-40	6.06149e-42	0	
0	0.0548782	0.138077	0.272415	0.464647	0.695066	0.922529	1.11072	1.25148	1.35347	1.41214	1.41073	1.34761	1.23746	1.09252	0.921777	0.734419	0.538261	0.342175	0.15333	-0.0229013	-0.180079	-0.315463	-0.43034	-0.524977	-0.599778	-0.657544	-0.699532	-0.727244	-0.742152	-0.744587	-0.734916	-0.712484	-0.67661	-0.625302	-0.557419	-0.470965	-0.363862	-0.236696	-0.0882112	0.0809791	0.265302	0.459402	0.656458	0.848302	1.02669	1.18282	1.30806	1.39193	1.41897	1.3828	1.29677	1.17248	1.00377	0.788924	0.55442	0.343424	0.186752	0.0893419	0.0377918	0.0142224	0.00479229	0.00145463	0.000400007	0.000100171	2.29527e-05	4.83284e-06	9.38731e-07	1.68807e-07	2.81937e-08	4.38643e-09	6.37452e-10	8.67448e-11	1.10789e-11	1.33088e-12	1.50667e-13	1.61043e-14	1.62799e-15	1.55898e-16	1.41633e-17	1.22246e-18	1.00374e-19	7.85002e-21	5.85454e-22	4.16841e-23	2.83636e-24	1.84628e-25	1.15078e-26	6.87444e-28	3.93914e-29	2.16691e-30	1.14523e-31	5.81946e-33	2.84522e-34	1.33933e-35	6.07406e-37	2.6556e-38	1.11994e-39	4.55178e-41	0	
0	0.0983814	0.232149	0.420968	0.654758	0.894108	1.09613	1.24615	1.35347	1.41458	1.40755	1.32989	1.20387	1.04217	0.848274	0.633369	0.408895	0.186525	-0.0224745	-0.212485	-0.37797	-0.516556	-0.631065	-0.723236	-0.793497	-0.846004	-0.884434	-0.910193	-0.926715	-0.935183	-0.936128	-0.931026	-0.917363	-0.896004	-0.863024	-0.816541	-0.753742	-0.670821	-0.56479	-0.436394	-0.281467	-0.101054	0.101057	0.319233	0.544158	0.764374	0.968091	1.14322	1.28418	1.38374	1.42029	1.38416	1.29373	1.16215	0.981153	0.752919	0.512163	0.305336	0.159314	0.0730364	0.0296023	0.0106801	0.00345315	0.00100687	0.000266287	6.42117e-05	1.41845e-05	2.88269e-06	5.41053e-07	9.41151e-08	1.52208e-08	2.29528e-09	3.23603e-10	4.27591e-11	5.3072e-12	6.20054e-13	6.83221e-14	7.11284e-15	7.00816e-16	6.54525e-17	5.80293e-18	4.89065e-19	3.92327e-20	2.99931e-21	2.1877e-22	1.52413e-23	1.01524e-24	6.47231e-26	3.95268e-27	2.31447e-28	1.30047e-29	7.01766e-31	3.63961e-32	1.81554e-33	8.71656e-35	4.03057e-36	1.79616e-37	7.7187e-39	3.19559e-40	0	
0	0.159894	0.354569	0.592348	0.844502	1.06512	1.22963	1.34487	1.41214	1.40755	1.32338	1.18669	1.01202	0.795631	0.55337	0.305252	0.0625883	-0.160945	-0.359916	-0.530767	-0.670531	-0.781582	-0.866096	-0.925417	-0.964501	-0.990221	-1.00447	-1.01188	-1.01532	-1.01627	-1.01633	-1.01552	-1.01315	-1.00732	-0.996606	-0.976534	-0.942937	-0.893046	-0.818503	-0.718214	-0.5902	-0.431654	-0.243859	-0.0293213	0.206788	0.454212	0.700807	0.930129	1.12177	1.27389	1.38236	1.41979	1.37811	1.28082	1.13787	0.939538	0.69707	0.454834	0.259043	0.128938	0.0563975	0.0218299	0.00753177	0.00233231	0.000652332	0.000165743	3.84531e-05	8.18408e-06	1.60461e-06	2.90915e-07	4.89385e-08	7.66251e-09	1.11985e-09	1.53162e-10	1.96507e-11	2.37028e-12	2.6934e-13	2.88872e-14	2.92937e-15	2.81334e-16	2.5628e-17	2.21756e-18	1.82512e-19	1.43058e-20	1.0692e-21	7.62813e-23	5.20065e-24	3.39167e-25	2.1179e-26	1.26743e-27	7.27526e-29	4.00899e-30	2.1224e-31	1.0803e-32	5.29061e-34	2.4946e-35	1.13323e-36	4.9628e-38	2.09312e-39	0	
0	0.236623	0.495256	0.767013	1.01283	1.19954	1.32734	1.40429	1.41073	1.32989	1.18669	1.00202	0.767491	0.50148	0.236153	-0.0221738	-0.260823	-0.469799	-0.647138	-0.786437	-0.889773	-0.958879	-0.998752	-1.01589	-1.01923	-1.01294	-1.00091	-0.989302	-0.978863	-0.972899	-0.972505	-0.975467	-0.985443	-0.995526	-1.00797	-1.01732	-1.01914	-1.00794	-0.978852	-0.921198	-0.832448	-0.707147	-0.545301	-0.348191	-0.120734	0.131302	0.394634	0.662785	0.913934	1.11829	1.27868	1.38851	1.41683	1.36448	1.25713	1.097	0.877072	0.622819	0.386515	0.208913	0.0987052	0.0410373	0.0151266	0.0049801	0.00147454	0.0003951	9.6346e-05	2.14894e-05	4.40395e-06	8.32633e-07	1.45765e-07	2.37073e-08	3.59299e-09	5.0883e-10	6.7504e-11	8.40887e-12	9.8566e-13	1.08933e-13	1.1372e-14	1.12332e-15	1.05161e-16	9.34406e-18	7.89149e-19	6.34303e-20	4.85831e-21	3.55004e-22	2.47754e-23	1.65309e-24	1.05559e-25	6.45689e-27	3.78674e-28	2.13104e-29	1.15173e-30	5.98242e-32	2.98875e-33	1.43712e-34	6.6555e-36	2.97049e-37	1.27638e-38	0	
0	0.320902	0.638246	0.925639	1.1485	1.29861	1.38958	1.41384	1.34761	1.20387	1.01202	0.767491	0.483515	0.20301	-0.0702003	-0.328865	-0.549121	-0.731097	-0.865695	-0.955436	-1.00469	-1.02019	-1.01267	-0.989564	-0.958021	-0.922786	-0.89034	-0.863025	-0.843664	-0.832916	-0.831148	-0.838609	-0.854747	-0.879528	-0.909474	-0.942771	-0.977922	-1.00451	-1.0204	-1.01435	-0.980095	-0.906669	-0.790747	-0.627352	-0.421742	-0.177261	0.0929318	0.369795	0.655938	0.920648	1.13256	1.29775	1.39905	1.40923	1.34262	1.22012	1.03571	0.792908	0.533709	0.312678	0.159503	0.0712396	0.0280656	0.00982837	0.00308202	0.000871286	0.000223404	5.22381e-05	1.11934e-05	2.20754e-06	4.02284e-07	6.79783e-08	1.0686e-08	1.56726e-09	2.15031e-10	2.76669e-11	3.34579e-12	3.81082e-13	4.09596e-14	4.16186e-15	4.0044e-16	3.65411e-17	3.16703e-18	2.61061e-19	2.04931e-20	1.53382e-21	1.09581e-22	7.48106e-24	4.88535e-25	3.0546e-26	1.83036e-27	1.05201e-28	5.80453e-30	3.07694e-31	1.5682e-32	7.69008e-34	3.6308e-35	1.65158e-36	7.23022e-38	0	
0	0.402039	0.766567	1.0547	1.2489	1.36426	1.41156	1.37099	1.23746	1.04217	0.795631	0.50148	0.20301	-0.085742	-0.365363	-0.597116	-0.779796	-0.911882	-0.988026	-1.02225	-1.01447	-0.983031	-0.931797	-0.873578	-0.814201	-0.761671	-0.717097	-0.683227	-0.661114	-0.64723	-0.645271	-0.654666	-0.671624	-0.703253	-0.742997	-0.792483	-0.848012	-0.908728	-0.963848	-1.00502	-1.02281	-1.00714	-0.94757	-0.839811	-0.675409	-0.464895	-0.200881	0.0869645	0.380346	0.681685	0.949964	1.16501	1.32764	1.40828	1.39458	1.31061	1.16502	0.950347	0.688809	0.435715	0.239507	0.114803	0.0483146	0.0179921	0.00597462	0.00178185	0.000480374	0.000117751	2.63803e-05	5.42688e-06	1.02941e-06	1.80727e-07	2.94667e-08	4.47562e-09	6.35051e-10	8.43943e-11	1.05291e-11	1.23592e-12	1.36767e-13	1.42946e-14	1.41357e-15	1.3247e-16	1.17823e-17	9.96016e-19	8.01316e-20	6.14305e-21	4.49281e-22	3.13825e-23	2.0958e-24	1.33947e-25	8.20069e-27	4.8138e-28	2.71155e-29	1.46686e-30	7.62671e-32	3.81403e-33	1.83583e-34	8.51093e-36	3.79594e-37	0	
0	0.469503	0.8669	1.14775	1.31515	1.39604	1.39077	1.28312	1.09252	0.848274	0.55337	0.236153	-0.0702003	-0.365363	-0.612847	-0.798796	-0.93703	-1.00667	-1.02781	-0.999701	-0.939803	-0.861433	-0.776627	-0.698061	-0.630924	-0.574569	-0.533375	-0.50332	-0.482603	-0.471801	-0.470727	-0.476872	-0.493772	-0.518734	-0.556312	-0.608371	-0.668753	-0.744031	-0.826119	-0.911123	-0.977939	-1.02255	-1.01994	-0.972581	-0.860896	-0.692815	-0.472404	-0.190466	0.111931	0.42617	0.735969	1.00067	1.21443	1.36115	1.41029	1.37072	1.26388	1.0856	0.839697	0.570277	0.336638	0.172804	0.0775755	0.0306881	0.0107825	0.00339021	0.000960443	0.000246679	5.7757e-05	1.23889e-05	2.4453e-06	4.45892e-07	7.53838e-08	1.18546e-08	1.73913e-09	2.38663e-10	3.07126e-11	3.7146e-12	4.23136e-13	4.54842e-14	4.62205e-15	4.44764e-16	4.05905e-17	3.51846e-18	2.90075e-19	2.27748e-20	1.70496e-21	1.21838e-22	8.32015e-24	5.43503e-25	3.3995e-26	2.03784e-27	1.17178e-28	6.4685e-30	3.43072e-31	1.74952e-32	8.58452e-34	4.05579e-35	1.84281e-36	0	
0	0.515792	0.931981	1.20378	1.34879	1.39286	1.3295	1.16035	0.921777	0.633369	0.305252	-0.0221738	-0.328865	-0.597116	-0.798796	-0.94594	-1.0183	-1.02324	-0.980999	-0.893336	-0.795472	-0.689224	-0.601579	-0.524463	-0.469101	-0.426113	-0.400404	-0.37995	-0.367173	-0.364761	-0.361339	-0.365603	-0.376294	-0.389804	-0.414679	-0.449676	-0.501454	-0.56816	-0.651643	-0.752205	-0.855658	-0.949197	-1.01289	-1.02594	-0.985433	-0.863865	-0.685655	-0.442742	-0.146967	0.171854	0.504923	0.812811	1.07158	1.27452	1.38873	1.40116	1.33415	1.19468	0.976805	0.707371	0.446359	0.244597	0.116858	0.0490185	0.0181965	0.0060242	0.00179146	0.000481646	0.000117757	2.6317e-05	5.40132e-06	1.02232e-06	1.79111e-07	2.91464e-08	4.41887e-09	6.25921e-10	8.30471e-11	1.03455e-11	1.21266e-12	1.34018e-13	1.39904e-14	1.38196e-15	1.29376e-16	1.14964e-17	9.71029e-19	7.80624e-20	5.98042e-21	4.3713e-22	3.05183e-23	2.03721e-24	1.30158e-25	7.96651e-27	4.67542e-28	2.63327e-29	1.42444e-30	7.4063e-32	3.70414e-33	1.78322e-34	8.253e-36	0	
0	0.537827	0.960597	1.22484	1.35084	1.35502	1.23401	1.01336	0.734419	0.408895	0.0625883	-0.260823	-0.549121	-0.779796	-0.93703	-1.0183	-1.01838	-0.967338	-0.865806	-0.748568	-0.628878	-0.52896	-0.451676	-0.400623	-0.36809	-0.352015	-0.33759	-0.333562	-0.329964	-0.329109	-0.328006	-0.329302	-0.331371	-0.336501	-0.34562	-0.359284	-0.387408	-0.427333	-0.495952	-0.584298	-0.701263	-0.818612	-0.932452	-1.00317	-1.02696	-0.979656	-0.850991	-0.65066	-0.380709	-0.0702742	0.269966	0.609863	0.909027	1.15852	1.33301	1.40244	1.37823	1.27754	1.09431	0.838739	0.562673	0.32784	0.166175	0.0737296	0.0288559	0.0100406	0.00312922	0.000879424	0.000224225	5.215e-05	1.11178e-05	2.1821e-06	3.95836e-07	6.6601e-08	1.0427e-08	1.52342e-09	2.08265e-10	2.67062e-11	3.21943e-12	3.65611e-13	3.91892e-14	3.97189e-15	3.81269e-16	3.4717e-17	3.00303e-18	2.47102e-19	1.93663e-20	1.44741e-21	1.03278e-22	7.04305e-24	4.59505e-25	2.87088e-26	1.71922e-27	9.87679e-29	5.44789e-30	2.88742e-31	1.4716e-32	7.21724e-34	3.40168e-35	0	
0	0.53673	0.956061	1.21433	1.32239	1.28542	1.11301	0.851532	0.538261	0.186525	-0.160945	-0.469799	-0.731097	-0.911882	-1.00667	-1.02324	-0.967338	-0.859511	-0.722176	-0.590026	-0.478126	-0.40836	-0.366421	-0.352576	-0.341647	-0.338994	-0.336171	-0.33609	-0.335894	-0.332825	-0.335463	-0.335287	-0.334262	-0.337963	-0.336954	-0.340414	-0.347863	-0.359738	-0.387924	-0.445142	-0.541123	-0.668002	-0.805749	-0.929983	-1.00796	-1.0233	-0.959026	-0.814389	-0.582111	-0.289496	0.0442334	0.401089	0.734251	1.02297	1.24966	1.37655	1.39838	1.33611	1.18989	0.958136	0.67934	0.418932	0.224467	0.105019	0.0432198	0.0157693	0.00513993	0.00150712	0.000400059	9.6681e-05	2.13794e-05	4.34561e-06	8.15221e-07	1.41664e-07	2.28794e-08	3.44462e-09	4.84778e-10	6.39358e-11	7.92047e-12	9.23613e-13	1.01583e-13	1.05569e-14	1.03844e-15	9.6838e-17	8.57381e-18	7.21726e-19	5.78375e-20	4.41796e-21	3.22041e-22	2.24262e-23	1.4935e-24	9.52114e-26	5.81579e-27	3.40683e-28	1.91549e-29	1.03454e-30	5.37129e-32	2.68285e-33	1.28738e-34	0	
0	0.516524	0.92421	1.17622	1.26567	1.1895	0.975517	0.682715	0.342175	-0.0224745	-0.359916	-0.647138	-0.865695	-0.988026	-1.02781	-0.980999	-0.865806	-0.722176	-0.574422	-0.45897	-0.388441	-0.3608	-0.354161	-0.350943	-0.347253	-0.343282	-0.339737	-0.332833	-0.330473	-0.327815	-0.326971	-0.329341	-0.331411	-0.337283	-0.341528	-0.345614	-0.348357	-0.35438	-0.35607	-0.3734	-0.424022	-0.52349	-0.660894	-0.810551	-0.940417	-1.01929	-1.0136	-0.925783	-0.744719	-0.481339	-0.162952	0.196914	0.554476	0.875852	1.14623	1.32735	1.39719	1.37322	1.26378	1.06176	0.790871	0.513664	0.289749	0.14245	0.0614558	0.0234479	0.00797326	0.00243373	0.00067118	0.000168219	3.85171e-05	8.09479e-06	1.56804e-06	2.81029e-07	4.676e-08	7.24563e-09	1.04854e-09	1.42079e-10	1.80692e-11	2.16155e-12	2.43719e-13	2.59494e-14	2.61358e-15	2.49416e-16	2.25866e-17	1.94373e-18	1.59169e-19	1.24185e-20	9.2422e-22	6.56854e-23	4.46279e-24	2.90151e-25	1.80689e-26	1.07876e-27	6.17979e-29	3.39963e-30	1.79737e-31	9.13932e-33	4.46314e-34	0	
0	0.482522	0.871704	1.11493	1.18464	1.07455	0.830058	0.513757	0.15333	-0.212485	-0.530767	-0.786437	-0.955436	-1.02225	-0.999701	-0.893336	-0.748568	-0.590026	-0.45897	-0.383028	-0.355678	-0.360137	-0.359038	-0.351051	-0.335316	-0.322666	-0.310504	-0.300788	-0.295165	-0.290174	-0.29045	-0.292768	-0.296872	-0.306228	-0.318287	-0.329899	-0.344312	-0.357823	-0.361391	-0.356385	-0.366435	-0.422357	-0.531818	-0.685292	-0.838126	-0.96524	-1.02357	-0.993633	-0.866029	-0.641182	-0.346246	0.00575076	0.37729	0.724241	1.03	1.25972	1.37766	1.39201	1.31784	1.14805	0.893124	0.607871	0.359426	0.184981	0.0833751	0.0331628	0.0117313	0.0037179	0.00106271	0.000275615	6.5209e-05	1.41423e-05	2.82369e-06	5.21064e-07	8.91802e-08	1.42015e-08	2.11031e-09	2.93402e-10	3.82593e-11	4.68968e-12	5.41478e-13	5.90043e-14	6.0789e-15	5.93098e-16	5.4886e-17	4.82459e-18	4.0338e-19	3.21204e-20	2.43883e-21	1.76772e-22	1.22445e-23	8.11346e-25	5.1479e-26	3.13047e-27	1.82609e-28	1.02266e-29	5.50267e-31	2.84695e-32	1.41417e-33	0	
0	0.43999	0.804968	1.0355	1.08522	0.948632	0.683227	0.348959	-0.0229013	-0.37797	-0.670531	-0.889773	-1.00469	-1.01447	-0.939803	-0.795472	-0.628878	-0.478126	-0.388441	-0.355678	-0.366094	-0.367348	-0.348058	-0.313364	-0.295941	-0.281818	-0.273262	-0.261466	-0.261086	-0.258348	-0.255921	-0.261799	-0.26191	-0.267243	-0.278861	-0.290806	-0.303065	-0.334676	-0.361943	-0.370014	-0.356707	-0.369174	-0.434063	-0.564001	-0.729504	-0.888333	-0.99454	-1.02028	-0.948949	-0.768502	-0.503165	-0.167134	0.209291	0.574805	0.907871	1.17901	1.3432	1.39567	1.35481	1.21725	0.983498	0.69793	0.430658	0.231097	0.108427	0.0448105	0.0164398	0.00539415	0.00159378	0.000426666	0.000104065	2.32394e-05	4.77282e-06	9.05083e-07	1.59048e-07	2.59841e-08	3.95838e-09	5.63814e-10	7.52732e-11	9.44112e-12	1.11481e-12	1.24172e-13	1.30701e-14	1.30226e-15	1.23017e-16	1.10338e-17	9.40976e-19	7.63988e-20	5.91266e-21	4.36686e-22	3.08119e-23	2.07912e-24	1.34301e-25	8.31221e-27	4.93377e-28	2.8108e-29	1.53821e-30	8.09221e-32	4.08613e-33	0	
0	0.393397	0.729824	0.943763	0.97443	0.818575	0.539154	0.192706	-0.180079	-0.516556	-0.781582	-0.958879	-1.02019	-0.983031	-0.861433	-0.689224	-0.52896	-0.40836	-0.3608	-0.360137	-0.367348	-0.340237	-0.29878	-0.273399	-0.272955	-0.264508	-0.255105	-0.257678	-0.254455	-0.25442	-0.253178	-0.252747	-0.257358	-0.254495	-0.260011	-0.271059	-0.271531	-0.284624	-0.323425	-0.360606	-0.364938	-0.356799	-0.380592	-0.47359	-0.621057	-0.795251	-0.942427	-1.0165	-0.997772	-0.863736	-0.632469	-0.319272	0.0544156	0.432924	0.786349	1.09087	1.29747	1.38724	1.37769	1.27078	1.06083	0.781049	0.500692	0.278997	0.13575	0.0580873	0.0220292	0.00746047	0.002272	0.000626124	0.000157028	3.60213e-05	7.59229e-06	1.47634e-06	2.65826e-07	4.4468e-08	6.9319e-09	1.00974e-09	1.37789e-10	1.76555e-11	2.12881e-12	2.42016e-13	2.59898e-14	2.64094e-15	2.54334e-16	2.32482e-17	2.01987e-18	1.67024e-19	1.31612e-20	9.89412e-22	7.10406e-23	4.87682e-24	3.20404e-25	2.0165e-26	1.21681e-27	7.04605e-29	3.91845e-30	2.09441e-31	1.07422e-32	0	
0	0.346231	0.65144	0.845802	0.858931	0.689728	0.402054	0.0503913	-0.315463	-0.631065	-0.866096	-0.998752	-1.01267	-0.931797	-0.776627	-0.601579	-0.451676	-0.366421	-0.354161	-0.359038	-0.348058	-0.29878	-0.268225	-0.266779	-0.275122	-0.263046	-0.25762	-0.263383	-0.25327	-0.254298	-0.256853	-0.251872	-0.261233	-0.259815	-0.258259	-0.273591	-0.270866	-0.265878	-0.2815	-0.331831	-0.357941	-0.357905	-0.354439	-0.409494	-0.535657	-0.706526	-0.87672	-0.988907	-1.01891	-0.931395	-0.734366	-0.448189	-0.0848989	0.301623	0.67056	1.00096	1.24451	1.3697	1.38942	1.31074	1.12511	0.855357	0.567113	0.326785	0.164254	0.0725076	0.0283283	0.0098703	0.00308878	0.000873737	0.000224706	5.28116e-05	1.13955e-05	2.26686e-06	4.17286e-07	7.13223e-08	1.13536e-08	1.68803e-09	2.35003e-10	3.07072e-11	3.77419e-12	4.37217e-13	4.78265e-14	4.94872e-15	4.85147e-16	4.513e-17	3.98919e-18	3.35515e-19	2.68837e-20	2.05461e-21	1.4994e-22	1.04595e-23	6.98148e-25	4.46308e-26	2.73506e-27	1.6081e-28	9.07886e-30	4.92555e-31	2.56365e-32	0	
0	0.301094	0.574219	0.747306	0.74472	0.567083	0.276198	-0.0753252	-0.43034	-0.723236	-0.925417	-1.01589	-0.989564	-0.873578	-0.698061	-0.524463	-0.400623	-0.352576	-0.350943	-0.351051	-0.313364	-0.273399	-0.266779	-0.287093	-0.271715	-0.251777	-0.245536	-0.250052	-0.231324	-0.23621	-0.241022	-0.228236	-0.245398	-0.247861	-0.247451	-0.261323	-0.285008	-0.27583	-0.264942	-0.295419	-0.338693	-0.354204	-0.348411	-0.372464	-0.467794	-0.623414	-0.809439	-0.951184	-1.01929	-0.97626	-0.812774	-0.553074	-0.205639	0.183137	0.563712	0.914018	1.18852	1.34606	1.39274	1.33943	1.17712	0.919836	0.627979	0.37264	0.192731	0.0874454	0.0350728	0.0125308	0.00401679	0.00116281	0.000305781	7.34293e-05	1.6178e-05	3.28404e-06	6.16553e-07	1.07424e-07	1.74242e-08	2.63851e-09	3.7398e-10	4.97344e-11	6.21925e-12	7.32782e-13	8.15052e-14	8.57296e-15	8.54123e-16	8.07268e-17	7.24842e-18	6.1913e-19	5.0371e-20	3.90803e-21	2.89469e-22	2.04915e-23	1.38776e-24	8.99981e-26	5.59408e-27	3.33561e-28	1.90954e-29	1.05034e-30	5.54143e-32	0	
0	0.25984	0.501769	0.653353	0.637191	0.454926	0.164218	-0.183786	-0.524977	-0.793497	-0.964501	-1.01923	-0.958021	-0.814201	-0.630924	-0.469101	-0.36809	-0.341647	-0.347253	-0.335316	-0.295941	-0.272955	-0.275122	-0.271715	-0.237821	-0.230543	-0.239165	-0.225539	-0.22465	-0.226163	-0.224455	-0.226309	-0.223357	-0.233255	-0.237616	-0.228896	-0.260272	-0.27608	-0.273322	-0.28242	-0.321836	-0.345079	-0.345063	-0.348157	-0.42214	-0.558642	-0.743533	-0.907474	-1.00592	-1.00216	-0.872287	-0.637213	-0.306568	0.0800349	0.468339	0.833614	1.13328	1.31927	1.3902	1.35916	1.21812	0.974157	0.681859	0.414938	0.219955	0.102189	0.041926	0.0153079	0.00501016	0.00147968	0.000396692	9.70557e-05	2.17742e-05	4.49856e-06	8.59188e-07	1.52228e-07	2.50994e-08	3.86224e-09	5.56114e-10	7.51075e-11	9.53588e-12	1.14048e-12	1.28732e-13	1.37381e-14	1.38843e-15	1.3309e-16	1.21176e-17	1.04936e-18	8.65413e-20	6.80507e-21	5.10792e-22	3.66373e-23	2.51368e-24	1.65128e-25	1.03957e-26	6.27748e-28	3.63895e-29	2.02658e-30	1.08236e-31	0	
0	0.22376	0.436989	0.568287	0.540787	0.356411	0.0679667	-0.27392	-0.599778	-0.846004	-0.990221	-1.01294	-0.922786	-0.761671	-0.574569	-0.426113	-0.352015	-0.338994	-0.343282	-0.322666	-0.281818	-0.264508	-0.263046	-0.251777	-0.230543	-0.234875	-0.238865	-0.222103	-0.23005	-0.228466	-0.221732	-0.233206	-0.22316	-0.230794	-0.240586	-0.227536	-0.244531	-0.257955	-0.265919	-0.269108	-0.308391	-0.336471	-0.343596	-0.339584	-0.38906	-0.506926	-0.686206	-0.865334	-0.987847	-1.01402	-0.913712	-0.702691	-0.389043	-0.00671144	0.386521	0.762652	1.08204	1.29207	1.38409	1.37207	1.24955	1.01847	0.727794	0.452316	0.24477	0.116002	0.0485091	0.0180377	0.00600788	0.00180449	0.000491703	0.00012221	2.784e-05	5.83801e-06	1.13132e-06	2.0331e-07	3.39912e-08	5.30233e-09	7.73766e-10	1.05889e-10	1.36194e-11	1.64981e-12	1.88585e-13	2.03773e-14	2.08485e-15	2.02286e-16	1.86399e-17	1.63344e-18	1.36301e-19	1.08431e-20	8.23308e-22	5.97298e-23	4.1446e-24	2.75332e-25	1.75271e-26	1.0701e-27	6.27135e-29	3.53067e-30	1.90598e-31	0	
0	0.193743	0.382135	0.495576	0.458964	0.274085	-0.0108715	-0.345692	-0.657544	-0.884434	-1.00447	-1.00091	-0.89034	-0.717097	-0.533375	-0.400404	-0.33759	-0.336171	-0.339737	-0.310504	-0.273262	-0.255105	-0.25762	-0.245536	-0.239165	-0.238865	-0.234843	-0.220854	-0.22738	-0.222336	-0.216586	-0.229018	-0.221582	-0.228984	-0.238464	-0.238563	-0.242531	-0.253288	-0.256838	-0.261811	-0.295852	-0.330528	-0.341026	-0.331664	-0.367497	-0.471268	-0.641988	-0.825323	-0.965933	-1.01906	-0.942975	-0.751136	-0.453157	-0.0767181	0.319317	0.703225	1.03752	1.2669	1.37645	1.38001	1.27283	1.05323	0.765209	0.483699	0.26615	0.12818	0.0544342	0.020542	0.00693969	0.002113	0.000583406	0.000146866	3.38743e-05	7.1898e-06	1.40983e-06	2.56306e-07	4.33399e-08	6.83632e-09	1.0086e-09	1.39522e-10	1.8137e-11	2.22021e-12	2.56425e-13	2.79927e-14	2.89311e-15	2.83531e-16	2.63865e-17	2.33508e-18	1.96751e-19	1.58036e-20	1.21147e-21	8.87264e-23	6.21477e-24	4.16724e-25	2.67746e-26	1.64979e-27	9.75725e-29	5.54321e-30	3.01934e-31	0	
0	0.170395	0.338892	0.437878	0.3944	0.209867	-0.0715678	-0.399882	-0.699532	-0.910193	-1.01188	-0.989302	-0.863025	-0.683227	-0.50332	-0.37995	-0.333562	-0.33609	-0.332833	-0.300788	-0.261466	-0.257678	-0.263383	-0.250052	-0.225539	-0.222103	-0.220854	-0.211034	-0.21355	-0.211832	-0.209383	-0.214155	-0.209805	-0.216611	-0.223919	-0.220155	-0.24064	-0.259207	-0.262622	-0.254145	-0.284696	-0.321056	-0.339552	-0.329607	-0.354628	-0.444035	-0.607381	-0.796198	-0.946919	-1.01755	-0.961846	-0.786125	-0.500558	-0.129648	0.267631	0.656772	1.00176	1.24578	1.36896	1.38456	1.28925	1.079	0.793812	0.508281	0.283246	0.138096	0.059339	0.0226467	0.00773391	0.00237948	0.000663623	0.000168697	3.92803e-05	8.41466e-06	1.66499e-06	3.05387e-07	5.209e-08	8.28704e-09	1.23297e-09	1.71979e-10	2.254e-11	2.78159e-12	3.23841e-13	3.56327e-14	3.71167e-15	3.66582e-16	3.43786e-17	3.06559e-18	2.60262e-19	2.10621e-20	1.62662e-21	1.20015e-22	8.46818e-24	5.71972e-25	3.7016e-26	2.29728e-27	1.3684e-28	7.82942e-30	4.29466e-31	0	
0	0.154117	0.308463	0.397111	0.348957	0.164977	-0.113583	-0.436646	-0.727244	-0.926715	-1.01532	-0.978863	-0.843664	-0.661114	-0.482603	-0.367173	-0.329964	-0.335894	-0.330473	-0.295165	-0.261086	-0.254455	-0.25327	-0.231324	-0.22465	-0.23005	-0.22738	-0.21355	-0.221811	-0.218421	-0.210602	-0.225372	-0.215606	-0.220059	-0.231872	-0.22594	-0.227543	-0.243648	-0.257706	-0.253892	-0.281	-0.317435	-0.338505	-0.329707	-0.344871	-0.426878	-0.585198	-0.774391	-0.932313	-1.01517	-0.973025	-0.808776	-0.532412	-0.165854	0.231925	0.624317	0.976294	1.23027	1.36296	1.38692	1.29987	1.09631	0.813489	0.525499	0.295405	0.145243	0.0629166	0.024199	0.00832573	0.00257998	0.000724541	0.000185423	4.34578e-05	9.36907e-06	1.86543e-06	3.44246e-07	5.90717e-08	9.45341e-09	1.41471e-09	1.98465e-10	2.61592e-11	3.24637e-12	3.80054e-13	4.20482e-14	4.40383e-15	4.37295e-16	4.12302e-17	3.69613e-18	3.1545e-19	2.56622e-20	1.9922e-21	1.47748e-22	1.04786e-23	7.11373e-25	4.62711e-26	2.88616e-27	1.72779e-28	9.93497e-30	5.47648e-31	0	
0	0.145161	0.291628	0.374511	0.323831	0.140276	-0.136555	-0.456593	-0.742152	-0.935183	-1.01627	-0.972899	-0.832916	-0.64723	-0.471801	-0.364761	-0.329109	-0.332825	-0.327815	-0.290174	-0.258348	-0.25442	-0.254298	-0.23621	-0.226163	-0.228466	-0.222336	-0.211832	-0.218421	-0.213782	-0.208652	-0.219356	-0.211384	-0.218428	-0.226832	-0.226511	-0.230349	-0.247422	-0.256727	-0.253037	-0.275533	-0.313835	-0.335197	-0.327444	-0.343491	-0.419358	-0.571523	-0.761812	-0.924724	-1.01368	-0.978249	-0.820432	-0.549558	-0.185605	0.2124	0.606469	0.962111	1.22148	1.3594	1.38794	1.30543	1.10561	0.824218	0.534994	0.302174	0.149255	0.0649405	0.0250831	0.008665	0.00269562	0.000759879	0.00019518	4.59076e-05	9.93169e-06	1.98418e-06	3.67384e-07	6.3249e-08	1.01546e-08	1.52448e-09	2.14537e-10	2.83656e-11	3.531e-12	4.14634e-13	4.60124e-14	4.83343e-15	4.81377e-16	4.55199e-17	4.0926e-18	3.50301e-19	2.85794e-20	2.22503e-21	1.65484e-22	1.17696e-23	8.01267e-25	5.22639e-26	3.26901e-27	1.96239e-28	1.13149e-29	6.25409e-31	0	
0	0.143655	0.288797	0.370729	0.319668	0.136189	-0.140457	-0.460094	-0.744587	-0.936128	-1.01633	-0.972505	-0.831148	-0.645271	-0.470727	-0.361339	-0.328006	-0.335463	-0.326971	-0.29045	-0.255921	-0.253178	-0.256853	-0.241022	-0.224455	-0.221732	-0.216586	-0.209383	-0.210602	-0.208652	-0.206489	-0.211542	-0.209559	-0.212795	-0.221037	-0.221946	-0.234158	-0.25117	-0.257674	-0.250056	-0.275781	-0.312871	-0.337747	-0.328165	-0.34153	-0.417166	-0.570195	-0.760817	-0.922699	-1.01249	-0.979248	-0.822741	-0.552482	-0.188833	0.209189	0.603498	0.959726	1.21999	1.35878	1.3881	1.30634	1.10716	0.826008	0.536584	0.30331	0.14993	0.0652816	0.0252324	0.00872237	0.00271521	0.000765874	0.000196837	4.63245e-05	1.00276e-05	2.00445e-06	3.71339e-07	6.3964e-08	1.02748e-08	1.54333e-09	2.17302e-10	2.87456e-11	3.58011e-12	4.2061e-13	4.66986e-14	4.90791e-15	4.89032e-16	4.62661e-17	4.16169e-18	3.56384e-19	2.90895e-20	2.2658e-21	1.68596e-22	1.19965e-23	8.17094e-25	5.33208e-26	3.33665e-27	2.00391e-28	1.15596e-29	6.39219e-31	0	
0	0.149623	0.300041	0.385872	0.336537	0.15274	-0.125147	-0.446856	-0.734916	-0.931026	-1.01552	-0.975467	-0.838609	-0.654666	-0.476872	-0.365603	-0.329302	-0.335287	-0.329341	-0.292768	-0.261799	-0.252747	-0.251872	-0.228236	-0.226309	-0.233206	-0.229018	-0.214155	-0.225372	-0.219356	-0.211542	-0.227115	-0.216334	-0.22164	-0.23385	-0.228861	-0.225427	-0.241169	-0.255991	-0.253902	-0.279439	-0.315581	-0.33707	-0.329569	-0.342563	-0.422841	-0.578703	-0.767728	-0.929121	-1.01478	-0.975104	-0.814506	-0.541397	-0.175902	0.222276	0.6155	0.969238	1.2259	1.36121	1.38746	1.30268	1.10099	0.818861	0.530236	0.298772	0.147233	0.0639179	0.0246354	0.00849282	0.00263682	0.000741876	0.000190201	4.46553e-05	9.64365e-06	1.92329e-06	3.55504e-07	6.11013e-08	9.79365e-09	1.4679e-09	2.06243e-10	2.72257e-11	3.3838e-12	3.96731e-13	4.3958e-14	4.61057e-15	4.58488e-16	4.32905e-17	3.88637e-18	3.32157e-19	2.70594e-20	2.10362e-21	1.56228e-22	1.10953e-23	7.54284e-25	4.91295e-26	3.06863e-27	1.83952e-28	1.05917e-29	5.8463e-31	0	
0	0.162981	0.325088	0.419499	0.374039	0.189715	-0.0907954	-0.417132	-0.712484	-0.917363	-1.01315	-0.985443	-0.854747	-0.671624	-0.493772	-0.376294	-0.331371	-0.334262	-0.331411	-0.296872	-0.26191	-0.257358	-0.261233	-0.245398	-0.223357	-0.22316	-0.221582	-0.209805	-0.215606	-0.211384	-0.209559	-0.216334	-0.209592	-0.217442	-0.224074	-0.220832	-0.236041	-0.256146	-0.261542	-0.255174	-0.282153	-0.318214	-0.338919	-0.327492	-0.35193	-0.437704	-0.595944	-0.786521	-0.941155	-1.01591	-0.966356	-0.796927	-0.51575	-0.146233	0.251621	0.642196	0.990284	1.23882	1.36632	1.38572	1.29417	1.08693	0.802768	0.516073	0.288722	0.141301	0.0609367	0.0233373	0.0079963	0.00246808	0.00069046	0.000176044	4.11101e-05	8.83158e-06	1.75232e-06	3.22275e-07	5.51169e-08	8.79153e-09	1.31139e-09	1.83383e-10	2.40949e-11	2.98085e-12	3.4789e-13	3.83718e-14	4.0066e-15	3.96654e-16	3.72868e-17	3.33272e-18	2.836e-19	2.30038e-20	1.78066e-21	1.31679e-22	9.31228e-24	6.30402e-25	4.08887e-26	2.54328e-27	1.51829e-28	8.70614e-30	4.78597e-31	0	
0	0.183534	0.363317	0.470617	0.431165	0.246373	-0.037474	-0.369968	-0.67661	-0.896004	-1.00732	-0.995526	-0.879528	-0.703253	-0.518734	-0.389804	-0.336501	-0.337963	-0.337283	-0.306228	-0.267243	-0.254495	-0.259815	-0.247861	-0.233255	-0.230794	-0.228984	-0.216611	-0.220059	-0.218428	-0.212795	-0.22164	-0.217442	-0.22282	-0.23166	-0.230403	-0.242295	-0.255376	-0.258714	-0.256906	-0.290594	-0.326968	-0.341782	-0.33249	-0.360466	-0.457272	-0.626911	-0.813445	-0.958269	-1.01839	-0.951007	-0.766962	-0.474676	-0.100058	0.29696	0.683165	1.02208	1.25785	1.37335	1.38218	1.28019	1.06462	0.777732	0.49438	0.273529	0.132435	0.0565271	0.0214356	0.00727529	0.0022251	0.000617007	0.000155973	3.61207e-05	7.69686e-06	1.51508e-06	2.76478e-07	4.69238e-08	7.4285e-09	1.09988e-09	1.52684e-10	1.99169e-11	2.44643e-12	2.83509e-13	3.10527e-14	3.21999e-15	3.16599e-16	2.95594e-17	2.62427e-18	2.21822e-19	1.78736e-20	1.37444e-21	1.00975e-22	7.09453e-24	4.77171e-25	3.07515e-26	1.90056e-27	1.12741e-28	6.42401e-30	3.50942e-31	0	
0	0.210944	0.413702	0.537595	0.506351	0.321657	0.0342159	-0.305258	-0.625302	-0.863024	-0.996606	-1.00797	-0.909474	-0.742997	-0.556312	-0.414679	-0.34562	-0.336954	-0.341528	-0.318287	-0.278861	-0.260011	-0.258259	-0.247451	-0.237616	-0.240586	-0.238464	-0.223919	-0.231872	-0.226832	-0.221037	-0.23385	-0.224074	-0.23166	-0.242664	-0.237095	-0.243101	-0.253632	-0.260569	-0.266549	-0.303234	-0.334805	-0.341341	-0.335643	-0.37925	-0.490989	-0.667735	-0.849139	-0.979034	-1.01609	-0.926357	-0.724375	-0.417401	-0.0368271	0.358039	0.737542	1.06332	1.28163	1.38112	1.37577	1.2598	1.03353	0.74382	0.465632	0.253766	0.121088	0.0509668	0.0190699	0.00638964	0.00193017	0.000528857	0.000132148	3.02599e-05	6.37747e-06	1.24194e-06	2.24262e-07	3.76705e-08	5.90337e-09	8.65377e-10	1.18953e-10	1.53669e-11	1.86953e-12	2.1461e-13	2.32869e-14	2.39243e-15	2.33081e-16	2.15647e-17	1.89732e-18	1.58948e-19	1.26944e-20	9.67624e-22	7.04702e-23	4.90853e-24	3.27314e-25	2.09144e-26	1.28166e-27	7.53886e-29	4.25979e-30	2.30788e-31	0	
0	0.244692	0.47476	0.618089	0.597259	0.413934	0.123679	-0.222417	-0.557419	-0.816541	-0.976534	-1.01732	-0.942771	-0.792483	-0.608371	-0.449676	-0.359284	-0.340414	-0.345614	-0.329899	-0.290806	-0.271059	-0.273591	-0.261323	-0.228896	-0.227536	-0.238563	-0.220155	-0.22594	-0.226511	-0.221946	-0.228861	-0.220832	-0.230403	-0.237095	-0.220478	-0.250707	-0.26979	-0.273899	-0.276512	-0.317505	-0.340716	-0.345184	-0.342975	-0.405859	-0.5378	-0.720258	-0.889742	-0.998569	-1.00789	-0.890822	-0.665981	-0.342112	0.0433095	0.434054	0.804077	1.11218	1.3083	1.38807	1.36507	1.23181	0.993109	0.701241	0.430533	0.230207	0.107845	0.0445993	0.0164079	0.00540929	0.00160873	0.000434189	0.00010692	2.41381e-05	5.01744e-06	9.63991e-07	1.71788e-07	2.84851e-08	4.40755e-09	6.38085e-10	8.66383e-11	1.10575e-11	1.32929e-12	1.50805e-13	1.61741e-14	1.64267e-15	1.58225e-16	1.4475e-17	1.25943e-18	1.04351e-19	8.24332e-21	6.21567e-22	4.47835e-23	3.08626e-24	2.03635e-25	1.28758e-26	7.80864e-28	4.54585e-29	2.54235e-30	1.36348e-31	0	
0	0.284007	0.544468	0.708971	0.700769	0.520907	0.229629	-0.121112	-0.470965	-0.753742	-0.942937	-1.01914	-0.977922	-0.848012	-0.668753	-0.501454	-0.387408	-0.347863	-0.348357	-0.344312	-0.303065	-0.271531	-0.270866	-0.285008	-0.260272	-0.244531	-0.242531	-0.24064	-0.227543	-0.230349	-0.234158	-0.225427	-0.236041	-0.242295	-0.243101	-0.250707	-0.279112	-0.278559	-0.266607	-0.287967	-0.330002	-0.350579	-0.34588	-0.362245	-0.449692	-0.594805	-0.781439	-0.933456	-1.01488	-0.989231	-0.839154	-0.589002	-0.248417	0.139818	0.524092	0.881013	1.1662	1.33558	1.39231	1.34832	1.19483	0.942832	0.650444	0.39005	0.203809	0.0933828	0.0378061	0.0136284	0.00440608	0.00128597	0.000340841	8.2472e-05	1.83041e-05	3.74217e-06	7.07439e-07	1.24092e-07	2.02603e-08	3.08771e-09	4.40402e-10	5.89282e-11	7.4134e-12	8.78654e-13	9.82981e-14	1.03983e-14	1.0418e-15	9.90084e-17	8.93823e-18	7.67551e-19	6.27755e-20	4.89574e-21	3.64486e-22	2.59324e-23	1.76499e-24	1.15025e-25	7.18445e-27	4.30446e-28	2.47586e-29	1.36822e-30	7.25178e-32	0	
0	0.327772	0.620182	0.806251	0.812888	0.639685	0.350109	-0.00198623	-0.363862	-0.670821	-0.893046	-1.00794	-1.00451	-0.908728	-0.744031	-0.56816	-0.427333	-0.359738	-0.35438	-0.357823	-0.334676	-0.284624	-0.265878	-0.27583	-0.27608	-0.257955	-0.253288	-0.259207	-0.243648	-0.247422	-0.25117	-0.241169	-0.256146	-0.255376	-0.253632	-0.26979	-0.278559	-0.268316	-0.271274	-0.315742	-0.352253	-0.357831	-0.351723	-0.391736	-0.504416	-0.672064	-0.849844	-0.974241	-1.022	-0.952619	-0.767769	-0.492493	-0.135868	0.252247	0.626655	0.965753	1.22232	1.36083	1.39164	1.3235	1.14739	0.882408	0.592223	0.34543	0.175684	0.0784325	0.0309741	0.0109032	0.00344554	0.00098382	0.000255301	6.05239e-05	1.31692e-05	2.64097e-06	4.89978e-07	8.43871e-08	1.35333e-08	2.02668e-09	2.84143e-10	3.73845e-11	4.62589e-12	5.3942e-13	5.93879e-14	6.18395e-15	6.1001e-16	5.70913e-17	5.07671e-18	4.29494e-19	3.46129e-20	2.66036e-21	1.95232e-22	1.3694e-23	9.18994e-25	5.90625e-26	3.63849e-27	2.15037e-28	1.22023e-29	6.65348e-31	3.48013e-32	0	
0	0.374381	0.698578	0.905099	0.92859	0.766581	0.483009	0.133744	-0.236696	-0.56479	-0.818503	-0.978852	-1.0204	-0.963848	-0.826119	-0.651643	-0.495952	-0.387924	-0.35607	-0.361391	-0.361943	-0.323425	-0.2815	-0.264942	-0.273322	-0.265919	-0.256838	-0.262622	-0.257706	-0.256727	-0.257674	-0.255991	-0.261542	-0.258714	-0.260569	-0.273899	-0.266607	-0.271274	-0.304554	-0.351727	-0.363762	-0.357135	-0.366249	-0.445598	-0.585158	-0.757749	-0.916736	-1.00836	-1.00961	-0.893651	-0.675982	-0.373757	-0.00368173	0.378845	0.739208	1.05494	1.27698	1.38119	1.38361	1.28834	1.08815	0.811948	0.527812	0.298199	0.147039	0.063723	0.0244606	0.0083798	0.00258013	0.00071854	0.000182028	4.21615e-05	8.9696e-06	1.75991e-06	3.19652e-07	5.39248e-08	8.4751e-09	1.24438e-09	1.71127e-10	2.20932e-11	2.68352e-12	3.07276e-13	3.32301e-14	3.39988e-15	3.29625e-16	3.03289e-17	2.65206e-18	2.20687e-19	1.74975e-20	1.32341e-21	9.55891e-23	6.60052e-24	4.36148e-25	2.76049e-26	1.67504e-27	9.75254e-29	5.4528e-30	2.92998e-31	1.51058e-32	0	
0	0.421558	0.775578	1.00004	1.04207	0.896778	0.624764	0.284916	-0.0882112	-0.436394	-0.718214	-0.921198	-1.01435	-1.00502	-0.911123	-0.752205	-0.584298	-0.445142	-0.3734	-0.356385	-0.370014	-0.360606	-0.331831	-0.295419	-0.28242	-0.269108	-0.261811	-0.254145	-0.253892	-0.253037	-0.250056	-0.253902	-0.255174	-0.256906	-0.266549	-0.276512	-0.287967	-0.315742	-0.351727	-0.36948	-0.361072	-0.360411	-0.408111	-0.522914	-0.683081	-0.852905	-0.976749	-1.02169	-0.972433	-0.810628	-0.558014	-0.230423	0.145441	0.516746	0.858866	1.14442	1.32613	1.39363	1.36554	1.24052	1.01609	0.732172	0.458948	0.250111	0.119101	0.0499215	0.018562	0.00616849	0.00184478	0.000499602	0.000123209	2.78078e-05	5.76956e-06	1.10489e-06	1.96006e-07	3.23165e-08	4.96687e-09	7.13563e-10	9.60634e-11	1.21468e-11	1.44565e-12	1.62263e-13	1.72078e-14	1.72708e-15	1.64315e-16	1.48409e-17	1.27428e-18	1.04151e-19	8.11315e-21	6.03039e-22	4.28162e-23	2.9069e-24	1.88902e-25	1.17607e-26	7.02115e-28	4.02277e-29	2.21378e-30	1.17103e-31	5.94487e-33	0	
