0	0	0	0	0	0	0	0	0	0	0	0	0	0	0	0	0	0	0	0	0	0	0	0	0	0	0	0	0	0	0	0	0	0	0	0	0	0	0	0	0	0	0	0	0	0	0	0	0	0	0	0	0	0	0	0	0	0	0	0	0	0	0	0	0	0	0	0	0	0	0	0	0	0	0	0	0	0	0	0	0	0	0	0	0	0	0	0	0	0	0	0	0	0	0	0	0	0	0	0	
0	0.000677895	0.000234534	0.00152084	0.000525542	0.00101324	0.000776682	-0.000446152	0.000120313	-0.00125007	-0.00171677	-0.00172096	-0.00343833	-0.00463267	-0.00676181	-0.0113412	-0.0166916	-0.0226387	-0.0309975	-0.035627	-0.0389595	-0.0347394	-0.0259355	-0.00777752	0.0151285	0.0384554	0.0584236	0.0723367	0.0731687	0.0644013	0.0486833	0.0314193	0.0150189	-0.00193022	-0.0183241	-0.0311832	-0.0362942	-0.0352273	-0.0247622	-0.00966985	0.000996466	0.00428076	0.00712607	0.00385378	-0.00141467	-0.00622469	-0.00963791	-0.00846496	-0.00068761	0.00506529	0.00262138	-0.001806	-0.00411094	-0.00278565	-0.00112797	7.00488e-05	0.00303133	0.00140395	-0.0037081	-0.00355159	0.000827816	0.00278976	-0.00220392	-0.00314276	-0.00097343	-5.18084e-05	-0.000141923	-0.000749727	-0.000119355	0.000919148	0.00122183	0.000873251	0.00332447	0.0053938	0.00889667	0.0126951	0.01669	0.0276264	0.0366598	0.0370104	0.0321534	0.0275764	0.0182762	-0.00452827	-0.0303529	-0.0531029	-0.072056	-0.0779944	-0.0690983	-0.0510054	-0.0345482	-0.0254532	-0.0143995	0.00385487	0.0225692	0.0362038	0.0425613	0.0364763	0.0190753	0	
0	0.000234534	-0.00282798	9.18805e-05	-0.00325437	-0.000647355	-0.00143088	-0.000932715	0.000833649	-0.00103871	0.000928575	-0.00236184	-0.00426752	-0.00787004	-0.0151588	-0.0227591	-0.032091	-0.0457751	-0.0581204	-0.0665161	-0.0764125	-0.0683538	-0.0504463	-0.0188125	0.0289961	0.077244	0.120153	0.144435	0.14489	0.127262	0.100545	0.0623523	0.0291162	-0.00290329	-0.032627	-0.062785	-0.0731074	-0.0694518	-0.0469443	-0.0191186	0.00196225	0.00993418	0.0156961	0.00953893	-0.00137481	-0.0104096	-0.0173332	-0.0156166	0.000302037	0.00959655	0.00684758	-0.00461948	-0.00753725	-0.007195	-0.00370588	-0.00101437	0.00315595	0.0021138	-0.00923759	-0.00704133	0.00153777	0.00584539	-0.00236432	-0.00425235	-0.000368616	0.00108737	0.000517682	-0.00275759	-0.00088107	-0.000589155	-0.000232638	0.00235686	0.00552326	0.0123921	0.021137	0.025333	0.0352638	0.0550526	0.068903	0.0723714	0.0641805	0.0551552	0.038795	-0.00629398	-0.0599356	-0.108118	-0.145862	-0.153964	-0.135931	-0.103798	-0.0704693	-0.0490294	-0.0286957	0.00497657	0.0441933	0.0737516	0.0855553	0.0719188	0.0372746	0	
0	0.00152084	9.18805e-05	0.00329791	0.000769551	0.00211082	0.00150618	-0.000987999	0.00017447	-0.00314597	-0.00396424	-0.00541014	-0.00943858	-0.0137763	-0.0210613	-0.0334418	-0.0495418	-0.0675505	-0.0908217	-0.105056	-0.115758	-0.1038	-0.0772532	-0.0251793	0.0434106	0.113798	0.174004	0.213663	0.217679	0.192951	0.147924	0.0955887	0.0461911	-0.00437913	-0.0521241	-0.0913826	-0.107481	-0.104768	-0.0737057	-0.0308339	0.00126625	0.0125611	0.0208999	0.0116074	-0.00313205	-0.0173305	-0.0277638	-0.0243871	-0.00253146	0.0134582	0.00796036	-0.0050505	-0.0114382	-0.0090116	-0.00399222	-8.65003e-05	0.00753908	0.00367852	-0.0105646	-0.00976028	0.00184341	0.0070386	-0.00490829	-0.00810918	-0.00301508	-0.0002582	-0.000535324	-0.00207296	-0.000570635	0.00156214	0.00294727	0.00326485	0.00983652	0.0168182	0.0268077	0.0374726	0.0515874	0.0818748	0.106457	0.109763	0.0972885	0.0831917	0.0548307	-0.011691	-0.0891687	-0.158328	-0.213274	-0.230272	-0.205821	-0.155128	-0.106927	-0.0774416	-0.0435835	0.0100418	0.0662044	0.10738	0.126044	0.108207	0.0571382	0	
0	0.000525542	-0.00325437	0.000769551	-0.00391167	-0.000314562	-0.00174859	-0.00158032	0.000665952	-0.00221929	-0.000807781	-0.0046279	-0.00983631	-0.0161923	-0.0291969	-0.0453337	-0.0645333	-0.0908326	-0.116285	-0.135285	-0.150057	-0.136737	-0.101536	-0.0371097	0.0543772	0.147867	0.232841	0.284186	0.28794	0.255038	0.199945	0.128248	0.061616	-0.00247607	-0.0641765	-0.119999	-0.143644	-0.136973	-0.0963329	-0.0417432	-0.000871309	0.0181186	0.028176	0.0175075	-0.00196206	-0.0201665	-0.0338761	-0.030392	-0.00206624	0.0163369	0.0118634	-0.00645755	-0.0143575	-0.0132365	-0.0072414	-0.00168679	0.00671544	0.00263496	-0.0145116	-0.0130656	0.00144274	0.00886465	-0.00435724	-0.00726505	-0.00260288	0.000572619	0.000867218	-0.0036734	-0.00149019	-0.000483276	0.000400028	0.00460584	0.0121657	0.0234541	0.0384613	0.0508253	0.0716604	0.108389	0.136398	0.142722	0.128704	0.111452	0.074794	-0.0117649	-0.114605	-0.210078	-0.28461	-0.304069	-0.271047	-0.208935	-0.146016	-0.102809	-0.0589365	0.00917756	0.0861351	0.143582	0.166874	0.141904	0.0752615	0	
0	0.00101324	-0.000647355	0.00211082	-0.000314562	0.00134312	0.000330047	-0.000742649	-0.00044802	-0.00362945	-0.00424402	-0.00897287	-0.0138484	-0.0226773	-0.0362204	-0.0551264	-0.0811104	-0.111647	-0.146274	-0.170895	-0.188707	-0.172117	-0.127785	-0.0464097	0.0652185	0.182708	0.283986	0.346429	0.356819	0.320039	0.250466	0.163953	0.0809084	-0.00269839	-0.0793958	-0.145044	-0.174842	-0.171322	-0.12253	-0.0569631	-0.00420835	0.0193517	0.0320881	0.0192737	-0.00249266	-0.0253394	-0.0427151	-0.0376719	-0.00602108	0.0172627	0.0127977	-0.00658463	-0.0168632	-0.0157498	-0.00839085	-0.000817412	0.00843643	0.00403929	-0.015047	-0.0142904	0.00113468	0.00774912	-0.00426994	-0.00982581	-0.00539868	-0.000853836	-0.000924702	-0.00275654	-0.0014473	9.89752e-05	0.00301058	0.00667421	0.0162923	0.02878	0.0443976	0.06167	0.0893381	0.133612	0.168542	0.178252	0.163942	0.140167	0.0905232	-0.0143041	-0.141526	-0.258684	-0.346175	-0.37336	-0.338441	-0.263946	-0.188264	-0.133624	-0.0740917	0.0125638	0.105345	0.174359	0.204184	0.176005	0.0951044	0	
0	0.000776682	-0.00143088	0.00150618	-0.00174859	0.000330047	-0.000848816	-0.00189762	-0.000971178	-0.00359693	-0.00524727	-0.00817633	-0.0165126	-0.0258639	-0.042908	-0.0670005	-0.0970904	-0.134416	-0.17291	-0.204628	-0.220639	-0.204539	-0.152978	-0.0573631	0.0728136	0.208651	0.332572	0.412466	0.425651	0.382558	0.299925	0.199645	0.0997076	0.00366266	-0.0905497	-0.168355	-0.208502	-0.201042	-0.148134	-0.071657	-0.0115652	0.0219129	0.0353208	0.0231107	-0.00135813	-0.0283206	-0.0482642	-0.0431058	-0.00879093	0.0172357	0.0140736	-0.00562414	-0.0192059	-0.0185283	-0.0107654	-0.0022949	0.00857099	0.00179656	-0.0151286	-0.0163094	-0.00107199	0.00744389	-0.00448765	-0.00889405	-0.00645591	-0.00197119	0.000178358	-0.00259366	-0.00195381	-0.000267446	0.00215009	0.00746463	0.019526	0.0336341	0.0516269	0.0754467	0.109646	0.15829	0.198725	0.209682	0.194736	0.168769	0.107472	-0.0143688	-0.161288	-0.301694	-0.409256	-0.444362	-0.403738	-0.318466	-0.231363	-0.163924	-0.0915732	0.0105355	0.122495	0.206457	0.24028	0.206712	0.113445	0	
0	-0.000446152	-0.000932715	-0.000987999	-0.00158032	-0.000742649	-0.00189762	-0.000681683	-0.00211433	-0.00335661	-0.0051171	-0.0115803	-0.0183991	-0.0318625	-0.0510935	-0.0778297	-0.112191	-0.155052	-0.198931	-0.235141	-0.256174	-0.23981	-0.179089	-0.0716697	0.0764376	0.237851	0.379685	0.46686	0.487096	0.44332	0.353442	0.238388	0.121062	0.00584441	-0.0999715	-0.189006	-0.236692	-0.232793	-0.174174	-0.0908865	-0.0199831	0.0210535	0.0367627	0.0254209	-0.000571266	-0.0308183	-0.0535341	-0.0478406	-0.0130736	0.0146654	0.0148158	-0.00542269	-0.0204244	-0.0213813	-0.0138771	-0.00259304	0.00578134	0.00139032	-0.0153986	-0.0171198	-0.00232224	0.00445122	-0.00209161	-0.00872881	-0.00790258	-0.00253628	-0.0011096	-0.00247248	-0.00259868	-0.00180869	0.00211125	0.0100594	0.0228655	0.0395965	0.0600504	0.0866354	0.128309	0.181615	0.223806	0.240423	0.230739	0.198421	0.123919	-0.012298	-0.182917	-0.346528	-0.464999	-0.505043	-0.465831	-0.377476	-0.281418	-0.19794	-0.107546	0.0104656	0.137053	0.233368	0.272555	0.236335	0.132542	0	
0	0.000120313	0.000833649	0.00017447	0.000665952	-0.00044802	-0.000971178	-0.00211433	-0.00434245	-0.00556107	-0.0102714	-0.0145978	-0.0235428	-0.0380708	-0.0580938	-0.0892664	-0.129361	-0.176988	-0.227298	-0.270531	-0.289442	-0.272248	-0.205272	-0.0841844	0.0788315	0.256538	0.415269	0.521596	0.550973	0.504795	0.402169	0.276159	0.143777	0.0151991	-0.10757	-0.207548	-0.265233	-0.261449	-0.201964	-0.112237	-0.0329999	0.0169379	0.0346438	0.0256968	-0.00101152	-0.0345631	-0.0590257	-0.0530466	-0.0202509	0.00988458	0.0124302	-0.00471947	-0.0218627	-0.023562	-0.0155843	-0.00385114	0.00487119	3.92107e-05	-0.0132005	-0.0167373	-0.00530656	0.00162762	-0.00235927	-0.00952288	-0.00995776	-0.00516995	-0.00215365	-0.00145593	-0.00257421	-0.000845507	0.00392579	0.0114366	0.0260876	0.0434537	0.0642726	0.0988111	0.147204	0.203985	0.252192	0.271094	0.262737	0.226076	0.138072	-0.0114221	-0.198075	-0.379939	-0.515184	-0.568459	-0.530696	-0.43514	-0.330045	-0.233557	-0.127029	0.00661344	0.1491	0.259154	0.302219	0.262006	0.149584	0	
0	-0.00125007	-0.00103871	-0.00314597	-0.00221929	-0.00362945	-0.00359693	-0.00335661	-0.00556107	-0.00546996	-0.0107248	-0.0158692	-0.0268621	-0.0439154	-0.067612	-0.102815	-0.146006	-0.199184	-0.252896	-0.301059	-0.322342	-0.307769	-0.234284	-0.104153	0.0739041	0.272164	0.449409	0.567309	0.603019	0.558155	0.452276	0.315993	0.166016	0.0216848	-0.114603	-0.224655	-0.292164	-0.289971	-0.231443	-0.137153	-0.0502819	0.00969336	0.0302248	0.0255195	-0.0014772	-0.0370998	-0.0615867	-0.0567151	-0.0263773	0.00344869	0.0101431	-0.00475562	-0.0228324	-0.0261208	-0.0193379	-0.00708413	-0.000408237	-0.0035456	-0.0132439	-0.0175965	-0.00892735	-0.00153873	-0.00167576	-0.0082471	-0.00943992	-0.00592525	-0.00225354	-0.00215139	-0.00377562	-0.00214061	0.00241851	0.0127366	0.0285564	0.0485257	0.0732567	0.111928	0.165189	0.224405	0.274248	0.297643	0.295581	0.255378	0.155216	-0.00687496	-0.211888	-0.413759	-0.5626	-0.622967	-0.588576	-0.495706	-0.385731	-0.272277	-0.146167	0.0022605	0.158077	0.280159	0.326825	0.284752	0.166515	0	
0	-0.00171677	0.000928575	-0.00396424	-0.000807781	-0.00424402	-0.00524727	-0.0051171	-0.0102714	-0.0107248	-0.0167796	-0.0247319	-0.0339041	-0.0548229	-0.0781717	-0.117498	-0.164966	-0.222882	-0.283693	-0.335289	-0.359394	-0.343782	-0.26403	-0.123961	0.0641284	0.28108	0.472245	0.603862	0.652149	0.610675	0.499988	0.352861	0.19008	0.0288935	-0.118882	-0.241194	-0.316002	-0.320641	-0.262448	-0.167429	-0.0718613	-0.00510292	0.0200529	0.0205515	-0.00659697	-0.0424288	-0.0676418	-0.0627388	-0.0376111	-0.00755857	0.00287509	-0.00803159	-0.0251016	-0.02894	-0.0233195	-0.0097916	-0.00611394	-0.0052508	-0.0121143	-0.0174891	-0.011093	-0.00666871	-0.00241814	-0.010101	-0.0114564	-0.00758313	-0.00552641	-0.00291975	-0.00352815	-0.00169482	0.00448341	0.0149673	0.0303707	0.0519321	0.0796732	0.122638	0.180451	0.244765	0.297843	0.325206	0.32885	0.281807	0.168496	-0.00244795	-0.221726	-0.43951	-0.60055	-0.673607	-0.648651	-0.557776	-0.441599	-0.312962	-0.167421	-0.00428824	0.162829	0.296773	0.347993	0.303404	0.179798	0	
0	-0.00172096	-0.00236184	-0.00541014	-0.0046279	-0.00897287	-0.00817633	-0.0115803	-0.0145978	-0.0158692	-0.0247319	-0.0301674	-0.0448296	-0.0655886	-0.093441	-0.1356	-0.188505	-0.250026	-0.315563	-0.372405	-0.398162	-0.382557	-0.30035	-0.153634	0.0490528	0.277234	0.481751	0.631929	0.690822	0.652541	0.539875	0.386206	0.209176	0.0368812	-0.126566	-0.259929	-0.344455	-0.350835	-0.298356	-0.203344	-0.102262	-0.0274803	0.00469195	0.0101078	-0.0143202	-0.0510732	-0.0729212	-0.0705224	-0.0497762	-0.0212005	-0.00768034	-0.013721	-0.0286518	-0.0337833	-0.0279489	-0.017768	-0.0135119	-0.0113243	-0.0144547	-0.0181034	-0.0171751	-0.00986843	-0.00629589	-0.0121113	-0.010229	-0.0101951	-0.00701271	-0.00494508	-0.00523683	-0.0012336	0.00453217	0.0151059	0.0315168	0.0559232	0.0872292	0.135115	0.195743	0.261293	0.31948	0.351932	0.357097	0.307389	0.185956	0.00237079	-0.22873	-0.457284	-0.633685	-0.721658	-0.705747	-0.619236	-0.498769	-0.35539	-0.191796	-0.0146013	0.164549	0.309342	0.363227	0.316933	0.190658	0	
0	-0.00343833	-0.00426752	-0.00943858	-0.00983631	-0.0138484	-0.0165126	-0.0183991	-0.0235428	-0.0268621	-0.0339041	-0.0448296	-0.0581359	-0.0834482	-0.113585	-0.160461	-0.216528	-0.283509	-0.354103	-0.413118	-0.442441	-0.428887	-0.342718	-0.189832	0.0180985	0.262953	0.484131	0.644236	0.712293	0.682846	0.574388	0.414236	0.226509	0.0362326	-0.138182	-0.281313	-0.371676	-0.388202	-0.34067	-0.247277	-0.141311	-0.0603075	-0.0210809	-0.00757689	-0.0309036	-0.0638388	-0.0842095	-0.0823236	-0.0672082	-0.0407528	-0.0245001	-0.0255241	-0.0364488	-0.0406399	-0.0371625	-0.0274478	-0.025446	-0.0197027	-0.0189409	-0.0233093	-0.0213911	-0.0169277	-0.0124323	-0.0151416	-0.0122414	-0.0106717	-0.0108606	-0.00897459	-0.00565778	-0.00211366	0.00426494	0.0154631	0.0307796	0.0583808	0.0968827	0.146687	0.20725	0.278512	0.339647	0.374925	0.385992	0.332278	0.200847	0.0105597	-0.230294	-0.473577	-0.662262	-0.760218	-0.757728	-0.681875	-0.559405	-0.401478	-0.217534	-0.0249745	0.162098	0.313634	0.372014	0.326593	0.198205	0	
0	-0.00463267	-0.00787004	-0.0137763	-0.0161923	-0.0226773	-0.0258639	-0.0318625	-0.0380708	-0.0439154	-0.0548229	-0.0655886	-0.0834482	-0.109171	-0.142584	-0.191796	-0.252911	-0.323339	-0.400742	-0.463225	-0.497714	-0.481733	-0.394403	-0.237223	-0.0179886	0.233638	0.461701	0.63903	0.723718	0.702525	0.595944	0.430504	0.233306	0.0333163	-0.152666	-0.309017	-0.408396	-0.431091	-0.38906	-0.301093	-0.193123	-0.107711	-0.0574227	-0.0385644	-0.0565104	-0.0869837	-0.102534	-0.102978	-0.091989	-0.0688301	-0.0514511	-0.0464454	-0.0514243	-0.0539863	-0.0506341	-0.0436506	-0.040579	-0.0319436	-0.0283885	-0.0291885	-0.0287935	-0.0242151	-0.0224103	-0.0230888	-0.0150294	-0.0157316	-0.0177958	-0.0151599	-0.00928915	-0.00220098	0.00510746	0.015286	0.0305497	0.0611469	0.104322	0.155585	0.216833	0.29165	0.359725	0.401898	0.411455	0.353018	0.216928	0.0168653	-0.230956	-0.478211	-0.679085	-0.796836	-0.812602	-0.744326	-0.616624	-0.445614	-0.246675	-0.0425451	0.153512	0.313896	0.376613	0.329422	0.198556	0	
0	-0.00676181	-0.0151588	-0.0210613	-0.0291969	-0.0362204	-0.042908	-0.0510935	-0.0580938	-0.067612	-0.0781717	-0.093441	-0.113585	-0.142584	-0.183296	-0.235003	-0.303237	-0.37843	-0.45879	-0.525175	-0.562458	-0.547427	-0.46146	-0.302544	-0.0777991	0.181449	0.425972	0.614297	0.707219	0.697422	0.599307	0.433733	0.23095	0.0175041	-0.183578	-0.348647	-0.452551	-0.484485	-0.452066	-0.36984	-0.261538	-0.171517	-0.11092	-0.0847239	-0.0964166	-0.120641	-0.131626	-0.13226	-0.124453	-0.105263	-0.087447	-0.0770696	-0.0738275	-0.0746058	-0.0709358	-0.0677374	-0.0631972	-0.0535256	-0.0470933	-0.0444623	-0.0423786	-0.0378947	-0.0391579	-0.0341247	-0.0211694	-0.0203669	-0.0248952	-0.0230045	-0.0131556	-0.00564128	0.00205411	0.0112832	0.0258377	0.0623656	0.112576	0.165523	0.226748	0.303838	0.377746	0.423734	0.431425	0.37288	0.234373	0.0277859	-0.224716	-0.481748	-0.696008	-0.82629	-0.8585	-0.802824	-0.674863	-0.494427	-0.280846	-0.0610163	0.143655	0.305036	0.369905	0.326872	0.197633	0	
0	-0.0113412	-0.0227591	-0.0334418	-0.0453337	-0.0551264	-0.0670005	-0.0778297	-0.0892664	-0.102815	-0.117498	-0.1356	-0.160461	-0.191796	-0.235003	-0.291852	-0.362365	-0.443089	-0.528673	-0.60055	-0.639617	-0.627788	-0.540655	-0.377655	-0.149702	0.113305	0.365688	0.565312	0.673321	0.678229	0.587183	0.42339	0.213837	-0.00978215	-0.220186	-0.392585	-0.508391	-0.549831	-0.525664	-0.448397	-0.346616	-0.2523	-0.18305	-0.148177	-0.152959	-0.169665	-0.176287	-0.176668	-0.170961	-0.156823	-0.140974	-0.123913	-0.113714	-0.107905	-0.105366	-0.102241	-0.0954437	-0.0851933	-0.0728271	-0.0677176	-0.0591813	-0.0570813	-0.0615377	-0.0512128	-0.0352924	-0.0321793	-0.0396126	-0.0372306	-0.0231085	-0.01159	-0.00240655	0.00677369	0.0230793	0.0618541	0.117934	0.171583	0.230231	0.313087	0.395948	0.445679	0.451623	0.390589	0.247661	0.0370281	-0.216197	-0.477145	-0.701634	-0.850574	-0.904671	-0.860556	-0.731157	-0.541014	-0.314936	-0.0855873	0.123594	0.288557	0.359455	0.317893	0.187992	0	
0	-0.0166916	-0.032091	-0.0495418	-0.0645333	-0.0811104	-0.0970904	-0.112191	-0.129361	-0.146006	-0.164966	-0.188505	-0.216528	-0.252911	-0.303237	-0.362365	-0.440409	-0.525613	-0.614697	-0.689472	-0.734761	-0.721297	-0.637434	-0.475749	-0.244021	0.0242985	0.284487	0.492507	0.613631	0.632977	0.552675	0.392692	0.182996	-0.0475837	-0.270422	-0.455972	-0.577542	-0.626783	-0.611396	-0.547494	-0.450728	-0.354731	-0.275339	-0.234666	-0.228444	-0.237088	-0.238297	-0.236209	-0.231134	-0.222321	-0.208417	-0.186926	-0.166801	-0.156195	-0.151471	-0.148884	-0.141337	-0.128989	-0.115798	-0.103031	-0.0902311	-0.0895129	-0.0932941	-0.0803628	-0.0574201	-0.0510372	-0.0597583	-0.0546465	-0.0378186	-0.0237773	-0.0122857	-0.00326013	0.0136537	0.0592417	0.119954	0.173565	0.235991	0.320111	0.408358	0.465112	0.466229	0.403391	0.263698	0.0516808	-0.205014	-0.471472	-0.704422	-0.869183	-0.944293	-0.912794	-0.783009	-0.58756	-0.356421	-0.117468	0.101299	0.26682	0.337671	0.299717	0.175244	0	
0	-0.0226387	-0.0457751	-0.0675505	-0.0908326	-0.111647	-0.134416	-0.155052	-0.176988	-0.199184	-0.222882	-0.250026	-0.283509	-0.323339	-0.37843	-0.443089	-0.525613	-0.61767	-0.708778	-0.792164	-0.834192	-0.825611	-0.742493	-0.579267	-0.347969	-0.0835225	0.186309	0.403709	0.538214	0.57158	0.503265	0.35326	0.143568	-0.0957927	-0.329716	-0.518832	-0.651176	-0.711365	-0.70929	-0.652441	-0.567385	-0.469543	-0.387393	-0.336895	-0.320765	-0.320032	-0.316582	-0.31098	-0.305439	-0.303402	-0.292617	-0.267919	-0.240243	-0.222614	-0.215567	-0.212059	-0.202385	-0.191582	-0.172912	-0.154849	-0.135647	-0.134041	-0.138243	-0.119474	-0.0933011	-0.0825221	-0.0883134	-0.0820532	-0.0619404	-0.0435645	-0.0304218	-0.0198563	0.00137806	0.0502036	0.114004	0.172123	0.236149	0.323789	0.42165	0.479541	0.476544	0.414808	0.273953	0.0634307	-0.188762	-0.45799	-0.701938	-0.885497	-0.978873	-0.957885	-0.832838	-0.635841	-0.398343	-0.15174	0.070078	0.233216	0.306784	0.276045	0.1597	0	
0	-0.0309975	-0.0581204	-0.0908217	-0.116285	-0.146274	-0.17291	-0.198931	-0.227298	-0.252896	-0.283693	-0.315563	-0.354103	-0.400742	-0.45879	-0.528673	-0.614697	-0.708778	-0.803942	-0.890185	-0.935413	-0.931274	-0.850226	-0.686937	-0.45841	-0.186112	0.0850969	0.306012	0.452392	0.503784	0.448836	0.310699	0.101969	-0.139823	-0.380901	-0.581007	-0.725965	-0.794429	-0.80148	-0.760346	-0.688489	-0.593258	-0.50867	-0.4515	-0.424837	-0.415262	-0.408044	-0.39646	-0.392948	-0.395731	-0.391165	-0.364421	-0.332023	-0.307117	-0.296533	-0.290168	-0.280642	-0.269651	-0.247252	-0.222469	-0.197223	-0.195467	-0.194195	-0.174515	-0.145265	-0.129253	-0.132281	-0.121452	-0.100303	-0.0773605	-0.0593692	-0.044944	-0.0170009	0.036188	0.101966	0.1629	0.231046	0.322257	0.423727	0.485782	0.485466	0.42287	0.283989	0.0799823	-0.173542	-0.448408	-0.697044	-0.893774	-1.00513	-0.997832	-0.878481	-0.680569	-0.443647	-0.196709	0.0299815	0.195568	0.269243	0.241825	0.137099	0	
0	-0.035627	-0.0665161	-0.105056	-0.135285	-0.170895	-0.204628	-0.235141	-0.270531	-0.301059	-0.335289	-0.372405	-0.413118	-0.463225	-0.525175	-0.60055	-0.689472	-0.792164	-0.890185	-0.979311	-1.02685	-1.02188	-0.939941	-0.779243	-0.553479	-0.28558	-0.0130234	0.215462	0.376786	0.439841	0.402708	0.275069	0.0742301	-0.170234	-0.417889	-0.629973	-0.782262	-0.862085	-0.883165	-0.859056	-0.800055	-0.711222	-0.63043	-0.567003	-0.53019	-0.51328	-0.500623	-0.484798	-0.480657	-0.491249	-0.490206	-0.467362	-0.431331	-0.401253	-0.386796	-0.376738	-0.371391	-0.360331	-0.337425	-0.30715	-0.280383	-0.275876	-0.268821	-0.248245	-0.216669	-0.195401	-0.188294	-0.173819	-0.149804	-0.12248	-0.102296	-0.0812852	-0.049115	0.00688702	0.0747114	0.14072	0.220266	0.317523	0.421469	0.487362	0.487011	0.422182	0.287193	0.0915104	-0.157253	-0.431644	-0.68835	-0.901278	-1.02627	-1.02947	-0.918437	-0.725147	-0.492431	-0.246499	-0.0170488	0.147503	0.219484	0.200851	0.115305	0	
0	-0.0389595	-0.0764125	-0.115758	-0.150057	-0.188707	-0.220639	-0.256174	-0.289442	-0.322342	-0.359394	-0.398162	-0.442441	-0.497714	-0.562458	-0.639617	-0.734761	-0.834192	-0.935413	-1.02685	-1.07455	-1.07348	-0.996866	-0.838312	-0.61503	-0.346044	-0.0742872	0.157711	0.327916	0.40439	0.382916	0.272688	0.0811892	-0.164172	-0.417809	-0.637173	-0.800392	-0.894818	-0.928627	-0.921814	-0.877615	-0.803036	-0.727719	-0.661323	-0.616667	-0.594313	-0.577691	-0.557066	-0.557818	-0.573338	-0.581523	-0.565282	-0.531739	-0.500959	-0.48044	-0.471833	-0.468246	-0.460777	-0.436209	-0.40195	-0.376658	-0.365333	-0.352354	-0.332339	-0.302029	-0.277366	-0.262472	-0.244157	-0.220891	-0.190989	-0.163559	-0.135893	-0.0926856	-0.03145	0.0352647	0.110943	0.199005	0.298639	0.404496	0.472396	0.479045	0.41928	0.288863	0.101746	-0.143769	-0.420023	-0.682457	-0.905218	-1.03839	-1.05078	-0.95296	-0.770825	-0.544174	-0.301905	-0.0743611	0.089762	0.162517	0.153289	0.0894374	0	
0	-0.0347394	-0.0683538	-0.1038	-0.136737	-0.172117	-0.204539	-0.23981	-0.272248	-0.307769	-0.343782	-0.382557	-0.428887	-0.481733	-0.547427	-0.627788	-0.721297	-0.825611	-0.931274	-1.02188	-1.07348	-1.07432	-0.995428	-0.839548	-0.621766	-0.356436	-0.0888278	0.146759	0.322234	0.411994	0.411668	0.316111	0.131648	-0.107728	-0.361817	-0.593376	-0.770049	-0.875093	-0.923108	-0.936832	-0.91126	-0.852866	-0.787643	-0.72172	-0.6729	-0.646326	-0.624225	-0.602408	-0.606384	-0.627768	-0.644347	-0.638278	-0.61216	-0.581119	-0.558743	-0.550117	-0.552787	-0.550425	-0.527158	-0.497374	-0.476477	-0.462034	-0.446109	-0.42831	-0.40363	-0.37631	-0.350753	-0.329531	-0.30397	-0.270716	-0.240323	-0.202401	-0.153079	-0.0928609	-0.0224141	0.0596506	0.159986	0.271005	0.374648	0.446647	0.463582	0.404784	0.27939	0.102487	-0.135964	-0.410394	-0.678565	-0.905044	-1.04159	-1.06806	-0.985738	-0.812575	-0.596312	-0.366586	-0.143073	0.0245692	0.099093	0.0986325	0.0592413	0	
0	-0.0259355	-0.0504463	-0.0772532	-0.101536	-0.127785	-0.152978	-0.179089	-0.205272	-0.234284	-0.26403	-0.30035	-0.342718	-0.394403	-0.46146	-0.540655	-0.637434	-0.742493	-0.850226	-0.939941	-0.996866	-0.995428	-0.922017	-0.772871	-0.559266	-0.299598	-0.0395592	0.196145	0.378251	0.480656	0.493612	0.411958	0.245648	0.0133923	-0.245754	-0.484858	-0.667868	-0.788371	-0.854839	-0.886867	-0.877015	-0.8409	-0.788036	-0.727102	-0.675526	-0.646364	-0.618232	-0.597549	-0.605186	-0.632123	-0.659066	-0.667135	-0.653451	-0.628126	-0.606939	-0.602576	-0.613244	-0.618004	-0.600663	-0.579112	-0.565788	-0.549337	-0.531797	-0.518507	-0.50156	-0.474406	-0.444799	-0.422334	-0.398011	-0.36784	-0.332876	-0.288033	-0.233724	-0.1691	-0.0966788	-0.00608653	0.10872	0.224414	0.326146	0.404083	0.429309	0.377672	0.261732	0.0930784	-0.137916	-0.408309	-0.676459	-0.904005	-1.04569	-1.07883	-1.00803	-0.85601	-0.656828	-0.434743	-0.217637	-0.0541249	0.0246684	0.0417697	0.0304295	0	
0	-0.00777752	-0.0188125	-0.0251793	-0.0371097	-0.0464097	-0.0573631	-0.0716697	-0.0841844	-0.104153	-0.123961	-0.153634	-0.189832	-0.237223	-0.302544	-0.377655	-0.475749	-0.579267	-0.686937	-0.779243	-0.838312	-0.839548	-0.772871	-0.630719	-0.421155	-0.173861	0.0825685	0.31669	0.496832	0.604205	0.633627	0.570497	0.418958	0.194291	-0.0610981	-0.305226	-0.501386	-0.636793	-0.716621	-0.765298	-0.777616	-0.764114	-0.725009	-0.671705	-0.623235	-0.58942	-0.556365	-0.537032	-0.547452	-0.579104	-0.6152	-0.639762	-0.639524	-0.624897	-0.606719	-0.608988	-0.626877	-0.640351	-0.632586	-0.624335	-0.621483	-0.60793	-0.59499	-0.589054	-0.584002	-0.562432	-0.535272	-0.514499	-0.493127	-0.467533	-0.43038	-0.381818	-0.324821	-0.259407	-0.18489	-0.0865514	0.0371165	0.156994	0.259649	0.342019	0.376157	0.337441	0.231677	0.068969	-0.15196	-0.416893	-0.686012	-0.907929	-1.04304	-1.08239	-1.03164	-0.901554	-0.717899	-0.510801	-0.306052	-0.141893	-0.0519841	-0.0187597	-0.00492344	0	
0	0.0151285	0.0289961	0.0434106	0.0543772	0.0652185	0.0728136	0.0764376	0.0788315	0.0739041	0.0641284	0.0490528	0.0180985	-0.0179886	-0.0777991	-0.149702	-0.244021	-0.347969	-0.45841	-0.553479	-0.61503	-0.621766	-0.559266	-0.421155	-0.221181	0.013965	0.260401	0.483877	0.658961	0.778412	0.819208	0.771916	0.633774	0.423394	0.169303	-0.0754103	-0.281065	-0.426744	-0.525692	-0.589992	-0.622275	-0.628642	-0.605568	-0.565463	-0.518828	-0.480256	-0.440941	-0.422343	-0.432075	-0.464633	-0.510268	-0.545946	-0.562866	-0.558035	-0.548287	-0.556649	-0.58052	-0.60482	-0.608931	-0.618758	-0.627444	-0.623574	-0.619871	-0.624072	-0.630963	-0.620677	-0.602645	-0.585835	-0.571703	-0.551709	-0.518725	-0.473122	-0.418552	-0.358113	-0.281139	-0.178787	-0.0523028	0.0723496	0.177855	0.264908	0.308399	0.281158	0.181861	0.0246477	-0.186121	-0.443713	-0.701974	-0.909203	-1.04264	-1.09205	-1.05642	-0.947788	-0.78559	-0.59387	-0.400806	-0.240859	-0.138495	-0.0809232	-0.0387416	0	
0	0.0384554	0.077244	0.113798	0.147867	0.182708	0.208651	0.237851	0.256538	0.272164	0.28108	0.277234	0.262953	0.233638	0.181449	0.113305	0.0242985	-0.0835225	-0.186112	-0.28558	-0.346044	-0.356436	-0.299598	-0.173861	0.013965	0.234557	0.472041	0.683629	0.857919	0.978683	1.02335	0.987338	0.869439	0.674414	0.428523	0.183828	-0.0306006	-0.188359	-0.301812	-0.37666	-0.431339	-0.454238	-0.450235	-0.420255	-0.379368	-0.332962	-0.288269	-0.26594	-0.269377	-0.303379	-0.350964	-0.397604	-0.426574	-0.435017	-0.435904	-0.448037	-0.478001	-0.509393	-0.528141	-0.553822	-0.572737	-0.582714	-0.590257	-0.603149	-0.622421	-0.626845	-0.625133	-0.620401	-0.614805	-0.608021	-0.585507	-0.548008	-0.505358	-0.447663	-0.369182	-0.268018	-0.142002	-0.0215713	0.0845047	0.1742	0.219314	0.203346	0.114926	-0.0349016	-0.236701	-0.485502	-0.729394	-0.924273	-1.05515	-1.10511	-1.07965	-0.996389	-0.861142	-0.687999	-0.507818	-0.349511	-0.228457	-0.143995	-0.0748033	0	
0	0.0584236	0.120153	0.174004	0.232841	0.283986	0.332572	0.379685	0.415269	0.449409	0.472245	0.481751	0.484131	0.461701	0.425972	0.365688	0.284487	0.186309	0.0850969	-0.0130234	-0.0742872	-0.0888278	-0.0395592	0.0825685	0.260401	0.472041	0.695217	0.892379	1.05875	1.17179	1.22335	1.2059	1.10631	0.91905	0.685067	0.442509	0.226324	0.0554922	-0.0676921	-0.160212	-0.231604	-0.270369	-0.282903	-0.268713	-0.2331	-0.179192	-0.129828	-0.0970538	-0.0935481	-0.122382	-0.16862	-0.217822	-0.254008	-0.274352	-0.282713	-0.295933	-0.325836	-0.359604	-0.39123	-0.425755	-0.45489	-0.481715	-0.500422	-0.525209	-0.553352	-0.576352	-0.597431	-0.603579	-0.611331	-0.615649	-0.604479	-0.585284	-0.555128	-0.506926	-0.435815	-0.3406	-0.229691	-0.118798	-0.00982774	0.0799599	0.127818	0.118894	0.0349276	-0.111419	-0.3117	-0.549981	-0.772551	-0.951058	-1.07072	-1.12104	-1.11649	-1.05957	-0.945583	-0.790193	-0.622655	-0.465401	-0.326119	-0.211335	-0.110274	0	
0	0.0723367	0.144435	0.213663	0.284186	0.346429	0.412466	0.46686	0.521596	0.567309	0.603862	0.631929	0.644236	0.63903	0.614297	0.565312	0.492507	0.403709	0.306012	0.215462	0.157711	0.146759	0.196145	0.31669	0.483877	0.683629	0.892379	1.07804	1.23467	1.34682	1.40513	1.39369	1.30252	1.13469	0.917773	0.6791	0.460067	0.278983	0.144934	0.0357576	-0.0474828	-0.102141	-0.132365	-0.13497	-0.101736	-0.0449514	0.0113062	0.058769	0.0734722	0.0540099	0.0147038	-0.0295534	-0.0676643	-0.0977023	-0.110483	-0.124773	-0.148681	-0.183752	-0.221995	-0.258153	-0.297662	-0.335056	-0.365586	-0.394704	-0.42571	-0.466765	-0.503609	-0.525438	-0.545858	-0.559991	-0.569673	-0.57165	-0.559903	-0.526864	-0.463395	-0.380605	-0.28912	-0.190338	-0.0851075	4.49843e-06	0.041247	0.0280391	-0.0558411	-0.201918	-0.39932	-0.623238	-0.825773	-0.987195	-1.10048	-1.16111	-1.16887	-1.12343	-1.03556	-0.908079	-0.751152	-0.589489	-0.43005	-0.280431	-0.142687	0	
0	0.0731687	0.14489	0.217679	0.28794	0.356819	0.425651	0.487096	0.550973	0.603019	0.652149	0.690822	0.712293	0.723718	0.707219	0.673321	0.613631	0.538214	0.452392	0.376786	0.327916	0.322234	0.378251	0.496832	0.658961	0.857919	1.05875	1.23467	1.38551	1.49162	1.54615	1.54337	1.47016	1.32139	1.11551	0.885257	0.664914	0.476432	0.33088	0.207268	0.109494	0.0376768	-0.0100255	-0.0287332	-0.00181022	0.0499114	0.115468	0.177535	0.205041	0.196448	0.168311	0.135453	0.0978836	0.0650909	0.0481579	0.0371384	0.022148	-0.00995258	-0.042759	-0.0759805	-0.118154	-0.161937	-0.199304	-0.225896	-0.259362	-0.310401	-0.359645	-0.397771	-0.426455	-0.450412	-0.478347	-0.498495	-0.505322	-0.4857	-0.433315	-0.3709	-0.3031	-0.222164	-0.130848	-0.05462	-0.0220137	-0.0489968	-0.139169	-0.285609	-0.486437	-0.703857	-0.888979	-1.03759	-1.14661	-1.20918	-1.22681	-1.20285	-1.14348	-1.03826	-0.888595	-0.718266	-0.536747	-0.35463	-0.179304	0	
0	0.0644013	0.127262	0.192951	0.255038	0.320039	0.382558	0.44332	0.504795	0.558155	0.610675	0.652541	0.682846	0.702525	0.697422	0.678229	0.632977	0.57158	0.503784	0.439841	0.40439	0.411994	0.480656	0.604205	0.778412	0.978683	1.17179	1.34682	1.49162	1.59172	1.65153	1.66099	1.59919	1.46727	1.27583	1.05714	0.83875	0.648697	0.487749	0.347278	0.233659	0.148643	0.0797373	0.0450262	0.0570634	0.102362	0.17447	0.249276	0.288912	0.293093	0.280648	0.260032	0.228484	0.196811	0.177978	0.171279	0.163637	0.139751	0.119675	0.0930407	0.0535693	0.00742174	-0.0294283	-0.0504239	-0.0841337	-0.133457	-0.188251	-0.235648	-0.266608	-0.297707	-0.33546	-0.369994	-0.392381	-0.383175	-0.348609	-0.308707	-0.260922	-0.201581	-0.126781	-0.0596411	-0.0436521	-0.0916971	-0.195274	-0.355691	-0.564725	-0.773416	-0.947962	-1.09023	-1.19528	-1.2662	-1.30258	-1.29725	-1.25853	-1.17534	-1.03338	-0.852093	-0.64977	-0.43317	-0.21437	0	
0	0.0486833	0.100545	0.147924	0.199945	0.250466	0.299925	0.353442	0.402169	0.452276	0.499988	0.539875	0.574388	0.595944	0.599307	0.587183	0.552675	0.503265	0.448836	0.402708	0.382916	0.411668	0.493612	0.633627	0.819208	1.02335	1.22335	1.40513	1.54615	1.65153	1.72122	1.73604	1.68758	1.57452	1.40446	1.20198	0.99182	0.793907	0.619643	0.465679	0.340031	0.232338	0.14298	0.0905868	0.0847711	0.11707	0.191101	0.273893	0.324893	0.343718	0.346661	0.338736	0.316716	0.290085	0.27053	0.266851	0.261469	0.250946	0.244355	0.228091	0.19335	0.149756	0.122179	0.104113	0.0770982	0.0378527	-0.0138405	-0.0596737	-0.0924659	-0.1252	-0.165575	-0.208937	-0.237309	-0.23567	-0.217807	-0.194339	-0.159864	-0.117547	-0.0609247	-0.00942251	-0.0140014	-0.0868276	-0.2139	-0.391793	-0.603884	-0.811717	-0.989801	-1.13168	-1.2417	-1.32975	-1.38319	-1.39349	-1.37588	-1.31505	-1.18238	-0.990487	-0.763462	-0.510663	-0.250249	0	
0	0.0314193	0.0623523	0.0955887	0.128248	0.163953	0.199645	0.238388	0.276159	0.315993	0.352861	0.386206	0.414236	0.430504	0.433733	0.42339	0.392692	0.35326	0.310699	0.275069	0.272688	0.316111	0.411958	0.570497	0.771916	0.987338	1.2059	1.39369	1.54337	1.66099	1.73604	1.75971	1.7357	1.64873	1.50152	1.31642	1.11547	0.920666	0.740879	0.574537	0.427333	0.298507	0.193551	0.121414	0.0898803	0.105119	0.176394	0.259994	0.321104	0.352647	0.369961	0.37236	0.363118	0.34192	0.325189	0.317972	0.31479	0.315909	0.324843	0.320396	0.290973	0.260219	0.240427	0.226801	0.206897	0.179763	0.140762	0.0994021	0.067541	0.037815	0.0018422	-0.0380228	-0.0607892	-0.0618662	-0.0566973	-0.0411508	-0.0144767	0.0160701	0.059319	0.0916614	0.0690293	-0.0215697	-0.176522	-0.374245	-0.590462	-0.807409	-0.996056	-1.14715	-1.27546	-1.3791	-1.44599	-1.48229	-1.49252	-1.45002	-1.32395	-1.11901	-0.865918	-0.588293	-0.296838	0	
0	0.0150189	0.0291162	0.0461911	0.061616	0.0809084	0.0997076	0.121062	0.143777	0.166016	0.19008	0.209176	0.226509	0.233306	0.23095	0.213837	0.182996	0.143568	0.101969	0.0742301	0.0811892	0.131648	0.245648	0.418958	0.633774	0.869439	1.10631	1.30252	1.47016	1.59919	1.68758	1.7357	1.73867	1.67231	1.55266	1.3952	1.21765	1.03177	0.847174	0.667494	0.502923	0.358398	0.23431	0.136231	0.0764331	0.0755562	0.132581	0.210878	0.27836	0.322994	0.351257	0.364847	0.369589	0.358206	0.345837	0.334508	0.331689	0.34232	0.365156	0.36843	0.349515	0.330583	0.318868	0.307199	0.292461	0.281344	0.257567	0.227929	0.19978	0.175218	0.14896	0.121458	0.109523	0.106437	0.108315	0.121699	0.149454	0.18509	0.217726	0.234298	0.203779	0.0942109	-0.0855122	-0.294407	-0.51934	-0.749337	-0.950045	-1.12105	-1.27191	-1.39174	-1.485	-1.556	-1.58643	-1.55289	-1.43633	-1.23189	-0.961502	-0.657004	-0.334475	0	
0	-0.00193022	-0.00290329	-0.00437913	-0.00247607	-0.00269839	0.00366266	0.00584441	0.0151991	0.0216848	0.0288935	0.0368812	0.0362326	0.0333163	0.0175041	-0.00978215	-0.0475837	-0.0957927	-0.139823	-0.170234	-0.164172	-0.107728	0.0133923	0.194291	0.423394	0.674414	0.91905	1.13469	1.32139	1.46727	1.57452	1.64873	1.67231	1.639	1.55731	1.43824	1.28659	1.11588	0.936081	0.75489	0.576464	0.414934	0.268933	0.146456	0.0622821	0.0391012	0.0708894	0.139505	0.20963	0.263686	0.297617	0.323512	0.34018	0.341054	0.332934	0.317858	0.314612	0.330215	0.362252	0.373471	0.368605	0.36321	0.358702	0.348942	0.341285	0.342105	0.335164	0.318599	0.294465	0.276098	0.25999	0.250885	0.250911	0.2506	0.256434	0.273835	0.313487	0.358081	0.388951	0.400913	0.361373	0.24326	0.0565069	-0.162612	-0.394598	-0.628337	-0.844213	-1.04399	-1.22078	-1.36181	-1.48095	-1.5787	-1.63058	-1.61297	-1.5083	-1.30892	-1.02977	-0.706632	-0.362032	0	
0	-0.0183241	-0.032627	-0.0521241	-0.0641765	-0.0793958	-0.0905497	-0.0999715	-0.10757	-0.114603	-0.118882	-0.126566	-0.138182	-0.152666	-0.183578	-0.220186	-0.270422	-0.329716	-0.380901	-0.417889	-0.417809	-0.361817	-0.245754	-0.0610981	0.169303	0.428523	0.685067	0.917773	1.11551	1.27583	1.40446	1.50152	1.55266	1.55731	1.51925	1.43799	1.32067	1.17903	1.02271	0.841546	0.652904	0.477315	0.315294	0.168514	0.060151	0.00568884	0.00809705	0.0610382	0.126252	0.179997	0.217862	0.253566	0.279773	0.292273	0.287923	0.27408	0.267563	0.285307	0.318416	0.340027	0.351177	0.357288	0.360056	0.354194	0.354889	0.364477	0.372404	0.368957	0.353432	0.339873	0.334565	0.343751	0.35143	0.358992	0.373574	0.401116	0.456865	0.512551	0.551198	0.56307	0.519196	0.404855	0.223534	0.00862357	-0.220696	-0.46069	-0.694855	-0.916113	-1.11062	-1.27354	-1.41722	-1.5353	-1.60953	-1.61208	-1.51623	-1.32159	-1.04985	-0.732853	-0.382972	0	
0	-0.0311832	-0.062785	-0.0913826	-0.119999	-0.145044	-0.168355	-0.189006	-0.207548	-0.224655	-0.241194	-0.259929	-0.281313	-0.309017	-0.348647	-0.392585	-0.455972	-0.518832	-0.581007	-0.629973	-0.637173	-0.593376	-0.484858	-0.305226	-0.0754103	0.183828	0.442509	0.6791	0.885257	1.05714	1.20198	1.31642	1.3952	1.43824	1.43799	1.39842	1.32943	1.23388	1.10188	0.928864	0.745787	0.566718	0.387363	0.217975	0.0883478	-0.000583555	-0.0287866	-0.00139597	0.0485696	0.0924786	0.131683	0.170576	0.201661	0.220228	0.221389	0.208669	0.200617	0.211288	0.241854	0.274556	0.298958	0.31684	0.323243	0.327376	0.335269	0.349193	0.367511	0.375823	0.373178	0.367516	0.375699	0.397013	0.413883	0.432041	0.456155	0.500463	0.565504	0.629868	0.684945	0.701636	0.661566	0.560627	0.39654	0.196068	-0.0286704	-0.269776	-0.510254	-0.742327	-0.950062	-1.13108	-1.28849	-1.41731	-1.50986	-1.52557	-1.43572	-1.262	-1.02106	-0.718808	-0.372152	0	
0	-0.0362942	-0.0731074	-0.107481	-0.143644	-0.174842	-0.208502	-0.236692	-0.265233	-0.292164	-0.316002	-0.344455	-0.371676	-0.408396	-0.452551	-0.508391	-0.577542	-0.651176	-0.725965	-0.782262	-0.800392	-0.770049	-0.667868	-0.501386	-0.281065	-0.0306006	0.226324	0.460067	0.664914	0.83875	0.99182	1.11547	1.21765	1.28659	1.32067	1.32943	1.31494	1.26177	1.16399	1.0234	0.859194	0.677393	0.485323	0.308932	0.159271	0.0388967	-0.0216847	-0.0231371	0.0017892	0.0303364	0.0662445	0.10121	0.132526	0.151916	0.156574	0.146128	0.131653	0.127957	0.150297	0.186136	0.219398	0.23925	0.251168	0.266616	0.28022	0.299911	0.321854	0.34358	0.357909	0.364994	0.384647	0.410932	0.434355	0.462416	0.504401	0.564672	0.637297	0.715414	0.782312	0.809612	0.780989	0.691233	0.552996	0.378883	0.165246	-0.0732177	-0.315405	-0.54595	-0.75361	-0.941198	-1.10083	-1.23007	-1.32625	-1.34557	-1.2685	-1.12577	-0.924495	-0.65461	-0.335935	0	
0	-0.0352273	-0.0694518	-0.104768	-0.136973	-0.171322	-0.201042	-0.232793	-0.261449	-0.289971	-0.320641	-0.350835	-0.388202	-0.431091	-0.484485	-0.549831	-0.626783	-0.711365	-0.794429	-0.862085	-0.894818	-0.875093	-0.788371	-0.636793	-0.426744	-0.188359	0.0554922	0.278983	0.476432	0.648697	0.793907	0.920666	1.03177	1.11588	1.17903	1.23388	1.26177	1.25684	1.21133	1.11519	0.972528	0.80078	0.617895	0.44269	0.275648	0.132893	0.0479217	0.0159306	0.00864998	0.019054	0.0425526	0.0692061	0.0928578	0.107532	0.112303	0.10042	0.0767495	0.0541296	0.064663	0.0967902	0.12865	0.14767	0.165487	0.188428	0.207765	0.225952	0.245095	0.274598	0.301789	0.326551	0.354178	0.381291	0.413345	0.457103	0.519934	0.595639	0.677318	0.761503	0.839188	0.884533	0.868886	0.79912	0.691435	0.540748	0.341969	0.1109	-0.123644	-0.34332	-0.545043	-0.723491	-0.870914	-0.988799	-1.06833	-1.08562	-1.03145	-0.916123	-0.753064	-0.544278	-0.287739	0	
0	-0.0247622	-0.0469443	-0.0737057	-0.0963329	-0.12253	-0.148134	-0.174174	-0.201964	-0.231443	-0.262448	-0.298356	-0.34067	-0.38906	-0.452066	-0.525664	-0.611396	-0.70929	-0.80148	-0.883165	-0.928627	-0.923108	-0.854839	-0.716621	-0.525692	-0.301812	-0.0676921	0.144934	0.33088	0.487749	0.619643	0.740879	0.847174	0.936081	1.02271	1.10188	1.16399	1.21133	1.22089	1.16716	1.05865	0.916705	0.752823	0.581873	0.409461	0.262328	0.160476	0.0990633	0.0633936	0.0547694	0.0635191	0.078902	0.0938799	0.10377	0.10649	0.0939126	0.0584622	0.0214848	0.0167276	0.0340026	0.0540337	0.0665482	0.086119	0.109219	0.127821	0.140216	0.152528	0.18061	0.219276	0.259605	0.290305	0.317766	0.354736	0.415309	0.498508	0.58652	0.678732	0.77067	0.85885	0.921462	0.929346	0.887303	0.804318	0.680178	0.501599	0.276543	0.0500469	-0.156405	-0.338887	-0.492416	-0.62165	-0.716183	-0.766107	-0.779226	-0.744089	-0.653645	-0.536743	-0.399083	-0.217473	0	
0	-0.00966985	-0.0191186	-0.0308339	-0.0417432	-0.0569631	-0.071657	-0.0908865	-0.112237	-0.137153	-0.167429	-0.203344	-0.247277	-0.301093	-0.36984	-0.448397	-0.547494	-0.652441	-0.760346	-0.859056	-0.921814	-0.936832	-0.886867	-0.765298	-0.589992	-0.37666	-0.160212	0.0357576	0.207268	0.347278	0.465679	0.574537	0.667494	0.75489	0.841546	0.928864	1.0234	1.11519	1.16716	1.15843	1.09734	0.990934	0.852099	0.694944	0.537685	0.397152	0.287814	0.208277	0.155586	0.130886	0.123041	0.128595	0.136567	0.142255	0.142852	0.124488	0.0818205	0.0350618	0.013462	0.00815752	0.00816051	0.0153452	0.0312301	0.0489124	0.0631728	0.0676345	0.0703676	0.090214	0.131019	0.1772	0.207927	0.231318	0.271963	0.346046	0.438921	0.536625	0.638174	0.738456	0.840232	0.923302	0.965608	0.958255	0.898822	0.794437	0.628638	0.416858	0.208673	0.0178057	-0.144238	-0.271173	-0.372814	-0.438615	-0.465596	-0.464125	-0.430957	-0.375081	-0.314321	-0.237143	-0.128185	0	
0	0.000996466	0.00196225	0.00126625	-0.000871309	-0.00420835	-0.0115652	-0.0199831	-0.0329999	-0.0502819	-0.0718613	-0.102262	-0.141311	-0.193123	-0.261538	-0.346616	-0.450728	-0.567385	-0.688489	-0.800055	-0.877615	-0.91126	-0.877015	-0.777616	-0.622275	-0.431339	-0.231604	-0.0474828	0.109494	0.233659	0.340031	0.427333	0.502923	0.576464	0.652904	0.745787	0.859194	0.972528	1.05865	1.09734	1.07922	1.01017	0.899664	0.767549	0.63177	0.50533	0.399217	0.317499	0.259589	0.219831	0.199429	0.19703	0.202614	0.207057	0.203129	0.180392	0.135623	0.0866859	0.0493928	0.017156	5.80717e-05	8.85661e-05	0.00907232	0.0195878	0.0267449	0.0270267	0.0209895	0.0285433	0.0616575	0.100109	0.123817	0.143	0.182698	0.258898	0.354904	0.455765	0.565347	0.680356	0.793349	0.894501	0.971722	0.998519	0.964486	0.878418	0.731978	0.543722	0.349677	0.170603	0.0277605	-0.076534	-0.146402	-0.181268	-0.189424	-0.173666	-0.144952	-0.121787	-0.102577	-0.0783708	-0.0445105	0	
0	0.00428076	0.00993418	0.0125611	0.0181186	0.0193517	0.0219129	0.0210535	0.0169379	0.00969336	-0.00510292	-0.0274803	-0.0603075	-0.107711	-0.171517	-0.2523	-0.354731	-0.469543	-0.593258	-0.711222	-0.803036	-0.852866	-0.8409	-0.764114	-0.628642	-0.454238	-0.270369	-0.102141	0.0376768	0.148643	0.232338	0.298507	0.358398	0.414934	0.477315	0.566718	0.677393	0.80078	0.916705	0.990934	1.01017	0.975251	0.892354	0.785097	0.67398	0.564058	0.469964	0.400766	0.344218	0.297535	0.26895	0.265114	0.272796	0.278333	0.272929	0.248411	0.210067	0.163099	0.112125	0.0597592	0.0285989	0.019139	0.0178059	0.0175914	0.0194661	0.0163526	0.00295855	0.000677031	0.0163028	0.0385768	0.0575213	0.0765318	0.116654	0.188342	0.274553	0.368972	0.478598	0.598864	0.722502	0.842405	0.949642	1.01506	1.01085	0.938765	0.807493	0.637291	0.458354	0.295336	0.166509	0.0833359	0.0466857	0.0351443	0.0361785	0.0570669	0.0812985	0.0876829	0.0782048	0.056891	0.0284186	0	
