0	0	0	0	0	0	0	0	0	0	0	0	0	0	0	0	0	0	0	0	0	0	0	0	0	0	0	0	0	0	0	0	0	0	0	0	0	0	0	0	0	0	0	0	0	0	0	0	0	0	0	0	0	0	0	0	0	0	0	0	0	0	0	0	0	0	0	0	0	0	0	0	0	0	0	0	0	0	0	0	0	0	0	0	0	0	0	0	0	0	0	0	0	0	0	0	0	0	0	0	
0	1.7576e-46	1.41408e-44	1.04173e-42	7.01465e-41	4.30836e-39	2.40795e-37	1.22141e-35	5.60617e-34	2.32072e-32	8.6323e-31	2.87332e-29	8.5192e-28	2.23843e-26	5.18259e-25	1.05067e-23	1.85213e-22	2.81749e-21	3.66824e-20	4.05179e-19	3.76201e-18	2.90785e-17	1.85158e-16	9.59311e-16	3.98093e-15	1.29836e-14	3.281e-14	6.4929e-14	1.04845e-13	1.39168e-13	1.46365e-13	1.21055e-13	8.10898e-14	4.45468e-14	1.94494e-14	6.64853e-15	1.78315e-15	3.78327e-16	6.41988e-17	8.82394e-18	9.95537e-19	9.34089e-20	7.37847e-21	4.9616e-22	2.86864e-23	1.43866e-24	6.30749e-26	2.43422e-27	8.31973e-29	2.53187e-30	6.89336e-32	1.68623e-33	3.71992e-35	7.42581e-37	1.34537e-38	2.21814e-40	3.33586e-42	4.58581e-44	5.77323e-46	6.66695e-48	7.0723e-50	6.90008e-52	6.19818e-54	5.13061e-56	3.91629e-58	2.75813e-60	1.79289e-62	1.07592e-64	5.96098e-67	3.0487e-69	1.43894e-71	6.26461e-74	2.51409e-76	9.2923e-79	3.15968e-81	9.87087e-84	2.8285e-86	7.42004e-89	1.77792e-91	3.88066e-94	7.69139e-97	1.37906e-99	2.22698e-102	3.22187e-105	4.14958e-108	4.72131e-111	4.7008e-114	4.04741e-117	2.96808e-120	1.81692e-123	9.03115e-127	3.50088e-130	9.92688e-134	1.83102e-137	1.64843e-141	0	0	0	0	0	
0	1.41408e-44	1.08843e-42	7.67129e-41	4.94196e-39	2.90365e-37	1.5522e-35	7.52873e-34	3.30331e-32	1.30664e-30	4.64194e-29	1.47487e-27	4.17145e-26	1.04481e-24	2.30406e-23	4.44517e-22	7.45024e-21	1.07651e-19	1.33004e-18	1.39292e-17	1.22536e-16	8.97028e-16	5.41004e-15	2.65732e-14	1.04801e-13	3.26578e-13	7.95933e-13	1.53547e-12	2.42575e-12	3.16151e-12	3.31295e-12	2.77547e-12	1.89844e-12	1.06803e-12	4.81528e-13	1.71462e-13	4.82246e-14	1.07785e-14	1.9318e-15	2.80752e-16	3.34951e-17	3.3216e-18	2.77068e-19	1.96546e-20	1.19751e-21	6.32225e-23	2.91511e-24	1.18209e-25	4.24167e-27	1.35422e-28	3.86565e-30	9.90859e-32	2.28946e-33	4.78498e-35	9.07377e-37	1.56547e-38	2.4633e-40	3.54283e-42	4.6664e-44	5.63842e-46	6.25935e-48	6.39244e-50	6.01256e-52	5.2134e-54	4.17057e-56	3.08002e-58	2.10087e-60	1.32394e-62	7.70948e-65	4.14831e-67	2.0622e-69	9.46805e-72	4.01267e-74	1.56871e-76	5.65192e-79	1.87456e-81	5.7155e-84	1.59936e-86	4.09944e-89	9.60252e-92	2.04997e-94	3.97579e-97	6.97875e-100	1.10376e-102	1.56463e-105	1.97529e-108	2.20384e-111	2.15249e-114	1.81868e-117	1.30922e-120	7.87002e-124	3.8426e-127	1.46365e-130	4.07924e-134	7.39765e-138	6.54978e-142	0	0	0	0	
0	1.04173e-42	7.67129e-41	5.17262e-39	3.18765e-37	1.79131e-35	9.15626e-34	4.24517e-32	1.77969e-30	6.72293e-29	2.27959e-27	6.90836e-26	1.86226e-24	4.4417e-23	9.31875e-22	1.70867e-20	2.71878e-19	3.72537e-18	4.35987e-17	4.32057e-16	3.59348e-15	2.48577e-14	1.41667e-13	6.58188e-13	2.46195e-12	7.31784e-12	1.71778e-11	3.22622e-11	4.98495e-11	6.38393e-11	6.66643e-11	5.65381e-11	3.94805e-11	2.27678e-11	1.06143e-11	3.94359e-12	1.16543e-12	2.75001e-13	5.21765e-14	8.03635e-15	1.01613e-15	1.06724e-16	9.41897e-18	7.06098e-19	4.54077e-20	2.52726e-21	1.22706e-22	5.23404e-24	1.97372e-25	6.61653e-27	1.98164e-28	5.32587e-30	1.28956e-31	2.82302e-33	5.60499e-35	1.01217e-36	1.66667e-38	2.50808e-40	3.45625e-42	4.36932e-44	5.07524e-46	5.42419e-48	5.34037e-50	4.8486e-52	4.06301e-54	3.14466e-56	2.24924e-58	1.48734e-60	9.09509e-63	5.14365e-65	2.69017e-67	1.30088e-69	5.81414e-72	2.40037e-74	9.14734e-77	3.2146e-79	1.04057e-81	3.09823e-84	8.47092e-87	2.12256e-89	4.86279e-92	1.01583e-94	1.92872e-97	3.31576e-100	5.13835e-103	7.13971e-106	8.83864e-109	9.67349e-112	9.27147e-115	7.68984e-118	5.43592e-121	3.20979e-124	1.53992e-127	5.7652e-131	1.57975e-134	2.81743e-138	2.45389e-142	0	0	0	
0	7.01465e-41	4.94196e-39	3.18765e-37	1.87881e-35	1.00954e-33	4.93249e-32	2.18502e-30	8.74774e-29	3.15385e-27	1.01993e-25	2.94561e-24	7.56031e-23	1.71521e-21	3.41915e-20	5.9497e-19	8.973e-18	1.16382e-16	1.28759e-15	1.20475e-14	9.45085e-14	6.16213e-13	3.31012e-12	1.45106e-11	5.13638e-11	1.45368e-10	3.28185e-10	5.9924e-10	9.05281e-10	1.14006e-09	1.18657e-09	1.01811e-09	7.25652e-10	4.29393e-10	2.0729e-10	8.05031e-11	2.50508e-11	6.25537e-12	1.25958e-12	2.06128e-13	2.76906e-14	3.08744e-15	2.88916e-16	2.29331e-17	1.55933e-18	9.16362e-20	4.69161e-21	2.10769e-22	8.36163e-24	2.94605e-25	9.26526e-27	2.61282e-28	6.63367e-30	1.52183e-31	3.1649e-33	5.98411e-35	1.03138e-36	1.62419e-38	2.34184e-40	3.09739e-42	3.76418e-44	4.20935e-46	4.337e-48	4.12169e-50	3.61647e-52	2.93199e-54	2.19779e-56	1.52396e-58	9.77848e-61	5.80724e-63	3.1922e-65	1.62402e-67	7.64476e-70	3.32832e-72	1.33943e-74	4.97864e-77	1.70757e-79	5.39764e-82	1.57024e-84	4.1969e-87	1.02853e-89	2.30576e-92	4.71536e-95	8.76836e-98	1.47697e-100	2.2435e-103	3.05678e-106	3.71205e-109	3.98668e-112	3.75082e-115	3.05485e-118	2.12119e-121	1.2307e-124	5.8033e-128	2.13607e-131	5.75621e-135	1.00987e-138	8.65461e-143	0	0	
0	4.30836e-39	2.90365e-37	1.79131e-35	1.00954e-33	5.1851e-32	2.4205e-30	1.02394e-28	3.91232e-27	1.3452e-25	4.14547e-24	1.13981e-22	2.7823e-21	5.99636e-20	1.13408e-18	1.86973e-17	2.66772e-16	3.26846e-15	3.4105e-14	3.00531e-13	2.21759e-12	1.35896e-11	6.86044e-11	2.82959e-10	9.45457e-10	2.5426e-09	5.51147e-09	9.76855e-09	1.44224e-08	1.7874e-08	1.85447e-08	1.60884e-08	1.17026e-08	7.11368e-09	3.56184e-09	1.44885e-09	4.75877e-10	1.26092e-10	2.70234e-11	4.71247e-12	6.7449e-13	8.00483e-14	7.96196e-15	6.7067e-16	4.83131e-17	3.00316e-18	1.62392e-19	7.6944e-21	3.21539e-22	1.19196e-23	3.94019e-25	1.16685e-26	3.10857e-28	7.47787e-30	1.62975e-31	3.22771e-33	5.82472e-35	9.60097e-37	1.44864e-38	2.00472e-40	2.5489e-42	2.98212e-44	3.21486e-46	3.19727e-48	2.93646e-50	2.49272e-52	1.95724e-54	1.42228e-56	9.56951e-59	5.96324e-61	3.44216e-63	1.84051e-65	9.11477e-68	4.17951e-70	1.77371e-72	6.96217e-75	2.52561e-77	8.45881e-80	2.61245e-82	7.42935e-85	1.94208e-87	4.65714e-90	1.02206e-92	2.04704e-95	3.72961e-98	6.1578e-101	9.17183e-104	1.22584e-106	1.46075e-109	1.54e-112	1.42274e-115	1.1382e-118	7.76556e-122	4.42832e-125	2.05297e-128	7.43132e-132	1.96991e-135	3.40057e-139	2.86825e-143	0	
0	2.40795e-37	1.5522e-35	9.15626e-34	4.93249e-32	2.4205e-30	1.07903e-28	4.35625e-27	1.58733e-25	5.20063e-24	1.52569e-22	3.98924e-21	9.24916e-20	1.89083e-18	3.38718e-17	5.28094e-16	7.11326e-15	8.21282e-14	8.06128e-13	6.67061e-12	4.61541e-11	2.64948e-10	1.25276e-09	4.84568e-09	1.52395e-08	3.88527e-08	8.07068e-08	1.3861e-07	1.99886e-07	2.4394e-07	2.52344e-07	2.21221e-07	1.64222e-07	1.02685e-07	5.34243e-08	2.28142e-08	7.93115e-09	2.23686e-09	5.11937e-10	9.54513e-11	1.46035e-11	1.85045e-12	1.96184e-13	1.75815e-14	1.34489e-15	8.86073e-17	5.06958e-18	2.5375e-19	1.11855e-20	4.36825e-22	1.5194e-23	4.72965e-25	1.32323e-26	3.34013e-28	7.63333e-30	1.58431e-31	2.99471e-33	5.16835e-35	8.16237e-37	1.18203e-38	1.57245e-40	1.92472e-42	2.17082e-44	2.2589e-46	2.17103e-48	1.92904e-50	1.58591e-52	1.20714e-54	8.51156e-57	5.56159e-59	3.36848e-61	1.89131e-63	9.84391e-66	4.74871e-68	2.12248e-70	8.78538e-73	3.36546e-75	1.19216e-77	3.90108e-80	1.17776e-82	3.27572e-85	8.37876e-88	1.96691e-90	4.22751e-93	8.2959e-96	1.4815e-98	2.39847e-101	3.50426e-104	4.59582e-107	5.37583e-110	5.56509e-113	5.05011e-116	3.96966e-119	2.66193e-122	1.49238e-125	6.80392e-129	2.42269e-132	6.31898e-136	1.07357e-139	0	
0	1.22141e-35	7.52873e-34	4.24517e-32	2.18502e-30	1.02394e-28	4.35625e-27	1.6772e-25	5.82323e-24	1.81619e-22	5.06648e-21	1.25814e-19	2.76658e-18	5.35587e-17	9.07028e-16	1.33443e-14	1.69275e-13	1.83675e-12	1.69073e-11	1.30938e-10	8.46403e-10	4.53395e-09	2.00006e-08	7.22795e-08	2.1325e-07	5.1404e-07	1.02097e-06	1.69576e-06	2.38674e-06	2.86974e-06	2.96028e-06	2.62121e-06	1.98617e-06	1.27942e-06	6.93128e-07	3.11559e-07	1.15003e-07	3.46482e-08	8.50063e-09	1.70125e-09	2.7928e-10	3.79177e-11	4.29889e-12	4.11079e-13	3.34786e-14	2.34334e-15	1.42152e-16	7.53012e-18	3.50706e-19	1.44488e-20	5.29481e-22	1.73436e-23	5.10054e-25	1.3521e-26	3.24245e-28	7.05678e-30	1.39787e-31	2.52694e-33	4.17841e-35	6.33337e-37	8.81644e-39	1.12908e-40	1.33226e-42	1.45035e-44	1.45843e-46	1.35606e-48	1.16689e-50	9.29961e-53	6.86823e-55	4.70298e-57	2.98673e-59	1.75955e-61	9.61651e-64	4.87545e-66	2.29246e-68	9.99359e-71	4.03693e-73	1.51007e-75	5.22618e-78	1.6717e-80	4.93595e-83	1.34329e-85	3.36347e-88	7.73268e-91	1.62835e-93	3.132e-96	5.48433e-99	8.70925e-102	1.24861e-104	1.6074e-107	1.84622e-110	1.87727e-113	1.67382e-116	1.29313e-119	8.52502e-123	4.70011e-126	2.10784e-129	7.38479e-133	1.89566e-136	0	
0	5.60617e-34	3.30331e-32	1.77969e-30	8.74774e-29	3.91232e-27	1.58733e-25	5.82323e-24	1.92462e-22	5.70773e-21	1.51211e-19	3.56096e-18	7.41405e-17	1.3566e-15	2.16721e-14	3.00129e-13	3.57547e-12	3.63458e-11	3.12648e-10	2.25722e-09	1.35738e-08	6.75443e-08	2.7671e-07	9.30215e-07	2.56484e-06	5.82753e-06	1.10379e-05	1.76902e-05	2.42778e-05	2.87679e-05	2.95965e-05	2.64607e-05	2.04739e-05	1.36109e-05	7.69678e-06	3.65265e-06	1.43681e-06	4.64358e-07	1.22677e-07	2.64738e-08	4.68385e-09	6.84201e-10	8.32656e-11	8.52476e-12	7.41387e-13	5.52783e-14	3.56376e-15	2.00206e-16	9.86969e-18	4.29664e-19	1.66117e-20	5.73288e-22	1.77415e-23	4.94379e-25	1.24505e-26	2.84334e-28	5.90596e-30	1.11881e-31	1.93772e-33	3.07507e-35	4.48036e-37	6.00401e-39	7.41201e-41	8.44141e-43	8.88027e-45	8.63874e-47	7.77865e-49	6.4885e-51	5.01727e-53	3.59842e-55	2.39476e-57	1.47926e-59	8.48254e-62	4.51568e-64	2.23146e-66	1.02333e-68	4.35351e-71	1.7172e-73	6.27558e-76	2.12303e-78	6.64143e-81	1.91872e-83	5.11149e-86	1.25341e-88	2.82323e-91	5.82708e-94	1.09895e-96	1.88755e-99	2.94123e-102	4.13902e-105	5.23197e-108	5.90247e-111	5.89688e-114	5.16747e-117	3.92477e-120	2.54443e-123	1.37989e-126	6.08875e-130	2.0994e-133	0	
0	2.32072e-32	1.30664e-30	6.72293e-29	3.15385e-27	1.3452e-25	5.20063e-24	1.81619e-22	5.70773e-21	1.60749e-19	4.03839e-18	9.00387e-17	1.7716e-15	3.05721e-14	4.59578e-13	5.97404e-12	6.66224e-11	6.32144e-10	5.06061e-09	3.39041e-08	1.88718e-07	8.67713e-07	3.2835e-06	1.02156e-05	2.62072e-05	5.59251e-05	0.000100708	0.000155345	0.000207616	0.000242446	0.000248785	0.000224559	0.000177552	0.000122069	7.22551e-05	3.63287e-05	1.52935e-05	5.32789e-06	1.52368e-06	3.56465e-07	6.83254e-08	1.07907e-08	1.41583e-09	1.55805e-10	1.45204e-11	1.15681e-12	7.94734e-14	4.74609e-15	2.48171e-16	1.14368e-17	4.67254e-19	1.70134e-20	5.54732e-22	1.62663e-23	4.30611e-25	1.03271e-26	2.25081e-28	4.47085e-30	8.11423e-32	1.3487e-33	2.0573e-35	2.88543e-37	3.72723e-39	4.44097e-41	4.88731e-43	4.97366e-45	4.68541e-47	4.08954e-49	3.30969e-51	2.4852e-53	1.73226e-55	1.12127e-57	6.74146e-60	3.76534e-62	1.95369e-64	9.41568e-67	4.21377e-69	1.75038e-71	6.74512e-74	2.4095e-76	7.97166e-79	2.43995e-81	6.90014e-84	1.80016e-86	4.32471e-89	9.54741e-92	1.93212e-94	3.57413e-97	6.02356e-100	9.21295e-103	1.273e-105	1.5805e-108	1.75186e-111	1.7201e-114	1.48184e-117	1.10676e-120	7.05767e-124	3.76584e-127	1.63533e-130	0	
0	8.6323e-31	4.64194e-29	2.27959e-27	1.01993e-25	4.14547e-24	1.52569e-22	5.06648e-21	1.51211e-19	4.03839e-18	9.60493e-17	2.02364e-15	3.75472e-14	6.09573e-13	8.59825e-12	1.0457e-10	1.08758e-09	9.5913e-09	7.1112e-08	4.39705e-07	2.25196e-06	9.507e-06	3.30177e-05	9.44986e-05	0.000224403	0.00044788	0.00076404	0.00113101	0.00146963	0.00169056	0.00173029	0.00157712	0.00127569	0.000909215	0.000565196	0.000302278	0.000136858	5.1689e-05	1.61018e-05	4.10996e-06	8.58753e-07	1.47474e-07	2.09705e-08	2.49191e-09	2.4987e-10	2.13455e-11	1.56753e-12	9.97812e-14	5.54723e-15	2.71179e-16	1.17288e-17	4.51291e-19	1.55248e-20	4.79619e-22	1.33603e-23	3.36791e-25	7.70822e-27	1.6065e-28	3.05706e-30	5.32443e-32	8.50626e-34	1.24898e-35	1.68847e-37	2.10497e-39	2.42343e-41	2.57987e-43	2.54233e-45	2.32145e-47	1.9658e-49	1.54485e-51	1.12733e-53	7.64242e-56	4.81475e-58	2.81949e-60	1.53483e-62	7.76654e-65	3.65257e-67	1.59603e-69	6.47689e-72	2.43957e-74	8.52229e-77	2.75863e-79	8.26494e-82	2.28887e-84	5.85008e-87	1.37744e-89	2.98149e-92	5.91805e-95	1.07415e-97	1.77686e-100	2.66838e-103	3.62131e-106	4.41731e-109	4.81192e-112	4.64466e-115	3.93466e-118	2.89055e-121	1.81353e-124	9.52302e-128	0	
0	2.87332e-29	1.47487e-27	6.90836e-26	2.94561e-24	1.13981e-22	3.98924e-21	1.25814e-19	3.56096e-18	9.00387e-17	2.02364e-15	4.02033e-14	7.01696e-13	1.06871e-11	1.40986e-10	1.59816e-09	1.54344e-08	1.25877e-07	8.59394e-07	4.87257e-06	2.27971e-05	8.76935e-05	0.000277383	0.000725144	0.00158441	0.00294333	0.00473666	0.00670654	0.00845499	0.0095716	0.0097703	0.00899856	0.00745849	0.00552631	0.00362149	0.00206982	0.00101365	0.000417853	0.000142842	4.00853e-05	9.19822e-06	1.72947e-06	2.68169e-07	3.45966e-08	3.75016e-09	3.44927e-10	2.71724e-11	1.84934e-12	1.09603e-13	5.69698e-15	2.61381e-16	1.06468e-17	3.87027e-19	1.26144e-20	3.70191e-22	9.81902e-24	2.36202e-25	5.16912e-27	1.03201e-28	1.88448e-30	3.1545e-32	4.85067e-34	6.86462e-36	8.95583e-38	1.07876e-39	1.20133e-41	1.23832e-43	1.18276e-45	1.04775e-47	8.61489e-50	6.57908e-52	4.66913e-54	3.08067e-56	1.89025e-58	1.07879e-60	5.72697e-63	2.8278e-65	1.29846e-67	5.54265e-70	2.19844e-72	8.09752e-75	2.76754e-77	8.76858e-80	2.57256e-82	6.97943e-85	1.74828e-87	4.03589e-90	8.56806e-93	1.66866e-95	2.97266e-98	4.82799e-101	7.12095e-104	9.49441e-107	1.13816e-109	1.2188e-112	1.15681e-115	9.63883e-119	6.96662e-122	4.30134e-125	0	
0	8.5192e-28	4.17145e-26	1.86226e-24	7.56031e-23	2.7823e-21	9.24916e-20	2.76658e-18	7.41405e-17	1.7716e-15	3.75472e-14	7.01696e-13	1.14886e-11	1.63619e-10	2.0112e-09	2.11568e-08	1.88763e-07	1.41524e-06	8.83637e-06	4.55808e-05	0.000193128	0.000670677	0.00191438	0.00453308	0.0090506	0.0155617	0.023513	0.0317255	0.0387067	0.043055	0.0438203	0.040828	0.0347528	0.0268544	0.018632	0.0114398	0.00609987	0.00276626	0.00104697	0.000326013	8.28973e-05	1.72071e-05	2.9309e-06	4.13156e-07	4.86821e-08	4.84395e-09	4.11028e-10	3.00158e-11	1.90221e-12	1.05407e-13	5.14197e-15	2.22171e-16	8.54905e-18	2.94414e-19	9.11451e-21	2.54668e-22	6.44534e-24	1.48238e-25	3.1074e-27	5.95265e-29	1.0446e-30	1.68289e-32	2.49396e-34	3.40582e-36	4.29285e-38	5.00132e-40	5.39256e-42	5.38726e-44	4.99158e-46	4.29319e-48	3.43017e-50	2.5475e-52	1.7595e-54	1.13059e-56	6.7605e-59	3.76245e-61	1.94892e-63	9.39518e-66	4.21414e-68	1.75813e-70	6.81898e-73	2.45718e-75	8.21975e-78	2.55015e-80	7.3292e-83	1.94869e-85	4.78558e-88	1.0835e-90	2.25681e-93	4.31373e-96	7.54486e-99	1.20346e-101	1.74382e-104	2.28485e-107	2.69245e-110	2.83501e-113	2.64654e-116	2.16946e-119	1.54302e-122	0	
0	2.23843e-26	1.04481e-24	4.4417e-23	1.71521e-21	5.99636e-20	1.89083e-18	5.35587e-17	1.3566e-15	3.05721e-14	6.09573e-13	1.06871e-11	1.63619e-10	2.17098e-09	2.47569e-08	2.40453e-07	1.97007e-06	1.34827e-05	7.63514e-05	0.000354913	0.0013474	0.00417671	0.0106399	0.0225996	0.040914	0.0647145	0.0913451	0.117011	0.137764	0.150263	0.152431	0.143898	0.126112	0.101965	0.0752404	0.0499083	0.0291849	0.0146931	0.00622185	0.00217391	0.000619284	0.000143347	2.70609e-05	4.20023e-06	5.41509e-07	5.86143e-08	5.38269e-09	4.23471e-10	2.87965e-11	1.70623e-12	8.87257e-14	4.07558e-15	1.66332e-16	6.06271e-18	1.98288e-19	5.84379e-21	1.55778e-22	3.76896e-24	8.30204e-26	1.6696e-27	3.07332e-29	5.19e-31	8.05736e-33	1.15212e-34	1.51993e-36	1.85279e-38	2.08978e-40	2.18361e-42	2.11601e-44	1.90343e-46	1.59071e-48	1.23588e-50	8.93195e-53	6.00759e-55	3.76173e-57	2.19334e-59	1.19099e-61	6.0227e-64	2.83598e-66	1.24318e-68	5.07135e-71	1.92419e-73	6.78614e-76	2.22276e-78	6.75513e-81	1.90255e-83	4.9591e-86	1.19437e-88	2.65299e-91	5.42319e-94	1.01768e-96	1.74804e-99	2.73912e-102	3.9002e-105	5.02319e-108	5.82006e-111	6.02714e-114	5.53512e-117	4.46481e-120	0	
0	5.18259e-25	2.30406e-23	9.31875e-22	3.41915e-20	1.13408e-18	3.38718e-17	9.07028e-16	2.16721e-14	4.59578e-13	8.59825e-12	1.40986e-10	2.0112e-09	2.47569e-08	2.60609e-07	2.32314e-06	1.7355e-05	0.000107502	0.00054661	0.00226304	0.00759768	0.0207357	0.0465341	0.0877189	0.14288	0.2067	0.27142	0.32914	0.373124	0.398401	0.402687	0.385678	0.348727	0.295762	0.232959	0.167788	0.108362	0.0611554	0.029325	0.0116514	0.00376852	0.000984825	0.00020829	3.59265e-05	5.10733e-06	6.05321e-07	6.04901e-08	5.15067e-09	3.77308e-10	2.39849e-11	1.33339e-12	6.52771e-14	2.83163e-15	1.09444e-16	3.78779e-18	1.17911e-19	3.31466e-21	8.44532e-23	1.95661e-24	4.13418e-26	7.98788e-28	1.41477e-29	2.30197e-31	3.4478e-33	4.76197e-35	6.07488e-37	7.16847e-39	7.83463e-41	7.93992e-43	7.46904e-45	6.52758e-47	5.30414e-49	4.00992e-51	2.82194e-53	1.84942e-55	1.1291e-57	6.42286e-60	3.40454e-62	1.68155e-64	7.7378e-67	3.31639e-69	1.32337e-71	4.914e-74	1.6968e-76	5.44386e-79	1.62118e-81	4.47596e-84	1.14412e-86	2.70324e-89	5.89263e-92	1.18251e-94	2.1791e-97	3.6768e-100	5.66127e-103	7.92321e-106	1.0033e-108	1.14322e-111	1.16462e-114	1.0524e-117	0	
0	1.05067e-23	4.44517e-22	1.70867e-20	5.9497e-19	1.86973e-17	5.28094e-16	1.33443e-14	3.00129e-13	5.97404e-12	1.0457e-10	1.59816e-09	2.11568e-08	2.40453e-07	2.32314e-06	1.88755e-05	0.000127494	0.000707529	0.00319082	0.0115979	0.0338871	0.0801184	0.156182	0.258764	0.377201	0.497828	0.607994	0.698518	0.763131	0.798441	0.804287	0.780948	0.727792	0.646952	0.543761	0.425928	0.305025	0.194548	0.106951	0.0490627	0.0183085	0.00548367	0.0013166	0.000255175	4.03702e-05	5.27907e-06	5.77704e-07	5.35222e-08	4.2424e-09	2.90425e-10	1.73161e-11	9.05966e-13	4.18704e-14	1.71955e-15	6.3087e-17	2.07752e-18	6.16715e-20	1.65663e-21	4.04086e-23	8.97817e-25	1.8222e-26	3.38697e-28	5.77884e-30	9.06977e-32	1.31191e-33	1.75189e-35	2.16312e-37	2.473e-39	2.62108e-41	2.57827e-43	2.35609e-45	2.00188e-47	1.58265e-49	1.16493e-51	7.98729e-54	5.10334e-56	3.03938e-58	1.68759e-60	8.7362e-63	4.2163e-65	1.89679e-67	7.95163e-70	3.10502e-72	1.12876e-74	3.8174e-77	1.20003e-79	3.50297e-82	9.48371e-85	2.37797e-87	5.51335e-90	1.17973e-92	2.32468e-95	4.20784e-98	6.97598e-101	1.05568e-103	1.45252e-106	1.80873e-109	2.02729e-112	2.03198e-115	0	
0	1.85213e-22	7.45024e-21	2.71878e-19	8.973e-18	2.66772e-16	7.11326e-15	1.69275e-13	3.57547e-12	6.66224e-11	1.08758e-09	1.54344e-08	1.88763e-07	1.97007e-06	1.7355e-05	0.000127494	0.000770946	0.00378653	0.014923	0.0468017	0.116803	0.235172	0.393798	0.571914	0.748941	0.90872	1.04257	1.14565	1.21599	1.25493	1.26156	1.23548	1.17764	1.08772	0.965651	0.815598	0.643854	0.464104	0.294827	0.158458	0.0694613	0.0242755	0.00672226	0.00148356	0.000264055	3.84364e-05	4.63969e-06	4.70502e-07	4.05547e-08	3.00228e-09	1.92662e-10	1.08048e-11	5.33388e-13	2.33271e-14	9.08957e-16	3.17177e-17	9.95664e-19	2.82328e-20	7.25812e-22	1.69732e-23	3.62142e-25	7.06877e-27	1.2654e-28	2.08207e-30	3.15516e-32	4.4116e-34	5.7008e-36	6.81841e-38	7.55814e-40	7.77406e-42	7.42745e-44	6.59772e-46	5.45331e-48	4.197e-50	3.00941e-52	2.01136e-54	1.25349e-56	7.2859e-59	3.95038e-61	1.99803e-63	9.42625e-66	4.14731e-68	1.70117e-70	6.50271e-73	2.31503e-75	7.67056e-78	2.36335e-80	6.76416e-83	1.7962e-85	4.41915e-88	1.00565e-90	2.11281e-93	4.08904e-96	7.27162e-99	1.18473e-101	1.76242e-104	2.38443e-107	2.92036e-110	3.22025e-113	0	
0	2.81749e-21	1.07651e-19	3.72537e-18	1.16382e-16	3.26846e-15	8.21282e-14	1.83675e-12	3.63458e-11	6.32144e-10	9.5913e-09	1.25877e-07	1.41524e-06	1.34827e-05	0.000107502	0.000707529	0.00378653	0.0162265	0.0549241	0.14573	0.304867	0.516883	0.746031	0.966498	1.16429	1.33234	1.46867	1.57172	1.64182	1.68292	1.69039	1.66157	1.60325	1.5142	1.39056	1.23561	1.04866	0.836439	0.608419	0.385181	0.201515	0.0837857	0.0272536	0.00695573	0.00141047	0.000230865	3.09915e-05	3.46288e-06	3.2635e-07	2.62448e-08	1.81952e-09	1.09729e-10	5.80177e-12	2.70829e-13	1.12305e-14	4.15964e-16	1.38287e-17	4.14456e-19	1.12421e-20	2.76965e-22	6.21721e-24	1.27529e-25	2.39659e-27	4.13596e-29	6.56877e-31	9.61959e-33	1.30122e-34	1.62838e-36	1.88794e-38	2.03047e-40	2.02806e-42	1.8831e-44	1.6269e-46	1.30881e-48	9.81076e-51	6.85609e-53	4.46876e-55	2.71755e-57	1.54221e-59	8.1684e-62	4.03796e-64	1.86283e-66	8.01829e-69	3.21914e-71	1.20489e-73	4.202e-76	1.3644e-78	4.12124e-81	1.15679e-83	3.01367e-86	7.27652e-89	1.62563e-91	3.35398e-94	6.37647e-97	1.11424e-99	1.78433e-102	2.60974e-105	3.47232e-108	4.18341e-111	0	
0	3.66824e-20	1.33004e-18	4.35987e-17	1.28759e-15	3.4105e-14	8.06128e-13	1.69073e-11	3.12648e-10	5.06061e-09	7.1112e-08	8.59394e-07	8.83637e-06	7.63514e-05	0.00054661	0.00319082	0.014923	0.0549241	0.156747	0.345521	0.600358	0.868303	1.1218	1.35533	1.55865	1.72785	1.85756	1.95114	2.01184	2.04078	2.04517	2.02631	1.97964	1.89909	1.78465	1.63071	1.44081	1.21764	0.972185	0.707988	0.442307	0.22209	0.0864368	0.0259432	0.0060768	0.00113086	0.000170318	2.1118e-05	2.18856e-06	1.92095e-07	1.44443e-08	9.3978e-10	5.33672e-11	2.66529e-12	1.17853e-13	4.64129e-15	1.6365e-16	5.19057e-18	1.48715e-19	3.8634e-21	9.13139e-23	1.96962e-24	3.88785e-26	7.04049e-28	1.17232e-29	1.79859e-31	2.54722e-33	3.33563e-35	4.04505e-37	4.54881e-39	4.74929e-41	4.60881e-43	4.161e-45	3.49801e-47	2.74015e-49	2.00137e-51	1.36364e-53	8.67104e-56	5.14717e-58	2.85285e-60	1.47653e-62	7.136e-65	3.22003e-67	1.3563e-69	5.33083e-72	1.95418e-74	6.6774e-77	2.12519e-79	6.29429e-82	1.73298e-84	4.42997e-87	1.04988e-89	2.30297e-92	4.6667e-95	8.71649e-98	1.49684e-100	2.35629e-103	3.38862e-106	4.43436e-109	0	
0	4.05179e-19	1.39292e-17	4.32057e-16	1.20475e-14	3.00531e-13	6.67061e-12	1.30938e-10	2.25722e-09	3.39041e-08	4.39705e-07	4.87257e-06	4.55808e-05	0.000354913	0.00226304	0.0115979	0.0468017	0.14573	0.345521	0.629471	0.929169	1.21419	1.48771	1.72643	1.91729	2.05694	2.15179	2.20818	2.24225	2.2565	2.25785	2.25002	2.22463	2.17765	2.10064	1.97803	1.8096	1.58755	1.326	1.04447	0.74981	0.45231	0.213035	0.0763132	0.0209256	0.00447624	0.000763013	0.000105719	1.21162e-05	1.16602e-06	9.5452e-08	6.72102e-09	4.10986e-10	2.20083e-11	1.03964e-12	4.36021e-14	1.63276e-15	5.4868e-17	1.66207e-18	4.55679e-20	1.1348e-21	2.57542e-23	5.34214e-25	1.0155e-26	1.77329e-28	2.85078e-30	4.22754e-32	5.79331e-34	7.34818e-36	8.63932e-38	9.42743e-40	9.55937e-42	9.01654e-44	7.91817e-46	6.47937e-48	4.94384e-50	3.51943e-52	2.33866e-54	1.45114e-56	8.41046e-59	4.55378e-61	2.30354e-63	1.08862e-65	4.80562e-68	1.9811e-70	7.62408e-73	2.73765e-75	9.16659e-78	2.85988e-80	8.30622e-83	2.2434e-85	5.62749e-88	1.30917e-90	2.81979e-93	5.61229e-96	1.02991e-98	1.73812e-101	2.68967e-104	3.80337e-107	0	
0	3.76201e-18	1.22536e-16	3.59348e-15	9.45085e-14	2.21759e-12	4.61541e-11	8.46403e-10	1.35738e-08	1.88718e-07	2.25196e-06	2.27971e-05	0.000193128	0.0013474	0.00759768	0.0338871	0.116803	0.304867	0.600358	0.929169	1.2454	1.55796	1.82394	2.02553	2.16777	2.25211	2.29404	2.30378	2.29752	2.29149	2.29033	2.29458	2.30197	2.3011	2.27278	2.20806	2.08907	1.91216	1.67166	1.3731	1.05632	0.731772	0.412933	0.17753	0.0575099	0.0142634	0.00277168	0.000431656	5.49667e-05	5.82211e-06	5.20491e-07	3.97645e-08	2.62392e-09	1.50926e-10	7.62782e-12	3.41103e-13	1.35795e-14	4.83893e-16	1.55087e-17	4.48984e-19	1.17866e-20	2.81548e-22	6.13873e-24	1.22515e-25	2.24386e-27	3.78002e-29	5.86943e-31	8.41629e-33	1.11639e-34	1.37198e-36	1.56432e-38	1.6569e-40	1.63209e-42	1.49658e-44	1.27864e-46	1.01863e-48	7.57176e-51	5.25441e-53	3.40559e-55	2.06232e-57	1.16713e-59	6.17369e-62	3.0525e-64	1.41067e-66	6.09232e-69	2.45816e-71	9.26271e-74	3.25797e-76	1.06895e-78	3.26917e-81	9.3107e-84	2.46673e-86	6.0716e-89	1.38641e-91	2.93192e-94	5.73111e-97	1.03319e-99	1.71341e-102	2.60609e-105	0	
0	2.90785e-17	8.97028e-16	2.48577e-14	6.16213e-13	1.35896e-11	2.64948e-10	4.53395e-09	6.75443e-08	8.67713e-07	9.507e-06	8.76935e-05	0.000670677	0.00417671	0.0207357	0.0801184	0.235172	0.516883	0.868303	1.21419	1.55796	1.85343	2.07151	2.22596	2.29891	2.30815	2.26752	2.2056	2.14697	2.10477	2.09636	2.12715	2.18128	2.243	2.29722	2.30908	2.26353	2.14331	1.94785	1.68642	1.35299	1.00878	0.654664	0.333522	0.127563	0.0367886	0.00817767	0.00143596	0.000203696	2.3797e-05	2.32729e-06	1.9318e-07	1.37708e-08	8.51553e-10	4.60775e-11	2.19823e-12	9.30748e-14	3.51801e-15	1.19319e-16	3.64802e-18	1.00955e-19	2.53814e-21	5.81645e-23	1.21857e-24	2.34029e-26	4.13018e-28	6.71292e-30	1.00685e-31	1.39612e-33	1.79263e-35	2.13461e-37	2.36039e-39	2.42666e-41	2.32198e-43	2.06988e-45	1.72042e-47	1.33426e-49	9.66125e-52	6.53488e-54	4.1308e-56	2.44098e-58	1.34871e-60	6.96879e-63	3.36732e-65	1.52149e-67	6.4273e-70	2.53768e-72	9.36095e-75	3.22439e-77	1.03642e-79	3.10632e-82	8.67293e-85	2.2533e-87	5.44064e-90	1.21903e-92	2.53033e-95	4.85607e-98	8.5973e-101	1.40051e-103	0	
0	1.85158e-16	5.41004e-15	1.41667e-13	3.31012e-12	6.86044e-11	1.25276e-09	2.00006e-08	2.7671e-07	3.2835e-06	3.30177e-05	0.000277383	0.00191438	0.0106399	0.0465341	0.156182	0.393798	0.746031	1.1218	1.48771	1.82394	2.07151	2.24641	2.30537	2.2862	2.19081	2.05735	1.90937	1.78135	1.70472	1.69154	1.74348	1.85344	1.99832	2.13995	2.25381	2.30887	2.28304	2.15279	1.93401	1.62987	1.2687	0.898897	0.525832	0.234253	0.0781214	0.0198156	0.00391809	0.000618623	7.96596e-05	8.51733e-06	7.67714e-07	5.90875e-08	3.92589e-09	2.27304e-10	1.1562e-11	5.20344e-13	2.08491e-14	7.47836e-16	2.41306e-17	7.03492e-19	1.86025e-20	4.47738e-22	9.83977e-24	1.98011e-25	3.65808e-27	6.21858e-29	9.74809e-31	1.41179e-32	1.89231e-34	2.35112e-36	2.71161e-38	2.90675e-40	2.89943e-42	2.69393e-44	2.33357e-46	1.88609e-48	1.42335e-50	1.0035e-52	6.61296e-55	4.07485e-57	2.34851e-59	1.26626e-61	6.38766e-64	3.01476e-66	1.3311e-68	5.49699e-71	2.12258e-73	7.66019e-76	2.58238e-78	8.12665e-81	2.38543e-83	6.52484e-86	1.66126e-88	3.93198e-91	8.6385e-94	1.75864e-96	3.31109e-99	5.75228e-102	0	
0	9.59311e-16	2.65732e-14	6.58188e-13	1.45106e-11	2.82959e-10	4.84568e-09	7.22795e-08	9.30215e-07	1.02156e-05	9.44986e-05	0.000725144	0.00453308	0.0225996	0.0877189	0.258764	0.571914	0.966498	1.35533	1.72643	2.02553	2.22596	2.30537	2.27932	2.13628	1.9267	1.67145	1.42067	1.22211	1.10112	1.07949	1.16296	1.33358	1.56636	1.82741	2.06143	2.23677	2.3053	2.27453	2.1162	1.85989	1.50626	1.12435	0.726932	0.368416	0.140155	0.0402145	0.00889774	0.00155601	0.000219954	2.56225e-05	2.50017e-06	2.07191e-07	1.47543e-08	9.1196e-10	4.93525e-11	2.35609e-12	9.98825e-14	3.78204e-15	1.28569e-16	3.94198e-18	1.09455e-19	2.76248e-21	6.35825e-23	1.3386e-24	2.58469e-26	4.58853e-28	7.50599e-30	1.13366e-31	1.58377e-33	2.05e-35	2.46214e-37	2.74764e-39	2.85246e-41	2.75783e-43	2.48556e-45	2.09007e-47	1.64099e-49	1.20376e-51	8.25466e-54	5.29396e-56	3.17642e-58	1.78354e-60	9.37326e-63	4.61093e-65	2.12308e-67	9.14894e-70	3.68895e-72	1.39129e-74	4.90595e-77	1.6165e-79	4.97366e-82	1.4278e-84	3.82059e-87	9.51857e-90	2.20508e-92	4.74279e-95	9.45473e-98	1.74345e-100	0	
0	3.98093e-15	1.04801e-13	2.46195e-12	5.13638e-11	9.45457e-10	1.52395e-08	2.1325e-07	2.56484e-06	2.62072e-05	0.000224403	0.00158441	0.0090506	0.040914	0.14288	0.377201	0.748941	1.16429	1.55865	1.91729	2.16777	2.29891	2.2862	2.13628	1.87762	1.5264	1.1489	0.787109	0.48386	0.298133	0.265672	0.392231	0.655636	0.999668	1.37758	1.74629	2.04155	2.24103	2.31126	2.23488	2.03087	1.70988	1.32407	0.915584	0.513402	0.218567	0.0699782	0.0171455	0.00329293	0.000507353	6.39941e-05	6.72312e-06	5.9697e-07	4.53606e-08	2.98099e-09	1.70989e-10	8.6288e-12	3.85758e-13	1.53713e-14	5.48885e-16	1.76484e-17	5.13148e-19	1.35444e-20	3.25652e-22	7.15445e-24	1.44029e-25	2.66367e-27	4.53597e-29	7.12739e-31	1.03535e-32	1.3928e-34	1.73787e-36	2.01412e-38	2.17095e-40	2.17876e-42	2.03803e-44	1.77849e-46	1.44904e-48	1.10308e-50	7.85035e-53	5.22575e-55	3.2551e-57	1.8979e-59	1.03604e-61	5.29576e-64	2.53483e-66	1.13609e-68	4.76708e-71	1.87223e-73	6.87986e-76	2.36432e-78	7.5943e-81	2.27831e-83	6.37847e-86	1.66481e-88	4.04633e-91	9.14584e-94	1.91951e-96	3.7342e-99	0	
0	1.29836e-14	3.26578e-13	7.31784e-12	1.45368e-10	2.5426e-09	3.88527e-08	5.1404e-07	5.82753e-06	5.59251e-05	0.00044788	0.00294333	0.0155617	0.0647145	0.2067	0.497828	0.90872	1.33234	1.72785	2.05694	2.25211	2.30815	2.19081	1.9267	1.5264	1.04578	0.532679	0.0409236	-0.342619	-0.562943	-0.600451	-0.452471	-0.129491	0.328927	0.84224	1.3412	1.77917	2.10429	2.28067	2.29368	2.1521	1.87247	1.4935	1.08051	0.652999	0.304362	0.106882	0.0286025	0.00596499	0.000992171	0.000134392	1.50922e-05	1.42668e-06	1.15007e-07	7.99366e-09	4.83651e-10	2.56843e-11	1.20582e-12	5.03651e-14	1.88208e-15	6.32358e-17	1.91882e-18	5.2793e-20	1.32172e-21	3.02082e-23	6.32112e-25	1.21421e-26	2.14614e-28	3.49813e-30	5.26839e-32	7.34454e-34	9.49293e-36	1.13927e-37	1.27121e-39	1.32038e-41	1.27801e-43	1.15385e-45	9.72537e-48	7.65836e-50	5.63791e-52	3.88233e-54	2.50183e-56	1.50929e-58	8.52623e-61	4.51116e-63	2.23566e-65	1.03779e-67	4.51187e-70	1.83681e-72	7.00006e-75	2.49631e-77	8.32591e-80	2.59554e-82	7.55714e-85	2.05322e-87	5.20005e-90	1.22617e-92	2.68822e-95	5.4709e-98	0	
0	3.281e-14	7.95933e-13	1.71778e-11	3.28185e-10	5.51147e-09	8.07068e-08	1.02097e-06	1.10379e-05	0.000100708	0.00076404	0.00473666	0.023513	0.0913451	0.27142	0.607994	1.04257	1.46867	1.85756	2.15179	2.29404	2.26752	2.05735	1.67145	1.1489	0.532679	-0.126607	-0.732592	-1.21523	-1.5133	-1.56617	-1.36084	-0.944047	-0.37896	0.269921	0.910432	1.4738	1.92475	2.2022	2.30719	2.22498	1.99173	1.63041	1.21709	0.775677	0.387338	0.14638	0.0420965	0.00940215	0.00166847	0.000240234	2.85827e-05	2.85423e-06	2.42416e-07	1.77114e-08	1.12413e-09	6.25076e-11	3.06773e-12	1.3375e-13	5.21027e-15	1.82276e-16	5.75281e-18	1.64468e-19	4.27493e-21	1.01358e-22	2.19867e-24	4.37541e-26	8.0075e-28	1.35072e-29	2.10427e-31	3.03324e-33	4.05237e-35	5.02536e-37	5.79268e-39	6.2142e-41	6.21112e-43	5.78987e-45	5.03813e-47	4.09554e-49	3.11239e-51	2.21244e-53	1.47183e-55	9.16698e-58	5.34701e-60	2.92151e-62	1.49544e-64	7.17154e-67	3.22189e-69	1.3558e-71	5.3427e-74	1.97081e-76	6.80219e-79	2.19542e-81	6.6213e-84	1.8645e-86	4.89716e-89	1.19837e-91	2.72855e-94	5.77166e-97	0	
0	6.4929e-14	1.53547e-12	3.22622e-11	5.9924e-10	9.76855e-09	1.3861e-07	1.69576e-06	1.76902e-05	0.000155345	0.00113101	0.00670654	0.0317255	0.117011	0.32914	0.698518	1.14565	1.57172	1.95114	2.20818	2.30378	2.2056	1.90937	1.42067	0.787109	0.0409236	-0.732592	-1.48112	-2.13711	-2.56414	-2.64078	-2.34377	-1.76163	-1.03699	-0.268457	0.496601	1.1839	1.73589	2.11075	2.28993	2.2673	2.07538	1.73109	1.32164	0.874336	0.458756	0.183022	0.0555792	0.0130886	0.00244397	0.000369496	4.60681e-05	4.81172e-06	4.26728e-07	3.25055e-08	2.14797e-09	1.24197e-10	6.33095e-12	2.86403e-13	1.15658e-14	4.19098e-16	1.36903e-17	4.04832e-19	1.08773e-20	2.66452e-22	5.96887e-24	1.22614e-25	2.31555e-27	4.02928e-29	6.47381e-31	9.62218e-33	1.3253e-34	1.6942e-36	2.01296e-38	2.22583e-40	2.29315e-42	2.20351e-44	1.97672e-46	1.65684e-48	1.29849e-50	9.52123e-53	6.53552e-55	4.2014e-57	2.5304e-59	1.42818e-61	7.55539e-64	3.7467e-66	1.74165e-68	7.58847e-71	3.09849e-73	1.1853e-75	4.24639e-78	1.42401e-80	4.4673e-83	1.31009e-85	3.58843e-88	9.17107e-91	2.18445e-93	4.84272e-96	0	
0	1.04845e-13	2.42575e-12	4.98495e-11	9.05281e-10	1.44224e-08	1.99886e-07	2.38674e-06	2.42778e-05	0.000207616	0.00146963	0.00845499	0.0387067	0.137764	0.373124	0.763131	1.21599	1.64182	2.01184	2.24225	2.29752	2.14697	1.78135	1.22211	0.48386	-0.342619	-1.21523	-2.13711	-2.97392	-3.513	-3.60866	-3.23584	-2.494	-1.58187	-0.684532	0.157295	0.945552	1.58099	2.02317	2.26483	2.28522	2.12382	1.7984	1.3941	0.944636	0.511918	0.211717	0.0667077	0.0162941	0.00315332	0.000493606	6.3649e-05	6.86777e-06	6.28475e-07	4.93422e-08	3.35685e-09	1.99612e-10	1.04538e-11	4.85381e-13	2.00992e-14	7.46171e-16	2.49516e-17	7.54718e-19	2.07272e-20	5.18624e-22	1.18594e-23	2.48536e-25	4.78563e-27	8.48636e-29	1.38884e-30	2.10167e-32	2.9459e-34	3.83096e-36	4.62869e-38	5.20283e-40	5.44712e-42	5.31743e-44	4.84462e-46	4.12295e-48	3.27999e-50	2.4408e-52	1.69993e-54	1.10859e-56	6.77187e-59	3.87589e-61	2.07894e-63	1.04512e-65	4.9244e-68	2.17453e-70	8.99767e-73	3.48762e-75	1.2659e-77	4.30065e-80	1.3667e-82	4.05978e-85	1.1263e-87	2.91537e-90	7.03264e-93	1.57888e-95	0	
0	1.39168e-13	3.16151e-12	6.38393e-11	1.14006e-09	1.7874e-08	2.4394e-07	2.86974e-06	2.87679e-05	0.000242446	0.00169056	0.0095716	0.043055	0.150263	0.398401	0.798441	1.25493	1.68292	2.04078	2.2565	2.29149	2.10477	1.70472	1.10112	0.298133	-0.562943	-1.5133	-2.56414	-3.513	-4.1125	-4.21783	-3.80567	-2.97096	-1.92865	-0.92709	-0.0438355	0.795105	1.49323	1.96264	2.25061	2.28729	2.15286	1.83457	1.4311	0.983595	0.54264	0.228677	0.0734596	0.0183022	0.00361319	0.000576819	7.58109e-05	8.33075e-06	7.75661e-07	6.18982e-08	4.27584e-09	2.57913e-10	1.36879e-11	6.43481e-13	2.69559e-14	1.01157e-15	3.41686e-17	1.04327e-18	2.89051e-20	7.29232e-22	1.68048e-23	3.54745e-25	6.87759e-27	1.22749e-28	2.02111e-30	3.07611e-32	4.33533e-34	5.66703e-36	6.88077e-38	7.77044e-40	8.17152e-42	8.01085e-44	7.32814e-46	6.26069e-48	4.99913e-50	3.73333e-52	2.609e-54	1.707e-56	1.04601e-58	6.00502e-61	3.23037e-63	1.62854e-65	7.6942e-68	3.40655e-70	1.41312e-72	5.49092e-75	1.99778e-77	6.80273e-80	2.16667e-82	6.45007e-85	1.79321e-87	4.65114e-90	1.12422e-92	2.52885e-95	0	
0	1.46365e-13	3.31295e-12	6.66643e-11	1.18657e-09	1.85447e-08	2.52344e-07	2.96028e-06	2.95965e-05	0.000248785	0.00173029	0.0097703	0.0438203	0.152431	0.402687	0.804287	1.26156	1.69039	2.04517	2.25785	2.29033	2.09636	1.69154	1.07949	0.265672	-0.600451	-1.56617	-2.64078	-3.60866	-4.21783	-4.3247	-3.90645	-3.0565	-1.99086	-0.96863	-0.0779542	0.768135	1.47897	1.95202	2.24864	2.28737	2.15865	1.83993	1.43664	0.990191	0.54794	0.231592	0.0746249	0.0186531	0.00369484	0.00059183	7.80364e-05	8.60175e-06	8.03204e-07	6.42675e-08	4.45045e-09	2.69051e-10	1.43086e-11	6.73936e-13	2.82806e-14	1.06297e-15	3.59573e-17	1.09936e-18	3.04967e-20	7.70261e-22	1.7769e-23	3.75465e-25	7.2859e-27	1.30146e-28	2.14459e-30	3.26643e-32	4.60672e-34	6.02565e-36	7.32061e-38	8.27184e-40	8.70346e-42	8.53664e-44	7.81284e-46	6.67781e-48	5.33448e-50	3.98539e-52	2.78623e-54	1.82362e-56	1.11787e-58	6.41969e-61	3.45454e-63	1.74209e-65	8.23307e-68	3.64615e-70	1.51293e-72	5.88023e-75	2.13996e-77	7.28862e-80	2.32196e-82	6.9139e-85	1.92257e-87	4.98771e-90	1.20581e-92	2.71291e-95	0	
0	1.21055e-13	2.77547e-12	5.65381e-11	1.01811e-09	1.60884e-08	2.21221e-07	2.62121e-06	2.64607e-05	0.000224559	0.00157712	0.00899856	0.040828	0.143898	0.385678	0.780948	1.23548	1.66157	2.02631	2.25002	2.29458	2.12715	1.74348	1.16296	0.392231	-0.452471	-1.36084	-2.34377	-3.23584	-3.80567	-3.90645	-3.51371	-2.72543	-1.74994	-0.803632	0.0582504	0.872728	1.53756	1.9941	2.2579	2.28698	2.13807	1.81688	1.4129	0.963988	0.52708	0.220054	0.0700061	0.0172679	0.00337467	0.000533394	6.94313e-05	7.56006e-06	6.97855e-07	5.52421e-08	3.78757e-09	2.2688e-10	1.19639e-11	5.591e-13	2.32928e-14	8.69673e-16	2.92375e-17	8.88817e-19	2.45259e-20	6.16417e-22	1.41551e-23	2.97827e-25	5.75635e-27	1.02441e-28	1.68217e-30	2.55373e-32	3.59048e-34	4.68275e-36	5.67352e-38	6.39411e-40	6.71123e-42	6.56728e-44	5.99718e-46	5.11515e-48	4.07799e-50	3.04086e-52	2.12202e-54	1.38647e-56	8.48484e-59	4.86488e-61	2.61387e-63	1.31621e-65	6.21158e-68	2.74717e-70	1.13841e-72	4.41904e-75	1.60624e-77	5.46437e-80	1.73883e-82	5.17188e-85	1.43664e-87	3.72322e-90	8.99214e-93	2.02116e-95	0	
0	8.10898e-14	1.89844e-12	3.94805e-11	7.25652e-10	1.17026e-08	1.64222e-07	1.98617e-06	2.04739e-05	0.000177552	0.00127569	0.00745849	0.0347528	0.126112	0.348727	0.727792	1.17764	1.60325	1.97964	2.22463	2.30197	2.18128	1.85344	1.33358	0.655636	-0.129491	-0.944047	-1.76163	-2.494	-2.97096	-3.0565	-2.72543	-2.07352	-1.27165	-0.452881	0.347298	1.08049	1.66722	2.07425	2.27933	2.27713	2.09756	1.76191	1.35493	0.906064	0.482416	0.195643	0.0604121	0.0144617	0.00274363	0.000421221	5.33026e-05	5.64793e-06	5.0791e-07	3.92155e-08	2.6256e-09	1.53763e-10	7.93604e-12	3.63386e-13	1.48488e-14	5.44301e-16	1.79816e-17	5.3762e-19	1.46018e-20	3.61487e-22	8.18213e-24	1.69798e-25	3.23883e-27	5.69151e-29	9.23335e-31	1.3855e-32	1.92631e-34	2.48539e-36	2.98014e-38	3.32516e-40	3.45646e-42	3.3508e-44	3.03232e-46	2.56373e-48	2.02657e-50	1.49871e-52	1.03748e-54	6.72579e-57	4.08477e-59	2.32473e-61	1.24005e-63	6.20025e-66	2.90594e-68	1.27655e-70	5.25509e-73	2.02674e-75	7.32026e-78	2.47488e-80	7.82744e-83	2.31424e-85	6.39071e-88	1.64667e-90	3.95438e-93	8.83853e-96	0	
0	4.45468e-14	1.06803e-12	2.27678e-11	4.29393e-10	7.11368e-09	1.02685e-07	1.27942e-06	1.36109e-05	0.000122069	0.000909215	0.00552631	0.0268544	0.101965	0.295762	0.646952	1.08772	1.5142	1.89909	2.17765	2.3011	2.243	1.99832	1.56636	0.999668	0.328927	-0.37896	-1.03699	-1.58187	-1.92865	-1.99086	-1.74994	-1.27165	-0.650955	0.044298	0.740657	1.35327	1.84812	2.16638	2.30324	2.24527	2.02997	1.67489	1.26263	0.818293	0.417674	0.161622	0.0475849	0.0108713	0.00197124	0.0002897	3.51443e-05	3.57484e-06	3.08997e-07	2.29569e-08	1.48051e-09	8.35911e-11	4.16292e-12	1.84066e-13	7.26773e-15	2.57579e-16	8.23192e-18	2.38209e-19	6.2645e-21	1.50223e-22	3.29469e-24	6.62688e-26	1.22546e-27	2.08813e-29	3.28531e-31	4.78151e-33	6.44847e-35	8.07082e-37	9.38757e-39	1.01603e-40	1.02442e-42	9.63156e-45	8.45205e-47	6.9282e-49	5.30851e-51	3.80435e-53	2.55131e-55	1.60176e-57	9.41725e-60	5.18612e-62	2.67555e-64	1.29317e-66	5.85531e-69	2.48334e-71	9.86298e-74	3.66706e-76	1.27576e-78	4.15068e-81	1.26202e-83	3.58308e-86	9.49011e-89	2.34222e-91	5.37978e-94	1.14825e-96	0	
0	1.94494e-14	4.81528e-13	1.06143e-11	2.0729e-10	3.56184e-09	5.34243e-08	6.93128e-07	7.69678e-06	7.22551e-05	0.000565196	0.00362149	0.018632	0.0752404	0.232959	0.543761	0.965651	1.39056	1.78465	2.10064	2.27278	2.29722	2.13995	1.82741	1.37758	0.84224	0.269921	-0.268457	-0.684532	-0.92709	-0.96863	-0.803632	-0.452881	0.044298	0.616805	1.17114	1.65864	2.03514	2.25246	2.3038	2.18645	1.92459	1.55241	1.13894	0.704592	0.338345	0.122592	0.0338133	0.00725439	0.00123881	0.000171946	1.97522e-05	1.90708e-06	1.56802e-07	1.11028e-08	6.83613e-10	3.69079e-11	1.76008e-12	7.4617e-14	2.82813e-15	9.63176e-17	2.96078e-18	8.24804e-20	2.08982e-21	4.83171e-23	1.02236e-24	1.98508e-26	3.54548e-28	5.83782e-30	8.87916e-32	1.24976e-33	1.63053e-35	1.97482e-37	2.22336e-39	2.32972e-41	2.2745e-43	2.071e-45	1.76022e-47	1.39757e-49	1.03727e-51	7.20048e-54	4.67727e-56	2.84412e-58	1.61938e-60	8.63543e-63	4.31316e-65	2.01785e-67	8.84155e-70	3.62773e-72	1.39343e-74	5.00858e-77	1.68386e-79	5.29167e-82	1.5533e-84	4.25512e-87	1.08673e-89	2.58444e-92	5.71554e-95	1.17359e-97	0	
0	6.64853e-15	1.71462e-13	3.94359e-12	8.05031e-11	1.44885e-09	2.28142e-08	3.11559e-07	3.65265e-06	3.63287e-05	0.000302278	0.00206982	0.0114398	0.0499083	0.167788	0.425928	0.815598	1.23561	1.63071	1.97803	2.20806	2.30908	2.25381	2.06143	1.74629	1.3412	0.910432	0.496601	0.157295	-0.0438355	-0.0779542	0.0582504	0.347298	0.740657	1.17114	1.59007	1.94841	2.19271	2.30603	2.26441	2.08551	1.7809	1.39561	0.984586	0.570617	0.252517	0.0840193	0.0213382	0.00423482	0.000672241	8.71307e-05	9.38466e-06	8.52608e-07	6.61717e-08	4.43501e-09	2.59101e-10	1.33019e-11	6.04361e-13	2.4452e-14	8.85841e-16	2.8876e-17	8.50648e-19	2.27347e-20	5.53196e-22	1.2294e-23	2.50247e-25	4.67774e-27	8.04842e-29	1.27737e-30	1.87369e-32	2.54454e-34	3.20439e-36	3.74741e-38	4.07503e-40	4.12526e-42	3.89179e-44	3.42476e-46	2.81353e-48	2.15936e-50	1.54924e-52	1.03959e-54	6.52738e-57	3.83614e-59	2.11073e-61	1.08747e-63	5.24659e-66	2.37022e-68	1.00253e-70	3.96916e-73	1.47043e-75	5.09497e-78	1.65023e-80	4.99289e-83	1.40997e-85	3.71279e-88	9.10617e-91	2.07756e-93	4.40258e-96	8.6508e-99	0	
0	1.78315e-15	4.82246e-14	1.16543e-12	2.50508e-11	4.75877e-10	7.93115e-09	1.15003e-07	1.43681e-06	1.52935e-05	0.000136858	0.00101365	0.00609987	0.0291849	0.108362	0.305025	0.643854	1.04866	1.44081	1.8096	2.08907	2.26353	2.30887	2.23677	2.04155	1.77917	1.4738	1.1839	0.945552	0.795105	0.768135	0.872728	1.08049	1.35327	1.65864	1.94841	2.16746	2.29457	2.29737	2.1711	1.93493	1.59206	1.20755	0.804803	0.426126	0.169899	0.0509624	0.0117384	0.00212797	0.000310647	3.72503e-05	3.73127e-06	3.1668e-07	2.305e-08	1.45376e-09	8.01591e-11	3.89414e-12	1.67806e-13	6.4524e-15	2.22557e-16	6.91834e-18	1.94634e-19	4.97418e-21	1.15871e-22	2.46773e-24	4.81821e-26	8.64611e-28	1.42917e-29	2.18052e-31	3.07651e-33	4.02076e-35	4.87496e-37	5.49093e-39	5.75269e-41	5.61214e-43	5.10329e-45	4.32931e-47	3.429e-49	2.5374e-51	1.7552e-53	1.1355e-55	6.87281e-58	3.89303e-60	2.0641e-62	1.02448e-64	4.75995e-67	2.07008e-69	8.42505e-72	3.20793e-74	1.14226e-76	3.8016e-79	1.18181e-81	3.42902e-84	9.2776e-87	2.33818e-89	5.48225e-92	1.19414e-94	2.41245e-97	4.51182e-100	0	
