0	0	0	0	0	0	0	0	0	0	0	0	0	0	0	0	0	0	0	0	0	0	0	0	0	0	0	0	0	0	0	0	0	0	0	0	0	0	0	0	0	0	0	0	0	0	0	0	0	0	0	0	0	0	0	0	0	0	0	0	0	0	0	0	0	0	0	0	0	0	0	0	0	0	0	0	0	0	0	0	0	0	0	0	0	0	0	0	0	0	0	0	0	0	0	0	0	0	0	0	
0	-0.0267401	-0.0370911	-0.0289048	-0.0111687	0.00679495	0.0179693	0.0208827	0.0196535	0.017443	0.0110982	-0.0022437	-0.0211564	-0.0435243	-0.0663769	-0.0847469	-0.0959598	-0.101827	-0.101227	-0.091526	-0.0738163	-0.0511231	-0.0252412	0.00419556	0.0364036	0.0704294	0.105695	0.137798	0.161076	0.165414	0.147729	0.109362	0.0574245	0.0034058	-0.0454567	-0.0857767	-0.113161	-0.125949	-0.124358	-0.11248	-0.0948587	-0.074844	-0.0485394	-0.0130695	0.0332603	0.0896035	0.151262	0.206682	0.250677	0.279208	0.29317	0.29355	0.280481	0.254952	0.217739	0.171586	0.12276	0.076684	0.0397495	0.0127351	-0.0103729	-0.0381994	-0.073164	-0.109553	-0.141215	-0.166513	-0.182653	-0.19373	-0.203583	-0.209464	-0.210096	-0.204875	-0.195495	-0.183986	-0.167582	-0.144473	-0.112992	-0.0722409	-0.0305662	0.00705158	0.0400556	0.0729641	0.110432	0.152812	0.197967	0.239737	0.274991	0.303516	0.328001	0.349495	0.366047	0.373909	0.368219	0.345541	0.306911	0.256382	0.196399	0.132118	0.0668041	0	
0	-0.0370911	-0.0517508	-0.0399796	-0.0158386	0.0141989	0.0358573	0.046892	0.0461008	0.0406344	0.0253466	-0.00119448	-0.0351826	-0.0780849	-0.124526	-0.166848	-0.1928	-0.205026	-0.201668	-0.182962	-0.153646	-0.117501	-0.0715998	-0.0117787	0.0594861	0.13416	0.20491	0.264028	0.302662	0.308693	0.278003	0.211687	0.120663	0.0227111	-0.069201	-0.145497	-0.199698	-0.22286	-0.219409	-0.195181	-0.160087	-0.120119	-0.0698099	-0.000959957	0.082528	0.183784	0.290971	0.386373	0.462357	0.513592	0.538702	0.539383	0.513635	0.463093	0.394759	0.31373	0.231134	0.152748	0.0876408	0.0328926	-0.0180704	-0.0748932	-0.142835	-0.21158	-0.271223	-0.319614	-0.350517	-0.370511	-0.387094	-0.398786	-0.400315	-0.391925	-0.375769	-0.3513	-0.313722	-0.261309	-0.197959	-0.120231	-0.0423258	0.0314349	0.103289	0.16975	0.236693	0.305899	0.376611	0.445459	0.510103	0.569022	0.620619	0.664036	0.694553	0.706167	0.696479	0.657803	0.589942	0.500449	0.388417	0.263601	0.134804	0	
0	-0.0289048	-0.0399796	-0.0336782	-0.0169579	0.00978857	0.0383946	0.0562642	0.0589154	0.0487788	0.0237158	-0.0145978	-0.0612163	-0.119407	-0.188891	-0.253879	-0.296198	-0.314131	-0.308765	-0.283931	-0.248936	-0.205274	-0.143241	-0.0523537	0.059993	0.175497	0.27899	0.35716	0.405258	0.410088	0.371374	0.290843	0.178798	0.0573848	-0.058417	-0.159636	-0.231934	-0.267536	-0.26531	-0.234867	-0.187756	-0.133251	-0.0627914	0.0271302	0.135449	0.258684	0.388464	0.502614	0.59615	0.661711	0.697195	0.697905	0.660191	0.590875	0.500986	0.402939	0.307786	0.215808	0.130732	0.0521913	-0.0250683	-0.10964	-0.200961	-0.287627	-0.36337	-0.429648	-0.474869	-0.503422	-0.524565	-0.537028	-0.542551	-0.53696	-0.514296	-0.471793	-0.405413	-0.32404	-0.234981	-0.133034	-0.0278346	0.0786183	0.182518	0.279903	0.367958	0.446429	0.52412	0.604195	0.689505	0.775336	0.854951	0.918816	0.958429	0.970319	0.951473	0.897589	0.809957	0.692866	0.544504	0.374685	0.192448	0	
0	-0.0111687	-0.0158386	-0.0169579	-0.0209027	-0.00942499	0.00987915	0.0289023	0.0312247	0.0202477	-0.0113219	-0.059548	-0.115622	-0.18666	-0.269218	-0.34975	-0.402305	-0.429158	-0.428551	-0.40459	-0.364749	-0.309894	-0.226471	-0.105082	0.0425573	0.191174	0.320148	0.416948	0.47438	0.481377	0.439331	0.351997	0.234134	0.108676	-0.0114196	-0.117539	-0.202191	-0.24764	-0.255531	-0.229091	-0.180655	-0.120509	-0.0432542	0.0575389	0.16784	0.292433	0.419412	0.531471	0.627548	0.701648	0.745055	0.749935	0.708377	0.628653	0.532781	0.433783	0.341863	0.248183	0.154537	0.0567941	-0.041293	-0.139253	-0.238392	-0.327267	-0.402621	-0.470393	-0.519278	-0.554702	-0.586292	-0.611318	-0.619841	-0.60689	-0.570127	-0.508525	-0.422539	-0.322479	-0.220342	-0.103245	0.017544	0.142282	0.270415	0.383254	0.479002	0.560372	0.637003	0.718817	0.810952	0.909329	1.00307	1.0795	1.12549	1.13328	1.10645	1.03984	0.936345	0.806012	0.638436	0.44255	0.230257	0	
0	0.00679495	0.0141989	0.00978857	-0.00942499	-0.0232879	-0.0239605	-0.0202922	-0.0217865	-0.033284	-0.0662091	-0.121136	-0.187227	-0.265399	-0.354766	-0.439524	-0.50098	-0.541012	-0.555466	-0.537337	-0.490092	-0.413779	-0.301369	-0.147847	0.0282105	0.199533	0.348255	0.460541	0.531847	0.546251	0.506991	0.421597	0.306138	0.187824	0.077814	-0.0247271	-0.110325	-0.168402	-0.191759	-0.18257	-0.148136	-0.0978279	-0.0227933	0.0743148	0.18127	0.291839	0.401441	0.493627	0.575166	0.643053	0.690115	0.702571	0.669868	0.602124	0.51748	0.430941	0.347102	0.254718	0.153057	0.0466467	-0.0571363	-0.157988	-0.252096	-0.32792	-0.387403	-0.443725	-0.486208	-0.522454	-0.561129	-0.591725	-0.603919	-0.586679	-0.535827	-0.458367	-0.359177	-0.254066	-0.14958	-0.0289779	0.0978635	0.227557	0.352942	0.465154	0.560208	0.638655	0.711842	0.78472	0.865202	0.951932	1.03977	1.11627	1.16552	1.17888	1.15217	1.08028	0.969472	0.82857	0.65185	0.450193	0.232746	0	
0	0.0179693	0.0358573	0.0383946	0.00987915	-0.0239605	-0.055076	-0.0744349	-0.0903306	-0.102596	-0.133494	-0.188027	-0.253643	-0.331252	-0.417062	-0.504077	-0.573358	-0.63124	-0.66234	-0.652154	-0.596286	-0.499216	-0.356977	-0.17304	0.0288963	0.219447	0.380984	0.506091	0.589738	0.617265	0.59119	0.516559	0.411988	0.304165	0.203001	0.10807	0.0180113	-0.0500909	-0.0944948	-0.110169	-0.100892	-0.0718729	-0.0143262	0.0734214	0.164514	0.257978	0.342867	0.408267	0.46641	0.520421	0.564372	0.586161	0.572021	0.526253	0.466906	0.400742	0.332055	0.246767	0.151827	0.0507819	-0.0460621	-0.137368	-0.222604	-0.285652	-0.324473	-0.354269	-0.373825	-0.398184	-0.438118	-0.477887	-0.491602	-0.468681	-0.414601	-0.33979	-0.247798	-0.146778	-0.0427683	0.0811177	0.20589	0.324763	0.43711	0.529759	0.606316	0.670558	0.72776	0.784298	0.844688	0.90912	0.976488	1.03889	1.08407	1.09951	1.0816	1.0175	0.908111	0.769578	0.595256	0.402395	0.206992	0	
0	0.0208827	0.046892	0.0562642	0.0289023	-0.0202922	-0.0744349	-0.122704	-0.158393	-0.180814	-0.209358	-0.253959	-0.305628	-0.368873	-0.448278	-0.536417	-0.615696	-0.68421	-0.72438	-0.714734	-0.653471	-0.541953	-0.378871	-0.168042	0.0587444	0.265764	0.435636	0.56342	0.651906	0.689282	0.677897	0.622879	0.536534	0.444729	0.355846	0.262514	0.1669	0.0807992	0.0137546	-0.0283746	-0.0466935	-0.0455803	-0.013074	0.048339	0.117759	0.18625	0.248516	0.291354	0.32845	0.36664	0.403832	0.430251	0.433365	0.416207	0.386348	0.348732	0.301819	0.23795	0.162902	0.0838173	0.00817044	-0.067359	-0.138534	-0.184042	-0.200279	-0.206885	-0.203293	-0.208737	-0.235029	-0.266906	-0.283932	-0.273959	-0.236088	-0.176568	-0.0946929	-0.00101871	0.0962178	0.210584	0.321782	0.421673	0.506551	0.56994	0.613636	0.643798	0.672233	0.703181	0.743287	0.789771	0.840233	0.887798	0.920368	0.931415	0.915059	0.856979	0.76057	0.637512	0.485123	0.323547	0.164309	0	
0	0.0196535	0.0461008	0.0589154	0.0312247	-0.0217865	-0.0903306	-0.158393	-0.218237	-0.2556	-0.284553	-0.312731	-0.339698	-0.382364	-0.451924	-0.542225	-0.624792	-0.694988	-0.730572	-0.717594	-0.651694	-0.535519	-0.359441	-0.128691	0.119978	0.344106	0.52125	0.649736	0.735796	0.77272	0.769204	0.728706	0.663159	0.59018	0.511236	0.4174	0.30615	0.20053	0.112538	0.0520261	0.0148055	-0.0087387	-0.00928068	0.0175775	0.0498703	0.0889668	0.126346	0.149437	0.169585	0.193579	0.223578	0.253684	0.272544	0.279668	0.281347	0.275258	0.261699	0.228428	0.185956	0.139147	0.0937131	0.0448539	-0.00356976	-0.0283316	-0.0251152	-0.0105615	0.0119189	0.0248193	0.0128318	-0.0132831	-0.0316973	-0.0313632	-0.0106593	0.030566	0.0976667	0.179068	0.261782	0.355738	0.441545	0.51196	0.564978	0.590041	0.589867	0.574111	0.557062	0.553385	0.568922	0.598942	0.638997	0.676698	0.701	0.703159	0.683844	0.634978	0.559605	0.473755	0.365513	0.246664	0.129196	0	
0	0.017443	0.0406344	0.0487788	0.0202477	-0.033284	-0.102596	-0.180814	-0.2556	-0.307325	-0.337026	-0.352902	-0.360612	-0.387122	-0.448452	-0.534461	-0.613477	-0.674784	-0.702567	-0.682029	-0.614201	-0.494628	-0.312373	-0.068714	0.196472	0.436392	0.624343	0.755908	0.836605	0.867192	0.860328	0.827649	0.775547	0.715627	0.642657	0.542518	0.417591	0.29444	0.191963	0.118978	0.0652423	0.0178776	-0.0138816	-0.0222966	-0.0209842	-0.0118999	-0.000750457	-0.00214086	-0.00543322	0.00295573	0.0270004	0.0635522	0.100933	0.135074	0.165679	0.193083	0.212499	0.218121	0.213941	0.203186	0.192977	0.178925	0.161577	0.160307	0.179225	0.201272	0.232201	0.257929	0.26316	0.248809	0.229798	0.219957	0.22922	0.263448	0.323722	0.393177	0.455367	0.521676	0.575415	0.610228	0.623982	0.604972	0.555571	0.489454	0.42364	0.372292	0.348228	0.350862	0.376556	0.411739	0.436502	0.443322	0.433586	0.400628	0.355538	0.308279	0.244052	0.170983	0.0919722	0	
0	0.0110982	0.0253466	0.0237158	-0.0113219	-0.0662091	-0.133494	-0.209358	-0.284553	-0.337026	-0.366827	-0.379914	-0.384898	-0.405461	-0.457249	-0.530692	-0.595558	-0.645416	-0.662102	-0.636122	-0.563624	-0.443157	-0.258093	-0.00871421	0.266505	0.51898	0.717538	0.85328	0.93252	0.956911	0.946995	0.912808	0.861789	0.800218	0.723708	0.619774	0.49048	0.362575	0.252811	0.165893	0.0910084	0.0155061	-0.0456902	-0.0806274	-0.103673	-0.118391	-0.135043	-0.164041	-0.189114	-0.193168	-0.167782	-0.12072	-0.0691032	-0.0180033	0.0361208	0.0937668	0.153902	0.201889	0.240032	0.271348	0.299754	0.316819	0.324338	0.341031	0.369446	0.402016	0.442798	0.479982	0.492679	0.481396	0.465128	0.459887	0.473515	0.505674	0.557447	0.611941	0.657251	0.702571	0.732134	0.734423	0.703471	0.636006	0.536094	0.416182	0.294489	0.192192	0.124668	0.0943942	0.0996889	0.12488	0.154192	0.175744	0.188499	0.185404	0.168424	0.1502	0.117351	0.0785545	0.0439841	0	
0	-0.0022437	-0.00119448	-0.0145978	-0.059548	-0.121136	-0.188027	-0.253959	-0.312731	-0.352902	-0.379914	-0.402553	-0.419186	-0.443869	-0.486133	-0.541581	-0.589312	-0.622441	-0.626792	-0.588898	-0.510258	-0.38592	-0.199287	0.0527223	0.331827	0.588681	0.789487	0.927595	1.00561	1.02973	1.01388	0.970635	0.905562	0.830644	0.746961	0.646125	0.525194	0.404555	0.29375	0.195752	0.098996	-0.00169629	-0.0897439	-0.149095	-0.194763	-0.235217	-0.277526	-0.326146	-0.362163	-0.364016	-0.331772	-0.27852	-0.22083	-0.161983	-0.0934527	-0.0070969	0.089861	0.183432	0.265276	0.331534	0.387951	0.429906	0.4552	0.482698	0.524533	0.571631	0.625655	0.669951	0.687271	0.678639	0.668663	0.675293	0.699426	0.737559	0.783597	0.826448	0.858532	0.888249	0.89718	0.871619	0.808381	0.69621	0.54105	0.364431	0.188614	0.0388314	-0.0675193	-0.12872	-0.145809	-0.130783	-0.100909	-0.0638147	-0.0249851	-0.00209723	0.00677813	0.0088819	-0.00196623	-0.00863385	-0.00453746	0	
0	-0.0211564	-0.0351826	-0.0612163	-0.115622	-0.187227	-0.253643	-0.305628	-0.339698	-0.360612	-0.384898	-0.419186	-0.453404	-0.485609	-0.523408	-0.565765	-0.598005	-0.614613	-0.599827	-0.546135	-0.454282	-0.321631	-0.129657	0.122996	0.398049	0.647329	0.842591	0.976739	1.05333	1.07039	1.04098	0.976208	0.889976	0.798574	0.711514	0.617882	0.51261	0.405593	0.304763	0.208116	0.105111	-0.0109882	-0.119615	-0.205822	-0.278495	-0.344023	-0.405204	-0.459806	-0.489153	-0.480203	-0.438354	-0.381948	-0.327123	-0.266583	-0.184757	-0.0752761	0.0528009	0.177048	0.28628	0.379045	0.455331	0.505996	0.539003	0.580589	0.639389	0.707832	0.775712	0.824313	0.837947	0.829745	0.830416	0.854099	0.895492	0.941504	0.98868	1.02526	1.04614	1.059	1.05205	1.00909	0.916232	0.76895	0.571106	0.343605	0.118605	-0.0735298	-0.212947	-0.296986	-0.328831	-0.319325	-0.282592	-0.233341	-0.181337	-0.141139	-0.114406	-0.0899936	-0.0734786	-0.0549369	-0.0261008	0	
0	-0.0435243	-0.0780849	-0.119407	-0.18666	-0.265399	-0.331252	-0.368873	-0.382364	-0.387122	-0.405461	-0.443869	-0.485609	-0.523605	-0.560868	-0.596574	-0.618376	-0.617455	-0.582845	-0.507814	-0.397176	-0.249026	-0.0500787	0.196619	0.45494	0.685571	0.865169	0.989835	1.05337	1.05338	0.999864	0.911726	0.80719	0.706844	0.618714	0.535127	0.444794	0.356442	0.273366	0.19121	0.0942229	-0.0226585	-0.142711	-0.245314	-0.3353	-0.415913	-0.484059	-0.534223	-0.551824	-0.528262	-0.476913	-0.418029	-0.360423	-0.296545	-0.21007	-0.0934318	0.0426866	0.180759	0.307408	0.415309	0.502947	0.565938	0.609766	0.660449	0.734567	0.818088	0.892971	0.941522	0.957924	0.954794	0.961082	0.991683	1.03882	1.09475	1.1486	1.18788	1.20645	1.2071	1.18032	1.11273	0.996865	0.820647	0.591698	0.338369	0.0892246	-0.125097	-0.286179	-0.387002	-0.423778	-0.409065	-0.36575	-0.310247	-0.253775	-0.208065	-0.167112	-0.125234	-0.0896829	-0.0561054	-0.0247124	0	
0	-0.0663769	-0.124526	-0.188891	-0.269218	-0.354766	-0.417062	-0.448278	-0.451924	-0.448452	-0.457249	-0.486133	-0.523408	-0.560868	-0.598584	-0.630388	-0.643873	-0.62842	-0.57395	-0.475273	-0.33956	-0.17079	0.0353006	0.2711	0.506864	0.710285	0.865141	0.96339	0.998922	0.97002	0.890971	0.783575	0.6684	0.56297	0.480193	0.409575	0.342672	0.277498	0.215528	0.147705	0.0597076	-0.052525	-0.16787	-0.268828	-0.354353	-0.429016	-0.489143	-0.526227	-0.528772	-0.493106	-0.43444	-0.371708	-0.315855	-0.255705	-0.176258	-0.0706313	0.0550439	0.189023	0.319336	0.439317	0.540341	0.61349	0.671271	0.738984	0.822855	0.909669	0.983516	1.0327	1.05105	1.0516	1.0596	1.08861	1.13749	1.19878	1.26227	1.30895	1.32741	1.31781	1.27332	1.18034	1.03002	0.827207	0.585437	0.326451	0.0778952	-0.135856	-0.292349	-0.381038	-0.407118	-0.384468	-0.336718	-0.282014	-0.227739	-0.181318	-0.140646	-0.101959	-0.0708624	-0.0447762	-0.0198953	0	
0	-0.0847469	-0.166848	-0.253879	-0.34975	-0.439524	-0.504077	-0.536417	-0.542225	-0.534461	-0.530692	-0.541581	-0.565765	-0.596574	-0.630388	-0.65596	-0.661526	-0.632856	-0.559396	-0.4372	-0.277457	-0.0904393	0.122524	0.351484	0.568446	0.743937	0.862195	0.919951	0.917134	0.858613	0.759389	0.638377	0.514697	0.408632	0.333314	0.283082	0.241649	0.199596	0.154835	0.0993861	0.0233397	-0.0717354	-0.167722	-0.24763	-0.310986	-0.364541	-0.404391	-0.424342	-0.414404	-0.374618	-0.317646	-0.26178	-0.213042	-0.164919	-0.102877	-0.0197341	0.0850425	0.203085	0.322673	0.437937	0.541704	0.631176	0.711142	0.79487	0.887195	0.976929	1.049	1.09734	1.1194	1.12241	1.12737	1.15386	1.203	1.2685	1.33375	1.38122	1.4015	1.38477	1.32217	1.20391	1.03179	0.813616	0.564742	0.308155	0.0706251	-0.119977	-0.246693	-0.306369	-0.309106	-0.274342	-0.223124	-0.166414	-0.112568	-0.0696506	-0.0396591	-0.02314	-0.0168146	-0.0134854	-0.00762871	0	
0	-0.0959598	-0.1928	-0.296198	-0.402305	-0.50098	-0.573358	-0.615696	-0.624792	-0.613477	-0.595558	-0.589312	-0.598005	-0.618376	-0.643873	-0.661526	-0.6594	-0.617435	-0.527246	-0.387671	-0.215251	-0.0183743	0.202204	0.431838	0.638947	0.787631	0.866479	0.880658	0.838798	0.752787	0.63369	0.500566	0.374183	0.274377	0.215884	0.186573	0.168764	0.14606	0.118772	0.0823269	0.0281649	-0.042265	-0.111916	-0.167275	-0.201981	-0.224648	-0.237251	-0.23723	-0.221817	-0.18956	-0.149853	-0.112392	-0.0819108	-0.0488793	-0.00211408	0.0642806	0.147336	0.239914	0.332869	0.425876	0.518472	0.610127	0.704501	0.804204	0.908151	1.00541	1.08536	1.14039	1.16313	1.16441	1.1677	1.19282	1.23905	1.29922	1.35755	1.39847	1.41228	1.38899	1.32093	1.20072	1.02801	0.808242	0.557896	0.300981	0.0744323	-0.0936432	-0.188166	-0.211208	-0.185458	-0.127003	-0.0566694	0.010924	0.0648041	0.0954555	0.104041	0.093087	0.0721662	0.0477988	0.0228649	0	
0	-0.101827	-0.205026	-0.314131	-0.429158	-0.541012	-0.63124	-0.68421	-0.694988	-0.674784	-0.645416	-0.622441	-0.614613	-0.617455	-0.62842	-0.632856	-0.617435	-0.559861	-0.455157	-0.309308	-0.137576	0.0590489	0.280456	0.507477	0.701375	0.825284	0.872694	0.850614	0.775125	0.658671	0.52047	0.382406	0.266922	0.189105	0.152428	0.14272	0.143751	0.14021	0.137688	0.128491	0.102079	0.0568578	0.00931246	-0.0244857	-0.0336944	-0.029455	-0.0199558	-0.0119042	0.000586143	0.0168503	0.0373543	0.0554619	0.0690241	0.0854917	0.118256	0.165883	0.227269	0.29237	0.353733	0.42158	0.496569	0.581143	0.674507	0.77736	0.888662	1.00296	1.10124	1.1675	1.19436	1.19509	1.19192	1.2054	1.23762	1.27989	1.31951	1.34644	1.35343	1.32873	1.26804	1.16331	1.00486	0.795088	0.551512	0.303595	0.095224	-0.0488365	-0.118984	-0.117797	-0.0651908	0.021739	0.117493	0.199302	0.250109	0.268108	0.25759	0.22408	0.180482	0.12637	0.0645018	0	
0	-0.101227	-0.201668	-0.308765	-0.428551	-0.555466	-0.66234	-0.72438	-0.730572	-0.702567	-0.662102	-0.626792	-0.599827	-0.582845	-0.57395	-0.559396	-0.527246	-0.455157	-0.34433	-0.200383	-0.0344269	0.155365	0.368274	0.578746	0.754538	0.86107	0.889517	0.842544	0.732515	0.585548	0.429973	0.295396	0.200771	0.149577	0.137036	0.148295	0.173659	0.199588	0.228691	0.249934	0.247315	0.221206	0.190467	0.171173	0.177327	0.193857	0.206746	0.212381	0.216494	0.224506	0.234995	0.240558	0.237754	0.236591	0.248065	0.274289	0.312138	0.35196	0.392453	0.441301	0.499651	0.569091	0.651519	0.747774	0.866526	0.993955	1.10411	1.17515	1.1975	1.1915	1.17818	1.17796	1.19053	1.21493	1.23757	1.24794	1.24517	1.22234	1.17278	1.08399	0.942806	0.745849	0.519053	0.293508	0.109052	-0.0141003	-0.0662901	-0.0424615	0.0359809	0.148232	0.262151	0.352678	0.404719	0.418366	0.399615	0.348636	0.280469	0.196795	0.0990314	0	
0	-0.091526	-0.182962	-0.283931	-0.40459	-0.537337	-0.652154	-0.714734	-0.717594	-0.682029	-0.636122	-0.588898	-0.546135	-0.507814	-0.475273	-0.4372	-0.387671	-0.309308	-0.200383	-0.0601417	0.10078	0.283061	0.47698	0.664762	0.822989	0.919055	0.937589	0.867989	0.731447	0.561527	0.398624	0.271124	0.192644	0.162211	0.169772	0.203411	0.258024	0.315195	0.374902	0.420417	0.438394	0.430719	0.416971	0.409219	0.417756	0.42812	0.429516	0.420086	0.417675	0.420892	0.426588	0.423841	0.406254	0.384745	0.377756	0.380341	0.394353	0.414858	0.440062	0.479987	0.525085	0.578379	0.647499	0.741735	0.860207	0.987922	1.09454	1.15317	1.1613	1.14302	1.11668	1.10088	1.10406	1.11776	1.12757	1.12798	1.11763	1.09303	1.04617	0.963074	0.827755	0.64693	0.44651	0.24628	0.0833127	-0.0253535	-0.0598432	-0.0126765	0.0864432	0.215088	0.342427	0.445326	0.509169	0.533243	0.514619	0.451959	0.36326	0.251639	0.126567	0	
0	-0.0738163	-0.153646	-0.248936	-0.364749	-0.490092	-0.596286	-0.653471	-0.651694	-0.614201	-0.563624	-0.510258	-0.454282	-0.397176	-0.33956	-0.277457	-0.215251	-0.137576	-0.0344269	0.10078	0.259158	0.43178	0.612082	0.783738	0.931389	1.01827	1.02195	0.934394	0.780922	0.602511	0.438289	0.313382	0.242552	0.224485	0.24792	0.301017	0.378924	0.460624	0.541197	0.605347	0.640759	0.65146	0.653623	0.649962	0.650424	0.644463	0.626025	0.603327	0.59239	0.590624	0.589994	0.577006	0.547419	0.514379	0.489873	0.474364	0.474349	0.482238	0.500808	0.530725	0.562113	0.600686	0.660046	0.744808	0.857835	0.973321	1.06141	1.10298	1.09367	1.06108	1.02004	0.992154	0.982045	0.986672	0.989755	0.982954	0.972327	0.949168	0.89638	0.806338	0.676767	0.510584	0.327236	0.14037	-0.0112453	-0.102035	-0.117141	-0.051574	0.0647775	0.208393	0.353539	0.476863	0.55816	0.593758	0.579393	0.512296	0.414367	0.290123	0.146215	0	
0	-0.0511231	-0.117501	-0.205274	-0.309894	-0.413779	-0.499216	-0.541953	-0.535519	-0.494628	-0.443157	-0.38592	-0.321631	-0.249026	-0.17079	-0.0904393	-0.0183743	0.0590489	0.155365	0.283061	0.43178	0.60016	0.777104	0.946129	1.08438	1.15361	1.13805	1.03395	0.872887	0.691478	0.526521	0.403569	0.338203	0.332098	0.368126	0.433537	0.524291	0.618106	0.70894	0.78214	0.829008	0.852712	0.863071	0.856831	0.840574	0.813108	0.776789	0.738928	0.721218	0.714167	0.707717	0.691356	0.658521	0.618803	0.588539	0.56302	0.551543	0.553666	0.565834	0.585424	0.598241	0.619112	0.665108	0.740629	0.834878	0.927104	0.998669	1.02436	1.00195	0.957311	0.903036	0.857251	0.831731	0.81923	0.80961	0.803984	0.795261	0.770905	0.714812	0.626279	0.500498	0.337196	0.156547	-0.0234179	-0.158278	-0.230314	-0.224701	-0.140942	-0.011733	0.14738	0.309357	0.447171	0.538852	0.580121	0.569453	0.507785	0.41492	0.293028	0.149547	0	
0	-0.0252412	-0.0715998	-0.143241	-0.226471	-0.301369	-0.356977	-0.378871	-0.359441	-0.312373	-0.258093	-0.199287	-0.129657	-0.0500787	0.0353006	0.122524	0.202204	0.280456	0.368274	0.47698	0.612082	0.777104	0.959758	1.12734	1.25226	1.30155	1.26762	1.15169	0.984543	0.800527	0.637551	0.518647	0.461775	0.466296	0.512177	0.583749	0.677762	0.772604	0.860553	0.931521	0.980423	1.00915	1.02276	1.00787	0.971646	0.922457	0.866459	0.816901	0.7919	0.781767	0.778167	0.769346	0.745039	0.712128	0.680039	0.650468	0.638244	0.63169	0.628624	0.626934	0.620906	0.625711	0.656822	0.711236	0.78118	0.846664	0.893775	0.903768	0.866533	0.80962	0.743468	0.683032	0.637589	0.610408	0.596987	0.588048	0.57845	0.55687	0.504469	0.421047	0.300114	0.138236	-0.0410503	-0.212478	-0.328931	-0.375929	-0.351469	-0.254321	-0.11155	0.0557521	0.22205	0.358787	0.447228	0.490334	0.486009	0.435997	0.358237	0.253652	0.129642	0	
0	0.00419556	-0.0117787	-0.0523537	-0.105082	-0.147847	-0.17304	-0.168042	-0.128691	-0.068714	-0.00871421	0.0527223	0.122996	0.196619	0.2711	0.351484	0.431838	0.507477	0.578746	0.664762	0.783738	0.946129	1.12734	1.28728	1.3986	1.43563	1.39197	1.26873	1.09832	0.915979	0.756555	0.64064	0.584896	0.593718	0.64332	0.71641	0.807243	0.895207	0.972285	1.03296	1.07666	1.10541	1.11654	1.09223	1.038	0.970231	0.901848	0.841976	0.810765	0.800192	0.801991	0.805036	0.79558	0.774734	0.75387	0.732128	0.717491	0.701359	0.680649	0.656375	0.627509	0.614335	0.626662	0.656912	0.694645	0.725765	0.743552	0.722436	0.659662	0.586401	0.510343	0.443234	0.398242	0.374513	0.363129	0.357226	0.347569	0.328862	0.285505	0.212029	0.0947833	-0.0685199	-0.242961	-0.397527	-0.495805	-0.529954	-0.490177	-0.376591	-0.221896	-0.0512664	0.10778	0.23496	0.317247	0.357384	0.358059	0.320995	0.261887	0.184354	0.0934355	0	
0	0.0364036	0.0594861	0.059993	0.0425573	0.0282105	0.0288963	0.0587444	0.119978	0.196472	0.266505	0.331827	0.398049	0.45494	0.506864	0.568446	0.638947	0.701375	0.754538	0.822989	0.931389	1.08438	1.25226	1.3986	1.5017	1.53575	1.4896	1.36642	1.20148	1.02662	0.869356	0.746243	0.679576	0.678801	0.722012	0.788605	0.87103	0.95131	1.0177	1.06863	1.10636	1.13151	1.13894	1.10754	1.04157	0.966332	0.891441	0.824938	0.784735	0.767312	0.768733	0.780313	0.784104	0.780348	0.776887	0.770563	0.764192	0.739946	0.7009	0.658986	0.617964	0.5881	0.574908	0.573844	0.574929	0.563741	0.537547	0.479444	0.386828	0.293812	0.213255	0.152624	0.122599	0.121378	0.13377	0.141062	0.139196	0.131056	0.0930093	0.0150874	-0.107009	-0.264381	-0.426163	-0.570861	-0.662453	-0.685549	-0.63203	-0.506279	-0.34382	-0.1715	-0.0121053	0.11174	0.190894	0.231119	0.234221	0.208323	0.166384	0.113181	0.0568718	0	
0	0.0704294	0.13416	0.175497	0.191174	0.199533	0.219447	0.265764	0.344106	0.436392	0.51898	0.588681	0.647329	0.685571	0.710285	0.743937	0.787631	0.825284	0.86107	0.919055	1.01827	1.15361	1.30155	1.43563	1.53575	1.57281	1.53204	1.41988	1.26988	1.10372	0.942842	0.802439	0.710376	0.683879	0.705599	0.756233	0.829741	0.907388	0.974401	1.02585	1.06294	1.08548	1.08742	1.04879	0.97836	0.90179	0.828263	0.759135	0.709904	0.683033	0.678513	0.688932	0.700924	0.714882	0.733783	0.748829	0.753921	0.73384	0.695766	0.650218	0.597777	0.546545	0.503246	0.465454	0.425324	0.370221	0.298809	0.198284	0.0745765	-0.0345484	-0.116755	-0.161529	-0.160462	-0.12786	-0.0869009	-0.0535384	-0.0298635	-0.0229316	-0.0593045	-0.143052	-0.269096	-0.426247	-0.588595	-0.730676	-0.817839	-0.833292	-0.770602	-0.6385	-0.467399	-0.286649	-0.121225	0.00959702	0.0953325	0.140376	0.150779	0.134521	0.104855	0.0697953	0.0342267	0	
0	0.105695	0.20491	0.27899	0.320148	0.348255	0.380984	0.435636	0.52125	0.624343	0.717538	0.789487	0.842591	0.865169	0.865141	0.862195	0.866479	0.872694	0.889517	0.937589	1.02195	1.13805	1.26762	1.39197	1.4896	1.53204	1.5026	1.40826	1.27197	1.11301	0.945356	0.785889	0.664024	0.604586	0.597595	0.628146	0.689001	0.768456	0.843644	0.904962	0.947303	0.969093	0.96595	0.927024	0.858948	0.789968	0.722923	0.653221	0.594253	0.55514	0.538572	0.545686	0.565342	0.596274	0.638327	0.677886	0.700932	0.694415	0.665407	0.622478	0.561872	0.487433	0.410095	0.335523	0.254705	0.154715	0.0432699	-0.0866477	-0.229482	-0.34992	-0.425841	-0.451163	-0.426778	-0.366122	-0.290923	-0.21972	-0.165508	-0.141179	-0.173084	-0.259484	-0.385976	-0.544414	-0.710922	-0.854944	-0.940917	-0.951593	-0.88419	-0.748649	-0.572738	-0.38311	-0.206109	-0.0635706	0.0358159	0.090494	0.10745	0.10083	0.0800806	0.054255	0.0284431	0	
0	0.137798	0.264028	0.35716	0.416948	0.460541	0.506091	0.56342	0.649736	0.755908	0.85328	0.927595	0.976739	0.989835	0.96339	0.919951	0.880658	0.850614	0.842544	0.867989	0.934394	1.03395	1.15169	1.26873	1.36642	1.41988	1.40826	1.32949	1.20501	1.0487	0.875607	0.698448	0.551287	0.462006	0.427006	0.430552	0.475732	0.554518	0.642617	0.718084	0.768949	0.793718	0.795438	0.764527	0.709067	0.65025	0.58812	0.517594	0.449495	0.39764	0.372495	0.377417	0.40551	0.455056	0.517017	0.575099	0.618712	0.633568	0.620041	0.579602	0.50577	0.40419	0.294733	0.187728	0.0719488	-0.059444	-0.198549	-0.345118	-0.494414	-0.612606	-0.678919	-0.690883	-0.650765	-0.571055	-0.467651	-0.36516	-0.281797	-0.237146	-0.251041	-0.321715	-0.443349	-0.604627	-0.778823	-0.926749	-1.01311	-1.02456	-0.959461	-0.82535	-0.646957	-0.454431	-0.27011	-0.114018	0.000209235	0.0691091	0.0990932	0.103548	0.0891542	0.0638839	0.0347614	0	
0	0.161076	0.302662	0.405258	0.47438	0.531847	0.589738	0.651906	0.735796	0.836605	0.93252	1.00561	1.05333	1.05337	0.998922	0.917134	0.838798	0.775125	0.732515	0.731447	0.780922	0.872887	0.984543	1.09832	1.20148	1.26988	1.27197	1.20501	1.08384	0.928105	0.746597	0.558967	0.398636	0.290981	0.230567	0.209394	0.236571	0.312868	0.406747	0.48889	0.545827	0.582024	0.600326	0.592381	0.557214	0.51089	0.456385	0.385815	0.307663	0.24385	0.206968	0.208307	0.244151	0.306376	0.38327	0.462606	0.525874	0.559529	0.554966	0.507506	0.416162	0.294505	0.163884	0.0318623	-0.106612	-0.255881	-0.404639	-0.553324	-0.696072	-0.804074	-0.857274	-0.856346	-0.808984	-0.716526	-0.595189	-0.472049	-0.369096	-0.305015	-0.294942	-0.34599	-0.454833	-0.61332	-0.789055	-0.940198	-1.03824	-1.06116	-1.00167	-0.870909	-0.693098	-0.494726	-0.302749	-0.137398	-0.0110492	0.0699829	0.115409	0.129564	0.113477	0.0815548	0.0428727	0	
0	0.165414	0.308693	0.410088	0.481377	0.546251	0.617265	0.689282	0.77272	0.867192	0.956911	1.02973	1.07039	1.05338	0.97002	0.858613	0.752787	0.658671	0.585548	0.561527	0.602511	0.691478	0.800527	0.915979	1.02662	1.10372	1.11301	1.0487	0.928105	0.766674	0.579739	0.389609	0.226089	0.105617	0.0285976	-0.00874329	0.00768776	0.0752275	0.164178	0.246104	0.311441	0.365364	0.408198	0.423945	0.409649	0.380168	0.337655	0.273235	0.192032	0.1162	0.0694897	0.06651	0.102978	0.168473	0.250879	0.337346	0.415048	0.462186	0.459644	0.408545	0.312199	0.182717	0.0416776	-0.0985663	-0.248539	-0.405174	-0.555746	-0.693753	-0.817798	-0.90888	-0.950099	-0.945586	-0.895074	-0.794698	-0.66111	-0.528595	-0.416028	-0.336482	-0.306122	-0.343414	-0.449083	-0.602201	-0.773682	-0.928276	-1.03197	-1.06119	-1.00888	-0.882417	-0.703821	-0.50003	-0.301662	-0.132791	-0.000662186	0.0912689	0.143479	0.159538	0.141697	0.102631	0.0555538	0	
0	0.147729	0.278003	0.371374	0.439331	0.506991	0.59119	0.677897	0.769204	0.860328	0.946995	1.01388	1.04098	0.999864	0.890971	0.759389	0.63369	0.52047	0.429973	0.398624	0.438289	0.526521	0.637551	0.756555	0.869356	0.942842	0.945356	0.875607	0.746597	0.579739	0.390814	0.2018	0.0360538	-0.0896238	-0.167129	-0.203104	-0.191428	-0.135272	-0.0531092	0.0303789	0.10561	0.174914	0.233146	0.264734	0.271156	0.262357	0.241241	0.19405	0.118708	0.0440694	-0.00481454	-0.0133307	0.0128789	0.0629322	0.128824	0.209814	0.287942	0.33846	0.340384	0.293861	0.207326	0.091137	-0.0406458	-0.182871	-0.33133	-0.480979	-0.62494	-0.754508	-0.865739	-0.944769	-0.979542	-0.965172	-0.90367	-0.79405	-0.660155	-0.529647	-0.411065	-0.326226	-0.297709	-0.342026	-0.450094	-0.602642	-0.771914	-0.921699	-1.01887	-1.04	-0.981387	-0.850408	-0.667753	-0.462218	-0.26739	-0.0981314	0.0366601	0.12421	0.168914	0.176446	0.157071	0.119783	0.0652054	0	
0	0.109362	0.211687	0.290843	0.351997	0.421597	0.516559	0.622879	0.728706	0.827649	0.912808	0.970635	0.976208	0.911726	0.783575	0.638377	0.500566	0.382406	0.295396	0.271124	0.313382	0.403569	0.518647	0.64064	0.746243	0.802439	0.785889	0.698448	0.558967	0.389609	0.2018	0.0123458	-0.153271	-0.270119	-0.333831	-0.361085	-0.351818	-0.30365	-0.224331	-0.138563	-0.0577003	0.0188771	0.0858331	0.130738	0.156899	0.170619	0.174119	0.149285	0.0952763	0.0336756	-0.00877238	-0.0248099	-0.0218611	-0.00592342	0.0307972	0.0890333	0.153683	0.198243	0.199773	0.168437	0.107955	0.0210427	-0.08423	-0.201082	-0.333944	-0.476802	-0.616279	-0.738868	-0.842214	-0.917736	-0.947711	-0.923697	-0.850232	-0.732856	-0.597314	-0.468187	-0.35963	-0.29609	-0.291168	-0.354483	-0.474825	-0.629559	-0.791878	-0.928262	-1.00526	-1.00578	-0.927402	-0.780201	-0.593457	-0.393374	-0.204821	-0.040656	0.0842585	0.157816	0.188392	0.187129	0.163229	0.119817	0.0634193	0	
0	0.0574245	0.120663	0.178798	0.234134	0.306138	0.411988	0.536534	0.663159	0.775547	0.861789	0.905562	0.889976	0.80719	0.6684	0.514697	0.374183	0.266922	0.200771	0.192644	0.242552	0.338203	0.461775	0.584896	0.679576	0.710376	0.664024	0.551287	0.398636	0.226089	0.0360538	-0.153271	-0.30689	-0.404727	-0.450146	-0.467121	-0.453345	-0.408458	-0.336033	-0.255217	-0.173984	-0.0917674	-0.0155066	0.0408474	0.0829825	0.117792	0.145595	0.151316	0.125071	0.0845479	0.047622	0.0159594	-0.0158842	-0.0402361	-0.0428295	-0.0191184	0.0184582	0.0446858	0.0462137	0.0327498	0.00639399	-0.0393294	-0.105135	-0.190749	-0.294281	-0.412148	-0.537875	-0.653455	-0.754581	-0.828363	-0.853521	-0.818355	-0.735536	-0.617874	-0.490027	-0.374877	-0.287726	-0.254783	-0.286702	-0.378961	-0.514733	-0.674221	-0.82776	-0.946336	-0.997079	-0.969375	-0.866538	-0.700037	-0.50544	-0.304047	-0.119571	0.0293621	0.129942	0.183511	0.204479	0.193842	0.158648	0.107479	0.0520123	0	
0	0.0034058	0.0227111	0.0573848	0.108676	0.187824	0.304165	0.444729	0.59018	0.715627	0.800218	0.830644	0.798574	0.706844	0.56297	0.408632	0.274377	0.189105	0.149577	0.162211	0.224485	0.332098	0.466296	0.593718	0.678801	0.683879	0.604586	0.462006	0.290981	0.105617	-0.0896238	-0.270119	-0.404727	-0.480595	-0.508301	-0.50716	-0.483072	-0.448718	-0.392339	-0.320704	-0.236764	-0.146767	-0.0622233	0.0029096	0.0624539	0.118567	0.17387	0.204246	0.202466	0.175453	0.138353	0.0882802	0.0259688	-0.0370702	-0.081219	-0.102388	-0.107622	-0.109554	-0.114496	-0.110104	-0.105708	-0.110809	-0.131028	-0.174048	-0.242134	-0.330429	-0.428086	-0.522814	-0.609016	-0.670213	-0.689426	-0.653983	-0.577824	-0.473695	-0.361669	-0.264606	-0.207849	-0.217401	-0.286181	-0.403066	-0.557501	-0.72391	-0.867795	-0.965443	-0.990326	-0.937443	-0.812169	-0.631835	-0.427543	-0.21857	-0.0372787	0.0967801	0.175508	0.21224	0.218216	0.189008	0.145395	0.0969735	0.0465443	0	
0	-0.0454567	-0.069201	-0.058417	-0.0114196	0.077814	0.203001	0.355846	0.511236	0.642657	0.723708	0.746961	0.711514	0.618714	0.480193	0.333314	0.215884	0.152428	0.137036	0.169772	0.24792	0.368126	0.512177	0.64332	0.722012	0.705599	0.597595	0.427006	0.230567	0.0285976	-0.167129	-0.333831	-0.450146	-0.508301	-0.514817	-0.493724	-0.470791	-0.452733	-0.41234	-0.341257	-0.251493	-0.15576	-0.0644315	0.0157471	0.0944164	0.175255	0.245224	0.287496	0.29827	0.279977	0.241527	0.180311	0.0948792	-0.00187422	-0.0887673	-0.162399	-0.213081	-0.245389	-0.258041	-0.24572	-0.219006	-0.189705	-0.170656	-0.170788	-0.191999	-0.235393	-0.294551	-0.358374	-0.422308	-0.467787	-0.478053	-0.448519	-0.391297	-0.311136	-0.227051	-0.167105	-0.154379	-0.196202	-0.290238	-0.427159	-0.591883	-0.761023	-0.896242	-0.979118	-0.982614	-0.908028	-0.76819	-0.576029	-0.366172	-0.158676	0.0152444	0.137988	0.212417	0.244357	0.232724	0.190035	0.146812	0.102079	0.0518304	0	
0	-0.0857767	-0.145497	-0.159636	-0.117539	-0.0247271	0.10807	0.262514	0.4174	0.542518	0.619774	0.646125	0.617882	0.535127	0.409575	0.283082	0.186573	0.14272	0.148295	0.203411	0.301017	0.433537	0.583749	0.71641	0.788605	0.756233	0.628146	0.430552	0.209394	-0.00874329	-0.203104	-0.361085	-0.467121	-0.50716	-0.493724	-0.466756	-0.447673	-0.437848	-0.396161	-0.322821	-0.23333	-0.137193	-0.0363538	0.0591109	0.160772	0.256432	0.3345	0.383602	0.403006	0.387552	0.34402	0.268591	0.159478	0.0325068	-0.0933258	-0.208257	-0.294876	-0.351052	-0.374756	-0.361349	-0.322643	-0.26787	-0.210544	-0.168658	-0.14476	-0.14031	-0.153022	-0.180399	-0.214709	-0.234952	-0.24239	-0.228535	-0.191375	-0.141179	-0.0972077	-0.0822749	-0.109816	-0.183363	-0.300141	-0.448785	-0.620237	-0.786373	-0.914176	-0.990049	-0.984432	-0.902256	-0.751301	-0.544881	-0.324457	-0.118859	0.0486273	0.172599	0.245129	0.270459	0.255234	0.211527	0.167431	0.114562	0.0526808	0	
0	-0.113161	-0.199698	-0.231934	-0.202191	-0.110325	0.0180113	0.1669	0.30615	0.417591	0.49048	0.525194	0.51261	0.444794	0.342672	0.241649	0.168764	0.143751	0.173659	0.258024	0.378924	0.524291	0.677762	0.807243	0.87103	0.829741	0.689001	0.475732	0.236571	0.00768776	-0.191428	-0.351818	-0.453345	-0.483072	-0.470791	-0.447673	-0.428116	-0.403213	-0.352645	-0.276431	-0.184409	-0.0833967	0.0240206	0.133585	0.2441	0.348791	0.432788	0.484979	0.505695	0.484561	0.428294	0.336968	0.208055	0.0521347	-0.108197	-0.26046	-0.375477	-0.448586	-0.476203	-0.457851	-0.404997	-0.32544	-0.240803	-0.168811	-0.108862	-0.0647791	-0.0321579	-0.0133083	-0.00770911	-0.00442458	-0.00770024	-0.00791867	0.00410425	0.0243996	0.032966	0.0121617	-0.0470158	-0.144318	-0.286059	-0.45863	-0.641561	-0.814335	-0.944312	-1.01598	-1.00598	-0.917309	-0.758623	-0.544831	-0.31925	-0.109328	0.0694683	0.201878	0.275136	0.302645	0.297013	0.263643	0.212248	0.14168	0.066617	0	
0	-0.125949	-0.22286	-0.267536	-0.24764	-0.168402	-0.0500909	0.0807992	0.20053	0.29444	0.362575	0.404555	0.405593	0.356442	0.277498	0.199596	0.14606	0.14021	0.199588	0.315195	0.460624	0.618106	0.772604	0.895207	0.95131	0.907388	0.768456	0.554518	0.312868	0.0752275	-0.135272	-0.30365	-0.408458	-0.448718	-0.452733	-0.437848	-0.403213	-0.35952	-0.297993	-0.210324	-0.108882	-0.0055548	0.103915	0.215839	0.332892	0.447052	0.534896	0.58387	0.591994	0.55733	0.488453	0.384557	0.236628	0.0565831	-0.134539	-0.313231	-0.444977	-0.527009	-0.555158	-0.529583	-0.462599	-0.368233	-0.26615	-0.170221	-0.0813808	-0.00473617	0.0646317	0.119305	0.152766	0.174827	0.177804	0.17523	0.184167	0.190017	0.175082	0.128365	0.0447827	-0.0761903	-0.244816	-0.440885	-0.644069	-0.830934	-0.970317	-1.04786	-1.03828	-0.948733	-0.789671	-0.57635	-0.349218	-0.129515	0.0677614	0.217323	0.305433	0.349715	0.356075	0.321326	0.260748	0.183706	0.095018	0	
0	-0.124358	-0.219409	-0.26531	-0.255531	-0.191759	-0.0944948	0.0137546	0.112538	0.191963	0.252811	0.29375	0.304763	0.273366	0.215528	0.154835	0.118772	0.137688	0.228691	0.374902	0.541197	0.70894	0.860553	0.972285	1.0177	0.974401	0.843644	0.642617	0.406747	0.164178	-0.0531092	-0.224331	-0.336033	-0.392339	-0.41234	-0.396161	-0.352645	-0.297993	-0.224222	-0.126093	-0.0229104	0.073899	0.178843	0.296108	0.420797	0.541394	0.627447	0.659772	0.650261	0.603879	0.524256	0.411151	0.251341	0.0519592	-0.157296	-0.34504	-0.484648	-0.574666	-0.6078	-0.583507	-0.513887	-0.408589	-0.289551	-0.175375	-0.0660034	0.0356893	0.133371	0.211127	0.261111	0.294648	0.30861	0.319575	0.338412	0.343607	0.319153	0.258765	0.154797	0.00280616	-0.198006	-0.416619	-0.631048	-0.827386	-0.97635	-1.05836	-1.05676	-0.972605	-0.816507	-0.610416	-0.383152	-0.155086	0.0508822	0.211035	0.318832	0.381185	0.390407	0.35038	0.286079	0.20645	0.10918	0	
0	-0.11248	-0.195181	-0.234867	-0.229091	-0.18257	-0.110169	-0.0283746	0.0520261	0.118978	0.165893	0.195752	0.208116	0.19121	0.147705	0.0993861	0.0823269	0.128491	0.249934	0.420417	0.605347	0.78214	0.931521	1.03296	1.06863	1.02585	0.904962	0.718084	0.48889	0.246104	0.0303789	-0.138563	-0.255217	-0.320704	-0.341257	-0.322821	-0.276431	-0.210324	-0.126093	-0.0279986	0.0628727	0.147571	0.247258	0.361117	0.483024	0.600064	0.67382	0.692117	0.67203	0.619094	0.53724	0.422301	0.257225	0.0547834	-0.15275	-0.340458	-0.48762	-0.590282	-0.635424	-0.618105	-0.549438	-0.44466	-0.322929	-0.195347	-0.0700254	0.046241	0.16333	0.264035	0.329223	0.373981	0.40693	0.434946	0.460132	0.469337	0.449281	0.381477	0.255814	0.0794571	-0.140305	-0.376123	-0.603632	-0.807637	-0.961784	-1.04545	-1.04754	-0.971331	-0.825289	-0.623281	-0.394895	-0.167838	0.035174	0.191828	0.301474	0.363718	0.369588	0.335128	0.276184	0.1936	0.0971357	0	
0	-0.0948587	-0.160087	-0.187756	-0.180655	-0.148136	-0.100892	-0.0466935	0.0148055	0.0652423	0.0910084	0.098996	0.105111	0.0942229	0.0597076	0.0233397	0.0281649	0.102079	0.247315	0.438394	0.640759	0.829008	0.980423	1.07666	1.10636	1.06294	0.947303	0.768949	0.545827	0.311441	0.10561	-0.0577003	-0.173984	-0.236764	-0.251493	-0.23333	-0.184409	-0.108882	-0.0229104	0.0628727	0.141251	0.217868	0.304383	0.404376	0.51281	0.614298	0.673702	0.679295	0.645972	0.590663	0.513743	0.408223	0.254138	0.0670078	-0.125837	-0.305792	-0.45928	-0.575635	-0.635824	-0.630893	-0.57258	-0.477795	-0.36109	-0.235316	-0.105892	0.0288478	0.167736	0.282888	0.362391	0.42567	0.47933	0.524268	0.561487	0.577162	0.555651	0.480911	0.344946	0.15702	-0.0722392	-0.31862	-0.556608	-0.766868	-0.925332	-1.0136	-1.01951	-0.947468	-0.808097	-0.612444	-0.391421	-0.175835	0.0141364	0.162498	0.26185	0.308105	0.312286	0.288332	0.236763	0.163336	0.080725	0	
0	-0.074844	-0.120119	-0.133251	-0.120509	-0.0978279	-0.0718729	-0.0455803	-0.0087387	0.0178776	0.0155061	-0.00169629	-0.0109882	-0.0226585	-0.052525	-0.0717354	-0.042265	0.0568578	0.221206	0.430719	0.65146	0.852712	1.00915	1.10541	1.13151	1.08548	0.969093	0.793718	0.582024	0.365364	0.174914	0.0188771	-0.0917674	-0.146767	-0.15576	-0.137193	-0.0833967	-0.0055548	0.073899	0.147571	0.217868	0.279456	0.345869	0.424701	0.514694	0.594261	0.636404	0.624046	0.580051	0.525545	0.458494	0.362374	0.226776	0.0668453	-0.102387	-0.266559	-0.414591	-0.533903	-0.605836	-0.615856	-0.577713	-0.504127	-0.400773	-0.277441	-0.145027	-0.00566424	0.139656	0.268088	0.363171	0.44417	0.521539	0.586641	0.633419	0.661146	0.649843	0.571633	0.428618	0.234604	0.00566698	-0.241643	-0.485752	-0.702547	-0.870805	-0.969712	-0.985186	-0.916914	-0.779845	-0.591228	-0.378867	-0.177727	-0.00530035	0.130389	0.215726	0.248213	0.248985	0.227199	0.18014	0.124193	0.0666489	0	
0	-0.0485394	-0.0698099	-0.0627914	-0.0432542	-0.0227933	-0.0143262	-0.013074	-0.00928068	-0.0138816	-0.0456902	-0.0897439	-0.119615	-0.142711	-0.16787	-0.167722	-0.111916	0.00931246	0.190467	0.416971	0.653623	0.863071	1.02276	1.11654	1.13894	1.08742	0.96595	0.795438	0.600326	0.408198	0.233146	0.0858331	-0.0155066	-0.0622233	-0.0644315	-0.0363538	0.0240206	0.103915	0.178843	0.247258	0.304383	0.345869	0.387153	0.441265	0.499028	0.547425	0.563936	0.536418	0.490076	0.445986	0.389105	0.304781	0.193182	0.0610552	-0.0793823	-0.22073	-0.358288	-0.476528	-0.550278	-0.57071	-0.547969	-0.493283	-0.413409	-0.310219	-0.189402	-0.0549941	0.0862864	0.214846	0.320773	0.418392	0.515232	0.600766	0.669143	0.719953	0.721132	0.649511	0.513976	0.328889	0.100134	-0.156686	-0.40691	-0.632828	-0.807899	-0.911185	-0.934411	-0.872057	-0.737896	-0.555739	-0.35804	-0.170004	-0.0142234	0.0994084	0.170521	0.195369	0.191906	0.169356	0.126227	0.0841041	0.047578	0	
0	-0.0130695	-0.000959957	0.0271302	0.0575389	0.0743148	0.0734214	0.048339	0.0175775	-0.0222966	-0.0806274	-0.149095	-0.205822	-0.245314	-0.268828	-0.24763	-0.167275	-0.0244857	0.171173	0.409219	0.649962	0.856831	1.00787	1.09223	1.10754	1.04879	0.927024	0.764527	0.592381	0.423945	0.264734	0.130738	0.0408474	0.0029096	0.0157471	0.0591109	0.133585	0.215839	0.296108	0.361117	0.404376	0.424701	0.441265	0.455682	0.468718	0.470655	0.454972	0.417022	0.378825	0.345364	0.302802	0.246081	0.169033	0.0729872	-0.038073	-0.158017	-0.281252	-0.387872	-0.460764	-0.487753	-0.47754	-0.445803	-0.393086	-0.316672	-0.222712	-0.113717	0.00888072	0.131691	0.242249	0.349052	0.456597	0.561673	0.656834	0.731476	0.756705	0.708318	0.590312	0.411975	0.181593	-0.0771917	-0.330092	-0.552249	-0.722635	-0.824059	-0.842795	-0.785956	-0.664096	-0.501177	-0.329546	-0.160729	-0.0220441	0.0727644	0.128577	0.148908	0.14472	0.12118	0.0871655	0.0557392	0.0290401	0	
