0	0	0	0	0	0	0	0	0	0	0	0	0	0	0	0	0	0	0	0	0	0	0	0	0	0	0	0	0	0	0	0	0	0	0	0	0	0	0	0	0	0	0	0	0	0	0	0	0	0	0	0	0	0	0	0	0	0	0	0	0	0	0	0	0	0	0	0	0	0	0	0	0	0	0	0	0	0	0	0	0	0	0	0	0	0	0	0	0	0	0	0	0	0	0	0	0	0	0	0	
0	-0.0542971	-0.0408542	-0.0115778	0.0270263	0.0420287	-0.000620452	-0.0517771	-0.105417	-0.144498	-0.14988	-0.120739	-0.0655211	-0.00734929	0.0741528	0.151464	0.208665	0.246699	0.279637	0.287408	0.258835	0.209202	0.152082	0.0952948	0.0271338	-0.0545822	-0.126705	-0.17581	-0.183069	-0.162553	-0.123521	-0.0840331	-0.0527378	-0.0291706	-0.0183885	-0.00842661	-0.00803978	-0.00340631	-0.00428925	-0.00145428	-0.000430362	0.00353503	0.00458343	0.0116967	0.0116287	0.0166135	0.0162868	0.0140087	0.0083521	0.00211412	-0.00167638	-0.00846147	0.00132433	0.00899775	0.0231336	0.0297656	0.0126763	0.000192528	-0.0106948	0.00181926	0.0372934	0.0429576	0.0253364	0.00593058	-0.012079	-0.00125655	0.0390483	0.0825345	0.124426	0.150857	0.139265	0.0995855	0.0469021	-0.0243932	-0.106662	-0.175032	-0.223946	-0.263151	-0.285717	-0.274593	-0.232136	-0.178124	-0.122914	-0.0595602	0.0175947	0.0973207	0.157463	0.182063	0.17117	0.137544	0.0970554	0.0612042	0.0349276	0.0182104	0.00873982	0.00388461	0.00160571	0.000614601	0.000201036	0	
0	-0.0408542	-0.0455771	-0.0211374	0.0198169	0.0278035	-0.0228097	-0.0991854	-0.180198	-0.248123	-0.27039	-0.223582	-0.138741	-0.0227892	0.130776	0.28151	0.400304	0.488346	0.555425	0.570822	0.524653	0.427973	0.320974	0.203713	0.0662539	-0.091088	-0.233397	-0.325007	-0.342815	-0.302997	-0.228924	-0.152346	-0.0888247	-0.043611	-0.0172435	-0.000729193	0.00586898	0.0103852	0.0116007	0.0123662	0.0124044	0.0125282	0.0113919	0.0116054	0.01006	0.0098093	0.00991792	0.00892031	0.0126878	0.0113786	0.0151513	0.0165364	0.0190768	0.0197192	0.0187818	0.0242877	0.0214962	0.0130047	0.0108576	0.0257331	0.0500024	0.0588718	0.0480982	0.0180978	-0.0081787	0.0163895	0.0868028	0.166453	0.241384	0.283551	0.261146	0.187482	0.0824715	-0.0571993	-0.213422	-0.346209	-0.444997	-0.520813	-0.560357	-0.537321	-0.456936	-0.35199	-0.240296	-0.112124	0.0394984	0.192899	0.307867	0.35539	0.335382	0.27135	0.193171	0.123056	0.0710021	0.037451	0.0181915	0.00818556	0.0034257	0.00132712	0.000438512	0	
0	-0.0115778	-0.0211374	-0.0125024	-0.00818002	-0.0255796	-0.0694401	-0.155219	-0.254283	-0.33469	-0.356659	-0.299484	-0.184024	-0.0080126	0.200606	0.412726	0.588505	0.724825	0.812267	0.830558	0.763735	0.630844	0.472745	0.292879	0.0861904	-0.137199	-0.33944	-0.463802	-0.494482	-0.437421	-0.336658	-0.225949	-0.13309	-0.0672875	-0.0238413	-0.00206159	0.0130546	0.016475	0.0214573	0.0204616	0.021352	0.0187701	0.0185081	0.0134957	0.0138147	0.0092614	0.0107516	0.0110495	0.0162861	0.0230898	0.0280852	0.0348381	0.0329735	0.0306126	0.0183093	0.0144785	0.0277288	0.0367786	0.0446247	0.0500348	0.0556464	0.0627868	0.053046	0.0315349	0.0296158	0.0685474	0.14795	0.249474	0.341464	0.384303	0.352497	0.251521	0.0956791	-0.104553	-0.320298	-0.510904	-0.659571	-0.766276	-0.813717	-0.778158	-0.667419	-0.516397	-0.346323	-0.151786	0.0685925	0.284436	0.444654	0.512181	0.486416	0.397993	0.287392	0.186056	0.109228	0.0586625	0.0290253	0.013306	0.00567294	0.00223726	0.000750232	0	
0	0.0270263	0.0198169	-0.00818002	-0.0517059	-0.0937748	-0.140891	-0.231266	-0.33454	-0.398973	-0.403104	-0.334478	-0.177505	0.045786	0.295579	0.549877	0.772475	0.9423	1.03729	1.04827	0.961394	0.803748	0.593249	0.352522	0.0814484	-0.196288	-0.43926	-0.590014	-0.629545	-0.564254	-0.442966	-0.305563	-0.187307	-0.101291	-0.0442082	-0.0139616	0.00440876	0.0107231	0.0150737	0.0158601	0.0167468	0.0170213	0.0183718	0.0186644	0.0217317	0.0226541	0.0255052	0.0297291	0.0285263	0.0341106	0.0354714	0.0349624	0.0336383	0.034068	0.0290735	0.0240604	0.0369685	0.0623611	0.0797778	0.0697885	0.0539102	0.0520201	0.052296	0.0666639	0.10161	0.14808	0.224864	0.329514	0.41443	0.444654	0.404412	0.279695	0.0781656	-0.168913	-0.427914	-0.668172	-0.862557	-0.991199	-1.03747	-0.990038	-0.856984	-0.664691	-0.435039	-0.174753	0.105288	0.368787	0.562255	0.646356	0.619398	0.514614	0.378737	0.250437	0.150347	0.0826172	0.0418319	0.0196224	0.00855674	0.00344744	0.00117637	0	
0	0.0420287	0.0278035	-0.0255796	-0.0937748	-0.156516	-0.226996	-0.32158	-0.398251	-0.429652	-0.413107	-0.321431	-0.130986	0.124542	0.404786	0.68859	0.948458	1.14072	1.23684	1.23384	1.13693	0.953625	0.696176	0.393242	0.0659322	-0.253551	-0.520898	-0.691942	-0.738534	-0.675376	-0.540425	-0.384652	-0.244107	-0.137471	-0.0672199	-0.0246632	-0.00323549	0.00896395	0.0128271	0.0169519	0.0177151	0.0215797	0.0239094	0.0288065	0.0333402	0.0388172	0.0413656	0.0455974	0.0438137	0.0387632	0.0351821	0.0300482	0.0262436	0.035316	0.0515072	0.0588718	0.0641936	0.0757937	0.087948	0.0792208	0.0528326	0.0456909	0.0744696	0.129771	0.189239	0.244366	0.316245	0.398556	0.452928	0.46257	0.409864	0.262104	0.0270765	-0.249586	-0.538207	-0.817664	-1.04677	-1.1866	-1.22606	-1.16876	-1.01907	-0.789039	-0.501186	-0.180154	0.147164	0.442105	0.656552	0.754064	0.731158	0.619084	0.466203	0.316093	0.194755	0.109859	0.0570887	0.02747	0.0122785	0.00506247	0.00175984	0	
0	-0.000620452	-0.0228097	-0.0694401	-0.140891	-0.226996	-0.316797	-0.379656	-0.408275	-0.417409	-0.381091	-0.268526	-0.0621018	0.208464	0.50992	0.821877	1.10853	1.31755	1.41122	1.40128	1.29517	1.08699	0.785312	0.425478	0.0518834	-0.293792	-0.575919	-0.757657	-0.816592	-0.760628	-0.623418	-0.455648	-0.296092	-0.170542	-0.0826883	-0.0281171	0.00282298	0.0206016	0.0285786	0.034989	0.0375919	0.0398046	0.0426853	0.0424643	0.0432776	0.044465	0.0411406	0.0407206	0.0409015	0.0369457	0.0361968	0.0421368	0.0423822	0.0494258	0.0756752	0.0924705	0.0906198	0.0785804	0.0705152	0.0718748	0.0696883	0.0814031	0.12919	0.202349	0.282124	0.352145	0.405544	0.442607	0.457499	0.439733	0.362869	0.194904	-0.054729	-0.345318	-0.653523	-0.957196	-1.20359	-1.34507	-1.37697	-1.31167	-1.14686	-0.881679	-0.541533	-0.170385	0.189401	0.500399	0.725214	0.833829	0.820316	0.710052	0.548787	0.382565	0.242473	0.14067	0.0751348	0.037129	0.0170251	0.00718728	0.00254577	0	
0	-0.0517771	-0.0991854	-0.155219	-0.231266	-0.32158	-0.379656	-0.377573	-0.371	-0.358363	-0.292513	-0.161785	0.0417247	0.307367	0.622279	0.942046	1.23526	1.44366	1.53596	1.52281	1.40706	1.17686	0.83977	0.439635	0.0387496	-0.317689	-0.601396	-0.788676	-0.860015	-0.818239	-0.686854	-0.515466	-0.341933	-0.20028	-0.0968476	-0.0299115	0.00788679	0.030973	0.0407323	0.0466451	0.0504135	0.0488796	0.0498446	0.0477907	0.0415344	0.0415631	0.0354527	0.0323632	0.0366483	0.0418001	0.0495356	0.0685571	0.0865229	0.084421	0.085639	0.0929535	0.088522	0.073997	0.0679042	0.0839448	0.110068	0.147377	0.207599	0.288029	0.379262	0.447917	0.467202	0.456786	0.43194	0.374349	0.262793	0.0838744	-0.162361	-0.456373	-0.773534	-1.08096	-1.32536	-1.46285	-1.48957	-1.41588	-1.23373	-0.936938	-0.556165	-0.150765	0.225895	0.540312	0.767841	0.886367	0.887102	0.78691	0.625523	0.449086	0.293156	0.17506	0.0961548	0.0488105	0.0229611	0.00992306	0.00358014	0	
0	-0.105417	-0.180198	-0.254283	-0.33454	-0.398251	-0.408275	-0.371	-0.329128	-0.254821	-0.13522	0.0129634	0.199874	0.4549	0.754515	1.05085	1.32313	1.51122	1.60158	1.58212	1.45365	1.2014	0.845191	0.423382	0.0186183	-0.337444	-0.611217	-0.802006	-0.88499	-0.861931	-0.744885	-0.57439	-0.396085	-0.237786	-0.124471	-0.0443474	-0.00181774	0.0232378	0.0348805	0.0369349	0.0401953	0.0392645	0.0369333	0.0417884	0.0391341	0.0428914	0.0509833	0.0518837	0.0608449	0.07344	0.0769411	0.0822151	0.0996576	0.102558	0.0888037	0.0819964	0.0834019	0.0814687	0.0865081	0.122849	0.177987	0.236161	0.305587	0.38432	0.460023	0.504008	0.492285	0.443115	0.371171	0.263538	0.12014	-0.0589819	-0.293262	-0.582378	-0.892046	-1.18083	-1.40837	-1.54005	-1.56303	-1.47733	-1.2747	-0.953327	-0.549057	-0.128433	0.250727	0.55986	0.785854	0.914122	0.933007	0.849682	0.695536	0.514666	0.346156	0.212785	0.120173	0.0626448	0.0302188	0.0133619	0.00490751	0	
0	-0.144498	-0.248123	-0.33469	-0.398973	-0.429652	-0.417409	-0.358363	-0.254821	-0.106024	0.0513005	0.205528	0.388274	0.626619	0.890904	1.15813	1.39155	1.55803	1.6431	1.61106	1.45809	1.19033	0.820744	0.401314	0.00102173	-0.344383	-0.610773	-0.802687	-0.902574	-0.899607	-0.804857	-0.640036	-0.460467	-0.289536	-0.161142	-0.0705914	-0.0145392	0.0133121	0.0315268	0.0366936	0.0391499	0.0444294	0.0418656	0.0482558	0.0543448	0.0567354	0.0706956	0.0808858	0.0849704	0.0987151	0.105545	0.0948548	0.0921292	0.0925434	0.086346	0.0812763	0.0898972	0.113186	0.13955	0.189992	0.268306	0.34388	0.409807	0.464417	0.502487	0.516122	0.481353	0.392773	0.266851	0.115365	-0.0476684	-0.224544	-0.44589	-0.716858	-0.997657	-1.25075	-1.45404	-1.57825	-1.59456	-1.49172	-1.26876	-0.934781	-0.527482	-0.110736	0.259524	0.558855	0.782125	0.920651	0.960348	0.898886	0.758102	0.578205	0.400598	0.253384	0.147058	0.0786737	0.0388896	0.0175806	0.00656828	0	
0	-0.14988	-0.27039	-0.356659	-0.403104	-0.413107	-0.381091	-0.292513	-0.13522	0.0513005	0.222803	0.397534	0.586971	0.798795	1.02733	1.25522	1.44345	1.59135	1.66132	1.60513	1.43093	1.1523	0.785378	0.38847	-0.00131455	-0.32915	-0.592701	-0.787013	-0.90374	-0.92668	-0.853029	-0.704642	-0.521525	-0.345534	-0.198502	-0.0970812	-0.0272025	0.010861	0.0332988	0.0490975	0.0532768	0.0646527	0.0690311	0.073569	0.084456	0.086542	0.0913267	0.100207	0.100194	0.0964482	0.104617	0.0976568	0.0879647	0.0878314	0.0889962	0.100182	0.125189	0.171923	0.227868	0.291841	0.372297	0.44259	0.487694	0.509283	0.509029	0.488811	0.42285	0.292759	0.124632	-0.0527452	-0.228944	-0.408324	-0.612314	-0.845715	-1.07963	-1.29011	-1.46632	-1.5772	-1.57979	-1.45727	-1.2206	-0.890275	-0.500328	-0.103577	0.250323	0.538905	0.760447	0.910003	0.971858	0.935408	0.8127	0.638614	0.455482	0.296226	0.176537	0.0968465	0.0490156	0.0226346	0.00859553	0	
0	-0.120739	-0.223582	-0.299484	-0.334478	-0.321431	-0.268526	-0.161785	0.0129634	0.205528	0.397534	0.594287	0.777018	0.951703	1.13291	1.31092	1.46057	1.58819	1.62974	1.55586	1.37221	1.09686	0.760299	0.396051	0.030483	-0.279299	-0.54203	-0.738665	-0.873493	-0.92213	-0.871671	-0.743929	-0.561055	-0.382826	-0.220099	-0.107175	-0.0255863	0.0214548	0.0485393	0.0668517	0.0764281	0.082845	0.0948033	0.0944007	0.105089	0.107395	0.106646	0.105636	0.104971	0.0927126	0.0884437	0.0893574	0.0866799	0.100109	0.120749	0.152919	0.203153	0.270743	0.338599	0.396101	0.458934	0.510937	0.52995	0.517475	0.476541	0.411793	0.307998	0.149485	-0.0389824	-0.230917	-0.420585	-0.600866	-0.774645	-0.953962	-1.13394	-1.30218	-1.44692	-1.53381	-1.51587	-1.37775	-1.14075	-0.831769	-0.475924	-0.110249	0.223737	0.503018	0.724954	0.886195	0.970348	0.960376	0.859057	0.694914	0.509773	0.340571	0.208217	0.117022	0.0605846	0.0285519	0.0110119	0	
0	-0.0655211	-0.138741	-0.184024	-0.177505	-0.130986	-0.0621018	0.0417247	0.199874	0.388274	0.586971	0.777018	0.930847	1.0556	1.18769	1.3185	1.43944	1.53342	1.54762	1.46772	1.28884	1.04075	0.750522	0.425038	0.0941741	-0.204646	-0.464377	-0.667448	-0.820251	-0.891886	-0.869413	-0.760286	-0.586746	-0.403735	-0.23257	-0.104644	-0.0143518	0.0417751	0.0740068	0.0904627	0.103445	0.102411	0.109946	0.106331	0.104299	0.104053	0.0982222	0.093198	0.0910617	0.0884032	0.0881251	0.0996957	0.116263	0.151181	0.198181	0.249625	0.306612	0.37397	0.44135	0.484342	0.516214	0.539693	0.530873	0.480971	0.392088	0.280046	0.148908	-0.0185933	-0.21533	-0.419156	-0.615462	-0.782177	-0.913061	-1.03429	-1.16268	-1.28835	-1.39284	-1.44496	-1.40559	-1.26365	-1.04356	-0.771238	-0.460191	-0.131105	0.182479	0.454988	0.67963	0.852855	0.958481	0.975071	0.897164	0.746314	0.562488	0.385622	0.241613	0.138976	0.0735277	0.0353297	0.0138272	0	
0	-0.00734929	-0.0227892	-0.0080126	0.045786	0.124542	0.208464	0.307367	0.4549	0.626619	0.798795	0.951703	1.0556	1.12959	1.20603	1.28898	1.36694	1.41275	1.40479	1.32524	1.17167	0.96743	0.730173	0.449892	0.156437	-0.134215	-0.3865	-0.60059	-0.765058	-0.859532	-0.864793	-0.773599	-0.617331	-0.428873	-0.257361	-0.11463	-0.0194073	0.0437001	0.0783019	0.0944975	0.103693	0.103855	0.101723	0.0993109	0.0922444	0.0882991	0.0846243	0.0846193	0.0911442	0.103896	0.125577	0.159927	0.192493	0.239258	0.299745	0.359586	0.414667	0.465835	0.514482	0.539205	0.540048	0.52356	0.473756	0.384213	0.257404	0.112463	-0.0348425	-0.204688	-0.405058	-0.610538	-0.794187	-0.931067	-1.01741	-1.08745	-1.16693	-1.24429	-1.29917	-1.31258	-1.25955	-1.13051	-0.943701	-0.717981	-0.45577	-0.164019	0.130508	0.398764	0.627972	0.813044	0.938649	0.980855	0.927266	0.79226	0.612756	0.430584	0.276178	0.162412	0.0877201	0.0429313	0.0170361	0	
0	0.0741528	0.130776	0.200606	0.295579	0.404786	0.50992	0.622279	0.754515	0.890904	1.02733	1.13291	1.18769	1.20603	1.22097	1.24036	1.25115	1.24704	1.21593	1.14975	1.03335	0.881447	0.694135	0.463819	0.19829	-0.0768033	-0.329639	-0.549235	-0.726539	-0.841302	-0.871062	-0.803287	-0.660508	-0.477868	-0.300181	-0.152523	-0.0474882	0.0192524	0.0564353	0.0743608	0.0820881	0.0828554	0.0845157	0.0841458	0.086409	0.0943308	0.101626	0.116334	0.138733	0.166045	0.197256	0.249882	0.301281	0.348808	0.404864	0.458082	0.500738	0.53267	0.556491	0.548993	0.506329	0.445388	0.357406	0.237547	0.089111	-0.0749633	-0.236108	-0.407424	-0.59907	-0.784424	-0.936287	-1.03825	-1.08804	-1.11388	-1.14133	-1.16271	-1.16549	-1.14692	-1.09471	-0.995028	-0.85286	-0.677153	-0.462228	-0.20537	0.072124	0.337958	0.572838	0.769223	0.912929	0.979111	0.949841	0.832447	0.659864	0.474704	0.311336	0.186978	0.102986	0.0512861	0.0206173	0	
0	0.151464	0.28151	0.412726	0.549877	0.68859	0.821877	0.942046	1.05085	1.15813	1.25522	1.31092	1.3185	1.28898	1.24036	1.1828	1.13364	1.08429	1.04296	0.998885	0.923825	0.816241	0.674115	0.477894	0.237644	-0.0308293	-0.285308	-0.513865	-0.703236	-0.837227	-0.88985	-0.844646	-0.717198	-0.538298	-0.358087	-0.198458	-0.085037	-0.0063907	0.03868	0.0625692	0.0786523	0.085312	0.0924085	0.105355	0.112722	0.134307	0.158311	0.185643	0.222286	0.26809	0.305906	0.352919	0.406174	0.45338	0.499704	0.537029	0.557262	0.553715	0.53666	0.493565	0.411321	0.31133	0.196803	0.0599921	-0.101678	-0.280414	-0.450813	-0.6114	-0.77347	-0.920728	-1.03494	-1.1063	-1.12554	-1.10692	-1.07679	-1.04095	-1.00054	-0.965535	-0.929856	-0.870897	-0.777772	-0.649813	-0.477056	-0.251112	0.0112505	0.275566	0.516441	0.7233	0.883087	0.971202	0.965548	0.866814	0.703279	0.517309	0.34651	0.212283	0.119108	0.0602915	0.0245334	0	
0	0.208665	0.400304	0.588505	0.772475	0.948458	1.10853	1.23526	1.32313	1.39155	1.44345	1.46057	1.43944	1.36694	1.25115	1.13364	1.03515	0.957084	0.920189	0.901762	0.862704	0.7956	0.683986	0.516196	0.293861	0.0295155	-0.22784	-0.466342	-0.667795	-0.817678	-0.893948	-0.867203	-0.758324	-0.581893	-0.399408	-0.229169	-0.101557	-0.0122547	0.0464229	0.0816191	0.105326	0.128112	0.142029	0.167758	0.189386	0.21664	0.249848	0.287063	0.324289	0.373203	0.420031	0.46566	0.508736	0.535651	0.557331	0.565461	0.551112	0.51031	0.452863	0.376056	0.266328	0.140613	0.00607937	-0.144182	-0.313159	-0.494782	-0.657998	-0.790105	-0.908921	-1.01443	-1.09451	-1.13712	-1.12302	-1.0561	-0.969384	-0.886877	-0.821614	-0.788249	-0.780544	-0.766268	-0.720187	-0.634071	-0.49689	-0.297611	-0.0489693	0.213886	0.46043	0.676741	0.850607	0.958433	0.975184	0.895511	0.742651	0.557829	0.381148	0.237917	0.135831	0.0698162	0.0287318	0	
0	0.246699	0.488346	0.724825	0.9423	1.14072	1.31755	1.44366	1.51122	1.55803	1.59135	1.58819	1.53342	1.41275	1.24704	1.08429	0.957084	0.875405	0.854837	0.863037	0.861471	0.82636	0.739108	0.596324	0.385247	0.128049	-0.135289	-0.382323	-0.594384	-0.761103	-0.854475	-0.850917	-0.753878	-0.587237	-0.398205	-0.220663	-0.0793321	0.0237906	0.0915307	0.140268	0.170767	0.202505	0.226901	0.258818	0.29012	0.327189	0.365987	0.406386	0.446554	0.485159	0.516579	0.542483	0.566733	0.569098	0.554149	0.526339	0.478952	0.40315	0.312939	0.214176	0.0862344	-0.0602368	-0.211171	-0.368292	-0.530415	-0.693325	-0.830378	-0.926103	-1.00282	-1.07043	-1.11633	-1.12385	-1.07018	-0.957331	-0.827091	-0.718158	-0.648909	-0.631347	-0.655963	-0.683495	-0.678218	-0.626624	-0.518525	-0.34211	-0.106294	0.154565	0.406011	0.630666	0.816733	0.942024	0.979622	0.918864	0.777806	0.595808	0.414744	0.263466	0.152879	0.0797059	0.0331465	0	
0	0.279637	0.555425	0.812267	1.03729	1.23684	1.41122	1.53596	1.60158	1.6431	1.66132	1.62974	1.54762	1.40479	1.21593	1.04296	0.920189	0.854837	0.855474	0.891249	0.918984	0.906587	0.840266	0.71279	0.513841	0.260854	-0.006924	-0.262042	-0.484171	-0.664938	-0.774577	-0.790836	-0.707531	-0.548431	-0.356425	-0.170068	-0.0155281	0.0998517	0.18121	0.238165	0.27944	0.316294	0.346473	0.380594	0.413067	0.444572	0.479783	0.510287	0.535069	0.560825	0.572325	0.567665	0.558281	0.528955	0.483333	0.42255	0.347284	0.250782	0.135585	0.0139422	-0.129112	-0.28733	-0.441042	-0.586902	-0.723483	-0.852549	-0.95684	-1.01933	-1.05892	-1.08764	-1.09212	-1.05694	-0.964756	-0.820089	-0.668749	-0.555861	-0.498951	-0.503967	-0.55856	-0.620649	-0.648204	-0.624068	-0.539502	-0.382833	-0.159306	0.0987214	0.354062	0.585939	0.782499	0.923095	0.979772	0.937332	0.808727	0.630908	0.44685	0.288526	0.169965	0.0897885	0.0377007	0	
0	0.287408	0.570822	0.830558	1.04827	1.23384	1.40128	1.52281	1.58212	1.61106	1.60513	1.55586	1.46772	1.32524	1.14975	0.998885	0.901762	0.863037	0.891249	0.952388	1.00565	1.01729	0.968497	0.858603	0.672436	0.42654	0.157049	-0.103361	-0.334596	-0.525716	-0.651297	-0.684468	-0.616403	-0.46592	-0.27387	-0.0823269	0.0816895	0.206043	0.29428	0.357785	0.399756	0.438849	0.465891	0.495157	0.520367	0.540689	0.557899	0.570908	0.571335	0.566019	0.554496	0.521534	0.484249	0.428753	0.354897	0.270801	0.171571	0.0512085	-0.0838489	-0.217254	-0.362075	-0.515402	-0.654013	-0.772676	-0.873753	-0.96623	-1.04001	-1.07224	-1.0728	-1.05548	-1.01259	-0.936741	-0.819399	-0.665373	-0.516567	-0.416959	-0.380544	-0.407792	-0.485823	-0.573661	-0.62628	-0.623675	-0.558276	-0.418869	-0.207243	0.0470689	0.305223	0.543241	0.748771	0.902647	0.976534	0.951463	0.835525	0.662905	0.477087	0.312722	0.186796	0.0998817	0.0423095	0	
0	0.258835	0.524653	0.763735	0.961394	1.13693	1.29517	1.40706	1.45365	1.45809	1.43093	1.37221	1.28884	1.17167	1.03335	0.923825	0.862704	0.861471	0.918984	1.00565	1.08817	1.12331	1.09579	1.00648	0.835226	0.601141	0.333595	0.0701245	-0.165984	-0.367424	-0.50441	-0.555636	-0.501113	-0.362815	-0.173104	0.0187661	0.187211	0.315032	0.403636	0.46552	0.501882	0.530695	0.548923	0.560441	0.57209	0.572858	0.571122	0.561279	0.541704	0.510609	0.471584	0.415443	0.351602	0.273076	0.175388	0.0657814	-0.0505123	-0.179798	-0.323249	-0.456914	-0.585677	-0.714357	-0.824757	-0.912544	-0.980598	-1.03858	-1.07968	-1.07645	-1.03203	-0.965844	-0.88099	-0.779364	-0.658051	-0.516946	-0.387905	-0.310026	-0.294571	-0.339177	-0.4328	-0.538153	-0.60931	-0.623657	-0.574115	-0.449942	-0.249807	3.14829e-05	0.259966	0.503112	0.716264	0.881569	0.970769	0.961854	0.858414	0.691676	0.505146	0.33571	0.20309	0.109798	0.0468831	0	
0	0.209202	0.427973	0.630844	0.803748	0.953625	1.08699	1.17686	1.2014	1.19033	1.1523	1.09686	1.04075	0.96743	0.881447	0.816241	0.7956	0.82636	0.906587	1.01729	1.12331	1.18081	1.17687	1.10663	0.954355	0.734491	0.471273	0.209782	-0.0311811	-0.238563	-0.386654	-0.453825	-0.413556	-0.288915	-0.105046	0.083859	0.252247	0.379329	0.466042	0.520603	0.551292	0.566205	0.572174	0.56815	0.559459	0.541856	0.517752	0.486418	0.443121	0.391889	0.331605	0.248258	0.160756	0.0625616	-0.0511986	-0.172167	-0.296844	-0.423661	-0.55397	-0.667993	-0.76973	-0.869552	-0.951418	-1.00904	-1.04389	-1.06389	-1.06491	-1.01996	-0.93119	-0.825829	-0.716883	-0.611169	-0.505902	-0.392532	-0.290953	-0.23528	-0.236456	-0.292033	-0.394208	-0.510499	-0.595194	-0.623085	-0.586871	-0.476189	-0.287005	-0.0421708	0.218636	0.465985	0.685573	0.860627	0.96328	0.969119	0.877677	0.717186	0.530788	0.357184	0.218579	0.119354	0.0513303	0	
0	0.152082	0.320974	0.472745	0.593249	0.696176	0.785312	0.83977	0.845191	0.820744	0.785378	0.760299	0.750522	0.730173	0.694135	0.674115	0.683986	0.739108	0.840266	0.968497	1.09579	1.17687	1.19392	1.14502	1.01302	0.807025	0.553533	0.29315	0.0511904	-0.160732	-0.319498	-0.398282	-0.375432	-0.261333	-0.0881539	0.0969424	0.261833	0.38512	0.466176	0.513408	0.531247	0.535755	0.525794	0.505331	0.482257	0.444416	0.400336	0.348126	0.282679	0.203412	0.124901	0.0289706	-0.0751876	-0.183446	-0.301666	-0.419681	-0.531595	-0.638722	-0.747322	-0.838204	-0.911016	-0.980117	-1.03241	-1.05784	-1.05415	-1.02898	-0.985375	-0.902321	-0.782807	-0.658823	-0.548271	-0.457556	-0.380433	-0.299826	-0.225233	-0.18746	-0.199349	-0.260154	-0.36564	-0.488177	-0.58277	-0.621657	-0.596755	-0.497974	-0.319026	-0.0794581	0.181482	0.432208	0.657187	0.840481	0.954792	0.97386	0.893645	0.739469	0.553837	0.376885	0.233016	0.128371	0.0555611	0	
0	0.0952948	0.203713	0.292879	0.352522	0.393242	0.425478	0.439635	0.423382	0.401314	0.38847	0.396051	0.425038	0.449892	0.463819	0.477894	0.516196	0.596324	0.71279	0.858603	1.00648	1.10663	1.14502	1.11602	1.00037	0.811712	0.563846	0.308508	0.0648569	-0.151355	-0.316213	-0.409866	-0.397033	-0.299053	-0.131499	0.0459355	0.207616	0.327181	0.401454	0.439501	0.448374	0.434275	0.412152	0.371387	0.327212	0.272773	0.209228	0.138562	0.0613367	-0.0277338	-0.121191	-0.226122	-0.330039	-0.43039	-0.535637	-0.638121	-0.731398	-0.814886	-0.897682	-0.962786	-1.00626	-1.04289	-1.05961	-1.04472	-0.997282	-0.927946	-0.847807	-0.742462	-0.614029	-0.493903	-0.399707	-0.334483	-0.288182	-0.237641	-0.184931	-0.159266	-0.176568	-0.238482	-0.34395	-0.469667	-0.571551	-0.619448	-0.604158	-0.515759	-0.346155	-0.111845	0.148677	0.402059	0.631505	0.821686	0.945947	0.976647	0.906669	0.758609	0.574172	0.394591	0.24618	0.136682	0.0594897	0	
0	0.0271338	0.0662539	0.0861904	0.0814484	0.0659322	0.0518834	0.0387496	0.0186183	0.00102173	-0.00131455	0.030483	0.0941741	0.156437	0.19829	0.237644	0.293861	0.385247	0.513841	0.672436	0.835226	0.954355	1.01302	1.00037	0.906123	0.729322	0.4937	0.241269	-0.00142964	-0.21912	-0.392459	-0.493447	-0.49705	-0.407229	-0.253109	-0.0801952	0.0746127	0.187416	0.255964	0.283065	0.281021	0.257021	0.219106	0.167952	0.111966	0.0430599	-0.0309936	-0.110142	-0.197257	-0.289636	-0.373872	-0.46719	-0.561963	-0.64921	-0.736	-0.817289	-0.888734	-0.946476	-1.00084	-1.03759	-1.04651	-1.04219	-1.01683	-0.960733	-0.875277	-0.774827	-0.677022	-0.570976	-0.454329	-0.353897	-0.284686	-0.246383	-0.226802	-0.199726	-0.162542	-0.143863	-0.162837	-0.223446	-0.327126	-0.454167	-0.561451	-0.616723	-0.609524	-0.530026	-0.368717	-0.139406	0.120335	0.375758	0.608851	0.804703	0.937303	0.978001	0.917095	0.774724	0.591718	0.410126	0.257875	0.144139	0.0630364	0	
0	-0.0545822	-0.091088	-0.137199	-0.196288	-0.253551	-0.293792	-0.317689	-0.337444	-0.344383	-0.32915	-0.279299	-0.204646	-0.134215	-0.0768033	-0.0308293	0.0295155	0.128049	0.260854	0.42654	0.601141	0.734491	0.807025	0.811712	0.729322	0.567899	0.337962	0.0909478	-0.152017	-0.371864	-0.549367	-0.661013	-0.672577	-0.596323	-0.4475	-0.282824	-0.131684	-0.022521	0.0388237	0.0613221	0.0512103	0.0171437	-0.0256946	-0.0864076	-0.148056	-0.216119	-0.290355	-0.365743	-0.440611	-0.525024	-0.603583	-0.683935	-0.761101	-0.827206	-0.893369	-0.952002	-0.996701	-1.02576	-1.0471	-1.0458	-1.01313	-0.967188	-0.903925	-0.81662	-0.70997	-0.599698	-0.505421	-0.416335	-0.323932	-0.249334	-0.205117	-0.189232	-0.189362	-0.178551	-0.151339	-0.136037	-0.154544	-0.212779	-0.313983	-0.441308	-0.552585	-0.613807	-0.613286	-0.541224	-0.387037	-0.162252	0.0965257	0.353474	0.589483	0.789908	0.92933	0.978383	0.925253	0.78795	0.606436	0.423347	0.267939	0.150608	0.06613	0	
0	-0.126705	-0.233397	-0.33944	-0.43926	-0.520898	-0.575919	-0.601396	-0.611217	-0.610773	-0.592701	-0.54203	-0.464377	-0.3865	-0.329639	-0.285308	-0.22784	-0.135289	-0.006924	0.157049	0.333595	0.471273	0.553533	0.563846	0.4937	0.337962	0.115573	-0.130521	-0.372681	-0.59436	-0.776531	-0.893499	-0.915175	-0.844142	-0.703629	-0.540177	-0.391438	-0.283537	-0.220323	-0.200861	-0.208887	-0.242389	-0.285039	-0.341105	-0.398699	-0.464029	-0.530534	-0.598126	-0.66605	-0.734702	-0.794311	-0.855254	-0.914681	-0.960961	-1.00018	-1.03024	-1.04411	-1.03412	-1.01402	-0.975613	-0.90682	-0.827502	-0.740559	-0.641682	-0.53505	-0.434502	-0.358712	-0.295262	-0.230002	-0.179514	-0.155303	-0.155233	-0.168166	-0.167642	-0.146385	-0.132337	-0.149459	-0.205139	-0.303856	-0.430954	-0.545132	-0.611019	-0.615827	-0.549751	-0.401417	-0.180503	0.0772846	0.335335	0.573606	0.777602	0.922415	0.978187	0.93144	0.798422	0.618311	0.434146	0.276233	0.155977	0.068709	0	
0	-0.17581	-0.325007	-0.463802	-0.590014	-0.691942	-0.757657	-0.788676	-0.802006	-0.802687	-0.787013	-0.738665	-0.667448	-0.60059	-0.549235	-0.513865	-0.466342	-0.382323	-0.262042	-0.103361	0.0701245	0.209782	0.29315	0.308508	0.241269	0.0909478	-0.130521	-0.37513	-0.619478	-0.842285	-1.02814	-1.14987	-1.1763	-1.11106	-0.9719	-0.809953	-0.659337	-0.548158	-0.483568	-0.458613	-0.464719	-0.49365	-0.530664	-0.580983	-0.631341	-0.684127	-0.740069	-0.793757	-0.843981	-0.898985	-0.941543	-0.981241	-1.01473	-1.0302	-1.03793	-1.03122	-1.00627	-0.961644	-0.907556	-0.837281	-0.744475	-0.651723	-0.562238	-0.470763	-0.379921	-0.300499	-0.248973	-0.211272	-0.169408	-0.137343	-0.126796	-0.136498	-0.156902	-0.162428	-0.144544	-0.130714	-0.146314	-0.199772	-0.296376	-0.423066	-0.539271	-0.60863	-0.617462	-0.555935	-0.412116	-0.194279	0.0626261	0.321436	0.561372	0.768017	0.916865	0.977733	0.935906	0.806267	0.627344	0.442441	0.282652	0.160154	0.0707225	0	
0	-0.183069	-0.342815	-0.494482	-0.629545	-0.738534	-0.816592	-0.860015	-0.88499	-0.902574	-0.90374	-0.873493	-0.820251	-0.765058	-0.726539	-0.703236	-0.667795	-0.594384	-0.484171	-0.334596	-0.165984	-0.0311811	0.0511904	0.0648569	-0.00142964	-0.152017	-0.372681	-0.619478	-0.864216	-1.08981	-1.27702	-1.40193	-1.43125	-1.36754	-1.22925	-1.065	-0.91097	-0.795794	-0.724354	-0.695206	-0.693008	-0.71552	-0.743743	-0.785056	-0.82367	-0.86628	-0.907133	-0.944777	-0.976071	-1.00597	-1.0234	-1.03213	-1.03414	-1.01725	-0.988675	-0.949518	-0.894202	-0.818759	-0.741861	-0.661029	-0.565624	-0.476983	-0.399949	-0.328045	-0.260682	-0.20508	-0.175989	-0.158863	-0.133938	-0.114087	-0.111797	-0.126892	-0.151253	-0.1601	-0.144037	-0.130059	-0.14443	-0.196266	-0.29134	-0.417643	-0.535149	-0.606851	-0.618433	-0.560029	-0.419342	-0.203683	0.0525516	0.311843	0.552895	0.761326	0.91291	0.977269	0.938851	0.811591	0.633545	0.448177	0.287113	0.163069	0.0721313	0	
0	-0.162553	-0.302997	-0.437421	-0.564254	-0.675376	-0.760628	-0.818239	-0.861931	-0.899607	-0.92668	-0.92213	-0.891886	-0.859532	-0.841302	-0.837227	-0.817678	-0.761103	-0.664938	-0.525716	-0.367424	-0.238563	-0.160732	-0.151355	-0.21912	-0.371864	-0.59436	-0.842285	-1.08981	-1.31568	-1.50535	-1.63062	-1.6616	-1.59754	-1.45839	-1.29091	-1.13322	-1.01176	-0.934611	-0.896917	-0.886558	-0.898047	-0.915305	-0.94112	-0.965529	-0.987992	-1.00846	-1.02286	-1.02919	-1.03176	-1.01675	-0.995883	-0.967097	-0.918997	-0.863169	-0.798206	-0.724324	-0.641062	-0.562008	-0.484373	-0.399822	-0.328808	-0.27353	-0.224672	-0.179588	-0.144036	-0.132145	-0.129235	-0.11498	-0.10229	-0.104536	-0.122376	-0.148644	-0.159125	-0.143953	-0.129815	-0.143465	-0.194404	-0.288634	-0.414691	-0.532867	-0.605826	-0.618907	-0.562209	-0.423241	-0.208791	0.0470574	0.306598	0.54825	0.757641	0.910705	0.976964	0.940415	0.814471	0.636923	0.451316	0.289563	0.164674	0.072908	0	
0	-0.123521	-0.228924	-0.336658	-0.442966	-0.540425	-0.623418	-0.686854	-0.744885	-0.804857	-0.853029	-0.871671	-0.869413	-0.864793	-0.871062	-0.88985	-0.893948	-0.854475	-0.774577	-0.651297	-0.50441	-0.386654	-0.319498	-0.316213	-0.392459	-0.549367	-0.776531	-1.02814	-1.27702	-1.50535	-1.69411	-1.81999	-1.84824	-1.78267	-1.63846	-1.46707	-1.30181	-1.17348	-1.0868	-1.0386	-1.01618	-1.01428	-1.01425	-1.02457	-1.02644	-1.0275	-1.02336	-1.01073	-0.987339	-0.963003	-0.925128	-0.876714	-0.823965	-0.757538	-0.688091	-0.617984	-0.543447	-0.463371	-0.395165	-0.3348	-0.270613	-0.220791	-0.18619	-0.157063	-0.129876	-0.109049	-0.108429	-0.113886	-0.105547	-0.0967633	-0.101416	-0.120615	-0.147689	-0.158737	-0.143862	-0.129728	-0.143262	-0.194082	-0.288202	-0.414214	-0.532479	-0.605637	-0.618974	-0.562571	-0.423896	-0.209646	0.0461401	0.305723	0.547474	0.757025	0.910336	0.97691	0.940674	0.814951	0.637487	0.45184	0.289973	0.164942	0.0730378	0	
0	-0.0840331	-0.152346	-0.225949	-0.305563	-0.384652	-0.455648	-0.515466	-0.57439	-0.640036	-0.704642	-0.743929	-0.760286	-0.773599	-0.803287	-0.844646	-0.867203	-0.850917	-0.790836	-0.684468	-0.555636	-0.453825	-0.398282	-0.409866	-0.493447	-0.661013	-0.893499	-1.14987	-1.40193	-1.63062	-1.81999	-1.94248	-1.96851	-1.89632	-1.74809	-1.56785	-1.396	-1.257	-1.15866	-1.0975	-1.05853	-1.03858	-1.02083	-1.00723	-0.989688	-0.968247	-0.941243	-0.908093	-0.867501	-0.82188	-0.762273	-0.703041	-0.643922	-0.574709	-0.506823	-0.441865	-0.379281	-0.316019	-0.266244	-0.225205	-0.180397	-0.14937	-0.132333	-0.118125	-0.102413	-0.090471	-0.0967157	-0.10673	-0.101188	-0.0943679	-0.100394	-0.120396	-0.147714	-0.158578	-0.143576	-0.1297	-0.143771	-0.195276	-0.290031	-0.41621	-0.533993	-0.606296	-0.61865	-0.561133	-0.421319	-0.206256	0.0497989	0.309222	0.550576	0.759488	0.911814	0.977125	0.939642	0.813038	0.635237	0.449746	0.288336	0.163869	0.0725182	0	
0	-0.0527378	-0.0888247	-0.13309	-0.187307	-0.244107	-0.296092	-0.341933	-0.396085	-0.460467	-0.521525	-0.561055	-0.586746	-0.617331	-0.660508	-0.717198	-0.758324	-0.753878	-0.707531	-0.616403	-0.501113	-0.413556	-0.375432	-0.397033	-0.49705	-0.672577	-0.915175	-1.1763	-1.43125	-1.6616	-1.84824	-1.96851	-1.98637	-1.90947	-1.75056	-1.56476	-1.38216	-1.23419	-1.12555	-1.05053	-0.999609	-0.965331	-0.93034	-0.904537	-0.868652	-0.831088	-0.790308	-0.742502	-0.687237	-0.637695	-0.580903	-0.521691	-0.465071	-0.40311	-0.348252	-0.29986	-0.253118	-0.207877	-0.17745	-0.153057	-0.124283	-0.108419	-0.10267	-0.0968255	-0.0881025	-0.0818398	-0.0919344	-0.10372	-0.0991269	-0.0934442	-0.100507	-0.121149	-0.14839	-0.15847	-0.14302	-0.12972	-0.145017	-0.198022	-0.294143	-0.420668	-0.537369	-0.60775	-0.617875	-0.557829	-0.415455	-0.19859	0.0580369	0.317081	0.557529	0.764989	0.915086	0.977545	0.937267	0.808702	0.630168	0.445045	0.284673	0.161473	0.0713591	0	
0	-0.0291706	-0.043611	-0.0672875	-0.101291	-0.137471	-0.170542	-0.20028	-0.237786	-0.289536	-0.345534	-0.382826	-0.403735	-0.428873	-0.477868	-0.538298	-0.581893	-0.587237	-0.548431	-0.46592	-0.362815	-0.288915	-0.261333	-0.299053	-0.407229	-0.596323	-0.844142	-1.11106	-1.36754	-1.59754	-1.78267	-1.89632	-1.90947	-1.82221	-1.65897	-1.46393	-1.27663	-1.12155	-1.00393	-0.921824	-0.859648	-0.814396	-0.771522	-0.733083	-0.690792	-0.649268	-0.604143	-0.557249	-0.509546	-0.461815	-0.405916	-0.357115	-0.314778	-0.269381	-0.229862	-0.197133	-0.16843	-0.138483	-0.121725	-0.111077	-0.0935445	-0.0859269	-0.0871557	-0.0869729	-0.0816825	-0.0780784	-0.09043	-0.102764	-0.0981359	-0.0931997	-0.101284	-0.122628	-0.149562	-0.158308	-0.142166	-0.129836	-0.147083	-0.202407	-0.30059	-0.427564	-0.542518	-0.609879	-0.616516	-0.552516	-0.406184	-0.186585	0.0708585	0.329265	0.568272	0.773434	0.920024	0.978032	0.933434	0.801879	0.62227	0.437769	0.279029	0.157793	0.0695829	0	
0	-0.0183885	-0.0172435	-0.0238413	-0.0442082	-0.0672199	-0.0826883	-0.0968476	-0.124471	-0.161142	-0.198502	-0.220099	-0.23257	-0.257361	-0.300181	-0.358087	-0.399408	-0.398205	-0.356425	-0.27387	-0.173104	-0.105046	-0.0881539	-0.131499	-0.253109	-0.4475	-0.703629	-0.9719	-1.22925	-1.45839	-1.63846	-1.74809	-1.75056	-1.65897	-1.48636	-1.28993	-1.09881	-0.941542	-0.824278	-0.738033	-0.67607	-0.630368	-0.585128	-0.550395	-0.509351	-0.469232	-0.429731	-0.388243	-0.343794	-0.308631	-0.270557	-0.237405	-0.208178	-0.174846	-0.151001	-0.132906	-0.114287	-0.0973368	-0.0933086	-0.0883528	-0.0762256	-0.0758587	-0.0811073	-0.082236	-0.0783332	-0.0770603	-0.0909714	-0.102665	-0.097407	-0.0933066	-0.102613	-0.124747	-0.151116	-0.157996	-0.141017	-0.130141	-0.150105	-0.208567	-0.309447	-0.436854	-0.549295	-0.612495	-0.614358	-0.544972	-0.39332	-0.170147	0.0882654	0.345718	0.582709	0.784677	0.926427	0.978369	0.927966	0.792475	0.611534	0.427963	0.271472	0.15289	0.0672241	0	
0	-0.00842661	-0.000729193	-0.00206159	-0.0139616	-0.0246632	-0.0281171	-0.0299115	-0.0443474	-0.0705914	-0.0970812	-0.107175	-0.104644	-0.11463	-0.152523	-0.198458	-0.229169	-0.220663	-0.170068	-0.0823269	0.0187661	0.083859	0.0969424	0.0459355	-0.0801952	-0.282824	-0.540177	-0.809953	-1.065	-1.29091	-1.46707	-1.56785	-1.56476	-1.46393	-1.28993	-1.09175	-0.902733	-0.750172	-0.634321	-0.55338	-0.494342	-0.45056	-0.411791	-0.380501	-0.345122	-0.315757	-0.285576	-0.255217	-0.228304	-0.205001	-0.175079	-0.153075	-0.135507	-0.116683	-0.103968	-0.0952285	-0.0875565	-0.0767868	-0.0762518	-0.0768197	-0.0699506	-0.0716483	-0.0778748	-0.0804879	-0.0773893	-0.0772864	-0.0921809	-0.102861	-0.0968251	-0.0937068	-0.104443	-0.127461	-0.152951	-0.157437	-0.1396	-0.13078	-0.154269	-0.216681	-0.320799	-0.448464	-0.557493	-0.615333	-0.611111	-0.534895	-0.376623	-0.14916	0.11025	0.366359	0.600703	0.79851	0.934021	0.978266	0.920633	0.780369	0.597954	0.415699	0.262101	0.146847	0.064329	0	
0	-0.00803978	0.00586898	0.0130546	0.00440876	-0.00323549	0.00282298	0.00788679	-0.00181774	-0.0145392	-0.0272025	-0.0255863	-0.0143518	-0.0194073	-0.0474882	-0.085037	-0.101557	-0.0793321	-0.0155281	0.0816895	0.187211	0.252247	0.261833	0.207616	0.0746127	-0.131684	-0.391438	-0.659337	-0.91097	-1.13322	-1.30181	-1.396	-1.38216	-1.27663	-1.09881	-0.902733	-0.719767	-0.571932	-0.465983	-0.390647	-0.339829	-0.304661	-0.273481	-0.251291	-0.226929	-0.206092	-0.185344	-0.165665	-0.145779	-0.131857	-0.113824	-0.104859	-0.0973742	-0.084534	-0.079267	-0.076644	-0.0703814	-0.06529	-0.0720415	-0.0724113	-0.0652583	-0.0703787	-0.078223	-0.0799342	-0.07645	-0.078218	-0.0942044	-0.103134	-0.0961482	-0.0943895	-0.106846	-0.13076	-0.154936	-0.156523	-0.137977	-0.131953	-0.159819	-0.226966	-0.334735	-0.462272	-0.566837	-0.618057	-0.606402	-0.521908	-0.355803	-0.123502	0.136785	0.391072	0.622071	0.81466	0.942452	0.977356	0.911156	0.765429	0.581536	0.401074	0.251039	0.13977	0.0609549	0	
0	-0.00340631	0.0103852	0.016475	0.0107231	0.00896395	0.0206016	0.030973	0.0232378	0.0133121	0.010861	0.0214548	0.0417751	0.0437001	0.0192524	-0.0063907	-0.0122547	0.0237906	0.0998517	0.206043	0.315032	0.379329	0.38512	0.327181	0.187416	-0.022521	-0.283537	-0.548158	-0.795794	-1.01176	-1.17348	-1.257	-1.23419	-1.12155	-0.941542	-0.750172	-0.571932	-0.435087	-0.336358	-0.269967	-0.228307	-0.199407	-0.176594	-0.163046	-0.144662	-0.132688	-0.121247	-0.108756	-0.0989814	-0.0932135	-0.0825962	-0.0792374	-0.0733602	-0.0665161	-0.0663962	-0.06683	-0.065553	-0.0628398	-0.0681469	-0.0688838	-0.0653285	-0.0714796	-0.077965	-0.0794169	-0.0765446	-0.079958	-0.0963364	-0.103149	-0.0955053	-0.09551	-0.109871	-0.134589	-0.15691	-0.155152	-0.136263	-0.133922	-0.167048	-0.239668	-0.351323	-0.478091	-0.576967	-0.620245	-0.599778	-0.505564	-0.330536	-0.093054	0.167819	0.419706	0.646577	0.832782	0.951282	0.975206	0.899216	0.747516	0.56231	0.384216	0.23844	0.131782	0.0571695	0	
0	-0.00428925	0.0116007	0.0214573	0.0150737	0.0128271	0.0285786	0.0407323	0.0348805	0.0315268	0.0332988	0.0485393	0.0740068	0.0783019	0.0564353	0.03868	0.0464229	0.0915307	0.18121	0.29428	0.403636	0.466042	0.466176	0.401454	0.255964	0.0388237	-0.220323	-0.483568	-0.724354	-0.934611	-1.0868	-1.15866	-1.12555	-1.00393	-0.824278	-0.634321	-0.465983	-0.336358	-0.24769	-0.189268	-0.155283	-0.131889	-0.117782	-0.107526	-0.0964388	-0.0916635	-0.0840975	-0.077272	-0.074074	-0.0724613	-0.063322	-0.06419	-0.0634697	-0.060382	-0.0626116	-0.0637608	-0.0608545	-0.0601646	-0.0692466	-0.0688898	-0.0644884	-0.0721117	-0.0791653	-0.0796428	-0.0764294	-0.0819535	-0.0987771	-0.10301	-0.0948957	-0.0971275	-0.113592	-0.138889	-0.15867	-0.153238	-0.134641	-0.13702	-0.176298	-0.255045	-0.370587	-0.495651	-0.587436	-0.621394	-0.590701	-0.485352	-0.300477	-0.0577188	0.203256	0.452063	0.673926	0.852451	0.959988	0.971317	0.884472	0.726504	0.540335	0.365288	0.224486	0.123027	0.0530491	0	
0	-0.00145428	0.0123662	0.0204616	0.0158601	0.0169519	0.034989	0.0466451	0.0369349	0.0366936	0.0490975	0.0668517	0.0904627	0.0944975	0.0743608	0.0625692	0.0816191	0.140268	0.238165	0.357785	0.46552	0.520603	0.513408	0.439501	0.283065	0.0613221	-0.200861	-0.458613	-0.695206	-0.896917	-1.0386	-1.0975	-1.05053	-0.921824	-0.738033	-0.55338	-0.390647	-0.269967	-0.189268	-0.137282	-0.109298	-0.092176	-0.0815491	-0.0772017	-0.0716572	-0.0690478	-0.066067	-0.0635271	-0.0616436	-0.058561	-0.0556747	-0.0617786	-0.0591768	-0.0565095	-0.0594813	-0.061632	-0.0608465	-0.0618	-0.0692418	-0.067158	-0.0655514	-0.0745401	-0.0797364	-0.0790589	-0.07689	-0.0849045	-0.101172	-0.102376	-0.0944662	-0.0994678	-0.118069	-0.143515	-0.159975	-0.150746	-0.133393	-0.141652	-0.187953	-0.273352	-0.392484	-0.514572	-0.597698	-0.620913	-0.578553	-0.46071	-0.265287	-0.0174417	0.242955	0.487891	0.703749	0.87315	0.967964	0.965137	0.86657	0.702294	0.515712	0.344493	0.209388	0.113666	0.0486773	0	
0	-0.000430362	0.0124044	0.021352	0.0167468	0.0177151	0.0375919	0.0504135	0.0401953	0.0391499	0.0532768	0.0764281	0.103445	0.103693	0.0820881	0.0786523	0.105326	0.170767	0.27944	0.399756	0.501882	0.551292	0.531247	0.448374	0.281021	0.0512103	-0.208887	-0.464719	-0.693008	-0.886558	-1.01618	-1.05853	-0.999609	-0.859648	-0.67607	-0.494342	-0.339829	-0.228307	-0.155283	-0.109298	-0.0887484	-0.0715071	-0.0672805	-0.0630655	-0.0572681	-0.057897	-0.056012	-0.0526638	-0.0545643	-0.0580506	-0.0552694	-0.0581313	-0.0549102	-0.0557434	-0.0611785	-0.0618541	-0.0594305	-0.06277	-0.0706369	-0.0668435	-0.0665766	-0.0761579	-0.0803686	-0.0791131	-0.0778682	-0.0881293	-0.103266	-0.101447	-0.0944692	-0.10264	-0.123292	-0.148272	-0.160569	-0.147722	-0.132908	-0.148295	-0.202424	-0.29481	-0.41686	-0.534347	-0.607101	-0.618121	-0.562636	-0.43104	-0.224653	0.0277701	0.28671	0.526877	0.735598	0.894263	0.974516	0.956074	0.845172	0.674827	0.488593	0.322075	0.193383	0.103871	0.0441429	0	
0	0.00353503	0.0125282	0.0187701	0.0170213	0.0215797	0.0398046	0.0488796	0.0392645	0.0444294	0.0646527	0.082845	0.102411	0.103855	0.0828554	0.085312	0.128112	0.202505	0.316294	0.438849	0.530695	0.566205	0.535755	0.434275	0.257021	0.0171437	-0.242389	-0.49365	-0.71552	-0.898047	-1.01428	-1.03858	-0.965331	-0.814396	-0.630368	-0.45056	-0.304661	-0.199407	-0.131889	-0.092176	-0.0715071	-0.0587116	-0.056439	-0.0514219	-0.0524281	-0.0541141	-0.052726	-0.0538301	-0.0581827	-0.0525684	-0.0502485	-0.057503	-0.0556025	-0.0582666	-0.0605674	-0.0610789	-0.0611274	-0.0644276	-0.0701665	-0.0664123	-0.0688502	-0.0783591	-0.0807876	-0.0788158	-0.0792937	-0.0920189	-0.105035	-0.100145	-0.0950648	-0.106817	-0.129238	-0.152874	-0.160196	-0.144343	-0.133709	-0.157489	-0.220132	-0.319572	-0.443419	-0.55432	-0.614885	-0.612251	-0.542182	-0.395736	-0.178321	0.0778263	0.334243	0.568632	0.768926	0.915069	0.978871	0.943517	0.819969	0.64411	0.459192	0.298321	0.176732	0.0938248	0.0395369	0	
0	0.00458343	0.0113919	0.0185081	0.0183718	0.0239094	0.0426853	0.0498446	0.0369333	0.0418656	0.0690311	0.0948033	0.109946	0.101723	0.0845157	0.0924085	0.142029	0.226901	0.346473	0.465891	0.548923	0.572174	0.525794	0.412152	0.219106	-0.0256946	-0.285039	-0.530664	-0.743743	-0.915305	-1.01425	-1.02083	-0.93034	-0.771522	-0.585128	-0.411791	-0.273481	-0.176594	-0.117782	-0.0815491	-0.0672805	-0.056439	-0.0552539	-0.0531195	-0.0526161	-0.051955	-0.0512118	-0.0508972	-0.0505371	-0.0509484	-0.0563781	-0.0603098	-0.0554086	-0.0572206	-0.0613466	-0.0619771	-0.0598136	-0.0666614	-0.0724085	-0.0660244	-0.0704943	-0.0803658	-0.0809575	-0.0787811	-0.0817845	-0.0962617	-0.105941	-0.0986274	-0.0966729	-0.112134	-0.135734	-0.156937	-0.158667	-0.140968	-0.136449	-0.169815	-0.241471	-0.347674	-0.471677	-0.57367	-0.620187	-0.60245	-0.51637	-0.354214	-0.126132	0.132534	0.385196	0.612685	0.803076	0.934732	0.98019	0.926857	0.790718	0.610229	0.42779	0.273561	0.159712	0.0837149	0.0349501	0	
