0.000000000000000000e+00 0.000000000000000000e+00 0.000000000000000000e+00 0.000000000000000000e+00 0.000000000000000000e+00 0.000000000000000000e+00 0.000000000000000000e+00 0.000000000000000000e+00 0.000000000000000000e+00 0.000000000000000000e+00 0.000000000000000000e+00 0.000000000000000000e+00 0.000000000000000000e+00 0.000000000000000000e+00 0.000000000000000000e+00 0.000000000000000000e+00 0.000000000000000000e+00 0.000000000000000000e+00 0.000000000000000000e+00 0.000000000000000000e+00 0.000000000000000000e+00 0.000000000000000000e+00 0.000000000000000000e+00 0.000000000000000000e+00 0.000000000000000000e+00 0.000000000000000000e+00 0.000000000000000000e+00 0.000000000000000000e+00 0.000000000000000000e+00 0.000000000000000000e+00 0.000000000000000000e+00 0.000000000000000000e+00 0.000000000000000000e+00 0.000000000000000000e+00 0.000000000000000000e+00 0.000000000000000000e+00 0.000000000000000000e+00 0.000000000000000000e+00 0.000000000000000000e+00 0.000000000000000000e+00 0.000000000000000000e+00 0.000000000000000000e+00 0.000000000000000000e+00 0.000000000000000000e+00 0.000000000000000000e+00 0.000000000000000000e+00 0.000000000000000000e+00 0.000000000000000000e+00 0.000000000000000000e+00 0.000000000000000000e+00 0.000000000000000000e+00 0.000000000000000000e+00 0.000000000000000000e+00 0.000000000000000000e+00 0.000000000000000000e+00 0.000000000000000000e+00 0.000000000000000000e+00 0.000000000000000000e+00 0.000000000000000000e+00 0.000000000000000000e+00 0.000000000000000000e+00 0.000000000000000000e+00 0.000000000000000000e+00 0.000000000000000000e+00 0.000000000000000000e+00 0.000000000000000000e+00 0.000000000000000000e+00 0.000000000000000000e+00 0.000000000000000000e+00 0.000000000000000000e+00 0.000000000000000000e+00 0.000000000000000000e+00 0.000000000000000000e+00 0.000000000000000000e+00 0.000000000000000000e+00 0.000000000000000000e+00 0.000000000000000000e+00 0.000000000000000000e+00 0.000000000000000000e+00 0.000000000000000000e+00 0.000000000000000000e+00 0.000000000000000000e+00 0.000000000000000000e+00 0.000000000000000000e+00 0.000000000000000000e+00 0.000000000000000000e+00 0.000000000000000000e+00 0.000000000000000000e+00 0.000000000000000000e+00 0.000000000000000000e+00 0.000000000000000000e+00 0.000000000000000000e+00 0.000000000000000000e+00 0.000000000000000000e+00 0.000000000000000000e+00 0.000000000000000000e+00 0.000000000000000000e+00 0.000000000000000000e+00 0.000000000000000000e+00 0.000000000000000000e+00
0.000000000000000000e+00 6.821079999999999870e-28 1.618329999999999886e-26 3.551089999999999836e-25 7.199359999999999893e-24 1.345029999999999937e-22 2.309209999999999938e-21 3.632289999999999943e-20 5.217830000000000068e-19 6.821800000000000170e-18 8.087579999999999917e-17 8.660880000000000032e-16 8.343509999999999768e-15 7.199759999999999909e-14 5.540419999999999731e-13 3.784960000000000060e-12 2.285169999999999965e-11 1.213999999999999892e-10 5.651970000000000491e-10 2.297900000000000099e-09 8.136379999999999566e-09 2.505059999999999867e-08 6.706630000000000280e-08 1.564419999999999923e-07 3.192520000000000056e-07 5.731739999999999946e-07 9.109199999999999538e-07 1.288789999999999988e-06 1.630950000000000029e-06 1.852530000000000032e-06 1.892439999999999918e-06 1.739200000000000009e-06 1.436009999999999953e-06 1.062129999999999943e-06 7.007800000000000057e-07 4.102900000000000032e-07 2.119029999999999884e-07 9.597919999999999960e-08 3.793799999999999865e-08 1.304229999999999993e-08 3.893409999999999690e-09 1.009470000000000031e-09 2.277479999999999977e-10 4.485090000000000148e-11 7.741189999999999249e-12 1.176439999999999983e-12 1.581900000000000055e-13 1.891409999999999864e-14 2.020670000000000154e-15 1.937910000000000067e-16 1.675820000000000070e-17 1.312140000000000053e-18 9.338770000000000296e-20 6.063569999999999745e-21 3.603809999999999871e-22 1.966759999999999905e-23 9.884559999999999270e-25 4.587259999999999896e-26 1.970730000000000047e-27 7.855759999999999863e-29 2.911919999999999862e-30 1.005710000000000018e-31 3.242560000000000297e-33 9.776470000000000460e-35 2.760989999999999907e-36 7.314760000000000270e-38 1.820559999999999922e-39 4.262479999999999773e-41 9.399649999999999388e-43 1.954609999999999886e-44 3.836939999999999908e-46 7.117539999999999481e-48 1.248849999999999975e-49 2.074539999999999990e-51 3.265300000000000125e-53 4.873719999999999777e-55 6.903240000000000091e-57 9.285360000000000018e-59 1.186800000000000028e-60 1.442269999999999964e-62 1.667450000000000005e-64 1.834909999999999892e-66 1.922839999999999955e-68 1.919670000000000154e-70 1.826599999999999939e-72 1.657120000000000008e-74 1.433850000000000123e-76 1.183649999999999999e-78 9.324590000000000494e-81 7.011800000000000086e-83 5.033970000000000097e-85 3.451049999999999901e-87 2.259499999999999921e-89 1.413019999999999903e-91 8.440949999999999964e-94 4.816900000000000029e-96 2.625949999999999932e-98 1.367549999999999999e-100 6.803200000000000419e-103 0.000000000000000000e+00
0.000000000000000000e+00 1.618329999999999886e-26 3.711030000000000136e-25 7.863800000000000326e-24 1.538369999999999929e-22 2.770860000000000003e-21 4.581949999999999937e-20 6.934769999999999693e-19 9.574779999999999830e-18 1.201750000000000003e-16 1.366030000000000032e-15 1.400709999999999996e-14 1.290220000000000080e-13 1.062970000000000064e-12 7.797890000000000007e-12 5.070760000000000256e-11 2.909939999999999776e-10 1.467540000000000084e-09 6.479729999999999915e-09 2.497289999999999924e-08 8.384059999999999439e-08 2.450550000000000195e-07 6.243700000000000250e-07 1.391380000000000009e-06 2.726360000000000016e-06 4.727929999999999641e-06 7.304359999999999637e-06 1.011309999999999979e-05 1.260900000000000074e-05 1.420629999999999983e-05 1.449199999999999948e-05 1.338959999999999967e-05 1.118999999999999959e-05 8.434589999999999826e-06 5.709500000000000138e-06 3.451920000000000062e-06 1.852270000000000055e-06 8.763449999999999503e-07 3.634019999999999873e-07 1.314750000000000043e-07 4.138439999999999701e-08 1.132390000000000057e-08 2.696180000000000092e-09 5.599890000000000398e-10 1.018269999999999990e-10 1.628129999999999849e-11 2.299969999999999943e-12 2.884620000000000082e-13 3.227759999999999895e-14 3.237479999999999903e-15 2.923880000000000191e-16 2.387819999999999979e-17 1.770349999999999982e-18 1.196039999999999954e-19 7.388629999999999273e-21 4.187010000000000012e-22 2.183039999999999990e-23 1.050119999999999929e-24 4.672520000000000142e-26 1.927680000000000017e-27 7.390160000000000228e-29 2.638190000000000141e-30 8.786760000000000188e-32 2.735270000000000120e-33 7.971660000000000047e-35 2.178480000000000068e-36 5.590470000000000466e-38 1.349059999999999985e-39 3.065149999999999786e-41 6.565029999999999870e-43 1.326999999999999940e-44 2.534030000000000154e-46 4.576000000000000092e-48 7.821620000000000355e-50 1.266540000000000025e-51 1.944490000000000090e-53 2.832589999999999916e-55 3.917989999999999989e-57 5.149099999999999645e-59 6.433629999999999703e-61 7.646950000000000383e-63 8.650869999999999386e-65 9.319380000000000026e-67 9.564650000000000227e-69 9.355980000000000747e-71 8.726030000000000185e-73 7.762559999999999846e-75 6.588609999999999725e-77 5.337149999999999941e-79 4.127270000000000208e-81 3.047560000000000082e-83 2.149140000000000116e-85 1.447670000000000080e-87 9.315930000000000481e-90 5.727720000000000317e-92 3.364870000000000228e-94 1.888879999999999908e-96 1.013210000000000023e-98 5.193150000000000261e-101 0.000000000000000000e+00
0.000000000000000000e+00 3.551089999999999836e-25 7.863800000000000326e-24 1.607720000000000040e-22 3.031730000000000000e-21 5.258680000000000149e-20 8.365399999999999606e-19 1.216599999999999982e-17 1.612089999999999932e-16 1.939290000000000003e-15 2.109789999999999914e-14 2.067340000000000055e-13 1.816800000000000094e-12 1.425619999999999978e-11 9.943410000000000098e-11 6.136840000000000286e-10 3.336829999999999943e-09 1.592070000000000107e-08 6.642730000000000614e-08 2.417739999999999784e-07 7.667249999999999520e-07 2.119699999999999797e-06 5.122249999999999959e-06 1.087149999999999917e-05 2.039939999999999988e-05 3.409120000000000320e-05 5.110370000000000337e-05 6.914090000000000069e-05 8.484839999999999895e-05 9.477430000000000500e-05 9.653829999999999692e-05 8.970309999999999840e-05 7.594030000000000203e-05 5.840590000000000267e-05 4.063109999999999796e-05 2.542140000000000025e-05 1.420839999999999935e-05 7.042509999999999764e-06 3.073910000000000187e-06 1.174580000000000026e-06 3.913099999999999749e-07 1.134259999999999994e-07 2.860630000000000119e-08 6.288300000000000298e-09 1.208629999999999992e-09 2.039399999999999957e-10 3.035080000000000028e-11 4.003139999999999844e-12 4.702379999999999800e-13 4.943089999999999943e-14 4.671250000000000322e-15 3.985729999999999884e-16 3.083150000000000115e-17 2.170440000000000139e-18 1.395440000000000026e-19 8.220809999999999807e-21 4.451349999999999796e-22 2.221659999999999863e-23 1.024749999999999991e-24 4.379090000000000247e-26 1.737649999999999942e-27 6.416149999999999656e-29 2.208930000000000028e-30 7.103719999999999947e-32 2.137629999999999997e-33 6.028660000000000471e-35 1.595889999999999993e-36 3.970880000000000033e-38 9.299210000000000111e-40 2.052179999999999979e-41 4.272609999999999825e-43 8.401410000000000317e-45 1.561820000000000036e-46 2.747519999999999985e-48 4.577950000000000258e-50 7.230730000000000531e-52 1.083459999999999965e-53 1.541289999999999919e-55 2.082990000000000128e-57 2.676119999999999896e-59 3.270350000000000175e-61 3.803609999999999965e-63 4.212440000000000001e-65 4.444429999999999869e-67 4.469250000000000180e-69 4.285149999999999940e-71 3.918979999999999940e-73 3.419800000000000237e-75 2.848299999999999846e-77 2.264890000000000020e-79 1.719849999999999904e-81 1.247409999999999952e-83 8.643420000000000148e-86 5.722489999999999859e-88 3.620449999999999824e-90 2.189070000000000041e-92 1.265040000000000006e-94 6.987389999999999847e-97 3.688769999999999617e-99 0.000000000000000000e+00
0.000000000000000000e+00 7.199359999999999893e-24 1.538369999999999929e-22 3.031730000000000000e-21 5.505489999999999632e-20 9.186390000000000929e-19 1.404160000000000084e-17 1.959700000000000072e-16 2.488590000000000074e-15 2.864739999999999767e-14 2.977590000000000139e-13 2.782769999999999865e-12 2.328180000000000122e-11 1.735869999999999921e-10 1.148119999999999960e-09 6.705900000000000180e-09 3.444010000000000146e-08 1.549370000000000063e-07 6.087160000000000093e-07 2.084730000000000113e-06 6.222509999999999992e-06 1.621639999999999944e-05 3.705279999999999869e-05 7.470120000000000232e-05 1.339299999999999866e-04 2.152950000000000046e-04 3.126730000000000199e-04 4.129140000000000111e-04 4.983599999999999922e-04 5.516320000000000338e-04 5.610339999999999685e-04 5.244439999999999952e-04 4.500390000000000054e-04 3.535219999999999942e-04 2.530869999999999843e-04 1.641470000000000125e-04 9.576199999999999556e-05 4.985080000000000050e-05 2.296960000000000112e-05 9.300439999999999337e-06 3.290879999999999991e-06 1.014169999999999982e-06 2.719019999999999952e-07 6.347840000000000281e-08 1.293810000000000023e-08 2.310869999999999900e-09 3.633040000000000102e-10 5.051870000000000283e-11 6.243959999999999983e-12 6.892990000000000298e-13 6.828589999999999835e-14 6.097740000000000354e-15 4.928829999999999865e-16 3.620459999999999916e-17 2.425580000000000154e-18 1.487240000000000088e-19 8.371990000000000121e-21 4.339469999999999900e-22 2.076760000000000108e-23 9.199729999999999381e-25 3.781170000000000094e-26 1.445070000000000019e-27 5.145729999999999623e-29 1.710510000000000045e-30 5.317340000000000463e-32 1.548349999999999977e-33 4.229830000000000237e-35 1.085629999999999973e-36 2.621399999999999835e-38 5.962490000000000059e-40 1.279029999999999889e-41 2.590430000000000087e-43 4.958590000000000255e-45 8.979690000000000070e-47 1.539860000000000100e-48 2.502580000000000054e-50 3.857760000000000290e-52 5.644789999999999629e-54 7.845720000000000055e-56 1.036520000000000042e-57 1.302419999999999979e-59 1.557399999999999976e-61 1.773199999999999869e-63 1.923280000000000134e-65 1.988169999999999873e-67 1.959639999999999889e-69 1.842369999999999968e-71 1.652789999999999971e-73 1.415250000000000033e-75 1.157059999999999999e-77 9.034429999999999777e-80 6.738549999999999468e-82 4.802240000000000373e-84 3.270439999999999820e-86 2.128720000000000110e-88 1.324440000000000082e-90 7.877380000000000684e-93 4.479140000000000058e-95 2.434839999999999976e-97 0.000000000000000000e+00
0.000000000000000000e+00 1.345029999999999937e-22 2.770860000000000003e-21 5.258680000000000149e-20 9.186390000000000929e-19 1.472810000000000100e-17 2.160309999999999993e-16 2.889239999999999987e-15 3.510590000000000115e-14 3.860370000000000241e-13 3.826010000000000173e-12 3.402940000000000038e-11 2.703880000000000180e-10 1.910409999999999817e-09 1.194650000000000047e-08 6.581780000000000323e-08 3.181320000000000061e-07 1.344240000000000025e-06 4.952649999999999922e-06 1.589380000000000019e-05 4.446679999999999920e-05 1.088169999999999985e-04 2.342830000000000064e-04 4.473340000000000237e-04 7.643889999999999756e-04 1.179469999999999954e-03 1.656750000000000020e-03 2.132799999999999800e-03 2.529330000000000207e-03 2.772960000000000095e-03 2.815660000000000211e-03 2.648820000000000081e-03 2.305830000000000032e-03 1.852139999999999950e-03 1.366599999999999933e-03 9.205899999999999934e-04 5.619040000000000059e-04 3.080790000000000026e-04 1.503479999999999910e-04 6.474719999999999564e-05 2.443160000000000169e-05 8.038279999999999210e-06 2.300459999999999994e-06 5.726589999999999665e-07 1.242360000000000015e-07 2.356859999999999903e-08 3.926600000000000068e-09 5.772690000000000049e-10 7.526340000000000502e-11 8.745679999999999546e-12 9.101289999999999077e-13 8.521390000000000205e-14 7.209459999999999416e-15 5.534070000000000013e-16 3.868859999999999919e-17 2.471989999999999894e-18 1.448300000000000076e-19 7.804309999999999401e-21 3.878809999999999878e-22 1.782729999999999921e-23 7.595410000000000287e-25 3.006590000000000115e-26 1.108079999999999960e-27 3.809649999999999957e-29 1.224090000000000048e-30 3.682099999999999976e-32 1.038540000000000057e-33 2.750669999999999864e-35 6.850930000000000237e-37 1.606650000000000043e-38 3.552099999999999958e-40 7.412029999999999455e-42 1.461309999999999926e-43 2.724839999999999961e-45 4.809949999999999634e-47 8.044990000000000366e-49 1.276020000000000082e-50 1.920759999999999893e-52 2.745929999999999881e-54 3.730820000000000099e-56 4.820510000000000314e-58 5.926719999999999847e-60 6.937630000000000373e-62 7.735830000000000591e-64 8.220740000000000345e-66 8.329429999999999539e-68 8.050049999999999842e-70 7.423770000000000441e-72 6.534959999999999806e-74 5.492750000000000147e-76 4.409480000000000450e-78 3.381780000000000328e-80 2.478339999999999921e-82 1.735870000000000042e-84 1.162210000000000075e-86 7.439200000000000354e-89 4.552860000000000226e-91 2.664369999999999984e-93 1.490959999999999927e-95 0.000000000000000000e+00
0.000000000000000000e+00 2.309209999999999938e-21 4.581949999999999937e-20 8.365399999999999606e-19 1.404160000000000084e-17 2.160309999999999993e-16 3.036469999999999818e-15 3.885510000000000298e-14 4.509410000000000169e-13 4.727579999999999935e-12 4.458099999999999836e-11 3.764410000000000032e-10 2.832969999999999989e-09 1.891019999999999949e-08 1.114220000000000034e-07 5.768570000000000150e-07 2.613270000000000053e-06 1.032469999999999959e-05 3.550379999999999709e-05 1.062439999999999945e-04 2.772869999999999762e-04 6.343479999999999648e-04 1.281849999999999960e-03 2.310200000000000101e-03 3.751689999999999799e-03 5.543600000000000090e-03 7.516949999999999674e-03 9.419049999999999992e-03 1.096399999999999979e-02 1.189810000000000000e-02 1.206059999999999945e-02 1.142319999999999967e-02 1.009670000000000012e-02 8.303909999999999417e-03 6.325859999999999990e-03 4.435610000000000420e-03 2.840150000000000053e-03 1.645310000000000088e-03 8.536120000000000122e-04 3.926579999999999936e-04 1.587399999999999879e-04 5.602840000000000045e-05 1.719879999999999871e-05 4.586169999999999833e-06 1.063600000000000074e-06 2.151610000000000034e-07 3.812300000000000329e-08 5.944629999999999974e-09 8.199330000000000057e-10 1.005470000000000044e-10 1.101699999999999961e-11 1.083769999999999935e-12 9.614970000000000277e-14 7.725670000000000757e-15 5.644320000000000177e-16 3.763270000000000160e-17 2.297589999999999882e-18 1.288550000000000069e-19 6.657649999999999879e-21 3.177659999999999889e-22 1.404600000000000101e-23 5.763329999999999744e-25 2.199939999999999862e-26 7.827840000000000312e-28 2.601290000000000015e-29 8.087449999999999832e-31 2.356270000000000124e-32 6.443129999999999645e-34 1.655949999999999936e-35 4.005550000000000107e-37 9.130330000000000639e-39 1.963509999999999881e-40 3.988249999999999752e-42 7.659229999999999696e-44 1.392080000000000042e-45 2.396699999999999926e-47 3.912080000000000010e-49 6.058919999999999909e-51 8.910489999999999837e-53 1.245189999999999982e-54 1.654549999999999891e-56 2.091730000000000083e-58 2.517470000000000255e-60 2.885930000000000191e-62 3.152739999999999897e-64 3.283779999999999967e-66 3.262339999999999909e-68 3.092619999999999748e-70 2.798480000000000056e-72 2.418020000000000174e-74 1.995589999999999895e-76 1.573519999999999895e-78 1.185690000000000058e-80 8.539989999999999815e-83 5.880450000000000013e-85 3.871669999999999898e-87 2.437669999999999991e-89 1.467859999999999948e-91 8.453649999999999886e-94 0.000000000000000000e+00
0.000000000000000000e+00 3.632289999999999943e-20 6.934769999999999693e-19 1.216599999999999982e-17 1.959700000000000072e-16 2.889239999999999987e-15 3.885510000000000298e-14 4.748860000000000224e-13 5.254109999999999712e-12 5.240229999999999775e-11 4.690299999999999820e-10 3.749729999999999623e-09 2.664510000000000015e-08 1.674460000000000027e-07 9.260109999999999928e-07 4.485439999999999698e-06 1.895259999999999876e-05 6.964680000000000545e-05 2.222849999999999902e-04 6.167390000000000459e-04 1.493270000000000101e-03 3.177259999999999893e-03 5.999080000000000384e-03 1.016629999999999964e-02 1.564039999999999875e-02 2.207280000000000006e-02 2.883120000000000127e-02 3.510579999999999951e-02 4.006189999999999751e-02 4.300480000000000275e-02 4.351290000000000019e-02 4.151289999999999841e-02 3.729260000000000214e-02 3.145069999999999810e-02 2.478450000000000097e-02 1.813340000000000091e-02 1.221659999999999933e-02 7.504349999999999909e-03 4.156690000000000211e-03 2.052350000000000094e-03 8.937119999999999570e-04 3.403130000000000196e-04 1.126799999999999986e-04 3.236050000000000298e-05 8.063149999999999194e-06 1.747340000000000028e-06 3.306199999999999787e-07 5.488289999999999708e-08 8.034430000000000761e-09 1.042760000000000026e-09 1.206090000000000020e-10 1.249440000000000056e-11 1.164759999999999977e-12 9.814410000000000536e-14 7.505690000000000681e-15 5.229689999999999788e-16 3.331649999999999987e-17 1.947000000000000117e-18 1.046929999999999959e-19 5.194420000000000219e-21 2.384280000000000119e-22 1.014919999999999955e-23 4.015500000000000110e-25 1.479750000000000000e-26 5.088929999999999820e-28 1.636230000000000045e-29 4.926919999999999750e-31 1.391590000000000006e-32 3.692270000000000142e-34 9.215639999999999959e-36 2.166559999999999892e-37 4.803510000000000137e-39 1.005500000000000002e-40 1.989340000000000078e-42 3.723689999999999814e-44 6.600629999999999855e-46 1.108990000000000068e-47 1.767500000000000119e-49 2.674370000000000276e-51 3.844400000000000199e-53 5.253850000000000209e-55 6.830389999999999694e-57 8.452649999999999475e-59 9.962340000000000118e-61 1.118860000000000014e-62 1.197980000000000024e-64 1.223419999999999973e-66 1.192149999999999942e-68 1.108880000000000057e-70 9.848879999999999821e-73 8.355610000000000350e-75 6.773029999999999885e-77 5.247040000000000207e-79 3.885730000000000031e-81 2.751339999999999987e-83 1.862969999999999897e-85 1.206479999999999900e-87 7.473779999999999711e-90 4.428829999999999738e-92 0.000000000000000000e+00
0.000000000000000000e+00 5.217830000000000068e-19 9.574779999999999830e-18 1.612089999999999932e-16 2.488590000000000074e-15 3.510590000000000115e-14 4.509410000000000169e-13 5.254109999999999712e-12 5.529950000000000120e-11 5.234330000000000473e-10 4.434750000000000221e-09 3.346429999999999744e-08 2.237419999999999927e-07 1.318490000000000102e-06 6.812730000000000416e-06 3.071769999999999899e-05 1.203749999999999986e-04 4.088939999999999784e-04 1.203290000000000089e-03 3.074819999999999810e-03 6.862270000000000175e-03 1.350100000000000085e-02 2.369960000000000122e-02 3.760669999999999985e-02 5.461959999999999732e-02 7.341359999999999553e-02 9.216380000000000405e-02 1.088609999999999994e-01 1.216440000000000021e-01 1.290870000000000073e-01 1.303620000000000057e-01 1.253269999999999940e-01 1.145410000000000039e-01 9.920619999999999439e-02 8.103849999999999942e-02 6.202679999999999999e-02 4.410889999999999950e-02 2.884350000000000108e-02 1.713759999999999936e-02 9.132809999999999886e-03 4.310439999999999584e-03 1.782450000000000093e-03 6.408279999999999706e-04 1.994730000000000060e-04 5.371490000000000303e-05 1.253640000000000079e-05 2.545219999999999917e-06 4.516850000000000109e-07 7.044209999999999521e-08 9.707779999999999330e-09 1.188700000000000041e-09 1.300099999999999988e-10 1.276409999999999970e-11 1.130149999999999986e-12 9.063460000000000591e-14 6.610150000000000333e-15 4.400479999999999868e-16 2.683200000000000021e-17 1.503319999999999986e-18 7.761879999999999687e-20 3.703269999999999696e-21 1.636819999999999954e-22 6.717839999999999273e-24 2.565759999999999880e-25 9.137739999999999986e-27 3.040290000000000079e-28 9.466949999999999372e-30 2.763339999999999788e-31 7.572740000000000161e-33 1.951150000000000014e-34 4.732889999999999677e-36 1.082210000000000012e-37 2.335340000000000074e-39 4.761339999999999588e-41 9.181110000000000219e-43 1.675990000000000055e-44 2.899030000000000029e-46 4.755689999999999780e-48 7.404609999999999713e-50 1.095080000000000051e-51 1.539390000000000060e-53 2.058269999999999822e-55 2.619239999999999790e-57 3.174080000000000049e-59 3.664909999999999847e-61 4.033980000000000229e-63 4.234759999999999638e-65 4.241689999999999782e-67 4.055440000000000153e-69 3.702420000000000282e-71 3.228709999999999916e-73 2.690300000000000040e-75 2.142510000000000106e-77 1.631179999999999987e-79 1.187499999999999896e-81 8.268030000000000877e-84 5.506540000000000180e-86 3.508520000000000166e-88 2.138800000000000022e-90 0.000000000000000000e+00
0.000000000000000000e+00 6.821800000000000170e-18 1.201750000000000003e-16 1.939290000000000003e-15 2.864739999999999767e-14 3.860370000000000241e-13 4.727579999999999935e-12 5.240229999999999775e-11 5.234330000000000473e-10 4.689510000000000280e-09 3.749459999999999747e-08 2.661209999999999780e-07 1.667469999999999936e-06 9.172090000000000811e-06 4.404849999999999678e-05 1.837730000000000038e-04 6.634310000000000250e-04 2.067849999999999983e-03 5.567339999999999615e-03 1.300010000000000054e-02 2.654590000000000075e-02 4.798009999999999775e-02 7.788119999999999765e-02 1.152129999999999960e-01 1.574250000000000094e-01 2.009789999999999910e-01 2.420019999999999949e-01 2.768729999999999802e-01 3.026710000000000234e-01 3.173730000000000162e-01 3.198719999999999897e-01 3.099750000000000005e-01 2.884269999999999889e-01 2.568819999999999992e-01 2.179149999999999976e-01 1.749130000000000129e-01 1.317089999999999927e-01 9.205180000000000307e-02 5.896210000000000340e-02 3.412090000000000262e-02 1.757780000000000106e-02 7.954229999999999634e-03 3.129400000000000064e-03 1.063769999999999907e-03 3.117489999999999996e-04 7.885270000000000484e-05 1.727339999999999965e-05 3.293090000000000009e-06 5.494449999999999546e-07 8.070170000000000061e-08 1.049549999999999958e-08 1.215379999999999995e-09 1.259809999999999964e-10 1.174699999999999993e-11 9.898630000000001009e-13 7.569840000000000590e-14 5.274289999999999961e-15 3.360280000000000242e-16 1.964130000000000040e-17 1.056540000000000042e-18 5.245089999999999702e-20 2.409460000000000076e-21 1.026699999999999999e-22 4.067310000000000083e-24 1.501150000000000066e-25 5.171860000000000152e-27 1.666340000000000064e-28 5.029359999999999729e-30 1.424239999999999964e-31 3.789860000000000182e-33 9.489270000000000036e-35 2.238600000000000137e-36 4.981760000000000470e-38 1.047000000000000075e-39 2.080360000000000001e-41 3.911920000000000125e-43 6.968050000000000504e-45 1.176759999999999987e-46 1.885730000000000079e-48 2.869629999999999908e-50 4.149969999999999977e-52 5.707339999999999953e-54 7.469149999999999708e-56 9.307189999999999520e-58 1.104890000000000000e-59 1.250259999999999944e-61 1.349199999999999906e-63 1.389120000000000004e-65 1.365139999999999947e-67 1.281009999999999899e-69 1.148219999999999963e-71 9.834040000000000416e-74 8.050170000000000070e-76 6.300260000000000032e-78 4.715169999999999629e-80 3.375299999999999859e-82 2.311439999999999962e-84 1.514519999999999985e-86 9.495860000000000495e-89 0.000000000000000000e+00
0.000000000000000000e+00 8.087579999999999917e-17 1.366030000000000032e-15 2.109789999999999914e-14 2.977590000000000139e-13 3.826010000000000173e-12 4.458099999999999836e-11 4.690299999999999820e-10 4.434750000000000221e-09 3.749459999999999747e-08 2.819410000000000230e-07 1.874779999999999904e-06 1.095860000000000042e-05 5.596849999999999785e-05 2.482920000000000006e-04 9.517809999999999595e-04 3.140260000000000187e-03 8.903019999999999337e-03 2.172930000000000000e-02 4.594850000000000323e-02 8.514689999999999759e-02 1.404289999999999983e-01 2.096810000000000063e-01 2.880739999999999967e-01 3.693270000000000164e-01 4.470799999999999774e-01 5.158110000000000195e-01 5.713610000000000078e-01 6.110179999999999501e-01 6.331369999999999498e-01 6.368599999999999817e-01 6.220430000000000126e-01 5.892610000000000348e-01 5.398119999999999585e-01 4.759340000000000237e-01 4.011919999999999931e-01 3.206120000000000081e-01 2.402960000000000096e-01 1.667029999999999901e-01 1.054049999999999987e-01 5.972360000000000169e-02 2.983250000000000138e-02 1.296130000000000025e-02 4.854490000000000367e-03 1.561120000000000042e-03 4.311159999999999970e-04 1.025619999999999982e-04 2.112399999999999968e-05 3.789099999999999856e-06 5.956539999999999682e-07 8.257769999999999702e-08 1.015669999999999989e-08 1.114639999999999989e-09 1.097220000000000012e-10 9.735579999999999599e-12 7.821610000000000435e-13 5.713459999999999719e-14 3.809170000000000324e-15 2.326029999999999756e-16 1.305150000000000023e-17 6.749309999999999526e-19 3.225619999999999746e-20 1.428330000000000084e-21 5.873959999999999715e-23 2.248390000000000127e-24 8.026690000000000526e-26 2.677610000000000097e-27 8.361259999999999639e-29 2.448069999999999856e-30 6.730920000000000363e-32 1.740380000000000123e-33 4.237619999999999757e-35 9.728630000000000624e-37 2.108380000000000032e-38 4.318090000000000150e-40 8.366329999999999861e-42 1.534970000000000060e-43 2.669229999999999930e-45 4.403169999999999752e-47 6.895869999999999933e-49 1.026089999999999941e-50 1.451649999999999953e-52 1.953929999999999956e-54 2.503790000000000169e-56 3.056199999999999964e-58 3.555450000000000043e-60 3.944209999999999904e-62 4.174290000000000166e-64 4.216499999999999998e-66 4.066739999999999670e-68 3.746520000000000140e-70 3.297960000000000092e-72 2.774830000000000183e-74 2.232150000000000004e-76 1.717200000000000041e-78 1.263639999999999992e-80 8.896589999999999974e-83 5.993689999999999661e-85 3.864419999999999934e-87 0.000000000000000000e+00
0.000000000000000000e+00 8.660880000000000032e-16 1.400709999999999996e-14 2.067340000000000055e-13 2.782769999999999865e-12 3.402940000000000038e-11 3.764410000000000032e-10 3.749729999999999623e-09 3.346429999999999744e-08 2.661209999999999780e-07 1.874779999999999904e-06 1.162750000000000006e-05 6.307350000000000521e-05 2.972690000000000163e-04 1.209510000000000012e-03 4.224760000000000147e-03 1.261969999999999932e-02 3.221029999999999727e-02 7.051469999999999960e-02 1.336950000000000083e-01 2.230000000000000038e-01 3.336569999999999814e-01 4.567069999999999741e-01 5.818579999999999863e-01 6.999940000000000051e-01 8.043879999999999919e-01 8.908300000000000107e-01 9.574089999999999545e-01 1.003470000000000084e+00 1.028629999999999933e+00 1.032799999999999940e+00 1.016040000000000054e+00 9.783190000000000497e-01 9.199159999999999560e-01 8.413019999999999943e-01 7.437110000000000110e-01 6.304089999999999971e-01 5.070909999999999584e-01 3.820009999999999795e-01 2.651879999999999793e-01 1.664690000000000059e-01 9.264120000000000688e-02 4.490940000000000210e-02 1.872679999999999831e-02 6.673130000000000207e-03 2.029689999999999793e-03 5.283930000000000484e-04 1.183450000000000062e-04 2.294960000000000131e-05 3.879779999999999977e-06 5.757100000000000114e-07 7.547659999999999970e-08 8.796380000000000182e-09 9.165579999999999693e-10 8.583509999999999965e-11 7.259670000000000307e-12 5.569800000000000157e-13 3.892199999999999940e-14 2.486570000000000092e-15 1.457279999999999937e-16 7.859299999999999464e-18 3.911880000000000192e-19 1.801809999999999948e-20 7.698879999999999537e-22 3.058689999999999798e-23 1.132290000000000073e-24 3.913340000000000073e-26 1.265049999999999964e-27 3.831579999999999887e-29 1.089070000000000016e-30 2.909280000000000245e-32 7.314339999999999863e-34 1.732980000000000044e-35 3.874080000000000112e-37 8.180899999999999895e-39 1.633650000000000027e-40 3.088000000000000287e-42 5.530569999999999597e-44 9.393420000000000352e-46 1.514260000000000084e-47 2.318679999999999832e-49 3.374929999999999823e-51 4.672729999999999663e-53 6.157999999999999739e-55 7.729230000000000276e-57 9.244959999999999934e-59 1.054329999999999997e-60 1.146999999999999990e-62 1.190880000000000055e-64 1.180510000000000016e-66 1.117759999999999935e-68 1.011230000000000028e-70 8.744399999999999621e-73 7.229590000000000361e-75 5.716399999999999993e-77 4.323790000000000241e-79 3.129200000000000080e-81 2.167280000000000145e-83 1.436679999999999967e-85 0.000000000000000000e+00
0.000000000000000000e+00 8.343509999999999768e-15 1.290220000000000080e-13 1.816800000000000094e-12 2.328180000000000122e-11 2.703880000000000180e-10 2.832969999999999989e-09 2.664510000000000015e-08 2.237419999999999927e-07 1.667469999999999936e-06 1.095860000000000042e-05 6.307350000000000521e-05 3.156279999999999806e-04 1.363080000000000021e-03 5.044279999999999944e-03 1.589940000000000103e-02 4.252620000000000011e-02 9.657069999999999543e-02 1.874659999999999938e-01 3.156979999999999786e-01 4.712279999999999802e-01 6.386070000000000357e-01 8.028980000000000006e-01 9.530279999999999863e-01 1.082799999999999985e+00 1.189610000000000056e+00 1.273649999999999949e+00 1.336379999999999901e+00 1.378749999999999920e+00 1.401359999999999939e+00 1.405030000000000001e+00 1.390069999999999917e+00 1.355679999999999996e+00 1.301230000000000109e+00 1.225929999999999964e+00 1.128379999999999939e+00 1.007630000000000026e+00 8.651330000000000409e-01 7.054329999999999767e-01 5.377089999999999925e-01 3.755089999999999817e-01 2.346979999999999900e-01 1.283110000000000084e-01 6.026890000000000025e-02 2.406859999999999902e-02 8.145809999999999856e-03 2.341269999999999896e-03 5.745499999999999522e-04 1.212259999999999944e-04 2.215860000000000160e-05 3.535549999999999971e-06 4.959949999999999624e-07 6.159419999999999974e-08 6.813189999999999713e-09 6.751320000000000422e-10 6.024470000000000239e-11 4.864140000000000315e-12 3.568909999999999784e-13 2.389069999999999987e-14 1.464410000000000065e-15 8.246730000000000491e-17 4.279699999999999653e-18 2.052479999999999902e-19 9.120259999999999369e-21 3.763909999999999847e-22 1.445909999999999901e-23 5.180930000000000291e-25 1.734880000000000095e-26 5.438819999999999832e-28 1.598940000000000076e-29 4.414939999999999638e-31 1.146599999999999941e-32 2.804699999999999802e-34 6.469849999999999693e-36 1.409140000000000061e-37 2.901020000000000068e-39 5.651129999999999671e-41 1.042650000000000048e-42 1.823710000000000028e-44 3.026660000000000073e-46 4.770000000000000109e-48 7.144100000000000024e-50 1.017569999999999980e-51 1.379290000000000011e-53 1.780320000000000142e-55 2.189510000000000128e-57 2.567100000000000120e-59 2.870810000000000112e-61 3.063679999999999943e-63 3.121409999999999806e-65 3.037439999999999944e-67 2.824099999999999758e-69 2.509680000000000120e-71 2.132379999999999882e-73 1.732780000000000098e-75 1.347019999999999926e-77 1.001969999999999983e-79 7.133169999999999685e-82 4.860889999999999619e-84 0.000000000000000000e+00
0.000000000000000000e+00 7.199759999999999909e-14 1.062970000000000064e-12 1.425619999999999978e-11 1.735869999999999921e-10 1.910409999999999817e-09 1.891019999999999949e-08 1.674460000000000027e-07 1.318490000000000102e-06 9.172090000000000811e-06 5.596849999999999785e-05 2.972690000000000163e-04 1.363080000000000021e-03 5.350739999999999663e-03 1.783770000000000147e-02 5.017110000000000319e-02 1.186799999999999938e-01 2.368089999999999917e-01 4.034940000000000193e-01 6.005620000000000402e-01 8.040779999999999594e-01 9.957549999999999457e-01 1.165089999999999959e+00 1.308219999999999938e+00 1.425119999999999942e+00 1.517400000000000082e+00 1.588189999999999991e+00 1.639520000000000088e+00 1.672409999999999952e+00 1.689449999999999896e+00 1.692309999999999981e+00 1.681019999999999959e+00 1.654709999999999903e+00 1.610989999999999922e+00 1.548110000000000097e+00 1.464909999999999934e+00 1.358060000000000045e+00 1.225579999999999892e+00 1.066459999999999964e+00 8.828859999999999486e-01 6.824369999999999603e-01 4.800470000000000015e-01 2.984260000000000246e-01 1.597449999999999981e-01 7.239059999999999939e-02 2.758040000000000144e-02 8.841589999999999866e-03 2.397929999999999940e-03 5.544729999999999884e-04 1.102470000000000034e-04 1.901060000000000057e-05 2.866069999999999988e-06 3.806259999999999832e-07 4.483510000000000289e-08 4.713669999999999916e-09 4.448209999999999780e-10 3.787300000000000069e-11 2.922929999999999946e-12 2.053500000000000035e-13 1.318379999999999938e-14 7.762289999999999763e-16 4.204809999999999738e-17 2.101850000000000106e-18 9.721720000000000346e-20 4.171230000000000273e-21 1.664089999999999977e-22 6.186129999999999833e-24 2.147129999999999789e-25 6.971139999999999991e-27 2.120840000000000144e-28 6.055760000000000274e-30 1.625339999999999898e-31 4.106219999999999876e-33 9.777699999999999512e-35 2.197169999999999917e-36 4.664700000000000158e-38 9.366759999999999594e-40 1.780740000000000079e-41 3.208279999999999974e-43 5.482700000000000010e-45 8.894699999999999889e-47 1.370970000000000093e-48 2.009100000000000059e-50 2.801300000000000102e-52 3.718640000000000272e-54 4.702610000000000265e-56 5.668579999999999947e-58 6.516599999999999455e-60 7.148220000000000221e-62 7.485229999999999521e-64 7.485679999999999518e-66 7.152380000000000364e-68 6.531659999999999720e-70 5.702920000000000126e-72 4.762199999999999980e-74 3.804320000000000193e-76 2.908160000000000175e-78 2.127790000000000157e-80 1.490309999999999881e-82 0.000000000000000000e+00
0.000000000000000000e+00 5.540419999999999731e-13 7.797890000000000007e-12 9.943410000000000098e-11 1.148119999999999960e-09 1.194650000000000047e-08 1.114220000000000034e-07 9.260109999999999928e-07 6.812730000000000416e-06 4.404849999999999678e-05 2.482920000000000006e-04 1.209510000000000012e-03 5.044279999999999944e-03 1.783770000000000147e-02 5.300099999999999950e-02 1.314200000000000090e-01 2.715110000000000023e-01 4.712370000000000170e-01 7.026170000000000471e-01 9.321239999999999526e-01 1.141280000000000072e+00 1.323509999999999964e+00 1.476569999999999938e+00 1.600970000000000004e+00 1.697289999999999965e+00 1.768550000000000066e+00 1.818219999999999947e+00 1.848950000000000093e+00 1.865469999999999962e+00 1.873979999999999979e+00 1.875780000000000003e+00 1.869779999999999998e+00 1.857019999999999893e+00 1.832540000000000058e+00 1.790710000000000024e+00 1.728509999999999991e+00 1.642660000000000009e+00 1.529619999999999980e+00 1.388200000000000101e+00 1.217349999999999932e+00 1.018669999999999964e+00 7.959810000000000496e-01 5.618990000000000373e-01 3.453879999999999728e-01 1.797030000000000016e-01 7.802950000000000164e-02 2.821370000000000128e-02 8.537919999999999190e-03 2.180899999999999939e-03 4.748239999999999926e-04 8.897369999999999823e-05 1.448150000000000018e-05 2.064690000000000047e-06 2.598430000000000061e-07 2.906559999999999856e-08 2.907759999999999893e-09 2.616250000000000142e-10 2.127820000000000116e-11 1.571469999999999967e-12 1.058260000000000026e-13 6.522789999999999639e-15 3.692480000000000000e-16 1.925810000000000078e-17 9.280500000000000422e-19 4.143299999999999747e-20 1.717910000000000130e-21 6.630069999999999769e-23 2.386739999999999873e-24 8.029870000000000554e-26 2.529369999999999899e-27 7.472139999999999534e-29 2.073430000000000073e-30 5.412279999999999968e-32 1.330799999999999929e-33 3.086339999999999782e-35 6.759159999999999755e-37 1.399419999999999879e-38 2.742000000000000163e-40 5.089569999999999870e-42 8.957610000000000322e-44 1.496160000000000068e-45 2.373550000000000121e-47 3.579159999999999807e-49 5.133870000000000033e-51 7.009390000000000072e-53 9.115179999999999823e-55 1.129679999999999995e-56 1.335049999999999930e-58 1.505260000000000135e-60 1.619990000000000100e-62 1.664919999999999835e-64 1.634709999999999917e-66 1.533980000000000062e-68 1.376219999999999975e-70 1.180830000000000029e-72 9.692779999999999977e-75 7.613630000000000527e-77 5.724319999999999999e-79 4.120219999999999935e-81 0.000000000000000000e+00
