0	0	0	0	0	0	0	0	0	0	0	0	0	0	0	0	0	0	0	0	0	0	0	0	0	0	0	0	0	0	0	0	0	0	0	0	0	0	0	0	0	0	0	0	0	0	0	0	0	0	0	0	0	0	0	0	0	0	0	0	0	0	0	0	0	0	0	0	0	0	0	0	0	0	0	0	0	0	0	0	0	0	0	0	0	0	0	0	0	0	0	0	0	0	0	0	0	0	0	0	
0	0.00967728	0.0164522	0.0197054	0.0241562	0.0288898	0.0344351	0.0400315	0.0506669	0.068759	0.0924463	0.116978	0.137532	0.148496	0.14634	0.129261	0.099185	0.0569483	0.00486771	-0.0501394	-0.101143	-0.139455	-0.160676	-0.162927	-0.150124	-0.124841	-0.0917047	-0.0568793	-0.0255408	0.00513086	0.0398905	0.0768472	0.114142	0.149649	0.178401	0.19653	0.205622	0.204515	0.195351	0.181074	0.167477	0.156346	0.14618	0.136174	0.127408	0.119292	0.112293	0.104738	0.0980734	0.0948757	0.0962232	0.106381	0.118388	0.128904	0.13717	0.138944	0.134091	0.130332	0.127814	0.126227	0.125818	0.126257	0.12646	0.124996	0.114261	0.0954016	0.0730939	0.0486419	0.023024	-0.000105011	-0.0155653	-0.02209	-0.017768	-0.00617654	0.0160097	0.0467995	0.0816632	0.121055	0.161395	0.199999	0.234211	0.260524	0.274272	0.277039	0.269171	0.247004	0.214871	0.178139	0.13617	0.0915639	0.0477763	0.00542866	-0.0335752	-0.0676021	-0.0907037	-0.100738	-0.0963386	-0.0746141	-0.0412241	0	
0	0.0164522	0.0260644	0.031213	0.0359805	0.04458	0.0522611	0.0622683	0.0808107	0.114604	0.159001	0.204924	0.242847	0.262141	0.256519	0.222093	0.165035	0.0835793	-0.0136474	-0.118484	-0.215046	-0.288883	-0.333287	-0.341805	-0.324254	-0.282204	-0.222625	-0.157815	-0.0957167	-0.0315024	0.0397897	0.117293	0.190503	0.259001	0.311902	0.345211	0.361375	0.363425	0.349461	0.328578	0.306178	0.287699	0.265474	0.245125	0.224759	0.208247	0.196771	0.186079	0.175025	0.170837	0.172705	0.186821	0.207249	0.227301	0.246112	0.257296	0.260477	0.26296	0.262572	0.260136	0.256313	0.250598	0.243145	0.232304	0.209682	0.17644	0.140851	0.101022	0.0574969	0.0178274	-0.0137339	-0.0301357	-0.0291246	-0.0136081	0.0239538	0.0798646	0.151465	0.232874	0.316195	0.394106	0.461059	0.513823	0.538739	0.541301	0.525407	0.484889	0.427939	0.360759	0.28255	0.196779	0.107197	0.0199982	-0.0576561	-0.125083	-0.168627	-0.183065	-0.173292	-0.133483	-0.0716598	0	
0	0.0197054	0.031213	0.0331974	0.0384009	0.0449834	0.0538002	0.0627222	0.0854378	0.128671	0.187282	0.247497	0.296006	0.318264	0.305789	0.25574	0.174447	0.0644251	-0.0691375	-0.209977	-0.342157	-0.445642	-0.510824	-0.532044	-0.517691	-0.469093	-0.393565	-0.303826	-0.213591	-0.11745	-0.00758142	0.104979	0.210146	0.302175	0.371471	0.414145	0.440194	0.449427	0.444422	0.427451	0.407861	0.385968	0.356811	0.322429	0.290717	0.265454	0.249273	0.234362	0.220009	0.209676	0.20534	0.222239	0.24746	0.27752	0.313425	0.342628	0.358872	0.375375	0.385132	0.382847	0.369453	0.3493	0.327256	0.306999	0.273533	0.230563	0.188558	0.145374	0.0967093	0.0467885	0.0062575	-0.0199304	-0.0233493	-0.00801817	0.0403648	0.119824	0.219503	0.337734	0.460336	0.575302	0.673083	0.743809	0.776837	0.780929	0.760279	0.706108	0.628123	0.537079	0.427443	0.304247	0.178107	0.0548133	-0.0552119	-0.145596	-0.201281	-0.220261	-0.206228	-0.155973	-0.0847658	0	
0	0.0241562	0.0359805	0.0384009	0.0398657	0.0463795	0.0503649	0.0559488	0.0746814	0.119011	0.180453	0.243244	0.290385	0.305672	0.280845	0.212718	0.114162	-0.0175428	-0.170273	-0.333435	-0.485367	-0.606587	-0.688848	-0.721324	-0.716101	-0.669279	-0.584865	-0.479775	-0.367868	-0.244816	-0.107123	0.0350204	0.159573	0.266156	0.343071	0.391858	0.425323	0.449931	0.459509	0.460413	0.454508	0.44454	0.415775	0.378926	0.337168	0.301065	0.27451	0.248541	0.219382	0.197736	0.185764	0.19923	0.232282	0.27702	0.33234	0.382386	0.419727	0.449747	0.463349	0.45856	0.437702	0.406205	0.37194	0.339331	0.296166	0.246247	0.202495	0.158122	0.10731	0.0586992	0.0186946	-0.00159646	0.00294239	0.0287751	0.092725	0.189724	0.314381	0.456549	0.601011	0.734663	0.848004	0.935892	0.977057	0.982351	0.958829	0.894632	0.801512	0.68924	0.555824	0.408256	0.256279	0.113549	-0.00682149	-0.105607	-0.164474	-0.182325	-0.173572	-0.131728	-0.0696752	0	
0	0.0288898	0.04458	0.0449834	0.0463795	0.0471185	0.0464073	0.0409293	0.0501469	0.084746	0.138621	0.192203	0.227781	0.228761	0.18705	0.104308	-0.00863343	-0.148762	-0.312244	-0.482937	-0.644618	-0.77672	-0.870023	-0.914904	-0.919376	-0.876414	-0.789912	-0.673892	-0.5495	-0.412429	-0.257036	-0.102955	0.0316342	0.142067	0.221667	0.273741	0.317462	0.35606	0.387567	0.409452	0.428707	0.439769	0.430055	0.401297	0.361775	0.318966	0.27844	0.230266	0.177817	0.132832	0.104195	0.118475	0.160295	0.221957	0.299428	0.369978	0.418571	0.459623	0.482343	0.479254	0.453281	0.414164	0.37224	0.33452	0.283565	0.223822	0.171813	0.125589	0.0787026	0.0366318	0.0112501	0.00971611	0.0389869	0.089977	0.177805	0.296188	0.431561	0.581599	0.730657	0.867787	0.986857	1.07716	1.12313	1.13518	1.11419	1.04453	0.93733	0.809747	0.660097	0.500386	0.348279	0.211108	0.0985596	0.00819697	-0.0493501	-0.0765575	-0.0845111	-0.067092	-0.0374005	0	
0	0.0344351	0.0522611	0.0538002	0.0503649	0.0464073	0.0335857	0.0142932	0.00436064	0.0214926	0.0568174	0.0926405	0.109166	0.0915143	0.0344022	-0.0607851	-0.177655	-0.320644	-0.481861	-0.653352	-0.816269	-0.952832	-1.0548	-1.10865	-1.12239	-1.08677	-1.0018	-0.887696	-0.764004	-0.628315	-0.474409	-0.317848	-0.18338	-0.0708072	0.011548	0.0683627	0.119967	0.172846	0.220559	0.266543	0.312954	0.357448	0.376566	0.371454	0.341813	0.29637	0.240939	0.169901	0.0891471	0.0201108	-0.0226603	-0.014871	0.034081	0.10956	0.203803	0.29062	0.357469	0.410342	0.440415	0.444134	0.422685	0.384149	0.338513	0.292779	0.230387	0.159591	0.101505	0.0540944	0.0109603	-0.0168728	-0.0193398	0.0117021	0.0749828	0.157058	0.271704	0.40697	0.5523	0.700208	0.839323	0.963922	1.07201	1.16129	1.20864	1.22252	1.20496	1.13743	1.03175	0.90462	0.760126	0.611337	0.471481	0.351666	0.25682	0.173976	0.114581	0.0744695	0.0387736	0.0196389	0.00829874	0	
0	0.0400315	0.0622683	0.0627222	0.0559488	0.0409293	0.0142932	-0.0274399	-0.0613244	-0.0711148	-0.0597911	-0.0467425	-0.0501203	-0.0825176	-0.149687	-0.245198	-0.358905	-0.492072	-0.646055	-0.810257	-0.969871	-1.10682	-1.21196	-1.2716	-1.29248	-1.26371	-1.18999	-1.08834	-0.984475	-0.870448	-0.734929	-0.593029	-0.464797	-0.354079	-0.268236	-0.203303	-0.140438	-0.0725514	-0.00376679	0.0650789	0.142648	0.218755	0.269038	0.286198	0.268246	0.221811	0.156433	0.0662524	-0.0354701	-0.124708	-0.183457	-0.180239	-0.130638	-0.0484066	0.0559048	0.155414	0.23131	0.297188	0.342216	0.355547	0.337769	0.298949	0.250757	0.200052	0.133212	0.0566983	-0.00514006	-0.0475238	-0.0748377	-0.0795144	-0.0533866	0.00957787	0.106492	0.218885	0.353552	0.497614	0.639476	0.777329	0.901204	1.00898	1.10422	1.17973	1.21956	1.23497	1.22424	1.17008	1.08194	0.978834	0.861712	0.740783	0.630253	0.532466	0.450585	0.37207	0.302677	0.24143	0.17547	0.115715	0.0578639	0	
0	0.0506669	0.0808107	0.0854378	0.0746814	0.0501469	0.00436064	-0.0613244	-0.126418	-0.166396	-0.184049	-0.194086	-0.214623	-0.256968	-0.3241	-0.413047	-0.512868	-0.632128	-0.771724	-0.92491	-1.07485	-1.20504	-1.30562	-1.36443	-1.38726	-1.36853	-1.31131	-1.23839	-1.16925	-1.09515	-0.995371	-0.880107	-0.769611	-0.667401	-0.581375	-0.510358	-0.432644	-0.344087	-0.249751	-0.150062	-0.0429503	0.0617056	0.134669	0.164617	0.150338	0.101958	0.0288656	-0.0698373	-0.181444	-0.282012	-0.348807	-0.353634	-0.306208	-0.222772	-0.11368	-0.00851406	0.0767798	0.146289	0.192382	0.207972	0.190452	0.150365	0.099929	0.0496889	-0.017292	-0.0898748	-0.140506	-0.164767	-0.169753	-0.147697	-0.0880121	0.00965113	0.133645	0.262652	0.404603	0.546484	0.677357	0.797236	0.901397	0.990034	1.06728	1.13145	1.16527	1.17837	1.17486	1.14098	1.08619	1.02494	0.955081	0.879065	0.80079	0.724369	0.651776	0.57027	0.490632	0.410073	0.315487	0.217444	0.111023	0	
0	0.068759	0.114604	0.128671	0.119011	0.084746	0.0214926	-0.0711148	-0.166396	-0.238419	-0.282295	-0.311085	-0.342333	-0.384614	-0.444919	-0.518329	-0.602151	-0.704666	-0.830503	-0.97095	-1.10836	-1.22626	-1.31668	-1.36896	-1.39254	-1.38326	-1.34964	-1.30987	-1.28505	-1.25679	-1.20175	-1.12359	-1.04095	-0.958809	-0.883477	-0.809353	-0.720251	-0.608223	-0.484723	-0.35725	-0.223729	-0.0997942	-0.0148757	0.0222391	0.0103605	-0.0388504	-0.110903	-0.210372	-0.324544	-0.428338	-0.498828	-0.50642	-0.460297	-0.375649	-0.267607	-0.163538	-0.0838291	-0.0204188	0.0194431	0.0247759	-0.00293703	-0.0502918	-0.101948	-0.151491	-0.206975	-0.2627	-0.294004	-0.292769	-0.265541	-0.20809	-0.12047	-0.000942309	0.138023	0.274237	0.410133	0.535364	0.64798	0.749024	0.833965	0.90601	0.971367	1.02298	1.04899	1.06436	1.07346	1.06736	1.05174	1.0375	1.01779	0.986398	0.94432	0.8906	0.827758	0.746615	0.655181	0.556222	0.435963	0.30205	0.156097	0	
0	0.0924463	0.159001	0.187282	0.180453	0.138621	0.0568174	-0.0597911	-0.184049	-0.282295	-0.345515	-0.383762	-0.413243	-0.446153	-0.488711	-0.542146	-0.606672	-0.692784	-0.80524	-0.932414	-1.05516	-1.15941	-1.23749	-1.28551	-1.31099	-1.31522	-1.30471	-1.29875	-1.31131	-1.32636	-1.3132	-1.27579	-1.22943	-1.17889	-1.12424	-1.06007	-0.964473	-0.838323	-0.695288	-0.547998	-0.400913	-0.268489	-0.174757	-0.132623	-0.138456	-0.178137	-0.242883	-0.334399	-0.441652	-0.543763	-0.613875	-0.623185	-0.578352	-0.496623	-0.392853	-0.296497	-0.226033	-0.178987	-0.156713	-0.164585	-0.204718	-0.262169	-0.320115	-0.364786	-0.408939	-0.444469	-0.445433	-0.407854	-0.344826	-0.260968	-0.151152	-0.0208337	0.113742	0.236378	0.354195	0.462855	0.556157	0.638994	0.709122	0.765772	0.815392	0.856219	0.881654	0.903859	0.930326	0.954892	0.979508	1.00903	1.03341	1.04286	1.03174	0.999444	0.947478	0.866907	0.766944	0.650228	0.509014	0.351632	0.179718	0	
0	0.116978	0.204924	0.247497	0.243244	0.192203	0.0926405	-0.0467425	-0.194086	-0.311085	-0.383762	-0.41863	-0.435798	-0.447123	-0.465277	-0.49286	-0.535095	-0.602808	-0.697923	-0.807616	-0.911831	-0.998899	-1.06615	-1.11182	-1.14332	-1.16209	-1.17375	-1.19443	-1.23901	-1.28763	-1.31493	-1.31819	-1.31156	-1.29733	-1.27158	-1.22221	-1.13556	-1.00966	-0.86571	-0.718673	-0.571278	-0.435541	-0.335158	-0.28019	-0.271292	-0.299259	-0.352272	-0.434048	-0.534998	-0.631448	-0.694948	-0.703142	-0.659489	-0.58143	-0.488484	-0.405656	-0.349586	-0.316754	-0.307914	-0.331703	-0.386021	-0.454103	-0.515225	-0.559931	-0.589195	-0.597765	-0.568203	-0.49816	-0.404178	-0.2946	-0.177451	-0.0538955	0.0654049	0.168712	0.262813	0.346942	0.423712	0.491174	0.542796	0.58182	0.615258	0.641692	0.661778	0.692451	0.740828	0.799623	0.862816	0.928776	0.987745	1.02663	1.04093	1.03022	0.991366	0.91579	0.809536	0.679534	0.524302	0.354982	0.179716	0	
0	0.137532	0.242847	0.296006	0.290385	0.227781	0.109166	-0.0501203	-0.214623	-0.342333	-0.413243	-0.435798	-0.428797	-0.411708	-0.39754	-0.393626	-0.408103	-0.449559	-0.520174	-0.604882	-0.685344	-0.755438	-0.813387	-0.861318	-0.901164	-0.932449	-0.960133	-0.999676	-1.06456	-1.14123	-1.20269	-1.246	-1.27953	-1.30431	-1.31147	-1.28955	-1.22265	-1.11491	-0.985436	-0.847649	-0.705128	-0.568791	-0.4583	-0.39198	-0.372874	-0.390656	-0.438439	-0.514566	-0.608747	-0.699138	-0.758491	-0.763855	-0.718977	-0.642506	-0.554164	-0.478452	-0.433197	-0.418007	-0.428347	-0.466968	-0.532867	-0.608539	-0.67076	-0.70438	-0.714083	-0.698557	-0.641931	-0.546651	-0.432202	-0.315666	-0.198337	-0.0842018	0.0152054	0.0965093	0.166061	0.22806	0.278847	0.320546	0.350128	0.366345	0.380067	0.395274	0.417447	0.457657	0.52018	0.599192	0.685566	0.774121	0.856173	0.920026	0.957691	0.96706	0.944442	0.881309	0.781813	0.654799	0.503775	0.339185	0.170513	0	
0	0.148496	0.262141	0.318264	0.305672	0.228761	0.0915143	-0.0825176	-0.256968	-0.384614	-0.446153	-0.447123	-0.411708	-0.361405	-0.312335	-0.274336	-0.255968	-0.26656	-0.306517	-0.361923	-0.418503	-0.472233	-0.524072	-0.57535	-0.620373	-0.659495	-0.694684	-0.744881	-0.824286	-0.920183	-1.01077	-1.08609	-1.15245	-1.21095	-1.25226	-1.26252	-1.22927	-1.15216	-1.04885	-0.927746	-0.793581	-0.655835	-0.537998	-0.46277	-0.436824	-0.455018	-0.50718	-0.587478	-0.685043	-0.776023	-0.827699	-0.825623	-0.769617	-0.680777	-0.584909	-0.508844	-0.468459	-0.464892	-0.492353	-0.549115	-0.627311	-0.705281	-0.758578	-0.778003	-0.766942	-0.727409	-0.653557	-0.550569	-0.4354	-0.322003	-0.214758	-0.115309	-0.030857	0.0341051	0.081892	0.116765	0.139251	0.150084	0.148989	0.144254	0.14541	0.155533	0.179212	0.222261	0.287719	0.36846	0.456429	0.548139	0.63914	0.717629	0.774214	0.806332	0.80444	0.763052	0.68638	0.580458	0.45158	0.307139	0.155353	0	
0	0.14634	0.256519	0.305789	0.280845	0.18705	0.0344022	-0.149687	-0.3241	-0.444919	-0.488711	-0.465277	-0.39754	-0.312335	-0.225667	-0.149547	-0.0944101	-0.0702994	-0.0782708	-0.108139	-0.146849	-0.193406	-0.246097	-0.3031	-0.353769	-0.394198	-0.430809	-0.482328	-0.563765	-0.664994	-0.766291	-0.857211	-0.942908	-1.02735	-1.10256	-1.15073	-1.15684	-1.11672	-1.04242	-0.940831	-0.818715	-0.68817	-0.573535	-0.500291	-0.479052	-0.504315	-0.566918	-0.656155	-0.76149	-0.85341	-0.901929	-0.889331	-0.816593	-0.707271	-0.593957	-0.505359	-0.462069	-0.466353	-0.505669	-0.572264	-0.652815	-0.72817	-0.772279	-0.778017	-0.749962	-0.696016	-0.615214	-0.513893	-0.406015	-0.306834	-0.217306	-0.137213	-0.0726114	-0.0248533	0.00211846	0.013635	0.00812038	-0.00970733	-0.0334168	-0.0550519	-0.0622661	-0.0521926	-0.024393	0.0182699	0.073072	0.137631	0.209054	0.285929	0.369488	0.448813	0.512039	0.555525	0.570117	0.554703	0.511719	0.445056	0.357849	0.250298	0.129558	0	
0	0.129261	0.222093	0.25574	0.212718	0.104308	-0.0607851	-0.245198	-0.413047	-0.518329	-0.542146	-0.49286	-0.393626	-0.274336	-0.149547	-0.0354344	0.0558914	0.11243	0.129339	0.117623	0.0860488	0.0401191	-0.0161054	-0.0784031	-0.129145	-0.167496	-0.198022	-0.243518	-0.315093	-0.404457	-0.498595	-0.586795	-0.67772	-0.778117	-0.879191	-0.960289	-1.00088	-0.994231	-0.952374	-0.876492	-0.780231	-0.672847	-0.575476	-0.516513	-0.507184	-0.544616	-0.622157	-0.724255	-0.836532	-0.93003	-0.969109	-0.943377	-0.853358	-0.727312	-0.599971	-0.502667	-0.45145	-0.447422	-0.482054	-0.541272	-0.613322	-0.679193	-0.715726	-0.714879	-0.682357	-0.625294	-0.544814	-0.452746	-0.358885	-0.278586	-0.209849	-0.153401	-0.111811	-0.084103	-0.0755918	-0.0799511	-0.100924	-0.132621	-0.167289	-0.195537	-0.210132	-0.207085	-0.18724	-0.157688	-0.116957	-0.0705052	-0.0188619	0.0373675	0.0976354	0.156852	0.206524	0.246414	0.269174	0.275818	0.267596	0.24215	0.201939	0.145543	0.0765914	0	
0	0.099185	0.165035	0.174447	0.114162	-0.00863343	-0.177655	-0.358905	-0.512868	-0.602151	-0.606672	-0.535095	-0.408103	-0.255968	-0.0944101	0.0558914	0.180916	0.262038	0.297161	0.292734	0.261943	0.212564	0.152321	0.0883907	0.038791	0.0075765	-0.0124663	-0.0413473	-0.0892105	-0.150664	-0.221273	-0.296705	-0.385288	-0.494306	-0.614756	-0.716735	-0.780485	-0.799746	-0.783626	-0.737743	-0.673859	-0.598682	-0.533051	-0.5006	-0.513819	-0.573981	-0.670744	-0.782707	-0.899618	-0.986145	-1.01563	-0.980098	-0.883897	-0.752258	-0.620828	-0.516703	-0.454599	-0.436645	-0.452445	-0.493874	-0.545665	-0.596132	-0.620673	-0.616403	-0.585285	-0.530486	-0.460102	-0.38425	-0.309228	-0.246273	-0.196839	-0.161316	-0.137344	-0.125491	-0.132365	-0.148828	-0.176664	-0.211939	-0.247455	-0.27689	-0.297851	-0.307275	-0.304596	-0.292479	-0.270406	-0.241617	-0.20684	-0.174766	-0.1445	-0.119891	-0.101114	-0.0783214	-0.0587401	-0.0353947	-0.0104949	0.00454093	0.014095	0.0154622	0.00922255	0	
0	0.0569483	0.0835793	0.0644251	-0.0175428	-0.148762	-0.320644	-0.492072	-0.632128	-0.704666	-0.692784	-0.602808	-0.449559	-0.26656	-0.0702994	0.11243	0.262038	0.36057	0.402515	0.400631	0.36663	0.315393	0.254736	0.192653	0.148209	0.127034	0.124603	0.119975	0.104602	0.0781543	0.0321714	-0.029342	-0.115651	-0.22806	-0.353794	-0.463049	-0.534781	-0.565626	-0.571697	-0.549551	-0.517051	-0.478364	-0.447733	-0.449092	-0.495528	-0.583079	-0.702487	-0.829534	-0.948876	-1.03279	-1.05738	-1.01974	-0.923036	-0.792665	-0.659143	-0.549071	-0.475143	-0.437605	-0.437273	-0.456513	-0.483485	-0.5097	-0.517173	-0.500495	-0.465155	-0.418354	-0.362472	-0.310147	-0.257845	-0.215396	-0.180331	-0.156142	-0.144342	-0.143396	-0.160982	-0.186837	-0.222599	-0.25926	-0.290092	-0.316518	-0.341791	-0.359485	-0.371438	-0.380223	-0.376531	-0.369065	-0.357386	-0.349259	-0.351781	-0.359404	-0.366211	-0.361955	-0.346026	-0.312977	-0.26621	-0.216737	-0.164854	-0.110871	-0.0549257	0	
0	0.00486771	-0.0136474	-0.0691375	-0.170273	-0.312244	-0.481861	-0.646055	-0.771724	-0.830503	-0.80524	-0.697923	-0.520174	-0.306517	-0.0782708	0.129339	0.297161	0.402515	0.447834	0.444313	0.40841	0.355932	0.295628	0.235521	0.195412	0.185913	0.203233	0.225993	0.243107	0.24596	0.220941	0.166599	0.0843435	-0.0225082	-0.142637	-0.243774	-0.309243	-0.34319	-0.355017	-0.347866	-0.337402	-0.32637	-0.331076	-0.36912	-0.447595	-0.566225	-0.711589	-0.854313	-0.986736	-1.07688	-1.10658	-1.07159	-0.977658	-0.845078	-0.70479	-0.585937	-0.50087	-0.450998	-0.432363	-0.433121	-0.435648	-0.435079	-0.415275	-0.381634	-0.343864	-0.298963	-0.255855	-0.224213	-0.195094	-0.168894	-0.146142	-0.135186	-0.133487	-0.145812	-0.176958	-0.21261	-0.253455	-0.292941	-0.322849	-0.343804	-0.365781	-0.384889	-0.40263	-0.418921	-0.431488	-0.44868	-0.463695	-0.484666	-0.511249	-0.537511	-0.555794	-0.554844	-0.543897	-0.509452	-0.448912	-0.380487	-0.296668	-0.199809	-0.101615	0	
0	-0.0501394	-0.118484	-0.209977	-0.333435	-0.482937	-0.653352	-0.810257	-0.92491	-0.97095	-0.932414	-0.807616	-0.604882	-0.361923	-0.108139	0.117623	0.292734	0.400631	0.444313	0.439773	0.400196	0.345128	0.281488	0.220993	0.183478	0.184823	0.220969	0.266766	0.306598	0.329976	0.315283	0.267659	0.192152	0.097911	-0.0049047	-0.0887491	-0.139362	-0.159816	-0.167323	-0.159658	-0.157851	-0.168594	-0.201514	-0.268775	-0.37715	-0.522419	-0.692232	-0.861597	-1.01449	-1.12083	-1.16139	-1.13106	-1.03548	-0.897563	-0.749142	-0.621476	-0.526775	-0.46091	-0.429852	-0.41098	-0.386026	-0.357388	-0.318593	-0.273395	-0.229464	-0.188448	-0.152448	-0.131692	-0.113629	-0.0998902	-0.0940761	-0.103592	-0.125535	-0.157736	-0.201508	-0.245681	-0.289856	-0.326334	-0.35126	-0.369688	-0.387862	-0.397261	-0.408045	-0.425129	-0.44431	-0.481429	-0.523248	-0.563603	-0.605393	-0.636418	-0.649013	-0.645578	-0.632739	-0.599244	-0.539316	-0.461179	-0.364072	-0.248136	-0.123649	0	
0	-0.101143	-0.215046	-0.342157	-0.485367	-0.644618	-0.816269	-0.969871	-1.07485	-1.10836	-1.05516	-0.911831	-0.685344	-0.418503	-0.146849	0.0860488	0.261943	0.36663	0.40841	0.400196	0.35527	0.292634	0.223135	0.161188	0.126495	0.138031	0.187628	0.246492	0.298063	0.328962	0.322527	0.280653	0.216183	0.140767	0.0597111	-0.000856522	-0.0265042	-0.0280464	-0.0190821	-0.00397955	-0.00482667	-0.025943	-0.075876	-0.161712	-0.287683	-0.455069	-0.654515	-0.854981	-1.03756	-1.16434	-1.21629	-1.18675	-1.08891	-0.947497	-0.793191	-0.65863	-0.553107	-0.471234	-0.415147	-0.370596	-0.323576	-0.277409	-0.225804	-0.176069	-0.137586	-0.0981607	-0.0613241	-0.0433642	-0.0352561	-0.0353641	-0.0480345	-0.0827768	-0.131127	-0.187531	-0.244934	-0.289597	-0.327708	-0.358608	-0.375711	-0.384519	-0.395204	-0.398938	-0.403948	-0.41403	-0.434398	-0.479983	-0.530526	-0.57926	-0.623745	-0.651711	-0.657017	-0.643263	-0.625738	-0.59218	-0.533556	-0.463879	-0.37388	-0.25813	-0.132123	0	
0	-0.139455	-0.288883	-0.445642	-0.606587	-0.77672	-0.952832	-1.10682	-1.20504	-1.22626	-1.15941	-0.998899	-0.755438	-0.472233	-0.193406	0.0401191	0.212564	0.315393	0.355932	0.345128	0.292634	0.221457	0.146263	0.084219	0.0532224	0.0694091	0.123292	0.184654	0.237569	0.273973	0.276093	0.244103	0.193673	0.135965	0.0775496	0.0412023	0.0393661	0.0600972	0.086244	0.111877	0.119073	0.098669	0.0451408	-0.049075	-0.190048	-0.38224	-0.611442	-0.845698	-1.05388	-1.19804	-1.25977	-1.23659	-1.14529	-1.00783	-0.851172	-0.706733	-0.581968	-0.471084	-0.389288	-0.324695	-0.260008	-0.20127	-0.147989	-0.103254	-0.0692671	-0.0341432	-0.00175792	0.0116193	0.0113097	-0.00136539	-0.0335427	-0.0903118	-0.156678	-0.223116	-0.280702	-0.32291	-0.354656	-0.374832	-0.383306	-0.384975	-0.38562	-0.381079	-0.385673	-0.399387	-0.420013	-0.462867	-0.506174	-0.538359	-0.570416	-0.593874	-0.595063	-0.580254	-0.559803	-0.522639	-0.465886	-0.403624	-0.330006	-0.232735	-0.119627	0	
0	-0.160676	-0.333287	-0.510824	-0.688848	-0.870023	-1.0548	-1.21196	-1.30562	-1.31668	-1.23749	-1.06615	-0.813387	-0.524072	-0.246097	-0.0161054	0.152321	0.254736	0.295628	0.281488	0.223135	0.146263	0.0708272	0.0150416	-0.0122623	0.0053364	0.0553958	0.112559	0.164105	0.204152	0.214208	0.191052	0.149438	0.107251	0.0697774	0.0567413	0.07757	0.117959	0.159223	0.198818	0.21878	0.207034	0.154058	0.0520909	-0.106252	-0.321201	-0.576619	-0.837987	-1.06842	-1.23011	-1.30793	-1.2981	-1.21603	-1.08226	-0.919923	-0.75831	-0.608922	-0.471094	-0.361349	-0.273502	-0.197317	-0.136467	-0.0862187	-0.0497537	-0.0273686	-0.00332618	0.0216137	0.0243678	0.00625549	-0.0241328	-0.0692507	-0.130107	-0.196576	-0.257526	-0.303155	-0.331224	-0.350252	-0.361972	-0.360004	-0.352898	-0.350474	-0.349397	-0.361214	-0.380689	-0.404143	-0.439764	-0.465896	-0.477283	-0.489592	-0.498815	-0.493021	-0.475477	-0.453446	-0.418464	-0.367349	-0.314422	-0.257533	-0.181946	-0.0928198	0	
0	-0.162927	-0.341805	-0.532044	-0.721324	-0.914904	-1.10865	-1.2716	-1.36443	-1.36896	-1.28551	-1.11182	-0.861318	-0.57535	-0.3031	-0.0784031	0.0883907	0.192653	0.235521	0.220993	0.161188	0.084219	0.0150416	-0.035779	-0.0616206	-0.0519931	-0.0114631	0.0392945	0.090774	0.134826	0.15454	0.136916	0.104237	0.0736506	0.053284	0.0559282	0.0909212	0.142126	0.199358	0.256183	0.29591	0.296319	0.243393	0.127431	-0.0499305	-0.286204	-0.562953	-0.845031	-1.09301	-1.27281	-1.36506	-1.36533	-1.28935	-1.15362	-0.977056	-0.79391	-0.616962	-0.450067	-0.315773	-0.216528	-0.138524	-0.0779876	-0.0348774	-0.0107411	-0.00484692	0.00144665	0.00589086	-0.0111062	-0.04782	-0.0927561	-0.142993	-0.198911	-0.248941	-0.286035	-0.30705	-0.315424	-0.320456	-0.321054	-0.313851	-0.304879	-0.301273	-0.308629	-0.333451	-0.360579	-0.382883	-0.408208	-0.418715	-0.409622	-0.403764	-0.401312	-0.386291	-0.364682	-0.345014	-0.314011	-0.266908	-0.218499	-0.168447	-0.110037	-0.0526684	0	
0	-0.150124	-0.324254	-0.517691	-0.716101	-0.919376	-1.12239	-1.29248	-1.38726	-1.39254	-1.31099	-1.14332	-0.901164	-0.620373	-0.353769	-0.129145	0.038791	0.148209	0.195412	0.183478	0.126495	0.0532224	-0.0122623	-0.0616206	-0.0947246	-0.0966712	-0.0671667	-0.0192495	0.0331106	0.0828719	0.106953	0.0956519	0.0684521	0.0460668	0.0361061	0.0478471	0.0882818	0.15136	0.22368	0.29763	0.352509	0.355211	0.29203	0.160533	-0.0331695	-0.282907	-0.569759	-0.867857	-1.13364	-1.32922	-1.4319	-1.43584	-1.35214	-1.19835	-1.00051	-0.790337	-0.587151	-0.400688	-0.25301	-0.147235	-0.0702509	-0.0176848	0.0148212	0.0224114	0.0114793	-0.00357695	-0.0219346	-0.0614714	-0.121983	-0.180854	-0.231165	-0.270245	-0.298874	-0.313505	-0.312671	-0.303546	-0.292416	-0.280442	-0.266715	-0.259621	-0.262549	-0.27791	-0.305859	-0.330544	-0.346724	-0.361743	-0.365996	-0.352241	-0.337061	-0.322765	-0.296563	-0.268035	-0.246234	-0.220319	-0.182554	-0.138503	-0.0961351	-0.0547536	-0.0197316	0	
0	-0.124841	-0.282204	-0.469093	-0.669279	-0.876414	-1.08677	-1.26371	-1.36853	-1.38326	-1.31522	-1.16209	-0.932449	-0.659495	-0.394198	-0.167496	0.0075765	0.127034	0.185913	0.184823	0.138031	0.0694091	0.0053364	-0.0519931	-0.0966712	-0.11473	-0.0961796	-0.0541034	-0.00228907	0.0460891	0.0743052	0.0680019	0.0467119	0.0294984	0.0246664	0.0393861	0.0858177	0.156971	0.240619	0.32389	0.379086	0.375298	0.30072	0.155551	-0.0482841	-0.30294	-0.598702	-0.907108	-1.18062	-1.38126	-1.47874	-1.46952	-1.36608	-1.19213	-0.970398	-0.737272	-0.513938	-0.315282	-0.160431	-0.0581693	0.002438	0.0399939	0.058638	0.0535819	0.0254746	-0.0117725	-0.0530259	-0.111799	-0.184062	-0.249039	-0.294076	-0.320338	-0.334639	-0.333301	-0.319518	-0.298837	-0.279645	-0.263102	-0.248245	-0.243296	-0.249938	-0.271019	-0.29721	-0.31137	-0.314581	-0.31717	-0.312617	-0.294362	-0.275508	-0.257226	-0.229355	-0.199256	-0.176415	-0.151657	-0.119076	-0.0860593	-0.0571031	-0.031115	-0.0106168	0	
0	-0.0917047	-0.222625	-0.393565	-0.584865	-0.789912	-1.0018	-1.18999	-1.31131	-1.34964	-1.30471	-1.17375	-0.960133	-0.694684	-0.430809	-0.198022	-0.0124663	0.124603	0.203233	0.220969	0.187628	0.123292	0.0553958	-0.0114631	-0.0671667	-0.0961796	-0.0874274	-0.0506937	-0.00544275	0.0389578	0.0648619	0.0585842	0.0362404	0.0142936	0.00794608	0.0263429	0.0778823	0.157149	0.246691	0.326944	0.376982	0.363366	0.277517	0.121696	-0.0907083	-0.35199	-0.648386	-0.953653	-1.22086	-1.40677	-1.4832	-1.45052	-1.32276	-1.12183	-0.880468	-0.631612	-0.399726	-0.202673	-0.0556016	0.0318277	0.0774748	0.100073	0.1045	0.0799655	0.0338487	-0.0197267	-0.0748469	-0.139734	-0.213636	-0.275422	-0.313384	-0.332057	-0.342831	-0.341236	-0.328737	-0.30682	-0.284005	-0.266507	-0.261066	-0.269137	-0.279556	-0.296795	-0.309693	-0.30772	-0.297841	-0.286812	-0.274118	-0.251367	-0.226229	-0.207164	-0.183142	-0.155282	-0.131881	-0.104974	-0.0769765	-0.0551498	-0.0411812	-0.0305597	-0.0143358	0	
0	-0.0568793	-0.157815	-0.303826	-0.479775	-0.673892	-0.887696	-1.08834	-1.23839	-1.30987	-1.29875	-1.19443	-0.999676	-0.744881	-0.482328	-0.243518	-0.0413473	0.119975	0.225993	0.266766	0.246492	0.184654	0.112559	0.0392945	-0.0192495	-0.0541034	-0.0506937	-0.0219131	0.0162205	0.0531406	0.0707504	0.0584172	0.025297	-0.00623574	-0.0163449	0.00359859	0.0567761	0.134745	0.21621	0.290415	0.332783	0.315235	0.224905	0.0605342	-0.160855	-0.424018	-0.716024	-1.0093	-1.25615	-1.41717	-1.45938	-1.39229	-1.22817	-1.00053	-0.743982	-0.490837	-0.263934	-0.0814223	0.0492944	0.122793	0.149153	0.152535	0.141528	0.106466	0.0500404	-0.0166657	-0.079654	-0.14266	-0.206897	-0.26037	-0.29251	-0.309319	-0.325017	-0.330692	-0.326071	-0.313469	-0.303202	-0.300616	-0.308149	-0.323079	-0.33644	-0.346581	-0.342772	-0.325135	-0.299746	-0.275147	-0.252758	-0.226493	-0.201087	-0.181297	-0.15967	-0.130286	-0.100756	-0.0720993	-0.0487849	-0.0357074	-0.0313406	-0.0285849	-0.0153965	0	
0	-0.0255408	-0.0957167	-0.213591	-0.367868	-0.5495	-0.764004	-0.984475	-1.16925	-1.28505	-1.31131	-1.23901	-1.06456	-0.824286	-0.563765	-0.315093	-0.0892105	0.104602	0.243107	0.306598	0.298063	0.237569	0.164105	0.090774	0.0331106	-0.00228907	-0.00544275	0.0162205	0.047197	0.0742562	0.0814591	0.0583025	0.0162933	-0.0211187	-0.0334482	-0.0148887	0.0299607	0.0927395	0.160851	0.225906	0.26483	0.246316	0.150003	-0.023119	-0.253074	-0.515365	-0.797434	-1.06848	-1.29085	-1.4179	-1.42389	-1.31863	-1.12214	-0.869567	-0.600895	-0.346169	-0.128536	0.0353864	0.145354	0.193789	0.197924	0.186035	0.166902	0.124601	0.0626489	-0.00539711	-0.0663933	-0.12349	-0.176958	-0.222003	-0.247829	-0.263286	-0.282306	-0.295425	-0.30899	-0.317483	-0.330699	-0.352563	-0.378767	-0.399355	-0.401944	-0.397047	-0.379586	-0.350424	-0.318622	-0.284291	-0.250665	-0.220942	-0.192028	-0.168332	-0.14405	-0.109871	-0.0789526	-0.0530253	-0.0361119	-0.0278881	-0.0208106	-0.0165043	-0.00800872	0	
0	0.00513086	-0.0315024	-0.11745	-0.244816	-0.412429	-0.628315	-0.870448	-1.09515	-1.25679	-1.32636	-1.28763	-1.14123	-0.920183	-0.664994	-0.404457	-0.150664	0.0781543	0.24596	0.329976	0.328962	0.273973	0.204152	0.134826	0.0828719	0.0460891	0.0389578	0.0531406	0.0742562	0.0899252	0.0822376	0.0518789	0.0104878	-0.0234809	-0.032784	-0.0175293	0.0155055	0.0641031	0.120933	0.17976	0.21232	0.183444	0.0744974	-0.114514	-0.352185	-0.613038	-0.87986	-1.12591	-1.31718	-1.41224	-1.38141	-1.24433	-1.02056	-0.747285	-0.470103	-0.218294	-0.0123902	0.132864	0.21738	0.244675	0.230811	0.199887	0.165865	0.117433	0.0540031	-0.0126244	-0.0679612	-0.111512	-0.149639	-0.18425	-0.203894	-0.217742	-0.236654	-0.257869	-0.285579	-0.316721	-0.357361	-0.399463	-0.435961	-0.453353	-0.449803	-0.434027	-0.406569	-0.376948	-0.340881	-0.301592	-0.26465	-0.228642	-0.190789	-0.155917	-0.123187	-0.0867865	-0.0617541	-0.0462642	-0.0366954	-0.0300059	-0.0183868	-0.00946167	-0.00288166	0	
0	0.0398905	0.0397897	-0.00758142	-0.107123	-0.257036	-0.474409	-0.734929	-0.995371	-1.20175	-1.3132	-1.31493	-1.20269	-1.01077	-0.766291	-0.498595	-0.221273	0.0321714	0.220941	0.315283	0.322527	0.276093	0.214208	0.15454	0.106953	0.0743052	0.0648619	0.0707504	0.0814591	0.0822376	0.0642573	0.0379105	0.00793246	-0.0118704	-0.0175017	-0.00510156	0.0214886	0.0642802	0.115922	0.170965	0.191164	0.14753	0.0178367	-0.189187	-0.444014	-0.708899	-0.966527	-1.18744	-1.34873	-1.40621	-1.34195	-1.17403	-0.923922	-0.635805	-0.355279	-0.109702	0.0809947	0.205751	0.272462	0.284904	0.254927	0.204918	0.152458	0.0867043	0.0107505	-0.0588771	-0.106773	-0.137204	-0.156305	-0.175654	-0.19038	-0.204008	-0.223678	-0.245176	-0.279477	-0.3191	-0.364939	-0.412861	-0.447318	-0.460104	-0.456001	-0.439405	-0.413634	-0.384229	-0.350913	-0.313908	-0.27306	-0.236005	-0.191519	-0.144161	-0.108923	-0.078851	-0.0618333	-0.0521233	-0.0417122	-0.0298715	-0.0152721	-0.00667386	-0.00169627	0	
0	0.0768472	0.117293	0.104979	0.0350204	-0.102955	-0.317848	-0.593029	-0.880107	-1.12359	-1.27579	-1.31819	-1.246	-1.08609	-0.857211	-0.586795	-0.296705	-0.029342	0.166599	0.267659	0.280653	0.244103	0.191052	0.136916	0.0956519	0.0680019	0.0585842	0.0584172	0.0583025	0.0518789	0.0379105	0.0254854	0.0185067	0.0121095	0.0103929	0.0231317	0.051974	0.0949163	0.146728	0.1931	0.200042	0.136662	-0.0142479	-0.247086	-0.521023	-0.796282	-1.04838	-1.24899	-1.38297	-1.41287	-1.31894	-1.11908	-0.846295	-0.542906	-0.258973	-0.0254851	0.146134	0.257344	0.309641	0.309344	0.268296	0.199408	0.121896	0.0358107	-0.0547488	-0.128035	-0.171536	-0.192051	-0.201079	-0.213554	-0.220299	-0.228118	-0.240577	-0.260571	-0.293695	-0.327484	-0.36412	-0.396713	-0.418376	-0.425083	-0.422599	-0.409781	-0.387453	-0.361833	-0.330321	-0.300667	-0.270633	-0.237367	-0.195296	-0.151739	-0.117669	-0.0915595	-0.0789649	-0.0642451	-0.0439476	-0.028397	-0.0126531	-0.00389893	-0.00277121	0	
0	0.114142	0.190503	0.210146	0.159573	0.0316342	-0.18338	-0.464797	-0.769611	-1.04095	-1.22943	-1.31156	-1.27953	-1.15245	-0.942908	-0.67772	-0.385288	-0.115651	0.0843435	0.192152	0.216183	0.193673	0.149438	0.104237	0.0684521	0.0467119	0.0362404	0.025297	0.0162933	0.0104878	0.00793246	0.0185067	0.0329192	0.0434655	0.0517415	0.0725705	0.108861	0.153538	0.196523	0.229492	0.217367	0.131968	-0.0431195	-0.297783	-0.58892	-0.872362	-1.11801	-1.30379	-1.41786	-1.42266	-1.3031	-1.08114	-0.790621	-0.480983	-0.201942	0.0226178	0.186527	0.289971	0.331196	0.320025	0.262185	0.167586	0.0674252	-0.0301184	-0.121591	-0.191564	-0.235724	-0.261454	-0.27238	-0.277732	-0.277406	-0.274463	-0.272443	-0.280998	-0.305827	-0.333105	-0.354757	-0.368623	-0.369786	-0.364215	-0.36436	-0.355413	-0.341619	-0.328592	-0.308703	-0.287952	-0.261701	-0.234312	-0.202822	-0.169645	-0.14381	-0.11823	-0.0962887	-0.0739167	-0.0507127	-0.035628	-0.0238274	-0.0135679	-0.00634332	0	
0	0.149649	0.259001	0.302175	0.266156	0.142067	-0.0708072	-0.354079	-0.667401	-0.958809	-1.17889	-1.29733	-1.30431	-1.21095	-1.02735	-0.778117	-0.494306	-0.22806	-0.0225082	0.097911	0.140767	0.135965	0.107251	0.0736506	0.0460668	0.0294984	0.0142936	-0.00623574	-0.0211187	-0.0234809	-0.0118704	0.0121095	0.0434655	0.0704585	0.0916781	0.124081	0.167053	0.208264	0.242076	0.258489	0.225404	0.116137	-0.0825879	-0.355728	-0.65772	-0.943013	-1.18034	-1.34666	-1.43152	-1.40803	-1.26827	-1.03224	-0.742397	-0.442864	-0.169426	0.0496155	0.207693	0.308385	0.340722	0.310162	0.230421	0.117727	0.00591667	-0.0938191	-0.182816	-0.249954	-0.293623	-0.321453	-0.333219	-0.334107	-0.325367	-0.312195	-0.30114	-0.300892	-0.313352	-0.323549	-0.327534	-0.328364	-0.319085	-0.307902	-0.306164	-0.303102	-0.305109	-0.309202	-0.306029	-0.297044	-0.272087	-0.241224	-0.216733	-0.196951	-0.175415	-0.147886	-0.11981	-0.0893424	-0.0638863	-0.052565	-0.04182	-0.0261673	-0.0128513	0	
0	0.178401	0.311902	0.371471	0.343071	0.221667	0.011548	-0.268236	-0.581375	-0.883477	-1.12424	-1.27158	-1.31147	-1.25226	-1.10256	-0.879191	-0.614756	-0.353794	-0.142637	-0.0049047	0.0597111	0.0775496	0.0697774	0.053284	0.0361061	0.0246664	0.00794608	-0.0163449	-0.0334482	-0.032784	-0.0175017	0.0103929	0.0517415	0.0916781	0.125339	0.160706	0.201548	0.235083	0.255423	0.25258	0.199092	0.0667089	-0.147727	-0.430771	-0.736753	-1.01987	-1.24065	-1.37722	-1.4234	-1.36725	-1.20958	-0.97034	-0.688343	-0.396619	-0.131183	0.0785045	0.226972	0.315186	0.328558	0.283399	0.19706	0.0796743	-0.0369892	-0.137763	-0.2238	-0.28625	-0.325742	-0.35072	-0.357854	-0.351459	-0.340146	-0.331006	-0.324291	-0.321861	-0.321836	-0.312569	-0.29789	-0.285736	-0.274626	-0.272705	-0.280281	-0.285035	-0.29593	-0.311212	-0.318104	-0.317033	-0.301139	-0.275408	-0.257027	-0.242511	-0.21818	-0.18773	-0.15772	-0.123365	-0.0909077	-0.0717367	-0.0571879	-0.0378804	-0.0185797	0	
0	0.19653	0.345211	0.414145	0.391858	0.273741	0.0683627	-0.203303	-0.510358	-0.809353	-1.06007	-1.22221	-1.28955	-1.26252	-1.15073	-0.960289	-0.716735	-0.463049	-0.243774	-0.0887491	-0.000856522	0.0412023	0.0567413	0.0559282	0.0478471	0.0393861	0.0263429	0.00359859	-0.0148887	-0.0175293	-0.00510156	0.0231317	0.0725705	0.124081	0.160706	0.189195	0.217267	0.234666	0.234594	0.206933	0.129531	-0.0196638	-0.243767	-0.529693	-0.829936	-1.0984	-1.288	-1.38526	-1.38917	-1.30607	-1.135	-0.89291	-0.610159	-0.324412	-0.0673577	0.127357	0.254183	0.31908	0.315801	0.258688	0.164722	0.0481187	-0.062532	-0.15524	-0.231012	-0.284574	-0.318694	-0.337353	-0.338753	-0.327767	-0.323703	-0.328471	-0.333508	-0.334046	-0.325622	-0.307938	-0.288197	-0.277066	-0.270772	-0.273635	-0.288753	-0.303661	-0.319624	-0.331624	-0.335004	-0.339567	-0.338712	-0.330077	-0.324385	-0.311068	-0.27907	-0.244816	-0.218003	-0.185048	-0.144115	-0.110287	-0.083725	-0.0554485	-0.0270438	0	
0	0.205622	0.361375	0.440194	0.425323	0.317462	0.119967	-0.140438	-0.432644	-0.720251	-0.964473	-1.13556	-1.22265	-1.22927	-1.15684	-1.00088	-0.780485	-0.534781	-0.309243	-0.139362	-0.0265042	0.0393661	0.07757	0.0909212	0.0882818	0.0858177	0.0778823	0.0567761	0.0299607	0.0155055	0.0214886	0.051974	0.108861	0.167053	0.201548	0.217267	0.226121	0.22201	0.192309	0.134611	0.0321418	-0.13529	-0.370146	-0.652445	-0.938883	-1.17314	-1.32019	-1.37279	-1.33797	-1.22614	-1.04054	-0.789985	-0.507354	-0.228645	0.0163929	0.193962	0.301335	0.344866	0.320443	0.243157	0.139593	0.0269707	-0.0744735	-0.155902	-0.215751	-0.254887	-0.274785	-0.288808	-0.295454	-0.295311	-0.299541	-0.309858	-0.324939	-0.329953	-0.326822	-0.315638	-0.305978	-0.303514	-0.301891	-0.310585	-0.323832	-0.340259	-0.357825	-0.364579	-0.366449	-0.375884	-0.387457	-0.392398	-0.396972	-0.388994	-0.356956	-0.325374	-0.303338	-0.273507	-0.231972	-0.186209	-0.140726	-0.0920565	-0.0419682	0	
0	0.204515	0.363425	0.449427	0.449931	0.35606	0.172846	-0.0725514	-0.344087	-0.608223	-0.838323	-1.00966	-1.11491	-1.15216	-1.11672	-0.994231	-0.799746	-0.565626	-0.34319	-0.159816	-0.0280464	0.0600972	0.117959	0.142126	0.15136	0.156971	0.157149	0.134745	0.0927395	0.0641031	0.0642802	0.0949163	0.153538	0.208264	0.235083	0.234666	0.22201	0.190823	0.132634	0.0444099	-0.0853694	-0.276317	-0.521402	-0.798514	-1.05399	-1.24693	-1.34997	-1.36145	-1.28699	-1.14497	-0.93515	-0.67556	-0.395603	-0.125377	0.105569	0.268586	0.358856	0.381098	0.33735	0.245528	0.132944	0.0223868	-0.0699333	-0.139274	-0.186236	-0.21345	-0.227988	-0.241234	-0.252358	-0.261982	-0.277715	-0.301109	-0.320809	-0.328521	-0.330531	-0.331023	-0.338523	-0.344199	-0.347681	-0.353243	-0.361284	-0.378001	-0.391875	-0.399082	-0.405767	-0.424435	-0.44762	-0.457604	-0.467306	-0.473337	-0.457263	-0.432692	-0.412714	-0.381382	-0.335619	-0.284625	-0.22143	-0.144373	-0.0673141	0	
0	0.195351	0.349461	0.444422	0.459509	0.387567	0.220559	-0.00376679	-0.249751	-0.484723	-0.695288	-0.86571	-0.985436	-1.04885	-1.04242	-0.952374	-0.783626	-0.571697	-0.355017	-0.167323	-0.0190821	0.086244	0.159223	0.199358	0.22368	0.240619	0.246691	0.21621	0.160851	0.120933	0.115922	0.146728	0.196523	0.242076	0.255423	0.234594	0.192309	0.132634	0.0424253	-0.0753573	-0.236071	-0.446007	-0.694579	-0.946811	-1.16761	-1.32055	-1.38738	-1.36224	-1.25199	-1.07438	-0.843786	-0.581703	-0.303489	-0.0413132	0.179259	0.331412	0.40701	0.407371	0.348761	0.248814	0.138535	0.0411282	-0.0399551	-0.108303	-0.156743	-0.185531	-0.199035	-0.213293	-0.23206	-0.253049	-0.278078	-0.305153	-0.329884	-0.339026	-0.341785	-0.346218	-0.356365	-0.366978	-0.377296	-0.388055	-0.394823	-0.404505	-0.414331	-0.423519	-0.443108	-0.476997	-0.505747	-0.520935	-0.536082	-0.553973	-0.56229	-0.55421	-0.53395	-0.49607	-0.44073	-0.374111	-0.296478	-0.203017	-0.0972528	0	
0	0.181074	0.328578	0.427451	0.460413	0.409452	0.266543	0.0650789	-0.150062	-0.35725	-0.547998	-0.718673	-0.847649	-0.927746	-0.940831	-0.876492	-0.737743	-0.549551	-0.347866	-0.159658	-0.00397955	0.111877	0.198818	0.256183	0.29763	0.32389	0.326944	0.290415	0.225906	0.17976	0.170965	0.1931	0.229492	0.258489	0.25258	0.206933	0.134611	0.0444099	-0.0753573	-0.226172	-0.41481	-0.635287	-0.868575	-1.08927	-1.27087	-1.38255	-1.41274	-1.35011	-1.20937	-1.01293	-0.777859	-0.516278	-0.244461	0.0133234	0.224909	0.363566	0.419033	0.404031	0.341588	0.247289	0.148206	0.0614719	-0.0130383	-0.0821097	-0.137607	-0.173929	-0.192239	-0.214879	-0.247591	-0.28319	-0.307056	-0.325226	-0.34167	-0.348157	-0.351413	-0.351927	-0.361618	-0.37207	-0.385712	-0.399389	-0.405927	-0.417235	-0.427782	-0.441084	-0.468549	-0.511163	-0.549537	-0.573583	-0.596547	-0.624275	-0.6419	-0.640937	-0.627909	-0.588755	-0.522123	-0.442586	-0.352261	-0.249245	-0.128982	0	
0	0.167477	0.306178	0.407861	0.454508	0.428707	0.312954	0.142648	-0.0429503	-0.223729	-0.400913	-0.571278	-0.705128	-0.793581	-0.818715	-0.780231	-0.673859	-0.517051	-0.337402	-0.157851	-0.00482667	0.119073	0.21878	0.29591	0.352509	0.379086	0.376982	0.332783	0.26483	0.21232	0.191164	0.200042	0.217367	0.225404	0.199092	0.129531	0.0321418	-0.0853694	-0.236071	-0.41481	-0.619226	-0.831456	-1.03784	-1.2216	-1.3589	-1.42515	-1.41213	-1.31571	-1.15973	-0.956696	-0.719051	-0.465402	-0.20233	0.0433783	0.235428	0.356423	0.402878	0.386316	0.328892	0.246917	0.158035	0.0774561	0.00420315	-0.0667605	-0.128375	-0.173202	-0.208666	-0.253149	-0.300758	-0.340422	-0.358665	-0.36609	-0.36604	-0.360059	-0.356254	-0.354282	-0.358763	-0.363782	-0.375818	-0.38586	-0.393063	-0.406039	-0.427587	-0.45714	-0.488817	-0.526985	-0.561417	-0.59221	-0.620589	-0.647096	-0.66651	-0.663161	-0.650038	-0.619351	-0.55518	-0.470983	-0.375979	-0.268263	-0.141228	0	
0	0.156346	0.287699	0.385968	0.44454	0.439769	0.357448	0.218755	0.0617056	-0.0997942	-0.268489	-0.435541	-0.568791	-0.655835	-0.68817	-0.672847	-0.598682	-0.478364	-0.32637	-0.168594	-0.025943	0.098669	0.207034	0.296319	0.355211	0.375298	0.363366	0.315235	0.246316	0.183444	0.14753	0.136662	0.131968	0.116137	0.0667089	-0.0196638	-0.13529	-0.276317	-0.446007	-0.635287	-0.831456	-1.01933	-1.19249	-1.33347	-1.41869	-1.43306	-1.37919	-1.26228	-1.10148	-0.895301	-0.660934	-0.413951	-0.165925	0.056502	0.226299	0.332278	0.370404	0.357489	0.313395	0.243149	0.162409	0.0830878	0.0127396	-0.0582725	-0.130332	-0.190819	-0.241188	-0.295875	-0.354778	-0.399029	-0.409249	-0.401002	-0.391132	-0.384101	-0.375094	-0.363932	-0.360242	-0.36281	-0.367407	-0.367699	-0.373003	-0.388477	-0.418158	-0.450711	-0.477	-0.504171	-0.527417	-0.555068	-0.580137	-0.599991	-0.613259	-0.604038	-0.585286	-0.556374	-0.505112	-0.433886	-0.343432	-0.237705	-0.121309	0	
