0	0	0	0	0	0	0	0	0	0	0	0	0	0	0	0	0	0	0	0	0	0	0	0	0	0	0	0	0	0	0	0	0	0	0	0	0	0	0	0	0	0	0	0	0	0	0	0	0	0	0	0	0	0	0	0	0	0	0	0	0	0	0	0	0	0	0	0	0	0	0	0	0	0	0	0	0	0	0	0	0	0	0	0	0	0	0	0	0	0	0	0	0	0	0	0	0	0	0	0	
0	0.0218775	0.0454417	-0.00128837	-0.0785527	-0.132155	-0.170067	-0.158041	-0.10209	-0.0316911	0.0463475	0.127245	0.206222	0.252014	0.280928	0.302312	0.300557	0.263452	0.203738	0.144717	0.0826534	0.0132791	-0.069072	-0.140828	-0.180538	-0.181837	-0.150638	-0.107222	-0.0647278	-0.0316391	-0.010701	0.00272469	0.00779923	0.0120587	0.0108431	0.0126194	0.00916358	0.00955677	0.00585383	0.00402018	0.00108362	-0.00117677	-0.00432103	-0.00217826	-0.00375309	0.00269445	0.00827383	0.0157814	0.0207004	0.0256708	0.0224755	0.0106762	0.00229919	-0.00836491	-0.000831586	0.0161856	0.0344187	0.0497258	0.0307896	0.00450952	-0.00311224	-0.00543058	0.022141	0.0803861	0.126262	0.153904	0.162958	0.132533	0.0734628	0.0080449	-0.0693423	-0.154992	-0.222419	-0.264706	-0.29473	-0.307554	-0.285497	-0.23182	-0.1687	-0.106924	-0.0381959	0.0431512	0.123895	0.180391	0.197688	0.178667	0.138695	0.0947111	0.0578228	0.0319392	0.0161092	0.00747404	0.00320926	0.00128185	0.000478336	0.000167386	5.50904e-05	1.70286e-05	4.66095e-06	0	
0	0.0454417	0.0355278	-0.0490825	-0.155124	-0.24216	-0.289199	-0.268575	-0.183696	-0.0615744	0.0749771	0.234852	0.387478	0.493414	0.567994	0.611782	0.607582	0.535266	0.421578	0.295542	0.168327	0.0199392	-0.141703	-0.282142	-0.361682	-0.366183	-0.309768	-0.228265	-0.145158	-0.0822997	-0.0380854	-0.0130466	0.000511368	0.00778154	0.00963555	0.012309	0.0114595	0.0128855	0.0122814	0.0130465	0.0127336	0.0140269	0.013236	0.0152843	0.0149848	0.0168536	0.0178144	0.0199642	0.0231432	0.0223738	0.0256528	0.0220619	0.0201194	0.0166218	0.0164373	0.0323928	0.0514274	0.0653583	0.0567777	0.0243407	-8.29686e-05	0.0110791	0.0724083	0.162186	0.239766	0.292372	0.302411	0.24453	0.136331	0.00622003	-0.146557	-0.307578	-0.437143	-0.523929	-0.582093	-0.601525	-0.556967	-0.455676	-0.333294	-0.208075	-0.0690457	0.0899724	0.24413	0.351375	0.384923	0.349733	0.273856	0.189042	0.11683	0.0653837	0.0334325	0.0157313	0.00685223	0.00277674	0.00105131	0.000373258	0.000124632	3.90713e-05	1.0827e-05	0	
0	-0.00128837	-0.0490825	-0.124519	-0.220196	-0.311193	-0.350081	-0.3327	-0.241588	-0.0830579	0.115966	0.345437	0.557558	0.730342	0.846878	0.905514	0.890135	0.788271	0.626555	0.437691	0.238622	0.0127234	-0.216886	-0.414066	-0.525702	-0.534091	-0.460787	-0.345569	-0.229473	-0.135863	-0.0708138	-0.0319999	-0.00990536	0.000313899	0.00673928	0.00833009	0.012306	0.0127677	0.0171254	0.0195662	0.0239031	0.0279664	0.0329755	0.034462	0.0388241	0.0357485	0.0342621	0.0267196	0.0227305	0.0159917	0.0165802	0.0244271	0.0356609	0.0559146	0.0600674	0.0592441	0.0584693	0.0525063	0.0530691	0.046791	0.0443053	0.0775914	0.145915	0.239291	0.338356	0.402181	0.398662	0.319875	0.175814	-0.0155698	-0.23544	-0.454997	-0.639077	-0.771755	-0.852926	-0.869476	-0.80295	-0.663983	-0.488284	-0.29736	-0.086773	0.142321	0.35658	0.504449	0.552549	0.50648	0.40222	0.282495	0.177975	0.101655	0.0530833	0.025516	0.0113545	0.00470031	0.00181758	0.000658926	0.000224582	7.18154e-05	2.02445e-05	0	
0	-0.0785527	-0.155124	-0.220196	-0.294889	-0.360012	-0.379748	-0.348061	-0.239657	-0.0468733	0.206502	0.47088	0.720989	0.938138	1.08109	1.14461	1.11325	0.99477	0.800219	0.563114	0.292407	0.00677102	-0.275868	-0.50794	-0.641596	-0.655388	-0.573055	-0.433217	-0.291685	-0.168598	-0.0847953	-0.029645	0.000552244	0.0156597	0.0251509	0.0267758	0.0314309	0.0307049	0.0336741	0.0335683	0.0355576	0.0349287	0.0370111	0.0346395	0.036181	0.032912	0.0327332	0.0310552	0.0280009	0.0323684	0.0356949	0.0475417	0.0593318	0.077465	0.0876595	0.074217	0.0540884	0.042621	0.0550954	0.0850864	0.124622	0.17631	0.237393	0.321276	0.416002	0.465243	0.442548	0.350155	0.177441	-0.0653295	-0.334743	-0.595579	-0.82621	-1.00062	-1.09597	-1.10166	-1.01596	-0.849403	-0.62611	-0.368698	-0.0885452	0.199046	0.456536	0.63283	0.693748	0.64376	0.521015	0.37436	0.241796	0.141735	0.0759844	0.0374953	0.0171237	0.00727149	0.00288285	0.00107087	0.00037373	0.000122245	3.51318e-05	0	
0	-0.132155	-0.24216	-0.311193	-0.360012	-0.393507	-0.38866	-0.322612	-0.177532	0.0506597	0.331264	0.61364	0.887245	1.12369	1.28304	1.33685	1.28967	1.15765	0.939951	0.653225	0.320831	-0.0155433	-0.333398	-0.58271	-0.730305	-0.752838	-0.667813	-0.51789	-0.353349	-0.209131	-0.103014	-0.0335162	0.00693551	0.0282328	0.0387416	0.0435244	0.0445018	0.045431	0.043209	0.0421226	0.0387712	0.0357035	0.0319396	0.0293701	0.0267164	0.0290303	0.0305112	0.0415937	0.0506212	0.063089	0.074511	0.082511	0.0814706	0.0754189	0.0778368	0.0740155	0.0618124	0.0592623	0.0895681	0.1513	0.218825	0.283292	0.344964	0.405513	0.457936	0.474306	0.435604	0.328128	0.129849	-0.14407	-0.441084	-0.730599	-0.9972	-1.20038	-1.29988	-1.29236	-1.19194	-1.00429	-0.737792	-0.417275	-0.075347	0.255826	0.539089	0.732075	0.804623	0.758378	0.628094	0.463689	0.308306	0.186163	0.102799	0.0522242	0.0245364	0.0107101	0.00436081	0.00166218	0.000594699	0.00019916	5.83862e-05	0	
0	-0.170067	-0.289199	-0.350081	-0.379748	-0.38866	-0.358375	-0.255406	-0.0760305	0.166032	0.456519	0.760944	1.05361	1.30444	1.46744	1.50875	1.44756	1.29596	1.0472	0.707003	0.321288	-0.061136	-0.396375	-0.655442	-0.810589	-0.845421	-0.767312	-0.617138	-0.437642	-0.276591	-0.149063	-0.064994	-0.0133469	0.0146457	0.0272738	0.034649	0.0350078	0.0374395	0.0355516	0.0368988	0.035778	0.0371091	0.0379222	0.0410541	0.0436176	0.0516006	0.0570365	0.0663851	0.0794353	0.0868048	0.0922038	0.0953574	0.0867661	0.0684807	0.0635173	0.075975	0.0974996	0.118671	0.155858	0.231329	0.320285	0.395402	0.44584	0.463352	0.460242	0.440437	0.377916	0.245812	0.0328169	-0.246013	-0.553656	-0.862466	-1.14756	-1.35994	-1.45674	-1.43975	-1.32803	-1.12053	-0.815034	-0.441258	-0.051993	0.306117	0.599923	0.80039	0.884246	0.849117	0.72199	0.549318	0.376987	0.234995	0.133887	0.0701156	0.033922	0.0152303	0.00637171	0.00249275	0.000914435	0.000313534	9.3747e-05	0	
0	-0.158041	-0.268575	-0.3327	-0.348061	-0.322612	-0.255406	-0.122477	0.0555646	0.283099	0.575781	0.89459	1.20008	1.45145	1.60996	1.64789	1.57716	1.4046	1.12217	0.743159	0.317257	-0.0898227	-0.432322	-0.692823	-0.85464	-0.904974	-0.845144	-0.702157	-0.52006	-0.343805	-0.199279	-0.0984736	-0.0340835	0.0013531	0.0201742	0.0291814	0.0332115	0.0364318	0.0385575	0.0417663	0.0469401	0.0513601	0.0595568	0.0675963	0.0745967	0.0841027	0.090299	0.0914931	0.0929916	0.0916307	0.0836024	0.082321	0.0882478	0.0821886	0.0798935	0.100175	0.146856	0.206116	0.262472	0.332843	0.415927	0.482066	0.50727	0.483152	0.432098	0.367741	0.265022	0.107852	-0.101856	-0.367018	-0.674726	-0.988698	-1.26852	-1.47168	-1.56438	-1.54349	-1.42028	-1.19083	-0.853156	-0.443081	-0.026076	0.342874	0.636213	0.838553	0.934235	0.916469	0.801889	0.62996	0.446854	0.287826	0.169294	0.0914168	0.0455452	0.0210313	0.00903822	0.00362812	0.0013641	0.000478643	0.000145892	0	
0	-0.10209	-0.183696	-0.241588	-0.239657	-0.177532	-0.0760305	0.0555646	0.212535	0.431951	0.712669	1.01891	1.30568	1.53566	1.68485	1.7225	1.65196	1.46016	1.15902	0.762688	0.326254	-0.0844754	-0.422696	-0.680736	-0.847819	-0.918823	-0.881691	-0.757179	-0.578345	-0.393972	-0.233755	-0.11606	-0.0383011	0.0084455	0.0327324	0.0478275	0.053843	0.0595948	0.0640129	0.0666724	0.0729613	0.0772093	0.0812646	0.0902028	0.0924829	0.0974174	0.102681	0.0999576	0.095927	0.0933588	0.0835584	0.0710345	0.0849055	0.110106	0.13258	0.170141	0.232536	0.310725	0.379433	0.43654	0.488062	0.520819	0.518719	0.466098	0.369197	0.248771	0.104724	-0.064968	-0.262212	-0.508365	-0.802581	-1.09872	-1.35149	-1.53524	-1.62482	-1.60161	-1.46337	-1.21133	-0.853503	-0.429401	-0.00604122	0.360425	0.647246	0.849452	0.958017	0.962192	0.867562	0.704326	0.516602	0.343863	0.208763	0.116197	0.0595881	0.0282844	0.0124791	0.00513681	0.00197823	0.000709902	0.000220436	0	
0	-0.0316911	-0.0615744	-0.0830579	-0.0468733	0.0506597	0.166032	0.283099	0.431951	0.62942	0.857571	1.11228	1.35665	1.55963	1.69369	1.74106	1.66764	1.46056	1.1548	0.763232	0.340501	-0.0570488	-0.384711	-0.639288	-0.811715	-0.904575	-0.893386	-0.792664	-0.624378	-0.435521	-0.264642	-0.128571	-0.0395533	0.0205144	0.0504848	0.0703449	0.0808863	0.0861845	0.0939287	0.0964871	0.0998158	0.105187	0.102119	0.103982	0.102954	0.0937952	0.0935403	0.0891322	0.0816116	0.0858343	0.0987151	0.102627	0.118401	0.163979	0.220311	0.276877	0.343132	0.419786	0.477096	0.506357	0.521516	0.517328	0.483145	0.399297	0.257509	0.0893133	-0.0804636	-0.254442	-0.443372	-0.666808	-0.925344	-1.17976	-1.39436	-1.55599	-1.63963	-1.60941	-1.45341	-1.18445	-0.823928	-0.409457	0.00100521	0.355845	0.634536	0.837368	0.959986	0.988811	0.919279	0.771267	0.584771	0.402031	0.251773	0.144345	0.0761364	0.0371204	0.016801	0.00708652	0.00279327	0.00102438	0.000323817	0	
0	0.0463475	0.0749771	0.115966	0.206502	0.331264	0.456519	0.575781	0.712669	0.857571	1.01025	1.19839	1.38968	1.54849	1.66172	1.70176	1.60549	1.3937	1.09511	0.730282	0.341287	-0.0261544	-0.343394	-0.586265	-0.769222	-0.875572	-0.894155	-0.815741	-0.663867	-0.474151	-0.294266	-0.144294	-0.0402354	0.0266379	0.0665633	0.0843256	0.0982255	0.100508	0.104068	0.106918	0.10327	0.106151	0.103137	0.0966781	0.0980156	0.0895846	0.0833234	0.0887488	0.0897849	0.0960988	0.129648	0.16969	0.209561	0.264032	0.331665	0.395258	0.444342	0.496636	0.537641	0.540166	0.514981	0.466508	0.38946	0.272355	0.10343	-0.089535	-0.274876	-0.455478	-0.637323	-0.825279	-1.02648	-1.22646	-1.40198	-1.53872	-1.60678	-1.56244	-1.39209	-1.11998	-0.776839	-0.392466	-0.00902525	0.329421	0.601419	0.807177	0.944757	0.99919	0.957716	0.829889	0.649911	0.461096	0.297597	0.175581	0.0951697	0.0476175	0.0220903	0.00953934	0.00384535	0.00144	0.000463044	0	
0	0.127245	0.234852	0.345437	0.47088	0.61364	0.760944	0.89459	1.01891	1.11228	1.19839	1.31193	1.42718	1.529	1.60176	1.6001	1.4832	1.28012	1.00106	0.680085	0.339988	0.00128787	-0.298682	-0.536538	-0.728804	-0.847667	-0.895023	-0.841069	-0.706943	-0.52419	-0.334173	-0.176502	-0.0545568	0.0177325	0.0665728	0.0856339	0.0973812	0.10047	0.0966652	0.0971921	0.090655	0.0858132	0.0867934	0.0795293	0.0840666	0.0916469	0.0977708	0.115625	0.147652	0.171319	0.21118	0.267772	0.321037	0.378554	0.435918	0.489234	0.523112	0.542733	0.552098	0.522984	0.454763	0.35883	0.239737	0.0997573	-0.0752467	-0.277332	-0.47607	-0.660243	-0.822648	-0.960953	-1.09712	-1.24259	-1.37901	-1.48248	-1.52278	-1.46185	-1.28919	-1.03314	-0.725606	-0.385174	-0.0365861	0.284197	0.552319	0.763667	0.916627	0.996206	0.983868	0.879635	0.710731	0.519786	0.345367	0.209474	0.11656	0.0597919	0.0284041	0.0125466	0.00516774	0.00197437	0.000645307	0	
0	0.206222	0.387478	0.557558	0.720989	0.887245	1.05361	1.20008	1.30568	1.35665	1.38968	1.42718	1.4747	1.52044	1.53695	1.49072	1.36838	1.17909	0.92736	0.655979	0.353678	0.0388295	-0.249615	-0.497234	-0.697506	-0.836743	-0.911216	-0.884078	-0.773409	-0.599038	-0.40627	-0.23847	-0.102974	-0.0196755	0.0369875	0.0625594	0.076746	0.0828329	0.0841739	0.0838073	0.0890073	0.0844761	0.096226	0.100167	0.112059	0.133665	0.159106	0.187323	0.2326	0.280647	0.32368	0.380555	0.431146	0.478103	0.521466	0.552435	0.558826	0.540502	0.509178	0.44204	0.332704	0.200528	0.0556743	-0.0964461	-0.271646	-0.475835	-0.676492	-0.846363	-0.974014	-1.06108	-1.13904	-1.23236	-1.32327	-1.38256	-1.38885	-1.31813	-1.16134	-0.940438	-0.680971	-0.390542	-0.0790003	0.224939	0.491952	0.71107	0.879284	0.982555	0.998965	0.920319	0.766193	0.57689	0.394142	0.24548	0.140075	0.0735925	0.0357641	0.0161438	0.00678791	0.00264345	0.000877477	0	
0	0.252014	0.493414	0.730342	0.938138	1.12369	1.30444	1.45145	1.53566	1.55963	1.54849	1.529	1.52044	1.50874	1.47188	1.39534	1.28421	1.11545	0.906916	0.676601	0.406279	0.112808	-0.173781	-0.435486	-0.644707	-0.810987	-0.906121	-0.911968	-0.824319	-0.66231	-0.472464	-0.291699	-0.148537	-0.0465204	0.0145666	0.0536557	0.0710265	0.0843116	0.0938358	0.0991343	0.114728	0.12459	0.142529	0.167715	0.189086	0.222015	0.258432	0.296714	0.339655	0.391617	0.437244	0.485597	0.524752	0.549317	0.564259	0.565805	0.538995	0.473881	0.395184	0.299097	0.168189	0.0141532	-0.149394	-0.311695	-0.482642	-0.673305	-0.853305	-0.990928	-1.08012	-1.12579	-1.15434	-1.1921	-1.22775	-1.23821	-1.2159	-1.14998	-1.02737	-0.855336	-0.648944	-0.407881	-0.131694	0.156953	0.424701	0.652861	0.835719	0.960648	1.0044	0.952118	0.815572	0.631345	0.442976	0.282969	0.165395	0.0889005	0.0441513	0.0203462	0.00872468	0.0034601	0.00116551	0	
0	0.280928	0.567994	0.846878	1.08109	1.28304	1.46744	1.60996	1.68485	1.69369	1.66172	1.60176	1.53695	1.47188	1.3943	1.31651	1.22845	1.10119	0.942654	0.749783	0.512958	0.238622	-0.0497975	-0.321008	-0.54634	-0.735043	-0.852268	-0.89109	-0.82706	-0.682365	-0.497163	-0.306752	-0.154992	-0.0353339	0.0350486	0.0858961	0.112114	0.132328	0.149097	0.164406	0.182204	0.205986	0.227994	0.261108	0.29443	0.332921	0.37475	0.417392	0.458187	0.498515	0.527911	0.558654	0.578102	0.571844	0.546553	0.504186	0.44245	0.347732	0.235675	0.115336	-0.0285932	-0.193818	-0.369778	-0.536959	-0.689925	-0.844199	-0.985443	-1.08704	-1.14412	-1.15609	-1.13631	-1.11249	-1.08978	-1.05915	-1.02375	-0.978971	-0.90309	-0.78562	-0.630682	-0.434041	-0.189584	0.0851436	0.354251	0.591739	0.788276	0.932592	1.00163	0.975521	0.858471	0.682282	0.490973	0.321272	0.192124	0.105533	0.0535039	0.0251453	0.0109857	0.00443252	0.00151383	0	
0	0.302312	0.611782	0.905514	1.14461	1.33685	1.50875	1.64789	1.7225	1.74106	1.70176	1.6001	1.49072	1.39534	1.31651	1.25907	1.21214	1.13923	1.02567	0.8703	0.661287	0.402896	0.112536	-0.166323	-0.412332	-0.61566	-0.760033	-0.823977	-0.787239	-0.660942	-0.480142	-0.287802	-0.120933	0.00780187	0.0952453	0.153431	0.19102	0.219283	0.242762	0.266666	0.291848	0.319445	0.348947	0.382986	0.414208	0.451698	0.487201	0.519872	0.548514	0.576502	0.580403	0.57034	0.556081	0.518138	0.458222	0.382755	0.292908	0.174541	0.0397954	-0.0969005	-0.250945	-0.420349	-0.591694	-0.744137	-0.864106	-0.971441	-1.07069	-1.14009	-1.16772	-1.14405	-1.0733	-0.989473	-0.918585	-0.865147	-0.835166	-0.823125	-0.797957	-0.733229	-0.623871	-0.464926	-0.24815	0.0134676	0.283471	0.529744	0.738769	0.900193	0.99214	0.991268	0.8948	0.729059	0.537332	0.359713	0.219817	0.12325	0.063718	0.0305072	0.0135653	0.00556301	0.0019247	0	
0	0.300557	0.607582	0.890135	1.11325	1.28967	1.44756	1.57716	1.65196	1.66764	1.60549	1.4832	1.36838	1.28421	1.22845	1.21214	1.21963	1.19556	1.13	1.00887	0.827622	0.586413	0.303031	0.0155976	-0.239542	-0.4603	-0.621759	-0.711205	-0.698239	-0.590843	-0.418636	-0.222803	-0.0487788	0.0943201	0.189725	0.259665	0.302119	0.335632	0.363707	0.388787	0.415409	0.446084	0.469602	0.503867	0.528258	0.549969	0.570509	0.581577	0.576765	0.573242	0.556745	0.517155	0.467726	0.399749	0.312667	0.209695	0.0997112	-0.031918	-0.185283	-0.334684	-0.485182	-0.639467	-0.786183	-0.908145	-0.990789	-1.0548	-1.11522	-1.15102	-1.14281	-1.07842	-0.961287	-0.832571	-0.734511	-0.679206	-0.668662	-0.692984	-0.714683	-0.695928	-0.624624	-0.496735	-0.304013	-0.0552293	0.214475	0.468404	0.688605	0.86499	0.977374	1.00027	0.924735	0.771264	0.581377	0.397643	0.248	0.141767	0.0746506	0.036372	0.0164434	0.00684687	0.00239773	0	
0	0.263452	0.535266	0.788271	0.99477	1.15765	1.29596	1.4046	1.46016	1.46056	1.3937	1.28012	1.17909	1.11545	1.10119	1.13923	1.19556	1.22851	1.2141	1.13102	0.983143	0.769227	0.495003	0.212736	-0.0523445	-0.280877	-0.458524	-0.567184	-0.57723	-0.487713	-0.325832	-0.129719	0.0513045	0.202392	0.308859	0.381547	0.430278	0.46209	0.487009	0.51029	0.524667	0.547636	0.558682	0.572307	0.58269	0.58484	0.579984	0.571886	0.545524	0.50722	0.459566	0.39233	0.320111	0.230502	0.121468	-0.00150748	-0.13054	-0.271412	-0.426715	-0.570427	-0.700045	-0.821978	-0.93273	-1.02233	-1.07309	-1.09797	-1.11611	-1.11009	-1.06	-0.958454	-0.81193	-0.663153	-0.561057	-0.519571	-0.534235	-0.591228	-0.651127	-0.669573	-0.62906	-0.526647	-0.355038	-0.119124	0.148746	0.408871	0.638895	0.828285	0.95868	1.00353	0.94867	0.808699	0.622574	0.434468	0.27619	0.160768	0.0861251	0.0426549	0.0195851	0.00827178	0.00292945	0	
0	0.203738	0.421578	0.626555	0.800219	0.939951	1.0472	1.12217	1.15902	1.1548	1.09511	1.00106	0.92736	0.906916	0.942654	1.02567	1.13	1.2141	1.24299	1.19647	1.08486	0.895142	0.640914	0.365882	0.0986542	-0.132616	-0.320981	-0.444281	-0.472179	-0.402225	-0.247638	-0.0579386	0.130863	0.284314	0.398324	0.472355	0.519121	0.54878	0.564635	0.579417	0.583812	0.589811	0.58806	0.581858	0.570095	0.549167	0.521312	0.483554	0.435916	0.377807	0.310276	0.21903	0.119414	0.0118638	-0.112159	-0.249044	-0.381381	-0.511146	-0.649938	-0.772649	-0.871372	-0.957141	-1.03189	-1.09017	-1.11017	-1.09342	-1.06205	-1.00962	-0.922771	-0.800446	-0.649157	-0.505235	-0.4161	-0.395213	-0.433256	-0.514945	-0.602877	-0.649983	-0.634208	-0.552973	-0.40016	-0.177203	0.0872842	0.352026	0.590532	0.791178	0.937295	1.00211	0.967155	0.84136	0.660534	0.469664	0.303917	0.179916	0.0979382	0.0492492	0.0229407	0.00981758	0.00351315	0	
0	0.144717	0.295542	0.437691	0.563114	0.653225	0.707003	0.743159	0.762688	0.763232	0.730282	0.680085	0.655979	0.676601	0.749783	0.8703	1.00887	1.13102	1.19647	1.18699	1.10659	0.946491	0.715217	0.451108	0.188182	-0.0434089	-0.238184	-0.371088	-0.416308	-0.361271	-0.21848	-0.0328492	0.157451	0.313838	0.431107	0.503528	0.547935	0.56817	0.576476	0.576426	0.56879	0.558029	0.540719	0.516067	0.488212	0.447267	0.398462	0.342287	0.26842	0.184403	0.0974053	-0.00938676	-0.123124	-0.241546	-0.364986	-0.493323	-0.61612	-0.72415	-0.831906	-0.925228	-0.993244	-1.04614	-1.08606	-1.10837	-1.09054	-1.02798	-0.94801	-0.858075	-0.752218	-0.631768	-0.498222	-0.376139	-0.307468	-0.306092	-0.361256	-0.458678	-0.565359	-0.633953	-0.638253	-0.574998	-0.439091	-0.229041	0.0307276	0.298553	0.544245	0.754591	0.914327	0.997032	0.980844	0.869398	0.695007	0.502793	0.330742	0.19887	0.109868	0.0560297	0.026448	0.0114567	0.00413885	0	
0	0.0826534	0.168327	0.238622	0.292407	0.320831	0.321288	0.317257	0.326254	0.340501	0.341287	0.339988	0.353678	0.406279	0.512958	0.661287	0.827622	0.983143	1.08486	1.10659	1.05811	0.925807	0.716238	0.465108	0.207136	-0.0246575	-0.222553	-0.365058	-0.423911	-0.383861	-0.252614	-0.0717334	0.118148	0.277704	0.396221	0.469007	0.508492	0.523342	0.520057	0.510027	0.486367	0.460605	0.425434	0.381338	0.333253	0.273888	0.204437	0.12928	0.0446039	-0.0573684	-0.155539	-0.266516	-0.381526	-0.491131	-0.602159	-0.711183	-0.807891	-0.886675	-0.965091	-1.03166	-1.06918	-1.08527	-1.08365	-1.06303	-1.00456	-0.902003	-0.78771	-0.680594	-0.578094	-0.478733	-0.376199	-0.282458	-0.233745	-0.246409	-0.31138	-0.416822	-0.534971	-0.619522	-0.640389	-0.592683	-0.472032	-0.274595	-0.0205499	0.248978	0.500638	0.719299	0.890747	0.989277	0.990444	0.893084	0.725868	0.533501	0.356263	0.217294	0.121683	0.0628577	0.0300335	0.0131546	0.00479354	0	
0	0.0132791	0.0199392	0.0127234	0.00677102	-0.0155433	-0.061136	-0.0898227	-0.0844754	-0.0570488	-0.0261544	0.00128787	0.0388295	0.112808	0.238622	0.402896	0.586413	0.769227	0.895142	0.946491	0.925807	0.818225	0.631406	0.394837	0.141632	-0.0855479	-0.28756	-0.43495	-0.506093	-0.479937	-0.358366	-0.185657	0.00562963	0.163309	0.28516	0.354046	0.390384	0.396877	0.384547	0.361412	0.327853	0.283928	0.238753	0.176726	0.114222	0.0403786	-0.0413006	-0.129049	-0.219076	-0.318046	-0.414849	-0.515981	-0.61776	-0.709795	-0.795016	-0.878779	-0.954339	-1.006	-1.05021	-1.08371	-1.08609	-1.0609	-1.01364	-0.949874	-0.859358	-0.73544	-0.610233	-0.508027	-0.425932	-0.357339	-0.288683	-0.221622	-0.188062	-0.208359	-0.276965	-0.384881	-0.509363	-0.605775	-0.640509	-0.606391	-0.499457	-0.314067	-0.0663698	0.203697	0.460207	0.685947	0.867394	0.979751	0.996678	0.912776	0.753098	0.561521	0.380125	0.234867	0.133148	0.069586	0.0336158	0.0148717	0.00546158	0	
0	-0.069072	-0.141703	-0.216886	-0.275868	-0.333398	-0.396375	-0.432322	-0.422696	-0.384711	-0.343394	-0.298682	-0.249615	-0.173781	-0.0497975	0.112536	0.303031	0.495003	0.640914	0.715217	0.716238	0.631406	0.466867	0.240593	-0.00206463	-0.229482	-0.430634	-0.583572	-0.665079	-0.649975	-0.540373	-0.372214	-0.18496	-0.0244353	0.094867	0.164794	0.194873	0.195202	0.174981	0.139927	0.097037	0.0433022	-0.0139998	-0.0798345	-0.149239	-0.224749	-0.305488	-0.388383	-0.474493	-0.567055	-0.646652	-0.72796	-0.8105	-0.88216	-0.945691	-1.0017	-1.04766	-1.06827	-1.07576	-1.07034	-1.03131	-0.963472	-0.877883	-0.785758	-0.682821	-0.560346	-0.445715	-0.363638	-0.309233	-0.271476	-0.232249	-0.186138	-0.162054	-0.184749	-0.252798	-0.359768	-0.487237	-0.592503	-0.63891	-0.616673	-0.521955	-0.347795	-0.106695	0.163003	0.42336	0.655072	0.844983	0.969266	1.00025	0.92888	0.77676	0.58666	0.402028	0.251295	0.144035	0.0760643	0.0371082	0.0165639	0.00612537	0	
0	-0.140828	-0.282142	-0.414066	-0.50794	-0.58271	-0.655442	-0.692823	-0.680736	-0.639288	-0.586265	-0.536538	-0.497234	-0.435486	-0.321008	-0.166323	0.0155976	0.212736	0.365882	0.451108	0.465108	0.394837	0.240593	0.0250887	-0.217331	-0.443279	-0.648145	-0.806282	-0.897541	-0.893434	-0.794112	-0.631488	-0.44574	-0.284582	-0.161894	-0.0926261	-0.0609478	-0.0628999	-0.0858469	-0.121457	-0.168035	-0.223283	-0.278567	-0.347494	-0.412753	-0.482571	-0.5565	-0.628832	-0.693989	-0.769251	-0.837496	-0.899195	-0.959377	-1.00577	-1.0405	-1.06546	-1.07829	-1.06145	-1.02556	-0.978892	-0.904918	-0.808192	-0.702374	-0.602701	-0.508347	-0.405666	-0.314205	-0.257314	-0.22914	-0.216398	-0.19916	-0.167624	-0.14841	-0.170145	-0.235327	-0.339582	-0.467998	-0.579873	-0.636071	-0.624138	-0.54014	-0.376182	-0.141586	0.127095	0.390425	0.627115	0.824115	0.958537	1.00182	0.941824	0.796977	0.608795	0.421717	0.266309	0.154126	0.0821445	0.0404228	0.0181856	0.00676604	0	
0	-0.180538	-0.361682	-0.525702	-0.641596	-0.730305	-0.810589	-0.85464	-0.847819	-0.811715	-0.769222	-0.728804	-0.697506	-0.644707	-0.54634	-0.412332	-0.239542	-0.0523445	0.0986542	0.188182	0.207136	0.141632	-0.00206463	-0.217331	-0.456941	-0.686901	-0.895228	-1.05947	-1.15961	-1.16629	-1.075	-0.918608	-0.732842	-0.569546	-0.444301	-0.369653	-0.337522	-0.336006	-0.356424	-0.392544	-0.431632	-0.484462	-0.533198	-0.589243	-0.646743	-0.704658	-0.763417	-0.824816	-0.880398	-0.935264	-0.978327	-1.01434	-1.04883	-1.06669	-1.06718	-1.054	-1.02809	-0.972947	-0.900556	-0.825099	-0.731934	-0.625939	-0.521853	-0.434154	-0.362024	-0.287096	-0.221504	-0.187278	-0.179195	-0.183819	-0.181312	-0.159151	-0.141842	-0.160952	-0.22235	-0.323228	-0.451431	-0.568211	-0.632514	-0.629373	-0.554598	-0.399649	-0.171171	0.0960998	0.361663	0.602435	0.805287	0.948177	1.00198	0.952028	0.81391	0.627856	0.438992	0.279676	0.163223	0.0876855	0.0434729	0.0196906	0.00736434	0	
0	-0.181837	-0.366183	-0.534091	-0.655388	-0.752838	-0.845421	-0.904974	-0.918823	-0.904575	-0.875572	-0.847667	-0.836743	-0.810987	-0.735043	-0.61566	-0.4603	-0.280877	-0.132616	-0.0434089	-0.0246575	-0.0855479	-0.229482	-0.443279	-0.686901	-0.922263	-1.13619	-1.30765	-1.41735	-1.43203	-1.35099	-1.19601	-1.01271	-0.844018	-0.714003	-0.634246	-0.594265	-0.588995	-0.602747	-0.631584	-0.667023	-0.710053	-0.751707	-0.80097	-0.8456	-0.889783	-0.934322	-0.972786	-1.00197	-1.03577	-1.0571	-1.06323	-1.06232	-1.04429	-1.00897	-0.958133	-0.899553	-0.820032	-0.727119	-0.640023	-0.5482	-0.45303	-0.366172	-0.300461	-0.254723	-0.206787	-0.163089	-0.145428	-0.150449	-0.165714	-0.172328	-0.155959	-0.139001	-0.155005	-0.212578	-0.310087	-0.4375	-0.557864	-0.628729	-0.632906	-0.565856	-0.418604	-0.195611	0.0700876	0.337277	0.581322	0.788904	0.938703	1.00126	0.959889	0.827738	0.643812	0.453691	0.291196	0.171147	0.0925576	0.0461774	0.0210347	0.00790152	0	
0	-0.150638	-0.309768	-0.460787	-0.573055	-0.667813	-0.767312	-0.845144	-0.881691	-0.893386	-0.894155	-0.895023	-0.911216	-0.906121	-0.852268	-0.760033	-0.621759	-0.458524	-0.320981	-0.238184	-0.222553	-0.28756	-0.430634	-0.648145	-0.895228	-1.13619	-1.3557	-1.53376	-1.65016	-1.67414	-1.59773	-1.44819	-1.26256	-1.09167	-0.956286	-0.869215	-0.825142	-0.810818	-0.81869	-0.839964	-0.863327	-0.89752	-0.924976	-0.956776	-0.986863	-1.01244	-1.03423	-1.05477	-1.05984	-1.0602	-1.04739	-1.01891	-0.986622	-0.937053	-0.872275	-0.799573	-0.723957	-0.633867	-0.540324	-0.462566	-0.387186	-0.312875	-0.24941	-0.207213	-0.184731	-0.157988	-0.12982	-0.122491	-0.13493	-0.156043	-0.16802	-0.155207	-0.137968	-0.151073	-0.205273	-0.299803	-0.426223	-0.549139	-0.625139	-0.635186	-0.574365	-0.433413	-0.215078	0.0490879	0.317417	0.564004	0.77529	0.930537	1.00011	0.965761	0.838638	0.656663	0.465694	0.300704	0.177745	0.0966463	0.0484627	0.0221772	0.00836016	0	
0	-0.107222	-0.228265	-0.345569	-0.433217	-0.51789	-0.617138	-0.702157	-0.757179	-0.792664	-0.815741	-0.841069	-0.884078	-0.911968	-0.89109	-0.823977	-0.711205	-0.567184	-0.444281	-0.371088	-0.365058	-0.43495	-0.583572	-0.806282	-1.05947	-1.30765	-1.53376	-1.71803	-1.84229	-1.87163	-1.80228	-1.65305	-1.46817	-1.29197	-1.15087	-1.05745	-1.00329	-0.982674	-0.978683	-0.989773	-1.00159	-1.02039	-1.03266	-1.04721	-1.05476	-1.05599	-1.05235	-1.04032	-1.01611	-0.988771	-0.949653	-0.895316	-0.837071	-0.769532	-0.692026	-0.609515	-0.535513	-0.457313	-0.377466	-0.31676	-0.2639	-0.213638	-0.172332	-0.149165	-0.143501	-0.131044	-0.112527	-0.110854	-0.126963	-0.15097	-0.165994	-0.155384	-0.137727	-0.148483	-0.2	-0.292149	-0.417624	-0.542278	-0.622083	-0.636578	-0.580498	-0.444391	-0.229735	0.0331045	0.302194	0.550656	0.764693	0.924011	0.998895	0.969942	0.846773	0.666424	0.474913	0.308069	0.182892	0.0998554	0.0502662	0.0230831	0.00872506	0	
0	-0.0647278	-0.145158	-0.229473	-0.291685	-0.353349	-0.437642	-0.52006	-0.578345	-0.624378	-0.663867	-0.706943	-0.773409	-0.824319	-0.82706	-0.787239	-0.698239	-0.57723	-0.472179	-0.416308	-0.423911	-0.506093	-0.665079	-0.897541	-1.15961	-1.41735	-1.65016	-1.84229	-1.97179	-2.0075	-1.94105	-1.79341	-1.60614	-1.42487	-1.27752	-1.17379	-1.11163	-1.07716	-1.06203	-1.05727	-1.05263	-1.05286	-1.04521	-1.03653	-1.02234	-1.00059	-0.972129	-0.939243	-0.890873	-0.842286	-0.78499	-0.715426	-0.650105	-0.578896	-0.505019	-0.434561	-0.373455	-0.310677	-0.251472	-0.213585	-0.182364	-0.151186	-0.126172	-0.116237	-0.121434	-0.117539	-0.10429	-0.105327	-0.123043	-0.148358	-0.165045	-0.15577	-0.13777	-0.146863	-0.196502	-0.286979	-0.411717	-0.537458	-0.61982	-0.637358	-0.584537	-0.451784	-0.239723	0.0221276	0.291686	0.541404	0.757298	0.919374	0.997888	0.972668	0.852277	0.673116	0.481286	0.313191	0.18649	0.102109	0.0515379	0.0237241	0.00898389	0	
0	-0.0316391	-0.0822997	-0.135863	-0.168598	-0.209131	-0.276591	-0.343805	-0.393972	-0.435521	-0.474151	-0.52419	-0.599038	-0.66231	-0.682365	-0.660942	-0.590843	-0.487713	-0.402225	-0.361271	-0.383861	-0.479937	-0.649975	-0.893434	-1.16629	-1.43203	-1.67414	-1.87163	-2.0075	-2.04689	-1.98276	-1.8354	-1.64474	-1.45949	-1.30358	-1.19268	-1.11824	-1.07366	-1.04358	-1.02534	-1.00344	-0.987701	-0.960644	-0.934441	-0.901429	-0.860833	-0.816505	-0.769176	-0.712152	-0.653834	-0.593616	-0.527162	-0.466803	-0.407306	-0.346551	-0.290062	-0.249245	-0.20902	-0.168928	-0.14772	-0.132394	-0.115434	-0.101629	-0.0995756	-0.110568	-0.111156	-0.100635	-0.102949	-0.1213	-0.147125	-0.164619	-0.156053	-0.137854	-0.146016	-0.194626	-0.284197	-0.408508	-0.534795	-0.618523	-0.637718	-0.58668	-0.455767	-0.245141	0.0161441	0.28594	0.536332	0.753227	0.916794	0.99728	0.974104	0.855249	0.67676	0.484774	0.316006	0.188474	0.103355	0.0522426	0.02408	0.00912783	0	
0	-0.010701	-0.0380854	-0.0708138	-0.0847953	-0.103014	-0.149063	-0.199279	-0.233755	-0.264642	-0.294266	-0.334173	-0.40627	-0.472464	-0.497163	-0.480142	-0.418636	-0.325832	-0.247638	-0.21848	-0.252614	-0.358366	-0.540373	-0.794112	-1.075	-1.35099	-1.59773	-1.80228	-1.94105	-1.98276	-1.92	-1.77002	-1.57834	-1.3862	-1.22623	-1.10566	-1.02381	-0.968161	-0.928188	-0.89761	-0.866047	-0.836773	-0.801458	-0.764653	-0.722933	-0.677224	-0.628195	-0.577297	-0.519294	-0.469914	-0.418738	-0.361677	-0.315213	-0.2707	-0.228788	-0.192436	-0.168126	-0.142951	-0.117943	-0.11043	-0.106214	-0.0973199	-0.0892013	-0.0915172	-0.105829	-0.108516	-0.0991152	-0.102069	-0.12078	-0.146793	-0.164494	-0.156108	-0.13787	-0.145846	-0.194297	-0.283752	-0.407997	-0.534348	-0.618285	-0.637762	-0.587035	-0.456436	-0.246049	0.0151447	0.284982	0.535486	0.752547	0.916361	0.997176	0.974341	0.855744	0.677368	0.485356	0.316476	0.188805	0.103563	0.0523604	0.0241395	0.00915191	0	
0	0.00272469	-0.0130466	-0.0319999	-0.029645	-0.0335162	-0.064994	-0.0984736	-0.11606	-0.128571	-0.144294	-0.176502	-0.23847	-0.291699	-0.306752	-0.287802	-0.222803	-0.129719	-0.0579386	-0.0328492	-0.0717334	-0.185657	-0.372214	-0.631488	-0.918608	-1.19601	-1.44819	-1.65305	-1.79341	-1.8354	-1.77002	-1.62096	-1.42453	-1.23324	-1.06791	-0.945901	-0.859141	-0.799148	-0.754292	-0.719506	-0.681038	-0.650689	-0.609148	-0.571404	-0.531149	-0.486654	-0.443188	-0.404089	-0.358838	-0.316095	-0.276948	-0.236647	-0.207083	-0.179667	-0.151805	-0.129369	-0.119509	-0.10622	-0.0912715	-0.0915622	-0.0925494	-0.0881255	-0.083875	-0.0886455	-0.104092	-0.107269	-0.0984509	-0.102048	-0.121102	-0.147133	-0.164562	-0.155884	-0.137788	-0.146333	-0.195502	-0.285636	-0.410181	-0.536127	-0.619123	-0.637507	-0.585619	-0.453807	-0.242456	0.0191281	0.288815	0.538873	0.755268	0.918091	0.997594	0.973396	0.853771	0.674941	0.48303	0.314596	0.187479	0.102729	0.0518882	0.0239008	0.00905531	0	
0	0.00779923	0.000511368	-0.00990536	0.000552244	0.00693551	-0.0133469	-0.0340835	-0.0383011	-0.0395533	-0.0402354	-0.0545568	-0.102974	-0.148537	-0.154992	-0.120933	-0.0487788	0.0513045	0.130863	0.157451	0.118148	0.00562963	-0.18496	-0.44574	-0.732842	-1.01271	-1.26256	-1.46817	-1.60614	-1.64474	-1.57834	-1.42453	-1.23001	-1.03547	-0.872464	-0.7494	-0.66272	-0.603715	-0.559002	-0.525061	-0.491855	-0.462199	-0.429167	-0.398681	-0.36465	-0.331019	-0.298208	-0.264895	-0.229158	-0.205971	-0.182935	-0.155653	-0.137998	-0.122224	-0.10737	-0.0949913	-0.0930396	-0.0872293	-0.0778115	-0.0821635	-0.0868634	-0.0848278	-0.0815686	-0.0875331	-0.103856	-0.106861	-0.0981569	-0.102486	-0.122068	-0.148068	-0.164772	-0.155355	-0.13762	-0.147518	-0.198288	-0.289881	-0.415056	-0.540087	-0.620976	-0.636887	-0.582363	-0.447815	-0.234322	0.0281011	0.297425	0.546463	0.761346	0.921923	0.998462	0.971206	0.849292	0.669473	0.477808	0.310389	0.184519	0.100872	0.0508391	0.0233714	0.00884135	0	
0	0.0120587	0.00778154	0.000313899	0.0156597	0.0282328	0.0146457	0.0013531	0.0084455	0.0205144	0.0266379	0.0177325	-0.0196755	-0.0465204	-0.0353339	0.00780187	0.0943201	0.202392	0.284314	0.313838	0.277704	0.163309	-0.0244353	-0.284582	-0.569546	-0.844018	-1.09167	-1.29197	-1.42487	-1.45949	-1.3862	-1.23324	-1.03547	-0.846283	-0.684953	-0.566719	-0.485437	-0.429466	-0.390742	-0.362427	-0.332162	-0.312046	-0.283088	-0.259739	-0.236522	-0.21202	-0.189653	-0.174115	-0.153745	-0.137101	-0.121557	-0.104574	-0.0986025	-0.0917668	-0.0823724	-0.0779423	-0.0817505	-0.0771323	-0.0714374	-0.0796672	-0.0845821	-0.08259	-0.0808203	-0.0882534	-0.104443	-0.106404	-0.0979287	-0.103408	-0.12367	-0.149523	-0.165045	-0.154499	-0.137427	-0.149503	-0.202756	-0.296555	-0.422613	-0.546134	-0.6237	-0.635747	-0.577105	-0.438317	-0.221562	0.0420764	0.31077	0.558187	0.770682	0.92772	0.999627	0.967635	0.842227	0.660944	0.469721	0.303911	0.17998	0.0980365	0.0492423	0.022568	0.00851737	0	
0	0.0108431	0.00963555	0.00673928	0.0251509	0.0387416	0.0272738	0.0201742	0.0327324	0.0504848	0.0665633	0.0665728	0.0369875	0.0145666	0.0350486	0.0952453	0.189725	0.308859	0.398324	0.431107	0.396221	0.28516	0.094867	-0.161894	-0.444301	-0.714003	-0.956286	-1.15087	-1.27752	-1.30358	-1.22623	-1.06791	-0.872464	-0.684953	-0.528478	-0.416771	-0.338987	-0.290835	-0.257307	-0.234509	-0.214706	-0.200019	-0.181572	-0.169954	-0.154251	-0.139709	-0.128162	-0.115374	-0.0992045	-0.0948023	-0.0892249	-0.0807464	-0.0790345	-0.0759616	-0.0721838	-0.0691808	-0.0744969	-0.0739933	-0.0702535	-0.0779517	-0.0834812	-0.0826232	-0.0810009	-0.0890467	-0.105268	-0.106126	-0.0978682	-0.104727	-0.125851	-0.151455	-0.165305	-0.153299	-0.137309	-0.152448	-0.209062	-0.305755	-0.432827	-0.55411	-0.627075	-0.633847	-0.569597	-0.425093	-0.204048	0.0610663	0.328788	0.573937	0.783116	0.935268	1.00084	0.962476	0.832455	0.649333	0.458823	0.295246	0.173947	0.0942881	0.0471421	0.0215158	0.00809434	0	
0	0.0126194	0.012309	0.00833009	0.0267758	0.0435244	0.034649	0.0291814	0.0478275	0.0703449	0.0843256	0.0856339	0.0625594	0.0536557	0.0858961	0.153431	0.259665	0.381547	0.472355	0.503528	0.469007	0.354046	0.164794	-0.0926261	-0.369653	-0.634246	-0.869215	-1.05745	-1.17379	-1.19268	-1.10566	-0.945901	-0.7494	-0.566719	-0.416771	-0.310105	-0.241341	-0.19755	-0.170978	-0.155142	-0.139142	-0.131957	-0.118902	-0.111225	-0.102006	-0.0942817	-0.0870746	-0.0841608	-0.077854	-0.0773614	-0.072917	-0.065917	-0.0687136	-0.0685892	-0.0652065	-0.0672736	-0.0751744	-0.0710837	-0.0683385	-0.0793462	-0.0841105	-0.0817781	-0.0810721	-0.0909465	-0.106562	-0.105535	-0.0978278	-0.106591	-0.128678	-0.15378	-0.165423	-0.15175	-0.137429	-0.156579	-0.21741	-0.3176	-0.445644	-0.563788	-0.630789	-0.630856	-0.559502	-0.407854	-0.181627	0.0850743	0.351381	0.593557	0.798428	0.944267	1.00179	0.955455	0.819822	0.634621	0.445189	0.284511	0.166536	0.0897155	0.0445963	0.0202474	0.00758643	0	
0	0.00916358	0.0114595	0.012306	0.0314309	0.0445018	0.0350078	0.0332115	0.053843	0.0808863	0.0982255	0.0973812	0.076746	0.0710265	0.112114	0.19102	0.302119	0.430278	0.519121	0.547935	0.508492	0.390384	0.194873	-0.0609478	-0.337522	-0.594265	-0.825142	-1.00329	-1.11163	-1.11824	-1.02381	-0.859141	-0.66272	-0.485437	-0.338987	-0.241341	-0.17577	-0.138465	-0.117019	-0.10381	-0.0944866	-0.0911867	-0.0820568	-0.0813887	-0.0767877	-0.0723197	-0.070996	-0.0691586	-0.0629237	-0.065057	-0.0627236	-0.0617205	-0.0664017	-0.066179	-0.0652113	-0.0660782	-0.0720863	-0.0707244	-0.0706486	-0.0798709	-0.0833557	-0.0820737	-0.0822557	-0.0928788	-0.107568	-0.104875	-0.0981408	-0.109041	-0.132087	-0.15639	-0.165274	-0.149877	-0.138009	-0.162181	-0.228047	-0.332215	-0.460964	-0.574855	-0.634443	-0.626355	-0.546397	-0.386252	-0.154125	0.114083	0.378415	0.616842	0.816323	0.954331	1.00204	0.946237	0.804155	0.616801	0.428927	0.27186	0.157887	0.0844263	0.0416744	0.0188013	0.00701024	0	
0	0.00955677	0.0128855	0.0127677	0.0307049	0.045431	0.0374395	0.0364318	0.0595948	0.0861845	0.100508	0.10047	0.0828329	0.0843116	0.132328	0.219283	0.335632	0.46209	0.54878	0.56817	0.523342	0.396877	0.195202	-0.0628999	-0.336006	-0.588995	-0.810818	-0.982674	-1.07716	-1.07366	-0.968161	-0.799148	-0.603715	-0.429466	-0.290835	-0.19755	-0.138465	-0.105304	-0.0870453	-0.0775118	-0.0715783	-0.0695143	-0.0647222	-0.0662359	-0.0617521	-0.0613435	-0.0614795	-0.0607213	-0.0572117	-0.0630059	-0.0620903	-0.0602336	-0.0642904	-0.0640809	-0.0627057	-0.0670334	-0.0748877	-0.0700961	-0.0700375	-0.0814742	-0.0844838	-0.0818836	-0.0829008	-0.0954659	-0.108875	-0.103989	-0.0986974	-0.11218	-0.136125	-0.159147	-0.164693	-0.147757	-0.139359	-0.169603	-0.24125	-0.349709	-0.478615	-0.586902	-0.637542	-0.619833	-0.529777	-0.359889	-0.121374	0.14804	0.40971	0.643528	0.83643	0.964984	1.00111	0.934443	0.785275	0.59589	0.410181	0.257477	0.148169	0.0785445	0.0384549	0.0172205	0.00638409	0	
0	0.00585383	0.0122814	0.0171254	0.0336741	0.043209	0.0355516	0.0385575	0.0640129	0.0939287	0.104068	0.0966652	0.0841739	0.0938358	0.149097	0.242762	0.363707	0.487009	0.564635	0.576476	0.520057	0.384547	0.174981	-0.0858469	-0.356424	-0.602747	-0.81869	-0.978683	-1.06203	-1.04358	-0.928188	-0.754292	-0.559002	-0.390742	-0.257307	-0.170978	-0.117019	-0.0870453	-0.0729134	-0.0650938	-0.0607997	-0.0610245	-0.0572808	-0.0582921	-0.0568488	-0.0566673	-0.0568005	-0.0571016	-0.0577686	-0.0627301	-0.0577199	-0.0588016	-0.0646625	-0.0648093	-0.0646862	-0.0682482	-0.0733619	-0.0694751	-0.0729702	-0.083127	-0.0837374	-0.0819062	-0.0849369	-0.0984548	-0.109563	-0.102895	-0.0999245	-0.116145	-0.140678	-0.16183	-0.163538	-0.145553	-0.141879	-0.179251	-0.257316	-0.370153	-0.498327	-0.599405	-0.639489	-0.610689	-0.509064	-0.328343	-0.0832293	0.186843	0.445028	0.673284	0.858291	0.97565	0.99842	0.919659	0.76301	0.571941	0.389135	0.241583	0.137574	0.0722072	0.0350226	0.0155507	0.00572717	0	
0	0.00402018	0.0130465	0.0195662	0.0335683	0.0421226	0.0368988	0.0417663	0.0666724	0.0964871	0.106918	0.0971921	0.0838073	0.0991343	0.164406	0.266666	0.388787	0.51029	0.579417	0.576426	0.510027	0.361412	0.139927	-0.121457	-0.392544	-0.631584	-0.839964	-0.989773	-1.05727	-1.02534	-0.89761	-0.719506	-0.525061	-0.362427	-0.234509	-0.155142	-0.10381	-0.0775118	-0.0650938	-0.0561726	-0.0554552	-0.0540457	-0.0511857	-0.0562757	-0.0538043	-0.0550453	-0.0584938	-0.0591041	-0.0554401	-0.0594966	-0.0580814	-0.0618863	-0.0660045	-0.0637456	-0.0638631	-0.0700097	-0.0746572	-0.069445	-0.0743464	-0.0844215	-0.0841856	-0.0824513	-0.0868572	-0.101463	-0.110095	-0.101905	-0.101872	-0.120919	-0.145664	-0.164216	-0.161692	-0.143537	-0.146069	-0.191572	-0.276535	-0.393542	-0.519699	-0.611712	-0.639592	-0.598234	-0.483615	-0.291185	-0.0395942	0.230325	0.484071	0.705703	0.881348	0.985656	0.993338	0.901456	0.73722	0.545053	0.366021	0.224432	0.126313	0.0655602	0.0314654	0.013838	0.00505858	0	
0	0.00108362	0.0127336	0.0239031	0.0355576	0.0387712	0.035778	0.0469401	0.0729613	0.0998158	0.10327	0.090655	0.0890073	0.114728	0.182204	0.291848	0.415409	0.524667	0.583812	0.56879	0.486367	0.327853	0.097037	-0.168035	-0.431632	-0.667023	-0.863327	-1.00159	-1.05263	-1.00344	-0.866047	-0.681038	-0.491855	-0.332162	-0.214706	-0.139142	-0.0944866	-0.0715783	-0.0607997	-0.0554552	-0.0560233	-0.0536455	-0.0558369	-0.0561776	-0.0538	-0.0560404	-0.0562889	-0.0522956	-0.056541	-0.0642457	-0.059178	-0.0623851	-0.0644306	-0.0643292	-0.0663178	-0.0709266	-0.0740271	-0.0702326	-0.0773092	-0.0856616	-0.0837375	-0.0829523	-0.0898132	-0.104888	-0.109971	-0.10093	-0.104852	-0.126623	-0.150894	-0.165985	-0.159114	-0.142144	-0.152531	-0.207041	-0.299162	-0.419758	-0.54217	-0.623039	-0.637058	-0.581695	-0.452743	-0.248012	0.00954866	0.278236	0.526465	0.740291	0.904934	0.994228	0.985176	0.879416	0.707814	0.515392	0.341122	0.206309	0.114609	0.0587536	0.0278709	0.0121274	0.00439655	0	
0	-0.00117677	0.0140269	0.0279664	0.0349287	0.0357035	0.0371091	0.0513601	0.0772093	0.105187	0.106151	0.0858132	0.0844761	0.12459	0.205986	0.319445	0.446084	0.547636	0.589811	0.558029	0.460605	0.283928	0.0433022	-0.223283	-0.484462	-0.710053	-0.89752	-1.02039	-1.05286	-0.987701	-0.836773	-0.650689	-0.462199	-0.312046	-0.200019	-0.131957	-0.0911867	-0.0695143	-0.0610245	-0.0540457	-0.0536455	-0.0521657	-0.0510183	-0.0526673	-0.05273	-0.0548912	-0.056651	-0.059654	-0.0621065	-0.060685	-0.0564692	-0.0630917	-0.066545	-0.0651834	-0.0663361	-0.0740777	-0.0747163	-0.0695889	-0.0798078	-0.0870558	-0.0836042	-0.0842896	-0.093439	-0.10783	-0.109123	-0.100586	-0.109163	-0.133109	-0.156053	-0.166844	-0.155919	-0.141984	-0.161943	-0.226123	-0.325376	-0.448517	-0.564985	-0.632462	-0.631003	-0.560225	-0.415741	-0.198488	0.0641105	0.330236	0.571754	0.776447	0.92826	1.0005	0.973214	0.853159	0.674777	0.483192	0.314772	0.187527	0.102696	0.0519365	0.0243229	0.0104603	0.00375756	0	
0	-0.00432103	0.013236	0.0329755	0.0370111	0.0319396	0.0379222	0.0595568	0.0812646	0.102119	0.103137	0.0867934	0.096226	0.142529	0.227994	0.348947	0.469602	0.558682	0.58806	0.540719	0.425434	0.238753	-0.0139998	-0.278567	-0.533198	-0.751707	-0.924976	-1.03266	-1.04521	-0.960644	-0.801458	-0.609148	-0.429167	-0.283088	-0.181572	-0.118902	-0.0820568	-0.0647222	-0.0572808	-0.0511857	-0.0558369	-0.0510183	-0.0560197	-0.0570243	-0.0560662	-0.0579417	-0.0598348	-0.0550652	-0.056549	-0.0605697	-0.060289	-0.0682195	-0.0662431	-0.0647402	-0.069631	-0.0740341	-0.0721153	-0.0729	-0.0843037	-0.0866573	-0.0831962	-0.0865779	-0.0974882	-0.110293	-0.1079	-0.101171	-0.114828	-0.140218	-0.160816	-0.166521	-0.152408	-0.143862	-0.175038	-0.249242	-0.355233	-0.479317	-0.587176	-0.638927	-0.620461	-0.532918	-0.371915	-0.142382	0.123868	0.385876	0.619389	0.813457	0.95041	1.00351	0.956735	0.822375	0.638187	0.448772	0.287352	0.168414	0.0908079	0.0452517	0.0208985	0.00887355	0.00315575	0	
