0	0	0	0	0	0	0	0	0	0	0	0	0	0	0	0	0	0	0	0	0	0	0	0	0	0	0	0	0	0	0	0	0	0	0	0	0	0	0	0	0	0	0	0	0	0	0	0	0	0	0	0	0	0	0	0	0	0	0	0	0	0	0	0	0	0	0	0	0	0	0	0	0	0	0	0	0	0	0	0	0	0	0	0	0	0	0	0	0	0	0	0	0	0	0	0	0	0	0	0	
0	-6.47609e-05	0.00265279	0.00899618	0.016209	0.0228054	0.0264832	0.0297752	0.0312116	0.0300034	0.023861	0.0138548	0.00701435	0.00763992	0.0178803	0.0344614	0.0541301	0.0767557	0.10189	0.124703	0.143837	0.154056	0.158531	0.156948	0.151011	0.143858	0.135693	0.124957	0.110561	0.0955382	0.0821181	0.06935	0.0525081	0.0355664	0.0180995	0.003889	-0.014865	-0.0379192	-0.0627502	-0.0908488	-0.126446	-0.16379	-0.205604	-0.245366	-0.279057	-0.303064	-0.31553	-0.313582	-0.299442	-0.276656	-0.248082	-0.213008	-0.172729	-0.130318	-0.0864599	-0.0407331	0.00252509	0.0388753	0.0747955	0.112618	0.148031	0.180647	0.209134	0.226983	0.236026	0.239429	0.236252	0.22851	0.219786	0.209695	0.201958	0.192246	0.176713	0.15695	0.132616	0.108725	0.083656	0.0518828	0.0131056	-0.0285946	-0.0747363	-0.123051	-0.167968	-0.213335	-0.257852	-0.297528	-0.329414	-0.352125	-0.365987	-0.370157	-0.365984	-0.351658	-0.326291	-0.292935	-0.255049	-0.212798	-0.162601	-0.108641	-0.0554299	0	
0	0.00265279	0.00932911	0.0249947	0.0399895	0.0545443	0.0632916	0.0688079	0.0731237	0.0684251	0.0557534	0.0338598	0.017341	0.0161493	0.0330582	0.0621928	0.0987066	0.139953	0.187064	0.23144	0.267014	0.288836	0.297898	0.296998	0.287175	0.276001	0.261718	0.242726	0.217496	0.188453	0.164507	0.141269	0.10816	0.0744282	0.0413256	0.00885901	-0.0281157	-0.0736759	-0.123542	-0.178875	-0.245104	-0.318783	-0.3991	-0.473007	-0.534826	-0.5781	-0.600332	-0.595583	-0.566484	-0.51946	-0.467221	-0.405206	-0.332614	-0.254634	-0.178059	-0.0980154	-0.0226297	0.0428218	0.106117	0.176479	0.243285	0.307702	0.366189	0.403633	0.427723	0.438177	0.438812	0.428512	0.415948	0.401407	0.388074	0.372963	0.34343	0.305773	0.259473	0.212354	0.164747	0.103156	0.028762	-0.0509777	-0.138928	-0.230437	-0.315955	-0.400164	-0.482923	-0.555872	-0.614158	-0.658412	-0.682173	-0.686969	-0.682615	-0.658517	-0.611573	-0.549872	-0.477614	-0.398763	-0.307116	-0.205101	-0.103172	0	
0	0.00899618	0.0249947	0.0509584	0.0773601	0.100866	0.113912	0.123415	0.125727	0.117318	0.0929518	0.0550888	0.0249707	0.0157791	0.0344957	0.0720795	0.119627	0.176504	0.241606	0.302427	0.353794	0.382425	0.396245	0.394642	0.382685	0.368631	0.352517	0.32994	0.296823	0.260288	0.227823	0.195081	0.149247	0.100913	0.0501113	0.00656988	-0.0486938	-0.115732	-0.186768	-0.265197	-0.361548	-0.461678	-0.571871	-0.674137	-0.7578	-0.81363	-0.838044	-0.824406	-0.779652	-0.715663	-0.642414	-0.55782	-0.463995	-0.36907	-0.273912	-0.174734	-0.0817973	-0.00492066	0.0747267	0.166681	0.259173	0.351876	0.439173	0.501947	0.544322	0.57229	0.583072	0.580344	0.573044	0.559486	0.54935	0.530817	0.492182	0.438525	0.37047	0.302598	0.232081	0.1447	0.0396439	-0.0712697	-0.191103	-0.314134	-0.425469	-0.536163	-0.644658	-0.740121	-0.816361	-0.871278	-0.904209	-0.914383	-0.906668	-0.874465	-0.814187	-0.733324	-0.641272	-0.538058	-0.412817	-0.276154	-0.140775	0	
0	0.016209	0.0399895	0.0773601	0.113385	0.144855	0.163596	0.173379	0.176604	0.160702	0.125369	0.070492	0.0237492	0.00491544	0.0211361	0.0617452	0.116718	0.182169	0.258793	0.332149	0.390949	0.425846	0.439026	0.436333	0.419612	0.402647	0.382811	0.355981	0.317735	0.273722	0.236833	0.200899	0.146873	0.0890282	0.030999	-0.0243843	-0.0894309	-0.169214	-0.255389	-0.350302	-0.462848	-0.586262	-0.719007	-0.838896	-0.935583	-0.997668	-1.02103	-0.998643	-0.937843	-0.852009	-0.765194	-0.671181	-0.568593	-0.464164	-0.367235	-0.26738	-0.175486	-0.0985837	-0.0172605	0.0857503	0.195684	0.313535	0.430846	0.520128	0.590071	0.639923	0.671446	0.683091	0.686687	0.681124	0.673626	0.655888	0.606842	0.537403	0.449962	0.360869	0.272859	0.164854	0.0385281	-0.0916521	-0.23012	-0.368537	-0.491728	-0.610576	-0.726205	-0.827407	-0.90774	-0.967966	-0.99962	-1.00628	-1.00345	-0.973401	-0.907994	-0.820054	-0.717996	-0.604306	-0.46743	-0.313179	-0.157854	0	
0	0.0228054	0.0545443	0.100866	0.144855	0.183164	0.203152	0.214168	0.211998	0.188635	0.138278	0.0639233	-0.000561467	-0.0329432	-0.0211269	0.0208806	0.0796637	0.152264	0.23637	0.315964	0.379435	0.410999	0.419927	0.407051	0.381225	0.354854	0.327968	0.295619	0.250759	0.201762	0.162799	0.125044	0.0702475	0.0117129	-0.0481976	-0.099093	-0.163708	-0.24507	-0.33295	-0.431678	-0.55424	-0.685586	-0.831279	-0.964811	-1.07019	-1.13382	-1.15246	-1.11848	-1.04213	-0.944572	-0.845464	-0.742499	-0.636022	-0.537514	-0.447734	-0.356537	-0.275448	-0.212917	-0.140464	-0.0371753	0.0822314	0.218735	0.360307	0.47728	0.573336	0.650475	0.704148	0.735702	0.754656	0.758063	0.758208	0.739118	0.682446	0.597211	0.489761	0.383125	0.278088	0.157458	0.0196064	-0.118276	-0.258165	-0.393954	-0.507388	-0.615428	-0.721415	-0.811584	-0.881776	-0.933056	-0.960702	-0.967286	-0.963016	-0.934695	-0.873789	-0.789636	-0.69563	-0.589983	-0.455367	-0.304304	-0.154508	0	
0	0.0264832	0.0632916	0.113912	0.163596	0.203152	0.224716	0.231783	0.225469	0.191741	0.126954	0.0341692	-0.0489284	-0.0935645	-0.0878411	-0.0457097	0.0158298	0.0918062	0.179399	0.261444	0.321919	0.348598	0.344611	0.319455	0.277576	0.236922	0.197995	0.154784	0.100751	0.0461274	0.00423192	-0.0303808	-0.0797041	-0.131601	-0.17947	-0.217455	-0.266519	-0.333733	-0.409469	-0.49966	-0.615269	-0.749208	-0.897641	-1.03486	-1.14498	-1.21162	-1.22684	-1.18548	-1.09898	-0.987027	-0.880925	-0.777168	-0.675055	-0.580975	-0.502972	-0.428311	-0.366146	-0.32248	-0.265152	-0.170717	-0.0497694	0.0980303	0.257888	0.396672	0.516508	0.616548	0.691915	0.741485	0.774516	0.78754	0.792357	0.774352	0.709933	0.612244	0.490985	0.370782	0.258988	0.134629	-0.00229346	-0.13321	-0.26242	-0.380593	-0.472839	-0.557024	-0.637107	-0.704866	-0.756538	-0.791521	-0.803915	-0.800619	-0.797218	-0.775059	-0.72126	-0.64906	-0.571699	-0.485949	-0.37646	-0.251617	-0.126615	0	
0	0.0297752	0.0688079	0.123415	0.173379	0.214168	0.231783	0.234697	0.21924	0.17375	0.0916837	-0.0213723	-0.123786	-0.183805	-0.184874	-0.145072	-0.0819184	-0.00353733	0.0847595	0.166903	0.223251	0.240079	0.224608	0.181472	0.122958	0.0655818	0.0108656	-0.0439771	-0.106768	-0.168539	-0.209696	-0.239643	-0.279217	-0.31692	-0.346638	-0.362662	-0.387332	-0.428474	-0.480197	-0.548789	-0.647816	-0.769229	-0.914977	-1.05444	-1.16607	-1.23099	-1.24473	-1.19977	-1.10544	-0.988936	-0.878957	-0.775075	-0.675039	-0.591197	-0.526489	-0.466997	-0.4233	-0.399059	-0.361787	-0.280567	-0.16545	-0.0154872	0.151786	0.30129	0.43438	0.547197	0.634611	0.696396	0.738355	0.759329	0.770859	0.756209	0.693292	0.592104	0.467753	0.347606	0.238138	0.123421	-0.00090673	-0.117431	-0.225086	-0.318995	-0.384194	-0.43888	-0.492142	-0.531758	-0.557006	-0.572272	-0.568536	-0.553592	-0.544682	-0.52468	-0.479936	-0.422733	-0.370144	-0.316698	-0.24232	-0.15713	-0.0776321	0	
0	0.0312116	0.0731237	0.125727	0.176604	0.211998	0.225469	0.21924	0.192571	0.131669	0.0300157	-0.104729	-0.228884	-0.304592	-0.316238	-0.278367	-0.215526	-0.135639	-0.0469006	0.0331887	0.084175	0.093456	0.0636783	0.00730023	-0.0663172	-0.138839	-0.203363	-0.266803	-0.335847	-0.397616	-0.438326	-0.462612	-0.488495	-0.510939	-0.519791	-0.509126	-0.503278	-0.514825	-0.536827	-0.579986	-0.656734	-0.765026	-0.89684	-1.02887	-1.13906	-1.20655	-1.21741	-1.16802	-1.07035	-0.949149	-0.836341	-0.733777	-0.641316	-0.56484	-0.50869	-0.463545	-0.436247	-0.430859	-0.409676	-0.345761	-0.241317	-0.0974334	0.0646309	0.213902	0.344216	0.456146	0.542364	0.604648	0.649422	0.674629	0.694372	0.690288	0.638813	0.54957	0.438626	0.332912	0.241984	0.148117	0.0461388	-0.0470613	-0.132378	-0.200923	-0.240907	-0.271471	-0.297753	-0.314818	-0.322444	-0.31679	-0.295566	-0.270469	-0.254675	-0.235455	-0.199778	-0.159542	-0.132938	-0.113056	-0.083272	-0.0504264	-0.0235862	0	
0	0.0300034	0.0684251	0.117318	0.160702	0.188635	0.191741	0.17375	0.131669	0.0533062	-0.0702431	-0.226645	-0.372499	-0.465603	-0.486437	-0.453804	-0.389622	-0.308626	-0.220354	-0.139929	-0.0922317	-0.0877035	-0.122904	-0.188168	-0.269444	-0.348245	-0.419601	-0.485797	-0.553344	-0.613371	-0.647206	-0.659683	-0.670781	-0.675029	-0.66168	-0.630618	-0.601067	-0.583877	-0.580576	-0.599512	-0.653183	-0.743275	-0.866339	-0.994382	-1.10013	-1.16009	-1.16624	-1.11342	-1.00889	-0.881655	-0.764859	-0.662636	-0.571437	-0.499618	-0.451649	-0.416606	-0.402089	-0.407638	-0.402722	-0.355034	-0.263622	-0.132464	0.0171916	0.151669	0.268047	0.362669	0.433527	0.48532	0.521787	0.549294	0.576844	0.588846	0.561584	0.498022	0.417371	0.343037	0.282828	0.221553	0.150081	0.0805318	0.0184944	-0.0294324	-0.0540521	-0.0673992	-0.0781845	-0.0793022	-0.0706184	-0.0547561	-0.0237335	0.0104706	0.0264878	0.0386069	0.0632637	0.0846109	0.0836757	0.0701624	0.0615668	0.0519764	0.030621	0	
0	0.023861	0.0557534	0.0929518	0.125369	0.138278	0.126954	0.0916837	0.0300157	-0.0702431	-0.217498	-0.396895	-0.564429	-0.672284	-0.703105	-0.669506	-0.601343	-0.513201	-0.418458	-0.334179	-0.283538	-0.27752	-0.314693	-0.381579	-0.463268	-0.543689	-0.610831	-0.671461	-0.730786	-0.778924	-0.802216	-0.804946	-0.799744	-0.788295	-0.758491	-0.708508	-0.656816	-0.62032	-0.598858	-0.603198	-0.645516	-0.729281	-0.841461	-0.962669	-1.06471	-1.12387	-1.12214	-1.05743	-0.940738	-0.803055	-0.673511	-0.561841	-0.468365	-0.39759	-0.349081	-0.319561	-0.313675	-0.330503	-0.337567	-0.306879	-0.231525	-0.117593	0.00976968	0.123763	0.213436	0.281365	0.326849	0.358102	0.38266	0.408298	0.445808	0.478507	0.482603	0.456164	0.415287	0.380569	0.3581	0.332402	0.292708	0.24829	0.205809	0.174626	0.162543	0.158495	0.157818	0.162512	0.171549	0.191085	0.220772	0.246513	0.257578	0.26029	0.266368	0.266441	0.243077	0.202992	0.160802	0.114994	0.0605714	0	
0	0.0138548	0.0338598	0.0550888	0.070492	0.0639233	0.0341692	-0.0213723	-0.104729	-0.226645	-0.396895	-0.59493	-0.779247	-0.898194	-0.932041	-0.895731	-0.816557	-0.71712	-0.611437	-0.516792	-0.457371	-0.442024	-0.470873	-0.53003	-0.603986	-0.676587	-0.736297	-0.788606	-0.836343	-0.872256	-0.88437	-0.872773	-0.851608	-0.824443	-0.778172	-0.717868	-0.656266	-0.607227	-0.577268	-0.57565	-0.612046	-0.693731	-0.808384	-0.934436	-1.03796	-1.09187	-1.08161	-1.00522	-0.872835	-0.714914	-0.564781	-0.43619	-0.330346	-0.250026	-0.19712	-0.170961	-0.172852	-0.198146	-0.220099	-0.210949	-0.156029	-0.0657863	0.0363433	0.123062	0.18413	0.221312	0.238874	0.248184	0.256596	0.280676	0.324709	0.376642	0.412563	0.423269	0.424511	0.431112	0.447986	0.459472	0.453588	0.43418	0.410653	0.393532	0.38606	0.38451	0.385096	0.38638	0.389473	0.399183	0.415856	0.427994	0.420732	0.401844	0.387439	0.364582	0.319874	0.263439	0.206182	0.146659	0.0776431	0	
0	0.00701435	0.017341	0.0249707	0.0237492	-0.000561467	-0.0489284	-0.123786	-0.228884	-0.372499	-0.564429	-0.779247	-0.97798	-1.10359	-1.13912	-1.09361	-0.999554	-0.881145	-0.757211	-0.646475	-0.570987	-0.541568	-0.55676	-0.604411	-0.666447	-0.727998	-0.77627	-0.816159	-0.848774	-0.87022	-0.87028	-0.849213	-0.81787	-0.779229	-0.723853	-0.65646	-0.586599	-0.529894	-0.497756	-0.496935	-0.539579	-0.629018	-0.749597	-0.882776	-0.992082	-1.04995	-1.03539	-0.946453	-0.793129	-0.612926	-0.433251	-0.27608	-0.147406	-0.0511318	0.0140664	0.0434574	0.0343266	-0.00337277	-0.0464971	-0.0660064	-0.0417953	0.0146146	0.0825947	0.137566	0.167074	0.174304	0.166266	0.155548	0.151176	0.173589	0.223582	0.290515	0.353211	0.396696	0.433067	0.476471	0.527634	0.572601	0.59982	0.605971	0.603471	0.601183	0.599157	0.598343	0.594146	0.582848	0.567752	0.556711	0.547222	0.531413	0.502429	0.464192	0.428741	0.388529	0.334566	0.270704	0.205247	0.141075	0.0719747	0	
0	0.00763992	0.0161493	0.0157791	0.00491544	-0.0329432	-0.0935645	-0.183805	-0.304592	-0.465603	-0.672284	-0.898194	-1.10359	-1.23159	-1.26372	-1.2087	-1.09704	-0.961018	-0.818223	-0.692405	-0.602044	-0.556169	-0.556765	-0.589144	-0.635247	-0.684706	-0.719444	-0.748385	-0.769149	-0.777635	-0.768746	-0.741581	-0.700205	-0.653331	-0.590414	-0.521585	-0.449394	-0.39222	-0.360485	-0.363691	-0.411243	-0.510346	-0.641135	-0.785911	-0.905757	-0.96968	-0.953799	-0.852914	-0.683843	-0.478739	-0.267465	-0.0764745	0.0802463	0.199837	0.283548	0.316073	0.300389	0.246321	0.177033	0.119344	0.101531	0.114999	0.14108	0.16097	0.158754	0.138967	0.111089	0.0836865	0.0689065	0.0887995	0.137627	0.210679	0.287505	0.351551	0.413583	0.48447	0.56676	0.644617	0.706496	0.745194	0.767305	0.781843	0.785827	0.780418	0.766171	0.735676	0.694303	0.657349	0.618014	0.572041	0.520252	0.463808	0.411063	0.356978	0.300076	0.240331	0.179653	0.122959	0.0626438	0	
0	0.0178803	0.0330582	0.0344957	0.0211361	-0.0211269	-0.0878411	-0.184874	-0.316238	-0.486437	-0.703105	-0.932041	-1.13912	-1.26372	-1.29054	-1.2231	-1.0954	-0.93933	-0.78014	-0.64097	-0.53713	-0.481242	-0.469137	-0.49053	-0.527523	-0.564662	-0.591523	-0.611376	-0.619434	-0.616579	-0.600644	-0.565822	-0.522082	-0.468553	-0.40234	-0.333141	-0.26377	-0.204456	-0.176005	-0.183726	-0.241734	-0.348014	-0.488713	-0.646272	-0.77599	-0.845748	-0.830124	-0.724762	-0.539656	-0.313424	-0.0717211	0.151534	0.338036	0.482772	0.583189	0.623088	0.599616	0.529784	0.430501	0.331431	0.268093	0.231194	0.213528	0.194381	0.160791	0.116588	0.0694966	0.0280804	0.00187681	0.0154511	0.0579728	0.125678	0.205846	0.279505	0.354132	0.445348	0.550278	0.65491	0.751515	0.82135	0.871921	0.907643	0.918682	0.914262	0.891505	0.841304	0.777909	0.713762	0.642779	0.57067	0.49825	0.426793	0.364519	0.303888	0.247519	0.194032	0.142545	0.0960933	0.0461719	0	
0	0.0344614	0.0621928	0.0720795	0.0617452	0.0208806	-0.0457097	-0.145072	-0.278367	-0.453804	-0.669506	-0.895731	-1.09361	-1.2087	-1.2231	-1.14194	-0.993961	-0.820747	-0.644434	-0.495373	-0.384986	-0.321694	-0.304946	-0.322368	-0.35249	-0.387894	-0.410016	-0.425703	-0.428544	-0.417492	-0.39398	-0.358787	-0.309731	-0.251007	-0.180836	-0.113289	-0.0426104	0.0139617	0.0398829	0.0267034	-0.0381267	-0.155449	-0.306679	-0.470537	-0.608458	-0.687451	-0.677179	-0.562992	-0.3683	-0.126458	0.137549	0.388187	0.597061	0.757184	0.87116	0.911651	0.879959	0.791484	0.665559	0.531471	0.424942	0.345969	0.288108	0.23687	0.176682	0.110191	0.0478983	-0.0103772	-0.0492317	-0.0462915	-0.0184049	0.0376897	0.110347	0.18297	0.262219	0.360863	0.478987	0.601839	0.721278	0.820043	0.895839	0.949853	0.975697	0.976499	0.952537	0.895821	0.819153	0.741721	0.652186	0.557299	0.472179	0.3938	0.318501	0.248968	0.197977	0.151487	0.103628	0.0662111	0.0304817	0	
0	0.0541301	0.0987066	0.119627	0.116718	0.0796637	0.0158298	-0.0819184	-0.215526	-0.389622	-0.601343	-0.816557	-0.999554	-1.09704	-1.0954	-0.993961	-0.826986	-0.630979	-0.438924	-0.280201	-0.162549	-0.0977129	-0.0783777	-0.0941354	-0.127337	-0.161958	-0.188531	-0.208681	-0.211578	-0.19887	-0.176048	-0.138122	-0.0893125	-0.0248213	0.0501357	0.120889	0.189002	0.246013	0.271322	0.255022	0.181758	0.0599255	-0.0978766	-0.275089	-0.424348	-0.509536	-0.500303	-0.388125	-0.18877	0.0621842	0.339611	0.603951	0.822875	0.989196	1.10001	1.1324	1.08493	0.978769	0.830943	0.670312	0.535912	0.427543	0.346354	0.27456	0.196669	0.116236	0.0386729	-0.0351825	-0.0883389	-0.100193	-0.086391	-0.0459127	0.0164402	0.0854894	0.160226	0.258653	0.375926	0.49829	0.626606	0.73729	0.82774	0.898116	0.936563	0.951897	0.941281	0.892436	0.824843	0.750772	0.656442	0.557565	0.466764	0.381663	0.300675	0.222473	0.164308	0.120176	0.0821126	0.0514151	0.0197847	0	
0	0.0767557	0.139953	0.176504	0.182169	0.152264	0.0918062	-0.00353733	-0.135639	-0.308626	-0.513201	-0.71712	-0.881145	-0.961018	-0.93933	-0.820747	-0.630979	-0.414183	-0.203408	-0.0319043	0.0917258	0.161137	0.182177	0.164218	0.129337	0.0884872	0.0539955	0.0268497	0.0166606	0.0261931	0.0473346	0.0790465	0.124085	0.189185	0.265875	0.33779	0.408637	0.469813	0.49876	0.483181	0.407718	0.280259	0.111969	-0.0684962	-0.222879	-0.318671	-0.322686	-0.213229	-0.0160504	0.233806	0.511866	0.77877	0.99433	1.1482	1.24414	1.25758	1.18885	1.06069	0.895108	0.721102	0.571798	0.452263	0.363422	0.286216	0.20398	0.116991	0.0303357	-0.056594	-0.122423	-0.146015	-0.144688	-0.115331	-0.0605138	0.0033296	0.0735754	0.162653	0.265468	0.372625	0.486535	0.59285	0.684651	0.758891	0.812596	0.848176	0.858828	0.83508	0.792748	0.740423	0.659017	0.56431	0.479506	0.399931	0.314972	0.233035	0.177021	0.130381	0.0835891	0.0481075	0.0181407	0	
0	0.10189	0.187064	0.241606	0.258793	0.23637	0.179399	0.0847595	-0.0469006	-0.220354	-0.418458	-0.611437	-0.757211	-0.818223	-0.78014	-0.644434	-0.438924	-0.203408	0.0217361	0.202483	0.330983	0.402782	0.425377	0.409326	0.373336	0.331124	0.291372	0.255557	0.23732	0.238803	0.252438	0.274771	0.311879	0.373698	0.45094	0.5235	0.595044	0.656224	0.690339	0.679386	0.607501	0.483631	0.319454	0.135155	-0.0290205	-0.133978	-0.145393	-0.0473531	0.137323	0.375741	0.640568	0.894014	1.09436	1.22842	1.29732	1.28342	1.18927	1.04128	0.862697	0.682547	0.528619	0.410298	0.326432	0.256401	0.181656	0.100211	0.0144524	-0.0768869	-0.146749	-0.178256	-0.184131	-0.163271	-0.117795	-0.0597726	0.000947469	0.0751503	0.156638	0.237162	0.327725	0.418576	0.502037	0.576011	0.638043	0.690581	0.724968	0.730681	0.721647	0.699491	0.644376	0.572898	0.507164	0.441985	0.363769	0.280209	0.218432	0.169925	0.122063	0.0766012	0.0318456	0	
0	0.124703	0.23144	0.302427	0.332149	0.315964	0.261444	0.166903	0.0331887	-0.139929	-0.334179	-0.516792	-0.646475	-0.692405	-0.64097	-0.495373	-0.280201	-0.0319043	0.202483	0.39093	0.521556	0.594511	0.617942	0.602423	0.565493	0.522356	0.478095	0.437924	0.413626	0.412654	0.422231	0.43814	0.466166	0.520067	0.590795	0.660603	0.727279	0.789732	0.83062	0.825336	0.760246	0.642651	0.480976	0.300786	0.141118	0.0315237	0.00657628	0.0867034	0.251205	0.46682	0.707459	0.938122	1.11257	1.21779	1.25823	1.22138	1.10826	0.944597	0.761255	0.582295	0.431996	0.319779	0.24544	0.189112	0.129633	0.0657765	-0.00903324	-0.0911204	-0.155782	-0.189279	-0.198799	-0.188918	-0.156268	-0.111574	-0.0642927	-0.00776944	0.0490686	0.103087	0.167235	0.239619	0.310862	0.377854	0.444648	0.51085	0.564317	0.597684	0.62523	0.640962	0.617452	0.572079	0.531767	0.487446	0.424179	0.351164	0.28959	0.233803	0.173476	0.110607	0.0494996	0	
0	0.143837	0.267014	0.353794	0.390949	0.379435	0.321919	0.223251	0.084175	-0.0922317	-0.283538	-0.457371	-0.570987	-0.602044	-0.53713	-0.384986	-0.162549	0.0917258	0.330983	0.521556	0.648035	0.716887	0.736921	0.718151	0.68168	0.637908	0.59304	0.551387	0.524898	0.520937	0.531035	0.542057	0.564839	0.613975	0.683306	0.750136	0.814194	0.873347	0.91307	0.910586	0.852809	0.743182	0.591	0.421062	0.261894	0.147737	0.111973	0.174265	0.315103	0.501639	0.707324	0.902762	1.05003	1.12957	1.14486	1.08908	0.96489	0.798718	0.617932	0.447153	0.302347	0.198474	0.134794	0.093171	0.0574691	0.0193618	-0.0298487	-0.0884009	-0.137102	-0.164508	-0.178379	-0.18289	-0.173075	-0.153752	-0.127638	-0.0945954	-0.0624729	-0.0311748	0.0107384	0.0683121	0.131278	0.192058	0.258658	0.331562	0.397667	0.455844	0.514921	0.562644	0.577126	0.568514	0.557669	0.536044	0.485865	0.416559	0.351773	0.290791	0.220658	0.143188	0.0679839	0	
0	0.154056	0.288836	0.382425	0.425846	0.410999	0.348598	0.240079	0.093456	-0.0877035	-0.27752	-0.442024	-0.541568	-0.556169	-0.481242	-0.321694	-0.0977129	0.161137	0.402782	0.594511	0.716887	0.781494	0.794154	0.772875	0.731066	0.684228	0.63648	0.591179	0.56156	0.559082	0.57119	0.584515	0.609048	0.656061	0.725521	0.794147	0.857377	0.913974	0.958347	0.958617	0.906626	0.799105	0.653168	0.484219	0.326416	0.20769	0.160408	0.198326	0.308082	0.461445	0.632811	0.799352	0.919277	0.976371	0.974522	0.911924	0.788771	0.625876	0.45628	0.297059	0.16362	0.0702442	0.0162099	-0.00686641	-0.0176059	-0.0231227	-0.0407118	-0.0690795	-0.0947473	-0.114558	-0.130827	-0.151382	-0.169579	-0.179478	-0.178937	-0.171176	-0.162328	-0.152913	-0.130159	-0.0862728	-0.0344289	0.0206945	0.0863444	0.161427	0.236689	0.31394	0.402352	0.485705	0.533252	0.552668	0.568213	0.566705	0.531435	0.470033	0.399016	0.329903	0.253673	0.165487	0.0793581	0	
0	0.158531	0.297898	0.396245	0.439026	0.419927	0.344611	0.224608	0.0636783	-0.122904	-0.314693	-0.470873	-0.55676	-0.556765	-0.469137	-0.304946	-0.0783777	0.182177	0.425377	0.617942	0.736921	0.794154	0.802383	0.7733	0.728737	0.677599	0.626061	0.577634	0.544534	0.53889	0.553092	0.56834	0.594556	0.64373	0.718586	0.795495	0.864316	0.928512	0.976521	0.981928	0.935819	0.832867	0.68605	0.515414	0.350213	0.215904	0.14369	0.149196	0.229701	0.351376	0.493093	0.631386	0.738188	0.789326	0.784909	0.722812	0.604671	0.452767	0.29536	0.149551	0.0296542	-0.0512043	-0.0913917	-0.0957538	-0.0790379	-0.0533307	-0.0414241	-0.0392956	-0.0458681	-0.0559913	-0.0723569	-0.10596	-0.145059	-0.182727	-0.205636	-0.220823	-0.238054	-0.250312	-0.248107	-0.221113	-0.176374	-0.126056	-0.0637631	0.0137566	0.0942188	0.183498	0.28867	0.391186	0.46659	0.515688	0.553373	0.56839	0.550117	0.502161	0.433791	0.361731	0.279887	0.184228	0.0906619	0	
0	0.156948	0.296998	0.394642	0.436333	0.407051	0.319455	0.181472	0.00730023	-0.188168	-0.381579	-0.53003	-0.604411	-0.589144	-0.49053	-0.322368	-0.0941354	0.164218	0.409326	0.602423	0.718151	0.772875	0.7733	0.741753	0.692833	0.638016	0.584288	0.531708	0.493835	0.485872	0.498466	0.516184	0.545774	0.595937	0.677476	0.763163	0.843864	0.918303	0.976719	0.993987	0.959285	0.857568	0.710624	0.531491	0.345373	0.184143	0.0792304	0.0465227	0.084642	0.172674	0.289642	0.418224	0.525526	0.585993	0.592968	0.543347	0.439137	0.299702	0.155042	0.0216681	-0.0819314	-0.147078	-0.172198	-0.157353	-0.116218	-0.0677416	-0.0331389	-0.0119453	-0.00666255	-0.0088489	-0.0252822	-0.0611841	-0.112352	-0.166276	-0.203036	-0.238664	-0.276328	-0.311368	-0.331657	-0.32183	-0.288372	-0.2396	-0.178403	-0.105288	-0.0262223	0.0642798	0.171744	0.281243	0.369294	0.434574	0.492167	0.531723	0.539915	0.51228	0.457138	0.393693	0.312327	0.21149	0.10833	0	
0	0.151011	0.287175	0.382685	0.419612	0.381225	0.277576	0.122958	-0.0663172	-0.269444	-0.463268	-0.603986	-0.666447	-0.635247	-0.527523	-0.35249	-0.127337	0.129337	0.373336	0.565493	0.68168	0.731066	0.728737	0.692833	0.64211	0.585172	0.529797	0.47497	0.434743	0.422417	0.43544	0.454588	0.48736	0.54025	0.625717	0.721332	0.814918	0.901585	0.972841	1.00359	0.978881	0.882882	0.734103	0.537798	0.329463	0.135857	-0.0116983	-0.095675	-0.0993482	-0.0457457	0.0533145	0.175194	0.293136	0.375333	0.408896	0.38239	0.297911	0.177937	0.0492767	-0.0683323	-0.154274	-0.203228	-0.216496	-0.187109	-0.132141	-0.0708315	-0.0247551	0.00496321	0.0161112	0.0170074	0.00474932	-0.0298624	-0.0826745	-0.140494	-0.184557	-0.226959	-0.278805	-0.331492	-0.368253	-0.378184	-0.355686	-0.312261	-0.258943	-0.193335	-0.124284	-0.046352	0.0483456	0.151125	0.242551	0.318455	0.391862	0.453003	0.492438	0.499917	0.468237	0.415609	0.342405	0.240889	0.123352	0	
0	0.143858	0.276001	0.368631	0.402647	0.354854	0.236922	0.0655818	-0.138839	-0.348245	-0.543689	-0.676587	-0.727998	-0.684706	-0.564662	-0.387894	-0.161958	0.0884872	0.331124	0.522356	0.637908	0.684228	0.677599	0.638016	0.585172	0.52684	0.471521	0.416903	0.375529	0.36343	0.374005	0.398472	0.435232	0.491073	0.582227	0.687625	0.791674	0.894109	0.973418	1.01447	0.997196	0.90306	0.744545	0.535033	0.29921	0.0695106	-0.120808	-0.246129	-0.292538	-0.269252	-0.186151	-0.0667782	0.0631951	0.172546	0.238058	0.239621	0.183927	0.0936021	-0.00884283	-0.106291	-0.171504	-0.209965	-0.218813	-0.190602	-0.136805	-0.0771953	-0.0295962	0.00405529	0.0161119	0.0237665	0.0148052	-0.0149894	-0.0626038	-0.119192	-0.158944	-0.198246	-0.249366	-0.306762	-0.355845	-0.382617	-0.376274	-0.345513	-0.309029	-0.262972	-0.209232	-0.149429	-0.0748798	0.0145251	0.102526	0.184332	0.266967	0.346738	0.41531	0.449703	0.444623	0.412676	0.346568	0.249506	0.132799	0	
0	0.135693	0.261718	0.352517	0.382811	0.327968	0.197995	0.0108656	-0.203363	-0.419601	-0.610831	-0.736297	-0.77627	-0.719444	-0.591523	-0.410016	-0.188531	0.0539955	0.291372	0.478095	0.59304	0.63648	0.626061	0.584288	0.529797	0.471521	0.416712	0.363087	0.323262	0.309562	0.322497	0.351601	0.395395	0.459952	0.557471	0.670239	0.78968	0.900621	0.985511	1.03265	1.01384	0.912813	0.743225	0.510029	0.244535	-0.0150229	-0.238136	-0.396914	-0.473703	-0.473445	-0.401946	-0.281788	-0.140786	-0.0116953	0.0815105	0.115438	0.095079	0.043464	-0.0256591	-0.0924541	-0.136169	-0.165783	-0.181428	-0.167871	-0.131138	-0.0874844	-0.044043	-0.0145503	-2.8618e-06	0.0121861	0.00620645	-0.0186995	-0.0621085	-0.109871	-0.140797	-0.163879	-0.198416	-0.247707	-0.296472	-0.33884	-0.35425	-0.34618	-0.336342	-0.316964	-0.287129	-0.246608	-0.188093	-0.11053	-0.0278512	0.0518018	0.136111	0.224196	0.303837	0.355784	0.373165	0.35769	0.310319	0.231749	0.122801	0	
0	0.124957	0.242726	0.32994	0.355981	0.295619	0.154784	-0.0439771	-0.266803	-0.485797	-0.671461	-0.788606	-0.816159	-0.748385	-0.611376	-0.425703	-0.208681	0.0268497	0.255557	0.437924	0.551387	0.591179	0.577634	0.531708	0.47497	0.416903	0.363087	0.313022	0.276775	0.266681	0.282198	0.318505	0.372532	0.446297	0.550823	0.673333	0.801481	0.9205	1.00857	1.05011	1.02012	0.905815	0.712131	0.452079	0.161889	-0.124541	-0.372398	-0.550616	-0.646185	-0.656526	-0.585556	-0.463773	-0.318418	-0.170296	-0.0460906	0.0194157	0.0337642	0.0226354	-0.00589349	-0.0405732	-0.0629287	-0.0870665	-0.112868	-0.120229	-0.1118	-0.090705	-0.0619466	-0.042011	-0.0299582	-0.0163269	-0.0182248	-0.0391525	-0.0727452	-0.108352	-0.126174	-0.127211	-0.139736	-0.17375	-0.219057	-0.271867	-0.307935	-0.326613	-0.345537	-0.352002	-0.340819	-0.320425	-0.280797	-0.212561	-0.137796	-0.0688854	0.00316426	0.0829915	0.162445	0.220665	0.251731	0.25406	0.227318	0.174636	0.0939214	0	
0	0.110561	0.217496	0.296823	0.317735	0.250759	0.100751	-0.106768	-0.335847	-0.553344	-0.730786	-0.836343	-0.848774	-0.769149	-0.619434	-0.428544	-0.211578	0.0166606	0.23732	0.413626	0.524898	0.56156	0.544534	0.493835	0.434743	0.375529	0.323262	0.276775	0.24602	0.241201	0.261867	0.307303	0.372779	0.460058	0.573599	0.702518	0.837859	0.959917	1.04047	1.06897	1.01881	0.881611	0.661006	0.376828	0.0603877	-0.246903	-0.509169	-0.694977	-0.798128	-0.813824	-0.746545	-0.620726	-0.461805	-0.29388	-0.144339	-0.047665	0.00287212	0.0274165	0.029006	0.0187068	0.0123206	-0.0067444	-0.0381772	-0.0630023	-0.0785078	-0.0797657	-0.0693022	-0.0642859	-0.0608778	-0.0487245	-0.0474206	-0.0612525	-0.0808374	-0.102406	-0.108377	-0.0938912	-0.089752	-0.110808	-0.152356	-0.210271	-0.257932	-0.292574	-0.33038	-0.35774	-0.3661	-0.362853	-0.339791	-0.29102	-0.234283	-0.179967	-0.124276	-0.0619613	-0.000409841	0.0485948	0.0875796	0.106891	0.10408	0.0863916	0.0482287	0	
0	0.0955382	0.188453	0.260288	0.273722	0.201762	0.0461274	-0.168539	-0.397616	-0.613371	-0.778924	-0.872256	-0.87022	-0.777635	-0.616579	-0.417492	-0.19887	0.0261931	0.238803	0.412654	0.520937	0.559082	0.53889	0.485872	0.422417	0.36343	0.309562	0.266681	0.241201	0.24118	0.26913	0.32352	0.402252	0.504957	0.62858	0.761041	0.898849	1.0142	1.08385	1.08919	1.01234	0.847425	0.600126	0.291125	-0.0417487	-0.359524	-0.626984	-0.815496	-0.925476	-0.945517	-0.877388	-0.742235	-0.574488	-0.386962	-0.205441	-0.071802	0.00634053	0.0519677	0.0706035	0.0734636	0.0710852	0.0536087	0.0201688	-0.0144222	-0.0454475	-0.0639689	-0.0690202	-0.0798273	-0.0845944	-0.0750508	-0.0695761	-0.0724994	-0.078115	-0.0858969	-0.0845244	-0.0650329	-0.0537042	-0.0689965	-0.106962	-0.161652	-0.211804	-0.253167	-0.296179	-0.332375	-0.358984	-0.379485	-0.378356	-0.348378	-0.312333	-0.283464	-0.25004	-0.20716	-0.168882	-0.136646	-0.100065	-0.0697921	-0.0475078	-0.02592	-0.0115176	0	
0	0.0821181	0.164507	0.227823	0.236833	0.162799	0.00423192	-0.209696	-0.438326	-0.647206	-0.802216	-0.88437	-0.87028	-0.768746	-0.600644	-0.39398	-0.176048	0.0473346	0.252438	0.422231	0.531035	0.57119	0.553092	0.498466	0.43544	0.374005	0.322497	0.282198	0.261867	0.26913	0.304759	0.364128	0.456119	0.56973	0.699017	0.833196	0.96549	1.06922	1.12375	1.10073	0.994819	0.802516	0.533301	0.209541	-0.129442	-0.452726	-0.718389	-0.906701	-1.01552	-1.03852	-0.971024	-0.831522	-0.64616	-0.432973	-0.221058	-0.059673	0.0411627	0.0992572	0.124136	0.1262	0.118109	0.097699	0.0591287	0.0165809	-0.0291574	-0.0573208	-0.0744841	-0.09137	-0.0965098	-0.087355	-0.0740655	-0.0709091	-0.0669298	-0.0684242	-0.0663426	-0.0463826	-0.0333437	-0.0427259	-0.0758489	-0.122372	-0.165623	-0.205865	-0.248645	-0.289454	-0.328177	-0.369527	-0.396344	-0.395334	-0.388011	-0.38333	-0.368545	-0.350038	-0.336979	-0.319848	-0.289307	-0.248907	-0.202067	-0.145187	-0.0767499	0	
0	0.06935	0.141269	0.195081	0.200899	0.125044	-0.0303808	-0.239643	-0.462612	-0.659683	-0.804946	-0.872773	-0.849213	-0.741581	-0.565822	-0.358787	-0.138122	0.0790465	0.274771	0.43814	0.542057	0.584515	0.56834	0.516184	0.454588	0.398472	0.351601	0.318505	0.307303	0.32352	0.364128	0.430636	0.526681	0.645745	0.777784	0.903616	1.01873	1.10639	1.13721	1.08634	0.957267	0.745391	0.463218	0.137022	-0.201953	-0.52083	-0.782176	-0.967724	-1.0758	-1.09853	-1.03017	-0.877252	-0.672872	-0.439969	-0.20725	-0.0204253	0.097163	0.158807	0.183741	0.182425	0.168406	0.138577	0.0920901	0.0344867	-0.0235373	-0.0606057	-0.0825076	-0.0918883	-0.089852	-0.0727638	-0.0577798	-0.0556055	-0.0567025	-0.0666648	-0.0677614	-0.0532032	-0.0349821	-0.0312775	-0.051413	-0.0831031	-0.117754	-0.152189	-0.189086	-0.229894	-0.282669	-0.345594	-0.395044	-0.427793	-0.458699	-0.483652	-0.491236	-0.491557	-0.495189	-0.491329	-0.462249	-0.407374	-0.339544	-0.24949	-0.129461	0	
0	0.0525081	0.10816	0.149247	0.146873	0.0702475	-0.0797041	-0.279217	-0.488495	-0.670781	-0.799744	-0.851608	-0.81787	-0.700205	-0.522082	-0.309731	-0.0893125	0.124085	0.311879	0.466166	0.564839	0.609048	0.594556	0.545774	0.48736	0.435232	0.395395	0.372532	0.372779	0.402252	0.456119	0.526681	0.625995	0.745146	0.866875	0.973742	1.06323	1.12001	1.1241	1.04988	0.901908	0.67766	0.398236	0.0778343	-0.252307	-0.56446	-0.819144	-1.00257	-1.10539	-1.12781	-1.05426	-0.891264	-0.673356	-0.427399	-0.179692	0.0226555	0.148151	0.213755	0.24142	0.241385	0.221572	0.185466	0.128623	0.0577917	-0.0115452	-0.0563704	-0.0778563	-0.0774508	-0.0623023	-0.0398213	-0.0254135	-0.030472	-0.0481672	-0.0726046	-0.083707	-0.0745962	-0.0519864	-0.0347314	-0.0361845	-0.0509698	-0.0750381	-0.105919	-0.137341	-0.171825	-0.228557	-0.304304	-0.376863	-0.440701	-0.50947	-0.574548	-0.607988	-0.627422	-0.647928	-0.646644	-0.609661	-0.537022	-0.442667	-0.325593	-0.172584	0	
0	0.0355664	0.0744282	0.100913	0.0890282	0.0117129	-0.131601	-0.31692	-0.510939	-0.675029	-0.788295	-0.824443	-0.779229	-0.653331	-0.468553	-0.251007	-0.0248213	0.189185	0.373698	0.520067	0.613975	0.656061	0.64373	0.595937	0.54025	0.491073	0.459952	0.446297	0.460058	0.504957	0.56973	0.645745	0.745146	0.854494	0.963935	1.04748	1.10037	1.12525	1.10115	1.00379	0.843076	0.61697	0.343494	0.036601	-0.2778	-0.573612	-0.818334	-0.995682	-1.09084	-1.10639	-1.02984	-0.867511	-0.645357	-0.397051	-0.148421	0.0560846	0.189918	0.261113	0.291116	0.289055	0.26639	0.225883	0.162582	0.0857885	0.0129321	-0.0350873	-0.056985	-0.0484433	-0.0259986	0.00136979	0.0158759	0.00669839	-0.0227882	-0.062891	-0.0860908	-0.0904193	-0.0737793	-0.0505146	-0.0388695	-0.0385494	-0.0507692	-0.0725255	-0.0982577	-0.129987	-0.184946	-0.263646	-0.348292	-0.437316	-0.540536	-0.636231	-0.698647	-0.743311	-0.771737	-0.771229	-0.731044	-0.640524	-0.522834	-0.382004	-0.200833	0	
0	0.0180995	0.0413256	0.0501113	0.030999	-0.0481976	-0.17947	-0.346638	-0.519791	-0.66168	-0.758491	-0.778172	-0.723853	-0.590414	-0.40234	-0.180836	0.0501357	0.265875	0.45094	0.590795	0.683306	0.725521	0.718586	0.677476	0.625717	0.582227	0.557471	0.550823	0.573599	0.62858	0.699017	0.777784	0.866875	0.963935	1.05562	1.11332	1.13472	1.13082	1.07915	0.970567	0.803227	0.577467	0.315515	0.0249573	-0.273846	-0.552666	-0.782116	-0.941483	-1.01829	-1.02624	-0.953621	-0.799372	-0.588999	-0.356291	-0.120184	0.0839077	0.223528	0.298489	0.329861	0.326964	0.305766	0.264321	0.203021	0.130973	0.062272	0.0106721	-0.0173278	-0.0136078	0.0047571	0.0310511	0.0470514	0.0421415	0.0117987	-0.0313921	-0.06265	-0.0803695	-0.0777239	-0.0609876	-0.0417968	-0.0342941	-0.0405171	-0.0567393	-0.0818323	-0.112994	-0.16925	-0.247932	-0.330887	-0.42768	-0.548172	-0.664223	-0.748525	-0.813395	-0.858621	-0.864753	-0.815588	-0.710809	-0.575301	-0.414401	-0.218209	0	
0	0.003889	0.00885901	0.00656988	-0.0243843	-0.099093	-0.217455	-0.362662	-0.509126	-0.630618	-0.708508	-0.717868	-0.65646	-0.521585	-0.333141	-0.113289	0.120889	0.33779	0.5235	0.660603	0.750136	0.794147	0.795495	0.763163	0.721332	0.687625	0.670239	0.673333	0.702518	0.761041	0.833196	0.903616	0.973742	1.04748	1.11332	1.14395	1.13932	1.11282	1.04942	0.943675	0.779645	0.563682	0.310048	0.0300551	-0.253995	-0.508929	-0.715649	-0.850036	-0.909782	-0.906723	-0.833903	-0.696779	-0.511047	-0.298699	-0.0769441	0.116591	0.253082	0.334207	0.367408	0.367546	0.351626	0.319188	0.267711	0.204165	0.138872	0.0757781	0.0344503	0.0204534	0.0259327	0.0485431	0.0662083	0.070066	0.048747	0.012518	-0.0179422	-0.0418087	-0.0546547	-0.0518196	-0.0383681	-0.0336977	-0.0384687	-0.0553259	-0.083765	-0.117852	-0.172896	-0.246782	-0.329699	-0.426816	-0.54697	-0.673041	-0.774527	-0.848586	-0.896681	-0.905085	-0.851959	-0.73693	-0.58471	-0.410117	-0.214597	0	
0	-0.014865	-0.0281157	-0.0486938	-0.0894309	-0.163708	-0.266519	-0.387332	-0.503278	-0.601067	-0.656816	-0.656266	-0.586599	-0.449394	-0.26377	-0.0426104	0.189002	0.408637	0.595044	0.727279	0.814194	0.857377	0.864316	0.843864	0.814918	0.791674	0.78968	0.801481	0.837859	0.898849	0.96549	1.01873	1.06323	1.10037	1.13472	1.13932	1.1175	1.07649	1.0141	0.916769	0.765078	0.561876	0.32467	0.0615935	-0.200697	-0.434195	-0.619842	-0.734096	-0.779338	-0.767649	-0.703116	-0.586924	-0.423168	-0.230813	-0.0293279	0.146422	0.279372	0.360966	0.396675	0.4056	0.408582	0.397344	0.360258	0.309743	0.240627	0.164128	0.103553	0.0660681	0.0575192	0.0722795	0.0905385	0.0972348	0.0842556	0.0584721	0.0318933	0.00965918	-0.0123972	-0.0258408	-0.02624	-0.0335417	-0.0459196	-0.0623111	-0.0912692	-0.129511	-0.180696	-0.251693	-0.337388	-0.436138	-0.556775	-0.680379	-0.781763	-0.854251	-0.890935	-0.885087	-0.822621	-0.704682	-0.550091	-0.378341	-0.198146	0	
0	-0.0379192	-0.0736759	-0.115732	-0.169214	-0.24507	-0.333733	-0.428474	-0.514825	-0.583877	-0.62032	-0.607227	-0.529894	-0.39222	-0.204456	0.0139617	0.246013	0.469813	0.656224	0.789732	0.873347	0.913974	0.928512	0.918303	0.901585	0.894109	0.900621	0.9205	0.959917	1.0142	1.06922	1.10639	1.12001	1.12525	1.13082	1.11282	1.07649	1.02771	0.966535	0.88051	0.748293	0.568914	0.351337	0.109981	-0.125166	-0.332254	-0.494989	-0.592347	-0.635117	-0.630766	-0.582291	-0.485281	-0.345366	-0.172558	0.0121883	0.17433	0.297497	0.37906	0.424083	0.449528	0.476151	0.485531	0.468502	0.42844	0.356466	0.269049	0.19045	0.132605	0.106945	0.115362	0.130966	0.135768	0.129904	0.110267	0.087328	0.0683419	0.0394016	0.0113668	-0.00551655	-0.0282706	-0.0507145	-0.0731391	-0.106532	-0.144675	-0.195076	-0.267641	-0.354613	-0.454544	-0.567736	-0.677796	-0.765517	-0.815006	-0.82982	-0.813108	-0.74574	-0.632813	-0.487727	-0.326044	-0.166936	0	
0	-0.0627502	-0.123542	-0.186768	-0.255389	-0.33295	-0.409469	-0.480197	-0.536827	-0.580576	-0.598858	-0.577268	-0.497756	-0.360485	-0.176005	0.0398829	0.271322	0.49876	0.690339	0.83062	0.91307	0.958347	0.976521	0.976719	0.972841	0.973418	0.985511	1.00857	1.04047	1.08385	1.12375	1.13721	1.1241	1.10115	1.07915	1.04942	1.0141	0.966535	0.914015	0.84068	0.725416	0.562918	0.369355	0.160191	-0.0389468	-0.217038	-0.35261	-0.440793	-0.491164	-0.500881	-0.468628	-0.395479	-0.284036	-0.132724	0.0354501	0.185909	0.306806	0.400858	0.463194	0.506771	0.549375	0.573667	0.569761	0.537525	0.466855	0.377894	0.289686	0.214067	0.173404	0.174437	0.188117	0.193465	0.19404	0.178358	0.15458	0.133472	0.098599	0.0583728	0.0246872	-0.00865708	-0.0407669	-0.0769709	-0.122953	-0.173097	-0.227107	-0.297977	-0.385775	-0.474152	-0.564886	-0.65552	-0.716427	-0.730755	-0.716803	-0.685366	-0.623915	-0.533384	-0.416578	-0.281524	-0.144082	0	
0	-0.0908488	-0.178875	-0.265197	-0.350302	-0.431678	-0.49966	-0.548789	-0.579986	-0.599512	-0.603198	-0.57565	-0.496935	-0.363691	-0.183726	0.0267034	0.255022	0.483181	0.679386	0.825336	0.910586	0.958617	0.981928	0.993987	1.00359	1.01447	1.03265	1.05011	1.06897	1.08919	1.10073	1.08634	1.04988	1.00379	0.970567	0.943675	0.916769	0.88051	0.84068	0.776738	0.680134	0.545204	0.38095	0.20272	0.0340171	-0.116105	-0.233266	-0.317428	-0.368454	-0.385497	-0.370912	-0.324906	-0.242744	-0.121288	0.0272524	0.172196	0.302726	0.417149	0.50453	0.569965	0.622892	0.652674	0.655188	0.628074	0.564403	0.482608	0.392953	0.30918	0.257228	0.252073	0.261866	0.26651	0.268669	0.250451	0.222862	0.195274	0.158636	0.114268	0.072371	0.0364033	-0.00447049	-0.0580845	-0.128348	-0.20457	-0.275506	-0.351951	-0.42848	-0.491334	-0.548897	-0.597991	-0.621591	-0.609222	-0.567943	-0.522982	-0.477473	-0.414676	-0.329896	-0.228077	-0.116569	0	
0	-0.126446	-0.245104	-0.361548	-0.462848	-0.55424	-0.615269	-0.647816	-0.656734	-0.653183	-0.645516	-0.612046	-0.539579	-0.411243	-0.241734	-0.0381267	0.181758	0.407718	0.607501	0.760246	0.852809	0.906626	0.935819	0.959285	0.978881	0.997196	1.01384	1.02012	1.01881	1.01234	0.994819	0.957267	0.901908	0.843076	0.803227	0.779645	0.765078	0.748293	0.725416	0.680134	0.613951	0.507319	0.373412	0.223908	0.0790116	-0.0597418	-0.167389	-0.245394	-0.294346	-0.32178	-0.321451	-0.290676	-0.236139	-0.145204	-0.014114	0.13124	0.273302	0.407982	0.525903	0.614419	0.679663	0.71779	0.728769	0.706707	0.648707	0.57519	0.488372	0.404577	0.349725	0.338261	0.342598	0.343224	0.33797	0.316595	0.288374	0.261263	0.230561	0.184814	0.136781	0.0943539	0.0419306	-0.0318548	-0.129004	-0.22772	-0.316072	-0.398136	-0.45631	-0.484409	-0.50604	-0.520121	-0.505906	-0.464923	-0.410035	-0.356759	-0.311005	-0.265629	-0.214987	-0.150175	-0.0737102	0	
0	-0.16379	-0.318783	-0.461678	-0.586262	-0.685586	-0.749208	-0.769229	-0.765026	-0.743275	-0.729281	-0.693731	-0.629018	-0.510346	-0.348014	-0.155449	0.0599255	0.280259	0.483631	0.642651	0.743182	0.799105	0.832867	0.857568	0.882882	0.90306	0.912813	0.905815	0.881611	0.847425	0.802516	0.745391	0.67766	0.61697	0.577467	0.563682	0.561876	0.568914	0.562918	0.545204	0.507319	0.437296	0.336481	0.214235	0.0800243	-0.0494504	-0.153459	-0.235041	-0.287552	-0.322614	-0.327804	-0.312097	-0.275434	-0.202609	-0.0801708	0.0674123	0.215099	0.362662	0.496819	0.605315	0.688614	0.744647	0.772312	0.757584	0.711168	0.645598	0.564856	0.489431	0.436289	0.422295	0.421938	0.418269	0.405338	0.379283	0.35419	0.331785	0.304556	0.257177	0.197143	0.139367	0.0778867	-0.00582656	-0.112391	-0.220514	-0.322606	-0.408335	-0.454267	-0.457045	-0.443656	-0.422409	-0.378558	-0.313629	-0.240307	-0.180422	-0.138972	-0.10487	-0.0807939	-0.0560098	-0.0240406	0	
0	-0.205604	-0.3991	-0.571871	-0.719007	-0.831279	-0.897641	-0.914977	-0.89684	-0.866339	-0.841461	-0.808384	-0.749597	-0.641135	-0.488713	-0.306679	-0.0978766	0.111969	0.319454	0.480976	0.591	0.653168	0.68605	0.710624	0.734103	0.744545	0.743225	0.712131	0.661006	0.600126	0.533301	0.463218	0.398236	0.343494	0.315515	0.310048	0.32467	0.351337	0.369355	0.38095	0.373412	0.336481	0.266111	0.163363	0.0359395	-0.0882407	-0.200579	-0.283752	-0.338947	-0.381777	-0.404011	-0.400115	-0.368343	-0.30171	-0.179833	-0.0308075	0.119866	0.265317	0.406124	0.531835	0.634574	0.7149	0.763188	0.771496	0.747243	0.694712	0.624497	0.55206	0.496705	0.47392	0.469396	0.471521	0.45892	0.437257	0.418969	0.398369	0.37185	0.318742	0.246798	0.175439	0.101491	0.0148337	-0.0851793	-0.189814	-0.294226	-0.381515	-0.41799	-0.398824	-0.358202	-0.30113	-0.224126	-0.147386	-0.0745745	-0.012259	0.0301566	0.0526253	0.0545788	0.0442738	0.0260211	0	
