0	0	0	0	0	0	0	0	0	0	0	0	0	0	0	0	0	0	0	0	0	0	0	0	0	0	0	0	0	0	0	0	0	0	0	0	0	0	0	0	0	0	0	0	0	0	0	0	0	0	0	0	0	0	0	0	0	0	0	0	0	0	0	0	0	0	0	0	0	0	0	0	0	0	0	0	0	0	0	0	0	0	0	0	0	0	0	0	0	0	0	0	0	0	0	0	0	0	0	0	
0	-0.067702	-0.145281	-0.219473	-0.270215	-0.29025	-0.2907	-0.290864	-0.287174	-0.253037	-0.175319	-0.065574	0.0483671	0.137301	0.190606	0.211633	0.206446	0.184403	0.155501	0.124892	0.0958056	0.0709418	0.0500013	0.0334211	0.0208563	0.011274	0.004718	8.01076e-05	-0.00275046	-0.00411759	-0.00450429	-0.00335532	-0.00140261	0.00262381	0.00803696	0.0163759	0.0275081	0.0424252	0.0617557	0.0855201	0.113426	0.145354	0.1777	0.209196	0.235756	0.251762	0.254833	0.239638	0.201323	0.141878	0.066153	-0.0203412	-0.110018	-0.198038	-0.280041	-0.352916	-0.416583	-0.457488	-0.45821	-0.431223	-0.398503	-0.348622	-0.260877	-0.151223	-0.0534854	0.0270249	0.109677	0.198624	0.269389	0.29388	0.266672	0.206267	0.138627	0.0821917	0.0435166	0.0207789	0.0090213	0.00358557	0.00131221	0.000444389	0.000139865	4.10666e-05	1.12864e-05	2.91209e-06	7.07301e-07	1.62108e-07	3.5137e-08	7.21701e-09	1.40729e-09	2.60967e-10	4.60939e-11	7.76592e-12	1.24975e-12	1.92349e-13	2.83468e-14	4.00455e-15	5.42866e-16	7.06755e-17	8.72621e-18	0	
0	-0.145281	-0.280815	-0.410657	-0.520403	-0.578043	-0.587857	-0.581951	-0.559636	-0.491119	-0.35714	-0.168901	0.0307586	0.197801	0.309374	0.361888	0.366932	0.342109	0.30252	0.257357	0.213797	0.174887	0.141663	0.115053	0.0938895	0.077946	0.0663202	0.0580183	0.0529347	0.0500881	0.0497147	0.051471	0.0556577	0.0625588	0.0728321	0.0868414	0.105926	0.130215	0.160775	0.198033	0.240671	0.288379	0.33774	0.383341	0.42077	0.441382	0.438384	0.406539	0.341558	0.242406	0.112615	-0.0434652	-0.216358	-0.392715	-0.56013	-0.700241	-0.801627	-0.8662	-0.886851	-0.854567	-0.777304	-0.659852	-0.496807	-0.303112	-0.113145	0.0593955	0.227562	0.391172	0.515528	0.559249	0.512565	0.404166	0.278345	0.169571	0.0923684	0.0453967	0.0202851	0.00829504	0.00312168	0.00108644	0.000351174	0.000105823	2.98285e-05	7.88827e-06	1.96248e-06	4.60428e-07	1.02099e-07	2.14422e-08	4.27286e-09	8.09318e-10	1.45937e-10	2.509e-11	4.11837e-12	6.46249e-13	9.70623e-14	1.39691e-14	1.92849e-15	2.5559e-16	3.21e-17	0	
0	-0.219473	-0.410657	-0.581562	-0.727004	-0.823868	-0.872535	-0.878779	-0.837007	-0.736402	-0.560712	-0.322389	-0.0677806	0.156938	0.317779	0.407716	0.441251	0.437852	0.413238	0.379431	0.344726	0.311411	0.282554	0.257834	0.237219	0.221103	0.208066	0.198836	0.192494	0.188947	0.188679	0.190474	0.196189	0.203724	0.215866	0.230328	0.249586	0.27262	0.299971	0.331922	0.368301	0.406542	0.447843	0.485766	0.516095	0.532048	0.523329	0.480805	0.398286	0.270384	0.0982476	-0.10917	-0.341446	-0.578075	-0.802222	-0.999099	-1.14269	-1.22747	-1.26202	-1.22731	-1.10645	-0.921583	-0.69923	-0.445652	-0.171562	0.0996405	0.350301	0.566336	0.719578	0.775152	0.721552	0.585965	0.418774	0.265693	0.150906	0.0773228	0.0359909	0.0153122	0.00598699	0.00216174	0.000723903	0.000225684	6.57275e-05	1.79372e-05	4.59972e-06	1.11115e-06	2.53439e-07	5.46957e-08	1.11905e-08	2.17438e-09	4.01913e-10	7.07785e-11	1.18923e-11	1.90898e-12	2.93124e-13	4.31044e-14	6.07702e-15	8.22076e-16	1.05274e-16	0	
0	-0.270215	-0.520403	-0.727004	-0.889295	-1.02916	-1.13168	-1.15674	-1.10609	-0.989069	-0.799255	-0.551562	-0.274471	-0.0108551	0.200947	0.349524	0.437829	0.481209	0.493893	0.490539	0.478112	0.461863	0.444402	0.426487	0.410193	0.395273	0.382544	0.372982	0.365614	0.362113	0.361299	0.363895	0.369785	0.378392	0.390013	0.404132	0.419862	0.437489	0.455858	0.473356	0.491646	0.506613	0.518718	0.527339	0.527799	0.516811	0.487552	0.431429	0.33693	0.197431	0.00751291	-0.222593	-0.480187	-0.749404	-1.00276	-1.23155	-1.42017	-1.53293	-1.56136	-1.50824	-1.36231	-1.13707	-0.866779	-0.559339	-0.212296	0.144058	0.461006	0.707783	0.869968	0.932107	0.884892	0.745243	0.557327	0.371398	0.221712	0.119289	0.0582017	0.0259019	0.0105711	0.00397578	0.00138402	0.000447716	0.000135066	3.81211e-05	1.00955e-05	2.51521e-06	5.90955e-07	1.31227e-07	2.75969e-08	5.50646e-09	1.04426e-09	1.88522e-10	3.24471e-11	5.33155e-12	8.37443e-13	1.25895e-13	1.81344e-14	2.505e-15	3.27209e-16	0	
0	-0.29025	-0.578043	-0.823868	-1.02916	-1.21603	-1.34555	-1.38485	-1.3471	-1.24101	-1.07906	-0.860942	-0.586773	-0.293865	-0.018374	0.205758	0.366598	0.471008	0.531155	0.563272	0.575479	0.576895	0.569879	0.560077	0.547995	0.535595	0.525131	0.51565	0.509383	0.505813	0.504854	0.508007	0.512479	0.521748	0.53066	0.543578	0.554857	0.56644	0.57546	0.580016	0.577621	0.56916	0.547726	0.516411	0.472489	0.416961	0.345514	0.259868	0.152003	0.0157341	-0.157142	-0.374252	-0.622945	-0.898616	-1.17533	-1.41605	-1.61259	-1.73865	-1.76238	-1.69315	-1.54062	-1.30046	-0.989011	-0.627647	-0.226731	0.181396	0.537496	0.799833	0.962971	1.03124	1.00127	0.877507	0.689503	0.484592	0.30518	0.172954	0.0886799	0.0413674	0.017651	0.00692366	0.00250809	0.000842542	0.000263456	7.69422e-05	2.10518e-05	5.41114e-06	1.30998e-06	2.99377e-07	6.4725e-08	1.32639e-08	2.58107e-09	4.77725e-10	8.42323e-11	1.41686e-11	2.27669e-12	3.49911e-13	5.14988e-14	7.26431e-15	9.67876e-16	0	
0	-0.2907	-0.587857	-0.872535	-1.13168	-1.34555	-1.49408	-1.57535	-1.57362	-1.50008	-1.38186	-1.19724	-0.941126	-0.63107	-0.306048	-0.0196805	0.208936	0.368768	0.475013	0.539915	0.577982	0.59732	0.607115	0.609929	0.608383	0.605501	0.601867	0.597417	0.595555	0.59284	0.593184	0.594138	0.596219	0.600254	0.60348	0.60745	0.609627	0.609223	0.603566	0.593215	0.5703	0.538327	0.490978	0.427495	0.346053	0.251661	0.144767	0.0264226	-0.0967331	-0.234895	-0.387957	-0.575036	-0.796433	-1.03812	-1.29781	-1.53391	-1.71255	-1.82905	-1.85933	-1.79287	-1.64017	-1.39253	-1.05083	-0.649682	-0.223698	0.196541	0.56339	0.833886	1.00133	1.08026	1.07478	0.980555	0.809965	0.600851	0.399522	0.238669	0.128674	0.0629413	0.0280857	0.0114917	0.00433223	0.00151133	0.000489829	0.000148018	4.18383e-05	1.10941e-05	2.76709e-06	6.50762e-07	1.44628e-07	3.04369e-08	6.07685e-09	1.15304e-09	2.08253e-10	3.58567e-11	5.8937e-12	9.25994e-13	1.39238e-13	2.00548e-14	2.72528e-15	0	
0	-0.290864	-0.581951	-0.878779	-1.15674	-1.38485	-1.57535	-1.71629	-1.77137	-1.75866	-1.68197	-1.52825	-1.29582	-0.980368	-0.634594	-0.305599	-0.0328195	0.167533	0.309332	0.401035	0.463128	0.504064	0.535641	0.555008	0.571881	0.5829	0.59025	0.59649	0.599064	0.601174	0.601404	0.599853	0.597969	0.592144	0.586958	0.575446	0.563392	0.544793	0.520956	0.490264	0.451498	0.399408	0.336862	0.257325	0.161474	0.0432988	-0.0847843	-0.229175	-0.372864	-0.516458	-0.661572	-0.809308	-0.984365	-1.17167	-1.36533	-1.56098	-1.71999	-1.82574	-1.86374	-1.80627	-1.65066	-1.39825	-1.04994	-0.641987	-0.223551	0.177548	0.534458	0.811129	0.99194	1.08899	1.11209	1.05443	0.913843	0.71454	0.50119	0.315408	0.178716	0.0916315	0.0427435	0.0182368	0.00715236	0.00259033	0.000869901	0.000271909	7.93764e-05	2.17074e-05	5.57675e-06	1.34933e-06	3.08193e-07	6.65917e-08	1.36382e-08	2.65229e-09	4.90608e-10	8.6451e-11	1.4533e-11	2.33384e-12	3.58482e-13	5.27141e-14	7.30498e-15	0	
0	-0.287174	-0.559636	-0.837007	-1.10609	-1.3471	-1.57362	-1.77137	-1.915	-1.98092	-1.94692	-1.83036	-1.62139	-1.32819	-0.992909	-0.65119	-0.357979	-0.120605	0.0509255	0.174399	0.262344	0.330564	0.379836	0.420781	0.453056	0.477845	0.496493	0.51195	0.518861	0.526172	0.525078	0.522733	0.51553	0.50243	0.487151	0.463229	0.435606	0.399246	0.357425	0.304294	0.247507	0.177376	0.101222	0.0108918	-0.087214	-0.20458	-0.33756	-0.485781	-0.647402	-0.794998	-0.931514	-1.04225	-1.14532	-1.26433	-1.3895	-1.52518	-1.65299	-1.74335	-1.77782	-1.72389	-1.56838	-1.32527	-1.00362	-0.62822	-0.244591	0.121026	0.457985	0.740767	0.943504	1.06632	1.1202	1.101	0.997727	0.820027	0.605563	0.400903	0.238489	0.12806	0.0624014	0.027744	0.011313	0.00425108	0.00147849	0.000477797	0.000143986	4.05927e-05	1.07372e-05	2.67176e-06	6.26933e-07	1.39034e-07	2.91999e-08	5.81853e-09	1.10197e-09	1.98675e-10	3.41495e-11	5.60396e-12	8.79098e-13	1.31948e-13	1.86422e-14	0	
0	-0.253037	-0.491119	-0.736402	-0.989069	-1.24101	-1.50008	-1.75866	-1.98092	-2.10661	-2.12418	-2.05592	-1.90237	-1.67913	-1.38462	-1.05677	-0.740001	-0.46709	-0.258951	-0.0990978	0.0156158	0.104266	0.168413	0.225157	0.264609	0.29949	0.325228	0.343432	0.357005	0.363013	0.36469	0.35988	0.34958	0.33381	0.309777	0.28142	0.242055	0.196451	0.140638	0.0743603	-0.00166674	-0.0871414	-0.182376	-0.283033	-0.393221	-0.502505	-0.621655	-0.741122	-0.878227	-1.01392	-1.13074	-1.22043	-1.27301	-1.31904	-1.37545	-1.44851	-1.52906	-1.58528	-1.59936	-1.54798	-1.41147	-1.20396	-0.939443	-0.62629	-0.293671	0.0327272	0.347848	0.635978	0.864944	1.01917	1.10512	1.12326	1.0601	0.912656	0.707736	0.491973	0.306819	0.172338	0.0876355	0.0405657	0.0171841	0.00669475	0.00240964	0.000804574	0.000250142	7.26566e-05	1.97765e-05	5.05833e-06	1.21883e-06	2.773e-07	5.9696e-08	1.21835e-08	2.36158e-09	4.35471e-10	7.65084e-11	1.28255e-11	2.05413e-12	3.14609e-13	4.53045e-14	0	
0	-0.175319	-0.35714	-0.560712	-0.799255	-1.07906	-1.38186	-1.68197	-1.94692	-2.12418	-2.20233	-2.20137	-2.1367	-1.99383	-1.75187	-1.44448	-1.11736	-0.82847	-0.590159	-0.41244	-0.281162	-0.185447	-0.108841	-0.0510067	-0.00288357	0.0352595	0.0664241	0.0870417	0.105343	0.110639	0.114641	0.10781	0.0952498	0.077066	0.0477569	0.0154222	-0.0293553	-0.07921	-0.140628	-0.20844	-0.289495	-0.375203	-0.475643	-0.575722	-0.683406	-0.789012	-0.889752	-0.978744	-1.06278	-1.15735	-1.24506	-1.31239	-1.34238	-1.34335	-1.33324	-1.32967	-1.34502	-1.35699	-1.34804	-1.30824	-1.21552	-1.06957	-0.880092	-0.642142	-0.365887	-0.0759504	0.219153	0.510176	0.764552	0.952638	1.07146	1.12472	1.10122	0.989304	0.803218	0.584958	0.38179	0.224006	0.118726	0.0571546	0.0251269	0.0101399	0.00377377	0.00130084	0.000416927	0.00012468	3.48989e-05	9.16948e-06	2.26741e-06	5.28931e-07	1.16654e-07	2.43724e-08	4.83279e-09	9.11046e-10	1.63535e-10	2.79931e-11	4.57563e-12	7.14843e-13	1.04881e-13	0	
0	-0.065574	-0.168901	-0.322389	-0.551562	-0.860942	-1.19724	-1.52825	-1.83036	-2.05592	-2.20137	-2.28216	-2.29729	-2.22011	-2.03178	-1.76001	-1.45556	-1.16724	-0.924392	-0.743092	-0.607222	-0.508371	-0.430576	-0.371229	-0.318416	-0.278313	-0.243953	-0.218683	-0.201193	-0.191508	-0.190119	-0.196269	-0.210824	-0.23299	-0.262782	-0.301154	-0.345575	-0.398749	-0.457434	-0.522659	-0.594199	-0.668475	-0.748954	-0.835013	-0.918081	-1.0042	-1.08644	-1.15395	-1.19997	-1.24265	-1.29057	-1.33328	-1.33922	-1.30275	-1.24042	-1.16675	-1.11253	-1.08332	-1.06514	-1.05142	-1.01826	-0.946324	-0.834739	-0.671105	-0.449973	-0.192632	0.0846592	0.374809	0.649747	0.870751	1.02266	1.10884	1.12272	1.04851	0.888445	0.676187	0.460972	0.282058	0.155594	0.0777994	0.0354551	0.0148042	0.0056913	0.00202341	0.000667947	0.000205477	5.90975e-05	1.59386e-05	4.04179e-06	9.66074e-07	2.1814e-07	4.66278e-08	9.45287e-09	1.82076e-09	3.33748e-10	5.83067e-11	9.72205e-12	1.5486e-12	2.31393e-13	0	
0	0.0483671	0.0307586	-0.0677806	-0.274471	-0.586773	-0.941126	-1.29582	-1.62139	-1.90237	-2.1367	-2.29729	-2.37492	-2.34914	-2.21626	-2.00253	-1.73445	-1.46164	-1.22317	-1.03941	-0.901741	-0.802557	-0.72768	-0.668271	-0.620133	-0.58096	-0.549006	-0.524913	-0.508568	-0.499017	-0.498052	-0.50378	-0.517622	-0.53888	-0.566882	-0.603158	-0.643825	-0.693181	-0.744854	-0.801529	-0.86174	-0.921114	-0.978701	-1.03862	-1.09416	-1.14549	-1.20235	-1.25503	-1.27905	-1.28005	-1.27114	-1.26835	-1.2507	-1.18515	-1.08232	-0.963358	-0.863978	-0.810442	-0.797515	-0.817612	-0.844768	-0.843491	-0.801159	-0.703321	-0.533866	-0.307136	-0.0466342	0.238547	0.527053	0.777157	0.961457	1.07876	1.12702	1.09031	0.961036	0.762376	0.541697	0.345039	0.197792	0.102577	0.0483943	0.0208826	0.00828312	0.00303401	0.00103052	0.000325791	9.61922e-05	2.66066e-05	6.91347e-06	1.69185e-06	3.90831e-07	8.54085e-08	1.76907e-08	3.4794e-09	6.50879e-10	1.15986e-10	1.97171e-11	3.20047e-12	4.86775e-13	0	
0	0.137301	0.197801	0.156938	-0.0108551	-0.293865	-0.63107	-0.980368	-1.32819	-1.67913	-1.99383	-2.22011	-2.34914	-2.37782	-2.32745	-2.18267	-1.95412	-1.69391	-1.4563	-1.2693	-1.12644	-1.03136	-0.961444	-0.911866	-0.871915	-0.841567	-0.815724	-0.797273	-0.783956	-0.776097	-0.776034	-0.779148	-0.791433	-0.807006	-0.828995	-0.857766	-0.888504	-0.926107	-0.968104	-1.00864	-1.05607	-1.10258	-1.14256	-1.18396	-1.21763	-1.23507	-1.24365	-1.26452	-1.27075	-1.24322	-1.18843	-1.1264	-1.06921	-0.991479	-0.881953	-0.751927	-0.637806	-0.57926	-0.578721	-0.627885	-0.703197	-0.759556	-0.772828	-0.729531	-0.608041	-0.412378	-0.169255	0.107312	0.402046	0.675482	0.890247	1.03722	1.11686	1.11583	1.01982	0.840916	0.621339	0.411195	0.24453	0.131327	0.0640497	0.0285235	0.0116586	0.00439441	0.001534	0.000497857	0.00015075	4.27221e-05	1.13642e-05	2.84479e-06	6.71763e-07	1.49963e-07	3.17119e-08	6.36404e-09	1.21411e-09	2.20536e-10	3.81978e-11	6.31441e-12	9.76997e-13	0	
0	0.190606	0.309374	0.317779	0.200947	-0.018374	-0.306048	-0.634594	-0.992909	-1.38462	-1.75187	-2.03178	-2.21626	-2.32745	-2.36169	-2.26988	-2.07519	-1.83606	-1.61573	-1.42437	-1.28952	-1.20192	-1.14278	-1.10047	-1.07459	-1.04782	-1.03307	-1.01619	-1.009	-1.00172	-1.00207	-1.00581	-1.01209	-1.02742	-1.03922	-1.06138	-1.08214	-1.10367	-1.13171	-1.15583	-1.17733	-1.20738	-1.22391	-1.23778	-1.25459	-1.25597	-1.22578	-1.18929	-1.15862	-1.10794	-1.02458	-0.928408	-0.844397	-0.762137	-0.670553	-0.56521	-0.463925	-0.411273	-0.420736	-0.48568	-0.590173	-0.688135	-0.744025	-0.74443	-0.666883	-0.504012	-0.280219	-0.0152357	0.27924	0.569352	0.81142	0.986605	1.09496	1.12694	1.06471	0.910011	0.697557	0.478646	0.294747	0.163655	0.0823836	0.0378089	0.0159029	0.00616022	0.00220736	0.000734575	0.000227852	6.60897e-05	1.79788e-05	4.59932e-06	1.10916e-06	2.52716e-07	5.45125e-08	1.11534e-08	2.1683e-09	4.01176e-10	7.07462e-11	1.1902e-11	1.87216e-12	0	
0	0.211633	0.361888	0.407716	0.349524	0.205758	-0.0196805	-0.305599	-0.65119	-1.05677	-1.44448	-1.76001	-2.00253	-2.18267	-2.26988	-2.22587	-2.08726	-1.898	-1.69401	-1.51006	-1.38965	-1.30437	-1.25056	-1.21983	-1.20044	-1.18092	-1.1743	-1.16127	-1.15712	-1.15392	-1.15077	-1.1572	-1.15746	-1.16913	-1.17699	-1.18723	-1.20272	-1.21104	-1.22175	-1.23349	-1.23034	-1.23138	-1.22754	-1.20305	-1.17724	-1.15759	-1.11127	-1.04102	-0.970113	-0.901993	-0.815236	-0.70662	-0.617031	-0.549698	-0.488195	-0.421593	-0.347751	-0.304891	-0.318293	-0.385281	-0.499563	-0.623058	-0.711181	-0.746652	-0.708599	-0.57993	-0.378047	-0.127051	0.162046	0.462212	0.727429	0.929055	1.06386	1.12587	1.09646	0.968698	0.768454	0.545556	0.347211	0.198961	0.103209	0.0487379	0.0210646	0.00837412	0.00307605	0.00104832	0.000332701	9.86554e-05	2.74163e-05	7.15994e-06	1.7616e-06	4.09256e-07	8.99668e-08	1.87501e-08	3.71137e-09	6.98854e-10	1.25378e-10	2.14502e-11	3.42766e-12	0	
0	0.206446	0.366932	0.441251	0.437829	0.366598	0.208936	-0.0328195	-0.357979	-0.740001	-1.11736	-1.45556	-1.73445	-1.95412	-2.07519	-2.08726	-2.01299	-1.85783	-1.66482	-1.4958	-1.38018	-1.2945	-1.25404	-1.23614	-1.22241	-1.22079	-1.21849	-1.21526	-1.21598	-1.21466	-1.21372	-1.21584	-1.21488	-1.21615	-1.21803	-1.21568	-1.21558	-1.21434	-1.2015	-1.1991	-1.17813	-1.15187	-1.1254	-1.08593	-1.02213	-0.968643	-0.911845	-0.831398	-0.747769	-0.67023	-0.599121	-0.511944	-0.432113	-0.382069	-0.35057	-0.323493	-0.280949	-0.246361	-0.256564	-0.316547	-0.426813	-0.56172	-0.673199	-0.737121	-0.733989	-0.63979	-0.462222	-0.22716	0.0528329	0.357113	0.640744	0.866575	1.02582	1.1149	1.11639	1.01676	0.832668	0.610273	0.400618	0.236486	0.126195	0.0612193	0.0271465	0.0110594	0.00415869	0.00144951	0.000470077	0.000142328	4.03582e-05	1.07476e-05	2.69487e-06	6.37714e-07	1.42725e-07	3.02704e-08	6.09485e-09	1.16698e-09	2.12808e-10	3.6994e-11	6.00067e-12	0	
0	0.184403	0.342109	0.437852	0.481209	0.471008	0.368768	0.167533	-0.120605	-0.46709	-0.82847	-1.16724	-1.46164	-1.69391	-1.83606	-1.898	-1.85783	-1.71976	-1.53621	-1.38192	-1.26158	-1.18428	-1.1566	-1.14609	-1.1442	-1.15896	-1.15894	-1.17036	-1.17236	-1.17436	-1.17723	-1.17151	-1.17365	-1.16109	-1.15863	-1.14319	-1.1265	-1.11217	-1.08048	-1.05357	-1.02309	-0.974937	-0.929979	-0.883925	-0.818688	-0.742973	-0.682866	-0.610368	-0.536091	-0.470352	-0.417749	-0.358477	-0.300591	-0.271085	-0.26105	-0.260232	-0.245312	-0.219881	-0.222662	-0.269717	-0.36799	-0.504107	-0.631296	-0.718065	-0.745182	-0.684427	-0.532901	-0.315306	-0.0469324	0.256557	0.553743	0.801079	0.982847	1.09627	1.12616	1.05459	0.889383	0.671421	0.453694	0.275365	0.150892	0.0750715	0.0340993	0.0142145	0.00546385	0.00194499	0.000643689	0.000198745	5.74323e-05	1.55775e-05	3.97611e-06	9.57344e-07	2.17907e-07	4.69828e-08	9.61321e-09	1.86983e-09	3.46271e-10	6.11086e-11	1.00532e-11	0	
0	0.155501	0.30252	0.413238	0.493893	0.531155	0.475013	0.309332	0.0509255	-0.258951	-0.590159	-0.924392	-1.22317	-1.4563	-1.61573	-1.69401	-1.66482	-1.53621	-1.36904	-1.21536	-1.0819	-1.00994	-0.978305	-0.968114	-0.975902	-0.992667	-0.998169	-1.01628	-1.01854	-1.0238	-1.02757	-1.01793	-1.02005	-1.00186	-0.992906	-0.973437	-0.948756	-0.921921	-0.89194	-0.844083	-0.808733	-0.75575	-0.698896	-0.646954	-0.596693	-0.533105	-0.479337	-0.422368	-0.364847	-0.316894	-0.288533	-0.261197	-0.221161	-0.201672	-0.206609	-0.222909	-0.226672	-0.209654	-0.206048	-0.23885	-0.320798	-0.450848	-0.587438	-0.692272	-0.744968	-0.715427	-0.590721	-0.391709	-0.136514	0.162432	0.468586	0.734383	0.936744	1.072	1.12758	1.08303	0.938283	0.727957	0.505269	0.314697	0.176753	0.0900299	0.0418201	0.0178097	0.0069873	0.00253663	0.000855504	0.000269006	7.91191e-05	2.18298e-05	5.66531e-06	1.38629e-06	3.20553e-07	7.01856e-08	1.45784e-08	2.87763e-09	5.40646e-10	9.67672e-11	1.61314e-11	0	
0	0.124892	0.257357	0.379431	0.490539	0.563272	0.539915	0.401035	0.174399	-0.0990978	-0.41244	-0.743092	-1.03941	-1.2693	-1.42437	-1.51006	-1.4958	-1.38192	-1.21536	-1.03717	-0.891889	-0.804545	-0.758987	-0.742829	-0.753702	-0.762236	-0.779183	-0.791655	-0.799818	-0.806259	-0.806259	-0.803372	-0.794643	-0.78382	-0.765216	-0.745613	-0.721291	-0.688797	-0.661738	-0.621328	-0.584083	-0.542499	-0.497311	-0.447847	-0.40279	-0.353878	-0.321356	-0.289991	-0.251788	-0.220169	-0.204562	-0.198673	-0.179775	-0.166982	-0.174521	-0.198949	-0.216773	-0.207117	-0.198322	-0.218819	-0.284106	-0.403261	-0.543631	-0.662288	-0.736219	-0.734844	-0.636709	-0.456908	-0.215727	0.0760254	0.387115	0.668188	0.889122	1.04395	1.12245	1.10322	0.979476	0.779179	0.554338	0.353589	0.203177	0.105762	0.0501553	0.0217856	0.00871033	0.00322005	0.00110513	0.000353407	0.000105652	2.96152e-05	7.80482e-06	1.93861e-06	4.54858e-07	1.01022e-07	2.12781e-08	4.25783e-09	8.10739e-10	1.47025e-10	2.48123e-11	0	
0	0.0958056	0.213797	0.344726	0.478112	0.575479	0.577982	0.463128	0.262344	0.0156158	-0.281162	-0.607222	-0.901741	-1.12644	-1.28952	-1.38965	-1.38018	-1.26158	-1.0819	-0.891889	-0.727773	-0.621083	-0.56086	-0.538404	-0.538877	-0.547044	-0.560021	-0.571421	-0.578843	-0.584756	-0.584388	-0.581752	-0.57417	-0.562686	-0.547664	-0.528369	-0.506155	-0.479472	-0.453136	-0.419185	-0.391924	-0.358991	-0.327183	-0.301157	-0.276808	-0.239689	-0.213544	-0.201058	-0.183071	-0.163676	-0.158522	-0.166748	-0.158916	-0.149551	-0.156764	-0.182012	-0.209191	-0.208085	-0.195986	-0.205775	-0.255926	-0.362208	-0.501895	-0.6304	-0.721543	-0.74488	-0.672174	-0.511681	-0.284781	-0.00189814	0.310812	0.604029	0.84143	1.01371	1.11248	1.11642	1.01339	0.824705	0.600091	0.39121	0.229536	0.121884	0.0589073	0.0260545	0.0105991	0.00398398	0.00138937	0.000451215	0.000136923	3.89411e-05	1.04082e-05	2.62098e-06	6.23254e-07	1.40245e-07	2.99203e-08	6.06279e-09	1.16873e-09	2.14516e-10	3.66132e-11	0	
0	0.0709418	0.174887	0.311411	0.461863	0.576895	0.59732	0.504064	0.330564	0.104266	-0.185447	-0.508371	-0.802557	-1.03136	-1.20192	-1.30437	-1.2945	-1.18428	-1.00994	-0.804545	-0.621083	-0.496001	-0.417764	-0.378139	-0.37027	-0.367726	-0.376691	-0.382583	-0.388776	-0.392131	-0.392483	-0.390571	-0.384118	-0.377842	-0.364474	-0.353318	-0.337482	-0.317467	-0.303813	-0.278267	-0.258921	-0.240382	-0.216442	-0.194072	-0.187611	-0.170833	-0.155637	-0.152611	-0.146137	-0.137544	-0.132755	-0.145923	-0.149647	-0.143352	-0.147898	-0.169908	-0.201061	-0.208415	-0.196607	-0.198228	-0.234825	-0.327597	-0.463549	-0.598552	-0.703272	-0.747711	-0.698584	-0.556956	-0.344153	-0.0710033	0.240785	0.543247	0.794962	0.982711	1.09923	1.12398	1.04069	0.864427	0.641918	0.426818	0.25521	0.137983	0.0678446	0.0305038	0.0126055	0.00481006	0.00170195	0.000560523	0.000172412	4.96831e-05	1.34501e-05	3.42944e-06	8.25471e-07	1.87968e-07	4.05711e-08	8.31529e-09	1.62099e-09	3.0081e-10	5.18715e-11	0	
0	0.0500013	0.141663	0.282554	0.444402	0.569879	0.607115	0.535641	0.379836	0.168413	-0.108841	-0.430576	-0.72768	-0.961444	-1.14278	-1.25056	-1.25404	-1.1566	-0.978305	-0.758987	-0.56086	-0.417764	-0.318584	-0.269135	-0.250332	-0.239981	-0.245493	-0.247145	-0.250501	-0.254556	-0.251753	-0.253872	-0.246141	-0.244485	-0.234547	-0.226533	-0.219239	-0.203932	-0.198502	-0.185147	-0.173289	-0.166311	-0.156315	-0.142678	-0.137828	-0.133309	-0.122465	-0.126891	-0.127252	-0.122579	-0.122191	-0.137601	-0.144794	-0.139108	-0.141789	-0.161395	-0.194381	-0.207972	-0.197612	-0.193938	-0.219646	-0.299341	-0.429415	-0.568149	-0.683336	-0.745375	-0.717472	-0.593756	-0.394479	-0.131276	0.177804	0.486967	0.750862	0.952164	1.08408	1.12717	1.06217	0.898456	0.679401	0.459781	0.279612	0.153638	0.0767132	0.0350016	0.0146689	0.0056734	0.00203365	0.000678209	0.000211157	6.1568e-05	1.68594e-05	4.34692e-06	1.05777e-06	2.43444e-07	5.3096e-08	1.09943e-08	2.16488e-09	4.05719e-10	7.06094e-11	0	
0	0.0334211	0.115053	0.257834	0.426487	0.560077	0.609929	0.555008	0.420781	0.225157	-0.0510067	-0.371229	-0.668271	-0.911866	-1.10047	-1.21983	-1.23614	-1.14609	-0.968114	-0.742829	-0.538404	-0.378139	-0.269135	-0.211326	-0.182487	-0.167693	-0.169917	-0.166024	-0.170016	-0.171334	-0.168429	-0.172656	-0.164492	-0.167128	-0.159064	-0.155617	-0.150531	-0.14341	-0.136252	-0.133638	-0.123365	-0.122567	-0.119266	-0.115707	-0.115584	-0.11368	-0.107689	-0.113187	-0.119873	-0.119108	-0.114149	-0.128835	-0.142874	-0.139813	-0.139037	-0.153522	-0.186812	-0.207023	-0.199409	-0.191796	-0.208715	-0.276747	-0.399983	-0.540281	-0.663278	-0.739667	-0.730341	-0.623135	-0.436483	-0.182923	0.122347	0.436095	0.71012	0.923126	1.06823	1.12721	1.07866	0.927057	0.71229	0.489581	0.302208	0.168434	0.0852495	0.0394032	0.0167193	0.00654373	0.0023726	0.000800028	0.00025176	7.4172e-05	2.05167e-05	5.34216e-06	1.31249e-06	3.04919e-07	6.71191e-08	1.40241e-08	2.78609e-09	5.26704e-10	9.2414e-11	0	
0	0.0208563	0.0938895	0.237219	0.410193	0.547995	0.608383	0.571881	0.453056	0.264609	-0.00288357	-0.318416	-0.620133	-0.871915	-1.07459	-1.20044	-1.22241	-1.1442	-0.975902	-0.753702	-0.538877	-0.37027	-0.250332	-0.182487	-0.145474	-0.128437	-0.122636	-0.119924	-0.120029	-0.120156	-0.119638	-0.119896	-0.118356	-0.117872	-0.116034	-0.11465	-0.113443	-0.110746	-0.110507	-0.107731	-0.104186	-0.10435	-0.100957	-0.0960268	-0.102919	-0.109215	-0.101872	-0.106771	-0.113369	-0.116169	-0.11317	-0.125153	-0.140085	-0.138366	-0.137257	-0.149075	-0.180506	-0.204678	-0.200622	-0.191175	-0.201263	-0.259061	-0.375252	-0.515656	-0.644317	-0.732122	-0.738592	-0.646127	-0.470908	-0.226287	0.0746635	0.391329	0.673575	0.896494	1.05271	1.12517	1.09101	0.950595	0.74047	0.515814	0.322528	0.181982	0.0931927	0.043559	0.0186814	0.00738709	0.00270497	0.000920834	0.000292462	8.69385e-05	2.42585e-05	6.37033e-06	1.57814e-06	3.69623e-07	8.2012e-08	1.72702e-08	3.45743e-09	6.58564e-10	1.16366e-10	0	
0	0.011274	0.077946	0.221103	0.395273	0.535595	0.605501	0.5829	0.477845	0.29949	0.0352595	-0.278313	-0.58096	-0.841567	-1.04782	-1.18092	-1.22079	-1.15896	-0.992667	-0.762236	-0.547044	-0.367726	-0.239981	-0.167693	-0.128437	-0.105297	-0.10337	-0.0952601	-0.0977304	-0.0974477	-0.0946299	-0.0995474	-0.0927436	-0.0980715	-0.0931385	-0.093044	-0.0937699	-0.0907552	-0.0896253	-0.0954132	-0.0893753	-0.0953444	-0.10014	-0.0968552	-0.0943001	-0.101209	-0.0982994	-0.103902	-0.112232	-0.115458	-0.111374	-0.120993	-0.138137	-0.13909	-0.136385	-0.144664	-0.174852	-0.202571	-0.201602	-0.19111	-0.196211	-0.245602	-0.355136	-0.494708	-0.627343	-0.724002	-0.743478	-0.663701	-0.498473	-0.261778	0.0348377	0.353187	0.64192	0.873017	1.03839	1.12197	1.10001	0.969479	0.763925	0.538176	0.340173	0.193933	0.100296	0.0473222	0.0204787	0.00816794	0.00301582	0.00103492	0.000331254	9.9214e-05	2.78872e-05	7.37573e-06	1.84e-06	4.33911e-07	9.6923e-08	2.05449e-08	4.13968e-09	7.93534e-10	1.41048e-10	0	
0	0.004718	0.0663202	0.208066	0.382544	0.525131	0.601867	0.59025	0.496493	0.325228	0.0664241	-0.243953	-0.549006	-0.815724	-1.03307	-1.1743	-1.21849	-1.15894	-0.998169	-0.779183	-0.560021	-0.376691	-0.245493	-0.169917	-0.122636	-0.10337	-0.0932668	-0.0883733	-0.0877703	-0.0866048	-0.0861989	-0.0867302	-0.0863668	-0.0864554	-0.0873337	-0.0873348	-0.087105	-0.0897817	-0.0865035	-0.089742	-0.0868524	-0.0879926	-0.0883059	-0.0903209	-0.0957884	-0.103535	-0.0983868	-0.10093	-0.109982	-0.114617	-0.109892	-0.119173	-0.137264	-0.138356	-0.135464	-0.142187	-0.170407	-0.200161	-0.202182	-0.191472	-0.192919	-0.235619	-0.339372	-0.477691	-0.613008	-0.7163	-0.746062	-0.676722	-0.519833	-0.289813	0.00284551	0.322036	0.615706	0.853307	1.02597	1.11841	1.10634	0.984117	0.782705	0.556448	0.354817	0.203981	0.106338	0.0505561	0.022038	0.00885143	0.00329021	0.00113642	0.000366033	0.0001103	3.11877e-05	8.29646e-06	2.08142e-06	4.93562e-07	1.10847e-07	2.36218e-08	4.78464e-09	9.21894e-10	1.64652e-10	0	
0	8.01076e-05	0.0580183	0.198836	0.372982	0.51565	0.597417	0.59649	0.51195	0.343432	0.0870417	-0.218683	-0.524913	-0.797273	-1.01619	-1.16127	-1.21526	-1.17036	-1.01628	-0.791655	-0.571421	-0.382583	-0.247145	-0.166024	-0.119924	-0.0952601	-0.0883733	-0.0803419	-0.0817251	-0.0797535	-0.0792186	-0.0813558	-0.0783183	-0.0817273	-0.0797268	-0.0805782	-0.0821286	-0.0819979	-0.0821292	-0.0884301	-0.0851346	-0.0898981	-0.0946655	-0.0907694	-0.0902154	-0.0993146	-0.09688	-0.100669	-0.108417	-0.115202	-0.111546	-0.116119	-0.134298	-0.138838	-0.135901	-0.140199	-0.166759	-0.198091	-0.202497	-0.191926	-0.19088	-0.228556	-0.327671	-0.46471	-0.601761	-0.709775	-0.74721	-0.685921	-0.535551	-0.310775	-0.0213949	0.298121	0.595361	0.837848	1.016	1.11512	1.1106	0.994881	0.796893	0.570481	0.366204	0.211877	0.111128	0.0531413	0.0232939	0.00940582	0.00351425	0.00121982	0.000394779	0.000119517	3.39468e-05	9.07033e-06	2.28539e-06	5.44222e-07	1.22731e-07	2.62609e-08	5.3405e-09	1.03304e-09	1.8518e-10	0	
0	-0.00275046	0.0529347	0.192494	0.365614	0.509383	0.595555	0.599064	0.518861	0.357005	0.105343	-0.201193	-0.508568	-0.783956	-1.009	-1.15712	-1.21598	-1.17236	-1.01854	-0.799818	-0.578843	-0.388776	-0.250501	-0.170016	-0.120029	-0.0977304	-0.0877703	-0.0817251	-0.0810666	-0.0801181	-0.0789962	-0.0804917	-0.0790566	-0.0802853	-0.0804782	-0.0807926	-0.0810477	-0.0836012	-0.0805275	-0.0860133	-0.0828175	-0.0860484	-0.0890327	-0.0910308	-0.0912881	-0.10112	-0.0980117	-0.0994483	-0.108607	-0.113224	-0.109188	-0.116612	-0.135003	-0.138091	-0.134832	-0.138941	-0.164751	-0.19675	-0.202548	-0.192207	-0.18969	-0.223994	-0.3198	-0.4558	-0.593888	-0.704968	-0.747579	-0.691876	-0.546076	-0.324984	-0.0379827	0.281601	0.581192	0.827002	1.00889	1.11256	1.11325	1.00208	0.806579	0.580178	0.374146	0.217425	0.114517	0.0549812	0.0241927	0.00980458	0.00367617	0.00128037	0.000415742	0.000126266	3.59754e-05	9.64158e-06	2.43654e-06	5.81901e-07	1.31602e-07	2.82379e-08	5.75838e-09	1.11689e-09	2.00715e-10	0	
0	-0.00411759	0.0500881	0.188947	0.362113	0.505813	0.59284	0.601174	0.526172	0.363013	0.110639	-0.191508	-0.499017	-0.776097	-1.00172	-1.15392	-1.21466	-1.17436	-1.0238	-0.806259	-0.584756	-0.392131	-0.254556	-0.171334	-0.120156	-0.0974477	-0.0866048	-0.0797535	-0.0801181	-0.0776629	-0.0780772	-0.0787368	-0.0779797	-0.0794161	-0.0797488	-0.0802012	-0.0811727	-0.0835186	-0.0811775	-0.0872344	-0.084766	-0.0862594	-0.0898543	-0.0897932	-0.0917019	-0.0994893	-0.0966863	-0.0988516	-0.107132	-0.115081	-0.111016	-0.114361	-0.132788	-0.138465	-0.135804	-0.138523	-0.16307	-0.195639	-0.202653	-0.192551	-0.189134	-0.221536	-0.315539	-0.450972	-0.589573	-0.702231	-0.747618	-0.69499	-0.551727	-0.332671	-0.0470039	0.272567	0.573404	0.821011	1.00493	1.11107	1.11459	1.00594	0.811837	0.585484	0.378516	0.220493	0.116399	0.0560064	0.0246952	0.0100282	0.00376726	0.00131453	0.000427601	0.000130094	3.7129e-05	9.96718e-06	2.52289e-06	6.03477e-07	1.36694e-07	2.93752e-08	5.99927e-09	1.16532e-09	2.09707e-10	0	
0	-0.00450429	0.0497147	0.188679	0.361299	0.504854	0.593184	0.601404	0.525078	0.36469	0.114641	-0.190119	-0.498052	-0.776034	-1.00207	-1.15077	-1.21372	-1.17723	-1.02757	-0.806259	-0.584388	-0.392483	-0.251753	-0.168429	-0.119638	-0.0946299	-0.0861989	-0.0792186	-0.0789962	-0.0780772	-0.076679	-0.0788114	-0.0761347	-0.0788321	-0.0773215	-0.0784637	-0.0791564	-0.0803254	-0.0796665	-0.0856469	-0.0825069	-0.0882574	-0.0924221	-0.0907617	-0.0881308	-0.0996009	-0.0978399	-0.0996146	-0.108015	-0.113199	-0.109961	-0.115499	-0.133716	-0.138335	-0.13493	-0.137993	-0.163298	-0.195845	-0.202523	-0.192463	-0.189077	-0.221138	-0.314807	-0.4502	-0.58889	-0.70175	-0.747575	-0.69549	-0.552681	-0.333966	-0.0485113	0.271062	0.572106	0.82001	1.00427	1.11081	1.11481	1.00658	0.812714	0.58637	0.379247	0.221006	0.116714	0.0561782	0.0247794	0.0100658	0.00378255	0.00132026	0.000429594	0.000130737	3.73229e-05	1.0022e-05	2.53742e-06	6.07111e-07	1.37552e-07	2.95668e-08	6.03989e-09	1.1735e-09	2.11225e-10	0	
0	-0.00335532	0.051471	0.190474	0.363895	0.508007	0.594138	0.599853	0.522733	0.35988	0.10781	-0.196269	-0.50378	-0.779148	-1.00581	-1.1572	-1.21584	-1.17151	-1.01793	-0.803372	-0.581752	-0.390571	-0.253872	-0.172656	-0.119896	-0.0995474	-0.0867302	-0.0813558	-0.0804917	-0.0787368	-0.0788114	-0.0792791	-0.079425	-0.0797001	-0.0814516	-0.0813626	-0.0819007	-0.0855047	-0.0814004	-0.0868681	-0.0845344	-0.0843608	-0.0866019	-0.0899676	-0.0935657	-0.101019	-0.0972284	-0.0984753	-0.107768	-0.114442	-0.10985	-0.115539	-0.133806	-0.138041	-0.135597	-0.138993	-0.163796	-0.195997	-0.202559	-0.192532	-0.189492	-0.22261	-0.317564	-0.45351	-0.591857	-0.70355	-0.747492	-0.693417	-0.548967	-0.32889	-0.0425131	0.277094	0.577315	0.824018	1.00692	1.11182	1.11393	1.00402	0.809216	0.582831	0.376327	0.218953	0.115453	0.0554901	0.0244417	0.00991529	0.0037212	0.00129723	0.00042159	0.000128152	3.6543e-05	9.80163e-06	2.47894e-06	5.92486e-07	1.34098e-07	2.87948e-08	5.87624e-09	1.14057e-09	2.05107e-10	0	
0	-0.00140261	0.0556577	0.196189	0.369785	0.512479	0.596219	0.597969	0.51553	0.34958	0.0952498	-0.210824	-0.517622	-0.791433	-1.01209	-1.15746	-1.21488	-1.17365	-1.02005	-0.794643	-0.57417	-0.384118	-0.246141	-0.164492	-0.118356	-0.0927436	-0.0863668	-0.0783183	-0.0790566	-0.0779797	-0.0761347	-0.079425	-0.0750682	-0.0795047	-0.0766203	-0.0780049	-0.0795203	-0.0792549	-0.0797752	-0.0863616	-0.0827914	-0.089497	-0.094956	-0.0915188	-0.0884238	-0.0988652	-0.0968896	-0.100479	-0.108631	-0.114233	-0.111381	-0.11618	-0.133909	-0.13897	-0.135559	-0.139096	-0.165924	-0.197744	-0.202418	-0.192091	-0.190426	-0.226249	-0.323934	-0.460877	-0.598395	-0.707509	-0.747213	-0.688626	-0.540466	-0.317352	-0.0289718	0.290635	0.588959	0.832949	1.0128	1.11399	1.11185	0.998187	0.801312	0.574886	0.3698	0.214382	0.112655	0.053968	0.0236969	0.00958425	0.00358656	0.00124681	0.000404108	0.000122515	3.48466e-05	9.32332e-06	2.35223e-06	5.60859e-07	1.26643e-07	2.71314e-08	5.52426e-09	1.06986e-09	1.91994e-10	0	
0	0.00262381	0.0625588	0.203724	0.378392	0.521748	0.600254	0.592144	0.50243	0.33381	0.077066	-0.23299	-0.53888	-0.807006	-1.02742	-1.16913	-1.21615	-1.16109	-1.00186	-0.78382	-0.562686	-0.377842	-0.244485	-0.167128	-0.117872	-0.0980715	-0.0864554	-0.0817273	-0.0802853	-0.0794161	-0.0788321	-0.0797001	-0.0795047	-0.0802249	-0.0812132	-0.0821057	-0.0821932	-0.0854902	-0.083127	-0.0871847	-0.0848728	-0.0865162	-0.086895	-0.0889933	-0.0937716	-0.102775	-0.0986027	-0.100235	-0.109727	-0.114264	-0.108948	-0.118414	-0.136837	-0.138156	-0.13541	-0.141579	-0.168974	-0.199037	-0.202146	-0.191937	-0.192138	-0.232129	-0.334044	-0.472334	-0.608368	-0.713338	-0.746377	-0.680787	-0.526915	-0.299157	-0.00781121	0.311613	0.606872	0.846603	1.02167	1.11704	1.10829	0.988887	0.788939	0.562579	0.359771	0.207404	0.108407	0.0516695	0.0225774	0.0090889	0.00338594	0.00117197	0.000378258	0.000114211	3.2356e-05	8.62349e-06	2.16744e-06	5.14887e-07	1.1584e-07	2.47286e-08	5.01735e-09	9.68345e-10	1.73217e-10	0	
0	0.00803696	0.0728321	0.215866	0.390013	0.53066	0.60348	0.586958	0.487151	0.309777	0.0477569	-0.262782	-0.566882	-0.828995	-1.03922	-1.17699	-1.21803	-1.15863	-0.992906	-0.765216	-0.547664	-0.364474	-0.234547	-0.159064	-0.116034	-0.0931385	-0.0873337	-0.0797268	-0.0804782	-0.0797488	-0.0773215	-0.0814516	-0.0766203	-0.0812132	-0.0791793	-0.0793824	-0.0820555	-0.081156	-0.0810281	-0.0871198	-0.0839225	-0.0887711	-0.0941487	-0.0929186	-0.0930939	-0.100367	-0.0958556	-0.101852	-0.110534	-0.115009	-0.112725	-0.1201	-0.136086	-0.139124	-0.136621	-0.143131	-0.172809	-0.201707	-0.20185	-0.191435	-0.194768	-0.240833	-0.348205	-0.487826	-0.621509	-0.720579	-0.744421	-0.669392	-0.507911	-0.274017	0.0210663	0.3399	0.630787	0.864665	1.03317	1.12057	1.10285	0.975845	0.772009	0.545989	0.346401	0.198187	0.102844	0.0486807	0.0211315	0.00845315	0.00312997	0.00107702	0.000345639	0.000103787	2.92451e-05	7.75358e-06	1.93883e-06	4.58272e-07	1.02596e-07	2.17957e-08	4.40127e-09	8.45483e-10	1.50581e-10	0	
0	0.0163759	0.0868414	0.230328	0.404132	0.543578	0.60745	0.575446	0.463229	0.28142	0.0154222	-0.301154	-0.603158	-0.857766	-1.06138	-1.18723	-1.21568	-1.14319	-0.973437	-0.745613	-0.528369	-0.353318	-0.226533	-0.155617	-0.11465	-0.093044	-0.0873348	-0.0805782	-0.0807926	-0.0802012	-0.0784637	-0.0813626	-0.0780049	-0.0821057	-0.0793824	-0.0820563	-0.0825717	-0.0827526	-0.0846757	-0.0879342	-0.0847788	-0.0906695	-0.0920849	-0.0900442	-0.0937249	-0.102385	-0.0993584	-0.104491	-0.112673	-0.114922	-0.110098	-0.122869	-0.140293	-0.138804	-0.136246	-0.147136	-0.17846	-0.20369	-0.200883	-0.191394	-0.199032	-0.252779	-0.366609	-0.507277	-0.637451	-0.728575	-0.740566	-0.653768	-0.482931	-0.241568	0.0577535	0.375287	0.660328	0.886703	1.04681	1.124	1.095	0.958713	0.750435	0.525241	0.329919	0.186962	0.0961384	0.0451127	0.0194204	0.00770692	0.00283183	0.000967228	0.000308185	9.18979e-05	2.57199e-05	6.77402e-06	1.68297e-06	3.95287e-07	8.79477e-08	1.85702e-08	3.72754e-09	7.1186e-10	1.26088e-10	0	
0	0.0275081	0.105926	0.249586	0.419862	0.554857	0.609627	0.563392	0.435606	0.242055	-0.0293553	-0.345575	-0.643825	-0.888504	-1.08214	-1.20272	-1.21558	-1.1265	-0.948756	-0.721291	-0.506155	-0.337482	-0.219239	-0.150531	-0.113443	-0.0937699	-0.087105	-0.0821286	-0.0810477	-0.0811727	-0.0791564	-0.0819007	-0.0795203	-0.0821932	-0.0820555	-0.0825717	-0.0849125	-0.0847955	-0.0864286	-0.087822	-0.0877231	-0.0907718	-0.0909828	-0.0906887	-0.0988902	-0.103869	-0.0977777	-0.105003	-0.113065	-0.115565	-0.113717	-0.126973	-0.140413	-0.138733	-0.138468	-0.151538	-0.18399	-0.205996	-0.200051	-0.19171	-0.205245	-0.268702	-0.389599	-0.530483	-0.655622	-0.736442	-0.733829	-0.633095	-0.451351	-0.201403	0.102302	0.41746	0.694993	0.912156	1.06194	1.12661	1.08409	0.937091	0.724149	0.500524	0.310624	0.174011	0.0885012	0.0410959	0.0175147	0.00688409	0.00250617	0.000848381	0.000267988	7.92429e-05	2.19976e-05	5.74764e-06	1.41689e-06	3.30263e-07	7.29334e-08	1.52873e-08	3.04652e-09	5.77698e-10	1.0165e-10	0	
0	0.0424252	0.130215	0.27262	0.437489	0.56644	0.609223	0.544793	0.399246	0.196451	-0.07921	-0.398749	-0.693181	-0.926107	-1.10367	-1.21104	-1.21434	-1.11217	-0.921921	-0.688797	-0.479472	-0.317467	-0.203932	-0.14341	-0.110746	-0.0907552	-0.0897817	-0.0819979	-0.0836012	-0.0835186	-0.0803254	-0.0855047	-0.0792549	-0.0854902	-0.081156	-0.0827526	-0.0847955	-0.0817105	-0.0845888	-0.0877786	-0.0849572	-0.0910564	-0.0959807	-0.0966055	-0.099206	-0.101056	-0.0989023	-0.10926	-0.116297	-0.115231	-0.114396	-0.131302	-0.142646	-0.138663	-0.140005	-0.157674	-0.19121	-0.20766	-0.198407	-0.192982	-0.214593	-0.289371	-0.417251	-0.557055	-0.675262	-0.743048	-0.723026	-0.606431	-0.41247	-0.153106	0.154675	0.465965	0.734148	0.940331	1.07777	1.12753	1.06936	0.910566	0.693137	0.472106	0.288883	0.159667	0.0801701	0.0367739	0.0154901	0.00602022	0.00216807	0.000726298	0.000227114	6.65004e-05	1.82847e-05	4.73322e-06	1.15625e-06	2.6712e-07	5.84764e-08	1.21525e-08	2.40148e-09	4.51636e-10	7.88574e-11	0	
0	0.0617557	0.160775	0.299971	0.455858	0.57546	0.603566	0.520956	0.357425	0.140638	-0.140628	-0.457434	-0.744854	-0.968104	-1.13171	-1.22175	-1.2015	-1.08048	-0.89194	-0.661738	-0.453136	-0.303813	-0.198502	-0.136252	-0.110507	-0.0896253	-0.0865035	-0.0821292	-0.0805275	-0.0811775	-0.0796665	-0.0814004	-0.0797752	-0.083127	-0.0810281	-0.0846757	-0.0864286	-0.0845888	-0.0935799	-0.0891884	-0.0924355	-0.0977189	-0.0945086	-0.0888941	-0.100335	-0.103771	-0.102928	-0.112398	-0.115729	-0.116665	-0.117917	-0.134839	-0.143702	-0.13936	-0.14365	-0.165434	-0.197959	-0.208146	-0.196981	-0.196176	-0.227899	-0.315419	-0.449583	-0.586431	-0.695323	-0.746973	-0.706796	-0.572753	-0.365549	-0.0963023	0.214696	0.520178	0.777014	0.970392	1.09334	1.12575	1.04998	0.87875	0.657468	0.44035	0.26514	0.144306	0.0714016	0.0322963	0.0134229	0.00515016	0.00183192	0.000606398	0.00018744	5.42708e-05	1.476e-05	3.78035e-06	9.13924e-07	2.09e-07	4.52994e-08	9.32242e-09	1.82462e-09	3.39929e-10	5.88323e-11	0	
0	0.0855201	0.198033	0.331922	0.473356	0.580016	0.593215	0.490264	0.304294	0.0743603	-0.20844	-0.522659	-0.801529	-1.00864	-1.15583	-1.23349	-1.1991	-1.05357	-0.844083	-0.621328	-0.419185	-0.278267	-0.185147	-0.133638	-0.107731	-0.0954132	-0.089742	-0.0884301	-0.0860133	-0.0872344	-0.0856469	-0.0868681	-0.0863616	-0.0871847	-0.0871198	-0.0879342	-0.087822	-0.0877786	-0.0891884	-0.0868694	-0.0902488	-0.0912283	-0.0914694	-0.0995893	-0.10921	-0.10361	-0.103883	-0.113007	-0.118507	-0.115941	-0.121079	-0.14281	-0.144461	-0.138648	-0.148724	-0.174792	-0.204527	-0.207818	-0.195921	-0.20194	-0.246447	-0.347605	-0.486297	-0.617689	-0.714421	-0.746523	-0.683653	-0.531001	-0.309856	-0.0307264	0.281984	0.57928	0.822661	1.00135	1.10752	1.12009	1.02512	0.84133	0.617337	0.405727	0.239905	0.128332	0.0624598	0.0278107	0.0113859	0.00430589	0.00151045	0.000493317	0.000150517	4.30338e-05	1.15612e-05	2.92586e-06	6.99136e-07	1.58067e-07	3.38788e-08	6.89607e-09	1.33527e-09	2.4615e-10	4.2183e-11	0	
0	0.113426	0.240671	0.368301	0.491646	0.577621	0.5703	0.451498	0.247507	-0.00166674	-0.289495	-0.594199	-0.86174	-1.05607	-1.17733	-1.23034	-1.17813	-1.02309	-0.808733	-0.584083	-0.391924	-0.258921	-0.173289	-0.123365	-0.104186	-0.0893753	-0.0868524	-0.0851346	-0.0828175	-0.084766	-0.0825069	-0.0845344	-0.0827914	-0.0848728	-0.0839225	-0.0847788	-0.0877231	-0.0849572	-0.0924355	-0.0902488	-0.0955926	-0.0986493	-0.101273	-0.101361	-0.103727	-0.100064	-0.106965	-0.119393	-0.119641	-0.118396	-0.129516	-0.14427	-0.141983	-0.142438	-0.156624	-0.18486	-0.210149	-0.205975	-0.195835	-0.212071	-0.271749	-0.386155	-0.526627	-0.649601	-0.730821	-0.73973	-0.652041	-0.480131	-0.244716	0.0437037	0.355892	0.642234	0.870007	1.03205	1.11899	1.10931	0.993941	0.798126	0.573089	0.368824	0.213744	0.112167	0.0536038	0.0234549	0.00944362	0.00351462	0.00121402	0.000390641	0.000117484	3.31233e-05	8.77853e-06	2.19241e-06	5.1715e-07	1.15454e-07	2.44412e-08	4.91507e-09	9.40431e-10	1.71354e-10	2.90464e-11	0	
