0	0	0	0	0	0	0	0	0	0	0	0	0	0	0	0	0	0	0	0	0	0	0	0	0	0	0	0	0	0	0	0	0	0	0	0	0	0	0	0	0	0	0	0	0	0	0	0	0	0	0	0	0	0	0	0	0	0	0	0	0	0	0	0	0	0	0	0	0	0	0	0	0	0	0	0	0	0	0	0	0	0	0	0	0	0	0	0	0	0	0	0	0	0	0	0	0	0	0	0	
0	-0.00457705	-0.00588988	-0.005592	-0.00463465	-0.00727968	-0.0106293	-0.0128078	-0.0104406	-0.00425534	0.000233344	0.00223228	0.00211778	0.00627701	0.0113676	0.015289	0.0146593	0.0135473	0.0100539	0.00130123	-0.0124108	-0.0266197	-0.0328272	-0.030057	-0.0157973	0.00708584	0.0339178	0.060383	0.083889	0.102268	0.117498	0.128041	0.132037	0.125663	0.108858	0.0856765	0.0578207	0.0270164	-0.00146827	-0.030871	-0.0644092	-0.103561	-0.142266	-0.178274	-0.208652	-0.228088	-0.233586	-0.230904	-0.215092	-0.191466	-0.164373	-0.135046	-0.101401	-0.0626345	-0.0188174	0.0236003	0.0623821	0.0956793	0.121958	0.139405	0.147346	0.141533	0.124698	0.101	0.0709128	0.0405046	0.0148642	-0.00703666	-0.0245714	-0.0321462	-0.0318785	-0.021519	-0.00255656	0.0183282	0.0437468	0.0743782	0.100473	0.118503	0.128661	0.12812	0.117017	0.0934466	0.0594936	0.0191385	-0.0241968	-0.0702913	-0.119495	-0.168363	-0.216258	-0.261346	-0.303729	-0.340466	-0.363257	-0.370478	-0.360094	-0.325825	-0.267764	-0.191404	-0.100414	0	
0	-0.00588988	-0.00664906	-0.00217866	0.000714305	-0.00137347	-0.0067548	-0.00972377	-0.00333086	0.00832265	0.0184277	0.0210106	0.0204885	0.0269858	0.0353166	0.0403925	0.0372028	0.0307862	0.0219009	0.000595527	-0.0290328	-0.0583342	-0.0726243	-0.0651804	-0.0354775	0.0132212	0.0713858	0.12802	0.179183	0.219469	0.250848	0.271477	0.277039	0.259412	0.220142	0.168116	0.106523	0.0408025	-0.0172579	-0.0751339	-0.138842	-0.208015	-0.277746	-0.339788	-0.390905	-0.422722	-0.432859	-0.424792	-0.396413	-0.353451	-0.302723	-0.246804	-0.186341	-0.116005	-0.0351429	0.0433076	0.113826	0.172097	0.21606	0.247316	0.263634	0.25444	0.225136	0.184488	0.134681	0.0809907	0.0370596	-0.00220489	-0.0332712	-0.0461506	-0.0470539	-0.0268123	0.00647945	0.0441574	0.0886419	0.141224	0.187562	0.217873	0.23642	0.234606	0.213006	0.171902	0.11095	0.0358205	-0.048133	-0.138958	-0.235161	-0.330659	-0.425248	-0.515015	-0.595704	-0.663124	-0.704503	-0.71408	-0.690513	-0.624136	-0.512391	-0.365965	-0.192234	0	
0	-0.005592	-0.00217866	0.00612381	0.014932	0.0133206	0.00838216	0.0062576	0.0160736	0.035125	0.0483716	0.0523358	0.0491833	0.0564171	0.0653999	0.0699728	0.0606654	0.0491857	0.030997	-0.00174681	-0.0472663	-0.091667	-0.109785	-0.0974623	-0.0481567	0.029353	0.120403	0.21067	0.290705	0.35264	0.399664	0.426501	0.427539	0.392029	0.322041	0.232385	0.131506	0.0288697	-0.0580052	-0.136783	-0.217098	-0.305521	-0.389428	-0.465528	-0.529812	-0.570087	-0.579278	-0.571819	-0.533247	-0.475557	-0.409025	-0.3367	-0.253409	-0.157409	-0.050141	0.0501115	0.137111	0.208165	0.262754	0.300432	0.321072	0.313606	0.284331	0.242225	0.185245	0.125709	0.0762455	0.031773	-0.00595726	-0.0218014	-0.0209994	0.00328216	0.0458107	0.0886466	0.139328	0.201977	0.252397	0.283844	0.300046	0.294604	0.267893	0.212627	0.131216	0.0307983	-0.0821864	-0.207901	-0.346578	-0.486295	-0.622193	-0.746548	-0.857383	-0.947306	-0.995603	-1.00012	-0.959285	-0.85843	-0.699198	-0.496873	-0.259638	0	
0	-0.00463465	0.000714305	0.014932	0.0260175	0.0262735	0.0200419	0.0177004	0.0314914	0.0543777	0.0724777	0.0756833	0.0717536	0.0796173	0.091037	0.0955529	0.0845342	0.0670231	0.0446573	0.000444076	-0.058202	-0.11364	-0.136329	-0.114028	-0.0450081	0.0621247	0.18749	0.308401	0.41418	0.492771	0.545776	0.569105	0.554949	0.491153	0.38356	0.254063	0.1155	-0.0172102	-0.120408	-0.20572	-0.28883	-0.375797	-0.462456	-0.541246	-0.61076	-0.656857	-0.675044	-0.669304	-0.631041	-0.567588	-0.489693	-0.402356	-0.307834	-0.198807	-0.0765741	0.0343306	0.12596	0.195103	0.244975	0.283341	0.311972	0.313242	0.294	0.265447	0.22571	0.179449	0.144557	0.109581	0.0780186	0.0667738	0.0659835	0.0908138	0.128182	0.161956	0.199504	0.247652	0.285235	0.30105	0.306014	0.28966	0.253654	0.193915	0.104652	-0.00900569	-0.14197	-0.294341	-0.46272	-0.632712	-0.798436	-0.948448	-1.07334	-1.16541	-1.20573	-1.1901	-1.12292	-0.993506	-0.801152	-0.564975	-0.294659	0	
0	-0.00727968	-0.00137347	0.0133206	0.0262735	0.0245429	0.0164351	0.0136658	0.0290719	0.0573759	0.0779577	0.0829378	0.0783916	0.0888323	0.103537	0.111959	0.0997827	0.0831915	0.0566268	0.00767845	-0.0602049	-0.124183	-0.145369	-0.114644	-0.0246771	0.109322	0.262052	0.40804	0.529607	0.613989	0.663063	0.670905	0.631792	0.533171	0.38463	0.216273	0.0467971	-0.103086	-0.207587	-0.28063	-0.344053	-0.416281	-0.490104	-0.564657	-0.638601	-0.694258	-0.719264	-0.726211	-0.692292	-0.629372	-0.550726	-0.462865	-0.361919	-0.246671	-0.121379	-0.0116189	0.0738975	0.13656	0.183186	0.222404	0.256756	0.271646	0.274242	0.273535	0.261534	0.245926	0.240569	0.230722	0.21502	0.210615	0.209737	0.223791	0.244597	0.251172	0.258042	0.278018	0.284011	0.272217	0.25355	0.221724	0.177823	0.10891	0.0131902	-0.105703	-0.244176	-0.40433	-0.586622	-0.771441	-0.946909	-1.09785	-1.21689	-1.29575	-1.31144	-1.26713	-1.1724	-1.01587	-0.804453	-0.560411	-0.289228	0	
0	-0.0106293	-0.0067548	0.00838216	0.0200419	0.0164351	0.0057118	0.00194448	0.0201876	0.0520739	0.0776	0.0845502	0.0830153	0.0972698	0.11909	0.132024	0.124614	0.107345	0.0812442	0.0259679	-0.050183	-0.121437	-0.145	-0.105101	0.00116997	0.157426	0.333459	0.495633	0.625792	0.706888	0.740787	0.724702	0.652423	0.515256	0.327745	0.126353	-0.0624497	-0.215835	-0.306354	-0.351659	-0.384365	-0.426683	-0.479623	-0.541587	-0.612597	-0.671337	-0.708174	-0.723793	-0.701768	-0.648981	-0.579275	-0.500416	-0.414501	-0.311628	-0.193156	-0.0894164	-0.00838594	0.0498124	0.0950898	0.138977	0.188214	0.222747	0.247984	0.275461	0.298633	0.31958	0.350388	0.370752	0.376346	0.381426	0.374963	0.373596	0.366606	0.337422	0.303555	0.282739	0.254306	0.210569	0.16522	0.110716	0.049919	-0.0270372	-0.12942	-0.251872	-0.39022	-0.548525	-0.722681	-0.893952	-1.05263	-1.18333	-1.27602	-1.32283	-1.30658	-1.23107	-1.11117	-0.943397	-0.733282	-0.503216	-0.258142	0	
0	-0.0128078	-0.00972377	0.0062576	0.0177004	0.0136658	0.00194448	-7.90207e-05	0.0216005	0.0589642	0.0894678	0.100508	0.102489	0.121959	0.149448	0.169146	0.164013	0.149208	0.120023	0.0604925	-0.0244791	-0.103568	-0.128472	-0.0830679	0.0375652	0.21155	0.403315	0.576989	0.706761	0.77839	0.791846	0.746105	0.639956	0.465974	0.243513	0.0181722	-0.182314	-0.328757	-0.39638	-0.4076	-0.401354	-0.409039	-0.434566	-0.477427	-0.537238	-0.592411	-0.628833	-0.652913	-0.642869	-0.60896	-0.565033	-0.517644	-0.459929	-0.382709	-0.286097	-0.193782	-0.117693	-0.0564907	-0.00166155	0.0592551	0.126218	0.181224	0.231198	0.286012	0.337718	0.387118	0.446549	0.491834	0.514043	0.524165	0.512895	0.495455	0.463801	0.402629	0.334295	0.280095	0.217102	0.142364	0.0680406	-0.011764	-0.0950893	-0.194566	-0.311051	-0.438963	-0.572669	-0.712252	-0.859426	-0.99629	-1.11242	-1.19653	-1.24316	-1.25024	-1.2017	-1.10376	-0.975492	-0.811297	-0.618285	-0.418829	-0.212582	0	
0	-0.0104406	-0.00333086	0.0160736	0.0314914	0.0290719	0.0201876	0.0216005	0.0482151	0.0908129	0.126197	0.140779	0.146892	0.169335	0.202948	0.226245	0.225386	0.210026	0.179159	0.113727	0.021397	-0.0645232	-0.0913708	-0.0399926	0.0921685	0.280094	0.484055	0.661193	0.787116	0.842938	0.83206	0.75684	0.617073	0.411459	0.163967	-0.079886	-0.281964	-0.416153	-0.459462	-0.434948	-0.389587	-0.361353	-0.354514	-0.371513	-0.412617	-0.454802	-0.488311	-0.515621	-0.521422	-0.512439	-0.502627	-0.496438	-0.485464	-0.448209	-0.378268	-0.303016	-0.232537	-0.168244	-0.100801	-0.0238689	0.0659698	0.147805	0.221162	0.296568	0.366642	0.434547	0.50695	0.561921	0.590364	0.600758	0.587349	0.563446	0.521626	0.445901	0.35744	0.279335	0.191994	0.0893576	-0.0179956	-0.131071	-0.243867	-0.366489	-0.50188	-0.636384	-0.760784	-0.878725	-0.985801	-1.06802	-1.12317	-1.14607	-1.13876	-1.1018	-1.02506	-0.916869	-0.792272	-0.647609	-0.487498	-0.327189	-0.165052	0	
0	-0.00425534	0.00832265	0.035125	0.0543777	0.0573759	0.0520739	0.0589642	0.0908129	0.137699	0.17729	0.195084	0.204306	0.230061	0.267319	0.295397	0.297949	0.28389	0.2508	0.181784	0.0827654	-0.00744233	-0.0361507	0.0200751	0.161546	0.359391	0.569326	0.747502	0.862522	0.902238	0.866277	0.761964	0.593951	0.363532	0.0958509	-0.155336	-0.356241	-0.474634	-0.491915	-0.43422	-0.353409	-0.287409	-0.249405	-0.238842	-0.255754	-0.281826	-0.309575	-0.341326	-0.364033	-0.384386	-0.412224	-0.447954	-0.476627	-0.47669	-0.440719	-0.385533	-0.326374	-0.26489	-0.193369	-0.100351	0.008982	0.111295	0.205962	0.298182	0.381423	0.452117	0.522251	0.573388	0.597828	0.605122	0.591669	0.571746	0.533614	0.460582	0.370062	0.279418	0.171524	0.0431284	-0.0942313	-0.238051	-0.380821	-0.527243	-0.673275	-0.807748	-0.920047	-1.00643	-1.0691	-1.09897	-1.09349	-1.05508	-0.990531	-0.91019	-0.811446	-0.699137	-0.589663	-0.476487	-0.355085	-0.237566	-0.120503	0	
0	0.000233344	0.0184277	0.0483716	0.0724777	0.0779577	0.0776	0.0894678	0.126197	0.17729	0.220721	0.242345	0.256758	0.285763	0.328605	0.362054	0.370252	0.359454	0.325663	0.254203	0.151386	0.0568167	0.026431	0.0843633	0.229535	0.430367	0.6397	0.80969	0.912846	0.933223	0.876119	0.750574	0.562474	0.31665	0.0418086	-0.215627	-0.41075	-0.515397	-0.512449	-0.426145	-0.308995	-0.208779	-0.135974	-0.096756	-0.0928735	-0.107909	-0.133851	-0.172335	-0.211492	-0.252339	-0.305005	-0.36996	-0.430762	-0.459589	-0.446171	-0.411258	-0.36871	-0.318433	-0.24895	-0.155068	-0.0394358	0.0779009	0.185407	0.285095	0.36798	0.437436	0.498781	0.539885	0.556875	0.55694	0.545783	0.530185	0.499846	0.434699	0.346032	0.250696	0.1324	-0.0128677	-0.174744	-0.341048	-0.499487	-0.6548	-0.802415	-0.924783	-1.01255	-1.06881	-1.08976	-1.06895	-1.01155	-0.923553	-0.81951	-0.710789	-0.597542	-0.490036	-0.397035	-0.310954	-0.229294	-0.153118	-0.0764432	0	
0	0.00223228	0.0210106	0.0523358	0.0756833	0.0829378	0.0845502	0.100508	0.140779	0.195084	0.242345	0.270252	0.292228	0.329279	0.381595	0.425122	0.445556	0.441649	0.411271	0.339181	0.231538	0.131944	0.0931526	0.145128	0.284649	0.47843	0.678662	0.838232	0.92645	0.933966	0.862042	0.723116	0.523813	0.271505	-0.00815248	-0.263839	-0.453668	-0.544212	-0.52061	-0.406727	-0.260393	-0.125401	-0.0249961	0.0355381	0.0563743	0.0504374	0.0227507	-0.0199903	-0.0684778	-0.122046	-0.187505	-0.263715	-0.33555	-0.38018	-0.388219	-0.371041	-0.344177	-0.309307	-0.255234	-0.170755	-0.061929	0.0484379	0.1502	0.243023	0.322552	0.385721	0.439148	0.476151	0.49045	0.488109	0.473835	0.456312	0.423462	0.35809	0.269961	0.168382	0.0453113	-0.103282	-0.268825	-0.437308	-0.59689	-0.743908	-0.87237	-0.96998	-1.02745	-1.04401	-1.02355	-0.967337	-0.87762	-0.762891	-0.637083	-0.51448	-0.401485	-0.302512	-0.226468	-0.16945	-0.119662	-0.0770584	-0.0395805	0	
0	0.00211778	0.0204885	0.0491833	0.0717536	0.0783916	0.0830153	0.102489	0.146892	0.204306	0.256758	0.292228	0.324888	0.372547	0.436023	0.493723	0.52726	0.534934	0.508275	0.436734	0.325437	0.218592	0.168952	0.209185	0.334715	0.514329	0.698686	0.842274	0.917287	0.91318	0.833631	0.689546	0.487084	0.234042	-0.0421314	-0.296539	-0.479216	-0.556581	-0.513729	-0.37539	-0.196541	-0.031313	0.094954	0.171798	0.201378	0.194431	0.164686	0.120358	0.071193	0.0210362	-0.0406768	-0.117306	-0.194606	-0.24762	-0.266469	-0.261726	-0.251391	-0.234689	-0.199578	-0.138833	-0.0589123	0.0267625	0.105925	0.177567	0.239246	0.294497	0.343874	0.380881	0.397239	0.391645	0.374345	0.347684	0.30402	0.231328	0.138137	0.0359665	-0.080843	-0.218022	-0.370267	-0.520757	-0.658773	-0.782872	-0.884248	-0.947232	-0.967009	-0.947276	-0.890144	-0.801204	-0.689499	-0.564747	-0.441167	-0.327892	-0.226874	-0.144527	-0.0836433	-0.0424768	-0.0181417	-0.00500103	-0.000181017	0	
0	0.00627701	0.0269858	0.0564171	0.0796173	0.0888323	0.0972698	0.121959	0.169335	0.230061	0.285763	0.329279	0.372547	0.430921	0.507357	0.577715	0.627854	0.645043	0.6227	0.548447	0.429482	0.31084	0.243282	0.263662	0.36955	0.529398	0.698384	0.829743	0.897851	0.891073	0.810528	0.66541	0.460028	0.205059	-0.0707428	-0.322892	-0.496014	-0.55466	-0.48635	-0.316872	-0.107584	0.0870513	0.232808	0.319001	0.353281	0.34903	0.319118	0.279247	0.235829	0.19166	0.13616	0.0664872	-0.00524754	-0.060193	-0.0865487	-0.0926507	-0.0952084	-0.0990214	-0.0933711	-0.0693711	-0.0305169	0.0139673	0.0541392	0.0926104	0.131183	0.172377	0.211083	0.244497	0.260286	0.253033	0.231265	0.196723	0.144279	0.0667699	-0.0259981	-0.12682	-0.230954	-0.345186	-0.468021	-0.583536	-0.686392	-0.770412	-0.830516	-0.85535	-0.838966	-0.785662	-0.700618	-0.595494	-0.478693	-0.357078	-0.243497	-0.143766	-0.0589827	0.00732635	0.054948	0.0790202	0.0825735	0.0699707	0.0381896	0	
0	0.0113676	0.0353166	0.0653999	0.091037	0.103537	0.11909	0.149448	0.202948	0.267319	0.328605	0.381595	0.436023	0.507357	0.593357	0.67695	0.737389	0.761768	0.735949	0.652526	0.518598	0.38161	0.289799	0.286352	0.368127	0.510485	0.665398	0.792043	0.859685	0.857172	0.781595	0.638481	0.431957	0.176967	-0.0974413	-0.343214	-0.504006	-0.542255	-0.445813	-0.247844	-0.0088344	0.213573	0.378763	0.474528	0.516427	0.513204	0.48599	0.45028	0.412566	0.375897	0.328056	0.265603	0.200132	0.150532	0.12328	0.114216	0.0994989	0.0741541	0.0471456	0.0303246	0.0221718	0.0197662	0.0196743	0.020618	0.0270798	0.0419019	0.0577002	0.0738399	0.0764745	0.0597982	0.0328761	-0.00492399	-0.0577418	-0.1292	-0.211521	-0.299124	-0.382717	-0.467611	-0.551632	-0.621138	-0.674553	-0.708758	-0.7202	-0.702158	-0.655044	-0.579284	-0.479984	-0.369704	-0.254344	-0.142101	-0.0430804	0.0412777	0.110092	0.160053	0.193161	0.200291	0.181184	0.141022	0.0750184	0	
0	0.015289	0.0403925	0.0699728	0.0955529	0.111959	0.132024	0.169146	0.226245	0.295397	0.362054	0.425122	0.493723	0.577715	0.67695	0.770959	0.84257	0.868765	0.835397	0.733544	0.576544	0.410763	0.286681	0.250326	0.305324	0.42718	0.575293	0.701522	0.78014	0.789685	0.726015	0.590705	0.387684	0.134482	-0.129696	-0.364778	-0.506311	-0.518676	-0.395369	-0.172152	0.0903091	0.332224	0.511488	0.617472	0.666622	0.670601	0.648692	0.618092	0.58354	0.549317	0.506072	0.451929	0.397696	0.353824	0.330715	0.316458	0.290257	0.244664	0.189952	0.137379	0.0873296	0.0463809	0.00719537	-0.0296339	-0.0616101	-0.0812742	-0.099053	-0.11313	-0.132294	-0.163477	-0.196514	-0.234626	-0.281413	-0.338369	-0.401239	-0.468239	-0.524612	-0.576392	-0.61948	-0.638807	-0.639103	-0.616345	-0.572817	-0.50854	-0.426722	-0.334002	-0.230096	-0.123989	-0.0230131	0.0746633	0.159211	0.227367	0.281243	0.310631	0.320204	0.30359	0.257449	0.19094	0.0996144	0	
0	0.0146593	0.0372028	0.0606654	0.0845342	0.0997827	0.124614	0.164013	0.225386	0.297949	0.370252	0.445556	0.52726	0.627854	0.737389	0.84257	0.9195	0.944061	0.895094	0.768438	0.580175	0.380842	0.22014	0.15043	0.177606	0.285346	0.427119	0.56202	0.652784	0.67849	0.630858	0.507665	0.314727	0.077955	-0.168043	-0.376617	-0.490902	-0.478362	-0.330801	-0.0914417	0.18133	0.435141	0.624486	0.734632	0.790962	0.798077	0.778708	0.74872	0.717324	0.688209	0.651063	0.606157	0.561147	0.523734	0.494075	0.46985	0.431311	0.37109	0.296012	0.220203	0.146874	0.0752091	0.00533027	-0.0670227	-0.135631	-0.193096	-0.248818	-0.293814	-0.338152	-0.383461	-0.424113	-0.462992	-0.501715	-0.541238	-0.578894	-0.618033	-0.64314	-0.657589	-0.656099	-0.629556	-0.581365	-0.506095	-0.409796	-0.300211	-0.187235	-0.0727836	0.0367766	0.132197	0.218854	0.29676	0.358604	0.406555	0.436172	0.437453	0.417367	0.368356	0.296358	0.211218	0.104516	0	
0	0.0135473	0.0307862	0.0491857	0.0670231	0.0831915	0.107345	0.149208	0.210026	0.28389	0.359454	0.441649	0.534934	0.645043	0.761768	0.868765	0.944061	0.956636	0.885215	0.725078	0.502282	0.26726	0.0732836	-0.0258073	-0.0174341	0.0805516	0.227715	0.372709	0.48205	0.52632	0.496568	0.391284	0.217871	0.00188338	-0.212082	-0.389788	-0.47573	-0.43721	-0.272594	-0.0245658	0.25502	0.514758	0.707002	0.820236	0.874269	0.877886	0.855129	0.82503	0.797827	0.776005	0.750408	0.716763	0.678192	0.634227	0.596161	0.556775	0.502083	0.428485	0.343789	0.257765	0.166145	0.0767717	-0.0144563	-0.111957	-0.212257	-0.30155	-0.384802	-0.457264	-0.521379	-0.5782	-0.623263	-0.659717	-0.690281	-0.711869	-0.723895	-0.731983	-0.722101	-0.70058	-0.658081	-0.585736	-0.49484	-0.378463	-0.240426	-0.0935718	0.0485741	0.176815	0.289881	0.382119	0.448721	0.500525	0.534814	0.549531	0.550184	0.521475	0.469407	0.3972	0.306651	0.209176	0.101566	0	
0	0.0100539	0.0219009	0.030997	0.0446573	0.0566268	0.0812442	0.120023	0.179159	0.2508	0.325663	0.411271	0.508275	0.6227	0.735949	0.835397	0.895094	0.885215	0.78	0.580596	0.319888	0.0516019	-0.168632	-0.286893	-0.287988	-0.185575	-0.0274988	0.138903	0.27134	0.338827	0.334257	0.252178	0.101629	-0.0864234	-0.273419	-0.423238	-0.485862	-0.433284	-0.257015	-0.00303113	0.279008	0.542563	0.739342	0.849175	0.898064	0.895267	0.868792	0.836905	0.814265	0.800556	0.780378	0.750625	0.712927	0.667598	0.616085	0.559757	0.494675	0.415811	0.324169	0.228909	0.131841	0.0311993	-0.0716181	-0.181181	-0.293853	-0.397241	-0.497825	-0.586334	-0.663737	-0.725864	-0.772429	-0.806906	-0.828401	-0.83409	-0.824438	-0.805831	-0.766854	-0.708827	-0.622396	-0.510128	-0.380928	-0.228356	-0.0619506	0.104136	0.257422	0.392943	0.50216	0.579256	0.630076	0.658049	0.658949	0.641439	0.609353	0.550705	0.477334	0.391489	0.297822	0.201556	0.0946413	0	
0	0.00130123	0.000595527	-0.00174681	0.000444076	0.00767845	0.0259679	0.0604925	0.113727	0.181784	0.254203	0.339181	0.436734	0.548447	0.652526	0.733544	0.768438	0.725078	0.580596	0.338559	0.0417899	-0.253172	-0.489854	-0.616879	-0.615296	-0.502956	-0.324766	-0.134215	0.0252571	0.122553	0.146583	0.0939959	-0.0281229	-0.192064	-0.355942	-0.487067	-0.541861	-0.48446	-0.308559	-0.0569525	0.223553	0.48941	0.6875	0.799276	0.845612	0.840774	0.812192	0.779493	0.758148	0.741576	0.717769	0.684088	0.640642	0.58415	0.526977	0.46786	0.401139	0.322278	0.23228	0.138016	0.0366865	-0.0659001	-0.16489	-0.267834	-0.37627	-0.477626	-0.573842	-0.6633	-0.743619	-0.806152	-0.853375	-0.886934	-0.906462	-0.906509	-0.883389	-0.843311	-0.779247	-0.691615	-0.567825	-0.413872	-0.251222	-0.0773869	0.103043	0.271334	0.416917	0.539688	0.637999	0.708183	0.743635	0.750366	0.726813	0.675958	0.61405	0.533859	0.443091	0.354038	0.267619	0.178864	0.082873	0	
0	-0.0124108	-0.0290328	-0.0472663	-0.058202	-0.0602049	-0.050183	-0.0244791	0.021397	0.0827654	0.151386	0.231538	0.325437	0.429482	0.518598	0.576544	0.580175	0.502282	0.319888	0.0417899	-0.281509	-0.593009	-0.83582	-0.96364	-0.95782	-0.833952	-0.639329	-0.426011	-0.238247	-0.110423	-0.0530561	-0.0742479	-0.170742	-0.315849	-0.467808	-0.592979	-0.647129	-0.593899	-0.422872	-0.17714	0.0968601	0.357361	0.553752	0.665752	0.712689	0.712226	0.689149	0.658752	0.632508	0.604987	0.564147	0.512351	0.455983	0.397665	0.339815	0.278446	0.216113	0.148617	0.0696826	-0.0150438	-0.10468	-0.196676	-0.284942	-0.37251	-0.461408	-0.542801	-0.619266	-0.694231	-0.762539	-0.816773	-0.862447	-0.9006	-0.926502	-0.928448	-0.901373	-0.847455	-0.764886	-0.652254	-0.499195	-0.323853	-0.146253	0.0346103	0.210447	0.367316	0.499971	0.608856	0.691617	0.749722	0.779484	0.776359	0.734446	0.66263	0.577961	0.47777	0.376742	0.290794	0.217409	0.144341	0.0656165	0	
0	-0.0266197	-0.0583342	-0.091667	-0.11364	-0.124183	-0.121437	-0.103568	-0.0645232	-0.00744233	0.0568167	0.131944	0.218592	0.31084	0.38161	0.410763	0.380842	0.26726	0.0516019	-0.253172	-0.593009	-0.909452	-1.14865	-1.27231	-1.2591	-1.12674	-0.919329	-0.687182	-0.47773	-0.324105	-0.241939	-0.241729	-0.323079	-0.459932	-0.608777	-0.730815	-0.785444	-0.735506	-0.571861	-0.33623	-0.075631	0.173615	0.367054	0.481667	0.532751	0.538575	0.515904	0.477655	0.439225	0.394033	0.334712	0.270709	0.206817	0.141574	0.0794484	0.0193408	-0.0349946	-0.0884733	-0.146126	-0.208319	-0.276454	-0.348216	-0.413585	-0.475842	-0.540923	-0.59764	-0.647652	-0.698941	-0.750783	-0.795114	-0.837596	-0.880243	-0.912861	-0.921248	-0.891017	-0.823076	-0.726883	-0.600624	-0.436767	-0.255841	-0.0831322	0.0814513	0.23889	0.376248	0.490857	0.587037	0.661143	0.710884	0.730979	0.719425	0.671509	0.594479	0.507943	0.409296	0.306225	0.221411	0.15769	0.0976753	0.0390468	0	
0	-0.0328272	-0.0726243	-0.109785	-0.136329	-0.145369	-0.145	-0.128472	-0.0913708	-0.0361507	0.026431	0.0931526	0.168952	0.243282	0.289799	0.286681	0.22014	0.0732836	-0.168632	-0.489854	-0.83582	-1.14865	-1.38136	-1.4995	-1.48396	-1.34887	-1.13411	-0.889471	-0.663461	-0.490435	-0.394243	-0.38428	-0.463686	-0.605558	-0.760906	-0.88566	-0.944591	-0.897787	-0.742003	-0.515865	-0.266232	-0.0236329	0.16707	0.285325	0.336568	0.338048	0.304427	0.253151	0.197642	0.135516	0.0652271	-0.00661286	-0.0742451	-0.135901	-0.193019	-0.250074	-0.300128	-0.339835	-0.377589	-0.413877	-0.454778	-0.499231	-0.538821	-0.574681	-0.61095	-0.644789	-0.675097	-0.714683	-0.758135	-0.795865	-0.833394	-0.870798	-0.89919	-0.901233	-0.862568	-0.785398	-0.683364	-0.555677	-0.397758	-0.231788	-0.0802561	0.0600929	0.194161	0.312571	0.412882	0.493873	0.551003	0.587135	0.597006	0.577189	0.530229	0.464284	0.394674	0.317798	0.233867	0.164703	0.114312	0.065782	0.0227236	0	
0	-0.030057	-0.0651804	-0.0974623	-0.114028	-0.114644	-0.105101	-0.0830679	-0.0399926	0.0200751	0.0843633	0.145128	0.209185	0.263662	0.286352	0.250326	0.15043	-0.0258073	-0.286893	-0.616879	-0.96364	-1.27231	-1.4995	-1.61667	-1.60273	-1.46809	-1.24937	-0.996076	-0.758664	-0.578786	-0.480831	-0.476941	-0.567969	-0.723023	-0.889282	-1.0223	-1.08433	-1.04578	-0.902477	-0.6884	-0.449343	-0.215453	-0.0228876	0.0984016	0.145102	0.136722	0.0845159	0.0111096	-0.0661832	-0.141554	-0.219885	-0.291021	-0.351161	-0.401835	-0.450744	-0.501286	-0.540923	-0.567466	-0.585981	-0.604145	-0.624901	-0.644313	-0.656224	-0.662145	-0.675422	-0.693227	-0.717553	-0.757414	-0.804036	-0.845022	-0.874816	-0.899142	-0.91068	-0.896738	-0.844343	-0.757623	-0.658571	-0.543281	-0.403841	-0.257186	-0.124822	-0.00637802	0.103221	0.199604	0.280478	0.340755	0.376069	0.387979	0.380565	0.356908	0.318629	0.27777	0.244407	0.204808	0.152681	0.107065	0.0728738	0.0372958	0.00842204	0	
0	-0.0157973	-0.0354775	-0.0481567	-0.0450081	-0.0246771	0.00116997	0.0375652	0.0921685	0.161546	0.229535	0.284649	0.334715	0.36955	0.368127	0.305324	0.177606	-0.0174341	-0.287988	-0.615296	-0.95782	-1.2591	-1.48396	-1.60273	-1.59431	-1.46508	-1.24853	-0.993964	-0.759338	-0.583372	-0.49855	-0.510532	-0.61764	-0.78831	-0.969508	-1.11217	-1.18744	-1.16303	-1.0372	-0.83829	-0.610543	-0.382842	-0.194614	-0.0788788	-0.0415749	-0.0676025	-0.139504	-0.228746	-0.316747	-0.401253	-0.481617	-0.550643	-0.603881	-0.641496	-0.674613	-0.706322	-0.734351	-0.750225	-0.757269	-0.758827	-0.761843	-0.763962	-0.760127	-0.753552	-0.754305	-0.767433	-0.794423	-0.839062	-0.890935	-0.932921	-0.954663	-0.962863	-0.953834	-0.92047	-0.851266	-0.756692	-0.660174	-0.556646	-0.440902	-0.319884	-0.211104	-0.115265	-0.0252368	0.049352	0.102066	0.132736	0.14134	0.134019	0.1184	0.0960851	0.0726712	0.0561927	0.0512404	0.0488956	0.0363137	0.0256079	0.022622	0.0112519	-0.00189092	0	
0	0.00708584	0.0132212	0.029353	0.0621247	0.109322	0.157426	0.21155	0.280094	0.359391	0.430367	0.47843	0.514329	0.529398	0.510485	0.42718	0.285346	0.0805516	-0.185575	-0.502956	-0.833952	-1.12674	-1.34887	-1.46809	-1.46508	-1.34246	-1.13184	-0.888513	-0.667359	-0.513022	-0.453321	-0.489486	-0.618688	-0.807554	-1.00434	-1.16455	-1.25314	-1.24398	-1.13613	-0.951017	-0.737361	-0.526288	-0.354912	-0.253732	-0.232776	-0.271375	-0.35398	-0.44657	-0.540219	-0.624955	-0.702653	-0.766297	-0.808459	-0.829535	-0.846057	-0.868259	-0.887736	-0.892221	-0.88053	-0.865793	-0.858349	-0.852899	-0.849258	-0.847591	-0.855885	-0.875444	-0.907638	-0.951939	-0.999221	-1.03626	-1.04699	-1.04069	-1.0183	-0.969889	-0.885329	-0.781592	-0.681694	-0.588514	-0.495072	-0.399284	-0.318144	-0.250339	-0.192242	-0.144715	-0.114374	-0.111375	-0.12691	-0.150304	-0.170287	-0.182708	-0.188911	-0.182757	-0.162466	-0.137064	-0.112985	-0.0837853	-0.0502533	-0.0278798	-0.0161905	0	
0	0.0339178	0.0713858	0.120403	0.18749	0.262052	0.333459	0.403315	0.484055	0.569326	0.6397	0.678662	0.698686	0.698384	0.665398	0.575293	0.427119	0.227715	-0.0274988	-0.324766	-0.639329	-0.919329	-1.13411	-1.24937	-1.24853	-1.13184	-0.93578	-0.712876	-0.52097	-0.400136	-0.37304	-0.439916	-0.592126	-0.801175	-1.01769	-1.19628	-1.29902	-1.30384	-1.2083	-1.04018	-0.84416	-0.657923	-0.509958	-0.430284	-0.420138	-0.468627	-0.553209	-0.64519	-0.733567	-0.80962	-0.876578	-0.92728	-0.954799	-0.962519	-0.971497	-0.981391	-0.991141	-0.985563	-0.961661	-0.932761	-0.916938	-0.913393	-0.922247	-0.939535	-0.964208	-0.994362	-1.03326	-1.07389	-1.11198	-1.13985	-1.13547	-1.11359	-1.07694	-1.01719	-0.925184	-0.816609	-0.715946	-0.62947	-0.555488	-0.487419	-0.435526	-0.400884	-0.375949	-0.360018	-0.361442	-0.378886	-0.405296	-0.435783	-0.453108	-0.456387	-0.449414	-0.424499	-0.382812	-0.330953	-0.27151	-0.20513	-0.136341	-0.0788382	-0.0380672	0	
0	0.060383	0.12802	0.21067	0.308401	0.40804	0.495633	0.576989	0.661193	0.747502	0.80969	0.838232	0.842274	0.829743	0.792043	0.701522	0.56202	0.372709	0.138903	-0.134215	-0.426011	-0.687182	-0.889471	-0.996076	-0.993964	-0.888513	-0.712876	-0.522566	-0.368753	-0.285692	-0.294143	-0.389009	-0.565131	-0.793667	-1.02914	-1.22417	-1.33754	-1.34868	-1.26548	-1.11287	-0.941855	-0.782706	-0.661702	-0.599534	-0.596239	-0.645034	-0.727641	-0.811572	-0.889465	-0.954723	-1.00658	-1.04343	-1.05779	-1.0545	-1.04762	-1.04552	-1.04749	-1.03479	-1.00139	-0.967969	-0.956045	-0.962199	-0.985156	-1.01919	-1.05621	-1.09419	-1.14039	-1.18039	-1.21323	-1.22853	-1.20629	-1.16169	-1.10568	-1.03444	-0.938875	-0.841148	-0.750365	-0.678325	-0.625437	-0.576504	-0.549603	-0.545468	-0.557155	-0.575752	-0.602432	-0.639551	-0.672454	-0.697627	-0.708649	-0.702039	-0.680971	-0.641164	-0.58156	-0.504611	-0.413995	-0.320708	-0.226093	-0.138022	-0.0684104	0	
0	0.083889	0.179183	0.290705	0.41418	0.529607	0.625792	0.706761	0.787116	0.862522	0.912846	0.92645	0.917287	0.897851	0.859685	0.78014	0.652784	0.48205	0.27134	0.0252571	-0.238247	-0.47773	-0.663461	-0.758664	-0.759338	-0.667359	-0.52097	-0.368753	-0.253679	-0.209287	-0.247219	-0.367801	-0.562701	-0.805189	-1.04909	-1.25005	-1.36228	-1.3754	-1.30009	-1.17024	-1.02452	-0.892703	-0.794078	-0.742431	-0.737268	-0.783585	-0.857745	-0.931501	-1.00076	-1.05256	-1.09383	-1.12307	-1.12806	-1.11092	-1.09104	-1.07361	-1.06342	-1.04695	-1.01797	-0.991821	-0.99079	-1.00871	-1.04162	-1.08379	-1.12657	-1.16904	-1.21752	-1.25595	-1.27958	-1.28187	-1.23854	-1.16794	-1.09306	-1.01049	-0.921029	-0.839759	-0.769093	-0.721103	-0.687952	-0.658861	-0.649791	-0.667197	-0.708542	-0.757953	-0.812215	-0.861861	-0.894265	-0.913027	-0.911295	-0.891445	-0.858806	-0.802649	-0.723943	-0.631435	-0.523165	-0.414488	-0.311041	-0.203916	-0.101962	0	
0	0.102268	0.219469	0.35264	0.492771	0.613989	0.706888	0.77839	0.842938	0.902238	0.933223	0.933966	0.91318	0.891073	0.857172	0.789685	0.67849	0.52632	0.338827	0.122553	-0.110423	-0.324105	-0.490435	-0.578786	-0.583372	-0.513022	-0.400136	-0.285692	-0.209287	-0.195513	-0.256241	-0.392528	-0.593957	-0.833384	-1.0689	-1.25868	-1.36194	-1.37237	-1.30662	-1.19565	-1.07283	-0.961135	-0.876234	-0.83307	-0.826622	-0.866512	-0.93184	-0.999279	-1.05732	-1.10532	-1.14654	-1.17375	-1.172	-1.1474	-1.11157	-1.07877	-1.06332	-1.05272	-1.03441	-1.0193	-1.02583	-1.04937	-1.08772	-1.13745	-1.18513	-1.22451	-1.26738	-1.29296	-1.29937	-1.27991	-1.2163	-1.12891	-1.04035	-0.955234	-0.874324	-0.810126	-0.756672	-0.726795	-0.717693	-0.711224	-0.722545	-0.759662	-0.818337	-0.885971	-0.954873	-1.01141	-1.04192	-1.05091	-1.03829	-1.00274	-0.952203	-0.885003	-0.798889	-0.700371	-0.589382	-0.480891	-0.372112	-0.250931	-0.129676	0	
0	0.117498	0.250848	0.399664	0.545776	0.663063	0.740787	0.791846	0.83206	0.866277	0.876119	0.862042	0.833631	0.810528	0.781595	0.726015	0.630858	0.496568	0.334257	0.146583	-0.0530561	-0.241939	-0.394243	-0.480831	-0.49855	-0.453321	-0.37304	-0.294143	-0.247219	-0.256241	-0.329663	-0.466488	-0.657136	-0.873102	-1.07902	-1.24249	-1.32885	-1.33124	-1.26815	-1.16919	-1.06082	-0.959435	-0.888062	-0.850512	-0.841616	-0.875882	-0.934701	-0.996632	-1.05765	-1.11252	-1.15875	-1.18956	-1.18742	-1.15594	-1.11211	-1.07996	-1.07106	-1.07203	-1.06622	-1.05648	-1.06555	-1.09534	-1.13919	-1.19209	-1.23808	-1.27028	-1.29349	-1.29253	-1.26785	-1.21883	-1.13711	-1.03893	-0.949831	-0.868323	-0.79755	-0.746454	-0.705343	-0.691176	-0.698281	-0.716021	-0.754936	-0.811485	-0.879213	-0.94692	-1.00988	-1.05992	-1.08729	-1.09164	-1.07142	-1.02517	-0.959629	-0.880127	-0.793218	-0.705247	-0.606588	-0.505612	-0.399136	-0.272375	-0.139575	0	
0	0.128041	0.271477	0.426501	0.569105	0.670905	0.724702	0.746105	0.75684	0.761964	0.750574	0.723116	0.689546	0.66541	0.638481	0.590705	0.507665	0.391284	0.252178	0.0939959	-0.0742479	-0.241729	-0.38428	-0.476941	-0.510532	-0.489486	-0.439916	-0.389009	-0.367801	-0.392528	-0.466488	-0.588543	-0.746843	-0.91811	-1.07836	-1.2039	-1.2662	-1.25409	-1.18287	-1.0833	-0.978433	-0.88343	-0.819585	-0.786489	-0.778685	-0.807429	-0.864105	-0.9344	-1.00571	-1.06979	-1.12728	-1.16308	-1.16364	-1.13972	-1.10758	-1.08729	-1.08798	-1.09932	-1.10428	-1.10325	-1.11712	-1.14892	-1.19289	-1.24471	-1.2845	-1.29675	-1.2869	-1.25174	-1.19282	-1.11505	-1.01608	-0.911741	-0.823101	-0.748492	-0.690873	-0.647673	-0.614367	-0.610536	-0.632798	-0.672624	-0.732114	-0.803389	-0.874515	-0.936755	-0.985376	-1.01519	-1.02845	-1.02625	-1.00266	-0.95077	-0.879584	-0.800517	-0.719309	-0.645491	-0.567492	-0.480245	-0.380723	-0.260821	-0.133368	0	
0	0.132037	0.277039	0.427539	0.554949	0.631792	0.652423	0.639956	0.617073	0.593951	0.562474	0.523813	0.487084	0.460028	0.431957	0.387684	0.314727	0.217871	0.101629	-0.0281229	-0.170742	-0.323079	-0.463686	-0.567969	-0.61764	-0.618688	-0.592126	-0.565131	-0.562701	-0.593957	-0.657136	-0.746843	-0.857352	-0.974377	-1.08121	-1.16495	-1.19768	-1.16045	-1.06857	-0.955569	-0.8446	-0.748827	-0.686403	-0.655905	-0.648886	-0.678803	-0.742752	-0.825024	-0.905439	-0.980077	-1.04408	-1.08832	-1.10702	-1.10435	-1.08905	-1.08398	-1.09747	-1.12133	-1.14063	-1.14885	-1.16614	-1.2011	-1.24478	-1.28441	-1.30276	-1.286	-1.24145	-1.17187	-1.08043	-0.976665	-0.865105	-0.760453	-0.671913	-0.601069	-0.551487	-0.517731	-0.497839	-0.502225	-0.533198	-0.586975	-0.660359	-0.736553	-0.79891	-0.848586	-0.881074	-0.892772	-0.889176	-0.870611	-0.83954	-0.791156	-0.72863	-0.662622	-0.595827	-0.534429	-0.470875	-0.397664	-0.312578	-0.214416	-0.110928	0	
0	0.125663	0.259412	0.392029	0.491153	0.533171	0.515256	0.465974	0.411459	0.363532	0.31665	0.271505	0.234042	0.205059	0.176967	0.134482	0.077955	0.00188338	-0.0864234	-0.192064	-0.315849	-0.459932	-0.605558	-0.723023	-0.78831	-0.807554	-0.801175	-0.793667	-0.805189	-0.833384	-0.873102	-0.91811	-0.974377	-1.03366	-1.09102	-1.13044	-1.12963	-1.06153	-0.942165	-0.806259	-0.684426	-0.578281	-0.511997	-0.479673	-0.478612	-0.512128	-0.585167	-0.67451	-0.762733	-0.843367	-0.918802	-0.981382	-1.02297	-1.04219	-1.04819	-1.062	-1.08743	-1.1245	-1.16033	-1.18491	-1.21067	-1.24369	-1.27167	-1.28799	-1.27983	-1.23272	-1.15026	-1.04751	-0.93247	-0.811261	-0.693871	-0.589387	-0.504205	-0.439164	-0.394349	-0.368408	-0.363297	-0.384939	-0.426656	-0.483455	-0.554077	-0.61748	-0.663127	-0.697395	-0.712235	-0.705843	-0.685891	-0.653255	-0.613753	-0.571296	-0.527902	-0.484909	-0.437192	-0.385891	-0.332052	-0.271969	-0.206295	-0.141761	-0.0765921	0	
0	0.108858	0.220142	0.322041	0.38356	0.38463	0.327745	0.243513	0.163967	0.0958509	0.0418086	-0.00815248	-0.0421314	-0.0707428	-0.0974413	-0.129696	-0.168043	-0.212082	-0.273419	-0.355942	-0.467808	-0.608777	-0.760906	-0.889282	-0.969508	-1.00434	-1.01769	-1.02914	-1.04909	-1.0689	-1.07902	-1.07836	-1.08121	-1.09102	-1.0975	-1.09292	-1.05331	-0.952685	-0.804325	-0.64816	-0.507316	-0.391786	-0.316727	-0.283467	-0.287486	-0.324036	-0.395441	-0.483108	-0.572292	-0.659682	-0.752323	-0.836564	-0.905013	-0.946961	-0.972325	-0.99934	-1.04087	-1.09793	-1.15771	-1.20141	-1.23368	-1.25761	-1.26943	-1.25935	-1.21891	-1.13667	-1.02127	-0.895533	-0.76268	-0.634134	-0.514717	-0.415169	-0.332491	-0.270559	-0.235736	-0.221258	-0.234526	-0.269182	-0.316761	-0.372903	-0.429379	-0.470002	-0.489035	-0.500687	-0.501477	-0.483801	-0.451178	-0.406357	-0.359887	-0.322483	-0.297633	-0.278198	-0.249295	-0.214759	-0.178938	-0.134055	-0.0922773	-0.0645519	-0.0368518	0	
0	0.0856765	0.168116	0.232385	0.254063	0.216273	0.126353	0.0181722	-0.079886	-0.155336	-0.215627	-0.263839	-0.296539	-0.322892	-0.343214	-0.364778	-0.376617	-0.389788	-0.423238	-0.487067	-0.592979	-0.730815	-0.88566	-1.0223	-1.11217	-1.16455	-1.19628	-1.22417	-1.25005	-1.25868	-1.24249	-1.2039	-1.16495	-1.13044	-1.09292	-1.04377	-0.965138	-0.834228	-0.660073	-0.476606	-0.319062	-0.193659	-0.11415	-0.0873996	-0.0962155	-0.125704	-0.184277	-0.258864	-0.34154	-0.437532	-0.544356	-0.648158	-0.735631	-0.796308	-0.841027	-0.889694	-0.951678	-1.02875	-1.10845	-1.17062	-1.21167	-1.23332	-1.23114	-1.19571	-1.1268	-1.01872	-0.884605	-0.742252	-0.604003	-0.47378	-0.356405	-0.262876	-0.184301	-0.129397	-0.0964193	-0.0939336	-0.123701	-0.164859	-0.208778	-0.248783	-0.287689	-0.30708	-0.304364	-0.296321	-0.276777	-0.244168	-0.202488	-0.15582	-0.112147	-0.0819874	-0.068427	-0.0625756	-0.0541393	-0.041843	-0.0306143	-0.0131852	0.00985004	0.0132587	0.000401785	0	
0	0.0578207	0.106523	0.131506	0.1155	0.0467971	-0.0624497	-0.182314	-0.281964	-0.356241	-0.41075	-0.453668	-0.479216	-0.496014	-0.504006	-0.506311	-0.490902	-0.47573	-0.485862	-0.541861	-0.647129	-0.785444	-0.944591	-1.08433	-1.18744	-1.25314	-1.29902	-1.33754	-1.36228	-1.36194	-1.32885	-1.2662	-1.19768	-1.12963	-1.05331	-0.965138	-0.852228	-0.694662	-0.494135	-0.28837	-0.114326	0.0153713	0.0900909	0.112973	0.106866	0.0858843	0.0424536	-0.0168137	-0.0983276	-0.19371	-0.301928	-0.41183	-0.512327	-0.590594	-0.660202	-0.731655	-0.816259	-0.914308	-1.01154	-1.09026	-1.14139	-1.15943	-1.14419	-1.09558	-1.01456	-0.897423	-0.7554	-0.609306	-0.473549	-0.351171	-0.242322	-0.156087	-0.090485	-0.0456822	-0.0184959	-0.0187375	-0.0460295	-0.0830129	-0.11133	-0.127753	-0.140894	-0.137346	-0.116645	-0.0855563	-0.0479783	-0.00555937	0.0397781	0.077566	0.105906	0.119441	0.120424	0.122134	0.124409	0.117015	0.101329	0.0934115	0.0910965	0.0709924	0.0334953	0	
0	0.0270164	0.0408025	0.0288697	-0.0172102	-0.103086	-0.215835	-0.328757	-0.416153	-0.474634	-0.515397	-0.544212	-0.556581	-0.55466	-0.542255	-0.518676	-0.478362	-0.43721	-0.433284	-0.48446	-0.593899	-0.735506	-0.897787	-1.04578	-1.16303	-1.24398	-1.30384	-1.34868	-1.3754	-1.37237	-1.33124	-1.25409	-1.16045	-1.06153	-0.952685	-0.834228	-0.694662	-0.517008	-0.299476	-0.0775842	0.105096	0.230811	0.304725	0.32795	0.327107	0.313226	0.280453	0.225043	0.15007	0.060787	-0.0429728	-0.153193	-0.256633	-0.34853	-0.438807	-0.531628	-0.640037	-0.75721	-0.871599	-0.964457	-1.02178	-1.03564	-1.01721	-0.967796	-0.886197	-0.773947	-0.646586	-0.514269	-0.391332	-0.28337	-0.188008	-0.116928	-0.0655636	-0.0295701	-0.00378195	-0.00196629	-0.0179221	-0.0323458	-0.0356951	-0.0255777	-0.0107026	0.0173049	0.0599498	0.113475	0.168796	0.217767	0.255618	0.274232	0.281067	0.279411	0.268776	0.26177	0.258327	0.239837	0.206285	0.174191	0.147618	0.107647	0.0496769	0	
0	-0.00146827	-0.0172579	-0.0580052	-0.120408	-0.207587	-0.306354	-0.39638	-0.459462	-0.491915	-0.512449	-0.52061	-0.513729	-0.48635	-0.445813	-0.395369	-0.330801	-0.272594	-0.257015	-0.308559	-0.422872	-0.571861	-0.742003	-0.902477	-1.0372	-1.13613	-1.2083	-1.26548	-1.30009	-1.30662	-1.26815	-1.18287	-1.06857	-0.942165	-0.804325	-0.660073	-0.494135	-0.299476	-0.0715852	0.154002	0.333616	0.455582	0.529106	0.555497	0.561759	0.547869	0.516508	0.469556	0.403822	0.322364	0.226602	0.117296	0.00823522	-0.096305	-0.199357	-0.308082	-0.432687	-0.566136	-0.691487	-0.794845	-0.863387	-0.886103	-0.87041	-0.822433	-0.750333	-0.657479	-0.558139	-0.453263	-0.359619	-0.277327	-0.197308	-0.134149	-0.0948149	-0.0684383	-0.0431158	-0.0351467	-0.0343114	-0.0268026	0.00148852	0.0481033	0.0933542	0.145162	0.208283	0.282241	0.345912	0.387947	0.41392	0.418268	0.411364	0.399949	0.380661	0.364733	0.350015	0.320535	0.278314	0.225667	0.171733	0.114319	0.0480334	0	
0	-0.030871	-0.0751339	-0.136783	-0.20572	-0.28063	-0.351659	-0.4076	-0.434948	-0.43422	-0.426145	-0.406727	-0.37539	-0.316872	-0.247844	-0.172152	-0.0914417	-0.0245658	-0.00303113	-0.0569525	-0.17714	-0.33623	-0.515865	-0.6884	-0.83829	-0.951017	-1.04018	-1.11287	-1.17024	-1.19565	-1.16919	-1.0833	-0.955569	-0.806259	-0.64816	-0.476606	-0.28837	-0.0775842	0.154002	0.376775	0.552965	0.6764	0.746955	0.772317	0.77194	0.748627	0.720158	0.683273	0.630532	0.561758	0.470284	0.3587	0.247143	0.134507	0.0190248	-0.0998499	-0.230313	-0.362071	-0.484973	-0.592846	-0.671669	-0.703849	-0.693164	-0.658915	-0.604143	-0.537407	-0.474107	-0.411644	-0.358381	-0.306645	-0.24876	-0.196542	-0.167622	-0.14784	-0.125071	-0.108384	-0.0831864	-0.0475696	0.0113307	0.0910328	0.169246	0.240831	0.311793	0.38883	0.449806	0.484571	0.498494	0.495401	0.488243	0.478889	0.457738	0.430614	0.402782	0.362844	0.312939	0.250743	0.180997	0.11289	0.0463203	0	
0	-0.0644092	-0.138842	-0.217098	-0.28883	-0.344053	-0.384365	-0.401354	-0.389587	-0.353409	-0.308995	-0.260393	-0.196541	-0.107584	-0.0088344	0.0903091	0.18133	0.25502	0.279008	0.223553	0.0968601	-0.075631	-0.266232	-0.449343	-0.610543	-0.737361	-0.84416	-0.941855	-1.02452	-1.07283	-1.06082	-0.978433	-0.8446	-0.684426	-0.507316	-0.319062	-0.114326	0.105096	0.333616	0.552965	0.734581	0.863207	0.932064	0.949776	0.934161	0.898992	0.866047	0.832891	0.790386	0.731765	0.647024	0.54093	0.42621	0.301819	0.179589	0.0578192	-0.067301	-0.188585	-0.300848	-0.396708	-0.468855	-0.499935	-0.496689	-0.473933	-0.442365	-0.410887	-0.387545	-0.364832	-0.340422	-0.317624	-0.287068	-0.261336	-0.254786	-0.24476	-0.221936	-0.188208	-0.139776	-0.0817052	-0.00170672	0.0972404	0.195026	0.281268	0.358771	0.4289	0.477729	0.502751	0.514248	0.516421	0.509571	0.500639	0.479311	0.446344	0.41504	0.371686	0.31982	0.258877	0.18806	0.121663	0.0565044	0	
0	-0.103561	-0.208015	-0.305521	-0.375797	-0.416281	-0.426683	-0.409039	-0.361353	-0.287409	-0.208779	-0.125401	-0.031313	0.0870513	0.213573	0.332224	0.435141	0.514758	0.542563	0.48941	0.357361	0.173615	-0.0236329	-0.215453	-0.382842	-0.526288	-0.657923	-0.782706	-0.892703	-0.961135	-0.959435	-0.88343	-0.748827	-0.578281	-0.391786	-0.193659	0.0153713	0.230811	0.455582	0.6764	0.863207	0.997974	1.06089	1.06372	1.03365	0.987887	0.947419	0.911604	0.872912	0.817137	0.732141	0.623055	0.504232	0.379781	0.260344	0.140916	0.0241233	-0.0858736	-0.178559	-0.247676	-0.293871	-0.311278	-0.300691	-0.284733	-0.278807	-0.276671	-0.279632	-0.279341	-0.279675	-0.281147	-0.279152	-0.28513	-0.303484	-0.312969	-0.292607	-0.243059	-0.177907	-0.111733	-0.0325677	0.0670531	0.168049	0.258279	0.339138	0.402656	0.440705	0.458804	0.467216	0.473082	0.473745	0.46853	0.45037	0.420437	0.387311	0.345587	0.297603	0.241076	0.185174	0.133675	0.0681823	0	
0	-0.142266	-0.277746	-0.389428	-0.462456	-0.490104	-0.479623	-0.434566	-0.354514	-0.249405	-0.135974	-0.0249961	0.094954	0.232808	0.378763	0.511488	0.624486	0.707002	0.739342	0.6875	0.553752	0.367054	0.16707	-0.0228876	-0.194614	-0.354912	-0.509958	-0.661702	-0.794078	-0.876234	-0.888062	-0.819585	-0.686403	-0.511997	-0.316727	-0.11415	0.0900909	0.304725	0.529106	0.746955	0.932064	1.06089	1.10848	1.10151	1.06106	1.00781	0.956323	0.913804	0.870187	0.811321	0.720139	0.60798	0.484773	0.361952	0.248124	0.135766	0.0312699	-0.0566523	-0.117265	-0.148881	-0.162841	-0.160019	-0.140255	-0.123448	-0.120407	-0.124489	-0.135359	-0.153978	-0.175162	-0.198363	-0.223968	-0.253546	-0.286949	-0.30924	-0.302434	-0.257742	-0.193129	-0.131555	-0.061434	0.0280018	0.11877	0.197881	0.265199	0.312852	0.342436	0.357918	0.366132	0.378487	0.385366	0.387478	0.381686	0.358523	0.3294	0.290898	0.243163	0.196956	0.153538	0.112854	0.0635849	0	
