0	0	0	0	0	0	0	0	0	0	0	0	0	0	0	0	0	0	0	0	0	0	0	0	0	0	0	0	0	0	0	0	0	0	0	0	0	0	0	0	0	0	0	0	0	0	0	0	0	0	0	0	0	0	0	0	0	0	0	0	0	0	0	0	0	0	0	0	0	0	0	0	0	0	0	0	0	0	0	0	0	0	0	0	0	0	0	0	0	0	0	0	0	0	0	0	0	0	0	0	
0	0.000447102	0.00113572	0.00147801	9.46285e-05	0.00162417	-0.00165567	-0.00119518	-0.00165008	-0.00167583	-0.000704558	6.92646e-05	0.00359246	-0.000185103	-0.00330652	0.00208064	0.0007439	0.000838591	0.00159448	-0.000685708	4.85858e-05	-9.74385e-05	0.00286441	-0.00257891	0.000582113	0.00111358	-0.000900178	-0.00126655	0.00159006	-2.81866e-05	-0.00236087	0.00110521	-0.000128062	0.000815037	-0.00313176	0.00146913	0.000832221	0.000475968	-0.00401776	0.00212945	0.00264929	-0.00146542	-0.0027145	0.000391166	0.00234176	5.40759e-05	-0.00401779	-0.00509462	-0.00615269	-0.00313888	-0.0121973	-0.0272567	-0.0370069	-0.0453407	-0.0475358	-0.058911	-0.0620131	-0.0550941	-0.0359403	0.00155933	0.0490284	0.0910487	0.111155	0.105149	0.0810755	0.0535404	0.0235813	-0.00700954	-0.0361997	-0.0520991	-0.0470467	-0.0295931	0.00294278	0.0388731	0.0663008	0.092217	0.110415	0.10668	0.0758221	0.02957	-0.0152382	-0.0477219	-0.0596467	-0.0594545	-0.0558317	-0.0459004	-0.0387969	-0.0348818	-0.0205365	-0.0052879	-0.00331744	-0.00658825	-0.00559062	-0.0010692	0.00178207	-7.94388e-05	-0.00206084	-0.00050716	0.000995593	0	
0	0.00113572	-0.00453597	0.000444618	-0.00212164	-0.00123357	0.00120273	0.00286279	0.00127665	0.0015677	0.0036936	-0.00504734	-0.00199899	-5.45092e-05	0.000507444	0.00139829	-0.00331326	-0.00318041	-0.00106772	0.00079542	-0.00202652	-0.0011795	0.000740994	-0.00362734	-0.000135815	0.00230296	-0.00265667	-0.0027313	0.00303058	-0.00109418	-0.00310825	9.20508e-05	0.0012563	-0.00141179	-0.00375248	-0.000810275	0.00304317	-0.00317487	-0.00669902	0.000602407	0.00353141	-0.00526369	-0.00773558	-0.000811903	0.00142124	-0.00194915	-0.00852209	-0.0121688	-0.0100252	-0.00764752	-0.0227845	-0.0504273	-0.0732335	-0.084107	-0.0956467	-0.116388	-0.122597	-0.114343	-0.0727039	0.000530393	0.0932665	0.18082	0.222433	0.209726	0.165611	0.109983	0.0434597	-0.0166957	-0.0709629	-0.104048	-0.0903786	-0.0485764	0.00954182	0.0704926	0.127611	0.185317	0.221724	0.212237	0.14907	0.0562598	-0.030552	-0.0926898	-0.118702	-0.120557	-0.111337	-0.0905158	-0.0772454	-0.0692709	-0.040936	-0.0113089	-0.00691653	-0.0127159	-0.0107622	-0.00230183	0.00299485	-0.000173308	-0.00354139	-0.000988271	0.00143605	0	
0	0.00147801	0.000444618	0.00193226	0.000972213	0.000537366	-0.00187929	-0.000377223	-0.00363832	-0.00110806	8.57643e-05	-0.00125507	0.00520986	-0.000607145	-0.00460431	0.00286243	-0.000217161	0.00029974	0.00292016	-0.000648324	-0.00255154	-0.000789225	0.00488176	-0.00505102	0.000228497	0.00158233	-0.0025013	-0.00319955	0.00358551	-0.00175482	-0.00445885	0.000939246	0.000432591	-0.000584333	-0.00597775	0.00128706	0.00253101	-0.00184634	-0.00881911	0.00346895	0.00506693	-0.00539331	-0.00779234	0.000168631	0.00410628	-0.00220415	-0.0109408	-0.0160651	-0.0152767	-0.0131111	-0.036895	-0.0777648	-0.108459	-0.12893	-0.14476	-0.174148	-0.184817	-0.166292	-0.106303	0.00295064	0.141204	0.264531	0.324858	0.308249	0.242966	0.161653	0.0699066	-0.0181946	-0.0998368	-0.145615	-0.130687	-0.0761294	0.0139334	0.112137	0.195681	0.273877	0.323869	0.309404	0.219517	0.086094	-0.044434	-0.139467	-0.178147	-0.17958	-0.165349	-0.136194	-0.11558	-0.100658	-0.0605581	-0.0196607	-0.0114407	-0.017646	-0.014947	-0.00393506	0.00311611	-0.000266262	-0.00403031	-0.0014332	0.00098723	0	
0	9.46285e-05	-0.00212164	0.000972213	-0.00239795	0.0009058	0.000407266	-0.000256835	0.000642953	-0.000314791	4.29883e-05	-0.00330576	0.00115621	-0.000562638	-0.000920504	0.00201204	-0.00163438	-0.00121249	-0.00073376	-0.00113008	0.00081099	-0.000212475	0.00105763	-0.00517503	0.00109233	0.00268086	-0.00382489	-0.00238323	0.00286205	-0.00148745	-0.00455774	0.00110075	7.61677e-05	-0.00131246	-0.00589298	0.000734718	0.00226528	-0.00352157	-0.00925629	0.00296903	0.0037678	-0.00702195	-0.00988451	-5.30751e-05	0.00210291	-0.00372162	-0.0150357	-0.0198114	-0.019865	-0.019801	-0.0507749	-0.100315	-0.140585	-0.167624	-0.193223	-0.230898	-0.244603	-0.221604	-0.139733	0.00245566	0.182359	0.343702	0.421393	0.404834	0.322164	0.213609	0.0949416	-0.0225396	-0.124783	-0.178246	-0.16082	-0.0883014	0.0240192	0.144688	0.257162	0.360125	0.421965	0.403496	0.286572	0.10897	-0.0613117	-0.180629	-0.233667	-0.24042	-0.219878	-0.180449	-0.152184	-0.129576	-0.0799766	-0.0302788	-0.0167556	-0.021359	-0.0180874	-0.0059966	0.00203784	-0.000354434	-0.00351963	-0.00185422	-0.00027475	0	
0	0.00162417	-0.00123357	0.000537366	0.0009058	-0.00197504	6.0179e-05	0.00119811	-0.000457048	0.00130558	0.00194666	-0.000805729	-0.00139586	-0.00281447	-0.000569486	-0.000767151	-0.00207323	-0.00287622	0.000505674	-0.000278992	-0.00424057	-0.00230611	0.000805027	-0.0024592	-0.00146724	3.33288e-05	-0.00325938	-0.00223036	0.00184819	-0.00337522	-0.0027706	-0.00109834	0.000479589	-0.00377213	-0.00391227	-0.00159133	0.00178981	-0.00590072	-0.00789401	0.000999191	0.00136095	-0.00862739	-0.0104124	-0.00184561	4.10365e-05	-0.00773038	-0.0167781	-0.0249087	-0.0227384	-0.0300511	-0.0653634	-0.12088	-0.170775	-0.203219	-0.242582	-0.285009	-0.303295	-0.27328	-0.171819	0.00215384	0.219033	0.410871	0.508968	0.4916	0.397442	0.268842	0.122193	-0.0190553	-0.138124	-0.203338	-0.185265	-0.0957979	0.0383658	0.182339	0.31926	0.441965	0.512026	0.483144	0.342242	0.133618	-0.0717826	-0.221219	-0.29197	-0.300031	-0.27059	-0.224385	-0.188758	-0.155125	-0.09808	-0.0433979	-0.0235047	-0.0239168	-0.0199362	-0.00841952	-0.00016706	-0.000464901	-0.00235983	-0.00226109	-0.00185726	0	
0	-0.00165567	0.00120273	-0.00187929	0.000407266	6.0179e-05	-0.000361899	-0.00101662	-0.00241924	-0.00126639	-0.00341969	-0.000405242	0.00272023	0.00145048	0.000848968	-0.000636143	0.000970129	0.00189707	-0.000836751	-0.0005073	0.000155289	0.00116728	-0.000954967	-0.00215876	-0.000700442	-0.000564702	-0.00231272	-0.00194039	-0.000444397	-0.00325454	-0.00223249	-0.00189342	-0.0012631	-0.00366459	-0.00301664	-0.00188706	-0.000138926	-0.00519476	-0.00475928	0.00032395	0.000456642	-0.00692755	-0.00667134	-0.000955548	-0.000344437	-0.00743638	-0.0170018	-0.0244892	-0.0266025	-0.0412902	-0.0811182	-0.14372	-0.198243	-0.243878	-0.293829	-0.340462	-0.362515	-0.320541	-0.198993	0.004051	0.254723	0.471759	0.582808	0.570986	0.465878	0.314952	0.152393	-0.00952753	-0.142141	-0.208645	-0.191893	-0.096032	0.0516925	0.218992	0.382486	0.517336	0.588642	0.554158	0.394344	0.15225	-0.0869773	-0.258507	-0.343785	-0.356689	-0.322243	-0.269771	-0.222896	-0.176015	-0.11543	-0.0592783	-0.0316339	-0.0254366	-0.0206489	-0.011112	-0.00307598	-0.000626627	-0.00122648	-0.00266175	-0.00296742	0	
0	-0.00119518	0.00286279	-0.000377223	-0.000256835	0.00119811	-0.00101662	-0.000466246	0.00160399	-1.92946e-07	0.000485343	0.000491111	-0.00356235	-0.00341823	-0.000895735	-0.00359834	-0.00116073	-0.00110645	-0.0038418	-0.000909599	-0.000896905	-0.00185981	-0.0033364	0.000946017	-0.00195774	-0.00175414	-0.00101946	-0.000390148	-0.00271265	-0.00148007	-0.000619944	-0.00226558	-0.0019977	-0.00309984	-0.00108029	-0.00347778	-0.002405	-0.00530014	-0.00288697	-0.00377084	-0.00428548	-0.00745898	-0.00767682	-0.00493085	-0.00712665	-0.0119535	-0.0209369	-0.0273936	-0.0336359	-0.055022	-0.0969208	-0.160096	-0.219937	-0.277433	-0.33847	-0.391396	-0.414623	-0.365486	-0.226974	0.001391	0.276211	0.515078	0.643402	0.641308	0.533318	0.369005	0.188086	0.0057033	-0.135044	-0.205625	-0.190512	-0.0829031	0.0776904	0.259158	0.439537	0.584542	0.656297	0.61073	0.43202	0.166658	-0.0969088	-0.290911	-0.395266	-0.412915	-0.371575	-0.313248	-0.255268	-0.194834	-0.131954	-0.0760001	-0.0408828	-0.0270066	-0.0207463	-0.0136153	-0.00597463	-0.00100217	-0.000943166	-0.00301169	-0.00276728	0	
0	-0.00165008	0.00127665	-0.00363832	0.000642953	-0.000457048	-0.00241924	0.00160399	0.000329773	-0.00202995	0.000210975	0.00152993	-0.00368605	0.00163486	0.00148732	-0.00208901	0.0011835	-0.00172858	-0.00262864	0.0017787	-0.00267653	-0.00249976	-0.00342914	0.0028929	-0.0053838	-0.00392669	4.40862e-05	-0.00226649	-0.00547133	-0.00223492	-0.000597315	-0.00563132	-0.00348163	-0.0040811	-0.000466619	-0.0064965	-0.00472794	-0.00452909	-0.000560289	-0.00761139	-0.00568875	-0.00546975	-0.00373056	-0.00737645	-0.00760666	-0.0133577	-0.0178403	-0.027075	-0.0382915	-0.0681317	-0.112583	-0.175045	-0.243768	-0.314259	-0.387875	-0.44444	-0.466896	-0.406283	-0.25019	0.0011624	0.29547	0.547779	0.692972	0.698879	0.590216	0.419193	0.222202	0.0307225	-0.110465	-0.185526	-0.169945	-0.0579788	0.106088	0.300136	0.494113	0.644511	0.712531	0.652099	0.456609	0.176347	-0.105576	-0.321326	-0.442806	-0.463575	-0.41916	-0.357844	-0.286545	-0.210704	-0.146569	-0.0930419	-0.0517282	-0.0293125	-0.020419	-0.0155005	-0.00833181	-0.00182178	-0.0020823	-0.00320841	-0.000763149	0	
0	-0.00167583	0.0015677	-0.00110806	-0.000314791	0.00130558	-0.00126639	-1.92946e-07	-0.00202995	-0.00243518	-0.000827594	-0.00177783	-0.000750033	0.00271516	-0.000682239	-0.00371059	0.000102362	0.00211744	-0.00359709	-0.000540473	-0.000279526	0.000130318	-0.00365794	0.00150429	-0.00430452	-0.0026373	0.00175907	-0.00322286	-0.00579344	3.47744e-05	-0.000722801	-0.00573337	-0.00400933	-0.00205607	-0.000406116	-0.00722178	-0.00618522	-0.0016699	0.00015666	-0.0105636	-0.00737117	-0.00242775	-0.00333399	-0.00979558	-0.0121147	-0.0139182	-0.0188182	-0.0278252	-0.0475624	-0.083637	-0.127151	-0.190037	-0.264151	-0.350814	-0.432478	-0.493346	-0.511248	-0.441326	-0.26873	-0.00170211	0.301298	0.566762	0.722247	0.743424	0.643641	0.465644	0.264869	0.0695896	-0.0758246	-0.148588	-0.131787	-0.0228086	0.14149	0.344386	0.548402	0.696628	0.750326	0.676784	0.472389	0.179636	-0.117342	-0.347777	-0.482291	-0.509864	-0.467341	-0.401611	-0.315124	-0.225484	-0.160267	-0.10898	-0.0632808	-0.0330938	-0.0204487	-0.0164488	-0.00963847	-0.00325897	-0.00478201	-0.00315547	0.00290299	0	
0	-0.000704558	0.0036936	8.57643e-05	4.29883e-05	0.00194666	-0.00341969	0.000485343	0.000210975	-0.000827594	0.00194592	-0.000787252	-0.00302417	-0.00174881	-0.00642663	-0.000937314	-0.000728281	-0.00308845	-0.00376427	0.000202346	-0.00157659	-0.0058568	-0.00151692	0.00209148	-0.0047398	-0.00396579	0.00238525	-0.00372362	-0.00565758	0.00141594	-0.00201038	-0.00505041	-0.00479964	2.55596e-06	-0.00227917	-0.00722208	-0.00796746	0.000949797	-0.00219774	-0.0135895	-0.00897108	-0.00160627	-0.00484364	-0.015314	-0.0162166	-0.0168589	-0.0199539	-0.0311581	-0.0588891	-0.0973512	-0.140378	-0.200393	-0.283592	-0.383671	-0.473481	-0.537177	-0.550303	-0.471059	-0.286576	-0.0115065	0.296077	0.565692	0.737478	0.776923	0.688871	0.518375	0.314343	0.118197	-0.0259239	-0.0995455	-0.081778	0.0251317	0.191916	0.39796	0.594249	0.734001	0.778824	0.6873	0.468093	0.174474	-0.124236	-0.368993	-0.518573	-0.552915	-0.512323	-0.442018	-0.343175	-0.241843	-0.172328	-0.121885	-0.0752188	-0.0392765	-0.0213403	-0.0161089	-0.00980635	-0.00546926	-0.00853574	-0.00277349	0.00731719	0	
0	6.92646e-05	-0.00504734	-0.00125507	-0.00330576	-0.000805729	-0.000405242	0.000491111	0.00152993	-0.00177783	-0.000787252	0.000162782	-0.00241844	0.00143849	0.00214445	0.00144232	0.000144683	-0.00375228	0.000334815	-0.0037409	0.000403069	-0.0036067	-0.00141591	-0.00275407	-0.00587106	-0.00300636	-0.000719591	-0.0068546	-0.00614393	-0.000779836	-0.00518421	-0.00733987	-0.00593679	-0.00200171	-0.00543355	-0.0090519	-0.00920864	0.00149401	-0.00627132	-0.0141375	-0.00917506	0.000980085	-0.00586622	-0.016558	-0.0154766	-0.0153161	-0.0164241	-0.0326335	-0.0673377	-0.106691	-0.152003	-0.209771	-0.308097	-0.419309	-0.516891	-0.582862	-0.585424	-0.497332	-0.300723	-0.0207521	0.283726	0.556011	0.740503	0.795478	0.724257	0.563981	0.365031	0.178028	0.0392838	-0.0295235	-0.0114045	0.0901034	0.2522	0.446711	0.633872	0.766879	0.791531	0.67969	0.455058	0.162556	-0.138716	-0.388687	-0.544033	-0.588466	-0.555802	-0.481196	-0.371198	-0.259123	-0.182383	-0.131991	-0.0873564	-0.0475448	-0.0231687	-0.0147665	-0.00934948	-0.00829061	-0.012177	-0.0021214	0.010913	0	
0	0.00359246	-0.00199899	0.00520986	0.00115621	-0.00139586	0.00272023	-0.00356235	-0.00368605	-0.000750033	-0.00302417	-0.00241844	0.00116498	-0.0012812	-0.0015064	-0.00616221	-0.00270355	-0.0015274	0.0023109	-0.00359538	-0.000822296	-0.00296371	-0.000915238	-0.00135429	-0.00201996	-0.00143273	-0.00117336	-0.00406948	-0.00164826	-0.00112397	-0.00347487	-0.00488258	-0.00233223	-0.00212677	-0.00399664	-0.00773359	-0.00549251	0.0012217	-0.00767562	-0.0126654	-0.00809495	0.00135376	-0.0103193	-0.0181608	-0.0190016	-0.0167521	-0.0197644	-0.0419883	-0.0788508	-0.120844	-0.161501	-0.223523	-0.331382	-0.449823	-0.554081	-0.61535	-0.609854	-0.514368	-0.311338	-0.0386526	0.255029	0.528054	0.721066	0.797572	0.754657	0.610394	0.429573	0.257316	0.117954	0.0529408	0.0707945	0.163836	0.319212	0.503738	0.678703	0.790164	0.785435	0.654785	0.426266	0.141	-0.152036	-0.40197	-0.564898	-0.621584	-0.594662	-0.51516	-0.399294	-0.279173	-0.19193	-0.139291	-0.0982209	-0.0570335	-0.0263768	-0.0132941	-0.00890438	-0.0111403	-0.0143419	-0.00147397	0.0119967	0	
0	-0.000185103	-5.45092e-05	-0.000607145	-0.000562638	-0.00281447	0.00145048	-0.00341823	0.00163486	0.00271516	-0.00174881	0.00143849	-0.0012812	-0.00683114	-0.00160473	-0.000132449	0.000348153	-0.00132027	-0.00454402	-0.00390877	-0.00263223	-0.000656967	-0.00454501	-0.00284143	-0.00374684	-0.00269377	-0.00531103	-0.0032366	-0.00356526	-0.00500109	-0.00517474	-0.00521878	-0.00394965	-0.00625967	-0.0055571	-0.00918307	-0.00445864	-0.00510673	-0.00909071	-0.0136499	-0.0065905	-0.00338532	-0.0131034	-0.019106	-0.0196452	-0.0158282	-0.0228057	-0.0478635	-0.0866288	-0.127345	-0.167245	-0.236996	-0.354371	-0.47954	-0.589847	-0.644458	-0.633078	-0.529404	-0.324684	-0.0659348	0.219986	0.487861	0.69108	0.793565	0.774701	0.658546	0.50162	0.340044	0.208951	0.149129	0.164282	0.255898	0.405774	0.568948	0.712135	0.792407	0.766803	0.623292	0.388538	0.109491	-0.172968	-0.415305	-0.578179	-0.646442	-0.627795	-0.546669	-0.428508	-0.300833	-0.201245	-0.144831	-0.107268	-0.0665491	-0.0308293	-0.0127266	-0.00925984	-0.0132838	-0.0139514	-0.00121017	0.00944572	0	
0	-0.00330652	0.000507444	-0.00460431	-0.000920504	-0.000569486	0.000848968	-0.000895735	0.00148732	-0.000682239	-0.00642663	0.00214445	-0.0015064	-0.00160473	0.0041777	-0.000257777	-0.00604781	-0.00162674	-0.00123896	-0.00339178	-0.00137452	-0.00123431	-0.00579376	-0.00499822	-0.000279098	-0.00451014	-0.00715182	-0.00177284	-0.00455886	-0.00657344	-0.0058295	-0.00341058	-0.00679797	-0.00666069	-0.00793393	-0.00571553	-0.00681379	-0.00783491	-0.0108188	-0.00986233	-0.00715009	-0.00770694	-0.0140982	-0.0185908	-0.0182021	-0.01607	-0.027663	-0.0536802	-0.0942155	-0.130671	-0.175539	-0.255607	-0.377318	-0.512433	-0.618943	-0.669878	-0.65062	-0.536667	-0.341526	-0.0945623	0.177913	0.43679	0.650755	0.773858	0.783872	0.702992	0.57692	0.435306	0.316698	0.263278	0.274906	0.360095	0.49523	0.628835	0.743135	0.796755	0.739867	0.573358	0.336384	0.0689637	-0.197631	-0.424695	-0.586445	-0.667496	-0.654993	-0.573703	-0.457221	-0.323592	-0.212173	-0.15047	-0.113767	-0.0741849	-0.0361564	-0.0144106	-0.01104	-0.0139048	-0.0107031	-0.00171755	0.00331111	0	
0	0.00208064	0.00139829	0.00286243	0.00201204	-0.000767151	-0.000636143	-0.00359834	-0.00208901	-0.00371059	-0.000937314	0.00144232	-0.00616221	-0.000132449	-0.000257777	-0.00699993	-0.00304716	0.00198352	-0.00142576	-0.00266188	-0.00102315	-0.00230163	-0.00469202	-0.000194332	0.00136047	-0.00720945	-0.00492483	0.00255809	-0.00504591	-0.00699227	-0.00288717	-0.00153398	-0.0067773	-0.00679846	-0.00571771	-0.00268842	-0.00720989	-0.0103066	-0.00797836	-0.00576328	-0.00859885	-0.0116291	-0.0141567	-0.0171189	-0.018154	-0.0199898	-0.0352844	-0.0630266	-0.100136	-0.135479	-0.188438	-0.275455	-0.403067	-0.537588	-0.64113	-0.686474	-0.656154	-0.543007	-0.359835	-0.130367	0.121747	0.3736	0.596365	0.740037	0.78946	0.754193	0.660805	0.54395	0.437923	0.379539	0.390562	0.476691	0.592578	0.69814	0.779624	0.787487	0.693823	0.514806	0.278579	0.0215414	-0.225177	-0.436273	-0.596137	-0.681439	-0.672534	-0.597917	-0.485387	-0.345841	-0.225988	-0.158091	-0.117278	-0.0783956	-0.0420791	-0.0192317	-0.0141928	-0.0125848	-0.00550448	-0.00315519	-0.00485237	0	
0	0.0007439	-0.00331326	-0.000217161	-0.00163438	-0.00207323	0.000970129	-0.00116073	0.0011835	0.000102362	-0.000728281	0.000144683	-0.00270355	0.000348153	-0.00604781	-0.00304716	0.002502	-0.00286788	-0.00483738	-0.00663172	-0.00237961	-0.00261839	-0.00526117	-0.00363891	-0.00414495	-0.00832578	-0.00384214	-0.000408121	-0.0104892	-0.00751968	-0.00300211	-0.00454759	-0.0104851	-0.00887555	-0.00638712	-0.00396854	-0.0126829	-0.0139534	-0.00754176	-0.00589191	-0.0150285	-0.0167748	-0.0146095	-0.0166412	-0.0190136	-0.0252525	-0.0417955	-0.0677668	-0.099872	-0.136244	-0.200633	-0.294258	-0.425644	-0.559098	-0.659684	-0.70047	-0.663044	-0.554467	-0.385613	-0.173466	0.0627461	0.309012	0.537734	0.7033	0.791551	0.800018	0.745265	0.65695	0.563077	0.509225	0.524177	0.599468	0.695225	0.775432	0.808652	0.764031	0.643195	0.45394	0.215629	-0.0314265	-0.261024	-0.455376	-0.602515	-0.685138	-0.685931	-0.62143	-0.508736	-0.365972	-0.244451	-0.168716	-0.118052	-0.0790249	-0.0480777	-0.0266981	-0.0181363	-0.00992939	-0.000258353	-0.00514951	-0.0123357	0	
0	0.000838591	-0.00318041	0.00029974	-0.00121249	-0.00287622	0.00189707	-0.00110645	-0.00172858	0.00211744	-0.00308845	-0.00375228	-0.0015274	-0.00132027	-0.00162674	0.00198352	-0.00286788	-0.00688938	-0.00277199	-0.000564496	-0.00100388	-0.00369857	-0.0062811	-0.0027799	-0.00237044	-0.00659997	-0.00287561	-0.00390071	-0.00889878	-0.00507116	-0.00300214	-0.00684864	-0.0101506	-0.00781452	-0.00495113	-0.00520058	-0.0148693	-0.0134054	-0.00349686	-0.0070944	-0.0183231	-0.0183001	-0.0113774	-0.0150237	-0.0204211	-0.0310068	-0.0482193	-0.0710846	-0.0982676	-0.143592	-0.21616	-0.318905	-0.446853	-0.577161	-0.674237	-0.706169	-0.667313	-0.566214	-0.413194	-0.220632	-4.63997e-05	0.240277	0.47061	0.659566	0.79113	0.844184	0.832869	0.776204	0.69453	0.64843	0.665862	0.728138	0.802985	0.847151	0.82953	0.745062	0.59632	0.385455	0.143147	-0.0906722	-0.300017	-0.474727	-0.608841	-0.689488	-0.697274	-0.637477	-0.525007	-0.386532	-0.267318	-0.181343	-0.117867	-0.0774042	-0.0530309	-0.0350303	-0.0222586	-0.00750464	0.00297109	-0.00682203	-0.0163528	0	
0	0.00159448	-0.00106772	0.00292016	-0.00073376	0.000505674	-0.000836751	-0.0038418	-0.00262864	-0.00359709	-0.00376427	0.000334815	0.0023109	-0.00454402	-0.00123896	-0.00142576	-0.00483738	-0.00277199	0.00312017	-0.00262454	-0.00505616	-0.00577615	-0.000626181	-0.00284871	-0.00401981	-0.0072	-0.00222078	-0.00597926	-0.00618407	-0.00547577	-0.00461073	-0.00826265	-0.00854149	-0.00736893	-0.00506004	-0.0074117	-0.0163075	-0.00984603	-0.00314641	-0.00878082	-0.0227787	-0.015539	-0.0101637	-0.0136511	-0.0244638	-0.0371919	-0.0531656	-0.0708511	-0.0982192	-0.152408	-0.236568	-0.341079	-0.465243	-0.59213	-0.681432	-0.711673	-0.671603	-0.582923	-0.446718	-0.269643	-0.0621266	0.169308	0.402167	0.616327	0.784534	0.888253	0.923192	0.894011	0.834599	0.797294	0.805654	0.854138	0.911028	0.920587	0.856801	0.728061	0.540294	0.309202	0.072978	-0.143909	-0.340355	-0.505231	-0.62374	-0.691182	-0.701116	-0.647962	-0.538641	-0.406298	-0.290126	-0.19567	-0.12014	-0.0753867	-0.0556154	-0.0418306	-0.0260476	-0.00724148	0.00279379	-0.00715568	-0.0152932	0	
0	-0.000685708	0.00079542	-0.000648324	-0.00113008	-0.000278992	-0.0005073	-0.000909599	0.0017787	-0.000540473	0.000202346	-0.0037409	-0.00359538	-0.00390877	-0.00339178	-0.00266188	-0.00663172	-0.000564496	-0.00262454	-0.00871366	-0.0060748	-0.00016084	-0.00138048	-0.00955672	-0.00552046	-0.00177982	-0.004971	-0.00724956	-0.00575322	-0.00444274	-0.00770549	-0.00709615	-0.0088714	-0.00654921	-0.00762428	-0.0102962	-0.0160285	-0.0084238	-0.0058727	-0.0153864	-0.0248242	-0.0157551	-0.0115164	-0.017476	-0.0327615	-0.0439464	-0.0582995	-0.0684738	-0.101438	-0.164478	-0.255614	-0.358758	-0.476826	-0.59812	-0.684507	-0.712851	-0.681504	-0.608454	-0.486126	-0.325207	-0.124974	0.0995283	0.338678	0.578674	0.784928	0.934739	1.00568	1.00812	0.971143	0.941669	0.952422	0.988866	1.01646	0.986821	0.881584	0.710618	0.485219	0.241198	0.0125088	-0.199357	-0.392766	-0.542135	-0.636415	-0.693419	-0.707886	-0.655043	-0.545903	-0.422628	-0.311725	-0.21171	-0.126594	-0.0750448	-0.0554666	-0.0447801	-0.0291317	-0.0106542	-0.0008172	-0.00550001	-0.00968202	0	
0	4.85858e-05	-0.00202652	-0.00255154	0.00081099	-0.00424057	0.000155289	-0.000896905	-0.00267653	-0.000279526	-0.00157659	0.000403069	-0.000822296	-0.00263223	-0.00137452	-0.00102315	-0.00237961	-0.00100388	-0.00505616	-0.0060748	-0.00134056	-0.00135305	-0.00910629	-0.00912818	-0.00107837	-0.00328755	-0.0129549	-0.00722187	-0.00414891	-0.00826632	-0.0113632	-0.00853963	-0.00882484	-0.0092689	-0.0111532	-0.0137782	-0.0131507	-0.00904212	-0.0104697	-0.0192869	-0.0219875	-0.0133531	-0.0112559	-0.0200651	-0.0357821	-0.0462122	-0.0541636	-0.0648966	-0.105215	-0.179148	-0.274622	-0.373669	-0.488647	-0.604013	-0.689544	-0.720352	-0.700159	-0.638732	-0.528552	-0.373391	-0.180486	0.0369284	0.285812	0.54331	0.785192	0.975293	1.0805	1.1193	1.10714	1.09033	1.09725	1.11288	1.11396	1.05071	0.907451	0.696669	0.439921	0.18464	-0.0477761	-0.259862	-0.441403	-0.574274	-0.658494	-0.70996	-0.714343	-0.652583	-0.549907	-0.438263	-0.328945	-0.226712	-0.138502	-0.0789028	-0.0528208	-0.0426355	-0.0316589	-0.0177747	-0.00618272	-0.00218156	-0.00241254	0	
0	-9.74385e-05	-0.0011795	-0.000789225	-0.000212475	-0.00230611	0.00116728	-0.00185981	-0.00249976	0.000130318	-0.0058568	-0.0036067	-0.00296371	-0.000656967	-0.00123431	-0.00230163	-0.00261839	-0.00369857	-0.00577615	-0.00016084	-0.00135305	-0.00530409	-0.00664908	-0.00303904	8.88697e-05	-0.00800649	-0.0104126	-0.00115208	-0.00309022	-0.0110685	-0.00953987	-0.00481629	-0.00711883	-0.00955522	-0.0129277	-0.0106075	-0.00853017	-0.0101415	-0.0147847	-0.0188589	-0.0164526	-0.0137538	-0.0131924	-0.0261521	-0.0395974	-0.0481766	-0.0519192	-0.0668121	-0.117463	-0.197876	-0.290856	-0.38656	-0.493476	-0.606903	-0.691779	-0.730252	-0.725438	-0.673677	-0.572156	-0.420734	-0.232998	-0.0153575	0.241075	0.520883	0.793366	1.01028	1.15016	1.21932	1.23311	1.23549	1.23796	1.23259	1.20043	1.1042	0.933853	0.690653	0.408959	0.139199	-0.104764	-0.313031	-0.482455	-0.61318	-0.695477	-0.731656	-0.716731	-0.650623	-0.556732	-0.448204	-0.337701	-0.241309	-0.156063	-0.08677	-0.0489282	-0.037073	-0.0338658	-0.0261704	-0.0106827	0.00110827	0.00235016	0	
0	0.00286441	0.000740994	0.00488176	0.00105763	0.000805027	-0.000954967	-0.0033364	-0.00342914	-0.00365794	-0.00151692	-0.00141591	-0.000915238	-0.00454501	-0.00579376	-0.00469202	-0.00526117	-0.0062811	-0.000626181	-0.00138048	-0.00910629	-0.00664908	-0.00199931	-0.00504212	-0.00450223	-0.00958697	-0.00578338	-0.0021958	-0.00730247	-0.0130222	-0.00639247	-0.00504913	-0.00865828	-0.0134573	-0.0136229	-0.00815437	-0.00838345	-0.0164959	-0.0200521	-0.0159764	-0.015931	-0.0169188	-0.0211557	-0.0317537	-0.0438806	-0.0476742	-0.0504356	-0.0746295	-0.13214	-0.214663	-0.301806	-0.392386	-0.495108	-0.607058	-0.695643	-0.749439	-0.755894	-0.713924	-0.615235	-0.462937	-0.279462	-0.0571746	0.210417	0.509658	0.804965	1.04766	1.21401	1.30998	1.35302	1.36554	1.36056	1.33668	1.277	1.1576	0.96158	0.69432	0.394416	0.101232	-0.151976	-0.350977	-0.521498	-0.660013	-0.736354	-0.756061	-0.727462	-0.656587	-0.560625	-0.448864	-0.342314	-0.256169	-0.174107	-0.0968153	-0.0476617	-0.0319323	-0.0349759	-0.0318113	-0.0124082	0.0019361	0.00136757	0	
0	-0.00257891	-0.00362734	-0.00505102	-0.00517503	-0.0024592	-0.00215876	0.000946017	0.0028929	0.00150429	0.00209148	-0.00275407	-0.00135429	-0.00284143	-0.00499822	-0.000194332	-0.00363891	-0.0027799	-0.00284871	-0.00955672	-0.00912818	-0.00303904	-0.00504212	-0.0102532	-0.00746906	-0.00961352	-0.00765731	-0.00749524	-0.0126054	-0.0127504	-0.00819907	-0.0089509	-0.0147487	-0.0168907	-0.0148783	-0.00770822	-0.0147212	-0.0241814	-0.0216786	-0.0129367	-0.0172076	-0.0229444	-0.0264362	-0.0342457	-0.0416747	-0.0415892	-0.0494299	-0.0819303	-0.145355	-0.222538	-0.305409	-0.392829	-0.494862	-0.61017	-0.710694	-0.780988	-0.799518	-0.761195	-0.657018	-0.502674	-0.310797	-0.078116	0.203025	0.520305	0.825749	1.08064	1.26205	1.38129	1.45057	1.4779	1.47558	1.43203	1.3435	1.20179	0.98651	0.7062	0.391023	0.0837069	-0.173364	-0.382338	-0.564909	-0.703004	-0.776015	-0.79099	-0.751033	-0.667233	-0.560686	-0.446138	-0.346347	-0.266941	-0.187174	-0.108617	-0.0527229	-0.0305827	-0.0339872	-0.0314807	-0.0110997	-0.00137901	-0.00575481	0	
0	0.000582113	-0.000135815	0.000228497	0.00109233	-0.00146724	-0.000700442	-0.00195774	-0.0053838	-0.00430452	-0.0047398	-0.00587106	-0.00201996	-0.00374684	-0.000279098	0.00136047	-0.00414495	-0.00237044	-0.00401981	-0.00552046	-0.00107837	8.88697e-05	-0.00450223	-0.00746906	-0.00584788	-0.00417372	-0.00437922	-0.00772766	-0.0101791	-0.00696058	-0.00587361	-0.00927785	-0.0132296	-0.0130956	-0.00847134	-0.00620877	-0.0167961	-0.0235028	-0.0138428	-0.00725086	-0.0181599	-0.0257286	-0.0286428	-0.032048	-0.0375659	-0.0384704	-0.0566284	-0.0985204	-0.160731	-0.232491	-0.310361	-0.396843	-0.499882	-0.620276	-0.73537	-0.818799	-0.84262	-0.800238	-0.688794	-0.527095	-0.326836	-0.0828535	0.211626	0.535894	0.847743	1.10913	1.30275	1.44486	1.53326	1.57315	1.56688	1.50298	1.39605	1.23619	1.01121	0.731374	0.409371	0.0911607	-0.181656	-0.409627	-0.598334	-0.739008	-0.818963	-0.833188	-0.784731	-0.686003	-0.56199	-0.44338	-0.349437	-0.271274	-0.193325	-0.120685	-0.0647532	-0.0352526	-0.0309479	-0.0245708	-0.00818331	-0.00847674	-0.0159015	0	
0	0.00111358	0.00230296	0.00158233	0.00268086	3.33288e-05	-0.000564702	-0.00175414	-0.00392669	-0.0026373	-0.00396579	-0.00300636	-0.00143273	-0.00269377	-0.00451014	-0.00720945	-0.00832578	-0.00659997	-0.0072	-0.00177982	-0.00328755	-0.00800649	-0.00958697	-0.00961352	-0.00417372	-0.00260508	-0.0101149	-0.0134797	-0.00693683	-0.00584956	-0.0105356	-0.0137261	-0.0134853	-0.0117284	-0.00966643	-0.0131536	-0.0231782	-0.0233537	-0.0118191	-0.0127282	-0.0267248	-0.0348316	-0.032539	-0.0338976	-0.0358457	-0.0437529	-0.0707335	-0.114755	-0.169808	-0.232552	-0.307545	-0.394393	-0.501137	-0.633711	-0.766293	-0.861587	-0.889019	-0.839045	-0.71959	-0.547692	-0.330576	-0.0700861	0.238772	0.57027	0.880769	1.14142	1.34029	1.49056	1.59076	1.63737	1.62541	1.55265	1.4338	1.26665	1.04645	0.767855	0.443028	0.117245	-0.177327	-0.422478	-0.616974	-0.768432	-0.860474	-0.882047	-0.831351	-0.711266	-0.56613	-0.44624	-0.352906	-0.267966	-0.19204	-0.131313	-0.0818505	-0.0454639	-0.0269462	-0.0144426	-0.0062757	-0.0163063	-0.0234327	0	
0	-0.000900178	-0.00265667	-0.0025013	-0.00382489	-0.00325938	-0.00231272	-0.00101946	4.40862e-05	0.00175907	0.00238525	-0.000719591	-0.00117336	-0.00531103	-0.00715182	-0.00492483	-0.00384214	-0.00287561	-0.00222078	-0.004971	-0.0129549	-0.0104126	-0.00578338	-0.00765731	-0.00437922	-0.0101149	-0.0181362	-0.010796	-0.00331974	-0.0123808	-0.0182354	-0.0149725	-0.0122134	-0.0128105	-0.0153953	-0.0207	-0.0244254	-0.0194562	-0.0128275	-0.0194827	-0.0335573	-0.0367208	-0.0316051	-0.0286336	-0.0338005	-0.0501366	-0.0837823	-0.123762	-0.168896	-0.227364	-0.302572	-0.394706	-0.511112	-0.661662	-0.810313	-0.914136	-0.93624	-0.875586	-0.7435	-0.551729	-0.314518	-0.0324426	0.288317	0.618784	0.923028	1.17458	1.3675	1.51563	1.61657	1.66428	1.6539	1.58312	1.46432	1.29961	1.08261	0.807772	0.487345	0.156229	-0.148916	-0.405593	-0.622753	-0.797978	-0.90344	-0.933169	-0.877684	-0.740814	-0.586493	-0.460156	-0.351447	-0.257367	-0.188276	-0.139803	-0.0978941	-0.0570953	-0.0252566	-0.0081011	-0.00704726	-0.0198775	-0.0234437	0	
0	-0.00126655	-0.0027313	-0.00319955	-0.00238323	-0.00223036	-0.00194039	-0.000390148	-0.00226649	-0.00322286	-0.00372362	-0.0068546	-0.00406948	-0.0032366	-0.00177284	0.00255809	-0.000408121	-0.00390071	-0.00597926	-0.00724956	-0.00722187	-0.00115208	-0.0021958	-0.00749524	-0.00772766	-0.0134797	-0.010796	-0.00169813	-0.00637944	-0.019081	-0.015414	-0.00885332	-0.00963386	-0.0142855	-0.0191083	-0.0206856	-0.0175401	-0.0141452	-0.0153888	-0.0245107	-0.0336968	-0.0337328	-0.02533	-0.0239671	-0.0357455	-0.0624908	-0.0962328	-0.128078	-0.166013	-0.223733	-0.303549	-0.40358	-0.535208	-0.703025	-0.863502	-0.965607	-0.97698	-0.901572	-0.75016	-0.536213	-0.273676	0.0260391	0.351149	0.675151	0.965295	1.20345	1.3836	1.52263	1.61884	1.66293	1.65583	1.59051	1.47698	1.32201	1.11542	0.85413	0.548671	0.222849	-0.0927794	-0.37777	-0.626294	-0.81897	-0.935345	-0.974141	-0.922347	-0.788438	-0.627073	-0.474537	-0.344482	-0.250855	-0.187481	-0.141519	-0.104965	-0.0667355	-0.030936	-0.011495	-0.00909603	-0.0155176	-0.0157613	0	
0	0.00159006	0.00303058	0.00358551	0.00286205	0.00184819	-0.000444397	-0.00271265	-0.00547133	-0.00579344	-0.00565758	-0.00614393	-0.00164826	-0.00356526	-0.00455886	-0.00504591	-0.0104892	-0.00889878	-0.00618407	-0.00575322	-0.00414891	-0.00309022	-0.00730247	-0.0126054	-0.0101791	-0.00693683	-0.00331974	-0.00637944	-0.0158013	-0.016344	-0.00839368	-0.00730762	-0.0127027	-0.0180559	-0.021927	-0.01736	-0.0129984	-0.0171464	-0.0250779	-0.030425	-0.0355507	-0.0326961	-0.025838	-0.0284304	-0.0509318	-0.0807846	-0.107954	-0.128722	-0.162174	-0.221429	-0.306323	-0.417584	-0.565562	-0.748604	-0.912653	-1.00865	-1.00704	-0.916531	-0.745293	-0.505924	-0.220478	0.0940626	0.420902	0.737825	1.01665	1.23882	1.40104	1.51787	1.59145	1.6246	1.61734	1.56256	1.47265	1.34278	1.15876	0.918224	0.622973	0.296872	-0.0289605	-0.335844	-0.607584	-0.820087	-0.954949	-1.00952	-0.974543	-0.849177	-0.669636	-0.489044	-0.349627	-0.25581	-0.184788	-0.133232	-0.101858	-0.0736692	-0.0455383	-0.0244558	-0.00961864	-0.00462924	-0.00555787	0	
0	-2.81866e-05	-0.00109418	-0.00175482	-0.00148745	-0.00337522	-0.00325454	-0.00148007	-0.00223492	3.47744e-05	0.00141594	-0.000779836	-0.00112397	-0.00500109	-0.00657344	-0.00699227	-0.00751968	-0.00507116	-0.00547577	-0.00444274	-0.00826632	-0.0110685	-0.0130222	-0.0127504	-0.00696058	-0.00584956	-0.0123808	-0.019081	-0.016344	-0.0121468	-0.0111182	-0.0154144	-0.0190781	-0.0244127	-0.0235054	-0.0153944	-0.0153069	-0.0283396	-0.0338623	-0.0329647	-0.0331299	-0.0309968	-0.0257278	-0.0367485	-0.0643853	-0.0903644	-0.105248	-0.118972	-0.152818	-0.217828	-0.312723	-0.440854	-0.608181	-0.801221	-0.964709	-1.04915	-1.03398	-0.924138	-0.726243	-0.458531	-0.148011	0.178108	0.504986	0.813238	1.07622	1.27647	1.40664	1.4879	1.53201	1.54742	1.54433	1.51622	1.46104	1.36404	1.20652	0.981869	0.697028	0.378436	0.049607	-0.270449	-0.563122	-0.804908	-0.968048	-1.04423	-1.02488	-0.900815	-0.710619	-0.522566	-0.374983	-0.263751	-0.177617	-0.121445	-0.0927994	-0.0769321	-0.0639659	-0.0407751	-0.0083356	0.00597643	0.000635218	0	
0	-0.00236087	-0.00310825	-0.00445885	-0.00455774	-0.0027706	-0.00223249	-0.000619944	-0.000597315	-0.000722801	-0.00201038	-0.00518421	-0.00347487	-0.00517474	-0.0058295	-0.00288717	-0.00300211	-0.00300214	-0.00461073	-0.00770549	-0.0113632	-0.00953987	-0.00639247	-0.00819907	-0.00587361	-0.0105356	-0.0182354	-0.015414	-0.00839368	-0.0111182	-0.0156746	-0.0170816	-0.0206794	-0.0234452	-0.0180441	-0.0114172	-0.0216026	-0.0355694	-0.0344613	-0.0273337	-0.0287667	-0.0286202	-0.0306887	-0.0489989	-0.0769997	-0.0922838	-0.0979753	-0.110368	-0.150186	-0.223551	-0.333145	-0.480253	-0.661386	-0.857408	-1.01019	-1.08115	-1.04736	-0.912678	-0.685639	-0.38814	-0.0592097	0.272707	0.595044	0.891445	1.13505	1.30578	1.39878	1.43786	1.4469	1.44798	1.4519	1.44926	1.43202	1.37466	1.24934	1.04649	0.776519	0.468365	0.14402	-0.183872	-0.502728	-0.779672	-0.97132	-1.06605	-1.05749	-0.941807	-0.763	-0.576651	-0.408726	-0.272652	-0.175009	-0.113078	-0.0819384	-0.0763105	-0.0767463	-0.0518931	-0.00901223	0.00789719	-0.000352032	0	
0	0.00110521	9.20508e-05	0.000939246	0.00110075	-0.00109834	-0.00189342	-0.00226558	-0.00563132	-0.00573337	-0.00505041	-0.00733987	-0.00488258	-0.00521878	-0.00341058	-0.00153398	-0.00454759	-0.00684864	-0.00826265	-0.00709615	-0.00853963	-0.00481629	-0.00504913	-0.0089509	-0.00927785	-0.0137261	-0.0149725	-0.00885332	-0.00730762	-0.0154144	-0.0170816	-0.0183878	-0.0207478	-0.0190857	-0.0125044	-0.0165513	-0.0307524	-0.0385668	-0.0288562	-0.0230176	-0.0269448	-0.0329063	-0.0420983	-0.0639455	-0.0835895	-0.0876678	-0.0892902	-0.106993	-0.154562	-0.240685	-0.367075	-0.530559	-0.717983	-0.905546	-1.04492	-1.09736	-1.04209	-0.88011	-0.622623	-0.302962	0.0365467	0.368391	0.683681	0.96705	1.19097	1.33096	1.38082	1.37595	1.34815	1.32658	1.33423	1.36009	1.38474	1.37296	1.28705	1.11386	0.864555	0.566866	0.243544	-0.0930759	-0.431315	-0.733666	-0.951234	-1.06811	-1.0775	-0.981651	-0.820178	-0.632884	-0.447453	-0.293685	-0.182453	-0.109853	-0.0756787	-0.0725523	-0.0743484	-0.0525452	-0.0166706	-0.0030414	-0.00716341	0	
0	-0.000128062	0.0012563	0.000432591	7.61677e-05	0.000479589	-0.0012631	-0.0019977	-0.00348163	-0.00400933	-0.00479964	-0.00593679	-0.00233223	-0.00394965	-0.00679797	-0.0067773	-0.0104851	-0.0101506	-0.00854149	-0.0088714	-0.00882484	-0.00711883	-0.00865828	-0.0147487	-0.0132296	-0.0134853	-0.0122134	-0.00963386	-0.0127027	-0.0190781	-0.0206794	-0.0207478	-0.0189667	-0.0145871	-0.0185392	-0.0290045	-0.0384616	-0.0354432	-0.0263986	-0.0240326	-0.0338087	-0.0454982	-0.059921	-0.0760812	-0.0831356	-0.079495	-0.0838588	-0.108504	-0.166812	-0.266709	-0.410423	-0.583039	-0.7663	-0.942265	-1.06435	-1.09956	-1.02027	-0.829498	-0.547114	-0.210673	0.134611	0.464871	0.774213	1.04593	1.24539	1.34719	1.35157	1.29733	1.22956	1.19111	1.20306	1.2532	1.32114	1.36045	1.32142	1.18218	0.950587	0.660752	0.341508	0.00384713	-0.34309	-0.663795	-0.908579	-1.05415	-1.08849	-1.01378	-0.866483	-0.684237	-0.495765	-0.32909	-0.200125	-0.117731	-0.0786923	-0.0631948	-0.0555124	-0.045679	-0.0311354	-0.022622	-0.0168526	0	
0	0.000815037	-0.00141179	-0.000584333	-0.00131246	-0.00377213	-0.00366459	-0.00309984	-0.0040811	-0.00205607	2.55596e-06	-0.00200171	-0.00212677	-0.00625967	-0.00666069	-0.00679846	-0.00887555	-0.00781452	-0.00736893	-0.00654921	-0.0092689	-0.00955522	-0.0134573	-0.0168907	-0.0130956	-0.0117284	-0.0128105	-0.0142855	-0.0180559	-0.0244127	-0.0234452	-0.0190857	-0.0145871	-0.0202962	-0.0316039	-0.0379136	-0.0346885	-0.0306689	-0.0252371	-0.0286222	-0.0423814	-0.059458	-0.0706462	-0.0745851	-0.0716292	-0.0685099	-0.0808603	-0.116482	-0.18812	-0.30668	-0.462921	-0.636184	-0.809202	-0.967922	-1.07348	-1.0852	-0.97786	-0.759734	-0.455829	-0.110484	0.235193	0.562324	0.863743	1.11769	1.28871	1.34997	1.30513	1.20652	1.10501	1.04689	1.06238	1.13998	1.24968	1.33555	1.34097	1.23797	1.03041	0.752715	0.438858	0.104735	-0.243084	-0.57586	-0.845281	-1.02209	-1.08543	-1.0312	-0.897694	-0.727935	-0.54693	-0.375676	-0.235295	-0.141181	-0.0848895	-0.0483655	-0.0338981	-0.0387147	-0.0430859	-0.0402352	-0.0276161	0	
0	-0.00313176	-0.00375248	-0.00597775	-0.00589298	-0.00391227	-0.00301664	-0.00108029	-0.000466619	-0.000406116	-0.00227917	-0.00543355	-0.00399664	-0.0055571	-0.00793393	-0.00571771	-0.00638712	-0.00495113	-0.00506004	-0.00762428	-0.0111532	-0.0129277	-0.0136229	-0.0148783	-0.00847134	-0.00966643	-0.0153953	-0.0191083	-0.021927	-0.0235054	-0.0180441	-0.0125044	-0.0185392	-0.0316039	-0.0392471	-0.032081	-0.0275074	-0.0277594	-0.0289608	-0.0355927	-0.0554921	-0.0717083	-0.0723062	-0.0649418	-0.0601263	-0.0651814	-0.0884108	-0.136197	-0.225631	-0.358062	-0.518811	-0.682226	-0.838224	-0.980556	-1.0639	-1.0501	-0.914457	-0.672293	-0.356673	-0.00801762	0.336729	0.65857	0.948747	1.18118	1.31528	1.33093	1.24222	1.10406	0.975588	0.909655	0.93106	1.02602	1.16586	1.29254	1.34275	1.27819	1.09809	0.838636	0.535963	0.208561	-0.136803	-0.476149	-0.765437	-0.97139	-1.06226	-1.02795	-0.910731	-0.758765	-0.595462	-0.434476	-0.288638	-0.172117	-0.0897552	-0.0405927	-0.0268586	-0.0341521	-0.0416556	-0.0461848	-0.0364216	0	
0	0.00146913	-0.000810275	0.00128706	0.000734718	-0.00159133	-0.00188706	-0.00347778	-0.0064965	-0.00722178	-0.00722208	-0.0090519	-0.00773359	-0.00918307	-0.00571553	-0.00268842	-0.00396854	-0.00520058	-0.0074117	-0.0102962	-0.0137782	-0.0106075	-0.00815437	-0.00770822	-0.00620877	-0.0131536	-0.0207	-0.0206856	-0.01736	-0.0153944	-0.0114172	-0.0165513	-0.0290045	-0.0379136	-0.032081	-0.0230832	-0.0235389	-0.0309493	-0.0343921	-0.0471094	-0.0681748	-0.0754011	-0.0636821	-0.0524015	-0.0560955	-0.0726359	-0.1085	-0.173037	-0.278162	-0.419071	-0.571627	-0.717481	-0.854832	-0.974394	-1.03244	-0.987785	-0.825109	-0.568679	-0.248711	0.0964879	0.433557	0.745764	1.01814	1.21967	1.31682	1.29318	1.16753	1.00414	0.859573	0.78351	0.805437	0.913386	1.07608	1.23266	1.31906	1.29576	1.15397	0.920317	0.631568	0.311222	-0.0329725	-0.376145	-0.674339	-0.896257	-1.00914	-0.999507	-0.906877	-0.779303	-0.640341	-0.495117	-0.343872	-0.20527	-0.105988	-0.0541649	-0.0368938	-0.0301183	-0.0272208	-0.0366826	-0.0357103	0	
0	0.000832221	0.00304317	0.00253101	0.00226528	0.00178981	-0.000138926	-0.002405	-0.00472794	-0.00618522	-0.00796746	-0.00920864	-0.00549251	-0.00445864	-0.00681379	-0.00720989	-0.0126829	-0.0148693	-0.0163075	-0.0160285	-0.0131507	-0.00853017	-0.00838345	-0.0147212	-0.0167961	-0.0231782	-0.0244254	-0.0175401	-0.0129984	-0.0153069	-0.0216026	-0.0307524	-0.0384616	-0.0346885	-0.0275074	-0.0235389	-0.0322289	-0.0413579	-0.0504066	-0.065413	-0.0795827	-0.0732297	-0.0547238	-0.0508569	-0.0656049	-0.0939159	-0.143444	-0.222373	-0.33753	-0.471377	-0.606478	-0.730542	-0.845705	-0.942533	-0.97125	-0.900415	-0.722415	-0.462031	-0.147745	0.189406	0.519519	0.819068	1.06959	1.24114	1.30024	1.24027	1.08913	0.907001	0.750899	0.672399	0.694706	0.805004	0.977113	1.15594	1.27872	1.2974	1.19414	0.990092	0.71717	0.401118	0.0601607	-0.275026	-0.567014	-0.793994	-0.927123	-0.949965	-0.891459	-0.790292	-0.669783	-0.536398	-0.389628	-0.25053	-0.148165	-0.0879585	-0.0547514	-0.028748	-0.0105953	-0.0141317	-0.0194933	0	
0	0.000475968	-0.00317487	-0.00184634	-0.00352157	-0.00590072	-0.00519476	-0.00530014	-0.00452909	-0.0016699	0.000949797	0.00149401	0.0012217	-0.00510673	-0.00783491	-0.0103066	-0.0139534	-0.0134054	-0.00984603	-0.0084238	-0.00904212	-0.0101415	-0.0164959	-0.0241814	-0.0235028	-0.0233537	-0.0194562	-0.0141452	-0.0171464	-0.0283396	-0.0355694	-0.0385668	-0.0354432	-0.0306689	-0.0277594	-0.0309493	-0.0413579	-0.054737	-0.0652746	-0.0739341	-0.0740026	-0.0577634	-0.0448874	-0.0523555	-0.0798868	-0.120701	-0.18547	-0.2773	-0.390523	-0.510762	-0.624573	-0.727125	-0.821387	-0.89016	-0.891415	-0.799948	-0.613627	-0.357762	-0.050867	0.278911	0.597277	0.879568	1.1035	1.23827	1.26294	1.17592	1.00567	0.815283	0.655342	0.572342	0.59213	0.705506	0.887293	1.08104	1.22567	1.27587	1.20771	1.0318	0.779261	0.480171	0.154076	-0.167196	-0.448629	-0.676862	-0.829348	-0.88498	-0.857908	-0.776829	-0.669953	-0.554103	-0.4312	-0.311827	-0.210449	-0.132362	-0.0775671	-0.0348637	0.000203061	0.012216	0.00488092	0	
0	-0.00401776	-0.00669902	-0.00881911	-0.00925629	-0.00789401	-0.00475928	-0.00288697	-0.000560289	0.00015666	-0.00219774	-0.00627132	-0.00767562	-0.00909071	-0.0108188	-0.00797836	-0.00754176	-0.00349686	-0.00314641	-0.0058727	-0.0104697	-0.0147847	-0.0200521	-0.0216786	-0.0138428	-0.0118191	-0.0128275	-0.0153888	-0.0250779	-0.0338623	-0.0344613	-0.0288562	-0.0263986	-0.0252371	-0.0289608	-0.0343921	-0.0504066	-0.0652746	-0.0702284	-0.065919	-0.0565659	-0.0453207	-0.0448893	-0.0676301	-0.108079	-0.164798	-0.244073	-0.337244	-0.439682	-0.537966	-0.629441	-0.708706	-0.774946	-0.814652	-0.790197	-0.685655	-0.50115	-0.252993	0.0445162	0.362305	0.665802	0.923331	1.11272	1.21196	1.20345	1.09322	0.915539	0.725423	0.569773	0.494663	0.519554	0.632605	0.80936	1.00045	1.1538	1.22343	1.1839	1.0447	0.827936	0.555495	0.248136	-0.0595813	-0.33465	-0.563942	-0.723727	-0.794472	-0.788367	-0.729464	-0.646722	-0.560089	-0.468753	-0.372524	-0.275379	-0.18425	-0.11012	-0.0488616	0.00303723	0.02671	0.0184826	0	
