0	0	0	0	0	0	0	0	0	0	0	0	0	0	0	0	0	0	0	0	0	0	0	0	0	0	0	0	0	0	0	0	0	0	0	0	0	0	0	0	0	0	0	0	0	0	0	0	0	0	0	0	0	0	0	0	0	0	0	0	0	0	0	0	0	0	0	0	0	0	0	0	0	0	0	0	0	0	0	0	0	0	0	0	0	0	0	0	0	0	0	0	0	0	0	0	0	0	0	0	
0	0.00103345	0.00025264	0.00221182	0.000221308	0.00157374	-5.33203e-05	-0.000553877	0.000216969	-0.00201202	0.000235008	-0.000262447	-0.000526773	0.000918963	0.000225579	-0.00128272	-0.000835695	-0.000262935	-0.00268868	0.000706527	0.000569002	0.000284203	-0.000536067	-0.00250024	-0.00102184	-0.00183146	-0.0046796	-0.00827603	-0.0105797	-0.0182091	-0.0262506	-0.0332874	-0.039887	-0.0459037	-0.0412984	-0.0318008	-0.0127007	0.0147048	0.0440856	0.0652375	0.0816352	0.0830471	0.0731246	0.0571791	0.0403653	0.0216931	0.000452035	-0.0200481	-0.0350958	-0.0429621	-0.0404531	-0.028182	-0.00987241	-0.0022737	0.00371212	0.00814564	0.00845035	-0.000933489	-0.0109828	-0.0117898	-0.00558688	0.00236376	0.00212986	-0.0013048	-0.00401886	-0.00184645	-0.00160413	-0.00443799	-0.0010394	0.00330953	0.000462205	-0.00383073	-0.00413362	-0.00361173	-0.00197844	-0.00230697	0.000609958	0.00577041	-0.000130757	-0.00940089	-0.0133004	-0.00835129	0.00487536	0.0107111	0.00698462	0.00448853	0.00223717	-0.00745707	-0.0193484	-0.0195741	-0.00950572	0.00758585	0.0327666	0.0539899	0.0656506	0.0698397	0.0611997	0.0452124	0.0269726	0	
0	0.00025264	-0.00378689	-0.000112879	-0.0032018	-0.00153344	0.00065291	-0.00100281	0.00172914	0.00199473	-0.000430851	0.00160373	-0.000686019	-0.000881141	-0.000154078	0.00101837	0.00128153	0.00212654	0.000843674	0.00202235	-0.00272696	-0.0025793	0.00187575	-0.000781473	-0.00284644	-0.00562383	-0.00861853	-0.0158065	-0.0235716	-0.0365063	-0.0510496	-0.0660109	-0.0818165	-0.0910234	-0.0824535	-0.0623666	-0.0266296	0.0301215	0.0870345	0.13154	0.162939	0.167055	0.147958	0.115986	0.0837875	0.0447287	0.00428627	-0.0379704	-0.0679554	-0.0835879	-0.0812081	-0.0548274	-0.02274	-0.00543142	0.00517937	0.0132964	0.0154486	-0.00452879	-0.0218517	-0.0229884	-0.0109516	0.00643349	0.00667082	-0.00120848	-0.0050698	-0.00357575	-0.00587496	-0.00922471	-0.00594404	0.00376477	0.00272707	-0.00770681	-0.00562512	-0.00251042	-0.0043304	-0.00619012	-0.000432866	0.00753794	-0.00223064	-0.0155654	-0.0209437	-0.0157843	0.00495941	0.0197116	0.0161859	0.0083752	0.0025587	-0.0139395	-0.0374019	-0.0401121	-0.0196401	0.0163178	0.0663793	0.108146	0.131554	0.139756	0.122841	0.0912347	0.0541812	0	
0	0.00221182	-0.000112879	0.00467568	-2.7678e-05	0.00301026	0.000195291	-0.00143605	0.00058529	-0.00368774	-0.000125228	-0.000305925	-0.0010812	0.00147889	0.000781672	-0.00220702	-0.00115162	-0.000995763	-0.00451806	0.000927251	0.000158969	0.000796281	-0.000334199	-0.00599191	-0.00385806	-0.00657663	-0.0137914	-0.0234072	-0.0328428	-0.0546279	-0.077661	-0.0987556	-0.119582	-0.135526	-0.123619	-0.0947332	-0.0388329	0.042627	0.127854	0.193855	0.241391	0.247815	0.219376	0.173678	0.123004	0.0668294	0.00443071	-0.0564455	-0.101941	-0.126059	-0.120311	-0.0836877	-0.0339514	-0.00848933	0.00922438	0.0226831	0.0235052	-0.00360643	-0.0299069	-0.0339682	-0.0167289	0.00561168	0.00598111	-0.00275602	-0.00998405	-0.00568776	-0.00647495	-0.0131013	-0.00419716	0.00846676	0.00226519	-0.011099	-0.012072	-0.00916861	-0.0063767	-0.00667992	0.00225483	0.0135036	-0.00226934	-0.0257719	-0.0365108	-0.0233648	0.0122976	0.0302547	0.0218362	0.012341	0.00279006	-0.0243092	-0.0565645	-0.0576612	-0.0274808	0.0255279	0.0996473	0.162455	0.198385	0.210427	0.185709	0.138465	0.0812647	0	
0	0.000221308	-0.0032018	-2.7678e-05	-0.00294159	-0.00105548	0.000170753	-0.000831783	0.0017752	0.00116998	0.000195431	0.00151906	-0.00118814	-0.000376616	-0.000420919	-0.000227082	0.000950651	0.00248495	-0.000877645	0.0030715	-0.0021606	-0.00368381	0.0001553	-0.00302231	-0.0045374	-0.0100445	-0.017706	-0.0317851	-0.046753	-0.0712729	-0.100702	-0.1312	-0.161116	-0.177986	-0.163897	-0.125153	-0.0529746	0.055059	0.166388	0.256279	0.319066	0.328709	0.294403	0.233988	0.168268	0.0917092	0.011188	-0.0701494	-0.130967	-0.163949	-0.158448	-0.110915	-0.049833	-0.0145127	0.00942397	0.0268261	0.0272772	-0.0057794	-0.0386943	-0.0429935	-0.0220575	0.00624161	0.0102022	-0.00203642	-0.00935217	-0.00688776	-0.0116525	-0.0177961	-0.00884403	0.0075733	0.00332649	-0.0137142	-0.0136928	-0.00839153	-0.00695157	-0.00886947	0.000333101	0.0120638	-0.00634679	-0.0321746	-0.0409199	-0.0259359	0.0117718	0.0356609	0.0293606	0.0146231	0.000369029	-0.0321921	-0.0738899	-0.0777642	-0.0357819	0.0383182	0.134854	0.21681	0.265865	0.281724	0.250039	0.187654	0.108739	0	
0	0.00157374	-0.00153344	0.00301026	-0.00105548	0.00118717	0.000639571	-0.00138285	0.000728251	-0.00132998	-0.000710558	0.000343456	-0.000661683	0.000607698	0.000637076	-0.000689373	0.000543276	-0.00160794	-0.00130448	-4.02175e-05	-0.00212846	-8.31558e-05	0.000667898	-0.00634494	-0.00756809	-0.0132991	-0.0230197	-0.0366304	-0.0569249	-0.0900625	-0.126848	-0.161941	-0.197923	-0.219418	-0.204995	-0.156279	-0.066599	0.0647406	0.200065	0.314822	0.39106	0.406869	0.365381	0.294662	0.210344	0.116916	0.0162814	-0.0826084	-0.159554	-0.201132	-0.195368	-0.138536	-0.0673696	-0.0203673	0.0107444	0.0326631	0.0328256	-0.00611224	-0.0422842	-0.0513633	-0.028208	0.00355327	0.00841193	-0.00213521	-0.0113001	-0.00944032	-0.0142914	-0.0208346	-0.0084551	0.00961483	0.0041666	-0.0164582	-0.019665	-0.0124369	-0.0102071	-0.00947154	0.00391179	0.0128783	-0.00899481	-0.0384061	-0.0513269	-0.0318627	0.0152844	0.0435779	0.0363543	0.0171317	-0.00578681	-0.0467583	-0.0909085	-0.0920422	-0.0409599	0.0510813	0.170025	0.272659	0.334998	0.353695	0.31625	0.239101	0.136355	0	
0	-5.33203e-05	0.00065291	0.000195291	0.000170753	0.000639571	-0.000533656	-1.17107e-06	-7.06911e-05	-0.00101616	-4.06857e-05	-0.00023018	-0.000877652	-0.000340877	0.000186589	-0.0019062	-0.000363989	0.000593561	-0.00198124	0.00120242	0.000114645	-0.00172675	-0.00325943	-0.0056356	-0.00683373	-0.0137988	-0.0262371	-0.0461571	-0.0699577	-0.104308	-0.14718	-0.193721	-0.235425	-0.258492	-0.24269	-0.186943	-0.0797063	0.0711994	0.232045	0.369017	0.46132	0.481597	0.43834	0.35611	0.255892	0.144218	0.0254923	-0.0912951	-0.183655	-0.235651	-0.228903	-0.167907	-0.0870494	-0.0297873	0.00951456	0.0370453	0.0334105	-0.00417836	-0.0459917	-0.0570856	-0.033242	-0.00189037	0.00860773	-0.00192458	-0.011254	-0.0111781	-0.0181233	-0.0240922	-0.0097054	0.00938592	0.00251658	-0.0178313	-0.0226447	-0.0160789	-0.0100896	-0.00750957	0.00276238	0.00935775	-0.0137252	-0.0464666	-0.0559827	-0.0293917	0.0181572	0.0458965	0.0386606	0.0160277	-0.0118882	-0.058086	-0.107571	-0.109177	-0.0449331	0.069299	0.207853	0.328212	0.404523	0.427162	0.385125	0.292722	0.163975	0	
0	-0.000553877	-0.00100281	-0.00143605	-0.000831783	-0.00138285	-1.17107e-06	0.000232307	0.000154689	0.00173508	0.000278398	0.00063563	0.000618905	-0.00035761	-4.70002e-05	0.000402367	0.00102304	-0.000588376	0.000689073	-0.000541694	-0.0027759	-0.00233943	-0.00177049	-0.00496842	-0.0109385	-0.0200001	-0.0323383	-0.0508937	-0.0812759	-0.122695	-0.172497	-0.223433	-0.271024	-0.296611	-0.282703	-0.216896	-0.0953676	0.0750915	0.257534	0.419196	0.524885	0.55375	0.509705	0.419043	0.303321	0.174499	0.0386548	-0.0948342	-0.203369	-0.263999	-0.260163	-0.195127	-0.110149	-0.0409876	0.00697249	0.0368417	0.033498	-0.00477104	-0.0472742	-0.0610871	-0.039755	-0.00718105	0.00716889	-0.000831808	-0.0092393	-0.0131224	-0.022482	-0.0259327	-0.0115694	0.00615691	0.00240188	-0.018832	-0.025996	-0.0168877	-0.0123134	-0.00800063	0.0035879	0.00417593	-0.019588	-0.0497886	-0.05743	-0.0299567	0.0164478	0.0476881	0.0443453	0.015977	-0.0242319	-0.0766581	-0.122932	-0.119174	-0.0446387	0.0873767	0.24575	0.386458	0.476418	0.50127	0.455609	0.348645	0.19236	0	
0	0.000216969	0.00172914	0.00058529	0.0017752	0.000728251	-7.06911e-05	0.000154689	-0.00169172	-0.00120173	-0.00126001	-0.00179053	8.27289e-05	-0.00112492	0.000364944	-0.000944683	-0.000525392	-0.0016719	0.000249233	-0.00176665	0.000358893	-0.000140677	-0.00398254	-0.00625328	-0.0112218	-0.0191358	-0.034522	-0.0580492	-0.0926095	-0.136232	-0.191331	-0.251256	-0.303188	-0.331653	-0.317823	-0.245017	-0.109201	0.0763205	0.280429	0.463966	0.583523	0.622115	0.579036	0.482085	0.350564	0.206311	0.052836	-0.0966726	-0.220524	-0.290956	-0.289056	-0.225146	-0.135722	-0.0547217	0.00248749	0.0366754	0.0328404	-0.00180295	-0.0443437	-0.0620326	-0.0447901	-0.0148638	0.00214896	-0.00141741	-0.00973715	-0.0169165	-0.0249902	-0.0264657	-0.0111673	0.00464861	9.90188e-05	-0.019395	-0.0287304	-0.0214781	-0.0146238	-0.0053328	0.0040453	-0.00169454	-0.0254094	-0.0550812	-0.0597479	-0.0268242	0.0195631	0.0479376	0.0423244	0.0105159	-0.0365559	-0.0934362	-0.13755	-0.128935	-0.0420665	0.109965	0.287295	0.445564	0.548044	0.576859	0.529123	0.406267	0.220593	0	
0	-0.00201202	0.00199473	-0.00368774	0.00116998	-0.00132998	-0.00101616	0.00173508	-0.00120173	0.00189902	0.000683127	-0.000457685	0.00194899	-0.00192015	0.00065833	2.30312e-05	-0.00176282	0.00142406	-0.00102832	-0.00161967	-0.000437681	-0.00226498	-0.00705523	-0.00481047	-0.0144111	-0.0238948	-0.0399539	-0.066487	-0.104565	-0.151963	-0.212613	-0.281154	-0.335384	-0.36714	-0.352751	-0.274871	-0.125493	0.0717023	0.298707	0.49999	0.636773	0.68413	0.648464	0.544532	0.402455	0.2421	0.0736642	-0.0918224	-0.229905	-0.309706	-0.312035	-0.253212	-0.161849	-0.0710012	-0.00565178	0.0321253	0.0271658	-0.00016225	-0.0432913	-0.0621879	-0.0494407	-0.0238796	-0.00105623	-0.00121188	-0.00800185	-0.0183252	-0.0274758	-0.0260208	-0.0132079	-0.00140574	-0.00419564	-0.0192913	-0.0279279	-0.0235803	-0.0158173	-0.00325932	0.000305399	-0.0101603	-0.0310706	-0.0583479	-0.0568048	-0.0214273	0.0181269	0.0437679	0.0397969	0.00411894	-0.0521848	-0.112988	-0.151773	-0.134214	-0.0338273	0.135218	0.329579	0.506235	0.621766	0.654183	0.603654	0.464643	0.249737	0	
0	0.000235008	-0.000430851	-0.000125228	0.000195431	-0.000710558	-4.06857e-05	0.000278398	-0.00126001	0.000683127	-0.000328198	-0.00116632	0.00103869	-0.00112472	-0.000554215	0.000534463	-0.00048497	-0.000570837	0.000864581	-0.00153373	-0.00113005	-0.00317991	-0.00375918	-0.00562898	-0.0159455	-0.0262577	-0.0441826	-0.0713261	-0.112772	-0.166589	-0.233924	-0.304385	-0.363152	-0.398258	-0.386506	-0.299484	-0.142853	0.0682011	0.31086	0.532502	0.681642	0.743948	0.713399	0.607774	0.45467	0.280854	0.0966853	-0.083828	-0.236002	-0.323791	-0.333718	-0.281472	-0.190373	-0.0911706	-0.0153759	0.0221997	0.024136	0.000463717	-0.0384275	-0.0581254	-0.0543559	-0.0300117	-0.00830085	-0.00286856	-0.00801949	-0.0222242	-0.0283161	-0.0242193	-0.0140361	-0.0083122	-0.00823693	-0.0180512	-0.0281807	-0.024611	-0.018075	-0.00499302	-0.0014171	-0.0171538	-0.0388951	-0.0586257	-0.0515522	-0.0187216	0.0162926	0.039032	0.0335374	-0.00493426	-0.0701686	-0.135462	-0.164356	-0.132958	-0.0211868	0.161694	0.374678	0.569919	0.696168	0.732129	0.679109	0.523494	0.279571	0	
0	-0.000262447	0.00160373	-0.000305925	0.00151906	0.000343456	-0.00023018	0.00063563	-0.00179053	-0.000457685	-0.00116632	-0.00231934	0.00110689	-0.00231686	0.000711242	0.000881563	-0.0032077	0.00147488	-0.00189853	-0.00267611	0.0012741	-0.000920596	-0.00728331	-0.00686736	-0.0178691	-0.0266034	-0.0462688	-0.0791485	-0.12546	-0.179254	-0.249219	-0.328759	-0.391583	-0.428952	-0.414565	-0.325333	-0.160391	0.0593442	0.32027	0.554861	0.721183	0.795906	0.775891	0.668803	0.509404	0.322708	0.12402	-0.0711963	-0.235488	-0.331806	-0.350481	-0.308078	-0.219242	-0.112304	-0.0310901	0.0117777	0.0172429	0.00180478	-0.0326254	-0.0545549	-0.0547849	-0.0382033	-0.0158068	-0.0060933	-0.0112725	-0.0249793	-0.027871	-0.0209876	-0.0153287	-0.0148014	-0.0141446	-0.0177829	-0.0240688	-0.0275223	-0.0219475	-0.00438167	-0.00693457	-0.0255201	-0.0421107	-0.0586524	-0.0484933	-0.014213	0.0167097	0.0323429	0.0210667	-0.0212131	-0.0894368	-0.153131	-0.174047	-0.131127	-0.00503211	0.19423	0.423804	0.633598	0.770468	0.812147	0.755022	0.581102	0.309468	0	
0	-0.000526773	-0.000686019	-0.0010812	-0.00118814	-0.000661683	-0.000877652	0.000618905	8.27289e-05	0.00194899	0.00103869	0.00110689	0.00161067	-0.00139277	7.0789e-05	-0.000680878	-0.00228935	0.00144742	-0.00159558	-0.0010021	-0.00202001	-0.00583338	-0.00609218	-0.00796321	-0.0197869	-0.031749	-0.054191	-0.0870825	-0.131955	-0.193759	-0.271504	-0.352478	-0.416245	-0.457427	-0.444377	-0.350541	-0.180728	0.0492029	0.32175	0.570296	0.751438	0.842226	0.832729	0.728909	0.566255	0.368546	0.156963	-0.0525124	-0.226644	-0.331703	-0.361214	-0.330539	-0.245968	-0.136313	-0.0499881	-0.00458472	0.008548	-0.000980583	-0.0296464	-0.0502561	-0.0560788	-0.0435777	-0.0234392	-0.0100129	-0.013037	-0.0259453	-0.024478	-0.017294	-0.0182813	-0.0252205	-0.022992	-0.0167531	-0.0199159	-0.0263981	-0.0223396	-0.00918464	-0.0142542	-0.0326006	-0.0477272	-0.0551428	-0.0396929	-0.0114896	0.0117431	0.0208087	0.00625289	-0.0364124	-0.108958	-0.175058	-0.184188	-0.120592	0.019886	0.228537	0.472777	0.699311	0.847574	0.89283	0.828326	0.636785	0.340331	0	
0	0.000918963	-0.000881141	0.00147889	-0.000376616	0.000607698	-0.000340877	-0.00035761	-0.00112492	-0.00192015	-0.00112472	-0.00231686	-0.00139277	0.000253543	-0.00116924	0.00126442	-0.000343329	0.000859558	-0.00147911	-0.000116846	0.000613373	-0.0032423	-0.00399755	-0.00974549	-0.0186422	-0.0319513	-0.054763	-0.0899477	-0.141692	-0.206132	-0.284924	-0.367389	-0.44011	-0.48148	-0.467838	-0.369923	-0.199541	0.0404063	0.32036	0.581056	0.77622	0.883264	0.885092	0.787849	0.624101	0.417531	0.192207	-0.0295568	-0.214262	-0.327514	-0.370657	-0.352011	-0.273525	-0.165028	-0.0738335	-0.0241106	-0.000400014	-0.00328929	-0.0241704	-0.0422437	-0.0516328	-0.0460604	-0.0313678	-0.0180393	-0.0209306	-0.0289158	-0.0227793	-0.0140924	-0.0195723	-0.0336154	-0.0287714	-0.0142792	-0.0158755	-0.025853	-0.0261866	-0.0175164	-0.0213983	-0.0372996	-0.0492871	-0.0501918	-0.0348047	-0.0108149	0.00822859	0.00908377	-0.0130655	-0.0597876	-0.132284	-0.190748	-0.18571	-0.107366	0.0449798	0.267516	0.528197	0.766668	0.923341	0.97265	0.899879	0.690169	0.370295	0	
0	0.000225579	-0.000154078	0.000781672	-0.000420919	0.000637076	0.000186589	-4.70002e-05	0.000364944	0.00065833	-0.000554215	0.000711242	7.0789e-05	-0.00116924	-8.73557e-05	-0.000848811	-0.00174317	-0.0019327	-0.000615495	-0.00387021	-0.00327819	-0.00402556	-0.00573443	-0.0128526	-0.0222917	-0.0362816	-0.0616673	-0.098619	-0.151703	-0.217873	-0.301727	-0.389659	-0.464175	-0.505091	-0.490863	-0.39443	-0.220917	0.0262382	0.310831	0.581468	0.790278	0.91408	0.928036	0.842771	0.680948	0.468848	0.232425	-0.000237776	-0.192256	-0.314977	-0.371583	-0.363837	-0.297054	-0.190492	-0.102267	-0.0439802	-0.0132516	-0.0110583	-0.0219178	-0.0394362	-0.0468507	-0.0487094	-0.0399981	-0.026845	-0.0277468	-0.028728	-0.0169149	-0.00903152	-0.0235583	-0.0420388	-0.0369936	-0.0163525	-0.00991764	-0.023142	-0.0303684	-0.0255072	-0.0302647	-0.0439416	-0.0477088	-0.0407632	-0.0298284	-0.0139011	0.000171134	-0.00578312	-0.0355416	-0.0855455	-0.153393	-0.203342	-0.186888	-0.0907511	0.0790945	0.313748	0.583858	0.832457	1.00066	1.05277	0.967334	0.7392	0.398553	0	
0	-0.00128272	0.00101837	-0.00220702	-0.000227082	-0.000689373	-0.0019062	0.000402367	-0.000944683	2.30312e-05	0.000534463	0.000881563	-0.000680878	0.00126442	-0.000848811	-0.00176228	0.000753278	-0.00124891	0.000169407	0.000625812	-2.68437e-05	-0.00477545	-0.00759144	-0.0135327	-0.0194643	-0.038054	-0.0651048	-0.102877	-0.157422	-0.230408	-0.316463	-0.404076	-0.481808	-0.524901	-0.510962	-0.41377	-0.237928	0.0134637	0.299335	0.578457	0.800359	0.938318	0.967331	0.895677	0.739692	0.523321	0.277763	0.0353896	-0.164187	-0.298264	-0.367407	-0.373449	-0.317762	-0.222328	-0.13426	-0.0688518	-0.0309475	-0.019537	-0.023642	-0.0324378	-0.0386436	-0.0471683	-0.0447058	-0.0381133	-0.0363637	-0.0290119	-0.0132005	-0.00752561	-0.0263925	-0.0502709	-0.0449047	-0.0151668	-0.00726325	-0.0206766	-0.030945	-0.0372148	-0.040299	-0.0456815	-0.0453311	-0.0354581	-0.0264488	-0.0145036	-0.0086781	-0.0263812	-0.0623742	-0.113009	-0.175765	-0.213379	-0.179466	-0.0662768	0.115908	0.361672	0.642938	0.901662	1.0781	1.12829	1.02922	0.784679	0.424723	0	
0	-0.000835695	0.00128153	-0.00115162	0.000950651	0.000543276	-0.000363989	0.00102304	-0.000525392	-0.00176282	-0.00048497	-0.0032077	-0.00228935	-0.000343329	-0.00174317	0.000753278	0.00248085	-0.00286842	0.00152428	-0.00441903	-0.00453925	-0.0025571	-0.00497376	-0.0128464	-0.0219707	-0.0427843	-0.0677634	-0.106815	-0.166733	-0.241006	-0.326285	-0.419226	-0.50135	-0.542822	-0.52668	-0.433145	-0.25479	-0.00268917	0.283624	0.568625	0.80123	0.952521	0.996884	0.943377	0.793746	0.578828	0.324796	0.0767974	-0.131494	-0.276213	-0.357145	-0.375572	-0.334821	-0.252877	-0.167453	-0.0949416	-0.0504913	-0.0317297	-0.0256378	-0.0268128	-0.0288493	-0.0430429	-0.0501403	-0.0505268	-0.0470541	-0.0311774	-0.0114803	-0.00714374	-0.0296895	-0.0549782	-0.0471152	-0.0156103	-0.0043397	-0.0168223	-0.0383489	-0.0516883	-0.0498794	-0.0486581	-0.0369682	-0.022355	-0.0236923	-0.0243661	-0.0274216	-0.0477677	-0.086759	-0.143418	-0.198619	-0.215757	-0.165255	-0.0403867	0.156693	0.417623	0.706159	0.969839	1.1527	1.19979	1.08669	0.82502	0.445804	0	
0	-0.000262935	0.00212654	-0.000995763	0.00248495	-0.00160794	0.000593561	-0.000588376	-0.0016719	0.00142406	-0.000570837	0.00147488	0.00144742	0.000859558	-0.0019327	-0.00124891	-0.00286842	-0.00630411	0.00145951	-0.00349907	-0.00137215	-0.0035592	-0.0112663	-0.0163533	-0.0256253	-0.0442626	-0.0717858	-0.114073	-0.176094	-0.250338	-0.340859	-0.435662	-0.517939	-0.557551	-0.545412	-0.452037	-0.271704	-0.0206645	0.262636	0.552928	0.793809	0.955995	1.01922	0.983147	0.846312	0.633486	0.377831	0.124615	-0.0915386	-0.245895	-0.338361	-0.367127	-0.346105	-0.280052	-0.199279	-0.123813	-0.0745777	-0.0491794	-0.0340136	-0.024295	-0.0229731	-0.0393904	-0.054216	-0.0632677	-0.0538752	-0.0311371	-0.00845342	-0.00468875	-0.0324248	-0.0581461	-0.051444	-0.0220384	-0.00657168	-0.0164169	-0.0419776	-0.058753	-0.0560676	-0.0482814	-0.029985	-0.0186273	-0.026246	-0.0324161	-0.0441629	-0.0720117	-0.117495	-0.175366	-0.217133	-0.213259	-0.145467	-0.00712701	0.203991	0.47644	0.770067	1.03927	1.22604	1.26509	1.13706	0.859271	0.462054	0	
0	-0.00268868	0.000843674	-0.00451806	-0.000877645	-0.00130448	-0.00198124	0.000689073	0.000249233	-0.00102832	0.000864581	-0.00189853	-0.00159558	-0.00147911	-0.000615495	0.000169407	0.00152428	0.00145951	0.00207173	-0.00384344	-0.00277161	-0.00265102	-0.0112387	-0.012567	-0.0240865	-0.0455356	-0.0758285	-0.118824	-0.180199	-0.259657	-0.349994	-0.447661	-0.528917	-0.572167	-0.557423	-0.466517	-0.282979	-0.0397216	0.244686	0.535194	0.782419	0.953572	1.03608	1.01915	0.895311	0.690379	0.434703	0.17795	-0.0462392	-0.212805	-0.312356	-0.357022	-0.3548	-0.308338	-0.233945	-0.156917	-0.105882	-0.0698379	-0.0430603	-0.0212722	-0.0127837	-0.0297511	-0.0540708	-0.0697295	-0.0619307	-0.0368258	-0.0118289	-0.0127024	-0.0367819	-0.0577252	-0.052206	-0.0210311	-0.00561339	-0.0178141	-0.0469787	-0.0696774	-0.067189	-0.0480382	-0.0195157	-0.0108798	-0.0271881	-0.0447661	-0.0698176	-0.104286	-0.148594	-0.201154	-0.231157	-0.206805	-0.11824	0.0326369	0.254301	0.538043	0.838192	1.11043	1.29418	1.32153	1.18028	0.887389	0.473159	0	
0	0.000706527	0.00202235	0.000927251	0.0030715	-4.02175e-05	0.00120242	-0.000541694	-0.00176665	-0.00161967	-0.00153373	-0.00267611	-0.0010021	-0.000116846	-0.00387021	0.000625812	-0.00441903	-0.00349907	-0.00384344	-0.00369832	-0.00393832	-0.00645463	-0.0107727	-0.0131933	-0.0307465	-0.0512438	-0.0781291	-0.123107	-0.189111	-0.268569	-0.360525	-0.460081	-0.543279	-0.583859	-0.571536	-0.479778	-0.299051	-0.0601777	0.221389	0.510431	0.759841	0.939235	1.04139	1.04122	0.935849	0.741322	0.491637	0.233841	0.00160345	-0.171362	-0.279512	-0.336259	-0.354784	-0.327177	-0.259523	-0.190088	-0.136021	-0.0933629	-0.0557915	-0.0226136	-0.0105029	-0.0258294	-0.0559569	-0.0777421	-0.0687888	-0.0413205	-0.0171764	-0.014142	-0.0350582	-0.0551036	-0.0489567	-0.0266072	-0.0150832	-0.0243015	-0.0536826	-0.0748052	-0.0681367	-0.0422378	-0.0129018	-0.010234	-0.0315871	-0.0623193	-0.101869	-0.135968	-0.175349	-0.225701	-0.243197	-0.19349	-0.0836251	0.0779672	0.30981	0.603694	0.908391	1.18	1.356	1.37027	1.21591	0.90735	0.478461	0	
0	0.000569002	-0.00272696	0.000158969	-0.0021606	-0.00212846	0.000114645	-0.0027759	0.000358893	-0.000437681	-0.00113005	0.0012741	-0.00202001	0.000613373	-0.00327819	-2.68437e-05	-0.00453925	-0.00137215	-0.00277161	-0.00393832	-0.00378797	-0.00608104	-0.0116101	-0.0208617	-0.0336456	-0.0493625	-0.0828763	-0.131438	-0.196355	-0.276217	-0.373823	-0.471212	-0.55404	-0.594713	-0.585854	-0.489875	-0.31393	-0.0790004	0.198065	0.484547	0.732918	0.921238	1.03989	1.05744	0.972548	0.792898	0.552913	0.295242	0.0569515	-0.122131	-0.239061	-0.310214	-0.350414	-0.340522	-0.286231	-0.228167	-0.173813	-0.12409	-0.0724848	-0.0291447	-0.00942931	-0.0194179	-0.052392	-0.0754337	-0.0705323	-0.0490844	-0.0260961	-0.02217	-0.0379647	-0.0510901	-0.0478024	-0.0301003	-0.0208458	-0.0341714	-0.0586668	-0.0751122	-0.0684056	-0.0382605	-0.00954967	-0.0114942	-0.0416514	-0.0851252	-0.129582	-0.168318	-0.210567	-0.246494	-0.242265	-0.174358	-0.045723	0.131855	0.371303	0.669391	0.979269	1.24913	1.41157	1.40954	1.24123	0.918769	0.480252	0	
0	0.000284203	-0.0025793	0.000796281	-0.00368381	-8.31558e-05	-0.00172675	-0.00233943	-0.000140677	-0.00226498	-0.00317991	-0.000920596	-0.00583338	-0.0032423	-0.00402556	-0.00477545	-0.0025571	-0.0035592	-0.00265102	-0.00645463	-0.00608104	-0.0130246	-0.0133475	-0.0212984	-0.0309024	-0.055234	-0.0899202	-0.137433	-0.201885	-0.286067	-0.381867	-0.480633	-0.565395	-0.607196	-0.595	-0.498152	-0.330504	-0.0971433	0.173585	0.455874	0.698197	0.897245	1.02597	1.0628	0.998641	0.837489	0.611653	0.35459	0.116121	-0.069474	-0.193802	-0.279655	-0.339517	-0.343373	-0.308867	-0.263728	-0.211883	-0.15589	-0.0900609	-0.0400685	-0.0121267	-0.0166349	-0.0486382	-0.0699907	-0.0728467	-0.0600949	-0.0389838	-0.0310284	-0.0377789	-0.0457482	-0.0444867	-0.0312178	-0.0300944	-0.0468863	-0.0636226	-0.0744182	-0.0650509	-0.034606	-0.0109785	-0.0163818	-0.0522115	-0.106458	-0.164413	-0.211708	-0.24109	-0.253778	-0.234497	-0.150169	-0.000853017	0.190062	0.435395	0.739391	1.05252	1.3132	1.45801	1.43989	1.25609	0.921307	0.479249	0	
0	-0.000536067	0.00187575	-0.000334199	0.0001553	0.000667898	-0.00325943	-0.00177049	-0.00398254	-0.00705523	-0.00375918	-0.00728331	-0.00609218	-0.00399755	-0.00573443	-0.00759144	-0.00497376	-0.0112663	-0.0112387	-0.0107727	-0.0116101	-0.0133475	-0.0156182	-0.0272145	-0.0413096	-0.0643639	-0.0970144	-0.143018	-0.210463	-0.297866	-0.395558	-0.494625	-0.576059	-0.619573	-0.604947	-0.513052	-0.346141	-0.117262	0.148383	0.418825	0.660653	0.864423	1.00115	1.05666	1.01302	0.87675	0.663518	0.415822	0.177654	-0.0106155	-0.142806	-0.245186	-0.316885	-0.338193	-0.32506	-0.296036	-0.25213	-0.187984	-0.114005	-0.0577795	-0.0199856	-0.0213338	-0.0432805	-0.0614728	-0.0753587	-0.0694124	-0.0535903	-0.0388179	-0.033638	-0.0413558	-0.040673	-0.0324397	-0.0443271	-0.0635576	-0.071004	-0.0712172	-0.0536444	-0.0269839	-0.0141686	-0.0269968	-0.0731986	-0.138233	-0.201243	-0.246453	-0.263148	-0.257682	-0.220604	-0.119386	0.0472891	0.255236	0.508187	0.810748	1.12056	1.37094	1.49827	1.46126	1.2587	0.914911	0.476036	0	
0	-0.00250024	-0.000781473	-0.00599191	-0.00302231	-0.00634494	-0.0056356	-0.00496842	-0.00625328	-0.00481047	-0.00562898	-0.00686736	-0.00796321	-0.00974549	-0.0128526	-0.0135327	-0.0128464	-0.0163533	-0.012567	-0.0131933	-0.0208617	-0.0212984	-0.0272145	-0.039811	-0.0492895	-0.070383	-0.105353	-0.157505	-0.227296	-0.313948	-0.408554	-0.507811	-0.592429	-0.637289	-0.618156	-0.528048	-0.364132	-0.139669	0.118289	0.379217	0.620288	0.823175	0.96746	1.03882	1.0198	0.90591	0.711977	0.475946	0.243873	0.0539444	-0.0886919	-0.204131	-0.286525	-0.326431	-0.33668	-0.328468	-0.293042	-0.225092	-0.147022	-0.0802674	-0.0366179	-0.0276063	-0.0340822	-0.0511133	-0.0697454	-0.0779222	-0.0687457	-0.0447539	-0.0373776	-0.0426345	-0.0400193	-0.0380484	-0.0544381	-0.0735592	-0.0744451	-0.0623352	-0.0413584	-0.0279613	-0.0279669	-0.0446604	-0.0962288	-0.167148	-0.233229	-0.279555	-0.287913	-0.259365	-0.194415	-0.0748362	0.103145	0.321665	0.579996	0.883672	1.18888	1.42218	1.5279	1.47132	1.25079	0.901552	0.470182	0	
0	-0.00102184	-0.00284644	-0.00385806	-0.0045374	-0.00756809	-0.00683373	-0.0109385	-0.0112218	-0.0144111	-0.0159455	-0.0178691	-0.0197869	-0.0186422	-0.0222917	-0.0194643	-0.0219707	-0.0256253	-0.0240865	-0.0307465	-0.0336456	-0.0309024	-0.0413096	-0.0492895	-0.0579106	-0.0879296	-0.125918	-0.173473	-0.241441	-0.32917	-0.427636	-0.528143	-0.613555	-0.652725	-0.633389	-0.547945	-0.386219	-0.163485	0.0844387	0.336755	0.573739	0.773108	0.921945	1.00847	1.0105	0.920485	0.746973	0.529232	0.305656	0.116555	-0.0370171	-0.160568	-0.251427	-0.309941	-0.341755	-0.354974	-0.327346	-0.263027	-0.18074	-0.106876	-0.0580017	-0.0360439	-0.0311395	-0.0430451	-0.0688583	-0.0898483	-0.0820026	-0.0529711	-0.0401718	-0.0412714	-0.0388047	-0.0404043	-0.0622655	-0.0852275	-0.0822127	-0.0570173	-0.0315523	-0.0291266	-0.0377806	-0.0636399	-0.127312	-0.201262	-0.269017	-0.313803	-0.301672	-0.243287	-0.157676	-0.0279849	0.158978	0.39021	0.659213	0.961505	1.24952	1.46055	1.54858	1.47262	1.23333	0.881477	0.460749	0	
0	-0.00183146	-0.00562383	-0.00657663	-0.0100445	-0.0132991	-0.0137988	-0.0200001	-0.0191358	-0.0238948	-0.0262577	-0.0266034	-0.031749	-0.0319513	-0.0362816	-0.038054	-0.0427843	-0.0442626	-0.0455356	-0.0512438	-0.0493625	-0.055234	-0.0643639	-0.070383	-0.0879296	-0.116427	-0.146667	-0.197447	-0.271101	-0.359335	-0.457883	-0.557519	-0.641163	-0.678596	-0.663342	-0.578615	-0.414542	-0.1968	0.0391472	0.286311	0.517357	0.711336	0.86297	0.96286	0.984591	0.91796	0.770155	0.574241	0.365699	0.177699	0.0171913	-0.110255	-0.211491	-0.286526	-0.342017	-0.373451	-0.360521	-0.306103	-0.222928	-0.145205	-0.0879459	-0.0522953	-0.0339042	-0.0382142	-0.0661448	-0.0944126	-0.0875313	-0.0585514	-0.0465833	-0.0458127	-0.0462436	-0.0488327	-0.0687675	-0.0930144	-0.0826361	-0.0476127	-0.0260088	-0.0318016	-0.0531488	-0.0959782	-0.162909	-0.236132	-0.304725	-0.332824	-0.299249	-0.227918	-0.122177	0.0296164	0.226118	0.463405	0.738614	1.0338	1.30156	1.49277	1.56055	1.46075	1.20742	0.857809	0.447448	0	
0	-0.0046796	-0.00861853	-0.0137914	-0.017706	-0.0230197	-0.0262371	-0.0323383	-0.034522	-0.0399539	-0.0441826	-0.0462688	-0.054191	-0.054763	-0.0616673	-0.0651048	-0.0677634	-0.0717858	-0.0758285	-0.0781291	-0.0828763	-0.0899202	-0.0970144	-0.105353	-0.125918	-0.146667	-0.183514	-0.237945	-0.311678	-0.398348	-0.497319	-0.595501	-0.680622	-0.719216	-0.703533	-0.615491	-0.452314	-0.244886	-0.014028	0.228527	0.451279	0.635969	0.791743	0.900522	0.939209	0.895105	0.774927	0.605574	0.414116	0.230431	0.0681554	-0.0614342	-0.172868	-0.264567	-0.338629	-0.386078	-0.392663	-0.350849	-0.271465	-0.189789	-0.122199	-0.0741589	-0.043589	-0.0403764	-0.0675465	-0.0955704	-0.0907223	-0.0680092	-0.0562286	-0.0565256	-0.0574803	-0.0549948	-0.073035	-0.0930123	-0.0781083	-0.0463183	-0.0276051	-0.0392117	-0.0763318	-0.129351	-0.197825	-0.274433	-0.334789	-0.34197	-0.293318	-0.204941	-0.0737107	0.0956547	0.297575	0.537452	0.813819	1.10164	1.35079	1.51647	1.55639	1.43684	1.17936	0.831735	0.427938	0	
0	-0.00827603	-0.0158065	-0.0234072	-0.0317851	-0.0366304	-0.0461571	-0.0508937	-0.0580492	-0.066487	-0.0713261	-0.0791485	-0.0870825	-0.0899477	-0.098619	-0.102877	-0.106815	-0.114073	-0.118824	-0.123107	-0.131438	-0.137433	-0.143018	-0.157505	-0.173473	-0.197447	-0.237945	-0.295253	-0.363286	-0.450864	-0.550283	-0.654447	-0.736235	-0.772082	-0.755358	-0.668533	-0.509258	-0.306023	-0.0772367	0.158275	0.368293	0.547893	0.70576	0.818702	0.871378	0.84808	0.759027	0.615894	0.446683	0.269626	0.114312	-0.0184785	-0.139339	-0.246349	-0.332058	-0.395778	-0.423789	-0.398495	-0.327427	-0.241032	-0.165429	-0.104443	-0.0655388	-0.0549064	-0.0729611	-0.0945853	-0.0916456	-0.0774785	-0.0701621	-0.0731412	-0.0714411	-0.0641905	-0.0756677	-0.0858662	-0.0726053	-0.0503953	-0.0371259	-0.0549774	-0.101865	-0.162112	-0.236464	-0.313875	-0.358724	-0.343338	-0.27603	-0.16799	-0.0180578	0.163661	0.371462	0.612919	0.888497	1.16571	1.3898	1.52564	1.54061	1.40728	1.14763	0.801537	0.405846	0	
0	-0.0105797	-0.0235716	-0.0328428	-0.046753	-0.0569249	-0.0699577	-0.0812759	-0.0926095	-0.104565	-0.112772	-0.12546	-0.131955	-0.141692	-0.151703	-0.157422	-0.166733	-0.176094	-0.180199	-0.189111	-0.196355	-0.201885	-0.210463	-0.227296	-0.241441	-0.271101	-0.311678	-0.363286	-0.431331	-0.526347	-0.628528	-0.726797	-0.803853	-0.844853	-0.830589	-0.740612	-0.583273	-0.383341	-0.159147	0.0675093	0.266875	0.444399	0.597403	0.712702	0.7743	0.774497	0.712148	0.599951	0.452755	0.293269	0.149005	0.0155769	-0.1146	-0.231288	-0.323771	-0.40458	-0.453792	-0.45083	-0.388647	-0.304076	-0.219221	-0.149625	-0.105445	-0.0830316	-0.0870319	-0.092967	-0.0921331	-0.087088	-0.0878721	-0.095117	-0.0890946	-0.079191	-0.0774021	-0.0760291	-0.0689345	-0.0564339	-0.0539719	-0.0800729	-0.130058	-0.197081	-0.27874	-0.349645	-0.374176	-0.335777	-0.243951	-0.117164	0.0382816	0.228112	0.451833	0.697835	0.958744	1.21315	1.41553	1.52805	1.51792	1.36939	1.10913	0.769993	0.386854	0	
0	-0.0182091	-0.0365063	-0.0546279	-0.0712729	-0.0900625	-0.104308	-0.122695	-0.136232	-0.151963	-0.166589	-0.179254	-0.193759	-0.206132	-0.217873	-0.230408	-0.241006	-0.250338	-0.259657	-0.268569	-0.276217	-0.286067	-0.297866	-0.313948	-0.32917	-0.359335	-0.398348	-0.450864	-0.526347	-0.619925	-0.716405	-0.812395	-0.897517	-0.940065	-0.918935	-0.827758	-0.677721	-0.479268	-0.25741	-0.0395073	0.152801	0.325601	0.471706	0.586655	0.656716	0.676131	0.63871	0.556005	0.434041	0.29915	0.168526	0.0347023	-0.103495	-0.22443	-0.323806	-0.420214	-0.492077	-0.509064	-0.460333	-0.378204	-0.286193	-0.212176	-0.160101	-0.126741	-0.108373	-0.0979562	-0.097861	-0.100957	-0.114307	-0.122597	-0.114942	-0.0963808	-0.0773434	-0.0692738	-0.0631312	-0.0669947	-0.0841318	-0.112566	-0.164357	-0.237127	-0.317239	-0.375384	-0.379417	-0.318176	-0.202601	-0.0615995	0.0989237	0.301953	0.538732	0.776494	1.01522	1.25173	1.43576	1.51884	1.48266	1.32672	1.06948	0.738061	0.36958	0	
0	-0.0262506	-0.0510496	-0.077661	-0.100702	-0.126848	-0.14718	-0.172497	-0.191331	-0.212613	-0.233924	-0.249219	-0.271504	-0.284924	-0.301727	-0.316463	-0.326285	-0.340859	-0.349994	-0.360525	-0.373823	-0.381867	-0.395558	-0.408554	-0.427636	-0.457883	-0.497319	-0.550283	-0.628528	-0.716405	-0.813167	-0.91488	-1.00174	-1.03725	-1.01473	-0.93257	-0.784229	-0.583069	-0.366369	-0.159593	0.0286533	0.193395	0.331248	0.442441	0.517937	0.550451	0.534332	0.478148	0.384798	0.279713	0.164224	0.0332539	-0.107644	-0.227596	-0.334439	-0.444564	-0.535721	-0.571226	-0.538316	-0.462676	-0.370247	-0.294406	-0.2361	-0.187982	-0.14575	-0.119825	-0.114505	-0.12444	-0.146392	-0.156343	-0.146122	-0.114473	-0.0829333	-0.0667635	-0.0646381	-0.0878286	-0.11928	-0.156234	-0.208528	-0.27411	-0.348302	-0.392574	-0.376396	-0.292566	-0.151737	0.00307038	0.168954	0.379433	0.617377	0.846801	1.07115	1.2844	1.43671	1.49216	1.44491	1.28636	1.02634	0.704331	0.356011	0	
0	-0.0332874	-0.0660109	-0.0987556	-0.1312	-0.161941	-0.193721	-0.223433	-0.251256	-0.281154	-0.304385	-0.328759	-0.352478	-0.367389	-0.389659	-0.404076	-0.419226	-0.435662	-0.447661	-0.460081	-0.471212	-0.480633	-0.494625	-0.507811	-0.528143	-0.557519	-0.595501	-0.654447	-0.726797	-0.812395	-0.91488	-1.01939	-1.09928	-1.1347	-1.12018	-1.04143	-0.887841	-0.689771	-0.484028	-0.283049	-0.0972059	0.0557783	0.184129	0.289105	0.367291	0.405943	0.407441	0.373086	0.312673	0.236756	0.139276	0.0141965	-0.12056	-0.240764	-0.355178	-0.478757	-0.584732	-0.63693	-0.623776	-0.558782	-0.475809	-0.400212	-0.3351	-0.269755	-0.205902	-0.16496	-0.149397	-0.159514	-0.183546	-0.196521	-0.18137	-0.137084	-0.098733	-0.0785996	-0.0821986	-0.117864	-0.161847	-0.207015	-0.254984	-0.31354	-0.375703	-0.398616	-0.361168	-0.254911	-0.096673	0.0702332	0.249361	0.459397	0.687207	0.912789	1.12171	1.29876	1.41875	1.46063	1.40809	1.24157	0.979789	0.674252	0.347096	0	
0	-0.039887	-0.0818165	-0.119582	-0.161116	-0.197923	-0.235425	-0.271024	-0.303188	-0.335384	-0.363152	-0.391583	-0.416245	-0.44011	-0.464175	-0.481808	-0.50135	-0.517939	-0.528917	-0.543279	-0.55404	-0.565395	-0.576059	-0.592429	-0.613555	-0.641163	-0.680622	-0.736235	-0.803853	-0.897517	-1.00174	-1.09928	-1.17952	-1.22297	-1.21087	-1.1288	-0.977345	-0.789029	-0.589918	-0.388198	-0.211215	-0.0709659	0.0466185	0.146756	0.220105	0.260945	0.271978	0.258372	0.228633	0.179637	0.100204	-0.0112535	-0.136917	-0.259077	-0.384979	-0.52073	-0.637885	-0.709211	-0.714557	-0.670741	-0.60159	-0.528268	-0.454417	-0.368369	-0.289853	-0.234433	-0.206276	-0.209274	-0.232526	-0.248077	-0.226309	-0.174399	-0.128939	-0.108316	-0.118022	-0.155519	-0.20939	-0.265409	-0.311334	-0.356733	-0.394869	-0.394271	-0.334718	-0.207337	-0.0367887	0.144275	0.332893	0.534425	0.754081	0.971675	1.15406	1.29742	1.39466	1.42342	1.36228	1.19435	0.9417	0.64921	0.333702	0	
0	-0.0459037	-0.0910234	-0.135526	-0.177986	-0.219418	-0.258492	-0.296611	-0.331653	-0.36714	-0.398258	-0.428952	-0.457427	-0.48148	-0.505091	-0.524901	-0.542822	-0.557551	-0.572167	-0.583859	-0.594713	-0.607196	-0.619573	-0.637289	-0.652725	-0.678596	-0.719216	-0.772082	-0.844853	-0.940065	-1.03725	-1.1347	-1.22297	-1.26716	-1.25526	-1.17597	-1.03202	-0.849941	-0.652301	-0.454984	-0.290947	-0.162818	-0.0536755	0.0360632	0.0984957	0.134161	0.147987	0.150649	0.143085	0.114944	0.0550229	-0.0370139	-0.151957	-0.279909	-0.416107	-0.560327	-0.687323	-0.773318	-0.800756	-0.782213	-0.733109	-0.667662	-0.584079	-0.487614	-0.402804	-0.33766	-0.296574	-0.28356	-0.297904	-0.308866	-0.279959	-0.220362	-0.174969	-0.163086	-0.174758	-0.213481	-0.272068	-0.32922	-0.374066	-0.402038	-0.408353	-0.378357	-0.29293	-0.152549	0.0231453	0.216188	0.412663	0.613056	0.821192	1.01069	1.16444	1.28762	1.36405	1.37653	1.3114	1.1511	0.912225	0.626897	0.316189	0	
0	-0.0412984	-0.0824535	-0.123619	-0.163897	-0.204995	-0.24269	-0.282703	-0.317823	-0.352751	-0.386506	-0.414565	-0.444377	-0.467838	-0.490863	-0.510962	-0.52668	-0.545412	-0.557423	-0.571536	-0.585854	-0.595	-0.604947	-0.618156	-0.633389	-0.663342	-0.703533	-0.755358	-0.830589	-0.918935	-1.01473	-1.12018	-1.21087	-1.25526	-1.2475	-1.17288	-1.03572	-0.859375	-0.665065	-0.475741	-0.324813	-0.20489	-0.106493	-0.0309776	0.0163077	0.0432019	0.0565015	0.0691519	0.0752488	0.0647025	0.029142	-0.0377508	-0.144587	-0.276663	-0.422348	-0.574238	-0.71326	-0.818201	-0.871675	-0.886808	-0.864908	-0.810885	-0.725245	-0.626363	-0.540156	-0.468927	-0.410737	-0.376153	-0.376068	-0.37698	-0.343553	-0.285943	-0.248222	-0.245927	-0.262351	-0.296577	-0.345665	-0.401514	-0.440085	-0.441544	-0.416116	-0.357287	-0.250873	-0.09915	0.08866	0.289768	0.489687	0.690077	0.874766	1.0274	1.15986	1.26728	1.32386	1.32577	1.2612	1.11034	0.886525	0.60868	0.301747	0	
0	-0.0318008	-0.0623666	-0.0947332	-0.125153	-0.156279	-0.186943	-0.216896	-0.245017	-0.274871	-0.299484	-0.325333	-0.350541	-0.369923	-0.39443	-0.41377	-0.433145	-0.452037	-0.466517	-0.479778	-0.489875	-0.498152	-0.513052	-0.528048	-0.547945	-0.578615	-0.615491	-0.668533	-0.740612	-0.827758	-0.93257	-1.04143	-1.1288	-1.17597	-1.17288	-1.10504	-0.975852	-0.802726	-0.609804	-0.432016	-0.2891	-0.17606	-0.0879432	-0.0303446	0.00253776	0.0182181	0.0270764	0.0398827	0.0495136	0.0539796	0.044365	-0.00200763	-0.102315	-0.238538	-0.389528	-0.551785	-0.706901	-0.831431	-0.915676	-0.964077	-0.971635	-0.934154	-0.856587	-0.767364	-0.687049	-0.613331	-0.541481	-0.487458	-0.467262	-0.456245	-0.422765	-0.373148	-0.350454	-0.359246	-0.376418	-0.401498	-0.435972	-0.478686	-0.502681	-0.486016	-0.433001	-0.338893	-0.206811	-0.0387729	0.158723	0.359294	0.557187	0.748845	0.909099	1.03447	1.14263	1.22874	1.27477	1.27451	1.21331	1.07459	0.863722	0.593152	0.29299	0	
0	-0.0127007	-0.0266296	-0.0388329	-0.0529746	-0.066599	-0.0797063	-0.0953676	-0.109201	-0.125493	-0.142853	-0.160391	-0.180728	-0.199541	-0.220917	-0.237928	-0.25479	-0.271704	-0.282979	-0.299051	-0.31393	-0.330504	-0.346141	-0.364132	-0.386219	-0.414542	-0.452314	-0.509258	-0.583273	-0.677721	-0.784229	-0.887841	-0.977345	-1.03202	-1.03572	-0.975852	-0.850163	-0.675646	-0.492586	-0.324827	-0.185109	-0.0757257	-0.00327473	0.0385505	0.058044	0.0618591	0.0609242	0.0638396	0.072927	0.0920579	0.10588	0.0766579	-0.0163036	-0.146325	-0.299051	-0.472276	-0.644141	-0.79299	-0.906111	-0.988266	-1.02554	-1.01223	-0.960919	-0.893049	-0.826002	-0.756183	-0.677229	-0.608494	-0.569694	-0.544863	-0.512597	-0.478776	-0.471355	-0.489269	-0.510727	-0.529107	-0.549449	-0.573578	-0.574755	-0.532087	-0.445227	-0.319734	-0.167116	0.0170819	0.221805	0.418708	0.607552	0.78621	0.931269	1.03072	1.10362	1.17118	1.21905	1.22474	1.17371	1.04473	0.837821	0.579733	0.294914	0	
0	0.0147048	0.0301215	0.042627	0.055059	0.0647406	0.0711994	0.0750915	0.0763205	0.0717023	0.0682011	0.0593442	0.0492029	0.0404063	0.0262382	0.0134637	-0.00268917	-0.0206645	-0.0397216	-0.0601777	-0.0790004	-0.0971433	-0.117262	-0.139669	-0.163485	-0.1968	-0.244886	-0.306023	-0.383341	-0.479268	-0.583069	-0.689771	-0.789029	-0.849941	-0.859375	-0.802726	-0.675646	-0.510102	-0.338708	-0.171067	-0.0269684	0.0720619	0.131206	0.163844	0.174146	0.16591	0.149942	0.141282	0.149572	0.183298	0.21493	0.199624	0.124157	0.00892714	-0.139453	-0.322219	-0.512631	-0.684672	-0.827458	-0.938976	-1.00619	-1.03132	-1.02094	-0.986872	-0.94012	-0.876563	-0.797081	-0.71869	-0.66095	-0.625387	-0.600511	-0.587193	-0.604459	-0.639325	-0.666141	-0.682243	-0.685558	-0.674693	-0.639788	-0.569799	-0.461253	-0.315598	-0.141618	0.0576819	0.269467	0.469178	0.646432	0.802394	0.926583	0.999991	1.04598	1.10448	1.15941	1.17837	1.13937	1.01398	0.812702	0.573398	0.302209	0	
0	0.0440856	0.0870345	0.127854	0.166388	0.200065	0.232045	0.257534	0.280429	0.298707	0.31086	0.32027	0.32175	0.32036	0.310831	0.299335	0.283624	0.262636	0.244686	0.221389	0.198065	0.173585	0.148383	0.118289	0.0844387	0.0391472	-0.014028	-0.0772367	-0.159147	-0.25741	-0.366369	-0.484028	-0.589918	-0.652301	-0.665065	-0.609804	-0.492586	-0.338708	-0.166433	0.0121573	0.150625	0.239752	0.295944	0.32815	0.330422	0.309387	0.2806	0.262159	0.273025	0.316265	0.358201	0.360644	0.310203	0.219112	0.0778623	-0.111442	-0.317404	-0.513274	-0.6793	-0.813705	-0.910706	-0.978615	-1.01652	-1.01992	-0.99352	-0.941913	-0.869099	-0.789857	-0.729702	-0.696049	-0.685251	-0.698493	-0.738811	-0.786357	-0.820105	-0.833501	-0.819306	-0.778706	-0.70873	-0.610179	-0.485018	-0.325209	-0.134093	0.0816785	0.306487	0.50545	0.660832	0.785913	0.883345	0.940221	0.980696	1.03698	1.09424	1.12514	1.09966	0.989172	0.805157	0.569737	0.294106	0	
0	0.0652375	0.13154	0.193855	0.256279	0.314822	0.369017	0.419196	0.463966	0.49999	0.532502	0.554861	0.570296	0.581056	0.581468	0.578457	0.568625	0.552928	0.535194	0.510431	0.484547	0.455874	0.418825	0.379217	0.336755	0.286311	0.228527	0.158275	0.0675093	-0.0395073	-0.159593	-0.283049	-0.388198	-0.454984	-0.475741	-0.432016	-0.324827	-0.171067	0.0121573	0.187329	0.316839	0.407393	0.471139	0.500754	0.493527	0.463615	0.423951	0.400543	0.410482	0.454628	0.503541	0.52753	0.511648	0.448542	0.323222	0.138609	-0.0744765	-0.281782	-0.460616	-0.608811	-0.732374	-0.84548	-0.932145	-0.975725	-0.978194	-0.945665	-0.886335	-0.817573	-0.764743	-0.741802	-0.747391	-0.778881	-0.840126	-0.906581	-0.952059	-0.969083	-0.945849	-0.879325	-0.77381	-0.648623	-0.511425	-0.341173	-0.135476	0.0913303	0.317096	0.506476	0.641688	0.736592	0.807756	0.858792	0.903309	0.957571	1.01809	1.06604	1.06196	0.974166	0.80485	0.562049	0.278071	0	
