0	0	0	0	0	0	0	0	0	0	0	0	0	0	0	0	0	0	0	0	0	0	0	0	0	0	0	0	0	0	0	0	0	0	0	0	0	0	0	0	0	0	0	0	0	0	0	0	0	0	0	0	0	0	0	0	0	0	0	0	0	0	0	0	0	0	0	0	0	0	0	0	0	0	0	0	0	0	0	0	0	0	0	0	0	0	0	0	0	0	0	0	0	0	0	0	0	0	0	0	
0	-0.0580688	-0.0999172	-0.124725	-0.137974	-0.140008	-0.12571	-0.0894538	-0.0287242	0.0473418	0.123653	0.190166	0.2427	0.2761	0.287193	0.279988	0.264258	0.248517	0.233401	0.209458	0.165636	0.101246	0.0319573	-0.0198228	-0.042607	-0.0410474	-0.0277643	-0.0184744	-0.0192155	-0.0298499	-0.0459741	-0.0691079	-0.0992198	-0.138202	-0.181567	-0.215981	-0.226384	-0.20509	-0.152862	-0.0879097	-0.0280175	0.0180187	0.0540469	0.087734	0.1255	0.16195	0.18866	0.195917	0.18111	0.147458	0.100185	0.0445585	-0.00796658	-0.0461339	-0.0645149	-0.0651447	-0.0579115	-0.0505463	-0.0405896	-0.0200369	0.0142859	0.0509636	0.0794029	0.0958944	0.102555	0.103231	0.0977645	0.0832082	0.0565398	0.0198393	-0.0198179	-0.060483	-0.102251	-0.140611	-0.173632	-0.199894	-0.219525	-0.232348	-0.236393	-0.227815	-0.204625	-0.169806	-0.132604	-0.101144	-0.0771443	-0.0565719	-0.0326703	-0.00307292	0.0313637	0.0645008	0.094073	0.119397	0.138684	0.1545	0.163766	0.160604	0.142895	0.108402	0.0578177	0	
0	-0.0999172	-0.175023	-0.220961	-0.245751	-0.240988	-0.204208	-0.125626	-0.0086789	0.135552	0.27891	0.404624	0.502314	0.560871	0.578931	0.564722	0.536304	0.502477	0.462844	0.405048	0.316604	0.201155	0.0819105	-0.00821228	-0.0545331	-0.0624886	-0.047943	-0.0323491	-0.0294781	-0.0435124	-0.0745968	-0.12467	-0.188834	-0.262762	-0.336461	-0.387175	-0.398188	-0.356865	-0.268551	-0.155922	-0.0465342	0.0476517	0.128588	0.202315	0.272457	0.333616	0.372518	0.379146	0.350001	0.287729	0.202874	0.102336	0.00699103	-0.0650669	-0.105664	-0.118534	-0.109861	-0.0907432	-0.0618851	-0.0183668	0.0403633	0.097258	0.13962	0.165014	0.173968	0.172181	0.158841	0.129667	0.0836441	0.0199257	-0.0542596	-0.135581	-0.21674	-0.287821	-0.348374	-0.392014	-0.422763	-0.439646	-0.438354	-0.416224	-0.373554	-0.317738	-0.258642	-0.204235	-0.152399	-0.103199	-0.0549179	-0.0015978	0.0548101	0.109697	0.16568	0.217711	0.261423	0.29609	0.311588	0.301204	0.263081	0.196031	0.103782	0	
0	-0.124725	-0.220961	-0.284564	-0.313569	-0.296835	-0.227981	-0.109104	0.0580975	0.255328	0.451042	0.619899	0.747664	0.822643	0.845527	0.830272	0.791724	0.735371	0.660966	0.563327	0.438867	0.293071	0.148123	0.0338793	-0.0354949	-0.0634993	-0.0594382	-0.0469307	-0.0427446	-0.0617225	-0.106589	-0.181829	-0.272888	-0.36839	-0.452676	-0.503618	-0.50421	-0.450293	-0.340664	-0.202251	-0.0582086	0.077607	0.202152	0.311127	0.406186	0.477935	0.52214	0.528048	0.490319	0.411351	0.300372	0.169916	0.0460754	-0.0519547	-0.117495	-0.147262	-0.145294	-0.117768	-0.068553	-0.00287217	0.0713956	0.13268	0.177093	0.207813	0.222184	0.21626	0.187467	0.138055	0.0676979	-0.0222411	-0.120415	-0.223516	-0.327277	-0.417273	-0.49241	-0.551308	-0.59139	-0.607672	-0.598372	-0.5659	-0.515058	-0.448994	-0.374922	-0.298052	-0.220474	-0.145167	-0.0712044	0.000872552	0.0750413	0.147265	0.220336	0.291252	0.347213	0.388122	0.404412	0.38537	0.333259	0.247426	0.129715	0	
0	-0.137974	-0.245751	-0.313569	-0.340801	-0.304558	-0.209887	-0.0557704	0.145994	0.381289	0.606954	0.796712	0.937611	1.02104	1.05248	1.03915	0.990945	0.907169	0.796338	0.66633	0.521053	0.364926	0.211419	0.0864291	0.00160877	-0.0433243	-0.0547189	-0.0534465	-0.0602979	-0.0894328	-0.147159	-0.236418	-0.33921	-0.440682	-0.526569	-0.572497	-0.570099	-0.51034	-0.396273	-0.245122	-0.0801849	0.0864647	0.245236	0.382901	0.493241	0.573857	0.62027	0.627231	0.587978	0.500372	0.379404	0.235298	0.0980497	-0.0146558	-0.0974349	-0.148164	-0.156242	-0.126783	-0.0687646	0.00540951	0.0856762	0.150886	0.197892	0.231505	0.244151	0.231769	0.188355	0.114782	0.0202566	-0.089668	-0.20015	-0.309919	-0.415179	-0.507222	-0.590658	-0.653182	-0.696697	-0.718655	-0.71565	-0.687584	-0.633056	-0.55615	-0.46588	-0.372863	-0.278092	-0.187944	-0.103377	-0.0147481	0.0767192	0.162515	0.246523	0.318808	0.372603	0.412397	0.426649	0.408329	0.356201	0.266314	0.140927	0	
0	-0.140008	-0.240988	-0.296835	-0.304558	-0.25031	-0.132645	0.0398217	0.262391	0.51017	0.740563	0.927121	1.06587	1.15225	1.18609	1.16964	1.10551	0.996742	0.859614	0.710776	0.558275	0.403441	0.256505	0.13853	0.0566782	0.00548361	-0.0189129	-0.0362937	-0.0594393	-0.102455	-0.168512	-0.264604	-0.370671	-0.472632	-0.556693	-0.604027	-0.60378	-0.554631	-0.446752	-0.29745	-0.121588	0.0682341	0.256713	0.419555	0.547999	0.632567	0.678227	0.681409	0.639042	0.555169	0.439024	0.29936	0.160969	0.0408423	-0.0544588	-0.113518	-0.130823	-0.109965	-0.0592332	0.0109072	0.0896973	0.147772	0.183675	0.205473	0.211147	0.194133	0.145587	0.0649871	-0.0421312	-0.162795	-0.272396	-0.372075	-0.470267	-0.558036	-0.636378	-0.698461	-0.742382	-0.766452	-0.768941	-0.74649	-0.695301	-0.614177	-0.518469	-0.424181	-0.335719	-0.252567	-0.165901	-0.0723972	0.0280647	0.120625	0.204933	0.279036	0.333559	0.377609	0.402615	0.393221	0.349286	0.265595	0.140307	0	
0	-0.12571	-0.204208	-0.227981	-0.209887	-0.132645	-0.00395337	0.177905	0.397374	0.634604	0.843948	1.01285	1.14332	1.22616	1.25436	1.22424	1.14492	1.02158	0.873896	0.717605	0.562526	0.413864	0.282536	0.185683	0.11909	0.0701491	0.033967	0.00080337	-0.0370051	-0.0878168	-0.158459	-0.25776	-0.364198	-0.462683	-0.544523	-0.592503	-0.605955	-0.574229	-0.487199	-0.347368	-0.167964	0.0391154	0.25265	0.439241	0.57889	0.664445	0.698047	0.687847	0.64235	0.567951	0.475702	0.356902	0.230123	0.111997	0.0157286	-0.0498265	-0.074279	-0.0675944	-0.0370528	0.013042	0.0777754	0.125264	0.14401	0.143482	0.127705	0.101486	0.0552108	-0.0172148	-0.110812	-0.21855	-0.319236	-0.415261	-0.507047	-0.583009	-0.648747	-0.695148	-0.731318	-0.75839	-0.766744	-0.747088	-0.694006	-0.616114	-0.532739	-0.457379	-0.386193	-0.317323	-0.246973	-0.166385	-0.0795046	0.000570735	0.0833039	0.162475	0.232069	0.298847	0.344658	0.355425	0.326931	0.252944	0.135505	0	
0	-0.0894538	-0.125626	-0.109104	-0.0557704	0.0398217	0.177905	0.35133	0.552136	0.756232	0.932007	1.07377	1.18822	1.25917	1.27261	1.22804	1.13793	1.01054	0.862028	0.706581	0.555189	0.416276	0.301841	0.225132	0.175254	0.132119	0.0920262	0.0475039	-0.00155137	-0.0616337	-0.136815	-0.235126	-0.333829	-0.420341	-0.49263	-0.543646	-0.568108	-0.556808	-0.484772	-0.354282	-0.176857	0.0337512	0.252877	0.443279	0.584733	0.662575	0.685029	0.665283	0.619401	0.56245	0.494451	0.401832	0.295457	0.192973	0.105542	0.0432266	0.00594423	-0.0123486	-0.0122737	0.0112611	0.0553057	0.0801006	0.0775663	0.0581791	0.0282864	-0.00910526	-0.0588077	-0.123034	-0.201013	-0.291034	-0.374285	-0.452224	-0.525106	-0.577566	-0.619121	-0.653303	-0.686916	-0.713228	-0.718675	-0.697534	-0.652094	-0.587519	-0.522353	-0.468505	-0.422422	-0.382514	-0.341138	-0.291668	-0.229086	-0.162277	-0.0839922	0.00482445	0.0914871	0.179895	0.253692	0.290207	0.285367	0.231664	0.125663	0	
0	-0.0287242	-0.0086789	0.0580975	0.145994	0.262391	0.397374	0.552136	0.718111	0.885598	1.02326	1.13132	1.21558	1.2625	1.2602	1.20674	1.11314	0.984165	0.839467	0.69311	0.554941	0.427647	0.322093	0.254741	0.216839	0.186721	0.152142	0.103644	0.0420233	-0.0300217	-0.107747	-0.196985	-0.276714	-0.344182	-0.408294	-0.461644	-0.49759	-0.492746	-0.42431	-0.294519	-0.12241	0.0756556	0.278996	0.454064	0.580736	0.649171	0.664028	0.641117	0.599018	0.549794	0.499259	0.427599	0.34685	0.26963	0.20069	0.1376	0.0838627	0.0370646	0.00484901	-0.00470546	0.00901175	0.0124132	-0.00671197	-0.0387369	-0.0810631	-0.128652	-0.18479	-0.245029	-0.307061	-0.375498	-0.434362	-0.486274	-0.528964	-0.551947	-0.571097	-0.587492	-0.607242	-0.626551	-0.633436	-0.621039	-0.587594	-0.5392	-0.494276	-0.465568	-0.453104	-0.453561	-0.455898	-0.441893	-0.402646	-0.347685	-0.266025	-0.166987	-0.0633126	0.05027	0.15145	0.218948	0.242063	0.208248	0.117129	0	
0	0.0473418	0.135552	0.255328	0.381289	0.51017	0.634604	0.756232	0.885598	1.01597	1.11804	1.18341	1.2243	1.23649	1.21591	1.15734	1.06389	0.939692	0.806545	0.679924	0.560706	0.444716	0.342137	0.277824	0.250625	0.234781	0.208962	0.156777	0.0825743	0.000930425	-0.0758972	-0.149762	-0.208565	-0.257702	-0.311824	-0.363647	-0.394922	-0.382197	-0.304035	-0.172026	-0.0118147	0.163393	0.337107	0.482669	0.585771	0.637601	0.64627	0.625494	0.587308	0.544023	0.496628	0.436524	0.376213	0.323321	0.267762	0.201832	0.128768	0.0577391	-0.00178523	-0.0397249	-0.0553013	-0.083781	-0.125708	-0.168761	-0.211472	-0.254174	-0.300331	-0.350645	-0.401451	-0.451079	-0.480351	-0.494722	-0.504413	-0.505154	-0.509019	-0.509808	-0.512463	-0.517644	-0.519683	-0.517267	-0.505714	-0.48219	-0.466399	-0.475313	-0.506051	-0.550888	-0.590461	-0.603097	-0.578077	-0.524985	-0.439903	-0.328115	-0.202615	-0.0637413	0.0667357	0.159337	0.202546	0.186096	0.106163	0	
0	0.123653	0.27891	0.451042	0.606954	0.740563	0.843948	0.932007	1.02326	1.11804	1.18086	1.20393	1.20038	1.17609	1.13129	1.06441	0.978511	0.874586	0.77014	0.669969	0.570308	0.463171	0.363106	0.299918	0.275666	0.264161	0.238153	0.180875	0.100814	0.0168532	-0.0524094	-0.112618	-0.153237	-0.184636	-0.222397	-0.255919	-0.266109	-0.230395	-0.137335	-0.00521001	0.13993	0.286552	0.424654	0.531043	0.596723	0.622516	0.619665	0.598783	0.564825	0.523394	0.482475	0.43273	0.386224	0.343796	0.291121	0.216791	0.127533	0.0338598	-0.0505595	-0.116892	-0.16213	-0.211424	-0.268515	-0.317114	-0.350581	-0.369878	-0.390924	-0.417193	-0.44679	-0.474111	-0.475499	-0.463412	-0.453322	-0.440689	-0.430659	-0.418172	-0.409187	-0.41187	-0.422165	-0.430888	-0.434279	-0.436375	-0.45762	-0.507832	-0.579424	-0.655441	-0.71542	-0.741528	-0.725295	-0.678264	-0.588766	-0.463304	-0.318478	-0.1552	-0.00225665	0.111105	0.170962	0.165562	0.0971077	0	
0	0.190166	0.404624	0.619899	0.796712	0.927121	1.01285	1.07377	1.13132	1.18341	1.20393	1.188	1.15077	1.09192	1.01774	0.938317	0.86588	0.797124	0.731885	0.664167	0.584451	0.48841	0.390406	0.320435	0.284876	0.261822	0.227388	0.167867	0.0893739	0.0129195	-0.0486399	-0.0964119	-0.122345	-0.132563	-0.14203	-0.14199	-0.115287	-0.0463962	0.0659893	0.200779	0.32932	0.444779	0.538912	0.596215	0.615499	0.606485	0.584015	0.556514	0.523381	0.488899	0.455089	0.416193	0.378561	0.33964	0.282624	0.197222	0.0903381	-0.0256753	-0.140392	-0.236503	-0.303894	-0.370115	-0.431942	-0.469909	-0.477534	-0.462899	-0.44632	-0.442633	-0.446374	-0.447876	-0.429864	-0.403031	-0.379389	-0.352509	-0.331973	-0.316672	-0.319082	-0.338988	-0.360219	-0.379057	-0.396053	-0.418044	-0.466237	-0.546255	-0.641868	-0.736271	-0.81139	-0.848009	-0.838002	-0.789082	-0.696646	-0.566113	-0.409063	-0.232421	-0.0622174	0.0687736	0.143706	0.152085	0.0916074	0	
0	0.2427	0.502314	0.747664	0.937611	1.06587	1.14332	1.18822	1.21558	1.2243	1.20038	1.15077	1.08487	0.999174	0.900993	0.814338	0.75743	0.721579	0.696035	0.663149	0.61011	0.526717	0.425011	0.336122	0.274877	0.230775	0.186113	0.128206	0.061857	-0.00184595	-0.0514881	-0.0904067	-0.103555	-0.0921495	-0.0676162	-0.0255167	0.0468427	0.155272	0.294172	0.435775	0.55219	0.635739	0.683688	0.687813	0.657018	0.608106	0.557427	0.511575	0.469505	0.437675	0.418095	0.393434	0.35986	0.315737	0.251061	0.15744	0.0355302	-0.105837	-0.248047	-0.370003	-0.459289	-0.531926	-0.588103	-0.609576	-0.590363	-0.543365	-0.495627	-0.454206	-0.420135	-0.394637	-0.362676	-0.331107	-0.301637	-0.26617	-0.23779	-0.229413	-0.246413	-0.28366	-0.324804	-0.357883	-0.387424	-0.421351	-0.478087	-0.565213	-0.673646	-0.783719	-0.871778	-0.918064	-0.912857	-0.866776	-0.772647	-0.636023	-0.473109	-0.286978	-0.103982	0.0427222	0.132329	0.148457	0.0923203	0	
0	0.2761	0.560871	0.822643	1.02104	1.15225	1.22616	1.25917	1.2625	1.23649	1.17609	1.09192	0.999174	0.896635	0.795432	0.71665	0.675141	0.664034	0.670228	0.672925	0.646435	0.57335	0.462965	0.350205	0.260008	0.191576	0.133595	0.0795022	0.0281806	-0.0148735	-0.0516555	-0.0822381	-0.0878641	-0.0580168	-0.000123494	0.0870028	0.206789	0.35871	0.52618	0.679495	0.787394	0.843292	0.848483	0.805306	0.727989	0.637129	0.549566	0.474569	0.418397	0.387076	0.373445	0.354853	0.322172	0.273505	0.201457	0.0969222	-0.0383328	-0.193153	-0.351985	-0.489277	-0.589287	-0.667772	-0.719043	-0.724956	-0.686012	-0.618935	-0.54238	-0.469419	-0.404861	-0.353539	-0.308005	-0.266335	-0.227756	-0.190132	-0.169485	-0.169791	-0.196623	-0.245301	-0.29871	-0.350558	-0.393526	-0.431324	-0.486797	-0.572604	-0.681885	-0.796403	-0.89369	-0.949013	-0.950617	-0.903741	-0.808159	-0.670346	-0.498886	-0.303654	-0.111152	0.0435843	0.136309	0.153717	0.0961132	0	
0	0.287193	0.578931	0.845527	1.05248	1.18609	1.25436	1.27261	1.2602	1.21591	1.13129	1.01774	0.900993	0.795432	0.709528	0.652552	0.630519	0.63926	0.669212	0.693679	0.680665	0.609673	0.492248	0.364647	0.254584	0.165937	0.0947458	0.039446	0.00182531	-0.0234691	-0.0465151	-0.0705825	-0.0709198	-0.0279696	0.0580469	0.182282	0.344478	0.534109	0.730609	0.898564	1.00554	1.04422	1.01926	0.938768	0.821603	0.690792	0.566533	0.463829	0.389996	0.352	0.335911	0.313596	0.272425	0.216099	0.138173	0.0280258	-0.115689	-0.278255	-0.437354	-0.573459	-0.67726	-0.755162	-0.802754	-0.806065	-0.762794	-0.685956	-0.59606	-0.504196	-0.421731	-0.353865	-0.288561	-0.228021	-0.179796	-0.146766	-0.133164	-0.140697	-0.17071	-0.223886	-0.28913	-0.348595	-0.397039	-0.438743	-0.492174	-0.572999	-0.677235	-0.787194	-0.879055	-0.930804	-0.932871	-0.889018	-0.794171	-0.650573	-0.472561	-0.272356	-0.0775246	0.0756613	0.163245	0.171352	0.105221	0	
0	0.279988	0.564722	0.830272	1.03915	1.16964	1.22424	1.22804	1.20674	1.15734	1.06441	0.938317	0.814338	0.71665	0.652552	0.623964	0.628279	0.659246	0.70028	0.725559	0.705574	0.628032	0.507089	0.3769	0.262625	0.167881	0.0883256	0.0282866	-0.00792564	-0.0250995	-0.0392594	-0.0538831	-0.0452121	0.0104951	0.11421	0.260616	0.444926	0.657645	0.874286	1.05709	1.17341	1.21222	1.1781	1.08051	0.937403	0.775317	0.622483	0.496738	0.408275	0.353073	0.314479	0.27159	0.219142	0.158107	0.0776109	-0.0360365	-0.180171	-0.337533	-0.490423	-0.619959	-0.71937	-0.796316	-0.849	-0.859834	-0.821708	-0.745826	-0.651208	-0.558043	-0.474783	-0.395067	-0.312073	-0.234406	-0.177501	-0.144826	-0.135396	-0.147519	-0.184108	-0.241884	-0.303921	-0.357903	-0.397376	-0.432748	-0.483934	-0.560692	-0.656475	-0.751845	-0.827932	-0.866809	-0.859584	-0.806418	-0.707032	-0.56437	-0.386051	-0.18798	0.000694213	0.14451	0.217555	0.208463	0.125095	0	
0	0.264258	0.536304	0.791724	0.990945	1.10551	1.14492	1.13793	1.11314	1.06389	0.978511	0.86588	0.75743	0.675141	0.630519	0.628279	0.660151	0.706991	0.744908	0.753365	0.71511	0.625997	0.504053	0.380763	0.279648	0.196597	0.121941	0.0571749	0.0124496	-0.0110934	-0.0260997	-0.0327553	-0.0122831	0.0532688	0.164164	0.311385	0.496295	0.712355	0.937958	1.13631	1.27365	1.33591	1.31902	1.22643	1.07338	0.891883	0.717711	0.574102	0.464164	0.383153	0.314153	0.246266	0.177044	0.109715	0.0304537	-0.0769152	-0.213137	-0.3624	-0.504764	-0.626632	-0.725798	-0.808499	-0.872647	-0.899239	-0.87342	-0.804832	-0.71759	-0.630848	-0.548076	-0.460431	-0.370557	-0.290779	-0.23239	-0.197897	-0.185333	-0.198965	-0.239041	-0.293545	-0.343747	-0.37674	-0.39605	-0.417032	-0.454778	-0.521255	-0.605955	-0.687375	-0.744181	-0.759241	-0.73202	-0.664016	-0.5571	-0.411441	-0.235133	-0.0458719	0.131402	0.260717	0.314368	0.278769	0.162399	0	
0	0.248517	0.502477	0.735371	0.907169	0.996742	1.02158	1.01054	0.984165	0.939692	0.874586	0.797124	0.721579	0.664034	0.63926	0.659246	0.706991	0.756172	0.779426	0.767335	0.710071	0.612171	0.492456	0.383544	0.30301	0.242786	0.184344	0.122583	0.0691297	0.0307303	0.00695519	0.00350302	0.0325926	0.10213	0.205572	0.337776	0.505689	0.71072	0.936978	1.14727	1.31361	1.41349	1.4333	1.3658	1.22059	1.0314	0.842407	0.675334	0.537494	0.420733	0.318257	0.226919	0.146319	0.0753524	-0.000646655	-0.0969114	-0.217252	-0.353101	-0.489217	-0.609876	-0.717532	-0.813035	-0.894029	-0.934823	-0.91992	-0.8645	-0.790557	-0.711928	-0.630972	-0.54386	-0.460088	-0.387999	-0.331562	-0.293527	-0.276687	-0.28893	-0.323791	-0.364784	-0.397179	-0.40872	-0.399788	-0.391462	-0.403325	-0.447546	-0.513934	-0.577763	-0.616973	-0.615904	-0.571357	-0.483958	-0.361497	-0.208579	-0.0328405	0.149442	0.31196	0.420819	0.446001	0.371824	0.212386	0	
0	0.233401	0.462844	0.660966	0.796338	0.859614	0.873896	0.862028	0.839467	0.806545	0.77014	0.731885	0.696035	0.670228	0.669212	0.70028	0.744908	0.779426	0.782279	0.749226	0.678167	0.577474	0.470258	0.379926	0.32394	0.290583	0.258158	0.21099	0.155403	0.106392	0.0728927	0.0679376	0.095506	0.15151	0.232247	0.337608	0.483498	0.676384	0.900945	1.12376	1.31701	1.45475	1.51257	1.47563	1.34807	1.16209	0.960323	0.76788	0.59535	0.447216	0.320606	0.215707	0.127783	0.0535707	-0.0175209	-0.0997283	-0.201532	-0.321662	-0.446751	-0.56919	-0.690407	-0.806871	-0.905214	-0.959999	-0.961559	-0.926252	-0.868564	-0.800054	-0.727245	-0.648244	-0.579348	-0.517395	-0.461885	-0.422208	-0.399853	-0.39751	-0.412214	-0.431014	-0.439432	-0.42501	-0.387144	-0.350107	-0.330665	-0.343839	-0.38248	-0.426525	-0.453464	-0.441538	-0.387907	-0.289093	-0.156839	0.00425454	0.186908	0.366855	0.517575	0.60198	0.590381	0.472118	0.262992	0	
0	0.209458	0.405048	0.563327	0.66633	0.710776	0.717605	0.706581	0.69311	0.679924	0.669969	0.664167	0.663149	0.672925	0.693679	0.725559	0.753365	0.767335	0.749226	0.700286	0.619941	0.526431	0.436119	0.371729	0.343611	0.341847	0.338758	0.308959	0.260774	0.210803	0.174838	0.165188	0.177574	0.207181	0.255037	0.332222	0.457765	0.63823	0.862562	1.09363	1.30683	1.4686	1.55005	1.53455	1.42421	1.24501	1.03623	0.820256	0.62106	0.449802	0.311428	0.201805	0.111075	0.0378877	-0.0261447	-0.0927948	-0.173101	-0.271997	-0.383344	-0.50207	-0.637724	-0.771992	-0.888424	-0.962846	-0.987386	-0.976009	-0.938754	-0.88756	-0.833477	-0.775493	-0.71764	-0.657473	-0.599669	-0.554435	-0.519251	-0.49759	-0.48665	-0.474412	-0.453964	-0.409502	-0.343285	-0.280604	-0.233406	-0.219566	-0.235303	-0.262928	-0.276411	-0.254644	-0.196907	-0.0981887	0.0343497	0.198061	0.382173	0.560625	0.698469	0.759642	0.715975	0.556404	0.306606	0	
0	0.165636	0.316604	0.438867	0.521053	0.558275	0.562526	0.555189	0.554941	0.560706	0.570308	0.584451	0.61011	0.646435	0.680665	0.705574	0.71511	0.710071	0.678167	0.619941	0.540246	0.453892	0.385753	0.352779	0.364269	0.397897	0.422717	0.413821	0.380447	0.338825	0.300924	0.277503	0.2675	0.265764	0.283743	0.334693	0.43756	0.603196	0.822682	1.05888	1.28134	1.44984	1.53507	1.52552	1.42507	1.25193	1.0378	0.808036	0.593699	0.41469	0.27449	0.169003	0.0892584	0.0269498	-0.0244599	-0.0743228	-0.132637	-0.208738	-0.297728	-0.405685	-0.538335	-0.680319	-0.812913	-0.913574	-0.972799	-0.995333	-0.985991	-0.96326	-0.939783	-0.898717	-0.849058	-0.787633	-0.722138	-0.664477	-0.60966	-0.562374	-0.52455	-0.483263	-0.429399	-0.356718	-0.265744	-0.182324	-0.119076	-0.093801	-0.101466	-0.117346	-0.1183	-0.0909694	-0.0352288	0.0607792	0.189197	0.347002	0.52502	0.693485	0.819863	0.86625	0.803729	0.621799	0.340862	0	
0	0.101246	0.201155	0.293071	0.364926	0.403441	0.413864	0.416276	0.427647	0.444716	0.463171	0.48841	0.526717	0.57335	0.609673	0.628032	0.625997	0.612171	0.577474	0.526431	0.453892	0.381913	0.337278	0.344906	0.397041	0.464153	0.517927	0.535028	0.522857	0.488068	0.440978	0.399525	0.364823	0.338412	0.330735	0.357568	0.436194	0.579825	0.785785	1.01248	1.22572	1.38197	1.45548	1.44297	1.34801	1.18039	0.965862	0.7295	0.511645	0.33361	0.201487	0.110224	0.0487729	0.0102346	-0.0190186	-0.0496893	-0.0869661	-0.137279	-0.200153	-0.279474	-0.392323	-0.525105	-0.667341	-0.79826	-0.897798	-0.961321	-0.992748	-1.00955	-1.0136	-0.988935	-0.941111	-0.876052	-0.800939	-0.723837	-0.646479	-0.576828	-0.515619	-0.44715	-0.371223	-0.277788	-0.169865	-0.0776287	-0.0140839	0.00536488	-0.00127342	-0.0149973	-0.0155814	0.0136424	0.0704857	0.165589	0.290845	0.440943	0.605717	0.760606	0.872956	0.909425	0.839458	0.646159	0.354458	0	
0	0.0319573	0.0819105	0.148123	0.211419	0.256505	0.282536	0.301841	0.322093	0.342137	0.363106	0.390406	0.425011	0.462965	0.492248	0.507089	0.504053	0.492456	0.470258	0.436119	0.385753	0.337278	0.328049	0.372478	0.457652	0.553379	0.638836	0.686484	0.694157	0.663479	0.608864	0.547646	0.488837	0.433099	0.399606	0.405125	0.461924	0.581229	0.76048	0.95854	1.14265	1.27126	1.32567	1.30458	1.2093	1.04226	0.82888	0.598774	0.389967	0.22132	0.0995434	0.0253662	-0.00668244	-0.0172686	-0.0222373	-0.0272354	-0.0364082	-0.060804	-0.0922132	-0.138752	-0.217854	-0.331188	-0.474397	-0.624083	-0.757855	-0.866061	-0.946245	-1.00345	-1.03422	-1.01757	-0.97171	-0.901981	-0.813458	-0.718925	-0.623365	-0.537051	-0.459802	-0.378318	-0.290268	-0.188561	-0.0774711	0.00815131	0.0579721	0.0673861	0.0505575	0.028467	0.0218481	0.0460653	0.104118	0.201798	0.32507	0.467864	0.623044	0.770066	0.876241	0.903867	0.825732	0.631286	0.34354	0	
0	-0.0198228	-0.00821228	0.0338793	0.0864291	0.13853	0.185683	0.225132	0.254741	0.277824	0.299918	0.320435	0.336122	0.350205	0.364647	0.3769	0.380763	0.383544	0.379926	0.371729	0.352779	0.344906	0.372478	0.446703	0.553912	0.673223	0.785242	0.856324	0.882099	0.863768	0.808474	0.731187	0.640738	0.550819	0.488809	0.476202	0.514836	0.607405	0.752276	0.912024	1.05745	1.15234	1.17854	1.13535	1.02429	0.851522	0.645838	0.433369	0.246502	0.0966338	-0.00988227	-0.0669014	-0.0766919	-0.0560097	-0.0267119	0.000269196	0.0214857	0.0282963	0.0247504	0.0097447	-0.0400567	-0.13325	-0.266084	-0.418402	-0.571799	-0.71632	-0.837639	-0.929199	-0.977893	-0.972914	-0.930363	-0.857057	-0.760616	-0.655687	-0.554399	-0.461948	-0.380497	-0.296109	-0.207495	-0.108912	-0.00876392	0.0611979	0.0965883	0.092269	0.0624255	0.020585	-0.00219231	0.0195787	0.076508	0.168384	0.286905	0.429204	0.586999	0.735151	0.837612	0.862798	0.787511	0.600896	0.326866	0	
0	-0.042607	-0.0545331	-0.0354949	0.00160877	0.0566782	0.11909	0.175254	0.216839	0.250625	0.275666	0.284876	0.274877	0.260008	0.254584	0.262625	0.279648	0.30301	0.32394	0.343611	0.364269	0.397041	0.457652	0.553912	0.677406	0.808341	0.930268	1.01561	1.0617	1.05927	1.00724	0.914757	0.799721	0.68045	0.593336	0.562024	0.580714	0.647228	0.759103	0.881097	0.985822	1.03972	1.02598	0.94411	0.803859	0.620876	0.426673	0.243265	0.086643	-0.0399248	-0.126521	-0.162295	-0.145173	-0.0980667	-0.0398418	0.0231969	0.0822819	0.12001	0.14689	0.157912	0.129285	0.0530867	-0.0632249	-0.203412	-0.359611	-0.519628	-0.662058	-0.770324	-0.835572	-0.846611	-0.814659	-0.746195	-0.65317	-0.554465	-0.459869	-0.375306	-0.300764	-0.223004	-0.14188	-0.0560229	0.0249461	0.0783762	0.102071	0.0847281	0.0355734	-0.0178278	-0.0447843	-0.035705	0.00393135	0.0836722	0.202888	0.350153	0.508342	0.65823	0.765813	0.799732	0.739203	0.570309	0.311351	0	
0	-0.0410474	-0.0624886	-0.0634993	-0.0433243	0.00548361	0.0701491	0.132119	0.186721	0.234781	0.264161	0.261822	0.230775	0.191576	0.165937	0.167881	0.196597	0.242786	0.290583	0.341847	0.397897	0.464153	0.553379	0.673223	0.808341	0.938858	1.06225	1.16058	1.21998	1.22066	1.16395	1.06495	0.939414	0.802536	0.693051	0.641706	0.642499	0.687336	0.769716	0.854039	0.915937	0.926215	0.867256	0.741869	0.569592	0.372944	0.18511	0.0217274	-0.106149	-0.198375	-0.252251	-0.260401	-0.21979	-0.14834	-0.0642681	0.0257817	0.115641	0.189746	0.246853	0.281504	0.275244	0.220629	0.129443	0.0118814	-0.131776	-0.287417	-0.427092	-0.540092	-0.620017	-0.652415	-0.638139	-0.584225	-0.506996	-0.421911	-0.341955	-0.271979	-0.212595	-0.151166	-0.0892054	-0.0288144	0.0298341	0.0690199	0.0748931	0.0403015	-0.0134609	-0.0672919	-0.103817	-0.111605	-0.0862053	-0.0152349	0.0973993	0.241015	0.403814	0.565318	0.68833	0.738939	0.694424	0.540986	0.295852	0	
0	-0.0277643	-0.047943	-0.0594382	-0.0547189	-0.0189129	0.033967	0.0920262	0.152142	0.208962	0.238153	0.227388	0.186113	0.133595	0.0947458	0.0883256	0.121941	0.184344	0.258158	0.338758	0.422717	0.517927	0.638836	0.785242	0.930268	1.06225	1.19266	1.29905	1.3513	1.33667	1.2715	1.17233	1.04396	0.89657	0.77226	0.70902	0.697285	0.72169	0.768715	0.812066	0.831255	0.801129	0.703728	0.543967	0.345143	0.135941	-0.0527157	-0.203761	-0.310478	-0.374391	-0.395305	-0.373111	-0.308577	-0.217475	-0.112629	0.00337202	0.123667	0.226107	0.306739	0.359974	0.373961	0.348901	0.295132	0.212622	0.0980841	-0.0315125	-0.156997	-0.273542	-0.369986	-0.424101	-0.427383	-0.389105	-0.325371	-0.252254	-0.187707	-0.137536	-0.101517	-0.0685913	-0.0365871	0.000126028	0.0386574	0.0559982	0.0391048	-0.0117879	-0.0751481	-0.139572	-0.190729	-0.207893	-0.184442	-0.117128	-0.0067382	0.138566	0.308394	0.484576	0.624841	0.689741	0.655464	0.512142	0.279877	0	
0	-0.0184744	-0.0323491	-0.0469307	-0.0534465	-0.0362937	0.00080337	0.0475039	0.103644	0.156777	0.180875	0.167867	0.128206	0.0795022	0.039446	0.0282866	0.0571749	0.122583	0.21099	0.308959	0.413821	0.535028	0.686484	0.856324	1.01561	1.16058	1.29905	1.39822	1.43063	1.39843	1.32752	1.22532	1.09568	0.947841	0.822964	0.755387	0.731433	0.727973	0.73868	0.744951	0.727047	0.659643	0.528657	0.343853	0.132908	-0.0801544	-0.26805	-0.41488	-0.510289	-0.552065	-0.54875	-0.503745	-0.413952	-0.295792	-0.16605	-0.0261892	0.116589	0.239031	0.333061	0.400885	0.443211	0.455314	0.439314	0.393906	0.315454	0.217034	0.111108	0.00106171	-0.100774	-0.167987	-0.189067	-0.17318	-0.133009	-0.0802016	-0.0328299	-0.00128361	0.015936	0.0278241	0.039705	0.0560768	0.070977	0.0645684	0.0252892	-0.0409059	-0.122491	-0.210931	-0.279528	-0.302207	-0.276004	-0.207101	-0.0930989	0.0631156	0.244105	0.426243	0.570225	0.639458	0.614825	0.486625	0.267517	0	
0	-0.0192155	-0.0294781	-0.0427446	-0.0602979	-0.0594393	-0.0370051	-0.00155137	0.0420233	0.0825743	0.100814	0.0893739	0.061857	0.0281806	0.00182531	-0.00792564	0.0124496	0.0691297	0.155403	0.260774	0.380447	0.522857	0.694157	0.882099	1.0617	1.21998	1.3513	1.43063	1.44207	1.39727	1.31401	1.20735	1.08443	0.951369	0.837276	0.770427	0.734109	0.711745	0.699396	0.681562	0.628159	0.519326	0.353113	0.149225	-0.066168	-0.272888	-0.455012	-0.595965	-0.680185	-0.704021	-0.67764	-0.606686	-0.494859	-0.356873	-0.207605	-0.0499166	0.110459	0.249495	0.355112	0.437879	0.505266	0.547056	0.56192	0.547785	0.503669	0.437755	0.356283	0.261169	0.169774	0.101081	0.0615759	0.0473264	0.0534212	0.0739127	0.092005	0.106028	0.115216	0.122894	0.133959	0.142693	0.137861	0.105952	0.0436174	-0.0448144	-0.148485	-0.250362	-0.320534	-0.34078	-0.319858	-0.252748	-0.129172	0.032387	0.208868	0.380143	0.514122	0.58071	0.561908	0.446802	0.245391	0	
0	-0.0298499	-0.0435124	-0.0617225	-0.0894328	-0.102455	-0.0878168	-0.0616337	-0.0300217	0.000930425	0.0168532	0.0129195	-0.00184595	-0.0148735	-0.0234691	-0.0250995	-0.0110934	0.0307303	0.106392	0.210803	0.338825	0.488068	0.663479	0.863768	1.05927	1.22066	1.33667	1.39843	1.39727	1.33614	1.2414	1.1362	1.02673	0.909132	0.805383	0.7392	0.699234	0.671618	0.654744	0.624053	0.544639	0.404803	0.213831	-0.00203503	-0.217321	-0.421993	-0.602355	-0.734874	-0.803086	-0.804187	-0.753521	-0.661347	-0.531428	-0.378803	-0.218338	-0.0475491	0.124063	0.269532	0.382697	0.480184	0.566407	0.629576	0.666577	0.6815	0.66962	0.630882	0.568493	0.491953	0.411182	0.336573	0.279886	0.23972	0.21405	0.200095	0.192293	0.188937	0.194515	0.209889	0.229264	0.238968	0.223049	0.178588	0.102608	-0.00418895	-0.122927	-0.225734	-0.293617	-0.320524	-0.302338	-0.233196	-0.114391	0.0339198	0.19488	0.356854	0.484442	0.543088	0.520648	0.40968	0.222448	0	
0	-0.0459741	-0.0745968	-0.106589	-0.147159	-0.168512	-0.158459	-0.136815	-0.107747	-0.0758972	-0.0524094	-0.0486399	-0.0514881	-0.0516555	-0.0465151	-0.0392594	-0.0260997	0.00695519	0.0728927	0.174838	0.300924	0.440978	0.608864	0.808474	1.00724	1.16395	1.2715	1.32752	1.31401	1.2414	1.14291	1.04237	0.9371	0.825876	0.732134	0.671863	0.634914	0.612924	0.599942	0.570392	0.487914	0.340922	0.142981	-0.0755283	-0.293615	-0.499824	-0.675724	-0.79741	-0.850008	-0.833083	-0.765788	-0.659142	-0.522167	-0.365806	-0.200954	-0.0277789	0.146133	0.298105	0.417505	0.522277	0.622575	0.701705	0.758891	0.79784	0.808679	0.785297	0.737644	0.672057	0.592284	0.51008	0.435946	0.37725	0.332506	0.300714	0.279268	0.27127	0.279078	0.298415	0.322214	0.330555	0.317409	0.276056	0.19347	0.0786061	-0.0402593	-0.14236	-0.218355	-0.250523	-0.230526	-0.161916	-0.0552625	0.0786119	0.231051	0.379886	0.494238	0.542816	0.511906	0.400067	0.217217	0	
0	-0.0691079	-0.12467	-0.181829	-0.236418	-0.264604	-0.25776	-0.235126	-0.196985	-0.149762	-0.112618	-0.0964119	-0.0904067	-0.0822381	-0.0705825	-0.0538831	-0.0327553	0.00350302	0.0679376	0.165188	0.277503	0.399525	0.547646	0.731187	0.914757	1.06495	1.17233	1.22532	1.20735	1.1362	1.04237	0.93953	0.828717	0.724364	0.643041	0.590854	0.562523	0.551674	0.55384	0.543374	0.478844	0.344149	0.154892	-0.0589657	-0.278608	-0.48644	-0.657388	-0.770431	-0.815387	-0.792133	-0.716857	-0.605921	-0.471799	-0.32311	-0.169186	-0.00597906	0.159711	0.310265	0.440603	0.562899	0.672328	0.763503	0.835384	0.88854	0.911927	0.90123	0.863813	0.801711	0.714535	0.615964	0.529009	0.461576	0.411551	0.376615	0.357323	0.352669	0.363857	0.385194	0.406336	0.417203	0.407283	0.367378	0.293779	0.193311	0.08606	-0.0149729	-0.0962594	-0.130412	-0.113144	-0.0548127	0.0425651	0.174056	0.317993	0.448497	0.542896	0.577244	0.536309	0.415939	0.228077	0	
0	-0.0992198	-0.188834	-0.272888	-0.33921	-0.370671	-0.364198	-0.333829	-0.276714	-0.208565	-0.153237	-0.122345	-0.103555	-0.0878641	-0.0709198	-0.0452121	-0.0122831	0.0325926	0.095506	0.177574	0.2675	0.364823	0.488837	0.640738	0.799721	0.939414	1.04396	1.09568	1.08443	1.02673	0.9371	0.828717	0.718082	0.621382	0.55085	0.510644	0.502258	0.518451	0.552219	0.57394	0.538815	0.429499	0.260317	0.054162	-0.169773	-0.381309	-0.551624	-0.663723	-0.706323	-0.677993	-0.601134	-0.493405	-0.371738	-0.244862	-0.11529	0.0248995	0.176846	0.326851	0.462926	0.58893	0.708085	0.811833	0.893049	0.951369	0.979264	0.974231	0.943384	0.880952	0.782135	0.674427	0.577653	0.503476	0.451873	0.420021	0.409126	0.412722	0.428829	0.451176	0.472522	0.484277	0.482888	0.456059	0.399512	0.320392	0.2292	0.138399	0.0665113	0.0333857	0.038113	0.0845534	0.172071	0.291328	0.420994	0.535218	0.615877	0.635186	0.577917	0.442211	0.239025	0	
0	-0.138202	-0.262762	-0.36839	-0.440682	-0.472632	-0.462683	-0.420341	-0.344182	-0.257702	-0.184636	-0.132563	-0.0921495	-0.0580168	-0.0279696	0.0104951	0.0532688	0.10213	0.15151	0.207181	0.265764	0.338412	0.433099	0.550819	0.68045	0.802536	0.89657	0.947841	0.951369	0.909132	0.825876	0.724364	0.621382	0.532839	0.474956	0.459092	0.485272	0.539457	0.611328	0.664754	0.662912	0.587942	0.443488	0.243591	0.0164157	-0.19912	-0.369431	-0.481249	-0.523795	-0.503036	-0.43681	-0.345613	-0.24971	-0.148674	-0.0419443	0.0764907	0.209935	0.350913	0.483954	0.611249	0.729725	0.839029	0.925046	0.982185	1.01275	1.01552	0.989093	0.922803	0.81988	0.708189	0.605912	0.525323	0.468065	0.432317	0.418855	0.423268	0.443244	0.473218	0.506079	0.534653	0.548559	0.535054	0.499697	0.442548	0.368473	0.290761	0.230216	0.202324	0.202205	0.241232	0.316607	0.412757	0.517153	0.61401	0.676782	0.678144	0.606304	0.455185	0.243396	0	
0	-0.181567	-0.336461	-0.452676	-0.526569	-0.556693	-0.544523	-0.49263	-0.408294	-0.311824	-0.222397	-0.14203	-0.0676162	-0.000123494	0.0580469	0.11421	0.164164	0.205572	0.232247	0.255037	0.283743	0.330735	0.399606	0.488809	0.593336	0.693051	0.77226	0.822964	0.837276	0.805383	0.732134	0.643041	0.55085	0.474956	0.443341	0.464494	0.530187	0.624727	0.729102	0.810761	0.842502	0.801262	0.677663	0.488901	0.26794	0.0557076	-0.115962	-0.232922	-0.291679	-0.295717	-0.256922	-0.195396	-0.125705	-0.0492955	0.0330057	0.127901	0.242297	0.362517	0.481541	0.604616	0.731158	0.85078	0.936085	0.986652	1.01351	1.01801	0.996015	0.938748	0.847144	0.746067	0.641362	0.546582	0.471689	0.416385	0.391161	0.395641	0.424041	0.47061	0.520247	0.560632	0.584282	0.583537	0.566511	0.522312	0.459882	0.400285	0.353609	0.33042	0.334433	0.375925	0.44154	0.520382	0.603583	0.673531	0.709232	0.687854	0.601842	0.448454	0.240799	0	
0	-0.215981	-0.387175	-0.503618	-0.572497	-0.604027	-0.592503	-0.543646	-0.461644	-0.363647	-0.255919	-0.14199	-0.0255167	0.0870028	0.182282	0.260616	0.311385	0.337776	0.337608	0.332222	0.334693	0.357568	0.405125	0.476202	0.562024	0.641706	0.70902	0.755387	0.770427	0.7392	0.671863	0.590854	0.510644	0.459092	0.464494	0.525454	0.632105	0.761501	0.896113	1.00182	1.06227	1.04538	0.944693	0.779518	0.5763	0.366866	0.189483	0.0497056	-0.0427713	-0.0824064	-0.0785902	-0.0493972	-0.00801094	0.0444276	0.103063	0.173749	0.259198	0.353371	0.455764	0.574398	0.704664	0.829703	0.915573	0.964539	0.994552	1.00066	0.982765	0.936444	0.859534	0.769415	0.664611	0.5619	0.47155	0.397972	0.358651	0.355847	0.38633	0.443302	0.502951	0.551181	0.582798	0.587125	0.571596	0.531199	0.47889	0.431624	0.396085	0.38237	0.399585	0.449451	0.511347	0.586297	0.659674	0.705144	0.714659	0.676135	0.578569	0.423961	0.228798	0	
0	-0.226384	-0.398188	-0.50421	-0.570099	-0.60378	-0.605955	-0.568108	-0.49759	-0.394922	-0.266109	-0.115287	0.0468427	0.206789	0.344478	0.444926	0.496295	0.505689	0.483498	0.457765	0.43756	0.436194	0.461924	0.514836	0.580714	0.642499	0.697285	0.731433	0.734109	0.699234	0.634914	0.562523	0.502258	0.485272	0.530187	0.632105	0.77249	0.932985	1.09048	1.21693	1.29382	1.29535	1.22276	1.08747	0.900902	0.69456	0.4995	0.32674	0.198697	0.119786	0.0854734	0.0815229	0.0990608	0.129662	0.171915	0.223871	0.283138	0.341737	0.417285	0.524801	0.6522	0.777517	0.866137	0.922258	0.95863	0.972131	0.963967	0.928047	0.861415	0.776307	0.669877	0.559887	0.459101	0.370301	0.313672	0.299839	0.320904	0.371974	0.427477	0.475485	0.513731	0.52494	0.516827	0.48226	0.434732	0.390711	0.36013	0.358657	0.387852	0.447188	0.515364	0.585898	0.650569	0.686071	0.682841	0.638263	0.539997	0.388409	0.206785	0	
0	-0.20509	-0.356865	-0.450293	-0.51034	-0.554631	-0.574229	-0.556808	-0.492746	-0.382197	-0.230395	-0.0463962	0.155272	0.35871	0.534109	0.657645	0.712355	0.71072	0.676384	0.63823	0.603196	0.579825	0.581229	0.607405	0.647228	0.687336	0.72169	0.727973	0.711745	0.671618	0.612924	0.551674	0.518451	0.539457	0.624727	0.761501	0.932985	1.11867	1.30289	1.44567	1.53119	1.54603	1.49062	1.36833	1.19161	0.980766	0.765477	0.567012	0.410549	0.30225	0.235613	0.205212	0.199115	0.210082	0.236973	0.270873	0.3021	0.331012	0.381682	0.470295	0.583578	0.694228	0.77916	0.84062	0.886217	0.913564	0.924224	0.910406	0.857635	0.774491	0.664627	0.5435	0.421806	0.312275	0.238725	0.206628	0.212259	0.250477	0.293937	0.336501	0.376096	0.394286	0.39176	0.368387	0.334441	0.295407	0.274551	0.284697	0.319511	0.379991	0.447436	0.514121	0.569773	0.601616	0.60058	0.561025	0.479492	0.348069	0.182127	0	
0	-0.152862	-0.268551	-0.340664	-0.396273	-0.446752	-0.487199	-0.484772	-0.42431	-0.304035	-0.137335	0.0659893	0.294172	0.52618	0.730609	0.874286	0.937958	0.936978	0.900945	0.862562	0.822682	0.785785	0.76048	0.752276	0.759103	0.769716	0.768715	0.73868	0.699396	0.654744	0.599942	0.55384	0.552219	0.611328	0.729102	0.896113	1.09048	1.30289	1.50956	1.66475	1.75585	1.77164	1.71571	1.59679	1.42404	1.20669	0.974862	0.759984	0.58647	0.452512	0.364583	0.311084	0.281101	0.27389	0.287702	0.303492	0.313144	0.317205	0.340443	0.400183	0.480229	0.562906	0.638112	0.702856	0.760444	0.812689	0.852204	0.85838	0.819639	0.743525	0.635277	0.506516	0.368722	0.240902	0.141251	0.0857356	0.07035	0.0863901	0.115321	0.149575	0.186171	0.206721	0.212511	0.20418	0.186112	0.1605	0.149459	0.167561	0.201323	0.253242	0.321896	0.386792	0.435934	0.473234	0.483845	0.458648	0.396272	0.291693	0.156707	0	
0	-0.0879097	-0.155922	-0.202251	-0.245122	-0.29745	-0.347368	-0.354282	-0.294519	-0.172026	-0.00521001	0.200779	0.435775	0.679495	0.898564	1.05709	1.13631	1.14727	1.12376	1.09363	1.05888	1.01248	0.95854	0.912024	0.881097	0.854039	0.812066	0.744951	0.681562	0.624053	0.570392	0.543374	0.57394	0.664754	0.810761	1.00182	1.21693	1.44567	1.66475	1.82859	1.9165	1.92491	1.86346	1.74648	1.57445	1.35022	1.11056	0.890386	0.701139	0.555436	0.452856	0.375305	0.32583	0.305532	0.304909	0.311229	0.307161	0.284419	0.278262	0.300835	0.342183	0.396774	0.460674	0.527381	0.595253	0.666283	0.727491	0.753286	0.730522	0.66903	0.572007	0.442905	0.296338	0.153316	0.0352364	-0.043239	-0.08476	-0.0939901	-0.0868332	-0.0649406	-0.0369295	-0.0146756	0.00736112	0.0142061	0.00534952	-0.00639761	-0.00707302	0.00937848	0.0440129	0.0966526	0.161214	0.227755	0.284049	0.331059	0.356611	0.34598	0.301127	0.225873	0.123716	0	
0	-0.0280175	-0.0465342	-0.0582086	-0.0801849	-0.121588	-0.167964	-0.176857	-0.12241	-0.0118147	0.13993	0.32932	0.55219	0.787394	1.00554	1.17341	1.27365	1.31361	1.31701	1.30683	1.28134	1.22572	1.14265	1.05745	0.985822	0.915937	0.831255	0.727047	0.628159	0.544639	0.487914	0.478844	0.538815	0.662912	0.842502	1.06227	1.29382	1.53119	1.75585	1.9165	1.99207	1.98684	1.91903	1.79719	1.61735	1.39365	1.16226	0.941643	0.75237	0.603883	0.486203	0.393029	0.332391	0.301355	0.289714	0.282694	0.260652	0.219283	0.184711	0.169961	0.181126	0.216596	0.26631	0.327269	0.399805	0.478994	0.551838	0.591581	0.588287	0.55079	0.474125	0.35688	0.213212	0.0661719	-0.064232	-0.164624	-0.2331	-0.270407	-0.290215	-0.291927	-0.272366	-0.245591	-0.217069	-0.19749	-0.19296	-0.191636	-0.181351	-0.159508	-0.116319	-0.0511096	0.0183771	0.0834967	0.145725	0.193547	0.216092	0.218622	0.19718	0.147292	0.0774217	0	
0	0.0180187	0.0476517	0.077607	0.0864647	0.0682341	0.0391154	0.0337512	0.0756556	0.163393	0.286552	0.444779	0.635739	0.843292	1.04422	1.21222	1.33591	1.41349	1.45475	1.4686	1.44984	1.38197	1.27126	1.15234	1.03972	0.926215	0.801129	0.659643	0.519326	0.404803	0.340922	0.344149	0.429499	0.587942	0.801262	1.04538	1.29535	1.54603	1.77164	1.92491	1.98684	1.97172	1.8897	1.74458	1.55382	1.33689	1.11415	0.905073	0.729113	0.587872	0.470078	0.378522	0.317015	0.277682	0.253962	0.228985	0.184669	0.122038	0.0637493	0.0296172	0.0241182	0.0393692	0.0729987	0.122106	0.184605	0.262552	0.337655	0.385196	0.403803	0.391828	0.340254	0.245321	0.119117	-0.0197058	-0.154998	-0.269562	-0.361604	-0.430534	-0.475921	-0.496671	-0.491457	-0.465283	-0.431499	-0.403213	-0.384049	-0.370098	-0.346537	-0.30415	-0.244831	-0.171803	-0.0972993	-0.0350022	0.0200019	0.0615878	0.0827619	0.0949044	0.0961653	0.0749277	0.0355399	0	
0	0.0540469	0.128588	0.202152	0.245236	0.256713	0.25265	0.252877	0.278996	0.337107	0.424654	0.538912	0.683688	0.848483	1.01926	1.1781	1.31902	1.4333	1.51257	1.55005	1.53507	1.45548	1.32567	1.17854	1.02598	0.867256	0.703728	0.528657	0.353113	0.213831	0.142981	0.154892	0.260317	0.443488	0.677663	0.944693	1.22276	1.49062	1.71571	1.86346	1.91903	1.8897	1.77715	1.60288	1.40058	1.18826	0.97963	0.795567	0.64246	0.519168	0.41703	0.339607	0.28249	0.239295	0.202215	0.155885	0.0962056	0.0240945	-0.0539752	-0.105666	-0.12115	-0.126957	-0.116177	-0.0840765	-0.032761	0.0373551	0.105299	0.159117	0.19618	0.203217	0.181284	0.120012	0.0185971	-0.0995018	-0.228337	-0.353378	-0.464463	-0.557837	-0.624202	-0.663426	-0.667425	-0.637608	-0.606581	-0.581014	-0.549314	-0.518648	-0.476563	-0.408699	-0.33091	-0.255462	-0.182602	-0.126237	-0.0904622	-0.0601517	-0.0334244	-0.016955	-0.00329124	0.00752375	0.0051472	0	
0	0.087734	0.202315	0.311127	0.382901	0.419555	0.439241	0.443279	0.454064	0.482669	0.531043	0.596215	0.687813	0.805306	0.938768	1.08051	1.22643	1.3658	1.47563	1.53455	1.52552	1.44297	1.30458	1.13535	0.94411	0.741869	0.543967	0.343853	0.149225	-0.00203503	-0.0755283	-0.0589657	0.054162	0.243591	0.488901	0.779518	1.08747	1.36833	1.59679	1.74648	1.79719	1.74458	1.60288	1.40502	1.18957	0.97694	0.785473	0.629808	0.503318	0.405319	0.331139	0.271171	0.224621	0.188085	0.140005	0.0800667	0.00851023	-0.074954	-0.157077	-0.213771	-0.247114	-0.278537	-0.293409	-0.279564	-0.239068	-0.177644	-0.11375	-0.0550261	-0.00747899	0.0183831	0.023021	-0.0056598	-0.0737373	-0.166543	-0.282603	-0.406607	-0.524958	-0.636188	-0.720775	-0.77182	-0.786856	-0.769166	-0.741321	-0.707978	-0.664392	-0.616332	-0.558245	-0.475973	-0.384956	-0.311325	-0.247472	-0.199344	-0.178345	-0.15625	-0.128899	-0.108823	-0.0833744	-0.0513719	-0.0231712	0	
