0	0	0	0	0	0	0	0	0	0	0	0	0	0	0	0	0	0	0	0	0	0	0	0	0	0	0	0	0	0	0	0	0	0	0	0	0	0	0	0	0	0	0	0	0	0	0	0	0	0	0	0	0	0	0	0	0	0	0	0	0	0	0	0	0	0	0	0	0	0	0	0	0	0	0	0	0	0	0	0	0	0	0	0	0	0	0	0	0	0	0	0	0	0	0	0	0	0	0	0	
0	0.00401643	0.00194422	0.00383988	-0.00115664	-0.00462548	0.00360192	0.00111952	-0.00852908	0.000274911	4.10902e-05	-0.00176446	-0.00306721	0.000233112	0.00470371	-0.00343343	0.000163434	0.00688946	-0.00240582	-0.000964103	-0.000679946	0.00333774	0.00216977	-0.00866294	-0.00231982	0.00231067	0.00310069	-0.00763203	-0.00894122	-0.00433553	0.000150786	0.00655449	-0.00562184	-0.0148452	-0.0207182	-0.00477725	0.00422055	0.0105768	0.00578237	-0.0115858	-0.0392051	-0.0652033	-0.0742787	-0.0636839	-0.0488317	-0.0146505	0.0223858	0.0723812	0.11231	0.131781	0.145034	0.140495	0.13381	0.112026	0.0730843	0.0212904	-0.0267692	-0.0687246	-0.0905448	-0.0898127	-0.082453	-0.0624545	-0.0444914	-0.0260004	-0.0101446	-0.0102463	-0.00734548	0.000659616	0.00218198	-0.00218426	-0.00181047	0.00353832	-0.00191175	-0.00859083	-0.00800963	-0.0175418	-0.0348551	-0.04949	-0.0656025	-0.0824934	-0.094038	-0.0872316	-0.0518501	-0.00383756	0.0407027	0.0862077	0.127278	0.148633	0.151604	0.143059	0.123011	0.0955311	0.0642493	0.0248376	-0.0203575	-0.0583189	-0.0806041	-0.0824126	-0.0546485	0	
0	0.00194422	-0.0117537	-0.00175817	0.00364628	-0.00276677	0.0012704	0.00369006	-0.00242822	0.0035518	0.00117066	-0.00293755	-0.00206453	0.0020503	-0.00252496	-0.0102692	-0.00310217	0.00174818	-0.00651273	-0.00942487	-0.00333254	0.00139926	-4.76947e-05	-0.0148939	-0.00619822	0.00557171	0.00408915	-0.0126416	-0.0144305	-0.00737343	0.00371114	0.0103932	-0.00808221	-0.0295885	-0.0357558	-0.0101278	0.00824023	0.0177949	0.00667538	-0.0288078	-0.0829571	-0.135154	-0.149169	-0.134941	-0.0966502	-0.0354093	0.0459212	0.14424	0.22295	0.269706	0.292687	0.287341	0.272313	0.224185	0.14024	0.0407344	-0.0638942	-0.144811	-0.17654	-0.181414	-0.159986	-0.113512	-0.083786	-0.0574126	-0.0309872	-0.0185584	-0.00722581	-0.00193774	-0.000157573	-1.57435e-05	0.000207934	0.00295385	-0.00694329	-0.0146604	-0.0145109	-0.036082	-0.0702183	-0.0983797	-0.130118	-0.164119	-0.186173	-0.171527	-0.103565	-0.0104226	0.0796252	0.171209	0.251778	0.294106	0.300885	0.284654	0.246243	0.192667	0.129569	0.0501102	-0.0392973	-0.113772	-0.157216	-0.159995	-0.105505	0	
0	0.00383988	-0.00175817	0.00515549	0.00137387	-0.00417096	-0.00475111	-8.4207e-05	-0.00472178	-0.00158329	0.00486669	-0.00541321	-0.00515174	0.00311426	0.00190489	-0.00831824	0.00107186	0.00268477	-0.00330864	-0.0086002	-0.00171974	0.0025858	-0.00199566	-0.0164436	-0.00887515	0.00595601	0.000289102	-0.0180591	-0.0204791	-0.0121109	0.00348262	0.00678487	-0.013962	-0.0452725	-0.0464131	-0.0165751	0.0113648	0.0221245	0.00383736	-0.0457092	-0.125399	-0.192631	-0.214309	-0.191237	-0.132162	-0.0430232	0.0797681	0.219448	0.330381	0.401596	0.428448	0.423489	0.398231	0.322615	0.205494	0.0575592	-0.093313	-0.205809	-0.260562	-0.266675	-0.235221	-0.17714	-0.129001	-0.0857911	-0.0443058	-0.0234683	-0.0120837	-0.00307779	0.000257891	-0.00315166	-0.000861574	0.00526046	-0.00758344	-0.0208851	-0.0264707	-0.0557166	-0.101199	-0.145255	-0.195319	-0.244842	-0.273348	-0.249905	-0.155423	-0.0219768	0.115346	0.25347	0.370553	0.433365	0.445695	0.423604	0.369891	0.292449	0.196589	0.0763895	-0.0550788	-0.163358	-0.225887	-0.2281	-0.14899	0	
0	-0.00115664	0.00364628	0.00137387	-0.00780146	1.58999e-05	0.00573489	-0.00145931	-0.00215666	-0.00485528	-0.00451799	-0.00220595	-0.00309833	-9.37352e-05	-0.00308337	-0.00713989	0.000746408	-0.000266449	-0.00636794	-0.00607643	-0.0042839	0.00130513	-0.00657565	-0.0145322	-0.00892247	0.0034436	-0.00406164	-0.0197648	-0.0218462	-0.0126356	0.00219075	0.00214926	-0.0212353	-0.0534801	-0.0506686	-0.020088	0.013371	0.0199961	-0.00442711	-0.0720506	-0.168677	-0.248073	-0.275743	-0.242178	-0.165479	-0.0453863	0.11774	0.290057	0.438992	0.526726	0.563662	0.561732	0.516866	0.419525	0.265132	0.0672813	-0.122973	-0.26631	-0.346626	-0.351048	-0.305806	-0.240449	-0.168423	-0.101936	-0.0585934	-0.0381042	-0.020146	-0.00578315	0.000384977	0.00223678	0.00142065	-0.00186325	-0.0109499	-0.0213876	-0.0386557	-0.0777477	-0.130733	-0.190356	-0.25925	-0.322575	-0.354001	-0.321489	-0.207329	-0.0388277	0.146813	0.330581	0.48044	0.563668	0.584229	0.559172	0.493998	0.394903	0.265238	0.104511	-0.0654299	-0.203848	-0.282734	-0.282457	-0.18198	0	
0	-0.00462548	-0.00276677	-0.00417096	1.58999e-05	0.00271706	-0.00124389	-0.00665532	0.00294246	0.00115815	-0.00336353	0.00130132	-0.00420596	-0.00502692	-0.00603321	-0.0040972	-0.00528912	-0.00836567	-0.00809489	-0.00510985	-0.00828748	-0.00435511	-0.0114339	-0.0101015	-0.00921298	-0.00263061	-0.0101449	-0.0190107	-0.0203367	-0.012585	-0.00171744	-0.00740826	-0.0292022	-0.0567017	-0.0495981	-0.0230765	0.0105495	0.00983497	-0.0231506	-0.107526	-0.213467	-0.300505	-0.328628	-0.287102	-0.18893	-0.0383743	0.161888	0.365078	0.544365	0.651475	0.697394	0.695057	0.629202	0.505058	0.309178	0.0691671	-0.158298	-0.329768	-0.420948	-0.423509	-0.36911	-0.292036	-0.204628	-0.134574	-0.0863052	-0.0441499	-0.0156996	-0.00708885	-0.0036041	0.00181606	0.000490508	-0.00449631	-0.00947656	-0.0252005	-0.055159	-0.0978104	-0.157612	-0.235259	-0.321318	-0.395	-0.426739	-0.386361	-0.258761	-0.0597855	0.173164	0.399423	0.578278	0.682675	0.715097	0.691035	0.618209	0.498823	0.334767	0.135671	-0.0675361	-0.231762	-0.323957	-0.319391	-0.202092	0	
0	0.00360192	0.0012704	-0.00475111	0.00573489	-0.00124389	-0.00981154	-0.00140445	0.000861833	-0.00413893	-0.00532138	-0.000881954	-0.00263947	-0.00703825	-0.00202131	0.00090897	-0.00711814	-0.00851426	-0.0026428	-0.00429776	-0.00785928	-0.011427	-0.0112109	-0.00691917	-0.0101381	-0.0136155	-0.017424	-0.0183779	-0.0197974	-0.0151657	-0.0124816	-0.0223234	-0.0398157	-0.0550173	-0.0478173	-0.0249901	-0.000937041	-0.00558515	-0.0537956	-0.144825	-0.255446	-0.340227	-0.364898	-0.314591	-0.193815	-0.0121625	0.213914	0.447247	0.641099	0.76757	0.820179	0.808392	0.72724	0.572877	0.342118	0.0720908	-0.185413	-0.382636	-0.485433	-0.491436	-0.437242	-0.347296	-0.240783	-0.162843	-0.101917	-0.0470805	-0.0229096	-0.0146737	-0.00367675	0.00415181	0.000300992	-0.00638389	-0.0102575	-0.0318158	-0.0707858	-0.116084	-0.184353	-0.279382	-0.379952	-0.460873	-0.490997	-0.444851	-0.308451	-0.0826777	0.193485	0.456591	0.661249	0.788539	0.837321	0.818999	0.741412	0.601868	0.404093	0.171447	-0.0582507	-0.243452	-0.34586	-0.336048	-0.20797	0	
0	0.00111952	0.00369006	-8.4207e-05	-0.00145931	-0.00665532	-0.00140445	0.00231136	-0.00167723	-0.0083218	-0.00838351	0.00106433	-0.0019772	-0.00917753	-0.00473766	0.00166507	-0.0113489	-0.00886561	-0.00337782	-0.00487786	-0.0105276	-0.0163251	-0.0107668	-0.00258065	-0.0130492	-0.0224754	-0.0214084	-0.0135818	-0.0172378	-0.0164797	-0.0251379	-0.0355227	-0.0459208	-0.0461295	-0.0415756	-0.0278863	-0.0158594	-0.0320677	-0.0912859	-0.18947	-0.293381	-0.373345	-0.390634	-0.330081	-0.186905	0.0227877	0.273011	0.52499	0.736351	0.877296	0.935826	0.917223	0.812017	0.628041	0.364845	0.066195	-0.216464	-0.429752	-0.54238	-0.556231	-0.494154	-0.395162	-0.283037	-0.18629	-0.110254	-0.0595001	-0.0362281	-0.0171905	-0.000682282	0.00629383	-0.000738391	-0.0107707	-0.0132042	-0.036677	-0.0836564	-0.135637	-0.213101	-0.321526	-0.43304	-0.518801	-0.547423	-0.497946	-0.354119	-0.104638	0.2066	0.498845	0.727298	0.880057	0.950192	0.942433	0.861437	0.70105	0.47235	0.213708	-0.0344777	-0.235285	-0.344967	-0.330614	-0.199482	0	
0	-0.00852908	-0.00242822	-0.00472178	-0.00215666	0.00294246	0.000861833	-0.00167723	-0.00397515	-0.00473185	-0.000128187	0.000414758	-0.0110445	-0.0118872	-0.00356711	-0.00390845	-0.0146336	-0.0125287	-0.00347577	-0.00735363	-0.0138134	-0.0186692	-0.00883565	-0.000535941	-0.0177115	-0.0291005	-0.0207089	-0.00967207	-0.0133476	-0.0221669	-0.0368037	-0.04868	-0.0443999	-0.0355852	-0.0332965	-0.0348377	-0.03749	-0.068311	-0.138245	-0.235141	-0.328635	-0.3961	-0.404156	-0.331163	-0.164073	0.0672069	0.338079	0.601517	0.825764	0.980608	1.04197	1.01251	0.885385	0.666945	0.377319	0.0556975	-0.250611	-0.473115	-0.59424	-0.612534	-0.540864	-0.433501	-0.317208	-0.214069	-0.133148	-0.0754127	-0.0389715	-0.0116589	-0.000188969	-0.00140948	-0.00492858	-0.00692313	-0.0136103	-0.0472662	-0.0976257	-0.153089	-0.24181	-0.362375	-0.480302	-0.568131	-0.597064	-0.545652	-0.392653	-0.123606	0.210926	0.524096	0.775672	0.956664	1.05287	1.05961	0.975002	0.793511	0.539441	0.264396	0.00638393	-0.203956	-0.318286	-0.302479	-0.177727	0	
0	0.000274911	0.0035518	-0.00158329	-0.00485528	0.00115815	-0.00413893	-0.0083218	-0.00473185	0.00103735	-0.00251279	-0.00953031	-0.00527716	-0.00181154	-0.00224981	-0.00969715	-0.0108452	-0.0082075	-0.00512501	-0.0127143	-0.0166596	-0.0206276	-0.00777253	-0.00935155	-0.0251826	-0.0367068	-0.0210863	-0.0126659	-0.0173675	-0.0352539	-0.054209	-0.0606725	-0.0447986	-0.0276522	-0.035112	-0.0489202	-0.073798	-0.115094	-0.194775	-0.279409	-0.357223	-0.405563	-0.399379	-0.308597	-0.120865	0.132152	0.410897	0.684297	0.912791	1.07379	1.13508	1.08513	0.933703	0.685637	0.374998	0.0386545	-0.272176	-0.504467	-0.633822	-0.65363	-0.589178	-0.48026	-0.353193	-0.23623	-0.148927	-0.0875967	-0.0410464	-0.0142589	-0.00966333	-0.00416019	0.00352108	-0.00453409	-0.025784	-0.0580627	-0.103875	-0.17153	-0.274497	-0.399598	-0.519541	-0.610614	-0.641632	-0.586013	-0.421023	-0.139407	0.205095	0.532331	0.8071	1.01824	1.14387	1.16724	1.07808	0.877393	0.606352	0.325238	0.0660708	-0.146925	-0.263772	-0.252312	-0.144774	0	
0	4.10902e-05	0.00117066	0.00486669	-0.00451799	-0.00336353	-0.00532138	-0.00838351	-0.000128187	-0.00251279	-0.00846655	-0.0108937	0.00105302	-0.00443691	-0.011566	-0.00964414	-0.00646179	-0.00613609	-0.0124902	-0.0136754	-0.0156976	-0.0148847	-0.00938871	-0.0166095	-0.0284813	-0.0325166	-0.0197764	-0.0128771	-0.0237201	-0.044622	-0.0660039	-0.0612965	-0.0383352	-0.0198672	-0.037334	-0.0685058	-0.112428	-0.168912	-0.24728	-0.317638	-0.374308	-0.400413	-0.379062	-0.266269	-0.0646365	0.203288	0.484687	0.760104	0.991652	1.15616	1.20991	1.14448	0.964793	0.691739	0.366845	0.0185091	-0.293319	-0.531745	-0.664409	-0.689994	-0.628506	-0.515263	-0.389363	-0.264143	-0.16533	-0.0957347	-0.0457958	-0.0224978	-0.0121787	0.000748342	0.00435972	-0.0120056	-0.0343081	-0.0598198	-0.111414	-0.19713	-0.306353	-0.429611	-0.553022	-0.648944	-0.680377	-0.616183	-0.438393	-0.15347	0.189209	0.525874	0.823517	1.06482	1.22064	1.26044	1.1667	0.952463	0.675041	0.397481	0.145255	-0.0629694	-0.180955	-0.181992	-0.103152	0	
0	-0.00176446	-0.00293755	-0.00541321	-0.00220595	0.00130132	-0.000881954	0.00106433	0.000414758	-0.00953031	-0.0108937	-0.00894135	-0.00383086	-0.0104583	-0.0190113	-0.00882453	-0.00581149	-0.0124568	-0.0172191	-0.0149867	-0.0114834	-0.0114705	-0.0157149	-0.0235812	-0.026007	-0.0244765	-0.0191129	-0.017095	-0.0311255	-0.053777	-0.068601	-0.0554407	-0.0293157	-0.0185274	-0.0457762	-0.0961023	-0.158581	-0.226753	-0.296792	-0.348376	-0.380214	-0.383773	-0.339415	-0.209199	0.00679476	0.277564	0.55917	0.830938	1.06204	1.224	1.26763	1.18282	0.979176	0.689102	0.351133	0.0049364	-0.310443	-0.554009	-0.68921	-0.726753	-0.665337	-0.547186	-0.414922	-0.28291	-0.183922	-0.108462	-0.0566647	-0.0306216	-0.00814166	0.00359737	-0.000579984	-0.0161391	-0.0367636	-0.0644141	-0.126012	-0.221927	-0.331575	-0.455951	-0.584873	-0.683123	-0.710795	-0.634385	-0.446388	-0.167731	0.165405	0.509048	0.82764	1.09617	1.27933	1.33353	1.23796	1.02018	0.747897	0.481752	0.243514	0.0472118	-0.0715795	-0.0944065	-0.055202	0	
0	-0.00306721	-0.00206453	-0.00515174	-0.00309833	-0.00420596	-0.00263947	-0.0019772	-0.0110445	-0.00527716	0.00105302	-0.00383086	-0.00374937	-0.00848481	-0.0151046	-0.0061797	-0.00763098	-0.0186399	-0.0226585	-0.0174754	-0.0132938	-0.018297	-0.030919	-0.0339917	-0.0257087	-0.0252533	-0.029126	-0.0331497	-0.0477459	-0.0668517	-0.0711648	-0.0526997	-0.0329251	-0.0333281	-0.0725336	-0.140119	-0.219132	-0.291769	-0.345133	-0.374925	-0.377074	-0.355076	-0.281525	-0.132644	0.0921593	0.363561	0.640056	0.906516	1.13334	1.28213	1.31104	1.20045	0.971926	0.667252	0.322875	-0.0194629	-0.326387	-0.565478	-0.704227	-0.741987	-0.688012	-0.577716	-0.444085	-0.311203	-0.203517	-0.12198	-0.0663832	-0.0261708	-0.00434671	-0.00505426	-0.00583541	-0.0150484	-0.0386529	-0.0723309	-0.142436	-0.243437	-0.353216	-0.481291	-0.614924	-0.712199	-0.731193	-0.640627	-0.448475	-0.183432	0.138117	0.487373	0.822106	1.1113	1.31536	1.38146	1.29086	1.08306	0.826941	0.578066	0.35937	0.180474	0.0599824	0.00683011	-0.00255707	0	
0	0.000233112	0.0020503	0.00311426	-9.37352e-05	-0.00502692	-0.00703825	-0.00917753	-0.0118872	-0.00181154	-0.00443691	-0.0104583	-0.00848481	-0.0137216	-0.00923953	-0.00408468	-0.00967581	-0.0200691	-0.0183874	-0.0103471	-0.010624	-0.021803	-0.035475	-0.0309458	-0.0161449	-0.0240249	-0.0356183	-0.0459645	-0.0565612	-0.0676189	-0.0604139	-0.0447118	-0.0377547	-0.0520121	-0.102678	-0.184818	-0.275089	-0.341449	-0.375351	-0.377589	-0.353647	-0.299405	-0.200554	-0.0359863	0.187735	0.450223	0.716653	0.970605	1.1855	1.31496	1.32498	1.19083	0.949451	0.636653	0.298738	-0.0325206	-0.331857	-0.566138	-0.71142	-0.757127	-0.713922	-0.606381	-0.47257	-0.33862	-0.219397	-0.129875	-0.0687646	-0.0288775	-0.0130908	-0.0091412	-0.00477686	-0.0148524	-0.0405686	-0.0834886	-0.160787	-0.259528	-0.371518	-0.508052	-0.644024	-0.734042	-0.739462	-0.63793	-0.449606	-0.199244	0.113871	0.465811	0.808354	1.10862	1.3248	1.40157	1.32652	1.14349	0.913077	0.685853	0.49023	0.331003	0.206808	0.117642	0.0539814	0	
0	0.00470371	-0.00252496	0.00190489	-0.00308337	-0.00603321	-0.00202131	-0.00473766	-0.00356711	-0.00224981	-0.011566	-0.0190113	-0.0151046	-0.00923953	-0.00647721	-0.0146635	-0.0213951	-0.0184079	-0.0138819	-0.0116309	-0.0174702	-0.0288155	-0.036241	-0.0240994	-0.0131212	-0.0280067	-0.0465465	-0.0576682	-0.0614736	-0.060054	-0.0473532	-0.0428539	-0.0531517	-0.0825893	-0.143922	-0.237855	-0.329813	-0.383546	-0.393505	-0.369948	-0.316609	-0.230962	-0.105851	0.0664915	0.284916	0.533303	0.787733	1.02729	1.2229	1.33141	1.31758	1.16729	0.916194	0.605078	0.276815	-0.0422147	-0.330738	-0.566444	-0.715627	-0.771907	-0.739423	-0.630467	-0.495852	-0.354908	-0.229855	-0.141798	-0.077804	-0.0393063	-0.0204157	-0.0064751	-0.000821669	-0.0128262	-0.0478237	-0.102168	-0.172822	-0.267052	-0.393201	-0.538922	-0.668208	-0.744939	-0.737751	-0.632992	-0.452068	-0.209843	0.098558	0.446566	0.786538	1.0869	1.30612	1.39475	1.34759	1.2026	1.00562	0.803779	0.632144	0.490623	0.360136	0.233614	0.114006	0	
0	-0.00343343	-0.0102692	-0.00831824	-0.00713989	-0.0040972	0.00090897	0.00166507	-0.00390845	-0.00969715	-0.00964414	-0.00882453	-0.0061797	-0.00408468	-0.0146635	-0.0282378	-0.0212285	-0.0134811	-0.0190681	-0.0244102	-0.0306651	-0.0367797	-0.0355491	-0.0245331	-0.0229894	-0.0421956	-0.0631566	-0.0703312	-0.0646298	-0.0517183	-0.0438727	-0.0559863	-0.0856779	-0.1288	-0.200419	-0.298099	-0.382177	-0.416073	-0.4014	-0.35045	-0.266426	-0.147359	-0.00118689	0.176002	0.382666	0.618018	0.857458	1.07957	1.25121	1.33254	1.29533	1.13047	0.873911	0.566996	0.250606	-0.0570936	-0.333936	-0.563327	-0.716148	-0.774904	-0.747039	-0.646791	-0.514209	-0.374523	-0.251619	-0.1591	-0.0909952	-0.0443589	-0.0117603	-6.96734e-06	-0.00558826	-0.0216337	-0.0598294	-0.109123	-0.172923	-0.281921	-0.42459	-0.564863	-0.681168	-0.747451	-0.733486	-0.630394	-0.452195	-0.209076	0.0938891	0.429003	0.756629	1.0465	1.26155	1.36571	1.35726	1.25949	1.10213	0.929193	0.779474	0.649726	0.510603	0.349904	0.176591	0	
0	0.000163434	-0.00310217	0.00107186	0.000746408	-0.00528912	-0.00711814	-0.0113489	-0.0146336	-0.0108452	-0.00646179	-0.00581149	-0.00763098	-0.00967581	-0.0213951	-0.0212285	-0.00610604	-0.0102633	-0.0233418	-0.0276096	-0.0329258	-0.0301612	-0.0275704	-0.0259952	-0.0355145	-0.0547075	-0.0726797	-0.0747317	-0.0578373	-0.0436727	-0.0479896	-0.0809827	-0.126301	-0.183164	-0.258781	-0.35097	-0.41479	-0.425976	-0.383821	-0.305336	-0.187132	-0.0392772	0.122812	0.295345	0.487596	0.702256	0.923434	1.11558	1.25661	1.30398	1.244	1.07174	0.817458	0.526248	0.227313	-0.0606121	-0.324398	-0.548076	-0.703898	-0.773421	-0.756756	-0.666375	-0.539059	-0.400825	-0.271564	-0.167571	-0.0912555	-0.0411727	-0.0136065	-0.00845891	-0.0127904	-0.0258956	-0.0604166	-0.107455	-0.18384	-0.308959	-0.448955	-0.578398	-0.688969	-0.748704	-0.730944	-0.62833	-0.443749	-0.19496	0.0971026	0.411588	0.719212	0.990034	1.19777	1.32216	1.35808	1.31135	1.19846	1.05728	0.924703	0.798688	0.649633	0.461034	0.239293	0	
0	0.00688946	0.00174818	0.00268477	-0.000266449	-0.00836567	-0.00851426	-0.00886561	-0.0125287	-0.0082075	-0.00613609	-0.0124568	-0.0186399	-0.0200691	-0.0184079	-0.0134811	-0.0102633	-0.020759	-0.0283822	-0.0325158	-0.0320813	-0.0226898	-0.024304	-0.0366568	-0.0501907	-0.0621464	-0.0743111	-0.0680816	-0.0464963	-0.0404924	-0.0636582	-0.115185	-0.17426	-0.242104	-0.315325	-0.39061	-0.429347	-0.415976	-0.349165	-0.240935	-0.0924927	0.0775157	0.245926	0.407851	0.582496	0.775929	0.971199	1.1331	1.2363	1.25507	1.17866	1.00579	0.765341	0.492344	0.213645	-0.0565843	-0.308913	-0.531744	-0.694487	-0.773458	-0.771663	-0.687673	-0.55707	-0.4162	-0.28072	-0.173775	-0.0982296	-0.0477169	-0.0211139	-0.0134089	-0.0135373	-0.0233327	-0.056637	-0.115524	-0.206527	-0.328709	-0.460133	-0.589268	-0.697192	-0.750375	-0.73063	-0.621749	-0.422604	-0.170881	0.1035	0.393207	0.675678	0.923372	1.12557	1.27277	1.35125	1.35426	1.28879	1.18026	1.0587	0.929292	0.770442	0.560771	0.297674	0	
0	-0.00240582	-0.00651273	-0.00330864	-0.00636794	-0.00809489	-0.0026428	-0.00337782	-0.00347577	-0.00512501	-0.0124902	-0.0172191	-0.0226585	-0.0183874	-0.0138819	-0.0190681	-0.0233418	-0.0283822	-0.0350121	-0.0364327	-0.0287965	-0.0192363	-0.0340943	-0.0551829	-0.0625519	-0.065898	-0.06982	-0.0586756	-0.0421437	-0.053183	-0.09659	-0.161103	-0.2331	-0.304241	-0.366926	-0.414462	-0.426334	-0.388358	-0.295744	-0.158075	0.0165326	0.199508	0.365844	0.515063	0.66969	0.839542	1.00512	1.12941	1.19867	1.18986	1.10597	0.941353	0.717447	0.465065	0.204442	-0.0532669	-0.299238	-0.51855	-0.686849	-0.772832	-0.773907	-0.696683	-0.571583	-0.430068	-0.292969	-0.185221	-0.108281	-0.0570941	-0.0256722	-0.00967278	-0.00860469	-0.0219525	-0.0625387	-0.131912	-0.221675	-0.336245	-0.470314	-0.601707	-0.704206	-0.754891	-0.730088	-0.603781	-0.390082	-0.144253	0.109115	0.373518	0.629044	0.856222	1.05754	1.22467	1.33687	1.38441	1.36566	1.28736	1.17161	1.03555	0.86821	0.642416	0.34584	0	
0	-0.000964103	-0.00942487	-0.0086002	-0.00607643	-0.00510985	-0.00429776	-0.00487786	-0.00735363	-0.0127143	-0.0136754	-0.0149867	-0.0174754	-0.0103471	-0.0116309	-0.0244102	-0.0276096	-0.0325158	-0.0364327	-0.0330986	-0.0244719	-0.0293814	-0.0558641	-0.0718744	-0.0720975	-0.0664257	-0.0652068	-0.0556561	-0.0556955	-0.0883434	-0.145922	-0.221839	-0.298885	-0.367375	-0.404978	-0.422506	-0.404568	-0.342553	-0.221606	-0.0553546	0.137425	0.325409	0.484975	0.61931	0.755152	0.895057	1.02561	1.10976	1.14114	1.11313	1.02305	0.871416	0.668256	0.436013	0.195014	-0.0470244	-0.283925	-0.500683	-0.671125	-0.765201	-0.776993	-0.705554	-0.582149	-0.444656	-0.310512	-0.199837	-0.116923	-0.0592506	-0.0222776	-0.00581996	-0.00927297	-0.0269533	-0.0714495	-0.141971	-0.228238	-0.34336	-0.481097	-0.611787	-0.714744	-0.762873	-0.719597	-0.571927	-0.355238	-0.122109	0.11255	0.353183	0.585381	0.800875	1.00418	1.18183	1.31517	1.39871	1.41997	1.36592	1.25412	1.11342	0.939394	0.699695	0.378077	0	
0	-0.000679946	-0.00333254	-0.00171974	-0.0042839	-0.00828748	-0.00785928	-0.0105276	-0.0138134	-0.0166596	-0.0156976	-0.0114834	-0.0132938	-0.010624	-0.0174702	-0.0306651	-0.0329258	-0.0320813	-0.0287965	-0.0244719	-0.0300153	-0.0485813	-0.068443	-0.0757368	-0.0691241	-0.058786	-0.0550378	-0.0594354	-0.0833982	-0.13325	-0.201574	-0.281695	-0.359862	-0.409581	-0.419036	-0.401783	-0.358534	-0.268847	-0.121106	0.0667219	0.267766	0.449953	0.598422	0.716119	0.826003	0.93256	1.01975	1.0636	1.06495	1.02174	0.938566	0.804864	0.623999	0.415227	0.191103	-0.0393199	-0.266567	-0.479544	-0.654348	-0.753337	-0.773622	-0.716125	-0.60015	-0.462678	-0.324311	-0.207715	-0.120529	-0.0589101	-0.0202624	-0.00588291	-0.0129243	-0.0337026	-0.0780585	-0.145702	-0.231242	-0.349248	-0.491196	-0.627313	-0.730382	-0.761135	-0.692751	-0.53673	-0.328321	-0.10581	0.114188	0.334815	0.554348	0.768233	0.970401	1.1458	1.2875	1.39432	1.4418	1.4041	1.29869	1.15941	0.98066	0.72814	0.390983	0	
0	0.00333774	0.00139926	0.0025858	0.00130513	-0.00435511	-0.011427	-0.0163251	-0.0186692	-0.0206276	-0.0148847	-0.0114705	-0.018297	-0.021803	-0.0288155	-0.0367797	-0.0301612	-0.0226898	-0.0192363	-0.0293814	-0.0485813	-0.0611775	-0.0697654	-0.0698394	-0.0621791	-0.047118	-0.0530337	-0.0807354	-0.126925	-0.187926	-0.260209	-0.341589	-0.405666	-0.430491	-0.404839	-0.359509	-0.286725	-0.17132	0.000887715	0.200037	0.397505	0.569321	0.702529	0.800452	0.88042	0.943875	0.98827	0.992698	0.970352	0.924302	0.851419	0.742531	0.588669	0.401924	0.196892	-0.0203066	-0.244162	-0.457488	-0.638001	-0.749822	-0.779713	-0.7259	-0.61157	-0.475545	-0.334971	-0.212212	-0.120345	-0.0582392	-0.022343	-0.0108734	-0.0197119	-0.0384957	-0.076453	-0.142078	-0.233282	-0.359216	-0.509127	-0.646784	-0.734688	-0.741303	-0.661834	-0.511522	-0.310162	-0.0933147	0.114771	0.32529	0.546551	0.762777	0.955372	1.11756	1.2555	1.3675	1.42254	1.39386	1.29986	1.169	0.988306	0.726407	0.384983	0	
0	0.00216977	-4.76947e-05	-0.00199566	-0.00657565	-0.0114339	-0.0112109	-0.0107668	-0.00883565	-0.00777253	-0.00938871	-0.0157149	-0.030919	-0.035475	-0.036241	-0.0355491	-0.0275704	-0.024304	-0.0340943	-0.0558641	-0.068443	-0.0697654	-0.0684426	-0.0676865	-0.0553954	-0.047046	-0.0729373	-0.125386	-0.184849	-0.24999	-0.323285	-0.39385	-0.434937	-0.426173	-0.372374	-0.296774	-0.198233	-0.0559146	0.129389	0.328326	0.514741	0.670468	0.788576	0.861653	0.906246	0.927677	0.929689	0.907914	0.874092	0.833982	0.781883	0.696839	0.566105	0.398661	0.203422	-0.00800788	-0.227601	-0.442663	-0.627637	-0.743691	-0.78067	-0.734892	-0.62166	-0.480508	-0.336112	-0.214113	-0.12467	-0.0651918	-0.0316795	-0.0173867	-0.0186297	-0.0309624	-0.0682408	-0.141762	-0.244452	-0.377956	-0.527347	-0.652027	-0.720526	-0.717816	-0.642081	-0.49637	-0.296547	-0.0843739	0.119173	0.335483	0.567076	0.780764	0.955855	1.09802	1.21851	1.31379	1.35812	1.33293	1.25369	1.13603	0.95881	0.696686	0.364146	0	
0	-0.00866294	-0.0148939	-0.0164436	-0.0145322	-0.0101015	-0.00691917	-0.00258065	-0.000535941	-0.00935155	-0.0166095	-0.0235812	-0.0339917	-0.0309458	-0.0240994	-0.0245331	-0.0259952	-0.0366568	-0.0551829	-0.0718744	-0.0757368	-0.0698394	-0.0676865	-0.0631703	-0.0586054	-0.0698058	-0.121698	-0.188725	-0.254077	-0.319466	-0.385308	-0.433279	-0.441051	-0.401819	-0.319038	-0.2161	-0.0872343	0.0732444	0.263602	0.453079	0.624302	0.765866	0.863442	0.909059	0.913311	0.891231	0.859515	0.816908	0.781061	0.753013	0.719123	0.657915	0.547471	0.392928	0.208739	0.00231875	-0.217465	-0.430819	-0.618069	-0.738402	-0.775321	-0.729799	-0.619148	-0.48423	-0.346126	-0.225851	-0.137025	-0.0753209	-0.0328607	-0.00881349	-0.00728443	-0.0235624	-0.0689276	-0.153081	-0.262088	-0.391592	-0.528844	-0.640643	-0.704478	-0.705511	-0.632213	-0.485705	-0.287513	-0.0752374	0.139241	0.372485	0.611005	0.814582	0.969217	1.08531	1.17184	1.23044	1.25109	1.22399	1.15729	1.05453	0.890352	0.643586	0.334033	0	
0	-0.00231982	-0.00619822	-0.00887515	-0.00892247	-0.00921298	-0.0101381	-0.0130492	-0.0177115	-0.0251826	-0.0284813	-0.026007	-0.0257087	-0.0161449	-0.0131212	-0.0229894	-0.0355145	-0.0501907	-0.0625519	-0.0720975	-0.0691241	-0.0621791	-0.0553954	-0.0586054	-0.0743388	-0.113026	-0.179616	-0.25278	-0.318596	-0.379069	-0.424337	-0.439236	-0.413623	-0.345911	-0.237306	-0.103409	0.0480338	0.21884	0.400779	0.575429	0.730086	0.851957	0.925706	0.933529	0.895776	0.833518	0.773678	0.72223	0.689901	0.676231	0.662339	0.619648	0.525529	0.385176	0.208557	0.0106527	-0.200732	-0.410947	-0.596182	-0.719574	-0.765901	-0.731841	-0.629808	-0.498035	-0.360542	-0.238114	-0.141072	-0.0695284	-0.0225425	0.00128003	-0.00182282	-0.0274668	-0.0809123	-0.166186	-0.268762	-0.387941	-0.517893	-0.629804	-0.69834	-0.701615	-0.626849	-0.480184	-0.279608	-0.0526267	0.18455	0.431649	0.667985	0.858609	0.991522	1.07176	1.10899	1.11944	1.10939	1.0722	1.00976	0.9222	0.784259	0.571729	0.298583	0	
0	0.00231067	0.00557171	0.00595601	0.0034436	-0.00263061	-0.0136155	-0.0224754	-0.0291005	-0.0367068	-0.0325166	-0.0244765	-0.0252533	-0.0240249	-0.0280067	-0.0421956	-0.0547075	-0.0621464	-0.065898	-0.0664257	-0.058786	-0.047118	-0.047046	-0.0698058	-0.113026	-0.166618	-0.238244	-0.310572	-0.373428	-0.415039	-0.428838	-0.407577	-0.352983	-0.259959	-0.123648	0.0351911	0.200633	0.365532	0.53177	0.686469	0.820276	0.917483	0.954882	0.921837	0.839914	0.745315	0.669207	0.617661	0.598506	0.60499	0.612475	0.592412	0.517355	0.389853	0.224953	0.0317821	-0.179398	-0.390488	-0.583054	-0.71503	-0.768115	-0.740261	-0.641114	-0.509654	-0.367212	-0.235428	-0.133066	-0.0603501	-0.0148907	0.00192869	-0.0102719	-0.0388368	-0.0869237	-0.16437	-0.260956	-0.377217	-0.509217	-0.626523	-0.698808	-0.702767	-0.627275	-0.475388	-0.257862	-0.00507257	0.250968	0.501166	0.730886	0.908238	1.01299	1.0458	1.0266	0.987402	0.94202	0.883228	0.814888	0.74378	0.645221	0.483369	0.257916	0	
0	0.00310069	0.00408915	0.000289102	-0.00406164	-0.0101449	-0.017424	-0.0214084	-0.0207089	-0.0210863	-0.0197764	-0.0191129	-0.029126	-0.0356183	-0.0465465	-0.0631566	-0.0726797	-0.0743111	-0.06982	-0.0652068	-0.0550378	-0.0530337	-0.0729373	-0.121698	-0.179616	-0.238244	-0.307655	-0.376925	-0.422419	-0.433733	-0.410269	-0.358616	-0.278137	-0.159168	0.00214418	0.177841	0.341558	0.492673	0.638036	0.772809	0.883075	0.947971	0.947704	0.872675	0.759251	0.64573	0.568519	0.529664	0.529959	0.557956	0.586222	0.58232	0.51896	0.400016	0.236411	0.0446382	-0.167526	-0.382837	-0.578291	-0.715832	-0.772868	-0.745724	-0.644521	-0.506547	-0.359765	-0.228044	-0.126873	-0.0594286	-0.0222187	-0.00765087	-0.0151313	-0.0378304	-0.0805408	-0.153895	-0.24943	-0.368156	-0.505761	-0.629403	-0.70591	-0.709941	-0.626228	-0.454436	-0.210358	0.0630068	0.325856	0.573412	0.795578	0.95343	1.01892	0.998829	0.926798	0.841308	0.755207	0.664204	0.583773	0.531524	0.480128	0.377824	0.208653	0	
0	-0.00763203	-0.0126416	-0.0180591	-0.0197648	-0.0190107	-0.0183779	-0.0135818	-0.00967207	-0.0126659	-0.0128771	-0.017095	-0.0331497	-0.0459645	-0.0576682	-0.0703312	-0.0747317	-0.0680816	-0.0586756	-0.0556561	-0.0594354	-0.0807354	-0.125386	-0.188725	-0.25278	-0.310572	-0.376925	-0.429285	-0.44579	-0.419376	-0.364889	-0.286073	-0.179996	-0.0347804	0.14478	0.323061	0.47564	0.607381	0.733394	0.845967	0.927038	0.955382	0.913832	0.805718	0.669617	0.551596	0.482206	0.460701	0.47999	0.526475	0.568408	0.575333	0.519087	0.401873	0.240375	0.04705	-0.166097	-0.380722	-0.576424	-0.711269	-0.766177	-0.737913	-0.635227	-0.499762	-0.356835	-0.228724	-0.133021	-0.0674186	-0.0264059	-0.00773656	-0.0118724	-0.0296349	-0.067221	-0.139351	-0.238574	-0.364199	-0.510339	-0.640965	-0.717927	-0.711366	-0.60533	-0.406822	-0.142974	0.138529	0.401782	0.644914	0.852415	0.978281	0.99793	0.929897	0.813571	0.683876	0.552829	0.42626	0.334411	0.302138	0.296656	0.253645	0.146882	0	
0	-0.00894122	-0.0144305	-0.0204791	-0.0218462	-0.0203367	-0.0197974	-0.0172378	-0.0133476	-0.0173675	-0.0237201	-0.0311255	-0.0477459	-0.0565612	-0.0614736	-0.0646298	-0.0578373	-0.0464963	-0.0421437	-0.0556955	-0.0833982	-0.126925	-0.184849	-0.254077	-0.318596	-0.373428	-0.422419	-0.44579	-0.424907	-0.367269	-0.285555	-0.181276	-0.0483198	0.116561	0.300706	0.469364	0.603499	0.716085	0.820287	0.905326	0.950041	0.936359	0.857926	0.723014	0.577586	0.462614	0.407283	0.402286	0.438522	0.497308	0.549385	0.56306	0.510908	0.39848	0.238946	0.0498225	-0.159695	-0.371053	-0.563697	-0.69974	-0.754974	-0.729065	-0.632058	-0.499965	-0.360382	-0.234723	-0.13745	-0.070051	-0.0271028	-0.00228803	0.00116126	-0.0127626	-0.0507594	-0.127318	-0.235112	-0.371107	-0.524756	-0.654395	-0.718313	-0.688638	-0.557297	-0.340603	-0.0686784	0.214834	0.475585	0.705904	0.884921	0.970492	0.948285	0.842113	0.68716	0.514083	0.34063	0.18528	0.0872504	0.0720604	0.103073	0.112647	0.0720749	0	
0	-0.00433553	-0.00737343	-0.0121109	-0.0126356	-0.012585	-0.0151657	-0.0164797	-0.0221669	-0.0352539	-0.044622	-0.053777	-0.0668517	-0.0676189	-0.060054	-0.0517183	-0.0436727	-0.0404924	-0.053183	-0.0883434	-0.13325	-0.187926	-0.24999	-0.319466	-0.379069	-0.415039	-0.433733	-0.419376	-0.367269	-0.282321	-0.175636	-0.0443623	0.108897	0.279746	0.454091	0.603843	0.717475	0.807955	0.884516	0.933079	0.934457	0.88008	0.770794	0.622236	0.477425	0.37555	0.33716	0.351524	0.402218	0.474265	0.534744	0.555016	0.509024	0.39966	0.244415	0.0578126	-0.14907	-0.359348	-0.552138	-0.688079	-0.748206	-0.727223	-0.632184	-0.503493	-0.365927	-0.23968	-0.140435	-0.0667512	-0.0152015	0.0148684	0.0196961	0.00433803	-0.0393772	-0.126431	-0.245491	-0.386959	-0.535622	-0.64942	-0.690892	-0.639256	-0.492312	-0.267627	0.00711404	0.288381	0.536373	0.739185	0.880728	0.92888	0.873936	0.735602	0.544073	0.332916	0.129289	-0.0415786	-0.140898	-0.145667	-0.0904419	-0.0367431	-0.0104664	0	
0	0.000150786	0.00371114	0.00348262	0.00219075	-0.00171744	-0.0124816	-0.0251379	-0.0368037	-0.054209	-0.0660039	-0.068601	-0.0711648	-0.0604139	-0.0473532	-0.0438727	-0.0479896	-0.0636582	-0.09659	-0.145922	-0.201574	-0.260209	-0.323285	-0.385308	-0.424337	-0.428838	-0.410269	-0.364889	-0.285555	-0.175636	-0.0420665	0.110033	0.270447	0.432458	0.587919	0.71671	0.808731	0.872894	0.914763	0.92071	0.88034	0.79273	0.666523	0.516872	0.384027	0.30005	0.282218	0.31276	0.378808	0.459836	0.528279	0.554639	0.511894	0.406942	0.253757	0.068531	-0.138757	-0.349607	-0.545193	-0.686301	-0.747407	-0.728506	-0.637982	-0.509488	-0.368707	-0.23658	-0.129356	-0.0500688	0.00423784	0.0352434	0.0363122	0.0111521	-0.0447722	-0.140563	-0.259827	-0.391234	-0.522057	-0.615313	-0.638664	-0.57423	-0.419751	-0.19199	0.079404	0.346098	0.566109	0.732906	0.839715	0.858549	0.775833	0.60667	0.383641	0.148159	-0.067732	-0.241585	-0.340337	-0.341138	-0.270412	-0.179297	-0.090256	0	
0	0.00655449	0.0103932	0.00678487	0.00214926	-0.00740826	-0.0223234	-0.0355227	-0.04868	-0.0606725	-0.0612965	-0.0554407	-0.0526997	-0.0447118	-0.0428539	-0.0559863	-0.0809827	-0.115185	-0.161103	-0.221839	-0.281695	-0.341589	-0.39385	-0.433279	-0.439236	-0.407577	-0.358616	-0.286073	-0.181276	-0.0443623	0.110033	0.269629	0.421767	0.56517	0.699303	0.806329	0.872419	0.903306	0.903111	0.867026	0.791407	0.684476	0.55539	0.416757	0.303605	0.242108	0.243999	0.292743	0.369447	0.460322	0.533669	0.562038	0.521467	0.415396	0.260899	0.0739962	-0.135234	-0.350194	-0.547952	-0.68958	-0.755007	-0.736315	-0.639432	-0.504103	-0.356546	-0.218661	-0.107729	-0.0267491	0.0241002	0.0451665	0.0339375	-0.000748	-0.0596855	-0.149591	-0.254955	-0.368297	-0.480862	-0.558694	-0.570992	-0.499793	-0.343361	-0.121497	0.132252	0.369425	0.554236	0.688318	0.767736	0.760907	0.650717	0.454976	0.213687	-0.0274147	-0.240009	-0.409604	-0.507069	-0.505173	-0.420655	-0.296697	-0.1551	0	
0	-0.00562184	-0.00808221	-0.013962	-0.0212353	-0.0292022	-0.0398157	-0.0459208	-0.0443999	-0.0447986	-0.0383352	-0.0293157	-0.0329251	-0.0377547	-0.0531517	-0.0856779	-0.126301	-0.17426	-0.2331	-0.298885	-0.359862	-0.405666	-0.434937	-0.441051	-0.413623	-0.352983	-0.278137	-0.179996	-0.0483198	0.108897	0.270447	0.421767	0.555769	0.678427	0.791727	0.873732	0.908213	0.898454	0.857502	0.785494	0.689575	0.578014	0.458458	0.339074	0.247831	0.207424	0.227595	0.287048	0.373844	0.467779	0.542797	0.571422	0.527145	0.418368	0.260445	0.0685064	-0.145538	-0.361762	-0.560673	-0.700639	-0.756019	-0.727166	-0.624282	-0.483329	-0.331256	-0.1922	-0.0858261	-0.0154895	0.0235352	0.035385	0.0195817	-0.0122766	-0.0610085	-0.135687	-0.223504	-0.320045	-0.41856	-0.485854	-0.491992	-0.421135	-0.274896	-0.0749453	0.147444	0.350028	0.503602	0.611426	0.665864	0.632901	0.499191	0.289741	0.048358	-0.182871	-0.383912	-0.54588	-0.638268	-0.627784	-0.525646	-0.373484	-0.195514	0	
0	-0.0148452	-0.0295885	-0.0452725	-0.0534801	-0.0567017	-0.0550173	-0.0461295	-0.0355852	-0.0276522	-0.0198672	-0.0185274	-0.0333281	-0.0520121	-0.0825893	-0.1288	-0.183164	-0.242104	-0.304241	-0.367375	-0.409581	-0.430491	-0.426173	-0.401819	-0.345911	-0.259959	-0.159168	-0.0347804	0.116561	0.279746	0.432458	0.56517	0.678427	0.780426	0.869349	0.919826	0.913403	0.862631	0.784439	0.690655	0.587577	0.483939	0.382061	0.283097	0.213628	0.191076	0.223325	0.292317	0.380717	0.475514	0.547405	0.569229	0.51995	0.40558	0.243248	0.0513297	-0.159454	-0.372183	-0.561967	-0.690671	-0.740754	-0.706288	-0.596865	-0.454464	-0.307707	-0.179708	-0.0847294	-0.0226529	0.0110014	0.022749	0.0143345	-0.00497974	-0.0388738	-0.0969201	-0.168251	-0.251084	-0.339048	-0.400639	-0.410139	-0.354702	-0.235275	-0.0687756	0.119826	0.292298	0.419631	0.502276	0.531058	0.476316	0.332204	0.12688	-0.0999221	-0.313886	-0.500511	-0.65047	-0.728856	-0.69955	-0.575365	-0.402258	-0.207856	0	
0	-0.0207182	-0.0357558	-0.0464131	-0.0506686	-0.0495981	-0.0478173	-0.0415756	-0.0332965	-0.035112	-0.037334	-0.0457762	-0.0725336	-0.102678	-0.143922	-0.200419	-0.258781	-0.315325	-0.366926	-0.404978	-0.419036	-0.404839	-0.372374	-0.319038	-0.237306	-0.123648	0.00214418	0.14478	0.300706	0.454091	0.587919	0.699303	0.791727	0.869349	0.927347	0.936102	0.887589	0.797628	0.696268	0.592354	0.495044	0.406109	0.321537	0.241445	0.186443	0.175128	0.21537	0.285194	0.375841	0.468233	0.537392	0.558259	0.506657	0.393037	0.234987	0.0464639	-0.160304	-0.365385	-0.550161	-0.674363	-0.716512	-0.678687	-0.574722	-0.442332	-0.305083	-0.183728	-0.0939099	-0.033927	0.00479824	0.0262063	0.0293491	0.0248729	0.00741069	-0.0349663	-0.092017	-0.164001	-0.248125	-0.316975	-0.34664	-0.321636	-0.237281	-0.104406	0.0547468	0.200211	0.300909	0.358034	0.366734	0.303985	0.167107	-0.0201419	-0.225931	-0.420822	-0.589725	-0.719272	-0.772128	-0.71533	-0.569011	-0.385701	-0.194907	0	
0	-0.00477725	-0.0101278	-0.0165751	-0.020088	-0.0230765	-0.0249901	-0.0278863	-0.0348377	-0.0489202	-0.0685058	-0.0961023	-0.140119	-0.184818	-0.237855	-0.298099	-0.35097	-0.39061	-0.414462	-0.422506	-0.401783	-0.359509	-0.296774	-0.2161	-0.103409	0.0351911	0.177841	0.323061	0.469364	0.603843	0.71671	0.806329	0.873732	0.919826	0.936102	0.900907	0.810727	0.695404	0.581884	0.482498	0.398494	0.326846	0.261071	0.195381	0.154653	0.154259	0.201323	0.27824	0.371323	0.466563	0.537835	0.557389	0.506783	0.395298	0.23826	0.0536402	-0.148305	-0.352735	-0.534675	-0.656805	-0.704741	-0.673386	-0.573513	-0.443735	-0.308895	-0.190489	-0.0985343	-0.0309689	0.0162865	0.0488648	0.0679235	0.0800424	0.0771156	0.0487624	0.00186393	-0.0704307	-0.166827	-0.258635	-0.319644	-0.329644	-0.279145	-0.17671	-0.0460078	0.0709026	0.145403	0.184442	0.187851	0.134267	0.0175756	-0.1459	-0.329367	-0.502521	-0.646343	-0.745026	-0.76382	-0.677674	-0.515567	-0.334859	-0.164098	0	
0	0.00422055	0.00824023	0.0113648	0.013371	0.0105495	-0.000937041	-0.0158594	-0.03749	-0.073798	-0.112428	-0.158581	-0.219132	-0.275089	-0.329813	-0.382177	-0.41479	-0.429347	-0.426334	-0.404568	-0.358534	-0.286725	-0.198233	-0.0872343	0.0480338	0.200633	0.341558	0.47564	0.603499	0.717475	0.808731	0.872419	0.908213	0.913403	0.887589	0.810727	0.695308	0.568132	0.461335	0.376769	0.312916	0.262413	0.212549	0.162826	0.134132	0.14428	0.201357	0.282839	0.382401	0.480969	0.553049	0.573822	0.522221	0.408829	0.251964	0.0640492	-0.143986	-0.351788	-0.538822	-0.664843	-0.710591	-0.675573	-0.574859	-0.446371	-0.310502	-0.186069	-0.0869125	-0.0108497	0.0506775	0.0992789	0.132586	0.159379	0.168776	0.145036	0.0923329	0.00386929	-0.116619	-0.238219	-0.332154	-0.37532	-0.357265	-0.286454	-0.18617	-0.0958987	-0.0380788	-0.00123718	0.0133443	-0.0197108	-0.111469	-0.249857	-0.408067	-0.552326	-0.661604	-0.722332	-0.706383	-0.597512	-0.430954	-0.264942	-0.12458	0	
0	0.0105768	0.0177949	0.0221245	0.0199961	0.00983497	-0.00558515	-0.0320677	-0.068311	-0.115094	-0.168912	-0.226753	-0.291769	-0.341449	-0.383546	-0.416073	-0.425976	-0.415976	-0.388358	-0.342553	-0.268847	-0.17132	-0.0559146	0.0732444	0.21884	0.365532	0.492673	0.607381	0.716085	0.807955	0.872894	0.903306	0.898454	0.862631	0.797628	0.695404	0.568132	0.448342	0.358144	0.295824	0.25506	0.222488	0.189458	0.151281	0.134879	0.156242	0.220541	0.309138	0.411854	0.510369	0.580847	0.594358	0.534463	0.414553	0.248805	0.0541302	-0.156989	-0.369235	-0.555391	-0.676523	-0.72026	-0.682237	-0.576986	-0.440715	-0.295065	-0.162888	-0.0525187	0.0391279	0.114377	0.175607	0.222425	0.256326	0.261204	0.225827	0.155999	0.0434216	-0.104944	-0.255671	-0.380749	-0.457686	-0.474912	-0.437063	-0.362888	-0.287684	-0.230152	-0.180086	-0.144842	-0.153961	-0.219433	-0.328948	-0.454122	-0.560252	-0.629049	-0.652772	-0.610339	-0.491536	-0.333278	-0.190755	-0.084547	0	
0	0.00578237	0.00667538	0.00383736	-0.00442711	-0.0231506	-0.0537956	-0.0912859	-0.138245	-0.194775	-0.24728	-0.296792	-0.345133	-0.375351	-0.393505	-0.4014	-0.383821	-0.349165	-0.295744	-0.221606	-0.121106	0.000887715	0.129389	0.263602	0.400779	0.53177	0.638036	0.733394	0.820287	0.884516	0.914763	0.903111	0.857502	0.784439	0.696268	0.581884	0.461335	0.358144	0.291585	0.252781	0.230554	0.214371	0.189902	0.160915	0.151904	0.179114	0.248831	0.337711	0.439918	0.535199	0.598186	0.602746	0.534499	0.405118	0.233768	0.0341669	-0.182984	-0.396361	-0.580957	-0.697438	-0.730785	-0.678968	-0.560065	-0.412529	-0.256172	-0.109743	0.0149579	0.118219	0.205268	0.27319	0.316308	0.339579	0.329604	0.275267	0.18227	0.0442262	-0.129899	-0.309264	-0.468098	-0.581652	-0.633304	-0.621128	-0.559686	-0.483611	-0.412782	-0.341873	-0.283763	-0.267668	-0.302184	-0.374131	-0.456805	-0.519502	-0.550084	-0.546563	-0.491913	-0.377679	-0.238293	-0.123466	-0.0496469	0	
0	-0.0115858	-0.0288078	-0.0457092	-0.0720506	-0.107526	-0.144825	-0.18947	-0.235141	-0.279409	-0.317638	-0.348376	-0.374925	-0.377589	-0.369948	-0.35045	-0.305336	-0.240935	-0.158075	-0.0553546	0.0667219	0.200037	0.328326	0.453079	0.575429	0.686469	0.772809	0.845967	0.905326	0.933079	0.92071	0.867026	0.785494	0.690655	0.592354	0.482498	0.376769	0.295824	0.252781	0.231892	0.22542	0.216355	0.198165	0.17276	0.168308	0.201006	0.272365	0.361584	0.46226	0.551219	0.606492	0.600128	0.519411	0.381989	0.20322	-0.00200256	-0.218535	-0.428992	-0.603982	-0.704921	-0.721925	-0.652193	-0.51773	-0.35389	-0.179944	-0.0217738	0.110802	0.219011	0.301819	0.357662	0.387957	0.395026	0.362358	0.285223	0.170716	0.00819815	-0.194066	-0.405205	-0.598211	-0.743893	-0.819736	-0.818704	-0.755274	-0.667486	-0.577876	-0.484515	-0.401933	-0.355265	-0.349514	-0.374347	-0.409708	-0.432168	-0.435471	-0.419975	-0.368469	-0.270822	-0.156631	-0.0693682	-0.0226539	0	
0	-0.0392051	-0.0829571	-0.125399	-0.168677	-0.213467	-0.255446	-0.293381	-0.328635	-0.357223	-0.374308	-0.380214	-0.377074	-0.353647	-0.316609	-0.266426	-0.187132	-0.0924927	0.0165326	0.137425	0.267766	0.397505	0.514741	0.624302	0.730086	0.820276	0.883075	0.927038	0.950041	0.934457	0.88034	0.791407	0.689575	0.587577	0.495044	0.398494	0.312916	0.25506	0.230554	0.22542	0.226007	0.222393	0.204166	0.180417	0.179027	0.213949	0.286348	0.373955	0.47041	0.553118	0.599447	0.580849	0.492337	0.348143	0.166718	-0.0360476	-0.248239	-0.448889	-0.607985	-0.688689	-0.682687	-0.589958	-0.434715	-0.255506	-0.0753236	0.0834008	0.211379	0.308014	0.377147	0.417268	0.426874	0.410663	0.356003	0.257906	0.118557	-0.0728055	-0.303771	-0.54295	-0.761861	-0.926887	-1.01205	-1.0093	-0.936092	-0.83353	-0.723785	-0.605198	-0.491921	-0.405338	-0.350377	-0.324225	-0.316333	-0.31023	-0.302194	-0.290377	-0.254146	-0.180327	-0.09322	-0.030361	-0.00401407	0	
