0	0	0	0	0	0	0	0	0	0	0	0	0	0	0	0	0	0	0	0	0	0	0	0	0	0	0	0	0	0	0	0	0	0	0	0	0	0	0	0	0	0	0	0	0	0	0	0	0	0	0	0	0	0	0	0	0	0	0	0	0	0	0	0	0	0	0	0	0	0	0	0	0	0	0	0	0	0	0	0	0	0	0	0	0	0	0	0	0	0	0	0	0	0	0	0	0	0	0	0	
0	0.113444	0.231308	0.342238	0.428541	0.478005	0.495477	0.488009	0.461911	0.416628	0.354286	0.28116	0.206493	0.136635	0.0716511	0.0130073	-0.0339799	-0.0647125	-0.0790623	-0.0834617	-0.0850238	-0.087261	-0.0848431	-0.076165	-0.0665325	-0.063608	-0.0712399	-0.0839961	-0.0917576	-0.0854508	-0.06304	-0.0278754	0.00714443	0.0313914	0.0424991	0.0397427	0.0266925	0.00803515	-0.0148485	-0.0427588	-0.0740013	-0.0987445	-0.106979	-0.0930664	-0.0636956	-0.0277379	0.00949394	0.0499864	0.0951852	0.143615	0.185362	0.218686	0.244039	0.261294	0.264905	0.247976	0.204866	0.140624	0.0712931	0.00946006	-0.0453058	-0.0960893	-0.142608	-0.181163	-0.209341	-0.229429	-0.241096	-0.243002	-0.234656	-0.216183	-0.19359	-0.16953	-0.141811	-0.110281	-0.0756799	-0.047818	-0.0286395	-0.0140606	0.000246416	0.018805	0.0388819	0.0550311	0.0649971	0.0720739	0.079091	0.0871617	0.0930642	0.0896676	0.0749918	0.0543307	0.0321578	0.0135669	0.000393876	-0.0115787	-0.0235249	-0.0344434	-0.0408335	-0.0374096	-0.0222795	0	
0	0.231308	0.460236	0.668819	0.831378	0.933153	0.974309	0.96371	0.911286	0.823974	0.707355	0.569458	0.425	0.288102	0.163972	0.0544048	-0.0376547	-0.106307	-0.148762	-0.166091	-0.169486	-0.168788	-0.163228	-0.152163	-0.141336	-0.136903	-0.144354	-0.156904	-0.164835	-0.153746	-0.118644	-0.0586964	0.0060234	0.0567026	0.0843082	0.0851018	0.0603189	0.0227706	-0.0230471	-0.0745615	-0.127515	-0.169456	-0.185321	-0.166411	-0.120957	-0.0570653	0.0183315	0.10256	0.195678	0.28845	0.368517	0.432545	0.479784	0.507481	0.507247	0.469676	0.391528	0.280188	0.15398	0.0321593	-0.0838597	-0.190387	-0.284155	-0.360934	-0.41789	-0.456756	-0.475817	-0.479309	-0.466315	-0.434821	-0.39377	-0.345283	-0.289124	-0.23119	-0.172621	-0.11825	-0.0688799	-0.0233588	0.0200447	0.0607669	0.0967955	0.122752	0.138592	0.15121	0.160565	0.166865	0.168161	0.160949	0.14044	0.11027	0.0733527	0.0322539	-0.00378871	-0.0355535	-0.0609081	-0.0732508	-0.0736433	-0.0607286	-0.0330537	0	
0	0.342238	0.668819	0.953644	1.17763	1.32437	1.39398	1.3845	1.31094	1.18626	1.02442	0.835068	0.634636	0.443444	0.270288	0.117421	-0.0143494	-0.121844	-0.195765	-0.232525	-0.239808	-0.235804	-0.224622	-0.211161	-0.200915	-0.197274	-0.202436	-0.210695	-0.213219	-0.197854	-0.157665	-0.0880682	-0.0100158	0.0548333	0.0977722	0.107438	0.0836594	0.0366552	-0.0239006	-0.0909457	-0.157794	-0.207451	-0.22759	-0.20745	-0.152941	-0.0687936	0.037479	0.159926	0.287179	0.413584	0.523331	0.618314	0.69018	0.724866	0.710319	0.648957	0.541405	0.391809	0.218802	0.0430847	-0.127539	-0.28379	-0.418335	-0.52634	-0.604974	-0.657978	-0.68444	-0.689178	-0.67646	-0.639103	-0.581488	-0.509608	-0.430553	-0.354179	-0.273144	-0.193086	-0.109733	-0.0256167	0.0462497	0.104862	0.150313	0.183674	0.206293	0.220768	0.225367	0.223436	0.218591	0.205782	0.182131	0.15121	0.108277	0.0573975	0.0081989	-0.0372457	-0.0696175	-0.0845968	-0.0833304	-0.0660914	-0.0356544	0	
0	0.428541	0.831378	1.17763	1.44461	1.62451	1.7151	1.71404	1.62908	1.47732	1.27958	1.05316	0.817494	0.590169	0.378138	0.186955	0.0209654	-0.11313	-0.210585	-0.264676	-0.284069	-0.282677	-0.265904	-0.243201	-0.229032	-0.227916	-0.239627	-0.249637	-0.248987	-0.227035	-0.185035	-0.119215	-0.0502834	0.00796708	0.0528468	0.07545	0.0634146	0.0243631	-0.03714	-0.110768	-0.182281	-0.233558	-0.24933	-0.219828	-0.151924	-0.0469913	0.0858455	0.231253	0.380555	0.523989	0.654706	0.771888	0.859676	0.895423	0.865286	0.774388	0.634746	0.455001	0.248551	0.0366018	-0.17556	-0.369509	-0.532971	-0.659037	-0.746941	-0.805464	-0.836993	-0.851455	-0.843243	-0.799033	-0.730131	-0.64542	-0.551942	-0.459471	-0.359432	-0.253113	-0.143692	-0.040174	0.0490981	0.121455	0.177912	0.213621	0.23017	0.239161	0.240863	0.239175	0.235866	0.227925	0.207552	0.17914	0.143199	0.0995331	0.0599553	0.0199305	-0.0188729	-0.0452611	-0.0595192	-0.057098	-0.0323745	0	
0	0.478005	0.933153	1.32437	1.62451	1.82166	1.92668	1.93476	1.8531	1.69124	1.47496	1.22858	0.974248	0.726223	0.487634	0.268101	0.0808149	-0.0687862	-0.178517	-0.248938	-0.283584	-0.293317	-0.276942	-0.249969	-0.235065	-0.24227	-0.265017	-0.281815	-0.278564	-0.251355	-0.210628	-0.156543	-0.10716	-0.0679941	-0.0297199	-0.00456333	-0.00659328	-0.0373199	-0.0917337	-0.158111	-0.222584	-0.260858	-0.26039	-0.209433	-0.115973	0.0154166	0.171344	0.338003	0.499492	0.654535	0.787854	0.902604	0.981871	1.00264	0.951815	0.841462	0.679723	0.472574	0.24209	0.0109611	-0.217676	-0.431973	-0.614242	-0.749837	-0.837489	-0.894885	-0.929324	-0.945297	-0.937792	-0.891404	-0.820042	-0.736503	-0.644327	-0.546878	-0.430604	-0.311825	-0.195093	-0.0840638	0.0104663	0.0903721	0.151548	0.187289	0.199286	0.200306	0.199959	0.207705	0.224269	0.235795	0.232576	0.222369	0.202372	0.177	0.152136	0.116796	0.0744503	0.0313199	-0.00543629	-0.0236564	-0.0182408	0	
0	0.495477	0.974309	1.39398	1.7151	1.92668	2.03961	2.05872	1.98951	1.83966	1.62783	1.37649	1.11071	0.849695	0.599415	0.371612	0.176265	0.0197332	-0.100281	-0.17982	-0.226008	-0.247197	-0.243039	-0.226513	-0.223066	-0.24071	-0.272421	-0.292688	-0.290527	-0.26595	-0.235334	-0.19813	-0.169198	-0.147953	-0.123712	-0.10512	-0.111412	-0.137264	-0.177233	-0.222999	-0.261482	-0.27521	-0.247814	-0.167871	-0.0462833	0.110984	0.290432	0.473688	0.651902	0.810594	0.933469	1.01939	1.06133	1.05028	0.978835	0.85089	0.672317	0.451393	0.209665	-0.0274269	-0.264793	-0.486667	-0.67468	-0.811096	-0.894315	-0.943949	-0.967833	-0.975954	-0.961899	-0.913907	-0.850397	-0.777451	-0.691603	-0.598499	-0.491128	-0.381672	-0.273249	-0.168309	-0.0727806	0.00927647	0.0712872	0.10191	0.107352	0.111575	0.123617	0.150907	0.192301	0.236458	0.267666	0.287998	0.294169	0.282494	0.263034	0.227587	0.176602	0.12416	0.0732362	0.0324092	0.0130466	0	
0	0.488009	0.96371	1.3845	1.71404	1.93476	2.05872	2.0896	2.04223	1.92016	1.73129	1.48724	1.21778	0.955015	0.712408	0.495412	0.306985	0.14868	0.0259501	-0.0569515	-0.108308	-0.145731	-0.165143	-0.174233	-0.189639	-0.219342	-0.256543	-0.2811	-0.284144	-0.267895	-0.25021	-0.228337	-0.216348	-0.214165	-0.207321	-0.205943	-0.220315	-0.242066	-0.263106	-0.278975	-0.287159	-0.268427	-0.209531	-0.0976556	0.0530322	0.232133	0.424649	0.619567	0.8013	0.957456	1.0572	1.10467	1.10358	1.05548	0.956895	0.813459	0.623639	0.389531	0.138924	-0.10008	-0.328967	-0.540555	-0.718154	-0.846322	-0.922978	-0.963113	-0.970439	-0.958091	-0.93359	-0.886069	-0.828652	-0.763402	-0.689696	-0.617387	-0.534613	-0.452455	-0.366794	-0.276666	-0.196174	-0.128742	-0.076408	-0.0418193	-0.0183628	0.00787261	0.0445139	0.0987567	0.170576	0.245849	0.307369	0.356501	0.381693	0.382487	0.367911	0.329153	0.273965	0.210881	0.144966	0.0861394	0.040314	0	
0	0.461911	0.911286	1.31094	1.62908	1.8531	1.98951	2.04223	2.02417	1.93625	1.77563	1.54998	1.29341	1.04721	0.825102	0.629059	0.45431	0.304422	0.18343	0.0986821	0.0346735	-0.0252953	-0.0749334	-0.109838	-0.143563	-0.18281	-0.22683	-0.258519	-0.269648	-0.262027	-0.252876	-0.242188	-0.246144	-0.264326	-0.281192	-0.296719	-0.318029	-0.331308	-0.330823	-0.321888	-0.301652	-0.254953	-0.164519	-0.0219348	0.153184	0.349281	0.554998	0.754611	0.935272	1.07287	1.14295	1.15183	1.10983	1.02433	0.89488	0.728765	0.529111	0.298127	0.0550549	-0.173051	-0.390602	-0.582796	-0.740875	-0.854462	-0.919841	-0.948389	-0.943539	-0.922548	-0.89143	-0.839036	-0.778206	-0.716185	-0.657219	-0.610708	-0.560333	-0.509205	-0.452935	-0.393826	-0.34159	-0.292387	-0.243647	-0.202064	-0.162108	-0.107229	-0.0350734	0.0563695	0.162471	0.266896	0.349506	0.411275	0.447344	0.454191	0.441298	0.401631	0.335896	0.258815	0.177105	0.101673	0.0475264	0	
0	0.416628	0.823974	1.18626	1.47732	1.69124	1.83966	1.92016	1.93625	1.87962	1.74888	1.55561	1.33589	1.12418	0.931802	0.760503	0.608536	0.473336	0.355153	0.258158	0.17356	0.0874925	0.0143079	-0.0404542	-0.086067	-0.133382	-0.182976	-0.221551	-0.241117	-0.240463	-0.238136	-0.235639	-0.25277	-0.291816	-0.331419	-0.366808	-0.396214	-0.405528	-0.392312	-0.363266	-0.319914	-0.243564	-0.122699	0.0465447	0.242876	0.455547	0.671762	0.874359	1.03992	1.14938	1.17891	1.14483	1.06332	0.942065	0.783953	0.604125	0.409327	0.19561	-0.0227399	-0.225024	-0.415173	-0.588789	-0.732832	-0.832847	-0.886137	-0.906918	-0.90029	-0.880958	-0.848851	-0.786063	-0.71641	-0.657129	-0.615399	-0.594238	-0.569458	-0.545212	-0.520995	-0.494399	-0.468186	-0.436664	-0.395061	-0.348809	-0.295185	-0.22201	-0.123699	-0.000244068	0.137853	0.269209	0.370116	0.443309	0.482364	0.489526	0.474761	0.426215	0.349551	0.258063	0.165181	0.088286	0.0370142	0	
0	0.354286	0.707355	1.02442	1.27958	1.47496	1.62783	1.73129	1.77563	1.74888	1.6546	1.511	1.34523	1.18105	1.02506	0.885734	0.75997	0.638809	0.514732	0.399234	0.292077	0.18983	0.103809	0.0416898	-0.00990387	-0.060177	-0.11231	-0.156473	-0.184374	-0.195269	-0.203465	-0.212309	-0.243018	-0.298761	-0.359849	-0.414088	-0.456358	-0.470219	-0.450685	-0.40762	-0.338717	-0.23084	-0.0773036	0.117783	0.331138	0.554048	0.7744	0.965739	1.10312	1.16742	1.15095	1.07567	0.958553	0.809644	0.635485	0.456523	0.281428	0.104407	-0.069133	-0.228863	-0.393099	-0.552619	-0.691365	-0.785823	-0.830218	-0.84691	-0.846811	-0.834587	-0.800596	-0.733395	-0.660266	-0.606041	-0.576223	-0.569224	-0.563712	-0.565302	-0.567311	-0.56163	-0.55122	-0.528181	-0.494036	-0.458127	-0.412004	-0.338051	-0.230035	-0.0902354	0.0685874	0.221187	0.340936	0.427485	0.476972	0.487425	0.466705	0.41187	0.327663	0.232561	0.141341	0.0678496	0.02662	0	
0	0.28116	0.569458	0.835068	1.05316	1.22858	1.37649	1.48724	1.54998	1.55561	1.511	1.42895	1.32816	1.22145	1.11331	1.0095	0.904857	0.787377	0.653029	0.519612	0.397388	0.285052	0.196659	0.133844	0.0836254	0.0321049	-0.0231073	-0.0731001	-0.110672	-0.132487	-0.152806	-0.174706	-0.217951	-0.288306	-0.365296	-0.436751	-0.493909	-0.517361	-0.499423	-0.445104	-0.353137	-0.213308	-0.0263589	0.196229	0.428353	0.655547	0.859493	1.01365	1.10024	1.11456	1.05417	0.943174	0.803113	0.645606	0.47865	0.319068	0.175136	0.0397321	-0.0854988	-0.199889	-0.326949	-0.470144	-0.604292	-0.698508	-0.749137	-0.776001	-0.78305	-0.774753	-0.745393	-0.684192	-0.623148	-0.577835	-0.552193	-0.551444	-0.559127	-0.574425	-0.588333	-0.591556	-0.585976	-0.574794	-0.556221	-0.534264	-0.501365	-0.438812	-0.337656	-0.199631	-0.0385794	0.12197	0.254331	0.354734	0.414132	0.432474	0.420053	0.370346	0.291501	0.201184	0.116091	0.0523539	0.0179714	0	
0	0.206493	0.425	0.634636	0.817494	0.974248	1.11071	1.21778	1.29341	1.33589	1.34523	1.32816	1.29663	1.258	1.20409	1.13057	1.03308	0.909953	0.766485	0.624317	0.492974	0.376744	0.287599	0.229851	0.18305	0.131048	0.070919	0.013114	-0.0307336	-0.0592451	-0.0865843	-0.118459	-0.173058	-0.252908	-0.34119	-0.425056	-0.495081	-0.529638	-0.51486	-0.454402	-0.346773	-0.184118	0.0298587	0.278231	0.525786	0.747656	0.919612	1.01993	1.04382	1.00076	0.900855	0.767473	0.619302	0.469806	0.325434	0.199515	0.0949739	0.00304701	-0.0762844	-0.148074	-0.243078	-0.360014	-0.479814	-0.576516	-0.641679	-0.685798	-0.708569	-0.711205	-0.694948	-0.657182	-0.612543	-0.574962	-0.552316	-0.551154	-0.557879	-0.572373	-0.584932	-0.58841	-0.590741	-0.587292	-0.580551	-0.576154	-0.561446	-0.518864	-0.435627	-0.312264	-0.160773	-0.00555801	0.124879	0.227391	0.297702	0.332314	0.334196	0.301444	0.238466	0.161596	0.0881918	0.0326052	0.00807475	0	
0	0.136635	0.288102	0.443444	0.590169	0.726223	0.849695	0.955015	1.04721	1.12418	1.18105	1.22145	1.258	1.28686	1.28298	1.23149	1.13359	1.00284	0.854634	0.711045	0.580825	0.465274	0.379219	0.324686	0.282214	0.229868	0.164917	0.101643	0.0551518	0.02705	-0.000333839	-0.0380699	-0.0990528	-0.184302	-0.277151	-0.36778	-0.446482	-0.488771	-0.476949	-0.414247	-0.299696	-0.128331	0.0984705	0.359043	0.611532	0.817168	0.947536	0.987229	0.949731	0.855729	0.719492	0.565413	0.418204	0.288912	0.177858	0.0891647	0.0245493	-0.0253192	-0.0665308	-0.104894	-0.162358	-0.24713	-0.346451	-0.4405	-0.521067	-0.586781	-0.629514	-0.654847	-0.663554	-0.643987	-0.613937	-0.585852	-0.568181	-0.564615	-0.560821	-0.557613	-0.557013	-0.558489	-0.562585	-0.570527	-0.578997	-0.590313	-0.596807	-0.576678	-0.517006	-0.416998	-0.287896	-0.151217	-0.0298076	0.0711607	0.145577	0.192769	0.216725	0.208766	0.168549	0.109766	0.0509123	0.00968583	-0.00373329	0	
0	0.0716511	0.163972	0.270288	0.378138	0.487634	0.599415	0.712408	0.825102	0.931802	1.02506	1.11331	1.20409	1.28298	1.31691	1.28715	1.19855	1.06807	0.920261	0.781582	0.6597	0.553328	0.471549	0.419998	0.37806	0.322499	0.250678	0.181234	0.134785	0.111308	0.0884316	0.0515874	-0.00901026	-0.0884943	-0.174184	-0.259553	-0.336381	-0.379566	-0.3712	-0.31243	-0.205278	-0.0408722	0.179349	0.431002	0.665705	0.841884	0.930839	0.924649	0.83702	0.695458	0.525712	0.357235	0.213744	0.103119	0.0219143	-0.0299139	-0.0558115	-0.0695159	-0.0759542	-0.0805694	-0.104629	-0.156411	-0.231299	-0.314696	-0.395503	-0.472148	-0.542592	-0.601555	-0.635713	-0.63433	-0.610961	-0.588665	-0.575937	-0.567699	-0.552496	-0.536159	-0.524712	-0.51861	-0.523997	-0.538107	-0.561729	-0.594035	-0.62084	-0.625589	-0.590983	-0.51495	-0.407225	-0.287978	-0.181408	-0.0896905	-0.0119775	0.048367	0.0872181	0.0971782	0.0765389	0.0369397	-0.0033116	-0.0272123	-0.0227281	0	
0	0.0130073	0.0544048	0.117421	0.186955	0.268101	0.371612	0.495412	0.629059	0.760503	0.885734	1.0095	1.13057	1.23149	1.28715	1.28429	1.22034	1.10626	0.967607	0.836598	0.724766	0.629449	0.556307	0.506737	0.459973	0.393426	0.309208	0.231632	0.184356	0.164566	0.149738	0.121409	0.0752917	0.0163657	-0.0469712	-0.112511	-0.173956	-0.210555	-0.204618	-0.158972	-0.0696617	0.0715234	0.265548	0.483483	0.679788	0.815298	0.868588	0.829353	0.711047	0.537255	0.339394	0.155237	0.0150109	-0.0771466	-0.131742	-0.154998	-0.152257	-0.134235	-0.108215	-0.0783189	-0.0637377	-0.0827571	-0.131704	-0.19422	-0.264691	-0.349309	-0.445467	-0.536738	-0.596359	-0.60979	-0.596907	-0.579934	-0.566459	-0.553199	-0.534375	-0.51368	-0.496052	-0.486559	-0.491224	-0.513733	-0.55116	-0.600097	-0.650385	-0.676009	-0.659133	-0.598649	-0.506675	-0.405376	-0.309393	-0.222573	-0.146527	-0.0835105	-0.0381069	-0.018702	-0.0286006	-0.0547024	-0.0766818	-0.0770809	-0.0479884	0	
0	-0.0339799	-0.0376547	-0.0143494	0.0209654	0.0808149	0.176265	0.306985	0.45431	0.608536	0.75997	0.904857	1.03308	1.13359	1.19855	1.22034	1.19286	1.11256	0.999037	0.881389	0.780505	0.698584	0.635787	0.584076	0.523278	0.43843	0.338447	0.250354	0.196571	0.177047	0.173231	0.167219	0.152317	0.12862	0.099136	0.0642664	0.0276442	0.0049924	0.00485488	0.0311264	0.0900287	0.196905	0.350281	0.519131	0.663173	0.755951	0.779448	0.722226	0.583534	0.385576	0.167907	-0.0283277	-0.170865	-0.2553	-0.289513	-0.286586	-0.257069	-0.211393	-0.150529	-0.0839733	-0.0356391	-0.0258599	-0.0470019	-0.0848042	-0.142025	-0.228389	-0.341443	-0.453973	-0.533438	-0.568918	-0.570754	-0.557654	-0.540432	-0.522926	-0.506004	-0.488443	-0.474938	-0.469786	-0.477371	-0.502188	-0.549753	-0.616426	-0.684727	-0.727947	-0.724927	-0.675573	-0.592873	-0.496397	-0.403874	-0.320805	-0.245752	-0.183694	-0.141392	-0.124287	-0.131274	-0.148099	-0.155224	-0.13422	-0.0789242	0	
0	-0.0647125	-0.106307	-0.121844	-0.11313	-0.0687862	0.0197332	0.14868	0.304422	0.473336	0.638809	0.787377	0.909953	1.00284	1.06807	1.10626	1.11256	1.07553	0.999832	0.909395	0.829026	0.765759	0.708886	0.646679	0.565231	0.461379	0.347212	0.247966	0.187406	0.169346	0.183202	0.20807	0.230088	0.244866	0.251746	0.251665	0.24581	0.237669	0.231759	0.233376	0.259141	0.326127	0.432386	0.5463	0.636355	0.684148	0.677955	0.602196	0.453066	0.246578	0.0192496	-0.18683	-0.337253	-0.420756	-0.444157	-0.42155	-0.366948	-0.28765	-0.191551	-0.0929534	-0.0164535	0.0197331	0.0245917	0.00522031	-0.0448621	-0.132776	-0.248932	-0.365628	-0.455525	-0.510437	-0.529426	-0.526571	-0.515215	-0.498056	-0.479647	-0.46218	-0.451353	-0.451665	-0.465443	-0.498673	-0.558437	-0.637544	-0.718962	-0.772971	-0.780856	-0.740737	-0.661681	-0.56734	-0.472964	-0.389933	-0.319552	-0.262266	-0.222165	-0.202268	-0.204201	-0.21453	-0.211972	-0.176153	-0.101202	0	
0	-0.0790623	-0.148762	-0.195765	-0.210585	-0.178517	-0.100281	0.0259501	0.18343	0.355153	0.514732	0.653029	0.766485	0.854634	0.920261	0.967607	0.999037	0.999832	0.971066	0.924361	0.88144	0.837933	0.782455	0.703995	0.600896	0.476449	0.345933	0.239642	0.181146	0.174831	0.210859	0.262736	0.316156	0.363784	0.406326	0.441625	0.464324	0.471545	0.458681	0.439246	0.431865	0.455696	0.510223	0.568187	0.607242	0.615535	0.580032	0.48798	0.332809	0.12761	-0.0964351	-0.306874	-0.466007	-0.558139	-0.578341	-0.541215	-0.461879	-0.352566	-0.226543	-0.108545	-0.0155199	0.0396203	0.064998	0.0607855	0.0168905	-0.0634747	-0.172117	-0.287475	-0.384914	-0.452161	-0.485192	-0.496096	-0.493899	-0.480276	-0.46164	-0.441992	-0.431681	-0.437156	-0.458066	-0.503292	-0.575525	-0.659807	-0.742512	-0.799731	-0.81409	-0.777755	-0.700577	-0.608452	-0.517043	-0.438661	-0.369854	-0.311005	-0.267468	-0.245068	-0.24375	-0.248118	-0.238615	-0.193571	-0.110221	0	
0	-0.0834617	-0.166091	-0.232525	-0.264676	-0.248938	-0.17982	-0.0569515	0.0986821	0.258158	0.399234	0.519612	0.624317	0.711045	0.781582	0.836598	0.881389	0.909395	0.924361	0.928665	0.921767	0.896135	0.840103	0.751518	0.629162	0.483773	0.34061	0.237122	0.193605	0.206659	0.261208	0.33338	0.406613	0.47897	0.54662	0.604941	0.648155	0.667854	0.657149	0.627209	0.59234	0.57201	0.57252	0.580939	0.581945	0.5619	0.504773	0.399389	0.242386	0.0451622	-0.169302	-0.372138	-0.533091	-0.629776	-0.653079	-0.610379	-0.517347	-0.388687	-0.250096	-0.125316	-0.0258172	0.0400444	0.0777527	0.0805329	0.0465541	-0.0213426	-0.120704	-0.234066	-0.332569	-0.408117	-0.452658	-0.47978	-0.495392	-0.490879	-0.475529	-0.454109	-0.437715	-0.439847	-0.466637	-0.518475	-0.591677	-0.671484	-0.748997	-0.800457	-0.806337	-0.765853	-0.693308	-0.613886	-0.53456	-0.460308	-0.387798	-0.320664	-0.269593	-0.242184	-0.236536	-0.236887	-0.225543	-0.181412	-0.102358	0	
0	-0.0850238	-0.169486	-0.239808	-0.284069	-0.283584	-0.226008	-0.108308	0.0346735	0.17356	0.292077	0.397388	0.492974	0.580825	0.6597	0.724766	0.780505	0.829026	0.88144	0.921767	0.940942	0.926627	0.877199	0.7851	0.652971	0.499616	0.355504	0.259859	0.227916	0.251927	0.320818	0.406284	0.495217	0.579543	0.656951	0.722528	0.773067	0.802855	0.79858	0.765934	0.710864	0.651596	0.609754	0.58573	0.568722	0.537694	0.46986	0.358388	0.204508	0.0178391	-0.181983	-0.373628	-0.527002	-0.627691	-0.659252	-0.622371	-0.53013	-0.401691	-0.26266	-0.140804	-0.0423179	0.0231608	0.0592169	0.0676326	0.0462466	-0.00440752	-0.0925581	-0.20139	-0.300952	-0.380836	-0.439021	-0.485379	-0.517899	-0.531201	-0.528559	-0.511128	-0.490882	-0.487446	-0.50343	-0.541001	-0.60212	-0.674151	-0.744931	-0.780524	-0.771506	-0.721968	-0.649053	-0.575395	-0.496064	-0.418925	-0.342076	-0.269219	-0.21051	-0.175755	-0.167465	-0.171894	-0.172578	-0.144469	-0.0836208	0	
0	-0.087261	-0.168788	-0.235804	-0.282677	-0.293317	-0.247197	-0.145731	-0.0252953	0.0874925	0.18983	0.285052	0.376744	0.465274	0.553328	0.629449	0.698584	0.765759	0.837933	0.896135	0.926627	0.924282	0.882146	0.796794	0.677109	0.542491	0.412367	0.321171	0.287853	0.314181	0.386395	0.479828	0.571146	0.655854	0.730085	0.789029	0.832961	0.858704	0.852983	0.819774	0.756227	0.683778	0.628076	0.597578	0.578838	0.548055	0.48102	0.373597	0.227016	0.0521998	-0.13373	-0.308921	-0.457361	-0.562684	-0.606684	-0.587118	-0.517083	-0.409453	-0.288186	-0.175029	-0.081266	-0.0203721	0.0177689	0.0338496	0.0279331	-0.00953342	-0.0885793	-0.193028	-0.290748	-0.379549	-0.452428	-0.514112	-0.564237	-0.592733	-0.604476	-0.5963	-0.579428	-0.569492	-0.567071	-0.580286	-0.62141	-0.677552	-0.728985	-0.746061	-0.722984	-0.664903	-0.579026	-0.484577	-0.389894	-0.302952	-0.219564	-0.140354	-0.0735009	-0.0359295	-0.030686	-0.0464146	-0.0699587	-0.0725389	-0.046879	0	
0	-0.0848431	-0.163228	-0.224622	-0.265904	-0.276942	-0.243039	-0.165143	-0.0749334	0.0143079	0.103809	0.196659	0.287599	0.379219	0.471549	0.556307	0.635787	0.708886	0.782455	0.840103	0.877199	0.882146	0.851459	0.788364	0.704968	0.607556	0.498838	0.415408	0.384332	0.406748	0.473951	0.558561	0.642344	0.717779	0.780936	0.821296	0.83959	0.841255	0.820044	0.782938	0.728074	0.670038	0.63217	0.619387	0.616984	0.600136	0.545846	0.452249	0.319165	0.152959	-0.0262866	-0.195566	-0.337466	-0.447504	-0.509739	-0.519506	-0.488816	-0.424458	-0.334201	-0.239736	-0.156517	-0.0952489	-0.0495769	-0.0188142	-0.0132526	-0.0426527	-0.115255	-0.212671	-0.311863	-0.409529	-0.49573	-0.571645	-0.631981	-0.671608	-0.690426	-0.690623	-0.676527	-0.657906	-0.638447	-0.631693	-0.650772	-0.677838	-0.699563	-0.694473	-0.660173	-0.583219	-0.470348	-0.354524	-0.236896	-0.126689	-0.0240305	0.0666135	0.134788	0.166046	0.155714	0.117861	0.0663318	0.0270129	0.00718616	0	
0	-0.076165	-0.152163	-0.211161	-0.243201	-0.249969	-0.226513	-0.174233	-0.109838	-0.0404542	0.0416898	0.133844	0.229851	0.324686	0.419998	0.506737	0.584076	0.646679	0.703995	0.751518	0.7851	0.796794	0.788364	0.762673	0.719961	0.655913	0.575675	0.518457	0.501547	0.524209	0.578954	0.652366	0.721988	0.77962	0.817818	0.823959	0.804781	0.772047	0.724824	0.680119	0.638468	0.612018	0.611301	0.635132	0.664997	0.67842	0.652089	0.579473	0.457501	0.29803	0.122518	-0.0429137	-0.189529	-0.310128	-0.392117	-0.436927	-0.453163	-0.432803	-0.379346	-0.311755	-0.245147	-0.189559	-0.135798	-0.0965187	-0.0850458	-0.10845	-0.167369	-0.253481	-0.349022	-0.45129	-0.55056	-0.642196	-0.71904	-0.770207	-0.796525	-0.795274	-0.770167	-0.735021	-0.698961	-0.676358	-0.669046	-0.662898	-0.656153	-0.627009	-0.562615	-0.456939	-0.323235	-0.186879	-0.0492816	0.0848306	0.208246	0.31075	0.380029	0.39364	0.357718	0.290876	0.202821	0.122036	0.0559082	0	
0	-0.0665325	-0.141336	-0.200915	-0.229032	-0.235065	-0.223066	-0.189639	-0.143563	-0.086067	-0.00990387	0.0836254	0.18305	0.282214	0.37806	0.459973	0.523278	0.565231	0.600896	0.629162	0.652971	0.677109	0.704968	0.719961	0.706471	0.671635	0.630069	0.610663	0.616331	0.644107	0.696862	0.761948	0.811917	0.834538	0.829095	0.793068	0.736182	0.668431	0.592205	0.535586	0.509702	0.520234	0.566178	0.636019	0.705545	0.752374	0.753689	0.704423	0.60207	0.453411	0.281221	0.114086	-0.0368948	-0.171765	-0.28062	-0.357485	-0.40698	-0.42177	-0.400293	-0.362259	-0.322661	-0.278277	-0.228361	-0.190797	-0.176718	-0.186443	-0.225688	-0.293727	-0.380802	-0.484328	-0.59341	-0.703634	-0.799816	-0.868093	-0.899977	-0.893452	-0.851392	-0.795396	-0.742632	-0.696466	-0.661376	-0.632168	-0.600429	-0.537161	-0.437557	-0.303216	-0.150837	-0.00159771	0.152081	0.300792	0.432462	0.535722	0.599427	0.605542	0.552204	0.454731	0.326544	0.201348	0.0956103	0	
0	-0.063608	-0.136903	-0.197274	-0.227916	-0.24227	-0.24071	-0.219342	-0.18281	-0.133382	-0.060177	0.0321049	0.131048	0.229868	0.322499	0.393426	0.43843	0.461379	0.476449	0.483773	0.499616	0.542491	0.607556	0.655913	0.671635	0.673589	0.675313	0.693244	0.725946	0.772525	0.830857	0.885768	0.904572	0.878236	0.821258	0.740261	0.643594	0.535877	0.428358	0.362671	0.356703	0.409413	0.503622	0.617307	0.7244	0.803657	0.832394	0.804258	0.719255	0.58622	0.42083	0.251809	0.0907433	-0.0579755	-0.184384	-0.28187	-0.351812	-0.386791	-0.39258	-0.385258	-0.368855	-0.340724	-0.302085	-0.270498	-0.251761	-0.247557	-0.267832	-0.322562	-0.403814	-0.503942	-0.618548	-0.737978	-0.843846	-0.920847	-0.955981	-0.944939	-0.895167	-0.829554	-0.759472	-0.691872	-0.634749	-0.584911	-0.52768	-0.432689	-0.308046	-0.16226	0.0013441	0.166935	0.328027	0.475492	0.601811	0.703423	0.769555	0.77061	0.705848	0.591053	0.439003	0.282786	0.13751	0	
0	-0.0712399	-0.144354	-0.202436	-0.239627	-0.265017	-0.272421	-0.256543	-0.22683	-0.182976	-0.11231	-0.0231073	0.070919	0.164917	0.250678	0.309208	0.338447	0.347212	0.345933	0.34061	0.355504	0.412367	0.498838	0.575675	0.630069	0.675313	0.718258	0.776829	0.849003	0.921407	0.981592	1.01857	1.00153	0.926167	0.816813	0.685474	0.537322	0.383462	0.246792	0.17506	0.187777	0.275253	0.411265	0.569535	0.719084	0.832994	0.88593	0.87537	0.805583	0.679198	0.515403	0.347533	0.186089	0.0303193	-0.109038	-0.217995	-0.297391	-0.347745	-0.370832	-0.374676	-0.367497	-0.34652	-0.318567	-0.297443	-0.28076	-0.271187	-0.284972	-0.333118	-0.407115	-0.502204	-0.614383	-0.73201	-0.835514	-0.910523	-0.943489	-0.932843	-0.885888	-0.818934	-0.74257	-0.66539	-0.59863	-0.534055	-0.450765	-0.336594	-0.205654	-0.0531827	0.118093	0.282082	0.431602	0.572866	0.702256	0.804485	0.867388	0.868336	0.803273	0.687339	0.529636	0.354173	0.178376	0	
0	-0.0839961	-0.156904	-0.210695	-0.249637	-0.281815	-0.292688	-0.2811	-0.258519	-0.221551	-0.156473	-0.0731001	0.013114	0.101643	0.181234	0.231632	0.250354	0.247966	0.239642	0.237122	0.259859	0.321171	0.415408	0.518457	0.610663	0.693244	0.776829	0.882509	0.995655	1.08443	1.13848	1.15397	1.10147	0.979663	0.820028	0.637695	0.44282	0.25234	0.0951237	0.0155215	0.0330031	0.136028	0.298529	0.496267	0.691607	0.842734	0.91898	0.921413	0.859354	0.740469	0.58031	0.410777	0.245791	0.0859988	-0.058155	-0.168636	-0.24914	-0.305021	-0.333636	-0.335936	-0.322527	-0.300813	-0.280488	-0.266589	-0.256622	-0.255496	-0.272279	-0.313621	-0.376894	-0.458519	-0.55761	-0.663521	-0.758425	-0.831284	-0.866611	-0.865784	-0.831191	-0.770522	-0.699409	-0.628876	-0.561072	-0.485943	-0.395548	-0.283373	-0.151956	0.00411442	0.171721	0.324568	0.468395	0.610171	0.735495	0.835402	0.900645	0.905765	0.846778	0.733791	0.573249	0.388066	0.196729	0	
0	-0.0917576	-0.164835	-0.213219	-0.248987	-0.278564	-0.290527	-0.284144	-0.269648	-0.241117	-0.184374	-0.110672	-0.0307336	0.0551518	0.134785	0.184356	0.196571	0.187406	0.181146	0.193605	0.227916	0.287853	0.384332	0.501547	0.616331	0.725946	0.849003	0.995655	1.1347	1.23354	1.28335	1.27692	1.18725	1.02047	0.816401	0.594895	0.368875	0.15739	-0.0115589	-0.098726	-0.0857301	0.0153444	0.190384	0.417459	0.647042	0.826466	0.924424	0.939664	0.884912	0.764931	0.599873	0.426258	0.260353	0.105248	-0.0248663	-0.11952	-0.190142	-0.244507	-0.272892	-0.270678	-0.252647	-0.228824	-0.20562	-0.191204	-0.186835	-0.193143	-0.210246	-0.243098	-0.291145	-0.35232	-0.432395	-0.523067	-0.612662	-0.692573	-0.747879	-0.77144	-0.758862	-0.7165	-0.65974	-0.59795	-0.528053	-0.45138	-0.366826	-0.261996	-0.13626	0.00618029	0.153393	0.296312	0.439396	0.582127	0.709559	0.813652	0.886468	0.900958	0.850649	0.742926	0.5806	0.391076	0.198686	0	
0	-0.0854508	-0.153746	-0.197854	-0.227035	-0.251355	-0.26595	-0.267895	-0.262027	-0.240463	-0.195269	-0.132487	-0.0592451	0.02705	0.111308	0.164566	0.177047	0.169346	0.174831	0.206659	0.251927	0.314181	0.406748	0.524209	0.644107	0.772525	0.921407	1.08443	1.23354	1.33969	1.38491	1.35598	1.23404	1.03653	0.80267	0.556792	0.312302	0.0888978	-0.0812659	-0.166774	-0.16076	-0.0697565	0.10326	0.339368	0.586061	0.785399	0.898655	0.922678	0.869236	0.745619	0.573455	0.392502	0.228834	0.0897945	-0.0159647	-0.0828537	-0.131878	-0.176023	-0.198657	-0.190047	-0.168112	-0.138877	-0.109272	-0.0910945	-0.0882348	-0.094584	-0.102028	-0.114362	-0.137769	-0.176575	-0.235629	-0.318003	-0.416523	-0.518469	-0.602703	-0.656478	-0.671487	-0.652148	-0.618368	-0.570616	-0.509749	-0.443929	-0.368507	-0.274315	-0.164382	-0.0458069	0.0824519	0.218459	0.36009	0.504424	0.640891	0.76081	0.846397	0.870903	0.825806	0.720999	0.567466	0.385957	0.196991	0	
0	-0.06304	-0.118644	-0.157665	-0.185035	-0.210628	-0.235334	-0.25021	-0.252876	-0.238136	-0.203465	-0.152806	-0.0865843	-0.000333839	0.0884316	0.149738	0.173231	0.183202	0.210859	0.261208	0.320818	0.386395	0.473951	0.578954	0.696862	0.830857	0.981592	1.13848	1.28335	1.38491	1.41966	1.37532	1.24516	1.03737	0.789989	0.528872	0.269685	0.0402042	-0.123213	-0.205405	-0.204307	-0.122165	0.045882	0.278521	0.525457	0.726041	0.839068	0.857101	0.796659	0.667294	0.493925	0.315934	0.161625	0.0389247	-0.0432788	-0.0895921	-0.117573	-0.13699	-0.13934	-0.121416	-0.090789	-0.0522234	-0.010765	0.0195345	0.0337792	0.0448899	0.0589878	0.0661745	0.0592035	0.0399263	-0.00453675	-0.0796533	-0.181251	-0.298466	-0.408782	-0.493368	-0.543048	-0.562678	-0.56173	-0.54291	-0.507668	-0.464916	-0.409784	-0.328845	-0.233677	-0.131115	-0.0116545	0.11824	0.252619	0.39819	0.548597	0.683213	0.781284	0.820492	0.789376	0.697386	0.557	0.383031	0.194241	0	
0	-0.0278754	-0.0586964	-0.0880682	-0.119215	-0.156543	-0.19813	-0.228337	-0.242188	-0.235639	-0.212309	-0.174706	-0.118459	-0.0380699	0.0515874	0.121409	0.167219	0.20807	0.262736	0.33338	0.406284	0.479828	0.558561	0.652366	0.761948	0.885768	1.01857	1.15397	1.27692	1.35598	1.37532	1.33281	1.21049	1.00931	0.76113	0.495446	0.231529	0.00444752	-0.152924	-0.230498	-0.225924	-0.138996	0.0266837	0.247534	0.476429	0.653381	0.740949	0.740708	0.669715	0.539628	0.376214	0.211106	0.0710709	-0.0341214	-0.100352	-0.12684	-0.129532	-0.125332	-0.109718	-0.0764324	-0.0329993	0.0212611	0.0814455	0.131113	0.17127	0.21207	0.249537	0.270178	0.274109	0.261646	0.228853	0.16642	0.0726991	-0.0418577	-0.161995	-0.269719	-0.35929	-0.427822	-0.476847	-0.503247	-0.511098	-0.500082	-0.461103	-0.400006	-0.323976	-0.231666	-0.118838	0.00515584	0.137392	0.285325	0.441151	0.584036	0.69699	0.763098	0.762354	0.69405	0.566813	0.395387	0.202657	0	
0	0.00714443	0.0060234	-0.0100158	-0.0502834	-0.10716	-0.169198	-0.216348	-0.246144	-0.25277	-0.243018	-0.217951	-0.173058	-0.0990528	-0.00901026	0.0752917	0.152317	0.230088	0.316156	0.406613	0.495217	0.571146	0.642344	0.721988	0.811917	0.904572	1.00153	1.10147	1.18725	1.23404	1.24516	1.21049	1.10643	0.92448	0.693784	0.442168	0.191216	-0.0250934	-0.176387	-0.24601	-0.227545	-0.133242	0.0252463	0.222673	0.416001	0.555262	0.61419	0.592651	0.508647	0.379439	0.226472	0.0759258	-0.0404754	-0.12178	-0.166016	-0.170677	-0.144739	-0.110193	-0.0737241	-0.0322838	0.022981	0.0896437	0.161158	0.234244	0.308707	0.385995	0.450535	0.488577	0.501256	0.495724	0.469827	0.415815	0.332154	0.222204	0.0967271	-0.0328106	-0.159659	-0.273816	-0.370289	-0.445374	-0.493641	-0.509865	-0.497507	-0.459936	-0.400293	-0.317593	-0.215064	-0.101512	0.0332125	0.185354	0.342377	0.4955	0.627123	0.714073	0.73852	0.694195	0.580461	0.415347	0.218194	0	
0	0.0313914	0.0567026	0.0548333	0.00796708	-0.0679941	-0.147953	-0.214165	-0.264326	-0.291816	-0.298761	-0.288306	-0.252908	-0.184302	-0.0884943	0.0163657	0.12862	0.244866	0.363784	0.47897	0.579543	0.655854	0.717779	0.77962	0.834538	0.878236	0.926167	0.979663	1.02047	1.03653	1.03737	1.00931	0.92448	0.773626	0.576992	0.360717	0.1446	-0.0464941	-0.179667	-0.229848	-0.200135	-0.109312	0.0311734	0.194362	0.344375	0.446459	0.478913	0.438784	0.344489	0.215005	0.0711044	-0.0578588	-0.149168	-0.204219	-0.219724	-0.192883	-0.138448	-0.0802171	-0.0271387	0.0295268	0.0963666	0.164948	0.240458	0.326124	0.426734	0.535687	0.629197	0.691438	0.725961	0.732398	0.714169	0.665398	0.580357	0.466572	0.328978	0.182099	0.0328658	-0.111219	-0.242771	-0.356337	-0.442054	-0.488303	-0.501452	-0.484952	-0.439228	-0.370804	-0.280243	-0.170491	-0.0375013	0.114597	0.278761	0.444421	0.59087	0.690826	0.726362	0.693448	0.588509	0.426591	0.225347	0	
0	0.0424991	0.0843082	0.0977722	0.0528468	-0.0297199	-0.123712	-0.207321	-0.281192	-0.331419	-0.359849	-0.365296	-0.34119	-0.277151	-0.174184	-0.0469712	0.099136	0.251746	0.406326	0.54662	0.656951	0.730085	0.780936	0.817818	0.829095	0.821258	0.816813	0.820028	0.816401	0.80267	0.789989	0.76113	0.693784	0.576992	0.424945	0.261181	0.0941343	-0.0546887	-0.154375	-0.181005	-0.145511	-0.0611319	0.0600156	0.187587	0.297955	0.367896	0.37384	0.317401	0.217621	0.0879579	-0.0475503	-0.160098	-0.22706	-0.25622	-0.243453	-0.189735	-0.110046	-0.0324535	0.0332694	0.0999766	0.174889	0.245005	0.320762	0.415387	0.528067	0.651281	0.759679	0.841097	0.896216	0.918857	0.917085	0.879911	0.800767	0.688154	0.545622	0.387673	0.223071	0.0575826	-0.100474	-0.240887	-0.35001	-0.418262	-0.458342	-0.465132	-0.436968	-0.38313	-0.303472	-0.198592	-0.0648873	0.0901366	0.264249	0.439285	0.594045	0.706404	0.746552	0.711154	0.605488	0.438083	0.226788	0	
0	0.0397427	0.0851018	0.107438	0.07545	-0.00456333	-0.10512	-0.205943	-0.296719	-0.366808	-0.414088	-0.436751	-0.425056	-0.36778	-0.259553	-0.112511	0.0642664	0.251665	0.441625	0.604941	0.722528	0.789029	0.821296	0.823959	0.793068	0.740261	0.685474	0.637695	0.594895	0.556792	0.528872	0.495446	0.442168	0.360717	0.261181	0.153407	0.0420846	-0.0561438	-0.115231	-0.11718	-0.0709363	0.0154847	0.122804	0.225147	0.30695	0.3464	0.328164	0.261865	0.153037	0.0185901	-0.113635	-0.214452	-0.268062	-0.273535	-0.232061	-0.155862	-0.0669266	0.0169985	0.095031	0.176374	0.262654	0.33491	0.411499	0.504287	0.613397	0.732522	0.839857	0.925267	0.988828	1.02623	1.04608	1.03405	0.977134	0.880821	0.745323	0.585106	0.41181	0.227891	0.0496686	-0.106498	-0.23136	-0.315963	-0.372711	-0.393464	-0.382821	-0.350676	-0.284134	-0.180169	-0.0424804	0.117264	0.300596	0.487003	0.646087	0.758816	0.802486	0.764356	0.648718	0.46956	0.241882	0	
0	0.0266925	0.0603189	0.0836594	0.0634146	-0.00659328	-0.111412	-0.220315	-0.318029	-0.396214	-0.456358	-0.493909	-0.495081	-0.446482	-0.336381	-0.173956	0.0276442	0.24581	0.464324	0.648155	0.773067	0.832961	0.83959	0.804781	0.736182	0.643594	0.537322	0.44282	0.368875	0.312302	0.269685	0.231529	0.191216	0.1446	0.0941343	0.0420846	-0.0113132	-0.0499156	-0.0606655	-0.0257525	0.0453118	0.13691	0.235577	0.324104	0.38214	0.391606	0.351751	0.270444	0.151818	0.0121664	-0.116507	-0.212915	-0.257048	-0.249087	-0.196932	-0.113738	-0.0209521	0.0692905	0.163816	0.26448	0.35931	0.435109	0.504552	0.580429	0.668824	0.77072	0.870946	0.954456	1.02373	1.07623	1.11618	1.12716	1.09651	1.02348	0.906032	0.757821	0.584836	0.390671	0.200821	0.0351294	-0.100309	-0.197193	-0.26125	-0.293003	-0.300689	-0.27422	-0.20808	-0.106887	0.0320645	0.195799	0.384308	0.572929	0.733707	0.848108	0.894128	0.855351	0.72563	0.529138	0.281189	0	
0	0.00803515	0.0227706	0.0366552	0.0243631	-0.0373199	-0.137264	-0.242066	-0.331308	-0.405528	-0.470219	-0.517361	-0.529638	-0.488771	-0.379566	-0.210555	0.0049924	0.237669	0.471545	0.667854	0.802855	0.858704	0.841255	0.772047	0.668431	0.535877	0.383462	0.25234	0.15739	0.0888978	0.0402042	0.00444752	-0.0250934	-0.0464941	-0.0546887	-0.0561438	-0.0499156	-0.025852	0.0232883	0.110117	0.207792	0.308475	0.409305	0.493805	0.531263	0.515529	0.453614	0.353671	0.219755	0.07938	-0.0528231	-0.153454	-0.201311	-0.195494	-0.142556	-0.0579612	0.0359768	0.13834	0.252801	0.362033	0.454949	0.520251	0.56911	0.621668	0.69184	0.780168	0.87067	0.94798	1.01435	1.07453	1.13156	1.16591	1.16308	1.11473	1.02033	0.884975	0.716834	0.526954	0.33901	0.174612	0.0366604	-0.0657086	-0.136601	-0.177092	-0.192009	-0.16595	-0.0959868	0.00241877	0.140266	0.309643	0.491685	0.675738	0.845488	0.962685	1.00821	0.966011	0.823173	0.603556	0.32015	0	
0	-0.0148485	-0.0230471	-0.0239006	-0.03714	-0.0917337	-0.177233	-0.263106	-0.330823	-0.392312	-0.450685	-0.499423	-0.51486	-0.476949	-0.3712	-0.204618	0.00485488	0.231759	0.458681	0.657149	0.79858	0.852983	0.820044	0.724824	0.592205	0.428358	0.246792	0.0951237	-0.0115589	-0.0812659	-0.123213	-0.152924	-0.176387	-0.179667	-0.154375	-0.115231	-0.0606655	0.0232883	0.137198	0.270848	0.397996	0.518143	0.635882	0.722709	0.74902	0.716038	0.631787	0.507031	0.363662	0.213266	0.065825	-0.0477931	-0.113854	-0.124876	-0.0785778	0.00219563	0.097016	0.213287	0.336607	0.448859	0.536449	0.588361	0.618229	0.644242	0.690517	0.763706	0.842673	0.910512	0.97778	1.04522	1.10913	1.15499	1.16851	1.14302	1.07424	0.965357	0.820844	0.644993	0.467404	0.303286	0.162079	0.0588888	-0.0174632	-0.0605548	-0.0743899	-0.0496495	0.0186289	0.116948	0.251527	0.417431	0.597367	0.77909	0.954648	1.07869	1.11899	1.07065	0.917324	0.668165	0.350231	0	
0	-0.0427588	-0.0745615	-0.0909457	-0.110768	-0.158111	-0.222999	-0.278975	-0.321888	-0.363266	-0.40762	-0.445104	-0.454402	-0.414247	-0.31243	-0.158972	0.0311264	0.233376	0.439246	0.627209	0.765934	0.819774	0.782938	0.680119	0.535586	0.362671	0.17506	0.0155215	-0.098726	-0.166774	-0.205405	-0.230498	-0.24601	-0.229848	-0.181005	-0.11718	-0.0257525	0.110117	0.270848	0.442274	0.601899	0.75721	0.897748	0.994372	1.0233	0.981899	0.873722	0.731113	0.56824	0.394305	0.225376	0.0855032	-0.00948359	-0.0457541	-0.0220034	0.0445554	0.140112	0.260117	0.386858	0.502068	0.588443	0.632497	0.6481	0.656461	0.684042	0.739359	0.798986	0.855486	0.920029	0.987519	1.05594	1.10939	1.13615	1.13311	1.09481	1.01772	0.901523	0.747926	0.57954	0.413322	0.26339	0.149922	0.0654126	0.0130928	-0.000858517	0.0270181	0.0938315	0.196175	0.333966	0.498147	0.683114	0.875456	1.04962	1.16879	1.20692	1.14696	0.977086	0.709507	0.371697	0	
0	-0.0740013	-0.127515	-0.157794	-0.182281	-0.222584	-0.261482	-0.287159	-0.301652	-0.319914	-0.338717	-0.353137	-0.346773	-0.299696	-0.205278	-0.0696617	0.0900287	0.259141	0.431865	0.59234	0.710864	0.756227	0.728074	0.638468	0.509702	0.356703	0.187777	0.0330031	-0.0857301	-0.16076	-0.204307	-0.225924	-0.227545	-0.200135	-0.145511	-0.0709363	0.0453118	0.207792	0.397996	0.601899	0.808394	1.00543	1.17494	1.29578	1.33632	1.28555	1.16062	0.992394	0.798307	0.592346	0.394455	0.224701	0.0995004	0.0375997	0.0345462	0.0813584	0.16484	0.275216	0.398186	0.51415	0.60409	0.655747	0.670208	0.671041	0.687303	0.719168	0.75497	0.795046	0.846621	0.910809	0.976634	1.03382	1.07542	1.09404	1.08617	1.03834	0.948471	0.815278	0.652346	0.48326	0.330271	0.202052	0.0978553	0.0332486	0.00942557	0.0308864	0.096666	0.204376	0.352305	0.526401	0.721973	0.925106	1.1027	1.22427	1.26729	1.20175	1.01679	0.73969	0.394607	0	
0	-0.0987445	-0.169456	-0.207451	-0.233558	-0.260858	-0.27521	-0.268427	-0.254953	-0.243564	-0.23084	-0.213308	-0.184118	-0.128331	-0.0408722	0.0715234	0.196905	0.326127	0.455696	0.57201	0.651596	0.683778	0.670038	0.612018	0.520234	0.409413	0.275253	0.136028	0.0153444	-0.0697565	-0.122165	-0.138996	-0.133242	-0.109312	-0.0611319	0.0154847	0.13691	0.308475	0.518143	0.75721	1.00543	1.24011	1.44381	1.59039	1.64281	1.59358	1.46037	1.26643	1.0375	0.794832	0.562319	0.360586	0.210352	0.121636	0.0902668	0.119743	0.188207	0.274043	0.382856	0.499419	0.589559	0.648789	0.670772	0.677423	0.688804	0.699606	0.714714	0.733911	0.765588	0.82046	0.880427	0.938136	0.992171	1.02343	1.03231	1.00443	0.930869	0.814991	0.664261	0.506162	0.354831	0.208821	0.0864171	-0.00191569	-0.0538453	-0.0460312	0.022135	0.140886	0.301577	0.493667	0.702741	0.912788	1.10415	1.23464	1.27821	1.21633	1.03428	0.753792	0.401351	0	
0	-0.106979	-0.185321	-0.22759	-0.24933	-0.26039	-0.247814	-0.209531	-0.164519	-0.122699	-0.0773036	-0.0263589	0.0298587	0.0984705	0.179349	0.265548	0.350281	0.432386	0.510223	0.57252	0.609754	0.628076	0.63217	0.611301	0.566178	0.503622	0.411265	0.298529	0.190384	0.10326	0.045882	0.0266837	0.0252463	0.0311734	0.0600156	0.122804	0.235577	0.409305	0.635882	0.897748	1.17494	1.44381	1.67665	1.84198	1.90928	1.87189	1.73877	1.52362	1.26255	0.985143	0.713215	0.486369	0.319383	0.206576	0.152514	0.154892	0.192599	0.255664	0.345649	0.450639	0.538794	0.600862	0.634186	0.652966	0.66693	0.667449	0.6646	0.664748	0.678117	0.718237	0.771982	0.828704	0.880722	0.913516	0.927365	0.904947	0.842983	0.747085	0.614955	0.470506	0.32428	0.168266	0.0213556	-0.0913691	-0.161602	-0.169303	-0.10198	0.0186707	0.181981	0.390668	0.613797	0.835198	1.04417	1.18884	1.24195	1.19338	1.02451	0.745466	0.390949	0	
