0	0	0	0	0	0	0	0	0	0	0	0	0	0	0	0	0	0	0	0	0	0	0	0	0	0	0	0	0	0	0	0	0	0	0	0	0	0	0	0	0	0	0	0	0	0	0	0	0	0	0	0	0	0	0	0	0	0	0	0	0	0	0	0	0	0	0	0	0	0	0	0	0	0	0	0	0	0	0	0	0	0	0	0	0	0	0	0	0	0	0	0	0	0	0	0	0	0	0	0	
0	-0.0295568	-0.0506078	-0.0557668	-0.0464374	-0.023844	0.00643371	0.0446914	0.0862118	0.132419	0.183149	0.232303	0.268861	0.286054	0.288188	0.275055	0.248876	0.211188	0.166413	0.114392	0.0605421	0.0129071	-0.0235788	-0.0479648	-0.063099	-0.0706474	-0.0731581	-0.0700845	-0.0643131	-0.060329	-0.0616026	-0.0716835	-0.0917683	-0.11688	-0.142066	-0.157872	-0.164537	-0.161772	-0.150237	-0.129098	-0.101953	-0.0684179	-0.0318907	0.00522639	0.0345092	0.0524533	0.0536799	0.0396387	0.0131598	-0.0217643	-0.0559973	-0.0825692	-0.10325	-0.118349	-0.128122	-0.130699	-0.120408	-0.0966383	-0.0565221	-0.000548988	0.0659768	0.137888	0.208637	0.273463	0.330338	0.376696	0.411518	0.430418	0.434295	0.425089	0.406061	0.383225	0.360447	0.333075	0.297497	0.253074	0.198208	0.138476	0.0822112	0.0361626	-0.000176097	-0.0287148	-0.0505866	-0.06958	-0.0873415	-0.102602	-0.116785	-0.128826	-0.136762	-0.139478	-0.132389	-0.11853	-0.101376	-0.0840753	-0.0724311	-0.065539	-0.0578723	-0.0450514	-0.0259708	0	
0	-0.0506078	-0.0889009	-0.105466	-0.0955642	-0.0624397	-0.00695951	0.0653794	0.146723	0.232674	0.323742	0.411173	0.476592	0.511598	0.520748	0.501414	0.452516	0.377602	0.287405	0.185628	0.0827793	-0.00582572	-0.0743839	-0.121359	-0.150479	-0.164531	-0.165456	-0.156988	-0.145531	-0.141236	-0.14889	-0.170444	-0.205449	-0.247541	-0.287111	-0.315834	-0.330754	-0.332274	-0.315203	-0.274941	-0.216273	-0.145875	-0.0691755	0.000725226	0.0524606	0.0811115	0.0818617	0.0584219	0.0176012	-0.0390977	-0.0980853	-0.146438	-0.189314	-0.222367	-0.242281	-0.242753	-0.216886	-0.163561	-0.082892	0.0207067	0.14139	0.271655	0.399591	0.518471	0.626294	0.715056	0.780256	0.819112	0.833464	0.825481	0.795278	0.750674	0.702176	0.641408	0.568227	0.483307	0.388165	0.290302	0.194225	0.111929	0.0413414	-0.0179019	-0.0667244	-0.109291	-0.145936	-0.17958	-0.208373	-0.230178	-0.246095	-0.251218	-0.241374	-0.224795	-0.201132	-0.173537	-0.150307	-0.127721	-0.102759	-0.073609	-0.0396537	0	
0	-0.0557668	-0.105466	-0.135081	-0.139723	-0.107155	-0.0403147	0.0610036	0.173214	0.288469	0.404205	0.512925	0.59735	0.646766	0.668892	0.650589	0.586265	0.478217	0.346321	0.198635	0.0534741	-0.0705033	-0.165544	-0.231319	-0.272695	-0.289643	-0.288862	-0.274325	-0.260028	-0.259155	-0.273776	-0.303336	-0.345671	-0.39137	-0.438245	-0.471865	-0.49607	-0.503476	-0.483299	-0.423756	-0.334806	-0.224783	-0.113817	-0.0149934	0.0515796	0.0867765	0.0873887	0.0632731	0.019331	-0.0446129	-0.114949	-0.178423	-0.238098	-0.285954	-0.312445	-0.307866	-0.260751	-0.179702	-0.0676183	0.0699882	0.223701	0.389131	0.556994	0.717698	0.863239	0.983261	1.07485	1.13042	1.15645	1.15608	1.12734	1.07435	1.00329	0.908524	0.797508	0.684056	0.567422	0.45124	0.339845	0.238165	0.142257	0.0541184	-0.0204025	-0.0856578	-0.145381	-0.196871	-0.242716	-0.279103	-0.302966	-0.316966	-0.314345	-0.303825	-0.285679	-0.254973	-0.219053	-0.177871	-0.131028	-0.0841826	-0.0429333	0	
0	-0.0464374	-0.0955642	-0.139723	-0.160792	-0.143487	-0.0737745	0.0402604	0.172608	0.30275	0.429784	0.548311	0.64097	0.701065	0.733978	0.721668	0.649137	0.518581	0.353366	0.166737	-0.0190654	-0.176212	-0.295883	-0.376678	-0.425158	-0.445765	-0.444686	-0.430945	-0.417842	-0.418962	-0.435385	-0.464024	-0.503608	-0.548916	-0.592586	-0.626324	-0.646854	-0.649567	-0.618428	-0.540459	-0.426709	-0.294875	-0.160104	-0.0448869	0.0357269	0.0825442	0.0940272	0.0790494	0.0433945	-0.0202229	-0.0972584	-0.167981	-0.237704	-0.290621	-0.314123	-0.295665	-0.231222	-0.13125	-0.00458934	0.14136	0.305511	0.488214	0.677521	0.861809	1.03186	1.1692	1.26849	1.33209	1.37055	1.3852	1.36422	1.30673	1.22464	1.1103	0.979431	0.848937	0.724535	0.609794	0.497262	0.39477	0.294234	0.196872	0.106935	0.0211246	-0.0594389	-0.135611	-0.201488	-0.252322	-0.292341	-0.31891	-0.328229	-0.332918	-0.324059	-0.296679	-0.259518	-0.209527	-0.152254	-0.0965441	-0.0477935	0	
0	-0.023844	-0.0624397	-0.107155	-0.143487	-0.139152	-0.0822754	0.0306312	0.162166	0.294211	0.422921	0.543999	0.639894	0.702062	0.741531	0.734496	0.663704	0.524993	0.342827	0.126309	-0.0951042	-0.287182	-0.432224	-0.52876	-0.588414	-0.616821	-0.625872	-0.618929	-0.608481	-0.607103	-0.614501	-0.632655	-0.663935	-0.699666	-0.736798	-0.754782	-0.758275	-0.74024	-0.689134	-0.592411	-0.466745	-0.324083	-0.184761	-0.0588598	0.0337582	0.0985874	0.129832	0.135058	0.113613	0.0559787	-0.0217398	-0.0972509	-0.169572	-0.221598	-0.237283	-0.207949	-0.128842	-0.0226747	0.100678	0.238056	0.390145	0.563136	0.749838	0.936842	1.10846	1.24867	1.35567	1.42552	1.47135	1.49516	1.48364	1.43332	1.35122	1.23139	1.0928	0.962253	0.842841	0.736723	0.643332	0.562205	0.478956	0.389197	0.296896	0.200387	0.101482	0.0105744	-0.0708247	-0.139111	-0.194603	-0.242517	-0.271785	-0.291575	-0.297065	-0.279763	-0.25174	-0.212746	-0.162752	-0.108763	-0.0570536	0	
0	0.00643371	-0.00695951	-0.0403147	-0.0737745	-0.0822754	-0.0407133	0.050704	0.166216	0.285133	0.408814	0.528821	0.622269	0.681475	0.719609	0.717458	0.652916	0.519744	0.334315	0.103788	-0.14407	-0.364076	-0.534586	-0.652204	-0.73013	-0.776942	-0.799965	-0.801236	-0.79133	-0.783197	-0.782027	-0.790226	-0.810496	-0.834568	-0.849319	-0.84063	-0.810021	-0.760454	-0.683366	-0.568472	-0.432189	-0.290365	-0.150548	-0.0251036	0.0761687	0.157805	0.212351	0.242268	0.242517	0.196864	0.121621	0.0464552	-0.0274268	-0.0760353	-0.0853425	-0.0455563	0.0364588	0.137561	0.24431	0.353202	0.472466	0.613594	0.770059	0.931423	1.08902	1.22371	1.33145	1.41172	1.47286	1.50936	1.50249	1.45121	1.37234	1.25937	1.13107	1.01021	0.905668	0.824998	0.761317	0.716439	0.667756	0.60231	0.520822	0.423425	0.31845	0.215215	0.121927	0.0416394	-0.0319851	-0.0954824	-0.139133	-0.175249	-0.194365	-0.194219	-0.188115	-0.170661	-0.14095	-0.101163	-0.0553879	0	
0	0.0446914	0.0653794	0.0610036	0.0402604	0.0306312	0.050704	0.113956	0.197075	0.292112	0.399867	0.511377	0.59812	0.650855	0.687784	0.690041	0.636779	0.515436	0.34166	0.113425	-0.140384	-0.3766	-0.569764	-0.715823	-0.825507	-0.898806	-0.939612	-0.946931	-0.934619	-0.923009	-0.916484	-0.91848	-0.92739	-0.928762	-0.914238	-0.866677	-0.799343	-0.717228	-0.614527	-0.480543	-0.333475	-0.185915	-0.0488705	0.0768152	0.179892	0.271003	0.342024	0.393125	0.415358	0.388571	0.327878	0.262713	0.197531	0.152229	0.143858	0.177112	0.24868	0.329517	0.405717	0.475702	0.548278	0.636921	0.741283	0.859745	0.98664	1.11214	1.22968	1.32452	1.3974	1.44155	1.43932	1.39252	1.31889	1.21244	1.09331	0.990509	0.911873	0.861706	0.836956	0.831414	0.819057	0.785472	0.729195	0.651772	0.557115	0.456664	0.355766	0.260149	0.172914	0.0949641	0.0396474	-0.00672154	-0.0414665	-0.0593312	-0.0741753	-0.0798133	-0.072133	-0.0547998	-0.0320789	0	
0	0.0862118	0.146723	0.173214	0.172608	0.162166	0.166216	0.197075	0.245421	0.305699	0.387616	0.480836	0.557767	0.608126	0.648813	0.661717	0.621175	0.518183	0.36368	0.155598	-0.0878437	-0.326042	-0.537169	-0.714378	-0.859995	-0.964794	-1.02602	-1.04213	-1.03402	-1.02226	-1.01465	-1.00832	-0.998955	-0.973177	-0.921186	-0.835998	-0.732729	-0.622035	-0.498951	-0.350536	-0.19494	-0.0472563	0.0885112	0.209945	0.314096	0.411108	0.493503	0.562551	0.606918	0.605344	0.570487	0.529814	0.481935	0.445547	0.430486	0.44724	0.489102	0.533553	0.5683	0.591054	0.610502	0.642999	0.693581	0.765286	0.861906	0.971257	1.08495	1.18642	1.27038	1.32294	1.32431	1.2782	1.20585	1.10658	1.00141	0.91782	0.864809	0.845401	0.850572	0.875757	0.897246	0.900883	0.886785	0.849284	0.783697	0.695908	0.594565	0.491474	0.392365	0.304839	0.23897	0.178063	0.127116	0.0890233	0.0535611	0.0277037	0.0128524	0.00544855	-0.000636644	0	
0	0.132419	0.232674	0.288469	0.30275	0.294211	0.285133	0.292112	0.305699	0.328446	0.373214	0.440232	0.504319	0.55673	0.609156	0.638199	0.617937	0.537715	0.412441	0.232083	0.00970971	-0.222451	-0.44251	-0.641396	-0.81619	-0.951597	-1.03947	-1.07794	-1.08309	-1.0772	-1.06288	-1.04029	-1.00553	-0.948289	-0.862872	-0.744661	-0.613563	-0.482793	-0.347065	-0.194182	-0.0389506	0.104217	0.232488	0.350357	0.453542	0.554052	0.646089	0.729419	0.796791	0.826154	0.825857	0.818133	0.796258	0.766989	0.743145	0.733052	0.73747	0.737553	0.722417	0.691334	0.657607	0.63896	0.641945	0.676641	0.744105	0.835985	0.937274	1.02827	1.10544	1.15899	1.16753	1.12958	1.06571	0.972915	0.87567	0.805965	0.772936	0.774205	0.799997	0.847115	0.898417	0.942649	0.972111	0.978107	0.949591	0.888247	0.803383	0.705859	0.604032	0.505328	0.421612	0.340635	0.269272	0.213115	0.16042	0.117421	0.0834543	0.0533688	0.0245773	0	
0	0.183149	0.323742	0.404205	0.429784	0.422921	0.408814	0.399867	0.387616	0.373214	0.379941	0.415168	0.464599	0.51874	0.58395	0.634316	0.63857	0.589186	0.493818	0.341819	0.139227	-0.0809537	-0.295138	-0.495542	-0.682319	-0.840712	-0.961306	-1.03113	-1.06119	-1.06293	-1.04214	-0.999863	-0.939303	-0.853652	-0.740013	-0.597493	-0.44835	-0.307007	-0.1695	-0.0192054	0.129247	0.26379	0.383927	0.494193	0.595239	0.69662	0.793061	0.888577	0.974321	1.03034	1.06257	1.08521	1.08674	1.07125	1.04317	1.01508	0.985904	0.939943	0.869761	0.780555	0.689451	0.621505	0.591089	0.600392	0.64522	0.709607	0.783386	0.852381	0.917082	0.967905	0.98189	0.954567	0.898022	0.815756	0.730131	0.670818	0.646552	0.656179	0.697751	0.769281	0.852568	0.930165	0.993289	1.02962	1.02684	0.990989	0.928816	0.848625	0.754554	0.652141	0.555854	0.459828	0.373775	0.303536	0.239558	0.183703	0.134933	0.0894886	0.0425984	0	
0	0.232303	0.411173	0.512925	0.548311	0.543999	0.528821	0.511377	0.480836	0.440232	0.415168	0.423921	0.457411	0.510976	0.587706	0.660048	0.694845	0.676678	0.608566	0.47619	0.288974	0.0845162	-0.111565	-0.297808	-0.482531	-0.658038	-0.807045	-0.910944	-0.966368	-0.981785	-0.959385	-0.905247	-0.823469	-0.714559	-0.576792	-0.417532	-0.259123	-0.117544	0.0160782	0.15828	0.300875	0.42745	0.538596	0.640537	0.733973	0.828784	0.923612	1.02028	1.11512	1.18936	1.24301	1.28862	1.31286	1.31109	1.29057	1.25852	1.21025	1.13019	1.01138	0.864472	0.720715	0.611401	0.546932	0.530093	0.549303	0.58884	0.633091	0.67524	0.721806	0.764732	0.779176	0.755125	0.707492	0.63423	0.554344	0.497216	0.478213	0.502259	0.565002	0.663482	0.776255	0.878776	0.955786	1.00164	1.01242	0.993349	0.952676	0.891804	0.811128	0.719195	0.626881	0.531292	0.444157	0.369464	0.299427	0.237816	0.180132	0.121674	0.0611387	0	
0	0.268861	0.476592	0.59735	0.64097	0.639894	0.622269	0.59812	0.557767	0.504319	0.464599	0.457411	0.481215	0.535593	0.623988	0.72058	0.784444	0.794904	0.745727	0.627013	0.453473	0.266175	0.0902031	-0.0809103	-0.263584	-0.450391	-0.622431	-0.752171	-0.833451	-0.867231	-0.854512	-0.796884	-0.701504	-0.569897	-0.409773	-0.233512	-0.0682235	0.0717788	0.196819	0.328861	0.459686	0.576058	0.675871	0.764984	0.847405	0.929678	1.01254	1.10233	1.19575	1.27624	1.34428	1.40403	1.4436	1.45841	1.44974	1.42225	1.36799	1.26878	1.11911	0.937441	0.757402	0.61351	0.52253	0.477952	0.465059	0.470169	0.48781	0.510954	0.540944	0.569017	0.572225	0.543806	0.489974	0.416115	0.339169	0.28781	0.279541	0.318099	0.405367	0.527941	0.656512	0.766075	0.848037	0.901719	0.923781	0.920748	0.896291	0.853546	0.794852	0.724194	0.651389	0.572963	0.494203	0.420253	0.347034	0.276471	0.208652	0.140735	0.0699052	0	
0	0.286054	0.511598	0.646766	0.701065	0.702062	0.681475	0.650855	0.608126	0.55673	0.51874	0.510976	0.535593	0.597371	0.699964	0.815597	0.899896	0.926637	0.887887	0.779428	0.618249	0.444529	0.279995	0.114262	-0.067749	-0.261536	-0.443563	-0.589765	-0.690608	-0.744026	-0.745507	-0.69411	-0.592513	-0.448548	-0.269356	-0.0778781	0.097831	0.240174	0.361454	0.482282	0.601719	0.703377	0.786198	0.855811	0.917212	0.977685	1.04348	1.12133	1.21006	1.29503	1.36787	1.43183	1.47686	1.49662	1.49553	1.47619	1.42467	1.32245	1.16488	0.970782	0.778096	0.619866	0.506041	0.433375	0.391884	0.371768	0.362138	0.359761	0.367187	0.373538	0.359012	0.31603	0.254764	0.178274	0.100702	0.052573	0.0565343	0.117475	0.22242	0.353737	0.486448	0.598986	0.686547	0.749161	0.785642	0.798837	0.794798	0.775395	0.741313	0.699455	0.650724	0.592172	0.529223	0.461071	0.386348	0.308892	0.229162	0.15016	0.0741005	0	
0	0.288188	0.520748	0.668892	0.733978	0.741531	0.719609	0.687784	0.648813	0.609156	0.58395	0.587706	0.623988	0.699964	0.813126	0.935427	1.02205	1.05057	1.01406	0.911396	0.757619	0.587754	0.423211	0.257391	0.0767443	-0.114843	-0.296939	-0.448615	-0.558942	-0.624037	-0.637103	-0.593907	-0.497484	-0.350888	-0.165198	0.0349394	0.217734	0.363625	0.484791	0.601878	0.713297	0.803814	0.867906	0.912116	0.948492	0.984775	1.03307	1.09888	1.17907	1.2553	1.3204	1.37327	1.41217	1.43325	1.4399	1.4278	1.38253	1.28513	1.1309	0.942125	0.752156	0.59017	0.46849	0.381065	0.317849	0.273268	0.241868	0.217312	0.197736	0.178002	0.143914	0.089039	0.0143932	-0.0702638	-0.1465	-0.184321	-0.165162	-0.0944901	0.0173734	0.152048	0.287631	0.409105	0.509792	0.586371	0.636309	0.662356	0.673275	0.674789	0.668022	0.654356	0.632629	0.600355	0.555832	0.498501	0.427954	0.346124	0.258887	0.170687	0.0840916	0	
0	0.275055	0.501414	0.650589	0.721668	0.734496	0.717458	0.690041	0.661717	0.638199	0.634316	0.660048	0.72058	0.815597	0.935427	1.05136	1.12724	1.14798	1.1058	0.999009	0.838966	0.658706	0.485753	0.317188	0.142803	-0.0399621	-0.212902	-0.357039	-0.462782	-0.525383	-0.540607	-0.50479	-0.416471	-0.279589	-0.100945	0.0920556	0.270188	0.416605	0.543303	0.665385	0.778201	0.859963	0.903793	0.920464	0.930518	0.946438	0.980295	1.03399	1.09697	1.15395	1.19665	1.22927	1.25556	1.27456	1.28591	1.28293	1.24877	1.16399	1.02647	0.854574	0.677212	0.519635	0.395089	0.299756	0.230138	0.178438	0.133722	0.0933034	0.0576527	0.0191844	-0.036537	-0.116254	-0.215547	-0.315937	-0.396977	-0.430385	-0.402345	-0.320106	-0.198973	-0.0541208	0.097394	0.23757	0.357381	0.445937	0.504762	0.540681	0.56305	0.579338	0.590916	0.601203	0.603982	0.595409	0.571248	0.52718	0.466951	0.392665	0.306639	0.21133	0.108345	0	
0	0.248876	0.452516	0.586265	0.649137	0.663704	0.652916	0.636779	0.621175	0.617937	0.63857	0.694845	0.784444	0.899896	1.02205	1.12724	1.19079	1.2021	1.14848	1.02655	0.847086	0.64864	0.461739	0.289668	0.120855	-0.0520311	-0.209947	-0.339908	-0.430358	-0.481829	-0.490853	-0.453566	-0.370263	-0.242757	-0.0790922	0.0970713	0.263777	0.407223	0.539638	0.665835	0.775275	0.845369	0.868887	0.863309	0.856908	0.858465	0.88075	0.916161	0.955489	0.986256	1.00683	1.02066	1.03679	1.04994	1.06173	1.06228	1.03904	0.975798	0.865502	0.721735	0.564869	0.419402	0.299207	0.20603	0.137043	0.0862233	0.0454505	0.00997741	-0.0267793	-0.0777101	-0.156815	-0.27038	-0.408576	-0.539874	-0.636217	-0.672997	-0.641363	-0.550276	-0.414116	-0.247793	-0.0731759	0.0899387	0.228469	0.333119	0.410316	0.461134	0.495561	0.521213	0.541984	0.563666	0.57745	0.582288	0.570151	0.537342	0.489212	0.422526	0.339234	0.239439	0.124062	0	
0	0.211188	0.377602	0.478217	0.518581	0.524993	0.519744	0.515436	0.518183	0.537715	0.589186	0.676678	0.794904	0.926637	1.05057	1.14798	1.2021	1.20136	1.12816	0.979203	0.774599	0.552516	0.349644	0.169489	0.00454588	-0.153684	-0.290013	-0.394162	-0.460863	-0.491504	-0.484958	-0.440453	-0.358998	-0.244212	-0.0997963	0.057193	0.210207	0.348636	0.478498	0.597983	0.695065	0.75077	0.761266	0.744213	0.728228	0.720055	0.726105	0.742698	0.760127	0.772558	0.780377	0.783921	0.786913	0.79069	0.796387	0.798459	0.791827	0.754901	0.677795	0.565987	0.435238	0.308049	0.207081	0.129428	0.0749283	0.0354995	0.0023731	-0.0276219	-0.0661532	-0.129784	-0.235027	-0.379895	-0.550777	-0.710199	-0.829488	-0.883918	-0.861234	-0.765315	-0.607866	-0.411423	-0.208579	-0.0220003	0.139364	0.263116	0.359011	0.428877	0.47544	0.508465	0.530274	0.544657	0.549391	0.548383	0.538252	0.515952	0.479533	0.42065	0.339176	0.237518	0.122135	0	
0	0.166413	0.287405	0.346321	0.353366	0.342827	0.334315	0.34166	0.36368	0.412441	0.493818	0.608566	0.745727	0.887887	1.01406	1.1058	1.14848	1.12816	1.0251	0.846975	0.615863	0.374483	0.153488	-0.0348972	-0.192766	-0.330282	-0.433147	-0.501223	-0.530393	-0.527935	-0.498144	-0.443842	-0.368469	-0.269377	-0.145255	-0.00776139	0.127965	0.248235	0.358937	0.455326	0.531338	0.576273	0.58296	0.56737	0.554063	0.542507	0.54305	0.547406	0.549804	0.548305	0.543299	0.531447	0.522071	0.516152	0.523054	0.538539	0.553236	0.542929	0.492382	0.408224	0.30513	0.211845	0.142313	0.0942507	0.0630744	0.0354651	0.00575197	-0.0284298	-0.0791438	-0.165501	-0.291699	-0.454173	-0.640191	-0.815326	-0.9531	-1.02725	-1.01849	-0.917955	-0.744108	-0.524	-0.294079	-0.0795202	0.106467	0.246684	0.353625	0.427653	0.476738	0.507886	0.52204	0.525177	0.51306	0.500329	0.48419	0.45897	0.424791	0.367253	0.290866	0.201336	0.100988	0	
0	0.114392	0.185628	0.198635	0.166737	0.126309	0.103788	0.113425	0.155598	0.232083	0.341819	0.47619	0.627013	0.779428	0.911396	0.999009	1.02655	0.979203	0.846975	0.641128	0.393759	0.137293	-0.0943973	-0.285161	-0.429598	-0.537329	-0.598992	-0.617423	-0.594836	-0.54866	-0.490974	-0.430456	-0.364267	-0.283635	-0.182543	-0.0716376	0.0326858	0.119687	0.196732	0.262512	0.315375	0.34819	0.355214	0.345859	0.341665	0.342209	0.348165	0.352785	0.347241	0.329212	0.305088	0.275328	0.247786	0.238241	0.255726	0.288609	0.329335	0.3445	0.32056	0.265428	0.198132	0.142178	0.113774	0.0979553	0.0885602	0.0741897	0.0474857	0.00622162	-0.0628212	-0.167769	-0.311465	-0.48315	-0.675031	-0.8614	-1.01119	-1.09188	-1.08169	-0.977253	-0.793702	-0.558203	-0.313162	-0.0817392	0.119783	0.266664	0.373308	0.442245	0.478328	0.495721	0.495858	0.483213	0.461921	0.437608	0.40553	0.366001	0.318712	0.262663	0.203913	0.139891	0.0709941	0	
0	0.0605421	0.0827793	0.0534741	-0.0190654	-0.0951042	-0.14407	-0.140384	-0.0878437	0.00970971	0.139227	0.288974	0.453473	0.618249	0.757619	0.838966	0.847086	0.774599	0.615863	0.393759	0.137073	-0.119132	-0.348017	-0.526536	-0.646882	-0.718469	-0.731844	-0.694298	-0.617046	-0.527886	-0.447643	-0.381856	-0.325175	-0.263378	-0.193173	-0.120979	-0.0590494	-0.0115952	0.0323097	0.069094	0.0963784	0.115374	0.11792	0.114493	0.123442	0.136874	0.154632	0.163422	0.152174	0.123249	0.0857801	0.0406359	0.0040916	-0.00655718	0.0191512	0.0701133	0.12992	0.16558	0.166952	0.147342	0.118638	0.103743	0.107426	0.119228	0.135103	0.134519	0.112941	0.0683643	-0.00873091	-0.127717	-0.279607	-0.457801	-0.659973	-0.854414	-1.00372	-1.07596	-1.05609	-0.938168	-0.747755	-0.51345	-0.271673	-0.0437384	0.154936	0.296709	0.396441	0.454998	0.475232	0.469265	0.447146	0.41957	0.384223	0.346777	0.297155	0.238598	0.185088	0.133898	0.0956605	0.065695	0.030764	0	
0	0.0129071	-0.00582572	-0.0705033	-0.176212	-0.287182	-0.364076	-0.3766	-0.326042	-0.222451	-0.0809537	0.0845162	0.266175	0.444529	0.587754	0.658706	0.64864	0.552516	0.374483	0.137293	-0.119132	-0.36464	-0.573489	-0.725068	-0.809692	-0.835564	-0.796417	-0.706309	-0.583846	-0.464006	-0.364651	-0.293289	-0.243432	-0.206216	-0.176024	-0.151146	-0.134129	-0.122716	-0.108318	-0.0980645	-0.0920663	-0.0854033	-0.0815687	-0.0775138	-0.0631816	-0.0438727	-0.0256643	-0.0172269	-0.0279661	-0.0582551	-0.0965793	-0.138259	-0.173401	-0.17648	-0.13794	-0.078376	-0.00923986	0.0371689	0.0559466	0.0594049	0.0616259	0.0789434	0.115911	0.156632	0.195297	0.213837	0.200715	0.155203	0.0730803	-0.0469721	-0.205592	-0.393951	-0.601137	-0.799294	-0.94315	-0.999668	-0.963577	-0.841067	-0.652768	-0.421365	-0.189285	0.0245275	0.207442	0.334811	0.421804	0.463868	0.459972	0.429912	0.384219	0.330511	0.273377	0.213429	0.150728	0.0963799	0.0518389	0.0176862	-8.82294e-05	-0.00795909	-0.00836019	0	
0	-0.0235788	-0.0743839	-0.165544	-0.295883	-0.432224	-0.534586	-0.569764	-0.537169	-0.44251	-0.295138	-0.111565	0.0902031	0.279995	0.423211	0.485753	0.461739	0.349644	0.153488	-0.0943973	-0.348017	-0.573489	-0.75277	-0.864933	-0.901086	-0.871555	-0.780916	-0.64963	-0.499176	-0.358775	-0.245569	-0.169121	-0.131642	-0.12374	-0.136844	-0.157824	-0.183088	-0.208245	-0.224544	-0.236801	-0.244352	-0.23632	-0.223176	-0.212902	-0.199637	-0.188011	-0.176037	-0.168087	-0.175866	-0.200428	-0.22846	-0.257203	-0.275093	-0.25833	-0.204875	-0.135531	-0.0663206	-0.0235527	-0.00408455	0.0107205	0.0292532	0.0677903	0.129056	0.200374	0.271433	0.309295	0.307582	0.270242	0.192838	0.0692705	-0.0953092	-0.290892	-0.507331	-0.707088	-0.842912	-0.892691	-0.856668	-0.732683	-0.542435	-0.315909	-0.0948847	0.10517	0.273353	0.381695	0.441859	0.455272	0.425809	0.372173	0.303268	0.222631	0.137451	0.0608304	-0.00225228	-0.0418708	-0.061426	-0.0743762	-0.0719716	-0.0567113	-0.0363841	0	
0	-0.0479648	-0.121359	-0.231319	-0.376678	-0.52876	-0.652204	-0.715823	-0.714378	-0.641396	-0.495542	-0.297808	-0.0809103	0.114262	0.257391	0.317188	0.289668	0.169489	-0.0348972	-0.285161	-0.526536	-0.725068	-0.864933	-0.925378	-0.900524	-0.811039	-0.676326	-0.518823	-0.355228	-0.208133	-0.0938607	-0.0276167	-0.0105445	-0.0323218	-0.0809609	-0.140321	-0.206749	-0.269726	-0.315984	-0.345565	-0.356708	-0.342719	-0.320471	-0.304836	-0.295703	-0.28711	-0.275903	-0.265547	-0.270045	-0.290743	-0.310593	-0.319074	-0.311328	-0.269787	-0.199539	-0.12805	-0.0669916	-0.0348133	-0.0223861	-0.0109665	0.0126272	0.065918	0.148344	0.242734	0.335564	0.398609	0.421464	0.405921	0.348449	0.236214	0.063903	-0.148608	-0.372259	-0.576352	-0.717579	-0.769368	-0.734632	-0.617079	-0.436444	-0.219752	-0.0100291	0.174728	0.321109	0.401402	0.428465	0.411376	0.357054	0.284179	0.19804	0.101974	0.0116753	-0.0629619	-0.116739	-0.142728	-0.150936	-0.145966	-0.121209	-0.0858198	-0.0475172	0	
0	-0.063099	-0.150479	-0.272695	-0.425158	-0.588414	-0.73013	-0.825507	-0.859995	-0.81619	-0.682319	-0.482531	-0.263584	-0.067749	0.0767443	0.142803	0.120855	0.00454588	-0.192766	-0.429598	-0.646882	-0.809692	-0.901086	-0.900524	-0.810795	-0.66502	-0.492449	-0.315396	-0.146021	-0.00645501	0.0889446	0.129762	0.120417	0.0708735	-0.0100577	-0.110537	-0.218706	-0.317205	-0.386119	-0.424536	-0.436309	-0.419546	-0.389802	-0.369033	-0.355289	-0.341415	-0.325014	-0.311028	-0.313296	-0.331096	-0.338602	-0.324739	-0.293957	-0.237221	-0.165534	-0.102655	-0.0561865	-0.036149	-0.0303747	-0.0197685	0.00735753	0.0662971	0.157516	0.268188	0.383641	0.474102	0.532368	0.556699	0.527469	0.426183	0.25516	0.0407607	-0.189752	-0.405535	-0.558419	-0.624237	-0.602902	-0.496592	-0.328134	-0.13064	0.0532634	0.208626	0.320977	0.367559	0.364621	0.325349	0.255752	0.169477	0.0738744	-0.0199037	-0.0939005	-0.148033	-0.185769	-0.201317	-0.200416	-0.183595	-0.14354	-0.0946108	-0.0502103	0	
0	-0.0706474	-0.164531	-0.289643	-0.445765	-0.616821	-0.776942	-0.898806	-0.964794	-0.951597	-0.840712	-0.658038	-0.450391	-0.261536	-0.114843	-0.0399621	-0.0520311	-0.153684	-0.330282	-0.537329	-0.718469	-0.835564	-0.871555	-0.811039	-0.66502	-0.470349	-0.263777	-0.0659143	0.101481	0.22092	0.285457	0.296914	0.26185	0.184406	0.0654099	-0.0765405	-0.223016	-0.347904	-0.433572	-0.482269	-0.502461	-0.488807	-0.45551	-0.422596	-0.394614	-0.366289	-0.337137	-0.313004	-0.308383	-0.316869	-0.311694	-0.28374	-0.243642	-0.189025	-0.129861	-0.0803281	-0.0454952	-0.0333843	-0.033707	-0.0272823	-0.000231692	0.0641602	0.164443	0.286691	0.420664	0.54152	0.636619	0.692156	0.688766	0.606766	0.446972	0.240756	0.0161676	-0.202019	-0.369588	-0.451969	-0.448992	-0.36853	-0.228108	-0.0603383	0.0929506	0.21007	0.279587	0.289988	0.259731	0.205019	0.125422	0.0353782	-0.0495556	-0.120696	-0.16844	-0.201043	-0.223493	-0.22727	-0.216528	-0.193923	-0.152856	-0.103854	-0.0566937	0	
0	-0.0731581	-0.165456	-0.288862	-0.444686	-0.625872	-0.799965	-0.939612	-1.02602	-1.03947	-0.961306	-0.807045	-0.622431	-0.443563	-0.296939	-0.212902	-0.209947	-0.290013	-0.433147	-0.598992	-0.731844	-0.796417	-0.780916	-0.676326	-0.492449	-0.263777	-0.0271703	0.183298	0.34376	0.440948	0.483042	0.475307	0.420352	0.311507	0.156338	-0.0242387	-0.200151	-0.348037	-0.453253	-0.519707	-0.552183	-0.546052	-0.506134	-0.458419	-0.413786	-0.368771	-0.323901	-0.286185	-0.266123	-0.260748	-0.245595	-0.211962	-0.176036	-0.137771	-0.0967006	-0.0628723	-0.0416166	-0.0371547	-0.0402202	-0.0341526	-0.00289619	0.0669325	0.170706	0.302474	0.453155	0.600376	0.721632	0.800308	0.815643	0.752617	0.615162	0.428492	0.217256	0.00137594	-0.172677	-0.270998	-0.291628	-0.241559	-0.136926	-0.00860576	0.101814	0.175466	0.207376	0.194441	0.148908	0.0802605	-0.00316329	-0.08262	-0.147485	-0.194202	-0.222502	-0.24245	-0.250318	-0.238886	-0.218801	-0.192656	-0.154853	-0.110549	-0.0610119	0	
0	-0.0700845	-0.156988	-0.274325	-0.430945	-0.618929	-0.801236	-0.946931	-1.04213	-1.07794	-1.03113	-0.910944	-0.752171	-0.589765	-0.448615	-0.357039	-0.339908	-0.394162	-0.501223	-0.617423	-0.694298	-0.706309	-0.64963	-0.518823	-0.315396	-0.0659143	0.183298	0.3953	0.543251	0.627848	0.659352	0.640526	0.56604	0.432162	0.249858	0.0459118	-0.14979	-0.316272	-0.440489	-0.524039	-0.571073	-0.571947	-0.530068	-0.47336	-0.415466	-0.358942	-0.300604	-0.245516	-0.208883	-0.189176	-0.165438	-0.133723	-0.107483	-0.0839039	-0.0614067	-0.0407196	-0.0283344	-0.0293039	-0.0352656	-0.0270257	0.00869101	0.0790219	0.185286	0.322462	0.484564	0.646432	0.782497	0.872171	0.899571	0.855818	0.741264	0.577428	0.379663	0.172878	-2.85755e-05	-0.106497	-0.145522	-0.127219	-0.0592017	0.0257153	0.0924318	0.128836	0.134907	0.105569	0.0455658	-0.0297173	-0.108628	-0.172935	-0.218046	-0.249657	-0.266751	-0.272178	-0.264854	-0.24237	-0.21434	-0.185432	-0.146659	-0.101556	-0.0554719	0	
0	-0.0643131	-0.145531	-0.260028	-0.417842	-0.608481	-0.79133	-0.934619	-1.03402	-1.08309	-1.06119	-0.966368	-0.833451	-0.690608	-0.558942	-0.462782	-0.430358	-0.460863	-0.530393	-0.594836	-0.617046	-0.583846	-0.499176	-0.355228	-0.146021	0.101481	0.34376	0.543251	0.683395	0.764592	0.792669	0.765336	0.679509	0.532904	0.341156	0.126882	-0.0786029	-0.256039	-0.393626	-0.49266	-0.551736	-0.56183	-0.522174	-0.460158	-0.397461	-0.337576	-0.272462	-0.210046	-0.162162	-0.131931	-0.104556	-0.0740365	-0.0491702	-0.0343492	-0.0188207	-0.0049329	-0.00162602	-0.00757884	-0.0135005	-0.00462278	0.0306953	0.10189	0.207189	0.348124	0.516223	0.685592	0.822142	0.912256	0.952229	0.927336	0.829185	0.674382	0.488297	0.295499	0.127953	0.0166713	-0.0347685	-0.0371059	-0.00200253	0.0438518	0.0772899	0.0894362	0.0788606	0.0391142	-0.0277433	-0.105126	-0.175378	-0.231068	-0.273738	-0.299158	-0.305664	-0.294632	-0.269716	-0.236297	-0.199839	-0.162201	-0.119588	-0.0775029	-0.039379	0	
0	-0.060329	-0.141236	-0.259155	-0.418962	-0.607103	-0.783197	-0.923009	-1.02226	-1.0772	-1.06293	-0.981785	-0.867231	-0.744026	-0.624037	-0.525383	-0.481829	-0.491504	-0.527935	-0.54866	-0.527886	-0.464006	-0.358775	-0.208133	-0.00645501	0.22092	0.440948	0.627848	0.764592	0.844869	0.868533	0.836554	0.749058	0.603372	0.415474	0.205636	0.00648305	-0.169435	-0.313334	-0.425271	-0.499129	-0.523134	-0.492774	-0.437695	-0.378895	-0.323659	-0.260431	-0.192325	-0.13648	-0.0989532	-0.067714	-0.0364326	-0.0114687	0.00530866	0.0191547	0.0300295	0.0322731	0.0264834	0.0209409	0.029343	0.0635533	0.129357	0.236683	0.382681	0.553052	0.719894	0.853876	0.944908	0.983975	0.959863	0.867035	0.722704	0.544267	0.359026	0.196648	0.0856139	0.0304721	0.0156137	0.0323984	0.0593628	0.0776722	0.0777103	0.0553705	0.0036623	-0.0672147	-0.139794	-0.206261	-0.262917	-0.308729	-0.331875	-0.329506	-0.307304	-0.271952	-0.22836	-0.180377	-0.133476	-0.0889777	-0.0522812	-0.0242102	0	
0	-0.0616026	-0.14889	-0.273776	-0.435385	-0.614501	-0.782027	-0.916484	-1.01465	-1.06288	-1.04214	-0.959385	-0.854512	-0.745507	-0.637103	-0.540607	-0.490853	-0.484958	-0.498144	-0.490974	-0.447643	-0.364651	-0.245569	-0.0938607	0.0889446	0.285457	0.483042	0.659352	0.792669	0.868533	0.888611	0.859723	0.778563	0.644403	0.473898	0.288169	0.112292	-0.0509429	-0.1962	-0.322327	-0.416552	-0.463281	-0.456898	-0.420231	-0.37372	-0.328238	-0.263824	-0.18996	-0.124343	-0.0792126	-0.0452781	-0.0154371	0.0145982	0.033462	0.04851	0.0595394	0.061001	0.0568813	0.0524552	0.060514	0.0925915	0.162626	0.276538	0.426578	0.594783	0.754051	0.87787	0.959942	0.99611	0.967109	0.865457	0.713182	0.535175	0.361068	0.209136	0.104271	0.0527652	0.0387404	0.052832	0.0786308	0.0988846	0.0970534	0.0658952	0.00767035	-0.0622055	-0.135046	-0.204115	-0.266598	-0.313432	-0.331159	-0.32934	-0.306719	-0.269826	-0.225349	-0.17319	-0.126038	-0.0838481	-0.0482772	-0.0221471	0	
0	-0.0716835	-0.170444	-0.303336	-0.464024	-0.632655	-0.790226	-0.91848	-1.00832	-1.04029	-0.999863	-0.905247	-0.796884	-0.69411	-0.593907	-0.50479	-0.453566	-0.440453	-0.443842	-0.430456	-0.381856	-0.293289	-0.169121	-0.0276167	0.129762	0.296914	0.475307	0.640526	0.765336	0.836554	0.859723	0.838915	0.771151	0.657522	0.520286	0.37489	0.233679	0.0920815	-0.0496706	-0.189067	-0.307576	-0.385618	-0.413886	-0.406428	-0.382548	-0.348186	-0.286078	-0.203321	-0.127467	-0.0735249	-0.0357294	-0.00173189	0.0324583	0.0549486	0.0696129	0.0767302	0.0792088	0.0770445	0.0767017	0.0887864	0.127545	0.204785	0.326622	0.476367	0.635675	0.785907	0.902394	0.973903	0.988954	0.934853	0.816235	0.655962	0.475116	0.3032	0.158676	0.067699	0.032714	0.035662	0.0665085	0.110975	0.14304	0.141651	0.111573	0.0554458	-0.0130941	-0.0900965	-0.167927	-0.232685	-0.278464	-0.299746	-0.306494	-0.294545	-0.265952	-0.229183	-0.185819	-0.142821	-0.103151	-0.0674845	-0.0323132	0	
0	-0.0917683	-0.205449	-0.345671	-0.503608	-0.663935	-0.810496	-0.92739	-0.998955	-1.00553	-0.939303	-0.823469	-0.701504	-0.592513	-0.497484	-0.416471	-0.370263	-0.358998	-0.368469	-0.364267	-0.325175	-0.243432	-0.131642	-0.0105445	0.120417	0.26185	0.420352	0.56604	0.679509	0.749058	0.778563	0.771151	0.722781	0.642968	0.551677	0.455285	0.359146	0.246509	0.115578	-0.0326704	-0.173451	-0.283539	-0.350911	-0.385274	-0.39071	-0.375611	-0.317553	-0.231926	-0.150093	-0.0919515	-0.0478777	-0.00710591	0.0363951	0.0666883	0.0842307	0.0928125	0.0981503	0.10161	0.105549	0.124585	0.172805	0.260189	0.386334	0.531747	0.683062	0.820679	0.922517	0.974612	0.962012	0.877644	0.732862	0.552075	0.356926	0.184619	0.0551668	-0.0181181	-0.0305051	0.00580513	0.0725213	0.147685	0.199609	0.215347	0.197919	0.146731	0.0768202	-0.0113113	-0.0970319	-0.165512	-0.216469	-0.245677	-0.264858	-0.264474	-0.251987	-0.233923	-0.202289	-0.167851	-0.131453	-0.0916794	-0.0480959	0	
0	-0.11688	-0.247541	-0.39137	-0.548916	-0.699666	-0.834568	-0.928762	-0.973177	-0.948289	-0.853652	-0.714559	-0.569897	-0.448548	-0.350888	-0.279589	-0.242757	-0.244212	-0.269377	-0.283635	-0.263378	-0.206216	-0.12374	-0.0323218	0.0708735	0.184406	0.311507	0.432162	0.532904	0.603372	0.644403	0.657522	0.642968	0.60986	0.56893	0.528862	0.477323	0.396399	0.27869	0.130416	-0.0213893	-0.153001	-0.260816	-0.335317	-0.376063	-0.382743	-0.342054	-0.269897	-0.199734	-0.143117	-0.0899234	-0.0324576	0.0295677	0.0753402	0.103527	0.117062	0.130221	0.138764	0.151202	0.182132	0.239529	0.331345	0.455351	0.590778	0.729803	0.855887	0.939871	0.959565	0.90843	0.787318	0.611161	0.405727	0.197345	0.0236854	-0.0981581	-0.149022	-0.126803	-0.047092	0.0643649	0.178815	0.2628	0.305196	0.312682	0.273597	0.201814	0.11068	0.016897	-0.0656451	-0.132555	-0.180518	-0.213738	-0.225769	-0.228488	-0.224398	-0.205937	-0.18049	-0.146832	-0.103295	-0.0523208	0	
0	-0.142066	-0.287111	-0.438245	-0.592586	-0.736798	-0.849319	-0.914238	-0.921186	-0.862872	-0.740013	-0.576792	-0.409773	-0.269356	-0.165198	-0.100945	-0.0790922	-0.0997963	-0.145255	-0.182543	-0.193173	-0.176024	-0.136844	-0.0809609	-0.0100577	0.0654099	0.156338	0.249858	0.341156	0.415474	0.473898	0.520286	0.551677	0.56893	0.583743	0.593445	0.582659	0.526996	0.427071	0.291515	0.141661	-0.00795772	-0.145535	-0.257321	-0.328354	-0.362285	-0.352848	-0.310599	-0.25912	-0.205335	-0.140793	-0.0642533	0.0131388	0.0753949	0.117527	0.144605	0.170819	0.193002	0.217573	0.257964	0.321854	0.413353	0.529131	0.655348	0.786051	0.891751	0.941831	0.921026	0.822503	0.657325	0.449815	0.223785	0.00529525	-0.168451	-0.27333	-0.300334	-0.244816	-0.117854	0.0383094	0.195756	0.322965	0.408856	0.446067	0.418493	0.354165	0.264757	0.165662	0.069008	-0.0217029	-0.0938555	-0.149056	-0.182003	-0.198409	-0.202893	-0.19399	-0.176115	-0.1438	-0.097632	-0.0476002	0	
0	-0.157872	-0.315834	-0.471865	-0.626324	-0.754782	-0.84063	-0.866677	-0.835998	-0.744661	-0.597493	-0.417532	-0.233512	-0.0778781	0.0349394	0.0920556	0.0970713	0.057193	-0.00776139	-0.0716376	-0.120979	-0.151146	-0.157824	-0.140321	-0.110537	-0.0765405	-0.0242387	0.0459118	0.126882	0.205636	0.288169	0.37489	0.455285	0.528862	0.593445	0.64781	0.664734	0.63109	0.553476	0.434392	0.285983	0.129528	-0.0261339	-0.158466	-0.254231	-0.318327	-0.343706	-0.331899	-0.297821	-0.246182	-0.172878	-0.0873204	-0.00131975	0.0724769	0.127225	0.165356	0.20491	0.240452	0.28061	0.338181	0.409196	0.498567	0.608609	0.724981	0.835497	0.906945	0.914304	0.844649	0.701571	0.500817	0.263635	0.0201534	-0.200582	-0.364572	-0.447186	-0.438563	-0.344223	-0.183869	0.00704399	0.201768	0.368351	0.49247	0.560534	0.55758	0.511831	0.436665	0.335857	0.225431	0.121184	0.0256204	-0.0568581	-0.114417	-0.153299	-0.171968	-0.171142	-0.158355	-0.128983	-0.0898288	-0.0485939	0	
0	-0.164537	-0.330754	-0.49607	-0.646854	-0.758275	-0.810021	-0.799343	-0.732729	-0.613563	-0.44835	-0.259123	-0.0682235	0.097831	0.217734	0.270188	0.263777	0.210207	0.127965	0.0326858	-0.0590494	-0.134129	-0.183088	-0.206749	-0.218706	-0.223016	-0.200151	-0.14979	-0.0786029	0.00648305	0.112292	0.233679	0.359146	0.477323	0.582659	0.664734	0.703384	0.693491	0.635988	0.5314	0.393611	0.243663	0.0900314	-0.0543104	-0.173545	-0.261462	-0.314561	-0.324829	-0.302575	-0.254821	-0.18215	-0.0939799	-0.0100612	0.0634592	0.120157	0.163182	0.211737	0.264414	0.329015	0.405948	0.487414	0.579738	0.682261	0.783284	0.869591	0.902421	0.860734	0.744988	0.562546	0.329912	0.0727984	-0.176916	-0.388838	-0.536153	-0.592098	-0.551038	-0.425478	-0.235319	-0.0193149	0.200971	0.395014	0.543504	0.637363	0.666015	0.650766	0.595897	0.502632	0.392456	0.278955	0.167448	0.0679282	-0.0139926	-0.0770091	-0.114462	-0.126469	-0.117742	-0.0961575	-0.072512	-0.0435798	0	
0	-0.161772	-0.332274	-0.503476	-0.649567	-0.74024	-0.760454	-0.717228	-0.622035	-0.482793	-0.307007	-0.117544	0.0717788	0.240174	0.363625	0.416605	0.407223	0.348636	0.248235	0.119687	-0.0115952	-0.122716	-0.208245	-0.269726	-0.317205	-0.347904	-0.348037	-0.316272	-0.256039	-0.169435	-0.0509429	0.0920815	0.246509	0.396399	0.526996	0.63109	0.693491	0.7019	0.65897	0.571402	0.455715	0.32801	0.185196	0.0376944	-0.0885035	-0.187687	-0.255914	-0.283004	-0.275473	-0.237485	-0.170291	-0.0896515	-0.0175855	0.0476	0.099415	0.144796	0.206051	0.282042	0.36817	0.458783	0.544991	0.635094	0.732307	0.82272	0.881703	0.872108	0.789577	0.638146	0.422321	0.16568	-0.0997324	-0.34181	-0.538612	-0.667808	-0.697478	-0.629723	-0.488054	-0.287427	-0.0523855	0.18983	0.401409	0.566805	0.680914	0.735974	0.746726	0.714339	0.638764	0.542155	0.436051	0.323655	0.221118	0.130981	0.051896	-0.00325716	-0.0357253	-0.0534752	-0.0526105	-0.0397647	-0.0248694	0	
0	-0.150237	-0.315203	-0.483299	-0.618428	-0.689134	-0.683366	-0.614527	-0.498951	-0.347065	-0.1695	0.0160782	0.196819	0.361454	0.484791	0.543303	0.539638	0.478498	0.358937	0.196732	0.0323097	-0.108318	-0.224544	-0.315984	-0.386119	-0.433572	-0.453253	-0.440489	-0.393626	-0.313334	-0.1962	-0.0496706	0.115578	0.27869	0.427071	0.553476	0.635988	0.65897	0.632884	0.574737	0.493643	0.391457	0.268954	0.135217	0.0122348	-0.0925423	-0.173579	-0.218002	-0.221332	-0.192066	-0.134388	-0.0678968	-0.0127583	0.038119	0.0866701	0.140543	0.216902	0.309124	0.406167	0.498284	0.579268	0.664284	0.752513	0.824342	0.855822	0.81673	0.702351	0.522664	0.292231	0.0320403	-0.235151	-0.471758	-0.651448	-0.760166	-0.774601	-0.696892	-0.548011	-0.340025	-0.0901901	0.165583	0.38825	0.568129	0.702105	0.778179	0.802608	0.787109	0.736309	0.665969	0.582532	0.486624	0.393832	0.304292	0.221703	0.157285	0.0997674	0.0468678	0.0176802	0.0103291	0.00480244	0	
0	-0.129098	-0.274941	-0.423756	-0.540459	-0.592411	-0.568472	-0.480543	-0.350536	-0.194182	-0.0192054	0.15828	0.328861	0.482282	0.601878	0.665385	0.665835	0.597983	0.455326	0.262512	0.069094	-0.0980645	-0.236801	-0.345565	-0.424536	-0.482269	-0.519707	-0.524039	-0.49266	-0.425271	-0.322327	-0.189067	-0.0326704	0.130416	0.291515	0.434392	0.5314	0.571402	0.574737	0.556166	0.510719	0.443669	0.356516	0.245732	0.123874	0.00793324	-0.0871525	-0.141187	-0.15306	-0.130964	-0.0835393	-0.0268928	0.021668	0.0693249	0.119471	0.181302	0.265316	0.359793	0.450789	0.530654	0.602653	0.677161	0.745689	0.790516	0.791154	0.724602	0.593677	0.406535	0.170664	-0.0924194	-0.350259	-0.570965	-0.738788	-0.837799	-0.844915	-0.758993	-0.602042	-0.383892	-0.124565	0.135638	0.367204	0.560582	0.712395	0.804029	0.840317	0.841471	0.81136	0.764139	0.704631	0.634127	0.560828	0.48114	0.402447	0.330854	0.256892	0.183985	0.127358	0.0808284	0.0347497	0	
0	-0.101953	-0.216273	-0.334806	-0.426709	-0.466745	-0.432189	-0.333475	-0.19494	-0.0389506	0.129247	0.300875	0.459686	0.601719	0.713297	0.778201	0.775275	0.695065	0.531338	0.315375	0.0963784	-0.0920663	-0.244352	-0.356708	-0.436309	-0.502461	-0.552183	-0.571073	-0.551736	-0.499129	-0.416552	-0.307576	-0.173451	-0.0213893	0.141661	0.285983	0.393611	0.455715	0.493643	0.510719	0.508156	0.487864	0.443436	0.348205	0.22282	0.0963055	-0.00360963	-0.0673735	-0.0878891	-0.0763162	-0.0342516	0.0252211	0.0801941	0.131905	0.189373	0.259257	0.341229	0.427168	0.501097	0.5601	0.611104	0.662798	0.706031	0.72394	0.700182	0.617874	0.47303	0.276352	0.044512	-0.204451	-0.451831	-0.662232	-0.813116	-0.896723	-0.896054	-0.805881	-0.640558	-0.414703	-0.149068	0.118048	0.3573	0.562007	0.721693	0.821846	0.872836	0.887403	0.87362	0.841565	0.795283	0.745171	0.692936	0.631286	0.56233	0.488619	0.409246	0.330645	0.255291	0.166987	0.0731477	0	
0	-0.0684179	-0.145875	-0.224783	-0.294875	-0.324083	-0.290365	-0.185915	-0.0472563	0.104217	0.26379	0.42745	0.576058	0.703377	0.803814	0.859963	0.845369	0.75077	0.576273	0.34819	0.115374	-0.0854033	-0.23632	-0.342719	-0.419546	-0.488807	-0.546052	-0.571947	-0.56183	-0.523134	-0.463281	-0.385618	-0.283539	-0.153001	-0.00795772	0.129528	0.243663	0.32801	0.391457	0.443669	0.487864	0.515983	0.497709	0.415014	0.293845	0.16999	0.0686092	-0.000631447	-0.0305905	-0.0254099	0.0195195	0.0836099	0.144109	0.197229	0.261551	0.338517	0.422228	0.494144	0.544807	0.578676	0.604055	0.62522	0.634945	0.623709	0.581142	0.489648	0.339518	0.140675	-0.0861677	-0.325198	-0.553029	-0.735617	-0.862923	-0.927014	-0.917226	-0.81555	-0.634846	-0.401031	-0.133531	0.133168	0.375241	0.576751	0.729924	0.827056	0.88047	0.906867	0.907189	0.888542	0.85681	0.819376	0.780665	0.735766	0.67972	0.615151	0.540104	0.452667	0.357977	0.246987	0.12138	0	
0	-0.0318907	-0.0691755	-0.113817	-0.160104	-0.184761	-0.150548	-0.0488705	0.0885112	0.232488	0.383927	0.538596	0.675871	0.786198	0.867906	0.903793	0.868887	0.761266	0.58296	0.355214	0.11792	-0.0815687	-0.223176	-0.320471	-0.389802	-0.45551	-0.506134	-0.530068	-0.522174	-0.492774	-0.456898	-0.413886	-0.350911	-0.260816	-0.145535	-0.0261339	0.0900314	0.185196	0.268954	0.356516	0.443436	0.497709	0.497018	0.433676	0.33085	0.216862	0.122122	0.0581072	0.0300771	0.0382063	0.0807831	0.141034	0.197665	0.253027	0.324237	0.407782	0.487621	0.547947	0.57999	0.589085	0.588525	0.579865	0.559087	0.519213	0.454349	0.347358	0.186707	-0.0113384	-0.223873	-0.441605	-0.645362	-0.805592	-0.906816	-0.942065	-0.90211	-0.771138	-0.568866	-0.326325	-0.06707	0.192166	0.423891	0.606406	0.73906	0.821152	0.87196	0.893572	0.896691	0.891612	0.872563	0.851806	0.824061	0.786765	0.744017	0.693626	0.628446	0.535514	0.422625	0.299716	0.159447	0	
