0	0	0	0	0	0	0	0	0	0	0	0	0	0	0	0	0	0	0	0	0	0	0	0	0	0	0	0	0	0	0	0	0	0	0	0	0	0	0	0	0	0	0	0	0	0	0	0	0	0	0	0	0	0	0	0	0	0	0	0	0	0	0	0	0	0	0	0	0	0	0	0	0	0	0	0	0	0	0	0	0	0	0	0	0	0	0	0	0	0	0	0	0	0	0	0	0	0	0	0	
0	0.0330405	0.062714	0.0956057	0.128149	0.159848	0.218147	0.291761	0.340921	0.375606	0.392369	0.363029	0.290008	0.198371	0.112627	0.0269012	-0.0655732	-0.155848	-0.217649	-0.232737	-0.205899	-0.153343	-0.0983054	-0.0522747	-0.019888	-0.000792145	0.0108206	0.0159379	0.0189489	0.0201614	0.0201407	0.0205957	0.0189671	0.0189925	0.0160423	0.0150133	0.0111643	0.00825849	0.00425323	0.000244647	-0.00346184	-0.00467282	-0.00636533	-0.00156405	0.00458622	0.0142372	0.0280805	0.0409803	0.0488202	0.0489115	0.0387041	0.0175476	-0.00214379	-0.0139755	-0.00184451	0.0380408	0.0888328	0.146967	0.186172	0.184857	0.16749	0.130887	0.0530732	-0.0372754	-0.115499	-0.197879	-0.277609	-0.324276	-0.340986	-0.346576	-0.330663	-0.276345	-0.197523	-0.120421	-0.0486074	0.0310852	0.118542	0.191968	0.227257	0.217951	0.177006	0.124969	0.078094	0.0437743	0.0222381	0.010324	0.00440984	0.00174297	0.000640544	0.00021979	7.06716e-05	2.13621e-05	6.08752e-06	1.63958e-06	4.18328e-07	1.01319e-07	2.33372e-08	5.11421e-09	1.03144e-09	0	
0	0.062714	0.121039	0.194646	0.275094	0.364053	0.483392	0.59871	0.676227	0.722967	0.729314	0.672372	0.543871	0.383785	0.226935	0.0655084	-0.106793	-0.274102	-0.390564	-0.426224	-0.382312	-0.293324	-0.194135	-0.110717	-0.052238	-0.0163374	0.00356389	0.0128611	0.0179337	0.0192345	0.0203219	0.0201712	0.0199274	0.0195862	0.0187932	0.018063	0.0173489	0.0162759	0.0157999	0.0156936	0.0156105	0.0179773	0.0207771	0.025901	0.034154	0.0432382	0.0532664	0.0610123	0.0664848	0.0607303	0.0487502	0.0312404	0.0165479	0.017879	0.0426513	0.103799	0.185208	0.265349	0.331966	0.353752	0.31529	0.223924	0.086497	-0.0739682	-0.235804	-0.397739	-0.540711	-0.631959	-0.673069	-0.680659	-0.640945	-0.536342	-0.389204	-0.237955	-0.0903711	0.0690476	0.236004	0.373063	0.439294	0.423203	0.347247	0.248559	0.157815	0.0899949	0.0465475	0.0220105	0.00957796	0.00385679	0.00144392	0.000504666	0.000165258	5.08621e-05	1.47543e-05	4.04423e-06	1.04987e-06	2.58648e-07	6.0584e-08	1.34967e-08	2.76342e-09	0	
0	0.0956057	0.194646	0.310592	0.448463	0.614483	0.784023	0.921552	1.01746	1.04894	1.01469	0.91475	0.744386	0.539632	0.319963	0.0937763	-0.142511	-0.363611	-0.518972	-0.570965	-0.5207	-0.407866	-0.275342	-0.162163	-0.0802107	-0.0288853	-0.00208151	0.0122751	0.017416	0.0201552	0.0212394	0.0216007	0.0234603	0.0236767	0.027308	0.0283971	0.0336112	0.0369727	0.0429519	0.0487582	0.0555234	0.0603478	0.067278	0.0680695	0.0694437	0.0664951	0.0618117	0.0536586	0.0499409	0.0490364	0.0515909	0.0633403	0.0741731	0.0977312	0.135013	0.19412	0.284684	0.371935	0.436013	0.458511	0.401346	0.271223	0.0945682	-0.124619	-0.366057	-0.591856	-0.778864	-0.913265	-0.983878	-0.986147	-0.914625	-0.768163	-0.567962	-0.346836	-0.119186	0.11735	0.349189	0.533228	0.623251	0.605013	0.504707	0.369232	0.24032	0.140712	0.0747833	0.0363432	0.0162515	0.00672242	0.00258417	0.000926879	0.000311295	9.8205e-05	2.9183e-05	8.18953e-06	2.17529e-06	5.48038e-07	1.31201e-07	2.98546e-08	6.23147e-09	0	
0	0.128149	0.275094	0.448463	0.665889	0.901955	1.09517	1.244	1.33856	1.34369	1.271	1.12793	0.929418	0.678714	0.388952	0.091282	-0.20468	-0.460481	-0.637808	-0.698214	-0.647786	-0.51441	-0.356129	-0.2111	-0.10213	-0.0313752	0.00817609	0.0298729	0.0376584	0.0431457	0.0436892	0.0454642	0.0466862	0.0478511	0.0508872	0.0530718	0.0571646	0.0613727	0.0664649	0.071384	0.0780306	0.0813991	0.0861652	0.0868135	0.084094	0.0774899	0.0676754	0.0583181	0.0477706	0.0531534	0.0684631	0.105687	0.156364	0.209474	0.268318	0.319918	0.380818	0.44798	0.487201	0.482624	0.413098	0.268785	0.0606608	-0.206214	-0.500261	-0.767901	-0.990318	-1.16296	-1.25571	-1.24551	-1.14269	-0.965161	-0.724276	-0.437986	-0.131221	0.173887	0.451937	0.664164	0.7704	0.756008	0.644698	0.485202	0.325948	0.197262	0.108396	0.0544487	0.0251488	0.0107357	0.00425488	0.00157189	0.00054322	0.000176168	5.3767e-05	1.54832e-05	4.21674e-06	1.0884e-06	2.66756e-07	6.20908e-08	1.32276e-08	0	
0	0.159848	0.364053	0.614483	0.901955	1.17537	1.38964	1.54786	1.63077	1.62439	1.52384	1.3437	1.10506	0.78973	0.426723	0.0519313	-0.288092	-0.56078	-0.742246	-0.808445	-0.757684	-0.615166	-0.437118	-0.261769	-0.12498	-0.0310553	0.0266337	0.0558232	0.0719051	0.07747	0.0808907	0.081914	0.0824461	0.0839537	0.0832193	0.085757	0.0840678	0.0860107	0.084304	0.0838947	0.0815851	0.0803424	0.075758	0.0755731	0.0717669	0.0733971	0.0723649	0.0800589	0.088026	0.105663	0.135435	0.178778	0.252361	0.330466	0.401934	0.450878	0.468646	0.478094	0.474123	0.440694	0.358686	0.2004	-0.0324864	-0.318093	-0.628012	-0.922747	-1.17664	-1.3715	-1.46963	-1.44683	-1.32279	-1.12236	-0.846347	-0.501944	-0.12689	0.231002	0.536064	0.760295	0.876913	0.872746	0.764139	0.594455	0.414074	0.260089	0.148295	0.0772231	0.0369317	0.0163027	0.00667241	0.00254224	0.00090496	0.00030195	9.47119e-05	2.80022e-05	7.82246e-06	2.06925e-06	5.19327e-07	1.23671e-07	2.68919e-08	0	
0	0.218147	0.483392	0.784023	1.09517	1.38964	1.63842	1.81374	1.90336	1.89618	1.76889	1.5493	1.25157	0.876125	0.448725	0.0181689	-0.344874	-0.625473	-0.805998	-0.882507	-0.84145	-0.71163	-0.523554	-0.332962	-0.17106	-0.0550907	0.0202677	0.0599997	0.0840357	0.091392	0.0978291	0.0983655	0.0992064	0.10029	0.0985404	0.0997732	0.0969579	0.096042	0.0922155	0.0889576	0.0824382	0.0786981	0.0712672	0.0695387	0.0686538	0.076503	0.0932555	0.1175	0.156837	0.20132	0.256847	0.307883	0.367498	0.436822	0.493957	0.526731	0.517987	0.477565	0.418396	0.339136	0.229533	0.0603806	-0.173201	-0.44835	-0.752598	-1.06164	-1.33061	-1.52387	-1.61475	-1.58756	-1.45413	-1.23279	-0.923198	-0.533631	-0.111847	0.277759	0.593618	0.819434	0.943544	0.95539	0.861559	0.694883	0.503186	0.328716	0.194779	0.105268	0.0521684	0.0238248	0.0100725	0.00395842	0.00145143	0.000498218	0.000160586	4.87369e-05	1.39621e-05	3.78421e-06	9.72294e-07	2.36822e-07	5.25461e-08	0	
0	0.291761	0.59871	0.921552	1.244	1.54786	1.81374	2.00752	2.11151	2.10661	1.97365	1.72926	1.38993	0.97406	0.503944	0.0477044	-0.338131	-0.62973	-0.822671	-0.919621	-0.911265	-0.80659	-0.629018	-0.433473	-0.252623	-0.1153	-0.023238	0.0327508	0.0614583	0.0768535	0.0824333	0.0853869	0.0854865	0.0849201	0.0845721	0.0820476	0.0823229	0.0791581	0.0795519	0.0781708	0.0795019	0.0817846	0.0880754	0.0964804	0.113772	0.132589	0.167175	0.207773	0.259466	0.318672	0.384003	0.440805	0.477223	0.509471	0.537454	0.546254	0.510651	0.429386	0.318295	0.184435	0.038504	-0.130232	-0.342196	-0.595	-0.882506	-1.18112	-1.4366	-1.61085	-1.69305	-1.66971	-1.53195	-1.2883	-0.949958	-0.535854	-0.0957521	0.303575	0.619284	0.842816	0.974469	1.00679	0.936881	0.7845	0.591139	0.40187	0.247536	0.138847	0.0712906	0.0336736	0.0147001	0.00595623	0.00224858	0.000793681	0.000262753	8.1819e-05	2.40263e-05	6.66916e-06	1.75346e-06	4.36648e-07	9.8814e-08	0	
0	0.340921	0.676227	1.01746	1.33856	1.63077	1.90336	2.11151	2.22211	2.2241	2.10235	1.85879	1.50721	1.077	0.605464	0.145673	-0.253792	-0.558027	-0.77197	-0.898459	-0.931309	-0.860949	-0.7112	-0.517622	-0.328834	-0.17354	-0.0652565	0.0043457	0.0405146	0.0616785	0.0688151	0.073438	0.074335	0.0740787	0.0753433	0.074241	0.0772586	0.0785193	0.0847321	0.0917258	0.104148	0.120145	0.143013	0.169274	0.205523	0.243436	0.285317	0.334674	0.383385	0.431452	0.484196	0.532941	0.555052	0.55001	0.528819	0.499822	0.43736	0.31899	0.164353	-0.00717289	-0.177743	-0.344739	-0.534905	-0.759638	-1.00986	-1.2656	-1.48549	-1.63734	-1.71282	-1.69195	-1.54797	-1.28511	-0.931879	-0.519062	-0.0890522	0.301588	0.611843	0.834444	0.975751	1.03134	0.991106	0.861681	0.675502	0.477697	0.30571	0.177863	0.0945541	0.0461609	0.0207936	0.00868052	0.00337173	0.00122297	0.000415581	0.000132694	3.99181e-05	1.13414e-05	3.04971e-06	7.76021e-07	1.7902e-07	0	
0	0.375606	0.722967	1.04894	1.34369	1.62439	1.89618	2.10661	2.2241	2.23608	2.14003	1.9187	1.57443	1.1635	0.721838	0.284556	-0.107826	-0.418487	-0.647945	-0.801592	-0.870067	-0.84264	-0.724579	-0.546952	-0.357635	-0.191878	-0.0694823	0.00996174	0.0555803	0.0798306	0.0911815	0.0977424	0.101188	0.10528	0.109723	0.115568	0.123662	0.133836	0.146581	0.164446	0.183967	0.210599	0.242254	0.276973	0.319598	0.366638	0.411775	0.457862	0.501992	0.529351	0.54751	0.569721	0.572541	0.540014	0.469405	0.380261	0.282728	0.150191	-0.0207919	-0.211842	-0.400747	-0.572186	-0.742469	-0.924808	-1.11346	-1.30566	-1.4834	-1.61437	-1.67777	-1.64886	-1.49774	-1.22935	-0.883692	-0.497325	-0.0993885	0.270402	0.574186	0.799988	0.953908	1.03394	1.02598	0.92535	0.753919	0.554034	0.368015	0.221872	0.122009	0.0615081	0.0285649	0.0122758	0.00490205	0.00182572	0.000636337	0.000208192	6.41168e-05	1.86337e-05	5.12138e-06	1.33082e-06	3.12773e-07	0	
0	0.392369	0.729314	1.01469	1.271	1.52384	1.76889	1.97365	2.10235	2.14003	2.08249	1.88581	1.5761	1.21806	0.836352	0.446574	0.0763118	-0.228416	-0.472774	-0.646994	-0.751127	-0.763878	-0.683158	-0.52641	-0.343371	-0.168493	-0.0354624	0.0573736	0.110494	0.140983	0.155943	0.164632	0.172465	0.178437	0.18962	0.199738	0.215224	0.233467	0.252892	0.278806	0.306137	0.334351	0.371185	0.404018	0.4398	0.480387	0.515308	0.545906	0.577202	0.594532	0.575529	0.544583	0.506861	0.442555	0.341731	0.21415	0.0826905	-0.0607078	-0.230171	-0.423936	-0.623531	-0.795465	-0.935754	-1.06164	-1.1811	-1.30818	-1.44185	-1.54547	-1.58465	-1.539	-1.38852	-1.13756	-0.824276	-0.482994	-0.129425	0.213738	0.51216	0.74563	0.914909	1.01928	1.04372	0.975089	0.824394	0.628672	0.432888	0.270126	0.153488	0.0798199	0.0381793	0.0168749	0.00692141	0.00264465	0.000944665	0.000316443	9.96926e-05	2.96145e-05	8.31359e-06	2.20467e-06	5.27542e-07	0	
0	0.363029	0.672372	0.91475	1.12793	1.3437	1.5493	1.72926	1.85879	1.9187	1.88581	1.73694	1.51455	1.24786	0.945525	0.609364	0.276998	-0.0270934	-0.285123	-0.476452	-0.609542	-0.657825	-0.609447	-0.475867	-0.298561	-0.116595	0.0300822	0.136473	0.201696	0.237697	0.259563	0.268569	0.28058	0.28767	0.300265	0.315102	0.330144	0.353555	0.375641	0.401737	0.434648	0.461841	0.494685	0.528475	0.549491	0.573974	0.590399	0.587152	0.575943	0.566054	0.528171	0.45551	0.371614	0.279027	0.159186	0.0104238	-0.140371	-0.293187	-0.460954	-0.642961	-0.828922	-0.982298	-1.08389	-1.15515	-1.21564	-1.28276	-1.36348	-1.42565	-1.43259	-1.37347	-1.24037	-1.03122	-0.769922	-0.482953	-0.176878	0.138597	0.432937	0.677193	0.863691	0.991456	1.04675	1.01114	0.885483	0.699584	0.498639	0.321636	0.188612	0.101067	0.0497365	0.0225859	0.00950595	0.0037229	0.00136163	0.000466597	0.00015025	4.55858e-05	1.3061e-05	3.53216e-06	8.59906e-07	0	
0	0.290008	0.543871	0.744386	0.929418	1.10506	1.25157	1.38993	1.50721	1.57443	1.5761	1.51455	1.40212	1.22398	0.991378	0.721617	0.430606	0.131401	-0.1189	-0.317643	-0.46571	-0.536757	-0.511666	-0.403233	-0.225852	-0.0431957	0.122368	0.241049	0.320833	0.365357	0.39151	0.406121	0.415771	0.428429	0.436377	0.453834	0.466426	0.484431	0.505605	0.521184	0.5446	0.564046	0.576612	0.595934	0.601825	0.595497	0.590448	0.566235	0.512425	0.456411	0.39156	0.300631	0.187637	0.0691784	-0.0572279	-0.215782	-0.384441	-0.540634	-0.692796	-0.842484	-0.989763	-1.11098	-1.17857	-1.20741	-1.2188	-1.22565	-1.24196	-1.25383	-1.23355	-1.17627	-1.07929	-0.929284	-0.729919	-0.497892	-0.236231	0.0529987	0.343565	0.599675	0.804099	0.953841	1.03753	1.03432	0.93637	0.765089	0.563609	0.375261	0.226815	0.12508	0.0632569	0.0294812	0.012719	0.00510055	0.0019083	0.00066834	0.000219781	6.80472e-05	1.98824e-05	5.47891e-06	1.35607e-06	0	
0	0.198371	0.383785	0.539632	0.678714	0.78973	0.876125	0.97406	1.077	1.1635	1.21806	1.24786	1.22398	1.1171	0.960827	0.759248	0.506102	0.232295	-0.00243552	-0.206344	-0.358362	-0.440879	-0.441066	-0.346703	-0.176149	0.0108103	0.193547	0.327166	0.421625	0.478075	0.506827	0.528263	0.534191	0.548367	0.552877	0.56498	0.575291	0.583127	0.59594	0.601956	0.604474	0.610478	0.598847	0.588497	0.572042	0.538187	0.494399	0.453416	0.382613	0.295046	0.204119	0.0946399	-0.0320843	-0.171999	-0.310454	-0.462618	-0.625669	-0.769358	-0.892173	-0.99777	-1.09597	-1.18204	-1.22385	-1.21781	-1.18051	-1.12476	-1.07566	-1.04371	-1.01294	-0.976267	-0.927941	-0.843066	-0.705982	-0.524049	-0.300973	-0.03581	0.250056	0.517125	0.739058	0.909163	1.01843	1.04589	0.976851	0.823945	0.626286	0.429796	0.267388	0.151559	0.0786733	0.037587	0.0166043	0.00681085	0.00260401	0.000931191	0.000312424	9.86233e-05	2.93612e-05	8.23752e-06	2.07118e-06	0	
0	0.112627	0.226935	0.319963	0.388952	0.426723	0.448725	0.503944	0.605464	0.721838	0.836352	0.945525	0.991378	0.960827	0.874038	0.724057	0.505022	0.258717	0.0285137	-0.17875	-0.327112	-0.423266	-0.43953	-0.354969	-0.195467	0.00251345	0.198826	0.351092	0.463707	0.530428	0.567743	0.590162	0.596472	0.604962	0.605469	0.607434	0.608304	0.606285	0.600696	0.598981	0.579411	0.569837	0.542654	0.507136	0.467542	0.416026	0.344242	0.271243	0.189581	0.0822795	-0.0282083	-0.151983	-0.288847	-0.431448	-0.565285	-0.697767	-0.836143	-0.950754	-1.03607	-1.10077	-1.15524	-1.20407	-1.21631	-1.17316	-1.08753	-0.977622	-0.879058	-0.82235	-0.800175	-0.797014	-0.799693	-0.775569	-0.694599	-0.555836	-0.365359	-0.122307	0.157029	0.432731	0.670827	0.85961	0.991657	1.04738	1.00725	0.87538	0.685398	0.484058	0.309527	0.180086	0.09583	0.0468774	0.0211795	0.00887639	0.0034644	0.00126365	0.000432135	0.000138949	4.21103e-05	1.20178e-05	3.0671e-06	0	
0	0.0269012	0.0655084	0.0937763	0.091282	0.0519313	0.0181689	0.0477044	0.145673	0.284556	0.446574	0.609364	0.721617	0.759248	0.724057	0.61221	0.426082	0.207543	-0.0231417	-0.221389	-0.371621	-0.475571	-0.502324	-0.429878	-0.282362	-0.0727677	0.128882	0.305252	0.430649	0.51024	0.557537	0.577205	0.589865	0.586182	0.587958	0.575925	0.568573	0.554607	0.532954	0.514432	0.482614	0.445805	0.408711	0.353009	0.293597	0.225417	0.141207	0.0426076	-0.0586524	-0.175795	-0.294408	-0.416493	-0.546066	-0.678482	-0.794193	-0.889254	-0.988173	-1.07435	-1.12907	-1.15627	-1.16662	-1.17126	-1.14542	-1.06429	-0.941245	-0.800173	-0.679416	-0.619168	-0.617747	-0.650872	-0.698084	-0.724097	-0.690256	-0.588011	-0.425281	-0.202882	0.0677425	0.348972	0.601217	0.806966	0.959195	1.04048	1.02831	0.919075	0.739966	0.536956	0.352386	0.210154	0.114489	0.0572707	0.0264323	0.0113057	0.00449943	0.00167223	0.00058228	0.000190521	5.87216e-05	1.70313e-05	4.40823e-06	0	
0	-0.0655732	-0.106793	-0.142511	-0.20468	-0.288092	-0.344874	-0.338131	-0.253792	-0.107826	0.0763118	0.276998	0.430606	0.506102	0.505022	0.426082	0.280735	0.0810504	-0.138597	-0.329885	-0.483772	-0.593024	-0.628969	-0.576272	-0.435197	-0.228471	-0.0172704	0.17507	0.314458	0.406802	0.462063	0.483743	0.49716	0.490042	0.485212	0.468637	0.450023	0.426571	0.396049	0.35853	0.317682	0.26198	0.203899	0.134096	0.0558967	-0.0295561	-0.121746	-0.223055	-0.32678	-0.446674	-0.5625	-0.667717	-0.771438	-0.8737	-0.964679	-1.03071	-1.09074	-1.14265	-1.16727	-1.15832	-1.11982	-1.0724	-1.00804	-0.901789	-0.76434	-0.620607	-0.503734	-0.454379	-0.475839	-0.539399	-0.62	-0.683707	-0.687921	-0.616811	-0.478364	-0.275556	-0.0156866	0.267766	0.531745	0.75272	0.922793	1.02688	1.04106	0.955104	0.789327	0.587549	0.39513	0.241198	0.134343	0.0686318	0.0323177	0.0140904	0.00571163	0.00216053	0.000765207	0.000254519	7.97017e-05	2.34702e-05	6.15558e-06	0	
0	-0.155848	-0.274102	-0.363611	-0.460481	-0.56078	-0.625473	-0.62973	-0.558027	-0.418487	-0.228416	-0.0270934	0.131401	0.232295	0.258717	0.207543	0.0810504	-0.103568	-0.316519	-0.511789	-0.670134	-0.785264	-0.833559	-0.7965	-0.664057	-0.463248	-0.241173	-0.0376679	0.117453	0.222817	0.283454	0.312182	0.320845	0.314455	0.300927	0.278054	0.25123	0.216169	0.176193	0.129024	0.0752649	0.0126995	-0.0530373	-0.133271	-0.215751	-0.30521	-0.402268	-0.503917	-0.591412	-0.685645	-0.78507	-0.870134	-0.94607	-1.01903	-1.08193	-1.11612	-1.13894	-1.15385	-1.13977	-1.09009	-1.00645	-0.914051	-0.82359	-0.714385	-0.588678	-0.465419	-0.368392	-0.334565	-0.373455	-0.457425	-0.559714	-0.649798	-0.684218	-0.64017	-0.523641	-0.339547	-0.0920192	0.190569	0.463705	0.698141	0.883975	1.00819	1.0467	0.983857	0.833116	0.635075	0.436974	0.272623	0.155027	0.080776	0.0387575	0.0172041	0.00709467	0.00272837	0.000981816	0.000331622	0.0001054	3.14819e-05	8.35919e-06	0	
0	-0.217649	-0.390564	-0.518972	-0.637808	-0.742246	-0.805998	-0.822671	-0.77197	-0.647945	-0.472774	-0.285123	-0.1189	-0.00243552	0.0285137	-0.0231417	-0.138597	-0.316519	-0.535346	-0.734718	-0.901803	-1.02672	-1.0881	-1.06657	-0.950564	-0.754298	-0.531532	-0.316792	-0.149849	-0.0340635	0.0357001	0.0658151	0.0781665	0.0669588	0.0523124	0.0238145	-0.0093642	-0.0485444	-0.0964026	-0.150303	-0.205713	-0.27654	-0.341045	-0.415079	-0.494527	-0.570792	-0.646526	-0.735866	-0.814506	-0.886016	-0.958332	-1.01825	-1.06673	-1.10598	-1.13926	-1.1428	-1.12163	-1.09139	-1.03715	-0.951855	-0.838137	-0.722642	-0.627757	-0.53626	-0.439889	-0.348556	-0.27628	-0.255483	-0.30327	-0.397498	-0.511738	-0.619261	-0.677552	-0.657409	-0.561089	-0.394845	-0.160657	0.118454	0.398211	0.644326	0.844053	0.985916	1.04649	1.00596	0.871241	0.678967	0.477218	0.303835	0.176143	0.0934779	0.0456428	0.0206014	0.00863254	0.00337115	0.00123119	0.000421834	0.000135936	4.11423e-05	1.10497e-05	0	
0	-0.232737	-0.426224	-0.570965	-0.698214	-0.808445	-0.882507	-0.919621	-0.898459	-0.801592	-0.646994	-0.476452	-0.317643	-0.206344	-0.17875	-0.221389	-0.329885	-0.511789	-0.734718	-0.946337	-1.13271	-1.27414	-1.35385	-1.35907	-1.25923	-1.08022	-0.857825	-0.639584	-0.462896	-0.337462	-0.261374	-0.224707	-0.212606	-0.219244	-0.237302	-0.262509	-0.296152	-0.335528	-0.37693	-0.431445	-0.479613	-0.542192	-0.603105	-0.666541	-0.73276	-0.801524	-0.860397	-0.922063	-0.979057	-1.02614	-1.07619	-1.1094	-1.12626	-1.13082	-1.12445	-1.08871	-1.0253	-0.955085	-0.871316	-0.768718	-0.648434	-0.533694	-0.45296	-0.391262	-0.329987	-0.270769	-0.220493	-0.207488	-0.256369	-0.352871	-0.472076	-0.590543	-0.667679	-0.668783	-0.591246	-0.441897	-0.221452	0.0521627	0.336197	0.592232	0.804153	0.961399	1.04169	1.0222	0.903834	0.718849	0.515267	0.334268	0.197273	0.106481	0.0528378	0.0242193	0.0102994	0.00407947	0.00151036	0.000524346	0.000171137	5.24304e-05	1.42301e-05	0	
0	-0.205899	-0.382312	-0.5207	-0.647786	-0.757684	-0.84145	-0.911265	-0.931309	-0.870067	-0.751127	-0.609542	-0.46571	-0.358362	-0.327112	-0.371621	-0.483772	-0.670134	-0.901803	-1.13271	-1.33941	-1.49732	-1.60174	-1.6284	-1.5512	-1.38938	-1.1724	-0.953105	-0.770367	-0.635249	-0.555073	-0.510085	-0.497568	-0.499026	-0.515995	-0.538266	-0.567754	-0.603396	-0.639396	-0.684548	-0.726879	-0.774947	-0.824138	-0.871494	-0.922136	-0.969628	-1.01404	-1.05645	-1.09078	-1.10885	-1.12444	-1.12702	-1.10718	-1.06836	-1.02475	-0.959127	-0.864361	-0.768535	-0.674439	-0.577058	-0.473134	-0.376892	-0.318275	-0.286942	-0.257407	-0.224515	-0.190538	-0.180411	-0.225038	-0.318611	-0.438304	-0.563212	-0.655154	-0.675059	-0.614926	-0.481387	-0.274567	-0.00784752	0.278426	0.542683	0.765236	0.935818	1.03352	1.03345	0.931204	0.754519	0.55064	0.363402	0.217998	0.119508	0.0601853	0.027979	0.01206	0.00483915	0.00181412	0.000637443	0.000210488	6.52077e-05	1.78683e-05	0	
0	-0.153343	-0.293324	-0.407866	-0.51441	-0.615166	-0.71163	-0.80659	-0.860949	-0.84264	-0.763878	-0.657825	-0.536757	-0.440879	-0.423266	-0.475571	-0.593024	-0.785264	-1.02672	-1.27414	-1.49732	-1.67584	-1.80093	-1.85046	-1.79737	-1.65359	-1.44531	-1.22881	-1.03985	-0.899833	-0.812207	-0.762196	-0.745319	-0.742105	-0.755424	-0.771997	-0.796816	-0.824454	-0.854548	-0.889234	-0.92297	-0.958937	-0.995061	-1.02651	-1.05764	-1.08516	-1.10033	-1.11566	-1.12287	-1.10765	-1.0878	-1.05345	-1.00193	-0.932024	-0.85639	-0.772193	-0.669541	-0.572822	-0.488472	-0.410822	-0.333895	-0.263343	-0.22692	-0.219597	-0.213601	-0.199502	-0.176513	-0.166151	-0.203758	-0.291559	-0.409136	-0.537438	-0.640888	-0.677233	-0.633047	-0.514101	-0.320361	-0.0613516	0.225489	0.496384	0.728121	0.910192	1.02307	1.04059	0.95378	0.785925	0.582971	0.390773	0.237914	0.132275	0.0675131	0.0317893	0.013871	0.00563156	0.00213519	0.000758492	0.000253115	7.92068e-05	2.18928e-05	0	
0	-0.0983054	-0.194135	-0.275342	-0.356129	-0.437118	-0.523554	-0.629018	-0.7112	-0.724579	-0.683158	-0.609447	-0.511666	-0.441066	-0.43953	-0.502324	-0.628969	-0.833559	-1.0881	-1.35385	-1.60174	-1.80093	-1.94921	-2.02369	-1.99396	-1.86934	-1.67317	-1.45862	-1.26813	-1.12213	-1.02874	-0.973986	-0.951349	-0.944323	-0.951393	-0.962251	-0.978559	-0.998044	-1.01496	-1.03895	-1.05594	-1.07505	-1.09426	-1.10393	-1.1124	-1.11588	-1.10517	-1.08267	-1.06022	-1.01559	-0.963676	-0.903295	-0.82734	-0.740234	-0.657744	-0.577202	-0.483547	-0.399943	-0.337075	-0.28689	-0.238643	-0.191014	-0.170783	-0.179321	-0.188862	-0.187057	-0.171133	-0.15916	-0.188968	-0.269837	-0.383946	-0.513615	-0.625864	-0.67634	-0.646537	-0.540848	-0.359314	-0.108308	0.177826	0.453926	0.693499	0.88539	1.01135	1.04449	0.972068	0.813131	0.611999	0.415987	0.256645	0.144499	0.0746415	0.0355501	0.0156826	0.00643432	0.00246435	0.000884006	0.000297796	9.40308e-05	2.61914e-05	0	
0	-0.0522747	-0.110717	-0.162163	-0.2111	-0.261769	-0.332962	-0.433473	-0.517622	-0.546952	-0.52641	-0.475867	-0.403233	-0.346703	-0.354969	-0.429878	-0.576272	-0.7965	-1.06657	-1.35907	-1.6284	-1.85046	-2.02369	-2.12071	-2.11414	-2.01139	-1.82439	-1.61774	-1.42424	-1.27433	-1.1773	-1.11422	-1.09023	-1.07374	-1.07733	-1.07907	-1.08659	-1.09509	-1.10094	-1.10575	-1.11112	-1.10479	-1.10209	-1.08791	-1.06759	-1.04228	-1.00896	-0.964904	-0.914738	-0.847438	-0.777349	-0.706324	-0.629354	-0.544601	-0.467519	-0.403299	-0.332807	-0.271812	-0.231556	-0.204569	-0.179719	-0.150028	-0.139638	-0.156455	-0.175084	-0.1811	-0.169906	-0.156097	-0.178496	-0.252322	-0.362418	-0.492147	-0.610978	-0.673365	-0.656276	-0.562408	-0.391959	-0.148811	0.135734	0.415791	0.66195	0.862145	0.999215	1.04599	0.986605	0.836289	0.637556	0.438714	0.273849	0.155907	0.0813902	0.0391569	0.0174411	0.00722229	0.00279088	0.00100978	0.000343002	0.000109166	3.06139e-05	0	
0	-0.019888	-0.052238	-0.0802107	-0.10213	-0.12498	-0.17106	-0.252623	-0.328834	-0.357635	-0.343371	-0.298561	-0.225852	-0.176149	-0.195467	-0.282362	-0.435197	-0.664057	-0.950564	-1.25923	-1.5512	-1.79737	-1.99396	-2.11414	-2.1354	-2.04948	-1.88092	-1.6788	-1.48741	-1.33592	-1.23191	-1.16768	-1.13279	-1.11436	-1.10531	-1.09941	-1.09467	-1.08803	-1.07972	-1.06827	-1.05269	-1.03232	-1.00909	-0.975074	-0.937324	-0.893044	-0.836241	-0.773672	-0.718738	-0.649205	-0.577551	-0.510238	-0.443436	-0.374809	-0.315839	-0.274295	-0.227579	-0.186417	-0.165149	-0.156293	-0.147452	-0.12893	-0.123342	-0.143711	-0.16724	-0.178142	-0.170333	-0.155058	-0.171028	-0.2383	-0.344344	-0.473351	-0.596984	-0.669181	-0.663066	-0.579501	-0.418839	-0.18304	0.0994001	0.382364	0.633956	0.841066	0.987415	1.04581	0.997927	0.855605	0.65955	0.45869	0.289225	0.166249	0.087585	0.0425057	0.0190909	0.00796888	0.00310314	0.00113112	0.000386983	0.000124007	3.49795e-05	0	
0	-0.000792145	-0.0163374	-0.0288853	-0.0313752	-0.0310553	-0.0550907	-0.1153	-0.17354	-0.191878	-0.168493	-0.116595	-0.0431957	0.0108103	0.00251345	-0.0727677	-0.228471	-0.463248	-0.754298	-1.08022	-1.38938	-1.65359	-1.86934	-2.01139	-2.04948	-1.98539	-1.82543	-1.63253	-1.44082	-1.28716	-1.18095	-1.10916	-1.07301	-1.04422	-1.03188	-1.01546	-1.00117	-0.985343	-0.962903	-0.937972	-0.9112	-0.871091	-0.836006	-0.790763	-0.740103	-0.691059	-0.639557	-0.576502	-0.519967	-0.457239	-0.397528	-0.346875	-0.298476	-0.250492	-0.211112	-0.188342	-0.161429	-0.136948	-0.128288	-0.129857	-0.130924	-0.11934	-0.115377	-0.136375	-0.162368	-0.176458	-0.171244	-0.155004	-0.165722	-0.227266	-0.329549	-0.457441	-0.584476	-0.664535	-0.667613	-0.592772	-0.44047	-0.211226	0.0689218	0.353944	0.609906	0.822652	0.976574	1.04462	1.00654	0.871312	0.677945	0.47571	0.302516	0.175298	0.0930643	0.0454966	0.0205778	0.00864738	0.00338918	0.00124311	0.000427865	0.000137896	3.90882e-05	0	
0	0.0108206	0.00356389	-0.00208151	0.00817609	0.0266337	0.0202677	-0.023238	-0.0652565	-0.0694823	-0.0354624	0.0300822	0.122368	0.193547	0.198826	0.128882	-0.0172704	-0.241173	-0.531532	-0.857825	-1.1724	-1.44531	-1.67317	-1.82439	-1.88092	-1.82543	-1.67858	-1.48829	-1.29869	-1.14342	-1.03306	-0.959973	-0.916576	-0.887207	-0.866168	-0.846587	-0.826029	-0.801848	-0.776938	-0.744288	-0.713367	-0.673738	-0.635298	-0.589759	-0.543451	-0.494456	-0.444186	-0.392816	-0.352759	-0.308101	-0.263401	-0.229258	-0.20063	-0.169182	-0.144272	-0.138489	-0.126253	-0.110481	-0.108661	-0.116568	-0.123277	-0.115422	-0.111565	-0.131972	-0.159087	-0.175294	-0.172133	-0.155378	-0.162017	-0.218827	-0.317865	-0.444541	-0.573903	-0.660039	-0.670515	-0.602773	-0.457316	-0.233612	0.0443349	0.330754	0.590114	0.807303	0.967199	1.04296	1.01288	0.883644	0.692744	0.48962	0.313511	0.182861	0.0976844	0.048039	0.0218511	0.00923247	0.00363745	0.00134092	0.000463783	0.000150167	4.2735e-05	0	
0	0.0159379	0.0128611	0.0122751	0.0298729	0.0558232	0.0599997	0.0327508	0.0043457	0.00996174	0.0573736	0.136473	0.241049	0.327166	0.351092	0.305252	0.17507	-0.0376679	-0.316792	-0.639584	-0.953105	-1.22881	-1.45862	-1.61774	-1.6788	-1.63253	-1.48829	-1.30162	-1.10989	-0.953445	-0.840158	-0.764261	-0.720119	-0.687138	-0.666773	-0.644533	-0.623163	-0.59998	-0.572522	-0.542457	-0.512874	-0.474445	-0.441771	-0.404983	-0.365931	-0.332424	-0.299219	-0.259391	-0.23198	-0.201411	-0.173449	-0.154566	-0.139076	-0.123793	-0.110513	-0.110963	-0.106476	-0.0978621	-0.10008	-0.110343	-0.119686	-0.113939	-0.109749	-0.129257	-0.156822	-0.174409	-0.17282	-0.155867	-0.159522	-0.212677	-0.309135	-0.434709	-0.565588	-0.656174	-0.672261	-0.609958	-0.469768	-0.250425	0.025636	0.312954	0.574821	0.795329	0.959692	1.04127	1.01735	0.892814	0.703973	0.500309	0.322042	0.188776	0.101324	0.0500545	0.0228664	0.00970158	0.00383754	0.00142013	0.000493007	0.000160195	4.57262e-05	0	
0	0.0189489	0.0179337	0.017416	0.0376584	0.0719051	0.0840357	0.0614583	0.0405146	0.0555803	0.110494	0.201696	0.320833	0.421625	0.463707	0.430649	0.314458	0.117453	-0.149849	-0.462896	-0.770367	-1.03985	-1.26813	-1.42424	-1.48741	-1.44082	-1.29869	-1.10989	-0.917914	-0.758181	-0.643962	-0.566841	-0.522047	-0.490825	-0.470641	-0.451603	-0.433353	-0.413005	-0.392767	-0.367149	-0.346127	-0.316779	-0.293775	-0.265828	-0.239548	-0.214613	-0.193781	-0.16822	-0.153727	-0.138623	-0.121028	-0.113179	-0.108427	-0.0979278	-0.0900977	-0.0987173	-0.0995569	-0.0922911	-0.0953531	-0.107135	-0.118314	-0.113708	-0.108907	-0.127537	-0.155291	-0.173778	-0.173293	-0.156297	-0.157958	-0.208582	-0.303226	-0.427964	-0.559752	-0.653295	-0.673222	-0.614679	-0.478138	-0.26186	0.0128031	0.300656	0.564202	0.786959	0.95435	1.0399	1.02023	0.899001	0.711665	0.507699	0.327982	0.19292	0.103886	0.0514803	0.0235878	0.0100362	0.00398081	0.00147705	0.000514078	0.000167448	4.78955e-05	0	
0	0.0201614	0.0192345	0.0201552	0.0431457	0.07747	0.091392	0.0768535	0.0616785	0.0798306	0.140983	0.237697	0.365357	0.478075	0.530428	0.51024	0.406802	0.222817	-0.0340635	-0.337462	-0.635249	-0.899833	-1.12213	-1.27433	-1.33592	-1.28716	-1.14342	-0.953445	-0.758181	-0.598021	-0.48132	-0.404863	-0.360162	-0.330829	-0.313114	-0.297743	-0.28352	-0.269114	-0.254514	-0.2365	-0.223147	-0.203362	-0.188593	-0.173242	-0.156489	-0.143114	-0.130771	-0.115594	-0.111519	-0.102712	-0.0930487	-0.0904101	-0.0906788	-0.0881228	-0.0837578	-0.0921298	-0.0945885	-0.0898689	-0.0942779	-0.106234	-0.117568	-0.113412	-0.108519	-0.126761	-0.154496	-0.173386	-0.173538	-0.156576	-0.157151	-0.206378	-0.300038	-0.424307	-0.556533	-0.651641	-0.673657	-0.617178	-0.482641	-0.268057	0.00581124	0.293928	0.558375	0.782347	0.951375	1.03909	1.02174	0.902336	0.71585	0.511745	0.331249	0.195206	0.105305	0.0522719	0.0239894	0.0102229	0.00406094	0.00150896	0.000525914	0.00017153	4.91184e-05	0	
0	0.0201407	0.0203219	0.0212394	0.0436892	0.0808907	0.0978291	0.0824333	0.0688151	0.0911815	0.155943	0.259563	0.39151	0.506827	0.567743	0.557537	0.462063	0.283454	0.0357001	-0.261374	-0.555073	-0.812207	-1.02874	-1.1773	-1.23191	-1.18095	-1.03306	-0.840158	-0.643962	-0.48132	-0.365774	-0.288663	-0.246744	-0.218636	-0.205395	-0.192872	-0.184134	-0.174736	-0.165363	-0.154132	-0.146986	-0.132323	-0.126724	-0.115762	-0.106505	-0.101308	-0.0995552	-0.0880169	-0.0866342	-0.084853	-0.0794239	-0.0817296	-0.0846465	-0.0815633	-0.0790882	-0.0903729	-0.0941461	-0.0893775	-0.0932532	-0.105384	-0.117502	-0.113623	-0.108458	-0.126543	-0.154324	-0.173313	-0.173606	-0.156651	-0.156997	-0.20598	-0.29952	-0.423732	-0.556002	-0.651339	-0.673704	-0.61759	-0.483399	-0.269096	0.00464347	0.292807	0.557404	0.781576	0.950876	1.03895	1.02198	0.90289	0.716548	0.51242	0.331794	0.195589	0.105542	0.0524044	0.0240566	0.0102542	0.00407436	0.00151431	0.000527898	0.000172215	4.93235e-05	0	
0	0.0205957	0.0201712	0.0216007	0.0454642	0.081914	0.0983655	0.0853869	0.073438	0.0977424	0.164632	0.268569	0.406121	0.528263	0.590162	0.577205	0.483743	0.312182	0.0658151	-0.224707	-0.510085	-0.762196	-0.973986	-1.11422	-1.16768	-1.10916	-0.959973	-0.764261	-0.566841	-0.404863	-0.288663	-0.213778	-0.17151	-0.147093	-0.133878	-0.126076	-0.119542	-0.113939	-0.110622	-0.102905	-0.101903	-0.0951946	-0.0923197	-0.0889835	-0.0849134	-0.0805876	-0.0772219	-0.073013	-0.0785348	-0.0779744	-0.0738909	-0.0763274	-0.0813429	-0.0805104	-0.078247	-0.0896667	-0.0931716	-0.0885676	-0.0935702	-0.106153	-0.117569	-0.1132	-0.108549	-0.127191	-0.154871	-0.173494	-0.173462	-0.156518	-0.157487	-0.207376	-0.301662	-0.426236	-0.558167	-0.65241	-0.673391	-0.615937	-0.480431	-0.264992	0.00929712	0.297297	0.561297	0.78466	0.95287	1.03951	1.02099	0.900678	0.713762	0.509722	0.329612	0.194059	0.104592	0.0518736	0.0237871	0.0101288	0.00402048	0.00149283	0.000519926	0.000169463	4.84986e-05	0	
0	0.0189671	0.0199274	0.0234603	0.0466862	0.0824461	0.0992064	0.0854865	0.074335	0.101188	0.172465	0.28058	0.415771	0.534191	0.596472	0.589865	0.49716	0.320845	0.0781665	-0.212606	-0.497568	-0.745319	-0.951349	-1.09023	-1.13279	-1.07301	-0.916576	-0.720119	-0.522047	-0.360162	-0.246744	-0.17151	-0.13372	-0.10804	-0.100344	-0.0920859	-0.0892155	-0.0868617	-0.0832555	-0.0801322	-0.0801713	-0.0723513	-0.0746361	-0.0712411	-0.0682844	-0.0710642	-0.0760979	-0.0696488	-0.0724835	-0.0727741	-0.0708825	-0.0759772	-0.0800393	-0.0792002	-0.0788803	-0.0896568	-0.0927314	-0.0892943	-0.0940632	-0.106167	-0.117753	-0.113268	-0.109011	-0.128336	-0.155983	-0.17398	-0.173134	-0.156189	-0.158671	-0.21063	-0.306507	-0.431819	-0.562977	-0.65477	-0.672624	-0.612132	-0.473656	-0.255688	0.0197846	0.307376	0.570013	0.791543	0.957286	1.04068	1.01869	0.895648	0.707478	0.503665	0.324732	0.190648	0.102479	0.0506962	0.0231905	0.00985165	0.00390169	0.00144558	0.000502414	0.000163428	4.66922e-05	0	
0	0.0189925	0.0195862	0.0236767	0.0478511	0.0839537	0.10029	0.0849201	0.0740787	0.10528	0.178437	0.28767	0.428429	0.548367	0.604962	0.586182	0.490042	0.314455	0.0669588	-0.219244	-0.499026	-0.742105	-0.944323	-1.07374	-1.11436	-1.04422	-0.887207	-0.687138	-0.490825	-0.330829	-0.218636	-0.147093	-0.10804	-0.0867884	-0.076747	-0.0719635	-0.0696007	-0.0674069	-0.0683494	-0.0655375	-0.0681082	-0.0663394	-0.0685985	-0.0678805	-0.0686427	-0.0678939	-0.0662375	-0.063842	-0.0718477	-0.0735509	-0.0713376	-0.0752879	-0.0811124	-0.0789903	-0.0775368	-0.090758	-0.0935643	-0.0886447	-0.094467	-0.107848	-0.118347	-0.11261	-0.109569	-0.130381	-0.157795	-0.174641	-0.172538	-0.155728	-0.160701	-0.215881	-0.314137	-0.44048	-0.570318	-0.658227	-0.671199	-0.605978	-0.462895	-0.241065	0.0361294	0.322989	0.583458	0.8021	0.963959	1.04228	1.01489	0.887694	0.69767	0.494289	0.317224	0.185428	0.0992593	0.048909	0.0222884	0.00943407	0.00372327	0.00137483	0.000476268	0.000154444	4.40088e-05	0	
0	0.0160423	0.0187932	0.027308	0.0508872	0.0832193	0.0985404	0.0845721	0.0753433	0.109723	0.18962	0.300265	0.436377	0.552877	0.605469	0.587958	0.485212	0.300927	0.0523124	-0.237302	-0.515995	-0.755424	-0.951393	-1.07733	-1.10531	-1.03188	-0.866168	-0.666773	-0.470641	-0.313114	-0.205395	-0.133878	-0.100344	-0.076747	-0.0714597	-0.0656961	-0.0641442	-0.0650556	-0.0632006	-0.0627851	-0.065389	-0.0602633	-0.0638788	-0.0630309	-0.061648	-0.0650694	-0.0704094	-0.0672997	-0.0728255	-0.0712867	-0.0699172	-0.0760064	-0.0795122	-0.0787506	-0.080971	-0.0914725	-0.0919187	-0.0895494	-0.09634	-0.108735	-0.118388	-0.112381	-0.110827	-0.133028	-0.160048	-0.175445	-0.171684	-0.155241	-0.163793	-0.223338	-0.324672	-0.452202	-0.580002	-0.662475	-0.668792	-0.597166	-0.447874	-0.220949	0.0583568	0.344042	0.601478	0.816133	0.972631	1.044	1.00934	0.876655	0.684305	0.481656	0.307196	0.178505	0.0950171	0.046568	0.0211129	0.00889259	0.00349297	0.0012839	0.00044281	0.000142991	4.05996e-05	0	
0	0.0150133	0.018063	0.0283971	0.0530718	0.085757	0.0997732	0.0820476	0.074241	0.115568	0.199738	0.315102	0.453834	0.56498	0.607434	0.575925	0.468637	0.278054	0.0238145	-0.262509	-0.538266	-0.771997	-0.962251	-1.07907	-1.09941	-1.01546	-0.846587	-0.644533	-0.451603	-0.297743	-0.192872	-0.126076	-0.0920859	-0.0719635	-0.0656961	-0.0603697	-0.0605461	-0.0593168	-0.0597814	-0.0600148	-0.0615938	-0.0601557	-0.0650603	-0.063431	-0.0650605	-0.0676553	-0.0670189	-0.0639183	-0.0710101	-0.0717168	-0.0720103	-0.0771215	-0.0820483	-0.0790743	-0.0791976	-0.0924773	-0.093608	-0.0896615	-0.0969438	-0.110839	-0.119193	-0.111697	-0.112276	-0.136555	-0.162891	-0.176237	-0.170469	-0.154899	-0.168278	-0.233275	-0.338253	-0.466937	-0.591748	-0.667089	-0.664963	-0.585284	-0.42823	-0.195122	0.0864799	0.370396	0.623859	0.833365	0.982943	1.04544	1.0017	0.862329	0.667352	0.465864	0.294799	0.170028	0.0898641	0.0437454	0.0197052	0.00824831	0.0032206	0.00117698	0.000403678	0.000129665	3.66495e-05	0	
0	0.0111643	0.0173489	0.0336112	0.0571646	0.0840678	0.0969579	0.0823229	0.0772586	0.123662	0.215224	0.330144	0.466426	0.575291	0.608304	0.568573	0.450023	0.25123	-0.0093642	-0.296152	-0.567754	-0.796816	-0.978559	-1.08659	-1.09467	-1.00117	-0.826029	-0.623163	-0.433353	-0.28352	-0.184134	-0.119542	-0.0892155	-0.0696007	-0.0641442	-0.0605461	-0.0588212	-0.0603631	-0.0593218	-0.0601458	-0.0620168	-0.060723	-0.0634258	-0.0629117	-0.0638559	-0.0660782	-0.0669732	-0.0664234	-0.0751037	-0.0722902	-0.0716901	-0.0775859	-0.0801508	-0.0784171	-0.0835185	-0.0943903	-0.0915642	-0.0902953	-0.0999501	-0.112762	-0.11886	-0.111222	-0.114858	-0.140868	-0.165951	-0.176856	-0.168929	-0.154981	-0.174562	-0.24601	-0.355019	-0.48458	-0.605161	-0.671512	-0.659158	-0.569814	-0.403525	-0.163343	0.120481	0.401854	0.65032	0.853433	0.994431	1.0461	0.991521	0.844488	0.646797	0.447048	0.280227	0.160176	0.0839359	0.0405275	0.0181138	0.00752561	0.00291732	0.00105875	0.000360698	0.00011512	3.23609e-05	0	
0	0.00825849	0.0162759	0.0369727	0.0613727	0.0860107	0.096042	0.0791581	0.0785193	0.133836	0.233467	0.353555	0.484431	0.583127	0.606285	0.554607	0.426571	0.216169	-0.0485444	-0.335528	-0.603396	-0.824454	-0.998044	-1.09509	-1.08803	-0.985343	-0.801848	-0.59998	-0.413005	-0.269114	-0.174736	-0.113939	-0.0868617	-0.0674069	-0.0650556	-0.0593168	-0.0603631	-0.0609805	-0.0595046	-0.0619238	-0.0625723	-0.0600598	-0.0649623	-0.0631868	-0.0634229	-0.0669181	-0.0686768	-0.0684522	-0.0733049	-0.0701363	-0.0730317	-0.0795261	-0.0824609	-0.0795109	-0.0835734	-0.0947441	-0.0925561	-0.0917568	-0.101613	-0.114777	-0.119196	-0.111008	-0.118011	-0.145883	-0.169283	-0.177172	-0.16705	-0.155858	-0.183162	-0.261896	-0.375087	-0.504935	-0.619706	-0.675054	-0.65071	-0.550146	-0.37326	-0.125375	0.16029	0.438149	0.680499	0.875879	1.00652	1.04537	0.978337	0.822896	0.622658	0.425392	0.263719	0.149164	0.0773874	0.0370109	0.0163918	0.00675083	0.00259501	0.000934151	0.000315756	0.000100024	2.79377e-05	0	
0	0.00425323	0.0157999	0.0429519	0.0664649	0.084304	0.0922155	0.0795519	0.0847321	0.146581	0.252892	0.375641	0.505605	0.59594	0.600696	0.532954	0.396049	0.176193	-0.0964026	-0.37693	-0.639396	-0.854548	-1.01496	-1.10094	-1.07972	-0.962903	-0.776938	-0.572522	-0.392767	-0.254514	-0.165363	-0.110622	-0.0832555	-0.0683494	-0.0632006	-0.0597814	-0.0593218	-0.0595046	-0.0578891	-0.0614237	-0.0587324	-0.0620224	-0.0646155	-0.0630519	-0.0668356	-0.0713059	-0.0670759	-0.0663397	-0.0747819	-0.0722704	-0.0757808	-0.0801457	-0.0809916	-0.0796345	-0.0871374	-0.0963202	-0.091453	-0.0930098	-0.105146	-0.117217	-0.118478	-0.110948	-0.122567	-0.151719	-0.172493	-0.176919	-0.164991	-0.158092	-0.19467	-0.281278	-0.398513	-0.527679	-0.634683	-0.676885	-0.638848	-0.525583	-0.336898	-0.0810117	0.205758	0.478931	0.713955	0.90014	1.01851	1.04252	0.961618	0.797333	0.595002	0.401135	0.245558	0.137233	0.0703886	0.0332987	0.0145946	0.00595078	0.00226552	0.000807989	0.000270666	8.50082e-05	2.35698e-05	0	
0	0.000244647	0.0156936	0.0487582	0.071384	0.0838947	0.0889576	0.0781708	0.0917258	0.164446	0.278806	0.401737	0.521184	0.601956	0.598981	0.514432	0.35853	0.129024	-0.150303	-0.431445	-0.684548	-0.889234	-1.03895	-1.10575	-1.06827	-0.937972	-0.744288	-0.542457	-0.367149	-0.2365	-0.154132	-0.102905	-0.0801322	-0.0655375	-0.0627851	-0.0600148	-0.0601458	-0.0619238	-0.0614237	-0.0638482	-0.0644376	-0.0648227	-0.0656214	-0.065265	-0.0659923	-0.0653931	-0.065555	-0.0730467	-0.0769916	-0.071747	-0.0756749	-0.0811848	-0.0827687	-0.0801892	-0.089267	-0.0973894	-0.0915873	-0.0954464	-0.10834	-0.118856	-0.117789	-0.112057	-0.12835	-0.157875	-0.175354	-0.176046	-0.163043	-0.162373	-0.20973	-0.30447	-0.425253	-0.552312	-0.649201	-0.676038	-0.622707	-0.49536	-0.293896	-0.0301214	0.256634	0.523758	0.750148	0.925534	1.02958	1.03679	0.940825	0.767622	0.563965	0.374581	0.22607	0.124649	0.0631181	0.0294955	0.012777	0.00515135	0.00194003	0.000684697	0.000227057	7.06266e-05	1.94207e-05	0	
0	-0.00346184	0.0156105	0.0555234	0.0780306	0.0815851	0.0824382	0.0795019	0.104148	0.183967	0.306137	0.434648	0.5446	0.604474	0.579411	0.482614	0.317682	0.0752649	-0.205713	-0.479613	-0.726879	-0.92297	-1.05594	-1.11112	-1.05269	-0.9112	-0.713367	-0.512874	-0.346127	-0.223147	-0.146986	-0.101903	-0.0801713	-0.0681082	-0.065389	-0.0615938	-0.0620168	-0.0625723	-0.0587324	-0.0644376	-0.0586764	-0.0623156	-0.0642877	-0.0635736	-0.066574	-0.0731909	-0.0720704	-0.0722965	-0.0737158	-0.0708086	-0.0793471	-0.0831385	-0.0813673	-0.0829515	-0.0937598	-0.0962923	-0.0909901	-0.0990678	-0.11218	-0.120399	-0.116923	-0.114063	-0.135419	-0.164337	-0.177607	-0.174412	-0.16168	-0.169597	-0.229007	-0.331691	-0.455106	-0.578108	-0.662161	-0.671421	-0.601341	-0.458663	-0.243745	0.0273143	0.312538	0.572084	0.788434	0.951249	1.0388	1.0273	0.915433	0.733659	0.529769	0.346098	0.20562	0.11169	0.0557568	0.0257039	0.0109906	0.00437614	0.00162838	0.00056807	0.000186278	5.73247e-05	1.56183e-05	0	
0	-0.00467282	0.0179773	0.0603478	0.0813991	0.0803424	0.0786981	0.0817846	0.120145	0.210599	0.334351	0.461841	0.564046	0.610478	0.569837	0.445805	0.26198	0.0126995	-0.27654	-0.542192	-0.774947	-0.958937	-1.07505	-1.10479	-1.03232	-0.871091	-0.673738	-0.474445	-0.316779	-0.203362	-0.132323	-0.0951946	-0.0723513	-0.0663394	-0.0602633	-0.0601557	-0.060723	-0.0600598	-0.0620224	-0.0648227	-0.0623156	-0.0697066	-0.0671418	-0.067898	-0.0715779	-0.0700835	-0.0639245	-0.0734584	-0.0758017	-0.0758161	-0.0822818	-0.0824652	-0.0833436	-0.0841202	-0.0942542	-0.0973098	-0.0933538	-0.102649	-0.115541	-0.121324	-0.115956	-0.117826	-0.144027	-0.170533	-0.178764	-0.172139	-0.161743	-0.180803	-0.253086	-0.363016	-0.487659	-0.604068	-0.672249	-0.661839	-0.573746	-0.414664	-0.186019	0.091152	0.372943	0.623251	0.828047	0.976328	1.04509	1.01317	0.884977	0.695445	0.492737	0.316122	0.184601	0.0986427	0.0484806	0.022019	0.00928168	0.0036454	0.00133868	0.000461093	0.000149348	4.5422e-05	1.22504e-05	0	
