0	0	0	0	0	0	0	0	0	0	0	0	0	0	0	0	0	0	0	0	0	0	0	0	0	0	0	0	0	0	0	0	0	0	0	0	0	0	0	0	0	0	0	0	0	0	0	0	0	0	0	0	0	0	0	0	0	0	0	0	0	0	0	0	0	0	0	0	0	0	0	0	0	0	0	0	0	0	0	0	0	0	0	0	0	0	0	0	0	0	0	0	0	0	0	0	0	0	0	0	
0	-0.0213041	-0.0432651	-0.0640408	-0.0796989	-0.0873937	-0.0879745	-0.0827135	-0.073408	-0.0628875	-0.0522311	-0.0358238	-0.00785232	0.0318673	0.0783355	0.124345	0.164188	0.193386	0.209785	0.206272	0.179756	0.135138	0.0812654	0.0278265	-0.0191774	-0.0553608	-0.0842289	-0.109008	-0.129483	-0.14329	-0.147381	-0.141556	-0.129419	-0.113417	-0.0975893	-0.0796809	-0.0557871	-0.0246031	0.0104783	0.0445188	0.0672752	0.0702974	0.0523059	0.0177722	-0.0261563	-0.0714688	-0.114977	-0.15329	-0.182288	-0.206178	-0.227314	-0.242599	-0.246022	-0.229793	-0.192275	-0.136103	-0.0676974	0.00524825	0.075747	0.139286	0.194776	0.241731	0.280123	0.310275	0.332045	0.349331	0.369601	0.39258	0.416722	0.439929	0.453438	0.449292	0.427595	0.390854	0.345674	0.295804	0.243922	0.191375	0.13794	0.0865743	0.0383539	-0.00781362	-0.0550791	-0.101407	-0.145181	-0.182394	-0.207689	-0.221171	-0.22726	-0.232274	-0.237465	-0.242726	-0.241234	-0.22628	-0.196891	-0.155025	-0.109275	-0.066551	-0.0304919	0	
0	-0.0432651	-0.0842287	-0.118397	-0.142237	-0.153176	-0.155774	-0.148238	-0.131121	-0.106473	-0.0786355	-0.0415304	0.014488	0.0874352	0.173479	0.25831	0.334044	0.388372	0.417086	0.406674	0.353499	0.267382	0.164344	0.058176	-0.0400219	-0.120455	-0.185156	-0.235059	-0.271517	-0.292712	-0.298053	-0.290548	-0.271731	-0.243779	-0.209194	-0.163693	-0.106954	-0.0390972	0.0279444	0.0868482	0.123662	0.126883	0.0951872	0.0393394	-0.0364603	-0.116766	-0.200948	-0.279404	-0.342344	-0.39043	-0.43004	-0.453098	-0.452131	-0.417147	-0.347012	-0.245902	-0.123656	0.00778871	0.14076	0.263187	0.370333	0.460791	0.531665	0.585027	0.625001	0.659728	0.697369	0.736663	0.77904	0.817325	0.837135	0.827126	0.7931	0.735552	0.657227	0.565652	0.466619	0.367859	0.267276	0.170996	0.0825596	-0.00429664	-0.0887333	-0.167025	-0.240237	-0.302104	-0.349382	-0.383662	-0.408032	-0.42604	-0.435737	-0.438269	-0.425326	-0.39451	-0.347462	-0.283547	-0.213575	-0.141228	-0.068974	0	
0	-0.0640408	-0.118397	-0.156797	-0.178205	-0.187668	-0.191888	-0.18658	-0.163	-0.121792	-0.0711292	-0.00803203	0.0739835	0.174852	0.288238	0.402042	0.50288	0.575444	0.611587	0.594056	0.51825	0.397991	0.250616	0.0932523	-0.0611113	-0.193134	-0.298725	-0.376287	-0.426041	-0.452426	-0.459902	-0.452153	-0.431437	-0.391426	-0.334271	-0.256541	-0.159983	-0.0555085	0.0399575	0.117577	0.162839	0.166321	0.131163	0.06571	-0.0228922	-0.125599	-0.240979	-0.357071	-0.451922	-0.524672	-0.575656	-0.598275	-0.586162	-0.531043	-0.436906	-0.30955	-0.156952	0.0131788	0.189649	0.358448	0.508469	0.630577	0.723108	0.793177	0.847197	0.896341	0.953074	1.00636	1.04928	1.08481	1.10501	1.09919	1.06693	1.00243	0.908668	0.789157	0.65498	0.518028	0.381456	0.252662	0.133557	0.0231061	-0.0815791	-0.172343	-0.252463	-0.326123	-0.391708	-0.4504	-0.499923	-0.536571	-0.550896	-0.54617	-0.521573	-0.479977	-0.428047	-0.363066	-0.288325	-0.201371	-0.103318	0	
0	-0.0796989	-0.142237	-0.178205	-0.192527	-0.195317	-0.200106	-0.195622	-0.1673	-0.110439	-0.0372886	0.050295	0.158347	0.280214	0.412818	0.53885	0.649919	0.727479	0.766711	0.745253	0.655857	0.509155	0.324132	0.117923	-0.0889264	-0.268889	-0.414257	-0.519821	-0.589892	-0.628954	-0.642719	-0.637033	-0.608759	-0.553872	-0.474297	-0.366811	-0.240318	-0.104562	0.0151663	0.110837	0.168788	0.179985	0.148053	0.0888503	-0.000579052	-0.106182	-0.235759	-0.372086	-0.488364	-0.574003	-0.632448	-0.651262	-0.627366	-0.557277	-0.449273	-0.310054	-0.145447	0.0387304	0.238261	0.431254	0.601635	0.739838	0.842499	0.92012	0.984902	1.04913	1.1162	1.17137	1.21484	1.24723	1.26198	1.25211	1.22633	1.17229	1.07899	0.950281	0.797656	0.640127	0.480643	0.332721	0.204877	0.0892441	-0.0125152	-0.0975453	-0.179348	-0.259452	-0.338516	-0.414705	-0.479619	-0.526208	-0.544739	-0.543182	-0.520337	-0.483695	-0.439617	-0.379207	-0.307836	-0.219274	-0.112779	0	
0	-0.0873937	-0.153176	-0.187668	-0.195317	-0.192337	-0.192522	-0.186499	-0.152833	-0.086456	0.000368375	0.106657	0.234949	0.377008	0.519608	0.648012	0.753383	0.826426	0.864517	0.843776	0.747595	0.583201	0.366207	0.120494	-0.129166	-0.348269	-0.528347	-0.667373	-0.765906	-0.826325	-0.850416	-0.839958	-0.798641	-0.723482	-0.624033	-0.500941	-0.357572	-0.207085	-0.071008	0.0428773	0.119568	0.149406	0.13846	0.0968232	0.0268398	-0.0671581	-0.190852	-0.328625	-0.444424	-0.528775	-0.580157	-0.590797	-0.559225	-0.484266	-0.377612	-0.244122	-0.0866389	0.0963981	0.295859	0.490829	0.66211	0.795912	0.892877	0.970051	1.0387	1.10927	1.18829	1.25136	1.28902	1.31311	1.32522	1.31789	1.29364	1.24077	1.15484	1.033	0.885677	0.728617	0.567492	0.419862	0.297197	0.198122	0.112555	0.0418057	-0.0291506	-0.108356	-0.188912	-0.266548	-0.334391	-0.388202	-0.419991	-0.436758	-0.435143	-0.41587	-0.382607	-0.329455	-0.26386	-0.184283	-0.0937719	0	
0	-0.0879745	-0.155774	-0.191888	-0.200106	-0.192522	-0.187336	-0.17477	-0.13698	-0.0673477	0.0227219	0.135285	0.276787	0.430469	0.579952	0.703136	0.799386	0.862152	0.896873	0.874578	0.775864	0.600835	0.367838	0.09929	-0.176584	-0.424921	-0.640094	-0.815811	-0.949908	-1.03551	-1.06881	-1.05479	-0.997242	-0.903659	-0.788481	-0.652705	-0.503368	-0.345228	-0.201923	-0.0764727	0.0191389	0.0746669	0.0928801	0.0872458	0.0477144	-0.0160192	-0.117377	-0.234923	-0.331357	-0.392666	-0.425874	-0.423193	-0.387139	-0.317647	-0.22488	-0.111678	0.0235411	0.181683	0.360675	0.535083	0.686902	0.806921	0.896853	0.970284	1.03691	1.10761	1.18267	1.2414	1.28329	1.31272	1.32266	1.3068	1.28049	1.23549	1.16113	1.05587	0.924976	0.782742	0.635027	0.504364	0.40713	0.333748	0.276268	0.230914	0.176806	0.114915	0.0494991	-0.0173513	-0.0815563	-0.144134	-0.195913	-0.241591	-0.268543	-0.274218	-0.261955	-0.224103	-0.177055	-0.121817	-0.0592779	0	
0	-0.0827135	-0.148238	-0.18658	-0.195622	-0.186499	-0.17477	-0.156988	-0.115805	-0.0482629	0.035413	0.141754	0.279346	0.43361	0.581305	0.702502	0.792748	0.849959	0.876825	0.849356	0.745591	0.570456	0.336903	0.0654876	-0.222972	-0.49561	-0.743957	-0.957325	-1.12321	-1.22909	-1.27085	-1.25202	-1.18413	-1.07552	-0.945493	-0.800389	-0.643248	-0.482753	-0.336807	-0.204504	-0.0934776	-0.0114688	0.0447458	0.079783	0.0855309	0.0607488	-0.00353932	-0.0878748	-0.150248	-0.180056	-0.186327	-0.168872	-0.130558	-0.0719611	-0.00297173	0.078079	0.171779	0.286923	0.420194	0.555447	0.679753	0.783518	0.864722	0.934929	0.996682	1.05632	1.12241	1.17449	1.20787	1.23326	1.24991	1.24636	1.22952	1.19339	1.13257	1.04082	0.925825	0.804322	0.682334	0.581549	0.517064	0.480371	0.455712	0.443411	0.426095	0.396282	0.357296	0.30475	0.23935	0.164213	0.0908612	0.0213687	-0.0310385	-0.0641985	-0.0797566	-0.0744513	-0.0625006	-0.0434169	-0.0204958	0	
0	-0.073408	-0.131121	-0.163	-0.1673	-0.152833	-0.13698	-0.115805	-0.0740889	-0.0105331	0.0612861	0.14815	0.264609	0.400643	0.538272	0.65529	0.745499	0.797244	0.814898	0.774932	0.667184	0.4952	0.272482	0.00817785	-0.282596	-0.568792	-0.839963	-1.0774	-1.264	-1.38383	-1.4303	-1.41096	-1.33476	-1.21524	-1.07368	-0.917651	-0.754343	-0.587938	-0.437749	-0.298998	-0.173744	-0.0678971	0.0216889	0.101156	0.153715	0.180395	0.164153	0.124699	0.100576	0.101109	0.11218	0.134893	0.166685	0.209576	0.254776	0.299744	0.348229	0.4085	0.487829	0.574479	0.66184	0.742198	0.812504	0.873306	0.920802	0.965651	1.01405	1.0518	1.08129	1.11146	1.13445	1.14083	1.14171	1.12547	1.07905	0.999947	0.900962	0.80192	0.714078	0.655199	0.633188	0.633925	0.646647	0.672971	0.691171	0.694317	0.677815	0.636721	0.574935	0.496297	0.416964	0.335719	0.264332	0.203181	0.147929	0.109029	0.0731836	0.0435924	0.0233513	0	
0	-0.0628875	-0.106473	-0.121792	-0.110439	-0.086456	-0.0673477	-0.0482629	-0.0105331	0.0445388	0.098764	0.156527	0.238115	0.343752	0.461259	0.571357	0.659337	0.710058	0.720182	0.675757	0.565844	0.399196	0.182201	-0.0769243	-0.365197	-0.651854	-0.925427	-1.16797	-1.36155	-1.48614	-1.53535	-1.51166	-1.42789	-1.29829	-1.14694	-0.984118	-0.813163	-0.639354	-0.479681	-0.329545	-0.189626	-0.0621368	0.0568269	0.171876	0.269696	0.343366	0.377507	0.384314	0.39659	0.420691	0.439643	0.453304	0.466319	0.482519	0.494404	0.504162	0.510415	0.527276	0.561969	0.60881	0.660547	0.707695	0.743095	0.773611	0.800789	0.832475	0.877539	0.917084	0.947536	0.978206	1.01168	1.0345	1.04685	1.03869	0.999219	0.929273	0.84989	0.786396	0.741156	0.723097	0.740053	0.778132	0.825378	0.884224	0.933476	0.961963	0.966731	0.941965	0.892892	0.826239	0.750972	0.667257	0.58257	0.493512	0.402272	0.316325	0.228303	0.147294	0.0735837	0	
0	-0.0522311	-0.0786355	-0.0711292	-0.0372886	0.000368375	0.0227219	0.035413	0.0612861	0.098764	0.126863	0.150084	0.192674	0.263935	0.355406	0.450187	0.533544	0.585933	0.604634	0.569239	0.469772	0.306033	0.0884156	-0.17139	-0.453362	-0.726859	-0.984737	-1.21564	-1.40227	-1.52496	-1.57094	-1.5432	-1.45162	-1.31415	-1.154	-0.982275	-0.800872	-0.613995	-0.439372	-0.274933	-0.11892	0.025156	0.163708	0.301146	0.425121	0.531876	0.603367	0.648144	0.692695	0.734987	0.755285	0.753815	0.737326	0.716506	0.689733	0.657338	0.626311	0.611161	0.619242	0.638701	0.658277	0.665393	0.661593	0.657495	0.659274	0.684578	0.735059	0.787719	0.833482	0.880385	0.923077	0.950017	0.964927	0.956692	0.919664	0.860416	0.80097	0.758636	0.739654	0.752974	0.801812	0.873843	0.954921	1.04424	1.11927	1.17	1.1961	1.19588	1.17155	1.12345	1.05966	0.9759	0.880374	0.772378	0.650082	0.52611	0.392734	0.258233	0.131071	0	
0	-0.0358238	-0.0415304	-0.00803203	0.050295	0.106657	0.135285	0.141754	0.14815	0.156527	0.150084	0.135656	0.142157	0.178951	0.239711	0.311779	0.385026	0.446015	0.48274	0.471425	0.387469	0.229242	0.00865445	-0.25144	-0.523044	-0.775769	-1.00739	-1.21123	-1.37637	-1.48159	-1.51744	-1.48281	-1.38757	-1.24627	-1.08114	-0.90131	-0.708698	-0.506991	-0.315302	-0.134425	0.0344422	0.190175	0.335217	0.477244	0.609037	0.727339	0.819408	0.889568	0.954445	1.01023	1.03187	1.01584	0.973937	0.916084	0.844053	0.768876	0.698893	0.652996	0.637397	0.637509	0.632632	0.609413	0.571144	0.539789	0.531377	0.556668	0.615287	0.6814	0.743622	0.803174	0.859557	0.89737	0.91337	0.906845	0.872013	0.814123	0.75357	0.712008	0.695631	0.716404	0.787624	0.893059	1.01253	1.13522	1.23699	1.31292	1.36362	1.38538	1.38077	1.34978	1.29372	1.21334	1.11406	0.992884	0.855316	0.706509	0.540297	0.366114	0.18649	0	
0	-0.00785232	0.014488	0.0739835	0.158347	0.234949	0.276787	0.279346	0.264609	0.238115	0.192674	0.142157	0.113665	0.117449	0.144897	0.191686	0.255307	0.323869	0.380163	0.389144	0.322089	0.172271	-0.0440176	-0.298286	-0.555913	-0.786466	-0.985188	-1.15175	-1.27697	-1.34919	-1.36086	-1.31342	-1.21303	-1.07338	-0.909704	-0.731683	-0.534984	-0.32562	-0.122396	0.0661117	0.23856	0.390984	0.532145	0.66891	0.800857	0.924571	1.02668	1.10634	1.17821	1.23424	1.2525	1.22877	1.16953	1.08442	0.977743	0.859802	0.750423	0.674123	0.634704	0.612774	0.586813	0.542292	0.488254	0.445576	0.428036	0.452518	0.516071	0.594979	0.67317	0.750556	0.817695	0.860293	0.880358	0.874838	0.840093	0.777004	0.70249	0.636724	0.601289	0.621115	0.705746	0.838741	0.99223	1.15023	1.28803	1.39054	1.45863	1.49322	1.49661	1.47275	1.42449	1.34815	1.24855	1.12395	0.976262	0.814921	0.632101	0.432122	0.222732	0	
0	0.0318673	0.0874352	0.174852	0.280214	0.377008	0.430469	0.43361	0.400643	0.343752	0.263935	0.178951	0.117449	0.0885487	0.0887905	0.118212	0.176463	0.250434	0.314593	0.334716	0.281085	0.146449	-0.055048	-0.294578	-0.533479	-0.737664	-0.900472	-1.02121	-1.09873	-1.12648	-1.10443	-1.03628	-0.930259	-0.79662	-0.64747	-0.482038	-0.294317	-0.087651	0.114188	0.29629	0.454011	0.591755	0.718512	0.847634	0.977815	1.10105	1.20308	1.28152	1.34749	1.39883	1.41501	1.3856	1.31593	1.21023	1.07511	0.928824	0.795187	0.696467	0.636854	0.597394	0.551466	0.487425	0.416617	0.362376	0.342392	0.36786	0.437437	0.529427	0.625418	0.714519	0.788515	0.835268	0.852067	0.842368	0.795861	0.712102	0.61208	0.526776	0.4821	0.497687	0.584826	0.726779	0.90039	1.0838	1.24813	1.37842	1.46645	1.5101	1.51684	1.49266	1.44097	1.36508	1.26639	1.14218	0.997169	0.832592	0.644867	0.441015	0.225123	0	
0	0.0783355	0.173479	0.288238	0.412818	0.519608	0.579952	0.581305	0.538272	0.461259	0.355406	0.239711	0.144897	0.0887905	0.0727393	0.0977528	0.156417	0.2311	0.294368	0.319245	0.279831	0.16735	-0.0105025	-0.22607	-0.436835	-0.609254	-0.732003	-0.809428	-0.841134	-0.826712	-0.771353	-0.683658	-0.574191	-0.45321	-0.322218	-0.178077	-0.00753421	0.180526	0.362427	0.518646	0.650122	0.765293	0.879745	0.999327	1.12225	1.23389	1.3228	1.38844	1.44563	1.49186	1.50689	1.47691	1.40051	1.2841	1.13846	0.982257	0.840153	0.732714	0.657607	0.59566	0.526945	0.444296	0.360325	0.295606	0.268879	0.29485	0.370919	0.47444	0.580697	0.677814	0.756287	0.80554	0.821462	0.798616	0.728937	0.618709	0.496215	0.394724	0.33954	0.351215	0.433607	0.572514	0.747609	0.937992	1.11987	1.26768	1.37222	1.43013	1.44046	1.41305	1.35407	1.27174	1.17389	1.05712	0.920565	0.764576	0.586944	0.395899	0.200323	0	
0	0.124345	0.25831	0.402042	0.53885	0.648012	0.703136	0.702502	0.65529	0.571357	0.450187	0.311779	0.191686	0.118212	0.0977528	0.1244	0.182473	0.250522	0.306839	0.330895	0.303245	0.210758	0.0590978	-0.124729	-0.297205	-0.426998	-0.504706	-0.536688	-0.524362	-0.473863	-0.394031	-0.298167	-0.195801	-0.0913281	0.0159375	0.134906	0.274073	0.42532	0.568501	0.687868	0.78879	0.885557	0.986644	1.09358	1.19868	1.2879	1.35618	1.40795	1.45774	1.50043	1.51619	1.48644	1.41214	1.30092	1.16749	1.02445	0.893355	0.78312	0.6932	0.6121	0.522427	0.42145	0.32466	0.252519	0.222967	0.246164	0.315858	0.410281	0.507946	0.599989	0.68084	0.739289	0.758552	0.727992	0.639193	0.505838	0.362544	0.246405	0.184139	0.189753	0.264835	0.397985	0.570168	0.754836	0.931035	1.08034	1.19027	1.25366	1.26766	1.23793	1.17403	1.08977	0.991707	0.881683	0.760368	0.625548	0.47853	0.323004	0.162803	0	
0	0.164188	0.334044	0.50288	0.649919	0.753383	0.799386	0.792748	0.745499	0.659337	0.533544	0.385026	0.255307	0.176463	0.156417	0.182473	0.23264	0.290124	0.334471	0.354015	0.329187	0.251048	0.124096	-0.0243299	-0.151738	-0.233155	-0.259863	-0.241249	-0.185462	-0.103435	-0.010429	0.0844639	0.175418	0.260273	0.341442	0.423176	0.515028	0.611102	0.701312	0.775933	0.843042	0.916879	1.00303	1.09425	1.18398	1.25619	1.31002	1.35191	1.39218	1.42581	1.43616	1.40983	1.34867	1.26295	1.1598	1.04546	0.931881	0.825772	0.728986	0.635841	0.533919	0.422622	0.315269	0.22912	0.187463	0.194562	0.24292	0.31392	0.391938	0.473078	0.552629	0.615885	0.638412	0.606745	0.515234	0.38067	0.23421	0.110495	0.0346354	0.0292274	0.0973207	0.22438	0.390424	0.563471	0.727524	0.862001	0.956282	1.00824	1.01511	0.987503	0.929448	0.84895	0.751922	0.643471	0.533485	0.424731	0.320049	0.216609	0.109111	0	
0	0.193386	0.388372	0.575444	0.727479	0.826426	0.862152	0.849959	0.797244	0.710058	0.585933	0.446015	0.323869	0.250434	0.2311	0.250522	0.290124	0.3328	0.364134	0.370451	0.341531	0.272178	0.169364	0.0590687	-0.0200502	-0.0478164	-0.0165023	0.0547033	0.15426	0.259839	0.361667	0.451434	0.526668	0.584432	0.624243	0.654253	0.687109	0.722851	0.760063	0.789436	0.81983	0.86591	0.931088	1.00699	1.08289	1.14305	1.18673	1.21812	1.24938	1.27233	1.27922	1.26144	1.22116	1.16378	1.09581	1.00958	0.920067	0.830623	0.744272	0.656117	0.550695	0.427563	0.301667	0.195747	0.131499	0.114729	0.135636	0.180299	0.239521	0.311066	0.384443	0.442714	0.465226	0.437732	0.358887	0.242625	0.110017	-0.00876856	-0.0850471	-0.0939383	-0.0365688	0.0772133	0.228595	0.384154	0.529084	0.639498	0.706831	0.735265	0.727726	0.69479	0.639318	0.564005	0.472357	0.376804	0.28664	0.207447	0.145133	0.0924224	0.044304	0	
0	0.209785	0.417086	0.611587	0.766711	0.864517	0.896873	0.876825	0.814898	0.720182	0.604634	0.48274	0.380163	0.314593	0.294368	0.306839	0.334471	0.364134	0.377715	0.368205	0.330987	0.26935	0.19154	0.120668	0.0925708	0.121568	0.20655	0.324275	0.453983	0.578272	0.685729	0.770249	0.82393	0.842714	0.829482	0.801	0.775026	0.755793	0.74436	0.734702	0.732597	0.755188	0.803714	0.863654	0.924353	0.967903	0.994687	1.01486	1.03558	1.05212	1.06196	1.0591	1.04241	1.01755	0.979856	0.924834	0.864694	0.798972	0.730632	0.651702	0.542901	0.405685	0.261296	0.131	0.0447123	0.000752043	-0.00388616	0.0229551	0.0720628	0.135433	0.198358	0.249364	0.269432	0.25174	0.192012	0.0976678	-0.015555	-0.117523	-0.181788	-0.18544	-0.131717	-0.0309755	0.104795	0.237165	0.351979	0.430492	0.4657	0.468066	0.44077	0.393518	0.331362	0.26076	0.188187	0.123817	0.0705933	0.0252925	-0.00236408	-0.0136074	-0.0141493	0	
0	0.206272	0.406674	0.594056	0.745253	0.843776	0.874578	0.849356	0.774932	0.675757	0.569239	0.471425	0.389144	0.334716	0.319245	0.330895	0.354015	0.370451	0.368205	0.341165	0.293337	0.235215	0.176842	0.143281	0.164079	0.241761	0.36898	0.514188	0.665055	0.80105	0.914064	0.989453	1.01682	0.993911	0.929437	0.847037	0.766922	0.695216	0.641491	0.602135	0.583145	0.594898	0.631744	0.676195	0.714162	0.734726	0.74333	0.74931	0.764743	0.780277	0.797598	0.815518	0.828446	0.83372	0.830926	0.807036	0.778048	0.741601	0.692997	0.620185	0.507223	0.362876	0.20446	0.0578755	-0.0496223	-0.111823	-0.131407	-0.116404	-0.0749037	-0.0199417	0.0301709	0.0681927	0.0891965	0.0758432	0.0225241	-0.059927	-0.157733	-0.240693	-0.286666	-0.272563	-0.207954	-0.104625	0.0205933	0.129706	0.214323	0.25742	0.261882	0.238218	0.185851	0.117885	0.0467263	-0.0163109	-0.0631568	-0.0875823	-0.0991053	-0.1037	-0.0932183	-0.0720246	-0.0421388	0	
0	0.179756	0.353499	0.51825	0.655857	0.747595	0.775864	0.745591	0.667184	0.565844	0.469772	0.387469	0.322089	0.281085	0.279831	0.303245	0.329187	0.341531	0.330987	0.293337	0.236507	0.176813	0.133207	0.129406	0.18621	0.295944	0.442818	0.602487	0.761403	0.901793	1.01001	1.07135	1.07621	1.0251	0.925431	0.801201	0.672433	0.553248	0.46216	0.403637	0.374797	0.378628	0.404778	0.432501	0.453846	0.461174	0.457821	0.458982	0.471666	0.489129	0.519255	0.56031	0.598955	0.634194	0.656543	0.66017	0.661431	0.650248	0.62262	0.565885	0.461973	0.317787	0.157148	0.00053379	-0.117735	-0.192291	-0.217679	-0.203106	-0.166793	-0.122806	-0.0868055	-0.0577844	-0.0467793	-0.0696704	-0.129656	-0.214478	-0.306687	-0.376779	-0.403699	-0.370164	-0.291163	-0.180915	-0.055677	0.0417099	0.105689	0.129768	0.11242	0.0652437	-0.00860397	-0.0918305	-0.161973	-0.212786	-0.242098	-0.243395	-0.226678	-0.19808	-0.151287	-0.0991017	-0.0522644	0	
0	0.135138	0.267382	0.397991	0.509155	0.583201	0.600835	0.570456	0.4952	0.399196	0.306033	0.229242	0.172271	0.146449	0.16735	0.210758	0.251048	0.272178	0.26935	0.235215	0.176813	0.120468	0.0883287	0.103449	0.176968	0.296837	0.450529	0.61331	0.77118	0.900528	0.992407	1.03721	1.02835	0.96313	0.841594	0.686987	0.521524	0.36639	0.247677	0.170499	0.127195	0.116476	0.128603	0.150046	0.169661	0.179203	0.178972	0.180231	0.196774	0.223098	0.266519	0.325897	0.382426	0.427511	0.461251	0.480262	0.502415	0.51871	0.517651	0.483265	0.400218	0.27761	0.125297	-0.0308466	-0.150695	-0.220967	-0.241573	-0.229721	-0.197364	-0.158396	-0.129676	-0.113208	-0.113011	-0.153547	-0.234887	-0.332598	-0.429198	-0.496895	-0.520481	-0.47937	-0.389752	-0.273921	-0.151445	-0.0556236	0.0105052	0.0325893	0.00849927	-0.0503269	-0.132569	-0.213345	-0.275199	-0.317927	-0.340629	-0.334644	-0.306418	-0.260702	-0.194696	-0.125114	-0.0640823	0	
0	0.0812654	0.164344	0.250616	0.324132	0.366207	0.367838	0.336903	0.272482	0.182201	0.0884156	0.00865445	-0.0440176	-0.055048	-0.0105025	0.0590978	0.124096	0.169364	0.19154	0.176842	0.133207	0.0883287	0.0661459	0.0844919	0.153763	0.268826	0.41849	0.57682	0.72166	0.831602	0.905013	0.936667	0.918457	0.8413	0.704488	0.532366	0.348782	0.174382	0.033169	-0.0662551	-0.132059	-0.16345	-0.160873	-0.13821	-0.108855	-0.0853647	-0.0757651	-0.0626316	-0.0318606	0.00890161	0.0642666	0.129668	0.181213	0.221231	0.252925	0.2803	0.321085	0.359859	0.385818	0.381426	0.327538	0.22737	0.0981789	-0.0355721	-0.134705	-0.189556	-0.201869	-0.189372	-0.164281	-0.130079	-0.103111	-0.0900655	-0.103619	-0.166992	-0.272044	-0.393646	-0.511709	-0.596454	-0.626382	-0.585218	-0.49846	-0.386269	-0.260658	-0.155111	-0.0803955	-0.0514763	-0.070909	-0.119832	-0.187154	-0.256081	-0.308803	-0.350438	-0.373765	-0.364479	-0.335123	-0.289804	-0.225361	-0.154087	-0.081896	0	
0	0.0278265	0.058176	0.0932523	0.117923	0.120494	0.09929	0.0654876	0.00817785	-0.0769243	-0.17139	-0.25144	-0.298286	-0.294578	-0.22607	-0.124729	-0.0243299	0.0590687	0.120668	0.143281	0.129406	0.103449	0.0844919	0.0910495	0.139017	0.23286	0.361464	0.498137	0.620817	0.712962	0.774869	0.797765	0.7689	0.682946	0.542216	0.373181	0.191905	0.0107403	-0.148712	-0.272123	-0.36291	-0.414498	-0.424056	-0.401099	-0.362396	-0.324242	-0.294794	-0.259209	-0.205307	-0.147506	-0.0891006	-0.0336688	0.00415347	0.0312102	0.0589694	0.0944699	0.149429	0.207897	0.255052	0.273622	0.247709	0.182388	0.0874139	-0.0107472	-0.075041	-0.102758	-0.102289	-0.0898728	-0.0637852	-0.0267765	-0.00304811	-0.00432832	-0.0373945	-0.12367	-0.257644	-0.411351	-0.560332	-0.671616	-0.724425	-0.702191	-0.622569	-0.506384	-0.371438	-0.251491	-0.164314	-0.122714	-0.121796	-0.145068	-0.186035	-0.236873	-0.284331	-0.326275	-0.352599	-0.350801	-0.331679	-0.299766	-0.245967	-0.175487	-0.0960295	0	
0	-0.0191774	-0.0400219	-0.0611113	-0.0889264	-0.129166	-0.176584	-0.222972	-0.282596	-0.365197	-0.453362	-0.523044	-0.555913	-0.533479	-0.436835	-0.297205	-0.151738	-0.0200502	0.0925708	0.164079	0.18621	0.176968	0.153763	0.139017	0.153086	0.204977	0.288312	0.386751	0.48433	0.565147	0.620149	0.633839	0.597394	0.511167	0.383807	0.234181	0.0683587	-0.107889	-0.274998	-0.411616	-0.517082	-0.587032	-0.613273	-0.60089	-0.565588	-0.519241	-0.473431	-0.414978	-0.33776	-0.264431	-0.205426	-0.158261	-0.132281	-0.113304	-0.0880535	-0.0496495	0.0109327	0.0808685	0.14713	0.189408	0.190345	0.156495	0.102387	0.050048	0.0244161	0.0254552	0.0447083	0.0694296	0.102738	0.139929	0.15287	0.128444	0.0659599	-0.0538338	-0.224173	-0.414102	-0.596669	-0.739965	-0.821452	-0.821428	-0.75366	-0.636309	-0.486924	-0.344831	-0.234664	-0.165195	-0.131234	-0.123698	-0.14573	-0.187958	-0.22978	-0.270921	-0.300679	-0.309256	-0.305642	-0.28349	-0.235352	-0.168466	-0.0902372	0	
0	-0.0553608	-0.120455	-0.193134	-0.268889	-0.348269	-0.424921	-0.49561	-0.568792	-0.651854	-0.726859	-0.775769	-0.786466	-0.737664	-0.609254	-0.426998	-0.233155	-0.0478164	0.121568	0.241761	0.295944	0.296837	0.268826	0.23286	0.204977	0.198622	0.220973	0.273207	0.344113	0.408621	0.450226	0.453149	0.414835	0.340977	0.238661	0.118182	-0.0198065	-0.177223	-0.33464	-0.468546	-0.578794	-0.663044	-0.709291	-0.717473	-0.693791	-0.650131	-0.597223	-0.525676	-0.434821	-0.35301	-0.291805	-0.247235	-0.221576	-0.200806	-0.174094	-0.13305	-0.0681281	0.00914741	0.0838109	0.138339	0.161805	0.160869	0.148546	0.140578	0.15231	0.18147	0.222294	0.265021	0.307128	0.340171	0.334619	0.281188	0.182178	0.0246225	-0.183275	-0.412029	-0.62928	-0.805591	-0.916235	-0.938977	-0.878026	-0.752571	-0.592624	-0.433293	-0.295145	-0.188635	-0.120074	-0.090706	-0.0990847	-0.130351	-0.162512	-0.196733	-0.227109	-0.241657	-0.242816	-0.225626	-0.184768	-0.129183	-0.0686473	0	
0	-0.0842289	-0.185156	-0.298725	-0.414257	-0.528347	-0.640094	-0.743957	-0.839963	-0.925427	-0.984737	-1.00739	-0.985188	-0.900472	-0.732003	-0.504706	-0.259863	-0.0165023	0.20655	0.36898	0.442818	0.450529	0.41849	0.361464	0.288312	0.220973	0.184219	0.192813	0.229673	0.268774	0.29033	0.284817	0.25107	0.193695	0.1189	0.0330192	-0.0710072	-0.198343	-0.334776	-0.455862	-0.561193	-0.652324	-0.717577	-0.746063	-0.74032	-0.708539	-0.660458	-0.591595	-0.502911	-0.420157	-0.359356	-0.312485	-0.27782	-0.248048	-0.214453	-0.166723	-0.100046	-0.0202994	0.0584942	0.120165	0.158123	0.186699	0.214001	0.244736	0.288717	0.34792	0.416359	0.478035	0.529472	0.555526	0.528173	0.441561	0.303965	0.106802	-0.144992	-0.413683	-0.665133	-0.871445	-1.00386	-1.03638	-0.974627	-0.849267	-0.684421	-0.506549	-0.341579	-0.207661	-0.117714	-0.0730433	-0.0661768	-0.0791881	-0.0977648	-0.121651	-0.140697	-0.146662	-0.141084	-0.124262	-0.0975328	-0.0658107	-0.0345487	0	
0	-0.109008	-0.235059	-0.376287	-0.519821	-0.667373	-0.815811	-0.957325	-1.0774	-1.16797	-1.21564	-1.21123	-1.15175	-1.02121	-0.809428	-0.536688	-0.241249	0.0547033	0.324275	0.514188	0.602487	0.61331	0.57682	0.498137	0.386751	0.273207	0.192813	0.157581	0.154273	0.158108	0.158213	0.143713	0.113549	0.0715191	0.0281495	-0.0201271	-0.0829996	-0.175823	-0.285221	-0.388549	-0.485778	-0.584527	-0.668014	-0.720828	-0.733754	-0.714575	-0.675805	-0.61593	-0.535797	-0.461168	-0.40362	-0.354943	-0.313465	-0.273778	-0.228565	-0.172042	-0.0979642	-0.0153215	0.0614836	0.124297	0.176607	0.227268	0.282012	0.34284	0.414255	0.504255	0.603651	0.690341	0.745799	0.760426	0.714984	0.601433	0.423738	0.181186	-0.111151	-0.418434	-0.701621	-0.929215	-1.06845	-1.1006	-1.03908	-0.912203	-0.744924	-0.559922	-0.384225	-0.242592	-0.143002	-0.0792758	-0.046959	-0.035418	-0.0336196	-0.0397953	-0.0426611	-0.0363807	-0.0278265	-0.0180098	-0.00911753	-0.00415769	-0.00156642	0	
0	-0.129483	-0.271517	-0.426041	-0.589892	-0.765906	-0.949908	-1.12321	-1.264	-1.36155	-1.40227	-1.37637	-1.27697	-1.09873	-0.841134	-0.524362	-0.185462	0.15426	0.453983	0.665055	0.761403	0.77118	0.72166	0.620817	0.48433	0.344113	0.229673	0.154273	0.108504	0.0822341	0.0624298	0.0406495	0.0147462	-0.007305	-0.0187087	-0.0287904	-0.0552641	-0.115129	-0.197754	-0.28432	-0.376424	-0.482636	-0.587252	-0.662668	-0.69137	-0.685022	-0.654908	-0.606746	-0.541626	-0.475881	-0.422024	-0.374328	-0.325995	-0.276793	-0.223314	-0.156526	-0.0788714	0.00255417	0.0777048	0.144946	0.207065	0.273537	0.346816	0.424641	0.519615	0.638178	0.764474	0.868484	0.934701	0.948148	0.885409	0.740396	0.521493	0.242069	-0.0873003	-0.427739	-0.732688	-0.96825	-1.10571	-1.13601	-1.07334	-0.946427	-0.774678	-0.586321	-0.414582	-0.276003	-0.169598	-0.089598	-0.0349903	0.000878597	0.0223416	0.0372782	0.0500561	0.0584258	0.0640483	0.0618992	0.05234	0.0385181	0.019325	0	
0	-0.14329	-0.292712	-0.452426	-0.628954	-0.826325	-1.03551	-1.22909	-1.38383	-1.48614	-1.52496	-1.48159	-1.34919	-1.12648	-0.826712	-0.473863	-0.103435	0.259839	0.578272	0.80105	0.901793	0.900528	0.831602	0.712962	0.565147	0.408621	0.268774	0.158108	0.0822341	0.0318932	-0.00190948	-0.0266269	-0.0403774	-0.0393731	-0.0207696	-0.00139135	0.00144943	-0.0312551	-0.0908469	-0.163216	-0.250563	-0.365154	-0.488501	-0.584883	-0.630169	-0.634856	-0.616168	-0.582831	-0.530186	-0.47187	-0.418307	-0.367467	-0.314445	-0.260452	-0.197346	-0.126333	-0.0469507	0.0339472	0.109777	0.181906	0.252764	0.32552	0.40327	0.492133	0.602725	0.743042	0.888475	1.00497	1.07167	1.07725	1.00364	0.839623	0.592706	0.280352	-0.078595	-0.439511	-0.751722	-0.983439	-1.1147	-1.14156	-1.07689	-0.944339	-0.770044	-0.588307	-0.423889	-0.288483	-0.177119	-0.0868303	-0.0218557	0.0278384	0.0658774	0.093497	0.111319	0.117991	0.115311	0.104042	0.0839917	0.057696	0.0305035	0	
0	-0.147381	-0.298053	-0.459902	-0.642719	-0.850416	-1.06881	-1.27085	-1.4303	-1.53535	-1.57094	-1.51744	-1.36086	-1.10443	-0.771353	-0.394031	-0.010429	0.361667	0.685729	0.914064	1.01001	0.992407	0.905013	0.774869	0.620149	0.450226	0.29033	0.158213	0.0624298	-0.00190948	-0.0409258	-0.0553253	-0.0475748	-0.0215025	0.0207876	0.0597845	0.0798516	0.0623342	0.0190975	-0.0408319	-0.12263	-0.24073	-0.37626	-0.488725	-0.545473	-0.56475	-0.564001	-0.550005	-0.514177	-0.460846	-0.40324	-0.347354	-0.288171	-0.224433	-0.155424	-0.0802906	-0.00096558	0.0773403	0.15322	0.229451	0.302455	0.373522	0.45427	0.54985	0.671389	0.815328	0.958587	1.0744	1.14175	1.14393	1.05983	0.881383	0.616149	0.291511	-0.073311	-0.43686	-0.7464	-0.971452	-1.09842	-1.12146	-1.05014	-0.911067	-0.735434	-0.561199	-0.401104	-0.264477	-0.153878	-0.0681942	-0.00643051	0.0454112	0.0848533	0.114568	0.132577	0.135415	0.129475	0.112425	0.0894588	0.0641762	0.0338694	0	
0	-0.141556	-0.290548	-0.452153	-0.637033	-0.839958	-1.05479	-1.25202	-1.41096	-1.51166	-1.5432	-1.48281	-1.31342	-1.03628	-0.683658	-0.298167	0.0844639	0.451434	0.770249	0.989453	1.07135	1.03721	0.936667	0.797765	0.633839	0.453149	0.284817	0.143713	0.0406495	-0.0266269	-0.0553253	-0.047028	-0.0129335	0.0386918	0.0970545	0.144865	0.166205	0.152743	0.119916	0.0702314	-0.00632245	-0.121735	-0.259724	-0.376357	-0.443776	-0.482923	-0.508206	-0.520507	-0.499101	-0.448554	-0.383935	-0.319963	-0.251446	-0.180398	-0.102156	-0.0253133	0.0532428	0.130933	0.207525	0.283831	0.352462	0.420218	0.499721	0.596147	0.714949	0.85154	0.983728	1.08575	1.1407	1.13242	1.04203	0.863231	0.602297	0.282091	-0.0760918	-0.42472	-0.718164	-0.933686	-1.05504	-1.06975	-0.989937	-0.84723	-0.673962	-0.501637	-0.33862	-0.202844	-0.101	-0.0291036	0.0185538	0.0538199	0.0758009	0.0942102	0.106872	0.110271	0.107142	0.0951331	0.0793617	0.0582274	0.030967	0	
0	-0.129419	-0.271731	-0.431437	-0.608759	-0.798641	-0.997242	-1.18413	-1.33476	-1.42789	-1.45162	-1.38757	-1.21303	-0.930259	-0.574191	-0.195801	0.175418	0.526668	0.82393	1.01682	1.07621	1.02835	0.918457	0.7689	0.597394	0.414835	0.25107	0.113549	0.0147462	-0.0403774	-0.0475748	-0.0129335	0.0497458	0.123203	0.193259	0.239672	0.256225	0.243332	0.214691	0.166629	0.0911811	-0.0192255	-0.149626	-0.266293	-0.346486	-0.406943	-0.458253	-0.48733	-0.474811	-0.424677	-0.357323	-0.287678	-0.214848	-0.134358	-0.0487566	0.0321447	0.113866	0.191059	0.265422	0.335763	0.397631	0.459721	0.537281	0.628871	0.734788	0.846487	0.953378	1.04009	1.08237	1.06245	0.968981	0.795313	0.544917	0.243696	-0.0828572	-0.400414	-0.674434	-0.874147	-0.982608	-0.983707	-0.89669	-0.754187	-0.578338	-0.404614	-0.242435	-0.115343	-0.0292249	0.0265688	0.0523125	0.0611655	0.0575113	0.0516254	0.0469047	0.0436862	0.0447104	0.0445505	0.0400222	0.0277874	0.0127489	0	
0	-0.113417	-0.243779	-0.391426	-0.553872	-0.723482	-0.903659	-1.07552	-1.21524	-1.29829	-1.31415	-1.24627	-1.07338	-0.79662	-0.45321	-0.0913281	0.260273	0.584432	0.842714	0.993911	1.0251	0.96313	0.8413	0.682946	0.511167	0.340977	0.193695	0.0715191	-0.007305	-0.0393731	-0.0215025	0.0386918	0.123203	0.214219	0.286831	0.331299	0.346471	0.330802	0.297596	0.244104	0.168407	0.0683825	-0.0523235	-0.170847	-0.262315	-0.340718	-0.405672	-0.444821	-0.438061	-0.393801	-0.325859	-0.253346	-0.174858	-0.0876229	0.0035788	0.085749	0.168036	0.245141	0.315524	0.381119	0.43708	0.494426	0.562352	0.633993	0.712931	0.79647	0.881388	0.949337	0.977994	0.95247	0.857398	0.691646	0.461466	0.188812	-0.101154	-0.380255	-0.620267	-0.791742	-0.874663	-0.859771	-0.771883	-0.63	-0.453443	-0.279688	-0.123023	-0.00972723	0.0572774	0.0879365	0.0866636	0.0653929	0.0331812	0.00224927	-0.0273122	-0.0433562	-0.0427293	-0.0393323	-0.031023	-0.0219407	-0.0141446	0	
0	-0.0975893	-0.209194	-0.334271	-0.474297	-0.624033	-0.788481	-0.945493	-1.07368	-1.14694	-1.154	-1.08114	-0.909704	-0.64747	-0.322218	0.0159375	0.341442	0.624243	0.829482	0.929437	0.925431	0.841594	0.704488	0.542216	0.383807	0.238661	0.1189	0.0281495	-0.0187087	-0.0207696	0.0207876	0.0970545	0.193259	0.286831	0.358516	0.406477	0.420616	0.401557	0.361703	0.308141	0.238238	0.146295	0.0302651	-0.0872955	-0.18831	-0.272642	-0.34673	-0.394065	-0.397675	-0.361544	-0.299749	-0.226164	-0.146704	-0.0571057	0.0385183	0.12751	0.218178	0.29644	0.363344	0.420224	0.466494	0.513785	0.563585	0.609048	0.660665	0.718517	0.78066	0.8299	0.845082	0.811268	0.718645	0.566338	0.362807	0.124105	-0.128559	-0.368409	-0.570309	-0.698934	-0.745191	-0.706196	-0.605942	-0.462852	-0.289141	-0.129444	0.00183116	0.0913156	0.134548	0.139541	0.109923	0.0611932	0.00683641	-0.0467278	-0.0913184	-0.116639	-0.128778	-0.129607	-0.109671	-0.0752798	-0.037962	0	
0	-0.0796809	-0.163693	-0.256541	-0.366811	-0.500941	-0.652705	-0.800389	-0.917651	-0.984118	-0.982275	-0.90131	-0.731683	-0.482038	-0.178077	0.134906	0.423176	0.654253	0.801	0.847037	0.801201	0.686987	0.532366	0.373181	0.234181	0.118182	0.0330192	-0.0201271	-0.0287904	-0.00139135	0.0597845	0.144865	0.239672	0.331299	0.406477	0.457299	0.473105	0.452229	0.417879	0.373692	0.308784	0.221498	0.116447	0.00363413	-0.0963184	-0.187314	-0.273251	-0.334939	-0.353556	-0.334074	-0.283514	-0.214814	-0.137446	-0.0411996	0.0664133	0.169791	0.269397	0.348279	0.405445	0.450309	0.486251	0.517736	0.542293	0.55877	0.582633	0.614143	0.656329	0.691798	0.696147	0.659594	0.570755	0.431965	0.253435	0.0446199	-0.168763	-0.365274	-0.520352	-0.601973	-0.607796	-0.539227	-0.420316	-0.265144	-0.100147	0.0324594	0.131028	0.185745	0.196154	0.173389	0.122145	0.0542788	-0.0152161	-0.0796403	-0.132342	-0.164781	-0.186107	-0.192021	-0.164956	-0.117236	-0.0642718	0	
0	-0.0557871	-0.106954	-0.159983	-0.240318	-0.357572	-0.503368	-0.643248	-0.754343	-0.813163	-0.800872	-0.708698	-0.534984	-0.294317	-0.00753421	0.274073	0.515028	0.687109	0.775026	0.766922	0.672433	0.521524	0.348782	0.191905	0.0683587	-0.0198065	-0.0710072	-0.0829996	-0.0552641	0.00144943	0.0798516	0.166205	0.256225	0.346471	0.420616	0.473105	0.491711	0.487815	0.474259	0.445595	0.391868	0.319405	0.228593	0.124267	0.0156344	-0.0898862	-0.19283	-0.273306	-0.312	-0.312326	-0.277153	-0.212489	-0.129226	-0.0212686	0.102888	0.221045	0.32405	0.39437	0.441818	0.478623	0.501702	0.513056	0.507096	0.489576	0.486294	0.499724	0.525499	0.544715	0.543971	0.508461	0.419747	0.288305	0.131725	-0.0492219	-0.232569	-0.383948	-0.482246	-0.511188	-0.474174	-0.372674	-0.228657	-0.0663772	0.0890752	0.202306	0.268028	0.287809	0.262831	0.207548	0.133267	0.0484044	-0.0294911	-0.098913	-0.15654	-0.191211	-0.20763	-0.201703	-0.169956	-0.127669	-0.0757131	0	
0	-0.0246031	-0.0390972	-0.0555085	-0.104562	-0.207085	-0.345228	-0.482753	-0.587938	-0.639354	-0.613995	-0.506991	-0.32562	-0.087651	0.180526	0.42532	0.611102	0.722851	0.755793	0.695216	0.553248	0.36639	0.174382	0.0107403	-0.107889	-0.177223	-0.198343	-0.175823	-0.115129	-0.0312551	0.0623342	0.152743	0.243332	0.330802	0.401557	0.452229	0.487815	0.511288	0.521237	0.515267	0.485248	0.433267	0.357295	0.253506	0.137102	0.020012	-0.10143	-0.204894	-0.270909	-0.296532	-0.27454	-0.206545	-0.111321	0.0147498	0.154237	0.278095	0.374742	0.435302	0.471982	0.49515	0.502545	0.489712	0.453521	0.411827	0.389537	0.385214	0.397926	0.41037	0.400296	0.35627	0.269341	0.147946	0.00450211	-0.158031	-0.30703	-0.411059	-0.459333	-0.442719	-0.36532	-0.228367	-0.0571571	0.11548	0.26371	0.364445	0.413983	0.408084	0.350977	0.264789	0.160754	0.0550689	-0.0295927	-0.102726	-0.161127	-0.189333	-0.194008	-0.178549	-0.14571	-0.106051	-0.0608431	0	
0	0.0104783	0.0279444	0.0399575	0.0151663	-0.071008	-0.201923	-0.336807	-0.437749	-0.479681	-0.439372	-0.315302	-0.122396	0.114188	0.362427	0.568501	0.701312	0.760063	0.74436	0.641491	0.46216	0.247677	0.033169	-0.148712	-0.274998	-0.33464	-0.334776	-0.285221	-0.197754	-0.0908469	0.0190975	0.119916	0.214691	0.297596	0.361703	0.417879	0.474259	0.521237	0.557495	0.582036	0.580403	0.542081	0.471257	0.374271	0.262637	0.139918	0.00521385	-0.122624	-0.214921	-0.259782	-0.250003	-0.186621	-0.0877826	0.0440698	0.185927	0.308054	0.395063	0.445012	0.470927	0.480567	0.465952	0.427381	0.372317	0.320321	0.291653	0.28466	0.291182	0.29262	0.277757	0.233993	0.143849	0.0217217	-0.110163	-0.250062	-0.370087	-0.438525	-0.449775	-0.400451	-0.286987	-0.116174	0.0760644	0.255913	0.405216	0.505311	0.54574	0.526011	0.454519	0.350301	0.226911	0.103246	0.00193761	-0.0802258	-0.136306	-0.15557	-0.153636	-0.142222	-0.113884	-0.0713617	-0.0336508	0	
0	0.0445188	0.0868482	0.117577	0.110837	0.0428773	-0.0764727	-0.204504	-0.298998	-0.329545	-0.274933	-0.134425	0.0661117	0.29629	0.518646	0.687868	0.775933	0.789436	0.734702	0.602135	0.403637	0.170499	-0.0662551	-0.272123	-0.411616	-0.468546	-0.455862	-0.388549	-0.28432	-0.163216	-0.0408319	0.0702314	0.166629	0.244104	0.308141	0.373692	0.445595	0.515267	0.582036	0.637588	0.650581	0.614769	0.555628	0.479728	0.384899	0.268538	0.131019	-0.0063899	-0.109185	-0.170754	-0.182257	-0.140146	-0.0546071	0.0637651	0.190508	0.295473	0.365664	0.402445	0.417503	0.413776	0.384926	0.335676	0.274255	0.2191	0.189249	0.185755	0.197933	0.203603	0.187361	0.139569	0.0499567	-0.0676441	-0.193867	-0.316595	-0.411221	-0.451678	-0.434497	-0.3617	-0.227976	-0.0453965	0.153637	0.338209	0.493128	0.59994	0.641174	0.621924	0.553307	0.451366	0.328924	0.202591	0.0916541	-0.00152344	-0.0623038	-0.0865456	-0.0953568	-0.0937544	-0.0749501	-0.0462984	-0.0218925	0	
0	0.0672752	0.123662	0.162839	0.168788	0.119568	0.0191389	-0.0934776	-0.173744	-0.189626	-0.11892	0.0344422	0.23856	0.454011	0.650122	0.78879	0.843042	0.81983	0.732597	0.583145	0.374797	0.127195	-0.132059	-0.36291	-0.517082	-0.578794	-0.561193	-0.485778	-0.376424	-0.250563	-0.12263	-0.00632245	0.0911811	0.168407	0.238238	0.308784	0.391868	0.485248	0.580403	0.650581	0.668398	0.644843	0.610646	0.565598	0.497949	0.40308	0.281639	0.152911	0.0451514	-0.0335205	-0.0755843	-0.0630302	-0.00259299	0.0866885	0.178359	0.248462	0.288833	0.308923	0.315825	0.303948	0.27139	0.224954	0.173434	0.130532	0.109656	0.114016	0.131937	0.141027	0.128187	0.0818111	-0.00790581	-0.128493	-0.250202	-0.353539	-0.427153	-0.453696	-0.428144	-0.345404	-0.207353	-0.0272204	0.170458	0.35749	0.522994	0.644761	0.704024	0.70144	0.650188	0.565383	0.455035	0.341345	0.2356	0.140484	0.0697976	0.0198748	-0.0141203	-0.0270513	-0.0256679	-0.0241857	-0.0199517	0	
0	0.0702974	0.126883	0.166321	0.179985	0.149406	0.0746669	-0.0114688	-0.0678971	-0.0621368	0.025156	0.190175	0.390984	0.591755	0.765293	0.885557	0.916879	0.86591	0.755188	0.594898	0.378628	0.116476	-0.16345	-0.414498	-0.587032	-0.663044	-0.652324	-0.584527	-0.482636	-0.365154	-0.24073	-0.121735	-0.0192255	0.0683825	0.146295	0.221498	0.319405	0.433267	0.542081	0.614769	0.644843	0.64551	0.641311	0.62921	0.603021	0.54319	0.449985	0.333882	0.225792	0.128894	0.0638771	0.0472584	0.0719875	0.114981	0.15717	0.182047	0.190151	0.191416	0.184784	0.168927	0.141648	0.109008	0.0793055	0.0582043	0.0570731	0.0820518	0.112988	0.12237	0.103204	0.0523946	-0.039305	-0.15509	-0.266603	-0.360515	-0.435695	-0.473013	-0.453289	-0.376206	-0.244993	-0.0709461	0.126009	0.326766	0.508815	0.649368	0.737765	0.768216	0.751529	0.697516	0.611953	0.515168	0.419442	0.328624	0.242666	0.163234	0.0985138	0.0538767	0.0256767	0.00488109	-0.00522879	0	
0	0.0523059	0.0951872	0.131163	0.148053	0.13846	0.0928801	0.0447458	0.0216889	0.0568269	0.163708	0.335217	0.532145	0.718512	0.879745	0.986644	1.00303	0.931088	0.803714	0.631744	0.404778	0.128603	-0.160873	-0.424056	-0.613273	-0.709291	-0.717577	-0.668014	-0.587252	-0.488501	-0.37626	-0.259724	-0.149626	-0.0523235	0.0302651	0.116447	0.228593	0.357295	0.471257	0.555628	0.610646	0.641311	0.663505	0.69201	0.70597	0.679203	0.608481	0.509841	0.407206	0.308872	0.228637	0.17881	0.159747	0.149475	0.13613	0.112276	0.0897374	0.0679291	0.0461411	0.0242873	0.00618875	-0.00395895	-0.00585328	-0.000886515	0.0215401	0.0656892	0.109829	0.128536	0.114369	0.0609069	-0.0323969	-0.151339	-0.270027	-0.369728	-0.458269	-0.511992	-0.507057	-0.44219	-0.325397	-0.156311	0.0540322	0.271437	0.473059	0.636438	0.755143	0.824745	0.847328	0.831015	0.779031	0.705002	0.617033	0.522281	0.423732	0.326099	0.240338	0.164608	0.0998428	0.0575214	0.03081	0	
0	0.0177722	0.0393394	0.06571	0.0888503	0.0968232	0.0872458	0.079783	0.101156	0.171876	0.301146	0.477244	0.66891	0.847634	0.999327	1.09358	1.09425	1.00699	0.863654	0.676195	0.432501	0.150046	-0.13821	-0.401099	-0.60089	-0.717473	-0.746063	-0.720828	-0.662668	-0.584883	-0.488725	-0.376357	-0.266293	-0.170847	-0.0872955	0.00363413	0.124267	0.253506	0.374271	0.479728	0.565598	0.62921	0.69201	0.759339	0.806016	0.802129	0.753006	0.672476	0.581056	0.484758	0.390057	0.309642	0.246606	0.187213	0.12208	0.0526719	-0.00948926	-0.0601817	-0.0958499	-0.11213	-0.113269	-0.105059	-0.0862759	-0.0608008	-0.018414	0.0445559	0.107971	0.142177	0.134876	0.0834228	-0.0117806	-0.139064	-0.271401	-0.392207	-0.499257	-0.566817	-0.571571	-0.51364	-0.402564	-0.228477	-0.012091	0.21769	0.439266	0.628431	0.782183	0.880888	0.931283	0.942526	0.914313	0.861193	0.782514	0.688035	0.587018	0.48603	0.393488	0.301841	0.211843	0.137721	0.0734062	0	
