0	0	0	0	0	0	0	0	0	0	0	0	0	0	0	0	0	0	0	0	0	0	0	0	0	0	0	0	0	0	0	0	0	0	0	0	0	0	0	0	0	0	0	0	0	0	0	0	0	0	0	0	0	0	0	0	0	0	0	0	0	0	0	0	0	0	0	0	0	0	0	0	0	0	0	0	0	0	0	0	0	0	0	0	0	0	0	0	0	0	0	0	0	0	0	0	0	0	0	0	
0	0.163281	0.275889	0.313076	0.285036	0.222054	0.14848	0.0696292	-0.0198123	-0.121734	-0.230429	-0.336214	-0.429862	-0.505695	-0.562382	-0.601924	-0.627631	-0.641714	-0.645313	-0.640087	-0.627904	-0.610361	-0.589289	-0.56654	-0.543667	-0.522167	-0.503266	-0.487914	-0.47689	-0.470669	-0.469542	-0.473577	-0.482596	-0.496233	-0.513842	-0.534526	-0.557149	-0.580257	-0.602236	-0.621383	-0.635782	-0.643836	-0.643929	-0.634253	-0.613543	-0.579998	-0.530546	-0.462461	-0.375584	-0.273833	-0.165132	-0.0592126	0.0364056	0.121429	0.203235	0.286383	0.359646	0.398699	0.385488	0.324077	0.237751	0.153232	0.0874312	0.0445023	0.0203509	0.0084155	0.00316521	0.00108847	0.000343847	0.000100201	2.70391e-05	6.77986e-06	1.58458e-06	3.4619e-07	7.08848e-08	1.36356e-08	2.46967e-09	4.22021e-10	6.81684e-11	1.04269e-11	1.51272e-12	2.08481e-13	2.73337e-14	3.41386e-15	4.06685e-16	4.62652e-17	5.03184e-18	5.23767e-19	5.22311e-20	4.99477e-21	4.58451e-22	4.04239e-23	3.42696e-24	2.79542e-25	2.19573e-26	1.66194e-27	1.21299e-28	8.54235e-30	5.78441e-31	0	
0	0.275889	0.474419	0.558264	0.537582	0.444165	0.303568	0.13048	-0.0622022	-0.261139	-0.455873	-0.638609	-0.802984	-0.944166	-1.05883	-1.14559	-1.20433	-1.23569	-1.24264	-1.22988	-1.20185	-1.16298	-1.11785	-1.07025	-1.02344	-0.980271	-0.94282	-0.912813	-0.891456	-0.879499	-0.877439	-0.885268	-0.902823	-0.929374	-0.964028	-1.00519	-1.05098	-1.09882	-1.14548	-1.18738	-1.22028	-1.23951	-1.24089	-1.21973	-1.17222	-1.09681	-0.99324	-0.862365	-0.706777	-0.530716	-0.339833	-0.140761	0.0583446	0.24728	0.417492	0.564076	0.677232	0.735016	0.71525	0.617796	0.471458	0.318071	0.190446	0.10175	0.0487968	0.0211294	0.0083069	0.00298044	0.000980519	0.00029705	8.31949e-05	2.16171e-05	5.22802e-06	1.18033e-06	2.49441e-07	4.94673e-08	9.22673e-09	1.62211e-09	2.69319e-10	4.23061e-11	6.29836e-12	8.90082e-13	1.1958e-13	1.52937e-14	1.86453e-15	2.16949e-16	2.41205e-17	2.56527e-18	2.61245e-19	2.55012e-20	2.38822e-21	2.14773e-22	1.85627e-23	1.54315e-24	1.23486e-25	9.51883e-27	7.07318e-28	5.06983e-29	3.49257e-30	0	
0	0.313076	0.558264	0.696481	0.717242	0.623662	0.43165	0.175426	-0.105273	-0.384376	-0.650039	-0.89561	-1.11613	-1.30661	-1.46216	-1.57955	-1.65704	-1.69663	-1.7042	-1.68548	-1.64604	-1.59259	-1.5311	-1.46645	-1.40334	-1.34535	-1.29525	-1.25534	-1.22699	-1.21125	-1.20864	-1.21913	-1.24255	-1.27791	-1.32411	-1.3792	-1.44063	-1.50522	-1.56878	-1.62617	-1.67214	-1.69992	-1.7034	-1.67723	-1.61525	-1.51385	-1.37327	-1.19617	-0.986945	-0.75052	-0.491552	-0.214981	0.0725461	0.3559	0.607288	0.799996	0.924054	0.97885	0.958314	0.857382	0.691057	0.497295	0.318626	0.182063	0.0931496	0.0428903	0.0178679	0.00676995	0.00234439	0.000745385	0.000218496	5.92751e-05	1.49339e-05	3.50527e-06	7.68736e-07	1.57941e-07	3.04744e-08	5.53447e-09	9.48033e-10	1.53467e-10	2.35196e-11	3.41817e-12	4.71829e-13	6.19493e-14	7.7472e-15	9.23991e-16	1.05228e-16	1.14561e-17	1.19356e-18	1.19126e-19	1.14009e-20	1.04723e-21	9.24056e-23	7.83909e-24	6.39866e-25	5.02918e-26	3.80894e-27	2.78164e-28	1.95143e-29	0	
0	0.285036	0.537582	0.717242	0.77854	0.695716	0.487151	0.200445	-0.12442	-0.462862	-0.792792	-1.09552	-1.3593	-1.57684	-1.74603	-1.86757	-1.94394	-1.98144	-1.98588	-1.96179	-1.9162	-1.85649	-1.78817	-1.71698	-1.64807	-1.58482	-1.53065	-1.48758	-1.45709	-1.44032	-1.43749	-1.44897	-1.47409	-1.51243	-1.56225	-1.62213	-1.68902	-1.75961	-1.82982	-1.89387	-1.94595	-1.97982	-1.9874	-1.96366	-1.90339	-1.80034	-1.65048	-1.45216	-1.20611	-0.917272	-0.594697	-0.252859	0.0907032	0.420976	0.716675	0.944278	1.08092	1.13276	1.11583	1.03262	0.881805	0.681695	0.471544	0.290731	0.159977	0.078878	0.0350274	0.014085	0.00515573	0.00172643	0.000531258	0.000150857	3.96802e-05	9.70114e-06	2.21145e-06	4.71392e-07	9.42057e-08	1.76934e-08	3.13001e-09	5.22608e-10	8.25135e-11	1.23413e-11	1.75145e-12	2.36211e-13	3.03176e-14	3.70823e-15	4.32776e-16	4.82507e-17	5.14489e-18	5.2522e-19	5.1385e-20	4.82252e-21	4.34559e-22	3.76299e-23	3.13388e-24	2.51209e-25	1.93961e-26	1.44351e-27	1.03147e-28	0	
0	0.222054	0.444165	0.623662	0.695716	0.63154	0.451076	0.182834	-0.151171	-0.516689	-0.875156	-1.20238	-1.48325	-1.71008	-1.88255	-2.00153	-2.0723	-2.10177	-2.09501	-2.06024	-2.0072	-1.94239	-1.87156	-1.80112	-1.73454	-1.67499	-1.62508	-1.58567	-1.55823	-1.54313	-1.54047	-1.55088	-1.5733	-1.6083	-1.65409	-1.71004	-1.77405	-1.84316	-1.91394	-1.98221	-2.04065	-2.08403	-2.10331	-2.08905	-2.03549	-1.93631	-1.78564	-1.58062	-1.32055	-1.00947	-0.658119	-0.283098	0.0879228	0.427539	0.725265	0.969541	1.13435	1.20756	1.20638	1.14861	1.03208	0.854603	0.638638	0.425965	0.252897	0.13395	0.0635898	0.0272065	0.0105496	0.00372742	0.00120601	0.000358955	9.86891e-05	2.51575e-05	5.96644e-06	1.32055e-06	2.73536e-07	5.31637e-08	9.71824e-09	1.67448e-09	2.725e-10	4.19624e-11	6.12508e-12	8.48835e-13	1.11853e-13	1.40346e-14	1.67901e-15	1.91755e-16	2.0931e-17	2.18605e-18	2.18681e-19	2.09736e-20	1.93042e-21	1.7066e-22	1.45037e-23	1.1859e-24	9.33612e-26	7.0818e-27	5.1549e-28	0	
0	0.14848	0.303568	0.43165	0.487151	0.451076	0.316625	0.0798949	-0.231215	-0.567495	-0.899368	-1.2089	-1.47742	-1.69664	-1.86099	-1.96928	-2.02834	-2.04426	-2.02686	-1.98799	-1.93569	-1.8754	-1.81419	-1.75616	-1.70298	-1.65757	-1.61989	-1.59088	-1.57097	-1.5598	-1.55806	-1.56515	-1.58169	-1.60682	-1.6414	-1.68374	-1.73413	-1.7908	-1.85052	-1.91148	-1.9679	-2.01284	-2.04064	-2.03937	-1.99868	-1.91067	-1.76891	-1.57113	-1.32088	-1.02386	-0.692813	-0.340819	0.0191219	0.357072	0.648039	0.89358	1.08842	1.2076	1.24425	1.21787	1.13933	1.00058	0.803466	0.578762	0.37087	0.211284	0.107392	0.0489627	0.0201412	0.00751853	0.00256069	0.000799666	0.000230008	6.11829e-05	1.51067e-05	3.47384e-06	7.46228e-07	1.5016e-07	2.83764e-08	5.04763e-09	8.46979e-10	1.34329e-10	2.0173e-11	2.87352e-12	3.88852e-13	5.00638e-14	6.1409e-15	7.18573e-16	8.031e-17	8.58275e-18	8.78032e-19	8.60729e-20	8.0931e-21	7.30558e-22	6.33672e-23	5.28572e-24	4.24342e-25	3.28109e-26	2.43322e-27	0	
0	0.0696292	0.13048	0.175426	0.200445	0.182834	0.0798949	-0.115245	-0.361324	-0.629585	-0.906303	-1.16278	-1.38174	-1.55717	-1.68167	-1.7609	-1.80082	-1.80905	-1.79657	-1.77023	-1.73548	-1.69816	-1.66345	-1.63122	-1.60355	-1.58058	-1.56162	-1.54792	-1.53813	-1.53285	-1.53232	-1.5351	-1.54368	-1.55498	-1.57233	-1.59337	-1.61931	-1.65001	-1.68474	-1.72017	-1.75675	-1.78657	-1.80578	-1.80719	-1.78123	-1.71856	-1.61248	-1.45689	-1.25311	-1.0063	-0.723518	-0.423988	-0.113972	0.203783	0.499317	0.752559	0.969714	1.13878	1.23204	1.24892	1.20816	1.11175	0.950223	0.735442	0.507648	0.310981	0.169329	0.0823357	0.0359627	0.0141956	0.00509337	0.00167006	0.000502864	0.00013966	3.59187e-05	8.58537e-06	1.91336e-06	3.98767e-07	7.7928e-08	1.4315e-08	2.47736e-09	4.04759e-10	6.25526e-11	9.16031e-12	1.27324e-12	1.68234e-13	2.11616e-14	2.53747e-15	2.90415e-16	3.17629e-17	3.32348e-18	3.3304e-19	3.19937e-20	2.94924e-21	2.61111e-22	2.22217e-23	1.81938e-24	1.43412e-25	1.0836e-26	0	
0	-0.0198123	-0.0622022	-0.105273	-0.12442	-0.151171	-0.231215	-0.361324	-0.527852	-0.727881	-0.92675	-1.09464	-1.23255	-1.33247	-1.39718	-1.43588	-1.45132	-1.45463	-1.44977	-1.44289	-1.43735	-1.43633	-1.43796	-1.44112	-1.44564	-1.4496	-1.45377	-1.45695	-1.459	-1.46059	-1.46059	-1.46003	-1.45804	-1.4556	-1.45133	-1.44748	-1.44286	-1.4382	-1.43716	-1.43716	-1.4405	-1.44686	-1.45263	-1.45385	-1.44411	-1.41598	-1.3616	-1.27577	-1.14959	-0.986044	-0.779652	-0.534357	-0.274191	0.00315431	0.29549	0.568674	0.808459	1.01686	1.16967	1.24241	1.24371	1.1879	1.06875	0.881894	0.653015	0.429383	0.250323	0.129823	0.0602283	0.0251496	0.00951028	0.00327543	0.00103282	0.000299586	8.02801e-05	1.99505e-05	4.6139e-06	9.96135e-07	2.01346e-07	3.82013e-08	6.81958e-09	1.14798e-09	1.82594e-10	2.7493e-11	3.92552e-12	5.32365e-13	6.86771e-14	8.43944e-15	9.89204e-16	1.1073e-16	1.1851e-17	1.21405e-18	1.19166e-19	1.12184e-20	1.01385e-21	8.80365e-23	7.35129e-24	5.90757e-25	4.54807e-26	0	
0	-0.121734	-0.261139	-0.384376	-0.462862	-0.516689	-0.567495	-0.629585	-0.727881	-0.845034	-0.940807	-1.01783	-1.07003	-1.08845	-1.09018	-1.07713	-1.06307	-1.056	-1.05918	-1.07743	-1.1049	-1.13984	-1.1752	-1.21024	-1.24106	-1.26822	-1.29016	-1.3058	-1.3176	-1.32313	-1.32394	-1.32084	-1.31047	-1.29805	-1.27719	-1.25319	-1.22347	-1.18976	-1.15265	-1.1191	-1.0876	-1.06573	-1.05489	-1.05913	-1.0707	-1.08625	-1.09057	-1.07806	-1.03542	-0.953396	-0.836628	-0.664784	-0.445167	-0.202438	0.0696037	0.356069	0.622105	0.860988	1.06328	1.1964	1.24765	1.23234	1.15563	1.00737	0.795401	0.559545	0.348691	0.192735	0.0949426	0.0419352	0.0167127	0.00604621	0.00199664	0.00060491	0.000168901	4.36416e-05	1.04738e-05	2.34257e-06	4.89753e-07	9.59747e-08	1.76735e-08	3.0653e-09	5.01799e-10	7.76859e-11	1.13945e-11	1.58605e-12	2.0984e-13	2.64267e-14	3.17228e-15	3.63438e-16	3.97871e-17	4.16676e-18	4.17891e-19	4.01767e-20	3.70637e-21	3.28381e-22	2.79663e-23	2.29121e-24	1.79729e-25	0	
0	-0.230429	-0.455873	-0.650039	-0.792792	-0.875156	-0.899368	-0.906303	-0.92675	-0.940807	-0.947946	-0.946741	-0.910852	-0.858856	-0.801699	-0.74811	-0.719741	-0.711756	-0.732662	-0.768824	-0.816663	-0.867581	-0.91783	-0.962653	-1.00339	-1.03636	-1.06198	-1.08152	-1.09481	-1.1011	-1.10289	-1.0978	-1.08738	-1.0703	-1.04746	-1.01694	-0.979549	-0.93787	-0.887359	-0.836507	-0.786825	-0.746403	-0.717234	-0.712894	-0.733583	-0.777495	-0.835682	-0.8862	-0.923671	-0.917242	-0.866323	-0.771742	-0.609364	-0.396743	-0.149333	0.133314	0.420125	0.685272	0.924369	1.11246	1.21943	1.24802	1.21209	1.10615	0.924647	0.692728	0.460211	0.270687	0.141449	0.0660432	0.0277271	0.0105329	0.00364161	0.00115203	0.000335088	9.00038e-05	2.24114e-05	5.19179e-06	1.12251e-06	2.27168e-07	4.31456e-08	7.7091e-09	1.29871e-09	2.06705e-10	3.11411e-11	4.44859e-12	6.03562e-13	7.78913e-14	9.57496e-15	1.12264e-15	1.25702e-16	1.34569e-17	1.37889e-18	1.35378e-19	1.27476e-20	1.15232e-21	1.00084e-22	8.35902e-24	6.68066e-25	0	
0	-0.336214	-0.638609	-0.89561	-1.09552	-1.20238	-1.2089	-1.16278	-1.09464	-1.01783	-0.946741	-0.856823	-0.752822	-0.657687	-0.566817	-0.509198	-0.481926	-0.485464	-0.514632	-0.55259	-0.60028	-0.643121	-0.684552	-0.719549	-0.751719	-0.7745	-0.795041	-0.81091	-0.819249	-0.8268	-0.826547	-0.822848	-0.815744	-0.80057	-0.78475	-0.760561	-0.732697	-0.698718	-0.661716	-0.616978	-0.571461	-0.528334	-0.496471	-0.478569	-0.494812	-0.537596	-0.617087	-0.706415	-0.793687	-0.862675	-0.874791	-0.836597	-0.736969	-0.566931	-0.347695	-0.0825244	0.211797	0.498536	0.764916	0.997035	1.15949	1.23652	1.24109	1.17702	1.03378	0.820269	0.578867	0.361468	0.200056	0.0986247	0.0435787	0.0173697	0.00628328	0.00207439	0.000628218	0.000175323	4.52757e-05	1.08593e-05	2.42719e-06	5.07098e-07	9.9304e-08	1.82736e-08	3.16714e-09	5.18107e-10	8.01551e-11	1.17487e-11	1.63428e-12	2.16084e-13	2.71964e-14	3.26278e-15	3.73599e-16	4.08781e-17	4.27893e-18	4.28945e-19	4.1222e-20	3.80132e-21	3.36675e-22	2.86626e-23	2.33368e-24	0	
0	-0.429862	-0.802984	-1.11613	-1.3593	-1.48325	-1.47742	-1.38174	-1.23255	-1.07003	-0.910852	-0.752822	-0.616684	-0.496019	-0.406669	-0.363402	-0.348827	-0.36839	-0.392556	-0.424174	-0.447577	-0.469712	-0.487356	-0.506413	-0.518294	-0.533418	-0.544823	-0.55458	-0.560439	-0.565856	-0.564956	-0.563161	-0.557462	-0.54867	-0.538062	-0.52511	-0.511816	-0.493572	-0.478183	-0.456314	-0.434788	-0.404229	-0.378835	-0.354024	-0.353072	-0.383432	-0.44981	-0.554685	-0.662434	-0.770001	-0.845202	-0.863268	-0.820327	-0.7006	-0.516572	-0.279001	0.00719231	0.307237	0.594367	0.859137	1.07107	1.19904	1.24556	1.22163	1.11945	0.935103	0.697993	0.461357	0.269859	0.140238	0.0651307	0.0272073	0.0102871	0.0035411	0.00111567	0.000323274	8.65206e-05	2.1472e-05	4.95853e-06	1.06891e-06	2.15719e-07	4.08634e-08	7.28324e-09	1.2241e-09	1.94399e-10	2.92261e-11	4.1668e-12	5.64278e-13	7.26935e-14	8.92119e-15	1.04435e-15	1.16764e-16	1.24827e-17	1.2774e-18	1.2526e-19	1.17813e-20	1.06383e-21	9.23027e-23	7.65466e-24	0	
0	-0.505695	-0.944166	-1.30661	-1.57684	-1.71008	-1.69664	-1.55717	-1.33247	-1.08845	-0.858856	-0.657687	-0.496019	-0.376597	-0.316671	-0.296567	-0.30622	-0.322638	-0.330066	-0.333277	-0.329062	-0.332765	-0.333336	-0.339734	-0.344544	-0.355568	-0.361637	-0.36802	-0.375469	-0.375436	-0.378511	-0.375395	-0.37055	-0.366311	-0.356082	-0.349924	-0.341539	-0.335948	-0.332129	-0.331129	-0.330848	-0.332444	-0.325947	-0.314755	-0.296286	-0.302958	-0.338197	-0.422952	-0.540406	-0.665459	-0.777607	-0.845979	-0.85899	-0.794815	-0.652138	-0.447996	-0.18345	0.117999	0.41961	0.707637	0.959886	1.1376	1.22799	1.24286	1.18128	1.03258	0.811395	0.565734	0.348821	0.190691	0.0929254	0.0406228	0.0160329	0.00574755	0.00188185	0.000565578	0.000156735	4.0213e-05	9.58701e-06	2.13084e-06	4.42867e-07	8.63044e-08	1.58093e-08	2.72838e-09	4.44549e-10	6.85173e-11	1.00075e-11	1.38747e-12	1.82878e-13	2.29495e-14	2.74564e-15	3.13565e-16	3.4225e-17	3.57421e-18	3.57517e-19	3.42871e-20	3.15569e-21	2.78972e-22	2.35586e-23	0	
0	-0.562382	-1.05883	-1.46216	-1.74603	-1.88255	-1.86099	-1.68167	-1.39718	-1.09018	-0.801699	-0.566817	-0.406669	-0.316671	-0.286757	-0.287458	-0.295127	-0.28635	-0.271103	-0.253645	-0.247599	-0.242738	-0.244297	-0.247411	-0.256017	-0.259719	-0.267651	-0.2712	-0.2765	-0.276776	-0.278414	-0.27678	-0.272963	-0.26994	-0.263027	-0.257518	-0.250222	-0.246	-0.241401	-0.246619	-0.249376	-0.263576	-0.279648	-0.293996	-0.290268	-0.280795	-0.288166	-0.33334	-0.425971	-0.552636	-0.689826	-0.796185	-0.855443	-0.847493	-0.753437	-0.5869	-0.352523	-0.0619413	0.24647	0.550063	0.832713	1.05555	1.19068	1.24387	1.22095	1.11053	0.914174	0.669808	0.434058	0.249018	0.127067	0.058026	0.0238672	0.00889732	0.00302329	0.000941284	0.000269785	7.14828e-05	1.75761e-05	4.02409e-06	8.60573e-07	1.72388e-07	3.24299e-08	5.74281e-09	9.59369e-10	1.51494e-10	2.26547e-11	3.21376e-12	4.33168e-13	5.55561e-14	6.78956e-15	7.91686e-16	8.81852e-17	9.39442e-18	9.5818e-19	9.36639e-20	8.78348e-21	7.90879e-22	6.79882e-23	0	
0	-0.601924	-1.14559	-1.57955	-1.86757	-2.00153	-1.96928	-1.7609	-1.43588	-1.07713	-0.74811	-0.509198	-0.363402	-0.296567	-0.287458	-0.285942	-0.272602	-0.244472	-0.221304	-0.210742	-0.20847	-0.207383	-0.211181	-0.214112	-0.216869	-0.218688	-0.221099	-0.221792	-0.222108	-0.223132	-0.222389	-0.222357	-0.222079	-0.220156	-0.220165	-0.21692	-0.21593	-0.212455	-0.208171	-0.207715	-0.210164	-0.215054	-0.233229	-0.261404	-0.281325	-0.28168	-0.272705	-0.286817	-0.347454	-0.449045	-0.587191	-0.722565	-0.820708	-0.862346	-0.819764	-0.695256	-0.496389	-0.22664	0.0802821	0.392714	0.696386	0.957278	1.13616	1.22762	1.24113	1.16887	1.00311	0.769264	0.522257	0.31359	0.16717	0.0795817	0.0340503	0.0131772	0.00463957	0.00149423	0.000442328	0.000120881	3.06172e-05	7.21279e-06	1.5855e-06	3.26151e-07	6.29523e-08	1.14288e-08	1.95591e-09	3.16191e-10	4.83755e-11	7.0168e-12	9.66492e-13	1.26609e-13	1.57962e-14	1.87951e-15	2.1354e-16	2.31936e-17	2.41096e-18	2.40105e-19	2.29314e-20	2.10215e-21	1.83883e-22	0	
0	-0.627631	-1.20433	-1.65704	-1.94394	-2.0723	-2.02834	-1.80082	-1.45132	-1.06307	-0.719741	-0.481926	-0.348827	-0.30622	-0.295127	-0.272602	-0.239018	-0.204548	-0.198135	-0.199412	-0.202813	-0.198372	-0.198109	-0.193677	-0.190975	-0.186533	-0.184703	-0.181607	-0.181246	-0.180282	-0.180076	-0.181457	-0.181588	-0.183842	-0.186687	-0.188111	-0.192741	-0.197427	-0.19798	-0.201021	-0.202129	-0.19869	-0.198636	-0.222343	-0.258004	-0.279859	-0.279028	-0.268139	-0.294463	-0.369792	-0.491653	-0.635599	-0.762189	-0.846288	-0.85355	-0.773466	-0.613712	-0.372421	-0.0747898	0.240676	0.557242	0.847839	1.06734	1.19685	1.24486	1.209	1.07667	0.8607	0.610101	0.382323	0.212388	0.105164	0.0467098	0.0187295	0.00682091	0.00226859	0.000692534	0.000194918	5.07867e-05	1.22948e-05	2.77459e-06	5.85443e-07	1.15814e-07	2.15334e-08	3.77161e-09	6.23617e-10	9.75279e-11	1.44523e-11	2.03268e-12	2.71769e-13	3.45904e-14	4.19689e-15	4.86037e-16	5.37898e-17	5.69519e-18	5.77506e-19	5.61412e-20	5.23691e-21	4.65892e-22	0	
0	-0.641714	-1.23569	-1.69663	-1.98144	-2.10177	-2.04426	-1.80905	-1.45463	-1.056	-0.711756	-0.485464	-0.36839	-0.322638	-0.28635	-0.244472	-0.204548	-0.195302	-0.206417	-0.205654	-0.193287	-0.180553	-0.178553	-0.168627	-0.16358	-0.161403	-0.158779	-0.158407	-0.156581	-0.158031	-0.155833	-0.157256	-0.158132	-0.156575	-0.161924	-0.162577	-0.165082	-0.174983	-0.179792	-0.185833	-0.201852	-0.208081	-0.19899	-0.194637	-0.222605	-0.258461	-0.278157	-0.272563	-0.272414	-0.311787	-0.408691	-0.54912	-0.691143	-0.807297	-0.859506	-0.823423	-0.704243	-0.497121	-0.216033	0.0975073	0.420618	0.732505	0.987619	1.15414	1.23512	1.23317	1.13477	0.941828	0.69463	0.452926	0.261501	0.134352	0.061808	0.0256258	0.0096341	0.00330301	0.00103802	0.000300407	8.03959e-05	1.99714e-05	4.62069e-06	9.98764e-07	2.02251e-07	3.84675e-08	6.88797e-09	1.16362e-09	1.85832e-10	2.81065e-11	4.03284e-12	5.49822e-13	7.13314e-14	8.81831e-15	1.04016e-15	1.17206e-16	1.26309e-17	1.30324e-18	1.28873e-19	1.22248e-20	1.10541e-21	0	
0	-0.645313	-1.24264	-1.7042	-1.98588	-2.09501	-2.02686	-1.79657	-1.44977	-1.05918	-0.732662	-0.514632	-0.392556	-0.330066	-0.271103	-0.221304	-0.198135	-0.206417	-0.205187	-0.184144	-0.165327	-0.167316	-0.162205	-0.155907	-0.156044	-0.159559	-0.152452	-0.158075	-0.15393	-0.154839	-0.156526	-0.152488	-0.158222	-0.153487	-0.155706	-0.158659	-0.155172	-0.159191	-0.16749	-0.164373	-0.174288	-0.198587	-0.208208	-0.197781	-0.201876	-0.233035	-0.266511	-0.270758	-0.265606	-0.281146	-0.345359	-0.469175	-0.61557	-0.753561	-0.844295	-0.849591	-0.76942	-0.599362	-0.341451	-0.0346184	0.290411	0.616188	0.900752	1.10212	1.21466	1.24396	1.17839	1.01148	0.773478	0.523146	0.313045	0.166457	0.0791299	0.0338475	0.0131092	0.00462389	0.00149317	0.000443551	0.000121723	3.09787e-05	7.33717e-06	1.6223e-06	3.35827e-07	6.52543e-08	1.19302e-08	2.05676e-09	3.35037e-10	5.16636e-11	7.55458e-12	1.04923e-12	1.38616e-13	1.74441e-14	2.09387e-15	2.40023e-16	2.63063e-17	2.75961e-18	2.77373e-19	2.6737e-20	2.45559e-21	0	
0	-0.640087	-1.22988	-1.68548	-1.96179	-2.06024	-1.98799	-1.77023	-1.44289	-1.07743	-0.768824	-0.55259	-0.424174	-0.333277	-0.253645	-0.210742	-0.199412	-0.205654	-0.184144	-0.163047	-0.162132	-0.169978	-0.159124	-0.158936	-0.160951	-0.155707	-0.151775	-0.15485	-0.14946	-0.149963	-0.152415	-0.148106	-0.154103	-0.153422	-0.153956	-0.159561	-0.160085	-0.156697	-0.167569	-0.166421	-0.160124	-0.173225	-0.199838	-0.199511	-0.196224	-0.210016	-0.248968	-0.270901	-0.265217	-0.26484	-0.300943	-0.402429	-0.543497	-0.691665	-0.812801	-0.85705	-0.813278	-0.679614	-0.44947	-0.154152	0.169168	0.502934	0.81054	1.04351	1.18601	1.24403	1.20917	1.06943	0.844983	0.590959	0.365458	0.200591	0.0982914	0.0432763	0.0172292	0.00623921	0.00206624	0.000628834	0.000176642	4.59796e-05	1.11299e-05	2.51345e-06	5.31088e-07	1.05277e-07	1.96256e-08	3.44831e-09	5.72232e-10	8.98557e-11	1.33748e-11	1.89021e-12	2.54023e-13	3.25082e-14	3.96687e-15	4.6215e-16	5.14645e-17	5.48407e-18	5.59789e-19	5.47868e-20	5.10659e-21	0	
0	-0.627904	-1.20185	-1.64604	-1.9162	-2.0072	-1.93569	-1.73548	-1.43735	-1.1049	-0.816663	-0.60028	-0.447577	-0.329062	-0.247599	-0.20847	-0.202813	-0.193287	-0.165327	-0.162132	-0.171855	-0.170092	-0.151354	-0.156294	-0.150644	-0.141287	-0.144554	-0.139913	-0.138063	-0.138596	-0.13782	-0.138201	-0.138041	-0.142884	-0.141875	-0.14507	-0.158182	-0.149243	-0.163208	-0.17218	-0.16756	-0.15853	-0.182297	-0.196331	-0.195064	-0.199699	-0.227899	-0.25978	-0.264948	-0.26188	-0.274765	-0.348619	-0.479014	-0.629569	-0.770522	-0.849052	-0.839806	-0.740437	-0.539861	-0.259975	0.058583	0.395809	0.720479	0.981039	1.15156	1.23587	1.2291	1.11623	0.908178	0.6547	0.417206	0.235736	0.118766	0.053695	0.0219244	0.00813368	0.00275675	0.000857865	0.000246202	6.54279e-05	1.61587e-05	3.72086e-06	8.01241e-07	1.61786e-07	3.07075e-08	5.49114e-09	9.27035e-10	1.48041e-10	2.24023e-11	3.21771e-12	4.39355e-13	5.71112e-14	7.07704e-15	8.37055e-16	9.46119e-17	1.02309e-17	1.05953e-18	1.05186e-19	9.94101e-21	0	
0	-0.610361	-1.16298	-1.59259	-1.85649	-1.94239	-1.8754	-1.69816	-1.43633	-1.13984	-0.867581	-0.643121	-0.469712	-0.332765	-0.242738	-0.207383	-0.198372	-0.180553	-0.167316	-0.169978	-0.170092	-0.146139	-0.142769	-0.147445	-0.140456	-0.134321	-0.145755	-0.131937	-0.140602	-0.13861	-0.133521	-0.144447	-0.131424	-0.143144	-0.139268	-0.135426	-0.146269	-0.145561	-0.142673	-0.16029	-0.173107	-0.166327	-0.172665	-0.188001	-0.190193	-0.191885	-0.212614	-0.250884	-0.262088	-0.258404	-0.261009	-0.310165	-0.423562	-0.571361	-0.724232	-0.830006	-0.852018	-0.784539	-0.613635	-0.351761	-0.0403255	0.297027	0.633572	0.917387	1.11353	1.22178	1.24027	1.15291	0.962713	0.713117	0.466893	0.270827	0.139923	0.064799	0.0270724	0.0102663	0.00355351	0.0011284	0.000330219	8.94253e-05	2.24925e-05	5.27206e-06	1.15505e-06	2.37185e-07	4.57649e-08	8.31634e-09	1.42627e-09	2.31307e-10	3.55366e-11	5.18072e-12	7.17808e-13	9.46589e-14	1.18971e-14	1.42693e-15	1.63519e-16	1.79236e-17	1.88122e-18	1.89244e-19	1.81163e-20	0	
0	-0.589289	-1.11785	-1.5311	-1.78817	-1.87156	-1.81419	-1.66345	-1.43796	-1.1752	-0.91783	-0.684552	-0.487356	-0.333336	-0.244297	-0.211181	-0.198109	-0.178553	-0.162205	-0.159124	-0.151354	-0.142769	-0.150389	-0.148147	-0.140143	-0.143926	-0.142246	-0.136385	-0.140304	-0.137678	-0.135238	-0.140807	-0.136448	-0.140134	-0.143009	-0.142808	-0.14277	-0.151457	-0.144612	-0.14717	-0.155825	-0.160358	-0.167773	-0.186695	-0.188768	-0.188753	-0.199186	-0.235548	-0.259087	-0.259097	-0.253947	-0.283793	-0.378627	-0.518503	-0.677541	-0.80482	-0.853848	-0.814719	-0.672176	-0.42975	-0.127145	0.208041	0.552251	0.855007	1.074	1.20385	1.24472	1.18079	1.00872	0.765373	0.51332	0.304822	0.161073	0.0762163	0.0325035	0.0125705	0.00443389	0.00143371	0.000426971	0.000117599	3.0068e-05	7.16096e-06	1.59343e-06	3.32202e-07	6.50548e-08	1.19943e-08	2.08648e-09	3.43128e-10	5.3443e-11	7.89682e-12	1.10873e-12	1.48131e-13	1.88588e-14	2.29078e-15	2.65818e-16	2.94992e-17	3.1342e-18	3.19114e-19	3.09095e-20	0	
0	-0.56654	-1.07025	-1.46645	-1.71698	-1.80112	-1.75616	-1.63122	-1.44112	-1.21024	-0.962653	-0.719549	-0.506413	-0.339734	-0.247411	-0.214112	-0.193677	-0.168627	-0.155907	-0.158936	-0.156294	-0.147445	-0.148147	-0.141785	-0.136736	-0.137189	-0.132665	-0.130583	-0.131955	-0.12892	-0.130139	-0.130667	-0.130709	-0.132617	-0.134288	-0.138035	-0.138162	-0.14771	-0.146023	-0.153585	-0.158116	-0.156746	-0.158106	-0.178004	-0.187298	-0.185175	-0.190957	-0.225491	-0.253326	-0.25795	-0.250244	-0.265971	-0.344801	-0.474177	-0.633035	-0.776062	-0.84859	-0.834262	-0.717459	-0.494553	-0.201826	0.129703	0.47836	0.796058	1.0349	1.18391	1.24431	1.2013	1.04669	0.810995	0.555523	0.336756	0.181512	0.0875317	0.0380116	0.0149577	0.00536436	0.00176255	0.000533064	0.000149028	3.866e-05	9.33787e-06	2.10657e-06	4.4511e-07	8.83162e-08	1.64936e-08	2.90556e-09	4.83781e-10	7.62729e-11	1.14061e-11	1.62045e-12	2.19033e-13	2.82073e-14	3.46541e-15	4.06647e-16	4.56298e-17	4.90136e-18	5.0447e-19	4.93805e-20	0	
0	-0.543667	-1.02344	-1.40334	-1.64807	-1.73454	-1.70298	-1.60355	-1.44564	-1.24106	-1.00339	-0.751719	-0.518294	-0.344544	-0.256017	-0.216869	-0.190975	-0.16358	-0.156044	-0.160951	-0.150644	-0.140456	-0.140143	-0.136736	-0.130954	-0.133331	-0.12988	-0.129975	-0.129762	-0.129027	-0.129195	-0.129287	-0.129943	-0.129541	-0.131943	-0.132146	-0.133152	-0.140173	-0.139134	-0.145744	-0.157535	-0.158372	-0.154153	-0.172397	-0.184296	-0.186692	-0.184429	-0.212142	-0.246516	-0.258604	-0.251039	-0.253836	-0.317294	-0.437839	-0.594414	-0.747264	-0.838636	-0.84567	-0.751645	-0.547221	-0.264628	0.0624466	0.413229	0.742351	0.997936	1.16359	1.24074	1.21588	1.0773	0.849807	0.592768	0.365777	0.200558	0.0983137	0.0433672	0.0173227	0.00630241	0.00209958	0.000643524	0.000182248	4.78738e-05	1.17052e-05	2.67222e-06	5.71229e-07	1.14637e-07	2.16492e-08	3.85576e-09	6.48937e-10	1.03401e-10	1.5625e-11	2.24278e-12	3.06245e-13	3.98359e-14	4.94276e-15	5.85714e-16	6.63628e-17	7.19711e-18	7.47825e-19	7.38816e-20	0	
0	-0.522167	-0.980271	-1.34535	-1.58482	-1.67499	-1.65757	-1.58058	-1.4496	-1.26822	-1.03636	-0.7745	-0.533418	-0.355568	-0.259719	-0.218688	-0.186533	-0.161403	-0.159559	-0.155707	-0.141287	-0.134321	-0.143926	-0.137189	-0.133331	-0.137731	-0.132292	-0.131004	-0.132502	-0.12977	-0.130257	-0.131535	-0.131577	-0.132103	-0.135001	-0.137428	-0.131779	-0.144989	-0.136525	-0.13807	-0.148251	-0.160547	-0.154015	-0.167298	-0.180787	-0.183635	-0.18212	-0.205561	-0.239867	-0.255163	-0.25085	-0.248252	-0.298284	-0.408167	-0.561081	-0.720795	-0.826935	-0.851372	-0.776649	-0.588897	-0.316028	0.00638722	0.357764	0.695341	0.964609	1.1443	1.23544	1.22586	1.10135	0.881847	0.624532	0.391168	0.217588	0.10814	0.0483339	0.0195513	0.00719967	0.00242654	0.00075213	0.000215332	5.71645e-05	1.41211e-05	3.25619e-06	7.02912e-07	1.42423e-07	2.71509e-08	4.88054e-09	8.28914e-10	1.33266e-10	2.03166e-11	2.94172e-12	4.05156e-13	5.31522e-14	6.65072e-15	7.94694e-16	9.07858e-17	9.92653e-18	1.03981e-18	1.03541e-19	0	
0	-0.503266	-0.94282	-1.29525	-1.53065	-1.62508	-1.61989	-1.56162	-1.45377	-1.29016	-1.06198	-0.795041	-0.544823	-0.361637	-0.267651	-0.221099	-0.184703	-0.158779	-0.152452	-0.151775	-0.144554	-0.145755	-0.142246	-0.132665	-0.12988	-0.132292	-0.121846	-0.127838	-0.123675	-0.121729	-0.127051	-0.119243	-0.128495	-0.122944	-0.126562	-0.133047	-0.129608	-0.138989	-0.144371	-0.145217	-0.147554	-0.152368	-0.150081	-0.163015	-0.179466	-0.184178	-0.179548	-0.198434	-0.233703	-0.254006	-0.251866	-0.24373	-0.284146	-0.386116	-0.534496	-0.697809	-0.815153	-0.853468	-0.794372	-0.620755	-0.356573	-0.0385458	0.312537	0.656153	0.936157	1.12722	1.22964	1.23238	1.11961	0.907288	0.650467	0.41235	0.232055	0.116623	0.0526831	0.0215289	0.00800581	0.00272375	0.000851956	0.000246067	6.5884e-05	1.64109e-05	3.81506e-06	8.30119e-07	1.69511e-07	3.25625e-08	5.8974e-09	1.00905e-09	1.63412e-10	2.50919e-11	3.65902e-12	5.07492e-13	6.70408e-14	8.44631e-15	1.01613e-15	1.16867e-16	1.28639e-17	1.35644e-18	1.35946e-19	0	
0	-0.487914	-0.912813	-1.25534	-1.48758	-1.58567	-1.59088	-1.54792	-1.45695	-1.3058	-1.08152	-0.81091	-0.55458	-0.36802	-0.2712	-0.221792	-0.181607	-0.158407	-0.158075	-0.15485	-0.139913	-0.131937	-0.136385	-0.130583	-0.129975	-0.131004	-0.127838	-0.128018	-0.128187	-0.126356	-0.128176	-0.126838	-0.128981	-0.127842	-0.130292	-0.130989	-0.128338	-0.135948	-0.133264	-0.135477	-0.148142	-0.15856	-0.15183	-0.160209	-0.175901	-0.183434	-0.177203	-0.193553	-0.23041	-0.251755	-0.251642	-0.241961	-0.274849	-0.36976	-0.514339	-0.679703	-0.804906	-0.853512	-0.806339	-0.643896	-0.386835	-0.0725203	0.277887	0.625611	0.913572	1.11331	1.2243	1.23643	1.13279	0.926362	0.670357	0.428879	0.243507	0.123423	0.05621	0.0231495	0.00867292	0.00297197	0.000936062	0.00027218	7.33523e-05	1.83876e-05	4.30114e-06	9.41579e-07	1.93417e-07	3.73723e-08	6.80748e-09	1.17136e-09	1.90759e-10	2.94526e-11	4.31832e-12	6.02163e-13	7.99713e-14	1.01286e-14	1.2249e-15	1.41609e-16	1.56675e-17	1.66051e-18	1.67249e-19	0	
0	-0.47689	-0.891456	-1.22699	-1.45709	-1.55823	-1.57097	-1.53813	-1.459	-1.3176	-1.09481	-0.819249	-0.560439	-0.375469	-0.2765	-0.222108	-0.181246	-0.156581	-0.15393	-0.14946	-0.138063	-0.140602	-0.140304	-0.131955	-0.129762	-0.132502	-0.123675	-0.128187	-0.124693	-0.12308	-0.12692	-0.121137	-0.128366	-0.124415	-0.127191	-0.133552	-0.12882	-0.1378	-0.140368	-0.139131	-0.142305	-0.153494	-0.148738	-0.158203	-0.174622	-0.18263	-0.179355	-0.190977	-0.224845	-0.24999	-0.252866	-0.241217	-0.268693	-0.358783	-0.500587	-0.667037	-0.797301	-0.852758	-0.813756	-0.659214	-0.407317	-0.0957321	0.253997	0.604293	0.897596	1.10329	1.22017	1.23874	1.14147	0.939303	0.684082	0.440431	0.251597	0.128271	0.0587457	0.0243235	0.00915967	0.00315431	0.00099824	0.000291603	7.89401e-05	1.98749e-05	4.66893e-06	1.02637e-06	2.11699e-07	4.10695e-08	7.51058e-09	1.29739e-09	2.12096e-10	3.28716e-11	4.83772e-12	6.77097e-13	9.02541e-14	1.14726e-14	1.39245e-15	1.61557e-16	1.79382e-17	1.90789e-18	1.92827e-19	0	
0	-0.470669	-0.879499	-1.21125	-1.44032	-1.54313	-1.5598	-1.53285	-1.46059	-1.32313	-1.1011	-0.8268	-0.565856	-0.375436	-0.276776	-0.223132	-0.180282	-0.158031	-0.154839	-0.149963	-0.138596	-0.13861	-0.137678	-0.12892	-0.129027	-0.12977	-0.121729	-0.126356	-0.12308	-0.121612	-0.125842	-0.120185	-0.127342	-0.123002	-0.126655	-0.130294	-0.127206	-0.134978	-0.138925	-0.138048	-0.143958	-0.153588	-0.151083	-0.157576	-0.174402	-0.182259	-0.17601	-0.189305	-0.225204	-0.249487	-0.251856	-0.240193	-0.266055	-0.353428	-0.493076	-0.659891	-0.79294	-0.852092	-0.817517	-0.667369	-0.418389	-0.108345	0.240951	0.592563	0.88873	1.09767	1.21777	1.23985	1.14607	0.946299	0.691584	0.446796	0.256083	0.130976	0.0601674	0.024985	0.00943512	0.00325792	0.00103371	0.000302726	8.2152e-05	2.07329e-05	4.88182e-06	1.07561e-06	2.22351e-07	4.32308e-08	7.92289e-09	1.37152e-09	2.24686e-10	3.4895e-11	5.14603e-12	7.21709e-13	9.63939e-14	1.22775e-14	1.49308e-15	1.73572e-16	1.93097e-17	2.05772e-18	2.08363e-19	0	
0	-0.469542	-0.877439	-1.20864	-1.43749	-1.54047	-1.55806	-1.53232	-1.46059	-1.32394	-1.10289	-0.826547	-0.564956	-0.378511	-0.278414	-0.222389	-0.180076	-0.155833	-0.156526	-0.152415	-0.13782	-0.133521	-0.135238	-0.130139	-0.129195	-0.130257	-0.127051	-0.128176	-0.12692	-0.125842	-0.127391	-0.125246	-0.127939	-0.127017	-0.128026	-0.131069	-0.12833	-0.134122	-0.13346	-0.135475	-0.144823	-0.156626	-0.14903	-0.156719	-0.172792	-0.182461	-0.17818	-0.188841	-0.223567	-0.248852	-0.252701	-0.240988	-0.265244	-0.351855	-0.491846	-0.659014	-0.792268	-0.851836	-0.818054	-0.66875	-0.420277	-0.110457	0.238787	0.590611	0.887246	1.09672	1.21735	1.24002	1.14684	0.947463	0.692836	0.447861	0.256835	0.131429	0.0604062	0.0250962	0.00948148	0.00327538	0.0010397	0.000304603	8.26944e-05	2.08779e-05	4.91783e-06	1.08395e-06	2.24156e-07	4.35973e-08	7.99286e-09	1.38412e-09	2.26826e-10	3.52393e-11	5.19853e-12	7.29314e-13	9.74415e-14	1.24149e-14	1.51028e-15	1.75627e-16	1.95445e-17	2.08341e-18	2.11029e-19	0	
0	-0.473577	-0.885268	-1.21913	-1.44897	-1.55088	-1.56515	-1.5351	-1.46003	-1.32084	-1.0978	-0.822848	-0.563161	-0.375395	-0.27678	-0.222357	-0.181457	-0.157256	-0.152488	-0.148106	-0.138201	-0.144447	-0.140807	-0.130667	-0.129287	-0.131535	-0.119243	-0.126838	-0.121137	-0.120185	-0.125246	-0.117534	-0.127465	-0.121487	-0.125696	-0.132388	-0.127717	-0.137462	-0.14381	-0.141079	-0.141599	-0.151441	-0.14957	-0.158155	-0.175334	-0.182033	-0.178217	-0.19041	-0.224392	-0.250075	-0.252375	-0.240236	-0.267489	-0.356227	-0.496759	-0.663615	-0.795218	-0.852249	-0.815516	-0.663399	-0.413001	-0.102082	0.247504	0.598467	0.893187	1.10049	1.21899	1.23931	1.14379	0.942815	0.687835	0.443607	0.25383	0.129614	0.0594504	0.0246508	0.00929573	0.00320541	0.00101571	0.000297072	8.05172e-05	2.02957e-05	4.77319e-06	1.05046e-06	2.16904e-07	4.21243e-08	7.71159e-09	1.3335e-09	2.18222e-10	3.38551e-11	4.98744e-12	6.98742e-13	9.32303e-14	1.18625e-14	1.44115e-15	1.67367e-16	1.86008e-17	1.98023e-18	2.00323e-19	0	
0	-0.482596	-0.902823	-1.24255	-1.47409	-1.5733	-1.58169	-1.54368	-1.45804	-1.31047	-1.08738	-0.815744	-0.557462	-0.37055	-0.272963	-0.222079	-0.181588	-0.158132	-0.158222	-0.154103	-0.138041	-0.131424	-0.136448	-0.130709	-0.129943	-0.131577	-0.128495	-0.128981	-0.128366	-0.127342	-0.127939	-0.127465	-0.128824	-0.128062	-0.130435	-0.131357	-0.128709	-0.135844	-0.132591	-0.134281	-0.146453	-0.15845	-0.151425	-0.159713	-0.174804	-0.183128	-0.176987	-0.191575	-0.229081	-0.251199	-0.251654	-0.242016	-0.27226	-0.364127	-0.507905	-0.674518	-0.801676	-0.852832	-0.809542	-0.651093	-0.396416	-0.083147	0.267085	0.616003	0.906373	1.1088	1.22247	1.23754	1.13679	0.932277	0.676597	0.434109	0.247156	0.125602	0.0573465	0.0236742	0.00888989	0.00305305	0.000963646	0.000280777	7.58204e-05	1.90432e-05	4.46294e-06	9.78808e-07	2.0143e-07	3.89898e-08	7.11455e-09	1.22631e-09	2.00046e-10	3.09384e-11	4.54369e-12	6.34628e-13	8.44196e-14	1.07092e-14	1.29717e-15	1.50201e-16	1.66442e-17	1.76677e-18	1.78222e-19	0	
0	-0.496233	-0.929374	-1.27791	-1.51243	-1.6083	-1.60682	-1.55498	-1.4556	-1.29805	-1.0703	-0.80057	-0.54867	-0.366311	-0.26994	-0.220156	-0.183842	-0.156575	-0.153487	-0.153422	-0.142884	-0.143144	-0.140134	-0.132617	-0.129541	-0.132103	-0.122944	-0.127842	-0.124415	-0.123002	-0.127017	-0.121487	-0.128062	-0.12501	-0.126658	-0.13285	-0.129248	-0.138209	-0.141388	-0.14355	-0.14734	-0.154547	-0.148935	-0.160956	-0.178075	-0.183142	-0.180817	-0.197436	-0.230468	-0.25278	-0.25236	-0.242776	-0.279785	-0.378668	-0.525758	-0.690455	-0.810837	-0.853134	-0.799527	-0.631255	-0.370177	-0.0535062	0.297463	0.642925	0.926395	1.12123	1.22741	1.23427	1.12548	0.915688	0.659164	0.419537	0.237009	0.119552	0.0541963	0.0222216	0.00828998	0.00282914	0.000887553	0.000257086	6.90265e-05	1.72404e-05	4.01848e-06	8.76642e-07	1.79464e-07	3.45601e-08	6.27448e-09	1.07614e-09	1.7469e-10	2.68863e-11	3.92972e-12	5.46279e-13	7.23273e-14	9.13266e-15	1.10113e-15	1.2692e-16	1.40007e-17	1.4795e-18	1.4859e-19	0	
0	-0.513842	-0.964028	-1.32411	-1.56225	-1.65409	-1.6414	-1.57233	-1.45133	-1.27719	-1.04746	-0.78475	-0.538062	-0.356082	-0.263027	-0.220165	-0.186687	-0.161924	-0.155706	-0.153956	-0.141875	-0.139268	-0.143009	-0.134288	-0.131943	-0.135001	-0.126562	-0.130292	-0.127191	-0.126655	-0.128026	-0.125696	-0.130435	-0.126658	-0.132032	-0.134695	-0.130531	-0.141503	-0.140538	-0.140401	-0.147733	-0.156415	-0.153115	-0.1671	-0.180453	-0.184429	-0.179606	-0.200629	-0.238333	-0.255674	-0.250694	-0.246229	-0.292265	-0.398086	-0.549658	-0.7117	-0.822131	-0.851958	-0.784304	-0.60307	-0.333837	-0.0129742	0.338501	0.678747	0.952609	1.13715	1.23313	1.22885	1.10934	0.892828	0.635628	0.400167	0.223697	0.111703	0.0501515	0.0203739	0.00753357	0.00254914	0.000793147	0.000227913	6.07209e-05	1.50518e-05	3.48257e-06	7.54271e-07	1.53324e-07	2.93219e-08	5.28724e-09	9.00743e-10	1.45252e-10	2.22097e-11	3.22527e-12	4.45496e-13	5.86118e-14	7.35464e-15	8.81269e-16	1.00956e-16	1.10689e-17	1.16263e-18	1.16078e-19	0	
0	-0.534526	-1.00519	-1.3792	-1.62213	-1.71004	-1.68374	-1.59337	-1.44748	-1.25319	-1.01694	-0.760561	-0.52511	-0.349924	-0.257518	-0.21692	-0.188111	-0.162577	-0.158659	-0.159561	-0.14507	-0.135426	-0.142808	-0.138035	-0.132146	-0.137428	-0.133047	-0.130989	-0.133552	-0.130294	-0.131069	-0.132388	-0.131357	-0.13285	-0.134695	-0.135247	-0.133543	-0.14392	-0.136296	-0.140375	-0.153157	-0.160796	-0.154379	-0.16939	-0.181818	-0.185174	-0.184106	-0.210079	-0.243697	-0.256775	-0.251025	-0.25144	-0.308585	-0.42474	-0.580716	-0.736839	-0.833845	-0.847937	-0.762535	-0.565499	-0.28683	0.0386327	0.389927	0.722746	0.984123	1.15569	1.23877	1.22039	1.08771	0.863457	0.606162	0.376395	0.207629	0.102367	0.045404	0.0182316	0.00666645	0.00223159	0.000687166	0.000195482	5.15741e-05	1.26634e-05	2.90287e-06	6.23033e-07	1.25525e-07	2.37968e-08	4.2543e-09	7.18672e-10	1.14931e-10	1.74298e-11	2.51071e-12	3.4403e-13	4.49054e-14	5.59077e-15	6.64736e-16	7.55673e-17	8.22238e-18	8.57147e-19	8.49512e-20	0	
0	-0.557149	-1.05098	-1.44063	-1.68902	-1.77405	-1.73413	-1.61931	-1.44286	-1.22347	-0.979549	-0.732697	-0.511816	-0.341539	-0.250222	-0.21593	-0.192741	-0.165082	-0.155172	-0.160085	-0.158182	-0.146269	-0.14277	-0.138162	-0.133152	-0.131779	-0.129608	-0.128338	-0.12882	-0.127206	-0.12833	-0.127717	-0.128709	-0.129248	-0.130531	-0.133543	-0.135076	-0.141359	-0.143929	-0.153925	-0.160442	-0.156158	-0.155873	-0.174628	-0.187129	-0.186057	-0.187125	-0.220718	-0.250487	-0.257763	-0.250773	-0.260458	-0.332524	-0.458769	-0.617296	-0.764588	-0.844685	-0.839257	-0.732368	-0.517347	-0.228606	0.10142	0.451272	0.773928	1.0198	1.17575	1.2432	1.20781	1.05982	0.827369	0.571056	0.348744	0.189315	0.0919162	0.0401746	0.0159068	0.00573853	0.00189621	0.000576631	0.000162061	4.22564e-05	1.02573e-05	2.3252e-06	4.93626e-07	9.83945e-08	1.84588e-08	3.26614e-09	5.4618e-10	8.64782e-11	1.29865e-11	1.85259e-12	2.5143e-13	3.25093e-14	4.00974e-15	4.72359e-16	5.32078e-17	5.73716e-18	5.92719e-19	5.82315e-20	0	
0	-0.580257	-1.09882	-1.50522	-1.75961	-1.84316	-1.7908	-1.65001	-1.4382	-1.18976	-0.93787	-0.698718	-0.493572	-0.335948	-0.246	-0.212455	-0.197427	-0.174983	-0.159191	-0.156697	-0.149243	-0.145561	-0.151457	-0.14771	-0.140173	-0.144989	-0.138989	-0.135948	-0.1378	-0.134978	-0.134122	-0.137462	-0.135844	-0.138209	-0.141503	-0.14392	-0.141359	-0.153733	-0.146298	-0.147757	-0.152451	-0.158726	-0.163497	-0.184179	-0.189104	-0.186811	-0.196728	-0.230043	-0.255561	-0.260084	-0.25265	-0.275021	-0.363859	-0.500112	-0.65939	-0.793459	-0.852241	-0.823473	-0.691821	-0.457464	-0.158675	0.175356	0.521781	0.830974	1.05824	1.19603	1.24507	1.18984	1.02489	0.784464	0.530757	0.317877	0.169351	0.0807607	0.0346985	0.0135149	0.00479946	0.00156206	0.00046812	0.000129715	3.33607e-05	7.99046e-06	1.78787e-06	3.74752e-07	7.37741e-08	1.36719e-08	2.39032e-09	3.95038e-10	6.18265e-11	9.17911e-12	1.2948e-12	1.73788e-13	2.22255e-14	2.7118e-15	3.16058e-16	3.5227e-17	3.7588e-18	3.84328e-19	3.73791e-20	0	
0	-0.602236	-1.14548	-1.56878	-1.82982	-1.91394	-1.85052	-1.68474	-1.43716	-1.15265	-0.887359	-0.661716	-0.478183	-0.332129	-0.241401	-0.208171	-0.19798	-0.179792	-0.16749	-0.167569	-0.163208	-0.142673	-0.144612	-0.146023	-0.139134	-0.136525	-0.144371	-0.133264	-0.140368	-0.138925	-0.13346	-0.14381	-0.132591	-0.141388	-0.140538	-0.136296	-0.143929	-0.146298	-0.141009	-0.154134	-0.168492	-0.165753	-0.171422	-0.187511	-0.188673	-0.189642	-0.205013	-0.245594	-0.263269	-0.258445	-0.256501	-0.29801	-0.404613	-0.549715	-0.705344	-0.820313	-0.853743	-0.798075	-0.638829	-0.384765	-0.0766875	0.260149	0.600309	0.892219	1.09782	1.21498	1.24278	1.1651	0.982176	0.734822	0.485912	0.284592	0.148399	0.0693317	0.0292098	0.0111657	0.00389452	0.00124578	0.000367154	0.000100107	2.53455e-05	5.97882e-06	1.31804e-06	2.72294e-07	5.28492e-08	9.659e-09	1.66587e-09	2.71654e-10	4.19607e-11	6.14965e-12	8.56487e-13	1.13524e-13	1.43397e-14	1.72839e-15	1.99027e-16	2.19202e-17	2.31155e-18	2.33613e-19	2.24647e-20	0	
0	-0.621383	-1.18738	-1.62617	-1.89387	-1.98221	-1.91148	-1.72017	-1.43716	-1.1191	-0.836507	-0.616978	-0.456314	-0.331129	-0.246619	-0.207715	-0.201021	-0.185833	-0.164373	-0.166421	-0.17218	-0.16029	-0.14717	-0.153585	-0.145744	-0.13807	-0.145217	-0.135477	-0.139131	-0.138048	-0.135475	-0.141079	-0.134281	-0.14355	-0.140401	-0.140375	-0.153925	-0.147757	-0.154134	-0.168783	-0.171124	-0.160758	-0.176349	-0.192174	-0.193403	-0.196621	-0.223068	-0.256935	-0.262526	-0.2598	-0.268054	-0.331552	-0.456394	-0.605925	-0.751597	-0.84226	-0.846488	-0.760034	-0.571243	-0.298461	0.0174191	0.355133	0.685232	0.955641	1.13669	1.23085	1.23455	1.13212	0.931092	0.678787	0.437393	0.249813	0.127158	0.058054	0.023926	0.00895537	0.00306111	0.000960358	0.000277781	7.43786e-05	1.85035e-05	4.29097e-06	9.30353e-07	1.8911e-07	3.61271e-08	6.5012e-09	1.10435e-09	1.77422e-10	2.70072e-11	3.90159e-12	5.35757e-13	7.00301e-14	8.7253e-15	1.03755e-15	1.17892e-16	1.28143e-17	1.33385e-18	1.33084e-19	1.26387e-20	0	
0	-0.635782	-1.22028	-1.67214	-1.94595	-2.04065	-1.9679	-1.75675	-1.4405	-1.0876	-0.786825	-0.571461	-0.434788	-0.330848	-0.249376	-0.210164	-0.202129	-0.201852	-0.174288	-0.160124	-0.16756	-0.173107	-0.155825	-0.158116	-0.157535	-0.148251	-0.147554	-0.148142	-0.142305	-0.143958	-0.144823	-0.141599	-0.146453	-0.14734	-0.147733	-0.153157	-0.160442	-0.152451	-0.168492	-0.171124	-0.161922	-0.163756	-0.193412	-0.199513	-0.196237	-0.204771	-0.239075	-0.267031	-0.265689	-0.262451	-0.288589	-0.38015	-0.517039	-0.665624	-0.796145	-0.855952	-0.826314	-0.706039	-0.487515	-0.198244	0.123399	0.459135	0.774361	1.01889	1.17284	1.24165	1.21838	1.08952	0.871348	0.617042	0.386305	0.214557	0.106329	0.0473204	0.0190326	0.00695965	0.00232636	0.00071433	0.000202382	5.31154e-05	1.29599e-05	2.94931e-06	6.27844e-07	1.2536e-07	2.35345e-08	4.16354e-09	6.95549e-10	1.09934e-10	1.64678e-11	2.34186e-12	3.16641e-13	4.0764e-14	5.00345e-15	5.86263e-16	6.56537e-17	7.0348e-18	7.21985e-19	7.10383e-20	6.6556e-21	0	
