0	0	0	0	0	0	0	0	0	0	0	0	0	0	0	0	0	0	0	0	0	0	0	0	0	0	0	0	0	0	0	0	0	0	0	0	0	0	0	0	0	0	0	0	0	0	0	0	0	0	0	0	0	0	0	0	0	0	0	0	0	0	0	0	0	0	0	0	0	0	0	0	0	0	0	0	0	0	0	0	0	0	0	0	0	0	0	0	0	0	0	0	0	0	0	0	0	0	0	0	
0	0.0553937	0.103746	0.142467	0.168937	0.188373	0.202169	0.21487	0.227881	0.241037	0.258238	0.279222	0.306964	0.339221	0.370894	0.397828	0.417867	0.430981	0.44289	0.452344	0.461838	0.470312	0.47886	0.487207	0.49258	0.492093	0.48557	0.477912	0.473179	0.469468	0.462486	0.4541	0.44093	0.430605	0.421528	0.412096	0.403643	0.396257	0.385432	0.377303	0.370806	0.367277	0.362617	0.357062	0.351259	0.350593	0.350375	0.348017	0.345929	0.347701	0.348556	0.349477	0.349252	0.344915	0.338744	0.32809	0.307889	0.281546	0.25362	0.22384	0.194693	0.17315	0.159829	0.152689	0.147194	0.142125	0.136194	0.123683	0.109883	0.0934385	0.0715468	0.0438273	0.0120459	-0.0219478	-0.0541215	-0.0768833	-0.0936039	-0.107372	-0.119699	-0.129712	-0.13862	-0.150088	-0.160242	-0.166389	-0.169025	-0.167083	-0.158718	-0.151451	-0.147877	-0.14087	-0.132389	-0.119238	-0.101865	-0.0893087	-0.0776855	-0.0639262	-0.0479999	-0.0300638	-0.01457	0	
0	0.103746	0.193379	0.263942	0.310806	0.34266	0.365285	0.384619	0.405736	0.428133	0.457665	0.49638	0.548403	0.608607	0.669852	0.720313	0.758067	0.783568	0.805835	0.825551	0.845246	0.865213	0.882645	0.903892	0.915759	0.91617	0.907358	0.893732	0.886079	0.884192	0.873071	0.857057	0.835666	0.814894	0.797039	0.779999	0.765336	0.749678	0.728919	0.710801	0.698937	0.692749	0.681429	0.666611	0.65675	0.656882	0.654107	0.646743	0.643266	0.647759	0.648593	0.650126	0.649551	0.642958	0.630308	0.611507	0.57157	0.522848	0.468506	0.412554	0.358256	0.317951	0.296896	0.285147	0.280287	0.273723	0.266355	0.246563	0.221892	0.19403	0.153101	0.101872	0.0418299	-0.0229377	-0.0834876	-0.126967	-0.157455	-0.18449	-0.208115	-0.228048	-0.248911	-0.271814	-0.294592	-0.310025	-0.314768	-0.314223	-0.300424	-0.286261	-0.283394	-0.272629	-0.257054	-0.235096	-0.201568	-0.173756	-0.151941	-0.128686	-0.0979572	-0.0595066	-0.0266452	0	
0	0.142467	0.263942	0.357014	0.413704	0.449513	0.469046	0.485817	0.50433	0.524922	0.558291	0.604561	0.672472	0.754828	0.838554	0.910065	0.963354	0.99922	1.0322	1.06095	1.09171	1.12138	1.15282	1.18566	1.21022	1.21903	1.21139	1.19944	1.19618	1.1959	1.18579	1.16943	1.1398	1.11532	1.09337	1.06968	1.04821	1.02715	0.995942	0.970579	0.950118	0.937384	0.92075	0.901123	0.881743	0.876653	0.872907	0.863953	0.856961	0.860868	0.863589	0.867254	0.868479	0.859153	0.844785	0.818289	0.765034	0.695471	0.620487	0.542152	0.467251	0.414845	0.38817	0.380713	0.380009	0.380607	0.378931	0.359293	0.334368	0.301285	0.251803	0.18424	0.103287	0.0141426	-0.070946	-0.1307	-0.174715	-0.211869	-0.245585	-0.275597	-0.305064	-0.341886	-0.377525	-0.403245	-0.4188	-0.422324	-0.407566	-0.395204	-0.393773	-0.382609	-0.365212	-0.333656	-0.289205	-0.255791	-0.224502	-0.186999	-0.141778	-0.0893642	-0.0430103	0	
0	0.168937	0.310806	0.413704	0.470834	0.497329	0.50574	0.508395	0.5154	0.526654	0.554071	0.601384	0.676836	0.772296	0.871972	0.956268	1.01833	1.06042	1.09846	1.13551	1.17508	1.21907	1.26249	1.31397	1.3525	1.3713	1.3718	1.36546	1.36914	1.38174	1.37918	1.36585	1.33908	1.31287	1.28935	1.26459	1.24128	1.21467	1.17794	1.14319	1.11724	1.10053	1.07609	1.04378	1.01921	1.01255	1.00341	0.986741	0.976975	0.982581	0.984565	0.989328	0.990702	0.982452	0.96485	0.934298	0.868254	0.78419	0.691118	0.596076	0.507652	0.447743	0.424981	0.426267	0.440756	0.455035	0.467672	0.458145	0.438964	0.410868	0.358647	0.284354	0.190436	0.0845338	-0.0151447	-0.0858355	-0.135253	-0.178694	-0.218695	-0.25557	-0.297346	-0.346508	-0.397263	-0.438207	-0.462781	-0.475371	-0.465075	-0.45496	-0.462517	-0.45775	-0.442737	-0.411802	-0.359888	-0.316655	-0.281111	-0.239418	-0.182543	-0.113531	-0.0531491	0	
0	0.188373	0.34266	0.449513	0.497329	0.509121	0.494782	0.475982	0.460405	0.451716	0.463869	0.500215	0.573772	0.672427	0.77925	0.870086	0.935546	0.979159	1.01898	1.05858	1.1057	1.15629	1.21378	1.27882	1.33343	1.36739	1.37936	1.38423	1.40334	1.4291	1.44062	1.43824	1.41729	1.39817	1.38009	1.35826	1.33805	1.31256	1.27033	1.2316	1.19979	1.17754	1.14725	1.11037	1.07539	1.06023	1.04704	1.02769	1.01362	1.01532	1.01856	1.02482	1.02877	1.01978	1.00272	0.968076	0.894304	0.797475	0.690094	0.581492	0.482936	0.420136	0.402353	0.418777	0.45086	0.486438	0.518932	0.527399	0.524278	0.507548	0.464939	0.392014	0.294984	0.181804	0.0731912	-0.0003234	-0.0523371	-0.0965259	-0.136792	-0.178005	-0.225178	-0.28395	-0.347132	-0.400622	-0.43928	-0.462162	-0.459526	-0.459556	-0.477437	-0.48323	-0.475518	-0.444917	-0.394192	-0.353909	-0.315995	-0.268787	-0.206786	-0.131369	-0.0626273	0	
0	0.202169	0.365285	0.469046	0.50574	0.494782	0.455816	0.407857	0.366116	0.33209	0.322952	0.344354	0.407536	0.503997	0.60922	0.699442	0.760853	0.798543	0.83162	0.869121	0.913846	0.970531	1.03477	1.11182	1.18055	1.22748	1.25063	1.26881	1.30166	1.34524	1.37476	1.38869	1.38243	1.37535	1.36941	1.3582	1.34445	1.32272	1.2871	1.24807	1.21558	1.19111	1.15833	1.11225	1.07281	1.05372	1.03549	1.00893	0.990185	0.991055	0.992941	0.999943	1.00331	0.995706	0.977686	0.938764	0.858202	0.750007	0.629909	0.509337	0.403366	0.339888	0.329451	0.363021	0.417305	0.476589	0.53408	0.565082	0.581947	0.582972	0.5528	0.489265	0.395032	0.280581	0.173351	0.101594	0.0552892	0.0183646	-0.0167897	-0.0541466	-0.102761	-0.166585	-0.236853	-0.301211	-0.350779	-0.382114	-0.387477	-0.396174	-0.424727	-0.443244	-0.447495	-0.426481	-0.380836	-0.344119	-0.313504	-0.270615	-0.206769	-0.131125	-0.0638191	0	
0	0.21487	0.384619	0.485817	0.508395	0.475982	0.407857	0.331638	0.25832	0.198103	0.163585	0.164723	0.214912	0.300086	0.400338	0.483373	0.535374	0.563144	0.584705	0.611748	0.652236	0.704207	0.770227	0.852105	0.927088	0.981817	1.01489	1.04254	1.08941	1.15077	1.20049	1.23099	1.24264	1.25238	1.26073	1.26539	1.26972	1.26237	1.23314	1.19978	1.17218	1.15243	1.11986	1.07445	1.03112	1.00684	0.984465	0.955699	0.934461	0.930302	0.931965	0.93857	0.942952	0.935554	0.91591	0.873404	0.785796	0.668521	0.535068	0.402989	0.290938	0.224881	0.222287	0.270961	0.346728	0.431254	0.511922	0.568839	0.607183	0.62687	0.614691	0.56251	0.476387	0.367223	0.264187	0.2007	0.164178	0.137993	0.116363	0.0875456	0.0435438	-0.0155071	-0.0862854	-0.154322	-0.20676	-0.241447	-0.251755	-0.266194	-0.304354	-0.337161	-0.351717	-0.339147	-0.305859	-0.279855	-0.258172	-0.227365	-0.17787	-0.112906	-0.052868	0	
0	0.227881	0.405736	0.50433	0.5154	0.460405	0.366116	0.25832	0.156389	0.066783	0.00737406	-0.0114169	0.021147	0.0975548	0.187903	0.263686	0.305656	0.320094	0.325792	0.339766	0.364895	0.407806	0.468389	0.545408	0.622642	0.680956	0.71636	0.750235	0.805195	0.875117	0.939565	0.987969	1.01787	1.04568	1.07585	1.1006	1.11994	1.12706	1.11906	1.10101	1.08484	1.07121	1.04769	1.00616	0.966037	0.940907	0.918959	0.889175	0.865187	0.858979	0.860382	0.867049	0.870511	0.86268	0.841994	0.792639	0.700139	0.571176	0.425023	0.280709	0.159907	0.092324	0.092426	0.155532	0.250501	0.357647	0.462703	0.543075	0.60385	0.642883	0.646973	0.608969	0.531556	0.427932	0.333107	0.277148	0.251541	0.242157	0.236288	0.222868	0.193622	0.144444	0.0831374	0.0208874	-0.0314004	-0.061501	-0.0693485	-0.0854258	-0.123285	-0.16158	-0.186336	-0.184883	-0.165161	-0.155466	-0.153537	-0.13949	-0.106063	-0.0659622	-0.0324892	0	
0	0.241037	0.428133	0.524922	0.526654	0.451716	0.33209	0.198103	0.066783	-0.0455351	-0.128573	-0.164954	-0.145691	-0.0814233	0.0019006	0.0687721	0.0998825	0.101724	0.0918394	0.0892475	0.101374	0.131786	0.181896	0.251418	0.3214	0.372889	0.405257	0.437002	0.490561	0.567293	0.642682	0.700736	0.74515	0.787749	0.830895	0.874813	0.917877	0.948818	0.9591	0.957296	0.958186	0.962421	0.951878	0.921974	0.890702	0.87026	0.850639	0.823911	0.802248	0.79457	0.795533	0.800904	0.803184	0.795241	0.76935	0.713543	0.612636	0.473041	0.312421	0.153862	0.0252161	-0.0486819	-0.0448438	0.0273383	0.139607	0.268586	0.393162	0.497377	0.576957	0.632702	0.652154	0.625413	0.556478	0.460179	0.372974	0.325553	0.313265	0.319675	0.333038	0.337777	0.323119	0.291281	0.245133	0.193949	0.155669	0.139572	0.140606	0.133832	0.100669	0.0578816	0.0293833	0.0230395	0.0278589	0.0234503	0.00718262	-0.00628087	-0.00706297	-0.000335282	0.00269591	0	
0	0.258238	0.457665	0.558291	0.554071	0.463869	0.322952	0.163585	0.00737406	-0.128573	-0.232462	-0.284602	-0.279455	-0.222675	-0.145816	-0.0831259	-0.0569218	-0.0636835	-0.0858067	-0.102402	-0.105884	-0.0909402	-0.0525193	0.0027869	0.063754	0.107806	0.133247	0.15818	0.205815	0.275075	0.348737	0.410319	0.462377	0.513672	0.57065	0.630282	0.686294	0.733146	0.766232	0.788472	0.810048	0.830372	0.837922	0.827191	0.811136	0.799201	0.788909	0.771017	0.754252	0.747148	0.750889	0.756166	0.757822	0.747559	0.716935	0.651798	0.542351	0.389086	0.212201	0.0376129	-0.104328	-0.185993	-0.185208	-0.107986	0.0167929	0.163308	0.306462	0.430964	0.529695	0.601735	0.635532	0.620675	0.559873	0.470145	0.389209	0.347069	0.343681	0.365476	0.396608	0.420216	0.42764	0.416253	0.39069	0.358728	0.334855	0.33609	0.351627	0.356342	0.337384	0.302531	0.274843	0.262798	0.253536	0.229593	0.18953	0.150312	0.117848	0.0836284	0.0438308	0	
0	0.279222	0.49638	0.604561	0.601384	0.500215	0.344354	0.164723	-0.0114169	-0.164954	-0.284602	-0.347889	-0.352137	-0.301815	-0.228809	-0.170069	-0.147243	-0.161004	-0.193296	-0.221409	-0.238197	-0.234018	-0.206969	-0.163881	-0.114175	-0.0825067	-0.0685713	-0.0542414	-0.020334	0.0388602	0.106637	0.164074	0.21601	0.266093	0.324007	0.389922	0.457026	0.518639	0.570139	0.609056	0.650049	0.690263	0.719709	0.730625	0.735394	0.739452	0.742049	0.737892	0.731552	0.731969	0.739163	0.745627	0.746794	0.735055	0.697135	0.620445	0.499281	0.329552	0.133946	-0.0604986	-0.219258	-0.313073	-0.318401	-0.242086	-0.108304	0.0521822	0.210685	0.352958	0.46721	0.553814	0.598247	0.59319	0.539703	0.456383	0.382856	0.345339	0.352128	0.389442	0.43692	0.479697	0.506975	0.514966	0.51028	0.497577	0.493123	0.515862	0.54821	0.568629	0.564065	0.536131	0.510439	0.492577	0.471557	0.434746	0.375403	0.308044	0.238874	0.163518	0.083952	0	
0	0.306964	0.548403	0.672472	0.676836	0.573772	0.407536	0.214912	0.021147	-0.145691	-0.279455	-0.352137	-0.364907	-0.319822	-0.250425	-0.191778	-0.169553	-0.185841	-0.222734	-0.262674	-0.288867	-0.297921	-0.282689	-0.251975	-0.214053	-0.193506	-0.18747	-0.183438	-0.164308	-0.120036	-0.0667447	-0.0198225	0.0242867	0.0698079	0.12205	0.186853	0.252685	0.321236	0.379441	0.433696	0.490071	0.547634	0.594035	0.629663	0.657758	0.68049	0.702361	0.7177	0.729511	0.74092	0.759015	0.771379	0.776812	0.766162	0.721686	0.636112	0.501486	0.314614	0.0985507	-0.119855	-0.299609	-0.412266	-0.429991	-0.362453	-0.228581	-0.0590034	0.108604	0.264286	0.392723	0.49069	0.546545	0.550422	0.504086	0.430023	0.361338	0.327329	0.342882	0.391586	0.454667	0.516448	0.564541	0.594349	0.61084	0.617092	0.630316	0.669155	0.712089	0.743418	0.751662	0.731425	0.707812	0.684564	0.65023	0.597475	0.521837	0.43328	0.334574	0.228023	0.118301	0	
0	0.339221	0.608607	0.754828	0.772296	0.672427	0.503997	0.300086	0.0975548	-0.0814233	-0.222675	-0.301815	-0.319822	-0.279042	-0.210565	-0.154548	-0.130018	-0.148516	-0.191733	-0.23831	-0.2774	-0.296695	-0.291237	-0.273675	-0.247033	-0.23629	-0.240329	-0.246741	-0.240497	-0.213205	-0.175424	-0.140473	-0.104297	-0.0733134	-0.030277	0.0261849	0.0852709	0.146546	0.209512	0.270374	0.335877	0.400495	0.46219	0.5192	0.57031	0.615276	0.657404	0.698089	0.731812	0.765419	0.799453	0.82486	0.841292	0.836129	0.79198	0.698948	0.553938	0.350539	0.113606	-0.127891	-0.334868	-0.467781	-0.503944	-0.452609	-0.322948	-0.153467	0.0202821	0.183222	0.319594	0.427723	0.488152	0.498131	0.458753	0.390478	0.328461	0.298041	0.320349	0.383108	0.459547	0.5382	0.608859	0.655932	0.689012	0.713443	0.739178	0.787786	0.837814	0.872196	0.883957	0.867547	0.840233	0.804285	0.757293	0.693971	0.605703	0.50251	0.38752	0.262484	0.134261	0	
0	0.370894	0.669852	0.838554	0.871972	0.77925	0.60922	0.400338	0.187903	0.0019006	-0.145816	-0.228809	-0.250425	-0.210565	-0.145327	-0.0853537	-0.0596949	-0.076748	-0.119675	-0.175941	-0.222131	-0.251708	-0.258685	-0.251389	-0.236985	-0.238153	-0.249461	-0.263655	-0.271907	-0.258894	-0.236566	-0.21325	-0.190559	-0.168306	-0.139935	-0.0983725	-0.0527026	0.00593194	0.0599967	0.117325	0.18207	0.251463	0.318876	0.389817	0.45986	0.522976	0.586778	0.651501	0.714397	0.773433	0.83139	0.878032	0.913888	0.924807	0.887239	0.797668	0.647461	0.43356	0.182438	-0.0820661	-0.312975	-0.469382	-0.526864	-0.494979	-0.379082	-0.212395	-0.0397717	0.124372	0.267071	0.377785	0.441665	0.454473	0.417266	0.356888	0.297184	0.267501	0.297267	0.36712	0.454127	0.54964	0.636623	0.699245	0.746345	0.780794	0.815082	0.866614	0.911762	0.941089	0.949786	0.928452	0.89142	0.842443	0.781813	0.708382	0.617656	0.51103	0.387169	0.258832	0.133486	0	
0	0.397828	0.720313	0.910065	0.956268	0.870086	0.699442	0.483373	0.263686	0.0687721	-0.0831259	-0.170069	-0.191778	-0.154548	-0.0853537	-0.0235689	0.0108451	0.000883482	-0.0398978	-0.0958562	-0.148903	-0.187033	-0.20228	-0.207031	-0.204964	-0.21443	-0.233086	-0.254329	-0.27174	-0.274031	-0.269142	-0.259619	-0.24546	-0.236501	-0.219615	-0.189105	-0.156077	-0.117437	-0.0747452	-0.0207125	0.0398045	0.100707	0.164424	0.241441	0.320932	0.398624	0.47666	0.563843	0.65119	0.739832	0.824936	0.899149	0.96276	0.996346	0.978353	0.9014	0.756616	0.542451	0.284645	0.00712301	-0.244968	-0.420441	-0.498089	-0.488424	-0.386353	-0.228377	-0.0588369	0.104591	0.247948	0.361813	0.425238	0.437074	0.40356	0.345544	0.286549	0.256492	0.284744	0.357872	0.448659	0.550979	0.65136	0.722056	0.773132	0.81417	0.848611	0.89061	0.923835	0.939003	0.935487	0.908637	0.862947	0.799917	0.728739	0.651379	0.560696	0.456646	0.34323	0.231714	0.120853	0	
0	0.417867	0.758067	0.963354	1.01833	0.935546	0.760853	0.535374	0.305656	0.0998825	-0.0569218	-0.147243	-0.169553	-0.130018	-0.0596949	0.0108451	0.0539323	0.055469	0.0241098	-0.0287479	-0.0814438	-0.120613	-0.14117	-0.150071	-0.156319	-0.173956	-0.198063	-0.225979	-0.253101	-0.269763	-0.279401	-0.280314	-0.27684	-0.277946	-0.272514	-0.260458	-0.242938	-0.213303	-0.180495	-0.140654	-0.0922316	-0.0422833	0.0130229	0.0854285	0.168029	0.248953	0.333043	0.432028	0.541165	0.654394	0.764459	0.866826	0.960814	1.02403	1.03233	0.978247	0.84817	0.644633	0.391632	0.11028	-0.153614	-0.341452	-0.435466	-0.442467	-0.354342	-0.20351	-0.0352238	0.126649	0.273938	0.389356	0.452424	0.464128	0.430253	0.374756	0.313687	0.278421	0.302912	0.369908	0.455707	0.557703	0.657146	0.723748	0.767227	0.799987	0.82447	0.850146	0.865061	0.862115	0.845301	0.812231	0.757328	0.683978	0.6094	0.537486	0.461152	0.372692	0.273256	0.180204	0.0934663	0	
0	0.430981	0.783568	0.99922	1.06042	0.979159	0.798543	0.563144	0.320094	0.101724	-0.0636835	-0.161004	-0.185841	-0.148516	-0.076748	0.000883482	0.055469	0.0743221	0.0577867	0.0173889	-0.028317	-0.0640559	-0.0833568	-0.0941481	-0.104731	-0.124303	-0.150039	-0.176782	-0.207575	-0.235256	-0.259832	-0.275102	-0.284525	-0.293928	-0.300294	-0.299284	-0.293003	-0.281665	-0.26684	-0.236249	-0.197357	-0.161322	-0.120174	-0.0599344	0.0144971	0.0918292	0.174934	0.27574	0.392782	0.520982	0.64979	0.776449	0.897293	0.989068	1.02842	1.00267	0.896928	0.71316	0.476934	0.202607	-0.0612468	-0.253219	-0.357053	-0.374224	-0.297986	-0.151448	0.0162285	0.180576	0.333796	0.453675	0.521612	0.535175	0.506303	0.454164	0.391377	0.351113	0.363299	0.414836	0.483864	0.570465	0.656052	0.705282	0.729172	0.74428	0.749007	0.748722	0.736601	0.710822	0.680683	0.643515	0.589633	0.521753	0.453994	0.392772	0.332521	0.262274	0.189366	0.129908	0.0715916	0	
0	0.44289	0.805835	1.0322	1.09846	1.01898	0.83162	0.584705	0.325792	0.0918394	-0.0858067	-0.193296	-0.222734	-0.191733	-0.119675	-0.0398978	0.0241098	0.0577867	0.0554006	0.0283019	-0.00744152	-0.0356605	-0.0478898	-0.0522105	-0.0598351	-0.0758599	-0.0962587	-0.120635	-0.149771	-0.183931	-0.21824	-0.243996	-0.259386	-0.278645	-0.295908	-0.310912	-0.319405	-0.323463	-0.318286	-0.300158	-0.274899	-0.253491	-0.229043	-0.182648	-0.11657	-0.0470125	0.0232417	0.115879	0.234114	0.367942	0.504854	0.644539	0.784761	0.899776	0.967143	0.970017	0.889763	0.733405	0.518787	0.262065	0.00804158	-0.180521	-0.284748	-0.306276	-0.233941	-0.0887106	0.0833754	0.256785	0.419085	0.549142	0.625206	0.644177	0.622315	0.573223	0.50933	0.463097	0.459504	0.488559	0.534469	0.595973	0.654363	0.675531	0.665961	0.650416	0.627713	0.595734	0.556667	0.510904	0.469456	0.4344	0.386926	0.324289	0.268907	0.231959	0.198179	0.151416	0.10501	0.0743008	0.0436364	0	
0	0.452344	0.825551	1.06095	1.13551	1.05858	0.869121	0.611748	0.339766	0.0892475	-0.102402	-0.221409	-0.262674	-0.23831	-0.175941	-0.0958562	-0.0287479	0.0173889	0.0283019	0.0161299	-0.0110188	-0.0291888	-0.035562	-0.0336227	-0.0360163	-0.0445417	-0.0568949	-0.0680086	-0.0866371	-0.11936	-0.156304	-0.187864	-0.212152	-0.235954	-0.259627	-0.285969	-0.306487	-0.326582	-0.336266	-0.334558	-0.3207	-0.313481	-0.300263	-0.272215	-0.220244	-0.165358	-0.103934	-0.023255	0.0849266	0.212315	0.348161	0.493444	0.640228	0.768761	0.856942	0.88222	0.828817	0.698855	0.511835	0.27893	0.0443415	-0.130672	-0.229998	-0.244385	-0.171841	-0.023651	0.157545	0.341903	0.518417	0.660293	0.747336	0.776398	0.761939	0.716671	0.653484	0.598984	0.575221	0.575697	0.588904	0.617423	0.640935	0.626502	0.584014	0.537745	0.484903	0.425239	0.360049	0.292894	0.243003	0.208532	0.170571	0.126639	0.0890005	0.0689272	0.0556224	0.0349629	0.0201576	0.0203013	0.017311	0	
0	0.461838	0.845246	1.09171	1.17508	1.1057	0.913846	0.652236	0.364895	0.101374	-0.105884	-0.238197	-0.288867	-0.2774	-0.222131	-0.148903	-0.0814438	-0.028317	-0.00744152	-0.0110188	-0.0282994	-0.0439157	-0.0428793	-0.0367961	-0.0330984	-0.0346925	-0.0358663	-0.0341353	-0.0385934	-0.0625163	-0.0939562	-0.126409	-0.148201	-0.169032	-0.198107	-0.230658	-0.260473	-0.294324	-0.319592	-0.329442	-0.32949	-0.334785	-0.341575	-0.330767	-0.291852	-0.246306	-0.200196	-0.137204	-0.0407294	0.0762144	0.205988	0.343969	0.488552	0.620071	0.718602	0.757597	0.723092	0.617311	0.454799	0.248241	0.04075	-0.117175	-0.200914	-0.201513	-0.120039	0.0388958	0.231681	0.436015	0.628531	0.784068	0.885285	0.921092	0.912034	0.866001	0.796995	0.731393	0.681416	0.646558	0.626122	0.618049	0.60389	0.55867	0.486347	0.412664	0.339439	0.260111	0.175081	0.0960167	0.042206	0.00783212	-0.0219796	-0.0549101	-0.081024	-0.0821292	-0.0765682	-0.079356	-0.0676131	-0.0345597	-0.00676981	0	
0	0.470312	0.865213	1.12138	1.21907	1.15629	0.970531	0.704207	0.407806	0.131786	-0.0909402	-0.234018	-0.297921	-0.296695	-0.251708	-0.187033	-0.120613	-0.0640559	-0.0356605	-0.0291888	-0.0439157	-0.0545092	-0.0547468	-0.0473059	-0.0423158	-0.0401074	-0.034477	-0.0188679	-0.00925634	-0.0196149	-0.0430034	-0.0700348	-0.0852167	-0.100155	-0.122407	-0.151497	-0.186764	-0.229904	-0.261045	-0.285301	-0.299553	-0.319249	-0.338955	-0.346045	-0.324208	-0.29562	-0.263012	-0.212614	-0.13209	-0.0297966	0.0874227	0.216903	0.350141	0.476705	0.573887	0.615949	0.592297	0.501787	0.357438	0.175404	-0.00469059	-0.141151	-0.204413	-0.184607	-0.0840186	0.0896198	0.30297	0.531622	0.743462	0.9173	1.02874	1.072	1.0617	1.0056	0.927002	0.839871	0.756995	0.683642	0.623999	0.579884	0.532326	0.46266	0.374238	0.286892	0.20388	0.119216	0.0278744	-0.0574141	-0.114688	-0.148436	-0.169714	-0.193354	-0.212615	-0.206051	-0.19256	-0.177824	-0.140359	-0.0853352	-0.0347986	0	
0	0.47886	0.882645	1.15282	1.26249	1.21378	1.03477	0.770227	0.468389	0.181896	-0.0525193	-0.206969	-0.282689	-0.291237	-0.258685	-0.20228	-0.14117	-0.0833568	-0.0478898	-0.035562	-0.0428793	-0.0547468	-0.0537833	-0.0505417	-0.0477541	-0.0472644	-0.0398699	-0.0189089	0.00378538	0.00336432	-0.00888226	-0.0288361	-0.0366081	-0.0399856	-0.051582	-0.0729434	-0.102461	-0.141671	-0.178244	-0.2097	-0.230554	-0.258721	-0.293249	-0.317974	-0.314508	-0.301809	-0.281518	-0.248482	-0.185217	-0.100441	0.00708411	0.121666	0.241413	0.355825	0.44484	0.480456	0.458445	0.373699	0.237814	0.0742469	-0.0829336	-0.197858	-0.240217	-0.19493	-0.0712209	0.124414	0.362827	0.619105	0.856114	1.04589	1.16901	1.21505	1.19523	1.12506	1.02647	0.913161	0.794066	0.678721	0.582494	0.503704	0.427976	0.343541	0.250493	0.162552	0.0826119	0.00675012	-0.0797639	-0.162723	-0.215778	-0.249951	-0.267815	-0.279925	-0.290961	-0.282621	-0.265927	-0.240777	-0.189715	-0.117971	-0.0481193	0	
0	0.487207	0.903892	1.18566	1.31397	1.27882	1.11182	0.852105	0.545408	0.251418	0.0027869	-0.163881	-0.251975	-0.273675	-0.251389	-0.207031	-0.150071	-0.0941481	-0.0522105	-0.0336227	-0.0367961	-0.0473059	-0.0505417	-0.0526598	-0.0536411	-0.0587164	-0.0536356	-0.0275393	-0.00230803	0.00795585	0.00138974	-0.0162855	-0.0177757	-0.0102834	-0.0110434	-0.0148374	-0.0358926	-0.0682128	-0.0989494	-0.125656	-0.149192	-0.178633	-0.22037	-0.256143	-0.269316	-0.269907	-0.265795	-0.247787	-0.202565	-0.132262	-0.0391478	0.0625385	0.167841	0.27153	0.347622	0.373434	0.347678	0.260259	0.12579	-0.0301419	-0.170822	-0.272383	-0.296323	-0.231109	-0.0839931	0.134669	0.397719	0.684894	0.946407	1.15577	1.28892	1.33513	1.30331	1.21196	1.09082	0.94607	0.790011	0.637359	0.505958	0.400088	0.304954	0.215463	0.12979	0.0480964	-0.0198085	-0.0794838	-0.156715	-0.230193	-0.276359	-0.305059	-0.309581	-0.310079	-0.313557	-0.299316	-0.282368	-0.254242	-0.195188	-0.119886	-0.049916	0	
0	0.49258	0.915759	1.21022	1.3525	1.33343	1.18055	0.927088	0.622642	0.3214	0.063754	-0.114175	-0.214053	-0.247033	-0.236985	-0.204964	-0.156319	-0.104731	-0.0598351	-0.0360163	-0.0330984	-0.0423158	-0.0477541	-0.0536411	-0.0620911	-0.0729719	-0.0726035	-0.0516483	-0.0228993	-0.0073915	-0.0114461	-0.0253615	-0.0239916	-0.0150098	-0.00368362	0.00309047	-0.00724934	-0.0247583	-0.0442144	-0.0639942	-0.0791423	-0.103248	-0.14238	-0.177286	-0.199991	-0.214963	-0.222091	-0.213417	-0.185442	-0.134964	-0.0561517	0.0323343	0.125544	0.216297	0.279455	0.296007	0.263895	0.172959	0.0337436	-0.117311	-0.251758	-0.342823	-0.355541	-0.277803	-0.111338	0.123862	0.409253	0.719075	1.00331	1.22842	1.36794	1.41244	1.36462	1.25468	1.11063	0.939271	0.755536	0.574475	0.41878	0.290918	0.183994	0.095254	0.0171896	-0.0516549	-0.105601	-0.147914	-0.204466	-0.264554	-0.302953	-0.320164	-0.310346	-0.292639	-0.280271	-0.263235	-0.24443	-0.211475	-0.158967	-0.0966718	-0.0373537	0	
0	0.492093	0.91617	1.21903	1.3713	1.36739	1.22748	0.981817	0.680956	0.372889	0.107806	-0.0825067	-0.193506	-0.23629	-0.238153	-0.21443	-0.173956	-0.124303	-0.0758599	-0.0445417	-0.0346925	-0.0401074	-0.0472644	-0.0587164	-0.0729719	-0.0910073	-0.0973657	-0.0792877	-0.0509661	-0.0327568	-0.0328744	-0.0478698	-0.0504487	-0.0412123	-0.0244673	-0.0104909	-0.0101219	-0.0181031	-0.0289293	-0.0380768	-0.0427712	-0.0558656	-0.0817821	-0.112622	-0.138205	-0.154321	-0.163783	-0.165619	-0.153654	-0.116719	-0.0521713	0.0213967	0.10124	0.180792	0.23321	0.242143	0.206796	0.112569	-0.0268813	-0.176661	-0.308471	-0.393178	-0.403587	-0.322475	-0.150947	0.0918593	0.386679	0.707519	1.00809	1.24433	1.39069	1.43434	1.37671	1.2553	1.09629	0.906859	0.705882	0.508844	0.333584	0.190786	0.0780766	-0.0095125	-0.0761755	-0.131646	-0.17042	-0.192496	-0.230785	-0.274409	-0.297171	-0.300912	-0.275924	-0.237555	-0.207767	-0.186532	-0.17129	-0.143713	-0.0996966	-0.0537681	-0.017378	0	
0	0.48557	0.907358	1.21139	1.3718	1.37936	1.25063	1.01489	0.71636	0.405257	0.133247	-0.0685713	-0.18747	-0.240329	-0.249461	-0.233086	-0.198063	-0.150039	-0.0962587	-0.0568949	-0.0358663	-0.034477	-0.0398699	-0.0536356	-0.0726035	-0.0973657	-0.109791	-0.0980903	-0.0737134	-0.0534695	-0.0531824	-0.0680432	-0.0738985	-0.0683567	-0.0511906	-0.0336901	-0.0285741	-0.0303474	-0.0351241	-0.0351706	-0.0313975	-0.0347385	-0.0497744	-0.0654112	-0.0815331	-0.0958319	-0.10824	-0.107697	-0.0989919	-0.0741582	-0.0273653	0.0322946	0.10069	0.166062	0.20535	0.206505	0.167106	0.0714202	-0.0656092	-0.214552	-0.344903	-0.426752	-0.439526	-0.366425	-0.203042	0.0346599	0.322676	0.641473	0.947524	1.19087	1.3456	1.39236	1.33676	1.21747	1.05605	0.863792	0.660745	0.459265	0.273279	0.118458	3.40436e-05	-0.0863644	-0.148172	-0.19278	-0.214318	-0.21727	-0.231406	-0.254162	-0.263683	-0.250639	-0.209317	-0.159586	-0.123542	-0.101438	-0.0863173	-0.0677227	-0.0435911	-0.0171092	0.00133309	0	
0	0.477912	0.893732	1.19944	1.36546	1.38423	1.26881	1.04254	0.750235	0.437002	0.15818	-0.0542414	-0.183438	-0.246741	-0.263655	-0.254329	-0.225979	-0.176782	-0.120635	-0.0680086	-0.0341353	-0.0188679	-0.0189089	-0.0275393	-0.0516483	-0.0792877	-0.0980903	-0.0955213	-0.0753123	-0.0556658	-0.0552278	-0.068932	-0.0792852	-0.0814912	-0.0660178	-0.0502167	-0.0406959	-0.0407434	-0.0408425	-0.0377692	-0.029431	-0.0281533	-0.0281255	-0.0324782	-0.0406604	-0.0488728	-0.0497839	-0.0419156	-0.0336007	-0.0133614	0.0250469	0.0758872	0.130768	0.181857	0.20713	0.199849	0.151439	0.0544462	-0.0808192	-0.229285	-0.361506	-0.443668	-0.465147	-0.412102	-0.270983	-0.057364	0.207045	0.505668	0.804115	1.05141	1.2158	1.27711	1.24131	1.14368	1.0013	0.825522	0.637322	0.444196	0.253414	0.0873763	-0.0378412	-0.128565	-0.191648	-0.224989	-0.230599	-0.216952	-0.205293	-0.206746	-0.204403	-0.181283	-0.134895	-0.0801885	-0.0414516	-0.0256275	-0.0194271	-0.010819	0.00055127	0.00942263	0.0096222	0	
0	0.473179	0.886079	1.19618	1.36914	1.40334	1.30166	1.08941	0.805195	0.490561	0.205815	-0.020334	-0.164308	-0.240497	-0.271907	-0.27174	-0.253101	-0.207575	-0.149771	-0.0866371	-0.0385934	-0.00925634	0.00378538	-0.00230803	-0.0228993	-0.0509661	-0.0737134	-0.0753123	-0.0564785	-0.0427415	-0.0389887	-0.0532194	-0.0716282	-0.0803316	-0.0700011	-0.058578	-0.0460175	-0.0454581	-0.0441591	-0.0397124	-0.0301029	-0.0260446	-0.0183006	-0.0141212	-0.0093974	-0.00855497	-0.00215546	0.0140353	0.0367797	0.0637998	0.101617	0.14825	0.200653	0.242059	0.258926	0.239957	0.182303	0.0795455	-0.0566409	-0.210743	-0.351261	-0.440981	-0.483053	-0.459656	-0.360203	-0.186892	0.0344964	0.296159	0.575677	0.820118	0.999676	1.08549	1.08787	1.03205	0.92801	0.789375	0.632004	0.460368	0.274038	0.103876	-0.0246247	-0.121358	-0.185961	-0.211403	-0.205631	-0.177941	-0.153188	-0.145984	-0.135288	-0.11029	-0.0696116	-0.0200604	0.0127553	0.0253229	0.0288237	0.0254183	0.0224231	0.0208054	0.0128813	0	
0	0.469468	0.884192	1.1959	1.38174	1.4291	1.34524	1.15077	0.875117	0.567293	0.275075	0.0388602	-0.120036	-0.213205	-0.258894	-0.274031	-0.269763	-0.235256	-0.183931	-0.11936	-0.0625163	-0.0196149	0.00336432	0.00795585	-0.0073915	-0.0327568	-0.0534695	-0.0556658	-0.0427415	-0.0270965	-0.0215107	-0.0351164	-0.0548489	-0.06783	-0.0698461	-0.061836	-0.0511835	-0.0537855	-0.0527257	-0.0464841	-0.0360827	-0.0301777	-0.0195569	-0.00818406	0.00781722	0.0150286	0.0288969	0.0591674	0.0985594	0.137487	0.183296	0.241555	0.299621	0.343615	0.359212	0.336164	0.269472	0.159113	0.0165675	-0.15214	-0.307484	-0.420082	-0.490447	-0.509432	-0.461954	-0.342959	-0.177562	0.0383846	0.28517	0.522609	0.71315	0.827544	0.875877	0.869591	0.818749	0.731564	0.622894	0.488675	0.325415	0.168717	0.0439601	-0.0509969	-0.117241	-0.142096	-0.130052	-0.102307	-0.0782174	-0.0699648	-0.0675733	-0.0548047	-0.0232474	0.0118247	0.0307513	0.0434622	0.0490218	0.0390264	0.029012	0.0247006	0.0156401	0	
0	0.462486	0.873071	1.18579	1.37918	1.44062	1.37476	1.20049	0.939565	0.642682	0.348737	0.106637	-0.0667447	-0.175424	-0.236566	-0.269142	-0.279401	-0.259832	-0.21824	-0.156304	-0.0939562	-0.0430034	-0.00888226	0.00138974	-0.0114461	-0.0328744	-0.0531824	-0.0552278	-0.0389887	-0.0215107	-0.00979172	-0.0140012	-0.0322909	-0.0501833	-0.0614352	-0.0591322	-0.0555453	-0.0594724	-0.0592462	-0.0541273	-0.0495195	-0.0458941	-0.0349245	-0.0158439	0.00725455	0.0196423	0.0408249	0.0794063	0.133709	0.18751	0.251626	0.324748	0.398357	0.457577	0.486776	0.47	0.401826	0.289238	0.136113	-0.0495299	-0.229621	-0.37629	-0.486585	-0.555728	-0.567255	-0.511698	-0.405743	-0.24108	-0.031759	0.191185	0.388222	0.529246	0.620302	0.66468	0.669466	0.643393	0.592759	0.508364	0.38794	0.259958	0.153228	0.0671273	0.00320919	-0.0180184	-0.0085405	0.0104101	0.0212681	0.0126311	-0.000283296	-0.00843877	-0.00235789	0.0131623	0.0232289	0.0366674	0.0440153	0.0344807	0.0226364	0.013431	0.00565021	0	
0	0.4541	0.857057	1.16943	1.36585	1.43824	1.38869	1.23099	0.987969	0.700736	0.410319	0.164074	-0.0198225	-0.140473	-0.21325	-0.259619	-0.280314	-0.275102	-0.243996	-0.187864	-0.126409	-0.0700348	-0.0288361	-0.0162855	-0.0253615	-0.0478698	-0.0680432	-0.068932	-0.0532194	-0.0351164	-0.0140012	-0.0123339	-0.0208772	-0.0360291	-0.0499101	-0.0510364	-0.0496751	-0.0580295	-0.0628467	-0.0662319	-0.0653077	-0.0619315	-0.0556864	-0.0382774	-0.010144	0.0118875	0.0358327	0.0806096	0.148694	0.220584	0.301532	0.391916	0.487455	0.570052	0.621799	0.618773	0.559879	0.447753	0.282304	0.0769043	-0.135991	-0.327368	-0.487434	-0.610602	-0.68073	-0.687509	-0.633753	-0.512727	-0.337461	-0.128805	0.0691705	0.230526	0.353393	0.43546	0.490774	0.522125	0.531515	0.50692	0.442409	0.361701	0.283929	0.212499	0.156988	0.132598	0.133447	0.139822	0.126831	0.0977081	0.0676816	0.0367002	0.0203689	0.0106617	0.00311431	0.0157779	0.02147	0.00692738	-0.00411701	-0.00501143	-0.000850059	0	
0	0.44093	0.835666	1.1398	1.33908	1.41729	1.38243	1.24264	1.01787	0.74515	0.462377	0.21601	0.0242867	-0.104297	-0.190559	-0.24546	-0.27684	-0.284525	-0.259386	-0.212152	-0.148201	-0.0852167	-0.0366081	-0.0177757	-0.0239916	-0.0504487	-0.0738985	-0.0792852	-0.0716282	-0.0548489	-0.0322909	-0.0208772	-0.0160914	-0.0223237	-0.0346792	-0.0355288	-0.0386473	-0.0452309	-0.05114	-0.0555368	-0.0579893	-0.0648081	-0.0711072	-0.0545013	-0.0233101	0.000527367	0.026536	0.0783921	0.155491	0.241012	0.33952	0.448865	0.56282	0.668724	0.743159	0.757908	0.712952	0.601257	0.425779	0.200266	-0.0452971	-0.284717	-0.49716	-0.670737	-0.796376	-0.857366	-0.847701	-0.762874	-0.61392	-0.422519	-0.225916	-0.0500286	0.0922939	0.206052	0.304144	0.388762	0.458993	0.493744	0.491964	0.463449	0.412747	0.356175	0.306487	0.274575	0.264856	0.258123	0.226827	0.183616	0.140321	0.0904767	0.0506181	0.015649	-0.00985147	-0.00703769	-0.00482721	-0.0187453	-0.0323298	-0.0283991	-0.00901697	0	
0	0.430605	0.814894	1.11532	1.31287	1.39817	1.37535	1.25238	1.04568	0.787749	0.513672	0.266093	0.0698079	-0.0733134	-0.168306	-0.236501	-0.277946	-0.293928	-0.278645	-0.235954	-0.169032	-0.100155	-0.0399856	-0.0102834	-0.0150098	-0.0412123	-0.0683567	-0.0814912	-0.0803316	-0.06783	-0.0501833	-0.0360291	-0.0223237	-0.0256867	-0.0342195	-0.0318489	-0.0297158	-0.0294381	-0.0318396	-0.0363359	-0.0425413	-0.0544567	-0.0657869	-0.0554967	-0.0322098	-0.00592065	0.0229631	0.0761281	0.157994	0.260655	0.378544	0.502931	0.633525	0.761319	0.852895	0.882331	0.846047	0.733644	0.544657	0.30162	0.0256276	-0.257059	-0.51453	-0.734039	-0.904623	-1.01243	-1.04123	-0.986346	-0.86159	-0.686321	-0.491267	-0.304529	-0.144087	-0.00219097	0.133729	0.267309	0.387988	0.476222	0.532062	0.546895	0.521792	0.477224	0.429568	0.393993	0.37495	0.356183	0.313598	0.258851	0.204521	0.143865	0.0853335	0.0296187	-0.0052361	-0.00765041	-0.0125155	-0.0291389	-0.0416764	-0.037448	-0.0162455	0	
0	0.421528	0.797039	1.09337	1.28935	1.38009	1.36941	1.26073	1.07585	0.830895	0.57065	0.324007	0.12205	-0.030277	-0.139935	-0.219615	-0.272514	-0.300294	-0.295908	-0.259627	-0.198107	-0.122407	-0.051582	-0.0110434	-0.00368362	-0.0244673	-0.0511906	-0.0660178	-0.0700011	-0.0698461	-0.0614352	-0.0499101	-0.0346792	-0.0342195	-0.0333403	-0.0339438	-0.0322128	-0.0275539	-0.0226242	-0.0218598	-0.0187625	-0.027502	-0.0414578	-0.0405022	-0.0209368	0.00658559	0.0350478	0.0881755	0.173474	0.287391	0.419807	0.559752	0.706927	0.847345	0.947595	0.982393	0.948014	0.824362	0.619622	0.359721	0.0597642	-0.249697	-0.539192	-0.78761	-0.990399	-1.13273	-1.19585	-1.1726	-1.07195	-0.916013	-0.724273	-0.527995	-0.349453	-0.180008	-0.00946318	0.161214	0.319638	0.451364	0.5487	0.600097	0.600095	0.565723	0.525504	0.488199	0.458721	0.433283	0.382532	0.316376	0.256333	0.191469	0.122256	0.0585889	0.0195107	0.00916828	0.000764538	-0.0132121	-0.0226378	-0.0169934	-0.0021405	0	
0	0.412096	0.779999	1.06968	1.26459	1.35826	1.3582	1.26539	1.1006	0.874813	0.630282	0.389922	0.186853	0.0261849	-0.0983725	-0.189105	-0.260458	-0.299284	-0.310912	-0.285969	-0.230658	-0.151497	-0.0729434	-0.0148374	0.00309047	-0.0104909	-0.0336901	-0.0502167	-0.058578	-0.061836	-0.0591322	-0.0510364	-0.0355288	-0.0318489	-0.0339438	-0.0435747	-0.0400984	-0.0348525	-0.0258581	-0.0158484	-0.000338599	-0.00645439	-0.014554	-0.0124959	0.0109435	0.0400921	0.0721992	0.124967	0.207989	0.327948	0.470419	0.621875	0.775348	0.92007	1.0199	1.05178	1.00679	0.864418	0.643108	0.366037	0.0524777	-0.266546	-0.56612	-0.825749	-1.04237	-1.20441	-1.29833	-1.30776	-1.23631	-1.10289	-0.91924	-0.717274	-0.5207	-0.323883	-0.124431	0.0707961	0.254424	0.413198	0.53654	0.61234	0.631983	0.612879	0.580769	0.547316	0.519718	0.491589	0.440963	0.373327	0.306657	0.236497	0.161951	0.096531	0.0564389	0.0437424	0.039355	0.0264656	0.0116945	0.0129754	0.0173661	0	
0	0.403643	0.765336	1.04821	1.24128	1.33805	1.34445	1.26972	1.11994	0.917877	0.686294	0.457026	0.252685	0.0852709	-0.0527026	-0.156077	-0.242938	-0.293003	-0.319405	-0.306487	-0.260473	-0.186764	-0.102461	-0.0358926	-0.00724934	-0.0101219	-0.0285741	-0.0406959	-0.0460175	-0.0511835	-0.0555453	-0.0496751	-0.0386473	-0.0297158	-0.0322128	-0.0400984	-0.0445668	-0.0455326	-0.0373981	-0.0208103	-0.00521764	-0.00112416	0.00686338	0.0161224	0.0458905	0.0817768	0.128067	0.184784	0.27171	0.390512	0.534411	0.68613	0.837718	0.975399	1.06217	1.08213	1.01835	0.85729	0.621439	0.328822	0.0117042	-0.302612	-0.595969	-0.852427	-1.06893	-1.23493	-1.35174	-1.38953	-1.34481	-1.23362	-1.0594	-0.857899	-0.64714	-0.428745	-0.213381	-0.00814567	0.183327	0.352797	0.485913	0.573407	0.614159	0.61331	0.593389	0.573654	0.553856	0.532318	0.490777	0.424731	0.359493	0.293649	0.222338	0.160348	0.115448	0.0903973	0.0746874	0.0575666	0.0471802	0.0400838	0.0232966	0	
0	0.396257	0.749678	1.02715	1.21467	1.31256	1.32272	1.26237	1.12706	0.948818	0.733146	0.518639	0.321236	0.146546	0.00593194	-0.117437	-0.213303	-0.281665	-0.323463	-0.326582	-0.294324	-0.229904	-0.141671	-0.0682128	-0.0247583	-0.0181031	-0.0303474	-0.0407434	-0.0454581	-0.0537855	-0.0594724	-0.0580295	-0.0452309	-0.0294381	-0.0275539	-0.0348525	-0.0455326	-0.0523041	-0.0494886	-0.0345338	-0.0171504	0.00230345	0.014088	0.0308938	0.0708377	0.126518	0.190039	0.26295	0.357368	0.473506	0.61409	0.757663	0.895571	1.00623	1.0687	1.0663	0.977653	0.802227	0.555119	0.257233	-0.0553091	-0.354862	-0.629341	-0.875783	-1.07627	-1.23373	-1.35641	-1.40706	-1.38393	-1.28736	-1.13116	-0.943924	-0.732257	-0.512619	-0.294828	-0.0911547	0.0996925	0.275314	0.409623	0.502582	0.559933	0.572345	0.560479	0.551859	0.546837	0.543841	0.52588	0.483305	0.431392	0.37215	0.310585	0.248728	0.186048	0.138952	0.103097	0.0727152	0.0613924	0.0557902	0.0336769	0	
0	0.385432	0.728919	0.995942	1.17794	1.27033	1.2871	1.23314	1.11906	0.9591	0.766232	0.570139	0.379441	0.209512	0.0599967	-0.0747452	-0.180495	-0.26684	-0.318286	-0.336266	-0.319592	-0.261045	-0.178244	-0.0989494	-0.0442144	-0.0289293	-0.0351241	-0.0408425	-0.0441591	-0.0527257	-0.0592462	-0.0628467	-0.05114	-0.0318396	-0.0226242	-0.0258581	-0.0373981	-0.0494886	-0.0479918	-0.0346082	-0.0150788	0.00354959	0.0180662	0.0466985	0.0984366	0.165577	0.245153	0.338624	0.443501	0.561786	0.694383	0.822853	0.93313	1.00849	1.03842	1.00166	0.887995	0.702239	0.455356	0.163514	-0.136055	-0.411145	-0.664323	-0.891431	-1.07122	-1.21195	-1.32027	-1.37239	-1.35568	-1.26951	-1.13819	-0.972652	-0.781273	-0.576297	-0.36861	-0.177379	0.01185	0.185211	0.312463	0.406792	0.470048	0.490234	0.487049	0.48975	0.50835	0.537212	0.549962	0.538351	0.510496	0.462726	0.407437	0.343503	0.263803	0.190049	0.131694	0.0900412	0.0691603	0.0570532	0.036122	0	
0	0.377303	0.710801	0.970579	1.14319	1.2316	1.24807	1.19978	1.10101	0.957296	0.788472	0.609056	0.433696	0.270374	0.117325	-0.0207125	-0.140654	-0.236249	-0.300158	-0.334558	-0.329442	-0.285301	-0.2097	-0.125656	-0.0639942	-0.0380768	-0.0351706	-0.0377692	-0.0397124	-0.0464841	-0.0541273	-0.0662319	-0.0555368	-0.0363359	-0.0218598	-0.0158484	-0.0208103	-0.0345338	-0.0346082	-0.0248272	-0.00383509	0.0193466	0.0441651	0.0813505	0.136864	0.209422	0.301174	0.410799	0.526771	0.643279	0.761942	0.870255	0.952827	0.992885	0.983695	0.908821	0.771581	0.577487	0.332373	0.0509163	-0.230536	-0.48163	-0.709665	-0.909323	-1.06403	-1.17656	-1.25675	-1.29346	-1.27025	-1.19296	-1.08406	-0.949905	-0.793503	-0.617205	-0.437478	-0.262437	-0.081311	0.0793589	0.201853	0.294179	0.358125	0.388101	0.391877	0.404919	0.449292	0.51004	0.556088	0.577512	0.571183	0.539946	0.501104	0.436086	0.33982	0.247242	0.170429	0.116592	0.0875175	0.0662463	0.0394041	0	
0	0.370806	0.698937	0.950118	1.11724	1.19979	1.21558	1.17218	1.08484	0.958186	0.810048	0.650049	0.490071	0.335877	0.18207	0.0398045	-0.0922316	-0.197357	-0.274899	-0.3207	-0.32949	-0.299553	-0.230554	-0.149192	-0.0791423	-0.0427712	-0.0313975	-0.029431	-0.0301029	-0.0360827	-0.0495195	-0.0653077	-0.0579893	-0.0425413	-0.0187625	-0.000338599	-0.00521764	-0.0171504	-0.0150788	-0.00383509	0.025622	0.0581047	0.0913547	0.134495	0.197203	0.27486	0.372162	0.485244	0.598476	0.703357	0.803654	0.889744	0.942946	0.953209	0.912983	0.810541	0.657479	0.452397	0.208635	-0.0638983	-0.328885	-0.561748	-0.761558	-0.924717	-1.04885	-1.12667	-1.17456	-1.18886	-1.15858	-1.09124	-1.00229	-0.899166	-0.777671	-0.637402	-0.490042	-0.334348	-0.17199	-0.029606	0.0847815	0.175843	0.243635	0.280704	0.294784	0.319909	0.378026	0.459032	0.531351	0.579898	0.597665	0.589132	0.568719	0.514361	0.422182	0.319568	0.223401	0.157701	0.121504	0.0914246	0.0542041	0	
0	0.367277	0.692749	0.937384	1.10053	1.17754	1.19111	1.15243	1.07121	0.962421	0.830372	0.690263	0.547634	0.400495	0.251463	0.100707	-0.0422833	-0.161322	-0.253491	-0.313481	-0.334785	-0.319249	-0.258721	-0.178633	-0.103248	-0.0558656	-0.0347385	-0.0281533	-0.0260446	-0.0301777	-0.0458941	-0.0619315	-0.0648081	-0.0544567	-0.027502	-0.00645439	-0.00112416	0.00230345	0.00354959	0.0193466	0.0581047	0.0985775	0.140146	0.200151	0.274158	0.355591	0.445025	0.547634	0.649069	0.738501	0.811831	0.863807	0.890702	0.886994	0.831667	0.720158	0.561018	0.353213	0.109425	-0.156361	-0.412868	-0.635974	-0.804555	-0.93068	-1.0169	-1.06092	-1.0798	-1.07379	-1.04474	-0.990136	-0.920615	-0.842761	-0.750656	-0.645417	-0.528873	-0.395004	-0.256614	-0.134766	-0.02609	0.0694912	0.145637	0.191337	0.214107	0.243953	0.301367	0.386086	0.468324	0.531051	0.577124	0.603591	0.605067	0.569163	0.4971	0.403323	0.308085	0.229481	0.163857	0.114789	0.0706289	0	
0	0.362617	0.681429	0.92075	1.07609	1.14725	1.15833	1.11986	1.04769	0.951878	0.837922	0.719709	0.594035	0.46219	0.318876	0.164424	0.0130229	-0.120174	-0.229043	-0.300263	-0.341575	-0.338955	-0.293249	-0.22037	-0.14238	-0.0817821	-0.0497744	-0.0281255	-0.0183006	-0.0195569	-0.0349245	-0.0556864	-0.0711072	-0.0657869	-0.0414578	-0.014554	0.00686338	0.014088	0.0180662	0.0441651	0.0913547	0.140146	0.201851	0.273428	0.352475	0.429889	0.508603	0.59372	0.673976	0.735406	0.770833	0.789987	0.798376	0.787027	0.727665	0.624879	0.477365	0.276721	0.0391191	-0.216054	-0.467197	-0.678011	-0.822074	-0.913616	-0.963924	-0.980551	-0.97584	-0.960096	-0.935322	-0.897036	-0.848348	-0.791119	-0.726735	-0.652855	-0.56199	-0.451262	-0.335909	-0.22789	-0.123194	-0.0180666	0.0715145	0.123958	0.157941	0.187039	0.225445	0.299235	0.377062	0.440324	0.508483	0.570197	0.607037	0.606917	0.562781	0.486892	0.397999	0.306659	0.222637	0.155438	0.0882076	0	
