0	0	0	0	0	0	0	0	0	0	0	0	0	0	0	0	0	0	0	0	0	0	0	0	0	0	0	0	0	0	0	0	0	0	0	0	0	0	0	0	0	0	0	0	0	0	0	0	0	0	0	0	0	0	0	0	0	0	0	0	0	0	0	0	0	0	0	0	0	0	0	0	0	0	0	0	0	0	0	0	0	0	0	0	0	0	0	0	0	0	0	0	0	0	0	0	0	0	0	0	
0	-0.0352727	-0.070772	-0.104446	-0.130944	-0.145729	-0.145441	-0.130194	-0.100753	-0.0602103	-0.0145529	0.0312253	0.075807	0.122772	0.171487	0.220272	0.264474	0.29974	0.318704	0.321186	0.3097	0.287223	0.256044	0.22079	0.188529	0.158594	0.133771	0.111826	0.090419	0.070767	0.0573853	0.051525	0.0470165	0.0368345	0.0198249	-0.00636629	-0.0390121	-0.0749138	-0.109611	-0.137008	-0.152508	-0.158414	-0.158229	-0.161233	-0.169014	-0.183146	-0.19957	-0.215534	-0.227927	-0.239526	-0.25276	-0.267743	-0.28113	-0.296157	-0.310726	-0.323226	-0.331891	-0.333625	-0.330082	-0.319365	-0.295115	-0.259791	-0.215483	-0.167412	-0.12348	-0.0894864	-0.0709592	-0.0703683	-0.0853459	-0.111408	-0.145349	-0.182883	-0.222376	-0.262958	-0.303369	-0.341972	-0.3778	-0.403231	-0.41285	-0.408804	-0.392675	-0.366923	-0.338965	-0.314351	-0.292353	-0.273455	-0.255107	-0.238452	-0.223314	-0.208789	-0.199552	-0.19181	-0.181292	-0.165803	-0.143395	-0.114287	-0.0816675	-0.0514449	-0.0243746	0	
0	-0.070772	-0.142957	-0.210027	-0.265923	-0.297688	-0.304109	-0.281221	-0.232444	-0.161352	-0.0772662	0.0087103	0.0975149	0.191267	0.290137	0.386482	0.472305	0.538973	0.575603	0.582384	0.56767	0.533546	0.483763	0.423641	0.364252	0.307544	0.25774	0.214914	0.17489	0.137229	0.111343	0.0963132	0.0805307	0.0556364	0.0195654	-0.0265223	-0.0789959	-0.135251	-0.191258	-0.237647	-0.27037	-0.287726	-0.297467	-0.311486	-0.333885	-0.363604	-0.399156	-0.431071	-0.45659	-0.479829	-0.505531	-0.530754	-0.553042	-0.578835	-0.602926	-0.62774	-0.648165	-0.654655	-0.650124	-0.630839	-0.580722	-0.505224	-0.414308	-0.318395	-0.230617	-0.162408	-0.122987	-0.120131	-0.146192	-0.193677	-0.255328	-0.323556	-0.398779	-0.476214	-0.556641	-0.632263	-0.702439	-0.75572	-0.780651	-0.783697	-0.7607	-0.716659	-0.666158	-0.616009	-0.569962	-0.531746	-0.497501	-0.468795	-0.44402	-0.419279	-0.398364	-0.37649	-0.349201	-0.312733	-0.26828	-0.216766	-0.158483	-0.103119	-0.0512052	0	
0	-0.104446	-0.210027	-0.311287	-0.395022	-0.45023	-0.469771	-0.453076	-0.39948	-0.312608	-0.203991	-0.0846912	0.0421126	0.181884	0.326845	0.465929	0.58454	0.674273	0.72197	0.734886	0.723433	0.69252	0.639571	0.56811	0.493124	0.414591	0.345888	0.287068	0.23329	0.18449	0.147655	0.122529	0.0937277	0.050116	-0.000999455	-0.0588771	-0.117565	-0.178261	-0.242171	-0.302651	-0.350375	-0.386586	-0.412517	-0.445256	-0.484568	-0.534026	-0.585261	-0.632707	-0.669031	-0.701239	-0.735121	-0.77009	-0.798486	-0.831775	-0.866871	-0.900771	-0.927117	-0.934114	-0.92418	-0.89054	-0.815869	-0.708929	-0.578377	-0.439937	-0.314466	-0.215725	-0.156313	-0.142568	-0.168498	-0.225288	-0.307548	-0.40564	-0.514474	-0.628554	-0.741691	-0.847718	-0.946506	-1.02146	-1.06183	-1.07458	-1.05953	-1.01546	-0.955126	-0.891006	-0.824683	-0.765531	-0.71409	-0.675781	-0.645506	-0.611933	-0.581362	-0.543681	-0.494428	-0.438037	-0.376111	-0.308004	-0.233586	-0.158798	-0.0805186	0	
0	-0.130944	-0.265923	-0.395022	-0.508937	-0.588243	-0.632193	-0.632701	-0.590087	-0.503085	-0.381642	-0.241124	-0.0813682	0.0958418	0.281026	0.452249	0.593729	0.695162	0.748292	0.763276	0.760121	0.738618	0.69393	0.624735	0.545655	0.461321	0.385228	0.321625	0.263994	0.207549	0.164231	0.131073	0.0903086	0.0356091	-0.0260977	-0.0869794	-0.143569	-0.201823	-0.267964	-0.334993	-0.397412	-0.448177	-0.493032	-0.544813	-0.60536	-0.670689	-0.73758	-0.792875	-0.834179	-0.871381	-0.915854	-0.962145	-1.00345	-1.05014	-1.0908	-1.1275	-1.15068	-1.145	-1.11892	-1.07093	-0.975785	-0.844391	-0.692445	-0.533853	-0.384844	-0.259262	-0.171454	-0.137275	-0.151348	-0.209133	-0.304754	-0.426561	-0.570501	-0.719544	-0.864872	-0.990416	-1.09931	-1.18135	-1.22776	-1.25519	-1.2548	-1.22383	-1.17469	-1.11077	-1.03745	-0.967428	-0.901796	-0.850177	-0.808685	-0.764718	-0.72216	-0.672083	-0.611218	-0.541303	-0.468102	-0.390112	-0.300542	-0.207467	-0.107536	0	
0	-0.145729	-0.297688	-0.45023	-0.588243	-0.697505	-0.770306	-0.800952	-0.781374	-0.707488	-0.588407	-0.438124	-0.261582	-0.0590345	0.150597	0.342979	0.496818	0.606115	0.661447	0.682508	0.688746	0.684145	0.656071	0.6011	0.536296	0.461442	0.394346	0.335004	0.274357	0.211356	0.158545	0.119838	0.0771447	0.0197907	-0.0389623	-0.0963927	-0.148031	-0.202388	-0.268171	-0.339228	-0.404586	-0.463641	-0.517124	-0.585206	-0.66323	-0.74967	-0.830686	-0.89725	-0.943634	-0.985926	-1.03812	-1.09824	-1.15186	-1.20772	-1.25516	-1.28796	-1.2983	-1.27492	-1.23242	-1.16978	-1.06618	-0.932044	-0.77395	-0.603986	-0.440048	-0.29456	-0.183892	-0.124917	-0.118741	-0.165695	-0.265576	-0.405359	-0.570987	-0.742552	-0.902404	-1.03728	-1.15314	-1.23791	-1.28871	-1.32395	-1.34251	-1.33426	-1.30459	-1.25994	-1.19594	-1.12438	-1.04897	-0.982775	-0.924219	-0.861196	-0.806245	-0.747924	-0.679576	-0.606134	-0.52759	-0.439609	-0.339063	-0.233569	-0.119787	0	
0	-0.145441	-0.304109	-0.469771	-0.632193	-0.770306	-0.880224	-0.946548	-0.959274	-0.908307	-0.802014	-0.657832	-0.47873	-0.269928	-0.0487913	0.153243	0.317704	0.434425	0.499049	0.527843	0.54906	0.56259	0.557329	0.527973	0.489551	0.441678	0.394205	0.344075	0.281938	0.206671	0.143872	0.100952	0.0595995	0.0101053	-0.0415721	-0.0892793	-0.131772	-0.178452	-0.237786	-0.301884	-0.36342	-0.4173	-0.473985	-0.550178	-0.645843	-0.751019	-0.853498	-0.936356	-0.996655	-1.04931	-1.11331	-1.18071	-1.23704	-1.29203	-1.33001	-1.35364	-1.35566	-1.32492	-1.27891	-1.22174	-1.12208	-0.98797	-0.830922	-0.659918	-0.486958	-0.324262	-0.191764	-0.113275	-0.0917512	-0.12861	-0.220549	-0.353646	-0.518638	-0.691288	-0.855169	-0.993379	-1.11338	-1.20703	-1.26878	-1.31923	-1.35013	-1.35435	-1.34242	-1.31429	-1.26878	-1.21305	-1.14164	-1.06807	-0.992075	-0.907093	-0.831449	-0.759216	-0.684619	-0.606417	-0.524543	-0.433547	-0.328288	-0.222074	-0.113205	0	
0	-0.130194	-0.281221	-0.453076	-0.632701	-0.800952	-0.946548	-1.05194	-1.09891	-1.07658	-0.993697	-0.869202	-0.707223	-0.509323	-0.293843	-0.0894825	0.0809263	0.209767	0.285074	0.328246	0.364132	0.39964	0.420428	0.421373	0.416745	0.399312	0.374643	0.335274	0.27038	0.188077	0.117796	0.0755133	0.0412972	-3.60375e-05	-0.0404688	-0.077534	-0.108261	-0.142479	-0.190827	-0.244496	-0.293608	-0.337911	-0.385001	-0.460355	-0.562122	-0.683751	-0.807304	-0.915182	-0.996429	-1.06505	-1.13558	-1.20095	-1.24603	-1.28261	-1.30547	-1.31704	-1.31444	-1.28749	-1.25539	-1.21462	-1.13528	-1.02023	-0.872282	-0.701582	-0.524346	-0.355335	-0.214023	-0.124724	-0.0895592	-0.110526	-0.186208	-0.302232	-0.446098	-0.598943	-0.748005	-0.882468	-1.0111	-1.11755	-1.19152	-1.24879	-1.28718	-1.29885	-1.29426	-1.28242	-1.25511	-1.21474	-1.15398	-1.08154	-0.997558	-0.895994	-0.801704	-0.712408	-0.622674	-0.537416	-0.455304	-0.369116	-0.275879	-0.185305	-0.0937945	0	
0	-0.100753	-0.232444	-0.39948	-0.590087	-0.781374	-0.959274	-1.09891	-1.17941	-1.18789	-1.13634	-1.04424	-0.913556	-0.742291	-0.542609	-0.345455	-0.170584	-0.0345495	0.053538	0.107822	0.160504	0.216873	0.263998	0.294085	0.31811	0.327083	0.32264	0.294988	0.237685	0.158106	0.0934351	0.0578065	0.0307053	-0.00347153	-0.0385636	-0.0665878	-0.0855996	-0.107563	-0.142805	-0.184626	-0.221469	-0.249435	-0.283342	-0.346608	-0.445712	-0.573633	-0.711457	-0.83653	-0.935376	-1.01329	-1.08651	-1.1446	-1.17294	-1.18955	-1.19175	-1.19088	-1.18569	-1.16848	-1.15485	-1.14417	-1.09664	-1.00955	-0.888225	-0.739141	-0.573835	-0.405951	-0.261158	-0.164163	-0.119336	-0.126216	-0.179084	-0.265785	-0.379812	-0.50699	-0.636128	-0.757618	-0.877553	-0.980699	-1.05597	-1.11618	-1.157	-1.17347	-1.17845	-1.17556	-1.16004	-1.13156	-1.07791	-1.01091	-0.927391	-0.821191	-0.717626	-0.615246	-0.514217	-0.422831	-0.34426	-0.273111	-0.201811	-0.136325	-0.0703616	0	
0	-0.0602103	-0.161352	-0.312608	-0.503085	-0.707488	-0.908307	-1.07658	-1.18789	-1.23133	-1.21853	-1.16995	-1.08169	-0.946533	-0.772661	-0.588164	-0.418377	-0.278447	-0.184021	-0.11655	-0.0466975	0.0338393	0.106546	0.160864	0.204657	0.231884	0.242977	0.231976	0.190232	0.128425	0.0782507	0.0555829	0.0358825	0.00456755	-0.0296799	-0.0558704	-0.0704075	-0.0841882	-0.11127	-0.140703	-0.162001	-0.172602	-0.187578	-0.237562	-0.330553	-0.45763	-0.598557	-0.72653	-0.823004	-0.896314	-0.961137	-1.00784	-1.02487	-1.02643	-1.01553	-1.00419	-0.996307	-0.985997	-0.994145	-1.01503	-1.01105	-0.970734	-0.889059	-0.771741	-0.630331	-0.481069	-0.34433	-0.247382	-0.19252	-0.180158	-0.20722	-0.262591	-0.342386	-0.434492	-0.531392	-0.625082	-0.722705	-0.808003	-0.868667	-0.920433	-0.964336	-0.992349	-1.00984	-1.01916	-1.00986	-0.981069	-0.927359	-0.861072	-0.783287	-0.685245	-0.587142	-0.489308	-0.388893	-0.299211	-0.228104	-0.169534	-0.119029	-0.0792679	-0.0407672	0	
0	-0.0145529	-0.0772662	-0.203991	-0.381642	-0.588407	-0.802014	-0.993697	-1.13634	-1.21853	-1.25261	-1.25292	-1.21228	-1.11711	-0.972288	-0.808194	-0.648321	-0.513503	-0.413695	-0.333902	-0.243258	-0.13799	-0.0414507	0.0310277	0.0884923	0.128428	0.156155	0.163771	0.144729	0.104168	0.0740712	0.0645005	0.053697	0.0240063	-0.0138386	-0.0449821	-0.0626644	-0.0772415	-0.0969719	-0.116439	-0.122058	-0.115521	-0.118385	-0.159107	-0.246207	-0.369311	-0.500275	-0.612743	-0.692389	-0.745478	-0.792208	-0.825006	-0.828389	-0.81605	-0.794038	-0.777419	-0.77181	-0.778569	-0.81356	-0.872242	-0.911651	-0.913892	-0.875145	-0.797321	-0.689599	-0.565036	-0.449934	-0.363558	-0.307507	-0.279907	-0.276279	-0.292273	-0.326088	-0.37414	-0.428445	-0.483627	-0.544345	-0.598906	-0.644182	-0.69123	-0.739568	-0.778153	-0.805332	-0.818655	-0.810685	-0.781308	-0.728017	-0.667947	-0.598932	-0.514212	-0.433082	-0.351107	-0.267256	-0.192057	-0.130204	-0.0811893	-0.0429804	-0.0206516	-0.00908949	0	
0	0.0312253	0.0087103	-0.0846912	-0.241124	-0.438124	-0.657832	-0.869202	-1.04424	-1.16995	-1.25292	-1.30365	-1.3081	-1.25094	-1.13653	-0.994019	-0.850043	-0.721955	-0.619563	-0.527312	-0.418653	-0.293917	-0.18125	-0.0955948	-0.0289542	0.0258686	0.0707817	0.0995346	0.101328	0.0826077	0.0708447	0.0782397	0.0775273	0.0522816	0.00929882	-0.0312044	-0.0587826	-0.0767232	-0.0959166	-0.106747	-0.103413	-0.0894322	-0.0875682	-0.125458	-0.210469	-0.323492	-0.438843	-0.528983	-0.579879	-0.604744	-0.623868	-0.629732	-0.612074	-0.581936	-0.549367	-0.532852	-0.541745	-0.57444	-0.644577	-0.740787	-0.820775	-0.860436	-0.853075	-0.806908	-0.732839	-0.645582	-0.559354	-0.491187	-0.439252	-0.398849	-0.367139	-0.34097	-0.327321	-0.322942	-0.323883	-0.330292	-0.351946	-0.383176	-0.415155	-0.457459	-0.506829	-0.546885	-0.572834	-0.583222	-0.574939	-0.549153	-0.505603	-0.457504	-0.40534	-0.342074	-0.282601	-0.227746	-0.169039	-0.113043	-0.0655048	-0.0225242	0.00928714	0.020006	0.0149458	0	
0	0.075807	0.0975149	0.0421126	-0.0813682	-0.261582	-0.47873	-0.707223	-0.913556	-1.08169	-1.21228	-1.3081	-1.35349	-1.33151	-1.24681	-1.12834	-1.00113	-0.882612	-0.780872	-0.682699	-0.566994	-0.435401	-0.315453	-0.221381	-0.141887	-0.0698359	-0.00466041	0.0422477	0.0604439	0.0575968	0.0634676	0.0852276	0.0991298	0.0805975	0.0379791	-0.00731132	-0.0400787	-0.063998	-0.0852372	-0.102473	-0.104413	-0.0966758	-0.0994717	-0.136978	-0.214115	-0.3161	-0.413292	-0.479945	-0.505272	-0.498087	-0.478944	-0.446989	-0.395523	-0.337686	-0.295269	-0.286917	-0.318155	-0.386987	-0.495239	-0.625593	-0.736624	-0.804108	-0.826827	-0.812329	-0.770742	-0.712091	-0.653483	-0.601741	-0.552102	-0.500968	-0.446716	-0.390986	-0.33464	-0.281968	-0.233489	-0.195065	-0.177514	-0.179105	-0.198484	-0.233927	-0.276286	-0.309034	-0.325072	-0.328918	-0.322772	-0.306919	-0.283233	-0.260005	-0.231979	-0.195654	-0.162642	-0.130497	-0.0957694	-0.0625696	-0.0324292	-0.00630419	0.0127395	0.0185735	0.0119028	0	
0	0.122772	0.191267	0.181884	0.0958418	-0.0590345	-0.269928	-0.509323	-0.742291	-0.946533	-1.11711	-1.25094	-1.33151	-1.34103	-1.28433	-1.18703	-1.07463	-0.966579	-0.870963	-0.780189	-0.67356	-0.551512	-0.435699	-0.335572	-0.244059	-0.152594	-0.0681989	-0.00514522	0.0273098	0.0396448	0.0603258	0.0969454	0.12226	0.114394	0.0775346	0.0356981	0.00257929	-0.0248485	-0.056993	-0.0879448	-0.106577	-0.11251	-0.123907	-0.162702	-0.238007	-0.331874	-0.416807	-0.464406	-0.460116	-0.415469	-0.351849	-0.275279	-0.18812	-0.108068	-0.0586499	-0.0591455	-0.113382	-0.21429	-0.355878	-0.518032	-0.662099	-0.759771	-0.808649	-0.819241	-0.800888	-0.762032	-0.711928	-0.658802	-0.604995	-0.546544	-0.481048	-0.407059	-0.330173	-0.251108	-0.169313	-0.0971615	-0.0483945	-0.0265146	-0.022057	-0.0324269	-0.0516238	-0.0665209	-0.0745265	-0.0789165	-0.0839923	-0.0865362	-0.0862101	-0.0892624	-0.0916879	-0.0884289	-0.0835188	-0.0764523	-0.0615606	-0.0449132	-0.0333518	-0.0232289	-0.0164807	-0.0131608	-0.00704037	0	
0	0.171487	0.290137	0.326845	0.281026	0.150597	-0.0487913	-0.293843	-0.542609	-0.772661	-0.972288	-1.13653	-1.24681	-1.28433	-1.25198	-1.17091	-1.07136	-0.974448	-0.894659	-0.822845	-0.739602	-0.638043	-0.531745	-0.429279	-0.327049	-0.219729	-0.120061	-0.0424483	0.00152357	0.0262569	0.0584454	0.10307	0.140167	0.1455	0.123756	0.0937464	0.0656274	0.0329293	-0.0116913	-0.0626237	-0.100032	-0.123849	-0.148076	-0.196265	-0.275163	-0.367403	-0.441904	-0.467291	-0.43161	-0.34845	-0.241199	-0.124731	-0.00994386	0.0899382	0.143431	0.134922	0.0637458	-0.0623592	-0.232369	-0.421045	-0.592637	-0.718715	-0.793344	-0.821568	-0.809141	-0.765287	-0.705612	-0.640428	-0.574977	-0.509233	-0.442846	-0.3725	-0.294212	-0.209793	-0.122628	-0.0423359	0.0235067	0.0728097	0.10881	0.132463	0.145411	0.149983	0.148058	0.135912	0.113525	0.0902665	0.0628614	0.0325591	0.00435136	-0.0209593	-0.0392281	-0.0509089	-0.056253	-0.0591043	-0.0643756	-0.0686107	-0.0674567	-0.0563927	-0.0323126	0	
0	0.220272	0.386482	0.465929	0.452249	0.342979	0.153243	-0.0894825	-0.345455	-0.588164	-0.808194	-0.994019	-1.12834	-1.18703	-1.17091	-1.09984	-1.00735	-0.923778	-0.862591	-0.81607	-0.759898	-0.682373	-0.590499	-0.49209	-0.387758	-0.2745	-0.164322	-0.0770274	-0.0219054	0.0127522	0.0539631	0.106853	0.155765	0.178091	0.172587	0.15256	0.126332	0.087903	0.0342789	-0.0271326	-0.0776426	-0.116952	-0.161094	-0.228719	-0.321545	-0.417165	-0.480008	-0.479237	-0.407992	-0.287022	-0.142174	0.00115038	0.132302	0.23703	0.288157	0.271803	0.189209	0.0455055	-0.142499	-0.349617	-0.542484	-0.684894	-0.767834	-0.792555	-0.767031	-0.701519	-0.616801	-0.528225	-0.44981	-0.382298	-0.321725	-0.262527	-0.201091	-0.137055	-0.0678503	0.000152267	0.0658694	0.126863	0.187169	0.2419	0.282177	0.302875	0.303082	0.284357	0.248075	0.206606	0.159304	0.108891	0.0620119	0.0171201	-0.0212395	-0.053788	-0.0822502	-0.104688	-0.11941	-0.122059	-0.110183	-0.0836525	-0.0445709	0	
0	0.264474	0.472305	0.58454	0.593729	0.496818	0.317704	0.0809263	-0.170584	-0.418377	-0.648321	-0.850043	-1.00113	-1.07463	-1.07136	-1.00735	-0.92601	-0.857231	-0.817288	-0.792605	-0.758253	-0.701446	-0.624128	-0.533899	-0.43464	-0.320261	-0.207411	-0.113275	-0.0539645	-0.0121891	0.0364484	0.0981942	0.16029	0.19675	0.201961	0.185605	0.157423	0.117949	0.0642283	0.00132175	-0.0552266	-0.112251	-0.178125	-0.267404	-0.373576	-0.467448	-0.515551	-0.489692	-0.387961	-0.239113	-0.0706832	0.0906599	0.226101	0.329661	0.372898	0.346567	0.251814	0.0961783	-0.101955	-0.313641	-0.505144	-0.643914	-0.713072	-0.71385	-0.65595	-0.55857	-0.446033	-0.337685	-0.250755	-0.182926	-0.132011	-0.0899482	-0.0531064	-0.0177677	0.0206094	0.0628901	0.115072	0.174521	0.241091	0.301561	0.34786	0.371654	0.372133	0.351259	0.30971	0.259411	0.196213	0.133861	0.077434	0.0198469	-0.0287943	-0.0759362	-0.121164	-0.153395	-0.169777	-0.163072	-0.136755	-0.0976808	-0.048436	0	
0	0.29974	0.538973	0.674273	0.695162	0.606115	0.434425	0.209767	-0.0345495	-0.278447	-0.513503	-0.721955	-0.882612	-0.966579	-0.974448	-0.923778	-0.857231	-0.806766	-0.783817	-0.772709	-0.752295	-0.711599	-0.649437	-0.571842	-0.480407	-0.373276	-0.262023	-0.169916	-0.10777	-0.0590354	0.0027566	0.0771254	0.150501	0.193809	0.199764	0.178606	0.148017	0.108548	0.0606583	0.00191379	-0.0583522	-0.12428	-0.203735	-0.304547	-0.412161	-0.501153	-0.537491	-0.49375	-0.375533	-0.214255	-0.0324923	0.132052	0.265192	0.360351	0.39383	0.357756	0.257133	0.0956059	-0.10368	-0.307678	-0.484901	-0.596656	-0.630954	-0.588249	-0.487666	-0.352085	-0.21475	-0.0943444	-0.00164594	0.0638925	0.104976	0.127275	0.139198	0.144785	0.149489	0.162044	0.191957	0.233406	0.281945	0.326008	0.360312	0.376347	0.372325	0.349496	0.306458	0.252667	0.184753	0.117066	0.0557778	-0.0100602	-0.069326	-0.11959	-0.164109	-0.1888	-0.188651	-0.170805	-0.137003	-0.093312	-0.0469535	0	
0	0.318704	0.575603	0.72197	0.748292	0.661447	0.499049	0.285074	0.053538	-0.184021	-0.413695	-0.619563	-0.780872	-0.870963	-0.894659	-0.862591	-0.817288	-0.783817	-0.771588	-0.766651	-0.752717	-0.725386	-0.677595	-0.611753	-0.532075	-0.436091	-0.337219	-0.251719	-0.190664	-0.131267	-0.0549266	0.031599	0.111506	0.156462	0.162522	0.141098	0.110039	0.0739245	0.0281869	-0.0303938	-0.0907624	-0.161484	-0.241645	-0.338839	-0.440086	-0.518051	-0.543576	-0.493699	-0.372304	-0.213455	-0.039803	0.118184	0.240946	0.326611	0.353925	0.317172	0.216457	0.0571392	-0.134809	-0.323108	-0.47	-0.546071	-0.53303	-0.438712	-0.290895	-0.121723	0.0401462	0.178264	0.274475	0.335596	0.364237	0.367939	0.349986	0.32263	0.299564	0.286754	0.28979	0.302006	0.322601	0.337328	0.34869	0.350322	0.335648	0.306154	0.260925	0.207274	0.138747	0.0733104	0.0111063	-0.0595315	-0.116786	-0.159931	-0.189094	-0.193384	-0.181205	-0.15647	-0.124573	-0.0890466	-0.0438152	0	
0	0.321186	0.582384	0.734886	0.763276	0.682508	0.527843	0.328246	0.107822	-0.11655	-0.333902	-0.527312	-0.682699	-0.780189	-0.822845	-0.81607	-0.792605	-0.772709	-0.766651	-0.762107	-0.752488	-0.735118	-0.699086	-0.645373	-0.57893	-0.503353	-0.423103	-0.351023	-0.291475	-0.225428	-0.139534	-0.047861	0.0340859	0.0851336	0.1013	0.0893358	0.0658928	0.0307867	-0.0153914	-0.073005	-0.134361	-0.200967	-0.275047	-0.364548	-0.451949	-0.517167	-0.535117	-0.481376	-0.366103	-0.223644	-0.0645861	0.0759523	0.184515	0.259027	0.281527	0.243397	0.146268	-0.00614948	-0.186391	-0.35059	-0.463865	-0.495674	-0.438077	-0.299657	-0.111915	0.0934388	0.28165	0.433895	0.543251	0.606716	0.620422	0.594783	0.548925	0.499012	0.449678	0.412625	0.392369	0.377638	0.365512	0.347447	0.332315	0.31355	0.283642	0.245441	0.2013	0.153453	0.092199	0.0321648	-0.0261141	-0.0918946	-0.141577	-0.167733	-0.182024	-0.17756	-0.159115	-0.139745	-0.113591	-0.08048	-0.0424117	0	
0	0.3097	0.56767	0.723433	0.760121	0.688746	0.54906	0.364132	0.160504	-0.0466975	-0.243258	-0.418653	-0.566994	-0.67356	-0.739602	-0.759898	-0.758253	-0.752295	-0.752717	-0.752488	-0.74753	-0.739468	-0.713678	-0.671468	-0.620962	-0.566872	-0.506857	-0.446672	-0.392409	-0.327854	-0.244969	-0.157869	-0.0747763	-0.0136933	0.0198881	0.0233072	0.0070285	-0.0246579	-0.0674414	-0.120249	-0.172079	-0.230916	-0.295356	-0.371515	-0.444802	-0.495515	-0.50259	-0.448191	-0.341052	-0.212074	-0.0726945	0.0518197	0.145239	0.204357	0.214998	0.171075	0.0721705	-0.0762472	-0.243287	-0.384835	-0.461341	-0.456609	-0.360035	-0.182612	0.0379196	0.267137	0.4765	0.648947	0.762923	0.8182	0.819129	0.779437	0.713974	0.64451	0.582613	0.529885	0.483877	0.441401	0.404656	0.36071	0.321569	0.2838	0.23861	0.194581	0.157036	0.120439	0.0693327	0.0187443	-0.0305374	-0.0852812	-0.120109	-0.134606	-0.143003	-0.13904	-0.128734	-0.114512	-0.092589	-0.0665318	-0.0327742	0	
0	0.287223	0.533546	0.69252	0.738618	0.684145	0.56259	0.39964	0.216873	0.0338393	-0.13799	-0.293917	-0.435401	-0.551512	-0.638043	-0.682373	-0.701446	-0.711599	-0.725386	-0.735118	-0.739468	-0.741436	-0.727087	-0.696698	-0.659295	-0.621114	-0.573953	-0.524139	-0.479768	-0.428261	-0.360442	-0.283212	-0.203676	-0.134561	-0.0890241	-0.0767233	-0.087234	-0.113655	-0.148394	-0.186357	-0.22508	-0.268542	-0.315688	-0.372673	-0.422466	-0.450491	-0.442623	-0.381543	-0.277451	-0.162273	-0.0387321	0.0685082	0.145183	0.185917	0.181411	0.124785	0.0166641	-0.134097	-0.296031	-0.419032	-0.46626	-0.425182	-0.294203	-0.0882718	0.156373	0.405749	0.625717	0.794262	0.903282	0.951566	0.940151	0.889721	0.823908	0.757875	0.686974	0.616837	0.551114	0.487528	0.429593	0.367202	0.313071	0.26678	0.218915	0.17672	0.14646	0.116539	0.0748702	0.0381337	0.00732009	-0.0250559	-0.0449258	-0.0536382	-0.0659735	-0.0728085	-0.0720948	-0.0686306	-0.0563021	-0.03978	-0.0205134	0	
0	0.256044	0.483763	0.639571	0.69393	0.656071	0.557329	0.420428	0.263998	0.106546	-0.0414507	-0.18125	-0.315453	-0.435699	-0.531745	-0.590499	-0.624128	-0.649437	-0.677595	-0.699086	-0.713678	-0.727087	-0.725118	-0.70535	-0.67542	-0.645234	-0.608384	-0.571974	-0.546068	-0.516308	-0.467699	-0.40581	-0.336226	-0.272575	-0.23004	-0.218645	-0.228879	-0.250454	-0.272722	-0.292927	-0.309294	-0.326933	-0.346682	-0.371801	-0.38948	-0.38744	-0.355642	-0.28017	-0.173867	-0.063927	0.0452097	0.136817	0.195429	0.213448	0.185008	0.105863	-0.0197746	-0.179054	-0.339144	-0.449054	-0.470528	-0.403348	-0.249577	-0.0217322	0.240033	0.497352	0.717918	0.881779	0.97826	1.01152	0.99697	0.952814	0.892049	0.826491	0.752677	0.672357	0.587903	0.508432	0.437914	0.36319	0.302163	0.257126	0.214198	0.179275	0.158606	0.13858	0.112128	0.0988324	0.0961186	0.0874232	0.078977	0.0692523	0.0481683	0.030456	0.0188871	0.00850479	0.00450076	0.00115628	-0.000280298	0	
0	0.22079	0.423641	0.56811	0.624735	0.6011	0.527973	0.421373	0.294085	0.160864	0.0310277	-0.0955948	-0.221381	-0.335572	-0.429279	-0.49209	-0.533899	-0.571842	-0.611753	-0.645373	-0.671468	-0.696698	-0.70535	-0.688819	-0.65675	-0.628414	-0.600961	-0.583515	-0.580227	-0.574789	-0.551569	-0.515016	-0.47378	-0.43581	-0.41099	-0.409093	-0.420696	-0.434689	-0.44107	-0.435761	-0.420928	-0.405432	-0.390167	-0.378446	-0.358286	-0.319042	-0.254769	-0.158314	-0.0415677	0.0695483	0.171805	0.253786	0.299176	0.29386	0.235557	0.126117	-0.0251042	-0.19978	-0.36213	-0.462394	-0.467556	-0.384143	-0.217827	0.015552	0.278714	0.536384	0.752988	0.908792	0.999623	1.03254	1.01811	0.973593	0.914122	0.847035	0.769531	0.684932	0.597633	0.513839	0.4363	0.357281	0.293878	0.25547	0.224956	0.200332	0.190022	0.18327	0.179134	0.191965	0.213774	0.226749	0.228741	0.220432	0.197773	0.170598	0.142576	0.113313	0.0865706	0.0577467	0.0290595	0	
0	0.188529	0.364252	0.493124	0.545655	0.536296	0.489551	0.416745	0.31811	0.204657	0.0884923	-0.0289542	-0.141887	-0.244059	-0.327049	-0.387758	-0.43464	-0.480407	-0.532075	-0.57893	-0.620962	-0.659295	-0.67542	-0.65675	-0.620822	-0.594005	-0.58074	-0.580659	-0.595336	-0.609835	-0.613071	-0.611024	-0.611643	-0.610387	-0.61496	-0.629835	-0.649133	-0.659837	-0.649912	-0.61383	-0.562454	-0.504338	-0.446353	-0.389956	-0.326497	-0.247769	-0.154529	-0.0377825	0.0924773	0.215312	0.327357	0.417688	0.460348	0.43685	0.348318	0.204353	0.0242267	-0.165418	-0.335086	-0.437916	-0.443738	-0.362429	-0.203744	0.0209887	0.279509	0.530624	0.738911	0.884816	0.97036	1.00258	0.993786	0.954801	0.893431	0.82107	0.738947	0.653737	0.570383	0.495204	0.42756	0.358894	0.308256	0.282738	0.262173	0.248893	0.255473	0.270256	0.288379	0.316314	0.343393	0.357497	0.362573	0.3606	0.344599	0.317688	0.2797	0.231562	0.181372	0.125219	0.0631047	0	
0	0.158594	0.307544	0.414591	0.461321	0.461442	0.441678	0.399312	0.327083	0.231884	0.128428	0.0258686	-0.0698359	-0.152594	-0.219729	-0.2745	-0.320261	-0.373276	-0.436091	-0.503353	-0.566872	-0.621114	-0.645234	-0.628414	-0.594005	-0.575446	-0.572078	-0.58046	-0.599197	-0.6252	-0.652198	-0.687265	-0.729234	-0.769591	-0.807037	-0.845713	-0.878858	-0.890832	-0.866863	-0.806519	-0.71928	-0.620508	-0.518617	-0.414479	-0.30795	-0.194468	-0.0719621	0.0673849	0.218002	0.365066	0.495284	0.595719	0.639345	0.604239	0.495615	0.333144	0.140675	-0.0631364	-0.249041	-0.372381	-0.400869	-0.339372	-0.195202	0.0186434	0.262988	0.497253	0.685184	0.817035	0.895882	0.927993	0.922407	0.883003	0.820733	0.746375	0.668788	0.589177	0.51246	0.451865	0.408956	0.375876	0.357646	0.357806	0.356278	0.35444	0.37037	0.397158	0.424442	0.449535	0.467876	0.474226	0.472564	0.468228	0.455027	0.428254	0.385108	0.326382	0.256263	0.175117	0.0880038	0	
0	0.133771	0.25774	0.345888	0.385228	0.394346	0.394205	0.374643	0.32264	0.242977	0.156155	0.0707817	-0.00466041	-0.0681989	-0.120061	-0.164322	-0.207411	-0.262023	-0.337219	-0.423103	-0.506857	-0.573953	-0.608384	-0.600961	-0.58074	-0.572078	-0.576172	-0.58267	-0.599893	-0.632345	-0.679832	-0.74212	-0.818103	-0.891043	-0.959172	-1.02042	-1.06793	-1.08494	-1.05876	-0.983541	-0.872119	-0.739183	-0.596095	-0.451353	-0.308468	-0.161663	-0.00911495	0.159279	0.340115	0.51118	0.655609	0.763239	0.804786	0.764684	0.649662	0.482313	0.282137	0.0693801	-0.133701	-0.281106	-0.33655	-0.298196	-0.177832	0.00507797	0.220773	0.428348	0.595506	0.711781	0.782366	0.813101	0.807809	0.771276	0.712571	0.644842	0.578074	0.514086	0.461965	0.431005	0.421785	0.424979	0.438098	0.461493	0.478439	0.492117	0.516807	0.543929	0.562936	0.575526	0.58046	0.57622	0.564793	0.544668	0.518261	0.482228	0.430138	0.363915	0.282632	0.189095	0.0934511	0	
0	0.111826	0.214914	0.287068	0.321625	0.335004	0.344075	0.335274	0.294988	0.231976	0.163771	0.0995346	0.0422477	-0.00514522	-0.0424483	-0.0770274	-0.113275	-0.169916	-0.251719	-0.351023	-0.446672	-0.524139	-0.571974	-0.583515	-0.580659	-0.58046	-0.58267	-0.583772	-0.59637	-0.634145	-0.694072	-0.77779	-0.878542	-0.98052	-1.07483	-1.15384	-1.21279	-1.23674	-1.20915	-1.12468	-0.992186	-0.830939	-0.662429	-0.491654	-0.324195	-0.151113	0.0335543	0.235328	0.441966	0.632341	0.785645	0.891783	0.931347	0.889696	0.771171	0.599592	0.399767	0.182545	-0.0279753	-0.186181	-0.258313	-0.240178	-0.149969	-0.00363653	0.170186	0.339243	0.477057	0.581146	0.65034	0.680182	0.673674	0.635818	0.584268	0.535293	0.498857	0.468592	0.452051	0.458635	0.483246	0.511945	0.539556	0.572187	0.601554	0.627723	0.65375	0.67393	0.679018	0.673267	0.666251	0.651705	0.625778	0.589294	0.54412	0.490436	0.427961	0.357182	0.277439	0.189189	0.0945524	0	
0	0.090419	0.17489	0.23329	0.263994	0.274357	0.281938	0.27038	0.237685	0.190232	0.144729	0.101328	0.0604439	0.0273098	0.00152357	-0.0219054	-0.0539645	-0.10777	-0.190664	-0.291475	-0.392409	-0.479768	-0.546068	-0.580227	-0.595336	-0.599197	-0.599893	-0.59637	-0.607778	-0.646497	-0.714149	-0.811912	-0.930935	-1.05458	-1.16577	-1.25672	-1.32241	-1.34837	-1.3165	-1.22049	-1.06986	-0.894932	-0.712038	-0.527542	-0.341165	-0.143732	0.0661421	0.286562	0.505923	0.701252	0.853814	0.95968	0.997211	0.957261	0.837041	0.665671	0.466201	0.252008	0.0464142	-0.109196	-0.185737	-0.17982	-0.112072	-0.00425264	0.128307	0.264102	0.380582	0.470086	0.524023	0.544	0.536383	0.509989	0.478558	0.453322	0.447765	0.456014	0.48128	0.522173	0.568275	0.607409	0.637179	0.669585	0.704856	0.734318	0.754089	0.764402	0.754803	0.735526	0.7144	0.685675	0.651796	0.606117	0.552477	0.488117	0.411919	0.338074	0.263133	0.182738	0.0959759	0	
0	0.070767	0.137229	0.18449	0.207549	0.211356	0.206671	0.188077	0.158106	0.128425	0.104168	0.0826077	0.0575968	0.0396448	0.0262569	0.0127522	-0.0121891	-0.0590354	-0.131267	-0.225428	-0.327854	-0.428261	-0.516308	-0.574789	-0.609835	-0.6252	-0.632345	-0.634145	-0.646497	-0.685341	-0.755765	-0.859197	-0.985768	-1.11545	-1.23208	-1.32391	-1.38495	-1.40061	-1.3555	-1.2472	-1.09079	-0.911898	-0.72577	-0.532424	-0.332683	-0.124652	0.0917799	0.313624	0.530828	0.72103	0.870871	0.96803	1.00002	0.957736	0.838415	0.670175	0.480428	0.277747	0.0835643	-0.065187	-0.144735	-0.145547	-0.0924016	-0.00220178	0.11468	0.235953	0.335385	0.406459	0.444237	0.454219	0.444381	0.427109	0.415043	0.415997	0.435918	0.46566	0.512666	0.568422	0.622987	0.668582	0.704614	0.739748	0.771985	0.794383	0.801083	0.802498	0.791523	0.768575	0.740443	0.701732	0.657667	0.607295	0.549851	0.481841	0.404994	0.328236	0.251132	0.172451	0.0887662	0	
0	0.0573853	0.111343	0.147655	0.164231	0.158545	0.143872	0.117796	0.0934351	0.0782507	0.0740712	0.0708447	0.0634676	0.0603258	0.0584454	0.0539631	0.0364484	0.0027566	-0.0549266	-0.139534	-0.244969	-0.360442	-0.467699	-0.551569	-0.613071	-0.652198	-0.679832	-0.694072	-0.714149	-0.755765	-0.826047	-0.929538	-1.04848	-1.17153	-1.27754	-1.35163	-1.38474	-1.36948	-1.29984	-1.18369	-1.02774	-0.854453	-0.671602	-0.481313	-0.287549	-0.0885828	0.116371	0.329496	0.537366	0.717057	0.853191	0.936486	0.95625	0.914158	0.799181	0.637347	0.455858	0.260517	0.0740396	-0.0683108	-0.143762	-0.144437	-0.0906575	0.000907539	0.118297	0.240875	0.342545	0.412349	0.441955	0.442823	0.430593	0.415438	0.405475	0.409191	0.435151	0.475511	0.524733	0.57544	0.625627	0.671092	0.715958	0.757091	0.790254	0.805423	0.802162	0.802071	0.790464	0.772732	0.751077	0.710775	0.664587	0.608162	0.543236	0.47716	0.406256	0.331021	0.247489	0.160407	0.0786618	0	
0	0.051525	0.0963132	0.122529	0.131073	0.119838	0.100952	0.0755133	0.0578065	0.0555829	0.0645005	0.0782397	0.0852276	0.0969454	0.10307	0.106853	0.0981942	0.0771254	0.031599	-0.047861	-0.157869	-0.283212	-0.40581	-0.515016	-0.611024	-0.687265	-0.74212	-0.77779	-0.811912	-0.859197	-0.929538	-1.02189	-1.12485	-1.22749	-1.30424	-1.33834	-1.32126	-1.2611	-1.16582	-1.04072	-0.885642	-0.718365	-0.544884	-0.374621	-0.204792	-0.0341093	0.146485	0.335534	0.522227	0.678432	0.79864	0.868717	0.886581	0.847776	0.735465	0.573182	0.38897	0.195168	0.0187876	-0.110643	-0.177422	-0.16841	-0.101586	0.00454685	0.140378	0.284368	0.402805	0.481613	0.514458	0.516849	0.497295	0.468987	0.444693	0.433533	0.444271	0.469171	0.505961	0.541793	0.580157	0.62468	0.671022	0.711429	0.74471	0.764861	0.769629	0.774722	0.768047	0.753437	0.735084	0.702134	0.65959	0.605092	0.543043	0.480491	0.41534	0.342348	0.255637	0.164788	0.0810999	0	
0	0.0470165	0.0805307	0.0937277	0.0903086	0.0771447	0.0595995	0.0412972	0.0307053	0.0358825	0.053697	0.0775273	0.0991298	0.12226	0.140167	0.155765	0.16029	0.150501	0.111506	0.0340859	-0.0747763	-0.203676	-0.336226	-0.47378	-0.611643	-0.729234	-0.818103	-0.878542	-0.930935	-0.985768	-1.04848	-1.12485	-1.20341	-1.27115	-1.30299	-1.27929	-1.20454	-1.09948	-0.975952	-0.837134	-0.681491	-0.52208	-0.371614	-0.232578	-0.0986045	0.03696	0.177433	0.328569	0.476486	0.599711	0.69933	0.760135	0.77317	0.733039	0.620694	0.452907	0.267332	0.0811445	-0.0824568	-0.198015	-0.246856	-0.218305	-0.124687	0.0201012	0.194977	0.368416	0.509577	0.604149	0.647449	0.650836	0.624482	0.581345	0.533751	0.498573	0.478183	0.469443	0.470067	0.47849	0.504451	0.539243	0.582279	0.619434	0.650093	0.677754	0.696725	0.713552	0.712336	0.70475	0.693703	0.663714	0.631644	0.594704	0.544249	0.49023	0.428038	0.353267	0.272912	0.188396	0.0979571	0	
0	0.0368345	0.0556364	0.050116	0.0356091	0.0197907	0.0101053	-3.60375e-05	-0.00347153	0.00456755	0.0240063	0.0522816	0.0805975	0.114394	0.1455	0.178091	0.19675	0.193809	0.156462	0.0851336	-0.0136933	-0.134561	-0.272575	-0.43581	-0.610387	-0.769591	-0.891043	-0.98052	-1.05458	-1.11545	-1.17153	-1.22749	-1.27115	-1.29065	-1.25959	-1.17426	-1.04419	-0.895124	-0.742986	-0.59375	-0.444521	-0.309286	-0.188097	-0.0827671	0.0163569	0.109405	0.200869	0.298842	0.398835	0.485477	0.561361	0.604399	0.603949	0.552318	0.431093	0.263221	0.0855072	-0.0858272	-0.227875	-0.318165	-0.339996	-0.27903	-0.139385	0.054548	0.269236	0.475309	0.640512	0.74985	0.800674	0.806266	0.775997	0.723174	0.662719	0.602525	0.544977	0.495517	0.457629	0.43574	0.437811	0.454129	0.477174	0.498445	0.523386	0.550244	0.575633	0.600652	0.61114	0.617628	0.618251	0.601936	0.585854	0.570096	0.538424	0.491197	0.429815	0.356874	0.280131	0.198694	0.106973	0	
0	0.0198249	0.0195654	-0.000999455	-0.0260977	-0.0389623	-0.0415721	-0.0404688	-0.0385636	-0.0296799	-0.0138386	0.00929882	0.0379791	0.0775346	0.123756	0.172587	0.201961	0.199764	0.162522	0.1013	0.0198881	-0.0890241	-0.23004	-0.41099	-0.61496	-0.807037	-0.959172	-1.07483	-1.16577	-1.23208	-1.27754	-1.30424	-1.30299	-1.25959	-1.16747	-1.02653	-0.847382	-0.658455	-0.4829	-0.332309	-0.206304	-0.0990201	-0.00778449	0.0651699	0.124402	0.168247	0.20266	0.248038	0.305452	0.357939	0.405825	0.42343	0.396527	0.320376	0.191379	0.0262582	-0.141013	-0.288353	-0.399683	-0.456067	-0.434443	-0.324726	-0.136968	0.100977	0.349715	0.576599	0.756217	0.876966	0.937844	0.948238	0.918121	0.862264	0.792548	0.716983	0.633475	0.553267	0.487559	0.439534	0.411673	0.392006	0.383735	0.383709	0.389303	0.405733	0.430581	0.455513	0.475276	0.498138	0.514593	0.515102	0.516018	0.51383	0.488883	0.45058	0.403005	0.34053	0.268909	0.186706	0.095966	0	
0	-0.00636629	-0.0265223	-0.0588771	-0.0869794	-0.0963927	-0.0892793	-0.077534	-0.0665878	-0.0558704	-0.0449821	-0.0312044	-0.00731132	0.0356981	0.0937464	0.15256	0.185605	0.178606	0.141098	0.0893358	0.0233072	-0.0767233	-0.218645	-0.409093	-0.629835	-0.845713	-1.02042	-1.15384	-1.25672	-1.32391	-1.35163	-1.33834	-1.27929	-1.17426	-1.02653	-0.836534	-0.615925	-0.396208	-0.21458	-0.082627	0.0131837	0.090395	0.151989	0.192008	0.206927	0.201878	0.186435	0.188056	0.207925	0.230431	0.248274	0.236672	0.181656	0.0839863	-0.0533594	-0.214529	-0.366219	-0.489775	-0.569114	-0.580689	-0.505447	-0.347591	-0.116861	0.155069	0.420811	0.654365	0.839359	0.966216	1.034	1.04846	1.02054	0.963688	0.88958	0.805338	0.710855	0.620754	0.542033	0.475618	0.419907	0.36413	0.321788	0.298886	0.285668	0.284312	0.299339	0.31883	0.336224	0.362016	0.3886	0.402944	0.413261	0.413956	0.390023	0.35939	0.327118	0.279453	0.217286	0.14388	0.0699759	0	
0	-0.0390121	-0.0789959	-0.117565	-0.143569	-0.148031	-0.131772	-0.108261	-0.0855996	-0.0704075	-0.0626644	-0.0587826	-0.0400787	0.00257929	0.0656274	0.126332	0.157423	0.148017	0.110039	0.0658928	0.0070285	-0.087234	-0.228879	-0.420696	-0.649133	-0.878858	-1.06793	-1.21279	-1.32241	-1.38495	-1.38474	-1.32126	-1.20454	-1.04419	-0.847382	-0.615925	-0.364152	-0.136298	0.0317242	0.136659	0.201638	0.249241	0.280935	0.28461	0.260527	0.215618	0.161993	0.13047	0.122524	0.121287	0.112635	0.0770651	-0.00132346	-0.117046	-0.259391	-0.412313	-0.552161	-0.653727	-0.70029	-0.67162	-0.552978	-0.354805	-0.0956439	0.189423	0.460539	0.699621	0.888566	1.01575	1.08233	1.09605	1.07226	1.01883	0.944179	0.85334	0.754101	0.664093	0.584843	0.509766	0.433483	0.357373	0.297008	0.257521	0.225838	0.206439	0.209017	0.214848	0.220292	0.238357	0.260387	0.273316	0.278601	0.273593	0.25247	0.229775	0.205766	0.169039	0.126354	0.0822288	0.0397133	0	
0	-0.0749138	-0.135251	-0.178261	-0.201823	-0.202388	-0.178452	-0.142479	-0.107563	-0.0841882	-0.0772415	-0.0767232	-0.063998	-0.0248485	0.0329293	0.087903	0.117949	0.108548	0.0739245	0.0307867	-0.0246579	-0.113655	-0.250454	-0.434689	-0.659837	-0.890832	-1.08494	-1.23674	-1.34837	-1.40061	-1.36948	-1.2611	-1.09948	-0.895124	-0.658455	-0.396208	-0.136298	0.080916	0.226572	0.30635	0.344617	0.363631	0.365444	0.341853	0.288131	0.214172	0.136511	0.0826749	0.0587467	0.0433285	0.0172288	-0.0363422	-0.130335	-0.259925	-0.404751	-0.551723	-0.679134	-0.761853	-0.785028	-0.726791	-0.578327	-0.362362	-0.0968177	0.193668	0.470358	0.708569	0.892747	1.01966	1.08881	1.10643	1.0818	1.02299	0.941466	0.85128	0.76176	0.673499	0.591471	0.512574	0.435608	0.359742	0.296391	0.253187	0.207804	0.172075	0.158323	0.1453	0.134871	0.136912	0.142891	0.140057	0.130525	0.119387	0.104777	0.0894782	0.0690623	0.045261	0.0288784	0.0188981	0.010653	0	
0	-0.109611	-0.191258	-0.242171	-0.267964	-0.268171	-0.237786	-0.190827	-0.142805	-0.11127	-0.0969719	-0.0959166	-0.0852372	-0.056993	-0.0116913	0.0342789	0.0642283	0.0606583	0.0281869	-0.0153914	-0.0674414	-0.148394	-0.272722	-0.44107	-0.649912	-0.866863	-1.05876	-1.20915	-1.3165	-1.3555	-1.29984	-1.16582	-0.975952	-0.742986	-0.4829	-0.21458	0.0317242	0.226572	0.352123	0.41244	0.428656	0.42555	0.408581	0.368198	0.296141	0.208501	0.119402	0.0610361	0.0320124	0.0114991	-0.0263796	-0.0910049	-0.198985	-0.337527	-0.487074	-0.631511	-0.751438	-0.825208	-0.835883	-0.761984	-0.601702	-0.380448	-0.117955	0.163062	0.433159	0.671699	0.857865	0.983362	1.05193	1.06792	1.04129	0.979158	0.895604	0.807197	0.721857	0.64122	0.56402	0.489869	0.421792	0.356556	0.303427	0.263359	0.216795	0.171253	0.139051	0.109848	0.0789339	0.0591463	0.0433202	0.0176641	-0.00340553	-0.0152017	-0.0248552	-0.0339294	-0.0446608	-0.0486631	-0.0394487	-0.0262685	-0.0141728	0	
0	-0.137008	-0.237647	-0.302651	-0.334993	-0.339228	-0.301884	-0.244496	-0.184626	-0.140703	-0.116439	-0.106747	-0.102473	-0.0879448	-0.0626237	-0.0271326	0.00132175	0.00191379	-0.0303938	-0.073005	-0.120249	-0.186357	-0.292927	-0.435761	-0.61383	-0.806519	-0.983541	-1.12468	-1.22049	-1.2472	-1.18369	-1.04072	-0.837134	-0.59375	-0.332309	-0.082627	0.136659	0.30635	0.41244	0.453531	0.456599	0.440702	0.417151	0.369991	0.296297	0.207724	0.128407	0.0755951	0.0533473	0.0355975	-0.0051102	-0.0799994	-0.197784	-0.3484	-0.511326	-0.661516	-0.784675	-0.858556	-0.864901	-0.785997	-0.629604	-0.418297	-0.170938	0.096729	0.359363	0.589789	0.766011	0.889396	0.956356	0.970722	0.94054	0.875855	0.795981	0.717911	0.650661	0.578104	0.507416	0.447331	0.397792	0.352968	0.310973	0.276832	0.235208	0.187366	0.144109	0.102564	0.0584832	0.0156668	-0.0260548	-0.0662688	-0.0956453	-0.111714	-0.117065	-0.120246	-0.118468	-0.100737	-0.0766245	-0.0545424	-0.0293205	0	
0	-0.152508	-0.27037	-0.350375	-0.397412	-0.404586	-0.36342	-0.293608	-0.221469	-0.162001	-0.122058	-0.103413	-0.104413	-0.106577	-0.100032	-0.0776426	-0.0552266	-0.0583522	-0.0907624	-0.134361	-0.172079	-0.22508	-0.309294	-0.420928	-0.562454	-0.71928	-0.872119	-0.992186	-1.06986	-1.09079	-1.02774	-0.885642	-0.681491	-0.444521	-0.206304	0.0131837	0.201638	0.344617	0.428656	0.456599	0.451799	0.432493	0.404564	0.359553	0.293397	0.221867	0.161987	0.131211	0.128455	0.119782	0.0777801	-0.00603153	-0.137406	-0.304528	-0.483554	-0.651041	-0.784255	-0.866203	-0.880581	-0.813314	-0.670993	-0.475958	-0.250292	-0.00438352	0.242008	0.458057	0.621263	0.733595	0.794217	0.805712	0.771912	0.712071	0.645386	0.587708	0.536637	0.479771	0.430158	0.393269	0.369139	0.340556	0.314675	0.295176	0.264729	0.224727	0.178667	0.132346	0.0743779	0.011228	-0.0458937	-0.0977548	-0.134521	-0.16174	-0.175689	-0.171316	-0.156175	-0.129206	-0.0978235	-0.0685185	-0.0358505	0	
0	-0.158414	-0.287726	-0.386586	-0.448177	-0.463641	-0.4173	-0.337911	-0.249435	-0.172602	-0.115521	-0.0894322	-0.0966758	-0.11251	-0.123849	-0.116952	-0.112251	-0.12428	-0.161484	-0.200967	-0.230916	-0.268542	-0.326933	-0.405432	-0.504338	-0.620508	-0.739183	-0.830939	-0.894932	-0.911898	-0.854453	-0.718365	-0.52208	-0.309286	-0.0990201	0.090395	0.249241	0.363631	0.42555	0.440702	0.432493	0.406695	0.378468	0.340618	0.293292	0.245463	0.217216	0.218037	0.236182	0.235066	0.19316	0.101129	-0.041302	-0.220507	-0.424222	-0.612243	-0.756887	-0.849417	-0.878013	-0.831666	-0.719642	-0.555552	-0.356714	-0.137354	0.0850938	0.281924	0.430608	0.528866	0.573814	0.57463	0.544213	0.501562	0.457582	0.419168	0.386746	0.355404	0.333855	0.329311	0.336102	0.33449	0.328666	0.320022	0.305269	0.274951	0.232021	0.188977	0.122217	0.0443796	-0.0216106	-0.0783457	-0.125739	-0.167055	-0.1908	-0.191898	-0.177919	-0.152696	-0.122943	-0.0875017	-0.0439896	0	
0	-0.158229	-0.297467	-0.412517	-0.493032	-0.517124	-0.473985	-0.385001	-0.283342	-0.187578	-0.118385	-0.0875682	-0.0994717	-0.123907	-0.148076	-0.161094	-0.178125	-0.203735	-0.241645	-0.275047	-0.295356	-0.315688	-0.346682	-0.390167	-0.446353	-0.518617	-0.596095	-0.662429	-0.712038	-0.72577	-0.671602	-0.544884	-0.371614	-0.188097	-0.00778449	0.151989	0.280935	0.365444	0.408581	0.417151	0.404564	0.378468	0.353362	0.325487	0.298489	0.279976	0.287158	0.316154	0.349461	0.35119	0.309478	0.209585	0.0565493	-0.142336	-0.363548	-0.562582	-0.71225	-0.813184	-0.861301	-0.850236	-0.778334	-0.648425	-0.483504	-0.294206	-0.0976286	0.076946	0.206462	0.289465	0.325167	0.325149	0.302635	0.275465	0.250448	0.232646	0.224121	0.223613	0.236092	0.26324	0.300259	0.327175	0.345922	0.353909	0.348886	0.326321	0.285776	0.239915	0.17487	0.0988188	0.0305176	-0.0330961	-0.0928099	-0.142878	-0.174863	-0.18876	-0.188529	-0.171111	-0.139888	-0.100845	-0.0521252	0	
