0	0	0	0	0	0	0	0	0	0	0	0	0	0	0	0	0	0	0	0	0	0	0	0	0	0	0	0	0	0	0	0	0	0	0	0	0	0	0	0	0	0	0	0	0	0	0	0	0	0	0	0	0	0	0	0	0	0	0	0	0	0	0	0	0	0	0	0	0	0	0	0	0	0	0	0	0	0	0	0	0	0	0	0	0	0	0	0	0	0	0	0	0	0	0	0	0	0	0	0	
0	-0.0151675	-0.00635582	0.0118315	-0.00163866	-0.0129812	0.00624061	0.0120728	-0.00790055	-0.0157217	-0.0139608	-0.00179859	0.00854204	-0.00882581	-0.0241332	-0.01916	-0.00318591	0.00807054	0.0186276	-0.00524314	-0.042781	-0.0792917	-0.0999774	-0.108541	-0.0905558	-0.0468704	0.0129169	0.0640643	0.121305	0.170168	0.209508	0.214972	0.200106	0.172773	0.137982	0.0923648	0.0272693	-0.039639	-0.0991447	-0.12891	-0.13276	-0.113027	-0.0844145	-0.0556276	-0.0322997	-0.0173199	-0.00833373	-0.00419532	-0.00256032	-0.00382435	0.00111227	-0.00255494	0.0032822	0.00814491	0.00502466	0.00532642	0.00566809	-0.00236912	-0.00788824	0.0069326	0.0164125	0.00459207	-0.00818744	-0.00017327	0.0169399	0.0092933	-0.00633277	0.000586657	0.0138104	0.0153875	0.00459046	-0.00651729	0.00254419	0.022372	0.0270658	0.0167982	0.00124041	-0.0116119	-0.00315852	0.031229	0.0691948	0.0951216	0.109053	0.102886	0.0668521	0.0116377	-0.0443462	-0.098033	-0.152565	-0.197925	-0.218215	-0.21183	-0.191754	-0.16808	-0.139148	-0.100617	-0.057178	-0.0217008	-0.00371323	0	
0	-0.00635582	0.00306309	0.00692952	-0.012296	-0.0118042	0.00206783	0.00409062	-0.0106764	-0.0183792	-0.0106836	0.00184715	0.0113738	-0.0208452	-0.0450345	-0.0410614	-0.0168915	0.00819898	0.0168861	-0.020433	-0.0930132	-0.156227	-0.195598	-0.207111	-0.169553	-0.0813345	0.0314562	0.138904	0.247285	0.347555	0.418238	0.431992	0.402131	0.34766	0.277683	0.182509	0.0547435	-0.0794133	-0.195839	-0.256692	-0.266223	-0.230917	-0.175615	-0.120003	-0.0740441	-0.0388506	-0.0215768	-0.00475605	-0.000323776	0.00293865	0.00715115	0.00469654	0.0052253	0.0036999	0.00543606	0.00103772	0.00856969	0.0116291	0.0004309	0.00763424	0.0112357	0.00428304	0.00357178	0.0103745	0.018003	0.00797406	-0.00188148	0.00961232	0.0226044	0.0235443	0.00919102	-0.0061376	0.00971272	0.0416924	0.0483041	0.0298336	0.00322835	-0.0160406	0.00282625	0.0663664	0.137071	0.186849	0.211844	0.196641	0.125974	0.0193568	-0.0910474	-0.198229	-0.30488	-0.391722	-0.430671	-0.419224	-0.380486	-0.33264	-0.273513	-0.196596	-0.111682	-0.0429622	-0.00789711	0	
0	0.0118315	0.00692952	-0.00486217	-0.0143942	-0.0111217	-0.00419092	-0.00591633	-0.0114163	-0.015809	-0.012706	0.00220989	-0.000354222	-0.0325563	-0.0535048	-0.0493076	-0.0235995	0.00523618	0.00428082	-0.0498625	-0.14328	-0.230971	-0.28307	-0.294502	-0.234272	-0.10807	0.0520418	0.21349	0.371039	0.516263	0.611509	0.633935	0.590244	0.5116	0.402884	0.258638	0.0718308	-0.123675	-0.286859	-0.377756	-0.388638	-0.340829	-0.260569	-0.178652	-0.112175	-0.0595682	-0.0308125	-0.00962507	0.00228465	0.00627532	0.00912558	0.0122335	0.00594889	0.00432477	0.0078432	0.000610046	0.00418351	0.0166146	0.0192563	0.00988559	0.002384	0.010076	0.0140104	0.0133453	0.0178803	0.0123361	0.00775443	0.0181914	0.0270122	0.0256663	0.0139132	0.00501267	0.0239639	0.054539	0.0591866	0.0376367	0.00829799	-0.0071611	0.0246148	0.108288	0.202522	0.271534	0.30194	0.273045	0.170614	0.0192579	-0.142625	-0.302238	-0.456073	-0.577368	-0.632186	-0.617986	-0.562914	-0.489924	-0.398522	-0.283847	-0.161333	-0.0635768	-0.013064	0	
0	-0.00163866	-0.012296	-0.0143942	0.00730359	0.00808682	-0.00922631	-0.0196611	-0.0187854	-0.020106	-0.0215972	-0.0125524	-0.0265922	-0.0370653	-0.0478687	-0.0419383	-0.019213	-0.00173622	-0.0193726	-0.0879786	-0.192061	-0.293837	-0.356373	-0.359018	-0.277402	-0.120792	0.0794158	0.289961	0.493531	0.673275	0.78666	0.8166	0.762824	0.660791	0.512482	0.317804	0.08016	-0.169283	-0.366738	-0.483358	-0.494703	-0.434229	-0.33438	-0.227005	-0.140506	-0.0778763	-0.0342005	-0.017947	-0.00283063	0.00110238	-0.000990129	0.00643353	0.00740647	0.00962112	0.0164334	0.0212044	0.0122073	0.00863121	0.0142027	0.0076373	0.00825105	0.021652	0.0246348	0.0156605	0.0104972	0.0167226	0.0255371	0.0278894	0.0253391	0.022504	0.0221232	0.0276157	0.0422606	0.0582523	0.0594159	0.0419344	0.020029	0.0191631	0.0651193	0.158139	0.264442	0.345024	0.372911	0.325618	0.19564	0.00748602	-0.201707	-0.410706	-0.604259	-0.751137	-0.818589	-0.804286	-0.735285	-0.635829	-0.510079	-0.35931	-0.204845	-0.0837351	-0.0197845	0	
0	-0.0129812	-0.0118042	-0.0111217	0.00808682	0.000295579	-0.0256255	-0.0206286	-0.0101153	-0.00946962	-0.0149839	-0.0342957	-0.0508822	-0.0427814	-0.0466352	-0.0439316	-0.0324871	-0.0377869	-0.073308	-0.145233	-0.248129	-0.345319	-0.409719	-0.389475	-0.288143	-0.104755	0.128719	0.383938	0.627593	0.82993	0.957118	0.990036	0.932416	0.802169	0.615121	0.367451	0.0839032	-0.208078	-0.43819	-0.57272	-0.594921	-0.526008	-0.414684	-0.289759	-0.183172	-0.108569	-0.0510612	-0.0245113	-0.00628529	0.00602924	0.00807879	0.0100683	0.0184453	0.0142443	0.0117623	0.0210845	0.0138585	0.0101569	0.0120298	0.0159355	0.0248049	0.0236816	0.0235303	0.0165534	0.00957069	0.0296843	0.0425806	0.0293337	0.0200636	0.0237523	0.0381296	0.0543963	0.0569256	0.0540622	0.0537901	0.0468469	0.0423962	0.0645144	0.12319	0.214957	0.321206	0.402614	0.418938	0.350188	0.197673	-0.0196564	-0.270607	-0.522859	-0.746522	-0.909859	-0.986888	-0.974592	-0.893286	-0.766023	-0.604899	-0.421336	-0.242057	-0.104078	-0.0286624	0	
0	0.00624061	0.00206783	-0.00419092	-0.00922631	-0.0256255	-0.031562	-0.0150037	-0.00394524	-0.00616588	-0.0208285	-0.0535616	-0.0598682	-0.0426928	-0.0384847	-0.0411882	-0.0560432	-0.0879119	-0.142355	-0.215205	-0.302368	-0.390925	-0.438427	-0.394981	-0.274331	-0.0709408	0.188869	0.481016	0.753698	0.967985	1.1034	1.13725	1.07657	0.917737	0.689748	0.395301	0.0710612	-0.247111	-0.502399	-0.648301	-0.679521	-0.60993	-0.485421	-0.350349	-0.224137	-0.134573	-0.0689339	-0.0275268	-0.00564503	0.00885831	0.0188179	0.0167476	0.0184829	0.018561	0.00957641	0.010838	0.0136263	0.0188474	0.0260638	0.0287973	0.0255867	0.0186298	0.0203305	0.0209074	0.0259982	0.0439988	0.0424399	0.0256068	0.0234196	0.0346095	0.0579033	0.0757195	0.0638611	0.0469225	0.048802	0.0579584	0.0794501	0.127401	0.193869	0.275684	0.370157	0.43934	0.435672	0.345007	0.174772	-0.0653748	-0.350605	-0.636343	-0.879318	-1.05118	-1.13511	-1.12546	-1.03214	-0.876319	-0.680897	-0.469882	-0.273942	-0.125619	-0.040268	0	
0	0.0120728	0.00409062	-0.00591633	-0.0196611	-0.0206286	-0.0150037	-0.0206441	-0.0224005	-0.0263629	-0.0429613	-0.0661133	-0.0573008	-0.0348014	-0.0234877	-0.0390488	-0.084402	-0.142102	-0.215233	-0.282211	-0.350438	-0.421066	-0.43795	-0.375863	-0.236778	-0.02077	0.258795	0.576668	0.862944	1.08366	1.21873	1.25605	1.18622	1.00257	0.732497	0.400369	0.0466215	-0.286367	-0.552318	-0.708206	-0.742949	-0.677339	-0.542352	-0.396393	-0.25602	-0.149715	-0.0792467	-0.0296046	-0.00828735	0.00425476	0.010687	0.0126932	0.0107885	0.0175784	0.0192326	0.0208924	0.0278808	0.0258345	0.0279236	0.0276483	0.019257	0.0180055	0.0282514	0.0406366	0.0424357	0.0366765	0.0336337	0.034755	0.038251	0.0502365	0.0745173	0.0853376	0.0642724	0.0435201	0.0513864	0.0817009	0.133421	0.202615	0.269733	0.335649	0.40722	0.450599	0.421015	0.310346	0.12598	-0.131735	-0.441175	-0.747463	-0.999165	-1.17365	-1.26182	-1.25328	-1.14696	-0.963278	-0.737532	-0.506494	-0.302401	-0.149554	-0.0550432	0	
0	-0.00790055	-0.0106764	-0.0114163	-0.0187854	-0.0101153	-0.00394524	-0.0224005	-0.0340096	-0.0417378	-0.0605439	-0.0677479	-0.0544481	-0.0389994	-0.0329673	-0.0679166	-0.134543	-0.215506	-0.290504	-0.344156	-0.38749	-0.420186	-0.399862	-0.318061	-0.160446	0.0628308	0.359087	0.683559	0.974094	1.19245	1.32435	1.36203	1.27733	1.07098	0.7609	0.401908	0.0277748	-0.309579	-0.580854	-0.744672	-0.790121	-0.731362	-0.601076	-0.445036	-0.300242	-0.178831	-0.0994609	-0.0433977	-0.0144449	0.00220827	0.00997496	0.0153	0.0187375	0.0233994	0.0260959	0.0289743	0.0324719	0.0251139	0.0220346	0.0244355	0.0291433	0.0329459	0.037014	0.0484626	0.0441395	0.0306532	0.0370325	0.0482753	0.0558436	0.070857	0.0837233	0.080342	0.0628582	0.0510478	0.0691296	0.123473	0.201972	0.281806	0.342972	0.388904	0.42688	0.433123	0.375452	0.247682	0.0511205	-0.218771	-0.539543	-0.851869	-1.10334	-1.27648	-1.36549	-1.35424	-1.23342	-1.02489	-0.776009	-0.534048	-0.329884	-0.177006	-0.0732059	0	
0	-0.0157217	-0.0183792	-0.015809	-0.020106	-0.00946962	-0.00616588	-0.0263629	-0.0417378	-0.0563415	-0.0626823	-0.0529629	-0.0508939	-0.0543793	-0.0655151	-0.116913	-0.203161	-0.29262	-0.359749	-0.396954	-0.407935	-0.391011	-0.335247	-0.230922	-0.06085	0.171206	0.47074	0.786916	1.07086	1.28102	1.40821	1.43777	1.33653	1.10565	0.767423	0.388961	0.00943111	-0.326732	-0.59549	-0.766276	-0.824107	-0.776033	-0.654129	-0.495517	-0.343511	-0.214386	-0.121349	-0.0591485	-0.0202473	0.00253094	0.0162616	0.0244086	0.0268222	0.0306965	0.0294773	0.0248161	0.029401	0.0283184	0.0256937	0.0304326	0.0392081	0.0447105	0.045361	0.0474338	0.0400931	0.0345679	0.0483676	0.0644641	0.0782839	0.0867275	0.0780369	0.069185	0.0697215	0.074582	0.107546	0.184395	0.277786	0.356056	0.406597	0.427979	0.423065	0.386092	0.301581	0.158804	-0.0488291	-0.323661	-0.640926	-0.945542	-1.19023	-1.35898	-1.44396	-1.4246	-1.28851	-1.06115	-0.799236	-0.556278	-0.358916	-0.208779	-0.0946814	0	
0	-0.0139608	-0.0106836	-0.012706	-0.0215972	-0.0149839	-0.0208285	-0.0429613	-0.0605439	-0.0626823	-0.0463844	-0.035697	-0.0505216	-0.0786263	-0.109298	-0.180948	-0.277124	-0.361469	-0.419049	-0.436485	-0.408771	-0.342884	-0.25334	-0.128004	0.05291	0.291975	0.578335	0.876285	1.14293	1.34348	1.46091	1.47404	1.35479	1.10078	0.748187	0.360455	-0.0135101	-0.341753	-0.605058	-0.780316	-0.850213	-0.816061	-0.700555	-0.542497	-0.38214	-0.240325	-0.138114	-0.0647145	-0.0202551	0.00377206	0.0190586	0.0281331	0.028322	0.0296226	0.0333467	0.0244097	0.0253841	0.0330929	0.0365686	0.0441893	0.0504399	0.0491551	0.0424615	0.042487	0.0456991	0.0480302	0.0637145	0.086472	0.0962136	0.0840252	0.0647231	0.0687135	0.0914244	0.116552	0.168865	0.258901	0.350718	0.418369	0.453845	0.444069	0.391161	0.311625	0.202817	0.0454839	-0.170788	-0.440486	-0.739555	-1.02566	-1.25905	-1.41979	-1.49431	-1.46137	-1.31147	-1.07439	-0.811468	-0.577164	-0.391635	-0.245171	-0.119083	0	
0	-0.00179859	0.00184715	0.00220989	-0.0125524	-0.0342957	-0.0535616	-0.0661133	-0.0677479	-0.0529629	-0.035697	-0.0349423	-0.0681662	-0.115413	-0.172047	-0.256734	-0.341528	-0.413401	-0.453988	-0.44436	-0.374153	-0.265868	-0.144516	-0.00190069	0.191856	0.423718	0.687314	0.953626	1.19921	1.38551	1.48521	1.47775	1.33607	1.07169	0.713313	0.334009	-0.0294119	-0.342556	-0.599021	-0.777926	-0.860617	-0.841121	-0.738771	-0.580165	-0.4182	-0.265521	-0.151256	-0.0729922	-0.019701	0.00579713	0.0181168	0.0245828	0.0258037	0.0226526	0.0297968	0.0340388	0.038074	0.0449626	0.0479422	0.0508158	0.0508603	0.0482191	0.0402996	0.0422948	0.0603947	0.0737117	0.0858782	0.0976406	0.0913834	0.0732818	0.0664314	0.0864434	0.12792	0.179588	0.249353	0.335235	0.411863	0.463659	0.476666	0.42905	0.330215	0.213756	0.0820102	-0.0897461	-0.308588	-0.561064	-0.830159	-1.09084	-1.30905	-1.45639	-1.51336	-1.46331	-1.30428	-1.0691	-0.817691	-0.6003	-0.429429	-0.285895	-0.145745	0	
0	0.00854204	0.0113738	-0.000354222	-0.0265922	-0.0508822	-0.0598682	-0.0573008	-0.0544481	-0.0508939	-0.0505216	-0.0681662	-0.114879	-0.181709	-0.25939	-0.329326	-0.389118	-0.439188	-0.452052	-0.405558	-0.298637	-0.153509	-0.00940219	0.155667	0.349386	0.565898	0.79267	1.02386	1.24323	1.40862	1.4846	1.44996	1.29332	1.02481	0.680808	0.31502	-0.025073	-0.325564	-0.571452	-0.754298	-0.851677	-0.847858	-0.761795	-0.612451	-0.447562	-0.297254	-0.173292	-0.0915031	-0.0367806	-0.0042995	0.0124458	0.0213074	0.030363	0.0327152	0.0387155	0.0438991	0.0495645	0.0575499	0.0540348	0.0466718	0.0425718	0.0445871	0.0495199	0.0630195	0.0860556	0.0956479	0.0934623	0.0890838	0.0797174	0.0768999	0.0885122	0.121108	0.184377	0.262433	0.334975	0.400932	0.456383	0.485921	0.466081	0.379024	0.243261	0.096175	-0.0586771	-0.241886	-0.452958	-0.676863	-0.909131	-1.14047	-1.33843	-1.46523	-1.49878	-1.43183	-1.27181	-1.05129	-0.822848	-0.628364	-0.472753	-0.330122	-0.173813	0	
0	-0.00882581	-0.0208452	-0.0325563	-0.0370653	-0.0427814	-0.0426928	-0.0348014	-0.0389994	-0.0543793	-0.0786263	-0.115413	-0.181709	-0.271292	-0.34848	-0.395636	-0.43056	-0.451865	-0.424669	-0.341486	-0.200797	-0.030402	0.142509	0.324583	0.511623	0.701995	0.889255	1.08411	1.27369	1.40914	1.45688	1.39325	1.23011	0.968124	0.648583	0.305335	-0.0140359	-0.299609	-0.541915	-0.729622	-0.842766	-0.860877	-0.789055	-0.653374	-0.487932	-0.332602	-0.202386	-0.110226	-0.0471704	-0.010559	0.0133563	0.0285546	0.0403191	0.0475345	0.0566609	0.0582859	0.0495532	0.0479279	0.045445	0.0422468	0.0474796	0.0628072	0.0763928	0.086171	0.099826	0.099621	0.0855699	0.078936	0.083355	0.0991901	0.127312	0.178651	0.263479	0.350561	0.408641	0.449724	0.479986	0.47607	0.416355	0.296488	0.13468	-0.0392922	-0.215864	-0.402172	-0.593198	-0.78118	-0.974566	-1.17333	-1.34387	-1.44273	-1.45048	-1.37154	-1.22124	-1.02762	-0.83109	-0.662793	-0.521142	-0.376621	-0.202348	0	
0	-0.0241332	-0.0450345	-0.0535048	-0.0478687	-0.0466352	-0.0384847	-0.0234877	-0.0329673	-0.0655151	-0.109298	-0.172047	-0.25939	-0.34848	-0.414524	-0.44331	-0.452851	-0.434354	-0.366438	-0.250934	-0.0904261	0.102266	0.300033	0.487695	0.657448	0.813701	0.962715	1.12036	1.27185	1.37222	1.38548	1.30319	1.13887	0.89984	0.609414	0.295836	-0.00308207	-0.276851	-0.514185	-0.709945	-0.836249	-0.874421	-0.819646	-0.69259	-0.528558	-0.366716	-0.22356	-0.120388	-0.0458349	0.00219183	0.0280442	0.0433598	0.052792	0.0498397	0.048385	0.0501322	0.0450096	0.0453603	0.0491907	0.0575441	0.0701216	0.0853374	0.0967814	0.0966815	0.0971978	0.0928383	0.0808346	0.0828216	0.103725	0.139717	0.191385	0.261805	0.349292	0.42408	0.462637	0.47842	0.473384	0.426076	0.329629	0.187804	0.00680185	-0.191194	-0.382265	-0.558922	-0.720097	-0.870213	-1.02494	-1.18637	-1.32108	-1.38701	-1.37169	-1.28998	-1.161	-1.00423	-0.845223	-0.703731	-0.57338	-0.423955	-0.230443	0	
0	-0.01916	-0.0410614	-0.0493076	-0.0419383	-0.0439316	-0.0411882	-0.0390488	-0.0679166	-0.116913	-0.180948	-0.256734	-0.329326	-0.395636	-0.44331	-0.448357	-0.420736	-0.359017	-0.256692	-0.124812	0.0475308	0.256235	0.46291	0.641496	0.78054	0.901666	1.01201	1.128	1.23374	1.2924	1.27655	1.18348	1.03335	0.824232	0.57264	0.289618	0.0131712	-0.247793	-0.481174	-0.678129	-0.817002	-0.86887	-0.828103	-0.711164	-0.546453	-0.382174	-0.233363	-0.1223	-0.046841	0.00120821	0.0290795	0.0391428	0.0471208	0.0481304	0.0439472	0.0469836	0.0472569	0.0568401	0.0710188	0.0811651	0.091196	0.100311	0.102449	0.0930134	0.0887692	0.089636	0.0886183	0.105194	0.146856	0.207708	0.279837	0.351497	0.420688	0.475513	0.494601	0.477224	0.426071	0.336772	0.21432	0.0575202	-0.139898	-0.354435	-0.546151	-0.700886	-0.828214	-0.942079	-1.05722	-1.17465	-1.26658	-1.29956	-1.26931	-1.19662	-1.09937	-0.9859	-0.866471	-0.750203	-0.627788	-0.470688	-0.257316	0	
0	-0.00318591	-0.0168915	-0.0235995	-0.019213	-0.0324871	-0.0560432	-0.084402	-0.134543	-0.203161	-0.277124	-0.341528	-0.389118	-0.43056	-0.452851	-0.420736	-0.347999	-0.243338	-0.117037	0.029215	0.216033	0.42996	0.63303	0.78811	0.896012	0.982994	1.05465	1.12262	1.17724	1.19485	1.15894	1.06828	0.942047	0.77025	0.557255	0.305801	0.0477473	-0.202857	-0.433548	-0.636027	-0.784352	-0.855733	-0.8288	-0.726321	-0.566864	-0.401763	-0.250539	-0.135036	-0.0558377	-0.00697172	0.0195042	0.0326114	0.0389972	0.0447479	0.0495189	0.0614504	0.0693766	0.0783107	0.0914684	0.0993136	0.0998268	0.0993674	0.0993296	0.0890297	0.0844311	0.0967379	0.117025	0.156916	0.221348	0.297533	0.369994	0.425562	0.470996	0.50376	0.494281	0.433335	0.337373	0.217742	0.0772985	-0.0934217	-0.301855	-0.517909	-0.694708	-0.820936	-0.91559	-0.994313	-1.06598	-1.13298	-1.17996	-1.18617	-1.15305	-1.10126	-1.0432	-0.975515	-0.894576	-0.80047	-0.68253	-0.515549	-0.282366	0	
0	0.00807054	0.00819898	0.00523618	-0.00173622	-0.0377869	-0.0879119	-0.142102	-0.215506	-0.29262	-0.361469	-0.413401	-0.439188	-0.451865	-0.434354	-0.359017	-0.243338	-0.108061	0.038035	0.203353	0.397115	0.603658	0.78724	0.914705	0.994494	1.04833	1.07718	1.09333	1.09559	1.08212	1.03676	0.963121	0.866002	0.734607	0.557348	0.334476	0.091523	-0.152116	-0.382709	-0.590928	-0.752028	-0.840175	-0.833368	-0.744172	-0.595913	-0.431499	-0.280005	-0.158319	-0.0746435	-0.0182459	0.0154282	0.0337644	0.0490924	0.0595948	0.0661582	0.0810645	0.090164	0.0970837	0.103951	0.104238	0.100431	0.0934359	0.0895028	0.0864692	0.0975438	0.133814	0.180496	0.239044	0.311734	0.384396	0.443327	0.478944	0.497874	0.497337	0.44787	0.345494	0.217731	0.0773278	-0.0800802	-0.262067	-0.468078	-0.667521	-0.819179	-0.916876	-0.980806	-1.02187	-1.04464	-1.05875	-1.06555	-1.05645	-1.03374	-1.01241	-0.997063	-0.973983	-0.928156	-0.852438	-0.735883	-0.55754	-0.305196	0	
0	0.0186276	0.0168861	0.00428082	-0.0193726	-0.073308	-0.142355	-0.215233	-0.290504	-0.359749	-0.419049	-0.453988	-0.452052	-0.424669	-0.366438	-0.256692	-0.117037	0.038035	0.203733	0.379394	0.565592	0.747789	0.903096	1.00513	1.05848	1.07559	1.05846	1.02094	0.981409	0.947676	0.908855	0.859592	0.796019	0.701727	0.556389	0.357455	0.12612	-0.112684	-0.34486	-0.558172	-0.73052	-0.833699	-0.842787	-0.76696	-0.624276	-0.46103	-0.304111	-0.17592	-0.0837557	-0.0211042	0.0207129	0.0460048	0.0641927	0.082915	0.0896763	0.100254	0.106526	0.104502	0.103727	0.0969538	0.0870941	0.0839108	0.0953513	0.113781	0.146204	0.204323	0.268569	0.331412	0.396425	0.454588	0.495282	0.505984	0.487347	0.442689	0.355309	0.225176	0.0762701	-0.0832155	-0.25551	-0.437054	-0.622726	-0.79279	-0.917026	-0.988295	-1.01979	-1.01764	-0.988602	-0.954352	-0.932417	-0.922059	-0.921287	-0.93606	-0.96302	-0.980586	-0.965193	-0.904032	-0.786418	-0.595978	-0.325597	0	
0	-0.00524314	-0.020433	-0.0498625	-0.0879786	-0.145233	-0.215205	-0.282211	-0.344156	-0.396954	-0.436485	-0.44436	-0.405558	-0.341486	-0.250934	-0.124812	0.029215	0.203353	0.379394	0.550412	0.711943	0.859208	0.986713	1.06374	1.08655	1.06242	0.995522	0.914064	0.844912	0.807485	0.785853	0.766088	0.736154	0.673762	0.556701	0.376884	0.155885	-0.0800216	-0.313166	-0.531945	-0.712463	-0.830147	-0.85214	-0.787554	-0.650956	-0.483252	-0.322151	-0.181682	-0.0797566	-0.0078062	0.0395713	0.0697367	0.0869824	0.100645	0.105307	0.107511	0.103972	0.0940121	0.0882983	0.0861738	0.0892386	0.101316	0.133017	0.176663	0.227481	0.294098	0.359543	0.414811	0.465413	0.503392	0.516298	0.489854	0.426683	0.342381	0.229687	0.0816668	-0.0862055	-0.262093	-0.437301	-0.600743	-0.753228	-0.890549	-0.988743	-1.03219	-1.02546	-0.975785	-0.898577	-0.827988	-0.79271	-0.794265	-0.823034	-0.875186	-0.940909	-0.993554	-1.00351	-0.953469	-0.83309	-0.630483	-0.343522	0	
0	-0.042781	-0.0930132	-0.14328	-0.192061	-0.248129	-0.302368	-0.350438	-0.38749	-0.407935	-0.408771	-0.374153	-0.298637	-0.200797	-0.0904261	0.0475308	0.216033	0.397115	0.565592	0.711943	0.834927	0.946006	1.04331	1.08821	1.07394	1.00061	0.891963	0.777559	0.696904	0.668598	0.669909	0.682772	0.68023	0.64855	0.552167	0.392349	0.179392	-0.0509836	-0.283442	-0.503225	-0.689274	-0.813515	-0.847858	-0.788047	-0.656899	-0.487273	-0.319453	-0.174607	-0.0654209	0.0103406	0.0588716	0.0857886	0.0985296	0.104573	0.0963999	0.0919722	0.089556	0.0830998	0.0867843	0.0992341	0.122022	0.156867	0.207493	0.263636	0.318022	0.382177	0.442057	0.483403	0.509636	0.514493	0.488292	0.421696	0.322	0.21029	0.0795854	-0.0847483	-0.267695	-0.446839	-0.60646	-0.738882	-0.855493	-0.96177	-1.0323	-1.04165	-0.991124	-0.895858	-0.782056	-0.692027	-0.6588	-0.68175	-0.742901	-0.830017	-0.929036	-1.01067	-1.04116	-0.999396	-0.875243	-0.660925	-0.359039	0	
0	-0.0792917	-0.156227	-0.230971	-0.293837	-0.345319	-0.390925	-0.421066	-0.420186	-0.391011	-0.342884	-0.265868	-0.153509	-0.030402	0.102266	0.256235	0.42996	0.603658	0.747789	0.859208	0.946006	1.0226	1.08386	1.09172	1.03065	0.916458	0.775563	0.648269	0.570778	0.559379	0.588227	0.62698	0.652113	0.640189	0.566223	0.418964	0.217224	-0.00973125	-0.24017	-0.460121	-0.650002	-0.781886	-0.823757	-0.774477	-0.646478	-0.478628	-0.311528	-0.163529	-0.0567352	0.014358	0.0571823	0.0780772	0.0820513	0.0873265	0.0848231	0.0818952	0.0873343	0.0959275	0.11802	0.151058	0.191355	0.237763	0.295365	0.356191	0.408711	0.462364	0.504827	0.519109	0.508825	0.472911	0.408458	0.311149	0.186453	0.0529925	-0.0950598	-0.270754	-0.454052	-0.617204	-0.747961	-0.846963	-0.930567	-1.00488	-1.04089	-1.00934	-0.915482	-0.78504	-0.651874	-0.55985	-0.540574	-0.589412	-0.681542	-0.798795	-0.924948	-1.02977	-1.07657	-1.04092	-0.91256	-0.687363	-0.372291	0	
0	-0.0999774	-0.195598	-0.28307	-0.356373	-0.409719	-0.438427	-0.43795	-0.399862	-0.335247	-0.25334	-0.144516	-0.00940219	0.142509	0.300033	0.46291	0.63303	0.78724	0.903096	0.986713	1.04331	1.08386	1.10676	1.06806	0.969526	0.823027	0.671948	0.546686	0.483998	0.494216	0.54597	0.60967	0.651755	0.660364	0.59848	0.466896	0.270098	0.0480383	-0.182445	-0.405139	-0.59993	-0.741773	-0.79828	-0.759396	-0.646758	-0.485064	-0.323173	-0.180711	-0.0734863	-0.00265222	0.0387002	0.0620913	0.0709543	0.0781165	0.0836129	0.0972849	0.121769	0.146566	0.181977	0.227568	0.278689	0.331576	0.390105	0.446547	0.485093	0.514403	0.526005	0.503173	0.453183	0.381785	0.289174	0.169633	0.0236455	-0.12983	-0.288356	-0.459482	-0.62378	-0.75813	-0.857689	-0.926283	-0.976804	-1.01272	-1.00659	-0.933317	-0.805608	-0.656902	-0.522646	-0.44254	-0.4438	-0.518344	-0.63717	-0.778713	-0.92609	-1.04905	-1.10871	-1.07756	-0.944982	-0.70998	-0.383462	0	
0	-0.108541	-0.207111	-0.294502	-0.359018	-0.389475	-0.394981	-0.375863	-0.318061	-0.230922	-0.128004	-0.00190069	0.155667	0.324583	0.487695	0.641496	0.78811	0.914705	1.00513	1.06374	1.08821	1.09172	1.06806	0.994497	0.867762	0.714643	0.569352	0.462237	0.420084	0.451222	0.523519	0.603228	0.66072	0.678938	0.630278	0.50417	0.314025	0.0905343	-0.142028	-0.368493	-0.572518	-0.723415	-0.793291	-0.7682	-0.663016	-0.509495	-0.349664	-0.20537	-0.0980468	-0.0237872	0.0253275	0.0561818	0.0760747	0.101425	0.122943	0.146263	0.182447	0.221677	0.269556	0.323061	0.377825	0.428442	0.474887	0.511689	0.522982	0.51681	0.490975	0.433092	0.351913	0.253809	0.137965	-0.00202224	-0.165565	-0.328524	-0.480203	-0.628512	-0.76255	-0.866428	-0.937343	-0.974959	-0.986362	-0.976631	-0.927025	-0.820791	-0.675905	-0.527437	-0.406839	-0.346773	-0.36993	-0.466721	-0.606663	-0.766749	-0.930238	-1.0672	-1.13695	-1.10916	-0.972628	-0.729027	-0.392751	0	
0	-0.0905558	-0.169553	-0.234272	-0.277402	-0.288143	-0.274331	-0.236778	-0.160446	-0.06085	0.05291	0.191856	0.349386	0.511623	0.657448	0.78054	0.896012	0.994494	1.05848	1.08655	1.07394	1.03065	0.969526	0.867762	0.73656	0.590545	0.467164	0.382218	0.36227	0.410358	0.497575	0.589503	0.655497	0.683425	0.640428	0.522971	0.333578	0.111589	-0.124059	-0.355354	-0.564032	-0.725426	-0.804865	-0.788332	-0.691969	-0.537941	-0.375646	-0.225916	-0.106024	-0.020224	0.0389856	0.0845913	0.11568	0.148946	0.184919	0.224505	0.27451	0.321362	0.37146	0.423956	0.469182	0.501122	0.522726	0.52915	0.504834	0.462583	0.405869	0.320961	0.214019	0.0916633	-0.0453027	-0.199403	-0.366605	-0.520082	-0.648213	-0.765128	-0.868453	-0.943935	-0.984454	-0.984393	-0.949927	-0.894028	-0.809818	-0.687122	-0.54369	-0.410509	-0.312176	-0.274431	-0.317059	-0.431089	-0.586563	-0.760215	-0.935691	-1.08337	-1.16102	-1.13576	-0.995721	-0.744778	-0.400349	0	
0	-0.0468704	-0.0813345	-0.10807	-0.120792	-0.104755	-0.0709408	-0.02077	0.0628308	0.171206	0.291975	0.423718	0.565898	0.701995	0.813701	0.901666	0.982994	1.04833	1.07559	1.06242	1.00061	0.916458	0.823027	0.714643	0.590545	0.46715	0.36779	0.307444	0.304316	0.366162	0.462584	0.562882	0.63551	0.668885	0.6337	0.520157	0.336478	0.114176	-0.120818	-0.35248	-0.564996	-0.727485	-0.813097	-0.799367	-0.702687	-0.547417	-0.378284	-0.218777	-0.0905502	0.00768313	0.0817077	0.139476	0.187341	0.236893	0.28317	0.327258	0.378407	0.424689	0.466216	0.500542	0.523528	0.527778	0.514643	0.487654	0.43431	0.363638	0.279854	0.169784	0.0391291	-0.10285	-0.250622	-0.402346	-0.554359	-0.683709	-0.782356	-0.86881	-0.942922	-0.986945	-0.989501	-0.945043	-0.865202	-0.773204	-0.671387	-0.55088	-0.424033	-0.314802	-0.241059	-0.223606	-0.281381	-0.407548	-0.573761	-0.757017	-0.941284	-1.0971	-1.18089	-1.15754	-1.01453	-0.757505	-0.406431	0	
0	0.0129169	0.0314562	0.0520418	0.0794158	0.128719	0.188869	0.258795	0.359087	0.47074	0.578335	0.687314	0.79267	0.889255	0.962715	1.01201	1.05465	1.07718	1.05846	0.995522	0.891963	0.775563	0.671948	0.569352	0.467164	0.36779	0.29435	0.251764	0.262961	0.331493	0.43508	0.539592	0.617164	0.655661	0.625215	0.518595	0.337484	0.11923	-0.114942	-0.345567	-0.556306	-0.720814	-0.805514	-0.79185	-0.692509	-0.52953	-0.349977	-0.178642	-0.0335216	0.0785964	0.164481	0.23537	0.288998	0.341708	0.390602	0.431833	0.474264	0.502526	0.520794	0.52962	0.521495	0.494669	0.454486	0.400705	0.318948	0.220422	0.111946	-0.0192704	-0.165437	-0.3128	-0.453166	-0.585469	-0.711153	-0.812794	-0.88331	-0.939853	-0.980349	-0.984803	-0.943121	-0.855679	-0.741752	-0.631778	-0.53142	-0.428096	-0.326318	-0.24313	-0.191666	-0.190254	-0.258573	-0.392569	-0.565818	-0.755687	-0.946293	-1.10819	-1.19664	-1.17473	-1.02932	-0.767452	-0.411149	0	
0	0.0640643	0.138904	0.21349	0.289961	0.383938	0.481016	0.576668	0.683559	0.786916	0.876285	0.953626	1.02386	1.08411	1.12036	1.128	1.12262	1.09333	1.02094	0.914064	0.777559	0.648269	0.546686	0.462237	0.382218	0.307444	0.251764	0.224091	0.241666	0.315985	0.421726	0.530482	0.611322	0.654242	0.630082	0.528462	0.354366	0.13968	-0.0891091	-0.315008	-0.522025	-0.680699	-0.762804	-0.743279	-0.637731	-0.466591	-0.277599	-0.0947932	0.0583488	0.179605	0.272384	0.344759	0.399329	0.444991	0.481419	0.504719	0.523839	0.529255	0.521126	0.501579	0.468754	0.415658	0.34501	0.263271	0.157323	0.0356464	-0.0914561	-0.232003	-0.376328	-0.51082	-0.629684	-0.735498	-0.833763	-0.908499	-0.949386	-0.970225	-0.969004	-0.928837	-0.845891	-0.727842	-0.598697	-0.490392	-0.406563	-0.328538	-0.253522	-0.193661	-0.159794	-0.169743	-0.244729	-0.383386	-0.561014	-0.755284	-0.950314	-1.11657	-1.20844	-1.18758	-1.04034	-0.774828	-0.414627	0	
0	0.121305	0.247285	0.371039	0.493531	0.627593	0.753698	0.862944	0.974094	1.07086	1.14293	1.19921	1.24323	1.27369	1.27185	1.23374	1.17724	1.09559	0.981409	0.844912	0.696904	0.570778	0.483998	0.420084	0.36227	0.304316	0.262961	0.241666	0.264665	0.339444	0.447874	0.558087	0.642216	0.689248	0.669786	0.574955	0.405838	0.197787	-0.0258886	-0.245748	-0.446514	-0.600466	-0.676833	-0.653065	-0.542018	-0.366113	-0.170944	0.014176	0.170355	0.289279	0.375684	0.438905	0.478353	0.508352	0.524955	0.525959	0.52332	0.503339	0.469752	0.424347	0.36184	0.281029	0.186502	0.0814461	-0.0451338	-0.179417	-0.307937	-0.439393	-0.566612	-0.678642	-0.772332	-0.851695	-0.922258	-0.966179	-0.970037	-0.947633	-0.9017	-0.822183	-0.711863	-0.582425	-0.457563	-0.365949	-0.306568	-0.25506	-0.203632	-0.161991	-0.1406	-0.157918	-0.236813	-0.378053	-0.558238	-0.755248	-0.953145	-1.12229	-1.21644	-1.19627	-1.04779	-0.779796	-0.416959	0	
0	0.170168	0.347555	0.516263	0.673275	0.82993	0.967985	1.08366	1.19245	1.28102	1.34348	1.38551	1.40862	1.40914	1.37222	1.2924	1.19485	1.08212	0.947676	0.807485	0.668598	0.559379	0.494216	0.451222	0.410358	0.366162	0.331493	0.315985	0.339444	0.416045	0.524516	0.636605	0.72288	0.772708	0.757703	0.66671	0.502779	0.29844	0.0790823	-0.137224	-0.335125	-0.486921	-0.562842	-0.539252	-0.430444	-0.2562	-0.0668039	0.11388	0.260944	0.369524	0.44329	0.491114	0.513409	0.521053	0.517725	0.496869	0.467775	0.422423	0.361536	0.288988	0.202971	0.0985294	-0.0177931	-0.135645	-0.26454	-0.392884	-0.508217	-0.620568	-0.725051	-0.812635	-0.880607	-0.931378	-0.968455	-0.973182	-0.933382	-0.867442	-0.78496	-0.681797	-0.563717	-0.441647	-0.335185	-0.267787	-0.233847	-0.205288	-0.171952	-0.143051	-0.129757	-0.15158	-0.232716	-0.375323	-0.556829	-0.755273	-0.954692	-1.12539	-1.22076	-1.20097	-1.0518	-0.782472	-0.418211	0	
0	0.209508	0.418238	0.611509	0.78666	0.957118	1.1034	1.21873	1.32435	1.40821	1.46091	1.48521	1.4846	1.45688	1.38548	1.27655	1.15894	1.03676	0.908855	0.785853	0.669909	0.588227	0.54597	0.523519	0.497575	0.462584	0.43508	0.421726	0.447874	0.524516	0.633801	0.746297	0.83282	0.88376	0.869078	0.779298	0.615817	0.411915	0.192641	-0.0242003	-0.223477	-0.377045	-0.45676	-0.437731	-0.334488	-0.169711	0.0120197	0.179428	0.313363	0.406843	0.463379	0.491852	0.494593	0.483462	0.454014	0.40606	0.352688	0.28173	0.196621	0.10132	-0.00476504	-0.120583	-0.239097	-0.352788	-0.471536	-0.583929	-0.679035	-0.768732	-0.849203	-0.910681	-0.948278	-0.962795	-0.958372	-0.919404	-0.838656	-0.740355	-0.638866	-0.531934	-0.423943	-0.321869	-0.240155	-0.197602	-0.185485	-0.17416	-0.153167	-0.132357	-0.123968	-0.148544	-0.231114	-0.374467	-0.55642	-0.755198	-0.954912	-1.12589	-1.22148	-1.20175	-1.05248	-0.782917	-0.418419	0	
0	0.214972	0.431992	0.633935	0.8166	0.990036	1.13725	1.25605	1.36203	1.43777	1.47404	1.47775	1.44996	1.39325	1.30319	1.18348	1.06828	0.963121	0.859592	0.766088	0.682772	0.62698	0.60967	0.603228	0.589503	0.562882	0.539592	0.530482	0.558087	0.636605	0.746297	0.858358	0.944472	0.993702	0.977363	0.885241	0.718746	0.512386	0.289105	0.0681449	-0.135774	-0.296178	-0.38162	-0.371038	-0.277914	-0.12211	0.0446203	0.19942	0.31765	0.392661	0.429481	0.437393	0.41498	0.375637	0.324475	0.255026	0.177568	0.085717	-0.0157605	-0.119964	-0.227599	-0.340612	-0.450661	-0.550166	-0.651074	-0.742882	-0.815839	-0.881635	-0.934088	-0.961841	-0.960348	-0.932414	-0.885642	-0.809216	-0.701229	-0.589508	-0.488841	-0.394795	-0.307883	-0.230551	-0.173242	-0.151827	-0.156007	-0.156118	-0.142645	-0.126529	-0.121013	-0.147471	-0.231259	-0.375095	-0.556824	-0.754939	-0.953776	-1.12379	-1.2186	-1.19863	-1.04981	-0.781143	-0.417589	0	
0	0.200106	0.402131	0.590244	0.762824	0.932416	1.07657	1.18622	1.27733	1.33653	1.35479	1.33607	1.29332	1.23011	1.13887	1.03335	0.942047	0.866002	0.796019	0.736154	0.68023	0.652113	0.651755	0.66072	0.655497	0.63551	0.617164	0.611322	0.642216	0.72288	0.83282	0.944472	1.02797	1.07437	1.0537	0.956091	0.785297	0.572848	0.345201	0.118349	-0.0921862	-0.257701	-0.35156	-0.348857	-0.265533	-0.125472	0.0270903	0.161612	0.257719	0.311326	0.325555	0.308904	0.26676	0.210641	0.136679	0.0477579	-0.040978	-0.138403	-0.240177	-0.34164	-0.441646	-0.541285	-0.635364	-0.717163	-0.797866	-0.866987	-0.913926	-0.94824	-0.963548	-0.950438	-0.906837	-0.839469	-0.760459	-0.662685	-0.546913	-0.440869	-0.356125	-0.284129	-0.221462	-0.167322	-0.130168	-0.124594	-0.139647	-0.146417	-0.136947	-0.123314	-0.119549	-0.14763	-0.232785	-0.377028	-0.557952	-0.754448	-0.951243	-1.11905	-1.21206	-1.19156	-1.04375	-0.777106	-0.415696	0	
0	0.172773	0.34766	0.5116	0.660791	0.802169	0.917737	1.00257	1.07098	1.10565	1.10078	1.07169	1.02481	0.968124	0.89984	0.824232	0.77025	0.734607	0.701727	0.673762	0.64855	0.640189	0.660364	0.678938	0.683425	0.668885	0.655661	0.654242	0.689248	0.772708	0.88376	0.993702	1.07437	1.11618	1.08846	0.984527	0.804513	0.586049	0.349362	0.113946	-0.104874	-0.281926	-0.384173	-0.393649	-0.324819	-0.198015	-0.0654968	0.0508863	0.128849	0.16179	0.156496	0.124129	0.0635172	-0.00924104	-0.0885111	-0.177399	-0.265294	-0.36001	-0.454841	-0.543523	-0.62939	-0.714271	-0.788893	-0.848833	-0.905641	-0.944448	-0.955573	-0.951215	-0.925711	-0.872203	-0.793311	-0.700344	-0.607428	-0.507511	-0.401247	-0.313935	-0.252353	-0.204008	-0.162995	-0.12714	-0.104722	-0.110022	-0.131621	-0.141591	-0.1338	-0.121358	-0.118852	-0.148691	-0.235559	-0.38021	-0.559768	-0.753687	-0.947254	-1.11156	-1.20175	-1.18038	-1.03418	-0.770712	-0.412687	0	
0	0.137982	0.277683	0.402884	0.512482	0.615121	0.689748	0.732497	0.7609	0.767423	0.748187	0.713313	0.680808	0.648583	0.609414	0.57264	0.557255	0.557348	0.556389	0.556701	0.552167	0.566223	0.59848	0.630278	0.640428	0.6337	0.625215	0.630082	0.669786	0.757703	0.869078	0.977363	1.0537	1.08846	1.05305	0.93754	0.749574	0.520146	0.275377	0.0307458	-0.198393	-0.382168	-0.49412	-0.512371	-0.452948	-0.341843	-0.223223	-0.123236	-0.0635397	-0.0440296	-0.0594817	-0.101947	-0.163775	-0.232059	-0.311608	-0.398726	-0.479928	-0.563044	-0.643491	-0.71874	-0.787168	-0.849999	-0.901212	-0.933425	-0.955496	-0.955757	-0.928001	-0.884564	-0.822471	-0.740047	-0.642819	-0.543304	-0.454683	-0.367606	-0.281247	-0.217823	-0.179532	-0.151356	-0.126678	-0.103486	-0.0909924	-0.103402	-0.128516	-0.139381	-0.131844	-0.119925	-0.118591	-0.150564	-0.239592	-0.384652	-0.562258	-0.752617	-0.941722	-1.10119	-1.18746	-1.16491	-1.02092	-0.761812	-0.408478	0	
0	0.0923648	0.182509	0.258638	0.317804	0.367451	0.395301	0.400369	0.401908	0.388961	0.360455	0.334009	0.31502	0.305335	0.295836	0.289618	0.305801	0.334476	0.357455	0.376884	0.392349	0.418964	0.466896	0.50417	0.522971	0.520157	0.518595	0.528462	0.574955	0.66671	0.779298	0.885241	0.956091	0.984527	0.93754	0.813232	0.612739	0.375797	0.121629	-0.132095	-0.36714	-0.559491	-0.67475	-0.698056	-0.645745	-0.539622	-0.429835	-0.337618	-0.28182	-0.266416	-0.284839	-0.324641	-0.386187	-0.453958	-0.525429	-0.59955	-0.666566	-0.736809	-0.80196	-0.855404	-0.900467	-0.937162	-0.953283	-0.947684	-0.933402	-0.89539	-0.831026	-0.758303	-0.675817	-0.582542	-0.484841	-0.39526	-0.323667	-0.25688	-0.193094	-0.152353	-0.133245	-0.119711	-0.105765	-0.0904644	-0.0844246	-0.10149	-0.128155	-0.138433	-0.130325	-0.118659	-0.118676	-0.153311	-0.244977	-0.390402	-0.565414	-0.751184	-0.934532	-1.08772	-1.16893	-1.14487	-1.0037	-0.750211	-0.402954	0	
0	0.0272693	0.0547435	0.0718308	0.08016	0.0839032	0.0710612	0.0466215	0.0277748	0.00943111	-0.0135101	-0.0294119	-0.025073	-0.0140359	-0.00308207	0.0131712	0.0477473	0.091523	0.12612	0.155885	0.179392	0.217224	0.270098	0.314025	0.333578	0.336478	0.337484	0.354366	0.405838	0.502779	0.615817	0.718746	0.785297	0.804513	0.749574	0.612739	0.40531	0.16063	-0.0985676	-0.354982	-0.593587	-0.783378	-0.896129	-0.916564	-0.859994	-0.755072	-0.646924	-0.55567	-0.503894	-0.489302	-0.503934	-0.541293	-0.594124	-0.647795	-0.70802	-0.769503	-0.822357	-0.87248	-0.911148	-0.937468	-0.949898	-0.948728	-0.929122	-0.889503	-0.839798	-0.770696	-0.686185	-0.602186	-0.515886	-0.428042	-0.34425	-0.274505	-0.22451	-0.178233	-0.134468	-0.111979	-0.10655	-0.102239	-0.0944591	-0.0836903	-0.0819933	-0.102294	-0.129251	-0.137979	-0.128854	-0.117429	-0.119156	-0.157084	-0.251858	-0.397519	-0.569222	-0.749317	-0.925535	-1.07093	-1.14587	-1.11995	-0.982254	-0.735664	-0.395971	0	
0	-0.039639	-0.0794133	-0.123675	-0.169283	-0.208078	-0.247111	-0.286367	-0.309579	-0.326732	-0.341753	-0.342556	-0.325564	-0.299609	-0.276851	-0.247793	-0.202857	-0.152116	-0.112684	-0.0800216	-0.0509836	-0.00973125	0.0480383	0.0905343	0.111589	0.114176	0.11923	0.13968	0.197787	0.29844	0.411915	0.512386	0.572848	0.586049	0.520146	0.375797	0.16063	-0.0874887	-0.347583	-0.605735	-0.839815	-1.02591	-1.13006	-1.14207	-1.07972	-0.970422	-0.859194	-0.767396	-0.712118	-0.691696	-0.701103	-0.728358	-0.770282	-0.812367	-0.856626	-0.896016	-0.921074	-0.941982	-0.950038	-0.941121	-0.919398	-0.886721	-0.833021	-0.763968	-0.69532	-0.614176	-0.524822	-0.444643	-0.369753	-0.2986	-0.234702	-0.186816	-0.157083	-0.127472	-0.0988708	-0.0894756	-0.0926979	-0.0933713	-0.0885949	-0.0803344	-0.0819251	-0.104697	-0.131074	-0.137589	-0.127248	-0.116233	-0.120171	-0.1621	-0.260404	-0.406061	-0.57365	-0.746922	-0.914547	-1.05052	-1.11793	-1.08979	-0.956224	-0.71788	-0.387352	0	
0	-0.0991447	-0.195839	-0.286859	-0.366738	-0.43819	-0.502399	-0.552318	-0.580854	-0.59549	-0.605058	-0.599021	-0.571452	-0.541915	-0.514185	-0.481174	-0.433548	-0.382709	-0.34486	-0.313166	-0.283442	-0.24017	-0.182445	-0.142028	-0.124059	-0.120818	-0.114942	-0.0891091	-0.0258886	0.0790823	0.192641	0.289105	0.345201	0.349362	0.275377	0.121629	-0.0985676	-0.347583	-0.608279	-0.861542	-1.09096	-1.26667	-1.35774	-1.35832	-1.2844	-1.1672	-1.05195	-0.954243	-0.893608	-0.866977	-0.864149	-0.877595	-0.900811	-0.919136	-0.937353	-0.946101	-0.94269	-0.933607	-0.90759	-0.867933	-0.817194	-0.756815	-0.684647	-0.607639	-0.534141	-0.453133	-0.374685	-0.31117	-0.253954	-0.201863	-0.158123	-0.129824	-0.115609	-0.0972056	-0.078995	-0.0784241	-0.0864867	-0.0892395	-0.085538	-0.0787833	-0.0833029	-0.108112	-0.133197	-0.137012	-0.125438	-0.11515	-0.12193	-0.168618	-0.270796	-0.416068	-0.578642	-0.743873	-0.901345	-1.02616	-1.08473	-1.05401	-0.925245	-0.696531	-0.376893	0	
0	-0.12891	-0.256692	-0.377756	-0.483358	-0.57272	-0.648301	-0.708206	-0.744672	-0.766276	-0.780316	-0.777926	-0.754298	-0.729622	-0.709945	-0.678129	-0.636027	-0.590928	-0.558172	-0.531945	-0.503225	-0.460121	-0.405139	-0.368493	-0.355354	-0.35248	-0.345567	-0.315008	-0.245748	-0.137224	-0.0242003	0.0681449	0.118349	0.113946	0.0307458	-0.132095	-0.354982	-0.605735	-0.861542	-1.11094	-1.32982	-1.49233	-1.56657	-1.55072	-1.46068	-1.33365	-1.20672	-1.09934	-1.02843	-0.98527	-0.964234	-0.956552	-0.954845	-0.945246	-0.935668	-0.916572	-0.883495	-0.844394	-0.792543	-0.731313	-0.665697	-0.598219	-0.522048	-0.446637	-0.382382	-0.315875	-0.255254	-0.210134	-0.171382	-0.137329	-0.110055	-0.0962606	-0.0921721	-0.0803064	-0.0689282	-0.0741159	-0.0844083	-0.0874527	-0.0838028	-0.0782377	-0.0857208	-0.112226	-0.135332	-0.136092	-0.123425	-0.114322	-0.124699	-0.176932	-0.283204	-0.427548	-0.584105	-0.740006	-0.885666	-0.997514	-1.04588	-1.01222	-0.88893	-0.671254	-0.364361	0	
0	-0.13276	-0.266223	-0.388638	-0.494703	-0.594921	-0.679521	-0.742949	-0.790121	-0.824107	-0.850213	-0.860617	-0.851677	-0.842766	-0.836249	-0.817002	-0.784352	-0.752028	-0.73052	-0.712463	-0.689274	-0.650002	-0.59993	-0.572518	-0.564032	-0.564996	-0.556306	-0.522025	-0.446514	-0.335125	-0.223477	-0.135774	-0.0921862	-0.104874	-0.198393	-0.36714	-0.593587	-0.839815	-1.09096	-1.32982	-1.53484	-1.6786	-1.73017	-1.69188	-1.58288	-1.438	-1.29652	-1.17521	-1.08589	-1.02402	-0.981543	-0.949542	-0.920641	-0.887284	-0.854534	-0.807773	-0.753741	-0.699868	-0.636499	-0.569808	-0.503038	-0.437122	-0.3694	-0.310449	-0.262158	-0.210751	-0.1691	-0.142614	-0.119045	-0.0978179	-0.0822468	-0.0785871	-0.0801123	-0.0712594	-0.0644994	-0.0735241	-0.0843656	-0.0866718	-0.0826372	-0.0783835	-0.0890432	-0.116836	-0.137248	-0.134722	-0.121269	-0.11395	-0.128797	-0.187355	-0.297776	-0.440459	-0.589898	-0.73511	-0.867205	-0.964192	-1.001	-0.964054	-0.84689	-0.641663	-0.349497	0	
0	-0.113027	-0.230917	-0.340829	-0.434229	-0.526008	-0.60993	-0.677339	-0.731362	-0.776033	-0.816061	-0.841121	-0.847858	-0.860877	-0.874421	-0.86887	-0.855733	-0.840175	-0.833699	-0.830147	-0.813515	-0.781886	-0.741773	-0.723415	-0.725426	-0.727485	-0.720814	-0.680699	-0.600466	-0.486921	-0.377045	-0.296178	-0.257701	-0.281926	-0.382168	-0.559491	-0.783378	-1.02591	-1.26667	-1.49233	-1.6786	-1.79799	-1.82049	-1.75698	-1.62035	-1.45686	-1.29715	-1.15729	-1.05262	-0.972884	-0.910116	-0.859275	-0.813414	-0.760603	-0.709516	-0.65238	-0.594288	-0.536663	-0.472503	-0.410503	-0.35424	-0.302247	-0.249457	-0.207072	-0.174641	-0.139641	-0.114974	-0.101469	-0.0878414	-0.07557	-0.0680612	-0.0706167	-0.074213	-0.0664057	-0.0632886	-0.0749158	-0.0851649	-0.0861916	-0.0817261	-0.0791813	-0.093251	-0.121758	-0.138725	-0.132843	-0.119084	-0.114298	-0.134597	-0.200203	-0.314607	-0.454698	-0.595824	-0.72892	-0.845609	-0.925811	-0.949753	-0.909199	-0.798757	-0.60736	-0.332026	0	
