0	0	0	0	0	0	0	0	0	0	0	0	0	0	0	0	0	0	0	0	0	0	0	0	0	0	0	0	0	0	0	0	0	0	0	0	0	0	0	0	0	0	0	0	0	0	0	0	0	0	0	0	0	0	0	0	0	0	0	0	0	0	0	0	0	0	0	0	0	0	0	0	0	0	0	0	0	0	0	0	0	0	0	0	0	0	0	0	0	0	0	0	0	0	0	0	0	0	0	0	
0	-0.0053148	-0.00700815	-0.00895371	-0.0156187	-0.0265979	-0.0399856	-0.0530367	-0.0616711	-0.068277	-0.0837657	-0.113854	-0.150572	-0.178749	-0.186029	-0.168563	-0.1328	-0.0875947	-0.0382124	0.0119233	0.0568041	0.0897841	0.106204	0.104245	0.0887713	0.0716653	0.0661169	0.0781123	0.100613	0.129611	0.161832	0.194414	0.223159	0.249047	0.275263	0.301831	0.320954	0.320849	0.294274	0.244288	0.173493	0.0916401	0.0103665	-0.0622363	-0.122318	-0.164657	-0.187968	-0.189374	-0.173629	-0.15033	-0.129727	-0.115283	-0.106024	-0.0968128	-0.0837176	-0.0663952	-0.0451457	-0.0234892	-0.00592504	0.00946745	0.0215651	0.0269379	0.0260338	0.0245347	0.0256656	0.0296704	0.0343543	0.0354005	0.0290345	0.0211173	0.0230759	0.0386437	0.0635078	0.0894224	0.107696	0.114451	0.113532	0.109079	0.102521	0.0903478	0.0712422	0.0450523	0.0110423	-0.0296088	-0.0736806	-0.11895	-0.163527	-0.203814	-0.241321	-0.275393	-0.304346	-0.326289	-0.336665	-0.331361	-0.307916	-0.26734	-0.21202	-0.146447	-0.0746335	0	
0	-0.00700815	-0.0110823	-0.020797	-0.0363421	-0.0563383	-0.0754359	-0.100307	-0.123535	-0.149446	-0.187173	-0.242712	-0.303731	-0.349114	-0.364266	-0.337396	-0.275721	-0.188207	-0.0873249	0.0152966	0.104033	0.167198	0.200433	0.202595	0.180993	0.154231	0.145449	0.165295	0.204311	0.255172	0.314556	0.376109	0.431422	0.482459	0.534859	0.58613	0.623395	0.619616	0.567451	0.471052	0.338394	0.186027	0.0350878	-0.102725	-0.216791	-0.302365	-0.352344	-0.364103	-0.344603	-0.308048	-0.270704	-0.239021	-0.213533	-0.190025	-0.166553	-0.138167	-0.103091	-0.0630518	-0.0285119	-0.000210592	0.018033	0.0255195	0.0266761	0.027312	0.0330213	0.0439636	0.0563655	0.0667074	0.0697117	0.0712623	0.0805886	0.103592	0.137044	0.173573	0.204566	0.220812	0.225195	0.215041	0.196118	0.169418	0.130755	0.0796672	0.0129567	-0.0655282	-0.149784	-0.235008	-0.318877	-0.398607	-0.472381	-0.539145	-0.593895	-0.627788	-0.638379	-0.620728	-0.571905	-0.497679	-0.397476	-0.27662	-0.142718	0	
0	-0.00895371	-0.020797	-0.0436255	-0.0734844	-0.0981156	-0.121088	-0.156917	-0.205653	-0.260416	-0.32337	-0.393884	-0.460675	-0.509685	-0.526617	-0.49564	-0.413661	-0.289184	-0.139239	0.0126781	0.140583	0.230047	0.279711	0.290269	0.269892	0.239847	0.228057	0.250286	0.292962	0.353387	0.42994	0.517658	0.603557	0.685797	0.767012	0.842052	0.888638	0.878864	0.801431	0.670608	0.492359	0.285804	0.0754309	-0.11984	-0.287827	-0.412308	-0.490394	-0.516794	-0.502393	-0.464288	-0.418275	-0.369116	-0.322779	-0.282223	-0.248283	-0.216925	-0.175524	-0.124281	-0.0779565	-0.0396504	-0.0145234	-0.00366758	0.00256966	0.0175629	0.0384665	0.0580518	0.0779076	0.102201	0.124516	0.144433	0.167485	0.192381	0.220215	0.254876	0.289765	0.310183	0.311364	0.293128	0.260427	0.212224	0.151478	0.0784525	-0.010799	-0.114215	-0.223824	-0.33564	-0.448526	-0.555294	-0.658308	-0.75071	-0.822836	-0.868492	-0.880186	-0.853816	-0.787615	-0.684638	-0.54709	-0.381794	-0.196188	0	
0	-0.0156187	-0.0363421	-0.0734844	-0.112635	-0.144221	-0.171786	-0.228095	-0.304814	-0.388853	-0.467917	-0.541636	-0.603939	-0.645929	-0.65865	-0.616317	-0.514703	-0.358242	-0.170924	0.0183322	0.176834	0.289076	0.355632	0.377916	0.36304	0.332194	0.31595	0.329141	0.360653	0.412745	0.496505	0.610027	0.733102	0.854182	0.966711	1.05752	1.10856	1.08663	0.993823	0.843016	0.638676	0.394145	0.13692	-0.110575	-0.32111	-0.479766	-0.577648	-0.618579	-0.6177	-0.590364	-0.5481	-0.491062	-0.426797	-0.366128	-0.321204	-0.284937	-0.243483	-0.190383	-0.142869	-0.10305	-0.0744229	-0.0511217	-0.0229385	0.0119193	0.047819	0.0779497	0.105766	0.140581	0.177619	0.214328	0.246841	0.275847	0.303584	0.333492	0.362286	0.373917	0.365451	0.327064	0.269309	0.199873	0.119411	0.0322487	-0.0671972	-0.178061	-0.296073	-0.418703	-0.543443	-0.663124	-0.773497	-0.872588	-0.95563	-1.01093	-1.03444	-1.01487	-0.941955	-0.822684	-0.656537	-0.455215	-0.233906	0	
0	-0.0265979	-0.0563383	-0.0981156	-0.144221	-0.182191	-0.227663	-0.307454	-0.411135	-0.508935	-0.59025	-0.657405	-0.70953	-0.741033	-0.738727	-0.677888	-0.551919	-0.371541	-0.161097	0.0478302	0.22296	0.350188	0.4334	0.472405	0.470367	0.443503	0.418921	0.414532	0.42098	0.456319	0.542504	0.68023	0.838475	0.990885	1.12146	1.21809	1.2617	1.23189	1.12914	0.974248	0.762371	0.502399	0.221531	-0.0502365	-0.287227	-0.464538	-0.583486	-0.646459	-0.669246	-0.664902	-0.637169	-0.580772	-0.505809	-0.430695	-0.372498	-0.333311	-0.293187	-0.246199	-0.205042	-0.165056	-0.126158	-0.0885542	-0.0477892	0.00281588	0.0526491	0.0920215	0.129556	0.17649	0.221276	0.260089	0.298034	0.332594	0.362127	0.390003	0.408631	0.401018	0.367406	0.309952	0.235646	0.145219	0.0482366	-0.048999	-0.150265	-0.25793	-0.369775	-0.485518	-0.604165	-0.713848	-0.818316	-0.914585	-0.996639	-1.05834	-1.08735	-1.07086	-0.99919	-0.873697	-0.698325	-0.485962	-0.248747	0	
0	-0.0399856	-0.0754359	-0.121088	-0.171786	-0.227663	-0.295404	-0.402322	-0.519428	-0.618745	-0.689689	-0.743889	-0.781597	-0.793977	-0.770391	-0.683676	-0.535347	-0.335739	-0.113996	0.10115	0.27827	0.411126	0.508134	0.568295	0.585057	0.563904	0.529218	0.500321	0.479822	0.496504	0.583005	0.737766	0.916371	1.08281	1.21727	1.3062	1.34114	1.29732	1.18777	1.03122	0.82485	0.574337	0.30643	0.044142	-0.185988	-0.371593	-0.50761	-0.597349	-0.650147	-0.671514	-0.663438	-0.618512	-0.547492	-0.469412	-0.407673	-0.363238	-0.323631	-0.279392	-0.242592	-0.202201	-0.157513	-0.10987	-0.0596712	-0.0078984	0.0438278	0.0935336	0.146325	0.203627	0.251259	0.288937	0.32123	0.353871	0.384085	0.405366	0.409662	0.382922	0.32973	0.247529	0.151701	0.0514421	-0.0509989	-0.149612	-0.250085	-0.352466	-0.4495	-0.539897	-0.625909	-0.706916	-0.788499	-0.871127	-0.94939	-1.00615	-1.03337	-1.01908	-0.951685	-0.839163	-0.67788	-0.475864	-0.24673	0	
0	-0.0530367	-0.100307	-0.156917	-0.228095	-0.307454	-0.402322	-0.524341	-0.646558	-0.736083	-0.791643	-0.824813	-0.836207	-0.81837	-0.762716	-0.649291	-0.479733	-0.269053	-0.0437651	0.166611	0.337644	0.468606	0.574514	0.649704	0.679659	0.662756	0.621106	0.57919	0.542101	0.545785	0.62698	0.782101	0.962344	1.12551	1.24979	1.32487	1.33867	1.27657	1.15191	0.996247	0.808506	0.592137	0.366431	0.145311	-0.0619178	-0.241064	-0.39031	-0.500766	-0.573342	-0.614008	-0.624252	-0.598874	-0.545907	-0.481997	-0.426597	-0.387052	-0.3464	-0.300629	-0.260038	-0.214832	-0.165689	-0.118169	-0.0733349	-0.0196515	0.0416178	0.101436	0.161239	0.22349	0.268164	0.295879	0.319952	0.343522	0.362023	0.373765	0.367173	0.320235	0.238987	0.135034	0.0263143	-0.0802832	-0.178756	-0.269787	-0.358608	-0.441121	-0.506732	-0.55456	-0.59516	-0.632389	-0.681745	-0.744666	-0.810954	-0.866421	-0.896923	-0.890427	-0.838662	-0.742952	-0.602652	-0.425712	-0.219952	0	
0	-0.0616711	-0.123535	-0.205653	-0.304814	-0.411135	-0.519428	-0.646558	-0.762227	-0.840265	-0.875219	-0.880818	-0.857451	-0.801773	-0.712405	-0.572903	-0.391431	-0.180517	0.0337662	0.232551	0.394534	0.524587	0.632675	0.710312	0.741174	0.726071	0.691001	0.655947	0.621204	0.618394	0.685746	0.825551	0.987962	1.13234	1.23622	1.28582	1.27497	1.18743	1.04984	0.899181	0.739713	0.571215	0.403388	0.234984	0.0676501	-0.094432	-0.240374	-0.358054	-0.443806	-0.500264	-0.531584	-0.529135	-0.499764	-0.456114	-0.417328	-0.385715	-0.349357	-0.301905	-0.260711	-0.218951	-0.178417	-0.139114	-0.0943411	-0.0352917	0.0345021	0.100801	0.161839	0.216049	0.251384	0.271204	0.281498	0.290224	0.297317	0.296505	0.275346	0.214014	0.115525	-0.0089085	-0.131059	-0.236046	-0.321682	-0.387661	-0.440776	-0.482397	-0.504369	-0.510024	-0.509121	-0.508402	-0.522381	-0.554235	-0.603891	-0.656076	-0.698474	-0.714411	-0.683984	-0.610849	-0.494143	-0.344772	-0.177317	0	
0	-0.068277	-0.149446	-0.260416	-0.388853	-0.508935	-0.618745	-0.736083	-0.840265	-0.898895	-0.907161	-0.877158	-0.816144	-0.724494	-0.604974	-0.447637	-0.264037	-0.0694024	0.121404	0.297265	0.44662	0.56867	0.669907	0.737982	0.762574	0.752389	0.73499	0.724097	0.709459	0.712463	0.771631	0.888081	1.01823	1.12445	1.19024	1.20803	1.17075	1.06786	0.925885	0.787428	0.660182	0.539918	0.429911	0.319473	0.197706	0.0671728	-0.0650987	-0.183218	-0.279029	-0.354532	-0.406153	-0.424543	-0.41312	-0.387273	-0.366968	-0.354901	-0.327134	-0.281613	-0.239907	-0.206047	-0.181857	-0.158795	-0.124896	-0.0658881	0.00815919	0.0732912	0.12471	0.170795	0.196012	0.201391	0.196917	0.189036	0.177189	0.160454	0.127966	0.0553692	-0.0484409	-0.167622	-0.280738	-0.373763	-0.436648	-0.46649	-0.470428	-0.456494	-0.428494	-0.394835	-0.365817	-0.340028	-0.328349	-0.339534	-0.37491	-0.424868	-0.475004	-0.504902	-0.497487	-0.450501	-0.36588	-0.256421	-0.130548	0	
0	-0.0837657	-0.187173	-0.32337	-0.467917	-0.59025	-0.689689	-0.791643	-0.875219	-0.907161	-0.878891	-0.809834	-0.712311	-0.592903	-0.455147	-0.292411	-0.11861	0.0549761	0.216307	0.36406	0.485968	0.586166	0.669005	0.725523	0.747062	0.743839	0.744108	0.759067	0.772313	0.797306	0.859197	0.957027	1.04657	1.10324	1.12406	1.11012	1.05728	0.950811	0.815035	0.692616	0.593013	0.512483	0.448877	0.386515	0.309161	0.212925	0.104126	-0.00601421	-0.109132	-0.199685	-0.269479	-0.302574	-0.306516	-0.299656	-0.299081	-0.29966	-0.279404	-0.234702	-0.195715	-0.17088	-0.160582	-0.153298	-0.133337	-0.0896598	-0.032736	0.0159269	0.0575303	0.0913323	0.103072	0.0928467	0.0672617	0.0383709	0.00862622	-0.0249998	-0.0692822	-0.136238	-0.223606	-0.320799	-0.407735	-0.470567	-0.49687	-0.482684	-0.437328	-0.377187	-0.308508	-0.239315	-0.177239	-0.127234	-0.104689	-0.111808	-0.149401	-0.202088	-0.255502	-0.297179	-0.309822	-0.295252	-0.251923	-0.183141	-0.0963389	0	
0	-0.113854	-0.242712	-0.393884	-0.541636	-0.657405	-0.743889	-0.824813	-0.880818	-0.877158	-0.809834	-0.701179	-0.573652	-0.437249	-0.298391	-0.146667	0.0116859	0.166753	0.30663	0.421322	0.504893	0.568191	0.62792	0.676279	0.700441	0.706193	0.722043	0.75975	0.804457	0.854754	0.926785	1.00831	1.0627	1.07527	1.0574	1.01749	0.952449	0.846255	0.722014	0.6187	0.546382	0.494617	0.459295	0.423703	0.37409	0.307061	0.224697	0.132851	0.0370213	-0.0586657	-0.138903	-0.188083	-0.208782	-0.217014	-0.229494	-0.239588	-0.219508	-0.174174	-0.135439	-0.114976	-0.11099	-0.11082	-0.106279	-0.0874124	-0.0585382	-0.0343961	-0.0174497	-0.00441244	-0.0151724	-0.0498148	-0.0957523	-0.14077	-0.182302	-0.220608	-0.258414	-0.313434	-0.379777	-0.44672	-0.497454	-0.515011	-0.49369	-0.438155	-0.361754	-0.274318	-0.174067	-0.0685109	0.0249867	0.0945356	0.125055	0.110717	0.0593418	-0.00891499	-0.07885	-0.136059	-0.170548	-0.180772	-0.164519	-0.125989	-0.0669969	0	
0	-0.150572	-0.303731	-0.460675	-0.603939	-0.70953	-0.781597	-0.836207	-0.857451	-0.816144	-0.712311	-0.573652	-0.426854	-0.290527	-0.167173	-0.0390133	0.0997452	0.241414	0.362939	0.448854	0.493387	0.521664	0.557716	0.597111	0.624562	0.644227	0.681905	0.747919	0.819765	0.891061	0.967472	1.04021	1.07467	1.06269	1.01755	0.952943	0.867723	0.755367	0.63807	0.552625	0.500787	0.466594	0.441361	0.416479	0.382996	0.3406	0.287681	0.220516	0.138652	0.0468858	-0.0388823	-0.0985108	-0.132016	-0.151569	-0.165671	-0.169752	-0.149114	-0.108353	-0.0739802	-0.0527846	-0.042434	-0.0400462	-0.0445193	-0.0479051	-0.0504267	-0.0621354	-0.0769238	-0.0973096	-0.137392	-0.19525	-0.259664	-0.315055	-0.356136	-0.382118	-0.401521	-0.431833	-0.476873	-0.518882	-0.533075	-0.508661	-0.446091	-0.359134	-0.257953	-0.148493	-0.0299404	0.0918935	0.201158	0.279738	0.308685	0.287321	0.220449	0.127974	0.0304961	-0.0554844	-0.110067	-0.13102	-0.122608	-0.0919293	-0.0479137	0	
0	-0.178749	-0.349114	-0.509685	-0.645929	-0.741033	-0.793977	-0.81837	-0.801773	-0.724494	-0.592903	-0.437249	-0.290527	-0.169746	-0.0721444	0.029076	0.146315	0.2691	0.372965	0.436971	0.459107	0.463247	0.476419	0.500511	0.52871	0.567657	0.636754	0.731788	0.827429	0.911069	0.994183	1.06791	1.1009	1.07917	1.01549	0.924483	0.815567	0.688614	0.5695	0.485954	0.436099	0.400172	0.374084	0.35404	0.337312	0.319767	0.293914	0.251735	0.188674	0.107749	0.0260759	-0.0366053	-0.0736136	-0.0905067	-0.100334	-0.1019	-0.0795918	-0.0397707	-0.00360395	0.0228178	0.0397194	0.0452212	0.034877	0.0146881	-0.0125771	-0.052724	-0.104119	-0.159951	-0.228715	-0.307966	-0.385044	-0.443551	-0.474121	-0.481264	-0.478706	-0.490145	-0.512668	-0.526259	-0.511591	-0.457942	-0.372567	-0.264869	-0.144539	-0.0190953	0.111556	0.235682	0.336396	0.402538	0.42246	0.387494	0.299653	0.178744	0.0492253	-0.0615744	-0.133345	-0.160599	-0.148946	-0.111432	-0.0574677	0	
0	-0.186029	-0.364266	-0.526617	-0.65865	-0.738727	-0.770391	-0.762716	-0.712405	-0.604974	-0.455147	-0.298391	-0.167173	-0.0721444	0.000755105	0.0782586	0.171506	0.271017	0.357293	0.412245	0.427328	0.418057	0.410199	0.417487	0.444806	0.501325	0.593887	0.710551	0.82276	0.923264	1.02214	1.11022	1.15157	1.12824	1.04935	0.937974	0.805404	0.661614	0.526619	0.424583	0.35393	0.301906	0.267834	0.254085	0.253217	0.256994	0.254028	0.232867	0.189195	0.125188	0.0572074	0.00386326	-0.0254616	-0.0370508	-0.0390037	-0.0332445	-0.00987208	0.030759	0.0735991	0.107106	0.126651	0.129641	0.115286	0.0897587	0.0510472	-0.0102722	-0.0863381	-0.16879	-0.25981	-0.355437	-0.439897	-0.494713	-0.515179	-0.50877	-0.494521	-0.490022	-0.493843	-0.487411	-0.45533	-0.39255	-0.297131	-0.175911	-0.0380362	0.102933	0.232433	0.343678	0.428545	0.473688	0.466049	0.399644	0.280533	0.131769	-0.0185956	-0.145494	-0.227534	-0.257357	-0.240014	-0.183162	-0.0977121	0	
0	-0.168563	-0.337396	-0.49564	-0.616317	-0.677888	-0.683676	-0.649291	-0.572903	-0.447637	-0.292411	-0.146667	-0.0390133	0.029076	0.0782586	0.131248	0.198875	0.275483	0.349818	0.400856	0.413723	0.397088	0.378379	0.378188	0.405651	0.467092	0.565866	0.688224	0.812731	0.932368	1.05297	1.15932	1.21312	1.19163	1.10583	0.979058	0.828907	0.665878	0.509321	0.380432	0.282089	0.209233	0.16472	0.14949	0.155679	0.171504	0.184047	0.184312	0.16213	0.11897	0.0684454	0.0300753	0.0135546	0.0135768	0.0169629	0.0269244	0.0589185	0.11209	0.165014	0.198842	0.211741	0.206329	0.189	0.163293	0.123492	0.0600978	-0.0252411	-0.123741	-0.231132	-0.337856	-0.422878	-0.469865	-0.47827	-0.465068	-0.448054	-0.438157	-0.433078	-0.420549	-0.388294	-0.32269	-0.221082	-0.0906209	0.0497287	0.182868	0.303023	0.402207	0.467504	0.483876	0.44131	0.33775	0.186397	0.0139353	-0.150557	-0.281832	-0.362436	-0.384197	-0.348958	-0.26369	-0.141053	0	
0	-0.1328	-0.275721	-0.413661	-0.514703	-0.551919	-0.535347	-0.479733	-0.391431	-0.264037	-0.11861	0.0116859	0.0997452	0.146315	0.171506	0.198875	0.244887	0.307208	0.373315	0.416563	0.423659	0.405568	0.388386	0.389288	0.411559	0.464217	0.552125	0.668443	0.796983	0.93002	1.06911	1.19375	1.26487	1.2561	1.17163	1.03766	0.86939	0.684959	0.50449	0.349743	0.228939	0.141004	0.0863185	0.0653715	0.0691783	0.0877832	0.110204	0.124305	0.118875	0.0923114	0.0613917	0.0411938	0.039954	0.0473566	0.0557321	0.072806	0.115044	0.180255	0.243942	0.281644	0.290849	0.281849	0.264318	0.240254	0.201729	0.141532	0.0592217	-0.0395754	-0.148512	-0.256178	-0.336829	-0.378911	-0.386034	-0.369913	-0.347941	-0.334926	-0.334446	-0.334323	-0.312498	-0.251501	-0.151899	-0.0290197	0.0975492	0.218847	0.323908	0.405649	0.449997	0.437412	0.362942	0.227181	0.0508295	-0.137976	-0.310019	-0.437424	-0.503985	-0.501315	-0.435821	-0.319626	-0.168056	0	
0	-0.0875947	-0.188207	-0.289184	-0.358242	-0.371541	-0.335739	-0.269053	-0.180517	-0.0694024	0.0549761	0.166753	0.241414	0.2691	0.271017	0.275483	0.307208	0.359662	0.4136	0.442751	0.444318	0.431889	0.424495	0.427211	0.441469	0.478564	0.54802	0.648566	0.767554	0.902398	1.04918	1.18775	1.27926	1.29127	1.22244	1.09142	0.912761	0.708958	0.504006	0.326052	0.185991	0.0875953	0.0260308	-0.00162516	-0.00267526	0.0151785	0.0402034	0.0634668	0.0675589	0.0568898	0.0445511	0.0431194	0.0529972	0.0625136	0.0681126	0.0891365	0.140955	0.218226	0.292756	0.337588	0.356003	0.353124	0.339494	0.315437	0.278045	0.22448	0.151919	0.0615991	-0.0373168	-0.133708	-0.206656	-0.245863	-0.249331	-0.226409	-0.200854	-0.191248	-0.203017	-0.219033	-0.211476	-0.166141	-0.08842	0.00855909	0.109468	0.209282	0.297088	0.360825	0.384546	0.350908	0.256166	0.10292	-0.0878921	-0.287736	-0.462002	-0.58026	-0.625717	-0.595686	-0.501064	-0.357253	-0.186045	0	
0	-0.0382124	-0.0873249	-0.139239	-0.170924	-0.161097	-0.113996	-0.0437651	0.0337662	0.121404	0.216307	0.30663	0.362939	0.372965	0.357293	0.349818	0.373315	0.4136	0.451322	0.46755	0.468138	0.464951	0.464864	0.469849	0.475881	0.496632	0.541736	0.615744	0.717197	0.844345	0.992829	1.13926	1.24862	1.28756	1.24433	1.13016	0.9513	0.731839	0.503688	0.300546	0.142209	0.0353512	-0.0289762	-0.0577424	-0.0587047	-0.0400648	-0.0137519	0.0102706	0.0196344	0.0179635	0.0204759	0.0303309	0.0444325	0.0531515	0.0599361	0.0854486	0.142446	0.221798	0.297324	0.351216	0.382011	0.392636	0.389874	0.373687	0.340497	0.296062	0.236416	0.164383	0.0896428	0.0131658	-0.0452099	-0.0775429	-0.0747364	-0.0451464	-0.0195461	-0.0197888	-0.0445131	-0.0748825	-0.0857848	-0.0665179	-0.0231591	0.0417476	0.11439	0.189478	0.252291	0.291437	0.294495	0.245161	0.141287	-0.0200366	-0.214035	-0.412208	-0.580879	-0.685692	-0.716241	-0.669461	-0.55601	-0.394771	-0.204867	0	
0	0.0119233	0.0152966	0.0126781	0.0183322	0.0478302	0.10115	0.166611	0.232551	0.297265	0.36406	0.421322	0.448854	0.436971	0.412245	0.400856	0.416563	0.442751	0.46755	0.47737	0.480222	0.480361	0.4862	0.493567	0.495521	0.498319	0.512675	0.556558	0.634501	0.752092	0.896609	1.04508	1.16834	1.23179	1.2185	1.12821	0.958523	0.734598	0.491327	0.2717	0.0983665	-0.0155166	-0.0822913	-0.111162	-0.109623	-0.0875986	-0.0601891	-0.0326943	-0.0207249	-0.0136652	-0.00382863	0.00877325	0.0219662	0.0313621	0.0445693	0.0810574	0.139001	0.210399	0.280659	0.331925	0.367227	0.383609	0.391022	0.386746	0.369306	0.343781	0.308757	0.266696	0.222058	0.172354	0.133898	0.118169	0.130162	0.158447	0.169967	0.153932	0.120691	0.0820422	0.0571142	0.0524357	0.0695717	0.106141	0.146845	0.189257	0.217146	0.226348	0.208074	0.145265	0.0339944	-0.12791	-0.315424	-0.502642	-0.658386	-0.752408	-0.772431	-0.718861	-0.598458	-0.424896	-0.223	0	
0	0.0568041	0.104033	0.140583	0.176834	0.22296	0.27827	0.337644	0.394534	0.44662	0.485968	0.504893	0.493387	0.459107	0.427328	0.413723	0.423659	0.444318	0.468138	0.480222	0.481602	0.481272	0.485228	0.492286	0.483908	0.464247	0.447103	0.458023	0.51244	0.617258	0.758009	0.909818	1.04504	1.13136	1.14423	1.07728	0.923187	0.705475	0.464212	0.242531	0.064663	-0.0537211	-0.124285	-0.155808	-0.154916	-0.131892	-0.101918	-0.0691865	-0.0455433	-0.0283662	-0.0127521	0.000152099	0.0122374	0.0256655	0.0459835	0.0844405	0.137328	0.197313	0.249219	0.289589	0.316885	0.330351	0.344519	0.358877	0.363314	0.368097	0.369197	0.362227	0.351205	0.329601	0.319342	0.322661	0.340891	0.359578	0.353488	0.323868	0.281635	0.23277	0.195477	0.179614	0.182079	0.201524	0.215463	0.223505	0.2226	0.207171	0.166977	0.0883257	-0.0314675	-0.195486	-0.3781	-0.557792	-0.705583	-0.789141	-0.802629	-0.744416	-0.618098	-0.439845	-0.230569	0	
0	0.0897841	0.167198	0.230047	0.289076	0.350188	0.411126	0.468606	0.524587	0.56867	0.586166	0.568191	0.521664	0.463247	0.418057	0.397088	0.405568	0.431889	0.464951	0.480361	0.481272	0.472573	0.466116	0.455556	0.427026	0.383637	0.338558	0.322902	0.354849	0.449431	0.58969	0.746958	0.896325	1.00148	1.03544	0.98726	0.849924	0.649633	0.426285	0.220356	0.0497149	-0.0676719	-0.140858	-0.177625	-0.180599	-0.159038	-0.126054	-0.0801618	-0.0394435	-0.00264309	0.0263751	0.0440364	0.0571486	0.0687081	0.0816536	0.106413	0.135688	0.169915	0.206196	0.231925	0.248621	0.259481	0.283427	0.314435	0.344583	0.380569	0.412603	0.434732	0.446603	0.450359	0.466804	0.493177	0.519672	0.538001	0.528747	0.491179	0.438767	0.374474	0.324906	0.301501	0.297814	0.303886	0.302558	0.301994	0.288576	0.258444	0.203872	0.111768	-0.0211666	-0.199748	-0.393098	-0.576853	-0.725312	-0.807099	-0.813511	-0.748584	-0.615461	-0.431822	-0.226295	0	
0	0.106204	0.200433	0.279711	0.355632	0.4334	0.508134	0.574514	0.632675	0.669907	0.669005	0.62792	0.557716	0.476419	0.410199	0.378379	0.388386	0.424495	0.464864	0.4862	0.485228	0.466116	0.43229	0.389191	0.330432	0.26334	0.198743	0.166192	0.185993	0.275704	0.417048	0.583542	0.74682	0.869592	0.917849	0.882558	0.763305	0.588102	0.394935	0.214771	0.0585833	-0.0523938	-0.122643	-0.157275	-0.158611	-0.133414	-0.0912313	-0.030319	0.0323935	0.0885412	0.131134	0.158505	0.171923	0.169001	0.151518	0.136349	0.129047	0.135723	0.146167	0.160708	0.176377	0.191679	0.226049	0.276423	0.326186	0.381671	0.432054	0.464385	0.488396	0.511038	0.552033	0.598053	0.64316	0.680915	0.685941	0.652626	0.589727	0.510666	0.449661	0.414579	0.398628	0.402909	0.407102	0.410213	0.404227	0.379111	0.321569	0.217691	0.0638085	-0.135013	-0.345871	-0.54639	-0.707491	-0.794747	-0.801813	-0.734641	-0.598909	-0.417352	-0.217281	0	
0	0.104245	0.202595	0.290269	0.377916	0.472405	0.568295	0.649704	0.710312	0.737982	0.725523	0.676279	0.597111	0.500511	0.417487	0.378188	0.389288	0.427211	0.469849	0.493567	0.492286	0.455556	0.389191	0.306266	0.214233	0.123968	0.0474565	0.0114471	0.0294531	0.117784	0.263617	0.440645	0.618741	0.752137	0.807851	0.782412	0.684948	0.541469	0.382375	0.229855	0.0916936	-0.00594314	-0.0608873	-0.0802902	-0.066075	-0.0256725	0.0299907	0.104557	0.177805	0.242899	0.292609	0.320068	0.322478	0.294186	0.237207	0.176104	0.124548	0.0936564	0.0825929	0.0856262	0.0998597	0.124387	0.173208	0.236917	0.301158	0.368024	0.42162	0.459719	0.492794	0.53	0.586263	0.650651	0.718398	0.78199	0.807319	0.778596	0.715622	0.632533	0.561603	0.516612	0.497552	0.504767	0.519697	0.541303	0.551905	0.536517	0.478059	0.366696	0.202144	-0.0137632	-0.24412	-0.461804	-0.638084	-0.736258	-0.751485	-0.695159	-0.570778	-0.400235	-0.210683	0	
0	0.0887713	0.180993	0.269892	0.36304	0.470367	0.585057	0.679659	0.741174	0.762574	0.747062	0.700441	0.624562	0.52871	0.444806	0.405651	0.411559	0.441469	0.475881	0.495521	0.483908	0.427026	0.330432	0.214233	0.0927514	-0.0157558	-0.095658	-0.126934	-0.105088	-0.0121036	0.143438	0.33406	0.520094	0.656729	0.715798	0.702387	0.629715	0.516739	0.389096	0.264655	0.151578	0.0783322	0.0489562	0.0556473	0.0949711	0.156916	0.229913	0.310861	0.382652	0.439427	0.477659	0.4929	0.475594	0.414935	0.318993	0.219973	0.133218	0.0690245	0.0259936	0.0131414	0.0254738	0.0533762	0.109611	0.186911	0.262009	0.332908	0.39386	0.442189	0.488496	0.539311	0.605841	0.680606	0.761591	0.836044	0.866288	0.843889	0.788614	0.714115	0.651262	0.61105	0.598551	0.618099	0.647537	0.680204	0.701365	0.692932	0.636879	0.524506	0.354644	0.13273	-0.108412	-0.339123	-0.527575	-0.639495	-0.670262	-0.632731	-0.527781	-0.374265	-0.198495	0	
0	0.0716653	0.154231	0.239847	0.332194	0.443503	0.563904	0.662756	0.726071	0.752389	0.743839	0.706193	0.644227	0.567657	0.501325	0.467092	0.464217	0.478564	0.496632	0.498319	0.464247	0.383637	0.26334	0.123968	-0.0157558	-0.133448	-0.211819	-0.23572	-0.202414	-0.0935294	0.0792065	0.281533	0.471752	0.611329	0.678334	0.678146	0.623484	0.531217	0.427173	0.331561	0.249469	0.205128	0.204835	0.241392	0.310097	0.399213	0.48698	0.566558	0.624283	0.659726	0.673982	0.661308	0.612567	0.522986	0.400449	0.27119	0.151397	0.0521019	-0.0201869	-0.0532191	-0.0513468	-0.023771	0.036921	0.121189	0.205365	0.285734	0.358917	0.426508	0.489721	0.550588	0.623488	0.702747	0.781296	0.844997	0.866417	0.844608	0.80229	0.74816	0.704185	0.684639	0.693033	0.726931	0.76815	0.811191	0.840702	0.83479	0.77833	0.669707	0.500646	0.272226	0.0234533	-0.213826	-0.413206	-0.542659	-0.594921	-0.576078	-0.484902	-0.344262	-0.1817	0	
0	0.0661169	0.145449	0.228057	0.31595	0.418921	0.529218	0.621106	0.691001	0.73499	0.744108	0.722043	0.681905	0.636754	0.593887	0.565866	0.552125	0.54802	0.541736	0.512675	0.447103	0.338558	0.198743	0.0474565	-0.095658	-0.211819	-0.282308	-0.288908	-0.227236	-0.0923026	0.0979481	0.306921	0.499668	0.642702	0.714901	0.720075	0.674764	0.59472	0.512284	0.444528	0.393587	0.37758	0.40548	0.470098	0.566041	0.67275	0.766292	0.836068	0.875791	0.8887	0.876268	0.831633	0.749843	0.628648	0.478525	0.323873	0.175187	0.0425231	-0.0592178	-0.112258	-0.122554	-0.0999082	-0.0374385	0.0531149	0.144874	0.234726	0.324047	0.408207	0.480881	0.549529	0.62616	0.702804	0.768305	0.812967	0.824398	0.8065	0.776663	0.740772	0.72189	0.729378	0.759066	0.808744	0.863593	0.9142	0.946153	0.945935	0.897313	0.78563	0.604262	0.365423	0.10896	-0.135183	-0.345603	-0.486969	-0.545717	-0.532098	-0.448218	-0.317646	-0.167696	0	
0	0.0781123	0.165295	0.250286	0.329141	0.414532	0.500321	0.57919	0.655947	0.724097	0.759067	0.75975	0.747919	0.731788	0.710551	0.688224	0.668443	0.648566	0.615744	0.556558	0.458023	0.322902	0.166192	0.0114471	-0.126934	-0.23572	-0.288908	-0.26186	-0.16197	0.00118165	0.203819	0.418465	0.608855	0.74524	0.811712	0.818452	0.779897	0.712712	0.645758	0.599677	0.574879	0.585063	0.638216	0.726752	0.837198	0.949098	1.03638	1.09229	1.11793	1.11088	1.06679	0.983682	0.866148	0.720981	0.555438	0.381206	0.208896	0.0513122	-0.0773069	-0.155757	-0.184197	-0.171662	-0.113688	-0.0180914	0.0884528	0.193222	0.295566	0.385234	0.456515	0.523199	0.600152	0.673	0.726839	0.760719	0.767404	0.748784	0.719337	0.696315	0.697335	0.724752	0.776683	0.845652	0.913678	0.969162	1.00556	1.00592	0.948285	0.824059	0.632294	0.389114	0.126287	-0.127464	-0.338985	-0.472738	-0.522885	-0.504304	-0.424275	-0.303015	-0.160211	0	
0	0.100613	0.204311	0.292962	0.360653	0.42098	0.479822	0.542101	0.621204	0.709459	0.772313	0.804457	0.819765	0.827429	0.82276	0.812731	0.796983	0.767554	0.717197	0.634501	0.51244	0.354849	0.185993	0.0294531	-0.105088	-0.202414	-0.227236	-0.16197	-0.0241076	0.161596	0.379583	0.595115	0.77009	0.884199	0.939088	0.946337	0.915755	0.855409	0.799349	0.770063	0.769794	0.802688	0.873104	0.969535	1.07944	1.18091	1.255	1.29907	1.31097	1.28054	1.20408	1.08448	0.941097	0.784733	0.61474	0.435231	0.254785	0.081114	-0.0666377	-0.167597	-0.219207	-0.222099	-0.172741	-0.0796048	0.0332365	0.152053	0.264253	0.357911	0.430327	0.49759	0.565443	0.619617	0.656961	0.678972	0.680976	0.660596	0.633327	0.615538	0.622759	0.664104	0.732456	0.817179	0.899406	0.963803	1.00047	0.989644	0.912244	0.769111	0.570324	0.324284	0.0604155	-0.183375	-0.376665	-0.490475	-0.525819	-0.497636	-0.41219	-0.290734	-0.151518	0	
0	0.129611	0.255172	0.353387	0.412745	0.456319	0.496504	0.545785	0.618394	0.712463	0.797306	0.854754	0.891061	0.911069	0.923264	0.932368	0.93002	0.902398	0.844345	0.752092	0.617258	0.449431	0.275704	0.117784	-0.0121036	-0.0935294	-0.0923026	0.00118165	0.161596	0.36773	0.595249	0.803571	0.95622	1.05027	1.09559	1.10139	1.06892	1.01142	0.96213	0.94634	0.962214	1.00455	1.07525	1.16715	1.26327	1.34633	1.4048	1.4359	1.43455	1.38431	1.27971	1.13697	0.982738	0.82474	0.657153	0.479315	0.298585	0.123934	-0.0313404	-0.149233	-0.221174	-0.250315	-0.22691	-0.146341	-0.0296784	0.0926238	0.209375	0.308682	0.385921	0.451334	0.507382	0.546197	0.567366	0.577545	0.56974	0.54251	0.510572	0.496954	0.511997	0.556623	0.63017	0.719882	0.808316	0.87923	0.913155	0.888276	0.796024	0.642833	0.436213	0.188686	-0.0648057	-0.283891	-0.447748	-0.543515	-0.566068	-0.522991	-0.425488	-0.294005	-0.149811	0	
0	0.161832	0.314556	0.42994	0.496505	0.542504	0.583005	0.62698	0.685746	0.771631	0.859197	0.926785	0.967472	0.994183	1.02214	1.05297	1.06911	1.04918	0.992829	0.896609	0.758009	0.58969	0.417048	0.263617	0.143438	0.0792065	0.0979481	0.203819	0.379583	0.595249	0.823396	1.02415	1.16964	1.25562	1.28706	1.27587	1.23052	1.1669	1.11575	1.09969	1.11549	1.15576	1.22265	1.30467	1.38113	1.43927	1.4754	1.49127	1.47825	1.41601	1.30404	1.15729	1.0048	0.852692	0.690371	0.516295	0.34275	0.171242	0.0110348	-0.120787	-0.215073	-0.267252	-0.267378	-0.208226	-0.109823	0.000480487	0.10646	0.201387	0.282256	0.347585	0.397842	0.429139	0.447791	0.451002	0.433301	0.401082	0.369795	0.355859	0.365644	0.409955	0.483978	0.575359	0.666241	0.733862	0.759453	0.7276	0.632462	0.474332	0.261169	0.0127123	-0.22627	-0.4242	-0.569469	-0.64351	-0.642697	-0.576303	-0.46301	-0.321959	-0.163672	0	
0	0.194414	0.376109	0.517658	0.610027	0.68023	0.737766	0.782101	0.825551	0.888081	0.957027	1.00831	1.04021	1.06791	1.11022	1.15932	1.19375	1.18775	1.13926	1.04508	0.909818	0.746958	0.583542	0.440645	0.33406	0.281533	0.306921	0.418465	0.595115	0.803571	1.02415	1.23106	1.38863	1.47019	1.48162	1.44933	1.38568	1.30531	1.23437	1.19865	1.20062	1.23397	1.29271	1.3588	1.40987	1.44089	1.45668	1.46146	1.44224	1.38157	1.27487	1.14024	1.0024	0.861658	0.708768	0.545644	0.378115	0.209301	0.0505396	-0.0900412	-0.2008	-0.278846	-0.307133	-0.277556	-0.210389	-0.134937	-0.0551411	0.0292474	0.107618	0.173136	0.227873	0.270015	0.294047	0.295851	0.276734	0.24495	0.211868	0.19506	0.204862	0.247325	0.317761	0.40396	0.488633	0.550608	0.568308	0.535287	0.444748	0.285656	0.0749297	-0.160259	-0.38881	-0.584464	-0.721869	-0.776932	-0.749844	-0.660557	-0.529063	-0.367238	-0.188394	0	
0	0.223159	0.431422	0.603557	0.733102	0.838475	0.916371	0.962344	0.987962	1.01823	1.04657	1.0627	1.07467	1.1009	1.15157	1.21312	1.26487	1.27926	1.24862	1.16834	1.04504	0.896325	0.74682	0.618741	0.520094	0.471752	0.499668	0.608855	0.77009	0.95622	1.16964	1.38863	1.55479	1.62939	1.62587	1.57942	1.49531	1.38971	1.29145	1.23053	1.21349	1.23097	1.26762	1.30581	1.33018	1.33944	1.33962	1.33413	1.31248	1.25814	1.17159	1.06362	0.951806	0.834011	0.699933	0.549528	0.392824	0.235	0.0796519	-0.0637333	-0.185906	-0.284285	-0.345861	-0.3615	-0.345076	-0.310835	-0.257677	-0.187635	-0.110434	-0.0391701	0.0300002	0.0850291	0.115364	0.119578	0.102594	0.0763443	0.0495207	0.035389	0.0428246	0.0786336	0.14062	0.220172	0.294562	0.347554	0.365649	0.337832	0.249216	0.0945627	-0.100746	-0.320647	-0.541388	-0.732071	-0.856843	-0.896151	-0.860677	-0.757209	-0.601045	-0.412344	-0.208161	0	
0	0.249047	0.482459	0.685797	0.854182	0.990885	1.08281	1.12551	1.13234	1.12445	1.10324	1.07527	1.06269	1.07917	1.12824	1.19163	1.2561	1.29127	1.28756	1.23179	1.13136	1.00148	0.869592	0.752137	0.656729	0.611329	0.642702	0.74524	0.884199	1.05027	1.25562	1.47019	1.62939	1.69443	1.68197	1.61952	1.51329	1.38908	1.27249	1.19302	1.15313	1.14312	1.14577	1.15332	1.15376	1.14371	1.12445	1.10835	1.08332	1.04594	0.992758	0.924776	0.849831	0.764234	0.65731	0.53041	0.391929	0.249485	0.109482	-0.0328684	-0.169534	-0.295682	-0.394053	-0.458551	-0.494725	-0.501603	-0.477689	-0.423886	-0.349698	-0.269979	-0.186395	-0.119015	-0.0796809	-0.065479	-0.0691553	-0.083959	-0.104763	-0.118437	-0.111488	-0.0770425	-0.0210922	0.0474934	0.111832	0.162946	0.181795	0.152765	0.0647092	-0.0806163	-0.263919	-0.477534	-0.687025	-0.853607	-0.953397	-0.979817	-0.933563	-0.815057	-0.643153	-0.438524	-0.221768	0	
0	0.275263	0.534859	0.767012	0.966711	1.12146	1.21727	1.24979	1.23622	1.19024	1.12406	1.0574	1.01755	1.01549	1.04935	1.10583	1.17163	1.22244	1.24433	1.2185	1.14423	1.03544	0.917849	0.807851	0.715798	0.678334	0.714901	0.811712	0.939088	1.09559	1.28706	1.48162	1.62587	1.68197	1.65385	1.57056	1.44973	1.3141	1.18476	1.08351	1.01512	0.971376	0.940492	0.919652	0.899311	0.868883	0.836527	0.813214	0.795672	0.783448	0.765812	0.735947	0.700954	0.65626	0.587186	0.49546	0.385401	0.267488	0.138063	-0.00556502	-0.155713	-0.308587	-0.446269	-0.557627	-0.637685	-0.679623	-0.685002	-0.656857	-0.595725	-0.514837	-0.420675	-0.339162	-0.281753	-0.242484	-0.224877	-0.227835	-0.240045	-0.250775	-0.242635	-0.209974	-0.156359	-0.0853998	-0.0197484	0.0316353	0.0435211	0.00495264	-0.0857274	-0.229851	-0.40907	-0.613223	-0.802751	-0.944244	-1.02538	-1.03493	-0.967267	-0.833307	-0.658165	-0.45348	-0.231724	0	
0	0.301831	0.58613	0.842052	1.05752	1.21809	1.3062	1.32487	1.28582	1.20803	1.11012	1.01749	0.952943	0.924483	0.937974	0.979058	1.03766	1.09142	1.13016	1.12821	1.07728	0.98726	0.882558	0.782412	0.702387	0.678146	0.720075	0.818452	0.946337	1.10139	1.27587	1.44933	1.57942	1.61952	1.57056	1.4724	1.33934	1.18951	1.03727	0.913256	0.815557	0.741563	0.681105	0.634066	0.59097	0.549971	0.510562	0.490979	0.48857	0.501644	0.516315	0.526143	0.536074	0.536936	0.510475	0.45209	0.368233	0.271007	0.157234	0.0179201	-0.140547	-0.313789	-0.484025	-0.636057	-0.75848	-0.836395	-0.874654	-0.869864	-0.816394	-0.736592	-0.641634	-0.555342	-0.480955	-0.414609	-0.370361	-0.349686	-0.344161	-0.346429	-0.337387	-0.30595	-0.249391	-0.173169	-0.0999466	-0.0432413	-0.0335265	-0.0796727	-0.179495	-0.33025	-0.516785	-0.715826	-0.886566	-1.01553	-1.08296	-1.0702	-0.983721	-0.839473	-0.658013	-0.449882	-0.228971	0	
0	0.320954	0.623395	0.888638	1.10856	1.2617	1.34114	1.33867	1.27497	1.17075	1.05728	0.952449	0.867723	0.815567	0.805404	0.828907	0.86939	0.912761	0.9513	0.958523	0.923187	0.849924	0.763305	0.684948	0.629715	0.623484	0.674764	0.779897	0.915755	1.06892	1.23052	1.38568	1.49531	1.51329	1.44973	1.33934	1.19155	1.01447	0.841406	0.695303	0.571603	0.471993	0.387489	0.317224	0.265286	0.219881	0.182054	0.171551	0.185075	0.219819	0.2622	0.311988	0.369193	0.417435	0.430734	0.408662	0.354227	0.28283	0.186643	0.0558684	-0.109063	-0.3047	-0.502976	-0.685749	-0.838993	-0.945561	-1.01132	-1.02861	-0.989324	-0.917377	-0.827872	-0.73728	-0.647765	-0.56364	-0.502486	-0.46429	-0.436147	-0.420741	-0.394788	-0.346752	-0.281091	-0.197374	-0.121714	-0.0692278	-0.066505	-0.119871	-0.227784	-0.391565	-0.586078	-0.781824	-0.946899	-1.06604	-1.11711	-1.08359	-0.982327	-0.833782	-0.641609	-0.426256	-0.216152	0	
0	0.320849	0.619616	0.878864	1.08663	1.23189	1.29732	1.27657	1.18743	1.06786	0.950811	0.846255	0.755367	0.688614	0.661614	0.665878	0.684959	0.708958	0.731839	0.734598	0.705475	0.649633	0.588102	0.541469	0.516739	0.531217	0.59472	0.712712	0.855409	1.01142	1.1669	1.30531	1.38971	1.38908	1.3141	1.18951	1.01447	0.811785	0.613307	0.439548	0.288908	0.169486	0.0736485	0.00282446	-0.0453212	-0.0837072	-0.112603	-0.111775	-0.0867619	-0.046045	0.0117105	0.0906333	0.187236	0.28065	0.343968	0.366981	0.352965	0.313128	0.234244	0.110413	-0.0588026	-0.267533	-0.483985	-0.684092	-0.85836	-0.991572	-1.07962	-1.10927	-1.07996	-1.02229	-0.942952	-0.856919	-0.772553	-0.688703	-0.622202	-0.571197	-0.523911	-0.482272	-0.425657	-0.351884	-0.261832	-0.163158	-0.0893237	-0.0516819	-0.0660003	-0.136696	-0.26344	-0.43356	-0.626028	-0.819357	-0.978128	-1.08463	-1.11789	-1.06979	-0.960366	-0.804775	-0.611143	-0.404369	-0.204778	0	
0	0.294274	0.567451	0.801431	0.993823	1.12914	1.18777	1.15191	1.04984	0.925885	0.815035	0.722014	0.63807	0.5695	0.526619	0.509321	0.50449	0.504006	0.503688	0.491327	0.464212	0.426285	0.394935	0.382375	0.389096	0.427173	0.512284	0.645758	0.799349	0.96213	1.11575	1.23437	1.29145	1.27249	1.18476	1.03727	0.841406	0.613307	0.384252	0.177949	0.00136567	-0.129957	-0.222565	-0.284194	-0.319513	-0.342395	-0.348938	-0.3266	-0.296719	-0.258196	-0.198814	-0.107644	0.0164905	0.148671	0.251619	0.318054	0.346112	0.339256	0.28826	0.184392	0.0220799	-0.186432	-0.404339	-0.616173	-0.814339	-0.970076	-1.0733	-1.11576	-1.10146	-1.05645	-0.993589	-0.926294	-0.856762	-0.786371	-0.722688	-0.657872	-0.584712	-0.51404	-0.426807	-0.319984	-0.209639	-0.106204	-0.0381591	-0.0189625	-0.0529663	-0.142641	-0.287009	-0.462836	-0.647118	-0.828524	-0.975549	-1.06363	-1.08684	-1.03848	-0.924393	-0.769016	-0.584911	-0.389976	-0.199189	0	
0	0.244288	0.471052	0.670608	0.843016	0.974248	1.03122	0.996247	0.899181	0.787428	0.692616	0.6187	0.552625	0.485954	0.424583	0.380432	0.349743	0.326052	0.300546	0.2717	0.242531	0.220356	0.214771	0.229855	0.264655	0.331561	0.444528	0.599677	0.770063	0.94634	1.09969	1.19865	1.23053	1.19302	1.08351	0.913256	0.695303	0.439548	0.177949	-0.058747	-0.252222	-0.387376	-0.46986	-0.516619	-0.536856	-0.532986	-0.506377	-0.468423	-0.433082	-0.396777	-0.339131	-0.238531	-0.0958972	0.0541679	0.17883	0.270884	0.325097	0.346437	0.327325	0.257338	0.125602	-0.0587945	-0.265855	-0.478538	-0.690003	-0.872253	-0.998291	-1.06134	-1.07639	-1.05998	-1.01786	-0.967452	-0.915727	-0.850681	-0.775297	-0.695748	-0.607333	-0.512664	-0.402652	-0.283043	-0.163978	-0.0597659	0.00449335	0.0198912	-0.0240144	-0.128704	-0.282376	-0.461689	-0.646535	-0.82101	-0.955917	-1.03156	-1.04745	-0.99905	-0.89092	-0.743678	-0.567567	-0.379814	-0.19308	0	
0	0.173493	0.338394	0.492359	0.638676	0.762371	0.82485	0.808506	0.739713	0.660182	0.593013	0.546382	0.500787	0.436099	0.35393	0.282089	0.228939	0.185991	0.142209	0.0983665	0.064663	0.0497149	0.0585833	0.0916936	0.151578	0.249469	0.393587	0.574879	0.769794	0.962214	1.11549	1.20062	1.21349	1.15313	1.01512	0.815557	0.571603	0.288908	0.00136567	-0.252222	-0.453251	-0.584739	-0.654823	-0.690853	-0.694395	-0.664167	-0.615349	-0.561332	-0.513011	-0.4701	-0.403468	-0.292541	-0.146614	0.000360653	0.125671	0.223533	0.29518	0.343087	0.356722	0.323556	0.233225	0.0922449	-0.0823559	-0.282157	-0.498604	-0.695565	-0.845739	-0.948019	-1.00825	-1.02795	-1.01749	-0.991927	-0.947351	-0.87686	-0.790967	-0.699627	-0.6016	-0.499731	-0.388089	-0.26546	-0.139289	-0.0288747	0.0399796	0.056749	0.0138607	-0.0930237	-0.247648	-0.426353	-0.61923	-0.799696	-0.931783	-1.00859	-1.02742	-0.974828	-0.86637	-0.724754	-0.550915	-0.365762	-0.18523	0	
0	0.0916401	0.186027	0.285804	0.394145	0.502399	0.574337	0.592137	0.571215	0.539918	0.512483	0.494617	0.466594	0.400172	0.301906	0.209233	0.141004	0.0875953	0.0353512	-0.0155166	-0.0537211	-0.0676719	-0.0523938	-0.00594314	0.0783322	0.205128	0.37758	0.585063	0.802688	1.00455	1.15576	1.23397	1.23097	1.14312	0.971376	0.741563	0.471993	0.169486	-0.129957	-0.387376	-0.584739	-0.709179	-0.774291	-0.801978	-0.793053	-0.747897	-0.682692	-0.609137	-0.542263	-0.483109	-0.405594	-0.293296	-0.159984	-0.0285701	0.087226	0.181554	0.262841	0.331036	0.372845	0.379156	0.334548	0.234795	0.0962246	-0.076788	-0.278619	-0.476111	-0.64288	-0.775852	-0.875721	-0.937638	-0.965363	-0.968459	-0.939122	-0.871485	-0.781704	-0.688061	-0.594495	-0.496018	-0.384523	-0.260546	-0.133981	-0.0184755	0.0598227	0.0827586	0.0464663	-0.0560659	-0.20813	-0.385358	-0.579689	-0.763674	-0.902944	-0.989288	-1.0164	-0.963856	-0.849342	-0.706433	-0.53426	-0.350185	-0.175295	0	
0	0.0103665	0.0350878	0.0754309	0.13692	0.221531	0.30643	0.366431	0.403388	0.429911	0.448877	0.459295	0.441361	0.374084	0.267834	0.16472	0.0863185	0.0260308	-0.0289762	-0.0822913	-0.124285	-0.140858	-0.122643	-0.0608873	0.0489562	0.204835	0.40548	0.638216	0.873104	1.07525	1.22265	1.29271	1.26762	1.14577	0.940492	0.681105	0.387489	0.0736485	-0.222565	-0.46986	-0.654823	-0.774291	-0.833731	-0.853475	-0.834861	-0.778934	-0.696204	-0.605789	-0.525984	-0.453864	-0.367312	-0.26581	-0.153035	-0.0401449	0.0579377	0.146466	0.237682	0.321785	0.383538	0.418577	0.411999	0.354516	0.251516	0.108932	-0.0616887	-0.241764	-0.412491	-0.564196	-0.695021	-0.795788	-0.862533	-0.897878	-0.890337	-0.836703	-0.760403	-0.679869	-0.590603	-0.493082	-0.384359	-0.260189	-0.131433	-0.0110499	0.0718239	0.0948266	0.0571025	-0.0391458	-0.187729	-0.369563	-0.55849	-0.739462	-0.883315	-0.96767	-0.990984	-0.939328	-0.826871	-0.680486	-0.509037	-0.333379	-0.165285	0	
0	-0.0622363	-0.102725	-0.11984	-0.110575	-0.0502365	0.044142	0.145311	0.234984	0.319473	0.386515	0.423703	0.416479	0.35404	0.254085	0.14949	0.0653715	-0.00162516	-0.0577424	-0.111162	-0.155808	-0.177625	-0.157275	-0.0802902	0.0556473	0.241392	0.470098	0.726752	0.969535	1.16715	1.30467	1.3588	1.30581	1.15332	0.919652	0.634066	0.317224	0.00282446	-0.284194	-0.516619	-0.690853	-0.801978	-0.853475	-0.858174	-0.82534	-0.749592	-0.652716	-0.555302	-0.468474	-0.387924	-0.308594	-0.228395	-0.136926	-0.0491496	0.0290425	0.113914	0.212854	0.306535	0.387406	0.44318	0.463604	0.442015	0.379122	0.28341	0.153951	-0.00688024	-0.176131	-0.340691	-0.495542	-0.628559	-0.73136	-0.795668	-0.809008	-0.778883	-0.723407	-0.655358	-0.58039	-0.491462	-0.384388	-0.257435	-0.123674	-0.00805394	0.0688317	0.0870547	0.0413799	-0.0558436	-0.203571	-0.385919	-0.566535	-0.732493	-0.864992	-0.937407	-0.943874	-0.891513	-0.79061	-0.647884	-0.484352	-0.322867	-0.162629	0	
