0	0	0	0	0	0	0	0	0	0	0	0	0	0	0	0	0	0	0	0	0	0	0	0	0	0	0	0	0	0	0	0	0	0	0	0	0	0	0	0	0	0	0	0	0	0	0	0	0	0	0	0	0	0	0	0	0	0	0	0	0	0	0	0	0	0	0	0	0	0	0	0	0	0	0	0	0	0	0	0	0	0	0	0	0	0	0	0	0	0	0	0	0	0	0	0	0	0	0	0	
0	-0.000199921	-0.000366702	-0.000609028	-0.000186398	-0.000600028	-0.000119553	-1.36435e-05	-0.000659299	-0.000443073	-0.00160154	-0.00334606	-0.0044228	-0.00830187	-0.0114228	-0.0165328	-0.0221474	-0.0288475	-0.0336342	-0.036629	-0.0343888	-0.0253118	-0.00727654	0.01412	0.0391417	0.0611414	0.071656	0.0724498	0.0635753	0.0485421	0.0318356	0.0143292	-0.00243681	-0.0165937	-0.029382	-0.0373181	-0.0345918	-0.0217898	-0.00943058	0.000746065	0.00683932	0.0070072	0.00356562	0.00122429	-0.00634815	-0.00998683	-0.00669858	-0.000202847	0.00347301	0.0032042	-0.00114054	-0.00533413	-0.0043001	-0.00152402	0.000602725	0.00113325	-0.000969035	-0.00104391	-0.00320776	-0.00126668	0.00284312	0.00225381	-0.0023215	-0.00412377	0.00183373	0.00221908	-0.00189312	-0.00307951	-0.00033403	0.00182328	0.00270093	0.00260064	0.0030082	0.0104685	0.0173752	0.0191317	0.0217659	0.0310654	0.0394743	0.0367591	0.0277724	0.0132768	-0.00611512	-0.0283123	-0.0515618	-0.0679047	-0.0753106	-0.0724562	-0.0581345	-0.037323	-0.0163855	-0.00121367	0.00867674	0.0164365	0.0256875	0.034336	0.030418	0.0188132	0.0105891	0	
0	-0.000366702	0.00195584	-0.000649329	0.00195377	-0.000404222	0.000288138	-0.000268402	-0.00179631	-0.000615109	-0.00403576	-0.00377167	-0.007947	-0.0145267	-0.0198847	-0.0340837	-0.0459518	-0.0587601	-0.0722091	-0.0757611	-0.0683227	-0.0512688	-0.0156119	0.0293373	0.0746587	0.117583	0.138945	0.144789	0.127301	0.0956902	0.0601287	0.0293823	-0.00532176	-0.0362578	-0.0615946	-0.0730334	-0.0699116	-0.0468303	-0.0220559	0.000703458	0.0123141	0.0118623	0.0058956	0.00120381	-0.0126708	-0.0205052	-0.0133317	-0.000445534	0.00707429	0.00801128	-0.0018871	-0.00763807	-0.00801601	-0.000451378	0.00197563	0.00322143	-0.000664099	-0.00305028	-0.00605271	-0.00459306	0.00416229	0.00261664	-0.00631924	-0.00879867	0.00330769	0.00484115	-0.00227312	-0.00345929	0.000203497	0.00536235	0.00538691	0.00294734	0.00594142	0.0177981	0.0326297	0.0400227	0.0435934	0.0643252	0.0817069	0.0722132	0.0541975	0.025455	-0.0141322	-0.0563316	-0.100359	-0.132748	-0.149997	-0.14731	-0.117015	-0.0729858	-0.0338767	-0.00498757	0.0181759	0.0347625	0.0502521	0.0663981	0.0609803	0.0391879	0.0217222	0	
0	-0.000609028	-0.000649329	-0.00156839	-0.000531694	-0.00137706	-0.000617779	-0.000227115	-0.00181069	-0.00153831	-0.00468929	-0.00894584	-0.0132993	-0.0238595	-0.0336038	-0.0499198	-0.0664885	-0.0864421	-0.10162	-0.109657	-0.10235	-0.0759524	-0.0233257	0.0411217	0.113878	0.178647	0.212224	0.2166	0.19026	0.145568	0.0957251	0.0443813	-0.00565954	-0.0490265	-0.0873913	-0.110013	-0.103021	-0.0671603	-0.0306702	0.000693021	0.0185666	0.0198118	0.0106682	0.00315071	-0.0181875	-0.0287475	-0.0198831	-0.00180727	0.00973548	0.00960133	-0.00300073	-0.0143351	-0.0124552	-0.00414254	0.00133075	0.0030972	-0.00208012	-0.00355878	-0.00909603	-0.00449298	0.00739989	0.00597804	-0.00716309	-0.0110851	0.00457144	0.00596997	-0.00457669	-0.0080194	-0.000702905	0.00538918	0.00736617	0.00738812	0.00988535	0.029987	0.0505997	0.0576924	0.0658116	0.093465	0.117402	0.108828	0.0824417	0.0403323	-0.0169333	-0.0829653	-0.151263	-0.201086	-0.22507	-0.216845	-0.174037	-0.112429	-0.0514717	-0.00697517	0.023675	0.0487835	0.0766618	0.101222	0.0912992	0.0584768	0.032098	0	
0	-0.000186398	0.00195377	-0.000531694	0.00233404	-0.000755687	0.000521388	-0.000903355	-0.00291103	-0.00237745	-0.00743069	-0.00970858	-0.0166705	-0.0294567	-0.0419589	-0.066023	-0.0907266	-0.115761	-0.140699	-0.14877	-0.137435	-0.101509	-0.0330281	0.0540449	0.14671	0.231062	0.274714	0.285257	0.253878	0.194196	0.125324	0.0603104	-0.00710235	-0.0680864	-0.11767	-0.143661	-0.136957	-0.0950795	-0.0454855	-0.00217314	0.0223585	0.0224808	0.0132069	0.00192181	-0.023483	-0.0379852	-0.0266729	-0.0034768	0.0120577	0.0139725	-0.00314861	-0.0154579	-0.0149189	-0.00345132	0.00278765	0.00482794	-0.00105613	-0.00492397	-0.0120468	-0.00737893	0.00713813	0.00518024	-0.010667	-0.0152742	0.00502835	0.00747292	-0.00453283	-0.00672322	0.000268755	0.00860981	0.0101973	0.00784187	0.0134034	0.0365162	0.063466	0.077339	0.0887824	0.126488	0.157743	0.144487	0.108725	0.052326	-0.0231861	-0.109095	-0.197734	-0.262619	-0.2961	-0.289796	-0.233944	-0.150234	-0.071649	-0.0138875	0.0307107	0.0661799	0.10029	0.131054	0.122055	0.0812591	0.0435176	0	
0	-0.000600028	-0.000404222	-0.00137706	-0.000755687	-0.00133765	-0.00118085	-0.00123239	-0.00267138	-0.00349987	-0.00796959	-0.0131	-0.0225388	-0.037543	-0.0551615	-0.0830043	-0.111273	-0.143525	-0.170306	-0.182324	-0.16919	-0.126457	-0.0434812	0.0633523	0.179771	0.283682	0.344094	0.356632	0.315593	0.243422	0.160913	0.0777665	-0.00449876	-0.0783299	-0.142328	-0.177706	-0.169278	-0.117021	-0.0579898	-0.00478015	0.0247812	0.0289783	0.0174737	0.00324907	-0.02772	-0.044349	-0.0328649	-0.00667725	0.0133357	0.0149651	-0.00397311	-0.0197371	-0.0190581	-0.00677504	0.00109339	0.00385314	-0.00136075	-0.00663332	-0.0137624	-0.00831269	0.00867264	0.00757571	-0.0117323	-0.01503	0.00481359	0.00746014	-0.00508098	-0.00985582	-0.000409505	0.00827176	0.0107436	0.0116953	0.0187865	0.0468609	0.0792832	0.095798	0.111887	0.155424	0.191427	0.178073	0.135298	0.0687687	-0.0234417	-0.132181	-0.242389	-0.326787	-0.37046	-0.358539	-0.289625	-0.190052	-0.0931012	-0.0214387	0.0317808	0.0786826	0.126311	0.163588	0.15194	0.103036	0.0545973	0	
0	-0.000119553	0.000288138	-0.000617779	0.000521388	-0.00118085	-0.000572433	-0.00181541	-0.00381944	-0.00544174	-0.0102432	-0.0174094	-0.0267746	-0.0446954	-0.0662457	-0.0969237	-0.133793	-0.170895	-0.204875	-0.218354	-0.205844	-0.152	-0.0549111	0.0707388	0.209617	0.332973	0.402896	0.418148	0.377215	0.294992	0.196568	0.0952121	-0.0030115	-0.0935737	-0.166276	-0.20871	-0.20042	-0.146374	-0.0740568	-0.0120396	0.0258341	0.0302759	0.0206717	0.00150064	-0.0313786	-0.0508038	-0.039794	-0.0107324	0.013056	0.0161795	-0.00391137	-0.0217793	-0.0208266	-0.00912608	0.000729462	0.00404547	-0.00128561	-0.0067152	-0.0164977	-0.00908519	0.00781913	0.00629395	-0.0122912	-0.0170334	0.00364555	0.00695657	-0.00588902	-0.00890477	0.000105032	0.00900266	0.0132085	0.0147364	0.0237255	0.0550459	0.0908693	0.111889	0.136088	0.1857	0.22503	0.213874	0.163379	0.0826102	-0.025077	-0.154449	-0.286512	-0.385893	-0.435805	-0.424742	-0.349325	-0.233618	-0.118426	-0.0318657	0.0339394	0.0922261	0.148783	0.191624	0.182433	0.127928	0.0662723	0	
0	-1.36435e-05	-0.000268402	-0.000227115	-0.000903355	-0.00123239	-0.00181541	-0.00337546	-0.00436845	-0.00734789	-0.0125212	-0.0191093	-0.0330786	-0.0516118	-0.078436	-0.114906	-0.156929	-0.200024	-0.237981	-0.254576	-0.23707	-0.177947	-0.0699439	0.0752516	0.232702	0.37184	0.460985	0.484933	0.437064	0.34289	0.229328	0.114557	0.00197999	-0.10242	-0.190784	-0.239359	-0.232813	-0.172947	-0.0935949	-0.0211041	0.0217461	0.0317919	0.0221399	-0.000133873	-0.0348636	-0.0563341	-0.0465362	-0.0163409	0.0111501	0.0158555	-0.00479759	-0.0225145	-0.023725	-0.0116487	-0.00108448	0.00242439	-0.000307005	-0.00953664	-0.0169919	-0.0110653	0.00568564	0.00560994	-0.0138874	-0.0156792	0.00157578	0.00546456	-0.00455482	-0.00834071	0.0002735	0.00918794	0.0133273	0.0168475	0.0298688	0.0622953	0.101862	0.130798	0.16113	0.214674	0.257161	0.244474	0.187741	0.0995683	-0.0235244	-0.172827	-0.322548	-0.441692	-0.505361	-0.49287	-0.405283	-0.274244	-0.145547	-0.0474924	0.029861	0.102825	0.172733	0.220209	0.211247	0.152383	0.0786704	0	
0	-0.000659299	-0.00179631	-0.00181069	-0.00291103	-0.00267138	-0.00381944	-0.00436845	-0.00636392	-0.010231	-0.015176	-0.0258292	-0.0399098	-0.061263	-0.0926812	-0.130326	-0.177922	-0.226856	-0.268282	-0.288633	-0.27306	-0.206495	-0.0860514	0.0749286	0.253912	0.412024	0.513762	0.538597	0.492317	0.393514	0.268467	0.134616	0.0058497	-0.11357	-0.210528	-0.267086	-0.263197	-0.20312	-0.114644	-0.0345099	0.015776	0.0309348	0.0228442	-0.00277804	-0.0378594	-0.0607734	-0.0536646	-0.0234157	0.00683518	0.0121416	-0.00618882	-0.025209	-0.0268038	-0.0169241	-0.00523991	-0.000117496	-0.00227642	-0.0109916	-0.018161	-0.0113831	0.0039818	0.00368277	-0.0120722	-0.0139748	-0.00132751	0.0029981	-0.00550002	-0.00855985	-0.000402812	0.00745589	0.0140113	0.0217613	0.0368983	0.0714544	0.112653	0.145216	0.185439	0.241389	0.283673	0.276784	0.217037	0.117643	-0.0204276	-0.189511	-0.360371	-0.496591	-0.56572	-0.551858	-0.462004	-0.322917	-0.178982	-0.0642501	0.0260738	0.111677	0.193133	0.245754	0.239812	0.178199	0.0915816	0	
0	-0.000443073	-0.000615109	-0.00153831	-0.00237745	-0.00349987	-0.00544174	-0.00734789	-0.010231	-0.0149152	-0.0208199	-0.0318659	-0.0479065	-0.0716235	-0.10721	-0.149995	-0.204997	-0.258841	-0.305755	-0.328257	-0.309583	-0.236584	-0.107562	0.0692501	0.263559	0.436982	0.55498	0.590491	0.545912	0.438715	0.299081	0.152353	0.0104605	-0.123876	-0.233251	-0.296988	-0.296829	-0.237518	-0.14245	-0.0554208	0.0023097	0.0233246	0.0179682	-0.00990118	-0.0434597	-0.0676897	-0.063346	-0.032948	-0.00154223	0.00637209	-0.0092414	-0.0261477	-0.0294973	-0.021167	-0.00886804	-0.0028414	-0.00368662	-0.0136157	-0.0189135	-0.013356	-0.00126951	-0.00170228	-0.0123988	-0.0135954	-0.0054382	-1.1532e-05	-0.00498628	-0.00541632	0.000237681	0.00723315	0.014821	0.0237633	0.0427103	0.077257	0.11965	0.161498	0.211655	0.269216	0.311274	0.305622	0.242388	0.134573	-0.0171985	-0.201799	-0.389356	-0.543524	-0.624465	-0.614449	-0.519167	-0.368578	-0.214015	-0.0872242	0.0173822	0.118302	0.212308	0.270037	0.266864	0.203254	0.104856	0	
0	-0.00160154	-0.00403576	-0.00468929	-0.00743069	-0.00796959	-0.0102432	-0.0125212	-0.015176	-0.0208199	-0.0286507	-0.0402591	-0.0609876	-0.0856628	-0.12633	-0.172234	-0.231038	-0.290771	-0.339608	-0.368234	-0.347544	-0.272654	-0.134813	0.0559872	0.267728	0.455411	0.589809	0.632816	0.589338	0.479762	0.330823	0.170912	0.0121043	-0.13444	-0.256783	-0.325872	-0.332491	-0.272161	-0.176281	-0.0814335	-0.0179669	0.0132182	0.00901577	-0.0187664	-0.0505093	-0.0756549	-0.0735739	-0.0455353	-0.0136899	-0.00488884	-0.0158758	-0.0305446	-0.0359522	-0.0297025	-0.0171451	-0.0103455	-0.00875058	-0.0195172	-0.0198642	-0.0153863	-0.00730797	-0.00565072	-0.0118981	-0.0108696	-0.00936007	-0.00499218	-0.0052063	-0.00585432	-0.00172364	0.00514726	0.0138354	0.0274714	0.0504773	0.0850722	0.127841	0.17675	0.235539	0.292404	0.334179	0.332633	0.269628	0.15609	-0.0105003	-0.212683	-0.41665	-0.587858	-0.678711	-0.66991	-0.572778	-0.419098	-0.255933	-0.113476	0.00669803	0.122403	0.22918	0.291831	0.291037	0.227485	0.119698	0	
0	-0.00334606	-0.00377167	-0.00894584	-0.00970858	-0.0131	-0.0174094	-0.0191093	-0.0258292	-0.0318659	-0.0402591	-0.0567971	-0.0757893	-0.106552	-0.149437	-0.200481	-0.264785	-0.330077	-0.383945	-0.414011	-0.394746	-0.315548	-0.169473	0.0322912	0.255112	0.462021	0.609189	0.658877	0.623825	0.513722	0.355873	0.181876	0.00953787	-0.153013	-0.282244	-0.360134	-0.372397	-0.318629	-0.218277	-0.120065	-0.0480041	-0.009496	-0.00986299	-0.0355267	-0.0651099	-0.0891086	-0.0905248	-0.0630717	-0.0336371	-0.0225055	-0.0272382	-0.038505	-0.0444372	-0.0400664	-0.0284003	-0.0184191	-0.0184991	-0.0254962	-0.0233707	-0.0201468	-0.0150887	-0.0160401	-0.01212	-0.0121139	-0.0157647	-0.00942408	-0.00786575	-0.00472769	-0.00246807	0.00277073	0.0138499	0.0301842	0.055534	0.0906347	0.134636	0.190129	0.258953	0.317272	0.355101	0.357597	0.298284	0.174991	-0.00528036	-0.217922	-0.438891	-0.627091	-0.725012	-0.721341	-0.627942	-0.47271	-0.3019	-0.143586	-0.00548766	0.124111	0.241006	0.310449	0.314283	0.25013	0.133189	0	
0	-0.0044228	-0.007947	-0.0132993	-0.0166705	-0.0225388	-0.0267746	-0.0330786	-0.0399098	-0.0479065	-0.0609876	-0.0757893	-0.101651	-0.133161	-0.180817	-0.236806	-0.30636	-0.37681	-0.434726	-0.469873	-0.448525	-0.367193	-0.216405	-0.00474173	0.231769	0.447412	0.608576	0.675198	0.646687	0.534059	0.36875	0.185927	-0.000592366	-0.173128	-0.316613	-0.402155	-0.421949	-0.36891	-0.272719	-0.171191	-0.0922564	-0.0433853	-0.039342	-0.0619643	-0.0871454	-0.111341	-0.112611	-0.0887638	-0.0617788	-0.0490629	-0.0470095	-0.0529689	-0.0591987	-0.0566385	-0.0443466	-0.0345264	-0.0322579	-0.0376294	-0.0304839	-0.0269131	-0.0289396	-0.0263935	-0.0174008	-0.0158784	-0.0220648	-0.0184392	-0.0107008	-0.0063011	-0.00590598	0.00117539	0.0125175	0.0313605	0.0605711	0.0953481	0.139524	0.204051	0.280734	0.337687	0.375945	0.381638	0.322917	0.195333	0.00359706	-0.22296	-0.455777	-0.655705	-0.767344	-0.773506	-0.68149	-0.52536	-0.350365	-0.178515	-0.0230942	0.121827	0.251162	0.327279	0.332894	0.269146	0.147223	0	
0	-0.00830187	-0.0145267	-0.0238595	-0.0294567	-0.037543	-0.0446954	-0.0516118	-0.061263	-0.0716235	-0.0856628	-0.106552	-0.133161	-0.171449	-0.22252	-0.283983	-0.357729	-0.433338	-0.494969	-0.533059	-0.513775	-0.433427	-0.27741	-0.0585203	0.185639	0.419253	0.593707	0.666709	0.645931	0.540105	0.37347	0.18028	-0.020662	-0.208561	-0.359868	-0.451517	-0.478294	-0.43435	-0.341358	-0.237443	-0.151026	-0.0933693	-0.084067	-0.0995244	-0.122056	-0.14262	-0.14513	-0.123231	-0.101486	-0.0868623	-0.0776627	-0.0781183	-0.0829476	-0.0815428	-0.0702142	-0.0587817	-0.056711	-0.0569047	-0.0446376	-0.0413211	-0.0456329	-0.0429021	-0.0260347	-0.0226398	-0.0317098	-0.0271502	-0.017998	-0.0121173	-0.0112783	-0.00492634	0.00874879	0.0311479	0.0628062	0.0997118	0.146924	0.216861	0.298486	0.356584	0.392235	0.401199	0.3501	0.216896	0.0127788	-0.222686	-0.469191	-0.683819	-0.802937	-0.81441	-0.731455	-0.583894	-0.406257	-0.217566	-0.0406756	0.119057	0.255668	0.337309	0.347702	0.286244	0.160336	0	
0	-0.0114228	-0.0198847	-0.0336038	-0.0419589	-0.0551615	-0.0662457	-0.078436	-0.0926812	-0.10721	-0.12633	-0.149437	-0.180817	-0.22252	-0.276532	-0.345315	-0.422986	-0.504875	-0.573387	-0.612643	-0.596082	-0.512936	-0.352992	-0.129071	0.122701	0.364957	0.548239	0.639749	0.632707	0.528944	0.360146	0.158329	-0.0535417	-0.25144	-0.411439	-0.515481	-0.55036	-0.512604	-0.42429	-0.322823	-0.230563	-0.165011	-0.147105	-0.155798	-0.173783	-0.191284	-0.191797	-0.173729	-0.156503	-0.140597	-0.124124	-0.11721	-0.118759	-0.116273	-0.105681	-0.0925987	-0.0898749	-0.0838312	-0.0673795	-0.0627721	-0.0704482	-0.0666274	-0.0449729	-0.0399557	-0.0473102	-0.0434632	-0.030856	-0.0220977	-0.0195816	-0.0100956	0.00447691	0.0287081	0.0620089	0.0992658	0.150456	0.226151	0.312368	0.373929	0.40988	0.422138	0.373734	0.233907	0.021914	-0.221617	-0.476649	-0.698093	-0.830096	-0.857262	-0.784425	-0.641661	-0.460857	-0.258255	-0.0632632	0.109166	0.254731	0.345722	0.360157	0.297318	0.168122	0	
0	-0.0165328	-0.0340837	-0.0499198	-0.066023	-0.0830043	-0.0969237	-0.114906	-0.130326	-0.149995	-0.172234	-0.200481	-0.236806	-0.283983	-0.345315	-0.417338	-0.502832	-0.587708	-0.660504	-0.702715	-0.690543	-0.60656	-0.447774	-0.221494	0.0390728	0.290845	0.485736	0.589274	0.591433	0.496851	0.332476	0.124841	-0.0965934	-0.307346	-0.479777	-0.59146	-0.630092	-0.603055	-0.52464	-0.426663	-0.327109	-0.255735	-0.227198	-0.228839	-0.240694	-0.253653	-0.251176	-0.236917	-0.225136	-0.208692	-0.186576	-0.17316	-0.168645	-0.167169	-0.15526	-0.144471	-0.138704	-0.126887	-0.106769	-0.0972018	-0.107225	-0.0987076	-0.0744811	-0.0649759	-0.067552	-0.0643575	-0.0499988	-0.0401594	-0.0348153	-0.0237012	-0.0064126	0.0199281	0.0554193	0.0984788	0.154336	0.234621	0.323165	0.384517	0.422588	0.439543	0.393422	0.252378	0.0358412	-0.21776	-0.481513	-0.710231	-0.85269	-0.89058	-0.831685	-0.701159	-0.519748	-0.304794	-0.0904005	0.0993696	0.252299	0.34528	0.362669	0.304979	0.176932	0	
0	-0.0221474	-0.0459518	-0.0664885	-0.0907266	-0.111273	-0.133793	-0.156929	-0.177922	-0.204997	-0.231038	-0.264785	-0.30636	-0.357729	-0.422986	-0.502832	-0.59082	-0.682375	-0.760426	-0.804663	-0.793692	-0.711926	-0.550493	-0.321785	-0.0594666	0.19829	0.404629	0.523154	0.538065	0.45419	0.294731	0.0831007	-0.148286	-0.370015	-0.549458	-0.669572	-0.720213	-0.70483	-0.635172	-0.540137	-0.441917	-0.364793	-0.326589	-0.318302	-0.326253	-0.332601	-0.32761	-0.317476	-0.310558	-0.295243	-0.269467	-0.248047	-0.237601	-0.232243	-0.221865	-0.210481	-0.201539	-0.185125	-0.158562	-0.14774	-0.153763	-0.144259	-0.120374	-0.103684	-0.102752	-0.0966965	-0.0812932	-0.0696444	-0.0576127	-0.0425352	-0.0230027	0.00594176	0.0435565	0.0890749	0.153428	0.237642	0.324738	0.393231	0.435734	0.453691	0.410225	0.266556	0.0450541	-0.21257	-0.478449	-0.712698	-0.868234	-0.921583	-0.879443	-0.761132	-0.579139	-0.351309	-0.118463	0.0828882	0.239556	0.339253	0.364103	0.306786	0.176271	0	
0	-0.0288475	-0.0587601	-0.0864421	-0.115761	-0.143525	-0.170895	-0.200024	-0.226856	-0.258841	-0.290771	-0.330077	-0.37681	-0.433338	-0.504875	-0.587708	-0.682375	-0.776843	-0.860699	-0.905434	-0.902672	-0.817384	-0.658708	-0.43032	-0.161792	0.102249	0.3135	0.445017	0.474756	0.405072	0.252663	0.0389289	-0.197017	-0.427509	-0.619381	-0.752579	-0.808357	-0.80399	-0.746453	-0.66351	-0.564366	-0.484886	-0.433807	-0.420682	-0.420692	-0.42146	-0.41298	-0.407353	-0.405191	-0.392645	-0.36639	-0.338472	-0.320392	-0.312773	-0.302709	-0.292997	-0.281465	-0.259872	-0.231812	-0.214588	-0.217228	-0.206233	-0.18189	-0.160528	-0.150472	-0.14206	-0.126834	-0.110752	-0.0932052	-0.0735367	-0.0492342	-0.0183736	0.0214891	0.0744333	0.146047	0.231999	0.321045	0.392778	0.441068	0.466806	0.421632	0.276494	0.057607	-0.205933	-0.476607	-0.712341	-0.875789	-0.94514	-0.92528	-0.82077	-0.636504	-0.400096	-0.154916	0.0610653	0.225927	0.326987	0.354318	0.301199	0.173347	0	
0	-0.0336342	-0.0722091	-0.10162	-0.140699	-0.170306	-0.204875	-0.237981	-0.268282	-0.305755	-0.339608	-0.383945	-0.434726	-0.494969	-0.573387	-0.660504	-0.760426	-0.860699	-0.944992	-0.993916	-0.989985	-0.906179	-0.749813	-0.523226	-0.253589	0.00807219	0.234092	0.378897	0.421345	0.364829	0.223253	0.0117879	-0.227759	-0.46959	-0.672131	-0.811808	-0.878498	-0.889995	-0.84762	-0.771932	-0.680276	-0.599422	-0.540899	-0.519706	-0.513814	-0.508087	-0.498089	-0.497317	-0.498862	-0.493839	-0.46908	-0.438256	-0.41286	-0.403389	-0.39485	-0.387919	-0.374081	-0.351627	-0.321032	-0.299491	-0.295977	-0.283522	-0.262022	-0.232206	-0.215409	-0.20263	-0.185993	-0.168039	-0.143086	-0.119181	-0.0912818	-0.0570848	-0.0136078	0.0470545	0.128003	0.218963	0.308885	0.385364	0.443018	0.470833	0.421884	0.280659	0.0648745	-0.199546	-0.466245	-0.704719	-0.881763	-0.96831	-0.967749	-0.876282	-0.693962	-0.451348	-0.193249	0.0352721	0.20351	0.3041	0.337254	0.290435	0.165487	0	
0	-0.036629	-0.0757611	-0.109657	-0.14877	-0.182324	-0.218354	-0.254576	-0.288633	-0.328257	-0.368234	-0.414011	-0.469873	-0.533059	-0.612643	-0.702715	-0.804663	-0.905434	-0.993916	-1.04628	-1.04412	-0.964627	-0.809873	-0.581697	-0.312475	-0.0462235	0.183187	0.335852	0.392733	0.356447	0.224076	0.0204514	-0.223945	-0.47214	-0.685863	-0.835109	-0.917274	-0.940512	-0.91323	-0.8519	-0.773186	-0.692944	-0.628382	-0.602736	-0.590715	-0.579723	-0.57068	-0.573429	-0.581819	-0.584458	-0.568143	-0.534364	-0.506216	-0.493479	-0.487822	-0.483945	-0.469115	-0.44904	-0.417067	-0.392925	-0.382911	-0.373105	-0.353859	-0.320905	-0.298917	-0.282091	-0.266123	-0.242641	-0.212773	-0.181732	-0.146901	-0.10946	-0.05864	0.00801484	0.0952829	0.190323	0.280326	0.363658	0.432654	0.466066	0.418324	0.280005	0.0673585	-0.194608	-0.460066	-0.699913	-0.881703	-0.983957	-1.00689	-0.930425	-0.750159	-0.50235	-0.236501	0.000165786	0.173582	0.275978	0.312985	0.269655	0.149555	0	
0	-0.0343888	-0.0683227	-0.10235	-0.137435	-0.16919	-0.205844	-0.23707	-0.27306	-0.309583	-0.347544	-0.394746	-0.448525	-0.513775	-0.596082	-0.690543	-0.793692	-0.902672	-0.989985	-1.04412	-1.04357	-0.963519	-0.810427	-0.588083	-0.323356	-0.0595582	0.176084	0.338234	0.411167	0.389813	0.271754	0.0735455	-0.169071	-0.42286	-0.646673	-0.809768	-0.902583	-0.939744	-0.931143	-0.887108	-0.822286	-0.744617	-0.680383	-0.649514	-0.63138	-0.615637	-0.608275	-0.614913	-0.628097	-0.644257	-0.635826	-0.607041	-0.577552	-0.564956	-0.565231	-0.564497	-0.557296	-0.54095	-0.514576	-0.489404	-0.476115	-0.471002	-0.452606	-0.419026	-0.393107	-0.372307	-0.353844	-0.328175	-0.294628	-0.260211	-0.223281	-0.180381	-0.126002	-0.0515936	0.0444693	0.144092	0.242991	0.333589	0.409621	0.448546	0.398744	0.263194	0.0602963	-0.192728	-0.4523	-0.691782	-0.881542	-1.00127	-1.04436	-0.980801	-0.80309	-0.553097	-0.285558	-0.0431627	0.136927	0.238636	0.276142	0.240861	0.132824	0	
0	-0.0253118	-0.0512688	-0.0759524	-0.101509	-0.126457	-0.152	-0.177947	-0.206495	-0.236584	-0.272654	-0.315548	-0.367193	-0.433427	-0.512936	-0.60656	-0.711926	-0.817384	-0.906179	-0.964627	-0.963519	-0.889332	-0.742624	-0.52296	-0.261774	-0.000112358	0.236512	0.403775	0.490977	0.483222	0.378442	0.194585	-0.0441734	-0.30621	-0.539751	-0.711035	-0.817991	-0.873663	-0.882032	-0.855434	-0.807519	-0.739512	-0.677944	-0.643546	-0.619605	-0.601704	-0.597525	-0.606438	-0.628673	-0.657643	-0.662653	-0.642039	-0.616158	-0.606802	-0.610653	-0.61743	-0.617296	-0.609558	-0.58989	-0.565254	-0.555028	-0.553994	-0.539379	-0.511894	-0.488174	-0.469044	-0.450684	-0.424035	-0.392696	-0.355206	-0.312751	-0.266435	-0.202623	-0.122201	-0.0259558	0.0818526	0.186139	0.280926	0.368025	0.4114	0.36579	0.238907	0.0438585	-0.199034	-0.452382	-0.690128	-0.884056	-1.01982	-1.07807	-1.02333	-0.854718	-0.609543	-0.33966	-0.0926626	0.089555	0.190665	0.230545	0.203753	0.110823	0	
0	-0.00727654	-0.0156119	-0.0233257	-0.0330281	-0.0434812	-0.0549111	-0.0699439	-0.0860514	-0.107562	-0.134813	-0.169473	-0.216405	-0.27741	-0.352992	-0.447774	-0.550493	-0.658708	-0.749813	-0.809873	-0.810427	-0.742624	-0.597344	-0.384002	-0.133221	0.124675	0.358491	0.52889	0.624453	0.631964	0.546437	0.374025	0.135791	-0.125342	-0.363867	-0.550766	-0.673773	-0.741131	-0.765987	-0.762129	-0.733213	-0.674682	-0.619413	-0.581609	-0.552764	-0.531299	-0.52866	-0.538112	-0.568556	-0.609021	-0.627298	-0.618327	-0.599917	-0.594574	-0.603448	-0.618219	-0.630304	-0.634911	-0.625468	-0.60872	-0.607002	-0.612851	-0.604245	-0.586646	-0.571593	-0.556189	-0.536082	-0.513146	-0.486373	-0.449835	-0.409525	-0.359453	-0.291776	-0.212083	-0.113914	-0.000794928	0.112453	0.21751	0.307851	0.354707	0.31793	0.195933	0.010233	-0.217076	-0.461433	-0.696227	-0.894502	-1.03927	-1.10688	-1.06717	-0.909168	-0.663897	-0.39773	-0.156619	0.029482	0.136242	0.175914	0.155636	0.0837655	0	
0	0.01412	0.0293373	0.0411217	0.0540449	0.0633523	0.0707388	0.0752516	0.0749286	0.0692501	0.0559872	0.0322912	-0.00474173	-0.0585203	-0.129071	-0.221494	-0.321785	-0.43032	-0.523226	-0.581697	-0.588083	-0.52296	-0.384002	-0.181337	0.0582753	0.309848	0.533184	0.705565	0.811828	0.831293	0.758514	0.597956	0.370491	0.109973	-0.137044	-0.334698	-0.467385	-0.55201	-0.596373	-0.611603	-0.597115	-0.555013	-0.50782	-0.467468	-0.431003	-0.407589	-0.401699	-0.41176	-0.447929	-0.497588	-0.528672	-0.533215	-0.526273	-0.525067	-0.53928	-0.561508	-0.587582	-0.604769	-0.607149	-0.601655	-0.612405	-0.624862	-0.623107	-0.620197	-0.619565	-0.612888	-0.59534	-0.581222	-0.565079	-0.536523	-0.501166	-0.450591	-0.382584	-0.305029	-0.210301	-0.0941445	0.0292393	0.139504	0.228007	0.278663	0.250607	0.134201	-0.0393173	-0.250458	-0.48498	-0.713036	-0.912016	-1.06611	-1.1424	-1.10884	-0.958995	-0.725305	-0.467366	-0.227591	-0.0407703	0.065796	0.107609	0.101985	0.0571859	0	
0	0.0391417	0.0746587	0.113878	0.14671	0.179771	0.209617	0.232702	0.253912	0.263559	0.267728	0.255112	0.231769	0.185639	0.122701	0.0390728	-0.0594666	-0.161792	-0.253589	-0.312475	-0.323356	-0.261774	-0.133221	0.0582753	0.290154	0.53046	0.745766	0.917762	1.02418	1.04869	0.993773	0.848281	0.632015	0.372874	0.123587	-0.0865387	-0.232046	-0.332518	-0.389598	-0.424759	-0.427963	-0.403868	-0.363475	-0.320483	-0.279629	-0.249458	-0.237332	-0.244663	-0.283966	-0.337592	-0.376962	-0.396711	-0.398418	-0.403592	-0.417665	-0.447117	-0.483666	-0.511467	-0.525782	-0.533304	-0.559159	-0.57744	-0.585071	-0.598907	-0.618505	-0.623718	-0.613759	-0.612267	-0.609334	-0.595292	-0.566866	-0.520669	-0.457702	-0.386629	-0.302169	-0.18676	-0.0582916	0.0509577	0.134479	0.185882	0.166228	0.0604066	-0.100984	-0.301279	-0.5254	-0.746831	-0.949065	-1.10399	-1.176	-1.1481	-1.01463	-0.79555	-0.54576	-0.312866	-0.128264	-0.0154734	0.0326972	0.0391625	0.0223025	0	
0	0.0611414	0.117583	0.178647	0.231062	0.283682	0.332973	0.37184	0.412024	0.436982	0.455411	0.462021	0.447412	0.419253	0.364957	0.290845	0.19829	0.102249	0.00807219	-0.0462235	-0.0595582	-0.000112358	0.124675	0.309848	0.53046	0.756341	0.959266	1.12598	1.2295	1.26715	1.22736	1.09522	0.886057	0.63424	0.382001	0.165722	0.00753631	-0.106723	-0.181943	-0.234335	-0.25206	-0.246941	-0.213872	-0.173192	-0.123855	-0.0855747	-0.060952	-0.0644839	-0.100475	-0.149933	-0.195528	-0.223159	-0.235218	-0.241337	-0.254616	-0.287115	-0.328393	-0.365471	-0.388226	-0.411303	-0.450243	-0.4736	-0.490509	-0.519886	-0.557559	-0.576651	-0.576076	-0.586575	-0.600967	-0.602093	-0.587791	-0.5533	-0.500809	-0.447072	-0.37451	-0.2646	-0.138514	-0.0299645	0.0441707	0.0911459	0.0771677	-0.0239941	-0.179989	-0.372208	-0.584498	-0.797646	-0.997235	-1.14578	-1.21644	-1.19903	-1.07956	-0.873873	-0.634746	-0.410282	-0.231078	-0.115625	-0.0564017	-0.0282677	-0.0126669	0	
0	0.071656	0.138945	0.212224	0.274714	0.344094	0.402896	0.460985	0.513762	0.55498	0.589809	0.609189	0.608576	0.593707	0.548239	0.485736	0.404629	0.3135	0.234092	0.183187	0.176084	0.236512	0.358491	0.533184	0.745766	0.959266	1.15679	1.31736	1.42039	1.46629	1.43169	1.31083	1.11929	0.881157	0.625318	0.402581	0.229667	0.103704	0.0101025	-0.0529163	-0.0917464	-0.103133	-0.0816902	-0.0412411	0.0116306	0.0621076	0.100491	0.103014	0.0772893	0.0333317	-0.0112397	-0.0453978	-0.0637224	-0.0703749	-0.0819301	-0.1109	-0.151658	-0.190611	-0.217322	-0.252313	-0.295869	-0.321791	-0.344883	-0.382005	-0.435832	-0.466959	-0.479194	-0.505276	-0.533371	-0.554973	-0.556586	-0.534052	-0.500104	-0.460654	-0.40072	-0.304106	-0.185848	-0.0911397	-0.0332542	0.00454689	-0.0133675	-0.108756	-0.25906	-0.448287	-0.652545	-0.863087	-1.06029	-1.2014	-1.27154	-1.2557	-1.14368	-0.961474	-0.743719	-0.527696	-0.352106	-0.231712	-0.154406	-0.101465	-0.0542784	0	
0	0.0724498	0.144789	0.2166	0.285257	0.356632	0.418148	0.484933	0.538597	0.590491	0.632816	0.658877	0.675198	0.666709	0.639749	0.589274	0.523154	0.445017	0.378897	0.335852	0.338234	0.403775	0.52889	0.705565	0.917762	1.12598	1.31736	1.46964	1.57274	1.62031	1.59844	1.49895	1.32467	1.08886	0.836892	0.611245	0.427641	0.285185	0.175754	0.096821	0.0368012	0.00940356	0.0173376	0.0507623	0.103556	0.168918	0.219191	0.23181	0.219157	0.185201	0.146612	0.111594	0.0917986	0.0856913	0.0780552	0.0592118	0.0245157	-0.00762327	-0.037027	-0.0767619	-0.11908	-0.149177	-0.172153	-0.214509	-0.27442	-0.313879	-0.340828	-0.372194	-0.410921	-0.446767	-0.459188	-0.454739	-0.439172	-0.416939	-0.374707	-0.293648	-0.194489	-0.118896	-0.0744537	-0.0498696	-0.0763291	-0.173246	-0.327921	-0.522421	-0.729865	-0.939858	-1.12834	-1.26092	-1.32668	-1.31398	-1.22429	-1.07007	-0.865912	-0.657415	-0.490496	-0.366748	-0.266298	-0.181058	-0.0980424	0	
0	0.0635753	0.127301	0.19026	0.253878	0.315593	0.377215	0.437064	0.492317	0.545912	0.589338	0.623825	0.646687	0.645931	0.632707	0.591433	0.538065	0.474756	0.421345	0.392733	0.411167	0.490977	0.624453	0.811828	1.02418	1.2295	1.42039	1.57274	1.67838	1.73632	1.72945	1.64283	1.48241	1.26288	1.02281	0.792399	0.599084	0.439708	0.314281	0.216688	0.139139	0.0932901	0.0830015	0.103461	0.155813	0.23305	0.291121	0.31782	0.318734	0.296899	0.26598	0.234453	0.215965	0.206826	0.204682	0.194807	0.172744	0.149849	0.120416	0.0856924	0.0466163	0.0184376	-0.00152398	-0.0395101	-0.0923951	-0.137964	-0.172339	-0.205168	-0.249562	-0.290856	-0.314815	-0.326995	-0.326727	-0.319969	-0.288899	-0.221412	-0.146585	-0.0924171	-0.0615939	-0.0562882	-0.100977	-0.206857	-0.37262	-0.57932	-0.792993	-1.00423	-1.18858	-1.31557	-1.38386	-1.38522	-1.31313	-1.17765	-0.998078	-0.809607	-0.648492	-0.517227	-0.390672	-0.265385	-0.140898	0	
0	0.0485421	0.0956902	0.145568	0.194196	0.243422	0.294992	0.34289	0.393514	0.438715	0.479762	0.513722	0.534059	0.540105	0.528944	0.496851	0.45419	0.405072	0.364829	0.356447	0.389813	0.483222	0.631964	0.831293	1.04869	1.26715	1.46629	1.62031	1.73632	1.80436	1.80892	1.74285	1.60814	1.4087	1.18035	0.950889	0.749594	0.574255	0.43532	0.318207	0.220175	0.151589	0.122521	0.124365	0.172999	0.251119	0.317365	0.357941	0.372075	0.360782	0.339089	0.316274	0.298205	0.286596	0.287139	0.28661	0.280221	0.266794	0.243092	0.218372	0.185148	0.161177	0.145048	0.119448	0.0794169	0.0317699	-0.00349631	-0.03578	-0.0770015	-0.114412	-0.145157	-0.164946	-0.174066	-0.175754	-0.147391	-0.0942923	-0.0447465	-0.0101535	0.00474789	-0.00740809	-0.0686555	-0.192383	-0.373437	-0.592517	-0.824543	-1.04768	-1.22873	-1.35455	-1.4312	-1.44644	-1.39524	-1.28955	-1.14205	-0.974359	-0.818457	-0.676914	-0.521142	-0.355993	-0.189071	0	
0	0.0318356	0.0601287	0.0957251	0.125324	0.160913	0.196568	0.229328	0.268467	0.299081	0.330823	0.355873	0.36875	0.37347	0.360146	0.332476	0.294731	0.252663	0.223253	0.224076	0.271754	0.378442	0.546437	0.758514	0.993773	1.22736	1.43169	1.59844	1.72945	1.80892	1.83473	1.79985	1.69028	1.51608	1.30424	1.08476	0.881798	0.70037	0.542447	0.403517	0.284778	0.199731	0.144099	0.124218	0.160492	0.235113	0.305918	0.359027	0.383197	0.381629	0.371466	0.358657	0.341624	0.327803	0.328359	0.335468	0.343784	0.338367	0.326501	0.311371	0.285944	0.264616	0.25234	0.244056	0.215413	0.174184	0.142657	0.113618	0.0854245	0.0566154	0.0279434	0.00772224	-0.00561915	-0.00617368	0.0224601	0.0652167	0.0982754	0.118135	0.123898	0.103085	0.0252167	-0.120673	-0.319555	-0.55909	-0.814471	-1.04513	-1.22637	-1.36016	-1.44827	-1.48513	-1.46746	-1.3949	-1.27889	-1.1371	-0.989602	-0.838759	-0.658064	-0.449659	-0.232249	0	
0	0.0143292	0.0293823	0.0443813	0.0603104	0.0777665	0.0952121	0.114557	0.134616	0.152353	0.170912	0.181876	0.185927	0.18028	0.158329	0.124841	0.0831007	0.0389289	0.0117879	0.0204514	0.0735455	0.194585	0.374025	0.597956	0.848281	1.09522	1.31083	1.49895	1.64283	1.74285	1.79985	1.79243	1.71057	1.57096	1.39062	1.19147	0.995137	0.805026	0.633091	0.478611	0.345824	0.235667	0.151972	0.110258	0.130438	0.192057	0.263836	0.326791	0.358888	0.3674	0.368992	0.366662	0.351926	0.337808	0.334509	0.347655	0.362512	0.367939	0.367187	0.362893	0.344358	0.323403	0.321238	0.32512	0.310353	0.281185	0.255594	0.234603	0.217789	0.199671	0.178386	0.161197	0.151951	0.161229	0.194761	0.235166	0.265729	0.27919	0.279551	0.257651	0.166433	-0.000747405	-0.214159	-0.471615	-0.743837	-0.981081	-1.17161	-1.31654	-1.42055	-1.49173	-1.51112	-1.46729	-1.38715	-1.28316	-1.15136	-0.992051	-0.787064	-0.536347	-0.269815	0	
0	-0.00243681	-0.00532176	-0.00565954	-0.00710235	-0.00449876	-0.0030115	0.00197999	0.0058497	0.0104605	0.0121043	0.00953787	-0.000592366	-0.020662	-0.0535417	-0.0965934	-0.148286	-0.197017	-0.227759	-0.223945	-0.169071	-0.0441734	0.135791	0.370491	0.632015	0.886057	1.11929	1.32467	1.48241	1.60814	1.69028	1.71057	1.67231	1.57903	1.43344	1.26049	1.07928	0.895934	0.720029	0.553553	0.40183	0.268169	0.163161	0.0983824	0.0920207	0.132549	0.203506	0.268399	0.305544	0.321014	0.333837	0.338846	0.329247	0.314847	0.308729	0.321906	0.340807	0.357216	0.370463	0.378503	0.363636	0.349514	0.354824	0.367458	0.362783	0.34547	0.330966	0.315876	0.308886	0.302349	0.292353	0.283951	0.287409	0.30989	0.346324	0.392511	0.428119	0.441948	0.448789	0.429525	0.33395	0.16124	-0.0667851	-0.33916	-0.614114	-0.85715	-1.05968	-1.21541	-1.34148	-1.4444	-1.49501	-1.49078	-1.45793	-1.39292	-1.27852	-1.11163	-0.886578	-0.611772	-0.31187	0	
0	-0.0165937	-0.0362578	-0.0490265	-0.0680864	-0.0783299	-0.0935737	-0.10242	-0.11357	-0.123876	-0.13444	-0.153013	-0.173128	-0.208561	-0.25144	-0.307346	-0.370015	-0.427509	-0.46959	-0.47214	-0.42286	-0.30621	-0.125342	0.109973	0.372874	0.63424	0.881157	1.08886	1.26288	1.4087	1.51608	1.57096	1.57903	1.52429	1.42197	1.28888	1.14058	0.972926	0.797828	0.622847	0.45994	0.310398	0.185362	0.0925712	0.0544802	0.0743828	0.135824	0.193524	0.232322	0.253977	0.274924	0.283786	0.281904	0.268013	0.259863	0.267386	0.285714	0.311749	0.338478	0.355303	0.34506	0.339632	0.352934	0.369794	0.371626	0.37078	0.369445	0.363334	0.362995	0.364974	0.367536	0.37024	0.389811	0.422132	0.462812	0.517793	0.565078	0.593981	0.608053	0.593817	0.509043	0.334849	0.0977497	-0.17242	-0.443023	-0.688056	-0.891576	-1.05527	-1.20319	-1.33167	-1.41679	-1.45832	-1.46428	-1.43011	-1.34307	-1.18709	-0.953178	-0.659514	-0.336427	0	
0	-0.029382	-0.0615946	-0.0873913	-0.11767	-0.142328	-0.166276	-0.190784	-0.210528	-0.233251	-0.256783	-0.282244	-0.316613	-0.359868	-0.411439	-0.479777	-0.549458	-0.619381	-0.672131	-0.685863	-0.646673	-0.539751	-0.363867	-0.137044	0.123587	0.382001	0.625318	0.836892	1.02281	1.18035	1.30424	1.39062	1.43344	1.42197	1.36965	1.28835	1.17762	1.03406	0.870156	0.704495	0.535807	0.374497	0.230495	0.114715	0.0465661	0.0435889	0.0820318	0.126882	0.163414	0.188111	0.207609	0.218464	0.221133	0.208258	0.195764	0.191624	0.206056	0.235805	0.274286	0.295252	0.292544	0.297979	0.317577	0.335424	0.341911	0.3566	0.371047	0.37593	0.379061	0.389343	0.403065	0.421292	0.45797	0.495456	0.541304	0.604812	0.668939	0.718335	0.741564	0.736979	0.664406	0.496681	0.263712	0.00139781	-0.25401	-0.482783	-0.680659	-0.855009	-1.01891	-1.16014	-1.26976	-1.34959	-1.39003	-1.3869	-1.33218	-1.19674	-0.965368	-0.668636	-0.342969	0	
0	-0.0373181	-0.0730334	-0.110013	-0.143661	-0.177706	-0.20871	-0.239359	-0.267086	-0.296988	-0.325872	-0.360134	-0.402155	-0.451517	-0.515481	-0.59146	-0.669572	-0.752579	-0.811808	-0.835109	-0.809768	-0.711035	-0.550766	-0.334698	-0.0865387	0.165722	0.402581	0.611245	0.792399	0.950889	1.08476	1.19147	1.26049	1.28888	1.28835	1.25455	1.18541	1.07836	0.948162	0.795441	0.625592	0.461702	0.312798	0.178049	0.0840384	0.0554924	0.0657016	0.0954601	0.124707	0.14531	0.15756	0.167948	0.170442	0.156629	0.134951	0.117457	0.119083	0.14768	0.186367	0.209394	0.215065	0.228224	0.25368	0.268387	0.280304	0.306547	0.33623	0.352879	0.359416	0.374773	0.398469	0.436396	0.485303	0.530333	0.584338	0.655819	0.742091	0.809804	0.841902	0.847734	0.784868	0.63166	0.414978	0.171118	-0.0604168	-0.270528	-0.459602	-0.632292	-0.796459	-0.941622	-1.06647	-1.16878	-1.23552	-1.26336	-1.23701	-1.12188	-0.909844	-0.64052	-0.338405	0	
0	-0.0345918	-0.0699116	-0.103021	-0.136957	-0.169278	-0.20042	-0.232813	-0.263197	-0.296829	-0.332491	-0.372397	-0.421949	-0.478294	-0.55036	-0.630092	-0.720213	-0.808357	-0.878498	-0.917274	-0.902583	-0.817991	-0.673773	-0.467385	-0.232046	0.00753631	0.229667	0.427641	0.599084	0.749594	0.881798	0.995137	1.07928	1.14058	1.17762	1.18541	1.16549	1.10913	1.01188	0.875436	0.722118	0.57189	0.422228	0.27307	0.167288	0.114913	0.0994655	0.110039	0.129333	0.139775	0.144472	0.151674	0.149396	0.132021	0.100909	0.0683705	0.0551072	0.0714652	0.101549	0.124515	0.133583	0.151576	0.172492	0.184085	0.19638	0.224083	0.265445	0.290667	0.303863	0.324264	0.359845	0.415697	0.47539	0.528711	0.588856	0.674474	0.777179	0.859157	0.910732	0.925469	0.872178	0.740702	0.544301	0.323781	0.118606	-0.0684132	-0.240847	-0.404983	-0.560876	-0.700195	-0.825018	-0.933239	-1.01822	-1.06602	-1.05678	-0.974503	-0.806365	-0.572825	-0.302339	0	
0	-0.0217898	-0.0468303	-0.0671603	-0.0950795	-0.117021	-0.146374	-0.172947	-0.20312	-0.237518	-0.272161	-0.318629	-0.36891	-0.43435	-0.512604	-0.603055	-0.70483	-0.80399	-0.889995	-0.940512	-0.939744	-0.873663	-0.741131	-0.55201	-0.332518	-0.106723	0.103704	0.285185	0.439708	0.574255	0.70037	0.805026	0.895934	0.972926	1.03406	1.07836	1.10913	1.09382	1.03087	0.927357	0.803925	0.667455	0.521955	0.380185	0.2753	0.205696	0.170716	0.168301	0.178122	0.178482	0.180895	0.182735	0.176319	0.152876	0.113487	0.0677013	0.0348254	0.0289899	0.0410126	0.0585153	0.0670865	0.0794242	0.0927218	0.102462	0.109767	0.134866	0.176722	0.207599	0.227926	0.249055	0.292711	0.356833	0.421463	0.482765	0.556312	0.659221	0.775403	0.874935	0.943448	0.969833	0.930829	0.816385	0.649751	0.463867	0.282113	0.114318	-0.0418179	-0.188431	-0.32633	-0.457407	-0.572068	-0.671369	-0.763802	-0.819578	-0.821258	-0.778745	-0.665464	-0.475327	-0.246869	0	
0	-0.00943058	-0.0220559	-0.0306702	-0.0454855	-0.0579898	-0.0740568	-0.0935949	-0.114644	-0.14245	-0.176281	-0.218277	-0.272719	-0.341358	-0.42429	-0.52464	-0.635172	-0.746453	-0.84762	-0.91323	-0.931143	-0.882032	-0.765987	-0.596373	-0.389598	-0.181943	0.0101025	0.175754	0.314281	0.43532	0.542447	0.633091	0.720029	0.797828	0.870156	0.948162	1.01188	1.03087	1.00793	0.943821	0.844161	0.724542	0.598862	0.476602	0.375952	0.29924	0.259558	0.250461	0.249693	0.245557	0.248367	0.248463	0.237563	0.209231	0.165745	0.110379	0.0607193	0.0270901	0.020799	0.0309643	0.0340829	0.036508	0.0418589	0.0489483	0.0482507	0.0606626	0.0908884	0.120864	0.142201	0.165411	0.210174	0.270648	0.337279	0.404732	0.493108	0.612474	0.737726	0.848952	0.935435	0.982472	0.958767	0.866081	0.736879	0.583968	0.426996	0.279529	0.138868	0.00985764	-0.113544	-0.232094	-0.329722	-0.416011	-0.500403	-0.556677	-0.578199	-0.568582	-0.49882	-0.367166	-0.19819	0	
0	0.000746065	0.000703458	0.000693021	-0.00217314	-0.00478015	-0.0120396	-0.0211041	-0.0345099	-0.0554208	-0.0814335	-0.120065	-0.171191	-0.237443	-0.322823	-0.426663	-0.540137	-0.66351	-0.771932	-0.8519	-0.887108	-0.855434	-0.762129	-0.611603	-0.424759	-0.234335	-0.0529163	0.096821	0.216688	0.318207	0.403517	0.478611	0.553553	0.622847	0.704495	0.795441	0.875436	0.927357	0.943821	0.907274	0.828255	0.732359	0.628445	0.523653	0.430863	0.365059	0.331008	0.319246	0.313445	0.313814	0.324292	0.327711	0.318471	0.290927	0.248755	0.192186	0.12647	0.0695605	0.0448046	0.043199	0.0354308	0.0243762	0.0255925	0.0289296	0.0193642	0.0164103	0.0295001	0.0513143	0.0723689	0.0969679	0.133529	0.182228	0.241277	0.31262	0.414438	0.541545	0.672471	0.789158	0.887807	0.957802	0.956888	0.893887	0.803118	0.688153	0.55869	0.420881	0.289323	0.177601	0.071288	-0.0315515	-0.119474	-0.193196	-0.258982	-0.31846	-0.36229	-0.373218	-0.340677	-0.268657	-0.154924	0	
0	0.00683932	0.0123141	0.0185666	0.0223585	0.0247812	0.0258341	0.0217461	0.015776	0.0023097	-0.0179669	-0.0480041	-0.0922564	-0.151026	-0.230563	-0.327109	-0.441917	-0.564366	-0.680276	-0.773186	-0.822286	-0.807519	-0.733213	-0.597115	-0.427963	-0.25206	-0.0917464	0.0368012	0.139139	0.220175	0.284778	0.345824	0.40183	0.45994	0.535807	0.625592	0.722118	0.803925	0.844161	0.828255	0.773379	0.6957	0.607629	0.514935	0.438573	0.389137	0.365259	0.355563	0.354572	0.367343	0.387819	0.402588	0.401724	0.381894	0.347273	0.29156	0.216584	0.142817	0.101812	0.0835554	0.0577205	0.0383642	0.0369498	0.036404	0.0208388	0.00403559	0.00192269	0.0127063	0.0320175	0.0582646	0.0838556	0.113796	0.161483	0.232417	0.335005	0.462568	0.59269	0.708519	0.818589	0.910275	0.939278	0.909957	0.848838	0.763886	0.654981	0.528917	0.413249	0.312162	0.214876	0.125025	0.0430051	-0.0226522	-0.0744106	-0.12973	-0.182187	-0.216706	-0.223195	-0.190053	-0.112128	0	
0	0.0070072	0.0118623	0.0198118	0.0224808	0.0289783	0.0302759	0.0317919	0.0309348	0.0233246	0.0132182	-0.009496	-0.0433853	-0.0933693	-0.165011	-0.255735	-0.364793	-0.484886	-0.599422	-0.692944	-0.744617	-0.739512	-0.674682	-0.555013	-0.403868	-0.246941	-0.103133	0.00940356	0.0932901	0.151589	0.199731	0.235667	0.268169	0.310398	0.374497	0.461702	0.57189	0.667455	0.724542	0.732359	0.6957	0.630355	0.550672	0.465805	0.400647	0.365784	0.351468	0.348784	0.360571	0.384829	0.419749	0.451373	0.469219	0.465083	0.441475	0.391619	0.314686	0.235528	0.180359	0.138667	0.0951826	0.0703271	0.0670848	0.0636595	0.0429496	0.0206356	0.00790476	0.00556481	0.0217155	0.0442732	0.0573639	0.0722527	0.109109	0.177945	0.279036	0.401396	0.529092	0.644961	0.754523	0.857033	0.914182	0.913091	0.8757	0.813233	0.719915	0.604763	0.493188	0.391231	0.297922	0.213163	0.13948	0.0877141	0.0467452	-0.000341274	-0.0555633	-0.11109	-0.139147	-0.126587	-0.0791888	0	
