0	0	0	0	0	0	0	0	0	0	0	0	0	0	0	0	0	0	0	0	0	0	0	0	0	0	0	0	0	0	0	0	0	0	0	0	0	0	0	0	0	0	0	0	0	0	0	0	0	0	0	0	0	0	0	0	0	0	0	0	0	0	0	0	0	0	0	0	0	0	0	0	0	0	0	0	0	0	0	0	0	0	0	0	0	0	0	0	0	0	0	0	0	0	0	0	0	0	0	0	
0	0.154556	0.296186	0.417996	0.507815	0.553466	0.548109	0.503546	0.436731	0.367734	0.301036	0.228514	0.144622	0.0594098	-0.0098248	-0.0565945	-0.0830087	-0.0954458	-0.0971409	-0.0932806	-0.0887415	-0.086482	-0.0880683	-0.0905086	-0.087688	-0.0754547	-0.0574942	-0.0394907	-0.0272729	-0.0184269	-0.0037735	0.0172577	0.0350995	0.040934	0.033564	0.0197551	0.00647809	-0.00353154	-0.0157322	-0.0323829	-0.0554208	-0.0802435	-0.0964564	-0.0978323	-0.082949	-0.053651	-0.0126046	0.0378754	0.0902152	0.133824	0.170171	0.20508	0.241576	0.27054	0.280132	0.260508	0.212768	0.147756	0.0747169	-0.00376764	-0.0842918	-0.160657	-0.223482	-0.268632	-0.293409	-0.29482	-0.277265	-0.24778	-0.211993	-0.177407	-0.14307	-0.107788	-0.0729154	-0.0431519	-0.0251079	-0.0129142	-0.00030184	0.0165363	0.0384913	0.0584322	0.0701646	0.0747135	0.0759392	0.0782157	0.0801653	0.0791199	0.0722487	0.0582261	0.0405448	0.0210811	0.00341636	-0.0117141	-0.0237282	-0.0330951	-0.0394649	-0.0402053	-0.0366703	-0.027832	-0.0147812	0	
0	0.296186	0.569914	0.80315	0.972684	1.05471	1.04905	0.976297	0.863193	0.733655	0.598178	0.45256	0.296242	0.14568	0.020132	-0.0748706	-0.138129	-0.171311	-0.174965	-0.16586	-0.158165	-0.15965	-0.166627	-0.170803	-0.161943	-0.138642	-0.110266	-0.0869316	-0.0730038	-0.0620602	-0.034459	0.00775249	0.0458708	0.0621667	0.0559479	0.036747	0.019327	0.00497813	-0.0126312	-0.0396333	-0.0815636	-0.131642	-0.170608	-0.181056	-0.154613	-0.0965515	-0.0158504	0.0798277	0.175394	0.258967	0.330049	0.398824	0.465948	0.514903	0.52902	0.496498	0.412853	0.291005	0.147972	-0.00498801	-0.152943	-0.28929	-0.403119	-0.488583	-0.538619	-0.549511	-0.531559	-0.493364	-0.441834	-0.383444	-0.314405	-0.240653	-0.171119	-0.109836	-0.0614895	-0.0225141	0.0130012	0.0458587	0.0756962	0.102228	0.123322	0.140138	0.148506	0.150479	0.145484	0.137018	0.127985	0.111342	0.0916004	0.065709	0.033068	-0.000213769	-0.0310924	-0.0563717	-0.0719258	-0.0765506	-0.0715848	-0.0545714	-0.029716	0	
0	0.417996	0.80315	1.12984	1.36008	1.47412	1.47688	1.40225	1.2658	1.08973	0.889277	0.677262	0.464799	0.267645	0.0981616	-0.0441929	-0.150179	-0.210326	-0.223761	-0.216164	-0.212292	-0.216792	-0.222433	-0.219326	-0.203287	-0.177237	-0.153004	-0.134028	-0.123121	-0.11063	-0.0763584	-0.0231737	0.0262171	0.0552542	0.0624071	0.0567898	0.0451022	0.0306306	0.00498883	-0.0306547	-0.0834167	-0.149446	-0.203354	-0.220128	-0.185516	-0.104823	0.00435268	0.129592	0.258231	0.374171	0.48112	0.578584	0.661019	0.711765	0.722906	0.680754	0.575395	0.414874	0.219199	0.00864699	-0.196087	-0.383256	-0.540522	-0.662487	-0.739823	-0.765507	-0.756314	-0.726314	-0.671865	-0.596594	-0.500167	-0.39585	-0.295475	-0.201826	-0.120441	-0.0415967	0.0282661	0.0805181	0.122072	0.155759	0.181758	0.200186	0.205096	0.197942	0.180699	0.16438	0.15581	0.149881	0.141999	0.119643	0.0830178	0.0361245	-0.0110122	-0.0518142	-0.0817907	-0.0935704	-0.0917006	-0.0729646	-0.039823	0	
0	0.507815	0.972684	1.36008	1.63501	1.77665	1.80301	1.74094	1.59987	1.39331	1.14787	0.888505	0.633679	0.399935	0.195327	0.0177231	-0.120468	-0.20836	-0.24273	-0.25397	-0.260008	-0.26166	-0.250879	-0.232032	-0.212732	-0.199064	-0.191081	-0.18062	-0.166084	-0.14898	-0.113713	-0.065796	-0.0197321	0.0169828	0.0473336	0.0660588	0.069878	0.050861	0.0116732	-0.0350954	-0.0913468	-0.154432	-0.204206	-0.215012	-0.170653	-0.0801056	0.038828	0.178835	0.328131	0.476197	0.6131	0.732546	0.8203	0.859874	0.853022	0.798066	0.678951	0.49663	0.268568	0.0167676	-0.227076	-0.452283	-0.644041	-0.795713	-0.896135	-0.939745	-0.943223	-0.913944	-0.852816	-0.76809	-0.659041	-0.541144	-0.425082	-0.307127	-0.191792	-0.0811229	0.0194838	0.100753	0.161531	0.205312	0.23137	0.242619	0.233489	0.21325	0.189287	0.174923	0.176966	0.178621	0.179361	0.165724	0.131246	0.0844995	0.0319207	-0.019552	-0.0595977	-0.0828227	-0.089736	-0.073779	-0.0418615	0	
0	0.553466	1.05471	1.47412	1.77665	1.94962	2.00069	1.95845	1.82161	1.60987	1.3488	1.06471	0.778378	0.514737	0.290208	0.0990346	-0.0549736	-0.166142	-0.230021	-0.266063	-0.284712	-0.279775	-0.252718	-0.221583	-0.207065	-0.211996	-0.22635	-0.226666	-0.21309	-0.193893	-0.162085	-0.122487	-0.0837463	-0.0424954	0.0047251	0.0470373	0.062931	0.0442771	-0.00589057	-0.0602087	-0.113971	-0.167159	-0.200254	-0.19421	-0.138577	-0.0417244	0.0813601	0.230222	0.400651	0.569082	0.725147	0.851358	0.933809	0.958855	0.934695	0.857772	0.716671	0.516161	0.272836	0.00403591	-0.265062	-0.513846	-0.720956	-0.882175	-0.991827	-1.04198	-1.04906	-1.02442	-0.964268	-0.880879	-0.773555	-0.650857	-0.519057	-0.38284	-0.258499	-0.138294	-0.0270412	0.0663589	0.145586	0.202996	0.230925	0.234646	0.219774	0.202464	0.187469	0.184912	0.196999	0.210973	0.222854	0.216542	0.190219	0.144969	0.089578	0.0308923	-0.0230585	-0.0574085	-0.0747335	-0.0676325	-0.0387489	0	
0	0.548109	1.04905	1.47688	1.80301	2.00069	2.07612	2.05112	1.93493	1.74313	1.49531	1.20625	0.902062	0.624826	0.400057	0.212979	0.0535418	-0.0786631	-0.167871	-0.226383	-0.257146	-0.258594	-0.233988	-0.208009	-0.201799	-0.219783	-0.248371	-0.262948	-0.260043	-0.249122	-0.220363	-0.180563	-0.141496	-0.101672	-0.0531943	-0.0101009	0.0107727	-0.00550171	-0.0524124	-0.101332	-0.146144	-0.181713	-0.192342	-0.162797	-0.0887529	0.0174142	0.146798	0.308229	0.491025	0.670285	0.821407	0.936285	1.00517	1.01354	0.965957	0.86464	0.70074	0.484553	0.234333	-0.0369874	-0.301981	-0.548287	-0.754334	-0.916116	-1.02554	-1.0753	-1.08237	-1.05759	-1.00513	-0.933753	-0.832415	-0.709357	-0.578754	-0.447351	-0.328185	-0.217291	-0.111393	-0.0174334	0.0600194	0.117873	0.153288	0.173689	0.176951	0.17556	0.175192	0.188206	0.220226	0.250275	0.276884	0.283218	0.26005	0.215657	0.157494	0.0916229	0.0317873	-0.0128049	-0.0420433	-0.0449082	-0.0284999	0	
0	0.503546	0.976297	1.40225	1.74094	1.95845	2.05112	2.05211	1.96868	1.81493	1.59575	1.32157	1.02343	0.754831	0.543474	0.366681	0.205951	0.0630097	-0.0420248	-0.115854	-0.165655	-0.189061	-0.188943	-0.182215	-0.188064	-0.210663	-0.246076	-0.273228	-0.289691	-0.295817	-0.273087	-0.228547	-0.184487	-0.147854	-0.112458	-0.0810373	-0.0670711	-0.0777011	-0.113068	-0.146861	-0.172053	-0.184825	-0.165563	-0.105537	-0.00811356	0.114296	0.256411	0.428071	0.618779	0.787183	0.915493	0.99783	1.03355	1.01123	0.937458	0.812204	0.63193	0.41261	0.174397	-0.0736107	-0.31849	-0.549549	-0.750018	-0.912457	-1.02056	-1.06109	-1.06011	-1.04083	-0.999916	-0.938243	-0.843217	-0.728209	-0.611527	-0.502375	-0.409779	-0.317168	-0.225337	-0.146182	-0.0757562	-0.0143673	0.0339988	0.0717859	0.0952463	0.115845	0.13621	0.172382	0.23027	0.290069	0.342675	0.364245	0.34984	0.30412	0.24098	0.170306	0.100679	0.0470203	0.00547138	-0.0139991	-0.0117086	0	
0	0.436731	0.863193	1.2658	1.59987	1.82161	1.93493	1.96868	1.92722	1.81296	1.6332	1.39813	1.13832	0.900453	0.709623	0.544105	0.390606	0.249526	0.139702	0.0490191	-0.0273781	-0.0856899	-0.119318	-0.140267	-0.16074	-0.188604	-0.22636	-0.263099	-0.297717	-0.322912	-0.310466	-0.264009	-0.216184	-0.185012	-0.163565	-0.150832	-0.146343	-0.155662	-0.17816	-0.190581	-0.191418	-0.174357	-0.124811	-0.0344513	0.0912398	0.236884	0.394217	0.571649	0.7506	0.897101	0.988613	1.02882	1.0192	0.952918	0.843507	0.700657	0.519854	0.31287	0.0984723	-0.115166	-0.316854	-0.515807	-0.700593	-0.859834	-0.967822	-1.00991	-1.01227	-0.996678	-0.961082	-0.904641	-0.819787	-0.724971	-0.638395	-0.559334	-0.489874	-0.420443	-0.351479	-0.290229	-0.232484	-0.174913	-0.119258	-0.0646023	-0.0207103	0.0226963	0.072311	0.143054	0.238538	0.331243	0.409626	0.450719	0.444091	0.400718	0.33464	0.25285	0.17174	0.10317	0.0461213	0.0140685	0.00114831	0	
0	0.367734	0.733655	1.08973	1.39331	1.60987	1.74313	1.81493	1.81296	1.73944	1.60771	1.43298	1.23298	1.04114	0.876484	0.726424	0.584346	0.452058	0.340223	0.23379	0.127216	0.0330058	-0.0355118	-0.0812802	-0.116857	-0.150185	-0.192149	-0.237435	-0.286895	-0.32903	-0.326821	-0.282829	-0.235374	-0.210167	-0.203692	-0.207391	-0.216282	-0.226817	-0.237252	-0.229043	-0.203927	-0.163826	-0.0910418	0.025782	0.182564	0.359785	0.538556	0.715167	0.873149	0.978808	1.02472	1.01645	0.958014	0.847676	0.708388	0.555457	0.383527	0.200464	0.0224626	-0.146791	-0.309408	-0.471807	-0.628268	-0.769036	-0.870984	-0.919367	-0.936262	-0.934902	-0.907337	-0.859866	-0.791127	-0.718867	-0.653504	-0.595936	-0.552615	-0.513253	-0.473241	-0.434643	-0.389242	-0.333964	-0.27626	-0.216743	-0.15837	-0.0877809	-0.00458579	0.103052	0.234344	0.359521	0.465468	0.526196	0.533098	0.490994	0.414912	0.318466	0.216317	0.128823	0.0573166	0.0146079	0.000780441	0	
0	0.301036	0.598178	0.889277	1.14787	1.3488	1.49531	1.59575	1.6332	1.60771	1.53642	1.42753	1.29235	1.15343	1.02606	0.896445	0.764194	0.635476	0.521506	0.402453	0.271979	0.146339	0.0517007	-0.0112181	-0.0538048	-0.0918531	-0.138929	-0.191652	-0.250878	-0.301165	-0.307362	-0.269868	-0.231255	-0.220213	-0.231309	-0.255631	-0.280839	-0.297514	-0.299712	-0.269877	-0.220705	-0.158203	-0.0671829	0.0720855	0.259661	0.468755	0.664186	0.831991	0.955258	1.01666	1.01226	0.95513	0.852764	0.710218	0.555378	0.405546	0.254774	0.105783	-0.0331757	-0.164272	-0.288466	-0.418107	-0.543522	-0.660778	-0.755783	-0.814466	-0.845057	-0.854505	-0.838509	-0.80492	-0.756568	-0.704954	-0.660912	-0.627689	-0.610409	-0.595247	-0.574626	-0.54943	-0.513728	-0.468254	-0.413887	-0.34851	-0.27869	-0.193385	-0.0897469	0.0420629	0.199859	0.353319	0.483268	0.56287	0.578252	0.537618	0.458296	0.349218	0.233301	0.132143	0.0508132	0.00647821	-0.00603002	0	
0	0.228514	0.45256	0.677262	0.888505	1.06471	1.20625	1.32157	1.39813	1.43298	1.42753	1.38112	1.30299	1.21905	1.1352	1.03156	0.90761	0.779443	0.66255	0.537044	0.393113	0.252158	0.145336	0.0788998	0.0339808	-0.00823199	-0.0622846	-0.121389	-0.182586	-0.235512	-0.249302	-0.228336	-0.211895	-0.2234	-0.255542	-0.297846	-0.338762	-0.363955	-0.360417	-0.314285	-0.242075	-0.157836	-0.0459433	0.115652	0.324547	0.547007	0.741359	0.890334	0.980583	0.996329	0.94383	0.844505	0.713269	0.558127	0.404455	0.270407	0.148369	0.0375669	-0.0584951	-0.150048	-0.246966	-0.350158	-0.453659	-0.555765	-0.642239	-0.698208	-0.733555	-0.755413	-0.760209	-0.7512	-0.72044	-0.683677	-0.658157	-0.649953	-0.656053	-0.659307	-0.648865	-0.628676	-0.599611	-0.556918	-0.505452	-0.445773	-0.379043	-0.293378	-0.186271	-0.0449336	0.128235	0.298413	0.444471	0.537418	0.563886	0.529048	0.449835	0.343339	0.228749	0.128161	0.0478163	0.0022359	-0.0076375	0	
0	0.144622	0.296242	0.464799	0.633679	0.778378	0.902062	1.02343	1.13832	1.23298	1.29235	1.30299	1.27777	1.24204	1.19908	1.12334	1.01297	0.88766	0.767005	0.637827	0.493432	0.353775	0.25139	0.187848	0.143256	0.0950031	0.0337829	-0.0277765	-0.0867517	-0.136879	-0.161218	-0.165202	-0.181045	-0.22174	-0.272657	-0.325973	-0.374234	-0.403204	-0.398325	-0.344315	-0.258666	-0.15545	-0.0224668	0.15669	0.372643	0.58724	0.760616	0.879675	0.936928	0.920185	0.834027	0.706044	0.560262	0.409081	0.272907	0.161998	0.0696498	-0.00599152	-0.066554	-0.121838	-0.18018	-0.25438	-0.340842	-0.435509	-0.519375	-0.575389	-0.615332	-0.657339	-0.693234	-0.708423	-0.697566	-0.675778	-0.663848	-0.667819	-0.681756	-0.687623	-0.681197	-0.667456	-0.642424	-0.60861	-0.566255	-0.515782	-0.460849	-0.386349	-0.285356	-0.146027	0.027777	0.204441	0.356778	0.455572	0.48685	0.460094	0.396076	0.303568	0.202335	0.112778	0.0401686	0.000336637	-0.00854796	0	
0	0.0594098	0.14568	0.267645	0.399935	0.514737	0.624826	0.754831	0.900453	1.04114	1.15343	1.21905	1.24204	1.24545	1.23332	1.18405	1.09137	0.970632	0.845936	0.716653	0.580878	0.455482	0.364088	0.307562	0.262488	0.209318	0.143847	0.0819319	0.0285446	-0.0189564	-0.053019	-0.0815432	-0.128145	-0.193423	-0.257523	-0.313179	-0.359153	-0.388188	-0.386374	-0.339378	-0.257624	-0.148131	-0.00148888	0.188705	0.400234	0.593788	0.738423	0.830335	0.860546	0.81514	0.703085	0.560269	0.413906	0.275187	0.159156	0.0761205	0.0139384	-0.0339941	-0.0628727	-0.0785984	-0.0981922	-0.138336	-0.207204	-0.297178	-0.381168	-0.445709	-0.509848	-0.584235	-0.652871	-0.697468	-0.705945	-0.69612	-0.686076	-0.681702	-0.682441	-0.683474	-0.678552	-0.667384	-0.651564	-0.625934	-0.595087	-0.561663	-0.522818	-0.466327	-0.381645	-0.253697	-0.086483	0.0853465	0.234063	0.334171	0.373747	0.359258	0.306171	0.228468	0.142612	0.0656824	0.00557815	-0.0240151	-0.0206175	0	
0	-0.0098248	0.020132	0.0981616	0.195327	0.290208	0.400057	0.543474	0.709623	0.876484	1.02606	1.1352	1.19908	1.23332	1.24539	1.21827	1.14057	1.0262	0.901579	0.778321	0.658303	0.552999	0.479002	0.430608	0.386245	0.329723	0.263285	0.203336	0.151532	0.102641	0.0593556	0.0153474	-0.0464422	-0.122985	-0.191451	-0.244134	-0.284677	-0.312902	-0.319615	-0.291659	-0.22741	-0.127056	0.0186444	0.205192	0.404509	0.577808	0.700563	0.76702	0.772685	0.70499	0.575446	0.421082	0.273307	0.146926	0.0542997	-0.00198528	-0.0358967	-0.0539633	-0.0525591	-0.033246	-0.0149069	-0.0256276	-0.0753484	-0.155058	-0.244271	-0.333358	-0.430339	-0.537538	-0.632811	-0.695201	-0.722975	-0.723855	-0.709874	-0.692233	-0.677343	-0.662632	-0.648231	-0.637394	-0.626347	-0.614335	-0.598841	-0.583591	-0.569642	-0.538502	-0.475883	-0.367249	-0.216418	-0.0521219	0.0965256	0.201704	0.248313	0.242187	0.199697	0.130028	0.0509128	-0.0163772	-0.0613145	-0.0707468	-0.0449789	0	
0	-0.0565945	-0.0748706	-0.0441929	0.0177231	0.0990346	0.212979	0.366681	0.544105	0.726424	0.896445	1.03156	1.12334	1.18405	1.21827	1.20877	1.14612	1.04387	0.929251	0.81827	0.717959	0.638142	0.584684	0.545693	0.50083	0.441459	0.37491	0.312568	0.254556	0.198831	0.152095	0.111136	0.0565489	-0.0130265	-0.0775762	-0.127156	-0.165282	-0.197182	-0.218115	-0.214175	-0.177441	-0.0978754	0.0312238	0.201807	0.383204	0.539814	0.646539	0.696021	0.67741	0.585387	0.43919	0.278729	0.132916	0.0159348	-0.0598951	-0.0914648	-0.0958088	-0.0839291	-0.0491798	0.00253809	0.0461498	0.0585205	0.0303755	-0.0341329	-0.123616	-0.231249	-0.356098	-0.485317	-0.597307	-0.676257	-0.714221	-0.719341	-0.706412	-0.686911	-0.664599	-0.640178	-0.616845	-0.599662	-0.592202	-0.589227	-0.592116	-0.603793	-0.614464	-0.609198	-0.569625	-0.480369	-0.344366	-0.187436	-0.0413373	0.0679668	0.123465	0.125269	0.085045	0.0182894	-0.0542677	-0.113	-0.143001	-0.131456	-0.0779013	0	
0	-0.0830087	-0.138129	-0.150179	-0.120468	-0.0549736	0.0535418	0.205951	0.390606	0.584346	0.764194	0.90761	1.01297	1.09137	1.14057	1.14612	1.10128	1.0217	0.92641	0.834806	0.756544	0.701041	0.665348	0.63555	0.593597	0.533393	0.461934	0.387609	0.316434	0.255861	0.219245	0.19952	0.170721	0.122177	0.0685373	0.0229491	-0.0167212	-0.0581634	-0.0948641	-0.117055	-0.10834	-0.0593038	0.039176	0.179657	0.33791	0.478538	0.574244	0.607214	0.572155	0.466558	0.311733	0.144239	-0.00492198	-0.116392	-0.180805	-0.197265	-0.178837	-0.133908	-0.0669102	0.0105467	0.0740543	0.106481	0.0998156	0.0535563	-0.0283038	-0.138737	-0.268908	-0.406874	-0.531438	-0.619865	-0.664435	-0.674316	-0.668505	-0.657402	-0.640218	-0.615546	-0.589417	-0.569922	-0.562773	-0.571867	-0.596074	-0.633137	-0.669627	-0.684885	-0.66035	-0.582005	-0.452821	-0.298629	-0.153486	-0.0475992	0.00238062	0.0015141	-0.0361113	-0.0957985	-0.161268	-0.211291	-0.226216	-0.193256	-0.110982	0	
0	-0.0954458	-0.171311	-0.210326	-0.20836	-0.166142	-0.0786631	0.0630097	0.249526	0.452058	0.635476	0.779443	0.88766	0.970632	1.0262	1.04387	1.0217	0.971369	0.907421	0.843544	0.786898	0.742854	0.714408	0.692302	0.658733	0.598043	0.516185	0.426462	0.346056	0.292431	0.277823	0.289383	0.296388	0.27937	0.24568	0.205389	0.158598	0.10306	0.0478921	0.00497612	-0.0142818	-7.59778e-05	0.057315	0.15752	0.28405	0.404655	0.487537	0.512908	0.469952	0.358368	0.198869	0.0250862	-0.129287	-0.243006	-0.30338	-0.30933	-0.271148	-0.202888	-0.113046	-0.0186907	0.0612005	0.112576	0.126557	0.100993	0.039499	-0.0496095	-0.165779	-0.30239	-0.436326	-0.535513	-0.588103	-0.605239	-0.60736	-0.604719	-0.597742	-0.584566	-0.56941	-0.557283	-0.557923	-0.578665	-0.617067	-0.66818	-0.716697	-0.747256	-0.733059	-0.657227	-0.528511	-0.376176	-0.241155	-0.149275	-0.110094	-0.116779	-0.156628	-0.213412	-0.268676	-0.304352	-0.29993	-0.243804	-0.13765	0	
0	-0.0971409	-0.174965	-0.223761	-0.24273	-0.230021	-0.167871	-0.0420248	0.139702	0.340223	0.521506	0.66255	0.767005	0.845936	0.901579	0.929251	0.92641	0.907421	0.88074	0.851281	0.809961	0.76788	0.736711	0.719755	0.69154	0.630224	0.543125	0.448199	0.371159	0.330547	0.337711	0.377756	0.419828	0.440537	0.431997	0.399947	0.348069	0.28029	0.215644	0.157884	0.114154	0.0890026	0.0988968	0.153159	0.24337	0.33725	0.404326	0.421095	0.37819	0.269218	0.110321	-0.0674146	-0.22864	-0.344744	-0.404447	-0.40413	-0.354257	-0.271493	-0.172796	-0.0701782	0.0208284	0.0876748	0.116962	0.109946	0.077304	0.0200073	-0.0719098	-0.195687	-0.325923	-0.431985	-0.497659	-0.530839	-0.547794	-0.555	-0.55809	-0.556869	-0.554427	-0.556438	-0.572402	-0.601579	-0.640465	-0.692272	-0.746317	-0.783296	-0.771196	-0.698684	-0.57868	-0.439724	-0.317661	-0.236665	-0.205544	-0.217005	-0.260176	-0.313162	-0.358928	-0.379668	-0.354343	-0.278003	-0.153229	0	
0	-0.0932806	-0.16586	-0.216164	-0.25397	-0.266063	-0.226383	-0.115854	0.0490191	0.23379	0.402453	0.537044	0.637827	0.716653	0.778321	0.81827	0.834806	0.843544	0.851281	0.848219	0.82215	0.781596	0.747499	0.72286	0.690603	0.629501	0.547682	0.46041	0.393371	0.367227	0.39373	0.454724	0.526055	0.577326	0.593848	0.575627	0.528081	0.461094	0.392345	0.321407	0.249178	0.183649	0.15133	0.166235	0.223003	0.289051	0.33497	0.34082	0.295425	0.190604	0.0392129	-0.135752	-0.296838	-0.416766	-0.476693	-0.47369	-0.41789	-0.331361	-0.22925	-0.123927	-0.0251704	0.0477338	0.0856349	0.0999949	0.0967356	0.0715668	0.00670469	-0.0959899	-0.214623	-0.320628	-0.402853	-0.459675	-0.498178	-0.524725	-0.543133	-0.55153	-0.560155	-0.575919	-0.597326	-0.625447	-0.661131	-0.709683	-0.759123	-0.79029	-0.777481	-0.714137	-0.611588	-0.488332	-0.375822	-0.300095	-0.270204	-0.280063	-0.319817	-0.367977	-0.407395	-0.422714	-0.391065	-0.304949	-0.169169	0	
0	-0.0887415	-0.158165	-0.212292	-0.260008	-0.284712	-0.257146	-0.165655	-0.0273781	0.127216	0.271979	0.393113	0.493432	0.580878	0.658303	0.717959	0.756544	0.786898	0.809961	0.82215	0.810681	0.784535	0.748315	0.714979	0.678101	0.622144	0.549081	0.469647	0.414702	0.406134	0.449218	0.523317	0.604283	0.671278	0.704717	0.703986	0.672219	0.614123	0.545607	0.460554	0.362301	0.267492	0.207031	0.194845	0.223356	0.262058	0.288181	0.283985	0.237225	0.137898	-0.00213953	-0.164954	-0.323744	-0.446591	-0.513046	-0.516678	-0.468235	-0.385499	-0.284354	-0.175448	-0.0750773	0.00101526	0.0507349	0.0851602	0.108413	0.105866	0.0599734	-0.0225775	-0.123437	-0.22991	-0.32285	-0.3995	-0.466314	-0.516104	-0.551899	-0.571894	-0.587613	-0.603233	-0.620457	-0.642873	-0.677578	-0.724713	-0.765288	-0.790585	-0.778425	-0.722324	-0.625813	-0.504627	-0.394444	-0.319838	-0.285885	-0.287022	-0.318749	-0.360201	-0.399095	-0.420343	-0.39529	-0.313539	-0.175645	0	
0	-0.086482	-0.15965	-0.216792	-0.26166	-0.279775	-0.258594	-0.189061	-0.0856899	0.0330058	0.146339	0.252158	0.353775	0.455482	0.552999	0.638142	0.701041	0.742854	0.76788	0.781596	0.784535	0.771301	0.743334	0.713285	0.682941	0.631657	0.561188	0.48922	0.450365	0.459511	0.517106	0.592116	0.672749	0.740718	0.780368	0.788227	0.765392	0.713833	0.643619	0.549404	0.440925	0.336347	0.266607	0.238825	0.249517	0.272984	0.289864	0.281781	0.234773	0.139848	0.0100413	-0.145126	-0.297656	-0.423852	-0.502507	-0.529239	-0.506387	-0.442084	-0.346522	-0.240474	-0.138471	-0.0568221	0.00636777	0.0627198	0.101945	0.113192	0.0821331	0.014919	-0.0776586	-0.180429	-0.279036	-0.369749	-0.453975	-0.525014	-0.580143	-0.613091	-0.631345	-0.63949	-0.643403	-0.660607	-0.693802	-0.73358	-0.769358	-0.793843	-0.7812	-0.71528	-0.605819	-0.477522	-0.358568	-0.275052	-0.231692	-0.223063	-0.249205	-0.291407	-0.337223	-0.368896	-0.354253	-0.282651	-0.15954	0	
0	-0.0880683	-0.166627	-0.222433	-0.250879	-0.252718	-0.233988	-0.188943	-0.119318	-0.0355118	0.0517007	0.145336	0.25139	0.364088	0.479002	0.584684	0.665348	0.714408	0.736711	0.747499	0.748315	0.743334	0.730214	0.71748	0.694728	0.643977	0.579405	0.522512	0.499447	0.520411	0.582255	0.658976	0.73588	0.799766	0.830444	0.829722	0.803921	0.751126	0.677074	0.581202	0.476387	0.382698	0.321786	0.296621	0.305502	0.329981	0.352326	0.349286	0.302384	0.208242	0.0852435	-0.0584568	-0.208563	-0.342234	-0.442956	-0.506973	-0.52649	-0.491702	-0.412641	-0.313507	-0.212477	-0.124132	-0.0472996	0.016475	0.0619826	0.0824488	0.0647279	0.0105259	-0.0703361	-0.17231	-0.274702	-0.375695	-0.47903	-0.566675	-0.638869	-0.680049	-0.693596	-0.689847	-0.683683	-0.689932	-0.710044	-0.740616	-0.772766	-0.792501	-0.759449	-0.667451	-0.535894	-0.387118	-0.252486	-0.155845	-0.101131	-0.0874294	-0.117212	-0.169048	-0.224589	-0.266933	-0.269025	-0.220855	-0.126922	0	
0	-0.0905086	-0.170803	-0.219326	-0.232032	-0.221583	-0.208009	-0.182215	-0.140267	-0.0812802	-0.0112181	0.0788998	0.187848	0.307562	0.430608	0.545693	0.63555	0.692302	0.719755	0.72286	0.714979	0.713285	0.71748	0.715246	0.692452	0.646514	0.598527	0.560172	0.547732	0.570527	0.635421	0.710216	0.781819	0.831369	0.843965	0.829842	0.79753	0.73914	0.657493	0.561041	0.470902	0.402026	0.36861	0.364827	0.391012	0.430085	0.462727	0.466652	0.425496	0.335835	0.216032	0.0715094	-0.0787598	-0.2233	-0.351226	-0.455728	-0.517711	-0.519825	-0.468103	-0.389953	-0.29654	-0.204262	-0.123919	-0.0581441	-0.0112036	0.019568	0.0162584	-0.0235816	-0.0950734	-0.192775	-0.299986	-0.414567	-0.531743	-0.634901	-0.717983	-0.76284	-0.773714	-0.766405	-0.751199	-0.738967	-0.739308	-0.753729	-0.769369	-0.759897	-0.694507	-0.572498	-0.414277	-0.242375	-0.0802733	0.0350406	0.0951663	0.106594	0.0708588	0.0129984	-0.0559062	-0.122859	-0.157195	-0.144838	-0.0888758	0	
0	-0.087688	-0.161943	-0.203287	-0.212732	-0.207065	-0.201799	-0.188064	-0.16074	-0.116857	-0.0538048	0.0339808	0.143256	0.262488	0.386245	0.50083	0.593597	0.658733	0.69154	0.690603	0.678101	0.682941	0.694728	0.692452	0.672437	0.641065	0.61189	0.589092	0.587317	0.617936	0.681745	0.747082	0.7989	0.825724	0.819209	0.792456	0.750649	0.680844	0.589384	0.497655	0.429543	0.397791	0.404311	0.436134	0.491684	0.554681	0.605338	0.620443	0.58187	0.489283	0.362661	0.210958	0.047865	-0.111347	-0.255395	-0.382595	-0.47599	-0.513914	-0.503363	-0.461548	-0.388165	-0.303946	-0.223712	-0.156537	-0.101357	-0.059558	-0.0529503	-0.084828	-0.146467	-0.239603	-0.348305	-0.467051	-0.591946	-0.700294	-0.788786	-0.837462	-0.854353	-0.852169	-0.829023	-0.798395	-0.776468	-0.761586	-0.736858	-0.684918	-0.587848	-0.446246	-0.266164	-0.0667983	0.114443	0.243301	0.317975	0.34202	0.311492	0.242677	0.150739	0.052883	-0.0203867	-0.0513292	-0.0425353	0	
0	-0.0754547	-0.138642	-0.177237	-0.199064	-0.211996	-0.219783	-0.210663	-0.188604	-0.150185	-0.0918531	-0.00823199	0.0950031	0.209318	0.329723	0.441459	0.533393	0.598043	0.630224	0.629501	0.622144	0.631657	0.643977	0.646514	0.641065	0.626346	0.609075	0.602635	0.621845	0.664398	0.725123	0.773941	0.802409	0.805369	0.777575	0.729562	0.665554	0.579937	0.483689	0.403713	0.361959	0.364817	0.410146	0.484591	0.582578	0.679773	0.750795	0.778101	0.74463	0.645308	0.502428	0.331296	0.15286	-0.0200829	-0.17628	-0.312946	-0.42127	-0.48888	-0.515102	-0.506993	-0.459784	-0.391716	-0.32086	-0.254922	-0.196875	-0.151495	-0.142203	-0.166522	-0.216228	-0.299307	-0.400942	-0.517074	-0.64002	-0.748061	-0.836398	-0.888774	-0.909985	-0.906143	-0.875476	-0.833413	-0.795237	-0.748308	-0.680126	-0.591408	-0.469232	-0.300589	-0.098351	0.107237	0.295246	0.439855	0.534736	0.573163	0.545892	0.47011	0.358108	0.230558	0.121667	0.0493692	0.0109939	0	
0	-0.0574942	-0.110266	-0.153004	-0.191081	-0.22635	-0.248371	-0.246076	-0.22636	-0.192149	-0.138929	-0.0622846	0.0337829	0.143847	0.263285	0.37491	0.461934	0.516185	0.543125	0.547682	0.549081	0.561188	0.579405	0.598527	0.61189	0.609075	0.602986	0.615546	0.652155	0.70175	0.761005	0.802379	0.816559	0.7997	0.74668	0.666542	0.574444	0.472668	0.373042	0.301366	0.275806	0.30185	0.379552	0.497745	0.641983	0.776382	0.872404	0.912967	0.882047	0.780689	0.62924	0.442893	0.241284	0.0467909	-0.120247	-0.260378	-0.375756	-0.455604	-0.500249	-0.515231	-0.491315	-0.445906	-0.390022	-0.330459	-0.276333	-0.237844	-0.231431	-0.25054	-0.289292	-0.357512	-0.443276	-0.543205	-0.653617	-0.755132	-0.843539	-0.900868	-0.923485	-0.91512	-0.878363	-0.831457	-0.779226	-0.708878	-0.62157	-0.51137	-0.357993	-0.158806	0.0612654	0.27454	0.468856	0.617942	0.711242	0.747921	0.719542	0.635102	0.512424	0.369808	0.233724	0.127302	0.0506969	0	
0	-0.0394907	-0.0869316	-0.134028	-0.18062	-0.226666	-0.262948	-0.273228	-0.263099	-0.237435	-0.191652	-0.121389	-0.0277765	0.0819319	0.203336	0.312568	0.387609	0.426462	0.448199	0.46041	0.469647	0.48922	0.522512	0.560172	0.589092	0.602635	0.615546	0.642243	0.682489	0.735087	0.79662	0.836016	0.839032	0.80391	0.725618	0.616297	0.497669	0.377858	0.267628	0.196125	0.177768	0.218988	0.325935	0.486724	0.672761	0.839484	0.954837	1.00625	0.98208	0.880052	0.721538	0.525338	0.311408	0.106121	-0.0647542	-0.203077	-0.318106	-0.402759	-0.453868	-0.479218	-0.476119	-0.451466	-0.40912	-0.362934	-0.325307	-0.30025	-0.297556	-0.312092	-0.338925	-0.389497	-0.454209	-0.533017	-0.625663	-0.717589	-0.806181	-0.866997	-0.890506	-0.88326	-0.848432	-0.796894	-0.734402	-0.657034	-0.561589	-0.435154	-0.262383	-0.0495396	0.176841	0.39726	0.595957	0.740593	0.823245	0.847192	0.811963	0.727228	0.604672	0.457198	0.306741	0.179513	0.0794604	0	
0	-0.0272729	-0.0730038	-0.123121	-0.166084	-0.21309	-0.260043	-0.289691	-0.297717	-0.286895	-0.250878	-0.182586	-0.0867517	0.0285446	0.151532	0.254556	0.316434	0.346056	0.371159	0.393371	0.414702	0.450365	0.499447	0.547732	0.587317	0.621845	0.652155	0.682489	0.721902	0.774327	0.831802	0.862077	0.853925	0.805693	0.711409	0.582623	0.442183	0.299984	0.174532	0.095517	0.0759413	0.127429	0.257216	0.451203	0.675253	0.876688	1.01336	1.06969	1.03762	0.925497	0.75679	0.554167	0.340331	0.143627	-0.0142931	-0.1383	-0.242235	-0.318152	-0.366505	-0.400821	-0.41536	-0.407592	-0.383298	-0.357169	-0.338488	-0.324286	-0.318328	-0.318103	-0.326602	-0.356238	-0.400032	-0.463157	-0.546796	-0.638586	-0.729612	-0.796957	-0.827802	-0.827268	-0.798572	-0.746095	-0.679919	-0.601689	-0.504473	-0.372875	-0.203458	-0.00220187	0.21912	0.43921	0.636032	0.779539	0.864441	0.894466	0.862617	0.774538	0.644829	0.49111	0.338561	0.206171	0.0938787	0	
0	-0.0184269	-0.0620602	-0.11063	-0.14898	-0.193893	-0.249122	-0.295817	-0.322912	-0.32903	-0.301165	-0.235512	-0.136879	-0.0189564	0.102641	0.198831	0.255861	0.292431	0.330547	0.367227	0.406134	0.459511	0.520411	0.570527	0.617936	0.664398	0.70175	0.735087	0.774327	0.819316	0.860193	0.87869	0.863307	0.803773	0.696897	0.553133	0.394779	0.237811	0.101161	0.0118697	-0.0119623	0.0443427	0.187577	0.403853	0.656292	0.883474	1.03344	1.08735	1.04359	0.914704	0.734562	0.533914	0.332204	0.154545	0.0182111	-0.0870335	-0.171862	-0.228564	-0.264375	-0.29754	-0.320671	-0.325557	-0.316551	-0.311312	-0.308879	-0.295435	-0.2751	-0.256106	-0.2434	-0.248856	-0.278677	-0.335127	-0.417399	-0.514808	-0.615644	-0.692503	-0.735487	-0.750843	-0.732898	-0.6907	-0.636688	-0.569549	-0.476804	-0.350881	-0.196863	-0.0119229	0.196425	0.405045	0.592317	0.74265	0.847152	0.892152	0.87067	0.787677	0.657983	0.502595	0.346688	0.210057	0.0950509	0	
0	-0.0037735	-0.034459	-0.0763584	-0.113713	-0.162085	-0.220363	-0.273087	-0.310466	-0.326821	-0.307362	-0.249302	-0.161218	-0.053019	0.0593556	0.152095	0.219245	0.277823	0.337711	0.39373	0.449218	0.517106	0.582255	0.635421	0.681745	0.725123	0.761005	0.79662	0.831802	0.860193	0.885577	0.900484	0.878318	0.805715	0.68331	0.526956	0.36108	0.199363	0.0561487	-0.039067	-0.0605997	0.00262687	0.147167	0.364675	0.620975	0.851762	1.00239	1.05505	1.00762	0.876815	0.69678	0.499901	0.308889	0.145279	0.0198082	-0.0655472	-0.122415	-0.156476	-0.180273	-0.207801	-0.230506	-0.23325	-0.228351	-0.228106	-0.222901	-0.202916	-0.174279	-0.143472	-0.11693	-0.109608	-0.124768	-0.168754	-0.243169	-0.339092	-0.442551	-0.534607	-0.603507	-0.644023	-0.655761	-0.643405	-0.616157	-0.568529	-0.488251	-0.38101	-0.244526	-0.0684914	0.130329	0.327273	0.513099	0.670834	0.780594	0.834712	0.827223	0.760035	0.645545	0.499855	0.346193	0.208471	0.095854	0	
0	0.0172577	0.00775249	-0.0231737	-0.065796	-0.122487	-0.180563	-0.228547	-0.264009	-0.282829	-0.269868	-0.228336	-0.165202	-0.0815432	0.0153474	0.111136	0.19952	0.289383	0.377756	0.454724	0.523317	0.592116	0.658976	0.710216	0.747082	0.773941	0.802379	0.836016	0.862077	0.87869	0.900484	0.914232	0.886596	0.799644	0.663548	0.498534	0.329991	0.164516	0.0181464	-0.0715487	-0.0772334	-0.00697254	0.130345	0.329204	0.561231	0.773567	0.919404	0.973903	0.934274	0.812507	0.638247	0.448118	0.266431	0.111217	-0.00243768	-0.0717524	-0.106817	-0.118811	-0.126266	-0.141843	-0.150394	-0.141468	-0.125799	-0.109798	-0.0876964	-0.0552615	-0.020081	0.0112466	0.0352514	0.0494381	0.0436308	0.0161709	-0.0372645	-0.120783	-0.225412	-0.334476	-0.432934	-0.511137	-0.564155	-0.597702	-0.607613	-0.58813	-0.533897	-0.442839	-0.313516	-0.145842	0.0414442	0.23178	0.416001	0.572574	0.679967	0.73961	0.747997	0.698208	0.606078	0.484734	0.347208	0.217838	0.10532	0	
0	0.0350995	0.0458708	0.0262171	-0.0197321	-0.0837463	-0.141496	-0.184487	-0.216184	-0.235374	-0.231255	-0.211895	-0.181045	-0.128145	-0.0464422	0.0565489	0.170721	0.296388	0.419828	0.526055	0.604283	0.672749	0.73588	0.781819	0.7989	0.802409	0.816559	0.839032	0.853925	0.863307	0.878318	0.886596	0.851298	0.757726	0.616066	0.45335	0.288949	0.123858	-0.0147404	-0.0868543	-0.077821	-0.00584551	0.116481	0.284719	0.481693	0.667191	0.796938	0.847865	0.816833	0.705735	0.541731	0.364461	0.193776	0.0463294	-0.0587479	-0.108189	-0.118837	-0.112604	-0.103868	-0.0941619	-0.0802375	-0.0525733	-0.0175388	0.0193196	0.0634675	0.112494	0.15899	0.198896	0.229323	0.24501	0.247179	0.233386	0.191792	0.117907	0.0135774	-0.108767	-0.233224	-0.347658	-0.451307	-0.537712	-0.593808	-0.613588	-0.586877	-0.515849	-0.398289	-0.241346	-0.0621649	0.125589	0.303295	0.45656	0.571418	0.643791	0.667944	0.640647	0.56907	0.466697	0.3493	0.227961	0.112772	0	
0	0.040934	0.0621667	0.0552542	0.0169828	-0.0424954	-0.101672	-0.147854	-0.185012	-0.210167	-0.220213	-0.2234	-0.22174	-0.193423	-0.122985	-0.0130265	0.122177	0.27937	0.440537	0.577326	0.671278	0.740718	0.799766	0.831369	0.825724	0.805369	0.7997	0.80391	0.805693	0.803773	0.805715	0.799644	0.757726	0.662282	0.528254	0.381251	0.22955	0.0766623	-0.0438147	-0.101293	-0.0850982	-0.01396	0.0955124	0.237072	0.402786	0.556911	0.659449	0.695881	0.663763	0.55901	0.407702	0.243997	0.0898453	-0.038637	-0.12101	-0.150035	-0.14004	-0.113556	-0.0828609	-0.0515905	-0.0168689	0.0277873	0.0811343	0.143468	0.210818	0.282101	0.349981	0.406581	0.443217	0.464223	0.47259	0.467048	0.436805	0.369125	0.262153	0.126166	-0.0235563	-0.175162	-0.323827	-0.455354	-0.550141	-0.606451	-0.61459	-0.568306	-0.470506	-0.335812	-0.174987	0.00339884	0.179822	0.340625	0.473119	0.567577	0.613928	0.611432	0.558879	0.466098	0.356345	0.234893	0.112884	0	
0	0.033564	0.0559479	0.0624071	0.0473336	0.0047251	-0.0531943	-0.112458	-0.163565	-0.203692	-0.231309	-0.255542	-0.272657	-0.257523	-0.191451	-0.0775762	0.0685373	0.24568	0.431997	0.593848	0.704717	0.780368	0.830444	0.843965	0.819209	0.777575	0.74668	0.725618	0.711409	0.696897	0.68331	0.663548	0.616066	0.528254	0.413787	0.289553	0.158611	0.0248984	-0.0770695	-0.125023	-0.103312	-0.0330612	0.0664527	0.1923	0.336077	0.457497	0.531171	0.551432	0.512361	0.409847	0.271295	0.12578	-0.00790291	-0.109294	-0.164248	-0.16905	-0.143986	-0.107183	-0.059051	-0.00176627	0.056799	0.12143	0.192648	0.26532	0.342675	0.429062	0.518722	0.596143	0.648048	0.677726	0.691344	0.690682	0.662807	0.597805	0.490943	0.351035	0.186719	0.00730008	-0.176186	-0.342372	-0.472592	-0.561732	-0.593079	-0.57175	-0.505689	-0.402409	-0.262971	-0.093559	0.082651	0.25255	0.404396	0.521963	0.585765	0.598664	0.562089	0.478578	0.368292	0.243879	0.119937	0	
0	0.0197551	0.036747	0.0567898	0.0660588	0.0470373	-0.0101009	-0.0810373	-0.150832	-0.207391	-0.255631	-0.297846	-0.325973	-0.313179	-0.244134	-0.127156	0.0229491	0.205389	0.399947	0.575627	0.703986	0.788227	0.829722	0.829842	0.792456	0.729562	0.666542	0.616297	0.582623	0.553133	0.526956	0.498534	0.45335	0.381251	0.289553	0.191447	0.0843068	-0.025455	-0.108543	-0.141153	-0.113001	-0.0486867	0.0432436	0.161371	0.287451	0.384859	0.438296	0.442247	0.397068	0.302436	0.179968	0.0480637	-0.0634674	-0.142369	-0.181818	-0.17964	-0.146011	-0.0934467	-0.020056	0.063999	0.147527	0.232553	0.310078	0.380828	0.453923	0.544342	0.647636	0.740829	0.806967	0.849387	0.872876	0.877175	0.854556	0.794396	0.692414	0.556703	0.387608	0.196792	-0.00382113	-0.194108	-0.354947	-0.476275	-0.536815	-0.547093	-0.509209	-0.419272	-0.287703	-0.126668	0.0513825	0.229724	0.387382	0.510014	0.581488	0.601835	0.572931	0.497286	0.389164	0.265349	0.137212	0	
0	0.00647809	0.019327	0.0451022	0.069878	0.062931	0.0107727	-0.0670711	-0.146343	-0.216282	-0.280839	-0.338762	-0.374234	-0.359153	-0.284677	-0.165282	-0.0167212	0.158598	0.348069	0.528081	0.672219	0.765392	0.803921	0.79753	0.750649	0.665554	0.574444	0.497669	0.442183	0.394779	0.36108	0.329991	0.288949	0.22955	0.158611	0.0843068	0.00410238	-0.0796353	-0.132342	-0.140299	-0.105665	-0.0424094	0.0538766	0.172613	0.288713	0.370902	0.406647	0.393459	0.341142	0.255139	0.1418	0.0227531	-0.0774661	-0.147509	-0.176729	-0.16751	-0.127922	-0.0583679	0.0355914	0.13871	0.245365	0.342805	0.420224	0.480229	0.543473	0.630675	0.732319	0.828008	0.90233	0.955226	0.993227	1.01392	1.00386	0.956423	0.866367	0.739068	0.575722	0.386568	0.181707	-0.0242055	-0.210246	-0.356149	-0.446564	-0.484373	-0.463769	-0.386897	-0.259345	-0.0992271	0.0796067	0.260786	0.415366	0.536576	0.615836	0.645757	0.623645	0.553661	0.447901	0.313207	0.159993	0	
0	-0.00353154	0.00497813	0.0306306	0.050861	0.0442771	-0.00550171	-0.0777011	-0.155662	-0.226817	-0.297514	-0.363955	-0.403204	-0.388188	-0.312902	-0.197182	-0.0581634	0.10306	0.28029	0.461094	0.614123	0.713833	0.751126	0.73914	0.680844	0.579937	0.472668	0.377858	0.299984	0.237811	0.199363	0.164516	0.123858	0.0766623	0.0248984	-0.025455	-0.0796353	-0.127002	-0.142519	-0.125255	-0.0774034	-0.000438192	0.112501	0.237361	0.354227	0.431529	0.450258	0.419875	0.362323	0.269999	0.154909	0.0350468	-0.0647129	-0.130557	-0.150116	-0.130053	-0.071748	0.0176109	0.119506	0.229161	0.342684	0.4393	0.510772	0.55932	0.608392	0.686256	0.777468	0.865195	0.944464	1.0056	1.05705	1.09341	1.09828	1.07023	0.995669	0.886026	0.738563	0.55674	0.3569	0.146467	-0.0505869	-0.206716	-0.315397	-0.375196	-0.37004	-0.306631	-0.193182	-0.0360098	0.144793	0.323318	0.484918	0.614811	0.701754	0.744712	0.7256	0.651724	0.537903	0.378604	0.190899	0	
0	-0.0157322	-0.0126312	0.00498883	0.0116732	-0.00589057	-0.0524124	-0.113068	-0.17816	-0.237252	-0.299712	-0.360417	-0.398325	-0.386374	-0.319615	-0.218115	-0.0948641	0.0478921	0.215644	0.392345	0.545607	0.643619	0.677074	0.657493	0.589384	0.483689	0.373042	0.267628	0.174532	0.101161	0.0561487	0.0181464	-0.0147404	-0.0438147	-0.0770695	-0.108543	-0.132342	-0.142519	-0.1277	-0.0847686	-0.0128271	0.0927314	0.22472	0.363723	0.491299	0.566837	0.573027	0.53331	0.455261	0.343557	0.215058	0.0825177	-0.0246265	-0.087456	-0.0995675	-0.0652863	0.0109024	0.109538	0.21359	0.318879	0.430079	0.518556	0.574719	0.610128	0.649633	0.715436	0.791161	0.871687	0.948917	1.01005	1.07055	1.11978	1.13933	1.13051	1.07946	0.990652	0.863056	0.698	0.504467	0.297247	0.102905	-0.0515846	-0.163299	-0.229541	-0.233782	-0.186494	-0.0920095	0.0533213	0.231846	0.409506	0.581781	0.732509	0.825674	0.867842	0.852925	0.7678	0.628948	0.445417	0.2266	0	
0	-0.0323829	-0.0396333	-0.0306547	-0.0350954	-0.0602087	-0.101332	-0.146861	-0.190581	-0.229043	-0.269877	-0.314285	-0.344315	-0.339378	-0.291659	-0.214175	-0.117055	0.00497612	0.157884	0.321407	0.460554	0.549404	0.581202	0.561041	0.497655	0.403713	0.301366	0.196125	0.095517	0.0118697	-0.039067	-0.0715487	-0.0868543	-0.101293	-0.125023	-0.141153	-0.140299	-0.125255	-0.0847686	-0.00843491	0.105382	0.242796	0.399452	0.559474	0.695926	0.767939	0.769909	0.713779	0.61216	0.476243	0.328315	0.1794	0.058932	-0.0114514	-0.0260406	0.0143316	0.0948343	0.190732	0.290762	0.392424	0.496085	0.576558	0.62097	0.643709	0.669934	0.716938	0.778276	0.845775	0.913494	0.973762	1.03458	1.09058	1.12882	1.14401	1.1205	1.06269	0.962297	0.812788	0.629215	0.432037	0.24733	0.0960714	-0.0148713	-0.0811796	-0.0985591	-0.0652152	0.0183292	0.153554	0.32728	0.50532	0.683215	0.838256	0.93858	0.987077	0.9735	0.881075	0.72012	0.514314	0.269275	0	
0	-0.0554208	-0.0815636	-0.0834167	-0.0913468	-0.113971	-0.146144	-0.172053	-0.191418	-0.203927	-0.220705	-0.242075	-0.258666	-0.257624	-0.22741	-0.177441	-0.10834	-0.0142818	0.114154	0.249178	0.362301	0.440925	0.476387	0.470902	0.429543	0.361959	0.275806	0.177768	0.0759413	-0.0119623	-0.0605997	-0.0772334	-0.077821	-0.0850982	-0.103312	-0.113001	-0.105665	-0.0774034	-0.0128271	0.105382	0.257459	0.431199	0.620567	0.801812	0.945487	1.02185	1.02158	0.949914	0.81945	0.655115	0.476675	0.303912	0.167231	0.0788258	0.0513834	0.0859992	0.157657	0.242779	0.337287	0.436714	0.537139	0.612344	0.650253	0.668172	0.685132	0.714414	0.75531	0.802003	0.851378	0.899885	0.962319	1.02985	1.08739	1.12596	1.1301	1.09908	1.02169	0.89397	0.728366	0.548623	0.373176	0.221036	0.10484	0.0254503	-0.0101098	0.0133941	0.097166	0.23037	0.402937	0.587737	0.763901	0.914199	1.02366	1.07668	1.06106	0.969111	0.803474	0.57824	0.299159	0	
0	-0.0802435	-0.131642	-0.149446	-0.154432	-0.167159	-0.181713	-0.184825	-0.174357	-0.163826	-0.158203	-0.157836	-0.15545	-0.148131	-0.127056	-0.0978754	-0.0593038	-7.59778e-05	0.0890026	0.183649	0.267492	0.336347	0.382698	0.402026	0.397791	0.364817	0.30185	0.218988	0.127429	0.0443427	0.00262687	-0.00697254	-0.00584551	-0.01396	-0.0330612	-0.0486867	-0.0424094	-0.000438192	0.0927314	0.242796	0.431199	0.643477	0.86373	1.06249	1.21594	1.29925	1.29482	1.2043	1.04608	0.847746	0.634342	0.441654	0.283769	0.17316	0.132	0.144817	0.186777	0.260254	0.352287	0.452965	0.557644	0.633073	0.676171	0.692061	0.69783	0.712868	0.730769	0.751015	0.781318	0.819002	0.880614	0.954816	1.02048	1.07344	1.0943	1.08473	1.03651	0.934501	0.795156	0.632718	0.459628	0.300147	0.16251	0.0643103	0.0153473	0.0268721	0.111613	0.249308	0.426061	0.618517	0.798326	0.951945	1.06888	1.12939	1.1187	1.03219	0.865568	0.622496	0.31994	0	
0	-0.0964564	-0.170608	-0.203354	-0.204206	-0.200254	-0.192342	-0.165563	-0.124811	-0.0910418	-0.0671829	-0.0459433	-0.0224668	-0.00148888	0.0186444	0.0312238	0.039176	0.057315	0.0988968	0.15133	0.207031	0.266607	0.321786	0.36861	0.404311	0.410146	0.379552	0.325935	0.257216	0.187577	0.147167	0.130345	0.116481	0.0955124	0.0664527	0.0432436	0.0538766	0.112501	0.22472	0.399452	0.620567	0.86373	1.1059	1.32032	1.48691	1.57579	1.56149	1.45493	1.26889	1.03262	0.794226	0.582019	0.403167	0.271987	0.205856	0.191616	0.208017	0.261471	0.34532	0.444318	0.546758	0.624234	0.676943	0.699726	0.702543	0.708171	0.704928	0.698157	0.708202	0.735743	0.794112	0.867588	0.932215	0.9854	1.011	1.01685	0.991243	0.914095	0.803951	0.659999	0.488364	0.321623	0.169995	0.0466032	-0.0260831	-0.0248813	0.0530665	0.190231	0.374252	0.574026	0.768461	0.941527	1.07044	1.14476	1.14609	1.0607	0.888473	0.640146	0.336095	0	
