0	0	0	0	0	0	0	0	0	0	0	0	0	0	0	0	0	0	0	0	0	0	0	0	0	0	0	0	0	0	0	0	0	0	0	0	0	0	0	0	0	0	0	0	0	0	0	0	0	0	0	0	0	0	0	0	0	0	0	0	0	0	0	0	0	0	0	0	0	0	0	0	0	0	0	0	0	0	0	0	0	0	0	0	0	0	0	0	0	0	0	0	0	0	0	0	0	0	0	0	
0	2.16122e-18	2.6876e-17	3.0802e-16	3.26197e-15	3.18358e-14	2.85531e-13	2.34643e-12	1.7613e-11	1.2038e-10	7.46712e-10	4.19013e-09	2.12035e-08	9.64733e-08	3.93646e-07	1.43756e-06	4.6929e-06	1.3693e-05	3.57549e-05	8.37801e-05	0.000176922	0.000338595	0.000591055	0.000947375	0.00140333	0.00193232	0.00248586	0.00300011	0.00340746	0.00365008	0.00369206	0.0035271	0.00317983	0.00270059	0.00215469	0.00160901	0.0011193	0.000721347	0.000427994	0.000232245	0.0001145	5.09781e-05	2.03943e-05	7.30493e-06	2.33779e-06	6.6807e-07	1.70595e-07	3.89925e-08	7.99705e-09	1.47601e-09	2.45957e-10	3.71282e-11	5.09444e-12	6.37511e-13	7.29934e-14	7.6707e-15	7.42042e-16	6.62648e-17	5.47708e-18	4.20061e-19	2.99635e-20	1.99229e-21	1.23734e-22	7.19212e-24	3.91968e-25	2.00642e-26	9.66224e-28	4.38414e-29	1.87702e-30	7.59322e-32	2.90612e-33	1.05357e-34	3.62219e-36	1.18227e-37	3.66726e-39	1.08212e-40	3.04035e-42	8.14076e-44	2.07904e-45	5.06834e-47	1.18032e-48	2.6277e-50	5.5962e-52	1.14086e-53	2.22773e-55	4.16908e-57	7.48183e-59	1.28824e-60	2.12926e-62	3.37997e-64	5.15524e-66	7.55836e-68	1.06568e-69	1.44552e-71	1.88702e-73	2.3716e-75	2.87056e-77	3.34726e-79	3.76092e-81	0	
0	2.6876e-17	3.22795e-16	3.56772e-15	3.63928e-14	3.41668e-13	2.94365e-12	2.32021e-11	1.6678e-10	1.0897e-09	6.45019e-09	3.44749e-08	1.65851e-07	7.16069e-07	2.76786e-06	9.56151e-06	2.9496e-05	8.12981e-05	0.000200619	0.000444912	0.000891472	0.00162454	0.0027119	0.00417712	0.00597714	0.00799377	0.0100436	0.0119046	0.0133541	0.0142083	0.0143554	0.013776	0.0125464	0.0108249	0.00882324	0.00676855	0.00486359	0.00325489	0.00201556	0.00114671	0.00059503	0.000279666	0.000118343	4.48787e-05	1.5207e-05	4.59812e-06	1.24084e-06	2.99253e-07	6.46437e-08	1.25434e-08	2.19333e-09	3.46796e-10	4.97541e-11	6.49922e-12	7.7557e-13	8.48211e-14	8.52784e-15	7.90472e-16	6.77388e-17	5.38038e-18	3.9707e-19	2.72892e-20	1.75032e-21	1.04983e-22	5.89955e-24	3.11165e-25	1.54299e-26	7.20473e-28	3.17251e-29	1.31925e-30	5.18757e-32	1.93134e-33	6.81588e-35	2.28266e-36	7.26232e-38	2.19716e-39	6.32719e-41	1.73587e-42	4.54099e-44	1.13362e-45	2.70271e-47	6.15842e-49	1.34209e-50	2.79911e-52	5.59068e-54	1.06998e-55	1.96336e-57	3.45604e-59	5.83894e-61	9.47289e-63	1.47648e-64	2.21191e-66	3.18627e-68	4.41521e-70	5.88764e-72	7.55806e-74	9.34353e-76	1.11272e-77	1.27679e-79	0	
0	3.0802e-16	3.56772e-15	3.79646e-14	3.72326e-13	3.3557e-12	2.77095e-11	2.08964e-10	1.43439e-09	8.93162e-09	5.02758e-08	2.54961e-07	1.16109e-06	4.73456e-06	1.72464e-05	5.60385e-05	0.000162375	0.00042009	0.000973388	0.00202999	0.00383552	0.00661633	0.0105047	0.0154716	0.0212913	0.0275502	0.0336984	0.0391308	0.0432781	0.0456912	0.0461046	0.0444724	0.0409748	0.0359939	0.0300599	0.0237745	0.0177204	0.012374	0.0080395	0.00482303	0.00265022	0.00132331	0.000596135	0.000240887	8.69582e-05	2.7983e-05	8.0235e-06	2.05183e-06	4.68934e-07	9.60468e-08	1.76874e-08	2.9388e-09	4.42137e-10	6.04464e-11	7.53567e-12	8.59533e-13	8.99866e-14	8.67322e-15	7.71807e-16	6.35811e-17	4.8611e-18	3.45744e-19	2.29274e-20	1.4205e-21	8.23874e-23	4.48143e-24	2.29012e-25	1.10126e-26	4.99094e-28	2.1348e-29	8.62997e-31	3.30138e-32	1.19659e-33	4.11391e-35	1.34307e-36	4.16794e-38	1.23069e-39	3.46086e-41	9.27699e-43	2.37236e-44	5.79225e-46	1.35125e-47	3.0141e-49	6.43292e-51	1.31452e-52	2.5734e-54	4.82925e-56	8.69216e-58	1.50135e-59	2.48981e-61	3.96631e-63	6.07218e-65	8.93777e-67	1.26538e-68	1.72382e-70	2.26051e-72	2.85442e-74	3.47196e-76	4.06876e-78	0	
0	3.26197e-15	3.63928e-14	3.72326e-13	3.50529e-12	3.02771e-11	2.39169e-10	1.72201e-09	1.12614e-08	6.66521e-08	3.55739e-07	1.70611e-06	7.32816e-06	2.81083e-05	9.6067e-05	0.000292223	0.000791388	0.00191219	0.00413982	0.0080812	0.0143373	0.0233241	0.0351055	0.0493006	0.0650922	0.0813302	0.0966926	0.109866	0.119704	0.12535	0.126312	0.122505	0.114262	0.1023	0.0876621	0.0716128	0.0554915	0.0405383	0.0277196	0.0175978	0.0102814	0.00547847	0.00264008	0.00114241	0.000441549	0.00015195	4.6502e-05	1.26624e-05	3.07341e-06	6.66749e-07	1.29709e-07	2.27097e-08	3.59169e-09	5.15054e-10	6.72134e-11	8.00995e-12	8.74631e-13	8.77839e-14	8.1226e-15	6.94834e-16	5.50954e-17	4.05946e-18	2.78576e-19	1.78435e-20	1.06896e-21	6.00084e-23	3.16237e-24	1.56708e-25	7.31371e-27	3.21955e-28	1.33868e-29	5.26448e-31	1.96054e-32	6.92228e-34	2.31987e-35	7.38714e-37	2.2373e-38	6.45088e-40	1.77236e-41	4.64406e-43	1.16147e-44	2.77468e-46	6.33634e-48	1.38416e-49	2.89429e-51	5.79672e-53	1.11268e-54	2.0481e-56	3.61713e-58	6.13247e-60	9.98571e-62	1.56243e-63	2.35013e-65	3.39971e-67	4.73179e-69	6.33885e-71	8.17629e-73	1.01581e-74	1.21583e-76	0	
0	3.18358e-14	3.41668e-13	3.3557e-12	3.02771e-11	2.50168e-10	1.88655e-09	1.29384e-08	8.04015e-08	4.50996e-07	2.27482e-06	1.02795e-05	4.14714e-05	0.00014894	0.000475195	0.00134586	0.00338726	0.00760011	0.0152889	0.0277937	0.0460938	0.0704431	0.100182	0.133786	0.169095	0.203651	0.235019	0.261049	0.280029	0.290755	0.29257	0.285363	0.269573	0.246187	0.216719	0.183158	0.14785	0.113282	0.0817729	0.0551365	0.0343963	0.0196544	0.0101864	0.00474693	0.00197561	0.000731078	0.000240048	6.99345e-05	1.81056e-05	4.17652e-06	8.61303e-07	1.59392e-07	2.65733e-08	4.00683e-09	5.48531e-10	6.84311e-11	7.80707e-12	8.1724e-13	7.87408e-14	7.00347e-15	5.76615e-16	4.40592e-17	3.13192e-18	2.07582e-19	1.28555e-20	7.45362e-22	4.05352e-23	2.07128e-24	9.96093e-26	4.51526e-27	1.93205e-28	7.81444e-30	2.99146e-31	1.08518e-32	3.73471e-34	1.22072e-35	3.79342e-37	1.12182e-38	3.16007e-40	8.48658e-42	2.17467e-43	5.32135e-45	1.24436e-46	2.78279e-48	5.95547e-50	1.2205e-51	2.39668e-53	4.51222e-55	8.14934e-57	1.41266e-58	2.35155e-60	3.76084e-62	5.78132e-64	8.54619e-66	1.21535e-67	1.66336e-69	2.19175e-71	2.78145e-73	3.4003e-75	0	
0	2.85531e-13	2.94365e-12	2.77095e-11	2.39169e-10	1.88655e-09	1.35506e-08	8.82946e-08	5.19856e-07	2.75451e-06	1.30812e-05	5.54599e-05	0.000209154	0.000699558	0.00207128	0.00542747	0.0126109	0.0261029	0.0484903	0.0816385	0.125964	0.18014	0.241319	0.305704	0.369218	0.428071	0.479126	0.520007	0.549046	0.565188	0.567899	0.557093	0.533121	0.496818	0.449592	0.393525	0.331452	0.266933	0.203988	0.146604	0.0980849	0.0604169	0.0338766	0.0171109	0.0077189	0.00309142	0.00109571	0.000343443	9.53169e-05	2.34838e-05	5.15412e-06	1.01169e-06	1.7834e-07	2.83518e-08	4.08152e-09	5.34173e-10	6.37946e-11	6.97686e-12	7.01047e-13	6.49218e-14	5.5571e-15	4.40851e-16	3.24952e-17	2.23076e-18	1.42938e-19	8.56648e-21	4.81119e-22	2.53679e-23	1.25786e-24	5.87483e-26	2.58833e-27	1.07726e-28	4.24105e-30	1.58135e-31	5.59108e-33	1.87658e-34	5.98549e-36	1.81607e-37	5.2466e-39	1.44454e-40	3.79365e-42	9.51077e-44	2.27794e-45	5.21619e-47	1.14276e-48	2.39682e-50	4.8158e-52	9.27509e-54	1.7133e-55	3.03703e-57	5.16884e-59	8.45047e-61	1.32775e-62	2.00585e-64	2.9148e-66	4.07591e-68	5.48677e-70	7.11284e-72	8.88169e-74	0	
0	2.34643e-12	2.32021e-11	2.08964e-10	1.72201e-09	1.29384e-08	8.82946e-08	5.45048e-07	3.03065e-06	1.51124e-05	6.72849e-05	0.00026634	0.000933736	0.00289045	0.00788749	0.0189807	0.0404069	0.0765891	0.130512	0.202364	0.289229	0.385831	0.485839	0.583143	0.672699	0.750913	0.815559	0.865395	0.89982	0.918622	0.921756	0.909215	0.881029	0.83732	0.778502	0.705521	0.620153	0.525419	0.425807	0.327074	0.235597	0.157234	0.0959802	0.0529197	0.026071	0.0113854	0.00438698	0.00148906	0.000445599	0.00011786	2.76536e-05	5.78005e-06	1.08106e-06	1.81748e-07	2.75869e-08	3.79652e-09	4.75617e-10	5.4444e-11	5.71471e-12	5.51841e-13	4.91743e-14	4.05512e-15	3.10286e-16	2.20845e-17	1.46548e-18	9.08606e-20	5.27409e-21	2.87152e-22	1.46905e-23	7.07361e-25	3.2107e-26	1.37577e-27	5.57287e-29	2.1368e-30	7.76479e-32	2.6772e-33	8.76781e-35	2.73031e-36	8.09219e-38	2.28486e-39	6.15141e-41	1.58042e-42	3.87796e-44	9.09474e-46	2.04008e-47	4.37996e-49	9.0062e-51	1.77472e-52	3.35345e-54	6.07954e-56	1.05803e-57	1.76845e-59	2.84034e-61	4.38558e-63	6.51262e-65	9.30544e-67	1.27981e-68	1.69489e-70	2.16184e-72	0	
0	1.7613e-11	1.6678e-10	1.43439e-09	1.12614e-08	8.04015e-08	5.19856e-07	3.03065e-06	1.58566e-05	7.41008e-05	0.000307808	0.00113125	0.00366317	0.010419	0.0259942	0.0569599	0.110159	0.189725	0.294689	0.418937	0.553243	0.687909	0.814826	0.92843	1.02573	1.10582	1.16892	1.21572	1.24714	1.264	1.26679	1.25559	1.23008	1.18954	1.13307	1.05986	0.96943	0.862115	0.740002	0.607593	0.472042	0.342594	0.228953	0.138799	0.0752927	0.0361595	0.0152715	0.00565578	0.00183726	0.000524785	0.00013231	2.95796e-05	5.89252e-06	1.05114e-06	1.68714e-07	2.44776e-08	3.22396e-09	3.8705e-10	4.25146e-11	4.28769e-12	3.98322e-13	3.41885e-14	2.71879e-15	2.00841e-16	1.38153e-17	8.86911e-19	5.32505e-20	2.99602e-21	1.58249e-22	7.86072e-24	3.67796e-25	1.62343e-26	6.76963e-28	2.67043e-29	9.97774e-31	3.5354e-32	1.18929e-33	3.8023e-35	1.15652e-36	3.3498e-38	9.24789e-40	2.43555e-41	6.124e-43	1.47128e-44	3.37987e-46	7.42935e-48	1.56365e-49	3.15311e-51	6.09559e-53	1.13036e-54	2.0118e-56	3.43828e-58	5.64553e-60	8.91007e-62	1.35228e-63	1.97445e-65	2.77459e-67	3.75399e-69	4.89131e-71	0	
0	1.2038e-10	1.0897e-09	8.93162e-09	6.66521e-08	4.50996e-07	2.75451e-06	1.51124e-05	7.41008e-05	0.000323001	0.00124493	0.00422083	0.0125314	0.0324762	0.073404	0.145095	0.252708	0.39276	0.55385	0.721387	0.882282	1.02749	1.15241	1.25593	1.33919	1.40429	1.45323	1.48798	1.51057	1.52243	1.52437	1.51657	1.4984	1.4687	1.42567	1.36727	1.29156	1.19637	1.08002	0.942591	0.78714	0.620907	0.455508	0.305385	0.183881	0.0980084	0.0457911	0.0186645	0.00663295	0.00205992	0.000561338	0.000134902	2.87463e-05	5.46118e-06	9.29884e-07	1.42623e-07	1.97977e-08	2.49808e-09	2.87692e-10	3.03536e-11	2.94416e-12	2.63375e-13	2.1794e-14	1.6728e-15	1.194e-16	7.9441e-18	4.93769e-19	2.87299e-20	1.56787e-21	8.03947e-23	3.87989e-24	1.76509e-25	7.58084e-27	3.07802e-28	1.18304e-29	4.3096e-31	1.48968e-32	4.89151e-34	1.52736e-35	4.53957e-37	1.2855e-38	3.47132e-40	8.94645e-42	2.20235e-43	5.18237e-45	1.16652e-46	2.51349e-48	5.18757e-50	1.02618e-51	1.94676e-53	3.54385e-55	6.19362e-57	1.03978e-58	1.67758e-60	2.60233e-62	3.88307e-64	5.57577e-66	7.70768e-68	1.02596e-69	0	
0	7.46712e-10	6.45019e-09	5.02758e-08	3.55739e-07	2.27482e-06	1.30812e-05	6.72849e-05	0.000307808	0.00124493	0.00442466	0.0137391	0.0370872	0.0867571	0.175898	0.310726	0.483967	0.676929	0.868977	1.04509	1.19739	1.32371	1.42519	1.50438	1.56446	1.60797	1.63749	1.65638	1.6676	1.67303	1.67387	1.67043	1.66171	1.64615	1.62121	1.58361	1.53043	1.4593	1.3671	1.25097	1.10901	0.941845	0.754826	0.559983	0.376307	0.224505	0.117173	0.053071	0.0208143	0.00708217	0.00209971	0.000545479	0.00012493	2.53792e-05	4.60023e-06	7.48147e-07	1.09736e-07	1.45862e-08	1.76475e-09	1.95134e-10	1.97928e-11	1.84798e-12	1.59323e-13	1.27207e-14	9.43127e-16	6.50938e-17	4.19205e-18	2.52444e-19	1.42439e-20	7.54455e-22	3.75782e-23	1.76299e-24	7.80267e-26	3.26245e-27	1.29045e-28	4.83494e-30	1.71798e-31	5.79581e-33	1.85844e-34	5.66976e-36	1.64732e-37	4.56233e-39	1.2055e-40	3.04141e-42	7.33246e-44	1.6905e-45	3.7297e-47	7.87989e-49	1.59525e-50	3.09648e-52	5.76613e-54	1.03067e-55	1.76929e-57	2.9184e-59	4.62763e-61	7.05732e-63	1.03556e-64	1.46267e-66	1.98905e-68	0	
0	4.19013e-09	3.44749e-08	2.54961e-07	1.70611e-06	1.02795e-05	5.54599e-05	0.00026634	0.00113125	0.00422083	0.0137391	0.03876	0.094261	0.197078	0.355066	0.556831	0.775064	0.983186	1.16687	1.32158	1.44714	1.54516	1.61747	1.6668	1.69627	1.70924	1.71128	1.70818	1.7034	1.69973	1.69906	1.70157	1.70624	1.71043	1.71095	1.70307	1.6806	1.63966	1.57694	1.48948	1.37517	1.23216	1.05988	0.860525	0.643719	0.431805	0.253895	0.129037	0.0563809	0.0211961	0.00688684	0.00194596	0.000481499	0.000105056	2.03471e-05	3.51997e-06	5.47053e-07	7.67824e-08	9.77974e-09	1.13537e-09	1.20627e-10	1.17717e-11	1.05876e-12	8.8036e-14	6.78695e-15	4.86391e-16	3.24829e-17	2.02612e-18	1.18286e-19	6.47602e-21	3.33108e-22	1.61253e-23	7.35817e-25	3.16975e-26	1.29087e-27	4.97648e-29	1.81838e-30	6.30495e-32	2.0768e-33	6.50554e-35	1.93989e-36	5.51168e-38	1.49346e-39	3.86254e-41	9.5427e-43	2.25382e-44	5.09251e-46	1.10156e-47	2.28263e-49	4.53402e-51	8.63793e-53	1.57928e-54	2.77249e-56	4.67585e-58	7.5796e-60	1.18148e-61	1.77174e-63	2.55708e-65	3.55274e-67	0	
0	2.12035e-08	1.65851e-07	1.16109e-06	7.32816e-06	4.14714e-05	0.000209154	0.000933736	0.00366317	0.0125314	0.0370872	0.094261	0.204626	0.379018	0.603333	0.841515	1.06101	1.25044	1.40957	1.53674	1.63032	1.68993	1.71777	1.71929	1.70031	1.66924	1.6353	1.60398	1.5787	1.56393	1.56159	1.57109	1.59264	1.6221	1.65563	1.68881	1.71376	1.72115	1.70471	1.65819	1.57841	1.46444	1.31771	1.14046	0.932537	0.698932	0.46441	0.26692	0.13112	0.0549409	0.0197134	0.00609827	0.0016392	0.000385904	8.01737e-05	1.48026e-05	2.44449e-06	3.63178e-07	4.88014e-08	5.95954e-09	6.64288e-10	6.78561e-11	6.37505e-12	5.5269e-13	4.4351e-14	3.30343e-15	2.28975e-16	1.4805e-17	8.94922e-19	5.06774e-20	2.69355e-21	1.34615e-22	6.33641e-24	2.81355e-25	1.18021e-26	4.68341e-28	1.76044e-29	6.27573e-31	2.1242e-32	6.83411e-34	2.09205e-35	6.09942e-37	1.69523e-38	4.49546e-40	1.13837e-41	2.75482e-43	6.37578e-45	1.41224e-46	2.99582e-48	6.09018e-50	1.18718e-51	2.2204e-53	3.98668e-55	6.87524e-57	1.13941e-58	1.81548e-60	2.78244e-62	4.10363e-64	5.82535e-66	0	
0	9.64733e-08	7.16069e-07	4.73456e-06	2.81083e-05	0.00014894	0.000699558	0.00289045	0.010419	0.0324762	0.0867571	0.197078	0.379018	0.619248	0.874595	1.10524	1.30257	1.47041	1.60075	1.68512	1.72326	1.71923	1.68252	1.62274	1.54973	1.47496	1.40549	1.3449	1.30014	1.27504	1.27078	1.28765	1.32473	1.37959	1.44659	1.51961	1.59493	1.6609	1.70823	1.72646	1.706	1.64061	1.52784	1.37365	1.18812	0.970924	0.722094	0.470014	0.261276	0.122978	0.0490946	0.0167361	0.00491425	0.00125416	0.000280597	5.54752e-05	9.76192e-06	1.53892e-06	2.18617e-07	2.81336e-08	3.29536e-09	3.52844e-10	3.46705e-11	3.13745e-12	2.62327e-13	2.03258e-14	1.46345e-15	9.81587e-17	6.14768e-18	3.60298e-19	1.97994e-20	1.02209e-21	4.96519e-23	2.27349e-24	9.82705e-26	4.01558e-27	1.55329e-28	5.69485e-30	1.98133e-31	6.5488e-33	2.05854e-34	6.16005e-36	1.75651e-37	4.77689e-39	1.24006e-40	3.07532e-42	7.29164e-44	1.6541e-45	3.59256e-47	7.47542e-49	1.49118e-50	2.85331e-52	5.24008e-54	9.2413e-56	1.56588e-57	2.55051e-59	3.99525e-61	6.02147e-63	8.73386e-65	0	
0	3.93646e-07	2.76786e-06	1.72464e-05	9.6067e-05	0.000475195	0.00207128	0.00788749	0.0259942	0.073404	0.175898	0.355066	0.603333	0.874595	1.1195	1.32784	1.50728	1.64123	1.71229	1.72581	1.69011	1.61613	1.516	1.39887	1.27704	1.15962	1.05305	0.9647	0.903262	0.868369	0.861685	0.886594	0.937092	1.0152	1.11552	1.22945	1.35038	1.47082	1.57862	1.66478	1.71677	1.72442	1.67754	1.5678	1.40394	1.20709	0.977306	0.712209	0.447943	0.237969	0.10634	0.0401818	0.0129553	0.00359997	0.000870595	0.000184885	3.476e-05	5.82772e-06	8.76943e-07	1.19127e-07	1.46847e-08	1.65029e-09	1.69794e-10	1.60548e-11	1.39995e-12	1.12932e-13	8.45243e-15	5.88514e-16	3.82129e-17	2.31913e-18	1.3183e-19	7.03279e-21	3.52738e-22	1.6662e-23	7.424e-25	3.12487e-26	1.24427e-27	4.69302e-29	1.67874e-30	5.70178e-32	1.84082e-33	5.65501e-35	1.65464e-36	4.61557e-38	1.22851e-39	3.12267e-41	7.58599e-43	1.76263e-44	3.91998e-46	8.3498e-48	1.70458e-49	3.33713e-51	6.26901e-53	1.13067e-54	1.95893e-56	3.26183e-58	5.22246e-60	8.04378e-62	1.19212e-63	0	
0	1.43756e-06	9.56151e-06	5.60385e-05	0.000292223	0.00134586	0.00542747	0.0189807	0.0569599	0.145095	0.310726	0.556831	0.841515	1.10524	1.32784	1.51975	1.66015	1.72097	1.71598	1.65779	1.551	1.4096	1.24339	1.06701	0.893534	0.733432	0.595566	0.488257	0.411734	0.369302	0.362099	0.390858	0.454275	0.549618	0.674672	0.827954	0.996087	1.17374	1.34467	1.49811	1.61994	1.69858	1.72588	1.69365	1.58411	1.40896	1.19911	0.952028	0.669649	0.400924	0.201107	0.0845715	0.0300613	0.00912832	0.00239364	0.00054749	0.000110226	1.96918e-05	3.14406e-06	4.515e-07	5.86462e-08	6.9252e-09	7.46799e-10	7.38465e-11	6.72074e-12	5.64843e-13	4.39739e-14	3.18009e-15	2.14183e-16	1.34669e-17	7.92212e-19	4.36913e-20	2.26336e-21	1.10328e-22	5.06879e-24	2.19828e-25	9.01263e-27	3.49781e-28	1.28669e-29	4.49165e-31	1.48965e-32	4.69865e-34	1.41095e-35	4.03753e-37	1.10199e-38	2.87125e-40	7.14741e-42	1.70117e-43	3.87421e-45	8.44818e-47	1.76511e-48	3.5358e-50	6.79467e-52	1.25332e-53	2.22029e-55	3.77949e-57	6.18512e-59	9.73554e-61	1.47426e-62	0	
0	4.6929e-06	2.9496e-05	0.000162375	0.000791388	0.00338726	0.0126109	0.0404069	0.110159	0.252708	0.483967	0.775064	1.06101	1.30257	1.50728	1.66015	1.72227	1.7086	1.63734	1.49904	1.31425	1.09789	0.868022	0.641338	0.430061	0.245135	0.0902993	-0.0294644	-0.11458	-0.159711	-0.165927	-0.137151	-0.067338	0.038018	0.179216	0.352173	0.553915	0.775935	1.00626	1.22995	1.4297	1.58872	1.68754	1.72383	1.69565	1.57675	1.38861	1.16335	0.893692	0.596698	0.335124	0.156984	0.0616442	0.0205013	0.00584135	0.0014417	0.000311327	5.93488e-05	1.00664e-05	1.52977e-06	2.09573e-07	2.6024e-08	2.94349e-09	3.04582e-10	2.89476e-11	2.53597e-12	2.05451e-13	1.54382e-14	1.07893e-15	7.03043e-17	4.28123e-18	2.44163e-19	1.3067e-20	6.57446e-22	3.11512e-23	1.39225e-24	5.87818e-26	2.34779e-27	8.88262e-29	3.18734e-30	1.086e-31	3.51744e-33	1.0841e-34	3.18264e-36	8.9081e-38	2.37929e-39	6.06926e-41	1.47978e-42	3.45113e-44	7.70439e-46	1.64749e-47	3.37675e-49	6.63793e-51	1.25222e-52	2.26823e-54	3.94713e-56	6.60216e-58	1.06197e-59	1.6431e-61	0	
0	1.3693e-05	8.12981e-05	0.00042009	0.00191219	0.00760011	0.0261029	0.0765891	0.189725	0.39276	0.676929	0.983186	1.25044	1.47041	1.64123	1.72097	1.7086	1.63076	1.46776	1.24486	0.990175	0.713473	0.44026	0.178718	-0.0539475	-0.253851	-0.415865	-0.536253	-0.615252	-0.659751	-0.6671	-0.636951	-0.573242	-0.469647	-0.323219	-0.13941	0.0824838	0.332224	0.603917	0.879709	1.14691	1.38295	1.57554	1.68603	1.72475	1.68541	1.54593	1.34299	1.09644	0.801157	0.499286	0.25966	0.112553	0.0410073	0.0127034	0.00338553	0.000784689	0.000159717	2.87946e-05	4.6329e-06	6.69682e-07	8.74807e-08	1.03815e-08	1.12444e-09	1.11629e-10	1.01959e-11	8.59746e-13	6.71394e-14	4.86955e-15	3.28885e-16	2.07345e-17	1.22295e-18	6.76211e-20	3.51197e-21	1.71629e-22	7.90535e-24	3.43734e-25	1.41294e-26	5.49824e-28	2.02804e-29	7.09919e-31	2.3611e-32	7.46898e-34	2.24952e-35	6.4568e-37	1.76782e-38	4.62093e-40	1.1541e-41	2.75624e-43	6.29901e-45	1.37852e-46	2.89086e-48	5.81287e-50	1.12141e-51	2.07684e-53	3.69435e-55	6.31538e-57	1.03801e-58	1.6408e-60	0	
0	3.57549e-05	0.000200619	0.000973388	0.00413982	0.0152889	0.0484903	0.130512	0.294689	0.55385	0.868977	1.16687	1.40957	1.60075	1.71229	1.71598	1.63734	1.46776	1.21939	0.938336	0.617624	0.297617	-0.0136533	-0.290872	-0.530148	-0.721063	-0.867248	-0.970531	-1.03845	-1.0737	-1.07963	-1.05881	-1.003	-0.911896	-0.785824	-0.611513	-0.391577	-0.129145	0.171551	0.488301	0.81355	1.11136	1.37444	1.58177	1.69336	1.72609	1.65774	1.49199	1.26992	0.993565	0.6773	0.388057	0.184942	0.0736599	0.0247791	0.00712522	0.00177159	0.000384858	7.37253e-05	1.25556e-05	1.91452e-06	2.63039e-07	3.27449e-08	3.71185e-09	3.84851e-10	3.6643e-11	3.21558e-12	2.60933e-13	1.96382e-14	1.37458e-15	8.9708e-17	5.47138e-18	3.12535e-19	1.67535e-20	8.44345e-22	4.00767e-23	1.79441e-24	7.5904e-26	3.03762e-27	1.1516e-28	4.14111e-30	1.41411e-31	4.59077e-33	1.41832e-34	4.1743e-36	1.17143e-37	3.13729e-39	8.02542e-41	1.96246e-42	4.59071e-44	1.02806e-45	2.20555e-47	4.53581e-49	8.94746e-51	1.69398e-52	3.07982e-54	5.38001e-56	9.03447e-58	1.45879e-59	0	
0	8.37801e-05	0.000444912	0.00202999	0.0080812	0.0277937	0.0816385	0.202364	0.418937	0.721387	1.04509	1.32158	1.53674	1.68512	1.72581	1.65779	1.49904	1.24486	0.938336	0.58426	0.217909	-0.129387	-0.448651	-0.716689	-0.933702	-1.09762	-1.21232	-1.2897	-1.3312	-1.3503	-1.35463	-1.34273	-1.30813	-1.24806	-1.14897	-1.00407	-0.81138	-0.560674	-0.263319	0.0776368	0.435248	0.802848	1.12652	1.40804	1.60593	1.70949	1.71656	1.60637	1.41392	1.16274	0.852678	0.532311	0.277015	0.12007	0.043723	0.013533	0.00360273	0.00083402	0.000169542	3.05266e-05	4.90541e-06	7.08221e-07	9.24115e-08	1.09554e-08	1.18552e-09	1.17598e-10	1.07338e-11	9.04617e-13	7.06143e-14	5.12016e-15	3.45762e-16	2.17984e-17	1.28586e-18	7.1119e-20	3.69514e-21	1.80677e-22	8.32778e-24	3.62395e-25	1.49106e-26	5.80847e-28	2.14506e-29	7.5189e-31	2.50437e-32	7.9349e-34	2.39399e-35	6.88426e-37	1.88861e-38	4.94712e-40	1.23834e-41	2.96446e-43	6.79184e-45	1.49028e-46	3.13386e-48	6.3197e-50	1.22287e-51	2.27185e-53	4.05449e-55	6.95462e-57	1.14684e-58	0	
0	0.000176922	0.000891472	0.00383552	0.0143373	0.0460938	0.125964	0.289229	0.553243	0.882282	1.19739	1.44714	1.63032	1.72326	1.69011	1.551	1.31425	0.990175	0.617624	0.217909	-0.164332	-0.526207	-0.826113	-1.0727	-1.24274	-1.36054	-1.42089	-1.44757	-1.4597	-1.46198	-1.46125	-1.45919	-1.45418	-1.43688	-1.38895	-1.29752	-1.14904	-0.93194	-0.654574	-0.313099	0.0616464	0.458485	0.84569	1.19197	1.46933	1.64556	1.72502	1.6818	1.52883	1.30529	1.01365	0.680831	0.383419	0.179693	0.0704841	0.023391	0.00664586	0.00163497	0.000351855	6.68413e-05	1.12984e-05	1.71132e-06	2.33711e-07	2.89371e-08	3.26429e-09	3.3697e-10	3.19583e-11	2.79462e-12	2.26061e-13	1.69661e-14	1.1846e-15	7.71419e-17	4.69606e-18	2.67813e-19	1.43365e-20	7.21714e-22	3.42252e-23	1.53137e-24	6.47469e-26	2.59042e-27	9.81997e-29	3.53163e-30	1.20635e-31	3.91816e-33	1.21131e-34	3.56797e-36	1.00227e-37	2.68734e-39	6.88343e-41	1.68568e-42	3.94966e-44	8.86075e-46	1.9046e-47	3.92501e-49	7.7598e-51	1.47261e-52	2.68409e-54	4.70119e-56	7.91469e-58	0	
0	0.000338595	0.00162454	0.00661633	0.0233241	0.0704431	0.18014	0.385831	0.687909	1.02749	1.32371	1.54516	1.68993	1.71923	1.61613	1.4096	1.09789	0.713473	0.297617	-0.129387	-0.526207	-0.86655	-1.13301	-1.31875	-1.42863	-1.47133	-1.47553	-1.44997	-1.42129	-1.40237	-1.39678	-1.41131	-1.43962	-1.46718	-1.4759	-1.45393	-1.36952	-1.21868	-0.981057	-0.671701	-0.292551	0.124847	0.550762	0.94923	1.29663	1.54531	1.69215	1.71818	1.61425	1.4214	1.15404	0.823552	0.496895	0.24983	0.104896	0.0371296	0.0112088	0.00291917	0.000662822	0.000132451	2.34876e-05	3.72326e-06	5.31025e-07	6.8533e-08	8.04439e-09	8.62736e-10	8.48863e-11	7.69103e-12	6.43845e-13	4.9953e-14	3.60203e-15	2.42024e-16	1.51889e-17	8.92291e-19	4.9168e-20	2.5461e-21	1.24122e-22	5.70582e-24	2.47714e-25	1.01711e-26	3.95516e-28	1.45843e-29	5.10568e-31	1.69886e-32	5.37847e-34	1.62179e-35	4.6621e-37	1.27882e-38	3.35002e-40	8.38783e-42	2.00887e-43	4.60543e-45	1.01136e-46	2.12888e-48	4.29811e-50	8.32806e-52	1.54953e-53	2.77003e-55	4.75891e-57	0	
0	0.000591055	0.0027119	0.0105047	0.0351055	0.100182	0.241319	0.485839	0.814826	1.15241	1.42519	1.61747	1.71777	1.68252	1.516	1.24339	0.868022	0.44026	-0.0136533	-0.448651	-0.826113	-1.13301	-1.34177	-1.4588	-1.48745	-1.45352	-1.38033	-1.30115	-1.23957	-1.20776	-1.20184	-1.22205	-1.27349	-1.3477	-1.42806	-1.48051	-1.47953	-1.40027	-1.2277	-0.95996	-0.606734	-0.193367	0.25997	0.700786	1.10373	1.41945	1.62917	1.72082	1.67103	1.51231	1.27168	0.953423	0.610104	0.326296	0.145597	0.0546287	0.0174277	0.00478187	0.00114067	0.000238851	4.42805e-05	7.32315e-06	1.08763e-06	1.45924e-07	1.77797e-08	1.97658e-09	2.01343e-10	1.88646e-11	1.63137e-12	1.30623e-13	9.71195e-15	6.72294e-16	4.34347e-17	2.62493e-18	1.48698e-19	7.91119e-21	3.96012e-22	1.86825e-23	8.3196e-25	3.50228e-26	1.39566e-27	5.27173e-29	1.88973e-30	6.43605e-32	2.0849e-33	6.43044e-35	1.89021e-36	5.30016e-38	1.41893e-39	3.62978e-41	8.87954e-43	2.07881e-44	4.66083e-46	1.00144e-47	2.0634e-49	4.07946e-51	7.74347e-53	1.41196e-54	2.47388e-56	0	
0	0.000947375	0.00417712	0.0154716	0.0493006	0.133786	0.305704	0.583143	0.92843	1.25593	1.50438	1.6668	1.71929	1.62274	1.39887	1.06701	0.641338	0.178718	-0.290872	-0.716689	-1.0727	-1.31875	-1.4588	-1.48481	-1.4296	-1.31221	-1.1862	-1.07187	-0.992668	-0.956184	-0.949291	-0.973396	-1.036	-1.13687	-1.26097	-1.38737	-1.47001	-1.4821	-1.38633	-1.1854	-0.86849	-0.468682	-0.0098127	0.458811	0.904904	1.2792	1.54684	1.69817	1.70271	1.58017	1.36681	1.06638	0.716854	0.404314	0.190264	0.0751561	0.0251825	0.00723956	0.00180519	0.000394286	7.61001e-05	1.308e-05	2.0158e-06	2.80246e-07	3.53366e-08	4.06068e-09	4.27112e-10	4.1281e-11	3.67927e-12	3.03374e-13	2.32102e-14	1.6521e-15	1.0968e-16	6.80702e-18	3.95768e-19	2.15992e-20	1.10853e-21	5.35927e-23	2.44463e-24	1.05371e-25	4.29766e-27	1.66084e-28	6.08893e-30	2.12024e-31	7.01998e-33	2.21233e-34	6.64282e-36	1.90218e-37	5.19914e-39	1.35756e-40	3.38904e-42	8.09502e-44	1.85137e-45	4.05698e-47	8.52372e-49	1.71807e-50	3.32429e-52	6.17797e-54	1.10305e-55	0	
0	0.00140333	0.00597714	0.0212913	0.0650922	0.169095	0.369218	0.672699	1.02573	1.33919	1.56446	1.69627	1.70031	1.54973	1.27704	0.893534	0.430061	-0.0539475	-0.530148	-0.933702	-1.24274	-1.42863	-1.48745	-1.4296	-1.28904	-1.11097	-0.941593	-0.829143	-0.769102	-0.745809	-0.743021	-0.756797	-0.798267	-0.887618	-1.04029	-1.21921	-1.38173	-1.47718	-1.46731	-1.33359	-1.07036	-0.702636	-0.249306	0.237246	0.715006	1.13615	1.45431	1.65878	1.71479	1.62829	1.44111	1.1607	0.812581	0.479291	0.236024	0.0974526	0.0340711	0.0102006	0.00264399	0.000599291	0.000119848	2.13142e-05	3.39456e-06	4.87142e-07	6.33395e-08	7.49848e-09	8.11832e-10	8.07013e-11	7.39233e-12	6.26025e-13	4.91601e-14	3.58952e-15	2.44321e-16	1.5538e-17	9.2529e-19	5.16986e-20	2.71522e-21	1.3428e-22	6.26329e-24	2.75954e-25	1.1501e-26	4.5402e-28	1.69983e-29	6.04286e-31	2.04207e-32	6.56675e-34	2.01148e-35	5.8746e-37	1.6373e-38	4.35848e-40	1.10905e-41	2.69966e-43	6.2911e-45	1.40445e-46	3.00563e-48	6.17004e-50	1.2157e-51	2.30036e-53	4.18127e-55	0	
0	0.00193232	0.00799377	0.0275502	0.0813302	0.203651	0.428071	0.750913	1.10582	1.40429	1.60797	1.70924	1.66924	1.47496	1.15962	0.733432	0.245135	-0.253851	-0.721063	-1.09762	-1.36054	-1.47133	-1.45352	-1.31221	-1.11097	-0.903169	-0.74905	-0.6768	-0.650767	-0.638888	-0.636091	-0.645589	-0.663716	-0.711173	-0.832933	-1.02507	-1.2353	-1.40927	-1.47846	-1.42321	-1.21765	-0.885335	-0.446848	0.0437514	0.541535	1.0008	1.36096	1.61027	1.71305	1.66076	1.4973	1.23642	0.89434	0.547292	0.279873	0.119916	0.0434476	0.0134605	0.00360526	0.000843302	0.000173832	3.18317e-05	5.21491e-06	7.69157e-07	1.02704e-07	1.24775e-08	1.3854e-09	1.41149e-10	1.32442e-11	1.1483e-12	9.22749e-14	6.89156e-15	4.79586e-16	3.11712e-17	1.89639e-18	1.08209e-19	5.80208e-21	2.92851e-22	1.39369e-23	6.26335e-25	2.66192e-26	1.07132e-27	4.08816e-29	1.48097e-30	5.09875e-32	1.67011e-33	5.20988e-35	1.54928e-36	4.39586e-38	1.19109e-39	3.08451e-41	7.64026e-43	1.81146e-44	4.11392e-46	8.95527e-48	1.86971e-49	3.74634e-51	7.20824e-53	1.33213e-54	0	
0	0.00248586	0.0100436	0.0336984	0.0966926	0.235019	0.479126	0.815559	1.16892	1.45323	1.63749	1.71128	1.6353	1.40549	1.05305	0.595566	0.0902993	-0.415865	-0.867248	-1.21232	-1.42089	-1.47553	-1.38033	-1.1862	-0.941593	-0.74905	-0.640561	-0.634202	-0.659187	-0.633735	-0.622833	-0.655298	-0.646835	-0.626506	-0.694892	-0.854054	-1.08917	-1.31241	-1.45244	-1.46291	-1.31253	-1.02061	-0.60598	-0.11408	0.395559	0.882928	1.27578	1.55951	1.70224	1.68136	1.53849	1.29471	0.960584	0.605248	0.31901	0.140818	0.0525112	0.016725	0.00460038	0.00110399	0.00023327	4.37515e-05	7.33639e-06	1.10683e-06	1.51089e-07	1.87555e-08	2.12678e-09	2.21199e-10	2.11791e-11	1.87306e-12	1.53475e-13	1.16839e-14	8.28544e-16	5.48599e-17	3.39907e-18	1.97477e-19	1.07782e-20	5.53632e-22	2.68075e-23	1.22552e-24	5.29725e-26	2.16786e-27	8.41054e-29	3.09707e-30	1.0837e-31	3.60717e-33	1.14331e-34	3.454e-36	9.95491e-38	2.7396e-39	7.20494e-41	1.8122e-42	4.36254e-44	1.00586e-45	2.22276e-47	4.71069e-49	9.58035e-51	1.87084e-52	3.50878e-54	0	
0	0.00300011	0.0119046	0.0391308	0.109866	0.261049	0.520007	0.865395	1.21572	1.48798	1.65638	1.70818	1.60398	1.3449	0.9647	0.488257	-0.0294644	-0.536253	-0.970531	-1.2897	-1.44757	-1.44997	-1.30115	-1.07187	-0.829143	-0.6768	-0.634202	-0.652061	-0.661624	-0.623313	-0.609406	-0.650552	-0.660999	-0.636257	-0.651274	-0.751443	-0.972186	-1.21416	-1.40593	-1.46748	-1.3724	-1.11459	-0.723167	-0.233636	0.278707	0.785518	1.20688	1.51557	1.6876	1.69286	1.56724	1.33722	1.01082	0.650993	0.351061	0.158512	0.0604187	0.0196535	0.00551673	0.00135009	0.000290737	5.55449e-05	9.48276e-06	1.45596e-06	2.02187e-07	2.55237e-08	2.94236e-09	3.11015e-10	3.0256e-11	2.71796e-12	2.26159e-13	1.74801e-14	1.25822e-15	8.45455e-17	5.315e-18	3.13245e-19	1.73405e-20	9.03253e-22	4.43451e-23	2.05517e-24	9.00423e-26	3.73455e-27	1.4682e-28	5.47786e-30	1.94185e-31	6.54742e-33	2.10194e-34	6.4311e-36	1.87701e-37	5.23052e-39	1.39277e-40	3.5466e-42	8.64309e-44	2.01725e-45	4.51214e-47	9.67868e-49	1.99218e-50	3.93712e-52	7.47256e-54	0	
0	0.00340746	0.0133541	0.0432781	0.119704	0.280029	0.549046	0.89982	1.24714	1.51057	1.6676	1.7034	1.5787	1.30014	0.903262	0.411734	-0.11458	-0.615252	-1.03845	-1.3312	-1.4597	-1.42129	-1.23957	-0.992668	-0.769102	-0.650767	-0.659187	-0.661624	-0.634371	-0.585977	-0.572595	-0.615817	-0.652394	-0.665306	-0.647815	-0.702165	-0.899379	-1.13977	-1.36633	-1.4604	-1.40702	-1.17036	-0.800213	-0.318563	0.200328	0.716016	1.15486	1.48253	1.67492	1.69856	1.58551	1.3654	1.04512	0.683144	0.374204	0.171604	0.0663998	0.0219142	0.00623772	0.00154727	0.00033759	6.53239e-05	1.12921e-05	1.75503e-06	2.46652e-07	3.1505e-08	3.67407e-09	3.92799e-10	3.86419e-11	3.50976e-12	2.95231e-13	2.30642e-14	1.67777e-15	1.13915e-16	7.23511e-18	4.30744e-19	2.40841e-20	1.26693e-21	6.28075e-23	2.93887e-24	1.29986e-25	5.44193e-27	2.15931e-28	8.13039e-30	2.90831e-31	9.89411e-33	3.20453e-34	9.89074e-36	2.91186e-37	8.18408e-39	2.19781e-40	5.64382e-42	1.38691e-43	3.26382e-45	7.36044e-47	1.59171e-48	3.30275e-50	6.57955e-52	1.25872e-53	0	
0	0.00365008	0.0142083	0.0456912	0.12535	0.290755	0.565188	0.918622	1.264	1.52243	1.67303	1.69973	1.56393	1.27504	0.868369	0.369302	-0.159711	-0.659751	-1.0737	-1.3503	-1.46198	-1.40237	-1.20776	-0.956184	-0.745809	-0.638888	-0.633735	-0.623313	-0.585977	-0.569927	-0.572123	-0.578484	-0.605836	-0.635222	-0.630083	-0.686848	-0.864367	-1.10562	-1.3392	-1.45506	-1.4178	-1.20004	-0.840931	-0.363839	0.156073	0.677357	1.1256	1.46333	1.66698	1.70095	1.59495	1.38039	1.06371	0.700897	0.387202	0.17907	0.0698584	0.0232382	0.00666505	0.00166548	0.000365986	7.1314e-05	1.24119e-05	1.94204e-06	2.74735e-07	3.53201e-08	4.14533e-09	4.45975e-10	4.41457e-11	4.0342e-12	3.41393e-13	2.6829e-14	1.96305e-15	1.34053e-16	8.56251e-18	5.12619e-19	2.88196e-20	1.52424e-21	7.59654e-23	3.57315e-24	1.58853e-25	6.68412e-27	2.66539e-28	1.0085e-29	3.62483e-31	1.23899e-32	4.03153e-34	1.25e-35	3.69654e-37	1.04353e-38	2.81452e-40	7.25828e-42	1.79112e-43	4.2324e-45	9.58338e-47	2.08067e-48	4.33424e-50	8.66768e-52	1.66448e-53	0	
0	0.00369206	0.0143554	0.0461046	0.126312	0.29257	0.567899	0.921756	1.26679	1.52437	1.67387	1.69906	1.56159	1.27078	0.861685	0.362099	-0.165927	-0.6671	-1.07963	-1.35463	-1.46125	-1.39678	-1.20184	-0.949291	-0.743021	-0.636091	-0.622833	-0.609406	-0.572595	-0.572123	-0.577444	-0.5678	-0.592294	-0.622775	-0.624224	-0.686555	-0.858472	-1.1009	-1.33251	-1.4539	-1.41945	-1.20783	-0.847835	-0.371148	0.148077	0.671807	1.1212	1.45974	1.66541	1.70133	1.59652	1.38287	1.06681	0.70387	0.38939	0.180333	0.070446	0.023464	0.00673824	0.0016858	0.000370886	7.23515e-05	1.26066e-05	1.97468e-06	2.79655e-07	3.5991e-08	4.22854e-09	4.55402e-10	4.51252e-11	4.1279e-12	3.49673e-13	2.75069e-14	2.01462e-15	1.37707e-16	8.8042e-18	5.27579e-19	2.96878e-20	1.57158e-21	7.83937e-23	3.69057e-24	1.64213e-25	6.91544e-27	2.75989e-28	1.04509e-29	3.75932e-31	1.28596e-32	4.18749e-34	1.29932e-35	3.84518e-37	1.08626e-38	2.9318e-40	7.56587e-42	1.86826e-43	4.41757e-45	1.0009e-46	2.17444e-48	4.53233e-50	9.06925e-52	1.74261e-53	0	
0	0.0035271	0.013776	0.0444724	0.122505	0.285363	0.557093	0.909215	1.25559	1.51657	1.67043	1.70157	1.57109	1.28765	0.886594	0.390858	-0.137151	-0.636951	-1.05881	-1.34273	-1.45919	-1.41131	-1.22205	-0.973396	-0.756797	-0.645589	-0.655298	-0.650552	-0.615817	-0.578484	-0.5678	-0.600276	-0.638338	-0.65921	-0.643124	-0.692271	-0.882424	-1.12005	-1.35296	-1.45512	-1.41349	-1.18721	-0.821764	-0.34053	0.179937	0.696535	1.13957	1.47303	1.67123	1.69986	1.59026	1.37295	1.05445	0.692004	0.380659	0.175295	0.0681032	0.0225639	0.00644675	0.00160492	0.000351398	6.82288e-05	1.18338e-05	1.84528e-06	2.60174e-07	3.33379e-08	3.90003e-09	4.18246e-10	4.12708e-11	3.75982e-12	3.17206e-13	2.48535e-14	1.81315e-15	1.23458e-16	7.8633e-18	4.69441e-19	2.63196e-20	1.38826e-21	6.90049e-23	3.23731e-24	1.43555e-25	6.02527e-27	2.39676e-28	9.0467e-30	3.24394e-31	1.10623e-32	3.59134e-34	1.11104e-35	3.2784e-37	9.23504e-39	2.48554e-40	6.39666e-42	1.5753e-43	3.71503e-45	8.39551e-47	1.81929e-48	3.78264e-50	7.55066e-52	1.44736e-53	0	
0	0.00317983	0.0125464	0.0409748	0.114262	0.269573	0.533121	0.881029	1.23008	1.4984	1.66171	1.70624	1.59264	1.32473	0.937092	0.454275	-0.067338	-0.573242	-1.003	-1.30813	-1.45418	-1.43962	-1.27349	-1.036	-0.798267	-0.663716	-0.646835	-0.660999	-0.652394	-0.605836	-0.592294	-0.638338	-0.660073	-0.652515	-0.648647	-0.725721	-0.938172	-1.18114	-1.38957	-1.46656	-1.38771	-1.14051	-0.759858	-0.27219	0.243538	0.754303	1.18364	1.50086	1.68212	1.69569	1.57573	1.35018	1.02647	0.66554	0.361449	0.164346	0.0630663	0.0206481	0.00583213	0.00143589	0.000311019	5.97574e-05	1.02585e-05	1.58361e-06	2.21081e-07	2.80545e-08	3.25068e-09	3.45338e-10	3.37616e-11	3.04771e-12	2.54818e-13	1.97887e-14	1.43106e-15	9.66034e-17	6.1007e-18	3.6117e-19	2.00824e-20	1.05067e-21	5.18064e-23	2.41126e-24	1.06092e-25	4.41872e-27	1.74439e-28	6.53514e-30	2.32609e-31	7.87469e-33	2.53816e-34	7.79663e-36	2.28453e-37	6.39103e-39	1.70839e-40	4.3671e-42	1.06834e-43	2.50296e-45	5.61975e-47	1.20999e-48	2.49989e-50	4.95893e-52	9.44687e-54	0	
0	0.00270059	0.0108249	0.0359939	0.1023	0.246187	0.496818	0.83732	1.18954	1.4687	1.64615	1.71043	1.6221	1.37959	1.0152	0.549618	0.038018	-0.469647	-0.911896	-1.24806	-1.43688	-1.46718	-1.3477	-1.13687	-0.887618	-0.711173	-0.626506	-0.636257	-0.665306	-0.635222	-0.622775	-0.65921	-0.652515	-0.620389	-0.666497	-0.805108	-1.03576	-1.27271	-1.43368	-1.46924	-1.34181	-1.06173	-0.657884	-0.16669	0.344762	0.84146	1.24644	1.54073	1.69642	1.6869	1.55143	1.31357	0.982635	0.625098	0.332767	0.148336	0.0558399	0.0179472	0.00497968	0.00120507	0.000256697	4.85248e-05	8.19906e-06	1.2462e-06	1.71352e-07	2.14221e-08	2.44607e-09	2.56142e-10	2.46889e-11	2.19779e-12	1.81246e-13	1.38856e-14	9.90822e-16	6.60079e-17	4.11455e-18	2.4047e-19	1.3202e-20	6.82067e-22	3.32155e-23	1.52706e-24	6.63748e-26	2.73134e-27	1.06544e-28	3.94452e-30	1.3876e-31	4.64309e-33	1.47934e-34	4.49229e-36	1.30138e-37	3.5996e-39	9.51431e-41	2.405e-42	5.81823e-44	1.34808e-45	2.9935e-47	6.37478e-49	1.30269e-50	2.55599e-52	4.81645e-54	0	
0	0.00215469	0.00882324	0.0300599	0.0876621	0.216719	0.449592	0.778502	1.13307	1.42567	1.62121	1.71095	1.65563	1.44659	1.11552	0.674672	0.179216	-0.323219	-0.785824	-1.14897	-1.38895	-1.4759	-1.42806	-1.26097	-1.04029	-0.832933	-0.694892	-0.651274	-0.647815	-0.630083	-0.624224	-0.643124	-0.648647	-0.666497	-0.768399	-0.950975	-1.17632	-1.37219	-1.47251	-1.44192	-1.26075	-0.945912	-0.515047	-0.0244497	0.479983	0.952123	1.32532	1.58941	1.70955	1.67038	1.51549	1.26179	0.922774	0.571808	0.2962	0.128523	0.0471356	0.0147739	0.00400136	0.000946007	0.000197018	3.6437e-05	6.02691e-06	8.97224e-07	1.20891e-07	1.48166e-08	1.65925e-09	1.70467e-10	1.61259e-11	1.40933e-12	1.14137e-13	8.58962e-15	6.0224e-16	3.94313e-17	2.41623e-18	1.38849e-19	7.49675e-21	3.80974e-22	1.82526e-23	8.25712e-25	3.53211e-26	1.43064e-27	5.49379e-29	2.00254e-30	6.93667e-32	2.28585e-33	7.17315e-35	2.14564e-36	6.12327e-38	1.66864e-39	4.34565e-41	1.08242e-42	2.58053e-44	5.89248e-46	1.28961e-47	2.70685e-49	5.45235e-51	1.05455e-52	1.95896e-54	0	
0	0.00160901	0.00676855	0.0237745	0.0716128	0.183158	0.393525	0.705521	1.05986	1.36727	1.58361	1.70307	1.68881	1.51961	1.22945	0.827954	0.352173	-0.13941	-0.611513	-1.00407	-1.29752	-1.45393	-1.48051	-1.38737	-1.21921	-1.02507	-0.854054	-0.751443	-0.702165	-0.686848	-0.686555	-0.692271	-0.725721	-0.805108	-0.950975	-1.14268	-1.32588	-1.45687	-1.4787	-1.3781	-1.13459	-0.78024	-0.333827	0.155505	0.642754	1.08052	1.41673	1.64019	1.71554	1.64299	1.46565	1.19324	0.847103	0.5075	0.25391	0.106473	0.037781	0.0114724	0.00301405	0.000692026	0.000140111	2.52143e-05	4.06166e-06	5.89305e-07	7.74391e-08	9.26213e-09	1.01278e-09	1.01652e-10	9.39903e-12	8.03244e-13	6.36382e-14	4.68697e-15	3.21717e-16	2.0629e-17	1.23836e-18	6.9736e-20	3.69077e-21	1.83902e-22	8.64113e-24	3.83473e-25	1.60953e-26	6.39807e-28	2.41175e-29	8.63111e-31	2.9359e-32	9.50208e-34	2.9291e-35	8.60796e-37	2.41385e-38	6.46452e-40	1.65474e-41	4.05161e-43	9.49616e-45	2.13204e-46	4.58835e-48	9.47128e-50	1.87635e-51	3.56962e-53	6.52292e-55	0	
0	0.0011193	0.00486359	0.0177204	0.0554915	0.14785	0.331452	0.620153	0.96943	1.29156	1.53043	1.6806	1.71376	1.59493	1.35038	0.996087	0.553915	0.0824838	-0.391577	-0.81138	-1.14904	-1.36952	-1.47953	-1.47001	-1.38173	-1.2353	-1.08917	-0.972186	-0.899379	-0.864367	-0.858472	-0.882424	-0.938172	-1.03576	-1.17632	-1.32588	-1.4437	-1.48799	-1.4278	-1.2512	-0.958386	-0.568542	-0.109036	0.366475	0.827039	1.22235	1.51085	1.68394	1.70957	1.60164	1.39897	1.10644	0.756688	0.434876	0.208551	0.0839019	0.028608	0.00836164	0.00211798	0.000469554	9.19224e-05	1.60148e-05	2.50026e-06	3.51937e-07	4.49083e-08	5.22011e-09	5.55162e-10	5.42324e-11	4.88368e-12	4.06719e-13	3.14189e-14	2.25745e-15	1.51239e-16	9.46963e-18	5.55333e-19	3.05624e-20	1.58139e-21	7.70645e-23	3.5427e-24	1.53862e-25	6.32211e-27	2.46094e-28	9.08642e-30	3.18602e-31	1.06206e-32	3.36941e-34	1.01834e-35	2.93477e-37	8.07206e-39	2.12076e-40	5.32655e-42	1.2799e-43	2.94442e-45	6.48957e-47	1.37123e-48	2.7794e-50	5.40758e-52	1.01044e-53	1.81378e-55	0	
0	0.000721347	0.00325489	0.012374	0.0405383	0.113282	0.266933	0.525419	0.862115	1.19637	1.4593	1.63966	1.72115	1.6609	1.47082	1.17374	0.775935	0.332224	-0.129145	-0.560674	-0.93194	-1.21868	-1.40027	-1.4821	-1.47718	-1.40927	-1.31241	-1.21416	-1.13977	-1.10562	-1.1009	-1.12005	-1.18114	-1.27271	-1.37219	-1.45687	-1.48799	-1.44596	-1.30204	-1.05992	-0.715848	-0.308244	0.148134	0.602423	1.02384	1.36446	1.59829	1.71444	1.68648	1.54211	1.31244	1.00084	0.653884	0.35754	0.16308	0.0624905	0.0203371	0.00568595	0.00138055	0.000293949	5.5363e-05	9.29423e-06	1.40018e-06	1.90428e-07	2.35051e-08	2.64572e-09	2.72733e-10	2.58473e-11	2.25996e-12	1.82883e-13	1.37374e-14	9.60397e-16	6.26444e-17	3.82107e-18	2.1841e-19	1.17218e-20	5.91745e-22	2.81472e-23	1.26352e-24	5.36066e-26	2.15253e-27	8.19113e-29	2.95757e-30	1.01444e-31	3.30899e-33	1.02752e-34	3.04043e-36	8.58092e-38	2.31189e-39	5.95108e-41	1.46475e-42	3.44985e-44	7.78059e-46	1.6815e-47	3.48446e-49	6.92779e-51	1.3223e-52	2.42429e-54	4.27043e-56	0	
0	0.000427994	0.00201556	0.0080395	0.0277196	0.0817729	0.203988	0.425807	0.740002	1.08002	1.3671	1.57694	1.70471	1.70823	1.57862	1.34467	1.00626	0.603917	0.171551	-0.263319	-0.654574	-0.981057	-1.2277	-1.38633	-1.46731	-1.47846	-1.45244	-1.40593	-1.36633	-1.3392	-1.33251	-1.35296	-1.38957	-1.43368	-1.47251	-1.4787	-1.4278	-1.30204	-1.09007	-0.794293	-0.426368	-0.00608982	0.43445	0.848964	1.22044	1.498	1.67037	1.72287	1.64025	1.46074	1.20394	0.877394	0.542588	0.279863	0.120469	0.0436603	0.0134755	0.00358299	0.000829485	0.000168799	3.045e-05	4.90551e-06	7.10409e-07	9.30217e-08	1.10703e-08	1.20294e-09	1.19852e-10	1.09901e-11	9.30661e-13	7.30075e-14	5.32065e-15	3.61176e-16	2.28914e-17	1.35766e-18	7.55042e-20	3.94494e-21	1.93987e-22	8.99265e-24	3.93606e-25	1.62902e-26	6.38372e-28	2.37171e-29	8.36399e-31	2.80301e-32	8.93637e-34	2.71309e-35	7.8515e-37	2.1678e-38	5.71532e-40	1.44003e-41	3.47015e-43	8.00373e-45	1.76811e-46	3.7436e-48	7.60167e-50	1.48126e-51	2.77143e-53	4.98159e-55	8.60472e-57	0	
