0	0	0	0	0	0	0	0	0	0	0	0	0	0	0	0	0	0	0	0	0	0	0	0	0	0	0	0	0	0	0	0	0	0	0	0	0	0	0	0	0	0	0	0	0	0	0	0	0	0	0	0	0	0	0	0	0	0	0	0	0	0	0	0	0	0	0	0	0	0	0	0	0	0	0	0	0	0	0	0	0	0	0	0	0	0	0	0	0	0	0	0	0	0	0	0	0	0	0	0	
0	-0.00596298	0.00321969	6.1734e-05	-0.00157115	-0.0016358	-0.0031395	-0.00240855	0.00678949	-0.000184479	-0.00431908	0.00843523	0.000361011	-0.00456838	-0.000973909	0.00094559	-0.00245356	-0.00679938	-0.00433039	0.00283137	-0.00574853	-0.0049628	-0.0101154	0.00556938	-0.000788564	-0.00697232	-0.010616	-0.00413071	0.00219966	0.00335388	-0.00324688	-0.0193544	-0.0177089	-0.00848867	0.00887479	0.00604933	0.00432032	-0.0199495	-0.0455553	-0.0740341	-0.0812493	-0.0685757	-0.0492221	-0.0142523	0.0287804	0.0771954	0.123462	0.14069	0.155217	0.149861	0.138593	0.116324	0.0698441	0.0152688	-0.0359857	-0.0793554	-0.0987092	-0.0914991	-0.0832033	-0.059759	-0.0367418	-0.0268531	-0.0150791	-0.011997	-0.00533766	0.00343257	0.000602938	-0.00188803	0.000695854	0.00460167	0.000853781	-0.00350641	0.00347683	0.003697	-0.0050187	-0.00595366	-0.00660813	-0.0164182	-0.0332928	-0.0519211	-0.0652592	-0.0798507	-0.0977846	-0.0947097	-0.0584106	-0.00688157	0.0445324	0.08895	0.119761	0.142085	0.162844	0.169849	0.148172	0.103007	0.0503915	0.00465157	-0.0209836	-0.0221748	-0.0108755	0	
0	0.00321969	0.00268269	-0.00253211	0.00177912	0.000329591	0.0021567	-0.00411412	-0.00108188	-0.000540375	-0.00984276	0.000292121	-0.00111624	-0.00575589	-0.00201651	0.00680363	-0.00264429	-0.00444107	-0.000562982	0.00741121	-0.000502916	-0.00765846	-0.00916923	0.0106377	0.00214552	-0.0108606	-0.0176368	-0.00485364	0.00327649	0.00785996	-0.00917883	-0.0332335	-0.0345085	-0.0111653	0.0148166	0.0159924	0.00603103	-0.0363243	-0.0877286	-0.141046	-0.151029	-0.1308	-0.0859932	-0.0212983	0.0645779	0.160414	0.241549	0.28182	0.300577	0.291195	0.268859	0.221086	0.132757	0.0336529	-0.0712087	-0.149089	-0.182529	-0.185144	-0.163205	-0.120206	-0.0869312	-0.0599634	-0.025907	-0.011679	-0.0082957	-0.00251406	0.00113812	0.00078936	-0.000925477	0.0055385	0.00382207	-0.00268533	0.00537577	0.003543	-0.00904394	-0.00953298	-0.013779	-0.0346735	-0.0664073	-0.101517	-0.129821	-0.160517	-0.193325	-0.185288	-0.115855	-0.0161576	0.0856505	0.174747	0.238114	0.284073	0.323749	0.335331	0.292938	0.206073	0.10409	0.0148136	-0.0359225	-0.0400206	-0.019965	0	
0	6.1734e-05	-0.00253211	-0.00929792	0.00407106	0.00248231	-0.00293306	0.00191001	-0.00154543	-0.0016857	-0.00391433	0.0044221	0.000179629	-0.0108585	-0.00226357	0.00333178	-0.00724676	-0.0102885	-0.00310169	4.41614e-05	-0.00337385	-0.0169068	-0.00985819	0.0051273	0.000380416	-0.0189313	-0.0217558	-0.00876222	0.00320187	0.00599519	-0.0168104	-0.0455687	-0.0472034	-0.0136602	0.0148926	0.0207871	-0.00393432	-0.0588433	-0.139697	-0.207097	-0.224812	-0.19361	-0.125981	-0.0296853	0.0989209	0.24097	0.355154	0.424058	0.447043	0.438352	0.404747	0.324462	0.198801	0.0448926	-0.110832	-0.222609	-0.276555	-0.277715	-0.240185	-0.178834	-0.124964	-0.0810508	-0.0390668	-0.0238512	-0.0167026	-0.00309549	0.00129014	0.0012287	0.00435359	0.00761047	0.000589274	-0.00236976	0.0086208	0.00397138	-0.0112933	-0.0140654	-0.0235582	-0.0533947	-0.0975711	-0.148214	-0.194111	-0.241755	-0.283847	-0.268451	-0.17176	-0.0297411	0.120493	0.254614	0.353542	0.425181	0.480412	0.492574	0.431511	0.30933	0.164124	0.0356578	-0.0391733	-0.0495952	-0.0256949	0	
0	-0.00157115	0.00177912	0.00407106	-2.68617e-05	-0.00612318	-0.00737784	-0.000971872	0.00227066	-0.000760237	-0.00188295	-0.00155373	-0.00228652	-0.00394745	-0.00200937	-0.00236796	-0.00751532	-0.0083486	-0.00347345	-0.00385774	-0.0064894	-0.015792	-0.00919299	0.00121791	-0.00484086	-0.0213053	-0.0224611	-0.0109287	0.00103297	-0.000899409	-0.0251061	-0.0544692	-0.0516698	-0.0170295	0.0142905	0.0170479	-0.0172747	-0.0888347	-0.187734	-0.265532	-0.286433	-0.243959	-0.154176	-0.0254223	0.144674	0.322325	0.470874	0.558386	0.588135	0.579032	0.524681	0.417611	0.252219	0.0476066	-0.147382	-0.289814	-0.363507	-0.359372	-0.307274	-0.238717	-0.163879	-0.103518	-0.0652928	-0.0385105	-0.0129096	0.00104879	0.000573332	0.000673406	0.00239311	0.00496264	0.00605215	0.00437062	0.00453093	-4.18495e-05	-0.00879015	-0.0170419	-0.0364426	-0.0735815	-0.126736	-0.191501	-0.257676	-0.322248	-0.367026	-0.342362	-0.225743	-0.0485988	0.147114	0.326397	0.464266	0.56341	0.629986	0.638644	0.562183	0.413029	0.233014	0.0716576	-0.0259261	-0.0476785	-0.0268367	0	
0	-0.0016358	0.000329591	0.00248231	-0.00612318	0.000649539	0.00405825	-0.00243712	-0.00491934	-0.00721099	-0.00103425	-0.00720674	-0.00501193	-0.000448213	-0.00516376	-0.00495453	-0.00307635	-0.00360738	-0.0035583	-0.00658436	-0.00677102	-0.0102246	-0.00751032	-0.00501942	-0.0117737	-0.0196726	-0.0212105	-0.0124425	-0.00550842	-0.0120314	-0.0346491	-0.0574255	-0.0503505	-0.0199522	0.00903388	0.00560985	-0.0383947	-0.124622	-0.232524	-0.314298	-0.33393	-0.28089	-0.168362	-0.00728623	0.198689	0.406515	0.580954	0.68578	0.720218	0.708168	0.63149	0.496545	0.294	0.0486822	-0.179405	-0.348961	-0.43674	-0.436778	-0.377438	-0.298833	-0.207639	-0.130265	-0.0801566	-0.0378437	-0.0142625	-0.0107648	-0.00414869	0.00623948	0.00716763	0.00407585	0.00681193	0.00695476	0.00205115	-0.000767524	-0.00656339	-0.0224008	-0.050256	-0.093443	-0.154463	-0.2325	-0.319957	-0.399359	-0.440912	-0.406776	-0.277596	-0.0725443	0.164794	0.388715	0.568006	0.695272	0.769193	0.771876	0.684537	0.517572	0.312625	0.126198	0.00732653	-0.0320128	-0.0225109	0	
0	-0.0031395	0.0021567	-0.00293306	-0.00737784	0.00405825	0.00190526	-0.00454104	-0.00593021	-0.00122926	0.00170526	-0.00851863	-0.00461901	-0.00153526	-0.00749287	-0.0113397	-0.00443413	-0.00575554	-0.00944037	-0.0138372	-0.0100846	-0.00871588	-0.00734532	-0.0179566	-0.0160984	-0.0183786	-0.0160603	-0.0157629	-0.0140296	-0.0251942	-0.0421984	-0.0518038	-0.0456522	-0.0208478	-0.00514247	-0.0126749	-0.0733198	-0.165524	-0.279234	-0.355717	-0.373461	-0.308821	-0.174965	0.0198873	0.252743	0.491088	0.682334	0.807662	0.850323	0.828547	0.735944	0.56487	0.326266	0.0453461	-0.215479	-0.410592	-0.506352	-0.507812	-0.444065	-0.346862	-0.242035	-0.158947	-0.0965354	-0.0449253	-0.0240496	-0.0153014	0.000417569	0.009159	0.00668354	0.00250152	0.00832371	0.0102036	0.000825406	-0.00122387	-0.00583238	-0.029238	-0.0643845	-0.112413	-0.180749	-0.272689	-0.38035	-0.469743	-0.504305	-0.46281	-0.327011	-0.100151	0.174134	0.440827	0.661729	0.815963	0.894758	0.89199	0.799329	0.623522	0.404102	0.201173	0.0623303	-0.00142844	-0.0120763	0	
0	-0.00240855	-0.00411412	0.00191001	-0.000971872	-0.00243712	-0.00454104	-0.00748668	-0.000437479	0.00441186	-0.00168096	-0.0137282	-0.00201891	0.000984338	-0.0112301	-0.0131808	-0.00515869	-0.00395417	-0.0148723	-0.0162482	-0.0122639	-0.00363967	-0.0122557	-0.0274808	-0.0209471	-0.0135862	-0.0146843	-0.0205043	-0.0285171	-0.0396856	-0.0477776	-0.043267	-0.0394345	-0.0281071	-0.0250433	-0.0456965	-0.114724	-0.213953	-0.317913	-0.387452	-0.395972	-0.319188	-0.163228	0.0625306	0.317712	0.575299	0.782455	0.919965	0.969272	0.936633	0.818542	0.617777	0.344026	0.0360399	-0.248257	-0.462133	-0.56609	-0.572699	-0.50058	-0.392996	-0.279721	-0.181516	-0.113837	-0.0629463	-0.0316574	-0.0102286	0.00515357	0.00604397	0.00185434	0.00377345	0.0150341	0.0123676	-0.00345052	-0.00192393	-0.00493231	-0.0364075	-0.0784398	-0.130588	-0.206919	-0.313265	-0.436627	-0.530227	-0.557857	-0.512357	-0.372911	-0.128824	0.176761	0.482245	0.741606	0.920059	1.00402	0.999904	0.908103	0.731579	0.507831	0.296611	0.138711	0.0441413	0.00502157	0	
0	0.00678949	-0.00108188	-0.00154543	0.00227066	-0.00491934	-0.00593021	-0.000437479	-0.00364643	-0.00865688	-0.00912658	-0.00732954	0.000810096	-0.00317032	-0.0135371	-0.00631627	-0.00124455	-0.00540744	-0.0153808	-0.0169877	-0.00901573	-0.00320665	-0.0198855	-0.0338931	-0.0234262	-0.0101195	-0.0172922	-0.0294478	-0.0453979	-0.0539908	-0.0485264	-0.0348851	-0.0348269	-0.0421739	-0.0532385	-0.0897408	-0.163994	-0.261736	-0.34895	-0.404776	-0.399815	-0.309752	-0.128868	0.118907	0.393981	0.659942	0.878705	1.025	1.07424	1.02744	0.88171	0.648034	0.347995	0.0212177	-0.280603	-0.499224	-0.612508	-0.625209	-0.54918	-0.440554	-0.322966	-0.210937	-0.12754	-0.0698784	-0.0344565	-0.0107355	-0.0014919	-0.000504548	0.0083735	0.0137412	0.0121108	0.00556976	3.7707e-05	0.00286825	-0.0100994	-0.0466505	-0.0890955	-0.146991	-0.23536	-0.354585	-0.485757	-0.579335	-0.603741	-0.556784	-0.413258	-0.155367	0.174775	0.512317	0.803359	1.00262	1.09548	1.09724	1.01264	0.842505	0.623376	0.410426	0.233843	0.103721	0.0293203	0	
0	-0.000184479	-0.000540375	-0.0016857	-0.000760237	-0.00721099	-0.00122926	0.00441186	-0.00865688	-0.00789858	-0.00402949	-0.0023572	-0.0100199	-0.0124129	-0.0100314	-0.00779064	-0.00914438	-0.0135893	-0.0166842	-0.0156608	-0.00843819	-0.00891577	-0.0249155	-0.0336882	-0.0184697	-0.00883919	-0.0176921	-0.0383784	-0.0556165	-0.0590283	-0.0402804	-0.0225918	-0.0324498	-0.0570041	-0.088793	-0.13807	-0.217245	-0.303532	-0.37094	-0.409616	-0.388065	-0.284503	-0.0819021	0.181921	0.466504	0.73797	0.963198	1.11465	1.16671	1.09904	0.93223	0.668288	0.346382	0.00695335	-0.306161	-0.534813	-0.656456	-0.669961	-0.5991	-0.481006	-0.352427	-0.237151	-0.146756	-0.0826431	-0.0376026	-0.0138025	-0.007184	0.00353937	0.0152007	0.0110417	0.00573507	0.00912121	0.00881431	-2.80562e-05	-0.0203616	-0.052411	-0.0965852	-0.165737	-0.26659	-0.3938	-0.525754	-0.618539	-0.644439	-0.595889	-0.445377	-0.176702	0.170064	0.529936	0.84309	1.0605	1.1691	1.18565	1.11441	0.956924	0.749318	0.538403	0.343052	0.175371	0.0612178	0	
0	-0.00431908	-0.00984276	-0.00391433	-0.00188295	-0.00103425	0.00170526	-0.00168096	-0.00912658	-0.00402949	-0.00111011	-0.00436922	-0.013367	-0.0130809	-0.00373869	-0.0128135	-0.015433	-0.0168802	-0.0164744	-0.013652	-0.01551	-0.0194278	-0.0304513	-0.030605	-0.0193122	-0.0158911	-0.0268082	-0.052044	-0.0660593	-0.0615033	-0.0335963	-0.0208886	-0.0408301	-0.0857233	-0.135473	-0.198948	-0.27327	-0.341867	-0.38549	-0.400235	-0.361586	-0.236335	-0.0196704	0.256988	0.544389	0.815457	1.04475	1.19567	1.24123	1.15464	0.959549	0.671503	0.336472	-0.0136409	-0.325523	-0.56107	-0.690263	-0.707944	-0.64255	-0.518807	-0.385466	-0.257861	-0.158704	-0.0963762	-0.0477899	-0.0213646	-0.00657916	0.00972554	0.0143923	0.00856824	0.0074286	0.0140027	0.0107278	-0.00700492	-0.0264578	-0.0540415	-0.106079	-0.187989	-0.298234	-0.42827	-0.556824	-0.650938	-0.68153	-0.627921	-0.466546	-0.190573	0.163562	0.533645	0.858561	1.09335	1.22608	1.26613	1.2141	1.07492	0.882995	0.674514	0.460179	0.256233	0.100608	0	
0	0.00843523	0.000292121	0.0044221	-0.00155373	-0.00720674	-0.00851863	-0.0137282	-0.00732954	-0.0023572	-0.00436922	-0.00695155	-0.0119276	-0.00613468	0.000632373	-0.011879	-0.0173524	-0.0140361	-0.0112662	-0.0136905	-0.0231272	-0.0297422	-0.0291082	-0.0261622	-0.0251837	-0.0281546	-0.0413524	-0.0646315	-0.07265	-0.0588643	-0.0320283	-0.0293061	-0.0618413	-0.124162	-0.192257	-0.262803	-0.325851	-0.369067	-0.386756	-0.373891	-0.312055	-0.166588	0.0626441	0.341578	0.628163	0.894503	1.12072	1.26723	1.29632	1.18876	0.965017	0.657168	0.311625	-0.0371498	-0.347028	-0.580485	-0.708497	-0.733907	-0.668748	-0.547646	-0.418229	-0.288281	-0.183994	-0.108392	-0.053261	-0.022357	0.000774187	0.00843445	0.00662989	0.0102685	0.0120388	0.0164715	0.0103759	-0.0122312	-0.029652	-0.0567034	-0.118593	-0.211477	-0.327911	-0.456628	-0.581297	-0.680315	-0.714653	-0.649723	-0.474917	-0.196495	0.154851	0.522466	0.850524	1.10402	1.26837	1.33865	1.31134	1.19541	1.02022	0.811589	0.578418	0.342516	0.14636	0	
0	0.000361011	-0.00111624	0.000179629	-0.00228652	-0.00501193	-0.00461901	-0.00201891	0.000810096	-0.0100199	-0.013367	-0.0119276	-0.0173571	-0.00814469	-0.00757633	-0.0210498	-0.0220255	-0.0113199	-0.00929359	-0.0161755	-0.0301033	-0.0292119	-0.0190599	-0.0171791	-0.0297535	-0.0355285	-0.0493681	-0.0635474	-0.0641008	-0.044745	-0.0298822	-0.0399196	-0.0858734	-0.163181	-0.245911	-0.31735	-0.360381	-0.378726	-0.366731	-0.328319	-0.239492	-0.0791067	0.15303	0.426463	0.702643	0.960588	1.17757	1.31074	1.32337	1.19501	0.950989	0.637416	0.290078	-0.0491291	-0.350761	-0.586391	-0.721878	-0.755948	-0.702596	-0.585843	-0.447272	-0.312545	-0.200127	-0.116113	-0.0578819	-0.0220729	-0.00495185	-0.000733855	0.0096394	0.0178254	0.015022	0.0162694	0.005922	-0.0153211	-0.028	-0.0614395	-0.135686	-0.235068	-0.35227	-0.478494	-0.604057	-0.70943	-0.740424	-0.658024	-0.470993	-0.196174	0.142727	0.497167	0.823401	1.09788	1.29801	1.40222	1.40446	1.31539	1.15518	0.942241	0.691201	0.429473	0.195851	0	
0	-0.00456838	-0.00575589	-0.0108585	-0.00394745	-0.000448213	-0.00153526	0.000984338	-0.00317032	-0.0124129	-0.0130809	-0.00613468	-0.00814469	-0.00821701	-0.0188451	-0.0256452	-0.016237	-0.013503	-0.0169977	-0.0287658	-0.0391077	-0.0299886	-0.0174949	-0.0239343	-0.0452439	-0.053515	-0.0606854	-0.0651967	-0.0558523	-0.0437878	-0.0445531	-0.071853	-0.127697	-0.218792	-0.308321	-0.371682	-0.390471	-0.380699	-0.340012	-0.270295	-0.154794	0.0185643	0.248606	0.510693	0.777991	1.02321	1.22891	1.34243	1.33547	1.18615	0.928313	0.608945	0.266729	-0.062607	-0.358239	-0.58915	-0.733023	-0.773637	-0.727355	-0.614304	-0.471776	-0.333998	-0.211556	-0.125257	-0.0698441	-0.0311426	-0.010762	0.00209039	0.0163675	0.0217131	0.0164257	0.0100875	0.00133834	-0.00829265	-0.0260542	-0.0753669	-0.154701	-0.252565	-0.369964	-0.498906	-0.63006	-0.736012	-0.753622	-0.652509	-0.458232	-0.192538	0.126419	0.461211	0.784901	1.08167	1.3168	1.45527	1.49027	1.42938	1.2806	1.05977	0.792839	0.51149	0.244867	0	
0	-0.000973909	-0.00201651	-0.00226357	-0.00200937	-0.00516376	-0.00749287	-0.0112301	-0.0135371	-0.0100314	-0.00373869	0.000632373	-0.00757633	-0.0188451	-0.0199587	-0.0113838	-0.0112562	-0.0195928	-0.0252735	-0.0343612	-0.0375796	-0.0264396	-0.0206127	-0.0363314	-0.061453	-0.0678721	-0.0669123	-0.0593469	-0.0492995	-0.0517341	-0.0732688	-0.114793	-0.180594	-0.278196	-0.365602	-0.410941	-0.403152	-0.364472	-0.292908	-0.190862	-0.0493505	0.129662	0.352089	0.59816	0.852182	1.08191	1.26542	1.3559	1.32303	1.15729	0.89018	0.571983	0.239294	-0.0770744	-0.362297	-0.589556	-0.733751	-0.781608	-0.741363	-0.630446	-0.493248	-0.356671	-0.233647	-0.14532	-0.0801705	-0.0350669	-0.00718191	0.0122451	0.0179312	0.0162342	0.0108425	0.00760326	0.0113879	0.000211111	-0.0383097	-0.093555	-0.165044	-0.263086	-0.386788	-0.523389	-0.658293	-0.753835	-0.751964	-0.637089	-0.441309	-0.188309	0.106562	0.420995	0.74467	1.062	1.32628	1.49606	1.56392	1.52933	1.38842	1.15869	0.878698	0.582416	0.288099	0	
0	0.00094559	0.00680363	0.00333178	-0.00236796	-0.00495453	-0.0113397	-0.0131808	-0.00631627	-0.00779064	-0.0128135	-0.011879	-0.0210498	-0.0256452	-0.0113838	-0.00635761	-0.0186009	-0.0260452	-0.0266367	-0.0297799	-0.0261602	-0.0211263	-0.0255637	-0.0463413	-0.0673252	-0.0701052	-0.0591175	-0.0445649	-0.0441086	-0.0663095	-0.108475	-0.160995	-0.235317	-0.329383	-0.404973	-0.424673	-0.391742	-0.322396	-0.220969	-0.0858184	0.0724578	0.251775	0.456531	0.684516	0.917459	1.12486	1.27753	1.33804	1.28078	1.10375	0.838045	0.530741	0.217798	-0.0814577	-0.351017	-0.573336	-0.724808	-0.781886	-0.756007	-0.657747	-0.521284	-0.382541	-0.254116	-0.154309	-0.0814632	-0.0319533	-0.00434433	0.00559937	0.00842615	0.0159805	0.016744	0.0164563	0.0175302	-0.00874414	-0.0533906	-0.098768	-0.168859	-0.275664	-0.407154	-0.551176	-0.682679	-0.758434	-0.73861	-0.617646	-0.424093	-0.185282	0.0859909	0.38533	0.712189	1.0441	1.32798	1.52292	1.61894	1.6055	1.47059	1.23468	0.944882	0.636266	0.320276	0	
0	-0.00245356	-0.00264429	-0.00724676	-0.00751532	-0.00307635	-0.00443413	-0.00515869	-0.00124455	-0.00914438	-0.015433	-0.0173524	-0.0220255	-0.016237	-0.0112562	-0.0186009	-0.0310649	-0.0338399	-0.0322591	-0.0293766	-0.0247154	-0.0317379	-0.0459438	-0.0600713	-0.0742657	-0.0699615	-0.0520452	-0.0394842	-0.0564609	-0.100074	-0.1574	-0.220826	-0.296079	-0.378863	-0.430657	-0.425893	-0.366228	-0.269337	-0.13547	0.0250002	0.194464	0.365074	0.552032	0.758219	0.970484	1.14885	1.27033	1.3007	1.22514	1.04698	0.788475	0.499486	0.203648	-0.0790871	-0.33932	-0.559956	-0.718105	-0.787492	-0.769744	-0.679768	-0.543342	-0.399035	-0.265282	-0.159695	-0.0877068	-0.0406048	-0.011948	0.00225831	0.0112567	0.0218675	0.0240963	0.020421	0.0103634	-0.018885	-0.0544045	-0.0983956	-0.177384	-0.290912	-0.429837	-0.578879	-0.697031	-0.750202	-0.720313	-0.599212	-0.409088	-0.183583	0.0704671	0.363741	0.694357	1.03128	1.32359	1.53403	1.64787	1.64808	1.52003	1.28384	0.987657	0.668189	0.337619	0	
0	-0.00679938	-0.00444107	-0.0102885	-0.0083486	-0.00360738	-0.00575554	-0.00395417	-0.00540744	-0.0135893	-0.0168802	-0.0140361	-0.0113199	-0.013503	-0.0195928	-0.0260452	-0.0338399	-0.0369515	-0.0314407	-0.0248284	-0.0287394	-0.0519805	-0.0630658	-0.0677606	-0.0732684	-0.0650393	-0.0472558	-0.0479693	-0.0869417	-0.147059	-0.216694	-0.285585	-0.354637	-0.412856	-0.437049	-0.405151	-0.3213	-0.192925	-0.0309713	0.149426	0.320298	0.47883	0.645413	0.828983	1.0125	1.15893	1.24151	1.24576	1.15572	0.981763	0.73944	0.468338	0.192024	-0.0760496	-0.327828	-0.547739	-0.709441	-0.786832	-0.778014	-0.690788	-0.556315	-0.41572	-0.2806	-0.172888	-0.0988355	-0.0470261	-0.0153891	0.00428387	0.0183342	0.027719	0.0261171	0.0148904	0.00279653	-0.0166275	-0.0498526	-0.103326	-0.188196	-0.307466	-0.455367	-0.599684	-0.697224	-0.735647	-0.7044	-0.584373	-0.397124	-0.180292	0.0681449	0.363451	0.693906	1.02528	1.31474	1.52696	1.64351	1.64929	1.53105	1.30174	1.00306	0.675451	0.339034	0	
0	-0.00433039	-0.000562982	-0.00310169	-0.00347345	-0.0035583	-0.00944037	-0.0148723	-0.0153808	-0.0166842	-0.0164744	-0.0112662	-0.00929359	-0.0169977	-0.0252735	-0.0266367	-0.0322591	-0.0314407	-0.0228127	-0.0232299	-0.0448383	-0.0687811	-0.070798	-0.0663099	-0.0667489	-0.0591107	-0.0522203	-0.0751321	-0.132672	-0.204259	-0.281321	-0.349148	-0.400304	-0.426276	-0.420234	-0.363207	-0.252225	-0.0947746	0.0917052	0.280404	0.446775	0.590073	0.735214	0.89222	1.04126	1.14784	1.19384	1.17059	1.07521	0.909716	0.686508	0.437931	0.180684	-0.0708812	-0.311879	-0.52682	-0.693272	-0.778776	-0.778813	-0.704514	-0.574124	-0.431659	-0.297582	-0.187755	-0.108303	-0.0505524	-0.0119982	0.0111441	0.0209431	0.0256468	0.0233651	0.0121762	0.00465798	-0.0106215	-0.049358	-0.109449	-0.200164	-0.329416	-0.477049	-0.604658	-0.688376	-0.725067	-0.694205	-0.573012	-0.386622	-0.168737	0.0867354	0.386523	0.70976	1.02682	1.30192	1.49851	1.60089	1.60511	1.49947	1.28298	0.987076	0.657965	0.326379	0	
0	0.00283137	0.00741121	4.41614e-05	-0.00385774	-0.00658436	-0.0138372	-0.0162482	-0.0169877	-0.0156608	-0.013652	-0.0136905	-0.0161755	-0.0287658	-0.0343612	-0.0297799	-0.0293766	-0.0248284	-0.0232299	-0.0408213	-0.0617381	-0.0748661	-0.0667907	-0.05811	-0.0551526	-0.0555645	-0.0708013	-0.115207	-0.184521	-0.262186	-0.34038	-0.397639	-0.419722	-0.411785	-0.376445	-0.294816	-0.157318	0.0258134	0.224034	0.411888	0.565452	0.69128	0.811903	0.934673	1.04358	1.10824	1.11884	1.08093	0.985277	0.839888	0.641457	0.415439	0.179653	-0.0586068	-0.292383	-0.504923	-0.674796	-0.770958	-0.78014	-0.713845	-0.592382	-0.453139	-0.315039	-0.196712	-0.110402	-0.049584	-0.00999047	0.0120945	0.0194595	0.0228144	0.02193	0.014605	0.0111666	-0.00479983	-0.0500543	-0.119334	-0.219489	-0.34849	-0.481407	-0.59791	-0.684332	-0.723032	-0.687736	-0.563662	-0.372291	-0.140241	0.129321	0.4294	0.738992	1.03533	1.28303	1.44544	1.51912	1.51578	1.42235	1.22182	0.93658	0.617968	0.303462	0	
0	-0.00574853	-0.000502916	-0.00337385	-0.0064894	-0.00677102	-0.0100846	-0.0122639	-0.00901573	-0.00843819	-0.01551	-0.0231272	-0.0301033	-0.0391077	-0.0375796	-0.0261602	-0.0247154	-0.0287394	-0.0448383	-0.0617381	-0.070179	-0.0723254	-0.0623598	-0.0514223	-0.0507048	-0.0722534	-0.112265	-0.171406	-0.245457	-0.323397	-0.395215	-0.427698	-0.417877	-0.374953	-0.314218	-0.205235	-0.0436602	0.156196	0.35625	0.533313	0.672945	0.779079	0.870762	0.9558	1.01864	1.04492	1.02821	0.981417	0.898758	0.774476	0.604354	0.403501	0.185134	-0.0398691	-0.266528	-0.481384	-0.659031	-0.765299	-0.787532	-0.730446	-0.607465	-0.464409	-0.324658	-0.202316	-0.112023	-0.0493134	-0.0109889	0.00794517	0.0145854	0.0209698	0.0271929	0.0255082	0.0195618	-0.0043866	-0.0590568	-0.135849	-0.23357	-0.349153	-0.473495	-0.596761	-0.690761	-0.725066	-0.68279	-0.552676	-0.344693	-0.0891014	0.191932	0.48567	0.77823	1.04726	1.25315	1.36634	1.40198	1.38479	1.2982	1.11422	0.850517	0.558738	0.274029	0	
0	-0.0049628	-0.00765846	-0.0169068	-0.015792	-0.0102246	-0.00871588	-0.00363967	-0.00320665	-0.00891577	-0.0194278	-0.0297422	-0.0292119	-0.0299886	-0.0264396	-0.0211263	-0.0317379	-0.0519805	-0.0687811	-0.0748661	-0.0723254	-0.0727616	-0.0629359	-0.0531148	-0.0694603	-0.116994	-0.175821	-0.239998	-0.313294	-0.385951	-0.43638	-0.438769	-0.393517	-0.323085	-0.23288	-0.0996597	0.0820402	0.286443	0.477932	0.641586	0.764252	0.850001	0.908714	0.951017	0.972752	0.965333	0.934007	0.89064	0.823866	0.726836	0.58043	0.397758	0.192985	-0.0268704	-0.252318	-0.466436	-0.648126	-0.761813	-0.787105	-0.73477	-0.617595	-0.473477	-0.329212	-0.204628	-0.116782	-0.057587	-0.0198591	0.00269243	0.0168265	0.0308994	0.0407543	0.0340702	0.017157	-0.0145709	-0.0711188	-0.14274	-0.229017	-0.339326	-0.472623	-0.607065	-0.700957	-0.727852	-0.677293	-0.530576	-0.295068	-0.0178791	0.266021	0.549581	0.822512	1.05481	1.20655	1.26321	1.25639	1.21716	1.12814	0.960549	0.73077	0.482854	0.239706	0	
0	-0.0101154	-0.00916923	-0.00985819	-0.00919299	-0.00751032	-0.00734532	-0.0122557	-0.0198855	-0.0249155	-0.0304513	-0.0291082	-0.0190599	-0.0174949	-0.0206127	-0.0255637	-0.0459438	-0.0630658	-0.070798	-0.0667907	-0.0623598	-0.0629359	-0.0559732	-0.0639387	-0.105523	-0.175294	-0.240955	-0.305483	-0.373853	-0.42819	-0.448603	-0.415305	-0.342282	-0.241217	-0.124477	0.0337001	0.222939	0.422435	0.599702	0.746701	0.852641	0.910498	0.930931	0.928346	0.908307	0.877278	0.836085	0.800842	0.75392	0.678058	0.555255	0.389753	0.195262	-0.0152978	-0.235959	-0.450984	-0.633166	-0.751089	-0.783131	-0.733836	-0.617822	-0.477556	-0.3409	-0.220503	-0.130303	-0.066179	-0.0212183	0.011312	0.0313355	0.0421591	0.0441983	0.0290434	0.00667372	-0.0221556	-0.0695181	-0.132444	-0.217746	-0.338052	-0.483075	-0.620685	-0.711191	-0.730427	-0.66183	-0.485982	-0.223956	0.0637662	0.344167	0.615986	0.862751	1.04773	1.14008	1.14107	1.08941	1.01842	0.917847	0.767375	0.582042	0.390964	0.199082	0	
0	0.00556938	0.0106377	0.0051273	0.00121791	-0.00501942	-0.0179566	-0.0274808	-0.0338931	-0.0336882	-0.030605	-0.0261622	-0.0171791	-0.0239343	-0.0363314	-0.0463413	-0.0600713	-0.0677606	-0.0663099	-0.05811	-0.0514223	-0.0531148	-0.0639387	-0.096934	-0.159697	-0.235677	-0.301891	-0.361929	-0.41437	-0.438755	-0.42249	-0.36023	-0.259271	-0.131707	0.0130764	0.182401	0.368941	0.552099	0.711059	0.839651	0.920055	0.94484	0.91975	0.873369	0.820963	0.773231	0.735305	0.713547	0.687586	0.636259	0.533193	0.383334	0.202127	-0.0016025	-0.215882	-0.425359	-0.609812	-0.733274	-0.772911	-0.737016	-0.633091	-0.49692	-0.357672	-0.231065	-0.133917	-0.0610449	-0.00893747	0.022971	0.0367862	0.0402661	0.0368804	0.0211215	0.00464669	-0.01401	-0.0546683	-0.12012	-0.215521	-0.346583	-0.496778	-0.634808	-0.720934	-0.722674	-0.622857	-0.417862	-0.141894	0.147036	0.421724	0.676362	0.886185	1.01805	1.0548	1.00494	0.90582	0.795517	0.678874	0.547105	0.410894	0.282068	0.148708	0	
0	-0.000788564	0.00214552	0.000380416	-0.00484086	-0.0117737	-0.0160984	-0.0209471	-0.0234262	-0.0184697	-0.0193122	-0.0251837	-0.0297535	-0.0452439	-0.061453	-0.0673252	-0.0742657	-0.0732684	-0.0667489	-0.0551526	-0.0507048	-0.0694603	-0.105523	-0.159697	-0.226897	-0.302436	-0.36415	-0.410864	-0.433515	-0.420646	-0.372246	-0.28354	-0.157785	-0.00198124	0.158883	0.329264	0.499213	0.662801	0.801085	0.905556	0.955861	0.938311	0.87077	0.786948	0.713671	0.66491	0.637749	0.637878	0.636904	0.60874	0.527847	0.393587	0.220844	0.0239469	-0.190514	-0.405896	-0.596128	-0.730697	-0.780247	-0.748101	-0.644799	-0.506112	-0.363458	-0.230192	-0.125344	-0.0517021	-0.00392944	0.0232764	0.0315751	0.031415	0.0324329	0.0264942	0.0175344	0.00174322	-0.0417496	-0.115782	-0.22103	-0.359117	-0.51265	-0.64796	-0.718262	-0.689465	-0.558698	-0.337801	-0.0590049	0.227772	0.491481	0.717257	0.881934	0.963941	0.953624	0.856749	0.708792	0.558549	0.427789	0.315162	0.224745	0.155646	0.0857396	0	
0	-0.00697232	-0.0108606	-0.0189313	-0.0213053	-0.0196726	-0.0183786	-0.0135862	-0.0101195	-0.00883919	-0.0158911	-0.0281546	-0.0355285	-0.053515	-0.0678721	-0.0701052	-0.0699615	-0.0650393	-0.0591107	-0.0555645	-0.0722534	-0.116994	-0.175294	-0.235677	-0.302436	-0.373541	-0.424046	-0.442517	-0.428018	-0.380525	-0.305132	-0.191832	-0.0393342	0.136234	0.303243	0.460657	0.61175	0.754285	0.871231	0.948538	0.96141	0.905283	0.799845	0.69426	0.614641	0.574811	0.567135	0.588108	0.607976	0.597738	0.528735	0.401197	0.23266	0.03395	-0.180888	-0.397096	-0.591774	-0.728638	-0.781007	-0.751678	-0.647692	-0.505169	-0.357441	-0.223187	-0.122403	-0.0526105	-0.00908058	0.0142182	0.0255785	0.0339748	0.0425774	0.0408354	0.0328138	0.0149986	-0.0346736	-0.118373	-0.232719	-0.375807	-0.526175	-0.645298	-0.687549	-0.629889	-0.482084	-0.256908	0.0207899	0.299833	0.539913	0.72616	0.846752	0.887921	0.837207	0.695635	0.503031	0.32121	0.182512	0.0862745	0.0317604	0.0147351	0.0108871	0	
0	-0.010616	-0.0176368	-0.0217558	-0.0224611	-0.0212105	-0.0160603	-0.0146843	-0.0172922	-0.0176921	-0.0268082	-0.0413524	-0.0493681	-0.0606854	-0.0669123	-0.0591175	-0.0520452	-0.0472558	-0.0522203	-0.0708013	-0.112265	-0.175821	-0.240955	-0.301891	-0.36415	-0.424046	-0.4474	-0.429862	-0.379493	-0.304849	-0.204058	-0.0652676	0.108453	0.292352	0.450401	0.589603	0.718942	0.840158	0.930397	0.971652	0.944989	0.849022	0.717826	0.598974	0.523371	0.497551	0.507772	0.547085	0.582626	0.583986	0.524307	0.402486	0.235376	0.0398935	-0.174956	-0.391298	-0.583861	-0.721855	-0.773146	-0.742727	-0.640162	-0.499493	-0.357285	-0.227585	-0.128507	-0.06111	-0.0157328	0.014976	0.0322704	0.0438077	0.0566598	0.0581328	0.0477324	0.0226953	-0.0368134	-0.130307	-0.249252	-0.386813	-0.519415	-0.612463	-0.630318	-0.557721	-0.404205	-0.178923	0.0916345	0.349389	0.553402	0.699211	0.78392	0.791338	0.703093	0.522129	0.297378	0.0982281	-0.0423521	-0.127909	-0.158237	-0.131829	-0.0700489	0	
0	-0.00413071	-0.00485364	-0.00876222	-0.0109287	-0.0124425	-0.0157629	-0.0205043	-0.0294478	-0.0383784	-0.052044	-0.0646315	-0.0635474	-0.0651967	-0.0593469	-0.0445649	-0.0394842	-0.0479693	-0.0751321	-0.115207	-0.171406	-0.239998	-0.305483	-0.361929	-0.410864	-0.442517	-0.429862	-0.376266	-0.298468	-0.198007	-0.0719526	0.0891627	0.271716	0.44855	0.58887	0.706222	0.813504	0.90792	0.962913	0.963005	0.894399	0.768958	0.620219	0.502114	0.436454	0.427978	0.455672	0.510253	0.557856	0.569144	0.516939	0.400161	0.239141	0.046485	-0.163285	-0.375943	-0.567901	-0.705982	-0.762002	-0.736584	-0.638989	-0.503656	-0.36327	-0.234555	-0.135291	-0.0634189	-0.0136132	0.0205302	0.0443405	0.0622357	0.0759604	0.0725803	0.0532921	0.017858	-0.0500188	-0.145151	-0.25486	-0.372858	-0.481502	-0.554466	-0.560832	-0.483158	-0.328537	-0.110338	0.138792	0.361952	0.527861	0.640678	0.696206	0.671962	0.550228	0.342421	0.103581	-0.0990516	-0.238258	-0.318591	-0.332849	-0.2697	-0.147076	0	
0	0.00219966	0.00327649	0.00320187	0.00103297	-0.00550842	-0.0140296	-0.0285171	-0.0453979	-0.0556165	-0.0660593	-0.07265	-0.0641008	-0.0558523	-0.0492995	-0.0441086	-0.0564609	-0.0869417	-0.132672	-0.184521	-0.245457	-0.313294	-0.373853	-0.41437	-0.433515	-0.428018	-0.379493	-0.298468	-0.194541	-0.0689616	0.0806275	0.251239	0.427738	0.586176	0.704935	0.799669	0.880718	0.940384	0.953832	0.910355	0.808856	0.663548	0.513744	0.404846	0.357759	0.368216	0.414371	0.48295	0.542684	0.56273	0.517713	0.407314	0.248994	0.0602852	-0.148675	-0.361428	-0.554482	-0.696536	-0.755369	-0.735561	-0.643092	-0.508983	-0.370491	-0.240742	-0.136898	-0.0603033	-0.00283529	0.0396278	0.065563	0.0795986	0.0868599	0.0742997	0.0443301	0.00277178	-0.0614612	-0.142667	-0.231669	-0.328432	-0.421009	-0.484934	-0.487374	-0.409639	-0.263182	-0.0673469	0.147227	0.333666	0.468446	0.554493	0.582021	0.52855	0.384377	0.167901	-0.0682694	-0.265528	-0.401716	-0.477843	-0.477647	-0.382272	-0.209056	0	
0	0.00335388	0.00785996	0.00599519	-0.000899409	-0.0120314	-0.0251942	-0.0396856	-0.0539908	-0.0590283	-0.0615033	-0.0588643	-0.044745	-0.0437878	-0.0517341	-0.0663095	-0.100074	-0.147059	-0.204259	-0.262186	-0.323397	-0.385951	-0.42819	-0.438755	-0.420646	-0.380525	-0.304849	-0.198007	-0.0689616	0.0805845	0.240601	0.4065	0.564549	0.701644	0.798125	0.868463	0.916441	0.935872	0.905588	0.827082	0.70354	0.555136	0.414204	0.324259	0.29693	0.327459	0.38828	0.469683	0.537381	0.564278	0.5247	0.416658	0.261776	0.0730545	-0.135996	-0.350787	-0.547068	-0.693308	-0.758376	-0.740344	-0.648998	-0.516248	-0.373505	-0.237005	-0.125651	-0.0412711	0.0189015	0.0587934	0.080035	0.085865	0.0816701	0.0601204	0.0294768	-0.00236587	-0.0490025	-0.109948	-0.180873	-0.264539	-0.349249	-0.409729	-0.414231	-0.348014	-0.226014	-0.0648374	0.113973	0.270468	0.379642	0.439372	0.440256	0.367335	0.21811	0.00984008	-0.213569	-0.401103	-0.530585	-0.597127	-0.578866	-0.455656	-0.247432	0	
0	-0.00324688	-0.00917883	-0.0168104	-0.0251061	-0.0346491	-0.0421984	-0.0477776	-0.0485264	-0.0402804	-0.0335963	-0.0320283	-0.0298822	-0.0445531	-0.0732688	-0.108475	-0.1574	-0.216694	-0.281321	-0.34038	-0.395215	-0.43638	-0.448603	-0.42249	-0.372246	-0.305132	-0.204058	-0.0719526	0.0806275	0.240601	0.396465	0.544103	0.680767	0.795118	0.868223	0.90664	0.91587	0.891343	0.82478	0.721937	0.593162	0.453147	0.331638	0.263605	0.258346	0.305577	0.380856	0.469853	0.544199	0.573857	0.534549	0.427195	0.269277	0.0782161	-0.134051	-0.351904	-0.551639	-0.699492	-0.763283	-0.746047	-0.651151	-0.509204	-0.359152	-0.217117	-0.102816	-0.020064	0.0357945	0.0676283	0.0767454	0.0723385	0.0655938	0.0504725	0.0337044	0.0199041	-0.00844393	-0.0536706	-0.112716	-0.188676	-0.270559	-0.335683	-0.355934	-0.317504	-0.230694	-0.104122	0.045602	0.176718	0.260012	0.294384	0.277859	0.202341	0.0646135	-0.125781	-0.332552	-0.506217	-0.620838	-0.668132	-0.62738	-0.48309	-0.25891	0	
0	-0.0193544	-0.0332335	-0.0455687	-0.0544692	-0.0574255	-0.0518038	-0.043267	-0.0348851	-0.0225918	-0.0208886	-0.0293061	-0.0399196	-0.071853	-0.114793	-0.160995	-0.220826	-0.285585	-0.349148	-0.397639	-0.427698	-0.438769	-0.415305	-0.36023	-0.28354	-0.191832	-0.0652676	0.0891627	0.251239	0.4065	0.544103	0.670686	0.784624	0.876215	0.91813	0.919311	0.88484	0.823527	0.730412	0.619967	0.497266	0.374832	0.274828	0.228009	0.239489	0.3	0.381255	0.475684	0.549638	0.578213	0.537379	0.425442	0.26529	0.0712109	-0.143688	-0.362661	-0.559904	-0.704229	-0.762911	-0.734299	-0.630741	-0.486246	-0.33447	-0.193562	-0.0845348	-0.0108405	0.0328201	0.0548881	0.0611553	0.0608779	0.0643617	0.06409	0.0642719	0.0669859	0.0531593	0.0195963	-0.0317946	-0.106227	-0.196005	-0.281046	-0.331998	-0.329312	-0.276273	-0.178273	-0.0543348	0.0504748	0.108982	0.127457	0.110204	0.0483165	-0.0686769	-0.238312	-0.425663	-0.577895	-0.666528	-0.685785	-0.622007	-0.466814	-0.246012	0	
0	-0.0177089	-0.0345085	-0.0472034	-0.0516698	-0.0503505	-0.0456522	-0.0394345	-0.0348269	-0.0324498	-0.0408301	-0.0618413	-0.0858734	-0.127697	-0.180594	-0.235317	-0.296079	-0.354637	-0.400304	-0.419722	-0.417877	-0.393517	-0.342282	-0.259271	-0.157785	-0.0393342	0.108453	0.271716	0.427738	0.564549	0.680767	0.784624	0.875672	0.935676	0.939881	0.896414	0.823981	0.733425	0.630091	0.52263	0.415264	0.312754	0.232878	0.203492	0.227855	0.294749	0.381015	0.473747	0.54659	0.571717	0.525774	0.412651	0.250956	0.0579315	-0.152153	-0.364164	-0.554839	-0.689582	-0.739566	-0.71009	-0.606353	-0.461619	-0.3153	-0.184596	-0.0872372	-0.0220632	0.0191868	0.0435319	0.0566193	0.0685012	0.0868989	0.102117	0.117984	0.13479	0.131963	0.105206	0.0530969	-0.0332171	-0.146723	-0.264044	-0.349972	-0.380053	-0.356073	-0.285201	-0.188389	-0.108038	-0.0640739	-0.0447156	-0.0469547	-0.0864976	-0.180421	-0.327541	-0.489228	-0.609667	-0.663023	-0.651457	-0.570352	-0.416788	-0.215607	0	
0	-0.00848867	-0.0111653	-0.0136602	-0.0170295	-0.0199522	-0.0208478	-0.0281071	-0.0421739	-0.0570041	-0.0857233	-0.124162	-0.163181	-0.218792	-0.278196	-0.329383	-0.378863	-0.412856	-0.426276	-0.411785	-0.374953	-0.323085	-0.241217	-0.131707	-0.00198124	0.136234	0.292352	0.44855	0.586176	0.701644	0.795118	0.876215	0.935676	0.957638	0.915774	0.833254	0.729559	0.627003	0.523783	0.429767	0.340069	0.255662	0.192787	0.175655	0.208321	0.281201	0.368019	0.463902	0.536204	0.561759	0.518778	0.407346	0.250509	0.0634566	-0.142629	-0.351013	-0.536382	-0.669555	-0.720014	-0.688242	-0.587867	-0.453849	-0.317644	-0.193299	-0.0977726	-0.0315036	0.0138418	0.0478091	0.0738299	0.0995615	0.132978	0.163431	0.192858	0.219617	0.220942	0.189325	0.120811	0.00804161	-0.137465	-0.287657	-0.404597	-0.464328	-0.46998	-0.427781	-0.354811	-0.28743	-0.241136	-0.205894	-0.185258	-0.200575	-0.269934	-0.388894	-0.515437	-0.595496	-0.611112	-0.57416	-0.486703	-0.347137	-0.176337	0	
0	0.00887479	0.0148166	0.0148926	0.0142905	0.00903388	-0.00514247	-0.0250433	-0.0532385	-0.088793	-0.135473	-0.192257	-0.245911	-0.308321	-0.365602	-0.404973	-0.430657	-0.437049	-0.420234	-0.376445	-0.314218	-0.23288	-0.124477	0.0130764	0.158883	0.303243	0.450401	0.58887	0.704935	0.798125	0.868223	0.91813	0.939881	0.915774	0.833951	0.71963	0.604147	0.501746	0.41305	0.337879	0.268363	0.20335	0.155826	0.152686	0.196107	0.275346	0.369866	0.468326	0.544016	0.571738	0.527736	0.418468	0.262871	0.0755626	-0.128931	-0.33622	-0.524397	-0.657951	-0.710217	-0.686901	-0.59272	-0.460112	-0.323356	-0.198253	-0.101135	-0.0279936	0.0286922	0.0742395	0.113703	0.155951	0.204192	0.245845	0.283038	0.309513	0.299378	0.247041	0.151452	0.0085983	-0.166994	-0.346371	-0.492875	-0.584038	-0.620447	-0.601797	-0.539644	-0.468452	-0.40602	-0.348179	-0.303335	-0.292898	-0.331906	-0.413472	-0.496874	-0.534805	-0.519054	-0.468821	-0.388002	-0.272025	-0.136135	0	
0	0.00604933	0.0159924	0.0207871	0.0170479	0.00560985	-0.0126749	-0.0456965	-0.0897408	-0.13807	-0.198948	-0.262803	-0.31735	-0.371682	-0.410941	-0.424673	-0.425893	-0.405151	-0.363207	-0.294816	-0.205235	-0.0996597	0.0337001	0.182401	0.329264	0.460657	0.589603	0.706222	0.799669	0.868463	0.90664	0.919311	0.896414	0.833254	0.71963	0.594584	0.480632	0.395015	0.326629	0.273866	0.22482	0.175242	0.143078	0.151057	0.20333	0.290382	0.387553	0.490429	0.566343	0.592044	0.546997	0.434194	0.274745	0.0846809	-0.125972	-0.340328	-0.531272	-0.668205	-0.722166	-0.69356	-0.594666	-0.46137	-0.323436	-0.193401	-0.0863931	-0.00238024	0.0661788	0.127821	0.183129	0.23738	0.294163	0.338469	0.368538	0.377559	0.343727	0.265155	0.142028	-0.0283276	-0.231466	-0.440137	-0.618077	-0.740069	-0.79985	-0.790385	-0.722708	-0.635607	-0.551793	-0.470498	-0.399724	-0.357369	-0.356642	-0.393106	-0.43218	-0.4351	-0.401271	-0.352464	-0.289638	-0.202515	-0.100651	0	
0	0.00432032	0.00603103	-0.00393432	-0.0172747	-0.0383947	-0.0733198	-0.114724	-0.163994	-0.217245	-0.27327	-0.325851	-0.360381	-0.390471	-0.403152	-0.391742	-0.366228	-0.3213	-0.252225	-0.157318	-0.0436602	0.0820402	0.222939	0.368941	0.499213	0.61175	0.718942	0.813504	0.880718	0.916441	0.91587	0.88484	0.823981	0.729559	0.604147	0.480632	0.384232	0.319622	0.27448	0.24251	0.208473	0.173096	0.150815	0.168635	0.228621	0.318284	0.418945	0.519767	0.591309	0.611266	0.556052	0.435181	0.269177	0.0711314	-0.1438	-0.358632	-0.550814	-0.683084	-0.730391	-0.699124	-0.595874	-0.45486	-0.305473	-0.163463	-0.0459949	0.052148	0.136906	0.209989	0.273241	0.332587	0.384288	0.412865	0.422737	0.408081	0.348023	0.243691	0.0952769	-0.101577	-0.3336	-0.572433	-0.778055	-0.920562	-0.988529	-0.973071	-0.889868	-0.783313	-0.677646	-0.570646	-0.467298	-0.383587	-0.335752	-0.326489	-0.328896	-0.310682	-0.274513	-0.240124	-0.202568	-0.145157	-0.0727947	0	
0	-0.0199495	-0.0363243	-0.0588433	-0.0888347	-0.124622	-0.165524	-0.213953	-0.261736	-0.303532	-0.341867	-0.369067	-0.378726	-0.380699	-0.364472	-0.322396	-0.269337	-0.192925	-0.0947746	0.0258134	0.156196	0.286443	0.422435	0.552099	0.662801	0.754285	0.840158	0.90792	0.940384	0.935872	0.891343	0.823527	0.733425	0.627003	0.501746	0.395015	0.319622	0.278254	0.252993	0.234857	0.212322	0.182321	0.167361	0.189902	0.252227	0.343504	0.441017	0.538484	0.603827	0.614287	0.550878	0.423073	0.24983	0.0485981	-0.169418	-0.387202	-0.575565	-0.701443	-0.740145	-0.693579	-0.573912	-0.419011	-0.257476	-0.103452	0.0288035	0.139014	0.230283	0.307196	0.366895	0.41228	0.444516	0.45221	0.438851	0.398028	0.312508	0.183952	0.00919615	-0.215962	-0.475177	-0.736377	-0.956319	-1.10383	-1.16678	-1.13772	-1.03699	-0.910771	-0.78024	-0.640187	-0.49496	-0.363283	-0.268615	-0.221964	-0.20187	-0.178465	-0.153572	-0.142085	-0.13238	-0.102187	-0.053148	0	
0	-0.0455553	-0.0877286	-0.139697	-0.187734	-0.232524	-0.279234	-0.317913	-0.34895	-0.37094	-0.38549	-0.386756	-0.366731	-0.340012	-0.292908	-0.220969	-0.13547	-0.0309713	0.0917052	0.224034	0.35625	0.477932	0.599702	0.711059	0.801085	0.871231	0.930397	0.962913	0.953832	0.905588	0.82478	0.730412	0.630091	0.523783	0.41305	0.326629	0.27448	0.252993	0.241251	0.23396	0.214777	0.189687	0.177923	0.204038	0.269701	0.359187	0.455515	0.548089	0.604896	0.606515	0.532433	0.395659	0.218196	0.0133698	-0.204541	-0.414943	-0.593542	-0.702975	-0.721749	-0.657241	-0.520666	-0.351032	-0.174175	-0.00741548	0.129456	0.239781	0.326946	0.390283	0.431353	0.459054	0.469711	0.451531	0.413378	0.347822	0.23591	0.0802217	-0.120934	-0.368554	-0.643335	-0.911547	-1.13058	-1.27215	-1.32498	-1.28144	-1.16274	-1.01305	-0.849637	-0.66745	-0.474924	-0.296993	-0.164901	-0.0954496	-0.0685943	-0.053333	-0.0483899	-0.0630977	-0.0799865	-0.0727052	-0.0407746	0	
0	-0.0740341	-0.141046	-0.207097	-0.265532	-0.314298	-0.355717	-0.387452	-0.404776	-0.409616	-0.400235	-0.373891	-0.328319	-0.270295	-0.190862	-0.0858184	0.0250002	0.149426	0.280404	0.411888	0.533313	0.641586	0.746701	0.839651	0.905556	0.948538	0.971652	0.963005	0.910355	0.827082	0.721937	0.619967	0.52263	0.429767	0.337879	0.273866	0.24251	0.234857	0.23396	0.229313	0.212951	0.187274	0.178101	0.206982	0.272861	0.361766	0.454971	0.542146	0.592524	0.585563	0.503783	0.365252	0.186989	-0.013554	-0.222648	-0.422819	-0.584574	-0.673037	-0.670708	-0.583896	-0.428707	-0.246158	-0.0638958	0.098721	0.22815	0.326798	0.396399	0.441943	0.463995	0.467489	0.451612	0.409175	0.345922	0.250911	0.110768	-0.0673353	-0.284914	-0.54107	-0.815562	-1.07673	-1.28609	-1.41869	-1.46105	-1.40156	-1.26005	-1.07865	-0.873918	-0.645618	-0.409322	-0.196013	-0.0418335	0.0347715	0.0558009	0.0549249	0.03672	-0.00326004	-0.0431834	-0.054104	-0.0340372	0	
0	-0.0812493	-0.151029	-0.224812	-0.286433	-0.33393	-0.373461	-0.395972	-0.399815	-0.388065	-0.361586	-0.312055	-0.239492	-0.154794	-0.0493505	0.0724578	0.194464	0.320298	0.446775	0.565452	0.672945	0.764252	0.852641	0.920055	0.955861	0.96141	0.944989	0.894399	0.808856	0.70354	0.593162	0.497266	0.415264	0.340069	0.268363	0.22482	0.208473	0.212322	0.214777	0.212951	0.194553	0.169676	0.163712	0.195796	0.265862	0.35526	0.448942	0.535061	0.581747	0.570527	0.4875	0.349617	0.177568	-0.0133183	-0.211426	-0.394699	-0.536811	-0.603322	-0.581173	-0.479498	-0.316325	-0.136245	0.0383451	0.190579	0.304342	0.384443	0.434862	0.456723	0.452639	0.432437	0.390599	0.318282	0.225839	0.105207	-0.0536594	-0.241949	-0.461277	-0.710777	-0.973184	-1.2209	-1.41854	-1.54134	-1.57018	-1.48842	-1.31599	-1.09598	-0.847883	-0.57893	-0.311312	-0.0788489	0.0815771	0.153324	0.161674	0.14234	0.102094	0.0402832	-0.0183063	-0.0432588	-0.031191	0	
