0	0	0	0	0	0	0	0	0	0	0	0	0	0	0	0	0	0	0	0	0	0	0	0	0	0	0	0	0	0	0	0	0	0	0	0	0	0	0	0	0	0	0	0	0	0	0	0	0	0	0	0	0	0	0	0	0	0	0	0	0	0	0	0	0	0	0	0	0	0	0	0	0	0	0	0	0	0	0	0	0	0	0	0	0	0	0	0	0	0	0	0	0	0	0	0	0	0	0	0	
0	0.00157753	0.00348835	0.00807118	0.012944	0.0170124	0.0179173	0.020435	0.0260436	0.0311237	0.030222	0.0238756	0.0163992	0.0109262	0.00654913	0.00526451	0.00944271	0.0201381	0.0384968	0.063236	0.0937576	0.124392	0.15198	0.172215	0.182348	0.178379	0.159298	0.123859	0.0750096	0.0206152	-0.0334318	-0.0834728	-0.125389	-0.155321	-0.1746	-0.184336	-0.18541	-0.176006	-0.16263	-0.147545	-0.129761	-0.109705	-0.0869543	-0.0569314	-0.0220208	0.0155991	0.0527326	0.0891545	0.120459	0.139341	0.144971	0.136302	0.118927	0.0994373	0.0806855	0.0622018	0.0447653	0.0288128	0.0168265	0.00592808	-0.00345682	-0.00978597	-0.0127027	-0.0121694	-0.00362364	0.010113	0.0271041	0.0427159	0.0527095	0.0576317	0.0549333	0.0437458	0.0226261	5.36644e-05	-0.0209768	-0.0416253	-0.0598514	-0.0738625	-0.0843585	-0.093621	-0.101653	-0.10946	-0.112268	-0.106446	-0.0913047	-0.0647648	-0.0258582	0.0250154	0.0819512	0.136821	0.186824	0.226445	0.247992	0.252448	0.240402	0.212585	0.170718	0.118537	0.0621732	0	
0	0.00348835	0.00880329	0.0172249	0.0288397	0.0361432	0.0395083	0.0443297	0.0563267	0.0666956	0.0656264	0.053434	0.0393774	0.0292148	0.0207959	0.0196869	0.0269142	0.0497749	0.0845233	0.133572	0.19266	0.250643	0.3036	0.340061	0.357211	0.347528	0.308026	0.238964	0.146023	0.0426691	-0.0557305	-0.147542	-0.222417	-0.276312	-0.311165	-0.33277	-0.338277	-0.328075	-0.30933	-0.287733	-0.256329	-0.221079	-0.173725	-0.112987	-0.0420679	0.0329529	0.106852	0.174429	0.234636	0.272507	0.283789	0.269907	0.240182	0.203062	0.163355	0.124836	0.0880209	0.053933	0.0285783	0.00807484	-0.0050017	-0.0079446	-0.00700746	-0.0029994	0.0109016	0.0324633	0.0550255	0.0725718	0.0825874	0.0860286	0.0833544	0.0676541	0.037955	0.00585333	-0.0276911	-0.0625999	-0.0994968	-0.130796	-0.15911	-0.185422	-0.202452	-0.215686	-0.216222	-0.199625	-0.165824	-0.109577	-0.0327373	0.0618067	0.16492	0.264548	0.354499	0.424955	0.46448	0.471657	0.446736	0.393981	0.315113	0.217395	0.113978	0	
0	0.00807118	0.0172249	0.0336069	0.0510424	0.0655605	0.0709364	0.0805264	0.0987262	0.115123	0.113656	0.095884	0.0747424	0.0592146	0.0471713	0.0436499	0.0557266	0.0866877	0.13907	0.209079	0.293783	0.376618	0.4485	0.497066	0.51609	0.495754	0.435892	0.335486	0.20485	0.0662582	-0.0644417	-0.180689	-0.275577	-0.343342	-0.391439	-0.425649	-0.446488	-0.445401	-0.434387	-0.414003	-0.377365	-0.324576	-0.255416	-0.162376	-0.0563443	0.0529622	0.155392	0.252281	0.335541	0.387912	0.408114	0.392494	0.353799	0.306251	0.254922	0.198128	0.140375	0.0871842	0.0506291	0.0257939	0.0137048	0.0146774	0.0221965	0.0298697	0.0456607	0.061776	0.0759482	0.0834711	0.0820538	0.0805358	0.0769168	0.0664145	0.0396619	0.0112753	-0.0195575	-0.0622626	-0.113517	-0.164909	-0.212673	-0.255046	-0.285524	-0.304276	-0.299374	-0.265878	-0.208127	-0.126298	-0.0211986	0.105729	0.241409	0.368289	0.482966	0.574343	0.623116	0.631637	0.600772	0.5313	0.426677	0.296072	0.155496	0	
0	0.012944	0.0288397	0.0510424	0.0781307	0.0975487	0.108408	0.121842	0.148107	0.170478	0.170427	0.147948	0.121593	0.102375	0.0867372	0.083934	0.0970683	0.138779	0.202968	0.291858	0.396599	0.496104	0.581543	0.63384	0.648594	0.61581	0.53413	0.408242	0.250675	0.0874084	-0.0576599	-0.185593	-0.286599	-0.360149	-0.415786	-0.465307	-0.502766	-0.52017	-0.522983	-0.513023	-0.473504	-0.412432	-0.320768	-0.200514	-0.0645723	0.0714493	0.197477	0.309314	0.408464	0.474086	0.500343	0.488094	0.451267	0.401554	0.34302	0.280772	0.215808	0.153749	0.109556	0.0786203	0.0639588	0.0674323	0.0738907	0.0751573	0.0815071	0.0893443	0.0922638	0.0858499	0.0731808	0.0634158	0.0609732	0.0526255	0.0298262	0.00691324	-0.0218565	-0.0633289	-0.120752	-0.179931	-0.239316	-0.293904	-0.327203	-0.345856	-0.334606	-0.290162	-0.219545	-0.11941	0.00386061	0.14535	0.293347	0.431828	0.557081	0.65812	0.716732	0.730702	0.698096	0.622429	0.503047	0.349738	0.184743	0	
0	0.0170124	0.0361432	0.0655605	0.0975487	0.124232	0.137502	0.156908	0.189587	0.219367	0.220832	0.195919	0.166051	0.144593	0.129419	0.126039	0.145624	0.193952	0.272772	0.37601	0.496112	0.607565	0.696818	0.745815	0.749321	0.696795	0.594078	0.444889	0.268005	0.0948934	-0.0534593	-0.175718	-0.270883	-0.339259	-0.396522	-0.455106	-0.510509	-0.544781	-0.565733	-0.567136	-0.534921	-0.469436	-0.371079	-0.236694	-0.0855082	0.065544	0.201611	0.328135	0.439658	0.514836	0.551778	0.545685	0.513983	0.473894	0.429677	0.376411	0.317715	0.259188	0.217362	0.184637	0.162387	0.15176	0.141882	0.126451	0.11938	0.11412	0.10746	0.0952253	0.0764817	0.0631574	0.0557106	0.0438128	0.0147696	-0.0117318	-0.0387098	-0.0805132	-0.135104	-0.190471	-0.243572	-0.290805	-0.322084	-0.338213	-0.322953	-0.271649	-0.192569	-0.0891444	0.035345	0.178527	0.326034	0.459589	0.580149	0.680118	0.737118	0.753328	0.727553	0.655942	0.536761	0.378122	0.20086	0	
0	0.0179173	0.0395083	0.0709364	0.108408	0.137502	0.155087	0.177791	0.21875	0.255306	0.261688	0.237094	0.207972	0.189499	0.177143	0.179859	0.20369	0.262766	0.350477	0.465189	0.593279	0.707003	0.792486	0.829647	0.814986	0.742449	0.617341	0.451976	0.26465	0.0899851	-0.0485582	-0.157095	-0.235191	-0.288795	-0.336485	-0.393827	-0.454734	-0.50099	-0.535635	-0.555788	-0.539488	-0.491264	-0.403875	-0.276955	-0.127241	0.0250966	0.168143	0.301974	0.426338	0.517487	0.566732	0.573504	0.556706	0.533169	0.505506	0.476136	0.438756	0.394887	0.358892	0.322287	0.287099	0.259436	0.229238	0.19067	0.163994	0.148402	0.137713	0.122585	0.100983	0.0818766	0.0691662	0.0468602	0.00462887	-0.0334783	-0.0683663	-0.107877	-0.155397	-0.197735	-0.235388	-0.266529	-0.279499	-0.2838	-0.260935	-0.207346	-0.132667	-0.0329788	0.0844808	0.213801	0.343988	0.458122	0.558717	0.641745	0.689474	0.702906	0.678932	0.615976	0.50737	0.358241	0.191793	0	
0	0.020435	0.0443297	0.0805264	0.121842	0.156908	0.177791	0.207439	0.255437	0.30104	0.312327	0.289929	0.262869	0.246366	0.238727	0.242555	0.270999	0.332266	0.425374	0.542517	0.670562	0.779546	0.854153	0.875706	0.843326	0.750944	0.612158	0.436908	0.249936	0.0844882	-0.0375502	-0.122271	-0.176303	-0.206654	-0.234096	-0.279549	-0.336619	-0.386922	-0.436874	-0.47863	-0.493532	-0.477814	-0.422593	-0.321077	-0.188585	-0.0418532	0.102136	0.247987	0.388725	0.497913	0.567091	0.591504	0.593438	0.592921	0.593395	0.586067	0.567456	0.536701	0.506896	0.468287	0.423908	0.381177	0.331089	0.274663	0.232991	0.204633	0.182304	0.158047	0.128732	0.101911	0.0808112	0.0498091	-0.000945731	-0.045217	-0.082088	-0.122052	-0.162895	-0.191555	-0.210137	-0.218724	-0.212217	-0.198062	-0.162872	-0.103929	-0.0298096	0.0556785	0.149998	0.251859	0.350243	0.430851	0.498119	0.55265	0.577982	0.577355	0.552378	0.499132	0.410281	0.289782	0.155826	0	
0	0.0260436	0.0563267	0.0987262	0.148107	0.189587	0.21875	0.255437	0.313681	0.367561	0.38534	0.365604	0.339121	0.323878	0.314621	0.315985	0.337781	0.393202	0.478351	0.587565	0.704635	0.801601	0.861812	0.869867	0.824227	0.724056	0.580597	0.410707	0.233932	0.0869206	-0.0115402	-0.069086	-0.0937606	-0.0946193	-0.0971196	-0.121584	-0.170219	-0.225085	-0.2916	-0.364989	-0.420437	-0.44769	-0.43307	-0.363994	-0.250822	-0.114417	0.0306177	0.185346	0.341882	0.473297	0.565358	0.614012	0.639599	0.661759	0.680813	0.694457	0.689674	0.665411	0.636809	0.597359	0.549402	0.500957	0.447279	0.381619	0.325873	0.281356	0.243371	0.202814	0.156053	0.115569	0.0871482	0.0539274	0.00301155	-0.0407097	-0.0740496	-0.106616	-0.1395	-0.159377	-0.163874	-0.151701	-0.121375	-0.085649	-0.0328014	0.0331912	0.0978198	0.163673	0.227236	0.28706	0.340392	0.375391	0.400418	0.419657	0.41829	0.40167	0.37128	0.32601	0.261736	0.18022	0.0966621	0	
0	0.0311237	0.0666956	0.115123	0.170478	0.219367	0.255306	0.30104	0.367561	0.430167	0.454008	0.436331	0.410665	0.392093	0.378816	0.369426	0.377798	0.416362	0.484471	0.575932	0.67588	0.757149	0.804928	0.804456	0.755804	0.657005	0.522848	0.365555	0.209929	0.0855854	0.0138429	-0.0132664	-0.00629934	0.0235367	0.0518119	0.0468671	0.00826759	-0.0535543	-0.143713	-0.251951	-0.351263	-0.424953	-0.449421	-0.410326	-0.317634	-0.189167	-0.044208	0.11741	0.286709	0.437453	0.551798	0.622922	0.671011	0.713333	0.749951	0.771414	0.771943	0.75303	0.728763	0.694574	0.653931	0.614586	0.562789	0.496917	0.43529	0.381025	0.327044	0.267405	0.20572	0.151771	0.115052	0.0772384	0.0281997	-0.0101994	-0.0387713	-0.0660943	-0.090836	-0.0993381	-0.0911162	-0.0640517	-0.016696	0.0378934	0.102397	0.171044	0.230096	0.272238	0.297408	0.310859	0.313534	0.302302	0.284722	0.267603	0.240942	0.205138	0.167386	0.131585	0.0924829	0.0547	0.0296383	0	
0	0.030222	0.0656264	0.113656	0.170427	0.220832	0.261688	0.312327	0.38534	0.454008	0.482079	0.467332	0.439516	0.417302	0.394931	0.371276	0.360374	0.376467	0.422835	0.494693	0.577246	0.648186	0.689782	0.690576	0.646952	0.557871	0.434903	0.294432	0.15623	0.0548731	0.00796969	0.0111895	0.0519009	0.117124	0.174065	0.19291	0.160262	0.0872539	-0.0268388	-0.169646	-0.310031	-0.419507	-0.476768	-0.464062	-0.388059	-0.27226	-0.133265	0.0306369	0.2093	0.376254	0.51032	0.600937	0.662849	0.713969	0.75586	0.785707	0.793388	0.781749	0.767685	0.749294	0.725868	0.698964	0.662499	0.607329	0.548874	0.492326	0.435252	0.372688	0.302108	0.239487	0.193299	0.148637	0.0943382	0.0495385	0.0214017	-0.00126415	-0.0193468	-0.0219597	-0.0043679	0.0350775	0.0897557	0.149343	0.21669	0.280657	0.324391	0.346016	0.344829	0.323523	0.287904	0.235225	0.177372	0.125602	0.0710944	0.020329	-0.0192723	-0.0460032	-0.0576899	-0.0533799	-0.0299949	0	
0	0.0238756	0.053434	0.095884	0.147948	0.195919	0.237094	0.289929	0.365604	0.436331	0.467332	0.451917	0.421439	0.390453	0.355383	0.312743	0.277191	0.267527	0.289829	0.342425	0.412505	0.478609	0.523102	0.533211	0.500889	0.424716	0.314882	0.186737	0.0661852	-0.0176233	-0.042094	-0.0114599	0.0602975	0.155045	0.24054	0.276392	0.251909	0.171643	0.0400595	-0.126373	-0.292949	-0.431584	-0.513465	-0.521891	-0.464787	-0.361386	-0.227512	-0.065507	0.114974	0.290565	0.432469	0.529647	0.596729	0.651462	0.696724	0.728881	0.744345	0.748519	0.751748	0.752132	0.74922	0.745725	0.727689	0.690871	0.648482	0.608193	0.563676	0.506551	0.440278	0.375089	0.320953	0.263936	0.198594	0.143698	0.104567	0.0774476	0.0624366	0.0664208	0.0900951	0.132111	0.187321	0.243626	0.298072	0.345864	0.375872	0.38023	0.358555	0.315491	0.255021	0.178636	0.0944413	0.0156258	-0.0557209	-0.117813	-0.15813	-0.169511	-0.158599	-0.124265	-0.065433	0	
0	0.0163992	0.0393774	0.0747424	0.121593	0.166051	0.207972	0.262869	0.339121	0.410665	0.439516	0.421439	0.380018	0.332528	0.273753	0.200621	0.131285	0.0868297	0.0809164	0.114605	0.175363	0.244644	0.299923	0.325921	0.310184	0.247811	0.149344	0.0332589	-0.0736343	-0.138939	-0.142449	-0.0862769	0.012836	0.133076	0.236579	0.286015	0.264862	0.178021	0.0361908	-0.141488	-0.322497	-0.472113	-0.565261	-0.585901	-0.538235	-0.444087	-0.317782	-0.161703	0.0145473	0.184865	0.322205	0.414644	0.475391	0.524898	0.572852	0.616175	0.647668	0.669209	0.689774	0.711033	0.730843	0.746758	0.752818	0.744105	0.726148	0.705966	0.678646	0.636979	0.57699	0.512599	0.451619	0.385586	0.312093	0.245225	0.199841	0.170193	0.155831	0.161761	0.189407	0.233687	0.280401	0.32318	0.359231	0.382289	0.386732	0.371399	0.337629	0.286408	0.218446	0.132575	0.0366222	-0.0544666	-0.134847	-0.196312	-0.226651	-0.225625	-0.196504	-0.144044	-0.0767039	0	
0	0.0109262	0.0292148	0.0592146	0.102375	0.144593	0.189499	0.246366	0.323878	0.392093	0.417302	0.390453	0.332528	0.259283	0.166044	0.0536961	-0.0591272	-0.144229	-0.182333	-0.169472	-0.116286	-0.0429434	0.0240192	0.0671574	0.0659008	0.0187885	-0.0665553	-0.166851	-0.252108	-0.294022	-0.273053	-0.193889	-0.0749436	0.0584396	0.169541	0.222159	0.202185	0.110885	-0.0347842	-0.216989	-0.401233	-0.554516	-0.648629	-0.6669	-0.615522	-0.517911	-0.388834	-0.239105	-0.080262	0.0693408	0.181904	0.25355	0.299997	0.345193	0.396523	0.449633	0.497211	0.540525	0.582057	0.623357	0.665032	0.704673	0.735646	0.752874	0.75885	0.761464	0.75385	0.724641	0.672992	0.612383	0.548759	0.478533	0.403223	0.334787	0.287256	0.260431	0.253038	0.26389	0.293519	0.332813	0.369561	0.39625	0.406656	0.402708	0.383331	0.347469	0.297814	0.237699	0.167811	0.0871483	-0.000998107	-0.0850588	-0.155501	-0.208841	-0.232048	-0.222663	-0.189503	-0.136062	-0.0708177	0	
0	0.00654913	0.0207959	0.0471713	0.0867372	0.129419	0.177143	0.238727	0.314621	0.378816	0.394931	0.355383	0.273753	0.166044	0.0303798	-0.128688	-0.288407	-0.415182	-0.484007	-0.487094	-0.436981	-0.355463	-0.27361	-0.214808	-0.200427	-0.234677	-0.305034	-0.387754	-0.449427	-0.466137	-0.423006	-0.326012	-0.193971	-0.0547979	0.0581013	0.110355	0.0888362	-0.00799434	-0.161317	-0.348386	-0.535261	-0.685989	-0.769648	-0.772475	-0.705268	-0.595432	-0.462391	-0.323785	-0.186032	-0.0667877	0.0154918	0.0604076	0.0860037	0.115814	0.16511	0.224985	0.28789	0.352996	0.416478	0.483097	0.550995	0.614737	0.666891	0.707442	0.732856	0.750604	0.75652	0.739878	0.698994	0.6465	0.585754	0.519388	0.453731	0.395416	0.361086	0.348697	0.353988	0.372235	0.401007	0.429296	0.445102	0.448262	0.433238	0.402645	0.3622	0.310803	0.252281	0.191573	0.124704	0.0547609	-0.0159756	-0.0826822	-0.134968	-0.174112	-0.191243	-0.184583	-0.159459	-0.115331	-0.0615434	0	
0	0.00526451	0.0196869	0.0436499	0.083934	0.126039	0.179859	0.242555	0.315985	0.369426	0.371276	0.312743	0.200621	0.0536961	-0.128688	-0.333423	-0.535381	-0.696929	-0.786705	-0.79804	-0.743591	-0.650167	-0.553404	-0.478571	-0.451476	-0.470506	-0.525989	-0.588624	-0.627778	-0.624429	-0.56715	-0.464756	-0.331999	-0.194716	-0.0871151	-0.0361793	-0.0574712	-0.160153	-0.317646	-0.509325	-0.696829	-0.841213	-0.911642	-0.89775	-0.812805	-0.692205	-0.556559	-0.427277	-0.311204	-0.218129	-0.164222	-0.142654	-0.138881	-0.125981	-0.0903225	-0.0365976	0.0305387	0.108106	0.190874	0.279776	0.373764	0.458193	0.530722	0.58993	0.628762	0.657325	0.673336	0.668284	0.638538	0.600799	0.553894	0.505433	0.463943	0.429884	0.419056	0.427785	0.447092	0.46776	0.489317	0.498241	0.489144	0.468093	0.430887	0.384871	0.333609	0.276565	0.214896	0.152175	0.0897021	0.0315994	-0.0193012	-0.0611482	-0.0909079	-0.113476	-0.123683	-0.123725	-0.112268	-0.0833097	-0.0467189	0	
0	0.00944271	0.0269142	0.0557266	0.0970683	0.145624	0.20369	0.270999	0.337781	0.377798	0.360374	0.277191	0.131285	-0.0591272	-0.288407	-0.535381	-0.773662	-0.960216	-1.06359	-1.07496	-1.01092	-0.902411	-0.787589	-0.69578	-0.651104	-0.653648	-0.690364	-0.736377	-0.760223	-0.747752	-0.692275	-0.597956	-0.474647	-0.34843	-0.247377	-0.200946	-0.225914	-0.332154	-0.497211	-0.691143	-0.873051	-1.00755	-1.0631	-1.03151	-0.93722	-0.813314	-0.678546	-0.559682	-0.456017	-0.37806	-0.336278	-0.3276	-0.337812	-0.343603	-0.323266	-0.284334	-0.227313	-0.148954	-0.0626775	0.0347061	0.139756	0.240868	0.327556	0.400536	0.451098	0.48559	0.506673	0.504825	0.485727	0.466205	0.441502	0.424429	0.421891	0.426317	0.445387	0.474064	0.50307	0.522097	0.530915	0.521307	0.495399	0.46065	0.412469	0.358635	0.305278	0.245333	0.180318	0.120707	0.0606006	0.0120502	-0.0190171	-0.0413947	-0.0479889	-0.0506012	-0.0512891	-0.0490285	-0.0481253	-0.0376174	-0.0205032	0	
0	0.0201381	0.0497749	0.0866877	0.138779	0.193952	0.262766	0.332266	0.393202	0.416362	0.376467	0.267527	0.0868297	-0.144229	-0.415182	-0.696929	-0.960216	-1.16383	-1.27301	-1.28197	-1.20716	-1.08488	-0.952967	-0.843502	-0.780713	-0.763323	-0.78348	-0.815911	-0.832585	-0.82307	-0.777478	-0.701257	-0.595665	-0.483912	-0.398894	-0.364891	-0.397608	-0.515746	-0.685847	-0.878887	-1.05339	-1.17514	-1.21579	-1.17498	-1.07386	-0.946597	-0.81082	-0.690848	-0.587904	-0.511677	-0.473716	-0.466569	-0.482838	-0.498811	-0.494853	-0.47364	-0.430978	-0.370558	-0.300193	-0.215847	-0.114483	-0.0176147	0.0703749	0.151139	0.206906	0.242802	0.262478	0.265647	0.256937	0.257649	0.261032	0.279532	0.318855	0.361016	0.408864	0.453592	0.484364	0.498713	0.502924	0.486571	0.458355	0.428468	0.386468	0.335942	0.279677	0.217141	0.151091	0.0897911	0.0346558	-0.00447068	-0.0232143	-0.028827	-0.0217781	-0.0093177	0.00660346	0.0152029	0.0156799	0.0167102	0.00905036	0	
0	0.0384968	0.0845233	0.13907	0.202968	0.272772	0.350477	0.425374	0.478351	0.484471	0.422835	0.289829	0.0809164	-0.182333	-0.484007	-0.786705	-1.06359	-1.27301	-1.38344	-1.38711	-1.30244	-1.16667	-1.01824	-0.891148	-0.809125	-0.775403	-0.782571	-0.810219	-0.831085	-0.830606	-0.803731	-0.748386	-0.663091	-0.573261	-0.50924	-0.494189	-0.545201	-0.67303	-0.852032	-1.04675	-1.21553	-1.33118	-1.36704	-1.31716	-1.20872	-1.0712	-0.918947	-0.784453	-0.669553	-0.588453	-0.545982	-0.537921	-0.556326	-0.580637	-0.5882	-0.585975	-0.57034	-0.533934	-0.488516	-0.430058	-0.35576	-0.27809	-0.206467	-0.141192	-0.0937422	-0.0624793	-0.0395038	-0.0293208	-0.0208587	0.00570765	0.0356115	0.0835949	0.152308	0.220473	0.285279	0.340159	0.378682	0.398828	0.405987	0.396883	0.382796	0.365034	0.3338	0.292218	0.241909	0.179669	0.113628	0.0616631	0.0151149	-0.014501	-0.0197636	-0.0204258	-0.010423	0.00791342	0.0293753	0.0476987	0.0518459	0.0475674	0.0309803	0	
0	0.063236	0.133572	0.209079	0.291858	0.37601	0.465189	0.542517	0.587565	0.575932	0.494693	0.342425	0.114605	-0.169472	-0.487094	-0.79804	-1.07496	-1.28197	-1.38711	-1.38296	-1.28461	-1.13273	-0.963899	-0.816837	-0.717261	-0.670856	-0.674534	-0.708511	-0.742274	-0.761492	-0.755643	-0.725129	-0.665347	-0.59957	-0.561118	-0.569804	-0.635424	-0.775971	-0.963769	-1.16401	-1.33754	-1.45632	-1.49029	-1.4343	-1.31279	-1.1535	-0.977833	-0.819058	-0.685576	-0.591132	-0.541516	-0.528638	-0.547991	-0.581926	-0.610882	-0.63494	-0.64194	-0.633013	-0.617865	-0.592726	-0.551211	-0.512253	-0.481243	-0.447521	-0.422323	-0.404123	-0.383458	-0.359507	-0.325913	-0.272249	-0.217604	-0.151082	-0.0676618	0.013968	0.0897977	0.154312	0.202215	0.238099	0.264496	0.268506	0.265339	0.259047	0.235961	0.200184	0.157532	0.110328	0.0646094	0.0302198	0.000503802	-0.0171567	-0.0179252	-0.0150917	-0.00727046	0.00768866	0.0301505	0.0470052	0.0501798	0.0475189	0.0312026	0	
0	0.0937576	0.19266	0.293783	0.396599	0.496112	0.593279	0.670562	0.704635	0.67588	0.577246	0.412505	0.175363	-0.116286	-0.436981	-0.743591	-1.01092	-1.20716	-1.30244	-1.28461	-1.1687	-0.994978	-0.802704	-0.636297	-0.521674	-0.470522	-0.477812	-0.523511	-0.576515	-0.615048	-0.633235	-0.630322	-0.599713	-0.564263	-0.554086	-0.583995	-0.664948	-0.812422	-1.00837	-1.21801	-1.39928	-1.52367	-1.5586	-1.49454	-1.35721	-1.17643	-0.974913	-0.790589	-0.63533	-0.528331	-0.470243	-0.454033	-0.476914	-0.523117	-0.569822	-0.616139	-0.653282	-0.674737	-0.689219	-0.700422	-0.704723	-0.712461	-0.727097	-0.737487	-0.744491	-0.744414	-0.728248	-0.698039	-0.648084	-0.571871	-0.49499	-0.411215	-0.315263	-0.224839	-0.14283	-0.0704074	-0.00950865	0.0443822	0.0858181	0.104885	0.113517	0.108923	0.0895304	0.0637747	0.0352689	0.00714115	-0.0135863	-0.0200953	-0.0296223	-0.0352701	-0.0260191	-0.0199299	-0.0137225	0.00117616	0.0203443	0.0323449	0.031769	0.0289782	0.0212204	0	
0	0.124392	0.250643	0.376618	0.496104	0.607565	0.707003	0.779546	0.801601	0.757149	0.648186	0.478609	0.244644	-0.0429434	-0.355463	-0.650167	-0.902411	-1.08488	-1.16667	-1.13273	-0.994978	-0.796064	-0.580329	-0.394828	-0.270455	-0.217238	-0.230036	-0.287975	-0.357621	-0.41534	-0.457648	-0.481518	-0.481429	-0.472408	-0.48397	-0.530042	-0.621812	-0.776933	-0.98593	-1.20859	-1.40082	-1.52831	-1.55914	-1.48234	-1.32949	-1.13039	-0.912409	-0.711182	-0.54562	-0.431565	-0.369781	-0.353394	-0.377921	-0.429489	-0.491616	-0.558367	-0.616206	-0.6638	-0.713935	-0.769232	-0.821209	-0.876872	-0.937034	-0.985053	-1.01838	-1.04024	-1.04093	-1.01795	-0.963108	-0.87561	-0.783256	-0.683857	-0.574733	-0.469516	-0.376436	-0.298922	-0.232525	-0.167318	-0.111833	-0.0813989	-0.0641739	-0.0615985	-0.0773034	-0.0980334	-0.113445	-0.121092	-0.117637	-0.102015	-0.0914905	-0.0816384	-0.0605422	-0.0406327	-0.0256068	-0.00963149	0.00648476	0.0106536	0.00138549	-0.0010755	0.00385468	0	
0	0.15198	0.3036	0.4485	0.581543	0.696818	0.792486	0.854153	0.861812	0.804928	0.689782	0.523102	0.299923	0.0240192	-0.27361	-0.553404	-0.787589	-0.952967	-1.01824	-0.963899	-0.802704	-0.580329	-0.344932	-0.149301	-0.0201502	0.0314452	0.0154421	-0.0484586	-0.126726	-0.19692	-0.253338	-0.296158	-0.31499	-0.322331	-0.346825	-0.406314	-0.509728	-0.678226	-0.901304	-1.13617	-1.33435	-1.46078	-1.48413	-1.3999	-1.23893	-1.03055	-0.80506	-0.596216	-0.426761	-0.315537	-0.262545	-0.253553	-0.281386	-0.33633	-0.403	-0.477633	-0.554782	-0.63488	-0.722036	-0.819077	-0.916226	-1.01233	-1.10914	-1.18942	-1.24946	-1.28929	-1.30472	-1.29174	-1.23934	-1.14954	-1.04597	-0.935929	-0.815681	-0.698936	-0.596365	-0.510735	-0.438776	-0.368426	-0.311359	-0.277288	-0.25442	-0.24534	-0.247901	-0.25317	-0.257756	-0.255767	-0.238298	-0.20771	-0.180327	-0.151322	-0.11342	-0.081491	-0.0617852	-0.0457745	-0.031023	-0.0274863	-0.0325803	-0.0264199	-0.0100851	0	
0	0.172215	0.340061	0.497066	0.63384	0.745815	0.829647	0.875706	0.869867	0.804456	0.690576	0.533211	0.325921	0.0671574	-0.214808	-0.478571	-0.69578	-0.843502	-0.891148	-0.816837	-0.636297	-0.394828	-0.149301	0.0535911	0.185609	0.241993	0.231771	0.173648	0.0945707	0.0229734	-0.0400569	-0.0868373	-0.110572	-0.12037	-0.14935	-0.216113	-0.334504	-0.515499	-0.751738	-0.996909	-1.20056	-1.32561	-1.34827	-1.26215	-1.0979	-0.889254	-0.665447	-0.459641	-0.302084	-0.207328	-0.168762	-0.16993	-0.201898	-0.256641	-0.331685	-0.422791	-0.524619	-0.630631	-0.745626	-0.873089	-1.00264	-1.1311	-1.2557	-1.36165	-1.4383	-1.48928	-1.51185	-1.49956	-1.44431	-1.3507	-1.24595	-1.13848	-1.02128	-0.901	-0.788689	-0.695865	-0.617564	-0.543283	-0.486972	-0.453944	-0.432505	-0.420272	-0.412419	-0.401227	-0.38859	-0.375423	-0.352905	-0.318271	-0.281722	-0.240965	-0.189288	-0.14394	-0.120261	-0.106854	-0.0932776	-0.0861892	-0.0810425	-0.059523	-0.0265338	0	
0	0.182348	0.357211	0.51609	0.648594	0.749321	0.814986	0.843326	0.824227	0.755804	0.646952	0.500889	0.310184	0.0659008	-0.200427	-0.451476	-0.651104	-0.780713	-0.809125	-0.717261	-0.521674	-0.270455	-0.0201502	0.185609	0.323926	0.39125	0.39705	0.351947	0.285138	0.220587	0.168905	0.135174	0.122257	0.118729	0.0894247	0.00968624	-0.122981	-0.316963	-0.561414	-0.80888	-1.01389	-1.13916	-1.16202	-1.07947	-0.923126	-0.722768	-0.512734	-0.322909	-0.18368	-0.105219	-0.0840569	-0.100399	-0.14172	-0.21004	-0.304278	-0.418311	-0.542821	-0.673358	-0.810915	-0.95703	-1.10516	-1.24885	-1.39036	-1.50922	-1.59221	-1.63748	-1.6491	-1.62638	-1.56198	-1.46729	-1.36431	-1.26557	-1.16019	-1.04697	-0.936131	-0.840565	-0.758633	-0.685685	-0.63621	-0.611065	-0.595902	-0.580104	-0.561238	-0.536003	-0.50855	-0.483219	-0.449876	-0.410311	-0.371464	-0.327411	-0.278222	-0.235331	-0.20951	-0.193999	-0.172094	-0.148766	-0.125532	-0.086493	-0.0393323	0	
0	0.178379	0.347528	0.495754	0.61581	0.696795	0.742449	0.750944	0.724056	0.657005	0.557871	0.424716	0.247811	0.0187885	-0.234677	-0.470506	-0.653648	-0.763323	-0.775403	-0.670856	-0.470522	-0.217238	0.0314452	0.241993	0.39125	0.479167	0.507176	0.486027	0.437879	0.393475	0.364485	0.353763	0.357955	0.360326	0.325699	0.235504	0.0905056	-0.109775	-0.350867	-0.596905	-0.800557	-0.9248	-0.949471	-0.874884	-0.726787	-0.543904	-0.354628	-0.185506	-0.0676902	-0.0101123	-0.0107977	-0.047694	-0.112735	-0.204666	-0.326992	-0.46812	-0.620839	-0.772577	-0.922502	-1.07661	-1.23184	-1.38249	-1.52011	-1.62692	-1.69043	-1.71099	-1.70144	-1.66215	-1.59046	-1.49526	-1.39758	-1.31105	-1.21965	-1.12012	-1.02099	-0.93917	-0.872912	-0.814874	-0.774711	-0.752292	-0.739015	-0.723291	-0.697694	-0.659495	-0.61947	-0.580402	-0.53432	-0.487229	-0.444864	-0.406304	-0.367267	-0.329532	-0.302012	-0.276018	-0.237602	-0.19853	-0.159614	-0.107801	-0.0525203	0	
0	0.159298	0.308026	0.435892	0.53413	0.594078	0.617341	0.612158	0.580597	0.522848	0.434903	0.314882	0.149344	-0.0665553	-0.305034	-0.525989	-0.690364	-0.78348	-0.782571	-0.674534	-0.477812	-0.230036	0.0154421	0.231771	0.39705	0.507176	0.562672	0.56703	0.545931	0.528154	0.526675	0.541693	0.558799	0.561143	0.519483	0.418721	0.266888	0.0683525	-0.166361	-0.401804	-0.597971	-0.714908	-0.736149	-0.665341	-0.531078	-0.368257	-0.200843	-0.0530717	0.0462421	0.0840395	0.0587542	-0.0126451	-0.111634	-0.237427	-0.389371	-0.558889	-0.732391	-0.89849	-1.06236	-1.22359	-1.37641	-1.51069	-1.62211	-1.69547	-1.72296	-1.7071	-1.66829	-1.61354	-1.53908	-1.44799	-1.35865	-1.28301	-1.20738	-1.1291	-1.05365	-1.00108	-0.963735	-0.933872	-0.912985	-0.894886	-0.878035	-0.851119	-0.818597	-0.778373	-0.72891	-0.676718	-0.614973	-0.551768	-0.502222	-0.465098	-0.435006	-0.404449	-0.369868	-0.329773	-0.274204	-0.21759	-0.168355	-0.112444	-0.0558567	0	
0	0.123859	0.238964	0.335486	0.408242	0.444889	0.451976	0.436908	0.410707	0.365555	0.294432	0.186737	0.0332589	-0.166851	-0.387754	-0.588624	-0.736377	-0.815911	-0.810219	-0.708511	-0.523511	-0.287975	-0.0484586	0.173648	0.351947	0.486027	0.56703	0.601604	0.612183	0.622323	0.647512	0.678902	0.701046	0.696719	0.644405	0.535158	0.380951	0.184707	-0.0347139	-0.253707	-0.432264	-0.534857	-0.549138	-0.482693	-0.359808	-0.212865	-0.0598807	0.0744845	0.156144	0.171367	0.109547	-0.0006365	-0.136842	-0.292148	-0.468954	-0.659065	-0.853259	-1.03881	-1.21209	-1.36687	-1.4992	-1.60509	-1.67614	-1.70245	-1.68653	-1.63358	-1.56804	-1.50117	-1.42691	-1.3437	-1.26682	-1.20701	-1.15333	-1.10319	-1.06296	-1.04654	-1.04614	-1.05019	-1.04537	-1.03288	-1.01452	-0.979345	-0.93497	-0.881312	-0.823161	-0.759913	-0.686628	-0.615654	-0.555337	-0.508599	-0.474107	-0.437356	-0.392153	-0.341982	-0.276406	-0.209384	-0.152509	-0.0959849	-0.0471713	0	
0	0.0750096	0.146023	0.20485	0.250675	0.268005	0.26465	0.249936	0.233932	0.209929	0.15623	0.0661852	-0.0736343	-0.252108	-0.449427	-0.627778	-0.760223	-0.832585	-0.831085	-0.742274	-0.576515	-0.357621	-0.126726	0.0945707	0.285138	0.437879	0.545931	0.612183	0.652679	0.687412	0.727259	0.764253	0.784384	0.770194	0.707853	0.592116	0.4348	0.243301	0.0390319	-0.158485	-0.316804	-0.40566	-0.41147	-0.345681	-0.224991	-0.0829252	0.0650868	0.185061	0.24909	0.233614	0.138815	-0.00558685	-0.172233	-0.352868	-0.547787	-0.75975	-0.974173	-1.16804	-1.34022	-1.48087	-1.58446	-1.65053	-1.67576	-1.65631	-1.60206	-1.51837	-1.43307	-1.35849	-1.28918	-1.21508	-1.15362	-1.11538	-1.08836	-1.07553	-1.07353	-1.09386	-1.12589	-1.15388	-1.16423	-1.15502	-1.13337	-1.0911	-1.03626	-0.970763	-0.895024	-0.818827	-0.742369	-0.667003	-0.602755	-0.544627	-0.487926	-0.432242	-0.372941	-0.315854	-0.253411	-0.190299	-0.13223	-0.0772875	-0.0378181	0	
0	0.0206152	0.0426691	0.0662582	0.0874084	0.0948934	0.0899851	0.0844882	0.0869206	0.0855854	0.0548731	-0.0176233	-0.138939	-0.294022	-0.466137	-0.624429	-0.747752	-0.82307	-0.830606	-0.761492	-0.615048	-0.41534	-0.19692	0.0229734	0.220587	0.393475	0.528154	0.622323	0.687412	0.734206	0.776118	0.811002	0.824749	0.80161	0.72807	0.603244	0.440664	0.252427	0.0624468	-0.114494	-0.256221	-0.333123	-0.334214	-0.261341	-0.137227	0.00645277	0.150833	0.260167	0.304562	0.269734	0.152466	-0.0167899	-0.20683	-0.406899	-0.619546	-0.847767	-1.06954	-1.2644	-1.42843	-1.54619	-1.6154	-1.6453	-1.63306	-1.57977	-1.50101	-1.40343	-1.3072	-1.23183	-1.17051	-1.10835	-1.06492	-1.04471	-1.04569	-1.06695	-1.09933	-1.14417	-1.19112	-1.23121	-1.24225	-1.23379	-1.21259	-1.16485	-1.10313	-1.02785	-0.941076	-0.855483	-0.776795	-0.702912	-0.632833	-0.561208	-0.488283	-0.414944	-0.341724	-0.283569	-0.228853	-0.172912	-0.122239	-0.0728328	-0.0347368	0	
0	-0.0334318	-0.0557305	-0.0644417	-0.0576599	-0.0534593	-0.0485582	-0.0375502	-0.0115402	0.0138429	0.00796969	-0.042094	-0.142449	-0.273053	-0.423006	-0.56715	-0.692275	-0.777478	-0.803731	-0.755643	-0.633235	-0.457648	-0.253338	-0.0400569	0.168905	0.364485	0.526675	0.647512	0.727259	0.776118	0.812611	0.836576	0.841851	0.804556	0.713787	0.574721	0.405465	0.217755	0.0391099	-0.124096	-0.253576	-0.324419	-0.315043	-0.233311	-0.103061	0.0416516	0.180338	0.276457	0.314689	0.272904	0.147381	-0.0299106	-0.234023	-0.450618	-0.672439	-0.905439	-1.12905	-1.31651	-1.46221	-1.55404	-1.59254	-1.59338	-1.55993	-1.49206	-1.40769	-1.31131	-1.22114	-1.15486	-1.10339	-1.0537	-1.02689	-1.02873	-1.05101	-1.09449	-1.14487	-1.1938	-1.23806	-1.26715	-1.26831	-1.25445	-1.22694	-1.177	-1.11058	-1.03155	-0.944802	-0.861652	-0.788503	-0.716833	-0.647807	-0.5721	-0.489021	-0.410616	-0.332511	-0.26704	-0.21475	-0.168559	-0.126307	-0.0835731	-0.0448928	0	
0	-0.0834728	-0.147542	-0.180689	-0.185593	-0.175718	-0.157095	-0.122271	-0.069086	-0.0132664	0.0111895	-0.0114599	-0.0862769	-0.193889	-0.326012	-0.464756	-0.597956	-0.701257	-0.748386	-0.725129	-0.630322	-0.481518	-0.296158	-0.0868373	0.135174	0.353763	0.541693	0.678902	0.764253	0.811002	0.836576	0.851521	0.84432	0.789139	0.675719	0.516954	0.332632	0.138652	-0.0425537	-0.199999	-0.320322	-0.377745	-0.355543	-0.261512	-0.128664	0.00997008	0.139633	0.231901	0.270903	0.233071	0.115484	-0.0616855	-0.270935	-0.487812	-0.705082	-0.932918	-1.14399	-1.31269	-1.43705	-1.50549	-1.51988	-1.50234	-1.45855	-1.39158	-1.3202	-1.24636	-1.1749	-1.12446	-1.09188	-1.06164	-1.05454	-1.07096	-1.1061	-1.15838	-1.20473	-1.23691	-1.25915	-1.2671	-1.25017	-1.22066	-1.17931	-1.11933	-1.05089	-0.97832	-0.901189	-0.831829	-0.773203	-0.708364	-0.642321	-0.572944	-0.497634	-0.425826	-0.351699	-0.282847	-0.224739	-0.177891	-0.140164	-0.10017	-0.0550313	0	
0	-0.125389	-0.222417	-0.275577	-0.286599	-0.270883	-0.235191	-0.176303	-0.0937606	-0.00629934	0.0519009	0.0602975	0.012836	-0.0749436	-0.193971	-0.331999	-0.474647	-0.595665	-0.663091	-0.665347	-0.599713	-0.481429	-0.31499	-0.110572	0.122257	0.357955	0.558799	0.701046	0.784384	0.824749	0.841851	0.84432	0.821456	0.746733	0.607808	0.425945	0.222159	0.0115837	-0.180262	-0.33518	-0.443207	-0.484255	-0.448327	-0.345422	-0.214623	-0.0770778	0.0520363	0.147987	0.195152	0.168428	0.0576438	-0.113188	-0.314892	-0.522873	-0.724259	-0.926772	-1.11081	-1.25722	-1.35874	-1.40677	-1.40504	-1.37857	-1.33982	-1.2888	-1.23777	-1.18924	-1.1457	-1.12414	-1.11673	-1.11041	-1.12294	-1.14975	-1.18397	-1.22595	-1.25765	-1.26712	-1.26191	-1.24067	-1.1998	-1.15133	-1.09017	-1.01674	-0.945425	-0.882769	-0.826116	-0.776014	-0.729605	-0.674694	-0.617822	-0.557091	-0.49309	-0.436068	-0.375299	-0.312646	-0.256106	-0.206063	-0.161483	-0.113739	-0.0594683	0	
0	-0.155321	-0.276312	-0.343342	-0.360149	-0.339259	-0.288795	-0.206654	-0.0946193	0.0235367	0.117124	0.155045	0.133076	0.0584396	-0.0547979	-0.194716	-0.34843	-0.483912	-0.573261	-0.59957	-0.564263	-0.472408	-0.322331	-0.12037	0.118729	0.360326	0.561143	0.696719	0.770194	0.80161	0.804556	0.789139	0.746733	0.649699	0.488008	0.280787	0.0537696	-0.174221	-0.37382	-0.521096	-0.608972	-0.633931	-0.58826	-0.482049	-0.348751	-0.205136	-0.0676053	0.0411708	0.100575	0.0846385	-0.0134946	-0.170502	-0.361915	-0.552284	-0.727551	-0.896762	-1.04696	-1.15826	-1.22839	-1.25704	-1.24879	-1.22517	-1.19959	-1.16785	-1.14222	-1.12673	-1.11691	-1.12392	-1.14186	-1.16267	-1.19354	-1.22875	-1.25709	-1.28041	-1.28661	-1.26851	-1.23915	-1.19101	-1.12607	-1.05457	-0.973823	-0.896859	-0.834296	-0.785615	-0.744123	-0.706621	-0.666806	-0.615922	-0.566792	-0.517411	-0.463379	-0.417773	-0.375003	-0.328443	-0.280701	-0.231084	-0.177004	-0.116034	-0.054837	0	
0	-0.1746	-0.311165	-0.391439	-0.415786	-0.396522	-0.336485	-0.234096	-0.0971196	0.0518119	0.174065	0.24054	0.236579	0.169541	0.0581013	-0.0871151	-0.247377	-0.398894	-0.50924	-0.561118	-0.554086	-0.48397	-0.346825	-0.14935	0.0894247	0.325699	0.519483	0.644405	0.707853	0.72807	0.713787	0.675719	0.607808	0.488008	0.298677	0.0626047	-0.187784	-0.427094	-0.623445	-0.751092	-0.81676	-0.823238	-0.76761	-0.654315	-0.510801	-0.35603	-0.208847	-0.0893044	-0.0182356	-0.0191209	-0.0971283	-0.237204	-0.409058	-0.578061	-0.7264	-0.857019	-0.9631	-1.03694	-1.07656	-1.08394	-1.06352	-1.03718	-1.02343	-1.01831	-1.02473	-1.03932	-1.05775	-1.08679	-1.12815	-1.1725	-1.22202	-1.26627	-1.29012	-1.30002	-1.28242	-1.23944	-1.18201	-1.10824	-1.02961	-0.947666	-0.862675	-0.786723	-0.732033	-0.695111	-0.661568	-0.627172	-0.585398	-0.537091	-0.495342	-0.45518	-0.41067	-0.372986	-0.343689	-0.309374	-0.265999	-0.218997	-0.163461	-0.0992207	-0.0427721	0	
0	-0.184336	-0.33277	-0.425649	-0.465307	-0.455106	-0.393827	-0.279549	-0.121584	0.0468671	0.19291	0.276392	0.286015	0.222159	0.110355	-0.0361793	-0.200946	-0.364891	-0.494189	-0.569804	-0.583995	-0.530042	-0.406314	-0.216113	0.00968624	0.235504	0.418721	0.535158	0.592116	0.603244	0.574721	0.516954	0.425945	0.280787	0.0626047	-0.204368	-0.475442	-0.717101	-0.90208	-1.01122	-1.0534	-1.0396	-0.968167	-0.836527	-0.678176	-0.512012	-0.358542	-0.231316	-0.155409	-0.14286	-0.20706	-0.327396	-0.475791	-0.616406	-0.732227	-0.822434	-0.891507	-0.930914	-0.935815	-0.915333	-0.878733	-0.846728	-0.840057	-0.850654	-0.87215	-0.904872	-0.944243	-0.992593	-1.04692	-1.10678	-1.17139	-1.22401	-1.24677	-1.24205	-1.21161	-1.15943	-1.08889	-1.00306	-0.917434	-0.838977	-0.764012	-0.700045	-0.652256	-0.607926	-0.566644	-0.528833	-0.48571	-0.444149	-0.409852	-0.374917	-0.337626	-0.307115	-0.283964	-0.254838	-0.211519	-0.164958	-0.122133	-0.07381	-0.0282826	0	
0	-0.18541	-0.338277	-0.446488	-0.502766	-0.510509	-0.454734	-0.336619	-0.170219	0.00826759	0.160262	0.251909	0.264862	0.202185	0.0888362	-0.0574712	-0.225914	-0.397608	-0.545201	-0.635424	-0.664948	-0.621812	-0.509728	-0.334504	-0.122981	0.0905056	0.266888	0.380951	0.4348	0.440664	0.405465	0.332632	0.222159	0.0537696	-0.187784	-0.475442	-0.751883	-0.989094	-1.16266	-1.26031	-1.28669	-1.25459	-1.15807	-1.00964	-0.83285	-0.657036	-0.498522	-0.371852	-0.293534	-0.279523	-0.333944	-0.437021	-0.562084	-0.677675	-0.76538	-0.819124	-0.847676	-0.846428	-0.819671	-0.777954	-0.730077	-0.691312	-0.678651	-0.681801	-0.698766	-0.728143	-0.772669	-0.82866	-0.895568	-0.966442	-1.03044	-1.07834	-1.0928	-1.08485	-1.05431	-1.00957	-0.948705	-0.868215	-0.791316	-0.723066	-0.662911	-0.612295	-0.568727	-0.521418	-0.472038	-0.426965	-0.380696	-0.340897	-0.312232	-0.282406	-0.248075	-0.220155	-0.20173	-0.175419	-0.134647	-0.104057	-0.0836969	-0.0551075	-0.0261682	0	
0	-0.176006	-0.328075	-0.445401	-0.52017	-0.544781	-0.50099	-0.386922	-0.225085	-0.0535543	0.0872539	0.171643	0.178021	0.110885	-0.00799434	-0.160153	-0.332154	-0.515746	-0.67303	-0.775971	-0.812422	-0.776933	-0.678226	-0.515499	-0.316963	-0.109775	0.0683525	0.184707	0.243301	0.252427	0.217755	0.138652	0.0115837	-0.174221	-0.427094	-0.717101	-0.989094	-1.21664	-1.38165	-1.47137	-1.48376	-1.42823	-1.31555	-1.15469	-0.970298	-0.794007	-0.636231	-0.510212	-0.437034	-0.420626	-0.464647	-0.55527	-0.662373	-0.758055	-0.819819	-0.838727	-0.824287	-0.783998	-0.727743	-0.668349	-0.61122	-0.563519	-0.534336	-0.518794	-0.515339	-0.526791	-0.563579	-0.62007	-0.687128	-0.749808	-0.805494	-0.840974	-0.846574	-0.83577	-0.814342	-0.790409	-0.745691	-0.686652	-0.629622	-0.580722	-0.542012	-0.505089	-0.471032	-0.42552	-0.375403	-0.329655	-0.279632	-0.237002	-0.207631	-0.18351	-0.159598	-0.13577	-0.117999	-0.0999304	-0.0705006	-0.0537688	-0.0534216	-0.0401385	-0.0188921	0	
0	-0.16263	-0.30933	-0.434387	-0.522983	-0.565733	-0.535635	-0.436874	-0.2916	-0.143713	-0.0268388	0.0400595	0.0361908	-0.0347842	-0.161317	-0.317646	-0.497211	-0.685847	-0.852032	-0.963769	-1.00837	-0.98593	-0.901304	-0.751738	-0.561414	-0.350867	-0.166361	-0.0347139	0.0390319	0.0624468	0.0391099	-0.0425537	-0.180262	-0.37382	-0.623445	-0.90208	-1.16266	-1.38165	-1.53741	-1.6173	-1.61261	-1.54086	-1.41576	-1.25274	-1.07249	-0.905109	-0.758078	-0.649304	-0.584183	-0.566023	-0.604164	-0.679854	-0.768113	-0.84401	-0.880099	-0.8638	-0.812444	-0.738861	-0.660674	-0.583547	-0.507031	-0.438472	-0.384762	-0.343698	-0.317306	-0.311484	-0.334882	-0.376778	-0.421667	-0.460077	-0.499335	-0.530806	-0.541024	-0.534576	-0.521841	-0.511947	-0.490509	-0.460559	-0.432887	-0.416482	-0.401172	-0.37517	-0.344504	-0.305667	-0.267185	-0.228194	-0.18265	-0.143152	-0.121079	-0.108146	-0.0938824	-0.0759121	-0.0557315	-0.0404905	-0.0249812	-0.0205389	-0.0276828	-0.0207584	-0.00818598	0	
0	-0.147545	-0.287733	-0.414003	-0.513023	-0.567136	-0.555788	-0.47863	-0.364989	-0.251951	-0.169646	-0.126373	-0.141488	-0.216989	-0.348386	-0.509325	-0.691143	-0.878887	-1.04675	-1.16401	-1.21801	-1.20859	-1.13617	-0.996909	-0.80888	-0.596905	-0.401804	-0.253707	-0.158485	-0.114494	-0.124096	-0.199999	-0.33518	-0.521096	-0.751092	-1.01122	-1.26031	-1.47137	-1.6173	-1.68437	-1.6674	-1.5837	-1.45278	-1.29334	-1.12385	-0.975582	-0.852011	-0.764346	-0.712531	-0.70475	-0.741139	-0.806354	-0.873565	-0.917542	-0.913955	-0.867391	-0.788778	-0.691248	-0.593657	-0.493181	-0.3911	-0.295085	-0.212368	-0.1459	-0.105479	-0.0851669	-0.0859383	-0.103654	-0.123946	-0.136469	-0.155403	-0.178053	-0.19226	-0.197054	-0.195328	-0.196521	-0.197485	-0.204159	-0.21522	-0.232861	-0.245478	-0.235842	-0.211526	-0.180468	-0.152989	-0.131909	-0.107759	-0.0797755	-0.0644343	-0.0575457	-0.0469359	-0.0321895	-0.0170985	-0.010749	-0.00342104	-0.00218429	-0.00799079	-0.00233936	0.00155141	0	
0	-0.129761	-0.256329	-0.377365	-0.473504	-0.534921	-0.539488	-0.493532	-0.420437	-0.351263	-0.310031	-0.292949	-0.322497	-0.401233	-0.535261	-0.696829	-0.873051	-1.05339	-1.21553	-1.33754	-1.39928	-1.40082	-1.33435	-1.20056	-1.01389	-0.800557	-0.597971	-0.432264	-0.316804	-0.256221	-0.253576	-0.320322	-0.443207	-0.608972	-0.81676	-1.0534	-1.28669	-1.48376	-1.61261	-1.6674	-1.64447	-1.55593	-1.42575	-1.2725	-1.11965	-0.993911	-0.891605	-0.826136	-0.794504	-0.801285	-0.842986	-0.896329	-0.934011	-0.941382	-0.905883	-0.834311	-0.728757	-0.606191	-0.484976	-0.363321	-0.238357	-0.123897	-0.0230098	0.0602989	0.119795	0.160571	0.176641	0.173662	0.172676	0.187493	0.188254	0.176654	0.168457	0.162973	0.15304	0.128672	0.0942743	0.0520005	0.00988559	-0.0371429	-0.0750292	-0.0884958	-0.087581	-0.0806187	-0.0720746	-0.0654936	-0.0626323	-0.0543618	-0.0455872	-0.0345248	-0.0162355	-0.000516987	0.00716271	0.00293628	0.00233638	0.00681419	0.00603256	0.00679739	0.00493024	0	
0	-0.109705	-0.221079	-0.324576	-0.412432	-0.469436	-0.491264	-0.477814	-0.44769	-0.424953	-0.419507	-0.431584	-0.472113	-0.554516	-0.685989	-0.841213	-1.00755	-1.17514	-1.33118	-1.45632	-1.52367	-1.52831	-1.46078	-1.32561	-1.13916	-0.9248	-0.714908	-0.534857	-0.40566	-0.333123	-0.324419	-0.377745	-0.484255	-0.633931	-0.823238	-1.0396	-1.25459	-1.42823	-1.54086	-1.5837	-1.55593	-1.46729	-1.34215	-1.19805	-1.06828	-0.960922	-0.878665	-0.833574	-0.820395	-0.84006	-0.879933	-0.911649	-0.921713	-0.899887	-0.836399	-0.742852	-0.614964	-0.464485	-0.31803	-0.176041	-0.038273	0.0850943	0.193483	0.28727	0.357232	0.402981	0.431573	0.440377	0.452689	0.481103	0.497787	0.500938	0.497812	0.491566	0.472759	0.431223	0.363861	0.288449	0.224553	0.159605	0.0996985	0.0532288	0.0173368	-0.0115561	-0.0293953	-0.0420752	-0.0567128	-0.0576518	-0.0531206	-0.0389281	-0.0123794	0.00456457	0.0112074	0.00611441	0.00379211	0.0153762	0.0199665	0.0154608	0.00964617	0	
0	-0.0869543	-0.173725	-0.255416	-0.320768	-0.371079	-0.403875	-0.422593	-0.43307	-0.449421	-0.476768	-0.513465	-0.565261	-0.648629	-0.769648	-0.911642	-1.0631	-1.21579	-1.36704	-1.49029	-1.5586	-1.55914	-1.48413	-1.34827	-1.16202	-0.949471	-0.736149	-0.549138	-0.41147	-0.334214	-0.315043	-0.355543	-0.448327	-0.58826	-0.76761	-0.968167	-1.15807	-1.31555	-1.41576	-1.45278	-1.42575	-1.34215	-1.22057	-1.08716	-0.967877	-0.872182	-0.809375	-0.784996	-0.786259	-0.806959	-0.828823	-0.832365	-0.815055	-0.766415	-0.683141	-0.574143	-0.428637	-0.263015	-0.102465	0.0486619	0.193076	0.32124	0.428587	0.517412	0.576984	0.619944	0.654023	0.674362	0.696814	0.733641	0.761029	0.767103	0.764807	0.75198	0.726011	0.675266	0.587573	0.492613	0.408043	0.325569	0.24665	0.172217	0.103314	0.0395946	-0.00740409	-0.0412269	-0.0687609	-0.0762782	-0.0734753	-0.0644585	-0.0451409	-0.025767	-0.0110871	-0.00219592	0.00512181	0.0138117	0.0198328	0.0179841	0.00893052	0	
