0	0	0	0	0	0	0	0	0	0	0	0	0	0	0	0	0	0	0	0	0	0	0	0	0	0	0	0	0	0	0	0	0	0	0	0	0	0	0	0	0	0	0	0	0	0	0	0	0	0	0	0	0	0	0	0	0	0	0	0	0	0	0	0	0	0	0	0	0	0	0	0	0	0	0	0	0	0	0	0	0	0	0	0	0	0	0	0	0	0	0	0	0	0	0	0	0	0	0	0	
0	0.0329582	0.0251422	-0.0143997	-0.0480243	-0.0354654	-0.00167108	0.0240969	0.0191249	-0.0187886	-0.0594979	-0.115823	-0.1422	-0.130119	-0.101298	-0.0492884	0.025488	0.108288	0.168555	0.223317	0.261456	0.284229	0.266948	0.225429	0.175889	0.123466	0.0577083	-0.0182716	-0.095919	-0.145516	-0.163829	-0.146691	-0.113249	-0.0747257	-0.0420693	-0.0185825	-0.00448178	0.00458489	0.0068195	0.00915224	0.00778492	0.00585538	0.00405127	0.00104363	-0.0028449	-0.00180287	-0.0056127	-0.000309589	0.00114306	0.0107006	0.0119622	0.0168681	0.0156632	0.00479583	0.000532701	-0.0105788	0.00165478	0.0213485	0.0232644	0.0179399	-0.00421897	-0.0104682	0.0163629	0.0360147	0.0357937	0.0172998	-0.00892282	-0.0095707	0.0179601	0.0558561	0.101189	0.136267	0.13746	0.111553	0.069151	0.00441344	-0.0742231	-0.142738	-0.19512	-0.239576	-0.26908	-0.26655	-0.232432	-0.18471	-0.134265	-0.0754705	-0.00214634	0.0766035	0.139893	0.170716	0.166597	0.138096	0.100252	0.0649596	0.0380688	0.0203722	0.0100123	0.00448518	0.00166079	0	
0	0.0251422	0.00472142	-0.0252108	-0.0408662	-0.0353548	-0.00455	0.0185636	-0.00463234	-0.0614945	-0.136936	-0.217171	-0.252471	-0.232084	-0.169323	-0.0704047	0.0692973	0.215045	0.335922	0.430638	0.506547	0.53947	0.506512	0.427011	0.329806	0.222646	0.0945037	-0.0578645	-0.201274	-0.301827	-0.332527	-0.304369	-0.238578	-0.165372	-0.102352	-0.0558107	-0.0282568	-0.0100941	-0.00336331	0.00260161	0.00363568	0.00602619	0.0068681	0.00907596	0.00965939	0.0130983	0.0119465	0.0151755	0.0132897	0.0116663	0.0120234	0.00949324	0.00843498	0.00854167	0.0142925	0.0150116	0.0165385	0.024105	0.0279949	0.0184968	0.00160977	0.00988909	0.0372346	0.05358	0.0554927	0.0316015	-0.00473086	-0.00256831	0.0457196	0.117094	0.199679	0.259428	0.260486	0.21148	0.126434	-0.000126615	-0.150045	-0.283513	-0.388787	-0.475137	-0.528851	-0.52247	-0.457809	-0.365171	-0.263338	-0.144237	0.000489566	0.152787	0.274276	0.333777	0.326594	0.272269	0.199164	0.130201	0.0770494	0.0416596	0.0206922	0.00936499	0.0034966	0	
0	-0.0143997	-0.0252108	-0.0305859	-0.0271322	-0.0207509	-0.00560118	-0.00264033	-0.0424961	-0.117845	-0.218578	-0.305865	-0.347161	-0.317718	-0.222175	-0.0743595	0.121584	0.323605	0.502351	0.640799	0.747545	0.783174	0.738676	0.626352	0.483842	0.319214	0.126523	-0.0936251	-0.29531	-0.436934	-0.481093	-0.443386	-0.351628	-0.246819	-0.155086	-0.0866782	-0.0432298	-0.0176642	-0.0036051	0.00326332	0.00773943	0.0109493	0.0133878	0.0163695	0.0192713	0.0200057	0.0223233	0.0190972	0.019098	0.0121701	0.0106975	0.00979989	0.0123222	0.0198041	0.029132	0.0380249	0.0280222	0.0163503	0.0189393	0.0262372	0.033606	0.0384555	0.0470157	0.0609273	0.061408	0.0389565	0.0180337	0.0329979	0.0931726	0.186826	0.28955	0.358057	0.35758	0.288659	0.160912	-0.0208178	-0.229111	-0.421228	-0.578864	-0.701577	-0.770599	-0.758636	-0.669492	-0.536424	-0.381697	-0.200396	0.0114682	0.22751	0.397907	0.482263	0.474052	0.398928	0.29544	0.195909	0.117736	0.0646944	0.0326643	0.0150167	0.0056774	0	
0	-0.0480243	-0.0408662	-0.0271322	-0.0164942	-0.0135879	-0.0279422	-0.0460136	-0.0903991	-0.178239	-0.286172	-0.374414	-0.415643	-0.379156	-0.256242	-0.0609038	0.180565	0.433307	0.664081	0.851144	0.973801	1.01142	0.955681	0.818787	0.631907	0.408417	0.150501	-0.124418	-0.375104	-0.54431	-0.60411	-0.558963	-0.44936	-0.317985	-0.199605	-0.110388	-0.0498769	-0.0157584	0.00519074	0.0130253	0.0190103	0.01939	0.0202765	0.0196062	0.0187517	0.0169963	0.018556	0.0153294	0.0185722	0.021298	0.0208232	0.0246944	0.0298812	0.0291461	0.0308531	0.0392922	0.0358003	0.0245701	0.0191807	0.036532	0.0653532	0.0674325	0.0583841	0.0577581	0.0515734	0.0506939	0.06629	0.0974853	0.162968	0.263956	0.363756	0.424809	0.42029	0.33241	0.164246	-0.0616551	-0.313338	-0.555967	-0.761853	-0.912235	-0.986923	-0.968397	-0.861383	-0.692373	-0.483538	-0.239655	0.032181	0.298723	0.506111	0.610617	0.604242	0.515096	0.387867	0.262087	0.160704	0.0901528	0.0464697	0.0217835	0.00836289	0	
0	-0.0354654	-0.0353548	-0.0207509	-0.0135879	-0.0316889	-0.0681371	-0.108458	-0.163905	-0.248148	-0.343531	-0.412943	-0.440839	-0.392867	-0.24466	-0.0155761	0.255721	0.542586	0.817494	1.03646	1.16649	1.20063	1.13652	0.981153	0.752512	0.470614	0.156146	-0.162934	-0.444072	-0.63385	-0.705616	-0.660853	-0.541202	-0.390709	-0.251521	-0.141876	-0.0672104	-0.0219095	0.00400716	0.0158631	0.0219453	0.0236291	0.0223619	0.022259	0.0194292	0.0177746	0.0186487	0.01881	0.0216866	0.029248	0.0354341	0.0392252	0.0455613	0.04286	0.0286464	0.0270247	0.0359475	0.0421294	0.0456744	0.0575581	0.0789961	0.0844684	0.067759	0.0477185	0.0477523	0.084382	0.135079	0.182205	0.251235	0.341441	0.416384	0.457376	0.442	0.333444	0.13251	-0.123357	-0.405112	-0.688218	-0.93242	-1.09952	-1.17248	-1.14764	-1.02767	-0.825893	-0.563374	-0.260061	0.0614042	0.363371	0.595119	0.715089	0.713995	0.618587	0.47534	0.32851	0.206244	0.1185	0.0625339	0.0299586	0.0116967	0	
0	-0.00167108	-0.00455	-0.00560118	-0.0279422	-0.0681371	-0.120884	-0.199201	-0.270024	-0.329668	-0.382133	-0.413454	-0.412368	-0.33992	-0.178301	0.0660779	0.347243	0.653949	0.953435	1.18603	1.31606	1.34455	1.27434	1.10303	0.834909	0.501727	0.141131	-0.206592	-0.503265	-0.704796	-0.787425	-0.74944	-0.62811	-0.467209	-0.311429	-0.185926	-0.0961901	-0.042048	-0.00979283	0.00639218	0.0131905	0.0191124	0.0203276	0.0226553	0.0279638	0.027987	0.0334443	0.0380334	0.037572	0.040669	0.0437335	0.039607	0.0382417	0.0464538	0.038998	0.0299369	0.0430305	0.0635257	0.0778355	0.081803	0.0833117	0.0799382	0.0634989	0.0549053	0.0799357	0.139497	0.212195	0.280614	0.347067	0.406148	0.444049	0.456229	0.417534	0.286912	0.0667483	-0.205095	-0.506791	-0.817039	-1.08363	-1.25652	-1.32437	-1.29391	-1.16245	-0.929654	-0.617149	-0.262492	0.0954752	0.417797	0.662395	0.793928	0.801814	0.708068	0.556895	0.394716	0.254332	0.149961	0.0811431	0.0397714	0.0158004	0	
0	0.0240969	0.0185636	-0.00264033	-0.0460136	-0.108458	-0.199201	-0.306584	-0.371108	-0.395396	-0.40177	-0.391758	-0.34411	-0.246082	-0.0725526	0.176517	0.461475	0.780854	1.08391	1.31648	1.44001	1.46383	1.38198	1.19324	0.885875	0.512634	0.116883	-0.24431	-0.546277	-0.753206	-0.845818	-0.821678	-0.703246	-0.541144	-0.369484	-0.230251	-0.123497	-0.056714	-0.0171043	0.00678655	0.0164032	0.0238516	0.0302996	0.0307458	0.0394435	0.0427671	0.0443854	0.0525558	0.0503714	0.0465918	0.046466	0.0399669	0.0279129	0.0349473	0.0528146	0.0615425	0.0716376	0.0884576	0.0964013	0.0829583	0.0709555	0.0728346	0.0768765	0.0959163	0.140333	0.2082	0.298457	0.382208	0.429506	0.446929	0.446229	0.419819	0.344736	0.195537	-0.0287958	-0.306434	-0.618878	-0.93835	-1.20835	-1.37883	-1.44162	-1.40493	-1.25978	-0.99762	-0.643472	-0.250658	0.129067	0.458438	0.706875	0.847316	0.867756	0.783016	0.631716	0.46003	0.304638	0.184513	0.102431	0.0513762	0.0207676	0	
0	0.0191249	-0.00463234	-0.0424961	-0.0903991	-0.163905	-0.270024	-0.371108	-0.422964	-0.433546	-0.41156	-0.354063	-0.259286	-0.130881	0.0605017	0.305084	0.598085	0.916428	1.20576	1.42616	1.54685	1.55933	1.46652	1.25108	0.916179	0.5129	0.101076	-0.264824	-0.561618	-0.772642	-0.874403	-0.868849	-0.76091	-0.600588	-0.421449	-0.264187	-0.14489	-0.059885	-0.0116614	0.0196588	0.0364296	0.0421736	0.0505741	0.0495808	0.0484391	0.0511458	0.0433441	0.0413919	0.0430258	0.0362649	0.0377141	0.0506034	0.0524941	0.0568559	0.0751872	0.0902953	0.0931181	0.0909493	0.0916398	0.0802329	0.0677716	0.0834542	0.117923	0.162056	0.219881	0.295446	0.3887	0.462171	0.480708	0.461471	0.419835	0.343669	0.228295	0.0687257	-0.150122	-0.426864	-0.737426	-1.04512	-1.30165	-1.46534	-1.52373	-1.47749	-1.31453	-1.02684	-0.644458	-0.230488	0.156369	0.482575	0.729033	0.877056	0.913138	0.843599	0.699161	0.523631	0.356579	0.221903	0.126378	0.0648447	0.0266583	0	
0	-0.0187886	-0.0614945	-0.117845	-0.178239	-0.248148	-0.329668	-0.395396	-0.433546	-0.428239	-0.364973	-0.26189	-0.131036	0.0224008	0.209038	0.438914	0.726615	1.01792	1.27841	1.48621	1.60193	1.60637	1.50118	1.26151	0.918429	0.503614	0.0966173	-0.262451	-0.549944	-0.75928	-0.875617	-0.886547	-0.801078	-0.644677	-0.467942	-0.297312	-0.167605	-0.0726006	-0.0142547	0.0167393	0.037952	0.0423551	0.0469207	0.0495494	0.0437197	0.0462709	0.0439793	0.0388992	0.0435507	0.0493895	0.0485314	0.0657249	0.0827201	0.0886103	0.0970078	0.0983293	0.0938808	0.0845214	0.0815334	0.0858901	0.0917023	0.123146	0.180967	0.246952	0.318805	0.391825	0.459719	0.503261	0.497617	0.445841	0.355613	0.228122	0.0808817	-0.0834639	-0.294894	-0.562291	-0.853151	-1.13015	-1.36252	-1.51703	-1.56897	-1.50758	-1.32412	-1.01887	-0.625696	-0.208946	0.172347	0.488917	0.730735	0.886115	0.940147	0.890513	0.758772	0.58463	0.409383	0.261683	0.15282	0.0801627	0.0334952	0	
0	-0.0594979	-0.136936	-0.218578	-0.286172	-0.343531	-0.382133	-0.40177	-0.41156	-0.364973	-0.255857	-0.115491	0.0415242	0.204377	0.378387	0.59143	0.848171	1.0903	1.31805	1.5045	1.60832	1.60392	1.47596	1.22624	0.886556	0.482608	0.0944145	-0.251385	-0.52744	-0.735774	-0.867138	-0.897254	-0.837319	-0.691725	-0.519469	-0.341581	-0.200659	-0.096627	-0.0298048	0.00633161	0.0259284	0.0363842	0.0347749	0.0427335	0.0392777	0.0439582	0.0508954	0.0563151	0.0624991	0.0773998	0.0839015	0.0876468	0.0994102	0.0986354	0.0979963	0.0950289	0.087198	0.0824904	0.0900042	0.113472	0.141465	0.191035	0.269074	0.349662	0.418505	0.466713	0.495868	0.508434	0.478289	0.387374	0.24857	0.0838364	-0.0841878	-0.255198	-0.458531	-0.702007	-0.954526	-1.18963	-1.39323	-1.53442	-1.57374	-1.49213	-1.2903	-0.980145	-0.595198	-0.192574	0.17375	0.47783	0.714895	0.878096	0.951449	0.924822	0.810294	0.642154	0.462174	0.30326	0.181461	0.0972316	0.041261	0	
0	-0.115823	-0.217171	-0.305865	-0.374414	-0.412943	-0.413454	-0.391758	-0.354063	-0.26189	-0.115491	0.0547468	0.232074	0.409827	0.579246	0.768966	0.969842	1.16036	1.34769	1.4997	1.58263	1.55491	1.40339	1.15546	0.827987	0.45478	0.0896325	-0.238955	-0.504929	-0.716334	-0.859086	-0.914003	-0.875706	-0.749255	-0.579101	-0.398777	-0.243762	-0.127969	-0.0498892	-0.00155311	0.0216252	0.0412212	0.0441695	0.0529387	0.0586805	0.0613076	0.0713198	0.0792413	0.0865086	0.0950573	0.103706	0.102394	0.103234	0.096586	0.0896423	0.090237	0.0918236	0.0970152	0.118921	0.170124	0.228927	0.290465	0.367697	0.441568	0.491285	0.508337	0.499912	0.475987	0.410055	0.279944	0.10857	-0.0763502	-0.261265	-0.44138	-0.628742	-0.830949	-1.03338	-1.22417	-1.39602	-1.51549	-1.5342	-1.4317	-1.22019	-0.92086	-0.561624	-0.186184	0.159594	0.451199	0.685026	0.856755	0.949843	0.947808	0.853677	0.695433	0.51405	0.345946	0.211906	0.115875	0.0498991	0	
0	-0.1422	-0.252471	-0.347161	-0.415643	-0.440839	-0.412368	-0.34411	-0.259286	-0.131036	0.0415242	0.232074	0.433192	0.623436	0.786243	0.935008	1.07538	1.21941	1.35905	1.4728	1.52277	1.46923	1.30727	1.07382	0.773788	0.444484	0.103697	-0.203092	-0.465431	-0.679133	-0.833724	-0.91434	-0.895564	-0.793837	-0.625561	-0.44738	-0.278682	-0.151942	-0.0614561	-0.00361592	0.0291778	0.0506793	0.0649794	0.0725545	0.084515	0.0898136	0.0969387	0.101774	0.104135	0.104562	0.103714	0.098149	0.0978679	0.0914151	0.0845544	0.0937483	0.115804	0.149448	0.19384	0.259737	0.332937	0.394895	0.454043	0.502903	0.526863	0.515767	0.467125	0.393981	0.2885	0.135044	-0.0502076	-0.248235	-0.448187	-0.629597	-0.786913	-0.93698	-1.08783	-1.23552	-1.3697	-1.45647	-1.44951	-1.33253	-1.1255	-0.852761	-0.532382	-0.192099	0.131058	0.411983	0.644774	0.825623	0.938015	0.960865	0.889084	0.743851	0.564157	0.389012	0.243682	0.135848	0.0593156	0	
0	-0.130119	-0.232084	-0.317718	-0.379156	-0.392867	-0.33992	-0.246082	-0.130881	0.0224008	0.204377	0.409827	0.623436	0.816078	0.959213	1.06263	1.15767	1.25673	1.35244	1.42077	1.43641	1.36481	1.21255	1.00285	0.748217	0.459384	0.150763	-0.141768	-0.400826	-0.619106	-0.787326	-0.888204	-0.894732	-0.811149	-0.655213	-0.473208	-0.298558	-0.157723	-0.0564028	0.00964074	0.0497343	0.0732895	0.0872586	0.096138	0.102965	0.105624	0.109977	0.109081	0.105323	0.100049	0.0957698	0.0834328	0.0849148	0.0984095	0.110342	0.137838	0.181856	0.236461	0.295273	0.364017	0.431523	0.47695	0.510922	0.531905	0.523791	0.475732	0.382123	0.262819	0.130043	-0.0318716	-0.224042	-0.431649	-0.634547	-0.799934	-0.917317	-1.016	-1.11914	-1.22198	-1.30951	-1.35541	-1.32495	-1.20654	-1.02018	-0.78653	-0.512284	-0.210105	0.090929	0.363649	0.597542	0.787781	0.918389	0.965416	0.916873	0.786991	0.611745	0.431734	0.276268	0.156854	0.0693839	0	
0	-0.101298	-0.169323	-0.222175	-0.256242	-0.24466	-0.178301	-0.0725526	0.0605017	0.209038	0.378387	0.579246	0.786243	0.959213	1.07234	1.1462	1.20023	1.25906	1.30608	1.32755	1.31396	1.24326	1.11383	0.945808	0.738007	0.493984	0.215222	-0.063657	-0.321338	-0.544675	-0.725685	-0.84533	-0.875813	-0.813376	-0.66949	-0.491345	-0.309299	-0.160671	-0.0491365	0.0243591	0.0669266	0.0920336	0.104597	0.105355	0.110007	0.102063	0.0976086	0.0940258	0.0882438	0.0837759	0.092334	0.0986574	0.108339	0.138027	0.174793	0.22224	0.280586	0.343623	0.398553	0.451722	0.505522	0.532564	0.533508	0.51537	0.466532	0.378592	0.24891	0.0998066	-0.0492097	-0.216666	-0.412377	-0.616146	-0.800655	-0.93576	-1.01437	-1.06891	-1.12545	-1.17714	-1.21116	-1.21634	-1.17267	-1.06903	-0.917275	-0.729763	-0.503094	-0.238023	0.0428192	0.309647	0.54625	0.745761	0.893067	0.962863	0.937575	0.824643	0.6562	0.473436	0.309129	0.178559	0.0799517	0	
0	-0.0492884	-0.0704047	-0.0743595	-0.0609038	-0.0155761	0.0660779	0.176517	0.305084	0.438914	0.59143	0.768966	0.935008	1.06263	1.1462	1.18119	1.19004	1.19944	1.19095	1.17156	1.14614	1.09206	1.00526	0.886119	0.728305	0.529102	0.278505	0.0139048	-0.242618	-0.471946	-0.662322	-0.802394	-0.853125	-0.815995	-0.686662	-0.516157	-0.334501	-0.179213	-0.064271	0.0127632	0.0585189	0.0780679	0.0931736	0.090381	0.0920228	0.0905058	0.0862226	0.0866286	0.0925962	0.0975016	0.115116	0.144682	0.178283	0.225362	0.2724	0.324397	0.382504	0.440129	0.486874	0.520523	0.546858	0.543422	0.503938	0.440233	0.351171	0.23471	0.0858424	-0.0820361	-0.246293	-0.416908	-0.601983	-0.780377	-0.930199	-1.03251	-1.07946	-1.09386	-1.09939	-1.0943	-1.07636	-1.051	-1.00928	-0.934921	-0.826354	-0.686153	-0.503983	-0.272599	-0.00957882	0.253023	0.493242	0.701559	0.863821	0.954544	0.95186	0.856802	0.697072	0.51352	0.34174	0.200607	0.0908484	0	
0	0.025488	0.0692973	0.121584	0.180565	0.255721	0.347243	0.461475	0.598085	0.726615	0.848171	0.969842	1.07538	1.15767	1.20023	1.19004	1.14685	1.09517	1.0337	0.986751	0.95953	0.933593	0.893859	0.81823	0.708493	0.543126	0.320325	0.0661552	-0.189891	-0.422993	-0.625598	-0.778175	-0.85409	-0.834377	-0.726264	-0.560341	-0.380902	-0.220502	-0.0969735	-0.0169025	0.0356165	0.0581741	0.0734611	0.0780109	0.0821853	0.0881553	0.0974846	0.111777	0.132331	0.159189	0.191157	0.229966	0.269361	0.323903	0.379593	0.428424	0.476817	0.521029	0.54576	0.545904	0.533985	0.492758	0.413201	0.31257	0.195466	0.0607434	-0.100104	-0.281774	-0.455189	-0.615021	-0.769362	-0.90782	-1.02001	-1.09345	-1.11138	-1.08273	-1.03272	-0.97324	-0.9156	-0.876565	-0.851567	-0.815525	-0.752312	-0.655882	-0.512493	-0.31039	-0.063031	0.196231	0.440302	0.656701	0.832121	0.941718	0.960499	0.883643	0.734071	0.551483	0.373607	0.222642	0.101893	0	
0	0.108288	0.215045	0.323605	0.433307	0.542586	0.653949	0.780854	0.916428	1.01792	1.0903	1.16036	1.21941	1.25673	1.25906	1.19944	1.09517	0.983014	0.880435	0.815489	0.794182	0.799777	0.796826	0.761249	0.684835	0.54841	0.346208	0.101169	-0.155353	-0.392842	-0.60529	-0.770221	-0.865714	-0.865135	-0.772723	-0.614275	-0.433219	-0.265027	-0.131835	-0.0383171	0.0225224	0.0581393	0.0824357	0.0981995	0.113157	0.131865	0.14943	0.176196	0.207941	0.242135	0.286183	0.337906	0.382044	0.430935	0.478756	0.516541	0.542397	0.556039	0.550369	0.51232	0.45715	0.381692	0.274115	0.148662	0.0115551	-0.138148	-0.306932	-0.490367	-0.654471	-0.785533	-0.898427	-0.996316	-1.07437	-1.1183	-1.10201	-1.02639	-0.924286	-0.823861	-0.746063	-0.710785	-0.71235	-0.716831	-0.695752	-0.63679	-0.525603	-0.348413	-0.115037	0.141094	0.388736	0.612342	0.799183	0.925545	0.964319	0.90549	0.767064	0.586929	0.404287	0.244317	0.112904	0	
0	0.168555	0.335922	0.502351	0.664081	0.817494	0.953435	1.08391	1.20576	1.27841	1.31805	1.34769	1.35905	1.35244	1.30608	1.19095	1.0337	0.880435	0.756403	0.690334	0.685671	0.717733	0.748612	0.741651	0.691372	0.575773	0.390747	0.151867	-0.10393	-0.347714	-0.566726	-0.743774	-0.854802	-0.871348	-0.793694	-0.640651	-0.458888	-0.281592	-0.136901	-0.0317005	0.0425442	0.0879068	0.123739	0.151054	0.176259	0.207149	0.238514	0.273044	0.315053	0.357013	0.396486	0.446122	0.484741	0.520507	0.549533	0.55885	0.553435	0.530808	0.486526	0.413724	0.327818	0.229006	0.101038	-0.0453129	-0.19936	-0.35655	-0.518104	-0.682335	-0.819465	-0.914842	-0.988463	-1.0498	-1.09226	-1.09898	-1.04248	-0.923776	-0.784378	-0.663978	-0.586087	-0.56718	-0.598392	-0.639797	-0.65436	-0.625725	-0.540547	-0.384471	-0.163879	0.0888774	0.339476	0.569352	0.766003	0.907077	0.964172	0.922781	0.796054	0.619573	0.433398	0.265309	0.123702	0	
0	0.223317	0.430638	0.640799	0.851144	1.03646	1.18603	1.31648	1.42616	1.48621	1.5045	1.4997	1.4728	1.42077	1.32755	1.17156	0.986751	0.815489	0.690334	0.635937	0.645012	0.699766	0.753089	0.766128	0.73392	0.633443	0.461161	0.228934	-0.0285428	-0.275529	-0.5027	-0.687568	-0.813247	-0.843526	-0.778885	-0.630998	-0.446296	-0.260594	-0.1021	0.0162995	0.103481	0.162243	0.205935	0.24522	0.276168	0.314382	0.350024	0.389155	0.428578	0.469616	0.502041	0.533729	0.55315	0.560103	0.559036	0.537015	0.494664	0.439151	0.370123	0.272117	0.157939	0.0373975	-0.105897	-0.264381	-0.422522	-0.570335	-0.706261	-0.836215	-0.940756	-1.00399	-1.04249	-1.0652	-1.06437	-1.02718	-0.933217	-0.786583	-0.632098	-0.512978	-0.449628	-0.452525	-0.510605	-0.581902	-0.624537	-0.619606	-0.555246	-0.417192	-0.208525	0.0403992	0.293182	0.528393	0.733404	0.887255	0.960893	0.936029	0.82116	0.64923	0.460626	0.285328	0.134121	0	
0	0.261456	0.506547	0.747545	0.973801	1.16649	1.31606	1.44001	1.54685	1.60193	1.60832	1.58263	1.52277	1.43641	1.31396	1.14614	0.95953	0.794182	0.685671	0.645012	0.668874	0.739828	0.807777	0.836512	0.817251	0.728152	0.568808	0.34062	0.084966	-0.166855	-0.39925	-0.591564	-0.729495	-0.771929	-0.720015	-0.577056	-0.391699	-0.19771	-0.0293586	0.103018	0.19874	0.269977	0.319299	0.364353	0.399351	0.435116	0.467772	0.496972	0.524238	0.545611	0.557503	0.566553	0.557149	0.533563	0.501857	0.451777	0.384332	0.299937	0.203745	0.0853168	-0.0487373	-0.184483	-0.33351	-0.488113	-0.630488	-0.751769	-0.853185	-0.947468	-1.02172	-1.05445	-1.05457	-1.03151	-0.982695	-0.905352	-0.788425	-0.635844	-0.488099	-0.385493	-0.343377	-0.367136	-0.445876	-0.539053	-0.602691	-0.616018	-0.568417	-0.44591	-0.248466	-0.00385295	0.250317	0.489979	0.702061	0.866904	0.955285	0.94579	0.84259	0.675812	0.485725	0.304123	0.14401	0	
0	0.284229	0.53947	0.783174	1.01142	1.20063	1.34455	1.46383	1.55933	1.60637	1.60392	1.55491	1.46923	1.36481	1.24326	1.09206	0.933593	0.799777	0.717733	0.699766	0.739828	0.824142	0.90606	0.94899	0.939754	0.864542	0.714032	0.493999	0.238959	-0.0160513	-0.25167	-0.452881	-0.598061	-0.655823	-0.61275	-0.47939	-0.29392	-0.0972088	0.0776436	0.215235	0.316334	0.386431	0.4358	0.474591	0.501086	0.527528	0.545953	0.558571	0.565383	0.566241	0.54845	0.529254	0.498535	0.44771	0.38927	0.312812	0.218946	0.112301	-0.00286508	-0.136982	-0.282639	-0.418198	-0.55257	-0.684487	-0.799493	-0.890404	-0.958745	-1.01907	-1.06102	-1.05753	-1.01278	-0.941886	-0.852036	-0.750433	-0.631487	-0.493618	-0.367612	-0.288269	-0.267117	-0.306976	-0.399293	-0.507101	-0.58596	-0.613384	-0.579452	-0.470465	-0.283558	-0.0436211	0.211205	0.454508	0.672529	0.846745	0.94809	0.952635	0.860618	0.699307	0.508515	0.321484	0.153238	0	
0	0.266948	0.506512	0.738676	0.955681	1.13652	1.27434	1.38198	1.46652	1.50118	1.47596	1.40339	1.30727	1.21255	1.11383	1.00526	0.893859	0.796826	0.748612	0.753089	0.807777	0.90606	1.00187	1.05734	1.06359	0.998473	0.862924	0.649473	0.398437	0.142363	-0.0982546	-0.303285	-0.461119	-0.528173	-0.501453	-0.375659	-0.197417	-0.00170061	0.173675	0.311749	0.40936	0.478063	0.515068	0.545499	0.556886	0.563356	0.563979	0.555582	0.538792	0.518347	0.483142	0.436891	0.377952	0.302129	0.219617	0.122233	0.00870826	-0.116203	-0.241644	-0.373843	-0.510022	-0.628477	-0.737252	-0.840073	-0.925502	-0.987072	-1.02317	-1.04584	-1.04756	-1.00156	-0.91286	-0.804525	-0.692086	-0.587668	-0.48561	-0.375553	-0.277272	-0.220714	-0.216127	-0.266202	-0.365897	-0.482678	-0.572417	-0.610866	-0.58823	-0.491018	-0.313886	-0.0788022	0.176073	0.422293	0.645262	0.827391	0.939982	0.957122	0.875555	0.719768	0.528874	0.337241	0.16169	0	
0	0.225429	0.427011	0.626352	0.818787	0.981153	1.10303	1.19324	1.25108	1.26151	1.22624	1.15546	1.07382	1.00285	0.945808	0.886119	0.81823	0.761249	0.741651	0.766128	0.836512	0.94899	1.05734	1.13227	1.14941	1.10279	0.97822	0.776606	0.529968	0.273183	0.0315341	-0.181923	-0.345568	-0.429644	-0.412998	-0.303602	-0.132291	0.0563096	0.225991	0.360382	0.450041	0.508394	0.537178	0.550493	0.54945	0.540559	0.521374	0.493237	0.455508	0.408318	0.345112	0.278251	0.201212	0.103146	-0.000390544	-0.112512	-0.232997	-0.357721	-0.475069	-0.590117	-0.705576	-0.799854	-0.879496	-0.95294	-1.00931	-1.03888	-1.03651	-1.01432	-0.971617	-0.886817	-0.767624	-0.642278	-0.52941	-0.440433	-0.366262	-0.287943	-0.216029	-0.177636	-0.183973	-0.239097	-0.341645	-0.463444	-0.560962	-0.608154	-0.594915	-0.507896	-0.339658	-0.109393	0.145071	0.39358	0.620627	0.809362	0.931561	0.95978	0.887731	0.737291	0.546733	0.351264	0.169274	0	
0	0.175889	0.329806	0.483842	0.631907	0.752512	0.834909	0.885875	0.916179	0.918429	0.886556	0.827987	0.773788	0.748217	0.738007	0.728305	0.708493	0.684835	0.691372	0.73392	0.817251	0.939754	1.06359	1.14941	1.18359	1.14764	1.03819	0.844995	0.604335	0.348017	0.103776	-0.113458	-0.287223	-0.38054	-0.38016	-0.280364	-0.120889	0.0612806	0.225935	0.352297	0.435435	0.483349	0.496491	0.496816	0.47551	0.445182	0.407746	0.358064	0.29813	0.235415	0.154853	0.0635462	-0.0315424	-0.139265	-0.246061	-0.355984	-0.4684	-0.578516	-0.67768	-0.7698	-0.859608	-0.927977	-0.979279	-1.02111	-1.0419	-1.03173	-0.985606	-0.918722	-0.839257	-0.731487	-0.603256	-0.482708	-0.386695	-0.322967	-0.27881	-0.22916	-0.178267	-0.152274	-0.164567	-0.221084	-0.323673	-0.447965	-0.551081	-0.605258	-0.599816	-0.521491	-0.361145	-0.135453	0.118298	0.368562	0.598923	0.793089	0.923346	0.961092	0.897474	0.752005	0.56206	0.363456	0.175917	0	
0	0.123466	0.222646	0.319214	0.408417	0.470614	0.501727	0.512634	0.5129	0.503614	0.482608	0.45478	0.444484	0.459384	0.493984	0.529102	0.543126	0.54841	0.575773	0.633443	0.728152	0.864542	0.998473	1.10279	1.14764	1.12865	1.02988	0.848548	0.612587	0.358222	0.112452	-0.109784	-0.289702	-0.396364	-0.406181	-0.322335	-0.171683	4.75834e-05	0.155383	0.275123	0.34532	0.382564	0.383121	0.365676	0.330867	0.283864	0.226095	0.15979	0.0828224	0.000209579	-0.0903914	-0.183936	-0.277374	-0.382005	-0.482765	-0.578325	-0.67287	-0.764395	-0.840447	-0.905882	-0.970234	-1.01099	-1.02744	-1.02958	-1.00844	-0.956122	-0.870732	-0.771748	-0.674116	-0.564687	-0.447636	-0.347149	-0.276211	-0.238932	-0.220659	-0.193184	-0.157032	-0.138418	-0.153161	-0.208963	-0.310151	-0.435458	-0.542621	-0.602347	-0.603276	-0.532197	-0.378627	-0.157074	0.0958122	0.347386	0.580385	0.778924	0.915777	0.961488	0.905093	0.764048	0.574854	0.373749	0.18156	0	
0	0.0577083	0.0945037	0.126523	0.150501	0.156146	0.141131	0.116883	0.101076	0.0966173	0.0944145	0.0896325	0.103697	0.150763	0.215222	0.278505	0.320325	0.346208	0.390747	0.461161	0.568808	0.714032	0.862924	0.97822	1.03819	1.02988	0.944266	0.770758	0.541625	0.287597	0.0417837	-0.18474	-0.371213	-0.486838	-0.509843	-0.436045	-0.29804	-0.13485	0.0119519	0.12072	0.182814	0.206451	0.194012	0.163834	0.114219	0.0538226	-0.0114659	-0.0863196	-0.166887	-0.246301	-0.33586	-0.427294	-0.512986	-0.603541	-0.686764	-0.765142	-0.838471	-0.905644	-0.959183	-0.997594	-1.02772	-1.03099	-1.00703	-0.96704	-0.905927	-0.820444	-0.711964	-0.601652	-0.506916	-0.413563	-0.319997	-0.245445	-0.199538	-0.184342	-0.185188	-0.172962	-0.146154	-0.131368	-0.146528	-0.200707	-0.300004	-0.425539	-0.535606	-0.599643	-0.605625	-0.540368	-0.392373	-0.174362	0.0776427	0.330161	0.5652	0.767149	0.909217	0.961336	0.910867	0.773562	0.585133	0.382098	0.186163	0	
0	-0.0182716	-0.0578645	-0.0936251	-0.124418	-0.162934	-0.206592	-0.24431	-0.264824	-0.262451	-0.251385	-0.238955	-0.203092	-0.141768	-0.063657	0.0139048	0.0661552	0.101169	0.151867	0.228934	0.34062	0.493999	0.649473	0.776606	0.844995	0.848548	0.770758	0.606779	0.38077	0.129851	-0.117836	-0.346574	-0.538334	-0.662556	-0.693652	-0.631443	-0.500502	-0.345876	-0.205649	-0.101643	-0.0473846	-0.0280024	-0.0461572	-0.0816444	-0.133874	-0.19556	-0.263732	-0.335525	-0.413082	-0.488211	-0.565224	-0.643338	-0.712457	-0.786621	-0.853195	-0.909031	-0.959561	-1.0013	-1.02085	-1.021	-1.01338	-0.977851	-0.913922	-0.838473	-0.751386	-0.651738	-0.541113	-0.439211	-0.362591	-0.294305	-0.227322	-0.17702	-0.151292	-0.151829	-0.165162	-0.162464	-0.141106	-0.128019	-0.142685	-0.195131	-0.292632	-0.418044	-0.530128	-0.597358	-0.607142	-0.546306	-0.402614	-0.187421	0.0638009	0.316971	0.553507	0.757982	0.903954	0.960935	0.915033	0.780676	0.592926	0.388477	0.189694	0	
0	-0.095919	-0.201274	-0.29531	-0.375104	-0.444072	-0.503265	-0.546277	-0.561618	-0.549944	-0.52744	-0.504929	-0.465431	-0.400826	-0.321338	-0.242618	-0.189891	-0.155353	-0.10393	-0.0285428	0.084966	0.238959	0.398437	0.529968	0.604335	0.612587	0.541625	0.38077	0.159238	-0.0923729	-0.339273	-0.570782	-0.765404	-0.894333	-0.931873	-0.874339	-0.749172	-0.597189	-0.459301	-0.357248	-0.302779	-0.284595	-0.301661	-0.33589	-0.384496	-0.442786	-0.502018	-0.566116	-0.632343	-0.695062	-0.760037	-0.822231	-0.875421	-0.928926	-0.970943	-1.00061	-1.01764	-1.02265	-1.00755	-0.970214	-0.923052	-0.853055	-0.762927	-0.670805	-0.57775	-0.483121	-0.386914	-0.305651	-0.253478	-0.210751	-0.166862	-0.135258	-0.123535	-0.133976	-0.154648	-0.157404	-0.138997	-0.126531	-0.140517	-0.191582	-0.287712	-0.412911	-0.526288	-0.59567	-0.608045	-0.550243	-0.409538	-0.19634	0.0542877	0.30787	0.545408	0.751584	0.900204	0.960517	0.917778	0.785496	0.598262	0.392869	0.192133	0	
0	-0.145516	-0.301827	-0.436934	-0.54431	-0.63385	-0.704796	-0.753206	-0.772642	-0.75928	-0.735774	-0.716334	-0.679133	-0.619106	-0.544675	-0.471946	-0.422993	-0.392842	-0.347714	-0.275529	-0.166855	-0.0160513	0.142363	0.273183	0.348017	0.358222	0.287597	0.129851	-0.0923729	-0.342472	-0.590675	-0.822366	-1.0182	-1.14913	-1.18782	-1.13237	-1.0069	-0.854569	-0.714666	-0.609805	-0.551981	-0.529572	-0.541832	-0.569724	-0.61275	-0.66137	-0.712932	-0.765433	-0.819088	-0.86533	-0.911498	-0.955507	-0.982744	-1.00789	-1.01952	-1.01427	-0.997402	-0.966981	-0.913984	-0.843625	-0.772338	-0.686446	-0.588502	-0.497865	-0.415779	-0.339765	-0.26646	-0.209056	-0.179917	-0.157982	-0.131007	-0.11195	-0.108887	-0.124974	-0.149554	-0.155121	-0.138171	-0.125913	-0.139443	-0.189722	-0.285079	-0.41012	-0.524165	-0.594702	-0.608487	-0.552341	-0.413277	-0.201186	0.0490996	0.302895	0.540971	0.748061	0.898114	0.96024	0.919235	0.788101	0.601164	0.395266	0.193466	0	
0	-0.163829	-0.332527	-0.481093	-0.60411	-0.705616	-0.787425	-0.845818	-0.874403	-0.875617	-0.867138	-0.859086	-0.833724	-0.787326	-0.725685	-0.662322	-0.625598	-0.60529	-0.566726	-0.5027	-0.39925	-0.25167	-0.0982546	0.0315341	0.103776	0.112452	0.0417837	-0.117836	-0.339273	-0.590675	-0.838406	-1.07025	-1.26594	-1.39622	-1.43443	-1.37778	-1.25055	-1.09596	-0.952865	-0.843537	-0.781316	-0.751829	-0.756687	-0.776476	-0.806806	-0.845169	-0.881484	-0.917703	-0.952884	-0.980567	-1.00162	-1.01402	-1.01252	-1.00621	-0.984217	-0.945489	-0.894286	-0.834889	-0.761124	-0.675894	-0.596402	-0.510924	-0.422201	-0.34801	-0.286765	-0.233416	-0.182761	-0.146357	-0.135273	-0.127741	-0.111486	-0.0999626	-0.101856	-0.120976	-0.147409	-0.15413	-0.137767	-0.125675	-0.139188	-0.18939	-0.284652	-0.409665	-0.523802	-0.594524	-0.60855	-0.55269	-0.413904	-0.201997	0.0482333	0.302065	0.54023	0.747472	0.897764	0.960192	0.919477	0.788535	0.601648	0.395666	0.193689	0	
0	-0.146691	-0.304369	-0.443386	-0.558963	-0.660853	-0.74944	-0.821678	-0.868849	-0.886547	-0.897254	-0.914003	-0.91434	-0.888204	-0.84533	-0.802394	-0.778175	-0.770221	-0.743774	-0.687568	-0.591564	-0.452881	-0.303285	-0.181923	-0.113458	-0.109784	-0.18474	-0.346574	-0.570782	-0.822366	-1.07025	-1.30114	-1.4948	-1.62217	-1.65686	-1.59522	-1.46405	-1.3037	-1.15509	-1.04011	-0.968965	-0.932212	-0.926475	-0.932917	-0.951899	-0.971453	-0.988666	-1.00324	-1.01242	-1.0085	-1.00196	-0.989019	-0.9557	-0.917822	-0.867083	-0.804288	-0.735948	-0.663653	-0.582791	-0.499136	-0.428471	-0.357758	-0.288327	-0.235142	-0.195252	-0.162736	-0.130703	-0.10977	-0.110708	-0.111822	-0.101616	-0.0942918	-0.0989486	-0.119719	-0.146857	-0.15367	-0.137374	-0.125605	-0.139647	-0.190536	-0.286409	-0.411539	-0.525205	-0.595146	-0.608249	-0.551305	-0.411432	-0.19878	0.0516884	0.305384	0.543192	0.749827	0.899166	0.960387	0.918515	0.786805	0.599716	0.394069	0.1928	0	
0	-0.113249	-0.238578	-0.351628	-0.44936	-0.541202	-0.62811	-0.703246	-0.76091	-0.801078	-0.837319	-0.875706	-0.895564	-0.894732	-0.875813	-0.853125	-0.85409	-0.865714	-0.854802	-0.813247	-0.729495	-0.598061	-0.461119	-0.345568	-0.287223	-0.289702	-0.371213	-0.538334	-0.765404	-1.0182	-1.26594	-1.4948	-1.68546	-1.80809	-1.8359	-1.76865	-1.62908	-1.46271	-1.30611	-1.18094	-1.10073	-1.04857	-1.02741	-1.01683	-1.01232	-1.01117	-1.00503	-0.993597	-0.978214	-0.95324	-0.918818	-0.875055	-0.819498	-0.764522	-0.700807	-0.628531	-0.555857	-0.487554	-0.415565	-0.345364	-0.292906	-0.241565	-0.191979	-0.159162	-0.138016	-0.120799	-0.100962	-0.090183	-0.0986211	-0.104217	-0.0968965	-0.091834	-0.0981934	-0.120022	-0.147213	-0.153363	-0.136813	-0.125639	-0.140818	-0.193182	-0.290364	-0.415729	-0.528337	-0.596522	-0.607528	-0.548126	-0.405811	-0.191508	0.0594675	0.312838	0.549834	0.755086	0.902268	0.960767	0.916302	0.782881	0.595358	0.390475	0.190802	0	
0	-0.0747257	-0.165372	-0.246819	-0.317985	-0.390709	-0.467209	-0.541144	-0.600588	-0.644677	-0.691725	-0.749255	-0.793837	-0.811149	-0.813376	-0.815995	-0.834377	-0.865135	-0.871348	-0.843526	-0.771929	-0.655823	-0.528173	-0.429644	-0.38054	-0.396364	-0.486838	-0.662556	-0.894333	-1.14913	-1.39622	-1.62217	-1.80809	-1.92162	-1.94124	-1.86092	-1.71266	-1.5343	-1.36682	-1.23149	-1.13569	-1.07076	-1.03327	-1.00272	-0.982333	-0.959392	-0.930639	-0.899045	-0.86131	-0.810979	-0.761986	-0.710542	-0.646876	-0.586144	-0.520295	-0.453852	-0.392048	-0.335605	-0.280249	-0.23024	-0.19597	-0.162269	-0.131275	-0.114179	-0.105014	-0.0975252	-0.0855165	-0.081026	-0.0935252	-0.10084	-0.0946606	-0.0909555	-0.0986137	-0.12131	-0.14813	-0.153016	-0.136014	-0.125797	-0.142766	-0.197406	-0.296559	-0.422209	-0.533117	-0.598544	-0.606264	-0.543021	-0.396931	-0.180124	0.0715746	0.324399	0.560101	0.763162	0.906949	0.961202	0.912727	0.7767	0.588554	0.38489	0.187706	0	
0	-0.0420693	-0.102352	-0.155086	-0.199605	-0.251521	-0.311429	-0.369484	-0.421449	-0.467942	-0.519469	-0.579101	-0.625561	-0.655213	-0.66949	-0.686662	-0.726264	-0.772723	-0.793694	-0.778885	-0.720015	-0.61275	-0.501453	-0.412998	-0.38016	-0.406181	-0.509843	-0.693652	-0.931873	-1.18782	-1.43443	-1.65686	-1.8359	-1.94124	-1.94746	-1.85743	-1.69591	-1.50837	-1.33131	-1.18356	-1.07818	-0.997888	-0.945006	-0.900051	-0.861016	-0.822309	-0.781346	-0.736618	-0.690184	-0.639306	-0.586348	-0.529287	-0.467364	-0.41468	-0.361593	-0.308052	-0.261605	-0.224603	-0.18543	-0.150996	-0.134489	-0.115559	-0.095846	-0.0888449	-0.0882458	-0.0863264	-0.0779483	-0.077198	-0.092089	-0.099565	-0.0935298	-0.0908276	-0.0997681	-0.123336	-0.149421	-0.152506	-0.134968	-0.126153	-0.14561	-0.203332	-0.305058	-0.430933	-0.539416	-0.601043	-0.604259	-0.535782	-0.384625	-0.164548	0.0880117	0.340018	0.573904	0.773918	0.913024	0.96149	0.907626	0.768163	0.579274	0.377327	0.183529	0	
0	-0.0185825	-0.0558107	-0.0866782	-0.110388	-0.141876	-0.185926	-0.230251	-0.264187	-0.297312	-0.341581	-0.398777	-0.44738	-0.473208	-0.491345	-0.516157	-0.560341	-0.614275	-0.640651	-0.630998	-0.577056	-0.47939	-0.375659	-0.303602	-0.280364	-0.322335	-0.436045	-0.631443	-0.874339	-1.13237	-1.37778	-1.59522	-1.76865	-1.86092	-1.85743	-1.75212	-1.58192	-1.38518	-1.19985	-1.04781	-0.933202	-0.846984	-0.788052	-0.734249	-0.691575	-0.648847	-0.602758	-0.557486	-0.51156	-0.45832	-0.41168	-0.36654	-0.318954	-0.280624	-0.239432	-0.202219	-0.172553	-0.147936	-0.123797	-0.106275	-0.0998438	-0.0877722	-0.0772942	-0.0775759	-0.0804898	-0.0806166	-0.074455	-0.0765192	-0.0925266	-0.0990643	-0.0928041	-0.0911532	-0.101522	-0.125987	-0.15094	-0.151734	-0.133699	-0.126832	-0.149521	-0.211128	-0.315934	-0.441826	-0.54705	-0.603784	-0.601243	-0.526129	-0.368676	-0.144678	0.108773	0.359626	0.591121	0.787158	0.920231	0.961357	0.90078	0.75715	0.56749	0.367807	0.178297	0	
0	-0.00448178	-0.0282568	-0.0432298	-0.0498769	-0.0672104	-0.0961901	-0.123497	-0.14489	-0.167605	-0.200659	-0.243762	-0.278682	-0.298558	-0.309299	-0.334501	-0.380902	-0.433219	-0.458888	-0.446296	-0.391699	-0.29392	-0.197417	-0.132291	-0.120889	-0.171683	-0.29804	-0.500502	-0.749172	-1.0069	-1.25055	-1.46405	-1.62908	-1.71266	-1.69591	-1.58192	-1.40414	-1.20328	-1.01842	-0.864389	-0.751304	-0.664935	-0.604653	-0.551977	-0.510366	-0.467757	-0.427701	-0.388888	-0.350513	-0.311585	-0.278456	-0.243917	-0.207874	-0.181849	-0.156048	-0.1326	-0.115757	-0.105667	-0.0905368	-0.0791511	-0.0807562	-0.0754318	-0.0689177	-0.071876	-0.077285	-0.0785532	-0.0730762	-0.0771527	-0.0937795	-0.0988676	-0.092262	-0.0918274	-0.103847	-0.129206	-0.152551	-0.150611	-0.132271	-0.128008	-0.15472	-0.220997	-0.329261	-0.454772	-0.555772	-0.606463	-0.596873	-0.513715	-0.348823	-0.120406	0.133837	0.383124	0.611584	0.802628	0.928239	0.960463	0.891926	0.743525	0.553178	0.356368	0.172048	0	
0	0.00458489	-0.0100941	-0.0176642	-0.0157584	-0.0219095	-0.042048	-0.056714	-0.059885	-0.0726006	-0.096627	-0.127969	-0.151942	-0.157723	-0.160671	-0.179213	-0.220502	-0.265027	-0.281592	-0.260594	-0.19771	-0.0972088	-0.00170061	0.0563096	0.0612806	4.75834e-05	-0.13485	-0.345876	-0.597189	-0.854569	-1.09596	-1.3037	-1.46271	-1.5343	-1.50837	-1.38518	-1.20328	-1.00425	-0.821042	-0.67445	-0.566065	-0.485637	-0.432274	-0.385904	-0.351113	-0.318499	-0.287459	-0.258158	-0.231314	-0.202033	-0.180101	-0.155985	-0.134252	-0.122907	-0.106495	-0.0932585	-0.0857741	-0.0795956	-0.0702982	-0.0686475	-0.0735785	-0.0677825	-0.0647004	-0.0710772	-0.0768366	-0.0772055	-0.0724146	-0.0788903	-0.0955474	-0.0985877	-0.0917678	-0.0928981	-0.106803	-0.132933	-0.154086	-0.149055	-0.130795	-0.129911	-0.161477	-0.233165	-0.345091	-0.469597	-0.565267	-0.608704	-0.590726	-0.498124	-0.324775	-0.0916272	0.163161	0.410381	0.63508	0.820004	0.936639	0.958403	0.880766	0.727144	0.536331	0.343068	0.164832	0	
0	0.0068195	-0.00336331	-0.0036051	0.00519074	0.00400716	-0.00979283	-0.0171043	-0.0116614	-0.0142547	-0.0298048	-0.0498892	-0.0614561	-0.0564028	-0.0491365	-0.064271	-0.0969735	-0.131835	-0.136901	-0.1021	-0.0293586	0.0776436	0.173675	0.225991	0.225935	0.155383	0.0119519	-0.205649	-0.459301	-0.714666	-0.952865	-1.15509	-1.30611	-1.36682	-1.33131	-1.19985	-1.01842	-0.821042	-0.646813	-0.508644	-0.409027	-0.338827	-0.293998	-0.255237	-0.231958	-0.206725	-0.185024	-0.166997	-0.1496	-0.130305	-0.118701	-0.105626	-0.0940699	-0.0876242	-0.0771744	-0.0707142	-0.0688717	-0.0690243	-0.0633001	-0.062786	-0.068763	-0.0653635	-0.0645346	-0.0710564	-0.0766191	-0.0767163	-0.0726665	-0.0812008	-0.0973162	-0.0981243	-0.0914252	-0.0944614	-0.110432	-0.137076	-0.155355	-0.147011	-0.129439	-0.132829	-0.170108	-0.247877	-0.363438	-0.486051	-0.575139	-0.610051	-0.582301	-0.478885	-0.296222	-0.0582556	0.196668	0.441224	0.661335	0.838887	0.944943	0.954713	0.866976	0.707873	0.516966	0.32799	0.156717	0	
0	0.00915224	0.00260161	0.00326332	0.0130253	0.0158631	0.00639218	0.00678655	0.0196588	0.0167393	0.00633161	-0.00155311	-0.00361592	0.00964074	0.0243591	0.0127632	-0.0169025	-0.0383171	-0.0317005	0.0162995	0.103018	0.215235	0.311749	0.360382	0.352297	0.275123	0.12072	-0.101643	-0.357248	-0.609805	-0.843537	-1.04011	-1.18094	-1.23149	-1.18356	-1.04781	-0.864389	-0.67445	-0.508644	-0.381894	-0.292851	-0.233728	-0.195887	-0.168399	-0.151017	-0.133028	-0.121087	-0.109777	-0.0984331	-0.0886814	-0.0868188	-0.0759307	-0.0688652	-0.0687713	-0.0635555	-0.062132	-0.0629565	-0.0624634	-0.0579648	-0.062234	-0.0686719	-0.0635664	-0.0642409	-0.0723716	-0.0775149	-0.0761966	-0.07307	-0.0840832	-0.0991144	-0.0974183	-0.0912734	-0.0966339	-0.114796	-0.141497	-0.156138	-0.144468	-0.128453	-0.137117	-0.180975	-0.265371	-0.384252	-0.503795	-0.584909	-0.609969	-0.571022	-0.455478	-0.262859	-0.0202394	0.234239	0.475436	0.690014	0.858795	0.952584	0.948881	0.850226	0.685602	0.495136	0.311252	0.147786	0	
0	0.00778492	0.00363568	0.00773943	0.0190103	0.0219453	0.0131905	0.0164032	0.0364296	0.037952	0.0259284	0.0216252	0.0291778	0.0497343	0.0669266	0.0585189	0.0356165	0.0225224	0.0425442	0.103481	0.19874	0.316334	0.40936	0.450041	0.435435	0.34532	0.182814	-0.0473846	-0.302779	-0.551981	-0.781316	-0.968965	-1.10073	-1.13569	-1.07818	-0.933202	-0.751304	-0.566065	-0.409027	-0.292851	-0.212638	-0.161148	-0.132617	-0.109857	-0.100239	-0.0903568	-0.0835853	-0.0781635	-0.0742848	-0.0686845	-0.0651242	-0.058652	-0.0601766	-0.0619542	-0.0571576	-0.0566146	-0.0594462	-0.0608856	-0.0573878	-0.0625921	-0.0676564	-0.0629533	-0.06599	-0.0739827	-0.0776918	-0.0756241	-0.074353	-0.0875316	-0.100531	-0.096408	-0.091518	-0.0995841	-0.119902	-0.145982	-0.156205	-0.141492	-0.128177	-0.143195	-0.194465	-0.285853	-0.407386	-0.522377	-0.594004	-0.607835	-0.556236	-0.427356	-0.224404	0.0224208	0.275703	0.512738	0.720701	0.879155	0.958918	0.940359	0.830194	0.660257	0.470942	0.293006	0.138146	0	
0	0.00585538	0.00602619	0.0109493	0.01939	0.0236291	0.0191124	0.0238516	0.0421736	0.0423551	0.0363842	0.0412212	0.0506793	0.0732895	0.0920336	0.0780679	0.0581741	0.0581393	0.0879068	0.162243	0.269977	0.386431	0.478063	0.508394	0.483349	0.382564	0.206451	-0.0280024	-0.284595	-0.529572	-0.751829	-0.932212	-1.04857	-1.07076	-0.997888	-0.846984	-0.664935	-0.485637	-0.338827	-0.233728	-0.161148	-0.122208	-0.0960551	-0.081822	-0.0766934	-0.0672205	-0.064133	-0.0621216	-0.0568514	-0.0533192	-0.058997	-0.0555147	-0.0566124	-0.0563473	-0.0528965	-0.0568257	-0.0596869	-0.0586099	-0.0572426	-0.0649492	-0.0675304	-0.0625166	-0.0676261	-0.0755333	-0.0781011	-0.0753865	-0.0762058	-0.0911779	-0.10148	-0.0952677	-0.0923541	-0.103426	-0.125701	-0.150249	-0.155344	-0.138261	-0.129056	-0.151541	-0.210985	-0.30947	-0.432567	-0.54122	-0.601757	-0.602943	-0.537225	-0.393959	-0.180627	0.0696553	0.320827	0.552789	0.752892	0.899291	0.963228	0.928578	0.806589	0.631823	0.444538	0.273447	0.127921	0	
0	0.00405127	0.0068681	0.0133878	0.0202765	0.0223619	0.0203276	0.0302996	0.0505741	0.0469207	0.0347749	0.0441695	0.0649794	0.0872586	0.104597	0.0931736	0.0734611	0.0824357	0.123739	0.205935	0.319299	0.4358	0.515068	0.537178	0.496491	0.383121	0.194012	-0.0461572	-0.301661	-0.541832	-0.756687	-0.926475	-1.02741	-1.03327	-0.945006	-0.788052	-0.604653	-0.432274	-0.293998	-0.195887	-0.132617	-0.0960551	-0.0741067	-0.0639579	-0.0576605	-0.0535113	-0.0545616	-0.0533271	-0.05232	-0.0566173	-0.0557886	-0.0484855	-0.0533658	-0.0544937	-0.054443	-0.0568823	-0.0589421	-0.0598668	-0.0583602	-0.0652527	-0.0669473	-0.0633924	-0.0700107	-0.0770791	-0.0781532	-0.0751633	-0.0788811	-0.0950779	-0.101798	-0.0940712	-0.0940059	-0.108296	-0.132064	-0.153935	-0.153405	-0.135104	-0.131644	-0.162681	-0.230926	-0.33626	-0.459357	-0.559612	-0.607401	-0.5945	-0.513217	-0.354752	-0.13138	0.121309	0.36931	0.595166	0.785977	0.918428	0.964737	0.912974	0.779174	0.600357	0.416144	0.252809	0.117254	0	
