0	0	0	0	0	0	0	0	0	0	0	0	0	0	0	0	0	0	0	0	0	0	0	0	0	0	0	0	0	0	0	0	0	0	0	0	0	0	0	0	0	0	0	0	0	0	0	0	0	0	0	0	0	0	0	0	0	0	0	0	0	0	0	0	0	0	0	0	0	0	0	0	0	0	0	0	0	0	0	0	0	0	0	0	0	0	0	0	0	0	0	0	0	0	0	0	0	0	0	0	
0	4.29966e-09	2.52426e-08	1.33456e-07	6.4817e-07	2.88542e-06	1.17409e-05	4.35515e-05	0.000146913	0.000449767	0.00124784	0.0031357	0.0071413	0.01477	0.0278445	0.0481017	0.0766559	0.113554	0.157616	0.20663	0.25779	0.308232	0.355478	0.397715	0.433864	0.463495	0.486656	0.503686	0.515025	0.521068	0.522065	0.518059	0.508879	0.494179	0.473522	0.446507	0.412948	0.373058	0.327641	0.278214	0.227012	0.176791	0.130439	0.0904698	0.0585139	0.0350169	0.0192514	0.00966579	0.0044125	0.00182641	0.000684602	0.000232397	7.15221e-05	1.99921e-05	5.08734e-06	1.1816e-06	2.51196e-07	4.9017e-08	8.80439e-09	1.45973e-09	2.23989e-10	3.18913e-11	4.2235e-12	5.21476e-13	6.01606e-14	6.49843e-15	6.58531e-16	6.27222e-17	5.62478e-18	4.75716e-19	3.80038e-20	2.87202e-21	2.05606e-22	1.39621e-23	9.0048e-25	5.5224e-26	3.22405e-27	1.79376e-28	9.52052e-30	4.82516e-31	2.33734e-32	1.08311e-33	4.80547e-35	2.04294e-36	8.32857e-38	3.25835e-39	1.22417e-40	4.41976e-42	1.53443e-43	5.12572e-45	1.64847e-46	5.10707e-48	1.52499e-49	4.39127e-51	1.22001e-52	3.27187e-54	8.47405e-56	2.12052e-57	5.12636e-59	0	
0	2.52426e-08	1.42348e-07	7.20154e-07	3.33959e-06	1.41629e-05	5.477e-05	0.000192606	0.000614406	0.00177435	0.00463329	0.0109381	0.0233746	0.0453525	0.0802823	0.130515	0.196406	0.275947	0.365113	0.45872	0.551452	0.638722	0.717185	0.784878	0.841061	0.885911	0.920194	0.944945	0.961196	0.96978	0.971191	0.965514	0.952412	0.931177	0.900836	0.860328	0.808744	0.74563	0.671317	0.587249	0.496215	0.402347	0.310758	0.226801	0.155083	0.0984964	0.0576276	0.0308368	0.0150069	0.0066167	0.00263778	0.000950359	0.00030969	9.14315e-05	2.45129e-05	5.98406e-06	1.334e-06	2.72378e-07	5.10896e-08	8.82883e-09	1.40964e-09	2.08504e-10	2.86442e-11	3.66383e-12	4.37328e-13	4.88199e-14	5.10733e-15	5.01694e-16	4.63578e-17	4.03639e-18	3.31708e-19	2.57677e-20	1.89488e-21	1.3209e-22	8.73989e-24	5.49568e-25	3.28794e-26	1.87368e-27	1.0181e-28	5.28018e-30	2.61625e-31	1.23959e-32	5.6211e-34	2.44156e-35	1.01662e-36	4.06089e-38	1.55729e-39	5.73722e-41	2.03191e-42	6.92237e-44	2.26994e-45	7.1686e-47	2.18151e-48	6.40057e-50	1.8115e-51	4.94806e-53	1.305e-54	3.32481e-56	8.18192e-58	0	
0	1.33456e-07	7.20154e-07	3.4702e-06	1.52842e-05	6.13799e-05	0.000224052	0.000741157	0.00221599	0.00597634	0.0145225	0.0318055	0.0629086	0.112845	0.184761	0.27843	0.389898	0.512419	0.638111	0.759611	0.8712	0.969271	1.05222	1.11999	1.17355	1.21445	1.24449	1.26545	1.27883	1.28577	1.2869	1.28233	1.27164	1.25387	1.22766	1.19132	1.14303	1.0811	1.00429	0.912184	0.805692	0.687587	0.562767	0.438037	0.321245	0.2198	0.138942	0.0804218	0.0423146	0.0201345	0.00863843	0.00333834	0.00116268	0.000365553	0.000104005	2.68549e-05	6.31282e-06	1.35535e-06	2.6663e-07	4.82118e-08	8.03714e-09	1.23881e-09	1.77034e-10	2.35167e-11	2.91088e-12	3.36512e-13	3.64117e-14	3.69514e-15	3.52369e-16	3.1632e-17	2.67763e-18	2.14075e-19	1.61893e-20	1.15972e-21	7.88008e-23	5.08521e-24	3.12043e-25	1.82282e-26	1.01478e-27	5.38942e-29	2.73328e-30	1.32496e-31	6.14446e-33	2.72833e-34	1.1609e-35	4.73707e-37	1.85509e-38	6.977e-40	2.52181e-41	8.76552e-43	2.9318e-44	9.4415e-46	2.92917e-47	8.7596e-49	2.52631e-50	7.03029e-52	1.88865e-53	4.90037e-55	1.22786e-56	0	
0	6.4817e-07	3.33959e-06	1.52842e-05	6.37271e-05	0.000241434	0.000828264	0.00256453	0.00714607	0.0178825	0.04015	0.0809454	0.146995	0.241852	0.363609	0.504845	0.654839	0.80261	0.939297	1.05928	1.1601	1.24176	1.30573	1.35418	1.38954	1.41434	1.43096	1.4415	1.44764	1.45061	1.45107	1.44915	1.44439	1.43579	1.42182	1.40055	1.36969	1.32678	1.26931	1.19497	1.10192	0.989473	0.858984	0.714761	0.564434	0.418347	0.287673	0.181502	0.104082	0.05387	0.0250578	0.0104568	0.00391567	0.00131793	0.000399743	0.00010961	2.72642e-05	6.17379e-06	1.27719e-06	2.42208e-07	4.22452e-08	6.79793e-09	1.0122e-09	1.39844e-10	1.7974e-11	2.1544e-12	2.4137e-13	2.53307e-14	2.49512e-15	2.31121e-16	2.01678e-17	1.66064e-18	1.29234e-19	9.51927e-21	6.64606e-22	4.40385e-23	2.77303e-24	1.66127e-25	9.47945e-27	5.15753e-28	2.67829e-29	1.32877e-30	6.30398e-32	2.86241e-33	1.24498e-34	5.19102e-36	2.0765e-37	7.97467e-39	2.94238e-40	1.0437e-41	3.56143e-43	1.16978e-44	3.70058e-46	1.12815e-47	3.31608e-49	9.40312e-51	2.57348e-52	6.80112e-54	1.73538e-55	0	
0	2.88542e-06	1.41629e-05	6.13799e-05	0.000241434	0.000859468	0.00275836	0.00795192	0.0205269	0.0473426	0.0974955	0.179581	0.29728	0.445985	0.613405	0.784021	0.944121	1.08464	1.20151	1.29449	1.36552	1.41743	1.45311	1.47542	1.48734	1.49184	1.49162	1.48904	1.48603	1.48394	1.48354	1.48499	1.48774	1.4907	1.49213	1.48982	1.4812	1.46339	1.43339	1.38833	1.32532	1.24145	1.13426	1.00295	0.849894	0.682086	0.511556	0.353618	0.222498	0.126195	0.0641147	0.0290931	0.0117871	0.00427068	0.00138765	0.000405767	0.00010719	2.56816e-05	5.60245e-06	1.11701e-06	2.04277e-07	3.43825e-08	5.34314e-09	7.68937e-10	1.02762e-10	1.27865e-11	1.48493e-12	1.61318e-13	1.64287e-14	1.57157e-15	1.41477e-16	1.20065e-17	9.62145e-19	7.29176e-20	5.23388e-21	3.56297e-22	2.30336e-23	1.41581e-24	8.28416e-26	4.61924e-27	2.45711e-28	1.24808e-29	6.05949e-31	2.81445e-32	1.25166e-33	5.33425e-35	2.18016e-36	8.55179e-38	3.22172e-39	1.16647e-40	4.06166e-42	1.36095e-43	4.39091e-45	1.36485e-46	4.08954e-48	1.18182e-49	3.29562e-51	8.87243e-53	2.30572e-54	0	
0	1.17409e-05	5.477e-05	0.000224052	0.000828264	0.00275836	0.00823979	0.0219875	0.0522315	0.110216	0.206598	0.345161	0.517931	0.70673	0.891019	1.05561	1.19307	1.30196	1.3841	1.4423	1.47945	1.49823	1.5014	1.49253	1.47571	1.45475	1.43305	1.41362	1.39878	1.39016	1.38867	1.39446	1.40694	1.42477	1.44591	1.46761	1.48655	1.49908	1.50116	1.48897	1.4595	1.41007	1.33787	1.23997	1.11397	0.959727	0.781941	0.592674	0.411018	0.257177	0.143796	0.0714826	0.0315516	0.0123819	0.00433305	0.00135747	0.000382365	9.72655e-05	2.24423e-05	4.71655e-06	9.06462e-07	1.59904e-07	2.59812e-08	3.90082e-09	5.42814e-10	7.02036e-11	8.46073e-12	9.52461e-13	1.00382e-13	9.92533e-15	9.22507e-16	8.07473e-17	6.66759e-18	5.20229e-19	3.84119e-20	2.68785e-21	1.78483e-22	1.12616e-23	6.75977e-25	3.86449e-26	2.10644e-27	1.09585e-28	5.44647e-30	2.58851e-31	1.17743e-32	5.13024e-34	2.14291e-35	8.58751e-37	3.30403e-38	1.22135e-39	4.3405e-41	1.48397e-42	4.88386e-44	1.54812e-45	4.72931e-47	1.39308e-48	3.9588e-50	1.08587e-51	2.87442e-53	0	
0	4.35515e-05	0.000192606	0.000741157	0.00256453	0.00795192	0.0219875	0.0539655	0.117136	0.22445	0.380235	0.573195	0.778806	0.971636	1.13657	1.26945	1.37122	1.44381	1.48885	1.50788	1.5032	1.47822	1.43796	1.38868	1.33587	1.284	1.23717	1.19865	1.1707	1.15499	1.15237	1.1629	1.18613	1.22064	1.26448	1.31481	1.36784	1.41918	1.46381	1.49552	1.50878	1.49958	1.46517	1.40378	1.31385	1.19358	1.04135	0.858528	0.65539	0.45411	0.28125	0.154309	0.074744	0.0319813	0.0121243	0.00409	0.00123372	0.000334442	8.18786e-05	1.81888e-05	3.68243e-06	6.82254e-07	1.16116e-07	1.82179e-08	2.64351e-09	3.5583e-10	4.45548e-11	5.20302e-12	5.68024e-13	5.81025e-14	5.58008e-15	5.04133e-16	4.29234e-17	3.45003e-18	2.62195e-19	1.88688e-20	1.28765e-21	8.34366e-23	5.14003e-24	3.01397e-25	1.68408e-26	8.9763e-28	4.56857e-29	2.22242e-30	1.03426e-31	4.60861e-33	1.96789e-34	8.0587e-36	3.1673e-37	1.1956e-38	4.33759e-40	1.51344e-41	5.08171e-43	1.64301e-44	5.11809e-46	1.53693e-47	4.45152e-49	1.2442e-50	3.3553e-52	0	
0	0.000146913	0.000614406	0.00221599	0.00714607	0.0205269	0.0522315	0.117136	0.230689	0.398735	0.607719	0.827011	1.02622	1.19122	1.32191	1.41988	1.484	1.51307	1.50765	1.47123	1.40979	1.33075	1.24279	1.15304	1.06618	0.986704	0.918678	0.864525	0.826194	0.805025	0.801514	0.815828	0.847463	0.895527	0.958216	1.03338	1.11783	1.20698	1.29644	1.38005	1.44943	1.49668	1.51506	1.50007	1.44993	1.36523	1.24761	1.0966	0.910276	0.696022	0.478844	0.291693	0.156131	0.0733328	0.0303012	0.0110654	0.00359082	0.0010414	0.000271429	6.39167e-05	1.36656e-05	2.66491e-06	4.75985e-07	7.8169e-08	1.18452e-08	1.66162e-09	2.1642e-10	2.62446e-11	2.97079e-12	3.14642e-13	3.12484e-14	2.91604e-15	2.56177e-16	2.12246e-17	1.66118e-18	1.23012e-19	8.63119e-21	5.74625e-22	3.63457e-23	2.18681e-24	1.25303e-25	6.8451e-27	3.56878e-28	1.7775e-29	8.46559e-31	3.85877e-32	1.68482e-33	7.05218e-35	2.832e-36	1.0919e-37	4.04478e-39	1.44054e-40	4.93576e-42	1.62797e-43	5.17201e-45	1.58358e-46	4.67543e-48	1.33178e-49	3.65927e-51	0	
0	0.000449767	0.00177435	0.00597634	0.0178825	0.0473426	0.110216	0.22445	0.398735	0.619429	0.850959	1.05732	1.22468	1.35688	1.45413	1.50903	1.5178	1.48298	1.41129	1.31233	1.19552	1.07033	0.944795	0.82324	0.710093	0.610588	0.527538	0.462425	0.417195	0.392357	0.388129	0.405058	0.442155	0.499569	0.575632	0.668667	0.776624	0.895431	1.01978	1.14603	1.26718	1.37442	1.4582	1.50879	1.51821	1.48173	1.40052	1.28182	1.12912	0.937896	0.712959	0.483067	0.287195	0.148981	0.0674963	0.0268255	0.00940859	0.00293086	0.00081603	0.000204293	4.62424e-05	9.51208e-06	1.78637e-06	3.07587e-07	4.87459e-08	7.13533e-09	9.67827e-10	1.22005e-10	1.43329e-11	1.57313e-12	1.61688e-13	1.55959e-14	1.4146e-15	1.20883e-16	9.74886e-18	7.43216e-19	5.36429e-20	3.67087e-21	2.38492e-22	1.47292e-23	8.65782e-25	4.84904e-26	2.59052e-27	1.32144e-28	6.44252e-30	3.00477e-31	1.34182e-32	5.74207e-34	2.35654e-35	9.28207e-37	3.51149e-38	1.27677e-39	4.46477e-41	1.50253e-42	4.86906e-44	1.52027e-45	4.57605e-47	1.32857e-48	3.71981e-50	0	
0	0.00124784	0.00463329	0.0145225	0.04015	0.0974955	0.206598	0.380235	0.607719	0.850959	1.06738	1.24058	1.37742	1.47624	1.52156	1.50837	1.44532	1.34252	1.21104	1.06075	0.900122	0.738199	0.580512	0.432036	0.299698	0.187166	0.094576	0.0238822	-0.0245409	-0.051132	-0.0555871	-0.0379213	0.00181369	0.0635486	0.147528	0.252421	0.376663	0.519416	0.673964	0.834885	0.997038	1.15236	1.29256	1.40801	1.48829	1.52292	1.50136	1.42235	1.29966	1.14197	0.942474	0.705737	0.466422	0.268321	0.13396	0.0582298	0.0221716	0.00744716	0.00222233	0.000593165	0.000142493	3.09829e-05	6.12911e-06	1.10825e-06	1.83941e-07	2.81307e-08	3.97797e-09	5.21798e-10	6.36756e-11	7.24831e-12	7.71556e-13	7.69762e-14	7.21313e-15	6.36097e-16	5.28871e-17	4.15285e-18	3.08467e-19	2.17063e-20	1.44907e-21	9.18959e-23	5.54303e-24	3.18387e-25	1.74343e-26	9.11066e-28	4.54809e-29	2.17096e-30	9.9177e-32	4.33988e-33	1.82057e-34	7.32721e-36	2.83135e-37	1.05118e-38	3.75222e-40	1.28856e-41	4.25991e-43	1.35653e-44	4.1633e-46	1.23215e-47	3.51577e-49	0	
0	0.0031357	0.0109381	0.0318055	0.0809454	0.179581	0.345161	0.573195	0.827011	1.05732	1.24058	1.38426	1.48705	1.52582	1.49415	1.40954	1.28335	1.12319	0.939879	0.742092	0.541462	0.347442	0.166226	0.00534919	-0.131353	-0.245228	-0.336184	-0.402921	-0.448564	-0.47323	-0.476983	-0.461655	-0.424018	-0.366167	-0.284896	-0.179894	-0.0521943	0.098802	0.272873	0.462237	0.661589	0.861571	1.05193	1.22257	1.36322	1.46549	1.52054	1.51082	1.43122	1.30251	1.13648	0.924227	0.674526	0.430328	0.237446	0.113314	0.0470168	0.0170867	0.00548136	0.00156388	0.000399593	9.20192e-05	1.92068e-05	3.65237e-06	6.35681e-07	1.01685e-07	1.50062e-08	2.05004e-09	2.60072e-10	3.0726e-11	3.38953e-12	3.49981e-13	3.38993e-14	3.08658e-15	2.64691e-16	2.14169e-17	1.63776e-18	1.18551e-19	8.13497e-21	5.29907e-22	3.28095e-23	1.93324e-24	1.08533e-25	5.81162e-27	2.97128e-28	1.45186e-29	6.78647e-31	3.03728e-32	1.30261e-33	5.35767e-35	2.11497e-36	8.0189e-38	2.9222e-39	1.02418e-40	3.45456e-42	1.12207e-43	3.51169e-45	1.05955e-46	3.08132e-48	0	
0	0.0071413	0.0233746	0.0629086	0.146995	0.29728	0.517931	0.778806	1.02622	1.22468	1.37742	1.48705	1.52654	1.48441	1.38587	1.24274	1.05442	0.836716	0.603044	0.367248	0.143264	-0.0625089	-0.243563	-0.397032	-0.524269	-0.62678	-0.703399	-0.758819	-0.795559	-0.814831	-0.817945	-0.805685	-0.776376	-0.728523	-0.660396	-0.568893	-0.450496	-0.308417	-0.137829	0.0581924	0.275883	0.508301	0.744271	0.970177	1.1721	1.33396	1.4505	1.51814	1.51217	1.42715	1.29055	1.11208	0.882295	0.620365	0.37807	0.19843	0.0899482	0.0354604	0.0122583	0.00374643	0.0010201	0.000249193	5.49573e-05	1.10041e-05	2.01053e-06	3.36711e-07	5.18997e-08	7.38984e-09	9.75259e-10	1.19659e-10	1.36873e-11	1.46337e-12	1.46581e-13	1.37858e-14	1.21982e-15	1.01738e-16	8.01226e-18	5.96784e-19	4.2105e-20	2.81791e-21	1.79135e-22	1.08304e-23	6.23498e-25	3.42173e-26	1.792e-27	8.96502e-29	4.28845e-30	1.96327e-31	8.60931e-33	3.61926e-34	1.45974e-35	5.65278e-37	2.10323e-38	7.52399e-40	2.58957e-41	8.58016e-43	2.7385e-44	8.42416e-46	2.49708e-47	0	
0	0.01477	0.0453525	0.112845	0.241852	0.445985	0.70673	0.971636	1.19122	1.35688	1.47624	1.52582	1.48441	1.37785	1.22246	1.00855	0.75897	0.497458	0.233742	-0.0142918	-0.240963	-0.439084	-0.606028	-0.741277	-0.846155	-0.922834	-0.976318	-1.01393	-1.03601	-1.04749	-1.04982	-1.04073	-1.02476	-0.993258	-0.946845	-0.879896	-0.786783	-0.66335	-0.509658	-0.323417	-0.108176	0.132735	0.391156	0.655437	0.911481	1.1433	1.32236	1.44812	1.51941	1.50593	1.41027	1.26303	1.06632	0.81561	0.546007	0.314789	0.155995	0.0668023	0.0249221	0.00817091	0.00237393	0.000615878	0.000143661	3.03154e-05	5.81903e-06	1.021e-06	1.64474e-07	2.4422e-08	3.35453e-09	4.27621e-10	5.07395e-11	5.61916e-12	5.82255e-13	5.65806e-14	5.16718e-15	4.44349e-16	3.60472e-17	2.76335e-18	2.00496e-19	1.37889e-20	9.00138e-22	5.58494e-23	3.29756e-24	1.85497e-25	9.95252e-27	5.09835e-28	2.49607e-29	1.16902e-30	5.24217e-32	2.25263e-33	9.28349e-35	3.67203e-36	1.39506e-37	5.09421e-39	1.78915e-40	6.04754e-42	1.96852e-43	6.17426e-45	1.86552e-46	0	
0	0.0278445	0.0802823	0.184761	0.363609	0.613405	0.891019	1.13657	1.32191	1.45413	1.52156	1.49415	1.38587	1.22246	0.992055	0.717114	0.43563	0.147218	-0.126867	-0.374936	-0.590029	-0.764148	-0.899565	-0.99531	-1.0596	-1.09961	-1.12307	-1.1344	-1.13927	-1.1402	-1.14029	-1.13927	-1.13557	-1.12816	-1.11153	-1.07773	-1.02536	-0.941516	-0.823675	-0.663965	-0.466065	-0.229266	0.0348539	0.320235	0.605301	0.884651	1.13834	1.32763	1.45881	1.52265	1.49061	1.38048	1.21746	0.99557	0.724615	0.456732	0.247013	0.114867	0.0462619	0.0162788	0.00504931	0.00139195	0.000343585	7.64447e-05	1.54218e-05	2.8359e-06	4.77596e-07	7.39742e-08	1.0578e-08	1.4013e-09	1.72513e-10	1.97931e-11	2.12201e-12	2.13092e-13	2.00879e-14	1.78132e-15	1.48874e-16	1.17471e-17	8.76588e-19	6.19565e-20	4.15367e-21	2.64496e-22	1.60179e-23	9.23666e-25	5.07736e-26	2.66344e-27	1.33466e-28	6.39496e-30	2.93255e-31	1.28816e-32	5.42462e-34	2.19172e-35	8.5025e-37	3.16929e-38	1.13587e-39	3.91683e-41	1.30031e-42	4.1584e-44	1.28072e-45	0	
0	0.0481017	0.130515	0.27843	0.504845	0.784021	1.05561	1.26945	1.41988	1.50903	1.50837	1.40954	1.24274	1.00855	0.717114	0.416087	0.104536	-0.199581	-0.464846	-0.693962	-0.868499	-0.998593	-1.08029	-1.1268	-1.1447	-1.14446	-1.13177	-1.11641	-1.10326	-1.09322	-1.09267	-1.09982	-1.10964	-1.12551	-1.13958	-1.14754	-1.13722	-1.10309	-1.03661	-0.926261	-0.7701	-0.562414	-0.309998	-0.0210732	0.292971	0.596739	0.896058	1.15785	1.34991	1.47942	1.52173	1.46406	1.33618	1.14885	0.896952	0.613173	0.360394	0.181602	0.0788669	0.0297678	0.00985407	0.00288588	0.000753682	0.000176783	3.74795e-05	7.22266e-06	1.27156e-06	2.05431e-07	3.05804e-08	4.20968e-09	5.37677e-10	6.39095e-11	7.08882e-12	7.356e-13	7.15775e-14	6.54497e-15	5.63503e-16	4.57659e-17	3.5123e-18	2.55116e-19	1.75644e-20	1.14786e-21	7.12977e-23	4.21438e-24	2.37341e-25	1.27489e-26	6.53862e-28	3.20513e-29	1.503e-30	6.7486e-32	2.90388e-33	1.1984e-34	4.74704e-36	1.80616e-37	6.60554e-39	2.32364e-40	7.86712e-42	2.56516e-43	8.05264e-45	0	
0	0.0766559	0.196406	0.389898	0.654839	0.944121	1.19307	1.37122	1.484	1.5178	1.44532	1.28335	1.05442	0.75897	0.43563	0.104536	-0.225842	-0.507477	-0.748231	-0.93099	-1.05558	-1.12871	-1.15273	-1.14376	-1.11023	-1.06564	-1.02329	-0.984605	-0.956055	-0.941341	-0.93921	-0.948288	-0.97377	-1.00669	-1.0466	-1.09363	-1.13189	-1.15398	-1.14216	-1.09209	-0.986139	-0.830026	-0.60818	-0.345361	-0.0306769	0.304403	0.629973	0.943202	1.19991	1.38883	1.50201	1.5096	1.42425	1.27244	1.05095	0.77129	0.489531	0.266246	0.124366	0.0502615	0.0177332	0.00551142	0.00152159	0.000375984	8.37158e-05	1.68972e-05	3.10818e-06	5.23543e-07	8.10969e-08	1.15966e-08	1.53617e-09	1.89103e-10	2.1695e-11	2.32575e-12	2.33538e-13	2.20147e-14	1.9522e-15	1.63162e-16	1.28756e-17	9.60937e-19	6.79312e-20	4.55535e-21	2.90163e-22	1.75788e-23	1.0141e-24	5.57724e-26	2.92729e-27	1.46779e-28	7.03769e-30	3.22973e-31	1.41986e-32	5.98457e-34	2.42028e-35	9.39881e-37	3.50723e-38	1.25846e-39	4.34488e-41	1.44429e-42	4.62095e-44	0	
0	0.113554	0.275947	0.512419	0.80261	1.08464	1.30196	1.44381	1.51307	1.48298	1.34252	1.12319	0.836716	0.497458	0.147218	-0.199581	-0.507477	-0.763667	-0.965316	-1.08694	-1.15243	-1.15094	-1.11422	-1.04316	-0.970833	-0.896012	-0.835324	-0.784258	-0.751244	-0.735874	-0.729435	-0.741847	-0.770553	-0.812247	-0.870836	-0.938568	-1.01443	-1.08854	-1.14	-1.15865	-1.12	-1.02237	-0.852923	-0.614857	-0.329902	0.00752357	0.356866	0.704358	1.01704	1.26242	1.43814	1.51499	1.4818	1.36739	1.18067	0.920111	0.625686	0.365332	0.182849	0.0788968	0.0296007	0.00974471	0.0028394	0.000738091	0.000172385	3.64027e-05	6.98961e-06	1.22639e-06	1.97519e-07	2.93182e-08	4.02524e-09	5.12863e-10	6.08229e-11	6.73251e-12	6.97304e-13	6.77337e-14	6.18375e-15	5.31646e-16	4.31234e-17	3.30573e-18	2.3987e-19	1.65002e-20	1.0775e-21	6.68848e-23	3.95149e-24	2.22445e-25	1.19452e-26	6.12531e-28	3.00228e-29	1.40791e-30	6.32238e-32	2.72107e-33	1.12332e-34	4.45143e-36	1.69454e-37	6.20097e-39	2.18281e-40	7.39601e-42	2.41132e-43	0	
0	0.157616	0.365113	0.638111	0.939297	1.20151	1.3841	1.48885	1.50765	1.41129	1.21104	0.939879	0.603044	0.233742	-0.126867	-0.464846	-0.748231	-0.965316	-1.09696	-1.15454	-1.14259	-1.07898	-0.983864	-0.878678	-0.779042	-0.696751	-0.630634	-0.590496	-0.560081	-0.544887	-0.54354	-0.553187	-0.575389	-0.613115	-0.668711	-0.741795	-0.838595	-0.940433	-1.04519	-1.1206	-1.15882	-1.12705	-1.02917	-0.843089	-0.58621	-0.26633	0.0884257	0.455901	0.812191	1.11053	1.34083	1.48309	1.50872	1.4356	1.28481	1.05233	0.760208	0.473514	0.252718	0.11598	0.0461265	0.0160416	0.00492174	0.00134315	0.000328453	7.24478e-05	1.44987e-05	2.64639e-06	4.42618e-07	6.81197e-08	9.68335e-09	1.27577e-09	1.56265e-10	1.78453e-11	1.90498e-12	1.90543e-13	1.78974e-14	1.58185e-15	1.31808e-16	1.03725e-17	7.72151e-19	5.44583e-20	3.64413e-21	2.31674e-22	1.40109e-23	8.07012e-25	4.4321e-26	2.32337e-27	1.16371e-28	5.57451e-30	2.55622e-31	1.12304e-32	4.73099e-34	1.91255e-35	7.4251e-37	2.7703e-38	9.93998e-40	3.43209e-41	1.13996e-42	0	
0	0.20663	0.45872	0.759611	1.05928	1.29449	1.4423	1.50788	1.47123	1.31233	1.06075	0.742092	0.367248	-0.0142918	-0.374936	-0.693962	-0.93099	-1.08694	-1.15454	-1.14114	-1.06055	-0.941847	-0.805578	-0.685142	-0.588257	-0.526247	-0.483902	-0.456062	-0.441233	-0.432032	-0.432126	-0.437312	-0.44722	-0.472438	-0.506934	-0.559687	-0.642135	-0.75443	-0.888099	-1.01615	-1.11583	-1.15819	-1.1245	-1.00346	-0.798737	-0.510525	-0.161521	0.213135	0.596994	0.941506	1.22059	1.42098	1.50689	1.47908	1.36453	1.16434	0.886093	0.584772	0.33099	0.160836	0.0675474	0.0247334	0.00796686	0.0022765	0.000581489	0.000133683	2.78299e-05	5.27478e-06	9.14657e-07	1.45733e-07	2.14191e-08	2.9142e-09	3.6822e-10	4.33345e-11	4.76279e-12	4.90067e-13	4.73152e-14	4.29542e-15	3.67378e-16	2.96555e-17	2.26316e-18	1.6354e-19	1.12065e-20	7.2921e-22	4.51168e-23	2.65739e-24	1.49178e-25	7.99032e-27	4.08768e-28	1.99926e-29	9.35715e-31	4.19453e-32	1.80241e-33	7.43016e-35	2.94069e-36	1.11821e-37	4.08809e-39	1.4379e-40	4.8638e-42	0	
0	0.25779	0.551452	0.8712	1.1601	1.36552	1.47945	1.5032	1.40979	1.19552	0.900122	0.541462	0.143264	-0.240963	-0.590029	-0.868499	-1.05558	-1.15243	-1.14259	-1.06055	-0.921715	-0.768191	-0.627558	-0.527962	-0.468574	-0.436992	-0.418303	-0.409471	-0.405632	-0.40301	-0.402752	-0.404595	-0.406961	-0.414637	-0.428918	-0.454419	-0.499222	-0.582582	-0.708601	-0.860573	-1.00994	-1.11769	-1.15995	-1.1067	-0.954195	-0.712104	-0.38619	-0.0142181	0.383769	0.763988	1.08601	1.33695	1.48057	1.50043	1.42225	1.25537	0.998641	0.693487	0.413877	0.211886	0.0935621	0.0359315	0.0121088	0.0036115	0.000960814	0.000229621	4.96057e-05	9.74151e-06	1.7477e-06	2.87735e-07	4.36469e-08	6.12247e-09	7.96788e-10	9.64951e-11	1.09045e-11	1.15276e-12	1.14264e-13	1.06427e-14	9.33301e-16	7.72014e-17	6.03402e-18	4.46338e-19	3.1293e-20	2.08243e-21	1.31706e-22	7.9268e-24	4.54522e-25	2.48576e-26	1.29798e-27	6.47756e-29	3.09244e-30	1.4136e-31	6.19236e-33	2.60163e-34	1.04912e-35	4.06372e-37	1.51301e-38	5.41839e-40	1.86566e-41	0	
0	0.308232	0.638722	0.969271	1.24176	1.41743	1.49823	1.47822	1.33075	1.07033	0.738199	0.347442	-0.0625089	-0.439084	-0.764148	-0.998593	-1.12871	-1.15094	-1.07898	-0.941847	-0.768191	-0.613079	-0.496397	-0.442909	-0.424502	-0.423266	-0.418607	-0.412025	-0.412363	-0.408387	-0.408803	-0.412571	-0.41116	-0.415533	-0.421843	-0.424064	-0.431416	-0.468097	-0.559212	-0.702362	-0.872959	-1.03083	-1.13108	-1.15041	-1.06285	-0.870647	-0.577347	-0.218465	0.182334	0.586969	0.94478	1.23877	1.4352	1.50307	1.46104	1.32658	1.09541	0.795131	0.497411	0.266897	0.123333	0.0494667	0.017373	0.00538921	0.00148844	0.00036866	8.24154e-05	1.67252e-05	3.09698e-06	5.25661e-07	8.21224e-08	1.18528e-08	1.58582e-09	1.97281e-10	2.28843e-11	2.48157e-12	2.52161e-13	2.40625e-14	2.16071e-15	1.82919e-16	1.46247e-17	1.10609e-18	7.92561e-20	5.38811e-21	3.48006e-22	2.13812e-23	1.2511e-24	6.98001e-26	3.71695e-27	1.89114e-28	9.20203e-30	4.28608e-31	1.91263e-32	8.18373e-34	3.36019e-35	1.32493e-36	5.0205e-38	1.82947e-39	6.40814e-41	0	
0	0.355478	0.717185	1.05222	1.30573	1.45311	1.5014	1.43796	1.24279	0.944795	0.580512	0.166226	-0.243563	-0.606028	-0.899565	-1.08029	-1.15273	-1.11422	-0.983864	-0.805578	-0.627558	-0.496397	-0.43652	-0.430551	-0.440662	-0.426921	-0.411374	-0.40074	-0.397676	-0.391342	-0.386922	-0.394291	-0.399699	-0.405189	-0.419809	-0.438985	-0.43511	-0.430401	-0.463495	-0.568227	-0.731257	-0.916272	-1.07071	-1.15035	-1.12221	-0.985528	-0.733545	-0.395884	-0.000665163	0.418814	0.804606	1.13362	1.3764	1.49081	1.48429	1.3803	1.17582	0.886548	0.577953	0.323304	0.155587	0.0648801	0.0236486	0.00760043	0.00217138	0.000555513	0.000128107	2.6787e-05	5.1053e-06	8.91044e-07	1.43017e-07	2.119e-08	2.90822e-09	3.70877e-10	4.40738e-11	4.89345e-12	5.08835e-13	4.96628e-14	4.559e-15	3.94386e-16	3.22075e-17	2.48712e-18	1.81892e-19	1.26164e-20	8.31112e-22	5.20644e-23	3.1053e-24	1.76541e-25	9.57718e-27	4.96273e-28	2.45877e-29	1.16581e-30	5.29461e-32	2.30513e-33	9.62847e-35	3.86144e-36	1.48794e-37	5.51269e-39	1.96282e-40	0	
0	0.397715	0.784878	1.11999	1.35418	1.47542	1.49253	1.38868	1.15304	0.82324	0.432036	0.00534919	-0.397032	-0.741277	-0.99531	-1.1268	-1.14376	-1.04316	-0.878678	-0.685142	-0.527962	-0.442909	-0.430551	-0.441444	-0.432662	-0.395775	-0.374794	-0.366195	-0.353664	-0.347865	-0.347792	-0.351319	-0.362031	-0.370966	-0.384178	-0.41962	-0.441836	-0.435364	-0.431032	-0.484423	-0.614774	-0.801718	-0.982572	-1.1161	-1.14705	-1.06449	-0.855276	-0.543573	-0.161673	0.264716	0.672428	1.02882	1.30997	1.46748	1.49532	1.41937	1.24065	0.965941	0.652509	0.378517	0.188763	0.0814609	0.0306824	0.010175	0.00299541	0.000788698	0.000186986	4.01562e-05	7.85336e-06	1.40538e-06	2.31113e-07	3.5061e-08	4.92392e-09	6.42187e-10	7.80072e-11	8.84874e-12	9.3964e-13	9.36163e-14	8.76909e-15	7.73767e-16	6.44315e-17	5.07162e-18	3.77952e-19	2.67058e-20	1.79165e-21	1.14273e-22	6.93752e-24	4.01365e-25	2.21525e-26	1.16763e-27	5.88311e-29	2.8362e-30	1.30941e-31	5.79419e-33	2.45942e-34	1.00214e-35	3.92284e-37	1.4762e-38	5.33765e-40	0	
0	0.433864	0.841061	1.17355	1.38954	1.48734	1.47571	1.33587	1.06618	0.710093	0.299698	-0.131353	-0.524269	-0.846155	-1.0596	-1.1447	-1.11023	-0.970833	-0.779042	-0.588257	-0.468574	-0.424502	-0.440662	-0.432662	-0.392017	-0.341919	-0.334633	-0.341162	-0.319436	-0.324268	-0.328422	-0.315916	-0.334743	-0.339471	-0.332366	-0.370626	-0.417956	-0.444171	-0.426521	-0.443408	-0.528623	-0.700056	-0.89514	-1.06635	-1.14294	-1.10929	-0.946431	-0.66247	-0.297974	0.127459	0.552179	0.930694	1.24212	1.4372	1.49716	1.44665	1.29149	1.03265	0.71886	0.430165	0.221192	0.0983208	0.0380973	0.0129813	0.00392222	0.00105885	0.000257152	5.65245e-05	1.13065e-05	2.06811e-06	3.47421e-07	5.38116e-08	7.71203e-09	1.02596e-09	1.27068e-10	1.46908e-11	1.58941e-12	1.61283e-13	1.53822e-14	1.38156e-15	1.17068e-16	9.37452e-18	7.10549e-19	5.10524e-20	3.48192e-21	2.2572e-22	1.39254e-23	8.18527e-25	4.58909e-26	2.45663e-27	1.25691e-28	6.15208e-30	2.88326e-31	1.29497e-32	5.57821e-34	2.30637e-35	9.15963e-37	3.49662e-38	1.28236e-39	0	
0	0.463495	0.885911	1.21445	1.41434	1.49184	1.45475	1.284	0.986704	0.610588	0.187166	-0.245228	-0.62678	-0.922834	-1.09961	-1.14446	-1.06564	-0.896012	-0.696751	-0.526247	-0.436992	-0.423266	-0.426921	-0.395775	-0.341919	-0.332994	-0.344169	-0.341656	-0.320129	-0.328873	-0.336048	-0.318877	-0.333279	-0.345564	-0.338097	-0.333409	-0.371181	-0.421631	-0.424261	-0.427659	-0.477486	-0.624017	-0.814615	-1.00703	-1.12637	-1.13271	-1.01134	-0.754598	-0.40697	0.0111112	0.446165	0.842788	1.17816	1.40439	1.49284	1.46476	1.3302	1.08682	0.775541	0.47624	0.251243	0.114485	0.0454301	0.0158372	0.00489104	0.00134851	0.000334227	7.49266e-05	1.52766e-05	2.84673e-06	4.86971e-07	7.67741e-08	1.11953e-08	1.51487e-09	1.90773e-10	2.24201e-11	2.465e-12	2.54126e-13	2.4618e-14	2.24535e-15	1.93167e-16	1.57016e-17	1.20782e-18	8.80565e-20	6.09293e-21	4.00654e-22	2.50685e-23	1.49422e-24	8.49387e-26	4.60955e-27	2.39059e-28	1.18591e-29	5.63239e-31	2.56327e-32	1.1187e-33	4.68578e-35	1.88505e-36	7.28862e-38	2.7071e-39	0	
0	0.486656	0.920194	1.24449	1.43096	1.49162	1.43305	1.23717	0.918678	0.527538	0.094576	-0.336184	-0.703399	-0.976318	-1.12307	-1.13177	-1.02329	-0.835324	-0.630634	-0.483902	-0.418303	-0.418607	-0.411374	-0.374794	-0.334633	-0.344169	-0.345772	-0.32666	-0.317848	-0.322122	-0.322136	-0.318182	-0.323225	-0.335906	-0.350525	-0.333374	-0.355474	-0.400152	-0.418212	-0.415589	-0.446759	-0.56333	-0.750629	-0.953452	-1.10264	-1.14002	-1.05322	-0.825427	-0.493062	-0.0817657	0.358545	0.768079	1.12177	1.37288	1.48528	1.4761	1.35868	1.12908	0.821706	0.515162	0.27745	0.128987	0.0521801	0.0185293	0.00582485	0.00163363	0.00041163	9.37666e-05	1.94175e-05	3.67362e-06	6.37795e-07	1.02021e-07	1.50897e-08	2.07052e-09	2.6435e-10	3.14893e-11	3.50847e-12	3.66474e-13	3.59638e-14	3.32234e-15	2.8945e-16	2.38231e-17	1.8553e-18	1.36921e-19	9.58911e-21	6.38135e-22	4.04031e-23	2.43666e-24	1.40132e-25	7.693e-27	4.03558e-28	2.02479e-29	9.72541e-31	4.4757e-32	1.97513e-33	8.36465e-35	3.40206e-36	1.32979e-37	4.99256e-39	0	
0	0.503686	0.944945	1.26545	1.4415	1.48904	1.41362	1.19865	0.864525	0.462425	0.0238822	-0.402921	-0.758819	-1.01393	-1.1344	-1.11641	-0.984605	-0.784258	-0.590496	-0.456062	-0.409471	-0.412025	-0.40074	-0.366195	-0.341162	-0.341656	-0.32666	-0.295828	-0.307643	-0.300288	-0.291906	-0.309604	-0.298745	-0.31018	-0.340978	-0.338199	-0.354706	-0.386769	-0.411637	-0.407607	-0.428661	-0.526269	-0.703123	-0.908027	-1.07591	-1.14234	-1.08079	-0.873239	-0.556182	-0.152963	0.290527	0.709421	1.07617	1.3458	1.47695	1.4827	1.37864	1.16022	0.856956	0.545765	0.298584	0.140949	0.0578623	0.0208385	0.00664	0.00188669	0.000481424	0.000111015	2.32647e-05	4.45294e-06	7.81937e-07	1.26479e-07	1.89133e-08	2.62327e-09	3.38492e-10	4.07448e-11	4.58677e-12	4.84012e-13	4.79789e-14	4.47661e-15	3.93871e-16	3.27348e-17	2.57404e-18	1.91787e-19	1.35593e-20	9.10851e-22	5.82087e-23	3.54302e-24	2.0563e-25	1.13917e-26	6.02991e-28	3.05258e-29	1.47928e-30	6.86802e-32	3.05751e-33	1.30617e-34	5.35853e-36	2.11261e-37	7.99943e-39	0	
0	0.515025	0.961196	1.27883	1.44764	1.48603	1.39878	1.1707	0.826194	0.417195	-0.0245409	-0.448564	-0.795559	-1.03601	-1.13927	-1.10326	-0.956055	-0.751244	-0.560081	-0.441233	-0.405632	-0.412363	-0.397676	-0.353664	-0.319436	-0.320129	-0.317848	-0.307643	-0.307295	-0.306426	-0.304426	-0.306736	-0.306582	-0.312781	-0.322481	-0.315862	-0.337321	-0.381751	-0.41097	-0.407608	-0.41831	-0.502527	-0.669378	-0.876281	-1.05681	-1.13816	-1.09642	-0.905578	-0.598286	-0.201118	0.24323	0.668108	1.04354	1.32567	1.46991	1.48619	1.39145	1.18106	0.88117	0.567246	0.313699	0.149645	0.0620557	0.0225663	0.00725777	0.00208081	0.000535586	0.00012455	2.63163e-05	5.07758e-06	8.98658e-07	1.46485e-07	2.20716e-08	3.08427e-09	4.00919e-10	4.86114e-11	5.51178e-12	5.85768e-13	5.84751e-14	5.49402e-15	4.86727e-16	4.0729e-17	3.22436e-18	2.41857e-19	1.72132e-20	1.16394e-21	7.48698e-23	4.58675e-24	2.67923e-25	1.49376e-26	7.95704e-28	4.05355e-29	1.97663e-30	9.23411e-32	4.13619e-33	1.77779e-34	7.33769e-36	2.91036e-37	1.1086e-38	0	
0	0.521068	0.96978	1.28577	1.45061	1.48394	1.39016	1.15499	0.805025	0.392357	-0.051132	-0.47323	-0.814831	-1.04749	-1.1402	-1.09322	-0.941341	-0.735874	-0.544887	-0.432032	-0.40301	-0.408387	-0.391342	-0.347865	-0.324268	-0.328873	-0.322122	-0.300288	-0.306426	-0.301465	-0.297235	-0.307624	-0.302217	-0.310004	-0.33109	-0.323055	-0.335351	-0.373435	-0.406287	-0.403918	-0.41279	-0.487841	-0.654179	-0.860821	-1.04444	-1.13483	-1.10414	-0.922545	-0.620816	-0.227094	0.217353	0.645246	1.0253	1.31417	1.46561	1.48773	1.39813	1.19222	0.894357	0.579107	0.322142	0.154554	0.0644449	0.0235592	0.00761563	0.00219411	0.000567428	0.000132563	2.81351e-05	5.45233e-06	9.69135e-07	1.5864e-07	2.40025e-08	3.36786e-09	4.39553e-10	5.35088e-11	6.09106e-12	6.49864e-13	6.51248e-14	6.14227e-15	5.46226e-16	4.58801e-17	3.64572e-18	2.74475e-19	1.96064e-20	1.3306e-21	8.58994e-23	5.28132e-24	3.09591e-25	1.73216e-26	9.25921e-28	4.73327e-29	2.31602e-30	1.08566e-31	4.87938e-33	2.10426e-34	8.71411e-36	3.4677e-37	1.32522e-38	0	
0	0.522065	0.971191	1.2869	1.45107	1.48354	1.38867	1.15237	0.801514	0.388129	-0.0555871	-0.476983	-0.817945	-1.04982	-1.14029	-1.09267	-0.93921	-0.729435	-0.54354	-0.432126	-0.402752	-0.408803	-0.386922	-0.347792	-0.328422	-0.336048	-0.322136	-0.291906	-0.304426	-0.297235	-0.287887	-0.305742	-0.294307	-0.305809	-0.337084	-0.328576	-0.338443	-0.369381	-0.406009	-0.40413	-0.413781	-0.487262	-0.650376	-0.856249	-1.04286	-1.1356	-1.10401	-0.924356	-0.625424	-0.231943	0.213272	0.641604	1.02221	1.31218	1.46486	1.48797	1.39923	1.19407	0.896556	0.581093	0.323561	0.155381	0.0648486	0.0237273	0.00767638	0.00221339	0.000572856	0.000133932	2.84465e-05	5.51663e-06	9.81253e-07	1.60735e-07	2.4336e-08	3.41694e-09	4.46254e-10	5.43602e-11	6.19198e-12	6.61056e-13	6.62886e-14	6.25598e-15	5.56687e-16	4.67878e-17	3.72014e-18	2.8025e-19	2.00311e-20	1.36024e-21	8.78657e-23	5.40543e-24	3.17053e-25	1.77495e-26	9.49347e-28	4.85583e-29	2.37735e-30	1.11504e-31	5.01426e-33	2.16364e-34	8.96496e-36	3.56949e-37	1.36486e-38	0	
0	0.518059	0.965514	1.28233	1.44915	1.48499	1.39446	1.1629	0.815828	0.405058	-0.0379213	-0.461655	-0.805685	-1.04073	-1.13927	-1.09982	-0.948288	-0.741847	-0.553187	-0.437312	-0.404595	-0.412571	-0.394291	-0.351319	-0.315916	-0.318877	-0.318182	-0.309604	-0.306736	-0.307624	-0.305742	-0.308029	-0.308005	-0.314189	-0.321019	-0.313672	-0.333351	-0.378743	-0.408736	-0.408059	-0.414267	-0.496706	-0.660599	-0.866856	-1.05226	-1.13656	-1.09973	-0.914597	-0.61005	-0.214051	0.230522	0.656784	1.03443	1.31994	1.46781	1.487	1.39483	1.18667	0.887775	0.573163	0.317896	0.152078	0.063236	0.0230554	0.00743362	0.00213635	0.000551161	0.000128461	2.72024e-05	5.25982e-06	9.3287e-07	1.52375e-07	2.30059e-08	3.22127e-09	4.19556e-10	5.09705e-11	5.79044e-12	6.16561e-13	6.16657e-14	5.80468e-15	5.15207e-16	4.31919e-17	3.4256e-18	2.57419e-19	1.83539e-20	1.24329e-21	8.01165e-23	4.91685e-24	2.87708e-25	1.60686e-26	8.57429e-28	4.37549e-29	2.13725e-30	1.00013e-31	4.48737e-33	1.93195e-34	7.98717e-36	3.17317e-37	1.21068e-38	0	
0	0.508879	0.952412	1.27164	1.44439	1.48774	1.40694	1.18613	0.847463	0.442155	0.00181369	-0.424018	-0.776376	-1.02476	-1.13557	-1.10964	-0.97377	-0.770553	-0.575389	-0.44722	-0.406961	-0.41116	-0.399699	-0.362031	-0.334743	-0.333279	-0.323225	-0.298745	-0.306582	-0.302217	-0.294307	-0.308005	-0.30124	-0.309096	-0.334345	-0.331218	-0.349286	-0.384844	-0.411738	-0.406201	-0.422921	-0.513048	-0.688681	-0.896375	-1.06747	-1.13984	-1.08711	-0.888109	-0.576503	-0.175284	0.269471	0.690993	1.06144	1.33675	1.47389	1.48441	1.38458	1.16978	0.867983	0.555483	0.305382	0.14484	0.0597295	0.0216044	0.00691273	0.00197206	0.000505154	0.000116924	2.45926e-05	4.72388e-06	8.32408e-07	1.35104e-07	2.02709e-08	2.82088e-09	3.65177e-10	4.40985e-11	4.98008e-12	5.27168e-13	5.24193e-14	4.90597e-15	4.32963e-16	3.60924e-17	2.84654e-18	2.12721e-19	1.50836e-20	1.0162e-21	6.51288e-23	3.97561e-24	2.31395e-25	1.28553e-26	6.82373e-28	3.46408e-29	1.68334e-30	7.83695e-32	3.4984e-33	1.49857e-34	6.16447e-36	2.43687e-37	9.2518e-39	0	
0	0.494179	0.931177	1.25387	1.43579	1.4907	1.42477	1.22064	0.895527	0.499569	0.0635486	-0.366167	-0.728523	-0.993258	-1.12816	-1.12551	-1.00669	-0.812247	-0.613115	-0.472438	-0.414637	-0.415533	-0.405189	-0.370966	-0.339471	-0.345564	-0.335906	-0.31018	-0.312781	-0.310004	-0.305809	-0.314189	-0.309096	-0.322311	-0.348219	-0.337592	-0.355916	-0.392882	-0.415111	-0.41184	-0.439135	-0.547487	-0.729435	-0.933374	-1.09135	-1.14104	-1.06546	-0.847657	-0.521836	-0.112872	0.329349	0.742768	1.10206	1.36133	1.48193	1.47923	1.36764	1.14286	0.837147	0.528448	0.286553	0.134102	0.0545941	0.0195044	0.00616707	0.0017393	0.000440623	0.000100896	2.10002e-05	3.99275e-06	6.96558e-07	1.11948e-07	1.66351e-08	2.293e-09	2.9407e-10	3.51845e-11	3.93728e-12	4.13035e-13	4.07053e-14	3.77613e-15	3.30349e-16	2.73008e-17	2.13476e-18	1.58178e-19	1.11219e-20	7.43053e-22	4.72294e-23	2.85936e-24	1.65071e-25	9.09657e-27	4.78985e-28	2.41222e-29	1.16293e-30	5.37157e-32	2.37914e-33	1.01122e-34	4.12763e-36	1.61918e-37	6.1006e-39	0	
0	0.473522	0.900836	1.22766	1.42182	1.49213	1.44591	1.26448	0.958216	0.575632	0.147528	-0.284896	-0.660396	-0.946845	-1.11153	-1.13958	-1.0466	-0.870836	-0.668711	-0.506934	-0.428918	-0.421843	-0.419809	-0.384178	-0.332366	-0.338097	-0.350525	-0.340978	-0.322481	-0.33109	-0.337084	-0.321019	-0.334345	-0.348219	-0.345737	-0.328866	-0.358972	-0.412475	-0.421299	-0.422871	-0.463036	-0.597241	-0.788915	-0.983473	-1.11643	-1.13729	-1.03078	-0.785998	-0.444376	-0.0287222	0.408984	0.811265	1.15453	1.39144	1.49007	1.47002	1.34277	1.10516	0.79532	0.492731	0.262236	0.120514	0.0482128	0.0169384	0.00527023	0.00146349	0.000365231	8.24248e-05	1.69144e-05	3.17181e-06	5.45916e-07	8.65842e-08	1.27e-08	1.72837e-09	2.1889e-10	2.58672e-11	2.85951e-12	2.96379e-13	2.88631e-14	2.64624e-15	2.28825e-16	1.86943e-17	1.44522e-18	1.05884e-19	7.36224e-21	4.86454e-22	3.0582e-23	1.83144e-24	1.04593e-25	5.70236e-27	2.97083e-28	1.48042e-29	7.06258e-31	3.22839e-32	1.41516e-33	5.95335e-35	2.40532e-36	9.33999e-38	3.48369e-39	0	
0	0.446507	0.860328	1.19132	1.40055	1.48982	1.46761	1.31481	1.03338	0.668667	0.252421	-0.179894	-0.568893	-0.879896	-1.07773	-1.14754	-1.09363	-0.938568	-0.741795	-0.559687	-0.454419	-0.424064	-0.438985	-0.41962	-0.370626	-0.333409	-0.333374	-0.338199	-0.315862	-0.323055	-0.328576	-0.313672	-0.331218	-0.337592	-0.328866	-0.353022	-0.400672	-0.43843	-0.42748	-0.435812	-0.505164	-0.666054	-0.858985	-1.04371	-1.1384	-1.12126	-0.975633	-0.701731	-0.344568	0.0777835	0.507783	0.894366	1.21595	1.42414	1.49601	1.4549	1.30838	1.05585	0.742771	0.449345	0.233553	0.104898	0.0410508	0.0141207	0.00430531	0.00117241	0.000287121	6.36231e-05	1.28262e-05	2.36391e-06	4.00047e-07	6.24087e-08	9.00693e-09	1.20645e-09	1.50424e-10	1.75054e-11	1.90612e-12	1.94643e-13	1.86791e-14	1.68791e-15	1.43883e-16	1.15898e-17	8.83555e-19	6.38455e-20	4.37896e-21	2.85447e-22	1.77064e-23	1.04639e-24	5.89781e-26	3.1738e-27	1.63226e-28	8.03017e-30	3.78249e-31	1.70733e-32	7.39081e-34	3.07072e-35	1.22541e-36	4.70023e-38	1.7319e-39	0	
0	0.412948	0.808744	1.14303	1.36969	1.4812	1.48655	1.36784	1.11783	0.776624	0.376663	-0.0521943	-0.450496	-0.786783	-1.02536	-1.13722	-1.13189	-1.01443	-0.838595	-0.642135	-0.499222	-0.431416	-0.43511	-0.441836	-0.417956	-0.371181	-0.355474	-0.354706	-0.337321	-0.335351	-0.338443	-0.333351	-0.349286	-0.355916	-0.358972	-0.400672	-0.435308	-0.44134	-0.425986	-0.463208	-0.575528	-0.759052	-0.948547	-1.09677	-1.14774	-1.08669	-0.894726	-0.594047	-0.21995	0.207115	0.622971	0.988799	1.28273	1.45594	1.49701	1.43161	1.26264	0.994209	0.680145	0.399701	0.201881	0.0881944	0.0336087	0.0112702	0.00335329	0.000891957	0.000213543	4.62926e-05	9.136e-06	1.64932e-06	2.73547e-07	4.18427e-08	5.92374e-09	7.78656e-10	9.53087e-11	1.08922e-11	1.16508e-12	1.16906e-13	1.10273e-14	9.79687e-16	8.21261e-17	6.50698e-18	4.88052e-19	3.47041e-20	2.34275e-21	1.50337e-22	9.18189e-24	5.34356e-25	2.96645e-26	1.57253e-27	7.96796e-29	3.86264e-30	1.79307e-31	7.97721e-33	3.40406e-34	1.39433e-35	5.4863e-37	2.07509e-38	7.54085e-40	0	
0	0.373058	0.74563	1.0811	1.32678	1.46339	1.49908	1.41918	1.20698	0.895431	0.519416	0.098802	-0.308417	-0.66335	-0.941516	-1.10309	-1.15398	-1.08854	-0.940433	-0.75443	-0.582582	-0.468097	-0.430401	-0.435364	-0.444171	-0.421631	-0.400152	-0.386769	-0.381751	-0.373435	-0.369381	-0.378743	-0.384844	-0.392882	-0.412475	-0.43843	-0.44134	-0.428762	-0.445137	-0.527937	-0.681427	-0.868314	-1.03623	-1.14167	-1.13658	-1.02101	-0.786253	-0.458444	-0.0678995	0.355145	0.750515	1.09138	1.35047	1.48262	1.49004	1.39759	1.20362	0.919861	0.608641	0.345639	0.168797	0.0713866	0.0263713	0.00858418	0.00248239	0.000642485	0.000149818	3.16621e-05	6.0966e-06	1.07463e-06	1.74137e-07	2.60405e-08	3.60607e-09	4.63887e-10	5.55946e-11	6.22353e-12	6.52344e-13	6.41683e-14	5.93563e-15	5.17308e-16	4.25541e-17	3.30954e-18	2.43727e-19	1.7021e-20	1.12877e-21	7.11744e-23	4.27239e-24	2.44425e-25	1.33419e-26	6.95555e-28	3.46668e-29	1.65335e-30	7.55211e-32	3.30663e-33	1.38888e-34	5.6006e-36	2.16976e-37	8.08158e-39	2.89254e-40	0	
0	0.327641	0.671317	1.00429	1.26931	1.43339	1.50116	1.46381	1.29644	1.01978	0.673964	0.272873	-0.137829	-0.509658	-0.823675	-1.03661	-1.14216	-1.14	-1.04519	-0.888099	-0.708601	-0.559212	-0.463495	-0.431032	-0.426521	-0.424261	-0.418212	-0.411637	-0.41097	-0.406287	-0.406009	-0.408736	-0.411738	-0.415111	-0.421299	-0.42748	-0.425986	-0.445137	-0.512372	-0.644467	-0.81554	-0.988229	-1.11189	-1.15376	-1.09147	-0.922236	-0.643669	-0.292215	0.106438	0.517826	0.888107	1.19729	1.4131	1.49981	1.47206	1.35009	1.1296	0.833103	0.530166	0.289399	0.135974	0.0554086	0.0197551	0.00621629	0.00174032	0.00043665	9.88252e-05	2.02932e-05	3.8004e-06	6.52101e-07	1.02947e-07	1.50092e-08	2.02778e-09	2.54653e-10	2.98105e-11	3.26141e-12	3.34267e-13	3.21654e-14	2.91191e-15	2.48473e-16	2.00198e-17	1.52557e-18	1.1012e-19	7.54026e-21	4.90434e-22	3.03392e-23	1.78721e-24	1.00367e-25	5.37917e-27	2.75416e-28	1.34844e-29	6.31886e-31	2.83655e-32	1.2208e-33	5.04135e-35	1.99903e-36	7.61691e-38	2.79074e-39	9.8276e-41	0	
0	0.278214	0.587249	0.912184	1.19497	1.38833	1.48897	1.49552	1.38005	1.14603	0.834885	0.462237	0.0581924	-0.323417	-0.663965	-0.926261	-1.09209	-1.15865	-1.1206	-1.01615	-0.860573	-0.702362	-0.568227	-0.484423	-0.443408	-0.427659	-0.415589	-0.407607	-0.407608	-0.403918	-0.40413	-0.408059	-0.406201	-0.41184	-0.422871	-0.435812	-0.463208	-0.527937	-0.644467	-0.795682	-0.957476	-1.08638	-1.15308	-1.13231	-1.00371	-0.780068	-0.466868	-0.0989642	0.3012	0.692321	1.02984	1.29914	1.46454	1.5036	1.4399	1.2862	1.03939	0.735241	0.44741	0.233505	0.105035	0.0410525	0.0140663	0.00426175	0.00115079	0.00027893	6.1072e-05	1.21477e-05	2.20619e-06	3.67497e-07	5.63761e-08	7.99393e-09	1.05122e-09	1.28592e-10	1.46732e-11	1.56577e-12	1.56618e-13	1.47164e-14	1.30161e-15	1.08564e-16	8.55396e-18	6.3772e-19	4.50537e-20	3.02054e-21	1.9243e-22	1.16638e-23	6.73443e-25	3.70801e-26	1.94903e-27	9.7897e-29	4.70335e-30	2.16333e-31	9.53434e-33	4.02962e-34	1.63449e-35	6.36748e-37	2.38412e-38	8.58532e-40	2.97215e-41	0	
