0	0	0	0	0	0	0	0	0	0	0	0	0	0	0	0	0	0	0	0	0	0	0	0	0	0	0	0	0	0	0	0	0	0	0	0	0	0	0	0	0	0	0	0	0	0	0	0	0	0	0	0	0	0	0	0	0	0	0	0	0	0	0	0	0	0	0	0	0	0	0	0	0	0	0	0	0	0	0	0	0	0	0	0	0	0	0	0	0	0	0	0	0	0	0	0	0	0	0	0	
0	-0.000304751	6.75476e-05	-0.000498441	0.000280769	-0.000227844	0.000403468	0.00023407	-0.000735335	0.0005797	-0.00184267	-0.000786118	3.03228e-05	-0.00179339	0.00130568	0.00120143	0.000103665	0.00130064	0.000479805	-0.000994168	-0.000504284	0.000189146	0.000649978	0.000339634	-0.00378587	-0.00404217	-0.00635351	-0.0117976	-0.0182064	-0.0241422	-0.0325471	-0.0409564	-0.0429165	-0.0413607	-0.0309212	-0.010113	0.0153317	0.0423349	0.0683467	0.0814689	0.0813426	0.0737641	0.0585237	0.039213	0.0208315	0.00153565	-0.0179876	-0.0362703	-0.0435199	-0.0381739	-0.0262436	-0.0143685	-0.00295027	0.00681481	0.00649364	0.00382925	-0.00127339	-0.00698225	-0.0117436	-0.00669825	0.00136194	0.00540162	0.00295346	-0.00350605	-0.00629272	-0.00593689	4.19604e-05	0.00348229	-0.00147445	-0.00568941	-0.00306478	0.00146249	0.00422121	-0.000784686	-0.00834656	-0.00562909	-0.0011427	0.00315087	0.00564657	-0.00152149	-0.0093461	-0.0111018	-0.00523059	0.00411268	0.00962562	0.013645	0.0141775	0.00921398	0.00337603	-0.00130659	-0.0030347	0.00109446	0.0133987	0.0267841	0.0290597	0.0230945	0.0158534	0.00659943	-0.000216018	0	
0	6.75476e-05	0.000776414	-0.000195564	0.000546748	-0.000154156	-0.000948703	0.000628387	-0.000509512	0.000361458	0.00255252	2.96395e-05	0.00245728	3.98827e-05	-0.000472956	-0.00179204	-0.00247055	4.94814e-05	-0.00234623	0.000646182	0.00141965	-0.00200265	-0.0053772	-0.0028056	-0.00625623	-0.00852366	-0.0162658	-0.0245666	-0.0364341	-0.0508148	-0.0682418	-0.0819176	-0.0859851	-0.0849427	-0.0640163	-0.0224381	0.0293275	0.0814085	0.134243	0.159441	0.161298	0.145306	0.115561	0.0777375	0.0403847	0.0037548	-0.0367949	-0.0705647	-0.0861202	-0.0750426	-0.0505121	-0.0283713	-0.00260022	0.0135644	0.0151335	0.00873371	-0.00266177	-0.0133875	-0.0252559	-0.015245	0.000599148	0.00782184	0.00454283	-0.00620355	-0.0123595	-0.00857219	0.00285685	0.00677056	-0.000310453	-0.0121991	-0.00966855	0.00201984	0.00476511	-0.0028334	-0.0120286	-0.00858528	-0.000944461	0.00722338	0.00848188	-0.00760222	-0.0203885	-0.0181364	-0.00599883	0.00661311	0.0166857	0.0280651	0.028069	0.0162329	0.00656957	-0.00114972	-0.00586406	0.00171554	0.0270388	0.0540554	0.0589178	0.0473547	0.0325085	0.0139353	0.000446153	0	
0	-0.000498441	-0.000195564	-0.00100715	0.000390232	-0.000608949	0.000700601	0.00062553	-0.00133636	0.00120573	-0.00300081	-0.00165262	5.75334e-05	-0.00325863	0.00194849	0.00222138	-8.50026e-06	0.0031062	3.04584e-05	-0.00123575	-0.00109272	-0.00138192	0.000154674	-0.000216297	-0.0099464	-0.0126052	-0.0207361	-0.0359127	-0.0537732	-0.0726124	-0.0981615	-0.121551	-0.128435	-0.123569	-0.0928972	-0.0321347	0.0431821	0.123836	0.200475	0.239983	0.242686	0.220074	0.175733	0.11874	0.0640849	0.00643422	-0.0520859	-0.104934	-0.127454	-0.113383	-0.0792938	-0.0441794	-0.00866106	0.0175499	0.019406	0.0115547	-0.00290383	-0.0200285	-0.0346832	-0.0201903	0.00206737	0.0140102	0.00788389	-0.00956838	-0.0175315	-0.0155079	6.3807e-05	0.00818057	-0.00372453	-0.0155346	-0.0095088	0.00350191	0.00957467	-0.00320635	-0.0209545	-0.0156445	-0.00348724	0.00949388	0.0137466	-0.00658803	-0.0269368	-0.0304865	-0.0135449	0.0116154	0.0275665	0.0397467	0.0407336	0.0255166	0.00800993	-0.00481396	-0.0083929	0.00543538	0.0423211	0.0811583	0.0894703	0.0736108	0.0509575	0.0231542	0.00300895	0	
0	0.000280769	0.000546748	0.000390232	0.000266603	0.00015253	-0.000845645	0.000293963	-0.000788931	0.000362196	0.00149814	-9.13268e-05	0.00282138	-0.000929304	0.000598992	-0.0013005	-0.00298919	0.000164094	-0.00204451	-0.000534289	0.00110481	-0.00141112	-0.00606268	-0.00596927	-0.0126269	-0.0170345	-0.0301514	-0.0475394	-0.0718745	-0.100566	-0.132708	-0.160081	-0.170472	-0.166738	-0.125264	-0.0461493	0.0542826	0.159712	0.260819	0.313748	0.320501	0.29129	0.232684	0.159455	0.0855766	0.0108882	-0.0681469	-0.13511	-0.16623	-0.149136	-0.105258	-0.0587443	-0.0105901	0.0221213	0.0263167	0.0167237	-0.00253627	-0.0264627	-0.0451136	-0.0293755	-0.000224401	0.014748	0.00744242	-0.0108825	-0.0223081	-0.0168078	0.00235927	0.00936154	-0.00268016	-0.019167	-0.0147162	0.00175693	0.00750828	-0.00590987	-0.0230924	-0.0166992	-0.00175999	0.0124757	0.0140646	-0.0129809	-0.038481	-0.0370002	-0.0114429	0.0159255	0.0342369	0.0510663	0.0506069	0.0303371	0.010197	-0.00543749	-0.0112575	0.00830209	0.059043	0.109908	0.121928	0.102708	0.0719476	0.0348609	0.00788167	0	
0	-0.000227844	-0.000154156	-0.000608949	0.00015253	-0.000240129	-2.17264e-06	0.000832739	-0.000664314	0.000640453	-0.000609073	-0.00115206	7.55896e-05	-0.00172327	0.000234594	0.00045872	-0.000927958	0.00278681	-0.00211766	0.000168994	-0.000837947	-0.00452304	-0.00363914	-0.00401241	-0.0137125	-0.0216539	-0.037253	-0.0605312	-0.0878358	-0.121179	-0.162646	-0.198495	-0.212228	-0.203739	-0.153971	-0.0587331	0.0639916	0.196626	0.319667	0.387117	0.399329	0.363724	0.293355	0.202354	0.111942	0.0165496	-0.0800069	-0.163272	-0.202392	-0.185747	-0.134413	-0.0766505	-0.0171249	0.0214929	0.0300432	0.019897	-0.00230431	-0.0308887	-0.053411	-0.0340509	-0.00144603	0.0168918	0.00964734	-0.0130258	-0.0253486	-0.0204728	-0.000866953	0.00750272	-0.0051124	-0.0203493	-0.0151986	0.00244135	0.00818471	-0.00773009	-0.0258959	-0.021764	-0.00513072	0.0141702	0.0147611	-0.0149615	-0.0424615	-0.0439453	-0.0164575	0.0186489	0.0426887	0.0610055	0.0608933	0.036407	0.00776961	-0.0111186	-0.0121066	0.0164376	0.0776469	0.138228	0.156411	0.135818	0.0963496	0.0499601	0.0157544	0	
0	0.000403468	-0.000948703	0.000700601	-0.000845645	-2.17264e-06	-9.72787e-05	-0.000475588	-0.000441008	0.000177744	-0.000829582	-0.000195986	0.000840112	-0.000851845	0.00092008	0.000962808	-0.000790341	0.00016718	3.09609e-05	-0.00144512	-0.000863018	-0.001103	-0.00324162	-0.00886547	-0.0176212	-0.0265095	-0.0434131	-0.0688962	-0.105297	-0.147914	-0.193408	-0.232403	-0.25233	-0.242686	-0.184122	-0.0728427	0.0709295	0.229498	0.371826	0.456547	0.474137	0.435785	0.3525	0.247911	0.138904	0.0251563	-0.0895042	-0.18671	-0.234924	-0.219751	-0.16413	-0.0933951	-0.026176	0.0205715	0.0324774	0.0231112	-0.000286791	-0.0369	-0.0580113	-0.0409842	-0.00464952	0.0170442	0.00835765	-0.0130433	-0.0274152	-0.0223322	-0.00286361	0.00524122	-0.00649186	-0.0201298	-0.0151446	-0.000602151	0.00482996	-0.00968675	-0.0286334	-0.0232714	-0.00295806	0.0144149	0.0126901	-0.0179959	-0.0509216	-0.0515447	-0.0155834	0.0254823	0.0514403	0.0672935	0.0636984	0.0381052	0.00802306	-0.0137787	-0.0142261	0.0240226	0.0991575	0.169792	0.193576	0.172125	0.124837	0.0696178	0.0267948	0	
0	0.00023407	0.000628387	0.00062553	0.000293963	0.000832739	-0.000475588	0.000382703	2.69749e-05	-0.000512717	0.000883969	-0.000146658	-0.000189018	-2.48296e-05	-0.00107772	-0.00174622	-0.00149411	-0.000513302	-0.00193206	-0.000667992	-0.000834326	-0.00479269	-0.00728379	-0.0105226	-0.0171139	-0.0306416	-0.0528248	-0.0829262	-0.12115	-0.168573	-0.222194	-0.268839	-0.292115	-0.278683	-0.212752	-0.0895503	0.0753718	0.257146	0.419018	0.5197	0.546398	0.504589	0.412067	0.293965	0.167425	0.0353441	-0.096554	-0.206392	-0.263776	-0.253125	-0.192773	-0.112923	-0.0355787	0.0162899	0.0345846	0.0276015	0.000461536	-0.038915	-0.0622418	-0.0466726	-0.00916562	0.012856	0.00690903	-0.0133395	-0.0282542	-0.0223897	-0.00519001	0.00124205	-0.00705895	-0.0187333	-0.0167754	-0.00268968	0.000293896	-0.0134435	-0.0263445	-0.0232487	-0.00445637	0.0133861	0.00811871	-0.0235605	-0.0545649	-0.0518445	-0.0147501	0.0265738	0.0558276	0.073313	0.068636	0.0390468	0.00258536	-0.020644	-0.013273	0.0378665	0.122913	0.201115	0.233533	0.213765	0.158605	0.093817	0.0405615	0	
0	-0.000735335	-0.000509512	-0.00133636	-0.000788931	-0.000664314	-0.000441008	2.69749e-05	-5.90764e-05	7.0313e-05	-0.00054806	1.53502e-05	-0.00102088	0.000709746	-0.000244443	0.00141101	0.00131461	0.000113495	0.000600403	-0.000828284	-0.00203771	-0.0030732	-0.00407421	-0.011367	-0.0204369	-0.0366226	-0.0582074	-0.0908641	-0.136645	-0.191616	-0.24999	-0.300237	-0.328944	-0.312353	-0.24097	-0.105229	0.0778982	0.282566	0.461315	0.580473	0.61652	0.574206	0.474709	0.344341	0.20133	0.0500666	-0.0971883	-0.220079	-0.287584	-0.283461	-0.222706	-0.133987	-0.0510899	0.00747304	0.0326177	0.0283682	0.000301781	-0.0412652	-0.0632352	-0.0497869	-0.0135513	0.00939042	0.00639601	-0.0125379	-0.0268016	-0.0234493	-0.0111461	-0.00422601	-0.00984853	-0.0170332	-0.0145143	-0.00477108	-0.00420151	-0.015524	-0.0264194	-0.024419	-0.00477707	0.0106634	0.00300752	-0.0262573	-0.0568414	-0.0545983	-0.0160613	0.0308868	0.0641222	0.0757338	0.0651829	0.0354827	-0.00143346	-0.0249884	-0.0116251	0.0523456	0.149171	0.236652	0.277528	0.258701	0.197195	0.123884	0.0577917	0	
0	0.0005797	0.000361458	0.00120573	0.000362196	0.000640453	0.000177744	-0.000512717	7.0313e-05	-0.000894462	-0.000108598	1.90332e-05	-0.00110753	0.000945669	-0.00187411	-0.00101104	0.000401861	-0.00442857	0.00190954	-0.00315455	-0.00242711	-0.00304757	-0.00698006	-0.0155462	-0.0218446	-0.0404513	-0.0660855	-0.101303	-0.15278	-0.212837	-0.27603	-0.330802	-0.364846	-0.345532	-0.269314	-0.12263	0.0765955	0.301207	0.494924	0.634187	0.678867	0.640319	0.53379	0.395535	0.233932	0.066971	-0.0963504	-0.229746	-0.307995	-0.311215	-0.251174	-0.155599	-0.0682683	-0.00177378	0.0310924	0.0301348	0.00181495	-0.0417833	-0.0606343	-0.0534268	-0.0207638	0.00188841	0.00111439	-0.0116432	-0.0250996	-0.0234208	-0.0143716	-0.00866436	-0.0103084	-0.0147473	-0.0140913	-0.00886655	-0.0115005	-0.0184103	-0.024739	-0.0219366	-0.00292134	0.00516341	-0.00562382	-0.0306332	-0.0585586	-0.0525459	-0.0129817	0.0326802	0.0668785	0.0757754	0.0603298	0.0292793	-0.00745458	-0.0300452	-0.0082751	0.0712522	0.179342	0.274317	0.323968	0.308325	0.242549	0.159439	0.0769431	0	
0	-0.00184267	0.00255252	-0.00300081	0.00149814	-0.000609073	-0.000829582	0.000883969	-0.00054806	-0.000108598	0.000335827	6.70016e-05	-0.000782898	0.000941896	-0.000853572	-0.000441341	0.000179134	-0.00144644	0.000229322	-0.00200381	-0.00139302	-0.00384239	-0.0102596	-0.0145276	-0.0238675	-0.0451556	-0.0726517	-0.113063	-0.167465	-0.230965	-0.299917	-0.362901	-0.397334	-0.375869	-0.294876	-0.142208	0.07464	0.31353	0.525925	0.680607	0.739759	0.703058	0.597427	0.448803	0.273069	0.0887583	-0.0880109	-0.232962	-0.321714	-0.335185	-0.276963	-0.180572	-0.0890641	-0.0159722	0.0248022	0.0297182	-0.00201354	-0.0389616	-0.0582614	-0.0543575	-0.026391	-0.00815703	-0.00119766	-0.0108237	-0.0218774	-0.0228674	-0.0198588	-0.013807	-0.0123013	-0.0131976	-0.014204	-0.0112763	-0.0160167	-0.0226454	-0.0221964	-0.0183462	-0.00584171	-0.0013407	-0.0126458	-0.0364325	-0.0569518	-0.0462338	-0.0121262	0.0316791	0.0683052	0.0731696	0.0527203	0.0205087	-0.0163426	-0.0350125	-0.000421934	0.0942317	0.211179	0.314876	0.374916	0.362512	0.29328	0.200232	0.0988506	0	
0	-0.000786118	2.96395e-05	-0.00165262	-9.13268e-05	-0.00115206	-0.000195986	-0.000146658	1.53502e-05	1.90332e-05	6.70016e-05	-6.44708e-05	-0.00121185	0.00112723	-0.0017052	0.000663511	0.00236904	-0.00321488	0.00333237	-0.00308717	-0.00392334	-0.00357799	-0.00729046	-0.0163402	-0.0275136	-0.0507121	-0.0789211	-0.120056	-0.18021	-0.252188	-0.324724	-0.387968	-0.426123	-0.405518	-0.32211	-0.159196	0.0687835	0.32189	0.548067	0.72221	0.79194	0.764413	0.658657	0.504637	0.313774	0.115106	-0.0753353	-0.230819	-0.330956	-0.354101	-0.30161	-0.206408	-0.113597	-0.0335604	0.0174185	0.024079	-0.00371189	-0.0371712	-0.0524493	-0.05246	-0.0343315	-0.0162642	-0.00683051	-0.00963938	-0.0176617	-0.0240478	-0.0244857	-0.0183357	-0.0144207	-0.0139453	-0.0134536	-0.0133102	-0.0214279	-0.0235119	-0.0211614	-0.0172433	-0.0058029	-0.00970802	-0.0232167	-0.0384219	-0.0522018	-0.042191	-0.0121096	0.0313539	0.0690831	0.0684055	0.038676	0.00514627	-0.0237687	-0.0340788	0.00961185	0.117205	0.246744	0.361308	0.429145	0.419666	0.349694	0.246374	0.123072	0	
0	3.03228e-05	0.00245728	5.75334e-05	0.00282138	7.55896e-05	0.000840112	-0.000189018	-0.00102088	-0.00110753	-0.000782898	-0.00121185	-0.000681574	0.000394934	-0.00206832	-0.000352114	-0.00172223	-0.00371021	0.000282206	-0.00377852	-0.00155464	-0.00384804	-0.0128911	-0.0176395	-0.0298001	-0.0525132	-0.0844595	-0.131846	-0.195968	-0.266797	-0.343613	-0.415118	-0.455102	-0.432374	-0.345247	-0.178122	0.0601139	0.322842	0.565492	0.75355	0.838022	0.819308	0.719166	0.5592	0.357004	0.144577	-0.0585367	-0.224184	-0.335395	-0.368104	-0.323194	-0.233246	-0.139802	-0.0522888	0.00730094	0.018497	-0.00674587	-0.031979	-0.0449934	-0.0500104	-0.0411758	-0.0286066	-0.0146025	-0.0109656	-0.0158298	-0.0243569	-0.0271921	-0.0194957	-0.0146988	-0.0144508	-0.0149144	-0.016794	-0.0251867	-0.0276195	-0.0207421	-0.0119339	-0.00811208	-0.0188619	-0.0316007	-0.0436428	-0.0480101	-0.0325601	-0.00870586	0.0276778	0.0618629	0.0577929	0.0252107	-0.00798417	-0.0333789	-0.0355604	0.0236079	0.147251	0.286673	0.409233	0.485536	0.482186	0.412043	0.295845	0.148649	0	
0	-0.00179339	3.98827e-05	-0.00325863	-0.000929304	-0.00172327	-0.000851845	-2.48296e-05	0.000709746	0.000945669	0.000941896	0.00112723	0.000394934	-0.000174795	0.000504273	0.000281799	2.44619e-05	0.000671623	0.000354464	-0.00265797	-0.00358858	-0.00473674	-0.0118936	-0.0178554	-0.0344462	-0.0579479	-0.0921516	-0.141482	-0.205599	-0.285031	-0.367153	-0.440542	-0.477231	-0.459163	-0.369106	-0.197832	0.0496953	0.3189	0.577163	0.777492	0.877971	0.87145	0.779731	0.616599	0.406364	0.181384	-0.032852	-0.210002	-0.33047	-0.374762	-0.339652	-0.260406	-0.168426	-0.075385	-0.00946255	0.00624627	-0.0140855	-0.0295553	-0.0386145	-0.0462485	-0.0463235	-0.0374165	-0.0206847	-0.0101623	-0.0122779	-0.0250016	-0.0289181	-0.0221444	-0.0188173	-0.0188141	-0.0188874	-0.0177754	-0.0242006	-0.0287257	-0.0197706	-0.0103543	-0.0141504	-0.0286696	-0.0396859	-0.044558	-0.0397542	-0.02583	-0.00905723	0.0225698	0.0535996	0.0466183	0.00779309	-0.0285351	-0.0440073	-0.028272	0.0448761	0.176956	0.327183	0.462717	0.547376	0.548098	0.47673	0.347998	0.177294	0	
0	0.00130568	-0.000472956	0.00194849	0.000598992	0.000234594	0.00092008	-0.00107772	-0.000244443	-0.00187411	-0.000853572	-0.0017052	-0.00206832	0.000504273	-0.0029959	0.000241256	-0.00109093	-0.000881179	-0.0018681	-0.000502843	-0.00326332	-0.00723376	-0.0111251	-0.0191444	-0.0350223	-0.0602252	-0.0962948	-0.148714	-0.217526	-0.299894	-0.383549	-0.45766	-0.500143	-0.482239	-0.389864	-0.212601	0.0353394	0.312711	0.58171	0.793955	0.90903	0.917581	0.835571	0.671583	0.456372	0.220143	-0.0054191	-0.192852	-0.323228	-0.376676	-0.355172	-0.287903	-0.197163	-0.101915	-0.0264733	-0.00894403	-0.0176462	-0.0248824	-0.0301283	-0.0384262	-0.0506934	-0.0460419	-0.0304297	-0.0149473	-0.0138351	-0.0266018	-0.0294746	-0.0212386	-0.0189686	-0.0241189	-0.0220793	-0.0181059	-0.0255921	-0.0294763	-0.0197368	-0.0120388	-0.0188434	-0.0363015	-0.0488835	-0.0454626	-0.030112	-0.0175757	-0.00857892	0.0143601	0.0392613	0.0295802	-0.0123704	-0.0465687	-0.0505476	-0.0197113	0.0667542	0.211356	0.375073	0.519705	0.60975	0.617166	0.545104	0.401705	0.207035	0	
0	0.00120143	-0.00179204	0.00222138	-0.0013005	0.00045872	0.000962808	-0.00174622	0.00141101	-0.00101104	-0.000441341	0.000663511	-0.000352114	0.000281799	0.000241256	0.000414056	-0.00234358	-0.000645701	-0.00311596	-0.00340913	-0.00444904	-0.0052898	-0.011957	-0.0238519	-0.0409264	-0.0640147	-0.103653	-0.159175	-0.229866	-0.313357	-0.402489	-0.480368	-0.522008	-0.50368	-0.409679	-0.232324	0.0174572	0.30111	0.579242	0.800415	0.931674	0.957741	0.886853	0.727351	0.510091	0.26578	0.0296121	-0.167605	-0.305908	-0.369533	-0.364066	-0.310068	-0.226065	-0.128084	-0.0516546	-0.0269862	-0.0256486	-0.0254172	-0.0227901	-0.0346666	-0.0513793	-0.0532671	-0.0400879	-0.0187949	-0.016201	-0.0266187	-0.0266883	-0.0192804	-0.0224609	-0.0299425	-0.0278743	-0.0207562	-0.0214965	-0.0298633	-0.0228817	-0.0134934	-0.026119	-0.0448996	-0.0518217	-0.0414466	-0.0242195	-0.0153424	-0.00839624	0.00732337	0.0206732	0.00714836	-0.0326919	-0.064135	-0.058675	-0.00735167	0.0977035	0.251356	0.423584	0.577641	0.6766	0.690865	0.613653	0.45431	0.237961	0	
0	0.000103665	-0.00247055	-8.50026e-06	-0.00298919	-0.000927958	-0.000790341	-0.00149411	0.00131461	0.000401861	0.000179134	0.00236904	-0.00172223	2.44619e-05	-0.00109093	-0.00234358	-0.000280646	0.00119969	-0.00172729	0.00166795	-0.00431078	-0.010139	-0.0131023	-0.0242366	-0.0389647	-0.0667831	-0.11005	-0.166444	-0.237563	-0.327663	-0.419162	-0.49471	-0.538162	-0.523104	-0.427949	-0.247808	4.20893e-05	0.288843	0.570774	0.80119	0.947648	0.991834	0.933818	0.781915	0.56712	0.314782	0.0704387	-0.137584	-0.281941	-0.35755	-0.368904	-0.33028	-0.25394	-0.159049	-0.0816421	-0.0493142	-0.0361739	-0.0270674	-0.0184229	-0.0277606	-0.0488636	-0.0568721	-0.0473838	-0.0257573	-0.0201935	-0.0262386	-0.023643	-0.0183454	-0.0265352	-0.0386984	-0.0358558	-0.0207263	-0.0178398	-0.0268627	-0.0208769	-0.020174	-0.0363922	-0.0518535	-0.0573893	-0.0383447	-0.0140835	-0.00866099	-0.0103783	-0.00831624	-0.00368965	-0.0165194	-0.0545889	-0.0814234	-0.0609631	0.011757	0.13109	0.293093	0.476857	0.640567	0.746163	0.764714	0.680506	0.506189	0.269885	0	
0	0.00130064	4.94814e-05	0.0031062	0.000164094	0.00278681	0.00016718	-0.000513302	0.000113495	-0.00442857	-0.00144644	-0.00321488	-0.00371021	0.000671623	-0.000881179	-0.000645701	0.00119969	-0.00227301	-0.00512517	-0.00243053	-0.00680557	-0.00678055	-0.0103189	-0.0269506	-0.0421866	-0.0727578	-0.114515	-0.172076	-0.247589	-0.340193	-0.430927	-0.509591	-0.555985	-0.539993	-0.441335	-0.26514	-0.0188202	0.27242	0.55682	0.792983	0.954759	1.01661	0.972252	0.833888	0.621841	0.367306	0.112871	-0.101694	-0.253492	-0.340799	-0.368459	-0.346184	-0.278247	-0.191626	-0.114273	-0.071857	-0.0476138	-0.0295757	-0.0141555	-0.0206953	-0.0422385	-0.0591323	-0.0564748	-0.0371221	-0.0306894	-0.0272883	-0.020783	-0.0170746	-0.0273656	-0.0434094	-0.03926	-0.0201896	-0.0158414	-0.0255899	-0.0265342	-0.0322794	-0.0450069	-0.0549208	-0.0536504	-0.0285375	-0.00990631	-0.0126588	-0.0179983	-0.022136	-0.0266353	-0.045807	-0.0795791	-0.0934189	-0.0581789	0.032482	0.16907	0.342812	0.534468	0.703646	0.81657	0.839551	0.746039	0.555247	0.299447	0	
0	0.000479805	-0.00234623	3.04584e-05	-0.00204451	-0.00211766	3.09609e-05	-0.00193206	0.000600403	0.00190954	0.000229322	0.00333237	0.000282206	0.000354464	-0.0018681	-0.00311596	-0.00172729	-0.00512517	-0.00037248	-0.00180299	-0.00699053	-0.0101902	-0.0154898	-0.0322675	-0.0461346	-0.0764516	-0.120262	-0.181833	-0.26027	-0.351972	-0.446574	-0.525673	-0.572678	-0.554429	-0.45876	-0.283625	-0.0396652	0.253616	0.534072	0.778346	0.952836	1.03215	1.00413	0.882496	0.678987	0.423132	0.164054	-0.0570564	-0.215381	-0.314039	-0.359885	-0.350576	-0.299078	-0.223475	-0.150437	-0.0994976	-0.0648608	-0.0409253	-0.0175419	-0.0172683	-0.0372567	-0.058523	-0.061852	-0.0483295	-0.0353833	-0.024223	-0.0157837	-0.0139244	-0.0334126	-0.051405	-0.0460163	-0.0266843	-0.0138891	-0.0194144	-0.0278508	-0.0399734	-0.0532776	-0.0607821	-0.0524243	-0.0220666	-0.00617239	-0.0143289	-0.0259519	-0.0395768	-0.0563034	-0.0804729	-0.102656	-0.0994503	-0.0499804	0.0584371	0.212672	0.396666	0.593828	0.769195	0.889553	0.912497	0.80699	0.600517	0.326247	0	
0	-0.000994168	0.000646182	-0.00123575	-0.000534289	0.000168994	-0.00144512	-0.000667992	-0.000828284	-0.00315455	-0.00200381	-0.00308717	-0.00377852	-0.00265797	-0.000502843	-0.00340913	0.00166795	-0.00243053	-0.00180299	-0.00465871	-0.00713236	-0.00811023	-0.0181913	-0.0299144	-0.0444053	-0.0794417	-0.126802	-0.18746	-0.265612	-0.362043	-0.456742	-0.536809	-0.582683	-0.567589	-0.469473	-0.299229	-0.0546948	0.232065	0.511752	0.759319	0.945667	1.0388	1.02949	0.92731	0.732656	0.480444	0.217041	-0.00879611	-0.17462	-0.287347	-0.346423	-0.353965	-0.318046	-0.258717	-0.189754	-0.127965	-0.0864908	-0.0515935	-0.020102	-0.0105393	-0.0257796	-0.0528607	-0.065929	-0.0605676	-0.0467095	-0.0278183	-0.0152784	-0.0186486	-0.0368092	-0.0518501	-0.0481115	-0.0257423	-0.0118659	-0.0185777	-0.0327873	-0.0535943	-0.0655929	-0.06189	-0.0423487	-0.0128451	-0.00565334	-0.0200353	-0.0406975	-0.0653633	-0.087666	-0.110678	-0.12346	-0.103387	-0.0347786	0.090752	0.259364	0.454417	0.657956	0.837981	0.961391	0.980024	0.863243	0.64192	0.348589	0	
0	-0.000504284	0.00141965	-0.00109272	0.00110481	-0.000837947	-0.000863018	-0.000834326	-0.00203771	-0.00242711	-0.00139302	-0.00392334	-0.00155464	-0.00358858	-0.00326332	-0.00444904	-0.00431078	-0.00680557	-0.00699053	-0.00713236	-0.0116983	-0.0132253	-0.0212119	-0.0316407	-0.0553092	-0.0898186	-0.131772	-0.195993	-0.278705	-0.37517	-0.468654	-0.552889	-0.597746	-0.581248	-0.483324	-0.318687	-0.0747403	0.20454	0.482193	0.730817	0.926454	1.03194	1.04457	0.962013	0.781498	0.536738	0.274312	0.045947	-0.127679	-0.251673	-0.322721	-0.345425	-0.328659	-0.288859	-0.22453	-0.159134	-0.11204	-0.0690742	-0.0300699	-0.00916722	-0.0205804	-0.0490413	-0.0695908	-0.0728019	-0.0543143	-0.0279201	-0.0148423	-0.0195465	-0.0385806	-0.0529261	-0.0483537	-0.031921	-0.0168638	-0.017534	-0.0379825	-0.0632128	-0.0719984	-0.0604786	-0.0336718	-0.00725545	-0.00579834	-0.0311683	-0.0656987	-0.0904922	-0.113492	-0.144054	-0.146257	-0.0989972	-0.0106326	0.126808	0.310735	0.518072	0.724868	0.907159	1.03092	1.04229	0.914251	0.677168	0.364375	0	
0	0.000189146	-0.00200265	-0.00138192	-0.00141112	-0.00452304	-0.001103	-0.00479269	-0.0030732	-0.00304757	-0.00384239	-0.00357799	-0.00384804	-0.00473674	-0.00723376	-0.0052898	-0.010139	-0.00678055	-0.0101902	-0.00811023	-0.0132253	-0.0153922	-0.0279011	-0.0400731	-0.0624884	-0.0907078	-0.139535	-0.207416	-0.290629	-0.385855	-0.48457	-0.565314	-0.609484	-0.592957	-0.500456	-0.334193	-0.0937696	0.176201	0.450544	0.698847	0.90098	1.01632	1.05293	0.988383	0.826794	0.592609	0.334841	0.105705	-0.0779325	-0.21019	-0.294026	-0.331511	-0.336719	-0.317809	-0.259126	-0.196535	-0.143687	-0.0923104	-0.043192	-0.00939627	-0.015571	-0.0415672	-0.0690132	-0.079995	-0.0600273	-0.0319143	-0.0194687	-0.0255393	-0.0421734	-0.0506999	-0.0473191	-0.0373388	-0.0215845	-0.020803	-0.0427236	-0.0684714	-0.0769729	-0.0578312	-0.0263276	-0.00576675	-0.0114735	-0.0458708	-0.087086	-0.117621	-0.149759	-0.176226	-0.158365	-0.0893413	0.0187102	0.172268	0.366978	0.581444	0.794394	0.979993	1.09705	1.09586	0.957417	0.705643	0.374876	0	
0	0.000649978	-0.0053772	0.000154674	-0.00606268	-0.00363914	-0.00324162	-0.00728379	-0.00407421	-0.00698006	-0.0102596	-0.00729046	-0.0128911	-0.0118936	-0.0111251	-0.011957	-0.0131023	-0.0103189	-0.0154898	-0.0181913	-0.0212119	-0.0279011	-0.0334761	-0.0458068	-0.0675256	-0.102427	-0.153822	-0.222068	-0.302875	-0.399733	-0.498813	-0.580896	-0.626253	-0.608149	-0.516657	-0.349349	-0.1196	0.145429	0.413998	0.662622	0.862047	0.992262	1.04755	1.00326	0.862693	0.642561	0.396368	0.163831	-0.0240603	-0.166268	-0.259582	-0.312067	-0.341542	-0.338341	-0.292578	-0.235613	-0.178784	-0.120762	-0.0572798	-0.014574	-0.0140586	-0.0338631	-0.068601	-0.0826855	-0.0649925	-0.0417117	-0.0280537	-0.0348765	-0.0452715	-0.0440288	-0.0439355	-0.039997	-0.0268324	-0.0288246	-0.0486343	-0.07355	-0.0818786	-0.0545413	-0.0196944	-0.00376321	-0.0159974	-0.0632568	-0.118761	-0.156626	-0.183764	-0.195693	-0.163054	-0.0752137	0.0543349	0.221777	0.42651	0.650748	0.868464	1.05052	1.15589	1.14186	0.992311	0.725571	0.380519	0	
0	0.000339634	-0.0028056	-0.000216297	-0.00596927	-0.00401241	-0.00886547	-0.0105226	-0.011367	-0.0155462	-0.0145276	-0.0163402	-0.0176395	-0.0178554	-0.0191444	-0.0238519	-0.0242366	-0.0269506	-0.0322675	-0.0299144	-0.0316407	-0.0400731	-0.0458068	-0.0623173	-0.0884588	-0.122172	-0.171079	-0.237122	-0.32196	-0.4232	-0.523459	-0.603037	-0.644689	-0.62894	-0.539445	-0.374103	-0.149825	0.108478	0.371611	0.61341	0.812341	0.95558	1.02577	1.0029	0.884125	0.686456	0.451389	0.222393	0.0304333	-0.117551	-0.219151	-0.288567	-0.337131	-0.350281	-0.321648	-0.274536	-0.219496	-0.152616	-0.0776354	-0.0296435	-0.0180472	-0.0347892	-0.0678373	-0.0803824	-0.0712864	-0.0493568	-0.0388086	-0.0436029	-0.0412129	-0.0382298	-0.0411169	-0.0436872	-0.041816	-0.0436442	-0.05448	-0.0730342	-0.0752274	-0.0449953	-0.0173591	-0.011065	-0.0314585	-0.0882837	-0.151444	-0.191181	-0.211338	-0.211317	-0.165327	-0.0569562	0.097095	0.282091	0.493719	0.719469	0.939979	1.11958	1.21063	1.17932	1.01522	0.735866	0.383173	0	
0	-0.00378587	-0.00625623	-0.0099464	-0.0126269	-0.0137125	-0.0176212	-0.0171139	-0.0204369	-0.0218446	-0.0238675	-0.0275136	-0.0298001	-0.0344462	-0.0350223	-0.0409264	-0.0389647	-0.0421866	-0.0461346	-0.0444053	-0.0553092	-0.0624884	-0.0675256	-0.0884588	-0.110593	-0.140857	-0.194708	-0.268097	-0.352992	-0.452272	-0.549441	-0.630423	-0.67294	-0.66058	-0.56662	-0.4033	-0.186145	0.0646298	0.322784	0.556079	0.755368	0.906939	0.990045	0.987691	0.894815	0.72049	0.501407	0.277809	0.086386	-0.0672852	-0.177696	-0.265153	-0.328789	-0.359255	-0.351781	-0.318985	-0.268058	-0.190349	-0.107603	-0.0496798	-0.0282535	-0.037563	-0.0603247	-0.073798	-0.071658	-0.0602892	-0.0568484	-0.0543577	-0.0445034	-0.0370079	-0.0381215	-0.0469034	-0.0523522	-0.0546258	-0.058805	-0.0699341	-0.0679399	-0.0423557	-0.0245287	-0.0210197	-0.0462421	-0.113833	-0.18319	-0.227632	-0.245646	-0.224854	-0.151208	-0.0234076	0.14512	0.343036	0.561402	0.791658	1.01549	1.18473	1.25516	1.2065	1.02721	0.737303	0.383073	0	
0	-0.00404217	-0.00852366	-0.0126052	-0.0170345	-0.0216539	-0.0265095	-0.0306416	-0.0366226	-0.0404513	-0.0451556	-0.0507121	-0.0525132	-0.0579479	-0.0602252	-0.0640147	-0.0667831	-0.0727578	-0.0764516	-0.0794417	-0.0898186	-0.0907078	-0.102427	-0.122172	-0.140857	-0.180986	-0.238182	-0.305286	-0.388959	-0.491429	-0.590355	-0.671641	-0.714275	-0.699214	-0.603278	-0.446454	-0.236013	0.0119286	0.262325	0.484811	0.683724	0.839622	0.93304	0.950399	0.883643	0.735032	0.534423	0.3232	0.13471	-0.0199959	-0.141339	-0.242041	-0.315689	-0.363904	-0.377181	-0.363759	-0.315414	-0.232628	-0.143998	-0.0775108	-0.0493338	-0.0478326	-0.0588782	-0.069783	-0.0754695	-0.0759394	-0.0758857	-0.0637294	-0.0452339	-0.0342547	-0.0342417	-0.0507056	-0.06575	-0.0700688	-0.0691253	-0.0654167	-0.0545956	-0.0396586	-0.0308689	-0.03355	-0.0726067	-0.14546	-0.217249	-0.268141	-0.271396	-0.219581	-0.127219	0.0103657	0.194534	0.409601	0.637477	0.869538	1.08604	1.23857	1.29229	1.22666	1.027	0.728843	0.380467	0	
0	-0.00635351	-0.0162658	-0.0207361	-0.0301514	-0.037253	-0.0434131	-0.0528248	-0.0582074	-0.0660855	-0.0726517	-0.0789211	-0.0844595	-0.0921516	-0.0962948	-0.103653	-0.11005	-0.114515	-0.120262	-0.126802	-0.131772	-0.139535	-0.153822	-0.171079	-0.194708	-0.238182	-0.28763	-0.357454	-0.446311	-0.548885	-0.647763	-0.728238	-0.768796	-0.752148	-0.659992	-0.507212	-0.297408	-0.0528839	0.183676	0.399333	0.596986	0.754509	0.853824	0.891764	0.849828	0.728381	0.550458	0.356247	0.176557	0.0210686	-0.110495	-0.220153	-0.302718	-0.367722	-0.405153	-0.41065	-0.368252	-0.286599	-0.192747	-0.119384	-0.0824632	-0.0662285	-0.062466	-0.0669052	-0.0783793	-0.0915718	-0.0928288	-0.0740932	-0.0524652	-0.0370817	-0.0383273	-0.0587601	-0.0760015	-0.0845096	-0.0757042	-0.055827	-0.0441436	-0.039293	-0.0415404	-0.058921	-0.104995	-0.177105	-0.252995	-0.299548	-0.284685	-0.214032	-0.100544	0.0573167	0.253511	0.479591	0.716728	0.946055	1.14942	1.28664	1.32311	1.23406	1.01405	0.714098	0.375481	0	
0	-0.0117976	-0.0245666	-0.0359127	-0.0475394	-0.0605312	-0.0688962	-0.0829262	-0.0908641	-0.101303	-0.113063	-0.120056	-0.131846	-0.141482	-0.148714	-0.159175	-0.166444	-0.172076	-0.181833	-0.18746	-0.195993	-0.207416	-0.222068	-0.237122	-0.268097	-0.305286	-0.357454	-0.430617	-0.523547	-0.622679	-0.720947	-0.798711	-0.843292	-0.827096	-0.734777	-0.581648	-0.373968	-0.139787	0.0878484	0.299284	0.493752	0.645075	0.752258	0.807567	0.788892	0.694109	0.542274	0.371578	0.203523	0.05029	-0.0902756	-0.203205	-0.295041	-0.375923	-0.43708	-0.458445	-0.427757	-0.351335	-0.25522	-0.175908	-0.126919	-0.0965585	-0.0755586	-0.0721456	-0.0876927	-0.107822	-0.109985	-0.0892041	-0.0647959	-0.0471873	-0.0493587	-0.0674884	-0.0854579	-0.0954131	-0.0785405	-0.0503134	-0.0387532	-0.042439	-0.0599397	-0.0896645	-0.138402	-0.212741	-0.288391	-0.322094	-0.291568	-0.203048	-0.062502	0.115791	0.318556	0.550239	0.79383	1.02158	1.21177	1.32733	1.33857	1.22758	0.996181	0.695344	0.363102	0	
0	-0.0182064	-0.0364341	-0.0537732	-0.0718745	-0.0878358	-0.105297	-0.12115	-0.136645	-0.15278	-0.167465	-0.18021	-0.195968	-0.205599	-0.217526	-0.229866	-0.237563	-0.247589	-0.26027	-0.265612	-0.278705	-0.290629	-0.302875	-0.32196	-0.352992	-0.388959	-0.446311	-0.523547	-0.610236	-0.706955	-0.808212	-0.892196	-0.933865	-0.91242	-0.822131	-0.673495	-0.468841	-0.241256	-0.0192086	0.186197	0.371174	0.516519	0.631702	0.697847	0.699508	0.628475	0.508366	0.361151	0.211113	0.0588034	-0.0825952	-0.198632	-0.298041	-0.39544	-0.473843	-0.509552	-0.49486	-0.427227	-0.334081	-0.245738	-0.187315	-0.140328	-0.10499	-0.0938287	-0.106028	-0.127938	-0.128444	-0.110191	-0.0845057	-0.066096	-0.0671769	-0.0790413	-0.0962418	-0.101467	-0.0800787	-0.0532917	-0.0407629	-0.0506445	-0.0832689	-0.122487	-0.175487	-0.253851	-0.321456	-0.335843	-0.289265	-0.180308	-0.0127671	0.179802	0.383979	0.621363	0.874663	1.09805	1.26493	1.35336	1.34177	1.21315	0.97345	0.670991	0.344552	0	
0	-0.0241422	-0.0508148	-0.0726124	-0.100566	-0.121179	-0.147914	-0.168573	-0.191616	-0.212837	-0.230965	-0.252188	-0.266797	-0.285031	-0.299894	-0.313357	-0.327663	-0.340193	-0.351972	-0.362043	-0.37517	-0.385855	-0.399733	-0.4232	-0.452272	-0.491429	-0.548885	-0.622679	-0.706955	-0.811876	-0.915019	-0.994671	-1.03011	-1.01498	-0.930281	-0.779471	-0.575827	-0.356945	-0.141491	0.0568186	0.230709	0.372732	0.489818	0.562763	0.579819	0.534771	0.445223	0.325986	0.195582	0.0506762	-0.0857729	-0.203367	-0.311851	-0.423614	-0.513394	-0.565191	-0.569673	-0.519425	-0.430119	-0.337598	-0.267446	-0.205163	-0.159052	-0.134701	-0.138384	-0.149862	-0.149791	-0.137468	-0.113711	-0.0981755	-0.0938602	-0.101873	-0.109782	-0.103067	-0.084563	-0.0596591	-0.0508665	-0.0710357	-0.11052	-0.158313	-0.220076	-0.296861	-0.348323	-0.339539	-0.271812	-0.144187	0.0372763	0.241232	0.458924	0.704414	0.952504	1.15945	1.30658	1.37417	1.33639	1.18639	0.942725	0.64442	0.325769	0	
0	-0.0325471	-0.0682418	-0.0981615	-0.132708	-0.162646	-0.193408	-0.222194	-0.24999	-0.27603	-0.299917	-0.324724	-0.343613	-0.367153	-0.383549	-0.402489	-0.419162	-0.430927	-0.446574	-0.456742	-0.468654	-0.48457	-0.498813	-0.523459	-0.549441	-0.590355	-0.647763	-0.720947	-0.808212	-0.915019	-1.0137	-1.0902	-1.13206	-1.1218	-1.03332	-0.879581	-0.686508	-0.474102	-0.261806	-0.0714507	0.0897083	0.228105	0.341075	0.417011	0.445142	0.423544	0.360871	0.27015	0.159746	0.0283006	-0.0999699	-0.220805	-0.340085	-0.462745	-0.560124	-0.628987	-0.655812	-0.625178	-0.543372	-0.44827	-0.366426	-0.293093	-0.236722	-0.20014	-0.186141	-0.181252	-0.181693	-0.175579	-0.1593	-0.1437	-0.134033	-0.134778	-0.125498	-0.108142	-0.0890524	-0.0738552	-0.07871	-0.100614	-0.145108	-0.202629	-0.26527	-0.334426	-0.367714	-0.335548	-0.244851	-0.0988011	0.0921511	0.309387	0.542731	0.785469	1.01782	1.21299	1.34547	1.38386	1.31429	1.15123	0.910757	0.616293	0.305538	0	
0	-0.0409564	-0.0819176	-0.121551	-0.160081	-0.198495	-0.232403	-0.268839	-0.300237	-0.330802	-0.362901	-0.387968	-0.415118	-0.440542	-0.45766	-0.480368	-0.49471	-0.509591	-0.525673	-0.536809	-0.552889	-0.565314	-0.580896	-0.603037	-0.630423	-0.671641	-0.728238	-0.798711	-0.892196	-0.994671	-1.0902	-1.17161	-1.21922	-1.20477	-1.1139	-0.969723	-0.78469	-0.57197	-0.364144	-0.188906	-0.037564	0.0947215	0.199207	0.272582	0.307431	0.303777	0.263461	0.199595	0.10991	-0.00104043	-0.120538	-0.244526	-0.375418	-0.502761	-0.609284	-0.695082	-0.746778	-0.737025	-0.667055	-0.574678	-0.484294	-0.40579	-0.341361	-0.291497	-0.254156	-0.230938	-0.229239	-0.230098	-0.222193	-0.204059	-0.189181	-0.17731	-0.148831	-0.119896	-0.10132	-0.102541	-0.121501	-0.147002	-0.191788	-0.246789	-0.308947	-0.369344	-0.381494	-0.324207	-0.205073	-0.0433583	0.150774	0.381429	0.626077	0.861353	1.08093	1.26162	1.3676	1.37439	1.28596	1.11696	0.873557	0.583802	0.288586	0	
0	-0.0429165	-0.0859851	-0.128435	-0.170472	-0.212228	-0.25233	-0.292115	-0.328944	-0.364846	-0.397334	-0.426123	-0.455102	-0.477231	-0.500143	-0.522008	-0.538162	-0.555985	-0.572678	-0.582683	-0.597746	-0.609484	-0.626253	-0.644689	-0.67294	-0.714275	-0.768796	-0.843292	-0.933865	-1.03011	-1.13206	-1.21922	-1.26236	-1.24672	-1.16492	-1.02843	-0.842391	-0.63212	-0.437505	-0.275389	-0.128749	-0.00844742	0.0835219	0.149047	0.188187	0.193504	0.171817	0.128947	0.0638991	-0.024217	-0.133634	-0.262058	-0.399021	-0.531168	-0.647928	-0.754074	-0.83017	-0.842266	-0.79335	-0.708109	-0.621682	-0.542389	-0.472845	-0.409047	-0.34519	-0.304215	-0.29516	-0.30017	-0.297047	-0.278898	-0.258942	-0.232141	-0.19082	-0.15004	-0.131494	-0.148565	-0.177962	-0.206748	-0.248258	-0.29856	-0.354955	-0.397175	-0.387188	-0.305536	-0.160227	0.016714	0.220703	0.45725	0.699792	0.933616	1.14304	1.29415	1.36842	1.35639	1.25768	1.07777	0.828185	0.55235	0.279709	0	
0	-0.0413607	-0.0849427	-0.123569	-0.166738	-0.203739	-0.242686	-0.278683	-0.312353	-0.345532	-0.375869	-0.405518	-0.432374	-0.459163	-0.482239	-0.50368	-0.523104	-0.539993	-0.554429	-0.567589	-0.581248	-0.592957	-0.608149	-0.62894	-0.66058	-0.699214	-0.752148	-0.827096	-0.91242	-1.01498	-1.1218	-1.20477	-1.24672	-1.24061	-1.16342	-1.02811	-0.844081	-0.64389	-0.460161	-0.302839	-0.164102	-0.0600896	0.0172846	0.0761314	0.112762	0.12085	0.110399	0.0851073	0.0460119	-0.0206706	-0.121674	-0.252296	-0.39294	-0.532562	-0.667274	-0.795812	-0.894928	-0.933498	-0.907974	-0.841318	-0.765911	-0.689727	-0.616985	-0.535186	-0.452431	-0.397313	-0.380358	-0.387799	-0.389063	-0.373429	-0.346517	-0.306599	-0.250563	-0.200444	-0.185284	-0.208268	-0.249457	-0.287339	-0.321176	-0.360463	-0.401258	-0.420722	-0.386317	-0.276769	-0.110573	0.0803373	0.294546	0.527939	0.768193	1.00363	1.19232	1.30809	1.35781	1.3307	1.22072	1.03457	0.786634	0.524425	0.269392	0	
0	-0.0309212	-0.0640163	-0.0928972	-0.125264	-0.153971	-0.184122	-0.212752	-0.24097	-0.269314	-0.294876	-0.32211	-0.345247	-0.369106	-0.389864	-0.409679	-0.427949	-0.441335	-0.45876	-0.469473	-0.483324	-0.500456	-0.516657	-0.539445	-0.56662	-0.603278	-0.659992	-0.734777	-0.822131	-0.930281	-1.03332	-1.1139	-1.16492	-1.16342	-1.08891	-0.957449	-0.779942	-0.587349	-0.410425	-0.258134	-0.132272	-0.0454713	0.0197515	0.0681923	0.0950203	0.0982756	0.0917434	0.0812831	0.0643992	0.0157061	-0.0763602	-0.202353	-0.341638	-0.493655	-0.647075	-0.796351	-0.915671	-0.980249	-0.984522	-0.945776	-0.893519	-0.829982	-0.755877	-0.664979	-0.574896	-0.51171	-0.487948	-0.4898	-0.490374	-0.47686	-0.442988	-0.391629	-0.329756	-0.280841	-0.266688	-0.293639	-0.343373	-0.382993	-0.412988	-0.436744	-0.446948	-0.436328	-0.374523	-0.245403	-0.0682355	0.140559	0.368114	0.600032	0.836001	1.05726	1.21887	1.30998	1.33841	1.29321	1.17604	0.992701	0.752629	0.499178	0.254129	0	
0	-0.010113	-0.0224381	-0.0321347	-0.0461493	-0.0587331	-0.0728427	-0.0895503	-0.105229	-0.12263	-0.142208	-0.159196	-0.178122	-0.197832	-0.212601	-0.232324	-0.247808	-0.26514	-0.283625	-0.299229	-0.318687	-0.334193	-0.349349	-0.374103	-0.4033	-0.446454	-0.507212	-0.581648	-0.673495	-0.779471	-0.879581	-0.969723	-1.02843	-1.02811	-0.957449	-0.830696	-0.658957	-0.474153	-0.301543	-0.153369	-0.0415229	0.0333866	0.0879044	0.125116	0.137784	0.134436	0.129501	0.132376	0.133871	0.101047	0.0242027	-0.0870792	-0.225283	-0.390735	-0.565276	-0.732617	-0.873888	-0.968513	-1.00711	-1.00862	-0.988791	-0.943925	-0.872824	-0.780718	-0.693602	-0.630199	-0.598685	-0.59063	-0.589968	-0.577277	-0.541715	-0.488925	-0.430018	-0.391083	-0.382538	-0.407542	-0.454914	-0.495478	-0.518856	-0.516013	-0.494468	-0.456082	-0.367275	-0.218927	-0.0261133	0.198557	0.436557	0.671365	0.89161	1.08373	1.22656	1.30191	1.3068	1.24675	1.12787	0.950949	0.72439	0.478785	0.237675	0	
0	0.0153317	0.0293275	0.0431821	0.0542826	0.0639916	0.0709295	0.0753718	0.0778982	0.0765955	0.07464	0.0687835	0.0601139	0.0496953	0.0353394	0.0174572	4.20893e-05	-0.0188202	-0.0396652	-0.0546948	-0.0747403	-0.0937696	-0.1196	-0.149825	-0.186145	-0.236013	-0.297408	-0.373968	-0.468841	-0.575827	-0.686508	-0.78469	-0.842391	-0.844081	-0.779942	-0.658957	-0.495003	-0.313783	-0.138442	0.00224813	0.103426	0.171224	0.219605	0.241766	0.241292	0.230305	0.225567	0.237108	0.249326	0.232859	0.178785	0.0869374	-0.0487412	-0.227563	-0.415907	-0.599517	-0.762856	-0.885282	-0.962379	-1.00584	-1.02451	-1.00271	-0.940748	-0.860692	-0.786557	-0.729774	-0.694326	-0.677266	-0.673007	-0.664104	-0.634965	-0.590635	-0.548471	-0.524921	-0.520582	-0.540847	-0.579043	-0.61584	-0.633941	-0.611799	-0.558417	-0.480822	-0.360383	-0.192985	0.0141252	0.246731	0.490359	0.725206	0.926477	1.09369	1.21824	1.27328	1.26084	1.19484	1.07753	0.912202	0.702085	0.461355	0.221934	0	
0	0.0423349	0.0814085	0.123836	0.159712	0.196626	0.229498	0.257146	0.282566	0.301207	0.31353	0.32189	0.322842	0.3189	0.312711	0.30111	0.288843	0.27242	0.253616	0.232065	0.20454	0.176201	0.145429	0.108478	0.0646298	0.0119286	-0.0528839	-0.139787	-0.241256	-0.356945	-0.474102	-0.57197	-0.63212	-0.64389	-0.587349	-0.474153	-0.313783	-0.12763	0.0446905	0.175314	0.273048	0.342791	0.381106	0.389316	0.379089	0.362445	0.356446	0.369349	0.390245	0.39372	0.3699	0.301053	0.170752	-0.00872635	-0.202355	-0.397345	-0.579533	-0.728553	-0.838771	-0.923529	-0.979449	-0.983248	-0.944303	-0.887421	-0.835234	-0.793378	-0.758998	-0.73708	-0.729572	-0.721165	-0.702569	-0.678377	-0.65867	-0.656921	-0.667364	-0.687925	-0.720581	-0.751814	-0.756435	-0.70947	-0.620376	-0.507552	-0.363246	-0.176209	0.0430065	0.275969	0.521289	0.756911	0.945734	1.08709	1.18088	1.21698	1.20247	1.14052	1.03209	0.878276	0.675357	0.44466	0.217961	0	
0	0.0683467	0.134243	0.200475	0.260819	0.319667	0.371826	0.419018	0.461315	0.494924	0.525925	0.548067	0.565492	0.577163	0.58171	0.579242	0.570774	0.55682	0.534072	0.511752	0.482193	0.450544	0.413998	0.371611	0.322784	0.262325	0.183676	0.0878484	-0.0192086	-0.141491	-0.261806	-0.364144	-0.437505	-0.460161	-0.410425	-0.301543	-0.138442	0.0446905	0.206802	0.335808	0.44354	0.50962	0.536283	0.536989	0.523873	0.502317	0.4907	0.503101	0.532894	0.562748	0.571631	0.526977	0.414693	0.24879	0.0628025	-0.139	-0.336866	-0.506647	-0.64669	-0.765266	-0.854357	-0.891378	-0.886254	-0.861152	-0.833129	-0.802873	-0.771676	-0.745819	-0.72991	-0.724063	-0.724965	-0.732891	-0.751904	-0.78169	-0.809856	-0.837402	-0.863047	-0.87516	-0.860685	-0.795454	-0.682901	-0.545466	-0.380077	-0.176766	0.0536509	0.293389	0.535601	0.759521	0.933976	1.04926	1.11226	1.13949	1.135	1.08549	0.989492	0.841194	0.642733	0.433966	0.227073	0	
0	0.0814689	0.159441	0.239983	0.313748	0.387117	0.456547	0.5197	0.580473	0.634187	0.680607	0.72221	0.75355	0.777492	0.793955	0.800415	0.80119	0.792983	0.778346	0.759319	0.730817	0.698847	0.662622	0.61341	0.556079	0.484811	0.399333	0.299284	0.186197	0.0568186	-0.0714507	-0.188906	-0.275389	-0.302839	-0.258134	-0.153369	0.00224813	0.175314	0.335808	0.47891	0.588191	0.644965	0.667464	0.672107	0.656774	0.627395	0.610025	0.620346	0.662496	0.717004	0.753354	0.73538	0.650976	0.513526	0.340745	0.137018	-0.0707174	-0.256999	-0.414758	-0.553591	-0.666089	-0.734862	-0.768107	-0.773991	-0.764159	-0.745197	-0.720369	-0.694694	-0.678246	-0.678541	-0.702615	-0.749153	-0.80557	-0.864489	-0.914616	-0.954415	-0.978483	-0.97652	-0.942812	-0.860568	-0.736137	-0.587757	-0.407962	-0.18807	0.0566292	0.297764	0.52239	0.722399	0.877042	0.974208	1.02515	1.05113	1.0527	1.01642	0.938432	0.806941	0.623518	0.425203	0.222812	0	
