0	0	0	0	0	0	0	0	0	0	0	0	0	0	0	0	0	0	0	0	0	0	0	0	0	0	0	0	0	0	0	0	0	0	0	0	0	0	0	0	0	0	0	0	0	0	0	0	0	0	0	0	0	0	0	0	0	0	0	0	0	0	0	0	0	0	0	0	0	0	0	0	0	0	0	0	0	0	0	0	0	0	0	0	0	0	0	0	0	0	0	0	0	0	0	0	0	0	0	0	
0	0.00758428	0.0173339	0.0272811	0.0326464	0.0340855	0.0346062	0.0370999	0.0410795	0.0474634	0.0605161	0.0802953	0.106919	0.136856	0.168787	0.195523	0.208419	0.20471	0.184794	0.152917	0.110761	0.0593122	0.0030992	-0.0522773	-0.0952908	-0.120894	-0.127859	-0.116803	-0.0915691	-0.0611066	-0.0317628	-0.00476054	0.0221248	0.0491691	0.0813881	0.121001	0.164423	0.204734	0.236066	0.253016	0.252614	0.238289	0.217186	0.18909	0.156261	0.122183	0.0900566	0.0669407	0.0540109	0.0509194	0.0561841	0.0679971	0.0868402	0.109762	0.131382	0.149592	0.159931	0.158415	0.147946	0.132209	0.113248	0.0931187	0.0757457	0.0645977	0.0627346	0.0664294	0.0694106	0.0697519	0.0678262	0.0566628	0.0357653	0.00543256	-0.0292737	-0.0609623	-0.0889912	-0.104112	-0.101834	-0.0794172	-0.0379243	0.0174354	0.079716	0.140988	0.195866	0.234392	0.252571	0.254172	0.241267	0.215603	0.184907	0.154009	0.123577	0.0951246	0.0691861	0.0480101	0.0289033	0.0131371	0.00436303	-0.000822507	-0.00202615	0	
0	0.0173339	0.038235	0.0604781	0.0720822	0.0771386	0.0784822	0.0846735	0.0918792	0.104649	0.128082	0.165647	0.214185	0.269599	0.327787	0.374742	0.396141	0.383829	0.34331	0.280646	0.200458	0.105376	0.00111147	-0.100456	-0.178852	-0.226547	-0.239049	-0.219492	-0.174232	-0.116609	-0.0628792	-0.00951956	0.0434432	0.0977391	0.160072	0.236287	0.315109	0.389425	0.445021	0.476828	0.477569	0.457353	0.423725	0.378167	0.321034	0.256329	0.192614	0.145695	0.117547	0.109649	0.123119	0.146449	0.182343	0.224162	0.259718	0.28476	0.298036	0.293246	0.274279	0.248357	0.219995	0.190546	0.166021	0.146616	0.138617	0.1366	0.13146	0.121354	0.106472	0.0813119	0.0428691	-0.00623074	-0.0599875	-0.107521	-0.146232	-0.165154	-0.154752	-0.114702	-0.0448328	0.051684	0.160023	0.269099	0.367885	0.439322	0.478981	0.488564	0.469402	0.424673	0.368672	0.30938	0.249982	0.196351	0.146862	0.106019	0.0701772	0.0391803	0.0198542	0.00697338	0.000831344	0	
0	0.0272811	0.0604781	0.0939612	0.113591	0.121056	0.124567	0.132421	0.143003	0.158414	0.19025	0.238745	0.304006	0.376269	0.451891	0.511365	0.532279	0.508847	0.445764	0.35672	0.247271	0.119019	-0.0189801	-0.154622	-0.260349	-0.324682	-0.3453	-0.322315	-0.262784	-0.186858	-0.109785	-0.0330942	0.0471823	0.128065	0.218157	0.321252	0.427038	0.521045	0.593121	0.63521	0.642368	0.623825	0.593383	0.543633	0.473188	0.388081	0.298994	0.230375	0.190118	0.180679	0.196918	0.229914	0.276936	0.327442	0.367148	0.394881	0.405431	0.394466	0.373145	0.350896	0.328275	0.302094	0.274737	0.248833	0.231178	0.213962	0.185843	0.149709	0.115708	0.0724875	0.0215413	-0.0362081	-0.0910178	-0.130335	-0.161633	-0.168938	-0.14637	-0.0900964	-0.000965238	0.113251	0.242055	0.373775	0.50082	0.599782	0.658946	0.68353	0.672616	0.624202	0.555105	0.477272	0.394142	0.313053	0.238264	0.177834	0.124363	0.0793088	0.0504712	0.0272774	0.010636	0	
0	0.0326464	0.0720822	0.113591	0.135554	0.144163	0.14525	0.154154	0.163897	0.181586	0.216091	0.273073	0.347416	0.430616	0.516165	0.579159	0.596143	0.556644	0.474541	0.364879	0.235802	0.0894791	-0.0690657	-0.225345	-0.34812	-0.427406	-0.455653	-0.435235	-0.370947	-0.281425	-0.19096	-0.0935166	0.00883559	0.112888	0.224575	0.350088	0.471826	0.580869	0.66153	0.712627	0.725486	0.716954	0.695784	0.654458	0.585636	0.491937	0.388615	0.307984	0.258159	0.242974	0.262604	0.295402	0.34349	0.39565	0.434662	0.458692	0.47199	0.468593	0.455879	0.443988	0.433041	0.41522	0.391718	0.359332	0.3272	0.289547	0.237012	0.175684	0.116759	0.0569755	-0.00396094	-0.0622794	-0.109914	-0.135624	-0.145776	-0.131692	-0.0871469	-0.0159386	0.0814389	0.203654	0.335019	0.469738	0.600865	0.706759	0.782761	0.828054	0.8368	0.802944	0.740372	0.657794	0.55951	0.458578	0.358621	0.273171	0.198696	0.134119	0.0893626	0.0528453	0.0231468	0	
0	0.0340855	0.0771386	0.121056	0.144163	0.148482	0.14607	0.149563	0.156236	0.167909	0.200335	0.254502	0.329992	0.413253	0.498784	0.559318	0.566098	0.514204	0.417758	0.29882	0.165145	0.0147395	-0.148253	-0.312844	-0.446751	-0.535383	-0.574679	-0.560287	-0.495849	-0.403467	-0.304338	-0.198709	-0.0843942	0.0312071	0.154951	0.292508	0.428974	0.549323	0.643661	0.706349	0.732106	0.735108	0.729482	0.700963	0.639752	0.548896	0.44331	0.358567	0.305171	0.287862	0.298758	0.325706	0.368699	0.418313	0.458789	0.492436	0.514805	0.519621	0.518194	0.519154	0.518318	0.504132	0.476495	0.436077	0.394778	0.345495	0.276157	0.195818	0.125344	0.0563008	-0.008384	-0.0657418	-0.103383	-0.109274	-0.100331	-0.0640039	2.82403e-05	0.0880928	0.196036	0.315387	0.436878	0.557348	0.679155	0.783083	0.861275	0.920721	0.95406	0.945628	0.904575	0.836008	0.739318	0.62559	0.505559	0.398517	0.300542	0.214836	0.151759	0.0953595	0.0447641	0	
0	0.0346062	0.0784822	0.124567	0.14525	0.14607	0.135504	0.132795	0.129282	0.131672	0.151336	0.195139	0.259424	0.332656	0.408942	0.457873	0.453331	0.388341	0.284947	0.166031	0.0381907	-0.10253	-0.258863	-0.42109	-0.555146	-0.648816	-0.691324	-0.681388	-0.619376	-0.527616	-0.434783	-0.335304	-0.229401	-0.120212	0.00178847	0.145524	0.293875	0.433112	0.545309	0.627728	0.668632	0.68785	0.698034	0.686206	0.639611	0.557713	0.455425	0.371025	0.3145	0.289658	0.296675	0.316694	0.357208	0.410283	0.459161	0.500355	0.535031	0.552067	0.554878	0.555236	0.551793	0.533738	0.501905	0.457697	0.412351	0.359971	0.289158	0.208385	0.136305	0.0690008	0.00850245	-0.0413134	-0.0681933	-0.0606595	-0.0318578	0.0236453	0.105265	0.204651	0.316444	0.435693	0.547553	0.654513	0.75879	0.845635	0.919337	0.983127	1.02952	1.04268	1.02564	0.979117	0.899038	0.795183	0.674101	0.555771	0.44051	0.330163	0.238762	0.154142	0.0739598	0	
0	0.0370999	0.0846735	0.132421	0.154154	0.149563	0.132795	0.118193	0.10236	0.0857755	0.0852191	0.105479	0.147422	0.199429	0.256171	0.288638	0.268931	0.194409	0.0884278	-0.0244417	-0.139519	-0.266142	-0.410383	-0.563909	-0.694207	-0.782709	-0.822835	-0.808693	-0.744756	-0.657217	-0.575804	-0.498289	-0.41736	-0.331046	-0.225115	-0.0847774	0.0726275	0.227669	0.362266	0.464946	0.526183	0.564213	0.594013	0.602364	0.573651	0.504206	0.409332	0.327915	0.271235	0.247983	0.252964	0.276636	0.323579	0.386602	0.446219	0.499478	0.537868	0.551439	0.549106	0.542168	0.530838	0.504	0.465506	0.416918	0.373268	0.328236	0.265511	0.192343	0.130917	0.0762795	0.0284155	-0.00842839	-0.0192392	0.0062776	0.0500029	0.119946	0.213435	0.320509	0.435046	0.548942	0.651361	0.745557	0.838699	0.917841	0.981275	1.03894	1.08656	1.1065	1.10414	1.079	1.02351	0.940757	0.833326	0.718962	0.594237	0.463166	0.343361	0.225193	0.109687	0	
0	0.0410795	0.0918792	0.143003	0.163897	0.156236	0.129282	0.10236	0.0671713	0.0276864	-0.00205918	-0.0125241	-0.00035557	0.0246454	0.0596508	0.0742029	0.0427402	-0.0375644	-0.141829	-0.245703	-0.348481	-0.461585	-0.594381	-0.738702	-0.859367	-0.938462	-0.965636	-0.94165	-0.871761	-0.788481	-0.72546	-0.677247	-0.632056	-0.578974	-0.496097	-0.368427	-0.21047	-0.0457612	0.101286	0.221355	0.300567	0.358658	0.411701	0.443493	0.434199	0.379054	0.292029	0.21553	0.166933	0.153637	0.173826	0.212714	0.274086	0.347184	0.412985	0.46389	0.498134	0.506369	0.492245	0.474093	0.454198	0.422475	0.379073	0.331471	0.291228	0.251818	0.199491	0.140357	0.0960705	0.0601549	0.033059	0.0169026	0.0262725	0.0711708	0.134183	0.217508	0.316647	0.42391	0.534004	0.640852	0.734845	0.823854	0.910752	0.982232	1.04269	1.09559	1.13803	1.1578	1.15833	1.14407	1.10744	1.04678	0.960149	0.856448	0.730697	0.585772	0.440032	0.291478	0.143328	0	
0	0.0474634	0.104649	0.158414	0.181586	0.167909	0.131672	0.0857755	0.0276864	-0.0425774	-0.107985	-0.155022	-0.177344	-0.178707	-0.163854	-0.161058	-0.196956	-0.27533	-0.371112	-0.463437	-0.553354	-0.654078	-0.776235	-0.90868	-1.01768	-1.08119	-1.09362	-1.05639	-0.983203	-0.908421	-0.867873	-0.855365	-0.850572	-0.834359	-0.782563	-0.673667	-0.525529	-0.362686	-0.208068	-0.0774168	0.0187645	0.0982243	0.171491	0.222643	0.229908	0.18359	0.104577	0.0385874	0.00490453	0.0138316	0.0577262	0.120572	0.198551	0.280936	0.347027	0.391737	0.412032	0.404693	0.380333	0.353817	0.329003	0.293869	0.251564	0.20365	0.164579	0.132494	0.0910019	0.0461341	0.018056	0.00719274	0.00878209	0.02381	0.0647703	0.134301	0.215637	0.309213	0.411166	0.512096	0.610704	0.705884	0.789469	0.86986	0.952701	1.02545	1.08391	1.13246	1.17018	1.18585	1.18722	1.1783	1.1541	1.11066	1.03971	0.949296	0.830992	0.682606	0.523899	0.353975	0.176038	0	
0	0.0605161	0.128082	0.19025	0.216091	0.200335	0.151336	0.0852191	-0.00205918	-0.107985	-0.213455	-0.301318	-0.356819	-0.382443	-0.380816	-0.381854	-0.413933	-0.481412	-0.563413	-0.640368	-0.715446	-0.802299	-0.910113	-1.02687	-1.12007	-1.16789	-1.16652	-1.12348	-1.05328	-0.995233	-0.982381	-1.00724	-1.04459	-1.06866	-1.0499	-0.970211	-0.84007	-0.685573	-0.530985	-0.389629	-0.275625	-0.177845	-0.0868262	-0.0224216	-0.0101169	-0.0526692	-0.127845	-0.186537	-0.201649	-0.166382	-0.0943414	-0.00488314	0.0930248	0.184355	0.251754	0.289598	0.299443	0.280412	0.239365	0.199088	0.165239	0.127163	0.0806059	0.034337	-0.000550532	-0.0293405	-0.0634319	-0.0956703	-0.101009	-0.0827729	-0.0456106	0.00765029	0.0845263	0.185545	0.288015	0.388532	0.484701	0.575092	0.661801	0.742674	0.816014	0.890915	0.96569	1.02816	1.0788	1.1197	1.1519	1.16823	1.17099	1.16777	1.1533	1.12075	1.06772	0.995253	0.89319	0.758611	0.599224	0.414915	0.211909	0	
0	0.0802953	0.165647	0.238745	0.273073	0.254502	0.195139	0.105479	-0.0125241	-0.155022	-0.301318	-0.424804	-0.509225	-0.548647	-0.551149	-0.54668	-0.566431	-0.618383	-0.683433	-0.74461	-0.805629	-0.877754	-0.970083	-1.06983	-1.14748	-1.18322	-1.17527	-1.13211	-1.07307	-1.03455	-1.04957	-1.11141	-1.18988	-1.25441	-1.27424	-1.22528	-1.11778	-0.975366	-0.820025	-0.673189	-0.548797	-0.440347	-0.344474	-0.279043	-0.264138	-0.306905	-0.378016	-0.428082	-0.429053	-0.37589	-0.281093	-0.166761	-0.0471684	0.0632851	0.144859	0.188088	0.192787	0.162087	0.108431	0.051429	0.00036197	-0.0525847	-0.106657	-0.158818	-0.198525	-0.223761	-0.246623	-0.259793	-0.245134	-0.196626	-0.123311	-0.0324919	0.0779029	0.198873	0.315103	0.421028	0.516197	0.599856	0.678161	0.754613	0.821995	0.885658	0.946391	0.994239	1.02701	1.05005	1.069	1.0807	1.08782	1.0929	1.09231	1.07793	1.04197	0.98922	0.909445	0.790756	0.640046	0.45398	0.234117	0	
0	0.106919	0.214185	0.304006	0.347416	0.329992	0.259424	0.147422	-0.00035557	-0.177344	-0.356819	-0.509225	-0.609929	-0.652689	-0.648251	-0.629534	-0.63177	-0.664288	-0.710793	-0.756498	-0.802446	-0.860888	-0.939273	-1.02573	-1.09715	-1.13187	-1.12912	-1.09642	-1.05112	-1.03148	-1.06741	-1.15591	-1.2667	-1.36475	-1.41544	-1.39622	-1.31117	-1.18423	-1.04014	-0.901851	-0.783556	-0.683368	-0.595948	-0.535268	-0.524431	-0.564933	-0.630215	-0.673708	-0.662914	-0.591619	-0.477513	-0.339781	-0.195765	-0.0636488	0.0369991	0.0956049	0.110032	0.0810164	0.0180177	-0.0558379	-0.127731	-0.201609	-0.279525	-0.349966	-0.398135	-0.42442	-0.437328	-0.430826	-0.387309	-0.308516	-0.20883	-0.0963721	0.028299	0.160683	0.283599	0.392181	0.490326	0.579179	0.662081	0.734647	0.795058	0.846439	0.885148	0.908053	0.918563	0.925302	0.934913	0.945424	0.954666	0.965057	0.972021	0.965475	0.943992	0.905751	0.840108	0.740485	0.603852	0.429462	0.224218	0	
0	0.136856	0.269599	0.376269	0.430616	0.413253	0.332656	0.199429	0.0246454	-0.178707	-0.382443	-0.548647	-0.652689	-0.68412	-0.661877	-0.620532	-0.599857	-0.608726	-0.63519	-0.662716	-0.694457	-0.740592	-0.809414	-0.892087	-0.966408	-1.01203	-1.02255	-1.00221	-0.970061	-0.962726	-1.01168	-1.11876	-1.25206	-1.3736	-1.44536	-1.44507	-1.37781	-1.26961	-1.14708	-1.03742	-0.949607	-0.880225	-0.8195	-0.778624	-0.774434	-0.813808	-0.870723	-0.903888	-0.877709	-0.79164	-0.65761	-0.497431	-0.331911	-0.179118	-0.0580786	0.0166713	0.0413988	0.0189761	-0.0417135	-0.122782	-0.213276	-0.311385	-0.413643	-0.505603	-0.570103	-0.599885	-0.600955	-0.571145	-0.506122	-0.407289	-0.291147	-0.169142	-0.0432914	0.082618	0.20463	0.318147	0.424358	0.521197	0.60715	0.677123	0.72446	0.751625	0.7649	0.766989	0.762382	0.75917	0.761508	0.769025	0.776274	0.783506	0.789945	0.784654	0.763783	0.727298	0.666849	0.577024	0.46175	0.323513	0.166076	0	
0	0.168787	0.327787	0.451891	0.516165	0.498784	0.408942	0.256171	0.0596508	-0.163854	-0.380816	-0.551149	-0.648251	-0.661877	-0.616959	-0.550915	-0.503669	-0.486386	-0.485414	-0.490462	-0.501352	-0.5333	-0.594126	-0.676255	-0.760495	-0.821244	-0.847628	-0.840017	-0.817449	-0.819991	-0.876756	-0.994628	-1.14073	-1.27308	-1.35356	-1.36444	-1.31421	-1.2323	-1.14472	-1.07914	-1.03572	-1.00774	-0.984247	-0.970785	-0.98523	-1.03302	-1.08967	-1.11545	-1.07542	-0.967206	-0.809339	-0.625048	-0.438892	-0.27009	-0.136428	-0.0493442	-0.0125695	-0.0287793	-0.0874223	-0.175207	-0.277959	-0.390362	-0.507504	-0.612427	-0.683762	-0.71409	-0.709822	-0.66885	-0.591768	-0.482357	-0.360719	-0.236093	-0.111462	0.0130543	0.133887	0.245533	0.351304	0.444936	0.52148	0.572451	0.597649	0.599963	0.587682	0.571397	0.555039	0.547469	0.547418	0.550245	0.550696	0.546989	0.540145	0.523639	0.496255	0.456591	0.400144	0.329319	0.248841	0.164618	0.0819777	0	
0	0.195523	0.374742	0.511365	0.579159	0.559318	0.457873	0.288638	0.0742029	-0.161058	-0.381854	-0.54668	-0.629534	-0.620532	-0.550915	-0.456098	-0.380297	-0.32843	-0.29586	-0.270589	-0.25899	-0.276526	-0.331236	-0.415951	-0.508597	-0.581319	-0.617366	-0.614673	-0.597346	-0.60472	-0.667063	-0.790557	-0.942611	-1.08022	-1.16414	-1.18508	-1.15553	-1.10233	-1.05384	-1.03247	-1.03225	-1.04849	-1.06628	-1.09102	-1.13687	-1.2052	-1.27048	-1.29879	-1.24932	-1.12806	-0.950909	-0.745205	-0.537653	-0.350194	-0.200864	-0.102947	-0.0633311	-0.0798152	-0.142612	-0.235418	-0.344398	-0.456547	-0.568418	-0.664061	-0.724008	-0.747039	-0.735725	-0.689399	-0.611808	-0.505779	-0.386363	-0.261132	-0.138347	-0.0179732	0.0965193	0.196432	0.283026	0.351985	0.398721	0.419701	0.41995	0.400549	0.37332	0.345713	0.319027	0.299425	0.28249	0.270431	0.256798	0.240653	0.224494	0.198662	0.167457	0.130857	0.0876445	0.0498026	0.0198341	0.00076639	-0.00245783	0	
0	0.208419	0.396141	0.532279	0.596143	0.566098	0.453331	0.268931	0.0427402	-0.196956	-0.413933	-0.566431	-0.63177	-0.599857	-0.503669	-0.380297	-0.268479	-0.178914	-0.105932	-0.0488918	-0.0127006	-0.018011	-0.0680059	-0.154678	-0.252031	-0.331238	-0.371195	-0.370797	-0.354945	-0.366625	-0.427747	-0.549141	-0.69753	-0.832004	-0.917554	-0.949723	-0.941367	-0.920107	-0.904412	-0.919996	-0.957058	-1.01013	-1.06933	-1.13789	-1.22233	-1.32202	-1.41141	-1.45304	-1.41066	-1.2869	-1.09804	-0.873479	-0.644465	-0.436884	-0.272268	-0.16524	-0.12119	-0.143409	-0.208045	-0.301905	-0.406844	-0.50629	-0.594761	-0.662534	-0.698004	-0.698966	-0.672338	-0.615577	-0.538984	-0.441642	-0.332783	-0.218773	-0.109086	-0.00554592	0.088639	0.162302	0.215021	0.242794	0.247355	0.232195	0.206676	0.169936	0.132205	0.0967036	0.0560215	0.0191915	-0.0177106	-0.0520269	-0.0798584	-0.106062	-0.131095	-0.157739	-0.184856	-0.207643	-0.220989	-0.215046	-0.185931	-0.138042	-0.073583	0	
0	0.20471	0.383829	0.508847	0.556644	0.514204	0.388341	0.194409	-0.0375644	-0.27533	-0.481412	-0.618383	-0.664288	-0.608726	-0.486386	-0.32843	-0.178914	-0.0443802	0.0673029	0.155446	0.209162	0.21105	0.161267	0.0726697	-0.0270967	-0.108799	-0.150812	-0.149439	-0.13426	-0.141613	-0.195652	-0.302872	-0.43905	-0.567287	-0.652098	-0.692288	-0.702478	-0.697937	-0.70412	-0.743102	-0.805648	-0.893206	-0.993975	-1.10738	-1.23843	-1.37822	-1.49832	-1.56807	-1.54372	-1.42922	-1.23789	-1.00366	-0.759847	-0.538697	-0.366529	-0.255118	-0.211608	-0.230168	-0.289207	-0.371659	-0.459866	-0.532907	-0.589837	-0.624381	-0.62016	-0.588006	-0.533462	-0.457044	-0.37121	-0.280126	-0.19201	-0.105155	-0.029635	0.0385881	0.0931013	0.122936	0.132069	0.11782	0.080077	0.0280728	-0.0213614	-0.0747732	-0.123766	-0.16978	-0.220792	-0.269389	-0.323394	-0.372806	-0.414148	-0.450373	-0.479136	-0.504663	-0.516009	-0.510942	-0.488915	-0.431598	-0.347306	-0.246883	-0.125313	0	
0	0.184794	0.34331	0.445764	0.474541	0.417758	0.284947	0.0884278	-0.141829	-0.371112	-0.563413	-0.683433	-0.710793	-0.63519	-0.485414	-0.29586	-0.105932	0.0673029	0.213205	0.321455	0.385031	0.386949	0.336022	0.245302	0.146126	0.0629777	0.0210362	0.0235343	0.0456272	0.0468775	0.0113344	-0.0759353	-0.19537	-0.31339	-0.394091	-0.435364	-0.446289	-0.447057	-0.457142	-0.505787	-0.587968	-0.701734	-0.838602	-0.998489	-1.17655	-1.35997	-1.52262	-1.62491	-1.62738	-1.5306	-1.34734	-1.11529	-0.872554	-0.65534	-0.48831	-0.380302	-0.332775	-0.346685	-0.387471	-0.443773	-0.503591	-0.54535	-0.563284	-0.55224	-0.507878	-0.437771	-0.35054	-0.248731	-0.155058	-0.0759119	-0.00864916	0.0465962	0.0795074	0.0965255	0.0983896	0.0796688	0.0413927	-0.0163722	-0.088305	-0.166054	-0.238494	-0.312025	-0.375487	-0.432579	-0.493226	-0.545499	-0.600065	-0.656076	-0.702419	-0.743414	-0.777667	-0.793613	-0.782841	-0.744165	-0.678857	-0.581062	-0.45531	-0.315933	-0.162364	0	
0	0.152917	0.280646	0.35672	0.364879	0.29882	0.166031	-0.0244417	-0.245703	-0.463437	-0.640368	-0.74461	-0.756498	-0.662716	-0.490462	-0.270589	-0.0488918	0.155446	0.321455	0.43982	0.503442	0.502864	0.44902	0.357816	0.259577	0.176789	0.136054	0.146025	0.17873	0.198833	0.183022	0.118722	0.0174982	-0.0886807	-0.158548	-0.187056	-0.189324	-0.178326	-0.182497	-0.231656	-0.320096	-0.450409	-0.615377	-0.81262	-1.03602	-1.26617	-1.46869	-1.60754	-1.64138	-1.57089	-1.40958	-1.1999	-0.978963	-0.78104	-0.631103	-0.530736	-0.482619	-0.481555	-0.499972	-0.529088	-0.555292	-0.554335	-0.523915	-0.466928	-0.375009	-0.268464	-0.159394	-0.0481551	0.0464064	0.115848	0.160533	0.186304	0.184092	0.160041	0.110845	0.0370972	-0.0477685	-0.140969	-0.242654	-0.341163	-0.42617	-0.514253	-0.59417	-0.665738	-0.732262	-0.781403	-0.830356	-0.879365	-0.921047	-0.959117	-0.985803	-0.987245	-0.949019	-0.87493	-0.777757	-0.648796	-0.499083	-0.344897	-0.175205	0	
0	0.110761	0.200458	0.247271	0.235802	0.165145	0.0381907	-0.139519	-0.348481	-0.553354	-0.715446	-0.805629	-0.802446	-0.694457	-0.501352	-0.25899	-0.0127006	0.209162	0.385031	0.503442	0.563614	0.558586	0.501939	0.409657	0.312261	0.231837	0.197947	0.219456	0.270617	0.308623	0.311518	0.266335	0.180919	0.0907502	0.0384865	0.0292044	0.0480623	0.0768033	0.0875748	0.0510916	-0.0350471	-0.17065	-0.353768	-0.582775	-0.844695	-1.10991	-1.34635	-1.51411	-1.58128	-1.54831	-1.42851	-1.26083	-1.07638	-0.908328	-0.77896	-0.688078	-0.637523	-0.630112	-0.630539	-0.626509	-0.611401	-0.565362	-0.484964	-0.376216	-0.246572	-0.118359	0.000707758	0.113008	0.199434	0.251307	0.28005	0.288388	0.260325	0.201364	0.112634	0.000806618	-0.121355	-0.246633	-0.368518	-0.480278	-0.578786	-0.674747	-0.758848	-0.836129	-0.907167	-0.955829	-0.99844	-1.04007	-1.06523	-1.07817	-1.0814	-1.05571	-0.991122	-0.896369	-0.781162	-0.640581	-0.483371	-0.327632	-0.16619	0	
0	0.0593122	0.105376	0.119019	0.0894791	0.0147395	-0.10253	-0.266142	-0.461585	-0.654078	-0.802299	-0.877754	-0.860888	-0.740592	-0.5333	-0.276526	-0.018011	0.21105	0.386949	0.502864	0.558586	0.551327	0.493126	0.400219	0.30642	0.232868	0.209849	0.245705	0.310226	0.359414	0.372053	0.339711	0.272921	0.203682	0.175068	0.191442	0.2335	0.283084	0.313807	0.292771	0.216265	0.081348	-0.111406	-0.359125	-0.642263	-0.929015	-1.18581	-1.37834	-1.48097	-1.4917	-1.41835	-1.2938	-1.14735	-1.00983	-0.90437	-0.829718	-0.787205	-0.771502	-0.749186	-0.71296	-0.65812	-0.567334	-0.443527	-0.300954	-0.148678	-0.0100957	0.105449	0.207586	0.285108	0.326192	0.338859	0.32604	0.278859	0.199391	0.0862132	-0.0477382	-0.185504	-0.32166	-0.455931	-0.576818	-0.680761	-0.781312	-0.866245	-0.939704	-1.0047	-1.04812	-1.08495	-1.11584	-1.1204	-1.10124	-1.06567	-1.00585	-0.918977	-0.814307	-0.70191	-0.570974	-0.424669	-0.2842	-0.143601	0	
0	0.0030992	0.00111147	-0.0189801	-0.0690657	-0.148253	-0.258863	-0.410383	-0.594381	-0.776235	-0.910113	-0.970083	-0.939273	-0.809414	-0.594126	-0.331236	-0.0680059	0.161267	0.336022	0.44902	0.501939	0.493126	0.431118	0.338738	0.249004	0.186339	0.175923	0.221976	0.292459	0.345124	0.360624	0.342235	0.295137	0.249752	0.243448	0.282072	0.34464	0.415871	0.465937	0.463219	0.396955	0.26653	0.0712204	-0.181624	-0.472111	-0.766215	-1.03234	-1.23987	-1.36948	-1.41292	-1.37542	-1.28676	-1.17263	-1.06364	-0.98468	-0.929499	-0.894423	-0.874785	-0.838155	-0.773061	-0.681904	-0.56138	-0.414627	-0.25655	-0.099735	0.0334813	0.141216	0.236254	0.304913	0.333462	0.330047	0.299795	0.233514	0.13592	0.0133284	-0.121261	-0.253874	-0.384812	-0.514284	-0.633264	-0.737947	-0.828602	-0.899216	-0.960667	-1.01337	-1.04649	-1.07305	-1.09077	-1.07292	-1.02309	-0.958643	-0.875293	-0.774964	-0.671807	-0.571443	-0.460341	-0.339704	-0.22636	-0.114446	0	
0	-0.0522773	-0.100456	-0.154622	-0.225345	-0.312844	-0.42109	-0.563909	-0.738702	-0.90868	-1.02687	-1.06983	-1.02573	-0.892087	-0.676255	-0.415951	-0.154678	0.0726697	0.245302	0.357816	0.409657	0.400219	0.338738	0.250285	0.170989	0.121972	0.121242	0.167686	0.233505	0.278556	0.295334	0.288394	0.262983	0.24095	0.255289	0.312147	0.394744	0.480967	0.543773	0.550041	0.487625	0.3612	0.172884	-0.0732732	-0.358165	-0.648155	-0.914776	-1.12635	-1.26469	-1.32125	-1.3012	-1.22978	-1.13636	-1.05324	-0.998079	-0.962793	-0.939814	-0.918176	-0.868884	-0.78609	-0.681997	-0.555375	-0.410467	-0.256784	-0.10968	0.0123959	0.107167	0.187931	0.247142	0.263742	0.243733	0.193598	0.115341	0.0141927	-0.105219	-0.226518	-0.339406	-0.447669	-0.553583	-0.65005	-0.735469	-0.807693	-0.860044	-0.902759	-0.937849	-0.954822	-0.961495	-0.959114	-0.924846	-0.859542	-0.783679	-0.696299	-0.597537	-0.503027	-0.421735	-0.341989	-0.257377	-0.176919	-0.0938802	0	
0	-0.0952908	-0.178852	-0.260349	-0.34812	-0.446751	-0.555146	-0.694207	-0.859367	-1.01768	-1.12007	-1.14748	-1.09715	-0.966408	-0.760495	-0.508597	-0.252031	-0.0270967	0.146126	0.259577	0.312261	0.30642	0.249004	0.170989	0.103444	0.0657719	0.0662919	0.104227	0.156021	0.193363	0.210214	0.215033	0.208589	0.204921	0.232807	0.302771	0.395134	0.488103	0.555186	0.563204	0.506539	0.39014	0.213063	-0.0223293	-0.298729	-0.584514	-0.840319	-1.0353	-1.15848	-1.203	-1.17965	-1.11437	-1.03725	-0.971172	-0.933177	-0.912107	-0.896972	-0.877374	-0.833175	-0.759404	-0.664202	-0.555412	-0.432825	-0.30442	-0.183091	-0.08317	-0.00749542	0.0582412	0.101446	0.104357	0.0694033	0.00847183	-0.0697677	-0.16273	-0.261156	-0.354305	-0.434379	-0.50901	-0.580298	-0.639764	-0.687874	-0.723015	-0.748509	-0.773153	-0.79052	-0.787259	-0.77039	-0.744092	-0.694519	-0.629778	-0.566193	-0.497906	-0.420935	-0.346309	-0.284169	-0.229149	-0.174192	-0.122667	-0.0677625	0	
0	-0.120894	-0.226547	-0.324682	-0.427406	-0.535383	-0.648816	-0.782709	-0.938462	-1.08119	-1.16789	-1.18322	-1.13187	-1.01203	-0.821244	-0.581319	-0.331238	-0.108799	0.0629777	0.176789	0.231837	0.232868	0.186339	0.121972	0.0657719	0.0337252	0.029387	0.0521153	0.0894397	0.116814	0.132671	0.144266	0.149184	0.158365	0.195234	0.268854	0.363805	0.455141	0.518557	0.530006	0.480527	0.374499	0.209133	-0.016839	-0.285964	-0.557333	-0.789345	-0.955654	-1.04789	-1.07085	-1.03761	-0.968601	-0.889497	-0.82647	-0.790772	-0.775003	-0.769264	-0.76138	-0.735534	-0.681549	-0.615023	-0.544793	-0.468664	-0.381861	-0.297118	-0.231025	-0.185763	-0.150017	-0.130033	-0.144543	-0.19243	-0.255329	-0.319939	-0.385611	-0.448579	-0.502897	-0.541177	-0.570028	-0.589664	-0.599499	-0.604847	-0.599974	-0.592538	-0.591126	-0.585287	-0.562666	-0.527243	-0.486718	-0.436804	-0.379722	-0.331406	-0.289484	-0.240871	-0.195583	-0.159912	-0.125897	-0.0922194	-0.0624928	-0.0343385	0	
0	-0.127859	-0.239049	-0.3453	-0.455653	-0.574679	-0.691324	-0.822835	-0.965636	-1.09362	-1.16652	-1.17527	-1.12912	-1.02255	-0.847628	-0.617366	-0.371195	-0.150812	0.0210362	0.136054	0.197947	0.209849	0.175923	0.121242	0.0662919	0.029387	0.011088	0.0164642	0.0374073	0.0544507	0.0688485	0.0828342	0.0986032	0.118353	0.158769	0.229256	0.317546	0.400396	0.463595	0.477894	0.437873	0.341244	0.182922	-0.0346373	-0.289327	-0.541017	-0.74454	-0.876935	-0.939771	-0.93969	-0.891568	-0.807883	-0.719005	-0.6451	-0.598974	-0.579219	-0.576311	-0.578474	-0.573376	-0.556804	-0.535582	-0.517169	-0.49412	-0.459881	-0.42674	-0.40611	-0.403772	-0.407914	-0.423002	-0.45857	-0.51357	-0.568123	-0.606908	-0.635908	-0.654864	-0.661616	-0.651283	-0.630818	-0.597764	-0.554721	-0.509671	-0.46442	-0.426445	-0.394644	-0.361834	-0.316877	-0.266316	-0.220484	-0.175562	-0.132933	-0.101079	-0.0805936	-0.0627292	-0.0483907	-0.0376186	-0.0246081	-0.00744812	0.0045264	0.00313748	0	
0	-0.116803	-0.219492	-0.322315	-0.435235	-0.560287	-0.681388	-0.808693	-0.94165	-1.05639	-1.12348	-1.13211	-1.09642	-1.00221	-0.840017	-0.614673	-0.370797	-0.149439	0.0235343	0.146025	0.219456	0.245705	0.221976	0.167686	0.104227	0.0521153	0.0164642	0.00206686	0.00348295	0.00763317	0.0154816	0.0314567	0.0558877	0.0841135	0.126552	0.190955	0.273697	0.357266	0.423621	0.443272	0.4071	0.30891	0.153031	-0.0558512	-0.293413	-0.522274	-0.696193	-0.802746	-0.837634	-0.818272	-0.753693	-0.655383	-0.54839	-0.454946	-0.388924	-0.355053	-0.347692	-0.356499	-0.37698	-0.396765	-0.421014	-0.457486	-0.498187	-0.526048	-0.547884	-0.580469	-0.629637	-0.681235	-0.733672	-0.788171	-0.845832	-0.885046	-0.893628	-0.883814	-0.857333	-0.818677	-0.75969	-0.684594	-0.599541	-0.513472	-0.432705	-0.353746	-0.282601	-0.22014	-0.157433	-0.0917683	-0.0322278	0.0194266	0.0595487	0.0920857	0.114665	0.11702	0.112086	0.101637	0.0872597	0.0782791	0.0708694	0.0577748	0.032394	0	
0	-0.0915691	-0.174232	-0.262784	-0.370947	-0.495849	-0.619376	-0.744756	-0.871761	-0.983203	-1.05328	-1.07307	-1.05112	-0.970061	-0.817449	-0.597346	-0.354945	-0.13426	0.0456272	0.17873	0.270617	0.310226	0.292459	0.233505	0.156021	0.0894397	0.0374073	0.00348295	-0.0154217	-0.028794	-0.0279903	-0.0121744	0.0168959	0.05091	0.0933818	0.156338	0.242812	0.334311	0.407316	0.427169	0.385369	0.283244	0.1273	-0.0703797	-0.293672	-0.505589	-0.663791	-0.751161	-0.765737	-0.724258	-0.640477	-0.520707	-0.390626	-0.274622	-0.186034	-0.135352	-0.120059	-0.134948	-0.170354	-0.220498	-0.288672	-0.376727	-0.473684	-0.561501	-0.643853	-0.733953	-0.834101	-0.929399	-1.0122	-1.07824	-1.13276	-1.15611	-1.14189	-1.09861	-1.03166	-0.946947	-0.84026	-0.723182	-0.599287	-0.483451	-0.378286	-0.278958	-0.185211	-0.0921765	-0.00499452	0.0781002	0.149415	0.204137	0.243007	0.26993	0.282977	0.275631	0.260243	0.238263	0.209562	0.177594	0.138594	0.0952602	0.0484786	0	
0	-0.0611066	-0.116609	-0.186858	-0.281425	-0.403467	-0.527616	-0.657217	-0.788481	-0.908421	-0.995233	-1.03455	-1.03148	-0.962726	-0.819991	-0.60472	-0.366625	-0.141613	0.0468775	0.198833	0.308623	0.359414	0.345124	0.278556	0.193363	0.116814	0.0544507	0.00763317	-0.028794	-0.0533427	-0.0551756	-0.0401143	-0.00806998	0.0260295	0.0703714	0.135583	0.227842	0.324178	0.396644	0.406993	0.35856	0.250824	0.0987378	-0.0944049	-0.31099	-0.519138	-0.670831	-0.748883	-0.743664	-0.683288	-0.577626	-0.433497	-0.278531	-0.13492	-0.0204358	0.0483599	0.0699928	0.0526728	0.00283449	-0.0729058	-0.171251	-0.292471	-0.432381	-0.569657	-0.700307	-0.835964	-0.977476	-1.10446	-1.20715	-1.27864	-1.32424	-1.33341	-1.30097	-1.23527	-1.13983	-1.02326	-0.887512	-0.741372	-0.601241	-0.476592	-0.357156	-0.242979	-0.128381	-0.0143318	0.0893682	0.181589	0.254211	0.313216	0.350021	0.367446	0.376346	0.366072	0.349024	0.329416	0.29654	0.249833	0.189672	0.123776	0.0603126	0	
0	-0.0317628	-0.0628792	-0.109785	-0.19096	-0.304338	-0.434783	-0.575804	-0.72546	-0.867873	-0.982381	-1.04957	-1.06741	-1.01168	-0.876756	-0.667063	-0.427747	-0.195652	0.0113344	0.183022	0.311518	0.372053	0.360624	0.295334	0.210214	0.132671	0.0688485	0.0154816	-0.0279903	-0.0551756	-0.057797	-0.0396032	-0.00879823	0.0297776	0.0814042	0.153244	0.245071	0.336365	0.391961	0.385479	0.321293	0.205639	0.0466076	-0.147171	-0.365595	-0.573516	-0.723946	-0.796254	-0.781688	-0.705808	-0.58003	-0.41661	-0.235068	-0.0649269	0.0709634	0.156106	0.18786	0.165759	0.105162	0.0141117	-0.104288	-0.245663	-0.404389	-0.562773	-0.712943	-0.868802	-1.02811	-1.16932	-1.27946	-1.34631	-1.38034	-1.37357	-1.3302	-1.25395	-1.14915	-1.029	-0.892901	-0.751654	-0.615046	-0.48891	-0.363587	-0.239402	-0.114599	0.00664912	0.112569	0.204886	0.27642	0.329471	0.361824	0.376751	0.383474	0.380008	0.371463	0.351133	0.312897	0.261666	0.196064	0.126861	0.0643949	0	
0	-0.00476054	-0.00951956	-0.0330942	-0.0935166	-0.198709	-0.335304	-0.498289	-0.677247	-0.855365	-1.00724	-1.11141	-1.15591	-1.11876	-0.994628	-0.790557	-0.549141	-0.302872	-0.0759353	0.118722	0.266335	0.339711	0.342235	0.288394	0.215033	0.144266	0.0828342	0.0314567	-0.0121744	-0.0401143	-0.0396032	-0.0206247	0.0160248	0.0659425	0.131018	0.207615	0.291717	0.364092	0.398209	0.368329	0.283039	0.147136	-0.0284132	-0.235823	-0.462862	-0.673523	-0.826998	-0.896719	-0.870882	-0.778661	-0.636789	-0.455003	-0.257351	-0.0716752	0.0811195	0.182493	0.220849	0.197724	0.133794	0.0329804	-0.0948813	-0.235687	-0.390583	-0.546062	-0.692564	-0.843328	-0.99479	-1.12409	-1.21753	-1.26999	-1.28779	-1.27204	-1.22739	-1.15266	-1.05802	-0.955668	-0.849019	-0.737307	-0.626145	-0.514366	-0.389863	-0.271271	-0.154401	-0.0422967	0.0506687	0.134036	0.202755	0.256124	0.289232	0.305519	0.317333	0.319397	0.311983	0.291326	0.251989	0.205997	0.157101	0.105039	0.05482	0	
0	0.0221248	0.0434432	0.0471823	0.00883559	-0.0843942	-0.229401	-0.41736	-0.632056	-0.850572	-1.04459	-1.18988	-1.2667	-1.25206	-1.14073	-0.942611	-0.69753	-0.43905	-0.19537	0.0174982	0.180919	0.272921	0.295137	0.262983	0.208589	0.149184	0.0986032	0.0558877	0.0168959	-0.00806998	-0.00879823	0.0160248	0.0615234	0.124005	0.200056	0.27568	0.345478	0.401681	0.41579	0.363414	0.250756	0.0857304	-0.117264	-0.345747	-0.58669	-0.808043	-0.967829	-1.0352	-1.00122	-0.894061	-0.73316	-0.539684	-0.330057	-0.128548	0.0344424	0.142176	0.184763	0.160742	0.0961147	0.00219515	-0.110008	-0.230589	-0.365841	-0.507571	-0.640014	-0.768084	-0.886354	-0.977412	-1.03927	-1.06999	-1.07442	-1.05756	-1.02478	-0.971892	-0.903359	-0.833586	-0.764979	-0.693379	-0.622562	-0.541609	-0.441861	-0.343991	-0.247062	-0.157152	-0.081033	-0.0110497	0.0454795	0.0924747	0.132159	0.160034	0.178792	0.187737	0.18378	0.16617	0.140139	0.117155	0.0940757	0.0652481	0.0357769	0	
0	0.0491691	0.0977391	0.128065	0.112888	0.0312071	-0.120212	-0.331046	-0.578974	-0.834359	-1.06866	-1.25441	-1.36475	-1.3736	-1.27308	-1.08022	-0.832004	-0.567287	-0.31339	-0.0886807	0.0907502	0.203682	0.249752	0.24095	0.204921	0.158365	0.118353	0.0841135	0.05091	0.0260295	0.0297776	0.0659425	0.124005	0.19806	0.276779	0.346923	0.404532	0.444821	0.439907	0.3629	0.217458	0.0218783	-0.208678	-0.459459	-0.718633	-0.952381	-1.12225	-1.19367	-1.15803	-1.04085	-0.867957	-0.660298	-0.432427	-0.217973	-0.0480642	0.0642547	0.106455	0.0832108	0.033765	-0.0341455	-0.118861	-0.211507	-0.319561	-0.435609	-0.539261	-0.632167	-0.711078	-0.761613	-0.787279	-0.796569	-0.795108	-0.786326	-0.771963	-0.745678	-0.714513	-0.690681	-0.669798	-0.64391	-0.613778	-0.570608	-0.512854	-0.455296	-0.390218	-0.322642	-0.265278	-0.212411	-0.1685	-0.132141	-0.0900629	-0.0477819	-0.0179581	0.000670577	0.00980548	0.0109439	0.0112344	0.0190739	0.0248891	0.0185904	0.0102902	0	
0	0.0813881	0.160072	0.218157	0.224575	0.154951	0.00178847	-0.225115	-0.496097	-0.782563	-1.0499	-1.27424	-1.41544	-1.44536	-1.35356	-1.16414	-0.917554	-0.652098	-0.394091	-0.158548	0.0384865	0.175068	0.243448	0.255289	0.232807	0.195234	0.158769	0.126552	0.0933818	0.0703714	0.0814042	0.131018	0.200056	0.276779	0.355378	0.423659	0.474367	0.501844	0.475639	0.368606	0.18988	-0.0379449	-0.296447	-0.568652	-0.842564	-1.08472	-1.26265	-1.33943	-1.30974	-1.18855	-1.00436	-0.781566	-0.543901	-0.321448	-0.148468	-0.0334575	0.0178907	0.0145705	-0.0120581	-0.0567398	-0.115845	-0.180558	-0.256417	-0.337668	-0.405337	-0.457255	-0.492428	-0.50824	-0.514837	-0.518267	-0.511307	-0.501951	-0.501773	-0.507688	-0.522794	-0.548588	-0.576598	-0.597516	-0.610586	-0.60883	-0.593426	-0.578905	-0.55699	-0.525856	-0.493699	-0.456881	-0.422203	-0.388386	-0.339566	-0.28669	-0.245569	-0.209084	-0.174494	-0.145088	-0.117785	-0.0849194	-0.0541576	-0.0356836	-0.0188559	0	
0	0.121001	0.236287	0.321252	0.350088	0.292508	0.145524	-0.0847774	-0.368427	-0.673667	-0.970211	-1.22528	-1.39622	-1.44507	-1.36444	-1.18508	-0.949723	-0.692288	-0.435364	-0.187056	0.0292044	0.191442	0.282072	0.312147	0.302771	0.268854	0.229256	0.190955	0.156338	0.135583	0.153244	0.207615	0.27568	0.346923	0.423659	0.493121	0.541854	0.553147	0.504082	0.367458	0.155453	-0.105492	-0.390077	-0.683879	-0.964839	-1.21166	-1.39156	-1.47143	-1.43916	-1.30745	-1.10663	-0.873875	-0.6332	-0.412484	-0.239872	-0.115012	-0.0444098	-0.0244263	-0.0288505	-0.0488556	-0.086499	-0.133211	-0.184385	-0.231113	-0.262111	-0.276278	-0.282593	-0.277307	-0.270811	-0.26751	-0.260424	-0.257664	-0.268083	-0.300813	-0.353201	-0.421355	-0.488975	-0.546194	-0.59621	-0.633662	-0.667179	-0.698483	-0.719694	-0.733529	-0.73578	-0.717543	-0.685988	-0.646207	-0.589287	-0.529565	-0.480425	-0.423929	-0.357404	-0.295742	-0.242864	-0.191379	-0.138076	-0.0912654	-0.0483687	0	
0	0.164423	0.315109	0.427038	0.471826	0.428974	0.293875	0.0726275	-0.21047	-0.525529	-0.84007	-1.11778	-1.31117	-1.37781	-1.31421	-1.15553	-0.941367	-0.702478	-0.446289	-0.189324	0.0480623	0.2335	0.34464	0.394744	0.395134	0.363805	0.317546	0.273697	0.242812	0.227842	0.245071	0.291717	0.345478	0.404532	0.474367	0.541854	0.579196	0.56999	0.492512	0.324998	0.0793692	-0.211029	-0.519659	-0.821628	-1.10565	-1.35085	-1.52615	-1.59653	-1.54921	-1.39285	-1.17113	-0.925753	-0.681745	-0.462525	-0.285541	-0.151813	-0.0668418	-0.0280522	-0.0154157	-0.02123	-0.0435548	-0.0730668	-0.101352	-0.12409	-0.13351	-0.129436	-0.116829	-0.0947924	-0.0760993	-0.0667695	-0.0659726	-0.0750669	-0.107031	-0.163571	-0.237353	-0.32194	-0.401957	-0.485247	-0.567337	-0.643759	-0.718339	-0.785443	-0.84707	-0.89909	-0.93363	-0.936603	-0.913376	-0.87829	-0.823762	-0.762329	-0.707317	-0.636334	-0.541769	-0.450307	-0.37243	-0.295479	-0.219238	-0.148473	-0.0767003	0	
0	0.204734	0.389425	0.521045	0.580869	0.549323	0.433112	0.227669	-0.0457612	-0.362686	-0.685573	-0.975366	-1.18423	-1.26961	-1.2323	-1.10233	-0.920107	-0.697937	-0.447057	-0.178326	0.0768033	0.283084	0.415871	0.480967	0.488103	0.455141	0.400396	0.357266	0.334311	0.324178	0.336365	0.364092	0.401681	0.444821	0.501844	0.553147	0.56999	0.527366	0.415305	0.210018	-0.0683548	-0.386313	-0.704638	-1.01101	-1.28824	-1.51993	-1.6715	-1.7123	-1.62973	-1.44509	-1.2013	-0.936083	-0.681412	-0.452018	-0.264903	-0.125102	-0.0375807	0.00518263	0.0178917	0.0168239	0.00326489	-0.0188071	-0.03718	-0.0442587	-0.0413771	-0.0260355	-0.00139733	0.0312463	0.0559435	0.0636673	0.0584149	0.0368173	-0.010293	-0.0842611	-0.169704	-0.25422	-0.336799	-0.429124	-0.529729	-0.635079	-0.739475	-0.832781	-0.914553	-0.986874	-1.0405	-1.06234	-1.06444	-1.05155	-1.0154	-0.961825	-0.899257	-0.822643	-0.723968	-0.617651	-0.515446	-0.411125	-0.304448	-0.205132	-0.108928	0	
0	0.236066	0.445021	0.593121	0.66153	0.643661	0.545309	0.362266	0.101286	-0.208068	-0.530985	-0.820025	-1.04014	-1.14708	-1.14472	-1.05384	-0.904412	-0.70412	-0.457142	-0.182497	0.0875748	0.313807	0.465937	0.543773	0.555186	0.518557	0.463595	0.423621	0.407316	0.396644	0.391961	0.398209	0.41579	0.439907	0.475639	0.504082	0.492512	0.415305	0.260736	0.014404	-0.297845	-0.636126	-0.964657	-1.26649	-1.52363	-1.72042	-1.82068	-1.81079	-1.68567	-1.46821	-1.19071	-0.898228	-0.61998	-0.377613	-0.185027	-0.0483801	0.037642	0.0773513	0.0818254	0.0689279	0.0421653	0.0105837	-0.00770934	-0.00488834	0.0128543	0.0384523	0.0638957	0.0942023	0.118183	0.126937	0.109843	0.0756179	0.0232302	-0.0504529	-0.133749	-0.219633	-0.300014	-0.39251	-0.493506	-0.599412	-0.709329	-0.81096	-0.90586	-0.990864	-1.05288	-1.08862	-1.11755	-1.13886	-1.13246	-1.09348	-1.03385	-0.960519	-0.868954	-0.768536	-0.660099	-0.535153	-0.402463	-0.27246	-0.141118	0	
0	0.253016	0.476828	0.63521	0.712627	0.706349	0.627728	0.464946	0.221355	-0.0774168	-0.389629	-0.673189	-0.901851	-1.03742	-1.07914	-1.03247	-0.919996	-0.743102	-0.505787	-0.231656	0.0510916	0.292771	0.463219	0.550041	0.563204	0.530006	0.477894	0.443272	0.427169	0.406993	0.385479	0.368329	0.363414	0.3629	0.368606	0.367458	0.324998	0.210018	0.014404	-0.26717	-0.602575	-0.95512	-1.28633	-1.57278	-1.79533	-1.93425	-1.96995	-1.9017	-1.72303	-1.45738	-1.13928	-0.808417	-0.507687	-0.258975	-0.064991	0.0707182	0.151072	0.17817	0.163958	0.12557	0.0762729	0.0290944	0.00437131	0.00816907	0.0285164	0.0499701	0.0717573	0.0999469	0.119377	0.118503	0.0921252	0.0546662	0.00240283	-0.0620453	-0.132615	-0.204163	-0.276128	-0.359103	-0.444137	-0.537323	-0.633544	-0.728537	-0.819715	-0.903628	-0.975672	-1.02688	-1.07556	-1.11891	-1.13989	-1.12816	-1.08854	-1.0372	-0.963218	-0.869706	-0.765649	-0.635537	-0.482607	-0.323813	-0.162784	0	
0	0.252614	0.477569	0.642368	0.725486	0.732106	0.668632	0.526183	0.300567	0.0187645	-0.275625	-0.548797	-0.783556	-0.949607	-1.03572	-1.03225	-0.957058	-0.805648	-0.587968	-0.320096	-0.0350471	0.216265	0.396955	0.487625	0.506539	0.480527	0.437873	0.4071	0.385369	0.35856	0.321293	0.283039	0.250756	0.217458	0.18988	0.155453	0.0793692	-0.0683548	-0.297845	-0.602575	-0.951851	-1.30911	-1.62831	-1.87975	-2.04575	-2.11707	-2.0878	-1.95826	-1.72205	-1.40995	-1.04961	-0.689968	-0.375028	-0.119518	0.0742893	0.200558	0.265473	0.271273	0.229973	0.166622	0.0982935	0.0416841	0.00815423	0.00152389	0.0117375	0.0213971	0.0329907	0.0525119	0.0676742	0.0612522	0.0266436	-0.0161526	-0.060274	-0.104238	-0.152492	-0.202158	-0.253613	-0.312877	-0.37833	-0.450616	-0.521919	-0.59604	-0.666709	-0.738756	-0.811266	-0.876107	-0.943525	-0.999282	-1.03816	-1.05624	-1.04947	-1.02669	-0.973435	-0.889382	-0.790745	-0.668697	-0.516909	-0.347644	-0.172684	0	
0	0.238289	0.457353	0.623825	0.716954	0.735108	0.68785	0.564213	0.358658	0.0982243	-0.177845	-0.440347	-0.683368	-0.880225	-1.00774	-1.04849	-1.01013	-0.893206	-0.701734	-0.450409	-0.17065	0.081348	0.26653	0.3612	0.39014	0.374499	0.341244	0.30891	0.283244	0.250824	0.205639	0.147136	0.0857304	0.0218783	-0.0379449	-0.105492	-0.211029	-0.386313	-0.636126	-0.95512	-1.30911	-1.65336	-1.9376	-2.13221	-2.23091	-2.23381	-2.13792	-1.94373	-1.6544	-1.30466	-0.924762	-0.557045	-0.234678	0.0218423	0.207077	0.319001	0.361607	0.334147	0.268933	0.188434	0.109936	0.04634	-8.0934e-06	-0.0234904	-0.0281739	-0.0333648	-0.042171	-0.0382868	-0.0329786	-0.0457512	-0.081248	-0.117112	-0.140042	-0.153096	-0.169434	-0.19268	-0.218371	-0.245948	-0.283734	-0.332126	-0.378898	-0.42677	-0.469014	-0.520614	-0.590493	-0.661436	-0.731286	-0.791504	-0.838729	-0.873667	-0.894207	-0.900017	-0.875168	-0.811718	-0.726099	-0.61948	-0.487404	-0.337001	-0.170792	0	
0	0.217186	0.423725	0.593383	0.695784	0.729482	0.698034	0.594013	0.411701	0.171491	-0.0868262	-0.344474	-0.595948	-0.8195	-0.984247	-1.06628	-1.06933	-0.993975	-0.838602	-0.615377	-0.353768	-0.111406	0.0712204	0.172884	0.213063	0.209133	0.182922	0.153031	0.1273	0.0987378	0.0466076	-0.0284132	-0.117264	-0.208678	-0.296447	-0.390077	-0.519659	-0.704638	-0.964657	-1.28633	-1.62831	-1.9376	-2.1667	-2.2922	-2.32413	-2.2552	-2.0906	-1.83657	-1.50917	-1.14441	-0.765379	-0.401446	-0.0849957	0.15946	0.321828	0.405615	0.416573	0.365569	0.287305	0.197001	0.110443	0.0392284	-0.018556	-0.0598081	-0.0791916	-0.10174	-0.127017	-0.142685	-0.157453	-0.180166	-0.20553	-0.214683	-0.208674	-0.190285	-0.175732	-0.169744	-0.165486	-0.162083	-0.16973	-0.18651	-0.201858	-0.225595	-0.248826	-0.282779	-0.338701	-0.397681	-0.454388	-0.508334	-0.560221	-0.604968	-0.636477	-0.659331	-0.662062	-0.630633	-0.574154	-0.492577	-0.393834	-0.284087	-0.147978	0	
