0	0	0	0	0	0	0	0	0	0	0	0	0	0	0	0	0	0	0	0	0	0	0	0	0	0	0	0	0	0	0	0	0	0	0	0	0	0	0	0	0	0	0	0	0	0	0	0	0	0	0	0	0	0	0	0	0	0	0	0	0	0	0	0	0	0	0	0	0	0	0	0	0	0	0	0	0	0	0	0	0	0	0	0	0	0	0	0	0	0	0	0	0	0	0	0	0	0	0	0	
0	-0.014425	-0.0198154	-0.0127174	0.00132707	0.0160201	0.0271346	0.0346397	0.0363384	0.0319635	0.0187152	-0.00583012	-0.0372396	-0.0639481	-0.0757774	-0.0728673	-0.0589258	-0.0420835	-0.0275907	-0.0177063	-0.00756531	0.00868224	0.0349238	0.0660151	0.0892016	0.0977048	0.0908836	0.0760754	0.0565295	0.0368342	0.0182236	0.000349574	-0.0199697	-0.0436317	-0.0667932	-0.0852154	-0.1008	-0.108671	-0.108585	-0.100068	-0.0867604	-0.0715421	-0.0547037	-0.0289076	0.00511315	0.048369	0.100538	0.16089	0.220478	0.271594	0.304971	0.317663	0.313648	0.296244	0.267722	0.229538	0.18028	0.125314	0.071749	0.0249254	-0.0108061	-0.0397042	-0.0695664	-0.102452	-0.135748	-0.164929	-0.189245	-0.206793	-0.216983	-0.224289	-0.22476	-0.216778	-0.202719	-0.185944	-0.168293	-0.147017	-0.118259	-0.078727	-0.0286244	0.0237133	0.0716548	0.111001	0.143803	0.178902	0.217993	0.263126	0.30775	0.342898	0.367053	0.378476	0.37891	0.370361	0.353494	0.325327	0.285425	0.236354	0.17915	0.119101	0.0595918	0	
0	-0.0198154	-0.0261408	-0.0164863	0.00452779	0.0242759	0.0432721	0.0560504	0.060232	0.0494908	0.0214638	-0.0259733	-0.0834155	-0.128864	-0.150668	-0.150056	-0.133978	-0.109219	-0.0805264	-0.0523417	-0.022326	0.0136004	0.0604224	0.113638	0.155631	0.176495	0.173834	0.153217	0.118376	0.0764046	0.0350243	-0.00120727	-0.0370066	-0.0757897	-0.111692	-0.142799	-0.168566	-0.183735	-0.182876	-0.166592	-0.141399	-0.11459	-0.0839699	-0.0403047	0.0201358	0.0937331	0.182225	0.28502	0.387741	0.477578	0.540029	0.567582	0.564572	0.53742	0.486872	0.41873	0.331497	0.235901	0.140837	0.0557513	-0.0128176	-0.0733178	-0.132325	-0.190945	-0.249179	-0.303196	-0.351688	-0.388603	-0.4119	-0.425086	-0.42301	-0.405044	-0.37562	-0.339866	-0.296465	-0.245524	-0.183794	-0.109472	-0.0214206	0.0683906	0.149722	0.224251	0.289999	0.355541	0.422722	0.49375	0.564229	0.624165	0.671584	0.699769	0.706938	0.6939	0.660836	0.606979	0.534558	0.446909	0.34498	0.234406	0.118771	0	
0	-0.0127174	-0.0164863	-0.00756253	0.00630041	0.0215028	0.0372615	0.0533022	0.0561042	0.0390949	-0.00214658	-0.0660344	-0.137566	-0.193477	-0.222184	-0.233032	-0.227647	-0.206126	-0.165446	-0.114002	-0.0578582	-0.00186081	0.0596316	0.125624	0.180611	0.216438	0.225436	0.211468	0.170023	0.11232	0.0519186	0.000234997	-0.0453227	-0.0897014	-0.129409	-0.160045	-0.190682	-0.208184	-0.209376	-0.190979	-0.161547	-0.128219	-0.0914719	-0.0327808	0.0422077	0.131261	0.232972	0.350967	0.471062	0.582696	0.665823	0.708894	0.714207	0.68314	0.620716	0.536564	0.432516	0.321502	0.212003	0.105894	0.0102627	-0.0787093	-0.16705	-0.250506	-0.324927	-0.389831	-0.453538	-0.509447	-0.546295	-0.568224	-0.56454	-0.535975	-0.491453	-0.435533	-0.367063	-0.281287	-0.181157	-0.0733833	0.0387926	0.144959	0.245589	0.33978	0.425843	0.511034	0.588282	0.667069	0.745603	0.815743	0.879136	0.923358	0.940407	0.927237	0.88595	0.815497	0.720657	0.608216	0.474648	0.325929	0.16724	0	
0	0.00132707	0.00452779	0.00630041	0.00749969	0.00347819	0.00852016	0.0153234	0.0138413	-0.0101132	-0.0564151	-0.123957	-0.199371	-0.25824	-0.296593	-0.322549	-0.334843	-0.320939	-0.273248	-0.202817	-0.124532	-0.0490145	0.0277009	0.107463	0.17438	0.220873	0.24143	0.236011	0.198958	0.138152	0.0696653	0.00976062	-0.0427575	-0.0907593	-0.12507	-0.148396	-0.16913	-0.184507	-0.187164	-0.174751	-0.152542	-0.12641	-0.0894024	-0.0272362	0.057347	0.148195	0.245655	0.357407	0.473278	0.586603	0.678281	0.731412	0.743575	0.717785	0.655974	0.575883	0.479416	0.380299	0.276796	0.167284	0.0580909	-0.0543772	-0.163097	-0.256474	-0.334936	-0.404175	-0.474434	-0.537299	-0.582842	-0.611806	-0.612166	-0.582747	-0.529267	-0.455176	-0.35649	-0.240047	-0.115194	0.00854263	0.132379	0.246373	0.347449	0.444587	0.530502	0.611479	0.685218	0.759681	0.837704	0.912112	0.983775	1.03826	1.06485	1.05865	1.01742	0.939837	0.831958	0.700084	0.544533	0.373082	0.190204	0	
0	0.0160201	0.0242759	0.0215028	0.00347819	-0.022357	-0.0432212	-0.0531712	-0.0675671	-0.0933256	-0.134428	-0.193497	-0.262726	-0.322721	-0.366732	-0.405342	-0.429086	-0.422325	-0.372667	-0.294044	-0.201261	-0.107912	-0.00974914	0.0897445	0.169543	0.223443	0.247665	0.250254	0.221288	0.168183	0.103923	0.0432286	-0.0127565	-0.0631363	-0.0959684	-0.10673	-0.117527	-0.122853	-0.124486	-0.118195	-0.108724	-0.0963651	-0.07378	-0.0153833	0.063217	0.145638	0.225985	0.316521	0.411808	0.511527	0.596434	0.649228	0.668337	0.651809	0.606261	0.546959	0.47438	0.396823	0.311051	0.2091	0.0998417	-0.0126352	-0.121849	-0.212905	-0.280954	-0.332574	-0.39043	-0.450802	-0.499558	-0.539669	-0.549173	-0.519032	-0.455448	-0.366383	-0.258282	-0.135833	-0.00911885	0.112393	0.231672	0.337761	0.430643	0.510598	0.575842	0.640368	0.699256	0.768655	0.846074	0.91968	0.993476	1.05192	1.08517	1.08659	1.0532	0.979069	0.867961	0.730341	0.565618	0.38481	0.196219	0	
0	0.0271346	0.0432721	0.0372615	0.00852016	-0.0432212	-0.0896897	-0.124557	-0.14824	-0.171938	-0.199554	-0.244619	-0.306307	-0.362966	-0.408619	-0.450313	-0.482333	-0.484205	-0.443006	-0.366448	-0.267895	-0.157756	-0.036815	0.085912	0.182309	0.244363	0.274576	0.282504	0.261263	0.216584	0.159375	0.104907	0.050961	-0.00106924	-0.031556	-0.0393851	-0.0404299	-0.0396431	-0.0370178	-0.0335861	-0.0349095	-0.0407873	-0.0352301	0.00478779	0.0709182	0.134415	0.190964	0.254666	0.321568	0.395194	0.459843	0.501176	0.520398	0.521064	0.502088	0.476892	0.435012	0.383339	0.3134	0.223802	0.129377	0.0327611	-0.0560218	-0.12233	-0.165188	-0.194192	-0.229753	-0.270623	-0.310993	-0.352858	-0.369657	-0.346235	-0.285557	-0.198457	-0.0938824	0.0142298	0.118497	0.217324	0.319119	0.409322	0.478474	0.53242	0.567938	0.603431	0.643302	0.699314	0.770865	0.844949	0.92152	0.985409	1.02464	1.03363	1.00761	0.940454	0.837697	0.705997	0.547444	0.373559	0.189594	0	
0	0.0346397	0.0560504	0.0533022	0.0153234	-0.0531712	-0.124557	-0.173922	-0.201816	-0.215164	-0.228749	-0.26098	-0.313218	-0.361038	-0.396139	-0.433749	-0.470754	-0.48783	-0.46235	-0.397883	-0.300792	-0.184106	-0.0487563	0.0908559	0.203085	0.279468	0.320466	0.338015	0.323833	0.285674	0.237715	0.192607	0.147104	0.0998804	0.0688559	0.0624479	0.0580454	0.0568128	0.0553189	0.0534829	0.0445605	0.0287268	0.01868	0.0439496	0.0876317	0.124824	0.149865	0.181227	0.218468	0.265016	0.306423	0.33125	0.347653	0.359203	0.3677	0.375154	0.366208	0.340845	0.296053	0.232381	0.165348	0.098803	0.037967	-0.00255234	-0.0165805	-0.00899389	-0.011152	-0.0275366	-0.0515198	-0.0876169	-0.106429	-0.090345	-0.0449891	0.0161673	0.0855728	0.162235	0.243559	0.322241	0.401897	0.462975	0.498532	0.514713	0.515791	0.523817	0.539726	0.582559	0.64843	0.720758	0.799094	0.863139	0.902493	0.91226	0.891315	0.835811	0.747726	0.634993	0.495605	0.338737	0.173281	0	
0	0.0363384	0.060232	0.0561042	0.0138413	-0.0675671	-0.14824	-0.201816	-0.221376	-0.223942	-0.225804	-0.249359	-0.29133	-0.324036	-0.343527	-0.371946	-0.41476	-0.446045	-0.439851	-0.39032	-0.305034	-0.192064	-0.053485	0.0971404	0.225863	0.319631	0.377239	0.407084	0.40033	0.368241	0.325075	0.288218	0.251419	0.211494	0.186932	0.17967	0.170419	0.155957	0.14037	0.127479	0.111228	0.0893135	0.0717842	0.0796453	0.100466	0.105088	0.0959386	0.0972743	0.108208	0.132033	0.151945	0.16007	0.16971	0.190405	0.218142	0.254465	0.27547	0.283378	0.271414	0.241796	0.211684	0.182276	0.157972	0.152579	0.172128	0.205676	0.225786	0.229777	0.223507	0.201957	0.189577	0.197072	0.216343	0.242545	0.278401	0.325305	0.379807	0.432162	0.480811	0.505916	0.502753	0.481692	0.4474	0.423738	0.417716	0.444354	0.50118	0.57048	0.64605	0.708601	0.744728	0.753235	0.734561	0.685055	0.611307	0.516678	0.401451	0.274866	0.139379	0	
0	0.0319635	0.0494908	0.0390949	-0.0101132	-0.0933256	-0.171938	-0.215164	-0.223942	-0.215839	-0.211218	-0.226624	-0.258457	-0.277821	-0.284872	-0.307269	-0.351208	-0.391773	-0.39827	-0.36749	-0.29998	-0.200181	-0.0627703	0.0979584	0.244606	0.35925	0.436905	0.482211	0.486645	0.459067	0.419742	0.385432	0.353654	0.318888	0.295321	0.284099	0.262224	0.230733	0.199727	0.176952	0.15731	0.132487	0.106229	0.0981537	0.0935477	0.0695291	0.0310016	0.00465625	-0.00733087	-0.00630969	-0.00556238	-0.0102651	-0.00356554	0.0243106	0.0714205	0.129876	0.179015	0.217388	0.241754	0.253697	0.26453	0.275018	0.291038	0.324759	0.375401	0.432541	0.462625	0.468474	0.465621	0.453501	0.450712	0.461728	0.475641	0.484299	0.49512	0.515732	0.542645	0.561681	0.574434	0.562817	0.520845	0.462503	0.395109	0.340884	0.306223	0.309033	0.346124	0.400345	0.466463	0.523953	0.5615	0.572939	0.557062	0.514542	0.450491	0.374998	0.288584	0.195352	0.0997721	0	
0	0.0187152	0.0214638	-0.00214658	-0.0564151	-0.134428	-0.199554	-0.228749	-0.225804	-0.211218	-0.199269	-0.207528	-0.23189	-0.248346	-0.255498	-0.278198	-0.323872	-0.366528	-0.383846	-0.36944	-0.322728	-0.23568	-0.0986028	0.0747264	0.243737	0.384652	0.487222	0.552463	0.567295	0.545874	0.508241	0.476918	0.445869	0.407046	0.371481	0.341168	0.299349	0.251184	0.210666	0.185634	0.164247	0.135131	0.0992496	0.0764346	0.0573443	0.0168143	-0.039769	-0.0867728	-0.123194	-0.145065	-0.162736	-0.176011	-0.16585	-0.125285	-0.0625292	0.0180934	0.0943709	0.167789	0.230234	0.278518	0.325027	0.373225	0.425385	0.488153	0.561519	0.62655	0.65681	0.661601	0.661108	0.654156	0.656958	0.673947	0.692541	0.70858	0.721339	0.731706	0.736107	0.726791	0.707353	0.663587	0.593048	0.501598	0.396257	0.301296	0.226345	0.189105	0.189274	0.215664	0.266079	0.32205	0.364271	0.384139	0.377214	0.342688	0.293151	0.236026	0.175768	0.117729	0.0583469	0	
0	-0.00583012	-0.0259733	-0.0660344	-0.123957	-0.193497	-0.244619	-0.26098	-0.249359	-0.226624	-0.207528	-0.208341	-0.232153	-0.254057	-0.270097	-0.299622	-0.348537	-0.39585	-0.419528	-0.416663	-0.380629	-0.299581	-0.159109	0.0281535	0.221471	0.390988	0.521386	0.603632	0.629041	0.611436	0.579138	0.550124	0.516023	0.462706	0.402871	0.343966	0.280273	0.218433	0.173921	0.147755	0.125538	0.0912987	0.0497979	0.0203463	-0.00547161	-0.0534712	-0.122166	-0.186607	-0.237748	-0.271763	-0.293314	-0.303148	-0.288862	-0.243635	-0.170349	-0.0754699	0.0274777	0.136142	0.238728	0.327255	0.404824	0.472734	0.53899	0.612975	0.690178	0.760935	0.799418	0.811921	0.813452	0.806346	0.808756	0.830446	0.864852	0.89655	0.920975	0.936173	0.937913	0.920546	0.890017	0.830018	0.728499	0.598353	0.450497	0.30707	0.183348	0.0986536	0.0599415	0.0602546	0.0919684	0.135406	0.173992	0.196386	0.199131	0.183444	0.153433	0.118154	0.0821986	0.0492771	0.0230528	0	
0	-0.0372396	-0.0834155	-0.137566	-0.199371	-0.262726	-0.306307	-0.313218	-0.29133	-0.258457	-0.23189	-0.232153	-0.259792	-0.290514	-0.316006	-0.354761	-0.414254	-0.469638	-0.498793	-0.494251	-0.453275	-0.363771	-0.211992	-0.00938742	0.20447	0.396509	0.544382	0.638271	0.668314	0.65483	0.623532	0.591552	0.545993	0.475747	0.39358	0.31541	0.237367	0.167063	0.11649	0.0868724	0.0617611	0.0286228	-0.0110763	-0.0398386	-0.068761	-0.125631	-0.205699	-0.279363	-0.331735	-0.356364	-0.363135	-0.360585	-0.33911	-0.293931	-0.223578	-0.123938	-0.00545337	0.126922	0.256604	0.369452	0.466982	0.551423	0.624235	0.693789	0.770519	0.844197	0.890932	0.911044	0.916033	0.908077	0.909547	0.938874	0.987511	1.04189	1.08737	1.11948	1.13509	1.12582	1.08969	1.01134	0.887702	0.724787	0.535794	0.347428	0.180506	0.0614645	-0.00510776	-0.0295029	-0.0204057	0.00228288	0.0237918	0.0411508	0.0512602	0.0516198	0.0447832	0.0304029	0.0146812	0.00426734	-0.00141234	0	
0	-0.0639481	-0.128864	-0.193477	-0.25824	-0.322721	-0.362966	-0.361038	-0.324036	-0.277821	-0.248346	-0.254057	-0.290514	-0.328917	-0.363125	-0.414887	-0.490492	-0.56086	-0.594314	-0.58166	-0.522393	-0.409581	-0.235488	-0.0154005	0.211344	0.410092	0.563809	0.659974	0.693439	0.678075	0.63913	0.591519	0.529074	0.444214	0.354012	0.269673	0.190168	0.116525	0.0624035	0.0296004	0.00622361	-0.0223609	-0.0533329	-0.0775607	-0.107093	-0.166379	-0.248287	-0.318531	-0.355821	-0.359758	-0.345903	-0.327107	-0.301204	-0.257467	-0.188306	-0.0930834	0.0211873	0.149803	0.279457	0.398397	0.503463	0.592278	0.669233	0.745136	0.824237	0.899764	0.947534	0.962249	0.954946	0.941823	0.950714	0.996319	1.06927	1.146	1.21525	1.27142	1.30357	1.30229	1.2641	1.177	1.03273	0.843753	0.628039	0.411422	0.221967	0.0797256	-0.00831263	-0.0513757	-0.0650183	-0.061737	-0.0509458	-0.0389859	-0.028162	-0.0205598	-0.0173224	-0.0154016	-0.0126874	-0.00961395	-0.00520107	0	
0	-0.0757774	-0.150668	-0.222184	-0.296593	-0.366732	-0.408619	-0.396139	-0.343527	-0.284872	-0.255498	-0.270097	-0.316006	-0.363125	-0.407243	-0.471412	-0.561061	-0.642248	-0.67793	-0.65325	-0.567916	-0.420949	-0.21652	0.0200001	0.247794	0.439813	0.585298	0.675714	0.702795	0.676253	0.620549	0.554586	0.477668	0.389097	0.299203	0.220303	0.146805	0.078783	0.0270463	-0.00556443	-0.0290284	-0.0527845	-0.0747743	-0.0860914	-0.100824	-0.143366	-0.20563	-0.256942	-0.274986	-0.263924	-0.240041	-0.217662	-0.189492	-0.146147	-0.081431	0.00276152	0.100085	0.205283	0.31272	0.416408	0.514088	0.604667	0.686754	0.767503	0.85434	0.931448	0.972166	0.974199	0.959282	0.949599	0.967628	1.02571	1.11108	1.20536	1.29453	1.37046	1.4207	1.43081	1.39182	1.29387	1.13648	0.930888	0.699683	0.472394	0.275326	0.127087	0.0279637	-0.0293041	-0.0496302	-0.0458031	-0.03145	-0.0168454	-0.0101572	-0.00962288	-0.0102892	-0.00972639	-0.0050764	-5.43102e-05	0.00058818	0	
0	-0.0728673	-0.150056	-0.233032	-0.322549	-0.405342	-0.450313	-0.433749	-0.371946	-0.307269	-0.278198	-0.299622	-0.354761	-0.414887	-0.471412	-0.543637	-0.634084	-0.712285	-0.739348	-0.694985	-0.577089	-0.391379	-0.156031	0.093066	0.318342	0.497732	0.627406	0.697719	0.702139	0.652179	0.575623	0.493576	0.408393	0.318479	0.235496	0.168171	0.113429	0.0642716	0.0239363	-0.00642411	-0.0322639	-0.0568596	-0.0698472	-0.0642454	-0.0550844	-0.0651092	-0.092656	-0.111885	-0.105663	-0.0825771	-0.060793	-0.0470574	-0.0329138	-0.0026162	0.0488293	0.114831	0.188988	0.268987	0.353811	0.435999	0.51397	0.589755	0.669293	0.759384	0.856378	0.936677	0.978229	0.980826	0.967538	0.96577	0.993726	1.05602	1.14257	1.23691	1.3305	1.41505	1.47344	1.49437	1.46133	1.3618	1.19187	0.96752	0.723054	0.489982	0.295462	0.150572	0.0605262	0.0226911	0.0227317	0.0455258	0.0723317	0.0885885	0.091388	0.0829678	0.0677469	0.051373	0.0363179	0.0228073	0.0107119	0	
0	-0.0589258	-0.133978	-0.227647	-0.334843	-0.429086	-0.482333	-0.470754	-0.41476	-0.351208	-0.323872	-0.348537	-0.414254	-0.490492	-0.561061	-0.634084	-0.709937	-0.765571	-0.764565	-0.686313	-0.530651	-0.310045	-0.0524346	0.205809	0.427778	0.593492	0.698165	0.733535	0.704288	0.626015	0.531158	0.437055	0.345146	0.259693	0.189807	0.145772	0.118845	0.093328	0.065458	0.0358963	0.00735927	-0.0157152	-0.0199538	0.00124584	0.031935	0.0523812	0.0639663	0.0803841	0.114626	0.147371	0.162977	0.158571	0.149989	0.154705	0.181245	0.221017	0.270845	0.324787	0.380366	0.433621	0.485365	0.546302	0.624433	0.724184	0.833226	0.923156	0.974723	0.989272	0.991043	1.00304	1.03589	1.09551	1.17772	1.26622	1.35157	1.4269	1.47894	1.49689	1.45865	1.3505	1.17147	0.941392	0.693259	0.45801	0.267402	0.139932	0.082289	0.0840328	0.122526	0.171347	0.211207	0.232492	0.233195	0.217297	0.185882	0.144473	0.100261	0.0594855	0.0267608	0	
0	-0.0420835	-0.109219	-0.206126	-0.320939	-0.422325	-0.484205	-0.48783	-0.446045	-0.391773	-0.366528	-0.39585	-0.469638	-0.56086	-0.642248	-0.712285	-0.765571	-0.785146	-0.741237	-0.621025	-0.430366	-0.187818	0.082084	0.342859	0.559193	0.706654	0.780087	0.781096	0.721854	0.623416	0.513808	0.40856	0.314221	0.239355	0.192837	0.176775	0.175698	0.170186	0.151531	0.126144	0.100123	0.0801423	0.0802248	0.10622	0.146337	0.190476	0.23551	0.287781	0.34621	0.388452	0.397362	0.376768	0.344777	0.323492	0.319994	0.330324	0.35135	0.373978	0.398718	0.419407	0.445883	0.494128	0.573753	0.681319	0.801351	0.901109	0.967732	0.99994	1.01224	1.02898	1.0641	1.12465	1.20314	1.28334	1.35509	1.41116	1.4408	1.43849	1.38082	1.26088	1.08308	0.858352	0.616741	0.389628	0.213645	0.112335	0.0898357	0.12956	0.200092	0.273156	0.330657	0.361438	0.364172	0.339827	0.292773	0.233942	0.169792	0.108474	0.0527502	0	
0	-0.0275907	-0.0805264	-0.165446	-0.273248	-0.372667	-0.443006	-0.46235	-0.439851	-0.39827	-0.383846	-0.419528	-0.498793	-0.594314	-0.67793	-0.739348	-0.764565	-0.741237	-0.649323	-0.486885	-0.268862	-0.0104266	0.26224	0.517302	0.715115	0.833737	0.875493	0.846913	0.767798	0.653403	0.532947	0.424391	0.338164	0.285685	0.26575	0.272759	0.289631	0.298297	0.291366	0.273631	0.251825	0.230516	0.225425	0.247748	0.290322	0.349607	0.419824	0.491076	0.561294	0.604409	0.608339	0.580107	0.535561	0.493182	0.465335	0.446237	0.434928	0.425259	0.416923	0.412068	0.421699	0.462033	0.536577	0.643311	0.761844	0.866698	0.94841	0.994941	1.01699	1.03743	1.07194	1.12608	1.19748	1.265	1.32043	1.35751	1.36024	1.32845	1.24555	1.11249	0.932598	0.716003	0.488791	0.283994	0.138797	0.0676042	0.07145	0.131045	0.220076	0.315372	0.395791	0.443391	0.451765	0.423057	0.366513	0.299369	0.225521	0.150265	0.0768105	0	
0	-0.0177063	-0.0523417	-0.114002	-0.202817	-0.294044	-0.366448	-0.397883	-0.39032	-0.36749	-0.36944	-0.416663	-0.494251	-0.58166	-0.65325	-0.694985	-0.686313	-0.621025	-0.486885	-0.291364	-0.0466834	0.224738	0.498394	0.736695	0.906498	0.994263	1.00517	0.950364	0.846523	0.713408	0.585121	0.481482	0.412765	0.382314	0.382052	0.403717	0.434027	0.461855	0.473609	0.470414	0.453373	0.427337	0.412768	0.4246	0.459452	0.517564	0.586864	0.657061	0.72162	0.762503	0.76882	0.743231	0.695873	0.644197	0.596217	0.554603	0.520832	0.48425	0.454145	0.432625	0.432572	0.461306	0.521365	0.611294	0.72262	0.82818	0.915715	0.971148	0.996274	1.01689	1.04898	1.09619	1.15048	1.19944	1.23676	1.24925	1.22673	1.17358	1.07347	0.926646	0.73977	0.522674	0.307108	0.128505	0.0137738	-0.0280819	-0.00533022	0.0677509	0.174948	0.289972	0.391198	0.457496	0.482845	0.46884	0.422494	0.35894	0.277921	0.188605	0.0971102	0	
0	-0.00756531	-0.022326	-0.0578582	-0.124532	-0.201261	-0.267895	-0.300792	-0.305034	-0.29998	-0.322728	-0.380629	-0.453275	-0.522393	-0.567916	-0.577089	-0.530651	-0.430366	-0.268862	-0.0466834	0.219621	0.505147	0.77219	0.990922	1.13446	1.19507	1.17517	1.08268	0.94279	0.785409	0.650356	0.556589	0.504125	0.491717	0.506212	0.540441	0.585694	0.633964	0.666665	0.678319	0.668077	0.640956	0.617971	0.616907	0.631217	0.665227	0.712469	0.760411	0.811753	0.851083	0.863335	0.847579	0.807462	0.755545	0.705097	0.655672	0.605481	0.555272	0.512791	0.481711	0.469672	0.483027	0.523002	0.598244	0.696438	0.791622	0.873006	0.919739	0.940116	0.956992	0.984287	1.01879	1.0579	1.08629	1.0988	1.08917	1.04469	0.975807	0.864523	0.706954	0.509458	0.288735	0.0811309	-0.0782106	-0.171509	-0.197254	-0.153595	-0.055342	0.0755752	0.212197	0.330548	0.416924	0.469864	0.483039	0.458555	0.406741	0.322655	0.221468	0.115018	0	
0	0.00868224	0.0136004	-0.00186081	-0.0490145	-0.107912	-0.157756	-0.184106	-0.192064	-0.200181	-0.23568	-0.299581	-0.363771	-0.409581	-0.420949	-0.391379	-0.310045	-0.187818	-0.0104266	0.224738	0.505147	0.790563	1.04696	1.24878	1.37503	1.413	1.35635	1.21962	1.03979	0.856856	0.714068	0.624112	0.58529	0.590147	0.623512	0.673433	0.731522	0.793414	0.837687	0.857981	0.852751	0.825598	0.796904	0.778878	0.764417	0.764026	0.776308	0.799535	0.835766	0.872967	0.894633	0.892921	0.867183	0.829326	0.784693	0.735745	0.684164	0.625436	0.575364	0.537735	0.518542	0.516243	0.539558	0.599342	0.682318	0.756215	0.809708	0.835916	0.839609	0.843087	0.858936	0.881959	0.903494	0.913245	0.908862	0.87908	0.821846	0.745555	0.625532	0.454577	0.248275	0.0313558	-0.167027	-0.318884	-0.404968	-0.40989	-0.337283	-0.209092	-0.0499726	0.106597	0.244572	0.350874	0.423468	0.455786	0.445881	0.406426	0.329644	0.230107	0.121874	0	
0	0.0349238	0.0604224	0.0596316	0.0277009	-0.00974914	-0.036815	-0.0487563	-0.053485	-0.0627703	-0.0986028	-0.159109	-0.211992	-0.235488	-0.21652	-0.156031	-0.0524346	0.082084	0.26224	0.498394	0.77219	1.04696	1.29035	1.48327	1.59668	1.61072	1.51844	1.34451	1.13263	0.927139	0.769254	0.676949	0.646983	0.670955	0.725842	0.792779	0.860022	0.926385	0.971554	0.990177	0.982206	0.95215	0.91449	0.879332	0.836422	0.800385	0.782339	0.782166	0.805392	0.842725	0.87303	0.887297	0.882787	0.862774	0.830641	0.788038	0.733915	0.67724	0.627617	0.583324	0.550668	0.536509	0.548383	0.594627	0.654311	0.695278	0.714302	0.706386	0.684339	0.665727	0.663879	0.673022	0.684165	0.683376	0.66812	0.636435	0.579499	0.498489	0.370141	0.193793	-0.00965321	-0.223533	-0.422659	-0.569027	-0.63983	-0.621718	-0.519299	-0.363235	-0.179611	0.00147927	0.156936	0.275354	0.354226	0.384257	0.375414	0.34272	0.277312	0.195123	0.104378	0	
0	0.0660151	0.113638	0.125624	0.107463	0.0897445	0.085912	0.0908559	0.0971404	0.0979584	0.0747264	0.0281535	-0.00938742	-0.0154005	0.0200001	0.093066	0.205809	0.342859	0.517302	0.736695	0.990922	1.24878	1.48327	1.66745	1.76405	1.7531	1.63423	1.43782	1.20619	0.981711	0.80872	0.708541	0.682118	0.716933	0.788508	0.869538	0.943652	1.01036	1.05016	1.0606	1.04556	1.00897	0.963122	0.912513	0.844796	0.780452	0.735263	0.715743	0.725332	0.757254	0.793828	0.82516	0.842646	0.845052	0.83048	0.801964	0.761233	0.709033	0.653777	0.598485	0.554672	0.526934	0.525842	0.556082	0.588628	0.593708	0.572975	0.532572	0.479618	0.431823	0.41029	0.407764	0.409982	0.407924	0.403052	0.381991	0.330961	0.250323	0.123938	-0.0479668	-0.247346	-0.455959	-0.649341	-0.786896	-0.841928	-0.800959	-0.677601	-0.502098	-0.29756	-0.0973223	0.0734972	0.195962	0.270016	0.292806	0.276385	0.244798	0.189961	0.127481	0.0688709	0	
0	0.0892016	0.155631	0.180611	0.17438	0.169543	0.182309	0.203085	0.225863	0.244606	0.243737	0.221471	0.20447	0.211344	0.247794	0.318342	0.427778	0.559193	0.715115	0.906498	1.13446	1.37503	1.59668	1.76405	1.83813	1.80553	1.67042	1.46363	1.22443	0.993621	0.812713	0.703759	0.668809	0.69983	0.774917	0.86203	0.940357	1.00624	1.0442	1.05249	1.03635	0.99916	0.947519	0.881716	0.792347	0.699929	0.630583	0.591315	0.584468	0.608366	0.648574	0.693823	0.734823	0.763564	0.774638	0.772432	0.752975	0.716055	0.661779	0.594432	0.535309	0.495888	0.480057	0.485081	0.485732	0.457659	0.402796	0.32749	0.243467	0.168398	0.124285	0.108518	0.108244	0.115862	0.127151	0.123568	0.087279	0.0166748	-0.096837	-0.254985	-0.444205	-0.647134	-0.832365	-0.951215	-0.985351	-0.929636	-0.795242	-0.609124	-0.39265	-0.183364	-0.0120285	0.110073	0.183374	0.203494	0.18887	0.160518	0.114985	0.0718064	0.0376485	0	
0	0.0977048	0.176495	0.216438	0.220873	0.223443	0.244363	0.279468	0.319631	0.35925	0.384652	0.390988	0.396509	0.410092	0.439813	0.497732	0.593492	0.706654	0.833737	0.994263	1.19507	1.413	1.61072	1.7531	1.80553	1.756	1.60905	1.39919	1.16425	0.942099	0.761893	0.643479	0.59284	0.608566	0.674931	0.75977	0.836875	0.90404	0.946585	0.962985	0.956331	0.925709	0.871585	0.794979	0.687018	0.573825	0.484626	0.426783	0.402084	0.4141	0.452803	0.508969	0.569544	0.62368	0.667975	0.703291	0.716192	0.697642	0.646986	0.577905	0.515162	0.464882	0.427292	0.401807	0.366854	0.302857	0.212624	0.104846	-0.00866553	-0.110612	-0.172185	-0.194431	-0.190677	-0.166102	-0.131688	-0.113415	-0.130973	-0.182075	-0.275254	-0.42081	-0.602991	-0.793299	-0.955657	-1.05279	-1.07312	-1.00698	-0.862543	-0.668998	-0.453781	-0.250188	-0.0843301	0.0335661	0.107498	0.132819	0.125934	0.108299	0.074238	0.0423532	0.0227294	0	
0	0.0908836	0.173834	0.225436	0.24143	0.247665	0.274576	0.320466	0.377239	0.436905	0.487222	0.521386	0.544382	0.563809	0.585298	0.627406	0.698165	0.780087	0.875493	1.00517	1.17517	1.35635	1.51844	1.63423	1.67042	1.60905	1.45823	1.25508	1.03979	0.835593	0.663246	0.538134	0.470594	0.463539	0.511079	0.581594	0.652643	0.717097	0.767718	0.799749	0.811727	0.795006	0.747057	0.665808	0.551795	0.428294	0.325806	0.251877	0.208945	0.204673	0.237643	0.297035	0.370589	0.448883	0.525241	0.594666	0.640115	0.647251	0.613987	0.558242	0.503146	0.447334	0.387336	0.3266	0.251469	0.148172	0.0177142	-0.123075	-0.260499	-0.379112	-0.452157	-0.475057	-0.458821	-0.413927	-0.356295	-0.314518	-0.304118	-0.329425	-0.404283	-0.538248	-0.709137	-0.879733	-1.02108	-1.10202	-1.10632	-1.02702	-0.877264	-0.687525	-0.482785	-0.291913	-0.137791	-0.025875	0.0484875	0.0834917	0.0922422	0.0883578	0.0670064	0.0426312	0.0236353	0	
0	0.0760754	0.153217	0.211468	0.236011	0.250254	0.282504	0.338015	0.407084	0.482211	0.552463	0.603632	0.638271	0.659974	0.675714	0.697719	0.733535	0.781096	0.846913	0.950364	1.08268	1.21962	1.34451	1.43782	1.46363	1.39919	1.25508	1.07198	0.878543	0.69363	0.5282	0.398528	0.313703	0.283246	0.307897	0.363536	0.423112	0.48296	0.540663	0.589836	0.6207	0.619134	0.579032	0.506894	0.405149	0.290807	0.189887	0.105584	0.0431408	0.0184338	0.0344303	0.0849402	0.161932	0.255465	0.358941	0.462007	0.53783	0.573398	0.569402	0.539366	0.496648	0.435709	0.353047	0.255504	0.142131	0.00137397	-0.163016	-0.331895	-0.486563	-0.613496	-0.686308	-0.696467	-0.662886	-0.600035	-0.526824	-0.461603	-0.42196	-0.423337	-0.481375	-0.599971	-0.750774	-0.904569	-1.03267	-1.1043	-1.10252	-1.01913	-0.869984	-0.685939	-0.489934	-0.305956	-0.15807	-0.0482826	0.0285193	0.0671711	0.0815599	0.083181	0.0690888	0.0500082	0.0287001	0	
0	0.0565295	0.118376	0.170023	0.198958	0.221288	0.261263	0.323833	0.40033	0.486645	0.567295	0.629041	0.668314	0.693439	0.702795	0.702139	0.704288	0.721854	0.767798	0.846523	0.94279	1.03979	1.13263	1.20619	1.22443	1.16425	1.03979	0.878543	0.706826	0.534899	0.375063	0.239254	0.139453	0.08896	0.09482	0.131834	0.17886	0.232969	0.298946	0.363791	0.409102	0.417247	0.391439	0.341458	0.269838	0.180918	0.0883234	-0.0042029	-0.0846271	-0.136029	-0.143724	-0.108994	-0.0371883	0.0652671	0.189443	0.314237	0.418957	0.488216	0.516471	0.512944	0.482222	0.415725	0.314478	0.193812	0.0500147	-0.122113	-0.311543	-0.491527	-0.64782	-0.770002	-0.832334	-0.831409	-0.787878	-0.71785	-0.630542	-0.545627	-0.489346	-0.477023	-0.518656	-0.613496	-0.743697	-0.882911	-1.00418	-1.07633	-1.07331	-0.994817	-0.854796	-0.675954	-0.484421	-0.302438	-0.15049	-0.0345997	0.0453659	0.0854838	0.0963652	0.0938719	0.0787765	0.0560679	0.0316593	0	
0	0.0368342	0.0764046	0.11232	0.138152	0.168183	0.216584	0.285674	0.368241	0.459067	0.545874	0.611436	0.65483	0.678075	0.676253	0.652179	0.626015	0.623416	0.653403	0.713408	0.785409	0.856856	0.927139	0.981711	0.993621	0.942099	0.835593	0.69363	0.534899	0.370481	0.210135	0.068573	-0.039813	-0.102053	-0.114497	-0.0939971	-0.0550932	0.00112825	0.0776764	0.153448	0.205713	0.222531	0.213839	0.192875	0.156982	0.095542	0.0167837	-0.0754262	-0.167862	-0.238605	-0.269681	-0.256077	-0.195401	-0.0925424	0.039038	0.179635	0.307018	0.403769	0.461609	0.477013	0.45182	0.384041	0.276685	0.138931	-0.0188484	-0.200278	-0.395976	-0.580406	-0.734185	-0.844262	-0.895033	-0.882195	-0.83032	-0.754145	-0.663516	-0.575326	-0.514219	-0.495249	-0.524359	-0.600317	-0.712867	-0.844164	-0.960519	-1.03176	-1.03562	-0.966459	-0.832881	-0.655893	-0.462107	-0.274446	-0.11592	0.00507894	0.083505	0.119564	0.128427	0.117797	0.0917725	0.0601755	0.0291133	0	
0	0.0182236	0.0350243	0.0519186	0.0696653	0.103923	0.159375	0.237715	0.325075	0.419742	0.508241	0.579138	0.623532	0.63913	0.620549	0.575623	0.531158	0.513808	0.532947	0.585121	0.650356	0.714068	0.769254	0.80872	0.812713	0.761893	0.663246	0.5282	0.375063	0.210135	0.0489079	-0.090154	-0.197397	-0.266508	-0.293833	-0.282503	-0.242258	-0.180221	-0.0975877	-0.0151103	0.0451941	0.0729018	0.0817344	0.0846215	0.0746655	0.0385283	-0.022145	-0.106515	-0.196734	-0.278088	-0.325447	-0.327018	-0.279102	-0.187677	-0.0619553	0.0745273	0.207611	0.31821	0.389054	0.415764	0.399369	0.341774	0.242626	0.111313	-0.0480721	-0.233127	-0.424294	-0.598751	-0.740193	-0.837659	-0.878387	-0.863431	-0.810056	-0.730392	-0.63366	-0.543015	-0.490542	-0.478906	-0.509473	-0.584282	-0.698039	-0.825936	-0.932557	-0.995982	-0.993639	-0.92269	-0.787705	-0.608441	-0.413454	-0.222716	-0.0625873	0.0519014	0.121303	0.154025	0.157714	0.139144	0.105588	0.066725	0.0323308	0	
0	0.000349574	-0.00120727	0.000234997	0.00976062	0.0432286	0.104907	0.192607	0.288218	0.385432	0.476918	0.550124	0.591552	0.591519	0.554586	0.493576	0.437055	0.40856	0.424391	0.481482	0.556589	0.624112	0.676949	0.708541	0.703759	0.643479	0.538134	0.398528	0.239254	0.068573	-0.090154	-0.221998	-0.325611	-0.399071	-0.430509	-0.417015	-0.37196	-0.307097	-0.220005	-0.126211	-0.0520064	-0.011938	0.00829247	0.0237118	0.0304686	0.0152312	-0.0288516	-0.0983679	-0.179001	-0.254545	-0.301353	-0.307386	-0.273376	-0.2037	-0.107091	0.00379492	0.122639	0.225134	0.296803	0.329388	0.327695	0.290698	0.211282	0.0927398	-0.0502718	-0.215963	-0.391174	-0.553298	-0.683968	-0.770173	-0.807383	-0.791687	-0.731939	-0.644669	-0.548641	-0.470202	-0.430699	-0.428751	-0.47762	-0.575769	-0.706335	-0.83897	-0.937441	-0.985579	-0.961882	-0.868114	-0.7188	-0.533544	-0.339083	-0.157297	-0.0106159	0.0915859	0.154441	0.183299	0.179544	0.154758	0.122611	0.0862591	0.0451828	0	
0	-0.0199697	-0.0370066	-0.0453227	-0.0427575	-0.0127565	0.050961	0.147104	0.251419	0.353654	0.445869	0.516023	0.545993	0.529074	0.477668	0.408393	0.345146	0.314221	0.338164	0.412765	0.504125	0.58529	0.646983	0.682118	0.668809	0.59284	0.470594	0.313703	0.139453	-0.039813	-0.197397	-0.325611	-0.428226	-0.494719	-0.517108	-0.496416	-0.449348	-0.383199	-0.289902	-0.185881	-0.100941	-0.0522298	-0.0230507	0.00426062	0.0270532	0.0281948	0.000787705	-0.0548171	-0.117304	-0.177533	-0.215421	-0.224996	-0.211237	-0.176539	-0.116749	-0.0378807	0.0531138	0.133773	0.189829	0.21932	0.227071	0.213235	0.164425	0.0793548	-0.0316511	-0.167687	-0.312293	-0.452313	-0.568891	-0.646916	-0.682137	-0.664094	-0.597295	-0.509793	-0.424881	-0.362238	-0.343822	-0.37134	-0.454523	-0.581358	-0.729107	-0.866449	-0.960642	-0.99313	-0.946581	-0.830152	-0.659021	-0.459331	-0.262171	-0.0912787	0.0409467	0.135488	0.191903	0.211781	0.200362	0.173153	0.140933	0.100679	0.0518691	0	
0	-0.0436317	-0.0757897	-0.0897014	-0.0907593	-0.0631363	-0.00106924	0.0998804	0.211494	0.318888	0.407046	0.462706	0.475747	0.444214	0.389097	0.318479	0.259693	0.239355	0.285685	0.382314	0.491717	0.590147	0.670955	0.716933	0.69983	0.608566	0.463539	0.283246	0.08896	-0.102053	-0.266508	-0.399071	-0.494719	-0.54477	-0.552847	-0.524808	-0.475465	-0.404628	-0.31461	-0.21317	-0.125543	-0.067074	-0.0239158	0.0214072	0.0580133	0.0778061	0.0665859	0.0310002	-0.0115687	-0.055001	-0.0896941	-0.112811	-0.130445	-0.134539	-0.113315	-0.0719001	-0.0156681	0.0306674	0.064783	0.0882503	0.108026	0.116757	0.0963245	0.0480117	-0.0194316	-0.110841	-0.213363	-0.315646	-0.405419	-0.468915	-0.495662	-0.476	-0.414088	-0.339741	-0.275161	-0.238936	-0.252317	-0.313036	-0.433954	-0.59266	-0.756392	-0.900402	-0.992727	-1.01497	-0.953494	-0.818336	-0.629355	-0.413521	-0.2071	-0.0331633	0.103241	0.192497	0.235506	0.243045	0.224901	0.195878	0.152546	0.0984983	0.0477157	0	
0	-0.0667932	-0.111692	-0.129409	-0.12507	-0.0959684	-0.031556	0.0688559	0.186932	0.295321	0.371481	0.402871	0.39358	0.354012	0.299203	0.235496	0.189807	0.192837	0.26575	0.382052	0.506212	0.623512	0.725842	0.788508	0.774917	0.674931	0.511079	0.307897	0.09482	-0.114497	-0.293833	-0.430509	-0.517108	-0.552847	-0.548838	-0.511698	-0.452042	-0.385371	-0.310342	-0.220033	-0.128527	-0.0574217	0.00243193	0.0617813	0.117384	0.158619	0.173449	0.161131	0.137212	0.10477	0.0654689	0.018397	-0.0374739	-0.0836783	-0.107043	-0.108322	-0.0969651	-0.0862927	-0.0709335	-0.0474807	-0.0165244	0.010319	0.0175198	0.00410704	-0.0229365	-0.0667986	-0.117017	-0.174794	-0.231559	-0.268948	-0.279829	-0.254918	-0.199245	-0.14758	-0.112689	-0.107288	-0.153871	-0.254138	-0.409707	-0.591485	-0.773672	-0.929227	-1.02784	-1.04741	-0.978488	-0.834172	-0.632434	-0.404673	-0.181519	0.0123324	0.162349	0.253604	0.286847	0.282534	0.254674	0.209863	0.151635	0.0951156	0.0461707	0	
0	-0.0852154	-0.142799	-0.160045	-0.148396	-0.10673	-0.0393851	0.0624479	0.17967	0.284099	0.341168	0.343966	0.31541	0.269673	0.220303	0.168171	0.145772	0.176775	0.272759	0.403717	0.540441	0.673433	0.792779	0.869538	0.86203	0.75977	0.581594	0.363536	0.131834	-0.0939971	-0.282503	-0.417015	-0.496416	-0.524808	-0.511698	-0.461324	-0.405876	-0.354523	-0.299113	-0.214179	-0.115491	-0.0313463	0.0425705	0.125198	0.20442	0.273938	0.311629	0.314261	0.302395	0.277449	0.229488	0.157072	0.0654567	-0.0259208	-0.0978423	-0.149691	-0.185367	-0.208095	-0.204901	-0.178594	-0.136243	-0.0905692	-0.0582725	-0.0382414	-0.0271557	-0.0297902	-0.0365671	-0.0528737	-0.0734885	-0.0818973	-0.0665966	-0.0301297	0.0163613	0.0507826	0.0617118	0.0327373	-0.057222	-0.197844	-0.383042	-0.587955	-0.784139	-0.951385	-1.05715	-1.07601	-1.00738	-0.856803	-0.64688	-0.411897	-0.175799	0.0330253	0.193445	0.2889	0.330396	0.327778	0.284643	0.224643	0.159327	0.103456	0.0555567	0	
0	-0.1008	-0.168566	-0.190682	-0.16913	-0.117527	-0.0404299	0.0580454	0.170419	0.262224	0.299349	0.280273	0.237367	0.190168	0.146805	0.113429	0.118845	0.175698	0.289631	0.434027	0.585694	0.731522	0.860022	0.943652	0.940357	0.836875	0.652643	0.423112	0.17886	-0.0550932	-0.242258	-0.37196	-0.449348	-0.475465	-0.452042	-0.405876	-0.364977	-0.328741	-0.277755	-0.191466	-0.0895675	0.00328355	0.0969482	0.201382	0.304583	0.391635	0.440093	0.455695	0.455978	0.437592	0.380467	0.28255	0.151989	0.0182036	-0.10139	-0.199712	-0.275615	-0.320977	-0.32459	-0.294516	-0.2407	-0.181201	-0.127307	-0.0764931	-0.0318605	0.00219094	0.0326792	0.052557	0.06489	0.0885622	0.130812	0.17885	0.222958	0.244067	0.231372	0.163223	0.029491	-0.14624	-0.355092	-0.578513	-0.790483	-0.963863	-1.07343	-1.09592	-1.02753	-0.877894	-0.666433	-0.422955	-0.177669	0.0344382	0.194174	0.29574	0.350059	0.35357	0.312416	0.256876	0.192647	0.127569	0.0649036	0	
0	-0.108671	-0.183735	-0.208184	-0.184507	-0.122853	-0.0396431	0.0568128	0.155957	0.230733	0.251184	0.218433	0.167063	0.116525	0.078783	0.0642716	0.093328	0.170186	0.298297	0.461855	0.633964	0.793414	0.926385	1.01036	1.00624	0.90404	0.717097	0.48296	0.232969	0.00112825	-0.180221	-0.307097	-0.383199	-0.404628	-0.385371	-0.354523	-0.328741	-0.29159	-0.235609	-0.15306	-0.0506015	0.0546344	0.164118	0.286693	0.402396	0.494058	0.55207	0.578319	0.586173	0.566767	0.496795	0.375896	0.21949	0.0516576	-0.108915	-0.248018	-0.35809	-0.422456	-0.432488	-0.39949	-0.338155	-0.265505	-0.19442	-0.125916	-0.0589085	0.00808934	0.0761185	0.134897	0.189692	0.24905	0.312183	0.367141	0.406497	0.417115	0.38101	0.281984	0.12144	-0.0812308	-0.315155	-0.562729	-0.789112	-0.967452	-1.07794	-1.09774	-1.03146	-0.883634	-0.674229	-0.43639	-0.195839	0.0115008	0.171294	0.28225	0.344589	0.354558	0.332406	0.297797	0.235262	0.156168	0.0779524	0	
0	-0.108585	-0.182876	-0.209376	-0.187164	-0.124486	-0.0370178	0.0553189	0.14037	0.199727	0.210666	0.173921	0.11649	0.0624035	0.0270463	0.0239363	0.065458	0.151531	0.291366	0.473609	0.666665	0.837687	0.971554	1.05016	1.0442	0.946585	0.767718	0.540663	0.298946	0.0776764	-0.0975877	-0.220005	-0.289902	-0.31461	-0.310342	-0.299113	-0.277755	-0.235609	-0.181405	-0.102965	0.00084625	0.111261	0.228666	0.358976	0.481486	0.579773	0.644861	0.676875	0.681469	0.653711	0.575105	0.442488	0.269799	0.0780171	-0.116175	-0.290588	-0.425833	-0.503262	-0.520768	-0.491329	-0.428875	-0.355082	-0.278066	-0.190047	-0.0963357	-0.000890211	0.098899	0.198021	0.288908	0.370996	0.451816	0.517189	0.555553	0.559332	0.509625	0.389404	0.207042	-0.0136705	-0.26283	-0.524728	-0.760027	-0.941193	-1.0522	-1.07213	-1.00472	-0.860812	-0.664103	-0.444136	-0.225285	-0.0318136	0.126451	0.241734	0.312286	0.336202	0.333204	0.311657	0.251416	0.174628	0.09552	0	
0	-0.100068	-0.166592	-0.190979	-0.174751	-0.118195	-0.0335861	0.0534829	0.127479	0.176952	0.185634	0.147755	0.0868724	0.0296004	-0.00556443	-0.00642411	0.0358963	0.126144	0.273631	0.470414	0.678319	0.857981	0.990177	1.0606	1.05249	0.962985	0.799749	0.589836	0.363791	0.153448	-0.0151103	-0.126211	-0.185881	-0.21317	-0.220033	-0.214179	-0.191466	-0.15306	-0.102965	-0.0330414	0.0566332	0.153854	0.266411	0.402764	0.535941	0.642016	0.715288	0.748148	0.746104	0.713207	0.629008	0.48866	0.305053	0.0925405	-0.126812	-0.318796	-0.467218	-0.558004	-0.590518	-0.573654	-0.518877	-0.446132	-0.361148	-0.25843	-0.14093	-0.0132502	0.115072	0.236315	0.348046	0.445396	0.535418	0.613989	0.666952	0.67438	0.614137	0.482817	0.292429	0.058032	-0.205187	-0.472393	-0.706146	-0.883892	-0.991689	-1.01398	-0.954717	-0.82127	-0.637136	-0.436845	-0.238284	-0.0572322	0.0878861	0.193659	0.263995	0.292543	0.291303	0.265125	0.209583	0.149876	0.085914	0	
0	-0.0867604	-0.141399	-0.161547	-0.152542	-0.108724	-0.0349095	0.0445605	0.111228	0.15731	0.164247	0.125538	0.0617611	0.00622361	-0.0290284	-0.0322639	0.00735927	0.100123	0.251825	0.453373	0.668077	0.852751	0.982206	1.04556	1.03635	0.956331	0.811727	0.6207	0.409102	0.205713	0.0451941	-0.0520064	-0.100941	-0.125543	-0.128527	-0.115491	-0.0895675	-0.0506015	0.00084625	0.0566332	0.118289	0.191598	0.296014	0.429111	0.561869	0.667799	0.741601	0.773886	0.7737	0.737169	0.651391	0.509431	0.320782	0.0976844	-0.130849	-0.331484	-0.489483	-0.592769	-0.640721	-0.635736	-0.58719	-0.514676	-0.423531	-0.306584	-0.172311	-0.0314813	0.111278	0.252383	0.376538	0.477378	0.576277	0.669836	0.729026	0.73916	0.68791	0.565386	0.375142	0.132966	-0.134711	-0.400437	-0.632178	-0.809255	-0.918397	-0.943932	-0.891045	-0.769822	-0.599698	-0.412777	-0.225296	-0.0546038	0.0734888	0.157734	0.210576	0.227202	0.212992	0.18317	0.139814	0.0932365	0.0494466	0	
0	-0.0715421	-0.11459	-0.128219	-0.12641	-0.0963651	-0.0407873	0.0287268	0.0893135	0.132487	0.135131	0.0912987	0.0286228	-0.0223609	-0.0527845	-0.0568596	-0.0157152	0.0801423	0.230516	0.427337	0.640956	0.825598	0.95215	1.00897	0.99916	0.925709	0.795006	0.619134	0.417247	0.222531	0.0729018	-0.011938	-0.0522298	-0.067074	-0.0574217	-0.0313463	0.00328355	0.0546344	0.111261	0.153854	0.191598	0.249547	0.337698	0.4535	0.56928	0.662078	0.724507	0.751569	0.743423	0.701226	0.619454	0.486899	0.306165	0.0908717	-0.126642	-0.323591	-0.484657	-0.596969	-0.65403	-0.656638	-0.612194	-0.54333	-0.455062	-0.336643	-0.194195	-0.0430027	0.105365	0.24563	0.368806	0.471464	0.5769	0.680524	0.74968	0.768915	0.726623	0.615459	0.433385	0.203134	-0.0505181	-0.307227	-0.537035	-0.718295	-0.831542	-0.865187	-0.820789	-0.711242	-0.555504	-0.377631	-0.20056	-0.0440242	0.0684111	0.136118	0.169794	0.166059	0.139555	0.111583	0.0798319	0.0455573	0.0191912	0	
0	-0.0547037	-0.0839699	-0.0914719	-0.0894024	-0.07378	-0.0352301	0.01868	0.0717842	0.106229	0.0992496	0.0497979	-0.0110763	-0.0533329	-0.0747743	-0.0698472	-0.0199538	0.0802248	0.225425	0.412768	0.617971	0.796904	0.91449	0.963122	0.947519	0.871585	0.747057	0.579032	0.391439	0.213839	0.0817344	0.00829247	-0.0230507	-0.0239158	0.00243193	0.0425705	0.0969482	0.164118	0.228666	0.266411	0.296014	0.337698	0.401941	0.487683	0.576935	0.64176	0.680282	0.687438	0.663443	0.614019	0.538735	0.419867	0.255784	0.0665537	-0.124911	-0.300526	-0.44599	-0.55334	-0.618038	-0.631746	-0.601553	-0.546192	-0.463387	-0.347843	-0.207624	-0.0586808	0.0841607	0.214901	0.328663	0.430197	0.541174	0.653413	0.732362	0.758546	0.728603	0.632913	0.466581	0.255131	0.0263686	-0.204067	-0.423323	-0.599245	-0.715951	-0.767785	-0.739384	-0.643828	-0.500658	-0.333954	-0.168931	-0.030249	0.0648241	0.122998	0.142607	0.125544	0.095032	0.0664359	0.0395039	0.0181606	0.00714274	0	
