0	0	0	0	0	0	0	0	0	0	0	0	0	0	0	0	0	0	0	0	0	0	0	0	0	0	0	0	0	0	0	0	0	0	0	0	0	0	0	0	0	0	0	0	0	0	0	0	0	0	0	0	0	0	0	0	0	0	0	0	0	0	0	0	0	0	0	0	0	0	0	0	0	0	0	0	0	0	0	0	0	0	0	0	0	0	0	0	0	0	0	0	0	0	0	0	0	0	0	0	
0	0.0451127	0.0846423	0.113846	0.133005	0.139751	0.139116	0.129465	0.108547	0.070984	0.0208783	-0.0330086	-0.0837518	-0.122362	-0.145222	-0.15067	-0.145627	-0.131854	-0.113079	-0.089759	-0.0620452	-0.0298403	0.0021127	0.0274813	0.0451569	0.0529469	0.0547139	0.0589991	0.0736107	0.0978633	0.125605	0.152608	0.178188	0.200547	0.221931	0.23861	0.252566	0.264334	0.275485	0.284837	0.291996	0.293	0.290721	0.279929	0.261712	0.238926	0.217045	0.198556	0.190051	0.195021	0.213133	0.239427	0.26796	0.290864	0.306251	0.31	0.294565	0.264521	0.225084	0.180027	0.13472	0.0894817	0.0437595	-0.00496848	-0.0603463	-0.118394	-0.174213	-0.218874	-0.244424	-0.246226	-0.226423	-0.189812	-0.146048	-0.105398	-0.0714721	-0.0433525	-0.0222338	-0.00958633	-0.00232109	-7.28131e-05	-0.000282669	0.00108951	0.0107435	0.0325802	0.0613225	0.0912668	0.117177	0.129948	0.128747	0.121815	0.11231	0.105112	0.103374	0.10279	0.098338	0.0884648	0.0721496	0.0497257	0.0256979	0	
0	0.0846423	0.158986	0.217763	0.255889	0.273353	0.272592	0.256028	0.215882	0.145686	0.0532964	-0.0460774	-0.139071	-0.212912	-0.258328	-0.272596	-0.265111	-0.238753	-0.199975	-0.153788	-0.101256	-0.0451393	0.0092815	0.0532035	0.0867222	0.108208	0.118892	0.133227	0.162242	0.204008	0.250939	0.297508	0.343356	0.387654	0.427373	0.458109	0.47993	0.496854	0.512926	0.528322	0.537862	0.538393	0.529498	0.506787	0.471805	0.434416	0.401914	0.380514	0.375443	0.390631	0.424714	0.468366	0.51348	0.550558	0.58073	0.593172	0.575499	0.531349	0.464114	0.379799	0.289115	0.191933	0.090589	-0.0126017	-0.12343	-0.236874	-0.341708	-0.423622	-0.468062	-0.471554	-0.440669	-0.381137	-0.307381	-0.231927	-0.167045	-0.111119	-0.0669906	-0.0380444	-0.0160929	-0.00550899	0.00202175	0.0108446	0.0276037	0.06127	0.103508	0.149609	0.193124	0.221129	0.230956	0.228247	0.216354	0.201206	0.187208	0.175912	0.16232	0.143235	0.118931	0.0847663	0.0440892	0	
0	0.113846	0.217763	0.301232	0.362472	0.39102	0.396745	0.375396	0.32317	0.229182	0.106545	-0.0237217	-0.148982	-0.2508	-0.319367	-0.34494	-0.339024	-0.301372	-0.24404	-0.175731	-0.105055	-0.0333368	0.0334781	0.0895696	0.141022	0.18145	0.211048	0.239884	0.280246	0.330408	0.381464	0.432443	0.487902	0.542482	0.596576	0.63468	0.660501	0.677915	0.694335	0.707791	0.715557	0.705793	0.687374	0.650762	0.604926	0.56182	0.534696	0.522442	0.531177	0.56118	0.608115	0.662486	0.718168	0.765543	0.808391	0.837334	0.826427	0.778344	0.696438	0.583123	0.449935	0.300631	0.142271	-0.0213258	-0.190964	-0.351934	-0.493848	-0.601644	-0.663782	-0.675358	-0.642629	-0.571438	-0.477853	-0.381661	-0.291402	-0.20715	-0.137431	-0.0892667	-0.052995	-0.0260153	-0.00338415	0.0174226	0.0444936	0.0827015	0.122301	0.163159	0.209321	0.246757	0.269959	0.285828	0.283941	0.266517	0.244117	0.217963	0.189491	0.162506	0.133016	0.0941356	0.0505312	0	
0	0.133005	0.255889	0.362472	0.441841	0.487961	0.501543	0.485879	0.429868	0.32533	0.186875	0.037672	-0.107528	-0.231777	-0.318146	-0.35452	-0.349323	-0.303468	-0.230583	-0.14814	-0.0653824	0.0132988	0.087537	0.154029	0.221159	0.282853	0.329827	0.372087	0.420664	0.471087	0.517046	0.559588	0.606762	0.660134	0.713409	0.75444	0.780831	0.797474	0.810299	0.818175	0.812725	0.790448	0.756881	0.710108	0.657365	0.616443	0.596936	0.599648	0.624599	0.67176	0.736234	0.805128	0.871845	0.927344	0.982276	1.02057	1.0169	0.971271	0.881457	0.748639	0.586426	0.394849	0.184966	-0.028263	-0.244462	-0.449017	-0.625283	-0.757207	-0.832002	-0.851128	-0.824984	-0.754651	-0.653808	-0.536989	-0.42463	-0.319695	-0.232894	-0.171936	-0.119433	-0.078373	-0.0368261	0.00319947	0.0404462	0.0819584	0.115017	0.144998	0.181649	0.215698	0.244841	0.270755	0.282053	0.276133	0.25647	0.229096	0.194954	0.158156	0.123693	0.084069	0.0428817	0	
0	0.139751	0.273353	0.39102	0.487961	0.547704	0.579916	0.578808	0.536752	0.437491	0.297739	0.142435	-0.0152318	-0.152644	-0.251488	-0.292788	-0.289347	-0.240241	-0.165328	-0.0801676	0.00182588	0.0831607	0.16314	0.239011	0.320836	0.395188	0.453116	0.501611	0.552773	0.602263	0.638229	0.664666	0.695629	0.732195	0.778686	0.814002	0.838325	0.850776	0.855358	0.847645	0.82584	0.782144	0.736304	0.680508	0.627051	0.590175	0.583479	0.600597	0.644105	0.712002	0.796174	0.881665	0.960203	1.02195	1.07882	1.12306	1.1215	1.07706	0.98928	0.854443	0.680406	0.467585	0.228651	-0.0236239	-0.281195	-0.518486	-0.721309	-0.875714	-0.971517	-1.00718	-0.990286	-0.921194	-0.814433	-0.692906	-0.571912	-0.453179	-0.351423	-0.277182	-0.213913	-0.15651	-0.100131	-0.0493402	-0.000697528	0.0468952	0.0791385	0.101555	0.129142	0.152352	0.171321	0.199149	0.218794	0.225792	0.223677	0.205574	0.171362	0.131101	0.0910041	0.0522513	0.0246344	0	
0	0.139116	0.272592	0.396745	0.501543	0.579916	0.634418	0.66543	0.65221	0.575808	0.447526	0.293892	0.131643	-0.0141607	-0.117709	-0.162035	-0.160926	-0.120087	-0.0554613	0.0153804	0.0879447	0.164438	0.247153	0.32918	0.416254	0.494778	0.552416	0.599531	0.651192	0.697815	0.727267	0.740698	0.753428	0.774496	0.803371	0.824759	0.833442	0.829608	0.81717	0.793838	0.754776	0.700568	0.644572	0.585509	0.530819	0.499874	0.505325	0.54298	0.609731	0.700889	0.803591	0.8978	0.975283	1.0277	1.07958	1.1213	1.12565	1.09326	1.01837	0.892737	0.723885	0.506365	0.253444	-0.0134397	-0.28931	-0.55239	-0.782554	-0.960277	-1.0728	-1.12151	-1.11622	-1.05646	-0.95751	-0.837041	-0.716893	-0.598658	-0.492304	-0.406466	-0.323909	-0.251781	-0.183886	-0.126337	-0.0788242	-0.030362	0.00411302	0.0286238	0.0559067	0.0734794	0.0843002	0.102483	0.118712	0.131248	0.138253	0.134549	0.114741	0.0844845	0.0552276	0.0274031	0.0107627	0	
0	0.129465	0.256028	0.375396	0.485879	0.578808	0.66543	0.736886	0.768441	0.726845	0.621249	0.477403	0.31566	0.166671	0.058409	0.00977419	-0.000594227	0.0237278	0.0649849	0.115824	0.171333	0.239943	0.3203	0.402119	0.489559	0.565192	0.618092	0.659525	0.704365	0.746115	0.767319	0.771209	0.773347	0.778252	0.788896	0.783794	0.763649	0.732498	0.698467	0.660858	0.616156	0.557046	0.501624	0.441775	0.390674	0.368259	0.391365	0.451134	0.540052	0.646409	0.753073	0.840088	0.901928	0.939407	0.980356	1.02502	1.03967	1.02295	0.966899	0.861398	0.708783	0.505128	0.264217	-0.000542613	-0.280172	-0.548895	-0.78974	-0.985103	-1.11633	-1.17973	-1.18537	-1.13539	-1.04834	-0.947791	-0.848535	-0.740303	-0.630836	-0.533662	-0.438991	-0.35312	-0.279173	-0.224891	-0.180461	-0.136612	-0.105001	-0.0809549	-0.0524143	-0.03326	-0.0235908	-0.00539835	0.00871947	0.0190139	0.0312594	0.0385442	0.0382802	0.0350453	0.0298089	0.0189691	0.0108186	0	
0	0.108547	0.215882	0.32317	0.429868	0.536752	0.65221	0.768441	0.846267	0.846852	0.770584	0.644899	0.490612	0.340564	0.226901	0.166278	0.14067	0.142802	0.164394	0.196234	0.238335	0.295224	0.3665	0.440709	0.521085	0.58986	0.634932	0.664682	0.69878	0.728674	0.74228	0.739958	0.734398	0.727645	0.715305	0.680312	0.626528	0.565794	0.512633	0.466066	0.419152	0.364609	0.31272	0.261304	0.220071	0.21179	0.253415	0.331485	0.431603	0.539617	0.635951	0.703723	0.745264	0.764019	0.798744	0.846056	0.873203	0.873493	0.838443	0.756293	0.632552	0.4616	0.253807	0.0237586	-0.230588	-0.490128	-0.733413	-0.932868	-1.06994	-1.14247	-1.15991	-1.12868	-1.0679	-0.994067	-0.918011	-0.831322	-0.738059	-0.648211	-0.554668	-0.469788	-0.396648	-0.343229	-0.304	-0.265004	-0.238133	-0.218059	-0.187944	-0.163637	-0.145843	-0.12164	-0.105152	-0.0927122	-0.0766996	-0.0563657	-0.0328535	-0.00767433	0.0139905	0.0201241	0.0155608	0	
0	0.070984	0.145686	0.229182	0.32533	0.437491	0.575808	0.726845	0.846852	0.887508	0.84721	0.746972	0.607216	0.458131	0.334176	0.257406	0.211688	0.197221	0.204596	0.227951	0.260147	0.305478	0.36303	0.424133	0.492256	0.550236	0.582458	0.598886	0.617268	0.636125	0.640605	0.632494	0.61879	0.598855	0.567586	0.509433	0.432239	0.352189	0.282651	0.225413	0.172214	0.11707	0.0739271	0.0374942	0.0171051	0.0309373	0.0899096	0.178346	0.278118	0.373836	0.451643	0.499953	0.522311	0.530494	0.559139	0.607803	0.641773	0.654823	0.639843	0.592019	0.514779	0.40012	0.252941	0.0735442	-0.138459	-0.365919	-0.589418	-0.784764	-0.924258	-1.00317	-1.03606	-1.02675	-0.991221	-0.946383	-0.904074	-0.848004	-0.781135	-0.719341	-0.655303	-0.593037	-0.534235	-0.487695	-0.447596	-0.407862	-0.380155	-0.358518	-0.327559	-0.298498	-0.274473	-0.243378	-0.218004	-0.196137	-0.167603	-0.133386	-0.0957602	-0.056548	-0.0232302	-0.0053204	0.00269278	0	
0	0.0208783	0.0532964	0.106545	0.186875	0.297739	0.447526	0.621249	0.770584	0.84721	0.841655	0.770974	0.646886	0.496924	0.35962	0.261412	0.197905	0.168118	0.168157	0.185752	0.211339	0.245747	0.289585	0.336148	0.389892	0.43257	0.452631	0.456571	0.46697	0.478481	0.477848	0.460863	0.435615	0.401489	0.35627	0.28662	0.199644	0.1082	0.0267274	-0.0455295	-0.109009	-0.164696	-0.199028	-0.213974	-0.208733	-0.172573	-0.0963097	-0.00131554	0.092912	0.175822	0.234286	0.262151	0.269276	0.265127	0.287133	0.334257	0.374264	0.399832	0.411899	0.406553	0.386532	0.34125	0.266123	0.156839	0.000692123	-0.187962	-0.386208	-0.562538	-0.696633	-0.784953	-0.831631	-0.842756	-0.831715	-0.811866	-0.791254	-0.766296	-0.743888	-0.729727	-0.712627	-0.687991	-0.655526	-0.623577	-0.589315	-0.549067	-0.516928	-0.490239	-0.453577	-0.42197	-0.395868	-0.361205	-0.32942	-0.294457	-0.251696	-0.207675	-0.165143	-0.125853	-0.0909271	-0.061178	-0.0294928	0	
0	-0.0330086	-0.0460774	-0.0237217	0.037672	0.142435	0.293892	0.477403	0.644899	0.746972	0.770974	0.723132	0.610583	0.456906	0.304976	0.188852	0.108585	0.066285	0.056444	0.067112	0.0863057	0.113105	0.147415	0.183768	0.223272	0.254078	0.264498	0.265515	0.274127	0.284917	0.278966	0.254341	0.216844	0.173595	0.1202	0.0459033	-0.0473491	-0.146523	-0.240728	-0.322548	-0.392126	-0.4433	-0.463715	-0.458519	-0.431571	-0.375501	-0.288412	-0.188985	-0.0982422	-0.0294399	0.0112735	0.0218973	0.010772	-0.00486689	0.00932449	0.05353	0.100927	0.146815	0.191731	0.236641	0.28022	0.304622	0.29858	0.248804	0.149011	0.00906136	-0.152307	-0.310136	-0.436327	-0.523697	-0.581499	-0.606441	-0.606017	-0.596927	-0.59939	-0.60857	-0.624943	-0.656828	-0.689046	-0.710818	-0.717393	-0.713792	-0.697586	-0.666065	-0.632938	-0.601115	-0.563696	-0.532031	-0.506603	-0.472418	-0.43339	-0.389676	-0.340148	-0.292592	-0.251471	-0.212296	-0.17096	-0.123965	-0.0641886	0	
0	-0.0837518	-0.139071	-0.148982	-0.107528	-0.0152318	0.131643	0.31566	0.490612	0.607216	0.646886	0.610583	0.502006	0.34507	0.186948	0.061468	-0.0271058	-0.0812354	-0.103159	-0.10241	-0.0899026	-0.0674783	-0.037699	-0.00711773	0.0261077	0.0511798	0.06194	0.064651	0.0733854	0.0794484	0.0676494	0.0353428	-0.00619138	-0.0536529	-0.11044	-0.189612	-0.288495	-0.393397	-0.488209	-0.568549	-0.629615	-0.668831	-0.677935	-0.660646	-0.62357	-0.561725	-0.470486	-0.369984	-0.284537	-0.224715	-0.199252	-0.206529	-0.233509	-0.26089	-0.25504	-0.209509	-0.146853	-0.0749448	0.0107691	0.107638	0.206411	0.288528	0.33835	0.342155	0.288198	0.187831	0.0611785	-0.066366	-0.176335	-0.260842	-0.313578	-0.336328	-0.33936	-0.341254	-0.356184	-0.387397	-0.439636	-0.510289	-0.585462	-0.64949	-0.698712	-0.734716	-0.747987	-0.737184	-0.716271	-0.690571	-0.657113	-0.627381	-0.598969	-0.560466	-0.519553	-0.475657	-0.429811	-0.387329	-0.343721	-0.294091	-0.235776	-0.166272	-0.0850358	0	
0	-0.122362	-0.212912	-0.2508	-0.231777	-0.152644	-0.0141607	0.166671	0.340564	0.458131	0.496924	0.456906	0.34507	0.189083	0.0351279	-0.0861956	-0.174157	-0.234722	-0.266726	-0.276128	-0.269752	-0.251713	-0.22584	-0.195379	-0.162152	-0.133122	-0.119041	-0.117169	-0.11725	-0.123392	-0.144392	-0.177298	-0.217488	-0.261546	-0.321041	-0.403801	-0.505173	-0.605235	-0.689322	-0.7509	-0.792994	-0.813345	-0.809898	-0.786842	-0.751149	-0.695185	-0.615333	-0.525872	-0.448491	-0.398773	-0.381648	-0.395724	-0.431174	-0.46465	-0.461865	-0.414711	-0.337454	-0.236893	-0.113789	0.0266053	0.170106	0.293896	0.379631	0.41504	0.396732	0.33105	0.233125	0.126257	0.0364068	-0.0243259	-0.0586471	-0.067217	-0.0599765	-0.0600595	-0.0875053	-0.142235	-0.217367	-0.314124	-0.42208	-0.526411	-0.6188	-0.692446	-0.739421	-0.755841	-0.753977	-0.741582	-0.717284	-0.688747	-0.65766	-0.620159	-0.581574	-0.545293	-0.507111	-0.463839	-0.411723	-0.345414	-0.267964	-0.18291	-0.0912916	0	
0	-0.145222	-0.258328	-0.319367	-0.318146	-0.251488	-0.117709	0.058409	0.226901	0.334176	0.35962	0.304976	0.186948	0.0351279	-0.106591	-0.216378	-0.297223	-0.358545	-0.398605	-0.418821	-0.423979	-0.416729	-0.397297	-0.365369	-0.324245	-0.285615	-0.266806	-0.268177	-0.281584	-0.30196	-0.330289	-0.36545	-0.40447	-0.451348	-0.514857	-0.598061	-0.692029	-0.775016	-0.833617	-0.867848	-0.881762	-0.878655	-0.86069	-0.832696	-0.802151	-0.759577	-0.698463	-0.625009	-0.560818	-0.519098	-0.507537	-0.523985	-0.560679	-0.588957	-0.580976	-0.522938	-0.4259	-0.302726	-0.155558	0.00869092	0.172103	0.315352	0.422244	0.478268	0.476195	0.423611	0.340342	0.252355	0.183848	0.148321	0.147628	0.168862	0.192928	0.195139	0.164181	0.100218	0.00621391	-0.112295	-0.244497	-0.37239	-0.48798	-0.586185	-0.658344	-0.705397	-0.734365	-0.744412	-0.736171	-0.713949	-0.682849	-0.649511	-0.617084	-0.585012	-0.546449	-0.496075	-0.431138	-0.352606	-0.267308	-0.178313	-0.0883713	0	
0	-0.15067	-0.272596	-0.34494	-0.35452	-0.292788	-0.162035	0.00977419	0.166278	0.257406	0.261412	0.188852	0.061468	-0.0861956	-0.216378	-0.313491	-0.382428	-0.438153	-0.480162	-0.510794	-0.531024	-0.538454	-0.529084	-0.496103	-0.449035	-0.40476	-0.38375	-0.389249	-0.410007	-0.438491	-0.472124	-0.511205	-0.557664	-0.611752	-0.680296	-0.75971	-0.839965	-0.901297	-0.933396	-0.938183	-0.923266	-0.892204	-0.853633	-0.813789	-0.780589	-0.744678	-0.696976	-0.639187	-0.587539	-0.557618	-0.553106	-0.572083	-0.604238	-0.621519	-0.597822	-0.522986	-0.40769	-0.268182	-0.11094	0.0568177	0.218199	0.359089	0.460132	0.510916	0.506762	0.454526	0.375483	0.301368	0.259912	0.261624	0.297813	0.347493	0.390852	0.402484	0.373278	0.302537	0.200116	0.0737791	-0.0660622	-0.201594	-0.326005	-0.434476	-0.526413	-0.600326	-0.656835	-0.691246	-0.702154	-0.694209	-0.673712	-0.648577	-0.617558	-0.580507	-0.533358	-0.474015	-0.405093	-0.328443	-0.24857	-0.166297	-0.0832018	0	
0	-0.145627	-0.265111	-0.339024	-0.349323	-0.289347	-0.160926	-0.000594227	0.14067	0.211688	0.197905	0.108585	-0.0271058	-0.174157	-0.297223	-0.382428	-0.436611	-0.478714	-0.515578	-0.551629	-0.581783	-0.601272	-0.600083	-0.570536	-0.526064	-0.482305	-0.461976	-0.462826	-0.481956	-0.511809	-0.551776	-0.603275	-0.664225	-0.731622	-0.806284	-0.880819	-0.946925	-0.985363	-0.990582	-0.966817	-0.923354	-0.868054	-0.810044	-0.757139	-0.71637	-0.674741	-0.628632	-0.573682	-0.526537	-0.504369	-0.509635	-0.53381	-0.569001	-0.576984	-0.539662	-0.448891	-0.316404	-0.165404	-0.00744046	0.150167	0.29423	0.411303	0.487723	0.511581	0.483109	0.41661	0.341405	0.289496	0.281933	0.323137	0.393925	0.468962	0.528155	0.549218	0.527869	0.46361	0.36479	0.241764	0.108265	-0.0226771	-0.147215	-0.263302	-0.370555	-0.465165	-0.541418	-0.590972	-0.621562	-0.631283	-0.623364	-0.60704	-0.572437	-0.527843	-0.475173	-0.414694	-0.353945	-0.289008	-0.221165	-0.150162	-0.0757063	0	
0	-0.131854	-0.238753	-0.301372	-0.303468	-0.240241	-0.120087	0.0237278	0.142802	0.197221	0.168118	0.066285	-0.0812354	-0.234722	-0.358545	-0.438153	-0.478714	-0.504149	-0.529329	-0.558272	-0.586137	-0.60475	-0.609046	-0.588644	-0.554825	-0.519296	-0.497126	-0.490586	-0.503389	-0.535479	-0.58486	-0.650179	-0.726215	-0.805996	-0.887419	-0.960134	-1.01364	-1.03225	-1.01134	-0.960717	-0.893253	-0.816005	-0.741881	-0.676363	-0.622259	-0.570234	-0.51503	-0.453064	-0.401067	-0.378502	-0.385752	-0.416993	-0.454449	-0.460104	-0.417683	-0.320682	-0.183115	-0.0315414	0.118758	0.26029	0.376519	0.461284	0.496288	0.479114	0.415667	0.329067	0.254237	0.221921	0.245552	0.318645	0.422657	0.526926	0.610956	0.653109	0.651814	0.603917	0.517214	0.407115	0.28446	0.156835	0.0261629	-0.100857	-0.218833	-0.3202	-0.400592	-0.45626	-0.498282	-0.524406	-0.530009	-0.52136	-0.490647	-0.446036	-0.39602	-0.342894	-0.291084	-0.240358	-0.186573	-0.127308	-0.0665543	0	
0	-0.113079	-0.199975	-0.24404	-0.230583	-0.165328	-0.0554613	0.0649849	0.164394	0.204596	0.168157	0.056444	-0.103159	-0.266726	-0.398605	-0.480162	-0.515578	-0.529329	-0.538941	-0.55411	-0.566991	-0.580447	-0.590678	-0.58496	-0.566828	-0.537689	-0.513928	-0.498757	-0.507696	-0.541902	-0.596562	-0.668831	-0.752321	-0.841504	-0.929807	-1.0029	-1.04831	-1.04939	-1.0072	-0.933855	-0.843478	-0.748796	-0.658798	-0.581323	-0.517321	-0.450568	-0.382629	-0.307951	-0.242089	-0.211907	-0.219943	-0.25203	-0.293583	-0.297612	-0.251057	-0.15391	-0.0210203	0.120557	0.253267	0.367438	0.454163	0.501078	0.495831	0.437018	0.338099	0.228615	0.143952	0.113903	0.147526	0.24261	0.372749	0.511291	0.636268	0.718129	0.750783	0.728669	0.662065	0.565272	0.451635	0.322782	0.186923	0.0594817	-0.0562647	-0.154857	-0.235319	-0.295427	-0.349225	-0.385699	-0.400944	-0.40539	-0.385732	-0.357189	-0.320766	-0.273755	-0.230417	-0.185202	-0.139535	-0.0957035	-0.0490128	0	
0	-0.089759	-0.153788	-0.175731	-0.14814	-0.0801676	0.0153804	0.115824	0.196234	0.227951	0.185752	0.067112	-0.10241	-0.276128	-0.418821	-0.510794	-0.551629	-0.558272	-0.55411	-0.54887	-0.546782	-0.55454	-0.574148	-0.584586	-0.579599	-0.55886	-0.538303	-0.524737	-0.535697	-0.570366	-0.62196	-0.688131	-0.767048	-0.853325	-0.938984	-1.00676	-1.04192	-1.03132	-0.97476	-0.885572	-0.781418	-0.67233	-0.571855	-0.486373	-0.408754	-0.326638	-0.241719	-0.151615	-0.0765443	-0.0442285	-0.0517705	-0.0876738	-0.125387	-0.120428	-0.0680825	0.0275437	0.149616	0.274142	0.383457	0.471757	0.524904	0.537082	0.491794	0.394423	0.261	0.124845	0.0242142	-0.0156844	0.015587	0.114722	0.267363	0.443027	0.609902	0.735515	0.811423	0.83007	0.792037	0.711316	0.603911	0.475448	0.342082	0.221873	0.117086	0.0255682	-0.0562555	-0.122649	-0.183483	-0.2276	-0.250234	-0.265577	-0.265285	-0.2561	-0.239504	-0.210196	-0.175572	-0.139885	-0.100708	-0.0630975	-0.0334591	0	
0	-0.0620452	-0.101256	-0.105055	-0.0653824	0.00182588	0.0879447	0.171333	0.238335	0.260147	0.211339	0.0863057	-0.0899026	-0.269752	-0.423979	-0.531024	-0.581783	-0.586137	-0.566991	-0.546782	-0.532374	-0.539104	-0.565012	-0.585788	-0.590981	-0.582324	-0.576643	-0.576439	-0.595268	-0.630457	-0.673834	-0.727053	-0.788351	-0.856845	-0.92212	-0.970482	-0.988066	-0.961895	-0.892578	-0.794438	-0.682642	-0.572751	-0.470586	-0.380345	-0.29346	-0.194747	-0.0964993	-0.00315126	0.0704137	0.0986247	0.0862762	0.0553327	0.0270957	0.0413211	0.0990382	0.188276	0.294842	0.402188	0.494682	0.558798	0.58489	0.559333	0.473448	0.338875	0.174696	0.016914	-0.10081	-0.150799	-0.123942	-0.0167238	0.151114	0.35054	0.550106	0.713838	0.833652	0.895606	0.89362	0.837428	0.746221	0.624512	0.496428	0.385895	0.287864	0.198392	0.116207	0.049741	-0.0114822	-0.0580304	-0.089213	-0.11738	-0.130126	-0.140012	-0.143342	-0.132836	-0.120715	-0.0984696	-0.0676871	-0.0412072	-0.019406	0	
0	-0.0298403	-0.0451393	-0.0333368	0.0132988	0.0831607	0.164438	0.239943	0.295224	0.305478	0.245747	0.113105	-0.0674783	-0.251713	-0.416729	-0.538454	-0.601272	-0.60475	-0.580447	-0.55454	-0.539104	-0.544986	-0.571517	-0.595862	-0.609819	-0.618443	-0.634268	-0.651928	-0.680632	-0.716368	-0.752945	-0.789075	-0.826324	-0.863356	-0.89443	-0.909374	-0.895091	-0.843136	-0.756262	-0.648911	-0.539746	-0.436198	-0.33919	-0.251182	-0.15868	-0.0558803	0.0393566	0.122028	0.1827	0.20234	0.19305	0.168551	0.150218	0.171317	0.2279	0.308706	0.40264	0.498758	0.575284	0.616478	0.609461	0.548969	0.430287	0.268464	0.0841873	-0.0888745	-0.21747	-0.276899	-0.251761	-0.140543	0.038946	0.257579	0.479971	0.673535	0.826958	0.92647	0.958169	0.928145	0.861603	0.764564	0.656382	0.553514	0.453695	0.359667	0.276373	0.213179	0.15632	0.108146	0.0691369	0.0317637	0.00630801	-0.0151171	-0.0316626	-0.0375487	-0.0408956	-0.0395486	-0.0281133	-0.0167555	-0.0109165	0	
0	0.0021127	0.0092815	0.0334781	0.087537	0.16314	0.247153	0.3203	0.3665	0.36303	0.289585	0.147415	-0.037699	-0.22584	-0.397297	-0.529084	-0.600083	-0.609046	-0.590678	-0.574148	-0.565012	-0.571517	-0.595966	-0.625287	-0.65234	-0.682361	-0.720806	-0.756048	-0.793677	-0.830191	-0.857001	-0.872778	-0.877468	-0.874448	-0.859513	-0.826717	-0.768452	-0.682862	-0.577162	-0.467173	-0.363665	-0.269243	-0.179428	-0.0952467	-0.00936869	0.082845	0.161548	0.222313	0.264921	0.277936	0.26774	0.247323	0.234011	0.255843	0.312597	0.389688	0.475078	0.558174	0.616198	0.629448	0.592915	0.503943	0.366	0.195749	0.0041575	-0.178246	-0.317255	-0.382448	-0.359414	-0.246281	-0.0588254	0.173432	0.413481	0.627997	0.804817	0.926238	0.976419	0.971715	0.940956	0.87811	0.794952	0.706845	0.61272	0.519291	0.435388	0.371426	0.314378	0.264566	0.222392	0.181425	0.148832	0.116979	0.0909594	0.0757105	0.0569802	0.0377462	0.0235611	0.00898419	-0.000555996	0	
0	0.0274813	0.0532035	0.0895696	0.154029	0.239011	0.32918	0.402119	0.440709	0.424133	0.336148	0.183768	-0.00711773	-0.195379	-0.365369	-0.496103	-0.570536	-0.588644	-0.58496	-0.584586	-0.585788	-0.595862	-0.625287	-0.668422	-0.715767	-0.770208	-0.830566	-0.883809	-0.92897	-0.961959	-0.974534	-0.963599	-0.931762	-0.881721	-0.810294	-0.72044	-0.611433	-0.491295	-0.368995	-0.254016	-0.152528	-0.0651491	0.0144923	0.0807278	0.144458	0.21203	0.267375	0.305957	0.332935	0.336651	0.321782	0.29654	0.278877	0.295683	0.349507	0.422645	0.498912	0.569267	0.60936	0.600269	0.543649	0.443438	0.3023	0.128854	-0.0659394	-0.250447	-0.392268	-0.459928	-0.434607	-0.316988	-0.126981	0.110403	0.3599	0.583553	0.764332	0.892268	0.959358	0.978889	0.977415	0.947987	0.892686	0.824046	0.745642	0.66482	0.588355	0.524293	0.467913	0.419605	0.377751	0.338545	0.301374	0.260102	0.223512	0.194071	0.158606	0.120445	0.0863915	0.0517521	0.0211001	0	
0	0.0451569	0.0867222	0.141022	0.221159	0.320836	0.416254	0.489559	0.521085	0.492256	0.389892	0.223272	0.0261077	-0.162152	-0.324245	-0.449035	-0.526064	-0.554825	-0.566828	-0.579599	-0.590981	-0.609819	-0.65234	-0.715767	-0.786896	-0.865962	-0.952379	-1.02619	-1.08103	-1.10963	-1.10675	-1.06904	-0.998078	-0.892204	-0.757302	-0.60425	-0.445617	-0.291624	-0.148121	-0.0196593	0.0854383	0.167189	0.226756	0.265485	0.298251	0.336451	0.365665	0.380668	0.38591	0.376214	0.353771	0.32327	0.301479	0.312984	0.36057	0.423376	0.485102	0.539747	0.566284	0.550237	0.493158	0.393792	0.25326	0.0781965	-0.122252	-0.314434	-0.455083	-0.513098	-0.47723	-0.356017	-0.164224	0.0735507	0.316722	0.533867	0.712258	0.846545	0.927063	0.967681	0.989294	0.97677	0.936183	0.887458	0.835364	0.77968	0.721355	0.667426	0.616451	0.569726	0.528398	0.491176	0.45585	0.415128	0.370477	0.322951	0.266519	0.209247	0.160571	0.11017	0.0542312	0	
0	0.0529469	0.108208	0.18145	0.282853	0.395188	0.494778	0.565192	0.58986	0.550236	0.43257	0.254078	0.0511798	-0.133122	-0.285615	-0.40476	-0.482305	-0.519296	-0.537689	-0.55886	-0.582324	-0.618443	-0.682361	-0.770208	-0.865962	-0.974047	-1.08721	-1.18427	-1.24595	-1.26863	-1.24865	-1.18231	-1.06611	-0.9032	-0.706134	-0.500266	-0.299838	-0.112749	0.0584412	0.206181	0.32079	0.395447	0.435715	0.448326	0.449235	0.453117	0.449374	0.43046	0.408703	0.385919	0.358472	0.327083	0.304484	0.308831	0.347933	0.401106	0.451475	0.495787	0.520543	0.507597	0.455279	0.361141	0.222	0.0425151	-0.161705	-0.348832	-0.483528	-0.537192	-0.497834	-0.373799	-0.180851	0.0538099	0.291564	0.495619	0.660078	0.790809	0.880927	0.934349	0.963797	0.96584	0.944364	0.918065	0.892885	0.863948	0.829973	0.794617	0.758209	0.714998	0.668517	0.629379	0.593138	0.55182	0.50626	0.452211	0.386341	0.319414	0.25393	0.178524	0.0921199	0	
0	0.0547139	0.118892	0.211048	0.329827	0.453116	0.552416	0.618092	0.634932	0.582458	0.452631	0.264498	0.06194	-0.119041	-0.266806	-0.38375	-0.461976	-0.497126	-0.513928	-0.538303	-0.576643	-0.634268	-0.720806	-0.830566	-0.952379	-1.08721	-1.22864	-1.3448	-1.41375	-1.42908	-1.39013	-1.28853	-1.126	-0.906958	-0.659225	-0.408595	-0.171661	0.0458596	0.23784	0.397284	0.510112	0.576562	0.601628	0.593483	0.56825	0.541194	0.504662	0.457531	0.412692	0.374591	0.339142	0.302071	0.271971	0.273311	0.312556	0.366596	0.416879	0.461655	0.487246	0.479261	0.432939	0.340725	0.202523	0.0233981	-0.176155	-0.361566	-0.493486	-0.543392	-0.49942	-0.372369	-0.181265	0.0465192	0.270667	0.463778	0.621259	0.746831	0.832942	0.88253	0.913411	0.929047	0.932309	0.935458	0.937569	0.931403	0.917518	0.898259	0.873478	0.839384	0.798812	0.760405	0.720104	0.671002	0.61791	0.560834	0.493021	0.414881	0.325866	0.22254	0.111053	0	
0	0.0589991	0.133227	0.239884	0.372087	0.501611	0.599531	0.659525	0.664682	0.598886	0.456571	0.265515	0.064651	-0.117169	-0.268177	-0.389249	-0.462826	-0.490586	-0.498757	-0.524737	-0.576439	-0.651928	-0.756048	-0.883809	-1.02619	-1.18427	-1.3448	-1.47631	-1.54732	-1.55104	-1.48481	-1.34676	-1.14149	-0.880286	-0.592196	-0.304784	-0.0402067	0.19324	0.389137	0.542294	0.647366	0.704944	0.714968	0.690242	0.64234	0.592116	0.53914	0.478045	0.417752	0.36692	0.31765	0.267055	0.229456	0.22536	0.262728	0.317844	0.371298	0.418182	0.453149	0.458454	0.417662	0.325518	0.181925	-0.0016785	-0.202204	-0.380596	-0.502863	-0.543884	-0.493667	-0.365244	-0.173596	0.0480484	0.262996	0.445167	0.596095	0.71816	0.799217	0.844019	0.872409	0.898822	0.919633	0.94104	0.964319	0.98031	0.985582	0.98203	0.972402	0.950249	0.919216	0.88206	0.829131	0.763053	0.695032	0.625447	0.547622	0.456172	0.349489	0.232697	0.114334	0	
0	0.0736107	0.162242	0.280246	0.420664	0.552773	0.651192	0.704365	0.69878	0.617268	0.46697	0.274127	0.0733854	-0.11725	-0.281584	-0.410007	-0.481956	-0.503389	-0.507696	-0.535697	-0.595268	-0.680632	-0.793677	-0.92897	-1.08103	-1.24595	-1.41375	-1.54732	-1.61116	-1.59348	-1.49944	-1.33472	-1.10651	-0.820344	-0.504722	-0.193579	0.0819906	0.312831	0.49756	0.639491	0.734022	0.777865	0.771326	0.728236	0.667314	0.613344	0.560919	0.501027	0.434718	0.370856	0.307984	0.249106	0.20009	0.188399	0.217471	0.266843	0.320261	0.374845	0.422378	0.438645	0.401748	0.304026	0.152939	-0.037997	-0.237785	-0.413069	-0.531151	-0.563069	-0.499255	-0.358533	-0.169814	0.0403237	0.25091	0.438123	0.593918	0.712663	0.789828	0.832706	0.861117	0.892983	0.920444	0.948991	0.983147	1.01349	1.03531	1.04779	1.05083	1.04127	1.01487	0.969896	0.906475	0.825704	0.739973	0.648591	0.545891	0.439822	0.330568	0.22038	0.111273	0	
0	0.0978633	0.204008	0.330408	0.471087	0.602263	0.697815	0.746115	0.728674	0.636125	0.478481	0.284917	0.0794484	-0.123392	-0.30196	-0.438491	-0.511809	-0.535479	-0.541902	-0.570366	-0.630457	-0.716368	-0.830191	-0.961959	-1.10963	-1.26863	-1.42908	-1.55104	-1.59348	-1.54998	-1.43638	-1.2639	-1.03288	-0.738568	-0.41493	-0.10215	0.162337	0.377258	0.548589	0.679437	0.760786	0.790549	0.768355	0.71931	0.663267	0.618696	0.577032	0.521315	0.449642	0.376736	0.309511	0.246208	0.193059	0.172215	0.188947	0.23115	0.287399	0.348393	0.402821	0.424691	0.382201	0.275412	0.114495	-0.0800508	-0.279078	-0.450542	-0.558398	-0.578202	-0.508883	-0.370033	-0.179253	0.0377867	0.25514	0.445814	0.602639	0.717831	0.792321	0.837105	0.86812	0.901191	0.928304	0.957837	0.995548	1.03428	1.06636	1.09133	1.10605	1.09937	1.06885	1.01457	0.943151	0.858227	0.759629	0.646152	0.525162	0.408531	0.301019	0.202362	0.102321	0	
0	0.125605	0.250939	0.381464	0.517046	0.638229	0.727267	0.767319	0.74228	0.640605	0.477848	0.278966	0.0676494	-0.144392	-0.330289	-0.472124	-0.551776	-0.58486	-0.596562	-0.62196	-0.673834	-0.752945	-0.857001	-0.974534	-1.10675	-1.24865	-1.39013	-1.48481	-1.49944	-1.43638	-1.31925	-1.15932	-0.942276	-0.664171	-0.35929	-0.070002	0.171121	0.370586	0.532805	0.653861	0.725052	0.745298	0.72136	0.680583	0.63737	0.607466	0.573443	0.522906	0.45193	0.380063	0.315075	0.256864	0.199503	0.172631	0.182856	0.225903	0.291189	0.35878	0.412587	0.423346	0.364379	0.242532	0.0746546	-0.120104	-0.31302	-0.473482	-0.571959	-0.585561	-0.511354	-0.366674	-0.173918	0.0447253	0.270984	0.467262	0.618465	0.723519	0.792794	0.838666	0.871222	0.904388	0.933199	0.962983	0.999971	1.03654	1.06925	1.10173	1.11744	1.10981	1.07858	1.02121	0.952058	0.864072	0.757845	0.640811	0.519432	0.406246	0.297458	0.194377	0.0968469	0	
0	0.152608	0.297508	0.432443	0.559588	0.664666	0.740698	0.771209	0.739958	0.632494	0.460863	0.254341	0.0353428	-0.177298	-0.36545	-0.511205	-0.603275	-0.650179	-0.668831	-0.688131	-0.727053	-0.789075	-0.872778	-0.963599	-1.06904	-1.18231	-1.28853	-1.34676	-1.33472	-1.2639	-1.15932	-1.02479	-0.844967	-0.612198	-0.353846	-0.104879	0.111057	0.295438	0.447696	0.560972	0.6283	0.65171	0.641156	0.61555	0.591315	0.573888	0.549546	0.505666	0.443222	0.376768	0.321866	0.271781	0.220335	0.197739	0.212622	0.264965	0.337255	0.403085	0.442135	0.433156	0.354636	0.220022	0.0436386	-0.153114	-0.340785	-0.492357	-0.577882	-0.577997	-0.497862	-0.349657	-0.151166	0.0737055	0.298416	0.485619	0.629914	0.729574	0.798995	0.844888	0.873357	0.901844	0.928419	0.957301	0.989149	1.02174	1.05065	1.07389	1.07887	1.06547	1.03785	0.990709	0.929729	0.84661	0.74738	0.643782	0.538757	0.432251	0.319491	0.208205	0.101424	0	
0	0.178188	0.343356	0.487902	0.606762	0.695629	0.753428	0.773347	0.734398	0.61879	0.435615	0.216844	-0.00619138	-0.217488	-0.40447	-0.557664	-0.664225	-0.726215	-0.752321	-0.767048	-0.788351	-0.826324	-0.877468	-0.931762	-0.998078	-1.06611	-1.126	-1.14149	-1.10651	-1.03288	-0.942276	-0.844967	-0.722505	-0.559261	-0.367576	-0.167909	0.0103455	0.16679	0.300113	0.404976	0.475171	0.514464	0.524617	0.524449	0.521732	0.522029	0.507808	0.476324	0.426575	0.374181	0.335191	0.301632	0.263367	0.252405	0.276692	0.334069	0.408403	0.464041	0.481562	0.448232	0.349755	0.198779	0.0113158	-0.187476	-0.370906	-0.511135	-0.582308	-0.573536	-0.486457	-0.328276	-0.119361	0.110223	0.331115	0.511451	0.648867	0.748337	0.817075	0.860609	0.888312	0.907451	0.92541	0.946216	0.969011	0.992078	1.00837	1.01925	1.00668	0.985065	0.962358	0.917526	0.86337	0.795133	0.716354	0.638405	0.55212	0.453976	0.345916	0.23334	0.116689	0	
0	0.200547	0.387654	0.542482	0.660134	0.732195	0.774496	0.778252	0.727645	0.598855	0.401489	0.173595	-0.0536529	-0.261546	-0.451348	-0.611752	-0.731622	-0.805996	-0.841504	-0.853325	-0.856845	-0.863356	-0.874448	-0.881721	-0.892204	-0.9032	-0.906958	-0.880286	-0.820344	-0.738568	-0.664171	-0.612198	-0.559261	-0.4774	-0.355735	-0.221001	-0.0966451	0.014627	0.117544	0.207277	0.27882	0.328495	0.365315	0.392779	0.419626	0.44392	0.45091	0.438891	0.412827	0.380631	0.35952	0.342651	0.319871	0.321609	0.354652	0.418132	0.485928	0.524416	0.517981	0.458183	0.337677	0.172074	-0.0240225	-0.225448	-0.404292	-0.535014	-0.599144	-0.582548	-0.484202	-0.310142	-0.0892001	0.143551	0.363836	0.544264	0.687035	0.791058	0.859658	0.898838	0.918575	0.929558	0.936755	0.943049	0.949846	0.954278	0.949087	0.936762	0.909984	0.883601	0.855922	0.811167	0.763753	0.711107	0.655646	0.595222	0.51954	0.433514	0.338579	0.234522	0.120104	0	
0	0.221931	0.427373	0.596576	0.713409	0.778686	0.803371	0.788896	0.715305	0.567586	0.35627	0.1202	-0.11044	-0.321041	-0.514857	-0.680296	-0.806284	-0.887419	-0.929807	-0.938984	-0.92212	-0.89443	-0.859513	-0.810294	-0.757302	-0.706134	-0.659225	-0.592196	-0.504722	-0.41493	-0.35929	-0.353846	-0.367576	-0.355735	-0.309982	-0.249517	-0.194941	-0.142735	-0.0832036	-0.0198123	0.0400917	0.101336	0.163586	0.224176	0.28518	0.340061	0.37388	0.389882	0.393102	0.385119	0.38591	0.387026	0.381614	0.396662	0.43958	0.50107	0.558869	0.581781	0.551165	0.466927	0.329658	0.148189	-0.0611623	-0.264763	-0.440081	-0.567283	-0.623842	-0.596524	-0.48432	-0.29548	-0.0623987	0.179371	0.403565	0.593601	0.746629	0.85573	0.921567	0.955413	0.971698	0.965458	0.951758	0.940295	0.922489	0.898375	0.867726	0.838131	0.801265	0.767137	0.731942	0.682434	0.641157	0.60213	0.554155	0.500467	0.435113	0.360983	0.284258	0.197704	0.0986363	0	
0	0.23861	0.458109	0.63468	0.75444	0.814002	0.824759	0.783794	0.680312	0.509433	0.28662	0.0459033	-0.189612	-0.403801	-0.598061	-0.75971	-0.880819	-0.960134	-1.0029	-1.00676	-0.970482	-0.909374	-0.826717	-0.72044	-0.60425	-0.500266	-0.408595	-0.304784	-0.193579	-0.10215	-0.070002	-0.104879	-0.167909	-0.221001	-0.249517	-0.269144	-0.288411	-0.299232	-0.291455	-0.262921	-0.21424	-0.146042	-0.0596759	0.0322104	0.124082	0.209638	0.27239	0.31692	0.350644	0.371367	0.392866	0.412393	0.427433	0.459274	0.512811	0.576953	0.627416	0.63653	0.590986	0.488397	0.332234	0.135913	-0.0796582	-0.286447	-0.464619	-0.587081	-0.634335	-0.594459	-0.465812	-0.263832	-0.0231099	0.224344	0.457578	0.657042	0.815445	0.928037	0.989232	1.01246	1.0156	0.994163	0.960725	0.923317	0.877182	0.821725	0.765562	0.721202	0.676226	0.633012	0.590168	0.544485	0.508547	0.470059	0.423351	0.374301	0.31846	0.259011	0.200029	0.135608	0.0664583	0	
0	0.252566	0.47993	0.660501	0.780831	0.838325	0.833442	0.763649	0.626528	0.432239	0.199644	-0.0473491	-0.288495	-0.505173	-0.692029	-0.839965	-0.946925	-1.01364	-1.04831	-1.04192	-0.988066	-0.895091	-0.768452	-0.611433	-0.445617	-0.299838	-0.171661	-0.0402067	0.0819906	0.162337	0.171121	0.111057	0.0103455	-0.0966451	-0.194941	-0.288411	-0.376355	-0.452251	-0.496464	-0.498749	-0.461529	-0.385161	-0.27684	-0.158463	-0.0396718	0.0682266	0.152212	0.220406	0.280931	0.326778	0.369346	0.410483	0.450736	0.504715	0.574327	0.642697	0.687583	0.691892	0.637086	0.520348	0.35433	0.149401	-0.0742914	-0.2841	-0.460426	-0.580277	-0.619725	-0.563215	-0.416508	-0.205241	0.0387574	0.288956	0.526164	0.732017	0.891838	0.99668	1.04537	1.05548	1.04089	0.995125	0.93451	0.871239	0.79724	0.717264	0.64685	0.588813	0.532694	0.482032	0.438383	0.40087	0.367661	0.326831	0.282322	0.243299	0.200882	0.154146	0.113286	0.0736589	0.0336034	0	
0	0.264334	0.496854	0.677915	0.797474	0.850776	0.829608	0.732498	0.565794	0.352189	0.1082	-0.146523	-0.393397	-0.605235	-0.775016	-0.901297	-0.985363	-1.03225	-1.04939	-1.03132	-0.961895	-0.843136	-0.682862	-0.491295	-0.291624	-0.112749	0.0458596	0.19324	0.312831	0.377258	0.370586	0.295438	0.16679	0.014627	-0.142735	-0.299232	-0.452251	-0.584675	-0.671322	-0.69748	-0.666291	-0.581448	-0.456072	-0.318196	-0.188238	-0.0706142	0.0273283	0.110798	0.190107	0.256523	0.318845	0.383226	0.452983	0.529576	0.612351	0.682644	0.726153	0.729229	0.672216	0.551731	0.381831	0.174779	-0.0460765	-0.254256	-0.430293	-0.540093	-0.560447	-0.488194	-0.336306	-0.126881	0.119607	0.379516	0.620501	0.817058	0.961582	1.05271	1.08476	1.06982	1.02887	0.957706	0.867271	0.776048	0.681134	0.589939	0.513179	0.445653	0.381319	0.325054	0.282746	0.250475	0.217814	0.180048	0.145758	0.120276	0.0930963	0.0662858	0.0473991	0.0272978	0.0087732	0	
0	0.275485	0.512926	0.694335	0.810299	0.855358	0.81717	0.698467	0.512633	0.282651	0.0267274	-0.240728	-0.488209	-0.689322	-0.833617	-0.933396	-0.990582	-1.01134	-1.0072	-0.97476	-0.892578	-0.756262	-0.577162	-0.368995	-0.148121	0.0584412	0.23784	0.389137	0.49756	0.548589	0.532805	0.447696	0.300113	0.117544	-0.0832036	-0.291455	-0.496464	-0.671322	-0.788852	-0.831804	-0.805146	-0.71365	-0.582236	-0.442423	-0.315102	-0.195056	-0.093377	-0.00228062	0.0843414	0.16833	0.251788	0.341421	0.432498	0.522801	0.610729	0.682878	0.727923	0.734572	0.682685	0.563275	0.393904	0.192662	-0.0169879	-0.211824	-0.369228	-0.459183	-0.465541	-0.385226	-0.226701	-0.0155282	0.231916	0.489496	0.724438	0.910123	1.03434	1.09814	1.09685	1.04838	0.975566	0.878064	0.761731	0.645934	0.539874	0.444851	0.363625	0.292553	0.229208	0.176019	0.133336	0.0985235	0.0669429	0.0390925	0.0205945	0.00876477	-0.00340619	-0.00841296	-0.00421574	-0.00478459	-0.00695084	0	
0	0.284837	0.528322	0.707791	0.818175	0.847645	0.793838	0.660858	0.466066	0.225413	-0.0455295	-0.322548	-0.568549	-0.7509	-0.867848	-0.938183	-0.966817	-0.960717	-0.933855	-0.885572	-0.794438	-0.648911	-0.467173	-0.254016	-0.0196593	0.206181	0.397284	0.542294	0.639491	0.679437	0.653861	0.560972	0.404976	0.207277	-0.0198123	-0.262921	-0.498749	-0.69748	-0.831804	-0.885417	-0.860375	-0.77551	-0.656806	-0.532231	-0.415594	-0.305707	-0.209707	-0.125434	-0.0342289	0.0671065	0.171174	0.276882	0.377143	0.470662	0.561275	0.639139	0.689126	0.701657	0.653646	0.540252	0.381969	0.19746	0.00693185	-0.166141	-0.296945	-0.358514	-0.340862	-0.244358	-0.0828482	0.126986	0.374121	0.626367	0.843269	0.996402	1.08872	1.1182	1.08375	1.0011	0.892127	0.766772	0.626548	0.498353	0.387833	0.290108	0.204299	0.128989	0.0745305	0.0297053	-0.0133476	-0.046786	-0.0729097	-0.0899306	-0.0915151	-0.0865044	-0.0831357	-0.0718928	-0.0516456	-0.0320667	-0.01506	0	
0	0.291996	0.537862	0.715557	0.812725	0.82584	0.754776	0.616156	0.419152	0.172214	-0.109009	-0.392126	-0.629615	-0.792994	-0.881762	-0.923266	-0.923354	-0.893253	-0.843478	-0.781418	-0.682642	-0.539746	-0.363665	-0.152528	0.0854383	0.32079	0.510112	0.647366	0.734022	0.760786	0.725052	0.6283	0.475171	0.27882	0.0400917	-0.21424	-0.461529	-0.666291	-0.805146	-0.860375	-0.84506	-0.778034	-0.685709	-0.581209	-0.487648	-0.402207	-0.33109	-0.257405	-0.165473	-0.0526924	0.0639522	0.174993	0.275017	0.373061	0.472318	0.556657	0.615031	0.633533	0.594708	0.494773	0.35025	0.184777	0.0212873	-0.120247	-0.215624	-0.242187	-0.196632	-0.0829856	0.0919328	0.309064	0.546976	0.77384	0.954674	1.06868	1.11921	1.11029	1.04157	0.924211	0.787345	0.640004	0.485358	0.348942	0.235338	0.13489	0.0422528	-0.0304132	-0.0819683	-0.125611	-0.161449	-0.187368	-0.199475	-0.202454	-0.192904	-0.168655	-0.143146	-0.117344	-0.0874057	-0.0544925	-0.0239644	0	
0	0.293	0.538393	0.705793	0.790448	0.782144	0.700568	0.557046	0.364609	0.11707	-0.164696	-0.4433	-0.668831	-0.813345	-0.878655	-0.892204	-0.868054	-0.816005	-0.748796	-0.67233	-0.572751	-0.436198	-0.269243	-0.0651491	0.167189	0.395447	0.576562	0.704944	0.777865	0.790549	0.745298	0.65171	0.514464	0.328495	0.101336	-0.146042	-0.385161	-0.581448	-0.71365	-0.77551	-0.778034	-0.741021	-0.674786	-0.599902	-0.540829	-0.491463	-0.443285	-0.382194	-0.298681	-0.188794	-0.0753228	0.0331384	0.132436	0.239432	0.348824	0.450281	0.520676	0.54643	0.518743	0.435334	0.307512	0.163736	0.0300874	-0.071813	-0.121458	-0.110174	-0.0393064	0.0944273	0.280905	0.496779	0.717549	0.910597	1.05067	1.11818	1.12388	1.07207	0.968021	0.826466	0.66827	0.511091	0.354124	0.212576	0.0946165	-0.0117614	-0.109955	-0.184045	-0.238193	-0.284479	-0.314768	-0.320571	-0.309124	-0.294564	-0.269684	-0.235922	-0.19798	-0.153936	-0.115676	-0.0802519	-0.0403894	0	
0	0.290721	0.529498	0.687374	0.756881	0.736304	0.644572	0.501624	0.31272	0.0739271	-0.199028	-0.463715	-0.677935	-0.809898	-0.86069	-0.853633	-0.810044	-0.741881	-0.658798	-0.571855	-0.470586	-0.33919	-0.179428	0.0144923	0.226756	0.435715	0.601628	0.714968	0.771326	0.768355	0.72136	0.641156	0.524617	0.365315	0.163586	-0.0596759	-0.27684	-0.456072	-0.582236	-0.656806	-0.685709	-0.674786	-0.639668	-0.60526	-0.585043	-0.565691	-0.537065	-0.493387	-0.422377	-0.323016	-0.211503	-0.106757	-0.0109595	0.0970399	0.217243	0.331231	0.41523	0.454762	0.439572	0.37018	0.259293	0.14227	0.0437874	-0.0144589	-0.0221804	0.0217092	0.115341	0.260929	0.448608	0.656256	0.850974	1.00937	1.11391	1.14316	1.1064	1.01482	0.884072	0.721242	0.550269	0.387945	0.233309	0.090525	-0.0407937	-0.154983	-0.253264	-0.324754	-0.377916	-0.418937	-0.436214	-0.431089	-0.405319	-0.372485	-0.334285	-0.29292	-0.251227	-0.199794	-0.14889	-0.105237	-0.0576241	0	
