0	0	0	0	0	0	0	0	0	0	0	0	0	0	0	0	0	0	0	0	0	0	0	0	0	0	0	0	0	0	0	0	0	0	0	0	0	0	0	0	0	0	0	0	0	0	0	0	0	0	0	0	0	0	0	0	0	0	0	0	0	0	0	0	0	0	0	0	0	0	0	0	0	0	0	0	0	0	0	0	0	0	0	0	0	0	0	0	0	0	0	0	0	0	0	0	0	0	0	0	
0	0.00325769	0.000369023	0.000464405	0.00448384	-0.00493846	-0.000108421	0.00148716	-0.00231865	0.00223046	-0.00474727	-0.00235348	0.0011759	0.00117359	-0.00159366	-0.00191815	0.00319889	0.00061012	-0.00133142	0.00424436	-0.000701452	-0.000917455	0.00170992	0.00237678	-0.0012748	-0.00164555	0.00119022	0.0023725	-0.00147111	-0.00455669	0.00186595	0.00360164	-0.00219594	-0.0056643	9.11888e-05	0.00232932	0.0027562	-0.0031964	-0.00642426	-0.00523415	0.0050958	0.00715865	-0.002089	-0.0112521	-0.0136232	-0.00811369	0.00025826	0.00757165	0.0122966	-0.00583672	-0.0258892	-0.0501199	-0.0605709	-0.0591887	-0.0543283	-0.0295265	0.00527747	0.0455679	0.0806275	0.104833	0.114148	0.121592	0.120306	0.0976149	0.06448	0.012131	-0.0475496	-0.0985772	-0.136837	-0.150726	-0.144852	-0.12278	-0.0815596	-0.0237899	0.0353978	0.0785396	0.108991	0.124176	0.120029	0.112212	0.0985612	0.0671839	0.0272531	-0.0105694	-0.0397652	-0.0562674	-0.0627855	-0.0560421	-0.0356637	-0.0147483	0.00104833	0.0123252	0.0115574	-0.000872256	-0.0124944	-0.0161399	-0.00853047	0.00809556	0.0147681	0	
0	0.000369023	-0.00557675	7.29758e-05	-0.00044313	-0.0033638	0.00706373	-0.00306738	-0.00280906	0.00532696	-9.01649e-05	0.00162168	9.91196e-05	-0.00211058	-0.00211763	0.000708282	0.00127837	-0.00742942	-0.00450741	0.00376715	-0.0053663	-0.00498217	-0.00188807	0.00243849	-0.00724722	-0.00312928	-0.00177482	0.00332208	-0.005579	-0.00926984	0.00199142	0.00377612	-0.00513574	-0.0134026	-0.000613655	0.000379558	0.00305033	-0.0102975	-0.0149519	-0.0132428	0.00585391	0.00887755	-0.00793406	-0.025835	-0.0274603	-0.0180133	0.000975505	0.0165293	0.0223683	-0.00590864	-0.0524082	-0.0927192	-0.117494	-0.11762	-0.105043	-0.0612186	0.00791806	0.0886644	0.160058	0.206689	0.233307	0.247772	0.235776	0.196002	0.126222	0.0151223	-0.0953276	-0.190553	-0.269142	-0.30245	-0.292852	-0.243451	-0.156595	-0.0471728	0.0633144	0.153022	0.219616	0.248309	0.23772	0.222738	0.196936	0.135532	0.0559687	-0.0194412	-0.0774714	-0.110771	-0.123711	-0.110749	-0.0721377	-0.0312362	0.00105033	0.0234972	0.0218879	-0.00171344	-0.0236945	-0.0305896	-0.016287	0.0145831	0.0269502	0	
0	0.000464405	7.29758e-05	0.000985638	0.00124255	-0.00407077	0.00340108	-0.00173792	-0.00428739	0.00249848	-0.00438157	-0.00085845	0.000238553	0.00212323	-0.00218209	-0.00278707	0.00408794	-0.00226502	-0.00145408	0.00526031	-0.00367474	-0.00329679	0.00127937	0.00280449	-0.00586593	-0.00376378	-2.5807e-05	0.00310273	-0.00615233	-0.0108076	0.00285211	0.00479268	-0.00765691	-0.0147037	-0.00148814	0.00316045	0.00253175	-0.0110719	-0.0194812	-0.0134973	0.00981229	0.0130569	-0.00969795	-0.0342682	-0.0361083	-0.0229345	0.00209471	0.0231816	0.0265715	-0.016623	-0.0820358	-0.143212	-0.174516	-0.175631	-0.15209	-0.0831897	0.0186695	0.138833	0.240761	0.30938	0.347604	0.364848	0.350171	0.28891	0.181282	0.022936	-0.143395	-0.288099	-0.398545	-0.446325	-0.432142	-0.361329	-0.238104	-0.0751367	0.0939314	0.227881	0.321204	0.364451	0.357716	0.335746	0.291762	0.202457	0.0885692	-0.0230991	-0.111282	-0.162439	-0.181024	-0.162742	-0.109953	-0.05083	-0.00109824	0.0321441	0.0297979	-0.00242627	-0.0324106	-0.0418497	-0.0225934	0.0180682	0.0343232	0	
0	0.00448384	-0.00044313	0.00124255	0.00364968	-0.0041153	-0.00127798	-0.00137325	0.000507575	0.00363357	-0.00526307	-0.00258057	-0.00051105	-0.00236789	-0.00325488	0.000128314	0.000637512	-0.0036393	-0.00456246	0.004706	-0.00476366	-0.00363008	0.000750285	0.000344172	-0.0050569	-0.0041106	0.000123306	0.00178563	-0.00702658	-0.00915743	0.00179598	0.0044199	-0.0102347	-0.0135667	-0.00295002	0.00330828	1.64456e-05	-0.0141383	-0.0225337	-0.0149711	0.00973503	0.0105918	-0.0163512	-0.0426209	-0.0464204	-0.027081	0.000908547	0.0266426	0.0253349	-0.0305107	-0.111458	-0.187429	-0.226688	-0.226339	-0.190854	-0.100892	0.0356239	0.187269	0.319082	0.410703	0.458853	0.479543	0.458857	0.375516	0.230007	0.0290273	-0.18806	-0.385146	-0.526826	-0.584704	-0.567336	-0.475383	-0.311783	-0.102453	0.112549	0.292858	0.419972	0.478307	0.475163	0.445546	0.38412	0.271163	0.125751	-0.021272	-0.139204	-0.208671	-0.232976	-0.211493	-0.14933	-0.0740046	-0.00649932	0.0365227	0.0341431	-0.00283038	-0.0376657	-0.0487903	-0.02697	0.0175778	0.0353846	0	
0	-0.00493846	-0.0033638	-0.00407077	-0.0041153	0.0025618	0.0025696	0.00184277	-0.00184538	-0.00346531	0.00249975	0.00235287	-0.000566572	-0.000450884	-0.00224864	-0.00143627	-0.00323796	-0.00445349	-0.00176955	-0.00377915	-0.00424685	-0.00612925	-0.00105295	-0.00532319	-0.00558068	-0.00557796	-0.00306673	-0.00294057	-0.00898349	-0.00849721	-0.00233602	-0.000977588	-0.0132823	-0.013007	-0.0071712	0.000138764	-0.00752702	-0.0170373	-0.0270474	-0.0148159	0.00402974	0.00314676	-0.0237809	-0.0505367	-0.0507445	-0.0298378	0.00204848	0.0299428	0.0167658	-0.043452	-0.142695	-0.226915	-0.272359	-0.274731	-0.222587	-0.112151	0.0518166	0.23705	0.397091	0.507417	0.575565	0.596562	0.561072	0.456214	0.268043	0.0194901	-0.242723	-0.472454	-0.635409	-0.715668	-0.700274	-0.583706	-0.385471	-0.135475	0.127522	0.353513	0.508544	0.583021	0.590396	0.554165	0.474167	0.340654	0.167474	-0.0122383	-0.15878	-0.24728	-0.278371	-0.256667	-0.189717	-0.100429	-0.0163817	0.0346437	0.0339399	-0.00274424	-0.038841	-0.0508028	-0.0292153	0.0127526	0.0296732	0	
0	-0.000108421	0.00706373	0.00340108	-0.00127798	0.0025696	-0.00730204	-0.00299955	0.000656646	-0.00527388	0.00140986	-0.00308122	-0.00542221	0.000126205	-0.000560066	-0.00174237	-0.000461621	-0.000587813	0.00196332	-0.00558899	0.00216336	-0.00265325	-0.000743083	-0.005055	-0.00112268	-0.00350474	-0.00325412	-0.00517747	-0.00570202	-0.00484427	-0.00424281	-0.00505077	-0.010749	-0.00852673	-0.00759861	-0.00152637	-0.0108888	-0.0149488	-0.0232974	-0.00918129	0.000643329	-0.00254829	-0.0269854	-0.0509029	-0.0493061	-0.0293007	0.00244721	0.0234943	-0.00180981	-0.0710222	-0.180076	-0.269865	-0.318266	-0.314826	-0.242943	-0.108039	0.0847035	0.296598	0.476838	0.605105	0.68085	0.695712	0.651618	0.522139	0.298743	0.0182569	-0.287977	-0.560125	-0.749929	-0.841634	-0.817641	-0.68236	-0.45708	-0.170333	0.134476	0.401744	0.585787	0.68134	0.702781	0.659444	0.561172	0.410723	0.21424	0.00546298	-0.168147	-0.276268	-0.316139	-0.297881	-0.229871	-0.129225	-0.0320053	0.0246324	0.0284454	-0.00217291	-0.0358286	-0.0479063	-0.0294494	0.00399599	0.0179904	0	
0	0.00148716	-0.00306738	-0.00173792	-0.00137325	0.00184277	-0.00299955	-0.000684434	0.00518695	-0.00375994	0.000140557	-0.0032173	-0.00243677	-0.00160986	-0.000531699	-0.00520532	-0.00461039	-0.00105526	-0.0037357	-0.00818871	-0.00112195	-0.00214905	-0.00765848	-0.00559965	-0.00247492	-0.00368529	-0.0074193	-0.00833014	-0.00409866	-0.00372118	-0.00900338	-0.0115665	-0.00748199	-0.00844962	-0.00899414	-0.0109334	-0.014459	-0.0190136	-0.0192062	-0.0113183	-0.0108411	-0.0155819	-0.0368974	-0.050766	-0.0510874	-0.0293004	0.000133632	0.00909687	-0.0226455	-0.101193	-0.21113	-0.300704	-0.35421	-0.340007	-0.251806	-0.0988004	0.120712	0.349764	0.549546	0.700949	0.783355	0.796035	0.738766	0.577504	0.318006	0.00281925	-0.339662	-0.642229	-0.851853	-0.950773	-0.924462	-0.778238	-0.527197	-0.207154	0.133784	0.438791	0.652074	0.771005	0.807482	0.759437	0.647448	0.482622	0.264939	0.0314121	-0.165439	-0.293045	-0.345373	-0.334774	-0.267998	-0.159227	-0.0544463	0.00518492	0.0172001	-0.00153385	-0.0291746	-0.0407946	-0.0280858	-0.0074584	0.00242601	0	
0	-0.00231865	-0.00280906	-0.00428739	0.000507575	-0.00184538	0.000656646	0.00518695	-0.00303036	-0.00759402	0.00227744	0.00121505	-0.00322313	-0.00116965	-0.000745963	-0.00558594	-0.00570332	0.0025214	-0.00550432	-0.00899231	-0.000141432	-0.00250737	-0.0101701	-0.00592897	-0.00207579	-0.00506591	-0.0105158	-0.0104147	-0.00253848	-0.00379648	-0.0153657	-0.0147811	-0.00556747	-0.00665001	-0.01385	-0.0173079	-0.0189428	-0.0181333	-0.0137894	-0.0138449	-0.0214794	-0.0294288	-0.0395714	-0.0475219	-0.0463311	-0.0264804	-0.00637572	-0.00963124	-0.0537843	-0.137396	-0.242164	-0.334031	-0.382102	-0.3564	-0.252432	-0.0720792	0.162546	0.407441	0.62938	0.790008	0.880269	0.890208	0.807548	0.618088	0.330256	-0.0208564	-0.395735	-0.715134	-0.93624	-1.05084	-1.02769	-0.864539	-0.591393	-0.246514	0.126669	0.462653	0.703321	0.850555	0.904214	0.85434	0.732677	0.554655	0.318799	0.0667095	-0.148961	-0.296433	-0.365584	-0.365996	-0.301759	-0.189593	-0.084403	-0.0239086	7.27275e-05	-0.00186195	-0.0202028	-0.0308056	-0.0256987	-0.0196119	-0.0139034	0	
0	0.00223046	0.00532696	0.00249848	0.00363357	-0.00346531	-0.00527388	-0.00375994	-0.00759402	0.00134412	0.00188538	-0.00562627	-0.00299553	-0.00258881	-0.00204441	-0.00105672	-0.00184353	0.00197532	-0.00773945	-0.00435294	0.00272855	-0.00466736	-0.00936983	-0.004176	-0.000978417	-0.00664509	-0.0116758	-0.00965538	-0.0012624	-0.00501009	-0.0203138	-0.0143139	-0.00380776	-0.00545401	-0.019032	-0.0215175	-0.0212657	-0.0137485	-0.00843214	-0.0170591	-0.0325003	-0.039634	-0.0385269	-0.0395188	-0.0391704	-0.0233796	-0.019022	-0.0362909	-0.0939469	-0.178081	-0.274715	-0.364543	-0.401035	-0.362418	-0.236511	-0.0336349	0.214457	0.473072	0.708119	0.877859	0.968281	0.966709	0.857919	0.642522	0.331457	-0.0460548	-0.437656	-0.777747	-1.02671	-1.14649	-1.11112	-0.939428	-0.652469	-0.284045	0.109693	0.468575	0.743736	0.920711	0.987659	0.94255	0.817671	0.626029	0.375332	0.111802	-0.118367	-0.286101	-0.375649	-0.389161	-0.329122	-0.22008	-0.121643	-0.0614222	-0.022835	-0.00490713	-0.0110389	-0.0197822	-0.0228016	-0.0299504	-0.0274462	0	
0	-0.00474727	-9.01649e-05	-0.00438157	-0.00526307	0.00249975	0.00140986	0.000140557	0.00227744	0.00188538	-0.0056777	-0.00632121	-0.00105037	-0.00227096	-0.0025707	-0.00579519	-0.0076644	-0.00343495	-0.00641677	-0.00492529	-0.00388806	-0.00842665	-0.0075634	-0.00462518	-0.00447081	-0.0088661	-0.0114231	-0.00852105	-0.00184018	-0.00898688	-0.0212585	-0.0132429	-0.00226943	-0.00858695	-0.0230363	-0.0265669	-0.0220142	-0.0113066	-0.00875826	-0.0262581	-0.0484222	-0.050731	-0.0403727	-0.0357088	-0.0352436	-0.0302937	-0.0391647	-0.0742624	-0.13804	-0.215996	-0.302608	-0.379828	-0.403817	-0.349818	-0.202756	0.013037	0.267249	0.536013	0.77695	0.955451	1.05055	1.03363	0.901437	0.663399	0.320983	-0.0824915	-0.486231	-0.843377	-1.10143	-1.21619	-1.18152	-1.0098	-0.711797	-0.326764	0.0859506	0.469284	0.77201	0.970612	1.05642	1.02722	0.900722	0.694866	0.43515	0.166478	-0.074804	-0.262094	-0.373626	-0.401432	-0.348861	-0.250714	-0.164583	-0.104824	-0.0513097	-0.0129853	-0.00449014	-0.0098379	-0.019607	-0.0359003	-0.0350709	0	
0	-0.00235348	0.00162168	-0.00085845	-0.00258057	0.00235287	-0.00308122	-0.0032173	0.00121505	-0.00562627	-0.00632121	0.00368778	0.000547527	-0.00589783	-0.00631679	-0.00141207	-0.00281506	-0.0046723	-0.00489273	-0.00444234	-0.00678529	-0.00634091	-0.00611725	-0.00629948	-0.00840035	-0.00922098	-0.0110277	-0.00845648	-0.00638441	-0.0138585	-0.0204108	-0.0124165	-0.0051287	-0.0140965	-0.026884	-0.0296766	-0.0205191	-0.00997035	-0.011048	-0.0373994	-0.0578897	-0.0559955	-0.0348615	-0.0278885	-0.0284261	-0.0379654	-0.064213	-0.116436	-0.18382	-0.255189	-0.328901	-0.391389	-0.400136	-0.325023	-0.160322	0.0685904	0.33024	0.603514	0.85102	1.03345	1.11986	1.08373	0.925419	0.660646	0.297858	-0.115657	-0.528365	-0.898903	-1.15934	-1.27729	-1.25299	-1.07486	-0.758224	-0.361187	0.0567247	0.452388	0.781248	1.00702	1.11585	1.10311	0.97619	0.761995	0.499779	0.229434	-0.020202	-0.22483	-0.357368	-0.400031	-0.360431	-0.28123	-0.210295	-0.150783	-0.0850506	-0.0285841	-0.00374453	-0.00304026	-0.0158931	-0.0354621	-0.0349893	0	
0	0.0011759	9.91196e-05	0.000238553	-0.00051105	-0.000566572	-0.00542221	-0.00243677	-0.00322313	-0.00299553	-0.00105037	0.000547527	-0.00368066	-0.00759327	-2.59971e-05	0.000254029	-0.00505548	-0.0083542	-0.00172928	-0.00410647	-0.00996787	-0.00603339	-0.00512561	-0.0101127	-0.00965586	-0.0111096	-0.00872115	-0.011071	-0.0115344	-0.0177653	-0.0163394	-0.0130919	-0.011067	-0.0198642	-0.0294876	-0.0296141	-0.0196071	-0.0104461	-0.0203108	-0.0476856	-0.0662145	-0.0555671	-0.0313755	-0.0206127	-0.0284416	-0.0533754	-0.0989422	-0.164597	-0.229514	-0.292737	-0.347196	-0.392965	-0.378743	-0.284427	-0.103205	0.132196	0.397151	0.671695	0.918807	1.10353	1.17383	1.11795	0.936247	0.643987	0.270009	-0.149571	-0.570362	-0.944426	-1.21005	-1.33638	-1.30855	-1.11874	-0.799629	-0.404026	0.0188968	0.430471	0.781498	1.0259	1.15692	1.16708	1.04617	0.828634	0.567593	0.298399	0.0435231	-0.174779	-0.324693	-0.382941	-0.363922	-0.310405	-0.25473	-0.195892	-0.123667	-0.0537883	-0.0118213	-0.00106509	-0.0111431	-0.0279171	-0.0274435	0	
0	0.00117359	-0.00211058	0.00212323	-0.00236789	-0.000450884	0.000126205	-0.00160986	-0.00116965	-0.00258881	-0.00227096	-0.00589783	-0.00759327	-0.00727924	0.000792215	-0.00475303	-0.0124116	-0.00600334	0.00160385	-0.00756639	-0.0128517	-0.00193377	-0.00360703	-0.0109706	-0.00973662	-0.00819591	-0.00486434	-0.0115567	-0.0150253	-0.0147989	-0.00882305	-0.0133871	-0.0157909	-0.0219623	-0.0261282	-0.0256885	-0.0160906	-0.0142303	-0.0305602	-0.0557844	-0.0680366	-0.052443	-0.0286465	-0.0189016	-0.0372241	-0.080938	-0.144522	-0.217427	-0.277215	-0.325085	-0.360704	-0.379289	-0.341509	-0.225299	-0.0328548	0.204767	0.469189	0.737484	0.98365	1.15674	1.21181	1.13715	0.927781	0.622311	0.240061	-0.187919	-0.60928	-0.984442	-1.25307	-1.38167	-1.35042	-1.15555	-0.839682	-0.446443	-0.0162997	0.404919	0.763517	1.02394	1.18525	1.21994	1.10572	0.892482	0.638879	0.372041	0.113684	-0.112511	-0.273977	-0.349762	-0.359394	-0.335274	-0.293401	-0.237564	-0.166569	-0.0895469	-0.0308113	-0.00495765	-0.0050524	-0.0144088	-0.0148437	0	
0	-0.00159366	-0.00211763	-0.00218209	-0.00325488	-0.00224864	-0.000560066	-0.000531699	-0.000745963	-0.00204441	-0.0025707	-0.00631679	-2.59971e-05	0.000792215	-0.00696035	-0.0083725	-0.00674197	-0.0017909	-0.00562803	-0.0144215	-0.0104544	-0.00206978	-0.010584	-0.0157404	-0.0135574	-0.00783784	-0.00993505	-0.0178901	-0.023197	-0.0126672	-0.010296	-0.0213365	-0.0269992	-0.0264068	-0.0267907	-0.0261532	-0.0208028	-0.02785	-0.0460241	-0.063898	-0.0668631	-0.0497345	-0.0280715	-0.0218528	-0.0530613	-0.113533	-0.191829	-0.263706	-0.315922	-0.346278	-0.361122	-0.351163	-0.289674	-0.155675	0.0415219	0.279141	0.539805	0.802437	1.0427	1.20107	1.23784	1.13881	0.908259	0.588663	0.200702	-0.224976	-0.644566	-1.01651	-1.28601	-1.41514	-1.37967	-1.19072	-0.879963	-0.477619	-0.0451099	0.365647	0.726694	1.01266	1.20181	1.25226	1.15212	0.956143	0.712228	0.446571	0.188768	-0.0376282	-0.205838	-0.302132	-0.345546	-0.351027	-0.322583	-0.274575	-0.212639	-0.134993	-0.0611204	-0.0151169	0.00169216	0.00184136	-0.00120042	0	
0	-0.00191815	0.000708282	-0.00278707	0.000128314	-0.00143627	-0.00174237	-0.00520532	-0.00558594	-0.00105672	-0.00579519	-0.00141207	0.000254029	-0.00475303	-0.0083725	-0.00222053	-0.00237708	-0.0066594	-0.00888719	-0.00818699	-0.00657828	-0.00494424	-0.0141623	-0.0132401	-0.0111902	-0.00738301	-0.0128072	-0.0220706	-0.0215145	-0.00854327	-0.0114787	-0.0287413	-0.0312129	-0.0252218	-0.0222377	-0.0244775	-0.0255696	-0.041441	-0.0546019	-0.0634097	-0.0570904	-0.0453994	-0.0274882	-0.0324058	-0.0769847	-0.156457	-0.240698	-0.31081	-0.348211	-0.363482	-0.350241	-0.310422	-0.224263	-0.0740893	0.122406	0.359686	0.61196	0.868031	1.09247	1.23258	1.24715	1.12059	0.876699	0.545214	0.156965	-0.259219	-0.67208	-1.03869	-1.31126	-1.4415	-1.40645	-1.21997	-0.903207	-0.502389	-0.0853745	0.318495	0.690405	0.992445	1.19364	1.26231	1.19131	1.01763	0.781323	0.520374	0.269872	0.0487404	-0.123968	-0.24208	-0.319061	-0.352341	-0.340239	-0.306748	-0.259875	-0.18713	-0.100988	-0.0315239	0.00668383	0.0158744	0.00903203	0	
0	0.00319889	0.00127837	0.00408794	0.000637512	-0.00323796	-0.000461621	-0.00461039	-0.00570332	-0.00184353	-0.0076644	-0.00281506	-0.00505548	-0.0124116	-0.00674197	-0.00237708	-0.00419933	-0.0107351	-0.00666933	-0.00434659	-0.00645666	-0.00880577	-0.0116169	-0.0087229	-0.00866751	-0.00879436	-0.0147692	-0.0212547	-0.0147364	-0.00680167	-0.0150544	-0.033491	-0.0295983	-0.0211398	-0.0170552	-0.0245868	-0.0347696	-0.0534518	-0.0591945	-0.0557024	-0.0482544	-0.0431096	-0.0355311	-0.0543279	-0.114309	-0.207582	-0.292163	-0.352777	-0.376458	-0.368776	-0.326816	-0.254109	-0.141724	0.0158971	0.214475	0.444758	0.687257	0.929364	1.13002	1.24456	1.23074	1.08728	0.831215	0.498219	0.123144	-0.289147	-0.695917	-1.05758	-1.33194	-1.45979	-1.42753	-1.23908	-0.918176	-0.529355	-0.124087	0.27664	0.647633	0.953814	1.16626	1.25917	1.21981	1.06736	0.84367	0.595761	0.356784	0.142818	-0.0331402	-0.170719	-0.275732	-0.335058	-0.345982	-0.334053	-0.305214	-0.241004	-0.146563	-0.0541424	0.00559509	0.021946	0.0122844	0	
0	0.00061012	-0.00742942	-0.00226502	-0.0036393	-0.00445349	-0.000587813	-0.00105526	0.0025214	0.00197532	-0.00343495	-0.0046723	-0.0083542	-0.00600334	-0.0017909	-0.0066594	-0.0107351	-0.014212	-0.0101232	-0.00661097	-0.0136812	-0.0171008	-0.0128641	-0.0117514	-0.0139377	-0.0176247	-0.0205505	-0.0210336	-0.0150079	-0.0145626	-0.0266211	-0.0376362	-0.0318354	-0.0211215	-0.0217596	-0.0341454	-0.0538274	-0.0675929	-0.0635147	-0.0506358	-0.0468171	-0.0503534	-0.0563576	-0.0890034	-0.162886	-0.258644	-0.336395	-0.381401	-0.386434	-0.354187	-0.279308	-0.177175	-0.0465662	0.113145	0.304912	0.523779	0.754056	0.975354	1.15094	1.24044	1.20298	1.04527	0.783849	0.453262	0.0834434	-0.317793	-0.714467	-1.07592	-1.34679	-1.47169	-1.43743	-1.24433	-0.934164	-0.559094	-0.156009	0.237208	0.599529	0.905015	1.12389	1.23999	1.23202	1.10265	0.899477	0.671959	0.447206	0.240741	0.0623002	-0.0883216	-0.212067	-0.297489	-0.340415	-0.355425	-0.344487	-0.290474	-0.192782	-0.0832532	-0.0070377	0.014927	0.00680909	0	
0	-0.00133142	-0.00450741	-0.00145408	-0.00456246	-0.00176955	0.00196332	-0.0037357	-0.00550432	-0.00773945	-0.00641677	-0.00489273	-0.00172928	0.00160385	-0.00562803	-0.00888719	-0.00666933	-0.0101232	-0.00226031	-0.00421599	-0.0174375	-0.0147257	-0.00716265	-0.00966728	-0.0188786	-0.0202118	-0.0196738	-0.0154489	-0.0172222	-0.0240465	-0.0317248	-0.0356835	-0.0283177	-0.0218477	-0.0249106	-0.0457818	-0.0651719	-0.0707346	-0.054633	-0.0394422	-0.0427033	-0.0572859	-0.0803852	-0.128429	-0.211286	-0.304631	-0.369792	-0.400156	-0.386288	-0.326053	-0.223349	-0.0912721	0.049304	0.209864	0.395747	0.602847	0.818931	1.01585	1.16118	1.21985	1.16235	0.991515	0.728162	0.405486	0.0436831	-0.345731	-0.732403	-1.08306	-1.34654	-1.4754	-1.44394	-1.25599	-0.952767	-0.575275	-0.177384	0.198361	0.547508	0.845402	1.06974	1.20928	1.22525	1.11893	0.947333	0.748075	0.538415	0.337784	0.159282	0.00624523	-0.127216	-0.241547	-0.323818	-0.367501	-0.372703	-0.32964	-0.234863	-0.119353	-0.0359734	-0.00823828	-0.00718756	0	
0	0.00424436	0.00376715	0.00526031	0.004706	-0.00377915	-0.00558899	-0.00818871	-0.00899231	-0.00435294	-0.00492529	-0.00444234	-0.00410647	-0.00756639	-0.0144215	-0.00818699	-0.00434659	-0.00661097	-0.00421599	-0.01356	-0.0179681	-0.00715427	-0.0041257	-0.0152087	-0.0216461	-0.0183725	-0.013429	-0.0118934	-0.0229361	-0.0303073	-0.0297998	-0.027717	-0.0258133	-0.0228492	-0.0333866	-0.056403	-0.0724347	-0.0652497	-0.044774	-0.0344062	-0.0477363	-0.0783391	-0.119014	-0.182188	-0.266239	-0.34812	-0.398545	-0.408768	-0.372243	-0.28236	-0.147786	0.004302	0.153873	0.312269	0.487371	0.683625	0.877682	1.04296	1.15452	1.18148	1.10183	0.924372	0.667536	0.354195	0.0122035	-0.357213	-0.737201	-1.08498	-1.35207	-1.4839	-1.45034	-1.26253	-0.95543	-0.580678	-0.200821	0.157498	0.492854	0.783619	1.0152	1.16382	1.19124	1.11767	0.98962	0.819673	0.623845	0.430579	0.259047	0.113807	-0.025805	-0.171886	-0.294045	-0.364434	-0.385117	-0.354404	-0.269671	-0.162481	-0.0829354	-0.047463	-0.0281758	0	
0	-0.000701452	-0.0053663	-0.00367474	-0.00476366	-0.00424685	0.00216336	-0.00112195	-0.000141432	0.00272855	-0.00388806	-0.00678529	-0.00996787	-0.0128517	-0.0104544	-0.00657828	-0.00645666	-0.0136812	-0.0174375	-0.0179681	-0.0116973	-0.00675474	-0.016315	-0.022586	-0.0225662	-0.0164595	-0.0131402	-0.0182224	-0.0336212	-0.0355411	-0.0257485	-0.0257395	-0.0293531	-0.0342232	-0.0474097	-0.0703811	-0.0739713	-0.0599569	-0.0405665	-0.0411286	-0.0664288	-0.113441	-0.172384	-0.242481	-0.318424	-0.382886	-0.41218	-0.401257	-0.335177	-0.214376	-0.0537417	0.114568	0.265131	0.416591	0.5791	0.753569	0.917282	1.0466	1.11961	1.12125	1.03375	0.859644	0.61655	0.319955	-0.010504	-0.375008	-0.748278	-1.08976	-1.35616	-1.48473	-1.44739	-1.25738	-0.953161	-0.59304	-0.226691	0.121996	0.445636	0.7306	0.954453	1.09299	1.13793	1.10911	1.02018	0.875415	0.6992	0.521345	0.364476	0.23041	0.0829052	-0.0921079	-0.246069	-0.339961	-0.378395	-0.363157	-0.296315	-0.211253	-0.144776	-0.0991415	-0.0541817	0	
0	-0.000917455	-0.00498217	-0.00329679	-0.00363008	-0.00612925	-0.00265325	-0.00214905	-0.00250737	-0.00466736	-0.00842665	-0.00634091	-0.00603339	-0.00193377	-0.00206978	-0.00494424	-0.00880577	-0.0171008	-0.0147257	-0.00715427	-0.00675474	-0.0191987	-0.0232487	-0.0215628	-0.0197342	-0.0182248	-0.0185088	-0.0296945	-0.0422321	-0.0350758	-0.023317	-0.0284704	-0.0402838	-0.0485453	-0.0633645	-0.0748727	-0.0689062	-0.0504555	-0.0419283	-0.0527598	-0.0916237	-0.155136	-0.226048	-0.295432	-0.353979	-0.397538	-0.406439	-0.369546	-0.277238	-0.128812	0.0483079	0.220391	0.368808	0.509086	0.656563	0.809577	0.941569	1.03572	1.07852	1.05883	0.964415	0.796248	0.563466	0.279658	-0.0367223	-0.38829	-0.753464	-1.09158	-1.35175	-1.47556	-1.44103	-1.25541	-0.958379	-0.605897	-0.242295	0.0989173	0.408908	0.676006	0.87702	1.01191	1.08426	1.08691	1.024	0.911494	0.766902	0.612294	0.473936	0.347618	0.190689	-0.00219775	-0.174972	-0.290223	-0.35081	-0.356434	-0.315719	-0.261992	-0.213082	-0.156577	-0.0832385	0	
0	0.00170992	-0.00188807	0.00127937	0.000750285	-0.00105295	-0.000743083	-0.00765848	-0.0101701	-0.00936983	-0.0075634	-0.00611725	-0.00512561	-0.00360703	-0.010584	-0.0141623	-0.0116169	-0.0128641	-0.00716265	-0.0041257	-0.016315	-0.0232487	-0.0169165	-0.0136371	-0.0173511	-0.0170084	-0.0232163	-0.0337999	-0.037995	-0.0250752	-0.0193815	-0.0317668	-0.0487738	-0.0593231	-0.0674414	-0.0674657	-0.0543001	-0.0445697	-0.0490306	-0.0745138	-0.128499	-0.20721	-0.285663	-0.343481	-0.383116	-0.403751	-0.389728	-0.326137	-0.203669	-0.0336915	0.154297	0.329359	0.47205	0.60318	0.733233	0.855365	0.951953	1.00749	1.01755	0.983751	0.888903	0.729515	0.514341	0.246232	-0.0584299	-0.397202	-0.752057	-1.08316	-1.34286	-1.47272	-1.44102	-1.25643	-0.961012	-0.606272	-0.245683	0.0799941	0.369439	0.615106	0.802436	0.94111	1.02294	1.03649	1.00258	0.932813	0.825429	0.700503	0.581753	0.457345	0.294747	0.0999303	-0.0798213	-0.215037	-0.301949	-0.33608	-0.328969	-0.308217	-0.275781	-0.211131	-0.112988	0	
0	0.00237678	0.00243849	0.00280449	0.000344172	-0.00532319	-0.005055	-0.00559965	-0.00592897	-0.004176	-0.00462518	-0.00629948	-0.0101127	-0.0109706	-0.0157404	-0.0132401	-0.0087229	-0.0117514	-0.00966728	-0.0152087	-0.022586	-0.0215628	-0.0136371	-0.0162645	-0.0196032	-0.024203	-0.0328151	-0.0360293	-0.0305014	-0.0228858	-0.0263682	-0.0436226	-0.0623235	-0.0697991	-0.0674976	-0.0566088	-0.0481492	-0.0511495	-0.0723035	-0.110952	-0.180209	-0.268344	-0.341266	-0.381852	-0.3962	-0.393604	-0.352374	-0.258062	-0.110659	0.0754186	0.266131	0.437566	0.573714	0.690206	0.79516	0.884097	0.939605	0.958447	0.94517	0.899683	0.810544	0.667558	0.470553	0.22137	-0.0667798	-0.395821	-0.749603	-1.08229	-1.34228	-1.47161	-1.43815	-1.25035	-0.952057	-0.602144	-0.254692	0.0577438	0.33364	0.565253	0.742824	0.871138	0.943252	0.966654	0.965979	0.936304	0.869652	0.781472	0.679641	0.555371	0.398233	0.214942	0.0348101	-0.117612	-0.23305	-0.303971	-0.334605	-0.341003	-0.320486	-0.253743	-0.139646	0	
0	-0.0012748	-0.00724722	-0.00586593	-0.0050569	-0.00558068	-0.00112268	-0.00247492	-0.00207579	-0.000978417	-0.00447081	-0.00840035	-0.00965586	-0.00973662	-0.0135574	-0.0111902	-0.00866751	-0.0139377	-0.0188786	-0.0216461	-0.0225662	-0.0197342	-0.0173511	-0.0196032	-0.0270558	-0.0358341	-0.0393948	-0.0299032	-0.0271872	-0.0308486	-0.0415113	-0.0579089	-0.0752605	-0.0746286	-0.0606869	-0.0489057	-0.0521568	-0.0728808	-0.107548	-0.161355	-0.240779	-0.327993	-0.386212	-0.401855	-0.392509	-0.361475	-0.290879	-0.167029	0.000675013	0.19228	0.380149	0.544495	0.668189	0.764325	0.837359	0.884739	0.901853	0.890108	0.860927	0.818802	0.743168	0.618809	0.440671	0.203611	-0.0776612	-0.40236	-0.751443	-1.07935	-1.33815	-1.46523	-1.4283	-1.24179	-0.948047	-0.603675	-0.262355	0.0421968	0.307491	0.528137	0.689848	0.796029	0.85675	0.89001	0.913074	0.919312	0.89847	0.845788	0.758345	0.644808	0.506729	0.338901	0.160486	-0.0038516	-0.147693	-0.26003	-0.32633	-0.350648	-0.338107	-0.276294	-0.15734	0	
0	-0.00164555	-0.00312928	-0.00376378	-0.0041106	-0.00557796	-0.00350474	-0.00368529	-0.00506591	-0.00664509	-0.0088661	-0.00922098	-0.0111096	-0.00819591	-0.00783784	-0.00738301	-0.00879436	-0.0176247	-0.0202118	-0.0183725	-0.0164595	-0.0182248	-0.0170084	-0.024203	-0.0358341	-0.0411113	-0.0310642	-0.0222571	-0.031386	-0.0449881	-0.0540872	-0.0681313	-0.0791301	-0.0677289	-0.0486682	-0.0456905	-0.067035	-0.102117	-0.151675	-0.216572	-0.299304	-0.374221	-0.409604	-0.401828	-0.36565	-0.307395	-0.206128	-0.0595705	0.117204	0.306663	0.485873	0.639495	0.748461	0.818722	0.856202	0.866316	0.848517	0.816187	0.780876	0.742596	0.682172	0.574102	0.410746	0.187141	-0.0859194	-0.4042	-0.749778	-1.07642	-1.33123	-1.45635	-1.42155	-1.23567	-0.943842	-0.605712	-0.268752	0.0333477	0.292106	0.499084	0.638922	0.723216	0.77337	0.808186	0.84728	0.887441	0.904514	0.879551	0.817306	0.733922	0.620249	0.463613	0.28867	0.118054	-0.0512112	-0.200299	-0.293493	-0.329251	-0.324527	-0.272575	-0.159161	0	
0	0.00119022	-0.00177482	-2.5807e-05	0.000123306	-0.00306673	-0.00325412	-0.0074193	-0.0105158	-0.0116758	-0.0114231	-0.0110277	-0.00872115	-0.00486434	-0.00993505	-0.0128072	-0.0147692	-0.0205505	-0.0196738	-0.013429	-0.0131402	-0.0185088	-0.0232163	-0.0328151	-0.0393948	-0.0310642	-0.020968	-0.0240172	-0.0444456	-0.0563997	-0.0629383	-0.0712711	-0.0732118	-0.0542255	-0.0419016	-0.0567082	-0.0947828	-0.144455	-0.206177	-0.278377	-0.352429	-0.406176	-0.417187	-0.383985	-0.321973	-0.231802	-0.104686	0.0576623	0.235369	0.4176	0.586623	0.72776	0.815767	0.854686	0.85424	0.825447	0.781484	0.735168	0.699774	0.673916	0.628542	0.537073	0.387453	0.172428	-0.0931563	-0.405702	-0.746357	-1.06834	-1.32252	-1.44905	-1.4157	-1.23399	-0.945568	-0.605528	-0.266332	0.0320461	0.280993	0.472417	0.59215	0.658122	0.69665	0.729111	0.778338	0.836791	0.874991	0.882059	0.865705	0.823055	0.729981	0.582013	0.412719	0.238479	0.0523274	-0.11719	-0.225412	-0.272544	-0.279182	-0.23912	-0.140301	0	
0	0.0023725	0.00332208	0.00310273	0.00178563	-0.00294057	-0.00517747	-0.00833014	-0.0104147	-0.00965538	-0.00852105	-0.00845648	-0.011071	-0.0115567	-0.0178901	-0.0220706	-0.0212547	-0.0210336	-0.0154489	-0.0118934	-0.0182224	-0.0296945	-0.0337999	-0.0360293	-0.0299032	-0.0222571	-0.0240172	-0.0385996	-0.0569392	-0.0656806	-0.0676554	-0.0677386	-0.0604869	-0.0456376	-0.0508991	-0.0841342	-0.137054	-0.198569	-0.270121	-0.337905	-0.393306	-0.421057	-0.406964	-0.349083	-0.25646	-0.137687	0.0106219	0.178233	0.351271	0.523661	0.681433	0.805211	0.866961	0.869882	0.829842	0.769573	0.704277	0.652255	0.622515	0.608201	0.57968	0.5034	0.368195	0.165126	-0.0936322	-0.400306	-0.738932	-1.06264	-1.3184	-1.44805	-1.41683	-1.23234	-0.940023	-0.599114	-0.261523	0.0319025	0.269829	0.446116	0.551851	0.606734	0.635717	0.659653	0.701557	0.758652	0.815469	0.867806	0.904637	0.899317	0.826401	0.690645	0.526215	0.350314	0.163836	-0.00373037	-0.117231	-0.179518	-0.202065	-0.176256	-0.101525	0	
0	-0.00147111	-0.005579	-0.00615233	-0.00702658	-0.00898349	-0.00570202	-0.00409866	-0.00253848	-0.0012624	-0.00184018	-0.00638441	-0.0115344	-0.0150253	-0.023197	-0.0215145	-0.0147364	-0.0150079	-0.0172222	-0.0229361	-0.0336212	-0.0422321	-0.037995	-0.0305014	-0.0271872	-0.031386	-0.0444456	-0.0569392	-0.0716349	-0.0763517	-0.0714716	-0.0611477	-0.0554648	-0.0572937	-0.0826689	-0.130792	-0.194605	-0.265886	-0.336006	-0.38725	-0.41507	-0.41518	-0.375171	-0.287476	-0.164022	-0.0190485	0.139583	0.305659	0.468451	0.629179	0.769384	0.868227	0.894059	0.855587	0.778764	0.69114	0.616016	0.566777	0.549932	0.554017	0.543417	0.48419	0.360008	0.163965	-0.0899036	-0.397606	-0.738536	-1.06316	-1.32021	-1.44799	-1.41253	-1.22562	-0.931337	-0.590137	-0.258388	0.0247232	0.253966	0.426248	0.529018	0.575531	0.588041	0.589574	0.611391	0.665949	0.747642	0.842583	0.921187	0.950067	0.904511	0.784355	0.623852	0.455126	0.288529	0.140199	0.0275038	-0.0506928	-0.0927269	-0.0888211	-0.0497947	0	
0	-0.00455669	-0.00926984	-0.0108076	-0.00915743	-0.00849721	-0.00484427	-0.00372118	-0.00379648	-0.00501009	-0.00898688	-0.0138585	-0.0177653	-0.0147989	-0.0126672	-0.00854327	-0.00680167	-0.0145626	-0.0240465	-0.0303073	-0.0355411	-0.0350758	-0.0250752	-0.0228858	-0.0308486	-0.0449881	-0.0563997	-0.0656806	-0.0763517	-0.0747187	-0.059401	-0.0486134	-0.0585156	-0.081474	-0.122705	-0.180895	-0.25421	-0.326457	-0.383095	-0.407684	-0.406998	-0.381047	-0.313611	-0.19631	-0.0459075	0.112444	0.270709	0.425854	0.575722	0.718676	0.836105	0.900876	0.887159	0.810671	0.704259	0.60424	0.529883	0.493277	0.494358	0.516687	0.522115	0.472846	0.356018	0.161868	-0.0948774	-0.402153	-0.741758	-1.06518	-1.31791	-1.44127	-1.40279	-1.21446	-0.924572	-0.59273	-0.267383	0.016159	0.249542	0.424061	0.521209	0.551382	0.539785	0.516945	0.524436	0.581788	0.680177	0.798491	0.906655	0.971188	0.957064	0.854966	0.707837	0.563104	0.429349	0.305987	0.19985	0.111681	0.0467655	0.014799	0.00570808	0	
0	0.00186595	0.00199142	0.00285211	0.00179598	-0.00233602	-0.00424281	-0.00900338	-0.0153657	-0.0203138	-0.0212585	-0.0204108	-0.0163394	-0.00882305	-0.010296	-0.0114787	-0.0150544	-0.0266211	-0.0317248	-0.0297998	-0.0257485	-0.023317	-0.0193815	-0.0263682	-0.0415113	-0.0540872	-0.0629383	-0.0676554	-0.0714716	-0.059401	-0.0432989	-0.0475949	-0.0794821	-0.119596	-0.171162	-0.238912	-0.315409	-0.377275	-0.409106	-0.404906	-0.378189	-0.326187	-0.230304	-0.0853938	0.0816352	0.242063	0.390793	0.532987	0.666401	0.789953	0.876661	0.905286	0.85347	0.746042	0.624396	0.521809	0.457742	0.436857	0.454062	0.489121	0.503189	0.459767	0.343804	0.152153	-0.0993151	-0.404131	-0.740221	-1.05803	-1.30749	-1.43108	-1.39751	-1.21732	-0.932526	-0.599409	-0.268514	0.0212172	0.257389	0.427377	0.511611	0.523652	0.493991	0.457759	0.457971	0.511598	0.608707	0.734104	0.863483	0.958281	0.973869	0.90094	0.788664	0.682553	0.581993	0.482191	0.390006	0.299828	0.207603	0.125775	0.0596065	0	
0	0.00360164	0.00377612	0.00479268	0.0044199	-0.000977588	-0.00505077	-0.0115665	-0.0147811	-0.0143139	-0.0132429	-0.0124165	-0.0130919	-0.0133871	-0.0213365	-0.0287413	-0.033491	-0.0376362	-0.0356835	-0.027717	-0.0257395	-0.0284704	-0.0317668	-0.0436226	-0.0579089	-0.0681313	-0.0712711	-0.0677386	-0.0611477	-0.0486134	-0.0475949	-0.0741142	-0.123841	-0.174264	-0.235379	-0.307565	-0.376132	-0.414694	-0.41721	-0.386414	-0.334016	-0.25422	-0.129066	0.0365307	0.209872	0.36444	0.50204	0.631058	0.749127	0.846585	0.900762	0.890029	0.803773	0.674235	0.542466	0.444105	0.39106	0.383756	0.414211	0.461113	0.483559	0.446164	0.338227	0.151375	-0.0977143	-0.39703	-0.729881	-1.05027	-1.30547	-1.43565	-1.40552	-1.2238	-0.93468	-0.595638	-0.259161	0.0317041	0.26268	0.422851	0.496325	0.499797	0.463903	0.421132	0.411165	0.450619	0.535011	0.656373	0.793002	0.906473	0.955397	0.931503	0.873234	0.81032	0.738549	0.661561	0.587512	0.497048	0.374068	0.237893	0.112855	0	
0	-0.00219594	-0.00513574	-0.00765691	-0.0102347	-0.0132823	-0.010749	-0.00748199	-0.00556747	-0.00380776	-0.00226943	-0.0051287	-0.011067	-0.0157909	-0.0269992	-0.0312129	-0.0295983	-0.0318354	-0.0283177	-0.0258133	-0.0293531	-0.0402838	-0.0487738	-0.0623235	-0.0752605	-0.0791301	-0.0732118	-0.0604869	-0.0554648	-0.0585156	-0.0794821	-0.123841	-0.183478	-0.242566	-0.307833	-0.372817	-0.418085	-0.425528	-0.399052	-0.340875	-0.260212	-0.148996	0.000777427	0.177077	0.34719	0.490153	0.61448	0.727145	0.819583	0.88378	0.894807	0.844807	0.728664	0.583231	0.452805	0.364706	0.327671	0.338213	0.384402	0.442683	0.474977	0.445574	0.340476	0.157672	-0.0880803	-0.391881	-0.7317	-1.05664	-1.31351	-1.44222	-1.409	-1.22259	-0.927506	-0.585176	-0.250953	0.0337829	0.258059	0.413491	0.485635	0.489572	0.451795	0.401838	0.378505	0.399452	0.463351	0.566935	0.696543	0.825237	0.917379	0.954676	0.955096	0.935331	0.893593	0.839574	0.778135	0.680987	0.528973	0.347198	0.168621	0	
0	-0.0056643	-0.0134026	-0.0147037	-0.0135667	-0.013007	-0.00852673	-0.00844962	-0.00665001	-0.00545401	-0.00858695	-0.0140965	-0.0198642	-0.0219623	-0.0264068	-0.0252218	-0.0211398	-0.0211215	-0.0218477	-0.0228492	-0.0342232	-0.0485453	-0.0593231	-0.0697991	-0.0746286	-0.0677289	-0.0542255	-0.0456376	-0.0572937	-0.081474	-0.119596	-0.174264	-0.242566	-0.305756	-0.364683	-0.407624	-0.422003	-0.400304	-0.346774	-0.262253	-0.151478	-0.0160552	0.145955	0.319267	0.476043	0.603835	0.710305	0.798793	0.859241	0.880958	0.852408	0.768757	0.633798	0.487406	0.366259	0.296326	0.279995	0.30863	0.370062	0.441091	0.479164	0.451034	0.346833	0.159191	-0.0939023	-0.399877	-0.738633	-1.06243	-1.31761	-1.44272	-1.40405	-1.21424	-0.920549	-0.582102	-0.252475	0.0281678	0.251417	0.408969	0.484475	0.491125	0.452781	0.396178	0.357853	0.354996	0.389871	0.468365	0.590387	0.738917	0.875228	0.967571	1.02158	1.0481	1.04155	1.00621	0.944489	0.833254	0.659804	0.447936	0.225096	0	
0	9.11888e-05	-0.000613655	-0.00148814	-0.00295002	-0.0071712	-0.00759861	-0.00899414	-0.01385	-0.019032	-0.0230363	-0.026884	-0.0294876	-0.0261282	-0.0267907	-0.0222377	-0.0170552	-0.0217596	-0.0249106	-0.0333866	-0.0474097	-0.0633645	-0.0674414	-0.0674976	-0.0606869	-0.0486682	-0.0419016	-0.0508991	-0.0826689	-0.122705	-0.171162	-0.235379	-0.307833	-0.364683	-0.402093	-0.414904	-0.400108	-0.351519	-0.272388	-0.158052	-0.0230706	0.126477	0.287212	0.448093	0.589486	0.698555	0.783166	0.840966	0.861206	0.843729	0.779596	0.675806	0.537001	0.399331	0.298253	0.250375	0.253107	0.297811	0.369325	0.442272	0.479911	0.449557	0.339699	0.151511	-0.098199	-0.404048	-0.742939	-1.06423	-1.31466	-1.43625	-1.39882	-1.2121	-0.921052	-0.585976	-0.259101	0.0220687	0.248463	0.410229	0.491725	0.504065	0.465063	0.397769	0.338859	0.308632	0.31657	0.378143	0.500425	0.666647	0.833115	0.964973	1.06646	1.1408	1.1682	1.14315	1.07236	0.946399	0.759767	0.529419	0.272766	0	
0	0.00232932	0.000379558	0.00316045	0.00330828	0.000138764	-0.00152637	-0.0109334	-0.0173079	-0.0215175	-0.0265669	-0.0296766	-0.0296141	-0.0256885	-0.0261532	-0.0244775	-0.0245868	-0.0341454	-0.0457818	-0.056403	-0.0703811	-0.0748727	-0.0674657	-0.0566088	-0.0489057	-0.0456905	-0.0567082	-0.0841342	-0.130792	-0.180895	-0.238912	-0.307565	-0.372817	-0.407624	-0.414904	-0.399073	-0.357375	-0.283686	-0.174441	-0.0355096	0.11519	0.264487	0.414899	0.56158	0.685293	0.775005	0.831812	0.853311	0.836159	0.782922	0.697729	0.585693	0.451297	0.329897	0.246693	0.216045	0.233829	0.287467	0.363909	0.441313	0.478212	0.445783	0.337125	0.147798	-0.1037	-0.406994	-0.740632	-1.05859	-1.31014	-1.43455	-1.39875	-1.21504	-0.928336	-0.594239	-0.265562	0.0183819	0.250761	0.421256	0.510133	0.523783	0.476662	0.392858	0.313477	0.264455	0.260202	0.317345	0.441011	0.613203	0.792865	0.950317	1.08891	1.20017	1.25078	1.23141	1.15517	1.02066	0.824149	0.578778	0.299801	0	
0	0.0027562	0.00305033	0.00253175	1.64456e-05	-0.00752702	-0.0108888	-0.014459	-0.0189428	-0.0212657	-0.0220142	-0.0205191	-0.0196071	-0.0160906	-0.0208028	-0.0255696	-0.0347696	-0.0538274	-0.0651719	-0.0724347	-0.0739713	-0.0689062	-0.0543001	-0.0481492	-0.0521568	-0.067035	-0.0947828	-0.137054	-0.194605	-0.25421	-0.315409	-0.376132	-0.418085	-0.422003	-0.400108	-0.357375	-0.289776	-0.185038	-0.0493752	0.107815	0.259714	0.400329	0.537977	0.668468	0.774108	0.835769	0.857534	0.839292	0.783712	0.705144	0.606292	0.494641	0.372202	0.267035	0.203015	0.190026	0.219291	0.281908	0.364174	0.440668	0.476434	0.443633	0.332544	0.145913	-0.0995973	-0.401039	-0.736293	-1.05739	-1.31045	-1.43642	-1.40564	-1.22546	-0.937968	-0.601687	-0.268739	0.0240616	0.26594	0.44055	0.527928	0.53489	0.475484	0.37843	0.290695	0.239417	0.235873	0.292013	0.411581	0.58023	0.762088	0.929931	1.08379	1.20903	1.27036	1.26008	1.18999	1.05432	0.847717	0.588559	0.300884	0	
0	-0.0031964	-0.0102975	-0.0110719	-0.0141383	-0.0170373	-0.0149488	-0.0190136	-0.0181333	-0.0137485	-0.0113066	-0.00997035	-0.0104461	-0.0142303	-0.02785	-0.041441	-0.0534518	-0.0675929	-0.0707346	-0.0652497	-0.0599569	-0.0504555	-0.0445697	-0.0511495	-0.0728808	-0.102117	-0.144455	-0.198569	-0.265886	-0.326457	-0.377275	-0.414694	-0.425528	-0.400304	-0.351519	-0.283686	-0.185038	-0.0541015	0.100787	0.259128	0.401749	0.527956	0.649673	0.762585	0.83999	0.86663	0.847707	0.789974	0.707361	0.61284	0.513763	0.411461	0.302867	0.216204	0.168711	0.16788	0.207877	0.277256	0.362967	0.444424	0.481391	0.448285	0.339385	0.152326	-0.0963455	-0.400562	-0.736891	-1.05925	-1.31695	-1.44795	-1.41758	-1.23553	-0.944698	-0.599637	-0.25658	0.0408799	0.281901	0.451522	0.531192	0.530024	0.465276	0.369171	0.287768	0.243406	0.243154	0.297114	0.410697	0.572034	0.74488	0.900971	1.04195	1.15863	1.22254	1.22583	1.17007	1.0389	0.826596	0.56193	0.280996	0	
0	-0.00642426	-0.0149519	-0.0194812	-0.0225337	-0.0270474	-0.0232974	-0.0192062	-0.0137894	-0.00843214	-0.00875826	-0.011048	-0.0203108	-0.0305602	-0.0460241	-0.0546019	-0.0591945	-0.0635147	-0.054633	-0.044774	-0.0405665	-0.0419283	-0.0490306	-0.0723035	-0.107548	-0.151675	-0.206177	-0.270121	-0.336006	-0.383095	-0.409106	-0.41721	-0.399052	-0.346774	-0.272388	-0.174441	-0.0493752	0.100787	0.257811	0.407153	0.534239	0.643987	0.74922	0.835042	0.877746	0.861245	0.801513	0.712657	0.611169	0.513862	0.421979	0.33212	0.2409	0.171544	0.140058	0.1549	0.205341	0.28308	0.376274	0.458217	0.493292	0.458153	0.343758	0.153736	-0.0960763	-0.403843	-0.745224	-1.07365	-1.33241	-1.45878	-1.42369	-1.23451	-0.933772	-0.583527	-0.242501	0.0503158	0.284394	0.44423	0.518457	0.520651	0.464795	0.379942	0.309541	0.273245	0.277017	0.330325	0.437687	0.584575	0.731765	0.853776	0.961348	1.05563	1.11443	1.12694	1.08482	0.964718	0.76159	0.509613	0.250483	0	
0	-0.00523415	-0.0132428	-0.0134973	-0.0149711	-0.0148159	-0.00918129	-0.0113183	-0.0138449	-0.0170591	-0.0262581	-0.0373994	-0.0476856	-0.0557844	-0.063898	-0.0634097	-0.0557024	-0.0506358	-0.0394422	-0.0344062	-0.0411286	-0.0527598	-0.0745138	-0.110952	-0.161355	-0.216572	-0.278377	-0.337905	-0.38725	-0.407684	-0.404906	-0.386414	-0.340875	-0.262253	-0.158052	-0.0355096	0.107815	0.259128	0.407153	0.539595	0.648262	0.739943	0.818892	0.87088	0.869159	0.810285	0.717779	0.608906	0.505392	0.416256	0.340133	0.268838	0.195275	0.143733	0.128962	0.155191	0.215141	0.299844	0.394374	0.476514	0.507415	0.464895	0.344179	0.147321	-0.109596	-0.422621	-0.763997	-1.08596	-1.33633	-1.45508	-1.41156	-1.21769	-0.919613	-0.574405	-0.240156	0.042412	0.26745	0.425792	0.508332	0.524361	0.482826	0.411893	0.353915	0.327064	0.336193	0.387377	0.481036	0.600197	0.70727	0.784404	0.85113	0.914159	0.954682	0.962848	0.929366	0.830323	0.658037	0.440717	0.21613	0	
