0	0	0	0	0	0	0	0	0	0	0	0	0	0	0	0	0	0	0	0	0	0	0	0	0	0	0	0	0	0	0	0	0	0	0	0	0	0	0	0	0	0	0	0	0	0	0	0	0	0	0	0	0	0	0	0	0	0	0	0	0	0	0	0	0	0	0	0	0	0	0	0	0	0	0	0	0	0	0	0	0	0	0	0	0	0	0	0	0	0	0	0	0	0	0	0	0	0	0	0	
0	-0.000257239	-0.00021514	-0.000734625	0.000238006	0.00047327	-0.00105713	0.00144665	-0.00131996	-0.00152122	2.59347e-05	-0.00102262	-3.35627e-05	0.0018673	0.00186853	0.0017097	-0.00217717	-0.000621314	0.00193386	0.000970227	-0.000495917	0.000345871	9.52666e-05	-0.000926032	0.000448998	0.000702277	-0.0014371	-0.000314971	0.00121497	-0.00175915	-0.000472231	0.00124204	-0.00102708	-0.00129102	0.000722312	0.000339613	-0.00110525	-0.00112007	0.000366881	-0.000212687	-0.00350267	-0.00567171	-0.00440176	-0.0117068	-0.0214307	-0.0290589	-0.0357013	-0.0477238	-0.0570976	-0.0553511	-0.0422552	-0.0191814	0.0121166	0.0408411	0.0721759	0.0940038	0.100781	0.0899256	0.0677672	0.0536059	0.0362017	0.0125881	-0.0145731	-0.0414263	-0.0585992	-0.0583391	-0.0445691	-0.0206112	0.00480029	0.0149092	0.0124473	-0.00438395	-0.0306505	-0.0520302	-0.0615907	-0.0508957	-0.0291877	-0.00533376	0.0215046	0.0429919	0.0585158	0.0764534	0.0963197	0.102089	0.0858912	0.0612695	0.0317618	-0.00226927	-0.02859	-0.0472048	-0.058843	-0.0547976	-0.0417722	-0.0331421	-0.0275671	-0.0178372	-0.00694109	-0.00452893	-0.00600051	0	
0	-0.00021514	0.00128873	0.000262605	-0.000508821	0.000766607	-0.00157101	0.00115853	-0.00039173	0.00183055	0.00283196	-0.00265978	0.00258789	-0.00286176	-0.00606308	0.000611614	0.00106152	0.000580608	-0.00233864	-0.000611215	-0.00323487	0.00212862	-0.00055337	-0.000957297	-0.000270544	0.00105415	-0.00237946	0.000145659	0.00307144	-0.00378575	0.000178899	0.00160048	-0.000235289	-0.00373634	0.00299902	-0.00157407	-0.000417856	-0.00462961	0.00146772	-0.00323113	-0.00744471	-0.0129802	-0.0115243	-0.0249521	-0.0456603	-0.0590696	-0.0737738	-0.097375	-0.113287	-0.112062	-0.0824785	-0.0380949	0.0244611	0.0851447	0.143691	0.190612	0.201622	0.177975	0.137223	0.104142	0.0694399	0.0248718	-0.0315587	-0.081537	-0.111733	-0.114333	-0.0856975	-0.038115	0.0044918	0.0236777	0.0222374	-0.0112233	-0.060205	-0.0966512	-0.117569	-0.106079	-0.0641443	-0.00857565	0.0471017	0.0870456	0.117403	0.152671	0.190788	0.202892	0.171752	0.121309	0.0618504	-0.0044973	-0.0570515	-0.09474	-0.116871	-0.108639	-0.0836658	-0.0663088	-0.0544817	-0.035435	-0.0144372	-0.0091801	-0.0113646	0	
0	-0.000734625	0.000262605	-0.00141207	0.000567332	0.000859294	-0.00190847	0.00290697	-0.00308103	-0.00135809	7.18595e-05	-0.00298134	0.00159064	0.00182473	0.00165588	0.00407058	-0.00424775	-0.0012596	0.00206206	0.00124351	-0.00111046	0.00172586	-0.000932743	-0.00306869	0.00136174	0.00162416	-0.00326576	-0.00105761	0.00282665	-0.0043722	-0.000551602	0.0023071	-0.00231482	-0.00329172	0.0020142	-0.000226398	-0.00247977	-0.00361047	0.000675956	-0.00261939	-0.0102855	-0.0166927	-0.0157683	-0.0366348	-0.0639419	-0.0864084	-0.108354	-0.143463	-0.168084	-0.164401	-0.125089	-0.0585977	0.0328334	0.121659	0.212511	0.279193	0.29784	0.266788	0.206755	0.161145	0.10886	0.039287	-0.0424239	-0.120317	-0.169056	-0.171141	-0.130108	-0.060194	0.0068967	0.037147	0.0314603	-0.0179226	-0.0903328	-0.150312	-0.178702	-0.151008	-0.0872499	-0.0118717	0.0681223	0.130388	0.177282	0.230576	0.285872	0.300411	0.254039	0.179799	0.0906029	-0.00804985	-0.0864225	-0.141603	-0.172496	-0.161368	-0.126266	-0.0992299	-0.0799052	-0.0526171	-0.0230674	-0.014076	-0.0155045	0	
0	0.000238006	-0.000508821	0.000567332	-0.00160598	0.00105513	-0.00200572	0.00102283	0.000327249	-0.000254892	0.00260577	-0.00184308	0.000939263	-0.00119926	-0.00340158	0.00084569	-0.000358304	0.000715856	5.79842e-05	-0.000641406	-0.00275505	-1.39349e-05	0.000540371	-0.000291708	-0.000411161	-0.000155323	-0.00336835	0.00101535	0.00225233	-0.004646	-0.000741905	0.00256803	-0.00262164	-0.00333624	0.00190523	-0.00096617	-0.00308026	-0.0044965	-0.000512746	-0.00478826	-0.0144498	-0.0214627	-0.0247677	-0.0498573	-0.0857084	-0.114095	-0.146723	-0.190473	-0.221867	-0.215869	-0.166265	-0.0780388	0.0399158	0.16088	0.280219	0.367247	0.393553	0.351611	0.279181	0.215287	0.144359	0.0540503	-0.0555396	-0.154816	-0.217844	-0.222075	-0.167924	-0.0806071	0.00170839	0.039691	0.0317412	-0.0275669	-0.117364	-0.193513	-0.228807	-0.19938	-0.118397	-0.0126963	0.0942518	0.177089	0.241775	0.308425	0.373727	0.393047	0.336934	0.236085	0.114374	-0.0129771	-0.115388	-0.188087	-0.225851	-0.212087	-0.168955	-0.131937	-0.103759	-0.069153	-0.0329745	-0.0193288	-0.0181316	0	
0	0.00047327	0.000766607	0.000859294	0.00105513	0.000356901	-0.000359535	0.000932936	-0.00273916	0.000618699	2.81659e-06	-0.00292048	0.00226983	-0.0011268	-0.0023413	0.000988322	-0.00193571	-0.000994692	-0.000953202	-0.00120788	-0.000760311	0.00237895	-0.00165991	-0.00361355	0.000758191	0.00182968	-0.00247584	-0.000893759	0.00184962	-0.00367409	0.00027283	0.00127537	-0.00215798	-0.00284996	0.00182712	-0.00154214	-0.00285706	-0.0044605	-0.00140971	-0.00679684	-0.0166632	-0.02532	-0.0329476	-0.0633031	-0.103742	-0.141345	-0.183007	-0.237143	-0.271644	-0.26636	-0.206654	-0.100114	0.0426784	0.196214	0.341612	0.450746	0.482528	0.436644	0.353981	0.273124	0.184061	0.0702559	-0.0640208	-0.187598	-0.263985	-0.271127	-0.206938	-0.100413	-0.00645732	0.0401801	0.0312655	-0.0417494	-0.147222	-0.238029	-0.278436	-0.240048	-0.139977	-0.00985209	0.121031	0.222927	0.303455	0.38745	0.464672	0.481789	0.411273	0.286604	0.136785	-0.0181851	-0.14604	-0.234365	-0.275476	-0.260182	-0.211821	-0.164423	-0.125809	-0.0847791	-0.0441888	-0.0250732	-0.0191888	0	
0	-0.00105713	-0.00157101	-0.00190847	-0.00200572	-0.000359535	-0.000915331	0.000579399	0.00101844	-0.000256959	-0.000165175	0.000495158	-0.000652068	0.000116857	0.00223521	0.00171745	-0.00103739	-0.000186123	0.00098828	-2.54937e-05	-0.000367818	-0.00286493	-0.000125727	-9.21237e-05	-0.000548646	-0.00239672	-0.00271163	-0.000302646	-0.000980846	-0.00321963	-0.00184307	7.40253e-07	-0.00397551	-0.00178134	-0.00155528	-0.00149481	-0.00480908	-0.00337301	-0.00472763	-0.00808487	-0.0191041	-0.0278627	-0.0419876	-0.0751576	-0.119468	-0.165327	-0.218556	-0.278324	-0.318589	-0.310718	-0.246437	-0.122545	0.0430519	0.22504	0.398711	0.523902	0.564658	0.51838	0.429019	0.333531	0.226305	0.0897041	-0.067817	-0.211819	-0.305065	-0.314707	-0.241945	-0.127329	-0.020336	0.0349707	0.0201859	-0.0569992	-0.172417	-0.279357	-0.322282	-0.275761	-0.158256	-0.00528831	0.146373	0.271833	0.374252	0.46829	0.545212	0.560934	0.484131	0.335523	0.153653	-0.0276074	-0.177052	-0.277982	-0.321494	-0.306265	-0.254168	-0.196184	-0.146318	-0.0994897	-0.0563763	-0.031321	-0.0189669	0	
0	0.00144665	0.00115853	0.00290697	0.00102283	0.000932936	0.000579399	-0.00233477	-3.64938e-05	-0.00179367	-0.00118349	0.000478393	-0.0017586	-0.00098771	-0.0015071	-0.0047007	0.00056357	-0.00091563	-0.000981739	-0.00200367	0.000706035	-0.0011391	0.000488639	-0.000484314	-0.00138639	0.000341694	0.000225852	0.000106078	-0.00132387	0.000379796	-0.000540731	-0.000337801	-0.0012959	-1.7684e-06	-0.00142879	-0.0012506	-0.00315342	-0.00263456	-0.00662618	-0.00993252	-0.0211393	-0.0314172	-0.0541562	-0.088231	-0.137461	-0.192119	-0.256804	-0.322065	-0.364324	-0.356708	-0.286355	-0.14661	0.0398324	0.253649	0.450853	0.594127	0.644371	0.599998	0.508231	0.395308	0.266867	0.108449	-0.0715532	-0.234358	-0.337523	-0.350339	-0.272751	-0.150185	-0.0386582	0.0191402	0.00192553	-0.0792316	-0.202251	-0.314448	-0.35449	-0.304648	-0.174222	0.00279226	0.177238	0.322501	0.442165	0.547858	0.626259	0.636076	0.547078	0.375099	0.167443	-0.0366211	-0.208374	-0.321028	-0.364589	-0.349014	-0.294603	-0.227422	-0.166113	-0.113159	-0.0687739	-0.0380485	-0.0181578	0	
0	-0.00131996	-0.00039173	-0.00308103	0.000327249	-0.00273916	0.00101844	-3.64938e-05	0.000126973	0.00181676	-0.000773015	0.00139466	-0.00143134	0.000327628	0.00112487	-0.00179521	0.00250828	-0.00176471	-0.00148731	-0.000724403	-0.00089829	-0.00148997	-0.00183787	-0.00124538	-0.00300215	-0.00100509	-0.000865385	-0.00361076	-0.0031838	-0.000166971	-0.0024991	-0.00443578	-0.00103948	-0.00229821	-0.00371748	-0.00384744	-0.002974	-0.00489076	-0.00902732	-0.0134756	-0.0213945	-0.0364519	-0.0634789	-0.0997863	-0.15006	-0.216003	-0.288843	-0.359215	-0.402014	-0.396852	-0.321675	-0.170957	0.0342947	0.275174	0.491514	0.652324	0.710692	0.677378	0.585537	0.458738	0.312886	0.132013	-0.0656703	-0.246297	-0.361119	-0.379609	-0.30422	-0.179734	-0.0659302	-0.004096	-0.0206616	-0.104701	-0.230867	-0.343982	-0.382767	-0.32723	-0.180677	0.0150868	0.207869	0.374862	0.513575	0.628313	0.702113	0.701119	0.600681	0.410208	0.178789	-0.0494244	-0.241195	-0.360863	-0.403666	-0.389101	-0.333068	-0.257718	-0.185413	-0.125898	-0.0807535	-0.0451254	-0.0175563	0	
0	-0.00152122	0.00183055	-0.00135809	-0.000254892	0.000618699	-0.000256959	-0.00179367	0.00181676	-0.00218703	-0.00233036	0.00192894	-0.00338071	0.000122754	0.00224197	-0.00299995	0.00151486	-0.00196325	-0.00129754	0.00146594	0.000510898	-0.00418808	-0.000118485	0.00245973	-0.00272683	-0.00234462	0.00085069	-0.00199263	-0.00265537	0.00197248	-0.0033351	-0.00345044	0.00065898	-0.00111674	-0.0046498	-0.00243135	-0.00206988	-0.00440273	-0.0110469	-0.0141396	-0.0223258	-0.0407488	-0.0743661	-0.109749	-0.165623	-0.239865	-0.323498	-0.394313	-0.440922	-0.436275	-0.357812	-0.198342	0.0278124	0.288886	0.527839	0.700639	0.773862	0.754775	0.664085	0.525943	0.358415	0.157602	-0.0587327	-0.251816	-0.376514	-0.401341	-0.328473	-0.212317	-0.0977285	-0.0335835	-0.055501	-0.136766	-0.259381	-0.369521	-0.400763	-0.33831	-0.180279	0.0307348	0.239275	0.427781	0.588273	0.709063	0.771031	0.756793	0.646034	0.438414	0.184745	-0.0647557	-0.2722	-0.397485	-0.440959	-0.426541	-0.367849	-0.286543	-0.20511	-0.138153	-0.0914775	-0.0522039	-0.0180398	0	
0	2.59347e-05	0.00283196	7.18595e-05	0.00260577	2.81659e-06	-0.000165175	-0.00118349	-0.000773015	-0.00233036	-0.000133193	0.000924039	-0.00329252	0.00147967	-0.00280766	-0.00463752	0.00111263	-0.0020284	-0.0010156	-0.000777961	-0.00260391	7.22696e-05	0.000357465	-0.00140776	-0.00475629	0.00171873	0.00156764	-0.00419993	-0.0027789	0.00346132	-0.00411154	-0.00343637	0.00167046	-0.00187879	-0.00507212	-0.00243181	-0.00145724	-0.00617049	-0.0123936	-0.0164025	-0.0232615	-0.0480638	-0.0834332	-0.121135	-0.180212	-0.265249	-0.35426	-0.427328	-0.475802	-0.472529	-0.391845	-0.22301	0.0186975	0.299634	0.55382	0.740086	0.829485	0.827752	0.741094	0.591958	0.404762	0.183956	-0.0450517	-0.24986	-0.380024	-0.410397	-0.352552	-0.244321	-0.135378	-0.0771876	-0.0952235	-0.175155	-0.292675	-0.386299	-0.406868	-0.33879	-0.173626	0.0477829	0.2764	0.485922	0.658209	0.783329	0.839262	0.807572	0.677443	0.455599	0.188082	-0.0797694	-0.302066	-0.432409	-0.476187	-0.460216	-0.398712	-0.314091	-0.2254	-0.150087	-0.100471	-0.059015	-0.020233	0	
0	-0.00102262	-0.00265978	-0.00298134	-0.00184308	-0.00292048	0.000495158	0.000478393	0.00139466	0.00192894	0.000924039	0.000365463	-0.00182473	0.00146929	-0.000582919	-0.000579899	0.00265975	-0.00184458	-0.00218692	-0.000231887	-0.00228865	-0.00255349	-0.00363805	0.000154096	-0.00384171	-0.00227733	-0.00259633	-0.00525926	-0.00252119	-0.000124511	-0.00670534	-0.00475193	0.000270545	-0.00527809	-0.00647053	-0.00400466	-0.00315539	-0.00910523	-0.0145625	-0.0183473	-0.0261813	-0.0547552	-0.091106	-0.130136	-0.19418	-0.287113	-0.379466	-0.454479	-0.505118	-0.503661	-0.421459	-0.245877	0.00813991	0.301792	0.567948	0.764794	0.875029	0.892373	0.813841	0.658471	0.453282	0.218786	-0.0228292	-0.234908	-0.370024	-0.414004	-0.374574	-0.28295	-0.184179	-0.126437	-0.141245	-0.217891	-0.322047	-0.397284	-0.405923	-0.330261	-0.158427	0.0731396	0.315	0.540113	0.730131	0.859855	0.89864	0.84341	0.699015	0.468991	0.187075	-0.0986188	-0.330101	-0.463183	-0.508839	-0.491161	-0.426299	-0.33961	-0.245678	-0.162221	-0.10796	-0.0652046	-0.0241107	0	
0	-3.35627e-05	0.00258789	0.00159064	0.000939263	0.00226983	-0.000652068	-0.0017586	-0.00143134	-0.00338071	-0.00329252	-0.00182473	-0.000950306	-0.000928436	-0.00197182	0.00234162	-0.00333057	-0.00208927	-0.00109373	0.00114051	-0.000252018	3.37645e-05	0.000462147	-0.000514416	-0.00162554	-7.43896e-05	0.00145275	-0.002586	-0.000297007	0.00124481	-0.00402033	-0.000460019	0.00059074	-0.00246146	-0.0043313	-0.000698831	-0.00289085	-0.00748518	-0.0135051	-0.0175101	-0.028443	-0.0599667	-0.0967898	-0.139696	-0.21081	-0.309262	-0.405598	-0.482427	-0.537012	-0.536592	-0.451482	-0.27135	-0.00411549	0.296282	0.574426	0.783924	0.916754	0.95632	0.885978	0.724511	0.503441	0.25356	0.000796994	-0.213342	-0.352929	-0.409238	-0.389615	-0.320185	-0.235009	-0.180187	-0.195932	-0.269438	-0.353061	-0.404475	-0.396568	-0.306809	-0.130436	0.102552	0.355329	0.596626	0.797487	0.926423	0.952789	0.875623	0.710503	0.469741	0.17919	-0.115622	-0.352912	-0.491958	-0.540651	-0.5189	-0.45014	-0.362756	-0.265663	-0.174979	-0.114415	-0.0704819	-0.0291076	0	
0	0.0018673	-0.00286176	0.00182473	-0.00119926	-0.0011268	0.000116857	-0.00098771	0.000327628	0.000122754	0.00147967	0.00146929	-0.000928436	0.000695701	-0.00318171	-0.00263567	-0.00421107	0.00125726	0.00106558	-0.00452114	-0.00289233	-0.00337095	-0.00187291	-0.00333851	-0.00209186	-0.00271519	-0.00317251	-0.00398811	-0.00270654	-0.00226704	-0.00583212	-0.00184667	-0.00403244	-0.0042374	-0.00642461	-0.00287567	-0.00745167	-0.00959711	-0.0164498	-0.0204887	-0.0355218	-0.0664947	-0.103334	-0.151284	-0.227379	-0.328881	-0.425732	-0.505533	-0.562975	-0.560403	-0.475813	-0.287318	-0.0177815	0.28773	0.570519	0.791088	0.948286	1.00563	0.947935	0.784363	0.553074	0.293238	0.0365732	-0.178297	-0.321288	-0.3918	-0.404116	-0.359925	-0.291813	-0.246765	-0.25818	-0.321459	-0.383394	-0.405589	-0.37139	-0.269813	-0.100183	0.13304	0.400922	0.655309	0.861538	0.987509	0.998242	0.895449	0.711603	0.464402	0.167715	-0.132782	-0.373563	-0.518429	-0.568901	-0.543129	-0.472181	-0.383828	-0.284001	-0.188135	-0.12095	-0.074944	-0.0340684	0	
0	0.00186853	-0.00606308	0.00165588	-0.00340158	-0.0023413	0.00223521	-0.0015071	0.00112487	0.00224197	-0.00280766	-0.000582919	-0.00197182	-0.00318171	0.00138555	0.00168675	0.00110176	-0.00103585	-0.00257059	-0.00576751	0.00408522	-0.00232189	-0.00155732	-0.00276503	0.000451172	-0.00468348	-0.00198043	-0.00104956	-0.00256038	-0.00407102	-0.00250687	-0.00154401	-0.00515678	-0.00283745	-0.00490358	-0.00271427	-0.00885882	-0.00763917	-0.0166428	-0.0204251	-0.0410824	-0.0678445	-0.107982	-0.161274	-0.242643	-0.344983	-0.442807	-0.528737	-0.586656	-0.584443	-0.497291	-0.305185	-0.0352909	0.270051	0.556208	0.790645	0.970328	1.04736	1.0036	0.843341	0.605828	0.340422	0.0801264	-0.133847	-0.280517	-0.373685	-0.415103	-0.40069	-0.355582	-0.312699	-0.321831	-0.374354	-0.407944	-0.402738	-0.345177	-0.230681	-0.0579417	0.182113	0.452347	0.706367	0.917023	1.0398	1.03367	0.908448	0.707185	0.4499	0.148945	-0.148946	-0.389831	-0.541529	-0.593697	-0.565238	-0.493352	-0.402164	-0.299559	-0.201719	-0.128822	-0.0787254	-0.037547	0	
0	0.0017097	0.000611614	0.00407058	0.00084569	0.000988322	0.00171745	-0.0047007	-0.00179521	-0.00299995	-0.00463752	-0.000579899	0.00234162	-0.00263567	0.00168675	-0.00398907	-0.0034079	-0.00134389	-0.000752212	0.000837221	0.000575628	-0.00299008	-0.00228292	-0.000466629	-0.000491863	-0.00335494	-0.000448466	-0.000524129	-0.00396336	-0.00349907	0.00151868	-0.0043815	-0.00418012	-0.00250831	-0.00166544	-0.00648446	-0.0066554	-0.00902563	-0.0142178	-0.0250051	-0.0445988	-0.0701647	-0.113805	-0.172947	-0.259398	-0.358325	-0.46124	-0.551719	-0.60878	-0.60718	-0.513831	-0.322237	-0.0542175	0.24955	0.535306	0.788131	0.983975	1.07902	1.05247	0.894702	0.659066	0.389602	0.127196	-0.0814431	-0.235607	-0.348581	-0.417962	-0.436152	-0.413532	-0.381933	-0.392464	-0.430466	-0.437295	-0.397002	-0.3058	-0.175181	-0.0019471	0.230953	0.497573	0.759187	0.971125	1.08032	1.05686	0.91326	0.695029	0.42791	0.127306	-0.163566	-0.404106	-0.561505	-0.614094	-0.585281	-0.514008	-0.418073	-0.312156	-0.215226	-0.138527	-0.0821939	-0.0386893	0	
0	-0.00217717	0.00106152	-0.00424775	-0.000358304	-0.00193571	-0.00103739	0.00056357	0.00250828	0.00151486	0.00111263	0.00265975	-0.00333057	-0.00421107	0.00110176	-0.0034079	-0.003813	0.0021381	-0.0029812	-0.00377361	-0.0040878	-0.00351265	-0.00365258	-0.00144642	-0.00225796	-0.00645795	-0.00301773	-0.00116998	-0.00673295	-0.00383936	-0.00088875	-0.00710543	-0.00610862	-0.00218313	-0.0051957	-0.00931737	-0.0086864	-0.0104353	-0.0167593	-0.0313884	-0.0488992	-0.0744079	-0.120718	-0.187704	-0.272575	-0.370044	-0.47785	-0.56997	-0.627362	-0.62033	-0.524343	-0.334614	-0.0703319	0.223165	0.513516	0.77578	0.982431	1.0961	1.08125	0.938547	0.711535	0.442516	0.190466	-0.0161089	-0.181834	-0.313916	-0.419193	-0.474568	-0.474681	-0.457369	-0.464584	-0.477422	-0.45428	-0.384365	-0.264876	-0.117963	0.0567693	0.286473	0.553759	0.813248	1.01311	1.10626	1.06688	0.9088	0.679212	0.403001	0.102314	-0.17963	-0.416825	-0.576505	-0.629611	-0.603878	-0.53439	-0.432188	-0.322029	-0.227751	-0.149819	-0.0859204	-0.0375743	0	
0	-0.000621314	0.000580608	-0.0012596	0.000715856	-0.000994692	-0.000186123	-0.00091563	-0.00176471	-0.00196325	-0.0020284	-0.00184458	-0.00208927	0.00125726	-0.00103585	-0.00134389	0.0021381	0.00188996	-0.00666613	-0.000434681	0.000372782	6.94015e-06	-0.00162693	-0.00126967	-0.00265778	-0.00468327	0.000916035	-0.00110016	-0.00749911	-0.00136402	-0.000162205	-0.00697738	-0.0047104	-0.000465811	-0.00572989	-0.00831006	-0.00709356	-0.00901683	-0.0167206	-0.0336312	-0.0483675	-0.0752222	-0.126113	-0.198675	-0.280862	-0.379692	-0.493282	-0.588004	-0.643926	-0.633047	-0.535634	-0.350006	-0.0934208	0.192298	0.487212	0.7567	0.973246	1.10155	1.10382	0.981517	0.764168	0.50393	0.258407	0.0479706	-0.127542	-0.283032	-0.418409	-0.500719	-0.527891	-0.527425	-0.527968	-0.521903	-0.47411	-0.368545	-0.219791	-0.0597239	0.124454	0.356809	0.613021	0.857345	1.04358	1.11985	1.06459	0.898104	0.659212	0.373036	0.0757216	-0.195189	-0.427987	-0.587023	-0.641229	-0.621114	-0.553568	-0.44498	-0.330315	-0.238753	-0.161533	-0.0902164	-0.0353451	0	
0	0.00193386	-0.00233864	0.00206206	5.79842e-05	-0.000953202	0.00098828	-0.000981739	-0.00148731	-0.00129754	-0.0010156	-0.00218692	-0.00109373	0.00106558	-0.00257059	-0.000752212	-0.0029812	-0.00666613	-0.000937351	0.0015483	-0.00201475	-0.00417375	-0.0033328	-0.00323879	-0.00169568	-0.00278975	-0.00124173	-0.00485622	-0.00596019	0.00043178	-0.00294889	-0.00819551	-0.00337403	-0.00129001	-0.00789482	-0.00834636	-0.00799294	-0.00962586	-0.020957	-0.0360119	-0.0512569	-0.0788552	-0.136666	-0.209833	-0.28966	-0.39226	-0.509251	-0.605307	-0.656601	-0.640472	-0.543826	-0.360213	-0.115548	0.166639	0.463131	0.732161	0.954215	1.08953	1.11164	1.01243	0.810762	0.567942	0.331514	0.118213	-0.069374	-0.247119	-0.40994	-0.520402	-0.57569	-0.592928	-0.587001	-0.560696	-0.48501	-0.348071	-0.177648	0.00483503	0.205294	0.426537	0.664601	0.899467	1.06918	1.12119	1.04952	0.875386	0.631159	0.345685	0.0539557	-0.213445	-0.440606	-0.59262	-0.649092	-0.63658	-0.570334	-0.457256	-0.338887	-0.247843	-0.171595	-0.0951424	-0.0341441	0	
0	0.000970227	-0.000611215	0.00124351	-0.000641406	-0.00120788	-2.54937e-05	-0.00200367	-0.000724403	0.00146594	-0.000777961	-0.000231887	0.00114051	-0.00452114	-0.00576751	0.000837221	-0.00377361	-0.000434681	0.0015483	-0.00375554	-0.00678391	-0.00154478	-0.00233034	-0.00100962	-0.00272011	-0.00449661	-0.0043947	-0.00292498	-0.00316673	-0.00228241	-0.00653083	-0.00574969	-0.00224684	-0.00440027	-0.00872571	-0.00802296	-0.0075582	-0.0125412	-0.0226198	-0.0383882	-0.0512024	-0.0853775	-0.144839	-0.217787	-0.296682	-0.404264	-0.524343	-0.618864	-0.664971	-0.646686	-0.548692	-0.373401	-0.136095	0.142955	0.436034	0.703775	0.920771	1.06523	1.10887	1.03266	0.856826	0.634776	0.406055	0.191193	-0.0117873	-0.21211	-0.393521	-0.53106	-0.617017	-0.647448	-0.637476	-0.592463	-0.483091	-0.319646	-0.133974	0.0680483	0.277761	0.49469	0.726723	0.94255	1.08095	1.1062	1.01895	0.842087	0.604379	0.323901	0.0300982	-0.235576	-0.449572	-0.593712	-0.656612	-0.649608	-0.582951	-0.469762	-0.349327	-0.254884	-0.178217	-0.100548	-0.0359632	0	
0	-0.000495917	-0.00323487	-0.00111046	-0.00275505	-0.000760311	-0.000367818	0.000706035	-0.00089829	0.000510898	-0.00260391	-0.00228865	-0.000252018	-0.00289233	0.00408522	0.000575628	-0.0040878	0.000372782	-0.00201475	-0.00678391	-0.000775177	0.00164888	-0.0029454	-0.0063513	-0.00347088	-0.0037003	-0.00226623	-0.00470571	-0.00366335	-0.00694243	-0.0043683	-0.00453581	-0.00433925	-0.00822631	-0.00720463	-0.00745558	-0.00936785	-0.0145194	-0.0245406	-0.036976	-0.0535832	-0.0906863	-0.151263	-0.221114	-0.302657	-0.416264	-0.535262	-0.628831	-0.669151	-0.650731	-0.553949	-0.386612	-0.154932	0.120422	0.40869	0.665443	0.877135	1.02951	1.09355	1.0473	0.899961	0.702382	0.483494	0.261591	0.0404048	-0.177225	-0.376011	-0.536332	-0.640641	-0.683405	-0.671503	-0.604953	-0.474278	-0.298876	-0.0942754	0.131136	0.351684	0.570105	0.788935	0.971024	1.07631	1.08128	0.983104	0.803917	0.571118	0.298516	0.00959928	-0.251285	-0.45656	-0.597643	-0.663896	-0.657068	-0.591657	-0.483331	-0.361623	-0.260293	-0.181134	-0.105904	-0.041268	0	
0	0.000345871	0.00212862	0.00172586	-1.39349e-05	0.00237895	-0.00286493	-0.0011391	-0.00148997	-0.00418808	7.22696e-05	-0.00255349	3.37645e-05	-0.00337095	-0.00232189	-0.00299008	-0.00351265	6.94015e-06	-0.00417375	-0.00154478	0.00164888	-0.00308565	-0.00584457	-0.00350596	0.00270917	-0.00311821	-0.00556882	-0.00290237	-0.00117631	-0.00606369	-0.00251181	-0.00296168	-0.00619919	-0.00623728	-0.00447035	-0.00682061	-0.0106147	-0.0150332	-0.0238966	-0.0360462	-0.0575019	-0.0973218	-0.15615	-0.22461	-0.314031	-0.429309	-0.548926	-0.636753	-0.67638	-0.655523	-0.561548	-0.399175	-0.167796	0.103663	0.383495	0.625228	0.829098	0.986483	1.07031	1.04944	0.934649	0.760909	0.550843	0.326382	0.089473	-0.137325	-0.347905	-0.526104	-0.646556	-0.704701	-0.690764	-0.607756	-0.460404	-0.266921	-0.0469036	0.187621	0.418315	0.640918	0.839355	0.988877	1.07015	1.05345	0.934801	0.750524	0.532893	0.280056	-0.00332996	-0.265652	-0.465981	-0.60253	-0.668129	-0.660747	-0.598759	-0.496361	-0.374166	-0.265571	-0.181763	-0.110308	-0.0486258	0	
0	9.52666e-05	-0.00055337	-0.000932743	0.000540371	-0.00165991	-0.000125727	0.000488639	-0.00183787	-0.000118485	0.000357465	-0.00363805	0.000462147	-0.00187291	-0.00155732	-0.00228292	-0.00365258	-0.00162693	-0.0033328	-0.00233034	-0.0029454	-0.00584457	-0.0044371	-0.00116878	-0.00185983	-0.00871864	-0.00638955	0.000679789	-0.00533534	-0.00973674	-0.00250343	-0.00451154	-0.00926533	-0.00693155	-0.00519482	-0.0101223	-0.0131738	-0.0173899	-0.024389	-0.0380055	-0.0642995	-0.102888	-0.158657	-0.228643	-0.32548	-0.440008	-0.556002	-0.640853	-0.679162	-0.658096	-0.567736	-0.405724	-0.176645	0.0908962	0.353305	0.578125	0.772903	0.934305	1.03594	1.04308	0.961487	0.811943	0.614902	0.383367	0.13818	-0.0967684	-0.32045	-0.504268	-0.636786	-0.702074	-0.682101	-0.593123	-0.435735	-0.232095	-0.00480239	0.239258	0.478684	0.700045	0.880909	1.00378	1.05584	1.01033	0.87625	0.697724	0.497911	0.259263	-0.0180956	-0.274772	-0.470885	-0.608365	-0.672977	-0.663068	-0.603988	-0.50672	-0.385656	-0.272136	-0.182382	-0.113106	-0.0552318	0	
0	-0.000926032	-0.000957297	-0.00306869	-0.000291708	-0.00361355	-9.21237e-05	-0.000484314	-0.00124538	0.00245973	-0.00140776	0.000154096	-0.000514416	-0.00333851	-0.00276503	-0.000466629	-0.00144642	-0.00126967	-0.00323879	-0.00100962	-0.0063513	-0.00350596	-0.00116878	-0.00195673	-0.00768303	-0.0061623	-0.00195069	-0.00112755	-0.0110787	-0.00708665	-0.00034446	-0.00711694	-0.0112086	-0.00534708	-0.00569788	-0.0119267	-0.0140501	-0.0179611	-0.0225831	-0.0415827	-0.068123	-0.106192	-0.156768	-0.235786	-0.33508	-0.448172	-0.559975	-0.643935	-0.683347	-0.66253	-0.573987	-0.410238	-0.180476	0.0773669	0.32065	0.529964	0.714367	0.881021	0.995114	1.02787	0.976198	0.848152	0.662551	0.431613	0.184769	-0.0558071	-0.281437	-0.470273	-0.608089	-0.67118	-0.653132	-0.561301	-0.397656	-0.191385	0.0385084	0.283398	0.526664	0.745422	0.908535	1.00887	1.03215	0.959	0.818637	0.648481	0.456505	0.230077	-0.0272997	-0.27264	-0.475262	-0.61839	-0.676913	-0.663937	-0.609019	-0.514021	-0.39405	-0.280167	-0.185703	-0.11434	-0.0579033	0	
0	0.000448998	-0.000270544	0.00136174	-0.000411161	0.000758191	-0.000548646	-0.00138639	-0.00300215	-0.00272683	-0.00475629	-0.00384171	-0.00162554	-0.00209186	0.000451172	-0.000491863	-0.00225796	-0.00265778	-0.00169568	-0.00272011	-0.00347088	0.00270917	-0.00185983	-0.00768303	-0.00223871	-6.6909e-05	-0.0023309	-0.00661591	-0.00582304	-0.00167631	-0.000886014	-0.0102584	-0.00666255	-0.00251493	-0.00550814	-0.0122177	-0.0125165	-0.0150968	-0.0215484	-0.0438652	-0.0709075	-0.103851	-0.157445	-0.243929	-0.343977	-0.453999	-0.562671	-0.650519	-0.688996	-0.671341	-0.5794	-0.412417	-0.182965	0.0610659	0.286771	0.481228	0.660097	0.827975	0.95135	1.00743	0.97534	0.86758	0.691946	0.466747	0.225796	-0.0149896	-0.237171	-0.422696	-0.551952	-0.609927	-0.595088	-0.507671	-0.353142	-0.150119	0.0808286	0.324606	0.564035	0.770598	0.920798	1.00114	0.993802	0.907146	0.769556	0.596371	0.406869	0.20309	-0.029205	-0.270363	-0.481671	-0.62432	-0.678012	-0.668517	-0.615685	-0.516548	-0.397985	-0.289634	-0.193032	-0.114408	-0.0552562	0	
0	0.000702277	0.00105415	0.00162416	-0.000155323	0.00182968	-0.00239672	0.000341694	-0.00100509	-0.00234462	0.00171873	-0.00227733	-7.43896e-05	-0.00271519	-0.00468348	-0.00335494	-0.00645795	-0.00468327	-0.00278975	-0.00449661	-0.0037003	-0.00311821	-0.00871864	-0.0061623	-6.6909e-05	-0.00606035	-0.00812936	-0.00585073	-0.00340681	-0.00587415	-0.00763699	-0.0100373	-0.00524525	-0.00607045	-0.0108987	-0.0143376	-0.0140572	-0.016854	-0.0271596	-0.0508852	-0.0743378	-0.10521	-0.164967	-0.255865	-0.352363	-0.457781	-0.567258	-0.656003	-0.695597	-0.675468	-0.578492	-0.405931	-0.181527	0.0461329	0.255454	0.437452	0.610069	0.773201	0.903165	0.970247	0.953729	0.860749	0.69895	0.49402	0.265121	0.0353671	-0.179904	-0.357775	-0.473232	-0.527693	-0.513885	-0.436759	-0.295658	-0.0962206	0.127026	0.359826	0.584377	0.772466	0.909708	0.974417	0.953951	0.862142	0.715978	0.541208	0.366484	0.180426	-0.03909	-0.272514	-0.479849	-0.622389	-0.68271	-0.678593	-0.620616	-0.515093	-0.399871	-0.298914	-0.202103	-0.114436	-0.049649	0	
0	-0.0014371	-0.00237946	-0.00326576	-0.00336835	-0.00247584	-0.00271163	0.000225852	-0.000865385	0.00085069	0.00156764	-0.00259633	0.00145275	-0.00317251	-0.00198043	-0.000448466	-0.00301773	0.000916035	-0.00124173	-0.0043947	-0.00226623	-0.00556882	-0.00638955	-0.00195069	-0.0023309	-0.00812936	-0.00734289	-0.00441972	-0.00496983	-0.0088776	-0.00840351	-0.00686021	-0.00622453	-0.00977945	-0.0117655	-0.0123578	-0.0128603	-0.0172797	-0.0303869	-0.0505304	-0.0707787	-0.102882	-0.17088	-0.259171	-0.352115	-0.455539	-0.569142	-0.660222	-0.700518	-0.678195	-0.574916	-0.401497	-0.187973	0.0238414	0.220357	0.395451	0.562203	0.721113	0.85379	0.925945	0.916719	0.834003	0.690922	0.508762	0.300553	0.0853776	-0.118086	-0.277238	-0.375627	-0.416971	-0.403645	-0.343741	-0.217903	-0.0359098	0.170185	0.387154	0.585021	0.751985	0.877768	0.932488	0.909807	0.813609	0.662963	0.497982	0.333362	0.15222	-0.0550035	-0.272656	-0.471904	-0.619171	-0.690471	-0.687994	-0.623258	-0.515123	-0.401952	-0.304305	-0.209201	-0.116199	-0.0456834	0	
0	-0.000314971	0.000145659	-0.00105761	0.00101535	-0.000893759	-0.000302646	0.000106078	-0.00361076	-0.00199263	-0.00419993	-0.00525926	-0.002586	-0.00398811	-0.00104956	-0.000524129	-0.00116998	-0.00110016	-0.00485622	-0.00292498	-0.00470571	-0.00290237	0.000679789	-0.00112755	-0.00661591	-0.00585073	-0.00441972	-0.00140635	-0.00390063	-0.00926644	-0.0055549	-0.00320327	-0.00684972	-0.0105804	-0.00840689	-0.00959171	-0.0117865	-0.0197917	-0.0313143	-0.0485996	-0.067334	-0.108157	-0.177834	-0.262645	-0.351987	-0.459257	-0.576825	-0.669042	-0.708905	-0.680107	-0.57154	-0.400186	-0.19919	0.00217008	0.192298	0.365052	0.52429	0.677813	0.805213	0.870434	0.859034	0.780689	0.659404	0.507084	0.327378	0.137569	-0.0425563	-0.176819	-0.252327	-0.280444	-0.271059	-0.227248	-0.126653	0.0282329	0.213494	0.403498	0.571572	0.714552	0.821421	0.874735	0.857556	0.759234	0.617065	0.466833	0.305017	0.125389	-0.0731613	-0.277359	-0.464286	-0.613874	-0.695909	-0.694379	-0.626558	-0.51945	-0.404473	-0.304228	-0.211725	-0.120214	-0.0471605	0	
0	0.00121497	0.00307144	0.00282665	0.00225233	0.00184962	-0.000980846	-0.00132387	-0.0031838	-0.00265537	-0.0027789	-0.00252119	-0.000297007	-0.00270654	-0.00256038	-0.00396336	-0.00673295	-0.00749911	-0.00596019	-0.00316673	-0.00366335	-0.00117631	-0.00533534	-0.0110787	-0.00582304	-0.00340681	-0.00496983	-0.00390063	-0.00858866	-0.0119745	-0.00283825	-0.00458174	-0.0125663	-0.0121364	-0.00726287	-0.0111136	-0.0165795	-0.0244853	-0.0329771	-0.0471466	-0.0712754	-0.11739	-0.184159	-0.262888	-0.353508	-0.465553	-0.584736	-0.676664	-0.711941	-0.67657	-0.564663	-0.401555	-0.210741	-0.016014	0.173808	0.342041	0.493235	0.637236	0.749334	0.800378	0.776577	0.704485	0.608808	0.491653	0.35149	0.196719	0.0506861	-0.0544777	-0.108522	-0.126843	-0.123882	-0.0962588	-0.0213673	0.104312	0.259393	0.41447	0.547339	0.655936	0.741391	0.795399	0.789587	0.711042	0.587825	0.440258	0.277682	0.102322	-0.0920247	-0.284555	-0.459178	-0.610944	-0.697797	-0.695173	-0.630804	-0.528203	-0.408141	-0.300108	-0.208704	-0.125218	-0.0549664	0	
0	-0.00175915	-0.00378575	-0.0043722	-0.004646	-0.00367409	-0.00321963	0.000379796	-0.000166971	0.00197248	0.00346132	-0.000124511	0.00124481	-0.00226704	-0.00407102	-0.00349907	-0.00383936	-0.00136402	0.00043178	-0.00228241	-0.00694243	-0.00606369	-0.00973674	-0.00708665	-0.00167631	-0.00587415	-0.0088776	-0.00926644	-0.0119745	-0.00869267	-0.00193459	-0.0129337	-0.0168568	-0.0098613	-0.00698575	-0.0161054	-0.0207532	-0.0259138	-0.0300142	-0.0465784	-0.0760804	-0.122456	-0.181011	-0.257916	-0.352737	-0.468833	-0.587639	-0.677715	-0.708076	-0.668647	-0.561631	-0.409786	-0.22779	-0.0331389	0.156421	0.320688	0.46396	0.594758	0.688937	0.717931	0.68209	0.617743	0.547628	0.468861	0.370881	0.25916	0.152608	0.0798236	0.0468813	0.0362956	0.0409952	0.0570672	0.104869	0.196108	0.305939	0.413044	0.502581	0.57426	0.644361	0.706275	0.72164	0.666532	0.553785	0.411398	0.259981	0.0897096	-0.105468	-0.295365	-0.467296	-0.612573	-0.689662	-0.69036	-0.638732	-0.538835	-0.411133	-0.295324	-0.203209	-0.129006	-0.0647523	0	
0	-0.000472231	0.000178899	-0.000551602	-0.000741905	0.00027283	-0.00184307	-0.000540731	-0.0024991	-0.0033351	-0.00411154	-0.00670534	-0.00402033	-0.00583212	-0.00250687	0.00151868	-0.00088875	-0.000162205	-0.00294889	-0.00653083	-0.0043683	-0.00251181	-0.00250343	-0.00034446	-0.000886014	-0.00763699	-0.00840351	-0.0055549	-0.00283825	-0.00193459	-0.00679272	-0.0142275	-0.00799799	-0.00207727	-0.00841396	-0.0164767	-0.018185	-0.0194559	-0.0255944	-0.0467491	-0.0807151	-0.12067	-0.175456	-0.255973	-0.357994	-0.475686	-0.593848	-0.680982	-0.707359	-0.668879	-0.570913	-0.428195	-0.245389	-0.045812	0.147524	0.308341	0.444234	0.558932	0.627097	0.629867	0.578726	0.519061	0.471274	0.429109	0.378364	0.319977	0.265041	0.229952	0.218868	0.218962	0.221362	0.223883	0.246125	0.290478	0.343033	0.399741	0.446802	0.489653	0.546134	0.606817	0.639263	0.609679	0.517693	0.394165	0.254428	0.0840875	-0.116693	-0.314961	-0.484787	-0.609968	-0.676694	-0.690168	-0.647313	-0.542446	-0.412136	-0.296039	-0.20093	-0.12857	-0.0682952	0	
0	0.00124204	0.00160048	0.0023071	0.00256803	0.00127537	7.40253e-07	-0.000337801	-0.00443578	-0.00345044	-0.00343637	-0.00475193	-0.000460019	-0.00184667	-0.00154401	-0.0043815	-0.00710543	-0.00697738	-0.00819551	-0.00574969	-0.00453581	-0.00296168	-0.00451154	-0.00711694	-0.0102584	-0.0100373	-0.00686021	-0.00320327	-0.00458174	-0.0129337	-0.0142275	-0.00989124	-0.00429975	-0.0106047	-0.016445	-0.0193809	-0.0177594	-0.0212408	-0.0301538	-0.0565632	-0.0863609	-0.119625	-0.174539	-0.261747	-0.366178	-0.481411	-0.595908	-0.678361	-0.702346	-0.670049	-0.582099	-0.442049	-0.254236	-0.0475259	0.144556	0.301139	0.424595	0.516178	0.555005	0.529624	0.466988	0.412393	0.385907	0.38183	0.384404	0.388103	0.38897	0.393954	0.40235	0.406269	0.405945	0.395839	0.38832	0.387752	0.387153	0.388177	0.388007	0.399183	0.436983	0.496685	0.547684	0.547166	0.487256	0.385509	0.249873	0.0774131	-0.127933	-0.332109	-0.496101	-0.61008	-0.677741	-0.693887	-0.644136	-0.53709	-0.415247	-0.304064	-0.203568	-0.123102	-0.0613726	0	
0	-0.00102708	-0.000235289	-0.00231482	-0.00262164	-0.00215798	-0.00397551	-0.0012959	-0.00103948	0.00065898	0.00167046	0.000270545	0.00059074	-0.00403244	-0.00515678	-0.00418012	-0.00610862	-0.0047104	-0.00337403	-0.00224684	-0.00433925	-0.00619919	-0.00926533	-0.0112086	-0.00666255	-0.00524525	-0.00622453	-0.00684972	-0.0125663	-0.0168568	-0.00799799	-0.00429975	-0.0117673	-0.017925	-0.0162929	-0.0157157	-0.0174297	-0.0219465	-0.0353647	-0.0601814	-0.0829181	-0.112831	-0.174107	-0.266209	-0.368586	-0.48011	-0.591248	-0.671028	-0.69965	-0.678067	-0.597972	-0.455273	-0.258926	-0.0499528	0.141399	0.290229	0.398331	0.465274	0.473953	0.428828	0.35883	0.309627	0.303455	0.336062	0.392453	0.458538	0.514925	0.555918	0.583062	0.594149	0.591108	0.571832	0.541552	0.495709	0.432974	0.370381	0.321684	0.303467	0.327318	0.389103	0.457164	0.485106	0.454154	0.36799	0.23872	0.0724768	-0.129794	-0.335402	-0.505671	-0.628402	-0.691444	-0.688561	-0.630581	-0.532914	-0.420215	-0.311876	-0.208595	-0.116805	-0.0489028	0	
0	-0.00129102	-0.00373634	-0.00329172	-0.00333624	-0.00284996	-0.00178134	-1.7684e-06	-0.00229821	-0.00111674	-0.00187879	-0.00527809	-0.00246146	-0.0042374	-0.00283745	-0.00250831	-0.00218313	-0.000465811	-0.00129001	-0.00440027	-0.00822631	-0.00623728	-0.00693155	-0.00534708	-0.00251493	-0.00607045	-0.00977945	-0.0105804	-0.0121364	-0.0098613	-0.00207727	-0.0106047	-0.017925	-0.0158448	-0.0104664	-0.0151236	-0.0170539	-0.024885	-0.0387335	-0.058443	-0.0748115	-0.109615	-0.178313	-0.269778	-0.367481	-0.475583	-0.584635	-0.666969	-0.705069	-0.695005	-0.615886	-0.465479	-0.263497	-0.0523498	0.134827	0.275868	0.366469	0.407953	0.395442	0.336766	0.262662	0.217682	0.225826	0.290264	0.397382	0.521087	0.629901	0.712954	0.765231	0.787057	0.785556	0.751414	0.687597	0.594636	0.47383	0.352306	0.257695	0.213375	0.230671	0.295791	0.370486	0.41317	0.40407	0.340173	0.230027	0.075014	-0.124768	-0.336295	-0.521821	-0.652745	-0.701122	-0.680408	-0.623165	-0.532029	-0.419304	-0.313043	-0.21272	-0.114737	-0.0413321	0	
0	0.000722312	0.00299902	0.0020142	0.00190523	0.00182712	-0.00155528	-0.00142879	-0.00371748	-0.0046498	-0.00507212	-0.00647053	-0.0043313	-0.00642461	-0.00490358	-0.00166544	-0.0051957	-0.00572989	-0.00789482	-0.00872571	-0.00720463	-0.00447035	-0.00519482	-0.00569788	-0.00550814	-0.0108987	-0.0117655	-0.00840689	-0.00726287	-0.00698575	-0.00841396	-0.016445	-0.0162929	-0.0104664	-0.0113958	-0.0162435	-0.0203421	-0.0297483	-0.0412127	-0.0531436	-0.0720643	-0.116086	-0.186816	-0.273046	-0.365603	-0.471996	-0.581736	-0.670364	-0.720129	-0.713551	-0.628127	-0.468847	-0.262083	-0.0531609	0.130451	0.257963	0.327133	0.346552	0.316828	0.250795	0.174164	0.13158	0.154983	0.252394	0.406143	0.583177	0.742375	0.863585	0.94283	0.978108	0.970053	0.915381	0.821427	0.684912	0.512324	0.341766	0.209107	0.142329	0.148798	0.208442	0.283842	0.33602	0.346256	0.309085	0.220724	0.0734895	-0.126251	-0.340498	-0.531424	-0.664277	-0.709712	-0.686361	-0.624775	-0.52692	-0.411876	-0.308162	-0.21143	-0.118174	-0.0466783	0	
0	0.000339613	-0.00157407	-0.000226398	-0.00096617	-0.00154214	-0.00149481	-0.0012506	-0.00384744	-0.00243135	-0.00243181	-0.00400466	-0.000698831	-0.00287567	-0.00271427	-0.00648446	-0.00931737	-0.00831006	-0.00834636	-0.00802296	-0.00745558	-0.00682061	-0.0101223	-0.0119267	-0.0122177	-0.0143376	-0.0123578	-0.00959171	-0.0111136	-0.0161054	-0.0164767	-0.0193809	-0.0157157	-0.0151236	-0.0162435	-0.0223982	-0.028057	-0.0362954	-0.0388457	-0.0502592	-0.0780457	-0.125753	-0.190749	-0.268825	-0.358663	-0.464243	-0.577843	-0.676701	-0.732865	-0.724037	-0.630184	-0.466961	-0.263474	-0.0585302	0.113683	0.223697	0.272602	0.276274	0.242571	0.176689	0.102224	0.06752	0.107451	0.232699	0.423915	0.639802	0.83676	0.99643	1.10557	1.15512	1.14393	1.06628	0.936252	0.762081	0.554085	0.347229	0.178745	0.085333	0.0787806	0.134448	0.209264	0.264909	0.286716	0.267566	0.196205	0.0602405	-0.132907	-0.342082	-0.529472	-0.66629	-0.72302	-0.702721	-0.629133	-0.520208	-0.403019	-0.297634	-0.203993	-0.125541	-0.0615916	0	
0	-0.00110525	-0.000417856	-0.00247977	-0.00308026	-0.00285706	-0.00480908	-0.00315342	-0.002974	-0.00206988	-0.00145724	-0.00315539	-0.00289085	-0.00745167	-0.00885882	-0.0066554	-0.0086864	-0.00709356	-0.00799294	-0.0075582	-0.00936785	-0.0106147	-0.0131738	-0.0140501	-0.0125165	-0.0140572	-0.0128603	-0.0117865	-0.0165795	-0.0207532	-0.018185	-0.0177594	-0.0174297	-0.0170539	-0.0203421	-0.028057	-0.0332314	-0.0322713	-0.0329766	-0.0535704	-0.0875207	-0.130496	-0.186504	-0.262054	-0.351201	-0.459884	-0.582425	-0.689153	-0.746267	-0.729021	-0.630597	-0.469704	-0.270369	-0.074458	0.085002	0.17603	0.210005	0.210558	0.179365	0.118634	0.0511049	0.0263823	0.0841318	0.232934	0.447232	0.688652	0.915651	1.10647	1.24579	1.31357	1.2968	1.19625	1.03671	0.831261	0.59334	0.358483	0.166044	0.0535314	0.031955	0.0797091	0.151811	0.203756	0.2232	0.21076	0.155616	0.0367653	-0.144093	-0.34348	-0.52456	-0.66514	-0.732846	-0.717433	-0.637593	-0.518174	-0.392322	-0.284486	-0.198461	-0.131544	-0.0702518	0	
0	-0.00112007	-0.00462961	-0.00361047	-0.0044965	-0.0044605	-0.00337301	-0.00263456	-0.00489076	-0.00440273	-0.00617049	-0.00910523	-0.00748518	-0.00959711	-0.00763917	-0.00902563	-0.0104353	-0.00901683	-0.00962586	-0.0125412	-0.0145194	-0.0150332	-0.0173899	-0.0179611	-0.0150968	-0.016854	-0.0172797	-0.0197917	-0.0244853	-0.0259138	-0.0194559	-0.0212408	-0.0219465	-0.024885	-0.0297483	-0.0362954	-0.0322713	-0.0286792	-0.0386402	-0.067081	-0.0966771	-0.129023	-0.182242	-0.256822	-0.347587	-0.462361	-0.593023	-0.702043	-0.750918	-0.728155	-0.631547	-0.477282	-0.287616	-0.102772	0.0385823	0.114176	0.144689	0.150711	0.130726	0.0808546	0.0247864	0.0165527	0.0906582	0.250636	0.474801	0.72657	0.970995	1.1922	1.36174	1.44677	1.42848	1.30535	1.11301	0.880109	0.626674	0.383126	0.179054	0.0500382	0.0134048	0.0493123	0.109924	0.151298	0.161842	0.14563	0.0994279	0.000195665	-0.161773	-0.349557	-0.52519	-0.663595	-0.733203	-0.724332	-0.64721	-0.519084	-0.383402	-0.278407	-0.199006	-0.127668	-0.0614409	0	
0	0.000366881	0.00146772	0.000675956	-0.000512746	-0.00140971	-0.00472763	-0.00662618	-0.00902732	-0.0110469	-0.0123936	-0.0145625	-0.0135051	-0.0164498	-0.0166428	-0.0142178	-0.0167593	-0.0167206	-0.020957	-0.0226198	-0.0245406	-0.0238966	-0.024389	-0.0225831	-0.0215484	-0.0271596	-0.0303869	-0.0313143	-0.0329771	-0.0300142	-0.0255944	-0.0301538	-0.0353647	-0.0387335	-0.0412127	-0.0388457	-0.0329766	-0.0386402	-0.0576868	-0.0827002	-0.100726	-0.129948	-0.183462	-0.259563	-0.353582	-0.475975	-0.610185	-0.710327	-0.751181	-0.727143	-0.638017	-0.493546	-0.313793	-0.145536	-0.0195581	0.0490163	0.0845495	0.103896	0.0966643	0.0598865	0.0221696	0.0321919	0.119235	0.285053	0.507347	0.760359	1.01691	1.25641	1.44639	1.54442	1.52048	1.379	1.16687	0.919221	0.659858	0.416458	0.213856	0.0805247	0.0277288	0.0422039	0.0852504	0.110878	0.10444	0.0778874	0.0360668	-0.0477987	-0.192504	-0.367819	-0.53563	-0.664951	-0.725931	-0.717327	-0.647187	-0.523298	-0.388059	-0.282136	-0.195918	-0.112376	-0.0444491	0	
