0	0	0	0	0	0	0	0	0	0	0	0	0	0	0	0	0	0	0	0	0	0	0	0	0	0	0	0	0	0	0	0	0	0	0	0	0	0	0	0	0	0	0	0	0	0	0	0	0	0	0	0	0	0	0	0	0	0	0	0	0	0	0	0	0	0	0	0	0	0	0	0	0	0	0	0	0	0	0	0	0	0	0	0	0	0	0	0	0	0	0	0	0	0	0	0	0	0	0	0	
0	0.000447639	-0.000481161	0.000634519	-0.00112626	-0.00087304	-0.00289807	-0.00474327	-0.00726993	-0.0120076	-0.0157819	-0.0226948	-0.0281688	-0.0329201	-0.0365829	-0.0330811	-0.0254293	-0.0104925	0.0109709	0.0335695	0.0524912	0.0667571	0.0673179	0.0592925	0.0453044	0.0266624	0.0109251	-0.00545153	-0.0182947	-0.0299554	-0.0367579	-0.0364871	-0.0250005	-0.0125233	-0.00116421	0.00315361	0.0049794	0.00169249	-0.00142564	-0.00791349	-0.0105489	-0.00878658	-0.00327559	0.00100086	0.00379885	-0.00170273	-0.00600398	-0.00475893	-0.00163216	-0.00119957	0.00151182	0.000317537	-0.00189733	-0.00376179	-0.00115627	0.00171988	0.00102219	-0.0020178	-0.00308929	-0.000235308	-0.000151886	5.48423e-05	-0.00131628	-0.00153642	-0.00012809	0.00343391	0.00416847	0.00317858	0.00826683	0.0153146	0.0198704	0.0228375	0.0284541	0.0355192	0.0351743	0.025657	0.0142478	-0.00366901	-0.0265148	-0.0463811	-0.065488	-0.0734499	-0.0661577	-0.051876	-0.0353878	-0.0216578	-0.00666221	0.0106095	0.0246746	0.0336488	0.0346899	0.0262485	0.0104742	-0.00101638	-0.00169785	-0.00201972	-0.00440456	-0.0056317	-0.00551348	0	
0	-0.000481161	-0.00221858	-0.00159253	-0.00416974	-0.00410201	-0.00675038	-0.0105184	-0.0142363	-0.0235367	-0.0321551	-0.0448172	-0.0580488	-0.0679042	-0.0739663	-0.0682572	-0.0514204	-0.0185086	0.0227055	0.0687826	0.107995	0.132086	0.132928	0.119756	0.0890634	0.0548695	0.0246625	-0.0074574	-0.0367881	-0.0598249	-0.0741372	-0.0694851	-0.0501383	-0.0259888	-0.00195169	0.0100033	0.00897973	0.00227181	-0.00173096	-0.0126144	-0.020556	-0.0178291	-0.00615816	0.00308149	0.00748454	-0.00326115	-0.0123999	-0.00919288	-0.00508119	-0.00262224	0.00043087	-0.000267125	-0.00612936	-0.0090596	-0.00381463	0.000937452	0.00200735	-0.00551365	-0.00501949	-0.000472508	0.000944199	0.00194929	-0.00158385	-0.001384	0.000140184	0.00682306	0.00700936	0.00537128	0.0144012	0.0288872	0.0392814	0.044777	0.0591069	0.0722098	0.0709174	0.0540304	0.0271073	-0.00870541	-0.0528174	-0.0954509	-0.130503	-0.143889	-0.131438	-0.102401	-0.0704868	-0.0454786	-0.0154596	0.0200466	0.0503618	0.068746	0.0678623	0.0513161	0.023205	-0.00109792	-0.00561613	-0.00426735	-0.00668353	-0.0111689	-0.0126465	0	
0	0.000634519	-0.00159253	0.000387004	-0.00399941	-0.00403503	-0.00969489	-0.0153204	-0.0231199	-0.0368097	-0.0493661	-0.0689421	-0.0866865	-0.100734	-0.111113	-0.101899	-0.0783331	-0.0338017	0.0291148	0.0962147	0.153553	0.194123	0.197615	0.175191	0.133033	0.0789861	0.0318357	-0.0171899	-0.0574125	-0.0916261	-0.111953	-0.110283	-0.0792918	-0.0420755	-0.00846031	0.00656749	0.0107504	0.00241428	-0.00725009	-0.0248095	-0.0334839	-0.0286018	-0.0131115	0.000262688	0.00802987	-0.00704088	-0.019017	-0.0160587	-0.0077962	-0.00531116	0.00172253	-0.000877851	-0.00745158	-0.0119841	-0.00523635	0.00276195	0.0021221	-0.00670857	-0.00894943	-0.00210374	-0.000633824	0.000207873	-0.00413423	-0.00443666	-0.000473296	0.00942013	0.0114672	0.00965008	0.0241738	0.0446895	0.0586382	0.0684594	0.085852	0.105454	0.104723	0.0779115	0.0422604	-0.0103903	-0.077176	-0.138508	-0.193959	-0.216906	-0.197721	-0.156212	-0.108155	-0.0669819	-0.0211693	0.0304538	0.0728872	0.0993295	0.101747	0.0779773	0.0339002	-0.000146978	-0.00473762	-0.00618485	-0.0132878	-0.0175834	-0.0164222	0	
0	-0.00112626	-0.00416974	-0.00399941	-0.00853176	-0.00975582	-0.0155667	-0.0228821	-0.0323257	-0.0496165	-0.0674514	-0.0931508	-0.11774	-0.138892	-0.150706	-0.140422	-0.108502	-0.0459785	0.035622	0.125415	0.203141	0.253025	0.257608	0.230492	0.172679	0.104622	0.0422348	-0.0212275	-0.0768468	-0.124241	-0.153123	-0.147063	-0.109264	-0.0618275	-0.015078	0.00789529	0.00954378	-0.00199	-0.0111226	-0.0320227	-0.0457423	-0.0414032	-0.020428	-0.0015302	0.00706568	-0.0111718	-0.0273476	-0.0229123	-0.0149685	-0.00945097	-0.00270038	-0.00464362	-0.013685	-0.0189855	-0.0105109	-0.00102345	0.000542328	-0.0107312	-0.0119432	-0.00404053	-0.000141562	0.00117545	-0.00398504	-0.0046497	-9.07614e-06	0.0122217	0.0128296	0.0124338	0.0296137	0.0560757	0.0767957	0.0898751	0.115996	0.14117	0.139496	0.107107	0.0561115	-0.0143751	-0.101305	-0.186067	-0.256769	-0.284753	-0.261432	-0.206741	-0.14552	-0.0921235	-0.0308765	0.0365438	0.095326	0.133066	0.133926	0.102373	0.0486973	0.00289062	-0.00812339	-0.0085104	-0.015383	-0.0237611	-0.0236398	0	
0	-0.00087304	-0.00410201	-0.00403503	-0.00975582	-0.0122218	-0.0205652	-0.0307438	-0.0442909	-0.0659749	-0.0898525	-0.120234	-0.152321	-0.176259	-0.192096	-0.180131	-0.1406	-0.0676055	0.0330698	0.142343	0.238653	0.301784	0.311915	0.278679	0.209687	0.124076	0.0453234	-0.0352558	-0.105754	-0.162104	-0.195733	-0.191722	-0.148332	-0.0881043	-0.0335796	-0.0038987	0.0018176	-0.00849552	-0.0248063	-0.0493133	-0.0645565	-0.0581773	-0.0350803	-0.0118391	-0.000387362	-0.0206266	-0.0377707	-0.0349433	-0.0239717	-0.0169114	-0.00761123	-0.00971098	-0.0191718	-0.0244142	-0.0156782	-0.00407253	-0.00186114	-0.0142143	-0.0164499	-0.00843233	-0.00350204	-0.00140891	-0.00811162	-0.00812669	-0.00148142	0.0123032	0.015728	0.016398	0.0382775	0.0701724	0.0943459	0.113485	0.143322	0.172105	0.171473	0.131929	0.0703261	-0.0151345	-0.121767	-0.227206	-0.315478	-0.351791	-0.326511	-0.262354	-0.186553	-0.116974	-0.0390266	0.0454956	0.116651	0.160134	0.163282	0.127626	0.0631528	0.00893221	-0.00574197	-0.0108259	-0.0227949	-0.0309718	-0.02664	0	
0	-0.00289807	-0.00675038	-0.00969489	-0.0155667	-0.0205652	-0.0307144	-0.0421349	-0.0601363	-0.0845535	-0.113482	-0.151808	-0.187545	-0.220791	-0.238147	-0.226336	-0.180792	-0.0943469	0.0243956	0.154211	0.268935	0.34502	0.358891	0.319313	0.238591	0.139307	0.0425158	-0.0515611	-0.132087	-0.203174	-0.246788	-0.243467	-0.192232	-0.122788	-0.0560128	-0.0210424	-0.0132405	-0.0252892	-0.0411008	-0.0686109	-0.0864649	-0.0814513	-0.0549781	-0.0262657	-0.0140939	-0.033723	-0.0531299	-0.0503037	-0.0391663	-0.0291829	-0.0188335	-0.0208454	-0.0297257	-0.0351109	-0.0264656	-0.0125004	-0.0099463	-0.0201952	-0.0238682	-0.0151402	-0.00714425	-0.00589392	-0.0103369	-0.0116459	-0.00287747	0.0127006	0.0153895	0.0202396	0.0443475	0.079482	0.1102	0.134652	0.170005	0.203723	0.203331	0.159158	0.0867721	-0.0152437	-0.142114	-0.268624	-0.373262	-0.417862	-0.388986	-0.314593	-0.228118	-0.142624	-0.0484567	0.0474656	0.131772	0.188198	0.194738	0.152772	0.0795006	0.0163277	-0.00572059	-0.0128898	-0.0264179	-0.0379855	-0.0326026	0	
0	-0.00474327	-0.0105184	-0.0153204	-0.0228821	-0.0307438	-0.0421349	-0.0583728	-0.0792269	-0.108737	-0.145706	-0.187523	-0.233737	-0.270465	-0.291114	-0.279849	-0.226911	-0.129085	0.00471463	0.152288	0.285452	0.37081	0.391064	0.3502	0.259486	0.146068	0.0345011	-0.0753036	-0.176024	-0.256256	-0.303342	-0.299373	-0.248716	-0.170003	-0.0965349	-0.0506741	-0.0395241	-0.049109	-0.0705046	-0.0983252	-0.118297	-0.112802	-0.0847778	-0.0522395	-0.0381219	-0.0562659	-0.0750828	-0.0741013	-0.0621247	-0.0488185	-0.0380449	-0.037996	-0.0462547	-0.0504778	-0.0415522	-0.0272255	-0.0210919	-0.0310889	-0.0335955	-0.0250952	-0.015789	-0.0121032	-0.0174844	-0.0170899	-0.00674581	0.00795948	0.0141054	0.0219012	0.0488376	0.0886114	0.124089	0.156045	0.197502	0.2325	0.232572	0.185843	0.100641	-0.016046	-0.158961	-0.307223	-0.425787	-0.476456	-0.450503	-0.371286	-0.273048	-0.172319	-0.0619324	0.0519587	0.150695	0.211942	0.218551	0.175018	0.0986277	0.0295076	-0.00165093	-0.0159936	-0.0335849	-0.0451372	-0.0354076	0	
0	-0.00726993	-0.0142363	-0.0231199	-0.0323257	-0.0442909	-0.0601363	-0.0792269	-0.10705	-0.140623	-0.183568	-0.233478	-0.283858	-0.328709	-0.352571	-0.343043	-0.2859	-0.180704	-0.0315879	0.133729	0.282866	0.38338	0.411599	0.365615	0.26646	0.140287	0.00947121	-0.114144	-0.223233	-0.315372	-0.372853	-0.375025	-0.319528	-0.231686	-0.148764	-0.0979084	-0.0817044	-0.0895478	-0.111774	-0.140582	-0.161725	-0.157047	-0.128114	-0.0917042	-0.0761923	-0.0899096	-0.107837	-0.108356	-0.0949678	-0.079081	-0.0663217	-0.0647945	-0.0702041	-0.0726065	-0.0647699	-0.0477728	-0.0416034	-0.0469041	-0.0503718	-0.0417931	-0.0299953	-0.0268844	-0.0284744	-0.027536	-0.0149249	0.000789249	0.0097428	0.0231785	0.0530524	0.0947579	0.135466	0.175339	0.219844	0.25715	0.259092	0.209815	0.117764	-0.0123112	-0.174304	-0.340817	-0.475128	-0.53787	-0.512329	-0.427007	-0.319026	-0.200147	-0.0733337	0.0507247	0.158582	0.230616	0.246125	0.201108	0.117829	0.0423019	0.00276409	-0.0177371	-0.0386466	-0.0520572	-0.0397982	0	
0	-0.0120076	-0.0235367	-0.0368097	-0.0496165	-0.0659749	-0.0845535	-0.108737	-0.140623	-0.180014	-0.230662	-0.287461	-0.346401	-0.399065	-0.425885	-0.418842	-0.356685	-0.241485	-0.0800354	0.100894	0.265576	0.375974	0.410376	0.365337	0.260061	0.123345	-0.0221078	-0.159789	-0.287599	-0.392218	-0.454287	-0.456944	-0.40218	-0.311197	-0.221685	-0.161001	-0.138229	-0.143973	-0.167193	-0.195524	-0.217735	-0.214084	-0.184194	-0.145396	-0.12908	-0.136936	-0.153403	-0.154637	-0.141626	-0.122718	-0.109723	-0.105276	-0.107637	-0.108313	-0.0998219	-0.0822559	-0.0730798	-0.0740281	-0.0754323	-0.0653657	-0.0519722	-0.0466346	-0.0447871	-0.0415641	-0.0276505	-0.0128796	-0.000339934	0.0184822	0.0503012	0.0947708	0.142342	0.190933	0.242199	0.281143	0.283421	0.234742	0.132707	-0.0122047	-0.189451	-0.37382	-0.520053	-0.590451	-0.569688	-0.483666	-0.367858	-0.234173	-0.0921282	0.0477415	0.169795	0.249082	0.266621	0.22137	0.139617	0.0615268	0.00997185	-0.0206131	-0.0447737	-0.0579616	-0.0425761	0	
0	-0.0157819	-0.0321551	-0.0493661	-0.0674514	-0.0898525	-0.113482	-0.145706	-0.183568	-0.230662	-0.289694	-0.352396	-0.420723	-0.478051	-0.510802	-0.505912	-0.442224	-0.321512	-0.150498	0.0452032	0.223939	0.34853	0.392534	0.348614	0.238619	0.0898866	-0.0711701	-0.222122	-0.364027	-0.477429	-0.547224	-0.556996	-0.504603	-0.407584	-0.312732	-0.244044	-0.214994	-0.216683	-0.24098	-0.268214	-0.290156	-0.287909	-0.257955	-0.219905	-0.20053	-0.202609	-0.214886	-0.217905	-0.20337	-0.182587	-0.168235	-0.159814	-0.158227	-0.155895	-0.146299	-0.128287	-0.116548	-0.112999	-0.111957	-0.100097	-0.0874494	-0.0790584	-0.0736813	-0.0663907	-0.0503022	-0.0362671	-0.0158933	0.00872115	0.0439513	0.0920247	0.144269	0.202112	0.25794	0.296864	0.301114	0.254266	0.147133	-0.00926549	-0.201117	-0.40057	-0.5606	-0.642997	-0.629098	-0.543552	-0.417481	-0.266906	-0.11107	0.0418296	0.173179	0.258943	0.285953	0.24532	0.162608	0.0808072	0.0189766	-0.0221083	-0.0502681	-0.0628416	-0.0448326	0	
0	-0.0226948	-0.0448172	-0.0689421	-0.0931508	-0.120234	-0.151808	-0.187523	-0.233478	-0.287461	-0.352396	-0.42665	-0.499842	-0.567619	-0.604317	-0.603182	-0.536779	-0.411726	-0.229842	-0.0218738	0.169228	0.305924	0.3592	0.317501	0.205047	0.0502564	-0.125426	-0.291864	-0.44571	-0.570792	-0.649794	-0.665877	-0.613173	-0.517046	-0.416659	-0.34192	-0.305047	-0.303261	-0.324601	-0.350867	-0.374436	-0.372561	-0.344369	-0.306183	-0.287715	-0.281366	-0.291527	-0.293845	-0.279824	-0.258823	-0.243454	-0.23196	-0.226331	-0.220884	-0.210815	-0.191034	-0.178798	-0.168817	-0.163152	-0.149756	-0.134584	-0.125643	-0.11267	-0.100449	-0.0849709	-0.0681227	-0.043239	-0.0120023	0.0275806	0.0772248	0.137685	0.205294	0.266743	0.308653	0.314983	0.269986	0.159132	-0.00877252	-0.216089	-0.426858	-0.596563	-0.692067	-0.685722	-0.600706	-0.469366	-0.305859	-0.13467	0.0312288	0.171785	0.267004	0.303342	0.266452	0.185776	0.10236	0.02944	-0.0224466	-0.0535346	-0.0662224	-0.0476607	0	
0	-0.0281688	-0.0580488	-0.0866865	-0.11774	-0.152321	-0.187545	-0.233737	-0.283858	-0.346401	-0.420723	-0.499842	-0.58443	-0.656639	-0.700201	-0.700832	-0.63613	-0.504219	-0.317713	-0.097281	0.105004	0.255402	0.316399	0.281864	0.170739	0.00628745	-0.179666	-0.356511	-0.52909	-0.666568	-0.750397	-0.771111	-0.724961	-0.631177	-0.529536	-0.447323	-0.40116	-0.395362	-0.415644	-0.442428	-0.463208	-0.46462	-0.43712	-0.405826	-0.384234	-0.373767	-0.378671	-0.381643	-0.368196	-0.348145	-0.333055	-0.317811	-0.308734	-0.301106	-0.287814	-0.270061	-0.25543	-0.241286	-0.230957	-0.212712	-0.201025	-0.187032	-0.168696	-0.151197	-0.13281	-0.116566	-0.0823762	-0.0447132	-0.00206467	0.0538325	0.12054	0.196727	0.266375	0.310261	0.31842	0.278987	0.166164	-0.0129252	-0.23021	-0.450166	-0.631817	-0.737458	-0.741063	-0.662573	-0.522849	-0.34603	-0.1652	0.015023	0.169229	0.27122	0.313839	0.284531	0.209926	0.126425	0.0433159	-0.0218052	-0.0577014	-0.0676138	-0.0470012	0	
0	-0.0329201	-0.0679042	-0.100734	-0.138892	-0.176259	-0.220791	-0.270465	-0.328709	-0.399065	-0.478051	-0.567619	-0.656639	-0.735507	-0.784431	-0.787003	-0.721976	-0.589406	-0.39484	-0.16703	0.047027	0.209254	0.283601	0.256334	0.1465	-0.0214129	-0.217824	-0.412918	-0.594765	-0.738452	-0.83429	-0.86674	-0.825089	-0.73463	-0.631127	-0.544093	-0.493425	-0.482987	-0.499288	-0.523657	-0.54731	-0.549777	-0.527716	-0.500896	-0.481876	-0.466504	-0.468633	-0.470879	-0.459326	-0.443483	-0.428571	-0.411976	-0.400695	-0.390486	-0.376224	-0.359275	-0.345521	-0.328516	-0.311214	-0.292464	-0.280562	-0.266122	-0.241632	-0.216882	-0.200529	-0.178898	-0.138242	-0.0948276	-0.044555	0.0153652	0.0903913	0.175934	0.251325	0.299631	0.311392	0.27554	0.164205	-0.0208843	-0.248256	-0.474006	-0.662999	-0.783554	-0.800543	-0.72416	-0.578455	-0.392541	-0.197289	-0.0041804	0.155386	0.265772	0.323123	0.305173	0.234238	0.147762	0.0559347	-0.01813	-0.0566325	-0.0667525	-0.0478181	0	
0	-0.0365829	-0.0739663	-0.111113	-0.150706	-0.192096	-0.238147	-0.291114	-0.352571	-0.425885	-0.510802	-0.604317	-0.700201	-0.784431	-0.837896	-0.84315	-0.779177	-0.641958	-0.443517	-0.206155	0.0172206	0.19092	0.274346	0.256139	0.151347	-0.0185901	-0.222075	-0.426347	-0.62404	-0.784433	-0.888661	-0.924277	-0.890551	-0.808742	-0.708929	-0.619907	-0.561334	-0.543663	-0.557346	-0.584062	-0.607006	-0.611496	-0.594589	-0.577654	-0.56094	-0.545059	-0.544027	-0.546034	-0.538967	-0.529023	-0.517768	-0.501463	-0.491407	-0.480399	-0.466395	-0.453133	-0.442331	-0.424704	-0.402483	-0.382115	-0.372439	-0.357343	-0.326622	-0.297665	-0.280137	-0.255381	-0.209718	-0.160455	-0.106676	-0.0398691	0.0425561	0.134896	0.220156	0.274732	0.291233	0.261636	0.152266	-0.0391753	-0.273406	-0.502774	-0.69914	-0.830111	-0.857493	-0.786723	-0.637875	-0.444681	-0.240865	-0.0357597	0.139643	0.26227	0.325982	0.317013	0.255213	0.170021	0.0722781	-0.0110091	-0.0549495	-0.0646074	-0.045567	0	
0	-0.0330811	-0.0682572	-0.101899	-0.140422	-0.180131	-0.226336	-0.279849	-0.343043	-0.418842	-0.505912	-0.603182	-0.700832	-0.787003	-0.84315	-0.846626	-0.784309	-0.645003	-0.442539	-0.201383	0.0311321	0.21676	0.312252	0.30657	0.209162	0.0371375	-0.172518	-0.392514	-0.601271	-0.769563	-0.883633	-0.932197	-0.909085	-0.836867	-0.74062	-0.64951	-0.586136	-0.566385	-0.576913	-0.602098	-0.624461	-0.634011	-0.625408	-0.61854	-0.60691	-0.59396	-0.591261	-0.593673	-0.592306	-0.591114	-0.584159	-0.572459	-0.564127	-0.555063	-0.541734	-0.534307	-0.528912	-0.513329	-0.489617	-0.469586	-0.465138	-0.452158	-0.419884	-0.389654	-0.372606	-0.345361	-0.29611	-0.242811	-0.183061	-0.10902	-0.0193485	0.079086	0.170797	0.232509	0.252714	0.227443	0.123254	-0.0701693	-0.30524	-0.534684	-0.737863	-0.880057	-0.921794	-0.857102	-0.703691	-0.503583	-0.288692	-0.0717264	0.112708	0.244988	0.322171	0.328946	0.275753	0.189719	0.0870502	-0.00290906	-0.0500506	-0.0581964	-0.0400736	0	
0	-0.0254293	-0.0514204	-0.0783331	-0.108502	-0.1406	-0.180792	-0.226911	-0.2859	-0.356685	-0.442224	-0.536779	-0.63613	-0.721976	-0.779177	-0.784309	-0.720102	-0.579947	-0.373505	-0.128704	0.113938	0.303976	0.412603	0.417051	0.325106	0.157375	-0.0549868	-0.287145	-0.509154	-0.691846	-0.819626	-0.874636	-0.864339	-0.801497	-0.714276	-0.625329	-0.5633	-0.532288	-0.539176	-0.563124	-0.590575	-0.600157	-0.600721	-0.602856	-0.600998	-0.593002	-0.589245	-0.592376	-0.598256	-0.606843	-0.60804	-0.602958	-0.601783	-0.595209	-0.587823	-0.588378	-0.591175	-0.583913	-0.559495	-0.546004	-0.545207	-0.537647	-0.50784	-0.477385	-0.463344	-0.434182	-0.386137	-0.332816	-0.270121	-0.191122	-0.0976853	0.00436572	0.103384	0.171965	0.199413	0.17922	0.0769189	-0.114141	-0.349325	-0.581656	-0.786344	-0.937032	-0.991103	-0.928337	-0.775452	-0.574998	-0.351188	-0.12279	0.0771538	0.224879	0.312486	0.332613	0.289484	0.203291	0.100314	0.0121878	-0.0378952	-0.052045	-0.0378486	0	
0	-0.0104925	-0.0185086	-0.0338017	-0.0459785	-0.0676055	-0.0943469	-0.129085	-0.180704	-0.241485	-0.321512	-0.411726	-0.504219	-0.589406	-0.641958	-0.645003	-0.579947	-0.437879	-0.230022	0.0174034	0.263872	0.463883	0.582113	0.597841	0.515271	0.351666	0.131332	-0.109954	-0.342598	-0.540896	-0.680712	-0.747398	-0.750437	-0.702494	-0.626089	-0.542376	-0.473928	-0.439767	-0.444925	-0.468476	-0.491283	-0.504786	-0.515342	-0.527678	-0.535802	-0.534248	-0.531848	-0.534954	-0.549207	-0.566738	-0.577499	-0.5826	-0.58811	-0.587215	-0.586627	-0.595578	-0.610636	-0.610585	-0.59451	-0.58692	-0.593326	-0.596141	-0.571409	-0.550523	-0.538363	-0.512492	-0.471586	-0.419062	-0.357434	-0.275537	-0.179847	-0.077947	0.0237064	0.0990624	0.130317	0.11123	0.0136476	-0.17464	-0.406221	-0.6359	-0.845675	-1.00535	-1.06785	-1.01132	-0.861577	-0.656008	-0.423205	-0.187058	0.0273205	0.191959	0.292821	0.326899	0.295264	0.214962	0.114753	0.0253459	-0.0280515	-0.0408427	-0.0265166	0	
0	0.0109709	0.0227055	0.0291148	0.035622	0.0330698	0.0243956	0.00471463	-0.0315879	-0.0800354	-0.150498	-0.229842	-0.317713	-0.39484	-0.443517	-0.442539	-0.373505	-0.230022	-0.0196486	0.227497	0.479017	0.681162	0.809218	0.835759	0.762841	0.603811	0.384781	0.131625	-0.117229	-0.330815	-0.481789	-0.562258	-0.582094	-0.547881	-0.483736	-0.406368	-0.342308	-0.302326	-0.300723	-0.317723	-0.342416	-0.358421	-0.375055	-0.394034	-0.413476	-0.42079	-0.417122	-0.421637	-0.440181	-0.466218	-0.486113	-0.502266	-0.515089	-0.520153	-0.527571	-0.546087	-0.571957	-0.583842	-0.57795	-0.579695	-0.595235	-0.607756	-0.597484	-0.586568	-0.57986	-0.563054	-0.530662	-0.486911	-0.428811	-0.347991	-0.256831	-0.156909	-0.0563393	0.0206362	0.0548862	0.0349102	-0.0647116	-0.24841	-0.47382	-0.706025	-0.917729	-1.08095	-1.15349	-1.10333	-0.958228	-0.754815	-0.516531	-0.267798	-0.0349494	0.146031	0.260207	0.310332	0.291535	0.215866	0.12144	0.0425359	-0.0087066	-0.0291539	-0.021344	0	
0	0.0335695	0.0687826	0.0962147	0.125415	0.142343	0.154211	0.152288	0.133729	0.100894	0.0452032	-0.0218738	-0.097281	-0.16703	-0.206155	-0.201383	-0.128704	0.0174034	0.227497	0.476026	0.73159	0.937546	1.07613	1.11263	1.0469	0.896323	0.671727	0.412252	0.153713	-0.0757871	-0.245261	-0.340178	-0.376054	-0.357568	-0.309891	-0.243776	-0.180416	-0.134049	-0.127385	-0.140933	-0.16102	-0.175142	-0.196372	-0.22078	-0.251559	-0.262942	-0.260783	-0.262541	-0.284702	-0.31266	-0.342524	-0.367553	-0.386362	-0.39744	-0.411757	-0.438927	-0.473934	-0.497838	-0.504632	-0.516973	-0.539632	-0.564402	-0.569382	-0.571536	-0.572021	-0.56521	-0.547772	-0.513795	-0.464468	-0.39276	-0.309192	-0.218285	-0.124818	-0.0505156	-0.017592	-0.0414144	-0.144804	-0.323957	-0.545785	-0.782135	-0.998645	-1.16998	-1.24964	-1.20537	-1.06988	-0.867912	-0.623407	-0.367636	-0.120274	0.0817715	0.21455	0.278009	0.271379	0.207985	0.125323	0.0570747	0.00870722	-0.0151292	-0.01175	0	
0	0.0524912	0.107995	0.153553	0.203141	0.238653	0.268935	0.285452	0.282866	0.265576	0.223939	0.169228	0.105004	0.047027	0.0172206	0.0311321	0.113938	0.263872	0.479017	0.73159	0.985136	1.19773	1.3432	1.38906	1.3386	1.19875	0.976423	0.713173	0.438571	0.190655	0.00947615	-0.1034	-0.155746	-0.155667	-0.125953	-0.0735167	-0.0124036	0.0343962	0.0469276	0.042005	0.0291265	0.0144559	-0.00771721	-0.035377	-0.0731165	-0.0905633	-0.0872169	-0.0880803	-0.106142	-0.134588	-0.169775	-0.201158	-0.223116	-0.23635	-0.256359	-0.285222	-0.326686	-0.357127	-0.376586	-0.396359	-0.424198	-0.459161	-0.480386	-0.4969	-0.505546	-0.514141	-0.511436	-0.491508	-0.453667	-0.393573	-0.322539	-0.239248	-0.158009	-0.092747	-0.065072	-0.101674	-0.21433	-0.394778	-0.617999	-0.857872	-1.08154	-1.25866	-1.34322	-1.31406	-1.19413	-0.997864	-0.753701	-0.487961	-0.221792	-0.000644397	0.149354	0.225598	0.232416	0.186864	0.121418	0.0672451	0.0254211	0.00025884	-0.00156572	0	
0	0.0667571	0.132086	0.194123	0.253025	0.301784	0.34502	0.37081	0.38338	0.375974	0.34853	0.305924	0.255402	0.209254	0.19092	0.21676	0.303976	0.463883	0.681162	0.937546	1.19773	1.41897	1.57438	1.63765	1.60233	1.47212	1.25674	0.992549	0.709608	0.449632	0.252202	0.120692	0.0515341	0.0296085	0.0420074	0.0801934	0.132234	0.175994	0.199423	0.202083	0.195241	0.181802	0.165058	0.135345	0.0924267	0.0723784	0.0760901	0.0797855	0.0687401	0.0463732	0.0093454	-0.0240748	-0.0442527	-0.0599404	-0.0783011	-0.109151	-0.149039	-0.185038	-0.214259	-0.238279	-0.270292	-0.309277	-0.344742	-0.369984	-0.385656	-0.405691	-0.41478	-0.405981	-0.380154	-0.337203	-0.278886	-0.210476	-0.145648	-0.0946305	-0.0812877	-0.128251	-0.252909	-0.439549	-0.664046	-0.915948	-1.15353	-1.3388	-1.43622	-1.42532	-1.32097	-1.13634	-0.895866	-0.62368	-0.345982	-0.106706	0.0624091	0.151562	0.174897	0.150212	0.103757	0.0702752	0.0427069	0.0147562	0.00342356	0	
0	0.0673179	0.132928	0.197615	0.257608	0.311915	0.358891	0.391064	0.411599	0.410376	0.392534	0.3592	0.316399	0.283601	0.274346	0.312252	0.412603	0.582113	0.809218	1.07613	1.3432	1.57438	1.74525	1.82418	1.80965	1.70038	1.50062	1.24211	0.954258	0.685571	0.472971	0.323635	0.237154	0.199051	0.189751	0.207347	0.248257	0.292883	0.318405	0.326328	0.32754	0.320677	0.306252	0.273723	0.229032	0.206574	0.209073	0.215038	0.214473	0.199207	0.163646	0.13262	0.113981	0.101133	0.0852537	0.0596102	0.0261375	-0.00960524	-0.0398308	-0.0657488	-0.0935697	-0.132192	-0.174141	-0.202229	-0.225167	-0.253056	-0.270303	-0.271048	-0.25642	-0.228603	-0.183108	-0.123951	-0.0736671	-0.0408283	-0.040098	-0.1037	-0.244851	-0.441542	-0.680108	-0.94558	-1.19617	-1.39473	-1.50605	-1.51869	-1.44055	-1.27624	-1.04613	-0.771357	-0.485474	-0.232359	-0.0445685	0.0576177	0.0934956	0.092989	0.0763679	0.0652167	0.0499477	0.0264914	0.0119029	0	
0	0.0592925	0.119756	0.175191	0.230492	0.278679	0.319313	0.3502	0.365615	0.365337	0.348614	0.317501	0.281864	0.256334	0.256139	0.30657	0.417051	0.597841	0.835759	1.11263	1.38906	1.63765	1.82418	1.92883	1.94242	1.85973	1.68176	1.43859	1.15469	0.882823	0.657494	0.498016	0.397816	0.337728	0.306666	0.309325	0.335089	0.368353	0.395729	0.413466	0.420942	0.415139	0.403925	0.371272	0.326468	0.299646	0.298695	0.30729	0.316937	0.310188	0.280079	0.254637	0.238931	0.2306	0.220058	0.202601	0.177821	0.1478	0.119927	0.0955756	0.0736931	0.0388522	-0.000211301	-0.0274758	-0.0533454	-0.0816964	-0.100054	-0.101101	-0.0926119	-0.0756188	-0.0361535	0.0150102	0.0522522	0.0690928	0.0518829	-0.0261188	-0.178994	-0.391997	-0.644773	-0.923754	-1.19325	-1.40699	-1.53941	-1.58433	-1.53682	-1.39988	-1.18762	-0.919174	-0.632095	-0.367412	-0.168325	-0.0597199	-0.00643714	0.0231039	0.0346379	0.0461437	0.0508486	0.0361704	0.0172104	0	
0	0.0453044	0.0890634	0.133033	0.172679	0.209687	0.238591	0.259486	0.26646	0.260061	0.238619	0.205047	0.170739	0.1465	0.151347	0.209162	0.325106	0.515271	0.762841	1.0469	1.3386	1.60233	1.80965	1.94242	1.9888	1.93524	1.79242	1.5697	1.30169	1.03554	0.809987	0.640983	0.526935	0.450841	0.405902	0.387592	0.394463	0.421007	0.448492	0.467422	0.477836	0.479791	0.470424	0.435393	0.389077	0.358332	0.351804	0.359303	0.376846	0.375891	0.355564	0.333637	0.321781	0.316109	0.312166	0.302327	0.286603	0.265972	0.243803	0.224256	0.208448	0.182755	0.154139	0.132987	0.108379	0.085021	0.0734333	0.0770956	0.0840455	0.0972573	0.135345	0.183797	0.215738	0.22112	0.190314	0.104785	-0.0565444	-0.284601	-0.551926	-0.846644	-1.13235	-1.36247	-1.5238	-1.60398	-1.59034	-1.48828	-1.30237	-1.04824	-0.767911	-0.505913	-0.304628	-0.183611	-0.113064	-0.0621928	-0.0197007	0.0215676	0.0451666	0.0389743	0.0199553	0	
0	0.0266624	0.0548695	0.0789861	0.104622	0.124076	0.139307	0.146068	0.140287	0.123345	0.0898866	0.0502564	0.00628745	-0.0214129	-0.0185901	0.0371375	0.157375	0.351666	0.603811	0.896323	1.19875	1.47212	1.70038	1.85973	1.93524	1.92332	1.81993	1.62987	1.3887	1.138	0.912217	0.743635	0.623472	0.541425	0.482196	0.447974	0.437883	0.453945	0.474967	0.497976	0.514907	0.520669	0.508598	0.473073	0.426648	0.389559	0.373023	0.378655	0.396277	0.402192	0.388825	0.373105	0.361306	0.359312	0.360749	0.356587	0.350834	0.339631	0.328138	0.312796	0.303189	0.287765	0.274292	0.260562	0.239293	0.224153	0.222572	0.23568	0.244672	0.263461	0.306182	0.358293	0.395232	0.395627	0.359659	0.272647	0.107236	-0.129761	-0.411991	-0.718687	-1.01126	-1.25825	-1.44793	-1.55903	-1.58464	-1.52453	-1.37173	-1.14447	-0.881185	-0.626556	-0.42761	-0.301561	-0.220055	-0.148202	-0.0753724	-0.00946008	0.0321799	0.0415426	0.0271574	0	
0	0.0109251	0.0246625	0.0318357	0.0422348	0.0453234	0.0425158	0.0345011	0.00947121	-0.0221078	-0.0711701	-0.125426	-0.179666	-0.217824	-0.222075	-0.172518	-0.0549868	0.131332	0.384781	0.671727	0.976423	1.25674	1.50062	1.68176	1.79242	1.81993	1.75542	1.60238	1.39522	1.16453	0.955248	0.797655	0.679486	0.592908	0.524548	0.480385	0.458923	0.46629	0.481262	0.507486	0.527026	0.538909	0.525938	0.491911	0.441854	0.397121	0.372896	0.371306	0.38573	0.393757	0.391004	0.378634	0.368077	0.369554	0.373654	0.375423	0.374748	0.375306	0.372755	0.361471	0.354554	0.348095	0.349605	0.343358	0.32766	0.322216	0.335013	0.357782	0.37682	0.406742	0.457136	0.519258	0.561603	0.565968	0.530967	0.445501	0.28787	0.0486502	-0.239279	-0.544525	-0.838365	-1.09752	-1.31196	-1.45638	-1.51985	-1.49691	-1.38029	-1.18617	-0.944541	-0.707664	-0.525523	-0.401373	-0.307119	-0.215884	-0.119959	-0.0331366	0.0237639	0.0432954	0.0317718	0	
0	-0.00545153	-0.0074574	-0.0171899	-0.0212275	-0.0352558	-0.0515611	-0.0753036	-0.114144	-0.159789	-0.222122	-0.291864	-0.356511	-0.412918	-0.426347	-0.392514	-0.287145	-0.109954	0.131625	0.412252	0.713173	0.992549	1.24211	1.43859	1.5697	1.62987	1.60238	1.49242	1.32489	1.12253	0.938589	0.791161	0.677081	0.594352	0.53468	0.486176	0.457849	0.454901	0.469659	0.497472	0.52611	0.544523	0.53266	0.500091	0.446256	0.396928	0.362067	0.351289	0.354132	0.363963	0.366717	0.355801	0.346452	0.347907	0.353586	0.35631	0.359677	0.370783	0.376945	0.371573	0.366814	0.369463	0.385802	0.387262	0.380223	0.385146	0.407633	0.440435	0.468503	0.50992	0.571099	0.640071	0.694468	0.710744	0.683508	0.610821	0.463574	0.230421	-0.0536841	-0.35511	-0.641206	-0.904923	-1.13588	-1.29941	-1.39067	-1.39965	-1.31993	-1.1648	-0.952109	-0.741801	-0.579132	-0.451205	-0.344887	-0.248626	-0.143755	-0.0404758	0.0291961	0.055985	0.0445247	0	
0	-0.0182947	-0.0367881	-0.0574125	-0.0768468	-0.105754	-0.132087	-0.176024	-0.223233	-0.287599	-0.364027	-0.44571	-0.52909	-0.594765	-0.62404	-0.601271	-0.509154	-0.342598	-0.117229	0.153713	0.438571	0.709608	0.954258	1.15469	1.30169	1.3887	1.39522	1.32489	1.18986	1.01778	0.858017	0.724191	0.627656	0.560453	0.50387	0.453223	0.428771	0.424057	0.439899	0.470432	0.51242	0.535855	0.531512	0.500976	0.446273	0.38928	0.346359	0.321591	0.309566	0.316518	0.319336	0.309742	0.301622	0.302034	0.307981	0.308971	0.317171	0.335537	0.350377	0.352055	0.347499	0.359309	0.382262	0.391973	0.395505	0.406311	0.438736	0.478252	0.518427	0.575888	0.645893	0.725596	0.791906	0.820513	0.807828	0.744858	0.607444	0.387763	0.114855	-0.170819	-0.440545	-0.698764	-0.932276	-1.10785	-1.21735	-1.24991	-1.20404	-1.08088	-0.895861	-0.711613	-0.562545	-0.439469	-0.334615	-0.231854	-0.117803	-0.00979981	0.059321	0.0823005	0.0621083	0	
0	-0.0299554	-0.0598249	-0.0916261	-0.124241	-0.162104	-0.203174	-0.256256	-0.315372	-0.392218	-0.477429	-0.570792	-0.666568	-0.738452	-0.784433	-0.769563	-0.691846	-0.540896	-0.330815	-0.0757871	0.190655	0.449632	0.685571	0.882823	1.03554	1.138	1.16453	1.12253	1.01778	0.878164	0.740192	0.626614	0.542756	0.48209	0.431968	0.397323	0.377926	0.374686	0.394155	0.434328	0.488591	0.525023	0.5359	0.51019	0.455598	0.394904	0.347597	0.304798	0.276083	0.273826	0.269759	0.259587	0.248486	0.246347	0.24552	0.242759	0.251215	0.270514	0.29311	0.297983	0.298364	0.314457	0.339818	0.361581	0.375512	0.395975	0.434495	0.480296	0.536121	0.604647	0.683907	0.772621	0.845506	0.889425	0.893373	0.83986	0.715038	0.512854	0.258797	-0.00527427	-0.258166	-0.506524	-0.732942	-0.907617	-1.02252	-1.06641	-1.03783	-0.93911	-0.784513	-0.622165	-0.48478	-0.367028	-0.252466	-0.141883	-0.0391617	0.0582061	0.123377	0.132837	0.0888306	0	
0	-0.0367579	-0.0741372	-0.111953	-0.153123	-0.195733	-0.246788	-0.303342	-0.372853	-0.454287	-0.547224	-0.649794	-0.750397	-0.83429	-0.888661	-0.883633	-0.819626	-0.680712	-0.481789	-0.245261	0.00947615	0.252202	0.472971	0.657494	0.809987	0.912217	0.955248	0.938589	0.858017	0.740192	0.62048	0.517881	0.439828	0.388657	0.350179	0.326162	0.310123	0.314949	0.339018	0.392697	0.462929	0.521366	0.548312	0.534606	0.486573	0.429842	0.377352	0.317085	0.27417	0.254424	0.238377	0.221305	0.206416	0.196001	0.183987	0.174527	0.176461	0.1926	0.216231	0.223755	0.230138	0.244661	0.269387	0.300772	0.3253	0.354449	0.393947	0.447454	0.516748	0.593374	0.684463	0.780473	0.861525	0.923204	0.942957	0.90207	0.787576	0.599635	0.370536	0.127391	-0.11269	-0.342179	-0.55032	-0.714374	-0.82006	-0.864081	-0.848389	-0.768546	-0.635371	-0.486459	-0.350283	-0.227148	-0.105979	0.00178957	0.0907405	0.172659	0.220218	0.205015	0.128337	0	
0	-0.0364871	-0.0694851	-0.110283	-0.147063	-0.191722	-0.243467	-0.299373	-0.375025	-0.456944	-0.556996	-0.665877	-0.771111	-0.86674	-0.924277	-0.932197	-0.874636	-0.747398	-0.562258	-0.340178	-0.1034	0.120692	0.323635	0.498016	0.640983	0.743635	0.797655	0.791161	0.724191	0.626614	0.517881	0.419898	0.348452	0.299535	0.263198	0.240433	0.230276	0.241935	0.27613	0.342665	0.428678	0.510793	0.564908	0.574474	0.539843	0.49402	0.440404	0.374438	0.318248	0.278467	0.245402	0.219998	0.198073	0.175157	0.149248	0.129199	0.117978	0.12546	0.141339	0.149416	0.158455	0.164087	0.184998	0.217574	0.250998	0.283733	0.320942	0.384485	0.461322	0.547389	0.650542	0.753854	0.846822	0.921183	0.956142	0.92822	0.820098	0.649605	0.447735	0.225693	0.00311992	-0.205211	-0.391861	-0.535917	-0.627901	-0.669956	-0.654925	-0.580128	-0.462875	-0.322268	-0.177848	-0.0463047	0.0761084	0.181556	0.26057	0.321554	0.340612	0.287743	0.167424	0	
0	-0.0250005	-0.0501383	-0.0792918	-0.109264	-0.148332	-0.192232	-0.248716	-0.319528	-0.40218	-0.504603	-0.613173	-0.724961	-0.825089	-0.890551	-0.909085	-0.864339	-0.750437	-0.582094	-0.376054	-0.155746	0.0515341	0.237154	0.397816	0.526935	0.623472	0.679486	0.677081	0.627656	0.542756	0.439828	0.348452	0.275513	0.21399	0.170869	0.147185	0.140786	0.154606	0.191577	0.263236	0.367903	0.480019	0.567465	0.602492	0.595213	0.570415	0.529007	0.46698	0.405818	0.349328	0.30254	0.267948	0.237832	0.2012	0.163263	0.12671	0.099453	0.0900587	0.0910467	0.0962329	0.0982113	0.095097	0.104214	0.133593	0.170585	0.199281	0.238289	0.304834	0.383637	0.475668	0.58296	0.694451	0.796981	0.879566	0.929616	0.916707	0.820368	0.670395	0.495875	0.293797	0.0875867	-0.0991215	-0.261502	-0.378774	-0.449756	-0.481944	-0.461629	-0.392512	-0.287895	-0.148684	0.00239606	0.139701	0.267998	0.374271	0.437777	0.468459	0.455454	0.368725	0.208068	0	
0	-0.0125233	-0.0259888	-0.0420755	-0.0618275	-0.0881043	-0.122788	-0.170003	-0.231686	-0.311197	-0.407584	-0.517046	-0.631177	-0.73463	-0.808742	-0.836867	-0.801497	-0.702494	-0.547881	-0.357568	-0.155667	0.0296085	0.199051	0.337728	0.450841	0.541425	0.592908	0.594352	0.560453	0.48209	0.388657	0.299535	0.21399	0.141096	0.0923382	0.0573254	0.0395764	0.0457629	0.0795034	0.156	0.273866	0.409358	0.524302	0.597232	0.628042	0.632808	0.611641	0.569495	0.514299	0.451015	0.395621	0.353696	0.316077	0.271173	0.223166	0.170689	0.12693	0.0975153	0.084376	0.0792524	0.0738609	0.0592287	0.0558749	0.0769375	0.103712	0.126711	0.162061	0.223931	0.29822	0.38684	0.495165	0.614115	0.723556	0.812004	0.873038	0.871495	0.790645	0.66173	0.505945	0.325927	0.143912	-0.0209503	-0.151147	-0.234117	-0.286417	-0.304978	-0.278466	-0.21835	-0.121008	0.0146082	0.16482	0.310766	0.438673	0.528872	0.576542	0.585809	0.540983	0.425687	0.239442	0	
0	-0.00116421	-0.00195169	-0.00846031	-0.015078	-0.0335796	-0.0560128	-0.0965349	-0.148764	-0.221685	-0.312732	-0.416659	-0.529536	-0.631127	-0.708929	-0.74062	-0.714276	-0.626089	-0.483736	-0.309891	-0.125953	0.0420074	0.189751	0.306666	0.405902	0.482196	0.524548	0.53468	0.50387	0.431968	0.350179	0.263198	0.170869	0.0923382	0.0223457	-0.0354964	-0.0687556	-0.0736193	-0.0506954	0.0174613	0.133611	0.280744	0.42361	0.536122	0.604133	0.641288	0.654725	0.646723	0.607506	0.552427	0.498331	0.45617	0.415901	0.37185	0.319601	0.25581	0.19778	0.150459	0.122275	0.103113	0.0860878	0.0610779	0.0478578	0.0534932	0.0652898	0.0801264	0.11225	0.1663	0.22912	0.310073	0.413387	0.533338	0.643979	0.732141	0.793422	0.800071	0.739542	0.626839	0.487257	0.330828	0.171134	0.0353592	-0.0591057	-0.113995	-0.140583	-0.139711	-0.11626	-0.0644143	0.0312865	0.155888	0.294269	0.434406	0.544804	0.613972	0.652375	0.648529	0.576692	0.435773	0.238565	0	
0	0.00315361	0.0100033	0.00656749	0.00789529	-0.0038987	-0.0210424	-0.0506741	-0.0979084	-0.161001	-0.244044	-0.34192	-0.447323	-0.544093	-0.619907	-0.64951	-0.625329	-0.542376	-0.406368	-0.243776	-0.0735167	0.0801934	0.207347	0.309325	0.387592	0.447974	0.480385	0.486176	0.453223	0.397323	0.326162	0.240433	0.147185	0.0573254	-0.0354964	-0.111932	-0.162518	-0.188081	-0.187211	-0.140176	-0.0346897	0.11483	0.273722	0.41279	0.513334	0.58817	0.644022	0.671319	0.658978	0.627545	0.586433	0.548922	0.512803	0.47917	0.427953	0.361737	0.291947	0.233657	0.191277	0.156674	0.127663	0.0957985	0.0774026	0.0659829	0.0606801	0.0681872	0.0971675	0.140191	0.190543	0.259986	0.355291	0.471968	0.578529	0.663165	0.716855	0.727425	0.684221	0.582848	0.45336	0.313006	0.178794	0.0744686	0.00828048	-0.0181464	-0.0179226	-0.00432437	0.0188234	0.0667337	0.150714	0.254113	0.370426	0.487579	0.575107	0.625596	0.645607	0.624354	0.54247	0.402806	0.218716	0	
0	0.0049794	0.00897973	0.0107504	0.00954378	0.0018176	-0.0132405	-0.0395241	-0.0817044	-0.138229	-0.214994	-0.305047	-0.40116	-0.493425	-0.561334	-0.586136	-0.5633	-0.473928	-0.342308	-0.180416	-0.0124036	0.132234	0.248257	0.335089	0.394463	0.437883	0.458923	0.457849	0.428771	0.377926	0.310123	0.230276	0.140786	0.0395764	-0.0687556	-0.162518	-0.236813	-0.291007	-0.315834	-0.291051	-0.203567	-0.0728792	0.0854671	0.239569	0.368873	0.474581	0.568044	0.627911	0.654598	0.65678	0.63667	0.609862	0.589556	0.571339	0.531642	0.469177	0.397212	0.333022	0.27842	0.229715	0.185628	0.152425	0.128104	0.102757	0.0828014	0.0836721	0.1102	0.143491	0.183826	0.243023	0.331116	0.439112	0.541793	0.6213	0.665033	0.681042	0.64757	0.553504	0.428861	0.293603	0.180739	0.101837	0.0563842	0.0531193	0.0719273	0.0933496	0.113118	0.146649	0.212402	0.299032	0.387301	0.46245	0.518685	0.552306	0.555454	0.524692	0.448858	0.328743	0.177523	0	
0	0.00169249	0.00227181	0.00241428	-0.00199	-0.00849552	-0.0252892	-0.049109	-0.0895478	-0.143973	-0.216683	-0.303261	-0.395362	-0.482987	-0.543663	-0.566385	-0.532288	-0.439767	-0.302326	-0.134049	0.0343962	0.175994	0.292883	0.368353	0.421007	0.453945	0.46629	0.454901	0.424057	0.374686	0.314949	0.241935	0.154606	0.0457629	-0.0736193	-0.188081	-0.291007	-0.369447	-0.416404	-0.417139	-0.366597	-0.261382	-0.112101	0.0460666	0.183243	0.311657	0.432889	0.523232	0.589092	0.625342	0.631612	0.624751	0.627612	0.62919	0.609442	0.562776	0.499439	0.436244	0.376845	0.314227	0.260803	0.222404	0.191825	0.156171	0.121935	0.116878	0.134512	0.161293	0.19648	0.250448	0.334814	0.437048	0.538392	0.614148	0.657779	0.675107	0.644153	0.557217	0.429094	0.298143	0.201989	0.134139	0.100595	0.104664	0.121124	0.137045	0.147446	0.166513	0.211734	0.272335	0.324535	0.357515	0.384153	0.399771	0.392869	0.372347	0.319306	0.222255	0.111007	0	
0	-0.00142564	-0.00173096	-0.00725009	-0.0111226	-0.0248063	-0.0411008	-0.0705046	-0.111774	-0.167193	-0.24098	-0.324601	-0.415644	-0.499288	-0.557346	-0.576913	-0.539176	-0.444925	-0.300723	-0.127385	0.0469276	0.199423	0.318405	0.395729	0.448492	0.474967	0.481262	0.469659	0.439899	0.394155	0.339018	0.27613	0.191577	0.0795034	-0.0506954	-0.187211	-0.315834	-0.416404	-0.490536	-0.527089	-0.509534	-0.428315	-0.301185	-0.161136	-0.0242968	0.121143	0.256214	0.369328	0.465503	0.535364	0.56914	0.590698	0.617635	0.641807	0.65107	0.630116	0.586377	0.532265	0.473343	0.404724	0.343577	0.296201	0.258624	0.214872	0.17528	0.159525	0.166108	0.190756	0.223032	0.277869	0.358686	0.456	0.555938	0.633607	0.686323	0.70954	0.683649	0.599747	0.474822	0.349251	0.250935	0.183255	0.146545	0.135853	0.137286	0.133821	0.122377	0.120296	0.138871	0.170209	0.185946	0.178893	0.180643	0.187077	0.181548	0.177288	0.155954	0.103247	0.0475801	0	
0	-0.00791349	-0.0126144	-0.0248095	-0.0320227	-0.0493133	-0.0686109	-0.0983252	-0.140582	-0.195524	-0.268214	-0.350867	-0.442428	-0.523657	-0.584062	-0.602098	-0.563124	-0.468476	-0.317723	-0.140933	0.042005	0.202083	0.326328	0.413466	0.467422	0.497976	0.507486	0.497472	0.470432	0.434328	0.392697	0.342665	0.263236	0.156	0.0174613	-0.140176	-0.291051	-0.417139	-0.527089	-0.594959	-0.605676	-0.55748	-0.467727	-0.348936	-0.215528	-0.0707773	0.0642284	0.191163	0.308549	0.39935	0.457199	0.50523	0.550581	0.598073	0.636441	0.650266	0.633965	0.600019	0.55297	0.490698	0.429964	0.373538	0.32935	0.285017	0.243132	0.212401	0.205795	0.2238	0.256618	0.312673	0.390372	0.488882	0.588385	0.676144	0.747596	0.780963	0.757932	0.675672	0.558644	0.435638	0.329867	0.250208	0.192663	0.157261	0.126432	0.0855406	0.0478257	0.0239947	0.013267	0.00679442	-0.0149489	-0.0507955	-0.07376	-0.0752334	-0.062157	-0.0437643	-0.0343854	-0.0256386	-0.00934151	0	
0	-0.0105489	-0.020556	-0.0334839	-0.0457423	-0.0645565	-0.0864649	-0.118297	-0.161725	-0.217735	-0.290156	-0.374436	-0.463208	-0.54731	-0.607006	-0.624461	-0.590575	-0.491283	-0.342416	-0.16102	0.0291265	0.195241	0.32754	0.420942	0.477836	0.514907	0.527026	0.52611	0.51242	0.488591	0.462929	0.428678	0.367903	0.273866	0.133611	-0.0346897	-0.203567	-0.366597	-0.509534	-0.605676	-0.650593	-0.647675	-0.591853	-0.497157	-0.381727	-0.253218	-0.119721	0.0156191	0.138425	0.238509	0.315791	0.383004	0.441545	0.505845	0.572042	0.619745	0.637407	0.631927	0.606492	0.5645	0.508485	0.446538	0.397606	0.356914	0.314551	0.270084	0.250717	0.262788	0.297427	0.354198	0.434062	0.533509	0.636261	0.739009	0.828004	0.87668	0.85593	0.773538	0.665964	0.542581	0.421025	0.3147	0.227558	0.160207	0.0894612	0.0131339	-0.0533521	-0.103847	-0.142394	-0.185951	-0.240468	-0.301155	-0.352029	-0.364485	-0.336291	-0.289925	-0.233742	-0.162143	-0.0802002	0	
0	-0.00878658	-0.0178291	-0.0286018	-0.0414032	-0.0581773	-0.0814513	-0.112802	-0.157047	-0.214084	-0.287909	-0.372561	-0.46462	-0.549777	-0.611496	-0.634011	-0.600157	-0.504786	-0.358421	-0.175142	0.0144559	0.181802	0.320677	0.415139	0.479791	0.520669	0.538909	0.544523	0.535855	0.525023	0.521366	0.510793	0.480019	0.409358	0.280744	0.11483	-0.0728792	-0.261382	-0.428315	-0.55748	-0.647675	-0.682254	-0.660214	-0.600637	-0.515603	-0.403377	-0.270413	-0.138589	-0.018476	0.0859887	0.177285	0.252666	0.316175	0.390243	0.472523	0.546971	0.596097	0.62134	0.627794	0.612155	0.569598	0.508979	0.461438	0.427567	0.383449	0.332219	0.303943	0.309285	0.34379	0.402223	0.48584	0.590089	0.702449	0.818463	0.923595	0.983415	0.96296	0.881358	0.773297	0.644667	0.503652	0.361086	0.23843	0.132854	0.0240551	-0.0808531	-0.171667	-0.235829	-0.289264	-0.366447	-0.457685	-0.547981	-0.62333	-0.653121	-0.627242	-0.549771	-0.435062	-0.306273	-0.163176	0	
