0	0	0	0	0	0	0	0	0	0	0	0	0	0	0	0	0	0	0	0	0	0	0	0	0	0	0	0	0	0	0	0	0	0	0	0	0	0	0	0	0	0	0	0	0	0	0	0	0	0	0	0	0	0	0	0	0	0	0	0	0	0	0	0	0	0	0	0	0	0	0	0	0	0	0	0	0	0	0	0	0	0	0	0	0	0	0	0	0	0	0	0	0	0	0	0	0	0	0	0	
0	0.00128782	0.000575764	0.00284773	-0.000183782	-0.000436413	-0.00026468	-0.00393331	-0.00183463	0.00104828	0.00228159	-0.00261031	-0.00074096	0.00145365	0.000718465	0.00161714	0.0017438	-0.00213883	0.00131215	0.001202	0.00193298	-0.00406759	0.00170011	0.00108538	-0.00260446	-0.00119968	0.000262187	0.000484873	-0.00306985	-0.00233762	0.000737044	0.00150521	-0.00472021	-0.00337938	0.00187087	0.00231251	-0.00486448	-0.00307948	-0.00211365	0.00374562	0.000937238	-0.00215444	-0.00845489	-0.00325192	0.00586795	0.00568564	-0.00283961	-0.00968895	-0.0139757	-0.00703398	-0.00331135	0.0107858	0.00986924	-0.00360933	-0.0237338	-0.0450456	-0.0541378	-0.0590604	-0.0548039	-0.0385402	-0.0102189	0.0188419	0.0396632	0.0485726	0.0508326	0.0482515	0.0449171	0.0451053	0.037001	0.0321393	0.0376066	0.041169	0.0437095	0.0460163	0.0485237	0.0502106	0.0480876	0.0362081	0.00650117	-0.0252123	-0.0443428	-0.0579612	-0.0611773	-0.0500711	-0.0346027	-0.0155077	0.00433738	0.0134841	0.00886455	-0.00429281	-0.0138121	-0.0107548	-0.00379204	-0.00045469	0.0031561	0.00358017	-0.00253995	-0.00527586	-0.00184838	0	
0	0.000575764	-0.0032945	-0.00253403	0.00184467	-0.00292855	0.00268357	0.00441533	0.000427046	-0.00186697	-0.000378541	-0.000688164	0.000160429	0.00151439	-0.00550756	-0.0044942	0.00211023	-0.00123849	-0.00451492	0.000111574	0.000175903	-0.00531165	0.00185866	0.00197046	-0.00392714	-0.00181454	0.00242104	0.00116892	-0.00336928	-0.00328994	0.00318225	0.00341411	-0.00716406	-0.00521358	0.00471217	0.00349207	-0.00767617	-0.00756158	-0.00258414	0.00355421	0.00154845	-0.00822455	-0.0177393	-0.0090467	0.00752936	0.00707664	-0.00809071	-0.0231226	-0.0247703	-0.0172144	-0.00107921	0.0219423	0.0204528	-0.00222103	-0.0486188	-0.0867688	-0.108387	-0.120817	-0.11128	-0.0767481	-0.0210343	0.0385592	0.086051	0.0988171	0.100277	0.0987829	0.085621	0.0823057	0.0762219	0.0692851	0.0722404	0.0756464	0.083272	0.0937928	0.101882	0.100943	0.0921533	0.0710923	0.017456	-0.0466418	-0.0892723	-0.115509	-0.119543	-0.0991116	-0.0701591	-0.0322193	0.00735706	0.0256712	0.0168851	-0.00808544	-0.0259345	-0.0207856	-0.0083461	-0.00156042	0.00606438	0.00704861	-0.00466447	-0.010208	-0.00396112	0	
0	0.00284773	-0.00253403	0.000912936	0.00200227	-0.00362319	0.000582451	-0.00125211	-0.00221316	0.00179633	0.000899441	-0.00344954	0.00087458	0.000541356	-0.000424303	0.00147869	0.00272102	-0.00418655	-0.00204494	0.00332308	0.00067913	-0.00754376	0.0018708	0.00109924	-0.00596075	-0.00319008	0.00087553	-0.000716569	-0.00628663	-0.00564935	0.00212841	0.00140897	-0.0106013	-0.0081196	0.00486327	0.00210333	-0.0109599	-0.0102506	-0.00373999	0.00530308	0.00106244	-0.00990018	-0.0230135	-0.00870793	0.0115902	0.0112291	-0.0109354	-0.0305259	-0.034872	-0.0227381	-0.00183933	0.0281808	0.0252134	-0.0124027	-0.0748623	-0.13127	-0.161199	-0.175264	-0.159985	-0.107679	-0.0265349	0.060292	0.124446	0.147626	0.153098	0.146187	0.130955	0.122788	0.105057	0.0953519	0.103216	0.112232	0.126167	0.139001	0.147555	0.151296	0.14375	0.107852	0.0259639	-0.065301	-0.128247	-0.168585	-0.17621	-0.148417	-0.10581	-0.0499017	0.00726093	0.0345985	0.0233315	-0.0106322	-0.0349286	-0.0296067	-0.0141726	-0.00369273	0.00840432	0.0100922	-0.00605763	-0.0143646	-0.00642248	0	
0	-0.000183782	0.00184467	0.00200227	0.00046034	-0.000858664	0.00109401	-0.00337372	-0.00421504	-0.000436816	0.00171113	-0.00132109	-0.00144605	0.000838652	-0.00216539	-0.00187862	0.000773155	-0.000820525	-0.000775455	0.000347279	-0.000380887	-0.00505108	0.00260661	0.000839212	-0.00543573	-0.00136888	0.000755622	-0.000139552	-0.00600195	-0.00392991	0.00199087	0.00136632	-0.0109329	-0.0065053	0.00456533	0.00165517	-0.0120212	-0.0106493	-0.00341585	0.00461319	0.000485119	-0.0143281	-0.0250571	-0.0105893	0.0122705	0.00959788	-0.0172461	-0.0385409	-0.0445958	-0.0279174	-0.000469857	0.0314482	0.0276229	-0.0235862	-0.102088	-0.170842	-0.213087	-0.227098	-0.203214	-0.135992	-0.0267674	0.0847051	0.16343	0.19898	0.203755	0.191558	0.174567	0.159032	0.134038	0.117795	0.124048	0.141509	0.163175	0.182834	0.199881	0.205681	0.190195	0.140534	0.0414456	-0.0744049	-0.164114	-0.21883	-0.227834	-0.195571	-0.142282	-0.070097	0.0029121	0.039164	0.0274335	-0.0115713	-0.0398823	-0.0368819	-0.0212704	-0.00683297	0.00971515	0.0120963	-0.00658009	-0.0171929	-0.00900708	0	
0	-0.000436413	-0.00292855	-0.00362319	-0.000858664	-0.00152241	0.00126926	0.00369792	0.00485455	0.000843484	-0.00455548	-0.00175786	-0.00014697	-0.00192134	-0.00258291	-0.00279645	-0.00138812	-0.00293467	-0.005712	0.000499939	-0.00376274	-0.00319117	-0.00194682	-0.000927231	-0.00516382	-0.00200456	-0.000993635	-0.00244834	-0.00496937	-0.00428102	0.000656049	-0.00224984	-0.00923706	-0.00682653	0.00289675	-0.00323309	-0.0113109	-0.0130793	-0.00354767	-0.000307058	-0.00348023	-0.0194826	-0.0273701	-0.0119257	0.00762012	0.00364484	-0.0236183	-0.0470873	-0.0481239	-0.0318338	0.00451668	0.033663	0.024894	-0.0365433	-0.129319	-0.210669	-0.261447	-0.276339	-0.24499	-0.15587	-0.0250726	0.109713	0.209919	0.253661	0.257031	0.241618	0.213499	0.179443	0.150569	0.138758	0.143768	0.163419	0.195679	0.226678	0.248435	0.257201	0.240301	0.177477	0.0602389	-0.0788094	-0.193558	-0.260942	-0.273641	-0.241625	-0.179351	-0.0924361	-0.00662897	0.0376652	0.0283701	-0.0105326	-0.0404917	-0.042537	-0.0290659	-0.0105383	0.00942688	0.0121879	-0.00632864	-0.0180769	-0.0111399	0	
0	-0.00026468	0.00268357	0.000582451	0.00109401	0.00126926	-0.00382178	-0.00352224	-0.00504779	-0.00255181	0.000435051	0.00216293	0.000424521	-0.00188101	0.00179018	0.000966604	-0.00214615	0.00170855	-0.00111864	-0.00014098	-0.00316301	-0.000566927	-0.00239189	-0.00393326	-0.00264227	-0.00345502	-0.00332078	-0.00526678	-0.00463465	-0.00472025	-0.00386046	-0.00579305	-0.00835184	-0.00587943	-0.00289136	-0.00633637	-0.0111	-0.0111077	-0.00460122	-0.00260455	-0.00660607	-0.0189814	-0.0222277	-0.00834092	0.00554534	0.000135059	-0.0269082	-0.0477744	-0.0500311	-0.0311987	0.00495962	0.0257932	0.0110558	-0.0634794	-0.161846	-0.250905	-0.306268	-0.314154	-0.268923	-0.162176	-0.0111168	0.140421	0.247747	0.30182	0.306361	0.285022	0.252587	0.207173	0.167165	0.143116	0.145046	0.179677	0.226506	0.266672	0.297541	0.312516	0.289957	0.212404	0.0829239	-0.0740468	-0.212697	-0.294379	-0.314754	-0.285664	-0.215197	-0.11677	-0.0226698	0.0286984	0.0256861	-0.00756473	-0.0373229	-0.0465736	-0.0363871	-0.0141121	0.00693594	0.00944668	-0.00564402	-0.0164925	-0.0119842	0	
0	-0.00393331	0.00441533	-0.00125211	-0.00337372	0.00369792	-0.00352224	0.00199402	0.00118852	-0.00277968	0.00144796	-0.00153565	-0.00596789	-0.00219943	-0.00126639	-0.00175064	-0.00678857	0.00110262	-0.00199997	-0.00587014	-0.00119075	-0.00015595	-0.0037742	-0.00502301	0.00131054	-0.00322194	-0.00448244	-0.00379777	-0.00203721	-0.00184268	-0.00722529	-0.00470018	-0.00495201	-0.0021435	-0.00894685	-0.00639594	-0.00967032	-0.00792572	-0.00719082	-0.00804013	-0.0119189	-0.0213426	-0.0183254	-0.0119399	-0.00483327	-0.0119946	-0.0358805	-0.0502388	-0.052984	-0.0290305	0.00453763	0.0168299	-0.00494097	-0.0871913	-0.189624	-0.283957	-0.34472	-0.347853	-0.288554	-0.166828	0.00402615	0.171656	0.291527	0.358154	0.360864	0.330884	0.283488	0.219179	0.169839	0.139794	0.144734	0.191441	0.248213	0.301254	0.346008	0.366936	0.338893	0.250734	0.111979	-0.0621864	-0.222601	-0.317725	-0.348442	-0.325398	-0.249787	-0.143955	-0.0453935	0.0120798	0.0188651	-0.00374398	-0.0316662	-0.0487304	-0.0416924	-0.0169307	0.00177661	0.00324925	-0.00506382	-0.0122345	-0.0106669	0	
0	-0.00183463	0.000427046	-0.00221316	-0.00421504	0.00485455	-0.00504779	0.00118852	0.00491839	-0.0030142	-0.00222918	-0.00275029	-0.000789545	-0.000330318	-0.000662863	-0.00394119	-0.00247097	-0.00162285	-0.00187782	-0.00781325	0.000630066	-0.00178068	-0.00742908	-0.00555298	0.00146289	-0.00661375	-0.00679028	-0.00591592	-0.000936936	-0.00553083	-0.0103189	-0.00846568	-0.000904274	-0.00604878	-0.0141402	-0.0101752	-0.00741951	-0.00734493	-0.0118812	-0.0130006	-0.0186999	-0.0176492	-0.0142387	-0.0130776	-0.0143647	-0.0233558	-0.0364426	-0.0499118	-0.0472661	-0.0245734	-6.90335e-05	0.00266174	-0.0335466	-0.119111	-0.220562	-0.320642	-0.377117	-0.369549	-0.297965	-0.152966	0.0295747	0.204584	0.340364	0.409583	0.409588	0.374278	0.308338	0.224754	0.163126	0.130848	0.139876	0.189026	0.259141	0.335415	0.393712	0.418507	0.388505	0.292539	0.144	-0.0435735	-0.219171	-0.328711	-0.374991	-0.360331	-0.281905	-0.17311	-0.0745348	-0.0124282	0.00727103	-0.000733013	-0.0251802	-0.0485413	-0.0435501	-0.0186849	-0.00611645	-0.00638558	-0.00522508	-0.00564419	-0.00661359	0	
0	0.00104828	-0.00186697	0.00179633	-0.000436816	0.000843484	-0.00255181	-0.00277968	-0.0030142	-0.00756826	0.00208776	0.00344729	-0.00123367	-0.00211427	0.00105393	-0.0032307	-0.00251889	0.00123313	-0.000553402	-0.00718785	-0.000647897	-0.000387009	-0.00908314	-0.00336589	-0.00066174	-0.0072279	-0.00832626	-0.00573957	-0.00151262	-0.00808355	-0.0127835	-0.00940243	0.00150693	-0.010705	-0.017592	-0.0126125	-0.00375824	-0.00894993	-0.0147594	-0.0195593	-0.0209852	-0.013096	-0.00903043	-0.0157992	-0.0255629	-0.0323133	-0.0364072	-0.0460225	-0.0397558	-0.0224461	-0.00947629	-0.0208658	-0.0711709	-0.153155	-0.255219	-0.351153	-0.399336	-0.382197	-0.287946	-0.128938	0.0606503	0.24611	0.384799	0.455832	0.457267	0.408837	0.325185	0.230104	0.156542	0.110709	0.115401	0.178741	0.26966	0.361867	0.436313	0.470902	0.437319	0.334701	0.180235	-0.0159189	-0.202525	-0.328267	-0.392914	-0.387693	-0.310432	-0.204225	-0.109522	-0.0438713	-0.00950892	-0.00103554	-0.0197801	-0.0453661	-0.0410452	-0.0195206	-0.0162157	-0.0185724	-0.00669649	0.00225375	7.67816e-05	0	
0	0.00228159	-0.000378541	0.000899441	0.00171113	-0.00455548	0.000435051	0.00144796	-0.00222918	0.00208776	0.000713556	-0.00647668	-0.00563902	-0.00466797	-0.0028158	-0.00222282	-0.00313122	-0.00267766	-0.00666861	-0.00348985	-0.000262876	-0.00214942	-0.00921074	-0.000240019	-0.0013215	-0.00619108	-0.00701215	-0.00281008	-0.00140954	-0.00725756	-0.0122056	-0.00522599	0.00235654	-0.011846	-0.0181151	-0.0102331	-0.000557446	-0.0100042	-0.0173982	-0.025278	-0.0210085	-0.00974367	-0.00831024	-0.0239597	-0.0420512	-0.0424683	-0.0407218	-0.0429256	-0.0348267	-0.0258893	-0.022971	-0.0523517	-0.108126	-0.185116	-0.284041	-0.370243	-0.411609	-0.382156	-0.269734	-0.10183	0.092612	0.286733	0.431058	0.506373	0.509419	0.442146	0.335011	0.222529	0.12897	0.0793773	0.0960982	0.16739	0.268466	0.380726	0.472478	0.514729	0.487409	0.384589	0.219081	0.0168991	-0.173191	-0.315297	-0.399602	-0.405207	-0.335157	-0.237132	-0.148555	-0.0803599	-0.0322243	-0.0076417	-0.0170605	-0.0386929	-0.0342845	-0.0199864	-0.0272822	-0.0315548	-0.00978944	0.00978234	0.00834871	0	
0	-0.00261031	-0.000688164	-0.00344954	-0.00132109	-0.00175786	0.00216293	-0.00153565	-0.00275029	0.00344729	-0.00647668	-0.00409032	0.00356378	0.0006396	-0.00166653	-0.00376534	-0.00449086	-0.00271693	-0.00291774	-0.00260183	-0.00576266	-0.00608403	-0.00599817	-0.00316573	-0.0066915	-0.00904166	-0.00709386	-0.00621404	-0.00603694	-0.0116031	-0.0130428	-0.00679973	-0.00360124	-0.0170434	-0.0204496	-0.010779	-0.00421003	-0.0142689	-0.0241217	-0.0296567	-0.0207014	-0.00710592	-0.00938551	-0.0334524	-0.0515423	-0.0473169	-0.0363299	-0.032693	-0.0265491	-0.0276801	-0.0434242	-0.0898869	-0.150645	-0.225176	-0.315015	-0.388952	-0.418939	-0.366692	-0.237822	-0.0607346	0.141382	0.333619	0.478391	0.554306	0.545655	0.458635	0.336968	0.208614	0.100972	0.0538469	0.0712999	0.139166	0.253537	0.391234	0.50513	0.560705	0.537301	0.428365	0.258402	0.0624352	-0.130653	-0.292488	-0.393603	-0.410996	-0.355453	-0.270224	-0.189095	-0.120336	-0.061869	-0.0228157	-0.0179864	-0.0289197	-0.0246649	-0.0206644	-0.0374381	-0.0430234	-0.0144078	0.0148779	0.0161649	0	
0	-0.00074096	0.000160429	0.00087458	-0.00144605	-0.00014697	0.000424521	-0.00596789	-0.000789545	-0.00123367	-0.00563902	0.00356378	0.00128269	-0.00750719	-0.00516448	0.000462315	-0.00238221	-0.00474327	-0.00278757	-0.00351588	-0.00741973	-0.00376696	-0.00316381	-0.00583022	-0.00936129	-0.00466578	-0.0067615	-0.0065095	-0.00943105	-0.00990613	-0.0104553	-0.00666393	-0.00874648	-0.0174075	-0.017255	-0.010049	-0.00685699	-0.0176856	-0.0271149	-0.0300392	-0.0175099	-0.00619752	-0.0150564	-0.0439296	-0.0603893	-0.0507106	-0.0339203	-0.0249052	-0.0257133	-0.0378952	-0.0757346	-0.132051	-0.195663	-0.262235	-0.337113	-0.397216	-0.407118	-0.336303	-0.1946	-0.0117702	0.189455	0.379361	0.523253	0.596626	0.576275	0.471752	0.333688	0.186345	0.0698389	0.0216924	0.0307444	0.105586	0.243866	0.397416	0.523273	0.593985	0.582212	0.476423	0.30696	0.113863	-0.0837691	-0.257412	-0.369909	-0.404775	-0.371093	-0.301137	-0.228652	-0.162415	-0.0987181	-0.0474628	-0.0233237	-0.017929	-0.0145475	-0.0217425	-0.0445683	-0.0506934	-0.0199807	0.0155824	0.0208705	0	
0	0.00145365	0.00151439	0.000541356	0.000838652	-0.00192134	-0.00188101	-0.00219943	-0.000330318	-0.00211427	-0.00466797	0.0006396	-0.00750719	-0.0056486	-0.00158124	-0.00030094	-0.00369906	-0.00732722	-0.00119764	-0.00202223	-0.0074969	-0.00200332	-0.00266064	-0.00783463	-0.00739174	-0.00213026	-0.0066497	-0.00824225	-0.0100852	-0.00765747	-0.00718334	-0.00923005	-0.0133006	-0.0146441	-0.0129164	-0.0105991	-0.0110101	-0.0203062	-0.0275918	-0.0272646	-0.0136067	-0.00925499	-0.023512	-0.0537246	-0.0645316	-0.0522283	-0.0292228	-0.021152	-0.0277681	-0.0593129	-0.11305	-0.178636	-0.24026	-0.294867	-0.354368	-0.393043	-0.382061	-0.292104	-0.142785	0.0442773	0.240845	0.424902	0.570693	0.632303	0.598245	0.479612	0.316406	0.154337	0.0360653	-0.0165361	-0.00599679	0.0786778	0.221244	0.383459	0.531642	0.624233	0.625491	0.523605	0.355916	0.168809	-0.0275407	-0.207658	-0.331714	-0.387601	-0.378531	-0.326575	-0.265626	-0.205515	-0.141983	-0.0808526	-0.0338702	-0.00912361	-0.00671553	-0.0228374	-0.0468979	-0.0529511	-0.0255623	0.0106604	0.0199831	0	
0	0.000718465	-0.00550756	-0.000424303	-0.00216539	-0.00258291	0.00179018	-0.00126639	-0.000662863	0.00105393	-0.0028158	-0.00166653	-0.00516448	-0.00158124	0.00119475	-0.00584031	-0.00838979	-0.00767703	0.00153052	-0.00731893	-0.0129986	-0.00277671	-0.00485785	-0.0123495	-0.00869107	-0.00491908	-0.00903178	-0.0130708	-0.011883	-0.00860836	-0.00744957	-0.017398	-0.0178595	-0.0135881	-0.0122349	-0.0174833	-0.0193229	-0.0255602	-0.0298388	-0.0259399	-0.016366	-0.0195155	-0.0373414	-0.0620595	-0.0658347	-0.0508336	-0.0240122	-0.0179291	-0.0353581	-0.0847693	-0.15387	-0.223387	-0.280932	-0.324552	-0.363903	-0.38088	-0.344648	-0.238794	-0.0814618	0.107206	0.297546	0.478167	0.613079	0.66006	0.609891	0.467832	0.289045	0.122383	0.000989697	-0.0527985	-0.0394858	0.0461128	0.187273	0.359699	0.532461	0.647552	0.659552	0.564488	0.408705	0.231363	0.035138	-0.147897	-0.279777	-0.356955	-0.374917	-0.344457	-0.298373	-0.248411	-0.189763	-0.120656	-0.0506647	-0.00700649	-0.00370282	-0.0231071	-0.0436001	-0.0494189	-0.0301094	0.000194119	0.0122547	0	
0	0.00161714	-0.0044942	0.00147869	-0.00187862	-0.00279645	0.000966604	-0.00175064	-0.00394119	-0.0032307	-0.00222282	-0.00376534	0.000462315	-0.00030094	-0.00584031	-0.00730445	-0.000995172	-0.00111876	-0.00355521	-0.0108162	-0.0053215	-0.000690273	-0.00681846	-0.0136931	-0.00491388	-0.00520862	-0.0101772	-0.0143028	-0.0114709	-0.00591807	-0.010173	-0.0216954	-0.0187114	-0.00786806	-0.0134586	-0.0217422	-0.0252674	-0.0241852	-0.0271973	-0.0196441	-0.020117	-0.0284726	-0.0478653	-0.0612312	-0.0623323	-0.0445615	-0.0220543	-0.0201018	-0.0553234	-0.121484	-0.201346	-0.271236	-0.319132	-0.348962	-0.36261	-0.352363	-0.290172	-0.172168	-0.00954979	0.174012	0.356217	0.529028	0.647178	0.677517	0.60773	0.445958	0.25548	0.0869428	-0.0322327	-0.0858714	-0.0728527	0.0071582	0.146842	0.335278	0.525754	0.649921	0.67756	0.608652	0.469599	0.29271	0.0991655	-0.0759624	-0.213809	-0.313788	-0.358157	-0.351573	-0.325529	-0.290146	-0.238616	-0.163436	-0.0753123	-0.0160761	-0.0070522	-0.0218055	-0.0353489	-0.041214	-0.0327994	-0.0140553	-0.00138887	0	
0	0.0017438	0.00211023	0.00272102	0.000773155	-0.00138812	-0.00214615	-0.00678857	-0.00247097	-0.00251889	-0.00313122	-0.00449086	-0.00238221	-0.00369906	-0.00838979	-0.000995172	0.000128425	-0.00676929	-0.00763919	-0.00367754	-0.00232722	-0.00540753	-0.0106732	-0.00748595	-0.00466751	-0.00655834	-0.0130233	-0.0122985	-0.00996125	-0.00496288	-0.0147899	-0.0235691	-0.014861	-0.00531911	-0.0158916	-0.0282631	-0.0267278	-0.0236519	-0.0211216	-0.0192909	-0.0275479	-0.0423803	-0.0553427	-0.0586341	-0.0571066	-0.0413868	-0.0243379	-0.0333756	-0.0852166	-0.165396	-0.250933	-0.312715	-0.353432	-0.360695	-0.349135	-0.307749	-0.221794	-0.0951085	0.0685301	0.243365	0.418387	0.571948	0.672962	0.683806	0.588634	0.417468	0.219911	0.0483479	-0.0675556	-0.117951	-0.102509	-0.0285416	0.108679	0.301543	0.495749	0.63696	0.696271	0.651576	0.520076	0.350884	0.174776	0.00730962	-0.141879	-0.258541	-0.323523	-0.34573	-0.346847	-0.328467	-0.283835	-0.206396	-0.109552	-0.0389013	-0.0170855	-0.0193278	-0.024539	-0.0306834	-0.033236	-0.0287593	-0.0175476	0	
0	-0.00213883	-0.00123849	-0.00418655	-0.000820525	-0.00293467	0.00170855	0.00110262	-0.00162285	0.00123313	-0.00267766	-0.00271693	-0.00474327	-0.00732722	-0.00767703	-0.00111876	-0.00676929	-0.0133531	-0.0059996	-0.00419959	-0.00840154	-0.0127937	-0.00820818	-0.00565161	-0.00962357	-0.0112164	-0.0133362	-0.0106791	-0.00995801	-0.00939806	-0.0199336	-0.022193	-0.0121317	-0.00787589	-0.0234017	-0.0334493	-0.0296327	-0.0223381	-0.0203229	-0.025573	-0.0426467	-0.0584753	-0.0601616	-0.0564009	-0.0526323	-0.0426284	-0.0342234	-0.0558733	-0.123955	-0.210786	-0.293702	-0.347152	-0.372211	-0.359582	-0.318999	-0.247459	-0.147141	-0.0134003	0.145202	0.312428	0.477761	0.614097	0.694184	0.676783	0.562406	0.375626	0.170162	0.00977524	-0.0975161	-0.142619	-0.128273	-0.0628949	0.0708779	0.256712	0.45232	0.617526	0.702623	0.677222	0.5658	0.418009	0.256815	0.0894777	-0.0644983	-0.185702	-0.270874	-0.328346	-0.359949	-0.358789	-0.321726	-0.248455	-0.153579	-0.07472	-0.0335629	-0.0180632	-0.0149167	-0.0207136	-0.0314545	-0.0397166	-0.0310687	0	
0	0.00131215	-0.00451492	-0.00204494	-0.000775455	-0.005712	-0.00111864	-0.00199997	-0.00187782	-0.000553402	-0.00666861	-0.00291774	-0.00278757	-0.00119764	0.00153052	-0.00355521	-0.00763919	-0.0059996	-0.00335726	-0.00377406	-0.0108912	-0.0113995	-0.00542796	-0.00834636	-0.0147646	-0.0141012	-0.0122264	-0.0121885	-0.0140211	-0.0178849	-0.0227516	-0.019792	-0.0136246	-0.0164311	-0.030516	-0.0364153	-0.029033	-0.0204062	-0.0199656	-0.0346583	-0.0548007	-0.0649909	-0.0546103	-0.0455928	-0.0439784	-0.0424957	-0.0474917	-0.087132	-0.166744	-0.259024	-0.333905	-0.378525	-0.386827	-0.34957	-0.277391	-0.177645	-0.0609804	0.0764861	0.229259	0.389712	0.53667	0.648644	0.69966	0.652042	0.518318	0.323228	0.122883	-0.0289869	-0.124913	-0.15808	-0.146939	-0.0914015	0.0277698	0.200022	0.404771	0.587788	0.688805	0.691096	0.610592	0.485116	0.336384	0.172614	0.022926	-0.0985752	-0.205226	-0.297722	-0.359541	-0.377288	-0.350905	-0.289158	-0.204741	-0.119619	-0.0565191	-0.0223557	-0.0108001	-0.0139088	-0.0276967	-0.0430577	-0.0368114	0	
0	0.001202	0.000111574	0.00332308	0.000347279	0.000499939	-0.00014098	-0.00587014	-0.00781325	-0.00718785	-0.00348985	-0.00260183	-0.00351588	-0.00202223	-0.00731893	-0.0108162	-0.00367754	-0.00419959	-0.00377406	-0.0058539	-0.0105962	-0.00964559	-0.000618441	-0.00968565	-0.0145144	-0.0104916	-0.00698675	-0.0105151	-0.0156945	-0.0190099	-0.0160324	-0.0128478	-0.0153326	-0.0215144	-0.03046	-0.031518	-0.0250334	-0.0160221	-0.0246716	-0.0446947	-0.0664417	-0.0650104	-0.0488052	-0.0391151	-0.0438757	-0.0554709	-0.0778333	-0.132979	-0.220426	-0.305251	-0.370501	-0.398297	-0.384229	-0.320447	-0.213361	-0.0926944	0.0344086	0.170595	0.314747	0.461582	0.588677	0.671254	0.686112	0.613297	0.461475	0.263711	0.0770953	-0.0594211	-0.14062	-0.172497	-0.16808	-0.119515	-0.0153996	0.149293	0.35505	0.537622	0.656043	0.694312	0.647648	0.548474	0.414386	0.257418	0.117624	-0.00245804	-0.128588	-0.251208	-0.34169	-0.381112	-0.370998	-0.327832	-0.257682	-0.16767	-0.086664	-0.0375377	-0.0160855	-0.0118856	-0.0221553	-0.0367019	-0.031905	0	
0	0.00193298	0.000175903	0.00067913	-0.000380887	-0.00376274	-0.00316301	-0.00119075	0.000630066	-0.000647897	-0.000262876	-0.00576266	-0.00741973	-0.0074969	-0.0129986	-0.0053215	-0.00232722	-0.00840154	-0.0108912	-0.0105962	-0.0122683	-0.00644222	-0.00476871	-0.0170808	-0.0164147	-0.00815649	-0.00907414	-0.0153557	-0.0225057	-0.0188625	-0.0129431	-0.0139505	-0.0261666	-0.0282281	-0.0311962	-0.0297514	-0.0255906	-0.021575	-0.0373588	-0.0611019	-0.0741102	-0.0633922	-0.0442047	-0.0374111	-0.052098	-0.0770245	-0.119294	-0.184519	-0.270039	-0.344293	-0.393031	-0.402503	-0.364097	-0.268476	-0.135594	0.00216292	0.134347	0.261877	0.396555	0.525995	0.62619	0.677257	0.661833	0.564531	0.402011	0.210381	0.0297038	-0.0958958	-0.161203	-0.184934	-0.177111	-0.137524	-0.0496907	0.100453	0.288243	0.469641	0.613937	0.685959	0.674323	0.60381	0.485163	0.344143	0.219789	0.0977919	-0.0443173	-0.187394	-0.302797	-0.368287	-0.382772	-0.362423	-0.304757	-0.213103	-0.125481	-0.0679364	-0.0330551	-0.0150973	-0.0151248	-0.0215701	-0.0174434	0	
0	-0.00406759	-0.00531165	-0.00754376	-0.00505108	-0.00319117	-0.000566927	-0.00015595	-0.00178068	-0.000387009	-0.00214942	-0.00608403	-0.00376696	-0.00200332	-0.00277671	-0.000690273	-0.00540753	-0.0127937	-0.0113995	-0.00964559	-0.00644222	-0.00888635	-0.0160706	-0.0202846	-0.0125676	-0.00990674	-0.0165902	-0.0232001	-0.025624	-0.0181659	-0.013085	-0.0241247	-0.0367272	-0.0330809	-0.0292345	-0.0300845	-0.0292769	-0.0323453	-0.0529678	-0.071154	-0.0730204	-0.054737	-0.0382956	-0.0377588	-0.0629909	-0.106395	-0.163964	-0.234773	-0.311537	-0.370841	-0.404422	-0.392365	-0.328507	-0.205932	-0.0515333	0.0965773	0.228764	0.353082	0.477455	0.588561	0.66309	0.676298	0.624625	0.501942	0.328225	0.141277	-0.0215135	-0.121515	-0.170059	-0.186	-0.177423	-0.151564	-0.084586	0.0423178	0.215641	0.403166	0.563132	0.660354	0.683546	0.64187	0.551513	0.439156	0.322611	0.19333	0.0478648	-0.103417	-0.242615	-0.340207	-0.385738	-0.387103	-0.338605	-0.253387	-0.173971	-0.11406	-0.0616383	-0.0235472	-0.00766084	-0.00193561	0.00137432	0	
0	0.00170011	0.00185866	0.0018708	0.00260661	-0.00194682	-0.00239189	-0.0037742	-0.00742908	-0.00908314	-0.00921074	-0.00599817	-0.00316381	-0.00266064	-0.00485785	-0.00681846	-0.0106732	-0.00820818	-0.00542796	-0.000618441	-0.00476871	-0.0160706	-0.0145858	-0.00692605	-0.00604614	-0.013341	-0.0181928	-0.0197922	-0.0188705	-0.0112868	-0.0141419	-0.0290595	-0.0375852	-0.0256203	-0.0220046	-0.0259424	-0.0321256	-0.0419424	-0.0611839	-0.070127	-0.0609215	-0.0454221	-0.0357969	-0.0470696	-0.0880734	-0.150368	-0.222143	-0.289239	-0.352992	-0.395393	-0.407114	-0.370461	-0.274723	-0.124735	0.046455	0.203229	0.333703	0.448888	0.557416	0.640036	0.675744	0.649995	0.564907	0.424846	0.25354	0.0808932	-0.0607129	-0.141168	-0.174283	-0.181138	-0.17981	-0.169128	-0.117403	-0.00888558	0.152265	0.334775	0.496129	0.613242	0.670151	0.668988	0.621733	0.530451	0.411934	0.288282	0.154145	-0.00388071	-0.167759	-0.297619	-0.374046	-0.394134	-0.356739	-0.289652	-0.229703	-0.171062	-0.0998703	-0.0378123	-0.00231657	0.0153444	0.0169421	0	
0	0.00108538	0.00197046	0.00109924	0.000839212	-0.000927231	-0.00393326	-0.00502301	-0.00555298	-0.00336589	-0.000240019	-0.00316573	-0.00583022	-0.00783463	-0.0123495	-0.0136931	-0.00748595	-0.00565161	-0.00834636	-0.00968565	-0.0170808	-0.0202846	-0.00692605	-0.00629609	-0.0169754	-0.021744	-0.0188006	-0.0187481	-0.0169124	-0.0152069	-0.0238863	-0.0371399	-0.0362358	-0.0231634	-0.0223998	-0.0330231	-0.0459638	-0.0587382	-0.0706638	-0.0666208	-0.0552824	-0.0453964	-0.0478923	-0.0708392	-0.128388	-0.206181	-0.279233	-0.33535	-0.378713	-0.400012	-0.38741	-0.320644	-0.19659	-0.0283043	0.152562	0.307311	0.431364	0.535808	0.620721	0.673031	0.671913	0.607242	0.49664	0.347406	0.180247	0.0259262	-0.093342	-0.156757	-0.178618	-0.182873	-0.182781	-0.176231	-0.139004	-0.0490394	0.0927375	0.254384	0.411981	0.551825	0.646852	0.690164	0.676866	0.599786	0.49662	0.394841	0.267183	0.0986604	-0.0820265	-0.236725	-0.339988	-0.379295	-0.362109	-0.322883	-0.285343	-0.230393	-0.144799	-0.0592891	-0.00354046	0.0224675	0.0222261	0	
0	-0.00260446	-0.00392714	-0.00596075	-0.00543573	-0.00516382	-0.00264227	0.00131054	0.00146289	-0.00066174	-0.0013215	-0.0066915	-0.00936129	-0.00739174	-0.00869107	-0.00491388	-0.00466751	-0.00962357	-0.0147646	-0.0145144	-0.0164147	-0.0125676	-0.00604614	-0.0169754	-0.025063	-0.0215709	-0.0182551	-0.0185328	-0.0194927	-0.0246009	-0.0350119	-0.038009	-0.0328141	-0.0228197	-0.0288672	-0.0441547	-0.062074	-0.0702278	-0.0692064	-0.0575217	-0.0491309	-0.0515655	-0.0651981	-0.103762	-0.176647	-0.261904	-0.32936	-0.366798	-0.390402	-0.388425	-0.348297	-0.252615	-0.105052	0.0751314	0.256817	0.408278	0.524603	0.611776	0.672648	0.689403	0.649682	0.554795	0.423739	0.270023	0.111694	-0.0272823	-0.129766	-0.176396	-0.181493	-0.175369	-0.173959	-0.175189	-0.155046	-0.0898839	0.0249042	0.17185	0.332819	0.487597	0.609226	0.686129	0.703234	0.658732	0.589352	0.50289	0.372627	0.201593	0.0156634	-0.155487	-0.279599	-0.343284	-0.358588	-0.350107	-0.330995	-0.283283	-0.19266	-0.0895749	-0.0174073	0.0128406	0.0137848	0	
0	-0.00119968	-0.00181454	-0.00319008	-0.00136888	-0.00200456	-0.00345502	-0.00322194	-0.00661375	-0.0072279	-0.00619108	-0.00904166	-0.00466578	-0.00213026	-0.00491908	-0.00520862	-0.00655834	-0.0112164	-0.0141012	-0.0104916	-0.00815649	-0.00990674	-0.013341	-0.021744	-0.0215709	-0.0183286	-0.016782	-0.0173808	-0.0243993	-0.0344868	-0.0364321	-0.0307773	-0.0279452	-0.0265185	-0.036792	-0.0562337	-0.0725453	-0.070086	-0.0579026	-0.0456845	-0.0490191	-0.0632717	-0.0928294	-0.14626	-0.231414	-0.315302	-0.368337	-0.387011	-0.388091	-0.361544	-0.291977	-0.169326	-0.00516636	0.179505	0.360187	0.50631	0.613316	0.682737	0.712106	0.691713	0.61398	0.487577	0.340745	0.185833	0.0400038	-0.0773558	-0.156746	-0.182214	-0.175022	-0.165437	-0.165696	-0.178336	-0.175808	-0.127701	-0.0295467	0.102951	0.254663	0.411566	0.550559	0.655618	0.712547	0.714551	0.675632	0.597702	0.472495	0.307868	0.121703	-0.0550948	-0.193663	-0.290353	-0.345983	-0.363766	-0.358509	-0.323396	-0.238799	-0.129726	-0.0499652	-0.0166263	-0.00683756	0	
0	0.000262187	0.00242104	0.00087553	0.000755622	-0.000993635	-0.00332078	-0.00448244	-0.00679028	-0.00832626	-0.00701215	-0.00709386	-0.0067615	-0.0066497	-0.00903178	-0.0101772	-0.0130233	-0.0133362	-0.0122264	-0.00698675	-0.00907414	-0.0165902	-0.0181928	-0.0188006	-0.0182551	-0.016782	-0.014402	-0.0198843	-0.0333949	-0.0377284	-0.0280628	-0.0227434	-0.0296994	-0.0346949	-0.0477821	-0.0673927	-0.0762938	-0.062261	-0.0461847	-0.0445471	-0.0611057	-0.0915703	-0.13598	-0.204844	-0.292031	-0.364785	-0.398496	-0.39446	-0.371057	-0.314003	-0.213572	-0.067817	0.106395	0.291488	0.466194	0.604626	0.695325	0.73589	0.728863	0.666387	0.554495	0.407967	0.254884	0.11024	-0.0180554	-0.115357	-0.174758	-0.187368	-0.171856	-0.158186	-0.162348	-0.181448	-0.187217	-0.154952	-0.0753994	0.0404428	0.176829	0.327216	0.476161	0.609352	0.709412	0.753051	0.741088	0.681845	0.570849	0.413026	0.233502	0.0625077	-0.0906556	-0.225203	-0.316868	-0.35474	-0.364577	-0.347496	-0.278626	-0.179552	-0.103726	-0.0638673	-0.0345324	0	
0	0.000484873	0.00116892	-0.000716569	-0.000139552	-0.00244834	-0.00526678	-0.00379777	-0.00591592	-0.00573957	-0.00281008	-0.00621404	-0.0065095	-0.00824225	-0.0130708	-0.0143028	-0.0122985	-0.0106791	-0.0121885	-0.0105151	-0.0153557	-0.0232001	-0.0197922	-0.0187481	-0.0185328	-0.0173808	-0.0198843	-0.0324831	-0.0415157	-0.0329382	-0.0215878	-0.0263595	-0.0414692	-0.0485091	-0.061705	-0.0758043	-0.0731671	-0.0518342	-0.043029	-0.05501	-0.0870651	-0.13108	-0.19163	-0.265743	-0.345078	-0.397828	-0.409134	-0.381521	-0.329401	-0.241407	-0.114071	0.0452748	0.221593	0.399804	0.566691	0.691245	0.759255	0.767889	0.720466	0.622531	0.484429	0.325456	0.175255	0.0422799	-0.0674851	-0.145584	-0.190581	-0.191813	-0.1697	-0.154497	-0.158671	-0.181219	-0.195321	-0.174022	-0.110715	-0.0177033	0.098889	0.242102	0.398085	0.55295	0.685766	0.764441	0.786065	0.755411	0.662021	0.517159	0.353096	0.186708	0.0158445	-0.145736	-0.259728	-0.318041	-0.350017	-0.354664	-0.309648	-0.236379	-0.173613	-0.121696	-0.0641329	0	
0	-0.00306985	-0.00336928	-0.00628663	-0.00600195	-0.00496937	-0.00463465	-0.00203721	-0.000936936	-0.00151262	-0.00140954	-0.00603694	-0.00943105	-0.0100852	-0.011883	-0.0114709	-0.00996125	-0.00995801	-0.0140211	-0.0156945	-0.0225057	-0.025624	-0.0188705	-0.0169124	-0.0194927	-0.0243993	-0.0333949	-0.0415157	-0.0370354	-0.0258273	-0.0248071	-0.0392741	-0.0555779	-0.0627421	-0.0718667	-0.0756048	-0.0629837	-0.0460838	-0.0509041	-0.0791931	-0.12404	-0.183842	-0.252775	-0.323315	-0.38335	-0.4131	-0.400547	-0.346587	-0.263696	-0.146306	-0.000594264	0.164053	0.334467	0.504383	0.658072	0.763928	0.803335	0.774146	0.690095	0.561823	0.40758	0.246203	0.103917	-0.0136591	-0.10878	-0.17243	-0.204434	-0.19838	-0.170449	-0.150661	-0.153539	-0.177032	-0.197578	-0.190586	-0.145368	-0.0698028	0.0316597	0.164645	0.320086	0.486158	0.640119	0.749069	0.807391	0.811619	0.746969	0.625041	0.471796	0.300798	0.122094	-0.0436213	-0.170044	-0.25491	-0.315575	-0.345942	-0.332412	-0.293149	-0.245705	-0.179854	-0.0930395	0	
0	-0.00233762	-0.00328994	-0.00564935	-0.00392991	-0.00428102	-0.00472025	-0.00184268	-0.00553083	-0.00808355	-0.00725756	-0.0116031	-0.00990613	-0.00765747	-0.00860836	-0.00591807	-0.00496288	-0.00939806	-0.0178849	-0.0190099	-0.0188625	-0.0181659	-0.0112868	-0.0152069	-0.0246009	-0.0344868	-0.0377284	-0.0329382	-0.0258273	-0.0251467	-0.0349566	-0.050011	-0.0657247	-0.0697927	-0.0701673	-0.0618349	-0.0505461	-0.0465796	-0.0689753	-0.110118	-0.169936	-0.240309	-0.310329	-0.364912	-0.40251	-0.408417	-0.372393	-0.28995	-0.177735	-0.0382	0.116525	0.277627	0.440978	0.599155	0.738568	0.820294	0.826163	0.760602	0.642849	0.492889	0.32952	0.171501	0.0397658	-0.0648637	-0.143976	-0.195274	-0.218658	-0.202631	-0.167573	-0.144774	-0.147261	-0.175567	-0.20422	-0.206207	-0.173285	-0.112184	-0.0233067	0.0996974	0.247259	0.410003	0.5721	0.706593	0.804856	0.853689	0.826987	0.72502	0.573346	0.403101	0.236869	0.0815001	-0.0554494	-0.168073	-0.260441	-0.324478	-0.347344	-0.337638	-0.301622	-0.22785	-0.12007	0	
0	0.000737044	0.00318225	0.00212841	0.00199087	0.000656049	-0.00386046	-0.00722529	-0.0103189	-0.0127835	-0.0122056	-0.0130428	-0.0104553	-0.00718334	-0.00744957	-0.010173	-0.0147899	-0.0199336	-0.0227516	-0.0160324	-0.0129431	-0.013085	-0.0141419	-0.0238863	-0.0350119	-0.0364321	-0.0280628	-0.0215878	-0.0248071	-0.0349566	-0.0453354	-0.0594687	-0.0726413	-0.0700156	-0.0578705	-0.0488992	-0.0498287	-0.0655949	-0.102068	-0.158115	-0.229724	-0.304873	-0.362507	-0.395057	-0.407585	-0.389803	-0.325707	-0.213077	-0.0738033	0.0797942	0.235526	0.391181	0.543964	0.69045	0.808012	0.858628	0.827364	0.724357	0.579252	0.414686	0.250261	0.0997772	-0.0182707	-0.106842	-0.17359	-0.211793	-0.22289	-0.201775	-0.165096	-0.142185	-0.147582	-0.179857	-0.21358	-0.221892	-0.193679	-0.137354	-0.059385	0.0453066	0.172769	0.3231	0.48996	0.649463	0.787234	0.878648	0.884381	0.799184	0.658888	0.507305	0.36246	0.216859	0.0733316	-0.0597994	-0.186397	-0.292285	-0.348654	-0.355605	-0.326868	-0.25658	-0.141353	0	
0	0.00150521	0.00341411	0.00140897	0.00136632	-0.00224984	-0.00579305	-0.00470018	-0.00846568	-0.00940243	-0.00522599	-0.00679973	-0.00666393	-0.00923005	-0.017398	-0.0216954	-0.0235691	-0.022193	-0.019792	-0.0128478	-0.0139505	-0.0241247	-0.0290595	-0.0371399	-0.038009	-0.0307773	-0.0227434	-0.0263595	-0.0392741	-0.050011	-0.0594687	-0.0710898	-0.0783203	-0.0626929	-0.0481056	-0.0497483	-0.0711738	-0.101452	-0.152052	-0.219331	-0.297583	-0.362901	-0.398675	-0.40488	-0.392674	-0.347366	-0.252832	-0.110052	0.0471416	0.205988	0.357022	0.502679	0.644782	0.770707	0.859222	0.871398	0.798896	0.663219	0.498109	0.328464	0.171449	0.0376666	-0.0623691	-0.13452	-0.185671	-0.216529	-0.226788	-0.204543	-0.168693	-0.149046	-0.157248	-0.190071	-0.220665	-0.224898	-0.197974	-0.151896	-0.091991	-0.00888257	0.100082	0.241702	0.412633	0.587892	0.749936	0.869597	0.904201	0.849404	0.741309	0.617085	0.48842	0.3507	0.208836	0.061984	-0.0988126	-0.243601	-0.322882	-0.337239	-0.316227	-0.258319	-0.148422	0	
0	-0.00472021	-0.00716406	-0.0106013	-0.0109329	-0.00923706	-0.00835184	-0.00495201	-0.000904274	0.00150693	0.00235654	-0.00360124	-0.00874648	-0.0133006	-0.0178595	-0.0187114	-0.014861	-0.0121317	-0.0136246	-0.0153326	-0.0261666	-0.0367272	-0.0375852	-0.0362358	-0.0328141	-0.0279452	-0.0296994	-0.0414692	-0.0555779	-0.0657247	-0.0726413	-0.0783203	-0.0722975	-0.0529559	-0.0477859	-0.0703256	-0.106455	-0.150123	-0.210821	-0.285805	-0.356198	-0.400062	-0.408009	-0.38793	-0.348959	-0.273479	-0.147471	0.0158477	0.180719	0.333689	0.473174	0.605951	0.727096	0.825892	0.876195	0.846938	0.740487	0.582971	0.412312	0.251587	0.111468	-0.00475499	-0.0875238	-0.147821	-0.195892	-0.224849	-0.234223	-0.215677	-0.182988	-0.161771	-0.164281	-0.190323	-0.217984	-0.224694	-0.204716	-0.170054	-0.123708	-0.0527959	0.0463474	0.179881	0.343939	0.5157	0.683157	0.822817	0.893876	0.885483	0.819183	0.721341	0.606746	0.479004	0.340966	0.183656	0.000800635	-0.164681	-0.256684	-0.280429	-0.27103	-0.227364	-0.132774	0	
0	-0.00337938	-0.00521358	-0.0081196	-0.0065053	-0.00682653	-0.00587943	-0.0021435	-0.00604878	-0.010705	-0.011846	-0.0170434	-0.0174075	-0.0146441	-0.0135881	-0.00786806	-0.00531911	-0.00787589	-0.0164311	-0.0215144	-0.0282281	-0.0330809	-0.0256203	-0.0231634	-0.0228197	-0.0265185	-0.0346949	-0.0485091	-0.0627421	-0.0697927	-0.0700156	-0.0626929	-0.0529559	-0.042355	-0.0587529	-0.0968107	-0.146555	-0.199861	-0.270121	-0.340328	-0.392105	-0.409136	-0.391306	-0.347441	-0.281433	-0.17661	-0.0288487	0.144165	0.303174	0.445545	0.572398	0.688313	0.788264	0.85398	0.866934	0.803005	0.670644	0.503139	0.336532	0.187732	0.0636135	-0.0353228	-0.107187	-0.161759	-0.205407	-0.236446	-0.249688	-0.22889	-0.190647	-0.164654	-0.165649	-0.193205	-0.223204	-0.233561	-0.218198	-0.186178	-0.140752	-0.0737118	0.0151408	0.131586	0.274376	0.429157	0.595082	0.754763	0.864904	0.903619	0.879026	0.811021	0.714865	0.595286	0.45737	0.298848	0.118644	-0.0453958	-0.146027	-0.186462	-0.192302	-0.163091	-0.0937373	0	
0	0.00187087	0.00471217	0.00486327	0.00456533	0.00289675	-0.00289136	-0.00894685	-0.0141402	-0.017592	-0.0181151	-0.0204496	-0.017255	-0.0129164	-0.0122349	-0.0134586	-0.0158916	-0.0234017	-0.030516	-0.03046	-0.0311962	-0.0292345	-0.0220046	-0.0223998	-0.0288672	-0.036792	-0.0477821	-0.061705	-0.0718667	-0.0701673	-0.0578705	-0.0481056	-0.0477859	-0.0587529	-0.0917888	-0.144406	-0.203825	-0.26772	-0.335506	-0.389295	-0.414443	-0.404536	-0.362482	-0.291382	-0.195663	-0.0648169	0.0981934	0.26991	0.421369	0.552157	0.665187	0.762966	0.832029	0.861858	0.836671	0.740964	0.59244	0.42265	0.26419	0.131202	0.0233077	-0.0639486	-0.124984	-0.172898	-0.215372	-0.242999	-0.251442	-0.230352	-0.195816	-0.174031	-0.177895	-0.207813	-0.239811	-0.247824	-0.225079	-0.186199	-0.138996	-0.0785879	-0.00674753	0.0856017	0.204155	0.342211	0.505089	0.67831	0.817828	0.896335	0.913232	0.879359	0.802857	0.689565	0.557117	0.415406	0.259499	0.110025	0.00386314	-0.054525	-0.0792266	-0.0725234	-0.0407271	0	
0	0.00231251	0.00349207	0.00210333	0.00165517	-0.00323309	-0.00633637	-0.00639594	-0.0101752	-0.0126125	-0.0102331	-0.010779	-0.010049	-0.0105991	-0.0174833	-0.0217422	-0.0282631	-0.0334493	-0.0364153	-0.031518	-0.0297514	-0.0300845	-0.0259424	-0.0330231	-0.0441547	-0.0562337	-0.0673927	-0.0758043	-0.0756048	-0.0618349	-0.0488992	-0.0497483	-0.0703256	-0.0968107	-0.144406	-0.206183	-0.275531	-0.336626	-0.388621	-0.414897	-0.411561	-0.376107	-0.305837	-0.205152	-0.0812665	0.0675243	0.232754	0.398344	0.536952	0.654828	0.749906	0.818715	0.852532	0.84173	0.780583	0.661817	0.50319	0.33729	0.193418	0.0772395	-0.0129738	-0.0811907	-0.129324	-0.169361	-0.206228	-0.237224	-0.254794	-0.241308	-0.212184	-0.194298	-0.201633	-0.230854	-0.25474	-0.25207	-0.220575	-0.176076	-0.130112	-0.0811543	-0.0272089	0.0462199	0.145847	0.267457	0.421949	0.598906	0.756051	0.864129	0.915501	0.912095	0.857487	0.762326	0.653658	0.543302	0.417831	0.287575	0.184894	0.115017	0.0648825	0.0324085	0.0142754	0	
0	-0.00486448	-0.00767617	-0.0109599	-0.0120212	-0.0113109	-0.0111	-0.00967032	-0.00741951	-0.00375824	-0.000557446	-0.00421003	-0.00685699	-0.0110101	-0.0193229	-0.0252674	-0.0267278	-0.0296327	-0.029033	-0.0250334	-0.0255906	-0.0292769	-0.0321256	-0.0459638	-0.062074	-0.0725453	-0.0762938	-0.0731671	-0.0629837	-0.0505461	-0.0498287	-0.0711738	-0.106455	-0.146555	-0.203825	-0.275531	-0.3417	-0.386927	-0.411372	-0.408553	-0.379249	-0.315266	-0.215414	-0.0853671	0.0572359	0.210352	0.37031	0.521842	0.646114	0.744114	0.809923	0.842589	0.832882	0.784131	0.696047	0.563814	0.409138	0.259582	0.136516	0.0443394	-0.024662	-0.07978	-0.118752	-0.15711	-0.201061	-0.240109	-0.264454	-0.258637	-0.237411	-0.223341	-0.226799	-0.247604	-0.263468	-0.252035	-0.212392	-0.166034	-0.124081	-0.0824359	-0.0395267	0.0193079	0.102561	0.2092	0.352814	0.524634	0.684824	0.804978	0.875996	0.899407	0.879339	0.824876	0.757294	0.681679	0.583673	0.476102	0.38719	0.310961	0.227617	0.142022	0.0666868	0	
0	-0.00307948	-0.00756158	-0.0102506	-0.0106493	-0.0130793	-0.0111077	-0.00792572	-0.00734493	-0.00894993	-0.0100042	-0.0142689	-0.0176856	-0.0203062	-0.0255602	-0.0241852	-0.0236519	-0.0223381	-0.0204062	-0.0160221	-0.021575	-0.0323453	-0.0419424	-0.0587382	-0.0702278	-0.070086	-0.062261	-0.0518342	-0.0460838	-0.0465796	-0.0655949	-0.101452	-0.150123	-0.199861	-0.26772	-0.336626	-0.386927	-0.404768	-0.401089	-0.37325	-0.317002	-0.225023	-0.0959479	0.0517211	0.19835	0.344916	0.490492	0.627311	0.730992	0.802428	0.834109	0.826089	0.780502	0.705557	0.603833	0.473981	0.332051	0.201084	0.100608	0.0267528	-0.0289152	-0.071996	-0.106714	-0.14731	-0.195406	-0.24468	-0.281384	-0.283935	-0.265038	-0.247513	-0.247317	-0.263791	-0.271603	-0.253103	-0.209805	-0.159865	-0.115957	-0.0790239	-0.0449143	0.0056798	0.079306	0.173109	0.301405	0.456215	0.601555	0.715755	0.796918	0.851548	0.880859	0.882067	0.862854	0.822821	0.75269	0.669508	0.594311	0.509209	0.390872	0.252594	0.120424	0	
0	-0.00211365	-0.00258414	-0.00373999	-0.00341585	-0.00354767	-0.00460122	-0.00719082	-0.0118812	-0.0147594	-0.0173982	-0.0241217	-0.0271149	-0.0275918	-0.0298388	-0.0271973	-0.0211216	-0.0203229	-0.0199656	-0.0246716	-0.0373588	-0.0529678	-0.0611839	-0.0706638	-0.0692064	-0.0579026	-0.0461847	-0.043029	-0.0509041	-0.0689753	-0.102068	-0.152052	-0.210821	-0.270121	-0.335506	-0.388621	-0.411372	-0.401089	-0.37309	-0.318873	-0.235134	-0.112691	0.0359597	0.189915	0.330768	0.464897	0.598797	0.717376	0.797539	0.836614	0.828572	0.784137	0.708906	0.617953	0.514563	0.392518	0.266724	0.157345	0.0754862	0.0183609	-0.0239192	-0.061574	-0.0944857	-0.138412	-0.195792	-0.254141	-0.296571	-0.302665	-0.287311	-0.272595	-0.270526	-0.281658	-0.285309	-0.261124	-0.209717	-0.15487	-0.109334	-0.0709304	-0.0359284	0.0122266	0.077246	0.155262	0.25979	0.385058	0.504737	0.608334	0.700693	0.78936	0.869187	0.92636	0.958745	0.960832	0.92219	0.857555	0.784036	0.684245	0.53869	0.361522	0.17869	0	
