0	0	0	0	0	0	0	0	0	0	0	0	0	0	0	0	0	0	0	0	0	0	0	0	0	0	0	0	0	0	0	0	0	0	0	0	0	0	0	0	0	0	0	0	0	0	0	0	0	0	0	0	0	0	0	0	0	0	0	0	0	0	0	0	0	0	0	0	0	0	0	0	0	0	0	0	0	0	0	0	0	0	0	0	0	0	0	0	0	0	0	0	0	0	0	0	0	0	0	0	
0	0.00168733	-0.00416899	-0.00243166	0.00353148	0.00613344	-0.00236179	-2.9263e-05	-0.000418985	-0.0127872	0.00477051	-0.00222911	-0.00917432	0.0019212	0.00367419	0.00015843	-0.0031371	-0.00363944	0.00630956	0.00555802	-0.00827237	-0.00828779	-0.00291014	0.00734045	-0.000336088	-0.00623112	-0.0208537	-0.0197271	-0.00343841	0.00967565	0.0100769	-0.00914129	-0.0278203	-0.0633805	-0.081859	-0.089337	-0.0650183	-0.0351988	0.00389854	0.0546626	0.103365	0.148726	0.166623	0.168263	0.163046	0.139718	0.11252	0.061106	-0.0018982	-0.0513582	-0.0969776	-0.109682	-0.0995714	-0.0872629	-0.058963	-0.0336897	-0.0261419	-0.0119004	-0.00219121	-0.01075	-0.00656102	0.00535356	0.00526779	0.000874849	0.000698023	0.00236863	-0.00129124	0.00151595	0.00711653	-0.000888813	-0.00188633	0.00723136	0.00398927	-0.00202266	0.000802316	0.00584085	0.00730516	0.00019127	-0.00541151	0.00279707	0.00818166	-0.00366343	-0.0205449	-0.0339927	-0.0457446	-0.055354	-0.0700105	-0.0951047	-0.110738	-0.0905673	-0.033267	0.0454218	0.129909	0.200828	0.238161	0.239174	0.216088	0.172427	0.0993477	0	
0	-0.00416899	0.00026202	0.00500563	-0.00510655	-0.00775685	0.000152703	0.00192301	-0.00221844	-0.00247809	0.012034	-0.00314421	-0.0114337	0.00144615	0.000396274	-0.00575417	-0.0139228	-0.0109671	0.00345386	-0.000162136	-0.0173702	-0.0218623	-0.00427155	0.00670621	-0.000174054	-0.0154301	-0.0371662	-0.0347286	-0.00498569	0.0202422	0.0162358	-0.0155654	-0.0600806	-0.120247	-0.163873	-0.169361	-0.12968	-0.0674211	0.00904284	0.105196	0.204995	0.285351	0.324981	0.327432	0.313537	0.275462	0.21513	0.119754	0.00287913	-0.100273	-0.179046	-0.207269	-0.198605	-0.166711	-0.124807	-0.0827592	-0.0538219	-0.0301993	-0.0089767	-0.00591286	0.0050111	0.00634355	-0.00710155	-0.000265341	0.00778375	0.00360624	0.000354663	0.00603575	0.00862152	-0.00253968	-5.06767e-05	0.0128831	0.00673612	-0.00202311	0.00233276	0.0103627	0.0128422	0.00101545	-0.00792654	0.00562735	0.0132984	-0.00863932	-0.0398558	-0.065948	-0.0895334	-0.110741	-0.142022	-0.190044	-0.21723	-0.176082	-0.0637009	0.0911268	0.257162	0.395784	0.469182	0.472176	0.42666	0.339039	0.194316	0	
0	-0.00243166	0.00500563	0.00244097	-0.00554063	-0.00464114	0.000551825	0.00263831	-0.00590335	-0.00646775	0.0010507	-0.0048083	-0.00692137	-0.00317312	0.00150549	-0.00562098	-0.0128728	-0.00755586	0.00312948	4.17863e-05	-0.019599	-0.025	-0.00243283	0.00375466	-0.00155722	-0.0265321	-0.0492468	-0.0451709	-0.00802626	0.0234673	0.0124231	-0.0293083	-0.0994481	-0.177598	-0.241072	-0.240617	-0.18685	-0.0913817	0.0230751	0.165515	0.311663	0.426847	0.484965	0.493147	0.465364	0.41336	0.311643	0.172153	-0.000373736	-0.157286	-0.266257	-0.310453	-0.297897	-0.24556	-0.180729	-0.123148	-0.0718226	-0.039286	-0.0204294	-0.00929678	-0.000160848	-7.23257e-05	-0.00170453	0.00756583	0.00969777	0.00458985	0.000635548	0.0040384	0.0104547	0.00437874	0.00327394	0.0115068	0.00768257	0.00207963	0.00630402	0.013171	0.0145206	0.00254293	-0.00523194	0.00848984	0.013012	-0.0158165	-0.0567828	-0.0941208	-0.130075	-0.166571	-0.217387	-0.28388	-0.315307	-0.251892	-0.0885654	0.137297	0.378833	0.578947	0.686141	0.692974	0.626251	0.494269	0.280857	0	
0	0.00353148	-0.00510655	-0.00554063	0.00311184	0.00389132	-0.000759517	-0.00680589	-0.00804236	-0.00147605	-0.00396374	-0.00708066	-0.00631413	-0.00418524	-0.00160402	-0.00622332	-0.0108874	-0.00630812	-0.00182051	-0.00583141	-0.0222258	-0.0229887	-0.00694294	-0.0029592	-0.0112506	-0.0375823	-0.0570787	-0.0492376	-0.0114886	0.0170997	0.000362055	-0.0533919	-0.142097	-0.235887	-0.306464	-0.302526	-0.231649	-0.108764	0.0462984	0.22975	0.416207	0.560736	0.636127	0.648752	0.611461	0.536562	0.400916	0.213683	-0.00563951	-0.20856	-0.346189	-0.404564	-0.387893	-0.321059	-0.238997	-0.16027	-0.0957376	-0.0562024	-0.0283043	-0.011662	-0.0065584	0.00158631	0.0103579	0.00846723	0.000739213	0.00302863	0.00995534	0.0103296	0.00744084	0.00476068	0.00798118	0.0126088	0.00893397	0.00640747	0.0108637	0.0147565	0.0133979	0.00576062	0.00242675	0.0101329	0.00668541	-0.0247933	-0.0704163	-0.117608	-0.167285	-0.223662	-0.296177	-0.37441	-0.401044	-0.314062	-0.105342	0.183866	0.491544	0.744398	0.882554	0.895759	0.809487	0.633058	0.355585	0	
0	0.00613344	-0.00775685	-0.00464114	0.00389132	-0.00326985	-0.006355	-0.00320526	0.00135135	0.00104558	-0.0100566	-0.00596213	-0.00302558	-0.00826771	-0.0133227	-0.0116353	-0.0110356	-0.0101329	-0.0122909	-0.0173854	-0.0202439	-0.0173899	-0.0128587	-0.01076	-0.0225531	-0.0421734	-0.05441	-0.0425784	-0.0123708	0.00505861	-0.0168869	-0.0838305	-0.183561	-0.28755	-0.35408	-0.346886	-0.258848	-0.112289	0.0823331	0.299847	0.5189	0.683848	0.775949	0.789267	0.744408	0.640695	0.473424	0.242137	-0.0157922	-0.253738	-0.414765	-0.484783	-0.466507	-0.390339	-0.29748	-0.201245	-0.124603	-0.0749549	-0.0354874	-0.0104204	-0.00543492	0.00242478	0.00950164	0.00414081	0.00299804	0.0109824	0.0141558	0.00640301	0.00450853	0.0135873	0.0140113	0.00803206	0.00982303	0.0145621	0.0155443	0.0133093	0.0113168	0.0121973	0.0127564	0.00886299	-0.00433766	-0.0341116	-0.0803798	-0.136685	-0.202428	-0.282874	-0.37672	-0.458151	-0.471014	-0.35957	-0.111913	0.230312	0.591465	0.886458	1.05255	1.07493	0.971125	0.751142	0.4161	0	
0	-0.00236179	0.000152703	0.000551825	-0.000759517	-0.006355	-0.0113884	0.000480774	0.00334678	-0.00733273	-0.0160917	0.000221754	0.00164809	-0.0155468	-0.0136226	-0.0108474	-0.00402471	-0.0123734	-0.0226226	-0.0237029	-0.0140628	-0.0148319	-0.0218942	-0.0279475	-0.0365701	-0.0500877	-0.0485865	-0.0394776	-0.0231618	-0.022914	-0.052039	-0.128875	-0.234786	-0.336312	-0.393973	-0.375986	-0.276177	-0.100442	0.125721	0.378208	0.617749	0.803349	0.907476	0.92658	0.867676	0.738731	0.53206	0.26364	-0.0299748	-0.298913	-0.478186	-0.560863	-0.540668	-0.458797	-0.347632	-0.241484	-0.151862	-0.0844164	-0.0467201	-0.0152312	-0.00303905	0.00140985	0.00612258	0.00303766	0.00996459	0.017244	0.0116437	0.00270318	0.0090564	0.0229558	0.0141295	0.00318487	0.0146511	0.0230588	0.0176532	0.0110296	0.0114645	0.020794	0.0218662	0.00437801	-0.0169238	-0.0421178	-0.0871547	-0.152928	-0.237763	-0.344376	-0.455463	-0.530815	-0.522573	-0.386392	-0.106851	0.275434	0.674532	1.00009	1.19101	1.22504	1.10613	0.845321	0.461222	0	
0	-2.9263e-05	0.00192301	0.00263831	-0.00680589	-0.00320526	0.000480774	-0.00794526	-0.00844105	-0.0114363	-0.0118796	0.000142153	-0.00606217	-0.0171216	-0.0111024	-0.00656033	-0.00303924	-0.0153126	-0.0313836	-0.02238	-0.00922757	-0.0144481	-0.0341918	-0.0441929	-0.049637	-0.0507187	-0.0392384	-0.0358408	-0.0415273	-0.0588114	-0.0988283	-0.180261	-0.285196	-0.373897	-0.415385	-0.385794	-0.270829	-0.0711458	0.185525	0.461879	0.715616	0.915446	1.02822	1.0512	0.976145	0.816703	0.575827	0.271225	-0.0483114	-0.337854	-0.536613	-0.624475	-0.608668	-0.52141	-0.395392	-0.27716	-0.174345	-0.0976489	-0.0549705	-0.0243744	-0.00973684	0.00139764	0.00823293	0.0105925	0.0150647	0.00944015	0.00866285	0.0139476	0.0161398	0.0185522	0.0112622	0.00934865	0.0223407	0.0248806	0.0167455	0.0120095	0.0159865	0.0289362	0.0261623	-0.00218798	-0.0272326	-0.0474752	-0.0922323	-0.169187	-0.275691	-0.406775	-0.527335	-0.588152	-0.554078	-0.393544	-0.0897964	0.317214	0.736908	1.08134	1.29361	1.34077	1.20982	0.91366	0.491072	0	
0	-0.000418985	-0.00221844	-0.00590335	-0.00804236	0.00135135	0.00334678	-0.00844105	-0.00541291	-0.00709731	-0.00807922	-0.00801151	-0.015271	-0.0177747	-0.0177298	-0.0109129	-0.0130528	-0.0247094	-0.0344581	-0.0201502	-0.00708172	-0.0173601	-0.0446593	-0.0524347	-0.0553943	-0.0384196	-0.0264862	-0.0316396	-0.0631524	-0.0983089	-0.148852	-0.232277	-0.32352	-0.395047	-0.411832	-0.372683	-0.238146	-0.021271	0.26036	0.548451	0.809393	1.01428	1.13406	1.15126	1.06112	0.865644	0.595068	0.264508	-0.074241	-0.368722	-0.580196	-0.670915	-0.658829	-0.569323	-0.442184	-0.31349	-0.203118	-0.121827	-0.0649069	-0.0284539	-0.0090189	0.000845554	0.00873269	0.0164011	0.0131201	0.00698722	0.0148177	0.0191782	0.015545	0.0167151	0.0153286	0.016926	0.0249554	0.0238753	0.0176159	0.0165492	0.0233576	0.0340063	0.0243979	-0.0081036	-0.0319367	-0.0501041	-0.0982875	-0.188866	-0.317402	-0.466652	-0.586702	-0.626844	-0.564954	-0.381208	-0.0618857	0.352882	0.775568	1.12776	1.35689	1.41704	1.27819	0.955526	0.506896	0	
0	-0.0127872	-0.00247809	-0.00646775	-0.00147605	0.00104558	-0.00733273	-0.0114363	-0.00709731	-0.000819939	-0.00467406	-0.0125956	-0.017218	-0.0114791	-0.0139776	-0.0146491	-0.0214283	-0.0313899	-0.0306612	-0.0224505	-0.0156253	-0.0336481	-0.058161	-0.0673483	-0.0595998	-0.0351996	-0.0256604	-0.0487118	-0.100784	-0.15507	-0.214596	-0.291815	-0.363042	-0.406371	-0.401933	-0.342762	-0.19432	0.0424634	0.336483	0.630816	0.89454	1.10027	1.22588	1.23571	1.12644	0.903053	0.603064	0.255519	-0.0916785	-0.394847	-0.609993	-0.710232	-0.705971	-0.615917	-0.487344	-0.350652	-0.233484	-0.138902	-0.0764752	-0.0358539	-0.00266934	0.00533978	0.00798286	0.0111941	0.00769101	0.0133643	0.0227427	0.0222557	0.0151304	0.0137381	0.021169	0.0262665	0.0242407	0.0207885	0.0212694	0.0256014	0.0313542	0.0327825	0.0180722	-0.0090111	-0.0296116	-0.0521136	-0.108698	-0.214457	-0.361705	-0.518931	-0.628637	-0.645098	-0.555678	-0.351006	-0.0260286	0.379265	0.788858	1.13849	1.37827	1.4495	1.30825	0.971417	0.510614	0	
0	0.00477051	0.012034	0.0010507	-0.00396374	-0.0100566	-0.0160917	-0.0118796	-0.00807922	-0.00467406	-0.0114105	-0.0212201	-0.0126235	-0.00180335	-0.0116649	-0.0213677	-0.0261702	-0.0260294	-0.022079	-0.0229712	-0.0303143	-0.0456668	-0.0660784	-0.071374	-0.0557169	-0.0323614	-0.0347768	-0.0766788	-0.146122	-0.216676	-0.282513	-0.344199	-0.388084	-0.399611	-0.371081	-0.289571	-0.124311	0.124539	0.42325	0.715761	0.976549	1.18129	1.30302	1.30318	1.17054	0.920705	0.598993	0.239299	-0.10985	-0.414195	-0.634995	-0.743785	-0.746764	-0.66351	-0.529548	-0.383113	-0.255887	-0.148622	-0.0799879	-0.0405194	-0.0139562	-0.00406248	0.00622699	0.0123111	0.0182223	0.0239099	0.0198531	0.0186946	0.0147672	0.0164685	0.0322823	0.0313552	0.0180938	0.020219	0.0304716	0.0364841	0.0349186	0.025409	0.0130916	-0.0019292	-0.0228399	-0.0570315	-0.125891	-0.246204	-0.404809	-0.558011	-0.650002	-0.642813	-0.527858	-0.306369	0.0131663	0.393387	0.776773	1.11415	1.35623	1.43517	1.29854	0.962559	0.504147	0	
0	-0.00222911	-0.00314421	-0.0048083	-0.00708066	-0.00596213	0.000221754	0.000142153	-0.00801151	-0.0125956	-0.0212201	-0.026177	-0.00963324	-0.0109245	-0.0280916	-0.0334218	-0.0300847	-0.020457	-0.016546	-0.0318998	-0.0436327	-0.0523528	-0.0620585	-0.0618496	-0.0436939	-0.0312219	-0.052102	-0.109344	-0.191511	-0.274605	-0.338742	-0.378117	-0.387957	-0.368722	-0.313092	-0.207191	-0.0279143	0.226338	0.516088	0.802334	1.05181	1.2494	1.35901	1.33946	1.18374	0.909708	0.571177	0.212578	-0.135284	-0.429615	-0.64757	-0.762563	-0.767757	-0.689355	-0.560128	-0.411519	-0.280757	-0.176071	-0.0992577	-0.0497545	-0.0178922	-0.000970522	0.010343	0.0195517	0.0239928	0.0185113	0.0143788	0.0205305	0.0214863	0.0276201	0.0365309	0.0238061	0.0160238	0.0305128	0.0414867	0.0414951	0.0319117	0.0183248	0.0157995	0.011083	-0.0170908	-0.0675001	-0.150205	-0.281623	-0.440951	-0.579188	-0.650073	-0.621479	-0.484483	-0.252748	0.049965	0.393089	0.740779	1.05642	1.29074	1.37342	1.24945	0.930371	0.488717	0	
0	-0.00917432	-0.0114337	-0.00692137	-0.00631413	-0.00302558	0.00164809	-0.00606217	-0.015271	-0.017218	-0.0126235	-0.00963324	-0.00976963	-0.0227704	-0.0336275	-0.0324282	-0.0304799	-0.0191702	-0.0265962	-0.0528935	-0.0636833	-0.0633333	-0.0612308	-0.0579592	-0.0462207	-0.053768	-0.09378	-0.160598	-0.251753	-0.338401	-0.394024	-0.401867	-0.379746	-0.327244	-0.245447	-0.112834	0.0757	0.325037	0.600824	0.872721	1.11212	1.29523	1.38853	1.34981	1.17303	0.888188	0.543788	0.193187	-0.14318	-0.429285	-0.64757	-0.768714	-0.788621	-0.719789	-0.594042	-0.447149	-0.309049	-0.196334	-0.111064	-0.0579215	-0.0184907	0.007124	0.0141484	0.0174449	0.0181331	0.0154067	0.0185271	0.0284209	0.0330476	0.0307881	0.0258305	0.021835	0.0295277	0.041482	0.0444304	0.0406511	0.0281302	0.0184463	0.0266049	0.0238679	-0.0168036	-0.084004	-0.179856	-0.315496	-0.463657	-0.580084	-0.630597	-0.583987	-0.430278	-0.197372	0.0785069	0.377392	0.683196	0.967726	1.18384	1.26674	1.16337	0.875985	0.464367	0	
0	0.0019212	0.00144615	-0.00317312	-0.00418524	-0.00826771	-0.0155468	-0.0171216	-0.0177747	-0.0114791	-0.00180335	-0.0109245	-0.0227704	-0.026425	-0.0271276	-0.0292322	-0.0258488	-0.0220316	-0.0409446	-0.0680827	-0.0735941	-0.062833	-0.0542797	-0.0528313	-0.0594606	-0.0914884	-0.146634	-0.219722	-0.312694	-0.394771	-0.430136	-0.405857	-0.350298	-0.267193	-0.154482	0.000340907	0.194145	0.429121	0.685825	0.941326	1.16392	1.32884	1.39646	1.33778	1.14436	0.853905	0.514345	0.174521	-0.14705	-0.423934	-0.642021	-0.772449	-0.803996	-0.748423	-0.628553	-0.478832	-0.335282	-0.211891	-0.115494	-0.0573499	-0.0195652	0.000236341	0.00731921	0.0137572	0.0175929	0.0248241	0.0305246	0.0333577	0.0322673	0.0226614	0.023354	0.0366605	0.0428149	0.0424725	0.0430156	0.0388067	0.0285433	0.0286746	0.0409009	0.0301494	-0.0236575	-0.105204	-0.210532	-0.340352	-0.467866	-0.561645	-0.595225	-0.534549	-0.371922	-0.148396	0.093913	0.346347	0.606367	0.851143	1.04027	1.12114	1.04459	0.80007	0.429978	0	
0	0.00367419	0.000396274	0.00150549	-0.00160402	-0.0133227	-0.0136226	-0.0111024	-0.0177298	-0.0139776	-0.0116649	-0.0280916	-0.0336275	-0.0271276	-0.0256357	-0.0248009	-0.0239867	-0.0329602	-0.0545838	-0.0714459	-0.0683542	-0.0536828	-0.0425788	-0.0531909	-0.084553	-0.139567	-0.203379	-0.279376	-0.365126	-0.431882	-0.438752	-0.384086	-0.296606	-0.182295	-0.0396693	0.132743	0.322567	0.537835	0.771467	1.00632	1.20792	1.34386	1.38394	1.30141	1.09852	0.80901	0.479011	0.154076	-0.152209	-0.420886	-0.63531	-0.772153	-0.814194	-0.763209	-0.649602	-0.500454	-0.351122	-0.229317	-0.131979	-0.0690927	-0.0292162	-0.00366592	0.00819875	0.0185064	0.027939	0.0322743	0.0290544	0.0295256	0.0305388	0.0251068	0.0342079	0.0480734	0.0452804	0.0419562	0.0421203	0.0374107	0.0378075	0.0471948	0.0507598	0.0265534	-0.0363123	-0.127768	-0.235011	-0.348592	-0.452325	-0.52789	-0.548607	-0.478944	-0.317813	-0.113472	0.0930362	0.300376	0.512057	0.710696	0.867811	0.945774	0.89882	0.703163	0.383895	0	
0	0.00015843	-0.00575417	-0.00562098	-0.00622332	-0.0116353	-0.0108474	-0.00656033	-0.0109129	-0.0146491	-0.0213677	-0.0334218	-0.0324282	-0.0292322	-0.0248009	-0.0264179	-0.0403278	-0.0579739	-0.0693523	-0.0699462	-0.0650148	-0.0506297	-0.0443603	-0.0747215	-0.130688	-0.199583	-0.267334	-0.338315	-0.40813	-0.446031	-0.424064	-0.34015	-0.224167	-0.0779605	0.0887931	0.269356	0.446508	0.63695	0.84438	1.05358	1.22564	1.32829	1.33644	1.2383	1.03235	0.757185	0.444614	0.141295	-0.14676	-0.404194	-0.615916	-0.759917	-0.813272	-0.776804	-0.669998	-0.526391	-0.376201	-0.248607	-0.147235	-0.0783071	-0.0346086	-0.00293514	0.0143856	0.0234025	0.0299706	0.0330517	0.0290307	0.0276589	0.0322967	0.0355274	0.0446838	0.0516681	0.0463092	0.0411557	0.0392103	0.044163	0.0589775	0.0638288	0.0490765	0.0152472	-0.0509086	-0.145836	-0.244474	-0.336042	-0.4205	-0.484282	-0.496011	-0.42494	-0.27696	-0.0982016	0.0744225	0.239429	0.401519	0.551939	0.676939	0.751783	0.732826	0.586552	0.32507	0	
0	-0.0031371	-0.0139228	-0.0128728	-0.0108874	-0.0110356	-0.00402471	-0.00303924	-0.0130528	-0.0214283	-0.0261702	-0.0300847	-0.0304799	-0.0258488	-0.0239867	-0.0403278	-0.0648484	-0.0752309	-0.0687412	-0.0631052	-0.0625586	-0.0536143	-0.0637301	-0.117702	-0.190905	-0.266282	-0.331539	-0.391562	-0.431771	-0.436544	-0.385182	-0.276667	-0.131159	0.0431654	0.226443	0.404683	0.563849	0.728268	0.907132	1.08576	1.2216	1.28794	1.26735	1.15906	0.961765	0.705137	0.418244	0.134608	-0.13394	-0.382296	-0.591911	-0.74324	-0.809257	-0.786184	-0.691231	-0.551531	-0.402051	-0.270768	-0.160269	-0.083992	-0.0348209	0.000693126	0.0178151	0.0266622	0.029866	0.0285177	0.0275827	0.0322085	0.0429646	0.0473755	0.0485955	0.0506243	0.044984	0.0389413	0.0455364	0.0654018	0.0794458	0.0667285	0.0385422	0.0025202	-0.0626321	-0.151136	-0.232073	-0.304647	-0.378857	-0.43612	-0.444053	-0.382061	-0.256989	-0.105259	0.0374246	0.162605	0.276374	0.382333	0.47958	0.550713	0.554108	0.453492	0.254349	0	
0	-0.00363944	-0.0109671	-0.00755586	-0.00630812	-0.0101329	-0.0123734	-0.0153126	-0.0247094	-0.0313899	-0.0260294	-0.020457	-0.0191702	-0.0220316	-0.0329602	-0.0579739	-0.0752309	-0.0706386	-0.0590843	-0.0571572	-0.0634542	-0.071312	-0.107485	-0.179635	-0.26129	-0.334824	-0.394213	-0.430536	-0.434395	-0.404497	-0.327186	-0.195529	-0.0208625	0.173368	0.363725	0.529589	0.670063	0.807155	0.956039	1.09752	1.19467	1.22515	1.18445	1.07484	0.895519	0.664462	0.402657	0.140345	-0.115911	-0.357182	-0.569617	-0.729753	-0.809509	-0.798799	-0.711071	-0.576266	-0.421147	-0.28438	-0.170464	-0.0850743	-0.033025	0.000892605	0.0164124	0.0214386	0.0254097	0.0311711	0.0359132	0.0418479	0.0531051	0.053641	0.0462363	0.0450345	0.0437536	0.0485431	0.0679687	0.0862187	0.0836352	0.0588313	0.0282267	-0.00704502	-0.0645017	-0.134929	-0.197566	-0.261763	-0.333698	-0.388778	-0.401693	-0.359788	-0.262129	-0.134917	-0.0189219	0.0688169	0.139906	0.210899	0.287238	0.352999	0.370968	0.31027	0.175386	0	
0	0.00630956	0.00345386	0.00312948	-0.00182051	-0.0122909	-0.0226226	-0.0313836	-0.0344581	-0.0306612	-0.022079	-0.016546	-0.0265962	-0.0409446	-0.0545838	-0.0693523	-0.0687412	-0.0590843	-0.0509653	-0.0510457	-0.070837	-0.105593	-0.163623	-0.243016	-0.32098	-0.390178	-0.431317	-0.435218	-0.399603	-0.338437	-0.238176	-0.0816098	0.114458	0.320564	0.503172	0.654247	0.771936	0.882104	0.99341	1.0921	1.14655	1.14538	1.08955	0.987818	0.8287	0.625814	0.388739	0.14282	-0.0989729	-0.337216	-0.549159	-0.716033	-0.806557	-0.806479	-0.724532	-0.59128	-0.435426	-0.291808	-0.175145	-0.0914284	-0.0406033	-0.0069692	0.0111181	0.0205326	0.0292205	0.0404477	0.0496164	0.0527517	0.0548703	0.0477111	0.0390619	0.0458169	0.0584435	0.0727861	0.0874695	0.0894094	0.0761862	0.0518965	0.022215	-0.00816682	-0.0461948	-0.0943201	-0.148916	-0.21562	-0.289848	-0.349804	-0.379456	-0.364516	-0.29273	-0.186821	-0.0961348	-0.0414893	-0.00210926	0.046883	0.109112	0.167218	0.192773	0.166536	0.0946854	0	
0	0.00555802	-0.000162136	4.17863e-05	-0.00583141	-0.0173854	-0.0237029	-0.02238	-0.0201502	-0.0224505	-0.0229712	-0.0318998	-0.0528935	-0.0680827	-0.0714459	-0.0699462	-0.0631052	-0.0571572	-0.0510457	-0.0603961	-0.10507	-0.16406	-0.232728	-0.304065	-0.376925	-0.429599	-0.442706	-0.407406	-0.336479	-0.24856	-0.123295	0.0527133	0.263617	0.46405	0.634652	0.763432	0.860971	0.936489	1.00596	1.05645	1.07079	1.04486	0.984834	0.895591	0.76445	0.586927	0.375654	0.146011	-0.0855105	-0.314971	-0.526443	-0.695712	-0.792273	-0.800646	-0.727762	-0.600457	-0.448263	-0.309724	-0.192827	-0.103502	-0.0502179	-0.0127365	0.0128147	0.0298407	0.0443656	0.0540342	0.0544756	0.0473717	0.0453535	0.0444236	0.046377	0.0633059	0.0818309	0.0902799	0.0901588	0.082258	0.0698052	0.0490896	0.024271	0.0108161	-0.00190125	-0.0374543	-0.0968562	-0.171431	-0.253297	-0.329886	-0.385862	-0.397506	-0.347155	-0.261506	-0.194855	-0.164547	-0.141938	-0.102142	-0.0488937	0.000345261	0.0300494	0.0344368	0.0205852	0	
0	-0.00827237	-0.0173702	-0.019599	-0.0222258	-0.0202439	-0.0140628	-0.00922757	-0.00708172	-0.0156253	-0.0303143	-0.0436327	-0.0636833	-0.0735941	-0.0683542	-0.0650148	-0.0625586	-0.0634542	-0.070837	-0.10507	-0.174031	-0.246757	-0.308843	-0.372421	-0.42903	-0.455368	-0.429743	-0.358787	-0.258361	-0.143651	0.0041298	0.194658	0.403059	0.590911	0.739948	0.85015	0.919321	0.958675	0.979006	0.984213	0.96644	0.927569	0.875267	0.808924	0.707473	0.562739	0.374708	0.16351	-0.0558929	-0.281892	-0.492295	-0.668811	-0.778426	-0.800261	-0.738013	-0.620332	-0.470878	-0.327567	-0.209584	-0.115342	-0.050583	-0.00319063	0.0275919	0.0426746	0.049203	0.050003	0.0464332	0.0411574	0.0465883	0.0571367	0.0667406	0.0838454	0.0958762	0.0928911	0.0844102	0.075901	0.0669128	0.0542401	0.0472688	0.0578267	0.060284	0.0225231	-0.0476922	-0.13391	-0.23441	-0.339415	-0.4235	-0.456232	-0.424628	-0.359824	-0.312383	-0.292921	-0.271858	-0.231718	-0.183678	-0.141301	-0.106065	-0.0734418	-0.0385925	0	
0	-0.00828779	-0.0218623	-0.025	-0.0229887	-0.0173899	-0.0148319	-0.0144481	-0.0173601	-0.0336481	-0.0456668	-0.0523528	-0.0633333	-0.062833	-0.0536828	-0.0506297	-0.0536143	-0.071312	-0.105593	-0.16406	-0.246757	-0.315662	-0.373766	-0.421716	-0.455075	-0.442968	-0.382765	-0.283016	-0.157217	-0.0165699	0.149238	0.34014	0.536073	0.702584	0.833647	0.919677	0.961165	0.956266	0.931899	0.898052	0.860546	0.822574	0.78536	0.745105	0.673771	0.552566	0.386433	0.184216	-0.0295172	-0.252909	-0.468721	-0.651886	-0.771229	-0.806524	-0.754208	-0.639569	-0.490988	-0.341939	-0.211443	-0.106684	-0.0397292	0.00392608	0.0302616	0.0401453	0.0419457	0.0426799	0.0455049	0.0488442	0.0619019	0.0777988	0.08548	0.0942237	0.0977093	0.088718	0.0781549	0.0722379	0.0733825	0.0820225	0.099806	0.124036	0.125278	0.0782527	-0.00527475	-0.112995	-0.245245	-0.382571	-0.489195	-0.538428	-0.525954	-0.480052	-0.441244	-0.417431	-0.386467	-0.340394	-0.293186	-0.251269	-0.205278	-0.146825	-0.0766087	0	
0	-0.00291014	-0.00427155	-0.00243283	-0.00694294	-0.0128587	-0.0218942	-0.0341918	-0.0446593	-0.058161	-0.0660784	-0.0620585	-0.0612308	-0.0542797	-0.0425788	-0.0443603	-0.0637301	-0.107485	-0.163623	-0.232728	-0.308843	-0.373766	-0.417663	-0.441765	-0.435793	-0.386972	-0.297476	-0.174548	-0.0227707	0.139272	0.311566	0.489351	0.663686	0.808567	0.917266	0.977394	0.979983	0.932025	0.863439	0.802237	0.756209	0.726007	0.710188	0.693029	0.647	0.547033	0.392758	0.199545	-0.0124955	-0.237615	-0.454852	-0.644139	-0.77088	-0.809319	-0.75919	-0.644688	-0.490697	-0.338032	-0.210739	-0.107972	-0.0408038	0.000800439	0.0238081	0.0328383	0.0390515	0.046811	0.0572331	0.0666244	0.0808617	0.0937785	0.0949351	0.095394	0.0927657	0.0814576	0.0744957	0.0815434	0.105704	0.139792	0.171147	0.192908	0.185265	0.126497	0.0206408	-0.122223	-0.291638	-0.455822	-0.579027	-0.644472	-0.650528	-0.615159	-0.570688	-0.530404	-0.483593	-0.427886	-0.374499	-0.323163	-0.260273	-0.180257	-0.0908507	0	
0	0.00734045	0.00670621	0.00375466	-0.0029592	-0.01076	-0.0279475	-0.0441929	-0.0524347	-0.0673483	-0.071374	-0.0618496	-0.0579592	-0.0528313	-0.0531909	-0.0747215	-0.117702	-0.179635	-0.243016	-0.304065	-0.372421	-0.421716	-0.441765	-0.424451	-0.37952	-0.298687	-0.186539	-0.0387604	0.134744	0.308581	0.47117	0.6272	0.776222	0.898052	0.980655	1.00453	0.965793	0.872396	0.771621	0.692431	0.648371	0.633297	0.636591	0.642869	0.616608	0.532993	0.392835	0.205679	0.000229689	-0.219575	-0.436034	-0.623854	-0.752658	-0.799068	-0.754055	-0.644007	-0.496488	-0.344043	-0.214944	-0.113216	-0.0491603	-0.00896409	0.0190924	0.034995	0.0470641	0.0613584	0.0763144	0.0846372	0.0942357	0.102071	0.0955922	0.0876013	0.083001	0.079261	0.089254	0.120227	0.16752	0.214337	0.244351	0.256834	0.237225	0.15721	0.0151856	-0.168832	-0.369879	-0.553735	-0.6926	-0.774641	-0.792215	-0.753435	-0.69066	-0.627866	-0.562897	-0.492576	-0.423131	-0.352092	-0.268759	-0.174439	-0.0828059	0	
0	-0.000336088	-0.000174054	-0.00155722	-0.0112506	-0.0225531	-0.0365701	-0.049637	-0.0553943	-0.0595998	-0.0557169	-0.0436939	-0.0462207	-0.0594606	-0.084553	-0.130688	-0.190905	-0.26129	-0.32098	-0.376925	-0.42903	-0.455075	-0.435793	-0.37952	-0.301805	-0.197553	-0.0613208	0.107579	0.294383	0.462168	0.605944	0.734757	0.860002	0.954836	1.00418	0.987345	0.905391	0.779188	0.657237	0.57743	0.545395	0.55048	0.578054	0.603947	0.59876	0.530484	0.401316	0.223119	0.0213161	-0.196573	-0.411338	-0.60289	-0.737217	-0.787684	-0.750733	-0.646321	-0.501865	-0.354417	-0.229261	-0.126447	-0.0557316	-0.0085344	0.0244362	0.0466054	0.0646585	0.0796327	0.0928496	0.0983941	0.10018	0.0976939	0.084213	0.0770973	0.0844869	0.10168	0.13556	0.186247	0.243319	0.289893	0.312817	0.312205	0.269954	0.154412	-0.029643	-0.248823	-0.47332	-0.67515	-0.830713	-0.923623	-0.93884	-0.882927	-0.795294	-0.708794	-0.623002	-0.530187	-0.434259	-0.336765	-0.234527	-0.135885	-0.057359	0	
0	-0.00623112	-0.0154301	-0.0265321	-0.0375823	-0.0421734	-0.0500877	-0.0507187	-0.0384196	-0.0351996	-0.0323614	-0.0312219	-0.053768	-0.0914884	-0.139567	-0.199583	-0.266282	-0.334824	-0.390178	-0.429599	-0.455368	-0.442968	-0.386972	-0.298687	-0.197553	-0.0691015	0.0876805	0.269709	0.451051	0.602016	0.719676	0.824175	0.921698	0.984676	0.993663	0.934259	0.818446	0.670128	0.54546	0.473943	0.461776	0.48887	0.536298	0.581674	0.590531	0.535366	0.415839	0.242809	0.0451249	-0.170245	-0.387334	-0.581226	-0.722253	-0.784169	-0.75457	-0.657532	-0.517776	-0.367173	-0.237273	-0.129099	-0.0535322	-0.00107164	0.0398698	0.0660954	0.0837672	0.09715	0.103675	0.0968483	0.0881648	0.0839783	0.0777881	0.0859418	0.115411	0.155243	0.205358	0.263313	0.320093	0.361178	0.371261	0.34558	0.26662	0.11033	-0.109189	-0.354693	-0.600323	-0.821207	-0.988555	-1.07881	-1.07695	-0.996205	-0.882909	-0.771906	-0.659447	-0.534831	-0.405339	-0.281097	-0.166901	-0.0750574	-0.0212594	0	
0	-0.0208537	-0.0371662	-0.0492468	-0.0570787	-0.05441	-0.0485865	-0.0392384	-0.0264862	-0.0256604	-0.0347768	-0.052102	-0.09378	-0.146634	-0.203379	-0.267334	-0.331539	-0.394213	-0.431317	-0.442706	-0.429743	-0.382765	-0.297476	-0.186539	-0.0613208	0.0876805	0.257257	0.43359	0.597577	0.723298	0.817542	0.894548	0.960756	0.983471	0.950085	0.854699	0.716109	0.563966	0.446565	0.394443	0.402862	0.450863	0.516258	0.573981	0.595108	0.547081	0.432834	0.262203	0.0640832	-0.153885	-0.373005	-0.572923	-0.719899	-0.785883	-0.762626	-0.666753	-0.526495	-0.374103	-0.238462	-0.123274	-0.0383303	0.0205068	0.0614647	0.0854221	0.0960688	0.096225	0.0922952	0.0827658	0.0772345	0.0838589	0.0964852	0.126309	0.175023	0.227926	0.283956	0.341918	0.392928	0.419878	0.403426	0.339839	0.220763	0.0307501	-0.215509	-0.484784	-0.752263	-0.987219	-1.1529	-1.22536	-1.19782	-1.09115	-0.952472	-0.812756	-0.665362	-0.50212	-0.338637	-0.194296	-0.0786869	-0.00369278	0.0186349	0	
0	-0.0197271	-0.0347286	-0.0451709	-0.0492376	-0.0425784	-0.0394776	-0.0358408	-0.0316396	-0.0487118	-0.0766788	-0.109344	-0.160598	-0.219722	-0.279376	-0.338315	-0.391562	-0.430536	-0.435218	-0.407406	-0.358787	-0.283016	-0.174548	-0.0387604	0.107579	0.269709	0.43359	0.592073	0.730141	0.832568	0.900594	0.946556	0.97233	0.951514	0.879566	0.758598	0.613423	0.467544	0.368415	0.335198	0.364274	0.427937	0.505124	0.571847	0.598189	0.554819	0.442349	0.272016	0.0722553	-0.146514	-0.369596	-0.571544	-0.721807	-0.791791	-0.767633	-0.670172	-0.523984	-0.363124	-0.221213	-0.100682	-0.0159882	0.0377484	0.0718653	0.0846091	0.085286	0.0824524	0.0799213	0.0768687	0.0862862	0.113894	0.146404	0.190952	0.249833	0.308571	0.364919	0.415639	0.449054	0.447024	0.393136	0.290969	0.139515	-0.0765089	-0.347445	-0.640574	-0.924067	-1.15907	-1.30763	-1.35347	-1.29905	-1.16712	-0.999776	-0.823851	-0.634837	-0.432517	-0.242131	-0.0891923	0.016692	0.0677488	0.0567618	0	
0	-0.00343841	-0.00498569	-0.00802626	-0.0114886	-0.0123708	-0.0231618	-0.0415273	-0.0631524	-0.100784	-0.146122	-0.191511	-0.251753	-0.312694	-0.365126	-0.40813	-0.431771	-0.434395	-0.399603	-0.336479	-0.258361	-0.157217	-0.0227707	0.134744	0.294383	0.451051	0.597577	0.730141	0.844502	0.921524	0.959588	0.96584	0.947115	0.885816	0.785439	0.654684	0.514104	0.385593	0.305068	0.291956	0.335346	0.410293	0.494011	0.56415	0.593017	0.550369	0.43869	0.267834	0.0690599	-0.149992	-0.369914	-0.569721	-0.716529	-0.781433	-0.753829	-0.651163	-0.503295	-0.341472	-0.200234	-0.0866386	-0.00922981	0.0361616	0.0612848	0.070537	0.0717233	0.0731276	0.0836576	0.099956	0.127468	0.170061	0.215209	0.26938	0.333768	0.391535	0.437383	0.466365	0.468035	0.429255	0.339848	0.207174	0.0297075	-0.211256	-0.506295	-0.815954	-1.10039	-1.31954	-1.44214	-1.4605	-1.3803	-1.2202	-1.01697	-0.798188	-0.56697	-0.33293	-0.128202	0.0205629	0.107848	0.131775	0.0895807	0	
0	0.00967565	0.0202422	0.0234673	0.0170997	0.00505861	-0.022914	-0.0588114	-0.0983089	-0.15507	-0.216676	-0.274605	-0.338401	-0.394771	-0.431882	-0.446031	-0.436544	-0.404497	-0.338437	-0.24856	-0.143651	-0.0165699	0.139272	0.308581	0.462168	0.602016	0.723298	0.832568	0.921524	0.969028	0.968507	0.930041	0.869852	0.777687	0.665112	0.536832	0.412747	0.303608	0.244328	0.246956	0.303412	0.386233	0.47579	0.549579	0.582064	0.542889	0.43471	0.268748	0.0731946	-0.139335	-0.355349	-0.550179	-0.693205	-0.756696	-0.728713	-0.628836	-0.483886	-0.329744	-0.198402	-0.0909855	-0.020178	0.020705	0.0468635	0.0610179	0.0736093	0.0918032	0.11806	0.148037	0.189372	0.245062	0.299626	0.357029	0.416484	0.45916	0.479382	0.475039	0.441097	0.369643	0.252015	0.0933908	-0.109695	-0.374072	-0.68414	-0.993985	-1.26312	-1.4577	-1.55379	-1.54632	-1.4378	-1.24226	-0.996277	-0.733922	-0.468037	-0.21562	-0.0107308	0.12331	0.1871	0.18442	0.115604	0	
0	0.0100769	0.0162358	0.0124231	0.000362055	-0.0168869	-0.052039	-0.0988283	-0.148852	-0.214596	-0.282513	-0.338742	-0.394024	-0.430136	-0.438752	-0.424064	-0.385182	-0.327186	-0.238176	-0.123295	0.0041298	0.149238	0.311566	0.47117	0.605944	0.719676	0.817542	0.900594	0.959588	0.968507	0.923795	0.84431	0.752769	0.647967	0.537342	0.426017	0.322817	0.23744	0.197167	0.215804	0.283045	0.374197	0.469137	0.548322	0.584625	0.550332	0.446969	0.284527	0.0948876	-0.115817	-0.328678	-0.523046	-0.668438	-0.735995	-0.714106	-0.621473	-0.486304	-0.337096	-0.208566	-0.105878	-0.0341721	0.0131225	0.0490587	0.0766702	0.10244	0.133362	0.174726	0.219944	0.272898	0.334853	0.388613	0.436111	0.475534	0.489327	0.475888	0.438128	0.374098	0.275671	0.131996	-0.0524491	-0.277731	-0.554415	-0.862219	-1.15609	-1.40159	-1.5712	-1.6425	-1.60695	-1.46301	-1.22494	-0.935276	-0.637076	-0.350533	-0.0950401	0.0980949	0.211243	0.250875	0.224825	0.13495	0	
0	-0.00914129	-0.0155654	-0.0293083	-0.0533919	-0.0838305	-0.128875	-0.180261	-0.232277	-0.291815	-0.344199	-0.378117	-0.401867	-0.405857	-0.384086	-0.34015	-0.276667	-0.195529	-0.0816098	0.0527133	0.194658	0.34014	0.489351	0.6272	0.734757	0.824175	0.894548	0.946556	0.96584	0.930041	0.84431	0.733373	0.629237	0.52584	0.43243	0.342387	0.264324	0.199947	0.17798	0.210134	0.287351	0.385449	0.486122	0.568191	0.608072	0.574537	0.471443	0.309607	0.116246	-0.0958753	-0.313532	-0.513248	-0.663018	-0.735113	-0.718366	-0.629412	-0.494639	-0.349096	-0.221237	-0.110866	-0.0300334	0.027068	0.0743811	0.114805	0.156397	0.203439	0.257244	0.310487	0.365815	0.421714	0.459774	0.482711	0.491315	0.472585	0.428603	0.362844	0.271981	0.146756	-0.0224045	-0.226615	-0.460534	-0.731776	-1.02206	-1.29243	-1.51396	-1.65981	-1.70378	-1.63328	-1.44711	-1.16558	-0.840068	-0.520626	-0.229697	0.0158185	0.189995	0.280897	0.299055	0.254278	0.148697	0	
0	-0.0278203	-0.0600806	-0.0994481	-0.142097	-0.183561	-0.234786	-0.285196	-0.32352	-0.363042	-0.388084	-0.387957	-0.379746	-0.350298	-0.296606	-0.224167	-0.131159	-0.0208625	0.114458	0.263617	0.403059	0.536073	0.663686	0.776222	0.860002	0.921698	0.960756	0.97233	0.947115	0.869852	0.752769	0.629237	0.526298	0.439605	0.366582	0.300973	0.242812	0.195619	0.18641	0.226956	0.309595	0.410135	0.510414	0.592385	0.627988	0.591576	0.484536	0.317126	0.121915	-0.0958902	-0.317081	-0.519253	-0.672432	-0.746838	-0.729379	-0.639733	-0.504151	-0.350221	-0.212337	-0.0954649	-0.00545547	0.0651844	0.128614	0.184941	0.238839	0.295025	0.353284	0.402528	0.445084	0.47992	0.490206	0.482836	0.461707	0.414637	0.343205	0.249998	0.13197	-0.0175985	-0.203319	-0.411597	-0.636362	-0.888614	-1.15532	-1.40185	-1.59961	-1.71816	-1.72775	-1.61613	-1.38748	-1.07067	-0.72433	-0.400685	-0.119391	0.108033	0.261285	0.332466	0.333778	0.275138	0.15829	0	
0	-0.0633805	-0.120247	-0.177598	-0.235887	-0.28755	-0.336312	-0.373897	-0.395047	-0.406371	-0.399611	-0.368722	-0.327244	-0.267193	-0.182295	-0.0779605	0.0431654	0.173368	0.320564	0.46405	0.590911	0.702584	0.808567	0.898052	0.954836	0.984676	0.983471	0.951514	0.885816	0.777687	0.647967	0.52584	0.439605	0.372514	0.323141	0.276099	0.233803	0.198139	0.196697	0.243393	0.327974	0.428848	0.528406	0.605966	0.638402	0.595424	0.482129	0.310856	0.108696	-0.112057	-0.33574	-0.539716	-0.68987	-0.758055	-0.735193	-0.63723	-0.490528	-0.330958	-0.185214	-0.0530066	0.0535943	0.139171	0.213849	0.27862	0.337647	0.390676	0.436866	0.467845	0.486498	0.493067	0.47493	0.440524	0.391771	0.316325	0.216868	0.0971775	-0.0425717	-0.204567	-0.389915	-0.58533	-0.789523	-1.01854	-1.26141	-1.48293	-1.65192	-1.73556	-1.70514	-1.55335	-1.29138	-0.954781	-0.605071	-0.291922	-0.0291373	0.177609	0.312198	0.368497	0.35818	0.28997	0.165124	0	
0	-0.081859	-0.163873	-0.241072	-0.306464	-0.35408	-0.393973	-0.415385	-0.411832	-0.401933	-0.371081	-0.313092	-0.245447	-0.154482	-0.0396693	0.0887931	0.226443	0.363725	0.503172	0.634652	0.739948	0.833647	0.917266	0.980655	1.00418	0.993663	0.950085	0.879566	0.785439	0.665112	0.537342	0.43243	0.366582	0.323141	0.29193	0.260044	0.22788	0.198479	0.203044	0.251375	0.336972	0.43617	0.53134	0.605945	0.630549	0.582181	0.464122	0.287673	0.0861132	-0.135345	-0.357276	-0.555099	-0.698486	-0.758746	-0.72308	-0.61317	-0.455136	-0.277784	-0.114167	0.02978	0.144331	0.236258	0.314867	0.376299	0.423209	0.460022	0.48542	0.490254	0.482542	0.463368	0.417969	0.355334	0.277967	0.174521	0.0503034	-0.0870509	-0.233715	-0.390875	-0.561119	-0.734893	-0.915782	-1.12121	-1.33761	-1.52745	-1.65938	-1.70294	-1.63472	-1.45335	-1.17442	-0.835768	-0.49763	-0.204315	0.0368538	0.224787	0.345487	0.392534	0.375436	0.301007	0.170314	0	
0	-0.089337	-0.169361	-0.240617	-0.302526	-0.346886	-0.375986	-0.385794	-0.372683	-0.342762	-0.289571	-0.207191	-0.112834	0.000340907	0.132743	0.269356	0.404683	0.529589	0.654247	0.763432	0.85015	0.919677	0.977394	1.00453	0.987345	0.934259	0.854699	0.758598	0.654684	0.536832	0.426017	0.342387	0.300973	0.276099	0.260044	0.237974	0.211233	0.187508	0.194551	0.24702	0.332832	0.431173	0.525568	0.595349	0.61682	0.563288	0.440798	0.264789	0.0626008	-0.155541	-0.370008	-0.559146	-0.68801	-0.728366	-0.675137	-0.546858	-0.370482	-0.184711	-0.0165888	0.132002	0.248102	0.336166	0.402087	0.446701	0.475432	0.488964	0.488637	0.46966	0.43693	0.388552	0.31375	0.223713	0.119842	-0.00548461	-0.141767	-0.279939	-0.417406	-0.558199	-0.707491	-0.857848	-1.01429	-1.192	-1.37392	-1.52334	-1.6137	-1.62063	-1.52652	-1.33296	-1.05522	-0.729406	-0.412218	-0.142136	0.0789113	0.252509	0.36495	0.408078	0.388199	0.309917	0.17464	0	
0	-0.0650183	-0.12968	-0.18685	-0.231649	-0.258848	-0.276177	-0.270829	-0.238146	-0.19432	-0.124311	-0.0279143	0.0757	0.194145	0.322567	0.446508	0.563849	0.670063	0.771936	0.860971	0.919321	0.961165	0.979983	0.965793	0.905391	0.818446	0.716109	0.613423	0.514104	0.412747	0.322817	0.264324	0.242812	0.233803	0.22788	0.211233	0.189311	0.167401	0.180135	0.234848	0.322935	0.422398	0.514707	0.584992	0.602564	0.547804	0.427097	0.253967	0.0605895	-0.146978	-0.349524	-0.521849	-0.632569	-0.657331	-0.587207	-0.447138	-0.265714	-0.0755221	0.0933136	0.234694	0.336209	0.406272	0.454657	0.479079	0.483717	0.474743	0.450547	0.402317	0.340103	0.263918	0.162189	0.048903	-0.0708552	-0.201847	-0.33366	-0.459553	-0.579594	-0.700466	-0.827469	-0.951841	-1.07796	-1.21916	-1.35811	-1.46371	-1.51737	-1.5007	-1.39879	-1.2115	-0.949708	-0.645819	-0.352962	-0.104866	0.100219	0.264815	0.374308	0.417999	0.398379	0.317784	0.178567	0	
0	-0.0351988	-0.0674211	-0.0913817	-0.108764	-0.112289	-0.100442	-0.0711458	-0.021271	0.0424634	0.124539	0.226338	0.325037	0.429121	0.537835	0.63695	0.728268	0.807155	0.882104	0.936489	0.958675	0.956266	0.932025	0.872396	0.779188	0.670128	0.563966	0.467544	0.385593	0.303608	0.23744	0.199947	0.195619	0.198139	0.198479	0.187508	0.167401	0.152297	0.170308	0.233011	0.326935	0.430299	0.528182	0.600018	0.620012	0.56777	0.449683	0.28435	0.0989329	-0.100346	-0.290719	-0.451487	-0.549761	-0.559183	-0.479823	-0.335342	-0.152962	0.0273148	0.180805	0.30469	0.388383	0.441463	0.46758	0.467751	0.449082	0.41201	0.356649	0.281251	0.194074	0.0924437	-0.0276667	-0.147946	-0.267	-0.39052	-0.508238	-0.616128	-0.716464	-0.815819	-0.916284	-1.00693	-1.09359	-1.19111	-1.28557	-1.35388	-1.38488	-1.36288	-1.2714	-1.10479	-0.867573	-0.588689	-0.319012	-0.0890486	0.105079	0.265651	0.376595	0.424337	0.407172	0.325194	0.182312	0	
0	0.00389854	0.00904284	0.0230751	0.0462984	0.0823331	0.125721	0.185525	0.26036	0.336483	0.42325	0.516088	0.600824	0.685825	0.771467	0.84438	0.907132	0.956039	0.99341	1.00596	0.979006	0.931899	0.863439	0.771621	0.657237	0.54546	0.446565	0.368415	0.305068	0.244328	0.197167	0.17798	0.18641	0.196697	0.203044	0.194551	0.180135	0.170308	0.198445	0.270105	0.37093	0.481735	0.582406	0.658374	0.678106	0.625932	0.51019	0.348347	0.16755	-0.0251319	-0.210242	-0.36449	-0.454303	-0.460351	-0.379963	-0.239471	-0.0681526	0.0984029	0.236678	0.342666	0.404276	0.431234	0.431331	0.404606	0.355871	0.29161	0.211722	0.111607	0.00539406	-0.105616	-0.226408	-0.341234	-0.45034	-0.55903	-0.658726	-0.746916	-0.8246	-0.896202	-0.961114	-1.00916	-1.05131	-1.10646	-1.16502	-1.21097	-1.23739	-1.22739	-1.1598	-1.02181	-0.811748	-0.55661	-0.306582	-0.0901448	0.0976558	0.25822	0.373956	0.428342	0.41518	0.332362	0.185921	0	
0	0.0546626	0.105196	0.165515	0.22975	0.299847	0.378208	0.461879	0.548451	0.630816	0.715761	0.802334	0.872721	0.941326	1.00632	1.05358	1.08576	1.09752	1.0921	1.05645	0.984213	0.898052	0.802237	0.692431	0.57743	0.473943	0.394443	0.335198	0.291956	0.246956	0.215804	0.210134	0.226956	0.243393	0.251375	0.24702	0.234848	0.233011	0.270105	0.350323	0.458903	0.57268	0.676866	0.751513	0.767166	0.711265	0.590908	0.42697	0.245385	0.0497677	-0.135856	-0.289008	-0.378901	-0.38289	-0.304418	-0.171336	-0.011425	0.13621	0.252271	0.33104	0.36347	0.364663	0.336693	0.281419	0.20866	0.121701	0.021726	-0.0874423	-0.193576	-0.302667	-0.416378	-0.517451	-0.611116	-0.702942	-0.782216	-0.84517	-0.891952	-0.926713	-0.94861	-0.951529	-0.953766	-0.977726	-1.01617	-1.05733	-1.09515	-1.109	-1.07205	-0.964561	-0.780059	-0.545321	-0.310912	-0.103844	0.0813139	0.244804	0.367718	0.430628	0.422563	0.339232	0.189315	0	
0	0.103365	0.204995	0.311663	0.416207	0.5189	0.617749	0.715616	0.809393	0.89454	0.976549	1.05181	1.11212	1.16392	1.20792	1.22564	1.2216	1.19467	1.14655	1.07079	0.96644	0.860546	0.756209	0.648371	0.545395	0.461776	0.402862	0.364274	0.335346	0.303412	0.283045	0.287351	0.309595	0.327974	0.336972	0.332832	0.322935	0.326935	0.37093	0.458903	0.569323	0.685152	0.785946	0.855175	0.861427	0.79562	0.665843	0.496565	0.307583	0.107354	-0.0816791	-0.238698	-0.328368	-0.334948	-0.264144	-0.143973	-0.003172	0.119923	0.208146	0.258722	0.264474	0.237781	0.183497	0.10738	0.0179559	-0.077905	-0.178953	-0.285884	-0.386947	-0.486316	-0.58507	-0.669854	-0.746731	-0.816375	-0.866802	-0.895439	-0.903327	-0.896379	-0.875848	-0.841333	-0.817501	-0.827056	-0.862093	-0.912749	-0.971916	-1.01465	-1.00917	-0.930054	-0.767632	-0.549744	-0.327589	-0.126705	0.0584601	0.226857	0.358572	0.431348	0.429158	0.345562	0.192341	0	
0	0.148726	0.285351	0.426847	0.560736	0.683848	0.803349	0.915446	1.01428	1.10027	1.18129	1.2494	1.29523	1.32884	1.34386	1.32829	1.28794	1.22515	1.14538	1.04486	0.927569	0.822574	0.726007	0.633297	0.55048	0.48887	0.450863	0.427937	0.410293	0.386233	0.374197	0.385449	0.410135	0.428848	0.43617	0.431173	0.422398	0.430299	0.481735	0.57268	0.685152	0.797403	0.892624	0.95188	0.943968	0.863925	0.721818	0.540873	0.342475	0.132983	-0.0655888	-0.227629	-0.323189	-0.337408	-0.277982	-0.174133	-0.0562228	0.0389965	0.102428	0.126368	0.105447	0.0595868	-0.00819465	-0.0923095	-0.183132	-0.277435	-0.375795	-0.473623	-0.560682	-0.646945	-0.729838	-0.793445	-0.844742	-0.882826	-0.896144	-0.884323	-0.851634	-0.807503	-0.755214	-0.698877	-0.666551	-0.677601	-0.721499	-0.789521	-0.873268	-0.944353	-0.96746	-0.912855	-0.768972	-0.565296	-0.353165	-0.156286	0.0306641	0.205212	0.346771	0.430328	0.434573	0.350974	0.19479	0	
