0	0	0	0	0	0	0	0	0	0	0	0	0	0	0	0	0	0	0	0	0	0	0	0	0	0	0	0	0	0	0	0	0	0	0	0	0	0	0	0	0	0	0	0	0	0	0	0	0	0	0	0	0	0	0	0	0	0	0	0	0	0	0	0	0	0	0	0	0	0	0	0	0	0	0	0	0	0	0	0	0	0	0	0	0	0	0	0	0	0	0	0	0	0	0	0	0	0	0	0	
0	-0.0139788	-0.022967	-0.0285742	-0.0336994	-0.0361983	-0.0318849	-0.0232779	-0.0168364	-0.0182045	-0.0294882	-0.0544902	-0.0937987	-0.144907	-0.201552	-0.259002	-0.311112	-0.352308	-0.376884	-0.383659	-0.373896	-0.353436	-0.327003	-0.294428	-0.260221	-0.226395	-0.1949	-0.160691	-0.123951	-0.0898313	-0.059844	-0.0380095	-0.0282318	-0.028952	-0.0378486	-0.0530315	-0.0708127	-0.0858969	-0.0941002	-0.0973515	-0.0966768	-0.0911391	-0.0808435	-0.0636638	-0.0435996	-0.0219864	-0.0027927	0.0102879	0.0160819	0.0135076	0.000496677	-0.0138612	-0.0259268	-0.0312814	-0.0254264	-0.00810412	0.0139749	0.0350001	0.0524988	0.0645041	0.0683295	0.0648895	0.053819	0.041051	0.0299322	0.0188184	0.00922358	0.00565593	0.0108339	0.0245245	0.0474501	0.0807692	0.123591	0.172458	0.223545	0.269591	0.306803	0.331961	0.342161	0.336379	0.316925	0.28753	0.251935	0.213737	0.173981	0.136843	0.101965	0.0681443	0.0382694	0.0147459	-0.00441184	-0.0194784	-0.02554	-0.0276295	-0.0277264	-0.0232142	-0.0176392	-0.0119865	-0.00642853	0	
0	-0.022967	-0.0357872	-0.0439462	-0.0505122	-0.0548678	-0.0457156	-0.0301959	-0.019932	-0.024677	-0.0506174	-0.100602	-0.179802	-0.27887	-0.389077	-0.499913	-0.601186	-0.682526	-0.733935	-0.751276	-0.738443	-0.70243	-0.652891	-0.588546	-0.516708	-0.446412	-0.380389	-0.312234	-0.243786	-0.181253	-0.129106	-0.0905981	-0.0718514	-0.0716283	-0.0852715	-0.111485	-0.146151	-0.176997	-0.194959	-0.202839	-0.198937	-0.183236	-0.156793	-0.11965	-0.0784245	-0.0419943	-0.011351	0.00639857	0.0129169	0.00585599	-0.0140996	-0.0376098	-0.0573832	-0.0649022	-0.0552166	-0.0273005	0.0103749	0.0467527	0.0753585	0.0958319	0.105174	0.101586	0.0822393	0.0568192	0.033217	0.011604	-0.00735089	-0.013184	-0.00302905	0.0270858	0.0764248	0.145414	0.23409	0.33089	0.432289	0.522079	0.595415	0.64579	0.663632	0.653306	0.617954	0.565256	0.500071	0.425236	0.347481	0.273015	0.199957	0.130357	0.0704939	0.0235983	-0.0124957	-0.0368762	-0.0441112	-0.0443924	-0.0407421	-0.0317352	-0.0227748	-0.014341	-0.00812307	0	
0	-0.0285742	-0.0439462	-0.0520169	-0.0616619	-0.0677892	-0.0580688	-0.0395001	-0.0293617	-0.0421188	-0.0819776	-0.156949	-0.267907	-0.406791	-0.557926	-0.710609	-0.851506	-0.968376	-1.0467	-1.08239	-1.07501	-1.03515	-0.970606	-0.878185	-0.771797	-0.663092	-0.564535	-0.467666	-0.374527	-0.296291	-0.230831	-0.18164	-0.154962	-0.147266	-0.157147	-0.186402	-0.230433	-0.274589	-0.302975	-0.315309	-0.309839	-0.284043	-0.24251	-0.186007	-0.131219	-0.0840547	-0.0510348	-0.035134	-0.0318345	-0.0398127	-0.0653399	-0.0896835	-0.109654	-0.119225	-0.108876	-0.0755431	-0.0324395	0.00940247	0.0478909	0.0790481	0.0941411	0.0919532	0.067748	0.0355724	0.00531968	-0.0259691	-0.0527249	-0.059707	-0.0385297	0.010249	0.0861812	0.190479	0.318975	0.460355	0.603807	0.729802	0.830643	0.89952	0.930233	0.921577	0.87915	0.811081	0.724607	0.625994	0.516276	0.407785	0.301422	0.197359	0.10785	0.0413858	-0.00759496	-0.0413498	-0.0495518	-0.0489068	-0.0466432	-0.035934	-0.025547	-0.0170244	-0.00962535	0	
0	-0.0336994	-0.0505122	-0.0616619	-0.0749816	-0.0889618	-0.0831247	-0.0685057	-0.0648476	-0.0874035	-0.143408	-0.235523	-0.370419	-0.532288	-0.708225	-0.884844	-1.0512	-1.19331	-1.29669	-1.35186	-1.3598	-1.32479	-1.25561	-1.14651	-1.01277	-0.878131	-0.757314	-0.64404	-0.541627	-0.456393	-0.386546	-0.329001	-0.289521	-0.268205	-0.264073	-0.285002	-0.330292	-0.379669	-0.412906	-0.429489	-0.423195	-0.394201	-0.346603	-0.285272	-0.225011	-0.179707	-0.147273	-0.132867	-0.127371	-0.133945	-0.154681	-0.178937	-0.201208	-0.211553	-0.202137	-0.167959	-0.119519	-0.0712633	-0.0301933	0.00498795	0.0271171	0.0305821	0.00651814	-0.0293597	-0.063146	-0.0945105	-0.119961	-0.119498	-0.0870581	-0.0178115	0.08501	0.218683	0.379457	0.547225	0.716288	0.862188	0.980856	1.06621	1.10527	1.1045	1.06677	1	0.908464	0.793156	0.664256	0.535845	0.406884	0.283092	0.176692	0.0930095	0.0264139	-0.0232545	-0.0449343	-0.0551688	-0.0582275	-0.0490183	-0.0369522	-0.0242005	-0.0139479	0	
0	-0.0361983	-0.0548678	-0.0677892	-0.0889618	-0.112282	-0.11671	-0.110781	-0.116477	-0.150935	-0.216556	-0.319616	-0.461792	-0.631264	-0.812074	-0.995952	-1.17275	-1.33144	-1.4534	-1.53088	-1.55615	-1.53492	-1.47041	-1.35492	-1.21049	-1.06283	-0.93649	-0.822207	-0.719886	-0.638639	-0.567833	-0.504676	-0.454905	-0.417278	-0.396115	-0.402046	-0.435664	-0.477646	-0.504701	-0.517453	-0.513356	-0.490028	-0.452802	-0.399997	-0.350313	-0.309254	-0.279922	-0.264582	-0.257117	-0.258867	-0.281869	-0.306362	-0.328854	-0.341635	-0.332062	-0.293497	-0.242212	-0.194403	-0.150068	-0.112669	-0.0922572	-0.0907117	-0.115523	-0.147943	-0.172749	-0.194517	-0.208797	-0.193271	-0.138089	-0.0457252	0.0772412	0.228979	0.402561	0.58184	0.756179	0.904801	1.02739	1.12049	1.17719	1.19492	1.17425	1.11839	1.03161	0.918525	0.781979	0.644384	0.50842	0.373895	0.256721	0.163441	0.0829436	0.0139208	-0.0253523	-0.0513314	-0.0683041	-0.0643795	-0.0518513	-0.0364213	-0.0202427	0	
0	-0.0318849	-0.0457156	-0.0580688	-0.0831247	-0.11671	-0.131471	-0.135852	-0.151593	-0.193647	-0.265209	-0.367622	-0.507571	-0.66982	-0.844523	-1.02356	-1.20296	-1.36895	-1.506	-1.59898	-1.64259	-1.63547	-1.58175	-1.47333	-1.33199	-1.19207	-1.07629	-0.973406	-0.881791	-0.805009	-0.736157	-0.669079	-0.610242	-0.562047	-0.525893	-0.51589	-0.534506	-0.560323	-0.572834	-0.576905	-0.571262	-0.557504	-0.534202	-0.499022	-0.46206	-0.432406	-0.407753	-0.395481	-0.387805	-0.393874	-0.419342	-0.450437	-0.479008	-0.492043	-0.479585	-0.436011	-0.378127	-0.326714	-0.289397	-0.261236	-0.248033	-0.251795	-0.280841	-0.312625	-0.328482	-0.33205	-0.321738	-0.278142	-0.198443	-0.0847079	0.054614	0.213276	0.385111	0.553373	0.717633	0.859288	0.982101	1.08532	1.15553	1.19318	1.19451	1.15981	1.08999	0.983326	0.85183	0.718293	0.582059	0.448237	0.329322	0.22897	0.137754	0.0555601	0.00246504	-0.0360847	-0.0620893	-0.0642383	-0.0546309	-0.0391975	-0.0223727	0	
0	-0.0232779	-0.0301959	-0.0395001	-0.0685057	-0.110781	-0.135852	-0.14879	-0.169432	-0.212342	-0.27756	-0.368274	-0.490855	-0.634788	-0.791435	-0.958373	-1.13092	-1.29882	-1.44069	-1.54552	-1.60138	-1.61058	-1.5741	-1.48406	-1.36435	-1.24726	-1.15628	-1.07488	-0.995943	-0.927134	-0.85897	-0.789822	-0.726168	-0.669118	-0.622215	-0.598339	-0.601511	-0.613452	-0.612746	-0.609063	-0.604201	-0.59676	-0.585663	-0.561045	-0.534356	-0.51205	-0.495987	-0.491876	-0.496392	-0.513528	-0.553366	-0.595959	-0.631567	-0.648942	-0.636317	-0.588024	-0.525055	-0.473305	-0.434051	-0.409725	-0.406174	-0.420845	-0.456678	-0.488162	-0.492825	-0.475276	-0.439846	-0.368665	-0.261202	-0.128159	0.0145421	0.163417	0.317517	0.467344	0.612815	0.74146	0.861432	0.969832	1.05486	1.11016	1.12914	1.11037	1.0579	0.973456	0.860004	0.742993	0.621098	0.491585	0.373254	0.2724	0.178479	0.0937668	0.0374904	-0.00609716	-0.0405957	-0.0527747	-0.0512648	-0.0411604	-0.0250554	0	
0	-0.0168364	-0.019932	-0.0293617	-0.0648476	-0.116477	-0.151593	-0.169432	-0.188742	-0.221867	-0.269324	-0.335166	-0.429242	-0.543736	-0.675046	-0.820065	-0.97866	-1.13473	-1.27204	-1.3752	-1.43831	-1.46148	-1.44718	-1.38719	-1.30179	-1.22244	-1.16748	-1.11521	-1.05703	-0.997515	-0.933737	-0.862264	-0.791361	-0.72458	-0.664711	-0.629383	-0.624827	-0.630903	-0.628987	-0.624379	-0.619318	-0.614843	-0.604561	-0.582528	-0.559524	-0.543926	-0.538044	-0.549345	-0.569313	-0.606207	-0.664141	-0.725662	-0.777886	-0.806035	-0.798618	-0.749287	-0.680153	-0.619222	-0.577324	-0.550658	-0.544987	-0.559001	-0.595788	-0.624978	-0.620233	-0.587984	-0.53093	-0.438902	-0.318079	-0.182197	-0.0449762	0.0895819	0.220057	0.344616	0.470103	0.585973	0.69754	0.802243	0.885157	0.940021	0.96379	0.958282	0.928136	0.869878	0.788918	0.704635	0.608669	0.500642	0.395119	0.300618	0.210798	0.126536	0.0691336	0.0217998	-0.0205483	-0.0412362	-0.0480734	-0.0435364	-0.0270593	0	
0	-0.0182045	-0.024677	-0.0421188	-0.0874035	-0.150935	-0.193647	-0.212342	-0.221867	-0.234607	-0.253478	-0.284102	-0.341064	-0.419702	-0.518132	-0.635639	-0.768099	-0.90271	-1.02033	-1.11301	-1.17498	-1.21025	-1.21856	-1.19177	-1.14525	-1.10813	-1.09386	-1.0786	-1.04822	-1.00844	-0.953593	-0.883511	-0.804103	-0.723419	-0.650542	-0.606499	-0.600086	-0.612418	-0.615515	-0.614199	-0.607861	-0.596954	-0.58042	-0.554036	-0.529554	-0.520801	-0.529422	-0.558656	-0.603353	-0.665596	-0.748141	-0.833754	-0.906215	-0.949455	-0.951065	-0.904655	-0.831258	-0.764053	-0.70965	-0.672582	-0.657133	-0.660375	-0.682883	-0.697882	-0.680235	-0.633279	-0.569127	-0.47677	-0.360628	-0.233377	-0.111548	0.00296343	0.116253	0.224309	0.330153	0.424742	0.514327	0.595212	0.656518	0.69773	0.717043	0.717407	0.707289	0.682535	0.639703	0.595185	0.537767	0.460012	0.380275	0.305007	0.22722	0.152378	0.0956161	0.0454539	8.95356e-05	-0.028115	-0.0397293	-0.0378753	-0.0255579	0	
0	-0.0294882	-0.0506174	-0.0819776	-0.143408	-0.216556	-0.265209	-0.27756	-0.269324	-0.253478	-0.235465	-0.226826	-0.242806	-0.2832	-0.34676	-0.430286	-0.531419	-0.63401	-0.725746	-0.800919	-0.858962	-0.902948	-0.930457	-0.930887	-0.917733	-0.916873	-0.941206	-0.964122	-0.968449	-0.953294	-0.914985	-0.848229	-0.763518	-0.672653	-0.591446	-0.546072	-0.545804	-0.564376	-0.574506	-0.569691	-0.553702	-0.531818	-0.504239	-0.470823	-0.447876	-0.4455	-0.468894	-0.52166	-0.594193	-0.688532	-0.803499	-0.918473	-1.01267	-1.06974	-1.07759	-1.0309	-0.954532	-0.881181	-0.822504	-0.774844	-0.741219	-0.721771	-0.719652	-0.71048	-0.671807	-0.61637	-0.551069	-0.46882	-0.370664	-0.266272	-0.165054	-0.065967	0.0289818	0.119605	0.203815	0.270324	0.323277	0.364909	0.393205	0.409513	0.420124	0.430499	0.443045	0.446712	0.436416	0.424712	0.400851	0.360217	0.315333	0.271816	0.220158	0.160421	0.112883	0.0680566	0.0246437	0.000899333	-0.0103888	-0.0146226	-0.00992995	0	
0	-0.0544902	-0.100602	-0.156949	-0.235523	-0.319616	-0.367622	-0.368274	-0.335166	-0.284102	-0.226826	-0.176706	-0.152568	-0.154966	-0.182009	-0.230859	-0.296476	-0.366397	-0.431454	-0.490503	-0.545024	-0.595267	-0.633727	-0.651662	-0.658709	-0.685002	-0.740434	-0.79919	-0.837561	-0.849276	-0.826306	-0.767115	-0.680197	-0.585752	-0.504507	-0.463856	-0.469582	-0.495412	-0.504557	-0.493204	-0.465405	-0.430057	-0.391359	-0.353257	-0.326914	-0.330939	-0.370141	-0.445231	-0.54991	-0.680531	-0.827335	-0.970199	-1.08585	-1.15558	-1.16974	-1.127	-1.04943	-0.970801	-0.900824	-0.840291	-0.788664	-0.74534	-0.713818	-0.677774	-0.621928	-0.553097	-0.486218	-0.414776	-0.336005	-0.254094	-0.176326	-0.103724	-0.0321207	0.0312383	0.0814662	0.111276	0.12422	0.126526	0.121652	0.120157	0.125989	0.140436	0.166688	0.191162	0.206506	0.223295	0.232076	0.226445	0.218065	0.206999	0.183381	0.15055	0.119181	0.0876134	0.0579815	0.0373194	0.0260715	0.0172288	0.00622038	0	
0	-0.0937987	-0.179802	-0.267907	-0.370419	-0.461792	-0.507571	-0.490855	-0.429242	-0.341064	-0.242806	-0.152568	-0.0875088	-0.0509732	-0.0399579	-0.052262	-0.0833101	-0.124166	-0.168116	-0.217886	-0.271969	-0.326722	-0.370477	-0.394348	-0.412268	-0.45406	-0.530238	-0.614596	-0.677692	-0.707161	-0.697769	-0.645857	-0.566102	-0.477444	-0.403935	-0.37013	-0.379951	-0.40229	-0.407292	-0.384825	-0.346802	-0.303575	-0.261131	-0.220257	-0.196457	-0.203868	-0.252322	-0.343857	-0.471932	-0.62936	-0.80606	-0.978782	-1.11923	-1.21041	-1.23998	-1.20537	-1.12885	-1.04285	-0.960055	-0.87912	-0.801003	-0.731776	-0.675868	-0.618267	-0.543706	-0.46505	-0.392608	-0.323767	-0.254864	-0.191722	-0.141389	-0.101032	-0.0704967	-0.0491997	-0.0422252	-0.0538985	-0.0774609	-0.10395	-0.126569	-0.141226	-0.14195	-0.124479	-0.0906958	-0.0522852	-0.0145708	0.0291226	0.0707185	0.100391	0.12339	0.140307	0.141024	0.128638	0.116712	0.101451	0.0822982	0.0685721	0.0550694	0.0375216	0.0193425	0	
0	-0.144907	-0.27887	-0.406791	-0.532288	-0.631264	-0.66982	-0.634788	-0.543736	-0.419702	-0.2832	-0.154966	-0.0509732	0.023176	0.0700049	0.08984	0.0852086	0.064772	0.0308689	-0.0145623	-0.0699766	-0.12465	-0.164271	-0.185159	-0.202424	-0.249032	-0.333519	-0.429301	-0.505672	-0.546133	-0.547193	-0.509081	-0.442375	-0.366127	-0.302203	-0.273319	-0.281018	-0.298806	-0.296534	-0.266512	-0.220805	-0.171976	-0.125242	-0.0851869	-0.0609829	-0.0712602	-0.12588	-0.225109	-0.365444	-0.540766	-0.738179	-0.936273	-1.1084	-1.23071	-1.28649	-1.27096	-1.20116	-1.10487	-1.00159	-0.896727	-0.792818	-0.698064	-0.616426	-0.538058	-0.45282	-0.3662	-0.288769	-0.22313	-0.16535	-0.120198	-0.0925653	-0.0846355	-0.0926075	-0.116218	-0.154841	-0.202263	-0.254398	-0.300011	-0.334013	-0.353074	-0.356967	-0.344387	-0.311121	-0.263415	-0.202468	-0.128124	-0.0523259	0.0110116	0.0599523	0.0943231	0.11125	0.117534	0.119702	0.117369	0.108579	0.0930645	0.0739668	0.0507485	0.0240952	0	
0	-0.201552	-0.389077	-0.557926	-0.708225	-0.812074	-0.844523	-0.791435	-0.675046	-0.518132	-0.34676	-0.182009	-0.0399579	0.0700049	0.149504	0.192821	0.206427	0.193357	0.162802	0.115318	0.0591499	0.00745148	-0.024345	-0.0355163	-0.0444948	-0.0842781	-0.159985	-0.251803	-0.327588	-0.373108	-0.386602	-0.366811	-0.322078	-0.263389	-0.212752	-0.190314	-0.19718	-0.208669	-0.198757	-0.15613	-0.0984747	-0.0376053	0.0145502	0.0567828	0.0800455	0.0697434	0.0151715	-0.0838685	-0.230945	-0.419301	-0.638937	-0.868173	-1.073	-1.22774	-1.30834	-1.30986	-1.24634	-1.14664	-1.03125	-0.907029	-0.777579	-0.656808	-0.550544	-0.451948	-0.355779	-0.267355	-0.195201	-0.141315	-0.0979255	-0.0694741	-0.0627021	-0.0794584	-0.116244	-0.171242	-0.242281	-0.318919	-0.392545	-0.451353	-0.490966	-0.512648	-0.517079	-0.498898	-0.459028	-0.400142	-0.32191	-0.230898	-0.134875	-0.0500588	0.0197285	0.0748686	0.110589	0.135161	0.151015	0.156684	0.153021	0.137596	0.112245	0.0792926	0.0404155	0	
0	-0.259002	-0.499913	-0.710609	-0.884844	-0.995952	-1.02356	-0.958373	-0.820065	-0.635639	-0.430286	-0.230859	-0.052262	0.08984	0.192821	0.251051	0.269024	0.256573	0.221476	0.172253	0.115916	0.0699227	0.0488083	0.052032	0.057899	0.036682	-0.0208409	-0.0978655	-0.171673	-0.223388	-0.253101	-0.254638	-0.23133	-0.189612	-0.151997	-0.137904	-0.148445	-0.156891	-0.14024	-0.0845861	-0.00850377	0.0697576	0.137363	0.1907	0.222651	0.219666	0.169348	0.0670485	-0.0918029	-0.300345	-0.546544	-0.800623	-1.02984	-1.20343	-1.29709	-1.30696	-1.24962	-1.14496	-1.02072	-0.884567	-0.738605	-0.600867	-0.476872	-0.366793	-0.269729	-0.190607	-0.130306	-0.0929192	-0.0690471	-0.0604175	-0.0712529	-0.104894	-0.159909	-0.23357	-0.320507	-0.406721	-0.488125	-0.55115	-0.590949	-0.608922	-0.604788	-0.575302	-0.524071	-0.454331	-0.366414	-0.2728	-0.17579	-0.0818366	0.00333784	0.0806618	0.145393	0.195375	0.226925	0.239476	0.234892	0.212897	0.175726	0.126211	0.0662823	0	
0	-0.311112	-0.601186	-0.851506	-1.0512	-1.17275	-1.20296	-1.13092	-0.97866	-0.768099	-0.531419	-0.296476	-0.0833101	0.0852086	0.206427	0.269024	0.287985	0.269721	0.23064	0.17769	0.120475	0.0772428	0.0645119	0.0808838	0.105308	0.104398	0.0703812	0.00593296	-0.0654359	-0.126918	-0.169738	-0.187522	-0.180302	-0.151961	-0.127932	-0.127012	-0.143045	-0.152319	-0.128654	-0.0580362	0.0356227	0.136937	0.225447	0.297197	0.346838	0.357307	0.310767	0.204488	0.0289642	-0.202905	-0.471347	-0.743518	-0.982695	-1.16077	-1.25101	-1.25817	-1.19561	-1.08438	-0.950802	-0.804972	-0.652873	-0.513231	-0.392846	-0.290365	-0.211612	-0.150822	-0.106807	-0.0858903	-0.0782449	-0.087757	-0.116994	-0.170145	-0.239093	-0.321438	-0.408903	-0.486547	-0.555303	-0.60534	-0.632878	-0.637187	-0.6186	-0.570962	-0.505343	-0.426752	-0.336203	-0.25116	-0.162062	-0.0690629	0.025685	0.122518	0.209824	0.283797	0.329749	0.345788	0.340647	0.307271	0.252439	0.182878	0.0948133	0	
0	-0.352308	-0.682526	-0.968376	-1.19331	-1.33144	-1.36895	-1.29882	-1.13473	-0.90271	-0.63401	-0.366397	-0.124166	0.064772	0.193357	0.256573	0.269721	0.245837	0.199591	0.141182	0.0793047	0.0361917	0.0288878	0.059967	0.100974	0.120884	0.102676	0.0479557	-0.0275256	-0.095018	-0.145573	-0.168905	-0.168659	-0.148652	-0.136157	-0.145744	-0.171447	-0.182243	-0.158367	-0.0836357	0.023432	0.142867	0.25418	0.351774	0.422207	0.44611	0.405768	0.292549	0.103867	-0.139779	-0.419079	-0.692193	-0.927277	-1.09556	-1.17333	-1.16422	-1.08705	-0.95562	-0.80636	-0.655085	-0.50649	-0.385232	-0.291866	-0.223039	-0.176168	-0.14706	-0.128204	-0.126497	-0.137741	-0.16608	-0.216136	-0.284839	-0.361322	-0.439556	-0.509355	-0.56122	-0.598738	-0.615332	-0.612686	-0.59242	-0.551459	-0.486343	-0.413772	-0.334491	-0.246349	-0.168084	-0.0859983	0.00618914	0.101356	0.198998	0.291948	0.370703	0.422051	0.440281	0.427925	0.382956	0.308213	0.216012	0.112092	0	
0	-0.376884	-0.733935	-1.0467	-1.29669	-1.4534	-1.506	-1.44069	-1.27204	-1.02033	-0.725746	-0.431454	-0.168116	0.0308689	0.162802	0.221476	0.23064	0.199591	0.145401	0.0783586	0.00981801	-0.0349068	-0.0360256	0.00716515	0.0628719	0.0944433	0.0868964	0.0352458	-0.0389061	-0.107387	-0.152779	-0.171875	-0.171673	-0.155256	-0.150809	-0.172969	-0.207642	-0.229993	-0.216426	-0.146443	-0.0385989	0.0946173	0.225956	0.341771	0.427612	0.462532	0.425366	0.315159	0.12922	-0.112378	-0.385431	-0.648508	-0.86979	-1.02162	-1.07359	-1.03727	-0.931346	-0.774878	-0.608506	-0.45351	-0.323913	-0.236258	-0.185072	-0.157962	-0.159157	-0.172887	-0.186919	-0.214905	-0.253999	-0.308046	-0.371571	-0.441996	-0.507101	-0.564026	-0.601447	-0.61118	-0.605932	-0.581689	-0.538802	-0.481592	-0.415181	-0.336375	-0.263148	-0.19047	-0.108135	-0.0356577	0.0439998	0.132566	0.217235	0.29765	0.367875	0.428067	0.465546	0.472852	0.455488	0.401717	0.317755	0.221008	0.111307	0	
0	-0.383659	-0.751276	-1.08239	-1.35186	-1.53088	-1.59898	-1.54552	-1.3752	-1.11301	-0.800919	-0.490503	-0.217886	-0.0145623	0.115318	0.172253	0.17769	0.141182	0.0783586	0.00320184	-0.0692679	-0.110938	-0.104188	-0.0491426	0.0142739	0.0521525	0.0484614	0.00383857	-0.065232	-0.124605	-0.159312	-0.169801	-0.1656	-0.151458	-0.154595	-0.18756	-0.23903	-0.278121	-0.281036	-0.226704	-0.122129	0.0137516	0.15001	0.27136	0.359892	0.397031	0.370361	0.272208	0.0999949	-0.125116	-0.384713	-0.630295	-0.830273	-0.95208	-0.968491	-0.892551	-0.752704	-0.569013	-0.390146	-0.243851	-0.136679	-0.0856028	-0.0793452	-0.102482	-0.150265	-0.211328	-0.273965	-0.342886	-0.414371	-0.486973	-0.557587	-0.616616	-0.650592	-0.664326	-0.653586	-0.618871	-0.567339	-0.495997	-0.414133	-0.327412	-0.237674	-0.148233	-0.0794528	-0.0160204	0.0571102	0.121733	0.191815	0.268448	0.333597	0.383194	0.418755	0.441971	0.447688	0.433059	0.403182	0.352129	0.278144	0.19348	0.0995464	0	
0	-0.373896	-0.738443	-1.07501	-1.3598	-1.55615	-1.64259	-1.60138	-1.43831	-1.17498	-0.858962	-0.545024	-0.271969	-0.0699766	0.0591499	0.115916	0.120475	0.0793047	0.00981801	-0.0692679	-0.138589	-0.171758	-0.155526	-0.0933821	-0.027707	0.0108389	0.0123186	-0.0234077	-0.08077	-0.130396	-0.154815	-0.156708	-0.149971	-0.137639	-0.148016	-0.19573	-0.263571	-0.320159	-0.340637	-0.299767	-0.207989	-0.0822374	0.0447279	0.155304	0.235782	0.273826	0.25407	0.16776	0.0115753	-0.198523	-0.438195	-0.655757	-0.817658	-0.895812	-0.863782	-0.743787	-0.569917	-0.366825	-0.181829	-0.0408285	0.0412225	0.055436	0.0203459	-0.0432948	-0.138995	-0.252247	-0.360689	-0.469147	-0.572996	-0.664163	-0.728433	-0.758415	-0.753219	-0.723369	-0.663922	-0.579415	-0.483829	-0.375961	-0.262055	-0.153112	-0.0558179	0.0332188	0.097948	0.155099	0.221144	0.273673	0.323202	0.371716	0.404084	0.42046	0.420223	0.407103	0.380872	0.339674	0.298316	0.254348	0.200818	0.143697	0.0754737	0	
0	-0.353436	-0.70243	-1.03515	-1.32479	-1.53492	-1.63547	-1.61058	-1.46148	-1.21025	-0.902948	-0.595267	-0.326722	-0.12465	0.00745148	0.0699227	0.0772428	0.0361917	-0.0349068	-0.110938	-0.171758	-0.196589	-0.177183	-0.118617	-0.0594211	-0.0234305	-0.0179622	-0.0416048	-0.087364	-0.128143	-0.142793	-0.138403	-0.128234	-0.120887	-0.142426	-0.204328	-0.285829	-0.353266	-0.381318	-0.354785	-0.279248	-0.17359	-0.067456	0.0244872	0.090789	0.119036	0.096915	0.0122146	-0.137416	-0.332369	-0.546713	-0.725062	-0.838031	-0.860117	-0.772921	-0.604975	-0.397799	-0.176588	0.0127997	0.141336	0.201478	0.190178	0.124753	0.0256697	-0.105715	-0.257141	-0.407855	-0.55008	-0.67222	-0.765174	-0.820126	-0.829634	-0.791922	-0.72426	-0.629992	-0.515351	-0.38915	-0.25445	-0.126974	-0.0143994	0.0865464	0.174697	0.236598	0.291945	0.349057	0.384746	0.406215	0.419611	0.416234	0.396316	0.363781	0.322257	0.273593	0.220431	0.177128	0.143856	0.112004	0.0814935	0.0434517	0	
0	-0.327003	-0.652891	-0.970606	-1.25561	-1.47041	-1.58175	-1.5741	-1.44718	-1.21856	-0.930457	-0.633727	-0.370477	-0.164271	-0.024345	0.0488083	0.0645119	0.0288878	-0.0360256	-0.104188	-0.155526	-0.177183	-0.16454	-0.118642	-0.0706009	-0.0396614	-0.0307782	-0.0467542	-0.085607	-0.121487	-0.131984	-0.122763	-0.112679	-0.112209	-0.141543	-0.208933	-0.291325	-0.356555	-0.389114	-0.378524	-0.327005	-0.248491	-0.165314	-0.0931771	-0.0460002	-0.0368835	-0.0753428	-0.173306	-0.32542	-0.510123	-0.696436	-0.832348	-0.88935	-0.850488	-0.706991	-0.492268	-0.251864	-0.0157956	0.17748	0.304375	0.353942	0.324066	0.238466	0.120556	-0.0315143	-0.207709	-0.379583	-0.53317	-0.662065	-0.754115	-0.798715	-0.791449	-0.741859	-0.666807	-0.562131	-0.437378	-0.303596	-0.165916	-0.0396614	0.0663608	0.158061	0.241953	0.304765	0.356842	0.403858	0.423031	0.417307	0.398371	0.364802	0.318303	0.262963	0.206505	0.154583	0.103307	0.0634101	0.0376486	0.0163066	0.00475865	0.000915502	0	
0	-0.294428	-0.588546	-0.878185	-1.14651	-1.35492	-1.47333	-1.48406	-1.38719	-1.19177	-0.930887	-0.651662	-0.394348	-0.185159	-0.0355163	0.052032	0.0808838	0.059967	0.00716515	-0.0491426	-0.0933821	-0.118617	-0.118642	-0.0899833	-0.0549736	-0.0298467	-0.0227752	-0.0361522	-0.0718709	-0.10647	-0.114685	-0.105288	-0.0991097	-0.105259	-0.137527	-0.200632	-0.273458	-0.332284	-0.367817	-0.371369	-0.340867	-0.282964	-0.217922	-0.167753	-0.149853	-0.173266	-0.243077	-0.362717	-0.519986	-0.69441	-0.854094	-0.950097	-0.958875	-0.8701	-0.679411	-0.42371	-0.154516	0.0988109	0.303206	0.434683	0.481649	0.450665	0.362728	0.239551	0.083455	-0.0966543	-0.26948	-0.416996	-0.530122	-0.607113	-0.645737	-0.641344	-0.600403	-0.53385	-0.443463	-0.335871	-0.221432	-0.107933	-0.00795314	0.0753619	0.154223	0.226967	0.281013	0.323962	0.355443	0.360567	0.341777	0.307979	0.259148	0.198064	0.131679	0.0715751	0.026765	-0.0103097	-0.037781	-0.0529664	-0.0614746	-0.0560009	-0.0336026	0	
0	-0.260221	-0.516708	-0.771797	-1.01277	-1.21049	-1.33199	-1.36435	-1.30179	-1.14525	-0.917733	-0.658709	-0.412268	-0.202424	-0.0444948	0.057899	0.105308	0.100974	0.0628719	0.0142739	-0.027707	-0.0594211	-0.0706009	-0.0549736	-0.0259469	-0.00421392	0.00407245	-0.00615705	-0.0380246	-0.0717601	-0.0837332	-0.0827456	-0.0842223	-0.0978656	-0.128115	-0.181432	-0.243786	-0.297096	-0.332842	-0.34646	-0.3273	-0.283188	-0.235651	-0.210975	-0.226515	-0.290172	-0.395184	-0.539162	-0.709118	-0.881319	-1.02204	-1.08996	-1.06143	-0.929903	-0.701999	-0.416938	-0.123081	0.145342	0.365067	0.514589	0.582825	0.569075	0.493741	0.381883	0.239338	0.0769032	-0.076695	-0.199255	-0.29124	-0.354722	-0.388916	-0.391095	-0.367556	-0.327842	-0.269976	-0.201008	-0.12976	-0.0603289	-0.00402025	0.0408677	0.090125	0.140137	0.175979	0.198511	0.21036	0.203272	0.173866	0.131659	0.0833094	0.028173	-0.0269587	-0.0682993	-0.0941092	-0.114026	-0.126036	-0.125725	-0.115099	-0.0903651	-0.0500732	0	
0	-0.226395	-0.446412	-0.663092	-0.878131	-1.06283	-1.19207	-1.24726	-1.22244	-1.10813	-0.916873	-0.685002	-0.45406	-0.249032	-0.0842781	0.036682	0.104398	0.120884	0.0944433	0.0521525	0.0108389	-0.0234305	-0.0396614	-0.0298467	-0.00421392	0.0181115	0.029199	0.0258426	0.000791131	-0.0302896	-0.0483073	-0.0528342	-0.0598677	-0.0744094	-0.102189	-0.152137	-0.21327	-0.265864	-0.304826	-0.319781	-0.306813	-0.274199	-0.242057	-0.241727	-0.291576	-0.39258	-0.534535	-0.709884	-0.896998	-1.07455	-1.20695	-1.25721	-1.20302	-1.0457	-0.794891	-0.485436	-0.169931	0.119505	0.363389	0.542814	0.639323	0.65459	0.611529	0.533481	0.428873	0.30075	0.180469	0.0880597	0.0231858	-0.0238433	-0.0562045	-0.0667217	-0.0629108	-0.050481	-0.0353789	-0.0234212	-0.0184398	-0.0151864	-0.0130742	-0.0113966	-0.000891082	0.0102419	0.0115311	0.00272341	-0.0108729	-0.0313408	-0.0647428	-0.105196	-0.144306	-0.178245	-0.206017	-0.221057	-0.22107	-0.218118	-0.209951	-0.183929	-0.146646	-0.103094	-0.051536	0	
0	-0.1949	-0.380389	-0.564535	-0.757314	-0.93649	-1.07629	-1.15628	-1.16748	-1.09386	-0.941206	-0.740434	-0.530238	-0.333519	-0.159985	-0.0208409	0.0703812	0.102676	0.0868964	0.0484614	0.0123186	-0.0179622	-0.0307782	-0.0227752	0.00407245	0.029199	0.0484206	0.0538555	0.0377056	0.0085638	-0.0108672	-0.0175397	-0.0215786	-0.034468	-0.0634561	-0.115189	-0.176902	-0.22921	-0.264513	-0.281741	-0.280332	-0.264629	-0.25588	-0.281761	-0.361014	-0.495784	-0.672457	-0.872021	-1.07861	-1.266	-1.39842	-1.44563	-1.38406	-1.21351	-0.945579	-0.61888	-0.28056	0.0313907	0.30277	0.513584	0.649263	0.707961	0.707465	0.672604	0.613748	0.537759	0.465133	0.411146	0.374094	0.342249	0.315402	0.297722	0.282693	0.261196	0.223547	0.173202	0.112425	0.0512764	-0.00714369	-0.059995	-0.0985177	-0.134056	-0.17554	-0.221659	-0.265682	-0.3047	-0.342827	-0.376156	-0.391256	-0.392792	-0.38991	-0.375584	-0.354719	-0.330269	-0.294774	-0.244662	-0.183009	-0.120247	-0.0597387	0	
0	-0.160691	-0.312234	-0.467666	-0.64404	-0.822207	-0.973406	-1.07488	-1.11521	-1.0786	-0.964122	-0.79919	-0.614596	-0.429301	-0.251803	-0.0978655	0.00593296	0.0479557	0.0352458	0.00383857	-0.0234077	-0.0416048	-0.0467542	-0.0361522	-0.00615705	0.0258426	0.0538555	0.0680083	0.0576124	0.0348655	0.0183126	0.0181387	0.019488	0.00647042	-0.0259617	-0.0790975	-0.136803	-0.180542	-0.212812	-0.235792	-0.250528	-0.260148	-0.275406	-0.326964	-0.434312	-0.599629	-0.803691	-1.02552	-1.24468	-1.4374	-1.57023	-1.61565	-1.55022	-1.37404	-1.10322	-0.768537	-0.417896	-0.0857651	0.211878	0.459329	0.636382	0.731954	0.769484	0.77759	0.769691	0.74455	0.719745	0.707752	0.704672	0.693757	0.672015	0.644213	0.60556	0.549008	0.466339	0.364542	0.248697	0.1365	0.0287484	-0.0779502	-0.176846	-0.269409	-0.355704	-0.438606	-0.50816	-0.561876	-0.603475	-0.625619	-0.62027	-0.596365	-0.568506	-0.534392	-0.492514	-0.442178	-0.381085	-0.307427	-0.228687	-0.153342	-0.0762825	0	
0	-0.123951	-0.243786	-0.374527	-0.541627	-0.719886	-0.881791	-0.995943	-1.05703	-1.04822	-0.968449	-0.837561	-0.677692	-0.505672	-0.327588	-0.171673	-0.0654359	-0.0275256	-0.0389061	-0.065232	-0.08077	-0.087364	-0.085607	-0.0718709	-0.0380246	0.000791131	0.0377056	0.0576124	0.0577752	0.0479989	0.043699	0.0525168	0.0536498	0.036632	-0.00233832	-0.0534773	-0.102339	-0.137761	-0.169611	-0.198793	-0.23232	-0.261075	-0.299943	-0.373913	-0.505391	-0.694137	-0.920919	-1.15433	-1.37914	-1.56962	-1.69451	-1.7332	-1.66237	-1.48655	-1.21637	-0.883284	-0.527565	-0.184021	0.132074	0.402479	0.606252	0.732886	0.804335	0.848696	0.87961	0.900283	0.920087	0.94105	0.9625	0.96779	0.951201	0.914624	0.854111	0.765794	0.645851	0.510998	0.366613	0.219477	0.0713904	-0.0796293	-0.228106	-0.364914	-0.488728	-0.599603	-0.68874	-0.755195	-0.795668	-0.813533	-0.802233	-0.769521	-0.733354	-0.681928	-0.617266	-0.541898	-0.454663	-0.364089	-0.272284	-0.18225	-0.0920706	0	
0	-0.0898313	-0.181253	-0.296291	-0.456393	-0.638639	-0.805009	-0.927134	-0.997515	-1.00844	-0.953294	-0.849276	-0.707161	-0.546133	-0.373108	-0.223388	-0.126918	-0.095018	-0.107387	-0.124605	-0.130396	-0.128143	-0.121487	-0.10647	-0.0717601	-0.0302896	0.0085638	0.0348655	0.0479989	0.0569877	0.0674557	0.0774582	0.0739231	0.0497161	0.00906954	-0.0369897	-0.0777943	-0.110996	-0.145613	-0.185597	-0.232798	-0.280105	-0.335107	-0.422448	-0.563209	-0.76047	-0.995137	-1.23157	-1.45399	-1.63436	-1.74845	-1.77518	-1.70208	-1.52739	-1.26197	-0.933181	-0.579336	-0.231453	0.0853377	0.35631	0.568888	0.707989	0.798982	0.874483	0.943609	1.00099	1.04758	1.08432	1.1164	1.12759	1.11397	1.07079	0.997133	0.889839	0.748301	0.594227	0.429125	0.264556	0.0966666	-0.0792373	-0.252571	-0.412878	-0.558388	-0.687437	-0.786983	-0.858558	-0.900413	-0.916787	-0.910779	-0.885845	-0.844194	-0.777586	-0.69525	-0.60161	-0.503142	-0.407731	-0.3085	-0.206694	-0.104193	0	
0	-0.059844	-0.129106	-0.230831	-0.386546	-0.567833	-0.736157	-0.85897	-0.933737	-0.953593	-0.914985	-0.826306	-0.697769	-0.547193	-0.386602	-0.253101	-0.169738	-0.145573	-0.152779	-0.159312	-0.154815	-0.142793	-0.131984	-0.114685	-0.0837332	-0.0483073	-0.0108672	0.0183126	0.043699	0.0674557	0.080324	0.0843056	0.0693941	0.0417941	0.0028407	-0.039009	-0.077722	-0.111169	-0.15202	-0.198465	-0.256842	-0.314451	-0.376776	-0.463649	-0.598608	-0.7904	-1.01704	-1.24098	-1.44433	-1.60307	-1.69924	-1.7208	-1.65018	-1.48456	-1.22718	-0.904219	-0.555257	-0.217263	0.0803047	0.331043	0.52827	0.662297	0.76304	0.856607	0.943025	1.01634	1.07401	1.11497	1.14807	1.16271	1.1471	1.09713	1.01677	0.903423	0.762784	0.60937	0.443235	0.270672	0.0959643	-0.0799219	-0.257548	-0.419252	-0.570498	-0.708038	-0.809271	-0.87996	-0.915828	-0.929411	-0.926764	-0.903701	-0.862569	-0.792215	-0.705523	-0.613182	-0.514852	-0.419311	-0.32179	-0.216745	-0.108663	0	
0	-0.0380095	-0.0905981	-0.18164	-0.329001	-0.504676	-0.669079	-0.789822	-0.862264	-0.883511	-0.848229	-0.767115	-0.645857	-0.509081	-0.366811	-0.254638	-0.187522	-0.168905	-0.171875	-0.169801	-0.156708	-0.138403	-0.122763	-0.105288	-0.0827456	-0.0528342	-0.0175397	0.0181387	0.0525168	0.0774582	0.0843056	0.0710867	0.0424245	0.00917873	-0.0336505	-0.0780131	-0.116803	-0.151467	-0.19165	-0.239336	-0.300015	-0.3577	-0.416185	-0.492479	-0.612735	-0.783122	-0.985547	-1.17824	-1.34787	-1.47679	-1.55827	-1.57006	-1.50125	-1.34269	-1.09165	-0.782841	-0.459788	-0.151126	0.111901	0.32689	0.49976	0.621643	0.712741	0.795465	0.869652	0.933882	0.988157	1.02691	1.05882	1.06898	1.04687	0.989104	0.904942	0.799484	0.676754	0.548189	0.404294	0.247665	0.0856241	-0.0806016	-0.24433	-0.392652	-0.532875	-0.652807	-0.740154	-0.808021	-0.845702	-0.859555	-0.857179	-0.832471	-0.786452	-0.722148	-0.651166	-0.570727	-0.479016	-0.388474	-0.296522	-0.199308	-0.101262	0	
0	-0.0282318	-0.0718514	-0.154962	-0.289521	-0.454905	-0.610242	-0.726168	-0.791361	-0.804103	-0.763518	-0.680197	-0.566102	-0.442375	-0.322078	-0.23133	-0.180302	-0.168659	-0.171673	-0.1656	-0.149971	-0.128234	-0.112679	-0.0991097	-0.0842223	-0.0598677	-0.0215786	0.019488	0.0536498	0.0739231	0.0693941	0.0424245	0.00294456	-0.0404732	-0.0904622	-0.142377	-0.186328	-0.222988	-0.263892	-0.311314	-0.36394	-0.411694	-0.455538	-0.513251	-0.605539	-0.743551	-0.905909	-1.06051	-1.19545	-1.29668	-1.35502	-1.34972	-1.27041	-1.10828	-0.868486	-0.587181	-0.301615	-0.0361236	0.179003	0.352623	0.492609	0.58349	0.643869	0.695937	0.738604	0.776267	0.809484	0.832584	0.849014	0.847491	0.815654	0.753984	0.680312	0.596344	0.507711	0.414241	0.305796	0.186808	0.0605719	-0.0723012	-0.207827	-0.325957	-0.433942	-0.52335	-0.583244	-0.639534	-0.683619	-0.705676	-0.708805	-0.688724	-0.648356	-0.59661	-0.544651	-0.485068	-0.407761	-0.326931	-0.247358	-0.163316	-0.0812538	0	
0	-0.028952	-0.0716283	-0.147266	-0.268205	-0.417278	-0.562047	-0.669118	-0.72458	-0.723419	-0.672653	-0.585752	-0.477444	-0.366127	-0.263389	-0.189612	-0.151961	-0.148652	-0.155256	-0.151458	-0.137639	-0.120887	-0.112209	-0.105259	-0.0978656	-0.0744094	-0.034468	0.00647042	0.036632	0.0497161	0.0417941	0.00917873	-0.0404732	-0.0923432	-0.150797	-0.209955	-0.258603	-0.300019	-0.342459	-0.384633	-0.427587	-0.46267	-0.491343	-0.525379	-0.581714	-0.673293	-0.78946	-0.907724	-1.00966	-1.08137	-1.11402	-1.08384	-0.98765	-0.827474	-0.602513	-0.348761	-0.105049	0.112274	0.27832	0.398639	0.483408	0.52796	0.547114	0.557349	0.559636	0.560494	0.562301	0.556137	0.544145	0.521719	0.482181	0.432737	0.384679	0.335229	0.284793	0.229299	0.163141	0.0899065	0.0167088	-0.0596407	-0.139255	-0.20806	-0.273756	-0.324535	-0.361145	-0.409236	-0.451314	-0.476465	-0.491307	-0.489283	-0.470135	-0.44264	-0.412412	-0.376043	-0.325323	-0.266151	-0.202484	-0.130733	-0.0621136	0	
0	-0.0378486	-0.0852715	-0.157147	-0.264073	-0.396115	-0.525893	-0.622215	-0.664711	-0.650542	-0.591446	-0.504507	-0.403935	-0.302203	-0.212752	-0.151997	-0.127932	-0.136157	-0.150809	-0.154595	-0.148016	-0.142426	-0.141543	-0.137527	-0.128115	-0.102189	-0.0634561	-0.0259617	-0.00233832	0.00906954	0.0028407	-0.0336505	-0.0904622	-0.150797	-0.212543	-0.27402	-0.327909	-0.371597	-0.411711	-0.448814	-0.482091	-0.507318	-0.520745	-0.526168	-0.542885	-0.590634	-0.667317	-0.752197	-0.82101	-0.858997	-0.859834	-0.80601	-0.701863	-0.54583	-0.336756	-0.112594	0.0936787	0.266402	0.380156	0.443254	0.473428	0.466695	0.43337	0.39147	0.345671	0.302819	0.266838	0.226234	0.181339	0.138224	0.0998883	0.07273	0.0572399	0.0461428	0.0367278	0.0254646	0.0106477	-0.00332106	-0.0156904	-0.0321538	-0.0456625	-0.0540052	-0.0736537	-0.0945409	-0.115467	-0.153319	-0.19019	-0.211929	-0.235024	-0.261208	-0.276853	-0.281518	-0.278074	-0.266611	-0.243573	-0.211107	-0.169373	-0.113188	-0.0543215	0	
0	-0.0530315	-0.111485	-0.186402	-0.285002	-0.402046	-0.51589	-0.598339	-0.629383	-0.606499	-0.546072	-0.463856	-0.37013	-0.273319	-0.190314	-0.137904	-0.127012	-0.145744	-0.172969	-0.18756	-0.19573	-0.204328	-0.208933	-0.200632	-0.181432	-0.152137	-0.115189	-0.0790975	-0.0534773	-0.0369897	-0.039009	-0.0780131	-0.142377	-0.209955	-0.27402	-0.340998	-0.398296	-0.442983	-0.478223	-0.508335	-0.531035	-0.541727	-0.529572	-0.505957	-0.489507	-0.506605	-0.55317	-0.610188	-0.647302	-0.656196	-0.632983	-0.565102	-0.454903	-0.30419	-0.115258	0.0804144	0.248342	0.375191	0.447111	0.470895	0.454911	0.400472	0.318476	0.225746	0.128733	0.0361492	-0.0444332	-0.117968	-0.182868	-0.233375	-0.266024	-0.275518	-0.262033	-0.235889	-0.200112	-0.159615	-0.119781	-0.0754622	-0.0308758	0.0106438	0.0553407	0.09668	0.119369	0.125477	0.11924	0.0937971	0.062839	0.039063	0.00386505	-0.0454096	-0.0922606	-0.129855	-0.154579	-0.166552	-0.162938	-0.148476	-0.128729	-0.0957099	-0.0507619	0	
0	-0.0708127	-0.146151	-0.230433	-0.330292	-0.435664	-0.534506	-0.601511	-0.624827	-0.600086	-0.545804	-0.469582	-0.379951	-0.281018	-0.19718	-0.148445	-0.143045	-0.171447	-0.207642	-0.23903	-0.263571	-0.285829	-0.291325	-0.273458	-0.243786	-0.21327	-0.176902	-0.136803	-0.102339	-0.0777943	-0.077722	-0.116803	-0.186328	-0.258603	-0.327909	-0.398296	-0.461356	-0.505639	-0.539597	-0.562147	-0.568215	-0.549533	-0.507696	-0.455052	-0.417016	-0.411638	-0.433294	-0.468244	-0.488673	-0.487138	-0.456476	-0.387134	-0.277277	-0.13819	0.0286259	0.192221	0.325087	0.418107	0.464531	0.461178	0.414887	0.32976	0.211635	0.075152	-0.0649778	-0.199137	-0.314309	-0.413918	-0.498612	-0.554013	-0.573857	-0.55635	-0.517266	-0.463297	-0.392395	-0.309216	-0.218715	-0.126594	-0.0397407	0.0428257	0.129894	0.20701	0.256103	0.285499	0.299633	0.291443	0.267999	0.236512	0.19086	0.13308	0.0720488	0.0154941	-0.0308539	-0.0655965	-0.0808749	-0.0793833	-0.0765423	-0.0663648	-0.0382216	0	
0	-0.0858969	-0.176997	-0.274589	-0.379669	-0.477646	-0.560323	-0.613452	-0.630903	-0.612418	-0.564376	-0.495412	-0.40229	-0.298806	-0.208669	-0.156891	-0.152319	-0.182243	-0.229993	-0.278121	-0.320159	-0.353266	-0.356555	-0.332284	-0.297096	-0.265864	-0.22921	-0.180542	-0.137761	-0.110996	-0.111169	-0.151467	-0.222988	-0.300019	-0.371597	-0.442983	-0.505639	-0.551033	-0.580924	-0.587648	-0.56464	-0.512112	-0.44071	-0.368727	-0.31382	-0.285379	-0.289553	-0.314279	-0.337497	-0.343738	-0.321869	-0.260672	-0.166842	-0.0501406	0.0840807	0.216265	0.325147	0.401258	0.438462	0.425728	0.361093	0.250509	0.108093	-0.0469263	-0.206395	-0.367412	-0.511248	-0.633112	-0.724348	-0.77753	-0.784169	-0.749946	-0.691071	-0.61335	-0.521548	-0.41446	-0.303512	-0.183715	-0.0646643	0.0464028	0.15693	0.245035	0.305582	0.350129	0.384896	0.401006	0.389836	0.361057	0.318923	0.266266	0.21064	0.156248	0.103182	0.0534546	0.0153737	-0.00667183	-0.0177506	-0.0206326	-0.0135642	0	
0	-0.0941002	-0.194959	-0.302975	-0.412906	-0.504701	-0.572834	-0.612746	-0.628987	-0.615515	-0.574506	-0.504557	-0.407292	-0.296534	-0.198757	-0.14024	-0.128654	-0.158367	-0.216426	-0.281036	-0.340637	-0.381318	-0.389114	-0.367817	-0.332842	-0.304826	-0.264513	-0.212812	-0.169611	-0.145613	-0.15202	-0.19165	-0.263892	-0.342459	-0.411711	-0.478223	-0.539597	-0.580924	-0.595715	-0.571145	-0.509119	-0.421157	-0.326312	-0.238309	-0.168186	-0.132196	-0.134041	-0.166148	-0.203957	-0.224866	-0.214745	-0.178052	-0.112989	-0.0302022	0.0692394	0.178808	0.278514	0.351275	0.387677	0.371777	0.299235	0.182262	0.0367058	-0.123438	-0.292282	-0.465268	-0.622106	-0.748326	-0.835211	-0.879774	-0.881113	-0.845409	-0.782379	-0.7019	-0.605554	-0.495544	-0.379057	-0.251819	-0.127864	-0.00796062	0.104949	0.195867	0.263716	0.317148	0.368898	0.406402	0.418682	0.410025	0.391269	0.361728	0.316686	0.274716	0.233849	0.181857	0.129442	0.0880436	0.0599671	0.0413428	0.0237375	0	
0	-0.0973515	-0.202839	-0.315309	-0.429489	-0.517453	-0.576905	-0.609063	-0.624379	-0.614199	-0.569691	-0.493204	-0.384825	-0.266512	-0.15613	-0.0845861	-0.0580362	-0.0836357	-0.146443	-0.226704	-0.299767	-0.354785	-0.378524	-0.371369	-0.34646	-0.319781	-0.281741	-0.235792	-0.198793	-0.185597	-0.198465	-0.239336	-0.311314	-0.384633	-0.448814	-0.508335	-0.562147	-0.587648	-0.571145	-0.503363	-0.403466	-0.284444	-0.169103	-0.0666739	0.00222914	0.0298074	0.00886073	-0.0414408	-0.100549	-0.141634	-0.160311	-0.153713	-0.120913	-0.0689732	0.00908323	0.106688	0.200754	0.272512	0.313441	0.303582	0.239831	0.130216	-0.00672001	-0.157302	-0.321319	-0.492365	-0.639606	-0.749265	-0.820354	-0.860873	-0.866837	-0.842062	-0.797786	-0.737098	-0.660415	-0.565798	-0.46339	-0.349526	-0.233977	-0.126992	-0.0276775	0.0613175	0.138992	0.211032	0.278211	0.32982	0.365173	0.384279	0.398539	0.403421	0.386432	0.366138	0.34332	0.30494	0.254774	0.204624	0.158405	0.110233	0.0577231	0	
0	-0.0966768	-0.198937	-0.309839	-0.423195	-0.513356	-0.571262	-0.604201	-0.619318	-0.607861	-0.553702	-0.465405	-0.346802	-0.220805	-0.0984747	-0.00850377	0.0356227	0.023432	-0.0385989	-0.122129	-0.207989	-0.279248	-0.327005	-0.340867	-0.3273	-0.306813	-0.280332	-0.250528	-0.23232	-0.232798	-0.256842	-0.300015	-0.36394	-0.427587	-0.482091	-0.531035	-0.568215	-0.56464	-0.509119	-0.403466	-0.270078	-0.123927	0.0110034	0.11335	0.165046	0.162012	0.111685	0.0382003	-0.0472554	-0.119342	-0.169349	-0.193952	-0.191294	-0.15665	-0.0894219	0.00446087	0.100873	0.180668	0.225438	0.22608	0.179231	0.0849965	-0.0356829	-0.167244	-0.31038	-0.457299	-0.581346	-0.669327	-0.718381	-0.748912	-0.766579	-0.769733	-0.750607	-0.717997	-0.675798	-0.616489	-0.544921	-0.45714	-0.369859	-0.28866	-0.209046	-0.122566	-0.0360403	0.0429399	0.122071	0.190922	0.248829	0.299021	0.34983	0.39268	0.412334	0.423325	0.421379	0.399045	0.365394	0.318231	0.254024	0.172899	0.0835176	0	
0	-0.0911391	-0.183236	-0.284043	-0.394201	-0.490028	-0.557504	-0.59676	-0.614843	-0.596954	-0.531818	-0.430057	-0.303575	-0.171976	-0.0376053	0.0697576	0.136937	0.142867	0.0946173	0.0137516	-0.0822374	-0.17359	-0.248491	-0.282964	-0.283188	-0.274199	-0.264629	-0.260148	-0.261075	-0.280105	-0.314451	-0.3577	-0.411694	-0.46267	-0.507318	-0.541727	-0.549533	-0.512112	-0.421157	-0.284444	-0.123927	0.0437135	0.181577	0.263412	0.280213	0.239189	0.159099	0.0591597	-0.0555899	-0.157937	-0.240524	-0.293456	-0.308475	-0.285488	-0.219655	-0.120914	-0.0179694	0.0688353	0.12381	0.140641	0.112839	0.0375368	-0.0629239	-0.168262	-0.282769	-0.394423	-0.482679	-0.540116	-0.573322	-0.603838	-0.631251	-0.650339	-0.655576	-0.659185	-0.654896	-0.634272	-0.600403	-0.552811	-0.500766	-0.448337	-0.392777	-0.313316	-0.227414	-0.14663	-0.0625042	0.0181173	0.10105	0.177224	0.255024	0.333062	0.388316	0.429248	0.452682	0.45066	0.432438	0.390902	0.317825	0.218653	0.106711	0	
