0	0	0	0	0	0	0	0	0	0	0	0	0	0	0	0	0	0	0	0	0	0	0	0	0	0	0	0	0	0	0	0	0	0	0	0	0	0	0	0	0	0	0	0	0	0	0	0	0	0	0	0	0	0	0	0	0	0	0	0	0	0	0	0	0	0	0	0	0	0	0	0	0	0	0	0	0	0	0	0	0	0	0	0	0	0	0	0	0	0	0	0	0	0	0	0	0	0	0	0	
0	-0.0108102	-0.0165066	-0.0180066	-0.0170153	-0.0193738	-0.0234028	-0.0281527	-0.0325764	-0.0362689	-0.0415279	-0.0426332	-0.0395909	-0.0307768	-0.0198192	-0.0102279	-0.00202164	0.00169781	0.00217638	0.0013977	-0.000521042	-0.00429143	-0.012859	-0.0216338	-0.0245196	-0.0209671	-0.0137282	-0.00538706	0.00389754	0.0106376	0.0094739	0.000989942	-0.0131566	-0.0285552	-0.0413916	-0.0513363	-0.0545658	-0.0524962	-0.0474954	-0.0395611	-0.0334541	-0.0267511	-0.0155259	-0.00264582	0.0121439	0.0307063	0.0538553	0.0796651	0.110193	0.148506	0.189979	0.226313	0.25487	0.27001	0.269126	0.254053	0.225484	0.181266	0.125249	0.0619076	-0.00694719	-0.0816638	-0.158592	-0.234206	-0.301191	-0.355115	-0.399676	-0.432275	-0.456597	-0.468718	-0.466519	-0.45096	-0.42377	-0.385581	-0.335509	-0.278191	-0.211034	-0.137105	-0.060754	0.0129951	0.0792046	0.140037	0.191898	0.228145	0.247656	0.25467	0.250677	0.234161	0.207713	0.175998	0.141031	0.107815	0.0781781	0.0491556	0.0271109	0.0135018	0.00489626	0.00040754	-0.00223265	0	
0	-0.0165066	-0.0231529	-0.0216621	-0.0157412	-0.0170479	-0.0218707	-0.0301279	-0.036556	-0.0449271	-0.0539913	-0.0578485	-0.0527025	-0.0358695	-0.0175085	0.00176838	0.0143666	0.0210478	0.020093	0.0163961	0.0113455	0.00231223	-0.0165434	-0.034131	-0.0410524	-0.0344368	-0.0191992	-0.00307624	0.0162262	0.0292619	0.0275764	0.00898274	-0.0178696	-0.0494519	-0.0738242	-0.0912468	-0.0932233	-0.0870807	-0.069166	-0.049928	-0.0330774	-0.0149858	0.0122368	0.0372405	0.0689412	0.102941	0.142049	0.184766	0.237648	0.304038	0.375715	0.436805	0.483576	0.50875	0.504685	0.472104	0.414418	0.330901	0.225366	0.105486	-0.0269326	-0.167893	-0.315579	-0.460412	-0.590107	-0.694699	-0.779687	-0.844107	-0.889381	-0.913347	-0.907521	-0.875408	-0.822474	-0.745767	-0.649122	-0.537575	-0.408314	-0.268199	-0.1225	0.0165064	0.141364	0.25495	0.350951	0.419528	0.458311	0.473491	0.466249	0.438975	0.396366	0.3431	0.284386	0.226863	0.175127	0.126225	0.0851562	0.0550138	0.0347195	0.018845	0.00342051	0	
0	-0.0180066	-0.0216621	-0.0134423	0.000962808	0.0048965	0.00201043	-0.00496905	-0.0129127	-0.0208648	-0.0342311	-0.0376989	-0.0302181	-0.00764077	0.0195213	0.0421092	0.0591834	0.0632418	0.057586	0.047826	0.0354488	0.0179558	-0.0120855	-0.0417677	-0.0532665	-0.0449231	-0.0242206	-7.38793e-05	0.0271871	0.0469233	0.0442201	0.0200449	-0.0190543	-0.0608794	-0.0927154	-0.112796	-0.110411	-0.0901174	-0.0580584	-0.0175633	0.0176374	0.0524356	0.0959097	0.13855	0.180303	0.224483	0.273735	0.323416	0.381134	0.457694	0.54235	0.613614	0.666561	0.687203	0.66942	0.618504	0.537478	0.41961	0.273904	0.111123	-0.065687	-0.258566	-0.460402	-0.661553	-0.841657	-0.987851	-1.10959	-1.19968	-1.26674	-1.30031	-1.29274	-1.2471	-1.16957	-1.0617	-0.923207	-0.767381	-0.587663	-0.392617	-0.19388	-0.00460491	0.163321	0.317394	0.450054	0.544548	0.599336	0.626536	0.629851	0.60544	0.558389	0.498855	0.430316	0.363643	0.30166	0.234129	0.176508	0.132848	0.0944057	0.0594873	0.0242771	0	
0	-0.0170153	-0.0157412	0.000962808	0.025483	0.0358307	0.0374824	0.0306677	0.024647	0.0140904	0.000270426	-0.00437426	0.00581338	0.0360553	0.0675032	0.0974426	0.113683	0.116198	0.10324	0.0834388	0.0603336	0.0296076	-0.018023	-0.0624563	-0.0846998	-0.0779345	-0.0527042	-0.0223068	0.0150517	0.0423408	0.0435068	0.0150558	-0.0288414	-0.0772635	-0.11028	-0.125776	-0.109099	-0.0729366	-0.0147344	0.0478454	0.103426	0.156887	0.220047	0.273193	0.327406	0.375688	0.423216	0.467557	0.521603	0.594937	0.676013	0.739406	0.779658	0.786575	0.750146	0.674916	0.566812	0.424657	0.254939	0.0682633	-0.135132	-0.353772	-0.586552	-0.820974	-1.03381	-1.20834	-1.35355	-1.46552	-1.54728	-1.59177	-1.58329	-1.52725	-1.4352	-1.30347	-1.14002	-0.956341	-0.746812	-0.522557	-0.291937	-0.0740073	0.121085	0.301969	0.461312	0.583504	0.663508	0.712541	0.733076	0.724965	0.692584	0.641225	0.576367	0.507947	0.439717	0.364024	0.291856	0.227807	0.169582	0.110809	0.046847	0	
0	-0.0193738	-0.0170479	0.0048965	0.0358307	0.0517808	0.0550891	0.0504135	0.0431746	0.0343616	0.0191463	0.017351	0.0329139	0.0698538	0.111065	0.143773	0.163517	0.161371	0.141114	0.110417	0.0742216	0.0280208	-0.0364225	-0.0992256	-0.131379	-0.128693	-0.100695	-0.0635865	-0.0178561	0.0190951	0.0253777	-0.000423301	-0.0450652	-0.0921991	-0.120184	-0.125099	-0.0928812	-0.0324661	0.0483109	0.137185	0.214368	0.284909	0.359859	0.424822	0.479498	0.525529	0.567237	0.598727	0.633317	0.689416	0.753729	0.796594	0.814545	0.791745	0.723433	0.620055	0.491598	0.330554	0.147861	-0.043739	-0.244924	-0.462475	-0.696217	-0.935857	-1.15425	-1.33417	-1.48789	-1.60657	-1.69848	-1.74941	-1.74375	-1.68606	-1.58861	-1.45243	-1.28172	-1.09489	-0.881941	-0.652382	-0.418828	-0.195702	0.00608569	0.200695	0.382061	0.52756	0.634209	0.715503	0.771638	0.795365	0.78744	0.755593	0.702824	0.641546	0.574403	0.487103	0.400076	0.321524	0.242094	0.159934	0.0729487	0	
0	-0.0234028	-0.0218707	0.00201043	0.0374824	0.0550891	0.0593818	0.0513257	0.0424243	0.0295387	0.0130147	0.0114994	0.0304013	0.075602	0.122176	0.162555	0.183153	0.181099	0.155509	0.11641	0.0700779	0.0112232	-0.068575	-0.143974	-0.186156	-0.182987	-0.150115	-0.103762	-0.046051	0.00108855	0.0154135	-0.00710686	-0.0514067	-0.0963818	-0.119352	-0.113603	-0.0629981	0.0177647	0.124121	0.235659	0.331882	0.416911	0.503302	0.570683	0.625518	0.661329	0.685296	0.694335	0.704933	0.73293	0.766916	0.778073	0.759385	0.701738	0.599899	0.467009	0.313462	0.140565	-0.0409899	-0.221315	-0.403852	-0.596873	-0.804621	-1.02082	-1.2174	-1.37763	-1.51434	-1.62204	-1.70736	-1.75808	-1.75356	-1.69929	-1.61112	-1.4858	-1.33281	-1.16714	-0.97819	-0.77401	-0.560954	-0.356015	-0.165554	0.0262809	0.215631	0.383501	0.51895	0.632327	0.724644	0.78628	0.814635	0.812437	0.782086	0.735132	0.672866	0.585416	0.492269	0.399986	0.304812	0.203591	0.0934545	0	
0	-0.0281527	-0.0301279	-0.00496905	0.0306677	0.0504135	0.0513257	0.0401123	0.0249279	0.00716031	-0.0129335	-0.0160591	0.00622297	0.0551726	0.108784	0.152217	0.176547	0.173521	0.146146	0.101953	0.0497803	-0.0163078	-0.102542	-0.184709	-0.225619	-0.2176	-0.171516	-0.110547	-0.0387307	0.0211861	0.0431049	0.0212792	-0.0238474	-0.0725984	-0.095845	-0.083937	-0.0225837	0.0757499	0.202665	0.334992	0.448668	0.546977	0.639397	0.710121	0.757079	0.779189	0.780978	0.757843	0.728145	0.717033	0.712542	0.682623	0.625245	0.528333	0.391564	0.230405	0.0630178	-0.113173	-0.287512	-0.447239	-0.597592	-0.749331	-0.914108	-1.0858	-1.23671	-1.35274	-1.44875	-1.52378	-1.58674	-1.62635	-1.6218	-1.57724	-1.50909	-1.41343	-1.29653	-1.17334	-1.02858	-0.866441	-0.694892	-0.524888	-0.361786	-0.187666	-0.00371447	0.166326	0.316275	0.455881	0.579862	0.678687	0.745044	0.777798	0.779398	0.760323	0.720058	0.644361	0.553289	0.458424	0.353952	0.237866	0.112088	0	
0	-0.0325764	-0.036556	-0.0129127	0.024647	0.0431746	0.0424243	0.0249279	0.00264916	-0.0219336	-0.0476484	-0.0523816	-0.0300586	0.0224381	0.0789506	0.125879	0.150893	0.148885	0.119785	0.0732631	0.0183859	-0.0507419	-0.137731	-0.217205	-0.252924	-0.22948	-0.16676	-0.0852065	0.00485066	0.0776453	0.106213	0.0863385	0.0331818	-0.021782	-0.0521916	-0.0430118	0.0213429	0.129884	0.269057	0.417174	0.546835	0.656903	0.755318	0.825665	0.863934	0.864295	0.834695	0.774237	0.702866	0.643727	0.591152	0.520717	0.424366	0.294855	0.133483	-0.0406392	-0.214499	-0.385708	-0.540851	-0.671747	-0.783058	-0.890468	-1.00286	-1.11933	-1.21253	-1.27032	-1.3118	-1.33955	-1.36913	-1.39129	-1.38541	-1.35611	-1.31704	-1.26203	-1.1951	-1.12534	-1.03645	-0.928093	-0.804519	-0.679088	-0.554797	-0.413341	-0.253383	-0.0931955	0.0541065	0.198152	0.341766	0.469131	0.569833	0.642942	0.685252	0.703333	0.692814	0.641062	0.569236	0.484696	0.381312	0.26063	0.126061	0	
0	-0.0362689	-0.0449271	-0.0208648	0.0140904	0.0343616	0.0295387	0.00716031	-0.0219336	-0.0542237	-0.0820344	-0.0891692	-0.063329	-0.0079731	0.0533209	0.103446	0.131335	0.129973	0.101583	0.0528344	-0.00514165	-0.0768607	-0.164451	-0.241873	-0.268627	-0.233127	-0.149631	-0.046165	0.0627482	0.150463	0.187744	0.16514	0.106972	0.0395574	-0.00285196	0.000471728	0.0635802	0.175327	0.325032	0.482986	0.620529	0.735909	0.832954	0.896939	0.919656	0.898134	0.834874	0.730967	0.610591	0.506462	0.414407	0.308656	0.185064	0.0372269	-0.132558	-0.308889	-0.473498	-0.623735	-0.752517	-0.849269	-0.920509	-0.977398	-1.03745	-1.09797	-1.13281	-1.13406	-1.11862	-1.10163	-1.09737	-1.10293	-1.09909	-1.08733	-1.08165	-1.07132	-1.05806	-1.04566	-1.01502	-0.962738	-0.893198	-0.816111	-0.734061	-0.63174	-0.505029	-0.372088	-0.239998	-0.100184	0.0444596	0.187017	0.315118	0.418137	0.497241	0.556306	0.585528	0.57095	0.524999	0.458064	0.368261	0.254059	0.123532	0	
0	-0.0415279	-0.0539913	-0.0342311	0.000270426	0.0191463	0.0130147	-0.0129335	-0.0476484	-0.0820344	-0.110063	-0.11216	-0.0793572	-0.0165662	0.0528265	0.108762	0.140371	0.141817	0.112659	0.0614554	-0.00116569	-0.0790686	-0.168202	-0.244651	-0.267507	-0.220405	-0.123335	-0.00226843	0.121428	0.219046	0.260465	0.239874	0.174416	0.10022	0.0499452	0.0478964	0.107085	0.222585	0.37344	0.534438	0.67581	0.788659	0.873505	0.920683	0.917307	0.859722	0.755554	0.612003	0.45435	0.312287	0.188743	0.0671313	-0.0636532	-0.212135	-0.374651	-0.533689	-0.676787	-0.801516	-0.896334	-0.953841	-0.978903	-0.989208	-0.99876	-1.00755	-0.993953	-0.949621	-0.894806	-0.845259	-0.820512	-0.817896	-0.81942	-0.827731	-0.849878	-0.87905	-0.913189	-0.950825	-0.97524	-0.976755	-0.958363	-0.930071	-0.893162	-0.832639	-0.742922	-0.638799	-0.531068	-0.410659	-0.271339	-0.126164	0.0113422	0.13724	0.246138	0.335667	0.396272	0.415221	0.404344	0.370813	0.307227	0.216255	0.109201	0	
0	-0.0426332	-0.0578485	-0.0376989	-0.00437426	0.017351	0.0114994	-0.0160591	-0.0523816	-0.0891692	-0.11216	-0.108512	-0.0653767	0.00678442	0.0857859	0.149815	0.187922	0.193243	0.166195	0.113011	0.0435978	-0.0414072	-0.13766	-0.217563	-0.241168	-0.191572	-0.0858935	0.0476381	0.180985	0.285692	0.330795	0.307055	0.236674	0.15381	0.094699	0.0893954	0.149605	0.267691	0.423726	0.585514	0.72059	0.818763	0.879442	0.894673	0.853746	0.758275	0.611708	0.427469	0.235797	0.0726305	-0.0587094	-0.175612	-0.294578	-0.422545	-0.559162	-0.692281	-0.808567	-0.899413	-0.958471	-0.978069	-0.96374	-0.92995	-0.897016	-0.867018	-0.821444	-0.754278	-0.678664	-0.618895	-0.588078	-0.585113	-0.594469	-0.615033	-0.654588	-0.707626	-0.773901	-0.848585	-0.916676	-0.966456	-0.997247	-1.01527	-1.01954	-0.998338	-0.945278	-0.871822	-0.787807	-0.688452	-0.570707	-0.438937	-0.304791	-0.179404	-0.0599264	0.0523416	0.14254	0.200196	0.22647	0.227472	0.201485	0.146245	0.0743703	0	
0	-0.0395909	-0.0527025	-0.0302181	0.00581338	0.0329139	0.0304013	0.00622297	-0.0300586	-0.063329	-0.0793572	-0.0653767	-0.00939699	0.0728733	0.162451	0.233459	0.275989	0.283817	0.255249	0.197803	0.119957	0.0244579	-0.0775122	-0.161152	-0.184887	-0.133201	-0.0219199	0.119682	0.257837	0.363208	0.405188	0.37653	0.298798	0.207437	0.141418	0.132822	0.189625	0.309323	0.463277	0.619284	0.745575	0.826216	0.855993	0.834315	0.749847	0.608332	0.418534	0.202545	-0.00723284	-0.179676	-0.307239	-0.404293	-0.492345	-0.586863	-0.688263	-0.785587	-0.86738	-0.925369	-0.951777	-0.937197	-0.888271	-0.82318	-0.763469	-0.710496	-0.652674	-0.581642	-0.507205	-0.452894	-0.428554	-0.431381	-0.447502	-0.47639	-0.519668	-0.581357	-0.660802	-0.75136	-0.844915	-0.924901	-0.990524	-1.04504	-1.08547	-1.10086	-1.08351	-1.04449	-0.993313	-0.925608	-0.836296	-0.730264	-0.616579	-0.499755	-0.378177	-0.258415	-0.150641	-0.061585	0.00363113	0.0491922	0.0682101	0.0580262	0.0339539	0	
0	-0.0307768	-0.0358695	-0.00764077	0.0360553	0.0698538	0.075602	0.0551726	0.0224381	-0.0079731	-0.0165662	0.00678442	0.0728733	0.163248	0.259426	0.334753	0.379455	0.387254	0.356329	0.293845	0.205812	0.100471	-0.0101575	-0.0958505	-0.121642	-0.0677756	0.0482269	0.198262	0.342448	0.449324	0.487901	0.453362	0.364109	0.258855	0.178775	0.15763	0.205954	0.319839	0.467204	0.612951	0.724922	0.781569	0.780428	0.721628	0.600604	0.426777	0.206676	-0.0304154	-0.249497	-0.419224	-0.533133	-0.600625	-0.654545	-0.709255	-0.768919	-0.825247	-0.87031	-0.893	-0.885844	-0.844798	-0.775011	-0.696233	-0.628472	-0.573275	-0.52377	-0.46659	-0.405715	-0.365641	-0.351427	-0.359461	-0.379604	-0.409763	-0.448015	-0.504273	-0.579804	-0.666386	-0.762371	-0.853296	-0.935404	-1.01229	-1.08003	-1.12729	-1.14816	-1.1464	-1.13055	-1.10026	-1.04718	-0.974956	-0.890049	-0.794714	-0.684387	-0.564928	-0.445704	-0.330731	-0.232605	-0.149196	-0.0850644	-0.0458517	-0.0175337	0	
0	-0.0198192	-0.0175085	0.0195213	0.0675032	0.111065	0.122176	0.108784	0.0789506	0.0533209	0.0528265	0.0857859	0.162451	0.259426	0.360958	0.437961	0.481855	0.486104	0.448688	0.377998	0.277064	0.159272	0.0414371	-0.047263	-0.0697945	-0.0134451	0.109326	0.269253	0.418613	0.526217	0.561518	0.517413	0.41768	0.296843	0.198009	0.160268	0.19011	0.286587	0.415337	0.541562	0.632119	0.667539	0.640904	0.557163	0.413008	0.222587	-0.00850077	-0.248134	-0.460489	-0.619569	-0.714755	-0.758511	-0.780429	-0.799213	-0.81922	-0.836023	-0.843637	-0.829475	-0.794728	-0.732544	-0.653222	-0.574293	-0.515284	-0.473825	-0.443604	-0.409452	-0.366783	-0.34251	-0.337846	-0.348257	-0.37069	-0.400417	-0.429541	-0.475138	-0.535616	-0.602692	-0.682879	-0.76228	-0.84199	-0.924882	-1.00717	-1.081	-1.13685	-1.17527	-1.19912	-1.20466	-1.18853	-1.14994	-1.09111	-1.01893	-0.926009	-0.819321	-0.706425	-0.58333	-0.466961	-0.355308	-0.250584	-0.161533	-0.0760358	0	
0	-0.0102279	0.00176838	0.0421092	0.0974426	0.143773	0.162555	0.152217	0.125879	0.103446	0.108762	0.149815	0.233459	0.334753	0.437961	0.514451	0.554768	0.553374	0.508167	0.427407	0.313366	0.182694	0.0548164	-0.034287	-0.0574826	0.00226832	0.130769	0.297477	0.454802	0.564297	0.595239	0.546614	0.435137	0.296046	0.178551	0.11546	0.120246	0.192607	0.296547	0.39567	0.465514	0.479549	0.435927	0.337489	0.190284	0.00502355	-0.217661	-0.441256	-0.631922	-0.770079	-0.849184	-0.868046	-0.862359	-0.851	-0.839442	-0.822146	-0.796457	-0.756612	-0.699701	-0.626679	-0.545549	-0.477205	-0.435175	-0.41098	-0.405791	-0.395197	-0.373645	-0.364997	-0.367905	-0.379698	-0.400372	-0.42611	-0.442979	-0.47191	-0.512191	-0.55351	-0.608257	-0.668769	-0.734129	-0.811734	-0.900242	-0.986857	-1.06769	-1.13644	-1.18953	-1.2254	-1.23515	-1.22432	-1.19547	-1.14531	-1.07497	-0.996316	-0.903672	-0.78921	-0.672647	-0.546992	-0.412294	-0.278548	-0.136621	0	
0	-0.00202164	0.0143666	0.0591834	0.113683	0.163517	0.183153	0.176547	0.150893	0.131335	0.140371	0.187922	0.275989	0.379455	0.481855	0.554768	0.589142	0.578728	0.521922	0.429246	0.298871	0.153082	0.0153963	-0.0784808	-0.0992574	-0.0379244	0.0940309	0.269833	0.432445	0.543885	0.573992	0.517838	0.396146	0.242373	0.101152	0.0137483	-0.00855665	0.0358109	0.111827	0.188595	0.23755	0.239445	0.190197	0.0934954	-0.0439149	-0.209583	-0.405475	-0.601655	-0.765183	-0.879717	-0.931423	-0.927126	-0.896725	-0.858632	-0.819353	-0.778424	-0.736954	-0.682365	-0.620119	-0.547425	-0.474757	-0.418753	-0.389171	-0.379979	-0.39124	-0.401312	-0.398276	-0.404814	-0.417441	-0.428551	-0.446631	-0.464979	-0.466263	-0.478148	-0.496942	-0.514026	-0.546563	-0.586629	-0.636231	-0.701028	-0.778347	-0.862791	-0.949523	-1.0296	-1.09821	-1.14972	-1.1823	-1.19748	-1.19157	-1.17122	-1.13229	-1.08127	-1.01782	-0.926347	-0.820948	-0.695591	-0.543814	-0.375634	-0.18896	0	
0	0.00169781	0.0210478	0.0632418	0.116198	0.161371	0.181099	0.173521	0.148885	0.129973	0.141817	0.193243	0.283817	0.387254	0.486104	0.553374	0.578728	0.555367	0.484799	0.375179	0.227565	0.0651557	-0.0857729	-0.181533	-0.201954	-0.137853	0.000509647	0.181527	0.353019	0.468065	0.495564	0.435897	0.306006	0.134921	-0.0245491	-0.138919	-0.189311	-0.172596	-0.119769	-0.0638413	-0.0234984	-0.02069	-0.0594313	-0.142662	-0.256851	-0.394185	-0.564362	-0.732105	-0.863223	-0.946779	-0.977298	-0.94828	-0.88844	-0.823326	-0.763974	-0.709611	-0.660984	-0.612913	-0.561308	-0.501911	-0.441539	-0.3979	-0.378173	-0.372623	-0.391009	-0.410861	-0.421292	-0.440324	-0.458918	-0.470175	-0.483963	-0.493654	-0.482582	-0.478599	-0.481082	-0.48194	-0.496508	-0.521683	-0.553495	-0.598167	-0.655927	-0.716154	-0.785677	-0.860028	-0.928634	-0.988241	-1.03606	-1.07744	-1.10461	-1.10971	-1.09991	-1.08743	-1.05347	-0.982405	-0.894136	-0.775852	-0.617848	-0.433116	-0.221673	0	
0	0.00217638	0.020093	0.057586	0.10324	0.141114	0.155509	0.146146	0.119785	0.101583	0.112659	0.166195	0.255249	0.356329	0.448688	0.508167	0.521922	0.484799	0.397645	0.271842	0.107427	-0.0716516	-0.232282	-0.332022	-0.349102	-0.280073	-0.136859	0.0541404	0.235931	0.357669	0.389312	0.327691	0.189855	0.0055345	-0.17745	-0.319259	-0.39741	-0.405685	-0.371044	-0.321815	-0.27878	-0.262403	-0.280082	-0.338991	-0.425459	-0.53542	-0.673879	-0.813471	-0.920969	-0.984219	-0.988089	-0.934032	-0.849987	-0.762866	-0.687057	-0.627213	-0.58647	-0.551802	-0.518203	-0.478695	-0.437568	-0.40811	-0.393196	-0.388202	-0.404331	-0.423627	-0.436303	-0.455403	-0.472346	-0.478125	-0.486032	-0.490462	-0.473166	-0.462397	-0.456424	-0.446561	-0.448948	-0.459103	-0.472689	-0.494527	-0.521048	-0.550478	-0.593936	-0.647268	-0.705225	-0.763899	-0.824536	-0.891306	-0.948644	-0.988556	-1.01184	-1.02419	-1.01479	-0.966957	-0.891991	-0.7828	-0.629247	-0.441861	-0.227167	0	
0	0.0013977	0.0163961	0.047826	0.0834388	0.110417	0.11641	0.101953	0.0732631	0.0528344	0.0614554	0.113011	0.197803	0.293845	0.377998	0.427407	0.429246	0.375179	0.271842	0.128302	-0.0514852	-0.243121	-0.411554	-0.508476	-0.516365	-0.435878	-0.279485	-0.0752701	0.120494	0.252437	0.286615	0.222804	0.0764779	-0.123129	-0.32725	-0.49413	-0.597076	-0.625635	-0.602353	-0.552575	-0.498527	-0.457362	-0.442952	-0.470334	-0.527645	-0.608923	-0.724363	-0.844238	-0.928539	-0.96579	-0.952034	-0.885207	-0.786141	-0.687483	-0.607997	-0.550789	-0.518479	-0.5012	-0.488103	-0.468005	-0.443862	-0.429571	-0.423395	-0.419571	-0.427432	-0.436135	-0.43798	-0.443323	-0.445517	-0.437915	-0.438728	-0.440477	-0.427512	-0.419214	-0.411093	-0.396587	-0.385208	-0.377382	-0.369517	-0.366783	-0.367337	-0.366382	-0.382343	-0.419214	-0.467801	-0.522954	-0.59073	-0.677695	-0.761569	-0.825998	-0.877745	-0.918799	-0.926689	-0.89056	-0.827302	-0.729269	-0.586475	-0.413018	-0.215388	0	
0	-0.000521042	0.0113455	0.0354488	0.0603336	0.0742216	0.0700779	0.0497803	0.0183859	-0.00514165	-0.00116569	0.0435978	0.119957	0.205812	0.277064	0.313366	0.298871	0.227565	0.107427	-0.0514852	-0.239655	-0.437878	-0.603847	-0.690868	-0.681311	-0.581439	-0.406042	-0.184771	0.0295048	0.173397	0.213644	0.146882	-0.00898583	-0.22697	-0.455208	-0.649738	-0.776523	-0.821651	-0.799393	-0.739421	-0.662624	-0.589973	-0.543263	-0.541259	-0.570872	-0.628771	-0.718314	-0.811727	-0.875242	-0.897614	-0.872421	-0.799625	-0.698406	-0.601523	-0.526203	-0.478407	-0.457409	-0.451776	-0.449473	-0.442641	-0.435153	-0.434169	-0.436615	-0.433749	-0.433572	-0.429062	-0.415534	-0.402773	-0.384626	-0.3624	-0.35278	-0.351238	-0.344016	-0.338182	-0.329587	-0.308559	-0.283052	-0.257507	-0.230875	-0.210442	-0.19214	-0.175609	-0.180139	-0.207616	-0.248909	-0.299971	-0.370332	-0.468395	-0.571321	-0.657013	-0.72828	-0.786303	-0.809222	-0.785153	-0.727915	-0.635558	-0.503464	-0.349034	-0.181362	0	
0	-0.00429143	0.00231223	0.0179558	0.0296076	0.0280208	0.0112232	-0.0163078	-0.0507419	-0.0768607	-0.0790686	-0.0414072	0.0244579	0.100471	0.159272	0.182694	0.153082	0.0651557	-0.0716516	-0.243121	-0.437878	-0.636433	-0.794157	-0.864178	-0.829112	-0.699	-0.497713	-0.250398	-0.0159506	0.141977	0.185159	0.112024	-0.0616501	-0.299075	-0.554288	-0.772917	-0.919069	-0.973156	-0.950382	-0.874722	-0.77543	-0.6729	-0.592673	-0.556647	-0.558499	-0.591073	-0.653559	-0.726231	-0.771769	-0.777982	-0.746162	-0.679334	-0.589866	-0.504863	-0.441042	-0.399797	-0.385069	-0.387396	-0.393428	-0.394711	-0.393136	-0.399	-0.403004	-0.398251	-0.386019	-0.368019	-0.345032	-0.320176	-0.29071	-0.257496	-0.237524	-0.229226	-0.221476	-0.214517	-0.202841	-0.178705	-0.146172	-0.109181	-0.0726269	-0.0452017	-0.0192205	0.00453389	0.00517926	-0.0230244	-0.069572	-0.123134	-0.19431	-0.297306	-0.407634	-0.502727	-0.587025	-0.652235	-0.677131	-0.658202	-0.606051	-0.521982	-0.408196	-0.281028	-0.146475	0	
0	-0.012859	-0.0165434	-0.0120855	-0.018023	-0.0364225	-0.068575	-0.102542	-0.137731	-0.164451	-0.168202	-0.13766	-0.0775122	-0.0101575	0.0414371	0.0548164	0.0153963	-0.0857729	-0.232282	-0.411554	-0.603847	-0.794157	-0.935222	-0.982045	-0.915544	-0.754835	-0.52354	-0.254779	-0.00263976	0.165892	0.209889	0.126415	-0.0620956	-0.321803	-0.60057	-0.840741	-1.00451	-1.06815	-1.04086	-0.951548	-0.831602	-0.699188	-0.590011	-0.523632	-0.498827	-0.502984	-0.538855	-0.585669	-0.614567	-0.614364	-0.589937	-0.539933	-0.466658	-0.39493	-0.338234	-0.305182	-0.295593	-0.300396	-0.307142	-0.308317	-0.308122	-0.308214	-0.304124	-0.288283	-0.261802	-0.236133	-0.211351	-0.190185	-0.16163	-0.127565	-0.100413	-0.080281	-0.0661871	-0.0514042	-0.0345757	-0.0113007	0.0188732	0.0518699	0.0815263	0.103949	0.12613	0.144519	0.140792	0.106045	0.0542908	-0.00291246	-0.0778417	-0.179015	-0.284814	-0.374359	-0.452085	-0.515725	-0.543951	-0.530339	-0.487216	-0.414336	-0.315526	-0.213607	-0.111913	0	
0	-0.0216338	-0.034131	-0.0417677	-0.0624563	-0.0992256	-0.143974	-0.184709	-0.217205	-0.241873	-0.244651	-0.217563	-0.161152	-0.0958505	-0.047263	-0.034287	-0.0784808	-0.181533	-0.332022	-0.508476	-0.690868	-0.864178	-0.982045	-1.00071	-0.904336	-0.710104	-0.45569	-0.169344	0.0914826	0.260796	0.29749	0.199491	-0.0105397	-0.288459	-0.585614	-0.840089	-1.01225	-1.07845	-1.04764	-0.949065	-0.812449	-0.661439	-0.527276	-0.429578	-0.372636	-0.349645	-0.357057	-0.383517	-0.405216	-0.408194	-0.395272	-0.360794	-0.309746	-0.255395	-0.210875	-0.181013	-0.17304	-0.179508	-0.185841	-0.183905	-0.174115	-0.162516	-0.145774	-0.118273	-0.0811721	-0.0504972	-0.0311182	-0.0194994	0.00124411	0.0303792	0.0632613	0.0921343	0.113971	0.136729	0.154661	0.17326	0.191421	0.208698	0.218503	0.216951	0.220798	0.225967	0.211396	0.167855	0.106346	0.0437368	-0.0247054	-0.113493	-0.205398	-0.27832	-0.337181	-0.382144	-0.402101	-0.395101	-0.366829	-0.314003	-0.242126	-0.167813	-0.0885625	0	
0	-0.0245196	-0.0410524	-0.0532665	-0.0846998	-0.131379	-0.186156	-0.225619	-0.252924	-0.268627	-0.267507	-0.241168	-0.184887	-0.121642	-0.0697945	-0.0574826	-0.0992574	-0.201954	-0.349102	-0.516365	-0.681311	-0.829112	-0.915544	-0.904336	-0.774212	-0.553832	-0.280021	0.0126185	0.267749	0.42651	0.445443	0.325115	0.0949536	-0.199737	-0.509005	-0.767819	-0.944128	-1.00917	-0.975186	-0.867106	-0.717578	-0.545798	-0.387174	-0.2569	-0.173999	-0.125654	-0.113212	-0.128399	-0.147317	-0.154615	-0.153643	-0.140665	-0.109738	-0.0710283	-0.034492	-0.0131233	-0.0107039	-0.0166785	-0.0175909	-0.00620007	0.0128162	0.0345261	0.0575734	0.0881187	0.126906	0.15521	0.168115	0.170536	0.182087	0.206491	0.239397	0.269774	0.293718	0.315328	0.33258	0.345031	0.349251	0.349437	0.331525	0.299858	0.27231	0.246473	0.212584	0.156327	0.0889672	0.0272275	-0.0353476	-0.10453	-0.166805	-0.210449	-0.239545	-0.258557	-0.264519	-0.25776	-0.243428	-0.211545	-0.166888	-0.121959	-0.0654573	0	
0	-0.0209671	-0.0344368	-0.0449231	-0.0779345	-0.128693	-0.182987	-0.2176	-0.22948	-0.233127	-0.220405	-0.191572	-0.133201	-0.0677756	-0.0134451	0.00226832	-0.0379244	-0.137853	-0.280073	-0.435878	-0.581439	-0.699	-0.754835	-0.710104	-0.553832	-0.310154	-0.025552	0.264143	0.505442	0.64376	0.640062	0.496645	0.245726	-0.0630346	-0.379566	-0.642915	-0.819005	-0.884451	-0.845592	-0.728639	-0.561032	-0.366768	-0.179202	-0.0187	0.0911416	0.157169	0.176028	0.164777	0.142205	0.124724	0.111192	0.115315	0.130083	0.153855	0.178215	0.194583	0.196422	0.194962	0.201279	0.219585	0.244135	0.267022	0.285094	0.307992	0.339072	0.360586	0.368837	0.362227	0.365581	0.382118	0.4079	0.431704	0.446672	0.459627	0.466758	0.470431	0.465281	0.449128	0.409435	0.348404	0.286845	0.229772	0.168671	0.0964074	0.0229277	-0.037662	-0.0844161	-0.128245	-0.163646	-0.176466	-0.167792	-0.152842	-0.137816	-0.120392	-0.110647	-0.0969299	-0.0764894	-0.061052	-0.0351091	0	
0	-0.0137282	-0.0191992	-0.0242206	-0.0527042	-0.100695	-0.150115	-0.171516	-0.16676	-0.149631	-0.123335	-0.0858935	-0.0219199	0.0482269	0.109326	0.130769	0.0940309	0.000509647	-0.136859	-0.279485	-0.406042	-0.497713	-0.52354	-0.45569	-0.280021	-0.025552	0.260575	0.539977	0.760929	0.876907	0.852676	0.690666	0.426874	0.108834	-0.211553	-0.476721	-0.657341	-0.724507	-0.685175	-0.561729	-0.373462	-0.153785	0.0639002	0.256239	0.389554	0.463351	0.484416	0.467176	0.435298	0.405644	0.383836	0.373572	0.37164	0.382664	0.403019	0.421343	0.430502	0.438056	0.449904	0.469232	0.489513	0.502454	0.50559	0.517066	0.537216	0.554981	0.559278	0.545459	0.537454	0.542246	0.557307	0.564901	0.567712	0.561815	0.549809	0.538789	0.516363	0.488187	0.434049	0.354315	0.27029	0.187056	0.105222	0.0187586	-0.0613301	-0.118427	-0.1509	-0.166561	-0.167594	-0.149911	-0.11024	-0.0640306	-0.0248402	0.00577896	0.0187001	0.0255694	0.0221057	0.00714935	0.00481481	0	
0	-0.00538706	-0.00307624	-7.38793e-05	-0.0223068	-0.0635865	-0.103762	-0.110547	-0.0852065	-0.046165	-0.00226843	0.0476381	0.119682	0.198262	0.269253	0.297477	0.269833	0.181527	0.0541404	-0.0752701	-0.184771	-0.250398	-0.254779	-0.169344	0.0126185	0.264143	0.539977	0.799247	0.994306	1.08758	1.04723	0.877526	0.610455	0.293923	-0.0240365	-0.290134	-0.473047	-0.544745	-0.508799	-0.376998	-0.173165	0.0681512	0.312393	0.526988	0.674496	0.757631	0.774542	0.751603	0.714293	0.673066	0.632674	0.605466	0.585688	0.584428	0.603966	0.631875	0.652543	0.670156	0.686472	0.700721	0.708198	0.702714	0.691032	0.691286	0.70478	0.719914	0.724935	0.705924	0.684747	0.678871	0.677293	0.669444	0.656304	0.62701	0.591668	0.557653	0.51707	0.471752	0.407079	0.321727	0.225271	0.127788	0.0318423	-0.0622944	-0.143317	-0.195462	-0.207963	-0.191079	-0.15585	-0.105089	-0.0380371	0.0266548	0.0752318	0.113396	0.128175	0.127292	0.112424	0.0771341	0.04138	0	
0	0.00389754	0.0162262	0.0271871	0.0150517	-0.0178561	-0.046051	-0.0387307	0.00485066	0.0627482	0.121428	0.180985	0.257837	0.342448	0.418613	0.454802	0.432445	0.353019	0.235931	0.120494	0.0295048	-0.0159506	-0.00263976	0.0914826	0.267749	0.505442	0.760929	0.994306	1.16397	1.23568	1.18574	1.01467	0.752853	0.441395	0.130991	-0.130842	-0.311506	-0.382294	-0.341306	-0.204946	0.0121977	0.267169	0.522739	0.744844	0.903777	0.98879	1.00518	0.983836	0.943858	0.890496	0.837625	0.795799	0.760809	0.749716	0.766925	0.799958	0.831659	0.85792	0.872107	0.87693	0.872423	0.853953	0.827344	0.816837	0.820729	0.833471	0.840587	0.818533	0.790559	0.7753	0.761278	0.738757	0.712069	0.664567	0.606027	0.552637	0.493779	0.431271	0.355302	0.260246	0.157281	0.0561912	-0.0427748	-0.134178	-0.205177	-0.240235	-0.229021	-0.181545	-0.114762	-0.0386694	0.04695	0.11971	0.167866	0.204664	0.217891	0.210949	0.184292	0.133841	0.075106	0	
0	0.0106376	0.0292619	0.0469233	0.0423408	0.0190951	0.00108855	0.0211861	0.0776453	0.150463	0.219046	0.285692	0.363208	0.449324	0.526217	0.564297	0.543885	0.468065	0.357669	0.252437	0.173397	0.141977	0.165892	0.260796	0.42651	0.64376	0.876907	1.08758	1.23568	1.2926	1.23789	1.0707	0.816078	0.512642	0.21087	-0.0434523	-0.215254	-0.276234	-0.228235	-0.0823435	0.142809	0.400754	0.659447	0.881559	1.04157	1.12818	1.14563	1.12085	1.08035	1.02507	0.968961	0.921156	0.881259	0.863656	0.877625	0.911895	0.941686	0.961871	0.972434	0.976351	0.969805	0.943771	0.910335	0.892431	0.886986	0.894425	0.900452	0.878539	0.845309	0.824407	0.800093	0.766605	0.731352	0.671515	0.600528	0.534683	0.461684	0.383296	0.296003	0.193007	0.0830705	-0.0168104	-0.102135	-0.169759	-0.216502	-0.230364	-0.197866	-0.131053	-0.0479655	0.0399576	0.128731	0.201513	0.250227	0.285238	0.296712	0.284	0.24711	0.183575	0.102451	0	
0	0.0094739	0.0275764	0.0442201	0.0435068	0.0253777	0.0154135	0.0431049	0.106213	0.187744	0.260465	0.330795	0.405188	0.487901	0.561518	0.595239	0.573992	0.495564	0.389312	0.286615	0.213644	0.185159	0.209889	0.29749	0.445443	0.640062	0.852676	1.04723	1.18574	1.23789	1.18585	1.02898	0.783352	0.489796	0.197158	-0.0466539	-0.206896	-0.256363	-0.201127	-0.0500738	0.172957	0.431821	0.687426	0.905998	1.0679	1.15726	1.16994	1.14319	1.10303	1.04826	0.995569	0.954714	0.924115	0.909082	0.917977	0.940665	0.961562	0.977946	0.987193	0.989639	0.985427	0.964068	0.935225	0.915432	0.905953	0.909155	0.913432	0.889107	0.849309	0.822305	0.790314	0.755225	0.719308	0.657035	0.580394	0.505137	0.422151	0.328733	0.229633	0.123207	0.0193124	-0.0650206	-0.126741	-0.159899	-0.167247	-0.149827	-0.10356	-0.0383407	0.0384686	0.121187	0.203936	0.271829	0.319662	0.356853	0.368128	0.345102	0.2963	0.221167	0.120529	0	
0	0.000989942	0.00898274	0.0200449	0.0150558	-0.000423301	-0.00710686	0.0212792	0.0863385	0.16514	0.239874	0.307055	0.37653	0.453362	0.517413	0.546614	0.517838	0.435897	0.327691	0.222804	0.146882	0.112024	0.126415	0.199491	0.325115	0.496645	0.690666	0.877526	1.01467	1.0707	1.02898	0.884804	0.655063	0.375885	0.0971007	-0.13154	-0.277229	-0.31946	-0.26136	-0.117695	0.0942196	0.344608	0.595035	0.812296	0.979829	1.07309	1.08761	1.05893	1.01727	0.970317	0.929638	0.900344	0.876882	0.85983	0.859167	0.876516	0.894477	0.907251	0.913682	0.920317	0.922239	0.907744	0.885473	0.872691	0.870205	0.875364	0.880455	0.852948	0.810142	0.776043	0.742001	0.712753	0.68158	0.626571	0.546568	0.461202	0.366236	0.262543	0.163075	0.062252	-0.0242547	-0.0795715	-0.104985	-0.0995624	-0.0722138	-0.0267013	0.0331024	0.094302	0.155842	0.220357	0.285156	0.340433	0.384282	0.418161	0.420118	0.38122	0.317148	0.230983	0.121998	0	
0	-0.0131566	-0.0178696	-0.0190543	-0.0288414	-0.0450652	-0.0514067	-0.0238474	0.0331818	0.106972	0.174416	0.236674	0.298798	0.364109	0.41768	0.435137	0.396146	0.306006	0.189855	0.0764779	-0.00898583	-0.0616501	-0.0620956	-0.0105397	0.0949536	0.245726	0.426874	0.610455	0.752853	0.816078	0.783352	0.655063	0.442765	0.184265	-0.0718696	-0.279241	-0.411105	-0.446204	-0.39712	-0.270572	-0.079278	0.157194	0.398813	0.616053	0.786309	0.885645	0.908076	0.885714	0.856701	0.826129	0.797222	0.770825	0.748015	0.722696	0.71296	0.722578	0.739421	0.756571	0.773189	0.786147	0.791147	0.781895	0.76793	0.762914	0.766701	0.778969	0.788253	0.769526	0.73211	0.697316	0.666292	0.640552	0.613838	0.562054	0.483209	0.394689	0.293921	0.192091	0.101784	0.0234235	-0.031213	-0.055791	-0.0483841	-0.0101507	0.047784	0.116366	0.186268	0.244308	0.295776	0.348924	0.39199	0.421913	0.446932	0.460135	0.442062	0.386485	0.306744	0.21435	0.111275	0	
0	-0.0285552	-0.0494519	-0.0608794	-0.0772635	-0.0921991	-0.0963818	-0.0725984	-0.021782	0.0395574	0.10022	0.15381	0.207437	0.258855	0.296843	0.296046	0.242373	0.134921	0.0055345	-0.123129	-0.22697	-0.299075	-0.321803	-0.288459	-0.199737	-0.0630346	0.108834	0.293923	0.441395	0.512642	0.489796	0.375885	0.184265	-0.0472709	-0.281091	-0.46832	-0.588156	-0.626994	-0.590251	-0.482035	-0.31595	-0.0958552	0.13424	0.345224	0.512531	0.622329	0.658787	0.65556	0.644443	0.635681	0.617568	0.594265	0.563683	0.526669	0.502606	0.50363	0.521987	0.549226	0.576884	0.600176	0.615931	0.616297	0.606248	0.597659	0.602963	0.617061	0.635751	0.633681	0.61467	0.588376	0.557923	0.531789	0.498543	0.44817	0.375055	0.293253	0.208351	0.126597	0.0573169	0.00454335	-0.0165955	-0.00533308	0.0314127	0.0923355	0.171954	0.260377	0.340689	0.400043	0.448452	0.489375	0.509319	0.508448	0.499051	0.482421	0.438018	0.364689	0.284529	0.195406	0.0959395	0	
0	-0.0413916	-0.0738242	-0.0927154	-0.11028	-0.120184	-0.119352	-0.095845	-0.0521916	-0.00285196	0.0499452	0.094699	0.141418	0.178775	0.198009	0.178551	0.101152	-0.0245491	-0.17745	-0.32725	-0.455208	-0.554288	-0.60057	-0.585614	-0.509005	-0.379566	-0.211553	-0.0240365	0.130991	0.21087	0.197158	0.0971007	-0.0718696	-0.281091	-0.493574	-0.666659	-0.785994	-0.832993	-0.810081	-0.72691	-0.581208	-0.379576	-0.164891	0.0393861	0.208377	0.327195	0.386456	0.406462	0.416341	0.42423	0.414291	0.390908	0.355914	0.310561	0.274175	0.265358	0.279009	0.308139	0.344885	0.384114	0.412412	0.420721	0.40922	0.397135	0.398153	0.412769	0.438581	0.454564	0.457971	0.440406	0.414068	0.380741	0.339012	0.288364	0.223186	0.158085	0.0940538	0.0452279	0.00991238	-0.00965529	0.00477844	0.0495094	0.119005	0.203494	0.298677	0.398088	0.481751	0.538127	0.579295	0.61229	0.616056	0.58354	0.538951	0.48825	0.416925	0.337542	0.258194	0.172515	0.0873354	0	
0	-0.0513363	-0.0912468	-0.112796	-0.125776	-0.125099	-0.113603	-0.083937	-0.0430118	0.000471728	0.0478964	0.0893954	0.132822	0.15763	0.160268	0.11546	0.0137483	-0.138919	-0.319259	-0.49413	-0.649738	-0.772917	-0.840741	-0.840089	-0.767819	-0.642915	-0.476721	-0.290134	-0.130842	-0.0434523	-0.0466539	-0.13154	-0.279241	-0.46832	-0.666659	-0.839206	-0.965792	-1.02846	-1.02644	-0.964536	-0.841048	-0.664794	-0.463588	-0.262407	-0.0910108	0.0476895	0.134112	0.17425	0.196069	0.212398	0.20702	0.186536	0.148985	0.0994148	0.0577082	0.0377774	0.0424159	0.0715501	0.117271	0.162854	0.194788	0.207144	0.198386	0.18707	0.187491	0.203523	0.230356	0.2522	0.260855	0.246137	0.219919	0.184081	0.142386	0.0938058	0.0398125	-0.00981674	-0.0490309	-0.0632522	-0.0614252	-0.0360363	0.0221219	0.103007	0.197088	0.296844	0.403301	0.50562	0.587318	0.64061	0.676223	0.698007	0.68627	0.63455	0.562496	0.480868	0.386337	0.301224	0.228421	0.150382	0.0752724	0	
0	-0.0545658	-0.0932233	-0.110411	-0.109099	-0.0928812	-0.0629981	-0.0225837	0.0213429	0.0635802	0.107085	0.149605	0.189625	0.205954	0.19011	0.120246	-0.00855665	-0.189311	-0.39741	-0.597076	-0.776523	-0.919069	-1.00451	-1.01225	-0.944128	-0.819005	-0.657341	-0.473047	-0.311506	-0.215254	-0.206896	-0.277229	-0.411105	-0.588156	-0.785994	-0.965792	-1.10816	-1.1906	-1.20965	-1.17244	-1.07607	-0.924554	-0.736782	-0.537256	-0.352187	-0.192429	-0.0832148	-0.0241688	0.00928309	0.0282383	0.0257342	0.00895078	-0.0282964	-0.0760454	-0.12367	-0.151449	-0.150791	-0.121505	-0.0799086	-0.04002	-0.0095934	0.000898411	-0.00676366	-0.0142515	-0.00872213	0.00779062	0.027739	0.0404022	0.039971	0.0217862	-0.00707123	-0.0429063	-0.0774376	-0.117286	-0.160651	-0.198206	-0.217936	-0.200617	-0.157986	-0.0882657	0.0143065	0.13442	0.251003	0.35638	0.461084	0.563602	0.643722	0.690359	0.71818	0.728954	0.70685	0.641992	0.551971	0.456519	0.351477	0.262239	0.192225	0.11995	0.0578849	0	
0	-0.0524962	-0.0870807	-0.0901174	-0.0729366	-0.0324661	0.0177647	0.0757499	0.129884	0.175327	0.222585	0.267691	0.309323	0.319839	0.286587	0.192607	0.0358109	-0.172596	-0.405685	-0.625635	-0.821651	-0.973156	-1.06815	-1.07845	-1.00917	-0.884451	-0.724507	-0.544745	-0.382294	-0.276234	-0.256363	-0.31946	-0.446204	-0.626994	-0.832993	-1.02846	-1.1906	-1.29424	-1.33689	-1.32817	-1.25936	-1.13566	-0.960541	-0.757294	-0.558414	-0.380638	-0.252164	-0.179521	-0.139985	-0.11856	-0.112484	-0.1224	-0.157625	-0.207321	-0.256104	-0.286187	-0.29283	-0.273172	-0.240176	-0.203485	-0.179052	-0.171138	-0.176396	-0.177955	-0.173846	-0.166427	-0.156762	-0.159482	-0.17213	-0.196191	-0.233202	-0.275689	-0.31028	-0.344347	-0.37454	-0.393014	-0.389572	-0.345922	-0.268262	-0.158856	-0.022917	0.123971	0.257373	0.365618	0.462946	0.555992	0.632442	0.678817	0.69569	0.68793	0.656838	0.590536	0.500627	0.406573	0.303869	0.218079	0.149201	0.0817084	0.0359414	0	
0	-0.0474954	-0.069166	-0.0580584	-0.0147344	0.0483109	0.124121	0.202665	0.269057	0.325032	0.37344	0.423726	0.463277	0.467204	0.415337	0.296547	0.111827	-0.119769	-0.371044	-0.602353	-0.799393	-0.950382	-1.04086	-1.04764	-0.975186	-0.845592	-0.685175	-0.508799	-0.341306	-0.228235	-0.201127	-0.26136	-0.39712	-0.590251	-0.810081	-1.02644	-1.20965	-1.33689	-1.41137	-1.43317	-1.392	-1.29145	-1.12327	-0.919063	-0.71114	-0.526846	-0.391123	-0.30696	-0.252521	-0.222698	-0.206377	-0.208934	-0.238489	-0.281857	-0.326349	-0.363029	-0.382329	-0.375951	-0.351336	-0.321237	-0.294491	-0.282793	-0.286572	-0.293469	-0.305241	-0.312115	-0.317415	-0.333542	-0.357351	-0.38605	-0.433574	-0.491575	-0.532794	-0.566451	-0.583581	-0.573867	-0.538004	-0.467955	-0.366788	-0.240434	-0.0920046	0.0667278	0.204608	0.313779	0.404809	0.485013	0.551966	0.588788	0.59471	0.575398	0.535412	0.472819	0.39414	0.314784	0.233964	0.16268	0.0996562	0.043491	0.0142254	0	
0	-0.0395611	-0.049928	-0.0175633	0.0478454	0.137185	0.235659	0.334992	0.417174	0.482986	0.534438	0.585514	0.619284	0.612951	0.541562	0.39567	0.188595	-0.0638413	-0.321815	-0.552575	-0.739421	-0.874722	-0.951548	-0.949065	-0.867106	-0.728639	-0.561729	-0.376998	-0.204946	-0.0823435	-0.0500738	-0.117695	-0.270572	-0.482035	-0.72691	-0.964536	-1.17244	-1.32817	-1.43317	-1.47792	-1.46275	-1.37834	-1.22488	-1.0312	-0.829243	-0.644573	-0.503853	-0.405002	-0.338562	-0.299243	-0.27128	-0.26126	-0.274856	-0.306811	-0.350808	-0.39572	-0.429202	-0.437169	-0.421519	-0.386672	-0.350566	-0.337818	-0.346285	-0.364898	-0.390618	-0.416413	-0.435903	-0.46789	-0.504732	-0.538921	-0.599563	-0.669581	-0.719909	-0.753022	-0.757126	-0.721414	-0.653521	-0.558644	-0.440226	-0.313135	-0.176055	-0.0287297	0.103993	0.209338	0.290099	0.359471	0.410384	0.426692	0.414662	0.38073	0.341288	0.294818	0.234604	0.180067	0.130122	0.0836157	0.0463973	0.014732	-0.00140725	0	
0	-0.0334541	-0.0330774	0.0176374	0.103426	0.214368	0.331882	0.448668	0.546835	0.620529	0.67581	0.72059	0.745575	0.724922	0.632119	0.465514	0.23755	-0.0234984	-0.27878	-0.498527	-0.662624	-0.77543	-0.831602	-0.812449	-0.717578	-0.561032	-0.373462	-0.173165	0.0121977	0.142809	0.172957	0.0942196	-0.079278	-0.31595	-0.581208	-0.841048	-1.07607	-1.25936	-1.392	-1.46275	-1.46793	-1.39963	-1.26883	-1.09574	-0.906157	-0.731604	-0.595936	-0.490811	-0.412588	-0.360363	-0.318551	-0.290003	-0.284529	-0.310374	-0.356436	-0.407768	-0.452539	-0.470032	-0.453812	-0.411498	-0.372302	-0.359792	-0.372252	-0.396372	-0.432984	-0.471045	-0.503467	-0.554733	-0.60775	-0.655491	-0.72266	-0.79743	-0.851225	-0.880185	-0.874714	-0.817845	-0.729133	-0.619488	-0.491594	-0.369369	-0.252107	-0.13139	-0.018988	0.0722483	0.136528	0.184168	0.214803	0.209501	0.17093	0.126079	0.0932306	0.0632538	0.0324206	0.0111514	-0.00324893	-0.0134344	-0.0183131	-0.0187034	-0.0119674	0	
0	-0.0267511	-0.0149858	0.0524356	0.156887	0.284909	0.416911	0.546977	0.656903	0.735909	0.788659	0.818763	0.826216	0.781569	0.667539	0.479549	0.239445	-0.02069	-0.262403	-0.457362	-0.589973	-0.6729	-0.699188	-0.661439	-0.545798	-0.366768	-0.153785	0.0681512	0.267169	0.400754	0.431821	0.344608	0.157194	-0.0958552	-0.379576	-0.664794	-0.924554	-1.13566	-1.29145	-1.37834	-1.39963	-1.35307	-1.25342	-1.11064	-0.948329	-0.789315	-0.65909	-0.551089	-0.468676	-0.403122	-0.347507	-0.305289	-0.288327	-0.308828	-0.352898	-0.408728	-0.457225	-0.477055	-0.461578	-0.4218	-0.383048	-0.367947	-0.380647	-0.406302	-0.446137	-0.491165	-0.538829	-0.608686	-0.678257	-0.738648	-0.806125	-0.874399	-0.919755	-0.936981	-0.9178	-0.847511	-0.74995	-0.637728	-0.517767	-0.41215	-0.317445	-0.226283	-0.144977	-0.0810142	-0.0418571	-0.0209516	-0.0160863	-0.0419619	-0.0926337	-0.143977	-0.176444	-0.188495	-0.192848	-0.185455	-0.16127	-0.128976	-0.0895392	-0.0496583	-0.021214	0	
