0	0	0	0	0	0	0	0	0	0	0	0	0	0	0	0	0	0	0	0	0	0	0	0	0	0	0	0	0	0	0	0	0	0	0	0	0	0	0	0	0	0	0	0	0	0	0	0	0	0	0	0	0	0	0	0	0	0	0	0	0	0	0	0	0	0	0	0	0	0	0	0	0	0	0	0	0	0	0	0	0	0	0	0	0	0	0	0	0	0	0	0	0	0	0	0	0	0	0	0	
0	-0.0147175	-0.02623	-0.0337149	-0.0390287	-0.0406597	-0.041098	-0.0432888	-0.053812	-0.0752997	-0.111332	-0.161715	-0.222688	-0.287269	-0.346732	-0.396606	-0.432785	-0.455361	-0.461178	-0.448829	-0.423313	-0.391608	-0.359738	-0.328397	-0.297211	-0.265162	-0.228721	-0.192924	-0.164158	-0.144012	-0.135299	-0.137812	-0.151034	-0.167468	-0.183085	-0.194659	-0.200042	-0.199346	-0.198543	-0.196306	-0.190825	-0.176685	-0.154656	-0.128481	-0.103775	-0.0862905	-0.0763348	-0.0734777	-0.0777586	-0.0863489	-0.0964256	-0.104157	-0.106058	-0.101255	-0.0875735	-0.0705209	-0.0552183	-0.0420702	-0.0339224	-0.0298952	-0.0292813	-0.0352807	-0.04238	-0.0465312	-0.0491088	-0.0489241	-0.041585	-0.0256688	0.000654039	0.0373704	0.0827507	0.135058	0.190843	0.241844	0.283625	0.313115	0.328123	0.330966	0.322242	0.305347	0.284095	0.261238	0.230732	0.192534	0.15043	0.100387	0.0502746	0.00904852	-0.0178496	-0.0266755	-0.018986	0.00215455	0.026412	0.0447165	0.0546778	0.0536572	0.0434933	0.0297651	0.0148818	0	
0	-0.02623	-0.0465715	-0.0590008	-0.068359	-0.0705215	-0.0711281	-0.0751999	-0.0948453	-0.136406	-0.203611	-0.299902	-0.413794	-0.536575	-0.649072	-0.745624	-0.818829	-0.868455	-0.888197	-0.873639	-0.831318	-0.775528	-0.715158	-0.653376	-0.591704	-0.52758	-0.458476	-0.391707	-0.33821	-0.301631	-0.281475	-0.281197	-0.299162	-0.323616	-0.350059	-0.373641	-0.387699	-0.393456	-0.397315	-0.396068	-0.386563	-0.358598	-0.31527	-0.265079	-0.219922	-0.185598	-0.16588	-0.155358	-0.155985	-0.163795	-0.179741	-0.192477	-0.20117	-0.202283	-0.185609	-0.159581	-0.133953	-0.106014	-0.0818684	-0.0664993	-0.0616667	-0.0716349	-0.0863667	-0.0967706	-0.106166	-0.111178	-0.0992235	-0.069281	-0.0172439	0.0517768	0.138047	0.237307	0.341397	0.439356	0.521703	0.586267	0.622793	0.635187	0.6265	0.5976	0.556672	0.506159	0.439661	0.364191	0.285141	0.196393	0.11163	0.0424495	-0.00584777	-0.0270835	-0.0225136	0.0026832	0.0350759	0.0628272	0.0805322	0.0829935	0.0716622	0.0519799	0.0267164	0	
0	-0.0337149	-0.0590008	-0.0746291	-0.0865924	-0.0905518	-0.0925338	-0.09978	-0.129401	-0.187262	-0.281629	-0.411839	-0.567846	-0.732979	-0.886287	-1.01987	-1.12574	-1.20465	-1.24527	-1.23768	-1.18973	-1.11635	-1.03291	-0.943683	-0.853047	-0.763866	-0.669774	-0.583258	-0.516849	-0.468175	-0.439083	-0.429056	-0.441566	-0.464204	-0.493639	-0.525138	-0.550579	-0.564695	-0.576934	-0.579727	-0.568125	-0.530571	-0.473338	-0.409071	-0.351092	-0.309289	-0.278888	-0.255775	-0.243014	-0.241147	-0.25227	-0.272148	-0.293407	-0.308624	-0.302241	-0.280088	-0.249977	-0.21082	-0.173796	-0.142866	-0.12363	-0.129742	-0.147781	-0.164341	-0.180303	-0.188841	-0.174826	-0.134147	-0.0631484	0.035513	0.156465	0.294829	0.442946	0.581506	0.70171	0.796685	0.858009	0.887726	0.881214	0.842116	0.779368	0.703679	0.606351	0.497122	0.393466	0.284571	0.184484	0.104707	0.0460197	0.0106206	-0.00414566	0.00435781	0.0246518	0.0461513	0.0686476	0.0813139	0.0782045	0.0627674	0.0349532	0	
0	-0.0390287	-0.068359	-0.0865924	-0.103343	-0.111345	-0.117983	-0.130785	-0.1687	-0.240266	-0.349921	-0.502511	-0.680109	-0.870214	-1.04544	-1.20241	-1.33305	-1.43845	-1.50193	-1.50769	-1.45843	-1.37425	-1.27103	-1.15786	-1.04583	-0.937913	-0.83273	-0.740312	-0.672233	-0.624651	-0.589738	-0.57217	-0.57572	-0.588761	-0.612753	-0.643887	-0.670491	-0.689296	-0.707261	-0.716415	-0.711067	-0.675332	-0.617142	-0.550052	-0.491309	-0.444626	-0.409249	-0.374833	-0.349205	-0.334484	-0.343508	-0.364102	-0.396212	-0.429612	-0.437847	-0.425967	-0.403948	-0.363563	-0.315283	-0.271542	-0.24113	-0.238099	-0.248351	-0.257281	-0.269946	-0.279492	-0.262352	-0.213488	-0.125132	-0.00595155	0.142424	0.313281	0.493871	0.665497	0.813997	0.935695	1.01385	1.05198	1.04979	1.00523	0.931174	0.835733	0.713933	0.58724	0.472019	0.35684	0.256832	0.177217	0.112376	0.0634255	0.0290247	0.0133085	0.0116522	0.0195362	0.036826	0.0527001	0.0584508	0.0517275	0.0299723	0	
0	-0.0406597	-0.0705215	-0.0905518	-0.111345	-0.125378	-0.137851	-0.155832	-0.200478	-0.276902	-0.393328	-0.549788	-0.733719	-0.928018	-1.10967	-1.27627	-1.42254	-1.54922	-1.63474	-1.65409	-1.61013	-1.52033	-1.40766	-1.28304	-1.16054	-1.04981	-0.943838	-0.855104	-0.793715	-0.748373	-0.714011	-0.690328	-0.686059	-0.689903	-0.70339	-0.725324	-0.745788	-0.759467	-0.780119	-0.798124	-0.805485	-0.782693	-0.733999	-0.673494	-0.616026	-0.570803	-0.530502	-0.489753	-0.456738	-0.439215	-0.446768	-0.475115	-0.517095	-0.56039	-0.578436	-0.575869	-0.560566	-0.52561	-0.483396	-0.437671	-0.398567	-0.387436	-0.389486	-0.388092	-0.389228	-0.386035	-0.355856	-0.29267	-0.190612	-0.0543292	0.110961	0.298102	0.496114	0.680087	0.840776	0.971545	1.06035	1.11054	1.11381	1.07148	0.995086	0.899713	0.77617	0.64284	0.526779	0.411422	0.310168	0.230281	0.162834	0.10563	0.055529	0.022314	0.00247215	-0.00813423	-0.00198334	0.00988423	0.0171945	0.0200725	0.0130662	0	
0	-0.041098	-0.0711281	-0.0925338	-0.117983	-0.137851	-0.154321	-0.173873	-0.215639	-0.287011	-0.392226	-0.537472	-0.707285	-0.890964	-1.06428	-1.2305	-1.38454	-1.52781	-1.63149	-1.66745	-1.63219	-1.5491	-1.4411	-1.32117	-1.20694	-1.10363	-1.00704	-0.925128	-0.868108	-0.827349	-0.791561	-0.765618	-0.75607	-0.749509	-0.75006	-0.757196	-0.76397	-0.771977	-0.795966	-0.8289	-0.857869	-0.854555	-0.820156	-0.764694	-0.708922	-0.660656	-0.619722	-0.578726	-0.549723	-0.536639	-0.555634	-0.591484	-0.641912	-0.693987	-0.716125	-0.714863	-0.703482	-0.672262	-0.630149	-0.588747	-0.556168	-0.549052	-0.548916	-0.537578	-0.52232	-0.499509	-0.447056	-0.361014	-0.237718	-0.0906383	0.0742481	0.252615	0.436562	0.608663	0.760479	0.891178	0.986487	1.04869	1.07106	1.04781	0.990334	0.907305	0.790423	0.665641	0.553462	0.43861	0.336733	0.252253	0.178692	0.116047	0.0614604	0.0212362	-0.00920383	-0.0340547	-0.0464576	-0.0500859	-0.0476788	-0.0361725	-0.0199932	0	
0	-0.0432888	-0.0751999	-0.09978	-0.130785	-0.155832	-0.173873	-0.187899	-0.218487	-0.270549	-0.352267	-0.469396	-0.612847	-0.771824	-0.926763	-1.08127	-1.23346	-1.38152	-1.49644	-1.543	-1.52171	-1.45419	-1.36762	-1.27238	-1.182	-1.10144	-1.02018	-0.947173	-0.894493	-0.852937	-0.816017	-0.784927	-0.767844	-0.75039	-0.735191	-0.727299	-0.723565	-0.727836	-0.760287	-0.810114	-0.860213	-0.877143	-0.855313	-0.807775	-0.754987	-0.710004	-0.671349	-0.635492	-0.61181	-0.610064	-0.640575	-0.692299	-0.756875	-0.817912	-0.843939	-0.842074	-0.826824	-0.792943	-0.755114	-0.716687	-0.688412	-0.687449	-0.69164	-0.675112	-0.644181	-0.597059	-0.514658	-0.401631	-0.263697	-0.116385	0.0349998	0.187599	0.338245	0.47507	0.601584	0.71917	0.81552	0.891956	0.933726	0.933197	0.898436	0.841253	0.74919	0.6408	0.54232	0.434925	0.33244	0.245691	0.168587	0.102256	0.0429423	-0.00379635	-0.0430837	-0.082169	-0.10918	-0.122498	-0.121293	-0.0967371	-0.0541609	0	
0	-0.053812	-0.0948453	-0.129401	-0.1687	-0.200478	-0.215639	-0.218487	-0.226473	-0.248763	-0.293979	-0.372809	-0.479385	-0.605349	-0.732146	-0.865204	-1.00163	-1.14235	-1.25408	-1.30597	-1.29574	-1.25017	-1.19397	-1.13327	-1.07776	-1.02572	-0.96679	-0.907368	-0.860837	-0.822197	-0.781754	-0.744239	-0.715619	-0.683255	-0.653876	-0.634113	-0.625406	-0.633553	-0.673882	-0.738113	-0.802868	-0.832101	-0.822299	-0.784365	-0.742907	-0.710823	-0.685109	-0.66029	-0.648654	-0.656797	-0.701531	-0.767887	-0.84823	-0.923633	-0.959454	-0.960985	-0.945337	-0.910086	-0.866319	-0.826449	-0.797712	-0.792934	-0.787454	-0.756574	-0.705532	-0.636238	-0.538824	-0.416418	-0.276863	-0.139107	-0.0124086	0.106339	0.22272	0.328413	0.426597	0.520442	0.602394	0.672739	0.718576	0.733066	0.723538	0.694795	0.632322	0.555212	0.479992	0.389793	0.298422	0.21358	0.134914	0.0636496	-0.00310643	-0.0582499	-0.106578	-0.151939	-0.181728	-0.192189	-0.180277	-0.139664	-0.077115	0	
0	-0.0752997	-0.136406	-0.187262	-0.240266	-0.276902	-0.287011	-0.270549	-0.248763	-0.23279	-0.235385	-0.271311	-0.337355	-0.426168	-0.519891	-0.621997	-0.733814	-0.853477	-0.954274	-1.00361	-1.004	-0.980187	-0.955501	-0.930426	-0.909369	-0.887703	-0.853944	-0.812696	-0.777048	-0.74136	-0.697771	-0.649363	-0.606826	-0.561632	-0.522497	-0.500523	-0.495193	-0.508543	-0.555429	-0.622567	-0.689578	-0.723557	-0.719213	-0.692543	-0.668185	-0.654962	-0.649627	-0.645916	-0.650968	-0.67787	-0.740372	-0.824863	-0.921951	-1.01119	-1.058	-1.06668	-1.05505	-1.0207	-0.975939	-0.923629	-0.876016	-0.847101	-0.816567	-0.760121	-0.688279	-0.609813	-0.511418	-0.399816	-0.282569	-0.173723	-0.0722457	0.0256397	0.118075	0.198569	0.271497	0.338209	0.390452	0.434598	0.464845	0.476648	0.479759	0.479507	0.455594	0.414754	0.370227	0.303179	0.224495	0.146955	0.0695649	-0.00373928	-0.0746084	-0.136582	-0.185708	-0.225315	-0.243123	-0.23371	-0.202681	-0.148705	-0.0784583	0	
0	-0.111332	-0.203611	-0.281629	-0.349921	-0.393328	-0.392226	-0.352267	-0.293979	-0.235385	-0.193932	-0.185352	-0.211471	-0.261255	-0.318566	-0.386116	-0.466306	-0.561965	-0.646804	-0.693553	-0.70258	-0.697899	-0.698768	-0.702688	-0.710085	-0.716268	-0.708741	-0.688754	-0.665289	-0.632564	-0.581486	-0.521126	-0.463498	-0.408987	-0.368117	-0.34978	-0.351929	-0.373054	-0.419085	-0.483904	-0.54421	-0.572407	-0.567234	-0.54536	-0.531189	-0.53827	-0.557425	-0.581233	-0.616832	-0.672322	-0.760078	-0.868379	-0.986076	-1.09091	-1.1512	-1.16847	-1.15746	-1.11869	-1.05811	-0.984607	-0.90813	-0.843867	-0.778378	-0.696778	-0.610379	-0.527824	-0.445874	-0.36031	-0.272551	-0.190452	-0.117098	-0.0462745	0.0272815	0.0894405	0.138063	0.171854	0.191281	0.204681	0.209953	0.212989	0.22353	0.24057	0.242807	0.232754	0.215488	0.17458	0.116778	0.050849	-0.0187794	-0.0899547	-0.160193	-0.21589	-0.254057	-0.27435	-0.267365	-0.236528	-0.189242	-0.129648	-0.0664677	0	
0	-0.161715	-0.299902	-0.411839	-0.502511	-0.549788	-0.537472	-0.469396	-0.372809	-0.271311	-0.185352	-0.134604	-0.119422	-0.129307	-0.14846	-0.179004	-0.229175	-0.301056	-0.373453	-0.41879	-0.435215	-0.443928	-0.461286	-0.483568	-0.512235	-0.540463	-0.557393	-0.557808	-0.545459	-0.514238	-0.458243	-0.38805	-0.321958	-0.262756	-0.220703	-0.203669	-0.207037	-0.226078	-0.26875	-0.325248	-0.377311	-0.399813	-0.38943	-0.36542	-0.357637	-0.375622	-0.416051	-0.470875	-0.540501	-0.633662	-0.759063	-0.901597	-1.04764	-1.17472	-1.25004	-1.27113	-1.25305	-1.19727	-1.11071	-1.00041	-0.886149	-0.78714	-0.695534	-0.597264	-0.503494	-0.427436	-0.357573	-0.290528	-0.227772	-0.175353	-0.129203	-0.0828537	-0.0422111	-0.0134513	0.00356566	0.00845083	0.00156199	-0.00664551	-0.0123664	-0.0165062	-0.0088723	0.0115014	0.0255895	0.0332193	0.0368134	0.021703	-0.0113462	-0.05596	-0.109605	-0.166089	-0.220093	-0.260108	-0.276172	-0.273256	-0.250303	-0.207301	-0.157825	-0.10593	-0.0520379	0	
0	-0.222688	-0.413794	-0.567846	-0.680109	-0.733719	-0.707285	-0.612847	-0.479385	-0.337355	-0.211471	-0.119422	-0.0651146	-0.0347466	-0.017236	-0.0148677	-0.0399893	-0.0943239	-0.158255	-0.202062	-0.222214	-0.236031	-0.259206	-0.292029	-0.333584	-0.380005	-0.417261	-0.435411	-0.433953	-0.407092	-0.351348	-0.281364	-0.210867	-0.148014	-0.0993384	-0.0726858	-0.0654632	-0.0762788	-0.107332	-0.155267	-0.19687	-0.211134	-0.193776	-0.168057	-0.1609	-0.190173	-0.248398	-0.327619	-0.428045	-0.55784	-0.719975	-0.903863	-1.09023	-1.24772	-1.3435	-1.36934	-1.33623	-1.25322	-1.13116	-0.985991	-0.839627	-0.71148	-0.598701	-0.49174	-0.397153	-0.32162	-0.262009	-0.209352	-0.163365	-0.128762	-0.10809	-0.0971251	-0.0925565	-0.101525	-0.122055	-0.149276	-0.175683	-0.193457	-0.205205	-0.209539	-0.20179	-0.185835	-0.171466	-0.156475	-0.137043	-0.123388	-0.123139	-0.135907	-0.159691	-0.192647	-0.225352	-0.242762	-0.241226	-0.223843	-0.1926	-0.154145	-0.11423	-0.0752228	-0.0380426	0	
0	-0.287269	-0.536575	-0.732979	-0.870214	-0.928018	-0.890964	-0.771824	-0.605349	-0.426168	-0.261255	-0.129307	-0.0347466	0.033779	0.0832469	0.109507	0.0990979	0.0518439	-0.00868869	-0.0542341	-0.0751714	-0.0896588	-0.112539	-0.14713	-0.193933	-0.247149	-0.294137	-0.323426	-0.330925	-0.314196	-0.270734	-0.210833	-0.144702	-0.0775621	-0.0164213	0.0289616	0.0559351	0.0637313	0.048218	0.015808	-0.0134638	-0.0198838	0.00103542	0.0285173	0.0327271	0.00075451	-0.0646725	-0.157816	-0.280281	-0.441427	-0.643551	-0.872434	-1.09915	-1.28864	-1.40455	-1.43454	-1.39059	-1.28919	-1.14133	-0.966203	-0.79157	-0.638963	-0.508245	-0.391358	-0.292514	-0.221148	-0.170683	-0.130635	-0.101621	-0.0881088	-0.0914905	-0.106863	-0.138141	-0.182847	-0.235506	-0.288441	-0.331279	-0.35816	-0.368995	-0.371248	-0.361806	-0.342354	-0.319241	-0.290229	-0.255014	-0.21866	-0.190019	-0.171348	-0.159953	-0.155698	-0.154958	-0.149975	-0.137132	-0.120458	-0.102281	-0.080092	-0.0590027	-0.0405287	-0.019516	0	
0	-0.346732	-0.649072	-0.886287	-1.04544	-1.10967	-1.06428	-0.926763	-0.732146	-0.519891	-0.318566	-0.14846	-0.017236	0.0832469	0.153402	0.191597	0.18215	0.135334	0.0719873	0.026082	0.00422714	-0.00825572	-0.0263719	-0.0574941	-0.0994966	-0.148924	-0.196516	-0.231058	-0.25023	-0.248719	-0.223899	-0.179809	-0.117897	-0.0467066	0.0270884	0.0893979	0.133985	0.158177	0.16091	0.147089	0.136882	0.143141	0.174571	0.207676	0.219141	0.192688	0.12957	0.0310469	-0.105868	-0.294295	-0.52851	-0.794674	-1.05825	-1.27542	-1.41221	-1.45284	-1.40791	-1.29631	-1.13435	-0.942573	-0.749405	-0.576241	-0.428359	-0.304875	-0.207787	-0.142825	-0.104549	-0.0816671	-0.0721629	-0.0782713	-0.102283	-0.141431	-0.196247	-0.261701	-0.33302	-0.399516	-0.451945	-0.485919	-0.501359	-0.501206	-0.482299	-0.450532	-0.407593	-0.357445	-0.302282	-0.243212	-0.190203	-0.140605	-0.0926502	-0.052056	-0.0186295	0.00643311	0.0206532	0.0264813	0.0250689	0.0217065	0.0184457	0.0124375	0.00708107	0	
0	-0.396606	-0.745624	-1.01987	-1.20241	-1.27627	-1.2305	-1.08127	-0.865204	-0.621997	-0.386116	-0.179004	-0.0148677	0.109507	0.191597	0.229176	0.215394	0.161631	0.0962936	0.0465571	0.0235839	0.0121833	0.00172717	-0.018282	-0.0448215	-0.0801902	-0.118931	-0.157974	-0.188878	-0.206949	-0.203016	-0.176628	-0.123449	-0.0538979	0.0226687	0.0919098	0.147456	0.184615	0.205892	0.214391	0.22596	0.252699	0.301085	0.352012	0.382711	0.374057	0.321348	0.224026	0.0741123	-0.136234	-0.395745	-0.690992	-0.979041	-1.21703	-1.37154	-1.42606	-1.38543	-1.27424	-1.1036	-0.899234	-0.693201	-0.50964	-0.358013	-0.239582	-0.153984	-0.100954	-0.0776525	-0.0708363	-0.0786298	-0.103463	-0.14786	-0.207132	-0.278457	-0.352344	-0.425936	-0.490205	-0.537912	-0.569743	-0.582496	-0.577224	-0.548863	-0.50065	-0.434304	-0.358469	-0.282158	-0.203241	-0.127569	-0.0530775	0.0262162	0.100254	0.16147	0.205273	0.221712	0.216058	0.193228	0.159169	0.122294	0.0817142	0.0416853	0	
0	-0.432785	-0.818829	-1.12574	-1.33305	-1.42254	-1.38454	-1.23346	-1.00163	-0.733814	-0.466306	-0.229175	-0.0399893	0.0990979	0.18215	0.215394	0.191953	0.13526	0.0667256	0.0161746	-0.00863236	-0.016055	-0.0139223	-0.015071	-0.0210534	-0.0383973	-0.0717233	-0.116673	-0.164644	-0.199815	-0.215602	-0.204811	-0.163018	-0.103088	-0.0343537	0.0307164	0.0853111	0.1291	0.161659	0.190415	0.229894	0.285146	0.366015	0.448416	0.506665	0.519247	0.477686	0.378921	0.221909	-0.000219684	-0.271651	-0.578782	-0.880041	-1.12935	-1.29592	-1.35693	-1.31668	-1.19692	-1.01892	-0.810526	-0.605607	-0.430973	-0.294104	-0.197948	-0.134006	-0.101663	-0.0934079	-0.101335	-0.126185	-0.169052	-0.229995	-0.301027	-0.380224	-0.451271	-0.513647	-0.560821	-0.591799	-0.608943	-0.60704	-0.587824	-0.545088	-0.484052	-0.403202	-0.312416	-0.218569	-0.117448	-0.0171414	0.0852277	0.187513	0.278472	0.355272	0.40853	0.429549	0.423359	0.386817	0.3273	0.253587	0.168718	0.0863402	0	
0	-0.455361	-0.868455	-1.20465	-1.43845	-1.54922	-1.52781	-1.38152	-1.14235	-0.853477	-0.561965	-0.301056	-0.0943239	0.0518439	0.135334	0.161631	0.13526	0.0755307	0.00761539	-0.045465	-0.0710361	-0.0732744	-0.0546301	-0.036079	-0.0215744	-0.0280172	-0.0583153	-0.113822	-0.17358	-0.222936	-0.250847	-0.255162	-0.227778	-0.182907	-0.129783	-0.0785323	-0.0311486	0.00701305	0.0448961	0.090926	0.156787	0.24821	0.364751	0.477986	0.563175	0.594213	0.561225	0.469333	0.312525	0.0884161	-0.182229	-0.491454	-0.792159	-1.03748	-1.19436	-1.24446	-1.1874	-1.05509	-0.870177	-0.668143	-0.483687	-0.336298	-0.23072	-0.166695	-0.136484	-0.127564	-0.139751	-0.169391	-0.214329	-0.274587	-0.346306	-0.422529	-0.494909	-0.550618	-0.594462	-0.617628	-0.622186	-0.613337	-0.58447	-0.537045	-0.47245	-0.398118	-0.309702	-0.212623	-0.1101	0.00438678	0.124705	0.244614	0.359442	0.455701	0.531899	0.588687	0.609833	0.602684	0.564041	0.485582	0.383083	0.262357	0.132887	0	
0	-0.461178	-0.888197	-1.24527	-1.50193	-1.63474	-1.63149	-1.49644	-1.25408	-0.954274	-0.646804	-0.373453	-0.158255	-0.00868869	0.0719873	0.0962936	0.0667256	0.00761539	-0.0615769	-0.115721	-0.141278	-0.135341	-0.101469	-0.065778	-0.0411167	-0.0429549	-0.0767519	-0.137962	-0.206471	-0.259477	-0.29577	-0.309515	-0.294304	-0.263457	-0.227005	-0.192625	-0.164389	-0.138217	-0.106093	-0.0511367	0.0384541	0.156426	0.29885	0.434433	0.536128	0.582445	0.56568	0.485336	0.338359	0.123096	-0.140689	-0.438898	-0.722566	-0.94146	-1.06803	-1.08487	-1.00089	-0.849249	-0.66483	-0.482277	-0.327758	-0.221052	-0.157907	-0.137352	-0.144402	-0.172394	-0.217313	-0.276101	-0.346783	-0.423164	-0.499086	-0.564592	-0.618152	-0.647043	-0.659573	-0.651055	-0.622959	-0.578376	-0.512747	-0.434183	-0.345706	-0.256569	-0.162403	-0.0638086	0.0414718	0.158569	0.280677	0.403389	0.514678	0.602177	0.670633	0.715821	0.7261	0.7115	0.664653	0.581495	0.468188	0.326194	0.170893	0	
0	-0.448829	-0.873639	-1.23768	-1.50769	-1.65409	-1.66745	-1.543	-1.30597	-1.00361	-0.693553	-0.41879	-0.202062	-0.0542341	0.026082	0.0465571	0.0161746	-0.045465	-0.115721	-0.170954	-0.194563	-0.181848	-0.137015	-0.0940375	-0.0665937	-0.0700301	-0.102652	-0.164618	-0.230463	-0.28285	-0.318761	-0.33636	-0.328123	-0.306827	-0.287319	-0.276683	-0.27082	-0.266456	-0.246158	-0.189511	-0.0938324	0.035213	0.185264	0.32588	0.437978	0.500943	0.500332	0.439209	0.306737	0.103325	-0.142696	-0.415863	-0.664134	-0.840177	-0.91821	-0.894317	-0.779036	-0.611746	-0.42887	-0.266324	-0.149804	-0.0868429	-0.0685378	-0.0933284	-0.153578	-0.229675	-0.31588	-0.413471	-0.512119	-0.60173	-0.670483	-0.715277	-0.736501	-0.728433	-0.702863	-0.650452	-0.579371	-0.496992	-0.397016	-0.28864	-0.182331	-0.0839454	0.0149205	0.116134	0.220812	0.327674	0.434581	0.536458	0.624585	0.690725	0.737707	0.765006	0.754425	0.721772	0.669931	0.584867	0.475877	0.340029	0.178632	0	
0	-0.423313	-0.831318	-1.18973	-1.45843	-1.61013	-1.63219	-1.52171	-1.29574	-1.004	-0.70258	-0.435215	-0.222214	-0.0751714	0.00422714	0.0235839	-0.00863236	-0.0710361	-0.141278	-0.194563	-0.216422	-0.200625	-0.154258	-0.111687	-0.0870423	-0.0890322	-0.115352	-0.167597	-0.226587	-0.271162	-0.302148	-0.317924	-0.312158	-0.301124	-0.301291	-0.315131	-0.335554	-0.351928	-0.347958	-0.305248	-0.219256	-0.101467	0.0381356	0.17538	0.292289	0.367089	0.384012	0.337802	0.218433	0.0335692	-0.187897	-0.423334	-0.624203	-0.745361	-0.770599	-0.702365	-0.55786	-0.373737	-0.193139	-0.0506204	0.039439	0.0666826	0.042398	-0.0316602	-0.142601	-0.271539	-0.408188	-0.544893	-0.667185	-0.761217	-0.81834	-0.838028	-0.823995	-0.77512	-0.705358	-0.610047	-0.49717	-0.376442	-0.251092	-0.130187	-0.0156705	0.0896902	0.191249	0.292026	0.389864	0.475289	0.549684	0.617291	0.669741	0.701168	0.720541	0.723022	0.691588	0.645826	0.587715	0.506562	0.408024	0.288971	0.153051	0	
0	-0.391608	-0.775528	-1.11635	-1.37425	-1.52033	-1.5491	-1.45419	-1.25017	-0.980187	-0.697899	-0.443928	-0.236031	-0.0896588	-0.00825572	0.0121833	-0.016055	-0.0732744	-0.135341	-0.181848	-0.200625	-0.186003	-0.144485	-0.106017	-0.0841419	-0.0827905	-0.099657	-0.143239	-0.194821	-0.233074	-0.257704	-0.268619	-0.266374	-0.264429	-0.281478	-0.315875	-0.355515	-0.392081	-0.413301	-0.396365	-0.338603	-0.243247	-0.120152	0.00777507	0.122025	0.200453	0.221627	0.182707	0.076083	-0.0872048	-0.275004	-0.464302	-0.611123	-0.678193	-0.651904	-0.542904	-0.370023	-0.168916	0.0172184	0.154669	0.225259	0.22447	0.169529	0.0606915	-0.0961503	-0.271997	-0.444808	-0.608061	-0.745094	-0.839393	-0.881107	-0.875739	-0.833606	-0.756401	-0.654547	-0.525243	-0.385241	-0.249386	-0.115509	0.00922114	0.119841	0.221532	0.317865	0.40953	0.493147	0.553562	0.597466	0.630229	0.643914	0.638267	0.624033	0.602575	0.558418	0.506626	0.44982	0.373047	0.285235	0.192894	0.0987127	0	
0	-0.359738	-0.715158	-1.03291	-1.27103	-1.40766	-1.4411	-1.36762	-1.19397	-0.955501	-0.698768	-0.461286	-0.259206	-0.112539	-0.0263719	0.00172717	-0.0139223	-0.0546301	-0.101469	-0.137015	-0.154258	-0.144485	-0.109975	-0.075626	-0.0543888	-0.0487028	-0.0589465	-0.0956321	-0.143212	-0.178713	-0.199392	-0.21223	-0.216652	-0.225094	-0.253723	-0.298852	-0.349956	-0.404433	-0.449814	-0.463449	-0.434138	-0.362664	-0.261249	-0.153616	-0.0576704	0.00674121	0.021703	-0.0136526	-0.106115	-0.242894	-0.395314	-0.537984	-0.635316	-0.652075	-0.578129	-0.431284	-0.232989	-0.0127203	0.183294	0.320771	0.387561	0.380051	0.31027	0.179614	-0.00190628	-0.199846	-0.388424	-0.556662	-0.687336	-0.770555	-0.801785	-0.788896	-0.737162	-0.649661	-0.539419	-0.406226	-0.267251	-0.138129	-0.0202285	0.0872933	0.188556	0.282557	0.364845	0.438973	0.501056	0.534511	0.550971	0.558751	0.544897	0.50907	0.470257	0.431639	0.379158	0.32843	0.278897	0.214847	0.148795	0.0910499	0.0432245	0	
0	-0.328397	-0.653376	-0.943683	-1.15786	-1.28304	-1.32117	-1.27238	-1.13327	-0.930426	-0.702688	-0.483568	-0.292029	-0.14713	-0.0574941	-0.018282	-0.015071	-0.036079	-0.065778	-0.0940375	-0.111687	-0.106017	-0.075626	-0.0395795	-0.0157535	-0.00600774	-0.0111099	-0.0436599	-0.0905343	-0.127915	-0.153524	-0.17281	-0.185522	-0.199665	-0.230906	-0.279641	-0.340182	-0.410193	-0.477988	-0.516426	-0.508507	-0.457969	-0.380849	-0.30121	-0.235205	-0.196461	-0.195538	-0.234996	-0.3186	-0.432008	-0.549728	-0.647049	-0.693669	-0.661686	-0.547297	-0.370162	-0.150568	0.0853636	0.296281	0.448549	0.525788	0.521265	0.453587	0.326115	0.146942	-0.0458762	-0.221479	-0.369488	-0.484474	-0.556686	-0.58276	-0.570035	-0.526181	-0.456045	-0.365133	-0.259366	-0.153846	-0.0596046	0.0278334	0.110717	0.188334	0.261881	0.321833	0.371389	0.411053	0.423146	0.417213	0.402391	0.36825	0.317264	0.269513	0.228334	0.179702	0.134121	0.0958172	0.0559151	0.0226608	0.005114	0.00116948	0	
0	-0.297211	-0.591704	-0.853047	-1.04583	-1.16054	-1.20694	-1.182	-1.07776	-0.909369	-0.710085	-0.512235	-0.333584	-0.193933	-0.0994966	-0.0448215	-0.0210534	-0.0215744	-0.0411167	-0.0665937	-0.0870423	-0.0841419	-0.0543888	-0.0157535	0.0100343	0.0240453	0.0241284	-0.000984988	-0.0443295	-0.0848674	-0.11419	-0.137033	-0.152085	-0.165792	-0.198892	-0.255246	-0.327549	-0.412183	-0.494408	-0.545964	-0.55382	-0.522876	-0.472306	-0.426633	-0.396734	-0.387299	-0.407771	-0.458352	-0.538377	-0.637364	-0.730215	-0.791189	-0.798703	-0.730285	-0.581101	-0.374768	-0.134727	0.120546	0.350006	0.519771	0.611765	0.628706	0.586059	0.487246	0.340561	0.181901	0.0428479	-0.0720453	-0.160481	-0.219499	-0.246063	-0.244646	-0.222565	-0.184793	-0.14014	-0.0914153	-0.0455691	-0.00711486	0.034276	0.0829454	0.135953	0.183462	0.213195	0.234338	0.247042	0.234494	0.20768	0.177705	0.133584	0.0803429	0.03716	0.000968513	-0.03898	-0.0707245	-0.086554	-0.0909064	-0.0811118	-0.0570716	-0.0274071	0	
0	-0.265162	-0.52758	-0.763866	-0.937913	-1.04981	-1.10363	-1.10144	-1.02572	-0.887703	-0.716268	-0.540463	-0.380005	-0.247149	-0.148924	-0.0801902	-0.0383973	-0.0280172	-0.0429549	-0.0700301	-0.0890322	-0.0827905	-0.0487028	-0.00600774	0.0240453	0.0433756	0.051962	0.0354382	-0.00490611	-0.0481376	-0.0771823	-0.0962729	-0.10308	-0.113965	-0.148923	-0.212419	-0.293562	-0.385289	-0.472461	-0.538484	-0.564595	-0.55913	-0.539361	-0.525893	-0.527925	-0.549439	-0.592372	-0.658713	-0.748072	-0.845709	-0.929158	-0.973738	-0.95938	-0.86424	-0.689817	-0.460724	-0.19764	0.0780672	0.33231	0.529547	0.652643	0.701613	0.694792	0.64064	0.546569	0.444388	0.355829	0.285841	0.225911	0.180542	0.154352	0.143145	0.138557	0.130697	0.11644	0.0957024	0.0748374	0.0567424	0.047552	0.0491935	0.0590551	0.0662109	0.0583418	0.0451569	0.0268594	-0.00927822	-0.0553961	-0.0954453	-0.133984	-0.175153	-0.205542	-0.228547	-0.253669	-0.265767	-0.254466	-0.225071	-0.180032	-0.122372	-0.0601583	0	
0	-0.228721	-0.458476	-0.669774	-0.83273	-0.943838	-1.00704	-1.02018	-0.96679	-0.853944	-0.708741	-0.557393	-0.417261	-0.294137	-0.196516	-0.118931	-0.0717233	-0.0583153	-0.0767519	-0.102652	-0.115352	-0.099657	-0.0589465	-0.0111099	0.0241284	0.051962	0.0689901	0.0609392	0.0242603	-0.0158855	-0.0378552	-0.043505	-0.0417046	-0.0517105	-0.090642	-0.158224	-0.238602	-0.325721	-0.414745	-0.49087	-0.53672	-0.557357	-0.563517	-0.580724	-0.616889	-0.670467	-0.74029	-0.830539	-0.932342	-1.03939	-1.12711	-1.17064	-1.15021	-1.04747	-0.862562	-0.615581	-0.332335	-0.0305588	0.25704	0.494135	0.653391	0.741335	0.779746	0.776921	0.740221	0.69184	0.655788	0.633328	0.609408	0.583737	0.558836	0.534172	0.497546	0.445172	0.379633	0.303805	0.228255	0.155706	0.0925132	0.037928	-0.0107481	-0.0613887	-0.118321	-0.172651	-0.224613	-0.281997	-0.33842	-0.37611	-0.403926	-0.429418	-0.444131	-0.453372	-0.453967	-0.434845	-0.393083	-0.331228	-0.259339	-0.179134	-0.0893768	0	
0	-0.192924	-0.391707	-0.583258	-0.740312	-0.855104	-0.925128	-0.947173	-0.907368	-0.812696	-0.688754	-0.557808	-0.435411	-0.323426	-0.231058	-0.157974	-0.116673	-0.113822	-0.137962	-0.164618	-0.167597	-0.143239	-0.0956321	-0.0436599	-0.000984988	0.0354382	0.0609392	0.0610005	0.0343381	0.00423102	-0.00305228	0.00208577	0.00809558	-0.00637973	-0.0486465	-0.111767	-0.182155	-0.26082	-0.346242	-0.431093	-0.492815	-0.531284	-0.560217	-0.602684	-0.668438	-0.75305	-0.852208	-0.966289	-1.09113	-1.21627	-1.31617	-1.36825	-1.35093	-1.24612	-1.05465	-0.797003	-0.493093	-0.16605	0.158119	0.435672	0.637653	0.77106	0.853472	0.89641	0.90969	0.91283	0.91938	0.931106	0.932082	0.92098	0.899137	0.864135	0.804235	0.719383	0.614784	0.501203	0.392804	0.282612	0.168238	0.0505387	-0.0610432	-0.17178	-0.280548	-0.375831	-0.4617	-0.537084	-0.599725	-0.638996	-0.658686	-0.671604	-0.669457	-0.649752	-0.614758	-0.559531	-0.487032	-0.403465	-0.312177	-0.214248	-0.108526	0	
0	-0.164158	-0.33821	-0.516849	-0.672233	-0.793715	-0.868108	-0.894493	-0.860837	-0.777048	-0.665289	-0.545459	-0.433953	-0.330925	-0.25023	-0.188878	-0.164644	-0.17358	-0.206471	-0.230463	-0.226587	-0.194821	-0.143212	-0.0905343	-0.0443295	-0.00490611	0.0242603	0.0343381	0.0221383	0.00997809	0.0154885	0.0271401	0.0340392	0.0159956	-0.0223838	-0.0768144	-0.137377	-0.209239	-0.294069	-0.385966	-0.456961	-0.510107	-0.549937	-0.607221	-0.690522	-0.797973	-0.920927	-1.06211	-1.20927	-1.35444	-1.46876	-1.53277	-1.52409	-1.42198	-1.22995	-0.959002	-0.633261	-0.280431	0.0715897	0.380748	0.614001	0.779702	0.902487	0.99385	1.05737	1.09702	1.12632	1.15492	1.16733	1.16169	1.13968	1.09847	1.02526	0.923801	0.802172	0.66772	0.52959	0.385729	0.232733	0.0713374	-0.087398	-0.247898	-0.400185	-0.536134	-0.650843	-0.7364	-0.803355	-0.843242	-0.861853	-0.868214	-0.846481	-0.797011	-0.725441	-0.637819	-0.545828	-0.446842	-0.342084	-0.233788	-0.116513	0	
0	-0.144012	-0.301631	-0.468175	-0.624651	-0.748373	-0.827349	-0.852937	-0.822197	-0.74136	-0.632564	-0.514238	-0.407092	-0.314196	-0.248719	-0.206949	-0.199815	-0.222936	-0.259477	-0.28285	-0.271162	-0.233074	-0.178713	-0.127915	-0.0848674	-0.0481376	-0.0158855	0.00423102	0.00997809	0.011574	0.0208556	0.032928	0.0370376	0.0207492	-0.0137511	-0.0610849	-0.116088	-0.183334	-0.268271	-0.362372	-0.443436	-0.503365	-0.549017	-0.608144	-0.697143	-0.813551	-0.948538	-1.09868	-1.25466	-1.4097	-1.53559	-1.61849	-1.6239	-1.5305	-1.33594	-1.05316	-0.710807	-0.348475	0.0126033	0.33148	0.578669	0.770147	0.926372	1.05051	1.14399	1.20787	1.25209	1.28722	1.30381	1.30013	1.27367	1.22553	1.14493	1.04022	0.913343	0.770568	0.62016	0.451715	0.269742	0.081246	-0.103786	-0.290619	-0.469007	-0.628825	-0.764543	-0.860321	-0.926951	-0.968701	-0.982747	-0.974783	-0.939002	-0.87208	-0.783999	-0.684208	-0.580816	-0.47213	-0.358527	-0.243644	-0.121605	0	
0	-0.135299	-0.281475	-0.439083	-0.589738	-0.714011	-0.791561	-0.816017	-0.781754	-0.697771	-0.581486	-0.458243	-0.351348	-0.270734	-0.223899	-0.203016	-0.215602	-0.250847	-0.29577	-0.318761	-0.302148	-0.257704	-0.199392	-0.153524	-0.11419	-0.0771823	-0.0378552	-0.00305228	0.0154885	0.0208556	0.0251855	0.0277371	0.0285263	0.0077493	-0.0299338	-0.0788622	-0.132341	-0.198137	-0.280738	-0.378597	-0.463687	-0.525643	-0.565058	-0.61538	-0.695115	-0.803593	-0.930857	-1.06931	-1.21681	-1.36982	-1.50078	-1.59159	-1.60672	-1.51601	-1.32385	-1.04601	-0.713395	-0.364545	-0.0176753	0.294636	0.548387	0.750633	0.916672	1.05096	1.15406	1.22446	1.27354	1.31474	1.3375	1.33101	1.29726	1.23778	1.15033	1.04835	0.928211	0.794109	0.643033	0.471967	0.283877	0.0843825	-0.110154	-0.3064	-0.487049	-0.646004	-0.78075	-0.878243	-0.953394	-0.999518	-1.00895	-0.991399	-0.944238	-0.87448	-0.79349	-0.696261	-0.590546	-0.478996	-0.360865	-0.244922	-0.123655	0	
0	-0.137812	-0.281197	-0.429056	-0.57217	-0.690328	-0.765618	-0.784927	-0.744239	-0.649363	-0.521126	-0.38805	-0.281364	-0.210833	-0.179809	-0.176628	-0.204811	-0.255162	-0.309515	-0.33636	-0.317924	-0.268619	-0.21223	-0.17281	-0.137033	-0.0962729	-0.043505	0.00208577	0.0271401	0.032928	0.0277371	0.0243281	0.0150839	-0.018365	-0.0715474	-0.132905	-0.194281	-0.262557	-0.349265	-0.446296	-0.528495	-0.580211	-0.603023	-0.630901	-0.684951	-0.767329	-0.866608	-0.979383	-1.10819	-1.24865	-1.36873	-1.45506	-1.46321	-1.37165	-1.19117	-0.935457	-0.63273	-0.321211	-0.00881119	0.281193	0.521364	0.712691	0.870583	0.995213	1.08908	1.15479	1.20109	1.23894	1.25791	1.24687	1.20299	1.13529	1.04988	0.957493	0.850472	0.728156	0.589701	0.430527	0.256915	0.0749781	-0.108855	-0.287835	-0.443283	-0.579322	-0.696989	-0.789089	-0.865789	-0.920266	-0.93561	-0.918575	-0.880061	-0.822592	-0.755008	-0.671818	-0.572863	-0.462838	-0.34606	-0.231631	-0.114263	0	
0	-0.151034	-0.299162	-0.441566	-0.57572	-0.686059	-0.75607	-0.767844	-0.715619	-0.606826	-0.463498	-0.321958	-0.210867	-0.144702	-0.117897	-0.123449	-0.163018	-0.227778	-0.294304	-0.328123	-0.312158	-0.266374	-0.216652	-0.185522	-0.152085	-0.10308	-0.0417046	0.00809558	0.0340392	0.0370376	0.0285263	0.0150839	-0.00959861	-0.0614367	-0.135953	-0.212068	-0.282453	-0.358265	-0.447318	-0.540879	-0.617012	-0.65437	-0.654992	-0.647766	-0.658291	-0.693641	-0.756096	-0.837595	-0.943447	-1.0628	-1.16388	-1.22975	-1.22785	-1.13978	-0.974089	-0.748574	-0.487805	-0.219793	0.0472056	0.291964	0.495855	0.657474	0.787173	0.88707	0.961763	1.01438	1.04939	1.06938	1.06902	1.04042	0.992086	0.932123	0.860865	0.784436	0.688891	0.581843	0.462649	0.329686	0.191655	0.0499138	-0.0892491	-0.223458	-0.33897	-0.439576	-0.533832	-0.616328	-0.686422	-0.73862	-0.763163	-0.765053	-0.746685	-0.708901	-0.662662	-0.598388	-0.519835	-0.431733	-0.326557	-0.216389	-0.106074	0	
0	-0.167468	-0.323616	-0.464204	-0.588761	-0.689903	-0.749509	-0.75039	-0.683255	-0.561632	-0.408987	-0.262756	-0.148014	-0.0775621	-0.0467066	-0.0538979	-0.103088	-0.182907	-0.263457	-0.306827	-0.301124	-0.264429	-0.225094	-0.199665	-0.165792	-0.113965	-0.0517105	-0.00637973	0.0159956	0.0207492	0.0077493	-0.018365	-0.0614367	-0.133603	-0.224412	-0.313066	-0.391418	-0.468669	-0.553972	-0.639492	-0.703171	-0.723242	-0.693091	-0.640598	-0.598816	-0.589485	-0.616636	-0.667717	-0.744959	-0.832726	-0.904538	-0.9515	-0.944668	-0.862248	-0.71667	-0.522519	-0.299043	-0.0751182	0.13771	0.330561	0.488133	0.600044	0.682419	0.742434	0.782276	0.805301	0.809711	0.798094	0.773105	0.733457	0.68645	0.636768	0.587485	0.535317	0.465101	0.38446	0.296677	0.205864	0.118796	0.0346089	-0.0472256	-0.121724	-0.187512	-0.257258	-0.327995	-0.391313	-0.443444	-0.483169	-0.512404	-0.537301	-0.550363	-0.541745	-0.522041	-0.483661	-0.429636	-0.368313	-0.289351	-0.196954	-0.0978246	0	
0	-0.183085	-0.350059	-0.493639	-0.612753	-0.70339	-0.75006	-0.735191	-0.653876	-0.522497	-0.368117	-0.220703	-0.0993384	-0.0164213	0.0270884	0.0226687	-0.0343537	-0.129783	-0.227005	-0.287319	-0.301291	-0.281478	-0.253723	-0.230906	-0.198892	-0.148923	-0.090642	-0.0486465	-0.0223838	-0.0137511	-0.0299338	-0.0715474	-0.135953	-0.224412	-0.330085	-0.428468	-0.506868	-0.577819	-0.650649	-0.720092	-0.765371	-0.756467	-0.685718	-0.586804	-0.501038	-0.458017	-0.458985	-0.485009	-0.533226	-0.592879	-0.644197	-0.676636	-0.664993	-0.591905	-0.46354	-0.29725	-0.11432	0.0668753	0.23485	0.38	0.488442	0.5513	0.581529	0.583987	0.564723	0.536356	0.498147	0.450922	0.401278	0.353115	0.312245	0.278866	0.251594	0.225738	0.193811	0.163271	0.132126	0.0951571	0.063665	0.04146	0.0209832	0.00396907	-0.0165798	-0.0491725	-0.0902433	-0.134295	-0.168954	-0.199579	-0.235949	-0.277053	-0.312004	-0.3327	-0.344774	-0.334002	-0.302215	-0.265449	-0.217942	-0.156907	-0.0822793	0	
0	-0.194659	-0.373641	-0.525138	-0.643887	-0.725324	-0.757196	-0.727299	-0.634113	-0.500523	-0.34978	-0.203669	-0.0726858	0.0289616	0.0893979	0.0919098	0.0307164	-0.0785323	-0.192625	-0.276683	-0.315131	-0.315875	-0.298852	-0.279641	-0.255246	-0.212419	-0.158224	-0.111767	-0.0768144	-0.0610849	-0.0788622	-0.132905	-0.212068	-0.313066	-0.428468	-0.52976	-0.604457	-0.663726	-0.722329	-0.771814	-0.785648	-0.735375	-0.621631	-0.481623	-0.364825	-0.296779	-0.278647	-0.289028	-0.32537	-0.375101	-0.420239	-0.445466	-0.434028	-0.369413	-0.25852	-0.123335	0.0249146	0.174749	0.307292	0.413768	0.483073	0.497487	0.46923	0.410151	0.330465	0.245312	0.157386	0.0689179	-0.007295	-0.0607163	-0.0894868	-0.100146	-0.0997497	-0.089336	-0.0747819	-0.0513371	-0.0214578	0.00484358	0.0364563	0.0706882	0.102464	0.132184	0.14758	0.151695	0.147522	0.129195	0.105036	0.0747888	0.0317672	-0.018537	-0.0611734	-0.0984802	-0.13738	-0.155538	-0.150485	-0.1396	-0.122216	-0.093481	-0.0507838	0	
0	-0.200042	-0.387699	-0.550579	-0.670491	-0.745788	-0.76397	-0.723565	-0.625406	-0.495193	-0.351929	-0.207037	-0.0654632	0.0559351	0.133985	0.147456	0.0853111	-0.0311486	-0.164389	-0.27082	-0.335554	-0.355515	-0.349956	-0.340182	-0.327549	-0.293562	-0.238602	-0.182155	-0.137377	-0.116088	-0.132341	-0.194281	-0.282453	-0.391418	-0.506868	-0.604457	-0.667499	-0.715185	-0.75365	-0.773393	-0.744303	-0.6521	-0.50026	-0.3338	-0.190647	-0.103334	-0.0745957	-0.0873482	-0.129579	-0.185947	-0.235386	-0.263486	-0.263257	-0.219098	-0.135654	-0.0260362	0.100013	0.232102	0.343312	0.419594	0.445726	0.412544	0.337578	0.231692	0.101	-0.0353233	-0.171212	-0.29567	-0.389607	-0.442763	-0.458511	-0.448624	-0.416327	-0.366865	-0.305585	-0.232256	-0.153364	-0.074001	0.0134534	0.103005	0.17951	0.238748	0.279631	0.312088	0.339836	0.347655	0.336521	0.31472	0.27452	0.223195	0.18125	0.139626	0.0872264	0.0441486	0.0158359	-0.00800647	-0.0197573	-0.0161388	-0.00749329	0	
0	-0.199346	-0.393456	-0.564695	-0.689296	-0.759467	-0.771977	-0.727836	-0.633553	-0.508543	-0.373054	-0.226078	-0.0762788	0.0637313	0.158177	0.184615	0.1291	0.00701305	-0.138217	-0.266456	-0.351928	-0.392081	-0.404433	-0.410193	-0.412183	-0.385289	-0.325721	-0.26082	-0.209239	-0.183334	-0.198137	-0.262557	-0.358265	-0.468669	-0.577819	-0.663726	-0.715185	-0.741984	-0.748763	-0.723212	-0.646144	-0.51448	-0.33667	-0.147749	0.0111127	0.103893	0.127242	0.0961641	0.0388853	-0.0286528	-0.0888499	-0.13498	-0.157754	-0.144584	-0.0860379	0.00552372	0.119574	0.240291	0.335071	0.383644	0.37745	0.315396	0.20968	0.0659178	-0.104166	-0.277133	-0.438402	-0.575394	-0.677516	-0.728979	-0.736064	-0.708085	-0.657461	-0.584807	-0.491919	-0.386168	-0.266984	-0.147543	-0.0230103	0.098103	0.202539	0.287656	0.35154	0.411369	0.463078	0.48902	0.497061	0.495649	0.47362	0.43434	0.396433	0.354938	0.302151	0.246552	0.191562	0.1396	0.0978804	0.0693057	0.041728	0	
0	-0.198543	-0.397315	-0.576934	-0.707261	-0.780119	-0.795966	-0.760287	-0.673882	-0.555429	-0.419085	-0.26875	-0.107332	0.048218	0.16091	0.205892	0.161659	0.0448961	-0.106093	-0.246158	-0.347958	-0.413301	-0.449814	-0.477988	-0.494408	-0.472461	-0.414745	-0.346242	-0.294069	-0.268271	-0.280738	-0.349265	-0.447318	-0.553972	-0.650649	-0.722329	-0.75365	-0.748763	-0.70848	-0.632056	-0.509685	-0.344378	-0.140432	0.0630974	0.22228	0.303441	0.30157	0.24403	0.165023	0.0774946	-0.00543562	-0.0738557	-0.124339	-0.134769	-0.0940001	-0.0148117	0.0894773	0.199466	0.282878	0.317075	0.294086	0.216604	0.0962199	-0.0625759	-0.248844	-0.436929	-0.601921	-0.731554	-0.821375	-0.867866	-0.876083	-0.852518	-0.804918	-0.727514	-0.628325	-0.510315	-0.378531	-0.241821	-0.100986	0.029307	0.14942	0.251224	0.339895	0.427281	0.500026	0.546287	0.572585	0.598312	0.606146	0.588213	0.569135	0.539713	0.491147	0.4364	0.374039	0.302918	0.22981	0.156868	0.0818095	0	
0	-0.196306	-0.396068	-0.579727	-0.716415	-0.798124	-0.8289	-0.810114	-0.738113	-0.622567	-0.483904	-0.325248	-0.155267	0.015808	0.147089	0.214391	0.190415	0.090926	-0.0511367	-0.189511	-0.305248	-0.396365	-0.463449	-0.516426	-0.545964	-0.538484	-0.49087	-0.431093	-0.385966	-0.362372	-0.378597	-0.446296	-0.540879	-0.639492	-0.720092	-0.771814	-0.773393	-0.723212	-0.632056	-0.507703	-0.342644	-0.143145	0.0812666	0.282923	0.422582	0.471003	0.439598	0.351447	0.243123	0.124714	0.0151971	-0.0845831	-0.156786	-0.181879	-0.152886	-0.0790648	0.0214733	0.12248	0.197864	0.226466	0.197931	0.121978	0.00534705	-0.151524	-0.331127	-0.504008	-0.647008	-0.752229	-0.826929	-0.869919	-0.8849	-0.873466	-0.840577	-0.782686	-0.702938	-0.60292	-0.482515	-0.353725	-0.227969	-0.107697	0.0144112	0.130551	0.242306	0.348192	0.439468	0.510271	0.56415	0.618458	0.660233	0.678482	0.685694	0.676986	0.643221	0.593973	0.535624	0.460828	0.360423	0.241297	0.121042	0	
0	-0.190825	-0.386563	-0.568125	-0.711067	-0.805485	-0.857869	-0.860213	-0.802868	-0.689578	-0.54421	-0.377311	-0.19687	-0.0134638	0.136882	0.22596	0.229894	0.156787	0.0384541	-0.0938324	-0.219256	-0.338603	-0.434138	-0.508507	-0.55382	-0.564595	-0.53672	-0.492815	-0.456961	-0.443436	-0.463687	-0.528495	-0.617012	-0.703171	-0.765371	-0.785648	-0.744303	-0.646144	-0.509685	-0.342644	-0.141285	0.0844618	0.308771	0.487272	0.587303	0.600332	0.533907	0.410882	0.265157	0.111967	-0.0301434	-0.154783	-0.242524	-0.279262	-0.254973	-0.18298	-0.0850794	0.0119198	0.092929	0.126721	0.10333	0.0361347	-0.0653424	-0.19945	-0.350292	-0.491888	-0.599368	-0.67377	-0.735076	-0.782067	-0.805164	-0.803673	-0.793485	-0.766246	-0.72081	-0.652568	-0.565532	-0.471094	-0.373628	-0.27356	-0.157513	-0.040846	0.0747917	0.191032	0.297079	0.39251	0.477846	0.56083	0.634724	0.689293	0.729591	0.74936	0.738891	0.706031	0.650422	0.567452	0.451649	0.306693	0.155384	0	
0	-0.176685	-0.358598	-0.530571	-0.675332	-0.782693	-0.854555	-0.877143	-0.832101	-0.723557	-0.572407	-0.399813	-0.211134	-0.0198838	0.143141	0.252699	0.285146	0.24821	0.156426	0.035213	-0.101467	-0.243247	-0.362664	-0.457969	-0.522876	-0.55913	-0.557357	-0.531284	-0.510107	-0.503365	-0.525643	-0.580211	-0.65437	-0.723242	-0.756467	-0.735375	-0.6521	-0.51448	-0.344378	-0.143145	0.0844618	0.314311	0.515703	0.652032	0.705293	0.675311	0.568189	0.409954	0.228857	0.0438413	-0.121883	-0.265879	-0.367287	-0.406036	-0.383547	-0.310792	-0.209221	-0.106477	-0.018824	0.028044	0.0216096	-0.0290233	-0.10914	-0.213815	-0.326611	-0.430684	-0.508214	-0.564443	-0.612281	-0.654902	-0.685904	-0.702347	-0.710306	-0.703739	-0.689435	-0.657942	-0.61266	-0.558533	-0.500343	-0.429696	-0.330548	-0.224542	-0.116225	-0.00628666	0.109067	0.228541	0.339083	0.447319	0.550081	0.631133	0.69132	0.733879	0.747249	0.731283	0.68081	0.593021	0.47631	0.334122	0.175187	0	
