0	0	0	0	0	0	0	0	0	0	0	0	0	0	0	0	0	0	0	0	0	0	0	0	0	0	0	0	0	0	0	0	0	0	0	0	0	0	0	0	0	0	0	0	0	0	0	0	0	0	0	0	0	0	0	0	0	0	0	0	0	0	0	0	0	0	0	0	0	0	0	0	0	0	0	0	0	0	0	0	0	0	0	0	0	0	0	0	0	0	0	0	0	0	0	0	0	0	0	0	
0	0.00214608	-0.00137579	0.00186166	0.000993987	-0.00225149	0.00189212	-0.00140404	0.0006512	0.000834927	-5.34156e-05	0.00124205	-0.00366417	-0.0034813	0.00213771	-0.000316251	-0.000232645	-0.00130573	6.57181e-05	-0.00083262	0.000842549	0.0016704	-0.00174815	0.000211351	0.00184956	9.62557e-05	-0.00144483	0.00247079	0.000388029	-0.00139336	0.000983206	0.00111783	0.000562489	-0.00189104	0.000793143	0.00176684	5.64349e-05	-0.00335501	0.000783928	0.00313865	-0.0023125	-0.00323249	-0.000831308	0.00200354	-0.000863266	-0.00388752	-0.00465078	-0.003433	0.000972946	-0.00303719	-0.0145753	-0.0187063	-0.0232774	-0.0235259	-0.039089	-0.0551422	-0.0673593	-0.0743369	-0.0592334	-0.0260577	0.0188645	0.0588136	0.0811062	0.0837502	0.0755173	0.0568013	0.034639	0.0186348	0.010189	0.0097001	0.00852251	0.0138705	0.0275168	0.0418044	0.0617112	0.0797505	0.0854448	0.0752015	0.046195	0.00211944	-0.0429815	-0.0674398	-0.0710736	-0.0662497	-0.0497526	-0.0303785	-0.0236772	-0.022187	-0.0167448	-0.00816361	-0.000503173	0.000280432	-0.00228726	-0.00268466	-0.00309168	-0.000172569	0.00484859	7.19671e-05	-0.00679982	0	
0	-0.00137579	-0.000284701	-0.0016576	6.39073e-05	-0.00113327	0.00265193	-0.0024947	-0.000201427	0.00155415	-0.00538073	0.00220783	0.00436398	0.00176438	9.08159e-05	-0.00128071	-0.00115278	0.000938132	0.00282416	-0.00347389	-0.00100187	7.40609e-05	-0.00180721	-0.0023743	0.0019982	-0.00319528	-0.00419065	0.00243823	-0.00191005	-0.00377084	-0.00173995	0.00151974	-0.00315051	-0.00312426	-0.00282867	0.00371513	-0.00393228	-0.00566018	-0.000906746	0.0053935	-0.00487741	-0.00651085	-8.88974e-05	0.00377645	8.5815e-05	-0.00518558	-0.00759845	-0.00252229	0.00250465	-0.0043303	-0.0261939	-0.0390096	-0.0434012	-0.052081	-0.0800832	-0.111529	-0.13945	-0.146397	-0.1176	-0.0513307	0.0411126	0.118032	0.159621	0.166831	0.147855	0.107047	0.0690825	0.0411036	0.0229294	0.0257062	0.0243871	0.024898	0.0477528	0.085049	0.128911	0.16022	0.167214	0.145086	0.0888203	0.00514982	-0.0831156	-0.134743	-0.143009	-0.13069	-0.0982168	-0.0622757	-0.0480299	-0.0431064	-0.0326617	-0.0167174	-0.00174342	0.000467632	-0.00425086	-0.00532494	-0.00596621	-0.000260143	0.0089172	3.22319e-05	-0.0124833	0	
0	0.00186166	-0.0016576	0.00211799	0.000132763	-0.00271544	0.00333541	-0.00337925	0.00171777	0.00162265	-0.00194372	0.0021508	-0.00425532	-0.00488354	0.0031558	-0.000615166	-0.000403844	-0.000521895	-2.50326e-05	-0.00346965	0.00202605	0.00341111	-0.00356178	-0.00110092	0.00352844	-0.000947609	-0.00358563	0.00469749	-0.000928379	-0.00322205	0.000596512	0.0023557	-0.00113822	-0.00392172	-3.77753e-05	0.0041028	-0.00229464	-0.0075233	0.00119637	0.00650648	-0.00630929	-0.00805748	-0.00126292	0.00464926	-0.00250991	-0.00890027	-0.0122894	-0.0064141	0.000902014	-0.0103431	-0.040227	-0.0559233	-0.0653895	-0.0764527	-0.118143	-0.165456	-0.202985	-0.216581	-0.173667	-0.0765621	0.0536425	0.167949	0.232226	0.245235	0.220961	0.165947	0.107504	0.0625159	0.0388496	0.0394074	0.0371997	0.0475788	0.0821865	0.128155	0.187134	0.233958	0.245546	0.213855	0.130086	0.00362304	-0.124914	-0.19773	-0.211037	-0.194485	-0.147864	-0.0951278	-0.0713858	-0.0626516	-0.0482905	-0.0256023	-0.00372887	0.000363302	-0.00591324	-0.0078484	-0.00829533	-0.000216925	0.0114719	-0.000195497	-0.0160657	0	
0	0.000993987	6.39073e-05	0.000132763	0.00233121	-0.00210304	0.00176504	-0.00213151	-0.000523002	0.000144244	-0.00319808	0.00317973	-0.000621421	-0.00122711	0.000816742	-0.00225518	-0.00111556	-0.00157471	0.00140225	-0.000906229	-0.00171142	-0.00022637	-0.00331915	5.70745e-05	0.00199086	-0.00345839	-0.00364591	0.00328004	-0.00160613	-0.00462932	0.000298989	0.000641818	-0.00199079	-0.0051434	-0.000473785	0.00267008	-0.00357205	-0.00877329	0.00126045	0.00491144	-0.00719798	-0.00982485	-0.000508729	0.00349838	-0.00257048	-0.0113207	-0.0132061	-0.00756986	5.60378e-05	-0.0160576	-0.0506793	-0.0722248	-0.085117	-0.105019	-0.159159	-0.219532	-0.269694	-0.281913	-0.226809	-0.100406	0.067293	0.211935	0.298706	0.317795	0.286734	0.220379	0.145875	0.0914584	0.0653163	0.062447	0.0597979	0.0699929	0.110199	0.174411	0.250474	0.30642	0.31859	0.271625	0.159168	0.000731699	-0.158587	-0.256987	-0.28053	-0.255937	-0.194846	-0.129873	-0.0959013	-0.0802992	-0.0621276	-0.0346705	-0.00730349	-0.000427071	-0.00706871	-0.00999586	-0.00983953	-0.000152769	0.0119614	-0.000592811	-0.0168511	0	
0	-0.00225149	-0.00113327	-0.00271544	-0.00210304	-0.0009822	0.00150447	-0.000261346	0.000885278	0.00190466	-0.00209152	-0.000810004	0.000739654	0.00126018	0.00109394	-0.000568155	-0.00108123	0.00184076	-0.00126423	-0.003508	-0.00097573	0.00166726	-0.00301296	-0.00317639	0.000335874	-0.00336161	-0.00335276	0.000698522	-0.00349428	-0.00413195	-0.0017945	-0.000535502	-0.00432071	-0.00460242	-0.00246205	0.000950755	-0.00553803	-0.00828806	0.000236019	0.00200804	-0.00778632	-0.00983943	-0.000815193	0.00250298	-0.00445518	-0.0108195	-0.0146767	-0.00644081	-0.00336317	-0.0225268	-0.0585183	-0.0874929	-0.102225	-0.136511	-0.199526	-0.273538	-0.333491	-0.343869	-0.276225	-0.124401	0.0736842	0.24927	0.354641	0.385402	0.352173	0.27256	0.188077	0.124715	0.0937472	0.0915749	0.0928914	0.104409	0.146037	0.220585	0.30993	0.371954	0.379685	0.32082	0.186602	-0.00481595	-0.195239	-0.313608	-0.343191	-0.31234	-0.242765	-0.167734	-0.120007	-0.095563	-0.074544	-0.0438413	-0.0123538	-0.00217079	-0.00794305	-0.011546	-0.0103135	-0.000235944	0.0100979	-0.00107358	-0.0145884	0	
0	0.00189212	0.00265193	0.00333541	0.00176504	0.00150447	-0.00218204	-0.00167669	-0.00154516	-0.00328189	0.000739435	0.000212066	-0.00257306	-0.0030931	-0.00285117	-0.000538782	-0.000551017	-0.00167537	-0.00109955	0.00121955	0.000148853	-0.00100353	-0.000800251	0.000726099	0.000799858	-0.00102711	-0.000276503	0.000985767	-0.00118299	-0.000884221	8.07632e-05	-1.5043e-05	-0.00174491	-0.00178964	-0.000425233	0.000365746	-0.0033923	-0.00461105	0.000629272	0.000231216	-0.00656668	-0.00757278	-0.00168613	-0.000574529	-0.00685981	-0.013376	-0.0160947	-0.0106153	-0.0118342	-0.0328416	-0.0697832	-0.0995344	-0.122541	-0.166735	-0.237401	-0.323708	-0.387615	-0.397024	-0.319704	-0.14726	0.0714482	0.26907	0.397787	0.440269	0.408482	0.33128	0.237615	0.166945	0.137029	0.12782	0.12729	0.143045	0.190982	0.274123	0.365615	0.429098	0.435062	0.359513	0.198145	-0.0172042	-0.224632	-0.361389	-0.40305	-0.368028	-0.289819	-0.205205	-0.14407	-0.110556	-0.0855119	-0.0518891	-0.018615	-0.00553862	-0.00892228	-0.0121223	-0.00952114	-0.000736678	0.00597951	-0.00148536	-0.00959705	0	
0	-0.00140404	-0.0024947	-0.00337925	-0.00213151	-0.000261346	-0.00167669	0.00339935	0.00112022	-0.000141512	0.00222518	-0.00236294	-0.000313534	0.00294678	-0.0018341	0.000789533	-0.000964269	-0.00240389	-0.00220476	-0.000159335	-0.00407015	-0.0033815	-0.000924092	-0.00287315	-0.00439203	-0.00271376	-0.001986	-0.00497625	-0.00327409	-0.00273403	-0.00383509	-0.00454829	-0.00426618	-0.00336696	-0.00445428	-0.00488285	-0.005578	-0.00474532	-0.003909	-0.00579026	-0.00649885	-0.00766315	-0.00334588	-0.0050485	-0.00718632	-0.0126162	-0.0129664	-0.0105503	-0.0167647	-0.0385033	-0.0735338	-0.107211	-0.140968	-0.198759	-0.279558	-0.375172	-0.444105	-0.449431	-0.360695	-0.172625	0.0648501	0.283697	0.433169	0.48923	0.461721	0.384019	0.285572	0.215794	0.186555	0.175015	0.180214	0.195876	0.239742	0.325614	0.419007	0.480797	0.477352	0.38377	0.201709	-0.0316335	-0.253877	-0.406859	-0.456619	-0.417066	-0.335113	-0.24464	-0.169807	-0.124851	-0.0938638	-0.0585503	-0.0263486	-0.0108383	-0.0101185	-0.0114725	-0.00760877	-0.00189954	0.00022182	-0.00167092	-0.00283339	0	
0	0.0006512	-0.000201427	0.00171777	-0.000523002	0.000885278	-0.00154516	0.00112022	-0.00415358	-0.00135895	0.00157899	-0.00600193	0.00227137	0.000646624	-0.0034589	0.000808978	-0.00214723	0.000396782	-0.000456278	-0.00040501	-0.00169162	-0.00124238	0.00280965	-0.0040164	-0.00239025	0.000627776	0.000313882	-0.00573173	-0.00032915	3.11039e-05	-0.00378514	-0.00336426	-0.00220928	-0.00017843	-0.00467304	-0.0047717	-0.00294433	-0.000336121	-0.00599163	-0.0064759	-0.00381355	-0.00354652	-0.00606835	-0.00685837	-0.00946999	-0.0109456	-0.0134132	-0.0150128	-0.0274556	-0.0493799	-0.0794318	-0.118531	-0.162089	-0.232584	-0.319111	-0.420592	-0.48912	-0.490549	-0.393014	-0.197174	0.0470566	0.283421	0.449033	0.522085	0.508709	0.436035	0.344909	0.279687	0.245734	0.23282	0.240258	0.254564	0.298667	0.382906	0.4705	0.524469	0.505757	0.393549	0.195045	-0.0516799	-0.28338	-0.445583	-0.501259	-0.462662	-0.38065	-0.283334	-0.195417	-0.139794	-0.101049	-0.0635033	-0.0344393	-0.017932	-0.0120434	-0.00974304	-0.00489244	-0.00372546	-0.00612565	-0.00158264	0.0042237	0	
0	0.000834927	0.00155415	0.00162265	0.000144244	0.00190466	-0.00328189	-0.000141512	-0.00135895	-0.00212426	0.00158329	-0.00222358	0.00076262	-0.00232418	-0.00633222	0.00172169	-0.000239677	-0.0042154	-0.00156754	0.000778352	-0.00113755	-0.00556949	0.00242082	-0.00326155	-0.00291065	0.000744305	-0.00137281	-0.0064207	0.000509902	-0.000173997	-0.0053438	-0.00386745	-0.00172103	-0.000167323	-0.0067386	-0.00625812	-0.00186102	0.000457771	-0.0102617	-0.00862708	-0.00201172	-0.00333026	-0.00938194	-0.0116144	-0.00988572	-0.0110692	-0.0126055	-0.0206497	-0.0377902	-0.0556561	-0.0838942	-0.125008	-0.184342	-0.263885	-0.357926	-0.462068	-0.529961	-0.526395	-0.423721	-0.227541	0.0229428	0.267822	0.453938	0.546792	0.545898	0.491334	0.410823	0.349223	0.317607	0.302389	0.30805	0.323565	0.369308	0.44684	0.516744	0.554464	0.523759	0.393557	0.174401	-0.0803757	-0.31074	-0.476778	-0.539783	-0.505257	-0.42284	-0.319572	-0.22291	-0.156821	-0.106729	-0.0662	-0.0424593	-0.0266955	-0.0148383	-0.00723821	-0.00200501	-0.00601186	-0.0117417	-0.00130612	0.00987547	0	
0	-5.34156e-05	-0.00538073	-0.00194372	-0.00319808	-0.00209152	0.000739435	0.00222518	0.00157899	0.00158329	0.000679202	-0.00255749	-8.22839e-05	-0.00162178	0.00180234	0.000232021	-0.00217957	-0.00372763	0.000183233	-0.00415233	-0.00434799	-0.00290454	0.000851413	-0.00702334	-0.00587358	0.000603218	-0.0047166	-0.00851322	-0.000582303	-0.0033929	-0.00734586	-0.00661954	-0.00212738	-0.00388951	-0.00890932	-0.00946832	-0.00146011	-0.00254258	-0.0148283	-0.0103068	-0.00189392	-0.00393674	-0.0142705	-0.0138055	-0.01018	-0.00896083	-0.0114358	-0.026115	-0.0442971	-0.0596591	-0.0844442	-0.13246	-0.207241	-0.29595	-0.397203	-0.501827	-0.566541	-0.558747	-0.453215	-0.259039	-0.0102127	0.24601	0.448301	0.558992	0.580356	0.541621	0.478843	0.428628	0.39672	0.383629	0.39071	0.409177	0.450094	0.506015	0.558128	0.581844	0.527095	0.374947	0.147048	-0.110617	-0.342504	-0.506701	-0.569734	-0.54064	-0.461195	-0.355149	-0.252544	-0.17477	-0.111337	-0.0678558	-0.0499601	-0.0359294	-0.0183303	-0.00489152	0.000183463	-0.00817976	-0.0153234	-0.00111431	0.0126385	0	
0	0.00124205	0.00220783	0.0021508	0.00317973	-0.000810004	0.000212066	-0.00236294	-0.00600193	-0.00222358	-0.00255749	-0.00356734	0.00204065	-0.00119214	3.82935e-06	-0.0039531	-0.00191037	0.000522526	-0.000824545	0.00201385	-0.00204028	-0.000329355	-0.000762303	-0.00165995	-0.00140171	0.001543	-0.00369348	-0.00418384	0.00212454	-0.00321852	-0.00428852	-0.00424293	0.00100671	-0.0040547	-0.00565514	-0.00779495	0.00331842	-0.00389135	-0.0121757	-0.00820334	0.00233082	-0.00386451	-0.0154053	-0.0132975	-0.00972936	-0.0073028	-0.0142767	-0.0355247	-0.0526051	-0.0682666	-0.0882328	-0.148023	-0.233181	-0.32807	-0.434236	-0.53107	-0.592939	-0.579688	-0.475787	-0.293396	-0.050495	0.209521	0.422944	0.555444	0.603578	0.591845	0.55859	0.522594	0.49147	0.476211	0.480293	0.499703	0.533072	0.572918	0.604323	0.597597	0.516432	0.347704	0.107476	-0.152305	-0.374032	-0.528072	-0.593936	-0.573624	-0.495277	-0.387398	-0.282491	-0.193975	-0.117111	-0.0695918	-0.0556782	-0.0441056	-0.0225665	-0.00397633	0.00103231	-0.00940389	-0.0160898	-0.00140719	0.0117877	0	
0	-0.00366417	0.00436398	-0.00425532	-0.000621421	0.000739654	-0.00257306	-0.000313534	0.00227137	0.00076262	-8.22839e-05	0.00204065	-0.00169669	-0.00499944	-0.00368247	-0.00151269	-0.000448955	0.000165751	-0.00718685	-0.00230799	-0.00498945	-0.00123209	-0.00460068	-0.00291065	-0.00494855	-0.00226327	-0.00594214	-0.00363815	-0.0030929	-0.0055086	-0.00595103	-0.00485215	-0.00332159	-0.00686717	-0.007933	-0.00853738	-0.000264204	-0.00963607	-0.0135482	-0.0104385	0.000176768	-0.0105288	-0.0182168	-0.0165328	-0.0105838	-0.00812092	-0.0196808	-0.040804	-0.0581609	-0.0677568	-0.0903986	-0.159637	-0.253693	-0.357504	-0.464493	-0.557743	-0.617536	-0.601006	-0.505933	-0.336538	-0.0972608	0.163125	0.391249	0.549559	0.622036	0.645578	0.643686	0.616754	0.591906	0.577309	0.578151	0.602938	0.631604	0.647808	0.64226	0.597946	0.493676	0.311157	0.0630516	-0.196179	-0.409881	-0.5519	-0.614062	-0.598054	-0.5224	-0.418315	-0.313406	-0.21359	-0.124482	-0.0724141	-0.0594816	-0.0500869	-0.0271611	-0.00543372	0.00017828	-0.00906646	-0.0140993	-0.00248748	0.00773843	0	
0	-0.0034813	0.00176438	-0.00488354	-0.00122711	0.00126018	-0.0030931	0.00294678	0.000646624	-0.00232418	-0.00162178	-0.00119214	-0.00499944	0.00140552	0.00293808	-0.000952273	-0.00396832	-0.00252993	-0.00311515	-0.000327595	-0.00117237	-0.00319386	-0.00415782	-0.00224068	-0.00249973	-0.00466693	-0.00356673	-0.00295102	-0.0049814	-0.00499792	-0.00473233	-0.00412669	-0.00596216	-0.00589139	-0.00788024	-0.00524579	-0.0046415	-0.00926491	-0.0122159	-0.00715066	-0.00256965	-0.0121255	-0.0169317	-0.0156884	-0.00837783	-0.00977859	-0.0239064	-0.0457311	-0.0611568	-0.0687985	-0.098437	-0.176921	-0.277452	-0.388968	-0.491562	-0.581546	-0.635571	-0.617408	-0.536576	-0.376451	-0.148291	0.110959	0.352458	0.528128	0.633881	0.69639	0.725899	0.721164	0.704918	0.688994	0.691427	0.71755	0.72988	0.714367	0.675384	0.601015	0.468319	0.26332	0.00740512	-0.247857	-0.447603	-0.572319	-0.630512	-0.618356	-0.544935	-0.446426	-0.342139	-0.232708	-0.135147	-0.0779743	-0.0613758	-0.0526016	-0.0315563	-0.00988469	-0.00235599	-0.00697346	-0.0103017	-0.00438729	0.00204602	0	
0	0.00213771	9.08159e-05	0.0031558	0.000816742	0.00109394	-0.00285117	-0.0018341	-0.0034589	-0.00633222	0.00180234	3.82935e-06	-0.00368247	0.00293808	-0.00250566	-0.00737042	0.00122701	0.00040077	-0.00245155	-0.00107616	-0.000713565	-0.00461161	-0.00405199	0.00212782	-0.00416377	-0.00659627	-0.0011013	-0.00219119	-0.00691227	-0.00470561	-0.00259411	-0.00564433	-0.00639849	-0.00684354	-0.00465513	-0.00605849	-0.00736399	-0.00992355	-0.00814636	-0.0067952	-0.00689912	-0.0129226	-0.0157482	-0.0142114	-0.00883221	-0.0143158	-0.0291318	-0.0508745	-0.061644	-0.0722506	-0.111646	-0.193544	-0.303436	-0.412751	-0.514106	-0.599005	-0.644855	-0.636246	-0.566357	-0.420413	-0.20646	0.052683	0.301936	0.497899	0.642064	0.748884	0.81465	0.834506	0.82726	0.805875	0.807219	0.8326	0.829466	0.791231	0.716897	0.594034	0.426323	0.20887	-0.0496049	-0.3005	-0.486205	-0.597365	-0.649214	-0.632075	-0.560634	-0.471979	-0.368078	-0.250878	-0.149538	-0.0868596	-0.0618497	-0.0515409	-0.035352	-0.0168865	-0.00596144	-0.00374145	-0.00639193	-0.00670078	-0.00297823	0	
0	-0.000316251	-0.00128071	-0.000615166	-0.00225518	-0.000568155	-0.000538782	0.000789533	0.000808978	0.00172169	0.000232021	-0.0039531	-0.00151269	-0.000952273	-0.00737042	-0.00274207	0.00203069	-0.00499919	-0.00486673	-0.00440426	-0.00308034	-0.00489916	-0.00284739	-0.000758159	-0.00884219	-0.0054876	0.0010768	-0.00549761	-0.00954146	-0.00291748	-0.00260231	-0.00775928	-0.0084602	-0.00636862	-0.00404447	-0.00832866	-0.0123668	-0.0093157	-0.00667829	-0.010457	-0.0136687	-0.0149217	-0.0156504	-0.0156054	-0.0130434	-0.0213288	-0.0354244	-0.0522282	-0.0600402	-0.0768743	-0.123527	-0.210327	-0.321606	-0.43149	-0.531343	-0.610654	-0.658253	-0.659795	-0.603313	-0.472197	-0.265965	-0.00656747	0.249662	0.470892	0.653579	0.797899	0.901404	0.946726	0.944705	0.930389	0.93791	0.952281	0.933695	0.869992	0.747266	0.579523	0.386777	0.153785	-0.109689	-0.353896	-0.529927	-0.629537	-0.665843	-0.639553	-0.574784	-0.494765	-0.388182	-0.26788	-0.167604	-0.098675	-0.062205	-0.0482701	-0.0379577	-0.0246117	-0.00985897	-0.000951788	-0.0041588	-0.00854867	-0.00510994	0	
0	-0.000232645	-0.00115278	-0.000403844	-0.00111556	-0.00108123	-0.000551017	-0.000964269	-0.00214723	-0.000239677	-0.00217957	-0.00191037	-0.000448955	-0.00396832	0.00122701	0.00203069	-0.00242695	-0.00572396	-0.00291107	-1.44947e-05	-0.0010609	-0.0048558	-0.0047466	-0.00185631	-0.00687137	-0.0040134	-0.000897738	-0.00960775	-0.00753629	-0.00258205	-0.00460336	-0.0107993	-0.0084213	-0.00624291	-0.00387043	-0.0122411	-0.0139499	-0.00696777	-0.00456437	-0.0145423	-0.0163395	-0.0124905	-0.012291	-0.0142797	-0.0159401	-0.0254632	-0.037245	-0.0493409	-0.0577631	-0.0864749	-0.139512	-0.230246	-0.340815	-0.449668	-0.547532	-0.621237	-0.672326	-0.684692	-0.639399	-0.52035	-0.321896	-0.0659487	0.195371	0.43976	0.658848	0.844111	0.986837	1.05855	1.07053	1.06448	1.06773	1.07193	1.03947	0.939631	0.772507	0.573076	0.351659	0.0956346	-0.172706	-0.41007	-0.575837	-0.661294	-0.683121	-0.650991	-0.588572	-0.509472	-0.402274	-0.285375	-0.187254	-0.112079	-0.0647335	-0.0449877	-0.0384931	-0.0305857	-0.0135729	-0.000540437	-0.00464879	-0.00892486	-0.0032401	0	
0	-0.00130573	0.000938132	-0.000521895	-0.00157471	0.00184076	-0.00167537	-0.00240389	0.000396782	-0.0042154	-0.00372763	0.000522526	0.000165751	-0.00252993	0.00040077	-0.00499919	-0.00572396	-0.00118231	0.00129234	-0.00373334	-0.00457048	-0.00624756	-0.00125754	-0.00236839	-0.00666507	-0.00428477	-0.00288628	-0.00820219	-0.00529095	-0.00319211	-0.00687424	-0.00971329	-0.00755693	-0.00495179	-0.00569362	-0.0139188	-0.0140581	-0.00298086	-0.00702011	-0.017958	-0.0190812	-0.00916974	-0.0122413	-0.0160887	-0.0226003	-0.0309181	-0.0391615	-0.0452665	-0.0614167	-0.0976494	-0.158691	-0.245645	-0.354275	-0.462753	-0.555614	-0.631877	-0.689321	-0.714602	-0.681128	-0.57043	-0.376449	-0.125308	0.145097	0.415133	0.664664	0.890106	1.0691	1.16433	1.19721	1.2018	1.19746	1.18857	1.1362	1.00522	0.807508	0.572565	0.311221	0.0346575	-0.230826	-0.458826	-0.619841	-0.700429	-0.709582	-0.664625	-0.597191	-0.518321	-0.41467	-0.301761	-0.204414	-0.126478	-0.0717547	-0.0437669	-0.0365232	-0.0327265	-0.0168533	-0.00383495	-0.00774734	-0.00726674	0.00199317	0	
0	6.57181e-05	0.00282416	-2.50326e-05	0.00140225	-0.00126423	-0.00109955	-0.00220476	-0.000456278	-0.00156754	0.000183233	-0.000824545	-0.00718685	-0.00311515	-0.00245155	-0.00486673	-0.00291107	0.00129234	-0.00463811	-0.00748356	-0.00360499	0.00051657	-0.00376434	-0.00558304	-0.00613751	-0.00116446	-0.00576906	-0.00570924	-0.00573366	-0.00369647	-0.00820924	-0.00747938	-0.00746543	-0.00491619	-0.00788203	-0.0151346	-0.010837	-0.00314375	-0.00966796	-0.0228901	-0.0171107	-0.00876054	-0.0126872	-0.0211141	-0.0298655	-0.0350736	-0.0387023	-0.042886	-0.0682371	-0.113676	-0.175937	-0.258444	-0.364587	-0.46884	-0.563984	-0.641811	-0.712049	-0.749925	-0.723609	-0.619605	-0.429481	-0.180156	0.102886	0.394035	0.677896	0.937889	1.14197	1.26677	1.3186	1.32852	1.32535	1.30707	1.22983	1.06697	0.838761	0.569086	0.276826	-0.0115939	-0.277584	-0.507997	-0.671419	-0.742919	-0.735662	-0.681876	-0.609421	-0.525157	-0.422858	-0.314041	-0.218304	-0.141657	-0.0835068	-0.0461467	-0.0327119	-0.0301538	-0.0195842	-0.0107653	-0.0121711	-0.00391728	0.00824487	0	
0	-0.00083262	-0.00347389	-0.00346965	-0.000906229	-0.003508	0.00121955	-0.000159335	-0.00040501	0.000778352	-0.00415233	0.00201385	-0.00230799	-0.000327595	-0.00107616	-0.00440426	-1.44947e-05	-0.00373334	-0.00748356	-0.00550361	0.000318501	-0.00443356	-0.0121537	-0.00521092	-0.00248883	-0.00701623	-0.0111321	-0.00573348	-0.00686312	-0.00906441	-0.0100738	-0.00951723	-0.00904479	-0.00937171	-0.0124406	-0.016408	-0.010369	-0.00732447	-0.016394	-0.0248063	-0.0158175	-0.00934482	-0.0147544	-0.0268084	-0.0327519	-0.0355561	-0.0316021	-0.0412526	-0.0754863	-0.127527	-0.189095	-0.266347	-0.370844	-0.475612	-0.573886	-0.662143	-0.745754	-0.790484	-0.769644	-0.662154	-0.473469	-0.22188	0.0753576	0.384034	0.693522	0.975669	1.20548	1.35844	1.4321	1.45896	1.45185	1.41164	1.30909	1.12268	0.870784	0.57254	0.258273	-0.0437943	-0.32383	-0.559604	-0.715222	-0.778481	-0.77099	-0.713237	-0.623198	-0.526879	-0.429051	-0.323812	-0.227582	-0.155505	-0.0991451	-0.053066	-0.0284782	-0.0239176	-0.0218107	-0.0193316	-0.0158955	-0.000338215	0.0122451	0	
0	0.000842549	-0.00100187	0.00202605	-0.00171142	-0.00097573	0.000148853	-0.00407015	-0.00169162	-0.00113755	-0.00434799	-0.00204028	-0.00498945	-0.00117237	-0.000713565	-0.00308034	-0.0010609	-0.00457048	-0.00360499	0.000318501	-0.00136734	-0.00708062	-0.00592193	0.00135887	-0.00271574	-0.0113962	-0.00515162	-0.000661871	-0.00755884	-0.0100704	-0.00668158	-0.00610448	-0.00823845	-0.00987283	-0.0120961	-0.0105187	-0.00795455	-0.00991504	-0.0176381	-0.0200077	-0.0116244	-0.00965053	-0.0171686	-0.0308087	-0.0349321	-0.0329973	-0.0292273	-0.046825	-0.0905792	-0.145421	-0.201182	-0.275472	-0.374508	-0.481772	-0.585245	-0.686303	-0.781353	-0.831859	-0.809822	-0.700638	-0.512727	-0.252083	0.0552336	0.384982	0.715489	1.0122	1.26527	1.43977	1.53448	1.57466	1.56383	1.50865	1.38053	1.17083	0.901115	0.585265	0.255731	-0.0667696	-0.363118	-0.597049	-0.749798	-0.821328	-0.818334	-0.747115	-0.636752	-0.533927	-0.437175	-0.327221	-0.230952	-0.168385	-0.116628	-0.0630119	-0.0260778	-0.0175045	-0.0232844	-0.0258315	-0.0172202	0.00122355	0.0113119	0	
0	0.0016704	7.40609e-05	0.00341111	-0.00022637	0.00166726	-0.00100353	-0.0033815	-0.00124238	-0.00556949	-0.00290454	-0.000329355	-0.00123209	-0.00319386	-0.00461161	-0.00489916	-0.0048558	-0.00624756	0.00051657	-0.00443356	-0.00708062	-0.00656326	-0.00288608	-0.00299381	-0.0078221	-0.0104278	-0.00130149	-0.00387798	-0.0121415	-0.00973633	-0.00445981	-0.00726342	-0.0110771	-0.0132575	-0.0110442	-0.00809755	-0.0121013	-0.0164094	-0.0194724	-0.0160891	-0.0148516	-0.014083	-0.0250979	-0.0349573	-0.0368228	-0.0302871	-0.0301985	-0.0574402	-0.105384	-0.156806	-0.207984	-0.276255	-0.375764	-0.486927	-0.601807	-0.720937	-0.823053	-0.87676	-0.848952	-0.733828	-0.53969	-0.268615	0.0543662	0.39981	0.738726	1.04925	1.31512	1.50824	1.62673	1.67448	1.65866	1.58593	1.43841	1.21704	0.933432	0.608577	0.26749	-0.0780485	-0.385649	-0.620965	-0.784777	-0.867367	-0.863179	-0.782845	-0.66309	-0.551013	-0.441517	-0.323785	-0.233286	-0.17982	-0.130678	-0.0737611	-0.0289318	-0.0149842	-0.0230606	-0.0267358	-0.0158673	-0.00107483	0.00494968	0	
0	-0.00174815	-0.00180721	-0.00356178	-0.00331915	-0.00301296	-0.000800251	-0.000924092	0.00280965	0.00242082	0.000851413	-0.000762303	-0.00460068	-0.00415782	-0.00405199	-0.00284739	-0.0047466	-0.00125754	-0.00376434	-0.0121537	-0.00592193	-0.00288608	-0.0073282	-0.00764442	-0.00942322	-0.00804268	-0.00517961	-0.00907738	-0.0151025	-0.00773121	-0.00744535	-0.0108539	-0.0165714	-0.0146408	-0.010536	-0.00962179	-0.0202133	-0.0218565	-0.0171502	-0.0154883	-0.0191018	-0.0214967	-0.0295644	-0.0364763	-0.0339595	-0.0261083	-0.0354848	-0.068127	-0.117228	-0.161289	-0.208507	-0.274655	-0.376065	-0.496135	-0.629596	-0.762686	-0.87233	-0.922905	-0.884553	-0.762908	-0.553436	-0.266296	0.0730509	0.431228	0.774438	1.08578	1.35459	1.56115	1.69079	1.74784	1.73654	1.65244	1.49064	1.25518	0.964497	0.639718	0.287692	-0.068048	-0.382292	-0.637702	-0.81951	-0.905905	-0.904675	-0.827899	-0.702661	-0.572813	-0.443892	-0.32124	-0.236511	-0.18559	-0.137882	-0.0846435	-0.0387175	-0.0184601	-0.0207098	-0.0210823	-0.0129776	-0.00724716	-0.0045774	0	
0	0.000211351	-0.0023743	-0.00110092	5.70745e-05	-0.00317639	0.000726099	-0.00287315	-0.0040164	-0.00326155	-0.00702334	-0.00165995	-0.00291065	-0.00224068	0.00212782	-0.000758159	-0.00185631	-0.00236839	-0.00558304	-0.00521092	0.00135887	-0.00299381	-0.00764442	-0.0053895	-0.00651711	-0.00545327	-0.00581121	-0.00980189	-0.0110433	-0.00555925	-0.00786862	-0.0126355	-0.0150679	-0.0114194	-0.0063158	-0.0121347	-0.022939	-0.01848	-0.00951407	-0.013397	-0.0219346	-0.0233561	-0.0286772	-0.0314944	-0.0271739	-0.0254643	-0.044371	-0.0823304	-0.125639	-0.165384	-0.21043	-0.27738	-0.384581	-0.517839	-0.66926	-0.812709	-0.921379	-0.960415	-0.910731	-0.772633	-0.546595	-0.243787	0.109756	0.468004	0.808244	1.11539	1.38536	1.60149	1.73959	1.80459	1.78878	1.69401	1.52641	1.28517	0.997522	0.67922	0.328705	-0.0317714	-0.368366	-0.648302	-0.839699	-0.935873	-0.9477	-0.877854	-0.749463	-0.601597	-0.452006	-0.323061	-0.238383	-0.184705	-0.138966	-0.0942315	-0.0535017	-0.0277638	-0.0174265	-0.0114043	-0.0103376	-0.0149121	-0.0130336	0	
0	0.00184956	0.0019982	0.00352844	0.00199086	0.000335874	0.000799858	-0.00439203	-0.00239025	-0.00291065	-0.00587358	-0.00140171	-0.00494855	-0.00249973	-0.00416377	-0.00884219	-0.00687137	-0.00666507	-0.00613751	-0.00248883	-0.00271574	-0.0078221	-0.00942322	-0.00651711	-0.00327758	-0.00481046	-0.00994236	-0.00999755	-0.00658522	-0.00576835	-0.0109711	-0.0131766	-0.0130438	-0.00851548	-0.0086295	-0.0179665	-0.0251517	-0.0148193	-0.00893522	-0.0205115	-0.0299283	-0.03041	-0.0305488	-0.0320363	-0.0284541	-0.0365822	-0.0623818	-0.0962294	-0.131354	-0.164458	-0.208512	-0.277515	-0.39208	-0.54312	-0.710595	-0.860825	-0.965704	-0.993808	-0.931469	-0.77676	-0.529736	-0.207206	0.15728	0.518939	0.85353	1.1521	1.41688	1.62592	1.76142	1.8245	1.80583	1.71488	1.5487	1.31349	1.04006	0.729099	0.382243	0.0160651	-0.340376	-0.637471	-0.845325	-0.960779	-0.986657	-0.929412	-0.803232	-0.637154	-0.469103	-0.332237	-0.239215	-0.178607	-0.135567	-0.100984	-0.0692069	-0.0400963	-0.0156541	-0.00332615	-0.00949625	-0.0198999	-0.016081	0	
0	9.62557e-05	-0.00319528	-0.000947609	-0.00345839	-0.00336161	-0.00102711	-0.00271376	0.000627776	0.000744305	0.000603218	0.001543	-0.00226327	-0.00466693	-0.00659627	-0.0054876	-0.0040134	-0.00428477	-0.00116446	-0.00701623	-0.0113962	-0.0104278	-0.00804268	-0.00545327	-0.00481046	-0.0146118	-0.0159299	-0.00687385	-0.0074955	-0.0144221	-0.0169174	-0.0141012	-0.0132596	-0.0122572	-0.0169261	-0.0242334	-0.0243139	-0.0127923	-0.0144402	-0.0281299	-0.0361328	-0.0306405	-0.0283518	-0.0269587	-0.0305529	-0.0470129	-0.0735301	-0.0994116	-0.125603	-0.157914	-0.204517	-0.281081	-0.410999	-0.582489	-0.763197	-0.916155	-1.01024	-1.02463	-0.943847	-0.762688	-0.491293	-0.148039	0.22503	0.581443	0.905411	1.18962	1.4368	1.63074	1.75361	1.80837	1.79401	1.71398	1.5627	1.34573	1.08284	0.781467	0.444019	0.0744699	-0.289705	-0.600488	-0.837366	-0.980111	-1.02407	-0.979637	-0.852521	-0.67834	-0.503831	-0.3508	-0.237212	-0.170308	-0.131955	-0.104229	-0.0796692	-0.0507452	-0.0190203	-0.00328012	-0.0104148	-0.0182209	-0.0119452	0	
0	-0.00144483	-0.00419065	-0.00358563	-0.00364591	-0.00335276	-0.000276503	-0.001986	0.000313882	-0.00137281	-0.0047166	-0.00369348	-0.00594214	-0.00356673	-0.0011013	0.0010768	-0.000897738	-0.00288628	-0.00576906	-0.0111321	-0.00515162	-0.00130149	-0.00517961	-0.00581121	-0.00994236	-0.0159299	-0.00712461	-0.00108797	-0.0135682	-0.0182722	-0.0128288	-0.00916847	-0.0126783	-0.0154073	-0.0206575	-0.0211838	-0.0173993	-0.0117876	-0.0194757	-0.0320143	-0.0348197	-0.0269671	-0.0219724	-0.025189	-0.0378737	-0.060461	-0.0819588	-0.0978172	-0.12072	-0.15453	-0.208152	-0.296001	-0.444759	-0.63273	-0.820371	-0.966204	-1.04641	-1.04322	-0.936968	-0.729279	-0.430684	-0.072125	0.301622	0.650629	0.958469	1.22301	1.44667	1.61642	1.72004	1.76598	1.75739	1.69241	1.56221	1.3667	1.12227	0.838981	0.515508	0.155025	-0.213055	-0.552172	-0.823663	-0.989125	-1.04938	-1.01582	-0.898119	-0.735519	-0.553707	-0.370566	-0.236646	-0.169182	-0.130955	-0.101059	-0.0797141	-0.0572672	-0.0305823	-0.013711	-0.0111611	-0.00926306	-0.00321566	0	
0	0.00247079	0.00243823	0.00469749	0.00328004	0.000698522	0.000985767	-0.00497625	-0.00573173	-0.0064207	-0.00851322	-0.00418384	-0.00363815	-0.00295102	-0.00219119	-0.00549761	-0.00960775	-0.00820219	-0.00570924	-0.00573348	-0.000661871	-0.00387798	-0.00907738	-0.00980189	-0.00999755	-0.00687385	-0.00108797	-0.00790197	-0.0191581	-0.0122943	-0.00631114	-0.00850011	-0.0153229	-0.0186018	-0.019946	-0.0147065	-0.0142454	-0.0171443	-0.0267566	-0.0336224	-0.0338257	-0.0240358	-0.0222623	-0.0325927	-0.0549587	-0.0755676	-0.0874147	-0.0954388	-0.117544	-0.156031	-0.217609	-0.320775	-0.486491	-0.685303	-0.870429	-1.00521	-1.06962	-1.04598	-0.914623	-0.678292	-0.358633	0.00905304	0.381272	0.720758	1.01553	1.25941	1.45548	1.59265	1.66383	1.69284	1.68499	1.63827	1.54269	1.38289	1.16969	0.911142	0.600035	0.241371	-0.13612	-0.493124	-0.784954	-0.97537	-1.05973	-1.04564	-0.949839	-0.797965	-0.600191	-0.395603	-0.253332	-0.178504	-0.128158	-0.0908649	-0.0712062	-0.0604611	-0.0482595	-0.0302389	-0.0104773	0.00227759	0.00460879	0	
0	0.000388029	-0.00191005	-0.000928379	-0.00160613	-0.00349428	-0.00118299	-0.00327409	-0.00032915	0.000509902	-0.000582303	0.00212454	-0.0030929	-0.0049814	-0.00691227	-0.00954146	-0.00753629	-0.00529095	-0.00573366	-0.00686312	-0.00755884	-0.0121415	-0.0151025	-0.0110433	-0.00658522	-0.0074955	-0.0135682	-0.0191581	-0.0170875	-0.00980135	-0.0116947	-0.0170232	-0.0224388	-0.0242876	-0.0197883	-0.0145647	-0.021801	-0.030176	-0.0337811	-0.0355964	-0.0329097	-0.0251428	-0.0270888	-0.0466715	-0.0695447	-0.0812791	-0.0814062	-0.0857092	-0.110893	-0.15626	-0.231355	-0.352892	-0.534975	-0.737887	-0.91733	-1.0389	-1.0871	-1.04021	-0.87875	-0.61433	-0.273937	0.10101	0.471504	0.802778	1.08008	1.29699	1.45266	1.54388	1.57875	1.58705	1.58347	1.56853	1.51592	1.39901	1.22055	0.980137	0.679085	0.328966	-0.0468453	-0.410578	-0.722177	-0.944927	-1.06107	-1.07339	-0.9949	-0.844575	-0.644605	-0.44178	-0.288974	-0.19058	-0.123756	-0.0803654	-0.0603453	-0.0608871	-0.0639499	-0.0445597	-0.0104028	0.00847844	0.0070242	0	
0	-0.00139336	-0.00377084	-0.00322205	-0.00462932	-0.00413195	-0.000884221	-0.00273403	3.11039e-05	-0.000173997	-0.0033929	-0.00321852	-0.0055086	-0.00499792	-0.00470561	-0.00291748	-0.00258205	-0.00319211	-0.00369647	-0.00906441	-0.0100704	-0.00973633	-0.00773121	-0.00555925	-0.00576835	-0.0144221	-0.0182722	-0.0122943	-0.00980135	-0.0114217	-0.0163636	-0.0183466	-0.0235468	-0.0208998	-0.0139211	-0.0141842	-0.0298017	-0.0340208	-0.0307117	-0.0287396	-0.0285593	-0.0239674	-0.0348271	-0.0588715	-0.0768793	-0.076765	-0.0716959	-0.0788809	-0.111765	-0.168894	-0.261711	-0.401998	-0.592077	-0.791798	-0.95728	-1.06307	-1.08894	-1.01252	-0.820275	-0.528973	-0.175854	0.200946	0.565397	0.883619	1.13969	1.32163	1.43331	1.4783	1.47414	1.46575	1.47116	1.48406	1.4728	1.40113	1.25974	1.04614	0.763285	0.42329	0.0537045	-0.312731	-0.646062	-0.902198	-1.04987	-1.08519	-1.01848	-0.879739	-0.699156	-0.502815	-0.330201	-0.207103	-0.12688	-0.0753734	-0.0522187	-0.0585524	-0.0683302	-0.0498677	-0.015097	0.00324834	0.00305256	0	
0	0.000983206	-0.00173995	0.000596512	0.000298989	-0.0017945	8.07632e-05	-0.00383509	-0.00378514	-0.0053438	-0.00734586	-0.00428852	-0.00595103	-0.00473233	-0.00259411	-0.00260231	-0.00460336	-0.00687424	-0.00820924	-0.0100738	-0.00668158	-0.00445981	-0.00744535	-0.00786862	-0.0109711	-0.0169174	-0.0128288	-0.00631114	-0.0116947	-0.0163636	-0.0174225	-0.0196988	-0.0221874	-0.0158465	-0.0121796	-0.0230186	-0.0374544	-0.0338382	-0.0252174	-0.0263871	-0.0293618	-0.032409	-0.0493574	-0.0718383	-0.07806	-0.0694375	-0.0647579	-0.0792038	-0.121563	-0.193935	-0.305081	-0.457227	-0.647225	-0.833865	-0.984143	-1.06953	-1.06952	-0.963171	-0.741587	-0.433114	-0.0742976	0.299643	0.655714	0.959301	1.19085	1.3373	1.4027	1.40187	1.36292	1.3343	1.34185	1.38088	1.41176	1.38834	1.2909	1.11114	0.850901	0.523446	0.157577	-0.215016	-0.562694	-0.839128	-1.01262	-1.07329	-1.02885	-0.914473	-0.753208	-0.558569	-0.37529	-0.238325	-0.141883	-0.0782641	-0.0513758	-0.0529402	-0.0568118	-0.0452867	-0.0264293	-0.0130861	-0.00554262	0	
0	0.00111783	0.00151974	0.0023557	0.000641818	-0.000535502	-1.5043e-05	-0.00454829	-0.00336426	-0.00386745	-0.00661954	-0.00424293	-0.00485215	-0.00412669	-0.00564433	-0.00775928	-0.0107993	-0.00971329	-0.00747938	-0.00951723	-0.00610448	-0.00726342	-0.0108539	-0.0126355	-0.0131766	-0.0141012	-0.00916847	-0.00850011	-0.0170232	-0.0183466	-0.0196988	-0.0198346	-0.0182334	-0.0130075	-0.0210412	-0.0333534	-0.0397217	-0.0282934	-0.0232469	-0.028153	-0.0376565	-0.046866	-0.0654027	-0.0777774	-0.0728716	-0.0617452	-0.0635735	-0.0866513	-0.142048	-0.230785	-0.356569	-0.511895	-0.691113	-0.862909	-0.993817	-1.05774	-1.03028	-0.894669	-0.652749	-0.334141	0.0256322	0.395659	0.743691	1.03253	1.23647	1.34167	1.36138	1.31458	1.2383	1.19392	1.20611	1.26723	1.33728	1.36237	1.31339	1.17259	0.934512	0.616502	0.255236	-0.11501	-0.464521	-0.753368	-0.952153	-1.04414	-1.03003	-0.938981	-0.790926	-0.605394	-0.427821	-0.283098	-0.169461	-0.094533	-0.0583274	-0.0423337	-0.035196	-0.0365808	-0.0398122	-0.0328789	-0.0164567	0	
0	0.000562489	-0.00315051	-0.00113822	-0.00199079	-0.00432071	-0.00174491	-0.00426618	-0.00220928	-0.00172103	-0.00212738	0.00100671	-0.00332159	-0.00596216	-0.00639849	-0.0084602	-0.0084213	-0.00755693	-0.00746543	-0.00904479	-0.00823845	-0.0110771	-0.0165714	-0.0150679	-0.0130438	-0.0132596	-0.0126783	-0.0153229	-0.0224388	-0.0235468	-0.0221874	-0.0182334	-0.0168481	-0.0235003	-0.0347324	-0.0390971	-0.034972	-0.0263916	-0.0256138	-0.0360926	-0.0500677	-0.0622567	-0.0726062	-0.071874	-0.0609854	-0.0547193	-0.0655207	-0.100863	-0.171614	-0.277874	-0.411247	-0.560626	-0.726486	-0.879478	-0.991455	-1.02877	-0.971476	-0.811219	-0.553397	-0.230549	0.12735	0.492383	0.829558	1.09563	1.2653	1.32871	1.30207	1.21622	1.11465	1.05558	1.0691	1.15164	1.25676	1.32432	1.31876	1.21519	1.00527	0.705031	0.352667	-0.0118477	-0.358481	-0.654278	-0.873609	-0.996195	-1.01329	-0.944585	-0.812247	-0.64344	-0.479118	-0.336172	-0.215119	-0.12552	-0.0667072	-0.0305694	-0.0191517	-0.0301705	-0.0455094	-0.045528	-0.026998	0	
0	-0.00189104	-0.00312426	-0.00392172	-0.0051434	-0.00460242	-0.00178964	-0.00336696	-0.00017843	-0.000167323	-0.00388951	-0.0040547	-0.00686717	-0.00589139	-0.00684354	-0.00636862	-0.00624291	-0.00495179	-0.00491619	-0.00937171	-0.00987283	-0.0132575	-0.0146408	-0.0114194	-0.00851548	-0.0122572	-0.0154073	-0.0186018	-0.0242876	-0.0208998	-0.0158465	-0.0130075	-0.0235003	-0.0339811	-0.0375104	-0.0300395	-0.0283376	-0.0249985	-0.0302604	-0.0445325	-0.0629939	-0.0700991	-0.0680282	-0.0595835	-0.0522627	-0.0564692	-0.0795765	-0.129513	-0.218636	-0.335085	-0.465899	-0.601462	-0.747756	-0.88167	-0.96728	-0.975408	-0.891076	-0.71173	-0.448468	-0.127076	0.226902	0.583757	0.904454	1.14389	1.27504	1.29437	1.22993	1.11337	0.991036	0.926875	0.946535	1.04178	1.1681	1.26766	1.30213	1.23878	1.06187	0.784844	0.447442	0.0920911	-0.250055	-0.548242	-0.781218	-0.928175	-0.972582	-0.927662	-0.816172	-0.667971	-0.524089	-0.396623	-0.274415	-0.162112	-0.0770663	-0.0314754	-0.0205943	-0.026719	-0.037725	-0.0440196	-0.0317598	0	
0	0.000793143	-0.00282867	-3.77753e-05	-0.000473785	-0.00246205	-0.000425233	-0.00445428	-0.00467304	-0.0067386	-0.00890932	-0.00565514	-0.007933	-0.00788024	-0.00465513	-0.00404447	-0.00387043	-0.00569362	-0.00788203	-0.0124406	-0.0120961	-0.0110442	-0.010536	-0.0063158	-0.0086295	-0.0169261	-0.0206575	-0.019946	-0.0197883	-0.0139211	-0.0121796	-0.0210412	-0.0347324	-0.0375104	-0.0286675	-0.0236158	-0.0278765	-0.0308129	-0.0388488	-0.0583679	-0.0736409	-0.0688063	-0.0568876	-0.0496752	-0.0530471	-0.0693797	-0.106105	-0.174145	-0.275945	-0.394148	-0.511883	-0.628196	-0.755368	-0.863446	-0.920425	-0.897858	-0.790385	-0.602298	-0.338976	-0.0227949	0.322082	0.665256	0.962356	1.16545	1.25679	1.24064	1.14711	1.01402	0.885623	0.816772	0.834495	0.935322	1.07546	1.19726	1.2621	1.23715	1.10112	0.856418	0.538287	0.192252	-0.146273	-0.443953	-0.680151	-0.837166	-0.901519	-0.884834	-0.802965	-0.681679	-0.562458	-0.452012	-0.329017	-0.201536	-0.104467	-0.0553746	-0.0362923	-0.0246473	-0.0218027	-0.0279142	-0.0235437	0	
0	0.00176684	0.00371513	0.0041028	0.00267008	0.000950755	0.000365746	-0.00488285	-0.0047717	-0.00625812	-0.00946832	-0.00779495	-0.00853738	-0.00524579	-0.00605849	-0.00832866	-0.0122411	-0.0139188	-0.0151346	-0.016408	-0.0105187	-0.00809755	-0.00962179	-0.0121347	-0.0179665	-0.0242334	-0.0211838	-0.0147065	-0.0145647	-0.0141842	-0.0230186	-0.0333534	-0.0390971	-0.0300395	-0.0236158	-0.0252898	-0.0362948	-0.0411091	-0.054809	-0.0733158	-0.0777622	-0.0614339	-0.0487446	-0.0525444	-0.0679713	-0.0972935	-0.150045	-0.231723	-0.337909	-0.443318	-0.540507	-0.635196	-0.737199	-0.817603	-0.842442	-0.795076	-0.677523	-0.49017	-0.235803	0.0692864	0.402756	0.727279	0.995535	1.16535	1.22136	1.17532	1.06559	0.923208	0.789329	0.720406	0.738665	0.838314	0.9796	1.11309	1.20535	1.21845	1.12171	0.910873	0.615207	0.279081	-0.052966	-0.340263	-0.56636	-0.72303	-0.80448	-0.820906	-0.775878	-0.683596	-0.582754	-0.483738	-0.370882	-0.253184	-0.158235	-0.0972026	-0.0574813	-0.0267184	-0.0081921	-0.00286763	-0.00181838	0	
0	5.64349e-05	-0.00393228	-0.00229464	-0.00357205	-0.00553803	-0.0033923	-0.005578	-0.00294433	-0.00186102	-0.00146011	0.00331842	-0.000264204	-0.0046415	-0.00736399	-0.0123668	-0.0139499	-0.0140581	-0.010837	-0.010369	-0.00795455	-0.0121013	-0.0202133	-0.022939	-0.0251517	-0.0243139	-0.0173993	-0.0142454	-0.021801	-0.0298017	-0.0374544	-0.0397217	-0.034972	-0.0283376	-0.0278765	-0.0362948	-0.048162	-0.0574383	-0.0703246	-0.0786333	-0.0691078	-0.0485548	-0.0457659	-0.0613238	-0.0889681	-0.132281	-0.199358	-0.289119	-0.386199	-0.473683	-0.549229	-0.621938	-0.700151	-0.749306	-0.747653	-0.684844	-0.564444	-0.384575	-0.139519	0.155879	0.473306	0.774062	1.01053	1.14205	1.16584	1.10035	0.980579	0.837945	0.708903	0.639985	0.653963	0.750553	0.893037	1.03358	1.13969	1.17705	1.11353	0.935157	0.665978	0.352324	0.0403058	-0.230414	-0.445123	-0.599936	-0.695678	-0.741018	-0.727308	-0.658316	-0.57324	-0.492663	-0.407735	-0.31613	-0.226052	-0.147205	-0.0845716	-0.0368791	-0.00198622	0.0195297	0.0205431	0	
0	-0.00335501	-0.00566018	-0.0075233	-0.00877329	-0.00828806	-0.00461105	-0.00474532	-0.000336121	0.000457771	-0.00254258	-0.00389135	-0.00963607	-0.00926491	-0.00992355	-0.0093157	-0.00696777	-0.00298086	-0.00314375	-0.00732447	-0.00991504	-0.0164094	-0.0218565	-0.01848	-0.0148193	-0.0127923	-0.0117876	-0.0171443	-0.030176	-0.0340208	-0.0338382	-0.0282934	-0.0263916	-0.0249985	-0.0308129	-0.0411091	-0.0574383	-0.0661163	-0.0702033	-0.0652951	-0.0504393	-0.0400799	-0.0512208	-0.0813642	-0.123015	-0.182677	-0.261038	-0.346247	-0.427787	-0.492665	-0.545652	-0.59422	-0.640805	-0.659597	-0.635238	-0.56392	-0.448925	-0.278131	-0.0447774	0.233746	0.529335	0.799238	0.99756	1.09547	1.09331	1.01334	0.894539	0.758823	0.637649	0.577171	0.595965	0.690215	0.822474	0.95261	1.05844	1.10812	1.06922	0.927725	0.69969	0.419996	0.131953	-0.123454	-0.330909	-0.48378	-0.582111	-0.63726	-0.641877	-0.597874	-0.541396	-0.492057	-0.438936	-0.371238	-0.288993	-0.202277	-0.122386	-0.0554816	-0.00538408	0.0243964	0.025919	0	
0	0.000783928	-0.000906746	0.00119637	0.00126045	0.000236019	0.000629272	-0.003909	-0.00599163	-0.0102617	-0.0148283	-0.0121757	-0.0135482	-0.0122159	-0.00814636	-0.00667829	-0.00456437	-0.00702011	-0.00966796	-0.016394	-0.0176381	-0.0194724	-0.0171502	-0.00951407	-0.00893522	-0.0144402	-0.0194757	-0.0267566	-0.0337811	-0.0307117	-0.0252174	-0.0232469	-0.0256138	-0.0302604	-0.0388488	-0.054809	-0.0703246	-0.0702033	-0.0616251	-0.0516285	-0.0460919	-0.0498625	-0.0766635	-0.120017	-0.177442	-0.248906	-0.3245	-0.395374	-0.452954	-0.494499	-0.5216	-0.538941	-0.553871	-0.544619	-0.506591	-0.436257	-0.329504	-0.171856	0.0435033	0.298749	0.560786	0.791267	0.952269	1.01816	0.999268	0.921336	0.815173	0.698425	0.596242	0.544282	0.559108	0.639883	0.754528	0.868765	0.96442	1.01938	1.00639	0.902399	0.713684	0.469636	0.207458	-0.0342366	-0.23214	-0.370748	-0.454386	-0.506043	-0.525355	-0.513005	-0.49531	-0.480129	-0.452112	-0.403499	-0.33694	-0.257057	-0.168525	-0.085336	-0.0269364	0.00264601	0.0094787	0	
