0	0	0	0	0	0	0	0	0	0	0	0	0	0	0	0	0	0	0	0	0	0	0	0	0	0	0	0	0	0	0	0	0	0	0	0	0	0	0	0	0	0	0	0	0	0	0	0	0	0	0	0	0	0	0	0	0	0	0	0	0	0	0	0	0	0	0	0	0	0	0	0	0	0	0	0	0	0	0	0	0	0	0	0	0	0	0	0	0	0	0	0	0	0	0	0	0	0	0	0	
0	-0.0156632	-0.0316545	-0.0460548	-0.05971	-0.0696194	-0.0749884	-0.074358	-0.0668651	-0.0543626	-0.0394913	-0.0268244	-0.0206021	-0.0235977	-0.0361724	-0.0538668	-0.0760558	-0.094681	-0.112731	-0.128321	-0.139679	-0.148879	-0.149999	-0.143515	-0.133534	-0.124233	-0.118629	-0.120515	-0.123087	-0.128239	-0.130987	-0.134699	-0.134936	-0.130631	-0.123724	-0.121301	-0.122952	-0.127245	-0.126348	-0.12268	-0.118111	-0.11633	-0.113552	-0.112916	-0.112591	-0.109839	-0.103555	-0.10049	-0.0977646	-0.0973095	-0.0944757	-0.0879018	-0.0818798	-0.0826812	-0.079113	-0.0726329	-0.0669567	-0.0632292	-0.0574563	-0.0501272	-0.0422756	-0.0324565	-0.0233115	-0.0149637	-0.00899618	-0.00350104	-0.00548633	-0.0164239	-0.0306208	-0.0458298	-0.0639534	-0.0792256	-0.0813929	-0.0736538	-0.0618952	-0.044815	-0.0254062	-0.00951038	0.00520025	0.016087	0.0236802	0.0279005	0.0228078	0.0137319	0.000904976	-0.009652	-0.00758107	-0.00343341	-0.0032206	-0.00110761	0.00421316	0.00846489	0.00662164	-0.000993084	-0.00754748	-0.00510042	0.00212062	0.00525275	0.00414499	0	
0	-0.0316545	-0.0605883	-0.0919365	-0.116171	-0.137052	-0.148011	-0.145665	-0.133027	-0.10761	-0.0792926	-0.0547744	-0.0424992	-0.0483015	-0.0723651	-0.107472	-0.148832	-0.186657	-0.22203	-0.251688	-0.277581	-0.295347	-0.29728	-0.285979	-0.265175	-0.242509	-0.234614	-0.236036	-0.241594	-0.253392	-0.260386	-0.265103	-0.266201	-0.256722	-0.245604	-0.240734	-0.242492	-0.250588	-0.253505	-0.245436	-0.233822	-0.23082	-0.229357	-0.227816	-0.225935	-0.22071	-0.210662	-0.204246	-0.199414	-0.197586	-0.19386	-0.17945	-0.169217	-0.168801	-0.162866	-0.149385	-0.137799	-0.131019	-0.11791	-0.105479	-0.0881202	-0.0704232	-0.0519575	-0.0356674	-0.0249567	-0.0131858	-0.0181378	-0.0385613	-0.0666491	-0.0957846	-0.131037	-0.160765	-0.164032	-0.150141	-0.125671	-0.0929408	-0.0555605	-0.0217281	0.00583035	0.0293455	0.0474437	0.0541508	0.0463183	0.028533	-0.000286903	-0.0201129	-0.0161278	-0.00909784	-0.00621557	-0.000779661	0.00886374	0.0162086	0.0115295	-0.00175703	-0.0128238	-0.0111906	0.000817654	0.0114812	0.0125532	0	
0	-0.0460548	-0.0919365	-0.135021	-0.17402	-0.203275	-0.218924	-0.216118	-0.194362	-0.156386	-0.11216	-0.0737425	-0.0543302	-0.0618462	-0.0977106	-0.149684	-0.213772	-0.270162	-0.323097	-0.369427	-0.404219	-0.430898	-0.434378	-0.416163	-0.386026	-0.357412	-0.341494	-0.345423	-0.353377	-0.368713	-0.377848	-0.387857	-0.389176	-0.377543	-0.359471	-0.351907	-0.357031	-0.369748	-0.369882	-0.36	-0.348035	-0.343348	-0.337627	-0.336724	-0.33687	-0.330338	-0.314624	-0.306597	-0.299851	-0.299729	-0.293162	-0.275234	-0.259752	-0.261452	-0.252648	-0.234809	-0.219126	-0.208234	-0.191414	-0.171066	-0.147315	-0.119091	-0.0915282	-0.0667232	-0.0486893	-0.0319844	-0.0373052	-0.0682466	-0.109338	-0.153809	-0.206672	-0.250528	-0.256935	-0.234217	-0.198128	-0.146991	-0.0882984	-0.0388245	0.00540802	0.0398604	0.0645086	0.0772835	0.0644549	0.0379192	-5.91444e-05	-0.0295	-0.024579	-0.0130931	-0.0109686	-0.00401144	0.0116593	0.023502	0.018064	-0.00257536	-0.0209133	-0.0153052	0.00485122	0.015164	0.012643	0	
0	-0.05971	-0.116171	-0.17402	-0.221144	-0.259781	-0.278773	-0.273516	-0.245282	-0.194018	-0.135848	-0.0847119	-0.0579048	-0.0668626	-0.111075	-0.179303	-0.259876	-0.334245	-0.404142	-0.462992	-0.512548	-0.547599	-0.552338	-0.530419	-0.490498	-0.448203	-0.429518	-0.431299	-0.442562	-0.463939	-0.477974	-0.490176	-0.493138	-0.476727	-0.455746	-0.447429	-0.452719	-0.469681	-0.475806	-0.464224	-0.445999	-0.441544	-0.440061	-0.440377	-0.439947	-0.432787	-0.417612	-0.407683	-0.401232	-0.400981	-0.396152	-0.373245	-0.356319	-0.357199	-0.347651	-0.325861	-0.305861	-0.29248	-0.270057	-0.245774	-0.213892	-0.178921	-0.142585	-0.111094	-0.087835	-0.0660371	-0.0737973	-0.112221	-0.166464	-0.223401	-0.29176	-0.348379	-0.355135	-0.327111	-0.2779	-0.210296	-0.133964	-0.0650855	-0.00700142	0.0410444	0.0782889	0.0950652	0.0818796	0.0479657	-0.00403266	-0.0409675	-0.0364889	-0.022922	-0.0165417	-0.00579025	0.0149134	0.0302308	0.0213573	-0.0041204	-0.0251127	-0.0213117	0.00173343	0.0208165	0.0219323	0	
0	-0.0696194	-0.137052	-0.203275	-0.259781	-0.303022	-0.323896	-0.314305	-0.275924	-0.209619	-0.134145	-0.0668144	-0.0305452	-0.0369459	-0.0898262	-0.171733	-0.271004	-0.36481	-0.449884	-0.525394	-0.584754	-0.627307	-0.633956	-0.60717	-0.557985	-0.509401	-0.484452	-0.487066	-0.501026	-0.525821	-0.54401	-0.558905	-0.562748	-0.547252	-0.524413	-0.512305	-0.521543	-0.542304	-0.549608	-0.537914	-0.523377	-0.518056	-0.51563	-0.518044	-0.522011	-0.516869	-0.500356	-0.491412	-0.485626	-0.489814	-0.485387	-0.46287	-0.445559	-0.448535	-0.440234	-0.417727	-0.397016	-0.381685	-0.357551	-0.329395	-0.292378	-0.250037	-0.206416	-0.167465	-0.13843	-0.11263	-0.120816	-0.168429	-0.233807	-0.306009	-0.390583	-0.458716	-0.470025	-0.434509	-0.372872	-0.287674	-0.189247	-0.102162	-0.0271379	0.0349396	0.0814648	0.104462	0.0899933	0.0489301	-0.0109773	-0.0539964	-0.0494392	-0.0325592	-0.0249631	-0.0110973	0.014746	0.0324346	0.0239489	-0.00455604	-0.0307299	-0.0252444	0.00376331	0.022709	0.0207456	0	
0	-0.0749884	-0.148011	-0.218924	-0.278773	-0.323896	-0.341144	-0.325284	-0.273505	-0.190756	-0.0965939	-0.0125672	0.0361592	0.0316945	-0.023822	-0.118881	-0.232818	-0.341588	-0.44328	-0.530668	-0.601985	-0.652726	-0.662753	-0.63289	-0.577179	-0.52014	-0.489126	-0.489245	-0.506721	-0.535667	-0.557778	-0.580068	-0.587184	-0.569428	-0.54241	-0.532356	-0.543509	-0.570128	-0.581818	-0.573264	-0.556562	-0.553538	-0.555921	-0.562849	-0.569408	-0.56672	-0.5552	-0.547628	-0.546002	-0.553582	-0.553585	-0.533423	-0.518523	-0.524334	-0.518477	-0.498549	-0.478684	-0.462656	-0.439428	-0.408955	-0.369565	-0.322998	-0.273544	-0.231634	-0.197402	-0.171187	-0.182244	-0.236851	-0.316035	-0.401855	-0.501428	-0.581589	-0.595072	-0.555272	-0.481827	-0.378406	-0.261577	-0.155475	-0.0632094	0.0128923	0.0716494	0.102963	0.0905195	0.0442552	-0.0220193	-0.0698359	-0.0692434	-0.0505248	-0.0382221	-0.0205719	0.0120678	0.035705	0.0253348	-0.00850236	-0.036649	-0.0308439	0.000792616	0.0258635	0.0264516	0	
0	-0.074358	-0.145665	-0.216118	-0.273516	-0.314305	-0.325284	-0.297115	-0.230004	-0.127224	-0.011386	0.0934476	0.156205	0.161802	0.103783	0.00110391	-0.124352	-0.251317	-0.365904	-0.46828	-0.552303	-0.610309	-0.623273	-0.59234	-0.529474	-0.46423	-0.430334	-0.430096	-0.451084	-0.484407	-0.514987	-0.536922	-0.545267	-0.531103	-0.509529	-0.496642	-0.510644	-0.539031	-0.557397	-0.551572	-0.540391	-0.537943	-0.544171	-0.554865	-0.566778	-0.569736	-0.562705	-0.558995	-0.561826	-0.575668	-0.581055	-0.566099	-0.557441	-0.566048	-0.566699	-0.552132	-0.536105	-0.523508	-0.502215	-0.474962	-0.434908	-0.387398	-0.336831	-0.291562	-0.257022	-0.231726	-0.246671	-0.311145	-0.402064	-0.505207	-0.621101	-0.711715	-0.732844	-0.690953	-0.606105	-0.488095	-0.352096	-0.225349	-0.116711	-0.0235062	0.0494353	0.0872403	0.0783131	0.0286061	-0.0445824	-0.0950654	-0.0946266	-0.0737161	-0.0564674	-0.0319856	0.00480791	0.0282133	0.0191204	-0.011839	-0.0398426	-0.0353567	-0.00245384	0.0247795	0.0255937	0	
0	-0.0668651	-0.133027	-0.194362	-0.245282	-0.275924	-0.273505	-0.230004	-0.140748	-0.0143798	0.127755	0.255958	0.339205	0.353786	0.30015	0.190765	0.0536215	-0.085758	-0.215048	-0.329852	-0.423496	-0.488622	-0.508004	-0.476173	-0.41103	-0.344573	-0.30445	-0.302073	-0.326641	-0.363315	-0.397571	-0.430165	-0.444962	-0.433313	-0.407695	-0.397409	-0.415152	-0.449805	-0.470883	-0.47067	-0.462156	-0.462813	-0.472955	-0.488982	-0.505803	-0.513723	-0.513467	-0.51415	-0.523623	-0.543533	-0.554718	-0.549158	-0.547248	-0.561625	-0.569304	-0.563482	-0.555196	-0.545957	-0.532822	-0.508112	-0.472772	-0.427171	-0.377022	-0.334302	-0.299116	-0.280567	-0.302792	-0.377207	-0.484922	-0.60793	-0.74164	-0.846421	-0.877013	-0.835762	-0.743354	-0.609632	-0.456188	-0.312676	-0.185643	-0.0777207	0.00537962	0.053711	0.0496894	-0.00219953	-0.073755	-0.124844	-0.129974	-0.108098	-0.0856256	-0.0558844	-0.0118847	0.0195463	0.0136119	-0.0206081	-0.0500121	-0.0429926	-0.00693485	0.0234266	0.0255174	0	
0	-0.0543626	-0.10761	-0.156386	-0.194018	-0.209619	-0.190756	-0.127224	-0.0143798	0.137117	0.307282	0.461279	0.565887	0.597322	0.550733	0.441281	0.299583	0.147998	0.00697662	-0.119955	-0.227019	-0.300546	-0.325391	-0.295643	-0.228334	-0.155469	-0.113196	-0.111118	-0.140016	-0.182562	-0.227431	-0.262238	-0.278751	-0.272653	-0.255134	-0.247365	-0.265825	-0.30079	-0.328395	-0.334601	-0.330555	-0.333085	-0.347835	-0.367549	-0.388174	-0.402039	-0.408943	-0.413933	-0.429635	-0.454104	-0.472086	-0.475382	-0.482159	-0.500287	-0.515911	-0.52011	-0.519162	-0.51719	-0.5108	-0.493513	-0.464356	-0.424287	-0.380461	-0.341405	-0.312199	-0.303674	-0.336674	-0.424144	-0.549061	-0.695156	-0.848585	-0.968115	-1.01298	-0.979403	-0.882713	-0.74018	-0.575492	-0.414984	-0.272962	-0.149152	-0.0511542	0.00498731	0.00675043	-0.0448556	-0.119438	-0.171947	-0.17872	-0.155061	-0.124353	-0.0844338	-0.0359453	-0.00375989	-0.00663	-0.0346683	-0.0576281	-0.0505644	-0.0167182	0.0167396	0.0228532	0	
0	-0.0394913	-0.0792926	-0.11216	-0.135848	-0.134145	-0.0965939	-0.011386	0.127755	0.307282	0.508199	0.691508	0.821441	0.872564	0.835954	0.729716	0.582623	0.421636	0.269885	0.131871	0.0159689	-0.0628203	-0.0942655	-0.0667637	-0.000740837	0.0705309	0.115446	0.118672	0.0873165	0.041563	-0.0105668	-0.0536228	-0.0787793	-0.0797476	-0.0644173	-0.0577118	-0.079833	-0.1178	-0.148819	-0.159995	-0.160755	-0.165107	-0.18128	-0.203816	-0.226966	-0.245541	-0.255851	-0.265218	-0.285343	-0.313075	-0.334602	-0.347407	-0.361776	-0.383277	-0.406258	-0.420044	-0.428052	-0.433008	-0.435165	-0.424759	-0.403622	-0.370084	-0.333678	-0.299643	-0.277057	-0.281511	-0.327402	-0.430188	-0.575449	-0.749877	-0.927253	-1.06596	-1.132	-1.11062	-1.01479	-0.866765	-0.692643	-0.520429	-0.365206	-0.229213	-0.123743	-0.0610621	-0.0545144	-0.104878	-0.175636	-0.227279	-0.238131	-0.215366	-0.179486	-0.130947	-0.076429	-0.0372852	-0.0310948	-0.0549409	-0.0754499	-0.0653022	-0.028729	0.00772109	0.0169606	0	
0	-0.0268244	-0.0547744	-0.0737425	-0.0847119	-0.0668144	-0.0125672	0.0934476	0.255958	0.461279	0.691508	0.900772	1.05931	1.12915	1.11008	1.01105	0.865406	0.701046	0.541263	0.394871	0.270838	0.185792	0.148504	0.174245	0.239683	0.312836	0.36183	0.366423	0.332579	0.280127	0.221403	0.170842	0.14045	0.131773	0.142484	0.140956	0.118447	0.0796604	0.0465676	0.0281525	0.024103	0.0174991	-0.000747801	-0.0231118	-0.0471992	-0.06736	-0.0822335	-0.0928903	-0.116242	-0.142701	-0.165652	-0.185839	-0.204311	-0.226802	-0.252928	-0.273084	-0.287547	-0.296603	-0.305225	-0.299471	-0.285046	-0.259206	-0.229491	-0.202724	-0.187924	-0.206877	-0.26937	-0.386086	-0.554063	-0.757701	-0.958564	-1.12018	-1.20982	-1.20739	-1.12028	-0.973433	-0.799068	-0.621421	-0.456636	-0.311389	-0.199499	-0.131724	-0.121765	-0.172266	-0.242776	-0.296605	-0.313438	-0.291827	-0.247407	-0.188917	-0.130538	-0.085886	-0.0716616	-0.0884479	-0.099097	-0.0833077	-0.04725	-0.0077038	0.00869242	0	
0	-0.0206021	-0.0424992	-0.0543302	-0.0579048	-0.0305452	0.0361592	0.156205	0.339205	0.565887	0.821441	1.05931	1.24006	1.33715	1.33178	1.2457	1.10361	0.937225	0.772281	0.621844	0.492223	0.406054	0.367717	0.392744	0.45758	0.533612	0.586704	0.593734	0.561972	0.509394	0.440768	0.385532	0.349692	0.333375	0.332962	0.327957	0.303814	0.265998	0.229395	0.205215	0.196246	0.187516	0.171425	0.148335	0.126503	0.103839	0.0911402	0.0784061	0.0557778	0.0331576	0.0120613	-0.0109584	-0.0320404	-0.0516914	-0.0776048	-0.100995	-0.117087	-0.130348	-0.139437	-0.136221	-0.125994	-0.10255	-0.0801355	-0.0543068	-0.0462374	-0.07818	-0.152619	-0.28517	-0.473042	-0.705844	-0.934015	-1.11837	-1.23699	-1.25942	-1.18379	-1.04503	-0.875691	-0.695524	-0.527328	-0.378973	-0.264904	-0.199117	-0.191412	-0.240665	-0.31207	-0.371815	-0.39394	-0.376277	-0.330029	-0.262927	-0.20003	-0.151687	-0.12728	-0.131504	-0.131435	-0.11052	-0.0726046	-0.0287626	-0.00416562	0	
0	-0.0235977	-0.0483015	-0.0618462	-0.0668626	-0.0369459	0.0316945	0.161802	0.353786	0.597322	0.872564	1.12915	1.33715	1.4512	1.46758	1.39421	1.25886	1.09574	0.930238	0.776251	0.648539	0.56348	0.527157	0.55567	0.624549	0.704164	0.765051	0.781183	0.755772	0.701514	0.634668	0.57504	0.529741	0.504439	0.502015	0.489593	0.462297	0.422901	0.384748	0.355606	0.341349	0.329952	0.311617	0.291661	0.270115	0.249905	0.236467	0.224346	0.203062	0.186831	0.171138	0.146747	0.127858	0.112434	0.0910572	0.0709529	0.0546176	0.0440587	0.0373607	0.0431782	0.0558319	0.0771695	0.101106	0.12657	0.13229	0.0940432	0.00690322	-0.133459	-0.339273	-0.598385	-0.847448	-1.0571	-1.20378	-1.25097	-1.19433	-1.06717	-0.906551	-0.732139	-0.563281	-0.414823	-0.306533	-0.246165	-0.242885	-0.29712	-0.372686	-0.439229	-0.473371	-0.465511	-0.41772	-0.347025	-0.285363	-0.230117	-0.191967	-0.18655	-0.17742	-0.147444	-0.104233	-0.0546442	-0.0192428	0	
0	-0.0361724	-0.0723651	-0.0977106	-0.111075	-0.0898262	-0.023822	0.103783	0.30015	0.550733	0.835954	1.11008	1.33178	1.46758	1.4993	1.44079	1.31546	1.15744	0.992133	0.841537	0.714294	0.634419	0.604728	0.639521	0.714951	0.805662	0.880249	0.908955	0.895212	0.849338	0.781099	0.720025	0.677103	0.650464	0.635585	0.614238	0.58656	0.549079	0.509983	0.474019	0.452288	0.43419	0.41744	0.396866	0.377164	0.355446	0.344287	0.33062	0.311706	0.302363	0.291699	0.27024	0.253453	0.244131	0.230366	0.216149	0.204888	0.198063	0.199503	0.212603	0.230455	0.257704	0.285111	0.316572	0.325646	0.284054	0.193841	0.0478315	-0.169738	-0.445027	-0.713716	-0.942085	-1.11257	-1.18569	-1.14566	-1.03347	-0.886473	-0.717662	-0.552477	-0.409325	-0.30634	-0.255395	-0.262673	-0.321822	-0.406511	-0.490106	-0.539508	-0.54275	-0.501272	-0.431864	-0.370071	-0.314679	-0.272288	-0.253427	-0.227271	-0.187405	-0.141523	-0.0879192	-0.0399321	0	
0	-0.0538668	-0.107472	-0.149684	-0.179303	-0.171733	-0.118881	0.00110391	0.190765	0.441281	0.729716	1.01105	1.2457	1.39421	1.44079	1.39435	1.27583	1.12117	0.956715	0.804686	0.683553	0.609368	0.590889	0.635582	0.721692	0.823993	0.913377	0.96083	0.967564	0.934998	0.879316	0.826597	0.780941	0.749761	0.733207	0.711045	0.680894	0.643859	0.602697	0.562105	0.532429	0.509798	0.488679	0.466693	0.445637	0.425208	0.413372	0.397184	0.37953	0.375276	0.370699	0.352077	0.338658	0.33349	0.328595	0.322337	0.316435	0.315188	0.326309	0.348122	0.375453	0.410157	0.446598	0.487847	0.504148	0.468887	0.38029	0.236175	0.0154007	-0.269362	-0.54848	-0.792453	-0.982455	-1.0747	-1.05236	-0.953197	-0.815328	-0.65213	-0.488346	-0.349418	-0.25548	-0.217478	-0.237532	-0.305507	-0.402155	-0.501464	-0.568774	-0.591178	-0.563353	-0.504558	-0.452632	-0.397863	-0.34447	-0.313884	-0.281978	-0.23584	-0.18152	-0.119801	-0.0589812	0	
0	-0.0760558	-0.148832	-0.213772	-0.259876	-0.271004	-0.232818	-0.124352	0.0536215	0.299583	0.582623	0.865406	1.10361	1.25886	1.31546	1.27583	1.16486	1.01058	0.845808	0.692306	0.571183	0.50088	0.490201	0.541669	0.639569	0.756906	0.86532	0.939293	0.969798	0.957284	0.917499	0.874847	0.83994	0.819427	0.800664	0.774922	0.745268	0.712993	0.674147	0.633873	0.594522	0.562401	0.535602	0.513653	0.489854	0.467085	0.451203	0.431027	0.412587	0.410152	0.408432	0.393358	0.380366	0.37864	0.380292	0.383601	0.382348	0.388026	0.40957	0.440873	0.480559	0.523765	0.573044	0.624095	0.651006	0.625311	0.542315	0.403948	0.184354	-0.0991153	-0.382561	-0.634306	-0.833646	-0.93839	-0.927389	-0.839066	-0.707934	-0.546859	-0.384214	-0.246403	-0.156855	-0.128031	-0.156119	-0.232274	-0.342935	-0.461991	-0.553925	-0.597583	-0.586761	-0.544939	-0.502888	-0.454482	-0.406127	-0.36973	-0.325653	-0.271097	-0.214541	-0.151039	-0.0790629	0	
0	-0.094681	-0.186657	-0.270162	-0.334245	-0.36481	-0.341588	-0.251317	-0.085758	0.147998	0.421636	0.701046	0.937225	1.09574	1.15744	1.12117	1.01058	0.85306	0.678954	0.517874	0.391729	0.320593	0.314253	0.372949	0.477881	0.605993	0.731861	0.828872	0.886517	0.903251	0.888699	0.864776	0.845443	0.833815	0.820771	0.801331	0.778856	0.754136	0.723273	0.680532	0.635688	0.598795	0.569829	0.541217	0.513149	0.488861	0.469053	0.443355	0.420911	0.417531	0.417205	0.404931	0.391855	0.389217	0.397655	0.406873	0.410313	0.421556	0.449647	0.491237	0.538707	0.592882	0.653027	0.713341	0.753485	0.738214	0.667026	0.536006	0.323137	0.0487931	-0.234508	-0.489641	-0.692838	-0.804238	-0.802362	-0.719246	-0.588483	-0.42293	-0.251717	-0.110186	-0.0195071	0.00635433	-0.029443	-0.110794	-0.229411	-0.364662	-0.476096	-0.539022	-0.55328	-0.538178	-0.51277	-0.474401	-0.428929	-0.38904	-0.345407	-0.291092	-0.232454	-0.169685	-0.0933834	0	
0	-0.112731	-0.22203	-0.323097	-0.404142	-0.449884	-0.44328	-0.365904	-0.215048	0.00697662	0.269885	0.541263	0.772281	0.930238	0.992133	0.956715	0.845808	0.678954	0.496523	0.31983	0.182475	0.101255	0.0920158	0.145507	0.253314	0.387391	0.524579	0.644852	0.730337	0.77361	0.784436	0.785531	0.786769	0.794182	0.792932	0.78683	0.772498	0.761477	0.740324	0.71051	0.665293	0.624858	0.587115	0.558497	0.529074	0.502082	0.474415	0.441914	0.415552	0.406137	0.404814	0.393488	0.377241	0.372977	0.383232	0.397748	0.40433	0.4197	0.454712	0.501908	0.559828	0.62253	0.692918	0.762866	0.811745	0.81004	0.748952	0.623859	0.421304	0.157071	-0.121744	-0.375688	-0.578842	-0.690148	-0.692868	-0.613999	-0.478395	-0.303236	-0.122412	0.031806	0.133076	0.163025	0.1337	0.0550402	-0.0684585	-0.210957	-0.337854	-0.420507	-0.456689	-0.465321	-0.457018	-0.433812	-0.400712	-0.36412	-0.323411	-0.275976	-0.224784	-0.167679	-0.0933255	0	
0	-0.128321	-0.251688	-0.369427	-0.462992	-0.525394	-0.530668	-0.46828	-0.329852	-0.119955	0.131871	0.394871	0.621844	0.776251	0.841537	0.804686	0.692306	0.517874	0.31983	0.127614	-0.0291177	-0.123743	-0.145905	-0.1008	-0.00105137	0.128924	0.268814	0.40502	0.508671	0.580894	0.620394	0.642353	0.666244	0.695013	0.71174	0.71927	0.721391	0.72883	0.730317	0.712347	0.671969	0.633215	0.598568	0.569255	0.536344	0.508104	0.474061	0.437916	0.402068	0.385728	0.379606	0.368218	0.346985	0.33824	0.348187	0.363918	0.372645	0.392258	0.42905	0.482537	0.546976	0.617837	0.698206	0.772951	0.832828	0.841493	0.790621	0.67307	0.478277	0.227681	-0.0456531	-0.299067	-0.498174	-0.609037	-0.616804	-0.538673	-0.396926	-0.209809	-0.0121258	0.159331	0.276567	0.322639	0.306877	0.236752	0.123143	-0.0146887	-0.14793	-0.238752	-0.293298	-0.32865	-0.336171	-0.323346	-0.303731	-0.279734	-0.249738	-0.21227	-0.175771	-0.140507	-0.0847164	0	
0	-0.139679	-0.277581	-0.404219	-0.512548	-0.584754	-0.601985	-0.552303	-0.423496	-0.227019	0.0159689	0.270838	0.492223	0.648539	0.714294	0.683553	0.571183	0.391729	0.182475	-0.0291177	-0.206476	-0.320804	-0.362138	-0.33277	-0.246667	-0.129775	0.00719476	0.144917	0.261757	0.352994	0.411329	0.454978	0.504014	0.548357	0.582214	0.609019	0.629663	0.657449	0.681977	0.68488	0.661653	0.631943	0.599981	0.57161	0.544513	0.516572	0.479061	0.436218	0.394338	0.366734	0.355502	0.339142	0.311882	0.296843	0.301705	0.314891	0.323968	0.345541	0.381431	0.438186	0.506295	0.585358	0.670699	0.751755	0.818773	0.836674	0.797477	0.684062	0.501267	0.262233	-0.00482028	-0.253264	-0.451214	-0.560737	-0.573806	-0.500152	-0.352606	-0.153952	0.0605769	0.253835	0.394635	0.464673	0.470781	0.418845	0.322996	0.199635	0.0751219	-0.0143129	-0.0798404	-0.129197	-0.147711	-0.149092	-0.142985	-0.129873	-0.116276	-0.102243	-0.0901584	-0.0792447	-0.0520423	0	
0	-0.148879	-0.295347	-0.430898	-0.547599	-0.627307	-0.652726	-0.610309	-0.488622	-0.300546	-0.0628203	0.185792	0.406054	0.56348	0.634419	0.609368	0.50088	0.320593	0.101255	-0.123743	-0.320804	-0.455892	-0.515745	-0.507667	-0.443333	-0.344692	-0.22508	-0.092628	0.0279069	0.131003	0.203523	0.262108	0.32107	0.37991	0.431084	0.472013	0.508228	0.558075	0.607913	0.637105	0.636426	0.620302	0.598027	0.580409	0.561742	0.537576	0.498707	0.456332	0.406107	0.368981	0.347692	0.324252	0.287741	0.263422	0.258344	0.261488	0.269417	0.286981	0.320331	0.374834	0.445662	0.529599	0.618693	0.705617	0.777177	0.80486	0.772899	0.666784	0.493096	0.262695	0.00436647	-0.241343	-0.435493	-0.545533	-0.56378	-0.492065	-0.342372	-0.132813	0.0969026	0.310577	0.476815	0.573017	0.607454	0.580912	0.51136	0.417996	0.314021	0.231138	0.164462	0.109092	0.083328	0.0770961	0.0728146	0.067194	0.0621516	0.053121	0.0324427	0.00640316	-0.00705152	0	
0	-0.149999	-0.29728	-0.434378	-0.552338	-0.633956	-0.662753	-0.623273	-0.508004	-0.325391	-0.0942655	0.148504	0.367717	0.527157	0.604728	0.590889	0.490201	0.314253	0.0920158	-0.145905	-0.362138	-0.515745	-0.601312	-0.613339	-0.569958	-0.495768	-0.393187	-0.273917	-0.160965	-0.0560785	0.0212579	0.085666	0.15417	0.218412	0.276523	0.325373	0.373309	0.438226	0.512689	0.567966	0.591477	0.595523	0.592213	0.587698	0.582095	0.567598	0.538114	0.498321	0.445623	0.400596	0.371957	0.338806	0.29348	0.260344	0.239426	0.230949	0.230612	0.242894	0.266767	0.314865	0.382804	0.464751	0.553875	0.640605	0.714045	0.745274	0.718639	0.620098	0.455196	0.233295	-0.0152687	-0.25235	-0.444235	-0.555201	-0.578473	-0.51337	-0.363227	-0.149383	0.0940786	0.331394	0.522884	0.652385	0.718343	0.717228	0.680303	0.619797	0.541927	0.476922	0.417249	0.363039	0.335099	0.324103	0.310164	0.287211	0.260877	0.226933	0.175201	0.10838	0.0446139	0	
0	-0.143515	-0.285979	-0.416163	-0.530419	-0.60717	-0.63289	-0.59234	-0.476173	-0.295643	-0.0667637	0.174245	0.392744	0.55567	0.639521	0.635582	0.541669	0.372949	0.145507	-0.1008	-0.33277	-0.507667	-0.613339	-0.646258	-0.629396	-0.578523	-0.499123	-0.402843	-0.298395	-0.196692	-0.1197	-0.0525241	0.013759	0.0751287	0.134226	0.182064	0.235087	0.31017	0.39836	0.473514	0.527859	0.556225	0.570955	0.583182	0.601295	0.605039	0.590801	0.561411	0.514732	0.47057	0.436916	0.395415	0.344448	0.301443	0.264768	0.238082	0.227505	0.227053	0.238229	0.274548	0.332713	0.408992	0.491611	0.576653	0.647438	0.677607	0.652549	0.560291	0.400271	0.181529	-0.0585616	-0.289293	-0.478762	-0.59361	-0.620968	-0.557425	-0.4109	-0.19179	0.0660287	0.32147	0.541355	0.701783	0.795773	0.827652	0.824412	0.800038	0.75644	0.706409	0.653834	0.605955	0.573709	0.556108	0.533525	0.494614	0.449819	0.389359	0.3044	0.206584	0.102736	0	
0	-0.133534	-0.265175	-0.386026	-0.490498	-0.557985	-0.577179	-0.529474	-0.41103	-0.228334	-0.000740837	0.239683	0.45758	0.624549	0.714951	0.721692	0.639569	0.477881	0.253314	-0.00105137	-0.246667	-0.443333	-0.569958	-0.629396	-0.635756	-0.610194	-0.556031	-0.4802	-0.388592	-0.296971	-0.222868	-0.156402	-0.0970601	-0.0406888	0.0103275	0.0533661	0.10076	0.173034	0.266089	0.361655	0.433731	0.480666	0.517035	0.554303	0.592914	0.617455	0.628169	0.619406	0.588616	0.554043	0.523948	0.481068	0.431055	0.384508	0.335206	0.2941	0.271524	0.257718	0.256431	0.276742	0.322983	0.38594	0.458348	0.536045	0.597297	0.619914	0.588888	0.499073	0.33889	0.11853	-0.115685	-0.338645	-0.528007	-0.647971	-0.677693	-0.619885	-0.478469	-0.258525	0.00818263	0.284966	0.532971	0.724468	0.851897	0.916099	0.945022	0.956584	0.94185	0.90454	0.859453	0.814023	0.773914	0.744964	0.708538	0.65187	0.588157	0.509736	0.406559	0.282235	0.14169	0	
0	-0.124233	-0.242509	-0.357412	-0.448203	-0.509401	-0.52014	-0.46423	-0.344573	-0.155469	0.0705309	0.312836	0.533612	0.704164	0.805662	0.823993	0.756906	0.605993	0.387391	0.128924	-0.129775	-0.344692	-0.495768	-0.578523	-0.610194	-0.609051	-0.582138	-0.527631	-0.455763	-0.374868	-0.304422	-0.240445	-0.188138	-0.136475	-0.09713	-0.066441	-0.0309332	0.0343461	0.122413	0.220323	0.303861	0.371795	0.424491	0.475951	0.534219	0.587515	0.626599	0.642532	0.636541	0.62538	0.607779	0.574294	0.533442	0.493116	0.43916	0.39094	0.357033	0.333004	0.320084	0.325222	0.357275	0.403171	0.464714	0.529896	0.580856	0.590536	0.550216	0.460593	0.294462	0.0699943	-0.163269	-0.383062	-0.575762	-0.705119	-0.741198	-0.690841	-0.558307	-0.342208	-0.0669269	0.228539	0.502894	0.725504	0.882822	0.978394	1.03937	1.08084	1.08821	1.06127	1.02042	0.970059	0.914169	0.866596	0.811707	0.736645	0.656394	0.566538	0.456267	0.323405	0.166874	0	
0	-0.118629	-0.234614	-0.341494	-0.429518	-0.484452	-0.489126	-0.430334	-0.30445	-0.113196	0.115446	0.36183	0.586704	0.765051	0.880249	0.913377	0.86532	0.731861	0.524579	0.268814	0.00719476	-0.22508	-0.393187	-0.499123	-0.556031	-0.582138	-0.580387	-0.554933	-0.501775	-0.434761	-0.367786	-0.308563	-0.258031	-0.215663	-0.18967	-0.171598	-0.147291	-0.0982651	-0.0236499	0.0706573	0.157255	0.231692	0.291393	0.356252	0.429198	0.502446	0.565525	0.609247	0.635825	0.651891	0.65695	0.640785	0.620854	0.593356	0.548881	0.501823	0.462427	0.434317	0.413853	0.410426	0.427547	0.460609	0.510343	0.564434	0.605212	0.600205	0.551548	0.456305	0.283398	0.0521011	-0.184653	-0.404582	-0.604121	-0.743647	-0.78914	-0.748854	-0.629657	-0.422334	-0.144547	0.16116	0.457292	0.703612	0.883613	1.00926	1.09748	1.16019	1.18427	1.16418	1.11993	1.05842	0.984055	0.908808	0.828999	0.742819	0.655172	0.559443	0.451516	0.325345	0.171633	0	
0	-0.120515	-0.236036	-0.345423	-0.431299	-0.487066	-0.489245	-0.430096	-0.302073	-0.111118	0.118672	0.366423	0.593734	0.781183	0.908955	0.96083	0.939293	0.828872	0.644852	0.40502	0.144917	-0.092628	-0.273917	-0.402843	-0.4802	-0.527631	-0.554933	-0.550394	-0.519386	-0.470155	-0.412134	-0.357874	-0.312982	-0.277126	-0.260982	-0.252418	-0.243338	-0.214104	-0.156219	-0.0743927	0.0057136	0.0806673	0.143397	0.20913	0.282915	0.369058	0.449185	0.516926	0.569591	0.617125	0.647239	0.658721	0.662436	0.658493	0.636057	0.600844	0.566223	0.539938	0.52255	0.514756	0.523088	0.545839	0.58562	0.629696	0.659826	0.642748	0.585302	0.483428	0.304507	0.0707132	-0.168801	-0.389239	-0.592109	-0.740568	-0.795397	-0.770664	-0.669999	-0.477429	-0.210703	0.0974983	0.404827	0.662083	0.861205	1.00653	1.11005	1.1851	1.21091	1.19036	1.14331	1.06786	0.973887	0.874987	0.776027	0.680332	0.585949	0.496202	0.408868	0.300592	0.159118	0	
0	-0.123087	-0.241594	-0.353377	-0.442562	-0.501026	-0.506721	-0.451084	-0.326641	-0.140016	0.0873165	0.332579	0.561972	0.755772	0.895212	0.967564	0.969798	0.886517	0.730337	0.508671	0.261757	0.0279069	-0.160965	-0.298395	-0.388592	-0.455763	-0.501775	-0.519386	-0.516234	-0.483886	-0.4364	-0.38919	-0.345321	-0.314778	-0.309652	-0.314941	-0.323688	-0.309195	-0.266284	-0.20294	-0.136043	-0.0650935	-0.00587733	0.0529893	0.123117	0.210867	0.296727	0.376983	0.452694	0.524768	0.581555	0.620988	0.65077	0.676059	0.683582	0.671075	0.647805	0.632706	0.623324	0.618305	0.622518	0.639538	0.671758	0.708148	0.730321	0.706219	0.644618	0.535214	0.356879	0.124627	-0.114874	-0.334706	-0.540376	-0.69002	-0.756012	-0.747619	-0.662756	-0.491479	-0.239558	0.0605008	0.361436	0.618532	0.817424	0.963372	1.07136	1.14009	1.15674	1.1386	1.08736	0.997875	0.888912	0.769897	0.656661	0.561255	0.476824	0.40653	0.341698	0.253867	0.135011	0	
0	-0.128239	-0.253392	-0.368713	-0.463939	-0.525821	-0.535667	-0.484407	-0.363315	-0.182562	0.041563	0.280127	0.509394	0.701514	0.849338	0.934998	0.957284	0.903251	0.77361	0.580894	0.352994	0.131003	-0.0560785	-0.196692	-0.296971	-0.374868	-0.434761	-0.470155	-0.483886	-0.464942	-0.42815	-0.388011	-0.346188	-0.32658	-0.330719	-0.348238	-0.365962	-0.369001	-0.348636	-0.308482	-0.251717	-0.190011	-0.138343	-0.0880739	-0.0276783	0.050266	0.1299	0.215278	0.300238	0.386155	0.463497	0.526635	0.57867	0.632071	0.674751	0.69118	0.689811	0.69452	0.7015	0.70894	0.718341	0.736679	0.766299	0.796915	0.812982	0.785711	0.718024	0.601688	0.423427	0.196877	-0.0377235	-0.257381	-0.454583	-0.597712	-0.669441	-0.670652	-0.60324	-0.45338	-0.225075	0.050343	0.331358	0.570955	0.755606	0.890666	0.986591	1.03743	1.03706	1.01188	0.954899	0.855554	0.737055	0.61009	0.495442	0.411086	0.346624	0.296809	0.254468	0.19724	0.11016	0	
0	-0.130987	-0.260386	-0.377848	-0.477974	-0.54401	-0.557778	-0.514987	-0.397571	-0.227431	-0.0105668	0.221403	0.440768	0.634668	0.781099	0.879316	0.917499	0.888699	0.784436	0.620394	0.411329	0.203523	0.0212579	-0.1197	-0.222868	-0.304422	-0.367786	-0.412134	-0.4364	-0.42815	-0.404116	-0.366305	-0.323921	-0.30691	-0.314078	-0.341725	-0.378775	-0.403187	-0.399918	-0.380078	-0.341946	-0.296441	-0.249504	-0.210723	-0.162211	-0.100217	-0.0299202	0.0490529	0.131772	0.222202	0.312727	0.39103	0.457704	0.535644	0.611429	0.658455	0.687814	0.716987	0.747723	0.774909	0.798081	0.826199	0.856065	0.885907	0.898429	0.870926	0.800745	0.677503	0.502963	0.286657	0.0582142	-0.15597	-0.341627	-0.474979	-0.547272	-0.560033	-0.508884	-0.381042	-0.183619	0.0602198	0.310186	0.522048	0.683302	0.794787	0.865773	0.888164	0.866664	0.833751	0.77326	0.672042	0.550984	0.422795	0.313667	0.239708	0.193795	0.174055	0.164779	0.134056	0.0732618	0	
0	-0.134699	-0.265103	-0.387857	-0.490176	-0.558905	-0.580068	-0.536922	-0.430165	-0.262238	-0.0536228	0.170842	0.385532	0.57504	0.720025	0.826597	0.874847	0.864776	0.785531	0.642353	0.454978	0.262108	0.085666	-0.0525241	-0.156402	-0.240445	-0.308563	-0.357874	-0.38919	-0.388011	-0.366305	-0.319188	-0.275369	-0.252704	-0.261436	-0.298936	-0.349865	-0.382289	-0.40182	-0.407851	-0.393748	-0.363097	-0.328575	-0.300284	-0.262229	-0.218496	-0.164027	-0.0984883	-0.024309	0.0603916	0.152888	0.23475	0.306104	0.399677	0.494829	0.571	0.630899	0.687748	0.745979	0.798415	0.848721	0.893145	0.934996	0.971071	0.986576	0.966228	0.89446	0.76996	0.599738	0.391416	0.171326	-0.0376988	-0.212786	-0.334936	-0.408431	-0.431781	-0.395943	-0.294846	-0.132146	0.0721708	0.278786	0.455814	0.588603	0.670812	0.714136	0.714675	0.679962	0.641345	0.584654	0.485572	0.357675	0.231161	0.12929	0.0634941	0.0420747	0.0504094	0.0588849	0.0529331	0.0307477	0	
0	-0.134936	-0.266201	-0.389176	-0.493138	-0.562748	-0.587184	-0.545267	-0.444962	-0.278751	-0.0787793	0.14045	0.349692	0.529741	0.677103	0.780941	0.83994	0.845443	0.786769	0.666244	0.504014	0.32107	0.15417	0.013759	-0.0970601	-0.188138	-0.258031	-0.312982	-0.345321	-0.346188	-0.323921	-0.275369	-0.222919	-0.184387	-0.185798	-0.220408	-0.272094	-0.315277	-0.358506	-0.383689	-0.395364	-0.384694	-0.367081	-0.347411	-0.325953	-0.300765	-0.261811	-0.21181	-0.153196	-0.0814915	0.0075314	0.0821031	0.152146	0.246209	0.348327	0.444384	0.529629	0.612364	0.694887	0.778049	0.860105	0.929863	0.993307	1.04368	1.07258	1.06298	0.995809	0.877206	0.711476	0.510824	0.299619	0.0971545	-0.0676361	-0.184152	-0.260643	-0.295082	-0.284092	-0.216567	-0.0961481	0.0552456	0.214612	0.355187	0.459526	0.522306	0.546725	0.535391	0.500648	0.462896	0.410594	0.316775	0.19226	0.0724884	-0.0281954	-0.0931	-0.10189	-0.0788753	-0.0530518	-0.0297519	-0.0134862	0	
0	-0.130631	-0.256722	-0.377543	-0.476727	-0.547252	-0.569428	-0.531103	-0.433313	-0.272653	-0.0797476	0.131773	0.333375	0.504439	0.650464	0.749761	0.819427	0.833815	0.794182	0.695013	0.548357	0.37991	0.218412	0.0751287	-0.0406888	-0.136475	-0.215663	-0.277126	-0.314778	-0.32658	-0.30691	-0.252704	-0.184387	-0.129489	-0.11172	-0.133312	-0.179111	-0.229633	-0.277435	-0.31515	-0.349368	-0.362069	-0.364333	-0.357059	-0.351278	-0.339201	-0.321003	-0.289342	-0.249624	-0.187348	-0.10983	-0.0464361	0.0182678	0.103415	0.200823	0.304261	0.405858	0.506795	0.607436	0.718932	0.831371	0.930779	1.02293	1.09507	1.1479	1.1532	1.10043	0.997934	0.839455	0.648363	0.44488	0.251491	0.0907906	-0.0325155	-0.11675	-0.172141	-0.194859	-0.167248	-0.0980201	0.00133946	0.11448	0.218155	0.302873	0.351184	0.362719	0.356123	0.334773	0.307432	0.270449	0.192565	0.0754995	-0.0436833	-0.14436	-0.207208	-0.216235	-0.189157	-0.14653	-0.101749	-0.0573796	0	
0	-0.123724	-0.245604	-0.359471	-0.455746	-0.524413	-0.54241	-0.509529	-0.407695	-0.255134	-0.0644173	0.142484	0.332962	0.502015	0.635585	0.733207	0.800664	0.820771	0.792932	0.71174	0.582214	0.431084	0.276523	0.134226	0.0103275	-0.09713	-0.18967	-0.260982	-0.309652	-0.330719	-0.314078	-0.261436	-0.185798	-0.11172	-0.072059	-0.0771427	-0.108007	-0.146562	-0.185524	-0.232823	-0.281547	-0.313743	-0.328519	-0.334715	-0.340514	-0.347183	-0.347779	-0.33553	-0.312069	-0.263165	-0.201819	-0.146483	-0.0879441	-0.01646	0.0687024	0.168523	0.277566	0.385297	0.498556	0.630524	0.767078	0.900658	1.02266	1.12967	1.21356	1.24073	1.21582	1.13324	0.988782	0.801974	0.600906	0.415314	0.244446	0.1049	0.00512513	-0.0775291	-0.136141	-0.154438	-0.137576	-0.0894757	-0.0218353	0.0494503	0.117317	0.160142	0.176142	0.187	0.190269	0.183302	0.161476	0.100646	0.00206676	-0.105776	-0.203247	-0.266481	-0.27493	-0.24472	-0.202457	-0.15514	-0.0906903	0	
0	-0.121301	-0.240734	-0.351907	-0.447429	-0.512305	-0.532356	-0.496642	-0.397409	-0.247365	-0.0577118	0.140956	0.327957	0.489593	0.614238	0.711045	0.774922	0.801331	0.78683	0.71927	0.609019	0.472013	0.325373	0.182064	0.0533661	-0.066441	-0.171598	-0.252418	-0.314941	-0.348238	-0.341725	-0.298936	-0.220408	-0.133312	-0.0771427	-0.0568627	-0.0648891	-0.0886762	-0.12077	-0.16264	-0.211414	-0.250408	-0.277789	-0.295538	-0.312953	-0.331155	-0.348703	-0.359391	-0.356396	-0.325784	-0.280152	-0.232625	-0.18197	-0.122769	-0.0501756	0.0433354	0.150607	0.261164	0.384326	0.526526	0.68451	0.845683	1.00154	1.14805	1.26508	1.32567	1.33176	1.27866	1.15284	0.966922	0.770549	0.583325	0.393062	0.22851	0.0981123	-0.0185188	-0.118676	-0.189009	-0.22166	-0.216691	-0.185345	-0.135652	-0.0758985	-0.0326575	-0.002136	0.0328935	0.0594657	0.0763942	0.0764618	0.0386658	-0.0305854	-0.115424	-0.199197	-0.255161	-0.269987	-0.25257	-0.215286	-0.164177	-0.0936844	0	
0	-0.122952	-0.242492	-0.357031	-0.452719	-0.521543	-0.543509	-0.510644	-0.415152	-0.265825	-0.079833	0.118447	0.303814	0.462297	0.58656	0.680894	0.745268	0.778856	0.772498	0.721391	0.629663	0.508228	0.373309	0.235087	0.10076	-0.0309332	-0.147291	-0.243338	-0.323688	-0.365962	-0.378775	-0.349865	-0.272094	-0.179111	-0.108007	-0.0648891	-0.0598228	-0.0691258	-0.0824972	-0.109242	-0.152217	-0.194191	-0.228199	-0.250979	-0.26889	-0.29169	-0.32643	-0.359177	-0.376269	-0.366479	-0.341928	-0.306532	-0.267446	-0.218227	-0.156583	-0.0744089	0.0244587	0.135863	0.263606	0.409687	0.579991	0.763398	0.95293	1.13835	1.29603	1.39717	1.44393	1.42855	1.32451	1.146	0.949034	0.748423	0.53179	0.32954	0.15855	0.00421046	-0.140813	-0.257647	-0.330679	-0.362862	-0.356753	-0.32156	-0.273714	-0.225304	-0.170628	-0.112404	-0.0589717	-0.0104838	0.0127588	0.00685749	-0.0202787	-0.077717	-0.143412	-0.18772	-0.210831	-0.209748	-0.182854	-0.142063	-0.0836823	0	
0	-0.127245	-0.250588	-0.369748	-0.469681	-0.542304	-0.570128	-0.539031	-0.449805	-0.30079	-0.1178	0.0796604	0.265998	0.422901	0.549079	0.643859	0.712993	0.754136	0.761477	0.72883	0.657449	0.558075	0.438226	0.31017	0.173034	0.0343461	-0.0982651	-0.214104	-0.309195	-0.369001	-0.403187	-0.382289	-0.315277	-0.229633	-0.146562	-0.0886762	-0.0691258	-0.0570044	-0.0541886	-0.0705465	-0.105301	-0.143228	-0.176346	-0.196011	-0.210447	-0.235528	-0.277625	-0.321419	-0.357219	-0.376084	-0.374956	-0.358322	-0.337293	-0.300818	-0.252658	-0.184793	-0.099822	0.0122252	0.140061	0.287526	0.463677	0.662364	0.880131	1.09861	1.29607	1.43986	1.52959	1.55163	1.4743	1.31016	1.11212	0.89445	0.650858	0.412942	0.201191	0.00757318	-0.177669	-0.333527	-0.442664	-0.504867	-0.519154	-0.501716	-0.465999	-0.411523	-0.335552	-0.24961	-0.163884	-0.0835786	-0.0262741	0.00932056	0.0214953	-0.00192743	-0.0431398	-0.0841719	-0.117029	-0.131393	-0.129019	-0.111053	-0.0677906	0	
0	-0.126348	-0.253505	-0.369882	-0.475806	-0.549608	-0.581818	-0.557397	-0.470883	-0.328395	-0.148819	0.0465676	0.229395	0.384748	0.509983	0.602697	0.674147	0.723273	0.740324	0.730317	0.681977	0.607913	0.512689	0.39836	0.266089	0.122413	-0.0236499	-0.156219	-0.266284	-0.348636	-0.399918	-0.40182	-0.358506	-0.277435	-0.185524	-0.12077	-0.0824972	-0.0541886	-0.0421213	-0.0475089	-0.0667828	-0.0967904	-0.12557	-0.14658	-0.155561	-0.172035	-0.203689	-0.251052	-0.303227	-0.343566	-0.359173	-0.367648	-0.370742	-0.352015	-0.317799	-0.271816	-0.20242	-0.0970691	0.027833	0.175651	0.350422	0.558934	0.791033	1.0334	1.26092	1.44057	1.56678	1.61739	1.56715	1.4229	1.22552	0.992497	0.73192	0.470495	0.230352	0.00767982	-0.206923	-0.387771	-0.525862	-0.615322	-0.651916	-0.659471	-0.639848	-0.583673	-0.489344	-0.373701	-0.258706	-0.145145	-0.0425238	0.0334991	0.0808116	0.101706	0.0864884	0.0352113	-0.0180699	-0.0537713	-0.0734263	-0.0685938	-0.0399415	0	
0	-0.12268	-0.245436	-0.36	-0.464224	-0.537914	-0.573264	-0.551572	-0.47067	-0.334601	-0.159995	0.0281525	0.205215	0.355606	0.474019	0.562105	0.633873	0.680532	0.71051	0.712347	0.68488	0.637105	0.567966	0.473514	0.361655	0.220323	0.0706573	-0.0743927	-0.20294	-0.308482	-0.380078	-0.407851	-0.383689	-0.31515	-0.232823	-0.16264	-0.109242	-0.0705465	-0.0475089	-0.0327251	-0.0400909	-0.062908	-0.0935614	-0.11023	-0.110806	-0.113195	-0.13398	-0.175259	-0.228651	-0.274606	-0.302221	-0.335683	-0.359064	-0.356476	-0.340657	-0.317728	-0.266095	-0.17419	-0.0539005	0.091493	0.266707	0.474674	0.711073	0.962164	1.20238	1.40355	1.54439	1.60878	1.5765	1.45016	1.25682	1.01727	0.753826	0.490093	0.242752	0.00477829	-0.219167	-0.411238	-0.568495	-0.674318	-0.738003	-0.772571	-0.767301	-0.720107	-0.616715	-0.477297	-0.339122	-0.193263	-0.0460476	0.0702961	0.149917	0.197455	0.195431	0.145368	0.0812281	0.0203016	-0.0199827	-0.0256656	-0.0143505	0	
0	-0.118111	-0.233822	-0.348035	-0.445999	-0.523377	-0.556562	-0.540391	-0.462156	-0.330555	-0.160755	0.024103	0.196246	0.341349	0.452288	0.532429	0.594522	0.635688	0.665293	0.671969	0.661653	0.636426	0.591477	0.527859	0.433731	0.303861	0.157255	0.0057136	-0.136043	-0.251717	-0.341946	-0.393748	-0.395364	-0.349368	-0.281547	-0.211414	-0.152217	-0.105301	-0.0667828	-0.0400909	-0.0384299	-0.0527614	-0.0750465	-0.086066	-0.0862175	-0.0814301	-0.0862331	-0.107381	-0.154244	-0.194835	-0.229115	-0.271334	-0.305558	-0.317304	-0.320004	-0.315228	-0.28114	-0.209767	-0.100093	0.0438776	0.218094	0.422072	0.654871	0.900975	1.14227	1.34165	1.47719	1.53581	1.50364	1.38595	1.19365	0.956831	0.703726	0.456725	0.223591	-0.00589346	-0.220153	-0.408762	-0.565899	-0.684224	-0.773253	-0.828233	-0.840156	-0.79909	-0.69146	-0.544189	-0.385318	-0.215185	-0.0473756	0.0928819	0.196949	0.264756	0.274804	0.22549	0.15446	0.086131	0.0378942	0.0146779	0.00258028	0	
0	-0.11633	-0.23082	-0.343348	-0.441544	-0.518056	-0.553538	-0.537943	-0.462813	-0.333085	-0.165107	0.0174991	0.187516	0.329952	0.43419	0.509798	0.562401	0.598795	0.624858	0.633215	0.631943	0.620302	0.595523	0.556225	0.480666	0.371795	0.231692	0.0806673	-0.0650935	-0.190011	-0.296441	-0.363097	-0.384694	-0.362069	-0.313743	-0.250408	-0.194191	-0.143228	-0.0967904	-0.062908	-0.0527614	-0.0544548	-0.0676015	-0.0804177	-0.083812	-0.0709992	-0.0570118	-0.065723	-0.101139	-0.130616	-0.160172	-0.199512	-0.236536	-0.255424	-0.268849	-0.267974	-0.250154	-0.199643	-0.103817	0.036457	0.207931	0.404072	0.624995	0.857477	1.08364	1.26128	1.37321	1.40777	1.3627	1.23796	1.04876	0.827559	0.594546	0.379089	0.175809	-0.0283047	-0.221429	-0.395133	-0.541507	-0.662215	-0.760984	-0.82784	-0.845558	-0.804123	-0.707118	-0.565971	-0.39855	-0.221219	-0.0454959	0.105774	0.217462	0.292275	0.313045	0.27052	0.196421	0.128247	0.0849207	0.0527249	0.0198376	0	
0	-0.113552	-0.229357	-0.337627	-0.440061	-0.51563	-0.555921	-0.544171	-0.472955	-0.347835	-0.18128	-0.000747801	0.171425	0.311617	0.41744	0.488679	0.535602	0.569829	0.587115	0.598568	0.599981	0.598027	0.592213	0.570955	0.517035	0.424491	0.291393	0.143397	-0.00587733	-0.138343	-0.249504	-0.328575	-0.367081	-0.364333	-0.328519	-0.277789	-0.228199	-0.176346	-0.12557	-0.0935614	-0.0750465	-0.0676015	-0.0773124	-0.0935438	-0.0931861	-0.0744273	-0.0541151	-0.0518178	-0.0665171	-0.081691	-0.103701	-0.133789	-0.162345	-0.181436	-0.190258	-0.18488	-0.174225	-0.139843	-0.0610121	0.0682573	0.226175	0.407435	0.60548	0.81459	1.01241	1.15615	1.23547	1.24309	1.17614	1.03539	0.853231	0.6518	0.446624	0.263895	0.0974079	-0.0657545	-0.229168	-0.374565	-0.498188	-0.609448	-0.704036	-0.773327	-0.792423	-0.757536	-0.678601	-0.552287	-0.39073	-0.214042	-0.0407657	0.108173	0.220321	0.292723	0.316148	0.282066	0.21249	0.148768	0.108037	0.0730787	0.0337676	0	
