0.000000000000000000e+00 0.000000000000000000e+00 0.000000000000000000e+00 0.000000000000000000e+00 0.000000000000000000e+00 0.000000000000000000e+00 0.000000000000000000e+00 0.000000000000000000e+00 0.000000000000000000e+00 0.000000000000000000e+00 0.000000000000000000e+00 0.000000000000000000e+00 0.000000000000000000e+00 0.000000000000000000e+00 0.000000000000000000e+00 0.000000000000000000e+00 0.000000000000000000e+00 0.000000000000000000e+00 0.000000000000000000e+00 0.000000000000000000e+00 0.000000000000000000e+00 0.000000000000000000e+00 0.000000000000000000e+00 0.000000000000000000e+00 0.000000000000000000e+00 0.000000000000000000e+00 0.000000000000000000e+00 0.000000000000000000e+00 0.000000000000000000e+00 0.000000000000000000e+00 0.000000000000000000e+00 0.000000000000000000e+00 0.000000000000000000e+00 0.000000000000000000e+00 0.000000000000000000e+00 0.000000000000000000e+00 0.000000000000000000e+00 0.000000000000000000e+00 0.000000000000000000e+00 0.000000000000000000e+00 0.000000000000000000e+00 0.000000000000000000e+00 0.000000000000000000e+00 0.000000000000000000e+00 0.000000000000000000e+00 0.000000000000000000e+00 0.000000000000000000e+00 0.000000000000000000e+00 0.000000000000000000e+00 0.000000000000000000e+00 0.000000000000000000e+00 0.000000000000000000e+00 0.000000000000000000e+00 0.000000000000000000e+00 0.000000000000000000e+00 0.000000000000000000e+00 0.000000000000000000e+00 0.000000000000000000e+00 0.000000000000000000e+00 0.000000000000000000e+00 0.000000000000000000e+00 0.000000000000000000e+00 0.000000000000000000e+00 0.000000000000000000e+00 0.000000000000000000e+00 0.000000000000000000e+00 0.000000000000000000e+00 0.000000000000000000e+00 0.000000000000000000e+00 0.000000000000000000e+00 0.000000000000000000e+00 0.000000000000000000e+00 0.000000000000000000e+00 0.000000000000000000e+00 0.000000000000000000e+00 0.000000000000000000e+00 0.000000000000000000e+00 0.000000000000000000e+00 0.000000000000000000e+00 0.000000000000000000e+00 0.000000000000000000e+00 0.000000000000000000e+00 0.000000000000000000e+00 0.000000000000000000e+00 0.000000000000000000e+00 0.000000000000000000e+00 0.000000000000000000e+00 0.000000000000000000e+00 0.000000000000000000e+00 0.000000000000000000e+00 0.000000000000000000e+00 0.000000000000000000e+00 0.000000000000000000e+00 0.000000000000000000e+00 0.000000000000000000e+00 0.000000000000000000e+00 0.000000000000000000e+00 0.000000000000000000e+00 0.000000000000000000e+00 0.000000000000000000e+00
0.000000000000000000e+00 1.603210000000000052e-02 1.937899999999999996e-03 -3.002490000000000020e-03 -1.527499999999999995e-03 -5.018360000000000355e-03 -7.426259999999999632e-03 5.657919999999999660e-04 2.056010000000000042e-03 3.867310000000000105e-03 -2.889249999999999891e-03 -1.524030000000000003e-03 1.010469999999999945e-02 -4.433809999999999835e-03 -7.040440000000000240e-03 -5.019960000000000394e-03 1.731719999999999961e-03 -9.620600000000000419e-04 -9.828260000000000121e-03 -1.730949999999999850e-02 -4.286709999999999891e-04 1.082190000000000018e-03 3.082359999999999809e-04 -1.324730000000000005e-02 -2.006859999999999894e-02 -2.094630000000000103e-02 -1.331909999999999952e-03 1.165479999999999988e-02 8.965350000000000402e-03 -1.229760000000000054e-02 -3.610669999999999852e-02 -6.749819999999999431e-02 -8.936020000000000074e-02 -8.930649999999999700e-02 -6.635699999999999932e-02 -2.829819999999999905e-02 9.553020000000000608e-03 6.310880000000000656e-02 1.112640000000000018e-01 1.547610000000000097e-01 1.716360000000000108e-01 1.694650000000000045e-01 1.612790000000000057e-01 1.376930000000000098e-01 1.065200000000000036e-01 5.692330000000000306e-02 -7.105619999999999992e-03 -5.557549999999999990e-02 -9.725480000000000236e-02 -1.096889999999999948e-01 -9.787890000000000479e-02 -8.674410000000000454e-02 -6.028750000000000081e-02 -3.908570000000000100e-02 -3.073640000000000053e-02 -1.535450000000000009e-02 -3.687580000000000198e-03 -5.997249999999999977e-03 2.098699999999999784e-03 1.236819999999999933e-02 -4.431810000000000111e-04 -7.848229999999999443e-03 2.046339999999999791e-03 5.367949999999999805e-03 1.051819999999999969e-04 2.213759999999999947e-03 6.572599999999999623e-03 -1.466199999999999969e-03 -2.524269999999999899e-03 8.351010000000000724e-03 5.037340000000000394e-03 -2.989470000000000148e-03 1.338170000000000071e-03 6.822240000000000248e-03 6.789579999999999921e-03 9.080790000000000042e-04 -3.584159999999999863e-03 5.427969999999999844e-03 1.415169999999999970e-02 6.141530000000000079e-03 -4.324749999999999601e-03 -4.120730000000000399e-03 1.698129999999999952e-03 8.195950000000000457e-03 5.167129999999999813e-03 -2.011459999999999984e-02 -5.727209999999999940e-02 -8.305269999999999320e-02 -9.106920000000000293e-02 -8.362509999999999388e-02 -5.457410000000000039e-02 -3.486139999999999985e-03 5.274890000000000134e-02 9.664749999999999730e-02 1.226870000000000044e-01 1.282969999999999944e-01 1.097500000000000003e-01 7.278360000000000385e-02 3.323899999999999771e-02 0.000000000000000000e+00
0.000000000000000000e+00 1.937899999999999996e-03 -1.412590000000000026e-02 -1.833089999999999893e-03 6.678270000000000040e-03 4.108780000000000245e-03 1.207930000000000071e-03 -3.181080000000000192e-03 -1.425100000000000108e-03 -2.602500000000000212e-03 -1.384600000000000067e-02 -3.895299999999999978e-03 4.754509999999999986e-03 -8.762199999999999503e-03 -9.244489999999999305e-03 -4.650510000000000060e-03 4.882489999999999747e-03 5.420969999999999782e-03 -1.403940000000000049e-02 -1.964559999999999917e-02 2.318390000000000034e-03 8.141570000000000751e-03 1.839869999999999960e-03 -2.108569999999999889e-02 -3.525179999999999980e-02 -3.472859999999999836e-02 -1.645339999999999910e-03 2.207720000000000168e-02 1.246539999999999974e-02 -2.510580000000000103e-02 -7.623499999999999721e-02 -1.319089999999999985e-01 -1.761419999999999930e-01 -1.713669999999999916e-01 -1.271190000000000098e-01 -5.259400000000000186e-02 2.799259999999999943e-02 1.292320000000000135e-01 2.312140000000000029e-01 3.105749999999999900e-01 3.485829999999999762e-01 3.453649999999999776e-01 3.250879999999999881e-01 2.821940000000000004e-01 2.120720000000000105e-01 1.115749999999999936e-01 -1.286250000000000067e-02 -1.206119999999999970e-01 -1.964460000000000095e-01 -2.249279999999999891e-01 -2.073709999999999998e-01 -1.707220000000000126e-01 -1.224289999999999962e-01 -7.587969999999999438e-02 -4.519360000000000044e-02 -2.375220000000000109e-02 -5.973919999999999751e-03 -7.286530000000000264e-03 -4.909179999999999967e-03 1.124339999999999931e-03 -3.728389999999999829e-03 6.617930000000000167e-03 1.180759999999999969e-02 1.734419999999999972e-03 -8.117289999999999662e-04 3.322460000000000170e-03 7.880699999999999164e-03 2.228720000000000007e-03 6.861280000000000417e-04 1.149380000000000020e-02 7.034580000000000347e-03 -2.606300000000000196e-03 3.962079999999999769e-03 1.229489999999999923e-02 1.201759999999999981e-02 2.070189999999999964e-03 -4.292930000000000357e-03 1.135459999999999942e-02 2.497689999999999980e-02 1.085299999999999980e-02 -6.635450000000000202e-03 -5.886760000000000430e-03 4.532190000000000177e-03 1.484320000000000084e-02 6.143779999999999727e-03 -4.250580000000000330e-02 -1.117849999999999955e-01 -1.608009999999999995e-01 -1.769540000000000002e-01 -1.622740000000000016e-01 -1.057509999999999978e-01 -7.925899999999999612e-03 1.001449999999999979e-01 1.861119999999999997e-01 2.379999999999999893e-01 2.493960000000000066e-01 2.135970000000000091e-01 1.423419999999999963e-01 6.557459999999999678e-02 0.000000000000000000e+00
0.000000000000000000e+00 -3.002490000000000020e-03 -1.833089999999999893e-03 8.153649999999999700e-04 1.206150000000000017e-03 1.833530000000000045e-04 -8.271300000000000527e-03 -6.994430000000000265e-03 5.882740000000000018e-03 -4.247890000000000151e-04 -1.357210000000000014e-02 -1.130319999999999979e-04 1.144129999999999930e-03 -8.219370000000000148e-03 -1.017290000000000035e-02 -1.042990000000000063e-02 3.318709999999999889e-03 -1.741850000000000082e-03 -2.285589999999999844e-02 -2.314000000000000085e-02 -4.875120000000000148e-03 6.065229999999999580e-03 -7.912499999999999395e-03 -3.224719999999999670e-02 -4.979379999999999917e-02 -4.511420000000000013e-02 -3.239039999999999888e-03 2.260739999999999972e-02 8.417769999999999767e-03 -4.601790000000000047e-02 -1.184100000000000014e-01 -1.971289999999999987e-01 -2.537519999999999776e-01 -2.459679999999999922e-01 -1.796760000000000024e-01 -7.360569999999999613e-02 5.001189999999999802e-02 1.961890000000000023e-01 3.440090000000000092e-01 4.573699999999999988e-01 5.098709999999999631e-01 5.109879999999999978e-01 4.742879999999999874e-01 4.139050000000000229e-01 3.046340000000000159e-01 1.564699999999999980e-01 -1.898680000000000159e-02 -1.796240000000000059e-01 -2.828030000000000266e-01 -3.247780000000000111e-01 -3.037839999999999985e-01 -2.481629999999999947e-01 -1.804530000000000023e-01 -1.217469999999999941e-01 -6.931489999999999874e-02 -3.962199999999999750e-02 -2.095040000000000097e-02 -5.048310000000000297e-03 -6.815080000000000486e-04 2.219640000000000155e-03 3.167880000000000088e-03 8.142289999999999944e-03 6.523840000000000368e-03 -4.581130000000000098e-04 2.969049999999999988e-03 9.898910000000000348e-03 1.173180000000000056e-02 2.616230000000000205e-03 6.322259999999999469e-04 1.315599999999999929e-02 1.096519999999999960e-02 1.415800000000000045e-03 6.832050000000000102e-03 1.492689999999999989e-02 1.431989999999999999e-02 4.809670000000000264e-03 5.250660000000000310e-04 1.720669999999999839e-02 2.962340000000000112e-02 1.364259999999999952e-02 -4.963519999999999911e-03 -3.513810000000000024e-03 8.902949999999999753e-03 1.813429999999999903e-02 -3.288189999999999971e-04 -6.835410000000000097e-02 -1.608150000000000135e-01 -2.285870000000000124e-01 -2.529020000000000157e-01 -2.314700000000000091e-01 -1.508079999999999976e-01 -1.443679999999999963e-02 1.373890000000000111e-01 2.618329999999999824e-01 3.388349999999999973e-01 3.562480000000000091e-01 3.058879999999999932e-01 2.056689999999999907e-01 9.618219999999999548e-02 0.000000000000000000e+00
0.000000000000000000e+00 -1.527499999999999995e-03 6.678270000000000040e-03 1.206150000000000017e-03 -1.071210000000000044e-02 -7.251330000000000275e-03 5.768039999999999750e-05 -7.521589999999999656e-04 -1.719789999999999904e-03 -6.277160000000000378e-03 -3.400760000000000068e-03 6.555449999999999992e-04 -6.485000000000000313e-03 -9.183840000000000406e-03 -1.230000000000000017e-02 -1.105779999999999957e-02 -4.971889999999999643e-03 -1.252780000000000039e-02 -2.583560000000000023e-02 -2.194250000000000020e-02 -1.061819999999999951e-02 -1.493270000000000101e-03 -1.932139999999999899e-02 -3.898809999999999776e-02 -5.704870000000000080e-02 -4.368579999999999686e-02 -6.070500000000000375e-03 1.722560000000000063e-02 -5.284299999999999588e-03 -7.242099999999999926e-02 -1.622719999999999996e-01 -2.581160000000000121e-01 -3.167030000000000123e-01 -3.060840000000000227e-01 -2.173360000000000014e-01 -8.436989999999999768e-02 8.336620000000000141e-02 2.699710000000000165e-01 4.572459999999999858e-01 5.983260000000000245e-01 6.651829999999999687e-01 6.684550000000000214e-01 6.193929999999999714e-01 5.323409999999999531e-01 3.880379999999999940e-01 1.897850000000000092e-01 -3.149550000000000266e-02 -2.356489999999999974e-01 -3.674390000000000156e-01 -4.175459999999999727e-01 -3.941810000000000036e-01 -3.222269999999999857e-01 -2.373029999999999862e-01 -1.606579999999999953e-01 -9.610929999999999473e-02 -5.537129999999999830e-02 -2.841190000000000035e-02 -7.938469999999999555e-03 -9.679540000000000366e-04 5.206780000000000262e-03 8.520420000000000771e-03 3.330810000000000021e-03 1.206110000000000038e-03 8.728700000000000694e-03 1.377860000000000022e-02 7.231050000000000151e-03 3.417550000000000102e-03 8.045649999999999677e-03 1.215130000000000030e-02 1.196219999999999922e-02 7.826390000000000777e-03 7.750390000000000230e-03 1.352399999999999956e-02 1.562770000000000131e-02 1.313570000000000015e-02 9.598109999999999975e-03 1.072910000000000010e-02 2.181510000000000046e-02 2.778229999999999936e-02 1.537990000000000017e-02 1.752609999999999932e-03 3.590569999999999960e-03 1.417039999999999966e-02 1.613209999999999991e-02 -1.576639999999999986e-02 -9.705869999999999775e-02 -2.018129999999999924e-01 -2.828879999999999728e-01 -3.149870000000000170e-01 -2.877520000000000078e-01 -1.882520000000000027e-01 -2.436489999999999836e-02 1.607059999999999877e-01 3.183730000000000171e-01 4.186440000000000161e-01 4.422030000000000127e-01 3.814930000000000265e-01 2.601319999999999744e-01 1.243230000000000030e-01 0.000000000000000000e+00
0.000000000000000000e+00 -5.018360000000000355e-03 4.108780000000000245e-03 1.833530000000000045e-04 -7.251330000000000275e-03 -2.426900000000000064e-03 4.888779999999999688e-03 -5.983139999999999639e-03 -1.406190000000000044e-02 -7.758260000000000330e-03 2.727400000000000009e-05 -9.538440000000000460e-03 -1.422630000000000075e-02 -5.793630000000000134e-03 -7.180269999999999882e-03 -4.814230000000000072e-03 -1.342390000000000076e-02 -1.573590000000000058e-02 -1.729659999999999878e-02 -1.457660000000000032e-02 -1.426219999999999918e-02 -1.510779999999999935e-02 -3.050299999999999886e-02 -4.512599999999999945e-02 -5.829550000000000010e-02 -3.901170000000000332e-02 -1.730910000000000087e-02 -2.066430000000000176e-03 -3.698989999999999917e-02 -1.105860000000000037e-01 -2.154490000000000016e-01 -3.158929999999999794e-01 -3.702590000000000048e-01 -3.511429999999999829e-01 -2.438649999999999984e-01 -8.359510000000000551e-02 1.263610000000000011e-01 3.493269999999999986e-01 5.704270000000000174e-01 7.319409999999999528e-01 8.164069999999999938e-01 8.197830000000000394e-01 7.618770000000000264e-01 6.435070000000000512e-01 4.635130000000000083e-01 2.187590000000000090e-01 -4.613840000000000302e-02 -2.861380000000000035e-01 -4.468079999999999830e-01 -5.061999999999999833e-01 -4.831150000000000166e-01 -3.970350000000000268e-01 -2.972770000000000135e-01 -1.970889999999999864e-01 -1.199960000000000054e-01 -6.717330000000000523e-02 -3.019000000000000156e-02 -1.075010000000000028e-02 -4.015679999999999771e-03 1.380069999999999951e-03 8.727179999999999313e-03 5.273270000000000041e-03 5.063340000000000375e-03 1.411139999999999964e-02 1.363580000000000000e-02 4.431079999999999568e-03 5.627059999999999701e-03 1.740480000000000152e-02 1.570289999999999880e-02 5.667570000000000247e-03 1.017299999999999975e-02 1.844209999999999947e-02 1.707240000000000146e-02 1.312959999999999995e-02 1.304400000000000004e-02 1.774629999999999957e-02 2.266939999999999927e-02 2.346029999999999990e-02 2.191490000000000105e-02 1.808469999999999869e-02 1.339410000000000080e-02 1.451670000000000044e-02 1.856230000000000033e-02 7.279930000000000428e-03 -3.932279999999999803e-02 -1.261649999999999994e-01 -2.326799999999999979e-01 -3.215649999999999897e-01 -3.604600000000000026e-01 -3.292019999999999946e-01 -2.181510000000000116e-01 -3.919600000000000167e-02 1.676360000000000072e-01 3.516900000000000026e-01 4.717560000000000087e-01 5.014119999999999688e-01 4.361039999999999917e-01 3.034999999999999920e-01 1.492380000000000095e-01 0.000000000000000000e+00
0.000000000000000000e+00 -7.426259999999999632e-03 1.207930000000000071e-03 -8.271300000000000527e-03 5.768039999999999750e-05 4.888779999999999688e-03 -2.641210000000000172e-03 -9.798460000000000156e-03 -1.213230000000000038e-02 1.079929999999999942e-04 -3.000270000000000194e-03 -1.746999999999999942e-02 -1.832690000000000013e-02 -5.006759999999999856e-03 -7.051319999999999810e-03 -1.306569999999999954e-02 -2.420490000000000141e-02 -2.387660000000000129e-02 -9.767510000000000081e-03 -1.352339999999999966e-02 -2.425170000000000103e-02 -3.287820000000000326e-02 -4.000410000000000077e-02 -4.820180000000000298e-02 -4.694310000000000149e-02 -3.374569999999999653e-02 -2.706609999999999919e-02 -3.270880000000000315e-02 -7.311420000000000419e-02 -1.548899999999999999e-01 -2.636419999999999875e-01 -3.593189999999999995e-01 -4.026580000000000159e-01 -3.700450000000000128e-01 -2.507349999999999857e-01 -6.024430000000000063e-02 1.814040000000000097e-01 4.383319999999999994e-01 6.782730000000000148e-01 8.563720000000000221e-01 9.518750000000000266e-01 9.558529999999999527e-01 8.830069999999999864e-01 7.336589999999999501e-01 5.138989999999999947e-01 2.314549999999999941e-01 -6.784360000000000390e-02 -3.353970000000000007e-01 -5.117869999999999919e-01 -5.829579999999999762e-01 -5.557509999999999950e-01 -4.631879999999999886e-01 -3.481639999999999735e-01 -2.353000000000000091e-01 -1.457690000000000097e-01 -7.841860000000000497e-02 -4.314160000000000217e-02 -1.531530000000000044e-02 -3.179690000000000207e-03 -2.559520000000000024e-03 8.937109999999999846e-03 1.001439999999999969e-02 1.306389999999999982e-02 1.473290000000000016e-02 6.359400000000000296e-03 7.347260000000000423e-03 1.565549999999999928e-02 2.097689999999999971e-02 1.188980000000000072e-02 4.366530000000000411e-03 1.871719999999999981e-02 2.635399999999999895e-02 1.630799999999999958e-02 1.127919999999999964e-02 1.638279999999999945e-02 2.773170000000000149e-02 3.264519999999999922e-02 2.197930000000000023e-02 1.586759999999999907e-02 2.376730000000000162e-02 2.869839999999999891e-02 2.689599999999999977e-02 1.956480000000000025e-02 -8.727510000000000823e-03 -6.762269999999999393e-02 -1.519739999999999980e-01 -2.520850000000000035e-01 -3.438660000000000050e-01 -3.880850000000000133e-01 -3.558799999999999741e-01 -2.421449999999999991e-01 -6.033730000000000343e-02 1.570779999999999954e-01 3.591920000000000113e-01 4.937610000000000054e-01 5.293879999999999697e-01 4.665389999999999815e-01 3.338650000000000229e-01 1.699529999999999930e-01 0.000000000000000000e+00
0.000000000000000000e+00 5.657919999999999660e-04 -3.181080000000000192e-03 -6.994430000000000265e-03 -7.521589999999999656e-04 -5.983139999999999639e-03 -9.798460000000000156e-03 -2.050660000000000156e-03 -4.341069999999999825e-03 -3.205439999999999939e-03 -3.300840000000000198e-03 -1.603979999999999989e-02 -1.604080000000000089e-02 -7.009770000000000237e-03 -1.174410000000000037e-02 -2.353480000000000155e-02 -3.421319999999999917e-02 -2.753359999999999835e-02 -8.409500000000000308e-03 -1.829100000000000170e-02 -4.023920000000000274e-02 -4.958970000000000045e-02 -5.007820000000000327e-02 -4.555180000000000340e-02 -3.448919999999999764e-02 -3.233540000000000025e-02 -4.702839999999999798e-02 -7.490320000000000311e-02 -1.211959999999999982e-01 -2.073059999999999903e-01 -3.097719999999999918e-01 -3.915980000000000016e-01 -4.162980000000000014e-01 -3.704799999999999760e-01 -2.372769999999999879e-01 -2.185149999999999940e-02 2.477290000000000048e-01 5.279570000000000096e-01 7.789049999999999585e-01 9.681650000000000533e-01 1.070859999999999923e+00 1.075190000000000090e+00 9.841119999999999868e-01 8.023379999999999956e-01 5.463500000000000023e-01 2.309430000000000094e-01 -9.201429999999999332e-02 -3.766539999999999888e-01 -5.666250000000000453e-01 -6.427490000000000148e-01 -6.166199999999999459e-01 -5.203210000000000335e-01 -3.932999999999999829e-01 -2.734989999999999921e-01 -1.747259999999999924e-01 -9.866579999999999795e-02 -5.611449999999999771e-02 -2.310469999999999885e-02 -2.210319999999999993e-03 5.132049999999999980e-03 1.079459999999999968e-02 1.172100000000000052e-02 1.286290000000000003e-02 8.940359999999999627e-03 1.140900000000000074e-02 1.845739999999999881e-02 1.489730000000000047e-02 1.633690000000000142e-02 1.580909999999999954e-02 1.222909999999999969e-02 2.276310000000000139e-02 2.643790000000000029e-02 1.682639999999999830e-02 1.460179999999999985e-02 2.259660000000000141e-02 3.614459999999999895e-02 3.755900000000000211e-02 1.924500000000000169e-02 1.440460000000000004e-02 3.352759999999999768e-02 4.481820000000000248e-02 3.720369999999999927e-02 1.511219999999999924e-02 -3.000680000000000014e-02 -9.534910000000000607e-02 -1.706300000000000039e-01 -2.596430000000000127e-01 -3.502899999999999903e-01 -3.984849999999999781e-01 -3.700379999999999781e-01 -2.630879999999999885e-01 -8.887420000000000042e-02 1.290610000000000090e-01 3.396230000000000082e-01 4.819590000000000263e-01 5.236250000000000071e-01 4.709889999999999910e-01 3.494909999999999961e-01 1.850769999999999915e-01 0.000000000000000000e+00
0.000000000000000000e+00 2.056010000000000042e-03 -1.425100000000000108e-03 5.882740000000000018e-03 -1.719789999999999904e-03 -1.406190000000000044e-02 -1.213230000000000038e-02 -4.341069999999999825e-03 -6.864639999999999978e-03 -1.155109999999999991e-02 -1.088180000000000050e-02 -1.764160000000000034e-02 -8.077990000000000170e-03 -7.488189999999999603e-03 -1.277750000000000066e-02 -2.329559999999999964e-02 -3.118939999999999907e-02 -1.871400000000000147e-02 -8.333379999999999607e-03 -2.625090000000000062e-02 -5.268269999999999897e-02 -6.443020000000000691e-02 -5.636599999999999944e-02 -4.228200000000000014e-02 -2.997170000000000042e-02 -4.417279999999999818e-02 -8.513980000000000159e-02 -1.307790000000000064e-01 -1.870350000000000068e-01 -2.681729999999999947e-01 -3.567040000000000211e-01 -4.136989999999999834e-01 -4.167859999999999898e-01 -3.546639999999999793e-01 -2.065390000000000004e-01 3.131269999999999887e-02 3.212119999999999975e-01 6.173549999999999871e-01 8.721849999999999881e-01 1.070640000000000036e+00 1.178029999999999911e+00 1.181289999999999951e+00 1.071539999999999937e+00 8.581100000000000394e-01 5.692139999999999977e-01 2.311610000000000054e-01 -1.135049999999999948e-01 -4.036509999999999820e-01 -6.117620000000000280e-01 -6.944989999999999775e-01 -6.747689999999999522e-01 -5.803000000000000380e-01 -4.454589999999999939e-01 -3.129739999999999744e-01 -2.011040000000000050e-01 -1.167119999999999963e-01 -5.788190000000000002e-02 -2.574399999999999952e-02 -4.739669999999999647e-03 7.231809999999999974e-03 1.017859999999999945e-02 1.243690000000000073e-02 9.165500000000000036e-03 9.173310000000000491e-03 2.039540000000000103e-02 2.344320000000000084e-02 1.548689999999999962e-02 1.450399999999999953e-02 1.756610000000000116e-02 2.122720000000000162e-02 2.676809999999999953e-02 2.366570000000000132e-02 1.804309999999999942e-02 2.210370000000000043e-02 3.164920000000000233e-02 4.053849999999999815e-02 3.595050000000000329e-02 1.901229999999999934e-02 2.143499999999999919e-02 4.620149999999999951e-02 5.767710000000000198e-02 4.210789999999999672e-02 4.983660000000000000e-03 -5.230270000000000058e-02 -1.165319999999999967e-01 -1.791870000000000129e-01 -2.558790000000000231e-01 -3.425090000000000079e-01 -3.944250000000000256e-01 -3.759330000000000171e-01 -2.844200000000000061e-01 -1.254530000000000090e-01 8.428209999999999869e-02 2.929169999999999829e-01 4.358349999999999724e-01 4.841179999999999928e-01 4.491410000000000124e-01 3.487049999999999872e-01 1.927159999999999984e-01 0.000000000000000000e+00
0.000000000000000000e+00 3.867310000000000105e-03 -2.602500000000000212e-03 -4.247890000000000151e-04 -6.277160000000000378e-03 -7.758260000000000330e-03 1.079929999999999942e-04 -3.205439999999999939e-03 -1.155109999999999991e-02 -2.158200000000000049e-02 -1.967259999999999842e-02 -1.054189999999999988e-02 -9.979059999999999667e-03 -2.040319999999999981e-02 -2.466499999999999942e-02 -2.579789999999999861e-02 -2.622350000000000028e-02 -1.659789999999999877e-02 -1.896760000000000113e-02 -3.745060000000000056e-02 -5.912139999999999757e-02 -6.829419999999999935e-02 -5.062370000000000064e-02 -3.233830000000000038e-02 -2.598680000000000087e-02 -6.188110000000000138e-02 -1.233630000000000004e-01 -1.860390000000000099e-01 -2.492759999999999976e-01 -3.181760000000000144e-01 -3.836019999999999985e-01 -4.080289999999999750e-01 -3.902720000000000078e-01 -3.063509999999999844e-01 -1.456669999999999909e-01 1.110300000000000037e-01 4.099769999999999803e-01 7.106280000000000374e-01 9.649109999999999632e-01 1.162749999999999950e+00 1.271619999999999973e+00 1.265050000000000008e+00 1.131699999999999928e+00 8.887730000000000352e-01 5.679669999999999996e-01 2.153019999999999934e-01 -1.386040000000000050e-01 -4.342460000000000209e-01 -6.447929999999999495e-01 -7.373720000000000274e-01 -7.227550000000000363e-01 -6.266639999999999988e-01 -4.902000000000000246e-01 -3.473550000000000249e-01 -2.239379999999999982e-01 -1.302149999999999974e-01 -6.526120000000000532e-02 -3.018430000000000071e-02 -6.034170000000000159e-03 -1.535029999999999945e-03 2.074669999999999813e-03 1.452909999999999965e-02 1.731059999999999890e-02 2.218670000000000017e-02 2.342489999999999850e-02 1.705150000000000068e-02 1.341409999999999998e-02 1.591249999999999956e-02 2.734599999999999878e-02 3.151110000000000022e-02 2.215639999999999971e-02 1.895579999999999835e-02 2.632340000000000027e-02 3.401590000000000169e-02 3.801809999999999912e-02 3.788529999999999676e-02 3.211139999999999828e-02 2.675239999999999910e-02 3.651349999999999735e-02 5.764829999999999954e-02 6.384230000000000460e-02 4.024500000000000299e-02 -8.514149999999999843e-03 -6.978529999999999456e-02 -1.260449999999999904e-01 -1.762589999999999990e-01 -2.421089999999999909e-01 -3.234859999999999958e-01 -3.808699999999999863e-01 -3.791629999999999723e-01 -3.094589999999999841e-01 -1.704029999999999989e-01 2.359510000000000080e-02 2.201680000000000026e-01 3.574550000000000227e-01 4.135900000000000132e-01 4.021600000000000175e-01 3.299520000000000231e-01 1.906380000000000019e-01 0.000000000000000000e+00
0.000000000000000000e+00 -2.889249999999999891e-03 -1.384600000000000067e-02 -1.357210000000000014e-02 -3.400760000000000068e-03 2.727400000000000009e-05 -3.000270000000000194e-03 -3.300840000000000198e-03 -1.088180000000000050e-02 -1.967259999999999842e-02 -7.418860000000000211e-03 -3.681479999999999995e-03 -2.248030000000000167e-02 -3.485780000000000128e-02 -3.212419999999999859e-02 -2.711200000000000068e-02 -2.405840000000000062e-02 -2.838390000000000010e-02 -4.094579999999999748e-02 -5.187970000000000081e-02 -6.592180000000000262e-02 -6.630410000000000470e-02 -4.752599999999999880e-02 -2.948699999999999932e-02 -4.141399999999999942e-02 -9.503240000000000298e-02 -1.721989999999999910e-01 -2.482930000000000137e-01 -3.123739999999999850e-01 -3.629109999999999836e-01 -3.938180000000000014e-01 -3.877010000000000178e-01 -3.427370000000000139e-01 -2.404000000000000026e-01 -6.143989999999999868e-02 2.000730000000000008e-01 5.024690000000000545e-01 7.943970000000000198e-01 1.045760000000000023e+00 1.236979999999999968e+00 1.340170000000000083e+00 1.319720000000000004e+00 1.161289999999999933e+00 8.920230000000000103e-01 5.514299999999999757e-01 1.888029999999999986e-01 -1.602889999999999870e-01 -4.558110000000000217e-01 -6.650589999999999558e-01 -7.624600000000000266e-01 -7.542950000000000488e-01 -6.610449999999999937e-01 -5.227870000000000017e-01 -3.775970000000000160e-01 -2.511550000000000171e-01 -1.526139999999999997e-01 -8.543860000000000343e-02 -4.523880000000000262e-02 -1.220000000000000077e-02 5.012879999999999940e-03 1.313109999999999972e-02 1.992450000000000124e-02 2.161309999999999967e-02 2.005250000000000088e-02 1.418269999999999947e-02 1.773109999999999964e-02 2.207850000000000090e-02 2.418779999999999888e-02 3.552700000000000302e-02 2.933550000000000046e-02 1.406209999999999925e-02 2.487800000000000081e-02 4.096589999999999954e-02 4.216990000000000322e-02 3.750610000000000055e-02 3.202270000000000116e-02 3.358259999999999718e-02 4.363720000000000099e-02 5.419849999999999668e-02 6.378419999999999923e-02 6.233029999999999821e-02 3.269720000000000265e-02 -2.073600000000000096e-02 -7.631590000000000595e-02 -1.208599999999999952e-01 -1.622220000000000051e-01 -2.204379999999999951e-01 -2.977069999999999994e-01 -3.645840000000000192e-01 -3.856350000000000056e-01 -3.408999999999999808e-01 -2.240929999999999866e-01 -5.233100000000000251e-02 1.237680000000000030e-01 2.515950000000000131e-01 3.172780000000000045e-01 3.325370000000000270e-01 2.921159999999999868e-01 1.767269999999999952e-01 0.000000000000000000e+00
0.000000000000000000e+00 -1.524030000000000003e-03 -3.895299999999999978e-03 -1.130319999999999979e-04 6.555449999999999992e-04 -9.538440000000000460e-03 -1.746999999999999942e-02 -1.603979999999999989e-02 -1.764160000000000034e-02 -1.054189999999999988e-02 -3.681479999999999995e-03 -1.318120000000000056e-02 -2.716000000000000011e-02 -3.034939999999999860e-02 -2.219940000000000108e-02 -1.816179999999999878e-02 -2.065360000000000112e-02 -4.187010000000000037e-02 -5.905610000000000026e-02 -6.193629999999999969e-02 -6.485499999999999599e-02 -6.420810000000000406e-02 -4.846779999999999838e-02 -4.718159999999999715e-02 -7.889609999999999679e-02 -1.484709999999999919e-01 -2.336689999999999878e-01 -3.194159999999999777e-01 -3.760140000000000149e-01 -4.006799999999999806e-01 -3.928719999999999990e-01 -3.560039999999999871e-01 -2.831370000000000275e-01 -1.582949999999999913e-01 3.396450000000000163e-02 2.957629999999999981e-01 5.873739999999999517e-01 8.704880000000000395e-01 1.111750000000000016e+00 1.295889999999999986e+00 1.387340000000000018e+00 1.349420000000000064e+00 1.171769999999999978e+00 8.829339999999999966e-01 5.332719999999999683e-01 1.735170000000000046e-01 -1.697299999999999920e-01 -4.579849999999999755e-01 -6.689199999999999591e-01 -7.798270000000000479e-01 -7.806760000000000366e-01 -7.009349999999999747e-01 -5.677470000000000017e-01 -4.163760000000000239e-01 -2.818899999999999739e-01 -1.742970000000000075e-01 -9.200049999999999895e-02 -4.342229999999999701e-02 -1.366820000000000014e-02 6.956119999999999665e-03 1.568690000000000015e-02 1.888489999999999960e-02 1.810490000000000016e-02 1.549359999999999973e-02 1.772910000000000111e-02 2.748400000000000148e-02 3.142500000000000154e-02 2.964249999999999871e-02 2.961750000000000146e-02 2.209940000000000168e-02 2.286650000000000141e-02 4.019419999999999937e-02 4.698599999999999999e-02 4.184480000000000144e-02 3.538140000000000035e-02 3.096080000000000013e-02 4.395469999999999933e-02 6.443309999999999316e-02 6.791540000000000077e-02 6.333750000000000491e-02 5.458530000000000326e-02 2.294749999999999915e-02 -2.528259999999999882e-02 -6.710069999999999923e-02 -1.008619999999999933e-01 -1.390230000000000077e-01 -1.939299999999999913e-01 -2.712720000000000131e-01 -3.531869999999999732e-01 -4.004789999999999739e-01 -3.807329999999999881e-01 -2.873330000000000051e-01 -1.429549999999999987e-01 7.659400000000000236e-03 1.254450000000000010e-01 2.022569999999999923e-01 2.438990000000000047e-01 2.351219999999999977e-01 1.497159999999999880e-01 0.000000000000000000e+00
0.000000000000000000e+00 1.010469999999999945e-02 4.754509999999999986e-03 1.144129999999999930e-03 -6.485000000000000313e-03 -1.422630000000000075e-02 -1.832690000000000013e-02 -1.604080000000000089e-02 -8.077990000000000170e-03 -9.979059999999999667e-03 -2.248030000000000167e-02 -2.716000000000000011e-02 -2.735920000000000019e-02 -2.856720000000000093e-02 -2.225229999999999916e-02 -1.900479999999999878e-02 -3.025689999999999977e-02 -5.715739999999999710e-02 -7.050280000000000435e-02 -5.821069999999999717e-02 -5.439689999999999803e-02 -5.276089999999999947e-02 -5.149770000000000042e-02 -7.300020000000000120e-02 -1.241369999999999973e-01 -2.014569999999999972e-01 -2.907569999999999877e-01 -3.759410000000000251e-01 -4.181949999999999834e-01 -4.084929999999999950e-01 -3.653770000000000073e-01 -2.954180000000000139e-01 -1.957260000000000111e-01 -4.619220000000000270e-02 1.530030000000000001e-01 4.051549999999999874e-01 6.793420000000000014e-01 9.460579999999999545e-01 1.175570000000000004e+00 1.342670000000000030e+00 1.414900000000000047e+00 1.355280000000000040e+00 1.156930000000000014e+00 8.576850000000000307e-01 5.034520000000000106e-01 1.516589999999999883e-01 -1.797469999999999901e-01 -4.620850000000000235e-01 -6.711540000000000283e-01 -7.905060000000000420e-01 -8.038009999999999877e-01 -7.309130000000000349e-01 -6.011090000000000044e-01 -4.498329999999999829e-01 -3.052710000000000146e-01 -1.907899999999999874e-01 -1.023189999999999933e-01 -4.599820000000000297e-02 -1.313800000000000037e-02 6.051499999999999588e-03 7.729630000000000355e-03 1.276249999999999954e-02 1.991489999999999927e-02 2.310289999999999913e-02 2.896539999999999879e-02 3.402440000000000325e-02 3.238479999999999831e-02 2.448389999999999941e-02 2.307450000000000126e-02 3.171059999999999851e-02 4.059259999999999952e-02 4.484239999999999754e-02 4.449670000000000014e-02 4.167549999999999727e-02 3.588240000000000179e-02 3.803059999999999774e-02 6.170319999999999971e-02 8.186559999999999671e-02 7.368299999999999850e-02 5.759600000000000136e-02 4.396610000000000101e-02 1.717190000000000036e-02 -1.548360000000000014e-02 -4.061130000000000295e-02 -6.884819999999999829e-02 -1.097110000000000030e-01 -1.669339999999999991e-01 -2.515819999999999723e-01 -3.538100000000000134e-01 -4.273150000000000004e-01 -4.305849999999999955e-01 -3.615050000000000208e-01 -2.473480000000000123e-01 -1.225310000000000010e-01 -1.222059999999999987e-02 7.644280000000000519e-02 1.408820000000000072e-01 1.607139999999999957e-01 1.099709999999999993e-01 0.000000000000000000e+00
0.000000000000000000e+00 -4.433809999999999835e-03 -8.762199999999999503e-03 -8.219370000000000148e-03 -9.183840000000000406e-03 -5.793630000000000134e-03 -5.006759999999999856e-03 -7.009770000000000237e-03 -7.488189999999999603e-03 -2.040319999999999981e-02 -3.485780000000000128e-02 -3.034939999999999860e-02 -2.856720000000000093e-02 -3.095890000000000100e-02 -2.619410000000000141e-02 -3.096650000000000097e-02 -4.916910000000000031e-02 -7.219480000000000341e-02 -7.099039999999999517e-02 -5.257370000000000099e-02 -4.519039999999999863e-02 -4.944830000000000059e-02 -7.215939999999999854e-02 -1.166579999999999978e-01 -1.816989999999999994e-01 -2.594629999999999992e-01 -3.459599999999999898e-01 -4.202339999999999964e-01 -4.370049999999999768e-01 -3.941629999999999856e-01 -3.152599999999999847e-01 -2.163750000000000118e-01 -8.518979999999999608e-02 8.150899999999999812e-02 2.828860000000000263e-01 5.140259999999999829e-01 7.663579999999999837e-01 1.012899999999999912e+00 1.223670000000000035e+00 1.368770000000000042e+00 1.412809999999999899e+00 1.332140000000000102e+00 1.119210000000000038e+00 8.162760000000000016e-01 4.705659999999999843e-01 1.289899999999999936e-01 -1.854349999999999887e-01 -4.592879999999999741e-01 -6.678809999999999469e-01 -7.932160000000000322e-01 -8.172059999999999880e-01 -7.541240000000000165e-01 -6.256209999999999827e-01 -4.732109999999999927e-01 -3.259690000000000087e-01 -2.051570000000000060e-01 -1.161419999999999952e-01 -5.987010000000000248e-02 -2.523270000000000027e-02 1.309180000000000059e-05 1.154280000000000063e-02 1.978250000000000147e-02 2.728279999999999941e-02 3.226529999999999676e-02 3.132080000000000281e-02 2.805349999999999858e-02 2.947380000000000139e-02 2.646420000000000022e-02 3.115390000000000173e-02 4.611590000000000134e-02 4.700019999999999892e-02 4.195839999999999986e-02 4.401109999999999745e-02 4.262930000000000191e-02 4.150519999999999904e-02 5.569310000000000233e-02 8.014570000000000027e-02 8.886220000000000230e-02 7.179220000000000046e-02 5.013780000000000320e-02 3.618860000000000132e-02 2.333520000000000039e-02 1.270650000000000078e-02 3.918999999999999849e-04 -2.938150000000000137e-02 -7.817739999999999412e-02 -1.454580000000000040e-01 -2.463889999999999969e-01 -3.717300000000000049e-01 -4.682160000000000211e-01 -4.922210000000000196e-01 -4.481499999999999928e-01 -3.634040000000000048e-01 -2.597309999999999897e-01 -1.522999999999999909e-01 -5.242259999999999975e-02 2.914999999999999883e-02 7.314690000000000081e-02 6.008999999999999758e-02 0.000000000000000000e+00
0.000000000000000000e+00 -7.040440000000000240e-03 -9.244489999999999305e-03 -1.017290000000000035e-02 -1.230000000000000017e-02 -7.180269999999999882e-03 -7.051319999999999810e-03 -1.174410000000000037e-02 -1.277750000000000066e-02 -2.466499999999999942e-02 -3.212419999999999859e-02 -2.219940000000000108e-02 -2.225229999999999916e-02 -2.619410000000000141e-02 -3.350979999999999931e-02 -5.219100000000000128e-02 -6.923780000000000212e-02 -7.584119999999999751e-02 -6.871380000000000543e-02 -5.353030000000000288e-02 -4.817219999999999835e-02 -6.837529999999999997e-02 -1.179499999999999993e-01 -1.811079999999999912e-01 -2.510330000000000061e-01 -3.238130000000000175e-01 -3.985920000000000019e-01 -4.490390000000000215e-01 -4.351909999999999945e-01 -3.608709999999999973e-01 -2.505279999999999729e-01 -1.212400000000000005e-01 3.757339999999999985e-02 2.156959999999999988e-01 4.080150000000000166e-01 6.134889999999999510e-01 8.394859999999999545e-01 1.061700000000000088e+00 1.248690000000000078e+00 1.362249999999999961e+00 1.378830000000000000e+00 1.276729999999999920e+00 1.061660000000000048e+00 7.656380000000000408e-01 4.378090000000000037e-01 1.158280000000000004e-01 -1.796939999999999926e-01 -4.420999999999999930e-01 -6.480529999999999902e-01 -7.816570000000000462e-01 -8.201690000000000369e-01 -7.686739999999999684e-01 -6.533900000000000263e-01 -5.039059999999999651e-01 -3.538140000000000174e-01 -2.305359999999999909e-01 -1.321450000000000125e-01 -6.529659999999999631e-02 -2.711989999999999887e-02 1.036479999999999997e-03 1.595330000000000012e-02 2.510940000000000047e-02 3.108230000000000021e-02 3.146510000000000279e-02 2.924560000000000007e-02 2.867600000000000010e-02 3.257399999999999879e-02 3.386839999999999989e-02 4.164820000000000327e-02 5.281149999999999733e-02 4.798779999999999712e-02 4.136499999999999899e-02 4.280500000000000277e-02 4.600169999999999954e-02 5.953180000000000277e-02 7.874330000000000218e-02 8.798749999999999627e-02 8.433540000000000481e-02 6.726469999999999672e-02 4.606880000000000003e-02 3.912979999999999930e-02 4.820170000000000010e-02 5.807919999999999749e-02 4.994830000000000103e-02 1.266109999999999979e-02 -4.960780000000000051e-02 -1.370359999999999912e-01 -2.621780000000000221e-01 -4.095920000000000116e-01 -5.243659999999999988e-01 -5.677210000000000312e-01 -5.479619999999999491e-01 -4.871960000000000179e-01 -3.962160000000000126e-01 -2.867259999999999809e-01 -1.774419999999999886e-01 -8.447989999999999666e-02 -2.052580000000000029e-02 5.001140000000000273e-03 0.000000000000000000e+00
