0	0	0	0	0	0	0	0	0	0	0	0	0	0	0	0	0	0	0	0	0	0	0	0	0	0	0	0	0	0	0	0	0	0	0	0	0	0	0	0	0	0	0	0	0	0	0	0	0	0	0	0	0	0	0	0	0	0	0	0	0	0	0	0	0	0	0	0	0	0	0	0	0	0	0	0	0	0	0	0	0	0	0	0	0	0	0	0	0	0	0	0	0	0	0	0	0	0	0	0	
0	-0.00057504	0.00107837	-0.000307353	0.000273913	0.00136097	-0.00111414	0.000452485	-0.000897648	-0.00196368	-0.000726963	-0.00129345	0.00104175	0.000144046	0.00129891	0.00322413	-0.00309802	-0.00010568	0.000809058	0.00190565	-0.000113836	0.00099867	-0.000650443	0.000261499	0.00089699	2.99267e-05	-0.000511849	0.00119736	-3.69069e-05	-0.00135068	0.00157924	0.000372355	-0.0014583	0.000442443	0.00118958	-0.00196563	-0.000818663	-0.00203556	-0.00280033	-0.00907939	-0.0117861	-0.0183496	-0.0262808	-0.040113	-0.046854	-0.0496164	-0.0515193	-0.0422308	-0.0174742	0.0145984	0.0465928	0.0706036	0.0902044	0.0927908	0.0875307	0.0707508	0.0476682	0.0294939	0.00874428	-0.014292	-0.0404721	-0.0542374	-0.048692	-0.0320964	-0.0167427	-0.0037913	0.00419064	0.00266047	-0.00453808	-0.0113769	-0.00912156	-0.0022014	0.00433682	0.00226267	-0.0099704	-0.0208505	-0.0364908	-0.0532716	-0.0525064	-0.0321062	-0.00469804	0.0171996	0.0363606	0.0576982	0.0780985	0.0926262	0.0938107	0.0832803	0.0642341	0.0340595	0.000966104	-0.0273861	-0.0477973	-0.0525155	-0.0478698	-0.0436441	-0.033868	-0.0198732	-0.00944493	0	
0	0.00107837	-0.00197077	0.000793328	-0.00106318	-0.00106886	-0.000259006	0.00155475	-0.000747629	0.00354413	0.00256106	-0.00144207	0.00180896	-0.00221068	-0.00368697	-0.00128861	0.000185571	0.00223327	-0.00106444	-0.00389879	-0.00137226	0.000864458	-0.0015651	-0.00105935	0.000921056	-0.00187375	-0.00195052	0.00100028	0.000344414	-0.00404595	0.00237091	-0.00114693	-0.00259329	-0.000660112	0.00108227	-0.00508567	-0.00342281	-0.00494021	-0.00878331	-0.0184688	-0.0270421	-0.0374483	-0.0558263	-0.0811379	-0.0948091	-0.101493	-0.102586	-0.0855273	-0.0342507	0.0293164	0.0922355	0.14424	0.179781	0.188694	0.176611	0.141357	0.0982354	0.0571868	0.0162764	-0.029618	-0.0842628	-0.108213	-0.0961643	-0.0649769	-0.0299522	-0.00452992	0.00734191	0.0064596	-0.0104384	-0.0276374	-0.0194853	-0.00348704	0.00862736	0.00728904	-0.0152299	-0.0442149	-0.0808057	-0.107239	-0.0988018	-0.0611132	-0.0101888	0.0345903	0.073169	0.115058	0.15645	0.185084	0.186627	0.165779	0.127399	0.0667975	0.00120117	-0.0546621	-0.0948675	-0.104647	-0.095732	-0.0867703	-0.0672555	-0.0397766	-0.0188638	0	
0	-0.000307353	0.000793328	0.000126648	0.000326243	0.00181839	-0.00144466	0.000976221	-0.00199764	-0.00258111	-0.000820337	-0.00309471	0.00240574	5.06453e-05	0.00135941	0.00546079	-0.0046988	-0.000641396	0.000561693	0.00239559	-0.000225446	0.00252418	-0.00182322	-0.00066109	0.001208	0.000341271	-0.00123279	0.00190345	-0.000582748	-0.00330749	0.00364292	-0.000198952	-0.00338311	0.000497841	0.00203254	-0.00569145	-0.00315901	-0.00669022	-0.0106188	-0.0264903	-0.0366811	-0.0553528	-0.080704	-0.118441	-0.139229	-0.149658	-0.153096	-0.125139	-0.0526815	0.0408479	0.134425	0.210571	0.265872	0.278512	0.261026	0.211945	0.147092	0.0893451	0.0286576	-0.0423753	-0.1188	-0.157661	-0.143314	-0.0970365	-0.0509029	-0.0132229	0.00814203	0.00633689	-0.0132618	-0.0322774	-0.0247398	-0.00615143	0.00938097	0.0036813	-0.0297811	-0.0661156	-0.112646	-0.155045	-0.150069	-0.0925306	-0.0134894	0.0536077	0.112552	0.174955	0.233615	0.27456	0.278511	0.24734	0.18735	0.0972305	0.0011305	-0.0819538	-0.141347	-0.156002	-0.143105	-0.128814	-0.0998748	-0.0597746	-0.0281966	0	
0	0.000273913	-0.00106318	0.000326243	-0.00151028	0.000120438	-0.00125517	0.00125063	-0.000598652	0.00199913	0.00134958	-0.00120064	0.0019708	-0.00276082	-0.00185584	0.000593173	-0.00262707	0.00315931	3.00264e-05	-0.00263058	-0.000819327	-0.000481602	-0.00148624	0.000263993	0.00209809	-0.00336033	-0.00238665	0.00214871	-6.49738e-05	-0.00442333	0.00252776	-0.000977703	-0.00416686	0.000331347	-9.65814e-05	-0.00670556	-0.00634728	-0.00901587	-0.0176723	-0.0343223	-0.0513689	-0.0743206	-0.110094	-0.156171	-0.184749	-0.200472	-0.202621	-0.165132	-0.0704534	0.050981	0.174656	0.2782	0.351343	0.370066	0.347844	0.282434	0.19995	0.12134	0.0386084	-0.0553048	-0.156347	-0.205201	-0.187494	-0.130087	-0.0673737	-0.0192493	0.00765748	0.00628907	-0.0188924	-0.0412048	-0.0329594	-0.00859851	0.0115344	0.00248762	-0.0386755	-0.0907595	-0.156337	-0.204406	-0.19121	-0.117375	-0.014924	0.0750953	0.151369	0.232481	0.312078	0.364967	0.367436	0.324851	0.243853	0.125179	-0.00065146	-0.109557	-0.185985	-0.205961	-0.190258	-0.169505	-0.131135	-0.0797561	-0.0375537	0	
0	0.00136097	-0.00106886	0.00181839	0.000120438	0.000348823	4.32191e-06	0.000475608	-0.00129362	-0.000342196	0.000573165	-0.00201545	0.000944919	-0.000252695	-0.00124501	0.000302463	-0.00135044	-0.000804093	-0.00113274	-0.00165278	-0.000218254	0.00149072	-0.00107456	-0.00263037	-0.000690498	0.000377681	-0.000804972	0.000594518	-0.00181164	-0.00269301	0.00253319	-0.00131721	-0.0037354	0.000149983	-0.000831356	-0.00695352	-0.00732138	-0.0116434	-0.0224953	-0.0413723	-0.0633263	-0.0929123	-0.137338	-0.190902	-0.227793	-0.249631	-0.250674	-0.20265	-0.0902047	0.0577614	0.208335	0.341445	0.429638	0.458759	0.43014	0.353193	0.255445	0.155728	0.0541911	-0.0661559	-0.185922	-0.246785	-0.229915	-0.163547	-0.0903558	-0.0306722	0.00172182	0.00356668	-0.0198795	-0.0438086	-0.0349264	-0.0101097	0.00575378	-0.00652523	-0.0535058	-0.117777	-0.191897	-0.244739	-0.230112	-0.141386	-0.017445	0.0960131	0.196658	0.296897	0.387867	0.447932	0.453724	0.401489	0.295603	0.148197	-0.00440193	-0.136795	-0.228449	-0.254431	-0.236937	-0.208361	-0.160661	-0.0996845	-0.0470564	0	
0	-0.00111414	-0.000259006	-0.00144466	-0.00125517	4.32191e-06	-0.000858859	-1.06105e-05	-2.77e-05	-0.000240344	-0.00104838	-0.000468613	0.000846028	-0.00108334	0.00166916	0.00232209	-0.00117372	0.000449716	0.000652714	0.0010544	0.000333557	-0.00144355	-0.00122928	0.00110287	0.0011954	-0.00203684	-0.00226317	0.000790223	-0.000844005	-0.00213133	0.000220774	-0.0014626	-0.00306817	-0.000478711	-0.00259104	-0.00658624	-0.00864619	-0.0145229	-0.0271787	-0.0477003	-0.0743087	-0.111095	-0.162945	-0.222189	-0.268272	-0.295976	-0.29543	-0.236892	-0.109083	0.0603729	0.239893	0.397217	0.504798	0.541315	0.509017	0.424003	0.310193	0.194001	0.0699921	-0.073763	-0.208913	-0.281305	-0.267771	-0.196066	-0.114456	-0.0479074	-0.00686361	-0.0028089	-0.0240293	-0.0409987	-0.0359602	-0.0136379	0.00148642	-0.0182163	-0.0725294	-0.146316	-0.227871	-0.282557	-0.264265	-0.160713	-0.0132128	0.123284	0.240848	0.356911	0.464305	0.532965	0.53639	0.469848	0.340799	0.168849	-0.00976417	-0.16492	-0.268707	-0.300521	-0.282709	-0.245363	-0.188234	-0.11932	-0.0567851	0	
0	0.000452485	0.00155475	0.000976221	0.00125063	0.000475608	-1.06105e-05	-0.00027957	-0.000496824	-3.11171e-05	-0.000255277	0.00056295	-0.00140413	-0.000924134	-0.00148171	-0.00424538	-0.000391612	-0.00095214	-0.00103533	-0.00257261	-0.000684501	-0.00147072	0.000742134	-0.00188355	-0.00161555	-0.000583011	0.000138699	-0.000814326	-0.00118212	-0.000584718	-0.000920104	-0.00108376	-0.00188325	-0.00120289	-0.0043727	-0.00570506	-0.0112044	-0.0176562	-0.0338985	-0.0542303	-0.0881346	-0.130961	-0.190635	-0.254399	-0.309977	-0.344537	-0.339846	-0.272137	-0.13135	0.0591534	0.26461	0.449768	0.574521	0.622319	0.589045	0.496846	0.371752	0.235603	0.0874942	-0.0784333	-0.228974	-0.312269	-0.303059	-0.231065	-0.141406	-0.0652227	-0.0188677	-0.00924388	-0.023837	-0.0391854	-0.0368847	-0.0165892	-0.00943712	-0.0347444	-0.0916168	-0.176332	-0.26459	-0.315556	-0.288014	-0.172293	-0.0103224	0.148336	0.290862	0.424527	0.5394	0.609562	0.612459	0.534629	0.381781	0.184172	-0.0193325	-0.19296	-0.305178	-0.344009	-0.327763	-0.280481	-0.21349	-0.138356	-0.0668962	0	
0	-0.000897648	-0.000747629	-0.00199764	-0.000598652	-0.00129362	-2.77e-05	-0.000496824	0.00114385	-0.00110561	0.000459077	0.000682964	-0.00222924	0.00210277	0.000641419	-0.00141602	0.00435459	-0.00283638	-7.98789e-05	0.000536721	-0.000891467	-0.00100095	8.4813e-05	-0.00128188	-0.00302301	0.00141734	-0.00178637	-0.00262816	-0.00176948	0.000230685	-0.00367227	-0.00157988	-0.00132154	-0.00384003	-0.00527174	-0.00605644	-0.0124631	-0.0218416	-0.0377732	-0.0602642	-0.0987236	-0.148566	-0.213419	-0.280877	-0.346779	-0.385846	-0.37812	-0.301476	-0.152424	0.0561899	0.284619	0.494383	0.634753	0.694635	0.661075	0.566825	0.432365	0.277435	0.108496	-0.0779005	-0.237601	-0.330955	-0.331505	-0.262931	-0.172068	-0.090384	-0.037914	-0.0209868	-0.0248594	-0.0340803	-0.0325032	-0.0182846	-0.0235487	-0.0554503	-0.117804	-0.211046	-0.296421	-0.339847	-0.305906	-0.179368	-0.00217319	0.177973	0.343195	0.491687	0.612142	0.683799	0.684183	0.590826	0.414464	0.195361	-0.0305227	-0.220795	-0.339322	-0.384854	-0.370829	-0.313508	-0.23675	-0.156603	-0.0772496	0	
0	-0.00196368	0.00354413	-0.00258111	0.00199913	-0.000342196	-0.000240344	-3.11171e-05	-0.00110561	-5.11656e-05	-0.002157	-1.2494e-05	-0.00123705	-0.000349744	4.22982e-06	-0.00149583	0.000836617	-0.00318692	-4.79263e-05	0.00119258	-0.00121876	-0.00126071	-0.000959612	0.000310129	-0.000639068	-0.000152683	-0.00178703	-0.00232609	0.00156176	-0.000276749	-0.00429313	-0.000604391	0.000702724	-0.0055149	-0.00470529	-0.00591876	-0.0136759	-0.0258197	-0.0414587	-0.0674335	-0.110122	-0.167894	-0.235808	-0.309352	-0.383676	-0.428116	-0.414942	-0.333576	-0.175414	0.0463999	0.300261	0.528962	0.689906	0.760612	0.732521	0.640968	0.495974	0.326249	0.130848	-0.0710462	-0.240163	-0.344868	-0.356335	-0.297164	-0.204671	-0.119574	-0.0582468	-0.0311882	-0.0269937	-0.0272178	-0.0291678	-0.0255079	-0.0387028	-0.0793475	-0.149321	-0.244167	-0.325344	-0.360245	-0.314804	-0.179033	0.0101198	0.211586	0.397521	0.558665	0.68445	0.754863	0.746917	0.636995	0.44177	0.203203	-0.045141	-0.249064	-0.370497	-0.422088	-0.411348	-0.344927	-0.258354	-0.173605	-0.0875186	0	
0	-0.000726963	0.00256106	-0.000820337	0.00134958	0.000573165	-0.00104838	-0.000255277	0.000459077	-0.002157	0.0013765	0.000815052	-0.00276059	0.00153975	-0.00265626	-0.00405877	0.0015617	-0.00282328	-0.000367932	-0.000532492	-0.00404619	-0.00042876	0.00138992	-0.00218181	-0.00512502	0.00177824	-8.88228e-05	-0.00365293	-0.000525914	-0.000217186	-0.0050003	0.000155025	-0.000472986	-0.00704146	-0.00509652	-0.00660451	-0.0164199	-0.0295832	-0.0459474	-0.0747885	-0.122352	-0.185621	-0.257045	-0.335738	-0.41882	-0.464779	-0.448921	-0.361777	-0.199978	0.03754	0.308963	0.557873	0.735643	0.818656	0.801555	0.711555	0.563166	0.37367	0.156481	-0.0584913	-0.235564	-0.349444	-0.375843	-0.327806	-0.240228	-0.150017	-0.0819836	-0.0453832	-0.0269491	-0.0249606	-0.0283801	-0.0301044	-0.0585152	-0.10778	-0.181312	-0.278404	-0.353022	-0.374468	-0.313586	-0.167608	0.0267907	0.24272	0.453926	0.631857	0.755349	0.816485	0.799996	0.676494	0.463181	0.204812	-0.0624999	-0.275634	-0.399186	-0.456438	-0.4485	-0.37443	-0.278747	-0.189267	-0.0973044	0	
0	-0.00129345	-0.00144207	-0.00309471	-0.00120064	-0.00201545	-0.000468613	0.00056295	0.000682964	-1.2494e-05	0.000815052	-0.000437628	-0.00203894	0.00256244	-0.000983881	0.00163315	0.00221945	-0.00201208	0.000390621	-0.000428558	-0.00125547	-0.000158217	-0.00259667	-0.00154608	-0.00104745	0.000776791	-0.00480092	-0.00380128	0.000655424	-0.00130724	-0.00709491	0.000358696	-0.00240022	-0.00778169	-0.00608615	-0.007559	-0.0195001	-0.0321636	-0.0501531	-0.0817207	-0.133243	-0.201021	-0.274715	-0.360422	-0.448461	-0.49617	-0.476917	-0.388124	-0.222206	0.0268946	0.312626	0.576963	0.770179	0.866319	0.862961	0.779134	0.628017	0.422267	0.18594	-0.0368784	-0.219806	-0.342895	-0.386009	-0.35599	-0.27598	-0.186592	-0.112015	-0.0609387	-0.0331045	-0.023966	-0.0251934	-0.0381075	-0.0774873	-0.13773	-0.220631	-0.313424	-0.375817	-0.379622	-0.302626	-0.152351	0.0486986	0.283552	0.512828	0.698067	0.821471	0.877092	0.846041	0.703704	0.47527	0.202534	-0.0793964	-0.300882	-0.427447	-0.487673	-0.480689	-0.401966	-0.298868	-0.203563	-0.105864	0	
0	0.00104175	0.00180896	0.00240574	0.0019708	0.000944919	0.000846028	-0.00140413	-0.00222924	-0.00123705	-0.00276059	-0.00203894	-0.000114036	-0.0011938	-0.00308756	9.7205e-07	-0.00221117	-0.00308517	-0.00145811	0.000331264	-0.00147239	0.00037155	-0.000793759	8.98183e-05	-0.00200047	-6.42792e-05	-0.000249743	-0.00106105	0.00130593	-0.00202102	-0.0029309	0.00138371	-0.00156625	-0.00673399	-0.00373074	-0.00878014	-0.0198071	-0.03418	-0.0531993	-0.089655	-0.144012	-0.216093	-0.293597	-0.38668	-0.478345	-0.526849	-0.506065	-0.417951	-0.246233	0.0108158	0.309357	0.586243	0.794928	0.908547	0.921586	0.849367	0.696461	0.474716	0.223419	-0.00904395	-0.198305	-0.331739	-0.395656	-0.383128	-0.312732	-0.224419	-0.138766	-0.0742654	-0.0402715	-0.0262228	-0.0291305	-0.0523662	-0.0993947	-0.17032	-0.260146	-0.345131	-0.392376	-0.377302	-0.285212	-0.127713	0.0792253	0.323711	0.569164	0.767685	0.888582	0.927677	0.877505	0.722454	0.483132	0.195545	-0.0980032	-0.324702	-0.454243	-0.515344	-0.507987	-0.427719	-0.318996	-0.216449	-0.112705	0	
0	0.000144046	-0.00221068	5.06453e-05	-0.00276082	-0.000252695	-0.00108334	-0.000924134	0.00210277	-0.000349744	0.00153975	0.00256244	-0.0011938	0.000319429	-0.000895903	-0.00108744	-0.00376912	0.00188637	0.00101365	-0.0028987	-0.00214278	-0.00378738	-0.00112956	-0.00281214	-0.00220981	-0.00238626	-0.00253091	-0.00396163	-0.00256456	-0.00300912	-0.00478237	-0.00130049	-0.00630376	-0.00613212	-0.00808466	-0.0114135	-0.0246792	-0.0361967	-0.0608384	-0.0975147	-0.156154	-0.228576	-0.312115	-0.40953	-0.502647	-0.549358	-0.530422	-0.440196	-0.265803	-0.000476641	0.302786	0.589273	0.811028	0.939006	0.973418	0.90965	0.758772	0.52422	0.262555	0.0259618	-0.167772	-0.310935	-0.393519	-0.400346	-0.346789	-0.260097	-0.167923	-0.0955811	-0.0527652	-0.0368953	-0.0418746	-0.065671	-0.119614	-0.205004	-0.296485	-0.371159	-0.406934	-0.37237	-0.259944	-0.0924273	0.117993	0.368994	0.626616	0.831816	0.947511	0.971626	0.90239	0.73264	0.480903	0.182587	-0.11457	-0.345042	-0.480626	-0.540799	-0.530332	-0.450794	-0.339071	-0.228422	-0.117749	0	
0	0.00129891	-0.00368697	0.00135941	-0.00185584	-0.00124501	0.00166916	-0.00148171	0.000641419	4.22982e-06	-0.00265626	-0.000983881	-0.00308756	-0.000895903	-0.000138595	0.00159657	0.00115068	0.00025295	-0.0037844	-0.00374792	0.0033695	-0.00104823	-0.000377769	-0.0017662	-0.00013981	-0.00235542	-0.00117905	-0.000902026	-0.0017905	-0.00151925	-0.00266577	-0.00127584	-0.00514027	-0.00317062	-0.00843782	-0.0117151	-0.0243679	-0.0366406	-0.0651064	-0.10383	-0.164428	-0.239408	-0.329088	-0.431233	-0.52289	-0.570928	-0.554027	-0.464025	-0.284925	-0.0170846	0.287965	0.581787	0.813521	0.961836	1.01525	0.967439	0.818847	0.578024	0.31232	0.0700513	-0.12823	-0.283729	-0.385215	-0.415177	-0.377916	-0.296667	-0.199868	-0.115947	-0.0720311	-0.0540658	-0.0557059	-0.0838473	-0.142716	-0.237424	-0.333584	-0.399932	-0.414435	-0.350726	-0.223257	-0.0548587	0.159935	0.41947	0.683632	0.891421	1.00225	1.00778	0.915425	0.73251	0.471848	0.167125	-0.129644	-0.363844	-0.50611	-0.563213	-0.548203	-0.471227	-0.358841	-0.239738	-0.121134	0	
0	0.00322413	-0.00128861	0.00546079	0.000593173	0.000302463	0.00232209	-0.00424538	-0.00141602	-0.00149583	-0.00405877	0.00163315	9.7205e-07	-0.00108744	0.00159657	-0.00688139	-0.00164673	-0.003032	-0.000407258	0.000147647	0.00200724	-0.00646078	-0.00064784	-0.000573029	-0.00154607	-0.0034402	0.00120417	-0.00217756	-0.00394506	-0.00133138	-0.000454869	-0.00507319	-0.00378756	-0.00353169	-0.00960766	-0.0144214	-0.0247529	-0.039555	-0.0715722	-0.110675	-0.174558	-0.250042	-0.349055	-0.450523	-0.541835	-0.590733	-0.576529	-0.485479	-0.300625	-0.0349022	0.270093	0.568117	0.808954	0.977552	1.05043	1.01822	0.87562	0.633357	0.367545	0.120139	-0.0861538	-0.252209	-0.37272	-0.423263	-0.402351	-0.327789	-0.225449	-0.138248	-0.0948555	-0.0785391	-0.0847121	-0.110998	-0.170815	-0.270107	-0.359896	-0.413815	-0.409827	-0.328262	-0.191726	-0.00976409	0.217125	0.47568	0.737229	0.944875	1.04754	1.03293	0.920616	0.725777	0.455498	0.14784	-0.144	-0.380136	-0.528542	-0.583035	-0.563705	-0.488842	-0.376962	-0.250607	-0.12384	0	
0	-0.00309802	0.000185571	-0.0046988	-0.00262707	-0.00135044	-0.00117372	-0.000391612	0.00435459	0.000836617	0.0015617	0.00221945	-0.00221117	-0.00376912	0.00115068	-0.00164673	0.000283255	0.000911782	-0.00279467	-0.00130803	-0.00486066	-0.00329924	-0.000872993	-0.00156548	-0.00408472	-0.00374261	-0.00152203	-0.0045167	-0.00504686	-0.000795492	-0.00367741	-0.00853414	-0.00276959	-0.00572437	-0.0126174	-0.0178936	-0.0245521	-0.0459777	-0.0759732	-0.120085	-0.180775	-0.263355	-0.365499	-0.466775	-0.556416	-0.605962	-0.596148	-0.49861	-0.312443	-0.0513848	0.252054	0.546965	0.799436	0.981541	1.07277	1.05768	0.919745	0.688883	0.425109	0.173522	-0.0351734	-0.213785	-0.347578	-0.415649	-0.416902	-0.351093	-0.252658	-0.172161	-0.130388	-0.115914	-0.120519	-0.138726	-0.194866	-0.294165	-0.382802	-0.426584	-0.400908	-0.299812	-0.147321	0.0472243	0.275532	0.531732	0.790975	0.990963	1.08153	1.04983	0.918625	0.709769	0.432361	0.12741	-0.15752	-0.394228	-0.547004	-0.600792	-0.578278	-0.503297	-0.392233	-0.261299	-0.127077	0	
0	-0.00010568	0.00223327	-0.000641396	0.00315931	-0.000804093	0.000449716	-0.00095214	-0.00283638	-0.00318692	-0.00282328	-0.00201208	-0.00308517	0.00188637	0.00025295	-0.003032	0.000911782	0.00114905	-0.00510713	5.20372e-05	0.000297252	0.00131952	-0.000814557	-0.00088068	-0.00247347	-0.00151172	0.00125074	-0.00226361	-0.00360984	0.00117131	-0.00316887	-0.00572569	-0.000156197	-0.00536164	-0.0124871	-0.0152616	-0.0239686	-0.0480044	-0.0786934	-0.124177	-0.185754	-0.274671	-0.379044	-0.480318	-0.568246	-0.623078	-0.61347	-0.511399	-0.326837	-0.071421	0.224808	0.519529	0.779235	0.974639	1.08608	1.0853	0.96446	0.750131	0.490344	0.238642	0.0184765	-0.171608	-0.316739	-0.407949	-0.42424	-0.367788	-0.281073	-0.2034	-0.166559	-0.160557	-0.162083	-0.176561	-0.230513	-0.318304	-0.393808	-0.424448	-0.380692	-0.261192	-0.0969785	0.101324	0.334656	0.595294	0.845295	1.02831	1.10346	1.05486	0.907362	0.687675	0.40679	0.106189	-0.172472	-0.406508	-0.56013	-0.616142	-0.59289	-0.515191	-0.404109	-0.271555	-0.131567	0	
0	0.000809058	-0.00106444	0.000561693	3.00264e-05	-0.00113274	0.000652714	-0.00103533	-7.98789e-05	-4.79263e-05	-0.000367932	0.000390621	-0.00145811	0.00101365	-0.0037844	-0.000407258	-0.00279467	-0.00510713	-0.00252839	0.00236662	-0.00258038	-0.00493623	-0.00330388	-0.00291689	-0.0024521	-0.00239538	-0.00125334	-0.00586018	-0.00446911	0.000776582	-0.0064716	-0.00595562	-0.00277441	-0.00729727	-0.0154506	-0.015508	-0.029268	-0.0520705	-0.085066	-0.130285	-0.195148	-0.288511	-0.392955	-0.493434	-0.580647	-0.639669	-0.626081	-0.519229	-0.337788	-0.0883194	0.199997	0.493431	0.757195	0.961321	1.08827	1.09996	1.00117	0.805882	0.553779	0.301501	0.07165	-0.123112	-0.278273	-0.383536	-0.412653	-0.373818	-0.303593	-0.24177	-0.217937	-0.215431	-0.214484	-0.224418	-0.263991	-0.332361	-0.395731	-0.410295	-0.346166	-0.21825	-0.0508894	0.158883	0.404189	0.661902	0.894534	1.05539	1.11032	1.04874	0.891402	0.660997	0.37776	0.0838917	-0.188124	-0.416304	-0.568025	-0.629239	-0.607819	-0.525285	-0.412549	-0.280872	-0.137578	0	
0	0.00190565	-0.00389879	0.00239559	-0.00263058	-0.00165278	0.0010544	-0.00257261	0.000536721	0.00119258	-0.000532492	-0.000428558	0.000331264	-0.0028987	-0.00374792	0.000147647	-0.00130803	5.20372e-05	0.00236662	-0.00435443	-0.0051123	-0.0013397	-0.000818473	-0.0012013	-0.00179325	-0.00382411	-0.0035397	-0.00360934	-0.00121518	-0.00210671	-0.00730339	-0.00433973	-0.00222578	-0.00979194	-0.0139067	-0.0165027	-0.0310472	-0.0548145	-0.0878098	-0.134265	-0.203381	-0.298199	-0.403608	-0.501731	-0.592886	-0.652431	-0.633399	-0.525803	-0.347299	-0.107702	0.174102	0.464137	0.726086	0.939134	1.07316	1.10334	1.0319	0.85818	0.62122	0.366139	0.130365	-0.0668442	-0.233016	-0.347602	-0.389117	-0.372365	-0.325209	-0.284858	-0.276824	-0.277654	-0.273902	-0.278799	-0.297968	-0.340373	-0.385098	-0.381728	-0.308614	-0.174545	0.00877653	0.227146	0.46917	0.721751	0.939544	1.07344	1.10691	1.03466	0.865281	0.626986	0.350263	0.0638031	-0.205102	-0.424945	-0.571896	-0.639609	-0.621882	-0.534397	-0.418744	-0.288831	-0.144348	0	
0	-0.000113836	-0.00137226	-0.000225446	-0.000819327	-0.000218254	0.000333557	-0.000684501	-0.000891467	-0.00121876	-0.00404619	-0.00125547	-0.00147239	-0.00214278	0.0033695	0.00200724	-0.00486066	0.000297252	-0.00258038	-0.0051123	0.00133109	0.00195488	-0.00320008	-0.00320505	-0.00340082	-0.00306178	-0.000736703	-0.00173606	-0.00411417	-0.00494061	-0.00376742	-0.00221765	-0.00588699	-0.0102552	-0.0118489	-0.0175127	-0.0337706	-0.0565105	-0.0895667	-0.139232	-0.210541	-0.30776	-0.409982	-0.511438	-0.604057	-0.662406	-0.637444	-0.530717	-0.357827	-0.125768	0.149592	0.432452	0.692776	0.905519	1.04659	1.09726	1.05312	0.908333	0.683757	0.430324	0.195068	-0.0075456	-0.178651	-0.298781	-0.356565	-0.361808	-0.34429	-0.334593	-0.338717	-0.341316	-0.339838	-0.336086	-0.333551	-0.351713	-0.36671	-0.33771	-0.256313	-0.115073	0.0735495	0.286296	0.527579	0.780861	0.982063	1.08596	1.09196	1.00327	0.829079	0.59631	0.326488	0.0408058	-0.222888	-0.430431	-0.57377	-0.647646	-0.633108	-0.543198	-0.424823	-0.295086	-0.150065	0	
0	0.00099867	0.000864458	0.00252418	-0.000481602	0.00149072	-0.00144355	-0.00147072	-0.00100095	-0.00126071	-0.00042876	-0.000158217	0.00037155	-0.00378738	-0.00104823	-0.00646078	-0.00329924	0.00131952	-0.00493623	-0.0013397	0.00195488	-0.0056318	-0.00613967	-0.00156701	0.00100877	-0.00379995	-0.00277742	-0.00426103	-0.00310481	-0.004074	-0.00089197	-0.00618777	-0.00755312	-0.00825224	-0.0105704	-0.0219311	-0.0358773	-0.0578288	-0.0929792	-0.145526	-0.220302	-0.315136	-0.418954	-0.522358	-0.617975	-0.669582	-0.6413	-0.537419	-0.367824	-0.142413	0.128669	0.402339	0.658112	0.866057	1.01298	1.08328	1.06857	0.94843	0.73793	0.490904	0.257121	0.0555181	-0.117432	-0.239711	-0.308368	-0.338618	-0.357598	-0.381744	-0.404382	-0.416558	-0.414983	-0.398439	-0.372077	-0.351814	-0.327164	-0.282492	-0.198745	-0.050765	0.136826	0.34593	0.591053	0.836853	1.01175	1.08362	1.06492	0.965818	0.791755	0.563353	0.298455	0.0189532	-0.234496	-0.434836	-0.578293	-0.652566	-0.639143	-0.552369	-0.432695	-0.299504	-0.153086	0	
0	-0.000650443	-0.0015651	-0.00182322	-0.00148624	-0.00107456	-0.00122928	0.000742134	8.4813e-05	-0.000959612	0.00138992	-0.00259667	-0.000793759	-0.00112956	-0.000377769	-0.00064784	-0.000872993	-0.000814557	-0.00330388	-0.000818473	-0.00320008	-0.00613967	-0.000406119	-0.00065207	-0.0032433	-0.00824316	-0.00266355	-0.00154873	-0.00545327	-0.00581121	-0.00267995	-0.00818223	-0.00825408	-0.00678015	-0.0144849	-0.0249675	-0.0368578	-0.0586238	-0.0973161	-0.151291	-0.226795	-0.319317	-0.425141	-0.532247	-0.626015	-0.670117	-0.64233	-0.540561	-0.376045	-0.152347	0.108714	0.373662	0.617641	0.817162	0.969027	1.05784	1.07104	0.974471	0.782682	0.5491	0.326275	0.12691	-0.0427504	-0.168229	-0.253253	-0.310538	-0.373397	-0.431244	-0.471832	-0.493185	-0.485348	-0.45711	-0.407339	-0.347132	-0.288051	-0.222341	-0.125696	0.0224748	0.204379	0.4129	0.648404	0.871062	1.02575	1.0791	1.03722	0.919826	0.743283	0.526668	0.274463	0.00309199	-0.243579	-0.441708	-0.584228	-0.653391	-0.640879	-0.56193	-0.442295	-0.30255	-0.153215	0	
0	0.000261499	-0.00105935	-0.00066109	0.000263993	-0.00263037	0.00110287	-0.00188355	-0.00128188	0.000310129	-0.00218181	-0.00154608	8.98183e-05	-0.00281214	-0.0017662	-0.000573029	-0.00156548	-0.00088068	-0.00291689	-0.0012013	-0.00320505	-0.00156701	-0.00065207	-0.00205263	-0.00581801	-0.00375624	0.000471604	-0.00178524	-0.00922183	-0.00234635	-0.00124642	-0.00869488	-0.0071321	-0.0061415	-0.0157996	-0.0253136	-0.0351427	-0.0607713	-0.0998366	-0.156554	-0.230246	-0.323098	-0.432838	-0.54246	-0.631924	-0.670318	-0.646287	-0.54676	-0.383081	-0.162306	0.0905112	0.344207	0.574179	0.766448	0.921303	1.02959	1.06311	0.987845	0.817081	0.602649	0.394054	0.202397	0.0373288	-0.0923555	-0.189367	-0.27933	-0.380831	-0.470874	-0.539189	-0.567574	-0.557312	-0.517701	-0.436056	-0.337536	-0.243086	-0.151643	-0.0450283	0.101686	0.277956	0.476794	0.693073	0.893995	1.03222	1.06605	0.998788	0.86508	0.693942	0.493542	0.251076	-0.0126999	-0.250129	-0.446873	-0.590146	-0.65355	-0.640508	-0.569751	-0.452157	-0.305518	-0.151605	0	
0	0.00089699	0.000921056	0.001208	0.00209809	-0.000690498	0.0011954	-0.00161555	-0.00302301	-0.000639068	-0.00512502	-0.00104745	-0.00200047	-0.00220981	-0.00013981	-0.00154607	-0.00408472	-0.00247347	-0.0024521	-0.00179325	-0.00340082	0.00100877	-0.0032433	-0.00581801	-0.00285036	0.000569106	-0.0020416	-0.00705291	-0.00550748	0.00138434	-0.00391126	-0.0108206	-0.00433195	-0.00635937	-0.0175152	-0.0249105	-0.0353163	-0.06315	-0.102967	-0.16115	-0.232368	-0.328827	-0.440732	-0.552957	-0.632824	-0.673393	-0.650734	-0.553451	-0.386981	-0.169725	0.073905	0.314969	0.530222	0.714357	0.873519	0.994436	1.04091	0.986125	0.837513	0.651283	0.462014	0.283011	0.12485	-0.0105711	-0.12483	-0.246284	-0.381775	-0.506032	-0.597413	-0.635688	-0.625833	-0.567895	-0.459029	-0.327161	-0.19586	-0.0764399	0.0437934	0.187026	0.353966	0.53874	0.727829	0.903867	1.02532	1.03822	0.951983	0.814199	0.649479	0.455672	0.223151	-0.0235788	-0.250986	-0.451539	-0.596845	-0.65435	-0.639478	-0.574582	-0.460442	-0.309267	-0.150306	0	
0	2.99267e-05	-0.00187375	0.000341271	-0.00336033	0.000377681	-0.00203684	-0.000583011	0.00141734	-0.000152683	0.00177824	0.000776791	-6.42792e-05	-0.00238626	-0.00235542	-0.0034402	-0.00374261	-0.00151172	-0.00239538	-0.00382411	-0.00306178	-0.00379995	-0.00824316	-0.00375624	0.000569106	-0.00720945	-0.00820616	-0.00513994	-0.00211846	-0.00579732	-0.00978054	-0.00936059	-0.00393629	-0.0123826	-0.0208064	-0.0257532	-0.0383255	-0.0677249	-0.108379	-0.164901	-0.236458	-0.335068	-0.451068	-0.557447	-0.63339	-0.675655	-0.655441	-0.555317	-0.385371	-0.173734	0.0617842	0.287166	0.489602	0.665346	0.82715	0.950152	1.00422	0.964278	0.843939	0.689894	0.525192	0.368612	0.215633	0.0761247	-0.0583261	-0.209393	-0.373704	-0.531352	-0.646553	-0.700269	-0.687311	-0.607201	-0.471942	-0.307147	-0.145595	-0.00275834	0.131866	0.275589	0.432967	0.594411	0.755103	0.905478	0.996935	0.991446	0.908446	0.772337	0.600651	0.41151	0.20076	-0.0281662	-0.254162	-0.456546	-0.599204	-0.656063	-0.641668	-0.576416	-0.464313	-0.313848	-0.151992	0	
0	-0.000511849	-0.00195052	-0.00123279	-0.00238665	-0.000804972	-0.00226317	0.000138699	-0.00178637	-0.00178703	-8.88228e-05	-0.00480092	-0.000249743	-0.00253091	-0.00117905	0.00120417	-0.00152203	0.00125074	-0.00125334	-0.0035397	-0.000736703	-0.00277742	-0.00266355	0.000471604	-0.0020416	-0.00820616	-0.00138979	-0.000915964	-0.00469768	-0.00781909	-0.00411481	-0.00405421	-0.0062693	-0.0134871	-0.0164297	-0.0222164	-0.0389771	-0.067719	-0.107898	-0.162554	-0.236723	-0.339087	-0.455037	-0.555782	-0.632321	-0.679689	-0.659459	-0.555217	-0.385537	-0.179924	0.0443436	0.256681	0.447083	0.61874	0.778321	0.89778	0.95438	0.930534	0.842544	0.722	0.59063	0.455271	0.309203	0.159544	-0.000105093	-0.173662	-0.364051	-0.544313	-0.68049	-0.748513	-0.727591	-0.632168	-0.473239	-0.28319	-0.102491	0.0661502	0.219981	0.367326	0.512737	0.644998	0.772949	0.888231	0.950671	0.94197	0.864687	0.724513	0.552785	0.377369	0.183008	-0.038922	-0.261055	-0.454718	-0.596181	-0.662096	-0.648038	-0.574749	-0.463236	-0.319047	-0.157294	0	
0	0.00119736	0.00100028	0.00190345	0.00214871	0.000594518	0.000790223	-0.000814326	-0.00262816	-0.00232609	-0.00365293	-0.00380128	-0.00106105	-0.00396163	-0.000902026	-0.00217756	-0.0045167	-0.00226361	-0.00586018	-0.00360934	-0.00173606	-0.00426103	-0.00154873	-0.00178524	-0.00705291	-0.00513994	-0.000915964	-0.00294941	-0.00751679	-0.00549473	-0.00257726	-0.00615607	-0.0106886	-0.0119075	-0.0144529	-0.025088	-0.0430974	-0.0700047	-0.109164	-0.164752	-0.24333	-0.347237	-0.45986	-0.55648	-0.639287	-0.68768	-0.664538	-0.554294	-0.387088	-0.186546	0.0285376	0.230895	0.414549	0.582512	0.73337	0.841976	0.896002	0.886962	0.828482	0.741689	0.645196	0.534101	0.3954	0.234282	0.0553567	-0.136062	-0.342088	-0.539276	-0.695754	-0.774203	-0.75252	-0.642731	-0.462484	-0.258787	-0.0585446	0.13284	0.302788	0.457818	0.585541	0.685135	0.780286	0.858038	0.896749	0.88512	0.810123	0.678426	0.518256	0.349046	0.160376	-0.0532848	-0.264322	-0.448747	-0.594099	-0.669842	-0.654033	-0.5724	-0.460836	-0.323172	-0.163242	0	
0	-3.69069e-05	0.000344414	-0.000582748	-6.49738e-05	-0.00181164	-0.000844005	-0.00118212	-0.00176948	0.00156176	-0.000525914	0.000655424	0.00130593	-0.00256456	-0.0017905	-0.00394506	-0.00504686	-0.00360984	-0.00446911	-0.00121518	-0.00411417	-0.00310481	-0.00545327	-0.00922183	-0.00550748	-0.00211846	-0.00469768	-0.00751679	-0.00871201	-0.00664224	-0.00379081	-0.0107939	-0.0126793	-0.011306	-0.0161087	-0.0304915	-0.0454458	-0.0710374	-0.109337	-0.168671	-0.248743	-0.35163	-0.457447	-0.557885	-0.644526	-0.69233	-0.661693	-0.550777	-0.386869	-0.192471	0.0147417	0.210097	0.389358	0.550239	0.684625	0.778318	0.827168	0.833896	0.800566	0.749022	0.689524	0.60378	0.474691	0.302717	0.109317	-0.0944857	-0.311219	-0.520464	-0.691289	-0.777977	-0.755416	-0.634287	-0.440662	-0.22414	-0.0110212	0.191653	0.376936	0.53561	0.645181	0.716315	0.773992	0.820125	0.843221	0.818973	0.745961	0.63653	0.491501	0.324841	0.139795	-0.0668624	-0.267978	-0.445586	-0.593181	-0.673	-0.657539	-0.57407	-0.460318	-0.323925	-0.166332	0	
0	-0.00135068	-0.00404595	-0.00330749	-0.00442333	-0.00269301	-0.00213133	-0.000584718	0.000230685	-0.000276749	-0.000217186	-0.00130724	-0.00202102	-0.00300912	-0.00151925	-0.00133138	-0.000795492	0.00117131	0.000776582	-0.00210671	-0.00494061	-0.004074	-0.00581121	-0.00234635	0.00138434	-0.00579732	-0.00781909	-0.00549473	-0.00664224	-0.00420061	-0.00379225	-0.0129607	-0.0107077	-0.00795456	-0.0176626	-0.0317673	-0.0433338	-0.0678955	-0.10876	-0.170398	-0.250581	-0.347887	-0.453356	-0.559784	-0.649326	-0.691361	-0.657296	-0.54939	-0.390858	-0.202065	-0.000671254	0.191349	0.367578	0.516001	0.632003	0.709109	0.758169	0.776978	0.76683	0.7491	0.722172	0.662623	0.539282	0.360399	0.157743	-0.054466	-0.275683	-0.490312	-0.663172	-0.751151	-0.726468	-0.598733	-0.402736	-0.18297	0.0332001	0.240395	0.43455	0.593898	0.692309	0.738055	0.761052	0.779239	0.778701	0.742757	0.6855	0.599611	0.467261	0.306231	0.122059	-0.0804569	-0.271831	-0.446416	-0.594357	-0.670632	-0.657606	-0.580163	-0.463263	-0.321414	-0.164582	0	
0	0.00157924	0.00237091	0.00364292	0.00252776	0.00253319	0.000220774	-0.000920104	-0.00367227	-0.00429313	-0.0050003	-0.00709491	-0.0029309	-0.00478237	-0.00266577	-0.000454869	-0.00367741	-0.00316887	-0.0064716	-0.00730339	-0.00376742	-0.00089197	-0.00267995	-0.00124642	-0.00391126	-0.00978054	-0.00411481	-0.00257726	-0.00379081	-0.00379225	-0.00746864	-0.0128428	-0.00446391	-0.00774279	-0.0216222	-0.0313493	-0.0399677	-0.0679325	-0.111796	-0.174666	-0.250994	-0.346155	-0.456136	-0.569218	-0.655463	-0.692281	-0.658605	-0.556147	-0.40073	-0.215022	-0.0137402	0.179506	0.352128	0.48598	0.582414	0.648723	0.696475	0.722564	0.728348	0.734121	0.734274	0.693328	0.577606	0.401619	0.200055	-0.0100216	-0.227852	-0.436896	-0.604363	-0.688362	-0.664469	-0.546446	-0.356099	-0.13776	0.0744594	0.283739	0.480353	0.636545	0.723577	0.740543	0.730789	0.726837	0.714276	0.680312	0.631778	0.555408	0.439827	0.291838	0.11044	-0.0873744	-0.277164	-0.456342	-0.597698	-0.662339	-0.6544	-0.588645	-0.469428	-0.317532	-0.158316	0	
0	0.000372355	-0.00114693	-0.000198952	-0.000977703	-0.00131721	-0.0014626	-0.00108376	-0.00157988	-0.000604391	0.000155025	0.000358696	0.00138371	-0.00130049	-0.00127584	-0.00507319	-0.00853414	-0.00572569	-0.00595562	-0.00433973	-0.00221765	-0.00618777	-0.00818223	-0.00869488	-0.0108206	-0.00936059	-0.00405421	-0.00615607	-0.0107939	-0.0129607	-0.0128428	-0.0095145	-0.00779316	-0.0189339	-0.0279424	-0.0300627	-0.0429002	-0.074214	-0.11876	-0.176935	-0.25018	-0.345502	-0.462452	-0.574045	-0.653724	-0.687117	-0.658308	-0.559545	-0.406457	-0.220604	-0.018026	0.176057	0.338525	0.453195	0.532965	0.589781	0.636211	0.663142	0.678854	0.702363	0.721903	0.698027	0.59645	0.434725	0.244941	0.0435856	-0.16755	-0.367136	-0.521076	-0.597772	-0.578607	-0.471113	-0.293077	-0.084824	0.125137	0.328393	0.508874	0.64938	0.719519	0.718218	0.694259	0.677741	0.659812	0.626179	0.574837	0.505876	0.41247	0.282483	0.10867	-0.0915306	-0.291218	-0.469564	-0.596687	-0.655182	-0.653631	-0.593619	-0.47358	-0.315576	-0.15275	0	
0	-0.0014583	-0.00259329	-0.00338311	-0.00416686	-0.0037354	-0.00306817	-0.00188325	-0.00132154	0.000702724	-0.000472986	-0.00240022	-0.00156625	-0.00630376	-0.00514027	-0.00378756	-0.00276959	-0.000156197	-0.00277441	-0.00222578	-0.00588699	-0.00755312	-0.00825408	-0.0071321	-0.00433195	-0.00393629	-0.0062693	-0.0106886	-0.0126793	-0.0107077	-0.00446391	-0.00779316	-0.0154794	-0.0215267	-0.0194948	-0.0262275	-0.0450842	-0.0766067	-0.115995	-0.172127	-0.244192	-0.346056	-0.465363	-0.572173	-0.647117	-0.685086	-0.66333	-0.568182	-0.416008	-0.229456	-0.0233993	0.167051	0.316527	0.415598	0.48558	0.540991	0.583436	0.60977	0.62886	0.659289	0.689095	0.676091	0.593175	0.454606	0.285219	0.098315	-0.09936	-0.280587	-0.415165	-0.477635	-0.459202	-0.367612	-0.20839	-0.0158745	0.176724	0.356247	0.512476	0.633326	0.689641	0.681686	0.651356	0.628107	0.608492	0.573104	0.52265	0.46519	0.388034	0.273062	0.106011	-0.101249	-0.304179	-0.472327	-0.596772	-0.661714	-0.655286	-0.587141	-0.471737	-0.319069	-0.153936	0	
0	0.000442443	-0.000660112	0.000497841	0.000331347	0.000149983	-0.000478711	-0.00120289	-0.00384003	-0.0055149	-0.00704146	-0.00778169	-0.00673399	-0.00613212	-0.00317062	-0.00353169	-0.00572437	-0.00536164	-0.00729727	-0.00979194	-0.0102552	-0.00825224	-0.00678015	-0.0061415	-0.00635937	-0.0123826	-0.0134871	-0.0119075	-0.011306	-0.00795456	-0.00774279	-0.0189339	-0.0215267	-0.0155705	-0.0182153	-0.0337579	-0.0525198	-0.0775315	-0.115952	-0.170752	-0.247183	-0.352787	-0.469355	-0.568962	-0.645322	-0.691271	-0.674003	-0.579337	-0.426397	-0.235638	-0.0286118	0.155499	0.291472	0.381564	0.451332	0.504397	0.543072	0.562592	0.575795	0.602146	0.628262	0.623479	0.56359	0.45559	0.316766	0.156134	-0.0170466	-0.17044	-0.277303	-0.325783	-0.311488	-0.238834	-0.109657	0.0538387	0.223174	0.37803	0.504963	0.596136	0.634633	0.623615	0.593915	0.572233	0.557587	0.530844	0.490512	0.436438	0.359411	0.252484	0.0949278	-0.106688	-0.302803	-0.472288	-0.60968	-0.676041	-0.652462	-0.573876	-0.466842	-0.325297	-0.160894	0	
0	0.00118958	0.00108227	0.00203254	-9.65814e-05	-0.000831356	-0.00259104	-0.0043727	-0.00527174	-0.00470529	-0.00509652	-0.00608615	-0.00373074	-0.00808466	-0.00843782	-0.00960766	-0.0126174	-0.0124871	-0.0154506	-0.0139067	-0.0118489	-0.0105704	-0.0144849	-0.0157996	-0.0175152	-0.0208064	-0.0164297	-0.0144529	-0.0161087	-0.0176626	-0.0216222	-0.0279424	-0.0194948	-0.0182153	-0.0307765	-0.0460087	-0.0562493	-0.081013	-0.118776	-0.175823	-0.255062	-0.360576	-0.468665	-0.565562	-0.649107	-0.701331	-0.684747	-0.588577	-0.432761	-0.239476	-0.0340148	0.139075	0.266497	0.35621	0.427423	0.478852	0.507803	0.515418	0.513658	0.522033	0.539243	0.543485	0.512118	0.445398	0.348483	0.224818	0.0874505	-0.0346858	-0.121188	-0.159166	-0.149194	-0.0966078	0.00725315	0.142011	0.276876	0.394258	0.481499	0.536551	0.552918	0.53715	0.519052	0.517295	0.519248	0.50456	0.469496	0.409466	0.326698	0.226174	0.083842	-0.104028	-0.300638	-0.482964	-0.62426	-0.680949	-0.649813	-0.56865	-0.461085	-0.325928	-0.167252	0	
0	-0.00196563	-0.00508567	-0.00569145	-0.00670556	-0.00695352	-0.00658624	-0.00570506	-0.00605644	-0.00591876	-0.00660451	-0.007559	-0.00878014	-0.0114135	-0.0117151	-0.0144214	-0.0178936	-0.0152616	-0.015508	-0.0165027	-0.0175127	-0.0219311	-0.0249675	-0.0253136	-0.0249105	-0.0257532	-0.0222164	-0.025088	-0.0304915	-0.0317673	-0.0313493	-0.0300627	-0.0262275	-0.0337579	-0.0460087	-0.0513579	-0.0615501	-0.0864826	-0.125106	-0.182828	-0.263825	-0.361192	-0.462903	-0.564349	-0.655923	-0.710608	-0.691994	-0.594923	-0.438678	-0.246328	-0.0507674	0.112887	0.237862	0.332403	0.407696	0.453983	0.47515	0.467939	0.444426	0.431337	0.437123	0.451278	0.450113	0.424031	0.372133	0.295656	0.200781	0.112639	0.0501199	0.0216843	0.0299529	0.071827	0.148406	0.241141	0.33028	0.400639	0.440049	0.454418	0.448248	0.435513	0.440133	0.464202	0.485197	0.481519	0.449575	0.388851	0.305396	0.205365	0.0690847	-0.111255	-0.309205	-0.492769	-0.625418	-0.679204	-0.656095	-0.573616	-0.454781	-0.318546	-0.166766	0	
0	-0.000818663	-0.00342281	-0.00315901	-0.00634728	-0.00732138	-0.00864619	-0.0112044	-0.0124631	-0.0136759	-0.0164199	-0.0195001	-0.0198071	-0.0246792	-0.0243679	-0.0247529	-0.0245521	-0.0239686	-0.029268	-0.0310472	-0.0337706	-0.0358773	-0.0368578	-0.0351427	-0.0353163	-0.0383255	-0.0389771	-0.0430974	-0.0454458	-0.0433338	-0.0399677	-0.0429002	-0.0450842	-0.0525198	-0.0562493	-0.0615501	-0.0729507	-0.098689	-0.137256	-0.198412	-0.273239	-0.362598	-0.46639	-0.576693	-0.672925	-0.724876	-0.705372	-0.608421	-0.453261	-0.268032	-0.0805616	0.0801361	0.213417	0.318102	0.395222	0.438887	0.449055	0.421619	0.370018	0.328693	0.32261	0.345276	0.370017	0.386018	0.387638	0.368567	0.328224	0.279287	0.23509	0.214229	0.222225	0.252269	0.302909	0.351745	0.382501	0.392113	0.382036	0.364012	0.340696	0.327674	0.350417	0.402305	0.447265	0.45853	0.437078	0.383271	0.296826	0.185989	0.043744	-0.132481	-0.320585	-0.493346	-0.621499	-0.680696	-0.663845	-0.579889	-0.453275	-0.308409	-0.155811	0	
0	-0.00203556	-0.00494021	-0.00669022	-0.00901587	-0.0116434	-0.0145229	-0.0176562	-0.0218416	-0.0258197	-0.0295832	-0.0321636	-0.03418	-0.0361967	-0.0366406	-0.039555	-0.0459777	-0.0480044	-0.0520705	-0.0548145	-0.0565105	-0.0578288	-0.0586238	-0.0607713	-0.06315	-0.0677249	-0.067719	-0.0700047	-0.0710374	-0.0678955	-0.0679325	-0.074214	-0.0766067	-0.0775315	-0.081013	-0.0864826	-0.098689	-0.123621	-0.165994	-0.221408	-0.286261	-0.374076	-0.485683	-0.600456	-0.691966	-0.741034	-0.720819	-0.625251	-0.476399	-0.299623	-0.118288	0.0496801	0.194721	0.305838	0.383861	0.420753	0.418076	0.366032	0.283241	0.219126	0.204434	0.234152	0.28345	0.339833	0.397725	0.445056	0.462715	0.453005	0.429631	0.413793	0.419529	0.440752	0.463318	0.461985	0.431384	0.381603	0.323828	0.271452	0.229017	0.21511	0.252089	0.329929	0.405963	0.441196	0.431802	0.381868	0.292315	0.170387	0.0161565	-0.159537	-0.333674	-0.49483	-0.622308	-0.682561	-0.664269	-0.583035	-0.456972	-0.300575	-0.141242	0	
0	-0.00280033	-0.00878331	-0.0106188	-0.0176723	-0.0224953	-0.0271787	-0.0338985	-0.0377732	-0.0414587	-0.0459474	-0.0501531	-0.0531993	-0.0608384	-0.0651064	-0.0715722	-0.0759732	-0.0786934	-0.085066	-0.0878098	-0.0895667	-0.0929792	-0.0973161	-0.0998366	-0.102967	-0.108379	-0.107898	-0.109164	-0.109337	-0.10876	-0.111796	-0.11876	-0.115995	-0.115952	-0.118776	-0.125106	-0.137256	-0.165994	-0.203232	-0.247768	-0.30888	-0.404275	-0.521187	-0.629579	-0.716276	-0.763988	-0.745853	-0.65542	-0.516064	-0.348202	-0.162013	0.0186992	0.17504	0.290792	0.366184	0.396885	0.376914	0.297418	0.188938	0.107222	0.087288	0.124056	0.193323	0.29069	0.409389	0.522435	0.599273	0.629266	0.621544	0.610378	0.614541	0.624692	0.623064	0.578105	0.486575	0.371405	0.260345	0.177263	0.122553	0.106237	0.152847	0.255237	0.3609	0.419907	0.4249	0.380154	0.289285	0.160465	-0.00422972	-0.185114	-0.354402	-0.506537	-0.62673	-0.681956	-0.660746	-0.579559	-0.455104	-0.299075	-0.139638	0	
