0	0	0	0	0	0	0	0	0	0	0	0	0	0	0	0	0	0	0	0	0	0	0	0	0	0	0	0	0	0	0	0	0	0	0	0	0	0	0	0	0	0	0	0	0	0	0	0	0	0	0	0	0	0	0	0	0	0	0	0	0	0	0	0	0	0	0	0	0	0	0	0	0	0	0	0	0	0	0	0	0	0	0	0	0	0	0	0	0	0	0	0	0	0	0	0	0	0	0	0	
0	-0.0551382	-0.0867014	-0.0904745	-0.0775546	-0.0567665	-0.0270523	0.0191365	0.0839888	0.158781	0.22764	0.27853	0.307203	0.314364	0.301312	0.271806	0.234078	0.197785	0.164722	0.130009	0.0850689	0.0312458	-0.0194199	-0.0536637	-0.0670579	-0.0638389	-0.0523333	-0.0438907	-0.0433533	-0.0485236	-0.0555571	-0.0633465	-0.0795256	-0.107917	-0.139285	-0.159902	-0.160921	-0.139253	-0.100998	-0.0591086	-0.0233623	0.00500758	0.0320044	0.0643572	0.0995474	0.130287	0.150226	0.157924	0.153837	0.137353	0.108549	0.0732288	0.0402074	0.0155064	-0.00161885	-0.0148473	-0.0255944	-0.0322281	-0.0251714	-0.00157875	0.0277622	0.0521674	0.0644249	0.066414	0.0622793	0.053686	0.0384582	0.0118894	-0.0248549	-0.0646115	-0.105736	-0.14388	-0.173949	-0.195044	-0.205637	-0.207896	-0.205365	-0.19667	-0.180135	-0.152852	-0.117535	-0.082743	-0.0514116	-0.0275647	-0.00886243	0.0055658	0.0164478	0.0265046	0.0343766	0.0454056	0.0619686	0.0841029	0.109321	0.129965	0.138843	0.132454	0.111558	0.0790424	0.0409386	0	
0	-0.0867014	-0.141545	-0.156119	-0.135703	-0.0898812	-0.0183103	0.0780899	0.201984	0.338678	0.467139	0.563093	0.615848	0.626855	0.600497	0.547537	0.47717	0.405078	0.333174	0.259905	0.174383	0.0776715	-0.0142421	-0.0832268	-0.119916	-0.1255	-0.108596	-0.0907448	-0.0857593	-0.0968019	-0.115624	-0.136425	-0.166594	-0.211945	-0.259702	-0.292261	-0.297275	-0.26963	-0.208256	-0.133486	-0.0574126	0.00979501	0.0723956	0.138124	0.205891	0.264281	0.308885	0.330684	0.329725	0.301308	0.24454	0.172547	0.100686	0.0397276	-0.00582573	-0.0328645	-0.0442647	-0.0424985	-0.022231	0.0196056	0.068125	0.10848	0.128652	0.129986	0.117865	0.093416	0.0596476	0.0108754	-0.057057	-0.132973	-0.212103	-0.283476	-0.341597	-0.383867	-0.406686	-0.415111	-0.407648	-0.382176	-0.344376	-0.296796	-0.239491	-0.181302	-0.12566	-0.0767096	-0.0369165	-0.0051807	0.0230629	0.0507305	0.0791537	0.114068	0.151301	0.188591	0.222348	0.246805	0.256684	0.246778	0.214748	0.158657	0.0849987	0	
0	-0.0904745	-0.156119	-0.182686	-0.161824	-0.0884699	0.0291332	0.178698	0.349681	0.530248	0.69668	0.822372	0.890966	0.903262	0.868317	0.797526	0.702749	0.598297	0.490361	0.382029	0.264886	0.140077	0.0216236	-0.0733141	-0.134949	-0.159049	-0.148694	-0.128694	-0.12221	-0.138019	-0.170246	-0.206035	-0.25042	-0.307128	-0.360796	-0.395656	-0.405333	-0.379285	-0.311997	-0.213768	-0.101269	0.00970634	0.113413	0.214862	0.311619	0.397445	0.463292	0.500871	0.503148	0.465204	0.389458	0.290359	0.184904	0.0866234	0.00673374	-0.0423114	-0.0551	-0.0442526	-0.0117571	0.0382715	0.0909813	0.139953	0.171567	0.177643	0.156038	0.114433	0.0609279	-0.0104081	-0.102047	-0.201783	-0.306428	-0.401879	-0.477052	-0.535388	-0.572379	-0.58484	-0.574516	-0.542155	-0.497616	-0.442191	-0.376089	-0.30563	-0.226214	-0.150146	-0.081832	-0.0263598	0.0203612	0.072202	0.125913	0.185908	0.243554	0.290724	0.327071	0.349492	0.355416	0.340967	0.299899	0.224798	0.121828	0	
0	-0.0775546	-0.135703	-0.161824	-0.134201	-0.040958	0.115151	0.305153	0.512641	0.714962	0.89419	1.02563	1.09766	1.11159	1.0709	0.988458	0.873019	0.746176	0.612718	0.480318	0.341075	0.199287	0.0706351	-0.0326381	-0.107539	-0.1511	-0.158452	-0.149969	-0.146537	-0.164491	-0.201525	-0.248392	-0.307532	-0.37752	-0.436799	-0.471639	-0.481768	-0.463821	-0.398442	-0.29459	-0.157726	-0.011277	0.132532	0.271671	0.402306	0.511514	0.596439	0.640567	0.643326	0.601308	0.51702	0.407605	0.285265	0.160071	0.048801	-0.0223787	-0.0480702	-0.0445838	-0.0218182	0.0209986	0.0726064	0.125885	0.163401	0.17452	0.154664	0.10431	0.0371782	-0.0483767	-0.155974	-0.26696	-0.377447	-0.475989	-0.560339	-0.628626	-0.670913	-0.691258	-0.68846	-0.664132	-0.631145	-0.586733	-0.517963	-0.429856	-0.326609	-0.223153	-0.13141	-0.0544791	0.0156089	0.0852009	0.153778	0.227165	0.294315	0.350891	0.39413	0.419838	0.423936	0.400253	0.345423	0.254274	0.136113	0	
0	-0.0567665	-0.0898812	-0.0884699	-0.040958	0.07029	0.242066	0.453338	0.675754	0.884175	1.05455	1.17301	1.23573	1.2448	1.20018	1.1069	0.977858	0.833844	0.683101	0.532448	0.378002	0.229448	0.104613	0.00901922	-0.0662943	-0.122416	-0.14685	-0.149595	-0.149088	-0.163802	-0.201619	-0.255605	-0.328131	-0.412237	-0.479561	-0.517361	-0.536239	-0.530523	-0.480601	-0.379073	-0.230576	-0.0562358	0.12373	0.299973	0.458692	0.587977	0.679733	0.729345	0.737342	0.702844	0.627375	0.519558	0.390174	0.250957	0.122009	0.0293405	-0.01642	-0.0360232	-0.0322252	-0.00527863	0.0312947	0.0729419	0.102714	0.109988	0.0884035	0.0422115	-0.0212026	-0.107496	-0.212786	-0.315484	-0.419333	-0.517488	-0.601451	-0.672534	-0.720129	-0.743162	-0.750581	-0.743327	-0.724522	-0.681713	-0.60667	-0.511735	-0.397467	-0.283961	-0.177308	-0.0846844	-0.00512684	0.0730727	0.142091	0.212079	0.279422	0.339115	0.390957	0.426143	0.435117	0.411949	0.353993	0.258324	0.137399	0	
0	-0.0270523	-0.0183103	0.0291332	0.115151	0.242066	0.415321	0.615772	0.828446	1.02189	1.17454	1.27078	1.31372	1.31041	1.25827	1.16183	1.02496	0.870575	0.705245	0.544525	0.387426	0.246055	0.134491	0.0515927	-0.0185148	-0.0774077	-0.106078	-0.112817	-0.114346	-0.134221	-0.178804	-0.240953	-0.3212	-0.411929	-0.485736	-0.533548	-0.566783	-0.58298	-0.546566	-0.451651	-0.293499	-0.0985592	0.109154	0.312509	0.492272	0.62693	0.719956	0.768612	0.786056	0.76901	0.707575	0.608429	0.481949	0.343203	0.211571	0.112127	0.0459673	-0.00344596	-0.033845	-0.0329998	-0.0164453	0.00182279	0.0052082	-0.00656206	-0.0308896	-0.0699937	-0.117318	-0.182479	-0.270424	-0.359887	-0.451145	-0.535463	-0.610223	-0.673253	-0.716624	-0.748985	-0.768409	-0.766523	-0.748892	-0.708464	-0.635185	-0.541527	-0.432344	-0.323097	-0.223041	-0.138653	-0.0648965	0.00414119	0.066965	0.135672	0.202951	0.267059	0.32503	0.370023	0.394006	0.387235	0.344808	0.25891	0.140208	0	
0	0.0191365	0.0780899	0.178698	0.305153	0.453338	0.615772	0.78648	0.959553	1.12247	1.24951	1.32332	1.34459	1.32528	1.26782	1.16936	1.02936	0.86546	0.694566	0.537334	0.39431	0.268533	0.169904	0.0968923	0.0370077	-0.0102405	-0.0293788	-0.0345215	-0.0475546	-0.085561	-0.146934	-0.217721	-0.299846	-0.394138	-0.477074	-0.538227	-0.588359	-0.613631	-0.581555	-0.48126	-0.315784	-0.109812	0.112193	0.330251	0.516576	0.650018	0.731347	0.773129	0.791567	0.783725	0.739379	0.658299	0.55275	0.433772	0.3144	0.209556	0.123602	0.0413841	-0.0213164	-0.0520607	-0.0660645	-0.074547	-0.0943537	-0.125974	-0.165734	-0.204211	-0.235957	-0.278153	-0.342048	-0.410958	-0.486348	-0.553005	-0.601656	-0.642899	-0.676711	-0.70381	-0.722577	-0.723523	-0.710118	-0.675929	-0.615094	-0.539886	-0.447211	-0.35684	-0.278743	-0.22093	-0.177362	-0.128484	-0.0756755	-0.00686405	0.0709058	0.148186	0.223879	0.292284	0.342797	0.363849	0.343666	0.268776	0.149132	0	
0	0.0839888	0.201984	0.349681	0.512641	0.675754	0.828446	0.959553	1.08381	1.20051	1.2946	1.34373	1.34812	1.3191	1.25562	1.15184	1.0032	0.836535	0.67359	0.537782	0.416535	0.305227	0.212087	0.146396	0.101073	0.0725084	0.0664662	0.057381	0.025253	-0.0372494	-0.114537	-0.188232	-0.268235	-0.363914	-0.456181	-0.529506	-0.584392	-0.608298	-0.5656	-0.458549	-0.290706	-0.0861724	0.13528	0.355212	0.544273	0.672826	0.745646	0.772946	0.779764	0.769223	0.731972	0.673134	0.598614	0.510107	0.407376	0.303135	0.200672	0.0925438	-0.00564321	-0.0701788	-0.111485	-0.143753	-0.184548	-0.235047	-0.28783	-0.332838	-0.358126	-0.383779	-0.429072	-0.479576	-0.529695	-0.564987	-0.585982	-0.601659	-0.611692	-0.62064	-0.625876	-0.621529	-0.618408	-0.608168	-0.573538	-0.520223	-0.452833	-0.394794	-0.356161	-0.340255	-0.329742	-0.303341	-0.25872	-0.184875	-0.0932481	0.00909849	0.116017	0.217168	0.298075	0.34141	0.335566	0.267815	0.149596	0	
0	0.158781	0.338678	0.530248	0.714962	0.884175	1.02189	1.12247	1.20051	1.26984	1.32191	1.345	1.33712	1.30156	1.22868	1.11155	0.956997	0.797768	0.658304	0.548466	0.448243	0.345902	0.257756	0.198934	0.165961	0.150433	0.150039	0.135371	0.0875702	0.0085018	-0.076792	-0.150658	-0.225689	-0.320243	-0.415369	-0.490241	-0.542966	-0.556145	-0.502608	-0.387165	-0.220009	-0.024096	0.185317	0.392474	0.570047	0.691844	0.756911	0.775437	0.768689	0.745161	0.709792	0.667915	0.621418	0.555988	0.465236	0.360947	0.251906	0.127047	0.00568242	-0.0913386	-0.166088	-0.223759	-0.281533	-0.342507	-0.402006	-0.445983	-0.466946	-0.483693	-0.511786	-0.534405	-0.553334	-0.56242	-0.561259	-0.556384	-0.541464	-0.520655	-0.504405	-0.498007	-0.507494	-0.516353	-0.506544	-0.487062	-0.460916	-0.44818	-0.454478	-0.475254	-0.492794	-0.484368	-0.447534	-0.371422	-0.262908	-0.13487	0.0025997	0.136211	0.244438	0.308294	0.315825	0.25637	0.144188	0	
0	0.22764	0.467139	0.69668	0.89419	1.05455	1.17454	1.24951	1.2946	1.32191	1.33488	1.32999	1.30635	1.25609	1.16715	1.04136	0.895537	0.762315	0.652819	0.569199	0.485589	0.396123	0.315683	0.261925	0.229264	0.210445	0.20537	0.185515	0.132291	0.0494347	-0.0379812	-0.108859	-0.178437	-0.263168	-0.347699	-0.411669	-0.452042	-0.453903	-0.388652	-0.264743	-0.0973732	0.0874797	0.27262	0.448832	0.598793	0.701984	0.757062	0.765643	0.746995	0.714906	0.677054	0.643197	0.609371	0.55881	0.47883	0.378888	0.264669	0.125718	-0.0239499	-0.152593	-0.255519	-0.338407	-0.410894	-0.471802	-0.517124	-0.543024	-0.546507	-0.547307	-0.553091	-0.548322	-0.53749	-0.52251	-0.505091	-0.483075	-0.451406	-0.417909	-0.396997	-0.391253	-0.406746	-0.431141	-0.447574	-0.461363	-0.474812	-0.503355	-0.544918	-0.59769	-0.641769	-0.650636	-0.620621	-0.540881	-0.421811	-0.275966	-0.115706	0.0413936	0.173563	0.259792	0.28683	0.24256	0.138855	0	
0	0.27853	0.563093	0.822372	1.02563	1.17301	1.27078	1.32332	1.34373	1.345	1.32999	1.29898	1.24803	1.17255	1.06844	0.948575	0.830421	0.733222	0.658326	0.598354	0.533068	0.453756	0.377591	0.318204	0.272302	0.237042	0.218558	0.194014	0.14483	0.0686486	-0.01051	-0.0767034	-0.136752	-0.205839	-0.267775	-0.306461	-0.323449	-0.305056	-0.223885	-0.0895668	0.0777694	0.24543	0.397354	0.528682	0.634056	0.702101	0.73309	0.727374	0.699696	0.662989	0.627962	0.59842	0.569964	0.522834	0.447806	0.351582	0.231958	0.0737785	-0.0996018	-0.255198	-0.382274	-0.480393	-0.555989	-0.604474	-0.624991	-0.619171	-0.593031	-0.562439	-0.5386	-0.509502	-0.480114	-0.449187	-0.414929	-0.380081	-0.345351	-0.321648	-0.313698	-0.320382	-0.346717	-0.383545	-0.41953	-0.458058	-0.496643	-0.546156	-0.611097	-0.685552	-0.748639	-0.776395	-0.75865	-0.685597	-0.564047	-0.409724	-0.238359	-0.0626018	0.0935278	0.20533	0.255254	0.227525	0.133452	0	
0	0.307203	0.615848	0.890966	1.09766	1.23573	1.31372	1.34459	1.34812	1.33712	1.30635	1.24803	1.16504	1.06528	0.959616	0.859516	0.775059	0.715835	0.67617	0.645035	0.594314	0.516738	0.428542	0.349923	0.280232	0.221252	0.184744	0.156286	0.116068	0.0583285	-0.00563604	-0.0596173	-0.108286	-0.155279	-0.18513	-0.185524	-0.165644	-0.116224	-0.015243	0.129237	0.29044	0.436228	0.549673	0.632431	0.685252	0.705348	0.696623	0.665621	0.629784	0.59785	0.566821	0.533954	0.496863	0.447067	0.375021	0.277957	0.150455	-0.0185717	-0.207867	-0.376143	-0.508694	-0.608469	-0.676955	-0.709977	-0.708364	-0.673588	-0.609761	-0.543039	-0.489726	-0.444646	-0.404553	-0.360384	-0.31181	-0.26962	-0.244247	-0.236931	-0.249705	-0.277781	-0.32381	-0.38056	-0.431492	-0.476	-0.518438	-0.575656	-0.648622	-0.735923	-0.815766	-0.856351	-0.849938	-0.7875	-0.675652	-0.526004	-0.347867	-0.158355	0.0162541	0.148621	0.217139	0.205805	0.123556	0	
0	0.314364	0.626855	0.903262	1.11159	1.2448	1.31041	1.32528	1.3191	1.30156	1.25609	1.17255	1.06528	0.960246	0.869352	0.796316	0.742909	0.716265	0.711572	0.706364	0.667671	0.581963	0.472222	0.363984	0.264199	0.179561	0.126779	0.096726	0.0707468	0.0326836	-0.0116103	-0.0536003	-0.0873025	-0.108957	-0.0996685	-0.0541558	0.0125489	0.099614	0.225201	0.377088	0.529463	0.651127	0.729721	0.766294	0.765038	0.727844	0.670337	0.609273	0.560972	0.526381	0.492233	0.448728	0.396305	0.331784	0.25201	0.156022	0.0317371	-0.13364	-0.315537	-0.477949	-0.604714	-0.695058	-0.753098	-0.776803	-0.762798	-0.707093	-0.617726	-0.521607	-0.446219	-0.387353	-0.333174	-0.276019	-0.221957	-0.182685	-0.16245	-0.166826	-0.195367	-0.247331	-0.320394	-0.39456	-0.453071	-0.497396	-0.538538	-0.595307	-0.675451	-0.769705	-0.852684	-0.901145	-0.902688	-0.849991	-0.744784	-0.596834	-0.420061	-0.226065	-0.0413987	0.102692	0.183413	0.183661	0.112318	0	
0	0.301312	0.600497	0.868317	1.0709	1.20018	1.25827	1.26782	1.25562	1.22868	1.16715	1.06844	0.959616	0.869352	0.806157	0.763882	0.741048	0.741836	0.75932	0.76931	0.735156	0.642289	0.5107	0.371536	0.240806	0.13394	0.0690665	0.0412307	0.0263206	0.00648487	-0.0218628	-0.0488454	-0.0657916	-0.0598961	-0.013862	0.0754388	0.185805	0.313065	0.462836	0.624437	0.769502	0.873538	0.925532	0.925857	0.875424	0.78372	0.673669	0.572826	0.499697	0.447681	0.395748	0.332603	0.26324	0.188997	0.106318	0.0109875	-0.102123	-0.243622	-0.401331	-0.542604	-0.650584	-0.729442	-0.782913	-0.80612	-0.790379	-0.726972	-0.624677	-0.518443	-0.429231	-0.352171	-0.281243	-0.217346	-0.166717	-0.133373	-0.118999	-0.124806	-0.161437	-0.229285	-0.315893	-0.401321	-0.46531	-0.509095	-0.549461	-0.606372	-0.685337	-0.781858	-0.872864	-0.926399	-0.929594	-0.875921	-0.769141	-0.620864	-0.439686	-0.2425	-0.0567084	0.0896033	0.172217	0.176273	0.108843	0	
0	0.271806	0.547537	0.797526	0.988458	1.1069	1.16183	1.16936	1.15184	1.11155	1.04136	0.948575	0.859516	0.796316	0.763882	0.756472	0.766527	0.787819	0.812762	0.821649	0.785813	0.686881	0.540885	0.379843	0.228841	0.108171	0.0353414	0.00428722	-0.00778963	-0.0200757	-0.0346485	-0.0441818	-0.0390908	-0.00741588	0.0670623	0.184536	0.328456	0.488223	0.663828	0.838755	0.985195	1.08246	1.11999	1.09372	1.00445	0.86611	0.710009	0.56786	0.453362	0.363787	0.281952	0.201591	0.122477	0.0429331	-0.0392003	-0.121972	-0.213606	-0.325747	-0.449169	-0.560798	-0.650211	-0.723406	-0.780999	-0.811753	-0.798433	-0.73516	-0.638161	-0.533537	-0.437199	-0.347601	-0.265199	-0.199171	-0.154255	-0.1272	-0.115753	-0.12807	-0.167909	-0.233696	-0.31572	-0.395074	-0.458935	-0.504425	-0.545392	-0.601282	-0.681885	-0.77897	-0.866627	-0.919182	-0.919885	-0.86196	-0.747702	-0.588863	-0.402396	-0.204403	-0.019213	0.123107	0.199359	0.195575	0.118435	0	
0	0.234078	0.47717	0.702749	0.873019	0.977858	1.02496	1.02936	1.0032	0.956997	0.895537	0.830421	0.775059	0.742909	0.741048	0.766527	0.805025	0.840544	0.864619	0.863755	0.816786	0.708548	0.554592	0.387557	0.233781	0.113854	0.0377548	0.000390368	-0.0206046	-0.0358521	-0.0419564	-0.0311139	-0.000679334	0.0533339	0.139933	0.264674	0.41841	0.597953	0.794634	0.990256	1.15307	1.26012	1.29755	1.25807	1.14207	0.970164	0.774356	0.585947	0.422387	0.285852	0.17095	0.0740537	-0.00662965	-0.0790917	-0.148198	-0.21574	-0.286141	-0.369429	-0.462901	-0.548727	-0.622297	-0.692729	-0.758063	-0.79808	-0.794233	-0.743034	-0.658621	-0.562112	-0.465596	-0.374841	-0.296254	-0.235756	-0.192779	-0.167359	-0.161922	-0.177555	-0.212893	-0.266956	-0.331587	-0.395821	-0.4465	-0.482053	-0.519839	-0.573501	-0.649772	-0.740233	-0.823193	-0.870899	-0.86445	-0.798414	-0.676023	-0.510933	-0.315662	-0.109959	0.0775899	0.217458	0.281834	0.257225	0.152423	0	
0	0.197785	0.405078	0.598297	0.746176	0.833844	0.870575	0.86546	0.836535	0.797768	0.762315	0.733222	0.715835	0.716265	0.741836	0.787819	0.840544	0.883837	0.907876	0.897025	0.835047	0.715901	0.560718	0.40025	0.260761	0.156436	0.0879473	0.0446311	0.00717481	-0.0215946	-0.028832	-0.00286871	0.0475954	0.115114	0.202923	0.317749	0.466283	0.650668	0.862168	1.08166	1.2705	1.4011	1.451	1.41045	1.28147	1.08761	0.859305	0.628592	0.414582	0.235965	0.0931581	-0.013412	-0.0951434	-0.160497	-0.214862	-0.262499	-0.3147	-0.378682	-0.45116	-0.52024	-0.586095	-0.658828	-0.729477	-0.779806	-0.791321	-0.759522	-0.692806	-0.608842	-0.524019	-0.44821	-0.38315	-0.326868	-0.281269	-0.253605	-0.246082	-0.257157	-0.28257	-0.322342	-0.367608	-0.407226	-0.435376	-0.452617	-0.47581	-0.518369	-0.585595	-0.666947	-0.737668	-0.771684	-0.753173	-0.677444	-0.549103	-0.377224	-0.174018	0.0374931	0.229929	0.36539	0.410796	0.353739	0.203421	0	
0	0.164722	0.333174	0.490361	0.612718	0.683101	0.705245	0.694566	0.67359	0.658304	0.652819	0.658326	0.67617	0.711572	0.75932	0.812762	0.864619	0.907876	0.931298	0.913516	0.841257	0.716331	0.563623	0.41674	0.300061	0.222798	0.169292	0.12445	0.0748203	0.0320157	0.0185267	0.0447761	0.0986268	0.167966	0.250589	0.35433	0.490663	0.670113	0.887066	1.12354	1.33911	1.49588	1.56593	1.53629	1.40772	1.20254	0.948804	0.680144	0.428057	0.217312	0.0559542	-0.059797	-0.141751	-0.198937	-0.238	-0.269485	-0.307743	-0.359562	-0.422241	-0.485641	-0.551696	-0.621671	-0.694125	-0.755386	-0.787765	-0.781139	-0.739582	-0.678983	-0.619386	-0.568203	-0.517228	-0.464636	-0.416017	-0.380927	-0.358883	-0.353533	-0.362722	-0.387782	-0.416734	-0.433832	-0.433966	-0.420785	-0.414877	-0.431449	-0.481339	-0.548722	-0.605451	-0.626355	-0.594279	-0.507809	-0.370346	-0.190892	0.0190877	0.235084	0.422258	0.542373	0.559043	0.459467	0.260133	0	
0	0.130009	0.259905	0.382029	0.480318	0.532448	0.544525	0.537334	0.537782	0.548466	0.569199	0.598354	0.645035	0.706364	0.76931	0.821649	0.863755	0.897025	0.913516	0.892743	0.821144	0.700542	0.560916	0.435644	0.349944	0.299476	0.260003	0.219689	0.16857	0.122452	0.0965105	0.106981	0.145042	0.204224	0.281953	0.376712	0.502141	0.673609	0.888432	1.13426	1.36504	1.53989	1.62592	1.61124	1.49304	1.28864	1.02135	0.730581	0.453755	0.225202	0.0484157	-0.075279	-0.158701	-0.208103	-0.232121	-0.247447	-0.272664	-0.313114	-0.369498	-0.433697	-0.500711	-0.574048	-0.651724	-0.727943	-0.783869	-0.805827	-0.795046	-0.772444	-0.749735	-0.720114	-0.680526	-0.629672	-0.574873	-0.526201	-0.483935	-0.45494	-0.443596	-0.449612	-0.455218	-0.44851	-0.421261	-0.375448	-0.336551	-0.326673	-0.355473	-0.404576	-0.445748	-0.453038	-0.409629	-0.307439	-0.155352	0.0355009	0.25151	0.457431	0.624831	0.716101	0.695671	0.555739	0.309268	0	
0	0.0850689	0.174383	0.264886	0.341075	0.378002	0.387426	0.39431	0.416535	0.448243	0.485589	0.533068	0.594314	0.667671	0.735156	0.785813	0.816786	0.835047	0.841257	0.821144	0.758374	0.656717	0.544748	0.455924	0.401683	0.373511	0.34706	0.317483	0.278381	0.234579	0.198657	0.188477	0.203739	0.246162	0.310307	0.390865	0.501497	0.660565	0.868578	1.1102	1.3417	1.5196	1.61454	1.61514	1.51271	1.31738	1.05065	0.752971	0.467689	0.22691	0.0411544	-0.0869893	-0.168528	-0.208801	-0.218983	-0.2177	-0.226178	-0.251983	-0.296078	-0.350873	-0.419257	-0.495969	-0.589058	-0.690432	-0.7733	-0.82515	-0.85441	-0.872227	-0.879937	-0.869866	-0.837331	-0.788419	-0.72825	-0.6653	-0.600513	-0.54908	-0.510315	-0.48503	-0.464944	-0.430373	-0.374969	-0.305837	-0.247513	-0.219128	-0.228709	-0.25832	-0.28307	-0.278503	-0.222379	-0.10647	0.0596113	0.258716	0.470361	0.662304	0.804621	0.865708	0.810932	0.631003	0.348422	0	
0	0.0312458	0.0776715	0.140077	0.199287	0.229448	0.246055	0.268533	0.305227	0.345902	0.396123	0.453756	0.516738	0.581963	0.642289	0.686881	0.708548	0.715901	0.716331	0.700542	0.656717	0.588055	0.522365	0.474511	0.452923	0.448622	0.442645	0.431643	0.405274	0.369117	0.329283	0.305473	0.298853	0.314216	0.353346	0.409876	0.499731	0.640893	0.829087	1.05141	1.26695	1.43735	1.53487	1.54624	1.45586	1.26987	1.01104	0.722794	0.445664	0.210375	0.0237933	-0.101493	-0.174236	-0.204911	-0.205292	-0.192305	-0.184627	-0.189109	-0.209476	-0.245373	-0.301537	-0.38534	-0.498985	-0.627085	-0.74101	-0.831194	-0.899837	-0.954363	-0.988736	-0.988458	-0.965099	-0.916452	-0.844084	-0.764145	-0.68025	-0.603693	-0.537211	-0.483946	-0.431821	-0.37105	-0.296513	-0.219235	-0.158939	-0.123623	-0.119936	-0.1336	-0.143177	-0.123463	-0.0545993	0.0704314	0.232193	0.419286	0.622117	0.80234	0.93251	0.975056	0.893843	0.687298	0.375705	0	
0	-0.0194199	-0.0142421	0.0216236	0.0706351	0.104613	0.134491	0.169904	0.212087	0.257756	0.315683	0.377591	0.428542	0.472222	0.5107	0.540885	0.554592	0.560718	0.563623	0.560916	0.544748	0.522365	0.502696	0.494315	0.504933	0.534498	0.559659	0.571558	0.565315	0.544157	0.509089	0.47488	0.440661	0.421352	0.425712	0.452586	0.514952	0.625142	0.779049	0.965448	1.1546	1.3113	1.40508	1.41698	1.32806	1.14944	0.9089	0.644474	0.390399	0.169785	-0.00325497	-0.11447	-0.175572	-0.194019	-0.18123	-0.154444	-0.132909	-0.12039	-0.117078	-0.125903	-0.1709	-0.252962	-0.376613	-0.525535	-0.669348	-0.798625	-0.909879	-0.996356	-1.0497	-1.06579	-1.04778	-0.993164	-0.906024	-0.806856	-0.701067	-0.60431	-0.518041	-0.443131	-0.373847	-0.29505	-0.210882	-0.133569	-0.0701576	-0.0316125	-0.02733	-0.0411893	-0.0428986	-0.00959624	0.0629798	0.177285	0.323754	0.497564	0.689248	0.863373	0.987593	1.02661	0.940557	0.720647	0.395311	0	
0	-0.0536637	-0.0832268	-0.0733141	-0.0326381	0.00901922	0.0515927	0.0968923	0.146396	0.198934	0.261925	0.318204	0.349923	0.363984	0.371536	0.379843	0.387557	0.40025	0.41674	0.435644	0.455924	0.474511	0.494315	0.518501	0.564169	0.629312	0.689342	0.736151	0.763422	0.765069	0.732877	0.681176	0.61586	0.555852	0.521175	0.511952	0.539597	0.613285	0.726628	0.871492	1.02663	1.1587	1.2347	1.23392	1.14262	0.976349	0.763118	0.533414	0.310353	0.112578	-0.0449831	-0.139114	-0.176981	-0.173727	-0.141984	-0.0973788	-0.058654	-0.0294411	-0.00568268	0.00251652	-0.029201	-0.106064	-0.229034	-0.38544	-0.552964	-0.716309	-0.856211	-0.964592	-1.03919	-1.06696	-1.05745	-1.00233	-0.907159	-0.798711	-0.680664	-0.570679	-0.47385	-0.389377	-0.309119	-0.226754	-0.139926	-0.0563631	0.0119235	0.0474438	0.0411027	0.021386	0.0156013	0.0347822	0.0894036	0.194198	0.334555	0.503034	0.691323	0.861495	0.985793	1.02717	0.945185	0.72983	0.401594	0	
0	-0.0670579	-0.119916	-0.134949	-0.107539	-0.0662943	-0.0185148	0.0370077	0.101073	0.165961	0.229264	0.272302	0.280232	0.264199	0.240806	0.228841	0.233781	0.260761	0.300061	0.349944	0.401683	0.452923	0.504933	0.564169	0.640948	0.736058	0.834495	0.926115	0.990254	1.00627	0.967336	0.896942	0.79968	0.69704	0.614841	0.564252	0.558722	0.602397	0.682551	0.787144	0.902372	0.99717	1.03929	1.01467	0.917426	0.76643	0.584987	0.390323	0.201203	0.0327563	-0.0975978	-0.169062	-0.189595	-0.166008	-0.109016	-0.0394201	0.0225269	0.0745105	0.116513	0.137234	0.110022	0.0423442	-0.069122	-0.22245	-0.396469	-0.570468	-0.721306	-0.842601	-0.930627	-0.973026	-0.972855	-0.92647	-0.842235	-0.741782	-0.629267	-0.522544	-0.425987	-0.337928	-0.258868	-0.177216	-0.0867026	-0.00181692	0.0606073	0.0834461	0.0685591	0.0368394	0.0101199	0.00807019	0.0459675	0.142753	0.283871	0.457646	0.65245	0.828768	0.955915	1.00134	0.923274	0.710188	0.391042	0	
0	-0.0638389	-0.1255	-0.159049	-0.1511	-0.122416	-0.0774077	-0.0102405	0.0725084	0.150433	0.210445	0.237042	0.221252	0.179561	0.13394	0.108171	0.113854	0.156436	0.222798	0.299476	0.373511	0.448622	0.534498	0.629312	0.736058	0.863666	1.00577	1.13691	1.22116	1.23838	1.19306	1.10811	0.982487	0.834745	0.702956	0.610832	0.573883	0.589474	0.63812	0.707041	0.785115	0.840571	0.844926	0.792259	0.684725	0.540926	0.380092	0.217967	0.0676378	-0.0629159	-0.162789	-0.212082	-0.212656	-0.172449	-0.0988677	-0.00577628	0.0846514	0.158266	0.214388	0.241338	0.222278	0.171541	0.0847916	-0.0434373	-0.198082	-0.358117	-0.505593	-0.63774	-0.745308	-0.802414	-0.815684	-0.783927	-0.71354	-0.629057	-0.534415	-0.446104	-0.366523	-0.292678	-0.22342	-0.144938	-0.0560628	0.0191505	0.0658502	0.0743987	0.0455771	-0.0037763	-0.0513342	-0.0711071	-0.0399656	0.0566084	0.198173	0.376605	0.582112	0.774187	0.916375	0.968693	0.893004	0.685293	0.376171	0	
0	-0.0523333	-0.108596	-0.148694	-0.158452	-0.14685	-0.106078	-0.0293788	0.0664662	0.150039	0.20537	0.218558	0.184744	0.126779	0.0690665	0.0353414	0.0377548	0.0879473	0.169292	0.260003	0.34706	0.442645	0.559659	0.689342	0.834495	1.00577	1.18728	1.33828	1.42682	1.44326	1.39468	1.29714	1.14818	0.966525	0.795468	0.665029	0.589016	0.56433	0.578849	0.618674	0.669323	0.692142	0.661993	0.581945	0.461913	0.319012	0.171766	0.0323196	-0.0825002	-0.170929	-0.233135	-0.25657	-0.240922	-0.189437	-0.10475	0.000410994	0.105353	0.194103	0.260348	0.298276	0.300736	0.281741	0.232313	0.143713	0.0273083	-0.105977	-0.245408	-0.385829	-0.508506	-0.583699	-0.616113	-0.602917	-0.550424	-0.481338	-0.404496	-0.336858	-0.279946	-0.227454	-0.175456	-0.111847	-0.0394229	0.0143792	0.0399291	0.0328152	-0.0131207	-0.0852552	-0.146447	-0.165896	-0.135223	-0.0451421	0.094071	0.279249	0.496469	0.700206	0.852708	0.918976	0.860309	0.667461	0.369126	0	
0	-0.0438907	-0.0907448	-0.128694	-0.149969	-0.149595	-0.112817	-0.0345215	0.057381	0.135371	0.185515	0.194014	0.156286	0.096726	0.0412307	0.00428722	0.000390368	0.0446311	0.12445	0.219689	0.317483	0.431643	0.571558	0.736151	0.926115	1.13691	1.33828	1.49286	1.58154	1.59618	1.53888	1.43182	1.27454	1.08051	0.886069	0.721344	0.599844	0.530977	0.511508	0.526716	0.5499	0.541841	0.483566	0.385641	0.259176	0.117098	-0.0273611	-0.153294	-0.242555	-0.298759	-0.326007	-0.316919	-0.276803	-0.214451	-0.129877	-0.0248522	0.0854968	0.180855	0.259969	0.321273	0.354037	0.369221	0.361218	0.319791	0.249167	0.152933	0.0342367	-0.100993	-0.228071	-0.319651	-0.377211	-0.392008	-0.363522	-0.315891	-0.261777	-0.214282	-0.177375	-0.143261	-0.107947	-0.0641201	-0.0215144	0.00166522	0.00545158	-0.0239577	-0.0912258	-0.172347	-0.231142	-0.251672	-0.229953	-0.143709	0.00227131	0.192089	0.408189	0.614713	0.775124	0.854157	0.813656	0.63883	0.354868	0	
0	-0.0433533	-0.0857593	-0.12221	-0.146537	-0.149088	-0.114346	-0.0475546	0.025253	0.0875702	0.132291	0.14483	0.116068	0.0707468	0.0263206	-0.00778963	-0.0206046	0.00717481	0.0748203	0.16857	0.278381	0.405274	0.565315	0.763422	0.990254	1.22116	1.42682	1.58154	1.66729	1.66788	1.59868	1.48627	1.33048	1.13119	0.921909	0.732932	0.580882	0.481672	0.43933	0.431091	0.429646	0.397587	0.321372	0.213536	0.0840466	-0.0645749	-0.215578	-0.34132	-0.417203	-0.446137	-0.43922	-0.397503	-0.329419	-0.251471	-0.161743	-0.0550853	0.0575893	0.159011	0.251112	0.333139	0.395166	0.440854	0.467921	0.471993	0.448389	0.391939	0.306249	0.199941	0.0847166	-0.0185231	-0.103167	-0.15318	-0.164457	-0.152634	-0.125181	-0.0987538	-0.0751684	-0.0488179	-0.0248035	-0.00377343	0.0125369	0.0136314	-0.0105275	-0.0683225	-0.153703	-0.239793	-0.301597	-0.330901	-0.309932	-0.218964	-0.0715056	0.117636	0.336007	0.550801	0.719757	0.804433	0.769823	0.604326	0.334247	0	
0	-0.0485236	-0.0968019	-0.138019	-0.164491	-0.163802	-0.134221	-0.085561	-0.0372494	0.0085018	0.0494347	0.0686486	0.0583285	0.0326836	0.00648487	-0.0200757	-0.0358521	-0.0215946	0.0320157	0.122452	0.234579	0.369117	0.544157	0.765069	1.00627	1.23838	1.44326	1.59618	1.66788	1.65366	1.57732	1.46524	1.3058	1.10183	0.887418	0.693019	0.530661	0.418745	0.3582	0.334072	0.317571	0.27389	0.189154	0.0751838	-0.063005	-0.22011	-0.376854	-0.500522	-0.568982	-0.585191	-0.557329	-0.488314	-0.394455	-0.294833	-0.190111	-0.0755493	0.0434308	0.154189	0.258589	0.355822	0.433603	0.497956	0.558467	0.603463	0.619687	0.604041	0.561186	0.487184	0.388549	0.280195	0.173309	0.0889339	0.0376657	0.0116955	0.0034395	0.00799415	0.0199205	0.037871	0.0548066	0.0675166	0.0731887	0.0576498	0.00912094	-0.0722872	-0.169922	-0.268509	-0.348216	-0.383591	-0.357554	-0.262587	-0.112942	0.0793356	0.303172	0.52074	0.689332	0.772856	0.737288	0.577337	0.319065	0	
0	-0.0555571	-0.115624	-0.170246	-0.201525	-0.201619	-0.178804	-0.146934	-0.114537	-0.076792	-0.0379812	-0.01051	-0.00563604	-0.0116103	-0.0218628	-0.0346485	-0.0419564	-0.028832	0.0185267	0.0965105	0.198657	0.329283	0.509089	0.732877	0.967336	1.19306	1.39468	1.53888	1.59868	1.57732	1.50183	1.38317	1.21792	1.01456	0.805288	0.617505	0.460263	0.345629	0.280425	0.254644	0.237623	0.19182	0.1027	-0.0203692	-0.168602	-0.331699	-0.48688	-0.605283	-0.668554	-0.675136	-0.633006	-0.547432	-0.433094	-0.318163	-0.206448	-0.0876488	0.035398	0.152828	0.27051	0.384202	0.481366	0.569585	0.65573	0.72714	0.767699	0.779509	0.76557	0.719295	0.634255	0.522556	0.405512	0.299777	0.21733	0.160406	0.130152	0.117206	0.119987	0.133335	0.143935	0.150307	0.146007	0.118189	0.0574187	-0.0289517	-0.133744	-0.244323	-0.331971	-0.37089	-0.346173	-0.258795	-0.112234	0.084756	0.306991	0.517095	0.67704	0.754941	0.720922	0.567418	0.31475	0	
0	-0.0633465	-0.136425	-0.206035	-0.248392	-0.255605	-0.240953	-0.217721	-0.188232	-0.150658	-0.108859	-0.0767034	-0.0596173	-0.0536003	-0.0488454	-0.0441818	-0.0311139	-0.00286871	0.0447761	0.106981	0.188477	0.305473	0.47488	0.681176	0.896942	1.10811	1.29714	1.43182	1.48627	1.46524	1.38317	1.2574	1.09248	0.895226	0.695563	0.524571	0.387714	0.291062	0.239158	0.226525	0.217306	0.177235	0.0889532	-0.0427176	-0.202884	-0.369072	-0.521287	-0.634462	-0.690827	-0.68757	-0.636064	-0.540992	-0.423349	-0.309353	-0.202807	-0.092906	0.0288546	0.159425	0.289968	0.413412	0.52822	0.6375	0.747243	0.835963	0.889098	0.914058	0.91306	0.87052	0.786567	0.678617	0.562893	0.455115	0.368024	0.305116	0.261624	0.236246	0.227313	0.227165	0.232629	0.236575	0.228556	0.196098	0.130903	0.0454536	-0.0561959	-0.164327	-0.246945	-0.283203	-0.26921	-0.193945	-0.0536239	0.132336	0.341485	0.540491	0.693063	0.765015	0.726713	0.570621	0.313084	0	
0	-0.0795256	-0.166594	-0.25042	-0.307532	-0.328131	-0.3212	-0.299846	-0.268235	-0.225689	-0.178437	-0.136752	-0.108286	-0.0873025	-0.0657916	-0.0390908	-0.000679334	0.0475954	0.0986268	0.145042	0.203739	0.298853	0.440661	0.61586	0.79968	0.982487	1.14818	1.27454	1.33048	1.3058	1.21792	1.09248	0.931676	0.740246	0.555868	0.417215	0.321336	0.262618	0.240441	0.250133	0.259657	0.237276	0.156058	0.0186964	-0.149233	-0.320108	-0.473894	-0.584093	-0.63739	-0.635133	-0.586451	-0.498184	-0.388027	-0.279929	-0.177377	-0.0659232	0.0607481	0.193858	0.324695	0.452717	0.576219	0.699913	0.81975	0.914376	0.974057	1.00594	1.00386	0.958858	0.877402	0.772473	0.665927	0.567331	0.485041	0.420455	0.369503	0.32994	0.307218	0.299456	0.30506	0.31554	0.311834	0.288326	0.238749	0.16372	0.0639763	-0.039552	-0.117813	-0.157659	-0.149057	-0.0798062	0.0525465	0.223058	0.414933	0.606235	0.750612	0.809598	0.758268	0.588242	0.319866	0	
0	-0.107917	-0.211945	-0.307128	-0.37752	-0.412237	-0.411929	-0.394138	-0.363914	-0.320243	-0.263168	-0.205839	-0.155279	-0.108957	-0.0598961	-0.00741588	0.0533339	0.115114	0.167966	0.204224	0.246162	0.314216	0.421352	0.555852	0.69704	0.834745	0.966525	1.08051	1.13119	1.10183	1.01456	0.895226	0.740246	0.562365	0.412882	0.323791	0.284443	0.278242	0.295852	0.338521	0.376679	0.374036	0.298442	0.160701	-0.00935978	-0.182726	-0.340071	-0.455871	-0.523016	-0.536437	-0.507292	-0.437155	-0.339153	-0.23398	-0.130645	-0.0164194	0.115815	0.252684	0.378881	0.49943	0.626379	0.751593	0.865058	0.951872	1.00769	1.03801	1.04057	1.00878	0.944796	0.857706	0.757302	0.655682	0.565236	0.487309	0.422619	0.373827	0.348704	0.344476	0.360471	0.380874	0.39091	0.388037	0.354919	0.290325	0.202012	0.109825	0.0315364	-0.0146219	-0.00595807	0.0646815	0.188814	0.351192	0.53552	0.706921	0.829017	0.865433	0.79278	0.611096	0.332143	0	
0	-0.139285	-0.259702	-0.360796	-0.436799	-0.479561	-0.485736	-0.477074	-0.456181	-0.415369	-0.347699	-0.267775	-0.18513	-0.0996685	-0.013862	0.0670623	0.139933	0.202923	0.250589	0.281953	0.310307	0.353346	0.425712	0.521175	0.614841	0.702956	0.795468	0.886069	0.921909	0.887418	0.805288	0.695563	0.555868	0.412882	0.313864	0.281942	0.303188	0.352718	0.417917	0.500608	0.568566	0.579845	0.514204	0.388088	0.223608	0.0458422	-0.122668	-0.262256	-0.357246	-0.399224	-0.39501	-0.345082	-0.262549	-0.166685	-0.0663096	0.04898	0.176348	0.303411	0.420289	0.538851	0.660985	0.778085	0.877084	0.950459	1.00072	1.03024	1.0401	1.02641	0.985309	0.912845	0.818519	0.71631	0.615988	0.522378	0.44428	0.388565	0.366596	0.373551	0.402411	0.435143	0.457554	0.466194	0.446398	0.398316	0.326477	0.24671	0.173503	0.130931	0.142379	0.209559	0.328324	0.486741	0.66016	0.807442	0.900536	0.913743	0.819599	0.621364	0.338099	0	
0	-0.159902	-0.292261	-0.395656	-0.471639	-0.517361	-0.533548	-0.538227	-0.529506	-0.490241	-0.411669	-0.306461	-0.185524	-0.0541558	0.0754388	0.184536	0.264674	0.317749	0.35433	0.376712	0.390865	0.409876	0.452586	0.511952	0.564252	0.610832	0.665029	0.721344	0.732932	0.693019	0.617505	0.524571	0.417215	0.323791	0.281942	0.305282	0.380352	0.48164	0.593616	0.717612	0.809934	0.839388	0.795449	0.688941	0.529872	0.344125	0.148519	-0.0264142	-0.15588	-0.226597	-0.249406	-0.221703	-0.157701	-0.0778516	0.0109052	0.114434	0.227169	0.335249	0.43607	0.54484	0.664111	0.778264	0.871599	0.938836	0.979598	1.0019	1.01559	1.0165	0.989794	0.929581	0.841159	0.738259	0.634239	0.533444	0.452154	0.39878	0.381881	0.394387	0.425836	0.461495	0.490671	0.507244	0.497167	0.461331	0.405477	0.340515	0.280429	0.249602	0.264469	0.33091	0.441421	0.583888	0.739989	0.869046	0.94518	0.94144	0.834221	0.626285	0.33578	0	
0	-0.160921	-0.297275	-0.405333	-0.481768	-0.536239	-0.566783	-0.588359	-0.584392	-0.542966	-0.452042	-0.323449	-0.165644	0.0125489	0.185805	0.328456	0.41841	0.466283	0.490663	0.502141	0.501497	0.499731	0.514952	0.539597	0.558722	0.573883	0.589016	0.599844	0.580882	0.530661	0.460263	0.387714	0.321336	0.284443	0.303188	0.380352	0.505205	0.653264	0.814902	0.972807	1.08921	1.13824	1.11288	1.01786	0.861307	0.659602	0.43632	0.226883	0.0654386	-0.038139	-0.0899863	-0.0861753	-0.0495028	0.00826897	0.0826675	0.169708	0.258413	0.347217	0.43304	0.531887	0.641869	0.750676	0.842817	0.907754	0.947781	0.970994	0.990193	0.999563	0.978994	0.924043	0.841271	0.743913	0.63812	0.533053	0.448611	0.390876	0.373094	0.38553	0.41613	0.450412	0.478325	0.491078	0.4792	0.453695	0.412693	0.360266	0.319521	0.310196	0.335888	0.404074	0.510176	0.638549	0.771943	0.88196	0.943572	0.930408	0.822868	0.615902	0.328915	0	
0	-0.139253	-0.26963	-0.379285	-0.463821	-0.530523	-0.58298	-0.613631	-0.608298	-0.556145	-0.453903	-0.305056	-0.116224	0.099614	0.313065	0.488223	0.597953	0.650668	0.670113	0.673609	0.660565	0.640893	0.625142	0.613285	0.602397	0.589474	0.56433	0.530977	0.481672	0.418745	0.345629	0.291062	0.262618	0.278242	0.352718	0.48164	0.653264	0.854682	1.0627	1.25586	1.39554	1.45764	1.43701	1.34544	1.18418	0.964953	0.7127	0.473914	0.278817	0.140047	0.0630442	0.0395249	0.0498999	0.0882488	0.146774	0.216624	0.289317	0.355993	0.421503	0.500834	0.590563	0.691546	0.784647	0.8517	0.89466	0.928525	0.961652	0.978622	0.963216	0.917062	0.839105	0.739593	0.63016	0.515405	0.417412	0.351767	0.325508	0.329223	0.352724	0.382415	0.403096	0.407511	0.401452	0.381652	0.346848	0.310114	0.285087	0.289445	0.324034	0.398021	0.50752	0.632724	0.756216	0.856116	0.910982	0.892826	0.784239	0.587123	0.318156	0	
0	-0.100998	-0.208256	-0.311997	-0.398442	-0.480601	-0.546566	-0.581555	-0.5656	-0.502608	-0.388652	-0.223885	-0.015243	0.225201	0.462836	0.663828	0.794634	0.862168	0.887066	0.888432	0.868578	0.829087	0.779049	0.726628	0.682551	0.63812	0.578849	0.511508	0.43933	0.3582	0.280425	0.239158	0.240441	0.295852	0.417917	0.593616	0.814902	1.0627	1.31558	1.53814	1.69463	1.75881	1.73549	1.6415	1.46982	1.23051	0.962597	0.700494	0.474411	0.31042	0.206363	0.153445	0.139161	0.159164	0.203259	0.265172	0.325403	0.371723	0.410102	0.451951	0.509334	0.596106	0.684489	0.756326	0.816765	0.866903	0.911363	0.936065	0.923036	0.883725	0.811739	0.715163	0.602031	0.475201	0.364493	0.278023	0.229717	0.219853	0.230339	0.251025	0.26958	0.275525	0.275949	0.262317	0.229696	0.199901	0.183988	0.187226	0.228067	0.316657	0.429668	0.561171	0.693445	0.79185	0.843327	0.824824	0.71872	0.534615	0.291156	0	
0	-0.0591086	-0.133486	-0.213768	-0.29459	-0.379073	-0.451651	-0.48126	-0.458549	-0.387165	-0.264743	-0.0895668	0.129237	0.377088	0.624437	0.838755	0.990256	1.08166	1.12354	1.13426	1.1102	1.05141	0.965448	0.871492	0.787144	0.707041	0.618674	0.526716	0.431091	0.334072	0.254644	0.226525	0.250133	0.338521	0.500608	0.717612	0.972807	1.25586	1.53814	1.77805	1.94089	2.00385	1.97874	1.87455	1.68569	1.43771	1.16302	0.884627	0.644068	0.457896	0.326336	0.247855	0.212787	0.214463	0.247791	0.296398	0.337508	0.357589	0.36247	0.369617	0.398644	0.471566	0.5547	0.627801	0.697403	0.761953	0.819607	0.850069	0.846436	0.82073	0.754756	0.659292	0.546762	0.413234	0.286277	0.182832	0.111703	0.0761383	0.0625404	0.0648338	0.0783354	0.0889377	0.101927	0.102749	0.0819003	0.0560223	0.0374565	0.0397372	0.0828121	0.180776	0.30219	0.436386	0.578589	0.682761	0.730482	0.721646	0.633888	0.466889	0.251533	0	
0	-0.0233623	-0.0574126	-0.101269	-0.157726	-0.230576	-0.293499	-0.315784	-0.290706	-0.220009	-0.0973732	0.0777694	0.29044	0.529463	0.769502	0.985195	1.15307	1.2705	1.33911	1.36504	1.3417	1.26695	1.1546	1.02663	0.902372	0.785115	0.669323	0.5499	0.429646	0.317571	0.237623	0.217306	0.259657	0.376679	0.568566	0.809934	1.08921	1.39554	1.69463	1.94089	2.10685	2.17482	2.14147	2.01561	1.81385	1.56278	1.28539	1.00714	0.762406	0.565189	0.416911	0.324268	0.272775	0.251105	0.261807	0.287586	0.304533	0.297362	0.272989	0.258443	0.274062	0.328684	0.39659	0.461832	0.530882	0.602358	0.667336	0.711651	0.726549	0.714119	0.661001	0.576274	0.466611	0.331563	0.198625	0.0797997	-0.0144013	-0.0756593	-0.117037	-0.139877	-0.142071	-0.130933	-0.111879	-0.102002	-0.107394	-0.124114	-0.133746	-0.120665	-0.0729233	0.0248475	0.148395	0.286842	0.428443	0.536219	0.59622	0.604631	0.543352	0.405852	0.217778	0	
0	0.00500758	0.00979501	0.00970634	-0.011277	-0.0562358	-0.0985592	-0.109812	-0.0861724	-0.024096	0.0874797	0.24543	0.436228	0.651127	0.873538	1.08246	1.26012	1.4011	1.49588	1.53989	1.5196	1.43735	1.3113	1.1587	0.99717	0.840571	0.692142	0.541841	0.397587	0.27389	0.19182	0.177235	0.237276	0.374036	0.579845	0.839388	1.13824	1.45764	1.75881	2.00385	2.17482	2.24018	2.19063	2.04943	1.84294	1.59346	1.32257	1.05728	0.819591	0.617939	0.464999	0.363006	0.29345	0.251871	0.238665	0.236424	0.230556	0.205393	0.164898	0.138289	0.139902	0.17073	0.216765	0.265664	0.32726	0.401066	0.472969	0.53054	0.563923	0.568512	0.53504	0.468506	0.370343	0.243118	0.103914	-0.030151	-0.143213	-0.230589	-0.298064	-0.341435	-0.355711	-0.350978	-0.33954	-0.327905	-0.318582	-0.320385	-0.314971	-0.281872	-0.219394	-0.121138	0.00426263	0.142088	0.273469	0.385544	0.463658	0.48903	0.448248	0.343452	0.19244	0	
0	0.0320044	0.0723956	0.113413	0.132532	0.12373	0.109154	0.112193	0.13528	0.185317	0.27262	0.397354	0.549673	0.729721	0.925532	1.11999	1.29755	1.451	1.56593	1.62592	1.61454	1.53487	1.40508	1.2347	1.03929	0.844926	0.661993	0.483566	0.321372	0.189154	0.1027	0.0889532	0.156058	0.298442	0.514204	0.795449	1.11288	1.43701	1.73549	1.97874	2.14147	2.19063	2.12527	1.9759	1.76886	1.52579	1.27327	1.03129	0.809424	0.61925	0.472688	0.360707	0.278072	0.217946	0.177732	0.157293	0.136491	0.0912812	0.0467327	0.0215315	0.00949096	0.0132123	0.0289954	0.0559411	0.102283	0.16925	0.248012	0.319981	0.369485	0.395239	0.385518	0.340982	0.260561	0.141535	0.00351336	-0.134733	-0.259586	-0.364433	-0.451695	-0.513719	-0.547501	-0.56133	-0.55388	-0.536996	-0.523163	-0.508318	-0.4801	-0.425787	-0.343255	-0.236264	-0.109948	0.0237013	0.14856	0.257731	0.336483	0.369318	0.346309	0.270026	0.154106	0	
0	0.0643572	0.138124	0.214862	0.271671	0.299973	0.312509	0.330251	0.355212	0.392474	0.448832	0.528682	0.632431	0.766294	0.925857	1.09372	1.25807	1.41045	1.53629	1.61124	1.61514	1.54624	1.41698	1.23392	1.01467	0.792259	0.581945	0.385641	0.213536	0.0751838	-0.0203692	-0.0427176	0.0186964	0.160701	0.388088	0.688941	1.01786	1.34544	1.6415	1.87455	2.01561	2.04943	1.9759	1.82278	1.61419	1.38313	1.15347	0.935164	0.739638	0.575641	0.4391	0.329406	0.242636	0.167377	0.106252	0.0653185	0.0288763	-0.0237103	-0.0678821	-0.0979804	-0.124846	-0.143905	-0.156346	-0.152004	-0.122844	-0.0687001	0.0106576	0.0915805	0.1532	0.199299	0.216642	0.19709	0.139645	0.0409229	-0.078858	-0.208537	-0.336165	-0.45141	-0.562735	-0.651809	-0.705424	-0.734101	-0.732687	-0.711024	-0.686299	-0.654644	-0.606522	-0.537378	-0.445694	-0.325039	-0.191997	-0.0641001	0.0584924	0.156335	0.220913	0.25525	0.247294	0.192399	0.103035	0	
