0	0	0	0	0	0	0	0	0	0	0	0	0	0	0	0	0	0	0	0	0	0	0	0	0	0	0	0	0	0	0	0	0	0	0	0	0	0	0	0	0	0	0	0	0	0	0	0	0	0	0	0	0	0	0	0	0	0	0	0	0	0	0	0	0	0	0	0	0	0	0	0	0	0	0	0	0	0	0	0	0	0	0	0	0	0	0	0	0	0	0	0	0	0	0	0	0	0	0	0	
0	0.0470125	0.091859	0.134742	0.17365	0.203226	0.21488	0.203454	0.166257	0.105886	0.0300116	-0.0483179	-0.114095	-0.160782	-0.189915	-0.206499	-0.208681	-0.19773	-0.177282	-0.152151	-0.123342	-0.0968291	-0.0783166	-0.0679002	-0.0649729	-0.0647525	-0.0622565	-0.0483725	-0.024543	0.00305032	0.0278463	0.0459943	0.0606541	0.0773375	0.0954518	0.114164	0.129401	0.143207	0.15802	0.17488	0.191124	0.204943	0.210702	0.209212	0.203018	0.199381	0.198987	0.209282	0.233607	0.270369	0.313211	0.351326	0.374759	0.385221	0.379716	0.357778	0.324335	0.282058	0.233049	0.179299	0.121268	0.0605722	-0.00288422	-0.0671473	-0.130372	-0.187136	-0.228794	-0.25064	-0.251829	-0.236123	-0.208817	-0.176452	-0.143157	-0.110574	-0.0752547	-0.0372205	-0.00119421	0.0304528	0.0565408	0.0742095	0.0877	0.105307	0.130519	0.162452	0.197376	0.230682	0.251808	0.260363	0.258841	0.247422	0.234585	0.221178	0.207907	0.196201	0.18126	0.16044	0.132833	0.0959942	0.0496192	0	
0	0.091859	0.178971	0.258397	0.330381	0.381118	0.401216	0.378236	0.311432	0.202607	0.0641167	-0.0806293	-0.20702	-0.298594	-0.359119	-0.392531	-0.395881	-0.371469	-0.330313	-0.282868	-0.232119	-0.184549	-0.149431	-0.124161	-0.10936	-0.101963	-0.0937635	-0.0708611	-0.0320352	0.014919	0.0586878	0.0943807	0.125438	0.158755	0.195206	0.228907	0.256559	0.280809	0.305968	0.332328	0.356285	0.371402	0.375374	0.367866	0.358722	0.358189	0.367025	0.39172	0.441154	0.509991	0.588854	0.660504	0.707847	0.732677	0.728122	0.69301	0.630753	0.549298	0.454707	0.349942	0.237897	0.124876	0.00927402	-0.108714	-0.224889	-0.330867	-0.415778	-0.468304	-0.484987	-0.466272	-0.419128	-0.353552	-0.278417	-0.206	-0.132037	-0.0622707	-0.00225576	0.0476442	0.0887277	0.123155	0.154154	0.194268	0.245671	0.303615	0.362434	0.415136	0.450589	0.467778	0.468125	0.453747	0.433348	0.405828	0.377013	0.347859	0.311951	0.270155	0.219005	0.155198	0.0801032	0	
0	0.134742	0.258397	0.36867	0.461466	0.526655	0.548758	0.520394	0.436893	0.300738	0.123191	-0.0701069	-0.24407	-0.378449	-0.469931	-0.522823	-0.527857	-0.491989	-0.43371	-0.37257	-0.308731	-0.248842	-0.197773	-0.151494	-0.114741	-0.0882384	-0.0705279	-0.0399237	0.00624693	0.0617289	0.116993	0.163532	0.2062	0.254296	0.302493	0.347684	0.380403	0.406884	0.432335	0.457249	0.47452	0.483465	0.477165	0.464803	0.45612	0.466747	0.489016	0.53328	0.604364	0.698916	0.805777	0.902907	0.968512	1.00869	1.01269	0.973276	0.898207	0.792416	0.66198	0.514877	0.357187	0.197225	0.0363184	-0.122058	-0.278825	-0.426917	-0.549295	-0.633894	-0.672754	-0.663973	-0.609408	-0.519613	-0.409296	-0.296264	-0.186241	-0.0890542	-0.014872	0.0430301	0.0972738	0.147514	0.200278	0.264154	0.333477	0.400294	0.460771	0.516775	0.553559	0.575414	0.584909	0.572726	0.55173	0.518189	0.474555	0.429157	0.375156	0.313098	0.246376	0.171049	0.0853537	0	
0	0.17365	0.330381	0.461466	0.569877	0.640464	0.668447	0.642197	0.561857	0.42199	0.229444	0.0105553	-0.19822	-0.365658	-0.488151	-0.56178	-0.575984	-0.537234	-0.473476	-0.406937	-0.338107	-0.266608	-0.198201	-0.126187	-0.0604276	-0.0114702	0.0210973	0.058731	0.108238	0.16558	0.219044	0.264349	0.308397	0.360843	0.419069	0.468675	0.500574	0.518206	0.529694	0.538257	0.542342	0.538034	0.527381	0.512846	0.510009	0.530709	0.566726	0.622971	0.71175	0.825753	0.953002	1.0681	1.1465	1.19663	1.2076	1.17511	1.09997	0.98952	0.847688	0.676506	0.481952	0.280764	0.0775663	-0.122309	-0.312848	-0.485945	-0.631901	-0.738706	-0.799206	-0.805631	-0.756653	-0.659604	-0.529426	-0.395671	-0.262439	-0.145462	-0.0536148	0.0215042	0.0920951	0.161834	0.227709	0.297453	0.365158	0.422609	0.470829	0.51459	0.546221	0.56881	0.581291	0.577955	0.565188	0.534201	0.491732	0.44071	0.374497	0.302127	0.227375	0.150417	0.0730776	0	
0	0.203226	0.381118	0.526655	0.640464	0.718958	0.755577	0.747947	0.688512	0.567683	0.38409	0.160521	-0.060786	-0.247811	-0.390143	-0.485199	-0.515176	-0.488313	-0.43132	-0.370107	-0.297485	-0.215533	-0.128228	-0.0326914	0.0560367	0.12535	0.169428	0.215635	0.269034	0.322466	0.366773	0.397191	0.428435	0.477205	0.533619	0.583534	0.606172	0.60702	0.597532	0.586455	0.573021	0.56081	0.542686	0.527023	0.523479	0.549516	0.590936	0.65895	0.761527	0.892256	1.03423	1.15694	1.23452	1.28374	1.29947	1.27444	1.2147	1.11871	0.982144	0.804352	0.591933	0.362056	0.127462	-0.0963887	-0.307546	-0.500314	-0.661404	-0.782394	-0.857567	-0.880753	-0.84678	-0.760823	-0.637959	-0.50266	-0.361971	-0.230844	-0.123131	-0.0305807	0.0603921	0.139857	0.207161	0.270066	0.321568	0.35923	0.388072	0.420241	0.442447	0.461506	0.479445	0.481131	0.47856	0.459729	0.424132	0.380614	0.32045	0.25159	0.185377	0.120455	0.0557682	0	
0	0.21488	0.401216	0.548758	0.668447	0.755577	0.815249	0.838849	0.819086	0.734224	0.577626	0.370869	0.155407	-0.0320014	-0.186013	-0.300041	-0.356356	-0.353587	-0.318149	-0.267582	-0.196336	-0.103662	-0.002248	0.108461	0.211053	0.288698	0.338789	0.388407	0.441965	0.491272	0.5217	0.534467	0.548658	0.582711	0.630857	0.667629	0.674293	0.654797	0.624637	0.595566	0.569741	0.544513	0.519727	0.495658	0.490359	0.519097	0.569853	0.647798	0.763454	0.903749	1.04975	1.1687	1.23726	1.27949	1.29384	1.27992	1.23529	1.15898	1.04181	0.876729	0.667606	0.438369	0.202182	-0.0289226	-0.247889	-0.448304	-0.623331	-0.764356	-0.862769	-0.908338	-0.895659	-0.828411	-0.720375	-0.600583	-0.468126	-0.3354	-0.217308	-0.113038	-0.0177559	0.0603002	0.114653	0.158084	0.192494	0.21596	0.234266	0.256975	0.274049	0.291146	0.308871	0.318819	0.326399	0.316628	0.294149	0.263433	0.218138	0.170194	0.125748	0.0821211	0.0380788	0	
0	0.203454	0.378236	0.520394	0.642197	0.747947	0.838849	0.908667	0.938973	0.903158	0.78795	0.613972	0.422749	0.24694	0.0906414	-0.043248	-0.128735	-0.159922	-0.151505	-0.121483	-0.0575074	0.034209	0.139856	0.255142	0.360671	0.439799	0.487734	0.535127	0.587842	0.633074	0.657309	0.656655	0.652479	0.665992	0.688225	0.699726	0.680423	0.639629	0.594721	0.555304	0.51908	0.485107	0.448374	0.418821	0.412748	0.450662	0.514154	0.605121	0.727194	0.866794	1.00275	1.10479	1.15486	1.18324	1.19708	1.1905	1.16362	1.10978	1.0175	0.879027	0.701176	0.501944	0.292726	0.0857202	-0.124119	-0.333462	-0.527821	-0.691089	-0.813235	-0.883988	-0.897193	-0.857248	-0.777604	-0.679538	-0.560806	-0.435731	-0.324404	-0.228081	-0.141346	-0.080416	-0.0439733	-0.0145826	0.00689505	0.0212395	0.0320608	0.0505974	0.0650314	0.0822494	0.105064	0.11902	0.132995	0.132679	0.12137	0.110731	0.0920307	0.0734607	0.0603716	0.0435371	0.0201717	0	
0	0.166257	0.311432	0.436893	0.561857	0.688512	0.819086	0.938973	1.0259	1.04406	0.978424	0.846044	0.685258	0.525299	0.365906	0.214622	0.099257	0.0385379	0.0173649	0.0257724	0.0715968	0.153065	0.25284	0.365938	0.471022	0.546823	0.588295	0.629235	0.677053	0.72209	0.742428	0.732887	0.710484	0.696168	0.687104	0.66424	0.615817	0.553054	0.493161	0.44501	0.403256	0.364151	0.329002	0.302887	0.307662	0.357828	0.431626	0.525205	0.641424	0.766032	0.882525	0.962214	0.991394	1.0064	1.01395	1.01341	0.99977	0.970186	0.91247	0.819063	0.691642	0.546609	0.387232	0.213214	0.0218477	-0.181485	-0.382599	-0.564642	-0.709268	-0.804403	-0.845685	-0.834731	-0.783077	-0.712971	-0.620981	-0.516318	-0.421637	-0.345001	-0.28198	-0.242159	-0.225376	-0.214607	-0.20558	-0.200368	-0.195027	-0.178872	-0.163597	-0.144303	-0.1213	-0.103796	-0.0835564	-0.0713185	-0.0593483	-0.0415085	-0.0286862	-0.0167326	-0.00388173	0.00234184	-0.000108803	0	
0	0.105886	0.202607	0.300738	0.42199	0.567683	0.734224	0.903158	1.04406	1.11761	1.10212	1.0124	0.879935	0.731856	0.569581	0.403815	0.270113	0.186787	0.144587	0.12857	0.152249	0.213992	0.301372	0.407278	0.508528	0.579289	0.614936	0.649144	0.695314	0.73813	0.754372	0.731477	0.688422	0.647818	0.609975	0.559005	0.484191	0.398201	0.321676	0.262893	0.220046	0.188664	0.166543	0.158358	0.17708	0.234584	0.30812	0.390662	0.488211	0.592001	0.684984	0.74219	0.753654	0.752887	0.755559	0.758435	0.759205	0.755868	0.739966	0.700382	0.638102	0.558702	0.45839	0.335291	0.176308	-0.0128596	-0.212311	-0.396478	-0.551979	-0.66711	-0.733244	-0.750942	-0.729534	-0.687166	-0.6198	-0.544517	-0.48508	-0.44268	-0.408289	-0.393078	-0.395405	-0.398883	-0.404054	-0.410026	-0.413006	-0.402695	-0.389107	-0.372298	-0.351407	-0.33219	-0.303133	-0.270845	-0.23008	-0.178791	-0.13456	-0.0961377	-0.061559	-0.0370656	-0.0197172	0	
0	0.0300116	0.0641167	0.123191	0.229444	0.38409	0.577626	0.78795	0.978424	1.10212	1.13321	1.07852	0.967751	0.82661	0.661841	0.491031	0.347554	0.253284	0.192611	0.15526	0.152951	0.190907	0.258972	0.350149	0.440523	0.504569	0.535844	0.570053	0.61585	0.657367	0.66404	0.627397	0.567362	0.511803	0.459679	0.392042	0.296661	0.188255	0.0909128	0.0227059	-0.018338	-0.0354394	-0.0351848	-0.023499	0.00879849	0.0680476	0.131287	0.196259	0.271309	0.351147	0.424312	0.464055	0.460309	0.449383	0.446385	0.45311	0.469332	0.497753	0.527974	0.54997	0.557221	0.548619	0.513888	0.441443	0.323185	0.164155	-0.0183584	-0.204622	-0.370914	-0.501646	-0.588072	-0.62353	-0.618024	-0.593974	-0.558463	-0.520426	-0.498334	-0.494491	-0.494004	-0.503575	-0.52297	-0.5414	-0.55769	-0.572665	-0.582991	-0.580308	-0.576658	-0.569151	-0.554689	-0.533739	-0.493934	-0.443401	-0.380824	-0.308236	-0.242607	-0.184194	-0.129068	-0.0821141	-0.0427812	0	
0	-0.0483179	-0.0806293	-0.0701069	0.0105553	0.160521	0.370869	0.613972	0.846044	1.0124	1.07852	1.04976	0.952485	0.817011	0.655221	0.486068	0.341885	0.238199	0.162446	0.103416	0.0757237	0.0865143	0.129012	0.196491	0.270402	0.324467	0.35601	0.391476	0.439196	0.476568	0.475849	0.42994	0.365953	0.308165	0.255126	0.180511	0.0730381	-0.0513317	-0.160352	-0.235271	-0.271312	-0.277517	-0.262838	-0.236531	-0.195691	-0.137484	-0.0793945	-0.0282482	0.0279319	0.0896194	0.142626	0.164044	0.14809	0.125356	0.119338	0.134713	0.171908	0.234489	0.316001	0.399333	0.473639	0.530821	0.556717	0.539571	0.462652	0.330067	0.159247	-0.0227953	-0.196506	-0.341339	-0.436701	-0.478466	-0.480857	-0.46969	-0.450812	-0.440075	-0.454368	-0.484933	-0.515608	-0.550214	-0.588996	-0.62051	-0.64422	-0.664359	-0.682667	-0.694458	-0.703673	-0.706968	-0.696785	-0.66987	-0.623954	-0.568701	-0.504351	-0.433077	-0.364022	-0.292748	-0.217193	-0.14376	-0.0729065	0	
0	-0.114095	-0.20702	-0.24407	-0.19822	-0.060786	0.155407	0.422749	0.685258	0.879935	0.967751	0.952485	0.864982	0.73714	0.584327	0.424301	0.281954	0.171988	0.0822188	0.00528849	-0.0453825	-0.0617911	-0.047129	-0.00472981	0.0500716	0.0951836	0.123042	0.15659	0.200283	0.234156	0.230894	0.188108	0.1279	0.0755612	0.0225975	-0.0543092	-0.165009	-0.289027	-0.395228	-0.461212	-0.489388	-0.486302	-0.464345	-0.433554	-0.391569	-0.336349	-0.285252	-0.24204	-0.196531	-0.149072	-0.110291	-0.104653	-0.136819	-0.172763	-0.183609	-0.160902	-0.099633	0.00300734	0.132961	0.271248	0.402088	0.512291	0.586688	0.609206	0.567617	0.460598	0.301742	0.115594	-0.0633123	-0.207822	-0.302192	-0.339273	-0.336821	-0.323611	-0.317291	-0.324532	-0.354585	-0.405904	-0.461387	-0.521197	-0.5804	-0.62784	-0.664015	-0.694283	-0.721727	-0.743276	-0.760619	-0.766665	-0.756501	-0.731076	-0.690865	-0.646194	-0.595548	-0.534492	-0.467102	-0.389157	-0.297779	-0.201001	-0.102893	0	
0	-0.160782	-0.298594	-0.378449	-0.365658	-0.247811	-0.0320014	0.24694	0.525299	0.731856	0.82661	0.817011	0.73714	0.619609	0.480091	0.33163	0.19451	0.0804923	-0.0195422	-0.110276	-0.181055	-0.220778	-0.227888	-0.204117	-0.161673	-0.127617	-0.108801	-0.0878535	-0.0551666	-0.0269635	-0.0289886	-0.067977	-0.123369	-0.176602	-0.229906	-0.305053	-0.40542	-0.511904	-0.594685	-0.639685	-0.648355	-0.63359	-0.60629	-0.575299	-0.538003	-0.492875	-0.448611	-0.411574	-0.3734	-0.332243	-0.305027	-0.313629	-0.357662	-0.403562	-0.416297	-0.380608	-0.294724	-0.161407	0.00534757	0.181554	0.348224	0.493021	0.601821	0.655467	0.634851	0.538328	0.382821	0.200964	0.0264105	-0.112017	-0.19141	-0.213673	-0.202433	-0.185098	-0.173377	-0.178447	-0.215099	-0.277229	-0.350661	-0.428524	-0.505788	-0.571797	-0.623167	-0.668685	-0.70917	-0.73945	-0.756654	-0.759713	-0.74954	-0.728096	-0.701392	-0.671049	-0.630876	-0.578279	-0.512735	-0.432277	-0.337161	-0.231529	-0.11881	0	
0	-0.189915	-0.359119	-0.469931	-0.488151	-0.390143	-0.186013	0.0906414	0.365906	0.569581	0.661841	0.655221	0.584327	0.480091	0.357259	0.225762	0.101808	-0.00804806	-0.110479	-0.211092	-0.297705	-0.356028	-0.378666	-0.366947	-0.338048	-0.320176	-0.31966	-0.318384	-0.29954	-0.278106	-0.28135	-0.319061	-0.377103	-0.431903	-0.485862	-0.552956	-0.635641	-0.715454	-0.767518	-0.779505	-0.760287	-0.722807	-0.684032	-0.650889	-0.620652	-0.588285	-0.555233	-0.524694	-0.489323	-0.451227	-0.427582	-0.441446	-0.489277	-0.537929	-0.545592	-0.498505	-0.393743	-0.239161	-0.0538938	0.139051	0.322653	0.484039	0.607217	0.671632	0.661216	0.57187	0.421147	0.245386	0.0859921	-0.0303426	-0.0922215	-0.102542	-0.0816945	-0.0536612	-0.0371998	-0.0417684	-0.0757524	-0.139046	-0.219607	-0.307086	-0.395073	-0.474208	-0.542815	-0.602248	-0.647306	-0.675968	-0.687544	-0.688176	-0.68414	-0.675776	-0.663556	-0.643221	-0.608708	-0.558021	-0.492785	-0.414277	-0.322817	-0.22156	-0.113518	0	
0	-0.206499	-0.392531	-0.522823	-0.56178	-0.485199	-0.300041	-0.043248	0.214622	0.403815	0.491031	0.486068	0.424301	0.33163	0.225762	0.115737	0.0124536	-0.0831049	-0.181189	-0.283874	-0.379302	-0.448343	-0.480273	-0.480336	-0.468289	-0.47121	-0.491108	-0.507362	-0.504603	-0.49579	-0.510618	-0.558303	-0.621781	-0.677628	-0.724556	-0.776421	-0.835737	-0.885438	-0.903999	-0.883252	-0.833827	-0.774025	-0.721824	-0.683659	-0.6552	-0.629192	-0.60072	-0.5698	-0.533489	-0.493121	-0.469205	-0.481288	-0.525166	-0.565441	-0.564474	-0.505587	-0.389382	-0.229741	-0.0439944	0.148195	0.32948	0.487513	0.60854	0.666529	0.649055	0.557967	0.418086	0.265215	0.133193	0.0409519	-0.00169676	-0.00113438	0.0230605	0.053338	0.0743329	0.075542	0.0453298	-0.0136916	-0.092564	-0.178795	-0.270339	-0.359604	-0.435487	-0.498318	-0.53967	-0.561449	-0.570372	-0.573936	-0.577418	-0.577233	-0.571933	-0.555934	-0.526449	-0.485535	-0.430983	-0.363611	-0.285133	-0.195703	-0.0996351	0	
0	-0.208681	-0.395881	-0.527857	-0.575984	-0.515176	-0.356356	-0.128735	0.099257	0.270113	0.347554	0.341885	0.281954	0.19451	0.101808	0.0124536	-0.0648638	-0.14085	-0.224199	-0.317503	-0.408851	-0.479345	-0.519936	-0.535453	-0.544216	-0.567328	-0.599299	-0.628624	-0.640326	-0.651894	-0.686596	-0.748823	-0.819816	-0.874089	-0.913232	-0.949092	-0.984415	-1.00475	-0.990988	-0.939699	-0.864263	-0.78222	-0.716254	-0.667771	-0.633703	-0.607551	-0.576392	-0.540673	-0.498129	-0.451431	-0.421614	-0.428197	-0.461296	-0.492623	-0.482642	-0.418363	-0.301005	-0.14875	0.0227362	0.196631	0.355988	0.491582	0.586423	0.622037	0.592504	0.503111	0.378496	0.252643	0.152505	0.0885243	0.0679787	0.0818323	0.114875	0.151726	0.175642	0.175528	0.148622	0.100005	0.029838	-0.0502712	-0.140497	-0.230363	-0.305997	-0.363535	-0.396227	-0.41498	-0.425308	-0.435306	-0.445496	-0.449318	-0.448439	-0.436005	-0.41379	-0.38465	-0.342552	-0.290761	-0.230356	-0.158757	-0.0812245	0	
0	-0.19773	-0.371469	-0.491989	-0.537234	-0.488313	-0.353587	-0.159922	0.0385379	0.186787	0.253284	0.238199	0.171988	0.0804923	-0.00804806	-0.0831049	-0.14085	-0.195782	-0.257662	-0.329197	-0.403856	-0.470972	-0.520187	-0.552276	-0.579133	-0.611634	-0.648296	-0.682646	-0.710406	-0.742944	-0.798419	-0.875069	-0.954022	-1.01071	-1.04622	-1.06855	-1.08168	-1.07214	-1.02916	-0.951214	-0.853444	-0.754109	-0.673655	-0.61327	-0.569449	-0.533081	-0.492736	-0.444487	-0.391542	-0.340016	-0.309633	-0.311557	-0.338352	-0.355507	-0.33376	-0.263559	-0.148412	-0.0117266	0.131771	0.27127	0.394119	0.490504	0.551243	0.555812	0.50936	0.41913	0.308009	0.202126	0.124569	0.0870382	0.0914805	0.12983	0.184834	0.238589	0.271532	0.276444	0.256652	0.216145	0.152967	0.0806356	-0.000114706	-0.0787844	-0.143026	-0.19667	-0.233641	-0.263128	-0.288562	-0.305229	-0.314253	-0.316331	-0.312611	-0.302392	-0.28653	-0.266148	-0.237268	-0.200982	-0.161205	-0.112912	-0.0574667	0	
0	-0.177282	-0.330313	-0.43371	-0.473476	-0.43132	-0.318149	-0.151505	0.0173649	0.144587	0.192611	0.162446	0.0822188	-0.0195422	-0.110479	-0.181189	-0.224199	-0.257662	-0.29026	-0.329009	-0.381187	-0.441229	-0.499245	-0.545383	-0.584746	-0.6262	-0.666667	-0.710718	-0.75222	-0.800679	-0.866703	-0.949094	-1.03118	-1.08873	-1.12144	-1.13249	-1.12577	-1.09277	-1.02462	-0.925518	-0.810746	-0.695583	-0.605202	-0.533134	-0.474721	-0.424944	-0.367953	-0.304821	-0.245261	-0.194457	-0.168333	-0.174218	-0.193039	-0.198446	-0.167537	-0.0944517	0.0153582	0.134614	0.252257	0.360992	0.443883	0.500202	0.519179	0.491649	0.424502	0.32473	0.214805	0.11891	0.0564391	0.0368584	0.0722826	0.144208	0.229192	0.308985	0.366524	0.389566	0.379885	0.347075	0.285339	0.21614	0.143811	0.077151	0.0225469	-0.0308191	-0.0775166	-0.12193	-0.157743	-0.179005	-0.185096	-0.181904	-0.177326	-0.165726	-0.153907	-0.144224	-0.125452	-0.105033	-0.0843844	-0.0561089	-0.0286056	0	
0	-0.152151	-0.282868	-0.37257	-0.406937	-0.370107	-0.267582	-0.121483	0.0257724	0.12857	0.15526	0.103416	0.00528849	-0.110276	-0.211092	-0.283874	-0.317503	-0.329197	-0.329009	-0.334932	-0.361224	-0.411322	-0.469173	-0.520001	-0.569759	-0.622917	-0.678494	-0.736785	-0.793137	-0.851039	-0.919466	-0.998519	-1.07432	-1.12474	-1.1481	-1.14472	-1.11934	-1.06295	-0.9735	-0.856844	-0.729333	-0.608392	-0.512218	-0.431983	-0.361902	-0.295356	-0.226213	-0.155204	-0.0932393	-0.0480444	-0.0300118	-0.0352878	-0.0530723	-0.0540475	-0.0242984	0.0404656	0.140742	0.249541	0.353695	0.442972	0.502497	0.525847	0.509929	0.446255	0.352057	0.234794	0.112753	0.0109189	-0.0464061	-0.0423677	0.0207161	0.124246	0.247484	0.367367	0.46146	0.512879	0.524598	0.500161	0.436166	0.360805	0.284094	0.216289	0.157467	0.0966153	0.0458849	0.00288211	-0.0321242	-0.0490059	-0.0516233	-0.0489715	-0.0397767	-0.0279583	-0.0196622	-0.0161516	-0.0123528	-0.00581981	-0.00249511	0.00165619	0.00394827	0	
0	-0.123342	-0.232119	-0.308731	-0.338107	-0.297485	-0.196336	-0.0575074	0.0715968	0.152249	0.152951	0.0757237	-0.0453825	-0.181055	-0.297705	-0.379302	-0.408851	-0.403856	-0.381187	-0.361224	-0.365845	-0.397101	-0.442751	-0.488911	-0.546448	-0.617591	-0.693106	-0.769471	-0.840076	-0.905919	-0.972239	-1.03934	-1.09792	-1.12917	-1.1348	-1.11125	-1.06249	-0.982754	-0.872775	-0.743128	-0.611087	-0.485581	-0.385903	-0.298128	-0.216994	-0.145918	-0.0785443	-0.0125815	0.0412936	0.0799703	0.0968773	0.0894752	0.0719203	0.067253	0.0842176	0.134519	0.224566	0.325872	0.421939	0.501635	0.541562	0.54446	0.504734	0.418317	0.298568	0.152179	0.007025	-0.107506	-0.165581	-0.152152	-0.0594464	0.0843384	0.249631	0.414923	0.556112	0.644566	0.674285	0.656333	0.591251	0.510482	0.423517	0.338667	0.262357	0.191413	0.141795	0.109589	0.086622	0.0762364	0.0773371	0.0802014	0.0872904	0.102213	0.111889	0.113075	0.114269	0.105518	0.0858513	0.0645489	0.0331772	0	
0	-0.0968291	-0.184549	-0.248842	-0.266608	-0.215533	-0.103662	0.034209	0.153065	0.213992	0.190907	0.0865143	-0.0617911	-0.220778	-0.356028	-0.448343	-0.479345	-0.470972	-0.441229	-0.411322	-0.397101	-0.406432	-0.433278	-0.472229	-0.538062	-0.626322	-0.721065	-0.813559	-0.898103	-0.970463	-1.02881	-1.07492	-1.10308	-1.10451	-1.08049	-1.02747	-0.95094	-0.848498	-0.726042	-0.593653	-0.459719	-0.332064	-0.225236	-0.130719	-0.0501916	0.0134206	0.0641064	0.11223	0.154892	0.186615	0.197266	0.187955	0.164674	0.153391	0.161938	0.202418	0.284043	0.375869	0.458437	0.519048	0.543252	0.532133	0.481523	0.383184	0.248123	0.0834302	-0.0840305	-0.216475	-0.280968	-0.254741	-0.13987	0.0359226	0.246038	0.456561	0.633777	0.743773	0.787424	0.781142	0.726266	0.647299	0.553102	0.457485	0.368796	0.289576	0.239644	0.213164	0.194468	0.189924	0.195649	0.198039	0.206292	0.21938	0.230765	0.2377	0.235101	0.215942	0.174226	0.121164	0.0622444	0	
0	-0.0783166	-0.149431	-0.197773	-0.198201	-0.128228	-0.002248	0.139856	0.25284	0.301372	0.258972	0.129012	-0.047129	-0.227888	-0.378666	-0.480273	-0.519936	-0.520187	-0.499245	-0.469173	-0.442751	-0.433278	-0.446496	-0.481785	-0.554533	-0.654954	-0.7639	-0.870514	-0.96778	-1.04363	-1.08973	-1.10688	-1.09691	-1.05497	-0.986397	-0.890974	-0.77974	-0.657616	-0.529919	-0.399636	-0.270899	-0.146283	-0.043742	0.0398848	0.106854	0.152799	0.184973	0.219188	0.252254	0.273428	0.274793	0.253849	0.222431	0.208371	0.213995	0.24974	0.322297	0.399564	0.460508	0.499317	0.505831	0.487768	0.434619	0.332266	0.188018	0.0110329	-0.162418	-0.293271	-0.351495	-0.316601	-0.186211	0.0110784	0.241303	0.470169	0.664135	0.789005	0.84722	0.856895	0.819016	0.752318	0.6652	0.572689	0.485523	0.407683	0.355483	0.324424	0.302232	0.298706	0.30996	0.31665	0.325075	0.335717	0.339278	0.334459	0.319581	0.283948	0.227761	0.161128	0.0815213	0	
0	-0.0679002	-0.124161	-0.151494	-0.126187	-0.0326914	0.108461	0.255142	0.365938	0.407278	0.350149	0.196491	-0.00472981	-0.204117	-0.366947	-0.480336	-0.535453	-0.552276	-0.545383	-0.520001	-0.488911	-0.472229	-0.481785	-0.518283	-0.594855	-0.702095	-0.821965	-0.939505	-1.04607	-1.12169	-1.152	-1.13819	-1.08182	-0.985695	-0.860711	-0.71541	-0.568848	-0.427454	-0.292871	-0.165173	-0.044843	0.0634687	0.14246	0.199109	0.240034	0.265787	0.281738	0.303716	0.327994	0.342129	0.335521	0.308698	0.27357	0.256704	0.255883	0.27826	0.331493	0.387478	0.429351	0.455027	0.456757	0.434973	0.374828	0.264462	0.112759	-0.0637169	-0.226886	-0.341458	-0.383191	-0.33406	-0.193607	0.00826304	0.237474	0.461002	0.652684	0.785837	0.861695	0.895905	0.88188	0.826465	0.74688	0.667063	0.595245	0.529176	0.482588	0.454342	0.429755	0.421626	0.428476	0.430592	0.43611	0.438904	0.425703	0.397262	0.356252	0.303746	0.24208	0.173135	0.089989	0	
0	-0.0649729	-0.10936	-0.114741	-0.0604276	0.0560367	0.211053	0.360671	0.471022	0.508528	0.440523	0.270402	0.0500716	-0.161673	-0.338048	-0.468289	-0.544216	-0.579133	-0.584746	-0.569759	-0.546448	-0.538062	-0.554533	-0.594855	-0.671695	-0.780527	-0.902203	-1.02164	-1.12627	-1.19481	-1.20716	-1.15997	-1.05604	-0.907061	-0.730124	-0.543877	-0.364323	-0.199619	-0.0513769	0.0780468	0.186079	0.266714	0.313035	0.333382	0.343745	0.346011	0.344002	0.352413	0.37221	0.384907	0.378125	0.349688	0.311103	0.286831	0.275012	0.281153	0.314818	0.356475	0.390793	0.41212	0.41362	0.392341	0.329248	0.213035	0.0578555	-0.113862	-0.267777	-0.370778	-0.401526	-0.342093	-0.196958	0.00368714	0.225853	0.439592	0.627522	0.767825	0.859807	0.909653	0.911134	0.873909	0.816012	0.757425	0.701175	0.647155	0.609365	0.585503	0.561541	0.54707	0.540801	0.530012	0.521871	0.507102	0.474533	0.427103	0.369383	0.305841	0.239107	0.167805	0.0858121	0	
0	-0.0647525	-0.101963	-0.0882384	-0.0114702	0.12535	0.288698	0.439799	0.546823	0.579289	0.504569	0.324467	0.0951836	-0.127617	-0.320176	-0.47121	-0.567328	-0.611634	-0.6262	-0.622917	-0.617591	-0.626322	-0.654954	-0.702095	-0.780527	-0.887014	-1.00514	-1.11523	-1.20974	-1.26243	-1.24941	-1.16344	-1.01393	-0.82034	-0.60728	-0.389534	-0.182548	0.00317447	0.161001	0.286359	0.375848	0.431569	0.448654	0.43838	0.420767	0.398683	0.377004	0.373084	0.386425	0.396157	0.386575	0.351469	0.306235	0.276839	0.258914	0.256482	0.281018	0.319579	0.355555	0.384496	0.394795	0.375603	0.309776	0.191533	0.0348652	-0.139292	-0.29224	-0.394175	-0.423388	-0.362807	-0.214872	-0.0115457	0.206946	0.420256	0.613843	0.76511	0.863364	0.918025	0.933086	0.912187	0.875723	0.839867	0.80164	0.758392	0.725231	0.702708	0.67437	0.651309	0.634135	0.607728	0.577759	0.540151	0.489183	0.432968	0.372514	0.301986	0.22655	0.149891	0.0708944	0	
0	-0.0622565	-0.0937635	-0.0705279	0.0210973	0.169428	0.338789	0.487734	0.588295	0.614936	0.535844	0.35601	0.123042	-0.108801	-0.31966	-0.491108	-0.599299	-0.648296	-0.666667	-0.678494	-0.693106	-0.721065	-0.7639	-0.821965	-0.902203	-1.00514	-1.11018	-1.2051	-1.27754	-1.30299	-1.25399	-1.12912	-0.942986	-0.722901	-0.484892	-0.245748	-0.0188447	0.177362	0.33474	0.449895	0.526496	0.562001	0.555185	0.516138	0.468816	0.424084	0.389155	0.373622	0.378311	0.379004	0.355472	0.307202	0.255768	0.221307	0.204317	0.204277	0.232257	0.281749	0.337675	0.38253	0.402112	0.38472	0.313861	0.187719	0.0214125	-0.157514	-0.317025	-0.423532	-0.453105	-0.391038	-0.243946	-0.0425984	0.180488	0.403183	0.608961	0.772051	0.878091	0.938604	0.964158	0.961861	0.945182	0.92434	0.896602	0.860424	0.827796	0.797806	0.762625	0.730533	0.699293	0.656897	0.603433	0.541966	0.47798	0.416971	0.353982	0.283362	0.20859	0.133664	0.0625493	0	
0	-0.0483725	-0.0708611	-0.0399237	0.058731	0.215635	0.388407	0.535127	0.629235	0.649144	0.570053	0.391476	0.15659	-0.0878535	-0.318384	-0.507362	-0.628624	-0.682646	-0.710718	-0.736785	-0.769471	-0.813559	-0.870514	-0.939505	-1.02164	-1.11523	-1.2051	-1.27611	-1.31681	-1.30157	-1.21345	-1.05538	-0.847579	-0.60849	-0.35367	-0.1009	0.131523	0.323269	0.470745	0.577415	0.641797	0.660124	0.630388	0.564688	0.498324	0.442747	0.400061	0.373296	0.360201	0.339948	0.300506	0.243166	0.18965	0.160025	0.150222	0.158356	0.197624	0.267916	0.3451	0.406137	0.432656	0.407685	0.323264	0.180733	-0.000749289	-0.195584	-0.363551	-0.470629	-0.495949	-0.432068	-0.288216	-0.0866304	0.141031	0.378223	0.600036	0.777552	0.896622	0.971091	1.0155	1.02937	1.02414	1.01278	0.993811	0.962088	0.927688	0.888585	0.83968	0.789865	0.734791	0.6685	0.595931	0.522752	0.450316	0.379534	0.30858	0.237566	0.174858	0.116991	0.0569804	0	
0	-0.024543	-0.0320352	0.00624693	0.108238	0.269034	0.441965	0.587842	0.677053	0.695314	0.61585	0.439196	0.200283	-0.0551666	-0.29954	-0.504603	-0.640326	-0.710406	-0.75222	-0.793137	-0.840076	-0.898103	-0.96778	-1.04607	-1.12627	-1.20974	-1.27754	-1.31681	-1.3112	-1.24911	-1.12437	-0.9447	-0.723056	-0.473315	-0.212612	0.0363526	0.256028	0.433172	0.569281	0.665294	0.71659	0.717059	0.6673	0.590696	0.519381	0.462423	0.416249	0.372923	0.336066	0.298096	0.247952	0.186968	0.139517	0.113329	0.112595	0.135323	0.194312	0.28587	0.3823	0.449403	0.466062	0.42367	0.319247	0.159504	-0.0379603	-0.241208	-0.412293	-0.520089	-0.547163	-0.48927	-0.344914	-0.134498	0.106128	0.35264	0.579299	0.764616	0.897297	0.992883	1.06077	1.09659	1.10745	1.10623	1.09377	1.0645	1.02662	0.978186	0.917112	0.841313	0.75226	0.659142	0.566395	0.48239	0.401629	0.320896	0.246756	0.18236	0.133627	0.0918336	0.0460572	0	
0	0.00305032	0.014919	0.0617289	0.16558	0.322466	0.491272	0.633074	0.72209	0.73813	0.657367	0.476568	0.234156	-0.0269635	-0.278106	-0.49579	-0.651894	-0.742944	-0.800679	-0.851039	-0.905919	-0.970463	-1.04363	-1.12169	-1.19481	-1.26243	-1.30299	-1.30157	-1.24911	-1.1471	-1.00011	-0.811218	-0.587798	-0.342986	-0.0955468	0.132661	0.332837	0.495038	0.617835	0.698829	0.733208	0.717845	0.662151	0.588313	0.525551	0.47655	0.430044	0.377131	0.325175	0.275739	0.218818	0.156389	0.106297	0.0833895	0.0943413	0.137116	0.217396	0.325794	0.426846	0.483972	0.483728	0.421234	0.301845	0.128595	-0.0765432	-0.283662	-0.457398	-0.566167	-0.590944	-0.528613	-0.381688	-0.166456	0.0828888	0.336266	0.563238	0.750319	0.893392	1.00336	1.08486	1.13851	1.16653	1.17713	1.17168	1.14162	1.09978	1.04262	0.966608	0.872286	0.763123	0.655204	0.549565	0.448541	0.353931	0.267516	0.195952	0.139736	0.0955866	0.0584336	0.0269354	0	
0	0.0278463	0.0586878	0.116993	0.219044	0.366773	0.5217	0.657309	0.742428	0.754372	0.66404	0.475849	0.230894	-0.0289886	-0.28135	-0.510618	-0.686596	-0.798419	-0.866703	-0.919466	-0.972239	-1.02881	-1.08973	-1.152	-1.20716	-1.24941	-1.25399	-1.21345	-1.12437	-1.00011	-0.847414	-0.666086	-0.465832	-0.2519	-0.0408052	0.158202	0.336895	0.482422	0.588343	0.654075	0.677609	0.662901	0.614885	0.557466	0.512316	0.475814	0.438294	0.385317	0.328026	0.274403	0.21601	0.149462	0.0988546	0.0762098	0.0952853	0.150732	0.241345	0.351331	0.446242	0.494505	0.481714	0.407629	0.276597	0.0949697	-0.113629	-0.319383	-0.485594	-0.585852	-0.606115	-0.541113	-0.382875	-0.153903	0.0973143	0.343323	0.565529	0.753677	0.9019	1.01508	1.0955	1.14926	1.17723	1.18837	1.1834	1.15697	1.11713	1.0542	0.973003	0.87407	0.76625	0.662029	0.55035	0.44106	0.340894	0.254692	0.189264	0.133309	0.0849983	0.0472536	0.018686	0	
0	0.0459943	0.0943807	0.163532	0.264349	0.397191	0.534467	0.656655	0.732887	0.731477	0.627397	0.42994	0.188108	-0.067977	-0.319061	-0.558303	-0.748823	-0.875069	-0.949094	-0.998519	-1.03934	-1.07492	-1.10688	-1.13819	-1.15997	-1.16344	-1.12912	-1.05538	-0.9447	-0.811218	-0.666086	-0.517539	-0.368285	-0.213088	-0.0521019	0.110782	0.259811	0.381519	0.469868	0.527435	0.556188	0.556125	0.527803	0.496276	0.473784	0.458691	0.436254	0.394721	0.340874	0.29195	0.235217	0.170716	0.117175	0.0943395	0.114589	0.171376	0.259849	0.358765	0.441562	0.479522	0.458292	0.377827	0.245204	0.0637667	-0.139579	-0.334808	-0.492693	-0.5865	-0.593201	-0.509273	-0.338012	-0.108363	0.140867	0.383316	0.599214	0.782081	0.922402	1.02254	1.08485	1.12471	1.14068	1.1394	1.13111	1.10525	1.06666	1.00857	0.934089	0.85006	0.760682	0.667409	0.563455	0.462212	0.372853	0.294042	0.227327	0.168422	0.114925	0.0711869	0.0350778	0	
0	0.0606541	0.125438	0.2062	0.308397	0.428435	0.548658	0.652479	0.710484	0.688422	0.567362	0.365953	0.1279	-0.123369	-0.377103	-0.621781	-0.819816	-0.954022	-1.03118	-1.07432	-1.09792	-1.10308	-1.09691	-1.08182	-1.05604	-1.01393	-0.942986	-0.847579	-0.723056	-0.587798	-0.465832	-0.368285	-0.289411	-0.200379	-0.0930164	0.0235241	0.132266	0.221576	0.291147	0.345518	0.384157	0.404076	0.405188	0.405424	0.416479	0.428485	0.430039	0.405398	0.364044	0.322573	0.274198	0.21617	0.166613	0.145429	0.163808	0.21458	0.287635	0.365529	0.428314	0.453355	0.423159	0.338669	0.20461	0.0273835	-0.163226	-0.346058	-0.491752	-0.568329	-0.557007	-0.455718	-0.272259	-0.0395095	0.204734	0.439214	0.64982	0.818511	0.941163	1.02058	1.05674	1.07429	1.07005	1.05472	1.03788	1.01077	0.975813	0.924546	0.869897	0.81097	0.742042	0.667053	0.583421	0.505179	0.432924	0.357131	0.285602	0.220203	0.15898	0.105958	0.0545413	0	
0	0.0773375	0.158755	0.254296	0.360843	0.477205	0.582711	0.665992	0.696168	0.647818	0.511803	0.308165	0.0755612	-0.176602	-0.431903	-0.677628	-0.874089	-1.01071	-1.08873	-1.12474	-1.12917	-1.10451	-1.05497	-0.985695	-0.907061	-0.82034	-0.722901	-0.60849	-0.473315	-0.342986	-0.2519	-0.213088	-0.200379	-0.172552	-0.125443	-0.0635881	-0.0078499	0.0427842	0.0900271	0.137609	0.18523	0.231815	0.264369	0.303155	0.348079	0.39044	0.416252	0.415327	0.390089	0.363206	0.329536	0.285324	0.244414	0.229135	0.244668	0.282684	0.339465	0.393233	0.431329	0.437456	0.389835	0.291222	0.151553	-0.0211696	-0.2015	-0.369639	-0.49502	-0.549858	-0.515218	-0.394343	-0.201756	0.0298061	0.270169	0.499373	0.697147	0.8471	0.946486	1.00242	1.01794	1.01439	0.993655	0.965642	0.939005	0.90427	0.868662	0.835185	0.801176	0.762059	0.714917	0.657027	0.597038	0.541266	0.477572	0.404209	0.333905	0.266413	0.197568	0.132773	0.0675623	0	
0	0.0954518	0.195206	0.302493	0.419069	0.533619	0.630857	0.688225	0.687104	0.609975	0.459679	0.255126	0.0225975	-0.229906	-0.485862	-0.724556	-0.913232	-1.04622	-1.12144	-1.1481	-1.1348	-1.08049	-0.986397	-0.860711	-0.730124	-0.60728	-0.484892	-0.35367	-0.212612	-0.0955468	-0.0408052	-0.0521019	-0.0930164	-0.125443	-0.138096	-0.13943	-0.139181	-0.134021	-0.118082	-0.0834079	-0.0261255	0.0428796	0.111217	0.18585	0.26658	0.339798	0.391568	0.412071	0.40529	0.392507	0.373946	0.348709	0.324181	0.321448	0.338861	0.372228	0.414133	0.446382	0.462704	0.445731	0.373449	0.256502	0.105106	-0.0729178	-0.249004	-0.405014	-0.512825	-0.541288	-0.479908	-0.339869	-0.142277	0.0853194	0.324536	0.549462	0.737469	0.868443	0.948768	0.987668	0.982419	0.963083	0.930625	0.889241	0.848443	0.804057	0.768045	0.741663	0.717762	0.691945	0.662314	0.628819	0.592886	0.550104	0.495113	0.428565	0.361593	0.293587	0.216898	0.143773	0.0736581	0	
0	0.114164	0.228907	0.347684	0.468675	0.583534	0.667629	0.699726	0.66424	0.559005	0.392042	0.180511	-0.0543092	-0.305053	-0.552956	-0.776421	-0.949092	-1.06855	-1.13249	-1.14472	-1.11125	-1.02747	-0.890974	-0.71541	-0.543877	-0.389534	-0.245748	-0.1009	0.0363526	0.132661	0.158202	0.110782	0.0235241	-0.0635881	-0.13943	-0.202786	-0.264114	-0.314266	-0.334714	-0.313292	-0.249269	-0.154045	-0.0515398	0.0597572	0.175053	0.274033	0.345257	0.383899	0.392544	0.39109	0.390123	0.386282	0.382817	0.397197	0.42154	0.452081	0.489613	0.514165	0.513983	0.478348	0.387663	0.250954	0.0799987	-0.109409	-0.289697	-0.441804	-0.530529	-0.534582	-0.456551	-0.306323	-0.100534	0.135766	0.378053	0.5998	0.779033	0.896944	0.963361	0.987988	0.968665	0.927606	0.874866	0.816755	0.757398	0.70162	0.663308	0.638768	0.612983	0.59369	0.585006	0.570644	0.551179	0.523282	0.480953	0.430455	0.375883	0.309364	0.231663	0.156152	0.078872	0	
0	0.129401	0.256559	0.380403	0.500574	0.606172	0.674293	0.680423	0.615817	0.484191	0.296661	0.0730381	-0.165009	-0.40542	-0.635641	-0.835737	-0.984415	-1.08168	-1.12577	-1.11934	-1.06249	-0.95094	-0.77974	-0.568848	-0.364323	-0.182548	-0.0188447	0.131523	0.256028	0.332837	0.336895	0.259811	0.132266	-0.0078499	-0.139181	-0.264114	-0.389354	-0.493187	-0.548973	-0.541527	-0.47117	-0.355709	-0.2218	-0.079807	0.0601757	0.180669	0.268793	0.322002	0.344162	0.354278	0.369877	0.38995	0.4108	0.441933	0.473512	0.508737	0.551307	0.577678	0.576847	0.534329	0.430303	0.279615	0.0954432	-0.108052	-0.2988	-0.448467	-0.527872	-0.524572	-0.441163	-0.283615	-0.0691016	0.177531	0.429241	0.653225	0.827932	0.93988	0.994847	1.00164	0.962968	0.899281	0.821807	0.73694	0.658183	0.592839	0.547277	0.516673	0.48666	0.473851	0.479768	0.479615	0.475626	0.466044	0.44505	0.413237	0.371554	0.316707	0.246183	0.16838	0.0847999	0	
0	0.143207	0.280809	0.406884	0.518206	0.60702	0.654797	0.639629	0.553054	0.398201	0.188255	-0.0513317	-0.289027	-0.511904	-0.715454	-0.885438	-1.00475	-1.07214	-1.09277	-1.06295	-0.982754	-0.848498	-0.657616	-0.427454	-0.199619	0.00317447	0.177362	0.323269	0.433172	0.495038	0.482422	0.381519	0.221576	0.0427842	-0.134021	-0.314266	-0.493187	-0.644322	-0.731315	-0.73938	-0.669426	-0.541295	-0.38921	-0.232956	-0.0755955	0.061141	0.162478	0.22782	0.263766	0.290923	0.331259	0.379103	0.421114	0.46378	0.501372	0.54473	0.598244	0.637267	0.6408	0.595091	0.488548	0.331582	0.135266	-0.0755731	-0.266795	-0.415662	-0.495251	-0.493995	-0.414031	-0.255252	-0.0312268	0.225191	0.480946	0.706455	0.878992	0.980493	1.01679	1.00517	0.946402	0.854838	0.750618	0.64625	0.554165	0.478372	0.425166	0.389543	0.36115	0.356076	0.365679	0.368516	0.375114	0.384279	0.382814	0.367137	0.339921	0.298252	0.2411	0.170911	0.0865153	0	
0	0.15802	0.305968	0.432335	0.529694	0.597532	0.624637	0.594721	0.493161	0.321676	0.0909128	-0.160352	-0.395228	-0.594685	-0.767518	-0.903999	-0.990988	-1.02916	-1.02462	-0.9735	-0.872775	-0.726042	-0.529919	-0.292871	-0.0513769	0.161001	0.33474	0.470745	0.569281	0.617835	0.588343	0.469868	0.291147	0.0900271	-0.118082	-0.334714	-0.548973	-0.731315	-0.843832	-0.867915	-0.806902	-0.686813	-0.540698	-0.385432	-0.222913	-0.0797348	0.0275026	0.10018	0.158812	0.215607	0.28832	0.361328	0.420986	0.47117	0.517731	0.571462	0.63764	0.687951	0.694991	0.647395	0.538713	0.378424	0.180451	-0.0290339	-0.2167	-0.356338	-0.427602	-0.426745	-0.351267	-0.192279	0.034089	0.291217	0.537816	0.747211	0.903299	0.989583	1.00739	0.972723	0.89492	0.783212	0.66196	0.551675	0.454626	0.371454	0.311792	0.274162	0.25137	0.249311	0.255577	0.256733	0.266114	0.281701	0.289096	0.287091	0.272884	0.241022	0.198246	0.145973	0.0771363	0	
0	0.17488	0.332328	0.457249	0.538257	0.586455	0.595566	0.555304	0.44501	0.262893	0.0227059	-0.235271	-0.461212	-0.639685	-0.779505	-0.883252	-0.939699	-0.951214	-0.925518	-0.856844	-0.743128	-0.593653	-0.399636	-0.165173	0.0780468	0.286359	0.449895	0.577415	0.665294	0.698829	0.654075	0.527435	0.345518	0.137609	-0.0834079	-0.313292	-0.541527	-0.73938	-0.867915	-0.9079	-0.871516	-0.778617	-0.655349	-0.512771	-0.362491	-0.230153	-0.13098	-0.0475602	0.0365243	0.128584	0.230391	0.324309	0.39971	0.464512	0.526388	0.5934	0.668509	0.721905	0.728229	0.675582	0.56296	0.400242	0.2065	0.0107722	-0.157094	-0.278508	-0.337772	-0.326779	-0.236607	-0.0715374	0.146209	0.377204	0.589327	0.769389	0.896734	0.957563	0.949163	0.895131	0.805385	0.685173	0.563252	0.457378	0.367124	0.283184	0.220691	0.183744	0.157297	0.146391	0.145481	0.145775	0.153346	0.164042	0.169823	0.174937	0.174292	0.156067	0.129143	0.0965875	0.0506364	0	
0	0.191124	0.356285	0.47452	0.542342	0.573021	0.569741	0.51908	0.403256	0.220046	-0.018338	-0.271312	-0.489388	-0.648355	-0.760287	-0.833827	-0.864263	-0.853444	-0.810746	-0.729333	-0.611087	-0.459719	-0.270899	-0.044843	0.186079	0.375848	0.526496	0.641797	0.71659	0.733208	0.677609	0.556188	0.384157	0.18523	-0.0261255	-0.249269	-0.47117	-0.669426	-0.806902	-0.871516	-0.871272	-0.816863	-0.720727	-0.605276	-0.483749	-0.376632	-0.285165	-0.198705	-0.09682	0.0171056	0.136212	0.246844	0.343639	0.428651	0.510144	0.592701	0.67352	0.730346	0.733516	0.673384	0.557138	0.396727	0.214658	0.0420784	-0.0950481	-0.184925	-0.217408	-0.184288	-0.0837485	0.0760644	0.27598	0.478381	0.652003	0.784667	0.86776	0.890367	0.85588	0.787901	0.691444	0.576401	0.463058	0.368696	0.283371	0.200886	0.144155	0.102521	0.0674293	0.0423638	0.0285319	0.0308286	0.0383545	0.044957	0.049642	0.0530047	0.0557908	0.0538395	0.0466029	0.0303918	0.0105211	0	
0	0.204943	0.371402	0.483465	0.538034	0.56081	0.544513	0.485107	0.364151	0.188664	-0.0354394	-0.277517	-0.486302	-0.63359	-0.722807	-0.774025	-0.78222	-0.754109	-0.695583	-0.608392	-0.485581	-0.332064	-0.146283	0.0634687	0.266714	0.431569	0.562001	0.660124	0.717059	0.717845	0.662901	0.556125	0.404076	0.231815	0.0428796	-0.154045	-0.355709	-0.541295	-0.686813	-0.778617	-0.816863	-0.795548	-0.739032	-0.663994	-0.58321	-0.501614	-0.426733	-0.346082	-0.241063	-0.114791	0.0171058	0.138295	0.247349	0.347441	0.448978	0.54577	0.63953	0.704445	0.710764	0.648298	0.529406	0.377499	0.223925	0.0893031	-0.0132016	-0.0739294	-0.0819539	-0.0311155	0.0788278	0.229869	0.403771	0.571521	0.704976	0.797395	0.839877	0.828337	0.765427	0.674666	0.57442	0.469924	0.367123	0.277122	0.191794	0.109747	0.0523119	0.00938132	-0.030507	-0.0614658	-0.0768201	-0.0810998	-0.0806324	-0.0744758	-0.0690681	-0.0647478	-0.0603097	-0.0525564	-0.0379972	-0.0290801	-0.0222438	0	
0	0.210702	0.375374	0.477165	0.527381	0.542686	0.519727	0.448374	0.329002	0.166543	-0.0351848	-0.262838	-0.464345	-0.60629	-0.684032	-0.721824	-0.716254	-0.673655	-0.605202	-0.512218	-0.385903	-0.225236	-0.043742	0.14246	0.313035	0.448654	0.555185	0.630388	0.6673	0.662151	0.614885	0.527803	0.405188	0.264369	0.111217	-0.0515398	-0.2218	-0.38921	-0.540698	-0.655349	-0.720727	-0.739032	-0.730221	-0.701776	-0.659331	-0.609294	-0.560494	-0.494439	-0.391481	-0.25602	-0.121518	0.00118708	0.114372	0.228908	0.347326	0.46301	0.566757	0.637649	0.653157	0.603847	0.505279	0.384878	0.268307	0.164772	0.0887299	0.0473854	0.0523519	0.113611	0.22233	0.353214	0.498605	0.634705	0.73713	0.797686	0.814586	0.782588	0.703095	0.601181	0.488525	0.37883	0.268536	0.169123	0.085641	0.00854074	-0.0503603	-0.0999808	-0.139572	-0.165493	-0.180934	-0.187739	-0.194899	-0.196079	-0.18543	-0.17228	-0.160493	-0.143998	-0.11618	-0.0783583	-0.0391453	0	
0	0.209212	0.367866	0.464803	0.512846	0.527023	0.495658	0.418821	0.302887	0.158358	-0.023499	-0.236531	-0.433554	-0.575299	-0.650889	-0.683659	-0.667771	-0.61327	-0.533134	-0.431983	-0.298128	-0.130719	0.0398848	0.199109	0.333382	0.43838	0.516138	0.564688	0.590696	0.588313	0.557466	0.496276	0.405424	0.303155	0.18585	0.0597572	-0.079807	-0.232956	-0.385432	-0.512771	-0.605276	-0.663994	-0.701776	-0.713157	-0.709554	-0.700398	-0.678726	-0.62342	-0.522722	-0.391656	-0.263914	-0.147847	-0.0332987	0.0923217	0.224961	0.347159	0.457536	0.542677	0.575928	0.550766	0.48386	0.404012	0.32476	0.25	0.192368	0.163129	0.175535	0.233326	0.324078	0.429982	0.550311	0.665402	0.751165	0.794519	0.797522	0.753564	0.666483	0.554312	0.428721	0.303979	0.173951	0.0614301	-0.0277192	-0.102068	-0.15769	-0.20576	-0.241291	-0.264545	-0.280574	-0.292986	-0.303535	-0.307901	-0.301277	-0.279783	-0.24878	-0.215542	-0.173848	-0.115492	-0.0540772	0	
