0	0	0	0	0	0	0	0	0	0	0	0	0	0	0	0	0	0	0	0	0	0	0	0	0	0	0	0	0	0	0	0	0	0	0	0	0	0	0	0	0	0	0	0	0	0	0	0	0	0	0	0	0	0	0	0	0	0	0	0	0	0	0	0	0	0	0	0	0	0	0	0	0	0	0	0	0	0	0	0	0	0	0	0	0	0	0	0	0	0	0	0	0	0	0	0	0	0	0	0	
0	-0.0141829	-0.0354193	-0.0612012	-0.089125	-0.115052	-0.139266	-0.152508	-0.150741	-0.133956	-0.108293	-0.0795267	-0.0483981	-0.0167312	0.0179936	0.0526226	0.0881854	0.121064	0.148561	0.164502	0.168297	0.159574	0.135968	0.100867	0.0621023	0.0278628	-0.00354239	-0.0338284	-0.0629083	-0.0907373	-0.113521	-0.126739	-0.134599	-0.140653	-0.149853	-0.161006	-0.176427	-0.196535	-0.220811	-0.243443	-0.261014	-0.267548	-0.267974	-0.264713	-0.264665	-0.267336	-0.272798	-0.280307	-0.288869	-0.296169	-0.307179	-0.319037	-0.330486	-0.341776	-0.353116	-0.367697	-0.384944	-0.400056	-0.409781	-0.412927	-0.405028	-0.379266	-0.337135	-0.284329	-0.224901	-0.166234	-0.115244	-0.0806983	-0.0661394	-0.0718229	-0.092286	-0.122377	-0.157791	-0.193757	-0.22652	-0.25497	-0.279796	-0.301288	-0.317186	-0.32227	-0.317538	-0.303365	-0.280164	-0.252204	-0.226078	-0.202907	-0.179719	-0.159116	-0.139373	-0.11692	-0.0963722	-0.0814012	-0.0710131	-0.0673522	-0.0681003	-0.0675212	-0.0620523	-0.0481328	-0.0267695	0	
0	-0.0354193	-0.0823525	-0.138549	-0.19402	-0.247339	-0.294002	-0.322167	-0.320838	-0.291603	-0.245757	-0.191298	-0.131055	-0.0651609	0.00793184	0.0821913	0.155901	0.222129	0.27387	0.303462	0.309165	0.2949	0.254491	0.192532	0.12373	0.0587804	-0.00292222	-0.0647038	-0.12413	-0.177203	-0.218246	-0.24017	-0.251358	-0.264533	-0.284098	-0.308333	-0.337652	-0.372302	-0.411466	-0.450769	-0.48205	-0.500722	-0.511313	-0.518229	-0.52726	-0.539176	-0.547749	-0.556923	-0.566033	-0.573058	-0.588224	-0.6094	-0.631529	-0.653339	-0.679455	-0.711628	-0.7473	-0.778004	-0.795737	-0.794726	-0.769336	-0.710313	-0.619445	-0.509053	-0.391643	-0.282088	-0.194325	-0.137659	-0.116105	-0.127938	-0.164512	-0.218915	-0.279898	-0.345024	-0.407927	-0.469626	-0.528136	-0.577315	-0.615565	-0.630433	-0.627307	-0.604877	-0.561136	-0.508449	-0.454699	-0.402323	-0.350639	-0.305938	-0.266615	-0.227825	-0.198146	-0.179129	-0.165843	-0.161248	-0.157916	-0.147961	-0.129006	-0.0955664	-0.051453	0	
0	-0.0612012	-0.138549	-0.222885	-0.306393	-0.380551	-0.449151	-0.490372	-0.494276	-0.460476	-0.403049	-0.332639	-0.247176	-0.149554	-0.0357534	0.0794437	0.191775	0.286739	0.357991	0.394201	0.401869	0.386033	0.340037	0.267542	0.182142	0.100105	0.0155351	-0.0723114	-0.155612	-0.22881	-0.281601	-0.307046	-0.323749	-0.345678	-0.383101	-0.424211	-0.466681	-0.508587	-0.55307	-0.595041	-0.635353	-0.663883	-0.69221	-0.718268	-0.74945	-0.775401	-0.791954	-0.800311	-0.804286	-0.804565	-0.820218	-0.84592	-0.877149	-0.91275	-0.951951	-1.00114	-1.05576	-1.09934	-1.11896	-1.11005	-1.06225	-0.961351	-0.818799	-0.657941	-0.494533	-0.3481	-0.232275	-0.161446	-0.136976	-0.154286	-0.199193	-0.263672	-0.344109	-0.435475	-0.530361	-0.624599	-0.714584	-0.795877	-0.859571	-0.890545	-0.893818	-0.871059	-0.820961	-0.751564	-0.677778	-0.602521	-0.522954	-0.45509	-0.4016	-0.355238	-0.324053	-0.30763	-0.292198	-0.277296	-0.257462	-0.225236	-0.182321	-0.127583	-0.0664385	0	
0	-0.089125	-0.19402	-0.306393	-0.408605	-0.501464	-0.58386	-0.639306	-0.650733	-0.620105	-0.562246	-0.484447	-0.384245	-0.260145	-0.112831	0.0383831	0.180871	0.297837	0.379045	0.419923	0.42865	0.419672	0.381673	0.315047	0.235021	0.153492	0.0650438	-0.0327446	-0.129764	-0.214395	-0.277186	-0.310593	-0.335163	-0.374306	-0.430493	-0.489302	-0.542328	-0.587501	-0.629595	-0.671659	-0.711285	-0.746665	-0.786129	-0.830939	-0.881964	-0.930085	-0.95967	-0.976356	-0.982734	-0.981122	-0.995115	-1.02446	-1.06221	-1.10419	-1.15666	-1.2199	-1.28531	-1.33352	-1.34873	-1.32248	-1.25004	-1.12051	-0.944093	-0.747455	-0.552322	-0.380122	-0.246329	-0.16001	-0.12313	-0.132755	-0.178374	-0.255817	-0.353528	-0.469873	-0.592102	-0.716179	-0.833599	-0.932407	-1.01137	-1.05362	-1.07251	-1.06605	-1.02457	-0.961385	-0.885358	-0.799619	-0.708706	-0.631732	-0.572124	-0.520893	-0.484962	-0.457998	-0.423301	-0.384812	-0.337002	-0.277467	-0.213785	-0.143307	-0.0724494	0	
0	-0.115052	-0.247339	-0.380551	-0.501464	-0.605323	-0.703055	-0.770669	-0.794665	-0.773338	-0.721787	-0.64617	-0.53798	-0.398054	-0.225663	-0.0494823	0.116166	0.2472	0.338727	0.383323	0.40008	0.402804	0.380589	0.332005	0.268872	0.207245	0.133975	0.0444007	-0.0499571	-0.140564	-0.212732	-0.256646	-0.296346	-0.34937	-0.422655	-0.492387	-0.55061	-0.595697	-0.636387	-0.673652	-0.712969	-0.746078	-0.791603	-0.846948	-0.918896	-0.9881	-1.03997	-1.07256	-1.08918	-1.09177	-1.11126	-1.14582	-1.18981	-1.24065	-1.29669	-1.36275	-1.42883	-1.4714	-1.47296	-1.43338	-1.34633	-1.19633	-1.00131	-0.791949	-0.583952	-0.395137	-0.238292	-0.128609	-0.0717912	-0.0688137	-0.109943	-0.191732	-0.309548	-0.453533	-0.603892	-0.747841	-0.875731	-0.985196	-1.07368	-1.12753	-1.16084	-1.17444	-1.15737	-1.11224	-1.05351	-0.982089	-0.896466	-0.822207	-0.762179	-0.703023	-0.650907	-0.601524	-0.537854	-0.466691	-0.389828	-0.306909	-0.226564	-0.147244	-0.0732683	0	
0	-0.139266	-0.294002	-0.449151	-0.58386	-0.703055	-0.813339	-0.897005	-0.933344	-0.923315	-0.880589	-0.809611	-0.701761	-0.555027	-0.372646	-0.182859	-0.00601054	0.137413	0.237728	0.294419	0.322794	0.342886	0.340325	0.313319	0.277495	0.246213	0.202834	0.136186	0.0511649	-0.0397517	-0.121778	-0.178223	-0.22655	-0.28856	-0.364682	-0.434676	-0.490345	-0.532348	-0.570514	-0.608861	-0.646177	-0.681231	-0.728595	-0.79348	-0.879019	-0.968802	-1.03975	-1.09164	-1.12416	-1.14026	-1.17015	-1.21478	-1.26652	-1.31661	-1.37145	-1.43183	-1.4883	-1.51878	-1.50905	-1.45605	-1.36044	-1.20857	-1.01086	-0.795108	-0.578781	-0.379842	-0.2101	-0.0829449	-0.00768287	0.0100842	-0.0250436	-0.112525	-0.239644	-0.396586	-0.559461	-0.716175	-0.855843	-0.970733	-1.06535	-1.12694	-1.17559	-1.20991	-1.21324	-1.19542	-1.16421	-1.11682	-1.05338	-0.990804	-0.929047	-0.855293	-0.778335	-0.699546	-0.607305	-0.514493	-0.422046	-0.328532	-0.242452	-0.157773	-0.0782537	0	
0	-0.152508	-0.322167	-0.490372	-0.639306	-0.770669	-0.897005	-0.99426	-1.04334	-1.04213	-1.00758	-0.944313	-0.843786	-0.70468	-0.527163	-0.340955	-0.161356	-0.0131789	0.0993204	0.168089	0.212792	0.249491	0.266386	0.263429	0.256961	0.262072	0.254926	0.21543	0.147605	0.0603017	-0.023247	-0.0823176	-0.132256	-0.191328	-0.265336	-0.330708	-0.38072	-0.417576	-0.451372	-0.485935	-0.52344	-0.557606	-0.609986	-0.681199	-0.77789	-0.879298	-0.963954	-1.02949	-1.07866	-1.11182	-1.15974	-1.21939	-1.27764	-1.32704	-1.37031	-1.41677	-1.461	-1.48419	-1.46913	-1.41872	-1.32836	-1.17728	-0.980903	-0.7686	-0.554191	-0.352445	-0.177867	-0.0454902	0.0342201	0.0563056	0.0271479	-0.0514064	-0.1708	-0.321346	-0.48016	-0.634739	-0.774172	-0.897558	-1.00436	-1.07678	-1.13237	-1.17508	-1.19413	-1.19624	-1.19573	-1.18326	-1.14535	-1.09661	-1.03208	-0.941037	-0.84033	-0.738621	-0.630653	-0.528796	-0.432653	-0.338626	-0.250992	-0.163858	-0.0817862	0	
0	-0.150741	-0.320838	-0.494276	-0.650733	-0.794665	-0.933344	-1.04334	-1.0997	-1.10474	-1.07627	-1.02385	-0.93998	-0.821376	-0.666755	-0.49711	-0.32942	-0.181584	-0.0649514	0.0156823	0.0735074	0.12766	0.166265	0.1906	0.217211	0.25902	0.285342	0.273507	0.222413	0.148546	0.0748856	0.0261468	-0.0130186	-0.0655474	-0.1351	-0.198705	-0.246453	-0.277937	-0.30612	-0.335681	-0.367866	-0.401408	-0.451737	-0.524206	-0.622697	-0.727784	-0.8191	-0.896906	-0.961216	-1.01384	-1.07885	-1.15002	-1.21365	-1.25686	-1.29073	-1.32627	-1.36325	-1.38336	-1.37298	-1.32943	-1.25122	-1.11769	-0.935516	-0.73309	-0.527516	-0.337344	-0.172214	-0.0476524	0.0258188	0.0462557	0.0223706	-0.0419187	-0.138625	-0.260614	-0.390982	-0.524446	-0.654701	-0.776125	-0.884331	-0.961164	-1.02393	-1.07631	-1.10742	-1.13012	-1.15399	-1.16514	-1.14965	-1.11167	-1.04747	-0.949549	-0.835605	-0.722551	-0.606969	-0.50277	-0.410119	-0.321005	-0.239929	-0.158687	-0.0789845	0	
0	-0.133956	-0.291603	-0.460476	-0.620105	-0.773338	-0.923315	-1.04213	-1.10474	-1.11375	-1.09403	-1.05648	-0.996974	-0.908787	-0.785001	-0.642382	-0.491602	-0.354139	-0.238082	-0.153043	-0.0835117	-0.0122377	0.0511984	0.105179	0.164009	0.235289	0.288278	0.296563	0.265344	0.210752	0.160651	0.13306	0.111589	0.0692322	0.00212802	-0.063205	-0.111418	-0.142284	-0.16452	-0.187766	-0.212649	-0.237172	-0.280625	-0.347185	-0.441463	-0.547327	-0.642773	-0.72644	-0.800604	-0.862648	-0.934288	-1.01164	-1.07644	-1.11808	-1.14739	-1.17969	-1.21509	-1.24018	-1.23751	-1.20879	-1.14984	-1.03653	-0.879218	-0.70318	-0.522801	-0.351513	-0.206119	-0.098658	-0.0366367	-0.0198931	-0.0377865	-0.0845723	-0.148998	-0.230638	-0.319925	-0.415391	-0.512383	-0.611869	-0.712104	-0.790259	-0.859741	-0.925148	-0.973677	-1.01143	-1.04828	-1.06821	-1.05646	-1.02282	-0.962927	-0.872214	-0.767384	-0.658849	-0.547786	-0.446746	-0.356084	-0.275119	-0.204276	-0.134124	-0.0677502	0	
0	-0.108293	-0.245757	-0.403049	-0.562246	-0.721787	-0.880589	-1.00758	-1.07627	-1.09403	-1.08683	-1.07022	-1.03871	-0.982135	-0.891155	-0.774096	-0.645146	-0.521019	-0.413592	-0.32796	-0.249457	-0.160798	-0.0729986	0.00884944	0.0918841	0.183715	0.251938	0.276712	0.26312	0.233624	0.210481	0.210219	0.209906	0.181757	0.121043	0.0555798	0.00341788	-0.0286984	-0.051887	-0.0696295	-0.0844366	-0.0981073	-0.128776	-0.187303	-0.279735	-0.385638	-0.483522	-0.568376	-0.637019	-0.692543	-0.755752	-0.824464	-0.885724	-0.92684	-0.958246	-0.993714	-1.03626	-1.06989	-1.08124	-1.07038	-1.03548	-0.953753	-0.826619	-0.679292	-0.52805	-0.389959	-0.27183	-0.187054	-0.143721	-0.134522	-0.144419	-0.164488	-0.193825	-0.231311	-0.270796	-0.316704	-0.371443	-0.438604	-0.513358	-0.582287	-0.657567	-0.737869	-0.803352	-0.851354	-0.886245	-0.895497	-0.874583	-0.837178	-0.787713	-0.720229	-0.641	-0.558401	-0.465672	-0.374565	-0.292595	-0.217432	-0.155955	-0.100919	-0.0488512	0	
0	-0.0795267	-0.191298	-0.332639	-0.484447	-0.64617	-0.809611	-0.944313	-1.02385	-1.05648	-1.07022	-1.07813	-1.07475	-1.04668	-0.982438	-0.889554	-0.781228	-0.67525	-0.580735	-0.49925	-0.415817	-0.31556	-0.210201	-0.111175	-0.0115704	0.0916283	0.173179	0.212979	0.219155	0.211987	0.215515	0.237919	0.260363	0.249291	0.200853	0.13917	0.0867222	0.0499662	0.0276931	0.012262	0.00472084	-0.00106129	-0.0264294	-0.084629	-0.175776	-0.281732	-0.374557	-0.445894	-0.498147	-0.535087	-0.576996	-0.629104	-0.676564	-0.706569	-0.732047	-0.769414	-0.820894	-0.874888	-0.91388	-0.934653	-0.930333	-0.877241	-0.78063	-0.662998	-0.543061	-0.434957	-0.353153	-0.302433	-0.279262	-0.274268	-0.274195	-0.272707	-0.262685	-0.252313	-0.245204	-0.244379	-0.251928	-0.275443	-0.320257	-0.372831	-0.439903	-0.518999	-0.5848	-0.630174	-0.658098	-0.659088	-0.635076	-0.602779	-0.566117	-0.523335	-0.477127	-0.426049	-0.366896	-0.303215	-0.236421	-0.173717	-0.119363	-0.0711374	-0.0336637	0	
0	-0.0483981	-0.131055	-0.247176	-0.384245	-0.53798	-0.701761	-0.843786	-0.93998	-0.996974	-1.03871	-1.07475	-1.09778	-1.09245	-1.05051	-0.976846	-0.888046	-0.799243	-0.717837	-0.643261	-0.560858	-0.460283	-0.353132	-0.249405	-0.144216	-0.0321133	0.0625978	0.120177	0.145352	0.159428	0.183425	0.228174	0.270621	0.279534	0.246006	0.19193	0.140474	0.105132	0.0823617	0.0700866	0.0636534	0.054564	0.0239575	-0.0400658	-0.134629	-0.235097	-0.315928	-0.370142	-0.398273	-0.410507	-0.425207	-0.447527	-0.465747	-0.47343	-0.483809	-0.517919	-0.583751	-0.665961	-0.743276	-0.805791	-0.840791	-0.824394	-0.756427	-0.664026	-0.571998	-0.498207	-0.446026	-0.418416	-0.413051	-0.41298	-0.402327	-0.373969	-0.335621	-0.292291	-0.244454	-0.198788	-0.163246	-0.148864	-0.154729	-0.17569	-0.216902	-0.272318	-0.320616	-0.352837	-0.373986	-0.378987	-0.367989	-0.353556	-0.340124	-0.323867	-0.306926	-0.291369	-0.268395	-0.237025	-0.197745	-0.149628	-0.102721	-0.0612214	-0.0263236	0	
0	-0.0167312	-0.0651609	-0.149554	-0.260145	-0.398054	-0.555027	-0.70468	-0.821376	-0.908787	-0.982135	-1.04668	-1.09245	-1.10633	-1.08184	-1.02413	-0.950686	-0.874202	-0.804549	-0.738842	-0.667468	-0.582067	-0.488135	-0.392588	-0.285155	-0.164439	-0.0541238	0.0228103	0.0662274	0.0971877	0.139266	0.198763	0.25783	0.281545	0.263087	0.220597	0.180207	0.153055	0.137808	0.124558	0.109589	0.0836744	0.0354427	-0.0433157	-0.140348	-0.23447	-0.302078	-0.335696	-0.34091	-0.327028	-0.307732	-0.291352	-0.271521	-0.245596	-0.235555	-0.268021	-0.350508	-0.465511	-0.586295	-0.692817	-0.764697	-0.782081	-0.74748	-0.685138	-0.620326	-0.568219	-0.535892	-0.52253	-0.517977	-0.510643	-0.492367	-0.457886	-0.404326	-0.336949	-0.263153	-0.184408	-0.109893	-0.0519944	-0.0172151	-0.00124155	-0.0016092	-0.016933	-0.0325303	-0.0471317	-0.0671579	-0.0879722	-0.106952	-0.124551	-0.139518	-0.151177	-0.160815	-0.169803	-0.177394	-0.177349	-0.165342	-0.143414	-0.111944	-0.0745652	-0.0372744	0	
0	0.0179936	0.00793184	-0.0357534	-0.112831	-0.225663	-0.372646	-0.527163	-0.666755	-0.785001	-0.891155	-0.982438	-1.05051	-1.08184	-1.07254	-1.02635	-0.959801	-0.888678	-0.82525	-0.771667	-0.720363	-0.66251	-0.594811	-0.515123	-0.411183	-0.287088	-0.165385	-0.0745806	-0.0149982	0.0325125	0.090247	0.164154	0.233787	0.269764	0.265878	0.238655	0.213263	0.198839	0.188506	0.172651	0.144814	0.100679	0.0341202	-0.0588734	-0.163222	-0.257714	-0.318941	-0.338813	-0.319332	-0.27202	-0.20997	-0.148904	-0.0872865	-0.0362585	-0.0156764	-0.0529095	-0.154255	-0.297588	-0.451045	-0.591176	-0.695341	-0.745325	-0.741141	-0.704901	-0.662918	-0.627446	-0.600327	-0.582936	-0.572569	-0.56005	-0.537474	-0.497673	-0.441816	-0.368848	-0.279723	-0.177945	-0.0771148	0.0102633	0.0834904	0.14198	0.185371	0.212414	0.226306	0.226702	0.208247	0.173547	0.131557	0.0836834	0.0340737	-0.0107975	-0.0512404	-0.0845785	-0.110759	-0.128583	-0.137129	-0.136137	-0.122122	-0.0936853	-0.0506315	0	
0	0.0526226	0.0821913	0.0794437	0.0383831	-0.0494823	-0.182859	-0.340955	-0.49711	-0.642382	-0.774096	-0.889554	-0.976846	-1.02413	-1.02635	-0.984211	-0.91731	-0.843858	-0.785902	-0.747924	-0.723032	-0.699378	-0.661874	-0.602144	-0.507765	-0.387095	-0.264509	-0.164647	-0.0932267	-0.0314474	0.0393803	0.121793	0.198641	0.244505	0.256363	0.246563	0.235699	0.230745	0.223295	0.203794	0.168204	0.110777	0.0301884	-0.0778626	-0.194439	-0.294336	-0.353217	-0.358239	-0.311638	-0.228647	-0.127853	-0.0275616	0.0620799	0.127991	0.150563	0.104834	-0.0128049	-0.174327	-0.348412	-0.508132	-0.625616	-0.693107	-0.708491	-0.689838	-0.659069	-0.62805	-0.599215	-0.577449	-0.561017	-0.544327	-0.523826	-0.489245	-0.436634	-0.362119	-0.271612	-0.165537	-0.0566228	0.0481136	0.148435	0.237698	0.317468	0.378894	0.416138	0.427183	0.410915	0.369672	0.311883	0.244021	0.16993	0.0977303	0.033909	-0.0174801	-0.0581489	-0.0871765	-0.108305	-0.120845	-0.117181	-0.0957598	-0.0537817	0	
0	0.0881854	0.155901	0.191775	0.180871	0.116166	-0.00601054	-0.161356	-0.32942	-0.491602	-0.645146	-0.781228	-0.888046	-0.950686	-0.959801	-0.91731	-0.842923	-0.764039	-0.709329	-0.684713	-0.682982	-0.686819	-0.675729	-0.637522	-0.558833	-0.455448	-0.342619	-0.246648	-0.170814	-0.103025	-0.0253598	0.0637887	0.148381	0.207723	0.236569	0.239633	0.2362	0.232188	0.225114	0.208531	0.173603	0.115249	0.0273532	-0.0933652	-0.220049	-0.325823	-0.381311	-0.370657	-0.299323	-0.18806	-0.0567762	0.0663109	0.171671	0.238253	0.253712	0.196365	0.068296	-0.100949	-0.280491	-0.442068	-0.56055	-0.628618	-0.646704	-0.627118	-0.592717	-0.553104	-0.515004	-0.487797	-0.467514	-0.452177	-0.436193	-0.408324	-0.362508	-0.296932	-0.21939	-0.126763	-0.0292389	0.0725703	0.180125	0.283252	0.378204	0.454435	0.501441	0.518542	0.50973	0.472391	0.415989	0.343597	0.261334	0.181033	0.104728	0.0430435	-0.00784708	-0.0469476	-0.0716906	-0.0860829	-0.0825853	-0.0648016	-0.0366791	0	
0	0.121064	0.222129	0.286739	0.297837	0.2472	0.137413	-0.0131789	-0.181584	-0.354139	-0.521019	-0.67525	-0.799243	-0.874202	-0.888678	-0.843858	-0.764039	-0.681687	-0.628827	-0.612912	-0.622186	-0.641712	-0.648334	-0.628069	-0.569612	-0.487248	-0.394479	-0.310418	-0.24289	-0.179551	-0.103487	-0.0110216	0.081348	0.152227	0.192546	0.202593	0.199406	0.197761	0.196508	0.189235	0.164215	0.107001	0.014261	-0.112725	-0.244854	-0.347479	-0.392422	-0.367754	-0.279253	-0.1502	-0.00910557	0.12352	0.231023	0.291271	0.296895	0.231557	0.0974482	-0.0719679	-0.247975	-0.404107	-0.5075	-0.562349	-0.563832	-0.523949	-0.465203	-0.403698	-0.34704	-0.306488	-0.284001	-0.271923	-0.262432	-0.242991	-0.214575	-0.173748	-0.123247	-0.059271	0.0110376	0.0939081	0.191435	0.284807	0.371991	0.445203	0.49105	0.511078	0.509752	0.480216	0.431576	0.369063	0.297934	0.229248	0.162103	0.101262	0.0484204	0.00839527	-0.0177191	-0.0270922	-0.0215283	-0.0145355	-0.00583056	0	
0	0.148561	0.27387	0.357991	0.379045	0.338727	0.237728	0.0993204	-0.0649514	-0.238082	-0.413592	-0.580735	-0.717837	-0.804549	-0.82525	-0.785902	-0.709329	-0.628827	-0.578193	-0.561036	-0.570457	-0.592445	-0.608222	-0.602353	-0.561127	-0.502601	-0.433301	-0.371343	-0.320328	-0.269302	-0.19754	-0.101818	-0.0044414	0.0730027	0.117835	0.129233	0.128876	0.131403	0.138202	0.141741	0.120314	0.0651739	-0.0277653	-0.153528	-0.275963	-0.364618	-0.395854	-0.356858	-0.258055	-0.125495	0.0177352	0.147271	0.249623	0.299945	0.296425	0.223945	0.0885999	-0.0763408	-0.247111	-0.391897	-0.4792	-0.50714	-0.476683	-0.39827	-0.298357	-0.196858	-0.110661	-0.0571657	-0.0247099	-0.0103016	-0.0088918	-0.00994787	-0.00799784	-0.000383516	0.00732043	0.0301661	0.06497	0.118375	0.188194	0.255859	0.320107	0.378046	0.416752	0.434712	0.438819	0.418637	0.385539	0.342527	0.293459	0.24771	0.195304	0.146564	0.103283	0.0696128	0.0508114	0.0399415	0.0377347	0.0315386	0.0161269	0	
0	0.164502	0.303462	0.394201	0.419923	0.383323	0.294419	0.168089	0.0156823	-0.153043	-0.32796	-0.49925	-0.643261	-0.738842	-0.771667	-0.747924	-0.684713	-0.612912	-0.561036	-0.538485	-0.539113	-0.557138	-0.575999	-0.57819	-0.551101	-0.513298	-0.470519	-0.432975	-0.400708	-0.360518	-0.291985	-0.196124	-0.0987691	-0.0227856	0.0231533	0.0400954	0.0453716	0.0544335	0.0651412	0.066602	0.0434287	-0.0149789	-0.106713	-0.220516	-0.326077	-0.392975	-0.400747	-0.345376	-0.237567	-0.100397	0.0338177	0.152602	0.241914	0.276512	0.258849	0.179259	0.0425543	-0.119221	-0.282084	-0.415703	-0.477038	-0.471317	-0.397043	-0.267516	-0.114855	0.031903	0.153535	0.236232	0.281152	0.295554	0.288119	0.26673	0.231027	0.190624	0.156363	0.138901	0.132807	0.148374	0.182374	0.214578	0.248179	0.285935	0.312125	0.325976	0.334487	0.327751	0.316966	0.299463	0.275022	0.25013	0.213834	0.176853	0.146797	0.12337	0.103066	0.085318	0.0690322	0.0458473	0.0224912	0	
0	0.168297	0.309165	0.401869	0.42865	0.40008	0.322794	0.212792	0.0735074	-0.0835117	-0.249457	-0.415817	-0.560858	-0.667468	-0.720363	-0.723032	-0.682982	-0.622186	-0.570457	-0.539113	-0.529852	-0.538499	-0.553691	-0.556519	-0.537258	-0.516525	-0.496736	-0.480038	-0.461014	-0.42924	-0.368813	-0.281355	-0.196087	-0.126308	-0.0782218	-0.0522413	-0.0369101	-0.0237958	-0.0170633	-0.0206558	-0.0522871	-0.113666	-0.201368	-0.303632	-0.387588	-0.425863	-0.405796	-0.326289	-0.202501	-0.0637652	0.0620896	0.164159	0.232222	0.243147	0.203705	0.107007	-0.0393348	-0.200891	-0.357129	-0.471292	-0.502808	-0.451926	-0.326419	-0.146579	0.0541642	0.245596	0.405074	0.512392	0.577785	0.600907	0.581661	0.530541	0.45988	0.385268	0.315518	0.26477	0.225456	0.202127	0.192876	0.184391	0.181058	0.191406	0.202081	0.209618	0.224477	0.236197	0.252011	0.260638	0.257303	0.251679	0.230243	0.205505	0.18505	0.161412	0.132904	0.101037	0.0719159	0.0430435	0.0174862	0	
0	0.159574	0.2949	0.386033	0.419672	0.402804	0.342886	0.249491	0.12766	-0.0122377	-0.160798	-0.31556	-0.460283	-0.582067	-0.66251	-0.699378	-0.686819	-0.641712	-0.592445	-0.557138	-0.538499	-0.535231	-0.539997	-0.537311	-0.520977	-0.510517	-0.50542	-0.499621	-0.488215	-0.468087	-0.425065	-0.360848	-0.295248	-0.23707	-0.18997	-0.157785	-0.138799	-0.126964	-0.122588	-0.130041	-0.160052	-0.215685	-0.293552	-0.375941	-0.434505	-0.443655	-0.39386	-0.291343	-0.155308	-0.0109621	0.106896	0.1943	0.241726	0.226573	0.156912	0.0332727	-0.130357	-0.298066	-0.446459	-0.540297	-0.535007	-0.438251	-0.266513	-0.0424131	0.199133	0.424775	0.610339	0.740187	0.815787	0.836446	0.809099	0.744503	0.655254	0.560577	0.475325	0.403434	0.333754	0.275731	0.227789	0.179359	0.138925	0.117885	0.107172	0.109152	0.132158	0.163215	0.200853	0.226381	0.238911	0.250011	0.246821	0.237699	0.226042	0.202015	0.164856	0.124148	0.0881585	0.0535797	0.0233945	0	
0	0.135968	0.254491	0.340037	0.381673	0.380589	0.340325	0.266386	0.166265	0.0511984	-0.0729986	-0.210201	-0.353132	-0.488135	-0.594811	-0.661874	-0.675729	-0.648334	-0.608222	-0.575999	-0.553691	-0.539997	-0.535363	-0.527516	-0.512094	-0.50445	-0.501507	-0.497333	-0.491498	-0.487643	-0.472144	-0.437135	-0.397376	-0.358449	-0.323497	-0.299564	-0.286296	-0.276858	-0.271269	-0.270964	-0.2875	-0.325747	-0.379957	-0.434168	-0.461641	-0.439921	-0.363227	-0.242618	-0.0955271	0.0498241	0.159954	0.232705	0.261315	0.224675	0.130809	-0.0139247	-0.192401	-0.366996	-0.512123	-0.58903	-0.55667	-0.420873	-0.205438	0.0556791	0.325331	0.571549	0.769895	0.903306	0.9757	0.989998	0.952965	0.881256	0.791904	0.698474	0.609734	0.523022	0.429043	0.3399	0.262375	0.190833	0.126671	0.0856474	0.0640627	0.0598141	0.0800447	0.113825	0.157267	0.19164	0.219092	0.252419	0.271259	0.277119	0.276828	0.258309	0.222884	0.183584	0.142331	0.0952686	0.0467534	0	
0	0.100867	0.192532	0.267542	0.315047	0.332005	0.313319	0.263429	0.1906	0.105179	0.00884944	-0.111175	-0.249405	-0.392588	-0.515123	-0.602144	-0.637522	-0.628069	-0.602353	-0.57819	-0.556519	-0.537311	-0.527516	-0.517873	-0.503225	-0.491724	-0.48724	-0.484846	-0.490972	-0.509951	-0.522387	-0.51538	-0.501437	-0.486731	-0.475657	-0.469213	-0.46706	-0.462503	-0.454715	-0.444749	-0.443448	-0.453649	-0.473392	-0.487935	-0.476387	-0.419665	-0.316546	-0.17842	-0.0245033	0.11914	0.221024	0.283225	0.3004	0.253689	0.1466	-0.0134455	-0.204628	-0.385136	-0.527423	-0.592539	-0.540013	-0.377414	-0.140315	0.135322	0.418078	0.673536	0.873837	1.0012	1.06129	1.06214	1.01889	0.950209	0.867273	0.778737	0.687985	0.591873	0.486893	0.386496	0.297026	0.213867	0.142197	0.0949788	0.0699262	0.0642304	0.0761312	0.0998082	0.136637	0.174117	0.217143	0.270593	0.308764	0.327731	0.335725	0.325651	0.296871	0.25785	0.208605	0.144945	0.0724969	0	
0	0.0621023	0.12373	0.182142	0.235021	0.268872	0.277495	0.256961	0.217211	0.164009	0.0918841	-0.0115704	-0.144216	-0.285155	-0.411183	-0.507765	-0.558833	-0.569612	-0.561127	-0.551101	-0.537258	-0.520977	-0.512094	-0.503225	-0.484967	-0.467609	-0.458875	-0.462028	-0.481081	-0.518545	-0.551616	-0.569672	-0.582807	-0.602974	-0.623656	-0.642007	-0.654629	-0.657318	-0.648084	-0.63025	-0.606628	-0.586521	-0.568648	-0.541991	-0.489448	-0.397061	-0.262666	-0.103541	0.0613768	0.20957	0.312202	0.371144	0.385322	0.334235	0.214198	0.0383106	-0.163146	-0.349548	-0.488174	-0.543456	-0.483074	-0.315686	-0.0775485	0.19473	0.468296	0.714088	0.90378	1.02318	1.07403	1.06809	1.02221	0.953269	0.872915	0.786072	0.700502	0.609914	0.510432	0.416088	0.333622	0.258952	0.192718	0.150088	0.131034	0.122751	0.12143	0.133046	0.161483	0.196735	0.244376	0.302417	0.343435	0.365262	0.378136	0.373493	0.349073	0.311894	0.257604	0.182725	0.094359	0	
0	0.0278628	0.0587804	0.100105	0.153492	0.207245	0.246213	0.262072	0.25902	0.235289	0.183715	0.0916283	-0.0321133	-0.164439	-0.287088	-0.387095	-0.455448	-0.487248	-0.502601	-0.513298	-0.516525	-0.510517	-0.50445	-0.491724	-0.467609	-0.440647	-0.429689	-0.434581	-0.459722	-0.503661	-0.550011	-0.589035	-0.634096	-0.690323	-0.74703	-0.794102	-0.827518	-0.843878	-0.842876	-0.821118	-0.78264	-0.73607	-0.680304	-0.610528	-0.512829	-0.377971	-0.211363	-0.0301031	0.152292	0.312989	0.429498	0.501469	0.521526	0.468836	0.336648	0.144059	-0.0723635	-0.26312	-0.398516	-0.451	-0.394972	-0.237345	-0.0164662	0.229035	0.478033	0.701806	0.872032	0.971192	1.00533	0.993554	0.950318	0.891447	0.819171	0.739315	0.66174	0.58777	0.515743	0.447317	0.387787	0.333737	0.28716	0.256497	0.241677	0.232002	0.221553	0.222952	0.239947	0.261086	0.288331	0.324212	0.352571	0.368991	0.38197	0.379278	0.352908	0.313443	0.258328	0.183619	0.0961243	0	
0	-0.00354239	-0.00292222	0.0155351	0.0650438	0.133975	0.202834	0.254926	0.285342	0.288278	0.251938	0.173179	0.0625978	-0.0541238	-0.165385	-0.264509	-0.342619	-0.394479	-0.433301	-0.470519	-0.496736	-0.50542	-0.501507	-0.48724	-0.458875	-0.429689	-0.413542	-0.412828	-0.429262	-0.468397	-0.518112	-0.576054	-0.646699	-0.73747	-0.830055	-0.910993	-0.972396	-1.01197	-1.02497	-1.01109	-0.966275	-0.897751	-0.807471	-0.693416	-0.549682	-0.377566	-0.180974	0.0270604	0.233299	0.419391	0.561957	0.646788	0.669558	0.611796	0.467941	0.263196	0.0456356	-0.143715	-0.278611	-0.337953	-0.300094	-0.166285	0.02896	0.252471	0.474399	0.66574	0.798983	0.867765	0.884486	0.868371	0.83225	0.784277	0.727268	0.666659	0.61065	0.559577	0.511058	0.471234	0.446755	0.430092	0.416345	0.40398	0.393387	0.377829	0.357257	0.350662	0.353649	0.349342	0.343599	0.340913	0.335843	0.332723	0.331995	0.322402	0.297161	0.258421	0.208085	0.145285	0.0741733	0	
0	-0.0338284	-0.0647038	-0.0723114	-0.0327446	0.0444007	0.136186	0.21543	0.273507	0.296563	0.276712	0.212979	0.120177	0.0228103	-0.0745806	-0.164647	-0.246648	-0.310418	-0.371343	-0.432975	-0.480038	-0.499621	-0.497333	-0.484846	-0.462028	-0.434581	-0.412828	-0.398869	-0.404025	-0.436352	-0.491344	-0.562691	-0.653507	-0.770903	-0.893124	-1.00369	-1.089	-1.14776	-1.17967	-1.17947	-1.13556	-1.05429	-0.933551	-0.785004	-0.607598	-0.404469	-0.178245	0.0605448	0.301336	0.515967	0.676687	0.767664	0.785023	0.721102	0.57365	0.372029	0.158387	-0.0268514	-0.161483	-0.229568	-0.207774	-0.0945299	0.0806846	0.274662	0.458875	0.609707	0.709419	0.754063	0.755085	0.736255	0.706006	0.671829	0.630703	0.588947	0.557264	0.537481	0.521781	0.511593	0.518448	0.533458	0.546395	0.548275	0.542713	0.526256	0.499438	0.479563	0.459703	0.429552	0.393536	0.358099	0.322373	0.285647	0.255191	0.227759	0.194551	0.159268	0.118796	0.073494	0.0356576	0	
0	-0.0629083	-0.12413	-0.155612	-0.129764	-0.0499571	0.0511649	0.147605	0.222413	0.265344	0.26312	0.219155	0.145352	0.0662274	-0.0149982	-0.0932267	-0.170814	-0.24289	-0.320328	-0.400708	-0.461014	-0.488215	-0.491498	-0.490972	-0.481081	-0.459722	-0.429262	-0.404025	-0.40149	-0.433678	-0.493829	-0.574746	-0.680306	-0.816178	-0.960096	-1.08862	-1.1863	-1.25637	-1.29965	-1.3059	-1.26028	-1.16288	-1.02262	-0.855634	-0.660223	-0.439208	-0.190842	0.0765885	0.344325	0.57736	0.751601	0.842319	0.856211	0.788965	0.643007	0.442549	0.234304	0.0567614	-0.0707774	-0.135386	-0.117939	-0.0170982	0.134104	0.296557	0.442709	0.556433	0.62705	0.654839	0.654101	0.638542	0.609216	0.575938	0.544495	0.524744	0.517619	0.525391	0.541947	0.564327	0.598477	0.629698	0.649614	0.653511	0.649852	0.639693	0.615958	0.585032	0.543907	0.488021	0.427981	0.368893	0.305544	0.242176	0.182101	0.131388	0.0912038	0.0576111	0.0326522	0.0141889	0.00414221	0	
0	-0.0907373	-0.177203	-0.22881	-0.214395	-0.140564	-0.0397517	0.0603017	0.148546	0.210752	0.233624	0.211987	0.159428	0.0971877	0.0325125	-0.0314474	-0.103025	-0.179551	-0.269302	-0.360518	-0.42924	-0.468087	-0.487643	-0.509951	-0.518545	-0.503661	-0.468397	-0.436352	-0.433678	-0.467692	-0.529803	-0.616498	-0.729614	-0.876495	-1.02928	-1.1635	-1.26239	-1.33078	-1.36902	-1.36723	-1.30813	-1.19853	-1.04843	-0.875413	-0.67493	-0.445316	-0.188131	0.0888263	0.362532	0.599057	0.771645	0.860414	0.868935	0.799916	0.65677	0.46326	0.264099	0.097994	-0.0172934	-0.0730756	-0.0505173	0.0428215	0.180192	0.322058	0.439565	0.526247	0.582362	0.606013	0.601868	0.580282	0.548408	0.517647	0.492232	0.482514	0.4907	0.521881	0.559765	0.602049	0.651371	0.686664	0.707363	0.71313	0.714914	0.710339	0.688732	0.65021	0.592172	0.520887	0.444038	0.364574	0.28589	0.209951	0.135755	0.0730637	0.0240236	-0.00779208	-0.0172854	-0.0152182	-0.00657215	0	
0	-0.113521	-0.218246	-0.281601	-0.277186	-0.212732	-0.121778	-0.023247	0.0748856	0.160651	0.210481	0.215515	0.183425	0.139266	0.090247	0.0393803	-0.0253598	-0.103487	-0.19754	-0.291985	-0.368813	-0.425065	-0.472144	-0.522387	-0.551616	-0.550011	-0.518112	-0.491344	-0.493829	-0.529803	-0.593031	-0.677183	-0.789856	-0.931959	-1.07794	-1.20408	-1.28944	-1.33769	-1.35416	-1.33143	-1.26052	-1.14465	-0.990519	-0.816	-0.613887	-0.389286	-0.142803	0.117759	0.375245	0.593752	0.751481	0.823233	0.819186	0.741911	0.602552	0.420797	0.235152	0.0852061	-0.0145864	-0.0578423	-0.0294964	0.0634828	0.196784	0.332256	0.444963	0.532429	0.590664	0.611247	0.601364	0.574154	0.536162	0.503885	0.483922	0.479181	0.487253	0.517641	0.561061	0.60821	0.656699	0.691689	0.713082	0.725492	0.731855	0.726452	0.703123	0.658153	0.599725	0.528657	0.4465	0.362611	0.278169	0.201992	0.129951	0.0649544	0.0141351	-0.0193372	-0.0287422	-0.0233286	-0.0109943	0	
0	-0.126739	-0.24017	-0.307046	-0.310593	-0.256646	-0.178223	-0.0823176	0.0261468	0.13306	0.210219	0.237919	0.228174	0.198763	0.164154	0.121793	0.0637887	-0.0110216	-0.101818	-0.196124	-0.281355	-0.360848	-0.437135	-0.51538	-0.569672	-0.589035	-0.576054	-0.562691	-0.574746	-0.616498	-0.677183	-0.754507	-0.854987	-0.978422	-1.10627	-1.20766	-1.25994	-1.26743	-1.24519	-1.1959	-1.11378	-0.990138	-0.833967	-0.661019	-0.473822	-0.27245	-0.05953	0.169861	0.395285	0.583026	0.705317	0.745665	0.713726	0.620968	0.485776	0.316283	0.145816	0.0131879	-0.0709342	-0.100771	-0.0576164	0.0429683	0.18128	0.328665	0.456604	0.558006	0.630752	0.66218	0.657406	0.626154	0.583676	0.545844	0.51585	0.502286	0.501607	0.524467	0.554258	0.585777	0.620651	0.644053	0.667276	0.687224	0.691147	0.679219	0.653455	0.610491	0.561385	0.507092	0.441714	0.368616	0.293376	0.224095	0.156064	0.101473	0.0615457	0.0281572	0.00846481	-0.0036746	-0.00641111	0	
0	-0.134599	-0.251358	-0.323749	-0.335163	-0.296346	-0.22655	-0.132256	-0.0130186	0.111589	0.209906	0.260363	0.270621	0.25783	0.233787	0.198641	0.148381	0.081348	-0.0044414	-0.0987691	-0.196087	-0.295248	-0.397376	-0.501437	-0.582807	-0.634096	-0.646699	-0.653507	-0.680306	-0.729614	-0.789856	-0.854987	-0.935398	-1.03513	-1.12969	-1.18898	-1.18765	-1.13904	-1.07175	-0.994148	-0.893315	-0.760806	-0.602739	-0.444039	-0.285393	-0.124211	0.0468615	0.230047	0.406816	0.544219	0.61654	0.615953	0.558447	0.454821	0.319798	0.159566	-0.000654597	-0.119967	-0.184335	-0.187003	-0.118464	0.00107163	0.158938	0.328053	0.479768	0.609342	0.706838	0.755166	0.759202	0.730297	0.682078	0.629336	0.58284	0.548276	0.528707	0.532311	0.54016	0.547874	0.557565	0.565777	0.577294	0.591641	0.592825	0.576811	0.556305	0.522979	0.487262	0.450686	0.408998	0.367218	0.31794	0.268723	0.22091	0.181507	0.151759	0.119578	0.084366	0.0472885	0.0188586	0	
0	-0.140653	-0.264533	-0.345678	-0.374306	-0.34937	-0.28856	-0.191328	-0.0655474	0.0692322	0.181757	0.249291	0.279534	0.281545	0.269764	0.244505	0.207723	0.152227	0.0730027	-0.0227856	-0.126308	-0.23707	-0.358449	-0.486731	-0.602974	-0.690323	-0.73747	-0.770903	-0.816178	-0.876495	-0.931959	-0.978422	-1.03513	-1.0976	-1.14635	-1.14677	-1.08456	-0.982503	-0.873247	-0.761517	-0.640274	-0.496757	-0.346464	-0.210402	-0.0879643	0.0313214	0.151178	0.275437	0.38895	0.465099	0.483483	0.447424	0.36754	0.248575	0.111911	-0.0433489	-0.194268	-0.292499	-0.328227	-0.301624	-0.203669	-0.0551048	0.131374	0.335379	0.528193	0.69224	0.813652	0.876396	0.888351	0.860678	0.808123	0.745653	0.680684	0.624336	0.578733	0.547886	0.519576	0.493854	0.477666	0.465567	0.460758	0.460669	0.446691	0.431037	0.424209	0.406648	0.391166	0.377171	0.360956	0.349765	0.334487	0.31892	0.301795	0.28279	0.256728	0.218297	0.174378	0.121125	0.0610009	0	
0	-0.149853	-0.284098	-0.383101	-0.430493	-0.422655	-0.364682	-0.265336	-0.1351	0.00212802	0.121043	0.200853	0.246006	0.263087	0.265878	0.256363	0.236569	0.192546	0.117835	0.0231533	-0.0782218	-0.18997	-0.323497	-0.475657	-0.623656	-0.74703	-0.830055	-0.893124	-0.960096	-1.02928	-1.07794	-1.10627	-1.12969	-1.14635	-1.13368	-1.06973	-0.952416	-0.803248	-0.653062	-0.512429	-0.376139	-0.238919	-0.108832	0.00117717	0.0901369	0.167156	0.23479	0.296994	0.345461	0.365616	0.336911	0.266045	0.159393	0.0226754	-0.124171	-0.275736	-0.408205	-0.482236	-0.491828	-0.434143	-0.304038	-0.123451	0.101899	0.352746	0.588842	0.783602	0.921666	0.994928	1.0151	0.99127	0.936242	0.863929	0.787166	0.713879	0.643022	0.573848	0.501926	0.44253	0.401891	0.367483	0.338013	0.317823	0.293986	0.275171	0.27471	0.275675	0.282656	0.294489	0.307989	0.326194	0.341612	0.358635	0.370842	0.364915	0.336022	0.291358	0.240551	0.176227	0.0938425	0	
0	-0.161006	-0.308333	-0.424211	-0.489302	-0.492387	-0.434676	-0.330708	-0.198705	-0.063205	0.0555798	0.13917	0.19193	0.220597	0.238655	0.246563	0.239633	0.202593	0.129233	0.0400954	-0.0522413	-0.157785	-0.299564	-0.469213	-0.642007	-0.794102	-0.910993	-1.00369	-1.08862	-1.1635	-1.20408	-1.20766	-1.18898	-1.14677	-1.06973	-0.950799	-0.788202	-0.602073	-0.421544	-0.26533	-0.133849	-0.0160525	0.0922798	0.176928	0.234814	0.270029	0.288746	0.297739	0.29851	0.27798	0.213048	0.111761	-0.0220328	-0.182512	-0.343165	-0.491176	-0.611628	-0.667554	-0.653363	-0.569283	-0.409971	-0.188967	0.0784692	0.362872	0.626436	0.842236	0.994037	1.07686	1.10174	1.07995	1.02639	0.955182	0.873708	0.784266	0.690401	0.593973	0.498128	0.415473	0.348259	0.287612	0.232463	0.192458	0.161114	0.14397	0.14844	0.162258	0.1904	0.224761	0.259829	0.301238	0.33736	0.367457	0.389518	0.387735	0.360036	0.31819	0.263376	0.1884	0.0972854	0	
0	-0.176427	-0.337652	-0.466681	-0.542328	-0.55061	-0.490345	-0.38072	-0.246453	-0.111418	0.00341788	0.0867222	0.140474	0.180207	0.213263	0.235699	0.2362	0.199406	0.128876	0.0453716	-0.0369101	-0.138799	-0.286296	-0.46706	-0.654629	-0.827518	-0.972396	-1.089	-1.1863	-1.26239	-1.28944	-1.25994	-1.18765	-1.08456	-0.952416	-0.788202	-0.592324	-0.381168	-0.189956	-0.0413727	0.0718745	0.167544	0.252708	0.313643	0.340509	0.339111	0.322859	0.296894	0.267613	0.220479	0.131847	0.00577875	-0.151008	-0.331692	-0.505987	-0.658661	-0.772517	-0.818851	-0.792626	-0.688405	-0.500468	-0.247919	0.0459876	0.352864	0.633525	0.854649	1.00607	1.09361	1.12573	1.11107	1.05869	0.985191	0.898145	0.802914	0.701664	0.590953	0.483386	0.391306	0.311601	0.230946	0.157786	0.110153	0.0797625	0.067616	0.0763501	0.100692	0.139995	0.181723	0.226699	0.278375	0.318714	0.342256	0.354214	0.347818	0.323204	0.287931	0.233975	0.158194	0.0768158	0	
0	-0.196535	-0.372302	-0.508587	-0.587501	-0.595697	-0.532348	-0.417576	-0.277937	-0.142284	-0.0286984	0.0499662	0.105132	0.153055	0.198839	0.230745	0.232188	0.197761	0.131403	0.0544335	-0.0237958	-0.126964	-0.276858	-0.462503	-0.657318	-0.843878	-1.01197	-1.14776	-1.25637	-1.33078	-1.33769	-1.26743	-1.13904	-0.982503	-0.803248	-0.602073	-0.381168	-0.164421	0.015474	0.144749	0.238507	0.313553	0.376678	0.412019	0.412793	0.387917	0.349195	0.305675	0.260409	0.199346	0.0964125	-0.0453416	-0.219464	-0.412564	-0.598266	-0.753962	-0.864599	-0.910376	-0.881088	-0.768167	-0.567609	-0.296847	0.0103251	0.316613	0.590854	0.80912	0.961527	1.04803	1.07853	1.06329	1.01435	0.945228	0.857163	0.754917	0.647318	0.543263	0.444195	0.354056	0.271226	0.188305	0.120122	0.0775504	0.0584738	0.0549136	0.0658065	0.0968488	0.136095	0.174299	0.217383	0.26284	0.291021	0.2959	0.291783	0.278091	0.25076	0.215238	0.168304	0.110057	0.0520958	0	
0	-0.220811	-0.411466	-0.55307	-0.629595	-0.636387	-0.570514	-0.451372	-0.30612	-0.16452	-0.051887	0.0276931	0.0823617	0.137808	0.188506	0.223295	0.225114	0.196508	0.138202	0.0651412	-0.0170633	-0.122588	-0.271269	-0.454715	-0.648084	-0.842876	-1.02497	-1.17967	-1.29965	-1.36902	-1.35416	-1.24519	-1.07175	-0.873247	-0.653062	-0.421544	-0.189956	0.015474	0.175984	0.287673	0.36911	0.426357	0.469103	0.483542	0.4691	0.426569	0.378196	0.324591	0.273154	0.204636	0.0967207	-0.0557514	-0.235773	-0.433186	-0.623557	-0.780275	-0.890562	-0.93774	-0.909544	-0.797205	-0.598215	-0.331064	-0.036833	0.250799	0.509211	0.71492	0.856099	0.9358	0.959834	0.94347	0.895657	0.826468	0.736999	0.635976	0.539979	0.450203	0.366717	0.292478	0.226383	0.166542	0.119746	0.0930798	0.0879222	0.0932872	0.106094	0.134345	0.168502	0.195741	0.224507	0.254571	0.261329	0.249292	0.238116	0.217323	0.181687	0.143377	0.105124	0.0683397	0.0352834	0	
0	-0.243443	-0.450769	-0.595041	-0.671659	-0.673652	-0.608861	-0.485935	-0.335681	-0.187766	-0.0696295	0.012262	0.0700866	0.124558	0.172651	0.203794	0.208531	0.189235	0.141741	0.066602	-0.0206558	-0.130041	-0.270964	-0.444749	-0.63025	-0.821118	-1.01109	-1.17947	-1.3059	-1.36723	-1.33143	-1.1959	-0.994148	-0.761517	-0.512429	-0.26533	-0.0413727	0.144749	0.287673	0.392663	0.465506	0.513961	0.542783	0.545106	0.516326	0.465764	0.409606	0.355857	0.304262	0.233274	0.122847	-0.032844	-0.216004	-0.414271	-0.602339	-0.759367	-0.867228	-0.916006	-0.893928	-0.79281	-0.607232	-0.360476	-0.095075	0.159945	0.388463	0.569494	0.692877	0.756681	0.773073	0.755186	0.705485	0.635833	0.549316	0.464064	0.389685	0.329385	0.272427	0.220985	0.187028	0.161676	0.150171	0.148617	0.157859	0.170988	0.180547	0.200194	0.222527	0.235509	0.244176	0.246994	0.234945	0.215602	0.198296	0.174385	0.137972	0.103305	0.0775396	0.0525097	0.0271874	0	
0	-0.261014	-0.48205	-0.635353	-0.711285	-0.712969	-0.646177	-0.52344	-0.367866	-0.212649	-0.0844366	0.00472084	0.0636534	0.109589	0.144814	0.168204	0.173603	0.164215	0.120314	0.0434287	-0.0522871	-0.160052	-0.2875	-0.443448	-0.606628	-0.78264	-0.966275	-1.13556	-1.26028	-1.30813	-1.26052	-1.11378	-0.893315	-0.640274	-0.376139	-0.133849	0.0718745	0.238507	0.36911	0.465506	0.534657	0.577492	0.598761	0.588888	0.553291	0.499151	0.445967	0.398327	0.349138	0.279255	0.17001	0.0113441	-0.173109	-0.36647	-0.555086	-0.713825	-0.825088	-0.87911	-0.865085	-0.776462	-0.612083	-0.396465	-0.168113	0.0446514	0.231386	0.38057	0.480524	0.524501	0.526181	0.499791	0.450614	0.387053	0.31843	0.259631	0.218938	0.198162	0.177255	0.165037	0.171282	0.18807	0.209242	0.228943	0.256762	0.274587	0.278677	0.285746	0.290383	0.280905	0.261914	0.2406	0.212961	0.189997	0.169841	0.141456	0.110988	0.0866882	0.0675467	0.0452061	0.0218254	0	
0	-0.267548	-0.500722	-0.663883	-0.746665	-0.746078	-0.681231	-0.557606	-0.401408	-0.237172	-0.0981073	-0.00106129	0.054564	0.0836744	0.100679	0.110777	0.115249	0.107001	0.0651739	-0.0149789	-0.113666	-0.215685	-0.325747	-0.453649	-0.586521	-0.73607	-0.897751	-1.05429	-1.16288	-1.19853	-1.14465	-0.990138	-0.760806	-0.496757	-0.238919	-0.0160525	0.167544	0.313553	0.426357	0.513961	0.577492	0.618728	0.630222	0.610041	0.569951	0.520446	0.475955	0.44045	0.404204	0.342164	0.234198	0.0734002	-0.110185	-0.306416	-0.495156	-0.661193	-0.784505	-0.846717	-0.840848	-0.771008	-0.63499	-0.455548	-0.267959	-0.0943089	0.0530811	0.164857	0.234055	0.256517	0.246452	0.214859	0.166891	0.115531	0.0733125	0.0532384	0.0556384	0.0766255	0.097834	0.127349	0.176415	0.23193	0.281439	0.323272	0.361622	0.386014	0.389426	0.379056	0.365065	0.330762	0.281442	0.238026	0.193953	0.155567	0.122668	0.095232	0.0763315	0.0612981	0.0481686	0.0315567	0.0152563	0	
0	-0.267974	-0.511313	-0.69221	-0.786129	-0.791603	-0.728595	-0.609986	-0.451737	-0.280625	-0.128776	-0.0264294	0.0239575	0.0354427	0.0341202	0.0301884	0.0273532	0.014261	-0.0277653	-0.106713	-0.201368	-0.293552	-0.379957	-0.473392	-0.568648	-0.680304	-0.807471	-0.933551	-1.02262	-1.04843	-0.990519	-0.833967	-0.602739	-0.346464	-0.108832	0.0922798	0.252708	0.376678	0.469103	0.542783	0.598761	0.630222	0.627761	0.598594	0.557335	0.518579	0.490779	0.47871	0.458433	0.402337	0.291572	0.131445	-0.053304	-0.248581	-0.442206	-0.622365	-0.757833	-0.825583	-0.831641	-0.784836	-0.678037	-0.538201	-0.387618	-0.247934	-0.132546	-0.0467604	0.00212007	0.00580011	-0.0177241	-0.0549048	-0.0983025	-0.131011	-0.139429	-0.122208	-0.0891205	-0.0356861	0.0260796	0.101164	0.190474	0.275711	0.347378	0.406595	0.452941	0.478394	0.481415	0.459809	0.421459	0.361473	0.290739	0.229278	0.170574	0.114335	0.0631364	0.0318536	0.0191306	0.00737021	-0.000700399	-0.00331892	-0.00182533	0	
