0.000000000000000000e+00 0.000000000000000000e+00 0.000000000000000000e+00 0.000000000000000000e+00 0.000000000000000000e+00 0.000000000000000000e+00 0.000000000000000000e+00 0.000000000000000000e+00 0.000000000000000000e+00 0.000000000000000000e+00 0.000000000000000000e+00 0.000000000000000000e+00 0.000000000000000000e+00 0.000000000000000000e+00 0.000000000000000000e+00 0.000000000000000000e+00 0.000000000000000000e+00 0.000000000000000000e+00 0.000000000000000000e+00 0.000000000000000000e+00 0.000000000000000000e+00 0.000000000000000000e+00 0.000000000000000000e+00 0.000000000000000000e+00 0.000000000000000000e+00 0.000000000000000000e+00 0.000000000000000000e+00 0.000000000000000000e+00 0.000000000000000000e+00 0.000000000000000000e+00 0.000000000000000000e+00 0.000000000000000000e+00 0.000000000000000000e+00 0.000000000000000000e+00 0.000000000000000000e+00 0.000000000000000000e+00 0.000000000000000000e+00 0.000000000000000000e+00 0.000000000000000000e+00 0.000000000000000000e+00 0.000000000000000000e+00 0.000000000000000000e+00 0.000000000000000000e+00 0.000000000000000000e+00 0.000000000000000000e+00 0.000000000000000000e+00 0.000000000000000000e+00 0.000000000000000000e+00 0.000000000000000000e+00 0.000000000000000000e+00 0.000000000000000000e+00 0.000000000000000000e+00 0.000000000000000000e+00 0.000000000000000000e+00 0.000000000000000000e+00 0.000000000000000000e+00 0.000000000000000000e+00 0.000000000000000000e+00 0.000000000000000000e+00 0.000000000000000000e+00 0.000000000000000000e+00 0.000000000000000000e+00 0.000000000000000000e+00 0.000000000000000000e+00 0.000000000000000000e+00 0.000000000000000000e+00 0.000000000000000000e+00 0.000000000000000000e+00 0.000000000000000000e+00 0.000000000000000000e+00 0.000000000000000000e+00 0.000000000000000000e+00 0.000000000000000000e+00 0.000000000000000000e+00 0.000000000000000000e+00 0.000000000000000000e+00 0.000000000000000000e+00 0.000000000000000000e+00 0.000000000000000000e+00 0.000000000000000000e+00 0.000000000000000000e+00 0.000000000000000000e+00 0.000000000000000000e+00 0.000000000000000000e+00 0.000000000000000000e+00 0.000000000000000000e+00 0.000000000000000000e+00 0.000000000000000000e+00 0.000000000000000000e+00 0.000000000000000000e+00 0.000000000000000000e+00 0.000000000000000000e+00 0.000000000000000000e+00 0.000000000000000000e+00 0.000000000000000000e+00 0.000000000000000000e+00 0.000000000000000000e+00 0.000000000000000000e+00 0.000000000000000000e+00 0.000000000000000000e+00
0.000000000000000000e+00 -2.404090000000000046e-02 -2.623460000000000028e-02 1.232089999999999921e-02 2.453409999999999966e-02 5.590849999999999639e-04 -2.236669999999999978e-02 -3.911060000000000231e-02 -1.629670000000000077e-02 5.561339999999999686e-03 6.356549999999999874e-03 -4.270290000000000370e-03 -4.426770000000000010e-02 -8.691100000000000214e-02 -1.183950000000000002e-01 -1.158689999999999998e-01 -1.007969999999999977e-01 -5.886700000000000266e-02 2.103349999999999925e-03 7.609440000000000648e-02 1.362549999999999872e-01 1.849220000000000030e-01 2.305989999999999984e-01 2.551379999999999759e-01 2.454900000000000138e-01 2.132100000000000106e-01 1.662629999999999941e-01 1.221789999999999959e-01 5.869030000000000080e-02 -1.219390000000000057e-02 -8.952920000000000322e-02 -1.433969999999999967e-01 -1.658580000000000054e-01 -1.574099999999999944e-01 -1.255650000000000099e-01 -9.315700000000000369e-02 -5.733640000000000264e-02 -3.755359999999999948e-02 -1.832160000000000039e-02 -1.137550000000000019e-02 -3.518729999999999861e-03 -1.174539999999999959e-03 4.273919999999999629e-03 4.037490000000000349e-03 1.045010000000000036e-02 8.769890000000000671e-03 1.184419999999999917e-02 9.926269999999999191e-03 6.980029999999999915e-03 3.959410000000000013e-03 -3.522149999999999934e-03 -3.871780000000000122e-04 -4.253589999999999802e-03 4.509589999999999953e-03 9.929600000000000232e-03 1.562440000000000009e-02 1.820839999999999959e-02 -2.893199999999999852e-03 -7.260380000000000306e-03 4.915669999999999588e-03 1.716610000000000011e-02 2.306149999999999867e-02 5.624800000000000112e-03 -7.655969999999999789e-03 3.679739999999999921e-03 2.327560000000000046e-02 3.687429999999999874e-02 2.617179999999999854e-02 -1.646200000000000007e-03 -1.136260000000000048e-02 3.623959999999999855e-03 3.441419999999999896e-02 7.986340000000000106e-02 1.197089999999999960e-01 1.306120000000000059e-01 1.170250000000000040e-01 8.490480000000000249e-02 2.737240000000000159e-02 -4.662340000000000234e-02 -1.138710000000000000e-01 -1.682400000000000007e-01 -2.166420000000000012e-01 -2.518000000000000238e-01 -2.566530000000000200e-01 -2.301469999999999905e-01 -1.885469999999999924e-01 -1.428609999999999880e-01 -8.854320000000000246e-02 -1.916630000000000070e-02 5.793709999999999832e-02 1.232240000000000002e-01 1.591069999999999984e-01 1.610330000000000095e-01 1.374779999999999891e-01 1.024660000000000015e-01 6.800180000000000113e-02 4.057460000000000233e-02 2.152029999999999915e-02 9.033670000000000588e-03 0.000000000000000000e+00
0.000000000000000000e+00 -2.623460000000000028e-02 -1.527270000000000016e-02 1.241079999999999961e-02 6.804039999999999914e-03 -1.970130000000000145e-02 -3.756330000000000086e-02 -4.203280000000000211e-02 -1.398710000000000057e-02 1.670309999999999850e-02 9.581130000000000202e-03 -3.215280000000000221e-02 -1.030540000000000067e-01 -1.875620000000000065e-01 -2.406840000000000090e-01 -2.370899999999999952e-01 -1.948999999999999899e-01 -1.103800000000000059e-01 1.828619999999999898e-02 1.626289999999999958e-01 2.829450000000000021e-01 3.867499999999999827e-01 4.711719999999999797e-01 5.175110000000000543e-01 4.991909999999999958e-01 4.333139999999999770e-01 3.456370000000000275e-01 2.487669999999999881e-01 1.267820000000000058e-01 -1.790889999999999843e-02 -1.635000000000000064e-01 -2.692880000000000273e-01 -3.117670000000000163e-01 -2.940929999999999933e-01 -2.352789999999999881e-01 -1.666789999999999938e-01 -1.020339999999999997e-01 -5.618200000000000277e-02 -2.445440000000000114e-02 -7.117809999999999589e-03 2.137720000000000072e-03 6.390769999999999611e-03 7.631739999999999705e-03 7.137039999999999877e-03 7.219249999999999973e-03 4.949979999999999658e-03 4.943849999999999634e-03 5.158610000000000105e-03 3.608380000000000008e-03 8.049100000000000005e-03 9.186150000000000565e-03 1.047170000000000045e-02 1.317420000000000049e-02 1.606799999999999895e-02 1.184469999999999967e-02 1.040109999999999993e-02 1.218029999999999981e-02 8.000880000000000145e-03 7.011769999999999635e-03 1.334109999999999983e-02 3.070830000000000087e-02 3.206710000000000116e-02 5.187259999999999961e-03 -1.942879999999999911e-03 1.987159999999999968e-02 4.411629999999999718e-02 5.891450000000000159e-02 4.195320000000000299e-02 3.228490000000000092e-03 -9.059710000000000332e-03 1.807090000000000085e-02 7.644460000000000144e-02 1.597770000000000024e-01 2.303709999999999924e-01 2.500890000000000057e-01 2.234339999999999937e-01 1.579659999999999953e-01 4.550110000000000265e-02 -9.593659999999999688e-02 -2.272339999999999915e-01 -3.362069999999999781e-01 -4.305269999999999930e-01 -4.958500000000000130e-01 -5.038859999999999451e-01 -4.536549999999999749e-01 -3.729439999999999977e-01 -2.808539999999999925e-01 -1.707200000000000106e-01 -3.330419999999999908e-02 1.164550000000000030e-01 2.422509999999999941e-01 3.115879999999999761e-01 3.159109999999999974e-01 2.709739999999999926e-01 2.032879999999999965e-01 1.359519999999999895e-01 8.178979999999999584e-02 4.372820000000000179e-02 1.847069999999999962e-02 0.000000000000000000e+00
0.000000000000000000e+00 1.232089999999999921e-02 1.241079999999999961e-02 -6.371950000000000357e-03 -2.690930000000000058e-02 -3.683609999999999662e-02 -4.583550000000000124e-02 -4.185149999999999981e-02 -1.469260000000000010e-02 1.146830000000000072e-02 -4.884209999999999940e-03 -6.894480000000000053e-02 -1.629089999999999983e-01 -2.707890000000000019e-01 -3.354329999999999812e-01 -3.344820000000000015e-01 -2.684309999999999752e-01 -1.428109999999999935e-01 4.174320000000000114e-02 2.412499999999999922e-01 4.210849999999999871e-01 5.746139999999999581e-01 6.934259999999999868e-01 7.526960000000000317e-01 7.284559999999999924e-01 6.348549999999999471e-01 5.098519999999999719e-01 3.578799999999999759e-01 1.779489999999999961e-01 -3.542449999999999766e-02 -2.395269999999999899e-01 -3.900719999999999743e-01 -4.513289999999999802e-01 -4.266989999999999950e-01 -3.475249999999999728e-01 -2.460759999999999892e-01 -1.570350000000000079e-01 -8.544680000000000331e-02 -4.197719999999999924e-02 -1.335639999999999918e-02 -1.302720000000000050e-03 6.236890000000000142e-03 6.361229999999999836e-03 7.914900000000000754e-03 5.433300000000000282e-03 6.455390000000000086e-03 5.844410000000000403e-03 8.971990000000000867e-03 1.179370000000000071e-02 1.557380000000000049e-02 2.229770000000000016e-02 2.110799999999999829e-02 2.092770000000000047e-02 1.686419999999999933e-02 9.601820000000000493e-03 3.860109999999999930e-03 1.151469999999999924e-02 3.001639999999999864e-02 3.393779999999999714e-02 2.513119999999999937e-02 1.976369999999999863e-02 2.016209999999999877e-02 2.366949999999999957e-02 2.863109999999999961e-02 3.753970000000000223e-02 5.405170000000000113e-02 6.448579999999999590e-02 4.778210000000000096e-02 1.821149999999999852e-02 1.419890000000000041e-02 5.272749999999999659e-02 1.325639999999999874e-01 2.378300000000000136e-01 3.234210000000000140e-01 3.485650000000000137e-01 3.090749999999999886e-01 2.086570000000000091e-01 4.676460000000000339e-02 -1.506959999999999966e-01 -3.402530000000000276e-01 -5.029970000000000274e-01 -6.379059999999999730e-01 -7.247860000000000413e-01 -7.334960000000000369e-01 -6.643130000000000424e-01 -5.485079999999999956e-01 -4.087859999999999827e-01 -2.407539999999999958e-01 -3.841939999999999938e-02 1.755029999999999923e-01 3.529880000000000240e-01 4.513769999999999727e-01 4.590529999999999888e-01 3.968409999999999993e-01 3.009040000000000048e-01 2.037390000000000034e-01 1.241909999999999958e-01 6.723740000000000272e-02 2.867760000000000101e-02 0.000000000000000000e+00
0.000000000000000000e+00 2.453409999999999966e-02 6.804039999999999914e-03 -2.690930000000000058e-02 -3.786520000000000163e-02 -3.174040000000000195e-02 -3.697249999999999842e-02 -3.795239999999999725e-02 -3.139870000000000161e-02 -3.342790000000000344e-02 -5.660069999999999685e-02 -1.250350000000000072e-01 -2.245449999999999946e-01 -3.268240000000000034e-01 -3.911040000000000072e-01 -3.889960000000000084e-01 -3.045340000000000269e-01 -1.402059999999999973e-01 7.933479999999999699e-02 3.217439999999999745e-01 5.531099999999999905e-01 7.486040000000000472e-01 8.921000000000000041e-01 9.556120000000000170e-01 9.253630000000000466e-01 8.132549999999999502e-01 6.486189999999999456e-01 4.446599999999999997e-01 2.030820000000000125e-01 -6.624869999999999370e-02 -3.193360000000000087e-01 -5.034990000000000299e-01 -5.811039999999999539e-01 -5.549539999999999473e-01 -4.588470000000000049e-01 -3.344779999999999975e-01 -2.197220000000000006e-01 -1.280100000000000127e-01 -6.798429999999999751e-02 -2.925000000000000169e-02 -8.647389999999999591e-03 2.702879999999999953e-03 9.913389999999999355e-03 1.318659999999999971e-02 1.610639999999999988e-02 1.999149999999999885e-02 1.928819999999999840e-02 2.159420000000000089e-02 2.217229999999999895e-02 1.785439999999999944e-02 1.758099999999999941e-02 1.821520000000000084e-02 1.501629999999999979e-02 1.692250000000000004e-02 2.600620000000000015e-02 2.186480000000000021e-02 2.244929999999999842e-02 3.447540000000000326e-02 3.922760000000000136e-02 3.347529999999999950e-02 1.694290000000000032e-02 2.011179999999999912e-02 4.699559999999999849e-02 5.763950000000000323e-02 5.667189999999999728e-02 5.944470000000000309e-02 5.553700000000000303e-02 4.870560000000000167e-02 4.760999999999999954e-02 6.147029999999999855e-02 1.119290000000000007e-01 2.035649999999999959e-01 3.097949999999999871e-01 3.928960000000000230e-01 4.182170000000000054e-01 3.643000000000000127e-01 2.289329999999999976e-01 2.635869999999999880e-02 -2.137340000000000073e-01 -4.539239999999999942e-01 -6.664679999999999493e-01 -8.335700000000000331e-01 -9.321380000000000221e-01 -9.393329999999999735e-01 -8.565120000000000511e-01 -7.096729999999999983e-01 -5.211040000000000116e-01 -2.940880000000000161e-01 -3.239220000000000294e-02 2.339630000000000043e-01 4.515979999999999994e-01 5.734650000000000025e-01 5.859419999999999629e-01 5.120500000000000052e-01 3.939099999999999824e-01 2.711450000000000249e-01 1.681499999999999939e-01 9.252390000000000614e-02 3.995169999999999971e-02 0.000000000000000000e+00
0.000000000000000000e+00 5.590849999999999639e-04 -1.970130000000000145e-02 -3.683609999999999662e-02 -3.174040000000000195e-02 -2.708479999999999915e-02 -2.641699999999999951e-02 -2.586729999999999932e-02 -5.407250000000000251e-02 -9.128479999999999928e-02 -1.312840000000000118e-01 -2.023089999999999888e-01 -2.924570000000000225e-01 -3.759660000000000224e-01 -4.249669999999999837e-01 -4.137009999999999854e-01 -3.028600000000000181e-01 -1.075220000000000065e-01 1.402239999999999875e-01 4.169109999999999761e-01 6.920020000000000060e-01 9.217710000000000070e-01 1.077909999999999924e+00 1.139990000000000059e+00 1.105050000000000088e+00 9.770769999999999733e-01 7.747760000000000202e-01 5.166990000000000194e-01 2.183849999999999958e-01 -9.700699999999999601e-02 -3.839270000000000183e-01 -5.918520000000000447e-01 -6.821469999999999478e-01 -6.583459999999999868e-01 -5.517589999999999995e-01 -4.098019999999999996e-01 -2.733410000000000006e-01 -1.622709999999999986e-01 -8.599360000000000337e-02 -3.762290000000000079e-02 -8.854890000000000677e-03 4.634209999999999718e-03 1.468810000000000081e-02 1.904279999999999862e-02 2.100180000000000102e-02 2.609240000000000170e-02 2.480049999999999963e-02 2.530519999999999992e-02 2.592550000000000063e-02 2.159710000000000102e-02 1.819729999999999959e-02 1.923609999999999903e-02 1.880160000000000164e-02 1.899259999999999837e-02 3.515229999999999744e-02 4.577729999999999994e-02 3.811309999999999698e-02 3.152920000000000028e-02 3.276319999999999927e-02 3.376819999999999822e-02 3.070710000000000106e-02 4.190669999999999812e-02 6.494560000000000610e-02 7.574530000000000152e-02 7.348689999999999389e-02 5.768140000000000073e-02 4.286580000000000251e-02 5.977040000000000131e-02 9.463050000000000628e-02 1.307300000000000129e-01 1.928110000000000102e-01 2.827370000000000161e-01 3.703830000000000178e-01 4.364419999999999966e-01 4.530139999999999723e-01 3.806550000000000211e-01 2.143339999999999967e-01 -1.753870000000000082e-02 -2.879099999999999993e-01 -5.694059999999999677e-01 -8.227799999999999558e-01 -1.011220000000000008e+00 -1.112940000000000040e+00 -1.117450000000000054e+00 -1.025060000000000082e+00 -8.499959999999999738e-01 -6.123349999999999627e-01 -3.280290000000000150e-01 -1.545559999999999989e-02 2.895480000000000276e-01 5.347370000000000179e-01 6.742810000000000192e-01 6.934519999999999573e-01 6.143729999999999469e-01 4.811059999999999781e-01 3.378160000000000052e-01 2.138039999999999941e-01 1.198789999999999994e-01 5.249600000000000100e-02 0.000000000000000000e+00
0.000000000000000000e+00 -2.236669999999999978e-02 -3.756330000000000086e-02 -4.583550000000000124e-02 -3.697249999999999842e-02 -2.641699999999999951e-02 -1.399749999999999953e-02 -2.245269999999999905e-02 -8.169389999999999985e-02 -1.517000000000000015e-01 -2.190580000000000027e-01 -2.914430000000000076e-01 -3.653100000000000236e-01 -4.135510000000000019e-01 -4.358239999999999892e-01 -4.009900000000000131e-01 -2.601249999999999951e-01 -4.459140000000000326e-02 2.250780000000000003e-01 5.269239999999999480e-01 8.338670000000000249e-01 1.083280000000000021e+00 1.243929999999999980e+00 1.299979999999999913e+00 1.262839999999999963e+00 1.117380000000000040e+00 8.807829999999999826e-01 5.691549999999999665e-01 2.234629999999999950e-01 -1.256780000000000119e-01 -4.330720000000000125e-01 -6.533870000000000511e-01 -7.569479999999999542e-01 -7.364720000000000155e-01 -6.297570000000000112e-01 -4.742239999999999789e-01 -3.213699999999999890e-01 -1.926180000000000114e-01 -9.905780000000000141e-02 -4.144529999999999742e-02 -5.010060000000000208e-03 1.230479999999999942e-02 1.911639999999999867e-02 2.496280000000000027e-02 2.181289999999999965e-02 2.136040000000000161e-02 2.284529999999999894e-02 1.761089999999999878e-02 2.157840000000000105e-02 2.551700000000000149e-02 2.559979999999999895e-02 3.173190000000000038e-02 4.097100000000000047e-02 3.642050000000000148e-02 3.352959999999999968e-02 4.489730000000000110e-02 4.420509999999999717e-02 3.335760000000000114e-02 3.308699999999999836e-02 4.387739999999999696e-02 5.414940000000000031e-02 6.408990000000000520e-02 8.000140000000000029e-02 8.786109999999999753e-02 7.408080000000000220e-02 5.083150000000000168e-02 5.092200000000000198e-02 9.354329999999999590e-02 1.554609999999999881e-01 2.166269999999999862e-01 2.865800000000000014e-01 3.584359999999999769e-01 4.147609999999999908e-01 4.532689999999999775e-01 4.480669999999999931e-01 3.530289999999999817e-01 1.646309999999999996e-01 -8.483469999999999900e-02 -3.757400000000000184e-01 -6.866069999999999673e-01 -9.664150000000000240e-01 -1.164649999999999963e+00 -1.264159999999999950e+00 -1.265479999999999938e+00 -1.164800000000000058e+00 -9.626890000000000169e-01 -6.779760000000000231e-01 -3.422729999999999939e-01 9.803889999999999133e-03 3.390759999999999885e-01 5.998409999999999576e-01 7.518930000000000335e-01 7.799760000000000026e-01 7.024620000000000308e-01 5.615280000000000271e-01 4.032499999999999973e-01 2.610390000000000210e-01 1.493839999999999890e-01 6.640490000000000281e-02 0.000000000000000000e+00
0.000000000000000000e+00 -3.911060000000000231e-02 -4.203280000000000211e-02 -4.185149999999999981e-02 -3.795239999999999725e-02 -2.586729999999999932e-02 -2.245269999999999905e-02 -5.700940000000000174e-02 -1.345949999999999924e-01 -2.247560000000000113e-01 -3.058899999999999952e-01 -3.682880000000000043e-01 -4.064670000000000227e-01 -4.145039999999999836e-01 -4.085150000000000170e-01 -3.380199999999999871e-01 -1.834399999999999920e-01 3.946659999999999752e-02 3.189440000000000053e-01 6.369059999999999722e-01 9.532669999999999755e-01 1.212210000000000010e+00 1.367320000000000091e+00 1.423070000000000057e+00 1.378900000000000015e+00 1.219810000000000061e+00 9.484320000000000528e-01 5.955799999999999983e-01 2.121679999999999955e-01 -1.538289999999999935e-01 -4.708709999999999840e-01 -6.954820000000000446e-01 -8.106459999999999777e-01 -8.011690000000000200e-01 -6.988250000000000295e-01 -5.425879999999999592e-01 -3.755029999999999757e-01 -2.357950000000000046e-01 -1.264639999999999931e-01 -5.809419999999999862e-02 -1.643630000000000091e-02 8.701230000000000769e-03 1.609340000000000076e-02 2.330130000000000048e-02 2.555599999999999886e-02 2.146489999999999856e-02 2.713120000000000115e-02 2.512839999999999865e-02 2.471500000000000086e-02 3.389749999999999708e-02 3.669170000000000070e-02 3.780159999999999770e-02 5.034659999999999830e-02 5.387949999999999684e-02 4.252079999999999749e-02 3.716989999999999877e-02 3.821770000000000028e-02 3.990439999999999959e-02 4.425060000000000104e-02 6.447200000000000153e-02 8.623459999999999459e-02 8.528109999999999857e-02 8.124649999999999928e-02 7.910889999999999589e-02 6.749629999999999519e-02 6.638700000000000156e-02 9.183589999999999809e-02 1.462819999999999954e-01 2.273119999999999863e-01 3.122980000000000200e-01 3.778440000000000132e-01 4.187560000000000171e-01 4.395660000000000123e-01 4.411019999999999941e-01 4.002029999999999754e-01 2.819929999999999937e-01 8.299170000000000158e-02 -1.749769999999999937e-01 -4.782029999999999892e-01 -8.027480000000000171e-01 -1.091059999999999919e+00 -1.289260000000000073e+00 -1.384509999999999907e+00 -1.381529999999999925e+00 -1.270469999999999988e+00 -1.041709999999999914e+00 -7.156050000000000466e-01 -3.391299999999999870e-01 3.894500000000000045e-02 3.790390000000000148e-01 6.453989999999999450e-01 8.060279999999999667e-01 8.453659999999999508e-01 7.758119999999999461e-01 6.344560000000000199e-01 4.668280000000000207e-01 3.094959999999999933e-01 1.809109999999999885e-01 8.166009999999999935e-02 0.000000000000000000e+00
0.000000000000000000e+00 -1.629670000000000077e-02 -1.398710000000000057e-02 -1.469260000000000010e-02 -3.139870000000000161e-02 -5.407250000000000251e-02 -8.169389999999999985e-02 -1.345949999999999924e-01 -2.100160000000000082e-01 -2.993120000000000225e-01 -3.759520000000000084e-01 -4.091659999999999742e-01 -4.063930000000000042e-01 -3.853210000000000246e-01 -3.367939999999999823e-01 -2.312240000000000129e-01 -7.762610000000000343e-02 1.457050000000000012e-01 4.282799999999999940e-01 7.432140000000000413e-01 1.053020000000000067e+00 1.305150000000000032e+00 1.452679999999999971e+00 1.509519999999999973e+00 1.451689999999999925e+00 1.279160000000000075e+00 9.768470000000000208e-01 5.958480000000000443e-01 1.917359999999999898e-01 -1.810440000000000105e-01 -4.933919999999999972e-01 -7.225260000000000016e-01 -8.433300000000000241e-01 -8.536850000000000271e-01 -7.590949999999999642e-01 -6.095749999999999780e-01 -4.354009999999999825e-01 -2.834860000000000158e-01 -1.646799999999999931e-01 -8.164649999999999685e-02 -3.525230000000000030e-02 -3.987039999999999855e-03 1.042249999999999947e-02 1.706749999999999934e-02 2.799710000000000046e-02 2.952060000000000101e-02 3.612780000000000158e-02 4.500660000000000077e-02 4.561869999999999814e-02 4.796860000000000013e-02 5.493859999999999716e-02 4.590020000000000211e-02 4.017840000000000300e-02 4.427659999999999929e-02 3.978740000000000054e-02 3.957320000000000282e-02 4.763860000000000317e-02 6.235330000000000039e-02 7.538219999999999643e-02 8.685350000000000015e-02 9.802750000000000352e-02 8.865290000000000670e-02 7.167869999999999797e-02 6.979209999999999581e-02 8.181499999999999884e-02 1.109630000000000061e-01 1.540449999999999875e-01 2.172900000000000109e-01 3.121039999999999925e-01 4.025989999999999847e-01 4.481289999999999996e-01 4.564900000000000069e-01 4.409339999999999926e-01 3.952249999999999930e-01 3.106010000000000160e-01 1.739819999999999978e-01 -2.648009999999999947e-02 -2.872120000000000228e-01 -5.928200000000000136e-01 -9.120390000000000441e-01 -1.191330000000000000e+00 -1.383019999999999916e+00 -1.473500000000000032e+00 -1.463070000000000093e+00 -1.337120000000000086e+00 -1.083210000000000006e+00 -7.258120000000000127e-01 -3.232599999999999918e-01 6.657319999999999904e-02 4.063149999999999817e-01 6.711369999999999836e-01 8.378889999999999949e-01 8.907000000000000473e-01 8.346409999999999663e-01 6.994029999999999969e-01 5.278410000000000046e-01 3.586099999999999843e-01 2.141409999999999980e-01 9.813739999999999963e-02 0.000000000000000000e+00
0.000000000000000000e+00 5.561339999999999686e-03 1.670309999999999850e-02 1.146830000000000072e-02 -3.342790000000000344e-02 -9.128479999999999928e-02 -1.517000000000000015e-01 -2.247560000000000113e-01 -2.993120000000000225e-01 -3.815600000000000103e-01 -4.358420000000000072e-01 -4.349919999999999898e-01 -3.963639999999999941e-01 -3.276910000000000101e-01 -2.179079999999999906e-01 -8.309419999999999307e-02 7.314750000000000418e-02 2.985539999999999861e-01 5.704700000000000326e-01 8.651689999999999658e-01 1.150209999999999955e+00 1.377189999999999914e+00 1.519600000000000062e+00 1.563530000000000086e+00 1.488339999999999996e+00 1.294790000000000108e+00 9.700760000000000494e-01 5.750450000000000284e-01 1.652569999999999872e-01 -2.036020000000000052e-01 -5.056730000000000391e-01 -7.352969999999999784e-01 -8.628620000000000179e-01 -8.920900000000000496e-01 -8.119060000000000166e-01 -6.687119999999999731e-01 -4.917839999999999989e-01 -3.260399999999999965e-01 -1.931070000000000009e-01 -9.609520000000000561e-02 -3.465759999999999674e-02 -7.558759999999999438e-05 2.552909999999999902e-02 3.111459999999999920e-02 4.277659999999999796e-02 4.587850000000000261e-02 4.663570000000000215e-02 5.105729999999999991e-02 5.243910000000000238e-02 4.658919999999999728e-02 4.783250000000000002e-02 4.729970000000000008e-02 3.739010000000000250e-02 4.249409999999999993e-02 4.815789999999999654e-02 5.855559999999999932e-02 7.672940000000000316e-02 8.936629999999999574e-02 9.465369999999999340e-02 9.266710000000000225e-02 9.158990000000000187e-02 8.236390000000000378e-02 7.052769999999999873e-02 8.458880000000000565e-02 1.232810000000000017e-01 1.742569999999999952e-01 2.342960000000000043e-01 3.081599999999999895e-01 3.970719999999999805e-01 4.675159999999999871e-01 4.883040000000000158e-01 4.678140000000000076e-01 4.106199999999999850e-01 3.120910000000000073e-01 1.870080000000000076e-01 3.797160000000000118e-02 -1.607339999999999880e-01 -4.186630000000000074e-01 -7.123819999999999597e-01 -1.007279999999999953e+00 -1.264580000000000037e+00 -1.446090000000000098e+00 -1.530000000000000027e+00 -1.506569999999999965e+00 -1.361310000000000020e+00 -1.086950000000000083e+00 -7.125259999999999927e-01 -3.008750000000000036e-01 8.743430000000000646e-02 4.188029999999999808e-01 6.780260000000000176e-01 8.498310000000000031e-01 9.179519999999999902e-01 8.797279999999999545e-01 7.561050000000000271e-01 5.855580000000000229e-01 4.076690000000000036e-01 2.486039999999999917e-01 1.156220000000000026e-01 0.000000000000000000e+00
0.000000000000000000e+00 6.356549999999999874e-03 9.581130000000000202e-03 -4.884209999999999940e-03 -5.660069999999999685e-02 -1.312840000000000118e-01 -2.190580000000000027e-01 -3.058899999999999952e-01 -3.759520000000000084e-01 -4.358420000000000072e-01 -4.645440000000000125e-01 -4.404440000000000022e-01 -3.619310000000000027e-01 -2.387680000000000080e-01 -7.949589999999999435e-02 7.459960000000000202e-02 2.450239999999999918e-01 4.657049999999999801e-01 7.167099999999999582e-01 9.809459999999999846e-01 1.226650000000000018e+00 1.429890000000000105e+00 1.563870000000000093e+00 1.587110000000000021e+00 1.494850000000000012e+00 1.278429999999999955e+00 9.484949999999999770e-01 5.558750000000000080e-01 1.549220000000000041e-01 -1.990949999999999942e-01 -4.920649999999999746e-01 -7.161459999999999493e-01 -8.565460000000000296e-01 -9.012799999999999701e-01 -8.439539999999999820e-01 -7.090689999999999493e-01 -5.355969999999999898e-01 -3.605510000000000104e-01 -2.146550000000000125e-01 -1.074790000000000051e-01 -3.279460000000000014e-02 6.130710000000000152e-03 3.501689999999999664e-02 4.492249999999999716e-02 4.933699999999999891e-02 5.387539999999999690e-02 4.829920000000000047e-02 4.633980000000000044e-02 4.380350000000000216e-02 4.120050000000000101e-02 3.891250000000000264e-02 4.717860000000000109e-02 5.245049999999999712e-02 6.384850000000000247e-02 7.718969999999999998e-02 8.518570000000000308e-02 9.593659999999999688e-02 1.016259999999999941e-01 9.650350000000000594e-02 8.275920000000000498e-02 8.107979999999999354e-02 8.956799999999999484e-02 9.643930000000000557e-02 1.252749999999999975e-01 1.835910000000000042e-01 2.569989999999999775e-01 3.339409999999999878e-01 4.014869999999999828e-01 4.587100000000000066e-01 4.986869999999999914e-01 4.976809999999999845e-01 4.445020000000000082e-01 3.397620000000000084e-01 1.954349999999999976e-01 4.078470000000000012e-02 -1.192519999999999969e-01 -3.164239999999999831e-01 -5.614959999999999951e-01 -8.262140000000000040e-01 -1.082840000000000025e+00 -1.311220000000000052e+00 -1.479020000000000001e+00 -1.551260000000000083e+00 -1.508539999999999992e+00 -1.342750000000000110e+00 -1.057010000000000005e+00 -6.824909999999999588e-01 -2.785630000000000051e-01 9.742570000000000396e-02 4.158209999999999962e-01 6.681179999999999897e-01 8.449459999999999749e-01 9.296299999999999564e-01 9.122329999999999606e-01 8.045020000000000504e-01 6.392809999999999881e-01 4.558849999999999847e-01 2.837230000000000030e-01 1.338290000000000035e-01 0.000000000000000000e+00
0.000000000000000000e+00 -4.270290000000000370e-03 -3.215280000000000221e-02 -6.894480000000000053e-02 -1.250350000000000072e-01 -2.023089999999999888e-01 -2.914430000000000076e-01 -3.682880000000000043e-01 -4.091659999999999742e-01 -4.349919999999999898e-01 -4.404440000000000022e-01 -3.893150000000000222e-01 -2.772990000000000177e-01 -1.182310000000000028e-01 6.146100000000000174e-02 2.323250000000000037e-01 4.152839999999999865e-01 6.186380000000000212e-01 8.407520000000000548e-01 1.062110000000000110e+00 1.270189999999999930e+00 1.451829999999999954e+00 1.569819999999999993e+00 1.571960000000000024e+00 1.463209999999999900e+00 1.233109999999999928e+00 9.179969999999999519e-01 5.416870000000000296e-01 1.655840000000000090e-01 -1.712559999999999916e-01 -4.538110000000000199e-01 -6.731909999999999838e-01 -8.289630000000000054e-01 -8.892010000000000192e-01 -8.602079999999999727e-01 -7.376709999999999656e-01 -5.742300000000000182e-01 -3.950620000000000243e-01 -2.423349999999999949e-01 -1.263110000000000066e-01 -4.746109999999999912e-02 -1.070580000000000013e-03 2.265429999999999874e-02 3.813919999999999810e-02 3.894559999999999689e-02 4.416640000000000149e-02 4.378850000000000103e-02 4.464980000000000337e-02 4.717020000000000240e-02 5.148880000000000123e-02 5.673879999999999896e-02 6.725730000000000597e-02 7.602889999999999648e-02 8.877790000000000681e-02 1.007659999999999945e-01 9.938170000000000337e-02 9.614540000000000586e-02 9.414630000000000221e-02 9.226370000000000404e-02 8.476509999999999601e-02 8.685719999999999552e-02 1.120479999999999948e-01 1.463210000000000066e-01 1.966140000000000110e-01 2.702069999999999750e-01 3.536130000000000106e-01 4.276469999999999994e-01 4.708709999999999840e-01 4.902909999999999768e-01 4.987559999999999771e-01 4.688740000000000130e-01 3.754000000000000115e-01 2.293699999999999906e-01 5.587629999999999680e-02 -1.201640000000000069e-01 -2.936579999999999746e-01 -4.856039999999999801e-01 -7.026909999999999545e-01 -9.242089999999999472e-01 -1.136670000000000069e+00 -1.332959999999999923e+00 -1.480679999999999996e+00 -1.533409999999999940e+00 -1.467500000000000027e+00 -1.285579999999999945e+00 -1.001489999999999991e+00 -6.439610000000000056e-01 -2.620230000000000059e-01 9.427470000000000294e-02 3.981709999999999972e-01 6.442280000000000229e-01 8.266339999999999799e-01 9.284499999999999975e-01 9.335339999999999749e-01 8.447240000000000304e-01 6.884029999999999871e-01 5.024659999999999682e-01 3.188679999999999848e-01 1.524310000000000109e-01 0.000000000000000000e+00
0.000000000000000000e+00 -4.426770000000000010e-02 -1.030540000000000067e-01 -1.629089999999999983e-01 -2.245449999999999946e-01 -2.924570000000000225e-01 -3.653100000000000236e-01 -4.064670000000000227e-01 -4.063930000000000042e-01 -3.963639999999999941e-01 -3.619310000000000027e-01 -2.772990000000000177e-01 -1.378669999999999896e-01 3.611709999999999920e-02 2.257949999999999957e-01 4.145539999999999781e-01 5.943079999999999474e-01 7.689259999999999984e-01 9.432930000000000481e-01 1.116800000000000015e+00 1.283860000000000001e+00 1.435449999999999893e+00 1.522159999999999958e+00 1.503390000000000004e+00 1.375170000000000003e+00 1.151550000000000074e+00 8.592779999999999863e-01 5.174609999999999488e-01 1.708780000000000021e-01 -1.467120000000000091e-01 -4.184869999999999979e-01 -6.387509999999999577e-01 -8.042770000000000197e-01 -8.872769999999999824e-01 -8.795520000000000005e-01 -7.792099999999999582e-01 -6.217249999999999721e-01 -4.441510000000000180e-01 -2.825590000000000046e-01 -1.561450000000000060e-01 -6.920389999999999875e-02 -1.439230000000000023e-02 1.489809999999999919e-02 3.164770000000000083e-02 3.874210000000000154e-02 4.492630000000000234e-02 4.871600000000000236e-02 5.591320000000000318e-02 6.463990000000000014e-02 7.401689999999999658e-02 8.224620000000000541e-02 9.499150000000000649e-02 9.760230000000000294e-02 9.670679999999999554e-02 1.046659999999999952e-01 1.013359999999999955e-01 9.306209999999999483e-02 8.856870000000000021e-02 9.009309999999999541e-02 9.682899999999999840e-02 1.186719999999999997e-01 1.681519999999999959e-01 2.275010000000000088e-01 2.927540000000000142e-01 3.687719999999999887e-01 4.402200000000000002e-01 4.914169999999999927e-01 5.077209999999999779e-01 4.934990000000000210e-01 4.616299999999999848e-01 3.904210000000000180e-01 2.608699999999999908e-01 9.112359999999999904e-02 -9.852890000000000259e-02 -2.936010000000000009e-01 -4.782890000000000197e-01 -6.535699999999999843e-01 -8.284510000000000485e-01 -1.000839999999999952e+00 -1.169410000000000061e+00 -1.329739999999999922e+00 -1.447710000000000052e+00 -1.473629999999999995e+00 -1.386269999999999891e+00 -1.198609999999999953e+00 -9.310230000000000450e-01 -6.050020000000000397e-01 -2.550839999999999774e-01 7.774000000000000354e-02 3.678910000000000236e-01 6.095380000000000242e-01 7.982439999999999536e-01 9.170679999999999943e-01 9.451030000000000264e-01 8.770710000000000450e-01 7.324570000000000247e-01 5.466760000000000508e-01 3.534030000000000227e-01 1.710780000000000078e-01 0.000000000000000000e+00
0.000000000000000000e+00 -8.691100000000000214e-02 -1.875620000000000065e-01 -2.707890000000000019e-01 -3.268240000000000034e-01 -3.759660000000000224e-01 -4.135510000000000019e-01 -4.145039999999999836e-01 -3.853210000000000246e-01 -3.276910000000000101e-01 -2.387680000000000080e-01 -1.182310000000000028e-01 3.611709999999999920e-02 2.188239999999999907e-01 4.228009999999999824e-01 6.144669999999999854e-01 7.791730000000000045e-01 9.083459999999999868e-01 1.029619999999999980e+00 1.153759999999999897e+00 1.275889999999999969e+00 1.382079999999999975e+00 1.432150000000000034e+00 1.388700000000000045e+00 1.255689999999999973e+00 1.050270000000000037e+00 7.941249999999999698e-01 4.943890000000000229e-01 1.803849999999999898e-01 -1.184339999999999976e-01 -3.818230000000000235e-01 -6.044580000000000508e-01 -7.798370000000000024e-01 -8.833290000000000308e-01 -8.987730000000000441e-01 -8.179809999999999581e-01 -6.721700000000000452e-01 -4.937559999999999727e-01 -3.255580000000000140e-01 -1.878599999999999992e-01 -8.820630000000000137e-02 -2.379540000000000127e-02 1.463010000000000005e-02 4.099080000000000085e-02 5.109779999999999878e-02 6.535810000000000231e-02 7.215910000000000379e-02 7.825260000000000549e-02 8.741690000000000571e-02 9.572899999999999465e-02 9.795560000000000378e-02 1.053420000000000051e-01 1.112510000000000027e-01 1.010510000000000019e-01 9.565039999999999654e-02 9.122650000000000203e-02 8.692709999999999326e-02 9.199110000000000620e-02 1.126380000000000020e-01 1.441139999999999921e-01 1.863559999999999939e-01 2.550760000000000249e-01 3.304000000000000270e-01 3.930230000000000112e-01 4.504750000000000143e-01 4.974129999999999940e-01 5.228749999999999787e-01 5.116530000000000244e-01 4.571999999999999953e-01 3.751030000000000197e-01 2.647590000000000221e-01 1.152119999999999950e-01 -6.516030000000000433e-02 -2.670219999999999816e-01 -4.755960000000000187e-01 -6.584740000000000038e-01 -8.033639999999999670e-01 -9.302000000000000268e-01 -1.055360000000000076e+00 -1.180719999999999992e+00 -1.298049999999999926e+00 -1.376430000000000042e+00 -1.373210000000000042e+00 -1.273020000000000040e+00 -1.093979999999999952e+00 -8.565909999999999913e-01 -5.719629999999999992e-01 -2.592659999999999965e-01 4.935080000000000022e-02 3.278090000000000170e-01 5.672270000000000367e-01 7.628059999999999841e-01 8.979190000000000227e-01 9.484139999999999793e-01 9.019970000000000487e-01 7.711459999999999981e-01 5.878830000000000444e-01 3.867329999999999934e-01 1.894289999999999863e-01 0.000000000000000000e+00
0.000000000000000000e+00 -1.183950000000000002e-01 -2.406840000000000090e-01 -3.354329999999999812e-01 -3.911040000000000072e-01 -4.249669999999999837e-01 -4.358239999999999892e-01 -4.085150000000000170e-01 -3.367939999999999823e-01 -2.179079999999999906e-01 -7.949589999999999435e-02 6.146100000000000174e-02 2.257949999999999957e-01 4.228009999999999824e-01 6.253300000000000525e-01 8.087199999999999944e-01 9.451969999999999539e-01 1.028299999999999992e+00 1.104630000000000001e+00 1.182080000000000020e+00 1.252229999999999954e+00 1.307830000000000048e+00 1.317499999999999893e+00 1.258969999999999922e+00 1.135599999999999943e+00 9.589609999999999523e-01 7.471410000000000551e-01 4.898020000000000151e-01 2.080450000000000077e-01 -7.372889999999999999e-02 -3.332490000000000174e-01 -5.564900000000000402e-01 -7.442480000000000206e-01 -8.631079999999999863e-01 -9.020080000000000320e-01 -8.401319999999999899e-01 -7.051779999999999715e-01 -5.298110000000000319e-01 -3.535059999999999869e-01 -2.057009999999999950e-01 -9.633179999999999521e-02 -1.870520000000000169e-02 2.311370000000000091e-02 5.701169999999999849e-02 7.276699999999999835e-02 8.483549999999999425e-02 9.801160000000000427e-02 1.034629999999999994e-01 1.069670000000000065e-01 1.115050000000000069e-01 1.075289999999999996e-01 9.844229999999999647e-02 9.666360000000000230e-02 8.991390000000000493e-02 8.930710000000000037e-02 9.342670000000000141e-02 1.032050000000000051e-01 1.278950000000000087e-01 1.709870000000000001e-01 2.283340000000000092e-01 2.865840000000000054e-01 3.546170000000000155e-01 4.239729999999999888e-01 4.731290000000000218e-01 5.061590000000000256e-01 5.231719999999999704e-01 5.160230000000000095e-01 4.683939999999999770e-01 3.695350000000000024e-01 2.438269999999999882e-01 1.085200000000000053e-01 -5.019239999999999813e-02 -2.383619999999999906e-01 -4.470640000000000169e-01 -6.528049999999999686e-01 -8.159990000000000299e-01 -9.238739999999999730e-01 -1.006150000000000100e+00 -1.087509999999999977e+00 -1.166320000000000023e+00 -1.232469999999999954e+00 -1.266480000000000050e+00 -1.239489999999999981e+00 -1.140360000000000040e+00 -9.847000000000000197e-01 -7.873630000000000351e-01 -5.485550000000000148e-01 -2.739380000000000148e-01 1.182790000000000057e-02 2.810400000000000120e-01 5.201810000000000045e-01 7.228900000000000325e-01 8.731229999999999825e-01 9.448870000000000324e-01 9.200869999999999882e-01 8.043540000000000134e-01 6.255990000000000162e-01 4.183319999999999816e-01 2.071649999999999880e-01 0.000000000000000000e+00
