0	0	0	0	0	0	0	0	0	0	0	0	0	0	0	0	0	0	0	0	0	0	0	0	0	0	0	0	0	0	0	0	0	0	0	0	0	0	0	0	0	0	0	0	0	0	0	0	0	0	0	0	0	0	0	0	0	0	0	0	0	0	0	0	0	0	0	0	0	0	0	0	0	0	0	0	0	0	0	0	0	0	0	0	0	0	0	0	0	0	0	0	0	0	0	0	0	0	0	0	
0	-0.0605292	-0.11572	-0.16109	-0.195509	-0.217948	-0.229862	-0.233507	-0.23273	-0.23449	-0.242548	-0.259512	-0.282059	-0.304744	-0.324773	-0.338688	-0.34817	-0.349965	-0.346818	-0.337661	-0.328196	-0.3177	-0.302668	-0.281318	-0.252441	-0.221237	-0.19218	-0.162788	-0.131005	-0.0990961	-0.0644263	-0.0328482	-0.00261071	0.0227988	0.0451574	0.0652229	0.0846482	0.0990871	0.108348	0.111654	0.117668	0.120882	0.120718	0.117259	0.115963	0.114526	0.114338	0.111889	0.108372	0.103206	0.0976771	0.086214	0.0713682	0.0564115	0.0446563	0.0375878	0.0393303	0.0504661	0.0728087	0.100495	0.126473	0.155483	0.182311	0.205162	0.225204	0.245091	0.257274	0.262845	0.267421	0.272592	0.281842	0.293691	0.307514	0.31928	0.324777	0.325636	0.324802	0.317461	0.303616	0.291571	0.281301	0.266638	0.247854	0.225221	0.197263	0.171954	0.148851	0.125557	0.104488	0.0801204	0.0573963	0.0405119	0.0265933	0.0172646	0.00866008	0.00104653	-0.00241991	-0.00188554	0.0009635	0	
0	-0.11572	-0.219162	-0.305798	-0.367433	-0.407921	-0.426518	-0.428101	-0.42391	-0.421432	-0.435118	-0.465294	-0.506216	-0.550804	-0.586608	-0.614266	-0.631272	-0.634816	-0.628913	-0.612711	-0.596626	-0.579241	-0.555643	-0.517822	-0.466955	-0.411389	-0.358704	-0.30471	-0.24955	-0.188658	-0.126083	-0.0690508	-0.0110989	0.0381609	0.0793883	0.121869	0.160865	0.189892	0.209912	0.221002	0.235242	0.246099	0.246631	0.243139	0.245095	0.24693	0.244789	0.241305	0.237182	0.229591	0.216269	0.19345	0.163521	0.134167	0.108169	0.0928969	0.0943441	0.114223	0.156808	0.207768	0.258241	0.310852	0.36209	0.402794	0.438697	0.474756	0.493399	0.502212	0.506082	0.513503	0.528691	0.54876	0.574729	0.595201	0.605212	0.605586	0.603522	0.589518	0.56315	0.542988	0.52552	0.502149	0.471596	0.431552	0.384394	0.340029	0.298167	0.259221	0.221763	0.178437	0.140079	0.106483	0.0779404	0.0624999	0.0442037	0.0227321	0.0107974	0.00856698	0.00924476	0	
0	-0.16109	-0.305798	-0.421856	-0.504481	-0.55239	-0.569182	-0.56187	-0.542953	-0.531012	-0.539745	-0.575113	-0.629074	-0.686033	-0.736919	-0.773113	-0.798243	-0.804376	-0.798499	-0.779008	-0.760842	-0.742964	-0.715273	-0.670807	-0.606879	-0.536938	-0.472788	-0.408218	-0.336747	-0.261908	-0.178703	-0.100882	-0.0236368	0.0431906	0.103897	0.162356	0.221107	0.268849	0.303409	0.32404	0.352483	0.374129	0.385381	0.387629	0.394761	0.400408	0.407216	0.406413	0.400791	0.388099	0.371329	0.336358	0.289663	0.240834	0.199258	0.171591	0.16808	0.191847	0.248009	0.319067	0.38609	0.459736	0.527465	0.582157	0.628479	0.673088	0.694851	0.697989	0.697033	0.698754	0.712889	0.736274	0.767172	0.793943	0.805239	0.805466	0.80326	0.785178	0.7521	0.727236	0.710106	0.68437	0.649284	0.604517	0.54635	0.49502	0.450115	0.404702	0.362043	0.30809	0.255783	0.214146	0.176573	0.147643	0.115939	0.0822451	0.0561354	0.0387914	0.0255962	0	
0	-0.195509	-0.367433	-0.504481	-0.593713	-0.640346	-0.645088	-0.618168	-0.579493	-0.547114	-0.546054	-0.579722	-0.638225	-0.706154	-0.763041	-0.807276	-0.835097	-0.842667	-0.835759	-0.814621	-0.798058	-0.783914	-0.762145	-0.719232	-0.653365	-0.58123	-0.515506	-0.448378	-0.377039	-0.294881	-0.204915	-0.120525	-0.0316006	0.0465618	0.116812	0.192064	0.267485	0.330806	0.381165	0.417149	0.461034	0.500418	0.523417	0.537023	0.557845	0.577501	0.588814	0.59304	0.591647	0.5805	0.555029	0.507298	0.443034	0.375116	0.31261	0.26854	0.255412	0.276947	0.341595	0.423245	0.503235	0.58745	0.666704	0.726344	0.775807	0.822584	0.837985	0.832745	0.818551	0.811201	0.819676	0.841368	0.876077	0.904386	0.917001	0.915525	0.912568	0.892564	0.854758	0.832313	0.820926	0.802722	0.776186	0.735952	0.682494	0.635758	0.594831	0.556449	0.517432	0.463266	0.410276	0.360426	0.313427	0.279383	0.233181	0.175626	0.127158	0.0892024	0.0530392	0	
0	-0.217948	-0.407921	-0.55239	-0.640346	-0.673973	-0.657704	-0.603824	-0.534828	-0.476342	-0.455633	-0.4788	-0.536632	-0.605	-0.667484	-0.71299	-0.744214	-0.752557	-0.745924	-0.726317	-0.712736	-0.706624	-0.69304	-0.657357	-0.59716	-0.530238	-0.47232	-0.416488	-0.352417	-0.278201	-0.192214	-0.108167	-0.0197118	0.0601469	0.135459	0.216593	0.303226	0.381418	0.443931	0.493991	0.557101	0.614669	0.656538	0.686935	0.722721	0.755063	0.783829	0.798431	0.801287	0.787392	0.758608	0.698368	0.614298	0.521352	0.434351	0.369203	0.338876	0.35154	0.415311	0.50202	0.586266	0.676696	0.759495	0.820316	0.868238	0.910989	0.918351	0.898434	0.869863	0.847663	0.846533	0.864204	0.897322	0.927976	0.940294	0.939789	0.939416	0.920281	0.88569	0.869178	0.86945	0.865312	0.852393	0.826953	0.785109	0.751733	0.728391	0.705011	0.677989	0.63044	0.578938	0.530557	0.479103	0.430881	0.368439	0.292552	0.218778	0.152597	0.0869985	0	
0	-0.229862	-0.426518	-0.569182	-0.645088	-0.657704	-0.612411	-0.525004	-0.420997	-0.331197	-0.286554	-0.295908	-0.34731	-0.416339	-0.478472	-0.527093	-0.557241	-0.566455	-0.559219	-0.539507	-0.53063	-0.531923	-0.528766	-0.505096	-0.453997	-0.398164	-0.353575	-0.311702	-0.263261	-0.202794	-0.128446	-0.0557344	0.0242014	0.0957243	0.165879	0.245489	0.334663	0.418699	0.492475	0.553147	0.628079	0.702733	0.763011	0.811287	0.865753	0.91921	0.961563	0.988398	1.00023	0.992471	0.958176	0.885464	0.782862	0.665516	0.552165	0.460971	0.41	0.407746	0.464647	0.548762	0.631902	0.721383	0.802153	0.857921	0.900027	0.933532	0.928801	0.893885	0.847516	0.811646	0.799899	0.813715	0.848333	0.88057	0.89738	0.900432	0.903759	0.890764	0.861489	0.855384	0.871362	0.884466	0.891979	0.885903	0.86149	0.84612	0.840974	0.835248	0.822585	0.785575	0.738653	0.687981	0.633395	0.579888	0.50286	0.405033	0.306878	0.212071	0.115061	0	
0	-0.233507	-0.428101	-0.56187	-0.618168	-0.603824	-0.525004	-0.399556	-0.258985	-0.134236	-0.0642456	-0.0558087	-0.0996288	-0.165269	-0.228969	-0.277179	-0.309291	-0.319283	-0.311963	-0.296668	-0.291275	-0.301779	-0.311179	-0.297678	-0.25911	-0.215114	-0.182789	-0.157585	-0.127822	-0.0834281	-0.0283121	0.0286196	0.0921648	0.151847	0.208814	0.280139	0.363581	0.446541	0.516086	0.582289	0.66723	0.755035	0.828599	0.893888	0.966314	1.03757	1.1005	1.14481	1.1699	1.16731	1.13338	1.05435	0.935972	0.796031	0.655225	0.539412	0.464257	0.443972	0.488885	0.564338	0.643267	0.726033	0.800445	0.848406	0.880758	0.903094	0.884337	0.833682	0.771053	0.719664	0.698864	0.709679	0.745123	0.783384	0.806082	0.817019	0.829451	0.824385	0.807516	0.815506	0.84726	0.88194	0.910199	0.922194	0.915853	0.914975	0.924907	0.934956	0.931711	0.90131	0.859587	0.809824	0.749623	0.684717	0.596481	0.484549	0.367844	0.256469	0.140797	0	
0	-0.23273	-0.42391	-0.542953	-0.579493	-0.534828	-0.420997	-0.258985	-0.0789675	0.0776875	0.176074	0.201955	0.167688	0.104572	0.0406079	-0.0116826	-0.0450752	-0.0590838	-0.0551244	-0.0426139	-0.0437101	-0.0620961	-0.0804577	-0.0802646	-0.0530151	-0.0210052	-0.00335573	0.00497143	0.019345	0.0441023	0.0829555	0.124711	0.171262	0.211263	0.253694	0.307109	0.376506	0.449992	0.518053	0.580597	0.661553	0.751531	0.83662	0.915332	1.00119	1.09121	1.17292	1.23598	1.27658	1.28809	1.26055	1.18005	1.05347	0.896703	0.736825	0.598499	0.502702	0.466338	0.497405	0.565384	0.636715	0.713207	0.778032	0.816084	0.838812	0.844901	0.812786	0.745155	0.664909	0.599379	0.567398	0.57585	0.613805	0.657737	0.691042	0.714042	0.736665	0.745614	0.743651	0.765373	0.814772	0.866799	0.912404	0.941581	0.94699	0.9559	0.976612	0.992722	0.992643	0.96451	0.917041	0.860364	0.797495	0.726778	0.631875	0.515373	0.392074	0.267869	0.140153	0	
0	-0.23449	-0.421432	-0.531012	-0.547114	-0.476342	-0.331197	-0.134236	0.0776875	0.265549	0.387294	0.429623	0.404202	0.343409	0.277733	0.223953	0.187677	0.171011	0.173838	0.179955	0.174474	0.147616	0.116365	0.105476	0.119205	0.138888	0.14661	0.143446	0.141058	0.152302	0.172592	0.196758	0.224161	0.250524	0.274498	0.313014	0.367102	0.42617	0.475727	0.529767	0.604665	0.693486	0.777367	0.86097	0.956171	1.05991	1.15751	1.23982	1.30064	1.32869	1.31195	1.24029	1.11528	0.953727	0.782337	0.632066	0.524142	0.478078	0.501666	0.562812	0.633202	0.703109	0.759936	0.789775	0.800593	0.792279	0.744108	0.660776	0.564011	0.48253	0.441195	0.446196	0.485466	0.536279	0.579227	0.613744	0.647041	0.666777	0.679251	0.714663	0.775285	0.843681	0.904241	0.941294	0.954727	0.964559	0.98148	0.995752	0.989021	0.954804	0.904446	0.842649	0.772227	0.695771	0.600701	0.484677	0.364955	0.252242	0.134914	0	
0	-0.242548	-0.435118	-0.539745	-0.546054	-0.455633	-0.286554	-0.0642456	0.176074	0.387294	0.531494	0.589367	0.573362	0.516667	0.450657	0.394494	0.356201	0.336731	0.336045	0.33912	0.329222	0.297465	0.259919	0.239792	0.241836	0.251502	0.24761	0.230419	0.215799	0.21117	0.216879	0.230245	0.243411	0.253285	0.262974	0.282504	0.317491	0.360635	0.400089	0.442622	0.501174	0.576291	0.656417	0.740836	0.837028	0.946116	1.05555	1.15357	1.23072	1.27614	1.27617	1.21855	1.10251	0.944933	0.775014	0.623432	0.513584	0.469458	0.492382	0.557794	0.633222	0.705791	0.760366	0.787415	0.793239	0.771391	0.712293	0.614536	0.502298	0.405718	0.351957	0.351364	0.38859	0.442532	0.493214	0.537956	0.578212	0.607068	0.631212	0.671989	0.737144	0.810808	0.872716	0.909837	0.920354	0.922738	0.933233	0.938197	0.920964	0.879552	0.818178	0.748622	0.677448	0.601111	0.513962	0.413695	0.309307	0.208263	0.10607	0	
0	-0.259512	-0.465294	-0.575113	-0.579722	-0.4788	-0.295908	-0.0558087	0.201955	0.429623	0.589367	0.657256	0.649575	0.594268	0.529152	0.472124	0.43526	0.417435	0.419678	0.423645	0.415209	0.382696	0.341791	0.314558	0.30757	0.308501	0.297767	0.273933	0.249558	0.232769	0.225182	0.223876	0.221429	0.219002	0.215844	0.221721	0.242623	0.268739	0.29091	0.319531	0.362664	0.425491	0.493939	0.570261	0.660262	0.769291	0.880063	0.986644	1.07608	1.13607	1.14912	1.10661	1.00547	0.860179	0.700641	0.557155	0.458368	0.427866	0.462269	0.541613	0.634292	0.719057	0.780349	0.813188	0.819445	0.790829	0.724104	0.617407	0.493684	0.384833	0.32184	0.31539	0.350705	0.405643	0.460914	0.510444	0.549679	0.57837	0.60269	0.638133	0.694686	0.762043	0.81651	0.842035	0.841812	0.829458	0.821999	0.811597	0.78164	0.733628	0.670907	0.602836	0.535434	0.467008	0.393902	0.310799	0.229039	0.155036	0.0786508	0	
0	-0.282059	-0.506216	-0.629074	-0.638225	-0.536632	-0.34731	-0.0996288	0.167688	0.404202	0.573362	0.649575	0.646773	0.595298	0.528096	0.472466	0.434683	0.419684	0.424696	0.431768	0.427763	0.402031	0.363824	0.339708	0.329053	0.327016	0.313141	0.284945	0.252346	0.226682	0.207204	0.196883	0.182096	0.169695	0.153586	0.145164	0.150028	0.161577	0.171175	0.188748	0.217022	0.262209	0.317442	0.383535	0.465704	0.564877	0.671997	0.778791	0.872091	0.937389	0.95853	0.928199	0.837343	0.705325	0.558183	0.428352	0.346549	0.337016	0.391875	0.494342	0.615515	0.724061	0.803295	0.854272	0.871015	0.845882	0.780723	0.671929	0.544584	0.427263	0.357298	0.345534	0.375458	0.429559	0.485186	0.533912	0.567644	0.587717	0.603507	0.622754	0.655924	0.702411	0.733341	0.733159	0.712921	0.680087	0.652676	0.627957	0.589656	0.539693	0.47922	0.418839	0.362585	0.30887	0.259167	0.20297	0.146665	0.097944	0.0482808	0	
0	-0.304744	-0.550804	-0.686033	-0.706154	-0.605	-0.416339	-0.165269	0.104572	0.343409	0.516667	0.594268	0.595298	0.539856	0.47253	0.411298	0.374077	0.361148	0.368954	0.382309	0.386017	0.367926	0.340907	0.320661	0.311938	0.312428	0.30126	0.275341	0.245711	0.214332	0.189174	0.170262	0.146445	0.122177	0.0972975	0.0777158	0.0691333	0.0632683	0.0622352	0.0698674	0.0814159	0.11114	0.153376	0.210271	0.278811	0.367476	0.463412	0.564787	0.653826	0.717003	0.738234	0.709118	0.624257	0.499745	0.363856	0.245358	0.181644	0.198031	0.276531	0.410638	0.567235	0.709494	0.818435	0.895672	0.934326	0.921038	0.864906	0.763347	0.637092	0.519031	0.446392	0.42968	0.457421	0.507767	0.561031	0.605629	0.624354	0.628569	0.625483	0.615245	0.616491	0.631209	0.628607	0.598765	0.553626	0.497295	0.449501	0.408725	0.363345	0.317229	0.266091	0.219296	0.181031	0.148729	0.122771	0.0931836	0.0661319	0.0428071	0.0170397	0	
0	-0.324773	-0.586608	-0.736919	-0.763041	-0.667484	-0.478472	-0.228969	0.0406079	0.277733	0.450657	0.529152	0.528096	0.47253	0.3962	0.331845	0.287805	0.273258	0.281139	0.296228	0.303562	0.297006	0.277131	0.267145	0.263861	0.268871	0.265561	0.250385	0.22533	0.197917	0.172824	0.151524	0.121668	0.0944665	0.0625072	0.0329502	0.0132087	-0.00515294	-0.0196426	-0.0259942	-0.0236235	-0.00779112	0.0211423	0.0638904	0.124843	0.199867	0.284895	0.376018	0.457164	0.511796	0.524159	0.490663	0.400574	0.277226	0.143052	0.0293215	-0.020072	0.0158941	0.119873	0.284298	0.481119	0.664406	0.810136	0.926186	0.994077	1.00464	0.967184	0.878452	0.762971	0.647261	0.573663	0.553231	0.572722	0.616852	0.663113	0.69463	0.696662	0.678419	0.648917	0.608653	0.571626	0.550155	0.514478	0.45129	0.383274	0.309647	0.2418	0.188512	0.141801	0.0993259	0.0588755	0.0284771	0.0061018	-0.00719436	-0.0089016	-0.0137236	-0.0157917	-0.0104023	-0.0068183	0	
0	-0.338688	-0.614266	-0.773113	-0.807276	-0.71299	-0.527093	-0.277179	-0.0116826	0.223953	0.394494	0.472124	0.472466	0.411298	0.331845	0.257051	0.205991	0.186225	0.18812	0.201111	0.210304	0.206426	0.197724	0.193718	0.195015	0.20633	0.2113	0.206058	0.194053	0.173706	0.154731	0.137814	0.113026	0.0859029	0.0528034	0.0214835	-0.00757865	-0.0408596	-0.0634311	-0.0737062	-0.0858378	-0.0876169	-0.0732678	-0.0374322	0.0120134	0.0749331	0.147451	0.22812	0.298569	0.341056	0.34339	0.296213	0.195423	0.0630991	-0.0767889	-0.194507	-0.240575	-0.191135	-0.0696781	0.123295	0.358484	0.584427	0.776039	0.935198	1.04319	1.0872	1.07497	1.00923	0.907175	0.798718	0.725282	0.694706	0.70347	0.732924	0.762785	0.776938	0.753806	0.709631	0.653491	0.580072	0.510911	0.458823	0.392212	0.307049	0.22531	0.140364	0.0627802	0.00255657	-0.044676	-0.0818581	-0.114226	-0.135972	-0.1473	-0.144835	-0.128976	-0.11263	-0.0901458	-0.0622255	-0.0350384	0	
0	-0.34817	-0.631272	-0.798243	-0.835097	-0.744214	-0.557241	-0.309291	-0.0450752	0.187677	0.356201	0.43526	0.434683	0.374077	0.287805	0.205991	0.146585	0.119214	0.115383	0.124303	0.129236	0.12959	0.123055	0.122481	0.125078	0.135682	0.145967	0.152543	0.152142	0.143536	0.134948	0.125508	0.10727	0.0864251	0.0609386	0.0332488	0.00458116	-0.0310877	-0.0598785	-0.0835588	-0.102788	-0.114338	-0.112572	-0.0916965	-0.0518838	-0.00230247	0.0574342	0.126674	0.186612	0.216951	0.204137	0.142317	0.0258159	-0.119551	-0.273923	-0.404671	-0.456111	-0.405675	-0.274068	-0.0616312	0.205604	0.473573	0.711898	0.91946	1.07313	1.15803	1.17992	1.14085	1.05824	0.959854	0.883332	0.841169	0.830014	0.836713	0.843738	0.829016	0.778436	0.705715	0.619063	0.520086	0.425318	0.350073	0.268215	0.173416	0.0907583	0.0101773	-0.0694161	-0.132927	-0.178371	-0.212146	-0.238274	-0.252985	-0.257395	-0.246146	-0.221127	-0.192704	-0.154156	-0.105513	-0.054485	0	
0	-0.349965	-0.634816	-0.804376	-0.842667	-0.752557	-0.566455	-0.319283	-0.0590838	0.171011	0.336731	0.417435	0.419684	0.361148	0.273258	0.186225	0.119214	0.0845638	0.0726798	0.0735155	0.0735541	0.0708038	0.0673536	0.0674759	0.0692424	0.0774049	0.0881803	0.0993835	0.106611	0.104776	0.103843	0.102645	0.0960454	0.0876643	0.0731128	0.0562282	0.0329744	-0.00341378	-0.0318491	-0.0500118	-0.069825	-0.0936566	-0.105127	-0.0934101	-0.0631513	-0.0258979	0.0220816	0.0773619	0.124259	0.141867	0.117665	0.0393341	-0.0940666	-0.257007	-0.428714	-0.577952	-0.644444	-0.604568	-0.474109	-0.253381	0.0345402	0.336792	0.618744	0.873443	1.07455	1.20617	1.26644	1.25978	1.20091	1.11411	1.03533	0.975667	0.938398	0.914926	0.888715	0.84125	0.760269	0.659581	0.548939	0.431135	0.323376	0.236659	0.147441	0.0547274	-0.0192379	-0.08874	-0.161247	-0.218517	-0.25514	-0.282632	-0.3035	-0.313509	-0.314489	-0.299353	-0.269789	-0.234475	-0.186441	-0.124862	-0.060732	0	
0	-0.346818	-0.628913	-0.798499	-0.835759	-0.745924	-0.559219	-0.311963	-0.0551244	0.173838	0.336045	0.419678	0.424696	0.368954	0.281139	0.18812	0.115383	0.0726798	0.0547277	0.0488597	0.0443313	0.0396944	0.0368766	0.0361212	0.0336176	0.0334956	0.0400205	0.0517408	0.0629187	0.0684279	0.0714564	0.0751224	0.0754752	0.073717	0.0695388	0.068272	0.055765	0.0318913	0.0111373	-0.00247088	-0.0199618	-0.0408558	-0.0562342	-0.0494931	-0.0267547	-0.000361201	0.0331899	0.0756593	0.112033	0.116413	0.0768045	-0.0178123	-0.166199	-0.344913	-0.536198	-0.704155	-0.790879	-0.76756	-0.646125	-0.427846	-0.130066	0.194508	0.513505	0.806236	1.05069	1.22546	1.32156	1.34677	1.30935	1.23529	1.15239	1.07461	1.01024	0.954708	0.896528	0.817321	0.710817	0.58774	0.457709	0.329099	0.215645	0.124556	0.0360622	-0.0474093	-0.10493	-0.15637	-0.215096	-0.262925	-0.292631	-0.309579	-0.317798	-0.32087	-0.313791	-0.289629	-0.258293	-0.2245	-0.178524	-0.119231	-0.0568458	0	
0	-0.337661	-0.612711	-0.779008	-0.814621	-0.726317	-0.539507	-0.296668	-0.0426139	0.179955	0.33912	0.423645	0.431768	0.382309	0.296228	0.201111	0.124303	0.0735155	0.0488597	0.0351672	0.0226851	0.0151403	0.0118389	0.0107287	0.00662327	2.85064e-05	0.000531241	0.00997532	0.0215038	0.0263534	0.0294462	0.0336567	0.036978	0.0406561	0.0481363	0.0555892	0.0538355	0.0397132	0.0286389	0.0271871	0.0268522	0.013705	0.00173633	0.00857815	0.0301773	0.0548731	0.0834952	0.115462	0.136608	0.129551	0.0783995	-0.0297247	-0.192935	-0.388301	-0.594482	-0.779487	-0.885314	-0.882412	-0.774731	-0.564927	-0.270558	0.0669586	0.408261	0.727958	1.0048	1.21103	1.33759	1.38596	1.36758	1.30456	1.21672	1.12413	1.03391	0.949933	0.864762	0.760598	0.637414	0.502383	0.362995	0.233521	0.124619	0.0330151	-0.0522472	-0.124439	-0.169582	-0.204875	-0.247186	-0.280831	-0.294899	-0.296754	-0.291744	-0.279751	-0.259341	-0.232518	-0.204321	-0.174076	-0.134235	-0.0817803	-0.0321878	0	
0	-0.328196	-0.596626	-0.760842	-0.798058	-0.712736	-0.53063	-0.291275	-0.0437101	0.174474	0.329222	0.415209	0.427763	0.386017	0.303562	0.210304	0.129236	0.0735541	0.0443313	0.0226851	0.00758051	-0.00424426	-0.00685788	-0.00685507	-0.0140185	-0.0280921	-0.0341823	-0.0297692	-0.0195673	-0.0117548	-0.0106845	-0.00782067	-0.00603949	-0.00161953	0.00570279	0.0212362	0.0271839	0.0239549	0.0191111	0.0318902	0.0435525	0.0434024	0.0413747	0.0590597	0.0898757	0.118741	0.145298	0.170592	0.188501	0.172739	0.108984	-0.0137364	-0.188965	-0.397271	-0.618354	-0.815526	-0.939201	-0.953929	-0.858824	-0.661506	-0.373572	-0.0343519	0.319216	0.652894	0.945795	1.17023	1.31037	1.37063	1.36228	1.30337	1.21326	1.10933	1.00161	0.901565	0.800212	0.686564	0.56067	0.4231	0.284775	0.159948	0.0562729	-0.0325916	-0.115671	-0.179668	-0.209331	-0.227529	-0.252314	-0.269022	-0.270046	-0.255666	-0.233577	-0.210913	-0.180696	-0.145689	-0.117882	-0.0994944	-0.07684	-0.0397321	-0.00836876	0	
0	-0.3177	-0.579241	-0.742964	-0.783914	-0.706624	-0.531923	-0.301779	-0.0620961	0.147616	0.297465	0.382696	0.402031	0.367926	0.297006	0.206426	0.12959	0.0708038	0.0396944	0.0151403	-0.00424426	-0.0169975	-0.0182862	-0.01665	-0.0229711	-0.0415145	-0.0548871	-0.0551132	-0.0473815	-0.0400126	-0.0416884	-0.0411931	-0.0422705	-0.0414019	-0.0317512	-0.0150414	-0.00741519	-0.00631959	-0.00619241	0.0123	0.0336334	0.0490244	0.0600924	0.0887304	0.126601	0.169566	0.20479	0.236597	0.250292	0.231319	0.160487	0.0305332	-0.155332	-0.378619	-0.611291	-0.819737	-0.958438	-0.98997	-0.90852	-0.723361	-0.447323	-0.112766	0.241887	0.576084	0.872346	1.09572	1.23571	1.29501	1.28567	1.2299	1.13849	1.03265	0.921633	0.816796	0.716781	0.608716	0.490385	0.363111	0.232395	0.115635	0.0208737	-0.0666005	-0.147629	-0.203016	-0.222829	-0.226885	-0.230095	-0.228553	-0.218378	-0.191255	-0.158157	-0.12682	-0.0898679	-0.0593692	-0.0433637	-0.035903	-0.0231752	0.00029989	0.0115673	0	
0	-0.302668	-0.555643	-0.715273	-0.762145	-0.69304	-0.528766	-0.311179	-0.0804577	0.116365	0.259919	0.341791	0.363824	0.340907	0.277131	0.197724	0.123055	0.0673536	0.0368766	0.0118389	-0.00685788	-0.0182862	-0.0173331	-0.00918165	-0.0142265	-0.0339592	-0.0520494	-0.0591913	-0.0527567	-0.0464333	-0.0504299	-0.0525168	-0.059309	-0.0620721	-0.0539834	-0.0409735	-0.0302821	-0.0271533	-0.0296007	-0.00951521	0.0202642	0.0422768	0.0622007	0.098973	0.151007	0.207407	0.255743	0.294467	0.316704	0.30351	0.23368	0.100831	-0.0912723	-0.323516	-0.567278	-0.78578	-0.94133	-0.990332	-0.926742	-0.758463	-0.500107	-0.178909	0.163516	0.488323	0.77243	0.979967	1.10717	1.15214	1.13785	1.08063	0.994657	0.899562	0.797119	0.706943	0.622738	0.535411	0.438824	0.327769	0.213234	0.108573	0.0210714	-0.0619581	-0.140987	-0.190801	-0.200875	-0.19303	-0.180087	-0.165247	-0.147437	-0.115139	-0.0824103	-0.0513467	-0.0156601	0.00677351	0.013717	0.00784702	0.00551806	0.0216206	0.0252263	0	
0	-0.281318	-0.517822	-0.670807	-0.719232	-0.657357	-0.505096	-0.297678	-0.0802646	0.105476	0.239792	0.314558	0.339708	0.320661	0.267145	0.193718	0.122481	0.0674759	0.0361212	0.0107287	-0.00685507	-0.01665	-0.00918165	0.00524275	0.00833101	-0.00905761	-0.0303961	-0.0404997	-0.0381677	-0.0322426	-0.0366106	-0.0424039	-0.0539133	-0.0597721	-0.0579	-0.0472159	-0.0376885	-0.0364406	-0.0385063	-0.0170585	0.00924364	0.0372305	0.0654936	0.108584	0.165953	0.235574	0.296274	0.349719	0.384723	0.383434	0.321683	0.196881	0.0094895	-0.226004	-0.474817	-0.703633	-0.873982	-0.945638	-0.906646	-0.766042	-0.534224	-0.240428	0.076202	0.380332	0.639445	0.822033	0.924521	0.9516	0.925865	0.866774	0.792257	0.712859	0.633791	0.567366	0.512416	0.461104	0.394767	0.314433	0.226598	0.140979	0.0672511	-0.00780447	-0.0822253	-0.130801	-0.138826	-0.125525	-0.104665	-0.0853627	-0.0724628	-0.0478918	-0.0211426	0.00199824	0.0278711	0.0428515	0.0417128	0.026161	0.0200853	0.0310123	0.0251316	0	
0	-0.252441	-0.466955	-0.606879	-0.653365	-0.59716	-0.453997	-0.25911	-0.0530151	0.119205	0.241836	0.30757	0.329053	0.311938	0.263861	0.195015	0.125078	0.0692424	0.0336176	0.00662327	-0.0140185	-0.0229711	-0.0142265	0.00833101	0.0175442	0.00733877	-0.0112879	-0.0235285	-0.0190669	-0.01079	-0.0150319	-0.0207988	-0.0365028	-0.0497008	-0.0504645	-0.0454564	-0.0380697	-0.0375769	-0.0411246	-0.0263905	0.000235006	0.0319158	0.0645591	0.110149	0.172674	0.249211	0.323437	0.392156	0.440451	0.454094	0.410855	0.306284	0.132744	-0.0924428	-0.336853	-0.566187	-0.74902	-0.841655	-0.83668	-0.73331	-0.541721	-0.292019	-0.016533	0.252207	0.478589	0.626642	0.702461	0.709213	0.671225	0.612296	0.548922	0.490986	0.437039	0.398812	0.379217	0.368396	0.342952	0.302714	0.255996	0.203326	0.152552	0.0974357	0.0326561	-0.0148647	-0.0275688	-0.0236463	-0.00809611	0.000967907	-0.00458675	0.00172758	0.0115754	0.025215	0.0450737	0.0498504	0.0425879	0.0269567	0.0197103	0.0287501	0.0232688	0	
0	-0.221237	-0.411389	-0.536938	-0.58123	-0.530238	-0.398164	-0.215114	-0.0210052	0.138888	0.251502	0.308501	0.327016	0.312428	0.268871	0.20633	0.135682	0.0774049	0.0334956	2.85064e-05	-0.0280921	-0.0415145	-0.0339592	-0.00905761	0.00733877	0.00443216	-0.0119246	-0.0221923	-0.0161734	-0.00608018	-0.00196738	-0.00552395	-0.0217781	-0.0338084	-0.0389129	-0.0405072	-0.0345309	-0.0396463	-0.044952	-0.0333617	-0.0103778	0.0194801	0.0571783	0.103572	0.169987	0.253674	0.338524	0.416274	0.479751	0.513379	0.491174	0.407975	0.258177	0.054997	-0.173054	-0.397781	-0.583507	-0.69568	-0.726825	-0.669144	-0.528716	-0.334706	-0.114744	0.112863	0.300547	0.417169	0.469548	0.460865	0.415376	0.355301	0.302255	0.258603	0.223315	0.206011	0.215636	0.244954	0.263254	0.274837	0.282797	0.277648	0.264762	0.238164	0.189771	0.140189	0.114663	0.105305	0.101321	0.0880417	0.062486	0.0429671	0.0292043	0.0277514	0.0354563	0.0357523	0.0278743	0.0111362	0.00722317	0.0187296	0.0148636	0	
0	-0.19218	-0.358704	-0.472788	-0.515506	-0.47232	-0.353575	-0.182789	-0.00335573	0.14661	0.24761	0.297767	0.313141	0.30126	0.265561	0.2113	0.145967	0.0881803	0.0400205	0.000531241	-0.0341823	-0.0548871	-0.0520494	-0.0303961	-0.0112879	-0.0119246	-0.0257669	-0.036941	-0.0309894	-0.0159089	-0.00414447	-0.00143553	-0.0114669	-0.0218644	-0.0288097	-0.0293213	-0.0270854	-0.0342667	-0.0400851	-0.0356959	-0.0216041	0.00575659	0.0435278	0.0922735	0.160569	0.242842	0.335237	0.427785	0.506642	0.551417	0.548732	0.491746	0.369436	0.19127	-0.017085	-0.229068	-0.411068	-0.537387	-0.602926	-0.593009	-0.505798	-0.374882	-0.213144	-0.0316824	0.119206	0.210714	0.24572	0.231317	0.182594	0.125139	0.0799067	0.0446319	0.0202527	0.0143299	0.0443915	0.104525	0.163945	0.226826	0.292503	0.340328	0.368601	0.378227	0.351231	0.301172	0.26481	0.23964	0.216829	0.182794	0.130473	0.0834196	0.0506791	0.0321815	0.0226585	0.0127442	0.00210597	-0.0107352	-0.0125558	-0.00250875	0.000591522	0	
0	-0.162788	-0.30471	-0.408218	-0.448378	-0.416488	-0.311702	-0.157585	0.00497143	0.143446	0.230419	0.273933	0.284945	0.275341	0.250385	0.206058	0.152543	0.0993835	0.0517408	0.00997532	-0.0297692	-0.0551132	-0.0591913	-0.0404997	-0.0235285	-0.0221923	-0.036941	-0.0510512	-0.0500281	-0.0347348	-0.0199233	-0.0106106	-0.0149958	-0.0200193	-0.0224665	-0.0189006	-0.0163188	-0.0211536	-0.0264883	-0.0262771	-0.0181142	0.00385848	0.0383672	0.085975	0.15088	0.235415	0.336081	0.436613	0.523651	0.58573	0.604249	0.566883	0.464443	0.310477	0.120277	-0.0824241	-0.263251	-0.402605	-0.500434	-0.535206	-0.499605	-0.427412	-0.318272	-0.180427	-0.0576386	0.0163602	0.0440612	0.0315613	-0.0144006	-0.0631174	-0.101389	-0.128863	-0.146451	-0.147271	-0.105251	-0.0269718	0.06277	0.167553	0.28106	0.374993	0.442772	0.485573	0.480063	0.435798	0.393175	0.357336	0.320209	0.271853	0.206732	0.139771	0.0838899	0.0474228	0.0254694	0.00396705	-0.0171504	-0.0305319	-0.0297566	-0.0204901	-0.0116544	0	
0	-0.131005	-0.24955	-0.336747	-0.377039	-0.352417	-0.263261	-0.127822	0.019345	0.141058	0.215799	0.249558	0.252346	0.245711	0.22533	0.194053	0.152142	0.106611	0.0629187	0.0215038	-0.0195673	-0.0473815	-0.0527567	-0.0381677	-0.0190669	-0.0161734	-0.0309894	-0.0500281	-0.0557748	-0.0495816	-0.0341795	-0.0236908	-0.0240938	-0.025528	-0.0232672	-0.0162073	-0.00978503	-0.00866642	-0.00748002	-0.00483428	0.00227472	0.0186829	0.0507686	0.0982717	0.162991	0.2429	0.344532	0.452118	0.555001	0.628581	0.660557	0.637451	0.555043	0.416322	0.233025	0.0297679	-0.156837	-0.313221	-0.442857	-0.516456	-0.526258	-0.497746	-0.42939	-0.322983	-0.219021	-0.153692	-0.126674	-0.137214	-0.175446	-0.215212	-0.243793	-0.259832	-0.269562	-0.261458	-0.213046	-0.127078	-0.0193577	0.110236	0.252787	0.377137	0.474351	0.543019	0.558004	0.522703	0.48075	0.446599	0.404152	0.347488	0.277756	0.202115	0.134252	0.0825316	0.0446229	0.0141951	-0.00862287	-0.0217643	-0.0269805	-0.0246904	-0.0146472	0	
0	-0.0990961	-0.188658	-0.261908	-0.294881	-0.278201	-0.202794	-0.0834281	0.0441023	0.152302	0.21117	0.232769	0.226682	0.214332	0.197917	0.173706	0.143536	0.104776	0.0684279	0.0263534	-0.0117548	-0.0400126	-0.0464333	-0.0322426	-0.01079	-0.00608018	-0.0159089	-0.0347348	-0.0495816	-0.0463551	-0.0367096	-0.0292594	-0.0292387	-0.031941	-0.0329821	-0.0216073	-0.014451	-0.0061273	0.00222599	0.0150203	0.0253346	0.0438934	0.0761557	0.129983	0.193371	0.27322	0.375505	0.490455	0.597996	0.680363	0.724031	0.712792	0.638413	0.504032	0.319524	0.106702	-0.0955613	-0.276775	-0.433727	-0.542067	-0.584846	-0.585558	-0.538699	-0.450905	-0.355258	-0.289541	-0.263264	-0.270674	-0.304328	-0.334234	-0.350571	-0.352004	-0.345808	-0.325512	-0.272165	-0.18832	-0.0788627	0.055965	0.204831	0.342264	0.457013	0.546007	0.582363	0.56371	0.534259	0.504946	0.463179	0.410915	0.339538	0.258387	0.18729	0.128701	0.0861685	0.0544755	0.0297058	0.015491	0.0037285	-0.00578667	-0.00551127	0	
0	-0.0644263	-0.126083	-0.178703	-0.204915	-0.192214	-0.128446	-0.0283121	0.0829555	0.172592	0.216879	0.225182	0.207204	0.189174	0.172824	0.154731	0.134948	0.103843	0.0714564	0.0294462	-0.0106845	-0.0416884	-0.0504299	-0.0366106	-0.0150319	-0.00196738	-0.00414447	-0.0199233	-0.0341795	-0.0367096	-0.0343998	-0.0259792	-0.0284264	-0.0364744	-0.0365731	-0.0290519	-0.0259948	-0.0145521	-0.00193154	0.018614	0.037673	0.0624271	0.104199	0.16954	0.24057	0.326569	0.433014	0.551503	0.664422	0.75375	0.799989	0.787336	0.710673	0.572519	0.375617	0.145512	-0.0823319	-0.288067	-0.471103	-0.605506	-0.674044	-0.688362	-0.648485	-0.567169	-0.466522	-0.39366	-0.358357	-0.361502	-0.386437	-0.405578	-0.410671	-0.39565	-0.376929	-0.345883	-0.296236	-0.226463	-0.129782	-0.007812	0.132584	0.270188	0.398465	0.504228	0.558519	0.565208	0.554471	0.534786	0.501247	0.453826	0.391873	0.322714	0.249785	0.186686	0.146132	0.11172	0.0846068	0.0696189	0.0485939	0.0238085	0.00848141	0	
0	-0.0328482	-0.0690508	-0.100882	-0.120525	-0.108167	-0.0557344	0.0286196	0.124711	0.196758	0.230245	0.223876	0.196883	0.170262	0.151524	0.137814	0.125508	0.102645	0.0751224	0.0336567	-0.00782067	-0.0411931	-0.0525168	-0.0424039	-0.0207988	-0.00552395	-0.00143553	-0.0106106	-0.0236908	-0.0292594	-0.0259792	-0.0181346	-0.018801	-0.0257636	-0.0282746	-0.0286345	-0.0277478	-0.0215872	-0.0106205	0.0175448	0.0453479	0.0761478	0.12558	0.204117	0.293096	0.396466	0.509498	0.635656	0.755144	0.84457	0.881668	0.857257	0.766929	0.607437	0.388989	0.135769	-0.116717	-0.344902	-0.544088	-0.694325	-0.778339	-0.79542	-0.755322	-0.66985	-0.558432	-0.468024	-0.415366	-0.404599	-0.414154	-0.422004	-0.415867	-0.392613	-0.367286	-0.335579	-0.298705	-0.24995	-0.177985	-0.0774675	0.042415	0.17042	0.30366	0.417075	0.488101	0.519791	0.534303	0.536842	0.522183	0.494162	0.449969	0.394745	0.329679	0.264021	0.214313	0.175214	0.144466	0.11466	0.0799057	0.0505683	0.0253297	0	
0	-0.00261071	-0.0110989	-0.0236368	-0.0316006	-0.0197118	0.0242014	0.0921648	0.171262	0.224161	0.243411	0.221429	0.182096	0.146445	0.121668	0.113026	0.10727	0.0960454	0.0754752	0.036978	-0.00603949	-0.0422705	-0.059309	-0.0539133	-0.0365028	-0.0217781	-0.0114669	-0.0149958	-0.0240938	-0.0292387	-0.0284264	-0.018801	-0.015826	-0.0219083	-0.0229603	-0.0248639	-0.0247356	-0.0233544	-0.0125236	0.0159737	0.0463402	0.0783177	0.138047	0.230536	0.339389	0.458233	0.58699	0.72703	0.852048	0.939758	0.966039	0.923705	0.80362	0.61251	0.366852	0.0889166	-0.186807	-0.431261	-0.63502	-0.792293	-0.882947	-0.900696	-0.860041	-0.767853	-0.64387	-0.529148	-0.447227	-0.407624	-0.389485	-0.379441	-0.362551	-0.33743	-0.318016	-0.299353	-0.285794	-0.266898	-0.226036	-0.155505	-0.060674	0.0529914	0.181035	0.296442	0.378017	0.434669	0.480834	0.508581	0.523049	0.527211	0.510405	0.477912	0.421669	0.353568	0.294559	0.239291	0.193796	0.149273	0.0998911	0.0602827	0.0277148	0	
0	0.0227988	0.0381609	0.0431906	0.0465618	0.0601469	0.0957243	0.151847	0.211263	0.250524	0.253285	0.219002	0.169695	0.122177	0.0944665	0.0859029	0.0864251	0.0876643	0.073717	0.0406561	-0.00161953	-0.0414019	-0.0620721	-0.0597721	-0.0497008	-0.0338084	-0.0218644	-0.0200193	-0.025528	-0.031941	-0.0364744	-0.0257636	-0.0219083	-0.020187	-0.0172006	-0.0151578	-0.0136751	-0.0148977	-0.00742202	0.0246836	0.0598551	0.0998209	0.163412	0.258798	0.380723	0.518641	0.661585	0.807093	0.936987	1.02351	1.03528	0.967252	0.814835	0.590809	0.313205	0.0108338	-0.285103	-0.536855	-0.740116	-0.896244	-0.984176	-1.00238	-0.957904	-0.857669	-0.717428	-0.573979	-0.455905	-0.374373	-0.323129	-0.291312	-0.264742	-0.246418	-0.240909	-0.247186	-0.264197	-0.275782	-0.271159	-0.233332	-0.163478	-0.0697089	0.0477099	0.158903	0.243563	0.321127	0.39709	0.454831	0.503767	0.541779	0.55823	0.55444	0.511422	0.442474	0.373373	0.304714	0.240005	0.172794	0.11684	0.0794703	0.0389351	0	
0	0.0451574	0.0793883	0.103897	0.116812	0.135459	0.165879	0.208814	0.253694	0.274498	0.262974	0.215844	0.153586	0.0972975	0.0625072	0.0528034	0.0609386	0.0731128	0.0695388	0.0481363	0.00570279	-0.0317512	-0.0539834	-0.0579	-0.0504645	-0.0389129	-0.0288097	-0.0224665	-0.0232672	-0.0329821	-0.0365731	-0.0282746	-0.0229603	-0.0172006	-0.0108835	-0.00827155	-0.00236183	-0.00134981	0.0136549	0.0497886	0.0930406	0.139026	0.204566	0.302691	0.436921	0.580963	0.725601	0.869596	0.995721	1.06895	1.06392	0.974719	0.795918	0.541379	0.241101	-0.0780885	-0.385296	-0.641706	-0.845645	-0.996094	-1.08036	-1.09664	-1.04867	-0.935008	-0.775468	-0.605338	-0.44815	-0.325465	-0.240909	-0.186084	-0.150823	-0.135714	-0.14411	-0.176861	-0.222048	-0.267221	-0.303054	-0.30232	-0.263226	-0.190399	-0.0877622	0.0160215	0.107556	0.200564	0.298103	0.385077	0.462666	0.528881	0.575261	0.594482	0.569588	0.512291	0.442213	0.369814	0.299376	0.218882	0.149628	0.10426	0.0548979	0	
0	0.0652229	0.121869	0.162356	0.192064	0.216593	0.245489	0.280139	0.307109	0.313014	0.282504	0.221721	0.145164	0.0777158	0.0329502	0.0214835	0.0332488	0.0562282	0.068272	0.0555892	0.0212362	-0.0150414	-0.0409735	-0.0472159	-0.0454564	-0.0405072	-0.0293213	-0.0189006	-0.0162073	-0.0216073	-0.0290519	-0.0286345	-0.0248639	-0.0151578	-0.00827155	0.0041743	0.0177552	0.0232776	0.0407293	0.0835745	0.138184	0.198231	0.272517	0.376715	0.511351	0.652614	0.793034	0.922879	1.02733	1.07847	1.05326	0.941589	0.741458	0.473246	0.165394	-0.15978	-0.468574	-0.727128	-0.933523	-1.08431	-1.16492	-1.18293	-1.12893	-0.99876	-0.819851	-0.624734	-0.436586	-0.279131	-0.168144	-0.092664	-0.0447074	-0.024977	-0.0384177	-0.0881743	-0.156657	-0.235211	-0.313418	-0.35811	-0.35113	-0.298268	-0.212638	-0.109188	-0.00992425	0.0895788	0.201125	0.301101	0.388922	0.472999	0.540131	0.582819	0.589144	0.558682	0.50561	0.441543	0.367192	0.278789	0.200861	0.143709	0.079265	0	
0	0.0846482	0.160865	0.221107	0.267485	0.303226	0.334663	0.363581	0.376506	0.367102	0.317491	0.242623	0.150028	0.0691333	0.0132087	-0.00757865	0.00458116	0.0329744	0.055765	0.0538355	0.0271839	-0.00741519	-0.0302821	-0.0376885	-0.0380697	-0.0345309	-0.0270854	-0.0163188	-0.00978503	-0.014451	-0.0259948	-0.0277478	-0.0247356	-0.0136751	-0.00236183	0.0177552	0.0310453	0.0443131	0.0721414	0.12431	0.191353	0.269649	0.354414	0.459796	0.590457	0.728046	0.857538	0.961179	1.03437	1.05414	1.00216	0.869955	0.65965	0.390551	0.0856084	-0.230804	-0.527699	-0.780522	-0.990472	-1.14049	-1.21929	-1.23974	-1.18178	-1.04006	-0.845938	-0.636414	-0.428015	-0.249956	-0.12109	-0.0290532	0.0317182	0.0629679	0.0527391	-0.00126032	-0.0827295	-0.184948	-0.298101	-0.382464	-0.403762	-0.372324	-0.30139	-0.202111	-0.104361	-0.00935656	0.0954132	0.195503	0.287295	0.375975	0.459225	0.530708	0.571394	0.575676	0.554182	0.507356	0.432809	0.344902	0.266787	0.194566	0.105857	0	
0	0.0990871	0.189892	0.268849	0.330806	0.381418	0.418699	0.446541	0.449992	0.42617	0.360635	0.268739	0.161577	0.0632683	-0.00515294	-0.0408596	-0.0310877	-0.00341378	0.0318913	0.0397132	0.0239549	-0.00631959	-0.0271533	-0.0364406	-0.0375769	-0.0396463	-0.0342667	-0.0211536	-0.00866642	-0.0061273	-0.0145521	-0.0215872	-0.0233544	-0.0148977	-0.00134981	0.0232776	0.0443131	0.072467	0.105683	0.16635	0.246635	0.339958	0.428148	0.538848	0.661999	0.787524	0.89236	0.967534	1.00678	0.99352	0.917604	0.769016	0.554999	0.290839	-0.000563942	-0.298432	-0.574012	-0.810374	-1.01155	-1.15004	-1.22209	-1.24204	-1.18467	-1.04541	-0.851998	-0.643701	-0.432223	-0.246381	-0.106875	-0.00158427	0.0720108	0.115335	0.115101	0.0681933	-0.0118006	-0.121623	-0.25334	-0.363433	-0.411983	-0.405551	-0.355555	-0.269951	-0.180127	-0.0991173	-0.0079222	0.086189	0.171805	0.259286	0.348723	0.437185	0.512667	0.558245	0.573822	0.554756	0.496259	0.41217	0.322621	0.236437	0.134345	0	
0	0.108348	0.209912	0.303409	0.381165	0.443931	0.492475	0.516086	0.518053	0.475727	0.400089	0.29091	0.171175	0.0622352	-0.0196426	-0.0634311	-0.0598785	-0.0318491	0.0111373	0.0286389	0.0191111	-0.00619241	-0.0296007	-0.0385063	-0.0411246	-0.044952	-0.0400851	-0.0264883	-0.00748002	0.00222599	-0.00193154	-0.0106205	-0.0125236	-0.00742202	0.0136549	0.0407293	0.0721414	0.105683	0.148757	0.216591	0.307357	0.404606	0.504851	0.613368	0.714559	0.814531	0.893435	0.942684	0.946929	0.908103	0.812018	0.655996	0.443529	0.189388	-0.0884853	-0.37132	-0.621642	-0.834138	-1.01074	-1.12614	-1.1835	-1.1928	-1.14232	-1.01894	-0.843622	-0.651559	-0.447305	-0.264253	-0.113566	0.00435923	0.0877394	0.141809	0.148161	0.114015	0.0458851	-0.0587117	-0.187636	-0.307251	-0.378879	-0.399786	-0.376936	-0.314191	-0.243914	-0.182501	-0.106241	-0.020391	0.0592703	0.139572	0.227701	0.328993	0.42716	0.506261	0.558121	0.560998	0.521217	0.458286	0.372888	0.271807	0.150681	0	
0	0.111654	0.221002	0.32404	0.417149	0.493991	0.553147	0.582289	0.580597	0.529767	0.442622	0.319531	0.188748	0.0698674	-0.0259942	-0.0737062	-0.0835588	-0.0500118	-0.00247088	0.0271871	0.0318902	0.0123	-0.00951521	-0.0170585	-0.0263905	-0.0333617	-0.0356959	-0.0262771	-0.00483428	0.0150203	0.018614	0.0175448	0.0159737	0.0246836	0.0497886	0.0835745	0.12431	0.16635	0.216591	0.290576	0.384235	0.482644	0.582938	0.671332	0.749477	0.821523	0.871902	0.888802	0.867984	0.809554	0.702478	0.547805	0.340939	0.0966271	-0.173826	-0.440229	-0.669029	-0.854382	-0.996155	-1.08321	-1.11539	-1.1105	-1.06639	-0.967049	-0.823515	-0.655133	-0.474745	-0.303157	-0.147111	-0.0225003	0.0747535	0.138309	0.158347	0.148613	0.100575	0.0177981	-0.0949195	-0.215372	-0.308158	-0.366783	-0.379713	-0.348724	-0.308654	-0.26557	-0.198623	-0.117131	-0.0352935	0.0411879	0.118244	0.215656	0.322425	0.421456	0.498388	0.527748	0.510379	0.460805	0.38837	0.290946	0.157686	0	
0	0.117668	0.235242	0.352483	0.461034	0.557101	0.628079	0.66723	0.661553	0.604665	0.501174	0.362664	0.217022	0.0814159	-0.0236235	-0.0858378	-0.102788	-0.069825	-0.0199618	0.0268522	0.0435525	0.0336334	0.0202642	0.00924364	0.000235006	-0.0103778	-0.0216041	-0.0181142	0.00227472	0.0253346	0.037673	0.0453479	0.0463402	0.0598551	0.0930406	0.138184	0.191353	0.246635	0.307357	0.384235	0.469307	0.5561	0.640326	0.70873	0.762987	0.80018	0.81757	0.813003	0.780944	0.714601	0.608825	0.459755	0.261072	0.0267763	-0.229158	-0.478519	-0.690258	-0.846972	-0.954736	-1.01681	-1.03173	-1.01693	-0.979664	-0.908208	-0.797051	-0.66013	-0.513506	-0.363002	-0.216031	-0.0858285	0.0273689	0.109684	0.160359	0.181286	0.163263	0.106435	0.00892942	-0.105194	-0.219998	-0.314751	-0.357468	-0.363719	-0.358025	-0.333449	-0.279231	-0.20481	-0.124447	-0.051233	0.0211719	0.110555	0.211066	0.316073	0.404977	0.452539	0.460113	0.427182	0.362613	0.270345	0.142993	0	
0	0.120882	0.246099	0.374129	0.500418	0.614669	0.702733	0.755035	0.751531	0.693486	0.576291	0.425491	0.262209	0.11114	-0.00779112	-0.0876169	-0.114338	-0.0936566	-0.0408558	0.013705	0.0434024	0.0490244	0.0422768	0.0372305	0.0319158	0.0194801	0.00575659	0.00385848	0.0186829	0.0438934	0.0624271	0.0761478	0.0783177	0.0998209	0.139026	0.198231	0.269649	0.339958	0.404606	0.482644	0.5561	0.625352	0.682896	0.724048	0.742925	0.742897	0.734937	0.721433	0.690097	0.626755	0.527409	0.387712	0.202749	-0.0157209	-0.254148	-0.484011	-0.675499	-0.801573	-0.882598	-0.930368	-0.937745	-0.920734	-0.890661	-0.842324	-0.758376	-0.655374	-0.546323	-0.428417	-0.30499	-0.177453	-0.0520935	0.057884	0.145739	0.202434	0.219206	0.1863	0.1078	0.00199317	-0.125673	-0.239789	-0.307163	-0.343482	-0.37021	-0.376238	-0.34077	-0.278327	-0.208047	-0.140208	-0.0740903	0.00429295	0.0967707	0.197973	0.28387	0.339598	0.368315	0.354574	0.304174	0.228727	0.121978	0	
0	0.120718	0.246631	0.385381	0.523417	0.656538	0.763011	0.828599	0.83662	0.777367	0.656417	0.493939	0.317442	0.153376	0.0211423	-0.0732678	-0.112572	-0.105127	-0.0562342	0.00173633	0.0413747	0.0600924	0.0622007	0.0654936	0.0645591	0.0571783	0.0435278	0.0383672	0.0507686	0.0761557	0.104199	0.12558	0.138047	0.163412	0.204566	0.272517	0.354414	0.428148	0.504851	0.582938	0.640326	0.682896	0.706576	0.710988	0.696062	0.669343	0.641382	0.619786	0.589975	0.537063	0.453045	0.331232	0.163543	-0.0381685	-0.250334	-0.454514	-0.622344	-0.725942	-0.792346	-0.830133	-0.838876	-0.825402	-0.806499	-0.773669	-0.713393	-0.645267	-0.568238	-0.484729	-0.386011	-0.26685	-0.134486	0.000625571	0.117898	0.204494	0.250024	0.241011	0.182597	0.0868087	-0.0381526	-0.156162	-0.237534	-0.292901	-0.343808	-0.375989	-0.366136	-0.329528	-0.276662	-0.21631	-0.161988	-0.104784	-0.0321471	0.054011	0.134982	0.201716	0.244994	0.248852	0.225402	0.175096	0.0915514	0	
