0	0	0	0	0	0	0	0	0	0	0	0	0	0	0	0	0	0	0	0	0	0	0	0	0	0	0	0	0	0	0	0	0	0	0	0	0	0	0	0	0	0	0	0	0	0	0	0	0	0	0	0	0	0	0	0	0	0	0	0	0	0	0	0	0	0	0	0	0	0	0	0	0	0	0	0	0	0	0	0	0	0	0	0	0	0	0	0	0	0	0	0	0	0	0	0	0	0	0	0	
0	0.0371806	0.0671873	0.086938	0.0973649	0.102463	0.104926	0.10543	0.103607	0.101524	0.101542	0.10681	0.116044	0.127112	0.139971	0.153454	0.168387	0.177839	0.179463	0.170796	0.158011	0.142947	0.127267	0.110204	0.0906506	0.070347	0.0486035	0.0257089	0.00438447	-0.0168556	-0.0424749	-0.0689041	-0.096392	-0.119675	-0.143019	-0.16716	-0.189548	-0.205391	-0.217613	-0.22679	-0.234506	-0.234685	-0.233718	-0.23058	-0.225974	-0.217418	-0.203707	-0.180255	-0.150374	-0.112002	-0.0645993	-0.0131017	0.0320666	0.0710944	0.103795	0.126365	0.137686	0.140581	0.133483	0.115917	0.0910733	0.0628342	0.0399043	0.0191206	0.00225917	-0.0128519	-0.0272616	-0.0423855	-0.0549954	-0.0625382	-0.068808	-0.0695359	-0.0617721	-0.0472607	-0.0318314	-0.0160203	-2.6225e-05	0.0160427	0.0360383	0.0576345	0.0747012	0.0863933	0.0933628	0.0967966	0.0972339	0.0902148	0.0806242	0.0688694	0.0491553	0.0293335	0.0136066	0.000672654	-0.0129793	-0.0267739	-0.0314437	-0.0296826	-0.026223	-0.0206414	-0.0131265	0	
0	0.0671873	0.119809	0.153256	0.167345	0.1724	0.172107	0.168373	0.162337	0.154333	0.154114	0.163251	0.181184	0.20531	0.229447	0.259367	0.288284	0.308423	0.312576	0.295707	0.271152	0.241786	0.211314	0.17716	0.139356	0.0980399	0.0542888	0.00837253	-0.0341198	-0.0776216	-0.12467	-0.175886	-0.22706	-0.267476	-0.309406	-0.354027	-0.390301	-0.417561	-0.436688	-0.448949	-0.459458	-0.460688	-0.457172	-0.452563	-0.444441	-0.432373	-0.411351	-0.373167	-0.316892	-0.245696	-0.158331	-0.0621438	0.0276063	0.105209	0.170816	0.217252	0.245044	0.256701	0.248566	0.221401	0.178231	0.131057	0.0906856	0.0568578	0.0282341	0.00269335	-0.0213596	-0.0504027	-0.072324	-0.0883833	-0.100971	-0.10366	-0.0917585	-0.064962	-0.0387988	-0.0109984	0.0164038	0.0432981	0.0782739	0.115688	0.145319	0.163394	0.173673	0.178095	0.177199	0.166391	0.14936	0.127947	0.0957346	0.0623183	0.0363659	0.0144028	-0.0125787	-0.035856	-0.0409034	-0.0404526	-0.0373634	-0.0292643	-0.0201123	0	
0	0.086938	0.153256	0.190281	0.200628	0.196471	0.185774	0.1712	0.152569	0.135303	0.127854	0.137789	0.162544	0.194961	0.233819	0.276283	0.322856	0.35458	0.363333	0.342021	0.307519	0.265784	0.221344	0.171996	0.11545	0.055678	-0.00797532	-0.0740475	-0.134947	-0.193762	-0.261555	-0.330401	-0.39868	-0.452256	-0.503658	-0.555446	-0.600427	-0.627745	-0.644941	-0.655898	-0.665832	-0.660387	-0.656386	-0.652019	-0.648545	-0.639425	-0.619338	-0.573409	-0.508178	-0.417217	-0.297654	-0.161475	-0.0368245	0.0751572	0.174398	0.250176	0.299208	0.326946	0.329005	0.302892	0.255408	0.1986	0.154647	0.116122	0.0860479	0.0586197	0.0299417	-0.00436557	-0.0340612	-0.0535674	-0.0715161	-0.0766872	-0.0606772	-0.0275787	0.00571685	0.0375408	0.0674473	0.0960549	0.134599	0.178244	0.210165	0.228118	0.236374	0.238229	0.235638	0.218302	0.197972	0.175137	0.133817	0.0933659	0.0652467	0.0434946	0.0157606	-0.0153113	-0.0258875	-0.0248487	-0.0241553	-0.0220297	-0.0177888	0	
0	0.0973649	0.167345	0.200628	0.19765	0.177407	0.148239	0.114739	0.0792738	0.044745	0.028149	0.0342886	0.0616892	0.103586	0.14999	0.207685	0.265936	0.309052	0.321765	0.295894	0.253775	0.202311	0.148491	0.0882341	0.0201597	-0.0528519	-0.130697	-0.210987	-0.283433	-0.354718	-0.430841	-0.510395	-0.587057	-0.641309	-0.693691	-0.747681	-0.787685	-0.809869	-0.818837	-0.81974	-0.822739	-0.815016	-0.807825	-0.80738	-0.810905	-0.814451	-0.806991	-0.77172	-0.70435	-0.60548	-0.47121	-0.313665	-0.159953	-0.0189948	0.107839	0.209301	0.283315	0.334009	0.353503	0.340838	0.299776	0.25069	0.214286	0.187294	0.168075	0.150815	0.130387	0.0970992	0.0702803	0.0492303	0.0299033	0.0234798	0.0394696	0.07755	0.110813	0.141432	0.166422	0.187136	0.220382	0.258373	0.283285	0.289933	0.286625	0.27933	0.269072	0.248303	0.225429	0.200742	0.161312	0.123616	0.0999754	0.0822178	0.0525235	0.0216414	0.0141431	0.0111515	0.00503351	-0.00112283	-0.00908168	0	
0	0.102463	0.1724	0.196471	0.177407	0.135342	0.0825904	0.0250052	-0.0352617	-0.091077	-0.125149	-0.129017	-0.103674	-0.0620236	-0.00821728	0.0549967	0.124866	0.17558	0.191911	0.16423	0.115899	0.058845	-0.000565666	-0.0658004	-0.138661	-0.216257	-0.297734	-0.380226	-0.45393	-0.5223	-0.598386	-0.676966	-0.750596	-0.800504	-0.845246	-0.890135	-0.923288	-0.933902	-0.930193	-0.92224	-0.918044	-0.903419	-0.899545	-0.906522	-0.92485	-0.946602	-0.960269	-0.940472	-0.890087	-0.799038	-0.660896	-0.489137	-0.321611	-0.164337	-0.0161495	0.108768	0.206045	0.278989	0.321777	0.329131	0.305989	0.2734	0.258371	0.253477	0.258333	0.263742	0.261139	0.242638	0.224956	0.212276	0.196546	0.192161	0.211294	0.249788	0.282027	0.30429	0.316197	0.321274	0.336869	0.360068	0.367476	0.35552	0.336131	0.314322	0.293291	0.264043	0.238962	0.216731	0.176308	0.139894	0.12374	0.115258	0.0919268	0.0604399	0.0505954	0.0474153	0.0362619	0.0201908	0.00233641	0	
0	0.104926	0.172107	0.185774	0.148239	0.0825904	0.00319123	-0.0821875	-0.169754	-0.250977	-0.305152	-0.32212	-0.304191	-0.263421	-0.21049	-0.142237	-0.0695473	-0.0136493	0.00254739	-0.0288398	-0.0818395	-0.143426	-0.20386	-0.266987	-0.337125	-0.407956	-0.482353	-0.555939	-0.617357	-0.673263	-0.735811	-0.800978	-0.862555	-0.897333	-0.92779	-0.959505	-0.979886	-0.978601	-0.963844	-0.94602	-0.937791	-0.924169	-0.922378	-0.940256	-0.977176	-1.024	-1.0634	-1.07195	-1.04071	-0.963319	-0.833166	-0.66444	-0.491436	-0.32419	-0.166161	-0.027596	0.0858858	0.179121	0.243065	0.272779	0.271843	0.264717	0.279269	0.308198	0.348427	0.388842	0.416499	0.422225	0.424557	0.42411	0.417163	0.416102	0.435057	0.472358	0.496691	0.506754	0.500288	0.482653	0.477034	0.478311	0.464394	0.430637	0.389585	0.351395	0.317242	0.278933	0.24869	0.222619	0.182822	0.149669	0.136344	0.130212	0.108354	0.0787535	0.0696636	0.0654065	0.052059	0.0301198	0.00538027	0	
0	0.10543	0.168373	0.1712	0.114739	0.0250052	-0.0821875	-0.196986	-0.312814	-0.42114	-0.49575	-0.528415	-0.517873	-0.481871	-0.428856	-0.361108	-0.285267	-0.228325	-0.212369	-0.245586	-0.303606	-0.365776	-0.424377	-0.482988	-0.542214	-0.602296	-0.661645	-0.716527	-0.758434	-0.791998	-0.829195	-0.873366	-0.911524	-0.925738	-0.935733	-0.9515	-0.957321	-0.944983	-0.919705	-0.896986	-0.88413	-0.873837	-0.884468	-0.919198	-0.976643	-1.04912	-1.11919	-1.15473	-1.14931	-1.09167	-0.974174	-0.809323	-0.636488	-0.469853	-0.307958	-0.162592	-0.0375189	0.0679364	0.148842	0.199328	0.220591	0.242102	0.28931	0.357804	0.440854	0.52326	0.589213	0.626862	0.653788	0.670186	0.672068	0.673801	0.689675	0.717986	0.730792	0.721207	0.690314	0.647532	0.614376	0.592585	0.557139	0.501553	0.444222	0.390951	0.343124	0.297867	0.262801	0.232266	0.187879	0.148814	0.133653	0.127074	0.102166	0.0704442	0.0604672	0.0565039	0.0443037	0.0256089	0.00548177	0	
0	0.103607	0.162337	0.152569	0.0792738	-0.0352617	-0.169754	-0.312814	-0.457842	-0.589188	-0.684621	-0.728664	-0.724426	-0.689259	-0.634596	-0.563018	-0.484654	-0.422692	-0.405609	-0.438875	-0.497631	-0.561039	-0.617253	-0.668018	-0.718932	-0.76356	-0.805275	-0.839654	-0.857704	-0.864046	-0.876809	-0.893323	-0.906754	-0.898185	-0.886016	-0.87801	-0.868251	-0.842073	-0.807541	-0.779924	-0.770379	-0.767015	-0.786332	-0.83732	-0.920939	-1.02382	-1.12199	-1.18791	-1.20723	-1.16757	-1.06174	-0.90528	-0.735965	-0.567849	-0.406219	-0.257999	-0.129525	-0.016816	0.0756552	0.139749	0.181015	0.226295	0.305873	0.413092	0.539565	0.667694	0.772856	0.846743	0.899351	0.931007	0.940942	0.939992	0.946234	0.958675	0.950802	0.916298	0.856351	0.783637	0.724276	0.679004	0.624542	0.555284	0.484659	0.422604	0.368906	0.316621	0.276223	0.24005	0.189436	0.145359	0.12368	0.109969	0.0829828	0.0494053	0.0349615	0.0332388	0.0257348	0.0084415	-0.00567652	0	
0	0.101524	0.154333	0.135303	0.044745	-0.091077	-0.250977	-0.42114	-0.589188	-0.741999	-0.84973	-0.900865	-0.896006	-0.855061	-0.792674	-0.7132	-0.626811	-0.558745	-0.536631	-0.565011	-0.623571	-0.683186	-0.734602	-0.779142	-0.817266	-0.850688	-0.878175	-0.895285	-0.895497	-0.883653	-0.870399	-0.864679	-0.852705	-0.821389	-0.785448	-0.760133	-0.731521	-0.692608	-0.647163	-0.613106	-0.595955	-0.598222	-0.631609	-0.702423	-0.806586	-0.934774	-1.0636	-1.1593	-1.20207	-1.18004	-1.08745	-0.937479	-0.766783	-0.599053	-0.437818	-0.289676	-0.158057	-0.0427849	0.0533657	0.126009	0.178013	0.242685	0.344408	0.483634	0.64808	0.814093	0.956384	1.06064	1.13521	1.17786	1.18881	1.18105	1.17067	1.16013	1.12858	1.06568	0.975903	0.876772	0.791889	0.726428	0.658451	0.57742	0.499999	0.432395	0.371842	0.32031	0.279606	0.239199	0.187858	0.14052	0.114364	0.0962936	0.0645787	0.0307249	0.0165555	0.0141271	0.00969545	0.000826376	-0.00544057	0	
0	0.101542	0.154114	0.127854	0.028149	-0.125149	-0.305152	-0.49575	-0.684621	-0.84973	-0.967209	-1.01837	-1.00789	-0.956588	-0.880077	-0.787165	-0.68855	-0.607988	-0.575339	-0.594646	-0.646157	-0.702036	-0.749441	-0.787899	-0.820032	-0.845108	-0.861898	-0.867664	-0.855907	-0.828624	-0.802737	-0.781388	-0.753562	-0.709932	-0.659123	-0.612367	-0.567208	-0.512497	-0.453926	-0.410014	-0.38937	-0.391831	-0.427447	-0.507175	-0.631376	-0.784969	-0.938368	-1.05986	-1.1261	-1.12105	-1.03797	-0.893252	-0.723394	-0.552355	-0.388099	-0.237394	-0.104864	0.0100626	0.107502	0.179388	0.235612	0.304973	0.416033	0.571207	0.756247	0.946642	1.10943	1.23483	1.32072	1.36688	1.37578	1.35746	1.33095	1.29819	1.24459	1.15767	1.04257	0.920292	0.814904	0.731989	0.652077	0.566059	0.484325	0.414256	0.35455	0.302815	0.262235	0.224128	0.174772	0.130145	0.10709	0.0912339	0.0665057	0.0381099	0.0225966	0.0214422	0.0163363	0.0018355	-0.00606624	0	
0	0.10681	0.163251	0.137789	0.0342886	-0.129017	-0.32212	-0.528415	-0.728664	-0.900865	-1.01837	-1.0619	-1.03938	-0.969079	-0.874231	-0.763064	-0.650038	-0.557186	-0.514031	-0.522904	-0.568601	-0.618669	-0.661912	-0.694996	-0.72035	-0.739589	-0.751309	-0.752446	-0.737446	-0.7085	-0.677043	-0.648569	-0.612584	-0.562143	-0.501409	-0.445848	-0.388967	-0.323176	-0.253713	-0.197025	-0.16017	-0.156273	-0.19105	-0.276942	-0.408935	-0.575395	-0.746904	-0.892048	-0.976821	-0.985786	-0.913962	-0.776033	-0.604247	-0.428539	-0.261964	-0.109414	0.0249523	0.140192	0.233609	0.299547	0.350155	0.41377	0.516988	0.66888	0.854815	1.04658	1.21244	1.34027	1.4242	1.46435	1.46438	1.43587	1.3949	1.34626	1.2799	1.18015	1.05251	0.919563	0.803788	0.709562	0.622883	0.532833	0.446464	0.372916	0.310595	0.262237	0.226844	0.193839	0.156529	0.125164	0.110853	0.101581	0.08527	0.0651718	0.0516479	0.0480151	0.0408002	0.0247256	0.0099764	0	
0	0.116044	0.181184	0.162544	0.0616892	-0.103674	-0.304191	-0.517873	-0.724426	-0.896006	-1.00789	-1.03938	-0.999282	-0.908714	-0.790387	-0.660193	-0.529533	-0.423584	-0.367112	-0.364332	-0.401322	-0.447234	-0.487481	-0.520419	-0.542678	-0.561918	-0.57157	-0.571318	-0.556248	-0.528471	-0.496968	-0.469873	-0.433608	-0.387635	-0.328012	-0.268614	-0.20455	-0.131425	-0.0542902	0.0116789	0.0586175	0.0715039	0.0443409	-0.0361154	-0.169549	-0.341986	-0.524632	-0.682513	-0.780916	-0.801338	-0.736726	-0.603614	-0.430865	-0.252296	-0.0798861	0.075767	0.212273	0.32669	0.414947	0.471068	0.509493	0.555548	0.635001	0.763322	0.926644	1.09563	1.24095	1.35234	1.41842	1.4443	1.43332	1.39799	1.35324	1.3008	1.23699	1.14034	1.01418	0.883448	0.765435	0.665304	0.575524	0.484906	0.397843	0.323872	0.263816	0.220989	0.191199	0.166843	0.142014	0.123011	0.11963	0.119861	0.114885	0.103983	0.0920514	0.0847693	0.069483	0.0440338	0.0207533	0	
0	0.127112	0.20531	0.194961	0.103586	-0.0620236	-0.263421	-0.481871	-0.689259	-0.855061	-0.956588	-0.969079	-0.908714	-0.790602	-0.64815	-0.493308	-0.346696	-0.227152	-0.159416	-0.147033	-0.176541	-0.218662	-0.259761	-0.290201	-0.313434	-0.332178	-0.342036	-0.344447	-0.334369	-0.311236	-0.287837	-0.262796	-0.229934	-0.189894	-0.136068	-0.0782461	-0.0152422	0.0576234	0.134711	0.206471	0.262565	0.281169	0.262278	0.18595	0.0556588	-0.117336	-0.300178	-0.465232	-0.570629	-0.596028	-0.535356	-0.404673	-0.231798	-0.0470953	0.128474	0.285269	0.420991	0.532399	0.612571	0.651866	0.673099	0.692255	0.736468	0.827076	0.949912	1.07942	1.18811	1.26858	1.30787	1.31315	1.291	1.25364	1.2122	1.16927	1.12	1.04104	0.933236	0.816946	0.710384	0.613954	0.526472	0.442788	0.357767	0.284773	0.230536	0.193373	0.169705	0.155252	0.142524	0.135348	0.138406	0.140507	0.139678	0.131306	0.116659	0.105045	0.0861999	0.0582542	0.0299424	0	
0	0.139971	0.229447	0.233819	0.14999	-0.00821728	-0.21049	-0.428856	-0.634596	-0.792674	-0.880077	-0.874231	-0.790387	-0.64815	-0.477577	-0.302433	-0.136338	-0.00569219	0.0739234	0.0976599	0.0769178	0.0379927	-0.000160507	-0.0345774	-0.0568746	-0.078421	-0.091477	-0.0968643	-0.0907815	-0.0771682	-0.0583669	-0.0391791	-0.0117823	0.0194234	0.0657851	0.116095	0.176356	0.247114	0.319389	0.38918	0.446578	0.46984	0.450242	0.374785	0.245841	0.0772878	-0.108168	-0.275668	-0.382451	-0.407955	-0.34527	-0.21371	-0.0345631	0.155116	0.336658	0.493166	0.625055	0.730014	0.793234	0.811446	0.805812	0.790456	0.790528	0.831441	0.905289	0.983341	1.04856	1.09265	1.10082	1.08826	1.05739	1.0241	0.997053	0.972282	0.949527	0.900938	0.821365	0.733485	0.647429	0.562192	0.487865	0.415939	0.340138	0.275817	0.228036	0.198465	0.179549	0.166685	0.158966	0.155281	0.154342	0.151067	0.148518	0.139323	0.121552	0.103586	0.0817208	0.0571539	0.0309356	0	
0	0.153454	0.259367	0.276283	0.207685	0.0549967	-0.142237	-0.361108	-0.563018	-0.7132	-0.787165	-0.763064	-0.660193	-0.493308	-0.302433	-0.105131	0.0729781	0.213033	0.30154	0.332656	0.320391	0.286485	0.246235	0.213912	0.188965	0.165934	0.152554	0.143939	0.144207	0.153428	0.162252	0.176459	0.198842	0.221862	0.257176	0.301689	0.359001	0.424093	0.489865	0.556722	0.61163	0.62811	0.608199	0.53191	0.40091	0.22632	0.0405039	-0.12712	-0.23503	-0.25769	-0.18888	-0.0481399	0.137769	0.339544	0.529699	0.68683	0.812043	0.902461	0.943463	0.927968	0.886567	0.826478	0.773766	0.76126	0.779424	0.807317	0.830964	0.841048	0.825997	0.798988	0.76542	0.741429	0.73069	0.731368	0.738457	0.725666	0.68717	0.636247	0.583993	0.524998	0.471068	0.422624	0.362996	0.306783	0.268484	0.239639	0.214227	0.19826	0.185018	0.17236	0.161638	0.148329	0.138152	0.124767	0.10691	0.0881428	0.0643338	0.0433749	0.0243304	0	
0	0.168387	0.288284	0.322856	0.265936	0.124866	-0.0695473	-0.285267	-0.484654	-0.626811	-0.68855	-0.650038	-0.529533	-0.346696	-0.136338	0.0729781	0.260178	0.402189	0.491838	0.526202	0.518448	0.484175	0.445909	0.409989	0.385661	0.363983	0.349488	0.340927	0.339885	0.341508	0.344879	0.355481	0.37305	0.390758	0.418684	0.456175	0.507535	0.568787	0.626978	0.687862	0.737983	0.75737	0.730985	0.645469	0.507417	0.333022	0.142872	-0.0290154	-0.137593	-0.156919	-0.0794705	0.0711763	0.272912	0.490669	0.694456	0.855341	0.974182	1.04987	1.05975	1.00481	0.917247	0.804673	0.695501	0.62444	0.589596	0.570749	0.560107	0.546063	0.514259	0.481059	0.448236	0.432253	0.439383	0.461987	0.497616	0.524658	0.530233	0.528639	0.522837	0.500873	0.48318	0.464865	0.425578	0.382193	0.345858	0.310957	0.273539	0.239729	0.211607	0.187269	0.160454	0.13262	0.115216	0.0988598	0.0785378	0.0585902	0.0426886	0.0334186	0.0197115	0	
0	0.177839	0.308423	0.35458	0.309052	0.17558	-0.0136493	-0.228325	-0.422692	-0.558745	-0.607988	-0.557186	-0.423584	-0.227152	-0.00569219	0.213033	0.402189	0.540671	0.626662	0.658502	0.650343	0.615887	0.571758	0.532776	0.504262	0.48049	0.466465	0.458915	0.458254	0.460495	0.461905	0.471959	0.489129	0.503266	0.523125	0.553354	0.603222	0.661251	0.714284	0.770811	0.817099	0.828403	0.796461	0.710237	0.569557	0.387215	0.191108	0.0177311	-0.0942456	-0.111433	-0.0261297	0.137927	0.35247	0.589169	0.811608	0.982344	1.09874	1.15952	1.14129	1.04674	0.911903	0.746798	0.581864	0.456506	0.372181	0.313763	0.27778	0.245825	0.206023	0.170036	0.13786	0.128806	0.146797	0.187077	0.246232	0.307437	0.360604	0.410544	0.45591	0.481749	0.503925	0.521106	0.508165	0.477914	0.446603	0.403265	0.347219	0.29549	0.248373	0.202306	0.156603	0.116081	0.0888521	0.0690885	0.0548793	0.0375743	0.0181381	0.0127802	0.0103967	0	
0	0.179463	0.312576	0.363333	0.321765	0.191911	0.00254739	-0.212369	-0.405609	-0.536631	-0.575339	-0.514031	-0.367112	-0.159416	0.0739234	0.30154	0.491838	0.626662	0.704339	0.729663	0.717388	0.676174	0.62534	0.577952	0.543254	0.517326	0.501642	0.495143	0.495401	0.496157	0.496721	0.507502	0.527655	0.545452	0.564122	0.593562	0.642447	0.696655	0.745532	0.79584	0.836933	0.849959	0.817199	0.723402	0.576243	0.392292	0.195218	0.0197656	-0.0940274	-0.111509	-0.0233613	0.14818	0.37542	0.627669	0.86503	1.04426	1.16143	1.212	1.17144	1.04543	0.871587	0.665282	0.456485	0.288341	0.164081	0.0769913	0.0230961	-0.0193772	-0.0613862	-0.0984481	-0.128389	-0.135586	-0.111443	-0.0611479	0.0104883	0.0975306	0.187627	0.282837	0.375592	0.445448	0.50862	0.561124	0.576094	0.563957	0.539377	0.493041	0.426053	0.358015	0.295177	0.235559	0.176377	0.121323	0.0798824	0.0511884	0.0310368	0.0118169	0.000199567	0.00274631	0.00361372	0	
0	0.170796	0.295707	0.342021	0.295894	0.16423	-0.0288398	-0.245586	-0.438875	-0.565011	-0.594646	-0.522904	-0.364332	-0.147033	0.0976599	0.332656	0.526202	0.658502	0.729663	0.751597	0.736806	0.693038	0.636484	0.580564	0.536293	0.503493	0.480923	0.470905	0.469334	0.469113	0.469113	0.482992	0.507173	0.529423	0.549033	0.579029	0.628951	0.688409	0.739127	0.787943	0.826496	0.837045	0.797242	0.702868	0.556115	0.370414	0.170832	-0.0063926	-0.124494	-0.144796	-0.0556065	0.11733	0.344192	0.600358	0.844201	1.02938	1.14379	1.18593	1.13176	0.989354	0.794954	0.566481	0.336691	0.142733	-0.00599306	-0.111955	-0.179159	-0.228079	-0.272086	-0.308084	-0.335653	-0.340219	-0.309856	-0.253164	-0.173911	-0.0729417	0.0398645	0.163298	0.284277	0.382898	0.472202	0.549206	0.589998	0.602526	0.59579	0.558194	0.496008	0.428827	0.360979	0.290503	0.217651	0.15025	0.0967313	0.058571	0.0340083	0.0107098	-0.00812445	-0.00818901	-0.001379	0	
0	0.158011	0.271152	0.307519	0.253775	0.115899	-0.0818395	-0.303606	-0.497631	-0.623571	-0.646157	-0.568601	-0.401322	-0.176541	0.0769178	0.320391	0.518448	0.650343	0.717388	0.736806	0.720046	0.677012	0.61608	0.554405	0.503907	0.46471	0.437492	0.423847	0.417612	0.411702	0.407919	0.415743	0.44163	0.468061	0.491727	0.524678	0.583154	0.646405	0.70344	0.753342	0.795632	0.808571	0.773788	0.680426	0.531902	0.34402	0.143574	-0.0329033	-0.153677	-0.179513	-0.101927	0.0618578	0.281589	0.530066	0.766492	0.944037	1.05227	1.08463	1.02341	0.877369	0.677797	0.451007	0.220353	0.0223234	-0.135961	-0.250764	-0.324399	-0.378409	-0.420113	-0.453311	-0.474967	-0.471728	-0.43411	-0.371269	-0.290007	-0.188875	-0.0711742	0.0591983	0.18528	0.293533	0.393265	0.483133	0.546714	0.584188	0.600469	0.585908	0.539766	0.481638	0.421495	0.355031	0.284541	0.213136	0.145922	0.0969474	0.0656457	0.0360442	0.0109425	0.00283903	0.00338367	0	
0	0.142947	0.241786	0.265784	0.202311	0.058845	-0.143426	-0.365776	-0.561039	-0.683186	-0.702036	-0.618669	-0.447234	-0.218662	0.0379927	0.286485	0.484175	0.615887	0.676174	0.693038	0.677012	0.635814	0.577132	0.514219	0.459366	0.418093	0.386577	0.369201	0.359631	0.349212	0.339177	0.342631	0.365712	0.391942	0.414669	0.449729	0.508397	0.579833	0.648767	0.707408	0.757587	0.780572	0.754042	0.666064	0.523998	0.339879	0.143849	-0.0376162	-0.166994	-0.207758	-0.144519	0.000981669	0.198282	0.424528	0.641819	0.808761	0.905344	0.92804	0.865718	0.725865	0.537689	0.326741	0.114745	-0.0717905	-0.226426	-0.338667	-0.416132	-0.469252	-0.50757	-0.537232	-0.549623	-0.539236	-0.493611	-0.426661	-0.349204	-0.255788	-0.1475	-0.0267509	0.0901815	0.19102	0.285536	0.376721	0.453763	0.5159	0.557321	0.567042	0.549058	0.515314	0.470671	0.414818	0.353612	0.287142	0.220528	0.168679	0.129336	0.0933181	0.0592706	0.0339831	0.0182594	0	
0	0.127267	0.211314	0.221344	0.148491	-0.000565666	-0.20386	-0.424377	-0.617253	-0.734602	-0.749441	-0.661912	-0.487481	-0.259761	-0.000160507	0.246235	0.445909	0.571758	0.62534	0.636484	0.61608	0.577132	0.519375	0.455315	0.401033	0.357924	0.327376	0.311707	0.301551	0.290237	0.277829	0.274144	0.293729	0.316904	0.338693	0.370929	0.429362	0.505394	0.581951	0.647969	0.711365	0.748113	0.735517	0.666145	0.537723	0.362651	0.16738	-0.0152245	-0.153642	-0.212182	-0.17966	-0.0680048	0.0987201	0.294669	0.487148	0.637111	0.725742	0.744083	0.687893	0.562577	0.392603	0.207029	0.0215885	-0.144644	-0.283893	-0.386441	-0.45782	-0.502098	-0.532665	-0.553727	-0.560347	-0.545421	-0.499381	-0.440305	-0.372873	-0.299103	-0.21021	-0.10512	-0.00676055	0.0823235	0.167113	0.250692	0.335492	0.415637	0.478458	0.51658	0.526915	0.517527	0.497973	0.46569	0.424469	0.36917	0.304863	0.252889	0.210712	0.167972	0.118055	0.071621	0.0383871	0	
0	0.110204	0.17716	0.171996	0.0882341	-0.0658004	-0.266987	-0.482988	-0.668018	-0.779142	-0.787899	-0.694996	-0.520419	-0.290201	-0.0345774	0.213912	0.409989	0.532776	0.577952	0.580564	0.554405	0.514219	0.455315	0.391432	0.333798	0.290409	0.260743	0.246393	0.240203	0.230928	0.220092	0.215333	0.233431	0.255872	0.277839	0.307238	0.363108	0.43811	0.520374	0.593698	0.667208	0.714023	0.723312	0.671664	0.559859	0.397477	0.214824	0.0292183	-0.121767	-0.20784	-0.211939	-0.141019	-0.0152688	0.142671	0.304834	0.443118	0.529523	0.552803	0.51033	0.405748	0.259346	0.101286	-0.0565881	-0.197842	-0.315771	-0.400237	-0.455175	-0.481931	-0.495125	-0.506865	-0.509318	-0.497162	-0.465794	-0.424799	-0.38118	-0.335139	-0.270238	-0.186471	-0.102948	-0.0274473	0.0433087	0.118434	0.203484	0.294645	0.374535	0.43831	0.482085	0.504465	0.513061	0.506747	0.48939	0.450323	0.391175	0.334869	0.282835	0.231571	0.170187	0.105127	0.0537248	0	
0	0.0906506	0.139356	0.11545	0.0201597	-0.138661	-0.337125	-0.542214	-0.718932	-0.817266	-0.820032	-0.72035	-0.542678	-0.313434	-0.0568746	0.188965	0.385661	0.504262	0.543254	0.536293	0.503907	0.459366	0.401033	0.333798	0.274744	0.226999	0.196466	0.182908	0.176996	0.172285	0.164244	0.160897	0.181802	0.20709	0.232402	0.266588	0.318967	0.396314	0.482587	0.561718	0.641469	0.700601	0.720741	0.684967	0.590193	0.442719	0.263993	0.0746199	-0.0895186	-0.20343	-0.247283	-0.223643	-0.141856	-0.0241948	0.111902	0.239373	0.330162	0.364494	0.342729	0.261499	0.142209	0.0112566	-0.118645	-0.232493	-0.324544	-0.384242	-0.417784	-0.41794	-0.411756	-0.411332	-0.41172	-0.410709	-0.400093	-0.390113	-0.376811	-0.363077	-0.329189	-0.265554	-0.197535	-0.134714	-0.0764214	-0.0148126	0.0656397	0.162367	0.255732	0.343001	0.417775	0.474378	0.514655	0.537922	0.545306	0.517696	0.462626	0.40436	0.34104	0.278384	0.206693	0.127723	0.0631695	0	
0	0.070347	0.0980399	0.055678	-0.0528519	-0.216257	-0.407956	-0.602296	-0.76356	-0.850688	-0.845108	-0.739589	-0.561918	-0.332178	-0.078421	0.165934	0.363983	0.48049	0.517326	0.503493	0.46471	0.418093	0.357924	0.290409	0.226999	0.175501	0.142109	0.126333	0.121732	0.118391	0.112397	0.1127	0.133661	0.162213	0.197108	0.236009	0.293887	0.378387	0.469862	0.558917	0.64747	0.710129	0.739709	0.715801	0.626507	0.481629	0.300762	0.10098	-0.0817793	-0.222635	-0.305573	-0.32498	-0.28053	-0.191256	-0.0764523	0.0455926	0.143658	0.195722	0.193483	0.135903	0.0436236	-0.0596023	-0.160103	-0.245589	-0.307155	-0.345318	-0.355711	-0.334532	-0.311433	-0.299084	-0.299917	-0.305354	-0.31669	-0.334581	-0.351521	-0.373138	-0.371243	-0.33467	-0.283756	-0.235676	-0.190855	-0.138192	-0.065325	0.0318065	0.135321	0.24167	0.3408	0.4202	0.487263	0.539677	0.567734	0.55735	0.514779	0.456355	0.390062	0.322642	0.239211	0.148982	0.0747267	0	
0	0.0486035	0.0542888	-0.00797532	-0.130697	-0.297734	-0.482353	-0.661645	-0.805275	-0.878175	-0.861898	-0.751309	-0.57157	-0.342036	-0.091477	0.152554	0.349488	0.466465	0.501642	0.480923	0.437492	0.386577	0.327376	0.260743	0.196466	0.142109	0.105998	0.0882604	0.0813727	0.0781027	0.0734782	0.0736353	0.0955449	0.127863	0.168765	0.218631	0.285727	0.376633	0.479856	0.58439	0.682251	0.754485	0.791783	0.767576	0.675225	0.523023	0.325587	0.104256	-0.104889	-0.279609	-0.397291	-0.447277	-0.427555	-0.358477	-0.252419	-0.128242	-0.0175946	0.0500319	0.0648481	0.0278419	-0.0378585	-0.111188	-0.181986	-0.23299	-0.265639	-0.283534	-0.278536	-0.246963	-0.2148	-0.197817	-0.196137	-0.205311	-0.229096	-0.265543	-0.308234	-0.359398	-0.392476	-0.385022	-0.352469	-0.319633	-0.285094	-0.239257	-0.171515	-0.0789844	0.0242985	0.136652	0.244761	0.337485	0.419316	0.490583	0.544553	0.558894	0.536419	0.494183	0.435304	0.367344	0.284073	0.186134	0.0913273	0	
0	0.0257089	0.00837253	-0.0740475	-0.210987	-0.380226	-0.555939	-0.716527	-0.839654	-0.895285	-0.867664	-0.752446	-0.571318	-0.344447	-0.0968643	0.143939	0.340927	0.458915	0.495143	0.470905	0.423847	0.369201	0.311707	0.246393	0.182908	0.126333	0.0882604	0.0681545	0.0604866	0.0576332	0.0533597	0.0564203	0.0774331	0.110304	0.157918	0.216878	0.291895	0.394767	0.509429	0.630272	0.741658	0.823363	0.861302	0.836073	0.734751	0.56468	0.339416	0.0843049	-0.16155	-0.367354	-0.513415	-0.59237	-0.591445	-0.524694	-0.412993	-0.280821	-0.155643	-0.066868	-0.0331569	-0.0507503	-0.0901324	-0.135927	-0.176732	-0.197379	-0.205928	-0.211808	-0.202518	-0.17214	-0.142595	-0.12444	-0.119898	-0.126727	-0.1509	-0.193942	-0.250633	-0.322135	-0.384079	-0.40489	-0.391859	-0.374017	-0.348773	-0.308577	-0.25157	-0.169639	-0.0712937	0.0332916	0.132702	0.222874	0.312633	0.400499	0.471165	0.512629	0.527502	0.513757	0.473647	0.414582	0.32998	0.225066	0.114222	0	
0	0.00438447	-0.0341198	-0.134947	-0.283433	-0.45393	-0.617357	-0.758434	-0.857704	-0.895497	-0.855907	-0.737446	-0.556248	-0.334369	-0.0907815	0.144207	0.339885	0.458254	0.495401	0.469334	0.417612	0.359631	0.301551	0.240203	0.176996	0.121732	0.0813727	0.0604866	0.0524068	0.0501354	0.0472882	0.0539211	0.0743415	0.109403	0.162237	0.230361	0.318407	0.429898	0.554463	0.690234	0.81168	0.899623	0.937946	0.906375	0.788713	0.59616	0.339048	0.053212	-0.226587	-0.46388	-0.640849	-0.738675	-0.746997	-0.68081	-0.564489	-0.419395	-0.271196	-0.154791	-0.0976018	-0.0905978	-0.103084	-0.124385	-0.143637	-0.145411	-0.141956	-0.147229	-0.141666	-0.121496	-0.0992205	-0.0814278	-0.0742596	-0.0755436	-0.0937633	-0.133544	-0.192472	-0.271035	-0.347931	-0.386787	-0.389675	-0.3867	-0.373306	-0.343903	-0.303765	-0.243885	-0.163612	-0.0721507	0.0140936	0.0924146	0.180616	0.278885	0.368411	0.438284	0.484142	0.500058	0.485544	0.439055	0.360217	0.255407	0.131659	0	
0	-0.0168556	-0.0776216	-0.193762	-0.354718	-0.5223	-0.673263	-0.791998	-0.864046	-0.883653	-0.828624	-0.7085	-0.528471	-0.311236	-0.0771682	0.153428	0.341508	0.460495	0.496157	0.469113	0.411702	0.349212	0.290237	0.230928	0.172285	0.118391	0.0781027	0.0576332	0.0501354	0.0467779	0.0493139	0.0578518	0.082384	0.121283	0.179885	0.257533	0.35968	0.476916	0.611459	0.75454	0.882674	0.969958	1.00002	0.950827	0.816099	0.598863	0.317287	0.00361342	-0.303436	-0.562272	-0.752217	-0.865154	-0.889156	-0.827321	-0.703003	-0.54414	-0.373291	-0.222756	-0.129317	-0.0866507	-0.0707596	-0.0700193	-0.0787142	-0.0747025	-0.0768411	-0.0917009	-0.0984102	-0.0951381	-0.0812599	-0.068208	-0.0583846	-0.0565516	-0.0672844	-0.096095	-0.147639	-0.216135	-0.289625	-0.332705	-0.343809	-0.353667	-0.357543	-0.350705	-0.337799	-0.306355	-0.248596	-0.176391	-0.107205	-0.0348065	0.0546555	0.151582	0.245849	0.334404	0.405195	0.4474	0.454378	0.421221	0.355353	0.261119	0.137919	0	
0	-0.0424749	-0.12467	-0.261555	-0.430841	-0.598386	-0.735811	-0.829195	-0.876809	-0.870399	-0.802737	-0.677043	-0.496968	-0.287837	-0.0583669	0.162252	0.344879	0.461905	0.496721	0.469113	0.407919	0.339177	0.277829	0.220092	0.164244	0.112397	0.0734782	0.0533597	0.0472882	0.0493139	0.0552848	0.0719866	0.103826	0.146409	0.2097	0.299577	0.411012	0.536788	0.676409	0.819198	0.943639	1.02272	1.03264	0.96192	0.802723	0.561323	0.258918	-0.0698906	-0.389157	-0.65411	-0.852212	-0.975867	-1.00957	-0.951566	-0.826541	-0.659955	-0.463902	-0.275458	-0.137424	-0.0557151	-0.00680809	0.012991	0.0125073	0.0117978	-0.00534417	-0.0353793	-0.0645282	-0.0808892	-0.0840811	-0.0780782	-0.0687718	-0.0656814	-0.0635869	-0.0788199	-0.112536	-0.161478	-0.219741	-0.256445	-0.274905	-0.296379	-0.318384	-0.337162	-0.356275	-0.356255	-0.31842	-0.261317	-0.205452	-0.143266	-0.0613236	0.0308111	0.119079	0.205367	0.286977	0.346998	0.370519	0.356445	0.310255	0.233606	0.127143	0	
0	-0.0689041	-0.175886	-0.330401	-0.510395	-0.676966	-0.800978	-0.873366	-0.893323	-0.864679	-0.781388	-0.648569	-0.469873	-0.262796	-0.0391791	0.176459	0.355481	0.471959	0.507502	0.482992	0.415743	0.342631	0.274144	0.215333	0.160897	0.1127	0.0736353	0.0564203	0.0539211	0.0578518	0.0719866	0.0976629	0.137688	0.190344	0.262541	0.359863	0.483801	0.614354	0.750496	0.882514	0.996721	1.05445	1.03889	0.93978	0.756587	0.494039	0.180493	-0.155249	-0.475118	-0.739413	-0.936633	-1.06073	-1.10205	-1.05183	-0.928546	-0.749947	-0.534177	-0.314697	-0.139922	-0.0211005	0.0537689	0.0913586	0.100129	0.0959436	0.0690453	0.0232897	-0.0270296	-0.0694206	-0.0935383	-0.0989736	-0.0927196	-0.0820811	-0.0659616	-0.0619836	-0.0768083	-0.1097	-0.152975	-0.185906	-0.210422	-0.240146	-0.274185	-0.311127	-0.352067	-0.375273	-0.362649	-0.323498	-0.279333	-0.228909	-0.157854	-0.0827835	-0.0107606	0.0666375	0.141774	0.204977	0.240937	0.241431	0.215251	0.170103	0.0999426	0	
0	-0.096392	-0.22706	-0.39868	-0.587057	-0.750596	-0.862555	-0.911524	-0.906754	-0.852705	-0.753562	-0.612584	-0.433608	-0.229934	-0.0117823	0.198842	0.37305	0.489129	0.527655	0.507173	0.44163	0.365712	0.293729	0.233431	0.181802	0.133661	0.0955449	0.0774331	0.0743415	0.082384	0.103826	0.137688	0.194381	0.258659	0.337994	0.447253	0.577782	0.708089	0.83724	0.950461	1.04072	1.07231	1.02754	0.899403	0.692374	0.414999	0.0999303	-0.23245	-0.546345	-0.806789	-0.997131	-1.12109	-1.16679	-1.12105	-0.992302	-0.804421	-0.575547	-0.337787	-0.137242	0.00377603	0.0929493	0.144301	0.164308	0.164636	0.135489	0.0832569	0.0125756	-0.0549479	-0.103977	-0.12586	-0.121363	-0.101277	-0.065671	-0.0412046	-0.037409	-0.0579677	-0.093643	-0.126213	-0.158867	-0.191552	-0.228216	-0.275252	-0.329044	-0.369256	-0.377383	-0.36091	-0.33674	-0.296842	-0.239593	-0.185403	-0.131512	-0.0758215	-0.0188092	0.036981	0.0710675	0.0860722	0.0875316	0.0754194	0.0502353	0	
0	-0.119675	-0.267476	-0.452256	-0.641309	-0.800504	-0.897333	-0.925738	-0.898185	-0.821389	-0.709932	-0.562143	-0.387635	-0.189894	0.0194234	0.221862	0.390758	0.503266	0.545452	0.529423	0.468061	0.391942	0.316904	0.255872	0.20709	0.162213	0.127863	0.110304	0.109403	0.121283	0.146409	0.190344	0.258659	0.33271	0.421755	0.53584	0.667274	0.799298	0.914289	1.00185	1.0659	1.06617	0.990473	0.837746	0.615938	0.336087	0.0262207	-0.299214	-0.600727	-0.84894	-1.03225	-1.15072	-1.19035	-1.1404	-1.00777	-0.812224	-0.57486	-0.331132	-0.121236	0.0255944	0.118661	0.17493	0.202187	0.206068	0.180291	0.126424	0.043892	-0.0399815	-0.108138	-0.143325	-0.142364	-0.112164	-0.0630416	-0.022779	-0.00445484	-0.0189642	-0.0485963	-0.0820778	-0.118956	-0.150533	-0.182486	-0.225156	-0.281868	-0.333419	-0.364213	-0.37502	-0.373192	-0.356367	-0.322114	-0.285409	-0.251792	-0.220758	-0.181908	-0.138316	-0.109738	-0.0868037	-0.0649322	-0.0381772	-0.00696465	0	
0	-0.143019	-0.309406	-0.503658	-0.693691	-0.845246	-0.92779	-0.935733	-0.886016	-0.785448	-0.659123	-0.501409	-0.328012	-0.136068	0.0657851	0.257176	0.418684	0.523125	0.564122	0.549033	0.491727	0.414669	0.338693	0.277839	0.232402	0.197108	0.168765	0.157918	0.162237	0.179885	0.2097	0.262541	0.337994	0.421755	0.512857	0.625284	0.749991	0.874225	0.965993	1.02822	1.05929	1.03388	0.939075	0.774653	0.543174	0.264519	-0.0392518	-0.350194	-0.635472	-0.874693	-1.04643	-1.14828	-1.17497	-1.12158	-0.985702	-0.783934	-0.549777	-0.311538	-0.102978	0.0460634	0.139754	0.196156	0.226305	0.230085	0.209633	0.157428	0.0750278	-0.0103038	-0.0866678	-0.132277	-0.140663	-0.113741	-0.067712	-0.0260424	-0.00135928	-0.00815811	-0.029203	-0.0540446	-0.0833955	-0.109633	-0.132124	-0.166775	-0.217919	-0.270747	-0.323435	-0.364899	-0.390663	-0.402762	-0.400243	-0.390968	-0.376181	-0.364441	-0.34845	-0.318919	-0.28807	-0.252508	-0.20988	-0.149365	-0.0691107	0	
0	-0.16716	-0.354027	-0.555446	-0.747681	-0.890135	-0.959505	-0.9515	-0.87801	-0.760133	-0.612367	-0.445848	-0.268614	-0.0782461	0.116095	0.301689	0.456175	0.553354	0.593562	0.579029	0.524678	0.449729	0.370929	0.307238	0.266588	0.236009	0.218631	0.216878	0.230361	0.257533	0.299577	0.359863	0.447253	0.53584	0.625284	0.720934	0.826444	0.925706	0.99067	1.02356	1.02821	0.982796	0.877904	0.708347	0.478518	0.21033	-0.0825285	-0.381306	-0.656634	-0.881474	-1.03526	-1.11998	-1.13153	-1.07036	-0.933314	-0.74074	-0.518225	-0.29012	-0.0867981	0.0625077	0.15584	0.214531	0.240677	0.244762	0.228698	0.181864	0.112444	0.0362797	-0.0354965	-0.0892307	-0.111354	-0.0981588	-0.0709478	-0.0406982	-0.0184383	-0.020132	-0.0306869	-0.0424179	-0.0595446	-0.0770239	-0.0908822	-0.114835	-0.153732	-0.202745	-0.263768	-0.325213	-0.38169	-0.428088	-0.462425	-0.48802	-0.501187	-0.511004	-0.510971	-0.49132	-0.458104	-0.407751	-0.339677	-0.244128	-0.121507	0	
0	-0.189548	-0.390301	-0.600427	-0.787685	-0.923288	-0.979886	-0.957321	-0.868251	-0.731521	-0.567208	-0.388967	-0.20455	-0.0152422	0.176356	0.359001	0.507535	0.603222	0.642447	0.628951	0.583154	0.508397	0.429362	0.363108	0.318967	0.293887	0.285727	0.291895	0.318407	0.35968	0.411012	0.483801	0.577782	0.667274	0.749991	0.826444	0.903608	0.973085	1.00733	1.00931	0.982821	0.922492	0.818864	0.657925	0.441371	0.188408	-0.0938925	-0.378732	-0.636924	-0.842849	-0.98232	-1.05089	-1.05011	-0.98909	-0.866223	-0.691111	-0.483705	-0.271553	-0.0790265	0.0648998	0.161276	0.217852	0.240914	0.250067	0.242955	0.210566	0.158166	0.0984532	0.0327721	-0.0278652	-0.0619771	-0.0666925	-0.0576481	-0.0429195	-0.0309895	-0.0327952	-0.0408424	-0.0436875	-0.0467652	-0.0587692	-0.067309	-0.0774289	-0.103962	-0.145138	-0.206165	-0.279735	-0.353662	-0.430319	-0.504424	-0.560944	-0.603515	-0.641377	-0.658716	-0.645985	-0.607549	-0.544539	-0.456391	-0.334341	-0.176927	0	
0	-0.205391	-0.417561	-0.627745	-0.809869	-0.933902	-0.978601	-0.944983	-0.842073	-0.692608	-0.512497	-0.323176	-0.131425	0.0576234	0.247114	0.424093	0.568787	0.661251	0.696655	0.688409	0.646405	0.579833	0.505394	0.43811	0.396314	0.378387	0.376633	0.394767	0.429898	0.476916	0.536788	0.614354	0.708089	0.799298	0.874225	0.925706	0.973085	1.00762	1.01078	0.986769	0.943503	0.876772	0.775889	0.62391	0.423731	0.18526	-0.0786229	-0.336828	-0.569492	-0.753075	-0.87542	-0.932497	-0.933182	-0.883547	-0.782196	-0.631571	-0.447143	-0.251202	-0.0728634	0.0636883	0.158501	0.213392	0.238464	0.259412	0.268201	0.251715	0.216821	0.166365	0.100185	0.0314472	-0.0146317	-0.031858	-0.032034	-0.0268994	-0.023875	-0.0300958	-0.0434168	-0.042395	-0.0354741	-0.0428824	-0.0479996	-0.0534813	-0.0729314	-0.110141	-0.173146	-0.24896	-0.331795	-0.426016	-0.518888	-0.601148	-0.671919	-0.732068	-0.776451	-0.781897	-0.736583	-0.658436	-0.549257	-0.397692	-0.21061	0	
0	-0.217613	-0.436688	-0.644941	-0.818837	-0.930193	-0.963844	-0.919705	-0.807541	-0.647163	-0.453926	-0.253713	-0.0542902	0.134711	0.319389	0.489865	0.626978	0.714284	0.745532	0.739127	0.70344	0.648767	0.581951	0.520374	0.482587	0.469862	0.479856	0.509429	0.554463	0.611459	0.676409	0.750496	0.83724	0.914289	0.965993	0.99067	1.00733	1.01078	0.998622	0.965961	0.913445	0.843077	0.747633	0.606908	0.419782	0.197266	-0.0396631	-0.269641	-0.474006	-0.627664	-0.726943	-0.779628	-0.78829	-0.755515	-0.681805	-0.564179	-0.405068	-0.226345	-0.0653297	0.0620189	0.159383	0.220667	0.256297	0.293648	0.316671	0.313446	0.286322	0.235771	0.16141	0.0823396	0.0247454	-0.00322978	-0.00321793	0.00127997	0.00299916	-0.00507385	-0.023968	-0.0255049	-0.0195466	-0.0280303	-0.0375936	-0.0430926	-0.0597144	-0.0981795	-0.155128	-0.226011	-0.314435	-0.415888	-0.521006	-0.625308	-0.7222	-0.804767	-0.862541	-0.873343	-0.822914	-0.724188	-0.591422	-0.426302	-0.227653	0	
0	-0.22679	-0.448949	-0.655898	-0.81974	-0.92224	-0.94602	-0.896986	-0.779924	-0.613106	-0.410014	-0.197025	0.0116789	0.206471	0.38918	0.556722	0.687862	0.770811	0.79584	0.787943	0.753342	0.707408	0.647969	0.593698	0.561718	0.558917	0.58439	0.630272	0.690234	0.75454	0.819198	0.882514	0.950461	1.00185	1.02822	1.02356	1.00931	0.986769	0.965961	0.927816	0.883074	0.82243	0.738315	0.609068	0.441276	0.237313	0.0220395	-0.183373	-0.35606	-0.479453	-0.564497	-0.615345	-0.63172	-0.61477	-0.567691	-0.484744	-0.357409	-0.20733	-0.0665542	0.0548	0.161876	0.241029	0.297437	0.353752	0.387384	0.39156	0.367411	0.313408	0.232863	0.146511	0.0749529	0.0345517	0.0309731	0.0369182	0.0409062	0.0317482	0.011012	0.00139295	-0.00242983	-0.0187371	-0.0372105	-0.0427571	-0.0543619	-0.0870457	-0.136899	-0.20672	-0.301981	-0.415334	-0.531189	-0.6445	-0.754608	-0.850708	-0.911033	-0.913513	-0.852013	-0.737803	-0.58801	-0.41441	-0.217627	0	
0	-0.234506	-0.459458	-0.665832	-0.822739	-0.918044	-0.937791	-0.88413	-0.770379	-0.595955	-0.38937	-0.16017	0.0586175	0.262565	0.446578	0.61163	0.737983	0.817099	0.836933	0.826496	0.795632	0.757587	0.711365	0.667208	0.641469	0.64747	0.682251	0.741658	0.81168	0.882674	0.943639	0.996721	1.04072	1.0659	1.05929	1.02821	0.982821	0.943503	0.913445	0.883074	0.852265	0.804883	0.734253	0.628321	0.484413	0.300636	0.115134	-0.0647817	-0.216171	-0.332215	-0.410542	-0.461711	-0.485534	-0.479694	-0.452645	-0.399977	-0.311842	-0.192442	-0.0701162	0.0468933	0.167293	0.269688	0.355717	0.428771	0.471172	0.482392	0.457953	0.402859	0.318037	0.226065	0.141965	0.0858108	0.0759522	0.0830793	0.0898793	0.0838155	0.0631293	0.0442956	0.0253209	-0.00691104	-0.0376613	-0.0515365	-0.0650508	-0.0877243	-0.12574	-0.194168	-0.298034	-0.419582	-0.540533	-0.657953	-0.764308	-0.852065	-0.906	-0.902812	-0.832212	-0.704626	-0.550635	-0.381914	-0.193973	0	
0	-0.234685	-0.460688	-0.660387	-0.815016	-0.903419	-0.924169	-0.873837	-0.767015	-0.598222	-0.391831	-0.156273	0.0715039	0.281169	0.46984	0.62811	0.75737	0.828403	0.849959	0.837045	0.808571	0.780572	0.748113	0.714023	0.700601	0.710129	0.754485	0.823363	0.899623	0.969958	1.02272	1.05445	1.07231	1.06617	1.03388	0.982796	0.922492	0.876772	0.843077	0.82243	0.804883	0.772054	0.716747	0.638919	0.522924	0.380181	0.227248	0.0666927	-0.0773061	-0.189853	-0.266938	-0.325077	-0.356	-0.362648	-0.349516	-0.322339	-0.263073	-0.166983	-0.0594141	0.0556712	0.180207	0.300731	0.406588	0.491083	0.547245	0.567584	0.550221	0.497314	0.412802	0.320648	0.226843	0.162657	0.145174	0.148567	0.155457	0.144128	0.121326	0.0968119	0.0633794	0.0203437	-0.021955	-0.0526204	-0.0758986	-0.100102	-0.135518	-0.201794	-0.310112	-0.433619	-0.548642	-0.654283	-0.742432	-0.806015	-0.833946	-0.821686	-0.761817	-0.646033	-0.504096	-0.34762	-0.171603	0	
0	-0.233718	-0.457172	-0.656386	-0.807825	-0.899545	-0.922378	-0.884468	-0.786332	-0.631609	-0.427447	-0.19105	0.0443409	0.262278	0.450242	0.608199	0.730985	0.796461	0.817199	0.797242	0.773788	0.754042	0.735517	0.723312	0.720741	0.739709	0.791783	0.861302	0.937946	1.00002	1.03264	1.03889	1.02754	0.990473	0.939075	0.877904	0.818864	0.775889	0.747633	0.738315	0.734253	0.716747	0.685973	0.636932	0.554887	0.449604	0.319273	0.176031	0.0422356	-0.0669245	-0.149116	-0.212338	-0.256463	-0.280561	-0.282171	-0.270525	-0.228221	-0.145682	-0.0375217	0.0782731	0.20062	0.325936	0.439536	0.535412	0.607102	0.644024	0.640975	0.597339	0.521447	0.428263	0.329615	0.258993	0.226432	0.221958	0.220671	0.202046	0.180743	0.155716	0.124279	0.0810185	0.0267377	-0.0289353	-0.0837659	-0.125413	-0.166295	-0.238531	-0.340312	-0.446004	-0.544519	-0.624961	-0.680715	-0.716651	-0.720888	-0.694864	-0.64277	-0.55344	-0.438677	-0.304453	-0.151634	0	
