0	0	0	0	0	0	0	0	0	0	0	0	0	0	0	0	0	0	0	0	0	0	0	0	0	0	0	0	0	0	0	0	0	0	0	0	0	0	0	0	0	0	0	0	0	0	0	0	0	0	0	0	0	0	0	0	0	0	0	0	0	0	0	0	0	0	0	0	0	0	0	0	0	0	0	0	0	0	0	0	0	0	0	0	0	0	0	0	0	0	0	0	0	0	0	0	0	0	0	0	
0	0.0801034	0.150698	0.203007	0.233746	0.246349	0.247149	0.236288	0.210655	0.169754	0.120064	0.0713413	0.0329606	0.00791656	-0.00695085	-0.0150823	-0.0181902	-0.0208078	-0.0247809	-0.0293978	-0.0306676	-0.0262465	-0.014228	0.000798766	0.0120126	0.0160515	0.01582	0.0199418	0.0303521	0.0361629	0.0276991	0.00382236	-0.0247813	-0.0437077	-0.044148	-0.0319656	-0.0151326	0.00187348	0.0170648	0.0297591	0.0411156	0.0522396	0.0636143	0.0699942	0.066108	0.0517814	0.0341982	0.024267	0.0314325	0.0515701	0.069527	0.0752051	0.0699104	0.06082	0.0538793	0.0480562	0.0375786	0.0206433	-0.0025799	-0.0322172	-0.067867	-0.107181	-0.14103	-0.166351	-0.184703	-0.195878	-0.195177	-0.177919	-0.145739	-0.109092	-0.0764234	-0.0468062	-0.0132538	0.0265363	0.0642097	0.0896097	0.0995443	0.0975857	0.0898981	0.0780633	0.0603332	0.0359565	0.00720034	-0.0146596	-0.0272978	-0.0309685	-0.0266831	-0.021174	-0.0136558	-0.0038318	0.007786	0.0199784	0.0304913	0.0345265	0.0309041	0.0233811	0.0132603	0.00539685	0.00169151	0	
0	0.150698	0.282306	0.382367	0.444069	0.474944	0.477316	0.45497	0.402584	0.327641	0.236695	0.144617	0.0670308	0.014515	-0.0133119	-0.0264741	-0.0314719	-0.0404646	-0.0511877	-0.0579095	-0.055363	-0.0460646	-0.032617	-0.0178705	-0.00535825	0.00604771	0.016976	0.034581	0.0549879	0.0623646	0.045195	0.00823103	-0.0337965	-0.0610274	-0.0633235	-0.0492554	-0.0297598	-0.00487798	0.0194759	0.045578	0.0693111	0.0921224	0.110446	0.115165	0.101324	0.0770069	0.0540563	0.0494805	0.0696495	0.105261	0.136628	0.148932	0.144983	0.12936	0.112332	0.0977008	0.0785223	0.0446381	-0.00383119	-0.0661659	-0.139488	-0.216939	-0.284274	-0.335898	-0.371303	-0.385076	-0.37249	-0.332713	-0.271352	-0.203459	-0.135828	-0.0721626	-0.00928095	0.0533631	0.106979	0.145172	0.164182	0.166239	0.154093	0.131133	0.0996134	0.064358	0.0298672	0.00202384	-0.0187887	-0.0298455	-0.029773	-0.0236493	-0.0110215	0.0053807	0.0204289	0.0287338	0.0315612	0.0280318	0.0218052	0.0184898	0.0139877	0.0103992	0.00627548	0	
0	0.203007	0.382367	0.520962	0.614287	0.664219	0.673896	0.639585	0.564265	0.458974	0.338561	0.215582	0.107863	0.0302127	-0.0147046	-0.0342027	-0.0399663	-0.0494075	-0.0619911	-0.0684452	-0.0627067	-0.054723	-0.0487926	-0.0453478	-0.0374207	-0.0189668	0.00691523	0.038342	0.066464	0.0723073	0.0523515	0.0142683	-0.0265319	-0.0550519	-0.0604405	-0.0521367	-0.0349262	-0.00849594	0.0236685	0.056732	0.0893696	0.118671	0.138811	0.136526	0.111779	0.08184	0.0663169	0.0727086	0.102866	0.146093	0.184242	0.208853	0.216508	0.204519	0.179313	0.149636	0.113304	0.0639611	-0.006966	-0.100552	-0.208289	-0.321308	-0.419965	-0.496092	-0.542673	-0.551935	-0.522539	-0.461705	-0.377213	-0.279786	-0.177852	-0.0802996	0.00596558	0.0775999	0.131037	0.166879	0.187073	0.189227	0.173979	0.145685	0.113105	0.0837692	0.0564687	0.0417031	0.0284326	0.0140712	0.00794216	0.00493655	0.0112875	0.0216574	0.0261475	0.0209539	0.0107546	-0.00226906	-0.011227	-0.0080275	-0.00257556	0.00279637	0.00460773	0	
0	0.233746	0.444069	0.614287	0.731485	0.80203	0.819799	0.784266	0.69004	0.563001	0.423608	0.291019	0.174233	0.0796104	0.0131864	-0.0233375	-0.0295019	-0.0316137	-0.0379815	-0.0464669	-0.0504445	-0.0564029	-0.066058	-0.0738908	-0.0709453	-0.0491098	-0.0180616	0.0178567	0.0469077	0.0549113	0.0402304	0.0139037	-0.0166607	-0.0404721	-0.0472233	-0.0412006	-0.0252588	0.00775944	0.0434193	0.0802879	0.110538	0.136652	0.151308	0.141463	0.110641	0.0844263	0.0768155	0.0924296	0.124065	0.164192	0.207013	0.245231	0.273069	0.270945	0.241486	0.199118	0.148021	0.0785176	-0.0101403	-0.119084	-0.24579	-0.382378	-0.505826	-0.602014	-0.663094	-0.679092	-0.649865	-0.581062	-0.477788	-0.356103	-0.227976	-0.111229	-0.0121055	0.069279	0.128487	0.165823	0.17986	0.174395	0.154872	0.129829	0.106376	0.0916996	0.0859183	0.0894455	0.0913225	0.0893949	0.0848533	0.0715236	0.0567856	0.0430798	0.0281354	0.00769514	-0.0121057	-0.0318669	-0.04559	-0.0443392	-0.0381886	-0.0257452	-0.0114425	0	
0	0.246349	0.474944	0.664219	0.80203	0.886882	0.919249	0.886444	0.788765	0.651871	0.512462	0.388252	0.280087	0.181135	0.0944105	0.0373152	0.0216079	0.0223365	0.0184459	0.00299229	-0.0185338	-0.0489859	-0.079647	-0.101183	-0.103086	-0.0829653	-0.0552493	-0.0267376	-0.0031004	0.00396896	-5.12158e-05	-0.00683912	-0.013523	-0.0180818	-0.012178	-0.00230442	0.0163631	0.0504203	0.09055	0.123897	0.145373	0.15558	0.153999	0.133476	0.102721	0.0854528	0.0926158	0.114217	0.144662	0.181864	0.220505	0.261227	0.295038	0.303294	0.281245	0.237988	0.17765	0.103773	0.0137743	-0.0972025	-0.230725	-0.383018	-0.52397	-0.63751	-0.716345	-0.756174	-0.750978	-0.696321	-0.593142	-0.462168	-0.326498	-0.2017	-0.0894228	0.011101	0.0881294	0.131277	0.143855	0.136311	0.122393	0.111696	0.107794	0.110522	0.114377	0.135112	0.156323	0.167317	0.171165	0.15416	0.127865	0.0965683	0.0584386	0.0150582	-0.0259316	-0.0653304	-0.0954053	-0.102557	-0.0956741	-0.0723514	-0.0369858	0	
0	0.247149	0.477316	0.673896	0.819799	0.919249	0.960862	0.939272	0.849441	0.728902	0.607743	0.50368	0.410833	0.318124	0.226419	0.151876	0.116493	0.0988838	0.0827738	0.0566797	0.0202758	-0.03113	-0.0841839	-0.120929	-0.130673	-0.113943	-0.0932343	-0.0740005	-0.0602531	-0.0560153	-0.0539643	-0.0407028	-0.0175111	0.01096	0.0427344	0.065753	0.0826871	0.114602	0.149635	0.180396	0.189982	0.181638	0.160431	0.128027	0.0965088	0.0875897	0.0988548	0.121886	0.150562	0.184042	0.21993	0.253732	0.286357	0.2991	0.289262	0.261601	0.214861	0.143982	0.0572391	-0.0477606	-0.178562	-0.332447	-0.481142	-0.610622	-0.720164	-0.7976	-0.826212	-0.795333	-0.707397	-0.590022	-0.464581	-0.343962	-0.224198	-0.107833	-0.0118387	0.0529799	0.0854406	0.0979314	0.103263	0.109723	0.120344	0.138672	0.162095	0.19426	0.22062	0.237433	0.244486	0.230352	0.202356	0.162142	0.107521	0.03674	-0.0355544	-0.103041	-0.151087	-0.162279	-0.148302	-0.109604	-0.0559999	0	
0	0.236288	0.45497	0.639585	0.784266	0.886444	0.939272	0.929721	0.866354	0.778051	0.690844	0.610617	0.536204	0.459054	0.373885	0.290649	0.229482	0.181306	0.140298	0.100592	0.0564111	-0.00436793	-0.0684166	-0.11616	-0.135459	-0.130026	-0.121983	-0.115458	-0.108601	-0.107024	-0.10213	-0.0786949	-0.0339575	0.0260372	0.0914426	0.136178	0.161304	0.187192	0.214877	0.232479	0.227334	0.202546	0.167916	0.128597	0.0939884	0.0797467	0.0850418	0.0986528	0.121437	0.155783	0.190701	0.225756	0.259513	0.281728	0.287028	0.276542	0.244421	0.188913	0.10966	0.00618807	-0.120799	-0.268309	-0.413537	-0.553811	-0.685168	-0.791984	-0.850719	-0.8512	-0.798276	-0.713962	-0.612105	-0.500679	-0.381892	-0.26017	-0.15062	-0.064624	-0.000371927	0.0465085	0.0802856	0.10902	0.139351	0.173976	0.207169	0.25186	0.287429	0.303736	0.308992	0.291372	0.260433	0.215733	0.148551	0.0590428	-0.0355618	-0.12393	-0.1853	-0.199618	-0.180585	-0.132484	-0.0671912	0	
0	0.210655	0.402584	0.564265	0.69004	0.788765	0.849441	0.866354	0.837701	0.791572	0.740942	0.692545	0.643415	0.585051	0.508534	0.419831	0.341166	0.265487	0.196549	0.136422	0.084279	0.0236643	-0.0388664	-0.0901477	-0.122454	-0.13675	-0.150065	-0.156429	-0.152447	-0.146689	-0.139179	-0.114992	-0.0644552	0.0120925	0.103667	0.175809	0.215917	0.245066	0.259883	0.259584	0.235969	0.199838	0.161654	0.119749	0.0776585	0.0515853	0.0411657	0.0442864	0.0638829	0.100521	0.145865	0.192339	0.24136	0.274948	0.289777	0.29096	0.273343	0.223744	0.146589	0.0486636	-0.0656931	-0.194284	-0.32508	-0.460323	-0.601444	-0.726971	-0.813718	-0.853902	-0.846807	-0.804045	-0.735799	-0.651334	-0.549009	-0.433014	-0.314108	-0.203942	-0.111247	-0.0359765	0.025494	0.0785901	0.129575	0.1849	0.240736	0.301249	0.34582	0.368852	0.372836	0.348207	0.306274	0.249128	0.173118	0.0766582	-0.0222253	-0.113982	-0.18012	-0.199026	-0.183363	-0.136181	-0.0697285	0	
0	0.169754	0.327641	0.458974	0.563001	0.651871	0.728902	0.778051	0.791572	0.78329	0.77136	0.758577	0.73804	0.693387	0.619369	0.530043	0.446999	0.358241	0.265752	0.184944	0.124941	0.0698391	0.0143385	-0.0393415	-0.0867953	-0.12446	-0.158753	-0.178246	-0.177278	-0.16974	-0.163531	-0.143959	-0.0983587	-0.0184338	0.0875558	0.180483	0.240906	0.276122	0.283255	0.263175	0.221894	0.179312	0.140836	0.0961256	0.0425129	0.00246975	-0.0121588	-0.00503178	0.0212284	0.0663347	0.119423	0.179747	0.239748	0.281658	0.298733	0.299245	0.281723	0.239491	0.172292	0.0875181	-0.0099641	-0.120426	-0.231761	-0.34976	-0.476743	-0.607672	-0.724797	-0.811693	-0.854619	-0.858999	-0.832922	-0.783056	-0.705576	-0.597392	-0.473756	-0.355854	-0.251053	-0.157335	-0.0730055	0.00778593	0.087825	0.166148	0.238033	0.314663	0.375784	0.408704	0.418291	0.395035	0.349912	0.290449	0.212964	0.116943	0.0186005	-0.074252	-0.142157	-0.165457	-0.156822	-0.118448	-0.0609527	0	
0	0.120064	0.236695	0.338561	0.423608	0.512462	0.607743	0.690844	0.740942	0.77136	0.796601	0.818048	0.818122	0.780789	0.70807	0.62393	0.54751	0.457877	0.355372	0.262855	0.200723	0.150578	0.098883	0.0388054	-0.0247156	-0.0801873	-0.128507	-0.157296	-0.164462	-0.166219	-0.1696	-0.160632	-0.121727	-0.0448564	0.0651806	0.1703	0.243915	0.286505	0.287533	0.25331	0.200707	0.153532	0.11361	0.0614303	-0.00339106	-0.0491258	-0.058675	-0.0362709	0.00975188	0.0714677	0.137429	0.201241	0.260815	0.296611	0.304241	0.294696	0.270776	0.227778	0.173988	0.114297	0.0426614	-0.0450798	-0.135786	-0.229809	-0.343303	-0.478822	-0.618773	-0.740176	-0.824178	-0.872068	-0.893509	-0.886873	-0.83676	-0.74577	-0.630053	-0.512654	-0.403503	-0.300155	-0.199589	-0.099754	0.000355312	0.101144	0.195787	0.290673	0.365216	0.413245	0.437748	0.429243	0.399854	0.351962	0.281121	0.186902	0.0873525	-0.00730809	-0.0794698	-0.108476	-0.106679	-0.0798948	-0.0395893	0	
0	0.0713413	0.144617	0.215582	0.291019	0.388252	0.50368	0.610617	0.692545	0.758577	0.818048	0.861497	0.873678	0.841421	0.774063	0.697186	0.63039	0.551729	0.456688	0.369833	0.310691	0.263318	0.208455	0.138319	0.0609399	-0.00673871	-0.0624866	-0.100027	-0.122693	-0.143015	-0.165163	-0.166512	-0.132906	-0.0565697	0.0541974	0.162564	0.241526	0.285201	0.280958	0.235761	0.170151	0.11322	0.0634525	0.00313708	-0.0658021	-0.105465	-0.0959608	-0.0465366	0.0265865	0.112164	0.192342	0.259248	0.305825	0.322643	0.309374	0.278682	0.239207	0.196447	0.157901	0.122949	0.0780934	0.0176963	-0.0443743	-0.116847	-0.217984	-0.355683	-0.50771	-0.649015	-0.764051	-0.855799	-0.921542	-0.950014	-0.929467	-0.861202	-0.764815	-0.662078	-0.560507	-0.457363	-0.352278	-0.2422	-0.126322	-0.00868533	0.105874	0.222882	0.324014	0.397359	0.446399	0.465669	0.459426	0.431593	0.374452	0.282874	0.175221	0.0659434	-0.0190453	-0.058891	-0.0673994	-0.0520537	-0.0253139	0	
0	0.0329606	0.0670308	0.107863	0.174233	0.280087	0.410833	0.536204	0.643415	0.73804	0.818122	0.873678	0.893491	0.87032	0.808414	0.736106	0.67784	0.61773	0.547103	0.479887	0.431332	0.382958	0.320564	0.241094	0.157556	0.0873116	0.0284158	-0.0198902	-0.0610962	-0.10371	-0.141149	-0.151707	-0.119617	-0.0459057	0.0581497	0.156664	0.225875	0.260967	0.250716	0.196319	0.117623	0.0404798	-0.028409	-0.0968595	-0.154619	-0.168777	-0.128415	-0.0477375	0.058837	0.175616	0.274803	0.339137	0.367855	0.3582	0.315961	0.260873	0.207046	0.16074	0.128931	0.108989	0.0890354	0.0633764	0.0330198	-0.0181503	-0.113582	-0.25035	-0.401588	-0.54846	-0.684124	-0.804985	-0.904848	-0.968607	-0.979682	-0.942837	-0.870885	-0.787673	-0.702198	-0.611302	-0.513236	-0.404982	-0.285167	-0.153741	-0.0161692	0.13051	0.262775	0.369308	0.450944	0.499016	0.521395	0.514097	0.464521	0.370485	0.251347	0.126724	0.0221808	-0.037669	-0.0589785	-0.0506171	-0.0257903	0	
0	0.00791656	0.014515	0.0302127	0.0796104	0.181135	0.318124	0.459054	0.585051	0.693387	0.780789	0.841421	0.87032	0.854811	0.7977	0.728005	0.678081	0.639847	0.600974	0.566277	0.534622	0.487155	0.417171	0.336483	0.261564	0.200903	0.143816	0.086191	0.0280022	-0.028525	-0.0775545	-0.0950208	-0.0712105	-0.00900117	0.0736049	0.143398	0.183141	0.197254	0.176824	0.117725	0.0270636	-0.0699488	-0.157704	-0.228672	-0.267661	-0.246869	-0.164706	-0.0424791	0.0999209	0.243293	0.358422	0.423418	0.432677	0.392161	0.319222	0.241725	0.179194	0.133948	0.103976	0.0883333	0.0810524	0.0776774	0.0717557	0.0382504	-0.0407688	-0.161495	-0.300567	-0.444368	-0.584651	-0.718854	-0.840514	-0.933968	-0.98168	-0.978109	-0.937645	-0.88158	-0.819564	-0.747137	-0.661607	-0.561448	-0.441978	-0.303017	-0.147718	0.0206475	0.181774	0.320293	0.43309	0.514283	0.558201	0.562842	0.51959	0.423296	0.294224	0.154162	0.0352363	-0.0365466	-0.0666383	-0.0616696	-0.0340565	0	
0	-0.00695085	-0.0133119	-0.0147046	0.0131864	0.0944105	0.226419	0.373885	0.508534	0.619369	0.70807	0.774063	0.808414	0.7977	0.744794	0.682945	0.644466	0.627237	0.620451	0.617695	0.605709	0.562934	0.495616	0.427061	0.373124	0.330922	0.283451	0.225328	0.163329	0.0993559	0.0406229	0.00570589	0.00902164	0.0453392	0.0933907	0.119952	0.117458	0.0985184	0.0643689	0.00148599	-0.0921181	-0.199189	-0.297586	-0.368122	-0.388409	-0.335438	-0.21348	-0.0490361	0.132866	0.306994	0.436499	0.499211	0.493384	0.428895	0.329037	0.232937	0.162635	0.115192	0.0838377	0.0673526	0.0634076	0.0669828	0.0690139	0.0524204	-0.00062118	-0.0930234	-0.210915	-0.339462	-0.471008	-0.603985	-0.737969	-0.857615	-0.937837	-0.971209	-0.965126	-0.940356	-0.902885	-0.850085	-0.783421	-0.696073	-0.581245	-0.439226	-0.275846	-0.094007	0.0865073	0.249943	0.38852	0.488943	0.549813	0.564697	0.521229	0.421265	0.285695	0.141987	0.02091	-0.0527795	-0.0786488	-0.0679504	-0.0362711	0	
0	-0.0150823	-0.0264741	-0.0342027	-0.0233375	0.0373152	0.151876	0.290649	0.419831	0.530043	0.62393	0.697186	0.736106	0.728005	0.682945	0.634801	0.61273	0.615333	0.627337	0.639742	0.636782	0.605287	0.553832	0.506831	0.477281	0.458956	0.433387	0.393153	0.340231	0.275482	0.202582	0.142728	0.113694	0.113371	0.117326	0.0963992	0.0478873	-0.00637186	-0.061846	-0.133039	-0.227885	-0.333436	-0.42686	-0.48917	-0.49527	-0.418772	-0.262119	-0.058572	0.157112	0.351918	0.496471	0.566256	0.556083	0.47877	0.364787	0.253131	0.167196	0.107362	0.0693488	0.0517987	0.0453093	0.0440836	0.0477566	0.0476131	0.0238923	-0.036974	-0.128767	-0.238993	-0.359176	-0.491745	-0.635364	-0.769651	-0.871295	-0.932366	-0.960523	-0.966409	-0.957967	-0.932458	-0.882595	-0.804089	-0.692916	-0.552231	-0.384439	-0.194464	-0.00134694	0.173604	0.318393	0.426815	0.491197	0.507213	0.46745	0.368792	0.231814	0.0876889	-0.0277807	-0.089342	-0.10181	-0.0808069	-0.0420429	0	
0	-0.0181902	-0.0314719	-0.0399663	-0.0295019	0.0216079	0.116493	0.229482	0.341166	0.446999	0.54751	0.63039	0.67784	0.678081	0.644466	0.61273	0.608413	0.621673	0.631408	0.634019	0.630409	0.614352	0.587177	0.565138	0.563616	0.577708	0.588536	0.578192	0.542348	0.478083	0.392045	0.304834	0.237267	0.190973	0.14679	0.0810289	-0.00397929	-0.0917205	-0.174808	-0.265272	-0.36502	-0.45989	-0.5345	-0.576343	-0.562614	-0.466458	-0.287891	-0.0593879	0.17847	0.391529	0.546548	0.622868	0.616653	0.540717	0.421112	0.294605	0.186879	0.108059	0.061252	0.0403308	0.0314042	0.0270861	0.0324611	0.0424573	0.0355994	-0.00318983	-0.0699884	-0.154821	-0.260702	-0.393004	-0.543058	-0.688075	-0.805974	-0.887175	-0.937402	-0.970231	-0.988941	-0.983406	-0.946276	-0.874076	-0.768504	-0.632394	-0.465261	-0.276425	-0.0869534	0.081774	0.220831	0.325132	0.391481	0.412084	0.372698	0.275584	0.141979	0.00626569	-0.0978255	-0.150621	-0.151134	-0.114878	-0.0600492	0	
0	-0.0208078	-0.0404646	-0.0494075	-0.0316137	0.0223365	0.0988838	0.181306	0.265487	0.358241	0.457877	0.551729	0.61773	0.639847	0.627237	0.615333	0.621673	0.630193	0.61965	0.60291	0.594697	0.593689	0.59101	0.599191	0.63166	0.683856	0.733345	0.756283	0.741385	0.682568	0.588371	0.475898	0.368898	0.276054	0.185862	0.0839438	-0.0316639	-0.152342	-0.271811	-0.391325	-0.496191	-0.573313	-0.615273	-0.626114	-0.588328	-0.475677	-0.284441	-0.0475862	0.197221	0.413101	0.57441	0.655394	0.652351	0.578409	0.457681	0.31992	0.192526	0.0967786	0.0401145	0.0147158	0.00454291	0.00674596	0.0223984	0.0414346	0.0419431	0.0187196	-0.0231901	-0.0835155	-0.172033	-0.297085	-0.448628	-0.602108	-0.73235	-0.828274	-0.899123	-0.953521	-0.992074	-1.00154	-0.972748	-0.910188	-0.814352	-0.684609	-0.525324	-0.353167	-0.185573	-0.0347055	0.0945134	0.198474	0.267717	0.28922	0.253885	0.163457	0.0362521	-0.0921896	-0.189144	-0.231598	-0.218093	-0.164861	-0.0867728	0	
0	-0.0247809	-0.0511877	-0.0619911	-0.0379815	0.0184459	0.0827738	0.140298	0.196549	0.265752	0.355372	0.456688	0.547103	0.600974	0.620451	0.627337	0.631408	0.61965	0.585885	0.55173	0.537887	0.547288	0.573215	0.617319	0.685367	0.767665	0.849685	0.905589	0.915481	0.866824	0.766768	0.634385	0.496462	0.367209	0.241644	0.108281	-0.035346	-0.189457	-0.344534	-0.486566	-0.592789	-0.64982	-0.662325	-0.643151	-0.580605	-0.453642	-0.259991	-0.0258753	0.213055	0.424658	0.580955	0.659821	0.657083	0.582311	0.455416	0.303709	0.160204	0.0504869	-0.0175505	-0.0508958	-0.0538095	-0.0331929	0.0039973	0.036397	0.0461163	0.0374833	0.0152941	-0.0216691	-0.0873024	-0.194722	-0.337745	-0.493547	-0.636366	-0.748257	-0.838077	-0.908882	-0.958075	-0.979021	-0.968547	-0.925702	-0.844444	-0.729021	-0.590369	-0.444586	-0.29729	-0.158951	-0.0375774	0.0625455	0.132208	0.159273	0.129331	0.0433159	-0.0821683	-0.209678	-0.29926	-0.329623	-0.296707	-0.216862	-0.113249	0	
0	-0.0293978	-0.0579095	-0.0684452	-0.0464669	0.00299229	0.0566797	0.100592	0.136422	0.184944	0.262855	0.369833	0.479887	0.566277	0.617695	0.639742	0.634019	0.60291	0.55173	0.502399	0.476476	0.492751	0.542114	0.61539	0.704169	0.806121	0.912973	0.997293	1.0313	0.994256	0.899816	0.765514	0.618518	0.47226	0.321186	0.161565	-0.00900915	-0.19134	-0.369531	-0.524911	-0.629595	-0.677749	-0.673501	-0.632763	-0.547117	-0.406256	-0.212806	0.00903413	0.233221	0.427609	0.57178	0.642393	0.63468	0.552777	0.414015	0.249575	0.0925663	-0.0298815	-0.109006	-0.144918	-0.138055	-0.0942334	-0.0346399	0.0173389	0.0474483	0.0618981	0.0603161	0.0430091	0.000594392	-0.0864085	-0.214136	-0.366126	-0.517011	-0.647332	-0.759141	-0.845569	-0.907588	-0.946311	-0.956299	-0.930579	-0.869586	-0.780514	-0.666393	-0.535061	-0.395241	-0.26311	-0.1488	-0.055852	0.0120602	0.0369368	0.00414822	-0.0859458	-0.21783	-0.345255	-0.429759	-0.44629	-0.390401	-0.283791	-0.147266	0	
0	-0.0306676	-0.055363	-0.0627067	-0.0504445	-0.0185338	0.0202758	0.0564111	0.084279	0.124941	0.200723	0.310691	0.431332	0.534622	0.605709	0.636782	0.630409	0.594697	0.537887	0.476476	0.440486	0.453124	0.506681	0.583163	0.682366	0.798099	0.919673	1.01665	1.06178	1.0392	0.963148	0.847306	0.712212	0.566707	0.409618	0.237711	0.0532449	-0.141136	-0.32732	-0.483128	-0.58895	-0.638965	-0.633426	-0.584877	-0.488184	-0.343401	-0.157918	0.0497384	0.25476	0.429213	0.554437	0.609965	0.588246	0.490372	0.340646	0.16857	0.00624605	-0.122585	-0.206962	-0.242797	-0.222751	-0.166293	-0.090347	-0.0158676	0.0415303	0.0849252	0.108651	0.113919	0.0927859	0.026217	-0.0871493	-0.231735	-0.388123	-0.533274	-0.665768	-0.773115	-0.858913	-0.922052	-0.94698	-0.937463	-0.899697	-0.834153	-0.735389	-0.611117	-0.475616	-0.347692	-0.234663	-0.140373	-0.0772999	-0.0646766	-0.11512	-0.221046	-0.360246	-0.489247	-0.56544	-0.568295	-0.494513	-0.359577	-0.189447	0	
0	-0.0262465	-0.0460646	-0.054723	-0.0564029	-0.0489859	-0.03113	-0.00436793	0.0236643	0.0698391	0.150578	0.263318	0.382958	0.487155	0.562934	0.605287	0.614352	0.593689	0.547288	0.492751	0.453124	0.450145	0.476414	0.538539	0.638429	0.759921	0.878096	0.968695	1.01633	1.00514	0.950554	0.859043	0.746684	0.625552	0.487904	0.328289	0.148535	-0.0421097	-0.219212	-0.36546	-0.467189	-0.524025	-0.529894	-0.490466	-0.401509	-0.269596	-0.102809	0.084743	0.270307	0.41958	0.516823	0.545567	0.5022	0.391204	0.238435	0.0745529	-0.0824289	-0.21244	-0.297755	-0.329236	-0.306464	-0.241995	-0.151933	-0.0544648	0.0335926	0.107444	0.1556	0.181519	0.179132	0.124215	0.0271146	-0.103803	-0.253952	-0.400346	-0.54769	-0.686358	-0.809509	-0.902046	-0.951401	-0.960986	-0.939371	-0.880888	-0.782205	-0.665065	-0.542399	-0.419884	-0.304414	-0.212121	-0.154054	-0.152184	-0.216317	-0.334429	-0.483432	-0.612676	-0.684663	-0.675885	-0.581392	-0.421212	-0.219462	0	
0	-0.014228	-0.032617	-0.0487926	-0.066058	-0.079647	-0.0841839	-0.0684166	-0.0388664	0.0143385	0.098883	0.208455	0.320564	0.417171	0.495616	0.553832	0.587177	0.59101	0.573215	0.542114	0.506681	0.476414	0.468706	0.504269	0.58954	0.694049	0.794499	0.874084	0.917823	0.909935	0.867705	0.797645	0.719617	0.639115	0.542574	0.413366	0.25782	0.0922582	-0.0609463	-0.187173	-0.283523	-0.351397	-0.376683	-0.359664	-0.292643	-0.183102	-0.0396046	0.123089	0.27933	0.397682	0.463612	0.461792	0.394212	0.271365	0.12682	-0.0230791	-0.169181	-0.291625	-0.370185	-0.399357	-0.371755	-0.304227	-0.201567	-0.0839648	0.0204525	0.110763	0.177684	0.220052	0.230683	0.194065	0.11414	0.00148389	-0.131198	-0.269916	-0.4274	-0.589145	-0.741451	-0.868045	-0.948939	-0.987034	-0.975887	-0.912813	-0.817452	-0.708488	-0.591139	-0.472213	-0.36351	-0.279287	-0.226415	-0.226768	-0.292226	-0.410957	-0.561251	-0.697289	-0.768182	-0.748079	-0.638368	-0.457475	-0.238133	0	
0	0.000798766	-0.0178705	-0.0453478	-0.0738908	-0.101183	-0.120929	-0.11616	-0.0901477	-0.0393415	0.0388054	0.138319	0.241094	0.336483	0.427061	0.506831	0.565138	0.599191	0.617319	0.61539	0.583163	0.538539	0.504269	0.505855	0.546696	0.612186	0.685073	0.74525	0.774306	0.759919	0.7267	0.685032	0.646921	0.614059	0.563815	0.482366	0.37613	0.256981	0.140283	0.0340824	-0.0632937	-0.149126	-0.201047	-0.210249	-0.16833	-0.0840541	0.0322158	0.168418	0.30003	0.39044	0.424689	0.393944	0.303833	0.16902	0.0218405	-0.118965	-0.251132	-0.357153	-0.419857	-0.439001	-0.412581	-0.342367	-0.233987	-0.116377	-0.0110628	0.0838565	0.158182	0.212106	0.241449	0.222596	0.167682	0.0784199	-0.0398935	-0.171735	-0.333281	-0.506169	-0.672622	-0.820798	-0.933272	-0.991532	-0.991587	-0.942347	-0.856418	-0.747351	-0.624002	-0.502314	-0.395155	-0.312679	-0.257715	-0.254762	-0.318765	-0.441571	-0.598061	-0.73415	-0.805346	-0.786479	-0.676098	-0.489942	-0.255434	0	
0	0.0120126	-0.00535825	-0.0374207	-0.0709453	-0.103086	-0.130673	-0.135459	-0.122454	-0.0867953	-0.0247156	0.0609399	0.157556	0.261564	0.373124	0.477281	0.563616	0.63166	0.685367	0.704169	0.682366	0.638429	0.58954	0.546696	0.530116	0.543294	0.570762	0.590712	0.590348	0.564812	0.543344	0.531533	0.534664	0.544831	0.547926	0.531011	0.493418	0.434856	0.358617	0.271487	0.173684	0.0733054	-0.00294765	-0.0437216	-0.0322268	0.0270178	0.120561	0.234115	0.342938	0.412993	0.425956	0.371174	0.260516	0.110271	-0.0442021	-0.185617	-0.307218	-0.394582	-0.442413	-0.460252	-0.436205	-0.373265	-0.27493	-0.166272	-0.0697979	0.0233641	0.102787	0.164044	0.205118	0.211259	0.182033	0.114988	0.0132227	-0.116082	-0.280448	-0.455562	-0.629324	-0.792858	-0.91608	-0.984471	-0.999334	-0.965067	-0.887476	-0.771422	-0.640161	-0.511027	-0.38784	-0.286057	-0.217368	-0.212779	-0.283708	-0.412213	-0.57054	-0.713363	-0.794353	-0.785227	-0.682931	-0.499211	-0.264023	0	
0	0.0160515	0.00604771	-0.0189668	-0.0491098	-0.0829653	-0.113943	-0.130026	-0.13675	-0.12446	-0.0801873	-0.00673871	0.0873116	0.200903	0.330922	0.458956	0.577708	0.683856	0.767665	0.806121	0.798099	0.759921	0.694049	0.612186	0.543294	0.496137	0.458106	0.422229	0.384437	0.340631	0.320993	0.334629	0.375433	0.433763	0.49793	0.551817	0.583829	0.584206	0.549975	0.48836	0.402348	0.300335	0.206397	0.140334	0.125673	0.160794	0.233049	0.328724	0.42034	0.468506	0.458395	0.390931	0.273801	0.115643	-0.051298	-0.199647	-0.320034	-0.402739	-0.448804	-0.468426	-0.454344	-0.407015	-0.330375	-0.246222	-0.161058	-0.0685233	0.0142905	0.082937	0.139192	0.162109	0.153581	0.10551	0.0132083	-0.109814	-0.269573	-0.444878	-0.622662	-0.78832	-0.91231	-0.983616	-1.00728	-0.978523	-0.894881	-0.772593	-0.635038	-0.486545	-0.333139	-0.205722	-0.122661	-0.106396	-0.1678	-0.297627	-0.465426	-0.621489	-0.718128	-0.723307	-0.635584	-0.466692	-0.245506	0	
0	0.01582	0.016976	0.00691523	-0.0180616	-0.0552493	-0.0932343	-0.121983	-0.150065	-0.158753	-0.128507	-0.0624866	0.0284158	0.143816	0.283451	0.433387	0.588536	0.733345	0.849685	0.912973	0.919673	0.878096	0.794499	0.685073	0.570762	0.458106	0.350944	0.259534	0.177827	0.102056	0.0733675	0.106506	0.187215	0.298652	0.425651	0.544553	0.637628	0.690382	0.69343	0.659792	0.594167	0.501689	0.403796	0.326226	0.297241	0.318308	0.373876	0.449867	0.519381	0.548742	0.524571	0.448678	0.328595	0.164254	-0.0162825	-0.178345	-0.307587	-0.399136	-0.4538	-0.481047	-0.477911	-0.453405	-0.407914	-0.346357	-0.27211	-0.181988	-0.0948653	-0.0194103	0.0435246	0.0777659	0.0816414	0.0459732	-0.0305805	-0.139755	-0.287124	-0.457112	-0.634339	-0.797255	-0.919953	-0.994633	-1.01707	-0.978152	-0.886662	-0.757285	-0.601585	-0.421102	-0.236312	-0.0833423	0.0283259	0.0690823	0.0183778	-0.108979	-0.281649	-0.454797	-0.573887	-0.603498	-0.544084	-0.404424	-0.213524	0	
0	0.0199418	0.034581	0.038342	0.0178567	-0.0267376	-0.0740005	-0.115458	-0.156429	-0.178246	-0.157296	-0.100027	-0.0198902	0.086191	0.225328	0.393153	0.578192	0.756283	0.905589	0.997293	1.01665	0.968695	0.874084	0.74525	0.590712	0.422229	0.259534	0.117078	-0.0114997	-0.119229	-0.156801	-0.110766	0.000930834	0.155949	0.335659	0.510613	0.6572	0.752458	0.789408	0.78488	0.743802	0.667837	0.579643	0.504575	0.466703	0.471514	0.51309	0.57834	0.638928	0.657587	0.621883	0.540942	0.41483	0.238804	0.0443432	-0.131966	-0.280552	-0.394288	-0.467923	-0.508119	-0.520842	-0.518808	-0.496317	-0.45228	-0.387544	-0.303757	-0.220578	-0.147184	-0.0851276	-0.0479999	-0.035686	-0.0541233	-0.106541	-0.188205	-0.310923	-0.465739	-0.632928	-0.792267	-0.91958	-0.998262	-1.01417	-0.965303	-0.865424	-0.716572	-0.530712	-0.321286	-0.107996	0.078514	0.220646	0.283236	0.244859	0.118857	-0.0600561	-0.245823	-0.384389	-0.443241	-0.424188	-0.327839	-0.17598	0	
0	0.0303521	0.0549879	0.066464	0.0469077	-0.0031004	-0.0602531	-0.108601	-0.152447	-0.177278	-0.164462	-0.122693	-0.0610962	0.0280022	0.163329	0.340231	0.542348	0.741385	0.915481	1.0313	1.06178	1.01633	0.917823	0.774306	0.590348	0.384437	0.177827	-0.0114997	-0.175123	-0.295418	-0.336619	-0.284806	-0.157631	0.0260193	0.24503	0.464361	0.64831	0.774537	0.842069	0.869042	0.851175	0.792629	0.71458	0.640502	0.595968	0.595465	0.634072	0.702188	0.76854	0.789071	0.747196	0.652374	0.509806	0.322039	0.118372	-0.0676548	-0.232066	-0.372057	-0.472401	-0.533746	-0.570101	-0.590818	-0.583875	-0.549664	-0.49473	-0.423629	-0.351274	-0.287551	-0.232436	-0.19416	-0.170543	-0.168584	-0.192742	-0.243662	-0.337272	-0.466535	-0.615113	-0.765899	-0.893816	-0.970582	-0.980425	-0.926347	-0.813058	-0.642457	-0.432259	-0.198208	0.0428853	0.260862	0.42559	0.501425	0.470538	0.344746	0.16036	-0.0388455	-0.204314	-0.298061	-0.311698	-0.250318	-0.137677	0	
0	0.0361629	0.0623646	0.0723073	0.0549113	0.00396896	-0.0560153	-0.107024	-0.146689	-0.16974	-0.166219	-0.143015	-0.10371	-0.028525	0.0993559	0.275482	0.478083	0.682568	0.866824	0.994256	1.0392	1.00514	0.909935	0.759919	0.564812	0.340631	0.102056	-0.119229	-0.295418	-0.415973	-0.456715	-0.405695	-0.271859	-0.0739255	0.167755	0.408071	0.60725	0.752276	0.849339	0.899341	0.896331	0.848342	0.778016	0.709491	0.669014	0.671889	0.720032	0.802134	0.881334	0.910266	0.868056	0.763584	0.607249	0.410176	0.200989	0.00532863	-0.176343	-0.333408	-0.449177	-0.529032	-0.586353	-0.624688	-0.635191	-0.617835	-0.580836	-0.526981	-0.467881	-0.413025	-0.363217	-0.320338	-0.286594	-0.26931	-0.27218	-0.301151	-0.365013	-0.462186	-0.581897	-0.711564	-0.826999	-0.897552	-0.907071	-0.855171	-0.737994	-0.551217	-0.321867	-0.0668559	0.199018	0.433797	0.604971	0.685228	0.658378	0.531845	0.3372	0.120127	-0.0684777	-0.187917	-0.227215	-0.194576	-0.110898	0	
0	0.0276991	0.045195	0.0523515	0.0402304	-5.12158e-05	-0.0539643	-0.10213	-0.139179	-0.163531	-0.1696	-0.165163	-0.141149	-0.0775545	0.0406229	0.202582	0.392045	0.588371	0.766768	0.899816	0.963148	0.950554	0.867705	0.7267	0.543344	0.320993	0.0733675	-0.156801	-0.336619	-0.456715	-0.501431	-0.453248	-0.32308	-0.124431	0.119788	0.357731	0.554767	0.707708	0.814703	0.86967	0.869473	0.827848	0.770635	0.723335	0.703172	0.720612	0.7793	0.871621	0.963378	1.00536	0.970907	0.863907	0.698691	0.494368	0.276139	0.0697239	-0.119833	-0.28481	-0.408321	-0.49507	-0.562839	-0.613217	-0.637469	-0.641419	-0.627091	-0.593564	-0.549113	-0.504731	-0.457902	-0.408934	-0.36549	-0.333769	-0.319295	-0.325609	-0.360677	-0.42418	-0.516112	-0.625866	-0.725587	-0.790474	-0.805732	-0.762628	-0.647082	-0.465184	-0.235846	0.0317728	0.310245	0.555297	0.731965	0.815754	0.787031	0.653521	0.451676	0.223334	0.0214634	-0.115713	-0.179592	-0.167786	-0.0970041	0	
0	0.00382236	0.00823103	0.0142683	0.0139037	-0.00683912	-0.0407028	-0.0786949	-0.114992	-0.143959	-0.160632	-0.166512	-0.151707	-0.0950208	0.00570589	0.142728	0.304834	0.475898	0.634385	0.765514	0.847306	0.859043	0.797645	0.685032	0.531533	0.334629	0.106506	-0.110766	-0.284806	-0.405695	-0.453248	-0.415935	-0.300899	-0.118219	0.104633	0.319756	0.499037	0.635869	0.728243	0.770586	0.767356	0.735838	0.706217	0.696261	0.708715	0.750501	0.826445	0.924993	1.01994	1.06971	1.04098	0.935519	0.774324	0.572322	0.348134	0.131329	-0.064707	-0.227293	-0.347887	-0.434061	-0.50013	-0.549622	-0.587481	-0.610737	-0.61582	-0.602204	-0.577115	-0.545083	-0.503681	-0.453605	-0.401395	-0.356766	-0.32396	-0.307396	-0.312525	-0.351433	-0.42548	-0.516665	-0.605784	-0.6696	-0.68895	-0.653959	-0.554633	-0.392318	-0.176867	0.0817386	0.353818	0.595292	0.777342	0.867605	0.839434	0.708168	0.506228	0.274782	0.0674934	-0.0781817	-0.152538	-0.151822	-0.0880138	0	
0	-0.0247813	-0.0337965	-0.0265319	-0.0166607	-0.013523	-0.0175111	-0.0339575	-0.0644552	-0.0983587	-0.121727	-0.132906	-0.119617	-0.0712105	0.00902164	0.113694	0.237267	0.368898	0.496462	0.618518	0.712212	0.746684	0.719617	0.646921	0.534664	0.375433	0.187215	0.000930834	-0.157631	-0.271859	-0.32308	-0.300899	-0.209573	-0.0614308	0.120072	0.295958	0.440624	0.543901	0.609246	0.633279	0.62021	0.595149	0.593426	0.620466	0.672612	0.752713	0.854152	0.963712	1.06353	1.11431	1.08845	0.990789	0.833239	0.628084	0.398966	0.176968	-0.0163997	-0.170461	-0.280579	-0.350513	-0.398567	-0.444297	-0.488861	-0.528147	-0.554016	-0.559492	-0.549194	-0.523868	-0.480556	-0.423614	-0.3683	-0.321022	-0.284432	-0.257322	-0.248305	-0.267792	-0.320872	-0.396788	-0.475916	-0.543564	-0.575518	-0.558304	-0.48483	-0.351002	-0.157048	0.0823201	0.340962	0.581819	0.762351	0.85356	0.832306	0.705233	0.50613	0.276546	0.0659554	-0.0839323	-0.154835	-0.151133	-0.0900441	0	
0	-0.0437077	-0.0610274	-0.0550519	-0.0404721	-0.0180818	0.01096	0.0260372	0.0120925	-0.0184338	-0.0448564	-0.0565697	-0.0459057	-0.00900117	0.0453392	0.113371	0.190973	0.276054	0.367209	0.47226	0.566707	0.625552	0.639115	0.614059	0.544831	0.433763	0.298652	0.155949	0.0260193	-0.0739255	-0.124431	-0.118219	-0.0614308	0.0362268	0.157448	0.278036	0.374178	0.438506	0.477059	0.477228	0.450596	0.431125	0.448541	0.50292	0.595073	0.716861	0.850379	0.981218	1.09196	1.14477	1.122	1.02478	0.864975	0.653835	0.414051	0.190479	0.01027	-0.124432	-0.215333	-0.264003	-0.295141	-0.329254	-0.370558	-0.409238	-0.438088	-0.454567	-0.458225	-0.438862	-0.393321	-0.334952	-0.275371	-0.227487	-0.194534	-0.16828	-0.156566	-0.170327	-0.212161	-0.27343	-0.3493	-0.422976	-0.470645	-0.484049	-0.448452	-0.348907	-0.176475	0.0489443	0.29581	0.529888	0.707809	0.795153	0.775771	0.654485	0.458465	0.238329	0.0323151	-0.117015	-0.179644	-0.170513	-0.103298	0	
0	-0.044148	-0.0633235	-0.0604405	-0.0472233	-0.012178	0.0427344	0.0914426	0.103667	0.0875558	0.0651806	0.0541974	0.0581497	0.0736049	0.0933907	0.117326	0.14679	0.185862	0.241644	0.321186	0.409618	0.487904	0.542574	0.563815	0.547926	0.49793	0.425651	0.335659	0.24503	0.167755	0.119788	0.104633	0.120072	0.157448	0.208365	0.258464	0.295298	0.315493	0.317742	0.292092	0.25948	0.249603	0.283707	0.364592	0.491001	0.647269	0.816438	0.977522	1.09879	1.15147	1.12834	1.02507	0.85422	0.633826	0.396552	0.184379	0.0186674	-0.102967	-0.175609	-0.205051	-0.214351	-0.226798	-0.244138	-0.259179	-0.277971	-0.298563	-0.311956	-0.301547	-0.26235	-0.201967	-0.141513	-0.0948667	-0.0617852	-0.0381613	-0.029087	-0.0384647	-0.0740912	-0.136286	-0.219625	-0.308392	-0.382461	-0.431498	-0.429744	-0.357667	-0.211823	-0.0120247	0.21704	0.441793	0.61309	0.695328	0.679173	0.572496	0.389987	0.178714	-0.0111344	-0.148259	-0.209147	-0.193018	-0.114777	0	
0	-0.0319656	-0.0492554	-0.0521367	-0.0412006	-0.00230442	0.065753	0.136178	0.175809	0.180483	0.1703	0.162564	0.156664	0.143398	0.119952	0.0963992	0.0810289	0.0839438	0.108281	0.161565	0.237711	0.328289	0.413366	0.482366	0.531011	0.551817	0.544553	0.510613	0.464361	0.408071	0.357731	0.319756	0.295958	0.278036	0.258464	0.235076	0.206123	0.166215	0.120775	0.0709962	0.0401117	0.0412846	0.0963131	0.205136	0.360456	0.547986	0.754188	0.938385	1.06652	1.11628	1.08411	0.972791	0.799005	0.579702	0.349684	0.152829	0.00179177	-0.103608	-0.158231	-0.168362	-0.15722	-0.139899	-0.11822	-0.0972222	-0.0908545	-0.10221	-0.117753	-0.115496	-0.0833593	-0.0306838	0.0253264	0.0707706	0.102241	0.126797	0.136609	0.127555	0.0868904	0.0121427	-0.087823	-0.196494	-0.299088	-0.380641	-0.408467	-0.368834	-0.258052	-0.0844632	0.12569	0.328741	0.4877	0.575519	0.573619	0.482656	0.318065	0.124329	-0.0521779	-0.179021	-0.235297	-0.210462	-0.118122	0	
0	-0.0151326	-0.0297598	-0.0349262	-0.0252588	0.0163631	0.0826871	0.161304	0.215917	0.240906	0.243915	0.241526	0.225875	0.183141	0.117458	0.0478873	-0.00397929	-0.0316639	-0.035346	-0.00900915	0.0532449	0.148535	0.25782	0.37613	0.493418	0.583829	0.637628	0.6572	0.64831	0.60725	0.554767	0.499037	0.440624	0.374178	0.295298	0.206123	0.104717	-0.0017802	-0.0954076	-0.162522	-0.196579	-0.183372	-0.10139	0.0338812	0.212059	0.429395	0.661187	0.858921	0.988483	1.03491	1.00008	0.889551	0.722633	0.514767	0.306863	0.1237	-0.0206132	-0.112342	-0.148455	-0.142188	-0.107971	-0.0620944	-0.00287094	0.0586989	0.0963222	0.109994	0.105556	0.106337	0.130562	0.170494	0.217615	0.257036	0.285957	0.311185	0.318097	0.303913	0.252331	0.161711	0.0477716	-0.0787516	-0.206594	-0.312682	-0.36924	-0.363202	-0.284668	-0.142621	0.0394835	0.220064	0.370369	0.464154	0.471184	0.393839	0.253185	0.0809033	-0.0847439	-0.201936	-0.244947	-0.213533	-0.123426	0	
0	0.00187348	-0.00487798	-0.00849594	0.00775944	0.0504203	0.114602	0.187192	0.245066	0.276122	0.286505	0.285201	0.260967	0.197254	0.0985184	-0.00637186	-0.0917205	-0.152342	-0.189457	-0.19134	-0.141136	-0.0421097	0.0922582	0.256981	0.434856	0.584206	0.690382	0.752458	0.774537	0.752276	0.707708	0.635869	0.543901	0.438506	0.315493	0.166215	-0.0017802	-0.165815	-0.29467	-0.384762	-0.426793	-0.402492	-0.299453	-0.144422	0.0582711	0.299961	0.548113	0.758204	0.896908	0.945788	0.913799	0.815384	0.662298	0.473969	0.286304	0.11537	-0.0205856	-0.097252	-0.119866	-0.102963	-0.0532411	0.0133201	0.104404	0.196805	0.264524	0.308301	0.320209	0.325814	0.349434	0.379258	0.414305	0.444602	0.463615	0.483866	0.485416	0.463359	0.405503	0.308041	0.192159	0.0589939	-0.0836149	-0.206042	-0.293091	-0.323316	-0.277729	-0.167628	-0.0118101	0.152344	0.295235	0.383166	0.394001	0.328701	0.200629	0.0451796	-0.107268	-0.213536	-0.245106	-0.21221	-0.125781	0	
0	0.0170648	0.0194759	0.0236685	0.0434193	0.09055	0.149635	0.214877	0.259883	0.283255	0.287533	0.280958	0.250716	0.176824	0.0643689	-0.061846	-0.174808	-0.271811	-0.344534	-0.369531	-0.32732	-0.219212	-0.0609463	0.140283	0.358617	0.549975	0.69343	0.789408	0.842069	0.849339	0.814703	0.728243	0.609246	0.477059	0.317742	0.120775	-0.0954076	-0.29467	-0.459	-0.575777	-0.629597	-0.601695	-0.488362	-0.315053	-0.0871265	0.176015	0.439964	0.667712	0.818828	0.873868	0.856293	0.768248	0.632101	0.468259	0.295318	0.131091	0.00562777	-0.0622814	-0.0731262	-0.0448638	0.0147686	0.0978168	0.205178	0.318433	0.410467	0.474875	0.502083	0.515012	0.539639	0.56556	0.593665	0.612735	0.621128	0.631052	0.622829	0.596591	0.540931	0.45382	0.347262	0.215922	0.0662229	-0.0743439	-0.183972	-0.241906	-0.222732	-0.132703	-0.00385445	0.141398	0.274937	0.350536	0.36309	0.308193	0.183744	0.0314081	-0.109863	-0.209113	-0.244214	-0.210351	-0.121936	0	
0	0.0297591	0.045578	0.056732	0.0802879	0.123897	0.180396	0.232479	0.259584	0.263175	0.25331	0.235761	0.196319	0.117725	0.00148599	-0.133039	-0.265272	-0.391325	-0.486566	-0.524911	-0.483128	-0.36546	-0.187173	0.0340824	0.271487	0.48836	0.659792	0.78488	0.869042	0.899341	0.86967	0.770586	0.633279	0.477228	0.292092	0.0709962	-0.162522	-0.384762	-0.575777	-0.712038	-0.7761	-0.751722	-0.634887	-0.442773	-0.195687	0.0789007	0.357401	0.599443	0.762425	0.839019	0.836587	0.763939	0.645184	0.496032	0.331078	0.175792	0.0571328	-0.00433523	-0.00698091	0.0254011	0.0933273	0.190091	0.304709	0.424318	0.526714	0.595501	0.629372	0.65223	0.682691	0.712354	0.735381	0.743626	0.742976	0.743261	0.735309	0.712991	0.669414	0.601304	0.502774	0.375264	0.226711	0.0762691	-0.0496374	-0.118307	-0.115823	-0.0486492	0.0614506	0.185509	0.302764	0.374136	0.385855	0.335076	0.219493	0.0706684	-0.0656478	-0.168027	-0.216788	-0.187405	-0.106049	0	
0	0.0411156	0.0693111	0.0893696	0.110538	0.145373	0.189982	0.227334	0.235969	0.221894	0.200707	0.170151	0.117623	0.0270636	-0.0921181	-0.227885	-0.36502	-0.496191	-0.592789	-0.629595	-0.58895	-0.467189	-0.283523	-0.0632937	0.173684	0.402348	0.594167	0.743802	0.851175	0.896331	0.869473	0.767356	0.62021	0.450596	0.25948	0.0401117	-0.196579	-0.426793	-0.629597	-0.7761	-0.849429	-0.831136	-0.707054	-0.504011	-0.249466	0.0337895	0.319902	0.568139	0.748523	0.844491	0.853558	0.793688	0.688037	0.546527	0.392231	0.253666	0.148485	0.0914537	0.0837197	0.115155	0.180408	0.271245	0.385874	0.505822	0.607099	0.676275	0.715951	0.742849	0.776715	0.805583	0.822912	0.826242	0.824798	0.828642	0.821921	0.805761	0.772676	0.711988	0.626616	0.517247	0.383837	0.244176	0.125063	0.0553625	0.041122	0.0835342	0.171719	0.273814	0.372845	0.442465	0.458544	0.410551	0.308534	0.166847	0.0206475	-0.0889102	-0.146253	-0.138278	-0.082677	0	
0	0.0522396	0.0921224	0.118671	0.136652	0.15558	0.181638	0.202546	0.199838	0.179312	0.153532	0.11322	0.0404798	-0.0699488	-0.199189	-0.333436	-0.45989	-0.573313	-0.64982	-0.677749	-0.638965	-0.524025	-0.351397	-0.149126	0.0733054	0.300335	0.501689	0.667837	0.792629	0.848342	0.827848	0.735838	0.595149	0.431125	0.249603	0.0412846	-0.183372	-0.402492	-0.601695	-0.751722	-0.831136	-0.811559	-0.689427	-0.491716	-0.240598	0.0435415	0.32873	0.586657	0.783974	0.897434	0.914232	0.860449	0.761208	0.623742	0.482844	0.361261	0.265067	0.211015	0.197827	0.217814	0.274295	0.349618	0.449209	0.555845	0.646089	0.714638	0.757865	0.793493	0.830782	0.849829	0.858638	0.858471	0.85632	0.868637	0.872789	0.862605	0.837338	0.787015	0.716923	0.630723	0.527332	0.417393	0.317743	0.25856	0.239177	0.259852	0.325171	0.401734	0.481818	0.54691	0.561426	0.517118	0.419071	0.278931	0.131021	0.015452	-0.0543369	-0.0753406	-0.0527253	0	
0	0.0636143	0.110446	0.138811	0.151308	0.153999	0.160431	0.167916	0.161654	0.140836	0.11361	0.0634525	-0.028409	-0.157704	-0.297586	-0.42686	-0.5345	-0.615273	-0.662325	-0.673501	-0.633426	-0.529894	-0.376683	-0.201047	-0.00294765	0.206397	0.403796	0.579643	0.71458	0.778016	0.770635	0.706217	0.593426	0.448541	0.283707	0.0963131	-0.10139	-0.299453	-0.488362	-0.634887	-0.707054	-0.689427	-0.583942	-0.404614	-0.166575	0.111204	0.394241	0.658568	0.869732	0.987921	1.01245	0.964582	0.859196	0.717696	0.581711	0.472316	0.384769	0.328362	0.310188	0.321401	0.357973	0.410251	0.489947	0.580386	0.65683	0.722443	0.771676	0.808819	0.838868	0.85099	0.850554	0.847972	0.855743	0.877629	0.88959	0.888951	0.8714	0.828556	0.77855	0.718515	0.643598	0.563728	0.493467	0.452839	0.43539	0.449685	0.498412	0.555516	0.615979	0.664225	0.672344	0.624945	0.524553	0.386798	0.238982	0.114951	0.0276075	-0.0144846	-0.0142952	0	
