0	0	0	0	0	0	0	0	0	0	0	0	0	0	0	0	0	0	0	0	0	0	0	0	0	0	0	0	0	0	0	0	0	0	0	0	0	0	0	0	0	0	0	0	0	0	0	0	0	0	0	0	0	0	0	0	0	0	0	0	0	0	0	0	0	0	0	0	0	0	0	0	0	0	0	0	0	0	0	0	0	0	0	0	0	0	0	0	0	0	0	0	0	0	0	0	0	0	0	0	
0	0.0287824	0.0432656	0.0404178	0.0253917	0.0115452	0.00102113	-0.00476298	-0.012847	-0.0271214	-0.0487069	-0.0688648	-0.0782358	-0.0758142	-0.0628934	-0.0433442	-0.0196086	0.00653609	0.0364581	0.0698141	0.101948	0.12549	0.131912	0.118162	0.0881679	0.0459678	-0.0072532	-0.0690625	-0.129992	-0.178031	-0.201446	-0.195578	-0.16281	-0.112147	-0.0606095	-0.0175891	0.0114411	0.0250326	0.0241061	0.0148489	0.00430565	-0.00235953	-0.00699515	-0.013277	-0.0226643	-0.0297076	-0.0300669	-0.0206023	0.00422807	0.0412252	0.0852441	0.129187	0.165546	0.189393	0.200401	0.198134	0.18661	0.16391	0.131219	0.0900275	0.0445958	0.00544852	-0.0214138	-0.0380864	-0.0510874	-0.0688375	-0.0919489	-0.118452	-0.139109	-0.145678	-0.140577	-0.126646	-0.10469	-0.0759495	-0.0431491	-0.00750559	0.0272083	0.0581002	0.0821388	0.104354	0.129318	0.155906	0.1827	0.203481	0.216031	0.22186	0.224936	0.228741	0.231673	0.229405	0.218397	0.197227	0.169045	0.140421	0.115233	0.0942529	0.0752431	0.0542164	0.0286535	0	
0	0.0432656	0.0662869	0.0617454	0.0402959	0.0155204	-0.00600144	-0.0255384	-0.0459858	-0.0739121	-0.109957	-0.142566	-0.15876	-0.155931	-0.134022	-0.0954087	-0.0451169	0.00944891	0.0672069	0.127603	0.185811	0.232375	0.250418	0.229736	0.173766	0.0876924	-0.0196885	-0.140512	-0.251724	-0.334216	-0.371591	-0.360197	-0.304251	-0.21931	-0.127903	-0.0498876	0.00940711	0.0399533	0.0413393	0.0225333	-0.00131134	-0.020649	-0.0321253	-0.0461409	-0.0614792	-0.0696193	-0.064801	-0.0421366	0.00688598	0.0752236	0.15435	0.235166	0.302112	0.349877	0.374658	0.373885	0.353536	0.312771	0.254203	0.181877	0.104826	0.0371733	-0.0115918	-0.0446381	-0.0737363	-0.110125	-0.149973	-0.191592	-0.228042	-0.242634	-0.234655	-0.209928	-0.170135	-0.119743	-0.0603142	0.0022721	0.0618142	0.118542	0.165174	0.209257	0.252423	0.293403	0.332257	0.363891	0.391737	0.409986	0.422353	0.43191	0.430638	0.418828	0.39555	0.358493	0.313117	0.265096	0.216655	0.171167	0.128257	0.085929	0.0432783	0	
0	0.0404178	0.0617454	0.0606978	0.038906	0.0126739	-0.0235564	-0.0604045	-0.0995143	-0.138078	-0.180908	-0.217816	-0.236499	-0.235392	-0.20743	-0.151623	-0.074098	0.00933283	0.092489	0.175223	0.256237	0.325726	0.359525	0.337823	0.259594	0.134601	-0.0230338	-0.192671	-0.342192	-0.447348	-0.492595	-0.478829	-0.413447	-0.309669	-0.198176	-0.093699	-0.00950474	0.0423167	0.0529428	0.0312144	-0.00476054	-0.0367421	-0.062648	-0.0866185	-0.108865	-0.114851	-0.0984317	-0.0599436	0.00876453	0.0968128	0.195677	0.296307	0.387078	0.457295	0.500838	0.507819	0.484831	0.429864	0.354358	0.267703	0.177553	0.100525	0.041828	-0.00571283	-0.0502746	-0.100435	-0.15066	-0.201722	-0.241389	-0.255041	-0.247782	-0.219974	-0.168578	-0.0998405	-0.0263605	0.0479116	0.119875	0.190059	0.249859	0.303083	0.350489	0.388171	0.4246	0.460201	0.497375	0.532278	0.558704	0.57254	0.569117	0.549044	0.517173	0.47437	0.42151	0.362219	0.296637	0.228404	0.162793	0.102914	0.0490556	0	
0	0.0253917	0.0402959	0.038906	0.0242421	-0.00292726	-0.0458023	-0.0998256	-0.151307	-0.197143	-0.240728	-0.276233	-0.293412	-0.290158	-0.25653	-0.186739	-0.088286	0.0175298	0.12194	0.225624	0.327502	0.416103	0.459376	0.432336	0.336508	0.183605	-0.00406556	-0.205387	-0.380334	-0.503491	-0.559153	-0.550001	-0.483351	-0.376632	-0.255955	-0.142603	-0.0400879	0.0316713	0.0600939	0.0487578	0.0153467	-0.0247612	-0.0611402	-0.101947	-0.13611	-0.143519	-0.119818	-0.0692237	0.0108572	0.10458	0.20439	0.310137	0.408926	0.495686	0.556837	0.576844	0.559441	0.50619	0.431457	0.347266	0.263588	0.19067	0.131565	0.079155	0.0249367	-0.0356433	-0.0875698	-0.133507	-0.173219	-0.186697	-0.173685	-0.140329	-0.0864348	-0.0199277	0.0545905	0.12989	0.201765	0.275006	0.332539	0.379134	0.413076	0.434975	0.45781	0.485899	0.529102	0.571597	0.607645	0.633632	0.635478	0.619487	0.590744	0.546913	0.492974	0.430786	0.358855	0.282908	0.206597	0.133314	0.0649892	0	
0	0.0115452	0.0155204	0.0126739	-0.00292726	-0.0244499	-0.0689115	-0.122157	-0.176031	-0.219925	-0.262417	-0.295265	-0.307431	-0.299252	-0.259824	-0.183582	-0.0758648	0.0413777	0.160954	0.282009	0.399963	0.496158	0.53506	0.494595	0.382765	0.219192	0.0215246	-0.190395	-0.379337	-0.518341	-0.587657	-0.588839	-0.529322	-0.422823	-0.304587	-0.185735	-0.0739012	0.0162329	0.065416	0.0729339	0.0517681	0.0187473	-0.0227372	-0.0724014	-0.119228	-0.13434	-0.11135	-0.062035	0.0144257	0.098381	0.185379	0.278102	0.373525	0.463294	0.535726	0.56956	0.570158	0.535674	0.483844	0.425071	0.360894	0.302511	0.250939	0.198725	0.142289	0.081416	0.0311279	-0.0120055	-0.0388853	-0.0361506	-0.0183318	0.00872394	0.0512209	0.106356	0.167386	0.235076	0.304604	0.370317	0.411512	0.43179	0.437186	0.432849	0.438084	0.457036	0.492724	0.537075	0.582016	0.621223	0.644432	0.647398	0.632347	0.597753	0.546412	0.485567	0.415297	0.338989	0.258442	0.174342	0.0877287	0	
0	0.00102113	-0.00600144	-0.0235564	-0.0458023	-0.0689115	-0.101185	-0.141408	-0.178868	-0.212828	-0.248293	-0.27587	-0.280752	-0.265833	-0.22342	-0.146605	-0.037759	0.0836292	0.210234	0.338989	0.458744	0.547852	0.570906	0.512408	0.390626	0.226003	0.0349463	-0.172011	-0.360686	-0.505205	-0.586281	-0.602272	-0.555997	-0.461691	-0.346606	-0.227987	-0.104266	0.00417358	0.0748327	0.103663	0.10202	0.0814226	0.0485582	-0.00516355	-0.0622889	-0.0899465	-0.0818792	-0.0475853	0.0108568	0.0742527	0.137725	0.210163	0.285674	0.36444	0.434071	0.479549	0.505487	0.509282	0.500032	0.478812	0.446288	0.410347	0.376215	0.339966	0.296315	0.241655	0.198344	0.165694	0.14498	0.154045	0.18111	0.208297	0.235981	0.267624	0.310736	0.363056	0.4145	0.459831	0.470431	0.45637	0.429361	0.398218	0.381965	0.384758	0.416177	0.461975	0.518267	0.580132	0.625877	0.652261	0.657177	0.634928	0.593677	0.539067	0.471541	0.395572	0.309249	0.213243	0.109177	0	
0	-0.00476298	-0.0255384	-0.0604045	-0.0998256	-0.122157	-0.141408	-0.155012	-0.168215	-0.180564	-0.203278	-0.221942	-0.221956	-0.207136	-0.169502	-0.0986781	0.00749184	0.12695	0.250349	0.370554	0.477798	0.551274	0.559013	0.490292	0.365221	0.207662	0.0292558	-0.162244	-0.336938	-0.475809	-0.560921	-0.591911	-0.566918	-0.489298	-0.386854	-0.266681	-0.132349	-0.00374246	0.0898502	0.139858	0.156622	0.153322	0.129965	0.0809949	0.0183237	-0.0221036	-0.0315743	-0.0233298	0.00557143	0.0363965	0.0682781	0.109619	0.160779	0.220393	0.284703	0.338491	0.389788	0.429738	0.461345	0.480119	0.481089	0.478399	0.479626	0.478319	0.462074	0.42662	0.391577	0.359418	0.34492	0.363947	0.393729	0.417718	0.442566	0.468722	0.495281	0.521576	0.538486	0.540569	0.509739	0.459673	0.402979	0.348145	0.314428	0.307784	0.334239	0.385329	0.454399	0.531889	0.600129	0.648933	0.675566	0.673383	0.6441	0.594293	0.524097	0.44003	0.34313	0.235343	0.1204	0	
0	-0.012847	-0.0459858	-0.0995143	-0.151307	-0.176031	-0.178868	-0.168215	-0.149762	-0.134496	-0.134159	-0.141141	-0.139296	-0.132629	-0.107706	-0.0483759	0.0475897	0.153856	0.255823	0.3505	0.433772	0.490479	0.490104	0.4203	0.302286	0.159141	0.00237439	-0.16215	-0.311543	-0.430856	-0.510995	-0.551395	-0.546264	-0.494323	-0.411462	-0.303412	-0.166348	-0.0227509	0.0913491	0.163478	0.200658	0.214368	0.206827	0.166154	0.105076	0.058134	0.0308879	0.0137658	0.00775693	0.00144808	-0.00428092	0.00380104	0.0253271	0.0659931	0.121129	0.183614	0.25611	0.325051	0.387461	0.435424	0.469462	0.503154	0.54458	0.583839	0.605163	0.595651	0.57842	0.558126	0.543682	0.557322	0.589191	0.621402	0.650811	0.675077	0.68933	0.685214	0.659263	0.620192	0.552802	0.473357	0.395663	0.323755	0.27569	0.259231	0.283885	0.338306	0.414197	0.502462	0.582313	0.646612	0.68989	0.701128	0.682055	0.634643	0.561114	0.470101	0.363618	0.247868	0.125936	0	
0	-0.0271214	-0.0739121	-0.138078	-0.197143	-0.219925	-0.212828	-0.180564	-0.134496	-0.0866614	-0.0609806	-0.0534076	-0.0520779	-0.055256	-0.0457559	-0.00497982	0.0678961	0.141292	0.204815	0.262812	0.320957	0.365856	0.3639	0.301693	0.198524	0.0788473	-0.0474418	-0.178975	-0.295088	-0.389223	-0.454252	-0.494282	-0.502671	-0.47283	-0.416272	-0.329095	-0.203921	-0.0608255	0.0620073	0.147189	0.202524	0.23886	0.254029	0.234112	0.183796	0.135983	0.097785	0.0577407	0.02351	-0.0147231	-0.0526336	-0.0759368	-0.0804949	-0.0601164	-0.0119229	0.0527498	0.136348	0.223705	0.308149	0.381858	0.443694	0.508907	0.583347	0.65591	0.704635	0.723061	0.729847	0.725087	0.720934	0.738529	0.767384	0.794923	0.825281	0.846372	0.847366	0.823949	0.775867	0.712605	0.624537	0.526433	0.428235	0.338545	0.277766	0.257145	0.282313	0.339455	0.420147	0.512519	0.596887	0.663002	0.705877	0.716347	0.695636	0.646691	0.569572	0.474405	0.363501	0.244076	0.123569	0	
0	-0.0487069	-0.109957	-0.180908	-0.240728	-0.262417	-0.248293	-0.203278	-0.134159	-0.0609806	-0.0112972	0.00937842	0.0153976	0.00832053	0.00507548	0.0216988	0.0560162	0.0818814	0.0966067	0.117391	0.155407	0.194785	0.199541	0.152869	0.0736611	-0.0148885	-0.107889	-0.203205	-0.28724	-0.352712	-0.399948	-0.433718	-0.448366	-0.435144	-0.400388	-0.33733	-0.235584	-0.110343	0.00152857	0.0884179	0.158992	0.223535	0.272185	0.279712	0.245407	0.200105	0.154112	0.103953	0.0541912	-0.000397197	-0.056931	-0.101746	-0.127691	-0.123586	-0.089062	-0.0282102	0.0563351	0.147463	0.241808	0.333705	0.42234	0.515069	0.614604	0.708064	0.77986	0.818223	0.841661	0.850644	0.852033	0.869132	0.899839	0.931197	0.956331	0.970519	0.966332	0.938385	0.889312	0.824819	0.72856	0.611744	0.494336	0.389895	0.320946	0.298424	0.325732	0.391835	0.480999	0.575846	0.654999	0.7069	0.729951	0.721234	0.686087	0.627707	0.547908	0.452916	0.34408	0.230259	0.115546	0	
0	-0.0688648	-0.142566	-0.217816	-0.276233	-0.295265	-0.27587	-0.221942	-0.141141	-0.0534076	0.00937842	0.042673	0.056392	0.0501617	0.0329516	0.0168606	0.00394383	-0.0242391	-0.0580638	-0.0718748	-0.050201	-0.0087866	0.0126634	-0.00486353	-0.0485034	-0.10068	-0.157282	-0.219152	-0.271125	-0.311332	-0.34128	-0.367866	-0.383349	-0.379549	-0.361169	-0.324499	-0.256562	-0.166312	-0.0792429	-0.000328468	0.0848745	0.180257	0.26585	0.306657	0.294331	0.260931	0.22113	0.171374	0.117553	0.0538288	-0.0160465	-0.0731429	-0.107726	-0.110437	-0.0806967	-0.030991	0.0361604	0.113964	0.202376	0.299102	0.40361	0.520694	0.645867	0.763081	0.846546	0.889552	0.908945	0.909555	0.908101	0.929074	0.967387	1.00363	1.0356	1.0555	1.06135	1.05076	1.01627	0.954533	0.850568	0.721727	0.590565	0.476295	0.402324	0.382311	0.417035	0.486605	0.57532	0.663181	0.726903	0.758927	0.758875	0.726472	0.671274	0.597843	0.509801	0.416956	0.316368	0.212046	0.108249	0	
0	-0.0782358	-0.15876	-0.236499	-0.293412	-0.307431	-0.280752	-0.221956	-0.139296	-0.0520779	0.0153976	0.056392	0.0760037	0.0646209	0.0240691	-0.0305613	-0.0921173	-0.168216	-0.245392	-0.291202	-0.283341	-0.235446	-0.185978	-0.160944	-0.157029	-0.162543	-0.179506	-0.205499	-0.229881	-0.248314	-0.263793	-0.280133	-0.291777	-0.292955	-0.29364	-0.289705	-0.265427	-0.217202	-0.159767	-0.0907768	0.00266736	0.121873	0.238705	0.313118	0.336045	0.333585	0.318467	0.284125	0.228925	0.152883	0.0697125	0.00252036	-0.0330655	-0.0320382	-0.00531889	0.0350398	0.0843103	0.137984	0.205557	0.293503	0.401501	0.528354	0.667723	0.796021	0.88507	0.920008	0.920877	0.906367	0.898871	0.922401	0.969514	1.01967	1.06302	1.10286	1.13623	1.15134	1.1392	1.09079	0.994528	0.864117	0.727641	0.609032	0.531038	0.505721	0.530168	0.590489	0.664837	0.733151	0.780849	0.797795	0.783056	0.735935	0.662236	0.571496	0.474247	0.379148	0.284683	0.191667	0.0976064	0	
0	-0.0758142	-0.155931	-0.235392	-0.290158	-0.299252	-0.265833	-0.207136	-0.132629	-0.055256	0.00832053	0.0501617	0.0646209	0.0351371	-0.0363818	-0.129022	-0.227504	-0.336789	-0.442839	-0.509461	-0.508475	-0.44758	-0.365122	-0.291336	-0.230864	-0.18302	-0.154552	-0.147533	-0.149523	-0.151501	-0.15194	-0.154393	-0.157353	-0.165729	-0.188273	-0.221269	-0.239869	-0.230814	-0.200821	-0.146569	-0.0545343	0.0738195	0.210927	0.317275	0.379335	0.417376	0.435306	0.42032	0.367874	0.285472	0.192892	0.122107	0.0867908	0.0859578	0.106229	0.132473	0.161791	0.198821	0.250499	0.320366	0.41246	0.529511	0.661873	0.783792	0.861276	0.885588	0.878411	0.863083	0.863082	0.894423	0.948481	1.00465	1.06166	1.12109	1.17912	1.22433	1.24133	1.21879	1.14393	1.02921	0.897957	0.77181	0.677588	0.633857	0.639552	0.676104	0.727646	0.778167	0.810067	0.815643	0.788905	0.729057	0.6469	0.549237	0.446409	0.348807	0.253826	0.164638	0.0824873	0	
0	-0.0628934	-0.134022	-0.20743	-0.25653	-0.259824	-0.22342	-0.169502	-0.107706	-0.0457559	0.00507548	0.0329516	0.0240691	-0.0363818	-0.143251	-0.266417	-0.389776	-0.513995	-0.62767	-0.693424	-0.681898	-0.59959	-0.482251	-0.359377	-0.242546	-0.140351	-0.0700701	-0.0354524	-0.0211663	-0.0111318	-0.000350567	0.00720907	0.00605902	-0.0104804	-0.0514489	-0.108322	-0.154103	-0.172871	-0.165951	-0.129802	-0.0501636	0.0747366	0.218002	0.340364	0.429661	0.495495	0.540722	0.548698	0.512438	0.440874	0.358447	0.2907	0.251449	0.237945	0.23905	0.247648	0.26223	0.282771	0.311931	0.357372	0.422424	0.510485	0.617794	0.719806	0.785138	0.805664	0.802672	0.800119	0.813932	0.854178	0.91424	0.982511	1.05505	1.13517	1.21468	1.27803	1.3165	1.31681	1.26857	1.17234	1.04606	0.916545	0.807956	0.738123	0.71121	0.722128	0.756331	0.793826	0.815734	0.807491	0.766315	0.69871	0.613088	0.517322	0.418137	0.319342	0.224427	0.139523	0.0664634	0	
0	-0.0433442	-0.0954087	-0.151623	-0.186739	-0.183582	-0.146605	-0.0986781	-0.0483759	-0.00497982	0.0216988	0.0168606	-0.0305613	-0.129022	-0.266417	-0.412284	-0.548582	-0.671728	-0.769668	-0.809691	-0.768078	-0.65528	-0.50255	-0.339283	-0.178742	-0.0384112	0.0616421	0.11943	0.150473	0.173171	0.190055	0.196975	0.191881	0.167204	0.119775	0.0544872	-0.00552378	-0.0435828	-0.0574942	-0.0401908	0.0238498	0.136463	0.271706	0.39309	0.488385	0.567037	0.629551	0.662472	0.653298	0.610877	0.551909	0.497317	0.456155	0.427285	0.40567	0.389862	0.379664	0.374896	0.375556	0.386978	0.419354	0.479589	0.561801	0.64143	0.69392	0.716139	0.722176	0.73104	0.75425	0.800625	0.871525	0.958784	1.05427	1.15395	1.24603	1.31981	1.367	1.37275	1.32764	1.23574	1.1158	0.986519	0.870186	0.785718	0.74143	0.734746	0.751968	0.773639	0.778353	0.756998	0.707786	0.637746	0.556204	0.466109	0.374002	0.284809	0.20089	0.126129	0.0610481	0	
0	-0.0196086	-0.0451169	-0.074098	-0.088286	-0.0758648	-0.037759	0.00749184	0.0475897	0.0678961	0.0560162	0.00394383	-0.0921173	-0.227504	-0.389776	-0.548582	-0.687229	-0.79282	-0.855658	-0.847905	-0.758571	-0.600516	-0.410029	-0.215684	-0.0340203	0.119841	0.233787	0.307441	0.35412	0.384502	0.398754	0.398779	0.386332	0.358788	0.311602	0.245688	0.180796	0.129965	0.102027	0.101553	0.14326	0.230414	0.341559	0.446404	0.540482	0.626756	0.709301	0.770272	0.795595	0.786807	0.756285	0.716025	0.674514	0.631458	0.588457	0.547054	0.50685	0.470407	0.436658	0.419168	0.425351	0.459669	0.51638	0.576293	0.618131	0.639393	0.64887	0.661936	0.691483	0.748174	0.834864	0.941879	1.05502	1.16776	1.26848	1.34488	1.38661	1.3775	1.31701	1.21154	1.07876	0.943188	0.824616	0.738736	0.69361	0.681861	0.688478	0.69579	0.689874	0.667506	0.624368	0.563672	0.486654	0.399629	0.315024	0.236998	0.170444	0.1117	0.0553175	0	
0	0.00653609	0.00944891	0.00933283	0.0175298	0.0413777	0.0836292	0.12695	0.153856	0.141292	0.0818814	-0.0242391	-0.168216	-0.336789	-0.513995	-0.671728	-0.79282	-0.86123	-0.867716	-0.79515	-0.63742	-0.421312	-0.18712	0.0265743	0.208867	0.35421	0.46186	0.535713	0.582104	0.608377	0.616078	0.609155	0.593343	0.562048	0.513244	0.447901	0.382361	0.327348	0.288825	0.268511	0.279516	0.330426	0.409344	0.494126	0.583265	0.677004	0.77413	0.861683	0.918858	0.942699	0.938961	0.912858	0.870605	0.815681	0.751132	0.681331	0.612163	0.545422	0.486873	0.4483	0.43544	0.448478	0.483893	0.523389	0.554252	0.573866	0.583441	0.603232	0.646819	0.723224	0.828314	0.949272	1.06705	1.17865	1.27407	1.34043	1.36638	1.33167	1.23964	1.09987	0.934376	0.773158	0.645299	0.564788	0.532365	0.53379	0.546287	0.558216	0.560434	0.549432	0.519554	0.470148	0.403586	0.329394	0.257909	0.192026	0.137196	0.0885504	0.0429207	0	
0	0.0364581	0.0672069	0.092489	0.12194	0.160954	0.210234	0.250349	0.255823	0.204815	0.0966067	-0.0580638	-0.245392	-0.442839	-0.62767	-0.769668	-0.855658	-0.867716	-0.805015	-0.651843	-0.418505	-0.136417	0.137678	0.365504	0.539727	0.663233	0.746172	0.794284	0.81803	0.828116	0.824883	0.812655	0.789854	0.752098	0.701271	0.640925	0.583208	0.527161	0.477372	0.432647	0.409303	0.423328	0.468904	0.529657	0.607547	0.69739	0.804161	0.912345	1.0003	1.05513	1.07394	1.0588	1.01799	0.954685	0.876738	0.788668	0.695364	0.60808	0.52826	0.46905	0.433867	0.42834	0.44752	0.476506	0.501328	0.516161	0.524745	0.549671	0.611367	0.710481	0.833512	0.962104	1.07936	1.18207	1.25887	1.30038	1.29369	1.22174	1.08876	0.906686	0.700974	0.509509	0.366962	0.285421	0.264376	0.282808	0.322615	0.368302	0.399974	0.412131	0.395256	0.358768	0.309671	0.255945	0.20533	0.151394	0.104426	0.0639052	0.0274004	0	
0	0.0698141	0.127603	0.175223	0.225624	0.282009	0.338989	0.370554	0.3505	0.262812	0.117391	-0.0718748	-0.291202	-0.509461	-0.693424	-0.809691	-0.847905	-0.79515	-0.651843	-0.419507	-0.114321	0.216393	0.519361	0.752664	0.912857	1.00344	1.04171	1.04432	1.03318	1.02011	1.00517	0.982968	0.954156	0.915082	0.872333	0.825987	0.777022	0.715095	0.646463	0.574969	0.520778	0.501126	0.514282	0.545395	0.602238	0.68342	0.791779	0.916415	1.02768	1.10242	1.13816	1.13572	1.10333	1.0475	0.971504	0.874869	0.770248	0.661542	0.55805	0.4757	0.420453	0.398113	0.410225	0.434127	0.451565	0.45873	0.461258	0.492289	0.566296	0.679946	0.811043	0.943509	1.05773	1.14657	1.19884	1.20456	1.15708	1.03907	0.860872	0.638504	0.399429	0.189116	0.0412353	-0.0411483	-0.0545844	-0.0112094	0.0652573	0.15292	0.221023	0.257001	0.261044	0.242605	0.209127	0.173472	0.136446	0.0954528	0.064165	0.0372212	0.0146793	0	
0	0.101948	0.185811	0.256237	0.327502	0.399963	0.458744	0.477798	0.433772	0.320957	0.155407	-0.050201	-0.283341	-0.508475	-0.681898	-0.768078	-0.758571	-0.63742	-0.418505	-0.114321	0.237531	0.596485	0.909245	1.13804	1.27359	1.31861	1.3026	1.25588	1.20614	1.16612	1.12865	1.09353	1.06147	1.0333	1.00913	0.981689	0.941464	0.873131	0.78881	0.696947	0.615852	0.563076	0.536897	0.532106	0.564943	0.633225	0.741433	0.871392	0.991002	1.07555	1.12192	1.13543	1.12515	1.08878	1.02528	0.933343	0.821456	0.70213	0.581417	0.478006	0.404603	0.376252	0.381848	0.392387	0.395358	0.388669	0.385311	0.413416	0.489679	0.603412	0.731023	0.858099	0.965356	1.0412	1.0685	1.04403	0.959454	0.800801	0.579837	0.325088	0.071479	-0.146163	-0.297154	-0.374462	-0.368108	-0.295463	-0.183885	-0.0629855	0.0341695	0.10223	0.134258	0.139053	0.119677	0.0884904	0.0589714	0.0281548	0.013983	0.00839989	7.84031e-05	0	
0	0.12549	0.232375	0.325726	0.416103	0.496158	0.547852	0.551274	0.490479	0.365856	0.194785	-0.0087866	-0.235446	-0.44758	-0.59959	-0.65528	-0.600516	-0.421312	-0.136417	0.216393	0.596485	0.963049	1.27238	1.48122	1.5787	1.57261	1.50585	1.41277	1.3229	1.24337	1.17694	1.12546	1.09504	1.0797	1.07354	1.06378	1.03713	0.975153	0.891464	0.792875	0.693699	0.607578	0.541806	0.499974	0.505613	0.558465	0.652331	0.770184	0.882814	0.964661	1.0206	1.05537	1.0692	1.05806	1.01753	0.938576	0.836615	0.715454	0.588289	0.479165	0.400727	0.362355	0.355667	0.349343	0.330202	0.307066	0.292578	0.311909	0.372806	0.471313	0.585386	0.702159	0.801538	0.864481	0.877355	0.833002	0.721005	0.530422	0.28461	0.0163787	-0.249746	-0.473974	-0.620156	-0.682802	-0.651777	-0.550914	-0.414765	-0.267901	-0.140791	-0.0408788	0.0269706	0.0580637	0.0541823	0.0371241	0.0146408	-0.00840098	-0.0133527	-0.0127713	-0.0102486	0	
0	0.131912	0.250418	0.359525	0.459376	0.53506	0.570906	0.559013	0.490104	0.3639	0.199541	0.0126634	-0.185978	-0.365122	-0.482251	-0.50255	-0.410029	-0.18712	0.137678	0.519361	0.909245	1.27238	1.56213	1.73625	1.78866	1.73671	1.6261	1.48834	1.34984	1.2273	1.13064	1.06739	1.03622	1.02809	1.03207	1.03821	1.03164	0.990045	0.923218	0.834316	0.729414	0.622369	0.524609	0.449491	0.426377	0.45047	0.514432	0.602971	0.694402	0.769774	0.832816	0.885588	0.925632	0.943349	0.930286	0.879601	0.799684	0.695598	0.579233	0.475182	0.398659	0.359819	0.339251	0.307602	0.269189	0.23028	0.200277	0.196066	0.231805	0.306775	0.398966	0.49743	0.58331	0.638723	0.642576	0.585857	0.459292	0.257814	0.00167303	-0.274356	-0.541232	-0.763459	-0.900297	-0.943284	-0.889184	-0.769019	-0.614225	-0.444501	-0.287483	-0.154299	-0.0580457	0.00119449	0.0251876	0.0318767	0.0292101	0.0120487	0.00384251	-0.000121983	-0.00661101	0	
0	0.118162	0.229736	0.337823	0.432336	0.494595	0.512408	0.490292	0.4203	0.301693	0.152869	-0.00486353	-0.160944	-0.291336	-0.359377	-0.339283	-0.215684	0.0265743	0.365504	0.752664	1.13804	1.48122	1.73625	1.86766	1.87896	1.78922	1.6378	1.45153	1.26456	1.10284	0.984704	0.912651	0.88179	0.879151	0.892613	0.914877	0.929596	0.913361	0.870916	0.801586	0.704896	0.58934	0.470092	0.367555	0.310771	0.299626	0.323082	0.374174	0.442782	0.510545	0.579179	0.648346	0.709588	0.755164	0.778127	0.762077	0.714809	0.638297	0.549429	0.470137	0.40645	0.363256	0.32868	0.281994	0.226109	0.170619	0.121022	0.0893658	0.0922208	0.13693	0.201582	0.274606	0.343732	0.384966	0.377818	0.315161	0.186799	-0.0106487	-0.258449	-0.525529	-0.78732	-0.998475	-1.11357	-1.1341	-1.06406	-0.930307	-0.755765	-0.559109	-0.377191	-0.224756	-0.106151	-0.0237589	0.0253043	0.0571235	0.0683474	0.0586972	0.0489888	0.0331951	0.0129728	0	
0	0.0881679	0.173766	0.259594	0.336508	0.382765	0.390626	0.365221	0.302286	0.198524	0.0736611	-0.0485034	-0.157029	-0.230864	-0.242546	-0.178742	-0.0340203	0.208867	0.539727	0.912857	1.27359	1.5787	1.78866	1.87896	1.85461	1.72921	1.53609	1.30487	1.07858	0.888724	0.75681	0.684537	0.663684	0.676859	0.706651	0.743921	0.775896	0.778645	0.755519	0.704545	0.619374	0.504438	0.376556	0.255557	0.17236	0.125685	0.10699	0.119811	0.163904	0.223584	0.296882	0.379756	0.462741	0.538132	0.592636	0.610249	0.59708	0.556139	0.502735	0.452771	0.407803	0.370068	0.328547	0.269136	0.200733	0.126934	0.053848	-0.00335172	-0.0267271	-0.00969604	0.0237945	0.0643229	0.104519	0.124751	0.10604	0.0399788	-0.0793795	-0.258298	-0.490562	-0.743125	-0.980299	-1.15852	-1.24548	-1.24544	-1.15682	-1.0014	-0.805283	-0.593884	-0.40232	-0.241912	-0.113664	-0.0198012	0.0387303	0.0771627	0.0946783	0.0885025	0.0790202	0.0598336	0.0276678	0	
0	0.0459678	0.0876924	0.134601	0.183605	0.219192	0.226003	0.207662	0.159141	0.0788473	-0.0148885	-0.10068	-0.162543	-0.18302	-0.140351	-0.0384112	0.119841	0.35421	0.663233	1.00344	1.31861	1.57261	1.73671	1.78922	1.72921	1.56858	1.34008	1.0801	0.828893	0.622024	0.48472	0.421846	0.420959	0.457874	0.505841	0.558446	0.601554	0.616766	0.603961	0.563933	0.48904	0.382189	0.255555	0.129794	0.027758	-0.0490924	-0.105677	-0.128549	-0.107653	-0.0553295	0.0198345	0.112957	0.214528	0.314764	0.398711	0.44818	0.468251	0.465514	0.454145	0.437533	0.409048	0.375722	0.334684	0.272015	0.192596	0.102296	0.0107895	-0.0702697	-0.119626	-0.130001	-0.127139	-0.118243	-0.105641	-0.110314	-0.148415	-0.217033	-0.324318	-0.484435	-0.690578	-0.906594	-1.10058	-1.24141	-1.29912	-1.27202	-1.1602	-0.984444	-0.775381	-0.560738	-0.36992	-0.212191	-0.0873636	7.8859e-05	0.0514352	0.0831119	0.0956067	0.0895321	0.0803589	0.0613123	0.0298219	0	
0	-0.0072532	-0.0196885	-0.0230338	-0.00406556	0.0215246	0.0349463	0.0292558	0.00237439	-0.0474418	-0.107889	-0.157282	-0.179506	-0.154552	-0.0700701	0.0616421	0.233787	0.46186	0.746172	1.04171	1.3026	1.50585	1.6261	1.6378	1.53609	1.34008	1.08819	0.811695	0.549228	0.336074	0.204658	0.158441	0.180744	0.240248	0.309238	0.375629	0.429239	0.451279	0.441512	0.405575	0.339627	0.243697	0.129535	0.00873845	-0.101653	-0.198753	-0.285201	-0.337867	-0.338739	-0.29975	-0.23044	-0.133704	-0.020595	0.0993217	0.208441	0.288625	0.345993	0.384727	0.409722	0.420283	0.412378	0.393392	0.359954	0.299562	0.209989	0.101019	-0.00982213	-0.108055	-0.179766	-0.217253	-0.238893	-0.256654	-0.271761	-0.299253	-0.346184	-0.416676	-0.521564	-0.668608	-0.848427	-1.02487	-1.17303	-1.26995	-1.29343	-1.23634	-1.09796	-0.907021	-0.69439	-0.482423	-0.296982	-0.14784	-0.0353141	0.0352691	0.0694833	0.0849491	0.0828213	0.0684867	0.0559794	0.0398352	0.0183954	0	
0	-0.0690625	-0.140512	-0.192671	-0.205387	-0.190395	-0.172011	-0.162244	-0.16215	-0.178975	-0.203205	-0.219152	-0.205499	-0.147533	-0.0354524	0.11943	0.307441	0.535713	0.794284	1.04432	1.25588	1.41277	1.48834	1.45153	1.30487	1.0801	0.811695	0.53105	0.269713	0.0671639	-0.0488173	-0.0786534	-0.0412608	0.0339617	0.116048	0.193957	0.255861	0.286304	0.282228	0.252634	0.197554	0.119057	0.0207665	-0.0911967	-0.205549	-0.318872	-0.425812	-0.498229	-0.517652	-0.490433	-0.429567	-0.33849	-0.223234	-0.0936512	0.0306939	0.13855	0.231204	0.309112	0.373817	0.418237	0.438083	0.441451	0.423819	0.3637	0.263307	0.138635	0.00807862	-0.116306	-0.215145	-0.276163	-0.320629	-0.357258	-0.385829	-0.418834	-0.471038	-0.547887	-0.653898	-0.79453	-0.952561	-1.09847	-1.2136	-1.27865	-1.26694	-1.17103	-1.00722	-0.801983	-0.583873	-0.374267	-0.195317	-0.0622495	0.0276762	0.0766166	0.0906411	0.0866259	0.0712024	0.0486431	0.0311236	0.0177668	0.0052146	0	
0	-0.129992	-0.251724	-0.342192	-0.380334	-0.379337	-0.360686	-0.336938	-0.311543	-0.295088	-0.28724	-0.271125	-0.229881	-0.149523	-0.0211663	0.150473	0.35412	0.582104	0.81803	1.03318	1.20614	1.3229	1.34984	1.26456	1.07858	0.828893	0.549228	0.269713	0.0232216	-0.157737	-0.255308	-0.272977	-0.227868	-0.148077	-0.0599915	0.0242984	0.0964364	0.13988	0.145705	0.125753	0.0864154	0.0270962	-0.0539435	-0.157215	-0.274836	-0.395256	-0.509613	-0.59161	-0.62113	-0.605402	-0.557923	-0.478149	-0.371193	-0.245279	-0.112038	0.016762	0.137277	0.249362	0.34733	0.426897	0.484	0.519106	0.517128	0.460406	0.347675	0.202908	0.0493742	-0.100973	-0.228634	-0.317269	-0.375089	-0.417279	-0.445654	-0.473898	-0.520759	-0.598414	-0.710299	-0.851006	-1.0034	-1.14234	-1.24365	-1.28146	-1.2357	-1.10693	-0.917502	-0.695581	-0.465462	-0.252726	-0.0836934	0.0329706	0.101255	0.124118	0.114738	0.0911411	0.0619816	0.0334325	0.0118498	-0.00106662	-0.00446904	0	
0	-0.178031	-0.334216	-0.447348	-0.503491	-0.518341	-0.505205	-0.475809	-0.430856	-0.389223	-0.352712	-0.311332	-0.248314	-0.151501	-0.0111318	0.173171	0.384502	0.608377	0.828116	1.02011	1.16612	1.24337	1.2273	1.10284	0.888724	0.622024	0.336074	0.0671639	-0.157737	-0.315318	-0.396183	-0.407053	-0.363215	-0.289794	-0.204484	-0.11701	-0.0353791	0.0201859	0.0399576	0.0364883	0.0179985	-0.0193024	-0.0845722	-0.181537	-0.296187	-0.415836	-0.530271	-0.614924	-0.655934	-0.652892	-0.618129	-0.5532	-0.458358	-0.337041	-0.203397	-0.0644713	0.0728671	0.20446	0.329971	0.445096	0.539037	0.597801	0.607229	0.549772	0.430322	0.274321	0.101248	-0.0693633	-0.214848	-0.316434	-0.384079	-0.428125	-0.452005	-0.470722	-0.5132	-0.595595	-0.709236	-0.852216	-1.00889	-1.15443	-1.25388	-1.27533	-1.20582	-1.05273	-0.841452	-0.597225	-0.355475	-0.145064	0.0152958	0.116674	0.164696	0.167474	0.14059	0.102246	0.062612	0.027678	0.00505779	-0.00404612	-0.00458543	0	
0	-0.201446	-0.371591	-0.492595	-0.559153	-0.587657	-0.586281	-0.560921	-0.510995	-0.454252	-0.399948	-0.34128	-0.263793	-0.15194	-0.000350567	0.190055	0.398754	0.616078	0.824883	1.00517	1.12865	1.17694	1.13064	0.984704	0.75681	0.48472	0.204658	-0.0488173	-0.255308	-0.396183	-0.469248	-0.481644	-0.449477	-0.388489	-0.30885	-0.221819	-0.136395	-0.0692858	-0.0294414	-0.0105975	-0.00730072	-0.0261974	-0.077257	-0.160916	-0.262611	-0.3741	-0.484448	-0.577147	-0.632473	-0.645437	-0.626377	-0.576138	-0.491194	-0.376299	-0.240081	-0.0932009	0.0493614	0.191985	0.332114	0.464832	0.571543	0.636321	0.644767	0.588023	0.472149	0.321602	0.153401	-0.0168997	-0.164227	-0.270249	-0.335834	-0.37233	-0.392334	-0.415244	-0.468887	-0.558538	-0.675636	-0.824632	-0.988467	-1.13637	-1.22787	-1.23879	-1.16362	-1.00389	-0.782691	-0.531508	-0.286069	-0.0773287	0.0766449	0.170914	0.208109	0.204603	0.175026	0.128378	0.0800455	0.0395375	0.0149443	0.00522563	0.00141761	0	
0	-0.195578	-0.360197	-0.478829	-0.550001	-0.588839	-0.602272	-0.591911	-0.551395	-0.494282	-0.433718	-0.367866	-0.280133	-0.154393	0.00720907	0.196975	0.398779	0.609155	0.812655	0.982968	1.09353	1.12546	1.06739	0.912651	0.684537	0.421846	0.158441	-0.0786534	-0.272977	-0.407053	-0.481644	-0.505957	-0.487914	-0.439834	-0.369922	-0.29227	-0.208083	-0.126767	-0.0633832	-0.0242865	-0.00625739	-0.00923372	-0.0395509	-0.0987886	-0.178996	-0.277707	-0.38821	-0.489152	-0.562385	-0.59618	-0.596613	-0.563341	-0.488106	-0.372119	-0.229606	-0.0790864	0.0660787	0.206307	0.343247	0.47061	0.566928	0.614581	0.613974	0.563874	0.464312	0.334024	0.18656	0.0439628	-0.07806	-0.166875	-0.220944	-0.254241	-0.284858	-0.323845	-0.391411	-0.494426	-0.624825	-0.785208	-0.951132	-1.09151	-1.1737	-1.18059	-1.10634	-0.953795	-0.742617	-0.50118	-0.265576	-0.0605665	0.0934532	0.189714	0.233658	0.237354	0.211406	0.165488	0.116551	0.0747838	0.0424658	0.0191067	0.00657235	0	
0	-0.16281	-0.304251	-0.413447	-0.483351	-0.529322	-0.555997	-0.566918	-0.546264	-0.502671	-0.448366	-0.383349	-0.291777	-0.157353	0.00605902	0.191881	0.386332	0.593343	0.789854	0.954156	1.06147	1.09504	1.03622	0.88179	0.663684	0.420959	0.180744	-0.0412608	-0.227868	-0.363215	-0.449477	-0.487914	-0.483861	-0.451669	-0.400998	-0.339078	-0.251707	-0.154473	-0.0692177	-0.0154858	0.0157223	0.0313563	0.0267607	-0.0084342	-0.0667064	-0.155501	-0.259581	-0.363202	-0.448185	-0.501334	-0.522296	-0.507245	-0.4416	-0.328589	-0.188789	-0.0435959	0.0909983	0.222932	0.348029	0.456751	0.526996	0.551338	0.538526	0.489475	0.40832	0.31067	0.203905	0.10191	0.0171842	-0.0410872	-0.0755626	-0.100915	-0.139561	-0.197491	-0.285713	-0.405664	-0.549604	-0.7203	-0.887987	-1.02482	-1.10869	-1.12312	-1.06041	-0.922079	-0.725705	-0.502056	-0.278301	-0.0777426	0.0796551	0.18964	0.246951	0.262485	0.242889	0.202741	0.164344	0.122182	0.080181	0.0447111	0.0174632	0	
0	-0.112147	-0.21931	-0.309669	-0.376632	-0.422823	-0.461691	-0.489298	-0.494323	-0.47283	-0.435144	-0.379549	-0.292955	-0.165729	-0.0104804	0.167204	0.358788	0.562048	0.752098	0.915082	1.0333	1.0797	1.02809	0.879151	0.676859	0.457874	0.240248	0.0339617	-0.148077	-0.289794	-0.388489	-0.439834	-0.451669	-0.443088	-0.418505	-0.366446	-0.277049	-0.167434	-0.066236	0.00482944	0.0529633	0.0885954	0.103373	0.0901838	0.0496118	-0.0219824	-0.113177	-0.210824	-0.300071	-0.367199	-0.404665	-0.404879	-0.351213	-0.253707	-0.132423	-0.0107292	0.106826	0.222615	0.329843	0.415799	0.460458	0.464934	0.444386	0.40182	0.33807	0.266857	0.19494	0.135831	0.0950538	0.0730899	0.0652772	0.0531933	0.0146147	-0.0461328	-0.139869	-0.271192	-0.434012	-0.621178	-0.799498	-0.949265	-1.05221	-1.08806	-1.03979	-0.916576	-0.736743	-0.523363	-0.306205	-0.107886	0.0540381	0.175553	0.247732	0.276127	0.271228	0.246643	0.212195	0.166692	0.121822	0.0807794	0.041485	0	
0	-0.0606095	-0.127903	-0.198176	-0.255955	-0.304587	-0.346606	-0.386854	-0.411462	-0.416272	-0.400388	-0.361169	-0.29364	-0.188273	-0.0514489	0.119775	0.311602	0.513244	0.701271	0.872333	1.00913	1.07354	1.03207	0.892613	0.706651	0.505841	0.309238	0.116048	-0.0599915	-0.204484	-0.30885	-0.369922	-0.400998	-0.418505	-0.412134	-0.373698	-0.2893	-0.17933	-0.0630661	0.026978	0.0901868	0.139305	0.175208	0.182216	0.164173	0.110776	0.0334443	-0.0527906	-0.137176	-0.208507	-0.255663	-0.269729	-0.240224	-0.173423	-0.0880753	0.00172451	0.0967214	0.195846	0.282844	0.344374	0.369091	0.362419	0.340465	0.305776	0.262574	0.219082	0.178129	0.152978	0.146734	0.159924	0.182718	0.19651	0.180209	0.131434	0.0382165	-0.107381	-0.291813	-0.497802	-0.699579	-0.877001	-1.00962	-1.06759	-1.03724	-0.932765	-0.760667	-0.552303	-0.33702	-0.135103	0.0300427	0.155472	0.232427	0.274243	0.289961	0.281944	0.25374	0.207946	0.16536	0.119744	0.0618221	0	
0	-0.0175891	-0.0498876	-0.093699	-0.142603	-0.185735	-0.227987	-0.266681	-0.303412	-0.329095	-0.33733	-0.324499	-0.289705	-0.221269	-0.108322	0.0544872	0.245688	0.447901	0.640925	0.825987	0.981689	1.06378	1.03821	0.914877	0.743921	0.558446	0.375629	0.193957	0.0242984	-0.11701	-0.221819	-0.29227	-0.339078	-0.366446	-0.373698	-0.347536	-0.276957	-0.168575	-0.0454883	0.0477625	0.112126	0.173736	0.229379	0.261087	0.263341	0.227922	0.172792	0.109374	0.0424161	-0.0274099	-0.0857412	-0.124001	-0.128725	-0.105722	-0.0607144	-0.00342808	0.068339	0.142291	0.201966	0.240008	0.248031	0.23768	0.220936	0.196354	0.172485	0.155478	0.144964	0.151162	0.182545	0.234426	0.288099	0.332274	0.346305	0.316213	0.221644	0.0656095	-0.134239	-0.365499	-0.60008	-0.809869	-0.968171	-1.04647	-1.03122	-0.939679	-0.781111	-0.579788	-0.365367	-0.160909	0.0102103	0.138309	0.221258	0.273725	0.294255	0.289142	0.266531	0.227581	0.185105	0.127784	0.0598759	0	
0	0.0114411	0.00940711	-0.00950474	-0.0400879	-0.0739012	-0.104266	-0.132349	-0.166348	-0.203921	-0.235584	-0.256562	-0.265427	-0.239869	-0.154103	-0.00552378	0.180796	0.382361	0.583208	0.777022	0.941464	1.03713	1.03164	0.929596	0.775896	0.601554	0.429239	0.255861	0.0964364	-0.0353791	-0.136395	-0.208083	-0.251707	-0.277049	-0.2893	-0.276957	-0.217772	-0.121672	-0.0195894	0.056759	0.119422	0.19447	0.273288	0.325549	0.34567	0.336356	0.309654	0.276918	0.229274	0.161857	0.0920662	0.0326368	-0.00983254	-0.0303293	-0.0291585	-0.0143633	0.0199776	0.0591682	0.0888462	0.104346	0.103502	0.0927036	0.0788899	0.0663074	0.063971	0.0713582	0.0920721	0.138603	0.209256	0.296734	0.386712	0.463418	0.501337	0.478972	0.384797	0.223266	0.00757715	-0.243626	-0.506438	-0.741248	-0.916957	-1.00878	-1.00458	-0.921516	-0.764452	-0.568859	-0.364059	-0.166416	-0.00464333	0.119603	0.207787	0.258067	0.268808	0.258669	0.238123	0.202932	0.16016	0.105136	0.0473287	0	
0	0.0250326	0.0399533	0.0423167	0.0316713	0.0162329	0.00417358	-0.00374246	-0.0227509	-0.0608255	-0.110343	-0.166312	-0.217202	-0.230814	-0.172871	-0.0435828	0.129965	0.327348	0.527161	0.715095	0.873131	0.975153	0.990045	0.913361	0.778645	0.616766	0.451279	0.286304	0.13988	0.0201859	-0.0692858	-0.126767	-0.154473	-0.167434	-0.17933	-0.168575	-0.121672	-0.0603808	0.001308	0.0550059	0.116023	0.200799	0.29241	0.362063	0.406582	0.427125	0.43495	0.430771	0.401998	0.343278	0.269305	0.188774	0.110096	0.0443959	-0.00228922	-0.0309793	-0.0373767	-0.0375599	-0.03913	-0.0421143	-0.0533981	-0.0659079	-0.0708925	-0.0667211	-0.0427813	-0.00312579	0.049801	0.122619	0.223014	0.346664	0.466605	0.57034	0.631992	0.615402	0.5119	0.338864	0.111055	-0.157088	-0.431854	-0.668088	-0.844904	-0.94014	-0.939194	-0.858907	-0.709083	-0.521211	-0.326173	-0.145226	0.00139302	0.110887	0.184221	0.219121	0.214861	0.197616	0.17121	0.127087	0.0901997	0.0614386	0.0295828	0	
0	0.0241061	0.0413393	0.0529428	0.0600939	0.065416	0.0748327	0.0898502	0.0913491	0.0620073	0.00152857	-0.0792429	-0.159767	-0.200821	-0.165951	-0.0574942	0.102027	0.288825	0.477372	0.646463	0.78881	0.891464	0.923218	0.870916	0.755519	0.603961	0.441512	0.282228	0.145705	0.0399576	-0.0294414	-0.0633832	-0.0692177	-0.066236	-0.0630661	-0.0454883	-0.0195894	0.001308	0.024767	0.0613868	0.116684	0.199574	0.300591	0.388651	0.453343	0.501548	0.53447	0.553913	0.550115	0.505877	0.426379	0.323193	0.206485	0.0956152	0.00473627	-0.0665858	-0.113646	-0.14822	-0.173104	-0.191746	-0.209505	-0.215639	-0.20597	-0.179698	-0.130385	-0.0658037	0.0152821	0.117797	0.243853	0.391992	0.539112	0.661674	0.72685	0.703904	0.595738	0.417618	0.179548	-0.0955329	-0.36917	-0.59676	-0.761822	-0.851133	-0.849755	-0.770348	-0.627594	-0.450346	-0.267203	-0.09994	0.0299477	0.11742	0.163577	0.168434	0.14759	0.122687	0.0846512	0.0398539	0.0175338	0.00967306	0.00248249	0	
0	0.0148489	0.0225333	0.0312144	0.0487578	0.0729339	0.103663	0.139858	0.163478	0.147189	0.0884179	-0.000328468	-0.0907768	-0.146569	-0.129802	-0.0401908	0.101553	0.268511	0.432647	0.574969	0.696947	0.792875	0.834316	0.801586	0.704545	0.563933	0.405575	0.252634	0.125753	0.0364883	-0.0105975	-0.0242865	-0.0154858	0.00482944	0.026978	0.0477625	0.056759	0.0550059	0.0613868	0.0879241	0.136583	0.222231	0.330226	0.424499	0.496565	0.556633	0.605073	0.647496	0.664869	0.630986	0.541844	0.414631	0.264222	0.117026	-0.0126111	-0.123399	-0.207915	-0.267751	-0.302403	-0.321662	-0.33381	-0.330753	-0.30732	-0.263012	-0.194765	-0.110248	-0.00769388	0.114825	0.263165	0.435246	0.594804	0.713101	0.769526	0.741475	0.631872	0.453736	0.219989	-0.0405164	-0.294149	-0.507648	-0.665433	-0.750615	-0.746365	-0.666563	-0.531224	-0.367802	-0.202398	-0.0526519	0.057966	0.120674	0.141954	0.126454	0.0915784	0.0562976	0.0183742	-0.0113398	-0.0178112	-0.0197189	-0.0203045	0	
0	0.00430565	-0.00131134	-0.00476054	0.0153467	0.0517681	0.10202	0.156622	0.200658	0.202524	0.158992	0.0848745	0.00266736	-0.0545343	-0.0501636	0.0238498	0.14326	0.279516	0.409303	0.520778	0.615852	0.693699	0.729414	0.704896	0.619374	0.48904	0.339627	0.197554	0.0864154	0.0179985	-0.00730072	-0.00625739	0.0157223	0.0529633	0.0901868	0.112126	0.119422	0.116023	0.116684	0.136583	0.190549	0.280882	0.387429	0.476486	0.548883	0.613604	0.672136	0.723382	0.746561	0.70818	0.605715	0.460874	0.28752	0.1134	-0.0484231	-0.190867	-0.299797	-0.368551	-0.404138	-0.420153	-0.426775	-0.412645	-0.372893	-0.313432	-0.232619	-0.131449	-0.0137878	0.116478	0.268778	0.443978	0.601084	0.710986	0.760285	0.728652	0.619286	0.447685	0.234344	0.00203287	-0.222576	-0.413236	-0.553716	-0.623756	-0.615276	-0.539302	-0.413651	-0.266968	-0.124623	-0.00310202	0.0771488	0.111689	0.116342	0.0959211	0.0569292	0.018326	-0.0117098	-0.0282471	-0.0286215	-0.0264384	-0.0216526	0	
0	-0.00235953	-0.020649	-0.0367421	-0.0247612	0.0187473	0.0814226	0.153322	0.214368	0.23886	0.223535	0.180257	0.121873	0.0738195	0.0747366	0.136463	0.230414	0.330426	0.423328	0.501126	0.563076	0.607578	0.622369	0.58934	0.504438	0.382189	0.243697	0.119057	0.0270962	-0.0193024	-0.0261974	-0.00923372	0.0313563	0.0885954	0.139305	0.173736	0.19447	0.200799	0.199574	0.222231	0.280882	0.36604	0.457507	0.540125	0.612227	0.677903	0.736384	0.783368	0.797299	0.750255	0.636474	0.473081	0.284195	0.0920751	-0.0916933	-0.253031	-0.370192	-0.440105	-0.475116	-0.492063	-0.496431	-0.472126	-0.415199	-0.335198	-0.239018	-0.131768	-0.015002	0.112663	0.260286	0.424108	0.56595	0.65827	0.693946	0.66653	0.566477	0.407441	0.218326	0.0183588	-0.171132	-0.329428	-0.434841	-0.479352	-0.458871	-0.382364	-0.270904	-0.143623	-0.0285619	0.0607905	0.111673	0.12153	0.109747	0.0816284	0.0407833	0.00274852	-0.0235041	-0.0410399	-0.0468008	-0.0360937	-0.0180955	0	
0	-0.00699515	-0.0321253	-0.062648	-0.0611402	-0.0227372	0.0485582	0.129965	0.206827	0.254029	0.272185	0.26585	0.238705	0.210927	0.218002	0.271706	0.341559	0.409344	0.468904	0.514282	0.536897	0.541806	0.524609	0.470092	0.376556	0.255555	0.129535	0.0207665	-0.0539435	-0.0845722	-0.077257	-0.0395509	0.0267607	0.103373	0.175208	0.229379	0.273288	0.29241	0.300591	0.330226	0.387429	0.457507	0.53743	0.61266	0.678417	0.73593	0.785226	0.81845	0.81815	0.761189	0.634439	0.462604	0.267082	0.065301	-0.130434	-0.296565	-0.41894	-0.493408	-0.532379	-0.549409	-0.545965	-0.509279	-0.436375	-0.342756	-0.238935	-0.124665	-0.00586214	0.115405	0.248698	0.391559	0.509594	0.581292	0.606379	0.573672	0.474648	0.331826	0.17516	0.0134198	-0.14084	-0.262268	-0.331439	-0.344817	-0.30313	-0.219491	-0.112417	-0.00454422	0.0865466	0.150288	0.173884	0.167322	0.138484	0.0925376	0.0437773	0.00221538	-0.026451	-0.0476857	-0.0568085	-0.0445401	-0.0216568	0	
