0	0	0	0	0	0	0	0	0	0	0	0	0	0	0	0	0	0	0	0	0	0	0	0	0	0	0	0	0	0	0	0	0	0	0	0	0	0	0	0	0	0	0	0	0	0	0	0	0	0	0	0	0	0	0	0	0	0	0	0	0	0	0	0	0	0	0	0	0	0	0	0	0	0	0	0	0	0	0	0	0	0	0	0	0	0	0	0	0	0	0	0	0	0	0	0	0	0	0	0	
0	-0.0444478	-0.0884942	-0.13061	-0.165072	-0.1884	-0.198907	-0.200925	-0.201539	-0.206525	-0.218867	-0.236231	-0.258186	-0.281006	-0.306254	-0.330087	-0.351761	-0.372451	-0.391542	-0.412868	-0.430204	-0.441196	-0.443647	-0.442174	-0.437963	-0.433019	-0.421472	-0.403797	-0.380884	-0.353624	-0.323873	-0.291581	-0.259538	-0.223574	-0.184867	-0.147239	-0.113092	-0.0812477	-0.0516466	-0.0205559	0.00365112	0.022418	0.0394338	0.0542313	0.0641233	0.070162	0.0710459	0.0659228	0.0561997	0.0407687	0.0182707	-0.0074078	-0.0304588	-0.0500072	-0.0617429	-0.0639985	-0.0553838	-0.0401803	-0.0234065	-0.0068722	0.012157	0.0277289	0.0409294	0.0554819	0.0663648	0.0709311	0.0759345	0.0844896	0.0980241	0.11793	0.142114	0.16772	0.190173	0.210814	0.231434	0.250137	0.264357	0.281036	0.302221	0.320859	0.336516	0.347818	0.354029	0.357659	0.36237	0.365429	0.362078	0.353158	0.339824	0.324819	0.306001	0.283551	0.259077	0.228186	0.193808	0.158206	0.121229	0.0828788	0.0411216	0	
0	-0.0884942	-0.176511	-0.259952	-0.328088	-0.374353	-0.393493	-0.396802	-0.3956	-0.402765	-0.424616	-0.455021	-0.494493	-0.536267	-0.580391	-0.624551	-0.662412	-0.699244	-0.734234	-0.772074	-0.804275	-0.822802	-0.826621	-0.820708	-0.813447	-0.803727	-0.78266	-0.752804	-0.712058	-0.662481	-0.611353	-0.552634	-0.493115	-0.430536	-0.358948	-0.289221	-0.227783	-0.168785	-0.110265	-0.0510055	-0.00373717	0.033831	0.0690619	0.102589	0.125603	0.13844	0.142577	0.139392	0.123705	0.094019	0.0505722	0.00381745	-0.0408028	-0.0787096	-0.1029	-0.105674	-0.0896879	-0.0588236	-0.0267477	0.00614799	0.0438208	0.0732681	0.100533	0.126988	0.149395	0.156581	0.165353	0.181196	0.204419	0.242558	0.286035	0.333498	0.374101	0.410162	0.447393	0.479668	0.504715	0.534043	0.573192	0.607776	0.635931	0.657857	0.667797	0.674125	0.684929	0.690771	0.688228	0.674777	0.649124	0.624284	0.592238	0.549578	0.503125	0.443229	0.37789	0.312533	0.240088	0.162148	0.080238	0	
0	-0.13061	-0.259952	-0.381873	-0.480908	-0.545186	-0.570579	-0.569359	-0.56213	-0.56656	-0.59111	-0.629853	-0.680545	-0.733595	-0.79185	-0.846189	-0.893708	-0.938203	-0.979376	-1.02737	-1.06616	-1.08899	-1.08976	-1.08163	-1.06995	-1.05893	-1.03363	-0.994726	-0.943186	-0.882309	-0.81657	-0.744552	-0.673585	-0.592352	-0.501541	-0.411671	-0.329291	-0.250524	-0.173608	-0.0892967	-0.0207421	0.0359226	0.0906188	0.142247	0.181571	0.210644	0.22567	0.223882	0.207064	0.171919	0.115308	0.0476505	-0.0150988	-0.0687176	-0.101071	-0.1065	-0.081656	-0.0371259	0.0107235	0.0581774	0.11152	0.154406	0.190251	0.228131	0.25526	0.262915	0.270713	0.287433	0.317539	0.365688	0.425154	0.487816	0.540897	0.587861	0.63387	0.674316	0.702499	0.738067	0.787868	0.832153	0.870022	0.898021	0.912732	0.923	0.939365	0.952874	0.951145	0.934878	0.906627	0.87445	0.831154	0.777018	0.716135	0.635635	0.543689	0.446779	0.34409	0.235747	0.117221	0	
0	-0.165072	-0.328088	-0.480908	-0.60211	-0.678606	-0.700979	-0.689906	-0.668196	-0.661679	-0.68142	-0.718816	-0.771842	-0.828859	-0.889977	-0.949199	-0.997703	-1.04362	-1.08731	-1.13842	-1.18211	-1.20388	-1.20219	-1.18693	-1.17334	-1.16145	-1.13517	-1.09638	-1.04378	-0.979387	-0.914349	-0.839764	-0.765307	-0.68313	-0.584851	-0.486307	-0.397695	-0.310146	-0.218481	-0.118891	-0.0334895	0.0403513	0.114412	0.189161	0.250192	0.295373	0.324468	0.338751	0.329025	0.291213	0.223878	0.145781	0.0682302	0.00130131	-0.0416164	-0.0476951	-0.0177837	0.038398	0.096771	0.154963	0.219878	0.269332	0.311713	0.352452	0.382009	0.383634	0.38562	0.398561	0.426519	0.4805	0.545739	0.616754	0.674765	0.723821	0.773196	0.813662	0.841532	0.878475	0.934635	0.98646	1.02956	1.0634	1.07906	1.09029	1.11344	1.13219	1.13611	1.12232	1.08989	1.05728	1.01186	0.948361	0.875549	0.777979	0.667919	0.553555	0.426943	0.290798	0.145017	0	
0	-0.1884	-0.374353	-0.545186	-0.678606	-0.753228	-0.76418	-0.730437	-0.685171	-0.658022	-0.662736	-0.69202	-0.739721	-0.793728	-0.853726	-0.909892	-0.955914	-0.997497	-1.03766	-1.08896	-1.13119	-1.15321	-1.14608	-1.12857	-1.11375	-1.10443	-1.08272	-1.04778	-0.998501	-0.940937	-0.88127	-0.81498	-0.75162	-0.676199	-0.584708	-0.490758	-0.404381	-0.318498	-0.226198	-0.11636	-0.0212643	0.0644952	0.154579	0.2489	0.330588	0.399818	0.450775	0.478576	0.480089	0.449391	0.383072	0.295066	0.207234	0.130479	0.0822612	0.0733713	0.107538	0.171992	0.238034	0.302441	0.371493	0.422455	0.461601	0.499115	0.519439	0.508431	0.495301	0.494407	0.514044	0.562894	0.629666	0.701336	0.759811	0.808711	0.855338	0.894556	0.917759	0.952966	1.01218	1.06702	1.11529	1.15228	1.16951	1.18351	1.21092	1.23576	1.24213	1.22832	1.19705	1.1612	1.1096	1.04252	0.96538	0.860082	0.737887	0.608265	0.469685	0.322093	0.160484	0	
0	-0.198907	-0.393493	-0.570579	-0.700979	-0.76418	-0.749987	-0.685704	-0.605637	-0.549221	-0.530203	-0.542884	-0.578757	-0.623837	-0.676956	-0.727427	-0.767448	-0.804149	-0.841431	-0.891425	-0.93686	-0.957782	-0.951577	-0.932305	-0.918974	-0.914742	-0.900116	-0.872493	-0.833585	-0.785832	-0.738943	-0.68722	-0.638691	-0.579235	-0.500874	-0.419342	-0.344495	-0.268794	-0.181787	-0.077199	0.0212783	0.114413	0.215621	0.32473	0.427007	0.515646	0.585987	0.636505	0.655428	0.63504	0.570405	0.483076	0.390416	0.308366	0.255221	0.24516	0.283195	0.352697	0.422919	0.488525	0.555752	0.601024	0.630464	0.655532	0.659624	0.627705	0.592733	0.570191	0.572749	0.61082	0.66973	0.7372	0.790858	0.83456	0.877606	0.91131	0.931403	0.965593	1.02608	1.08687	1.13967	1.18007	1.19883	1.2117	1.24081	1.268	1.27387	1.25702	1.22106	1.18163	1.12741	1.05591	0.973013	0.863059	0.738168	0.607084	0.467226	0.320104	0.160543	0	
0	-0.200925	-0.396802	-0.569359	-0.689906	-0.730437	-0.685704	-0.580794	-0.460763	-0.366208	-0.317266	-0.307611	-0.325713	-0.359408	-0.401785	-0.444552	-0.478629	-0.508875	-0.543823	-0.593915	-0.639934	-0.665471	-0.660047	-0.642843	-0.635345	-0.637591	-0.633536	-0.618631	-0.590755	-0.556401	-0.523973	-0.487393	-0.455195	-0.413466	-0.354254	-0.289015	-0.231387	-0.172627	-0.0987032	0.000476039	0.0922689	0.181653	0.283914	0.402538	0.516787	0.621813	0.711181	0.77845	0.812677	0.804659	0.751088	0.666341	0.573165	0.490891	0.438961	0.432712	0.475461	0.552798	0.627518	0.694868	0.758288	0.794264	0.811243	0.817775	0.799199	0.741877	0.677365	0.627395	0.606124	0.625838	0.6733	0.730122	0.777126	0.81517	0.851275	0.881489	0.898242	0.930659	0.993642	1.05731	1.11429	1.15762	1.17402	1.18503	1.21219	1.23514	1.23689	1.21464	1.17185	1.12377	1.0614	0.985561	0.901744	0.794163	0.673163	0.54896	0.421024	0.288066	0.14401	0	
0	-0.201539	-0.3956	-0.56213	-0.668196	-0.685171	-0.605637	-0.460763	-0.296204	-0.163754	-0.0807327	-0.0468783	-0.0464846	-0.0648891	-0.0968533	-0.128897	-0.154831	-0.178226	-0.208782	-0.256118	-0.305832	-0.333415	-0.33356	-0.322686	-0.320479	-0.332481	-0.340586	-0.335804	-0.321028	-0.301396	-0.281574	-0.263082	-0.249504	-0.22562	-0.183332	-0.136798	-0.0940891	-0.0518525	0.00553315	0.0835449	0.165262	0.248706	0.347348	0.461295	0.579688	0.692176	0.79124	0.870486	0.917287	0.920939	0.874466	0.79539	0.706578	0.629325	0.584465	0.585476	0.641145	0.729472	0.815358	0.889171	0.950623	0.982307	0.986216	0.976138	0.933497	0.849975	0.756667	0.675405	0.629387	0.628431	0.660617	0.706614	0.745002	0.776002	0.805845	0.8289	0.841712	0.871458	0.929914	0.994709	1.05264	1.09222	1.10578	1.1102	1.12791	1.14469	1.13583	1.10062	1.04995	0.993098	0.925107	0.849667	0.76812	0.668445	0.558695	0.448285	0.340824	0.233674	0.117648	0	
0	-0.206525	-0.402765	-0.56656	-0.661679	-0.658022	-0.549221	-0.366208	-0.163754	0.00764334	0.121171	0.179809	0.200155	0.194907	0.177174	0.155204	0.137881	0.123248	0.0969926	0.0530525	0.00487204	-0.0253271	-0.0277893	-0.0183897	-0.0219151	-0.0394696	-0.0577481	-0.0670205	-0.0665616	-0.0601313	-0.0560595	-0.0522133	-0.0509223	-0.0432061	-0.0203981	0.0103312	0.034259	0.0572587	0.0985218	0.163608	0.230248	0.298101	0.382294	0.489336	0.603139	0.712583	0.812256	0.894758	0.944579	0.950553	0.909487	0.834782	0.748825	0.677691	0.641919	0.658474	0.730493	0.837781	0.942596	1.03168	1.10164	1.13479	1.1373	1.11529	1.05589	0.953923	0.83502	0.729371	0.659671	0.640001	0.658619	0.692125	0.723101	0.746892	0.767714	0.782934	0.789776	0.81154	0.862009	0.920019	0.969782	0.999616	0.998517	0.987751	0.990418	0.990667	0.970134	0.92735	0.86885	0.805686	0.737185	0.664664	0.590181	0.50578	0.415743	0.329124	0.248332	0.170022	0.0868229	0	
0	-0.218867	-0.424616	-0.59111	-0.68142	-0.662736	-0.530203	-0.317266	-0.0807327	0.121171	0.261896	0.339882	0.373638	0.379805	0.37003	0.357977	0.349182	0.343999	0.326254	0.291717	0.248425	0.221807	0.220063	0.227202	0.223448	0.202575	0.177426	0.161345	0.153538	0.147732	0.14224	0.130917	0.116	0.107351	0.114559	0.128123	0.139022	0.148391	0.172698	0.213931	0.264641	0.320156	0.392087	0.481773	0.582347	0.681798	0.774226	0.84768	0.890937	0.892289	0.847805	0.768498	0.681974	0.614951	0.589748	0.621622	0.715834	0.847619	0.981176	1.09724	1.18484	1.23421	1.2448	1.22349	1.15685	1.04578	0.912307	0.788011	0.703123	0.669947	0.679248	0.706092	0.73288	0.752351	0.765492	0.770179	0.766494	0.774164	0.804371	0.844361	0.876348	0.883137	0.861697	0.83112	0.809958	0.792776	0.757358	0.701564	0.639856	0.575509	0.51129	0.452648	0.396285	0.334658	0.267596	0.205387	0.153643	0.10568	0.0545741	0	
0	-0.236231	-0.455021	-0.629853	-0.718816	-0.69202	-0.542884	-0.307611	-0.0468783	0.179809	0.339882	0.431947	0.475118	0.486025	0.482387	0.474653	0.471322	0.471835	0.459526	0.432537	0.395329	0.374221	0.376371	0.388563	0.390851	0.374691	0.350737	0.331794	0.317065	0.304458	0.290674	0.268757	0.246554	0.226032	0.217722	0.215622	0.210482	0.203376	0.213521	0.238465	0.275291	0.315032	0.369739	0.443636	0.530599	0.615779	0.693644	0.75408	0.7825	0.768943	0.711201	0.62169	0.526644	0.455477	0.433874	0.479376	0.594426	0.751273	0.918594	1.06875	1.18531	1.26121	1.29472	1.28645	1.227	1.12139	0.985643	0.85633	0.764638	0.726237	0.73107	0.754199	0.779243	0.793883	0.798305	0.789402	0.772113	0.760611	0.764603	0.780131	0.785263	0.76184	0.71165	0.653021	0.603556	0.563246	0.513736	0.452929	0.391793	0.331649	0.279555	0.236384	0.197789	0.161105	0.121891	0.0891398	0.0663525	0.0473928	0.0277562	0	
0	-0.258186	-0.494493	-0.680545	-0.771842	-0.739721	-0.578757	-0.325713	-0.0464846	0.200155	0.373638	0.475118	0.519577	0.529914	0.523006	0.514766	0.509924	0.51239	0.503371	0.4824	0.453222	0.437316	0.443949	0.46108	0.469631	0.461741	0.444323	0.429206	0.417456	0.406569	0.391768	0.366432	0.338298	0.30917	0.288013	0.274097	0.256651	0.239268	0.233566	0.240211	0.260403	0.286759	0.328393	0.386748	0.457479	0.526381	0.59087	0.63246	0.642464	0.608614	0.532931	0.42335	0.311372	0.228905	0.202986	0.25616	0.385725	0.566015	0.768556	0.957447	1.11078	1.22285	1.29101	1.30814	1.2678	1.18018	1.05331	0.92873	0.838787	0.79967	0.804739	0.826933	0.851452	0.863213	0.856966	0.832817	0.79805	0.760967	0.733526	0.71721	0.690521	0.635118	0.556841	0.47458	0.400402	0.340306	0.279812	0.214404	0.154556	0.0993469	0.0587016	0.0326269	0.0147006	0.00258717	-0.0119867	-0.0190803	-0.0161727	-0.0102627	-0.0016387	0	
0	-0.281006	-0.536267	-0.733595	-0.828859	-0.793728	-0.623837	-0.359408	-0.0648891	0.194907	0.379805	0.486025	0.529914	0.534695	0.52304	0.507068	0.498911	0.495473	0.483854	0.464643	0.435956	0.422733	0.431118	0.449039	0.466828	0.468336	0.460259	0.453541	0.448076	0.440878	0.43281	0.409731	0.385757	0.355204	0.331843	0.307986	0.281728	0.255177	0.240324	0.228345	0.234749	0.249557	0.278841	0.320851	0.375999	0.432878	0.482378	0.508484	0.498653	0.444864	0.346291	0.214097	0.0814516	-0.0218745	-0.0598863	-0.00996334	0.127014	0.322192	0.554227	0.78145	0.972065	1.12719	1.23701	1.28949	1.28161	1.22195	1.11777	1.00812	0.926502	0.89272	0.896506	0.916947	0.937423	0.938544	0.917985	0.872072	0.814139	0.751351	0.690554	0.64458	0.59138	0.507521	0.409866	0.312557	0.218641	0.145803	0.0808695	0.0150001	-0.04011	-0.0886382	-0.120637	-0.135981	-0.140699	-0.136748	-0.133262	-0.117513	-0.0904259	-0.0620833	-0.0285555	0	
0	-0.306254	-0.580391	-0.79185	-0.889977	-0.853726	-0.676956	-0.401785	-0.0968533	0.177174	0.37003	0.482387	0.523006	0.52304	0.501038	0.479073	0.460799	0.450595	0.434212	0.410596	0.383739	0.368678	0.373022	0.391107	0.409527	0.417452	0.418476	0.418165	0.418343	0.421878	0.420359	0.406673	0.391429	0.369496	0.345832	0.323101	0.294582	0.266933	0.242459	0.222727	0.218289	0.219972	0.235955	0.265503	0.307987	0.349274	0.386934	0.396564	0.370404	0.295459	0.175981	0.021007	-0.13641	-0.263097	-0.322033	-0.280791	-0.147698	0.0533982	0.308075	0.565828	0.79478	0.991194	1.147	1.24179	1.27227	1.25118	1.17634	1.08952	1.02227	0.992366	0.995464	1.00973	1.01898	1.0062	0.962854	0.890781	0.807636	0.714056	0.623988	0.552152	0.475484	0.376751	0.271406	0.170355	0.0733427	-0.00331702	-0.0662966	-0.124537	-0.175106	-0.220001	-0.244798	-0.25412	-0.253849	-0.241161	-0.223568	-0.19214	-0.15136	-0.105476	-0.0492681	0	
0	-0.330087	-0.624551	-0.846189	-0.949199	-0.909892	-0.727427	-0.444552	-0.128897	0.155204	0.357977	0.474653	0.514766	0.507068	0.479073	0.44524	0.421197	0.400793	0.377779	0.351645	0.32205	0.303848	0.304128	0.31311	0.330348	0.34004	0.343966	0.34781	0.35344	0.360942	0.368447	0.364171	0.359902	0.346274	0.333557	0.315678	0.291914	0.271682	0.252947	0.226422	0.211293	0.209271	0.220924	0.239319	0.264722	0.295745	0.319916	0.31614	0.272643	0.180953	0.0408774	-0.13673	-0.315952	-0.46886	-0.549636	-0.525806	-0.403538	-0.204886	0.0601932	0.34181	0.59977	0.834406	1.03281	1.16887	1.24305	1.26068	1.22207	1.16298	1.11089	1.08802	1.08587	1.09017	1.08486	1.04937	0.98119	0.880663	0.767707	0.648743	0.532933	0.439795	0.351393	0.245155	0.143902	0.0539032	-0.0388674	-0.109447	-0.161026	-0.21072	-0.253471	-0.289471	-0.30961	-0.315872	-0.309486	-0.29187	-0.269753	-0.228518	-0.177257	-0.128382	-0.0677158	0	
0	-0.351761	-0.662412	-0.893708	-0.997703	-0.955914	-0.767448	-0.478629	-0.154831	0.137881	0.349182	0.471322	0.509924	0.498911	0.460799	0.421197	0.38737	0.358477	0.329393	0.296563	0.265565	0.243916	0.23535	0.238258	0.249212	0.257812	0.264433	0.267952	0.27182	0.281029	0.289675	0.291389	0.295799	0.295615	0.293075	0.283597	0.270054	0.26124	0.248069	0.229372	0.221425	0.219384	0.227291	0.240307	0.259675	0.280074	0.294145	0.277479	0.21945	0.109802	-0.0488913	-0.244263	-0.444965	-0.621602	-0.726665	-0.720728	-0.614217	-0.424952	-0.157799	0.136073	0.416042	0.678801	0.910269	1.08286	1.19378	1.24749	1.24317	1.20998	1.17502	1.15531	1.14727	1.14055	1.11595	1.05997	0.966401	0.839359	0.703486	0.561985	0.430217	0.32584	0.229435	0.126614	0.0370344	-0.0399215	-0.120456	-0.182256	-0.222111	-0.255796	-0.285822	-0.310202	-0.318336	-0.315401	-0.306029	-0.288439	-0.260747	-0.215575	-0.167295	-0.119104	-0.0594712	0	
0	-0.372451	-0.699244	-0.938203	-1.04362	-0.997497	-0.804149	-0.508875	-0.178226	0.123248	0.343999	0.471835	0.51239	0.495473	0.450595	0.400793	0.358477	0.320303	0.283942	0.247198	0.215817	0.191703	0.178733	0.172059	0.175203	0.180368	0.184228	0.186144	0.187385	0.194956	0.203501	0.208386	0.216248	0.222025	0.225068	0.2234	0.218983	0.225193	0.229412	0.223505	0.217581	0.224575	0.244387	0.263586	0.27968	0.297456	0.304196	0.278214	0.208294	0.0854208	-0.09082	-0.305062	-0.524456	-0.722042	-0.847604	-0.861209	-0.77066	-0.591926	-0.327811	-0.0276374	0.266952	0.548603	0.802036	0.999586	1.13586	1.21341	1.23246	1.21803	1.19216	1.17144	1.15554	1.13621	1.09798	1.02637	0.91725	0.777079	0.626457	0.475473	0.337587	0.225963	0.127223	0.0290163	-0.0485634	-0.109831	-0.176645	-0.226099	-0.25122	-0.269875	-0.284926	-0.292183	-0.286793	-0.274153	-0.255441	-0.230807	-0.200046	-0.156679	-0.116703	-0.0894378	-0.0532003	0	
0	-0.391542	-0.734234	-0.979376	-1.08731	-1.03766	-0.841431	-0.543823	-0.208782	0.0969926	0.326254	0.459526	0.503371	0.483854	0.434212	0.377779	0.329393	0.283942	0.241587	0.200525	0.167676	0.141661	0.122958	0.108699	0.104126	0.106931	0.111317	0.111423	0.110187	0.112108	0.115479	0.118461	0.126343	0.135466	0.145367	0.146593	0.147568	0.162454	0.176833	0.183277	0.192484	0.215387	0.24711	0.277319	0.300969	0.324189	0.333122	0.307831	0.230779	0.0957433	-0.0938787	-0.320957	-0.556525	-0.773244	-0.918287	-0.948757	-0.873206	-0.703049	-0.445753	-0.142224	0.161631	0.453827	0.717671	0.925778	1.07296	1.15664	1.1852	1.17666	1.15131	1.12551	1.10025	1.07296	1.02749	0.951308	0.840043	0.699312	0.547641	0.397693	0.263925	0.152902	0.0542785	-0.0361143	-0.101735	-0.149872	-0.204405	-0.244926	-0.256787	-0.259335	-0.258289	-0.246069	-0.222659	-0.195447	-0.170894	-0.150205	-0.122106	-0.0828183	-0.0542235	-0.0430894	-0.0281624	0	
0	-0.412868	-0.772074	-1.02737	-1.13842	-1.08896	-0.891425	-0.593915	-0.256118	0.0530525	0.291717	0.432537	0.4824	0.464643	0.410596	0.351645	0.296563	0.247198	0.200525	0.158507	0.127369	0.104908	0.0838995	0.0650468	0.0526929	0.0511959	0.0527909	0.0521524	0.046765	0.0449513	0.0458691	0.0468041	0.0521083	0.062801	0.0704555	0.069407	0.0731628	0.0919039	0.116603	0.134158	0.150969	0.181618	0.229619	0.275523	0.315089	0.349839	0.36647	0.344961	0.269991	0.134758	-0.0632955	-0.302205	-0.553179	-0.784494	-0.946318	-0.99621	-0.934287	-0.77421	-0.522744	-0.219004	0.091539	0.390189	0.653906	0.863948	1.005	1.08013	1.10157	1.08353	1.05015	1.01181	0.97828	0.947476	0.904732	0.839435	0.742618	0.618824	0.481354	0.344585	0.221988	0.115189	0.0162152	-0.0697758	-0.125835	-0.163875	-0.20409	-0.230073	-0.231147	-0.220282	-0.201668	-0.175534	-0.144163	-0.111969	-0.0871854	-0.0673093	-0.0414252	-0.0128405	-0.000327091	-0.00958391	-0.0158643	0	
0	-0.430204	-0.804275	-1.06616	-1.18211	-1.13119	-0.93686	-0.639934	-0.305832	0.00487204	0.248425	0.395329	0.453222	0.435956	0.383739	0.32205	0.265565	0.215817	0.167676	0.127369	0.101474	0.0818247	0.0643715	0.0419172	0.0242402	0.0209978	0.022792	0.0217497	0.0158924	0.00867015	0.00361273	8.16936e-05	0.00223359	0.0112083	0.0183938	0.0182284	0.0187592	0.0354574	0.0629542	0.0860861	0.105355	0.145958	0.204279	0.264475	0.315494	0.362104	0.392349	0.386765	0.322198	0.188582	-0.00829057	-0.249601	-0.507314	-0.750785	-0.928987	-0.997445	-0.952679	-0.804168	-0.56586	-0.267703	0.0433956	0.33881	0.59591	0.793991	0.917437	0.971315	0.971121	0.936222	0.886757	0.836429	0.799086	0.770428	0.743929	0.7025	0.634163	0.542179	0.429544	0.315076	0.211443	0.112019	0.0159327	-0.0625411	-0.110849	-0.138908	-0.166172	-0.183004	-0.17551	-0.15724	-0.133091	-0.0996183	-0.0621166	-0.0301507	-0.0143863	-0.00721519	0.00793076	0.0286456	0.0337805	0.0125389	-0.00715046	0	
0	-0.441196	-0.822802	-1.08899	-1.20388	-1.15321	-0.957782	-0.665471	-0.333415	-0.0253271	0.221807	0.374221	0.437316	0.422733	0.368678	0.303848	0.243916	0.191703	0.141661	0.104908	0.0818247	0.0730072	0.0591695	0.0397792	0.0199891	0.0154586	0.0174967	0.019176	0.0121921	0.00164937	-0.00644373	-0.0144782	-0.0162145	-0.00970878	-0.00399363	-0.00968488	-0.0109887	0.00228327	0.0322338	0.0549706	0.0794875	0.121033	0.183317	0.250131	0.315289	0.37525	0.417946	0.425505	0.373584	0.256632	0.0704439	-0.164635	-0.424041	-0.66955	-0.857256	-0.944969	-0.918987	-0.79009	-0.572244	-0.290754	0.00753841	0.290358	0.528592	0.705309	0.801371	0.824829	0.797915	0.738697	0.672058	0.611558	0.57105	0.551842	0.547166	0.538622	0.512022	0.460595	0.387031	0.30728	0.229183	0.148339	0.061437	-0.00993788	-0.0492021	-0.0698426	-0.08816	-0.0986723	-0.0944128	-0.0806317	-0.0561596	-0.0279951	-0.00120879	0.0218549	0.028341	0.0267501	0.0335028	0.0456571	0.0443116	0.0189284	-0.00330327	0	
0	-0.443647	-0.826621	-1.08976	-1.20219	-1.14608	-0.951577	-0.660047	-0.33356	-0.0277893	0.220063	0.376371	0.443949	0.431118	0.373022	0.304128	0.23535	0.178733	0.122958	0.0838995	0.0643715	0.0591695	0.053421	0.0363575	0.0171518	0.0136281	0.0189486	0.0248711	0.0228062	0.0105987	0.00155914	-0.0105952	-0.0156058	-0.0109911	-0.0094983	-0.0164343	-0.0210236	-0.0145558	0.0135577	0.0395142	0.0640341	0.103866	0.169388	0.243668	0.317568	0.382493	0.437236	0.459093	0.427332	0.325622	0.158029	-0.062617	-0.308455	-0.546024	-0.735355	-0.835825	-0.828544	-0.722997	-0.534711	-0.28308	-0.0126324	0.242623	0.450866	0.596231	0.656731	0.649433	0.592456	0.510389	0.429245	0.358478	0.318516	0.305558	0.322012	0.348575	0.362799	0.359696	0.334751	0.300187	0.263082	0.213053	0.148476	0.0939795	0.0638472	0.0480253	0.0327344	0.0185022	0.00753487	0.00201169	0.0105609	0.0230796	0.0374743	0.04865	0.04044	0.030525	0.0341891	0.04419	0.0418802	0.0162685	-0.00429114	0	
0	-0.442174	-0.820708	-1.08163	-1.18693	-1.12857	-0.932305	-0.642843	-0.322686	-0.0183897	0.227202	0.388563	0.46108	0.449039	0.391107	0.31311	0.238258	0.172059	0.108699	0.0650468	0.0419172	0.0397792	0.0363575	0.0211302	0.00165514	-0.00322979	0.00494268	0.0186182	0.0215286	0.0160316	0.00821554	-0.00414254	-0.00849612	-0.00626055	-0.0072286	-0.0137571	-0.0245006	-0.0226494	0.00305834	0.024739	0.0490335	0.091532	0.154907	0.231129	0.311187	0.385023	0.447994	0.48319	0.465459	0.383564	0.238126	0.0407855	-0.185967	-0.405919	-0.58596	-0.68986	-0.696175	-0.61561	-0.459304	-0.24726	-0.0162875	0.198714	0.370106	0.475234	0.499787	0.463183	0.379906	0.281587	0.187376	0.11219	0.0679306	0.0559852	0.0863635	0.136255	0.188724	0.229635	0.257618	0.279057	0.290773	0.287347	0.258575	0.226919	0.211322	0.201004	0.184104	0.157912	0.123182	0.0909678	0.0730329	0.0609764	0.056991	0.0524835	0.0346794	0.020581	0.017009	0.0248959	0.0276757	0.00768399	-0.00680077	0	
0	-0.437963	-0.813447	-1.06995	-1.17334	-1.11375	-0.918974	-0.635345	-0.320479	-0.0219151	0.223448	0.390851	0.469631	0.466828	0.409527	0.330348	0.249212	0.175203	0.104126	0.0526929	0.0242402	0.0199891	0.0171518	0.00165514	-0.0207649	-0.0288997	-0.0216153	-0.00543474	0.0055598	0.00322064	0.000551511	-0.00772392	-0.00909963	-0.00423537	-0.00102395	-0.00825795	-0.0196965	-0.0224917	-0.00391212	0.0151395	0.0421745	0.0787609	0.13871	0.2167	0.302319	0.381081	0.453746	0.497123	0.494189	0.431402	0.30967	0.13239	-0.072739	-0.271918	-0.438372	-0.540671	-0.55959	-0.501757	-0.379	-0.207041	-0.0229627	0.150736	0.28356	0.350532	0.345016	0.285972	0.188059	0.0789931	-0.0187905	-0.0971895	-0.148208	-0.165075	-0.136068	-0.0732234	0.0027116	0.0791501	0.158194	0.233573	0.299425	0.34784	0.362969	0.359092	0.357251	0.354877	0.336305	0.299127	0.242124	0.181539	0.140936	0.105902	0.0779608	0.0566787	0.0270688	0.00274013	-0.0064908	0.000135424	0.00320173	-0.00824223	-0.00956154	0	
0	-0.433019	-0.803727	-1.05893	-1.16145	-1.10443	-0.914742	-0.637591	-0.332481	-0.0394696	0.202575	0.374691	0.461741	0.468336	0.417452	0.34004	0.257812	0.180368	0.106931	0.0511959	0.0209978	0.0154586	0.0136281	-0.00322979	-0.0288997	-0.0457418	-0.0442075	-0.0282923	-0.0170233	-0.0136394	-0.0130854	-0.0193919	-0.0154088	-0.00571713	-0.000918996	0.000217088	-0.0086324	-0.011305	0.00423247	0.0213237	0.0441485	0.0786171	0.133898	0.209191	0.296281	0.379582	0.455978	0.508802	0.521595	0.47452	0.369269	0.211877	0.0271401	-0.157288	-0.315343	-0.418508	-0.450079	-0.418256	-0.324979	-0.192359	-0.0492372	0.0884629	0.191679	0.230424	0.203041	0.132758	0.0257064	-0.0859452	-0.183385	-0.2619	-0.31729	-0.342108	-0.317595	-0.2511	-0.160765	-0.0590879	0.0585965	0.177998	0.285374	0.377575	0.430727	0.450563	0.464959	0.472463	0.459133	0.421156	0.353137	0.276617	0.214124	0.158341	0.116578	0.0768574	0.0311643	7.7185e-05	-0.0182956	-0.0207648	-0.0174347	-0.0217265	-0.0152327	0	
0	-0.421472	-0.78266	-1.03363	-1.13517	-1.08272	-0.900116	-0.633536	-0.340586	-0.0577481	0.177426	0.350737	0.444323	0.460259	0.418476	0.343966	0.264433	0.184228	0.111317	0.0527909	0.022792	0.0174967	0.0189486	0.00494268	-0.0216153	-0.0442075	-0.0491521	-0.0389666	-0.0288598	-0.0254714	-0.028428	-0.0337688	-0.0295362	-0.0189325	-0.00711202	0.0014114	-0.00234761	0.0027248	0.0168238	0.0349855	0.0616271	0.098127	0.148235	0.221241	0.305107	0.39292	0.476369	0.537052	0.556502	0.523442	0.437806	0.296241	0.120997	-0.0590918	-0.216911	-0.328612	-0.384694	-0.383972	-0.322879	-0.224113	-0.114425	-0.000439844	0.0891089	0.113716	0.0805172	0.00646648	-0.101583	-0.212212	-0.306874	-0.381349	-0.438167	-0.465469	-0.445169	-0.377634	-0.280266	-0.164741	-0.0241359	0.119539	0.252019	0.371468	0.45147	0.489412	0.516032	0.539705	0.538206	0.504062	0.439449	0.360719	0.288097	0.220739	0.164863	0.115325	0.0651699	0.0220277	-0.00900532	-0.0170842	-0.0168792	-0.019065	-0.00994934	0	
0	-0.403797	-0.752804	-0.994726	-1.09638	-1.04778	-0.872493	-0.618631	-0.335804	-0.0670205	0.161345	0.331794	0.429206	0.453541	0.418165	0.34781	0.267952	0.186144	0.111423	0.0521524	0.0217497	0.019176	0.0248711	0.0186182	-0.00543474	-0.0282923	-0.0389666	-0.0334258	-0.0252832	-0.0236752	-0.0296832	-0.0382141	-0.0379441	-0.029392	-0.0170322	-0.00759175	-0.00325429	0.00808912	0.0258025	0.0505499	0.0850321	0.126632	0.180594	0.253507	0.340166	0.434024	0.518108	0.581648	0.611462	0.591638	0.512359	0.377586	0.207262	0.0242396	-0.146591	-0.278875	-0.367018	-0.402325	-0.374853	-0.304678	-0.217914	-0.111515	-0.0205043	0.0095336	-0.0154689	-0.0853533	-0.188634	-0.298873	-0.389883	-0.461128	-0.516009	-0.540343	-0.521747	-0.453347	-0.353895	-0.23385	-0.0863018	0.0635359	0.202197	0.331792	0.426337	0.475284	0.513688	0.5539	0.569238	0.551601	0.499929	0.42513	0.351071	0.282698	0.222507	0.16684	0.114329	0.0716324	0.0381473	0.019273	0.0101403	0.0041694	0.00385649	0	
0	-0.380884	-0.712058	-0.943186	-1.04378	-0.998501	-0.833585	-0.590755	-0.321028	-0.0665616	0.153538	0.317065	0.417456	0.448076	0.418343	0.35344	0.27182	0.187385	0.110187	0.046765	0.0158924	0.0121921	0.0228062	0.0215286	0.0055598	-0.0170233	-0.0288598	-0.0252832	-0.0165658	-0.0136409	-0.0185905	-0.0310344	-0.0359487	-0.0325483	-0.0254291	-0.018443	-0.0107636	0.00405831	0.0241002	0.0541907	0.0963638	0.151212	0.217036	0.297433	0.390704	0.492836	0.585741	0.657547	0.690332	0.669569	0.593072	0.460247	0.283531	0.0815265	-0.109768	-0.268513	-0.391332	-0.465555	-0.469781	-0.422892	-0.348369	-0.239114	-0.135866	-0.0836313	-0.0899111	-0.144029	-0.236859	-0.340855	-0.425214	-0.493833	-0.5423	-0.564834	-0.548538	-0.485021	-0.39364	-0.278759	-0.140592	8.84546e-05	0.133066	0.260402	0.358953	0.416493	0.468478	0.526012	0.560827	0.563403	0.534361	0.477375	0.407009	0.338319	0.282893	0.234123	0.183365	0.137843	0.10136	0.0743163	0.0549824	0.0386811	0.0217261	0	
0	-0.353624	-0.662481	-0.882309	-0.979387	-0.940937	-0.785832	-0.556401	-0.301396	-0.0601313	0.147732	0.304458	0.406569	0.440878	0.421878	0.360942	0.281029	0.194956	0.112108	0.0449513	0.00867015	0.00164937	0.0105987	0.0160316	0.00322064	-0.0136394	-0.0254714	-0.0236752	-0.0136409	-0.00508571	-0.0104949	-0.0202737	-0.026959	-0.0276089	-0.0239038	-0.0203211	-0.0145787	-0.000476684	0.0195956	0.0502483	0.0974881	0.165522	0.246046	0.339454	0.446771	0.56665	0.672264	0.752342	0.786341	0.767489	0.68269	0.536331	0.337221	0.111413	-0.109278	-0.299298	-0.456689	-0.562671	-0.59346	-0.564097	-0.49302	-0.378469	-0.256211	-0.175991	-0.151721	-0.180204	-0.249759	-0.333373	-0.404857	-0.463355	-0.507275	-0.532476	-0.527487	-0.4849	-0.413849	-0.317872	-0.200416	-0.0769857	0.0449348	0.165031	0.261295	0.324757	0.38592	0.45901	0.515892	0.541989	0.543814	0.514392	0.462167	0.408272	0.357854	0.310441	0.262354	0.212245	0.164637	0.124766	0.094406	0.0654151	0.0325802	0	
0	-0.323873	-0.611353	-0.81657	-0.914349	-0.88127	-0.738943	-0.523973	-0.281574	-0.0560595	0.14224	0.290674	0.391768	0.43281	0.420359	0.368447	0.289675	0.203501	0.115479	0.0458691	0.00361273	-0.00644373	0.00155914	0.00821554	0.000551511	-0.0130854	-0.028428	-0.0296832	-0.0185905	-0.0104949	-0.00678823	-0.012374	-0.0190631	-0.017359	-0.0141487	-0.0168317	-0.00867512	0.00447513	0.0243413	0.052273	0.102055	0.177683	0.272154	0.376259	0.5006	0.637032	0.760727	0.852081	0.892488	0.866448	0.76599	0.597293	0.371176	0.110472	-0.146597	-0.369259	-0.553496	-0.681736	-0.733204	-0.711878	-0.640203	-0.516953	-0.378923	-0.266284	-0.207365	-0.20077	-0.233058	-0.285063	-0.330896	-0.376371	-0.415507	-0.450673	-0.469337	-0.459466	-0.422603	-0.353631	-0.262892	-0.159549	-0.0503569	0.0564542	0.143429	0.205549	0.27235	0.354673	0.429284	0.491103	0.534881	0.541204	0.519523	0.483721	0.442604	0.400042	0.342451	0.278631	0.220348	0.164427	0.119226	0.0802405	0.0381964	0	
0	-0.291581	-0.552634	-0.744552	-0.839764	-0.81498	-0.68722	-0.487393	-0.263082	-0.0522133	0.130917	0.268757	0.366432	0.409731	0.406673	0.364171	0.291389	0.208386	0.118461	0.0468041	8.16936e-05	-0.0144782	-0.0105952	-0.00414254	-0.00772392	-0.0193919	-0.0337688	-0.0382141	-0.0310344	-0.0202737	-0.012374	-0.0171938	-0.0189387	-0.0153858	-0.0138273	-0.0124271	-0.000770475	0.013452	0.0396514	0.0671035	0.115041	0.19497	0.2992	0.415016	0.551517	0.697174	0.833612	0.936517	0.977858	0.942968	0.827513	0.636519	0.37897	0.0840174	-0.20506	-0.457036	-0.660982	-0.806311	-0.871029	-0.856373	-0.780988	-0.652846	-0.499986	-0.356672	-0.261385	-0.211756	-0.200492	-0.20887	-0.223484	-0.248521	-0.281847	-0.330443	-0.376177	-0.409067	-0.413676	-0.382331	-0.324658	-0.244662	-0.151988	-0.0583744	0.014405	0.0737897	0.145863	0.232846	0.324595	0.416103	0.498229	0.548686	0.56041	0.544687	0.519264	0.481607	0.417725	0.344191	0.272617	0.204239	0.145682	0.0895632	0.0379489	0	
0	-0.259538	-0.493115	-0.673585	-0.765307	-0.75162	-0.638691	-0.455195	-0.249504	-0.0509223	0.116	0.246554	0.338298	0.385757	0.391429	0.359902	0.295799	0.216248	0.126343	0.0521083	0.00223359	-0.0162145	-0.0156058	-0.00849612	-0.00909963	-0.0154088	-0.0295362	-0.0379441	-0.0359487	-0.026959	-0.0190631	-0.0189387	-0.0198136	-0.0129504	-0.00881277	-0.00287117	0.0094008	0.0323932	0.0658569	0.0969859	0.149684	0.238383	0.351827	0.473802	0.612241	0.758973	0.900851	0.999151	1.03151	0.983747	0.850772	0.634691	0.35232	0.0370983	-0.276015	-0.549739	-0.767943	-0.924473	-1.00258	-0.996418	-0.919162	-0.78639	-0.615601	-0.440894	-0.304334	-0.207977	-0.150913	-0.117298	-0.101597	-0.106593	-0.1347	-0.193629	-0.265221	-0.336917	-0.385665	-0.397315	-0.375364	-0.323956	-0.249085	-0.169886	-0.108684	-0.0502241	0.0229391	0.111568	0.212482	0.325495	0.436328	0.517472	0.563324	0.574821	0.565187	0.53875	0.481753	0.406285	0.327567	0.256069	0.189848	0.115695	0.048562	0	
0	-0.223574	-0.430536	-0.592352	-0.68313	-0.676199	-0.579235	-0.413466	-0.22562	-0.0432061	0.107351	0.226032	0.30917	0.355204	0.369496	0.346274	0.295615	0.222025	0.135466	0.062801	0.0112083	-0.00970878	-0.0109911	-0.00626055	-0.00423537	-0.00571713	-0.0189325	-0.029392	-0.0325483	-0.0276089	-0.017359	-0.0153858	-0.0129504	-0.00449392	-7.31105e-05	0.00789396	0.0224215	0.0543999	0.100437	0.144295	0.204784	0.300033	0.418695	0.5507	0.690904	0.830863	0.957215	1.03889	1.05307	0.980384	0.823092	0.587261	0.294533	-0.0292911	-0.350305	-0.62954	-0.85179	-1.01536	-1.10906	-1.11378	-1.04275	-0.907002	-0.718602	-0.516115	-0.337817	-0.198778	-0.101454	-0.0349411	0.00403575	0.0185877	-0.00165616	-0.0609445	-0.144568	-0.243211	-0.329372	-0.385723	-0.40445	-0.384827	-0.3344	-0.270777	-0.215801	-0.157245	-0.0803771	0.00705992	0.104733	0.224596	0.347079	0.445833	0.516244	0.552615	0.569794	0.565025	0.524454	0.465756	0.397624	0.327086	0.247757	0.152207	0.0673894	0	
0	-0.184867	-0.358948	-0.501541	-0.584851	-0.584708	-0.500874	-0.354254	-0.183332	-0.0203981	0.114559	0.217722	0.288013	0.331843	0.345832	0.333557	0.293075	0.225068	0.145367	0.0704555	0.0183938	-0.00399363	-0.0094983	-0.0072286	-0.00102395	-0.000918996	-0.00711202	-0.0170322	-0.0254291	-0.0239038	-0.0141487	-0.0138273	-0.00881277	-7.31105e-05	0.00786103	0.0204668	0.0407374	0.0827531	0.13978	0.194561	0.266792	0.370175	0.500247	0.64191	0.776552	0.900262	1.00726	1.06484	1.04726	0.944238	0.764016	0.511117	0.211345	-0.108731	-0.419039	-0.691795	-0.908669	-1.07518	-1.17634	-1.1941	-1.13523	-0.998454	-0.799845	-0.57607	-0.367284	-0.192736	-0.0644839	0.0232497	0.082208	0.111876	0.102693	0.0518578	-0.0342293	-0.143876	-0.257402	-0.353313	-0.405885	-0.417051	-0.391303	-0.33968	-0.290522	-0.23386	-0.158491	-0.0802823	0.00555588	0.113366	0.226335	0.332533	0.423586	0.485814	0.534651	0.562603	0.552116	0.51459	0.461081	0.400769	0.312186	0.193181	0.0879167	0	
0	-0.147239	-0.289221	-0.411671	-0.486307	-0.490758	-0.419342	-0.289015	-0.136798	0.0103312	0.128123	0.215622	0.274097	0.307986	0.323101	0.315678	0.283597	0.2234	0.146593	0.069407	0.0182284	-0.00968488	-0.0164343	-0.0137571	-0.00825795	0.000217088	0.0014114	-0.00759175	-0.018443	-0.0203211	-0.0168317	-0.0124271	-0.00287117	0.00789396	0.0204668	0.0377493	0.0584854	0.107604	0.176564	0.250693	0.334805	0.444227	0.577302	0.718688	0.842715	0.95199	1.03168	1.05734	1.00867	0.880422	0.676897	0.411388	0.112845	-0.194856	-0.491241	-0.747632	-0.950842	-1.10702	-1.20254	-1.2245	-1.17249	-1.03783	-0.836129	-0.609897	-0.387694	-0.193589	-0.0483472	0.0542953	0.127713	0.170392	0.17221	0.130149	0.048449	-0.0615134	-0.189357	-0.3067	-0.379084	-0.409747	-0.401639	-0.365384	-0.324446	-0.278375	-0.221112	-0.157599	-0.0902061	-0.00585233	0.0945803	0.199496	0.302279	0.393326	0.47073	0.524454	0.547154	0.538793	0.503321	0.454296	0.368442	0.23851	0.111077	0	
0	-0.113092	-0.227783	-0.329291	-0.397695	-0.404381	-0.344495	-0.231387	-0.0940891	0.034259	0.139022	0.210482	0.256651	0.281728	0.294582	0.291914	0.270054	0.218983	0.147568	0.0731628	0.0187592	-0.0109887	-0.0210236	-0.0245006	-0.0196965	-0.0086324	-0.00234761	-0.00325429	-0.0107636	-0.0145787	-0.00867512	-0.000770475	0.0094008	0.0224215	0.0407374	0.0584854	0.0868405	0.146847	0.225791	0.310921	0.403993	0.513801	0.64185	0.774375	0.886337	0.971607	1.0161	1.01079	0.938067	0.790083	0.574183	0.30664	0.0126144	-0.286187	-0.566174	-0.802353	-0.988916	-1.12642	-1.20102	-1.21052	-1.15779	-1.02268	-0.828678	-0.614439	-0.399214	-0.204083	-0.052535	0.0584246	0.145726	0.198975	0.211493	0.178273	0.104125	0.00152674	-0.126248	-0.247522	-0.326592	-0.365162	-0.373898	-0.35708	-0.331761	-0.310411	-0.27494	-0.225256	-0.175797	-0.109914	-0.0250068	0.0714829	0.178522	0.280831	0.374041	0.451609	0.500951	0.522826	0.518738	0.483159	0.396507	0.264266	0.127001	0	
0	-0.0812477	-0.168785	-0.250524	-0.310146	-0.318498	-0.268794	-0.172627	-0.0518525	0.0572587	0.148391	0.203376	0.239268	0.255177	0.266933	0.271682	0.26124	0.225193	0.162454	0.0919039	0.0354574	0.00228327	-0.0145558	-0.0226494	-0.0224917	-0.011305	0.0027248	0.00808912	0.00405831	-0.000476684	0.00447513	0.013452	0.0323932	0.0543999	0.0827531	0.107604	0.146847	0.205959	0.289715	0.385	0.483015	0.584685	0.701193	0.815872	0.902998	0.957309	0.970409	0.941853	0.849546	0.692292	0.474252	0.210976	-0.0763438	-0.365343	-0.629813	-0.850145	-1.02025	-1.13498	-1.18182	-1.17339	-1.11457	-0.980688	-0.799828	-0.605292	-0.408396	-0.22369	-0.0746075	0.0422039	0.139167	0.203034	0.227959	0.207065	0.147209	0.0569748	-0.060061	-0.176084	-0.256584	-0.301113	-0.324919	-0.326498	-0.322943	-0.328566	-0.31804	-0.283999	-0.245556	-0.198267	-0.130352	-0.0417299	0.0621825	0.168022	0.2687	0.356726	0.419808	0.459332	0.478247	0.46239	0.391199	0.270794	0.133992	0	
0	-0.0516466	-0.110265	-0.173608	-0.218481	-0.226198	-0.181787	-0.0987032	0.00553315	0.0985218	0.172698	0.213521	0.233566	0.240324	0.242459	0.252947	0.248069	0.229412	0.176833	0.116603	0.0629542	0.0322338	0.0135577	0.00305834	-0.00391212	0.00423247	0.0168238	0.0258025	0.0241002	0.0195956	0.0243413	0.0396514	0.0658569	0.100437	0.13978	0.176564	0.225791	0.289715	0.381544	0.476634	0.569769	0.657845	0.752393	0.828776	0.890036	0.918558	0.90989	0.858306	0.756696	0.600938	0.388538	0.135716	-0.143166	-0.421195	-0.6726	-0.873571	-1.02302	-1.11646	-1.14003	-1.11868	-1.05519	-0.930118	-0.767414	-0.590636	-0.415781	-0.247551	-0.109278	0.00372494	0.101897	0.170538	0.211305	0.213037	0.179499	0.114855	0.0182575	-0.0858474	-0.167918	-0.223561	-0.261165	-0.281368	-0.30194	-0.333873	-0.34846	-0.331116	-0.305416	-0.271519	-0.214358	-0.136375	-0.0398335	0.0611802	0.155913	0.242031	0.309855	0.361695	0.392521	0.387822	0.342073	0.247541	0.121952	0	
0	-0.0205559	-0.0510055	-0.0892967	-0.118891	-0.11636	-0.077199	0.000476039	0.0835449	0.163608	0.213931	0.238465	0.240211	0.228345	0.222727	0.226422	0.229372	0.223505	0.183277	0.134158	0.0860861	0.0549706	0.0395142	0.024739	0.0151395	0.0213237	0.0349855	0.0505499	0.0541907	0.0502483	0.052273	0.0671035	0.0969859	0.144295	0.194561	0.250693	0.310921	0.385	0.476634	0.568281	0.647966	0.716838	0.772021	0.81432	0.848414	0.85	0.821889	0.761406	0.666112	0.518035	0.321339	0.0813084	-0.183723	-0.447608	-0.678637	-0.853021	-0.980685	-1.05294	-1.06534	-1.03978	-0.982195	-0.880198	-0.738137	-0.581426	-0.4264	-0.278269	-0.156387	-0.0496622	0.0403685	0.11413	0.173601	0.203151	0.207125	0.171303	0.0983894	0.00690081	-0.0839885	-0.152673	-0.199436	-0.230011	-0.263663	-0.311964	-0.344193	-0.344572	-0.339035	-0.326394	-0.28913	-0.226216	-0.140683	-0.0496021	0.0395508	0.119127	0.179458	0.233995	0.273349	0.278476	0.251776	0.189661	0.098709	0	
0	0.00365112	-0.00373717	-0.0207421	-0.0334895	-0.0212643	0.0212783	0.0922689	0.165262	0.230248	0.264641	0.275291	0.260403	0.234749	0.218289	0.211293	0.221425	0.217581	0.192484	0.150969	0.105355	0.0794875	0.0640341	0.0490335	0.0421745	0.0441485	0.0616271	0.0850321	0.0963638	0.0974881	0.102055	0.115041	0.149684	0.204784	0.266792	0.334805	0.403993	0.483015	0.569769	0.647966	0.71135	0.757207	0.777955	0.786213	0.782437	0.761438	0.726055	0.667881	0.57702	0.442418	0.26299	0.039711	-0.204055	-0.445837	-0.651406	-0.802303	-0.903875	-0.959852	-0.971283	-0.948686	-0.904762	-0.826946	-0.710215	-0.573586	-0.437479	-0.311355	-0.20003	-0.100465	-0.0152069	0.0654524	0.135574	0.18917	0.219299	0.205749	0.156824	0.0750499	-0.0176126	-0.0938074	-0.144624	-0.172365	-0.211378	-0.265493	-0.303507	-0.325088	-0.342969	-0.349438	-0.340036	-0.305499	-0.240406	-0.165672	-0.0884937	-0.0182362	0.0342341	0.0800547	0.118882	0.144869	0.146798	0.116956	0.066115	0	
0	0.022418	0.033831	0.0359226	0.0403513	0.0644952	0.114413	0.181653	0.248706	0.298101	0.320156	0.315032	0.286759	0.249557	0.219972	0.209271	0.219384	0.224575	0.215387	0.181618	0.145958	0.121033	0.103866	0.091532	0.0787609	0.0786171	0.098127	0.126632	0.151212	0.165522	0.177683	0.19497	0.238383	0.300033	0.370175	0.444227	0.513801	0.584685	0.657845	0.716838	0.757207	0.774473	0.764944	0.742349	0.711902	0.682839	0.64618	0.587268	0.498988	0.376437	0.214243	0.0149423	-0.200416	-0.414383	-0.594398	-0.72035	-0.799643	-0.8501	-0.869278	-0.854046	-0.824265	-0.771416	-0.683934	-0.572932	-0.461301	-0.354724	-0.248461	-0.146752	-0.0502974	0.0426947	0.123053	0.1885	0.226678	0.227146	0.191329	0.119748	0.0321058	-0.0508933	-0.100312	-0.125685	-0.166678	-0.212423	-0.245743	-0.275763	-0.309788	-0.339403	-0.357552	-0.357078	-0.331452	-0.28568	-0.224952	-0.168012	-0.122351	-0.0827553	-0.0512213	-0.01416	0.0186951	0.0286341	0.0224944	0	
0	0.0394338	0.0690619	0.0906188	0.114412	0.154579	0.215621	0.283914	0.347348	0.382294	0.392087	0.369739	0.328393	0.278841	0.235955	0.220924	0.227291	0.244387	0.24711	0.229619	0.204279	0.183317	0.169388	0.154907	0.13871	0.133898	0.148235	0.180594	0.217036	0.246046	0.272154	0.2992	0.351827	0.418695	0.500247	0.577302	0.64185	0.701193	0.752393	0.772021	0.777955	0.764944	0.736115	0.695854	0.657645	0.626632	0.591951	0.537574	0.457153	0.346727	0.199574	0.0224853	-0.164907	-0.346791	-0.500058	-0.609336	-0.677747	-0.731952	-0.759272	-0.757341	-0.746334	-0.718032	-0.66298	-0.582461	-0.499305	-0.406031	-0.300354	-0.187566	-0.0683004	0.0423252	0.134682	0.201762	0.238462	0.243563	0.21269	0.150906	0.0700027	-0.0116237	-0.0611412	-0.0888766	-0.125321	-0.163582	-0.19072	-0.218318	-0.2602	-0.305102	-0.35064	-0.390149	-0.402692	-0.386317	-0.349402	-0.310697	-0.277325	-0.250244	-0.228185	-0.186813	-0.135097	-0.0917413	-0.0454382	0	
