0	0	0	0	0	0	0	0	0	0	0	0	0	0	0	0	0	0	0	0	0	0	0	0	0	0	0	0	0	0	0	0	0	0	0	0	0	0	0	0	0	0	0	0	0	0	0	0	0	0	0	0	0	0	0	0	0	0	0	0	0	0	0	0	0	0	0	0	0	0	0	0	0	0	0	0	0	0	0	0	0	0	0	0	0	0	0	0	0	0	0	0	0	0	0	0	0	0	0	0	
0	-0.0266047	-0.0107229	0.0171858	0.0134929	-0.00920683	-0.0170185	-0.00591616	-0.0017593	0.00299229	-0.0117248	-0.030636	-0.0144891	0.00251117	0.0146558	0.0105053	-0.0121534	-0.0634867	-0.0968269	-0.115207	-0.113624	-0.089426	-0.0369173	0.0278293	0.0883461	0.139532	0.194379	0.224552	0.23291	0.206799	0.176626	0.134918	0.0841618	0.017025	-0.0575008	-0.113936	-0.148745	-0.144942	-0.127024	-0.0918654	-0.0632804	-0.0359893	-0.0199441	-0.0061819	-0.00139007	0.00538421	0.00525347	0.00731237	0.00588348	0.00225043	0.00361968	-0.00460867	-8.9839e-05	0.0011639	0.00403855	0.00766366	0.0106658	0.00914746	-0.00722601	-0.00489472	0.013607	0.0168298	0.00162912	-0.00851517	0.00656724	0.0204228	0.0127712	0.000506021	-0.00463478	0.00660631	0.0279647	0.0303682	0.0123522	-0.00405536	-0.00944465	0.005615	0.0452144	0.0869057	0.109824	0.115361	0.101436	0.0585701	-0.00428244	-0.0660577	-0.121106	-0.174222	-0.217385	-0.23375	-0.220205	-0.189959	-0.153516	-0.107883	-0.0467144	0.0250603	0.090005	0.129399	0.134206	0.107355	0.0588467	0	
0	-0.0107229	-0.0094508	0.00645961	0.00349615	-0.0112891	-0.0193698	-0.00852181	0.00764845	0.00340929	-0.0255472	-0.0536743	-0.0371788	-0.00701136	0.0126113	0.00736084	-0.0404544	-0.119981	-0.185979	-0.213333	-0.208566	-0.158073	-0.055215	0.069159	0.18575	0.292009	0.390475	0.454421	0.46186	0.419282	0.353842	0.273836	0.169966	0.0376071	-0.103861	-0.217022	-0.27784	-0.276901	-0.236368	-0.1738	-0.115008	-0.0673325	-0.0345809	-0.0156575	-0.00542709	0.000909187	0.000347756	0.00381215	0.0032975	0.00342127	0.0061198	0.00771548	0.00733815	0.00761363	0.0111678	0.00394142	0.00818664	0.0119076	0.00284777	0.00650729	0.0124223	0.0170732	0.0120917	-0.00124026	0.0108997	0.0290949	0.0221586	0.00520304	-0.00185173	0.0180045	0.0505859	0.0514903	0.0220121	-0.00356003	-0.00944275	0.0212114	0.0938106	0.170113	0.213732	0.22297	0.192445	0.10826	-0.0125154	-0.133615	-0.243641	-0.347581	-0.429541	-0.46028	-0.434804	-0.376159	-0.302796	-0.210147	-0.0883946	0.0518714	0.1776	0.253607	0.262731	0.21032	0.115407	0	
0	0.0171858	0.00645961	-0.0118005	-0.0194655	-0.018952	-0.013484	-0.00356362	0.00444384	-0.00675523	-0.0373098	-0.056432	-0.0445774	-0.0158753	0.00269274	-0.0144215	-0.0832228	-0.182697	-0.268877	-0.306708	-0.29265	-0.213817	-0.0660886	0.110552	0.282205	0.441681	0.579497	0.668857	0.677115	0.619942	0.522551	0.400608	0.24277	0.0477423	-0.154262	-0.317656	-0.402704	-0.406059	-0.34652	-0.260693	-0.173154	-0.105521	-0.0558581	-0.0279929	-0.0118144	-0.00295904	-0.000372721	0.0031067	0.00647727	0.00882102	0.011698	0.0178649	0.0146456	0.0128468	0.012923	0.00324507	-0.000799067	0.0107031	0.0249099	0.0227288	0.0112402	0.0103899	0.0126328	0.015788	0.0263722	0.0289336	0.0205548	0.0139577	0.0154807	0.0354629	0.0614586	0.0588955	0.0300878	0.00571744	0.00690928	0.0540158	0.14817	0.246454	0.305839	0.314909	0.263689	0.141539	-0.0285755	-0.204542	-0.368527	-0.518429	-0.631363	-0.673159	-0.638564	-0.554535	-0.443325	-0.301492	-0.120735	0.0816134	0.260296	0.367758	0.380345	0.304862	0.167571	0	
0	0.0134929	0.00349615	-0.0194655	-0.0117954	-0.00576173	-0.0127012	-0.0189133	-0.0268675	-0.0347517	-0.0451054	-0.0402278	-0.0350168	-0.0162126	-0.0119779	-0.0510209	-0.132829	-0.244237	-0.338266	-0.385515	-0.357719	-0.250874	-0.068187	0.150197	0.374586	0.579727	0.751951	0.854398	0.867179	0.796555	0.670658	0.504139	0.290792	0.0408173	-0.214638	-0.416012	-0.524001	-0.530737	-0.45731	-0.350796	-0.237373	-0.146151	-0.080342	-0.0353029	-0.0112234	0.003164	0.0140562	0.0124914	0.01728	0.0151399	0.0098777	0.00950841	0.00873661	0.00685372	0.0111373	0.0240074	0.0184353	0.0160093	0.0251208	0.0186288	0.0104696	0.0133237	0.0265526	0.0373391	0.0289745	0.0190369	0.0232367	0.0322977	0.0415647	0.0519983	0.0594322	0.0559447	0.0399205	0.0272631	0.0438497	0.1067	0.20825	0.313318	0.380508	0.383402	0.307872	0.15306	-0.0562146	-0.281093	-0.495652	-0.683862	-0.818115	-0.867326	-0.826811	-0.720484	-0.57021	-0.377318	-0.140797	0.114454	0.335504	0.467624	0.482667	0.387608	0.213563	0	
0	-0.00920683	-0.0112891	-0.018952	-0.00576173	0.00323335	-0.0104706	-0.0274114	-0.0460861	-0.0554739	-0.0417715	-0.0324042	-0.0403843	-0.0387752	-0.0606734	-0.113807	-0.197002	-0.296643	-0.386538	-0.424831	-0.380723	-0.242858	-0.0385457	0.21601	0.482166	0.727555	0.918848	1.02987	1.04282	0.964406	0.808747	0.597254	0.330995	0.0329955	-0.259987	-0.491201	-0.61391	-0.626562	-0.544673	-0.421341	-0.290515	-0.178254	-0.10044	-0.0457763	-0.0146582	-0.00127874	0.0122686	0.01167	0.0129685	0.0163802	0.0121255	0.0110613	0.017682	0.0156072	0.0143548	0.0278247	0.0301623	0.0212381	0.0148081	0.0177719	0.0229749	0.0249087	0.0409344	0.0445359	0.0217031	0.018547	0.0370815	0.0533014	0.0657675	0.0626794	0.050239	0.0503276	0.0552047	0.0643285	0.102736	0.176368	0.271048	0.368433	0.432509	0.421589	0.320443	0.139793	-0.0989565	-0.365407	-0.623407	-0.839787	-0.985812	-1.0393	-0.995354	-0.868788	-0.678394	-0.434185	-0.147457	0.149342	0.400625	0.549874	0.566457	0.456066	0.252048	0	
0	-0.0170185	-0.0193698	-0.013484	-0.0127012	-0.0104706	-0.00952914	-0.0288608	-0.0555133	-0.0576993	-0.0342237	-0.0324725	-0.0506631	-0.0811765	-0.130584	-0.191835	-0.269146	-0.345226	-0.41559	-0.43558	-0.366385	-0.206013	0.014455	0.297836	0.594793	0.870236	1.06887	1.18345	1.19667	1.10924	0.926979	0.666777	0.356303	0.0164108	-0.298958	-0.550732	-0.685875	-0.703591	-0.623323	-0.486122	-0.343574	-0.21495	-0.121533	-0.0620828	-0.0222356	-0.0067198	0.0026721	0.01009	0.00849901	0.0138472	0.0215701	0.0203185	0.0269382	0.0333782	0.024828	0.0196117	0.0207481	0.0202111	0.020973	0.0302071	0.0402886	0.0389031	0.0372385	0.0350174	0.0292229	0.0357206	0.0520763	0.0710656	0.0820766	0.0644885	0.0421803	0.0520967	0.0812107	0.119166	0.179917	0.255035	0.331785	0.409439	0.456958	0.424582	0.299885	0.100537	-0.15977	-0.458554	-0.748507	-0.981548	-1.13159	-1.18691	-1.14019	-0.993808	-0.763201	-0.470299	-0.141597	0.184075	0.453234	0.612283	0.629783	0.508738	0.28219	0	
0	-0.00591616	-0.00852181	-0.00356362	-0.0189133	-0.0274114	-0.0288608	-0.0527868	-0.0626969	-0.0468534	-0.0265439	-0.0288878	-0.0624225	-0.129595	-0.202884	-0.273893	-0.340276	-0.388752	-0.430541	-0.422933	-0.325626	-0.155742	0.0835108	0.381905	0.702335	0.990295	1.19153	1.30527	1.31856	1.22041	1.01105	0.70703	0.357484	-0.0095329	-0.339941	-0.600125	-0.748398	-0.77386	-0.699738	-0.559815	-0.404101	-0.26548	-0.152413	-0.0826776	-0.0320134	-0.00523911	0.00673877	0.0192747	0.0218423	0.0218813	0.0274432	0.0273649	0.0210455	0.0281745	0.0265373	0.0220213	0.0265576	0.0278812	0.0349673	0.0418694	0.0445673	0.0410179	0.0321311	0.0370183	0.047916	0.0538429	0.0681953	0.0857967	0.0833896	0.0597444	0.0465424	0.0702914	0.122967	0.190855	0.266307	0.332387	0.38519	0.432869	0.449605	0.390639	0.247351	0.0351642	-0.240349	-0.559512	-0.866324	-1.10491	-1.25384	-1.30865	-1.2572	-1.09003	-0.821141	-0.485897	-0.125966	0.215645	0.491343	0.65383	0.672038	0.545118	0.303651	0	
0	-0.0017593	0.00764845	0.00444384	-0.0268675	-0.0460861	-0.0555133	-0.0626969	-0.0504616	-0.0370583	-0.0365041	-0.0520177	-0.102879	-0.194497	-0.280101	-0.35155	-0.392894	-0.410865	-0.412531	-0.364134	-0.249211	-0.0699153	0.181682	0.483569	0.812439	1.09436	1.29432	1.40305	1.4112	1.30074	1.06114	0.72555	0.343471	-0.0331263	-0.370493	-0.629196	-0.787107	-0.82311	-0.75676	-0.62077	-0.456199	-0.307242	-0.18246	-0.0970434	-0.0429368	-0.00534669	0.00953199	0.0226948	0.0283461	0.0300199	0.027986	0.0305239	0.0247513	0.0228528	0.026857	0.0279941	0.0372936	0.0425169	0.0437852	0.044994	0.046327	0.0412759	0.0327663	0.047341	0.0696122	0.0775571	0.0839303	0.0829441	0.0711077	0.0651264	0.0728023	0.108288	0.182512	0.273399	0.349896	0.399273	0.425361	0.43337	0.408045	0.321788	0.165542	-0.0558066	-0.340004	-0.66461	-0.971841	-1.20697	-1.35179	-1.4028	-1.34215	-1.15295	-0.850758	-0.483376	-0.104723	0.24077	0.513665	0.674701	0.693824	0.56559	0.316548	0	
0	0.00299229	0.00340929	-0.00675523	-0.0347517	-0.0554739	-0.0576993	-0.0468534	-0.0370583	-0.0497091	-0.0767485	-0.105606	-0.17128	-0.269345	-0.352005	-0.40634	-0.41869	-0.403025	-0.351705	-0.266424	-0.138833	0.0493446	0.302698	0.59821	0.91395	1.17811	1.37347	1.47125	1.47059	1.34082	1.07663	0.719208	0.319549	-0.0550087	-0.389586	-0.641582	-0.80643	-0.853288	-0.799163	-0.667431	-0.501372	-0.33854	-0.206827	-0.10505	-0.0469957	-0.00571284	0.0119917	0.0201287	0.0250293	0.0257439	0.0250963	0.0271551	0.0291572	0.0312871	0.0379484	0.039971	0.0471751	0.0531854	0.048337	0.039924	0.0394836	0.0470408	0.0524797	0.0676945	0.089394	0.0949581	0.0839885	0.0679846	0.0682259	0.0910248	0.119078	0.16808	0.258387	0.354991	0.419333	0.449017	0.444739	0.404885	0.333399	0.222973	0.0573032	-0.170689	-0.454609	-0.767981	-1.06094	-1.28645	-1.42474	-1.46684	-1.39119	-1.18013	-0.85325	-0.46706	-0.0827275	0.256483	0.519809	0.676164	0.696731	0.571263	0.321368	0	
0	-0.0117248	-0.0255472	-0.0373098	-0.0451054	-0.0417715	-0.0342237	-0.0265439	-0.0365041	-0.0767485	-0.125023	-0.179154	-0.257958	-0.347508	-0.415487	-0.44562	-0.432297	-0.370329	-0.267871	-0.148701	-0.00589477	0.192179	0.439966	0.720917	1.00463	1.25217	1.43432	1.52178	1.503	1.35241	1.07245	0.703409	0.305285	-0.0639904	-0.384111	-0.634528	-0.801647	-0.866953	-0.82827	-0.708988	-0.546693	-0.37862	-0.237875	-0.129245	-0.0594743	-0.0168466	0.0066866	0.0168711	0.0226987	0.0248146	0.0279729	0.0341944	0.0388008	0.0449267	0.0551445	0.0513974	0.047264	0.0473509	0.043405	0.0418857	0.0476855	0.0650407	0.0800788	0.0896393	0.0981361	0.090556	0.0725428	0.0683395	0.0904056	0.133224	0.183337	0.250038	0.340384	0.422008	0.467784	0.475335	0.434079	0.34397	0.230732	0.0996972	-0.0748135	-0.305152	-0.576452	-0.863136	-1.13141	-1.34312	-1.47107	-1.49751	-1.40181	-1.17218	-0.832605	-0.442568	-0.0647087	0.26066	0.510352	0.660348	0.683056	0.563761	0.318881	0	
0	-0.030636	-0.0536743	-0.056432	-0.0402278	-0.0324042	-0.0324725	-0.0288878	-0.0520177	-0.105606	-0.179154	-0.259927	-0.337567	-0.407191	-0.453799	-0.46541	-0.417225	-0.31086	-0.166963	-0.0189703	0.142387	0.344915	0.580275	0.82999	1.07733	1.30249	1.4676	1.53828	1.49513	1.3262	1.04038	0.675048	0.290771	-0.0653775	-0.370352	-0.61668	-0.790137	-0.872429	-0.854749	-0.751145	-0.595666	-0.427215	-0.278196	-0.160846	-0.0828793	-0.0299602	-0.000351562	0.0175191	0.0315046	0.0393386	0.0445016	0.0504926	0.0542595	0.0483621	0.0520336	0.0512038	0.0423091	0.0420831	0.0476367	0.057961	0.0729678	0.0928399	0.0994345	0.0908524	0.087639	0.082672	0.0779394	0.0927296	0.131004	0.193191	0.26883	0.341996	0.410777	0.466797	0.491709	0.46947	0.38599	0.252738	0.106694	-0.0440937	-0.227066	-0.450908	-0.695771	-0.94497	-1.18283	-1.37646	-1.48777	-1.49171	-1.37415	-1.13318	-0.795112	-0.415904	-0.0545046	0.252342	0.486764	0.629962	0.655507	0.545022	0.310035	0	
0	-0.0144891	-0.0371788	-0.0445774	-0.0350168	-0.0403843	-0.0506631	-0.0624225	-0.102879	-0.17128	-0.257958	-0.337567	-0.392927	-0.426528	-0.451172	-0.431388	-0.34483	-0.208242	-0.0386696	0.130634	0.304492	0.499919	0.705646	0.912847	1.12122	1.31597	1.45882	1.50249	1.43479	1.25373	0.973858	0.629137	0.265959	-0.0684708	-0.360471	-0.600242	-0.779708	-0.878128	-0.878657	-0.790598	-0.641338	-0.467488	-0.310746	-0.178634	-0.0881817	-0.0292578	0.0112821	0.0284841	0.0423297	0.0509459	0.0529694	0.0520597	0.0554128	0.0472017	0.0408774	0.0433837	0.0466505	0.0586277	0.0741888	0.0867851	0.0924728	0.0990115	0.099424	0.0849741	0.0793562	0.0883297	0.105276	0.138087	0.193456	0.275601	0.362664	0.421573	0.459317	0.487854	0.483919	0.422413	0.300495	0.137657	-0.034243	-0.205371	-0.39192	-0.596311	-0.803648	-1.01088	-1.21526	-1.38437	-1.47106	-1.44815	-1.3119	-1.0704	-0.748333	-0.392467	-0.0545229	0.231823	0.451207	0.587993	0.616925	0.517112	0.295876	0	
0	0.00251117	-0.00701136	-0.0158753	-0.0162126	-0.0387752	-0.0811765	-0.129595	-0.194497	-0.269345	-0.347508	-0.407191	-0.426528	-0.426987	-0.414327	-0.347367	-0.229562	-0.0715317	0.116941	0.306063	0.486733	0.663086	0.826621	0.993255	1.15656	1.319	1.42553	1.44006	1.35004	1.16669	0.908233	0.591657	0.262103	-0.0546467	-0.327791	-0.567311	-0.748444	-0.863801	-0.883031	-0.810332	-0.670907	-0.496732	-0.330546	-0.193711	-0.0885471	-0.0262984	0.01676	0.0374099	0.0452401	0.0475584	0.0474566	0.0417702	0.0431684	0.0461229	0.0520676	0.0629732	0.0689582	0.0813688	0.0945496	0.100536	0.0981772	0.0947499	0.092401	0.0834362	0.0871703	0.113902	0.153936	0.209494	0.281819	0.365979	0.439762	0.476013	0.485134	0.47921	0.433967	0.332992	0.185356	0.00407112	-0.190557	-0.378336	-0.557133	-0.729559	-0.894556	-1.05998	-1.22721	-1.36304	-1.41811	-1.36898	-1.22247	-0.993168	-0.699778	-0.376241	-0.0655345	0.200486	0.40625	0.53743	0.570074	0.482082	0.277474	0	
0	0.0146558	0.0126113	0.00269274	-0.0119779	-0.0606734	-0.130584	-0.202884	-0.280101	-0.352005	-0.415487	-0.453799	-0.451172	-0.414327	-0.348312	-0.239658	-0.0973425	0.079419	0.28704	0.492043	0.671846	0.814941	0.941776	1.0643	1.18724	1.30486	1.37133	1.35598	1.25423	1.08157	0.854723	0.575864	0.279571	-0.015299	-0.277872	-0.512691	-0.702495	-0.830782	-0.871615	-0.818679	-0.690119	-0.524658	-0.354416	-0.214843	-0.106968	-0.0392562	0.00349138	0.0247532	0.0372466	0.0425217	0.0462848	0.049493	0.0553106	0.0603418	0.0672907	0.0848953	0.0946041	0.0984428	0.10236	0.102081	0.0932575	0.0863133	0.0914042	0.0971434	0.117558	0.167532	0.232277	0.303398	0.374559	0.439535	0.4899	0.504659	0.481033	0.428617	0.339516	0.21065	0.0485901	-0.146944	-0.359126	-0.551444	-0.708778	-0.84265	-0.966439	-1.09063	-1.21461	-1.30843	-1.32925	-1.26065	-1.11613	-0.911277	-0.655664	-0.369354	-0.0868069	0.16048	0.354579	0.481057	0.517494	0.441865	0.255871	0	
0	0.0105053	0.00736084	-0.0144215	-0.0510209	-0.113807	-0.191835	-0.273893	-0.35155	-0.40634	-0.44562	-0.46541	-0.431388	-0.347367	-0.239658	-0.105604	0.0498171	0.23894	0.454734	0.661342	0.819934	0.93106	1.02055	1.1043	1.18163	1.24943	1.27474	1.23925	1.13793	0.990921	0.800214	0.564835	0.298417	0.0243273	-0.231365	-0.465722	-0.662594	-0.807439	-0.86732	-0.835423	-0.72097	-0.560479	-0.39025	-0.243529	-0.128085	-0.0543668	-0.00538546	0.0215074	0.0345305	0.0462192	0.055491	0.0618475	0.0757138	0.0887447	0.0924082	0.100584	0.103954	0.102241	0.098527	0.0942566	0.0892289	0.0878784	0.106868	0.138293	0.182971	0.251849	0.327862	0.395505	0.448632	0.487759	0.512917	0.499193	0.432647	0.332625	0.211175	0.0659609	-0.107554	-0.31375	-0.529899	-0.709686	-0.83664	-0.932712	-1.01797	-1.0984	-1.17193	-1.21903	-1.20964	-1.1334	-1.00415	-0.833273	-0.620099	-0.372079	-0.116492	0.114326	0.298745	0.421318	0.461412	0.398219	0.232043	0	
0	-0.0121534	-0.0404544	-0.0832228	-0.132829	-0.197002	-0.269146	-0.340276	-0.392894	-0.41869	-0.432297	-0.417225	-0.34483	-0.229562	-0.0973425	0.0498171	0.214031	0.407913	0.617274	0.802382	0.935057	1.01394	1.06978	1.1115	1.13729	1.15316	1.14419	1.09981	1.01499	0.899749	0.751572	0.55525	0.319574	0.0610487	-0.188547	-0.423656	-0.628976	-0.78614	-0.867197	-0.852922	-0.753819	-0.600354	-0.427306	-0.275747	-0.150182	-0.0652624	-0.00871234	0.0285029	0.0507551	0.0648038	0.0795646	0.0875503	0.0933888	0.1041	0.104514	0.10704	0.103657	0.0935011	0.0889944	0.0894142	0.095937	0.115304	0.160348	0.217154	0.275518	0.345553	0.414657	0.467368	0.498766	0.508743	0.497984	0.444483	0.336746	0.20288	0.060954	-0.0980702	-0.281625	-0.486592	-0.687162	-0.841298	-0.937122	-0.999147	-1.04521	-1.07649	-1.09531	-1.09829	-1.06925	-0.999475	-0.896839	-0.765228	-0.594841	-0.383209	-0.152134	0.0645564	0.240994	0.36026	0.403724	0.352693	0.206878	0	
0	-0.0634867	-0.119981	-0.182697	-0.244237	-0.296643	-0.345226	-0.388752	-0.410865	-0.403025	-0.370329	-0.31086	-0.208242	-0.0715317	0.079419	0.23894	0.407913	0.592733	0.770594	0.923422	1.02551	1.07259	1.09116	1.0819	1.05337	1.02199	0.989839	0.95145	0.891964	0.814675	0.705735	0.54721	0.336975	0.0940456	-0.151577	-0.386384	-0.597187	-0.765472	-0.860302	-0.864157	-0.774309	-0.627592	-0.450903	-0.29119	-0.157527	-0.0615345	0.00190232	0.0447315	0.0702736	0.0880736	0.0993547	0.107338	0.108307	0.10866	0.100206	0.0933832	0.0902524	0.0857284	0.090032	0.110657	0.144414	0.184539	0.24337	0.311477	0.370516	0.429482	0.482522	0.5141	0.516745	0.487381	0.431675	0.340667	0.206191	0.0513251	-0.108333	-0.280111	-0.463172	-0.648113	-0.817674	-0.942358	-1.01048	-1.03903	-1.04101	-1.01902	-0.986011	-0.955385	-0.921054	-0.870608	-0.801788	-0.710254	-0.579617	-0.400637	-0.191157	0.0134474	0.183184	0.299537	0.346001	0.306622	0.181164	0	
0	-0.0968269	-0.185979	-0.268877	-0.338266	-0.386538	-0.41559	-0.430541	-0.412531	-0.351705	-0.267871	-0.166963	-0.0386696	0.116941	0.28704	0.454734	0.617274	0.770594	0.908382	1.02605	1.09784	1.11208	1.0853	1.0217	0.944802	0.877892	0.839269	0.817322	0.789787	0.749907	0.675668	0.550575	0.361274	0.133067	-0.110182	-0.343224	-0.559451	-0.734583	-0.843302	-0.859525	-0.782107	-0.637321	-0.460907	-0.29122	-0.150992	-0.0455627	0.0221225	0.0665565	0.0896795	0.100417	0.10547	0.102603	0.0964188	0.0947863	0.0860316	0.0840815	0.0922916	0.106002	0.132452	0.171151	0.222033	0.276517	0.338962	0.403826	0.45292	0.493674	0.522813	0.522811	0.485763	0.41262	0.318179	0.202643	0.0522061	-0.120319	-0.295383	-0.468733	-0.632916	-0.783106	-0.917001	-1.01413	-1.05496	-1.04538	-0.998348	-0.925424	-0.852006	-0.803585	-0.77814	-0.755822	-0.723122	-0.668768	-0.572778	-0.421955	-0.231233	-0.0371286	0.12678	0.240451	0.289521	0.261136	0.155582	0	
0	-0.115207	-0.213333	-0.306708	-0.385515	-0.424831	-0.43558	-0.422933	-0.364134	-0.266424	-0.148701	-0.0189703	0.130634	0.306063	0.492043	0.661342	0.802382	0.923422	1.02605	1.11392	1.15713	1.13401	1.05837	0.948543	0.835393	0.75316	0.720941	0.723107	0.729042	0.721166	0.678017	0.578273	0.409395	0.191363	-0.0468477	-0.280836	-0.499174	-0.682462	-0.802403	-0.833508	-0.768551	-0.633117	-0.458978	-0.290751	-0.147625	-0.0427041	0.0241233	0.0653054	0.0845113	0.0902771	0.0903638	0.0888664	0.080827	0.0858076	0.0927046	0.104595	0.131847	0.163832	0.205931	0.259626	0.318594	0.371893	0.4269	0.482501	0.514731	0.525341	0.516445	0.475977	0.400433	0.293945	0.173081	0.0397452	-0.124608	-0.309979	-0.487074	-0.643073	-0.774298	-0.886395	-0.986876	-1.05591	-1.06392	-1.01046	-0.915553	-0.802876	-0.706585	-0.656951	-0.650906	-0.660242	-0.661667	-0.639262	-0.572048	-0.444922	-0.270487	-0.0857413	0.0728889	0.184011	0.235314	0.217171	0.13071	0	
0	-0.113624	-0.208566	-0.29265	-0.357719	-0.380723	-0.366385	-0.325626	-0.249211	-0.138833	-0.00589477	0.142387	0.304492	0.486733	0.671846	0.819934	0.935057	1.02551	1.09784	1.15713	1.1669	1.1029	0.988331	0.84575	0.720719	0.640374	0.626773	0.656843	0.692967	0.713444	0.69366	0.61568	0.461511	0.253385	0.0160272	-0.217993	-0.442508	-0.633093	-0.766826	-0.813863	-0.763923	-0.640074	-0.473793	-0.305789	-0.167328	-0.0596425	0.00436274	0.044292	0.064314	0.0732707	0.0782018	0.0868413	0.0947472	0.110718	0.132431	0.161659	0.204321	0.250385	0.300206	0.35475	0.413476	0.462569	0.501132	0.531187	0.531158	0.502278	0.453274	0.377641	0.273871	0.144312	0.00221095	-0.147554	-0.319612	-0.501914	-0.66123	-0.786372	-0.882206	-0.959737	-1.02683	-1.06121	-1.02921	-0.931949	-0.799585	-0.665105	-0.56469	-0.526959	-0.545411	-0.58511	-0.615824	-0.619247	-0.575142	-0.467746	-0.30756	-0.131367	0.0223297	0.130993	0.184197	0.17549	0.107024	0	
0	-0.089426	-0.158073	-0.213817	-0.250874	-0.242858	-0.206013	-0.155742	-0.0699153	0.0493446	0.192179	0.344915	0.499919	0.663086	0.814941	0.93106	1.01394	1.07259	1.11208	1.13401	1.1029	1.00605	0.863575	0.71337	0.594222	0.530713	0.541559	0.597496	0.660306	0.702628	0.701196	0.640289	0.497758	0.297153	0.0603284	-0.176847	-0.406275	-0.607145	-0.753596	-0.816522	-0.783535	-0.668998	-0.510761	-0.342794	-0.199423	-0.088789	-0.0147431	0.0327326	0.0611022	0.079943	0.0964773	0.115913	0.135918	0.170627	0.20842	0.246293	0.296881	0.348955	0.40123	0.451858	0.497119	0.5242	0.531651	0.526266	0.489935	0.423768	0.342001	0.240825	0.115922	-0.0335113	-0.193546	-0.350665	-0.513259	-0.672861	-0.801986	-0.894607	-0.958679	-1.00218	-1.02974	-1.02148	-0.948279	-0.816981	-0.665033	-0.528281	-0.43887	-0.420375	-0.46323	-0.528742	-0.582705	-0.606061	-0.580157	-0.48917	-0.341568	-0.173316	-0.024303	0.0819915	0.136817	0.136706	0.0849107	0	
0	-0.0369173	-0.055215	-0.0660886	-0.068187	-0.0385457	0.014455	0.0835108	0.181682	0.302698	0.439966	0.580275	0.705646	0.826621	0.941776	1.02055	1.06978	1.09116	1.0853	1.05837	0.988331	0.863575	0.713028	0.568984	0.467151	0.425414	0.457051	0.534357	0.616611	0.674294	0.688294	0.638563	0.50898	0.313051	0.0794518	-0.15955	-0.392521	-0.598236	-0.75467	-0.828134	-0.804809	-0.698598	-0.539926	-0.369497	-0.22045	-0.09822	-0.0165987	0.0426459	0.0851923	0.117212	0.146907	0.183574	0.215708	0.254938	0.302968	0.35011	0.403266	0.451045	0.490099	0.519757	0.537935	0.533505	0.504633	0.462974	0.395505	0.301503	0.194543	0.0709056	-0.0731621	-0.236004	-0.400186	-0.546117	-0.681937	-0.808903	-0.907032	-0.970154	-1.00203	-1.00553	-0.986372	-0.934193	-0.828904	-0.68125	-0.529499	-0.406276	-0.336642	-0.338936	-0.402489	-0.487848	-0.559134	-0.597395	-0.585726	-0.508436	-0.372	-0.211144	-0.0665779	0.0374667	0.0936762	0.101297	0.0646738	0	
0	0.0278293	0.069159	0.110552	0.150197	0.21601	0.297836	0.381905	0.483569	0.59821	0.720917	0.82999	0.912847	0.993255	1.0643	1.1043	1.1115	1.0819	1.0217	0.948543	0.84575	0.71337	0.568984	0.443321	0.36471	0.341833	0.391405	0.482486	0.578025	0.647854	0.670634	0.633698	0.510992	0.324103	0.0909903	-0.146729	-0.381208	-0.591101	-0.751829	-0.833412	-0.816874	-0.711134	-0.553192	-0.372365	-0.212531	-0.0788766	0.019772	0.0909317	0.144373	0.189696	0.229688	0.273596	0.318041	0.366993	0.414984	0.45301	0.492087	0.522122	0.53636	0.535068	0.520513	0.483677	0.422284	0.351802	0.260061	0.141449	0.0108852	-0.130639	-0.283354	-0.442882	-0.591926	-0.711734	-0.814513	-0.909519	-0.978628	-1.01012	-1.00298	-0.960043	-0.894419	-0.808064	-0.688125	-0.543794	-0.40817	-0.307515	-0.259995	-0.280485	-0.359411	-0.458738	-0.54231	-0.591528	-0.591002	-0.525174	-0.398617	-0.244585	-0.104182	-0.00222872	0.055164	0.0696327	0.0465469	0	
0	0.0883461	0.18575	0.282205	0.374586	0.482166	0.594793	0.702335	0.812439	0.91395	1.00463	1.07733	1.12122	1.15656	1.18724	1.18163	1.13729	1.05337	0.944802	0.835393	0.720719	0.594222	0.467151	0.36471	0.304499	0.297901	0.3562	0.455719	0.559364	0.635371	0.667727	0.636903	0.525861	0.342807	0.116253	-0.121071	-0.353814	-0.562995	-0.727197	-0.810153	-0.797205	-0.691891	-0.527735	-0.341138	-0.169147	-0.0219546	0.0878917	0.173439	0.240952	0.29473	0.342793	0.391061	0.428452	0.464759	0.50107	0.523202	0.538395	0.539229	0.523761	0.49216	0.446494	0.382597	0.29572	0.198667	0.0827561	-0.0563089	-0.201057	-0.346066	-0.489274	-0.627837	-0.749917	-0.840197	-0.911919	-0.975908	-1.01193	-1.00404	-0.951905	-0.864383	-0.76388	-0.661552	-0.546347	-0.420905	-0.310245	-0.234342	-0.206617	-0.240727	-0.329729	-0.438122	-0.530103	-0.58733	-0.595551	-0.539279	-0.421349	-0.273485	-0.136886	-0.0368232	0.0215753	0.041988	0.0307043	0	
0	0.139532	0.292009	0.441681	0.579727	0.727555	0.870236	0.990295	1.09436	1.17811	1.25217	1.30249	1.31597	1.319	1.30486	1.24943	1.15316	1.02199	0.877892	0.75316	0.640374	0.530713	0.425414	0.341833	0.297901	0.298789	0.362492	0.464759	0.572461	0.653775	0.690615	0.66871	0.563409	0.389335	0.165538	-0.0670238	-0.29712	-0.504908	-0.66628	-0.751181	-0.736318	-0.627918	-0.459276	-0.261312	-0.0799434	0.0767584	0.197094	0.285998	0.353157	0.4066	0.445945	0.483056	0.51105	0.529956	0.54248	0.536358	0.523678	0.498921	0.455174	0.396226	0.325804	0.235642	0.121425	0.00184087	-0.128572	-0.274797	-0.416863	-0.54733	-0.666738	-0.776964	-0.870886	-0.933091	-0.973138	-1.00059	-0.995346	-0.943096	-0.849433	-0.730554	-0.614713	-0.516146	-0.420645	-0.322252	-0.238269	-0.184396	-0.171874	-0.214853	-0.309627	-0.423469	-0.521074	-0.584151	-0.599218	-0.550801	-0.440225	-0.297763	-0.164523	-0.0661099	-0.00686963	0.0185651	0.0172724	0	
0	0.194379	0.390475	0.579497	0.751951	0.918848	1.06887	1.19153	1.29432	1.37347	1.43432	1.4676	1.45882	1.42553	1.37133	1.27474	1.14419	0.989839	0.839269	0.720941	0.626773	0.541559	0.457051	0.391405	0.3562	0.362492	0.426019	0.529025	0.638266	0.721962	0.763767	0.746328	0.649359	0.479591	0.262097	0.0318947	-0.194865	-0.399647	-0.562003	-0.645257	-0.633698	-0.524875	-0.355113	-0.156613	0.0276094	0.185385	0.303248	0.389398	0.450673	0.491126	0.517701	0.535581	0.539068	0.533882	0.523215	0.494998	0.456503	0.404334	0.335769	0.249592	0.150718	0.0394327	-0.0897096	-0.219621	-0.350453	-0.486058	-0.60919	-0.715196	-0.807485	-0.889822	-0.955578	-0.986298	-0.9878	-0.971249	-0.921737	-0.830806	-0.710326	-0.580313	-0.46921	-0.389184	-0.320746	-0.250308	-0.189727	-0.152823	-0.150613	-0.198604	-0.296169	-0.413049	-0.514353	-0.581674	-0.602008	-0.559861	-0.455319	-0.317382	-0.186973	-0.0899335	-0.0300101	-0.000492882	0.00633962	0	
0	0.224552	0.454421	0.668857	0.854398	1.02987	1.18345	1.30527	1.40305	1.47125	1.52178	1.53828	1.50249	1.44006	1.35598	1.23925	1.09981	0.95145	0.817322	0.723107	0.656843	0.597496	0.534357	0.482486	0.455719	0.464759	0.529025	0.631716	0.742437	0.828019	0.872846	0.859829	0.767097	0.6021	0.386706	0.158322	-0.0674657	-0.273651	-0.436282	-0.525401	-0.516876	-0.414339	-0.249284	-0.0552518	0.123249	0.272896	0.382289	0.454841	0.49986	0.52509	0.531058	0.53018	0.514507	0.48588	0.451179	0.395394	0.330313	0.25305	0.157912	0.0509887	-0.0618966	-0.183876	-0.316586	-0.438756	-0.552442	-0.666556	-0.766136	-0.846789	-0.911902	-0.964191	-0.995884	-0.987081	-0.944031	-0.883579	-0.798347	-0.685125	-0.558265	-0.436574	-0.344478	-0.289906	-0.248706	-0.20223	-0.159499	-0.134253	-0.138327	-0.188735	-0.287335	-0.405783	-0.509467	-0.579782	-0.604001	-0.566602	-0.466718	-0.332328	-0.204148	-0.10818	-0.0477323	-0.0150881	-0.00203454	0	
0	0.23291	0.46186	0.677115	0.867179	1.04282	1.19667	1.31856	1.4112	1.47059	1.503	1.49513	1.43479	1.35004	1.25423	1.13793	1.01499	0.891964	0.789787	0.729042	0.692967	0.660306	0.616611	0.578025	0.559364	0.572461	0.638266	0.742437	0.854212	0.942049	0.988494	0.978082	0.887569	0.723959	0.508481	0.278828	0.0498722	-0.159132	-0.328874	-0.423502	-0.425384	-0.330761	-0.176011	0.00889064	0.176613	0.315905	0.41183	0.470362	0.500058	0.50548	0.492141	0.467048	0.427738	0.374576	0.313347	0.234777	0.146609	0.0493049	-0.0588233	-0.176079	-0.292994	-0.406831	-0.52417	-0.628766	-0.721782	-0.812399	-0.886748	-0.939759	-0.973106	-0.988145	-0.978057	-0.925695	-0.841663	-0.749294	-0.64651	-0.531418	-0.416407	-0.315818	-0.248822	-0.219561	-0.201155	-0.172576	-0.142017	-0.124051	-0.131638	-0.183042	-0.28186	-0.401053	-0.506183	-0.578456	-0.605295	-0.571151	-0.474502	-0.3426	-0.21599	-0.120771	-0.0599592	-0.0251567	-0.00781184	0	
0	0.206799	0.419282	0.619942	0.796555	0.964406	1.10924	1.22041	1.30074	1.34082	1.35241	1.3262	1.25373	1.16669	1.08157	0.990921	0.899749	0.814675	0.749907	0.721166	0.713444	0.702628	0.674294	0.647854	0.635371	0.653775	0.721962	0.828019	0.942049	1.03065	1.07917	1.06884	0.979749	0.814859	0.598664	0.365103	0.13335	-0.0821696	-0.257206	-0.361409	-0.371719	-0.288801	-0.144465	0.0268726	0.182645	0.305709	0.38594	0.426505	0.435518	0.420765	0.384855	0.338273	0.274156	0.198268	0.119405	0.0230799	-0.0776084	-0.181595	-0.291351	-0.400622	-0.503687	-0.602806	-0.70276	-0.785907	-0.854725	-0.919282	-0.964462	-0.983209	-0.976737	-0.948525	-0.896215	-0.80757	-0.697519	-0.592948	-0.492711	-0.392419	-0.30008	-0.225081	-0.182419	-0.174051	-0.172256	-0.15558	-0.132548	-0.118797	-0.128294	-0.180167	-0.279013	-0.398534	-0.504399	-0.577713	-0.605969	-0.573602	-0.478731	-0.348204	-0.222461	-0.127653	-0.0666425	-0.0306599	-0.0109697	0	
0	0.176626	0.353842	0.522551	0.670658	0.808747	0.926979	1.01105	1.06114	1.07663	1.07245	1.04038	0.973858	0.908233	0.854723	0.800214	0.751572	0.705735	0.675668	0.678017	0.69366	0.701196	0.688294	0.670634	0.667727	0.690615	0.763767	0.872846	0.988494	1.07917	1.12688	1.11736	1.02541	0.859669	0.638392	0.401932	0.162985	-0.0578913	-0.241937	-0.354533	-0.375822	-0.303809	-0.173553	-0.0146124	0.123402	0.230976	0.292206	0.312097	0.301376	0.265389	0.208879	0.142735	0.0664671	-0.0213964	-0.111759	-0.210987	-0.309556	-0.406094	-0.50382	-0.600673	-0.688189	-0.7669	-0.844338	-0.90346	-0.944976	-0.977179	-0.984438	-0.961434	-0.912714	-0.845754	-0.762562	-0.654619	-0.538739	-0.441337	-0.358492	-0.28168	-0.214668	-0.163317	-0.140385	-0.147106	-0.156053	-0.146443	-0.127657	-0.116255	-0.126945	-0.179346	-0.278406	-0.39806	-0.50407	-0.577568	-0.606072	-0.57401	-0.479439	-0.349141	-0.223542	-0.128802	-0.0677578	-0.0315785	-0.0114969	0	
0	0.134918	0.273836	0.400608	0.504139	0.597254	0.666777	0.70703	0.72555	0.719208	0.703409	0.675048	0.629137	0.591657	0.575864	0.564835	0.55525	0.54721	0.550575	0.578273	0.61568	0.640289	0.638563	0.633698	0.636903	0.66871	0.746328	0.859829	0.978082	1.06884	1.11736	1.10454	1.01149	0.83981	0.616063	0.371941	0.128276	-0.101692	-0.293801	-0.416547	-0.449185	-0.39049	-0.273607	-0.132974	-0.00951029	0.0790464	0.123236	0.12861	0.10262	0.0538734	-0.0115013	-0.0844896	-0.170022	-0.258749	-0.341909	-0.433686	-0.522527	-0.607475	-0.690581	-0.768314	-0.835246	-0.891943	-0.943103	-0.970843	-0.976056	-0.967933	-0.933804	-0.871794	-0.789654	-0.698556	-0.603201	-0.495675	-0.391527	-0.313976	-0.255014	-0.202571	-0.157773	-0.124887	-0.116085	-0.132625	-0.147718	-0.141747	-0.125137	-0.115109	-0.126859	-0.1802	-0.279856	-0.39955	-0.505166	-0.578016	-0.605608	-0.572382	-0.476631	-0.345411	-0.219228	-0.124212	-0.0633009	-0.0279094	-0.0093918	0	
0	0.0841618	0.169966	0.24277	0.290792	0.330995	0.356303	0.357484	0.343471	0.319549	0.305285	0.290771	0.265959	0.262103	0.279571	0.298417	0.319574	0.336975	0.361274	0.409395	0.461511	0.497758	0.50898	0.510992	0.525861	0.563409	0.649359	0.767097	0.887569	0.979749	1.02541	1.01149	0.911365	0.736924	0.504532	0.256713	0.0039996	-0.232254	-0.432306	-0.563312	-0.603321	-0.553481	-0.447712	-0.315228	-0.205679	-0.126355	-0.0919203	-0.0971371	-0.129368	-0.181678	-0.25019	-0.321454	-0.396156	-0.476306	-0.553589	-0.634848	-0.709124	-0.776122	-0.840253	-0.897148	-0.93745	-0.963377	-0.979934	-0.968495	-0.933726	-0.887621	-0.819166	-0.730151	-0.631841	-0.536519	-0.447528	-0.355037	-0.272438	-0.219163	-0.183432	-0.151272	-0.123026	-0.1029	-0.1034	-0.125833	-0.143886	-0.139325	-0.123704	-0.114661	-0.127694	-0.182575	-0.283288	-0.402957	-0.507649	-0.579018	-0.604535	-0.568678	-0.470282	-0.337013	-0.209533	-0.1139	-0.053288	-0.0196651	-0.00466148	0	
0	0.017025	0.0376071	0.0477423	0.0408173	0.0329955	0.0164108	-0.0095329	-0.0331263	-0.0550087	-0.0639904	-0.0653775	-0.0684708	-0.0546467	-0.015299	0.0243273	0.0610487	0.0940456	0.133067	0.191363	0.253385	0.297153	0.313051	0.324103	0.342807	0.389335	0.479591	0.6021	0.723959	0.814859	0.859669	0.83981	0.736924	0.554413	0.319972	0.0652773	-0.190206	-0.431476	-0.635671	-0.768764	-0.8128	-0.766781	-0.664405	-0.540327	-0.433915	-0.360029	-0.329323	-0.33236	-0.362232	-0.411366	-0.471243	-0.534437	-0.606609	-0.676866	-0.737539	-0.801035	-0.856441	-0.903322	-0.941182	-0.966702	-0.973964	-0.963194	-0.940211	-0.891558	-0.824142	-0.750402	-0.663035	-0.566483	-0.471047	-0.38739	-0.316371	-0.245672	-0.186738	-0.155805	-0.138537	-0.120771	-0.103384	-0.0913287	-0.0977242	-0.123497	-0.142454	-0.137922	-0.12268	-0.114591	-0.129342	-0.186456	-0.288695	-0.408244	-0.511457	-0.580498	-0.602761	-0.562811	-0.46034	-0.32394	-0.194487	-0.0979081	-0.0377572	-0.00687583	0.00267647	0	
0	-0.0575008	-0.103861	-0.154262	-0.214638	-0.259987	-0.298958	-0.339941	-0.370493	-0.389586	-0.384111	-0.370352	-0.360471	-0.327791	-0.277872	-0.231365	-0.188547	-0.151577	-0.110182	-0.0468477	0.0160272	0.0603284	0.0794518	0.0909903	0.116253	0.165538	0.262097	0.386706	0.508481	0.598664	0.638392	0.616063	0.504532	0.319972	0.0789339	-0.175775	-0.434235	-0.675895	-0.877842	-1.00962	-1.04833	-0.998815	-0.895326	-0.767144	-0.662057	-0.586462	-0.552749	-0.554798	-0.581092	-0.622676	-0.676639	-0.729559	-0.782279	-0.833763	-0.877755	-0.92144	-0.950795	-0.965738	-0.971108	-0.961828	-0.93018	-0.884483	-0.831456	-0.75539	-0.668758	-0.586513	-0.499359	-0.410888	-0.330938	-0.268025	-0.21901	-0.169588	-0.131059	-0.117501	-0.112886	-0.104011	-0.09299	-0.0858075	-0.0960565	-0.123659	-0.142212	-0.136861	-0.121741	-0.114796	-0.131825	-0.191906	-0.296095	-0.415365	-0.516502	-0.582335	-0.600142	-0.554643	-0.446721	-0.306188	-0.174137	-0.076303	-0.0167731	0.0104056	0.0125908	0	
0	-0.113936	-0.217022	-0.317656	-0.416012	-0.491201	-0.550732	-0.600125	-0.629196	-0.641582	-0.634528	-0.61668	-0.600242	-0.567311	-0.512691	-0.465722	-0.423656	-0.386384	-0.343224	-0.280836	-0.217993	-0.176847	-0.15955	-0.146729	-0.121071	-0.0670238	0.0318947	0.158322	0.278828	0.365103	0.401932	0.371941	0.256713	0.0652773	-0.175775	-0.431796	-0.688754	-0.926657	-1.12534	-1.24836	-1.28045	-1.22485	-1.1148	-0.98625	-0.877749	-0.798893	-0.762671	-0.756041	-0.771181	-0.802181	-0.838968	-0.873199	-0.911516	-0.941861	-0.958402	-0.969736	-0.964944	-0.948011	-0.918596	-0.875464	-0.817023	-0.747969	-0.674909	-0.589273	-0.503914	-0.428185	-0.353013	-0.282928	-0.224623	-0.183493	-0.153896	-0.121391	-0.0982329	-0.0966596	-0.0995486	-0.0953979	-0.0877568	-0.083594	-0.0966608	-0.125224	-0.142488	-0.135792	-0.120763	-0.115296	-0.135256	-0.199043	-0.305525	-0.424258	-0.522659	-0.584364	-0.59648	-0.543989	-0.429323	-0.283756	-0.148556	-0.0491832	0.00956661	0.0320962	0.0250313	0	
0	-0.148745	-0.27784	-0.402704	-0.524001	-0.61391	-0.685875	-0.748398	-0.787107	-0.80643	-0.801647	-0.790137	-0.779708	-0.748444	-0.702495	-0.662594	-0.628976	-0.597187	-0.559451	-0.499174	-0.442508	-0.406275	-0.392521	-0.381208	-0.353814	-0.29712	-0.194865	-0.0674657	0.0498722	0.13335	0.162985	0.128276	0.0039996	-0.190206	-0.434235	-0.688754	-0.942415	-1.17693	-1.36564	-1.48004	-1.49939	-1.43253	-1.3148	-1.1774	-1.0626	-0.9771	-0.930588	-0.912818	-0.916029	-0.928682	-0.946541	-0.958715	-0.966922	-0.96479	-0.950297	-0.932446	-0.898348	-0.851172	-0.797075	-0.733852	-0.657125	-0.58019	-0.509134	-0.429001	-0.354576	-0.295751	-0.240369	-0.190505	-0.15202	-0.129391	-0.11445	-0.0934191	-0.080662	-0.0866677	-0.0933291	-0.0911826	-0.0851844	-0.0831611	-0.0986342	-0.127607	-0.142905	-0.134539	-0.119729	-0.116191	-0.139806	-0.208015	-0.317016	-0.434831	-0.529763	-0.586367	-0.591519	-0.53062	-0.408022	-0.256653	-0.117845	-0.016684	0.0411222	0.0580728	0.0399222	0	
0	-0.144942	-0.276901	-0.406059	-0.530737	-0.626562	-0.703591	-0.77386	-0.82311	-0.853288	-0.866953	-0.872429	-0.878128	-0.863801	-0.830782	-0.807439	-0.78614	-0.765472	-0.734583	-0.682462	-0.633093	-0.607145	-0.598236	-0.591101	-0.562995	-0.504908	-0.399647	-0.273651	-0.159132	-0.0821696	-0.0578913	-0.101692	-0.232254	-0.431476	-0.675895	-0.926657	-1.17693	-1.40124	-1.58049	-1.67885	-1.68224	-1.60184	-1.4698	-1.32282	-1.19812	-1.09974	-1.04029	-1.00547	-0.985852	-0.97581	-0.966816	-0.949994	-0.932565	-0.903827	-0.865098	-0.82175	-0.763281	-0.700343	-0.634055	-0.56359	-0.490342	-0.421827	-0.358728	-0.292741	-0.239421	-0.200084	-0.161906	-0.129587	-0.107667	-0.0984673	-0.0924153	-0.0781704	-0.0723576	-0.0829126	-0.0908518	-0.0891069	-0.0839071	-0.0837707	-0.101557	-0.130479	-0.143221	-0.133014	-0.118693	-0.117638	-0.145696	-0.218995	-0.330587	-0.446955	-0.5376	-0.588068	-0.584943	-0.514262	-0.382683	-0.224906	-0.0821356	0.0210147	0.0777008	0.0881598	0.057154	0	
0	-0.127024	-0.236368	-0.34652	-0.45731	-0.544673	-0.623323	-0.699738	-0.75676	-0.799163	-0.82827	-0.854749	-0.878657	-0.883031	-0.871615	-0.86732	-0.867197	-0.860302	-0.843302	-0.802403	-0.766826	-0.753596	-0.75467	-0.751829	-0.727197	-0.66628	-0.562003	-0.436282	-0.328874	-0.257206	-0.241937	-0.293801	-0.432306	-0.635671	-0.877842	-1.12534	-1.36564	-1.58049	-1.74214	-1.8215	-1.80371	-1.70298	-1.55346	-1.39189	-1.25095	-1.13772	-1.06113	-1.00456	-0.965303	-0.93267	-0.900162	-0.861523	-0.822758	-0.773454	-0.716582	-0.660254	-0.596019	-0.531161	-0.468299	-0.405919	-0.341314	-0.286718	-0.242439	-0.195098	-0.159225	-0.136008	-0.113069	-0.0940645	-0.0829907	-0.0822079	-0.0809537	-0.0704316	-0.0693174	-0.0824257	-0.0901231	-0.0879668	-0.0832776	-0.0851333	-0.105249	-0.13362	-0.143257	-0.131184	-0.11776	-0.11985	-0.153189	-0.232162	-0.346224	-0.460455	-0.545903	-0.58913	-0.576375	-0.494603	-0.353168	-0.188566	-0.0416026	0.0636799	0.119043	0.122114	0.0765731	0	
0	-0.0918654	-0.1738	-0.260693	-0.350796	-0.421341	-0.486122	-0.559815	-0.62077	-0.667431	-0.708988	-0.751145	-0.790598	-0.810332	-0.818679	-0.835423	-0.852922	-0.864157	-0.859525	-0.833508	-0.813863	-0.816522	-0.828134	-0.833412	-0.810153	-0.751181	-0.645257	-0.525401	-0.423502	-0.361409	-0.354533	-0.416547	-0.563312	-0.768764	-1.00962	-1.24836	-1.48004	-1.67885	-1.8215	-1.87755	-1.83449	-1.71215	-1.54333	-1.36526	-1.21027	-1.08267	-0.989289	-0.918044	-0.861499	-0.811738	-0.763822	-0.712838	-0.66309	-0.604084	-0.547302	-0.493551	-0.432288	-0.375753	-0.323456	-0.273551	-0.227097	-0.192042	-0.16161	-0.128357	-0.109497	-0.099191	-0.0851237	-0.0742269	-0.0706817	-0.0750282	-0.0753011	-0.0665942	-0.0691296	-0.0835843	-0.0900877	-0.087164	-0.0830432	-0.0871978	-0.109631	-0.136832	-0.142858	-0.129064	-0.117088	-0.123092	-0.162588	-0.24769	-0.363872	-0.475096	-0.554343	-0.589149	-0.565378	-0.471301	-0.319348	-0.147715	0.00353556	0.111017	0.16481	0.15961	0.0979722	0	
0	-0.0632804	-0.115008	-0.173154	-0.237373	-0.290515	-0.343574	-0.404101	-0.456199	-0.501372	-0.546693	-0.595666	-0.641338	-0.670907	-0.690119	-0.72097	-0.753819	-0.774309	-0.782107	-0.768551	-0.763923	-0.783535	-0.804809	-0.816874	-0.797205	-0.736318	-0.633698	-0.516876	-0.425384	-0.371719	-0.375822	-0.449185	-0.603321	-0.8128	-1.04833	-1.28045	-1.49939	-1.68224	-1.80371	-1.83449	-1.76667	-1.62416	-1.43712	-1.24945	-1.08442	-0.94796	-0.849129	-0.768178	-0.703704	-0.648572	-0.595803	-0.540791	-0.492165	-0.440097	-0.390442	-0.342592	-0.29268	-0.251401	-0.215321	-0.181209	-0.148879	-0.127783	-0.110469	-0.0902003	-0.0820799	-0.0782262	-0.0700055	-0.0648907	-0.0657594	-0.0722937	-0.072302	-0.0649079	-0.0706267	-0.0854601	-0.090166	-0.0864514	-0.0831814	-0.0900263	-0.114632	-0.139899	-0.141889	-0.12672	-0.116897	-0.127689	-0.174221	-0.265724	-0.383406	-0.490575	-0.562523	-0.587644	-0.551452	-0.443995	-0.281112	-0.102476	0.0530086	0.162658	0.214564	0.200222	0.121079	0	
0	-0.0359893	-0.0673325	-0.105521	-0.146151	-0.178254	-0.21495	-0.26548	-0.307242	-0.33854	-0.37862	-0.427215	-0.467488	-0.496732	-0.524658	-0.560479	-0.600354	-0.627592	-0.637321	-0.633117	-0.640074	-0.668998	-0.698598	-0.711134	-0.691891	-0.627918	-0.524875	-0.414339	-0.330761	-0.288801	-0.303809	-0.39049	-0.553481	-0.766781	-0.998815	-1.22485	-1.43253	-1.60184	-1.70298	-1.71215	-1.62416	-1.46493	-1.26888	-1.0767	-0.907563	-0.773734	-0.671951	-0.591481	-0.530294	-0.477719	-0.427984	-0.384129	-0.345654	-0.298339	-0.260381	-0.226911	-0.192561	-0.166011	-0.141339	-0.11906	-0.100756	-0.0917278	-0.0812898	-0.0683526	-0.0680266	-0.0683213	-0.0629012	-0.0606999	-0.0643534	-0.0718262	-0.0706016	-0.0644421	-0.0731071	-0.0875417	-0.0901003	-0.085774	-0.0837828	-0.0937192	-0.120147	-0.142575	-0.140249	-0.124284	-0.117472	-0.134022	-0.188431	-0.286359	-0.404622	-0.506511	-0.569969	-0.584059	-0.534046	-0.412319	-0.238385	-0.0530178	0.106489	0.218154	0.267757	0.243407	0.145546	0	
