0	0	0	0	0	0	0	0	0	0	0	0	0	0	0	0	0	0	0	0	0	0	0	0	0	0	0	0	0	0	0	0	0	0	0	0	0	0	0	0	0	0	0	0	0	0	0	0	0	0	0	0	0	0	0	0	0	0	0	0	0	0	0	0	0	0	0	0	0	0	0	0	0	0	0	0	0	0	0	0	0	0	0	0	0	0	0	0	0	0	0	0	0	0	0	0	0	0	0	0	
0	-0.0853529	-0.150855	-0.163512	-0.138236	-0.102455	-0.041616	0.0221071	0.0761121	0.152156	0.225532	0.275768	0.311243	0.334973	0.333038	0.286311	0.218371	0.147427	0.0776395	-0.00577532	-0.0948536	-0.168461	-0.205381	-0.199023	-0.163628	-0.117947	-0.0747979	-0.0448431	-0.0236986	-0.0135554	-0.00724942	-0.00472613	-0.00380087	-0.0024108	-0.00257911	-0.000949031	-5.11449e-05	0.00188141	0.00469672	0.00802132	0.0113618	0.0171159	0.0193104	0.0233157	0.024554	0.0208252	0.0170121	0.00962153	0.00152805	-0.00530169	-0.00123647	0.00667704	0.0236255	0.0398647	0.0441535	0.0387343	0.0123327	-0.00752349	-0.00342472	0.0122131	0.0601517	0.125232	0.159109	0.168467	0.16029	0.112459	0.0392693	-0.0338996	-0.115018	-0.200554	-0.262488	-0.296341	-0.317558	-0.320112	-0.286244	-0.222573	-0.153266	-0.0871327	-0.0138915	0.0705818	0.149907	0.199649	0.207447	0.1799	0.134694	0.0889377	0.0525706	0.0281323	0.0137502	0.0061825	0.0025724	0.000995415	0.000359765	0.000121897	3.88456e-05	1.16764e-05	3.31852e-06	8.9141e-07	2.15919e-07	0	
0	-0.150855	-0.258677	-0.291924	-0.270399	-0.201762	-0.0863867	0.0372503	0.170902	0.323935	0.464067	0.564586	0.622809	0.654584	0.631301	0.538737	0.409261	0.273974	0.135321	-0.0222154	-0.186173	-0.321754	-0.385537	-0.37331	-0.304835	-0.215184	-0.132873	-0.0706464	-0.0305342	-0.00776355	0.00427295	0.00965181	0.0124967	0.0134069	0.0147532	0.014761	0.0165815	0.0166538	0.0186899	0.0197237	0.0213298	0.0229055	0.0247609	0.024883	0.0265465	0.024803	0.023898	0.0190934	0.0182759	0.0153392	0.0177043	0.028435	0.041926	0.060798	0.066531	0.056312	0.0310216	0.00318912	0.0107562	0.0614313	0.141586	0.229924	0.294368	0.320364	0.294541	0.203066	0.0699735	-0.0761178	-0.236241	-0.39498	-0.513836	-0.585488	-0.625943	-0.624248	-0.55725	-0.437546	-0.302798	-0.168125	-0.0203846	0.143485	0.293747	0.387688	0.403352	0.352247	0.266502	0.178204	0.106819	0.0580185	0.0287982	0.0131539	0.00556082	0.00218648	0.000802964	0.000276428	8.94949e-05	2.73261e-05	7.88779e-06	2.15125e-06	5.28212e-07	0	
0	-0.163512	-0.291924	-0.364498	-0.368473	-0.287335	-0.14011	0.0582666	0.294377	0.51936	0.712588	0.848454	0.922977	0.943049	0.885355	0.757202	0.576674	0.381162	0.172156	-0.050358	-0.276263	-0.45377	-0.539097	-0.522165	-0.42828	-0.302243	-0.185043	-0.091541	-0.0329688	0.00454786	0.0219942	0.0318309	0.036123	0.0371306	0.0392641	0.0378243	0.038884	0.0368484	0.0356968	0.0324838	0.0299363	0.023914	0.0217317	0.0160683	0.0148341	0.0161448	0.0213609	0.0303283	0.0424011	0.0577106	0.0638297	0.0692394	0.060851	0.0522444	0.0514925	0.048413	0.0554024	0.061832	0.0806264	0.140769	0.226104	0.320524	0.403467	0.429311	0.377636	0.257681	0.0807962	-0.135152	-0.364367	-0.57772	-0.747025	-0.859385	-0.91353	-0.898233	-0.801029	-0.637381	-0.44298	-0.236725	-0.0142401	0.219005	0.425314	0.553894	0.577753	0.510384	0.392692	0.267886	0.164124	0.0912077	0.0463435	0.0216723	0.00937969	0.00377485	0.00141848	0.000499483	0.000165338	5.15944e-05	1.52137e-05	4.23578e-06	1.05919e-06	0	
0	-0.138236	-0.270399	-0.368473	-0.385712	-0.310715	-0.147307	0.113043	0.409974	0.682388	0.919688	1.09865	1.20452	1.21201	1.13281	0.975936	0.750732	0.486947	0.200205	-0.0923078	-0.370243	-0.579021	-0.686519	-0.670655	-0.564741	-0.414352	-0.265925	-0.14693	-0.0652811	-0.0151594	0.0115985	0.0252177	0.0311722	0.0335909	0.034132	0.0346596	0.0332597	0.0338366	0.0318808	0.0316169	0.0306806	0.0298976	0.029682	0.0315146	0.0324738	0.0389868	0.0439388	0.0574612	0.0660094	0.0786881	0.0847041	0.0827407	0.0730976	0.0503626	0.0436301	0.0570413	0.0922761	0.142905	0.190967	0.247259	0.31873	0.400793	0.468791	0.474388	0.404149	0.267295	0.0548301	-0.216169	-0.49375	-0.74596	-0.959256	-1.10754	-1.16647	-1.13185	-1.01023	-0.814122	-0.565597	-0.287262	0.00591884	0.294225	0.538449	0.690589	0.723485	0.649243	0.510808	0.35765	0.225327	0.128871	0.0673988	0.0324333	0.014437	0.00597192	0.00230491	0.000833008	0.000282799	9.04414e-05	2.73112e-05	7.7798e-06	1.98469e-06	0	
0	-0.102455	-0.201762	-0.287335	-0.310715	-0.239725	-0.062228	0.207836	0.508875	0.806477	1.08175	1.30863	1.43859	1.44459	1.35531	1.17365	0.912848	0.581996	0.22246	-0.133253	-0.442751	-0.676628	-0.797491	-0.793251	-0.686783	-0.524713	-0.353081	-0.212734	-0.107083	-0.0448787	-0.00590255	0.0114354	0.0204496	0.0247511	0.0244648	0.0273862	0.0256186	0.0290169	0.0294602	0.0340097	0.0374628	0.0453814	0.0508471	0.0619018	0.0684805	0.0781873	0.0821811	0.0841033	0.0840028	0.0780073	0.0738983	0.067812	0.0730121	0.0741732	0.076621	0.103859	0.158159	0.233906	0.307271	0.367947	0.418789	0.456051	0.475956	0.458009	0.376974	0.220109	-0.0192354	-0.316273	-0.619334	-0.901128	-1.14727	-1.31657	-1.3723	-1.32022	-1.18079	-0.958785	-0.661075	-0.316252	0.0368634	0.363192	0.627673	0.793365	0.83678	0.765695	0.618772	0.446669	0.290596	0.171683	0.0927168	0.0460365	0.0211242	0.00899836	0.00357272	0.00132693	0.000462497	0.000151716	4.69511e-05	1.36909e-05	3.5643e-06	0	
0	-0.041616	-0.0863867	-0.14011	-0.147307	-0.062228	0.107473	0.342342	0.626178	0.93548	1.22958	1.46741	1.59776	1.60644	1.50604	1.31152	1.02274	0.64556	0.235874	-0.152056	-0.474368	-0.715453	-0.84345	-0.856923	-0.760469	-0.598316	-0.415989	-0.254893	-0.132101	-0.0521239	-0.00377834	0.0216559	0.0344163	0.0411701	0.0441307	0.0468341	0.0493411	0.051596	0.0557207	0.0593255	0.0646106	0.0704937	0.0765174	0.0831872	0.0892391	0.0920258	0.0965912	0.0905948	0.0856449	0.0777708	0.0705947	0.0678911	0.0827276	0.114516	0.14776	0.189147	0.251944	0.339423	0.42091	0.469981	0.487287	0.473281	0.441293	0.391335	0.287814	0.109935	-0.13489	-0.429292	-0.743073	-1.04446	-1.3028	-1.47384	-1.52431	-1.46245	-1.30889	-1.06191	-0.721545	-0.324172	0.0713728	0.418366	0.689069	0.861249	0.917186	0.858545	0.714945	0.533658	0.359412	0.219775	0.122741	0.0629521	0.0297998	0.0130786	0.00534351	0.00203985	0.000729972	0.000245604	7.78826e-05	2.32436e-05	6.17361e-06	0	
0	0.0221071	0.0372503	0.0582666	0.113043	0.207836	0.342342	0.528188	0.785569	1.08804	1.36238	1.5713	1.68988	1.69589	1.58984	1.38389	1.07204	0.671496	0.240016	-0.155957	-0.479237	-0.713803	-0.852081	-0.882581	-0.80695	-0.653836	-0.468741	-0.291445	-0.152796	-0.0540385	0.00472867	0.0395152	0.0570747	0.0664113	0.0728255	0.0757496	0.0810306	0.0829822	0.0882187	0.0899745	0.0938289	0.0949055	0.0957805	0.0945296	0.0936902	0.0880808	0.0865225	0.0844593	0.0807688	0.0833063	0.0916848	0.101078	0.125574	0.179165	0.247916	0.314274	0.370275	0.433132	0.497732	0.527103	0.510639	0.454404	0.371999	0.272593	0.13637	-0.0489531	-0.278242	-0.555874	-0.86834	-1.16929	-1.41484	-1.57382	-1.6225	-1.55763	-1.38892	-1.11614	-0.744397	-0.316196	0.10018	0.452766	0.721019	0.896282	0.966939	0.928233	0.798165	0.617026	0.430661	0.272751	0.157583	0.083492	0.0407687	0.0184306	0.00774626	0.0030382	0.0011158	0.000384886	0.000125004	3.81639e-05	1.03362e-05	0	
0	0.0761121	0.170902	0.294377	0.409974	0.508875	0.626178	0.785569	1.01218	1.26308	1.47345	1.6377	1.73464	1.73577	1.62069	1.39614	1.06776	0.660743	0.231541	-0.160439	-0.473441	-0.702712	-0.847355	-0.896528	-0.84461	-0.707555	-0.523009	-0.335946	-0.178743	-0.0638278	0.00895772	0.0524888	0.0744335	0.0868091	0.0925257	0.0961424	0.0992783	0.100625	0.103037	0.103972	0.103107	0.103281	0.0990807	0.094005	0.0901589	0.0823213	0.0775894	0.0805225	0.0882496	0.104756	0.142413	0.185547	0.224499	0.28234	0.356507	0.429659	0.47914	0.504874	0.526418	0.528071	0.486227	0.392968	0.2572	0.105866	-0.0539498	-0.234126	-0.444298	-0.698967	-0.988435	-1.26198	-1.47769	-1.62035	-1.66928	-1.60156	-1.41495	-1.11993	-0.734306	-0.301112	0.114626	0.46192	0.724483	0.902667	0.990019	0.976393	0.867764	0.695076	0.502816	0.32977	0.197028	0.107787	0.0542602	0.0252518	0.0109108	0.00439392	0.00165504	0.000584915	0.000194448	6.06915e-05	1.6751e-05	0	
0	0.152156	0.323935	0.51936	0.682388	0.806477	0.93548	1.08804	1.26308	1.42997	1.58393	1.71134	1.77929	1.757	1.61482	1.36438	1.01774	0.622302	0.209364	-0.165298	-0.467122	-0.69034	-0.841638	-0.908006	-0.882715	-0.763866	-0.587509	-0.391886	-0.220131	-0.0870227	-0.000226942	0.0530584	0.0807476	0.0936248	0.100329	0.0996759	0.100802	0.0976341	0.0946543	0.093161	0.087873	0.085587	0.0855104	0.0810166	0.0866287	0.0924248	0.100132	0.119649	0.14691	0.176183	0.222162	0.29269	0.353898	0.403954	0.457615	0.509774	0.54096	0.539124	0.518157	0.476362	0.397952	0.271865	0.0995927	-0.0848885	-0.258269	-0.43526	-0.629867	-0.848569	-1.08725	-1.31338	-1.49528	-1.62072	-1.66413	-1.5881	-1.38524	-1.08002	-0.702322	-0.288689	0.109034	0.444905	0.702666	0.885737	0.991191	1.00538	0.923574	0.766221	0.574138	0.389655	0.240565	0.135776	0.0704072	0.0337034	0.0149588	0.00618058	0.00238584	0.000863267	0.000293539	9.3601e-05	2.63089e-05	0	
0	0.225532	0.464067	0.712588	0.919688	1.08175	1.22958	1.36238	1.47345	1.58393	1.70798	1.79554	1.81905	1.75915	1.59294	1.31696	0.97461	0.607475	0.219355	-0.135191	-0.432592	-0.660106	-0.825008	-0.913417	-0.920466	-0.826038	-0.666101	-0.46877	-0.285634	-0.137847	-0.0341207	0.0269867	0.0649827	0.0784246	0.0886807	0.0884657	0.0880203	0.0879415	0.0831817	0.0833505	0.0831751	0.0809601	0.0901827	0.0967592	0.109713	0.137811	0.164181	0.200114	0.251845	0.300801	0.341079	0.397051	0.459532	0.503345	0.53047	0.553958	0.559648	0.521147	0.451811	0.36339	0.248026	0.101377	-0.0824188	-0.282924	-0.469721	-0.645527	-0.816326	-0.98179	-1.1533	-1.32647	-1.47534	-1.57742	-1.60323	-1.51497	-1.30648	-1.01066	-0.662314	-0.286712	0.0819154	0.404236	0.660255	0.851007	0.975232	1.01789	0.965896	0.829168	0.642891	0.451033	0.287445	0.167212	0.0892315	0.0438948	0.0199944	0.00846832	0.00334735	0.00123901	0.000430591	0.000140165	4.0092e-05	0	
0	0.275768	0.564586	0.848454	1.09865	1.30863	1.46741	1.5713	1.6377	1.71134	1.79554	1.83426	1.82162	1.74432	1.56824	1.29841	0.992128	0.654066	0.29656	-0.0434849	-0.346985	-0.592926	-0.774403	-0.898041	-0.934569	-0.877617	-0.736771	-0.548586	-0.357297	-0.197841	-0.0787564	-0.00575422	0.0397557	0.062123	0.0731002	0.0818083	0.0830244	0.0904442	0.095583	0.101466	0.116672	0.126354	0.145383	0.171127	0.192682	0.227971	0.270768	0.307131	0.356321	0.41766	0.461688	0.499609	0.538083	0.564786	0.564946	0.542794	0.50969	0.437981	0.325308	0.197359	0.0573509	-0.097462	-0.280038	-0.487089	-0.681372	-0.843769	-0.97524	-1.08121	-1.18767	-1.30912	-1.41973	-1.48677	-1.48551	-1.38954	-1.19414	-0.929382	-0.626592	-0.299016	0.0357469	0.344855	0.602508	0.803496	0.946433	1.01665	0.995457	0.88304	0.707506	0.51247	0.336743	0.201673	0.110637	0.0558717	0.0260938	0.0113181	0.00457699	0.0017316	0.000614535	0.000204045	5.93485e-05	0	
0	0.311243	0.622809	0.922977	1.20452	1.43859	1.59776	1.68988	1.73464	1.77929	1.81905	1.82162	1.79155	1.70226	1.53666	1.30789	1.04494	0.742655	0.426061	0.0995609	-0.211792	-0.470082	-0.675169	-0.827928	-0.893955	-0.876304	-0.757284	-0.583221	-0.38964	-0.217252	-0.0879359	0.00267717	0.0530217	0.0878669	0.101416	0.116877	0.124919	0.1352	0.151179	0.162941	0.186048	0.210544	0.234892	0.273667	0.308027	0.344862	0.391284	0.435483	0.46706	0.512753	0.549003	0.56677	0.575948	0.566317	0.532711	0.468535	0.389606	0.288557	0.152599	0.00243428	-0.154137	-0.316954	-0.493829	-0.689703	-0.86939	-1.00189	-1.08963	-1.14503	-1.19554	-1.2619	-1.32282	-1.34647	-1.31968	-1.22968	-1.06815	-0.851806	-0.60278	-0.325219	-0.0243473	0.272772	0.534479	0.747391	0.908385	1.00426	1.01333	0.927422	0.766714	0.572585	0.387436	0.238599	0.134409	0.0696071	0.0332965	0.014776	0.00610734	0.00235949	0.000854357	0.000289103	8.54389e-05	0	
0	0.334973	0.654584	0.943049	1.21201	1.44459	1.60644	1.69589	1.73577	1.757	1.75915	1.74432	1.70226	1.62012	1.497	1.33063	1.12071	0.869802	0.597597	0.283309	-0.024805	-0.296952	-0.525819	-0.699125	-0.798885	-0.815063	-0.722505	-0.567238	-0.37319	-0.193767	-0.0519299	0.0531113	0.112262	0.157667	0.177222	0.199014	0.213632	0.230081	0.249735	0.272294	0.292698	0.328158	0.351797	0.390345	0.428315	0.463895	0.499657	0.539494	0.56177	0.575547	0.585582	0.57097	0.543147	0.496745	0.425445	0.326942	0.218408	0.100876	-0.0487816	-0.216148	-0.383834	-0.546603	-0.704479	-0.866393	-1.01076	-1.10789	-1.15964	-1.17559	-1.1733	-1.17674	-1.1805	-1.16435	-1.12548	-1.05863	-0.946725	-0.787802	-0.593023	-0.361867	-0.0922795	0.19385	0.460543	0.68598	0.863963	0.9831	1.02086	0.962354	0.819606	0.630152	0.438481	0.277328	0.160231	0.0849983	0.0415994	0.0188676	0.00796283	0.00313844	0.0011584	0.000399128	0.000119752	0	
0	0.333038	0.631301	0.885355	1.13281	1.35531	1.50604	1.58984	1.62069	1.61482	1.59294	1.56824	1.53666	1.497	1.44428	1.35614	1.20703	1.0176	0.780261	0.488285	0.185595	-0.0998382	-0.346804	-0.536963	-0.670498	-0.710582	-0.652109	-0.510913	-0.32283	-0.137813	0.0181533	0.131975	0.206933	0.254635	0.286798	0.307997	0.330733	0.350616	0.372006	0.401122	0.422343	0.45506	0.483052	0.507885	0.537462	0.559189	0.574587	0.586973	0.589282	0.574206	0.548772	0.499134	0.434798	0.35898	0.266633	0.14702	0.010462	-0.123725	-0.276203	-0.447671	-0.614767	-0.761232	-0.882251	-0.996201	-1.10053	-1.16701	-1.18827	-1.16591	-1.10883	-1.04788	-1.00036	-0.960307	-0.927923	-0.897572	-0.841791	-0.740611	-0.59521	-0.404174	-0.162411	0.113034	0.384212	0.621775	0.815425	0.955293	1.01952	0.988268	0.865652	0.684159	0.488875	0.317135	0.187694	0.10187	0.0509525	0.0235939	0.0101567	0.00407989	0.00153354	0.00053751	0.00016359	0	
0	0.286311	0.538737	0.757202	0.975936	1.17365	1.31152	1.38389	1.39614	1.36438	1.31696	1.29841	1.30789	1.33063	1.35614	1.33976	1.26128	1.12735	0.929214	0.670584	0.379915	0.0922473	-0.160393	-0.36438	-0.516946	-0.578633	-0.548456	-0.420694	-0.240869	-0.0506782	0.117307	0.239145	0.32812	0.377812	0.416783	0.437752	0.459372	0.477943	0.495565	0.51615	0.535476	0.553103	0.572363	0.584716	0.593629	0.594654	0.585744	0.566578	0.534929	0.489246	0.441127	0.368396	0.275056	0.172484	0.0588774	-0.0729594	-0.222923	-0.369077	-0.517334	-0.67124	-0.813676	-0.930445	-1.01241	-1.07977	-1.1452	-1.18123	-1.16828	-1.10345	-0.995248	-0.88284	-0.803012	-0.759723	-0.74897	-0.760056	-0.757736	-0.708398	-0.605105	-0.447555	-0.230367	0.0340374	0.308164	0.556678	0.764542	0.922694	1.01086	1.00591	0.904686	0.733846	0.537713	0.357282	0.21633	0.11998	0.0612587	0.0289281	0.0126887	0.0051893	0.00198438	0.000706866	0.000218041	0	
0	0.218371	0.409261	0.576674	0.750732	0.912848	1.02274	1.07204	1.06776	1.01774	0.97461	0.992128	1.04494	1.12071	1.20703	1.26128	1.24572	1.16355	1.01373	0.791187	0.523157	0.243612	-0.00764259	-0.21981	-0.380222	-0.46394	-0.451651	-0.342118	-0.168285	0.025411	0.200581	0.335209	0.428854	0.486923	0.523469	0.544865	0.560949	0.571757	0.581402	0.589233	0.592707	0.595391	0.592548	0.582086	0.571453	0.547963	0.51597	0.476833	0.425207	0.347307	0.267795	0.178859	0.0678755	-0.0541785	-0.181845	-0.320524	-0.472647	-0.610313	-0.733792	-0.855457	-0.963037	-1.0464	-1.09528	-1.12199	-1.14474	-1.1415	-1.08852	-0.984696	-0.842061	-0.702997	-0.614231	-0.584119	-0.601649	-0.650781	-0.693148	-0.686822	-0.61827	-0.488517	-0.293266	-0.0406228	0.234365	0.492162	0.712724	0.886907	0.99641	1.01623	0.936851	0.778713	0.584224	0.39705	0.245626	0.139034	0.0723764	0.0348151	0.0155426	0.00646481	0.00251244	0.000908659	0.000283829	0	
0	0.147427	0.273974	0.381162	0.486947	0.581996	0.64556	0.671496	0.660743	0.622302	0.607475	0.654066	0.742655	0.869802	1.0176	1.12735	1.16355	1.13299	1.0201	0.832577	0.587612	0.31857	0.0684003	-0.143195	-0.313642	-0.40752	-0.41505	-0.318205	-0.152312	0.0432664	0.22683	0.368291	0.47154	0.528985	0.568266	0.582321	0.592801	0.594866	0.591748	0.588565	0.57896	0.562083	0.547451	0.514649	0.480061	0.4373	0.379529	0.311321	0.24383	0.153989	0.0520169	-0.0573091	-0.181409	-0.311268	-0.440613	-0.565406	-0.696182	-0.812963	-0.904696	-0.988701	-1.0621	-1.11459	-1.13114	-1.11474	-1.08766	-1.0397	-0.951029	-0.82452	-0.673146	-0.534114	-0.454715	-0.445133	-0.489142	-0.567718	-0.643702	-0.6713	-0.631235	-0.524917	-0.34955	-0.109422	0.164224	0.42939	0.661121	0.84931	0.977619	1.0203	0.962544	0.818506	0.627795	0.435778	0.27506	0.158697	0.0841247	0.0411719	0.0186865	0.00789629	0.00311553	0.00114286	0.000361178	0	
0	0.0776395	0.135321	0.172156	0.200205	0.22246	0.235874	0.240016	0.231541	0.209364	0.219355	0.29656	0.426061	0.597597	0.780261	0.929214	1.01373	1.0201	0.941858	0.790428	0.569907	0.313079	0.07292	-0.141918	-0.312102	-0.418316	-0.439214	-0.357047	-0.198449	-0.00343101	0.18671	0.335222	0.444284	0.505246	0.540692	0.552617	0.552361	0.544963	0.53108	0.509502	0.489275	0.453182	0.420308	0.3742	0.320675	0.258141	0.187687	0.0990266	0.00636833	-0.0980064	-0.20983	-0.318853	-0.439596	-0.560671	-0.672755	-0.774428	-0.87626	-0.964429	-1.02485	-1.0738	-1.11207	-1.12959	-1.10872	-1.04559	-0.96845	-0.883485	-0.776853	-0.651279	-0.515429	-0.395522	-0.33423	-0.344074	-0.407591	-0.505533	-0.60466	-0.658299	-0.641865	-0.55579	-0.398652	-0.171576	0.0987161	0.369298	0.610688	0.811076	0.955818	1.01927	0.982345	0.853193	0.667973	0.472877	0.304116	0.178607	0.0962913	0.0478902	0.0220719	0.00946491	0.00378729	0.00140766	0.000449696	0	
0	-0.00577532	-0.0222154	-0.050358	-0.0923078	-0.133253	-0.152056	-0.155957	-0.160439	-0.165298	-0.135191	-0.0434849	0.0995609	0.283309	0.488285	0.670584	0.791187	0.832577	0.790428	0.672472	0.474265	0.235735	-0.000112555	-0.213555	-0.385087	-0.501399	-0.534617	-0.465999	-0.317492	-0.121412	0.0699397	0.228686	0.339925	0.40628	0.438881	0.446788	0.440442	0.421682	0.398475	0.363222	0.3275	0.277753	0.225898	0.162719	0.092171	0.0153897	-0.0703819	-0.162729	-0.257403	-0.360764	-0.470891	-0.57164	-0.671863	-0.772118	-0.862833	-0.933878	-1.00243	-1.06446	-1.09599	-1.10727	-1.10326	-1.07754	-1.01661	-0.914271	-0.80192	-0.699453	-0.597256	-0.49309	-0.38771	-0.295004	-0.251997	-0.275323	-0.350011	-0.458428	-0.572271	-0.645712	-0.649227	-0.581014	-0.44065	-0.226815	0.0384874	0.31264	0.562226	0.773201	0.932201	1.01424	0.996957	0.88292	0.704466	0.507854	0.332307	0.198394	0.108641	0.0548403	0.0256358	0.0111432	0.00451702	0.00169934	0.000548286	0	
0	-0.0948536	-0.186173	-0.276263	-0.370243	-0.442751	-0.474368	-0.479237	-0.473441	-0.467122	-0.432592	-0.346985	-0.211792	-0.024805	0.185595	0.379915	0.523157	0.587612	0.569907	0.474265	0.297972	0.0716073	-0.15875	-0.370233	-0.543117	-0.666835	-0.709724	-0.65548	-0.514233	-0.321661	-0.126971	0.03765	0.152698	0.222465	0.252152	0.257482	0.242466	0.217305	0.182557	0.139282	0.0921304	0.0341042	-0.0271732	-0.0961719	-0.173705	-0.253954	-0.33846	-0.432564	-0.519024	-0.606561	-0.700442	-0.781588	-0.860046	-0.933041	-0.997888	-1.04531	-1.08144	-1.10818	-1.10287	-1.07157	-1.02326	-0.956519	-0.864573	-0.741655	-0.618079	-0.520434	-0.439924	-0.367519	-0.296356	-0.230038	-0.200799	-0.230624	-0.309345	-0.421695	-0.544158	-0.632655	-0.653236	-0.600976	-0.475997	-0.275207	-0.0160752	0.260019	0.516412	0.736524	0.907815	1.00628	1.00715	0.907974	0.737123	0.540311	0.35919	0.217693	0.120924	0.0618759	0.0293023	0.0128959	0.00528981	0.0020122	0.000655117	0	
0	-0.168461	-0.321754	-0.45377	-0.579021	-0.676628	-0.715453	-0.713803	-0.702712	-0.69034	-0.660106	-0.592926	-0.470082	-0.296952	-0.0998382	0.0922473	0.243612	0.31857	0.313079	0.235735	0.0716073	-0.14557	-0.373472	-0.586715	-0.76334	-0.893749	-0.949426	-0.906897	-0.776423	-0.587214	-0.390615	-0.221665	-0.100645	-0.0288118	0.00270484	0.00514643	-0.0121057	-0.0433138	-0.0809947	-0.131608	-0.180162	-0.242556	-0.304021	-0.370013	-0.442512	-0.51532	-0.587533	-0.666018	-0.743276	-0.810268	-0.883375	-0.944243	-0.997117	-1.04602	-1.08213	-1.0941	-1.09098	-1.07981	-1.03597	-0.962786	-0.876706	-0.783733	-0.681852	-0.56224	-0.449063	-0.371039	-0.31934	-0.279001	-0.237867	-0.192512	-0.171494	-0.20217	-0.28	-0.392115	-0.519098	-0.61906	-0.654306	-0.616319	-0.505324	-0.317035	-0.0647842	0.211896	0.473813	0.701752	0.883568	0.996375	1.0137	0.928738	0.765913	0.569944	0.384371	0.236153	0.132887	0.0688405	0.0329857	0.014681	0.00608698	0.00233871	0.000767639	0	
0	-0.205381	-0.385537	-0.539097	-0.686519	-0.797491	-0.84345	-0.852081	-0.847355	-0.841638	-0.825008	-0.774403	-0.675169	-0.525819	-0.346804	-0.160393	-0.00764259	0.0684003	0.07292	-0.000112555	-0.15875	-0.373472	-0.606454	-0.827622	-1.0097	-1.15442	-1.21993	-1.19453	-1.07408	-0.889835	-0.694483	-0.517768	-0.394991	-0.313561	-0.282261	-0.274049	-0.291035	-0.319662	-0.35521	-0.401076	-0.448976	-0.500782	-0.560856	-0.61692	-0.679803	-0.741769	-0.801162	-0.859775	-0.915952	-0.96616	-1.01731	-1.05358	-1.07662	-1.08995	-1.09206	-1.06943	-1.02403	-0.971704	-0.895367	-0.796547	-0.693687	-0.595629	-0.503501	-0.405106	-0.315356	-0.261831	-0.23687	-0.222488	-0.203905	-0.173265	-0.156016	-0.184001	-0.258158	-0.36774	-0.496625	-0.605294	-0.653082	-0.627773	-0.529328	-0.352697	-0.107604	0.168613	0.4349	0.669475	0.86023	0.985394	1.01738	0.945657	0.7909	0.596538	0.407514	0.253449	0.144283	0.0755724	0.0365941	0.0164515	0.00688679	0.00266973	0.000882667	0	
0	-0.199023	-0.37331	-0.522165	-0.670655	-0.793251	-0.856923	-0.882581	-0.896528	-0.908006	-0.913417	-0.898041	-0.827928	-0.699125	-0.536963	-0.36438	-0.21981	-0.143195	-0.141918	-0.213555	-0.370233	-0.586715	-0.827622	-1.05381	-1.24926	-1.40115	-1.48261	-1.46985	-1.36099	-1.18331	-0.986532	-0.807846	-0.67631	-0.592347	-0.552274	-0.542844	-0.553898	-0.578438	-0.610484	-0.648608	-0.689121	-0.733644	-0.778728	-0.824056	-0.872577	-0.918327	-0.961124	-1.00567	-1.04202	-1.06058	-1.08177	-1.08852	-1.07813	-1.05516	-1.01849	-0.959917	-0.88161	-0.803993	-0.713667	-0.608766	-0.509247	-0.425091	-0.356361	-0.286463	-0.222295	-0.190412	-0.185616	-0.189222	-0.185779	-0.164725	-0.148502	-0.172148	-0.24145	-0.347473	-0.476665	-0.591887	-0.650268	-0.636068	-0.548699	-0.382653	-0.14461	0.130405	0.400055	0.640183	0.838449	0.974112	1.01891	0.959198	0.812219	0.619953	0.42834	0.269285	0.154873	0.0819114	0.0400328	0.0181574	0.00766535	0.00299498	0.000996516	0	
0	-0.163628	-0.304835	-0.42828	-0.564741	-0.686783	-0.760469	-0.80695	-0.84461	-0.882715	-0.920466	-0.934569	-0.893955	-0.798885	-0.670498	-0.516946	-0.380222	-0.313642	-0.312102	-0.385087	-0.543117	-0.76334	-1.0097	-1.24926	-1.45114	-1.6185	-1.71044	-1.71358	-1.61505	-1.4441	-1.24833	-1.06494	-0.929352	-0.835961	-0.792668	-0.773719	-0.780505	-0.798073	-0.821204	-0.853421	-0.884387	-0.91664	-0.954948	-0.983332	-1.01488	-1.04277	-1.06016	-1.07194	-1.08335	-1.07707	-1.06479	-1.03652	-0.990398	-0.93454	-0.86994	-0.790598	-0.697454	-0.612461	-0.526598	-0.435133	-0.354407	-0.292617	-0.249888	-0.207218	-0.164685	-0.148139	-0.156084	-0.170694	-0.176713	-0.161746	-0.145235	-0.164191	-0.22848	-0.330705	-0.459295	-0.579371	-0.646535	-0.641874	-0.564077	-0.407373	-0.175946	0.0974217	0.369581	0.614277	0.818763	0.963191	1.01894	0.969823	0.830048	0.640112	0.446625	0.283406	0.16444	0.0877043	0.0432082	0.019748	0.00839782	0.00330345	0.00110519	0	
0	-0.117947	-0.215184	-0.302243	-0.414352	-0.524713	-0.598316	-0.653836	-0.707555	-0.763866	-0.826038	-0.877617	-0.876304	-0.815063	-0.710582	-0.578633	-0.46394	-0.40752	-0.418316	-0.501399	-0.666835	-0.893749	-1.15442	-1.40115	-1.6185	-1.79439	-1.90065	-1.91528	-1.82784	-1.66218	-1.46786	-1.28101	-1.13945	-1.04098	-0.988405	-0.965383	-0.962138	-0.971685	-0.986528	-1.003	-1.02309	-1.03783	-1.05475	-1.06558	-1.07458	-1.07689	-1.0729	-1.06023	-1.03762	-0.996266	-0.953436	-0.900893	-0.832457	-0.757277	-0.681907	-0.59972	-0.508574	-0.434138	-0.36795	-0.298671	-0.240709	-0.201897	-0.181645	-0.159867	-0.132478	-0.125138	-0.139993	-0.160629	-0.17231	-0.161284	-0.144079	-0.158732	-0.218425	-0.317077	-0.444622	-0.568213	-0.642476	-0.645786	-0.576034	-0.427306	-0.201801	0.0697432	0.343715	0.592082	0.80161	0.953188	1.01804	0.977968	0.844584	0.656981	0.462191	0.295588	0.172787	0.0928094	0.0460319	0.0211742	0.00905959	0.00358409	0.00120458	0	
0	-0.0747979	-0.132873	-0.185043	-0.265925	-0.353081	-0.415989	-0.468741	-0.523009	-0.587509	-0.666101	-0.736771	-0.757284	-0.722505	-0.652109	-0.548456	-0.451651	-0.41505	-0.439214	-0.534617	-0.709724	-0.949426	-1.21993	-1.48261	-1.71044	-1.90065	-2.01823	-2.04671	-1.96792	-1.80998	-1.61514	-1.42686	-1.27896	-1.17296	-1.11376	-1.07942	-1.06858	-1.06565	-1.06733	-1.07184	-1.07378	-1.07154	-1.07055	-1.05682	-1.04093	-1.01905	-0.984032	-0.943498	-0.902501	-0.84357	-0.782999	-0.715839	-0.640243	-0.564591	-0.492297	-0.422734	-0.350491	-0.294725	-0.249872	-0.20391	-0.1674	-0.146615	-0.14204	-0.134194	-0.116152	-0.113472	-0.131471	-0.155106	-0.170127	-0.161749	-0.143886	-0.154967	-0.210779	-0.306349	-0.432726	-0.558786	-0.638586	-0.648305	-0.585061	-0.442857	-0.222372	0.047403	0.322633	0.573855	0.78734	0.944556	1.01669	0.984022	0.856024	0.670562	0.474907	0.305652	0.179748	0.0971014	0.0484235	0.0223904	0.00962753	0.00382631	0.00129076	0	
0	-0.0448431	-0.0706464	-0.091541	-0.14693	-0.212734	-0.254893	-0.291445	-0.335946	-0.391886	-0.46877	-0.548586	-0.583221	-0.567238	-0.510913	-0.420694	-0.342118	-0.318205	-0.357047	-0.465999	-0.65548	-0.906897	-1.19453	-1.46985	-1.71358	-1.91528	-2.04671	-2.08536	-2.0173	-1.8631	-1.67099	-1.47857	-1.32585	-1.21268	-1.14332	-1.10116	-1.07654	-1.06222	-1.04946	-1.03592	-1.02249	-1.00007	-0.978845	-0.947762	-0.913791	-0.873339	-0.827177	-0.77216	-0.717235	-0.649986	-0.58564	-0.523789	-0.455419	-0.39127	-0.337732	-0.286609	-0.231762	-0.196704	-0.174031	-0.146638	-0.124716	-0.115715	-0.120956	-0.121515	-0.108662	-0.107894	-0.12698	-0.151968	-0.168965	-0.162408	-0.144068	-0.152422	-0.205213	-0.298344	-0.423654	-0.55137	-0.635258	-0.649839	-0.591558	-0.454371	-0.237845	0.0304034	0.306465	0.559793	0.776225	0.937654	1.0153	0.988313	0.864551	0.680874	0.484675	0.313452	0.185183	0.100475	0.0503143	0.0233571	0.0100812	0.00402068	0.00136016	0	
0	-0.0236986	-0.0305342	-0.0329688	-0.0652811	-0.107083	-0.132101	-0.152796	-0.178743	-0.220131	-0.285634	-0.357297	-0.38964	-0.37319	-0.32283	-0.240869	-0.168285	-0.152312	-0.198449	-0.317492	-0.514233	-0.776423	-1.07408	-1.36099	-1.61505	-1.82784	-1.96792	-2.0173	-1.9548	-1.80675	-1.61413	-1.42077	-1.26316	-1.14359	-1.06802	-1.01569	-0.983689	-0.957454	-0.934409	-0.909377	-0.883557	-0.849332	-0.817104	-0.774401	-0.729719	-0.682958	-0.629609	-0.574846	-0.523294	-0.463102	-0.40949	-0.358955	-0.307231	-0.260085	-0.221915	-0.191567	-0.157961	-0.13827	-0.128718	-0.113908	-0.102275	-0.100457	-0.110799	-0.115654	-0.105415	-0.105349	-0.124676	-0.150189	-0.168303	-0.162951	-0.144326	-0.150813	-0.201504	-0.29293	-0.417426	-0.54616	-0.632786	-0.650695	-0.595834	-0.462119	-0.248381	0.0187312	0.295299	0.55004	0.768464	0.932747	1.01415	0.9911	0.870315	0.687941	0.491428	0.31888	0.188986	0.102846	0.0516494	0.0240424	0.010404	0.00415941	0.00140982	0	
0	-0.0135554	-0.00776355	0.00454786	-0.0151594	-0.0448787	-0.0521239	-0.0540385	-0.0638278	-0.0870227	-0.137847	-0.197841	-0.217252	-0.193767	-0.137813	-0.0506782	0.025411	0.0432664	-0.00343101	-0.121412	-0.321661	-0.587214	-0.889835	-1.18331	-1.4441	-1.66218	-1.80998	-1.8631	-1.80675	-1.65994	-1.46867	-1.27366	-1.11277	-0.990125	-0.90852	-0.852503	-0.813462	-0.782726	-0.75323	-0.7235	-0.692477	-0.655442	-0.620585	-0.577494	-0.535916	-0.491871	-0.4454	-0.396859	-0.358159	-0.311217	-0.270078	-0.23684	-0.200931	-0.171464	-0.15216	-0.135169	-0.112345	-0.104364	-0.105612	-0.0984757	-0.091597	-0.0929613	-0.106018	-0.11327	-0.104246	-0.104281	-0.123577	-0.149287	-0.167966	-0.16328	-0.144513	-0.149969	-0.19951	-0.290014	-0.414045	-0.543284	-0.631366	-0.651089	-0.5981	-0.46629	-0.254094	0.0123696	0.289193	0.544692	0.764191	0.930015	1.01347	0.992564	0.873424	0.691788	0.495124	0.321863	0.191083	0.104158	0.0523896	0.0244233	0.0105838	0.00423685	0.00143758	0	
0	-0.00724942	0.00427295	0.0219942	0.0115985	-0.00590255	-0.00377834	0.00472867	0.00895772	-0.000226942	-0.0341207	-0.0787564	-0.0879359	-0.0519299	0.0181533	0.117307	0.200581	0.22683	0.18671	0.0699397	-0.126971	-0.390615	-0.694483	-0.986532	-1.24833	-1.46786	-1.61514	-1.67099	-1.61413	-1.46867	-1.27757	-1.08169	-0.921474	-0.796733	-0.715659	-0.657825	-0.618865	-0.587189	-0.558643	-0.528268	-0.500915	-0.464951	-0.434994	-0.399012	-0.363608	-0.330421	-0.297124	-0.263366	-0.233989	-0.200843	-0.17671	-0.157905	-0.136812	-0.118634	-0.1089	-0.103416	-0.0904233	-0.0886938	-0.094077	-0.0903342	-0.0866152	-0.0902902	-0.104463	-0.11225	-0.103639	-0.103967	-0.123376	-0.149094	-0.167873	-0.163352	-0.144562	-0.149804	-0.199156	-0.289546	-0.413509	-0.542804	-0.631106	-0.651135	-0.598475	-0.466991	-0.255052	0.0113071	0.288175	0.5438	0.763476	0.929557	1.01335	0.992806	0.873942	0.69243	0.495741	0.322361	0.191434	0.104377	0.0525135	0.024487	0.0106139	0.00424982	0.00144223	0	
0	-0.00472613	0.00965181	0.0318309	0.0252177	0.0114354	0.0216559	0.0395152	0.0524888	0.0530584	0.0269867	-0.00575422	0.00267717	0.0531113	0.131975	0.239145	0.335209	0.368291	0.335222	0.228686	0.03765	-0.221665	-0.517768	-0.807846	-1.06494	-1.28101	-1.42686	-1.47857	-1.42077	-1.27366	-1.08169	-0.887431	-0.726754	-0.604869	-0.524783	-0.469503	-0.433829	-0.405858	-0.381485	-0.359236	-0.336135	-0.311059	-0.290041	-0.262021	-0.239095	-0.21586	-0.190205	-0.166525	-0.155325	-0.135414	-0.120375	-0.111156	-0.098671	-0.0905208	-0.0887465	-0.0876496	-0.0788711	-0.0808615	-0.0889862	-0.0876774	-0.0851308	-0.0890897	-0.103824	-0.111984	-0.103476	-0.104113	-0.123797	-0.14951	-0.16802	-0.163164	-0.144452	-0.150301	-0.200432	-0.291518	-0.415816	-0.54473	-0.632024	-0.650855	-0.596977	-0.464239	-0.251265	0.0155418	0.292249	0.547372	0.766333	0.931388	1.01382	0.991843	0.871878	0.689868	0.493275	0.320368	0.190031	0.103499	0.0520172	0.0242315	0.0104931	0.00419777	0.00142356	0	
0	-0.00380087	0.0124967	0.036123	0.0311722	0.0204496	0.0344163	0.0570747	0.0744335	0.0807476	0.0649827	0.0397557	0.0530217	0.112262	0.206933	0.32812	0.428854	0.47154	0.444284	0.339925	0.152698	-0.100645	-0.394991	-0.67631	-0.929352	-1.13945	-1.27896	-1.32585	-1.26316	-1.11277	-0.921474	-0.726754	-0.5705	-0.450741	-0.374895	-0.324405	-0.292088	-0.269839	-0.251223	-0.232472	-0.218795	-0.198085	-0.18452	-0.167522	-0.152469	-0.139584	-0.12908	-0.117158	-0.107877	-0.0937835	-0.0881735	-0.0871647	-0.0809697	-0.0759748	-0.0787266	-0.081108	-0.0736245	-0.0782101	-0.087785	-0.0860447	-0.0839581	-0.0893531	-0.104565	-0.111861	-0.103093	-0.104612	-0.124919	-0.150525	-0.168347	-0.162687	-0.144208	-0.151511	-0.20339	-0.295964	-0.420964	-0.549016	-0.634049	-0.650173	-0.593531	-0.457964	-0.242688	0.0250824	0.301398	0.555375	0.772713	0.935444	1.0148	0.989606	0.86719	0.684094	0.487742	0.315911	0.186902	0.101545	0.0509155	0.0236652	0.0102261	0.00408286	0.00138239	0	
0	-0.0024108	0.0134069	0.0371306	0.0335909	0.0247511	0.0411701	0.0664113	0.0868091	0.0936248	0.0784246	0.062123	0.0878669	0.157667	0.254635	0.377812	0.486923	0.528985	0.505246	0.40628	0.222465	-0.0288118	-0.313561	-0.592347	-0.835961	-1.04098	-1.17296	-1.21268	-1.14359	-0.990125	-0.796733	-0.604869	-0.450741	-0.335002	-0.264331	-0.216415	-0.190993	-0.173038	-0.159573	-0.150644	-0.140621	-0.130169	-0.125327	-0.112871	-0.106017	-0.0996289	-0.0889632	-0.0804797	-0.0830312	-0.0766358	-0.0753618	-0.0755979	-0.0714503	-0.0708546	-0.0741445	-0.0767786	-0.0726548	-0.0781526	-0.0864352	-0.0855923	-0.0846042	-0.0899772	-0.105103	-0.111792	-0.102939	-0.10553	-0.126601	-0.152065	-0.168819	-0.161907	-0.143888	-0.153549	-0.208144	-0.302961	-0.428947	-0.555558	-0.637021	-0.648918	-0.587963	-0.448007	-0.229222	0.0399449	0.315576	0.56773	0.782508	0.941577	1.01613	0.985948	0.859788	0.675085	0.479173	0.309048	0.182107	0.0985621	0.0492404	0.0228071	0.00982272	0.00390978	0.00132052	0	
0	-0.00257911	0.0147532	0.0392641	0.034132	0.0244648	0.0441307	0.0728255	0.0925257	0.100329	0.0886807	0.0731002	0.101416	0.177222	0.286798	0.416783	0.523469	0.568266	0.540692	0.438881	0.252152	0.00270484	-0.282261	-0.552274	-0.792668	-0.988405	-1.11376	-1.14332	-1.06802	-0.90852	-0.715659	-0.524783	-0.374895	-0.264331	-0.196401	-0.155116	-0.131463	-0.118281	-0.109387	-0.101541	-0.0973762	-0.089515	-0.0863683	-0.0800795	-0.0776048	-0.0744581	-0.0733371	-0.0724029	-0.0728902	-0.0656254	-0.0661838	-0.0698918	-0.0680354	-0.0673717	-0.0742474	-0.0775227	-0.0706717	-0.0777354	-0.0877378	-0.0856654	-0.0841054	-0.0909963	-0.106723	-0.111751	-0.102513	-0.106825	-0.128988	-0.15413	-0.169328	-0.160782	-0.143603	-0.156603	-0.214866	-0.312613	-0.439744	-0.564187	-0.640688	-0.64682	-0.580003	-0.434129	-0.210724	0.0601453	0.334707	0.584313	0.795546	0.949557	1.01754	0.98064	0.849537	0.662816	0.467627	0.299873	0.175741	0.0946249	0.0470407	0.0216859	0.00929795	0.00368552	0.00124061	0	
0	-0.000949031	0.014761	0.0378243	0.0346596	0.0273862	0.0468341	0.0757496	0.0961424	0.0996759	0.0884657	0.0818083	0.116877	0.199014	0.307997	0.437752	0.544865	0.582321	0.552617	0.446788	0.257482	0.00514643	-0.274049	-0.542844	-0.773719	-0.965383	-1.07942	-1.10116	-1.01569	-0.852503	-0.657825	-0.469503	-0.324405	-0.216415	-0.155116	-0.114522	-0.095889	-0.0855003	-0.0778009	-0.0762617	-0.0731136	-0.0694751	-0.071553	-0.0671453	-0.0666288	-0.0670227	-0.0634901	-0.0610525	-0.065138	-0.0615884	-0.0665934	-0.0693002	-0.0667391	-0.0685	-0.0730977	-0.0744587	-0.0719564	-0.0804692	-0.0871033	-0.084903	-0.0852805	-0.092839	-0.107905	-0.111342	-0.102367	-0.108766	-0.131981	-0.156587	-0.169768	-0.159304	-0.14352	-0.160927	-0.223779	-0.325049	-0.453307	-0.574653	-0.644697	-0.643514	-0.569287	-0.416012	-0.187016	0.0856896	0.35868	0.60495	0.811584	0.959063	1.01868	0.973379	0.836265	0.647265	0.453187	0.288517	0.167928	0.08983	0.0443801	0.0203381	0.00867084	0.00341893	0.001146	0	
0	-5.11449e-05	0.0165815	0.038884	0.0332597	0.0256186	0.0493411	0.0810306	0.0992783	0.100802	0.0880203	0.0830244	0.124919	0.213632	0.330733	0.459372	0.560949	0.592801	0.552361	0.440442	0.242466	-0.0121057	-0.291035	-0.553898	-0.780505	-0.962138	-1.06858	-1.07654	-0.983689	-0.813462	-0.618865	-0.433829	-0.292088	-0.190993	-0.131463	-0.095889	-0.0790298	-0.0699084	-0.0653707	-0.0640933	-0.0618131	-0.0610113	-0.0619962	-0.0582107	-0.0607576	-0.0606618	-0.0595615	-0.0616379	-0.0659057	-0.0618391	-0.0648925	-0.0669275	-0.065697	-0.0673071	-0.0748712	-0.0769111	-0.0715028	-0.0802632	-0.0883051	-0.0856919	-0.0855118	-0.0944237	-0.109791	-0.111045	-0.102219	-0.111245	-0.135662	-0.159399	-0.169985	-0.157463	-0.143887	-0.166857	-0.235153	-0.340403	-0.469534	-0.586612	-0.648594	-0.638534	-0.55536	-0.393273	-0.1579	0.116559	0.387338	0.629407	0.830305	0.96968	1.01909	0.9638	0.819781	0.628421	0.435971	0.275146	0.158826	0.084295	0.0413344	0.0188072	0.00796357	0.0031202	0.00104052	0	
0	0.00188141	0.0166538	0.0368484	0.0338366	0.0290169	0.051596	0.0829822	0.100625	0.0976341	0.0879415	0.0904442	0.1352	0.230081	0.350616	0.477943	0.571757	0.594866	0.544963	0.421682	0.217305	-0.0433138	-0.319662	-0.578438	-0.798073	-0.971685	-1.06565	-1.06222	-0.957454	-0.782726	-0.587189	-0.405858	-0.269839	-0.173038	-0.118281	-0.0855003	-0.0699084	-0.0636449	-0.0585659	-0.0590355	-0.0574278	-0.057178	-0.0579715	-0.0572653	-0.0587295	-0.0592268	-0.0589736	-0.0619284	-0.0636071	-0.0585848	-0.0657046	-0.0682552	-0.0669521	-0.0699141	-0.0751401	-0.0741519	-0.0725765	-0.0838699	-0.0883379	-0.0846896	-0.0868755	-0.0973797	-0.111354	-0.110085	-0.102477	-0.114658	-0.139976	-0.162344	-0.169806	-0.155334	-0.145051	-0.174792	-0.249287	-0.358793	-0.488249	-0.599606	-0.651812	-0.631316	-0.537676	-0.365476	-0.123183	0.152693	0.420468	0.657389	0.851308	0.980894	1.01824	0.951484	0.799884	0.606303	0.416136	0.259966	0.148619	0.0781557	0.0379895	0.017141	0.00720031	0.00280027	0.000928237	0	
0	0.00469672	0.0186899	0.0356968	0.0318808	0.0294602	0.0557207	0.0882187	0.103037	0.0946543	0.0831817	0.095583	0.151179	0.249735	0.372006	0.495565	0.581402	0.591748	0.53108	0.398475	0.182557	-0.0809947	-0.35521	-0.610484	-0.821204	-0.986528	-1.06733	-1.04946	-0.934409	-0.75323	-0.558643	-0.381485	-0.251223	-0.159573	-0.109387	-0.0778009	-0.0653707	-0.0585659	-0.0542541	-0.0566452	-0.0536705	-0.0554788	-0.0582655	-0.0559703	-0.05909	-0.0608491	-0.059378	-0.0600078	-0.0622194	-0.0618187	-0.0684252	-0.0676153	-0.0660022	-0.06969	-0.0764846	-0.0755435	-0.073841	-0.084767	-0.0885364	-0.0855304	-0.0884437	-0.0998514	-0.112807	-0.109262	-0.103324	-0.118863	-0.144821	-0.165285	-0.169077	-0.153057	-0.147463	-0.185199	-0.266492	-0.38029	-0.509161	-0.613044	-0.653677	-0.621204	-0.515613	-0.332154	-0.0826988	0.193973	0.457796	0.688525	0.874096	0.992086	1.01551	0.935977	0.776384	0.580967	0.393887	0.243219	0.137517	0.0715611	0.0344372	0.0153901	0.00640597	0.00247024	0.000813207	0	
0	0.00802132	0.0197237	0.0324838	0.0316169	0.0340097	0.0593255	0.0899745	0.103972	0.093161	0.0833505	0.101466	0.162941	0.272294	0.401122	0.51615	0.589233	0.588565	0.509502	0.363222	0.139282	-0.131608	-0.401076	-0.648608	-0.853421	-1.003	-1.07184	-1.03592	-0.909377	-0.7235	-0.528268	-0.359236	-0.232472	-0.150644	-0.101541	-0.0762617	-0.0640933	-0.0590355	-0.0566452	-0.0583434	-0.0548753	-0.059418	-0.0561214	-0.0562709	-0.0589286	-0.0575489	-0.0560367	-0.0641547	-0.0657746	-0.06165	-0.0675692	-0.0665384	-0.0680378	-0.0725899	-0.076707	-0.074432	-0.0758494	-0.0875192	-0.0884949	-0.0853382	-0.0904516	-0.103411	-0.114091	-0.107972	-0.104878	-0.124148	-0.150145	-0.167926	-0.167634	-0.150918	-0.151711	-0.19859	-0.287066	-0.404885	-0.531836	-0.626186	-0.653399	-0.607446	-0.488481	-0.292833	-0.0363384	0.240199	0.498972	0.722363	0.898067	1.00253	1.0102	0.91681	0.749129	0.552527	0.369482	0.225186	0.12575	0.0646696	0.0307722	0.0136049	0.00560496	0.00214075	0.00069927	0	
0	0.0113618	0.0213298	0.0299363	0.0306806	0.0374628	0.0646106	0.0938289	0.103107	0.087873	0.0831751	0.116672	0.186048	0.292698	0.422343	0.535476	0.592707	0.57896	0.489275	0.3275	0.0921304	-0.180162	-0.448976	-0.689121	-0.884387	-1.02309	-1.07378	-1.02249	-0.883557	-0.692477	-0.500915	-0.336135	-0.218795	-0.140621	-0.0973762	-0.0731136	-0.0618131	-0.0574278	-0.0536705	-0.0548753	-0.0531058	-0.054867	-0.0553995	-0.0575959	-0.0594825	-0.0608592	-0.0636222	-0.0651287	-0.0598484	-0.0616809	-0.0697127	-0.068597	-0.0688412	-0.0729171	-0.0785621	-0.0747119	-0.0772255	-0.0893837	-0.08848	-0.0862261	-0.0934299	-0.106796	-0.11449	-0.106814	-0.107759	-0.130451	-0.155617	-0.169971	-0.165443	-0.149387	-0.158496	-0.21549	-0.311255	-0.432441	-0.555652	-0.638132	-0.650085	-0.589211	-0.455542	-0.24707	0.0159153	0.291077	0.543563	0.758355	0.9225	1.01138	1.00156	0.893525	0.718021	0.521167	0.343234	0.20618	0.113563	0.0576426	0.027088	0.0118338	0.00482	0.00182145	0.000589829	0	
0	0.0171159	0.0229055	0.023914	0.0298976	0.0453814	0.0704937	0.0949055	0.103281	0.085587	0.0809601	0.126354	0.210544	0.328158	0.45506	0.553103	0.595391	0.562083	0.453182	0.277753	0.0341042	-0.242556	-0.500782	-0.733644	-0.91664	-1.03783	-1.07154	-1.00007	-0.849332	-0.655442	-0.464951	-0.311059	-0.198085	-0.130169	-0.089515	-0.0694751	-0.0610113	-0.057178	-0.0554788	-0.059418	-0.054867	-0.061801	-0.058641	-0.0594263	-0.0607055	-0.0602694	-0.0570578	-0.0618708	-0.0639535	-0.0673357	-0.0718786	-0.0667474	-0.0696116	-0.0760316	-0.0771456	-0.0739705	-0.0823262	-0.0915878	-0.08713	-0.0874756	-0.09706	-0.110114	-0.114455	-0.106123	-0.111984	-0.137616	-0.161012	-0.17114	-0.162577	-0.149136	-0.168623	-0.236406	-0.339213	-0.462639	-0.579761	-0.647819	-0.642747	-0.565593	-0.416038	-0.194492	0.0739531	0.346198	0.591043	0.795845	0.946546	1.01771	0.988819	0.86571	0.683051	0.487153	0.315513	0.186542	0.101209	0.0506397	0.0234733	0.0101211	0.00407109	0.00152054	0.0004877	0	
