0	0	0	0	0	0	0	0	0	0	0	0	0	0	0	0	0	0	0	0	0	0	0	0	0	0	0	0	0	0	0	0	0	0	0	0	0	0	0	0	0	0	0	0	0	0	0	0	0	0	0	0	0	0	0	0	0	0	0	0	0	0	0	0	0	0	0	0	0	0	0	0	0	0	0	0	0	0	0	0	0	0	0	0	0	0	0	0	0	0	0	0	0	0	0	0	0	0	0	0	
0	-0.0149447	-0.00413602	0.00496516	0.0111365	0.000170736	-0.0145323	-0.00606707	0.00327782	-0.00299477	-0.0128098	-0.00893294	0.00515316	0.0130198	-0.00391423	-0.0210569	-0.0230397	-0.00973576	0.00253389	0.01233	-0.00506806	-0.0430036	-0.0760313	-0.0987419	-0.109672	-0.0933424	-0.0527252	0.00507967	0.05559	0.11196	0.162667	0.201905	0.210546	0.196731	0.172001	0.13808	0.0941289	0.0296517	-0.0365135	-0.0976484	-0.128076	-0.135276	-0.11552	-0.0886148	-0.0583166	-0.0339684	-0.0167672	-0.00678246	-2.04109e-05	-6.29123e-05	-0.00081443	0.00159806	-0.00456237	-0.00098742	0.00455415	0.0032027	0.00573305	0.0114999	0.00122809	-0.0103233	0.00139345	0.0143445	0.00910741	-0.00546573	-0.00293692	0.0137893	0.00999459	-0.00378351	-0.000320311	0.0112955	0.0156728	0.00583258	-0.0065825	0.00121777	0.0200739	0.0259458	0.01833	0.00321585	-0.0116462	-0.00577868	0.0260683	0.062661	0.089659	0.106336	0.103203	0.0702293	0.0178463	-0.0363817	-0.0897826	-0.145339	-0.193294	-0.218524	-0.220023	-0.210976	-0.201219	-0.18736	-0.160259	-0.116577	-0.0608883	0	
0	-0.00413602	0.00341455	-0.00244954	0.00103006	-0.00959306	-0.0125232	0.00548375	0.00515371	-0.00574396	-0.0219891	-0.0166274	-0.00104217	0.00813584	-0.0173899	-0.0428898	-0.0381048	-0.019213	0.010848	0.0215082	-0.00971111	-0.0803028	-0.142442	-0.187396	-0.203801	-0.174362	-0.0904505	0.0151655	0.121669	0.227854	0.330445	0.403085	0.421061	0.396416	0.345598	0.281098	0.188799	0.0658314	-0.066907	-0.183084	-0.246086	-0.258995	-0.226939	-0.173714	-0.120438	-0.0748044	-0.0404953	-0.0242063	-0.0062874	-0.00329561	0.00197518	0.00621801	0.00540274	0.00609848	0.00548487	0.00544472	-0.00181105	0.00718523	0.0112761	0.00160513	0.00778325	0.0114164	0.00417152	0.000101957	0.00968339	0.0203353	0.00821152	-0.00285152	0.00744972	0.0207405	0.0246074	0.0105243	-0.00689597	0.00698268	0.0378259	0.0469144	0.0327012	0.00626614	-0.0169598	-0.00287626	0.056261	0.124773	0.176679	0.206967	0.197768	0.133024	0.0317164	-0.0753604	-0.181981	-0.290789	-0.383018	-0.431898	-0.436059	-0.419118	-0.398707	-0.368987	-0.313869	-0.227619	-0.118765	0	
0	0.00496516	-0.00244954	-0.012761	-0.00238133	-0.00336082	-0.00974803	0.0030363	0.00184031	-0.0148043	-0.0217267	-0.0181129	-0.00664689	-0.00124097	-0.0296934	-0.0538149	-0.0473704	-0.0247421	0.00743647	0.0153904	-0.035084	-0.122788	-0.211278	-0.270179	-0.288611	-0.239866	-0.120356	0.0313931	0.189374	0.346262	0.492563	0.593326	0.62002	0.584815	0.51101	0.410096	0.270491	0.0893777	-0.104368	-0.267773	-0.362822	-0.377638	-0.335699	-0.257671	-0.179313	-0.113746	-0.0625381	-0.0349723	-0.0146811	-0.00255288	0.0018251	0.00620453	0.0132264	0.00818457	0.00832066	0.0121231	0.00185709	-8.36345e-05	0.00906312	0.0173513	0.0134031	0.0048306	0.00948513	0.0116059	0.0120628	0.0178145	0.0122104	0.00716483	0.0159682	0.0253433	0.0268338	0.0146331	0.00274553	0.0199084	0.0507918	0.0587234	0.0409368	0.0106769	-0.0102608	0.0151976	0.0936848	0.185856	0.258101	0.296011	0.275884	0.181837	0.0376607	-0.119661	-0.278523	-0.435871	-0.565674	-0.635474	-0.644324	-0.621337	-0.588507	-0.53939	-0.454832	-0.328282	-0.171036	0	
0	0.0111365	0.00103006	-0.00238133	-0.00798651	-0.00897809	-0.00821693	-0.0128918	-0.0164368	-0.0197423	-0.00959975	-0.0112366	-0.00694075	-0.0136337	-0.0364124	-0.0504002	-0.0505348	-0.0291857	-0.00944672	-0.0169288	-0.0817064	-0.177917	-0.282632	-0.347742	-0.361701	-0.28821	-0.142192	0.0527705	0.257512	0.462294	0.643923	0.764037	0.800719	0.754533	0.660872	0.518583	0.33158	0.0965317	-0.150943	-0.352129	-0.474397	-0.492332	-0.437821	-0.341391	-0.234301	-0.147181	-0.0809479	-0.0342228	-0.0153819	0.00248273	0.00576094	0.00248534	0.00651561	0.00423605	0.0029771	0.0100529	0.0186127	0.0142299	0.0125664	0.0163744	0.00806164	0.0051003	0.0171832	0.0233955	0.0169197	0.0118499	0.0153933	0.0218983	0.0259111	0.0261009	0.0235258	0.0204633	0.0230582	0.03796	0.0565755	0.0603589	0.0440714	0.0197281	0.0125109	0.0514841	0.139815	0.245277	0.330327	0.36752	0.331331	0.211605	0.0317887	-0.172065	-0.380369	-0.579132	-0.73798	-0.82549	-0.841336	-0.814079	-0.766335	-0.693608	-0.578389	-0.415004	-0.215862	0	
0	0.000170736	-0.00959306	-0.00336082	-0.00897809	-0.00150827	0.00521919	-0.0232978	-0.0291493	-0.0149004	-0.01084	-0.0185996	-0.0284072	-0.0437912	-0.0443701	-0.0415381	-0.0440479	-0.0289394	-0.0270129	-0.059754	-0.125039	-0.227266	-0.330873	-0.399113	-0.396484	-0.303315	-0.134663	0.0930977	0.341821	0.585141	0.792717	0.925545	0.969633	0.918694	0.801725	0.621667	0.385497	0.105375	-0.183126	-0.416497	-0.555476	-0.584439	-0.520195	-0.414161	-0.289452	-0.185492	-0.109395	-0.0525045	-0.0258193	-0.00761739	0.00381304	0.00630871	0.0064779	0.0167224	0.0126847	0.0112173	0.0206343	0.015212	0.0141753	0.0110526	0.0105004	0.0201731	0.0233044	0.026029	0.0175963	0.00826713	0.02525	0.0387708	0.0307849	0.0218794	0.021543	0.0335859	0.0493581	0.054077	0.0547813	0.0552124	0.0461594	0.0376299	0.0531102	0.10529	0.194171	0.301717	0.389006	0.416004	0.360009	0.218886	0.0103763	-0.235026	-0.487117	-0.718094	-0.897096	-0.999218	-1.02385	-0.993216	-0.927666	-0.82756	-0.681476	-0.485875	-0.252361	0	
0	-0.0145323	-0.0125232	-0.00974803	-0.00821693	0.00521919	-0.00390433	-0.0279649	-0.0219273	-0.00837206	-0.0144002	-0.0277493	-0.0520889	-0.0658155	-0.0448278	-0.0368085	-0.0388747	-0.0419981	-0.0689093	-0.119997	-0.186329	-0.280178	-0.372115	-0.430848	-0.402092	-0.293623	-0.104014	0.149138	0.434882	0.708209	0.928609	1.07172	1.1171	1.06564	0.920447	0.702965	0.419029	0.0998018	-0.217145	-0.475694	-0.626778	-0.665392	-0.600466	-0.482058	-0.348652	-0.225521	-0.137346	-0.0731193	-0.0339031	-0.0123731	0.00169776	0.0136527	0.0146333	0.0202612	0.0220544	0.0157657	0.0140728	0.0100301	0.0126004	0.0197743	0.0266753	0.0268735	0.0217821	0.0232094	0.0171664	0.0187131	0.0407916	0.044265	0.0284126	0.0215813	0.0285286	0.0524037	0.072302	0.0633168	0.0489397	0.0488911	0.0528125	0.0687524	0.110669	0.172546	0.25421	0.352613	0.429299	0.437224	0.360057	0.201598	-0.0298303	-0.310007	-0.596819	-0.849587	-1.04086	-1.15483	-1.18863	-1.15411	-1.06808	-0.938433	-0.762988	-0.54076	-0.28064	0	
0	-0.00606707	0.00548375	0.0030363	-0.0128918	-0.0232978	-0.0279649	-0.021187	-0.0145672	-0.0111584	-0.0161955	-0.0321635	-0.0608971	-0.0650232	-0.0389321	-0.0339259	-0.0420871	-0.0769575	-0.133217	-0.198235	-0.264391	-0.337767	-0.409894	-0.441514	-0.385985	-0.262625	-0.0544548	0.217606	0.531401	0.821136	1.04682	1.19379	1.23934	1.18348	1.00982	0.75398	0.427509	0.0789284	-0.258046	-0.528793	-0.693231	-0.736234	-0.67786	-0.547818	-0.405474	-0.264045	-0.158169	-0.0832327	-0.032004	-0.00693405	0.00737644	0.0141064	0.0155253	0.0120359	0.0149105	0.0140235	0.0166662	0.0228955	0.0229252	0.0287023	0.0316602	0.0227432	0.0157702	0.0218902	0.0339939	0.0408514	0.0401174	0.0346787	0.0318962	0.0334847	0.0439738	0.0696975	0.0841319	0.0656682	0.0448088	0.0478843	0.0705485	0.116004	0.181146	0.246823	0.315595	0.393844	0.446526	0.42892	0.331489	0.15861	-0.0910254	-0.39676	-0.706156	-0.970364	-1.16787	-1.29098	-1.33226	-1.29191	-1.1838	-1.02504	-0.823807	-0.581137	-0.301654	0	
0	0.00327782	0.00515371	0.00184031	-0.0164368	-0.0291493	-0.0219273	-0.0145672	-0.0213645	-0.028741	-0.035173	-0.0509714	-0.0661509	-0.0566412	-0.0369166	-0.0310451	-0.055406	-0.116915	-0.195627	-0.268849	-0.32832	-0.377778	-0.419832	-0.413703	-0.3395	-0.198324	0.0192548	0.30624	0.630877	0.92431	1.14963	1.29375	1.34058	1.27198	1.076	0.781537	0.427371	0.0583799	-0.283612	-0.55854	-0.730151	-0.780957	-0.728727	-0.601016	-0.448966	-0.302669	-0.183015	-0.100604	-0.0442679	-0.0143291	0.00314019	0.0102019	0.0131764	0.0152411	0.0198869	0.0198271	0.0264285	0.0334552	0.0279097	0.0245495	0.0226153	0.0249254	0.0278461	0.0332471	0.0471489	0.0447535	0.032011	0.0351577	0.0430612	0.0493802	0.0643375	0.0813336	0.0825763	0.0642938	0.0481617	0.0595975	0.105514	0.178489	0.257518	0.320891	0.372505	0.419855	0.437116	0.391123	0.275459	0.0895448	-0.173523	-0.49288	-0.811035	-1.07775	-1.27734	-1.4062	-1.45099	-1.40212	-1.27235	-1.08803	-0.866565	-0.609709	-0.31695	0	
0	-0.00299477	-0.00574396	-0.0148043	-0.0197423	-0.0149004	-0.00837206	-0.0111584	-0.028741	-0.0456237	-0.0599988	-0.0662642	-0.0591361	-0.0508118	-0.0446139	-0.0490902	-0.0912848	-0.173934	-0.263674	-0.336154	-0.383114	-0.403645	-0.402105	-0.357801	-0.264636	-0.106463	0.118279	0.411865	0.730775	1.01816	1.23761	1.37552	1.41802	1.33161	1.11403	0.788361	0.415836	0.0382712	-0.301235	-0.574705	-0.750889	-0.813202	-0.769539	-0.649348	-0.494032	-0.341411	-0.214256	-0.121917	-0.0605928	-0.0243191	-0.00283294	0.0106918	0.0193537	0.0225354	0.0305357	0.0298013	0.0256587	0.0298038	0.0279607	0.0249301	0.0268672	0.0340899	0.0389533	0.0436546	0.0503215	0.0404622	0.0319569	0.0438892	0.0570887	0.0707365	0.0830834	0.0799825	0.0723821	0.0672153	0.0646957	0.0905143	0.160022	0.250486	0.331761	0.387897	0.417595	0.424485	0.399635	0.32579	0.193456	-0.00489869	-0.274971	-0.593961	-0.907484	-1.17002	-1.36856	-1.49843	-1.54102	-1.48138	-1.33314	-1.12989	-0.895175	-0.629856	-0.328328	0	
0	-0.0128098	-0.0219891	-0.0217267	-0.00959975	-0.01084	-0.0144002	-0.0161955	-0.035173	-0.0599988	-0.0704298	-0.0553888	-0.0455523	-0.051667	-0.0688603	-0.0939929	-0.154588	-0.249964	-0.33555	-0.399397	-0.427073	-0.409531	-0.35789	-0.278378	-0.162011	0.00949688	0.242849	0.52711	0.829455	1.10133	1.31074	1.43966	1.46679	1.36249	1.12124	0.778275	0.394835	0.0197941	-0.312561	-0.582125	-0.763476	-0.838272	-0.81031	-0.697544	-0.54418	-0.385576	-0.244518	-0.143723	-0.0692535	-0.024695	-0.000369963	0.0148377	0.0257762	0.0259132	0.02962	0.0350642	0.0274174	0.026077	0.0281423	0.0299797	0.0379343	0.047377	0.0489353	0.0435748	0.0438292	0.0434166	0.0424429	0.0551962	0.0768784	0.0928748	0.0872042	0.0676181	0.0668057	0.0819203	0.0986636	0.144177	0.230098	0.323034	0.397051	0.441105	0.442236	0.402724	0.335302	0.235735	0.0869777	-0.122116	-0.390058	-0.694462	-0.992493	-1.24623	-1.44024	-1.56478	-1.59907	-1.52825	-1.36782	-1.15468	-0.914201	-0.645047	-0.337527	0	
0	-0.00893294	-0.0166274	-0.0181129	-0.0112366	-0.0185996	-0.0277493	-0.0321635	-0.0509714	-0.0662642	-0.0553888	-0.0395424	-0.0409597	-0.0641341	-0.107103	-0.155022	-0.232314	-0.321887	-0.395218	-0.444356	-0.446968	-0.386043	-0.29246	-0.177999	-0.0437073	0.14391	0.37359	0.638237	0.911945	1.16305	1.35951	1.47079	1.47905	1.35095	1.09809	0.745434	0.368435	0.00182015	-0.316183	-0.578775	-0.763922	-0.851106	-0.837268	-0.738942	-0.584239	-0.425814	-0.27387	-0.160816	-0.0801837	-0.0255615	0.00464017	0.0193624	0.028518	0.0294042	0.0250652	0.0272213	0.0275594	0.0333135	0.0391661	0.042559	0.047704	0.051069	0.0507961	0.0418322	0.0404459	0.051839	0.06174	0.0773536	0.0953677	0.0952089	0.0766943	0.063224	0.077001	0.110762	0.153132	0.218497	0.30581	0.387517	0.448099	0.47268	0.43815	0.352709	0.247285	0.123421	-0.041861	-0.25667	-0.51114	-0.789051	-1.06436	-1.30555	-1.48998	-1.60196	-1.62326	-1.54385	-1.38024	-1.16742	-0.928165	-0.658324	-0.345967	0	
0	0.00515316	-0.00104217	-0.00664689	-0.00694075	-0.0284072	-0.0520889	-0.0608971	-0.0661509	-0.0591361	-0.0455523	-0.0409597	-0.049943	-0.0883135	-0.153841	-0.22592	-0.304099	-0.37605	-0.433202	-0.463267	-0.430384	-0.335163	-0.203188	-0.0631181	0.0932627	0.288096	0.504588	0.738033	0.977645	1.20395	1.38138	1.4685	1.45139	1.30451	1.04616	0.702442	0.33787	-0.00780445	-0.311929	-0.563994	-0.750219	-0.850985	-0.848734	-0.764418	-0.614777	-0.450736	-0.297434	-0.174104	-0.0889511	-0.0348669	-0.00269026	0.0131664	0.0209124	0.0269927	0.0289465	0.0345112	0.0351081	0.0409889	0.0522425	0.0545968	0.0512088	0.0472095	0.0449954	0.041648	0.0514991	0.074609	0.0873979	0.0932506	0.0938142	0.0825759	0.0734063	0.0775083	0.103459	0.158136	0.228795	0.302479	0.375182	0.43835	0.47908	0.473776	0.400454	0.276343	0.138842	-0.00930356	-0.188849	-0.400114	-0.629878	-0.873778	-1.1222	-1.34625	-1.51429	-1.6072	-1.6141	-1.53208	-1.37597	-1.17338	-0.940935	-0.671937	-0.354604	0	
0	0.0130198	0.00813584	-0.00124097	-0.0136337	-0.0437912	-0.0658155	-0.0650232	-0.0566412	-0.0508118	-0.051667	-0.0641341	-0.0883135	-0.143584	-0.231188	-0.308937	-0.368435	-0.414186	-0.447549	-0.440068	-0.370321	-0.243407	-0.0825531	0.0829973	0.259167	0.449882	0.64264	0.838708	1.04103	1.23987	1.38743	1.44771	1.40015	1.24482	0.989921	0.668349	0.325614	0.00141394	-0.285934	-0.532298	-0.721437	-0.836307	-0.854538	-0.78472	-0.647998	-0.485704	-0.328544	-0.2001	-0.108195	-0.0457595	-0.0113925	0.00844744	0.0213401	0.0297485	0.034721	0.0484605	0.0555926	0.0536797	0.0537348	0.0496111	0.0427943	0.0415124	0.051951	0.0630041	0.0761316	0.0956416	0.0999813	0.0897073	0.0809287	0.079015	0.0884989	0.107925	0.150003	0.228829	0.315514	0.380068	0.430559	0.471101	0.481466	0.437725	0.330002	0.177389	0.0117731	-0.159744	-0.346349	-0.542259	-0.73927	-0.946341	-1.16483	-1.3652	-1.50937	-1.57956	-1.57505	-1.49927	-1.36145	-1.17734	-0.955292	-0.687192	-0.363903	0	
0	-0.00391423	-0.0173899	-0.0296934	-0.0364124	-0.0443701	-0.0448278	-0.0389321	-0.0369166	-0.0446139	-0.0688603	-0.107103	-0.153841	-0.231188	-0.322508	-0.386583	-0.422745	-0.44134	-0.435848	-0.384787	-0.280874	-0.130314	0.0537343	0.245518	0.431069	0.607882	0.769058	0.927349	1.09282	1.25576	1.3686	1.39453	1.32489	1.1657	0.929567	0.635654	0.321015	0.0186455	-0.256464	-0.496457	-0.693177	-0.821786	-0.860193	-0.809788	-0.684307	-0.526292	-0.368064	-0.229754	-0.130165	-0.0584219	-0.0105429	0.0167236	0.0352294	0.0503333	0.05111	0.0530085	0.0530318	0.0477455	0.0465829	0.0444974	0.0475736	0.0576469	0.0742033	0.0877751	0.0934507	0.100041	0.0957527	0.0815109	0.0785587	0.0917801	0.118963	0.159726	0.223616	0.313341	0.394231	0.441024	0.468359	0.477622	0.446511	0.364455	0.232043	0.0583709	-0.132793	-0.321919	-0.503628	-0.673711	-0.834921	-1.0051	-1.18947	-1.35809	-1.47261	-1.52108	-1.51253	-1.45324	-1.34298	-1.18296	-0.972754	-0.704492	-0.373906	0	
0	-0.0210569	-0.0428898	-0.0538149	-0.0504002	-0.0415381	-0.0368085	-0.0339259	-0.0310451	-0.0490902	-0.0939929	-0.155022	-0.22592	-0.308937	-0.386583	-0.438111	-0.458024	-0.442919	-0.394992	-0.305462	-0.177464	-0.0121245	0.194709	0.401298	0.585433	0.736768	0.8659	0.987599	1.1138	1.23366	1.30507	1.29968	1.21442	1.06492	0.853894	0.596031	0.309351	0.028356	-0.235189	-0.472691	-0.671898	-0.814711	-0.867774	-0.831346	-0.715616	-0.554749	-0.391006	-0.242905	-0.131084	-0.0530646	-0.00346987	0.0272301	0.039647	0.0495446	0.0505929	0.0487114	0.0481803	0.042642	0.0474098	0.0581677	0.0684638	0.0801982	0.0951254	0.101907	0.0948624	0.0920803	0.0893856	0.0829465	0.0920982	0.12267	0.173106	0.238887	0.312518	0.390557	0.453691	0.482487	0.480753	0.446949	0.372173	0.260665	0.111419	-0.0801626	-0.291073	-0.485475	-0.64951	-0.788243	-0.914567	-1.04737	-1.19146	-1.32094	-1.40427	-1.43732	-1.43514	-1.40212	-1.32585	-1.19247	-0.993645	-0.723531	-0.384362	0	
0	-0.0230397	-0.0381048	-0.0473704	-0.0505348	-0.0440479	-0.0388747	-0.0420871	-0.055406	-0.0912848	-0.154588	-0.232314	-0.304099	-0.368435	-0.422745	-0.458024	-0.44723	-0.389385	-0.30096	-0.182811	-0.04174	0.138202	0.355156	0.561266	0.727219	0.84782	0.944264	1.0292	1.10907	1.1804	1.20842	1.18054	1.09181	0.963645	0.786623	0.567514	0.311949	0.0511722	-0.200895	-0.433761	-0.637071	-0.787571	-0.85834	-0.833639	-0.730749	-0.572638	-0.407609	-0.254436	-0.137994	-0.0552563	-0.00385686	0.0240752	0.0368553	0.0426641	0.0420011	0.0431326	0.0511899	0.0565566	0.0664452	0.0800874	0.0918036	0.0964875	0.0995208	0.100885	0.090992	0.08596	0.0903934	0.0990778	0.12784	0.182367	0.255024	0.330313	0.393007	0.448769	0.492425	0.497115	0.454781	0.374739	0.265576	0.133664	-0.0304009	-0.235985	-0.453786	-0.637968	-0.775927	-0.883169	-0.975991	-1.06827	-1.16541	-1.25216	-1.30862	-1.33684	-1.35226	-1.353	-1.31365	-1.2066	-1.01736	-0.743559	-0.394871	0	
0	-0.00973576	-0.019213	-0.0247421	-0.0291857	-0.0289394	-0.0419981	-0.0769575	-0.116915	-0.173934	-0.249964	-0.321887	-0.37605	-0.414186	-0.44134	-0.442919	-0.389385	-0.289489	-0.168821	-0.0318966	0.124848	0.314034	0.52671	0.715994	0.855591	0.945731	1.01125	1.05386	1.08406	1.10222	1.09563	1.05443	0.977246	0.877033	0.738371	0.557036	0.330342	0.0878459	-0.155648	-0.385175	-0.592243	-0.752381	-0.83791	-0.830054	-0.739429	-0.590415	-0.427032	-0.27475	-0.154969	-0.0720034	-0.0177679	0.0141193	0.0286709	0.0429068	0.0499581	0.0548539	0.0687507	0.0770722	0.0874784	0.0976237	0.101494	0.101162	0.0987698	0.0947636	0.0843623	0.0866217	0.110562	0.144964	0.196727	0.267491	0.344365	0.41059	0.454667	0.486818	0.502854	0.470588	0.384489	0.268303	0.135721	-0.0140879	-0.191797	-0.40051	-0.607593	-0.769518	-0.879534	-0.957133	-1.01487	-1.06133	-1.10766	-1.15437	-1.19381	-1.22982	-1.27252	-1.31106	-1.30812	-1.2249	-1.04273	-0.763655	-0.40501	0	
0	0.00253389	0.010848	0.00743647	-0.00944672	-0.0270129	-0.0689093	-0.133217	-0.195627	-0.263674	-0.33555	-0.395218	-0.433202	-0.447549	-0.435848	-0.394992	-0.30096	-0.168821	-0.0256284	0.133289	0.305119	0.493055	0.686883	0.850271	0.963586	1.02766	1.05829	1.05628	1.03277	1.00547	0.97442	0.934281	0.878299	0.809826	0.708496	0.559792	0.358043	0.128039	-0.109711	-0.340644	-0.552712	-0.724759	-0.826267	-0.834962	-0.759601	-0.616969	-0.456644	-0.300358	-0.175245	-0.0849754	-0.0258429	0.013154	0.0342646	0.0506881	0.0670594	0.0755943	0.0891502	0.0975245	0.101628	0.105923	0.103721	0.0937869	0.085808	0.0889059	0.0948818	0.116483	0.164518	0.222086	0.286024	0.355898	0.421524	0.471696	0.494803	0.494903	0.469902	0.396945	0.277814	0.13786	-0.0144718	-0.181634	-0.364413	-0.559157	-0.740754	-0.875922	-0.959706	-1.00694	-1.02455	-1.02107	-1.01883	-1.03493	-1.07059	-1.12615	-1.20247	-1.27913	-1.30933	-1.24612	-1.06841	-0.782945	-0.414424	0	
0	0.01233	0.0215082	0.0153904	-0.0169288	-0.059754	-0.119997	-0.198235	-0.268849	-0.336154	-0.399397	-0.444356	-0.463267	-0.440068	-0.384787	-0.305462	-0.182811	-0.0318966	0.133289	0.310446	0.484066	0.654618	0.817027	0.9515	1.04153	1.07502	1.06757	1.01526	0.944652	0.883173	0.842273	0.81622	0.786205	0.752046	0.682238	0.563648	0.381183	0.162752	-0.0719366	-0.302995	-0.521261	-0.701071	-0.818976	-0.841038	-0.779476	-0.645217	-0.483598	-0.325877	-0.191365	-0.0922674	-0.0231605	0.0232579	0.0525425	0.0729803	0.0878557	0.096141	0.106459	0.107578	0.102134	0.0963199	0.0899122	0.0853577	0.0875302	0.107406	0.13774	0.182137	0.247264	0.31314	0.373475	0.431565	0.480584	0.508934	0.500331	0.457007	0.388989	0.285724	0.145872	-0.0136003	-0.184776	-0.360947	-0.532322	-0.697971	-0.847925	-0.957102	-1.01443	-1.02631	-0.998476	-0.946304	-0.905091	-0.9048	-0.950069	-1.03374	-1.14589	-1.2578	-1.31616	-1.2687	-1.09312	-0.800738	-0.422866	0	
0	-0.00506806	-0.00971111	-0.035084	-0.0817064	-0.125039	-0.186329	-0.264391	-0.32832	-0.383114	-0.427073	-0.446968	-0.430384	-0.370321	-0.280874	-0.177464	-0.04174	0.124848	0.305119	0.484066	0.641638	0.781282	0.908187	1.01758	1.07848	1.0794	1.02576	0.929162	0.82279	0.743221	0.70856	0.701793	0.703939	0.696528	0.657835	0.55965	0.396253	0.184845	-0.046116	-0.277986	-0.499316	-0.68664	-0.812703	-0.848205	-0.792405	-0.662746	-0.499103	-0.333322	-0.191811	-0.0842148	-0.00832031	0.0435471	0.0733609	0.0933163	0.106909	0.103379	0.101841	0.0971387	0.0880137	0.0849764	0.0871946	0.0973498	0.120644	0.164374	0.215003	0.268962	0.335794	0.399094	0.449528	0.489404	0.511758	0.505338	0.456053	0.371416	0.271495	0.14835	-0.0086958	-0.186189	-0.367112	-0.535054	-0.67961	-0.810165	-0.929193	-1.01211	-1.03791	-1.00805	-0.934165	-0.842141	-0.777313	-0.776068	-0.841519	-0.957391	-1.10382	-1.246	-1.32689	-1.2911	-1.11589	-0.816581	-0.430209	0	
0	-0.0430036	-0.0803028	-0.122788	-0.177917	-0.227266	-0.280178	-0.337767	-0.377778	-0.403645	-0.409531	-0.386043	-0.335163	-0.243407	-0.130314	-0.0121245	0.138202	0.314034	0.493055	0.654618	0.781282	0.884371	0.97946	1.05544	1.08365	1.03985	0.943655	0.811024	0.685724	0.605183	0.584669	0.604851	0.633121	0.65421	0.63619	0.560622	0.410021	0.209046	-0.0183491	-0.248843	-0.470603	-0.661447	-0.795837	-0.837288	-0.791133	-0.66281	-0.496874	-0.328237	-0.178311	-0.0660721	0.0100111	0.0591361	0.0843402	0.091496	0.0961222	0.0915813	0.087899	0.0847325	0.0830156	0.0939472	0.116647	0.148904	0.189645	0.245245	0.303907	0.359092	0.42079	0.473318	0.503418	0.512591	0.496439	0.449582	0.36457	0.250631	0.127821	-0.0132732	-0.185673	-0.370854	-0.543324	-0.6868	-0.798492	-0.895657	-0.984234	-1.03557	-1.02248	-0.948661	-0.836057	-0.719561	-0.648443	-0.659264	-0.750879	-0.898692	-1.07514	-1.24169	-1.33969	-1.3121	-1.13608	-0.83026	-0.436427	0	
0	-0.0760313	-0.142442	-0.211278	-0.282632	-0.330873	-0.372115	-0.409894	-0.419832	-0.402105	-0.35789	-0.29246	-0.203188	-0.0825531	0.0537343	0.194709	0.355156	0.52671	0.686883	0.817027	0.908187	0.97946	1.03533	1.07537	1.05662	0.971663	0.838557	0.688024	0.560402	0.490722	0.491819	0.535469	0.590369	0.63007	0.634168	0.572243	0.438272	0.244154	0.0229419	-0.204342	-0.426295	-0.617982	-0.757719	-0.809163	-0.767972	-0.649876	-0.487231	-0.321118	-0.176733	-0.0676967	0.0053227	0.0485708	0.0704448	0.0788224	0.0827334	0.0778178	0.0821787	0.0958732	0.112638	0.140797	0.179474	0.225691	0.275726	0.336177	0.396333	0.444404	0.489465	0.517981	0.514882	0.484194	0.428575	0.348903	0.238934	0.1027	-0.0414814	-0.197785	-0.373872	-0.547836	-0.695509	-0.808242	-0.888997	-0.954307	-1.00771	-1.01937	-0.963809	-0.852092	-0.715482	-0.592548	-0.530251	-0.561388	-0.680359	-0.856586	-1.05744	-1.24254	-1.35296	-1.33088	-1.15339	-0.841751	-0.441569	0	
0	-0.0987419	-0.187396	-0.270179	-0.347742	-0.399113	-0.430848	-0.441514	-0.413703	-0.357801	-0.278378	-0.177999	-0.0631181	0.0829973	0.245518	0.401298	0.561266	0.715994	0.850271	0.9515	1.01758	1.05544	1.07537	1.06838	1.00908	0.889093	0.739482	0.587737	0.472998	0.42157	0.444242	0.509297	0.582632	0.639073	0.655282	0.607919	0.481736	0.295424	0.075422	-0.152712	-0.376227	-0.575863	-0.724253	-0.787912	-0.761336	-0.651685	-0.497472	-0.336672	-0.192229	-0.0853891	-0.0147263	0.030497	0.054157	0.0649037	0.0819266	0.0950888	0.113527	0.14045	0.171282	0.213756	0.263779	0.31796	0.371915	0.428595	0.47736	0.504911	0.519873	0.512553	0.471443	0.40506	0.319267	0.215018	0.0839052	-0.0728897	-0.232904	-0.390851	-0.551709	-0.699003	-0.816212	-0.899907	-0.951103	-0.9804	-0.990807	-0.958491	-0.865531	-0.730118	-0.58762	-0.474296	-0.430843	-0.485248	-0.629025	-0.828374	-1.04786	-1.24643	-1.36552	-1.34698	-1.1678	-0.851165	-0.445728	0	
0	-0.109672	-0.203801	-0.288611	-0.361701	-0.396484	-0.402092	-0.385985	-0.3395	-0.264636	-0.162011	-0.0437073	0.0932627	0.259167	0.431069	0.585433	0.727219	0.855591	0.963586	1.04153	1.07848	1.08365	1.05662	1.00908	0.915064	0.78152	0.632232	0.496961	0.40249	0.373038	0.413976	0.495574	0.582459	0.648445	0.67527	0.634097	0.516904	0.331753	0.113045	-0.117457	-0.346578	-0.551045	-0.710873	-0.786343	-0.770084	-0.673027	-0.52344	-0.364821	-0.221489	-0.108443	-0.0288454	0.0241474	0.0623105	0.0873341	0.113607	0.13764	0.16989	0.213471	0.257238	0.307337	0.363055	0.416769	0.460167	0.498755	0.523355	0.517912	0.494956	0.452689	0.380912	0.287053	0.176306	0.0493772	-0.100384	-0.268969	-0.428476	-0.569389	-0.701592	-0.817988	-0.906508	-0.961691	-0.978573	-0.964385	-0.927931	-0.85649	-0.739994	-0.599086	-0.46713	-0.374159	-0.353697	-0.430024	-0.593934	-0.810722	-1.04367	-1.25165	-1.37663	-1.36029	-1.17946	-0.858691	-0.44902	0	
0	-0.0933424	-0.174362	-0.239866	-0.28821	-0.303315	-0.293623	-0.262625	-0.198324	-0.106463	0.00949688	0.14391	0.288096	0.449882	0.607882	0.736768	0.84782	0.945731	1.02766	1.07502	1.0794	1.03985	0.971663	0.889093	0.78152	0.650412	0.519542	0.407365	0.338096	0.32667	0.383515	0.475141	0.571398	0.643606	0.675634	0.641106	0.526597	0.345117	0.124442	-0.108185	-0.339853	-0.551311	-0.71555	-0.799704	-0.789744	-0.694663	-0.545035	-0.382109	-0.229092	-0.108455	-0.019539	0.0461032	0.0938727	0.131708	0.175479	0.215939	0.25962	0.310043	0.35906	0.4096	0.455931	0.494143	0.516195	0.523766	0.513276	0.474283	0.420044	0.34965	0.251916	0.133085	-0.000718761	-0.145111	-0.30149	-0.463731	-0.604636	-0.717502	-0.818807	-0.906255	-0.965659	-0.986539	-0.961296	-0.900413	-0.822839	-0.726461	-0.604704	-0.474976	-0.364566	-0.296387	-0.298189	-0.39254	-0.57133	-0.800429	-1.04269	-1.25703	-1.38592	-1.37091	-1.18861	-0.864552	-0.451564	0	
0	-0.0527252	-0.0904505	-0.120356	-0.142192	-0.134663	-0.104014	-0.0544548	0.0192548	0.118279	0.242849	0.37359	0.504588	0.64264	0.769058	0.8659	0.944264	1.01125	1.05829	1.06757	1.02576	0.943655	0.838557	0.739482	0.632232	0.519542	0.41189	0.326801	0.277467	0.282614	0.348283	0.44825	0.549596	0.626457	0.663669	0.632801	0.524581	0.344241	0.126281	-0.106776	-0.339361	-0.550722	-0.718978	-0.805115	-0.797189	-0.702983	-0.54917	-0.37868	-0.217452	-0.0821492	0.0217562	0.100913	0.166234	0.216389	0.268637	0.316398	0.363659	0.415145	0.45607	0.490203	0.51634	0.526495	0.514955	0.491227	0.452764	0.385277	0.302394	0.205893	0.0840982	-0.0558516	-0.203555	-0.349989	-0.494531	-0.634561	-0.748416	-0.832526	-0.904827	-0.961755	-0.985329	-0.963919	-0.893796	-0.792998	-0.689584	-0.587039	-0.476778	-0.369307	-0.284852	-0.240638	-0.261017	-0.368655	-0.557566	-0.79486	-1.0433	-1.26184	-1.39326	-1.37904	-1.19554	-0.868968	-0.45347	0	
0	0.00507967	0.0151655	0.0313931	0.0527705	0.0930977	0.149138	0.217606	0.30624	0.411865	0.52711	0.638237	0.738033	0.838708	0.927349	0.987599	1.0292	1.05386	1.05628	1.01526	0.929162	0.811024	0.688024	0.587737	0.496961	0.407365	0.326801	0.262854	0.231632	0.245828	0.319101	0.422325	0.528022	0.607893	0.648511	0.622885	0.517894	0.342795	0.126372	-0.103541	-0.333474	-0.54338	-0.708038	-0.792945	-0.780781	-0.680678	-0.517952	-0.337254	-0.161676	-0.0149748	0.101202	0.192237	0.264844	0.322686	0.377541	0.422775	0.460906	0.494693	0.515025	0.52397	0.519852	0.50249	0.465217	0.41221	0.344475	0.250426	0.142081	0.0224584	-0.116752	-0.264706	-0.40845	-0.539211	-0.659486	-0.77219	-0.85916	-0.91532	-0.95559	-0.974557	-0.954746	-0.889335	-0.782079	-0.657573	-0.547904	-0.456235	-0.368413	-0.287421	-0.227824	-0.203553	-0.237766	-0.354335	-0.54963	-0.792081	-1.04447	-1.26568	-1.39871	-1.38493	-1.20053	-0.872135	-0.454831	0	
0	0.05559	0.121669	0.189374	0.257512	0.341821	0.434882	0.531401	0.630877	0.730775	0.829455	0.911945	0.977645	1.04103	1.09282	1.1138	1.10907	1.08406	1.03277	0.944652	0.82279	0.685724	0.560402	0.472998	0.40249	0.338096	0.277467	0.231632	0.210141	0.231937	0.307974	0.414493	0.522812	0.605501	0.650659	0.628771	0.530425	0.359196	0.148914	-0.076648	-0.300932	-0.50486	-0.664273	-0.742881	-0.724391	-0.616384	-0.445336	-0.25351	-0.0696961	0.0869812	0.209615	0.302941	0.374948	0.424371	0.468381	0.497467	0.51409	0.526355	0.521416	0.504308	0.475549	0.429683	0.362537	0.283051	0.190592	0.0719389	-0.0572045	-0.188482	-0.328128	-0.465832	-0.590744	-0.697325	-0.791119	-0.877097	-0.936095	-0.959237	-0.959574	-0.934124	-0.871067	-0.770934	-0.643411	-0.515055	-0.416441	-0.346573	-0.285086	-0.229136	-0.190004	-0.180527	-0.224133	-0.34626	-0.545307	-0.790796	-1.04555	-1.26836	-1.40236	-1.38883	-1.20381	-0.874212	-0.455721	0	
0	0.11196	0.227854	0.346262	0.462294	0.585141	0.708209	0.821136	0.92431	1.01816	1.10133	1.16305	1.20395	1.23987	1.25576	1.23366	1.1804	1.10222	1.00547	0.883173	0.743221	0.605183	0.490722	0.42157	0.373038	0.32667	0.282614	0.245828	0.231937	0.256262	0.33485	0.44301	0.553455	0.639589	0.68791	0.671865	0.578255	0.414047	0.209335	-0.00908087	-0.226735	-0.423587	-0.576478	-0.649083	-0.624959	-0.512964	-0.336775	-0.144258	0.0411833	0.194745	0.311739	0.39611	0.456019	0.491629	0.514722	0.52326	0.519199	0.506552	0.476796	0.432725	0.375165	0.303735	0.211782	0.106207	-0.00818741	-0.139975	-0.27253	-0.397571	-0.522607	-0.639702	-0.740747	-0.82216	-0.889376	-0.945699	-0.969729	-0.951618	-0.907299	-0.840113	-0.745165	-0.628076	-0.499895	-0.384493	-0.307671	-0.263325	-0.226375	-0.19073	-0.166568	-0.167064	-0.216604	-0.342019	-0.543125	-0.790207	-1.04618	-1.26982	-1.4043	-1.39089	-1.20554	-0.87531	-0.456191	0	
0	0.162667	0.330445	0.492563	0.643923	0.792717	0.928609	1.04682	1.14963	1.23761	1.31074	1.35951	1.38138	1.38743	1.3686	1.30507	1.20842	1.09563	0.97442	0.842273	0.70856	0.584669	0.491819	0.444242	0.413976	0.383515	0.348283	0.319101	0.307974	0.33485	0.414773	0.52382	0.636531	0.723696	0.775492	0.761418	0.671852	0.510526	0.309598	0.0942566	-0.11998	-0.31481	-0.465085	-0.537415	-0.513536	-0.40233	-0.231343	-0.0423759	0.134244	0.277486	0.381772	0.451124	0.49233	0.507437	0.513476	0.499779	0.469253	0.431363	0.375101	0.305161	0.222423	0.124976	0.0114431	-0.106867	-0.225605	-0.353977	-0.475635	-0.583523	-0.687143	-0.780756	-0.857231	-0.911676	-0.947153	-0.965737	-0.947108	-0.885196	-0.801895	-0.706668	-0.598576	-0.483826	-0.370664	-0.277977	-0.226349	-0.205612	-0.188207	-0.167109	-0.152825	-0.159516	-0.212657	-0.340033	-0.542187	-0.789857	-1.04617	-1.27001	-1.4046	-1.39123	-1.20583	-0.875494	-0.456269	0	
0	0.201905	0.403085	0.593326	0.764037	0.925545	1.07172	1.19379	1.29375	1.37552	1.43966	1.47079	1.4685	1.44771	1.39453	1.29968	1.18054	1.05443	0.934281	0.81622	0.701793	0.604851	0.535469	0.509297	0.495574	0.475141	0.44825	0.422325	0.414493	0.44301	0.52382	0.634319	0.74635	0.834836	0.885713	0.872259	0.782203	0.620778	0.420006	0.204273	-0.0111706	-0.206651	-0.360768	-0.43564	-0.417303	-0.314541	-0.150843	0.0245888	0.188636	0.317747	0.405628	0.456726	0.480597	0.47517	0.452937	0.413741	0.360123	0.296711	0.215151	0.120982	0.0190128	-0.0895284	-0.207829	-0.324415	-0.434473	-0.54838	-0.651049	-0.73749	-0.818525	-0.887393	-0.934852	-0.954617	-0.950077	-0.925434	-0.864622	-0.767502	-0.661121	-0.5574	-0.454941	-0.356919	-0.267022	-0.199472	-0.17096	-0.168913	-0.165187	-0.153384	-0.145004	-0.155296	-0.210678	-0.339371	-0.541997	-0.789501	-1.04542	-1.2689	-1.40326	-1.38985	-1.20469	-0.874771	-0.45596	0	
0	0.210546	0.421061	0.62002	0.800719	0.969633	1.1171	1.23934	1.34058	1.41802	1.46679	1.47905	1.45139	1.40015	1.32489	1.21442	1.09181	0.977246	0.878299	0.786205	0.703939	0.633121	0.590369	0.582632	0.582459	0.571398	0.549596	0.528022	0.522812	0.553455	0.636531	0.74635	0.85866	0.94432	0.993259	0.975836	0.881278	0.716143	0.510378	0.290532	0.0705128	-0.13138	-0.289295	-0.371206	-0.35955	-0.263596	-0.112952	0.0511774	0.199331	0.308685	0.37603	0.405497	0.402436	0.371803	0.330514	0.26798	0.189008	0.104122	0.00670037	-0.0961991	-0.202243	-0.309968	-0.420202	-0.523534	-0.617583	-0.712439	-0.793936	-0.857787	-0.912274	-0.948743	-0.958448	-0.936626	-0.889722	-0.826171	-0.734769	-0.619945	-0.510333	-0.415992	-0.332029	-0.257405	-0.191848	-0.146699	-0.136504	-0.147542	-0.15225	-0.145674	-0.140453	-0.152765	-0.209745	-0.339555	-0.542314	-0.789015	-1.04384	-1.26642	-1.4002	-1.38668	-1.20204	-0.873098	-0.455244	0	
0	0.196731	0.396416	0.584815	0.754533	0.918694	1.06564	1.18348	1.27198	1.33161	1.36249	1.35095	1.30451	1.24482	1.1657	1.06492	0.963645	0.877033	0.809826	0.752046	0.696528	0.65421	0.63007	0.639073	0.648445	0.643606	0.626457	0.607893	0.605501	0.639589	0.723696	0.834836	0.94432	1.02798	1.07212	1.04885	0.948736	0.776284	0.565916	0.339763	0.11297	-0.094015	-0.261121	-0.349264	-0.347438	-0.265434	-0.128072	0.0159867	0.143068	0.23225	0.277319	0.283404	0.261613	0.210554	0.144138	0.063139	-0.025825	-0.116209	-0.216018	-0.317862	-0.415959	-0.511497	-0.608517	-0.6948	-0.76922	-0.8433	-0.899743	-0.933007	-0.952063	-0.948978	-0.916713	-0.854295	-0.77333	-0.685731	-0.582324	-0.468961	-0.372536	-0.298654	-0.23821	-0.186801	-0.141969	-0.114175	-0.117067	-0.136316	-0.14544	-0.141277	-0.137504	-0.150999	-0.209411	-0.340394	-0.543053	-0.788341	-1.04136	-1.26245	-1.39525	-1.38153	-1.19773	-0.870378	-0.454078	0	
0	0.172001	0.345598	0.51101	0.660872	0.801725	0.920447	1.00982	1.076	1.11403	1.12124	1.09809	1.04616	0.989921	0.929567	0.853894	0.786623	0.738371	0.708496	0.682238	0.657835	0.63619	0.634168	0.655282	0.67527	0.675634	0.663669	0.648511	0.650659	0.68791	0.775492	0.885713	0.993259	1.07212	1.10917	1.07822	0.966698	0.786291	0.565269	0.330236	0.0943833	-0.124144	-0.298816	-0.397428	-0.406563	-0.334819	-0.214874	-0.087558	0.0211343	0.087793	0.112059	0.100804	0.0589603	-0.00568858	-0.0750082	-0.158229	-0.248398	-0.337678	-0.430949	-0.520601	-0.606712	-0.688242	-0.766031	-0.83163	-0.883953	-0.929061	-0.950254	-0.946067	-0.925304	-0.88139	-0.812293	-0.721662	-0.624038	-0.531427	-0.43371	-0.336018	-0.261822	-0.211724	-0.173448	-0.140957	-0.111407	-0.0958272	-0.107454	-0.13128	-0.142041	-0.138503	-0.135207	-0.149552	-0.209534	-0.341877	-0.544217	-0.787447	-1.0379	-1.25683	-1.38817	-1.37412	-1.19154	-0.86646	-0.452392	0	
0	0.13808	0.281098	0.410096	0.518583	0.621667	0.702965	0.75398	0.781537	0.788361	0.778275	0.745434	0.702442	0.668349	0.635654	0.596031	0.567514	0.557036	0.559792	0.563648	0.55965	0.560622	0.572243	0.607919	0.634097	0.641106	0.632801	0.622885	0.628771	0.671865	0.761418	0.872259	0.975836	1.04885	1.07822	1.03521	0.913756	0.720424	0.490406	0.24533	-0.00162308	-0.227663	-0.413239	-0.519007	-0.536957	-0.478045	-0.370379	-0.258461	-0.166717	-0.112347	-0.0981413	-0.118542	-0.16173	-0.226136	-0.298405	-0.380619	-0.463376	-0.540799	-0.621614	-0.698884	-0.767243	-0.828622	-0.88571	-0.923125	-0.941123	-0.950087	-0.932654	-0.88872	-0.830976	-0.756821	-0.666734	-0.566004	-0.470115	-0.388528	-0.308051	-0.232546	-0.182224	-0.153533	-0.13264	-0.113442	-0.0939628	-0.0865322	-0.10383	-0.129774	-0.140358	-0.13638	-0.133087	-0.148277	-0.21016	-0.3441	-0.545857	-0.786314	-1.03335	-1.24934	-1.37864	-1.3641	-1.18314	-0.86114	-0.450095	0	
0	0.0941289	0.188799	0.270491	0.33158	0.385497	0.419029	0.427509	0.427371	0.415836	0.394835	0.368435	0.33787	0.325614	0.321015	0.309351	0.311949	0.330342	0.358043	0.381183	0.396253	0.410021	0.438272	0.481736	0.516904	0.526597	0.524581	0.517894	0.530425	0.578255	0.671852	0.782203	0.881278	0.948736	0.966698	0.913756	0.777062	0.573729	0.332564	0.0777751	-0.176291	-0.411315	-0.600181	-0.708733	-0.730248	-0.672337	-0.570389	-0.464772	-0.377162	-0.329122	-0.320014	-0.340114	-0.385219	-0.447433	-0.509952	-0.581022	-0.650977	-0.717345	-0.783918	-0.840182	-0.886692	-0.922061	-0.944286	-0.944962	-0.928262	-0.899207	-0.843386	-0.769223	-0.690039	-0.602505	-0.508853	-0.415045	-0.334863	-0.273085	-0.213541	-0.160075	-0.130497	-0.11814	-0.109022	-0.0980002	-0.084607	-0.0826398	-0.103697	-0.130159	-0.139407	-0.134395	-0.130951	-0.147207	-0.211449	-0.347226	-0.548051	-0.784919	-1.02758	-1.2397	-1.36623	-1.351	-1.17216	-0.854162	-0.447067	0	
0	0.0296517	0.0658314	0.0893777	0.0965317	0.105375	0.0998018	0.0789284	0.0583799	0.0382712	0.0197941	0.00182015	-0.00780445	0.00141394	0.0186455	0.028356	0.0511722	0.0878459	0.128039	0.162752	0.184845	0.209046	0.244154	0.295424	0.331753	0.345117	0.344241	0.342795	0.359196	0.414047	0.510526	0.620778	0.716143	0.776284	0.786291	0.720424	0.573729	0.360376	0.112584	-0.145965	-0.404988	-0.638998	-0.8268	-0.930749	-0.946947	-0.886485	-0.784627	-0.678918	-0.59476	-0.547633	-0.535406	-0.55268	-0.590077	-0.641522	-0.694722	-0.755113	-0.810656	-0.856604	-0.897975	-0.927353	-0.941006	-0.940819	-0.929544	-0.894253	-0.84123	-0.781804	-0.703871	-0.616025	-0.531268	-0.447179	-0.365139	-0.28896	-0.23034	-0.189777	-0.14924	-0.113938	-0.100046	-0.0986068	-0.0964191	-0.0897521	-0.079867	-0.0818709	-0.105582	-0.131488	-0.138639	-0.132303	-0.128774	-0.146491	-0.213641	-0.351454	-0.550884	-0.783231	-1.02043	-1.22758	-1.35047	-1.33429	-1.15812	-0.84522	-0.443161	0	
0	-0.0365135	-0.066907	-0.104368	-0.150943	-0.183126	-0.217145	-0.258046	-0.283612	-0.301235	-0.312561	-0.316183	-0.311929	-0.285934	-0.256464	-0.235189	-0.200895	-0.155648	-0.109711	-0.0719366	-0.046116	-0.0183491	0.0229419	0.075422	0.113045	0.124442	0.126281	0.126372	0.148914	0.209335	0.309598	0.420006	0.510378	0.565916	0.565269	0.490406	0.332564	0.112584	-0.138183	-0.399712	-0.656333	-0.888036	-1.06827	-1.16166	-1.16897	-1.09986	-0.992166	-0.884497	-0.797288	-0.746369	-0.731049	-0.74048	-0.769221	-0.808237	-0.844813	-0.884534	-0.912123	-0.930394	-0.942673	-0.937753	-0.918121	-0.885729	-0.839284	-0.773776	-0.702343	-0.629585	-0.54312	-0.457548	-0.383525	-0.314543	-0.250662	-0.195231	-0.158125	-0.135522	-0.10914	-0.087048	-0.0839785	-0.0889989	-0.090206	-0.0854102	-0.0776364	-0.082962	-0.108675	-0.133212	-0.137745	-0.130008	-0.126633	-0.146356	-0.217028	-0.357005	-0.554438	-0.781203	-1.0117	-1.2126	-1.3308	-1.31336	-1.14052	-0.83396	-0.438204	0	
0	-0.0976484	-0.183084	-0.267773	-0.352129	-0.416497	-0.475694	-0.528793	-0.55854	-0.574705	-0.582125	-0.578775	-0.563994	-0.532298	-0.496457	-0.472691	-0.433761	-0.385175	-0.340644	-0.302995	-0.277986	-0.248843	-0.204342	-0.152712	-0.117457	-0.108185	-0.106776	-0.103541	-0.076648	-0.00908087	0.0942566	0.204273	0.290532	0.339763	0.330236	0.24533	0.0777751	-0.145965	-0.399712	-0.658299	-0.912434	-1.13639	-1.30516	-1.38493	-1.37898	-1.29692	-1.18336	-1.06822	-0.975342	-0.91903	-0.892695	-0.888241	-0.899885	-0.917215	-0.928499	-0.939691	-0.938941	-0.927733	-0.906598	-0.869709	-0.819846	-0.761175	-0.696864	-0.619969	-0.542183	-0.469154	-0.391162	-0.320996	-0.264169	-0.213605	-0.16913	-0.132895	-0.113209	-0.103147	-0.0858556	-0.072794	-0.0767678	-0.0850341	-0.0873432	-0.0830089	-0.0767947	-0.0852971	-0.112536	-0.13499	-0.136549	-0.127502	-0.124676	-0.147093	-0.221941	-0.364099	-0.558773	-0.778765	-1.00118	-1.19434	-1.30661	-1.28756	-1.11878	-0.81998	-0.43199	0	
0	-0.128076	-0.246086	-0.362822	-0.474397	-0.555476	-0.626778	-0.693231	-0.730151	-0.750889	-0.763476	-0.763922	-0.750219	-0.721437	-0.693177	-0.671898	-0.637071	-0.592243	-0.552712	-0.521261	-0.499316	-0.470603	-0.426295	-0.376227	-0.346578	-0.339853	-0.339361	-0.333474	-0.300932	-0.226735	-0.11998	-0.0111706	0.0705128	0.11297	0.0943833	-0.00162308	-0.176291	-0.404988	-0.656333	-0.912434	-1.15871	-1.37158	-1.52421	-1.58524	-1.55951	-1.46262	-1.33515	-1.20853	-1.1062	-1.03519	-0.992215	-0.968393	-0.957332	-0.945793	-0.930104	-0.915299	-0.883292	-0.842666	-0.796031	-0.737576	-0.672957	-0.605722	-0.535003	-0.457945	-0.390331	-0.330652	-0.267378	-0.215682	-0.178146	-0.145419	-0.116748	-0.0950563	-0.0879007	-0.0853626	-0.0731173	-0.0661507	-0.0745821	-0.0839869	-0.0860417	-0.0814988	-0.0768427	-0.0886207	-0.1169	-0.136571	-0.134941	-0.124842	-0.123115	-0.149049	-0.228732	-0.372941	-0.56392	-0.775817	-0.98862	-1.17232	-1.27725	-1.25618	-1.09229	-0.802836	-0.424282	0	
0	-0.135276	-0.258995	-0.377638	-0.492332	-0.584439	-0.665392	-0.736234	-0.780957	-0.813202	-0.838272	-0.851106	-0.850985	-0.836307	-0.821786	-0.814711	-0.787571	-0.752381	-0.724759	-0.701071	-0.68664	-0.661447	-0.617982	-0.575863	-0.551045	-0.551311	-0.550722	-0.54338	-0.50486	-0.423587	-0.31481	-0.206651	-0.13138	-0.094015	-0.124144	-0.227663	-0.411315	-0.638998	-0.888036	-1.13639	-1.37158	-1.56897	-1.70024	-1.73598	-1.68837	-1.56772	-1.42332	-1.28058	-1.15991	-1.07116	-1.00848	-0.961129	-0.925121	-0.89119	-0.852655	-0.810537	-0.7566	-0.702203	-0.644017	-0.577845	-0.509989	-0.44516	-0.382756	-0.319181	-0.267502	-0.222696	-0.176856	-0.144575	-0.122941	-0.102962	-0.0855725	-0.0744004	-0.0753774	-0.0761635	-0.066347	-0.0638708	-0.0750962	-0.0842702	-0.0853258	-0.0803959	-0.0776418	-0.0928473	-0.121551	-0.137739	-0.132866	-0.122141	-0.122226	-0.152624	-0.23776	-0.383696	-0.56986	-0.772222	-0.973715	-1.14604	-1.24205	-1.21852	-1.06043	-0.782042	-0.414808	0	
