0	0	0	0	0	0	0	0	0	0	0	0	0	0	0	0	0	0	0	0	0	0	0	0	0	0	0	0	0	0	0	0	0	0	0	0	0	0	0	0	0	0	0	0	0	0	0	0	0	0	0	0	0	0	0	0	0	0	0	0	0	0	0	0	0	0	0	0	0	0	0	0	0	0	0	0	0	0	0	0	0	0	0	0	0	0	0	0	0	0	0	0	0	0	0	0	0	0	0	0	
0	-3.60961e-05	-0.00119481	-0.000604656	-0.000350341	0.00116343	-0.00200994	0.00137825	-4.50582e-06	-0.00438024	0.00245729	0.00242421	0.00102458	0.000841239	-0.00104536	-0.000648767	0.00156753	0.00170432	-0.00350202	-0.000138308	0.000359401	-0.00187358	-0.00165671	0.00106659	-0.0024983	-0.00273463	0.000987734	-0.00117401	-0.00250363	-0.00206399	0.000479273	-0.00066654	-0.00333071	-0.00300599	0.00223527	-0.000855503	-0.00471975	-0.00320389	0.00277385	-0.000563266	-0.00307118	-0.00448651	-0.00121503	0.00232907	0.0025553	-0.00374205	-0.00791746	-0.00261168	0.00567108	0.00466917	-0.00237952	-0.00938687	-0.0132626	-0.0129283	-0.00557868	0.000570032	-0.00104246	-0.0215866	-0.0517491	-0.0802625	-0.105344	-0.121255	-0.117598	-0.0890971	-0.0348675	0.0426079	0.113129	0.169355	0.211659	0.224627	0.218199	0.194834	0.149691	0.087326	0.0128347	-0.0580167	-0.106411	-0.121868	-0.114885	-0.0987794	-0.0698575	-0.0369915	-0.0126246	0.00285619	0.00207892	-0.0097606	-0.0138936	-0.0105001	-0.00616262	-0.00023846	0.00431481	0.00349007	-0.00331382	-0.009184	-0.00356317	0.00637575	0.00453516	-0.00423665	-0.00582952	0	
0	-0.00119481	0.0031634	-0.000127431	-0.00137588	0.00316527	-0.00404196	0.00269205	-0.000173486	0.000335928	0.0028933	-0.00763081	-0.0026873	0.00190189	-0.00127944	-6.72211e-05	-0.00163179	-0.000747066	-0.00111697	0.00190948	0.00358794	-0.00516574	0.00224909	0.00285778	-0.000120004	-0.00314864	0.00489898	0.00023928	-0.0021396	-0.000113964	0.00223613	0.00274342	-0.00548442	-0.000410009	0.00382053	0.00344207	-0.00936838	-0.000604999	0.00425326	0.00248503	-0.00611233	-0.00681664	-0.00217337	0.00372847	0.00327173	-0.00872618	-0.018558	-0.00558454	0.00575948	0.00697918	-0.00683432	-0.0216223	-0.0225453	-0.0262019	-0.00679529	0.0047178	-0.0029699	-0.0410948	-0.10404	-0.163684	-0.212388	-0.242452	-0.236245	-0.174137	-0.0615346	0.0846951	0.225097	0.338873	0.414226	0.442714	0.440868	0.393787	0.296652	0.169173	0.023124	-0.112526	-0.205942	-0.241365	-0.232138	-0.197055	-0.137108	-0.0745539	-0.0278423	0.00396899	0.0042623	-0.0181768	-0.027052	-0.021024	-0.0123805	-0.000837034	0.00808739	0.00666647	-0.00639981	-0.0174376	-0.00674993	0.011693	0.00822996	-0.00781123	-0.0106304	0	
0	-0.000604656	-0.000127431	0.000367275	-0.00195391	0.00275021	-0.00332356	0.00144695	-8.68465e-05	-0.00513588	0.00498461	0.000125438	0.000427733	0.00164366	-0.0026608	-0.00152598	0.000483311	0.00252761	-0.00445879	-0.00193215	0.00108638	-0.00494705	-0.000840189	0.00148557	-0.0046858	-0.00467107	0.00253557	-0.00181972	-0.00543096	-0.00248221	0.000631161	-0.000103796	-0.00824427	-0.00396463	0.00395906	-0.000505738	-0.0123004	-0.00449921	0.00493921	-0.000469849	-0.00901921	-0.0104579	-0.0034509	0.00502372	0.00370609	-0.0118541	-0.0227083	-0.00629608	0.0109618	0.0102488	-0.00986011	-0.0282072	-0.035859	-0.0350965	-0.013164	0.0021433	-0.00864712	-0.0684927	-0.155804	-0.242205	-0.314126	-0.356923	-0.346355	-0.256776	-0.0927255	0.125067	0.334653	0.503963	0.620623	0.664159	0.651755	0.579673	0.442013	0.25495	0.0385429	-0.164382	-0.306157	-0.358344	-0.341782	-0.290651	-0.207805	-0.116178	-0.0427937	0.00382713	0.00374642	-0.025572	-0.0375704	-0.0306634	-0.01906	-0.00247348	0.0108756	0.00926478	-0.00904353	-0.0238643	-0.00925412	0.0149689	0.0103912	-0.010127	-0.0135644	0	
0	-0.000350341	-0.00137588	-0.00195391	-0.000535176	0.00119905	-0.0026014	0.00271825	0.000300109	-0.00275574	0.000598786	-0.00225656	0.000562073	0.00134142	-0.00115776	-0.000328811	0.00155828	-0.00202222	-0.00326443	0.0018839	0.002381	-0.00556213	-0.000705581	0.00216409	-0.00344367	-0.00410475	0.00304837	-0.00279269	-0.00392493	-0.00308854	0.00178104	-0.00179274	-0.00698006	-0.00445077	0.00479508	-0.00205012	-0.0121404	-0.00408424	0.00479528	-0.000747452	-0.0107405	-0.0108272	-0.00377901	0.00511336	0.00300212	-0.0165777	-0.024833	-0.00889592	0.0125682	0.00857367	-0.0150517	-0.0361877	-0.0467139	-0.0418572	-0.0168444	0.000747601	-0.018442	-0.0958964	-0.209692	-0.321101	-0.414222	-0.468808	-0.448682	-0.33124	-0.115375	0.166098	0.437784	0.661949	0.81566	0.879401	0.864726	0.763923	0.580646	0.334616	0.0505257	-0.211644	-0.391979	-0.465236	-0.452246	-0.38467	-0.275698	-0.157968	-0.0619102	-0.00171014	0.00164289	-0.0297816	-0.0454503	-0.0399298	-0.0259163	-0.00494425	0.0121498	0.0105866	-0.0110608	-0.0275157	-0.0108694	0.0153708	0.0105843	-0.0107294	-0.0141409	0	
0	0.00116343	0.00316527	0.00275021	0.00119905	-0.000455813	-0.00118066	-0.00110269	-0.00319716	0.00141861	0.00217746	-0.00397403	-0.00298157	-0.00235753	-0.00136595	-0.00134309	-0.00257636	0.000120572	-0.000305866	-0.00124705	-0.000426194	-0.00281394	0.0015351	0.00045834	-0.00245152	-0.00166068	0.00223991	-0.00175856	-0.0027356	-0.000922079	0.000872715	-0.000966255	-0.00573887	-0.00195492	0.00313734	-0.00210419	-0.0103979	-0.00258882	0.00340142	-0.00202303	-0.0109573	-0.0108968	-0.00432516	0.00343939	-0.00177311	-0.0195892	-0.0280314	-0.009828	0.00909413	0.00360816	-0.0205105	-0.0449194	-0.0534125	-0.0454866	-0.019196	-0.00105063	-0.0322649	-0.127516	-0.261598	-0.400265	-0.512716	-0.572282	-0.547609	-0.398046	-0.129235	0.205094	0.540548	0.818806	1.00173	1.082	1.06434	0.941881	0.716476	0.409708	0.0662776	-0.248028	-0.471733	-0.569124	-0.554552	-0.469879	-0.343817	-0.205439	-0.0852844	-0.0111164	-0.00255268	-0.0319904	-0.0505508	-0.0478608	-0.0324731	-0.00838545	0.0113282	0.0100047	-0.0122455	-0.0276743	-0.0115671	0.0124171	0.00873323	-0.00941925	-0.0123308	0	
0	-0.00200994	-0.00404196	-0.00332356	-0.0026014	-0.00118066	0.00239408	0.000221551	0.0019581	-0.000209435	-0.0033723	0.00172683	0.00306964	-4.46973e-05	0.000694865	-0.00125845	-0.000724387	-0.00177611	-0.00229101	-0.00297368	-0.00242285	-0.0022215	-0.00417813	-0.00288712	-0.00481821	-0.00257324	-0.00430386	-0.00423471	-0.00470256	-0.00413944	-0.00364714	-0.00579433	-0.00579238	-0.00579604	-0.00183205	-0.00800247	-0.00898478	-0.00649189	-0.00156746	-0.00705023	-0.0121607	-0.0113947	-0.00578271	0.000388551	-0.00570371	-0.0199714	-0.0230702	-0.00804349	0.0091833	0.000761372	-0.0237327	-0.0474741	-0.0592401	-0.0470447	-0.0251515	-0.013652	-0.0569887	-0.167241	-0.318341	-0.474072	-0.599868	-0.663987	-0.626096	-0.450518	-0.143729	0.240793	0.632484	0.958354	1.18093	1.28653	1.2592	1.10477	0.839108	0.482701	0.0848221	-0.279302	-0.538454	-0.657571	-0.648903	-0.554421	-0.413094	-0.253251	-0.111588	-0.0274684	-0.0109438	-0.0321749	-0.0520464	-0.0538982	-0.0385727	-0.0126614	0.00812387	0.00695719	-0.0125416	-0.0240667	-0.0114465	0.0061885	0.00512887	-0.00636947	-0.00859165	0	
0	0.00137825	0.00269205	0.00144695	0.00271825	-0.00110269	0.000221551	-0.00457614	-0.00139496	0.00043634	-0.00541095	0.0023331	-0.00216719	-0.00474765	0.000333059	-0.00207717	-0.000227779	-0.00146433	0.000528499	-0.00047774	-0.00240152	0.00283646	-0.00319054	-0.000966853	-0.000448416	0.000517217	-0.00375593	-0.00175199	-8.24056e-05	-0.00281361	-0.00223007	-0.00472955	6.1039e-05	-0.00424638	-0.00258379	-0.00668909	-0.00211528	-0.00506656	-0.00310785	-0.00702985	-0.00836067	-0.00877107	-0.00495402	-0.00451679	-0.0101153	-0.0214669	-0.0197255	-0.0118121	0.000373863	-0.0106286	-0.0319163	-0.0539301	-0.0624132	-0.0465758	-0.0281041	-0.0242482	-0.0825157	-0.204253	-0.372436	-0.546104	-0.684953	-0.751519	-0.698435	-0.494681	-0.147987	0.282391	0.723499	1.09285	1.34739	1.46918	1.4357	1.26027	0.957807	0.55143	0.104804	-0.30035	-0.591943	-0.73521	-0.734706	-0.632448	-0.479076	-0.302925	-0.145439	-0.0514915	-0.0214639	-0.0306652	-0.0515248	-0.0580682	-0.0431668	-0.0171168	0.00222808	0.000994071	-0.0120143	-0.017047	-0.0107006	-0.00252318	0.000372072	-0.00219372	-0.00379615	0	
0	-4.50582e-06	-0.000173486	-8.68465e-05	0.000300109	-0.00319716	0.0019581	-0.00139496	-0.000852164	0.00206555	-0.00165887	0.00152258	-0.00375783	-0.00451059	0.00268736	-0.00127097	-0.0061751	0.000296607	-0.00110454	-0.00343767	-0.00644015	0.00360447	-0.0061602	-0.00418172	-0.000622287	-0.00164432	-0.00777953	-0.00184726	-0.00165377	-0.00418015	-0.0069161	-0.00485336	-0.00062415	-0.00590944	-0.00903979	-0.00736481	-0.0004316	-0.00888468	-0.00889868	-0.0107626	-0.00730692	-0.00926006	-0.00838529	-0.0107238	-0.017185	-0.0175799	-0.0164015	-0.0115765	-0.00797561	-0.0186783	-0.0338536	-0.0554778	-0.0586152	-0.0446572	-0.0343675	-0.0451947	-0.118113	-0.252322	-0.429129	-0.615017	-0.761767	-0.818977	-0.75261	-0.522893	-0.143013	0.319465	0.80344	1.21441	1.50052	1.63767	1.59933	1.40577	1.06573	0.611544	0.127379	-0.308481	-0.631139	-0.799159	-0.808149	-0.704163	-0.543928	-0.354471	-0.184711	-0.0816239	-0.0359682	-0.030651	-0.0493349	-0.0588543	-0.0455827	-0.0218836	-0.00635224	-0.00750538	-0.0109203	-0.00791478	-0.00956077	-0.0121435	-0.00474066	0.00207173	0.000929963	0	
0	-0.00438024	0.000335928	-0.00513588	-0.00275574	0.00141861	-0.000209435	0.00043634	0.00206555	-0.00017808	-0.00483574	0.000588645	-0.000406222	0.00235656	-0.00104253	-0.00219026	-0.00240241	-0.000705127	-0.00291353	-0.00447213	-0.00194162	0.000438766	-0.00781215	-0.0054241	0.00125709	-0.00528763	-0.00893068	-0.00194558	-0.00268818	-0.00623958	-0.00964552	-0.00417711	-0.00181311	-0.00741541	-0.0146039	-0.0048302	-0.00106885	-0.0107382	-0.0150692	-0.0108063	-0.00593963	-0.00916374	-0.0106525	-0.0184143	-0.0190107	-0.0139381	-0.0106409	-0.0137474	-0.019036	-0.0257021	-0.0382971	-0.0542153	-0.054231	-0.0451836	-0.0441845	-0.0736054	-0.161245	-0.300075	-0.486318	-0.678322	-0.823131	-0.876452	-0.788217	-0.535274	-0.136827	0.358856	0.876053	1.32001	1.63848	1.79156	1.75162	1.53241	1.15478	0.672347	0.158334	-0.311017	-0.656851	-0.842553	-0.868567	-0.771876	-0.605169	-0.405143	-0.229778	-0.118703	-0.0554036	-0.0334003	-0.0459693	-0.0562129	-0.045727	-0.0266566	-0.0168393	-0.0176697	-0.00999201	0.00126325	-0.0081137	-0.0205434	-0.00942332	0.0051438	0.00446052	0	
0	0.00245729	0.0028933	0.00498461	0.000598786	0.00217746	-0.0033723	-0.00541095	-0.00165887	-0.00483574	-0.00191194	0.00279084	-0.00356588	-0.00328481	-0.00300014	-0.00216943	-0.000733344	-0.00124853	0.00278841	-0.00532568	-0.000318787	0.000435321	-0.0031649	-0.00279255	0.00213166	-0.00458633	-0.00524116	0.000142519	-0.00175498	-0.00547154	-0.00725015	-0.001754	-0.000275741	-0.00762788	-0.0137809	-0.000169735	4.96669e-05	-0.010415	-0.0169571	-0.00658645	-0.00361225	-0.00676434	-0.0137337	-0.023646	-0.0192529	-0.0102462	-0.00815319	-0.021291	-0.0342408	-0.0354187	-0.0459634	-0.0515177	-0.0510386	-0.0462414	-0.0561108	-0.107094	-0.202358	-0.348351	-0.539828	-0.733256	-0.879142	-0.920715	-0.811661	-0.540633	-0.119663	0.402925	0.9457	1.41952	1.75985	1.9185	1.87355	1.64067	1.24323	0.731812	0.188236	-0.30054	-0.665881	-0.873587	-0.915888	-0.82699	-0.659962	-0.458219	-0.281258	-0.160362	-0.0796129	-0.04109	-0.0431131	-0.0504841	-0.0432802	-0.0310125	-0.0281537	-0.0282581	-0.0102002	0.00809309	-0.006329	-0.0255681	-0.0130616	0.0058404	0.00594085	0	
0	0.00242421	-0.00763081	0.000125438	-0.00225656	-0.00397403	0.00172683	0.0023331	0.00152258	0.000588645	0.00279084	-0.00324953	-0.00487035	-0.001744	-0.000221544	-0.00140365	-0.00156536	-0.00691091	-0.00350583	-0.00562648	-0.00130722	-0.00460888	-0.00692899	-0.00449532	-0.00230027	-0.00747222	-0.00651499	-0.00329207	-0.00530429	-0.00824769	-0.008271	-0.00459655	-0.00384446	-0.0125026	-0.0141508	-0.00267276	-0.00427397	-0.0164273	-0.020541	-0.00825875	-0.00709455	-0.0100811	-0.0228528	-0.0287889	-0.0211579	-0.00653337	-0.00786652	-0.0296137	-0.0424711	-0.0415617	-0.0431463	-0.0422123	-0.043816	-0.0463006	-0.077469	-0.148885	-0.25311	-0.406578	-0.595235	-0.7838	-0.922351	-0.941478	-0.81146	-0.52752	-0.0894109	0.445524	1.00056	1.49979	1.85673	2.02189	1.98259	1.73925	1.31726	0.781662	0.220426	-0.281289	-0.658452	-0.881113	-0.946998	-0.876072	-0.710468	-0.509544	-0.334607	-0.205761	-0.111026	-0.0559416	-0.0415229	-0.0419749	-0.0386823	-0.0349102	-0.0387436	-0.0376886	-0.0125937	0.0103929	-0.00415227	-0.0257039	-0.0153159	0.00350565	0.00502131	0	
0	0.00102458	-0.0026873	0.000427733	0.000562073	-0.00298157	0.00306964	-0.00216719	-0.00375783	-0.000406222	-0.00356588	-0.00487035	0.00253878	0.00298144	-0.003852	-0.00405197	-0.0018407	-0.00251201	-0.000578159	-0.00116487	-0.00407771	-0.00444703	-0.00277752	-0.0016086	-0.00547992	-0.00532916	-0.00390198	-0.00399846	-0.00624534	-0.00706806	-0.00630909	-0.00504576	-0.00586049	-0.0123006	-0.0100981	-0.00350882	-0.00614862	-0.0176923	-0.0167239	-0.00763817	-0.00540766	-0.0126027	-0.0252309	-0.0292009	-0.0172119	-0.00276765	-0.0110585	-0.0386784	-0.0524421	-0.048796	-0.0425603	-0.0376296	-0.0419488	-0.0552959	-0.108565	-0.192566	-0.305594	-0.458976	-0.639719	-0.824435	-0.946044	-0.947299	-0.802487	-0.503212	-0.0573448	0.486026	1.05583	1.57012	1.93386	2.10483	2.06663	1.80799	1.37227	0.833212	0.26559	-0.248443	-0.63876	-0.87808	-0.964936	-0.907122	-0.749921	-0.562359	-0.391174	-0.253197	-0.148851	-0.0781815	-0.0427569	-0.0329628	-0.0330384	-0.0375639	-0.046625	-0.0448961	-0.0181047	0.0070584	-0.00162115	-0.020797	-0.0161749	-0.00159824	0.00201337	0	
0	0.000841239	0.00190189	0.00164366	0.00134142	-0.00235753	-4.46973e-05	-0.00474765	-0.00451059	0.00235656	-0.00328481	-0.001744	0.00298144	-0.00693374	-0.00608759	0.00217979	-0.000803098	-0.00421826	-0.00147245	-0.00220813	-0.00533168	-0.00424757	0.00134084	-0.00624365	-0.00746718	-0.00261501	-0.00299359	-0.00752593	-0.00744945	-0.00523099	-0.00628386	-0.00679713	-0.00995772	-0.00951448	-0.00886204	-0.00583996	-0.0118456	-0.0157698	-0.0156855	-0.00755522	-0.00899002	-0.0163647	-0.029019	-0.027768	-0.0149748	-0.00312323	-0.0199498	-0.0468613	-0.0616956	-0.0517826	-0.0390519	-0.0326596	-0.0388235	-0.0724846	-0.141739	-0.240146	-0.359947	-0.508385	-0.683237	-0.855003	-0.95676	-0.938679	-0.777841	-0.46611	-0.0142547	0.531516	1.10841	1.62451	1.98381	2.1576	2.11752	1.85678	1.42991	0.886933	0.304919	-0.212191	-0.603751	-0.855615	-0.962008	-0.923679	-0.786212	-0.613216	-0.442903	-0.3021	-0.194862	-0.107502	-0.048246	-0.0263128	-0.0273666	-0.0379314	-0.0504947	-0.0496594	-0.0267342	-0.00133872	0.000768776	-0.012486	-0.0158661	-0.00811363	-0.00211039	0	
0	-0.00104536	-0.00127944	-0.0026608	-0.00115776	-0.00136595	0.000694865	0.000333059	0.00268736	-0.00104253	-0.00300014	-0.000221544	-0.003852	-0.00608759	-0.00159239	0.000351143	-0.00576626	-0.00623582	-0.00474047	-0.00230557	-0.0061917	-0.00443955	-0.00171638	-0.00917147	-0.00650191	-0.000296583	-0.00652402	-0.00955039	-0.00666636	-0.00354845	-0.00736226	-0.00972999	-0.011579	-0.00645518	-0.00809789	-0.0119769	-0.01498	-0.0143355	-0.014089	-0.0119279	-0.0141855	-0.022815	-0.0313664	-0.0264226	-0.0147436	-0.0101701	-0.0305594	-0.0552106	-0.066014	-0.0509696	-0.0335095	-0.0249465	-0.0425665	-0.093825	-0.181834	-0.291749	-0.414593	-0.55857	-0.721846	-0.873567	-0.950321	-0.913049	-0.733568	-0.414641	0.0334997	0.580754	1.15011	1.65434	2.01419	2.18577	2.14231	1.89215	1.4721	0.926505	0.3504	-0.159986	-0.555961	-0.819026	-0.943304	-0.927917	-0.812074	-0.654357	-0.491782	-0.355407	-0.245319	-0.141328	-0.061097	-0.0254586	-0.0223198	-0.0353075	-0.0501761	-0.052304	-0.0371506	-0.0127148	0.00188407	-0.00392927	-0.0147364	-0.0138399	-0.00589583	0	
0	-0.000648767	-6.72211e-05	-0.00152598	-0.000328811	-0.00134309	-0.00125845	-0.00207717	-0.00127097	-0.00219026	-0.00216943	-0.00140365	-0.00405197	0.00217979	0.000351143	-0.0032188	-0.00600832	-0.00358012	0.00154601	-0.0024758	-0.00879404	-0.00395829	-0.00125737	-0.00902751	-0.00684676	-0.00157357	-0.0100347	-0.00969106	-0.00706642	-0.00497986	-0.0102659	-0.0134265	-0.012243	-0.00474206	-0.0108841	-0.0185812	-0.0161255	-0.011097	-0.0136386	-0.0160848	-0.0183872	-0.0254828	-0.0275283	-0.0211642	-0.0134377	-0.0184241	-0.038519	-0.0587335	-0.0662085	-0.0479175	-0.029887	-0.0246	-0.0571343	-0.127748	-0.228651	-0.345044	-0.466302	-0.599957	-0.747294	-0.873452	-0.926826	-0.872077	-0.680373	-0.359355	0.0878942	0.629418	1.18533	1.67595	2.02193	2.18186	2.14218	1.90553	1.49517	0.963726	0.406254	-0.0974882	-0.499993	-0.773511	-0.909809	-0.912687	-0.822843	-0.68871	-0.539418	-0.408356	-0.295631	-0.180258	-0.0839417	-0.0321785	-0.0189573	-0.0301561	-0.0464473	-0.0532981	-0.0469384	-0.0241367	0.000218433	0.00112365	-0.0132229	-0.0164206	-0.00774142	0	
0	0.00156753	-0.00163179	0.000483311	0.00155828	-0.00257636	-0.000724387	-0.000227779	-0.0061751	-0.00240241	-0.000733344	-0.00156536	-0.0018407	-0.000803098	-0.00576626	-0.00600832	-0.00047203	0.000143142	-0.00468234	-0.00728756	-0.00528107	-0.000500971	-0.0038755	-0.0108414	-0.00339519	-0.00341552	-0.0089641	-0.00952317	-0.00509525	-0.00599316	-0.0104822	-0.0141718	-0.00946967	-0.0027692	-0.014512	-0.0213342	-0.0138523	-0.00725934	-0.0150916	-0.0210848	-0.0228115	-0.0268272	-0.0231739	-0.0188904	-0.0194635	-0.031931	-0.0477615	-0.0620049	-0.0634427	-0.0465614	-0.0253447	-0.0315777	-0.0776891	-0.166284	-0.276869	-0.394757	-0.513611	-0.635521	-0.761918	-0.859472	-0.891142	-0.816232	-0.61656	-0.29583	0.150791	0.677872	1.2126	1.68239	2.00632	2.15073	2.11388	1.89426	1.50771	1.00536	0.466126	-0.0371928	-0.440731	-0.71071	-0.854003	-0.884095	-0.825649	-0.711932	-0.578144	-0.45852	-0.346197	-0.223837	-0.116223	-0.0477045	-0.0192649	-0.0239405	-0.0409819	-0.0529963	-0.0531036	-0.0327876	-0.00558946	-0.000322245	-0.0118375	-0.0142949	-0.00640054	0	
0	0.00170432	-0.000747066	0.00252761	-0.00202222	0.000120572	-0.00177611	-0.00146433	0.000296607	-0.000705127	-0.00124853	-0.00691091	-0.00251201	-0.00421826	-0.00623582	-0.00358012	0.000143142	-0.00668043	-0.00875681	-0.00309533	-0.000364683	-0.00648357	-0.00775261	-0.00649836	-0.00133886	-0.00757707	-0.00873208	-0.0081563	-0.00451567	-0.00811058	-0.011277	-0.0140143	-0.00634296	-0.00533225	-0.0185703	-0.0221409	-0.0106517	-0.00657767	-0.0200803	-0.0258074	-0.0282818	-0.0245027	-0.0208285	-0.0193926	-0.0316536	-0.0459014	-0.0548305	-0.0611421	-0.0599744	-0.0425452	-0.0275301	-0.0442342	-0.107985	-0.210164	-0.322511	-0.442798	-0.552275	-0.661401	-0.762561	-0.832469	-0.841411	-0.751368	-0.546978	-0.219287	0.217289	0.725848	1.23629	1.66706	1.96234	2.09653	2.06649	1.86651	1.50772	1.03812	0.520041	0.0280773	-0.364037	-0.63373	-0.794691	-0.847496	-0.806535	-0.716054	-0.612621	-0.507268	-0.392143	-0.268873	-0.15782	-0.0729567	-0.0249716	-0.0194257	-0.0362061	-0.0509947	-0.0530376	-0.0372416	-0.0160073	-0.009041	-0.0111408	-0.00763599	-0.00157961	0	
0	-0.00350202	-0.00111697	-0.00445879	-0.00326443	-0.000305866	-0.00229101	0.000528499	-0.00110454	-0.00291353	0.00278841	-0.00350583	-0.000578159	-0.00147245	-0.00474047	0.00154601	-0.00468234	-0.00875681	-0.00552263	-0.000646736	-0.00717362	-0.013506	-0.00544246	-0.00439795	-0.0096706	-0.0130917	-0.00903333	-0.0083359	-0.0108253	-0.0123439	-0.0156184	-0.0130039	-0.010189	-0.0122189	-0.0250026	-0.0212585	-0.0115517	-0.0116639	-0.0271268	-0.0320999	-0.0303633	-0.0219052	-0.0179933	-0.0240138	-0.0442982	-0.0537039	-0.0552283	-0.0523727	-0.0518194	-0.0378436	-0.033036	-0.067343	-0.14761	-0.258252	-0.373279	-0.487384	-0.587701	-0.677154	-0.745586	-0.788872	-0.774053	-0.673472	-0.466225	-0.140846	0.281636	0.768645	1.24252	1.63871	1.90755	2.02194	1.99537	1.81779	1.49536	1.06339	0.570988	0.102052	-0.279438	-0.558149	-0.728514	-0.787947	-0.766676	-0.712894	-0.640627	-0.543237	-0.43115	-0.317887	-0.206419	-0.105222	-0.0384813	-0.0212821	-0.0339937	-0.0460243	-0.0461368	-0.0381064	-0.029682	-0.0228018	-0.0117731	0.00120828	0.00562669	0	
0	-0.000138308	0.00190948	-0.00193215	0.0018839	-0.00124705	-0.00297368	-0.00047774	-0.00343767	-0.00447213	-0.00532568	-0.00562648	-0.00116487	-0.00220813	-0.00230557	-0.0024758	-0.00728756	-0.00309533	-0.000646736	-0.00209612	-0.00787161	-0.00615283	-0.000649504	-0.00384248	-0.0123113	-0.00687486	-0.00358956	-0.00767215	-0.0117282	-0.01115	-0.0104976	-0.00914685	-0.010316	-0.0163271	-0.0196946	-0.0155484	-0.00864052	-0.0155798	-0.0273932	-0.0322878	-0.0254492	-0.0160861	-0.0168928	-0.0331612	-0.0564184	-0.0606399	-0.0530744	-0.0483339	-0.0483131	-0.043591	-0.0532306	-0.103194	-0.196114	-0.30569	-0.416778	-0.520658	-0.606923	-0.671541	-0.712605	-0.730143	-0.699605	-0.594891	-0.381765	-0.0617159	0.34665	0.807226	1.24018	1.59622	1.83155	1.93275	1.91085	1.75191	1.46718	1.07555	0.621438	0.181416	-0.197139	-0.479327	-0.646734	-0.71478	-0.71883	-0.696514	-0.648486	-0.56577	-0.469127	-0.367701	-0.254376	-0.143229	-0.0638912	-0.0330298	-0.034721	-0.037774	-0.0347473	-0.0371689	-0.043153	-0.0370128	-0.0143724	0.00823637	0.0127229	0	
0	0.000359401	0.00358794	0.00108638	0.002381	-0.000426194	-0.00242285	-0.00240152	-0.00644015	-0.00194162	-0.000318787	-0.00130722	-0.00407771	-0.00533168	-0.0061917	-0.00879404	-0.00528107	-0.000364683	-0.00717362	-0.00787161	-0.00776146	-0.0071918	-0.0029804	-0.00910754	-0.0126334	-0.00592152	-0.00453659	-0.0127457	-0.0135797	-0.011063	-0.00859828	-0.0108058	-0.0174642	-0.019133	-0.0164651	-0.0138663	-0.016109	-0.0226441	-0.0318047	-0.0338399	-0.0240489	-0.0177545	-0.0249054	-0.0498152	-0.0675639	-0.0639827	-0.0492486	-0.0422714	-0.0466848	-0.0533346	-0.0792767	-0.146372	-0.241794	-0.350587	-0.452957	-0.544291	-0.614867	-0.650814	-0.664974	-0.66118	-0.619083	-0.508495	-0.297052	0.0173692	0.410246	0.834977	1.22953	1.54415	1.74316	1.82714	1.80573	1.67427	1.43004	1.07962	0.669132	0.252651	-0.119439	-0.391001	-0.556112	-0.636711	-0.65868	-0.659656	-0.637362	-0.578897	-0.502605	-0.410516	-0.298615	-0.187784	-0.101949	-0.0554564	-0.0392463	-0.0283298	-0.023081	-0.0359981	-0.0519227	-0.0465415	-0.0192307	0.00925451	0.0164066	0	
0	-0.00187358	-0.00516574	-0.00494705	-0.00556213	-0.00281394	-0.0022215	0.00283646	0.00360447	0.000438766	0.000435321	-0.00460888	-0.00444703	-0.00424757	-0.00443955	-0.00395829	-0.000500971	-0.00648357	-0.013506	-0.00615283	-0.0071918	-0.00800277	-0.00694116	-0.0133607	-0.0128975	-0.00638674	-0.0094369	-0.0178606	-0.0150567	-0.011566	-0.0101524	-0.0179959	-0.0242289	-0.0197517	-0.0132256	-0.0193277	-0.0254122	-0.0293451	-0.0332043	-0.0327774	-0.0232734	-0.0213828	-0.0380779	-0.0615722	-0.0717867	-0.0591315	-0.0409766	-0.0364199	-0.0470171	-0.0712478	-0.1152	-0.193178	-0.289092	-0.390651	-0.481881	-0.560678	-0.606831	-0.616832	-0.606496	-0.582339	-0.532696	-0.416416	-0.20424	0.100005	0.465894	0.851592	1.19971	1.46833	1.64352	1.71925	1.70242	1.5924	1.37813	1.0698	0.699468	0.310893	-0.0343056	-0.29388	-0.466424	-0.554307	-0.585805	-0.605392	-0.607667	-0.57891	-0.52623	-0.443534	-0.338646	-0.236638	-0.149912	-0.0882295	-0.0494297	-0.0218759	-0.0157453	-0.0350114	-0.052207	-0.0479494	-0.0259918	0.00181529	0.0138676	0	
0	-0.00165671	0.00224909	-0.000840189	-0.000705581	0.0015351	-0.00417813	-0.00319054	-0.0061602	-0.00781215	-0.0031649	-0.00692899	-0.00277752	0.00134084	-0.00171638	-0.00125737	-0.0038755	-0.00775261	-0.00544246	-0.000649504	-0.0029804	-0.00694116	-0.00887108	-0.0112496	-0.00538213	-0.00579031	-0.012863	-0.0164152	-0.0107858	-0.00889351	-0.0120066	-0.0213086	-0.0233768	-0.0122678	-0.0108208	-0.0231261	-0.0302619	-0.0267678	-0.0281564	-0.0257909	-0.0207347	-0.027107	-0.0483772	-0.0667783	-0.0666677	-0.0509421	-0.0349391	-0.0359681	-0.0611092	-0.104223	-0.166425	-0.248705	-0.33796	-0.42794	-0.503127	-0.559421	-0.577602	-0.559133	-0.525634	-0.491854	-0.437385	-0.323329	-0.121418	0.166752	0.502273	0.850384	1.15934	1.39575	1.54852	1.60836	1.59378	1.49921	1.31061	1.04323	0.717174	0.370046	0.0508681	-0.205923	-0.378339	-0.465308	-0.503066	-0.53302	-0.559694	-0.566345	-0.535342	-0.462892	-0.373748	-0.287192	-0.203241	-0.128768	-0.0677678	-0.0246158	-0.01613	-0.0328724	-0.0429016	-0.041441	-0.0335035	-0.0130664	0.00439959	0	
0	0.00106659	0.00285778	0.00148557	0.00216409	0.00045834	-0.00288712	-0.000966853	-0.00418172	-0.0054241	-0.00279255	-0.00449532	-0.0016086	-0.00624365	-0.00917147	-0.00902751	-0.0108414	-0.00649836	-0.00439795	-0.00384248	-0.00910754	-0.0133607	-0.0112496	-0.00288508	-0.00540253	-0.0136421	-0.0152468	-0.0102841	-0.0085097	-0.0110757	-0.0165189	-0.0226213	-0.018479	-0.00910168	-0.0149563	-0.0319299	-0.0330873	-0.0266742	-0.0255153	-0.0271678	-0.0294307	-0.0439535	-0.064425	-0.0712563	-0.065096	-0.0483617	-0.0376774	-0.0468968	-0.0861842	-0.148197	-0.218225	-0.296034	-0.373314	-0.446409	-0.504033	-0.535941	-0.527535	-0.489303	-0.443085	-0.403747	-0.349337	-0.236253	-0.0412025	0.226799	0.532406	0.840998	1.10927	1.315	1.44603	1.49778	1.48458	1.3988	1.23865	1.01013	0.72365	0.41527	0.119248	-0.125755	-0.287111	-0.370262	-0.408809	-0.448869	-0.503475	-0.535345	-0.51904	-0.46953	-0.406903	-0.334306	-0.253792	-0.173823	-0.098637	-0.0424136	-0.0241422	-0.027801	-0.0275083	-0.0310319	-0.039614	-0.0305047	-0.00964889	0	
0	-0.0024983	-0.000120004	-0.0046858	-0.00344367	-0.00245152	-0.00481821	-0.000448416	-0.000622287	0.00125709	0.00213166	-0.00230027	-0.00547992	-0.00746718	-0.00650191	-0.00684676	-0.00339519	-0.00133886	-0.0096706	-0.0123113	-0.0126334	-0.0128975	-0.00538213	-0.00540253	-0.0184706	-0.0211636	-0.0104931	-0.0106288	-0.0155139	-0.0202432	-0.0218885	-0.0234274	-0.0169718	-0.0149458	-0.0265122	-0.0395096	-0.0347586	-0.025428	-0.0255471	-0.0320194	-0.0422949	-0.0592503	-0.0691088	-0.0659118	-0.0546305	-0.0437916	-0.0394918	-0.0616656	-0.11914	-0.195955	-0.269403	-0.338569	-0.40152	-0.458683	-0.49443	-0.498147	-0.46619	-0.408346	-0.353277	-0.311488	-0.254548	-0.147702	0.0323131	0.275639	0.544035	0.812529	1.04745	1.22689	1.34331	1.39194	1.38194	1.30892	1.1671	0.961834	0.709917	0.435869	0.169443	-0.0451721	-0.189111	-0.271792	-0.315359	-0.366318	-0.431743	-0.47199	-0.481821	-0.471786	-0.432294	-0.367656	-0.296647	-0.223393	-0.144757	-0.0758003	-0.0371406	-0.0213856	-0.0137474	-0.021951	-0.0415101	-0.0434874	-0.0232333	0	
0	-0.00273463	-0.00314864	-0.00467107	-0.00410475	-0.00166068	-0.00257324	0.000517217	-0.00164432	-0.00528763	-0.00458633	-0.00747222	-0.00532916	-0.00261501	-0.000296583	-0.00157357	-0.00341552	-0.00757707	-0.0130917	-0.00687486	-0.00592152	-0.00638674	-0.00579031	-0.0136421	-0.0211636	-0.0108964	-0.00524667	-0.0147624	-0.0207048	-0.02098	-0.0198042	-0.0178335	-0.0160841	-0.0222122	-0.0325252	-0.0380813	-0.0292315	-0.0219207	-0.0250538	-0.0395831	-0.0550969	-0.0667012	-0.0649315	-0.0542139	-0.0475854	-0.0440725	-0.0525685	-0.0910894	-0.16608	-0.251946	-0.31986	-0.375747	-0.421489	-0.457418	-0.465437	-0.440982	-0.385238	-0.315794	-0.256663	-0.212789	-0.161083	-0.0644388	0.0933298	0.302044	0.53212	0.764175	0.973309	1.13952	1.25389	1.30443	1.29348	1.22074	1.08467	0.896065	0.674067	0.440202	0.217195	0.0314071	-0.103581	-0.1831	-0.224788	-0.273313	-0.33495	-0.389862	-0.437978	-0.46009	-0.435251	-0.385687	-0.334198	-0.275829	-0.201779	-0.119732	-0.0545951	-0.0204262	-0.00957402	-0.0173926	-0.0373251	-0.0460587	-0.0301581	0	
0	0.000987734	0.00489898	0.00253557	0.00304837	0.00223991	-0.00430386	-0.00375593	-0.00777953	-0.00893068	-0.00524116	-0.00651499	-0.00390198	-0.00299359	-0.00652402	-0.0100347	-0.0089641	-0.00873208	-0.00903333	-0.00358956	-0.00453659	-0.0094369	-0.012863	-0.0152468	-0.0104931	-0.00524667	-0.00981274	-0.0196804	-0.0192032	-0.0186248	-0.0143602	-0.014088	-0.0204435	-0.0298891	-0.0324162	-0.0314787	-0.0249319	-0.0215342	-0.0315073	-0.0525075	-0.0677082	-0.0686723	-0.0569743	-0.0481139	-0.0486991	-0.0579563	-0.0804482	-0.137428	-0.22366	-0.30794	-0.363047	-0.400575	-0.424933	-0.434007	-0.411473	-0.359448	-0.288704	-0.214054	-0.157014	-0.119107	-0.0766451	0.000414553	0.130191	0.305743	0.50277	0.710459	0.903356	1.06206	1.17444	1.22064	1.20685	1.13357	1.00035	0.827984	0.633672	0.431625	0.240483	0.0816397	-0.0310511	-0.0947138	-0.127574	-0.168312	-0.231521	-0.306407	-0.377513	-0.41721	-0.416293	-0.394925	-0.365161	-0.324672	-0.260649	-0.167719	-0.0802922	-0.0338701	-0.0188381	-0.0176531	-0.0278967	-0.0360614	-0.0256117	0	
0	-0.00117401	0.00023928	-0.00181972	-0.00279269	-0.00175856	-0.00423471	-0.00175199	-0.00184726	-0.00194558	0.000142519	-0.00329207	-0.00399846	-0.00752593	-0.00955039	-0.00969106	-0.00952317	-0.0081563	-0.0083359	-0.00767215	-0.0127457	-0.0178606	-0.0164152	-0.0102841	-0.0106288	-0.0147624	-0.0196804	-0.0219538	-0.0218454	-0.0194958	-0.0148238	-0.0208877	-0.0340988	-0.0374373	-0.0307111	-0.030116	-0.0288617	-0.0313837	-0.0468015	-0.0697206	-0.0760432	-0.0643795	-0.0496942	-0.0462066	-0.0579781	-0.0787762	-0.118695	-0.188696	-0.277641	-0.351233	-0.389428	-0.407373	-0.408628	-0.389308	-0.338449	-0.267851	-0.188727	-0.11628	-0.0630739	-0.0308427	-0.00169918	0.0548137	0.153411	0.29488	0.462025	0.645964	0.828063	0.984431	1.09702	1.14711	1.13478	1.05921	0.927231	0.759242	0.575374	0.397327	0.238228	0.112954	0.033008	-0.00703513	-0.0279107	-0.065715	-0.134165	-0.213604	-0.288386	-0.348404	-0.383188	-0.391928	-0.384213	-0.364518	-0.311324	-0.214628	-0.120088	-0.0673796	-0.0402746	-0.0218897	-0.016751	-0.0162412	-0.00934409	0	
0	-0.00250363	-0.0021396	-0.00543096	-0.00392493	-0.0027356	-0.00470256	-8.24056e-05	-0.00165377	-0.00268818	-0.00175498	-0.00530429	-0.00624534	-0.00744945	-0.00666636	-0.00706642	-0.00509525	-0.00451567	-0.0108253	-0.0117282	-0.0135797	-0.0150567	-0.0107858	-0.0085097	-0.0155139	-0.0207048	-0.0192032	-0.0218454	-0.0205687	-0.0168747	-0.0167603	-0.0317832	-0.0408247	-0.0332404	-0.0239599	-0.0295721	-0.0343667	-0.041588	-0.0598957	-0.0769169	-0.0704219	-0.05229	-0.0420102	-0.0502231	-0.0737437	-0.111677	-0.167469	-0.246034	-0.32787	-0.386346	-0.405358	-0.4022	-0.376147	-0.326257	-0.250953	-0.165393	-0.0847966	-0.0145908	0.03317	0.0543816	0.0650636	0.0910089	0.154214	0.261391	0.402236	0.573199	0.751493	0.912336	1.03432	1.08978	1.07701	0.997022	0.85753	0.685018	0.506268	0.343937	0.213139	0.127838	0.086001	0.0705163	0.0619231	0.0290554	-0.0340818	-0.104805	-0.182013	-0.26512	-0.331189	-0.369798	-0.390059	-0.389278	-0.34513	-0.259777	-0.176716	-0.11872	-0.0702428	-0.0305436	-0.00828405	0.00627922	0.0122157	0	
0	-0.00206399	-0.000113964	-0.00248221	-0.00308854	-0.000922079	-0.00413944	-0.00281361	-0.00418015	-0.00623958	-0.00547154	-0.00824769	-0.00706806	-0.00523099	-0.00354845	-0.00497986	-0.00599316	-0.00811058	-0.0123439	-0.01115	-0.011063	-0.011566	-0.00889351	-0.0110757	-0.0202432	-0.02098	-0.0186248	-0.0194958	-0.0168747	-0.0173005	-0.0270915	-0.0399526	-0.0369345	-0.02476	-0.0222357	-0.035084	-0.0438922	-0.0544426	-0.0695724	-0.0747552	-0.0587828	-0.042737	-0.0441195	-0.064525	-0.103481	-0.157858	-0.225987	-0.301613	-0.369551	-0.408107	-0.407088	-0.377996	-0.321647	-0.24311	-0.147698	-0.0564646	0.0234691	0.0878932	0.126086	0.13081	0.113397	0.10378	0.129544	0.207418	0.330638	0.496159	0.681977	0.853335	0.983518	1.04489	1.031	0.943032	0.792418	0.609703	0.429572	0.280106	0.174939	0.122254	0.113902	0.128232	0.141481	0.122883	0.071824	0.00924427	-0.0705008	-0.167041	-0.257159	-0.328908	-0.377055	-0.390414	-0.362721	-0.305915	-0.242846	-0.177993	-0.106909	-0.046099	-0.00626385	0.0217173	0.0276265	0	
0	0.000479273	0.00223613	0.000631161	0.00178104	0.000872715	-0.00364714	-0.00223007	-0.0069161	-0.00964552	-0.00725015	-0.008271	-0.00630909	-0.00628386	-0.00736226	-0.0102659	-0.0104822	-0.011277	-0.0156184	-0.0104976	-0.00859828	-0.0101524	-0.0120066	-0.0165189	-0.0218885	-0.0198042	-0.0143602	-0.0148238	-0.0167603	-0.0270915	-0.0354142	-0.0357878	-0.0263578	-0.0213552	-0.0275363	-0.0441519	-0.0558309	-0.0657797	-0.071077	-0.0652576	-0.048638	-0.044303	-0.0591789	-0.0944082	-0.149375	-0.218215	-0.287707	-0.351132	-0.397953	-0.415496	-0.388652	-0.330153	-0.242017	-0.139138	-0.033867	0.0584347	0.131559	0.186724	0.209586	0.188763	0.137188	0.0898944	0.0836257	0.139138	0.255026	0.425506	0.619579	0.803222	0.945028	1.00909	0.991299	0.895134	0.733529	0.542147	0.357297	0.209374	0.117854	0.0913064	0.116464	0.165605	0.209265	0.214089	0.178402	0.122591	0.0435164	-0.0592008	-0.167264	-0.263797	-0.333383	-0.369269	-0.373803	-0.348993	-0.301449	-0.23455	-0.150807	-0.0714173	-0.0148121	0.0203515	0.0267676	0	
0	-0.00066654	0.00274342	-0.000103796	-0.00179274	-0.000966255	-0.00579433	-0.00472955	-0.00485336	-0.00417711	-0.001754	-0.00459655	-0.00504576	-0.00679713	-0.00972999	-0.0134265	-0.0141718	-0.0140143	-0.0130039	-0.00914685	-0.0108058	-0.0179959	-0.0213086	-0.0226213	-0.0234274	-0.0178335	-0.014088	-0.0208877	-0.0317832	-0.0399526	-0.0357878	-0.0290795	-0.026696	-0.0313846	-0.0411436	-0.0594229	-0.0713478	-0.0730105	-0.0659867	-0.0555942	-0.0488283	-0.0579728	-0.0867749	-0.136106	-0.205575	-0.27902	-0.338619	-0.381502	-0.406769	-0.39974	-0.346281	-0.255951	-0.141891	-0.0253404	0.0830926	0.168853	0.234371	0.276733	0.277795	0.225975	0.137093	0.0539043	0.0207013	0.0646648	0.180372	0.358995	0.568176	0.763116	0.909554	0.976953	0.959296	0.85791	0.687091	0.48346	0.287627	0.135203	0.0476249	0.036454	0.0912687	0.180396	0.264622	0.300408	0.280691	0.229852	0.152947	0.051644	-0.0588727	-0.166122	-0.261454	-0.33727	-0.378872	-0.37475	-0.338756	-0.282386	-0.199907	-0.108355	-0.0405061	-0.00370846	0.00797211	0	
0	-0.00333071	-0.00548442	-0.00824427	-0.00698006	-0.00573887	-0.00579238	6.1039e-05	-0.00062415	-0.00181311	-0.000275741	-0.00384446	-0.00586049	-0.00995772	-0.011579	-0.012243	-0.00946967	-0.00634296	-0.010189	-0.010316	-0.0174642	-0.0242289	-0.0233768	-0.018479	-0.0169718	-0.0160841	-0.0204435	-0.0340988	-0.0408247	-0.0369345	-0.0263578	-0.026696	-0.0342397	-0.042335	-0.0530171	-0.071972	-0.0770717	-0.0662437	-0.0520758	-0.0501198	-0.0574949	-0.0815069	-0.123815	-0.188287	-0.265955	-0.33291	-0.373902	-0.394661	-0.396475	-0.364504	-0.279351	-0.161708	-0.0294599	0.0925521	0.195437	0.274544	0.32876	0.353505	0.328117	0.240893	0.114978	0.00215835	-0.0487919	-0.0120632	0.108685	0.298563	0.51723	0.723635	0.881664	0.954438	0.936672	0.831275	0.652444	0.435977	0.222977	0.0549986	-0.0373104	-0.0361135	0.0483601	0.17838	0.303493	0.369451	0.366889	0.326204	0.259641	0.171157	0.0692173	-0.0476942	-0.176559	-0.293571	-0.362635	-0.372863	-0.353216	-0.316935	-0.24723	-0.15847	-0.0900275	-0.0489501	-0.0210181	0	
0	-0.00300599	-0.000410009	-0.00396463	-0.00445077	-0.00195492	-0.00579604	-0.00424638	-0.00590944	-0.00741541	-0.00762788	-0.0125026	-0.0123006	-0.00951448	-0.00645518	-0.00474206	-0.0027692	-0.00533225	-0.0122189	-0.0163271	-0.019133	-0.0197517	-0.0122678	-0.00910168	-0.0149458	-0.0222122	-0.0298891	-0.0374373	-0.0332404	-0.02476	-0.0213552	-0.0313846	-0.042335	-0.050955	-0.0627461	-0.0761651	-0.0689041	-0.0489838	-0.0420989	-0.0547189	-0.0781581	-0.115132	-0.172886	-0.248163	-0.323317	-0.374161	-0.3929	-0.391623	-0.370594	-0.308474	-0.195075	-0.0546379	0.0865237	0.206547	0.305514	0.376125	0.418474	0.421824	0.36268	0.236314	0.0743205	-0.0664109	-0.131719	-0.0940096	0.0352526	0.239367	0.4769	0.697177	0.862258	0.940244	0.92483	0.815142	0.623409	0.388016	0.156941	-0.0237368	-0.120008	-0.110193	-0.00521811	0.153176	0.310451	0.408433	0.43498	0.418931	0.372284	0.298097	0.199574	0.070441	-0.0816021	-0.222605	-0.313002	-0.344901	-0.347495	-0.332973	-0.287087	-0.221337	-0.1615	-0.106397	-0.0506421	0	
0	0.00223527	0.00382053	0.00395906	0.00479508	0.00313734	-0.00183205	-0.00258379	-0.00903979	-0.0146039	-0.0137809	-0.0141508	-0.0100981	-0.00886204	-0.00809789	-0.0108841	-0.014512	-0.0185703	-0.0250026	-0.0196946	-0.0164651	-0.0132256	-0.0108208	-0.0149563	-0.0265122	-0.0325252	-0.0324162	-0.0307111	-0.0239599	-0.0222357	-0.0275363	-0.0411436	-0.0530171	-0.0627461	-0.0701586	-0.0720641	-0.0548695	-0.0414753	-0.0503018	-0.0808372	-0.117222	-0.169734	-0.239727	-0.315651	-0.376556	-0.403321	-0.398449	-0.372734	-0.321465	-0.227673	-0.0852665	0.0688321	0.211884	0.327732	0.417149	0.475992	0.496835	0.466511	0.36721	0.200453	0.00597109	-0.150995	-0.217779	-0.173013	-0.0271711	0.195914	0.446899	0.679422	0.853908	0.933264	0.912116	0.792842	0.591557	0.34659	0.104069	-0.0872502	-0.190582	-0.184708	-0.0776849	0.0958128	0.28348	0.422534	0.492507	0.511351	0.484102	0.415567	0.315734	0.185193	0.0320784	-0.118218	-0.231806	-0.292876	-0.32047	-0.331116	-0.319749	-0.288142	-0.238713	-0.164279	-0.0777167	0	
0	-0.000855503	0.00344207	-0.000505738	-0.00205012	-0.00210419	-0.00800247	-0.00668909	-0.00736481	-0.0048302	-0.000169735	-0.00267276	-0.00350882	-0.00583996	-0.0119769	-0.0185812	-0.0213342	-0.0221409	-0.0212585	-0.0155484	-0.0138663	-0.0193277	-0.0231261	-0.0319299	-0.0395096	-0.0380813	-0.0314787	-0.030116	-0.0295721	-0.035084	-0.0441519	-0.0594229	-0.071972	-0.0761651	-0.0720641	-0.0631061	-0.0505484	-0.0516049	-0.0785926	-0.120473	-0.170265	-0.23354	-0.305228	-0.367493	-0.403118	-0.404403	-0.374107	-0.320442	-0.238797	-0.115021	0.0422134	0.198919	0.334916	0.439017	0.516734	0.555369	0.547085	0.480463	0.340902	0.140248	-0.0734637	-0.237133	-0.298315	-0.237417	-0.0747916	0.164048	0.429433	0.667778	0.839368	0.91487	0.893197	0.774909	0.5717	0.320722	0.0691801	-0.136637	-0.25917	-0.269261	-0.167024	0.0188052	0.237942	0.421517	0.536104	0.587017	0.576086	0.514886	0.422642	0.304395	0.162228	0.00947653	-0.123582	-0.213582	-0.27313	-0.318983	-0.344136	-0.339906	-0.298321	-0.212568	-0.10376	0	
0	-0.00471975	-0.00936838	-0.0123004	-0.0121404	-0.0103979	-0.00898478	-0.00211528	-0.0004316	-0.00106885	4.96669e-05	-0.00427397	-0.00614862	-0.0118456	-0.01498	-0.0161255	-0.0138523	-0.0106517	-0.0115517	-0.00864052	-0.016109	-0.0254122	-0.0302619	-0.0330873	-0.0347586	-0.0292315	-0.0249319	-0.0288617	-0.0343667	-0.0438922	-0.0558309	-0.0713478	-0.0770717	-0.0689041	-0.0548695	-0.0505484	-0.0519879	-0.0715787	-0.110804	-0.166174	-0.226953	-0.29455	-0.355515	-0.394423	-0.405624	-0.381731	-0.326377	-0.243891	-0.133178	0.00810393	0.171085	0.320827	0.445528	0.538254	0.597903	0.611515	0.570436	0.465512	0.292953	0.0705412	-0.153131	-0.312412	-0.361362	-0.289453	-0.11438	0.134507	0.403185	0.645054	0.822098	0.903026	0.885103	0.767633	0.563608	0.306093	0.0381783	-0.188268	-0.328868	-0.352493	-0.254772	-0.0581498	0.185177	0.399627	0.547362	0.629159	0.643536	0.60276	0.528251	0.426506	0.2979	0.150184	0.00730773	-0.110718	-0.21154	-0.297567	-0.349192	-0.358007	-0.324177	-0.242247	-0.125377	0	
0	-0.00320389	-0.000604999	-0.00449921	-0.00408424	-0.00258882	-0.00649189	-0.00506656	-0.00888468	-0.0107382	-0.010415	-0.0164273	-0.0176923	-0.0157698	-0.0143355	-0.011097	-0.00725934	-0.00657767	-0.0116639	-0.0155798	-0.0226441	-0.0293451	-0.0267678	-0.0266742	-0.025428	-0.0219207	-0.0215342	-0.0313837	-0.041588	-0.0544426	-0.0657797	-0.0730105	-0.0662437	-0.0489838	-0.0414753	-0.0516049	-0.0715787	-0.10372	-0.157716	-0.224359	-0.291013	-0.349631	-0.388812	-0.40365	-0.38985	-0.341827	-0.25794	-0.146787	-0.0167884	0.133952	0.291993	0.432528	0.546889	0.624657	0.66461	0.649019	0.572943	0.43575	0.236823	-0.00211119	-0.228499	-0.384362	-0.426362	-0.342898	-0.157279	0.102341	0.383715	0.634848	0.815423	0.897643	0.881708	0.765099	0.555129	0.285138	0.00435298	-0.234885	-0.387947	-0.419632	-0.325714	-0.130138	0.117883	0.347922	0.523143	0.639051	0.688558	0.679759	0.630291	0.54723	0.433869	0.295179	0.146251	0.00210318	-0.135823	-0.252172	-0.319143	-0.335827	-0.312484	-0.242906	-0.130905	0	
0	0.00277385	0.00425326	0.00493921	0.00479528	0.00340142	-0.00156746	-0.00310785	-0.00889868	-0.0150692	-0.0169571	-0.020541	-0.0167239	-0.0156855	-0.014089	-0.0136386	-0.0150916	-0.0200803	-0.0271268	-0.0273932	-0.0318047	-0.0332043	-0.0281564	-0.0255153	-0.0255471	-0.0250538	-0.0315073	-0.0468015	-0.0598957	-0.0695724	-0.071077	-0.0659867	-0.0520758	-0.0420989	-0.0503018	-0.0785926	-0.110804	-0.157716	-0.224049	-0.297011	-0.355027	-0.392117	-0.406653	-0.395577	-0.35744	-0.278682	-0.164292	-0.0297837	0.113056	0.263283	0.415411	0.546379	0.646765	0.705244	0.714875	0.661626	0.549193	0.379806	0.159999	-0.0855244	-0.309925	-0.454951	-0.481486	-0.385784	-0.186794	0.0852093	0.372992	0.628336	0.811142	0.894059	0.876082	0.753225	0.538113	0.264211	-0.0232487	-0.268864	-0.426231	-0.466731	-0.387594	-0.204245	0.0396752	0.276024	0.471205	0.619652	0.709155	0.740841	0.72465	0.664468	0.564391	0.429365	0.274301	0.117007	-0.0355942	-0.165082	-0.245235	-0.275567	-0.264205	-0.206422	-0.110391	0	
