0	0	0	0	0	0	0	0	0	0	0	0	0	0	0	0	0	0	0	0	0	0	0	0	0	0	0	0	0	0	0	0	0	0	0	0	0	0	0	0	0	0	0	0	0	0	0	0	0	0	0	0	0	0	0	0	0	0	0	0	0	0	0	0	0	0	0	0	0	0	0	0	0	0	0	0	0	0	0	0	0	0	0	0	0	0	0	0	0	0	0	0	0	0	0	0	0	0	0	0	
0	-0.00798287	-0.0113403	-0.00885356	0.00303372	0.0203832	0.0433773	0.0684678	0.10076	0.140483	0.186429	0.232546	0.267754	0.280979	0.264199	0.220645	0.158981	0.0940788	0.0372762	-0.00946014	-0.048437	-0.0772956	-0.0933432	-0.0999209	-0.10206	-0.101733	-0.100461	-0.0984008	-0.0961401	-0.0937502	-0.0936734	-0.0982278	-0.108727	-0.126889	-0.148997	-0.173702	-0.194985	-0.208007	-0.20812	-0.192462	-0.16386	-0.13187	-0.0961852	-0.0564773	-0.0136824	0.0276153	0.0593019	0.075953	0.077067	0.0636505	0.0379461	0.00923314	-0.0147645	-0.0320771	-0.0433523	-0.0480144	-0.0510006	-0.0488893	-0.0390872	-0.0182711	0.0187043	0.0689034	0.12462	0.179238	0.226128	0.265322	0.295326	0.315835	0.325651	0.322586	0.304491	0.27436	0.243284	0.218055	0.199868	0.185586	0.172878	0.156906	0.13563	0.111724	0.0903767	0.0703837	0.0498954	0.0322727	0.0148329	-0.000255103	-0.00882369	-0.0130401	-0.0161226	-0.0198155	-0.026618	-0.0355877	-0.0408482	-0.040615	-0.033694	-0.0206377	-0.00871764	-0.00121085	0.00222519	0	
0	-0.0113403	-0.0175217	-0.0140347	0.0018927	0.0314755	0.0712522	0.121351	0.185096	0.262769	0.347376	0.427612	0.486831	0.507459	0.478484	0.403758	0.295594	0.176746	0.067128	-0.028437	-0.1089	-0.167542	-0.197699	-0.208226	-0.212277	-0.211489	-0.209938	-0.204084	-0.19727	-0.192026	-0.194532	-0.208647	-0.234978	-0.269194	-0.308224	-0.346216	-0.380756	-0.403644	-0.407286	-0.381448	-0.329993	-0.26388	-0.188984	-0.103531	-0.0160962	0.0630303	0.118892	0.146234	0.146533	0.124493	0.084498	0.0377873	-0.00196717	-0.0342525	-0.0592212	-0.0745313	-0.0830977	-0.0797345	-0.0602339	-0.017509	0.0540297	0.147575	0.251969	0.356131	0.445514	0.52112	0.582495	0.62229	0.637644	0.629204	0.598018	0.548513	0.491835	0.44088	0.398556	0.364735	0.336255	0.303455	0.266564	0.223064	0.181554	0.141309	0.101298	0.0709495	0.042455	0.0190802	0.00126251	-0.0152039	-0.0290944	-0.0431463	-0.0552892	-0.0627447	-0.0640335	-0.0587387	-0.0476382	-0.0332841	-0.0208484	-0.0113378	-0.00370944	0	
0	-0.00885356	-0.0140347	-0.0159503	-0.00158756	0.0275294	0.0801556	0.149454	0.24351	0.35172	0.461939	0.559034	0.625896	0.648465	0.613874	0.526299	0.393249	0.238386	0.0844939	-0.0580631	-0.183369	-0.273967	-0.319532	-0.33426	-0.337627	-0.335682	-0.329612	-0.317573	-0.304595	-0.297041	-0.305831	-0.33382	-0.374729	-0.423273	-0.467024	-0.509476	-0.546773	-0.574558	-0.580238	-0.547205	-0.47271	-0.377233	-0.262727	-0.13634	-0.0098206	0.100209	0.175566	0.211482	0.215953	0.19534	0.150434	0.0962771	0.0451592	-0.0014611	-0.0420616	-0.0666976	-0.0816304	-0.0754457	-0.044841	0.01312	0.108448	0.234562	0.376348	0.520741	0.65021	0.760785	0.842918	0.893576	0.914124	0.90637	0.868752	0.804919	0.733619	0.66398	0.597378	0.534423	0.481996	0.434787	0.385453	0.331725	0.280117	0.226454	0.171882	0.131133	0.0947983	0.060654	0.031439	0.00076109	-0.0303815	-0.0534159	-0.0671275	-0.071971	-0.0653167	-0.0567885	-0.049244	-0.0392856	-0.0332322	-0.0262472	-0.0119052	0	
0	0.00303372	0.0018927	-0.00158756	0.00365034	0.0315402	0.087655	0.173337	0.286252	0.412411	0.530225	0.62556	0.687486	0.706382	0.671682	0.583354	0.44281	0.268953	0.0855588	-0.0965863	-0.263892	-0.390968	-0.458073	-0.480477	-0.48424	-0.474976	-0.460902	-0.439734	-0.421397	-0.4143	-0.428231	-0.463462	-0.511834	-0.56044	-0.604523	-0.642869	-0.679699	-0.706221	-0.707139	-0.65908	-0.563344	-0.439725	-0.300495	-0.146396	0.00615681	0.139941	0.234348	0.286022	0.302299	0.289057	0.245675	0.183299	0.121416	0.0613731	0.00999738	-0.020998	-0.0335598	-0.0209687	0.0159145	0.0820857	0.187132	0.324973	0.485244	0.655708	0.810128	0.943833	1.04809	1.10988	1.13107	1.12251	1.08897	1.03028	0.952113	0.86494	0.772327	0.684506	0.613289	0.552553	0.501594	0.447725	0.396585	0.341284	0.278891	0.228172	0.175606	0.124758	0.0780397	0.0319257	-0.00521803	-0.0324138	-0.0476772	-0.0522864	-0.0515745	-0.0507238	-0.0498663	-0.0467567	-0.0430123	-0.034291	-0.0170032	0	
0	0.0203832	0.0314755	0.0275294	0.0315402	0.0541692	0.114601	0.203281	0.322401	0.446944	0.556558	0.63948	0.691236	0.707566	0.674988	0.591712	0.452278	0.273763	0.0753762	-0.132271	-0.337003	-0.502272	-0.598589	-0.636551	-0.641185	-0.624811	-0.598254	-0.56677	-0.542414	-0.531235	-0.542942	-0.575147	-0.616833	-0.662011	-0.698224	-0.733236	-0.762817	-0.778348	-0.761349	-0.690197	-0.567748	-0.428814	-0.278361	-0.119241	0.0415306	0.188531	0.300691	0.371527	0.406444	0.406275	0.3626	0.291702	0.21541	0.143387	0.0858492	0.061537	0.0585216	0.0823889	0.126092	0.187742	0.283272	0.413492	0.570439	0.742636	0.905941	1.05166	1.16349	1.2357	1.27329	1.2814	1.25563	1.19235	1.10667	1.00889	0.903038	0.79986	0.719597	0.661122	0.61622	0.575879	0.541058	0.494564	0.429668	0.363692	0.286742	0.207384	0.141242	0.0871387	0.0459206	0.0198892	0.000187164	-0.0183044	-0.0308035	-0.0432241	-0.0506332	-0.0458889	-0.0397883	-0.0300594	-0.0120742	0	
0	0.0433773	0.0712522	0.0801556	0.087655	0.114601	0.170688	0.253098	0.356444	0.46287	0.551218	0.617246	0.660094	0.675275	0.64661	0.56909	0.436932	0.263886	0.0669026	-0.15204	-0.380477	-0.578019	-0.703192	-0.760237	-0.775256	-0.759775	-0.730507	-0.693205	-0.659924	-0.638359	-0.636895	-0.65569	-0.686946	-0.719115	-0.745399	-0.764335	-0.775568	-0.76764	-0.724078	-0.625844	-0.484682	-0.335407	-0.190072	-0.0384288	0.115866	0.261967	0.38032	0.462866	0.512068	0.523902	0.48696	0.413116	0.333049	0.256671	0.201084	0.181581	0.187919	0.217433	0.257434	0.308743	0.387961	0.496169	0.629624	0.782253	0.92797	1.06623	1.18775	1.27788	1.33338	1.35747	1.34454	1.28668	1.19349	1.0851	0.972982	0.87312	0.803489	0.756879	0.729499	0.704937	0.684899	0.650049	0.585134	0.510292	0.41652	0.320183	0.239189	0.172662	0.124076	0.0863355	0.0525216	0.0222438	-0.00325664	-0.0236564	-0.0338873	-0.0322497	-0.0278063	-0.0205172	-0.00740677	0	
0	0.0684678	0.121351	0.149454	0.173337	0.203281	0.253098	0.312351	0.387856	0.463521	0.528313	0.579133	0.617518	0.635937	0.613852	0.546561	0.426463	0.268187	0.0809417	-0.135727	-0.374718	-0.590187	-0.735933	-0.814502	-0.849717	-0.852986	-0.834825	-0.797428	-0.754105	-0.713765	-0.69437	-0.698801	-0.716947	-0.737156	-0.741485	-0.733998	-0.712275	-0.670815	-0.597387	-0.47639	-0.320842	-0.173446	-0.0386773	0.093631	0.229787	0.36208	0.472534	0.555222	0.611611	0.635961	0.61057	0.548085	0.476795	0.410676	0.361808	0.348173	0.351766	0.371386	0.3958	0.42501	0.479093	0.561983	0.66961	0.791772	0.910066	1.02804	1.13899	1.23486	1.30988	1.35416	1.35055	1.29155	1.19789	1.09543	0.994288	0.906916	0.851336	0.821243	0.808114	0.799726	0.794878	0.769122	0.711797	0.642029	0.551712	0.454388	0.36666	0.286227	0.214177	0.154004	0.101754	0.0590841	0.0313533	0.00995884	-0.00294438	-0.00509184	-0.00888244	-0.00995433	-0.00207938	0	
0	0.10076	0.185096	0.24351	0.286252	0.322401	0.356444	0.387856	0.427198	0.473451	0.515889	0.555918	0.592093	0.615855	0.603889	0.54956	0.44647	0.304564	0.132485	-0.0752742	-0.310597	-0.529565	-0.686735	-0.785976	-0.85078	-0.88508	-0.888953	-0.859949	-0.808576	-0.753759	-0.717433	-0.706987	-0.710528	-0.708857	-0.685946	-0.644143	-0.588168	-0.51672	-0.419174	-0.282924	-0.122612	0.0208503	0.139606	0.253361	0.370765	0.486353	0.585742	0.661324	0.718057	0.7503	0.740377	0.69765	0.652219	0.608137	0.576381	0.564499	0.556438	0.551701	0.543954	0.541492	0.567046	0.620857	0.694184	0.781498	0.864342	0.954758	1.05117	1.14164	1.21416	1.25915	1.26275	1.21469	1.1317	1.04032	0.952561	0.881298	0.84456	0.834188	0.839463	0.84276	0.846101	0.831848	0.788402	0.73787	0.668245	0.583519	0.494341	0.396789	0.301194	0.217641	0.148695	0.0998591	0.0689478	0.0451629	0.0282561	0.0181774	0.00658512	-0.00124575	0.00140903	0	
0	0.140483	0.262769	0.35172	0.412411	0.446944	0.46287	0.463521	0.473451	0.495451	0.524478	0.557765	0.59654	0.629686	0.631893	0.595002	0.509516	0.386847	0.231565	0.0403166	-0.182592	-0.396748	-0.560372	-0.679036	-0.771963	-0.836254	-0.865325	-0.850597	-0.805809	-0.748248	-0.70455	-0.679889	-0.662265	-0.634076	-0.580464	-0.509686	-0.428727	-0.33727	-0.226682	-0.0836699	0.0752174	0.208529	0.31272	0.408832	0.512663	0.618752	0.709977	0.781375	0.83692	0.87428	0.878264	0.858125	0.839305	0.825437	0.813865	0.808208	0.789242	0.758556	0.715783	0.673474	0.655865	0.666463	0.701821	0.750594	0.800545	0.86326	0.938241	1.01346	1.07684	1.11665	1.11645	1.06931	0.991302	0.910502	0.836274	0.782322	0.76648	0.778023	0.804244	0.827124	0.845934	0.844288	0.818954	0.787917	0.735718	0.662371	0.574523	0.473182	0.370125	0.278204	0.200971	0.142285	0.101565	0.068147	0.0438551	0.0294785	0.015088	0.00530315	0.00501318	0	
0	0.186429	0.347376	0.461939	0.530225	0.556558	0.551218	0.528313	0.515889	0.524478	0.545389	0.579262	0.625769	0.674037	0.695154	0.67639	0.61164	0.510737	0.380311	0.21293	0.00871559	-0.196867	-0.364517	-0.496086	-0.606584	-0.693514	-0.746168	-0.759107	-0.737736	-0.697771	-0.657765	-0.623366	-0.583882	-0.527582	-0.445769	-0.351454	-0.253362	-0.152516	-0.0372389	0.102473	0.253022	0.374313	0.462884	0.545687	0.63888	0.736145	0.822332	0.888642	0.943919	0.989128	1.0091	1.01247	1.02327	1.03493	1.04405	1.04572	1.01999	0.967792	0.890929	0.804717	0.737253	0.696779	0.681202	0.691061	0.714207	0.758878	0.817017	0.874402	0.91845	0.94069	0.93174	0.880453	0.801815	0.721729	0.653582	0.612203	0.615912	0.655156	0.706821	0.750801	0.78881	0.807644	0.799692	0.780145	0.737109	0.6707	0.593428	0.50459	0.413002	0.328173	0.247498	0.178589	0.124628	0.0794937	0.0489427	0.0324856	0.0183252	0.00864931	0.00722066	0	
0	0.232546	0.427612	0.559034	0.62556	0.63948	0.617246	0.579133	0.555918	0.557765	0.579262	0.61992	0.682218	0.750836	0.79215	0.792302	0.747405	0.671867	0.568573	0.426025	0.239901	0.0422548	-0.125023	-0.260033	-0.378371	-0.480365	-0.560576	-0.608291	-0.62395	-0.612202	-0.587684	-0.55234	-0.500149	-0.420975	-0.314543	-0.197232	-0.0836585	0.0246742	0.137781	0.269225	0.404782	0.510654	0.58427	0.651996	0.733484	0.821447	0.898698	0.961179	1.01829	1.07196	1.11155	1.14048	1.17677	1.21583	1.24498	1.25444	1.22513	1.15388	1.04227	0.909947	0.789042	0.697077	0.644966	0.626428	0.628016	0.650431	0.685727	0.717522	0.735447	0.736048	0.708827	0.647505	0.563204	0.485139	0.426509	0.400815	0.421186	0.473099	0.542483	0.613009	0.680158	0.725376	0.737346	0.726448	0.68727	0.62818	0.562779	0.493943	0.423778	0.351801	0.276607	0.205146	0.142978	0.0905882	0.0542656	0.0335744	0.0183889	0.00891616	0.00667582	0	
0	0.267754	0.486831	0.625896	0.687486	0.691236	0.660094	0.617518	0.592093	0.59654	0.625769	0.682218	0.766443	0.858346	0.921841	0.939669	0.914691	0.859329	0.774304	0.645093	0.467321	0.275685	0.111557	-0.0233347	-0.147115	-0.267986	-0.376544	-0.459968	-0.508498	-0.523859	-0.516103	-0.487929	-0.430355	-0.337305	-0.210469	-0.0736724	0.0538206	0.166796	0.277112	0.396192	0.515917	0.605395	0.662942	0.717449	0.78674	0.863854	0.933354	0.990216	1.04698	1.11008	1.16595	1.21741	1.2783	1.33843	1.38495	1.40395	1.37293	1.28547	1.14647	0.978436	0.818935	0.693428	0.610825	0.568709	0.549544	0.546309	0.54692	0.541801	0.525752	0.494652	0.444408	0.367285	0.279491	0.207551	0.162319	0.15088	0.182863	0.253858	0.344529	0.440912	0.536323	0.607766	0.641174	0.642917	0.614999	0.568056	0.517457	0.463004	0.405654	0.348057	0.284469	0.221799	0.164516	0.110213	0.0685522	0.041535	0.0210833	0.00922807	0.0061024	0	
0	0.280979	0.507459	0.648465	0.706382	0.707566	0.675275	0.635937	0.615855	0.629686	0.674037	0.750836	0.858346	0.974355	1.06047	1.09857	1.09008	1.04485	0.961888	0.829925	0.653001	0.466561	0.306876	0.171359	0.0361127	-0.10601	-0.243047	-0.355501	-0.429693	-0.466312	-0.474394	-0.45315	-0.395568	-0.292064	-0.152192	-0.000731487	0.137756	0.256313	0.364705	0.475085	0.578081	0.651288	0.694503	0.735823	0.795237	0.864074	0.925539	0.976695	1.03216	1.09587	1.16028	1.22291	1.29332	1.36571	1.42485	1.45113	1.42465	1.33482	1.18497	1.0024	0.826656	0.684709	0.586903	0.521374	0.470023	0.427799	0.392139	0.353732	0.304941	0.24368	0.164248	0.0671832	-0.0305787	-0.101683	-0.134934	-0.125926	-0.0689572	0.0257025	0.143584	0.268717	0.385107	0.472529	0.519979	0.537059	0.529257	0.501891	0.464942	0.422828	0.379313	0.33628	0.292603	0.248557	0.202149	0.152614	0.106003	0.0673255	0.0361298	0.015745	0.00692604	0	
0	0.264199	0.478484	0.613874	0.671682	0.674988	0.64661	0.613852	0.603889	0.631893	0.695154	0.79215	0.921841	1.06047	1.17281	1.23262	1.23831	1.19377	1.1016	0.95949	0.780343	0.597708	0.439488	0.297504	0.14934	-0.0119803	-0.171064	-0.305844	-0.401113	-0.455276	-0.474537	-0.45883	-0.399575	-0.292212	-0.146778	0.0112768	0.156079	0.28088	0.393591	0.502795	0.60063	0.667362	0.701965	0.73207	0.774511	0.825464	0.86992	0.90964	0.957853	1.01974	1.08253	1.14339	1.2087	1.27796	1.33819	1.37083	1.35409	1.27226	1.13244	0.960454	0.79173	0.650719	0.542301	0.455549	0.378096	0.306488	0.240664	0.175242	0.102484	0.0150056	-0.0888494	-0.206739	-0.31797	-0.396606	-0.428761	-0.406941	-0.326793	-0.194882	-0.0405963	0.110542	0.239625	0.332729	0.391556	0.423591	0.435019	0.430044	0.413373	0.388862	0.361416	0.335006	0.309059	0.283717	0.256826	0.223037	0.184131	0.142395	0.0981049	0.0589086	0.0279725	0	
0	0.220645	0.403758	0.526299	0.583354	0.591712	0.56909	0.546561	0.54956	0.595002	0.67639	0.792302	0.939669	1.09857	1.23262	1.30911	1.32095	1.27077	1.16668	1.01402	0.829208	0.643849	0.47763	0.326561	0.169276	-0.00154656	-0.173057	-0.325395	-0.438157	-0.507377	-0.535413	-0.520913	-0.460449	-0.34861	-0.2003	-0.0388998	0.110129	0.239923	0.359706	0.476885	0.580415	0.651824	0.684865	0.701811	0.722236	0.74741	0.770332	0.793945	0.83177	0.88087	0.931039	0.978149	1.03043	1.09322	1.15616	1.1952	1.18795	1.11851	0.993314	0.840866	0.692889	0.569558	0.46823	0.37684	0.286548	0.197338	0.114992	0.0326337	-0.0591469	-0.165752	-0.288502	-0.423753	-0.551569	-0.647595	-0.688692	-0.66123	-0.561573	-0.404191	-0.224665	-0.0496832	0.0986576	0.211474	0.288102	0.334974	0.360969	0.368924	0.367515	0.362695	0.3567	0.350526	0.345326	0.340124	0.332625	0.31851	0.292584	0.252763	0.199201	0.136736	0.0692388	0	
0	0.158981	0.295594	0.393249	0.44281	0.452278	0.436932	0.426463	0.44647	0.509516	0.61164	0.747405	0.914691	1.09008	1.23831	1.32095	1.33255	1.27637	1.16517	1.0009	0.803003	0.598542	0.4123	0.245293	0.0805201	-0.0924847	-0.269092	-0.42777	-0.548211	-0.622438	-0.649906	-0.630854	-0.561155	-0.440352	-0.286873	-0.123714	0.0231603	0.153493	0.27801	0.404233	0.516595	0.593439	0.62451	0.629696	0.62909	0.635356	0.639953	0.649492	0.670483	0.698565	0.726703	0.757589	0.796326	0.854885	0.917761	0.957498	0.954994	0.894017	0.789026	0.666567	0.551518	0.455189	0.374175	0.294786	0.212656	0.127047	0.0419944	-0.0484278	-0.151519	-0.271506	-0.412329	-0.569528	-0.722368	-0.844818	-0.904264	-0.881343	-0.777376	-0.609208	-0.412233	-0.212889	-0.0350422	0.110376	0.220022	0.290861	0.331709	0.353456	0.36342	0.371751	0.381226	0.389727	0.40221	0.4113	0.414544	0.410011	0.389226	0.351875	0.293961	0.213362	0.11236	0	
0	0.0940788	0.176746	0.238386	0.268953	0.273763	0.263886	0.268187	0.304564	0.386847	0.510737	0.671867	0.859329	1.04485	1.19377	1.27077	1.27637	1.21731	1.10085	0.926086	0.706465	0.477667	0.264681	0.0796719	-0.0926441	-0.265224	-0.436629	-0.589499	-0.703705	-0.771925	-0.792197	-0.760955	-0.677399	-0.543314	-0.383195	-0.218896	-0.0721908	0.0591836	0.187387	0.315017	0.421618	0.489153	0.509215	0.504169	0.496649	0.498036	0.500053	0.501045	0.505618	0.51015	0.515681	0.528747	0.555492	0.603355	0.656398	0.689611	0.685624	0.636682	0.557624	0.472417	0.395338	0.335706	0.282148	0.227192	0.167299	0.0969801	0.0220921	-0.0637013	-0.167073	-0.297922	-0.459382	-0.647408	-0.833507	-0.985384	-1.06337	-1.04957	-0.951143	-0.782176	-0.577073	-0.356938	-0.147946	0.0330811	0.175922	0.275133	0.339844	0.379287	0.403497	0.421921	0.440241	0.459477	0.480209	0.49213	0.491109	0.476807	0.445366	0.396255	0.328457	0.238805	0.124211	0	
0	0.0372762	0.067128	0.0844939	0.0855588	0.0753762	0.0669026	0.0809417	0.132485	0.231565	0.380311	0.568573	0.774304	0.961888	1.1016	1.16668	1.16517	1.10085	0.980713	0.792609	0.55793	0.308587	0.076086	-0.125438	-0.305124	-0.471514	-0.628554	-0.761183	-0.855434	-0.906867	-0.910005	-0.864099	-0.768549	-0.630115	-0.471773	-0.30914	-0.160879	-0.0243894	0.104335	0.223369	0.312105	0.359063	0.367219	0.358476	0.350542	0.35738	0.359564	0.356621	0.351463	0.339583	0.328282	0.328738	0.336336	0.363963	0.3979	0.415991	0.413087	0.38104	0.33313	0.283925	0.245478	0.220829	0.204264	0.184869	0.157128	0.115348	0.0594883	-0.0173667	-0.122663	-0.263166	-0.448989	-0.66572	-0.874662	-1.04717	-1.14254	-1.14295	-1.05619	-0.8967	-0.687913	-0.45161	-0.222753	-0.0200952	0.145782	0.270257	0.360055	0.423408	0.464175	0.494839	0.519516	0.534899	0.550084	0.549151	0.534088	0.509811	0.46202	0.396859	0.315564	0.217742	0.10979	0	
0	-0.00946014	-0.028437	-0.0580631	-0.0965863	-0.132271	-0.15204	-0.135727	-0.0752742	0.0403166	0.21293	0.426025	0.645093	0.829925	0.95949	1.01402	1.0009	0.926086	0.792609	0.596715	0.354413	0.101882	-0.138718	-0.347183	-0.525842	-0.67773	-0.809624	-0.910697	-0.973895	-0.995443	-0.976025	-0.916258	-0.820949	-0.692127	-0.546695	-0.391424	-0.244125	-0.108554	0.0129746	0.116657	0.183655	0.214028	0.213728	0.203872	0.198916	0.207936	0.214655	0.214731	0.207191	0.188014	0.165275	0.148542	0.136972	0.143187	0.159048	0.174769	0.179872	0.166651	0.143556	0.124958	0.117833	0.132218	0.157439	0.18391	0.199459	0.186813	0.149137	0.0785842	-0.0314454	-0.191894	-0.398914	-0.632068	-0.852017	-1.03123	-1.1357	-1.15067	-1.08205	-0.931799	-0.724001	-0.48514	-0.250407	-0.0400482	0.138138	0.277663	0.380239	0.456323	0.511517	0.551519	0.577705	0.586309	0.584458	0.566078	0.53618	0.497667	0.439892	0.362711	0.274821	0.182926	0.0867304	0	
0	-0.048437	-0.1089	-0.183369	-0.263892	-0.337003	-0.380477	-0.374718	-0.310597	-0.182592	0.00871559	0.239901	0.467321	0.653001	0.780343	0.829208	0.803003	0.706465	0.55793	0.354413	0.118332	-0.126252	-0.358847	-0.559952	-0.724803	-0.852122	-0.950847	-1.01262	-1.03322	-1.01825	-0.972651	-0.905525	-0.816872	-0.705463	-0.578495	-0.44049	-0.308881	-0.189607	-0.0866565	-0.00237257	0.0483541	0.0646231	0.0592996	0.0492912	0.0440077	0.0586781	0.0716618	0.0773793	0.0731424	0.0486409	0.0141113	-0.0131119	-0.039241	-0.0460306	-0.0340144	-0.0161442	0.000251883	0.00382349	0.000702711	0.00315691	0.0286953	0.0829851	0.152692	0.220978	0.271054	0.291149	0.273628	0.207933	0.0897036	-0.081978	-0.306289	-0.552443	-0.772931	-0.955876	-1.06975	-1.0924	-1.02574	-0.882005	-0.683754	-0.455085	-0.229931	-0.0244584	0.151007	0.292282	0.398853	0.479324	0.536857	0.576136	0.594146	0.587665	0.572656	0.535979	0.487209	0.434172	0.36245	0.287385	0.21448	0.140852	0.0686278	0	
0	-0.0772956	-0.167542	-0.273967	-0.390968	-0.502272	-0.578019	-0.590187	-0.529565	-0.396748	-0.196867	0.0422548	0.275685	0.466561	0.597708	0.643849	0.598542	0.477667	0.308587	0.101882	-0.126252	-0.351932	-0.56164	-0.736067	-0.870156	-0.959635	-1.01451	-1.02584	-0.9997	-0.94762	-0.883647	-0.812765	-0.733914	-0.640907	-0.540745	-0.434883	-0.335719	-0.245975	-0.167858	-0.102499	-0.0687326	-0.0635033	-0.0726639	-0.0814499	-0.0815298	-0.0643711	-0.0488824	-0.0416534	-0.0480464	-0.0758088	-0.111749	-0.141076	-0.166686	-0.172769	-0.16122	-0.136837	-0.114503	-0.103307	-0.0948604	-0.0708977	-0.019412	0.0645458	0.164502	0.264387	0.346272	0.390876	0.393983	0.340894	0.224949	0.0457084	-0.182665	-0.42966	-0.658381	-0.848885	-0.964946	-0.983744	-0.911969	-0.765416	-0.571291	-0.358214	-0.153451	0.0303815	0.189394	0.320895	0.419143	0.492624	0.539938	0.560017	0.555512	0.530379	0.498419	0.448029	0.384615	0.318092	0.247799	0.185293	0.136503	0.093804	0.0450416	0	
0	-0.0933432	-0.197699	-0.319532	-0.458073	-0.598589	-0.703192	-0.735933	-0.686735	-0.560372	-0.364517	-0.125023	0.111557	0.306876	0.439488	0.47763	0.4123	0.264681	0.076086	-0.138718	-0.358847	-0.56164	-0.734167	-0.864624	-0.949338	-0.983462	-0.977506	-0.930293	-0.857576	-0.778233	-0.70235	-0.633038	-0.566395	-0.501455	-0.441069	-0.380313	-0.322117	-0.265687	-0.214872	-0.173046	-0.155254	-0.158228	-0.163558	-0.16103	-0.155203	-0.138655	-0.129323	-0.130297	-0.141042	-0.169028	-0.202877	-0.223255	-0.236496	-0.23176	-0.207381	-0.17386	-0.1471	-0.134733	-0.126125	-0.101781	-0.0412452	0.0573209	0.1739	0.293341	0.397577	0.471222	0.494802	0.451101	0.343423	0.17668	-0.045765	-0.295241	-0.524818	-0.717348	-0.835196	-0.847558	-0.763752	-0.612451	-0.42163	-0.216373	-0.0233824	0.140794	0.271365	0.373993	0.443916	0.486429	0.500615	0.488872	0.457333	0.412215	0.365678	0.303137	0.237403	0.181112	0.127175	0.0874194	0.0598008	0.0364693	0.0161474	0	
0	-0.0999209	-0.208226	-0.33426	-0.480477	-0.636551	-0.760237	-0.814502	-0.785976	-0.679036	-0.496086	-0.260033	-0.0233347	0.171359	0.297504	0.326561	0.245293	0.0796719	-0.125438	-0.347183	-0.559952	-0.736067	-0.864624	-0.940192	-0.961551	-0.925665	-0.84948	-0.744193	-0.632851	-0.532233	-0.448829	-0.384157	-0.340145	-0.315977	-0.304802	-0.294153	-0.278264	-0.260095	-0.243902	-0.22822	-0.222774	-0.223177	-0.212803	-0.195594	-0.182448	-0.171523	-0.171884	-0.180839	-0.195954	-0.225978	-0.256941	-0.268564	-0.263698	-0.236176	-0.191674	-0.143744	-0.114839	-0.108537	-0.109445	-0.0927252	-0.0386214	0.0555153	0.17608	0.309654	0.433978	0.526228	0.567952	0.54432	0.455594	0.304754	0.0957423	-0.146489	-0.379349	-0.572547	-0.685015	-0.692739	-0.606868	-0.454813	-0.261517	-0.0567084	0.127569	0.271944	0.373959	0.43973	0.461601	0.449621	0.415906	0.369107	0.313651	0.252964	0.194999	0.132341	0.0811376	0.0491255	0.0239142	0.00615233	-0.00539495	-0.0112764	-0.0105412	0	
0	-0.10206	-0.212277	-0.337627	-0.48424	-0.641185	-0.775256	-0.849717	-0.85078	-0.771963	-0.606584	-0.378371	-0.147115	0.0361127	0.14934	0.169276	0.0805201	-0.0926441	-0.305124	-0.525842	-0.724803	-0.870156	-0.949338	-0.961551	-0.908971	-0.796545	-0.653517	-0.498374	-0.356504	-0.239643	-0.15526	-0.108164	-0.100991	-0.125113	-0.165135	-0.201878	-0.231439	-0.255854	-0.27497	-0.280261	-0.278215	-0.268769	-0.246245	-0.21828	-0.201347	-0.19189	-0.191543	-0.197924	-0.21226	-0.242599	-0.273738	-0.278794	-0.255547	-0.208303	-0.148589	-0.09375	-0.0655528	-0.0642012	-0.0721241	-0.0630673	-0.0152644	0.0743615	0.193666	0.329765	0.461126	0.567069	0.625723	0.621402	0.558331	0.432246	0.237137	0.000324844	-0.226014	-0.408008	-0.514619	-0.520234	-0.43401	-0.285096	-0.0984158	0.0939461	0.26224	0.383153	0.45052	0.469489	0.436091	0.371358	0.296578	0.221756	0.149833	0.0826499	0.0275432	-0.0190113	-0.0470734	-0.0576085	-0.063279	-0.0622157	-0.054575	-0.0411366	-0.022898	0	
0	-0.101733	-0.211489	-0.335682	-0.474976	-0.624811	-0.759775	-0.852986	-0.88508	-0.836254	-0.693514	-0.480365	-0.267986	-0.10601	-0.0119803	-0.00154656	-0.0924847	-0.265224	-0.471514	-0.67773	-0.852122	-0.959635	-0.983462	-0.925665	-0.796545	-0.616226	-0.416548	-0.222602	-0.0542328	0.0721059	0.147125	0.16679	0.135542	0.0654337	-0.0214768	-0.111596	-0.193628	-0.265012	-0.316212	-0.335949	-0.331114	-0.314145	-0.281473	-0.244255	-0.217572	-0.198891	-0.188045	-0.187093	-0.196506	-0.224082	-0.250628	-0.24477	-0.206654	-0.152427	-0.0958043	-0.0525986	-0.0372557	-0.0416892	-0.047747	-0.0350641	0.0151728	0.105927	0.225587	0.36077	0.489315	0.596852	0.664833	0.681159	0.642091	0.536212	0.358767	0.139326	-0.0663855	-0.226126	-0.316303	-0.31691	-0.233886	-0.0964277	0.0663676	0.227388	0.358573	0.437789	0.461161	0.436222	0.364629	0.267129	0.1691	0.0762651	-0.0103838	-0.0772342	-0.11755	-0.140388	-0.144987	-0.13983	-0.131888	-0.112981	-0.086204	-0.0565114	-0.0265556	0	
0	-0.100461	-0.209938	-0.329612	-0.460902	-0.598254	-0.730507	-0.834825	-0.888953	-0.865325	-0.746168	-0.560576	-0.376544	-0.243047	-0.171064	-0.173057	-0.269092	-0.436629	-0.628554	-0.809624	-0.950847	-1.01451	-0.977506	-0.84948	-0.653517	-0.416548	-0.17178	0.0583586	0.246586	0.374199	0.433312	0.429676	0.368334	0.261735	0.124849	-0.021889	-0.159862	-0.276651	-0.357732	-0.39163	-0.390485	-0.368531	-0.32873	-0.27975	-0.235759	-0.201673	-0.17694	-0.162984	-0.162394	-0.178709	-0.191254	-0.174886	-0.132499	-0.0857527	-0.0498402	-0.0291326	-0.0262685	-0.0338627	-0.0381045	-0.0193269	0.0381232	0.132781	0.256041	0.389967	0.516787	0.625198	0.701283	0.726993	0.69469	0.598849	0.442771	0.258808	0.0889791	-0.0386191	-0.109492	-0.104682	-0.0282257	0.0886791	0.219637	0.339163	0.424514	0.455969	0.431916	0.365586	0.267767	0.157357	0.0484595	-0.0548892	-0.144331	-0.204783	-0.23332	-0.240851	-0.232683	-0.213887	-0.186373	-0.150063	-0.11052	-0.0712132	-0.0343306	0	
0	-0.0984008	-0.204084	-0.317573	-0.439734	-0.56677	-0.693205	-0.797428	-0.859949	-0.850597	-0.759107	-0.608291	-0.459968	-0.355501	-0.305844	-0.325395	-0.42777	-0.589499	-0.761183	-0.910697	-1.01262	-1.02584	-0.930293	-0.744193	-0.498374	-0.222602	0.0583586	0.311446	0.507468	0.628015	0.677163	0.664761	0.590474	0.45645	0.280132	0.0867109	-0.0978868	-0.25691	-0.372749	-0.432853	-0.44409	-0.424684	-0.380129	-0.316629	-0.254083	-0.201827	-0.15999	-0.132839	-0.117787	-0.117028	-0.115566	-0.0913242	-0.0489175	-0.016977	-0.00121199	-0.000201835	-0.0113489	-0.0265212	-0.0331363	-0.0154587	0.0412069	0.140175	0.265774	0.399786	0.527392	0.641722	0.72306	0.752552	0.728104	0.645655	0.512717	0.356445	0.219317	0.12236	0.0714509	0.0822693	0.149886	0.246224	0.342105	0.422595	0.466375	0.453736	0.392258	0.300656	0.189683	0.0672874	-0.0499016	-0.154767	-0.238604	-0.289116	-0.31556	-0.324291	-0.312484	-0.285068	-0.245094	-0.197416	-0.150909	-0.103512	-0.0517321	0	
0	-0.0961401	-0.19727	-0.304595	-0.421397	-0.542414	-0.659924	-0.754105	-0.808576	-0.805809	-0.737736	-0.62395	-0.508498	-0.429693	-0.401113	-0.438157	-0.548211	-0.703705	-0.855434	-0.973895	-1.03322	-0.9997	-0.857576	-0.632851	-0.356504	-0.0542328	0.246586	0.507468	0.699738	0.815115	0.864761	0.854457	0.774105	0.625569	0.427966	0.209478	-0.00547795	-0.199861	-0.350636	-0.439154	-0.469879	-0.459789	-0.417155	-0.349409	-0.274332	-0.208048	-0.155012	-0.113378	-0.0818811	-0.0629971	-0.0441598	-0.010725	0.027822	0.0509364	0.0518853	0.0369943	0.0168874	-0.00600019	-0.0204791	-0.00841776	0.0447733	0.135495	0.25561	0.387084	0.520279	0.644797	0.738699	0.777034	0.7534	0.678449	0.565864	0.436166	0.316591	0.230544	0.1894	0.203883	0.267434	0.35164	0.428574	0.483246	0.494234	0.452645	0.372054	0.266275	0.145104	0.0137957	-0.109693	-0.210864	-0.288197	-0.341312	-0.374923	-0.38931	-0.379839	-0.35077	-0.308469	-0.256469	-0.200466	-0.138719	-0.0697036	0	
0	-0.0937502	-0.192026	-0.297041	-0.4143	-0.531235	-0.638359	-0.713765	-0.753759	-0.748248	-0.697771	-0.612202	-0.523859	-0.466312	-0.455276	-0.507377	-0.622438	-0.771925	-0.906867	-0.995443	-1.01825	-0.94762	-0.778233	-0.532233	-0.239643	0.0721059	0.374199	0.628015	0.815115	0.931684	0.985136	0.97609	0.893304	0.744544	0.546389	0.325117	0.0974209	-0.117174	-0.292048	-0.4058	-0.45864	-0.464385	-0.435038	-0.371706	-0.29368	-0.221823	-0.1599	-0.108075	-0.0614902	-0.024046	0.00994394	0.0484992	0.0868203	0.104231	0.0988945	0.0789126	0.054087	0.0258388	0.00557556	0.0114518	0.052888	0.134982	0.248694	0.380332	0.520905	0.651597	0.746363	0.783046	0.766276	0.702717	0.600285	0.474154	0.358338	0.280817	0.248935	0.267217	0.328269	0.409914	0.478092	0.518547	0.514475	0.462798	0.376276	0.262148	0.130575	-0.00834197	-0.131192	-0.230952	-0.310525	-0.369151	-0.409095	-0.424393	-0.417639	-0.395865	-0.357393	-0.304714	-0.240821	-0.165289	-0.0837039	0	
0	-0.0936734	-0.194532	-0.305831	-0.428231	-0.542942	-0.636895	-0.69437	-0.717433	-0.70455	-0.657765	-0.587684	-0.516103	-0.474394	-0.474537	-0.535413	-0.649906	-0.792197	-0.910005	-0.976025	-0.972651	-0.883647	-0.70235	-0.448829	-0.15526	0.147125	0.433312	0.677163	0.864761	0.985136	1.03943	1.02715	0.946365	0.805775	0.619764	0.411031	0.190202	-0.0245348	-0.208949	-0.338965	-0.411144	-0.436027	-0.424969	-0.376118	-0.307615	-0.236701	-0.175771	-0.117025	-0.0583633	-0.00636242	0.038	0.0812544	0.114345	0.129079	0.122197	0.0988096	0.0752751	0.0490569	0.0328476	0.0406587	0.0816279	0.159463	0.271926	0.404956	0.545867	0.671721	0.757177	0.784696	0.758756	0.691065	0.589008	0.465639	0.355243	0.282157	0.256816	0.283144	0.35136	0.437282	0.503377	0.539489	0.531586	0.478824	0.390894	0.269318	0.13274	-0.00312744	-0.125031	-0.22723	-0.31256	-0.377069	-0.41359	-0.427518	-0.423394	-0.402914	-0.36738	-0.313146	-0.246477	-0.169991	-0.0852984	0	
0	-0.0982278	-0.208647	-0.33382	-0.463462	-0.575147	-0.65569	-0.698801	-0.706987	-0.679889	-0.623366	-0.55234	-0.487929	-0.45315	-0.45883	-0.520913	-0.630854	-0.760955	-0.864099	-0.916258	-0.905525	-0.812765	-0.633038	-0.384157	-0.108164	0.16679	0.429676	0.664761	0.854457	0.97609	1.02715	1.0137	0.936228	0.807639	0.642122	0.461248	0.268472	0.0716964	-0.106126	-0.240527	-0.326235	-0.370899	-0.3838	-0.361595	-0.311794	-0.253932	-0.197833	-0.137157	-0.0688332	-0.00691108	0.0435666	0.0838832	0.110038	0.121437	0.1133	0.0936562	0.0777898	0.0647342	0.0615799	0.0807975	0.127639	0.211946	0.331228	0.468904	0.605507	0.709926	0.769098	0.774958	0.731329	0.64759	0.533582	0.40618	0.299194	0.235297	0.226065	0.264838	0.340468	0.433771	0.506441	0.549618	0.549367	0.503712	0.413836	0.287203	0.151952	0.0200903	-0.100981	-0.207363	-0.293947	-0.354782	-0.387603	-0.39895	-0.393129	-0.36926	-0.329942	-0.278701	-0.217004	-0.146283	-0.0744205	0	
0	-0.108727	-0.234978	-0.374729	-0.511834	-0.616833	-0.686946	-0.716947	-0.710528	-0.662265	-0.583882	-0.500149	-0.430355	-0.395568	-0.399575	-0.460449	-0.561155	-0.677399	-0.768549	-0.820949	-0.816872	-0.733914	-0.566395	-0.340145	-0.100991	0.135542	0.368334	0.590474	0.774105	0.893304	0.946365	0.936228	0.868102	0.760158	0.628219	0.494237	0.342709	0.178578	0.0185669	-0.11205	-0.209246	-0.274325	-0.317332	-0.325231	-0.305695	-0.266173	-0.22247	-0.16411	-0.0934941	-0.0282845	0.0217197	0.0599602	0.0833155	0.0973008	0.0968551	0.0856146	0.0832964	0.0848629	0.0981635	0.131532	0.190338	0.287271	0.416108	0.5527	0.672711	0.752811	0.786009	0.764463	0.694326	0.585436	0.448995	0.308028	0.200358	0.140514	0.138514	0.193136	0.284871	0.391072	0.481184	0.545567	0.565565	0.532144	0.451265	0.33464	0.20524	0.076357	-0.0510764	-0.161515	-0.242752	-0.301211	-0.331353	-0.341625	-0.33301	-0.303398	-0.265847	-0.220498	-0.168549	-0.113624	-0.0583856	0	
0	-0.126889	-0.269194	-0.423273	-0.56044	-0.662011	-0.719115	-0.737156	-0.708857	-0.634076	-0.527582	-0.420975	-0.337305	-0.292064	-0.292212	-0.34861	-0.440352	-0.543314	-0.630115	-0.692127	-0.705463	-0.640907	-0.501455	-0.315977	-0.125113	0.0654337	0.261735	0.45645	0.625569	0.744544	0.805775	0.807639	0.760158	0.685734	0.605831	0.525218	0.425908	0.300955	0.164627	0.0401664	-0.0650117	-0.152254	-0.222428	-0.269967	-0.28678	-0.273417	-0.244812	-0.194421	-0.127251	-0.0660036	-0.0180553	0.0236252	0.0516908	0.0763618	0.0880207	0.0926146	0.104722	0.122956	0.149742	0.192314	0.260902	0.366557	0.495999	0.625075	0.730875	0.790231	0.801887	0.759904	0.660113	0.516786	0.3522	0.19134	0.0683967	-0.00350538	-0.00379796	0.0588734	0.164615	0.297554	0.42328	0.524789	0.575988	0.569934	0.513939	0.419526	0.30294	0.172589	0.0415472	-0.0684596	-0.152465	-0.214655	-0.247604	-0.262351	-0.25667	-0.230677	-0.198367	-0.159487	-0.118506	-0.0801617	-0.0438047	0	
0	-0.148997	-0.308224	-0.467024	-0.604523	-0.698224	-0.745399	-0.741485	-0.685946	-0.580464	-0.445769	-0.314543	-0.210469	-0.152192	-0.146778	-0.2003	-0.286873	-0.383195	-0.471773	-0.546695	-0.578495	-0.540745	-0.441069	-0.304802	-0.165135	-0.0214768	0.124849	0.280132	0.427966	0.546389	0.619764	0.642122	0.628219	0.605831	0.582969	0.563467	0.516183	0.428999	0.312404	0.193898	0.0817255	-0.0214975	-0.123257	-0.208252	-0.258704	-0.266475	-0.250256	-0.212526	-0.159634	-0.109306	-0.0612371	-0.012492	0.0283089	0.0673755	0.0956152	0.115764	0.142401	0.171664	0.205083	0.253984	0.327859	0.435716	0.561865	0.681831	0.772649	0.817616	0.81429	0.74718	0.616928	0.443008	0.246421	0.0579444	-0.0872078	-0.174361	-0.181897	-0.11202	0.0119296	0.170804	0.339082	0.483219	0.573982	0.608232	0.590736	0.527785	0.425653	0.304657	0.17823	0.0660751	-0.0226324	-0.094921	-0.135004	-0.156187	-0.164073	-0.152514	-0.135049	-0.113223	-0.0850857	-0.0563536	-0.0316857	0	
0	-0.173702	-0.346216	-0.509476	-0.642869	-0.733236	-0.764335	-0.733998	-0.644143	-0.509686	-0.351454	-0.197232	-0.0736724	-0.000731487	0.0112768	-0.0388998	-0.123714	-0.218896	-0.30914	-0.391424	-0.44049	-0.434883	-0.380313	-0.294153	-0.201878	-0.111596	-0.021889	0.0867109	0.209478	0.325117	0.411031	0.461248	0.494237	0.525218	0.563467	0.597145	0.592853	0.533083	0.431896	0.323563	0.213347	0.0925577	-0.0336714	-0.145742	-0.218263	-0.23871	-0.235785	-0.215951	-0.178843	-0.134877	-0.0851038	-0.0276952	0.0192711	0.0622612	0.097702	0.130885	0.167398	0.205217	0.247771	0.303241	0.384141	0.495366	0.615946	0.727649	0.812043	0.847982	0.821149	0.721474	0.557295	0.350946	0.126819	-0.0838965	-0.243009	-0.339259	-0.352526	-0.28094	-0.143049	0.0430877	0.242523	0.419092	0.548512	0.624205	0.647495	0.618407	0.542489	0.445733	0.341686	0.240915	0.146534	0.0647856	0.0114102	-0.0305362	-0.0557561	-0.0625684	-0.0689575	-0.0683561	-0.0553687	-0.0349031	-0.0169666	0	
0	-0.194985	-0.380756	-0.546773	-0.679699	-0.762817	-0.775568	-0.712275	-0.588168	-0.428727	-0.253362	-0.0836585	0.0538206	0.137756	0.156079	0.110129	0.0231603	-0.0721908	-0.160879	-0.244125	-0.308881	-0.335719	-0.322117	-0.278264	-0.231439	-0.193628	-0.159862	-0.0978868	-0.00547795	0.0974209	0.190202	0.268472	0.342709	0.425908	0.516183	0.592853	0.62086	0.583954	0.506536	0.416235	0.306863	0.174553	0.0344048	-0.0906881	-0.172838	-0.205756	-0.213137	-0.203697	-0.172322	-0.128816	-0.0759926	-0.0208306	0.020943	0.0577467	0.0921522	0.129204	0.170724	0.21762	0.270763	0.341579	0.439257	0.5581	0.679185	0.788093	0.860061	0.871791	0.813171	0.677177	0.476504	0.24009	-0.00497579	-0.226205	-0.391942	-0.489086	-0.496418	-0.411648	-0.257925	-0.0619721	0.148232	0.338598	0.49175	0.601271	0.657148	0.661953	0.625337	0.569191	0.499851	0.422388	0.341759	0.262417	0.195804	0.132241	0.0810383	0.0475332	0.0171744	-0.00506723	-0.0109641	-0.00871959	-0.00778079	0	
0	-0.208007	-0.403644	-0.574558	-0.706221	-0.778348	-0.76764	-0.670815	-0.51672	-0.33727	-0.152516	0.0246742	0.166796	0.256313	0.28088	0.239923	0.153493	0.0591836	-0.0243894	-0.108554	-0.189607	-0.245975	-0.265687	-0.260095	-0.255854	-0.265012	-0.276651	-0.25691	-0.199861	-0.117174	-0.0245348	0.0716964	0.178578	0.300955	0.428999	0.533083	0.583954	0.576874	0.529376	0.458689	0.359559	0.231286	0.0942681	-0.0319354	-0.124729	-0.168534	-0.181694	-0.17658	-0.145211	-0.09998	-0.0475632	0.00371176	0.039374	0.0639954	0.0906314	0.125026	0.166054	0.21936	0.291322	0.385059	0.499633	0.626917	0.749027	0.849876	0.903663	0.88745	0.785847	0.605693	0.377658	0.123957	-0.137317	-0.367802	-0.528856	-0.612062	-0.608518	-0.511213	-0.344943	-0.146067	0.0618028	0.254589	0.418516	0.54222	0.622627	0.668112	0.679944	0.669877	0.64016	0.592352	0.531735	0.464454	0.395806	0.318651	0.24619	0.185593	0.132325	0.0941402	0.0656512	0.0354567	0.00999061	0	
0	-0.20812	-0.407286	-0.580238	-0.707139	-0.761349	-0.724078	-0.597387	-0.419174	-0.226682	-0.0372389	0.137781	0.277112	0.364705	0.393591	0.359706	0.27801	0.187387	0.104335	0.0129746	-0.0866565	-0.167858	-0.214872	-0.243902	-0.27497	-0.316212	-0.357732	-0.372749	-0.350636	-0.292048	-0.208949	-0.106126	0.0185669	0.164627	0.312404	0.431896	0.506536	0.529376	0.50889	0.461723	0.385127	0.277307	0.150494	0.0256669	-0.0698357	-0.118746	-0.137031	-0.134908	-0.107938	-0.0636041	-0.0114327	0.0370075	0.0665955	0.0822136	0.102717	0.137038	0.184754	0.251953	0.338807	0.441741	0.561174	0.685644	0.799983	0.888309	0.919252	0.868614	0.730673	0.519614	0.263912	-0.011168	-0.2747	-0.494255	-0.644514	-0.715912	-0.701247	-0.594523	-0.423841	-0.224736	-0.0167343	0.183464	0.360161	0.495829	0.594496	0.669551	0.719446	0.744384	0.747336	0.729863	0.69096	0.639778	0.580124	0.50541	0.425813	0.347913	0.273874	0.209777	0.151851	0.0954299	0.0436498	0	
0	-0.192462	-0.381448	-0.547205	-0.65908	-0.690197	-0.625844	-0.47639	-0.282924	-0.0836699	0.102473	0.269225	0.396192	0.475085	0.502795	0.476885	0.404233	0.315017	0.223369	0.116657	-0.00237257	-0.102499	-0.173046	-0.22822	-0.280261	-0.335949	-0.39163	-0.432853	-0.439154	-0.4058	-0.338965	-0.240527	-0.11205	0.0401664	0.193898	0.323563	0.416235	0.458689	0.461723	0.443552	0.400398	0.314645	0.2022	0.0904949	0.00209017	-0.053956	-0.0814892	-0.0890702	-0.0646011	-0.0188739	0.0333736	0.0772618	0.102845	0.116357	0.141749	0.187085	0.24841	0.327772	0.417433	0.512383	0.614238	0.719257	0.817288	0.882545	0.880084	0.794811	0.624888	0.390656	0.127309	-0.143908	-0.402873	-0.616639	-0.753498	-0.807055	-0.777044	-0.6628	-0.488707	-0.28653	-0.0689377	0.149597	0.340382	0.489881	0.604685	0.696122	0.76045	0.794936	0.815911	0.821117	0.803033	0.770572	0.722617	0.657601	0.584121	0.504601	0.416707	0.323389	0.234159	0.157101	0.0834513	0	
0	-0.16386	-0.329993	-0.47271	-0.563344	-0.567748	-0.484682	-0.320842	-0.122612	0.0752174	0.253022	0.404782	0.515917	0.578081	0.60063	0.580415	0.516595	0.421618	0.312105	0.183655	0.0483541	-0.0687326	-0.155254	-0.222774	-0.278215	-0.331114	-0.390485	-0.44409	-0.469879	-0.45864	-0.411144	-0.326235	-0.209246	-0.0650117	0.0817255	0.213347	0.306863	0.359559	0.385127	0.400398	0.385236	0.326955	0.241065	0.155546	0.0711019	0.00206956	-0.0418136	-0.0539669	-0.0305378	0.0155716	0.0665662	0.110204	0.145283	0.173661	0.215753	0.276947	0.353153	0.432725	0.511315	0.588352	0.668213	0.747948	0.813772	0.835962	0.788827	0.667294	0.475907	0.232678	-0.0305427	-0.29463	-0.536767	-0.730637	-0.850719	-0.884738	-0.839256	-0.71233	-0.522417	-0.300451	-0.0651458	0.164967	0.364611	0.523622	0.651441	0.748187	0.805883	0.835127	0.853639	0.860319	0.853698	0.835928	0.802882	0.753711	0.692697	0.619333	0.530011	0.427447	0.31885	0.214183	0.111526	0	
0	-0.13187	-0.26388	-0.377233	-0.439725	-0.428814	-0.335407	-0.173446	0.0208503	0.208529	0.374313	0.510654	0.605395	0.651288	0.667362	0.651824	0.593439	0.489153	0.359063	0.214028	0.0646231	-0.0635033	-0.158228	-0.223177	-0.268769	-0.314145	-0.368531	-0.424684	-0.459789	-0.464385	-0.436027	-0.370899	-0.274325	-0.152254	-0.0214975	0.0925577	0.174553	0.231286	0.277307	0.314645	0.326955	0.304397	0.257198	0.191473	0.105165	0.0245039	-0.0278679	-0.0429146	-0.0221638	0.0221388	0.0710375	0.126354	0.18217	0.235411	0.297983	0.378844	0.467337	0.549191	0.615753	0.6677	0.718107	0.766674	0.79445	0.770771	0.68052	0.526035	0.3138	0.0615939	-0.200324	-0.450134	-0.667861	-0.836787	-0.927496	-0.933658	-0.863526	-0.720521	-0.513824	-0.267562	-0.0182379	0.221668	0.428019	0.589834	0.712003	0.794639	0.840678	0.856646	0.864023	0.861419	0.848052	0.836439	0.817289	0.785197	0.74214	0.677629	0.595465	0.506059	0.396584	0.266057	0.132018	0	
0	-0.0961852	-0.188984	-0.262727	-0.300495	-0.278361	-0.190072	-0.0386773	0.139606	0.31272	0.462884	0.58427	0.662942	0.694503	0.701965	0.684865	0.62451	0.509215	0.367219	0.213728	0.0592996	-0.0726639	-0.163558	-0.212803	-0.246245	-0.281473	-0.32873	-0.380129	-0.417155	-0.435038	-0.424969	-0.3838	-0.317332	-0.222428	-0.123257	-0.0336714	0.0344048	0.0942681	0.150494	0.2022	0.241065	0.257198	0.234188	0.177096	0.095555	0.0175179	-0.0355974	-0.0515774	-0.0305854	0.0117953	0.0679948	0.136359	0.209437	0.283722	0.371184	0.473823	0.578573	0.660335	0.711422	0.743378	0.765776	0.7784	0.763798	0.696282	0.566389	0.381698	0.152756	-0.106835	-0.365043	-0.595271	-0.785305	-0.920861	-0.975874	-0.947709	-0.846743	-0.678744	-0.448307	-0.185389	0.0733028	0.312071	0.510279	0.660907	0.759755	0.815231	0.838326	0.840957	0.836675	0.824413	0.810507	0.795972	0.78263	0.766177	0.735722	0.685737	0.616435	0.534158	0.428971	0.295738	0.148929	0	
