0	0	0	0	0	0	0	0	0	0	0	0	0	0	0	0	0	0	0	0	0	0	0	0	0	0	0	0	0	0	0	0	0	0	0	0	0	0	0	0	0	0	0	0	0	0	0	0	0	0	0	0	0	0	0	0	0	0	0	0	0	0	0	0	0	0	0	0	0	0	0	0	0	0	0	0	0	0	0	0	0	0	0	0	0	0	0	0	0	0	0	0	0	0	0	0	0	0	0	0	
0	-0.000311152	-0.000326048	-0.00108906	-0.00152976	-0.00298541	-0.00469708	-0.00785325	-0.0117217	-0.0170831	-0.0236099	-0.0295189	-0.0353552	-0.037791	-0.034359	-0.0269149	-0.00975685	0.0107016	0.0324359	0.0529923	0.0636221	0.064955	0.0571994	0.0427829	0.0255245	0.0100364	-0.006026	-0.0189638	-0.0326535	-0.0378816	-0.0360162	-0.0263064	-0.0139217	-0.00222067	0.00306459	0.00363163	3.97959e-06	-0.00365879	-0.00789719	-0.010439	-0.0113084	-0.00539932	0.00164072	0.0015462	-0.00369685	-0.00583818	-0.00709414	-0.00432005	-0.00107388	-0.000549391	-0.00255977	-0.00238531	-0.00460604	-0.00324621	6.29216e-05	0.0016145	-0.002097	-0.00397603	-0.000858168	0.00252307	7.61753e-05	-0.00293105	-0.000239876	0.00187029	0.00106502	0.00123426	0.00546675	0.00803255	0.0119265	0.0191712	0.0247772	0.0298236	0.0350596	0.033565	0.0262366	0.0155732	-0.00428685	-0.0287992	-0.0504943	-0.0623252	-0.0665071	-0.0671734	-0.0553375	-0.0355617	-0.0172539	-0.00341424	0.00739103	0.0220001	0.0329636	0.0342693	0.0293796	0.0157816	-0.000637284	-0.0094611	-0.00993639	-0.00366865	0.00418252	0.00519056	0.0012592	0	
0	-0.000326048	-0.00271147	-0.00235479	-0.00548726	-0.00753718	-0.0111842	-0.0171521	-0.0240134	-0.0339881	-0.0451593	-0.0575981	-0.0672752	-0.0732183	-0.068409	-0.0528024	-0.021743	0.0177119	0.0636265	0.103046	0.125432	0.131361	0.114122	0.0827455	0.0508952	0.0159096	-0.0153993	-0.0402286	-0.0645669	-0.0771232	-0.0740436	-0.0574092	-0.0287797	-0.00646134	0.00232632	0.00331727	0.00111162	-0.00823592	-0.0189663	-0.0235545	-0.0220488	-0.0110998	0.00155835	0.00197565	-0.0068848	-0.0112641	-0.0135481	-0.00860956	-0.000845397	-0.00125729	-0.0032476	-0.00520488	-0.00785042	-0.00706247	-0.000259683	0.00248599	-0.00616795	-0.00840971	-0.00470052	0.0037321	-0.00192526	-0.00677495	-0.000690614	0.00338145	0.00339488	0.00381439	0.012663	0.0168942	0.0249273	0.0376782	0.0481671	0.0585855	0.0668384	0.0667007	0.0525895	0.0307046	-0.00504077	-0.0559093	-0.100142	-0.122813	-0.135468	-0.136472	-0.110385	-0.0718957	-0.0338693	-0.00490857	0.0151123	0.0425289	0.0634951	0.0679006	0.0604203	0.0316466	-0.00240123	-0.0171503	-0.0174539	-0.00894454	0.00547051	0.0110282	0.00508363	0	
0	-0.00108906	-0.00235479	-0.0041293	-0.00655563	-0.0108238	-0.016174	-0.0257935	-0.0371743	-0.053323	-0.0722243	-0.0906957	-0.107392	-0.115519	-0.106548	-0.0837506	-0.0350811	0.02593	0.0909656	0.151462	0.184134	0.189714	0.166213	0.123298	0.0728335	0.0249726	-0.0225022	-0.0612967	-0.100663	-0.1183	-0.11362	-0.0858456	-0.047936	-0.0141743	0.00225081	0.00407823	-0.0045742	-0.0160853	-0.0281359	-0.0363087	-0.0375204	-0.0211738	-0.000883644	-0.000423312	-0.0139581	-0.0207626	-0.0243115	-0.0161741	-0.00670648	-0.00517263	-0.00962726	-0.00994361	-0.0154074	-0.0122374	-0.00231052	0.00196252	-0.00806273	-0.0128322	-0.00497067	0.00521327	-0.0014657	-0.0089669	-0.00154949	0.00412425	0.00289519	0.0042107	0.0159572	0.0235651	0.0355009	0.0564709	0.0734579	0.0882032	0.103073	0.100411	0.0789941	0.0464282	-0.0111098	-0.0840587	-0.148568	-0.184766	-0.200025	-0.201005	-0.165383	-0.107969	-0.0534225	-0.011595	0.0212117	0.0638327	0.0966707	0.10246	0.0879493	0.047539	-0.000446417	-0.0263466	-0.027814	-0.0108234	0.0105902	0.0140864	0.00375577	0	
0	-0.00152976	-0.00548726	-0.00655563	-0.0124472	-0.0172392	-0.025707	-0.0378835	-0.0527914	-0.0736269	-0.0969083	-0.121651	-0.142772	-0.153454	-0.145128	-0.114515	-0.053663	0.023986	0.112742	0.190853	0.236282	0.247267	0.216215	0.157231	0.0921384	0.0241404	-0.0380306	-0.0903695	-0.139227	-0.162848	-0.158075	-0.125952	-0.0733368	-0.028701	-0.00860904	-0.00469761	-0.0110023	-0.0272992	-0.0467691	-0.0561301	-0.05445	-0.033406	-0.00946037	-0.00722637	-0.0219029	-0.0312422	-0.035111	-0.0255001	-0.0114974	-0.0107522	-0.0137104	-0.0162022	-0.0216965	-0.0188762	-0.00637961	-0.00103024	-0.0142029	-0.0195074	-0.0112148	0.00236819	-0.00580101	-0.01348	-0.00428919	0.00392711	0.00389253	0.0068812	0.0227763	0.0314009	0.0484669	0.0742544	0.0955157	0.115769	0.132558	0.131996	0.105471	0.0609944	-0.0109447	-0.107554	-0.193911	-0.242783	-0.268223	-0.26931	-0.221251	-0.146409	-0.0721226	-0.0152762	0.0284486	0.0835848	0.124651	0.133569	0.117604	0.0646172	0.000597544	-0.0315571	-0.0332189	-0.0160641	0.00933591	0.0182133	0.00793553	0	
0	-0.00298541	-0.00753718	-0.0108238	-0.0172392	-0.0248182	-0.0352437	-0.0513808	-0.071078	-0.0980391	-0.12854	-0.161081	-0.187575	-0.20294	-0.191734	-0.153709	-0.079491	0.0195655	0.126744	0.224336	0.280793	0.293752	0.255958	0.185912	0.104506	0.0223974	-0.0554175	-0.120878	-0.181904	-0.215196	-0.210588	-0.168595	-0.105296	-0.0516954	-0.0225943	-0.0185068	-0.0280003	-0.0469519	-0.0655252	-0.0798302	-0.0790596	-0.0550387	-0.0242577	-0.0207805	-0.0372668	-0.0490542	-0.0539039	-0.0411917	-0.0262488	-0.02314	-0.0263872	-0.0282432	-0.0344404	-0.0303596	-0.0148253	-0.00810554	-0.021059	-0.0267653	-0.0167491	-0.00118615	-0.00894147	-0.0175015	-0.00709304	0.00110237	0.00196345	0.00697802	0.0238553	0.0367251	0.0575849	0.0904501	0.119049	0.143039	0.165572	0.165156	0.13204	0.0763926	-0.0144129	-0.132346	-0.23806	-0.301347	-0.333111	-0.332768	-0.274637	-0.183993	-0.0949391	-0.0245033	0.0325883	0.100346	0.154066	0.168321	0.145174	0.0804892	0.00473574	-0.0375953	-0.0406595	-0.0170711	0.0121662	0.0184975	0.0056929	0	
0	-0.00469708	-0.0111842	-0.016174	-0.025707	-0.0352437	-0.0500049	-0.0699689	-0.0945963	-0.127701	-0.164761	-0.202537	-0.236837	-0.252718	-0.243105	-0.198712	-0.112547	0.00136454	0.128255	0.242431	0.312416	0.328525	0.287868	0.206711	0.108869	0.00920786	-0.082935	-0.165205	-0.238008	-0.273621	-0.269246	-0.223894	-0.153286	-0.0881705	-0.0533055	-0.0435872	-0.0537666	-0.0744234	-0.0993456	-0.113766	-0.112124	-0.0839718	-0.0510307	-0.0444184	-0.0596246	-0.0738332	-0.0778946	-0.0642741	-0.0463754	-0.0418436	-0.0433095	-0.045021	-0.0515198	-0.0458422	-0.0287797	-0.02117	-0.0323881	-0.0396913	-0.0273108	-0.0118453	-0.0179092	-0.0244677	-0.0153742	-0.00391421	-0.00206688	0.00606082	0.0262163	0.0407363	0.0676572	0.106148	0.139276	0.16884	0.194172	0.194181	0.157618	0.0904858	-0.0163527	-0.152164	-0.276503	-0.356525	-0.39714	-0.396141	-0.331541	-0.225907	-0.118877	-0.0344063	0.0377566	0.119493	0.180358	0.19581	0.170012	0.0987979	0.0123027	-0.0390371	-0.044644	-0.0209472	0.00938778	0.0189561	0.00796976	0	
0	-0.00785325	-0.0171521	-0.0257935	-0.0378835	-0.0513808	-0.0699689	-0.0935612	-0.124607	-0.162997	-0.206645	-0.253904	-0.291867	-0.315111	-0.305577	-0.255246	-0.160829	-0.0294839	0.116125	0.247191	0.329451	0.351376	0.305201	0.211899	0.100619	-0.0148682	-0.122716	-0.217121	-0.297043	-0.346161	-0.34573	-0.29473	-0.211691	-0.138823	-0.0953537	-0.0854767	-0.0939243	-0.116491	-0.140777	-0.159573	-0.156598	-0.127407	-0.0905827	-0.0803496	-0.0938845	-0.10938	-0.113349	-0.0978109	-0.0786733	-0.0716565	-0.0703485	-0.0725602	-0.0770256	-0.0706046	-0.0520128	-0.0423755	-0.0522249	-0.0568414	-0.0452885	-0.028337	-0.0311208	-0.036545	-0.0254662	-0.0145134	-0.00900369	0.00297519	0.0230569	0.0427237	0.07388	0.117027	0.157358	0.191436	0.220139	0.223394	0.183041	0.104678	-0.0158144	-0.170814	-0.314308	-0.409979	-0.461758	-0.459491	-0.384415	-0.266034	-0.145994	-0.0463882	0.0398946	0.130284	0.202459	0.2278	0.198167	0.115963	0.0192456	-0.0398943	-0.047246	-0.0216427	0.00816114	0.01606	0.00586534	0	
0	-0.0117217	-0.0240134	-0.0371743	-0.0527914	-0.071078	-0.0945963	-0.124607	-0.162198	-0.208535	-0.261466	-0.314857	-0.36231	-0.387533	-0.379113	-0.324233	-0.219649	-0.0739543	0.0866377	0.232531	0.328308	0.352438	0.306562	0.207612	0.0811316	-0.0493901	-0.171706	-0.283838	-0.377666	-0.430091	-0.429382	-0.375184	-0.291046	-0.209325	-0.157414	-0.139714	-0.149102	-0.171877	-0.199386	-0.218561	-0.215654	-0.184922	-0.14674	-0.132477	-0.1431	-0.159412	-0.161974	-0.145924	-0.1262	-0.115254	-0.111875	-0.112166	-0.115235	-0.106267	-0.0864236	-0.0757454	-0.0795374	-0.0837272	-0.0696888	-0.0538661	-0.0522464	-0.0536761	-0.0444196	-0.0312792	-0.0230977	-0.00764263	0.0145683	0.0388514	0.0758623	0.125324	0.172172	0.212252	0.245274	0.248343	0.205253	0.117288	-0.0195443	-0.188358	-0.346323	-0.461015	-0.521097	-0.517123	-0.440298	-0.311994	-0.177856	-0.0636731	0.0408595	0.145352	0.225878	0.252567	0.218151	0.133827	0.0334566	-0.0350815	-0.0485842	-0.0242669	0.00376522	0.0124068	0.00583164	0	
0	-0.0170831	-0.0339881	-0.053323	-0.0736269	-0.0980391	-0.127701	-0.162997	-0.208535	-0.260799	-0.321699	-0.383212	-0.437205	-0.468534	-0.463709	-0.406216	-0.296044	-0.138994	0.0382379	0.198743	0.308349	0.339594	0.293387	0.184393	0.0452654	-0.100634	-0.238344	-0.363233	-0.463642	-0.526667	-0.533018	-0.478364	-0.386838	-0.295676	-0.236987	-0.215571	-0.222559	-0.243974	-0.273272	-0.293287	-0.289735	-0.259056	-0.220866	-0.201552	-0.20794	-0.223666	-0.22431	-0.208811	-0.187682	-0.173523	-0.166398	-0.165954	-0.165767	-0.15481	-0.13547	-0.122706	-0.122233	-0.122737	-0.108873	-0.0935294	-0.0859992	-0.0832899	-0.0726483	-0.0576234	-0.0440908	-0.0239424	0.000347408	0.0305389	0.0729686	0.126187	0.179131	0.226195	0.261663	0.267697	0.224887	0.128352	-0.0191459	-0.201743	-0.376709	-0.509763	-0.582196	-0.578257	-0.495371	-0.357292	-0.210922	-0.0808333	0.0393934	0.1518	0.240632	0.276841	0.243425	0.153518	0.0460792	-0.0291565	-0.0467803	-0.025055	-0.000932966	0.00657304	0.00362643	0	
0	-0.0236099	-0.0451593	-0.0722243	-0.0969083	-0.12854	-0.164761	-0.206645	-0.261466	-0.321699	-0.39223	-0.463723	-0.524013	-0.56286	-0.5581	-0.498792	-0.381328	-0.212589	-0.0223539	0.150986	0.27286	0.30973	0.265792	0.153219	0.0035538	-0.154641	-0.308792	-0.449175	-0.560493	-0.632828	-0.641324	-0.585695	-0.493149	-0.398146	-0.33019	-0.302653	-0.306326	-0.327642	-0.357139	-0.378884	-0.37566	-0.346403	-0.309121	-0.285482	-0.289586	-0.30252	-0.302649	-0.287588	-0.267937	-0.249622	-0.24005	-0.237892	-0.233738	-0.220553	-0.201533	-0.186329	-0.180004	-0.174941	-0.16066	-0.145728	-0.131306	-0.124894	-0.112071	-0.0964111	-0.0778574	-0.0533778	-0.0278018	0.0111452	0.0591771	0.117457	0.179658	0.234561	0.274571	0.282371	0.238568	0.135105	-0.0242339	-0.218231	-0.406207	-0.556277	-0.637828	-0.63426	-0.550146	-0.407025	-0.251953	-0.104996	0.0347221	0.158055	0.255986	0.298005	0.261981	0.170714	0.0639526	-0.0170283	-0.0432715	-0.026783	-0.0071068	-0.00024718	0.00164213	0	
0	-0.0295189	-0.0575981	-0.0906957	-0.121651	-0.161081	-0.202537	-0.253904	-0.314857	-0.383212	-0.463723	-0.539817	-0.61147	-0.652889	-0.653341	-0.593533	-0.471922	-0.294568	-0.0930167	0.0936276	0.229449	0.273898	0.234298	0.118809	-0.0409853	-0.21354	-0.381044	-0.534431	-0.658579	-0.737266	-0.750746	-0.698543	-0.608561	-0.505621	-0.432449	-0.396393	-0.397848	-0.416971	-0.449628	-0.469875	-0.467171	-0.441479	-0.406801	-0.381078	-0.380038	-0.391335	-0.388834	-0.377582	-0.358309	-0.337187	-0.325982	-0.321649	-0.314223	-0.299354	-0.281548	-0.266521	-0.253331	-0.244634	-0.229683	-0.215112	-0.196497	-0.182478	-0.169334	-0.149745	-0.124494	-0.0976855	-0.0654905	-0.0194605	0.0343818	0.098232	0.166383	0.231157	0.275836	0.284734	0.243591	0.137367	-0.0310763	-0.234025	-0.433599	-0.602293	-0.694699	-0.691459	-0.608207	-0.46143	-0.294202	-0.130611	0.0249035	0.159664	0.265588	0.312411	0.279466	0.190665	0.0838708	-0.00215327	-0.0372795	-0.0286708	-0.0143845	-0.00739488	-0.000367137	0	
0	-0.0353552	-0.0672752	-0.107392	-0.142772	-0.187575	-0.236837	-0.291867	-0.36231	-0.437205	-0.524013	-0.61147	-0.685485	-0.736126	-0.737033	-0.677845	-0.551058	-0.367596	-0.15353	0.0442011	0.192026	0.246382	0.213412	0.0956323	-0.0710778	-0.252553	-0.43774	-0.605129	-0.735287	-0.824752	-0.847461	-0.80015	-0.70859	-0.604232	-0.52446	-0.484356	-0.480999	-0.498287	-0.530174	-0.551967	-0.552839	-0.530394	-0.501012	-0.473039	-0.472397	-0.478173	-0.477133	-0.468927	-0.453199	-0.431224	-0.419393	-0.414623	-0.403803	-0.388252	-0.374074	-0.357579	-0.34182	-0.326519	-0.31212	-0.299391	-0.274315	-0.258145	-0.240216	-0.218503	-0.18924	-0.157017	-0.121821	-0.0657836	-0.00507591	0.0617058	0.139982	0.215241	0.263954	0.276422	0.237953	0.129293	-0.0440025	-0.254112	-0.466346	-0.648162	-0.748969	-0.751174	-0.667999	-0.517951	-0.344438	-0.163171	0.0118006	0.155155	0.267264	0.323886	0.29725	0.209377	0.10372	0.0154942	-0.028992	-0.0293872	-0.0206616	-0.0153249	-0.00464351	0	
0	-0.037791	-0.0732183	-0.115519	-0.153454	-0.20294	-0.252718	-0.315111	-0.387533	-0.468534	-0.56286	-0.652889	-0.736126	-0.788356	-0.792014	-0.732307	-0.601725	-0.409899	-0.188752	0.0219312	0.180225	0.245262	0.218013	0.103845	-0.0665259	-0.259704	-0.457191	-0.636078	-0.784294	-0.882895	-0.907151	-0.865324	-0.782077	-0.678372	-0.594869	-0.546556	-0.536907	-0.553986	-0.588172	-0.611173	-0.612548	-0.597917	-0.573943	-0.550586	-0.547132	-0.551124	-0.550077	-0.548598	-0.537487	-0.517215	-0.508035	-0.502914	-0.491231	-0.477329	-0.466662	-0.453599	-0.434946	-0.416238	-0.403289	-0.390617	-0.366208	-0.344353	-0.325086	-0.301273	-0.266849	-0.235354	-0.19254	-0.128791	-0.0635906	0.00976527	0.0954417	0.181964	0.238252	0.252391	0.217432	0.111126	-0.0669022	-0.283561	-0.503478	-0.697178	-0.806313	-0.810437	-0.731071	-0.584245	-0.400905	-0.201971	-0.0122888	0.145717	0.268895	0.328825	0.305614	0.225239	0.12727	0.0387012	-0.0176772	-0.0320922	-0.0298254	-0.021808	-0.00564482	0	
0	-0.034359	-0.068409	-0.106548	-0.145128	-0.191734	-0.243105	-0.305577	-0.379113	-0.463709	-0.5581	-0.653341	-0.737033	-0.792014	-0.797098	-0.736177	-0.603547	-0.40786	-0.177695	0.0421764	0.212828	0.290519	0.273049	0.162025	-0.0120993	-0.214625	-0.426319	-0.619958	-0.775454	-0.881099	-0.918854	-0.889454	-0.809378	-0.706973	-0.620453	-0.567536	-0.554753	-0.570867	-0.603082	-0.626566	-0.633826	-0.6267	-0.61082	-0.592068	-0.5903	-0.591062	-0.59285	-0.597826	-0.593207	-0.578343	-0.572892	-0.570168	-0.559047	-0.549387	-0.544421	-0.537093	-0.520337	-0.501102	-0.490731	-0.482319	-0.460482	-0.438014	-0.417994	-0.39166	-0.357576	-0.324079	-0.275601	-0.205701	-0.134058	-0.0584912	0.0349676	0.131391	0.191887	0.209639	0.17868	0.0760366	-0.100611	-0.320567	-0.548584	-0.750598	-0.867106	-0.87893	-0.804652	-0.65713	-0.463879	-0.248495	-0.0419271	0.127339	0.254723	0.323796	0.315565	0.243705	0.149013	0.059554	-0.00676408	-0.0326122	-0.0348422	-0.0277473	-0.0106747	0	
0	-0.0269149	-0.0528024	-0.0837506	-0.114515	-0.153709	-0.198712	-0.255246	-0.324233	-0.406216	-0.498792	-0.593533	-0.677845	-0.732307	-0.736177	-0.673748	-0.535663	-0.334598	-0.097944	0.132567	0.310883	0.399656	0.39065	0.285163	0.111411	-0.0972683	-0.32147	-0.528281	-0.700868	-0.819433	-0.863922	-0.84187	-0.771627	-0.677232	-0.591276	-0.534374	-0.514281	-0.526543	-0.559609	-0.587196	-0.598055	-0.59712	-0.590806	-0.581905	-0.582336	-0.581699	-0.586688	-0.599327	-0.603514	-0.597477	-0.599209	-0.599967	-0.594073	-0.589695	-0.59334	-0.593851	-0.582979	-0.566166	-0.558931	-0.556707	-0.540651	-0.521221	-0.501843	-0.476633	-0.446692	-0.415263	-0.364764	-0.29217	-0.218549	-0.140212	-0.040766	0.0640301	0.131483	0.151934	0.125097	0.0262404	-0.150054	-0.373101	-0.60839	-0.814074	-0.934184	-0.952613	-0.883753	-0.739837	-0.540039	-0.309575	-0.0874438	0.097885	0.237613	0.314206	0.313949	0.253109	0.169542	0.0832985	0.0076848	-0.0330786	-0.0425355	-0.0328767	-0.0122368	0	
0	-0.00975685	-0.021743	-0.0350811	-0.053663	-0.079491	-0.112547	-0.160829	-0.219649	-0.296044	-0.381328	-0.471922	-0.551058	-0.601725	-0.603547	-0.535663	-0.397769	-0.190996	0.0496587	0.287862	0.474728	0.578749	0.577084	0.480356	0.307885	0.088426	-0.147244	-0.368167	-0.553748	-0.682438	-0.739318	-0.733227	-0.672827	-0.58835	-0.502518	-0.441618	-0.415365	-0.430277	-0.459583	-0.487834	-0.499826	-0.510485	-0.512869	-0.515294	-0.516505	-0.51683	-0.524437	-0.543192	-0.556363	-0.561045	-0.569802	-0.576378	-0.575441	-0.579838	-0.590425	-0.603189	-0.601519	-0.59063	-0.591157	-0.595597	-0.593421	-0.579919	-0.565357	-0.54551	-0.521959	-0.495896	-0.445169	-0.373503	-0.300399	-0.221766	-0.119903	-0.0128515	0.0571716	0.0800077	0.0533844	-0.0408358	-0.212006	-0.438617	-0.677114	-0.884171	-1.01256	-1.03881	-0.977953	-0.838382	-0.62681	-0.380906	-0.145605	0.0537757	0.202593	0.289447	0.305784	0.260808	0.187451	0.103445	0.0193134	-0.0347034	-0.0480297	-0.0347726	-0.0131832	0	
0	0.0107016	0.0177119	0.02593	0.023986	0.0195655	0.00136454	-0.0294839	-0.0739543	-0.138994	-0.212589	-0.294568	-0.367596	-0.409899	-0.40786	-0.334598	-0.190996	0.0186994	0.265332	0.50835	0.704328	0.815378	0.825729	0.73684	0.565942	0.342057	0.097646	-0.143106	-0.344764	-0.485246	-0.556871	-0.563444	-0.517026	-0.44315	-0.362858	-0.300938	-0.272931	-0.278034	-0.304001	-0.333641	-0.352496	-0.36521	-0.376976	-0.389779	-0.395143	-0.395864	-0.403877	-0.427239	-0.448448	-0.465381	-0.48121	-0.493623	-0.50079	-0.511803	-0.531511	-0.556405	-0.565452	-0.565547	-0.570223	-0.587015	-0.597203	-0.593899	-0.588383	-0.574117	-0.564784	-0.544991	-0.500316	-0.437282	-0.367608	-0.29267	-0.19342	-0.0878553	-0.0174596	0.00451783	-0.022112	-0.115744	-0.286844	-0.514582	-0.758193	-0.967577	-1.0979	-1.13394	-1.08504	-0.947529	-0.729679	-0.47528	-0.224159	-0.00658756	0.154776	0.253051	0.2844	0.258168	0.197949	0.116119	0.0286083	-0.0321055	-0.0505014	-0.0385476	-0.0171041	0	
0	0.0324359	0.0636265	0.0909656	0.112742	0.126744	0.128255	0.116125	0.0866377	0.0382379	-0.0223539	-0.0930167	-0.15353	-0.188752	-0.177695	-0.097944	0.0496587	0.265332	0.51561	0.765753	0.968441	1.09259	1.11163	1.03262	0.865292	0.637833	0.380952	0.127983	-0.088332	-0.246459	-0.335119	-0.3551	-0.324643	-0.266899	-0.194007	-0.131773	-0.0960704	-0.098402	-0.121706	-0.150582	-0.165936	-0.183924	-0.205249	-0.227713	-0.234402	-0.235282	-0.243027	-0.265465	-0.294251	-0.319723	-0.341779	-0.358855	-0.372303	-0.3886	-0.414745	-0.449929	-0.471128	-0.480174	-0.492282	-0.518818	-0.542624	-0.553153	-0.555538	-0.554426	-0.557597	-0.547026	-0.515106	-0.461748	-0.40241	-0.333798	-0.241047	-0.145926	-0.0796248	-0.0602692	-0.0926881	-0.189714	-0.360517	-0.59347	-0.842569	-1.05329	-1.19269	-1.24139	-1.2026	-1.07062	-0.848862	-0.58428	-0.321204	-0.0917133	0.0849586	0.201052	0.249013	0.241794	0.197872	0.123357	0.0346495	-0.0348473	-0.0569986	-0.0384878	-0.0134755	0	
0	0.0529923	0.103046	0.151462	0.190853	0.224336	0.242431	0.247191	0.232531	0.198743	0.150986	0.0936276	0.0442011	0.0219312	0.0421764	0.132567	0.287862	0.50835	0.765753	1.01901	1.23076	1.36526	1.39758	1.33235	1.17453	0.945082	0.683881	0.41163	0.178059	0.00551656	-0.0967156	-0.135286	-0.1238	-0.0821318	-0.0188003	0.0404149	0.0768826	0.0816076	0.0656795	0.0412494	0.0237052	0.00383928	-0.0229411	-0.05122	-0.0605247	-0.0629402	-0.0643616	-0.0841263	-0.114223	-0.147195	-0.170044	-0.19121	-0.207026	-0.224854	-0.254179	-0.295471	-0.326054	-0.342934	-0.360717	-0.394985	-0.43082	-0.452827	-0.466934	-0.4779	-0.493371	-0.493907	-0.474468	-0.436564	-0.387459	-0.326692	-0.24683	-0.164974	-0.109389	-0.0981173	-0.140312	-0.247981	-0.425087	-0.664119	-0.918105	-1.13473	-1.28425	-1.34688	-1.32619	-1.20411	-0.982473	-0.715071	-0.441381	-0.195477	-0.00227893	0.128209	0.193246	0.210565	0.184423	0.115028	0.0303023	-0.0360016	-0.0585411	-0.0411019	-0.0160716	0	
0	0.0636221	0.125432	0.184134	0.236282	0.280793	0.312416	0.329451	0.328308	0.308349	0.27286	0.229449	0.192026	0.180225	0.212828	0.310883	0.474728	0.704328	0.968441	1.23076	1.4576	1.60294	1.65372	1.60458	1.45485	1.23255	0.967253	0.685746	0.441282	0.251599	0.128332	0.0755205	0.0663803	0.0911773	0.140472	0.193876	0.230501	0.24449	0.233577	0.21224	0.196688	0.179303	0.14689	0.114376	0.101237	0.100746	0.104736	0.0935808	0.0623972	0.029708	0.00532361	-0.016169	-0.0320477	-0.0482113	-0.0762679	-0.120614	-0.154253	-0.177336	-0.196561	-0.23479	-0.275069	-0.304811	-0.327303	-0.34773	-0.371075	-0.379319	-0.375399	-0.351455	-0.315564	-0.265705	-0.200146	-0.137788	-0.0942509	-0.0931989	-0.147625	-0.267561	-0.45762	-0.704941	-0.968348	-1.20018	-1.36453	-1.44729	-1.44627	-1.33362	-1.12107	-0.85708	-0.576907	-0.32346	-0.114893	0.0366383	0.120435	0.159404	0.152044	0.0925529	0.0161274	-0.0432579	-0.0632943	-0.0434774	-0.0157025	0	
0	0.064955	0.131361	0.189714	0.247267	0.293752	0.328525	0.351376	0.352438	0.339594	0.30973	0.273898	0.246382	0.245262	0.290519	0.399656	0.578749	0.815378	1.09259	1.36526	1.60294	1.76697	1.8398	1.81167	1.68511	1.47852	1.2149	0.928662	0.672474	0.467571	0.332767	0.262757	0.234528	0.241105	0.272222	0.315553	0.353949	0.372047	0.36372	0.349177	0.337242	0.319214	0.280835	0.246774	0.22929	0.228022	0.238906	0.235766	0.209672	0.179044	0.157273	0.136925	0.125192	0.116154	0.0911587	0.053762	0.0195724	-0.00163342	-0.021542	-0.0578966	-0.0958299	-0.130134	-0.157781	-0.186132	-0.210869	-0.225187	-0.231861	-0.21881	-0.190841	-0.147723	-0.0960851	-0.0475717	-0.0203301	-0.0320942	-0.0997817	-0.242098	-0.447898	-0.705604	-0.981792	-1.22713	-1.41179	-1.51963	-1.54048	-1.45086	-1.25932	-1.00359	-0.723773	-0.464272	-0.240433	-0.0723356	0.0285611	0.087026	0.0968865	0.0532899	-0.00757191	-0.0567768	-0.0723931	-0.0472529	-0.0142783	0	
0	0.0571994	0.114122	0.166213	0.216215	0.255958	0.287868	0.305201	0.306562	0.293387	0.265792	0.234298	0.213412	0.218013	0.273049	0.39065	0.577084	0.825729	1.11163	1.39758	1.65372	1.8398	1.93792	1.94046	1.83969	1.65282	1.40203	1.1213	0.861954	0.647577	0.503086	0.418144	0.372596	0.358645	0.375686	0.408063	0.440841	0.458842	0.461163	0.451156	0.439515	0.419089	0.381429	0.344385	0.319826	0.316847	0.33307	0.338514	0.318226	0.293864	0.273705	0.255062	0.249906	0.245867	0.228332	0.197291	0.169082	0.150876	0.131362	0.103145	0.0713644	0.0421557	0.0126645	-0.0155913	-0.0330191	-0.047802	-0.0581986	-0.0494663	-0.0256953	0.0114746	0.0538568	0.0886826	0.103065	0.0812042	1.84247e-05	-0.156755	-0.379673	-0.649205	-0.935222	-1.20428	-1.41625	-1.55007	-1.59927	-1.53754	-1.37233	-1.13577	-0.865942	-0.607623	-0.375051	-0.192975	-0.0775	-0.00248969	0.0264065	-0.00175369	-0.0482682	-0.0769674	-0.0781095	-0.0527661	-0.0203246	0	
0	0.0427829	0.0827455	0.123298	0.157231	0.185912	0.206711	0.211899	0.207612	0.184393	0.153219	0.118809	0.0956323	0.103845	0.162025	0.285163	0.480356	0.73684	1.03262	1.33235	1.60458	1.81167	1.94046	1.97365	1.90769	1.75271	1.52498	1.2579	1.00259	0.787366	0.637591	0.539791	0.483096	0.457106	0.45603	0.472246	0.502151	0.523707	0.527994	0.519579	0.512129	0.492044	0.450117	0.40694	0.374817	0.368492	0.38479	0.394669	0.381943	0.363917	0.344382	0.327754	0.328696	0.330035	0.320087	0.298519	0.280424	0.266968	0.251332	0.232231	0.212378	0.192282	0.163091	0.141011	0.1323	0.12129	0.11349	0.123082	0.150148	0.18698	0.226793	0.25992	0.267375	0.237904	0.150884	-0.0200327	-0.258846	-0.535517	-0.834357	-1.12422	-1.36048	-1.52324	-1.60067	-1.57353	-1.44645	-1.23859	-0.987253	-0.735736	-0.502585	-0.313855	-0.183988	-0.0983603	-0.0605506	-0.069379	-0.0914113	-0.101061	-0.0912087	-0.0583565	-0.0203484	0	
0	0.0255245	0.0508952	0.0728335	0.0921384	0.104506	0.108869	0.100619	0.0811316	0.0452654	0.0035538	-0.0409853	-0.0710778	-0.0665259	-0.0120993	0.111411	0.307885	0.565942	0.865292	1.17453	1.45485	1.68511	1.83969	1.90769	1.88067	1.76427	1.56456	1.32322	1.07843	0.869734	0.719777	0.621992	0.56078	0.522182	0.506468	0.515177	0.53872	0.556621	0.567859	0.567826	0.562033	0.536028	0.493764	0.445379	0.405457	0.390461	0.403204	0.414833	0.409449	0.397693	0.376987	0.364071	0.367494	0.373874	0.369052	0.357784	0.349657	0.34116	0.329084	0.317467	0.310905	0.30024	0.275437	0.261982	0.263744	0.261202	0.261422	0.28014	0.315275	0.355624	0.400825	0.43894	0.445365	0.414135	0.325534	0.148851	-0.0956596	-0.376025	-0.682016	-0.985482	-1.24514	-1.43276	-1.53661	-1.55006	-1.46632	-1.29368	-1.06844	-0.831135	-0.604269	-0.412396	-0.277375	-0.19345	-0.147135	-0.133644	-0.135181	-0.125234	-0.0977421	-0.0600223	-0.0238498	0	
0	0.0100364	0.0159096	0.0249726	0.0241404	0.0223974	0.00920786	-0.0148682	-0.0493901	-0.100634	-0.154641	-0.21354	-0.252553	-0.259704	-0.214625	-0.0972683	0.088426	0.342057	0.637833	0.945082	1.23255	1.47852	1.65282	1.75271	1.76427	1.6801	1.51865	1.30556	1.08124	0.888293	0.749276	0.652248	0.591578	0.547436	0.52824	0.529364	0.548622	0.568796	0.588433	0.592943	0.590339	0.566772	0.524035	0.467278	0.418804	0.395384	0.400015	0.407814	0.409723	0.400012	0.381135	0.367426	0.373406	0.37965	0.37977	0.376487	0.376822	0.374546	0.364374	0.360135	0.364221	0.364597	0.347005	0.344071	0.354753	0.362369	0.37427	0.404475	0.449751	0.49435	0.550086	0.598492	0.610306	0.584345	0.499105	0.328734	0.0893935	-0.189752	-0.49425	-0.805393	-1.08222	-1.28518	-1.41452	-1.4671	-1.42118	-1.28671	-1.09326	-0.873702	-0.661019	-0.478168	-0.344839	-0.261435	-0.210425	-0.183056	-0.165128	-0.135553	-0.0946721	-0.054316	-0.0218762	0	
0	-0.006026	-0.0153993	-0.0225022	-0.0380306	-0.0554175	-0.082935	-0.122716	-0.171706	-0.238344	-0.308792	-0.381044	-0.43774	-0.457191	-0.426319	-0.32147	-0.147244	0.097646	0.380952	0.683881	0.967253	1.2149	1.40203	1.52498	1.56456	1.51865	1.39664	1.21431	1.01433	0.841018	0.70903	0.62178	0.569617	0.532488	0.513565	0.51146	0.52828	0.554181	0.58394	0.599567	0.605968	0.584367	0.540723	0.47792	0.424541	0.389108	0.379323	0.381762	0.385027	0.377226	0.356873	0.344589	0.347635	0.35346	0.357194	0.359293	0.369409	0.372275	0.36777	0.367571	0.3805	0.390463	0.382681	0.387994	0.403617	0.420217	0.443176	0.48714	0.539563	0.593174	0.662238	0.723844	0.750456	0.730435	0.653943	0.496908	0.266682	-0.0032788	-0.303214	-0.61294	-0.888736	-1.09767	-1.24433	-1.32481	-1.31588	-1.22156	-1.05843	-0.859471	-0.663205	-0.488674	-0.359346	-0.28322	-0.237187	-0.200284	-0.162082	-0.118093	-0.07149	-0.0322164	-0.00938584	0	
0	-0.0189638	-0.0402286	-0.0612967	-0.0903695	-0.120878	-0.165205	-0.217121	-0.283838	-0.363233	-0.449175	-0.534431	-0.605129	-0.636078	-0.619958	-0.528281	-0.368167	-0.143106	0.127983	0.41163	0.685746	0.928662	1.1213	1.2579	1.32322	1.30556	1.21431	1.05776	0.882945	0.728508	0.609146	0.539173	0.496961	0.46537	0.447461	0.453358	0.474905	0.511576	0.550766	0.584766	0.601634	0.590958	0.549243	0.485727	0.427371	0.379461	0.35607	0.348366	0.349729	0.338623	0.320461	0.306116	0.303544	0.307453	0.310699	0.316447	0.330933	0.339707	0.339957	0.340585	0.35804	0.375883	0.379947	0.39331	0.41216	0.438566	0.47616	0.531549	0.593467	0.656263	0.735825	0.812025	0.849145	0.837557	0.770868	0.628178	0.419287	0.162715	-0.126325	-0.421253	-0.687943	-0.894191	-1.05163	-1.15443	-1.17102	-1.10478	-0.964923	-0.783396	-0.600742	-0.436423	-0.31938	-0.253316	-0.20646	-0.158074	-0.107795	-0.0608645	-0.0174607	0.0119933	0.0144788	0	
0	-0.0326535	-0.0645669	-0.100663	-0.139227	-0.181904	-0.238008	-0.297043	-0.377666	-0.463642	-0.560493	-0.658579	-0.735287	-0.784294	-0.775454	-0.700868	-0.553748	-0.344764	-0.088332	0.178059	0.441282	0.672474	0.861954	1.00259	1.07843	1.08124	1.01433	0.882945	0.73368	0.591632	0.484269	0.421659	0.382868	0.360329	0.359535	0.37169	0.396696	0.443965	0.501469	0.556755	0.592115	0.599795	0.563242	0.50452	0.443371	0.387611	0.347155	0.327112	0.317598	0.300893	0.282096	0.260473	0.24898	0.24651	0.245245	0.249836	0.263959	0.279872	0.284074	0.285641	0.305282	0.329187	0.349055	0.367223	0.389266	0.425293	0.472536	0.53884	0.606596	0.678366	0.76986	0.855806	0.907571	0.908369	0.85094	0.727612	0.539547	0.296373	0.020153	-0.258886	-0.506022	-0.701318	-0.860441	-0.969133	-1.00011	-0.951143	-0.827713	-0.663696	-0.488658	-0.330936	-0.223363	-0.152859	-0.100316	-0.0556319	-0.00355672	0.0454972	0.0780149	0.0859666	0.0567033	0	
0	-0.0378816	-0.0771232	-0.1183	-0.162848	-0.215196	-0.273621	-0.346161	-0.430091	-0.526667	-0.632828	-0.737266	-0.824752	-0.882895	-0.881099	-0.819433	-0.682438	-0.485246	-0.246459	0.00551656	0.251599	0.467571	0.647577	0.787366	0.869734	0.888293	0.841018	0.728508	0.591632	0.455784	0.355324	0.292447	0.260468	0.247124	0.250096	0.261457	0.299555	0.358622	0.434575	0.51215	0.576615	0.604832	0.583116	0.537464	0.48073	0.419549	0.366209	0.33431	0.308459	0.284905	0.262287	0.230847	0.209087	0.194935	0.186279	0.181183	0.191781	0.20986	0.214306	0.215557	0.228537	0.257815	0.286937	0.307452	0.33436	0.375274	0.433668	0.507816	0.582815	0.669336	0.769551	0.865267	0.931445	0.942443	0.896124	0.788414	0.617387	0.390806	0.129506	-0.128755	-0.348743	-0.527634	-0.682408	-0.791276	-0.826936	-0.785427	-0.67323	-0.515145	-0.337107	-0.181457	-0.0749495	0.00174401	0.0564056	0.104438	0.162943	0.203397	0.209568	0.184122	0.112203	0	
0	-0.0360162	-0.0740436	-0.11362	-0.158075	-0.210588	-0.269246	-0.34573	-0.429382	-0.533018	-0.641324	-0.750746	-0.847461	-0.907151	-0.918854	-0.863922	-0.739318	-0.556871	-0.335119	-0.0967156	0.128332	0.332767	0.503086	0.637591	0.719777	0.749276	0.70903	0.609146	0.484269	0.355324	0.253425	0.186528	0.14951	0.130032	0.130821	0.147981	0.193022	0.257398	0.351116	0.451724	0.548056	0.60426	0.612013	0.584723	0.540227	0.482086	0.428145	0.384099	0.341026	0.311393	0.281274	0.240561	0.204417	0.177064	0.153201	0.132621	0.133977	0.14574	0.147971	0.142711	0.146272	0.175444	0.205573	0.228366	0.258111	0.302349	0.367756	0.444534	0.529115	0.627963	0.733915	0.838578	0.914077	0.938019	0.90725	0.811741	0.659138	0.452427	0.206648	-0.0269016	-0.22038	-0.385586	-0.529961	-0.631011	-0.664469	-0.619252	-0.506072	-0.351144	-0.173558	-0.0150908	0.0968427	0.184402	0.256092	0.313611	0.362822	0.385074	0.367102	0.302397	0.175922	0	
0	-0.0263064	-0.0574092	-0.0858456	-0.125952	-0.168595	-0.223894	-0.29473	-0.375184	-0.478364	-0.585695	-0.698543	-0.80015	-0.865324	-0.889454	-0.84187	-0.733227	-0.563444	-0.3551	-0.135286	0.0755205	0.262757	0.418144	0.539791	0.621992	0.652248	0.62178	0.539173	0.421659	0.292447	0.186528	0.108253	0.054524	0.0260675	0.0198718	0.0347055	0.0726641	0.138582	0.240066	0.364342	0.492437	0.583093	0.622169	0.623563	0.603417	0.561809	0.51699	0.465414	0.415294	0.380566	0.344508	0.295587	0.248975	0.207445	0.164453	0.125865	0.112872	0.111783	0.107821	0.0915513	0.0849773	0.106354	0.127865	0.151076	0.178682	0.222793	0.28525	0.358605	0.45181	0.555518	0.667258	0.777931	0.859779	0.90171	0.886737	0.804037	0.667395	0.476895	0.252663	0.0439386	-0.127565	-0.271616	-0.397571	-0.486228	-0.508088	-0.455504	-0.345403	-0.194452	-0.0154923	0.147981	0.269673	0.373775	0.464101	0.526266	0.563089	0.567843	0.524422	0.420755	0.242089	0	
0	-0.0139217	-0.0287797	-0.047936	-0.0733368	-0.105296	-0.153286	-0.211691	-0.291046	-0.386838	-0.493149	-0.608561	-0.70859	-0.782077	-0.809378	-0.771627	-0.672827	-0.517026	-0.324643	-0.1238	0.0663803	0.234528	0.372596	0.483096	0.56078	0.591578	0.569617	0.496961	0.382868	0.260468	0.14951	0.054524	-0.0130619	-0.0562071	-0.0811958	-0.0838588	-0.0589244	0.00130312	0.104913	0.241814	0.390511	0.512982	0.590714	0.630104	0.638216	0.624813	0.599293	0.55593	0.508232	0.473444	0.435513	0.387124	0.337255	0.284907	0.224027	0.171198	0.139885	0.124936	0.108898	0.0808948	0.0652599	0.0679094	0.0766522	0.0915942	0.115504	0.154386	0.202822	0.273888	0.368271	0.472367	0.588417	0.697859	0.783505	0.837536	0.834955	0.763264	0.636755	0.46464	0.268834	0.0882949	-0.0599809	-0.180704	-0.284107	-0.355856	-0.364136	-0.304779	-0.193972	-0.0442749	0.126645	0.286971	0.420643	0.537778	0.63601	0.701392	0.731836	0.722051	0.654449	0.51243	0.287695	0	
0	-0.00222067	-0.00646134	-0.0141743	-0.028701	-0.0516954	-0.0881705	-0.138823	-0.209325	-0.295676	-0.398146	-0.505621	-0.604232	-0.678372	-0.706973	-0.677232	-0.58835	-0.44315	-0.266899	-0.0821318	0.0911773	0.241105	0.358645	0.457106	0.522182	0.547436	0.532488	0.46537	0.360329	0.247124	0.130032	0.0260675	-0.0562071	-0.127393	-0.177177	-0.196122	-0.187658	-0.145351	-0.0557687	0.0773109	0.239867	0.391122	0.5051	0.575227	0.618815	0.64299	0.648344	0.623489	0.591077	0.56343	0.532923	0.494182	0.450097	0.392196	0.32186	0.256538	0.208817	0.178037	0.146342	0.111066	0.08385	0.0699685	0.0606663	0.0667456	0.088795	0.115144	0.150666	0.214233	0.301732	0.40053	0.510817	0.614674	0.699304	0.756937	0.764675	0.703906	0.583051	0.428642	0.263914	0.106072	-0.0225047	-0.116238	-0.19527	-0.24199	-0.228451	-0.164504	-0.0545584	0.0879339	0.238406	0.388966	0.525575	0.643082	0.748297	0.820277	0.836335	0.804418	0.724002	0.566186	0.315073	0	
0	0.00306459	0.00232632	0.00225081	-0.00860904	-0.0225943	-0.0533055	-0.0953537	-0.157414	-0.236987	-0.33019	-0.432449	-0.52446	-0.594869	-0.620453	-0.591276	-0.502518	-0.362858	-0.194007	-0.0188003	0.140472	0.272222	0.375686	0.45603	0.506468	0.52824	0.513565	0.447461	0.359535	0.250096	0.130821	0.0198718	-0.0811958	-0.177177	-0.242211	-0.285697	-0.305572	-0.289884	-0.221489	-0.100881	0.0621461	0.226716	0.361304	0.460727	0.541152	0.601474	0.636473	0.641304	0.634636	0.62005	0.604937	0.583824	0.555308	0.502287	0.433344	0.362065	0.303741	0.259034	0.215008	0.173592	0.138816	0.109203	0.0820115	0.0795701	0.0941198	0.10877	0.131329	0.186133	0.264388	0.352696	0.455825	0.554614	0.634536	0.688622	0.700947	0.643241	0.523737	0.384647	0.241252	0.104148	-0.0027954	-0.0758613	-0.126216	-0.141597	-0.114331	-0.0469943	0.0620719	0.184108	0.306045	0.440354	0.569443	0.684426	0.786198	0.847717	0.853008	0.812595	0.726221	0.56871	0.318841	0	
0	0.00363163	0.00331727	0.00407823	-0.00469761	-0.0185068	-0.0435872	-0.0854767	-0.139714	-0.215571	-0.302653	-0.396393	-0.484356	-0.546556	-0.567536	-0.534374	-0.441618	-0.300938	-0.131773	0.0404149	0.193876	0.315553	0.408063	0.472246	0.515177	0.529364	0.51146	0.453358	0.37169	0.261457	0.147981	0.0347055	-0.0838588	-0.196122	-0.285697	-0.359799	-0.406466	-0.41481	-0.373613	-0.276869	-0.131154	0.0324023	0.179784	0.302978	0.408513	0.494873	0.560431	0.603409	0.62307	0.627516	0.634176	0.639154	0.632961	0.597346	0.541534	0.471073	0.410131	0.353753	0.301158	0.25291	0.211519	0.169866	0.128627	0.116728	0.121733	0.127298	0.143183	0.191583	0.25846	0.336979	0.432106	0.527353	0.602986	0.64941	0.660676	0.603215	0.487451	0.357267	0.225861	0.104166	0.00941167	-0.0464452	-0.0706803	-0.0664482	-0.0290351	0.0392974	0.130458	0.224869	0.323433	0.431316	0.538586	0.646353	0.73617	0.782785	0.789731	0.755865	0.669705	0.518012	0.2881	0	
0	3.97959e-06	0.00111162	-0.0045742	-0.0110023	-0.0280003	-0.0537666	-0.0939243	-0.149102	-0.222559	-0.306326	-0.397848	-0.480999	-0.536907	-0.554753	-0.514281	-0.415365	-0.272931	-0.0960704	0.0768826	0.230501	0.353949	0.440841	0.502151	0.53872	0.548622	0.52828	0.474905	0.396696	0.299555	0.193022	0.0726641	-0.0589244	-0.187658	-0.305572	-0.406466	-0.475634	-0.511378	-0.503697	-0.440618	-0.317493	-0.161171	-0.0142295	0.117355	0.235763	0.342902	0.43504	0.509185	0.550424	0.579543	0.611439	0.643154	0.662923	0.65895	0.624929	0.568242	0.510584	0.452998	0.395527	0.340496	0.294262	0.242959	0.194723	0.168561	0.160671	0.159719	0.1736	0.21691	0.27423	0.345162	0.43561	0.532968	0.605943	0.648406	0.655465	0.597589	0.493081	0.367709	0.239916	0.126378	0.0365546	-0.00977971	-0.0235962	-0.014562	0.0231168	0.0794716	0.142948	0.205065	0.270683	0.342972	0.426849	0.526263	0.606165	0.646495	0.65924	0.633641	0.56055	0.437457	0.247109	0	
0	-0.00365879	-0.00823592	-0.0160853	-0.0272992	-0.0469519	-0.0744234	-0.116491	-0.171877	-0.243974	-0.327642	-0.416971	-0.498287	-0.553986	-0.570867	-0.526543	-0.430277	-0.278034	-0.098402	0.0816076	0.24449	0.372047	0.458842	0.523707	0.556621	0.568796	0.554181	0.511576	0.443965	0.358622	0.257398	0.138582	0.00130312	-0.145351	-0.289884	-0.41481	-0.511378	-0.581889	-0.607988	-0.575249	-0.475267	-0.344769	-0.209407	-0.0765851	0.0523919	0.166322	0.275704	0.367883	0.429816	0.482828	0.535036	0.587588	0.636924	0.670907	0.667636	0.633306	0.590675	0.542428	0.48608	0.42901	0.376392	0.325964	0.273117	0.232512	0.210283	0.202114	0.217537	0.25311	0.301941	0.366721	0.455701	0.556401	0.633946	0.679851	0.683654	0.636107	0.546201	0.42473	0.297436	0.177429	0.0879863	0.0454086	0.0243458	0.0247543	0.0478068	0.0747177	0.0966298	0.113473	0.142425	0.187448	0.247956	0.328506	0.401186	0.449043	0.475992	0.467318	0.419599	0.335545	0.194974	0	
0	-0.00789719	-0.0189663	-0.0281359	-0.0467691	-0.0655252	-0.0993456	-0.140777	-0.199386	-0.273272	-0.357139	-0.449628	-0.530174	-0.588172	-0.603082	-0.559609	-0.459583	-0.304001	-0.121706	0.0656795	0.233577	0.36372	0.461163	0.527994	0.567859	0.588433	0.58394	0.550766	0.501469	0.434575	0.351116	0.240066	0.104913	-0.0557687	-0.221489	-0.373613	-0.503697	-0.607988	-0.664285	-0.664337	-0.604478	-0.505425	-0.382478	-0.252683	-0.130335	-0.0171262	0.102278	0.201749	0.278099	0.344925	0.410148	0.474982	0.552867	0.62225	0.654062	0.652708	0.636748	0.60973	0.565551	0.510158	0.458399	0.412926	0.358516	0.305735	0.26539	0.252405	0.264124	0.29239	0.337108	0.398115	0.490666	0.596138	0.682606	0.735397	0.74276	0.706729	0.631002	0.519556	0.385836	0.258091	0.170278	0.116807	0.0775519	0.0540827	0.040478	0.0277168	0.00510809	-0.0252169	-0.0353267	-0.020194	0.0152661	0.0757881	0.1441	0.201956	0.246474	0.270342	0.261977	0.213128	0.121801	0	
0	-0.010439	-0.0235545	-0.0363087	-0.0561301	-0.0798302	-0.113766	-0.159573	-0.218561	-0.293287	-0.378884	-0.469875	-0.551967	-0.611173	-0.626566	-0.587196	-0.487834	-0.333641	-0.150582	0.0412494	0.21224	0.349177	0.451156	0.519579	0.567826	0.592943	0.599567	0.584766	0.556755	0.51215	0.451724	0.364342	0.241814	0.0773109	-0.100881	-0.276869	-0.440618	-0.575249	-0.664337	-0.707557	-0.689361	-0.618955	-0.516799	-0.406745	-0.294541	-0.177267	-0.0572473	0.0406023	0.123068	0.198959	0.265873	0.335475	0.429937	0.522502	0.588146	0.620514	0.638328	0.638159	0.614229	0.568542	0.524552	0.488892	0.438628	0.37978	0.330585	0.312149	0.316509	0.34147	0.381636	0.443152	0.538096	0.645263	0.742317	0.804611	0.824132	0.802849	0.740234	0.635228	0.494025	0.356327	0.256377	0.185955	0.122305	0.0619028	0.00961243	-0.0451226	-0.114602	-0.186575	-0.230718	-0.240976	-0.234451	-0.204601	-0.141628	-0.0728316	-0.0161206	0.0390353	0.0773414	0.075779	0.0441443	0	
0	-0.0113084	-0.0220488	-0.0375204	-0.05445	-0.0790596	-0.112124	-0.156598	-0.215654	-0.289735	-0.37566	-0.467171	-0.552839	-0.612548	-0.633826	-0.598055	-0.499826	-0.352496	-0.165936	0.0237052	0.196688	0.337242	0.439515	0.512129	0.562033	0.590339	0.605968	0.601634	0.592115	0.576615	0.548056	0.492437	0.390511	0.239867	0.0621461	-0.131154	-0.317493	-0.475267	-0.604478	-0.689361	-0.708128	-0.672692	-0.609648	-0.522773	-0.417982	-0.302964	-0.193373	-0.098395	-0.0109231	0.0648219	0.125478	0.192468	0.2872	0.389707	0.477892	0.542832	0.592832	0.624222	0.627713	0.601236	0.575477	0.551165	0.510092	0.455071	0.405229	0.378213	0.372165	0.393138	0.433064	0.498148	0.594439	0.707827	0.812302	0.887421	0.92681	0.915802	0.858154	0.750812	0.600177	0.449092	0.328214	0.233324	0.137031	0.0402274	-0.0487088	-0.142776	-0.240565	-0.33515	-0.407594	-0.445796	-0.469934	-0.471326	-0.428583	-0.362596	-0.289262	-0.209984	-0.139438	-0.0778335	-0.0269118	0	
0	-0.00539932	-0.0110998	-0.0211738	-0.033406	-0.0550387	-0.0839718	-0.127407	-0.184922	-0.259056	-0.346403	-0.441479	-0.530394	-0.597917	-0.6267	-0.59712	-0.510485	-0.36521	-0.183924	0.00383928	0.179303	0.319214	0.419089	0.492044	0.536028	0.566772	0.584367	0.590958	0.599795	0.604832	0.60426	0.583093	0.512982	0.391122	0.226716	0.0324023	-0.161171	-0.344769	-0.505425	-0.618955	-0.672692	-0.686496	-0.662472	-0.600461	-0.511983	-0.4121	-0.310388	-0.21187	-0.124839	-0.0529501	0.00345229	0.0668804	0.15119	0.24982	0.350628	0.438154	0.515835	0.576751	0.608672	0.611685	0.60743	0.5972	0.569019	0.528917	0.488165	0.451863	0.43572	0.453992	0.495978	0.563696	0.662677	0.780197	0.889554	0.9794	1.03656	1.03547	0.971067	0.848026	0.687033	0.515313	0.364485	0.238912	0.110397	-0.0130331	-0.129969	-0.249342	-0.359886	-0.464494	-0.550325	-0.610671	-0.66383	-0.696064	-0.688063	-0.640958	-0.559105	-0.460126	-0.353427	-0.22944	-0.103812	0	
