0	0	0	0	0	0	0	0	0	0	0	0	0	0	0	0	0	0	0	0	0	0	0	0	0	0	0	0	0	0	0	0	0	0	0	0	0	0	0	0	0	0	0	0	0	0	0	0	0	0	0	0	0	0	0	0	0	0	0	0	0	0	0	0	0	0	0	0	0	0	0	0	0	0	0	0	0	0	0	0	0	0	0	0	0	0	0	0	0	0	0	0	0	0	0	0	0	0	0	0	
0	-0.114388	-0.161136	-0.176197	-0.144522	-0.0477352	0.050999	0.137134	0.219897	0.278342	0.309207	0.320758	0.327338	0.311172	0.26061	0.195626	0.131588	0.0682476	-0.0103165	-0.0941569	-0.163615	-0.193576	-0.182618	-0.144863	-0.0979445	-0.0572907	-0.0283975	-0.00983264	-0.00101076	0.00469068	0.00615246	0.00813241	0.00871462	0.0104394	0.0115003	0.0141613	0.0155217	0.0189441	0.0206901	0.0228339	0.0246474	0.0235906	0.0219428	0.0187901	0.0108315	0.00598128	-0.00060488	-0.00410033	-0.00270627	0.0080586	0.0210156	0.0365502	0.0466378	0.0418949	0.0281112	0.00184977	-0.0116126	0.00180423	0.030236	0.0870168	0.148688	0.171677	0.171307	0.154387	0.0972113	0.0173728	-0.0586184	-0.140782	-0.225234	-0.283106	-0.311817	-0.328112	-0.324945	-0.284628	-0.215864	-0.143699	-0.0755445	-9.79653e-05	0.0856519	0.163589	0.209135	0.211605	0.179633	0.13197	0.0856095	0.0497474	0.0261802	0.012586	0.00556632	0.002278	0.000866947	0.000308125	0.000102649	3.21579e-05	9.50089e-06	2.65396e-06	7.02477e-07	1.76182e-07	4.01484e-08	0	
0	-0.161136	-0.271784	-0.305979	-0.235206	-0.0851016	0.0854194	0.255722	0.415002	0.5436	0.618222	0.654066	0.666706	0.624088	0.522534	0.386592	0.249335	0.109741	-0.0471571	-0.210022	-0.337141	-0.390919	-0.368702	-0.292741	-0.200356	-0.118232	-0.0571355	-0.0197262	0.00224904	0.0125547	0.0177452	0.0201595	0.0208544	0.0224429	0.0220722	0.0241297	0.0236264	0.0254819	0.0254087	0.0262217	0.0258752	0.0260726	0.0236385	0.0231693	0.0194174	0.0174744	0.0148162	0.0169321	0.020581	0.0294718	0.0454838	0.057899	0.0674606	0.0607914	0.0410399	0.0174208	0.00411945	0.0322662	0.0979059	0.180872	0.264528	0.318952	0.327137	0.280189	0.171909	0.02809	-0.124394	-0.286562	-0.441946	-0.553225	-0.615718	-0.646069	-0.63257	-0.553507	-0.424519	-0.283917	-0.14474	0.00713151	0.172706	0.319678	0.405483	0.411197	0.351864	0.261482	0.171951	0.101429	0.0542301	0.0265005	0.0119168	0.00495941	0.0019194	0.000693711	0.000234988	7.48436e-05	2.24771e-05	6.38123e-06	1.71628e-06	4.37242e-07	1.01058e-07	0	
0	-0.176197	-0.305979	-0.322066	-0.234661	-0.0867836	0.118048	0.34658	0.57205	0.775918	0.916149	0.994157	1.00088	0.926464	0.775097	0.570563	0.355084	0.129778	-0.104624	-0.334023	-0.503227	-0.577865	-0.545469	-0.440515	-0.308599	-0.187339	-0.0949181	-0.0360817	8.18326e-05	0.0166052	0.026213	0.0286883	0.0297827	0.0292891	0.0277718	0.0260609	0.0239317	0.0210217	0.0187194	0.0165413	0.0141349	0.0153084	0.0163721	0.020933	0.0297798	0.0387245	0.0504154	0.0601518	0.06915	0.0669363	0.0643281	0.0543861	0.0475711	0.0510132	0.0522583	0.0635863	0.0780977	0.109346	0.182107	0.27262	0.362235	0.430257	0.431313	0.35333	0.213297	0.021206	-0.205139	-0.435977	-0.642978	-0.802357	-0.902392	-0.940849	-0.90789	-0.79455	-0.618534	-0.414985	-0.201317	0.0264914	0.260461	0.46087	0.577932	0.588479	0.51017	0.386144	0.259445	0.156645	0.0858072	0.0429782	0.0198105	0.00844973	0.00335066	0.00124031	0.000430123	0.000140184	4.30598e-05	1.24972e-05	3.43447e-06	8.93447e-07	2.10388e-07	0	
0	-0.144522	-0.235206	-0.234661	-0.167776	-0.0309804	0.192504	0.459927	0.734103	0.980125	1.17043	1.27345	1.26654	1.17234	0.990445	0.747209	0.464639	0.163075	-0.139714	-0.414401	-0.617417	-0.710905	-0.681499	-0.566412	-0.410338	-0.260555	-0.144117	-0.0630672	-0.0167879	0.0099995	0.021696	0.0275392	0.0298678	0.0297035	0.0311325	0.0289778	0.0309389	0.0288504	0.0306376	0.0305348	0.0329023	0.0346824	0.0407795	0.0446002	0.0548809	0.0623385	0.0747772	0.0803869	0.0857307	0.0835485	0.0716052	0.059274	0.0435659	0.0512237	0.079816	0.124344	0.180272	0.229726	0.288506	0.36337	0.437324	0.484269	0.465074	0.370606	0.210702	-0.0212736	-0.303362	-0.580902	-0.825412	-1.02722	-1.15939	-1.19725	-1.14076	-1.0006	-0.789554	-0.528366	-0.240007	0.0583899	0.34499	0.58027	0.718405	0.736173	0.64957	0.5037	0.347967	0.216397	0.122177	0.0630728	0.0299535	0.0131547	0.00536704	0.00204245	0.000727579	0.000243388	7.66732e-05	2.28047e-05	6.41784e-06	1.70814e-06	4.10444e-07	0	
0	-0.0477352	-0.0851016	-0.0867836	-0.0309804	0.109712	0.338759	0.624074	0.910505	1.1615	1.36595	1.46978	1.45909	1.35288	1.16269	0.896726	0.557746	0.194661	-0.158336	-0.459349	-0.684371	-0.790005	-0.777712	-0.66356	-0.498968	-0.330057	-0.192196	-0.0916977	-0.0326645	0.00412444	0.0198131	0.02962	0.0337937	0.0360114	0.0398181	0.0413709	0.0461468	0.0497819	0.0553772	0.0606427	0.0678902	0.0724502	0.0796056	0.0824433	0.0849449	0.0843384	0.0807913	0.0786296	0.0716531	0.0713067	0.069288	0.0772935	0.084206	0.096986	0.140007	0.205472	0.285969	0.358133	0.409307	0.447569	0.470407	0.473397	0.436702	0.33179	0.148888	-0.108847	-0.413383	-0.716014	-0.990917	-1.22306	-1.37147	-1.40257	-1.32699	-1.16748	-0.927765	-0.61433	-0.258331	0.0982542	0.41953	0.672243	0.822614	0.850606	0.766968	0.612097	0.436753	0.280937	0.164088	0.087584	0.0429668	0.0194719	0.00818859	0.00320839	0.00117545	0.000403979	0.000130622	3.98397e-05	1.14873e-05	3.12925e-06	7.67425e-07	0	
0	0.050999	0.0854194	0.118048	0.192504	0.338759	0.55519	0.821735	1.09053	1.33229	1.52448	1.62056	1.6043	1.48527	1.28413	0.983327	0.600581	0.190937	-0.188756	-0.500881	-0.724998	-0.839782	-0.841217	-0.735317	-0.568857	-0.386057	-0.225447	-0.10766	-0.0287325	0.0152513	0.0403117	0.0515114	0.057869	0.0615247	0.0634491	0.0677653	0.069026	0.0748858	0.0772931	0.0831278	0.0868328	0.091681	0.0937472	0.0966311	0.0932352	0.0924226	0.0821998	0.0765079	0.0711621	0.071156	0.0812191	0.106784	0.148569	0.189594	0.241593	0.312983	0.396478	0.465216	0.496172	0.494739	0.465648	0.418975	0.350978	0.225109	0.0259809	-0.23136	-0.530661	-0.845033	-1.13904	-1.37927	-1.52582	-1.55123	-1.46602	-1.29055	-1.02305	-0.665582	-0.258263	0.137593	0.476215	0.733277	0.890102	0.931562	0.861124	0.709573	0.524449	0.349754	0.211718	0.117003	0.0593521	0.0277742	0.0120442	0.00485981	0.00183133	0.00064663	0.000214581	6.7103e-05	1.98197e-05	5.52466e-06	1.3824e-06	0	
0	0.137134	0.255722	0.34658	0.459927	0.624074	0.821735	1.0522	1.29214	1.50664	1.66714	1.74054	1.70841	1.57316	1.34017	1.00493	0.595651	0.163767	-0.221516	-0.527634	-0.741506	-0.863385	-0.876026	-0.789152	-0.626893	-0.437198	-0.258797	-0.121343	-0.0242061	0.0315617	0.0650995	0.0801057	0.0882408	0.0925795	0.0935752	0.0964965	0.0958739	0.0978369	0.096775	0.0969655	0.0949373	0.0933322	0.0896063	0.0876609	0.0826939	0.0818861	0.0825434	0.0826564	0.0922017	0.108932	0.133966	0.174966	0.240741	0.312183	0.372767	0.42312	0.476946	0.525942	0.53434	0.496986	0.423949	0.324085	0.20677	0.0567341	-0.139152	-0.376731	-0.659225	-0.970604	-1.26017	-1.48438	-1.61886	-1.64428	-1.55614	-1.36329	-1.06843	-0.681	-0.246484	0.166477	0.508383	0.762574	0.923608	0.981538	0.932376	0.794731	0.609288	0.421673	0.26469	0.151485	0.079458	0.0383883	0.0171611	0.0071284	0.00276177	0.00100143	0.000340902	0.000109252	3.30397e-05	9.4194e-06	2.40362e-06	0	
0	0.219897	0.415002	0.57205	0.734103	0.910505	1.09053	1.29214	1.50196	1.68761	1.80813	1.84571	1.79194	1.62543	1.3528	0.991483	0.572516	0.141891	-0.237537	-0.533678	-0.745215	-0.873024	-0.907136	-0.844162	-0.696953	-0.50706	-0.317008	-0.159128	-0.0458321	0.0260124	0.0671073	0.0880045	0.0982489	0.102298	0.103958	0.103933	0.103209	0.101186	0.0992473	0.0945221	0.0914441	0.0855826	0.0808008	0.0787832	0.0779318	0.0821871	0.0977565	0.119116	0.149474	0.194683	0.243043	0.288307	0.350516	0.422391	0.482628	0.515192	0.524461	0.53141	0.515498	0.449335	0.33331	0.180951	0.0194573	-0.14405	-0.32787	-0.544131	-0.800472	-1.08251	-1.34042	-1.53553	-1.65652	-1.68357	-1.59173	-1.37989	-1.06416	-0.667164	-0.232637	0.17652	0.512452	0.762056	0.92799	1.00472	0.982213	0.866627	0.689344	0.495054	0.322145	0.190845	0.103452	0.0515693	0.0237502	0.0101493	0.00404011	0.00150342	0.000524675	0.000172216	5.32927e-05	1.55301e-05	4.03901e-06	0	
0	0.278342	0.5436	0.775918	0.980125	1.1615	1.33229	1.50664	1.68761	1.84059	1.91737	1.93192	1.86119	1.6692	1.36797	0.994041	0.58238	0.159459	-0.213249	-0.513451	-0.731658	-0.876503	-0.937241	-0.905538	-0.780733	-0.600202	-0.401795	-0.229228	-0.0971663	-0.0108391	0.0403575	0.0677358	0.0794327	0.0856444	0.0853027	0.0859428	0.0841825	0.0823401	0.0828021	0.0811713	0.0827381	0.0874693	0.0904427	0.102418	0.117382	0.135047	0.165098	0.202774	0.245001	0.299595	0.368603	0.420563	0.459794	0.504386	0.54333	0.558725	0.537157	0.493212	0.430577	0.330942	0.186778	0.00500207	-0.183025	-0.356693	-0.533726	-0.727865	-0.939613	-1.16438	-1.37467	-1.53986	-1.64595	-1.66696	-1.56644	-1.34056	-1.01956	-0.63651	-0.226242	0.163185	0.488696	0.73579	0.909046	1.00599	1.01284	0.924822	0.762787	0.568018	0.382866	0.234589	0.131307	0.0674775	0.031989	0.0140518	0.00574262	0.00219141	0.000783448	0.000263187	8.32817e-05	2.47905e-05	6.5669e-06	0	
0	0.309207	0.618222	0.916149	1.17043	1.36595	1.52448	1.66714	1.80813	1.91737	1.97535	1.98838	1.90589	1.69988	1.39069	1.03212	0.636317	0.236104	-0.1283	-0.436586	-0.669331	-0.835508	-0.928377	-0.931747	-0.83895	-0.675375	-0.478609	-0.294782	-0.148418	-0.0458769	0.0145488	0.0513606	0.0661547	0.076007	0.0788042	0.0799286	0.0838637	0.0839634	0.0901426	0.0976181	0.105407	0.123754	0.142445	0.165605	0.202719	0.235901	0.276566	0.326427	0.371594	0.410187	0.463704	0.518661	0.54647	0.557422	0.561519	0.544083	0.483322	0.39185	0.285582	0.156634	0.000309044	-0.1876	-0.389984	-0.575482	-0.744019	-0.903318	-1.05408	-1.21005	-1.37005	-1.50498	-1.58767	-1.59037	-1.48027	-1.25514	-0.950877	-0.602997	-0.233776	0.12659	0.440783	0.689053	0.872513	0.990121	1.02681	0.969398	0.828104	0.638673	0.445411	0.281959	0.162794	0.0861593	0.0420045	0.0189494	0.00794344	0.00310584	0.00113655	0.000390459	0.000126248	3.83592e-05	1.03423e-05	0	
0	0.320758	0.654066	0.994157	1.27345	1.46978	1.62056	1.74054	1.84571	1.93192	1.98838	1.98617	1.8835	1.68293	1.40868	1.08729	0.732106	0.378611	0.0255791	-0.286405	-0.535985	-0.725824	-0.854481	-0.891497	-0.841414	-0.697831	-0.514614	-0.323233	-0.166521	-0.0501831	0.0230081	0.0660061	0.0913591	0.102158	0.115045	0.119044	0.130782	0.140495	0.151582	0.17097	0.187256	0.21021	0.241928	0.268296	0.308147	0.352965	0.391022	0.439008	0.491911	0.523212	0.545641	0.570749	0.578665	0.556095	0.511409	0.455677	0.364058	0.234499	0.0966818	-0.048743	-0.209433	-0.394792	-0.600081	-0.785758	-0.930752	-1.0428	-1.1326	-1.22539	-1.33435	-1.43024	-1.47751	-1.4556	-1.34461	-1.14171	-0.876024	-0.577638	-0.25721	0.0707577	0.374511	0.627393	0.823442	0.961373	1.02676	1.00093	0.88424	0.705308	0.508263	0.332009	0.197505	0.107538	0.0538589	0.0249283	0.0107086	0.0042861	0.00160405	0.00056308	0.000185879	5.76025e-05	1.57955e-05	0	
0	0.327338	0.666706	1.00088	1.26654	1.45909	1.6043	1.70841	1.79194	1.86119	1.90589	1.8835	1.78942	1.64217	1.42991	1.16332	0.871584	0.559805	0.218827	-0.0932225	-0.360862	-0.578068	-0.731383	-0.807551	-0.792865	-0.676321	-0.50761	-0.314142	-0.146629	-0.0190131	0.0694982	0.118246	0.153921	0.168279	0.186211	0.197542	0.211704	0.231245	0.248577	0.273535	0.302687	0.327503	0.36631	0.398774	0.431782	0.472838	0.508319	0.53129	0.565264	0.586838	0.581942	0.568192	0.536442	0.480775	0.395989	0.299292	0.188313	0.0438018	-0.114247	-0.274495	-0.438981	-0.611595	-0.795813	-0.958563	-1.0693	-1.13673	-1.17743	-1.21423	-1.26515	-1.30963	-1.31644	-1.27623	-1.18078	-1.02082	-0.809155	-0.565965	-0.294388	0.00192242	0.296359	0.555919	0.765933	0.923268	1.01525	1.02042	0.930657	0.766521	0.569953	0.383676	0.234874	0.131412	0.0675393	0.0320385	0.0140895	0.00576726	0.00220529	0.000790307	0.000266129	8.40438e-05	2.34211e-05	0	
0	0.311172	0.624088	0.926464	1.17234	1.35288	1.48527	1.57316	1.62543	1.6692	1.69988	1.68293	1.64217	1.56777	1.42999	1.23595	1.00959	0.735475	0.42104	0.116259	-0.167595	-0.398517	-0.572142	-0.681996	-0.693261	-0.60872	-0.451906	-0.26007	-0.0844444	0.0578348	0.156712	0.217683	0.2577	0.280005	0.298509	0.315232	0.331045	0.350923	0.374253	0.394102	0.428325	0.450974	0.484168	0.516918	0.541171	0.565003	0.587466	0.590856	0.582588	0.574563	0.538519	0.488182	0.422575	0.335436	0.226741	0.106136	-0.0210994	-0.176429	-0.347035	-0.511778	-0.667182	-0.811073	-0.952626	-1.07712	-1.15508	-1.18841	-1.18834	-1.16895	-1.15405	-1.14321	-1.11806	-1.07609	-1.01305	-0.909179	-0.757673	-0.568061	-0.340635	-0.0732796	0.212325	0.478928	0.703161	0.878623	0.994649	1.02917	0.967319	0.821304	0.629162	0.435862	0.274221	0.157467	0.0829534	0.0402857	0.0181176	0.0075766	0.00295724	0.0010809	0.000370959	0.000119278	3.37537e-05	0	
0	0.26061	0.522534	0.775097	0.990445	1.16269	1.28413	1.34017	1.3528	1.36797	1.39069	1.40868	1.42991	1.42999	1.37581	1.26352	1.10446	0.876486	0.606269	0.310752	0.0273382	-0.209762	-0.399605	-0.531564	-0.565898	-0.51343	-0.365648	-0.182914	0.00304119	0.156833	0.265416	0.340981	0.381156	0.414753	0.42899	0.451456	0.464922	0.483232	0.504206	0.51968	0.540726	0.560317	0.570123	0.58861	0.593589	0.592759	0.586341	0.569975	0.530987	0.485931	0.422277	0.342724	0.254111	0.148003	0.0187858	-0.124924	-0.262922	-0.414573	-0.581858	-0.735641	-0.863741	-0.965652	-1.05897	-1.14526	-1.19468	-1.1962	-1.15389	-1.07761	-1.00034	-0.945216	-0.906751	-0.881161	-0.860867	-0.81597	-0.722422	-0.580399	-0.390633	-0.149132	0.12728	0.399823	0.63754	0.829663	0.967095	1.02867	0.994627	0.869052	0.684801	0.487508	0.314797	0.185292	0.099931	0.0496269	0.022799	0.00973035	0.00387271	0.00144231	0.000503998	0.000164849	4.73307e-05	0	
0	0.195626	0.386592	0.570563	0.747209	0.896726	0.983327	1.00493	0.991483	0.994041	1.03212	1.08729	1.16332	1.23595	1.26352	1.23065	1.12631	0.953097	0.72191	0.443843	0.169887	-0.0690431	-0.268513	-0.409011	-0.467426	-0.433045	-0.299903	-0.120957	0.0730868	0.237795	0.35861	0.443751	0.488727	0.523626	0.538086	0.554262	0.564911	0.574918	0.584833	0.594632	0.596764	0.604124	0.597454	0.589216	0.572717	0.545871	0.509254	0.465556	0.406521	0.340331	0.25354	0.147187	0.0359212	-0.0852562	-0.220942	-0.372671	-0.515815	-0.650711	-0.788479	-0.912066	-1.00823	-1.07175	-1.12038	-1.16776	-1.18489	-1.14913	-1.06293	-0.939355	-0.818744	-0.74101	-0.708655	-0.71117	-0.734666	-0.742975	-0.699989	-0.598141	-0.439808	-0.221461	0.044786	0.321195	0.570928	0.778153	0.93448	1.02053	1.01332	0.909553	0.736043	0.537653	0.355827	0.214404	0.118231	0.0599695	0.0281113	0.0122309	0.00495861	0.00187978	0.000668159	0.000222099	6.46444e-05	0	
0	0.131588	0.249335	0.355084	0.464639	0.557746	0.600581	0.595651	0.572516	0.58238	0.636317	0.732106	0.871584	1.00959	1.10446	1.12631	1.07283	0.944705	0.746718	0.494163	0.231876	-0.00427446	-0.203987	-0.348899	-0.423963	-0.401342	-0.284877	-0.105877	0.0924285	0.267651	0.402238	0.491817	0.545978	0.575616	0.590725	0.597654	0.599624	0.599361	0.59467	0.588847	0.57707	0.563124	0.540328	0.515268	0.477505	0.431499	0.374826	0.306558	0.218229	0.128671	0.0325768	-0.0881428	-0.215388	-0.344096	-0.477055	-0.616627	-0.740475	-0.845102	-0.947009	-1.03542	-1.09982	-1.13158	-1.1381	-1.13862	-1.11408	-1.03973	-0.919898	-0.771406	-0.634831	-0.556431	-0.542488	-0.57545	-0.636193	-0.687152	-0.685464	-0.616901	-0.484983	-0.287684	-0.0327963	0.244968	0.504793	0.725519	0.89845	1.0063	1.02438	0.942932	0.782337	0.585471	0.396558	0.244273	0.137553	0.0711733	0.0340022	0.0150645	0.00621444	0.00239549	0.000865233	0.000292002	8.60835e-05	0	
0	0.0682476	0.109741	0.129778	0.163075	0.194661	0.190937	0.163767	0.141891	0.159459	0.236104	0.378611	0.559805	0.735475	0.876486	0.953097	0.944705	0.855795	0.698161	0.470218	0.222187	-0.00949988	-0.208196	-0.360143	-0.44467	-0.440389	-0.335341	-0.163214	0.0390758	0.223838	0.367833	0.467655	0.523658	0.556534	0.565947	0.568623	0.562295	0.550773	0.535727	0.515821	0.486151	0.458456	0.413089	0.366287	0.312081	0.243574	0.167375	0.0891878	-0.0102436	-0.122959	-0.232616	-0.353242	-0.47646	-0.594741	-0.704741	-0.817455	-0.917532	-0.989423	-1.05393	-1.10927	-1.14152	-1.13799	-1.09873	-1.04753	-0.980899	-0.879139	-0.747434	-0.60125	-0.473374	-0.40844	-0.415641	-0.473894	-0.561639	-0.643684	-0.67445	-0.633604	-0.524407	-0.346525	-0.104063	0.172544	0.440325	0.672944	0.860428	0.987509	1.02893	0.969584	0.823397	0.630304	0.436288	0.274353	0.157552	0.0830559	0.04039	0.0182009	0.00763126	0.00298792	0.00109552	0.000374995	0.000111873	0	
0	-0.0103165	-0.0471571	-0.104624	-0.139714	-0.158336	-0.188756	-0.221516	-0.237537	-0.213249	-0.1283	0.0255791	0.218827	0.42104	0.606269	0.72191	0.746718	0.698161	0.570178	0.364567	0.131242	-0.0959153	-0.29633	-0.447434	-0.545584	-0.550783	-0.461435	-0.293594	-0.0902911	0.102382	0.256785	0.362584	0.425517	0.454635	0.464818	0.457306	0.444664	0.42326	0.393809	0.365167	0.320118	0.276796	0.221998	0.155943	0.085249	0.00529375	-0.0892145	-0.183983	-0.281913	-0.390305	-0.492113	-0.601363	-0.707901	-0.803871	-0.888439	-0.968987	-1.03978	-1.08246	-1.11108	-1.12857	-1.1221	-1.07819	-0.993556	-0.897768	-0.803588	-0.696057	-0.576297	-0.453554	-0.348937	-0.301917	-0.325894	-0.400783	-0.505167	-0.608143	-0.663976	-0.646603	-0.557463	-0.397633	-0.168313	0.104914	0.378508	0.621423	0.82163	0.965527	1.02814	0.990106	0.859173	0.671666	0.474395	0.304105	0.177856	0.0954002	0.0471661	0.0215923	0.00919106	0.00365123	0.00135751	0.000470824	0.000142017	0	
0	-0.0941569	-0.210022	-0.334023	-0.414401	-0.459349	-0.500881	-0.527634	-0.533678	-0.513451	-0.436586	-0.286405	-0.0932225	0.116259	0.310752	0.443843	0.494163	0.470218	0.364567	0.182223	-0.0365398	-0.261524	-0.456297	-0.611708	-0.716255	-0.73296	-0.656997	-0.496116	-0.292091	-0.095078	0.0704669	0.180321	0.250332	0.277482	0.285457	0.272502	0.250358	0.220539	0.180245	0.137483	0.0845021	0.0255619	-0.0376078	-0.111133	-0.186668	-0.269823	-0.356769	-0.448515	-0.540772	-0.638854	-0.724402	-0.80738	-0.891192	-0.963272	-1.01753	-1.06702	-1.11033	-1.12044	-1.10657	-1.07883	-1.02959	-0.949748	-0.834553	-0.714589	-0.614541	-0.522303	-0.43105	-0.341595	-0.263934	-0.232301	-0.265782	-0.348716	-0.461341	-0.577441	-0.652559	-0.655392	-0.584284	-0.441234	-0.225332	0.0427442	0.320148	0.571803	0.783092	0.941598	1.02317	1.00523	0.889808	0.709238	0.510354	0.333017	0.198078	0.107964	0.0541983	0.0251757	0.0108669	0.00437514	0.00164769	0.000578433	0.000176248	0	
0	-0.163615	-0.337141	-0.503227	-0.617417	-0.684371	-0.724998	-0.741506	-0.745215	-0.731658	-0.669331	-0.535985	-0.360862	-0.167595	0.0273382	0.169887	0.231876	0.222187	0.131242	-0.0365398	-0.25211	-0.476528	-0.67574	-0.838247	-0.951775	-0.982507	-0.921547	-0.768665	-0.569012	-0.365951	-0.194824	-0.076802	-0.00257478	0.0266204	0.0343293	0.0180413	-0.00628862	-0.0421789	-0.0843771	-0.133019	-0.187585	-0.249416	-0.312817	-0.38594	-0.457992	-0.533317	-0.613134	-0.687581	-0.759662	-0.838811	-0.905128	-0.965411	-1.02149	-1.06846	-1.09655	-1.10739	-1.11056	-1.08327	-1.02738	-0.957929	-0.874313	-0.773719	-0.651059	-0.531962	-0.445344	-0.380392	-0.322811	-0.266236	-0.212189	-0.190607	-0.226741	-0.311105	-0.426152	-0.549869	-0.639835	-0.660204	-0.605427	-0.477874	-0.275227	-0.0135602	0.265892	0.524804	0.745691	0.916812	1.01512	1.01574	0.915596	0.742854	0.543741	0.360621	0.217837	0.120489	0.061337	0.028874	0.0126233	0.00514492	0.0019605	0.000695905	0.000214004	0	
0	-0.193576	-0.390919	-0.577865	-0.710905	-0.790005	-0.839782	-0.863385	-0.873024	-0.876503	-0.835508	-0.725824	-0.578068	-0.398517	-0.209762	-0.0690431	-0.00427446	-0.00949988	-0.0959153	-0.261524	-0.476528	-0.708641	-0.91642	-1.08887	-1.21432	-1.26132	-1.21486	-1.07499	-0.878958	-0.674381	-0.49741	-0.371861	-0.293169	-0.258892	-0.250792	-0.264712	-0.290125	-0.323637	-0.366035	-0.410024	-0.461365	-0.516224	-0.570777	-0.633753	-0.694538	-0.755887	-0.81998	-0.883548	-0.932947	-0.989723	-1.03503	-1.06767	-1.09542	-1.10749	-1.0979	-1.07016	-1.03434	-0.97019	-0.878952	-0.782487	-0.685641	-0.587077	-0.478302	-0.377351	-0.313808	-0.278112	-0.250663	-0.220627	-0.184134	-0.167549	-0.201534	-0.283138	-0.397063	-0.524726	-0.626104	-0.661671	-0.621642	-0.508248	-0.318311	-0.0638024	0.216241	0.481036	0.710169	0.89211	1.00503	1.02248	0.936935	0.772477	0.574235	0.386502	0.236764	0.132713	0.0684203	0.0325999	0.0144178	0.00594186	0.00228839	0.000820465	0.000254413	0	
0	-0.182618	-0.368702	-0.545469	-0.681499	-0.777712	-0.841217	-0.876026	-0.907136	-0.937241	-0.928377	-0.854481	-0.731383	-0.572142	-0.399605	-0.268513	-0.203987	-0.208196	-0.29633	-0.456297	-0.67574	-0.91642	-1.13385	-1.31911	-1.45941	-1.52087	-1.49436	-1.36531	-1.1777	-0.972581	-0.789863	-0.65975	-0.571665	-0.534915	-0.519532	-0.531311	-0.551593	-0.581608	-0.617416	-0.658887	-0.698568	-0.750175	-0.792074	-0.842647	-0.890215	-0.934702	-0.97712	-1.02055	-1.05272	-1.0812	-1.09727	-1.09657	-1.0872	-1.06511	-1.02007	-0.952323	-0.882556	-0.797788	-0.693649	-0.591961	-0.500973	-0.420938	-0.339254	-0.26398	-0.223504	-0.211633	-0.206686	-0.195489	-0.170817	-0.155753	-0.185006	-0.261703	-0.37263	-0.501883	-0.611968	-0.660582	-0.633734	-0.533094	-0.355012	-0.107946	0.171568	0.441005	0.677145	0.868293	0.993797	1.02622	0.95429	0.798171	0.601604	0.410306	0.254519	0.144375	0.0752811	0.0362585	0.0162026	0.00674395	0.00262212	0.00094856	0.000296319	0	
0	-0.144863	-0.292741	-0.440515	-0.566412	-0.66356	-0.735317	-0.789152	-0.844162	-0.905538	-0.931747	-0.891497	-0.807551	-0.681996	-0.531564	-0.409011	-0.348899	-0.360143	-0.447434	-0.611708	-0.838247	-1.08887	-1.31911	-1.52082	-1.67168	-1.75449	-1.741	-1.62811	-1.44733	-1.24226	-1.05819	-0.918253	-0.82824	-0.780294	-0.763967	-0.766472	-0.7823	-0.805497	-0.831753	-0.864124	-0.894589	-0.929807	-0.962699	-0.996977	-1.02791	-1.05487	-1.07699	-1.09132	-1.08921	-1.08826	-1.0742	-1.03928	-0.994174	-0.937527	-0.86577	-0.777325	-0.693466	-0.606057	-0.50747	-0.419014	-0.348687	-0.29461	-0.24143	-0.190113	-0.167694	-0.172026	-0.181647	-0.182626	-0.165574	-0.150237	-0.173884	-0.244929	-0.352073	-0.481462	-0.598097	-0.657738	-0.642482	-0.553133	-0.385814	-0.14607	0.132126	0.405124	0.647138	0.846038	0.982234	1.02774	0.968148	0.820077	0.625702	0.431738	0.270793	0.155228	0.0817525	0.0397522	0.0179263	0.00752688	0.00295114	0.00107601	0.000338323	0	
0	-0.0979445	-0.200356	-0.308599	-0.410338	-0.498968	-0.568857	-0.626893	-0.696953	-0.780733	-0.83895	-0.841414	-0.792865	-0.693261	-0.565898	-0.467426	-0.423963	-0.44467	-0.545584	-0.716255	-0.951775	-1.21432	-1.45941	-1.67168	-1.84039	-1.93473	-1.94007	-1.83805	-1.66604	-1.46253	-1.27472	-1.13103	-1.03211	-0.981233	-0.955249	-0.954413	-0.961917	-0.976984	-0.995807	-1.01611	-1.03281	-1.05588	-1.066	-1.07962	-1.08756	-1.08576	-1.07855	-1.07125	-1.04259	-1.00531	-0.959837	-0.897523	-0.829766	-0.756389	-0.675302	-0.583853	-0.503314	-0.430324	-0.35255	-0.286032	-0.238736	-0.209221	-0.180386	-0.147265	-0.136189	-0.149781	-0.167888	-0.176351	-0.164232	-0.14799	-0.166211	-0.231715	-0.334952	-0.463641	-0.585108	-0.653879	-0.6486	-0.569034	-0.411211	-0.178334	0.0980766	0.37372	0.620572	0.825902	0.971025	1.0277	0.978996	0.838381	0.646446	0.450562	0.285314	0.165043	0.0876748	0.0429841	0.0195368	0.00826516	0.0032641	0.00119822	0.000378861	0	
0	-0.0572907	-0.118232	-0.187339	-0.260555	-0.330057	-0.386057	-0.437198	-0.50706	-0.600202	-0.675375	-0.697831	-0.676321	-0.60872	-0.51343	-0.433045	-0.401342	-0.440389	-0.550783	-0.73296	-0.982507	-1.26132	-1.52087	-1.75449	-1.93473	-2.05059	-2.0691	-1.98303	-1.81848	-1.61796	-1.42862	-1.2784	-1.17525	-1.11353	-1.08332	-1.06979	-1.06887	-1.07227	-1.07453	-1.08261	-1.08049	-1.08307	-1.07769	-1.06758	-1.05184	-1.02874	-0.993586	-0.953063	-0.900114	-0.844765	-0.785196	-0.71045	-0.634516	-0.561554	-0.487388	-0.407874	-0.345083	-0.294761	-0.239919	-0.195335	-0.168697	-0.157834	-0.145933	-0.124727	-0.119744	-0.137734	-0.160281	-0.173256	-0.164491	-0.147343	-0.160846	-0.221387	-0.320992	-0.448571	-0.573514	-0.649649	-0.652716	-0.581391	-0.431675	-0.204936	0.0695066	0.34705	0.597792	0.808344	0.960748	1.0267	0.987291	0.853292	0.663802	0.466591	0.29785	0.173614	0.0929001	0.0458619	0.0209831	0.00893347	0.00354952	0.00131043	0.000416288	0	
0	-0.0283975	-0.0571355	-0.0949181	-0.144117	-0.192196	-0.225447	-0.258797	-0.317008	-0.401795	-0.478609	-0.514614	-0.50761	-0.451906	-0.365648	-0.299903	-0.284877	-0.335341	-0.461435	-0.656997	-0.921547	-1.21486	-1.49436	-1.741	-1.94007	-2.0691	-2.10457	-2.02956	-1.8745	-1.6756	-1.48595	-1.33053	-1.22097	-1.15304	-1.11234	-1.09186	-1.07827	-1.0696	-1.05959	-1.04895	-1.03133	-1.01456	-0.986083	-0.955817	-0.92072	-0.875868	-0.827365	-0.779222	-0.715528	-0.649839	-0.586503	-0.516537	-0.449396	-0.387975	-0.333308	-0.275077	-0.230166	-0.200685	-0.167915	-0.141203	-0.128465	-0.129437	-0.128218	-0.114011	-0.111649	-0.131227	-0.155901	-0.171603	-0.165224	-0.147408	-0.157109	-0.213504	-0.309985	-0.436352	-0.563715	-0.645579	-0.655362	-0.590714	-0.447631	-0.226089	0.0464502	0.325304	0.579072	0.793729	0.951875	1.02525	0.99344	0.865018	0.677771	0.479687	0.30821	0.180767	0.0972973	0.0483023	0.0222181	0.00950792	0.00379636	0.00140803	0.000448987	0	
0	-0.00983264	-0.0197262	-0.0360817	-0.0630672	-0.0916977	-0.10766	-0.121343	-0.159128	-0.229228	-0.294782	-0.323233	-0.314142	-0.26007	-0.182914	-0.120957	-0.105877	-0.163214	-0.293594	-0.496116	-0.768665	-1.07499	-1.36531	-1.62811	-1.83805	-1.98303	-2.02956	-1.96758	-1.81813	-1.62388	-1.43209	-1.27365	-1.15874	-1.08279	-1.03638	-1.00455	-0.983029	-0.962881	-0.939955	-0.919542	-0.887885	-0.85954	-0.822254	-0.781093	-0.736313	-0.68731	-0.63016	-0.577544	-0.51827	-0.460159	-0.409859	-0.35261	-0.301623	-0.259892	-0.222076	-0.181918	-0.157226	-0.145715	-0.126744	-0.110975	-0.107152	-0.115147	-0.11995	-0.109416	-0.107803	-0.127631	-0.153247	-0.170618	-0.165953	-0.147725	-0.154575	-0.207757	-0.301768	-0.427035	-0.556006	-0.642089	-0.656967	-0.59742	-0.459437	-0.241992	0.0289084	0.308622	0.564623	0.782339	0.944776	1.02376	0.997787	0.873752	0.688376	0.489748	0.316242	0.186355	0.100756	0.0502333	0.0232009	0.00996736	0.00399475	0.00148681	0.000475478	0	
0	-0.00101076	0.00224904	8.18326e-05	-0.0167879	-0.0326645	-0.0287325	-0.0242061	-0.0458321	-0.0971663	-0.148418	-0.166521	-0.146629	-0.0844444	0.00304119	0.0730868	0.0924285	0.0390758	-0.0902911	-0.292091	-0.569012	-0.878958	-1.1777	-1.44733	-1.66604	-1.81848	-1.8745	-1.81813	-1.67525	-1.48114	-1.2903	-1.12821	-1.01006	-0.930081	-0.877624	-0.842058	-0.813354	-0.78813	-0.759463	-0.732302	-0.696357	-0.663203	-0.62237	-0.57981	-0.537934	-0.491494	-0.444178	-0.401114	-0.353497	-0.308656	-0.271636	-0.232421	-0.197557	-0.171501	-0.153728	-0.129743	-0.114745	-0.113423	-0.105076	-0.0967549	-0.0972738	-0.108281	-0.116129	-0.10759	-0.106104	-0.125695	-0.151636	-0.169988	-0.166499	-0.148059	-0.152974	-0.203925	-0.296208	-0.420641	-0.550592	-0.639494	-0.657861	-0.601831	-0.467378	-0.252816	0.0168655	0.2971	0.554598	0.774384	0.939728	1.02255	1.00061	0.879652	0.695643	0.496704	0.321833	0.190267	0.103188	0.0515975	0.023898	0.0102945	0.00413651	0.00154329	0.000494517	0	
0	0.00469068	0.0125547	0.0166052	0.0099995	0.00412444	0.0152513	0.0315617	0.0260124	-0.0108391	-0.0458769	-0.0501831	-0.0190131	0.0578348	0.156833	0.237795	0.267651	0.223838	0.102382	-0.095078	-0.365951	-0.674381	-0.972581	-1.24226	-1.46253	-1.61796	-1.6756	-1.62388	-1.48114	-1.28941	-1.09715	-0.934502	-0.815165	-0.733121	-0.680531	-0.642856	-0.614602	-0.588643	-0.560934	-0.534996	-0.502048	-0.472299	-0.436808	-0.401867	-0.366372	-0.3306	-0.293373	-0.265387	-0.231081	-0.199387	-0.179472	-0.154544	-0.134979	-0.122441	-0.112888	-0.0981671	-0.0934086	-0.0993533	-0.0951835	-0.0895768	-0.0923912	-0.105394	-0.114832	-0.106977	-0.105313	-0.124732	-0.150812	-0.169652	-0.166812	-0.148283	-0.152137	-0.201863	-0.293212	-0.417171	-0.547604	-0.638003	-0.65827	-0.604169	-0.471653	-0.258685	0.0103025	0.290798	0.5491	0.770002	0.936918	1.02182	1.00208	0.882834	0.699598	0.500511	0.324906	0.192424	0.104534	0.0523543	0.0242857	0.0104769	0.00421569	0.0015749	0.000505192	0	
0	0.00615246	0.0177452	0.026213	0.021696	0.0198131	0.0403117	0.0650995	0.0671073	0.0403575	0.0145488	0.0230081	0.0694982	0.156712	0.265416	0.35861	0.402238	0.367833	0.256785	0.0704669	-0.194824	-0.49741	-0.789863	-1.05819	-1.27472	-1.42862	-1.48595	-1.43209	-1.2903	-1.09715	-0.905244	-0.742671	-0.623237	-0.542494	-0.49056	-0.454899	-0.428889	-0.406419	-0.382139	-0.362924	-0.334911	-0.314053	-0.288469	-0.262159	-0.240064	-0.216447	-0.190652	-0.170836	-0.151394	-0.134319	-0.124435	-0.110123	-0.0982531	-0.0939577	-0.0939424	-0.084907	-0.0829473	-0.0915252	-0.0902489	-0.0871446	-0.0911224	-0.104323	-0.114067	-0.106657	-0.105187	-0.12459	-0.15063	-0.169558	-0.166886	-0.148344	-0.151975	-0.201495	-0.292729	-0.416623	-0.547107	-0.63773	-0.658317	-0.604555	-0.472371	-0.259669	0.00920641	0.289747	0.548183	0.76927	0.936447	1.02169	1.00233	0.883363	0.700258	0.501147	0.32542	0.192785	0.104759	0.0524809	0.0243505	0.0105074	0.00422896	0.0015802	0.00050698	0	
0	0.00813241	0.0201595	0.0286883	0.0275392	0.02962	0.0515114	0.0801057	0.0880045	0.0677358	0.0513606	0.0660061	0.118246	0.217683	0.340981	0.443751	0.491817	0.467655	0.362584	0.180321	-0.076802	-0.371861	-0.65975	-0.918253	-1.13103	-1.2784	-1.33053	-1.27365	-1.12821	-0.934502	-0.742671	-0.58101	-0.464142	-0.385976	-0.33733	-0.306581	-0.284799	-0.268145	-0.251295	-0.23665	-0.218503	-0.204065	-0.184951	-0.16951	-0.154202	-0.138763	-0.125513	-0.120957	-0.107326	-0.0951902	-0.0933461	-0.0861293	-0.0816583	-0.0814801	-0.0835845	-0.0778181	-0.078726	-0.0891764	-0.0890167	-0.0859946	-0.0901629	-0.104211	-0.1142	-0.106526	-0.105277	-0.125049	-0.151095	-0.169734	-0.166713	-0.148221	-0.152472	-0.20281	-0.294752	-0.418993	-0.54911	-0.638694	-0.658025	-0.60301	-0.469552	-0.25578	0.013575	0.293953	0.551856	0.772199	0.938331	1.02219	1.00135	0.881251	0.697624	0.498607	0.323367	0.191341	0.103858	0.0519736	0.0240904	0.0103849	0.00417572	0.00155893	0.000499794	0	
0	0.00871462	0.0208544	0.0297827	0.0298678	0.0337937	0.057869	0.0882408	0.0982489	0.0794327	0.0661547	0.0913591	0.153921	0.2577	0.381156	0.488727	0.545978	0.523658	0.425517	0.250332	-0.00257478	-0.293169	-0.571665	-0.82824	-1.03211	-1.17525	-1.22097	-1.15874	-1.01006	-0.815165	-0.623237	-0.464142	-0.349123	-0.273752	-0.22906	-0.200201	-0.183773	-0.171065	-0.158069	-0.15226	-0.137812	-0.132359	-0.123211	-0.1137	-0.107931	-0.101839	-0.0912457	-0.0858434	-0.080422	-0.0773616	-0.0803479	-0.0756593	-0.0725954	-0.0762535	-0.0801151	-0.0744287	-0.0776626	-0.0886314	-0.0875947	-0.0855884	-0.0909963	-0.104912	-0.113992	-0.106165	-0.105838	-0.126235	-0.152128	-0.170106	-0.166278	-0.147944	-0.153682	-0.205863	-0.299316	-0.424281	-0.553567	-0.64082	-0.657313	-0.599455	-0.463122	-0.246969	0.023418	0.303394	0.560082	0.77874	0.942503	1.02324	0.999096	0.876454	0.691687	0.492907	0.318775	0.188123	0.101853	0.0508475	0.0235142	0.0101142	0.00405826	0.00151208	0.000483986	0	
0	0.0104394	0.0224429	0.0292891	0.0297035	0.0360114	0.0615247	0.0925795	0.102298	0.0856444	0.076007	0.102158	0.168279	0.280005	0.414753	0.523626	0.575616	0.556534	0.454635	0.277482	0.0266204	-0.258892	-0.534915	-0.780294	-0.981233	-1.11353	-1.15304	-1.08279	-0.930081	-0.733121	-0.542494	-0.385976	-0.273752	-0.203587	-0.160386	-0.138198	-0.12395	-0.115994	-0.109387	-0.104712	-0.0972964	-0.0952701	-0.0865601	-0.0828948	-0.0795659	-0.0740379	-0.0715065	-0.0771507	-0.0724986	-0.069003	-0.0721977	-0.0697855	-0.069971	-0.0731748	-0.0782791	-0.0748917	-0.0774658	-0.0878374	-0.0879748	-0.0861343	-0.0911863	-0.105626	-0.114319	-0.105969	-0.106626	-0.127977	-0.153742	-0.170668	-0.165554	-0.147564	-0.155729	-0.210777	-0.306501	-0.432482	-0.56037	-0.643939	-0.655999	-0.593708	-0.452915	-0.233132	0.0387536	0.318024	0.57278	0.788778	0.948811	1.02465	0.995393	0.868874	0.682423	0.484081	0.311707	0.183193	0.0987945	0.0491363	0.0226417	0.00970551	0.00388151	0.00144178	0.000460321	0	
0	0.0115003	0.0220722	0.0277718	0.0311325	0.0398181	0.0634491	0.0935752	0.103958	0.0853027	0.0788042	0.115045	0.186211	0.298509	0.42899	0.538086	0.590725	0.565947	0.464818	0.285457	0.0343293	-0.250792	-0.519532	-0.763967	-0.955249	-1.08332	-1.11234	-1.03638	-0.877624	-0.680531	-0.49056	-0.33733	-0.22906	-0.160386	-0.12216	-0.0996695	-0.0891438	-0.0832779	-0.0769256	-0.0777187	-0.0711849	-0.0725294	-0.0699614	-0.0692421	-0.069001	-0.0694761	-0.0663626	-0.0666998	-0.0633295	-0.0642776	-0.0710528	-0.0689187	-0.0687325	-0.0748579	-0.0781623	-0.0721463	-0.0783889	-0.089756	-0.0872959	-0.0856907	-0.0927274	-0.107353	-0.114189	-0.105411	-0.107955	-0.130502	-0.155857	-0.171277	-0.1645	-0.147201	-0.158814	-0.217732	-0.316416	-0.443579	-0.569342	-0.64778	-0.653799	-0.585489	-0.43868	-0.214115	0.0596005	0.33776	0.589815	0.802134	0.957016	1.02616	0.990006	0.85837	0.669804	0.472189	0.30226	0.176649	0.0947597	0.046891	0.0215025	0.00917444	0.00365282	0.00135118	0.000429919	0	
0	0.0141613	0.0241297	0.0260609	0.0289778	0.0413709	0.0677653	0.0964965	0.103933	0.0859428	0.0799286	0.119044	0.197542	0.315232	0.451456	0.554262	0.597654	0.568623	0.457306	0.272502	0.0180413	-0.264712	-0.531311	-0.766472	-0.954413	-1.06979	-1.09186	-1.00455	-0.842058	-0.642856	-0.454899	-0.306581	-0.200201	-0.138198	-0.0996695	-0.0823294	-0.0729476	-0.0681169	-0.0663574	-0.0662255	-0.062267	-0.0660463	-0.061564	-0.0616909	-0.0627441	-0.0607196	-0.0599347	-0.0665225	-0.0644752	-0.0663715	-0.0700095	-0.0670993	-0.068849	-0.073099	-0.0773379	-0.0748701	-0.0800433	-0.0886665	-0.087339	-0.087129	-0.0940182	-0.108518	-0.114192	-0.105222	-0.109794	-0.133603	-0.158404	-0.171867	-0.163095	-0.147016	-0.16321	-0.226966	-0.329193	-0.457522	-0.580224	-0.651968	-0.650323	-0.574418	-0.420086	-0.189727	0.0859663	0.362483	0.611002	0.818555	0.966784	1.0274	0.98262	0.844761	0.653806	0.457319	0.290573	0.168624	0.0898498	0.0441779	0.0201349	0.00854071	0.00338146	0.00124424	0.000394178	0	
0	0.0155217	0.0236264	0.0239317	0.0309389	0.0461468	0.069026	0.0958739	0.103209	0.0841825	0.0838637	0.130782	0.211704	0.331045	0.464922	0.564911	0.599624	0.562295	0.444664	0.250358	-0.00628862	-0.290125	-0.551593	-0.7823	-0.961917	-1.06887	-1.07827	-0.983029	-0.813354	-0.614602	-0.428889	-0.284799	-0.183773	-0.12395	-0.0891438	-0.0729476	-0.0640661	-0.0615701	-0.058803	-0.0599698	-0.0573983	-0.0606026	-0.0573646	-0.0607511	-0.0609588	-0.0611531	-0.0619821	-0.0662209	-0.0619771	-0.0636689	-0.0690222	-0.0676235	-0.0697407	-0.0763382	-0.0783782	-0.0725351	-0.0809259	-0.0910288	-0.0873759	-0.0869332	-0.0959857	-0.110813	-0.113911	-0.104785	-0.11231	-0.137507	-0.161301	-0.172236	-0.161321	-0.147275	-0.16928	-0.238762	-0.34497	-0.474212	-0.592655	-0.656017	-0.64508	-0.560021	-0.396731	-0.159759	0.117832	0.392022	0.636091	0.83771	0.977686	1.0279	0.97285	0.827843	0.634417	0.439593	0.276819	0.159282	0.0841884	0.0410764	0.0185838	0.00782725	0.00307806	0.00112543	0.000354676	0	
0	0.0189441	0.0254819	0.0210217	0.0288504	0.0497819	0.0748858	0.0978369	0.101186	0.0823401	0.0839634	0.140495	0.231245	0.350923	0.483232	0.574918	0.599361	0.550773	0.42326	0.220539	-0.0421789	-0.323637	-0.581608	-0.805497	-0.976984	-1.07227	-1.0696	-0.962881	-0.78813	-0.588643	-0.406419	-0.268145	-0.171065	-0.115994	-0.0832779	-0.0681169	-0.0615701	-0.0576395	-0.0568121	-0.0577896	-0.0552347	-0.0590424	-0.0574015	-0.0591837	-0.060258	-0.0609996	-0.0617669	-0.0644596	-0.0609057	-0.0674504	-0.0710879	-0.0678947	-0.0704772	-0.0753048	-0.0770616	-0.075015	-0.0840496	-0.0902949	-0.0867447	-0.0888667	-0.0986441	-0.112292	-0.113205	-0.104968	-0.115764	-0.141991	-0.164332	-0.172251	-0.159246	-0.148334	-0.177454	-0.253434	-0.363865	-0.493465	-0.606153	-0.659323	-0.637477	-0.541733	-0.368159	-0.124001	0.155134	0.426149	0.664769	0.85918	0.989187	1.02709	0.960258	0.807404	0.611654	0.419177	0.261215	0.148816	0.077917	0.0376754	0.0168988	0.00705897	0.00275403	0.000999486	0.000313057	0	
0	0.0206901	0.0254087	0.0187194	0.0306376	0.0553772	0.0772931	0.096775	0.0992473	0.0828021	0.0901426	0.151582	0.248577	0.374253	0.504206	0.584833	0.59467	0.535727	0.393809	0.180245	-0.0843771	-0.366035	-0.617416	-0.831753	-0.995807	-1.07453	-1.05959	-0.939955	-0.759463	-0.560934	-0.382139	-0.251295	-0.158069	-0.109387	-0.0769256	-0.0663574	-0.058803	-0.0568121	-0.0575898	-0.0573621	-0.0567896	-0.0615832	-0.056637	-0.0608364	-0.0612243	-0.05946	-0.0599724	-0.0660116	-0.0641538	-0.0682138	-0.0690222	-0.0671178	-0.0720249	-0.0780622	-0.0778007	-0.0748303	-0.085554	-0.0914406	-0.0872291	-0.0899555	-0.10119	-0.114313	-0.112523	-0.105462	-0.120063	-0.147105	-0.167379	-0.171716	-0.156992	-0.150677	-0.188239	-0.271302	-0.385948	-0.514984	-0.620089	-0.661163	-0.626821	-0.518906	-0.333879	-0.0822757	0.197744	0.464566	0.696642	0.882447	1.00064	1.02432	0.944365	0.783247	0.585579	0.396288	0.244015	0.137448	0.0711914	0.0340705	0.015132	0.00626145	0.00242083	0.00087111	0.000270931	0	
0	0.0228339	0.0262217	0.0165413	0.0305348	0.0606427	0.0831278	0.0969655	0.0945221	0.0811713	0.0976181	0.17097	0.273535	0.394102	0.51968	0.594632	0.588847	0.515821	0.365167	0.137483	-0.133019	-0.410024	-0.658887	-0.864124	-1.01611	-1.08261	-1.04895	-0.919542	-0.732302	-0.534996	-0.362924	-0.23665	-0.15226	-0.104712	-0.0777187	-0.0662255	-0.0599698	-0.0577896	-0.0573621	-0.0557267	-0.0570627	-0.0565227	-0.0560342	-0.0602075	-0.0592745	-0.0608242	-0.0670234	-0.0673611	-0.0608215	-0.0684207	-0.0697746	-0.0698078	-0.0737652	-0.0775797	-0.0775378	-0.077067	-0.0881817	-0.0910875	-0.0870799	-0.0924083	-0.104811	-0.115701	-0.111204	-0.106853	-0.125619	-0.152661	-0.170089	-0.170478	-0.154865	-0.154934	-0.202184	-0.292667	-0.411202	-0.538312	-0.633678	-0.660694	-0.612329	-0.490827	-0.293396	-0.0344673	0.245446	0.506895	0.731233	0.906886	1.0113	1.01888	0.924681	0.755209	0.556311	0.371197	0.225516	0.125417	0.0641763	0.0303596	0.0133353	0.00545963	0.00208941	0.000744674	0.000229772	0	
0	0.0246474	0.0258752	0.0141349	0.0329023	0.0678902	0.0868328	0.0949373	0.0914441	0.0827381	0.105407	0.187256	0.302687	0.428325	0.540726	0.596764	0.57707	0.486151	0.320118	0.0845021	-0.187585	-0.461365	-0.698568	-0.894589	-1.03281	-1.08049	-1.03133	-0.887885	-0.696357	-0.502048	-0.334911	-0.218503	-0.137812	-0.0972964	-0.0711849	-0.062267	-0.0573983	-0.0552347	-0.0567896	-0.0570627	-0.0575949	-0.061473	-0.0602544	-0.0629371	-0.0629225	-0.0632713	-0.062048	-0.0618867	-0.064406	-0.0728178	-0.0708433	-0.0694089	-0.0747283	-0.0799971	-0.0766911	-0.0780717	-0.0914121	-0.0913501	-0.0875718	-0.0952569	-0.108162	-0.116531	-0.110144	-0.10954	-0.132188	-0.158345	-0.172227	-0.168501	-0.153332	-0.161859	-0.219852	-0.317769	-0.439475	-0.562797	-0.645956	-0.656964	-0.593133	-0.456733	-0.246244	0.0194416	0.297918	0.552668	0.767963	0.931746	1.02029	1.00998	0.900728	0.723192	0.524047	0.344234	0.206045	0.11298	0.0570393	0.0266391	0.0115581	0.00467655	0.00176958	0.000624002	0.00019084	0	
0	0.0235906	0.0260726	0.0153084	0.0346824	0.0724502	0.091681	0.0933322	0.0855826	0.0874693	0.123754	0.21021	0.327503	0.450974	0.560317	0.604124	0.563124	0.458456	0.276796	0.0255619	-0.249416	-0.516224	-0.750175	-0.929807	-1.05588	-1.08307	-1.01456	-0.85954	-0.663203	-0.472299	-0.314053	-0.204065	-0.132359	-0.0952701	-0.0725294	-0.0660463	-0.0606026	-0.0590424	-0.0615832	-0.0565227	-0.061473	-0.0585543	-0.057294	-0.0609691	-0.0598687	-0.0595137	-0.0667279	-0.0697169	-0.0673048	-0.0721428	-0.067554	-0.0710744	-0.0777016	-0.0788283	-0.0777154	-0.0833202	-0.0926241	-0.089503	-0.089235	-0.099173	-0.111596	-0.116882	-0.109269	-0.113595	-0.139801	-0.163953	-0.17346	-0.165829	-0.153108	-0.172338	-0.241773	-0.34674	-0.470424	-0.587542	-0.655782	-0.648921	-0.568297	-0.41584	-0.192033	0.079331	0.354716	0.60132	0.806143	0.956144	1.02662	0.996809	0.872076	0.68719	0.489069	0.315789	0.185961	0.100399	0.0499454	0.0229998	0.00984547	0.00393236	0.00146961	0.000512191	0.000155123	0	
