0.000000000000000000e+00 0.000000000000000000e+00 0.000000000000000000e+00 0.000000000000000000e+00 0.000000000000000000e+00 0.000000000000000000e+00 0.000000000000000000e+00 0.000000000000000000e+00 0.000000000000000000e+00 0.000000000000000000e+00 0.000000000000000000e+00 0.000000000000000000e+00 0.000000000000000000e+00 0.000000000000000000e+00 0.000000000000000000e+00 0.000000000000000000e+00 0.000000000000000000e+00 0.000000000000000000e+00 0.000000000000000000e+00 0.000000000000000000e+00 0.000000000000000000e+00 0.000000000000000000e+00 0.000000000000000000e+00 0.000000000000000000e+00 0.000000000000000000e+00 0.000000000000000000e+00 0.000000000000000000e+00 0.000000000000000000e+00 0.000000000000000000e+00 0.000000000000000000e+00 0.000000000000000000e+00 0.000000000000000000e+00 0.000000000000000000e+00 0.000000000000000000e+00 0.000000000000000000e+00 0.000000000000000000e+00 0.000000000000000000e+00 0.000000000000000000e+00 0.000000000000000000e+00 0.000000000000000000e+00 0.000000000000000000e+00 0.000000000000000000e+00 0.000000000000000000e+00 0.000000000000000000e+00 0.000000000000000000e+00 0.000000000000000000e+00 0.000000000000000000e+00 0.000000000000000000e+00 0.000000000000000000e+00 0.000000000000000000e+00 0.000000000000000000e+00 0.000000000000000000e+00 0.000000000000000000e+00 0.000000000000000000e+00 0.000000000000000000e+00 0.000000000000000000e+00 0.000000000000000000e+00 0.000000000000000000e+00 0.000000000000000000e+00 0.000000000000000000e+00 0.000000000000000000e+00 0.000000000000000000e+00 0.000000000000000000e+00 0.000000000000000000e+00 0.000000000000000000e+00 0.000000000000000000e+00 0.000000000000000000e+00 0.000000000000000000e+00 0.000000000000000000e+00 0.000000000000000000e+00 0.000000000000000000e+00 0.000000000000000000e+00 0.000000000000000000e+00 0.000000000000000000e+00 0.000000000000000000e+00 0.000000000000000000e+00 0.000000000000000000e+00 0.000000000000000000e+00 0.000000000000000000e+00 0.000000000000000000e+00 0.000000000000000000e+00 0.000000000000000000e+00 0.000000000000000000e+00 0.000000000000000000e+00 0.000000000000000000e+00 0.000000000000000000e+00 0.000000000000000000e+00 0.000000000000000000e+00 0.000000000000000000e+00 0.000000000000000000e+00 0.000000000000000000e+00 0.000000000000000000e+00 0.000000000000000000e+00 0.000000000000000000e+00 0.000000000000000000e+00 0.000000000000000000e+00 0.000000000000000000e+00 0.000000000000000000e+00 0.000000000000000000e+00 0.000000000000000000e+00
0.000000000000000000e+00 3.421320000000000156e-34 1.221580000000000009e-32 4.029219999999999880e-31 1.225590000000000021e-29 3.429269999999999999e-28 8.802280000000000472e-27 2.066509999999999916e-25 4.423139999999999984e-24 8.601210000000000231e-23 1.513860000000000005e-21 2.401820000000000119e-20 3.419880000000000229e-19 4.349589999999999826e-18 4.916589999999999813e-17 4.912929999999999942e-16 4.315679999999999950e-15 3.313420000000000108e-14 2.210379999999999918e-13 1.273680000000000082e-12 6.303049999999999886e-12 2.663989999999999840e-11 9.567770000000000297e-11 2.908300000000000183e-10 7.467600000000000145e-10 1.622200000000000044e-09 2.997849999999999941e-09 4.749649999999999620e-09 6.494960000000000079e-09 7.697590000000000505e-09 7.921899999999999289e-09 7.080710000000000047e-09 5.488880000000000178e-09 3.678099999999999944e-09 2.118900000000000200e-09 1.042149999999999963e-09 4.349929999999999888e-10 1.535429999999999939e-10 4.579050000000000204e-11 1.155369999999999993e-11 2.474810000000000034e-12 4.522480000000000234e-13 7.093109999999999803e-14 9.611170000000000334e-15 1.132729999999999968e-15 1.168910000000000046e-16 1.062909999999999993e-17 8.567949999999999734e-19 6.156619999999999427e-20 3.963930000000000319e-21 2.297629999999999995e-22 1.204169999999999943e-23 5.728989999999999823e-25 2.483289999999999967e-26 9.839869999999999878e-28 3.575130000000000035e-29 1.194419999999999929e-30 3.678830000000000012e-32 1.047090000000000078e-33 2.760109999999999989e-35 6.751829999999999602e-37 1.535599999999999915e-38 3.252700000000000121e-40 6.427040000000000520e-42 1.186369999999999967e-43 2.048600000000000013e-45 3.313390000000000190e-47 5.025369999999999722e-49 7.154959999999999492e-51 9.572330000000000600e-53 1.204459999999999933e-54 1.426569999999999925e-56 1.591649999999999940e-58 1.673999999999999869e-60 1.660689999999999935e-62 1.554869999999999892e-64 1.374630000000000000e-66 1.148039999999999999e-68 9.061089999999999909e-71 6.760769999999999775e-73 4.770069999999999978e-75 3.183189999999999947e-77 2.009479999999999854e-79 1.200149999999999890e-81 6.781820000000000032e-84 3.625900000000000229e-86 1.834099999999999965e-88 8.776459999999999774e-91 3.972220000000000075e-93 1.700050000000000123e-95 6.878329999999999761e-98 2.629880000000000178e-100 9.498070000000000113e-103 3.238630000000000091e-105 1.041989999999999943e-107 3.161140000000000279e-110 9.036019999999999752e-113 2.431570000000000076e-115 6.153910000000000055e-118 0.000000000000000000e+00
0.000000000000000000e+00 1.221580000000000009e-32 4.209350000000000192e-31 1.339129999999999961e-29 3.926450000000000214e-28 1.058319999999999951e-26 2.614949999999999805e-25 5.904939999999999646e-24 1.214640000000000073e-22 2.267830000000000178e-21 3.828550000000000252e-20 5.819890000000000392e-19 7.930640000000000504e-18 9.641279999999999900e-17 1.040350000000000033e-15 9.910790000000000260e-15 8.288780000000000553e-14 6.051140000000000205e-13 3.833979999999999785e-12 2.096450000000000099e-11 9.840600000000000377e-11 3.945969999999999868e-10 1.346260000000000064e-09 3.897820000000000091e-09 9.575409999999999714e-09 2.002400000000000116e-08 3.587820000000000293e-08 5.550679999999999779e-08 7.463150000000000227e-08 8.760209999999999799e-08 8.999779999999999873e-08 8.095179999999999832e-08 6.363340000000000651e-08 4.354790000000000179e-08 2.580290000000000072e-08 1.314510000000000003e-08 5.719320000000000057e-09 2.115069999999999811e-09 6.632350000000000367e-10 1.763490000000000080e-10 3.984659999999999866e-11 7.681860000000000550e-12 1.270349999999999934e-12 1.813159999999999920e-13 2.248190000000000112e-14 2.437529999999999990e-15 2.325609999999999938e-16 1.964280000000000151e-17 1.477040000000000038e-18 9.939570000000000404e-20 6.014680000000000149e-21 3.287360000000000155e-22 1.629409999999999877e-23 7.351539999999999958e-25 3.029510000000000174e-26 1.143860000000000063e-27 3.968520000000000065e-29 1.268499999999999924e-30 3.744719999999999743e-32 1.023269999999999980e-33 2.593570000000000188e-35 6.109159999999999910e-37 1.339690000000000101e-38 2.739559999999999931e-40 5.231960000000000273e-42 9.344639999999999198e-44 1.562929999999999893e-45 2.450809999999999891e-47 3.607089999999999786e-49 4.987929999999999898e-51 6.486469999999999610e-53 7.939529999999999289e-55 9.154249999999999576e-57 9.949599999999999872e-59 1.020059999999999946e-60 9.870669999999999130e-63 9.019760000000000591e-65 7.787139999999999898e-67 6.354449999999999951e-69 4.902889999999999940e-71 3.577950000000000269e-73 2.470230000000000214e-75 1.613790000000000082e-77 9.977619999999999786e-80 5.838780000000000529e-82 3.234069999999999829e-84 1.695529999999999833e-86 8.413160000000000158e-89 3.950560000000000257e-91 1.755190000000000067e-93 7.376540000000000183e-96 2.931630000000000043e-98 1.101370000000000062e-100 3.909629999999999958e-103 1.310659999999999957e-105 4.147060000000000220e-108 1.237630000000000026e-110 3.481000000000000099e-113 9.219409999999999829e-116 0.000000000000000000e+00
0.000000000000000000e+00 4.029219999999999880e-31 1.339129999999999961e-29 4.106359999999999568e-28 1.159750000000000045e-26 3.008840000000000224e-25 7.150040000000000437e-24 1.551470000000000006e-22 3.063669999999999840e-21 5.485539999999999836e-20 8.870890000000000566e-19 1.290150000000000026e-17 1.679799999999999952e-16 1.948489999999999837e-15 2.003179999999999864e-14 1.815359999999999900e-13 1.442089999999999967e-12 9.984839999999999690e-12 5.992059999999999572e-11 3.100120000000000147e-10 1.376080000000000071e-09 5.219200000000000340e-09 1.686579999999999939e-08 4.638780000000000064e-08 1.087769999999999953e-07 2.185540000000000127e-07 3.790580000000000052e-07 5.719520000000000383e-07 7.556589999999999508e-07 8.783519999999999761e-07 9.008019999999999687e-07 8.154619999999999735e-07 6.502709999999999867e-07 4.549260000000000067e-07 2.776419999999999923e-07 1.467739999999999880e-07 6.671440000000000611e-08 2.591459999999999900e-08 8.568779999999999851e-09 2.408169999999999967e-09 5.757449999999999593e-10 1.174490000000000098e-10 2.053749999999999887e-11 3.095990000000000018e-12 4.048740000000000073e-13 4.622650000000000124e-14 4.637150000000000024e-15 4.111740000000000032e-16 3.241030000000000079e-17 2.283079999999999950e-18 1.444339999999999916e-19 8.242949999999999778e-21 4.261509999999999555e-22 2.003389999999999976e-23 8.594189999999999608e-25 3.375030000000000169e-26 1.216930000000000035e-27 4.039659999999999795e-29 1.237669999999999919e-30 3.507919999999999887e-32 9.217240000000000606e-34 2.249640000000000094e-35 5.109460000000000100e-37 1.081730000000000030e-38 2.138050000000000050e-40 3.950910000000000176e-42 6.834999999999999917e-44 1.108339999999999980e-45 1.686559999999999962e-47 2.410880000000000092e-49 3.240550000000000082e-51 4.099400000000000175e-53 4.884679999999999838e-55 5.486469999999999846e-57 5.812860000000000313e-59 5.812959999999999729e-61 5.489840000000000498e-63 4.898899999999999754e-65 4.132450000000000155e-67 3.296530000000000178e-69 2.487699999999999940e-71 1.776449999999999976e-73 1.200670000000000045e-75 7.682299999999999713e-78 4.653859999999999908e-80 2.669459999999999940e-82 1.449889999999999927e-84 7.456500000000000404e-87 3.630689999999999679e-89 1.673550000000000086e-91 7.301310000000000517e-94 3.014140000000000081e-96 1.177030000000000034e-98 4.346240000000000220e-101 1.516840000000000052e-103 5.000820000000000305e-106 1.556520000000000001e-108 4.570700000000000127e-111 1.265270000000000066e-113 0.000000000000000000e+00
0.000000000000000000e+00 1.225590000000000021e-29 3.926450000000000214e-28 1.159750000000000045e-26 3.152719999999999945e-25 7.866409999999999887e-24 1.796210000000000007e-22 3.741449999999999629e-21 7.084710000000000501e-20 1.215010000000000016e-18 1.879579999999999978e-17 2.611399999999999894e-16 3.243309999999999842e-15 3.582980000000000173e-14 3.502320000000000065e-13 3.012559999999999838e-12 2.267469999999999990e-11 1.485000000000000042e-10 8.416440000000000355e-10 4.107470000000000086e-09 1.718720000000000120e-08 6.146680000000000616e-08 1.875829999999999930e-07 4.888339999999999686e-07 1.091779999999999947e-06 2.103740000000000122e-06 3.526530000000000014e-06 5.183939999999999871e-06 6.726149999999999967e-06 7.740870000000000308e-06 7.924920000000000689e-06 7.220870000000000205e-06 5.843650000000000370e-06 4.182929999999999777e-06 2.633009999999999885e-06 1.446870000000000091e-06 6.884960000000000527e-07 2.816150000000000240e-07 9.846670000000000119e-08 2.933890000000000009e-08 7.445170000000000254e-09 1.612059999999999911e-09 2.989640000000000028e-10 4.773420000000000071e-11 6.600840000000000377e-12 7.955280000000000005e-13 8.408690000000000090e-14 7.842590000000000298e-15 6.491639999999999517e-16 4.794620000000000146e-17 3.175659999999999864e-18 1.894949999999999930e-19 1.023040000000000049e-20 5.016650000000000403e-22 2.242450000000000125e-23 9.167459999999999188e-25 3.438049999999999817e-26 1.186109999999999937e-27 3.774019999999999783e-29 1.110139999999999963e-30 3.025520000000000139e-32 7.655020000000000201e-34 1.801490000000000095e-35 3.950069999999999998e-37 8.082840000000000587e-39 1.545799999999999961e-40 2.766740000000000138e-42 4.640459999999999742e-44 7.302050000000000036e-46 1.079170000000000046e-47 1.499469999999999955e-49 1.960579999999999949e-51 2.414390000000000159e-53 2.802490000000000057e-55 3.068369999999999929e-57 3.170890000000000092e-59 3.094749999999999864e-61 2.854119999999999787e-63 2.488449999999999796e-65 2.052020000000000037e-67 1.600990000000000008e-69 1.182210000000000068e-71 8.264409999999999727e-74 5.470600000000000204e-76 3.429549999999999885e-78 2.036420000000000136e-80 1.145399999999999955e-82 6.102460000000000481e-85 3.079640000000000018e-87 1.471970000000000016e-89 6.662520000000000274e-92 2.855150000000000025e-94 1.158120000000000000e-96 4.445030000000000205e-99 1.613679999999999855e-101 5.538429999999999868e-104 1.796169999999999961e-106 5.500900000000000351e-109 1.589799999999999939e-111 0.000000000000000000e+00
0.000000000000000000e+00 3.429269999999999999e-28 1.058319999999999951e-26 3.008840000000000224e-25 7.866409999999999887e-24 1.885970000000000018e-22 4.133830000000000163e-21 8.256620000000000531e-20 1.497400000000000021e-18 2.456339999999999981e-17 3.629500000000000108e-16 4.809179999999999785e-15 5.686909999999999948e-14 5.971010000000000222e-13 5.536700000000000026e-12 4.508829999999999721e-11 3.206469999999999992e-10 1.980229999999999892e-09 1.056450000000000007e-08 4.846370000000000005e-08 1.904789999999999946e-07 6.400420000000000081e-07 1.838460000000000013e-06 4.525940000000000411e-06 9.603720000000000607e-06 1.771059999999999947e-05 2.864520000000000147e-05 4.097069999999999721e-05 5.216789999999999904e-05 5.942629999999999717e-05 6.073180000000000017e-05 5.570790000000000241e-05 4.577800000000000115e-05 3.356240000000000243e-05 2.182290000000000073e-05 1.248949999999999960e-05 6.236630000000000121e-06 2.693769999999999960e-06 9.992009999999999222e-07 3.167429999999999928e-07 8.562240000000000575e-08 1.974849999999999979e-08 3.897559999999999929e-09 6.612259999999999664e-10 9.697260000000000384e-11 1.236969999999999969e-11 1.381019999999999905e-12 1.357829999999999930e-13 1.182599999999999929e-14 9.174300000000000001e-16 6.372099999999999551e-17 3.981310000000000272e-18 2.247509999999999915e-19 1.150950000000000057e-20 5.366600000000000358e-22 2.286129999999999855e-23 8.925269999999999810e-25 3.202649999999999955e-26 1.059049999999999980e-27 3.235190000000000037e-29 9.150499999999999375e-31 2.401339999999999991e-32 5.858209999999999976e-34 1.330920000000000000e-35 2.820539999999999843e-37 5.584329999999999916e-39 1.034390000000000064e-40 1.794900000000000111e-42 2.921270000000000173e-44 4.464419999999999928e-46 6.413169999999999421e-48 8.667899999999999634e-50 1.103250000000000024e-51 1.323449999999999936e-53 1.497409999999999910e-55 1.599089999999999945e-57 1.612780000000000076e-59 1.537060000000000075e-61 1.384990000000000043e-63 1.180429999999999955e-65 9.520130000000000566e-68 7.267900000000000610e-70 5.253740000000000054e-72 3.596910000000000222e-74 2.332810000000000006e-76 1.433449999999999934e-78 8.346109999999999603e-81 4.604719999999999877e-83 2.407360000000000132e-85 1.192539999999999941e-87 5.596989999999999847e-90 2.488380000000000031e-92 1.047760000000000025e-94 4.177119999999999948e-97 1.576199999999999946e-99 5.627170000000000087e-102 1.899809999999999920e-104 6.062320000000000172e-107 1.827260000000000049e-109 0.000000000000000000e+00
0.000000000000000000e+00 8.802280000000000472e-27 2.614949999999999805e-25 7.150040000000000437e-24 1.796210000000000007e-22 4.133830000000000163e-21 8.688250000000000502e-20 1.661969999999999909e-18 2.882869999999999822e-17 4.516629999999999794e-16 6.363920000000000274e-15 8.026920000000000041e-14 9.018610000000000282e-13 8.978740000000000574e-12 7.877390000000000546e-11 6.055789999999999826e-10 4.056000000000000056e-09 2.353750000000000149e-08 1.177509999999999934e-07 5.057020000000000373e-07 1.859139999999999957e-06 5.845370000000000414e-06 1.574280000000000113e-05 3.648850000000000140e-05 7.335210000000000536e-05 1.291549999999999925e-04 2.011620000000000096e-04 2.795410000000000126e-04 3.489790000000000210e-04 3.933030000000000120e-04 4.012099999999999889e-04 3.706119999999999814e-04 3.094740000000000121e-04 2.326770000000000086e-04 1.565509999999999992e-04 9.351950000000000475e-05 4.913720000000000110e-05 2.248410000000000043e-05 8.880280000000000636e-06 3.006939999999999793e-06 8.694790000000000528e-07 2.145019999999999973e-07 4.522990000000000322e-08 8.183289999999999356e-09 1.277089999999999981e-09 1.729470000000000078e-10 2.045140000000000149e-11 2.124969999999999982e-12 1.951679999999999970e-13 1.593479999999999853e-14 1.162679999999999992e-15 7.618710000000000346e-17 4.503670000000000165e-18 2.411689999999999818e-19 1.174369999999999960e-20 5.218460000000000311e-22 2.122930000000000023e-23 7.930019999999999643e-25 2.727390000000000240e-26 8.658659999999999759e-28 2.543290000000000066e-29 6.926530000000000144e-31 1.752569999999999913e-32 4.127400000000000031e-34 9.062689999999999879e-36 1.858250000000000071e-37 3.563319999999999943e-39 6.398780000000000328e-41 1.077410000000000044e-42 1.702970000000000081e-44 2.529590000000000102e-46 3.534600000000000075e-48 4.650300000000000140e-50 5.765550000000000324e-52 6.741559999999999825e-54 7.439629999999999881e-56 7.753540000000000546e-58 7.635990000000000422e-60 7.110220000000000354e-62 6.262729999999999404e-64 5.220309999999999943e-66 4.119520000000000297e-68 3.078640000000000105e-70 2.179479999999999918e-72 1.461950000000000032e-74 9.293420000000000462e-77 5.599390000000000269e-79 3.197899999999999835e-81 1.731260000000000172e-83 8.884439999999999446e-86 4.321530000000000009e-88 1.992199999999999797e-90 8.702520000000000365e-93 3.601410000000000090e-95 1.411540000000000045e-97 5.237860000000000333e-100 1.839409999999999993e-102 6.110280000000000071e-105 1.918919999999999937e-107 0.000000000000000000e+00
0.000000000000000000e+00 2.066509999999999916e-25 5.904939999999999646e-24 1.551470000000000006e-22 3.741449999999999629e-21 8.256620000000000531e-20 1.661969999999999909e-18 3.040690000000000111e-17 5.037260000000000327e-16 7.524869999999999545e-15 1.009139999999999954e-13 1.209120000000000002e-12 1.287740000000000004e-11 1.212460000000000123e-10 1.003490000000000016e-09 7.258399999999999668e-09 4.561730000000000045e-08 2.477389999999999925e-07 1.157020000000000020e-06 4.629980000000000011e-06 1.584419999999999985e-05 4.639060000000000270e-05 1.166270000000000067e-04 2.535209999999999872e-04 4.812689999999999893e-04 8.068889999999999786e-04 1.207530000000000062e-03 1.627600000000000097e-03 1.989889999999999801e-03 2.217339999999999936e-03 2.257569999999999976e-03 2.101040000000000199e-03 1.784510000000000002e-03 1.377879999999999947e-03 9.612209999999999505e-04 6.008609999999999516e-04 3.332100000000000166e-04 1.621199999999999996e-04 6.846799999999999566e-05 2.487970000000000169e-05 7.732760000000000482e-06 2.050309999999999941e-06 4.640210000000000229e-07 8.991599999999999597e-08 1.499050000000000112e-08 2.162769999999999967e-09 2.717370000000000099e-10 2.992149999999999847e-11 2.905249999999999965e-12 2.502010000000000059e-13 1.921650000000000135e-14 1.322949999999999932e-15 8.202230000000000458e-17 4.599479999999999811e-18 2.342039999999999962e-19 1.086849999999999988e-20 4.612019999999999846e-22 1.795109999999999867e-23 6.426919999999999950e-25 2.122070000000000096e-26 6.477470000000000203e-28 1.831930000000000081e-29 4.810230000000000421e-31 1.174890000000000048e-32 2.674090000000000130e-34 5.680770000000000046e-36 1.128100000000000038e-37 2.097069999999999969e-39 3.653970000000000078e-41 5.974869999999999634e-43 9.178900000000000099e-45 1.326180000000000055e-46 1.803759999999999933e-48 2.311559999999999995e-50 2.793429999999999936e-52 3.185670000000000096e-54 3.430810000000000033e-56 3.491369999999999889e-58 3.359299999999999937e-60 3.057600000000000008e-62 2.633850000000000105e-64 2.148119999999999895e-66 1.659369999999999975e-68 1.214449999999999945e-70 8.423310000000000159e-73 5.537899999999999756e-75 3.451750000000000074e-77 2.039939999999999909e-79 1.143170000000000104e-81 6.074780000000000376e-84 3.060999999999999871e-86 1.462440000000000060e-88 6.623910000000000180e-91 2.843789999999999917e-93 1.156969999999999986e-95 4.459259999999999904e-98 1.627649999999999896e-100 5.623940000000000351e-103 1.838570000000000184e-105 0.000000000000000000e+00
0.000000000000000000e+00 4.423139999999999984e-24 1.214640000000000073e-22 3.063669999999999840e-21 7.084710000000000501e-20 1.497400000000000021e-18 2.882869999999999822e-17 5.037260000000000327e-16 7.956489999999999250e-15 1.131200000000000017e-13 1.440900000000000050e-12 1.636190000000000039e-11 1.647459999999999913e-10 1.462570000000000048e-09 1.138099999999999947e-08 7.715929999999999927e-08 4.530850000000000102e-07 2.291819999999999938e-06 9.940470000000000390e-06 3.685839999999999933e-05 1.167399999999999970e-04 3.165269999999999868e-04 7.390129999999999529e-04 1.499969999999999993e-03 2.678970000000000136e-03 4.263580000000000321e-03 6.115240000000000085e-03 7.979460000000000719e-03 9.540710000000000857e-03 1.050279999999999964e-02 1.067139999999999929e-02 1.001190000000000066e-02 8.659490000000000590e-03 6.878399999999999792e-03 4.986499999999999613e-03 3.271109999999999816e-03 1.921270000000000096e-03 9.981190000000000027e-04 4.529579999999999956e-04 1.775939999999999941e-04 5.966630000000000165e-05 1.709900000000000010e-05 4.175909999999999969e-06 8.709780000000000320e-07 1.558220000000000039e-07 2.404819999999999891e-08 3.221870000000000166e-09 3.771600000000000190e-10 3.882369999999999824e-11 3.535540000000000099e-12 2.864669999999999748e-13 2.076119999999999980e-14 1.352410000000000020e-15 7.954079999999999818e-17 4.241239999999999936e-18 2.058069999999999962e-19 9.120220000000000420e-21 3.702669999999999940e-22 1.381229999999999900e-23 4.747229999999999590e-25 1.507009999999999893e-26 4.428959999999999611e-28 1.207589999999999935e-29 3.060739999999999810e-31 7.224620000000000109e-33 1.590819999999999928e-34 3.272849999999999792e-36 6.300320000000000462e-38 1.136360000000000024e-39 1.922779999999999930e-41 3.055690000000000152e-43 4.565859999999999789e-45 6.420990000000000252e-47 8.506440000000000045e-49 1.062510000000000034e-50 1.252250000000000049e-52 1.393620000000000072e-54 1.465469999999999953e-56 1.456969999999999934e-58 1.370260000000000052e-60 1.219690000000000083e-62 1.027969999999999969e-64 8.206780000000000646e-67 6.208259999999999608e-69 4.451450000000000104e-71 3.026039999999999707e-73 1.950629999999999954e-75 1.192540000000000043e-77 6.915280000000000433e-80 3.803760000000000147e-82 1.984670000000000102e-84 9.822370000000000561e-87 4.610630000000000256e-89 2.052390000000000111e-91 8.662240000000000366e-94 3.465499999999999872e-96 1.313820000000000013e-98 4.718210000000000108e-101 1.604370000000000088e-103 0.000000000000000000e+00
0.000000000000000000e+00 8.601210000000000231e-23 2.267830000000000178e-21 5.485539999999999836e-20 1.215010000000000016e-18 2.456339999999999981e-17 4.516629999999999794e-16 7.524869999999999545e-15 1.131200000000000017e-13 1.527510000000000021e-12 1.843799999999999878e-11 1.979030000000000093e-10 1.878269999999999967e-09 1.566929999999999923e-08 1.141939999999999967e-07 7.224710000000000112e-07 3.944080000000000361e-06 1.847780000000000120e-05 7.397389999999999998e-05 2.524860000000000082e-04 7.351400000000000122e-04 1.833790000000000073e-03 3.952660000000000201e-03 7.453279999999999628e-03 1.247159999999999935e-02 1.877579999999999874e-02 2.573800000000000046e-02 3.244129999999999930e-02 3.787309999999999982e-02 4.114879999999999927e-02 4.171749999999999764e-02 3.948320000000000302e-02 3.482380000000000198e-02 2.851149999999999865e-02 2.153410000000000046e-02 1.487190000000000040e-02 9.287780000000000688e-03 5.176639999999999714e-03 2.538579999999999916e-03 1.080709999999999917e-03 3.951119999999999806e-04 1.232010000000000017e-04 3.267500000000000141e-05 7.378570000000000406e-06 1.424060000000000008e-06 2.361950000000000050e-07 3.388269999999999674e-08 4.232099999999999892e-09 4.633200000000000089e-10 4.474169999999999786e-11 3.833919999999999884e-12 2.931439999999999876e-13 2.010249999999999878e-14 1.242209999999999925e-15 6.946840000000000238e-17 3.529800000000000277e-18 1.635529999999999927e-19 6.933710000000000724e-21 2.697730000000000114e-22 9.660110000000000411e-24 3.191879999999999816e-25 9.755110000000000578e-27 2.763760000000000224e-28 7.273439999999999413e-30 1.781449999999999970e-31 4.067860000000000175e-33 8.674030000000000024e-35 1.729800000000000155e-36 3.230689999999999951e-38 5.658330000000000063e-40 9.304560000000000260e-42 1.438150000000000009e-43 2.091530000000000043e-45 2.864789999999999844e-47 3.698919999999999724e-49 4.505760000000000194e-51 5.182019999999999687e-53 5.630810000000000075e-55 5.784399999999999821e-57 5.621000000000000068e-59 5.169699999999999866e-61 4.502150000000000136e-63 3.714149999999999848e-65 2.903670000000000077e-67 2.151909999999999925e-69 1.512210000000000084e-71 1.007889999999999970e-73 6.372400000000000424e-76 3.822479999999999766e-78 2.175600000000000012e-80 1.174970000000000073e-82 6.021200000000000503e-85 2.927720000000000025e-87 1.350590000000000051e-89 5.910160000000000089e-92 2.452839999999999853e-94 9.652119999999998967e-97 3.600170000000000197e-99 1.272350000000000079e-101 0.000000000000000000e+00
0.000000000000000000e+00 1.513860000000000005e-21 3.828550000000000252e-20 8.870890000000000566e-19 1.879579999999999978e-17 3.629500000000000108e-16 6.363920000000000274e-15 1.009139999999999954e-13 1.440900000000000050e-12 1.843799999999999878e-11 2.103560000000000023e-10 2.127890000000000186e-09 1.897190000000000063e-08 1.481509999999999877e-07 1.006670000000000054e-06 5.912920000000000301e-06 2.983389999999999908e-05 1.285969999999999887e-04 4.717060000000000133e-04 1.470409999999999903e-03 3.904229999999999853e-03 8.891519999999999979e-03 1.757420000000000163e-02 3.061349999999999835e-02 4.777220000000000077e-02 6.777930000000000066e-02 8.853790000000000271e-02 1.075519999999999948e-01 1.223889999999999978e-01 1.311160000000000103e-01 1.326150000000000106e-01 1.266990000000000061e-01 1.141159999999999952e-01 9.650209999999999344e-02 7.613810000000000022e-02 5.554780000000000134e-02 3.704380000000000173e-02 2.226790000000000019e-02 1.187550000000000064e-02 5.529670000000000418e-03 2.217349999999999877e-03 7.582640000000000300e-04 2.200550000000000065e-04 5.417589999999999743e-05 1.134989999999999953e-05 2.034220000000000066e-06 3.139499999999999757e-07 4.201489999999999726e-08 4.909719999999999875e-09 5.043539999999999522e-10 4.583329999999999697e-11 3.706289999999999952e-12 2.681380000000000132e-13 1.744180000000000034e-14 1.024739999999999963e-15 5.460459999999999986e-17 2.649070000000000034e-18 1.174149999999999931e-19 4.769909999999999946e-21 1.781280000000000041e-22 6.131519999999999684e-24 1.950299999999999896e-25 5.745559999999999682e-27 1.571039999999999992e-28 3.995010000000000151e-30 9.465000000000000465e-32 2.092799999999999913e-33 4.325329999999999931e-35 8.368119999999999508e-37 1.517539999999999884e-38 2.582840000000000079e-40 4.130539999999999942e-42 6.213500000000000450e-44 8.800770000000000717e-46 1.174789999999999972e-47 1.479210000000000037e-49 1.758210000000000060e-51 1.974229999999999950e-53 2.095580000000000049e-55 2.104040000000000133e-57 1.999359999999999809e-59 1.799000000000000038e-61 1.533460000000000114e-63 1.238769999999999976e-65 9.487289999999999816e-68 6.890639999999999863e-70 4.747409999999999592e-72 3.103339999999999975e-74 1.925080000000000012e-76 1.133369999999999908e-78 6.333369999999999865e-81 3.359309999999999731e-83 1.691260000000000058e-85 8.081540000000000295e-88 3.664799999999999967e-90 1.576929999999999986e-92 6.437039999999999812e-95 2.492059999999999815e-97 9.147130000000000187e-100 0.000000000000000000e+00
0.000000000000000000e+00 2.401820000000000119e-20 5.819890000000000392e-19 1.290150000000000026e-17 2.611399999999999894e-16 4.809179999999999785e-15 8.026920000000000041e-14 1.209120000000000002e-12 1.636190000000000039e-11 1.979030000000000093e-10 2.127890000000000186e-09 2.021879999999999970e-08 1.686959999999999907e-07 1.227620000000000030e-06 7.737229999999999780e-06 4.193930000000000010e-05 1.942190000000000051e-04 7.641730000000000441e-04 2.545710000000000073e-03 7.179379999999999963e-03 1.721980000000000038e-02 3.549009999999999665e-02 6.384479999999999322e-02 1.021330000000000016e-01 1.479459999999999942e-01 1.971189999999999887e-01 2.447209999999999941e-01 2.859369999999999967e-01 3.167420000000000235e-01 3.343729999999999758e-01 3.373720000000000052e-01 3.255000000000000115e-01 2.997070000000000012e-01 2.622329999999999939e-01 2.166369999999999962e-01 1.674950000000000050e-01 1.197759999999999936e-01 7.807569999999999788e-02 4.559529999999999833e-02 2.341470000000000010e-02 1.039290000000000005e-02 3.934710000000000117e-03 1.260859999999999932e-03 3.412430000000000259e-04 7.817649999999999935e-05 1.523829999999999944e-05 2.544239999999999971e-06 3.665580000000000190e-07 4.591080000000000239e-08 5.034899999999999643e-09 4.867430000000000427e-10 4.174030000000000138e-11 3.193440000000000174e-12 2.191249999999999877e-13 1.355029999999999932e-14 7.584600000000000025e-16 3.858250000000000251e-17 1.790250000000000161e-18 7.602679999999999843e-20 2.964059999999999818e-21 1.063910000000000116e-22 3.524980000000000250e-24 1.080650000000000109e-25 3.072229999999999985e-27 8.116209999999999827e-29 1.996230000000000145e-30 4.579160000000000132e-32 9.812719999999999874e-34 1.967329999999999891e-35 3.695379999999999863e-37 6.511800000000000608e-39 1.077770000000000018e-40 1.677359999999999865e-42 2.457250000000000090e-44 3.391690000000000169e-46 4.414829999999999957e-48 5.423800000000000292e-50 6.293820000000000009e-52 6.903219999999999457e-54 7.161360000000000451e-56 7.030749999999999646e-58 6.535849999999999725e-60 5.755819999999999966e-62 4.804039999999999904e-64 3.801610000000000096e-66 2.853239999999999993e-68 2.031630000000000089e-70 1.372760000000000079e-72 8.803959999999999939e-75 5.359960000000000071e-77 3.098099999999999997e-79 1.700230000000000024e-81 8.859500000000000849e-84 4.383189999999999983e-86 2.058820000000000005e-88 9.180039999999999529e-91 3.885030000000000296e-93 1.560170000000000075e-95 5.943649999999999473e-98 0.000000000000000000e+00
0.000000000000000000e+00 3.419880000000000229e-19 7.930640000000000504e-18 1.679799999999999952e-16 3.243309999999999842e-15 5.686909999999999948e-14 9.018610000000000282e-13 1.287740000000000004e-11 1.647459999999999913e-10 1.878269999999999967e-09 1.897190000000000063e-08 1.686959999999999907e-07 1.311419999999999973e-06 8.847959999999999563e-06 5.141520000000000199e-05 2.553729999999999824e-04 1.076520000000000081e-03 3.829749999999999821e-03 1.146469999999999954e-02 2.892559999999999923e-02 6.198759999999999687e-02 1.145140000000000047e-01 1.861140000000000017e-01 2.719889999999999808e-01 3.644530000000000269e-01 4.550690000000000013e-01 5.363710000000000422e-01 6.025390000000000468e-01 6.497939999999999827e-01 6.761759999999999993e-01 6.806370000000000475e-01 6.629530000000000145e-01 6.238810000000000189e-01 5.649330000000000185e-01 4.890760000000000107e-01 4.013809999999999878e-01 3.086729999999999752e-01 2.191680000000000017e-01 1.410800000000000110e-01 8.060390000000000610e-02 4.001570000000000127e-02 1.695930000000000007e-02 6.066089999999999677e-03 1.822810000000000012e-03 4.606669999999999992e-04 9.839699999999999998e-05 1.788839999999999969e-05 2.789880000000000045e-06 3.762859999999999854e-07 4.423229999999999831e-08 4.564750000000000393e-09 4.163670000000000057e-10 3.377520000000000011e-11 2.450360000000000072e-12 1.598069999999999874e-13 9.412940000000000266e-15 5.028789999999999817e-16 2.446219999999999915e-17 1.087329999999999976e-18 4.430659999999999879e-20 1.660010000000000039e-21 5.734229999999999514e-23 1.830859999999999941e-24 5.415729999999999764e-26 1.487350000000000075e-27 3.799970000000000022e-29 9.048080000000000714e-31 2.011310000000000035e-32 4.180519999999999988e-34 8.136650000000000656e-36 1.484959999999999948e-37 2.544380000000000135e-39 4.097860000000000058e-41 6.210269999999999690e-43 8.865010000000000384e-45 1.193080000000000082e-46 1.515139999999999925e-48 1.817110000000000005e-50 2.059530000000000105e-52 2.207569999999999870e-54 2.239149999999999959e-56 2.150439999999999973e-58 1.956430000000000033e-60 1.686949999999999949e-62 1.379169999999999981e-64 1.069479999999999939e-66 7.868769999999999927e-69 5.494689999999999669e-71 3.642349999999999747e-73 2.292480000000000165e-75 1.370180000000000090e-77 7.777470000000000497e-80 4.192929999999999877e-82 2.146930000000000096e-84 1.044060000000000061e-86 4.821720000000000170e-89 2.114440000000000030e-91 8.802969999999999706e-94 3.478540000000000003e-96 0.000000000000000000e+00
0.000000000000000000e+00 4.349589999999999826e-18 9.641279999999999900e-17 1.948489999999999837e-15 3.582980000000000173e-14 5.971010000000000222e-13 8.978740000000000574e-12 1.212460000000000123e-10 1.462570000000000048e-09 1.566929999999999923e-08 1.481509999999999877e-07 1.227620000000000030e-06 8.847959999999999563e-06 5.502190000000000254e-05 2.927340000000000064e-04 1.321279999999999981e-03 5.020499999999999789e-03 1.596670000000000034e-02 4.241509999999999725e-02 9.450640000000000429e-02 1.788399999999999990e-01 2.935300000000000131e-01 4.288020000000000165e-01 5.714230000000000143e-01 7.087240000000000206e-01 8.313300000000000134e-01 9.332799999999999985e-01 1.011570000000000080e+00 1.065630000000000077e+00 1.095380000000000020e+00 1.100389999999999979e+00 1.080440000000000067e+00 1.036119999999999930e+00 9.675390000000000379e-01 8.748380000000000045e-01 7.599460000000000104e-01 6.276100000000000012e-01 4.857480000000000131e-01 3.459470000000000045e-01 2.215310000000000057e-01 1.243189999999999990e-01 5.971959999999999769e-02 2.414799999999999933e-02 8.152430000000000440e-03 2.296639999999999966e-03 5.423659999999999636e-04 1.081719999999999936e-04 1.837850000000000030e-05 2.683600000000000022e-06 3.396640000000000165e-07 3.756389999999999929e-08 3.656550000000000158e-09 3.153980000000000000e-10 2.425319999999999929e-11 1.671840000000000074e-12 1.038250000000000019e-13 5.835190000000000062e-15 2.980219999999999939e-16 1.388380000000000003e-17 5.920000000000000085e-19 2.317670000000000022e-20 8.355000000000000287e-22 2.780690000000000071e-23 8.564920000000000325e-25 2.447000000000000017e-26 6.498069999999999717e-28 1.606950000000000119e-29 3.707309999999999824e-31 7.992210000000000266e-33 1.612449999999999976e-34 3.048830000000000277e-36 5.409719999999999821e-38 9.018640000000000069e-40 1.414239999999999968e-41 2.088220000000000079e-43 2.906179999999999777e-45 3.815539999999999938e-47 4.729749999999999679e-49 5.539920000000000430e-51 6.135670000000000331e-53 6.429790000000000125e-55 6.379239999999999745e-57 5.995360000000000057e-59 5.340130000000000219e-61 4.509950000000000103e-63 3.612849999999999796e-65 2.746249999999999845e-67 1.981419999999999951e-69 1.357289999999999977e-71 8.829219999999999979e-74 5.455140000000000158e-76 3.201689999999999801e-78 1.785180000000000065e-80 9.456549999999999537e-83 4.759189999999999991e-85 2.275440000000000084e-87 1.033440000000000042e-89 4.458020000000000338e-92 1.826170000000000095e-94 0.000000000000000000e+00
0.000000000000000000e+00 4.916589999999999813e-17 1.040350000000000033e-15 2.003179999999999864e-14 3.502320000000000065e-13 5.536700000000000026e-12 7.877390000000000546e-11 1.003490000000000016e-09 1.138099999999999947e-08 1.141939999999999967e-07 1.006670000000000054e-06 7.737229999999999780e-06 5.141520000000000199e-05 2.927340000000000064e-04 1.414480000000000078e-03 5.745639999999999775e-03 1.945289999999999866e-02 5.457510000000000139e-02 1.268209999999999893e-01 2.461959999999999982e-01 4.073660000000000059e-01 5.918660000000000032e-01 7.792860000000000342e-01 9.538769999999999749e-01 1.106319999999999970e+00 1.232949999999999990e+00 1.332750000000000101e+00 1.407280000000000086e+00 1.458490000000000064e+00 1.486059999999999937e+00 1.490480000000000027e+00 1.472220000000000084e+00 1.430509999999999948e+00 1.365439999999999987e+00 1.276159999999999961e+00 1.160190000000000055e+00 1.017900000000000027e+00 8.513140000000000152e-01 6.675670000000000215e-01 4.796509999999999940e-01 3.065419999999999812e-01 1.689380000000000048e-01 7.831430000000000335e-02 3.011410000000000128e-02 9.572840000000000862e-03 2.525620000000000122e-03 5.574450000000000542e-04 1.039230000000000009e-04 1.652770000000000102e-05 2.263810000000000099e-06 2.694349999999999771e-07 2.809109999999999867e-08 2.584439999999999814e-09 2.112120000000000043e-10 1.542459999999999952e-11 1.011999999999999929e-12 5.994220000000000282e-14 3.219390000000000037e-15 1.574119999999999879e-16 7.032339999999999668e-18 2.880059999999999873e-19 1.084569999999999994e-20 3.765969999999999808e-22 1.208830000000000021e-23 3.595370000000000023e-25 9.930079999999999541e-27 2.551900000000000126e-28 6.113320000000000238e-30 1.367540000000000043e-31 2.861150000000000079e-33 5.606870000000000457e-35 1.030560000000000027e-36 1.778890000000000110e-38 2.887080000000000143e-40 4.410439999999999951e-42 6.348299999999999523e-44 8.617769999999999299e-46 1.104269999999999881e-47 1.336729999999999922e-49 1.529789999999999954e-51 1.656280000000000030e-53 1.697570000000000019e-55 1.648009999999999910e-57 1.516220000000000081e-59 1.322649999999999949e-61 1.094430000000000043e-63 8.593379999999999702e-66 6.404969999999999626e-68 4.532900000000000100e-70 3.046830000000000030e-72 1.945480000000000004e-74 1.180260000000000038e-76 6.803919999999999641e-79 3.727370000000000181e-81 1.940539999999999836e-83 9.601020000000000276e-86 4.514019999999999771e-88 2.016579999999999822e-90 8.558710000000000772e-93 0.000000000000000000e+00
