0	0	0	0	0	0	0	0	0	0	0	0	0	0	0	0	0	0	0	0	0	0	0	0	0	0	0	0	0	0	0	0	0	0	0	0	0	0	0	0	0	0	0	0	0	0	0	0	0	0	0	0	0	0	0	0	0	0	0	0	0	0	0	0	0	0	0	0	0	0	0	0	0	0	0	0	0	0	0	0	0	0	0	0	0	0	0	0	0	0	0	0	0	0	0	0	0	0	0	0	
0	-0.00236225	-0.00796148	-0.010047	-0.00458106	0.00815485	0.0177089	0.0169252	-0.00373032	-0.0375678	-0.0689554	-0.0855592	-0.090699	-0.0959391	-0.107525	-0.125194	-0.137843	-0.138607	-0.128388	-0.115092	-0.102828	-0.0918432	-0.0791633	-0.059254	-0.0299126	0.0067912	0.0436013	0.0792275	0.118056	0.162759	0.210711	0.258726	0.303582	0.338449	0.355051	0.351882	0.329533	0.297592	0.258278	0.212962	0.165318	0.1182	0.071515	0.0301365	-0.00481175	-0.0335641	-0.0593262	-0.0843929	-0.105695	-0.117089	-0.115383	-0.10682	-0.10035	-0.104167	-0.116316	-0.129759	-0.138063	-0.136939	-0.126117	-0.111944	-0.0952666	-0.0746643	-0.0509684	-0.0276461	-0.00712486	0.0117488	0.0315914	0.0540528	0.0790909	0.0979264	0.104763	0.0986226	0.0849838	0.0720572	0.0628187	0.0566027	0.0476604	0.0356564	0.0234674	0.0145114	0.0108271	0.00925105	0.00708071	0.00310902	-0.00690715	-0.0222236	-0.0426932	-0.0702826	-0.102261	-0.136428	-0.167934	-0.192991	-0.207155	-0.208832	-0.198561	-0.175213	-0.141825	-0.0997784	-0.0513558	0	
0	-0.00796148	-0.0181824	-0.022255	-0.0137279	-0.00137534	0.00530672	-0.00356454	-0.0365122	-0.0894973	-0.141468	-0.176923	-0.199027	-0.217942	-0.238452	-0.260816	-0.273637	-0.271782	-0.255988	-0.2351	-0.209605	-0.180374	-0.146901	-0.104228	-0.0486049	0.0179354	0.0869526	0.155101	0.232046	0.318793	0.409907	0.498819	0.581174	0.643494	0.673445	0.66415	0.622097	0.560959	0.487481	0.401945	0.311048	0.219467	0.12869	0.0450492	-0.0242425	-0.0805977	-0.128536	-0.170862	-0.206958	-0.226562	-0.226268	-0.215877	-0.208656	-0.212346	-0.226572	-0.239843	-0.246232	-0.241241	-0.222511	-0.196391	-0.161721	-0.120134	-0.074949	-0.0338926	0.00191274	0.0370421	0.0695236	0.0987229	0.128507	0.152392	0.16432	0.164652	0.159874	0.14908	0.132932	0.115684	0.0965135	0.0762944	0.056676	0.0418481	0.0300697	0.021861	0.0134064	0.000651768	-0.0202877	-0.0514821	-0.0929704	-0.146231	-0.205202	-0.266342	-0.322899	-0.368592	-0.39627	-0.400189	-0.379168	-0.332776	-0.266273	-0.184534	-0.0944868	0	
0	-0.010047	-0.022255	-0.0246996	-0.0220051	-0.0215445	-0.0350734	-0.0539477	-0.0909589	-0.14526	-0.208088	-0.266298	-0.317899	-0.361671	-0.390472	-0.408145	-0.410485	-0.400957	-0.381497	-0.354918	-0.314057	-0.258462	-0.194076	-0.121004	-0.0379469	0.0560372	0.1509	0.248626	0.36006	0.485957	0.612867	0.730033	0.83225	0.90647	0.935351	0.917671	0.855052	0.770928	0.667917	0.547302	0.419618	0.293632	0.168326	0.0552922	-0.0420306	-0.121429	-0.187232	-0.244536	-0.290511	-0.317645	-0.322638	-0.317427	-0.311263	-0.312251	-0.314023	-0.311283	-0.305403	-0.29344	-0.268383	-0.235385	-0.191369	-0.137055	-0.0809655	-0.032132	0.00921751	0.0485452	0.0841684	0.111439	0.135351	0.153237	0.171756	0.191354	0.206423	0.210887	0.199504	0.179566	0.154106	0.131169	0.112709	0.0954217	0.077691	0.0550277	0.0283594	0.000276803	-0.0403422	-0.0929482	-0.156831	-0.234902	-0.317195	-0.398846	-0.469828	-0.523591	-0.550174	-0.545049	-0.509752	-0.44191	-0.351249	-0.243135	-0.123747	0	
0	-0.00458106	-0.0137279	-0.0220051	-0.0317277	-0.057194	-0.0917896	-0.121864	-0.154194	-0.20541	-0.275262	-0.355496	-0.437687	-0.50693	-0.546998	-0.561536	-0.552489	-0.530968	-0.500423	-0.462375	-0.402031	-0.317433	-0.218011	-0.109385	0.00674137	0.128641	0.249492	0.372545	0.516202	0.675354	0.827734	0.955963	1.05749	1.12135	1.13823	1.10257	1.02249	0.915354	0.785864	0.634657	0.478526	0.330423	0.189451	0.0593438	-0.053498	-0.150018	-0.231611	-0.297326	-0.349044	-0.377793	-0.385326	-0.384812	-0.383747	-0.379696	-0.368778	-0.34497	-0.319157	-0.294467	-0.264072	-0.230967	-0.188275	-0.139993	-0.0918354	-0.05179	-0.014388	0.0287249	0.0649341	0.0845409	0.0999702	0.117597	0.144067	0.180206	0.220354	0.24299	0.2398	0.224819	0.20777	0.195194	0.184847	0.172699	0.148131	0.111396	0.0627632	0.00544702	-0.0604575	-0.135019	-0.218841	-0.317001	-0.419777	-0.518756	-0.598847	-0.649189	-0.661794	-0.635762	-0.578119	-0.492891	-0.388287	-0.267412	-0.137076	0	
0	0.00815485	-0.00137534	-0.0215445	-0.057194	-0.105771	-0.16026	-0.193224	-0.22596	-0.278483	-0.358432	-0.453534	-0.553027	-0.639191	-0.689984	-0.707343	-0.689959	-0.65045	-0.596766	-0.533685	-0.446285	-0.331614	-0.200979	-0.0614219	0.0823586	0.230559	0.373493	0.520247	0.687962	0.868412	1.03004	1.15275	1.23926	1.28703	1.28452	1.23282	1.12948	0.999338	0.843232	0.665847	0.489971	0.331267	0.181872	0.0468008	-0.0744037	-0.176981	-0.259168	-0.322531	-0.366614	-0.389836	-0.394854	-0.397187	-0.398334	-0.396072	-0.376813	-0.339185	-0.299283	-0.265401	-0.23357	-0.210461	-0.187347	-0.157178	-0.121761	-0.0878196	-0.0553565	-0.0201529	0.00851888	0.0247447	0.0430486	0.0657418	0.102857	0.150919	0.198799	0.234888	0.250009	0.25238	0.244727	0.236129	0.229963	0.220333	0.19883	0.155899	0.0927848	0.0214161	-0.0626674	-0.152305	-0.247475	-0.357222	-0.46965	-0.577049	-0.660697	-0.709969	-0.715151	-0.6771	-0.6076	-0.509004	-0.394619	-0.268941	-0.135896	0	
0	0.0177089	0.00530672	-0.0350734	-0.0917896	-0.16026	-0.221032	-0.259299	-0.296214	-0.360137	-0.448839	-0.548359	-0.64975	-0.740079	-0.79733	-0.81764	-0.792612	-0.732808	-0.64887	-0.552034	-0.430576	-0.285697	-0.131217	0.0260443	0.186699	0.352508	0.515986	0.681034	0.863467	1.04924	1.20272	1.30709	1.37279	1.39896	1.37805	1.30219	1.17661	1.02372	0.849959	0.659848	0.475257	0.310989	0.158333	0.0184114	-0.099925	-0.192435	-0.259304	-0.302297	-0.331956	-0.343255	-0.34141	-0.340446	-0.3441	-0.343788	-0.329266	-0.292489	-0.253022	-0.222463	-0.201567	-0.198938	-0.198803	-0.190348	-0.167267	-0.139535	-0.110473	-0.078224	-0.0565193	-0.0482253	-0.0304498	0.000727853	0.0453431	0.0994262	0.159505	0.206889	0.229826	0.238503	0.236571	0.23031	0.222818	0.213681	0.19257	0.156816	0.104466	0.0399704	-0.0380065	-0.12699	-0.224399	-0.33431	-0.444958	-0.548758	-0.631165	-0.682988	-0.694129	-0.661167	-0.590425	-0.488144	-0.369377	-0.24339	-0.121175	0	
0	0.0169252	-0.00356454	-0.0539477	-0.121864	-0.193224	-0.259299	-0.302488	-0.352662	-0.428075	-0.523697	-0.620462	-0.716101	-0.802423	-0.857572	-0.873659	-0.836933	-0.755504	-0.641234	-0.509668	-0.354675	-0.183805	-0.014583	0.150472	0.316875	0.492328	0.664586	0.835909	1.01877	1.198	1.33782	1.42168	1.46354	1.46552	1.41542	1.31392	1.16414	0.998163	0.819385	0.627436	0.441947	0.277201	0.125073	-0.00415191	-0.102267	-0.164943	-0.199905	-0.221225	-0.236981	-0.242853	-0.235074	-0.228213	-0.227143	-0.232258	-0.228363	-0.207758	-0.185644	-0.174309	-0.175496	-0.196425	-0.22019	-0.227555	-0.213779	-0.192661	-0.173905	-0.152776	-0.136452	-0.124785	-0.0996202	-0.0646812	-0.0155827	0.0423581	0.102044	0.151285	0.177905	0.188262	0.184282	0.173354	0.162166	0.150689	0.135697	0.114979	0.0863314	0.0530549	0.000546836	-0.0689294	-0.152338	-0.252363	-0.351645	-0.445868	-0.521194	-0.572101	-0.588028	-0.562729	-0.504701	-0.415718	-0.312306	-0.205125	-0.10087	0	
0	-0.00373032	-0.0365122	-0.0909589	-0.154194	-0.22596	-0.296214	-0.352662	-0.413822	-0.498891	-0.595733	-0.68856	-0.774411	-0.848391	-0.888577	-0.887191	-0.829475	-0.722275	-0.579275	-0.420109	-0.243733	-0.0605927	0.114256	0.281662	0.451285	0.626595	0.79324	0.953705	1.1246	1.29539	1.42493	1.4937	1.513	1.48397	1.40184	1.26907	1.10061	0.92776	0.751416	0.565795	0.384682	0.225821	0.0864645	-0.021713	-0.0864163	-0.111451	-0.115299	-0.113889	-0.119945	-0.117379	-0.102143	-0.0889536	-0.0896965	-0.103653	-0.118192	-0.11867	-0.121262	-0.133321	-0.153231	-0.188646	-0.221324	-0.240178	-0.242359	-0.242027	-0.238375	-0.220525	-0.198534	-0.1811	-0.153503	-0.117189	-0.069635	-0.0130146	0.046299	0.088323	0.0997394	0.0964099	0.0871539	0.077404	0.0698696	0.0642872	0.0578876	0.0527278	0.0479935	0.0448449	0.0299269	-0.000488942	-0.0474521	-0.117639	-0.200494	-0.287975	-0.361998	-0.411645	-0.426936	-0.407772	-0.363864	-0.301862	-0.231485	-0.154819	-0.0792589	0	
0	-0.0375678	-0.0894973	-0.14526	-0.20541	-0.278483	-0.360137	-0.428075	-0.498891	-0.587827	-0.687666	-0.777082	-0.851961	-0.90426	-0.916539	-0.883328	-0.792416	-0.652825	-0.482173	-0.305523	-0.122933	0.0593992	0.231576	0.398991	0.566745	0.734191	0.884161	1.02359	1.17755	1.33655	1.45877	1.51716	1.52073	1.47094	1.36188	1.20355	1.01448	0.831483	0.656346	0.47845	0.310295	0.167773	0.048485	-0.0347133	-0.0727521	-0.0715397	-0.0521061	-0.0340787	-0.0241583	-0.0101977	0.0140248	0.0298549	0.0246536	-0.00188224	-0.0314092	-0.0504132	-0.0712789	-0.102172	-0.138405	-0.179248	-0.213385	-0.235238	-0.247691	-0.261147	-0.271516	-0.259016	-0.234907	-0.212356	-0.18222	-0.147661	-0.100788	-0.0477414	0.00185976	0.0303091	0.0278578	0.00949736	-0.0136515	-0.0321592	-0.0376239	-0.0306539	-0.0192554	-0.00469721	0.0098778	0.0312993	0.0519941	0.0680841	0.0676796	0.0326111	-0.0296598	-0.110821	-0.185539	-0.240271	-0.2642	-0.255384	-0.229324	-0.189828	-0.145143	-0.0981822	-0.0502004	0	
0	-0.0689554	-0.141468	-0.208088	-0.275262	-0.358432	-0.448839	-0.523697	-0.595733	-0.687666	-0.789469	-0.877822	-0.938281	-0.963219	-0.937505	-0.861436	-0.730243	-0.558354	-0.369768	-0.188325	-0.0102916	0.163236	0.327167	0.485476	0.644345	0.800782	0.937437	1.06342	1.20139	1.34715	1.45716	1.50778	1.50608	1.44882	1.32622	1.14595	0.93421	0.735646	0.557263	0.390861	0.242143	0.123572	0.0272637	-0.0391843	-0.0662216	-0.0590702	-0.0355214	-0.00889455	0.0119732	0.0410166	0.0756347	0.0950546	0.0880299	0.0595261	0.0272952	0.00368152	-0.0299606	-0.0746408	-0.117913	-0.161291	-0.194397	-0.216906	-0.231921	-0.249564	-0.259652	-0.248114	-0.228793	-0.215161	-0.19382	-0.162155	-0.116791	-0.0646872	-0.0195039	0.000264765	-0.0182712	-0.0567775	-0.0967045	-0.123476	-0.124691	-0.103376	-0.071072	-0.0369197	-0.00116456	0.0470552	0.0965499	0.139378	0.162235	0.147584	0.0997574	0.026809	-0.0489739	-0.112303	-0.149858	-0.156918	-0.139832	-0.106852	-0.0697635	-0.03622	-0.0162986	0	
0	-0.0855592	-0.176923	-0.266298	-0.355496	-0.453534	-0.548359	-0.620462	-0.68856	-0.777082	-0.877822	-0.95936	-1.00329	-0.996013	-0.926517	-0.801887	-0.630614	-0.437391	-0.245782	-0.0718111	0.0949323	0.255531	0.401442	0.5396	0.680008	0.823839	0.954251	1.07329	1.20246	1.33572	1.43706	1.4843	1.48389	1.42759	1.29989	1.10662	0.880002	0.668427	0.486351	0.326039	0.193122	0.0951217	0.0198398	-0.0336981	-0.0607154	-0.0639518	-0.0546761	-0.0389467	-0.0182567	0.0163143	0.061388	0.0947468	0.101927	0.0864796	0.0646985	0.0458202	0.0165586	-0.0265534	-0.0729887	-0.115415	-0.147499	-0.168399	-0.178282	-0.185869	-0.193566	-0.188766	-0.183703	-0.184415	-0.173065	-0.147566	-0.10647	-0.0629139	-0.0275748	-0.019844	-0.0497191	-0.0992698	-0.147649	-0.176257	-0.17269	-0.141339	-0.096204	-0.0385816	0.026178	0.0969857	0.162107	0.209079	0.226502	0.205281	0.153519	0.0801059	0.00437696	-0.0632064	-0.10744	-0.117041	-0.100619	-0.0662053	-0.0292469	-0.00419511	0.00282615	0	
0	-0.090699	-0.199027	-0.317899	-0.437687	-0.553027	-0.64975	-0.716101	-0.774411	-0.851961	-0.938281	-1.00329	-1.02181	-0.977915	-0.862116	-0.690383	-0.487454	-0.283354	-0.0995056	0.0596897	0.209043	0.348159	0.469731	0.581448	0.698878	0.824308	0.939962	1.04986	1.17169	1.30267	1.40373	1.45151	1.4501	1.39351	1.26721	1.07795	0.855405	0.645162	0.461331	0.301107	0.172904	0.0861292	0.0237834	-0.0244783	-0.0595524	-0.0846058	-0.101795	-0.108761	-0.100693	-0.0652269	-0.00973662	0.0397557	0.0674598	0.0733397	0.0720207	0.0734591	0.0628292	0.0397325	0.0123764	-0.0217495	-0.0530426	-0.0702128	-0.0700366	-0.0678322	-0.068366	-0.068865	-0.0783327	-0.0967319	-0.104677	-0.0959352	-0.0704517	-0.0378906	-0.0162562	-0.0230494	-0.0676254	-0.127361	-0.174889	-0.197679	-0.18823	-0.151895	-0.0950523	-0.0237995	0.0566349	0.14258	0.209689	0.247166	0.249656	0.213117	0.147362	0.0612853	-0.0235892	-0.0899949	-0.125525	-0.126437	-0.102895	-0.0693512	-0.0369372	-0.0131517	-0.00473556	0	
0	-0.0959391	-0.217942	-0.361671	-0.50693	-0.639191	-0.740079	-0.802423	-0.848391	-0.90426	-0.963219	-0.996013	-0.977915	-0.892214	-0.735182	-0.529688	-0.306472	-0.0979516	0.0770978	0.217775	0.34063	0.451635	0.547098	0.635676	0.728118	0.822936	0.910515	1.00136	1.11877	1.25357	1.35968	1.40711	1.40124	1.34332	1.22626	1.05241	0.847834	0.648103	0.468244	0.310551	0.186959	0.105239	0.0459171	-0.00909356	-0.0635581	-0.115089	-0.161551	-0.193616	-0.201979	-0.17465	-0.117521	-0.0545996	-0.00882204	0.0186752	0.0433948	0.0764248	0.105887	0.119413	0.114695	0.0976024	0.0809324	0.077021	0.090575	0.10696	0.110904	0.106087	0.0863559	0.0511628	0.0193923	0.00229378	0.00463297	0.0146686	0.0176372	-0.0069397	-0.0631119	-0.127061	-0.177039	-0.200244	-0.190821	-0.151943	-0.0912945	-0.0126971	0.0705381	0.145872	0.204053	0.234654	0.228534	0.180058	0.0946152	-0.00757802	-0.0983494	-0.161464	-0.185993	-0.173441	-0.140854	-0.101707	-0.0648988	-0.036346	-0.0169379	0	
0	-0.107525	-0.238452	-0.390472	-0.546998	-0.689984	-0.79733	-0.857572	-0.888577	-0.916539	-0.937505	-0.926517	-0.862116	-0.735182	-0.551232	-0.330628	-0.102003	0.106956	0.271846	0.391055	0.483713	0.564889	0.636522	0.701621	0.763412	0.820916	0.874669	0.946014	1.05704	1.19191	1.29911	1.3466	1.34115	1.29063	1.18737	1.03157	0.844126	0.656745	0.487808	0.340491	0.225205	0.143935	0.0760922	0.00421079	-0.0706241	-0.14482	-0.21138	-0.265474	-0.293634	-0.282367	-0.234115	-0.172423	-0.116367	-0.0674256	-0.010096	0.0630377	0.133501	0.185006	0.213318	0.222799	0.228718	0.248312	0.279951	0.304644	0.314979	0.312391	0.288782	0.241376	0.186343	0.141372	0.114315	0.0999294	0.0797838	0.0384776	-0.0275409	-0.100615	-0.158749	-0.190919	-0.186462	-0.146617	-0.0839284	-0.0156284	0.049329	0.110923	0.158918	0.182064	0.167336	0.108093	0.0148788	-0.0929038	-0.187889	-0.249876	-0.271931	-0.255117	-0.211385	-0.156877	-0.101627	-0.0557451	-0.0249378	0	
0	-0.125194	-0.260816	-0.408145	-0.561536	-0.707343	-0.81764	-0.873659	-0.887191	-0.883328	-0.861436	-0.801887	-0.690383	-0.529688	-0.330628	-0.109501	0.113975	0.313297	0.462427	0.55948	0.625636	0.6782	0.71914	0.748108	0.77175	0.793354	0.822392	0.879533	0.982217	1.11221	1.22033	1.27611	1.28392	1.24774	1.15989	1.0164	0.840962	0.665419	0.507953	0.371949	0.260684	0.172136	0.0910334	0.00534183	-0.0824165	-0.167045	-0.248988	-0.323397	-0.375178	-0.385799	-0.353667	-0.296038	-0.233683	-0.166189	-0.0790459	0.0289257	0.13596	0.219139	0.277615	0.324039	0.370696	0.420817	0.468044	0.50159	0.516596	0.515198	0.491905	0.441439	0.375412	0.312706	0.260153	0.214248	0.166482	0.105271	0.0268893	-0.0567459	-0.128259	-0.167645	-0.166818	-0.134682	-0.0870187	-0.0351273	0.0192921	0.0715477	0.114846	0.131357	0.106288	0.0382136	-0.0659806	-0.181391	-0.283783	-0.355954	-0.384017	-0.365574	-0.310162	-0.234471	-0.155726	-0.0888521	-0.0391753	0	
0	-0.137843	-0.273637	-0.410485	-0.552489	-0.689959	-0.792612	-0.836933	-0.829475	-0.792416	-0.730243	-0.630614	-0.487454	-0.306472	-0.102003	0.113975	0.321169	0.498928	0.625196	0.704751	0.750175	0.772615	0.770059	0.752543	0.736366	0.730954	0.745059	0.792434	0.888607	1.01517	1.13	1.20175	1.22603	1.20508	1.12935	0.997896	0.83746	0.675525	0.530182	0.398047	0.281619	0.178575	0.0838958	-0.00877001	-0.0970687	-0.184835	-0.273838	-0.365844	-0.437228	-0.469432	-0.456352	-0.411324	-0.348175	-0.264361	-0.150301	-0.014698	0.117724	0.228223	0.318245	0.401517	0.481426	0.558741	0.622863	0.665757	0.687925	0.689558	0.666123	0.614017	0.544412	0.474139	0.407152	0.345252	0.280672	0.20065	0.102814	0.00131722	-0.080612	-0.12483	-0.131012	-0.110653	-0.0771554	-0.0366317	0.0129663	0.0632349	0.101161	0.106894	0.068891	-0.0124725	-0.129072	-0.260276	-0.382762	-0.46969	-0.505431	-0.486499	-0.422737	-0.334282	-0.23802	-0.14866	-0.0705107	0	
0	-0.138607	-0.271782	-0.400957	-0.530968	-0.65045	-0.732808	-0.755504	-0.722275	-0.652825	-0.558354	-0.437391	-0.283354	-0.0979516	0.106956	0.313297	0.498928	0.648485	0.752715	0.814954	0.837896	0.81963	0.767996	0.702757	0.652969	0.626883	0.631648	0.677864	0.777017	0.910596	1.03861	1.12568	1.16242	1.1473	1.07716	0.954667	0.808333	0.663582	0.530502	0.404033	0.283942	0.17033	0.0678754	-0.0247992	-0.109987	-0.194552	-0.286939	-0.387476	-0.474042	-0.526833	-0.537445	-0.510593	-0.451553	-0.355678	-0.219206	-0.0597837	0.0975782	0.232185	0.350891	0.460967	0.564047	0.657783	0.733224	0.786162	0.81554	0.815261	0.787099	0.735438	0.666958	0.599812	0.535845	0.475259	0.404352	0.309385	0.194135	0.0783643	-0.0119752	-0.059341	-0.0721709	-0.061177	-0.0302944	0.0121727	0.0642244	0.108566	0.132531	0.121348	0.064078	-0.0389324	-0.182184	-0.33862	-0.479704	-0.577018	-0.613866	-0.592147	-0.522902	-0.424411	-0.314806	-0.205863	-0.100349	0	
0	-0.128388	-0.255988	-0.381497	-0.500423	-0.596766	-0.64887	-0.641234	-0.579275	-0.482173	-0.369768	-0.245782	-0.0995056	0.0770978	0.271846	0.462427	0.625196	0.752715	0.835907	0.876757	0.863756	0.802632	0.705136	0.603153	0.525221	0.482213	0.48491	0.538742	0.650385	0.794524	0.932639	1.03088	1.0714	1.05541	0.983145	0.86389	0.730717	0.60392	0.490515	0.378651	0.266937	0.154078	0.0513004	-0.0382932	-0.118024	-0.197669	-0.282979	-0.381819	-0.471326	-0.539074	-0.573603	-0.568076	-0.520447	-0.423531	-0.27653	-0.100822	0.0803558	0.247017	0.392622	0.522468	0.634423	0.731776	0.808435	0.862709	0.890036	0.883374	0.850819	0.795517	0.729764	0.673041	0.625226	0.580448	0.517728	0.418146	0.295051	0.177249	0.0839028	0.032459	0.0171654	0.0330626	0.0721322	0.119289	0.166478	0.194824	0.201087	0.168698	0.0864651	-0.0453294	-0.216429	-0.392085	-0.545949	-0.648461	-0.685625	-0.662415	-0.58825	-0.480683	-0.359242	-0.236551	-0.114967	0	
0	-0.115092	-0.2351	-0.354918	-0.462375	-0.533685	-0.552034	-0.509668	-0.420109	-0.305523	-0.188325	-0.0718111	0.0596897	0.217775	0.391055	0.55948	0.704751	0.814954	0.876757	0.881945	0.829291	0.726547	0.596559	0.464552	0.363968	0.310572	0.318575	0.38741	0.513539	0.665252	0.810994	0.914165	0.956304	0.934228	0.855804	0.736321	0.610934	0.500432	0.406931	0.317166	0.227538	0.131887	0.0432837	-0.0344916	-0.105265	-0.175597	-0.250857	-0.338126	-0.421717	-0.492805	-0.538695	-0.551006	-0.520186	-0.437652	-0.301457	-0.127613	0.068885	0.258603	0.431033	0.575073	0.692539	0.791396	0.863255	0.905614	0.920917	0.901523	0.855897	0.797699	0.735885	0.693365	0.665963	0.642106	0.593977	0.508585	0.403268	0.295525	0.204834	0.154097	0.141655	0.165267	0.21205	0.25615	0.29426	0.313525	0.305619	0.254064	0.145943	-0.0131506	-0.205266	-0.3979	-0.563397	-0.672549	-0.711879	-0.686622	-0.607576	-0.491504	-0.363099	-0.236613	-0.11302	0	
0	-0.102828	-0.209605	-0.314057	-0.402031	-0.446285	-0.430576	-0.354675	-0.243733	-0.122933	-0.0102916	0.0949323	0.209043	0.34063	0.483713	0.625636	0.750175	0.837896	0.863756	0.829291	0.736856	0.607192	0.454282	0.305399	0.193265	0.138896	0.157122	0.240267	0.377982	0.536607	0.684181	0.790033	0.828429	0.800636	0.717475	0.598396	0.478371	0.37727	0.298054	0.230824	0.172445	0.111451	0.0544525	0.00382273	-0.0474982	-0.103137	-0.161959	-0.234595	-0.304842	-0.368351	-0.416216	-0.43743	-0.427489	-0.375606	-0.268772	-0.113211	0.0770998	0.273	0.450379	0.600696	0.723267	0.820444	0.881622	0.90964	0.907834	0.869968	0.813717	0.747997	0.690629	0.661783	0.651911	0.648469	0.629011	0.576672	0.501542	0.419453	0.340215	0.298932	0.297853	0.326756	0.369857	0.409241	0.445758	0.4589	0.439204	0.368577	0.242098	0.0654668	-0.145199	-0.349932	-0.525795	-0.642063	-0.682576	-0.657882	-0.577216	-0.459589	-0.334744	-0.214996	-0.100781	0	
0	-0.0918432	-0.180374	-0.258462	-0.317433	-0.331614	-0.285697	-0.183805	-0.0605927	0.0593992	0.163236	0.255531	0.348159	0.451635	0.564889	0.6782	0.772615	0.81963	0.802632	0.726547	0.607192	0.459049	0.300529	0.15224	0.044463	-0.00476085	0.0201023	0.111716	0.259517	0.421862	0.572072	0.675799	0.711917	0.679701	0.595747	0.479467	0.361885	0.263395	0.191313	0.143734	0.122706	0.108371	0.0995885	0.0910607	0.0724601	0.0414143	3.36979e-05	-0.0571648	-0.115056	-0.170278	-0.215171	-0.247841	-0.260984	-0.239563	-0.167759	-0.0471537	0.116617	0.288009	0.448676	0.584351	0.697411	0.788827	0.839896	0.85258	0.838938	0.794201	0.73027	0.669272	0.623587	0.60735	0.610844	0.626705	0.634579	0.615458	0.574395	0.517587	0.465371	0.450145	0.462596	0.495586	0.539958	0.579989	0.61432	0.621701	0.590115	0.506373	0.363418	0.169879	-0.0499958	-0.263188	-0.443236	-0.56007	-0.600092	-0.573789	-0.497684	-0.388461	-0.277485	-0.176756	-0.0805799	0	
0	-0.0791633	-0.146901	-0.194076	-0.218011	-0.200979	-0.131217	-0.014583	0.114256	0.231576	0.327167	0.401442	0.469731	0.547098	0.636522	0.71914	0.770059	0.767996	0.705136	0.596559	0.454282	0.300529	0.152099	0.0246102	-0.0668787	-0.108849	-0.0819952	0.0127234	0.163046	0.32848	0.478689	0.584434	0.619702	0.587402	0.506027	0.395188	0.279787	0.1817	0.114073	0.0868001	0.105115	0.143349	0.187483	0.227751	0.248272	0.244832	0.223806	0.180421	0.13252	0.0850103	0.0386781	-0.0047767	-0.040517	-0.0508423	-0.0139764	0.0681728	0.181269	0.301687	0.417205	0.520353	0.611785	0.685648	0.724611	0.732837	0.719732	0.678322	0.629094	0.585803	0.560562	0.560429	0.575339	0.605105	0.63088	0.628814	0.605058	0.579222	0.560989	0.575061	0.609705	0.655048	0.706877	0.750978	0.78476	0.785829	0.742262	0.644316	0.491916	0.289651	0.060752	-0.154291	-0.333948	-0.447865	-0.482403	-0.456923	-0.385341	-0.287544	-0.197219	-0.120129	-0.0519966	0	
0	-0.059254	-0.104228	-0.121004	-0.109385	-0.0614219	0.0260443	0.150472	0.281662	0.398991	0.485476	0.5396	0.581448	0.635676	0.701621	0.748108	0.752543	0.702757	0.603153	0.464552	0.305399	0.15224	0.0246102	-0.0750515	-0.145261	-0.175566	-0.144865	-0.0516103	0.097185	0.261766	0.415511	0.52471	0.56501	0.538076	0.46505	0.362837	0.250501	0.153795	0.0930675	0.0865888	0.141426	0.224091	0.31346	0.396542	0.454012	0.481174	0.482604	0.459214	0.427579	0.388413	0.339917	0.28076	0.221799	0.183223	0.178661	0.201118	0.247827	0.301827	0.35988	0.415791	0.473708	0.529613	0.56259	0.574384	0.573791	0.554138	0.526256	0.507627	0.5042	0.518627	0.548453	0.590711	0.622682	0.624505	0.613574	0.609037	0.619616	0.660804	0.715479	0.779288	0.845412	0.895753	0.925659	0.920513	0.87343	0.773531	0.615544	0.408185	0.179447	-0.0373408	-0.216743	-0.330805	-0.366814	-0.343106	-0.280746	-0.193967	-0.118192	-0.0630641	-0.0202177	0	
0	-0.0299126	-0.0486049	-0.0379469	0.00674137	0.0823586	0.186699	0.316875	0.451285	0.566745	0.644345	0.680008	0.698878	0.728118	0.763412	0.77175	0.736366	0.652969	0.525221	0.363968	0.193265	0.044463	-0.0668787	-0.145261	-0.194506	-0.206235	-0.164849	-0.0679959	0.0808035	0.247022	0.402846	0.517769	0.568398	0.554243	0.492701	0.397656	0.288432	0.195472	0.143886	0.153532	0.23	0.339971	0.460025	0.577432	0.67169	0.731881	0.763878	0.768474	0.756965	0.729039	0.677731	0.603215	0.51788	0.439596	0.378651	0.330317	0.293227	0.270411	0.268661	0.280168	0.308682	0.351465	0.3889	0.414439	0.432704	0.435906	0.432437	0.432	0.444879	0.476315	0.520346	0.57193	0.608334	0.615413	0.615455	0.628889	0.654238	0.703732	0.771156	0.848855	0.922678	0.975719	1.00953	1.01197	0.967054	0.86774	0.715702	0.511745	0.280955	0.0611442	-0.121376	-0.238086	-0.280027	-0.267756	-0.214322	-0.136682	-0.0715318	-0.0274292	-0.00237777	0	
0	0.0067912	0.0179354	0.0560372	0.128641	0.230559	0.352508	0.492328	0.626595	0.734191	0.800782	0.823839	0.824308	0.822936	0.820916	0.793354	0.730954	0.626883	0.482213	0.310572	0.138896	-0.00476085	-0.108849	-0.175566	-0.206235	-0.194155	-0.131312	-0.0179515	0.138259	0.305497	0.459558	0.578793	0.640528	0.635936	0.577966	0.486166	0.381813	0.299271	0.256948	0.272182	0.352462	0.472375	0.610817	0.757033	0.884939	0.981741	1.04943	1.08776	1.10109	1.08256	1.02408	0.93012	0.813613	0.686891	0.556863	0.425774	0.309852	0.221498	0.164935	0.133843	0.137275	0.172982	0.21786	0.261801	0.304072	0.33205	0.345957	0.358043	0.384209	0.428671	0.48732	0.548699	0.592136	0.611561	0.6237	0.639266	0.660124	0.707622	0.77738	0.856354	0.932313	0.99166	1.03011	1.03454	0.993385	0.900932	0.752534	0.549705	0.322003	0.107509	-0.0706456	-0.191722	-0.240466	-0.232158	-0.185169	-0.115071	-0.0590193	-0.0239887	-0.00222101	0	
0	0.0436013	0.0869526	0.1509	0.249492	0.373493	0.515986	0.664586	0.79324	0.884161	0.937437	0.954251	0.939962	0.910515	0.874669	0.822392	0.745059	0.631648	0.48491	0.318575	0.157122	0.0201023	-0.0819952	-0.144865	-0.164849	-0.131312	-0.040164	0.0968177	0.264451	0.432737	0.588386	0.71312	0.779952	0.772599	0.709128	0.615091	0.516997	0.441017	0.400494	0.409993	0.483089	0.604355	0.755348	0.922268	1.08162	1.21527	1.32054	1.39174	1.42083	1.40067	1.32834	1.21066	1.05879	0.883585	0.691638	0.494056	0.312288	0.165563	0.0609531	-0.00720563	-0.0283289	-0.000626615	0.0521386	0.111608	0.173838	0.227344	0.26275	0.292962	0.339712	0.402492	0.469031	0.532017	0.581393	0.606085	0.61419	0.617955	0.627981	0.662942	0.722036	0.796823	0.873679	0.939896	0.985645	0.995147	0.953134	0.853507	0.697932	0.495308	0.277557	0.0751952	-0.0931795	-0.205063	-0.246317	-0.233205	-0.185767	-0.121646	-0.0700434	-0.0347649	-0.0105938	0	
0	0.0792275	0.155101	0.248626	0.372545	0.520247	0.681034	0.835909	0.953705	1.02359	1.06342	1.07329	1.04986	1.00136	0.946014	0.879533	0.792434	0.677864	0.538742	0.38741	0.240267	0.111716	0.0127234	-0.0516103	-0.0679959	-0.0179515	0.0968177	0.255115	0.432594	0.610912	0.774813	0.9022	0.963425	0.945715	0.870974	0.770289	0.667776	0.58971	0.545185	0.547797	0.613003	0.730966	0.882809	1.05972	1.24017	1.40437	1.5429	1.6379	1.67399	1.64755	1.56115	1.42622	1.24856	1.03143	0.787472	0.538003	0.307266	0.117351	-0.0261851	-0.126915	-0.170918	-0.157678	-0.108926	-0.043418	0.0329805	0.105355	0.167213	0.231292	0.31001	0.390922	0.461111	0.519683	0.557089	0.567223	0.556227	0.541004	0.537511	0.561575	0.61359	0.682671	0.76072	0.830995	0.879117	0.891045	0.846374	0.739809	0.577252	0.372883	0.157651	-0.0380639	-0.193165	-0.286081	-0.307525	-0.28115	-0.225643	-0.153904	-0.0916771	-0.0450543	-0.0143801	0	
0	0.118056	0.232046	0.36006	0.516202	0.687962	0.863467	1.01877	1.1246	1.17755	1.20139	1.20246	1.17169	1.11877	1.05704	0.982217	0.888607	0.777017	0.650385	0.513539	0.377982	0.259517	0.163046	0.097185	0.0808035	0.138259	0.264451	0.432594	0.624533	0.81989	0.992979	1.11748	1.17122	1.14513	1.05801	0.939022	0.822389	0.734564	0.684294	0.680363	0.734909	0.842228	0.988318	1.16504	1.35641	1.54039	1.69679	1.80242	1.84021	1.81105	1.72378	1.5833	1.38649	1.14034	0.861511	0.574254	0.306117	0.0794294	-0.100162	-0.229138	-0.297594	-0.303595	-0.266769	-0.204809	-0.12534	-0.0352406	0.054541	0.149847	0.255956	0.35187	0.425091	0.476109	0.50003	0.486037	0.446547	0.410663	0.396415	0.411762	0.456631	0.524784	0.602588	0.675395	0.727308	0.739397	0.694814	0.586261	0.422199	0.217835	-0.00338228	-0.203973	-0.350766	-0.426187	-0.430093	-0.383585	-0.30479	-0.209483	-0.124915	-0.0629238	-0.0223465	0	
0	0.162759	0.318793	0.485957	0.675354	0.868412	1.04924	1.198	1.29539	1.33655	1.34715	1.33572	1.30267	1.25357	1.19191	1.11221	1.01517	0.910596	0.794524	0.665252	0.536607	0.421862	0.32848	0.261766	0.247022	0.305497	0.432737	0.610912	0.81989	1.03	1.20455	1.321	1.3663	1.32736	1.21961	1.07942	0.948526	0.850982	0.793206	0.778867	0.821242	0.918668	1.0565	1.22544	1.41337	1.59727	1.75618	1.86306	1.90249	1.8801	1.79998	1.66166	1.45969	1.19996	0.904722	0.600546	0.307656	0.0501735	-0.157822	-0.315609	-0.411613	-0.438736	-0.412901	-0.359087	-0.283322	-0.188865	-0.0835421	0.0329532	0.152697	0.256362	0.33099	0.377474	0.383675	0.349117	0.295347	0.249213	0.226493	0.231741	0.272849	0.342706	0.42543	0.500283	0.552217	0.564343	0.517134	0.409971	0.247424	0.0375106	-0.190272	-0.389675	-0.530754	-0.598987	-0.589465	-0.515382	-0.398279	-0.271582	-0.164862	-0.0870925	-0.0361184	0	
0	0.210711	0.409907	0.612867	0.827734	1.03004	1.20272	1.33782	1.42493	1.45877	1.45716	1.43706	1.40373	1.35968	1.29911	1.22033	1.13	1.03861	0.932639	0.810994	0.684181	0.572072	0.478689	0.415511	0.402846	0.459558	0.588386	0.774813	0.992979	1.20455	1.37033	1.47193	1.49408	1.43144	1.30685	1.15881	1.02417	0.918765	0.850462	0.825894	0.858384	0.94471	1.06767	1.21628	1.3858	1.55897	1.71181	1.81539	1.85868	1.84024	1.76439	1.63062	1.43278	1.18108	0.895421	0.592362	0.291884	0.0200275	-0.211708	-0.390758	-0.508225	-0.557511	-0.552931	-0.51271	-0.444255	-0.348584	-0.234906	-0.11502	0.00404313	0.108081	0.184084	0.224508	0.221932	0.181746	0.1249	0.0762667	0.0486662	0.0533955	0.0966253	0.166006	0.245758	0.319826	0.369365	0.372917	0.322898	0.211993	0.0420426	-0.167362	-0.384697	-0.566307	-0.692831	-0.749697	-0.721673	-0.622174	-0.484047	-0.340271	-0.213711	-0.117471	-0.0499384	0	
0	0.258726	0.498819	0.730033	0.955963	1.15275	1.30709	1.42168	1.4937	1.51716	1.50778	1.4843	1.45151	1.40711	1.3466	1.27611	1.20175	1.12568	1.03088	0.914165	0.790033	0.675799	0.584434	0.52471	0.517769	0.578793	0.71312	0.9022	1.11748	1.321	1.47193	1.54042	1.52198	1.43276	1.3037	1.1583	1.0235	0.91412	0.844015	0.817879	0.844138	0.914889	1.01355	1.13337	1.27659	1.4283	1.56457	1.65891	1.69811	1.68076	1.61143	1.49014	1.3137	1.08866	0.828252	0.543368	0.252839	-0.0202721	-0.256951	-0.451313	-0.591196	-0.660685	-0.673015	-0.651565	-0.597842	-0.509717	-0.402857	-0.28938	-0.177661	-0.0761415	-0.0053901	0.0286731	0.0252319	-0.00608564	-0.0478582	-0.0856773	-0.10509	-0.0958391	-0.0540352	0.0132686	0.0905849	0.155042	0.192608	0.186625	0.1279	0.0071364	-0.169445	-0.370383	-0.566743	-0.727391	-0.830107	-0.853946	-0.797031	-0.684005	-0.542755	-0.395221	-0.256347	-0.144119	-0.0627528	0	
0	0.303582	0.581174	0.83225	1.05749	1.23926	1.37279	1.46354	1.513	1.52073	1.50608	1.48389	1.4501	1.40124	1.34115	1.28392	1.22603	1.16242	1.0714	0.956304	0.828429	0.711917	0.619702	0.56501	0.568398	0.640528	0.779952	0.963425	1.17122	1.3663	1.49408	1.52198	1.46482	1.3611	1.2306	1.08239	0.947444	0.842379	0.779771	0.75561	0.775258	0.828333	0.904448	0.996086	1.10545	1.22082	1.32968	1.40572	1.44122	1.42849	1.37217	1.27562	1.13374	0.94774	0.725281	0.474293	0.210588	-0.0462167	-0.284058	-0.487753	-0.64447	-0.738579	-0.776412	-0.770969	-0.72774	-0.656758	-0.569139	-0.478645	-0.388232	-0.300443	-0.237528	-0.201275	-0.18747	-0.19241	-0.210962	-0.231701	-0.239565	-0.218252	-0.166887	-0.0977206	-0.0254274	0.0310846	0.0586851	0.0373654	-0.0379433	-0.172158	-0.347358	-0.534282	-0.71515	-0.855617	-0.930069	-0.921905	-0.845232	-0.725128	-0.576484	-0.422737	-0.282767	-0.168805	-0.0778211	0	
0	0.338449	0.643494	0.90647	1.12135	1.28703	1.39896	1.46552	1.48397	1.47094	1.44882	1.42759	1.39351	1.34332	1.29063	1.24774	1.20508	1.1473	1.05541	0.934228	0.800636	0.679701	0.587402	0.538076	0.554243	0.635936	0.772599	0.945715	1.14513	1.32736	1.43144	1.43276	1.3611	1.25157	1.11256	0.958488	0.824284	0.725788	0.665136	0.640116	0.654428	0.697418	0.757359	0.820647	0.884596	0.956093	1.03088	1.08783	1.11821	1.11106	1.0739	1.0103	0.91459	0.7796	0.608801	0.403837	0.181389	-0.0515664	-0.280726	-0.491723	-0.665132	-0.777541	-0.836725	-0.854082	-0.834869	-0.790799	-0.731419	-0.663219	-0.591441	-0.520437	-0.468144	-0.428998	-0.397365	-0.37839	-0.371278	-0.365755	-0.349026	-0.307202	-0.247677	-0.174517	-0.097531	-0.0436219	-0.0236062	-0.0582612	-0.148123	-0.28935	-0.463599	-0.64339	-0.812631	-0.934581	-0.986916	-0.968222	-0.888567	-0.759051	-0.598966	-0.437666	-0.297745	-0.184636	-0.0860253	0	
0	0.355051	0.673445	0.935351	1.13823	1.28452	1.37805	1.41542	1.40184	1.36188	1.32622	1.29989	1.26721	1.22626	1.18737	1.15989	1.12935	1.07716	0.983145	0.855804	0.717475	0.595747	0.506027	0.46505	0.492701	0.577966	0.709128	0.870974	1.05801	1.21961	1.30685	1.3037	1.2306	1.11256	0.964659	0.805348	0.670667	0.568097	0.508139	0.486653	0.504886	0.544843	0.590393	0.619314	0.638497	0.664387	0.703035	0.733907	0.751187	0.748349	0.735132	0.717168	0.677298	0.599005	0.481711	0.331867	0.158233	-0.0382603	-0.245215	-0.447553	-0.62799	-0.764705	-0.855246	-0.90495	-0.918661	-0.908113	-0.87079	-0.815047	-0.75487	-0.694555	-0.651483	-0.612911	-0.573238	-0.544119	-0.518266	-0.483913	-0.437248	-0.369388	-0.289239	-0.202132	-0.124507	-0.076832	-0.0652685	-0.110263	-0.206483	-0.348285	-0.519766	-0.701892	-0.868401	-0.97829	-1.0245	-1.00264	-0.913871	-0.770751	-0.600282	-0.434823	-0.287757	-0.167561	-0.0740679	0	
0	0.351882	0.66415	0.917671	1.10257	1.23282	1.30219	1.31392	1.26907	1.20355	1.14595	1.10662	1.07795	1.05241	1.03157	1.0164	0.997896	0.954667	0.86389	0.736321	0.598396	0.479467	0.395188	0.362837	0.397656	0.486166	0.615091	0.770289	0.939022	1.07942	1.15881	1.1583	1.08239	0.958488	0.805348	0.641838	0.492932	0.386178	0.329733	0.314348	0.335584	0.370673	0.399363	0.40508	0.39177	0.382958	0.385583	0.382707	0.380629	0.377732	0.390626	0.415846	0.426579	0.400627	0.344376	0.25851	0.149488	0.00679181	-0.165077	-0.354184	-0.540572	-0.698426	-0.824076	-0.912182	-0.961663	-0.982055	-0.963522	-0.917556	-0.868439	-0.821459	-0.780448	-0.737005	-0.696216	-0.662142	-0.622083	-0.567831	-0.500717	-0.407332	-0.303476	-0.201495	-0.113026	-0.0651268	-0.0643372	-0.121252	-0.226791	-0.374789	-0.554042	-0.739088	-0.899444	-1.00534	-1.04761	-1.01431	-0.904001	-0.744782	-0.572185	-0.40127	-0.250761	-0.137316	-0.0552402	0	
0	0.329533	0.622097	0.855052	1.02249	1.12948	1.17661	1.16414	1.10061	1.01448	0.93421	0.880002	0.855405	0.847834	0.844126	0.840962	0.83746	0.808333	0.730717	0.610934	0.478371	0.361885	0.279787	0.250501	0.288432	0.381813	0.516997	0.667776	0.822389	0.948526	1.02417	1.0235	0.947444	0.824284	0.670667	0.492932	0.332063	0.22319	0.166058	0.146425	0.15976	0.183598	0.199289	0.190831	0.160464	0.127261	0.0999682	0.0731741	0.0526549	0.0526706	0.0869291	0.14231	0.186501	0.205782	0.204622	0.185773	0.146706	0.0644714	-0.0609629	-0.22339	-0.402662	-0.573791	-0.72664	-0.853413	-0.94469	-0.996629	-0.999487	-0.97108	-0.935517	-0.89442	-0.855736	-0.81493	-0.770808	-0.730564	-0.678271	-0.607834	-0.526913	-0.421307	-0.304631	-0.187008	-0.0901414	-0.0381177	-0.0372148	-0.101212	-0.216654	-0.377656	-0.567408	-0.753979	-0.909358	-1.01166	-1.0462	-0.994705	-0.870689	-0.708577	-0.5291	-0.352802	-0.2125	-0.115369	-0.0464897	0	
0	0.297592	0.560959	0.770928	0.915354	0.999338	1.02372	0.998163	0.92776	0.831483	0.735646	0.668427	0.645162	0.648103	0.656745	0.665419	0.675525	0.663582	0.60392	0.500432	0.37727	0.263395	0.1817	0.153795	0.195472	0.299271	0.441017	0.58971	0.734564	0.850982	0.918765	0.91412	0.842379	0.725788	0.568097	0.386178	0.22319	0.11287	0.0467398	0.0128081	0.012108	0.0168286	0.0109387	-0.012126	-0.0554724	-0.101331	-0.136779	-0.175735	-0.199547	-0.187526	-0.135145	-0.062323	0.00527485	0.054864	0.0951995	0.129143	0.146913	0.123943	0.0525581	-0.0695483	-0.226658	-0.396578	-0.571481	-0.734141	-0.861444	-0.947336	-0.980432	-0.978031	-0.96287	-0.9354	-0.898785	-0.853522	-0.805444	-0.752936	-0.685434	-0.607616	-0.522995	-0.412508	-0.289628	-0.169897	-0.0702526	-0.0162955	-0.0146729	-0.0735458	-0.193715	-0.361038	-0.551595	-0.740106	-0.891833	-0.985782	-1.00989	-0.952269	-0.830405	-0.674308	-0.498517	-0.326313	-0.198016	-0.1092	-0.0413738	0	
0	0.258278	0.487481	0.667917	0.785864	0.843232	0.849959	0.819385	0.751416	0.656346	0.557263	0.486351	0.461331	0.468244	0.487808	0.507953	0.530182	0.530502	0.490515	0.406931	0.298054	0.191313	0.114073	0.0930675	0.143886	0.256948	0.400494	0.545185	0.684294	0.793206	0.850462	0.844015	0.779771	0.665136	0.508139	0.329733	0.166058	0.0467398	-0.0345732	-0.07965	-0.0994751	-0.120847	-0.151035	-0.190154	-0.239361	-0.283275	-0.324883	-0.367516	-0.38659	-0.358848	-0.287851	-0.196584	-0.111103	-0.038337	0.0318406	0.102949	0.165643	0.192118	0.16759	0.0833272	-0.044765	-0.203123	-0.387347	-0.571025	-0.722991	-0.833795	-0.899328	-0.931435	-0.939973	-0.927058	-0.898876	-0.856443	-0.799166	-0.735367	-0.665325	-0.590294	-0.508993	-0.401194	-0.281376	-0.162687	-0.0604637	-0.00034896	0.00760414	-0.0474051	-0.165392	-0.329234	-0.513544	-0.697696	-0.852432	-0.945818	-0.965395	-0.913317	-0.796353	-0.642316	-0.47639	-0.315279	-0.190636	-0.100454	-0.0349343	0	
0	0.212962	0.401945	0.547302	0.634657	0.665847	0.659848	0.627436	0.565795	0.47845	0.390861	0.326039	0.301107	0.310551	0.340491	0.371949	0.398047	0.404033	0.378651	0.317166	0.230824	0.143734	0.0868001	0.0865888	0.153532	0.272182	0.409993	0.547797	0.680363	0.778867	0.825894	0.817879	0.75561	0.640116	0.486653	0.314348	0.146425	0.0128081	-0.07965	-0.141659	-0.186992	-0.234535	-0.287863	-0.336187	-0.379389	-0.421246	-0.464624	-0.504366	-0.512855	-0.470792	-0.389612	-0.288183	-0.189165	-0.0955308	0.00363489	0.109565	0.207019	0.271693	0.281471	0.224028	0.11425	-0.0347532	-0.213422	-0.397556	-0.555342	-0.677431	-0.765552	-0.822893	-0.849617	-0.853959	-0.840911	-0.804765	-0.750724	-0.694161	-0.637066	-0.574898	-0.501547	-0.401815	-0.281412	-0.154965	-0.0458095	0.0184894	0.0249607	-0.0312417	-0.149977	-0.309928	-0.485089	-0.661948	-0.809448	-0.896381	-0.917154	-0.872739	-0.762022	-0.611885	-0.452322	-0.300811	-0.180118	-0.0921651	-0.0340742	0	
0	0.165318	0.311048	0.419618	0.478526	0.489971	0.475257	0.441947	0.384682	0.310295	0.242143	0.193122	0.172904	0.186959	0.225205	0.260684	0.281619	0.283942	0.266937	0.227538	0.172445	0.122706	0.105115	0.141426	0.23	0.352462	0.483089	0.613003	0.734909	0.821242	0.858384	0.844138	0.775258	0.654428	0.504886	0.335584	0.15976	0.012108	-0.0994751	-0.186992	-0.258023	-0.326339	-0.390361	-0.436144	-0.468447	-0.503579	-0.541563	-0.571111	-0.572396	-0.530064	-0.446958	-0.342024	-0.232443	-0.114975	0.0113025	0.139824	0.257274	0.340436	0.364177	0.325252	0.236941	0.104027	-0.0641271	-0.23782	-0.387165	-0.508233	-0.604761	-0.669347	-0.703697	-0.725173	-0.729358	-0.709228	-0.675115	-0.639189	-0.603194	-0.556499	-0.487801	-0.388649	-0.265501	-0.14057	-0.0372224	0.024161	0.0260297	-0.0363448	-0.15561	-0.31053	-0.481179	-0.647908	-0.779781	-0.856257	-0.872337	-0.826063	-0.717452	-0.574585	-0.423124	-0.27749	-0.164643	-0.0862051	-0.0330651	0	
0	0.1182	0.219467	0.293632	0.330423	0.331267	0.310989	0.277201	0.225821	0.167773	0.123572	0.0951217	0.0861292	0.105239	0.143935	0.172136	0.178575	0.17033	0.154078	0.131887	0.111451	0.108371	0.143349	0.224091	0.339971	0.472375	0.604355	0.730966	0.842228	0.918668	0.94471	0.914889	0.828333	0.697418	0.544843	0.370673	0.183598	0.0168286	-0.120847	-0.234535	-0.326339	-0.40262	-0.464124	-0.496927	-0.514176	-0.536253	-0.55967	-0.578292	-0.580139	-0.540182	-0.459096	-0.352461	-0.228193	-0.0942782	0.0420163	0.177699	0.297885	0.383188	0.417646	0.393616	0.322137	0.213706	0.0758307	-0.0749346	-0.213556	-0.328739	-0.42534	-0.497801	-0.5444	-0.582978	-0.607978	-0.606981	-0.591482	-0.575613	-0.556415	-0.513834	-0.445216	-0.353172	-0.238289	-0.120849	-0.0287885	0.0149318	0.00277293	-0.0671401	-0.186884	-0.333827	-0.496425	-0.6538	-0.771039	-0.833386	-0.839771	-0.78115	-0.664748	-0.527951	-0.384767	-0.245819	-0.141735	-0.07263	-0.027209	0	
0	0.071515	0.12869	0.168326	0.189451	0.181872	0.158333	0.125073	0.0864645	0.048485	0.0272637	0.0198398	0.0237834	0.0459171	0.0760922	0.0910334	0.0838958	0.0678754	0.0513004	0.0432837	0.0544525	0.0995885	0.187483	0.31346	0.460025	0.610817	0.755348	0.882809	0.988318	1.0565	1.06767	1.01355	0.904448	0.757359	0.590393	0.399363	0.199289	0.0109387	-0.151035	-0.287863	-0.390361	-0.464124	-0.511206	-0.529465	-0.530197	-0.533027	-0.540231	-0.55115	-0.546573	-0.505036	-0.428258	-0.322248	-0.197427	-0.0649244	0.0673012	0.19903	0.311613	0.394622	0.437978	0.432818	0.387283	0.30975	0.203401	0.082308	-0.0350327	-0.141977	-0.239025	-0.320944	-0.38971	-0.451415	-0.493537	-0.506429	-0.504132	-0.497246	-0.479206	-0.441707	-0.38258	-0.299157	-0.19729	-0.0990744	-0.0315603	-0.0127484	-0.044274	-0.124043	-0.245576	-0.390368	-0.538337	-0.673965	-0.773115	-0.817817	-0.808632	-0.738173	-0.615668	-0.476192	-0.335208	-0.204325	-0.107384	-0.0480951	-0.0153815	0	
