0	0	0	0	0	0	0	0	0	0	0	0	0	0	0	0	0	0	0	0	0	0	0	0	0	0	0	0	0	0	0	0	0	0	0	0	0	0	0	0	0	0	0	0	0	0	0	0	0	0	0	0	0	0	0	0	0	0	0	0	0	0	0	0	0	0	0	0	0	0	0	0	0	0	0	0	0	0	0	0	0	0	0	0	0	0	0	0	0	0	0	0	0	0	0	0	0	0	0	0	
0	0.0105851	0.016294	0.0153446	0.0161741	0.0192583	0.0264241	0.0320071	0.0354691	0.0376305	0.0369444	0.0342062	0.0275314	0.0218756	0.0172681	0.0170699	0.0196702	0.0262991	0.031952	0.0337207	0.0322476	0.0309075	0.0298873	0.0245155	0.0124895	-0.00292171	-0.0181814	-0.0337805	-0.0455604	-0.0511608	-0.0472534	-0.0347203	-0.0156149	0.00712378	0.0319823	0.0536042	0.0721681	0.0832924	0.0903092	0.0953167	0.0998977	0.101347	0.101858	0.101924	0.103852	0.104364	0.112544	0.123518	0.130402	0.131008	0.125715	0.110816	0.0900193	0.0641802	0.0342017	0.00263421	-0.0266463	-0.0543542	-0.0802436	-0.105414	-0.128304	-0.144115	-0.153042	-0.157727	-0.160276	-0.162199	-0.166747	-0.16569	-0.163117	-0.162828	-0.160184	-0.15797	-0.157994	-0.155358	-0.149912	-0.144786	-0.137117	-0.128368	-0.116717	-0.0984148	-0.0761326	-0.0532966	-0.0285526	-0.000638828	0.0274234	0.0518008	0.0712728	0.0872978	0.0978598	0.101883	0.0997765	0.0944501	0.0861368	0.0726083	0.0609223	0.0489284	0.0342757	0.0233579	0.0124426	0	
0	0.016294	0.0218832	0.0166185	0.0128187	0.0159194	0.02649	0.034849	0.0403997	0.0431505	0.0420165	0.0371798	0.0256989	0.0167926	0.0117581	0.0138606	0.0248442	0.0401249	0.0559427	0.0621175	0.0603362	0.0596561	0.0562261	0.044742	0.0190236	-0.0144387	-0.0476044	-0.0808824	-0.107631	-0.120861	-0.115337	-0.0923741	-0.0561255	-0.0105743	0.038259	0.0822308	0.121481	0.14475	0.158984	0.171672	0.178895	0.181834	0.183762	0.184665	0.186889	0.191419	0.206748	0.228256	0.242895	0.247682	0.2379	0.209009	0.167022	0.116689	0.060076	-0.000335534	-0.0588934	-0.112013	-0.159205	-0.205183	-0.248286	-0.277798	-0.291551	-0.299736	-0.302577	-0.307076	-0.315302	-0.313571	-0.310335	-0.309474	-0.307185	-0.303307	-0.305882	-0.303516	-0.294527	-0.288875	-0.276462	-0.263436	-0.243795	-0.208851	-0.16696	-0.122815	-0.0734028	-0.01465	0.0452693	0.0960272	0.136836	0.172344	0.198732	0.209183	0.205411	0.196059	0.179327	0.153459	0.129881	0.101715	0.0717396	0.0491408	0.0234231	0	
0	0.0153446	0.0166185	0.000178349	-0.0108891	-0.0130161	-0.00180635	0.00751488	0.0132098	0.0171591	0.015599	0.0101707	-0.00397071	-0.0128861	-0.0165217	-0.00607507	0.0134104	0.0438719	0.0711182	0.0854658	0.0881971	0.0885428	0.0866016	0.0692123	0.029648	-0.0224799	-0.0762365	-0.131346	-0.175893	-0.201671	-0.198441	-0.168462	-0.116947	-0.0520753	0.0204248	0.0860344	0.143773	0.180498	0.20526	0.224047	0.240353	0.247732	0.2515	0.253566	0.260181	0.263466	0.287813	0.320257	0.3412	0.343925	0.328857	0.286086	0.226199	0.152989	0.0694999	-0.0170817	-0.0959569	-0.167992	-0.233889	-0.297586	-0.355495	-0.394125	-0.413841	-0.423236	-0.427592	-0.432459	-0.445462	-0.444312	-0.439732	-0.441872	-0.438924	-0.437496	-0.443434	-0.442516	-0.434257	-0.427281	-0.413298	-0.396613	-0.371202	-0.325659	-0.26672	-0.203959	-0.13291	-0.0490985	0.038692	0.118779	0.186496	0.245477	0.289175	0.312185	0.315372	0.306649	0.285676	0.247477	0.211438	0.171442	0.123021	0.0840139	0.0440397	0	
0	0.0161741	0.0128187	-0.0108891	-0.0304879	-0.0359628	-0.025185	-0.0159313	-0.0102102	-0.00749712	-0.0104499	-0.0183426	-0.0359228	-0.0462653	-0.0462331	-0.0302659	0.00305091	0.0455292	0.088234	0.111981	0.119389	0.124749	0.122879	0.101651	0.049944	-0.0204256	-0.0935272	-0.16885	-0.232471	-0.271188	-0.273708	-0.241121	-0.180841	-0.100285	-0.00983695	0.0745625	0.152096	0.203338	0.239131	0.272175	0.297514	0.314043	0.326311	0.33493	0.343138	0.351596	0.377734	0.412978	0.433862	0.434243	0.407296	0.347048	0.265627	0.17178	0.0707118	-0.0332045	-0.130324	-0.217516	-0.294593	-0.371861	-0.446671	-0.499929	-0.526612	-0.542604	-0.549769	-0.559455	-0.575854	-0.574114	-0.569087	-0.569406	-0.567868	-0.565484	-0.574878	-0.5756	-0.564425	-0.557276	-0.538102	-0.517463	-0.485423	-0.426799	-0.355886	-0.281315	-0.196444	-0.09289	0.0168791	0.115432	0.201946	0.283696	0.351852	0.394445	0.411311	0.413967	0.398733	0.36065	0.319229	0.263116	0.195763	0.135977	0.0681728	0	
0	0.0192583	0.0159194	-0.0130161	-0.0359628	-0.0428639	-0.0296656	-0.0175432	-0.0103642	-0.00658965	-0.0105611	-0.0207881	-0.0425424	-0.054476	-0.0549979	-0.0320967	0.00715868	0.0626783	0.114791	0.14669	0.159715	0.167224	0.168661	0.144102	0.0823252	-0.00275507	-0.0941128	-0.188181	-0.268787	-0.321115	-0.329071	-0.295461	-0.226767	-0.133437	-0.02666	0.0755309	0.169441	0.235714	0.286933	0.332852	0.375123	0.405363	0.426752	0.441004	0.454033	0.457016	0.482346	0.51432	0.526105	0.509391	0.466284	0.386537	0.287134	0.177154	0.0607579	-0.0546485	-0.157349	-0.249001	-0.33607	-0.427415	-0.518405	-0.58687	-0.628782	-0.656241	-0.673195	-0.689596	-0.712834	-0.7136	-0.707297	-0.70872	-0.705122	-0.703296	-0.71247	-0.710258	-0.694598	-0.677396	-0.6477	-0.614625	-0.570784	-0.501216	-0.417208	-0.33459	-0.245134	-0.137673	-0.0217256	0.0885172	0.18886	0.287711	0.37614	0.441211	0.481948	0.506072	0.506242	0.473913	0.43217	0.369233	0.282533	0.19825	0.103772	0	
0	0.0264241	0.02649	-0.00180635	-0.025185	-0.0296656	-0.012101	0.00449571	0.0150028	0.019893	0.0152362	0.00169071	-0.0240631	-0.0399843	-0.0393251	-0.0148212	0.032622	0.0938493	0.154571	0.190205	0.204186	0.211761	0.210107	0.179731	0.106369	0.00459788	-0.103065	-0.214118	-0.308674	-0.369729	-0.38078	-0.34206	-0.262642	-0.153516	-0.0268319	0.0955106	0.21024	0.295125	0.361507	0.423407	0.478511	0.519184	0.54694	0.562738	0.568654	0.564179	0.575389	0.593606	0.591354	0.560899	0.498035	0.400611	0.286313	0.165673	0.0456127	-0.0709137	-0.175076	-0.270471	-0.360348	-0.460271	-0.566943	-0.654545	-0.712951	-0.755346	-0.785606	-0.81537	-0.849123	-0.856398	-0.853728	-0.855282	-0.851933	-0.846977	-0.852936	-0.84438	-0.817513	-0.788597	-0.743344	-0.695856	-0.637304	-0.552176	-0.459082	-0.37127	-0.279226	-0.169994	-0.0527002	0.0560761	0.159223	0.268095	0.37166	0.456757	0.518218	0.561603	0.579612	0.561324	0.525159	0.456918	0.357577	0.253363	0.131758	0	
0	0.0320071	0.034849	0.00751488	-0.0159313	-0.0175432	0.00449571	0.0268901	0.0420996	0.0500448	0.0462504	0.0315892	0.00305754	-0.0135343	-0.0126371	0.0171167	0.0685896	0.136812	0.200812	0.238306	0.250306	0.252393	0.244484	0.202972	0.114237	-0.00517525	-0.133161	-0.259297	-0.36649	-0.433551	-0.441291	-0.392247	-0.294793	-0.160037	-0.00725708	0.144757	0.286025	0.39366	0.478021	0.552376	0.614201	0.655387	0.674915	0.675938	0.662894	0.634078	0.62462	0.623559	0.603666	0.55635	0.483939	0.37879	0.258835	0.137069	0.016892	-0.0981112	-0.199909	-0.290027	-0.381002	-0.486964	-0.602857	-0.701098	-0.770808	-0.826231	-0.869632	-0.914288	-0.962446	-0.982729	-0.989053	-0.995304	-0.992328	-0.984627	-0.983403	-0.96496	-0.926759	-0.882369	-0.82326	-0.762459	-0.692656	-0.598053	-0.493069	-0.398782	-0.305272	-0.195946	-0.0793607	0.0304212	0.132585	0.241253	0.349359	0.439487	0.510594	0.568856	0.598967	0.590326	0.561581	0.495303	0.391744	0.279406	0.147139	0	
0	0.0354691	0.0403997	0.0132098	-0.0102102	-0.0103642	0.0150028	0.0420996	0.061467	0.0715435	0.0687468	0.0516485	0.0223195	0.00399233	0.00811145	0.0417605	0.0996011	0.172177	0.240261	0.277651	0.287379	0.282951	0.265627	0.211778	0.106902	-0.0327098	-0.178351	-0.321541	-0.438045	-0.507237	-0.509297	-0.443794	-0.320309	-0.155728	0.0342258	0.221469	0.393983	0.527902	0.629661	0.709738	0.770425	0.799757	0.796607	0.766852	0.71681	0.65229	0.608217	0.582799	0.549857	0.497052	0.419119	0.314912	0.200217	0.0828846	-0.0315347	-0.141143	-0.237199	-0.326438	-0.414929	-0.518495	-0.634486	-0.735768	-0.811107	-0.870151	-0.922563	-0.979849	-1.04213	-1.07782	-1.09446	-1.10641	-1.10364	-1.09135	-1.0808	-1.05056	-1.00082	-0.945046	-0.877108	-0.810151	-0.735029	-0.635967	-0.529159	-0.430696	-0.33197	-0.221026	-0.104568	0.00121049	0.0982894	0.20039	0.299209	0.38588	0.456002	0.510364	0.543382	0.544461	0.52439	0.469039	0.375766	0.269629	0.143689	0	
0	0.0376305	0.0431505	0.0171591	-0.00749712	-0.00658965	0.019893	0.0500448	0.0715435	0.0821942	0.0771886	0.0569398	0.023915	0.00420219	0.0101071	0.0480115	0.111584	0.189204	0.26027	0.300227	0.30838	0.299416	0.27468	0.209776	0.0918443	-0.0617143	-0.223935	-0.375126	-0.497229	-0.563811	-0.55507	-0.471377	-0.323797	-0.125151	0.0969326	0.319916	0.523226	0.681635	0.795367	0.878412	0.925803	0.931252	0.893525	0.822599	0.726739	0.62124	0.542867	0.491293	0.442537	0.383777	0.310516	0.214574	0.106071	-0.00282779	-0.109116	-0.211482	-0.303355	-0.382974	-0.46301	-0.560163	-0.670528	-0.768138	-0.838583	-0.897467	-0.9518	-1.01579	-1.08504	-1.12945	-1.15397	-1.16646	-1.16244	-1.1451	-1.12463	-1.0859	-1.02817	-0.964293	-0.893156	-0.826211	-0.754345	-0.65991	-0.554897	-0.460194	-0.367205	-0.260344	-0.149488	-0.0513442	0.0336678	0.120155	0.204815	0.273853	0.330977	0.383848	0.417992	0.426324	0.419603	0.379525	0.306092	0.222054	0.119362	0	
0	0.0369444	0.0420165	0.015599	-0.0104499	-0.0105611	0.0152362	0.0462504	0.0687468	0.0771886	0.0698402	0.0429525	0.00686094	-0.0162693	-0.00947981	0.0321645	0.099419	0.181198	0.255307	0.297851	0.308783	0.299327	0.271922	0.203656	0.0809186	-0.0798365	-0.247281	-0.40328	-0.523535	-0.583327	-0.563216	-0.461721	-0.28824	-0.0642872	0.188176	0.437496	0.659262	0.829214	0.945646	1.01524	1.04346	1.0209	0.946634	0.83294	0.694346	0.549805	0.436879	0.363315	0.306194	0.245273	0.169161	0.0753581	-0.0261832	-0.128129	-0.226693	-0.31812	-0.393748	-0.458751	-0.524517	-0.605294	-0.701079	-0.788293	-0.855034	-0.906584	-0.957398	-1.01869	-1.08447	-1.13006	-1.15192	-1.16188	-1.15431	-1.13473	-1.10986	-1.06698	-1.00818	-0.9409	-0.870043	-0.805593	-0.739023	-0.656552	-0.568136	-0.488737	-0.4117	-0.326582	-0.236721	-0.156452	-0.0881836	-0.019509	0.0465562	0.104104	0.153165	0.193379	0.223725	0.241468	0.247911	0.232651	0.192304	0.142074	0.0795542	0	
0	0.0342062	0.0371798	0.0101707	-0.0183426	-0.0207881	0.00169071	0.0315892	0.0516485	0.0569398	0.0429525	0.00944124	-0.0318068	-0.0582842	-0.0488994	-0.00406141	0.0705608	0.157648	0.237037	0.286501	0.302539	0.296368	0.26946	0.199652	0.0766931	-0.0844238	-0.253341	-0.404086	-0.516784	-0.56403	-0.529193	-0.410345	-0.220018	0.0239128	0.291494	0.553623	0.781057	0.950965	1.05427	1.10441	1.10156	1.04316	0.931756	0.7829	0.60974	0.441814	0.309902	0.221354	0.154121	0.0882327	0.0112216	-0.0818435	-0.184501	-0.28343	-0.371593	-0.446495	-0.503293	-0.543517	-0.582565	-0.639937	-0.716848	-0.791794	-0.847084	-0.889265	-0.931299	-0.983087	-1.03676	-1.07236	-1.08743	-1.08858	-1.07781	-1.05897	-1.03389	-0.996358	-0.943015	-0.879864	-0.816023	-0.760253	-0.706817	-0.642993	-0.578346	-0.527374	-0.482043	-0.427702	-0.367123	-0.313147	-0.265828	-0.215249	-0.163985	-0.121533	-0.0837988	-0.0464978	-0.0163966	0.00699138	0.0270128	0.0350019	0.0308629	0.0265381	0.0188574	0	
0	0.0275314	0.0256989	-0.00397071	-0.0359228	-0.0425424	-0.0240631	0.00305754	0.0223195	0.023915	0.00686094	-0.0318068	-0.0743519	-0.0997596	-0.086412	-0.0334057	0.0481553	0.143105	0.228073	0.285089	0.308534	0.308155	0.282989	0.215903	0.0953143	-0.0626066	-0.229037	-0.374777	-0.479165	-0.515051	-0.468289	-0.336581	-0.131561	0.124063	0.400492	0.665203	0.884692	1.03795	1.11756	1.13354	1.09467	1.00178	0.85943	0.680817	0.485239	0.301429	0.156817	0.0617251	-0.00498268	-0.0702764	-0.150567	-0.245853	-0.347353	-0.439685	-0.518014	-0.575128	-0.606939	-0.618754	-0.631386	-0.661097	-0.711397	-0.765039	-0.805569	-0.831696	-0.858828	-0.895508	-0.933355	-0.959975	-0.967127	-0.963146	-0.951337	-0.936845	-0.917135	-0.888812	-0.849156	-0.79781	-0.749101	-0.709552	-0.674764	-0.638143	-0.605345	-0.586165	-0.575215	-0.559491	-0.535017	-0.508248	-0.482291	-0.450378	-0.412323	-0.377673	-0.346575	-0.319914	-0.29634	-0.267948	-0.236216	-0.201043	-0.160556	-0.111181	-0.0535326	0	
0	0.0218756	0.0167926	-0.0128861	-0.0462653	-0.054476	-0.0399843	-0.0135343	0.00399233	0.00420219	-0.0162693	-0.0582842	-0.0997596	-0.123344	-0.101455	-0.0405565	0.0527188	0.156147	0.249185	0.314872	0.346299	0.350852	0.32615	0.257042	0.137617	-0.0204653	-0.184655	-0.326294	-0.422148	-0.446837	-0.390288	-0.250285	-0.0386874	0.217791	0.491893	0.747029	0.949004	1.08072	1.13123	1.11347	1.03815	0.910751	0.739577	0.539148	0.326451	0.137123	-0.0112124	-0.108086	-0.173446	-0.232784	-0.304804	-0.3899	-0.479262	-0.559511	-0.621442	-0.659739	-0.670873	-0.662091	-0.652053	-0.656694	-0.682535	-0.713336	-0.733113	-0.737542	-0.747192	-0.768417	-0.792999	-0.813413	-0.818677	-0.813284	-0.803152	-0.793685	-0.779068	-0.763134	-0.740419	-0.709955	-0.687055	-0.674319	-0.667924	-0.661007	-0.660046	-0.669556	-0.685454	-0.698995	-0.703703	-0.704468	-0.702549	-0.693102	-0.676619	-0.659285	-0.639633	-0.619481	-0.595527	-0.559087	-0.512298	-0.447117	-0.360843	-0.255176	-0.129336	0	
0	0.0172681	0.0117581	-0.0165217	-0.0462331	-0.0549979	-0.0393251	-0.0126371	0.00811145	0.0101071	-0.00947981	-0.0488994	-0.086412	-0.101455	-0.0709044	0.00182609	0.10454	0.216859	0.314224	0.386166	0.421946	0.42944	0.401603	0.330343	0.208561	0.0533672	-0.111514	-0.248986	-0.339698	-0.358384	-0.298181	-0.156817	0.050272	0.30123	0.562399	0.799364	0.977563	1.08062	1.09963	1.0501	0.943521	0.789502	0.601144	0.38451	0.16104	-0.0354855	-0.187843	-0.28523	-0.343362	-0.388951	-0.44178	-0.50329	-0.570158	-0.625261	-0.66683	-0.686329	-0.683854	-0.661984	-0.639696	-0.629964	-0.63486	-0.644733	-0.642772	-0.626926	-0.618461	-0.623563	-0.637484	-0.654504	-0.662536	-0.660889	-0.656379	-0.655853	-0.650467	-0.649769	-0.648451	-0.642467	-0.648667	-0.664715	-0.684161	-0.704239	-0.726482	-0.753339	-0.787078	-0.820294	-0.850459	-0.879025	-0.905188	-0.927391	-0.938374	-0.943139	-0.939626	-0.925252	-0.898117	-0.847911	-0.776464	-0.675423	-0.541444	-0.381564	-0.196069	0	
0	0.0170699	0.0138606	-0.00607507	-0.0302659	-0.0320967	-0.0148212	0.0171167	0.0417605	0.0480115	0.0321645	-0.00406141	-0.0334057	-0.0405565	0.00182609	0.084401	0.198637	0.317578	0.420307	0.495817	0.53507	0.543277	0.510602	0.432496	0.309271	0.151166	-0.0109077	-0.147862	-0.234638	-0.249203	-0.190249	-0.0576255	0.138743	0.367183	0.60468	0.813323	0.959357	1.03208	1.02495	0.949968	0.820912	0.651009	0.450977	0.225394	-0.00593141	-0.203784	-0.358042	-0.45384	-0.501536	-0.525325	-0.550428	-0.582742	-0.614857	-0.641691	-0.661222	-0.666027	-0.651354	-0.623395	-0.598346	-0.580105	-0.574802	-0.571334	-0.559293	-0.530344	-0.508668	-0.500825	-0.502032	-0.513488	-0.520379	-0.522009	-0.525452	-0.536355	-0.545888	-0.564656	-0.585277	-0.604609	-0.635463	-0.672533	-0.710951	-0.747761	-0.786678	-0.823763	-0.864262	-0.913061	-0.963604	-1.01535	-1.07193	-1.12851	-1.17388	-1.20609	-1.2193	-1.21241	-1.17619	-1.10293	-1.00306	-0.86276	-0.681722	-0.476983	-0.246009	0	
0	0.0196702	0.0248442	0.0134104	0.00305091	0.00715868	0.032622	0.0685896	0.0996011	0.111584	0.099419	0.0705608	0.0481553	0.0527188	0.10454	0.198637	0.321211	0.447895	0.553053	0.631551	0.672807	0.68096	0.643046	0.5602	0.432214	0.277633	0.11497	-0.020318	-0.105694	-0.123757	-0.0745876	0.0415894	0.209144	0.407497	0.609931	0.781227	0.895083	0.939616	0.909829	0.819712	0.679645	0.499963	0.298591	0.070472	-0.160357	-0.357867	-0.505772	-0.591408	-0.623453	-0.624222	-0.618292	-0.615935	-0.621976	-0.626457	-0.630071	-0.621837	-0.601701	-0.571215	-0.54215	-0.522875	-0.514119	-0.510453	-0.496796	-0.466803	-0.441087	-0.421075	-0.409588	-0.407524	-0.408325	-0.410218	-0.419637	-0.44471	-0.472268	-0.51169	-0.552984	-0.590269	-0.635645	-0.682839	-0.72623	-0.770878	-0.819145	-0.86488	-0.916979	-0.976219	-1.04475	-1.12105	-1.19925	-1.28222	-1.35608	-1.41222	-1.4419	-1.43541	-1.38809	-1.29676	-1.16656	-0.990404	-0.773908	-0.535434	-0.275413	0	
0	0.0262991	0.0401249	0.0438719	0.0455292	0.0626783	0.0938493	0.136812	0.172177	0.189204	0.181198	0.157648	0.143105	0.156147	0.216859	0.317578	0.447895	0.57783	0.685475	0.764267	0.806636	0.815363	0.77412	0.686125	0.559374	0.405479	0.247019	0.110898	0.0206243	-0.00681626	0.0227547	0.106995	0.238802	0.393341	0.553031	0.687505	0.769284	0.791008	0.750242	0.655868	0.512975	0.337233	0.141832	-0.0791197	-0.302774	-0.487437	-0.620466	-0.690009	-0.698958	-0.668914	-0.633398	-0.611836	-0.597446	-0.588142	-0.584566	-0.573579	-0.548393	-0.514572	-0.488039	-0.469188	-0.462017	-0.460221	-0.454261	-0.432312	-0.407288	-0.382431	-0.36064	-0.348464	-0.342718	-0.343049	-0.357041	-0.389745	-0.43005	-0.482628	-0.533954	-0.581753	-0.631711	-0.677583	-0.720574	-0.767718	-0.823971	-0.878954	-0.939644	-1.01522	-1.10059	-1.18866	-1.28249	-1.37997	-1.46383	-1.52928	-1.56611	-1.5609	-1.50333	-1.39369	-1.24337	-1.04387	-0.80416	-0.551518	-0.284646	0	
0	0.031952	0.0559427	0.0711182	0.088234	0.114791	0.154571	0.200812	0.240261	0.26027	0.255307	0.237037	0.228073	0.249185	0.314224	0.420307	0.553053	0.685475	0.792665	0.869378	0.91181	0.919066	0.873838	0.782342	0.652272	0.501977	0.344379	0.204207	0.106602	0.0612091	0.0633414	0.110486	0.194746	0.301013	0.416615	0.512656	0.570894	0.580652	0.540439	0.454261	0.323679	0.158834	-0.0219013	-0.226939	-0.429277	-0.591907	-0.697517	-0.737946	-0.722241	-0.671492	-0.615995	-0.574359	-0.549634	-0.536869	-0.532114	-0.519133	-0.495234	-0.465181	-0.439124	-0.422705	-0.417766	-0.419282	-0.41674	-0.401034	-0.382131	-0.359498	-0.339641	-0.327337	-0.323497	-0.327957	-0.342661	-0.373971	-0.414393	-0.464255	-0.514268	-0.563101	-0.613221	-0.659737	-0.700191	-0.748073	-0.809792	-0.872187	-0.941833	-1.02252	-1.11609	-1.21445	-1.30783	-1.40198	-1.48556	-1.546	-1.57431	-1.55811	-1.4905	-1.37525	-1.21735	-1.01189	-0.771885	-0.524008	-0.269709	0	
0	0.0337207	0.0621175	0.0854658	0.111981	0.14669	0.190205	0.238306	0.277651	0.300227	0.297851	0.286501	0.285089	0.314872	0.386166	0.495817	0.631551	0.764267	0.869378	0.941158	0.979119	0.981105	0.930468	0.830704	0.697578	0.54613	0.386778	0.239375	0.125419	0.0556558	0.0238221	0.0272539	0.0648243	0.126984	0.204857	0.277227	0.323617	0.333219	0.302848	0.233538	0.120527	-0.0234034	-0.178923	-0.352842	-0.522995	-0.652952	-0.725452	-0.742303	-0.708256	-0.638869	-0.568278	-0.523124	-0.495647	-0.481234	-0.477508	-0.468718	-0.448036	-0.422557	-0.403468	-0.391122	-0.383654	-0.378692	-0.373049	-0.361271	-0.347382	-0.332028	-0.323167	-0.321654	-0.329332	-0.34209	-0.357264	-0.38114	-0.411196	-0.448458	-0.487474	-0.533106	-0.583675	-0.630031	-0.672644	-0.723407	-0.786404	-0.849356	-0.916666	-0.997183	-1.09071	-1.18392	-1.27009	-1.34872	-1.40761	-1.44523	-1.45604	-1.42315	-1.34413	-1.23091	-1.0847	-0.89808	-0.68449	-0.466359	-0.241806	0	
0	0.0322476	0.0603362	0.0881971	0.119389	0.159715	0.204186	0.250306	0.287379	0.30838	0.308783	0.302539	0.308534	0.346299	0.421946	0.53507	0.672807	0.806636	0.91181	0.979119	1.01333	1.01014	0.95203	0.842929	0.699756	0.540161	0.370963	0.206736	0.0694295	-0.0301858	-0.0971746	-0.132563	-0.133699	-0.104376	-0.050406	0.0112864	0.0594701	0.0809845	0.0719997	0.029789	-0.0558981	-0.169788	-0.294682	-0.433693	-0.566769	-0.66118	-0.703636	-0.697387	-0.651027	-0.579446	-0.509776	-0.462107	-0.432582	-0.420756	-0.421677	-0.418978	-0.407607	-0.390363	-0.374929	-0.361377	-0.349723	-0.337348	-0.325176	-0.315739	-0.308464	-0.30546	-0.309045	-0.319154	-0.336898	-0.356679	-0.371727	-0.384977	-0.403061	-0.423161	-0.447009	-0.485104	-0.532816	-0.582178	-0.628396	-0.682538	-0.749737	-0.815505	-0.878234	-0.945425	-1.02336	-1.09971	-1.16152	-1.20945	-1.23673	-1.2401	-1.21844	-1.16551	-1.08383	-0.984197	-0.865568	-0.717591	-0.546406	-0.372882	-0.195997	0	
0	0.0309075	0.0596561	0.0885428	0.124749	0.167224	0.211761	0.252393	0.282951	0.299416	0.299327	0.296368	0.308155	0.350852	0.42944	0.543277	0.68096	0.815363	0.919066	0.981105	1.01014	0.998758	0.933916	0.813764	0.659246	0.489294	0.306851	0.12257	-0.0413698	-0.174368	-0.276093	-0.345653	-0.376463	-0.366908	-0.319382	-0.251675	-0.185308	-0.137518	-0.11501	-0.124132	-0.172582	-0.250952	-0.339287	-0.436723	-0.531995	-0.599178	-0.621814	-0.607815	-0.564908	-0.496035	-0.426203	-0.379048	-0.353947	-0.349389	-0.358999	-0.367003	-0.363029	-0.352865	-0.34104	-0.328138	-0.310908	-0.291066	-0.278249	-0.275499	-0.27917	-0.284779	-0.294602	-0.307293	-0.324699	-0.345519	-0.356953	-0.364008	-0.373846	-0.380861	-0.392388	-0.419439	-0.459747	-0.504502	-0.550876	-0.60977	-0.681007	-0.748984	-0.807457	-0.862308	-0.920034	-0.969892	-0.998089	-1.00498	-0.991356	-0.958821	-0.908047	-0.833548	-0.744825	-0.6614	-0.577337	-0.477967	-0.369188	-0.258454	-0.137487	0	
0	0.0298873	0.0562261	0.0866016	0.122879	0.168661	0.210107	0.244484	0.265627	0.27468	0.271922	0.26946	0.282989	0.32615	0.401603	0.510602	0.643046	0.77412	0.873838	0.930468	0.95203	0.933916	0.862593	0.732564	0.567328	0.385188	0.187633	-0.0142836	-0.204759	-0.363755	-0.490344	-0.581109	-0.626945	-0.621509	-0.573121	-0.489935	-0.40131	-0.322365	-0.262321	-0.224923	-0.227141	-0.257779	-0.304429	-0.365151	-0.434865	-0.486059	-0.503018	-0.492884	-0.456146	-0.396601	-0.334481	-0.291661	-0.268741	-0.267108	-0.281581	-0.2955	-0.299705	-0.291795	-0.279816	-0.265599	-0.249209	-0.232397	-0.223102	-0.230452	-0.242964	-0.255986	-0.265155	-0.271954	-0.283204	-0.298175	-0.306478	-0.309495	-0.31443	-0.314307	-0.315282	-0.33027	-0.360363	-0.395584	-0.435275	-0.49049	-0.562834	-0.638113	-0.696288	-0.738472	-0.775259	-0.797229	-0.793092	-0.762049	-0.707941	-0.641659	-0.565772	-0.477635	-0.390997	-0.321157	-0.264644	-0.208659	-0.153882	-0.107551	-0.0596622	0	
0	0.0245155	0.044742	0.0692123	0.101651	0.144102	0.179731	0.202972	0.211778	0.209776	0.203656	0.199652	0.215903	0.257042	0.330343	0.432496	0.5602	0.686125	0.782342	0.830704	0.842929	0.813764	0.732564	0.591841	0.414117	0.219696	0.0124859	-0.202545	-0.405781	-0.578029	-0.71453	-0.809822	-0.855723	-0.847417	-0.78766	-0.688426	-0.575583	-0.462899	-0.361363	-0.278279	-0.228525	-0.211012	-0.220458	-0.248712	-0.298017	-0.340894	-0.363732	-0.362712	-0.342393	-0.298897	-0.248804	-0.207568	-0.185547	-0.186207	-0.199322	-0.210042	-0.206367	-0.195064	-0.184573	-0.176505	-0.166815	-0.154194	-0.150787	-0.16187	-0.178207	-0.190558	-0.191639	-0.190352	-0.191513	-0.200312	-0.205426	-0.206307	-0.20969	-0.207156	-0.206752	-0.217364	-0.240674	-0.268193	-0.298695	-0.343377	-0.407712	-0.477566	-0.531864	-0.56848	-0.590859	-0.592521	-0.560633	-0.497164	-0.417766	-0.330883	-0.237951	-0.143934	-0.0602931	-0.000773561	0.0325009	0.0529347	0.0573093	0.0410907	0.0204779	0	
0	0.0124895	0.0190236	0.029648	0.049944	0.0823252	0.106369	0.114237	0.106902	0.0918443	0.0809186	0.0766931	0.0953143	0.137617	0.208561	0.309271	0.432214	0.559374	0.652272	0.697578	0.699756	0.659246	0.567328	0.414117	0.222582	0.0163707	-0.201894	-0.420995	-0.628899	-0.800593	-0.929768	-1.01398	-1.04624	-1.02163	-0.9479	-0.82965	-0.693106	-0.549474	-0.409533	-0.28245	-0.185765	-0.128532	-0.107156	-0.115627	-0.154312	-0.196914	-0.223686	-0.234553	-0.228288	-0.202195	-0.166514	-0.134928	-0.117838	-0.111214	-0.11097	-0.106277	-0.0939626	-0.0764449	-0.0662138	-0.0632132	-0.0603393	-0.0532346	-0.0489185	-0.0553024	-0.0671801	-0.0729234	-0.0635451	-0.0516404	-0.0431658	-0.0447952	-0.0462171	-0.0487041	-0.0513195	-0.0516479	-0.0569755	-0.0692515	-0.0979282	-0.125708	-0.149901	-0.185095	-0.236963	-0.299289	-0.346224	-0.370729	-0.38069	-0.368788	-0.32091	-0.236589	-0.133479	-0.0339497	0.0600362	0.147416	0.214965	0.256303	0.269293	0.262102	0.228886	0.165214	0.0885286	0	
0	-0.00292171	-0.0144387	-0.0224799	-0.0204256	-0.00275507	0.00459788	-0.00517525	-0.0327098	-0.0617143	-0.0798365	-0.0844238	-0.0626066	-0.0204653	0.0533672	0.151166	0.277633	0.405479	0.501977	0.54613	0.540161	0.489294	0.385188	0.219696	0.0163707	-0.202841	-0.425563	-0.644098	-0.846123	-1.00535	-1.11909	-1.18253	-1.19459	-1.15243	-1.06055	-0.921987	-0.760652	-0.581427	-0.404005	-0.236662	-0.104246	-0.0194051	0.0153132	0.0141085	-0.0236812	-0.0624136	-0.0950125	-0.113008	-0.116767	-0.106204	-0.086858	-0.0595406	-0.0352719	-0.0191079	-0.00654937	0.0090509	0.0322932	0.0547442	0.0645796	0.0650075	0.0673917	0.0780956	0.0898617	0.0935242	0.0880532	0.0884852	0.108544	0.131533	0.149895	0.158427	0.158692	0.154108	0.15068	0.142796	0.130529	0.110923	0.0737223	0.0363564	0.00380045	-0.0295938	-0.0767205	-0.129906	-0.164398	-0.177078	-0.169676	-0.140421	-0.0793678	0.0136627	0.119362	0.219151	0.308656	0.3791	0.424756	0.44632	0.435057	0.401911	0.342012	0.245884	0.131998	0	
0	-0.0181814	-0.0476044	-0.0762365	-0.0935272	-0.0941128	-0.103065	-0.133161	-0.178351	-0.223935	-0.247281	-0.253341	-0.229037	-0.184655	-0.111514	-0.0109077	0.11497	0.247019	0.344379	0.386778	0.370963	0.306851	0.187633	0.0124859	-0.201894	-0.425563	-0.646571	-0.854108	-1.03855	-1.17919	-1.27121	-1.31492	-1.30837	-1.25119	-1.14282	-0.984985	-0.795191	-0.583437	-0.367599	-0.169391	-0.00927409	0.0916971	0.133828	0.130332	0.0935883	0.0518528	0.0134079	-0.0104028	-0.0224583	-0.0208441	-0.00258613	0.0339574	0.0678827	0.0990206	0.123388	0.146341	0.169591	0.19172	0.201158	0.205608	0.216542	0.238703	0.262598	0.278526	0.278197	0.281013	0.307093	0.334881	0.361494	0.376841	0.378706	0.370752	0.364477	0.352116	0.330359	0.303664	0.254802	0.20104	0.155551	0.110761	0.0618745	0.0180509	-0.00208641	0.00797744	0.0384362	0.082948	0.149309	0.236964	0.330325	0.411576	0.483043	0.536598	0.563739	0.570731	0.543142	0.487432	0.404815	0.287769	0.153492	0	
0	-0.0337805	-0.0808824	-0.131346	-0.16885	-0.188181	-0.214118	-0.259297	-0.321541	-0.375126	-0.40328	-0.404086	-0.374777	-0.326294	-0.248986	-0.147862	-0.020318	0.110898	0.204207	0.239375	0.206736	0.12257	-0.0142836	-0.202545	-0.420995	-0.644098	-0.854108	-1.0404	-1.19939	-1.31378	-1.38317	-1.40664	-1.38453	-1.31472	-1.19281	-1.01909	-0.809065	-0.569513	-0.329436	-0.108241	0.0707711	0.182736	0.231604	0.22897	0.189205	0.144714	0.100956	0.0663582	0.049642	0.0511566	0.074902	0.122319	0.176813	0.225165	0.258957	0.284198	0.306624	0.326091	0.337426	0.348995	0.371441	0.405942	0.445574	0.478406	0.4853	0.490156	0.51302	0.539026	0.562204	0.57813	0.578321	0.565256	0.558989	0.538725	0.509304	0.472543	0.407605	0.337304	0.276592	0.226063	0.179078	0.147274	0.148845	0.182275	0.235288	0.294726	0.358692	0.4258	0.491373	0.546281	0.592116	0.62504	0.640579	0.636889	0.596564	0.527852	0.429939	0.300134	0.158965	0	
0	-0.0455604	-0.107631	-0.175893	-0.232471	-0.268787	-0.308674	-0.36649	-0.438045	-0.497229	-0.523535	-0.516784	-0.479165	-0.422148	-0.339698	-0.234638	-0.105694	0.0206243	0.106602	0.125419	0.0694295	-0.0413698	-0.204759	-0.405781	-0.628899	-0.846123	-1.03855	-1.19939	-1.32654	-1.41232	-1.45815	-1.46264	-1.425	-1.34274	-1.20866	-1.02338	-0.799966	-0.549453	-0.297502	-0.0674271	0.117043	0.238634	0.296174	0.293829	0.256663	0.213823	0.163657	0.126269	0.109928	0.111936	0.140176	0.198594	0.26507	0.324377	0.365742	0.396072	0.422234	0.447387	0.462134	0.475539	0.502312	0.546227	0.600277	0.647408	0.665249	0.671906	0.691749	0.70996	0.725348	0.73758	0.731815	0.716171	0.705232	0.677375	0.635636	0.582666	0.504567	0.41934	0.351791	0.304655	0.27245	0.265366	0.287365	0.339516	0.408959	0.476627	0.536033	0.582837	0.619972	0.645628	0.665539	0.675433	0.671456	0.656216	0.603676	0.517769	0.413076	0.283872	0.143994	0	
0	-0.0511608	-0.120861	-0.201671	-0.271188	-0.321115	-0.369729	-0.433551	-0.507237	-0.563811	-0.583327	-0.56403	-0.515051	-0.446837	-0.358384	-0.249203	-0.123757	-0.00681626	0.0612091	0.0556558	-0.0301858	-0.174368	-0.363755	-0.578029	-0.800593	-1.00535	-1.17919	-1.31378	-1.41232	-1.47437	-1.49998	-1.48757	-1.43383	-1.33681	-1.18958	-0.9972	-0.771246	-0.5219	-0.272762	-0.0467606	0.139199	0.264151	0.327139	0.327467	0.292486	0.249508	0.205879	0.173842	0.161531	0.168798	0.198764	0.250668	0.313204	0.372551	0.417436	0.456999	0.49387	0.524335	0.542496	0.560083	0.589914	0.634583	0.691248	0.746682	0.771843	0.78127	0.797735	0.812864	0.825979	0.834158	0.822677	0.796915	0.772999	0.732581	0.678546	0.615275	0.53109	0.447408	0.390156	0.357417	0.345934	0.364163	0.407767	0.471482	0.543354	0.611783	0.669123	0.706955	0.730755	0.739141	0.732367	0.712219	0.68068	0.635956	0.56276	0.469445	0.363494	0.243088	0.121571	0	
0	-0.0472534	-0.115337	-0.198441	-0.273708	-0.329071	-0.38078	-0.441291	-0.509297	-0.55507	-0.563216	-0.529193	-0.468289	-0.390288	-0.298181	-0.190249	-0.0745876	0.0227547	0.0633414	0.0238221	-0.0971746	-0.276093	-0.490344	-0.71453	-0.929768	-1.11909	-1.27121	-1.38317	-1.45815	-1.49998	-1.51	-1.483	-1.41487	-1.30591	-1.15222	-0.961237	-0.744065	-0.507047	-0.268737	-0.0477651	0.13396	0.260614	0.327558	0.325745	0.290075	0.253316	0.221519	0.200275	0.199891	0.209844	0.230707	0.26648	0.319737	0.374137	0.419399	0.461084	0.501109	0.539038	0.566418	0.586946	0.614059	0.655306	0.709143	0.759151	0.780722	0.787529	0.801695	0.820252	0.836599	0.844155	0.825606	0.786128	0.74214	0.685472	0.625089	0.564604	0.494405	0.430098	0.39422	0.385703	0.400312	0.440002	0.496865	0.567679	0.642447	0.711526	0.76649	0.798685	0.817252	0.818588	0.791699	0.739623	0.67281	0.594791	0.499767	0.400318	0.305422	0.203102	0.0973984	0	
0	-0.0347203	-0.0923741	-0.168462	-0.241121	-0.295461	-0.34206	-0.392247	-0.443794	-0.471377	-0.461721	-0.410345	-0.336581	-0.250285	-0.156817	-0.0576255	0.0415894	0.106995	0.110486	0.0272539	-0.132563	-0.345653	-0.581109	-0.809822	-1.01398	-1.18253	-1.31492	-1.40664	-1.46264	-1.48757	-1.483	-1.44244	-1.36549	-1.25024	-1.10273	-0.926083	-0.729989	-0.51406	-0.291153	-0.0763418	0.0997338	0.228246	0.294829	0.296139	0.264339	0.237239	0.218336	0.209687	0.208785	0.212932	0.222212	0.243421	0.284439	0.330617	0.371871	0.412694	0.455	0.493033	0.519088	0.538904	0.565926	0.601871	0.645378	0.683411	0.701672	0.704143	0.712953	0.72947	0.745613	0.750053	0.723393	0.673747	0.612456	0.547389	0.488283	0.437024	0.392899	0.363218	0.361105	0.380462	0.421406	0.486799	0.561204	0.637469	0.710558	0.778611	0.833157	0.861702	0.872491	0.862643	0.819208	0.745805	0.653192	0.54869	0.438245	0.338179	0.254922	0.16884	0.0781715	0	
0	-0.0156149	-0.0561255	-0.116947	-0.180841	-0.226767	-0.262642	-0.294793	-0.320309	-0.323797	-0.28824	-0.220018	-0.131561	-0.0386874	0.050272	0.138743	0.209144	0.238802	0.194746	0.0648243	-0.133699	-0.376463	-0.626945	-0.855723	-1.04624	-1.19459	-1.30837	-1.38453	-1.425	-1.43383	-1.41487	-1.36549	-1.28308	-1.17511	-1.04432	-0.893145	-0.727587	-0.540866	-0.336335	-0.136495	0.0332496	0.160269	0.232196	0.244572	0.225896	0.209635	0.203645	0.196749	0.188614	0.182228	0.174985	0.177846	0.206703	0.248239	0.288439	0.328403	0.365609	0.398432	0.420448	0.434253	0.447237	0.470828	0.505148	0.540183	0.558844	0.558266	0.556998	0.558522	0.562769	0.552448	0.521579	0.469951	0.404236	0.343681	0.292061	0.256377	0.234843	0.239561	0.278741	0.336673	0.412479	0.501152	0.591788	0.676407	0.748701	0.81224	0.860163	0.88189	0.883726	0.863907	0.808731	0.722566	0.620403	0.505087	0.386731	0.289579	0.212469	0.134922	0.0604349	0	
0	0.00712378	-0.0105743	-0.0520753	-0.100285	-0.133437	-0.153516	-0.160037	-0.155728	-0.125151	-0.0642872	0.0239128	0.124063	0.217791	0.30123	0.367183	0.407497	0.393341	0.301013	0.126984	-0.104376	-0.366908	-0.621509	-0.847417	-1.02163	-1.15243	-1.25119	-1.31472	-1.34274	-1.33681	-1.30591	-1.25024	-1.17511	-1.08252	-0.980161	-0.863425	-0.734185	-0.578941	-0.403824	-0.219414	-0.0608191	0.0646596	0.145244	0.17826	0.174022	0.171601	0.173114	0.164099	0.145345	0.124515	0.101532	0.0895897	0.105741	0.137681	0.176795	0.216594	0.254748	0.284251	0.296278	0.290708	0.285614	0.296677	0.324286	0.35557	0.375258	0.372844	0.355663	0.335865	0.315799	0.287752	0.250884	0.20183	0.145221	0.0955739	0.0603416	0.0424972	0.0462284	0.0860181	0.158366	0.253626	0.364839	0.478349	0.582739	0.668263	0.736641	0.795155	0.839535	0.856981	0.848231	0.814768	0.749878	0.663894	0.566769	0.455132	0.340898	0.24845	0.174707	0.10249	0.041252	0	
0	0.0319823	0.038259	0.0204248	-0.00983695	-0.02666	-0.0268319	-0.00725708	0.0342258	0.0969326	0.188176	0.291494	0.400492	0.491893	0.562399	0.60468	0.609931	0.553031	0.416615	0.204857	-0.050406	-0.319382	-0.573121	-0.78766	-0.9479	-1.06055	-1.14282	-1.19281	-1.20866	-1.18958	-1.15222	-1.10273	-1.04432	-0.980161	-0.913377	-0.832471	-0.740477	-0.624106	-0.478352	-0.318599	-0.172172	-0.0437175	0.0504981	0.103935	0.11665	0.121894	0.122201	0.112098	0.0869372	0.0586678	0.0229417	-0.00207746	-0.00309557	0.0213785	0.0584041	0.0995436	0.136096	0.158136	0.156144	0.138042	0.121214	0.120846	0.137335	0.160374	0.174869	0.162618	0.13197	0.091612	0.0540761	0.0109588	-0.0342452	-0.0845676	-0.138003	-0.172805	-0.187941	-0.180732	-0.147751	-0.0761195	0.0278558	0.146871	0.27541	0.404274	0.520851	0.610378	0.674208	0.724322	0.759556	0.769904	0.752331	0.707428	0.640719	0.561245	0.476951	0.387263	0.289706	0.206653	0.139637	0.0724137	0.0237343	0	
0	0.0536042	0.0822308	0.0860344	0.0745625	0.0755309	0.0955106	0.144757	0.221469	0.319916	0.437496	0.553623	0.665203	0.747029	0.799364	0.813323	0.781227	0.687505	0.512656	0.277227	0.0112864	-0.251675	-0.489935	-0.688426	-0.82965	-0.921987	-0.984985	-1.01909	-1.02338	-0.9972	-0.961237	-0.926083	-0.893145	-0.863425	-0.832471	-0.791488	-0.741588	-0.66512	-0.557056	-0.423047	-0.280721	-0.149873	-0.0430255	0.028315	0.0493109	0.0535613	0.0551195	0.0443721	0.0180344	-0.0157604	-0.0574291	-0.0908908	-0.102589	-0.0862194	-0.0519317	-0.0133873	0.0161043	0.0305574	0.024455	0.00476331	-0.0176037	-0.0257345	-0.0209149	-0.0123299	-0.0175203	-0.0438569	-0.0864632	-0.13953	-0.19071	-0.24582	-0.298652	-0.356934	-0.40708	-0.432774	-0.425147	-0.382375	-0.316021	-0.215389	-0.0943831	0.0339811	0.161326	0.282816	0.399573	0.49302	0.556214	0.596164	0.619033	0.620158	0.591296	0.538022	0.475578	0.412169	0.349845	0.282385	0.209722	0.154474	0.103933	0.0493194	0.0182892	0	
0	0.0721681	0.121481	0.143773	0.152096	0.169441	0.21024	0.286025	0.393983	0.523226	0.659262	0.781057	0.884692	0.949004	0.977563	0.959357	0.895083	0.769284	0.570894	0.323617	0.0594701	-0.185308	-0.40131	-0.575583	-0.693106	-0.760652	-0.795191	-0.809065	-0.799966	-0.771246	-0.744065	-0.729989	-0.727587	-0.734185	-0.740477	-0.741588	-0.732928	-0.699929	-0.6278	-0.514474	-0.377638	-0.244976	-0.128541	-0.05313	-0.0297052	-0.024005	-0.0254785	-0.0342797	-0.0548454	-0.0884838	-0.132685	-0.168363	-0.186458	-0.175359	-0.147447	-0.117876	-0.092012	-0.0764285	-0.0799149	-0.0989356	-0.120158	-0.134976	-0.146281	-0.157509	-0.181861	-0.219253	-0.270757	-0.335469	-0.400868	-0.463915	-0.523553	-0.583221	-0.623454	-0.636516	-0.609201	-0.541211	-0.446976	-0.326534	-0.198006	-0.0751943	0.0340851	0.139189	0.242442	0.328655	0.388351	0.41739	0.422288	0.405342	0.366576	0.311742	0.259827	0.217045	0.177979	0.141961	0.103224	0.0778941	0.0597383	0.0318814	0.0129555	0	
0	0.0832924	0.14475	0.180498	0.203338	0.235714	0.295125	0.39366	0.527902	0.681635	0.829214	0.950965	1.03795	1.08072	1.08062	1.03208	0.939616	0.791008	0.580652	0.333219	0.0809845	-0.137518	-0.322365	-0.462899	-0.549474	-0.581427	-0.583437	-0.569513	-0.549453	-0.5219	-0.507047	-0.51406	-0.540866	-0.578941	-0.624106	-0.66512	-0.699929	-0.705749	-0.665204	-0.570587	-0.441814	-0.312662	-0.20163	-0.130447	-0.105654	-0.101987	-0.105115	-0.111421	-0.129872	-0.164416	-0.203717	-0.237046	-0.260791	-0.260942	-0.246036	-0.218371	-0.187839	-0.164409	-0.160517	-0.170978	-0.191653	-0.219017	-0.242691	-0.264339	-0.297831	-0.344536	-0.403341	-0.48045	-0.562866	-0.633822	-0.696671	-0.748543	-0.770794	-0.765904	-0.720471	-0.636686	-0.533213	-0.411097	-0.281789	-0.16667	-0.0795565	-0.002341	0.0763676	0.142982	0.180917	0.189969	0.178487	0.1477	0.100425	0.0444851	0.00699295	-0.011092	-0.0247403	-0.0296892	-0.0308492	-0.0184723	-0.000480768	0.00482994	0.00689418	0	
0	0.0903092	0.158984	0.20526	0.239131	0.286933	0.361507	0.478021	0.629661	0.795367	0.945646	1.05427	1.11756	1.13123	1.09963	1.02495	0.909829	0.750242	0.540439	0.302848	0.0719997	-0.11501	-0.262321	-0.361363	-0.409533	-0.404005	-0.367599	-0.329436	-0.297502	-0.272762	-0.268737	-0.291153	-0.336335	-0.403824	-0.478352	-0.557056	-0.6278	-0.665204	-0.651365	-0.57944	-0.465459	-0.350805	-0.249373	-0.185757	-0.161661	-0.159837	-0.168238	-0.178072	-0.192455	-0.220989	-0.25702	-0.296596	-0.331402	-0.346094	-0.338117	-0.308521	-0.268624	-0.232819	-0.21957	-0.228569	-0.255546	-0.286182	-0.313898	-0.339598	-0.381916	-0.435108	-0.497344	-0.584041	-0.67594	-0.750996	-0.808536	-0.843297	-0.84151	-0.813888	-0.754025	-0.662653	-0.562533	-0.457554	-0.345559	-0.246344	-0.17847	-0.126258	-0.0803529	-0.0464421	-0.0389044	-0.0603781	-0.093637	-0.130996	-0.174752	-0.221572	-0.249541	-0.254238	-0.242324	-0.213512	-0.176579	-0.128161	-0.0777767	-0.0402748	-0.0127438	0	
0	0.0953167	0.171672	0.224047	0.272175	0.332852	0.423407	0.552376	0.709738	0.878412	1.01524	1.10441	1.13354	1.11347	1.0501	0.949968	0.819712	0.655868	0.454261	0.233538	0.029789	-0.124132	-0.224923	-0.278279	-0.28245	-0.236662	-0.169391	-0.108241	-0.0674271	-0.0467606	-0.0477651	-0.0763418	-0.136495	-0.219414	-0.318599	-0.423047	-0.514474	-0.570587	-0.57944	-0.527678	-0.439855	-0.346175	-0.260576	-0.208357	-0.186366	-0.185277	-0.194736	-0.203556	-0.215444	-0.245636	-0.287624	-0.341415	-0.390361	-0.417628	-0.415658	-0.382853	-0.332702	-0.289918	-0.275365	-0.28672	-0.310369	-0.341331	-0.371512	-0.402324	-0.449499	-0.506875	-0.573788	-0.658951	-0.749602	-0.817768	-0.862436	-0.875506	-0.846669	-0.79603	-0.722498	-0.631581	-0.544998	-0.463371	-0.377256	-0.304936	-0.260511	-0.232582	-0.2189	-0.221218	-0.252811	-0.305903	-0.357488	-0.401184	-0.432479	-0.459833	-0.475439	-0.46517	-0.434948	-0.382829	-0.31379	-0.240879	-0.167465	-0.100468	-0.046338	0	
0	0.0998977	0.178895	0.240353	0.297514	0.375123	0.478511	0.614201	0.770425	0.925803	1.04346	1.10156	1.09467	1.03815	0.943521	0.820912	0.679645	0.512975	0.323679	0.120527	-0.0558981	-0.172582	-0.227141	-0.228525	-0.185765	-0.104246	-0.00927409	0.0707711	0.117043	0.139199	0.13396	0.0997338	0.0332496	-0.0608191	-0.172172	-0.280721	-0.377638	-0.441814	-0.465459	-0.439855	-0.384174	-0.308659	-0.238885	-0.195093	-0.175914	-0.174182	-0.185758	-0.1948	-0.207903	-0.23846	-0.292753	-0.364485	-0.426779	-0.466417	-0.473057	-0.441289	-0.390355	-0.346789	-0.329273	-0.334407	-0.355958	-0.38713	-0.419759	-0.456919	-0.509627	-0.574111	-0.63852	-0.71506	-0.792353	-0.847656	-0.873341	-0.859229	-0.810172	-0.740088	-0.657562	-0.571144	-0.4995	-0.441143	-0.379273	-0.332508	-0.314693	-0.318352	-0.337874	-0.374692	-0.439225	-0.516293	-0.582839	-0.626391	-0.642877	-0.646894	-0.641531	-0.61879	-0.571949	-0.498804	-0.415514	-0.33335	-0.247794	-0.163667	-0.0842839	0	
0	0.101347	0.181834	0.247732	0.314043	0.405363	0.519184	0.655387	0.799757	0.931252	1.0209	1.04316	1.00178	0.910751	0.789502	0.651009	0.499963	0.337233	0.158834	-0.0234034	-0.169788	-0.250952	-0.257779	-0.211012	-0.128532	-0.0194051	0.0916971	0.182736	0.238634	0.264151	0.260614	0.228246	0.160269	0.0646596	-0.0437175	-0.149873	-0.244976	-0.312662	-0.350805	-0.346175	-0.308659	-0.246072	-0.187132	-0.148707	-0.134789	-0.134422	-0.141033	-0.149258	-0.169785	-0.21084	-0.278527	-0.361772	-0.43378	-0.486019	-0.506092	-0.490717	-0.453224	-0.410964	-0.38577	-0.384585	-0.403136	-0.430641	-0.467375	-0.514003	-0.574446	-0.640264	-0.699968	-0.759069	-0.811147	-0.846989	-0.847661	-0.811062	-0.746469	-0.665329	-0.581332	-0.502085	-0.444867	-0.403449	-0.366314	-0.345988	-0.353076	-0.389727	-0.444189	-0.504723	-0.577654	-0.659087	-0.727296	-0.767957	-0.777345	-0.76297	-0.737702	-0.696818	-0.633121	-0.555626	-0.47012	-0.380057	-0.288485	-0.194564	-0.0990929	0	
0	0.101858	0.183762	0.2515	0.326311	0.426752	0.54694	0.674915	0.796607	0.893525	0.946634	0.931756	0.85943	0.739577	0.601144	0.450977	0.298591	0.141832	-0.0219013	-0.178923	-0.294682	-0.339287	-0.304429	-0.220458	-0.107156	0.0153132	0.133828	0.231604	0.296174	0.327139	0.327558	0.294829	0.232196	0.145244	0.0504981	-0.0430255	-0.128541	-0.20163	-0.249373	-0.260576	-0.238885	-0.187132	-0.12933	-0.0869706	-0.0674938	-0.0540694	-0.053869	-0.0712153	-0.109432	-0.159598	-0.236751	-0.325981	-0.405835	-0.473151	-0.519513	-0.53403	-0.512581	-0.477127	-0.453628	-0.453341	-0.469587	-0.495589	-0.536798	-0.588879	-0.652283	-0.716401	-0.767915	-0.799973	-0.815742	-0.822071	-0.795973	-0.741091	-0.668167	-0.583154	-0.501084	-0.435042	-0.394852	-0.36947	-0.355606	-0.360304	-0.389586	-0.446667	-0.521023	-0.59613	-0.663868	-0.725377	-0.780374	-0.818089	-0.821268	-0.794171	-0.751739	-0.68893	-0.607227	-0.527287	-0.45641	-0.381396	-0.294193	-0.202201	-0.106389	0	
