0	0	0	0	0	0	0	0	0	0	0	0	0	0	0	0	0	0	0	0	0	0	0	0	0	0	0	0	0	0	0	0	0	0	0	0	0	0	0	0	0	0	0	0	0	0	0	0	0	0	0	0	0	0	0	0	0	0	0	0	0	0	0	0	0	0	0	0	0	0	0	0	0	0	0	0	0	0	0	0	0	0	0	0	0	0	0	0	0	0	0	0	0	0	0	0	0	0	0	0	
0	0.00131722	0.00135536	0.00184146	0.00180684	-0.00197496	0.000290765	-0.00160542	-0.00406758	0.00226793	0.00155214	-0.00296428	-0.000868378	-0.000170882	-0.000449606	0.00295722	0.000908394	-0.00242242	0.00176197	0.00205163	0.000497324	-0.00189265	0.00379015	-0.00156807	-0.000865524	0.00161936	0.000675482	-0.00163586	-0.00105599	0.00186257	-7.34659e-05	-0.00135669	-0.0029023	0.00402264	-0.000226688	-0.00255325	-0.00326736	0.00489989	0.000132951	-0.00148491	-0.00398067	9.93969e-05	0.00266265	0.00300915	-0.00360224	-0.00806784	-0.0037614	0.00527718	0.00321314	-0.00301699	-0.0110419	-0.0132344	-0.0111702	-0.0028125	0.00756425	0.00833112	-0.00699757	-0.0328988	-0.057907	-0.0818062	-0.101172	-0.110099	-0.101917	-0.0725246	-0.0202103	0.0363867	0.0946737	0.156409	0.197302	0.218098	0.216484	0.183286	0.132032	0.0721923	0.0106857	-0.044011	-0.0836674	-0.105255	-0.10996	-0.0941787	-0.0707399	-0.0506559	-0.0232922	0.00255922	0.00918583	0.00338512	-0.00461152	-0.0106168	-0.0118834	-0.00848244	0.00122259	0.00885788	0.00126626	-0.00929372	-0.0049777	0.00308131	0.0014622	-0.00158399	-0.000395672	0	
0	0.00135536	-0.00587288	-0.000308833	-0.000717456	-0.00240832	0.00436989	6.25581e-05	0.00314661	-0.000578847	-0.00288778	0.00111324	0.00319647	-1.35223e-05	-0.00317757	-0.00265672	5.20196e-05	-0.00283891	0.00019627	-0.00157263	-0.00438157	-0.00213649	0.00256966	-0.00280091	-0.00513234	0.00295748	-0.00101702	-0.00342284	-0.00233073	0.00159392	0.00026028	-0.00527516	-0.00363626	0.00338096	0.00098253	-0.00932476	-0.00452479	0.00417181	-0.000132478	-0.00692177	-0.00929521	-0.00267192	0.00194065	0.00284888	-0.00918343	-0.0177585	-0.00618469	0.00813012	0.00791081	-0.00423337	-0.0206813	-0.0195656	-0.0217503	-0.00103778	0.0153081	0.0121528	-0.0158033	-0.070488	-0.119665	-0.163554	-0.199889	-0.217159	-0.196382	-0.138084	-0.0432867	0.0709966	0.188432	0.304787	0.39358	0.442336	0.430847	0.358353	0.258825	0.144739	0.0260207	-0.0838661	-0.167782	-0.21126	-0.215563	-0.184517	-0.14282	-0.102846	-0.0465869	0.00402239	0.0168855	0.00635508	-0.0086792	-0.0204085	-0.0231787	-0.0165791	0.00184871	0.0161058	0.0024473	-0.0168298	-0.00951289	0.00490667	0.00249906	-0.00257877	-0.000505682	0	
0	0.00184146	-0.000308833	0.000809148	0.00218742	-0.00356415	0.00158478	-0.00219902	-0.00302073	0.00327313	-0.000707983	-0.00256143	-0.000202592	-0.00048717	-0.00111481	0.00277692	0.00286605	-0.00497508	0.000738191	0.00283108	-0.00117755	-0.00263874	0.00422925	-0.00358889	-0.00352629	0.00298666	-0.000376668	-0.00488415	-0.00210021	0.00168717	-9.41572e-05	-0.0062167	-0.00471835	0.00532979	-5.611e-05	-0.0100817	-0.0056233	0.00728633	-0.000117991	-0.00737873	-0.0103322	-0.00173016	0.00502175	0.00437052	-0.0113578	-0.0223773	-0.00756677	0.0113389	0.00911204	-0.00984217	-0.029913	-0.0338768	-0.0299732	-0.00426943	0.0197094	0.0171229	-0.0281562	-0.102622	-0.176431	-0.243165	-0.296375	-0.321156	-0.291266	-0.203663	-0.0595846	0.108459	0.281792	0.454767	0.58239	0.649674	0.637566	0.537433	0.387938	0.214712	0.036604	-0.124187	-0.242879	-0.306815	-0.318491	-0.277282	-0.214014	-0.151138	-0.0715985	-0.000732541	0.0222044	0.0105682	-0.0117409	-0.0295594	-0.033431	-0.0235813	0.00142739	0.0202812	0.00341201	-0.021217	-0.0132197	0.00457397	0.00279479	-0.00259876	-0.000169012	0	
0	0.00180684	-0.000717456	0.00218742	0.00216309	-0.00304889	0.00224834	-0.00171913	-0.00417567	0.000378131	-0.000136358	-0.000785054	0.000736731	-0.00209454	-0.00143595	0.000203994	-0.00224034	-0.00162231	0.00172668	0.000803324	-0.00452216	-0.00157894	0.00419478	-0.00355848	-0.00356843	0.00304077	-0.0011791	-0.00384753	-0.00225056	0.00225288	-0.00126334	-0.00557262	-0.0046909	0.00535129	-0.00128272	-0.0108776	-0.00505624	0.0060205	-0.000699074	-0.0101363	-0.011209	-0.00303485	0.00424586	0.00281273	-0.0166681	-0.0250504	-0.0102464	0.0124982	0.00802712	-0.0151671	-0.0365	-0.0435721	-0.0342518	-0.00414823	0.0230977	0.016134	-0.0439582	-0.13979	-0.234216	-0.321116	-0.389115	-0.415173	-0.377059	-0.260556	-0.0745077	0.142001	0.372781	0.597891	0.767547	0.854708	0.832578	0.70425	0.510487	0.282171	0.0526516	-0.153369	-0.312928	-0.40171	-0.414137	-0.361895	-0.284436	-0.201321	-0.0992261	-0.00978178	0.024419	0.0138994	-0.0139603	-0.0367391	-0.0417599	-0.0294248	-0.000644081	0.0205597	0.00412435	-0.0218106	-0.0158701	0.00182392	0.00223846	-0.0016165	0.00055891	0	
0	-0.00197496	-0.00240832	-0.00356415	-0.00304889	7.00374e-05	0.00129633	0.0012277	0.00545636	0.00151733	-0.00347109	-0.00102227	0.000297485	2.69493e-06	-0.00159221	-0.00252363	-0.000278604	-0.00289577	-0.00357441	-0.0019893	-0.0033543	-0.0017672	-0.00176385	-0.00410945	-0.00404798	0.000280902	-0.00367263	-0.00457877	-0.00282008	-0.00115292	-0.00278031	-0.00715186	-0.00407938	0.000717885	-0.00333744	-0.0122706	-0.00503738	0.00136828	-0.00373705	-0.0129519	-0.0126324	-0.00552943	0.00147099	-0.00262281	-0.0197295	-0.0274581	-0.00953234	0.0104514	0.00584924	-0.0186224	-0.0418342	-0.0474952	-0.0353526	-0.00299801	0.0244447	0.0080454	-0.0666826	-0.178364	-0.295546	-0.397977	-0.473889	-0.503408	-0.448731	-0.302972	-0.0860614	0.179128	0.460834	0.725993	0.937072	1.04869	1.02243	0.865139	0.62472	0.348482	0.070744	-0.181528	-0.374413	-0.480778	-0.498962	-0.445993	-0.355769	-0.248832	-0.128198	-0.0257852	0.0213248	0.016084	-0.0147542	-0.0415054	-0.0478375	-0.033947	-0.00455366	0.016736	0.00440279	-0.0188887	-0.017336	-0.0028157	0.000931833	-2.9315e-05	0.00138744	0	
0	0.000290765	0.00436989	0.00158478	0.00224834	0.00129633	-0.00382238	-0.00301674	-0.00516002	-0.00397405	0.000683887	0.00158593	-0.00180896	-0.00102216	0.000351208	0.000363772	-0.000326	0.0014529	-0.000823553	0.00177187	-0.00117162	4.42174e-05	-0.00129587	-0.00114001	-0.000873129	-0.00174595	-0.0021285	-0.00284295	-0.00177306	-0.00254159	-0.00315538	-0.00447356	-0.00305947	-0.00124828	-0.0045422	-0.00768915	-0.00336415	-0.000497101	-0.00367871	-0.0105399	-0.008326	-0.00412605	0.00184005	-0.00485799	-0.0186539	-0.0228831	-0.00855778	0.00706169	-0.000543403	-0.0266731	-0.0477023	-0.056544	-0.0372899	-0.00651514	0.0180641	-0.00487358	-0.0912764	-0.214541	-0.347613	-0.465585	-0.55179	-0.579089	-0.514723	-0.346114	-0.0930759	0.216494	0.54572	0.856083	1.10246	1.22203	1.18702	1.01332	0.737415	0.413145	0.0897404	-0.19919	-0.422807	-0.551052	-0.576734	-0.523175	-0.421527	-0.295112	-0.162417	-0.0491299	0.0135893	0.0163755	-0.0150077	-0.0437452	-0.0510138	-0.0369856	-0.0103117	0.00925224	0.0039559	-0.013627	-0.0175798	-0.00810682	-0.000846772	0.00140746	0.00184701	0	
0	-0.00160542	6.25581e-05	-0.00219902	-0.00171913	0.0012277	-0.00301674	0.00474014	0.0012793	-0.00167864	0.0028611	-0.00282312	-0.00350614	-0.00163746	-0.00118931	-0.00231313	-0.00527549	0.000754586	-0.00523747	-0.00296764	-0.00171695	-0.00272226	-0.00440416	-0.00169827	-0.000661774	-0.00571086	-0.00253269	-0.00173774	-0.00295589	-0.00441882	-0.00479676	-0.00194921	-0.00422643	-0.00526248	-0.00693555	-0.00450885	-0.00536053	-0.00664494	-0.00774441	-0.0111697	-0.00957249	-0.00786688	-0.00641346	-0.0123773	-0.0221952	-0.0202451	-0.011813	-0.000460783	-0.00894261	-0.0310723	-0.0481284	-0.0548046	-0.0312953	-0.00482962	0.0114081	-0.0254419	-0.122096	-0.258695	-0.40579	-0.534282	-0.6238	-0.641207	-0.561434	-0.369506	-0.0888801	0.255233	0.623074	0.96861	1.24542	1.37925	1.34318	1.15161	0.838901	0.473444	0.112428	-0.209271	-0.46019	-0.60641	-0.640925	-0.592782	-0.484814	-0.34223	-0.199428	-0.0768721	-0.00053234	0.0115463	-0.015241	-0.0423922	-0.0508781	-0.0389951	-0.0175984	-0.000654003	0.00235805	-0.0079336	-0.0166297	-0.0123797	-0.00272119	0.0017768	0.0014126	0	
0	-0.00406758	0.00314661	-0.00302073	-0.00417567	0.00545636	-0.00516002	0.0012793	0.00213626	-0.00339649	0.000717379	-0.00326757	-0.00194516	0.00438571	-0.00233186	-0.00371242	-4.83748e-05	0.000688372	-0.00452149	-0.0046655	0.00357764	-0.00529764	-0.00535396	-0.000731199	-0.000870747	-0.0088774	-0.00209602	-0.00185461	-0.00451549	-0.00750192	-0.005211	-0.0010687	-0.00587375	-0.00968436	-0.00778945	-0.000495077	-0.00832485	-0.0102999	-0.0102016	-0.00750994	-0.00820368	-0.00925103	-0.0104005	-0.0174924	-0.016636	-0.0154624	-0.0110159	-0.00893052	-0.0183693	-0.0335403	-0.0509926	-0.051811	-0.0297746	-0.0103123	-0.0054153	-0.0545317	-0.158675	-0.299516	-0.457299	-0.593098	-0.678262	-0.691389	-0.595659	-0.38408	-0.0840494	0.294926	0.698005	1.07294	1.37226	1.5161	1.48084	1.27117	0.927811	0.534727	0.14214	-0.21245	-0.485605	-0.645377	-0.692884	-0.654488	-0.542053	-0.38792	-0.239367	-0.110195	-0.0221901	0.00138092	-0.0156716	-0.0382175	-0.0479666	-0.0399657	-0.0252818	-0.0114856	-0.00112359	-0.00392942	-0.0145026	-0.0140321	-0.00433915	0.000306065	-0.00032133	0	
0	0.00226793	-0.000578847	0.00327313	0.000378131	0.00151733	-0.00397405	-0.00167864	-0.00339649	-0.00688345	0.00204739	0.000746305	-0.00021787	-0.00246466	-0.00138562	-0.00170267	0.000157099	-0.00122734	-0.000762909	-0.00241489	0.00188437	-0.00552384	-0.00367401	0.00205482	-0.00307303	-0.00831673	-0.000545706	-0.00151601	-0.00532841	-0.00853907	-0.00334573	-0.0010064	-0.0061376	-0.0135702	-0.00461008	0.000796897	-0.00951474	-0.0145035	-0.00969483	-0.00408132	-0.00770057	-0.0103436	-0.0172927	-0.0188729	-0.0127099	-0.0101683	-0.013969	-0.0213706	-0.0273683	-0.0383758	-0.0507108	-0.0468779	-0.0294909	-0.0172013	-0.0285738	-0.0896801	-0.194647	-0.342566	-0.504461	-0.640632	-0.726439	-0.724341	-0.615277	-0.393899	-0.0679148	0.336507	0.766202	1.16983	1.4831	1.63007	1.58836	1.36923	1.01633	0.596346	0.169639	-0.20539	-0.493778	-0.671366	-0.733591	-0.702888	-0.590966	-0.434125	-0.282042	-0.147151	-0.0510263	-0.0153234	-0.01795	-0.0322823	-0.0425476	-0.0397154	-0.0321428	-0.021857	-0.00713064	-0.00328725	-0.0113341	-0.0121461	-0.00544397	-0.00328053	-0.00346716	0	
0	0.00155214	-0.00288778	-0.000707983	-0.000136358	-0.00347109	0.000683887	0.0028611	0.000717379	0.00204739	0.00195369	-0.00542856	-0.00460298	-0.00379149	-0.00123991	-0.00390231	-0.00205983	-0.00292997	-0.00740087	-0.00332356	-0.000900969	-0.00479452	-0.006424	0.000939103	-0.00548638	-0.00687911	-0.00113705	-0.00283896	-0.0059704	-0.00839921	-0.00222412	-0.00219765	-0.00727183	-0.0155473	-0.00155106	-0.00124398	-0.0115675	-0.0195385	-0.00870339	-0.00513338	-0.00954389	-0.0168269	-0.0261189	-0.0220445	-0.0115539	-0.00966878	-0.0220363	-0.03634	-0.0350419	-0.0419167	-0.0437081	-0.0379315	-0.0263437	-0.024223	-0.0578595	-0.126513	-0.236839	-0.388758	-0.550058	-0.686544	-0.761742	-0.741994	-0.619383	-0.383504	-0.0390097	0.381229	0.829424	1.24749	1.56372	1.71529	1.6802	1.45932	1.09127	0.650082	0.203992	-0.190229	-0.49207	-0.678975	-0.756198	-0.739688	-0.634516	-0.478885	-0.323791	-0.186709	-0.0877855	-0.0393882	-0.0232478	-0.0259427	-0.0355342	-0.0381165	-0.0368264	-0.0306701	-0.0159706	-0.00674213	-0.00751329	-0.00695783	-0.00591454	-0.00850721	-0.00771312	0	
0	-0.00296428	0.00111324	-0.00256143	-0.000785054	-0.00102227	0.00158593	-0.00282312	-0.00326757	0.000746305	-0.00542856	-0.00245949	0.00320794	0.00160604	-0.000143107	-0.00211366	-0.00410243	-0.000481524	-0.00170299	-2.40626e-05	-0.00471375	-0.00429656	-0.00423292	-0.000526566	-0.00790439	-0.00571361	-0.00348683	-0.00505356	-0.00835755	-0.00832601	-0.00462362	-0.00488252	-0.0111945	-0.0148486	-0.00241742	-0.00436356	-0.0151395	-0.0206213	-0.00706686	-0.00556226	-0.00935611	-0.0215933	-0.0271557	-0.019418	-0.00463156	-0.00656683	-0.0287185	-0.0440431	-0.0414833	-0.0405199	-0.0371426	-0.0336373	-0.0300334	-0.0466365	-0.0980881	-0.171119	-0.283808	-0.429218	-0.58404	-0.715685	-0.773773	-0.741571	-0.61282	-0.365108	-0.0111278	0.420181	0.889118	1.31501	1.62801	1.78326	1.7462	1.51918	1.15004	0.704004	0.245482	-0.16177	-0.474474	-0.676835	-0.768645	-0.75948	-0.665654	-0.520679	-0.365598	-0.229415	-0.131061	-0.0694111	-0.0329005	-0.0220467	-0.0284639	-0.0345111	-0.0380651	-0.0375816	-0.0273624	-0.0137006	-0.00377363	-6.08073e-05	-0.0057945	-0.0140967	-0.0122672	0	
0	-0.000868378	0.00319647	-0.000202592	0.000736731	0.000297485	-0.00180896	-0.00350614	-0.00194516	-0.00021787	-0.00460298	0.00320794	0.000504325	-0.00867967	-0.00391552	-0.000244695	-0.00236673	-0.00189429	-0.00274525	-0.00435993	-0.00497273	-0.00144539	-0.00245813	-0.00581211	-0.00542724	-0.00286589	-0.00433593	-0.00632869	-0.00672031	-0.00576328	-0.00521254	-0.00628749	-0.011315	-0.0102323	-0.00378997	-0.00669585	-0.0171676	-0.0173069	-0.00773938	-0.00599725	-0.0138118	-0.0260031	-0.0297433	-0.0177948	-0.00395633	-0.0122954	-0.0402749	-0.0548703	-0.0487291	-0.0388379	-0.0304337	-0.0291198	-0.035582	-0.0730727	-0.136148	-0.216193	-0.327713	-0.464905	-0.616057	-0.733394	-0.776886	-0.732797	-0.590965	-0.336173	0.0272952	0.46991	0.944907	1.36472	1.66869	1.81957	1.77753	1.56027	1.20907	0.760975	0.286656	-0.131111	-0.44891	-0.658194	-0.758603	-0.763982	-0.691851	-0.557438	-0.40243	-0.273888	-0.179624	-0.104691	-0.0489138	-0.0233081	-0.0223386	-0.0283458	-0.0357228	-0.0429241	-0.039912	-0.0223118	-0.00130653	0.00585033	-0.00527104	-0.0182167	-0.0159371	0	
0	-0.000170882	-1.35223e-05	-0.00048717	-0.00209454	2.69493e-06	-0.00102216	-0.00163746	0.00438571	-0.00246466	-0.00379149	0.00160604	-0.00867967	-0.00448047	0.00241286	-0.00261126	-0.00596871	-0.00354963	-0.00221104	-0.00521969	-0.00442517	0.000665998	-0.00691684	-0.00699469	-0.00251969	-0.0017535	-0.00896869	-0.00629096	-0.00507085	-0.00516511	-0.00759586	-0.00938299	-0.0090179	-0.00812875	-0.00658697	-0.0121053	-0.0153456	-0.0156018	-0.00816016	-0.0101485	-0.0176665	-0.0298312	-0.0283012	-0.0159171	-0.00525999	-0.0215788	-0.0490714	-0.0627327	-0.0510745	-0.0338368	-0.0244495	-0.0251429	-0.0515703	-0.104424	-0.180557	-0.265022	-0.370191	-0.499858	-0.63785	-0.737196	-0.763968	-0.707717	-0.554716	-0.294715	0.0716925	0.520676	0.989723	1.39346	1.68765	1.82912	1.78885	1.59213	1.25019	0.800637	0.332186	-0.0844568	-0.409848	-0.627034	-0.736771	-0.757646	-0.703715	-0.581329	-0.437222	-0.321888	-0.229341	-0.143174	-0.0732364	-0.0320343	-0.0182711	-0.0200324	-0.0307035	-0.0469972	-0.0512464	-0.0302306	-0.0015648	0.00782345	-0.00466635	-0.0190622	-0.0173764	0	
0	-0.000449606	-0.00317757	-0.00111481	-0.00143595	-0.00159221	0.000351208	-0.00118931	-0.00233186	-0.00138562	-0.00123991	-0.000143107	-0.00391552	0.00241286	0.000655696	-0.00535928	-0.00484316	-0.00365266	0.000502321	-0.00690501	-0.00626388	-0.00210598	-0.00875182	-0.00758736	-0.00271683	-0.00686621	-0.0123172	-0.00686632	-0.00597217	-0.0084441	-0.0124008	-0.0125659	-0.00827332	-0.00896188	-0.0145907	-0.0166211	-0.0148527	-0.0145729	-0.013392	-0.0157032	-0.0231111	-0.0309479	-0.0249518	-0.0143072	-0.0102574	-0.0306513	-0.0546875	-0.0643519	-0.0485337	-0.0274455	-0.0178528	-0.0304615	-0.0747575	-0.145564	-0.229867	-0.31449	-0.411951	-0.527028	-0.645707	-0.72263	-0.73511	-0.666324	-0.508967	-0.250419	0.122157	0.566836	1.02305	1.41554	1.68784	1.81175	1.77866	1.5977	1.27119	0.842617	0.386561	-0.0330753	-0.364046	-0.585974	-0.702171	-0.734319	-0.69874	-0.596371	-0.470316	-0.367438	-0.276661	-0.185723	-0.106602	-0.0487726	-0.0178303	-0.0113506	-0.0245781	-0.0496828	-0.0587139	-0.0354809	-0.00569903	0.00374732	-0.00447116	-0.0156041	-0.0154815	0	
0	0.00295722	-0.00265672	0.00277692	0.000203994	-0.00252363	0.000363772	-0.00231313	-0.00371242	-0.00170267	-0.00390231	-0.00211366	-0.000244695	-0.00261126	-0.00535928	-0.00659281	8.728e-05	0.000163064	-0.00346566	-0.00890349	-0.00221822	0.00101409	-0.00838452	-0.00658869	-5.90858e-05	-0.00762481	-0.0089145	-0.00546111	-0.00375861	-0.0089462	-0.011967	-0.0109181	-0.00345205	-0.00925551	-0.0182598	-0.0152527	-0.00910847	-0.0122566	-0.0165165	-0.0188704	-0.0247201	-0.0270371	-0.0203464	-0.0151934	-0.0208731	-0.0416027	-0.0599953	-0.0662694	-0.0468408	-0.0255718	-0.0180885	-0.0451826	-0.106461	-0.188603	-0.276584	-0.358064	-0.444558	-0.544212	-0.639743	-0.696446	-0.696122	-0.617183	-0.456831	-0.195227	0.177974	0.613332	1.05195	1.41864	1.66327	1.77359	1.74524	1.58025	1.28213	0.88461	0.441019	0.0182364	-0.313642	-0.531576	-0.650571	-0.698088	-0.682362	-0.599804	-0.494994	-0.407691	-0.322147	-0.231519	-0.147	-0.073629	-0.0232106	-0.00502322	-0.0192743	-0.050414	-0.0602107	-0.0371558	-0.0139434	-0.0066744	-0.00530144	-0.00823911	-0.00991064	0	
0	0.000908394	5.20196e-05	0.00286605	-0.00224034	-0.000278604	-0.000326	-0.00527549	-4.83748e-05	0.000157099	-0.00205983	-0.00410243	-0.00236673	-0.00596871	-0.00484316	8.728e-05	-0.00111519	-0.00836428	-0.00594358	-0.00408944	-0.000395949	-0.00667273	-0.00982058	-0.00414562	-0.00246951	-0.0100384	-0.00969456	-0.00520112	-0.0062585	-0.0107071	-0.0143112	-0.00946305	-0.00368861	-0.0139655	-0.0229467	-0.013618	-0.00751169	-0.0148475	-0.0239856	-0.0234978	-0.0275053	-0.0227017	-0.019973	-0.021572	-0.0355448	-0.0500745	-0.0620614	-0.0618217	-0.0444085	-0.0210342	-0.0254546	-0.0662002	-0.144632	-0.235182	-0.32144	-0.399701	-0.47137	-0.550617	-0.619102	-0.657275	-0.642163	-0.558749	-0.397991	-0.131281	0.233925	0.655277	1.07216	1.4048	1.61792	1.71467	1.69339	1.54971	1.284	0.914369	0.484281	0.0736381	-0.245939	-0.464898	-0.5974	-0.654428	-0.645461	-0.585835	-0.512637	-0.442677	-0.363111	-0.27781	-0.192451	-0.106064	-0.0363207	-0.00468435	-0.0167248	-0.0481622	-0.0550963	-0.0358578	-0.0251204	-0.0213995	-0.00775031	0.000931385	-0.00156822	0	
0	-0.00242242	-0.00283891	-0.00497508	-0.00162231	-0.00289577	0.0014529	0.000754586	0.000688372	-0.00122734	-0.00292997	-0.000481524	-0.00189429	-0.00354963	-0.00365266	0.000163064	-0.00836428	-0.00905447	-0.00211371	-0.0030129	-0.00972578	-0.00997875	-0.00568426	-0.00428435	-0.0103382	-0.0106736	-0.00943761	-0.00608886	-0.0110912	-0.0126632	-0.0158568	-0.00792996	-0.00852442	-0.019677	-0.0250487	-0.0118584	-0.00890009	-0.0217247	-0.0299878	-0.0292733	-0.0257394	-0.020673	-0.0214029	-0.0335054	-0.0489768	-0.0545612	-0.0588791	-0.0549861	-0.0391429	-0.0220505	-0.0383073	-0.0967075	-0.188017	-0.279527	-0.36653	-0.433669	-0.491299	-0.5451	-0.585389	-0.604806	-0.577474	-0.491785	-0.325825	-0.0654509	0.288329	0.691824	1.07197	1.37412	1.5636	1.64468	1.62545	1.50052	1.26928	0.931641	0.526654	0.138693	-0.175094	-0.402458	-0.537029	-0.58928	-0.591586	-0.564973	-0.519858	-0.463585	-0.398194	-0.325121	-0.239757	-0.143499	-0.0591828	-0.0142572	-0.0179891	-0.0422669	-0.0450885	-0.0332729	-0.0364173	-0.0364504	-0.012223	0.00847515	0.00725213	0	
0	0.00176197	0.00019627	0.000738191	0.00172668	-0.00357441	-0.000823553	-0.00523747	-0.00452149	-0.000762909	-0.00740087	-0.00170299	-0.00274525	-0.00221104	0.000502321	-0.00346566	-0.00594358	-0.00211371	0.00221212	-0.00622531	-0.00907024	-0.00200608	-0.00164454	-0.00868957	-0.0113001	-0.00507685	-0.00690215	-0.00923354	-0.0121037	-0.0123961	-0.0115481	-0.00854827	-0.0121523	-0.0220559	-0.0195264	-0.0092138	-0.0103157	-0.0252997	-0.0311286	-0.0272993	-0.0190927	-0.0156663	-0.0243103	-0.0449855	-0.0558934	-0.0545063	-0.0510939	-0.0495528	-0.0388831	-0.0333805	-0.0671319	-0.139888	-0.237482	-0.326685	-0.40437	-0.458655	-0.494855	-0.517132	-0.534627	-0.536698	-0.505175	-0.421688	-0.255644	-0.00230939	0.339401	0.717333	1.06649	1.33551	1.49182	1.56061	1.54598	1.44079	1.24086	0.9348	0.566182	0.202307	-0.10942	-0.333491	-0.460645	-0.515536	-0.534164	-0.529818	-0.504638	-0.471791	-0.43133	-0.368964	-0.282955	-0.184952	-0.0938891	-0.0354055	-0.0232871	-0.0341917	-0.03402	-0.0308521	-0.0440033	-0.0473623	-0.0187134	0.0107488	0.0133139	0	
0	0.00205163	-0.00157263	0.00283108	0.000803324	-0.0019893	0.00177187	-0.00296764	-0.0046655	-0.00241489	-0.00332356	-2.40626e-05	-0.00435993	-0.00521969	-0.00690501	-0.00890349	-0.00408944	-0.0030129	-0.00622531	-0.00926348	-0.00736312	-0.00337115	-0.00502575	-0.0132113	-0.00727192	-0.00356851	-0.00865921	-0.0126449	-0.0112003	-0.00942627	-0.00953274	-0.0114223	-0.017659	-0.0187171	-0.0158292	-0.0101866	-0.0179557	-0.0291805	-0.0341454	-0.0266624	-0.0177881	-0.0204314	-0.0379505	-0.0612571	-0.0643759	-0.053852	-0.0472234	-0.0464338	-0.044455	-0.0532319	-0.101222	-0.185709	-0.279807	-0.364769	-0.431129	-0.470578	-0.483623	-0.478485	-0.473669	-0.463771	-0.430904	-0.344097	-0.182664	0.061846	0.38576	0.731324	1.04716	1.28294	1.4153	1.47005	1.45379	1.36996	1.20022	0.930461	0.598851	0.253443	-0.0450266	-0.254399	-0.380288	-0.440908	-0.465605	-0.474014	-0.472068	-0.471294	-0.456144	-0.402321	-0.321378	-0.23063	-0.138627	-0.0669221	-0.0339185	-0.0280999	-0.0261163	-0.0287994	-0.0445827	-0.0510043	-0.0265664	0.00542436	0.0135302	0	
0	0.000497324	-0.00438157	-0.00117755	-0.00452216	-0.0033543	-0.00117162	-0.00171695	0.00357764	0.00188437	-0.000900969	-0.00471375	-0.00497273	-0.00442517	-0.00626388	-0.00221822	-0.000395949	-0.00972578	-0.00907024	-0.00736312	-0.0074104	-0.00566267	-0.00922614	-0.0151831	-0.0072404	-0.0064999	-0.0147639	-0.0161575	-0.0121959	-0.0101808	-0.0136277	-0.0203312	-0.0215638	-0.0165843	-0.0160627	-0.0193602	-0.0261162	-0.0328524	-0.0349403	-0.0246544	-0.0193931	-0.0277963	-0.0529637	-0.0690766	-0.0639537	-0.0465414	-0.0390104	-0.0441476	-0.0544926	-0.0812714	-0.145258	-0.231919	-0.323121	-0.397841	-0.449738	-0.47233	-0.455628	-0.425446	-0.402304	-0.383659	-0.349966	-0.26551	-0.107678	0.125174	0.420643	0.73545	1.01415	1.21418	1.32793	1.37484	1.36691	1.29884	1.14864	0.912248	0.610743	0.292186	0.0244444	-0.172216	-0.301199	-0.36127	-0.38627	-0.404229	-0.425063	-0.456626	-0.46576	-0.42435	-0.355915	-0.27742	-0.188746	-0.106722	-0.052328	-0.0295314	-0.0245408	-0.0261417	-0.0369779	-0.0469487	-0.0344959	-0.00717015	0.00649327	0	
0	-0.00189265	-0.00213649	-0.00263874	-0.00157894	-0.0017672	4.42174e-05	-0.00272226	-0.00529764	-0.00552384	-0.00479452	-0.00429656	-0.00144539	0.000665998	-0.00210598	0.00101409	-0.00667273	-0.00997875	-0.00200608	-0.00337115	-0.00566267	-0.00708137	-0.0107835	-0.0116813	-0.00403485	-0.00899458	-0.0174239	-0.0138926	-0.0100756	-0.00963014	-0.0185688	-0.0232692	-0.0188934	-0.0104771	-0.0195105	-0.0257154	-0.0292428	-0.0296294	-0.0304925	-0.0209627	-0.021412	-0.0383845	-0.0619157	-0.0696383	-0.0565018	-0.0375039	-0.0345702	-0.0476806	-0.077451	-0.122281	-0.196829	-0.281949	-0.3633	-0.425034	-0.46019	-0.455988	-0.411411	-0.356525	-0.315752	-0.29482	-0.260895	-0.181749	-0.0381517	0.171833	0.436444	0.717278	0.964574	1.14824	1.24982	1.28621	1.27885	1.2168	1.08477	0.876344	0.608048	0.33101	0.0898827	-0.100548	-0.222612	-0.276325	-0.299465	-0.321809	-0.364436	-0.426016	-0.4567	-0.433799	-0.385403	-0.321645	-0.23905	-0.151541	-0.0811984	-0.0440154	-0.0304913	-0.0215299	-0.0232131	-0.0378878	-0.0408366	-0.0234935	-0.0062464	0	
0	0.00379015	0.00256966	0.00422925	0.00419478	-0.00176385	-0.00129587	-0.00440416	-0.00535396	-0.00367401	-0.006424	-0.00423292	-0.00245813	-0.00691684	-0.00875182	-0.00838452	-0.00982058	-0.00568426	-0.00164454	-0.00502575	-0.00922614	-0.0107835	-0.00815005	-0.00345328	-0.00582045	-0.0133506	-0.01434	-0.00786586	-0.0077304	-0.0116822	-0.0204822	-0.0208486	-0.0109579	-0.00918439	-0.0242523	-0.0312319	-0.0269357	-0.0261626	-0.0265157	-0.0233435	-0.0323264	-0.0534993	-0.0711348	-0.0683649	-0.0533282	-0.0371605	-0.0406678	-0.0676581	-0.114822	-0.175353	-0.250072	-0.324736	-0.391529	-0.434248	-0.446461	-0.414784	-0.344602	-0.272874	-0.227858	-0.207811	-0.180113	-0.110733	0.0208554	0.207527	0.443579	0.69432	0.914335	1.07759	1.1641	1.19755	1.19119	1.13259	1.01768	0.834228	0.597654	0.352563	0.133541	-0.0354329	-0.140617	-0.187282	-0.20484	-0.233654	-0.296668	-0.374371	-0.423663	-0.431639	-0.409382	-0.358349	-0.283187	-0.198489	-0.12329	-0.0742935	-0.0426798	-0.015306	-0.00880559	-0.0284308	-0.043783	-0.0376193	-0.0200913	0	
0	-0.00156807	-0.00280091	-0.00358889	-0.00355848	-0.00410945	-0.00114001	-0.00169827	-0.000731199	0.00205482	0.000939103	-0.000526566	-0.00581211	-0.00699469	-0.00758736	-0.00658869	-0.00414562	-0.00428435	-0.00868957	-0.0132113	-0.0151831	-0.0116813	-0.00345328	-0.011094	-0.0196687	-0.0178015	-0.0111093	-0.0121298	-0.0165672	-0.0208419	-0.0251624	-0.020508	-0.0132513	-0.0190689	-0.0368562	-0.0368067	-0.028801	-0.0262793	-0.0305163	-0.034357	-0.0492664	-0.0672407	-0.0712695	-0.0621741	-0.0463397	-0.0366411	-0.048687	-0.0906963	-0.15662	-0.224622	-0.294662	-0.35726	-0.407586	-0.433065	-0.420384	-0.361871	-0.272424	-0.187533	-0.138182	-0.119599	-0.0944293	-0.0356778	0.0741747	0.232512	0.433375	0.651759	0.850839	1.00082	1.08332	1.11621	1.10995	1.05949	0.952843	0.779943	0.566857	0.349273	0.161764	0.0272418	-0.0573394	-0.0957098	-0.112789	-0.14933	-0.213898	-0.295034	-0.373965	-0.421103	-0.420306	-0.380378	-0.318633	-0.247399	-0.177874	-0.117126	-0.0595094	-0.0120675	-0.000976158	-0.0224805	-0.0419206	-0.0435349	-0.0288624	0	
0	-0.000865524	-0.00513234	-0.00352629	-0.00356843	-0.00404798	-0.000873129	-0.000661774	-0.000870747	-0.00307303	-0.00548638	-0.00790439	-0.00542724	-0.00251969	-0.00271683	-5.90858e-05	-0.00246951	-0.0103382	-0.0113001	-0.00727192	-0.0072404	-0.00403485	-0.00582045	-0.0196687	-0.0179443	-0.0066621	-0.00900894	-0.0171961	-0.0204786	-0.0203228	-0.0208921	-0.0157066	-0.0161375	-0.0269005	-0.0390863	-0.0329788	-0.0231713	-0.0234063	-0.0330345	-0.0447746	-0.0607363	-0.067716	-0.0624134	-0.0505998	-0.0431231	-0.0420542	-0.0689037	-0.129689	-0.209498	-0.279572	-0.338217	-0.384818	-0.416332	-0.417109	-0.37442	-0.291083	-0.182882	-0.0917581	-0.0428195	-0.0259183	-0.0122554	0.0285261	0.112024	0.234936	0.402315	0.595821	0.779164	0.925423	1.01296	1.05017	1.04512	0.990306	0.878924	0.712755	0.517013	0.329846	0.184781	0.082647	0.0136568	-0.0149231	-0.0262809	-0.0546819	-0.110413	-0.205333	-0.317787	-0.390667	-0.407243	-0.388173	-0.347968	-0.296197	-0.237372	-0.165327	-0.0827577	-0.0199621	-0.00497236	-0.0214015	-0.0352593	-0.037843	-0.0273328	0	
0	0.00161936	0.00295748	0.00298666	0.00304077	0.000280902	-0.00174595	-0.00571086	-0.0088774	-0.00831673	-0.00687911	-0.00571361	-0.00286589	-0.0017535	-0.00686621	-0.00762481	-0.0100384	-0.0106736	-0.00507685	-0.00356851	-0.0064999	-0.00899458	-0.0133506	-0.0178015	-0.0066621	-0.00460091	-0.0152307	-0.0207022	-0.0186731	-0.0168973	-0.0153487	-0.0155788	-0.0237144	-0.0317708	-0.0357635	-0.0268015	-0.0208558	-0.0252403	-0.0428494	-0.0586902	-0.0682	-0.0635563	-0.0524784	-0.0473309	-0.0487029	-0.0616374	-0.104712	-0.18181	-0.267892	-0.329416	-0.372267	-0.399114	-0.406908	-0.378454	-0.306453	-0.200629	-0.0833361	0.00904457	0.0552424	0.0621055	0.0608861	0.0755227	0.124878	0.215025	0.354805	0.53345	0.713216	0.863094	0.954638	0.989697	0.980436	0.920216	0.805015	0.644092	0.465018	0.303554	0.184869	0.108412	0.0682417	0.0633843	0.067634	0.0504284	-0.00804684	-0.118669	-0.242789	-0.32874	-0.373607	-0.386159	-0.369675	-0.338538	-0.291303	-0.212941	-0.117323	-0.0459375	-0.0217548	-0.0247147	-0.0258102	-0.0214051	-0.0140345	0	
0	0.000675482	-0.00101702	-0.000376668	-0.0011791	-0.00367263	-0.0021285	-0.00253269	-0.00209602	-0.000545706	-0.00113705	-0.00348683	-0.00433593	-0.00896869	-0.0123172	-0.0089145	-0.00969456	-0.00943761	-0.00690215	-0.00865921	-0.0147639	-0.0174239	-0.01434	-0.0111093	-0.00900894	-0.0152307	-0.0223606	-0.0212635	-0.0198689	-0.0158833	-0.0168666	-0.0251564	-0.0350677	-0.0338542	-0.0321385	-0.0272321	-0.026431	-0.0372174	-0.0597914	-0.0731548	-0.0708224	-0.0566622	-0.0487025	-0.051493	-0.0658446	-0.0921988	-0.152361	-0.237785	-0.319166	-0.365741	-0.388767	-0.39371	-0.374488	-0.31633	-0.219324	-0.101606	0.0179763	0.105354	0.14426	0.14055	0.118762	0.106314	0.123952	0.184017	0.3027	0.468503	0.64561	0.799424	0.894968	0.935364	0.927615	0.862843	0.744339	0.58031	0.401018	0.25165	0.158143	0.117156	0.114354	0.138456	0.161154	0.148445	0.085311	-0.0221329	-0.142007	-0.246022	-0.325684	-0.369418	-0.378647	-0.368393	-0.331336	-0.257589	-0.166757	-0.0909637	-0.0490721	-0.0322094	-0.0168863	0.000571769	0.0067651	0	
0	-0.00163586	-0.00342284	-0.00488415	-0.00384753	-0.00457877	-0.00284295	-0.00173774	-0.00185461	-0.00151601	-0.00283896	-0.00505356	-0.00632869	-0.00629096	-0.00686632	-0.00546111	-0.00520112	-0.00608886	-0.00923354	-0.0126449	-0.0161575	-0.0138926	-0.00786586	-0.0121298	-0.0171961	-0.0207022	-0.0212635	-0.0220425	-0.0189842	-0.0156593	-0.0235275	-0.0372252	-0.0383434	-0.0284071	-0.0286333	-0.0305213	-0.034942	-0.0499524	-0.0720234	-0.0752252	-0.0606073	-0.0456415	-0.0451605	-0.0608056	-0.08788	-0.132467	-0.204921	-0.29167	-0.361034	-0.390226	-0.393436	-0.374524	-0.326165	-0.239607	-0.124221	0.00157425	0.11882	0.202531	0.234252	0.214467	0.16841	0.121031	0.103167	0.134529	0.234084	0.396024	0.578073	0.740998	0.848994	0.896136	0.887524	0.81733	0.686715	0.510443	0.329014	0.1877	0.115049	0.109819	0.145677	0.200124	0.241265	0.236474	0.182674	0.0885195	-0.0312653	-0.153341	-0.258405	-0.33232	-0.371773	-0.379527	-0.354028	-0.300452	-0.228286	-0.148536	-0.0843387	-0.0452978	-0.0120512	0.0196732	0.0256257	0	
0	-0.00105599	-0.00233073	-0.00210021	-0.00225056	-0.00282008	-0.00177306	-0.00295589	-0.00451549	-0.00532841	-0.0059704	-0.00835755	-0.00672031	-0.00507085	-0.00597217	-0.00375861	-0.0062585	-0.0110912	-0.0121037	-0.0112003	-0.0121959	-0.0100756	-0.0077304	-0.0165672	-0.0204786	-0.0186731	-0.0198689	-0.0189842	-0.0158333	-0.0187628	-0.0341781	-0.0404599	-0.0309349	-0.0211974	-0.0298059	-0.0376238	-0.046018	-0.062293	-0.0771651	-0.0678042	-0.0490799	-0.0411106	-0.0540727	-0.0823495	-0.126882	-0.186186	-0.264686	-0.341418	-0.39345	-0.402095	-0.382516	-0.334851	-0.255356	-0.144852	-0.0161027	0.109673	0.223354	0.299353	0.317331	0.275567	0.195774	0.111704	0.0603802	0.0691062	0.160277	0.324039	0.51756	0.695135	0.813227	0.865559	0.855713	0.77663	0.633238	0.444258	0.254457	0.116751	0.0627527	0.0848445	0.151513	0.238257	0.307248	0.323439	0.28594	0.199895	0.0790238	-0.0493297	-0.171405	-0.275275	-0.341646	-0.366738	-0.364238	-0.342206	-0.29026	-0.207844	-0.12642	-0.0665882	-0.0152848	0.0263872	0.0321492	0	
0	0.00186257	0.00159392	0.00168717	0.00225288	-0.00115292	-0.00254159	-0.00441882	-0.00750192	-0.00853907	-0.00839921	-0.00832601	-0.00576328	-0.00516511	-0.0084441	-0.0089462	-0.0107071	-0.0126632	-0.0123961	-0.00942627	-0.0101808	-0.00963014	-0.0116822	-0.0208419	-0.0203228	-0.0168973	-0.0158833	-0.0156593	-0.0187628	-0.0299613	-0.0388119	-0.0330007	-0.0220039	-0.0217861	-0.0370422	-0.0480719	-0.0581785	-0.0699168	-0.0723633	-0.055792	-0.0420285	-0.0480222	-0.0741184	-0.118494	-0.178754	-0.248216	-0.320575	-0.380764	-0.411141	-0.398072	-0.350775	-0.271818	-0.163811	-0.0350458	0.0973867	0.220749	0.326321	0.390434	0.388701	0.315829	0.198972	0.0781389	0.000144475	-0.0050341	0.0856864	0.260678	0.466722	0.656383	0.785448	0.841088	0.82783	0.740608	0.585216	0.385363	0.187952	0.0463939	-0.0033456	0.0357392	0.132231	0.255581	0.360249	0.405627	0.385866	0.306845	0.18955	0.0609648	-0.0716471	-0.193164	-0.280095	-0.334787	-0.369152	-0.375489	-0.337235	-0.259889	-0.174022	-0.0983972	-0.0322634	0.0131327	0.0211662	0	
0	-7.34659e-05	0.00026028	-9.41572e-05	-0.00126334	-0.00278031	-0.00315538	-0.00479676	-0.005211	-0.00334573	-0.00222412	-0.00462362	-0.00521254	-0.00759586	-0.0124008	-0.011967	-0.0143112	-0.0158568	-0.0115481	-0.00953274	-0.0136277	-0.0185688	-0.0204822	-0.0251624	-0.0208921	-0.0153487	-0.0168666	-0.0235275	-0.0341781	-0.0388119	-0.0350913	-0.0266336	-0.0259672	-0.0334766	-0.0512957	-0.0635689	-0.0714304	-0.0717029	-0.0644074	-0.0496344	-0.0495351	-0.0690463	-0.109626	-0.168555	-0.240512	-0.307226	-0.363857	-0.40097	-0.409116	-0.36946	-0.29265	-0.183167	-0.0540285	0.0813217	0.212089	0.326494	0.421667	0.468764	0.440001	0.332629	0.178744	0.0273886	-0.0702944	-0.0798956	0.017011	0.202182	0.423474	0.625822	0.759766	0.817775	0.804218	0.712487	0.549571	0.337487	0.1255	-0.0261286	-0.0780689	-0.0301334	0.0902792	0.250797	0.397278	0.477234	0.477247	0.406918	0.295112	0.17178	0.0434447	-0.082325	-0.194858	-0.292739	-0.363321	-0.386934	-0.361027	-0.299832	-0.222468	-0.142109	-0.069887	-0.0223291	-0.00383764	0	
0	-0.00135669	-0.00527516	-0.0062167	-0.00557262	-0.00715186	-0.00447356	-0.00194921	-0.0010687	-0.0010064	-0.00219765	-0.00488252	-0.00628749	-0.00938299	-0.0125659	-0.0109181	-0.00946305	-0.00792996	-0.00854827	-0.0114223	-0.0203312	-0.0232692	-0.0208486	-0.020508	-0.0157066	-0.0155788	-0.0251564	-0.0372252	-0.0404599	-0.0330007	-0.0266336	-0.0285548	-0.0361072	-0.0456399	-0.063665	-0.0746882	-0.0721123	-0.0609716	-0.0520624	-0.0501895	-0.0644447	-0.0983867	-0.152879	-0.225261	-0.299	-0.353156	-0.388033	-0.403215	-0.386724	-0.320056	-0.21197	-0.0788502	0.0614976	0.197557	0.320339	0.426568	0.507497	0.531662	0.471427	0.326965	0.138979	-0.036241	-0.143532	-0.152823	-0.0469982	0.152194	0.383346	0.59381	0.737451	0.801323	0.788334	0.693188	0.522096	0.297729	0.0701034	-0.0985051	-0.160817	-0.10795	0.0346374	0.22989	0.41467	0.527037	0.549888	0.495624	0.397896	0.289804	0.173022	0.0408992	-0.101242	-0.235217	-0.330372	-0.370162	-0.363276	-0.323823	-0.26505	-0.19803	-0.130976	-0.074969	-0.0340248	0	
0	-0.0029023	-0.00363626	-0.00471835	-0.0046909	-0.00407938	-0.00305947	-0.00422643	-0.00587375	-0.0061376	-0.00727183	-0.0111945	-0.011315	-0.0090179	-0.00827332	-0.00345205	-0.00368861	-0.00852442	-0.0121523	-0.017659	-0.0215638	-0.0188934	-0.0109579	-0.0132513	-0.0161375	-0.0237144	-0.0350677	-0.0383434	-0.0309349	-0.0220039	-0.0259672	-0.0361072	-0.0456514	-0.0551451	-0.0729494	-0.0748532	-0.0605017	-0.0456152	-0.0491496	-0.0627438	-0.0923526	-0.139653	-0.20862	-0.28632	-0.35044	-0.383983	-0.396162	-0.387901	-0.345919	-0.247754	-0.114133	0.0349461	0.178249	0.308086	0.424554	0.519255	0.582713	0.57982	0.483422	0.302402	0.0853055	-0.108088	-0.222286	-0.226021	-0.109292	0.101759	0.348975	0.573094	0.723194	0.790675	0.778966	0.680527	0.499616	0.259122	0.0141393	-0.167731	-0.23642	-0.181345	-0.0272737	0.187912	0.399695	0.544762	0.602358	0.579195	0.505394	0.412316	0.298618	0.157517	0.00103562	-0.147888	-0.262574	-0.328044	-0.345949	-0.329211	-0.299009	-0.26234	-0.206944	-0.134297	-0.0629034	0	
0	0.00402264	0.00338096	0.00532979	0.00535129	0.000717885	-0.00124828	-0.00526248	-0.00968436	-0.0135702	-0.0155473	-0.0148486	-0.0102323	-0.00812875	-0.00896188	-0.00925551	-0.0139655	-0.019677	-0.0220559	-0.0187171	-0.0165843	-0.0104771	-0.00918439	-0.0190689	-0.0269005	-0.0317708	-0.0338542	-0.0284071	-0.0211974	-0.0217861	-0.0334766	-0.0456399	-0.0551451	-0.0649072	-0.0747705	-0.064745	-0.045125	-0.0424111	-0.0626174	-0.0928541	-0.135499	-0.198095	-0.275232	-0.346825	-0.391684	-0.401226	-0.390149	-0.35664	-0.282563	-0.155067	0.000915736	0.157365	0.298059	0.422919	0.528669	0.608453	0.645671	0.604972	0.467992	0.251311	0.00943702	-0.192837	-0.301841	-0.294519	-0.161033	0.0682234	0.326573	0.55808	0.714938	0.784483	0.768422	0.661488	0.471881	0.224529	-0.0279446	-0.219089	-0.297242	-0.251427	-0.102864	0.118503	0.353675	0.538216	0.642037	0.658256	0.607844	0.521864	0.40756	0.269484	0.120296	-0.0303804	-0.165408	-0.261368	-0.307484	-0.319488	-0.325663	-0.32247	-0.277629	-0.188984	-0.0899408	0	
0	-0.000226688	0.00098253	-5.611e-05	-0.00128272	-0.00333744	-0.0045422	-0.00693555	-0.00778945	-0.00461008	-0.00155106	-0.00241742	-0.00378997	-0.00658697	-0.0145907	-0.0182598	-0.0229467	-0.0250487	-0.0195264	-0.0158292	-0.0160627	-0.0195105	-0.0242523	-0.0368562	-0.0390863	-0.0357635	-0.0321385	-0.0286333	-0.0298059	-0.0370422	-0.0512957	-0.063665	-0.0729494	-0.0747705	-0.0727576	-0.0558153	-0.0471044	-0.0611043	-0.0982272	-0.139552	-0.196035	-0.266643	-0.338935	-0.390957	-0.408744	-0.392938	-0.355574	-0.290931	-0.185909	-0.0326995	0.13165	0.285512	0.417409	0.528927	0.619395	0.673643	0.675736	0.596055	0.422012	0.179216	-0.0721907	-0.271887	-0.370881	-0.346478	-0.197244	0.04282	0.311721	0.548368	0.702106	0.766796	0.748612	0.643172	0.454969	0.205173	-0.0536029	-0.256667	-0.353554	-0.327492	-0.189925	0.03609	0.294306	0.517598	0.664578	0.715278	0.685841	0.611475	0.508316	0.386223	0.251971	0.103997	-0.0450526	-0.168243	-0.249895	-0.300866	-0.341286	-0.359481	-0.322046	-0.229548	-0.115126	0	
0	-0.00255325	-0.00932476	-0.0100817	-0.0108776	-0.0122706	-0.00768915	-0.00450885	-0.000495077	0.000796897	-0.00124398	-0.00436356	-0.00669585	-0.0121053	-0.0166211	-0.0152527	-0.013618	-0.0118584	-0.0092138	-0.0101866	-0.0193602	-0.0257154	-0.0312319	-0.0368067	-0.0329788	-0.0268015	-0.0272321	-0.0305213	-0.0376238	-0.0480719	-0.0635689	-0.0746882	-0.0748532	-0.064745	-0.0558153	-0.0486218	-0.0562611	-0.0879212	-0.135718	-0.190242	-0.255462	-0.324278	-0.379488	-0.405499	-0.398722	-0.358184	-0.293839	-0.200203	-0.0690027	0.0945932	0.257949	0.402105	0.52124	0.6199	0.688135	0.712555	0.6786	0.561134	0.358919	0.102821	-0.149873	-0.339317	-0.42217	-0.385399	-0.225471	0.0221571	0.290902	0.525561	0.68153	0.75183	0.738652	0.635486	0.447748	0.19476	-0.0755208	-0.296365	-0.410682	-0.398809	-0.269028	-0.0402041	0.231811	0.477892	0.653521	0.735147	0.736077	0.688927	0.608569	0.505021	0.38503	0.245289	0.0918675	-0.0560164	-0.178725	-0.269166	-0.332277	-0.359184	-0.329774	-0.246908	-0.131457	0	
0	-0.00326736	-0.00452479	-0.0056233	-0.00505624	-0.00503738	-0.00336415	-0.00536053	-0.00832485	-0.00951474	-0.0115675	-0.0151395	-0.0171676	-0.0153456	-0.0148527	-0.00910847	-0.00751169	-0.00890009	-0.0103157	-0.0179557	-0.0261162	-0.0292428	-0.0269357	-0.028801	-0.0231713	-0.0208558	-0.026431	-0.034942	-0.046018	-0.0581785	-0.0714304	-0.0721123	-0.0605017	-0.045125	-0.0471044	-0.0562611	-0.0823626	-0.125852	-0.187679	-0.251552	-0.317588	-0.371506	-0.401753	-0.403351	-0.37141	-0.305282	-0.211784	-0.0911562	0.0542732	0.220909	0.375224	0.508166	0.615275	0.694884	0.73759	0.728681	0.658356	0.511818	0.291307	0.028835	-0.217359	-0.396456	-0.470892	-0.424343	-0.257411	-0.00585679	0.270578	0.512998	0.672843	0.744656	0.732134	0.629833	0.438767	0.176744	-0.102637	-0.331399	-0.454619	-0.451271	-0.328557	-0.107389	0.159259	0.411358	0.608221	0.722859	0.763068	0.753809	0.703166	0.620323	0.51546	0.385526	0.229399	0.0609197	-0.0920425	-0.207322	-0.283921	-0.319033	-0.300581	-0.231798	-0.127021	0	
0	0.00489989	0.00417181	0.00728633	0.0060205	0.00136828	-0.000497101	-0.00664494	-0.0102999	-0.0145035	-0.0195385	-0.0206213	-0.0173069	-0.0156018	-0.0145729	-0.0122566	-0.0148475	-0.0217247	-0.0252997	-0.0291805	-0.0328524	-0.0296294	-0.0261626	-0.0262793	-0.0234063	-0.0252403	-0.0372174	-0.0499524	-0.062293	-0.0699168	-0.0717029	-0.0609716	-0.0456152	-0.0424111	-0.0611043	-0.0879212	-0.125852	-0.184086	-0.255518	-0.320823	-0.372742	-0.402076	-0.407374	-0.383286	-0.325624	-0.228985	-0.107228	0.0311141	0.183918	0.344893	0.490539	0.612733	0.703119	0.759971	0.768921	0.72207	0.617993	0.444882	0.210744	-0.0504971	-0.288756	-0.454657	-0.513227	-0.455332	-0.277883	-0.0171644	0.262421	0.504354	0.663714	0.735922	0.72175	0.614254	0.419342	0.157389	-0.122575	-0.353315	-0.478618	-0.4831	-0.376713	-0.17451	0.0786653	0.329626	0.540712	0.684627	0.765596	0.799777	0.78591	0.728485	0.637195	0.510983	0.351764	0.17772	0.020138	-0.101533	-0.19066	-0.24122	-0.235516	-0.179822	-0.0965011	0	
0	0.000132951	-0.000132478	-0.000117991	-0.000699074	-0.00373705	-0.00367871	-0.00774441	-0.0102016	-0.00969483	-0.00870339	-0.00706686	-0.00773938	-0.00816016	-0.013392	-0.0165165	-0.0239856	-0.0299878	-0.0311286	-0.0341454	-0.0349403	-0.0304925	-0.0265157	-0.0305163	-0.0330345	-0.0428494	-0.0597914	-0.0720234	-0.0771651	-0.0723633	-0.0644074	-0.0520624	-0.0491496	-0.0626174	-0.0982272	-0.135718	-0.187679	-0.255518	-0.327835	-0.377753	-0.404023	-0.406797	-0.384993	-0.334575	-0.244185	-0.117635	0.0245854	0.171202	0.319361	0.47171	0.60371	0.707527	0.772634	0.793477	0.761914	0.67854	0.545745	0.358845	0.12576	-0.125409	-0.345221	-0.492488	-0.538861	-0.47055	-0.286998	-0.0257896	0.254603	0.495619	0.651075	0.717711	0.698724	0.592799	0.402747	0.144287	-0.131431	-0.35986	-0.491151	-0.508798	-0.418131	-0.234465	0.000263461	0.242851	0.461168	0.627868	0.745541	0.823247	0.848475	0.816703	0.736008	0.613087	0.46074	0.301809	0.161273	0.0453871	-0.0546423	-0.123265	-0.133491	-0.0971757	-0.0480172	0	
