0	0	0	0	0	0	0	0	0	0	0	0	0	0	0	0	0	0	0	0	0	0	0	0	0	0	0	0	0	0	0	0	0	0	0	0	0	0	0	0	0	0	0	0	0	0	0	0	0	0	0	0	0	0	0	0	0	0	0	0	0	0	0	0	0	0	0	0	0	0	0	0	0	0	0	0	0	0	0	0	0	0	0	0	0	0	0	0	0	0	0	0	0	0	0	0	0	0	0	0	
0	0.103294	0.170186	0.19547	0.197169	0.183841	0.150619	0.0928363	0.0227738	-0.0450662	-0.10765	-0.16682	-0.217324	-0.253069	-0.276024	-0.287433	-0.282908	-0.257003	-0.210787	-0.154707	-0.0961248	-0.0379143	0.0197364	0.0721314	0.112512	0.136453	0.151192	0.169706	0.192726	0.212333	0.217584	0.204544	0.177772	0.14699	0.113687	0.0729986	0.0208805	-0.0390958	-0.0961464	-0.143576	-0.181405	-0.205911	-0.213434	-0.197679	-0.163077	-0.1216	-0.0874983	-0.0625482	-0.0412156	-0.0205086	-0.0038369	0.0140822	0.0363606	0.0604957	0.0789019	0.0890618	0.0946227	0.0931485	0.0756925	0.038821	-0.00645903	-0.0408166	-0.0567302	-0.062465	-0.0651294	-0.0622323	-0.0458881	-0.0159241	0.0211545	0.0608061	0.0987179	0.132837	0.159907	0.171642	0.164675	0.13747	0.0964476	0.0489821	0.0022909	-0.0368283	-0.0685336	-0.0902299	-0.0987309	-0.0941519	-0.0783104	-0.0558877	-0.0341846	-0.0177502	-0.0074945	-0.00164631	0.000959567	0.00132715	-0.00114786	-0.00547133	-0.00885772	-0.0114609	-0.0114303	-0.00892646	-0.00503678	0	
0	0.170186	0.295404	0.358585	0.36726	0.333584	0.264586	0.163154	0.0405112	-0.0900034	-0.21994	-0.341581	-0.438769	-0.505338	-0.547273	-0.565437	-0.551434	-0.497095	-0.408373	-0.300886	-0.188968	-0.0779891	0.0281837	0.12457	0.204239	0.260249	0.300357	0.341216	0.381218	0.410711	0.414963	0.389114	0.337533	0.274185	0.202102	0.118484	0.0209078	-0.0839102	-0.183011	-0.269036	-0.340055	-0.387871	-0.404043	-0.382956	-0.328663	-0.257429	-0.192515	-0.141337	-0.0947526	-0.04934	-0.00815395	0.0311918	0.0738584	0.117909	0.151686	0.171349	0.177086	0.162368	0.121168	0.058736	-0.011758	-0.066968	-0.0995169	-0.113561	-0.112056	-0.0995113	-0.0704616	-0.0225378	0.0421187	0.119283	0.198758	0.267301	0.314632	0.334226	0.320831	0.269886	0.191209	0.0965237	0.00109991	-0.0778295	-0.136546	-0.173797	-0.185531	-0.176315	-0.149282	-0.110261	-0.0747344	-0.04417	-0.0212406	-0.00816372	-0.00190347	-0.00154566	-0.00543419	-0.0114749	-0.0163535	-0.0189296	-0.0170772	-0.0124727	-0.0066915	0	
0	0.19547	0.358585	0.458847	0.48141	0.431135	0.333642	0.201224	0.0414336	-0.139869	-0.330661	-0.509539	-0.650631	-0.744419	-0.79949	-0.814533	-0.781093	-0.698053	-0.574007	-0.427713	-0.270363	-0.114623	0.0310732	0.161146	0.27581	0.369408	0.444653	0.511596	0.562376	0.589396	0.584415	0.544847	0.471698	0.376811	0.264476	0.139367	0.00718427	-0.125845	-0.250203	-0.361923	-0.458416	-0.522172	-0.548743	-0.531571	-0.477305	-0.396002	-0.311293	-0.234092	-0.161966	-0.0883167	-0.0204223	0.0467954	0.10905	0.163758	0.206534	0.231318	0.230774	0.196443	0.133719	0.0583201	-0.0178081	-0.0824127	-0.126292	-0.145478	-0.138433	-0.112518	-0.0707554	-0.0113093	0.0715943	0.18024	0.294355	0.391442	0.457635	0.479327	0.456376	0.384191	0.273513	0.139396	0.00414697	-0.106173	-0.188002	-0.237552	-0.253489	-0.24308	-0.211862	-0.166813	-0.120579	-0.0806685	-0.050064	-0.0275753	-0.0140856	-0.00827601	-0.010741	-0.0172694	-0.0195812	-0.019864	-0.0156173	-0.00943634	-0.00467964	0	
0	0.197169	0.36726	0.48141	0.516824	0.470519	0.361609	0.204517	0.0126138	-0.203634	-0.431221	-0.64997	-0.82584	-0.943741	-1.00683	-1.01151	-0.954285	-0.841653	-0.692058	-0.519421	-0.333065	-0.142756	0.0352736	0.194502	0.338976	0.46482	0.570467	0.658437	0.7132	0.731822	0.714133	0.662257	0.572017	0.451343	0.305526	0.148713	-0.00655464	-0.153537	-0.289504	-0.415208	-0.524267	-0.598285	-0.632145	-0.628486	-0.587622	-0.511577	-0.421279	-0.331034	-0.235885	-0.135699	-0.0397014	0.0475916	0.125991	0.194547	0.240803	0.258452	0.243397	0.193881	0.122618	0.0496803	-0.021703	-0.0804269	-0.123065	-0.144245	-0.136609	-0.108348	-0.0570196	0.0185374	0.118613	0.241951	0.373091	0.486951	0.562938	0.589456	0.561491	0.47422	0.343937	0.186624	0.0253579	-0.110673	-0.214374	-0.282469	-0.308547	-0.302108	-0.268875	-0.216905	-0.169538	-0.125443	-0.0866986	-0.0575559	-0.0354506	-0.0215445	-0.0157134	-0.015434	-0.0154954	-0.0148892	-0.0104271	-0.00566584	-0.00244933	0	
0	0.183841	0.333584	0.431135	0.470519	0.438679	0.333679	0.158582	-0.0587113	-0.292527	-0.532003	-0.763223	-0.95353	-1.08118	-1.14717	-1.14396	-1.0654	-0.925951	-0.750594	-0.562417	-0.362303	-0.155557	0.0462288	0.230523	0.397943	0.541403	0.658477	0.751056	0.802015	0.811781	0.786648	0.729936	0.6319	0.497198	0.332266	0.156885	-0.0108059	-0.165607	-0.305059	-0.430608	-0.541759	-0.618823	-0.66555	-0.6771	-0.652604	-0.587247	-0.500429	-0.403661	-0.297707	-0.182726	-0.0782648	0.0207052	0.111136	0.186165	0.230612	0.236345	0.211401	0.165224	0.108772	0.0493563	-0.0105235	-0.0577643	-0.0850051	-0.0972068	-0.0932291	-0.0694743	-0.0165538	0.0654457	0.17037	0.296099	0.424881	0.538222	0.622155	0.656828	0.636196	0.549065	0.409685	0.237138	0.0588082	-0.0931593	-0.217397	-0.30791	-0.354944	-0.361849	-0.332458	-0.277055	-0.217378	-0.164744	-0.122264	-0.0849879	-0.0534066	-0.0278091	-0.0137507	-0.0108367	-0.00916363	-0.0113207	-0.0104656	-0.00702385	-0.00420781	0	
0	0.150619	0.264586	0.333642	0.361609	0.333679	0.232766	0.053108	-0.171812	-0.407343	-0.639255	-0.860309	-1.03923	-1.15851	-1.21998	-1.21138	-1.1214	-0.960284	-0.764154	-0.561104	-0.357416	-0.1462	0.0653922	0.264925	0.444474	0.591112	0.702675	0.786187	0.826913	0.828462	0.799295	0.742566	0.645406	0.51065	0.342998	0.162777	-0.0118051	-0.170032	-0.304129	-0.417456	-0.515207	-0.592393	-0.650027	-0.682491	-0.675708	-0.621204	-0.540241	-0.44718	-0.338045	-0.223306	-0.123364	-0.0357964	0.0494584	0.125966	0.163426	0.159488	0.13655	0.110904	0.0845896	0.0575856	0.0237307	-0.000236021	-0.0134335	-0.0211768	-0.0179867	-0.000880017	0.0457752	0.123264	0.224195	0.341828	0.460244	0.56192	0.638865	0.683009	0.680709	0.610479	0.480803	0.306935	0.11647	-0.056729	-0.206392	-0.325349	-0.397097	-0.422293	-0.400644	-0.341358	-0.277146	-0.212166	-0.151558	-0.10155	-0.0605784	-0.0305688	-0.0138937	-0.00808268	-0.00634718	-0.00714244	-0.00472561	-0.00252683	-0.00103832	0	
0	0.0928363	0.163154	0.201224	0.204517	0.158582	0.053108	-0.119832	-0.333198	-0.552158	-0.761766	-0.954915	-1.10654	-1.20178	-1.24492	-1.22363	-1.12228	-0.950416	-0.739542	-0.526116	-0.317606	-0.109496	0.0995194	0.296876	0.472486	0.60767	0.70211	0.769382	0.798945	0.794279	0.761944	0.705739	0.613593	0.490382	0.337567	0.168497	-0.000170877	-0.154741	-0.279195	-0.374131	-0.458269	-0.531599	-0.602857	-0.653306	-0.664388	-0.623113	-0.55181	-0.465257	-0.367659	-0.266572	-0.186119	-0.113399	-0.0435509	0.0128257	0.0371299	0.0331231	0.0262533	0.0284293	0.0388551	0.0514819	0.0573399	0.0607426	0.0635364	0.0641195	0.0725558	0.0939419	0.135057	0.199222	0.284448	0.38834	0.492012	0.581521	0.654419	0.700901	0.710255	0.656736	0.542039	0.373145	0.173823	-0.0176559	-0.192461	-0.336662	-0.429393	-0.469103	-0.45646	-0.400413	-0.326695	-0.249835	-0.179899	-0.117598	-0.0691801	-0.0358675	-0.0202207	-0.0182278	-0.0148692	-0.0131013	-0.00733626	-0.00104791	0.000225533	0	
0	0.0227738	0.0405112	0.0414336	0.0126138	-0.0587113	-0.171812	-0.333198	-0.521231	-0.708666	-0.881854	-1.03834	-1.15343	-1.21425	-1.22771	-1.18315	-1.06883	-0.889837	-0.677637	-0.462626	-0.258261	-0.0573251	0.139777	0.323839	0.480899	0.591626	0.658878	0.705646	0.726357	0.720137	0.687734	0.630575	0.542867	0.435926	0.309146	0.169327	0.0257391	-0.107492	-0.21304	-0.296253	-0.374413	-0.452146	-0.529724	-0.592897	-0.619865	-0.595275	-0.540254	-0.473047	-0.394014	-0.313187	-0.249303	-0.197541	-0.151251	-0.11451	-0.104291	-0.10748	-0.101816	-0.0795393	-0.0414844	0.013889	0.0664661	0.109307	0.134775	0.148567	0.166255	0.190893	0.232006	0.289349	0.360283	0.444654	0.532884	0.611939	0.676663	0.719336	0.729645	0.684056	0.579277	0.415331	0.212417	0.00805958	-0.182599	-0.341545	-0.444632	-0.489693	-0.476905	-0.417725	-0.347345	-0.27379	-0.203249	-0.143222	-0.0954121	-0.0611195	-0.0436834	-0.0384289	-0.035727	-0.0338866	-0.0266253	-0.0185996	-0.00934253	0	
0	-0.0450662	-0.0900034	-0.139869	-0.203634	-0.292527	-0.407343	-0.552158	-0.708666	-0.855562	-0.988064	-1.10206	-1.17117	-1.18688	-1.1636	-1.09397	-0.963362	-0.780942	-0.57521	-0.374374	-0.183188	0.0035149	0.185453	0.346938	0.47508	0.551099	0.585014	0.60674	0.614892	0.606286	0.574954	0.521777	0.444218	0.358435	0.264413	0.16319	0.0607629	-0.0359039	-0.117046	-0.189239	-0.270463	-0.352841	-0.435825	-0.503031	-0.538735	-0.530171	-0.497611	-0.455658	-0.404824	-0.347907	-0.307535	-0.278985	-0.259473	-0.249526	-0.250062	-0.250056	-0.232535	-0.192386	-0.126566	-0.0385901	0.0509531	0.130135	0.191332	0.230753	0.260388	0.290312	0.330114	0.38273	0.442664	0.511797	0.584097	0.649113	0.70109	0.735332	0.741959	0.692212	0.583235	0.417749	0.219312	0.0240377	-0.161012	-0.323117	-0.434415	-0.486495	-0.477984	-0.421589	-0.350941	-0.282578	-0.224661	-0.171831	-0.126925	-0.0914188	-0.0706427	-0.0661045	-0.0640974	-0.0648172	-0.0577984	-0.0421433	-0.0228961	0	
0	-0.10765	-0.21994	-0.330661	-0.431221	-0.532003	-0.639255	-0.761766	-0.881854	-0.988064	-1.07955	-1.14869	-1.16552	-1.12924	-1.06583	-0.970341	-0.830088	-0.652128	-0.463025	-0.27839	-0.101233	0.0735216	0.234774	0.366638	0.45754	0.498553	0.500964	0.494318	0.479125	0.453934	0.417999	0.372524	0.314494	0.257388	0.197391	0.137079	0.0800005	0.0283685	-0.0169058	-0.0717657	-0.147676	-0.232091	-0.313484	-0.380283	-0.423041	-0.432638	-0.428206	-0.419808	-0.398384	-0.368116	-0.355608	-0.363152	-0.377732	-0.38668	-0.396553	-0.397281	-0.371612	-0.309822	-0.214966	-0.0935758	0.0302798	0.148038	0.246509	0.315671	0.359019	0.387993	0.422197	0.466064	0.518959	0.580154	0.638138	0.68095	0.714475	0.739786	0.743034	0.69212	0.58208	0.421956	0.234474	0.0478167	-0.134456	-0.299579	-0.419344	-0.482252	-0.48357	-0.435698	-0.373601	-0.309349	-0.247112	-0.190993	-0.144712	-0.109174	-0.0909779	-0.0855779	-0.0811932	-0.0755774	-0.0619844	-0.045145	-0.0235145	0	
0	-0.16682	-0.341581	-0.509539	-0.64997	-0.763223	-0.860309	-0.954915	-1.03834	-1.10206	-1.14869	-1.17126	-1.14028	-1.05661	-0.951728	-0.833625	-0.694502	-0.534888	-0.364169	-0.19145	-0.0214463	0.140242	0.280283	0.378994	0.433769	0.440676	0.413944	0.377628	0.332114	0.282716	0.23679	0.199989	0.164734	0.136092	0.111559	0.0937919	0.0864036	0.0821906	0.0728367	0.0428874	-0.019122	-0.0967392	-0.176488	-0.242977	-0.287511	-0.311373	-0.337205	-0.367081	-0.38221	-0.38361	-0.403715	-0.444663	-0.488274	-0.522113	-0.547788	-0.555809	-0.522493	-0.437771	-0.309964	-0.155433	0.00537626	0.163533	0.302911	0.402976	0.463357	0.493828	0.51078	0.533977	0.56991	0.615763	0.658213	0.689305	0.714947	0.739689	0.745854	0.70222	0.607922	0.46235	0.280736	0.0897777	-0.101607	-0.279321	-0.413427	-0.490876	-0.507572	-0.471911	-0.412068	-0.342494	-0.274577	-0.209405	-0.15554	-0.116397	-0.0931223	-0.0840566	-0.0756828	-0.0681584	-0.0545169	-0.0359091	-0.017845	0	
0	-0.217324	-0.438769	-0.650631	-0.82584	-0.95353	-1.03923	-1.10654	-1.15343	-1.17117	-1.16552	-1.14028	-1.072	-0.956349	-0.827043	-0.70189	-0.575115	-0.434182	-0.27979	-0.121535	0.0295112	0.172655	0.293454	0.372192	0.39845	0.375182	0.320315	0.259621	0.193678	0.127803	0.0758727	0.0452742	0.0252439	0.0198245	0.0270245	0.0530964	0.0932638	0.13181	0.155793	0.149074	0.103587	0.0342102	-0.0420779	-0.107175	-0.155124	-0.189328	-0.233878	-0.290794	-0.34012	-0.37947	-0.435255	-0.506742	-0.575442	-0.631692	-0.681182	-0.703426	-0.668146	-0.566576	-0.415121	-0.228427	-0.0273824	0.172468	0.346858	0.475521	0.551241	0.58012	0.582553	0.579144	0.584999	0.603701	0.630074	0.658575	0.69239	0.725774	0.746329	0.730652	0.664807	0.539429	0.363534	0.165241	-0.0433228	-0.243798	-0.40247	-0.501161	-0.531386	-0.502908	-0.445854	-0.378099	-0.306771	-0.236497	-0.175257	-0.124394	-0.0930858	-0.0794774	-0.0720696	-0.0677655	-0.0586085	-0.04589	-0.0253725	0	
0	-0.253069	-0.505338	-0.744419	-0.943741	-1.08118	-1.15851	-1.20178	-1.21425	-1.18688	-1.12924	-1.05661	-0.956349	-0.829877	-0.707276	-0.596513	-0.48021	-0.346251	-0.206437	-0.0768682	0.0404056	0.155304	0.261499	0.328681	0.340387	0.297478	0.226563	0.153912	0.0790602	0.00654124	-0.0469907	-0.0729407	-0.0807303	-0.070233	-0.0380794	0.0187527	0.0931079	0.163262	0.215064	0.235114	0.213295	0.15525	0.0782652	0.00514832	-0.046916	-0.0826592	-0.128907	-0.196067	-0.270754	-0.350059	-0.444808	-0.543986	-0.631972	-0.710215	-0.779438	-0.812721	-0.778038	-0.671823	-0.510216	-0.306444	-0.0794972	0.150058	0.355487	0.510517	0.604531	0.639733	0.630924	0.603745	0.575769	0.562866	0.574611	0.606635	0.649924	0.703455	0.75278	0.764949	0.721256	0.611601	0.45196	0.262462	0.0493283	-0.170647	-0.358516	-0.484111	-0.535385	-0.522081	-0.475306	-0.413716	-0.346125	-0.272715	-0.202824	-0.145142	-0.10665	-0.0903722	-0.0859427	-0.0867724	-0.0804496	-0.0616511	-0.0332319	0	
0	-0.276024	-0.547273	-0.79949	-1.00683	-1.14717	-1.21998	-1.24492	-1.22771	-1.1636	-1.06583	-0.951728	-0.827043	-0.707276	-0.611177	-0.520445	-0.408087	-0.279581	-0.160582	-0.063596	0.0182699	0.102692	0.185196	0.241528	0.24977	0.210803	0.144108	0.0709268	-0.00797248	-0.0843804	-0.13859	-0.160226	-0.159779	-0.13768	-0.095499	-0.0277489	0.0599675	0.152132	0.233974	0.287049	0.291916	0.250582	0.178447	0.101653	0.0400564	0.000291067	-0.0400913	-0.103925	-0.196269	-0.309683	-0.437863	-0.560057	-0.66204	-0.750042	-0.827525	-0.869568	-0.847015	-0.752298	-0.594414	-0.38391	-0.141954	0.107427	0.335523	0.51446	0.624969	0.666663	0.653975	0.60861	0.558209	0.527963	0.529313	0.556153	0.608422	0.684145	0.759225	0.791177	0.75929	0.667926	0.52813	0.351739	0.140537	-0.0871243	-0.289185	-0.435619	-0.512119	-0.526207	-0.501225	-0.453536	-0.388939	-0.313226	-0.239978	-0.176137	-0.134095	-0.113892	-0.102519	-0.0942996	-0.0817918	-0.063333	-0.0351947	0	
0	-0.287433	-0.565437	-0.814533	-1.01151	-1.14396	-1.21138	-1.22363	-1.18315	-1.09397	-0.970341	-0.833625	-0.70189	-0.596513	-0.520445	-0.442489	-0.343759	-0.238952	-0.150141	-0.08272	-0.0317699	0.0162185	0.0681474	0.110187	0.125952	0.106205	0.0584721	-0.00412092	-0.074548	-0.142762	-0.19146	-0.213421	-0.212265	-0.191531	-0.150967	-0.0872786	0.00081186	0.103189	0.206685	0.286102	0.318996	0.299281	0.244441	0.177274	0.121533	0.0828733	0.0418515	-0.0261579	-0.1269	-0.256171	-0.401925	-0.540456	-0.654768	-0.749262	-0.831026	-0.884682	-0.882831	-0.806811	-0.65531	-0.439908	-0.186643	0.076619	0.319684	0.509863	0.626745	0.666917	0.642018	0.581052	0.518162	0.479883	0.47473	0.503192	0.568778	0.665886	0.757495	0.802175	0.788762	0.716195	0.590339	0.418908	0.212513	-0.00896018	-0.214656	-0.373621	-0.470677	-0.509091	-0.505852	-0.474983	-0.423716	-0.357172	-0.285799	-0.219867	-0.166267	-0.127926	-0.102803	-0.0873975	-0.0732642	-0.0538277	-0.0282512	0	
0	-0.282908	-0.551434	-0.781093	-0.954285	-1.0654	-1.1214	-1.12228	-1.06883	-0.963362	-0.830088	-0.694502	-0.575115	-0.48021	-0.408087	-0.343759	-0.276387	-0.211711	-0.15847	-0.125635	-0.111942	-0.0992855	-0.0729799	-0.0389573	-0.0157505	-0.0165393	-0.0418716	-0.0790539	-0.119977	-0.161174	-0.197271	-0.220647	-0.227528	-0.2143	-0.181354	-0.126507	-0.0476476	0.0537879	0.163499	0.255108	0.301551	0.302111	0.271949	0.230233	0.192628	0.162347	0.123454	0.0556612	-0.0465366	-0.176671	-0.327922	-0.482789	-0.615788	-0.723709	-0.813086	-0.878635	-0.89236	-0.827884	-0.677952	-0.457923	-0.195813	0.0752823	0.31833	0.500464	0.602442	0.623998	0.580496	0.505211	0.434889	0.391901	0.387993	0.429781	0.517618	0.632596	0.739467	0.806988	0.817545	0.762085	0.643183	0.480191	0.283626	0.0652092	-0.142294	-0.306916	-0.413195	-0.465295	-0.479036	-0.469271	-0.438738	-0.38721	-0.32228	-0.252799	-0.192213	-0.148651	-0.11859	-0.0980478	-0.0809314	-0.0610686	-0.0344913	0	
0	-0.257003	-0.497095	-0.698053	-0.841653	-0.925951	-0.960284	-0.950416	-0.889837	-0.780942	-0.652128	-0.534888	-0.434182	-0.346251	-0.279581	-0.238952	-0.211711	-0.1892	-0.180164	-0.195356	-0.22334	-0.23793	-0.225781	-0.195959	-0.166976	-0.151435	-0.148288	-0.148409	-0.148713	-0.15646	-0.171905	-0.190314	-0.200857	-0.196581	-0.17434	-0.133509	-0.0691973	0.0201583	0.124093	0.214471	0.268353	0.280233	0.268484	0.253346	0.245362	0.233756	0.198584	0.128603	0.0301318	-0.0951673	-0.248736	-0.414245	-0.562692	-0.682641	-0.780793	-0.849585	-0.861071	-0.791946	-0.640788	-0.423603	-0.16762	0.0912229	0.3134	0.466412	0.538026	0.532109	0.4707	0.38587	0.309163	0.264438	0.268621	0.330306	0.439777	0.574533	0.706282	0.801861	0.831873	0.789804	0.692152	0.551262	0.367645	0.156608	-0.0490498	-0.214393	-0.326786	-0.394084	-0.431114	-0.447924	-0.438525	-0.401711	-0.34477	-0.281998	-0.226334	-0.184313	-0.157287	-0.137778	-0.117673	-0.088278	-0.0472885	0	
0	-0.210787	-0.408373	-0.574007	-0.692058	-0.750594	-0.764154	-0.739542	-0.677637	-0.57521	-0.463025	-0.364169	-0.27979	-0.206437	-0.160582	-0.150141	-0.15847	-0.180164	-0.22328	-0.289091	-0.351991	-0.388936	-0.38928	-0.361825	-0.324753	-0.289421	-0.254754	-0.217156	-0.182044	-0.156883	-0.14526	-0.14716	-0.152186	-0.153702	-0.143252	-0.116569	-0.0679656	0.00474563	0.0890079	0.166569	0.216647	0.23642	0.242336	0.25159	0.268381	0.271699	0.241513	0.173307	0.0776652	-0.0426716	-0.189114	-0.350937	-0.49944	-0.626975	-0.728897	-0.791229	-0.784214	-0.697209	-0.538897	-0.330627	-0.0969739	0.126971	0.303148	0.408122	0.437309	0.402622	0.32758	0.240109	0.164696	0.125039	0.13897	0.210563	0.331212	0.486562	0.647953	0.768965	0.820275	0.807429	0.74187	0.62536	0.458138	0.261113	0.0669702	-0.0960497	-0.21828	-0.304501	-0.364139	-0.402176	-0.413735	-0.399705	-0.36407	-0.318528	-0.275167	-0.242394	-0.218712	-0.197935	-0.173529	-0.132461	-0.0736538	0	
0	-0.154707	-0.300886	-0.427713	-0.519421	-0.562417	-0.561104	-0.526116	-0.462626	-0.374374	-0.27839	-0.19145	-0.121535	-0.0768682	-0.063596	-0.08272	-0.125635	-0.195356	-0.289091	-0.394927	-0.488602	-0.548927	-0.561882	-0.533214	-0.487531	-0.434789	-0.370827	-0.298492	-0.227449	-0.167486	-0.126322	-0.107497	-0.103927	-0.108898	-0.110235	-0.095893	-0.0629994	-0.016148	0.0388682	0.0935475	0.137121	0.166197	0.189615	0.219505	0.251454	0.262867	0.238144	0.178693	0.0943574	-0.014791	-0.148467	-0.292358	-0.429945	-0.553308	-0.651628	-0.697905	-0.666766	-0.560363	-0.394841	-0.195249	0.00946012	0.187314	0.310229	0.361656	0.34764	0.280437	0.186393	0.0864668	0.00585721	-0.0303937	-0.0122278	0.0647238	0.200965	0.381896	0.568896	0.714515	0.795559	0.817256	0.778913	0.681562	0.534465	0.360562	0.181232	0.0213852	-0.103367	-0.197219	-0.270262	-0.328435	-0.366789	-0.385194	-0.379786	-0.359857	-0.335147	-0.309871	-0.289181	-0.266554	-0.233164	-0.177261	-0.0971711	0	
0	-0.0961248	-0.188968	-0.270363	-0.333065	-0.362303	-0.357416	-0.317606	-0.258261	-0.183188	-0.101233	-0.0214463	0.0295112	0.0404056	0.0182699	-0.0317699	-0.111942	-0.22334	-0.351991	-0.488602	-0.607904	-0.685745	-0.703764	-0.677192	-0.630696	-0.566312	-0.476553	-0.367761	-0.259623	-0.168134	-0.102814	-0.0678093	-0.0553572	-0.0680447	-0.0843614	-0.0866622	-0.072962	-0.0472163	-0.0151313	0.0220358	0.0584925	0.0915154	0.124957	0.161939	0.200245	0.219982	0.21183	0.174137	0.107772	0.00992858	-0.10881	-0.236352	-0.359275	-0.471778	-0.550823	-0.573937	-0.523766	-0.407939	-0.24234	-0.0548572	0.124075	0.264321	0.340428	0.344951	0.286023	0.180699	0.0556803	-0.0651453	-0.156536	-0.195425	-0.17747	-0.0930727	0.0638075	0.268004	0.479326	0.654234	0.769724	0.817442	0.793932	0.711505	0.583268	0.426071	0.258796	0.114044	0.00132837	-0.0899652	-0.171009	-0.24706	-0.310935	-0.357274	-0.376284	-0.379304	-0.372339	-0.358451	-0.342143	-0.316698	-0.274024	-0.203687	-0.11139	0	
0	-0.0379143	-0.0779891	-0.114623	-0.142756	-0.155557	-0.1462	-0.109496	-0.0573251	0.0035149	0.0735216	0.140242	0.172655	0.155304	0.102692	0.0162185	-0.0992855	-0.23793	-0.388936	-0.548927	-0.685745	-0.771324	-0.801843	-0.791703	-0.751837	-0.676767	-0.561439	-0.420271	-0.281559	-0.164879	-0.0798684	-0.0277706	-0.0127349	-0.0359948	-0.073862	-0.0999433	-0.10415	-0.0871278	-0.0591882	-0.0303408	-0.00542869	0.0221196	0.0522312	0.0912002	0.135327	0.171637	0.189312	0.176671	0.126162	0.040795	-0.0655484	-0.177407	-0.286941	-0.379258	-0.432209	-0.42878	-0.361946	-0.242907	-0.0821252	0.0911864	0.243344	0.349415	0.388024	0.346962	0.244829	0.0981281	-0.0585467	-0.199286	-0.300327	-0.345738	-0.332232	-0.244409	-0.0794278	0.135172	0.363235	0.566699	0.711299	0.781073	0.777061	0.716664	0.602555	0.454946	0.30746	0.183438	0.0860823	0.00228838	-0.0833595	-0.171883	-0.250685	-0.312826	-0.348048	-0.36418	-0.365778	-0.358229	-0.347003	-0.323666	-0.282499	-0.213887	-0.118076	0	
0	0.0197364	0.0281837	0.0310732	0.0352736	0.0462288	0.0653922	0.0995194	0.139777	0.185453	0.234774	0.280283	0.293454	0.261499	0.185196	0.0681474	-0.0729799	-0.225781	-0.38928	-0.561882	-0.703764	-0.801843	-0.859828	-0.876215	-0.844149	-0.760909	-0.631474	-0.472301	-0.315913	-0.179936	-0.0738948	-0.011861	0.00512481	-0.0246504	-0.0746271	-0.117259	-0.133047	-0.117412	-0.0902385	-0.0688939	-0.0571167	-0.0458714	-0.0257042	0.0115878	0.0661848	0.122602	0.164144	0.172982	0.142288	0.0753507	-0.0107273	-0.1051	-0.19824	-0.272685	-0.302762	-0.280809	-0.202598	-0.0768453	0.0799991	0.236171	0.3624	0.438075	0.440036	0.362722	0.220504	0.0367073	-0.146959	-0.303207	-0.414117	-0.465485	-0.457852	-0.377152	-0.219068	-0.0133889	0.220092	0.439762	0.602823	0.695523	0.720152	0.680547	0.579523	0.453374	0.329045	0.226066	0.144446	0.0725652	-0.00401048	-0.0879299	-0.166749	-0.237806	-0.283746	-0.308095	-0.317192	-0.316472	-0.312728	-0.302067	-0.275908	-0.214182	-0.118784	0	
0	0.0721314	0.12457	0.161146	0.194502	0.230523	0.264925	0.296876	0.323839	0.346938	0.366638	0.378994	0.372192	0.328681	0.241528	0.110187	-0.0389573	-0.195959	-0.361825	-0.533214	-0.677192	-0.791703	-0.876215	-0.912467	-0.888451	-0.810059	-0.682956	-0.523656	-0.360737	-0.208151	-0.0903213	-0.0231262	-0.00292457	-0.0235845	-0.0705605	-0.1192	-0.143944	-0.138046	-0.119137	-0.10782	-0.112879	-0.114989	-0.105587	-0.0717438	-0.0103716	0.065831	0.129434	0.156816	0.145718	0.104829	0.0445071	-0.023912	-0.0939075	-0.147622	-0.167333	-0.142692	-0.0624414	0.0619069	0.212942	0.354951	0.457338	0.507014	0.486568	0.382753	0.217902	0.0093741	-0.199118	-0.376108	-0.50341	-0.565661	-0.561182	-0.483333	-0.337413	-0.140374	0.086978	0.301022	0.468183	0.576348	0.617372	0.59541	0.517038	0.416433	0.319802	0.236839	0.176413	0.12852	0.0692083	0.000476703	-0.0708974	-0.140925	-0.188334	-0.219133	-0.239173	-0.253507	-0.266305	-0.269703	-0.252382	-0.199355	-0.113336	0	
0	0.112512	0.204239	0.27581	0.338976	0.397943	0.444474	0.472486	0.480899	0.47508	0.45754	0.433769	0.39845	0.340387	0.24977	0.125952	-0.0157505	-0.166976	-0.324753	-0.487531	-0.630696	-0.751837	-0.844149	-0.888451	-0.877653	-0.815688	-0.708826	-0.564965	-0.404933	-0.245947	-0.121287	-0.04954	-0.0179623	-0.0251686	-0.0619689	-0.108109	-0.144519	-0.157254	-0.154084	-0.157922	-0.178757	-0.19695	-0.198439	-0.165946	-0.0937282	-0.00210905	0.0760238	0.123436	0.140266	0.128176	0.0982202	0.0620052	0.0225015	-0.0123409	-0.0301064	-0.0155987	0.0512873	0.166221	0.307405	0.438431	0.527023	0.559148	0.516952	0.399502	0.221296	-0.00137201	-0.223239	-0.418693	-0.564411	-0.633271	-0.630883	-0.559273	-0.41807	-0.234691	-0.0245389	0.174319	0.334536	0.446762	0.496245	0.485846	0.42517	0.346496	0.268937	0.212245	0.182592	0.162428	0.129135	0.0810014	0.0239849	-0.039318	-0.0857697	-0.124227	-0.160038	-0.186093	-0.210169	-0.228013	-0.220849	-0.177162	-0.10256	0	
0	0.136453	0.260249	0.369408	0.46482	0.541403	0.591112	0.60767	0.591626	0.551099	0.498553	0.440676	0.375182	0.297478	0.210803	0.106205	-0.0165393	-0.151435	-0.289421	-0.434789	-0.566312	-0.676767	-0.760909	-0.810059	-0.815688	-0.783232	-0.712341	-0.598149	-0.453856	-0.298812	-0.171246	-0.0884656	-0.0464761	-0.0415154	-0.0620822	-0.0986315	-0.139246	-0.168087	-0.188142	-0.219243	-0.26377	-0.295521	-0.307899	-0.28087	-0.206298	-0.104799	-0.00887293	0.0660685	0.119744	0.14966	0.156635	0.154322	0.142565	0.121856	0.101983	0.105012	0.155881	0.251602	0.380634	0.506811	0.587558	0.605381	0.547859	0.411975	0.22356	-0.00299801	-0.22945	-0.428852	-0.578595	-0.652578	-0.656985	-0.594812	-0.47019	-0.304534	-0.118383	0.0581747	0.211371	0.320834	0.368418	0.364022	0.312313	0.241076	0.182232	0.151762	0.153408	0.170949	0.173585	0.156361	0.118548	0.0630944	0.00941833	-0.0436759	-0.0896203	-0.129188	-0.16819	-0.197703	-0.201188	-0.167445	-0.0998669	0	
0	0.151192	0.300357	0.444653	0.570467	0.658477	0.702675	0.70211	0.658878	0.585014	0.500964	0.413944	0.320315	0.226563	0.144108	0.0584721	-0.0418716	-0.148288	-0.254754	-0.370827	-0.476553	-0.561439	-0.631474	-0.682956	-0.708826	-0.712341	-0.684808	-0.606999	-0.490469	-0.353577	-0.22908	-0.14109	-0.09234	-0.0715808	-0.0701193	-0.0891128	-0.125521	-0.166921	-0.214974	-0.277705	-0.34727	-0.400622	-0.427358	-0.406531	-0.33659	-0.233507	-0.119647	-0.00840397	0.0913513	0.165357	0.21115	0.241155	0.252747	0.24671	0.235955	0.239445	0.274815	0.347312	0.453661	0.565788	0.638491	0.64826	0.579059	0.434317	0.237086	0.0055772	-0.220167	-0.419075	-0.568797	-0.645621	-0.658849	-0.610046	-0.497591	-0.352525	-0.19017	-0.0297613	0.109176	0.203675	0.240828	0.232652	0.181747	0.119486	0.0789729	0.0733673	0.104209	0.154983	0.192057	0.204122	0.189074	0.142229	0.0846454	0.0264697	-0.0331389	-0.0925712	-0.146242	-0.186926	-0.202335	-0.17404	-0.100939	0	
0	0.169706	0.341216	0.511596	0.658437	0.751056	0.786187	0.769382	0.705646	0.60674	0.494318	0.377628	0.259621	0.153912	0.0709268	-0.00412092	-0.0790539	-0.148409	-0.217156	-0.298492	-0.367761	-0.420271	-0.472301	-0.523656	-0.564965	-0.598149	-0.606999	-0.567417	-0.490206	-0.385834	-0.27873	-0.193189	-0.133322	-0.0927737	-0.0732283	-0.0779139	-0.105535	-0.156958	-0.231115	-0.322827	-0.419294	-0.493574	-0.534272	-0.525992	-0.463166	-0.350757	-0.215024	-0.0762508	0.0569018	0.168683	0.249966	0.311952	0.348264	0.361864	0.36965	0.381703	0.406863	0.455553	0.536915	0.630435	0.690372	0.690715	0.615861	0.461898	0.254031	0.0163058	-0.215327	-0.415044	-0.564219	-0.645799	-0.664252	-0.61914	-0.516586	-0.383972	-0.233565	-0.0850323	0.0408883	0.117381	0.140323	0.122649	0.0654536	0.00552237	-0.0231466	-0.0131361	0.0361923	0.108305	0.16864	0.203957	0.206544	0.175579	0.129809	0.0730783	0.00540721	-0.0682306	-0.138205	-0.193504	-0.214881	-0.184339	-0.106542	0	
0	0.192726	0.381218	0.562376	0.7132	0.802015	0.826913	0.798945	0.726357	0.614892	0.479125	0.332114	0.193678	0.0790602	-0.00797248	-0.074548	-0.119977	-0.148713	-0.182044	-0.227449	-0.259623	-0.281559	-0.315913	-0.360737	-0.404933	-0.453856	-0.490469	-0.490206	-0.458651	-0.396618	-0.315803	-0.230857	-0.154137	-0.097584	-0.0683617	-0.0641826	-0.0898414	-0.152173	-0.243073	-0.358812	-0.483973	-0.579102	-0.628639	-0.627949	-0.567362	-0.446767	-0.296161	-0.139707	0.0137721	0.150731	0.265431	0.354967	0.410462	0.445517	0.473317	0.497153	0.523972	0.564849	0.630979	0.706267	0.748547	0.737113	0.653798	0.493744	0.279741	0.0331014	-0.20809	-0.417402	-0.576495	-0.66494	-0.681034	-0.628871	-0.523592	-0.392463	-0.246953	-0.109303	1.19852e-05	0.0639029	0.0777285	0.049661	-0.0156948	-0.0814604	-0.113744	-0.109125	-0.0597769	0.0232737	0.100366	0.158173	0.183415	0.170642	0.138316	0.0842481	0.0104709	-0.0668056	-0.143486	-0.207634	-0.229084	-0.198653	-0.119694	0	
0	0.212333	0.410711	0.589396	0.731822	0.811781	0.828462	0.794279	0.720137	0.606286	0.453934	0.282716	0.127803	0.00654124	-0.0843804	-0.142762	-0.161174	-0.15646	-0.156883	-0.167486	-0.168134	-0.164879	-0.179936	-0.208151	-0.245947	-0.298812	-0.353577	-0.385834	-0.396618	-0.378131	-0.323357	-0.240828	-0.157736	-0.0953019	-0.0606454	-0.0529438	-0.0829182	-0.151217	-0.251519	-0.386403	-0.528526	-0.630868	-0.689856	-0.699899	-0.642443	-0.518229	-0.361709	-0.199084	-0.0379012	0.118618	0.256906	0.365248	0.437993	0.489375	0.531538	0.568717	0.604179	0.649025	0.71201	0.774526	0.801868	0.779636	0.689269	0.52637	0.308227	0.0543268	-0.197374	-0.421762	-0.596262	-0.690486	-0.699724	-0.634391	-0.514706	-0.373582	-0.226095	-0.0976293	-0.00281979	0.0500936	0.0512877	0.00924737	-0.0667176	-0.145717	-0.199242	-0.215374	-0.177057	-0.0936066	-0.00284915	0.0740523	0.122043	0.131125	0.10811	0.0580164	-0.0125465	-0.0886563	-0.164968	-0.228181	-0.244041	-0.206164	-0.122652	0	
0	0.217584	0.414963	0.584415	0.714133	0.786648	0.799295	0.761944	0.687734	0.574954	0.417999	0.23679	0.0758727	-0.0469907	-0.13859	-0.19146	-0.197271	-0.171905	-0.14526	-0.126322	-0.102814	-0.0798684	-0.0738948	-0.0903213	-0.121287	-0.171246	-0.22908	-0.27873	-0.315803	-0.323357	-0.287169	-0.219872	-0.147188	-0.0863709	-0.046702	-0.0431117	-0.078146	-0.14667	-0.252547	-0.399207	-0.546907	-0.654972	-0.717853	-0.731402	-0.677804	-0.556918	-0.399913	-0.240776	-0.0801107	0.0837349	0.227874	0.336589	0.416565	0.480311	0.535641	0.586252	0.638185	0.697194	0.763146	0.820893	0.843552	0.816267	0.723094	0.557238	0.33417	0.0752505	-0.184486	-0.415742	-0.595906	-0.692382	-0.6967	-0.623407	-0.496332	-0.341599	-0.187306	-0.0607373	0.030287	0.0702194	0.0524351	-0.00880155	-0.100235	-0.198924	-0.277334	-0.314445	-0.292614	-0.221224	-0.132875	-0.044696	0.0243191	0.0535394	0.0442915	0.0092058	-0.0504077	-0.129679	-0.20496	-0.256961	-0.268701	-0.22518	-0.128335	0	
0	0.204544	0.389114	0.544847	0.662257	0.729936	0.742566	0.705739	0.630575	0.521777	0.372524	0.199989	0.0452742	-0.0729407	-0.160226	-0.213421	-0.220647	-0.190314	-0.14716	-0.107497	-0.0678093	-0.0277706	-0.011861	-0.0231262	-0.04954	-0.0884656	-0.14109	-0.193189	-0.230857	-0.240828	-0.219872	-0.177666	-0.126779	-0.0717447	-0.0359277	-0.033566	-0.0643886	-0.130157	-0.239041	-0.38419	-0.530624	-0.641798	-0.705585	-0.71772	-0.668757	-0.555158	-0.409542	-0.263777	-0.111891	0.0454744	0.177962	0.277365	0.354786	0.417141	0.477917	0.543257	0.614193	0.695849	0.777939	0.844549	0.874908	0.849572	0.755758	0.587577	0.357459	0.0962768	-0.16177	-0.389939	-0.56227	-0.655289	-0.660492	-0.592241	-0.465825	-0.303696	-0.141954	-0.00549431	0.088385	0.116389	0.0759489	-0.00896575	-0.124416	-0.249555	-0.350923	-0.405251	-0.403919	-0.352994	-0.266768	-0.17453	-0.1004	-0.0554153	-0.0427656	-0.0576647	-0.107309	-0.181994	-0.253594	-0.302821	-0.31105	-0.257418	-0.141924	0	
0	0.177772	0.337533	0.471698	0.572017	0.6319	0.645406	0.613593	0.542867	0.444218	0.314494	0.164734	0.0252439	-0.0807303	-0.159779	-0.212265	-0.227528	-0.200857	-0.152186	-0.103927	-0.0553572	-0.0127349	0.00512481	-0.00292457	-0.0179623	-0.0464761	-0.09234	-0.133322	-0.154137	-0.157736	-0.147188	-0.126779	-0.0923498	-0.0524473	-0.0214151	-0.0135963	-0.0357492	-0.0969519	-0.19695	-0.329989	-0.469433	-0.578262	-0.636223	-0.652397	-0.613583	-0.516579	-0.396578	-0.275174	-0.138399	-0.00338741	0.102613	0.178211	0.239811	0.296582	0.359891	0.436433	0.533324	0.643976	0.751684	0.841901	0.889359	0.872488	0.783617	0.618109	0.387917	0.131396	-0.121572	-0.340084	-0.501241	-0.58942	-0.59775	-0.534834	-0.412531	-0.250033	-0.0814352	0.0638897	0.159445	0.173366	0.113134	0.00280764	-0.141939	-0.290585	-0.413799	-0.492773	-0.515793	-0.479698	-0.402178	-0.31383	-0.233788	-0.1716	-0.138106	-0.145519	-0.187443	-0.247878	-0.314557	-0.360639	-0.355897	-0.288343	-0.162807	0	
0	0.14699	0.274185	0.376811	0.451343	0.497198	0.51065	0.490382	0.435926	0.358435	0.257388	0.136092	0.0198245	-0.070233	-0.13768	-0.191531	-0.2143	-0.196581	-0.153702	-0.108898	-0.0680447	-0.0359948	-0.0246504	-0.0235845	-0.0251686	-0.0415154	-0.0715808	-0.0927737	-0.097584	-0.0953019	-0.0863709	-0.0717447	-0.0524473	-0.0256752	0.00441269	0.0201416	0.00219769	-0.0508402	-0.130706	-0.239811	-0.361769	-0.457875	-0.514852	-0.536869	-0.508396	-0.436868	-0.350909	-0.261559	-0.165343	-0.0748534	-0.0042186	0.0439904	0.0846644	0.132916	0.196353	0.288573	0.414318	0.558946	0.706781	0.828169	0.89149	0.886855	0.805969	0.648402	0.43251	0.182896	-0.0639985	-0.27991	-0.439988	-0.526593	-0.535039	-0.469719	-0.3446	-0.181534	-0.0083429	0.141483	0.230286	0.236309	0.160839	0.0327369	-0.130133	-0.304456	-0.454917	-0.566544	-0.617988	-0.601042	-0.540157	-0.45654	-0.367797	-0.297016	-0.254517	-0.248102	-0.275848	-0.325292	-0.382027	-0.414663	-0.390919	-0.307257	-0.174346	0	
0	0.113687	0.202102	0.264476	0.305526	0.332266	0.342998	0.337567	0.309146	0.264413	0.197391	0.111559	0.0270245	-0.0380794	-0.095499	-0.150967	-0.181354	-0.17434	-0.143252	-0.110235	-0.0843614	-0.073862	-0.0746271	-0.0705605	-0.0619689	-0.0620822	-0.0701193	-0.0732283	-0.0683617	-0.0606454	-0.046702	-0.0359277	-0.0214151	0.00441269	0.0406671	0.0630241	0.0536455	0.020522	-0.0347441	-0.117317	-0.211783	-0.295554	-0.355624	-0.38304	-0.364634	-0.320344	-0.270932	-0.226042	-0.184965	-0.149878	-0.128237	-0.117524	-0.0961542	-0.0562877	0.0117127	0.120243	0.274487	0.459588	0.651995	0.808552	0.894059	0.901531	0.828704	0.683822	0.480832	0.238897	-0.00544004	-0.223658	-0.388691	-0.474985	-0.481074	-0.412063	-0.283081	-0.120966	0.0561839	0.210633	0.297287	0.300454	0.222144	0.0815145	-0.100856	-0.294954	-0.475817	-0.618255	-0.696869	-0.707081	-0.663663	-0.588015	-0.496508	-0.41801	-0.365507	-0.342682	-0.357763	-0.400896	-0.44276	-0.458069	-0.42475	-0.326847	-0.179588	0	
0	0.0729986	0.118484	0.139367	0.148713	0.156885	0.162777	0.168497	0.169327	0.16319	0.137079	0.0937919	0.0530964	0.0187527	-0.0277489	-0.0872786	-0.126507	-0.133509	-0.116569	-0.095893	-0.0866622	-0.0999433	-0.117259	-0.1192	-0.108109	-0.0986315	-0.0891128	-0.0779139	-0.0641826	-0.0529438	-0.0431117	-0.033566	-0.0135963	0.0201416	0.0630241	0.0977887	0.113009	0.108419	0.0822071	0.0339629	-0.0317668	-0.103535	-0.162553	-0.19277	-0.191862	-0.17449	-0.157607	-0.161963	-0.185306	-0.209524	-0.239912	-0.272226	-0.279295	-0.249153	-0.168952	-0.0369492	0.147543	0.371413	0.601056	0.784604	0.891279	0.910762	0.852243	0.717762	0.52317	0.28754	0.0393446	-0.184174	-0.352679	-0.443954	-0.449028	-0.378001	-0.254542	-0.0875422	0.0970423	0.255836	0.349514	0.355868	0.275762	0.127947	-0.0625371	-0.268772	-0.471846	-0.638994	-0.744775	-0.783426	-0.757234	-0.690537	-0.602539	-0.515784	-0.446607	-0.405831	-0.406826	-0.439772	-0.471966	-0.476419	-0.437831	-0.337495	-0.182126	0	
0	0.0208805	0.0209078	0.00718427	-0.00655464	-0.0108059	-0.0118051	-0.000170877	0.0257391	0.0607629	0.0800005	0.0864036	0.0932638	0.0931079	0.0599675	0.00081186	-0.0476476	-0.0691973	-0.0679656	-0.0629994	-0.072962	-0.10415	-0.133047	-0.143944	-0.144519	-0.139246	-0.125521	-0.105535	-0.0898414	-0.0829182	-0.078146	-0.0643886	-0.0357492	0.00219769	0.0536455	0.113009	0.162655	0.192571	0.201575	0.192791	0.161738	0.112263	0.0640145	0.0281447	0.00929494	0.00109183	-0.0169664	-0.0686291	-0.142183	-0.226365	-0.315947	-0.39829	-0.436109	-0.413607	-0.322105	-0.170551	0.0370571	0.289505	0.546004	0.754176	0.883305	0.919229	0.867319	0.736867	0.539742	0.303673	0.0558364	-0.169235	-0.338077	-0.432131	-0.442053	-0.382267	-0.266461	-0.0997589	0.0920294	0.264459	0.37368	0.392281	0.318178	0.169442	-0.0247642	-0.239509	-0.45759	-0.63691	-0.75825	-0.813795	-0.802947	-0.74881	-0.661641	-0.560784	-0.469714	-0.414346	-0.399089	-0.412223	-0.437615	-0.442406	-0.404477	-0.310207	-0.166848	0	
0	-0.0390958	-0.0839102	-0.125845	-0.153537	-0.165607	-0.170032	-0.154741	-0.107492	-0.0359039	0.0283685	0.0821906	0.13181	0.163262	0.152132	0.103189	0.0537879	0.0201583	0.00474563	-0.016148	-0.0472163	-0.0871278	-0.117412	-0.138046	-0.157254	-0.168087	-0.166921	-0.156958	-0.152173	-0.151217	-0.14667	-0.130157	-0.0969519	-0.0508402	0.020522	0.108419	0.192571	0.260284	0.309193	0.341467	0.348554	0.33869	0.312515	0.275206	0.239353	0.207556	0.1548	0.0601874	-0.0596241	-0.193294	-0.336952	-0.467374	-0.544579	-0.536719	-0.44637	-0.288796	-0.0667699	0.199436	0.474807	0.705628	0.85543	0.909026	0.861227	0.724769	0.523496	0.282826	0.0370148	-0.185987	-0.356598	-0.451607	-0.471883	-0.425983	-0.315996	-0.151991	0.0489837	0.237118	0.365354	0.404179	0.341518	0.202486	0.0110564	-0.210277	-0.433695	-0.618245	-0.745315	-0.804586	-0.797698	-0.737163	-0.639825	-0.528563	-0.420203	-0.346036	-0.306782	-0.306283	-0.329864	-0.335509	-0.307007	-0.235283	-0.130963	0	
0	-0.0961464	-0.183011	-0.250203	-0.289504	-0.305059	-0.304129	-0.279195	-0.21304	-0.117046	-0.0169058	0.0728367	0.155793	0.215064	0.233974	0.206685	0.163499	0.124093	0.0890079	0.0388682	-0.0151313	-0.0591882	-0.0902385	-0.119137	-0.154084	-0.188142	-0.214974	-0.231115	-0.243073	-0.251519	-0.252547	-0.239041	-0.19695	-0.130706	-0.0347441	0.0822071	0.201575	0.309193	0.396703	0.467526	0.521733	0.558447	0.564635	0.538687	0.49838	0.441071	0.348561	0.214322	0.0538989	-0.126548	-0.313672	-0.477771	-0.584491	-0.596512	-0.52546	-0.383532	-0.166267	0.102336	0.38564	0.632752	0.796584	0.862125	0.81601	0.675616	0.477702	0.233468	-0.0106727	-0.237423	-0.41716	-0.516544	-0.545332	-0.504912	-0.391883	-0.226005	-0.0202831	0.180243	0.323737	0.383374	0.343295	0.226928	0.0474712	-0.170469	-0.38789	-0.571897	-0.695367	-0.743926	-0.729006	-0.657736	-0.549444	-0.426319	-0.293805	-0.194349	-0.140439	-0.128333	-0.142446	-0.154726	-0.151786	-0.11893	-0.0684492	0	
0	-0.143576	-0.269036	-0.361923	-0.415208	-0.430608	-0.417456	-0.374131	-0.296253	-0.189239	-0.0717657	0.0428874	0.149074	0.235114	0.287049	0.286102	0.255108	0.214471	0.166569	0.0935475	0.0220358	-0.0303408	-0.0688939	-0.10782	-0.157922	-0.219243	-0.277705	-0.322827	-0.358812	-0.386403	-0.399207	-0.38419	-0.329989	-0.239811	-0.117317	0.0339629	0.192791	0.341467	0.467526	0.578502	0.674801	0.755731	0.791528	0.78472	0.744952	0.667056	0.539581	0.371685	0.173733	-0.0374804	-0.252452	-0.439734	-0.564621	-0.604294	-0.561172	-0.443886	-0.241819	0.0160863	0.294208	0.54364	0.713611	0.779492	0.737492	0.596216	0.395653	0.15597	-0.0886763	-0.314773	-0.49363	-0.596095	-0.631268	-0.595138	-0.485689	-0.321529	-0.114044	0.0949484	0.256327	0.337965	0.329725	0.248007	0.091879	-0.105399	-0.307358	-0.485288	-0.599282	-0.637746	-0.611286	-0.529066	-0.402031	-0.252871	-0.104017	0.0131624	0.0785306	0.0999757	0.0903221	0.0589702	0.0301841	0.0153652	0.00322819	0	
0	-0.181405	-0.340055	-0.458416	-0.524267	-0.541759	-0.515207	-0.458269	-0.374413	-0.270463	-0.147676	-0.019122	0.103587	0.213295	0.291916	0.318996	0.301551	0.268353	0.216647	0.137121	0.0584925	-0.00542869	-0.0571167	-0.112879	-0.178757	-0.26377	-0.34727	-0.419294	-0.483973	-0.528526	-0.546907	-0.530624	-0.469433	-0.361769	-0.211783	-0.0317668	0.161738	0.348554	0.521733	0.674801	0.808841	0.91373	0.968697	0.97826	0.941602	0.851634	0.705027	0.512409	0.291067	0.056577	-0.174279	-0.374726	-0.512863	-0.574986	-0.562139	-0.465867	-0.282037	-0.0427937	0.216276	0.450944	0.611151	0.674156	0.635401	0.497734	0.29881	0.0638849	-0.180361	-0.400128	-0.572955	-0.677293	-0.71448	-0.680536	-0.577778	-0.415385	-0.207498	0.00424625	0.180947	0.286657	0.319929	0.279891	0.160757	-0.00738905	-0.1926	-0.359871	-0.468245	-0.497488	-0.465563	-0.37325	-0.22538	-0.0606793	0.101377	0.237676	0.31812	0.343789	0.323505	0.273958	0.215984	0.14877	0.0759651	0	
0	-0.205911	-0.387871	-0.522172	-0.598285	-0.618823	-0.592393	-0.531599	-0.452146	-0.352841	-0.232091	-0.0967392	0.0342102	0.15525	0.250582	0.299281	0.302111	0.280233	0.23642	0.166197	0.0915154	0.0221196	-0.0458714	-0.114989	-0.19695	-0.295521	-0.400622	-0.493574	-0.579102	-0.630868	-0.654972	-0.641798	-0.578262	-0.457875	-0.295554	-0.103535	0.112263	0.33869	0.558447	0.755731	0.91373	1.02999	1.09173	1.10974	1.07693	0.983512	0.830348	0.630195	0.402966	0.158464	-0.0839029	-0.291006	-0.436644	-0.518501	-0.523487	-0.438848	-0.28324	-0.0762266	0.154704	0.362048	0.508008	0.576119	0.538491	0.406381	0.205873	-0.0344236	-0.275166	-0.488398	-0.653565	-0.752861	-0.788804	-0.759011	-0.654053	-0.491995	-0.27713	-0.0533357	0.136592	0.274174	0.34335	0.335772	0.252034	0.106114	-0.0670502	-0.220473	-0.322989	-0.3502	-0.311725	-0.21215	-0.063473	0.109279	0.287288	0.436282	0.52906	0.55719	0.535304	0.47407	0.382724	0.270043	0.138603	0	
