0	0	0	0	0	0	0	0	0	0	0	0	0	0	0	0	0	0	0	0	0	0	0	0	0	0	0	0	0	0	0	0	0	0	0	0	0	0	0	0	0	0	0	0	0	0	0	0	0	0	0	0	0	0	0	0	0	0	0	0	0	0	0	0	0	0	0	0	0	0	0	0	0	0	0	0	0	0	0	0	0	0	0	0	0	0	0	0	0	0	0	0	0	0	0	0	0	0	0	0	
0	0.00239255	0.0047001	0.00761596	0.0110937	0.0148109	0.0176351	0.021492	0.0272955	0.0325764	0.0335869	0.0283227	0.0236145	0.0197128	0.0159293	0.00808876	0.000854841	0.000853326	0.00933474	0.0267392	0.0509304	0.0806855	0.111768	0.138789	0.157215	0.164365	0.160363	0.147196	0.12406	0.0907488	0.0494535	0.00279327	-0.0469175	-0.0936254	-0.131007	-0.160924	-0.184247	-0.198998	-0.205434	-0.204199	-0.195832	-0.179305	-0.154548	-0.123986	-0.086485	-0.0447174	-0.0032797	0.0385368	0.0788106	0.117043	0.145694	0.159825	0.159963	0.148086	0.125938	0.0997851	0.0701614	0.0392277	0.0118726	-0.00923966	-0.0244005	-0.0300084	-0.027516	-0.0206959	-0.00931787	0.00746156	0.0258717	0.0425063	0.0539917	0.0553937	0.0537291	0.0445622	0.0267502	0.00506176	-0.0181911	-0.0386823	-0.0565761	-0.071599	-0.0824932	-0.0855243	-0.0832971	-0.0775734	-0.0667365	-0.0521763	-0.0350885	-0.0158777	0.00317847	0.0196797	0.0377431	0.0563468	0.0727239	0.0905576	0.109063	0.122942	0.128644	0.125805	0.111641	0.0829342	0.0435998	0	
0	0.0047001	0.00841239	0.0148889	0.0206236	0.0289503	0.0338471	0.042441	0.0534942	0.0647964	0.0663257	0.0568436	0.0471592	0.0395793	0.0324996	0.0159198	0.00309757	0.00171534	0.0199462	0.0544517	0.102515	0.162475	0.223233	0.276242	0.311842	0.323451	0.314209	0.286951	0.240042	0.176974	0.0973819	0.0108349	-0.0818981	-0.167939	-0.23883	-0.295287	-0.34494	-0.378809	-0.399628	-0.403447	-0.393986	-0.360758	-0.310564	-0.24466	-0.163592	-0.0751372	0.00706008	0.0888894	0.162709	0.227146	0.274415	0.293939	0.287675	0.262979	0.226191	0.183701	0.134689	0.0823416	0.0363275	0.00173417	-0.0233122	-0.0354365	-0.0333604	-0.024448	-0.00684122	0.0175749	0.0444368	0.0704282	0.0867559	0.0881407	0.0841822	0.0706839	0.0426627	0.00768951	-0.0280083	-0.0624659	-0.0918934	-0.117852	-0.137569	-0.143825	-0.146222	-0.142041	-0.127749	-0.10711	-0.0809995	-0.0501391	-0.0147557	0.0219588	0.0643297	0.107077	0.145628	0.184344	0.217601	0.240605	0.247141	0.234379	0.20433	0.150546	0.0770318	0	
0	0.00761596	0.0148889	0.0238977	0.0342998	0.045529	0.0543659	0.0660797	0.0831538	0.0984547	0.101361	0.0864868	0.0728212	0.0618307	0.051122	0.0291481	0.0094867	0.0110109	0.0381451	0.0912062	0.163589	0.251119	0.340144	0.415183	0.462436	0.475353	0.455803	0.411893	0.343339	0.251571	0.142778	0.0243811	-0.099487	-0.214946	-0.308746	-0.389034	-0.461547	-0.51965	-0.560184	-0.57916	-0.572125	-0.530455	-0.453588	-0.350052	-0.222705	-0.0870705	0.0371969	0.148609	0.241963	0.320703	0.371031	0.386273	0.37344	0.341424	0.294623	0.246611	0.193267	0.135501	0.082962	0.0412136	0.0082079	-0.00682262	-0.0066713	-0.00188684	0.0089651	0.0299494	0.0543967	0.076616	0.0905002	0.0863803	0.0847061	0.07353	0.0463945	0.0122639	-0.0259293	-0.0603227	-0.0935944	-0.126956	-0.156426	-0.171614	-0.180014	-0.184585	-0.179014	-0.164131	-0.139146	-0.100731	-0.0518342	0.00190865	0.069729	0.143324	0.208459	0.269156	0.319696	0.346393	0.344017	0.318489	0.269828	0.193127	0.0984987	0	
0	0.0110937	0.0206236	0.0342998	0.0471239	0.0639263	0.0752505	0.0927749	0.114533	0.13608	0.139293	0.122016	0.104333	0.0908612	0.0786202	0.0497644	0.0281614	0.030023	0.069434	0.140356	0.235748	0.350511	0.462825	0.554719	0.60827	0.613045	0.577975	0.512578	0.419067	0.304876	0.172115	0.0360129	-0.10452	-0.232319	-0.337423	-0.428714	-0.521919	-0.602412	-0.668273	-0.705157	-0.710493	-0.660997	-0.565018	-0.429947	-0.264032	-0.0903417	0.0596465	0.191454	0.29564	0.376609	0.428075	0.43975	0.420857	0.386117	0.345455	0.305035	0.257494	0.20237	0.1518	0.112539	0.0802579	0.0605614	0.0538793	0.0481846	0.047015	0.0518736	0.0590462	0.0682513	0.0703456	0.0600411	0.0577085	0.0542943	0.0377174	0.0142145	-0.0115698	-0.0403206	-0.0702392	-0.106157	-0.143201	-0.167066	-0.192098	-0.211682	-0.217386	-0.211754	-0.191358	-0.153915	-0.0971716	-0.0257922	0.0656478	0.163391	0.250932	0.329554	0.387469	0.414943	0.406569	0.366645	0.305513	0.216709	0.107089	0	
0	0.0148109	0.0289503	0.045529	0.0639263	0.0839098	0.10114	0.122636	0.151754	0.177663	0.184373	0.165071	0.146509	0.133062	0.119653	0.0897559	0.0642482	0.0712258	0.119341	0.206247	0.320225	0.4529	0.57984	0.677645	0.724379	0.714051	0.654743	0.565771	0.452108	0.320362	0.178931	0.0381144	-0.101628	-0.226712	-0.327338	-0.420605	-0.522329	-0.621682	-0.707878	-0.767051	-0.785406	-0.742338	-0.638538	-0.48798	-0.300971	-0.107677	0.0594173	0.198708	0.306285	0.393829	0.448472	0.464267	0.452587	0.427539	0.394087	0.366811	0.334008	0.292121	0.250964	0.216654	0.183424	0.160729	0.146664	0.125745	0.101669	0.0842019	0.0715064	0.0617852	0.0497749	0.0282114	0.0263979	0.0290432	0.0218442	0.0106682	-0.00438444	-0.0194929	-0.0424319	-0.0791297	-0.122061	-0.155194	-0.188152	-0.219094	-0.235973	-0.237315	-0.219689	-0.17694	-0.113145	-0.0372219	0.0618021	0.168555	0.26039	0.340973	0.401747	0.426242	0.410674	0.367516	0.303145	0.211722	0.10449	0	
0	0.0176351	0.0338471	0.0543659	0.0752505	0.10114	0.122677	0.152376	0.188088	0.222822	0.233873	0.218082	0.201531	0.190476	0.179947	0.147668	0.122657	0.129934	0.185883	0.282495	0.407087	0.54946	0.679598	0.77173	0.803815	0.768064	0.683371	0.570842	0.441949	0.305689	0.16682	0.0387139	-0.0847025	-0.191453	-0.275408	-0.358166	-0.461725	-0.571677	-0.677879	-0.757153	-0.797649	-0.768914	-0.675575	-0.529799	-0.343793	-0.14798	0.0194621	0.163441	0.279215	0.375987	0.445126	0.474063	0.47324	0.459732	0.445932	0.437118	0.421967	0.395935	0.368136	0.343677	0.314627	0.286932	0.258822	0.219135	0.17434	0.134748	0.100452	0.0739835	0.0480457	0.0170102	0.00812007	0.0094587	0.00543313	-0.00102929	-0.00753284	-0.0158751	-0.0300233	-0.0602228	-0.101497	-0.135546	-0.175678	-0.211238	-0.229614	-0.230237	-0.20763	-0.162611	-0.0972207	-0.0202599	0.0725053	0.166067	0.240775	0.302807	0.347077	0.362745	0.346843	0.308389	0.256317	0.180655	0.087092	0	
0	0.021492	0.042441	0.0660797	0.0927749	0.122636	0.152376	0.188317	0.233518	0.275012	0.292986	0.281719	0.268932	0.262787	0.253863	0.223204	0.195589	0.204238	0.26233	0.363457	0.491424	0.633893	0.758342	0.837904	0.84796	0.788682	0.67904	0.551672	0.417996	0.287259	0.164378	0.0570072	-0.041441	-0.122413	-0.183977	-0.249196	-0.344669	-0.459492	-0.577074	-0.677794	-0.742586	-0.740958	-0.672948	-0.549891	-0.380088	-0.19652	-0.0330182	0.110919	0.232823	0.344217	0.428895	0.474823	0.490416	0.493275	0.492409	0.502499	0.507946	0.500226	0.485471	0.468038	0.438807	0.403753	0.366509	0.313184	0.25085	0.194883	0.149126	0.113692	0.0786693	0.0388269	0.0230296	0.018601	0.00876869	-0.00252123	-0.0111903	-0.0157941	-0.0263002	-0.0538639	-0.0898178	-0.118493	-0.152033	-0.182898	-0.19692	-0.19246	-0.166674	-0.11675	-0.0531093	0.00975452	0.0814273	0.146803	0.188704	0.220785	0.243824	0.248604	0.232953	0.206899	0.175513	0.124731	0.058745	0	
0	0.0272955	0.0534942	0.0831538	0.114533	0.151754	0.188088	0.233518	0.285885	0.335359	0.359168	0.35316	0.344857	0.341366	0.334372	0.301667	0.271255	0.276056	0.332646	0.432352	0.558525	0.696324	0.812528	0.878128	0.871335	0.792526	0.670217	0.536174	0.408734	0.291888	0.188442	0.104352	0.0307162	-0.0265203	-0.0631644	-0.109295	-0.191254	-0.301947	-0.427458	-0.544267	-0.633453	-0.66309	-0.627683	-0.53459	-0.391844	-0.226854	-0.0747713	0.0643424	0.189074	0.307557	0.404713	0.464077	0.493786	0.51178	0.53266	0.559936	0.579861	0.584132	0.576234	0.560752	0.530693	0.494671	0.451479	0.393651	0.328017	0.270282	0.222392	0.183316	0.145213	0.10106	0.0779563	0.0653349	0.0477789	0.0269745	0.00740258	-0.00685299	-0.0212149	-0.047776	-0.0799368	-0.101082	-0.123597	-0.140599	-0.143504	-0.13205	-0.102986	-0.0622889	-0.0168027	0.0246229	0.0666806	0.10058	0.112456	0.11674	0.122098	0.11967	0.108323	0.0982927	0.0892234	0.0655397	0.0293723	0	
0	0.0325764	0.0647964	0.0984547	0.13608	0.177663	0.222822	0.275012	0.335359	0.390797	0.419915	0.420321	0.414734	0.414352	0.405122	0.368995	0.330936	0.327046	0.374908	0.466626	0.584635	0.71415	0.820686	0.876198	0.858185	0.772324	0.646114	0.518613	0.403154	0.304355	0.22087	0.156024	0.103187	0.069762	0.0543026	0.0320854	-0.0322787	-0.136594	-0.264462	-0.396123	-0.509094	-0.566121	-0.559925	-0.494668	-0.373747	-0.22889	-0.092816	0.0326369	0.1489	0.264829	0.366263	0.437803	0.482669	0.517383	0.552539	0.595738	0.628753	0.639231	0.632403	0.616925	0.589524	0.554375	0.519606	0.473482	0.418462	0.367624	0.325569	0.292225	0.253148	0.206702	0.176031	0.15407	0.124443	0.0867126	0.0507865	0.0204411	-0.00923037	-0.0455986	-0.0759921	-0.0874897	-0.0947643	-0.0937434	-0.0807855	-0.0626216	-0.0405256	-0.0141861	0.00727311	0.0159553	0.0259329	0.0305755	0.0212624	0.0140766	0.0133836	0.0130304	0.00911904	0.00770799	0.0145206	0.0126768	0.00035874	0	
0	0.0335869	0.0663257	0.101361	0.139293	0.184373	0.233873	0.292986	0.359168	0.419915	0.455925	0.462723	0.463307	0.464589	0.453226	0.411438	0.362303	0.344493	0.376526	0.452097	0.556064	0.671441	0.766868	0.813128	0.789192	0.70178	0.581701	0.464316	0.36766	0.288221	0.225097	0.179829	0.148995	0.137701	0.148771	0.148526	0.103147	0.0075394	-0.124505	-0.270201	-0.400634	-0.48195	-0.49817	-0.450507	-0.34842	-0.220174	-0.0981835	0.0111364	0.113214	0.219904	0.318946	0.394228	0.44834	0.495288	0.545684	0.597312	0.63552	0.652593	0.652012	0.643043	0.625522	0.608912	0.591809	0.564851	0.52858	0.495348	0.468042	0.440417	0.404113	0.354767	0.31378	0.276508	0.228033	0.168635	0.105899	0.0517035	0.00469696	-0.0423937	-0.0765166	-0.0844766	-0.0770075	-0.0580273	-0.0318707	-0.00568878	0.0162433	0.0261133	0.0201853	0.00183765	-0.015908	-0.0312222	-0.0511249	-0.0654493	-0.0659733	-0.0653998	-0.0676592	-0.0605512	-0.0454015	-0.0334427	-0.0214409	0	
0	0.0283227	0.0568436	0.0864868	0.122016	0.165071	0.218082	0.281719	0.35316	0.420321	0.462723	0.480211	0.486367	0.490543	0.474249	0.422998	0.358217	0.318901	0.327011	0.379682	0.463513	0.563117	0.648329	0.68863	0.664608	0.581772	0.469994	0.366575	0.285231	0.224608	0.181331	0.156686	0.151339	0.170999	0.209912	0.237301	0.210402	0.119193	-0.0196925	-0.180498	-0.32982	-0.427294	-0.456241	-0.419545	-0.325967	-0.209017	-0.101025	-0.00801044	0.0814712	0.176104	0.269253	0.34418	0.397578	0.441356	0.488671	0.541925	0.58801	0.616019	0.63074	0.642617	0.65266	0.660103	0.668946	0.669449	0.657926	0.642437	0.627507	0.611007	0.576648	0.524142	0.468543	0.410464	0.338916	0.25284	0.167174	0.0914169	0.0258264	-0.0313122	-0.0672401	-0.0742061	-0.0637227	-0.0383079	-0.00470261	0.0237316	0.0420279	0.0477282	0.0344881	0.00443712	-0.0264725	-0.0556143	-0.0848809	-0.104982	-0.113408	-0.116661	-0.120338	-0.117321	-0.0981402	-0.0733899	-0.0449766	0	
0	0.0236145	0.0471592	0.0728212	0.104333	0.146509	0.201531	0.268932	0.344857	0.414734	0.463307	0.486367	0.495945	0.495996	0.467439	0.399356	0.31029	0.242166	0.219998	0.244631	0.308408	0.393673	0.472691	0.513515	0.493903	0.420307	0.320588	0.230311	0.166593	0.125178	0.104154	0.103426	0.126289	0.17448	0.240451	0.287318	0.273129	0.184821	0.0400597	-0.131486	-0.287898	-0.394137	-0.43045	-0.397183	-0.310375	-0.200978	-0.0984314	-0.0125561	0.066855	0.150436	0.230139	0.289551	0.326003	0.355072	0.391754	0.438047	0.48622	0.529551	0.569305	0.609531	0.649979	0.691269	0.730614	0.757024	0.767736	0.770275	0.770407	0.759523	0.726439	0.670426	0.603718	0.530828	0.441653	0.339231	0.235718	0.146946	0.0734996	0.0105981	-0.0300624	-0.043863	-0.0369501	-0.0178411	0.00688127	0.03149	0.0498066	0.0555999	0.0436004	0.0185584	-0.0107559	-0.0426359	-0.0779029	-0.110348	-0.1317	-0.145915	-0.155307	-0.148395	-0.125009	-0.093436	-0.0513611	0	
0	0.0197128	0.0395793	0.0618307	0.0908612	0.133062	0.190476	0.262787	0.341366	0.414352	0.464589	0.490543	0.495996	0.482757	0.430548	0.332532	0.207517	0.100125	0.0389403	0.0330541	0.0773107	0.154181	0.236758	0.286618	0.283082	0.226142	0.144535	0.0724035	0.0272448	0.0074132	0.0094457	0.0314727	0.0787128	0.149872	0.232282	0.289599	0.27983	0.190332	0.0392832	-0.137492	-0.295762	-0.40157	-0.433997	-0.395849	-0.30517	-0.193496	-0.0915128	-0.0123091	0.0581907	0.122859	0.180702	0.216459	0.228648	0.233111	0.253109	0.293658	0.349044	0.409068	0.471351	0.538579	0.61005	0.681196	0.747239	0.799983	0.83414	0.851396	0.858161	0.850265	0.816479	0.758293	0.684985	0.604752	0.511867	0.407917	0.305727	0.217818	0.144922	0.0868194	0.0486818	0.0301807	0.0269742	0.0314183	0.0392941	0.0450628	0.0492873	0.0512976	0.0444556	0.0303718	0.00978825	-0.0184838	-0.0533584	-0.0910427	-0.122326	-0.142655	-0.153779	-0.147884	-0.123327	-0.0900911	-0.0484551	0	
0	0.0159293	0.0324996	0.051122	0.0786202	0.119653	0.179947	0.253863	0.334372	0.405122	0.453226	0.474249	0.467439	0.430548	0.343605	0.205459	0.0372103	-0.115244	-0.215802	-0.251564	-0.221366	-0.146738	-0.055868	0.00919806	0.02344	-0.0125156	-0.0728512	-0.12212	-0.141995	-0.134374	-0.104363	-0.0593264	0.00567697	0.0883968	0.172064	0.224641	0.209003	0.112791	-0.0427706	-0.221477	-0.375462	-0.473761	-0.496423	-0.444885	-0.340202	-0.216025	-0.105452	-0.0242891	0.0344691	0.0760848	0.102864	0.10764	0.0925177	0.0799179	0.0904396	0.129235	0.191466	0.26424	0.345625	0.431584	0.523892	0.61593	0.703351	0.775232	0.826169	0.855708	0.870404	0.86604	0.833048	0.776459	0.704033	0.62648	0.539006	0.446009	0.357113	0.284049	0.22586	0.180687	0.151267	0.132137	0.122579	0.112303	0.0996901	0.0865577	0.0731421	0.0626983	0.051645	0.0407509	0.0280189	0.00629736	-0.0236669	-0.0591808	-0.0941325	-0.117327	-0.127528	-0.120538	-0.0979176	-0.0693218	-0.034435	0	
0	0.00808876	0.0159198	0.0291481	0.0497644	0.0897559	0.147668	0.223204	0.301667	0.368995	0.411438	0.422998	0.399356	0.332532	0.205459	0.0236425	-0.190216	-0.38457	-0.522186	-0.58072	-0.559003	-0.481056	-0.377583	-0.296879	-0.262384	-0.277756	-0.313715	-0.337612	-0.330808	-0.294203	-0.23999	-0.177939	-0.103578	-0.0206969	0.0571755	0.0994381	0.0726134	-0.0297412	-0.194648	-0.379516	-0.532605	-0.625597	-0.635719	-0.561927	-0.43425	-0.288724	-0.163012	-0.0801325	-0.0308201	-0.0122135	-0.0106214	-0.0298787	-0.0625753	-0.0893155	-0.0859912	-0.0488799	0.0154884	0.0971676	0.189403	0.287034	0.389155	0.494275	0.5918	0.672729	0.735975	0.775667	0.799633	0.801655	0.776802	0.72787	0.661003	0.589325	0.511452	0.436045	0.369255	0.320362	0.286923	0.266463	0.252602	0.239064	0.228123	0.207541	0.18159	0.153577	0.126929	0.105145	0.0855541	0.0722655	0.0566632	0.034583	0.0110163	-0.0189987	-0.0505337	-0.0728747	-0.0879251	-0.0883461	-0.0773316	-0.0594152	-0.0278186	0	
0	0.000854841	0.00309757	0.0094867	0.0281614	0.0642482	0.122657	0.195589	0.271255	0.330936	0.362303	0.358217	0.31029	0.207517	0.0372103	-0.190216	-0.443973	-0.674681	-0.838124	-0.910951	-0.889183	-0.80318	-0.686273	-0.590393	-0.538887	-0.533725	-0.546862	-0.545899	-0.514025	-0.455918	-0.38426	-0.316019	-0.24469	-0.16837	-0.103546	-0.0759298	-0.11238	-0.225493	-0.398938	-0.590225	-0.744751	-0.830763	-0.824737	-0.730628	-0.57927	-0.412054	-0.273261	-0.18183	-0.133334	-0.121362	-0.130644	-0.158179	-0.198371	-0.231155	-0.238496	-0.212952	-0.155085	-0.0804206	0.00976806	0.104855	0.208248	0.311841	0.407677	0.489946	0.557239	0.603422	0.632331	0.643751	0.629888	0.593375	0.541073	0.483702	0.424558	0.375332	0.339643	0.321268	0.315067	0.320177	0.325435	0.319692	0.310582	0.290247	0.263935	0.236675	0.208469	0.183647	0.158985	0.133952	0.107707	0.0766593	0.048187	0.0229097	-0.0064682	-0.0287889	-0.0445621	-0.0553023	-0.0569655	-0.048149	-0.0236953	0	
0	0.000853326	0.00171534	0.0110109	0.030023	0.0712258	0.129934	0.204238	0.276056	0.327046	0.344493	0.318901	0.242166	0.100125	-0.115244	-0.38457	-0.674681	-0.93205	-1.11499	-1.19444	-1.17011	-1.07412	-0.944943	-0.834427	-0.764155	-0.737226	-0.724647	-0.699351	-0.650356	-0.579054	-0.506922	-0.446547	-0.389834	-0.332179	-0.285494	-0.274346	-0.328041	-0.448801	-0.631491	-0.827572	-0.976781	-1.04966	-1.02725	-0.910243	-0.739357	-0.557626	-0.405623	-0.302835	-0.243886	-0.224799	-0.225494	-0.247325	-0.284225	-0.32115	-0.339236	-0.329781	-0.297089	-0.244631	-0.174109	-0.0967426	-0.0138909	0.0774838	0.165392	0.238442	0.302182	0.345631	0.37444	0.384556	0.375693	0.352623	0.321871	0.293445	0.267358	0.257204	0.260108	0.275055	0.297118	0.324928	0.345262	0.354833	0.361478	0.35277	0.34104	0.328397	0.30839	0.281783	0.247366	0.210682	0.167644	0.121049	0.0877297	0.0620455	0.0362176	0.0193298	0.00388984	-0.00902662	-0.0203927	-0.0252414	-0.00957079	0	
0	0.00933474	0.0199462	0.0381451	0.069434	0.119341	0.185883	0.26233	0.332646	0.374908	0.376526	0.327011	0.219998	0.0389403	-0.215802	-0.522186	-0.838124	-1.11499	-1.309	-1.39275	-1.36481	-1.26161	-1.12191	-0.997084	-0.907378	-0.855595	-0.817438	-0.77301	-0.713288	-0.645101	-0.583168	-0.542251	-0.510982	-0.477498	-0.455646	-0.471497	-0.54378	-0.679927	-0.86958	-1.06282	-1.20107	-1.2554	-1.20954	-1.07313	-0.885571	-0.687836	-0.523421	-0.403569	-0.328103	-0.291755	-0.280167	-0.291349	-0.320452	-0.355358	-0.385137	-0.398335	-0.390198	-0.370303	-0.33508	-0.294495	-0.241796	-0.177358	-0.114651	-0.059511	-0.010058	0.0208905	0.033018	0.0330229	0.0251647	0.0139991	0.0107998	0.0177722	0.0351171	0.074088	0.122395	0.171099	0.217153	0.267518	0.310023	0.340124	0.370068	0.390299	0.403025	0.406676	0.394241	0.366562	0.325477	0.274918	0.221213	0.167936	0.128582	0.106345	0.0847873	0.0706579	0.0625569	0.0513266	0.0349897	0.01975	0.0147969	0	
0	0.0267392	0.0544517	0.0912062	0.140356	0.206247	0.282495	0.363457	0.432352	0.466626	0.452097	0.379682	0.244631	0.0330541	-0.251564	-0.58072	-0.910951	-1.19444	-1.39275	-1.47576	-1.44561	-1.33563	-1.18776	-1.0496	-0.940754	-0.867628	-0.810501	-0.755427	-0.700221	-0.643837	-0.602514	-0.585777	-0.581405	-0.577391	-0.58659	-0.631845	-0.731653	-0.880802	-1.07259	-1.25904	-1.38137	-1.41512	-1.35177	-1.19898	-0.994901	-0.782131	-0.598289	-0.45585	-0.358628	-0.307417	-0.286111	-0.292284	-0.319114	-0.356816	-0.39518	-0.422549	-0.443826	-0.458745	-0.458884	-0.45472	-0.444877	-0.421022	-0.394486	-0.37804	-0.363303	-0.359895	-0.366524	-0.377342	-0.385331	-0.381761	-0.356169	-0.312349	-0.254724	-0.173475	-0.0827844	0.00296771	0.08022	0.156341	0.221595	0.280294	0.338327	0.380942	0.416781	0.438508	0.431623	0.40229	0.360158	0.31327	0.264967	0.216746	0.183052	0.161757	0.138649	0.125831	0.120494	0.113619	0.0972619	0.0710129	0.0445979	0	
0	0.0509304	0.102515	0.163589	0.235748	0.320225	0.407087	0.491424	0.558525	0.584635	0.556064	0.463513	0.308408	0.0773107	-0.221366	-0.559003	-0.889183	-1.17011	-1.36481	-1.44561	-1.41171	-1.29518	-1.13873	-0.985444	-0.859756	-0.769161	-0.701258	-0.648576	-0.606812	-0.573821	-0.55839	-0.567851	-0.593895	-0.620563	-0.659954	-0.734702	-0.853229	-1.00882	-1.19674	-1.37289	-1.48513	-1.50851	-1.43525	-1.27146	-1.0531	-0.820985	-0.616794	-0.452307	-0.339611	-0.277085	-0.251997	-0.258915	-0.287101	-0.328208	-0.380043	-0.430539	-0.474852	-0.51359	-0.542221	-0.572683	-0.60272	-0.626437	-0.655815	-0.694189	-0.726245	-0.757871	-0.78912	-0.809295	-0.809741	-0.787434	-0.735408	-0.663844	-0.577146	-0.461502	-0.334503	-0.21591	-0.105179	0.00480937	0.102061	0.185977	0.261613	0.319877	0.363037	0.389276	0.391867	0.373886	0.345784	0.314312	0.284181	0.253112	0.229454	0.216876	0.198225	0.181618	0.173364	0.162587	0.138114	0.101986	0.060965	0	
0	0.0806855	0.162475	0.251119	0.350511	0.4529	0.54946	0.633893	0.696324	0.71415	0.671441	0.563117	0.393673	0.154181	-0.146738	-0.481056	-0.80318	-1.07412	-1.26161	-1.33563	-1.29518	-1.16874	-0.999466	-0.831425	-0.690398	-0.589307	-0.519866	-0.476507	-0.453738	-0.44543	-0.453155	-0.487599	-0.540113	-0.596181	-0.663289	-0.761333	-0.892577	-1.05064	-1.23077	-1.39969	-1.50623	-1.52537	-1.44669	-1.27793	-1.05007	-0.807601	-0.590853	-0.413703	-0.287946	-0.216342	-0.190052	-0.200051	-0.234117	-0.286292	-0.351473	-0.414958	-0.477639	-0.539626	-0.593575	-0.654126	-0.726315	-0.801232	-0.885576	-0.979896	-1.06471	-1.13375	-1.18713	-1.21549	-1.21248	-1.17524	-1.09753	-0.999155	-0.886795	-0.747502	-0.594094	-0.445873	-0.305966	-0.169303	-0.0473902	0.058054	0.144013	0.202857	0.246068	0.274024	0.280941	0.278008	0.275722	0.271953	0.2666	0.25472	0.242332	0.236205	0.223822	0.210735	0.201442	0.185894	0.155028	0.111639	0.0630562	0	
0	0.111768	0.223233	0.340144	0.462825	0.57984	0.679598	0.758342	0.812528	0.820686	0.766868	0.648329	0.472691	0.236758	-0.055868	-0.377583	-0.686273	-0.944943	-1.12191	-1.18776	-1.13873	-0.999466	-0.817977	-0.633955	-0.48078	-0.370344	-0.29902	-0.260763	-0.250884	-0.25829	-0.285413	-0.33918	-0.415764	-0.496748	-0.585978	-0.698237	-0.838162	-0.99665	-1.17373	-1.34218	-1.45192	-1.47205	-1.39424	-1.22399	-0.991807	-0.747165	-0.527503	-0.346631	-0.219639	-0.149865	-0.128621	-0.146804	-0.189119	-0.245569	-0.316953	-0.393336	-0.473889	-0.554889	-0.635245	-0.729981	-0.842036	-0.9626	-1.09128	-1.22642	-1.34411	-1.43844	-1.51077	-1.54951	-1.54709	-1.49642	-1.39928	-1.27802	-1.1437	-0.985417	-0.815109	-0.656085	-0.504489	-0.355578	-0.218964	-0.100574	-0.00991098	0.0492558	0.0878424	0.114037	0.128723	0.138815	0.15239	0.168248	0.182958	0.188148	0.191377	0.20104	0.20213	0.195167	0.185355	0.164397	0.128422	0.0861926	0.0456985	0	
0	0.138789	0.276242	0.415183	0.554719	0.677645	0.77173	0.837904	0.878128	0.876198	0.813128	0.68863	0.513515	0.286618	0.00919806	-0.296879	-0.590393	-0.834427	-0.997084	-1.0496	-0.985444	-0.831425	-0.633955	-0.436125	-0.270502	-0.1502	-0.0717198	-0.0320721	-0.0223886	-0.0385016	-0.073444	-0.138042	-0.226674	-0.321789	-0.422123	-0.547526	-0.697343	-0.867849	-1.05367	-1.22953	-1.34503	-1.36929	-1.29157	-1.12311	-0.896941	-0.659409	-0.446529	-0.274332	-0.154333	-0.0916061	-0.083751	-0.117127	-0.16887	-0.23217	-0.306932	-0.389467	-0.480999	-0.583598	-0.695227	-0.823001	-0.96806	-1.11704	-1.2702	-1.42326	-1.55797	-1.66164	-1.73567	-1.77399	-1.76699	-1.70687	-1.59452	-1.45723	-1.31122	-1.14733	-0.975064	-0.814462	-0.66569	-0.52552	-0.395331	-0.28186	-0.195647	-0.137697	-0.100308	-0.075884	-0.0598982	-0.043429	-0.0195687	0.00852652	0.0377616	0.0613386	0.0790373	0.099436	0.113399	0.112121	0.103647	0.0885029	0.0622626	0.0357525	0.0174738	0	
0	0.157215	0.311842	0.462436	0.60827	0.724379	0.803815	0.84796	0.871335	0.858185	0.789192	0.664608	0.493903	0.283082	0.02344	-0.262384	-0.538887	-0.764155	-0.907378	-0.940754	-0.859756	-0.690398	-0.48078	-0.270502	-0.0921096	0.0447514	0.138636	0.194467	0.212804	0.200968	0.166171	0.100653	0.0112794	-0.0879587	-0.197883	-0.334402	-0.501783	-0.691404	-0.888073	-1.07298	-1.19485	-1.22404	-1.153	-0.996001	-0.779827	-0.55631	-0.356171	-0.198333	-0.0939726	-0.0521358	-0.0670249	-0.118474	-0.184936	-0.254582	-0.3337	-0.426946	-0.539491	-0.665775	-0.799062	-0.943971	-1.10021	-1.26238	-1.42195	-1.57514	-1.70379	-1.79418	-1.84969	-1.86638	-1.84182	-1.76532	-1.64665	-1.51116	-1.3723	-1.22195	-1.0631	-0.916096	-0.784175	-0.665442	-0.557438	-0.468054	-0.404435	-0.360886	-0.325858	-0.294822	-0.272015	-0.251654	-0.228519	-0.198569	-0.160029	-0.122333	-0.0867432	-0.0517508	-0.030271	-0.026362	-0.0285854	-0.0314367	-0.0324025	-0.0278052	-0.016723	0	
0	0.164365	0.323451	0.475353	0.613045	0.714051	0.768064	0.788682	0.792526	0.772324	0.70178	0.581772	0.420307	0.226142	-0.0125156	-0.277756	-0.533725	-0.737226	-0.855595	-0.867628	-0.769161	-0.589307	-0.370344	-0.1502	0.0447514	0.202461	0.32118	0.397078	0.432257	0.430063	0.403368	0.348686	0.268941	0.171684	0.0552631	-0.0980965	-0.287034	-0.495521	-0.705133	-0.893559	-1.01831	-1.05325	-0.990741	-0.843281	-0.64389	-0.439378	-0.260333	-0.129879	-0.0517648	-0.0342051	-0.0693956	-0.141866	-0.225174	-0.312196	-0.407669	-0.523548	-0.654991	-0.793338	-0.936286	-1.0842	-1.23754	-1.38986	-1.53632	-1.67051	-1.77519	-1.83393	-1.84833	-1.8284	-1.77718	-1.68608	-1.56937	-1.44694	-1.33233	-1.21305	-1.08415	-0.963422	-0.85953	-0.776943	-0.708434	-0.65759	-0.625758	-0.60211	-0.578095	-0.549278	-0.516289	-0.485046	-0.456621	-0.420561	-0.377197	-0.33076	-0.284213	-0.241272	-0.207215	-0.190545	-0.178766	-0.156665	-0.127658	-0.0917868	-0.0474463	0	
0	0.160363	0.314209	0.455803	0.577975	0.654743	0.683371	0.67904	0.670217	0.646114	0.581701	0.469994	0.320588	0.144535	-0.0728512	-0.313715	-0.546862	-0.724647	-0.817438	-0.810501	-0.701258	-0.519866	-0.29902	-0.0717198	0.138636	0.32118	0.464072	0.563511	0.617536	0.630776	0.621775	0.583968	0.518941	0.42413	0.295379	0.123401	-0.0838034	-0.307353	-0.517962	-0.702938	-0.824042	-0.86046	-0.803794	-0.668637	-0.487894	-0.308661	-0.159795	-0.0604226	-0.00987322	-0.0150844	-0.075047	-0.170953	-0.282845	-0.397273	-0.51706	-0.651867	-0.797438	-0.946269	-1.09031	-1.22913	-1.3633	-1.49542	-1.61415	-1.7094	-1.7685	-1.77896	-1.74572	-1.68737	-1.61283	-1.51442	-1.40659	-1.30374	-1.21756	-1.13539	-1.05038	-0.972334	-0.915459	-0.881633	-0.856386	-0.848471	-0.850597	-0.849603	-0.836385	-0.808609	-0.773171	-0.731071	-0.688193	-0.639521	-0.584286	-0.531279	-0.482131	-0.434066	-0.387994	-0.348974	-0.308992	-0.257953	-0.199743	-0.13799	-0.070855	0	
0	0.147196	0.286951	0.411893	0.512578	0.565771	0.570842	0.551672	0.536174	0.518613	0.464316	0.366575	0.230311	0.0724035	-0.12212	-0.337612	-0.545899	-0.699351	-0.77301	-0.755427	-0.648576	-0.476507	-0.260763	-0.0320721	0.194467	0.397078	0.563511	0.684669	0.758547	0.793997	0.804794	0.785166	0.730789	0.632214	0.488877	0.30124	0.0820864	-0.143002	-0.348881	-0.52175	-0.631938	-0.664341	-0.609119	-0.483428	-0.323253	-0.172423	-0.053674	0.0142897	0.0418824	0.011894	-0.0708383	-0.196558	-0.342564	-0.489233	-0.630227	-0.781921	-0.938558	-1.08803	-1.2274	-1.35636	-1.47151	-1.57102	-1.64616	-1.68966	-1.69438	-1.65446	-1.57789	-1.49022	-1.4041	-1.30759	-1.21429	-1.1336	-1.07494	-1.03186	-0.993029	-0.966611	-0.966486	-0.98613	-1.00957	-1.03543	-1.05658	-1.07049	-1.06868	-1.04906	-1.0107	-0.958657	-0.901946	-0.83257	-0.764587	-0.706313	-0.651105	-0.598515	-0.538223	-0.470139	-0.399872	-0.321879	-0.241788	-0.165224	-0.0842167	0	
0	0.12406	0.240042	0.343339	0.419067	0.452108	0.441949	0.417996	0.408734	0.403154	0.36766	0.285231	0.166593	0.0272448	-0.141995	-0.330808	-0.514025	-0.650356	-0.713288	-0.700221	-0.606812	-0.453738	-0.250884	-0.0223886	0.212804	0.432257	0.617536	0.758547	0.856202	0.9156	0.945919	0.939132	0.886323	0.780025	0.621402	0.421219	0.196384	-0.0268534	-0.223936	-0.379388	-0.471937	-0.4908	-0.434818	-0.316279	-0.177603	-0.0512825	0.0412437	0.089427	0.0950522	0.0449362	-0.0643594	-0.222047	-0.400742	-0.571818	-0.729634	-0.890623	-1.04987	-1.20331	-1.34199	-1.45887	-1.54589	-1.60588	-1.63332	-1.62433	-1.57807	-1.49852	-1.39086	-1.28657	-1.19827	-1.11348	-1.04057	-0.980911	-0.950603	-0.942925	-0.949504	-0.971907	-1.0213	-1.08772	-1.14595	-1.19731	-1.23043	-1.24602	-1.24602	-1.2283	-1.19063	-1.13361	-1.06624	-0.986024	-0.905665	-0.838043	-0.776747	-0.71315	-0.637688	-0.54933	-0.454248	-0.353502	-0.258288	-0.172081	-0.0837342	0	
0	0.0907488	0.176974	0.251571	0.304876	0.320362	0.305689	0.287259	0.291888	0.304355	0.288221	0.224608	0.125178	0.0074132	-0.134374	-0.294203	-0.455918	-0.579054	-0.645101	-0.643837	-0.573821	-0.44543	-0.25829	-0.0385016	0.200968	0.430063	0.630776	0.793997	0.9156	0.998011	1.04269	1.03678	0.978601	0.860295	0.687681	0.476183	0.247324	0.0262509	-0.160392	-0.297356	-0.36812	-0.376717	-0.317685	-0.207286	-0.0807546	0.03455	0.116562	0.149872	0.140144	0.0671918	-0.0676397	-0.247653	-0.446904	-0.635252	-0.80325	-0.969049	-1.13649	-1.29482	-1.4278	-1.52918	-1.58949	-1.61026	-1.59542	-1.54399	-1.45965	-1.35124	-1.2288	-1.12019	-1.03585	-0.96536	-0.909974	-0.874029	-0.867457	-0.890584	-0.935731	-0.996587	-1.08237	-1.1719	-1.24953	-1.31122	-1.34343	-1.35903	-1.3535	-1.32745	-1.2837	-1.22341	-1.15615	-1.07821	-1.00035	-0.926393	-0.847649	-0.768094	-0.681854	-0.582623	-0.48049	-0.373373	-0.267433	-0.172334	-0.0807447	0	
0	0.0494535	0.0973819	0.142778	0.172115	0.178931	0.16682	0.164378	0.188442	0.22087	0.225097	0.181331	0.104154	0.0094457	-0.104363	-0.23999	-0.38426	-0.506922	-0.583168	-0.602514	-0.55839	-0.453155	-0.285413	-0.073444	0.166171	0.403368	0.621775	0.804794	0.945919	1.04269	1.08597	1.07233	1.00035	0.870009	0.684618	0.462643	0.226965	0.00912554	-0.170026	-0.290466	-0.346578	-0.344849	-0.286183	-0.175246	-0.0472727	0.0694014	0.147296	0.176107	0.152806	0.0661265	-0.0760287	-0.265523	-0.476595	-0.674972	-0.853516	-1.02843	-1.19904	-1.35512	-1.47951	-1.5658	-1.60305	-1.59452	-1.54836	-1.46947	-1.36403	-1.24749	-1.12471	-1.0186	-0.943021	-0.886764	-0.848055	-0.828291	-0.842273	-0.889115	-0.956364	-1.03801	-1.1338	-1.22372	-1.29741	-1.35121	-1.3768	-1.38545	-1.37493	-1.34212	-1.28982	-1.2285	-1.16658	-1.09825	-1.02776	-0.954463	-0.866052	-0.769935	-0.677356	-0.580624	-0.482385	-0.382256	-0.280769	-0.181919	-0.0834362	0	
0	0.00279327	0.0108349	0.0243811	0.0360129	0.0381144	0.0387139	0.0570072	0.104352	0.156024	0.179829	0.156686	0.103426	0.0314727	-0.0593264	-0.177939	-0.316019	-0.446547	-0.542251	-0.585777	-0.567851	-0.487599	-0.33918	-0.138042	0.100653	0.348686	0.583968	0.785166	0.939132	1.03678	1.07233	1.0414	0.951371	0.805092	0.602935	0.364775	0.122366	-0.0944923	-0.265669	-0.374445	-0.417773	-0.40767	-0.340584	-0.219736	-0.0826577	0.0415075	0.121011	0.148145	0.124413	0.0457216	-0.0896497	-0.273458	-0.483216	-0.689479	-0.879395	-1.0553	-1.22347	-1.37669	-1.49152	-1.56302	-1.58227	-1.55193	-1.4913	-1.40834	-1.30509	-1.19547	-1.0863	-0.994471	-0.929034	-0.886022	-0.859901	-0.854913	-0.882098	-0.937878	-1.01164	-1.08982	-1.16787	-1.23137	-1.28277	-1.31934	-1.32882	-1.32435	-1.30251	-1.2608	-1.20893	-1.15298	-1.09774	-1.04302	-0.984455	-0.915792	-0.829902	-0.734919	-0.643686	-0.550954	-0.459357	-0.369728	-0.281552	-0.189963	-0.0889684	0	
0	-0.0469175	-0.0818981	-0.099487	-0.10452	-0.101628	-0.0847025	-0.041441	0.0307162	0.103187	0.148995	0.151339	0.126289	0.0787128	0.00567697	-0.103578	-0.24469	-0.389834	-0.510982	-0.581405	-0.593895	-0.540113	-0.415764	-0.226674	0.0112794	0.268941	0.518941	0.730789	0.886323	0.978601	1.00035	0.951371	0.841758	0.675206	0.455081	0.200321	-0.0511087	-0.268868	-0.437468	-0.541486	-0.572509	-0.545026	-0.457213	-0.319126	-0.166255	-0.0356748	0.0459771	0.0802437	0.0683761	0.00471285	-0.11177	-0.27979	-0.483337	-0.687636	-0.87637	-1.04859	-1.21326	-1.35757	-1.45883	-1.51583	-1.52305	-1.48465	-1.42293	-1.34715	-1.25989	-1.17475	-1.09529	-1.02529	-0.975547	-0.947908	-0.935407	-0.944206	-0.978633	-1.03044	-1.08793	-1.14313	-1.18813	-1.21137	-1.22565	-1.22867	-1.21179	-1.18667	-1.1482	-1.09574	-1.0449	-1.0019	-0.960531	-0.917017	-0.869255	-0.813407	-0.740757	-0.657771	-0.579321	-0.494921	-0.407575	-0.331028	-0.261968	-0.184378	-0.0904056	0	
0	-0.0936254	-0.167939	-0.214946	-0.232319	-0.226712	-0.191453	-0.122413	-0.0265203	0.069762	0.137701	0.170999	0.17448	0.149872	0.0883968	-0.0206969	-0.16837	-0.332179	-0.477498	-0.577391	-0.620563	-0.596181	-0.496748	-0.321789	-0.0879587	0.171684	0.42413	0.632214	0.780025	0.860295	0.870009	0.805092	0.675206	0.491749	0.256843	-0.00945863	-0.267361	-0.489185	-0.659448	-0.757974	-0.773201	-0.718377	-0.603647	-0.445443	-0.277316	-0.136886	-0.0431566	0.0058426	0.00996949	-0.0349024	-0.132635	-0.287386	-0.476292	-0.67142	-0.854382	-1.01492	-1.16072	-1.28784	-1.37653	-1.42529	-1.42886	-1.39048	-1.33507	-1.27851	-1.21952	-1.16404	-1.11699	-1.07683	-1.05458	-1.04762	-1.04913	-1.06348	-1.09429	-1.13195	-1.16298	-1.18581	-1.18805	-1.16892	-1.14365	-1.10631	-1.0533	-0.995315	-0.937307	-0.880913	-0.836398	-0.803079	-0.768487	-0.731628	-0.690147	-0.644204	-0.589852	-0.527101	-0.469149	-0.405768	-0.334103	-0.272786	-0.220998	-0.158082	-0.0782778	0	
0	-0.131007	-0.23883	-0.308746	-0.337423	-0.327338	-0.275408	-0.183977	-0.0631644	0.0543026	0.148771	0.209912	0.240451	0.232282	0.172064	0.0571755	-0.103546	-0.285494	-0.455646	-0.58659	-0.659954	-0.663289	-0.585978	-0.422123	-0.197883	0.0552631	0.295379	0.488877	0.621402	0.687681	0.684618	0.602935	0.455081	0.256843	0.01595	-0.253904	-0.515592	-0.738517	-0.903041	-0.988993	-0.977666	-0.891906	-0.753084	-0.578098	-0.396121	-0.240475	-0.127646	-0.0582333	-0.0367731	-0.0638328	-0.148449	-0.288111	-0.464407	-0.64912	-0.818415	-0.957429	-1.07985	-1.18316	-1.25179	-1.28748	-1.28937	-1.26066	-1.22333	-1.19128	-1.15966	-1.13629	-1.12547	-1.12079	-1.12369	-1.13609	-1.15381	-1.17506	-1.19892	-1.20935	-1.20775	-1.19606	-1.15916	-1.10042	-1.03068	-0.953707	-0.868405	-0.786927	-0.716665	-0.656139	-0.616776	-0.587075	-0.549411	-0.508427	-0.46668	-0.427387	-0.387757	-0.345699	-0.311826	-0.279781	-0.237445	-0.194019	-0.155987	-0.107435	-0.0482457	0	
0	-0.160924	-0.295287	-0.389034	-0.428714	-0.420605	-0.358166	-0.249196	-0.109295	0.0320854	0.148526	0.237301	0.287318	0.289599	0.224641	0.0994381	-0.0759298	-0.274346	-0.471497	-0.631845	-0.734702	-0.761333	-0.698237	-0.547526	-0.334402	-0.0980965	0.123401	0.30124	0.421219	0.476183	0.462643	0.364775	0.200321	-0.00945863	-0.253904	-0.526126	-0.787167	-1.00484	-1.15139	-1.21097	-1.16963	-1.0571	-0.894611	-0.706739	-0.50716	-0.334666	-0.203529	-0.123097	-0.0875356	-0.10441	-0.174385	-0.299091	-0.459483	-0.630152	-0.783106	-0.902148	-0.995086	-1.06451	-1.10733	-1.12518	-1.11905	-1.09427	-1.06989	-1.06024	-1.06254	-1.07135	-1.0888	-1.10662	-1.13151	-1.16219	-1.19379	-1.2251	-1.24573	-1.23874	-1.20339	-1.15272	-1.08153	-0.990983	-0.890994	-0.785255	-0.678821	-0.584304	-0.507417	-0.447953	-0.405433	-0.366754	-0.321988	-0.275509	-0.235672	-0.204847	-0.176133	-0.14881	-0.134124	-0.126481	-0.109871	-0.0885626	-0.0652333	-0.0356517	-0.0111706	0	
0	-0.184247	-0.34494	-0.461547	-0.521919	-0.522329	-0.461725	-0.344669	-0.191254	-0.0322787	0.103147	0.210402	0.273129	0.27983	0.209003	0.0726134	-0.11238	-0.328041	-0.54378	-0.731653	-0.853229	-0.892577	-0.838162	-0.697343	-0.501783	-0.287034	-0.0838034	0.0820864	0.196384	0.247324	0.226965	0.122366	-0.0511087	-0.267361	-0.515592	-0.787167	-1.04785	-1.25271	-1.37656	-1.41052	-1.34692	-1.20832	-1.02705	-0.816911	-0.600092	-0.415316	-0.277355	-0.192136	-0.155974	-0.168505	-0.23084	-0.344752	-0.48866	-0.639292	-0.768231	-0.863102	-0.925583	-0.963796	-0.976154	-0.966063	-0.939901	-0.909182	-0.888452	-0.89375	-0.914246	-0.939817	-0.969865	-1.00423	-1.04537	-1.08695	-1.13254	-1.1688	-1.18686	-1.16575	-1.11136	-1.03888	-0.94346	-0.837225	-0.721306	-0.607618	-0.503128	-0.409726	-0.330673	-0.26314	-0.209144	-0.160932	-0.113191	-0.066926	-0.0283536	-0.00345594	0.0141684	0.0283217	0.0304347	0.022364	0.0221261	0.0293935	0.0308407	0.0289982	0.0218733	0	
0	-0.198998	-0.378809	-0.51965	-0.602412	-0.621682	-0.571677	-0.459492	-0.301947	-0.136594	0.0075394	0.119193	0.184821	0.190332	0.112791	-0.0297412	-0.225493	-0.448801	-0.679927	-0.880802	-1.00882	-1.05064	-0.99665	-0.867849	-0.691404	-0.495521	-0.307353	-0.143002	-0.0268534	0.0262509	0.00912554	-0.0944923	-0.268868	-0.489185	-0.738517	-1.00484	-1.25271	-1.43888	-1.54197	-1.56096	-1.48539	-1.33539	-1.13377	-0.904637	-0.676074	-0.48223	-0.339707	-0.260208	-0.228673	-0.24718	-0.314291	-0.419592	-0.546547	-0.675506	-0.781592	-0.851387	-0.881875	-0.880454	-0.857312	-0.819502	-0.775301	-0.736676	-0.711727	-0.707864	-0.717255	-0.73546	-0.764396	-0.807783	-0.858068	-0.905607	-0.950028	-0.982214	-0.991893	-0.961159	-0.904305	-0.832243	-0.746952	-0.645534	-0.530166	-0.425316	-0.333564	-0.255922	-0.183802	-0.115097	-0.0517635	0.00815941	0.0552399	0.0956287	0.12782	0.148136	0.160332	0.162603	0.156414	0.141772	0.127032	0.117228	0.0961419	0.0636729	0.0331734	0	
0	-0.205434	-0.399628	-0.560184	-0.668273	-0.707878	-0.677879	-0.577074	-0.427458	-0.264462	-0.124505	-0.0196925	0.0400597	0.0392832	-0.0427706	-0.194648	-0.398938	-0.631491	-0.86958	-1.07259	-1.19674	-1.23077	-1.17373	-1.05367	-0.888073	-0.705133	-0.517962	-0.348881	-0.223936	-0.160392	-0.170026	-0.265669	-0.437468	-0.659448	-0.903041	-1.15139	-1.37656	-1.54197	-1.63345	-1.64678	-1.57057	-1.4124	-1.2002	-0.963203	-0.733118	-0.540411	-0.405323	-0.333111	-0.310679	-0.340552	-0.407195	-0.505225	-0.621487	-0.733317	-0.813728	-0.855404	-0.846312	-0.801353	-0.740409	-0.675869	-0.616277	-0.565363	-0.521715	-0.491468	-0.477294	-0.476254	-0.489465	-0.528036	-0.582705	-0.630193	-0.664441	-0.682056	-0.683062	-0.657395	-0.610691	-0.551783	-0.487987	-0.410796	-0.317787	-0.232419	-0.16542	-0.112941	-0.0583624	-0.00171601	0.0580781	0.115303	0.158531	0.198222	0.226499	0.236336	0.238013	0.233689	0.222497	0.204951	0.181387	0.15473	0.118093	0.0711473	0.0317007	0	
0	-0.204199	-0.403447	-0.57916	-0.705157	-0.767051	-0.757153	-0.677794	-0.544267	-0.396123	-0.270201	-0.180498	-0.131486	-0.137492	-0.221477	-0.379516	-0.590225	-0.827572	-1.06282	-1.25904	-1.37289	-1.39969	-1.34218	-1.22953	-1.07298	-0.893559	-0.702938	-0.52175	-0.379388	-0.297356	-0.290466	-0.374445	-0.541486	-0.757974	-0.988993	-1.21097	-1.41052	-1.56096	-1.64678	-1.65848	-1.58131	-1.42175	-1.20979	-0.974721	-0.755327	-0.57568	-0.45711	-0.403118	-0.398138	-0.434076	-0.500785	-0.59152	-0.693406	-0.781669	-0.835527	-0.84325	-0.795095	-0.713412	-0.619644	-0.530835	-0.446519	-0.369298	-0.299147	-0.244128	-0.20348	-0.179639	-0.176561	-0.202057	-0.241584	-0.271726	-0.293395	-0.307467	-0.312614	-0.2982	-0.268212	-0.229321	-0.192407	-0.148371	-0.097114	-0.0552457	-0.0206344	0.00910428	0.045254	0.0852924	0.129735	0.175141	0.208077	0.236541	0.25478	0.250763	0.237536	0.227633	0.220836	0.20831	0.179837	0.147976	0.111661	0.0663667	0.0314959	0	
0	-0.195832	-0.393986	-0.572125	-0.710493	-0.785406	-0.797649	-0.742586	-0.633453	-0.509094	-0.400634	-0.32982	-0.287898	-0.295762	-0.375462	-0.532605	-0.744751	-0.976781	-1.20107	-1.38137	-1.48513	-1.50623	-1.45192	-1.34503	-1.19485	-1.01831	-0.824042	-0.631938	-0.471937	-0.36812	-0.346578	-0.417773	-0.572509	-0.773201	-0.977666	-1.16963	-1.34692	-1.48539	-1.57057	-1.58131	-1.5056	-1.35353	-1.14904	-0.923029	-0.721468	-0.562791	-0.473091	-0.443972	-0.457174	-0.506603	-0.580174	-0.666179	-0.752112	-0.808669	-0.820866	-0.787899	-0.711496	-0.605153	-0.485626	-0.367608	-0.253943	-0.145189	-0.047904	0.0327911	0.0952164	0.132174	0.151812	0.147059	0.128927	0.113789	0.106143	0.0963632	0.0792123	0.0730144	0.0835434	0.102026	0.106171	0.106658	0.105626	0.0978776	0.0932883	0.0962782	0.116972	0.142585	0.165929	0.18436	0.19533	0.208824	0.215297	0.204104	0.187765	0.176642	0.171513	0.163606	0.137491	0.109531	0.0842487	0.05235	0.0275079	0	
0	-0.179305	-0.360758	-0.530455	-0.660997	-0.742338	-0.768914	-0.740958	-0.66309	-0.566121	-0.48195	-0.427294	-0.394137	-0.40157	-0.473761	-0.625597	-0.830763	-1.04966	-1.2554	-1.41512	-1.50851	-1.52537	-1.47205	-1.36929	-1.22404	-1.05325	-0.86046	-0.664341	-0.4908	-0.376717	-0.344849	-0.40767	-0.545026	-0.718377	-0.891906	-1.0571	-1.20832	-1.33539	-1.4124	-1.42175	-1.35353	-1.21709	-1.02528	-0.817859	-0.634048	-0.500805	-0.437696	-0.430493	-0.466436	-0.537004	-0.621869	-0.704667	-0.765469	-0.780507	-0.753573	-0.687713	-0.584706	-0.454601	-0.30631	-0.163125	-0.0278732	0.101941	0.217434	0.313678	0.388067	0.440035	0.470478	0.478604	0.469567	0.462941	0.46991	0.468994	0.451704	0.429345	0.416933	0.404866	0.371703	0.328478	0.276591	0.226594	0.187973	0.158429	0.145928	0.145252	0.146246	0.141644	0.131444	0.122672	0.121382	0.118316	0.114372	0.11463	0.107193	0.0960687	0.0783202	0.0594171	0.0481721	0.0325753	0.0165559	0	
0	-0.154548	-0.310564	-0.453588	-0.565018	-0.638538	-0.675575	-0.672948	-0.627683	-0.559925	-0.49817	-0.456241	-0.43045	-0.433997	-0.496423	-0.635719	-0.824737	-1.02725	-1.20954	-1.35177	-1.43525	-1.44669	-1.39424	-1.29157	-1.153	-0.990741	-0.803794	-0.609119	-0.434818	-0.317685	-0.286183	-0.340584	-0.457213	-0.603647	-0.753084	-0.894611	-1.02705	-1.13377	-1.2002	-1.20979	-1.14904	-1.02528	-0.853121	-0.664798	-0.503423	-0.397146	-0.357335	-0.371482	-0.43094	-0.517692	-0.605762	-0.676867	-0.711151	-0.697065	-0.640828	-0.542593	-0.415002	-0.261482	-0.0885881	0.0734939	0.221022	0.359826	0.481155	0.578154	0.659162	0.713424	0.741804	0.753027	0.750816	0.751775	0.762749	0.768712	0.752025	0.723534	0.693921	0.648269	0.580788	0.498669	0.408971	0.328824	0.26217	0.199016	0.144196	0.106588	0.0779383	0.0532192	0.0324641	0.0134801	0.00764519	0.0130063	0.0255688	0.0372336	0.0332077	0.0258716	0.021156	0.0224004	0.024892	0.0186527	0.0125319	0	
