0	0	0	0	0	0	0	0	0	0	0	0	0	0	0	0	0	0	0	0	0	0	0	0	0	0	0	0	0	0	0	0	0	0	0	0	0	0	0	0	0	0	0	0	0	0	0	0	0	0	0	0	0	0	0	0	0	0	0	0	0	0	0	0	0	0	0	0	0	0	0	0	0	0	0	0	0	0	0	0	0	0	0	0	0	0	0	0	0	0	0	0	0	0	0	0	0	0	0	0	
0	-0.0121459	-0.0202559	-0.0135087	0.0167679	0.0664435	0.127346	0.188984	0.24544	0.294355	0.334858	0.358026	0.356516	0.333735	0.298257	0.255906	0.206283	0.149548	0.0893647	0.0341883	-0.00641877	-0.0295383	-0.041157	-0.0521845	-0.0659381	-0.0775419	-0.0831063	-0.0804325	-0.0750116	-0.0716877	-0.0714227	-0.0718378	-0.0731745	-0.0726305	-0.0671487	-0.0580784	-0.0491047	-0.0445287	-0.0452337	-0.044042	-0.0333191	-0.0116723	0.017152	0.0468821	0.0710903	0.0888094	0.103406	0.11742	0.13013	0.136683	0.134893	0.128818	0.117739	0.0984954	0.0714844	0.0428197	0.0219302	0.0181612	0.0280899	0.0410369	0.0469536	0.0448894	0.0374259	0.0248981	0.00679807	-0.0190387	-0.0511846	-0.0870665	-0.12455	-0.162043	-0.197064	-0.223485	-0.236979	-0.237595	-0.226883	-0.207775	-0.178249	-0.139712	-0.0968776	-0.0577898	-0.0271533	-0.00468299	0.012254	0.0299882	0.0457858	0.0568832	0.0606709	0.0559474	0.0496798	0.0484985	0.0536795	0.0637245	0.0752206	0.0813295	0.0801469	0.072687	0.0584645	0.0404793	0.0212367	0	
0	-0.0202559	-0.0316415	-0.0146625	0.0433872	0.135042	0.246895	0.364293	0.472667	0.565179	0.636424	0.674817	0.671006	0.631841	0.569206	0.487539	0.39057	0.282938	0.17711	0.0825201	0.00964389	-0.0400532	-0.0735672	-0.103106	-0.130693	-0.149581	-0.158601	-0.157648	-0.155866	-0.15637	-0.157462	-0.153396	-0.150025	-0.147702	-0.142849	-0.136929	-0.131182	-0.126515	-0.125139	-0.112792	-0.0853302	-0.0415878	0.0115235	0.0690875	0.123104	0.172882	0.214879	0.253007	0.2801	0.291657	0.285061	0.266354	0.234736	0.189617	0.136628	0.0862781	0.0499315	0.0368477	0.0460779	0.0634625	0.0754025	0.0808598	0.0783801	0.0607819	0.026517	-0.021759	-0.0830491	-0.154815	-0.230595	-0.303867	-0.367462	-0.413108	-0.43486	-0.438132	-0.423324	-0.391227	-0.342783	-0.283707	-0.220292	-0.157774	-0.103012	-0.0538807	-0.00744546	0.0350027	0.0676661	0.0890066	0.100541	0.106381	0.112369	0.12312	0.1365	0.1498	0.161811	0.165086	0.160083	0.147343	0.122647	0.0883801	0.0471945	0	
0	-0.0135087	-0.0146625	0.0197839	0.104572	0.228307	0.380783	0.542834	0.69376	0.814849	0.901979	0.944447	0.936672	0.88621	0.800106	0.683704	0.544845	0.401879	0.268904	0.15153	0.0528058	-0.0255828	-0.0850719	-0.134412	-0.173972	-0.198329	-0.211337	-0.214133	-0.216786	-0.221401	-0.222834	-0.21589	-0.211487	-0.213269	-0.218372	-0.226694	-0.235336	-0.240884	-0.238043	-0.213108	-0.160836	-0.0892967	-0.00603303	0.0865744	0.181815	0.272371	0.350752	0.410995	0.451313	0.466368	0.452876	0.417978	0.359246	0.280753	0.199556	0.132371	0.0839638	0.0589954	0.0514368	0.0579711	0.0726661	0.0898742	0.0946353	0.0722249	0.0250742	-0.0413308	-0.120062	-0.209331	-0.305297	-0.398877	-0.481095	-0.542087	-0.578975	-0.592472	-0.579083	-0.543849	-0.488125	-0.423317	-0.356688	-0.289833	-0.21764	-0.139135	-0.0643527	0.00463574	0.0555078	0.0918633	0.12133	0.144433	0.169431	0.197995	0.222805	0.241737	0.256591	0.260135	0.25269	0.234544	0.197314	0.143121	0.0771792	0	
0	0.0167679	0.0433872	0.104572	0.214912	0.36558	0.54698	0.740765	0.914174	1.0462	1.13337	1.17238	1.15701	1.09182	0.982897	0.835849	0.670676	0.507897	0.362017	0.227479	0.106252	0.00429917	-0.0733665	-0.135629	-0.185644	-0.218755	-0.237671	-0.240248	-0.239224	-0.239822	-0.242688	-0.241397	-0.24865	-0.265416	-0.284945	-0.309125	-0.335094	-0.353347	-0.357528	-0.321172	-0.245936	-0.141018	-0.0203062	0.114266	0.251817	0.383174	0.488972	0.570281	0.621454	0.64256	0.627734	0.579396	0.494148	0.383556	0.274755	0.187154	0.121504	0.0747556	0.0473322	0.0362002	0.0367922	0.0476782	0.0518169	0.0260507	-0.0294257	-0.100612	-0.180396	-0.26755	-0.358213	-0.449262	-0.538134	-0.614755	-0.66579	-0.69285	-0.690249	-0.661106	-0.612072	-0.553217	-0.48659	-0.409681	-0.327468	-0.239047	-0.146242	-0.0556783	0.0211392	0.0829916	0.13173	0.170548	0.205437	0.242584	0.278265	0.309975	0.338234	0.349477	0.343018	0.318236	0.266344	0.19225	0.102502	0	
0	0.0664435	0.135042	0.228307	0.36558	0.53606	0.734203	0.935646	1.11036	1.23545	1.31611	1.34599	1.31678	1.23396	1.10573	0.944926	0.768422	0.598765	0.442605	0.295491	0.159617	0.0456138	-0.0415496	-0.114188	-0.176535	-0.219388	-0.241385	-0.238846	-0.229112	-0.225968	-0.232155	-0.241539	-0.265087	-0.29974	-0.336539	-0.376608	-0.416637	-0.447749	-0.454603	-0.412691	-0.317042	-0.185136	-0.032273	0.13715	0.310013	0.469904	0.601509	0.698847	0.764531	0.793434	0.776806	0.721147	0.623447	0.495996	0.36687	0.256468	0.162806	0.0877852	0.0273447	-0.0139727	-0.0363198	-0.0394125	-0.0419507	-0.0680088	-0.118622	-0.187116	-0.259763	-0.331595	-0.404573	-0.482533	-0.566973	-0.644834	-0.702892	-0.736869	-0.74316	-0.732206	-0.700637	-0.652684	-0.591365	-0.518862	-0.433743	-0.335223	-0.230267	-0.116954	-0.0152009	0.0685419	0.13331	0.175633	0.211563	0.253769	0.298034	0.341484	0.381185	0.399712	0.394616	0.367018	0.307445	0.221514	0.118827	0	
0	0.127346	0.246895	0.380783	0.54698	0.734203	0.930038	1.11723	1.27051	1.38016	1.44816	1.46337	1.41349	1.31159	1.17533	1.01188	0.833745	0.655393	0.491329	0.339229	0.204345	0.0909244	0.000447827	-0.0805887	-0.150133	-0.193276	-0.20896	-0.198586	-0.187707	-0.190161	-0.207732	-0.229399	-0.26878	-0.324665	-0.383207	-0.441815	-0.493566	-0.524659	-0.527521	-0.472116	-0.362051	-0.211485	-0.038091	0.154142	0.348155	0.530138	0.678354	0.795231	0.872685	0.905043	0.885687	0.826592	0.729807	0.603233	0.46678	0.334672	0.209973	0.0990011	0.00920187	-0.0625976	-0.119522	-0.151195	-0.166495	-0.191805	-0.235466	-0.28938	-0.345808	-0.403446	-0.462326	-0.524611	-0.593456	-0.655608	-0.697093	-0.727946	-0.745393	-0.74869	-0.732276	-0.698138	-0.647608	-0.581901	-0.505722	-0.41319	-0.301156	-0.177803	-0.067148	0.0207015	0.0843542	0.130215	0.172759	0.225017	0.280973	0.33396	0.382457	0.407715	0.409295	0.387313	0.32957	0.241035	0.129974	0	
0	0.188984	0.364293	0.542834	0.740765	0.935646	1.11723	1.27138	1.39201	1.47436	1.52366	1.5201	1.45243	1.34049	1.20196	1.04066	0.858568	0.67623	0.510883	0.367483	0.244121	0.140546	0.0532493	-0.0272864	-0.0943341	-0.129198	-0.13471	-0.120291	-0.1148	-0.131759	-0.165725	-0.203681	-0.263417	-0.344243	-0.428694	-0.505599	-0.562332	-0.590185	-0.580807	-0.514622	-0.389049	-0.221352	-0.0281106	0.184013	0.395412	0.587165	0.74433	0.862136	0.938857	0.966622	0.94243	0.88769	0.801857	0.685484	0.548924	0.405459	0.258959	0.123164	0.000610014	-0.104181	-0.191542	-0.249881	-0.288676	-0.329082	-0.371238	-0.411677	-0.444924	-0.477668	-0.516796	-0.561477	-0.607629	-0.644708	-0.671543	-0.695994	-0.710585	-0.715237	-0.699123	-0.668841	-0.633871	-0.592638	-0.535347	-0.454502	-0.357127	-0.24969	-0.157883	-0.0866461	-0.0289536	0.0183126	0.071082	0.13966	0.213048	0.285632	0.354474	0.399343	0.417017	0.406194	0.352579	0.260285	0.141718	0	
0	0.24544	0.472667	0.69376	0.914174	1.11036	1.27051	1.39201	1.47197	1.51722	1.53723	1.51875	1.44747	1.33615	1.19672	1.02988	0.846156	0.668306	0.516712	0.388665	0.281751	0.191956	0.11859	0.048863	-0.00970617	-0.0387099	-0.0408031	-0.026922	-0.0298694	-0.0619835	-0.116556	-0.177955	-0.262643	-0.369402	-0.472665	-0.557761	-0.614099	-0.633687	-0.616858	-0.538626	-0.399326	-0.213387	-0.000570206	0.22854	0.449259	0.643258	0.791198	0.897472	0.959599	0.977298	0.954396	0.910515	0.840837	0.735478	0.603043	0.457131	0.303235	0.149247	0.00512899	-0.127241	-0.245232	-0.332725	-0.39594	-0.453256	-0.501396	-0.529188	-0.539089	-0.547573	-0.563312	-0.581931	-0.605602	-0.625131	-0.634585	-0.645173	-0.646507	-0.63721	-0.616996	-0.595688	-0.575682	-0.551859	-0.520376	-0.475525	-0.415728	-0.345684	-0.284687	-0.232981	-0.186143	-0.139157	-0.0792843	0.00464236	0.101937	0.202793	0.302638	0.37619	0.416785	0.420287	0.371814	0.277796	0.151528	0	
0	0.294355	0.565179	0.814849	1.0462	1.23545	1.38016	1.47436	1.51722	1.51888	1.50777	1.4798	1.41606	1.31295	1.17228	1.00201	0.821483	0.660103	0.528513	0.421247	0.330504	0.258258	0.199981	0.141803	0.0859142	0.0536228	0.0474242	0.0567453	0.0477607	0.00367901	-0.0689125	-0.150395	-0.25539	-0.376413	-0.486971	-0.57236	-0.624714	-0.641398	-0.616596	-0.52849	-0.374302	-0.174205	0.0484473	0.282882	0.504925	0.6919	0.825261	0.905435	0.943436	0.948966	0.92878	0.899371	0.844287	0.752367	0.631067	0.494033	0.339749	0.172978	-0.000229356	-0.162532	-0.304137	-0.407963	-0.483597	-0.549455	-0.598662	-0.623283	-0.621432	-0.607657	-0.594079	-0.586735	-0.590406	-0.595471	-0.591368	-0.579499	-0.556089	-0.534035	-0.514965	-0.503624	-0.503013	-0.505891	-0.504621	-0.493266	-0.470421	-0.435192	-0.402844	-0.376184	-0.347759	-0.311305	-0.252017	-0.156926	-0.0391564	0.0900112	0.219964	0.321187	0.384741	0.406436	0.370783	0.281933	0.155818	0	
0	0.334858	0.636424	0.901979	1.13337	1.31611	1.44816	1.52366	1.53723	1.50777	1.47252	1.43523	1.37298	1.27581	1.14164	0.979107	0.811065	0.66602	0.555446	0.468176	0.396875	0.337339	0.288155	0.231785	0.172363	0.132184	0.118554	0.122984	0.110093	0.0601092	-0.0203502	-0.112063	-0.223125	-0.347039	-0.454991	-0.535713	-0.585212	-0.597395	-0.564317	-0.462288	-0.294885	-0.0894798	0.129794	0.354652	0.564652	0.735993	0.845982	0.899705	0.913194	0.903048	0.880196	0.856001	0.813166	0.733971	0.626462	0.501266	0.351055	0.172966	-0.0185602	-0.205713	-0.371251	-0.490846	-0.570442	-0.631222	-0.675935	-0.695683	-0.684684	-0.651993	-0.61358	-0.579803	-0.564844	-0.553413	-0.527933	-0.496697	-0.460988	-0.434817	-0.419182	-0.418219	-0.433003	-0.458743	-0.487263	-0.507896	-0.511994	-0.50011	-0.493921	-0.493967	-0.491534	-0.475932	-0.426044	-0.32756	-0.195915	-0.0483355	0.102558	0.228062	0.317258	0.36235	0.345902	0.270817	0.151827	0	
0	0.358026	0.674817	0.944447	1.17238	1.34599	1.46337	1.5201	1.51875	1.4798	1.43523	1.38371	1.3104	1.21553	1.10022	0.963566	0.81882	0.69465	0.603249	0.536304	0.476671	0.421717	0.368189	0.306176	0.237777	0.186032	0.161884	0.159339	0.145321	0.0989017	0.0220035	-0.0646211	-0.170653	-0.285101	-0.382072	-0.451675	-0.492511	-0.497924	-0.454241	-0.339761	-0.163547	0.0415539	0.24803	0.451331	0.634168	0.774677	0.85292	0.876345	0.867597	0.8439	0.811555	0.780369	0.734228	0.663107	0.569466	0.455301	0.309914	0.131829	-0.0681805	-0.265729	-0.441651	-0.567849	-0.647424	-0.703859	-0.741387	-0.75138	-0.723266	-0.66886	-0.607085	-0.553871	-0.516841	-0.482698	-0.442139	-0.405524	-0.374013	-0.352357	-0.340124	-0.34455	-0.375972	-0.427104	-0.480682	-0.520986	-0.540898	-0.547787	-0.560721	-0.585458	-0.608954	-0.612012	-0.576436	-0.486901	-0.356992	-0.201344	-0.033368	0.114398	0.227501	0.296421	0.301926	0.244235	0.139515	0	
0	0.356516	0.671006	0.936672	1.15701	1.31678	1.41349	1.45243	1.44747	1.41606	1.37298	1.3104	1.22465	1.13463	1.04453	0.945452	0.838437	0.745468	0.677329	0.621154	0.562544	0.49769	0.432294	0.356882	0.274623	0.206613	0.168179	0.156684	0.143292	0.104121	0.0414345	-0.0311276	-0.118302	-0.212278	-0.285967	-0.332822	-0.354539	-0.345811	-0.289531	-0.167397	0.0113582	0.208786	0.397603	0.569587	0.710585	0.803005	0.839692	0.835344	0.809693	0.769286	0.716954	0.665353	0.609049	0.535253	0.44469	0.33933	0.206268	0.0399251	-0.146449	-0.334635	-0.503935	-0.625489	-0.702141	-0.7534	-0.780587	-0.771828	-0.722536	-0.649897	-0.577457	-0.509698	-0.451357	-0.394854	-0.342389	-0.3086	-0.286585	-0.277878	-0.279663	-0.301276	-0.350307	-0.417082	-0.484257	-0.53848	-0.573186	-0.593151	-0.621023	-0.657469	-0.691241	-0.710715	-0.69143	-0.61528	-0.492504	-0.337165	-0.164702	-0.00354287	0.128475	0.216618	0.242101	0.204574	0.119243	0	
0	0.333735	0.631841	0.88621	1.09182	1.23396	1.31159	1.34049	1.33615	1.31295	1.27581	1.21553	1.13463	1.05622	0.991449	0.930656	0.869344	0.815382	0.767643	0.715031	0.645646	0.564668	0.477261	0.380106	0.276887	0.191074	0.140172	0.121874	0.107686	0.0774187	0.0309035	-0.0167662	-0.0747346	-0.135405	-0.176799	-0.191819	-0.186263	-0.155461	-0.085421	0.042874	0.218273	0.405679	0.573428	0.709718	0.800146	0.837993	0.826627	0.78743	0.737104	0.673894	0.596155	0.517307	0.438998	0.356954	0.269851	0.174546	0.0609383	-0.0784008	-0.23806	-0.398915	-0.542745	-0.647462	-0.716611	-0.764443	-0.784009	-0.760326	-0.694101	-0.6112	-0.528549	-0.449526	-0.378443	-0.314513	-0.260837	-0.227196	-0.21149	-0.213432	-0.236006	-0.28067	-0.347183	-0.424757	-0.498432	-0.558826	-0.600526	-0.631185	-0.665585	-0.711113	-0.757477	-0.783862	-0.772581	-0.706528	-0.592595	-0.442813	-0.269587	-0.103248	0.0372922	0.1392	0.182792	0.164948	0.0992872	0	
0	0.298257	0.569206	0.800106	0.982897	1.10573	1.17533	1.20196	1.19672	1.17228	1.14164	1.10022	1.04453	0.991449	0.953402	0.928797	0.908218	0.886506	0.855416	0.804595	0.728467	0.629498	0.51523	0.387156	0.257789	0.154093	0.0949898	0.072408	0.0588492	0.033925	0.00569622	-0.0146482	-0.0349887	-0.0563554	-0.0601502	-0.0405903	-0.00198053	0.0543376	0.143206	0.276786	0.448753	0.62417	0.771458	0.871836	0.913444	0.893829	0.829285	0.74385	0.651748	0.549554	0.438608	0.33463	0.240268	0.148177	0.0616579	-0.0136937	-0.0931111	-0.193582	-0.31281	-0.437224	-0.551419	-0.638954	-0.702021	-0.745957	-0.758766	-0.727618	-0.656628	-0.564736	-0.471566	-0.384923	-0.313597	-0.255758	-0.208597	-0.176924	-0.16282	-0.176524	-0.214722	-0.272844	-0.348924	-0.431432	-0.50753	-0.568603	-0.612608	-0.648476	-0.69517	-0.753175	-0.807821	-0.844411	-0.838388	-0.773797	-0.658805	-0.507176	-0.33657	-0.168794	-0.02122	0.0896536	0.14577	0.141406	0.0873339	0	
0	0.255906	0.487539	0.683704	0.835849	0.944926	1.01188	1.04066	1.02988	1.00201	0.979107	0.963566	0.945452	0.930656	0.928797	0.935616	0.941247	0.938039	0.919627	0.877016	0.80062	0.689793	0.550627	0.392601	0.235956	0.114473	0.0482012	0.0254823	0.013474	-0.00445196	-0.0172324	-0.0114969	0.00201319	0.0169467	0.0457048	0.0981918	0.168525	0.256403	0.368515	0.515851	0.688537	0.854011	0.979682	1.04549	1.04073	0.96801	0.842829	0.692566	0.53981	0.390196	0.251447	0.130516	0.0272809	-0.0641339	-0.137448	-0.189701	-0.232773	-0.287827	-0.361751	-0.446984	-0.531993	-0.604102	-0.660245	-0.700622	-0.715832	-0.690521	-0.621969	-0.526084	-0.423307	-0.334792	-0.272489	-0.228679	-0.192484	-0.167334	-0.160809	-0.174081	-0.209079	-0.26547	-0.341665	-0.427403	-0.504802	-0.564409	-0.607408	-0.646703	-0.698483	-0.768541	-0.841667	-0.889717	-0.888565	-0.824534	-0.704233	-0.544707	-0.362741	-0.182857	-0.0260281	0.0929614	0.15461	0.151491	0.0936079	0	
0	0.206283	0.39057	0.544845	0.670676	0.768422	0.833745	0.858568	0.846156	0.821483	0.811065	0.81882	0.838437	0.869344	0.908218	0.941247	0.96138	0.969822	0.964969	0.93368	0.861575	0.745265	0.590907	0.411907	0.234654	0.0970697	0.0228198	-0.00374048	-0.0147329	-0.0263073	-0.0235991	0.00335157	0.0425579	0.0837057	0.13757	0.215502	0.31657	0.435051	0.576886	0.743623	0.921061	1.0758	1.17787	1.20977	1.16556	1.04424	0.860174	0.642453	0.423137	0.224799	0.0606293	-0.06606	-0.165157	-0.246353	-0.303381	-0.328972	-0.338242	-0.353888	-0.386524	-0.436108	-0.494824	-0.552531	-0.600879	-0.640675	-0.663117	-0.650026	-0.593043	-0.50381	-0.40956	-0.33453	-0.281472	-0.242159	-0.212786	-0.195162	-0.191609	-0.201048	-0.224826	-0.268451	-0.335573	-0.414924	-0.490217	-0.548191	-0.588993	-0.62692	-0.6814	-0.75809	-0.83852	-0.89699	-0.903156	-0.841057	-0.715053	-0.541464	-0.344592	-0.147977	0.0239626	0.147842	0.205305	0.190327	0.11326	0	
0	0.149548	0.282938	0.401879	0.507897	0.598765	0.655393	0.67623	0.668306	0.660103	0.66602	0.69465	0.745468	0.815382	0.886506	0.938039	0.969822	0.98997	0.998871	0.977203	0.909194	0.789798	0.627687	0.441677	0.259754	0.117567	0.0345357	-0.00128147	-0.0163862	-0.0234295	-0.00850107	0.0302068	0.0832697	0.140984	0.212157	0.310384	0.432535	0.576913	0.745555	0.935049	1.12198	1.2686	1.3495	1.35186	1.27369	1.11255	0.877805	0.602418	0.331418	0.0956257	-0.0853376	-0.217067	-0.307728	-0.37098	-0.405564	-0.41172	-0.399329	-0.387797	-0.389988	-0.411223	-0.444116	-0.481688	-0.522366	-0.567872	-0.608008	-0.615145	-0.579762	-0.515757	-0.44811	-0.394677	-0.350505	-0.313106	-0.284274	-0.264775	-0.25561	-0.252324	-0.261499	-0.291159	-0.342189	-0.407558	-0.472283	-0.521935	-0.557488	-0.591403	-0.642685	-0.716386	-0.795405	-0.852055	-0.856159	-0.795293	-0.666582	-0.485056	-0.274274	-0.0602972	0.122053	0.24709	0.294417	0.257514	0.149414	0	
0	0.0893647	0.17711	0.268904	0.362017	0.442605	0.491329	0.510883	0.516712	0.528513	0.555446	0.603249	0.677329	0.767643	0.855416	0.919627	0.964969	0.998871	1.02114	1.01099	0.948408	0.828557	0.665912	0.48724	0.3183	0.180853	0.0905835	0.042165	0.0178497	0.00851013	0.021419	0.0584132	0.114974	0.186886	0.276889	0.389798	0.524014	0.6802	0.86452	1.0712	1.26639	1.41118	1.48023	1.4642	1.3632	1.17378	0.905668	0.596472	0.29259	0.0319943	-0.166879	-0.304188	-0.388672	-0.434009	-0.447643	-0.436122	-0.411128	-0.386699	-0.375107	-0.378415	-0.386784	-0.407394	-0.442904	-0.498884	-0.558439	-0.590617	-0.5882	-0.565691	-0.53627	-0.508391	-0.473777	-0.435255	-0.399407	-0.364997	-0.340351	-0.324162	-0.322912	-0.339967	-0.373212	-0.418672	-0.46368	-0.492979	-0.513731	-0.541384	-0.586621	-0.650549	-0.715223	-0.756186	-0.746162	-0.672659	-0.533247	-0.342656	-0.127748	0.0846875	0.263735	0.378979	0.408311	0.344366	0.195186	0	
0	0.0341883	0.0825201	0.15153	0.227479	0.295491	0.339229	0.367483	0.388665	0.421247	0.468176	0.536304	0.621154	0.715031	0.804595	0.877016	0.93368	0.977203	1.01099	1.01218	0.96043	0.850013	0.700441	0.541543	0.390565	0.263295	0.172379	0.118	0.0863262	0.064832	0.0650648	0.0879061	0.141859	0.223985	0.326535	0.447165	0.581989	0.737361	0.922657	1.13143	1.32946	1.47642	1.54956	1.53425	1.4273	1.22536	0.942324	0.61873	0.300821	0.0219166	-0.191355	-0.337654	-0.417424	-0.4483	-0.444263	-0.41904	-0.386317	-0.358906	-0.342152	-0.334194	-0.326959	-0.333565	-0.370388	-0.439462	-0.520635	-0.583751	-0.626159	-0.64781	-0.651447	-0.647149	-0.62444	-0.589913	-0.546879	-0.49505	-0.449549	-0.415594	-0.397381	-0.399787	-0.419127	-0.443964	-0.462879	-0.46613	-0.467088	-0.476781	-0.505617	-0.552108	-0.599418	-0.622693	-0.587658	-0.490028	-0.328998	-0.126498	0.0863049	0.290134	0.451543	0.542711	0.541439	0.438144	0.244521	0	
0	-0.00641877	0.00964389	0.0528058	0.106252	0.159617	0.204345	0.244121	0.281751	0.330504	0.396875	0.476671	0.562544	0.645646	0.728467	0.80062	0.861575	0.909194	0.948408	0.96043	0.929386	0.849572	0.733273	0.599042	0.466381	0.352007	0.269275	0.217171	0.179028	0.14958	0.137366	0.147915	0.191771	0.269431	0.370162	0.486453	0.6153	0.76126	0.930537	1.12436	1.31168	1.46252	1.55017	1.55022	1.45158	1.25343	0.973863	0.655529	0.337155	0.053327	-0.17164	-0.327168	-0.411244	-0.437537	-0.422503	-0.386844	-0.347392	-0.313428	-0.292347	-0.280354	-0.266411	-0.277947	-0.323503	-0.404409	-0.505189	-0.601465	-0.683416	-0.743856	-0.775924	-0.790224	-0.781412	-0.749479	-0.697791	-0.629896	-0.567483	-0.51107	-0.471577	-0.456845	-0.454473	-0.457651	-0.455782	-0.437275	-0.415777	-0.40067	-0.403487	-0.428977	-0.457497	-0.455845	-0.393093	-0.269974	-0.0929284	0.116879	0.330942	0.522786	0.662351	0.719065	0.673686	0.526543	0.286519	0	
0	-0.0295383	-0.0400532	-0.0255828	0.00429917	0.0456138	0.0909244	0.140546	0.191956	0.258258	0.337339	0.421717	0.49769	0.564668	0.629498	0.689793	0.745265	0.789798	0.828557	0.850013	0.849572	0.817242	0.743913	0.6416	0.532416	0.440499	0.372602	0.327663	0.296606	0.272889	0.263797	0.264729	0.289321	0.344957	0.423136	0.519412	0.629612	0.753795	0.896713	1.06391	1.23651	1.38962	1.4924	1.50757	1.4198	1.23465	0.975376	0.680128	0.378592	0.0991535	-0.12574	-0.286146	-0.377271	-0.407577	-0.389192	-0.343831	-0.295048	-0.254331	-0.227009	-0.213901	-0.212194	-0.237084	-0.296956	-0.391821	-0.510584	-0.632413	-0.74742	-0.834151	-0.886792	-0.923415	-0.924213	-0.891935	-0.8339	-0.754315	-0.672372	-0.595101	-0.531749	-0.491778	-0.467323	-0.447102	-0.426943	-0.389608	-0.342537	-0.300426	-0.283356	-0.288936	-0.29249	-0.268874	-0.190694	-0.0628403	0.118286	0.331728	0.542245	0.727125	0.849407	0.88026	0.802108	0.613869	0.331907	0	
0	-0.041157	-0.0735672	-0.0850719	-0.0733665	-0.0415496	0.000447827	0.0532493	0.11859	0.199981	0.288155	0.368189	0.432294	0.477261	0.51523	0.550627	0.590907	0.627687	0.665912	0.700441	0.733273	0.743913	0.714972	0.651286	0.580093	0.51907	0.473953	0.451976	0.443565	0.440084	0.437265	0.429472	0.431903	0.455619	0.496945	0.552602	0.625342	0.716749	0.826781	0.967224	1.12225	1.27097	1.37662	1.39794	1.32234	1.16045	0.93289	0.671203	0.396992	0.139851	-0.0737733	-0.230475	-0.322477	-0.352959	-0.331656	-0.283104	-0.228936	-0.17691	-0.141931	-0.134047	-0.143865	-0.189362	-0.267345	-0.378616	-0.51664	-0.658247	-0.78665	-0.889868	-0.964071	-1.0162	-1.02925	-1.00068	-0.939111	-0.850589	-0.754961	-0.656774	-0.570101	-0.506367	-0.453976	-0.414211	-0.37478	-0.311968	-0.243604	-0.186101	-0.15295	-0.137811	-0.12538	-0.0974824	-0.0235015	0.0997886	0.272781	0.477295	0.6834	0.860354	0.976472	0.999049	0.90571	0.695782	0.376153	0	
0	-0.0521845	-0.103106	-0.134412	-0.135629	-0.114188	-0.0805887	-0.0272864	0.048863	0.141803	0.231785	0.306176	0.356882	0.380106	0.387156	0.392601	0.411907	0.441677	0.48724	0.541543	0.599042	0.6416	0.651286	0.634417	0.607837	0.589935	0.588267	0.608984	0.633386	0.6448	0.642541	0.624192	0.60266	0.589943	0.581039	0.581484	0.605493	0.657335	0.73286	0.842002	0.972224	1.10405	1.20157	1.22657	1.16777	1.03597	0.845392	0.619609	0.377702	0.148729	-0.0374437	-0.173995	-0.258519	-0.286645	-0.262744	-0.209897	-0.150318	-0.0901738	-0.0478222	-0.0389992	-0.0607601	-0.116256	-0.207223	-0.336403	-0.487994	-0.63578	-0.772522	-0.887976	-0.976555	-1.04682	-1.07039	-1.04962	-0.992874	-0.901685	-0.795996	-0.686117	-0.582623	-0.499043	-0.431474	-0.369874	-0.305185	-0.222848	-0.142489	-0.0773232	-0.0347429	-0.0121025	-0.000664348	0.0195762	0.0833252	0.193871	0.356411	0.552349	0.750468	0.925944	1.04368	1.06839	0.969777	0.742358	0.402391	0	
0	-0.0659381	-0.130693	-0.173972	-0.185644	-0.176535	-0.150133	-0.0943341	-0.00970617	0.0859142	0.172363	0.237777	0.274623	0.276887	0.257789	0.235956	0.234654	0.259754	0.3183	0.390565	0.466381	0.532416	0.580093	0.607837	0.634021	0.679464	0.744428	0.818254	0.871235	0.892522	0.886045	0.849136	0.793245	0.730701	0.664019	0.604454	0.576253	0.584387	0.62052	0.695591	0.796584	0.905516	0.991443	1.02146	0.983986	0.882766	0.724576	0.53253	0.326129	0.134066	-0.023578	-0.139445	-0.207437	-0.223638	-0.1929	-0.135538	-0.0708519	-0.00565666	0.0383701	0.0449014	0.0260828	-0.0266322	-0.117438	-0.247057	-0.397937	-0.545789	-0.686817	-0.8154	-0.921185	-1.00087	-1.03705	-1.02803	-0.97647	-0.887856	-0.781808	-0.668909	-0.562112	-0.47608	-0.39796	-0.319719	-0.236414	-0.142502	-0.0600292	0.00545925	0.0417984	0.0491633	0.0411396	0.0466539	0.105387	0.214772	0.370477	0.562333	0.766475	0.949935	1.0754	1.09967	0.99313	0.758565	0.409775	0	
0	-0.0775419	-0.149581	-0.198329	-0.218755	-0.219388	-0.193276	-0.129198	-0.0387099	0.0536228	0.132184	0.186032	0.206613	0.191074	0.154093	0.114473	0.0970697	0.117567	0.180853	0.263295	0.352007	0.440499	0.51907	0.589935	0.679464	0.80367	0.938006	1.05779	1.13896	1.17516	1.16265	1.09754	0.99529	0.878355	0.752784	0.632262	0.545361	0.502987	0.500805	0.546068	0.621154	0.706291	0.776703	0.807312	0.785954	0.712759	0.589719	0.433768	0.264291	0.105268	-0.0236991	-0.116667	-0.171265	-0.177243	-0.135335	-0.0691902	-0.00172032	0.0625293	0.104359	0.114157	0.102563	0.0650013	-0.00896656	-0.121174	-0.252436	-0.389623	-0.535236	-0.675049	-0.789243	-0.879191	-0.92771	-0.931622	-0.89321	-0.81672	-0.721369	-0.618611	-0.519916	-0.436345	-0.354177	-0.265815	-0.176611	-0.0860586	-0.00828493	0.0458204	0.0568256	0.0323543	0.00416077	0.0048644	0.0589398	0.165306	0.328679	0.534779	0.75092	0.939109	1.06328	1.08879	0.98564	0.752752	0.408159	0	
0	-0.0831063	-0.158601	-0.211337	-0.237671	-0.241385	-0.20896	-0.13471	-0.0408031	0.0474242	0.118554	0.161884	0.168179	0.140172	0.0949898	0.0482012	0.0228198	0.0345357	0.0905835	0.172379	0.269275	0.372602	0.473953	0.588267	0.744428	0.938006	1.12457	1.28265	1.39636	1.45009	1.43008	1.33863	1.19793	1.03342	0.851324	0.66456	0.51234	0.419895	0.386386	0.409949	0.462866	0.524412	0.576055	0.600726	0.587633	0.532994	0.43533	0.314421	0.184608	0.0627337	-0.0361025	-0.104274	-0.139947	-0.136517	-0.0947148	-0.0309	0.0338475	0.0946665	0.141448	0.166203	0.173564	0.157469	0.110151	0.0313168	-0.0692416	-0.187497	-0.324477	-0.461491	-0.579295	-0.678252	-0.745993	-0.774337	-0.760309	-0.710933	-0.639027	-0.554367	-0.467484	-0.386721	-0.303242	-0.218673	-0.141348	-0.0643297	0.000183617	0.0314897	0.0163398	-0.0209959	-0.0542955	-0.0655538	-0.0229492	0.085867	0.257279	0.469488	0.689632	0.881502	1.01165	1.0443	0.951505	0.730926	0.39754	0	
0	-0.0804325	-0.157648	-0.214133	-0.240248	-0.238846	-0.198586	-0.120291	-0.026922	0.0567453	0.122984	0.159339	0.156684	0.121874	0.072408	0.0254823	-0.00374048	-0.00128147	0.042165	0.118	0.217171	0.327663	0.451976	0.608984	0.818254	1.05779	1.28265	1.47498	1.6131	1.67333	1.64711	1.54072	1.37396	1.16803	0.932483	0.684921	0.477315	0.344607	0.28602	0.288505	0.325796	0.373145	0.412401	0.427878	0.408929	0.352771	0.266927	0.169235	0.0743416	-0.00669871	-0.0645942	-0.0999151	-0.118925	-0.114309	-0.078731	-0.0253108	0.0299742	0.0917999	0.151822	0.196368	0.224986	0.235591	0.224052	0.189083	0.131243	0.044574	-0.0695566	-0.192126	-0.310415	-0.42326	-0.515191	-0.571023	-0.587849	-0.569438	-0.524205	-0.463089	-0.393319	-0.323204	-0.25275	-0.187387	-0.126444	-0.0680554	-0.0313845	-0.0268391	-0.0543291	-0.0934027	-0.129876	-0.146025	-0.105619	0.00167828	0.166102	0.37252	0.596324	0.79868	0.94343	0.992612	0.912405	0.701646	0.382445	0	
0	-0.0750116	-0.155866	-0.216786	-0.239224	-0.229112	-0.187707	-0.1148	-0.0298694	0.0477607	0.110093	0.145321	0.143292	0.107686	0.0588492	0.013474	-0.0147329	-0.0163862	0.0178497	0.0863262	0.179028	0.296606	0.443565	0.633386	0.871235	1.13896	1.39636	1.6131	1.76011	1.8228	1.7953	1.68098	1.48932	1.24759	0.969953	0.679629	0.432364	0.265323	0.176614	0.160088	0.191944	0.242431	0.283619	0.293847	0.26032	0.190192	0.0996149	0.0119259	-0.0624502	-0.11768	-0.145279	-0.149813	-0.145239	-0.12839	-0.093963	-0.048557	0.000321335	0.0631075	0.137983	0.205736	0.254953	0.294678	0.327459	0.342282	0.331332	0.288773	0.21299	0.110425	-0.00817482	-0.135959	-0.252127	-0.336938	-0.381393	-0.389738	-0.371446	-0.334576	-0.289713	-0.245736	-0.203741	-0.160593	-0.118449	-0.0842944	-0.0698285	-0.0828596	-0.120568	-0.172226	-0.224023	-0.245557	-0.204731	-0.0985921	0.0626302	0.272221	0.507979	0.727321	0.890949	0.956968	0.889271	0.687957	0.377687	0	
0	-0.0716877	-0.15637	-0.221401	-0.239822	-0.225968	-0.190161	-0.131759	-0.0619835	0.00367901	0.0601092	0.0989017	0.104121	0.0774187	0.033925	-0.00445196	-0.0263073	-0.0234295	0.00851013	0.064832	0.14958	0.272889	0.440084	0.6448	0.892522	1.17516	1.45009	1.67333	1.8228	1.88674	1.85699	1.72684	1.5155	1.25053	0.950258	0.639688	0.372288	0.179578	0.0693687	0.0390916	0.0726087	0.130548	0.175698	0.178226	0.130716	0.0472693	-0.049036	-0.140391	-0.212201	-0.255669	-0.263672	-0.243972	-0.21297	-0.179056	-0.138913	-0.0950374	-0.046103	0.0255986	0.11843	0.20627	0.28171	0.356427	0.426834	0.481294	0.512059	0.513422	0.478782	0.407647	0.300452	0.169271	0.0358587	-0.0764735	-0.153229	-0.191826	-0.196642	-0.184144	-0.165035	-0.147943	-0.13495	-0.119072	-0.0999753	-0.0894756	-0.0964565	-0.122112	-0.175885	-0.248002	-0.310591	-0.33665	-0.300758	-0.197467	-0.0290528	0.198004	0.450247	0.681565	0.854303	0.930542	0.875787	0.6842	0.377887	0	
0	-0.0714227	-0.157462	-0.222834	-0.242688	-0.232155	-0.207732	-0.165725	-0.116556	-0.0689125	-0.0203502	0.0220035	0.0414345	0.0309035	0.00569622	-0.0172324	-0.0235991	-0.00850107	0.021419	0.0650648	0.137366	0.263797	0.437265	0.642541	0.886045	1.16265	1.43008	1.64711	1.7953	1.85699	1.81413	1.67427	1.45642	1.18411	0.877589	0.569583	0.305392	0.112029	-0.00378152	-0.040062	-0.0096566	0.0493986	0.0916486	0.083296	0.022872	-0.0694048	-0.17403	-0.271283	-0.343561	-0.383356	-0.379877	-0.340603	-0.289461	-0.238191	-0.188133	-0.140683	-0.0846077	0.000923386	0.110607	0.218644	0.316531	0.417797	0.520625	0.605786	0.669354	0.70865	0.710448	0.662958	0.573752	0.453289	0.315754	0.186538	0.0866153	0.0213967	-0.0169814	-0.0341824	-0.0439995	-0.0530779	-0.0581581	-0.0565974	-0.0568367	-0.0695151	-0.0925645	-0.133971	-0.20205	-0.284037	-0.350176	-0.378952	-0.353701	-0.252843	-0.0762059	0.155057	0.410119	0.648659	0.828378	0.909974	0.860446	0.671859	0.369263	0	
0	-0.0718378	-0.153396	-0.21589	-0.241397	-0.241539	-0.229399	-0.203681	-0.177955	-0.150395	-0.112063	-0.0646211	-0.0311276	-0.0167662	-0.0146482	-0.0114969	0.00335157	0.0302068	0.0584132	0.0879061	0.147915	0.264729	0.429472	0.624192	0.849136	1.09754	1.33863	1.54072	1.68098	1.72684	1.67427	1.53406	1.32021	1.04914	0.753498	0.472304	0.239151	0.0691393	-0.0341917	-0.0701766	-0.0398178	0.0173011	0.0493255	0.0261268	-0.0442278	-0.145343	-0.256722	-0.356272	-0.427342	-0.464797	-0.457262	-0.412563	-0.346736	-0.279791	-0.215623	-0.150666	-0.0764001	0.0175867	0.131857	0.248918	0.365221	0.490262	0.612353	0.717488	0.801759	0.859705	0.876163	0.850057	0.785255	0.683869	0.557677	0.426337	0.309934	0.217303	0.149071	0.098605	0.0607922	0.037503	0.0244343	0.0185904	0.00976627	-0.00903548	-0.0403132	-0.0965435	-0.179304	-0.264733	-0.330659	-0.366362	-0.342613	-0.242084	-0.0725167	0.14881	0.396562	0.637109	0.81942	0.899915	0.849447	0.661027	0.362499	0	
0	-0.0731745	-0.150025	-0.211487	-0.24865	-0.265087	-0.26878	-0.263417	-0.262643	-0.25539	-0.223125	-0.170653	-0.118302	-0.0747346	-0.0349887	0.00201319	0.0425579	0.0832697	0.114974	0.141859	0.191771	0.289321	0.431903	0.60266	0.793245	0.99529	1.19793	1.37396	1.48932	1.5155	1.45642	1.32021	1.11381	0.860069	0.599751	0.367335	0.183942	0.0538871	-0.0252147	-0.046628	-0.00964455	0.0419601	0.0606564	0.0273548	-0.0481415	-0.152595	-0.266946	-0.371282	-0.451317	-0.499265	-0.502838	-0.462716	-0.390807	-0.306253	-0.219035	-0.13218	-0.0400217	0.0655614	0.184096	0.304663	0.429811	0.560166	0.689931	0.803732	0.894125	0.955455	0.981619	0.973529	0.935566	0.862519	0.753984	0.628136	0.503756	0.390738	0.290297	0.210909	0.152822	0.119468	0.107242	0.104107	0.0992808	0.0824213	0.0435368	-0.0224819	-0.106004	-0.192974	-0.266618	-0.304694	-0.277078	-0.176579	-0.0139284	0.202379	0.445919	0.672714	0.840528	0.911074	0.852607	0.663082	0.364775	0	
0	-0.0726305	-0.147702	-0.213269	-0.265416	-0.29974	-0.324665	-0.344243	-0.369402	-0.376413	-0.347039	-0.285101	-0.212278	-0.135405	-0.0563554	0.0169467	0.0837057	0.140984	0.186886	0.223985	0.269431	0.344957	0.455619	0.589943	0.730701	0.878355	1.03342	1.16803	1.24759	1.25053	1.18411	1.04914	0.860069	0.645155	0.437001	0.266568	0.144189	0.0662902	0.0297285	0.0405431	0.0902821	0.137298	0.150811	0.117841	0.0433697	-0.065734	-0.193911	-0.320792	-0.424074	-0.494283	-0.514607	-0.482612	-0.404919	-0.308155	-0.201932	-0.0903029	0.0204733	0.1304	0.248469	0.371575	0.495154	0.620201	0.744028	0.85453	0.940141	0.998931	1.03106	1.04347	1.03339	0.981868	0.894432	0.781403	0.655301	0.530411	0.412667	0.314312	0.242641	0.204086	0.189754	0.189182	0.189737	0.178555	0.14403	0.0826037	0.00108904	-0.0878829	-0.16369	-0.202032	-0.1747	-0.0781203	0.0874983	0.308171	0.546805	0.762748	0.912737	0.96495	0.890109	0.684965	0.375113	0	
0	-0.0671487	-0.142849	-0.218372	-0.284945	-0.336539	-0.383207	-0.428694	-0.472665	-0.486971	-0.454991	-0.382072	-0.285967	-0.176799	-0.0601502	0.0457048	0.13757	0.212157	0.276889	0.326535	0.370162	0.423136	0.496945	0.581039	0.664019	0.752784	0.851324	0.932483	0.969953	0.950258	0.877589	0.753498	0.599751	0.437001	0.290984	0.188275	0.133487	0.118419	0.139105	0.194182	0.262369	0.317028	0.337026	0.306572	0.227857	0.104774	-0.052972	-0.212571	-0.345602	-0.436593	-0.473833	-0.450868	-0.375318	-0.272116	-0.152181	-0.0273113	0.0945558	0.212925	0.330144	0.440592	0.550151	0.657081	0.770327	0.87472	0.951224	1.00561	1.04483	1.07214	1.07746	1.04224	0.971468	0.871152	0.752648	0.631141	0.50963	0.40368	0.323951	0.276007	0.25811	0.261688	0.272363	0.274174	0.247865	0.197705	0.12897	0.0441954	-0.0292103	-0.0651632	-0.0408288	0.0521844	0.2157	0.430257	0.661017	0.870123	1.01029	1.04408	0.950372	0.725464	0.389489	0	
0	-0.0580784	-0.136929	-0.226694	-0.309125	-0.376608	-0.441815	-0.505599	-0.557761	-0.57236	-0.535713	-0.451675	-0.332822	-0.191819	-0.0405903	0.0981918	0.215502	0.310384	0.389798	0.447165	0.486453	0.519412	0.552602	0.581484	0.604454	0.632262	0.66456	0.684921	0.679629	0.639688	0.569583	0.472304	0.367335	0.266568	0.188275	0.156821	0.17102	0.223929	0.308728	0.411233	0.509416	0.580511	0.604783	0.567879	0.476279	0.328131	0.138865	-0.0510818	-0.209396	-0.324374	-0.377583	-0.366914	-0.302741	-0.204411	-0.0826716	0.0466285	0.171413	0.291213	0.402471	0.500679	0.590014	0.677502	0.776764	0.867754	0.934592	0.989216	1.0356	1.07156	1.08762	1.06099	1.0026	0.914862	0.80366	0.688422	0.569012	0.462616	0.382313	0.331169	0.313949	0.320643	0.333075	0.34107	0.328961	0.299878	0.248535	0.178111	0.118052	0.0909084	0.114497	0.196848	0.351715	0.551503	0.761028	0.956178	1.08379	1.10435	0.998056	0.758471	0.406759	0	
0	-0.0491047	-0.131182	-0.235336	-0.335094	-0.416637	-0.493566	-0.562332	-0.614099	-0.624714	-0.585212	-0.492511	-0.354539	-0.186263	-0.00198053	0.168525	0.31657	0.432535	0.524014	0.581989	0.6153	0.629612	0.625342	0.605493	0.576253	0.545361	0.51234	0.477315	0.432364	0.372288	0.305392	0.239151	0.183942	0.144189	0.133487	0.17102	0.255959	0.382199	0.5302	0.688518	0.823449	0.911499	0.932109	0.882338	0.768165	0.591738	0.371179	0.154569	-0.0340593	-0.170032	-0.238697	-0.247421	-0.200938	-0.117003	-0.0119541	0.105193	0.228416	0.346971	0.451295	0.531163	0.602341	0.676953	0.764599	0.844459	0.901921	0.954432	1.00447	1.04641	1.07076	1.05682	1.01072	0.929966	0.826068	0.715521	0.600085	0.499266	0.423267	0.374574	0.358633	0.363573	0.367563	0.371303	0.366316	0.346861	0.31172	0.270014	0.232735	0.21442	0.241382	0.319877	0.460771	0.645534	0.840121	1.01651	1.13094	1.13863	1.0186	0.774986	0.418415	0	
0	-0.0445287	-0.126515	-0.240884	-0.353347	-0.447749	-0.524659	-0.590185	-0.633687	-0.641398	-0.597395	-0.497924	-0.345811	-0.155461	0.0543376	0.256403	0.435051	0.576913	0.6802	0.737361	0.76126	0.753795	0.716749	0.657335	0.584387	0.502987	0.419895	0.344607	0.265323	0.179578	0.112029	0.0691393	0.0538871	0.0662902	0.118419	0.223929	0.382199	0.575088	0.784873	0.993818	1.16414	1.26516	1.28587	1.22488	1.08694	0.882697	0.639823	0.391042	0.170201	0.00862293	-0.0879279	-0.121845	-0.0987638	-0.0364328	0.0510916	0.1584	0.272639	0.384514	0.4718	0.526884	0.580775	0.649	0.731342	0.808431	0.870585	0.923257	0.967819	1.0046	1.02903	1.02306	0.990124	0.92738	0.837768	0.734707	0.622547	0.517218	0.437167	0.387005	0.369407	0.367217	0.363825	0.363228	0.353359	0.336811	0.309434	0.281174	0.259158	0.25015	0.289315	0.38	0.521516	0.702854	0.894798	1.05752	1.1526	1.14613	1.01355	0.762849	0.409954	0	
0	-0.0452337	-0.125139	-0.238043	-0.357528	-0.454603	-0.527521	-0.580807	-0.616858	-0.616596	-0.564317	-0.454241	-0.289531	-0.085421	0.143206	0.368515	0.576886	0.745555	0.86452	0.922657	0.930537	0.896713	0.826781	0.73286	0.62052	0.500805	0.386386	0.28602	0.176614	0.0693687	-0.00378152	-0.0341917	-0.0252147	0.0297285	0.139105	0.308728	0.5302	0.784873	1.0445	1.29653	1.49364	1.61124	1.63573	1.5591	1.39589	1.17391	0.907041	0.629686	0.381045	0.187592	0.0589769	-0.000856232	-0.000123067	0.0412701	0.113116	0.205001	0.304627	0.397111	0.458338	0.494058	0.540097	0.60823	0.69284	0.771791	0.831843	0.880955	0.919386	0.950488	0.978357	0.980256	0.95595	0.90268	0.824312	0.726966	0.612874	0.505208	0.418211	0.355704	0.32584	0.311842	0.299316	0.295883	0.287506	0.271068	0.247138	0.22095	0.198986	0.201093	0.254673	0.361539	0.518227	0.705689	0.900074	1.05641	1.1354	1.11738	0.982697	0.732703	0.387642	0	
0	-0.044042	-0.112792	-0.213108	-0.321172	-0.412691	-0.472116	-0.514622	-0.538626	-0.52849	-0.462288	-0.339761	-0.167397	0.042874	0.276786	0.515851	0.743623	0.935049	1.0712	1.13143	1.12436	1.06391	0.967224	0.842002	0.695591	0.546068	0.409949	0.288505	0.160088	0.0390916	-0.040062	-0.0701766	-0.046628	0.0405431	0.194182	0.411233	0.688518	0.993818	1.29653	1.57876	1.80124	1.93471	1.9525	1.85404	1.67196	1.43196	1.14768	0.854568	0.584112	0.364053	0.209158	0.129468	0.106834	0.123709	0.170832	0.237881	0.312741	0.383242	0.42093	0.441207	0.483293	0.546275	0.624471	0.700178	0.761938	0.810291	0.84463	0.879385	0.911175	0.914074	0.896392	0.855253	0.783411	0.688745	0.574492	0.454769	0.353533	0.276547	0.229912	0.199883	0.178455	0.172928	0.159224	0.142409	0.124179	0.0998445	0.0833551	0.097118	0.162285	0.278507	0.446992	0.646828	0.837934	0.987612	1.06826	1.05083	0.923275	0.689556	0.364813	0	
0	-0.0333191	-0.0853302	-0.160836	-0.245936	-0.317042	-0.362051	-0.389049	-0.399326	-0.374302	-0.294885	-0.163547	0.0113582	0.218273	0.448753	0.688537	0.921061	1.12198	1.26639	1.32946	1.31168	1.23651	1.12225	0.972224	0.796584	0.621154	0.462866	0.325796	0.191944	0.0726087	-0.0096566	-0.0398178	-0.00964455	0.0902821	0.262369	0.509416	0.823449	1.16414	1.49364	1.80124	2.04823	2.18747	2.19568	2.08619	1.89136	1.63711	1.34251	1.04235	0.760029	0.52035	0.352221	0.251782	0.200731	0.190963	0.20913	0.247077	0.295241	0.33891	0.360746	0.373802	0.402181	0.452274	0.518959	0.585404	0.643121	0.693386	0.736487	0.77846	0.814037	0.822723	0.80885	0.77284	0.709493	0.617279	0.496078	0.36828	0.254992	0.158726	0.0930314	0.0500971	0.0186334	0.000149594	-0.0158456	-0.0284668	-0.0422289	-0.0581819	-0.0679768	-0.0452102	0.0265985	0.14331	0.31426	0.516423	0.708158	0.867726	0.966329	0.965568	0.852914	0.642761	0.349167	0	
0	-0.0116723	-0.0415878	-0.0892967	-0.141018	-0.185136	-0.211485	-0.221352	-0.213387	-0.174205	-0.0894798	0.0415539	0.208786	0.405679	0.62417	0.854011	1.0758	1.2686	1.41118	1.47642	1.46252	1.38962	1.27097	1.10405	0.905516	0.706291	0.524412	0.373145	0.242431	0.130548	0.0493986	0.0173011	0.0419601	0.137298	0.317028	0.580511	0.911499	1.26516	1.61124	1.93471	2.18747	2.32399	2.33112	2.22439	2.0265	1.76769	1.47787	1.17952	0.892628	0.648407	0.466629	0.339969	0.260099	0.216258	0.199922	0.21493	0.243244	0.265651	0.279311	0.284595	0.296423	0.329236	0.372647	0.422781	0.475386	0.525868	0.581774	0.640787	0.684586	0.703359	0.697583	0.667749	0.608677	0.512646	0.391723	0.259903	0.135594	0.0304132	-0.0536621	-0.11781	-0.168056	-0.20599	-0.225329	-0.234255	-0.246681	-0.249516	-0.241359	-0.212611	-0.137586	-0.0129559	0.155955	0.357658	0.561529	0.731368	0.841566	0.861077	0.772624	0.586797	0.319172	0	
0	0.017152	0.0115235	-0.00603303	-0.0203062	-0.032273	-0.038091	-0.0281106	-0.000570206	0.0484473	0.129794	0.24803	0.397603	0.573428	0.771458	0.979682	1.17787	1.3495	1.48023	1.54956	1.55017	1.4924	1.37662	1.20157	0.991443	0.776703	0.576055	0.412401	0.283619	0.175698	0.0916486	0.0493255	0.0606564	0.150811	0.337026	0.604783	0.932109	1.28587	1.63573	1.9525	2.19568	2.33112	2.34998	2.25675	2.06774	1.81951	1.54027	1.24697	0.969015	0.726509	0.529914	0.383646	0.274402	0.197222	0.156794	0.147356	0.151614	0.164341	0.175818	0.173438	0.16741	0.180742	0.203143	0.230797	0.269941	0.320774	0.389139	0.461673	0.519027	0.55465	0.560687	0.537282	0.484104	0.392298	0.275845	0.147609	0.0221044	-0.0918936	-0.197768	-0.288181	-0.363106	-0.422506	-0.451955	-0.456029	-0.455509	-0.447432	-0.426122	-0.38891	-0.310007	-0.171182	0.00718712	0.212203	0.427946	0.604123	0.715612	0.750447	0.684981	0.518882	0.277695	0	
0	0.0468821	0.0690875	0.0865744	0.114266	0.13715	0.154142	0.184013	0.22854	0.282882	0.354652	0.451331	0.569587	0.709718	0.871836	1.04549	1.20977	1.35186	1.4642	1.53425	1.55022	1.50757	1.39794	1.22657	1.02146	0.807312	0.600726	0.427878	0.293847	0.178226	0.083296	0.0261268	0.0273548	0.117841	0.306572	0.567879	0.882338	1.22488	1.5591	1.85404	2.08619	2.22439	2.25675	2.18098	2.01625	1.78649	1.51914	1.24237	0.983601	0.749839	0.550537	0.390659	0.257006	0.150531	0.0908831	0.0653641	0.0528509	0.0540043	0.0542395	0.0441349	0.027884	0.0223369	0.0267942	0.0311194	0.0489794	0.0958608	0.167588	0.246211	0.317902	0.368162	0.388114	0.379453	0.339439	0.264463	0.163709	0.0485424	-0.0738173	-0.199299	-0.32274	-0.439626	-0.543587	-0.616421	-0.650225	-0.655285	-0.650329	-0.636398	-0.603509	-0.551609	-0.457086	-0.303699	-0.112517	0.100109	0.31376	0.488875	0.599941	0.636984	0.583948	0.443984	0.241939	0	
