0	0	0	0	0	0	0	0	0	0	0	0	0	0	0	0	0	0	0	0	0	0	0	0	0	0	0	0	0	0	0	0	0	0	0	0	0	0	0	0	0	0	0	0	0	0	0	0	0	0	0	0	0	0	0	0	0	0	0	0	0	0	0	0	0	0	0	0	0	0	0	0	0	0	0	0	0	0	0	0	0	0	0	0	0	0	0	0	0	0	0	0	0	0	0	0	0	0	0	0	
0	0.0108264	0.0210815	0.0311988	0.0399685	0.0454234	0.0471149	0.0491015	0.0522364	0.0560617	0.059816	0.0696032	0.0892878	0.117611	0.150052	0.179467	0.203286	0.216233	0.218035	0.206009	0.177626	0.135269	0.08057	0.0205627	-0.038299	-0.086725	-0.118057	-0.130305	-0.123774	-0.102618	-0.0789001	-0.055976	-0.0330134	-0.00569346	0.0254854	0.0630138	0.105567	0.148754	0.187215	0.218998	0.236504	0.239014	0.225938	0.202194	0.17062	0.133281	0.0971441	0.0695033	0.0536082	0.051029	0.0574237	0.0686716	0.0813544	0.0953093	0.11036	0.122044	0.129972	0.135004	0.131154	0.120346	0.106603	0.0898838	0.0730755	0.0594675	0.0501313	0.0485438	0.0518806	0.0527894	0.0490394	0.0411427	0.024412	-0.00239955	-0.0334646	-0.066102	-0.0920385	-0.108631	-0.113486	-0.103763	-0.0790868	-0.0418105	0.00187904	0.0513076	0.0996703	0.144536	0.183621	0.208905	0.22226	0.224338	0.212877	0.193026	0.171712	0.151793	0.134233	0.121309	0.113698	0.103162	0.0864373	0.0650349	0.034882	0	
0	0.0210815	0.0411184	0.0605566	0.0776698	0.087751	0.0909228	0.0936684	0.0998428	0.105534	0.113076	0.12999	0.168386	0.222068	0.284155	0.340516	0.384637	0.409324	0.411931	0.389051	0.336624	0.257575	0.15706	0.0469934	-0.0621682	-0.150804	-0.210187	-0.235182	-0.225215	-0.191025	-0.14959	-0.110179	-0.06738	-0.0136619	0.0502777	0.124731	0.209688	0.291141	0.362339	0.418997	0.450507	0.453905	0.432378	0.392631	0.337027	0.270671	0.203612	0.149107	0.115766	0.110095	0.118172	0.138648	0.16276	0.187796	0.21319	0.233594	0.244886	0.248755	0.238031	0.219683	0.200579	0.178968	0.154584	0.133899	0.117551	0.110716	0.108052	0.0967535	0.0813882	0.0613135	0.0313163	-0.0125361	-0.060432	-0.108466	-0.149839	-0.17701	-0.187612	-0.173804	-0.13337	-0.0730091	0.00350804	0.0946478	0.186395	0.272738	0.345728	0.394393	0.423146	0.43098	0.414842	0.385461	0.351829	0.316703	0.284173	0.255237	0.23136	0.203028	0.163706	0.118609	0.0630716	0	
0	0.0311988	0.0605566	0.0891737	0.113916	0.128811	0.132572	0.136576	0.143597	0.152013	0.159721	0.183789	0.235666	0.311255	0.39711	0.473059	0.532076	0.561369	0.561383	0.526978	0.45264	0.345783	0.210847	0.0648251	-0.0780458	-0.196009	-0.274271	-0.309293	-0.301293	-0.259429	-0.21181	-0.163403	-0.107204	-0.0303347	0.0633622	0.174695	0.295485	0.409835	0.504352	0.578144	0.617026	0.623581	0.599071	0.554339	0.491327	0.408952	0.321054	0.246214	0.19676	0.180992	0.190392	0.215858	0.246698	0.27973	0.312401	0.331668	0.338595	0.340398	0.325759	0.303887	0.285797	0.26698	0.24671	0.226369	0.202607	0.183493	0.164939	0.134534	0.0967259	0.0614835	0.0208957	-0.0296527	-0.0798381	-0.131183	-0.170811	-0.198461	-0.21059	-0.196827	-0.151091	-0.0741333	0.0230655	0.141206	0.261693	0.376844	0.479333	0.547669	0.589189	0.608018	0.5976	0.569518	0.536741	0.498867	0.452866	0.403027	0.355393	0.296427	0.226769	0.158194	0.080891	0	
0	0.0399685	0.0776698	0.113916	0.146059	0.164761	0.170236	0.173952	0.18338	0.191027	0.199967	0.225017	0.287169	0.375926	0.476089	0.562321	0.624054	0.650655	0.641514	0.593373	0.502265	0.375117	0.220015	0.054942	-0.10796	-0.240011	-0.330777	-0.373851	-0.368095	-0.327781	-0.277896	-0.227896	-0.162949	-0.0677507	0.0519656	0.190668	0.340786	0.475602	0.585064	0.668118	0.71445	0.725168	0.706685	0.668671	0.607636	0.522828	0.426537	0.340377	0.28198	0.266793	0.274315	0.30269	0.336119	0.369305	0.400506	0.420778	0.426438	0.425099	0.407917	0.388075	0.376626	0.364972	0.345506	0.320863	0.288118	0.256982	0.222283	0.168543	0.111513	0.060669	0.0102872	-0.0461586	-0.0963882	-0.141129	-0.175115	-0.193864	-0.197444	-0.173955	-0.117034	-0.0340613	0.0719072	0.202209	0.335665	0.465465	0.580142	0.662599	0.723	0.760485	0.766227	0.751826	0.725178	0.681876	0.622056	0.548255	0.470019	0.380808	0.281126	0.188573	0.095369	0	
0	0.0454234	0.087751	0.128811	0.164761	0.186004	0.190202	0.193769	0.201379	0.209169	0.213725	0.23926	0.30398	0.400354	0.506601	0.593428	0.65146	0.667995	0.646905	0.58632	0.481571	0.34425	0.180131	0.00762064	-0.160474	-0.299717	-0.394492	-0.441767	-0.44014	-0.399984	-0.354132	-0.306042	-0.239376	-0.134713	8.91144e-05	0.158465	0.326165	0.47754	0.59732	0.689629	0.74167	0.758849	0.745949	0.714862	0.662797	0.583096	0.490262	0.408023	0.356175	0.345485	0.361932	0.39344	0.424831	0.453771	0.481653	0.494215	0.495897	0.498792	0.486151	0.469333	0.460409	0.449376	0.428991	0.40083	0.360096	0.319557	0.275852	0.213611	0.143804	0.0829312	0.022831	-0.0422523	-0.0971181	-0.143765	-0.168011	-0.173725	-0.162104	-0.122896	-0.0527276	0.0432635	0.153157	0.281929	0.410982	0.53914	0.66365	0.759493	0.837596	0.899602	0.926032	0.923659	0.901872	0.853041	0.773659	0.673239	0.568253	0.450055	0.325391	0.215575	0.107029	0	
0	0.0471149	0.0909228	0.132572	0.170236	0.190202	0.192741	0.191526	0.196686	0.197791	0.196045	0.21297	0.273788	0.367278	0.469341	0.548959	0.59552	0.60032	0.568936	0.500588	0.393326	0.256093	0.0957269	-0.0712563	-0.237703	-0.374259	-0.470345	-0.518518	-0.516938	-0.479503	-0.436008	-0.395179	-0.334671	-0.231945	-0.0951206	0.0683713	0.24598	0.406242	0.537527	0.639432	0.70111	0.724179	0.715546	0.689499	0.642605	0.571011	0.48969	0.422954	0.389601	0.402325	0.432406	0.472205	0.503501	0.526207	0.5452	0.554441	0.553768	0.552794	0.538445	0.521467	0.513633	0.502792	0.480226	0.447704	0.404168	0.364607	0.322686	0.25769	0.184368	0.118759	0.0533454	-0.0170908	-0.0754256	-0.119487	-0.137955	-0.129949	-0.1004	-0.0434053	0.0416779	0.141376	0.249285	0.371255	0.49198	0.616242	0.739437	0.844862	0.943141	1.0263	1.0708	1.07796	1.05291	0.989461	0.890279	0.768173	0.642958	0.509435	0.37023	0.245829	0.123589	0	
0	0.0491015	0.0936684	0.136576	0.173952	0.193769	0.191526	0.18549	0.181633	0.172971	0.155514	0.156803	0.201673	0.281214	0.368276	0.431308	0.461588	0.45333	0.413735	0.344495	0.241011	0.113246	-0.0348417	-0.189975	-0.34454	-0.473527	-0.560499	-0.600746	-0.592353	-0.550132	-0.510737	-0.481603	-0.439181	-0.356063	-0.23437	-0.0805073	0.0943139	0.260697	0.400683	0.514984	0.5876	0.618304	0.615741	0.595922	0.558539	0.500166	0.435898	0.388803	0.380108	0.414163	0.466449	0.520562	0.559072	0.582698	0.599664	0.59961	0.589095	0.581799	0.558772	0.532697	0.517567	0.504342	0.481694	0.453102	0.414746	0.378999	0.340517	0.279061	0.20764	0.144049	0.0812919	0.0149329	-0.0364472	-0.0701742	-0.0726397	-0.0496549	-0.00697575	0.0620189	0.154527	0.258351	0.364041	0.478783	0.589519	0.704839	0.827587	0.93433	1.03447	1.12375	1.17052	1.17586	1.14799	1.07894	0.972338	0.842671	0.710725	0.569417	0.419677	0.282071	0.143007	0	
0	0.0522364	0.0998428	0.143597	0.18338	0.201379	0.196686	0.181633	0.166851	0.140435	0.100574	0.0754324	0.0927647	0.14636	0.207234	0.246157	0.256226	0.234473	0.190621	0.123784	0.0301609	-0.0844284	-0.216554	-0.354657	-0.49389	-0.605689	-0.675622	-0.696048	-0.670121	-0.618299	-0.579784	-0.567902	-0.553939	-0.503585	-0.414159	-0.284607	-0.124888	0.034634	0.178782	0.300452	0.38477	0.429211	0.440513	0.436407	0.417668	0.377843	0.332029	0.304032	0.313902	0.369435	0.44124	0.514352	0.568062	0.6029	0.624438	0.625704	0.608982	0.586049	0.548687	0.50928	0.484682	0.465661	0.443653	0.415582	0.37852	0.347591	0.314872	0.258869	0.190765	0.134259	0.0838697	0.0353444	0.0040533	-0.00848779	0.0106092	0.0551846	0.11598	0.195343	0.292646	0.395732	0.497873	0.605913	0.709905	0.817829	0.925233	1.01558	1.09936	1.17085	1.20627	1.20568	1.1779	1.11663	1.01996	0.900637	0.775233	0.632953	0.475849	0.323605	0.164681	0	
0	0.0560617	0.105534	0.152013	0.191027	0.209169	0.197791	0.172971	0.140435	0.0906061	0.020805	-0.0391516	-0.0568465	-0.0367528	-0.00600587	0.00854802	0.000614591	-0.0281729	-0.0715384	-0.130416	-0.212257	-0.313224	-0.429797	-0.551972	-0.672899	-0.765121	-0.810959	-0.806745	-0.759268	-0.696314	-0.662166	-0.670149	-0.689185	-0.678507	-0.624686	-0.527236	-0.392271	-0.247306	-0.11225	0.00973369	0.103053	0.161504	0.193917	0.214475	0.218218	0.19987	0.170557	0.153375	0.176711	0.247834	0.341332	0.437558	0.514956	0.568513	0.602589	0.607685	0.58959	0.562781	0.515434	0.463978	0.426748	0.399857	0.368984	0.335393	0.298337	0.267304	0.237064	0.187466	0.133158	0.0928403	0.0618185	0.0368652	0.0317093	0.0506772	0.0992316	0.16745	0.24645	0.339446	0.44289	0.545015	0.644003	0.744776	0.836192	0.926189	1.01339	1.07776	1.1297	1.17246	1.18477	1.17432	1.15246	1.1077	1.03622	0.939104	0.825219	0.687293	0.523114	0.35573	0.18259	0	
0	0.059816	0.113076	0.159721	0.199967	0.213725	0.196045	0.155514	0.100574	0.020805	-0.0857693	-0.184222	-0.241679	-0.254755	-0.250951	-0.253868	-0.268635	-0.29471	-0.327524	-0.373072	-0.440821	-0.528986	-0.632344	-0.741095	-0.845445	-0.91891	-0.943982	-0.917835	-0.855367	-0.788637	-0.763154	-0.794136	-0.844638	-0.868624	-0.849079	-0.780317	-0.670947	-0.547293	-0.423372	-0.306895	-0.210131	-0.139735	-0.0921154	-0.057896	-0.038893	-0.0464835	-0.0673758	-0.0739874	-0.036589	0.0528535	0.171389	0.294962	0.39781	0.474168	0.525442	0.543468	0.531677	0.501596	0.452019	0.3946	0.347317	0.306802	0.26637	0.222179	0.174436	0.139477	0.112267	0.0753341	0.0345786	0.0142018	0.0118583	0.02129	0.0504903	0.099752	0.178072	0.273146	0.371699	0.474369	0.580404	0.682143	0.775095	0.863098	0.941123	1.01317	1.07181	1.10441	1.12338	1.13456	1.12766	1.10862	1.0897	1.06119	1.0086	0.932981	0.837679	0.707902	0.548043	0.377458	0.192819	0	
0	0.0696032	0.12999	0.183789	0.225017	0.23926	0.21297	0.156803	0.0754324	-0.0391516	-0.184222	-0.324835	-0.420185	-0.464828	-0.48191	-0.493403	-0.506661	-0.521171	-0.538287	-0.568312	-0.621374	-0.697749	-0.788897	-0.884054	-0.9734	-1.03155	-1.04242	-1.00647	-0.940858	-0.881568	-0.87233	-0.924175	-0.999785	-1.05036	-1.05345	-1.00759	-0.921085	-0.815224	-0.706867	-0.599023	-0.504285	-0.43425	-0.386402	-0.352261	-0.338586	-0.347627	-0.36621	-0.365403	-0.311457	-0.195586	-0.0447287	0.111213	0.245817	0.347743	0.416595	0.447402	0.445367	0.420653	0.369364	0.304765	0.245721	0.194551	0.13969	0.0801704	0.0236081	-0.0199015	-0.0518453	-0.0863546	-0.110008	-0.105267	-0.0757086	-0.0268732	0.0425705	0.134652	0.244459	0.359595	0.471875	0.582263	0.689322	0.785506	0.873047	0.950402	1.00931	1.05533	1.08524	1.0896	1.08043	1.06758	1.04316	1.01494	0.993071	0.96689	0.927036	0.867632	0.787368	0.678418	0.534296	0.370617	0.193275	0	
0	0.0892878	0.168386	0.235666	0.287169	0.30398	0.273788	0.201673	0.0927647	-0.0568465	-0.241679	-0.420185	-0.550463	-0.619711	-0.649969	-0.662133	-0.666755	-0.665843	-0.667509	-0.683346	-0.725926	-0.793444	-0.874192	-0.959427	-1.03579	-1.08484	-1.09018	-1.05237	-0.992087	-0.943806	-0.948299	-1.01618	-1.10866	-1.17865	-1.20182	-1.17516	-1.10835	-1.02032	-0.924034	-0.827642	-0.745028	-0.689825	-0.660087	-0.64999	-0.653842	-0.672451	-0.689665	-0.675169	-0.597303	-0.455145	-0.27213	-0.0842122	0.0800676	0.208892	0.300042	0.34806	0.355125	0.329364	0.275712	0.205143	0.134086	0.0668637	-0.00154139	-0.0751509	-0.148231	-0.205775	-0.245488	-0.274565	-0.285969	-0.259975	-0.194957	-0.102917	0.00894484	0.135987	0.274681	0.411353	0.534247	0.64732	0.752425	0.846872	0.927484	0.989943	1.03282	1.05592	1.0554	1.03079	0.995776	0.96141	0.924128	0.885763	0.854023	0.822041	0.778938	0.727302	0.665399	0.579745	0.467176	0.33166	0.173415	0	
0	0.117611	0.222068	0.311255	0.375926	0.400354	0.367278	0.281214	0.14636	-0.0367528	-0.254755	-0.464828	-0.619711	-0.705079	-0.739151	-0.745345	-0.736283	-0.720025	-0.705738	-0.710416	-0.741914	-0.799781	-0.869859	-0.944079	-1.01185	-1.05767	-1.06571	-1.03566	-0.985206	-0.949249	-0.965155	-1.04137	-1.144	-1.22705	-1.26399	-1.25202	-1.20237	-1.13081	-1.05366	-0.980268	-0.926409	-0.903874	-0.909331	-0.92959	-0.957138	-0.984596	-0.998471	-0.96965	-0.87292	-0.704816	-0.49277	-0.276795	-0.0842866	0.0687931	0.176301	0.23717	0.255771	0.235476	0.182976	0.107161	0.0249124	-0.0564975	-0.142559	-0.237099	-0.325769	-0.39464	-0.439335	-0.462971	-0.455442	-0.404193	-0.31131	-0.188738	-0.0487535	0.106343	0.263946	0.413346	0.54838	0.668684	0.774111	0.861437	0.930384	0.973679	0.990034	0.984027	0.956658	0.912521	0.862262	0.812982	0.7642	0.714877	0.668981	0.625036	0.577023	0.527017	0.47369	0.410724	0.331014	0.233901	0.123863	0	
0	0.150052	0.284155	0.39711	0.476089	0.506601	0.469341	0.368276	0.207234	-0.00600587	-0.250951	-0.48191	-0.649969	-0.739151	-0.766537	-0.755834	-0.726873	-0.686874	-0.653399	-0.638998	-0.654791	-0.697966	-0.755381	-0.822661	-0.887806	-0.939613	-0.959679	-0.942268	-0.905072	-0.879786	-0.90469	-0.986847	-1.09615	-1.18977	-1.23696	-1.23458	-1.19762	-1.14124	-1.08641	-1.04435	-1.0305	-1.05382	-1.10283	-1.1631	-1.21856	-1.25869	-1.2712	-1.23147	-1.11602	-0.928872	-0.694683	-0.457744	-0.245888	-0.0764425	0.0436787	0.11618	0.142498	0.127539	0.0789066	0.00460246	-0.0849887	-0.180551	-0.282632	-0.391769	-0.489263	-0.56055	-0.596833	-0.599451	-0.564877	-0.490152	-0.375901	-0.237118	-0.0884373	0.0704633	0.229485	0.382119	0.519477	0.640002	0.738742	0.812011	0.857138	0.868828	0.856974	0.825243	0.77824	0.723911	0.667102	0.611426	0.555768	0.497619	0.440483	0.385769	0.331442	0.282891	0.2372	0.192978	0.149036	0.100628	0.052035	0	
0	0.179467	0.340516	0.473059	0.562321	0.593428	0.548959	0.431308	0.246157	0.00854802	-0.253868	-0.493403	-0.662133	-0.745345	-0.755834	-0.723311	-0.665141	-0.597822	-0.534421	-0.493736	-0.483221	-0.504739	-0.54667	-0.607685	-0.674599	-0.737616	-0.773413	-0.774271	-0.752477	-0.743612	-0.781358	-0.872427	-0.988397	-1.087	-1.13703	-1.13623	-1.10443	-1.06347	-1.0331	-1.02644	-1.05806	-1.12683	-1.22043	-1.32175	-1.41019	-1.47205	-1.49756	-1.45727	-1.33698	-1.1375	-0.886151	-0.631697	-0.402889	-0.219836	-0.0914199	-0.0125343	0.0229869	0.0117395	-0.0331025	-0.107569	-0.201303	-0.303369	-0.407943	-0.513802	-0.602207	-0.656182	-0.67116	-0.647408	-0.586585	-0.493068	-0.368048	-0.227948	-0.0862143	0.0600115	0.201339	0.336282	0.45781	0.559739	0.635907	0.682492	0.695552	0.674375	0.633195	0.579168	0.51889	0.461347	0.405972	0.346776	0.28913	0.229539	0.168388	0.115832	0.0667532	0.0261904	-0.00706993	-0.0328933	-0.0427931	-0.041053	-0.0253622	0	
0	0.203286	0.384637	0.532076	0.624054	0.65146	0.59552	0.461588	0.256226	0.000614591	-0.268635	-0.506661	-0.666755	-0.736283	-0.726873	-0.665141	-0.575724	-0.471379	-0.37342	-0.29704	-0.256766	-0.254719	-0.284985	-0.344699	-0.419015	-0.494683	-0.547678	-0.56431	-0.560048	-0.565585	-0.618441	-0.715808	-0.833196	-0.931434	-0.979098	-0.976139	-0.952352	-0.924469	-0.918162	-0.941404	-1.00646	-1.11244	-1.24481	-1.38609	-1.51539	-1.61212	-1.66046	-1.63478	-1.52022	-1.32026	-1.06258	-0.798449	-0.556176	-0.35795	-0.217669	-0.128396	-0.090394	-0.101096	-0.150525	-0.228254	-0.322616	-0.41767	-0.50523	-0.586616	-0.639933	-0.660051	-0.64441	-0.595157	-0.512957	-0.409294	-0.286631	-0.157043	-0.0335782	0.0881203	0.194807	0.289461	0.369433	0.428915	0.461282	0.468283	0.449188	0.40309	0.345759	0.279451	0.210904	0.148365	0.087858	0.0261567	-0.0301489	-0.0827901	-0.132748	-0.174246	-0.207287	-0.227575	-0.23959	-0.233482	-0.202285	-0.15414	-0.082911	0	
0	0.216233	0.409324	0.561369	0.650655	0.667995	0.60032	0.45333	0.234473	-0.0281729	-0.29471	-0.521171	-0.665843	-0.720025	-0.686874	-0.597822	-0.471379	-0.330384	-0.192966	-0.0822796	-0.0135114	0.00583518	-0.0182086	-0.082069	-0.163744	-0.250206	-0.314221	-0.345357	-0.352706	-0.372806	-0.432689	-0.529064	-0.638008	-0.726065	-0.767214	-0.764999	-0.746624	-0.736042	-0.748311	-0.79156	-0.882945	-1.01605	-1.17968	-1.36075	-1.5308	-1.66394	-1.74633	-1.74405	-1.65046	-1.46638	-1.21771	-0.953689	-0.703413	-0.494158	-0.343337	-0.248562	-0.206244	-0.221869	-0.274396	-0.348236	-0.430709	-0.506648	-0.563085	-0.599012	-0.607698	-0.584343	-0.532998	-0.455774	-0.358125	-0.256298	-0.145349	-0.0389846	0.053732	0.136411	0.197856	0.243166	0.267146	0.267547	0.246456	0.209378	0.154815	0.0898141	0.0250971	-0.0465415	-0.121872	-0.192128	-0.257465	-0.323577	-0.373636	-0.408967	-0.440525	-0.458557	-0.468253	-0.463411	-0.442458	-0.401506	-0.327459	-0.233566	-0.12437	0	
0	0.218035	0.411931	0.561383	0.641514	0.646905	0.568936	0.413735	0.190621	-0.0715384	-0.327524	-0.538287	-0.667509	-0.705738	-0.653399	-0.534421	-0.37342	-0.192966	-0.0198863	0.122319	0.211384	0.24224	0.217786	0.149795	0.0620434	-0.0286188	-0.100171	-0.138637	-0.155949	-0.178747	-0.236951	-0.318676	-0.407366	-0.479605	-0.514065	-0.510764	-0.50204	-0.500721	-0.524582	-0.581504	-0.688477	-0.843455	-1.03618	-1.2502	-1.45792	-1.63097	-1.7467	-1.77704	-1.71508	-1.55849	-1.33105	-1.08077	-0.83794	-0.631066	-0.484368	-0.393129	-0.356409	-0.367415	-0.409867	-0.466432	-0.523145	-0.565356	-0.580579	-0.574578	-0.534526	-0.464852	-0.376005	-0.273597	-0.161779	-0.0601068	0.0291911	0.101522	0.155641	0.195427	0.206746	0.197279	0.168005	0.113683	0.0363659	-0.0486471	-0.13817	-0.226952	-0.305732	-0.38416	-0.461427	-0.531338	-0.595255	-0.654814	-0.693861	-0.712874	-0.721489	-0.716726	-0.699118	-0.66111	-0.606384	-0.526519	-0.414285	-0.287894	-0.148667	0	
0	0.206009	0.389051	0.526978	0.593373	0.58632	0.500588	0.344495	0.123784	-0.130416	-0.373072	-0.568312	-0.683346	-0.710416	-0.638998	-0.493736	-0.29704	-0.0822796	0.122319	0.28681	0.389821	0.425914	0.400967	0.330896	0.242569	0.152261	0.0800062	0.0367835	0.0206984	0.00261113	-0.0398821	-0.0981269	-0.162765	-0.217704	-0.24535	-0.243431	-0.233967	-0.235397	-0.261297	-0.320663	-0.439251	-0.611043	-0.825662	-1.07002	-1.31402	-1.52351	-1.67796	-1.74273	-1.71418	-1.58955	-1.39331	-1.17118	-0.953804	-0.772374	-0.647053	-0.571771	-0.536811	-0.541146	-0.566288	-0.590351	-0.606354	-0.608379	-0.582992	-0.527424	-0.442102	-0.333084	-0.212675	-0.0879389	0.0337132	0.127641	0.197565	0.239671	0.256359	0.252962	0.218899	0.162419	0.0822825	-0.0224565	-0.14287	-0.268284	-0.397127	-0.511868	-0.608402	-0.699729	-0.77984	-0.842891	-0.890559	-0.933055	-0.955724	-0.957015	-0.950181	-0.924089	-0.876562	-0.80362	-0.709471	-0.596578	-0.45839	-0.311035	-0.160338	0	
0	0.177626	0.336624	0.45264	0.502265	0.481571	0.393326	0.241011	0.0301609	-0.212257	-0.440821	-0.621374	-0.725926	-0.741914	-0.654791	-0.483221	-0.256766	-0.0135114	0.211384	0.389821	0.499248	0.539315	0.515783	0.448236	0.363647	0.278762	0.209068	0.169545	0.159681	0.156183	0.134068	0.0989149	0.0577445	0.0185403	-0.000712043	0.00976577	0.027543	0.0341285	0.0151026	-0.0450616	-0.168523	-0.351696	-0.583635	-0.851604	-1.12503	-1.37099	-1.55839	-1.65487	-1.65773	-1.56685	-1.40819	-1.22453	-1.0479	-0.903511	-0.808397	-0.753262	-0.728473	-0.723552	-0.725534	-0.718637	-0.696427	-0.654272	-0.580031	-0.478045	-0.349187	-0.203724	-0.0625243	0.0673922	0.185153	0.271337	0.323625	0.34193	0.33469	0.300162	0.225589	0.12371	0.00114645	-0.141916	-0.296132	-0.447328	-0.597057	-0.734105	-0.850742	-0.952444	-1.03262	-1.08493	-1.11355	-1.13355	-1.13798	-1.12437	-1.09777	-1.04928	-0.973968	-0.867245	-0.743718	-0.610728	-0.461538	-0.310262	-0.159456	0	
0	0.135269	0.257575	0.345783	0.375117	0.34425	0.256093	0.113246	-0.0844284	-0.313224	-0.528986	-0.697749	-0.793444	-0.799781	-0.697966	-0.504739	-0.254719	0.00583518	0.24224	0.425914	0.539315	0.583359	0.562487	0.498918	0.417294	0.337801	0.2744	0.241932	0.244665	0.258436	0.255578	0.241571	0.219845	0.198237	0.193233	0.217065	0.249654	0.269522	0.259458	0.206045	0.0839621	-0.103194	-0.345771	-0.631233	-0.92968	-1.20162	-1.41116	-1.52657	-1.54994	-1.48754	-1.36759	-1.22911	-1.09733	-0.992476	-0.927854	-0.894579	-0.878578	-0.873789	-0.870581	-0.844259	-0.787197	-0.704399	-0.587797	-0.440798	-0.274718	-0.107781	0.0405091	0.167311	0.275347	0.349782	0.387702	0.39095	0.364812	0.30527	0.201853	0.0654965	-0.0910407	-0.261236	-0.430736	-0.592047	-0.748864	-0.884322	-1.00053	-1.10365	-1.17903	-1.2213	-1.23472	-1.23518	-1.2206	-1.18777	-1.14194	-1.0748	-0.980355	-0.857453	-0.719576	-0.57731	-0.428108	-0.282043	-0.142599	0	
0	0.08057	0.15706	0.210847	0.220015	0.180131	0.0957269	-0.0348417	-0.216554	-0.429797	-0.632344	-0.788897	-0.874192	-0.869859	-0.755381	-0.54667	-0.284985	-0.0182086	0.217786	0.400967	0.515783	0.562487	0.545444	0.48431	0.406913	0.336044	0.283651	0.263141	0.278525	0.30293	0.312942	0.310171	0.305578	0.303291	0.317503	0.358746	0.410206	0.444269	0.447091	0.401173	0.28262	0.0920535	-0.157015	-0.451647	-0.758371	-1.03587	-1.24748	-1.36765	-1.40155	-1.36285	-1.27791	-1.17482	-1.07698	-1.00391	-0.966112	-0.958573	-0.967683	-0.97866	-0.977024	-0.938788	-0.860239	-0.748403	-0.602427	-0.429301	-0.244999	-0.0679393	0.0797292	0.195821	0.291579	0.355188	0.379185	0.363964	0.318275	0.237124	0.110735	-0.0436487	-0.210728	-0.383299	-0.547338	-0.698773	-0.841606	-0.96202	-1.05843	-1.13701	-1.19392	-1.22533	-1.23186	-1.2251	-1.20067	-1.14958	-1.07817	-0.99216	-0.890343	-0.77008	-0.642618	-0.513961	-0.378066	-0.245202	-0.122619	0	
0	0.0205627	0.0469934	0.0648251	0.054942	0.00762064	-0.0712563	-0.189975	-0.354657	-0.551972	-0.741095	-0.884054	-0.959427	-0.944079	-0.822661	-0.607685	-0.344699	-0.082069	0.149795	0.330896	0.448236	0.498918	0.48431	0.425885	0.353146	0.292361	0.252131	0.241446	0.260467	0.288224	0.302269	0.309107	0.322306	0.34142	0.374233	0.430886	0.494254	0.540032	0.553073	0.51231	0.397541	0.208069	-0.0392621	-0.326785	-0.621308	-0.887708	-1.08714	-1.19951	-1.2322	-1.20163	-1.13074	-1.04676	-0.973533	-0.926751	-0.918832	-0.94442	-0.981775	-1.01233	-1.02272	-0.98902	-0.903048	-0.781637	-0.628849	-0.454547	-0.273381	-0.104293	0.0318897	0.137968	0.221714	0.275556	0.283906	0.248785	0.181924	0.082798	-0.0497834	-0.201778	-0.355928	-0.506803	-0.644871	-0.768664	-0.87937	-0.963521	-1.02411	-1.06858	-1.096	-1.10806	-1.10586	-1.09152	-1.05958	-1.00153	-0.91955	-0.827614	-0.732104	-0.627854	-0.522358	-0.419445	-0.310251	-0.201038	-0.0997604	0	
0	-0.038299	-0.0621682	-0.0780458	-0.10796	-0.160474	-0.237703	-0.34454	-0.49389	-0.672899	-0.845445	-0.9734	-1.03579	-1.01185	-0.887806	-0.674599	-0.419015	-0.163744	0.0620434	0.242569	0.363647	0.417294	0.406913	0.353146	0.289291	0.241045	0.211708	0.202868	0.216628	0.236204	0.248999	0.262302	0.289393	0.326055	0.374431	0.440809	0.51499	0.571224	0.589403	0.550935	0.436418	0.248877	0.0133417	-0.252293	-0.522385	-0.762438	-0.938782	-1.03441	-1.05041	-1.01093	-0.940652	-0.865626	-0.806889	-0.78462	-0.805092	-0.860472	-0.926913	-0.982242	-1.01035	-0.986209	-0.910715	-0.802049	-0.670949	-0.521605	-0.363278	-0.216096	-0.098451	-0.011622	0.0563137	0.0960652	0.0888053	0.0380633	-0.0430637	-0.145589	-0.269391	-0.398702	-0.517987	-0.625142	-0.715027	-0.793251	-0.857982	-0.896378	-0.911089	-0.91411	-0.91105	-0.902255	-0.885128	-0.858841	-0.821374	-0.76114	-0.681145	-0.600417	-0.520847	-0.439872	-0.366133	-0.298504	-0.229009	-0.155567	-0.0784419	0	
0	-0.086725	-0.150804	-0.196009	-0.240011	-0.299717	-0.374259	-0.473527	-0.605689	-0.765121	-0.91891	-1.03155	-1.08484	-1.05767	-0.939613	-0.737616	-0.494683	-0.250206	-0.0286188	0.152261	0.278762	0.337801	0.336044	0.292361	0.241045	0.20259	0.174884	0.157362	0.153814	0.159142	0.16844	0.184859	0.223387	0.273208	0.333071	0.408848	0.49036	0.550501	0.571158	0.52929	0.41763	0.242281	0.028371	-0.209156	-0.448461	-0.662672	-0.815381	-0.883659	-0.871622	-0.809257	-0.725848	-0.649313	-0.603892	-0.600931	-0.64319	-0.721261	-0.807819	-0.881758	-0.925459	-0.926299	-0.881401	-0.808668	-0.718164	-0.615019	-0.503326	-0.397074	-0.315081	-0.255932	-0.212702	-0.191694	-0.212335	-0.271301	-0.35034	-0.434701	-0.522959	-0.605112	-0.672277	-0.723477	-0.755206	-0.773041	-0.77615	-0.764622	-0.739645	-0.708563	-0.679483	-0.646702	-0.606445	-0.559945	-0.511147	-0.457605	-0.395253	-0.33658	-0.285325	-0.23148	-0.186055	-0.155542	-0.126313	-0.0918641	-0.0493966	0	
0	-0.118057	-0.210187	-0.274271	-0.330777	-0.394492	-0.470345	-0.560499	-0.675622	-0.810959	-0.943982	-1.04242	-1.09018	-1.06571	-0.959679	-0.773413	-0.547678	-0.314221	-0.100171	0.0800062	0.209068	0.2744	0.283651	0.252131	0.211708	0.174884	0.140169	0.106781	0.0839888	0.0773312	0.0819848	0.102006	0.146206	0.204842	0.275362	0.357742	0.441401	0.504376	0.522823	0.483596	0.382587	0.223792	0.0324862	-0.180553	-0.397433	-0.587846	-0.712056	-0.751038	-0.70545	-0.618271	-0.520562	-0.444154	-0.401934	-0.404092	-0.452345	-0.535612	-0.630626	-0.718968	-0.786191	-0.81657	-0.810231	-0.784207	-0.753712	-0.718534	-0.668583	-0.619168	-0.586585	-0.571403	-0.56506	-0.570597	-0.603939	-0.658344	-0.717066	-0.761597	-0.79497	-0.815213	-0.815876	-0.79642	-0.761062	-0.715454	-0.657472	-0.593558	-0.526497	-0.466815	-0.415569	-0.362906	-0.305479	-0.242726	-0.188157	-0.141875	-0.0973424	-0.0662299	-0.0447265	-0.0217272	-0.00777801	-0.00373027	-0.00464083	-0.00705435	-0.0026987	0	
0	-0.130305	-0.235182	-0.309293	-0.373851	-0.441767	-0.518518	-0.600746	-0.696048	-0.806745	-0.917835	-1.00647	-1.05237	-1.03566	-0.942268	-0.774271	-0.56431	-0.345357	-0.138637	0.0367835	0.169545	0.241932	0.263141	0.241446	0.202868	0.157362	0.106781	0.0550854	0.0171152	0.000379745	0.00423693	0.027984	0.0789959	0.149443	0.231149	0.31938	0.402706	0.463156	0.482292	0.448295	0.356023	0.211437	0.0331462	-0.162997	-0.359623	-0.523697	-0.623856	-0.635742	-0.569102	-0.464956	-0.357616	-0.274291	-0.22477	-0.218317	-0.256944	-0.331534	-0.422815	-0.520369	-0.602018	-0.663111	-0.705572	-0.739199	-0.773873	-0.808106	-0.82827	-0.845308	-0.873744	-0.913194	-0.95247	-0.989835	-1.03177	-1.0719	-1.09792	-1.08944	-1.05896	-1.01018	-0.942347	-0.855498	-0.749674	-0.635495	-0.518509	-0.412518	-0.313683	-0.224859	-0.151677	-0.0805425	-0.00919167	0.0548171	0.106193	0.143602	0.17076	0.183198	0.177773	0.167677	0.151548	0.129885	0.107109	0.0776969	0.0436935	0	
0	-0.123774	-0.225215	-0.301293	-0.368095	-0.44014	-0.516938	-0.592353	-0.670121	-0.759268	-0.855367	-0.940858	-0.992087	-0.985206	-0.905072	-0.752477	-0.560048	-0.352706	-0.155949	0.0206984	0.159681	0.244665	0.278525	0.260467	0.216628	0.153814	0.0839888	0.0171152	-0.033965	-0.056845	-0.0532101	-0.0235309	0.0386333	0.121028	0.214687	0.307402	0.389365	0.450628	0.473572	0.442462	0.353115	0.207419	0.0330776	-0.154332	-0.332265	-0.475021	-0.55482	-0.551686	-0.470871	-0.356269	-0.238855	-0.147647	-0.0887708	-0.0664833	-0.0866463	-0.140593	-0.218326	-0.312252	-0.407494	-0.500876	-0.589371	-0.676078	-0.772702	-0.876471	-0.96398	-1.04368	-1.13126	-1.22347	-1.30603	-1.37161	-1.4155	-1.43657	-1.42522	-1.3669	-1.27911	-1.16908	-1.03937	-0.886947	-0.724921	-0.56054	-0.399043	-0.261708	-0.137008	-0.0270254	0.0664807	0.15415	0.232393	0.297784	0.344068	0.370231	0.383861	0.377942	0.349064	0.314415	0.272721	0.229405	0.188449	0.135929	0.0742213	0	
0	-0.102618	-0.191025	-0.259429	-0.327781	-0.399984	-0.479503	-0.550132	-0.618299	-0.696314	-0.788637	-0.881568	-0.943806	-0.949249	-0.879786	-0.743612	-0.565585	-0.372806	-0.178747	0.00261113	0.156183	0.258436	0.30293	0.288224	0.236204	0.159142	0.0773312	0.000379745	-0.056845	-0.0837647	-0.0814781	-0.0441501	0.0228235	0.112094	0.210288	0.306811	0.390964	0.458965	0.484377	0.451941	0.35046	0.196408	0.0166721	-0.163139	-0.328097	-0.455436	-0.526165	-0.514301	-0.428946	-0.304577	-0.175437	-0.0752327	-0.000683682	0.0413742	0.0417925	0.00909942	-0.0506644	-0.141716	-0.244228	-0.35506	-0.475405	-0.605382	-0.749922	-0.906189	-1.04773	-1.17939	-1.31207	-1.44141	-1.552	-1.63252	-1.67423	-1.67655	-1.63939	-1.54763	-1.41912	-1.26467	-1.08711	-0.893164	-0.695396	-0.503632	-0.32858	-0.177681	-0.0367146	0.0917404	0.202945	0.301858	0.384056	0.442605	0.484223	0.505765	0.504413	0.48712	0.450057	0.403617	0.350721	0.293391	0.232188	0.158967	0.0828308	0	
0	-0.0789001	-0.14959	-0.21181	-0.277896	-0.354132	-0.436008	-0.510737	-0.579784	-0.662166	-0.763154	-0.87233	-0.948299	-0.965155	-0.90469	-0.781358	-0.618441	-0.432689	-0.236951	-0.0398821	0.134068	0.255578	0.312942	0.302269	0.248999	0.16844	0.0819848	0.00423693	-0.0532101	-0.0814781	-0.075401	-0.0362006	0.0313083	0.116901	0.213866	0.311871	0.399247	0.464337	0.48276	0.433718	0.315101	0.149054	-0.0306465	-0.206143	-0.363987	-0.486101	-0.557524	-0.547735	-0.461471	-0.329337	-0.190332	-0.0733086	0.0190953	0.0816378	0.10409	0.0940145	0.0480292	-0.0345293	-0.134744	-0.253049	-0.388828	-0.536074	-0.700601	-0.880959	-1.05065	-1.20897	-1.36604	-1.51432	-1.6339	-1.71817	-1.75216	-1.74449	-1.69496	-1.58964	-1.44839	-1.27667	-1.08415	-0.879665	-0.681191	-0.494605	-0.323698	-0.17518	-0.0285338	0.111275	0.230959	0.334304	0.416843	0.470822	0.50625	0.521523	0.514205	0.494284	0.462205	0.425617	0.376109	0.312849	0.242366	0.158475	0.0764903	0	
0	-0.055976	-0.110179	-0.163403	-0.227896	-0.306042	-0.395179	-0.481603	-0.567902	-0.670149	-0.794136	-0.924175	-1.01618	-1.04137	-0.986847	-0.872427	-0.715808	-0.529064	-0.318676	-0.0981269	0.0989149	0.241571	0.310171	0.309107	0.262302	0.184859	0.102006	0.027984	-0.0235309	-0.0441501	-0.0362006	0.00385963	0.0643574	0.141494	0.235922	0.335804	0.418202	0.469496	0.464264	0.38999	0.24947	0.0715051	-0.113938	-0.290971	-0.446533	-0.569511	-0.643179	-0.636953	-0.556662	-0.424588	-0.27529	-0.147163	-0.0392815	0.0449715	0.0887373	0.097932	0.0713928	0.00298822	-0.0936177	-0.210196	-0.342443	-0.485344	-0.639332	-0.807709	-0.970568	-1.12406	-1.27652	-1.41894	-1.53543	-1.61358	-1.63775	-1.62024	-1.56863	-1.47581	-1.35168	-1.20247	-1.03545	-0.863693	-0.700105	-0.540773	-0.392278	-0.251516	-0.108792	0.0240431	0.141897	0.243274	0.32196	0.372344	0.407885	0.424692	0.41958	0.411509	0.396248	0.371509	0.330557	0.272999	0.208902	0.135226	0.0636577	0	
0	-0.0330134	-0.06738	-0.107204	-0.162949	-0.239376	-0.334671	-0.439181	-0.553939	-0.689185	-0.844638	-0.999785	-1.10866	-1.144	-1.09615	-0.988397	-0.833196	-0.638008	-0.407366	-0.162765	0.0577445	0.219845	0.305578	0.322306	0.289393	0.223387	0.146206	0.0789959	0.0386333	0.0228235	0.0313083	0.0643574	0.116122	0.189704	0.28532	0.386044	0.459195	0.484627	0.449168	0.34649	0.180505	-0.0174128	-0.218017	-0.40539	-0.56748	-0.69349	-0.771715	-0.773747	-0.700255	-0.5661	-0.412382	-0.274223	-0.153111	-0.0563206	0.00526293	0.0377802	0.0316661	-0.0210833	-0.104491	-0.206038	-0.321215	-0.44168	-0.564592	-0.696514	-0.825814	-0.950323	-1.07804	-1.19738	-1.28846	-1.34642	-1.36251	-1.34783	-1.30856	-1.23961	-1.15474	-1.05655	-0.947969	-0.839994	-0.731807	-0.617634	-0.504742	-0.388413	-0.267755	-0.156357	-0.0581805	0.0329525	0.112676	0.165515	0.206395	0.236116	0.246526	0.254798	0.258369	0.246998	0.214831	0.172591	0.133184	0.0879852	0.0412668	0	
0	-0.00569346	-0.0136619	-0.0303347	-0.0677507	-0.134713	-0.231945	-0.356063	-0.503585	-0.678507	-0.868624	-1.05036	-1.17865	-1.22705	-1.18977	-1.087	-0.931434	-0.726065	-0.479605	-0.217704	0.0185403	0.198237	0.303291	0.34142	0.326055	0.273208	0.204842	0.149443	0.121028	0.112094	0.116901	0.141494	0.189704	0.261325	0.356873	0.45227	0.508808	0.508634	0.447169	0.31786	0.126547	-0.0984521	-0.322984	-0.530317	-0.706267	-0.845263	-0.934574	-0.945887	-0.87809	-0.743619	-0.581978	-0.43068	-0.299217	-0.186635	-0.104764	-0.0556236	-0.0454868	-0.0770187	-0.141348	-0.219202	-0.299657	-0.379804	-0.459313	-0.550086	-0.64705	-0.738963	-0.825346	-0.899046	-0.952748	-0.988231	-0.998748	-0.994512	-0.980921	-0.95269	-0.916654	-0.873415	-0.829764	-0.795109	-0.756482	-0.701098	-0.634494	-0.555419	-0.471287	-0.393491	-0.319429	-0.244687	-0.175522	-0.121472	-0.0704496	-0.0245599	0.00724125	0.0334476	0.0520924	0.058996	0.0518805	0.0415021	0.0391004	0.0305512	0.0134302	0	
0	0.0254854	0.0502777	0.0633622	0.0519656	8.91144e-05	-0.0951206	-0.23437	-0.414159	-0.624686	-0.849079	-1.05345	-1.20182	-1.26399	-1.23696	-1.13703	-0.979098	-0.767214	-0.514065	-0.24535	-0.000712043	0.193233	0.317503	0.374233	0.374431	0.333071	0.275362	0.231149	0.214687	0.210288	0.213866	0.235922	0.28532	0.356873	0.445815	0.527909	0.568248	0.544841	0.458665	0.302444	0.0814507	-0.173928	-0.423957	-0.655635	-0.851208	-1.00968	-1.1123	-1.13806	-1.07895	-0.948559	-0.780455	-0.614599	-0.460546	-0.325363	-0.223162	-0.15799	-0.132297	-0.145983	-0.185838	-0.223973	-0.257393	-0.294975	-0.336872	-0.391069	-0.452342	-0.505237	-0.55049	-0.582482	-0.600754	-0.613783	-0.625102	-0.637101	-0.647481	-0.657499	-0.672373	-0.690291	-0.710551	-0.738762	-0.759872	-0.763847	-0.756362	-0.726324	-0.681764	-0.638557	-0.591765	-0.539672	-0.490361	-0.446287	-0.392277	-0.329428	-0.275062	-0.231673	-0.195307	-0.1621	-0.132088	-0.10042	-0.0633451	-0.03611	-0.0204178	0	
0	0.0630138	0.124731	0.174695	0.190668	0.158465	0.0683713	-0.0805073	-0.284607	-0.527236	-0.780317	-1.00759	-1.17516	-1.25202	-1.23458	-1.13623	-0.976139	-0.764999	-0.510764	-0.243431	0.00976577	0.217065	0.358746	0.430886	0.440809	0.408848	0.357742	0.31938	0.307402	0.306811	0.311871	0.335804	0.386044	0.45227	0.527909	0.597875	0.623838	0.582958	0.469681	0.281801	0.0280998	-0.257364	-0.537612	-0.791004	-1.00703	-1.17847	-1.29109	-1.32826	-1.28127	-1.15598	-0.980772	-0.792384	-0.613078	-0.457817	-0.336813	-0.257272	-0.212805	-0.19688	-0.20024	-0.203865	-0.205048	-0.21256	-0.222805	-0.241733	-0.264248	-0.281663	-0.291787	-0.294188	-0.290948	-0.291749	-0.303928	-0.320702	-0.346528	-0.383819	-0.443504	-0.517608	-0.595178	-0.678581	-0.744967	-0.795011	-0.83591	-0.858758	-0.867772	-0.866414	-0.852825	-0.826805	-0.795803	-0.760686	-0.707657	-0.636331	-0.564451	-0.502572	-0.44234	-0.377961	-0.314116	-0.246518	-0.176319	-0.114897	-0.0588882	0	
0	0.105567	0.209688	0.295485	0.340786	0.326165	0.24598	0.0943139	-0.124888	-0.392271	-0.670947	-0.921085	-1.10835	-1.20237	-1.19762	-1.10443	-0.952352	-0.746624	-0.50204	-0.233967	0.027543	0.249654	0.410206	0.494254	0.51499	0.49036	0.441401	0.402706	0.389365	0.390964	0.399247	0.418202	0.459195	0.508808	0.568248	0.623838	0.639891	0.57887	0.437771	0.218262	-0.0639234	-0.380107	-0.683642	-0.958774	-1.18644	-1.36308	-1.47845	-1.52004	-1.46967	-1.33625	-1.14178	-0.927835	-0.73043	-0.561774	-0.42723	-0.328573	-0.256349	-0.207575	-0.182195	-0.160905	-0.140376	-0.129102	-0.121891	-0.116758	-0.111627	-0.101091	-0.0861303	-0.0704933	-0.0570362	-0.0541672	-0.0620507	-0.0786062	-0.110164	-0.166922	-0.258694	-0.367263	-0.48249	-0.595565	-0.694146	-0.784514	-0.86774	-0.939589	-0.996888	-1.04537	-1.07578	-1.07856	-1.06124	-1.02373	-0.970456	-0.903082	-0.824918	-0.748184	-0.664286	-0.566531	-0.472383	-0.382011	-0.284034	-0.187263	-0.0951429	0	
0	0.148754	0.291141	0.409835	0.475602	0.47754	0.406242	0.260697	0.034634	-0.247306	-0.547293	-0.815224	-1.02032	-1.13081	-1.14124	-1.06347	-0.924469	-0.736042	-0.500721	-0.235397	0.0341285	0.269522	0.444269	0.540032	0.571224	0.550501	0.504376	0.463156	0.450628	0.458965	0.464337	0.469496	0.484627	0.508634	0.544841	0.582958	0.57887	0.496431	0.325921	0.0793988	-0.228951	-0.565355	-0.888139	-1.16936	-1.39712	-1.56988	-1.67695	-1.70345	-1.63183	-1.47228	-1.24684	-1.00909	-0.790619	-0.606931	-0.457667	-0.343695	-0.252159	-0.185321	-0.139879	-0.102873	-0.0715858	-0.0510191	-0.0356479	-0.021528	-0.000597012	0.0242358	0.0485568	0.0735094	0.0986537	0.113471	0.103804	0.0779426	0.0348334	-0.0328143	-0.134823	-0.255487	-0.377651	-0.50022	-0.619145	-0.737393	-0.853898	-0.961324	-1.05535	-1.14031	-1.20528	-1.23706	-1.2359	-1.20671	-1.16216	-1.10505	-1.0315	-0.944375	-0.839325	-0.716231	-0.596668	-0.484412	-0.367349	-0.245933	-0.121766	0	
0	0.187215	0.362339	0.504352	0.585064	0.59732	0.537527	0.400683	0.178782	-0.11225	-0.423372	-0.706867	-0.924034	-1.05366	-1.08641	-1.0331	-0.918162	-0.748311	-0.524582	-0.261297	0.0151026	0.259458	0.447091	0.553073	0.589403	0.571158	0.522823	0.482292	0.473572	0.484377	0.48276	0.464264	0.449168	0.447169	0.458665	0.469681	0.437771	0.325921	0.124303	-0.150395	-0.479662	-0.82866	-1.15182	-1.42394	-1.6415	-1.79341	-1.87325	-1.86143	-1.74663	-1.54613	-1.2915	-1.02364	-0.778929	-0.574189	-0.410566	-0.285065	-0.189229	-0.122294	-0.0749431	-0.0394921	-0.0102723	0.00939753	0.0221377	0.0359338	0.0621862	0.0914269	0.121287	0.151395	0.181765	0.197015	0.188993	0.158189	0.10231	0.0279604	-0.0726666	-0.181677	-0.294442	-0.410028	-0.532737	-0.667405	-0.798773	-0.923848	-1.03287	-1.13096	-1.21601	-1.26891	-1.28689	-1.2787	-1.25565	-1.2127	-1.14279	-1.05691	-0.952612	-0.822378	-0.68908	-0.559107	-0.424972	-0.288646	-0.144418	0	
0	0.218998	0.418997	0.578144	0.668118	0.689629	0.639432	0.514984	0.300452	0.00973369	-0.306895	-0.599023	-0.827642	-0.980268	-1.04435	-1.02644	-0.941404	-0.79156	-0.581504	-0.320663	-0.0450616	0.206045	0.401173	0.51231	0.550935	0.52929	0.483596	0.448295	0.442462	0.451941	0.433718	0.38999	0.34649	0.31786	0.302444	0.281801	0.218262	0.0793988	-0.150395	-0.449138	-0.793206	-1.14325	-1.45761	-1.71555	-1.90695	-2.01836	-2.04371	-1.96766	-1.79634	-1.554	-1.26064	-0.959652	-0.685487	-0.458118	-0.286695	-0.163816	-0.0758423	-0.0186509	0.0155101	0.0319989	0.0363737	0.0360128	0.035452	0.0448574	0.075461	0.112042	0.143216	0.169025	0.195692	0.209841	0.2026	0.167915	0.111427	0.0406642	-0.0495302	-0.14491	-0.242028	-0.339572	-0.450828	-0.570884	-0.692141	-0.81626	-0.925906	-1.02307	-1.10495	-1.16548	-1.20452	-1.22581	-1.23089	-1.20684	-1.14656	-1.06719	-0.98174	-0.871708	-0.742195	-0.606881	-0.462771	-0.31437	-0.158868	0	
0	0.236504	0.450507	0.617026	0.71445	0.74167	0.70111	0.5876	0.38477	0.103053	-0.210131	-0.504285	-0.745028	-0.926409	-1.0305	-1.05806	-1.00646	-0.882945	-0.688477	-0.439251	-0.168523	0.0839621	0.28262	0.397541	0.436418	0.41763	0.382587	0.356023	0.353115	0.35046	0.315101	0.24947	0.180505	0.126547	0.0814507	0.0280998	-0.0639234	-0.228951	-0.479662	-0.793206	-1.14012	-1.48084	-1.78093	-2.01519	-2.16682	-2.2203	-2.17665	-2.03097	-1.80119	-1.50296	-1.16492	-0.82971	-0.528729	-0.290567	-0.123406	-0.00593341	0.0724477	0.108243	0.116341	0.099293	0.0703332	0.0436293	0.0257911	0.0266231	0.0561545	0.093203	0.116327	0.134292	0.157734	0.17101	0.16103	0.120632	0.0659994	0.0111689	-0.0534809	-0.12621	-0.200632	-0.272383	-0.35432	-0.442963	-0.536979	-0.638023	-0.732462	-0.817665	-0.894405	-0.957723	-1.00564	-1.05096	-1.08158	-1.08069	-1.04749	-0.990838	-0.928151	-0.844987	-0.7372	-0.612485	-0.469466	-0.316597	-0.157174	0	
0	0.239014	0.453905	0.623581	0.725168	0.758849	0.724179	0.618304	0.429211	0.161504	-0.139735	-0.43425	-0.689825	-0.903874	-1.05382	-1.12683	-1.11244	-1.01605	-0.843455	-0.611043	-0.351696	-0.103194	0.0920535	0.208069	0.248877	0.242281	0.223792	0.211437	0.207419	0.196408	0.149054	0.0715051	-0.0174128	-0.0984521	-0.173928	-0.257364	-0.380107	-0.565355	-0.82866	-1.14325	-1.48084	-1.8059	-2.08189	-2.27667	-2.37235	-2.35875	-2.24794	-2.03801	-1.74808	-1.39664	-1.02009	-0.65975	-0.347194	-0.105406	0.0577273	0.163427	0.216296	0.222994	0.195888	0.143854	0.0857941	0.038983	0.00936819	-0.00317321	0.0108927	0.0345417	0.0537043	0.0693329	0.0871789	0.0945697	0.0839051	0.0485066	0.0025435	-0.0320319	-0.0637256	-0.0994927	-0.139983	-0.183389	-0.233256	-0.284805	-0.344084	-0.41244	-0.476719	-0.535566	-0.598696	-0.665709	-0.725071	-0.782346	-0.82868	-0.854696	-0.858654	-0.838156	-0.801913	-0.742331	-0.660835	-0.560411	-0.434692	-0.291585	-0.142446	0	
0	0.225938	0.432378	0.599071	0.706685	0.745949	0.715546	0.615741	0.440513	0.193917	-0.0921154	-0.386402	-0.660087	-0.909331	-1.10283	-1.22043	-1.24481	-1.17968	-1.03618	-0.825662	-0.583635	-0.345771	-0.157015	-0.0392621	0.0133417	0.028371	0.0324862	0.0331462	0.0330776	0.0166721	-0.0306465	-0.113938	-0.218017	-0.322984	-0.423957	-0.537612	-0.683642	-0.888139	-1.15182	-1.45761	-1.78093	-2.08189	-2.31503	-2.45605	-2.48506	-2.40896	-2.2373	-1.96582	-1.62126	-1.22971	-0.833947	-0.472861	-0.164367	0.0729803	0.225008	0.310187	0.335521	0.307193	0.242509	0.164462	0.0905329	0.0326327	-0.00917098	-0.0355808	-0.0403563	-0.0273034	-0.01864	-0.015222	-0.00441001	0.00105368	-0.00582134	-0.0325727	-0.0534886	-0.0526739	-0.0468977	-0.0463419	-0.0512911	-0.0598796	-0.0752132	-0.0938388	-0.122125	-0.1532	-0.182296	-0.216783	-0.267634	-0.334179	-0.398133	-0.460175	-0.511366	-0.554821	-0.594856	-0.611795	-0.607768	-0.578067	-0.522098	-0.452388	-0.359266	-0.245159	-0.125009	0	
