0	0	0	0	0	0	0	0	0	0	0	0	0	0	0	0	0	0	0	0	0	0	0	0	0	0	0	0	0	0	0	0	0	0	0	0	0	0	0	0	0	0	0	0	0	0	0	0	0	0	0	0	0	0	0	0	0	0	0	0	0	0	0	0	0	0	0	0	0	0	0	0	0	0	0	0	0	0	0	0	0	0	0	0	0	0	0	0	0	0	0	0	0	0	0	0	0	0	0	0	
0	0.00115938	-0.000924195	0.00164413	-0.000468339	0.00142178	-0.0018814	-0.000715478	-0.00052767	-0.00361022	0.000967391	0.00147891	0.00249502	-7.42514e-05	-0.00172466	0.000840065	0.002271	0.000297265	3.04919e-06	-0.000216021	0.000228602	-0.00140385	0.0019166	-0.00107223	-0.00223699	0.000561175	0.000607826	-0.0028371	-0.000580271	0.000574399	-0.000939876	-0.00219402	-0.00105612	0.00130803	-0.000811738	-0.00337309	-0.000917093	0.0033583	-0.00180706	-0.00357205	-0.000581226	0.00307963	0.000235333	-0.00234192	-0.00296202	-0.000479214	0.0036557	0.00254216	-0.00635698	-0.00788545	-0.00496836	0.00089249	-0.00458803	-0.0173366	-0.0276846	-0.0448758	-0.0516122	-0.0544168	-0.0527245	-0.0503967	-0.0523519	-0.0467193	-0.0264201	0.000436687	0.0254076	0.0530314	0.076338	0.100545	0.123621	0.132812	0.129311	0.111797	0.090183	0.0691909	0.0436203	0.0165353	-0.0112969	-0.0354964	-0.0503398	-0.0532957	-0.0505562	-0.0543445	-0.0556798	-0.0465385	-0.0371026	-0.0250743	-0.00867956	0.000112873	-0.00123155	-0.00658768	-0.00787105	-0.00146866	0.00249246	0.000311873	-6.18315e-05	-0.00128854	-0.00452205	7.34936e-05	0.00600481	0	
0	-0.000924195	0.000124049	-0.00128643	-0.000969829	0.000449816	-0.00104709	0.0040345	-0.000338221	0.0019277	0.00376515	-0.00781224	-0.00211488	0.00236169	-0.0027067	0.00117803	-0.0027126	-0.00273424	-0.00200989	0.00322993	-0.00104855	-0.00410644	0.00356335	-0.00103662	-0.00204477	0.00159041	0.00238562	-0.00398513	0.000356981	0.00295226	-0.00114161	-0.00168466	-0.00170058	0.00454305	-0.00167771	-0.00468668	-0.00132548	0.00594561	-0.00298506	-0.00826317	-0.000508544	0.00274875	-0.000486556	-0.00723203	-0.00812369	-0.0027225	0.00357525	0.00234319	-0.0131403	-0.0178664	-0.00642387	-0.000327922	-0.00623635	-0.0311908	-0.0550713	-0.0832991	-0.103116	-0.10877	-0.10576	-0.106427	-0.10855	-0.0937358	-0.0540151	0.00118129	0.0566719	0.107249	0.150208	0.201885	0.243964	0.260983	0.263552	0.232566	0.180748	0.132594	0.0843007	0.0338942	-0.020397	-0.0706361	-0.103606	-0.109038	-0.100348	-0.106567	-0.110886	-0.0936581	-0.0730671	-0.0488118	-0.0183779	-0.00127858	-0.0024285	-0.0121699	-0.0151268	-0.00349883	0.00436568	0.000913793	-5.80898e-05	-0.00277292	-0.00849245	0.000253804	0.011073	0	
0	0.00164413	-0.00128643	0.00227193	-0.000554109	0.00107396	-0.00247607	0.000419468	-0.00237539	-0.00308242	0.00286642	-0.000986144	0.00400301	-0.000387982	-0.00326298	0.00139605	0.00101103	0.000229938	0.000289381	-0.000708031	-0.00164554	-0.00350951	0.00476798	-0.00329754	-0.0044424	0.000963849	0.00115714	-0.00624087	-0.000891441	0.00142257	-0.00270804	-0.00428025	-0.002569	0.00333053	-0.00301045	-0.00742161	-0.0020432	0.00698068	-0.0054092	-0.00927577	-0.00154142	0.00576113	-0.00131365	-0.00742123	-0.009355	-0.00165605	0.00707404	0.00343863	-0.0176102	-0.0227975	-0.0110723	-0.000879162	-0.014436	-0.0496393	-0.0834178	-0.12705	-0.151285	-0.160515	-0.157945	-0.157239	-0.161996	-0.141338	-0.0833288	-0.00306146	0.0788412	0.158481	0.230916	0.306819	0.369131	0.396892	0.391111	0.342628	0.275283	0.205386	0.128083	0.0480518	-0.0364161	-0.110666	-0.154212	-0.161612	-0.154009	-0.16109	-0.161789	-0.137472	-0.108843	-0.0727979	-0.0290171	-0.00390423	-0.00392491	-0.0167033	-0.0211917	-0.00616375	0.00516576	0.00183174	-3.49865e-05	-0.00449039	-0.0113596	0.000566907	0.0143469	0	
0	-0.000468339	-0.000969829	-0.000554109	-0.00147191	0.00149104	-0.00120797	0.000659951	0.000743175	-0.00191737	0.000367046	-0.00295857	0.000433773	0.0016009	-0.00236047	0.0010118	0.00100129	-0.00285719	-0.00176716	0.00181041	0.000987105	-0.00375391	0.0022053	-0.00179357	-0.00303182	0.00204099	0.000297086	-0.00528868	-0.000124656	0.00150737	-0.00243293	-0.00410943	-0.00170338	0.00294321	-0.00304046	-0.0077388	-0.00117752	0.00619641	-0.00608878	-0.0104127	-0.00110818	0.00457559	-0.00205032	-0.0103388	-0.0105066	-0.00319541	0.00714374	0.000626623	-0.0223292	-0.0274333	-0.0142969	-0.00307819	-0.0228445	-0.0645286	-0.111376	-0.163345	-0.19719	-0.210634	-0.210395	-0.215201	-0.21814	-0.191139	-0.114458	-0.00667983	0.102599	0.211134	0.310801	0.410043	0.492594	0.531973	0.525013	0.463048	0.370735	0.272673	0.168056	0.0591708	-0.0513293	-0.147449	-0.208092	-0.221473	-0.209398	-0.21037	-0.208925	-0.181711	-0.143033	-0.0942856	-0.041288	-0.00960469	-0.00598591	-0.019367	-0.0255135	-0.0096404	0.00455322	0.00293482	-0.000107571	-0.0062825	-0.0126522	0.000916846	0.0151678	0	
0	0.00142178	0.000449816	0.00107396	0.00149104	-0.00205995	-7.52668e-07	0.00122658	-0.00230261	0.00231592	0.00237112	-0.00319152	-0.00178372	-0.00305228	-0.00116604	-0.000933017	-0.00311257	-0.00146662	-0.000359084	-0.000224566	-0.00411228	-0.00223776	0.00219472	-0.00199553	-0.00318572	0.000813837	-7.00039e-05	-0.00428428	0.000248733	0.000106435	-0.00195682	-0.00383208	-0.000801495	0.000924947	-0.00276741	-0.00758204	-0.000197194	0.00277483	-0.00626567	-0.0106529	-0.00167616	0.00213279	-0.00503744	-0.0116749	-0.0129181	-0.00413064	0.00417767	-0.00479907	-0.0246809	-0.0322071	-0.0148494	-0.00910188	-0.0317666	-0.0789798	-0.138042	-0.195106	-0.238355	-0.258098	-0.263484	-0.274536	-0.279862	-0.242299	-0.149759	-0.0177343	0.127735	0.264634	0.39475	0.521292	0.617394	0.663949	0.654574	0.584476	0.4734	0.343089	0.207408	0.0703037	-0.071155	-0.193193	-0.263421	-0.277169	-0.265658	-0.262157	-0.253968	-0.221531	-0.173452	-0.115121	-0.0561796	-0.0177544	-0.00857096	-0.0206309	-0.0279933	-0.0134272	0.00260325	0.00369863	-0.000556564	-0.00774311	-0.0120318	0.00108001	0.0132002	0	
0	-0.0018814	-0.00104709	-0.00247607	-0.00120797	-7.52668e-07	0.000109835	-0.000754893	-0.000530972	-0.00138289	-0.00351086	0.00125817	0.00347416	0.000653249	0.00160558	-0.000839367	0.000835955	0.000541294	-0.0013584	-0.00169043	-8.421e-05	-0.0009487	-0.00234871	-0.00274968	-0.00234575	-0.0017742	-0.00328339	-0.00383589	-0.00209165	-0.00343251	-0.00364523	-0.00486657	-0.00243875	-0.00338721	-0.00431582	-0.00715516	-0.0017931	-0.00163013	-0.00694087	-0.00839188	-0.00251606	0.000355967	-0.00554447	-0.00990774	-0.00979394	-0.00226393	0.00359983	-0.00676556	-0.0240368	-0.0298977	-0.0175599	-0.0166673	-0.0453551	-0.0990211	-0.165636	-0.22913	-0.27867	-0.303043	-0.31721	-0.333336	-0.335722	-0.292684	-0.185648	-0.0288425	0.142491	0.312538	0.480791	0.630093	0.745963	0.806768	0.78985	0.704255	0.572447	0.415625	0.248782	0.0751132	-0.0957155	-0.235769	-0.317754	-0.339715	-0.32769	-0.31087	-0.292629	-0.25808	-0.202392	-0.135289	-0.0719863	-0.0278464	-0.0128051	-0.0213346	-0.0283246	-0.016647	-0.000501185	0.0033357	-0.00164054	-0.00830869	-0.00944981	0.000759719	0.00858041	0	
0	-0.000715478	0.0040345	0.000419468	0.000659951	0.00122658	-0.000754893	-0.00291487	0.00152688	-0.000771036	-0.0020969	0.00184398	-0.00491986	-0.00331783	-0.000651993	-0.00370567	-0.00101805	-0.00047637	-0.00262769	-0.00102739	-0.000567148	0.000529571	-0.00449764	0.00172524	-0.000753126	-0.00115084	-0.00254952	0.0011243	-0.00173671	-0.0024397	-0.00112841	-0.00152812	-0.00103613	-0.00414683	-0.00176462	-0.00353156	-0.00113152	-0.00543484	-0.00403177	-0.00645819	-0.00297598	-0.00505545	-0.00710074	-0.0114946	-0.0102064	-0.00615741	-0.0047251	-0.0145846	-0.0264366	-0.0302914	-0.0224698	-0.0271034	-0.058305	-0.113664	-0.186195	-0.252057	-0.309679	-0.344555	-0.372261	-0.398825	-0.400635	-0.350238	-0.227555	-0.0445463	0.160536	0.368793	0.571438	0.74269	0.875012	0.941554	0.920791	0.830852	0.679816	0.489588	0.286696	0.0773206	-0.122369	-0.282273	-0.375498	-0.402953	-0.388744	-0.359351	-0.331332	-0.291333	-0.226031	-0.153465	-0.0895198	-0.040568	-0.0188589	-0.021722	-0.0266692	-0.0186699	-0.00438528	0.00119365	-0.00349254	-0.0075161	-0.00526607	-0.000280904	0.00201092	0	
0	-0.00052767	-0.000338221	-0.00237539	0.000743175	-0.00230261	-0.000530972	0.00152688	-0.000725214	0.000459659	-0.000456314	0.0014659	-0.00322376	-0.00199366	0.00350493	-0.00263142	-0.00256448	-0.000114893	-0.00244332	-0.00158715	-0.00366481	4.19633e-05	-0.00639308	0.000552954	-0.00220146	-0.00597724	-0.00302764	-0.000337686	-0.00447254	-0.00631456	-0.00168654	-0.00338132	-0.00361755	-0.00870027	-0.00218577	-0.00357905	-0.00486002	-0.0108367	-0.00323143	-0.00509382	-0.00645604	-0.00901598	-0.00856918	-0.00905631	-0.00826344	-0.00706055	-0.00936374	-0.0181276	-0.0208897	-0.0272564	-0.0247017	-0.0396402	-0.0727492	-0.131612	-0.207741	-0.277169	-0.341421	-0.388039	-0.430928	-0.461703	-0.46391	-0.403133	-0.266023	-0.064336	0.176018	0.420597	0.656797	0.857535	1.00725	1.07941	1.0571	0.958646	0.785669	0.562414	0.323016	0.0791485	-0.149947	-0.331197	-0.434553	-0.466884	-0.451827	-0.410148	-0.368138	-0.318288	-0.245802	-0.171968	-0.107494	-0.0539335	-0.027045	-0.0233534	-0.0236393	-0.0185496	-0.00841646	-0.00319856	-0.00611887	-0.00519937	-0.000241448	-0.00208366	-0.0052861	0	
0	-0.00361022	0.0019277	-0.00308242	-0.00191737	0.00231592	-0.00138289	-0.000771036	0.000459659	-0.0027825	-0.00250986	0.000165287	-0.00127208	0.00380874	-0.000619141	-0.00350327	-0.000511142	0.00278046	-0.00498844	-0.00214901	0.00129876	-0.000291677	-0.00783846	0.00105709	-0.000924028	-0.006984	-0.00247551	0.000612528	-0.00661292	-0.0055902	-0.00222532	-0.00187126	-0.00656449	-0.00841548	-0.00239828	-0.00105717	-0.00896034	-0.0121253	-0.00104602	-0.00348422	-0.00878421	-0.012834	-0.00734366	-0.00740286	-0.00626317	-0.00975923	-0.0169741	-0.0193505	-0.0189053	-0.0233167	-0.0331591	-0.0543727	-0.088999	-0.149719	-0.224931	-0.2974	-0.368731	-0.430128	-0.487892	-0.528158	-0.525143	-0.457838	-0.309802	-0.0821594	0.186926	0.470981	0.745954	0.971329	1.13962	1.22038	1.19689	1.08452	0.885821	0.637345	0.364573	0.0770861	-0.182908	-0.377294	-0.491492	-0.534415	-0.517527	-0.461218	-0.403351	-0.341564	-0.263076	-0.189019	-0.123831	-0.0680803	-0.0382311	-0.0267608	-0.0195684	-0.0160526	-0.012228	-0.00965332	-0.00918628	-0.00173741	0.00450694	-0.00438201	-0.0117552	0	
0	0.000967391	0.00376515	0.00286642	0.000367046	0.00237112	-0.00351086	-0.0020969	-0.000456314	-0.00250986	1.20531e-05	0.000779688	-0.00417873	-0.00316454	-0.00524402	-0.0016581	-0.00115622	-0.00252179	-0.000424786	-0.00316252	0.000253244	-0.00384736	-0.00238803	0.00181958	-0.00139105	-0.00637335	0.00078949	0.00117552	-0.00649336	-0.0029964	-0.000824509	-0.000230064	-0.00733375	-0.00573242	-0.00136964	0.00153793	-0.0125142	-0.00947288	-0.000176861	-0.00133792	-0.0132685	-0.0144186	-0.00782817	-0.00675017	-0.00733963	-0.0167619	-0.0255066	-0.0224195	-0.017793	-0.0228131	-0.0447831	-0.0690791	-0.104321	-0.163706	-0.234841	-0.31256	-0.391611	-0.472012	-0.549472	-0.595062	-0.591544	-0.516551	-0.351712	-0.103648	0.201881	0.527491	0.833785	1.08774	1.27081	1.35565	1.33138	1.20728	0.993625	0.716109	0.398109	0.0748323	-0.209714	-0.425904	-0.552803	-0.598254	-0.579963	-0.516726	-0.441565	-0.361399	-0.276552	-0.203648	-0.138575	-0.083138	-0.0516883	-0.0318602	-0.0155775	-0.0118892	-0.0153281	-0.0170538	-0.0122365	0.00180421	0.0077926	-0.00655714	-0.0158837	0	
0	0.00147891	-0.00781224	-0.000986144	-0.00295857	-0.00319152	0.00125817	0.00184398	0.0014659	0.000165287	0.000779688	-0.00119352	-0.00303413	9.13873e-05	0.00235732	-0.000641001	-0.000280107	-0.0054494	-0.00178361	-0.00499307	-1.95674e-05	-0.00485142	-0.00509051	-0.00300237	-0.00452532	-0.00736479	-0.00212136	-0.00497574	-0.00791667	-0.00615622	-0.00325177	-0.00618799	-0.00923528	-0.00925672	-0.00283605	-0.0044385	-0.0161948	-0.0110515	-0.00208416	-0.00457934	-0.0187272	-0.0154715	-0.00866355	-0.00517866	-0.00799434	-0.0216477	-0.0266057	-0.0205901	-0.00965333	-0.0217635	-0.053671	-0.0808759	-0.121189	-0.175194	-0.248347	-0.331007	-0.41996	-0.522586	-0.612564	-0.660322	-0.652768	-0.565255	-0.38582	-0.120281	0.217947	0.576905	0.911603	1.19721	1.39962	1.49409	1.47186	1.33381	1.09496	0.783522	0.431163	0.0771635	-0.235067	-0.4693	-0.60855	-0.6637	-0.64713	-0.574186	-0.478017	-0.379635	-0.289933	-0.216115	-0.150311	-0.0978356	-0.066551	-0.0389732	-0.013038	-0.00713857	-0.0171979	-0.0237174	-0.014874	0.00394218	0.00874082	-0.00779538	-0.0166802	0	
0	0.00249502	-0.00211488	0.00400301	0.000433773	-0.00178372	0.00347416	-0.00491986	-0.00322376	-0.00127208	-0.00417873	-0.00303413	0.00261068	9.33473e-05	-0.00252828	-0.00470466	-0.00241683	-0.00120666	0.00179562	-0.00247427	-0.00260045	-0.00226163	-0.00189077	-0.000758095	-0.00402415	-0.00238565	-0.00225261	-0.00327702	-0.00491664	-0.00313345	-0.00294628	-0.00518078	-0.00629444	-0.00642514	-0.00120648	-0.00615019	-0.0125628	-0.00810776	-0.000314976	-0.0065093	-0.0180939	-0.0135748	-0.00772886	-0.00367195	-0.0126048	-0.0259406	-0.0310754	-0.0193781	-0.00993043	-0.0292223	-0.0673224	-0.0978801	-0.136647	-0.184672	-0.257363	-0.342795	-0.446269	-0.570583	-0.670713	-0.726034	-0.712597	-0.613658	-0.42489	-0.134003	0.23507	0.623173	0.994039	1.30795	1.52481	1.63187	1.60668	1.44724	1.18648	0.852867	0.472829	0.0849534	-0.258512	-0.513063	-0.664188	-0.723584	-0.709538	-0.634412	-0.519488	-0.400281	-0.30202	-0.224213	-0.159199	-0.112622	-0.0817976	-0.0472057	-0.0128778	-0.00363242	-0.017729	-0.027685	-0.0167531	0.00323361	0.00705544	-0.00739139	-0.0140549	0	
0	-7.42514e-05	0.00236169	-0.000387982	0.0016009	-0.00305228	0.000653249	-0.00331783	-0.00199366	0.00380874	-0.00316454	9.13873e-05	9.33473e-05	-0.0079451	-0.00423627	0.0022253	-0.00180268	-0.0029021	-0.00251924	-0.003445	-0.00473989	-0.000787836	-0.00170816	-0.00596773	-0.00404299	-0.00146876	-0.00500008	-0.00557717	-0.00408518	-0.00394324	-0.00619657	-0.00609162	-0.00681822	-0.00551458	-0.00572424	-0.00882408	-0.0115488	-0.00737265	-0.00439647	-0.0112579	-0.017736	-0.014363	-0.00791319	-0.00698559	-0.0178267	-0.0299304	-0.0315582	-0.0163441	-0.0111025	-0.0372028	-0.0767626	-0.112062	-0.145018	-0.191585	-0.264388	-0.355829	-0.481951	-0.621531	-0.734597	-0.792097	-0.767599	-0.659099	-0.451614	-0.137485	0.256643	0.6728	1.06988	1.40723	1.64201	1.76126	1.73291	1.55896	1.28309	0.921412	0.504296	0.0896269	-0.271688	-0.544573	-0.711434	-0.781098	-0.77579	-0.696874	-0.56092	-0.424077	-0.315944	-0.2294	-0.165575	-0.126346	-0.0954561	-0.0557216	-0.0163105	-0.00328978	-0.0168174	-0.0273767	-0.0178412	-0.0011227	0.00322387	-0.00510492	-0.00899087	0	
0	-0.00172466	-0.0027067	-0.00326298	-0.00236047	-0.00116604	0.00160558	-0.000651993	0.00350493	-0.000619141	-0.00524402	0.00235732	-0.00252828	-0.00423627	0.00350356	-0.000669466	-0.00673844	-0.00352732	-0.00187795	-0.00514955	-0.00394361	-0.00115094	-0.00572082	-0.00910245	-0.00115639	-0.00228155	-0.0102177	-0.00584531	-0.00291011	-0.0062389	-0.00934633	-0.00701675	-0.00620217	-0.00675444	-0.0106501	-0.0107667	-0.00937291	-0.00834706	-0.0109924	-0.0140932	-0.017162	-0.0139454	-0.010216	-0.0113395	-0.0227579	-0.0312497	-0.0283186	-0.0132769	-0.0163479	-0.043901	-0.0878784	-0.120678	-0.152792	-0.198284	-0.270726	-0.37857	-0.521696	-0.676992	-0.798946	-0.850798	-0.815599	-0.693611	-0.46535	-0.131545	0.278385	0.716965	1.1364	1.49356	1.75552	1.89009	1.85337	1.6657	1.36613	0.972938	0.539423	0.111423	-0.274825	-0.570572	-0.753158	-0.836588	-0.838897	-0.754824	-0.606822	-0.457134	-0.33121	-0.231279	-0.170817	-0.138221	-0.105766	-0.0639358	-0.0238835	-0.0070871	-0.0147335	-0.0226466	-0.0183286	-0.00855638	-0.00158376	-0.00150856	-0.00336158	0	
0	0.000840065	0.00117803	0.00139605	0.0010118	-0.000933017	-0.000839367	-0.00370567	-0.00263142	-0.00350327	-0.0016581	-0.000641001	-0.00470466	0.0022253	-0.000669466	-0.00465671	-0.00421318	0.000175165	0.00117427	-0.00311982	-0.00372263	-0.00162279	-0.00342462	-0.00514252	0.000597532	-0.00447186	-0.0101685	-0.00112513	-0.00288189	-0.00736783	-0.00994888	-0.00410996	-0.00517383	-0.00678188	-0.0137614	-0.00770037	-0.00539819	-0.00895063	-0.01486	-0.0125106	-0.012316	-0.0122022	-0.0111172	-0.0153274	-0.02517	-0.0292173	-0.0242167	-0.0150418	-0.0267593	-0.0559708	-0.0989525	-0.130534	-0.159989	-0.203717	-0.280317	-0.402796	-0.563572	-0.730757	-0.857141	-0.904075	-0.859221	-0.720659	-0.471704	-0.121571	0.306729	0.76269	1.19708	1.57849	1.86055	1.9985	1.96149	1.76232	1.43529	1.02483	0.583132	0.136495	-0.271218	-0.584895	-0.786294	-0.884643	-0.894523	-0.813181	-0.661176	-0.495512	-0.34692	-0.234975	-0.176571	-0.145884	-0.111856	-0.0718383	-0.0347728	-0.014736	-0.0126161	-0.015139	-0.0182395	-0.0169417	-0.00599594	0.00197538	0.000672319	0	
0	0.002271	-0.0027126	0.00101103	0.00100129	-0.00311257	0.000835955	-0.00101805	-0.00256448	-0.000511142	-0.00115622	-0.000280107	-0.00241683	-0.00180268	-0.00673844	-0.00421318	0.00102075	-0.00183969	-0.00507638	-0.00709872	-0.00404876	9.82946e-05	-0.00643957	-0.00655926	-0.00187146	-0.00616639	-0.00850629	-0.00187287	-0.00525587	-0.00967622	-0.00837437	-0.00491852	-0.00514321	-0.0109502	-0.0148105	-0.00687631	-0.00402162	-0.015346	-0.0187976	-0.012835	-0.0105413	-0.0155692	-0.0167778	-0.0228899	-0.0277621	-0.0274788	-0.0208826	-0.0223992	-0.0371161	-0.0662874	-0.103609	-0.133162	-0.162498	-0.205959	-0.294389	-0.434998	-0.612481	-0.789592	-0.915781	-0.953404	-0.894837	-0.732735	-0.46095	-0.0972068	0.342264	0.805527	1.24943	1.64987	1.94847	2.09401	2.05688	1.8428	1.4983	1.07918	0.623562	0.160794	-0.255043	-0.580358	-0.803982	-0.925953	-0.949963	-0.871719	-0.715431	-0.536882	-0.369998	-0.244948	-0.181046	-0.148188	-0.114819	-0.0789933	-0.0468103	-0.0251091	-0.0122607	-0.00777373	-0.017342	-0.0232303	-0.0089537	0.00352001	0.00145166	0	
0	0.000297265	-0.00273424	0.000229938	-0.00285719	-0.00146662	0.000541294	-0.00047637	-0.000114893	0.00278046	-0.00252179	-0.0054494	-0.00120666	-0.0029021	-0.00352732	0.000175165	-0.00183969	-0.00841359	-0.00492779	-0.0024188	-0.000817914	-0.0065337	-0.00678187	-0.0053932	-0.00110918	-0.00917177	-0.00632832	-0.0045566	-0.00645058	-0.0101799	-0.00782245	-0.0059195	-0.00742505	-0.0131142	-0.0155414	-0.00393706	-0.00779329	-0.0190911	-0.0218748	-0.00911443	-0.0112691	-0.0179704	-0.0231094	-0.0271747	-0.0268935	-0.0222718	-0.0208945	-0.0313643	-0.0498629	-0.0736715	-0.105647	-0.135466	-0.162186	-0.214769	-0.314028	-0.475077	-0.665579	-0.846005	-0.968858	-0.995975	-0.91841	-0.729435	-0.439	-0.0588138	0.383799	0.8442	1.29785	1.70771	2.01538	2.17282	2.13789	1.911	1.55176	1.12211	0.659017	0.198418	-0.216487	-0.560591	-0.816379	-0.96225	-0.994109	-0.922038	-0.772826	-0.586748	-0.400921	-0.259794	-0.185248	-0.147631	-0.115514	-0.0841075	-0.057523	-0.0364501	-0.0154387	-0.0039375	-0.0153442	-0.0245648	-0.0100566	0.00166035	-0.00150495	0	
0	3.04919e-06	-0.00200989	0.000289381	-0.00176716	-0.000359084	-0.0013584	-0.00262769	-0.00244332	-0.00498844	-0.000424786	-0.00178361	0.00179562	-0.00251924	-0.00187795	0.00117427	-0.00507638	-0.00492779	0.000457088	6.88e-05	-0.00764697	-0.00823606	-0.00110269	-0.00378017	-0.00768746	-0.00900714	-0.00463999	-0.00658191	-0.00926965	-0.00970556	-0.00845872	-0.00749935	-0.0103066	-0.0149631	-0.0131266	-0.0046469	-0.0115908	-0.0227877	-0.0191999	-0.00679799	-0.0118693	-0.0205486	-0.0279951	-0.0262741	-0.0229226	-0.0153112	-0.0244185	-0.0422192	-0.0603105	-0.0783225	-0.105811	-0.135206	-0.167079	-0.22817	-0.346049	-0.52364	-0.719891	-0.901471	-1.01282	-1.02673	-0.925372	-0.710142	-0.400561	-0.0126651	0.423701	0.884608	1.33825	1.75296	2.07294	2.23035	2.18947	1.95761	1.59551	1.16347	0.700249	0.24762	-0.168786	-0.533786	-0.813194	-0.976719	-1.02756	-0.976273	-0.832941	-0.635393	-0.43818	-0.284933	-0.192561	-0.1449	-0.114246	-0.0868327	-0.0646793	-0.046606	-0.0233832	-0.00617269	-0.0120791	-0.0197273	-0.00973967	-0.0038235	-0.0071278	0	
0	-0.000216021	0.00322993	-0.000708031	0.00181041	-0.000224566	-0.00169043	-0.00102739	-0.00158715	-0.00214901	-0.00316252	-0.00499307	-0.00247427	-0.003445	-0.00514955	-0.00311982	-0.00709872	-0.0024188	6.88e-05	-0.0066994	-0.00776971	-0.00139608	0.0010532	-0.00889951	-0.00847226	-0.000636394	-0.00365282	-0.00862524	-0.00804435	-0.00495307	-0.007048	-0.00746796	-0.0110519	-0.0114557	-0.00901321	-0.00590642	-0.0154808	-0.0212113	-0.0153435	-0.00676119	-0.0154082	-0.0262482	-0.0325037	-0.0275899	-0.0200303	-0.0176773	-0.036351	-0.0576171	-0.0720477	-0.0803238	-0.10497	-0.132741	-0.171352	-0.24598	-0.382036	-0.572074	-0.774017	-0.949899	-1.05281	-1.05076	-0.919858	-0.679865	-0.347936	0.0453702	0.474522	0.928802	1.37341	1.78514	2.10127	2.2576	2.22102	1.98908	1.62818	1.19936	0.745397	0.304078	-0.114891	-0.489437	-0.784255	-0.978526	-1.06156	-1.02515	-0.881534	-0.684992	-0.489212	-0.319408	-0.20158	-0.143631	-0.113647	-0.0861322	-0.0661881	-0.0544994	-0.0361038	-0.0145201	-0.00799749	-0.0104221	-0.00900986	-0.0112795	-0.0130119	0	
0	0.000228602	-0.00104855	-0.00164554	0.000987105	-0.00411228	-8.421e-05	-0.000567148	-0.00366481	0.00129876	0.000253244	-1.95674e-05	-0.00260045	-0.00473989	-0.00394361	-0.00372263	-0.00404876	-0.000817914	-0.00764697	-0.00776971	-0.00605963	-0.00272608	-0.00732604	-0.0121287	-0.00664711	-0.00200428	-0.0117492	-0.013127	-0.00745967	-0.00684667	-0.0120103	-0.0132825	-0.0139263	-0.0112217	-0.0112426	-0.015172	-0.0201655	-0.0211543	-0.014387	-0.0137387	-0.0207605	-0.032958	-0.0337465	-0.0253476	-0.0164642	-0.0217742	-0.0472234	-0.0673314	-0.0733728	-0.0773084	-0.0974477	-0.131504	-0.181148	-0.274771	-0.430416	-0.627185	-0.829596	-0.995557	-1.08421	-1.05733	-0.897574	-0.628123	-0.280439	0.109302	0.531932	0.970629	1.40221	1.80428	2.10712	2.25746	2.2206	1.99944	1.65364	1.2342	0.794115	0.363139	-0.0516326	-0.424402	-0.739706	-0.971918	-1.08175	-1.05828	-0.926339	-0.742098	-0.545919	-0.356694	-0.218475	-0.150511	-0.113077	-0.0803453	-0.0629973	-0.0604168	-0.0508796	-0.026233	-0.00495046	-0.00116293	-0.00872375	-0.0174556	-0.0163407	0	
0	-0.00140385	-0.00410644	-0.00350951	-0.00375391	-0.00223776	-0.0009487	0.000529571	4.19633e-05	-0.000291677	-0.00384736	-0.00485142	-0.00226163	-0.000787836	-0.00115094	-0.00162279	9.82946e-05	-0.0065337	-0.00823606	-0.00139608	-0.00272608	-0.0066571	-0.00648858	-0.00947252	-0.00343482	-0.00602613	-0.0126264	-0.0112458	-0.00408489	-0.00968546	-0.0136912	-0.0149677	-0.0108866	-0.00894091	-0.0145197	-0.0202494	-0.0185594	-0.0148353	-0.0154901	-0.0173716	-0.0248267	-0.0328681	-0.0306011	-0.0201511	-0.0151035	-0.0314106	-0.0577673	-0.0740989	-0.0726277	-0.0728904	-0.0939978	-0.135305	-0.200736	-0.316329	-0.482721	-0.684462	-0.879896	-1.03231	-1.10435	-1.04732	-0.856145	-0.560844	-0.201841	0.185276	0.591575	1.01092	1.42454	1.80102	2.0882	2.23297	2.19854	1.99219	1.66141	1.2631	0.84437	0.425841	0.0274645	-0.343532	-0.686293	-0.948683	-1.08176	-1.08216	-0.970349	-0.797042	-0.599763	-0.400557	-0.249889	-0.165522	-0.111252	-0.0720057	-0.0581997	-0.0638414	-0.0629917	-0.0375507	-0.00576391	0.00270626	-0.00914092	-0.0189088	-0.0150967	0	
0	0.0019166	0.00356335	0.00476798	0.0022053	0.00219472	-0.00234871	-0.00449764	-0.00639308	-0.00783846	-0.00238803	-0.00509051	-0.00189077	-0.00170816	-0.00572082	-0.00342462	-0.00643957	-0.00678187	-0.00110269	0.0010532	-0.00732604	-0.00648858	-0.00379122	-0.00623601	-0.0028751	-0.0067351	-0.0107407	-0.00617012	-0.0037733	-0.0100983	-0.01378	-0.0111326	-0.00698088	-0.00764734	-0.0189259	-0.020226	-0.0120914	-0.010944	-0.0188136	-0.0225813	-0.0266486	-0.0316665	-0.0272481	-0.0183504	-0.0238017	-0.0454324	-0.0707077	-0.07791	-0.0722875	-0.0712491	-0.094493	-0.147519	-0.231264	-0.363781	-0.537052	-0.734932	-0.918441	-1.05774	-1.10461	-1.01969	-0.800893	-0.483704	-0.121558	0.260305	0.653618	1.05547	1.44439	1.79136	2.0517	2.17392	2.14097	1.95751	1.65713	1.29257	0.89858	0.500795	0.114965	-0.264417	-0.620139	-0.899584	-1.06508	-1.0974	-1.00637	-0.845119	-0.651477	-0.451977	-0.293581	-0.187747	-0.112018	-0.0654442	-0.0536186	-0.0639374	-0.0684061	-0.0452279	-0.0125658	-0.00240225	-0.0100511	-0.0139042	-0.00906855	0	
0	-0.00107223	-0.00103662	-0.00329754	-0.00179357	-0.00199553	-0.00274968	0.00172524	0.000552954	0.00105709	0.00181958	-0.00300237	-0.000758095	-0.00596773	-0.00910245	-0.00514252	-0.00655926	-0.0053932	-0.00378017	-0.00889951	-0.0121287	-0.00947252	-0.00623601	-0.00752381	-0.0090822	-0.0135725	-0.0111108	-0.00744515	-0.0101047	-0.0161223	-0.0156817	-0.0122837	-0.00972072	-0.0162125	-0.0264294	-0.0213668	-0.0114587	-0.0171582	-0.0301287	-0.0306055	-0.0314689	-0.0316816	-0.0276419	-0.0239313	-0.0377282	-0.0596399	-0.0746514	-0.0742151	-0.0646843	-0.0644695	-0.0944349	-0.162109	-0.267779	-0.413986	-0.590392	-0.782544	-0.955218	-1.07654	-1.09718	-0.980317	-0.73089	-0.396531	-0.0268539	0.349032	0.724991	1.10181	1.4523	1.75843	1.98226	2.08648	2.06333	1.90496	1.64439	1.32054	0.953201	0.574958	0.199006	-0.175898	-0.532347	-0.834284	-1.03425	-1.09753	-1.0329	-0.884896	-0.697359	-0.508075	-0.347002	-0.217757	-0.119706	-0.0643764	-0.0509406	-0.0604298	-0.064978	-0.0478644	-0.0254655	-0.016051	-0.0110631	-0.00397428	-0.000357458	0	
0	-0.00223699	-0.00204477	-0.0044424	-0.00303182	-0.00318572	-0.00234575	-0.000753126	-0.00220146	-0.000924028	-0.00139105	-0.00452532	-0.00402415	-0.00404299	-0.00115639	0.000597532	-0.00187146	-0.00110918	-0.00768746	-0.00847226	-0.00664711	-0.00343482	-0.0028751	-0.0090822	-0.0153002	-0.0096489	-0.00484623	-0.0100624	-0.0160031	-0.0150341	-0.0125636	-0.0111647	-0.0134769	-0.0209384	-0.0251832	-0.0154783	-0.00960732	-0.0225374	-0.0332414	-0.030549	-0.0254688	-0.0254409	-0.0234581	-0.029871	-0.0487009	-0.0644686	-0.0710524	-0.0657311	-0.0595443	-0.0651347	-0.107302	-0.195923	-0.319857	-0.473266	-0.645794	-0.824338	-0.980608	-1.07658	-1.0638	-0.916325	-0.643055	-0.297445	0.0694948	0.43528	0.792263	1.13736	1.44929	1.71095	1.89539	1.98239	1.96431	1.83608	1.61964	1.33377	1.00171	0.65072	0.288762	-0.0747938	-0.433972	-0.759104	-0.987906	-1.08247	-1.04305	-0.908798	-0.740357	-0.568987	-0.402052	-0.253362	-0.140219	-0.0734582	-0.0506285	-0.0527099	-0.054294	-0.0472124	-0.0412032	-0.032789	-0.0123332	0.00576065	0.0072289	0	
0	0.000561175	0.00159041	0.000963849	0.00204099	0.000813837	-0.0017742	-0.00115084	-0.00597724	-0.006984	-0.00637335	-0.00736479	-0.00238565	-0.00146876	-0.00228155	-0.00447186	-0.00616639	-0.00917177	-0.00900714	-0.000636394	-0.00200428	-0.00602613	-0.0067351	-0.0135725	-0.0096489	-0.000254299	-0.00550411	-0.0176461	-0.0133239	-0.00842191	-0.00905029	-0.0133221	-0.0165803	-0.0210222	-0.0185319	-0.0114589	-0.0138129	-0.0286526	-0.0354718	-0.0283058	-0.0225057	-0.0234472	-0.0303295	-0.045148	-0.0624507	-0.0689786	-0.0666894	-0.0627208	-0.0598978	-0.0748729	-0.131821	-0.239206	-0.374144	-0.526837	-0.687994	-0.852156	-0.988623	-1.05543	-1.01372	-0.83819	-0.549341	-0.199856	0.165854	0.520058	0.855903	1.16915	1.43742	1.65137	1.79726	1.86258	1.84639	1.74581	1.57217	1.33675	1.0507	0.72979	0.38762	0.0295109	-0.340986	-0.677649	-0.920642	-1.04145	-1.03085	-0.926584	-0.784966	-0.620191	-0.448392	-0.299691	-0.179329	-0.0923434	-0.0513554	-0.0431711	-0.0428089	-0.0459088	-0.0526345	-0.0447379	-0.0154776	0.0086879	0.0101001	0	
0	0.000607826	0.00238562	0.00115714	0.000297086	-7.00039e-05	-0.00328339	-0.00254952	-0.00302764	-0.00247551	0.00078949	-0.00212136	-0.00225261	-0.00500008	-0.0102177	-0.0101685	-0.00850629	-0.00632832	-0.00463999	-0.00365282	-0.0117492	-0.0126264	-0.0107407	-0.0111108	-0.00484623	-0.00550411	-0.018355	-0.0193759	-0.00816208	-0.00867468	-0.0153694	-0.0197294	-0.0211449	-0.0195808	-0.0160474	-0.0168641	-0.0245808	-0.0356557	-0.0363906	-0.028317	-0.0222621	-0.0294443	-0.0443889	-0.0622886	-0.0705214	-0.0656995	-0.0602838	-0.0586437	-0.0636288	-0.0902368	-0.165183	-0.287417	-0.426545	-0.571989	-0.720574	-0.868354	-0.981198	-1.0198	-0.948091	-0.752459	-0.453543	-0.0999009	0.261987	0.606734	0.920158	1.19633	1.41634	1.57731	1.68089	1.72286	1.71117	1.64351	1.51793	1.33602	1.09605	0.804574	0.476144	0.122165	-0.242233	-0.575538	-0.832972	-0.982433	-1.00767	-0.938122	-0.811942	-0.65081	-0.494689	-0.360533	-0.229212	-0.117188	-0.057101	-0.0388065	-0.0369969	-0.0437857	-0.0524658	-0.046913	-0.0226353	0.000808994	0.00668987	0	
0	-0.0028371	-0.00398513	-0.00624087	-0.00528868	-0.00428428	-0.00383589	0.0011243	-0.000337686	0.000612528	0.00117552	-0.00497574	-0.00327702	-0.00557717	-0.00584531	-0.00112513	-0.00187287	-0.0045566	-0.00658191	-0.00862524	-0.013127	-0.0112458	-0.00617012	-0.00744515	-0.0100624	-0.0176461	-0.0193759	-0.0123931	-0.00849405	-0.0163061	-0.0214862	-0.0237709	-0.0215833	-0.0163882	-0.0180709	-0.0266019	-0.0328179	-0.0353283	-0.0334441	-0.0250512	-0.0233633	-0.036657	-0.0578243	-0.0692912	-0.0656778	-0.0540849	-0.0504261	-0.0567041	-0.0725773	-0.117506	-0.210344	-0.34275	-0.478836	-0.613718	-0.746829	-0.874079	-0.958683	-0.96456	-0.866489	-0.65347	-0.347803	0.00599961	0.362147	0.689049	0.971761	1.20329	1.37194	1.48753	1.55614	1.58308	1.58096	1.5388	1.45303	1.31781	1.11877	0.86277	0.561666	0.223515	-0.133389	-0.469769	-0.740362	-0.911712	-0.967666	-0.923753	-0.813427	-0.675528	-0.546188	-0.41968	-0.278318	-0.151953	-0.0757436	-0.04518	-0.0387914	-0.038776	-0.0392507	-0.0403281	-0.033502	-0.0160819	-0.00229221	0	
0	-0.000580271	0.000356981	-0.000891441	-0.000124656	0.000248733	-0.00209165	-0.00173671	-0.00447254	-0.00661292	-0.00649336	-0.00791667	-0.00491664	-0.00408518	-0.00291011	-0.00288189	-0.00525587	-0.00645058	-0.00926965	-0.00804435	-0.00745967	-0.00408489	-0.0037733	-0.0101047	-0.0160031	-0.0133239	-0.00816208	-0.00849405	-0.0125793	-0.0175316	-0.0197384	-0.0209684	-0.0146716	-0.0119067	-0.0221587	-0.0333553	-0.0308225	-0.0288169	-0.0274422	-0.0242497	-0.0282195	-0.0498698	-0.0694125	-0.0709713	-0.0582381	-0.0473675	-0.0512934	-0.067666	-0.099454	-0.162335	-0.267973	-0.398943	-0.524226	-0.641782	-0.755413	-0.855735	-0.90833	-0.885928	-0.767657	-0.548376	-0.243025	0.105751	0.449676	0.755963	1.00436	1.19397	1.31938	1.39431	1.43583	1.45064	1.44856	1.42406	1.37168	1.27867	1.12816	0.916047	0.64372	0.322423	-0.0285198	-0.368248	-0.643991	-0.825058	-0.899544	-0.880628	-0.80376	-0.69921	-0.585547	-0.463209	-0.328059	-0.200336	-0.109542	-0.064844	-0.0469851	-0.0302466	-0.0196743	-0.0305473	-0.0436518	-0.0347072	-0.0144108	0	
0	0.000574399	0.00295226	0.00142257	0.00150737	0.000106435	-0.00343251	-0.0024397	-0.00631456	-0.0055902	-0.0029964	-0.00615622	-0.00313345	-0.00394324	-0.0062389	-0.00736783	-0.00967622	-0.0101799	-0.00970556	-0.00495307	-0.00684667	-0.00968546	-0.0100983	-0.0161223	-0.0150341	-0.00842191	-0.00867468	-0.0163061	-0.0175316	-0.0192296	-0.0216132	-0.019232	-0.0128208	-0.0183676	-0.0345132	-0.0378175	-0.0280736	-0.025882	-0.0300213	-0.0315013	-0.043037	-0.0655981	-0.0765807	-0.065931	-0.0502683	-0.0451685	-0.0582587	-0.0875114	-0.136312	-0.214692	-0.323073	-0.445573	-0.553961	-0.654209	-0.744299	-0.815588	-0.839216	-0.793356	-0.665725	-0.444751	-0.142643	0.198776	0.528996	0.809849	1.02335	1.17112	1.25622	1.29943	1.31669	1.31865	1.31864	1.3091	1.2838	1.22916	1.12285	0.952857	0.713723	0.410897	0.0660665	-0.268409	-0.537795	-0.720601	-0.810492	-0.822362	-0.783159	-0.703878	-0.60245	-0.496126	-0.378521	-0.255547	-0.157716	-0.0988011	-0.0588779	-0.0218083	-0.00562541	-0.0233873	-0.0466842	-0.0459487	-0.0254478	0	
0	-0.000939876	-0.00114161	-0.00270804	-0.00243293	-0.00195682	-0.00364523	-0.00112841	-0.00168654	-0.00222532	-0.000824509	-0.00325177	-0.00294628	-0.00619657	-0.00934633	-0.00994888	-0.00837437	-0.00782245	-0.00845872	-0.007048	-0.0120103	-0.0136912	-0.01378	-0.0156817	-0.0125636	-0.00905029	-0.0153694	-0.0214862	-0.0197384	-0.0216132	-0.0204548	-0.0166591	-0.0175364	-0.0316358	-0.0408686	-0.0348623	-0.0233602	-0.0278121	-0.0361597	-0.0442999	-0.0585588	-0.0753693	-0.073137	-0.0562672	-0.0448344	-0.0493507	-0.0738569	-0.118912	-0.184413	-0.270465	-0.373427	-0.479772	-0.571384	-0.6499	-0.714145	-0.755716	-0.752869	-0.693278	-0.560859	-0.341705	-0.0445773	0.287087	0.598222	0.848416	1.02203	1.13066	1.18097	1.19753	1.20228	1.20005	1.20088	1.20105	1.19471	1.16896	1.09903	0.965904	0.76001	0.484173	0.158705	-0.163436	-0.427437	-0.611636	-0.712642	-0.748047	-0.736782	-0.681761	-0.603776	-0.520228	-0.420471	-0.311457	-0.217911	-0.141945	-0.0742952	-0.0233539	-0.00679208	-0.0207906	-0.0393124	-0.0436532	-0.0293722	0	
0	-0.00219402	-0.00168466	-0.00428025	-0.00410943	-0.00383208	-0.00486657	-0.00152812	-0.00338132	-0.00187126	-0.000230064	-0.00618799	-0.00518078	-0.00609162	-0.00701675	-0.00410996	-0.00491852	-0.0059195	-0.00749935	-0.00746796	-0.0132825	-0.0149677	-0.0111326	-0.0122837	-0.0111647	-0.0133221	-0.0197294	-0.0237709	-0.0209684	-0.019232	-0.0166591	-0.0196599	-0.0304411	-0.0387105	-0.0370197	-0.0271927	-0.0232294	-0.0320737	-0.0456464	-0.0567981	-0.0679749	-0.0719308	-0.060291	-0.0455989	-0.0442825	-0.0606105	-0.100336	-0.162834	-0.24099	-0.326066	-0.415459	-0.504967	-0.575176	-0.629852	-0.662997	-0.674679	-0.65234	-0.583471	-0.451935	-0.237571	0.0505773	0.365157	0.647767	0.86115	0.99693	1.07019	1.09678	1.10242	1.10014	1.09604	1.10051	1.10489	1.10607	1.09543	1.05042	0.953231	0.787422	0.545742	0.244772	-0.0628462	-0.320366	-0.502684	-0.607291	-0.654297	-0.663109	-0.636282	-0.588451	-0.529475	-0.452123	-0.364588	-0.277079	-0.186324	-0.102161	-0.0457639	-0.0231298	-0.0212807	-0.0251583	-0.0276607	-0.0207615	0	
0	-0.00105612	-0.00170058	-0.002569	-0.00170338	-0.000801495	-0.00243875	-0.00103613	-0.00361755	-0.00656449	-0.00733375	-0.00923528	-0.00629444	-0.00681822	-0.00620217	-0.00517383	-0.00514321	-0.00742505	-0.0103066	-0.0110519	-0.0139263	-0.0108866	-0.00698088	-0.00972072	-0.0134769	-0.0165803	-0.0211449	-0.0215833	-0.0146716	-0.0128208	-0.0175364	-0.0304411	-0.0360003	-0.0328697	-0.0262587	-0.0248871	-0.0266036	-0.0404984	-0.0573139	-0.0682467	-0.0687982	-0.0618225	-0.0503985	-0.0458608	-0.0574479	-0.0880042	-0.144369	-0.221616	-0.301422	-0.374636	-0.44562	-0.512827	-0.559955	-0.583356	-0.585654	-0.573837	-0.539045	-0.470782	-0.344162	-0.138189	0.134808	0.424628	0.673959	0.84876	0.948246	0.997522	1.01066	1.01169	1.0144	1.01512	1.01713	1.01661	1.01663	1.01306	0.986631	0.919022	0.790702	0.588332	0.318925	0.0297063	-0.219312	-0.396695	-0.496977	-0.54391	-0.565375	-0.56651	-0.553028	-0.525514	-0.473397	-0.401392	-0.320055	-0.23388	-0.153172	-0.0892696	-0.0474019	-0.0250355	-0.0122117	-0.00373556	-0.000391565	0	
0	0.00130803	0.00454305	0.00333053	0.00294321	0.000924947	-0.00338721	-0.00414683	-0.00870027	-0.00841548	-0.00573242	-0.00925672	-0.00642514	-0.00551458	-0.00675444	-0.00678188	-0.0109502	-0.0131142	-0.0149631	-0.0114557	-0.0112217	-0.00894091	-0.00764734	-0.0162125	-0.0209384	-0.0210222	-0.0195808	-0.0163882	-0.0119067	-0.0183676	-0.0316358	-0.0387105	-0.0328697	-0.0243288	-0.0265913	-0.0312603	-0.0375446	-0.0539318	-0.0718992	-0.0733475	-0.0614399	-0.0517298	-0.0490006	-0.057872	-0.0826429	-0.128679	-0.201085	-0.283089	-0.354244	-0.408601	-0.457913	-0.50288	-0.519536	-0.511716	-0.485912	-0.457681	-0.420978	-0.356879	-0.239487	-0.0483513	0.2022	0.459723	0.66978	0.809039	0.883676	0.918096	0.929886	0.938093	0.944699	0.945865	0.946187	0.940102	0.933138	0.927109	0.910424	0.867331	0.773211	0.607584	0.370783	0.105486	-0.127517	-0.291598	-0.37933	-0.42076	-0.451743	-0.478414	-0.499521	-0.503859	-0.471446	-0.41141	-0.349335	-0.289963	-0.22155	-0.143342	-0.0767765	-0.0355291	-0.00607181	0.017906	0.0209028	0	
0	-0.000811738	-0.00167771	-0.00301045	-0.00304046	-0.00276741	-0.00431582	-0.00176462	-0.00218577	-0.00239828	-0.00136964	-0.00283605	-0.00120648	-0.00572424	-0.0106501	-0.0137614	-0.0148105	-0.0155414	-0.0131266	-0.00901321	-0.0112426	-0.0145197	-0.0189259	-0.0264294	-0.0251832	-0.0185319	-0.0160474	-0.0180709	-0.0221587	-0.0345132	-0.0408686	-0.0370197	-0.0262587	-0.0265913	-0.0353041	-0.0439327	-0.0520229	-0.0706778	-0.0805127	-0.068445	-0.0513647	-0.0489194	-0.0601601	-0.0813537	-0.120313	-0.181837	-0.261525	-0.337435	-0.389189	-0.421521	-0.449062	-0.465966	-0.452841	-0.414947	-0.371098	-0.339274	-0.306354	-0.252256	-0.147365	0.0263958	0.249151	0.470816	0.645817	0.754583	0.809175	0.838637	0.852827	0.867537	0.884965	0.893044	0.890498	0.875114	0.859033	0.848846	0.833841	0.799936	0.727017	0.593396	0.392985	0.163555	-0.0391279	-0.182365	-0.259018	-0.298394	-0.335813	-0.377572	-0.421109	-0.449357	-0.438816	-0.404159	-0.374812	-0.344711	-0.286702	-0.199342	-0.115268	-0.0554217	-0.00913187	0.0247981	0.0276833	0	
0	-0.00337309	-0.00468668	-0.00742161	-0.0077388	-0.00758204	-0.00715516	-0.00353156	-0.00357905	-0.00105717	0.00153793	-0.0044385	-0.00615019	-0.00882408	-0.0107667	-0.00770037	-0.00687631	-0.00393706	-0.0046469	-0.00590642	-0.015172	-0.0202494	-0.020226	-0.0213668	-0.0154783	-0.0114589	-0.0168641	-0.0266019	-0.0333553	-0.0378175	-0.0348623	-0.0271927	-0.0248871	-0.0312603	-0.0439327	-0.0532249	-0.0637728	-0.0752385	-0.0711126	-0.0511913	-0.0400868	-0.052593	-0.0765033	-0.111775	-0.166445	-0.238979	-0.317747	-0.377057	-0.408752	-0.420278	-0.424095	-0.413215	-0.367829	-0.307544	-0.253479	-0.220958	-0.194542	-0.148717	-0.0576695	0.0906334	0.278287	0.459913	0.596023	0.678985	0.723914	0.753431	0.778403	0.809523	0.838127	0.852367	0.851856	0.832066	0.804273	0.77715	0.748748	0.713043	0.652781	0.548724	0.392761	0.210198	0.0426426	-0.081034	-0.149649	-0.186188	-0.219946	-0.25889	-0.309575	-0.360759	-0.386145	-0.390115	-0.390669	-0.379232	-0.333896	-0.253271	-0.163093	-0.0861617	-0.0272572	0.00751701	0.0129856	0	
0	-0.000917093	-0.00132548	-0.0020432	-0.00117752	-0.000197194	-0.0017931	-0.00113152	-0.00486002	-0.00896034	-0.0125142	-0.0161948	-0.0125628	-0.0115488	-0.00937291	-0.00539819	-0.00402162	-0.00779329	-0.0115908	-0.0154808	-0.0201655	-0.0185594	-0.0120914	-0.0114587	-0.00960732	-0.0138129	-0.0245808	-0.0328179	-0.0308225	-0.0280736	-0.0233602	-0.0232294	-0.0266036	-0.0375446	-0.0520229	-0.0637728	-0.0685299	-0.0674375	-0.0553163	-0.0407942	-0.0466609	-0.0737368	-0.112541	-0.163107	-0.231051	-0.305418	-0.369364	-0.407509	-0.415422	-0.402579	-0.378108	-0.33237	-0.259655	-0.182837	-0.125444	-0.0988932	-0.0802136	-0.0486892	0.0181131	0.132931	0.278218	0.416683	0.522031	0.587661	0.62946	0.670647	0.712583	0.761989	0.809753	0.836778	0.835273	0.800805	0.751824	0.704279	0.65923	0.615968	0.566123	0.490834	0.373887	0.232224	0.0990331	-0.00140795	-0.0547085	-0.077008	-0.094603	-0.122171	-0.177848	-0.255135	-0.319713	-0.359357	-0.382285	-0.386711	-0.360113	-0.296933	-0.212974	-0.132288	-0.0701351	-0.0337015	-0.0155339	0	
0	0.0033583	0.00594561	0.00698068	0.00619641	0.00277483	-0.00163013	-0.00543484	-0.0108367	-0.0121253	-0.00947288	-0.0110515	-0.00810776	-0.00737265	-0.00834706	-0.00895063	-0.015346	-0.0190911	-0.0227877	-0.0212113	-0.0211543	-0.0148353	-0.010944	-0.0171582	-0.0225374	-0.0286526	-0.0356557	-0.0353283	-0.0288169	-0.025882	-0.0278121	-0.0320737	-0.0404984	-0.0539318	-0.0706778	-0.0752385	-0.0674375	-0.0579266	-0.049902	-0.0510774	-0.0715432	-0.112816	-0.164605	-0.227962	-0.29836	-0.358844	-0.401269	-0.413436	-0.397107	-0.35611	-0.298716	-0.224129	-0.131198	-0.049245	0.00317246	0.0218476	0.026707	0.0361538	0.0711227	0.14259	0.242526	0.34433	0.425569	0.486727	0.541634	0.601775	0.666677	0.738083	0.797407	0.825768	0.817369	0.770698	0.705965	0.639441	0.579208	0.529204	0.479794	0.415356	0.323767	0.217019	0.120564	0.0567499	0.0369427	0.0391064	0.0360498	0.0141471	-0.0466281	-0.140888	-0.230994	-0.297727	-0.34442	-0.36978	-0.363245	-0.321101	-0.259743	-0.197199	-0.138859	-0.0889193	-0.0455223	0	
0	-0.00180706	-0.00298506	-0.0054092	-0.00608878	-0.00626567	-0.00694087	-0.00403177	-0.00323143	-0.00104602	-0.000176861	-0.00208416	-0.000314976	-0.00439647	-0.0109924	-0.01486	-0.0187976	-0.0218748	-0.0191999	-0.0153435	-0.014387	-0.0154901	-0.0188136	-0.0301287	-0.0332414	-0.0354718	-0.0363906	-0.0334441	-0.0274422	-0.0300213	-0.0361597	-0.0456464	-0.0573139	-0.0718992	-0.0805127	-0.0711126	-0.0553163	-0.049902	-0.0570025	-0.0717832	-0.106744	-0.160218	-0.22487	-0.291351	-0.349693	-0.389041	-0.405471	-0.39386	-0.349939	-0.277811	-0.192578	-0.0964519	0.00243507	0.0800482	0.123276	0.127713	0.113625	0.094513	0.0900794	0.120257	0.183221	0.257978	0.33138	0.398679	0.467332	0.546457	0.627848	0.711589	0.78141	0.81666	0.807844	0.752191	0.67398	0.59399	0.517682	0.448125	0.384875	0.319326	0.241667	0.167016	0.117538	0.103568	0.123238	0.14866	0.156475	0.138984	0.0794268	-0.0169927	-0.116902	-0.20355	-0.275988	-0.326134	-0.342363	-0.328268	-0.303242	-0.270694	-0.216985	-0.146352	-0.0732488	0	
