0.000000000000000000e+00 0.000000000000000000e+00 0.000000000000000000e+00 0.000000000000000000e+00 0.000000000000000000e+00 0.000000000000000000e+00 0.000000000000000000e+00 0.000000000000000000e+00 0.000000000000000000e+00 0.000000000000000000e+00 0.000000000000000000e+00 0.000000000000000000e+00 0.000000000000000000e+00 0.000000000000000000e+00 0.000000000000000000e+00 0.000000000000000000e+00 0.000000000000000000e+00 0.000000000000000000e+00 0.000000000000000000e+00 0.000000000000000000e+00 0.000000000000000000e+00 0.000000000000000000e+00 0.000000000000000000e+00 0.000000000000000000e+00 0.000000000000000000e+00 0.000000000000000000e+00 0.000000000000000000e+00 0.000000000000000000e+00 0.000000000000000000e+00 0.000000000000000000e+00 0.000000000000000000e+00 0.000000000000000000e+00 0.000000000000000000e+00 0.000000000000000000e+00 0.000000000000000000e+00 0.000000000000000000e+00 0.000000000000000000e+00 0.000000000000000000e+00 0.000000000000000000e+00 0.000000000000000000e+00 0.000000000000000000e+00 0.000000000000000000e+00 0.000000000000000000e+00 0.000000000000000000e+00 0.000000000000000000e+00 0.000000000000000000e+00 0.000000000000000000e+00 0.000000000000000000e+00 0.000000000000000000e+00 0.000000000000000000e+00 0.000000000000000000e+00 0.000000000000000000e+00 0.000000000000000000e+00 0.000000000000000000e+00 0.000000000000000000e+00 0.000000000000000000e+00 0.000000000000000000e+00 0.000000000000000000e+00 0.000000000000000000e+00 0.000000000000000000e+00 0.000000000000000000e+00 0.000000000000000000e+00 0.000000000000000000e+00 0.000000000000000000e+00 0.000000000000000000e+00 0.000000000000000000e+00 0.000000000000000000e+00 0.000000000000000000e+00 0.000000000000000000e+00 0.000000000000000000e+00 0.000000000000000000e+00 0.000000000000000000e+00 0.000000000000000000e+00 0.000000000000000000e+00 0.000000000000000000e+00 0.000000000000000000e+00 0.000000000000000000e+00 0.000000000000000000e+00 0.000000000000000000e+00 0.000000000000000000e+00 0.000000000000000000e+00 0.000000000000000000e+00 0.000000000000000000e+00 0.000000000000000000e+00 0.000000000000000000e+00 0.000000000000000000e+00 0.000000000000000000e+00 0.000000000000000000e+00 0.000000000000000000e+00 0.000000000000000000e+00 0.000000000000000000e+00 0.000000000000000000e+00 0.000000000000000000e+00 0.000000000000000000e+00 0.000000000000000000e+00 0.000000000000000000e+00 0.000000000000000000e+00 0.000000000000000000e+00 0.000000000000000000e+00 0.000000000000000000e+00
0.000000000000000000e+00 6.692910000000000265e-04 2.206350000000000151e-03 1.950069999999999928e-03 1.238200000000000064e-03 -5.265500000000000215e-03 -3.853200000000000201e-03 -1.065949999999999970e-03 3.038830000000000177e-03 -2.589020000000000037e-03 -2.015100000000000138e-03 7.888739999999999988e-03 -1.621889999999999964e-03 -6.889030000000000414e-04 3.579960000000000087e-03 -3.538689999999999826e-04 -2.789869999999999850e-03 -8.036729999999999742e-04 1.297909999999999993e-03 -2.173870000000000056e-03 -7.981480000000000866e-03 1.491040000000000009e-04 -1.909389999999999959e-03 2.786919999999999805e-04 -1.192950000000000087e-02 -3.563839999999999977e-03 1.730540000000000030e-03 -6.665539999999999746e-04 -7.985839999999999259e-03 -1.083590000000000074e-02 -4.494689999999999970e-03 -1.003889999999999904e-03 5.907100000000000198e-03 -8.420060000000000044e-03 -1.624439999999999912e-02 -2.180839999999999862e-02 -4.627130000000000132e-03 1.391819999999999993e-03 9.568590000000000081e-03 2.498110000000000001e-03 -1.405460000000000043e-02 -4.292950000000000238e-02 -6.717929999999999735e-02 -7.410369999999999457e-02 -6.395739999999999759e-02 -4.801119999999999693e-02 -1.288090000000000068e-02 2.422540000000000110e-02 7.676629999999999565e-02 1.122419999999999946e-01 1.339619999999999977e-01 1.437029999999999974e-01 1.398919999999999886e-01 1.315910000000000135e-01 1.072319999999999940e-01 6.755260000000000431e-02 1.559830000000000071e-02 -3.084210000000000076e-02 -6.963759999999999395e-02 -8.754480000000000595e-02 -8.756099999999999994e-02 -7.733230000000000659e-02 -5.920240000000000224e-02 -4.563749999999999751e-02 -2.572539999999999896e-02 -9.976660000000000042e-03 -9.096409999999999219e-03 -6.645370000000000270e-03 -1.797629999999999931e-04 1.948139999999999898e-03 -3.207400000000000008e-03 -3.743400000000000026e-03 -1.611580000000000044e-03 -1.118929999999999925e-02 -2.058590000000000073e-02 -2.792520000000000072e-02 -4.703530000000000211e-02 -6.849320000000000408e-02 -8.227109999999999979e-02 -8.805230000000000001e-02 -8.152080000000000437e-02 -5.961980000000000057e-02 -1.602750000000000008e-02 4.444739999999999802e-02 9.332690000000000430e-02 1.182180000000000036e-01 1.345069999999999877e-01 1.471560000000000090e-01 1.479199999999999959e-01 1.328239999999999976e-01 9.806489999999999652e-02 4.837140000000000190e-02 5.714959999999999832e-03 -1.792900000000000049e-02 -3.630980000000000318e-02 -5.955570000000000308e-02 -7.476689999999999725e-02 -6.694540000000000213e-02 -3.819609999999999672e-02 0.000000000000000000e+00
0.000000000000000000e+00 2.206350000000000151e-03 -3.891110000000000142e-03 -3.160650000000000091e-03 3.897410000000000024e-03 -1.495049999999999938e-03 4.746710000000000339e-03 1.742009999999999999e-03 -3.151629999999999883e-03 -5.620929999999999460e-04 -3.257359999999999943e-03 -3.799000000000000185e-04 -8.265379999999999255e-03 -4.928430000000000137e-03 4.641540000000000422e-03 -3.251019999999999865e-03 -8.714939999999999146e-03 2.992809999999999828e-03 2.197100000000000008e-03 -5.846440000000000491e-04 -7.335600000000000280e-03 2.856710000000000152e-03 4.596509999999999832e-03 2.492139999999999894e-03 -1.305890000000000002e-02 -1.547430000000000029e-03 8.269500000000000808e-03 4.142970000000000159e-03 -1.132559999999999990e-02 -1.224830000000000016e-02 -5.932070000000000225e-03 6.425550000000000359e-03 1.140129999999999963e-02 -8.386440000000000214e-03 -2.907929999999999890e-02 -3.226049999999999751e-02 -5.772280000000000293e-03 9.776039999999999730e-03 2.159809999999999855e-02 7.909289999999999377e-03 -2.612700000000000092e-02 -8.290690000000000559e-02 -1.309710000000000041e-01 -1.434789999999999954e-01 -1.299859999999999904e-01 -9.224680000000000379e-02 -3.246550000000000130e-02 4.837949999999999889e-02 1.455609999999999959e-01 2.175539999999999974e-01 2.647610000000000241e-01 2.840529999999999999e-01 2.814829999999999832e-01 2.674690000000000123e-01 2.183980000000000088e-01 1.355850000000000111e-01 3.704129999999999923e-02 -6.661440000000000417e-02 -1.453309999999999880e-01 -1.741739999999999955e-01 -1.810229999999999895e-01 -1.566029999999999922e-01 -1.108230000000000048e-01 -8.140050000000000063e-02 -5.136140000000000150e-02 -2.936269999999999852e-02 -1.893699999999999897e-02 -6.780999999999999701e-03 -2.008709999999999923e-03 -1.866000000000000037e-03 -4.113010000000000277e-03 -2.677010000000000067e-03 -4.997709999999999826e-03 -2.536590000000000025e-02 -4.085579999999999767e-02 -5.477749999999999980e-02 -9.310129999999999795e-02 -1.362180000000000057e-01 -1.636730000000000129e-01 -1.747070000000000012e-01 -1.619210000000000094e-01 -1.179130000000000039e-01 -3.150469999999999660e-02 8.573680000000000190e-02 1.819600000000000106e-01 2.345119999999999982e-01 2.687129999999999797e-01 2.929280000000000217e-01 2.935450000000000004e-01 2.633989999999999942e-01 1.955900000000000138e-01 9.971330000000000471e-02 1.602429999999999827e-02 -3.350870000000000237e-02 -7.246550000000000213e-02 -1.180400000000000060e-01 -1.468319999999999903e-01 -1.315620000000000123e-01 -7.549379999999999979e-02 0.000000000000000000e+00
0.000000000000000000e+00 1.950069999999999928e-03 -3.160650000000000091e-03 -6.282079999999999782e-03 5.162629999999999650e-03 -2.116629999999999987e-03 -1.368920000000000033e-03 1.117710000000000058e-03 -3.538729999999999914e-03 -1.635999999999999922e-04 -2.266620000000000006e-03 6.330739999999999632e-03 -3.368799999999999920e-03 -4.941509999999999653e-03 3.506040000000000198e-03 -2.073660000000000173e-03 -8.856239999999999599e-03 5.372740000000000198e-04 -1.494549999999999980e-04 -6.537150000000000252e-03 -9.614700000000000329e-03 -4.122670000000000154e-03 2.619670000000000158e-03 -6.086249999999999646e-03 -1.766339999999999924e-02 -8.195559999999999304e-03 6.082749999999999616e-03 -2.441809999999999987e-03 -1.876370000000000121e-02 -2.011390000000000053e-02 -1.202360000000000061e-02 4.921939999999999649e-03 6.161709999999999930e-03 -1.621420000000000153e-02 -4.732100000000000195e-02 -4.403259999999999813e-02 -1.535740000000000022e-02 1.130789999999999920e-02 2.124940000000000162e-02 2.314479999999999836e-03 -4.881900000000000128e-02 -1.296640000000000015e-01 -1.927770000000000039e-01 -2.118130000000000013e-01 -1.880560000000000009e-01 -1.292439999999999978e-01 -3.959970000000000157e-02 8.460439999999999627e-02 2.232560000000000100e-01 3.289650000000000074e-01 3.989889999999999826e-01 4.222920000000000007e-01 4.189220000000000166e-01 3.917660000000000031e-01 3.132019999999999804e-01 1.947270000000000112e-01 4.635059999999999875e-02 -1.011299999999999977e-01 -2.089600000000000068e-01 -2.578820000000000001e-01 -2.620040000000000147e-01 -2.267419999999999991e-01 -1.694120000000000070e-01 -1.237369999999999998e-01 -8.106979999999999742e-02 -4.493660000000000015e-02 -2.442379999999999898e-02 -1.143249999999999995e-02 -2.785430000000000197e-03 -2.503889999999999840e-05 -7.005650000000000419e-03 -8.087890000000000357e-03 -9.549079999999999721e-03 -3.340880000000000238e-02 -5.886059999999999903e-02 -8.671320000000000416e-02 -1.403020000000000100e-01 -1.989680000000000060e-01 -2.409149999999999903e-01 -2.599480000000000124e-01 -2.412950000000000095e-01 -1.732170000000000099e-01 -4.568749999999999895e-02 1.209159999999999957e-01 2.617789999999999839e-01 3.469419999999999726e-01 4.017979999999999885e-01 4.357559999999999767e-01 4.347570000000000046e-01 3.897979999999999778e-01 2.922839999999999883e-01 1.566559999999999897e-01 3.477059999999999873e-02 -4.463070000000000231e-02 -1.079129999999999950e-01 -1.740980000000000028e-01 -2.135299999999999976e-01 -1.914099999999999968e-01 -1.107110000000000039e-01 0.000000000000000000e+00
0.000000000000000000e+00 1.238200000000000064e-03 3.897410000000000024e-03 5.162629999999999650e-03 3.749620000000000058e-04 -6.647880000000000109e-03 -7.339599999999999944e-03 -8.751850000000000579e-05 7.542239999999999535e-04 -2.273429999999999895e-03 -9.083589999999999677e-04 -1.653240000000000048e-03 -3.740550000000000038e-03 -1.623189999999999887e-04 1.619620000000000001e-03 -4.200390000000000026e-03 -5.574899999999999821e-03 -1.333900000000000060e-03 3.267890000000000318e-05 -8.220240000000000186e-03 -6.943409999999999686e-03 -4.593189999999999600e-03 3.529769999999999783e-04 -7.855769999999999767e-03 -1.662879999999999914e-02 -7.319919999999999725e-03 3.075519999999999990e-03 -6.215390000000000324e-03 -2.025889999999999982e-02 -2.264930000000000068e-02 -1.153739999999999974e-02 2.000710000000000162e-03 2.797659999999999991e-03 -2.536860000000000157e-02 -5.412039999999999906e-02 -5.007729999999999820e-02 -1.769360000000000030e-02 1.293990000000000071e-02 1.976009999999999919e-02 -5.601659999999999626e-03 -7.530729999999999369e-02 -1.718469999999999998e-01 -2.473080000000000001e-01 -2.718110000000000248e-01 -2.359799999999999953e-01 -1.613769999999999927e-01 -3.828489999999999671e-02 1.238039999999999974e-01 2.948729999999999962e-01 4.383210000000000162e-01 5.209920000000000107e-01 5.560239999999999627e-01 5.529870000000000063e-01 5.060759999999999703e-01 4.061299999999999910e-01 2.501160000000000050e-01 5.293869999999999826e-02 -1.310250000000000026e-01 -2.676850000000000063e-01 -3.409170000000000256e-01 -3.420540000000000247e-01 -2.963999999999999968e-01 -2.333780000000000021e-01 -1.658640000000000114e-01 -9.974009999999999820e-02 -5.482000000000000067e-02 -3.350849999999999662e-02 -1.844960000000000003e-02 -7.922860000000000319e-03 -3.356630000000000204e-03 -3.570919999999999997e-03 -7.114370000000000069e-03 -1.947909999999999919e-02 -4.496730000000000171e-02 -7.476599999999999913e-02 -1.183629999999999960e-01 -1.864409999999999956e-01 -2.581840000000000246e-01 -3.145720000000000183e-01 -3.418979999999999797e-01 -3.171559999999999935e-01 -2.243529999999999969e-01 -5.954779999999999796e-02 1.475360000000000005e-01 3.303909999999999902e-01 4.535879999999999912e-01 5.318460000000000409e-01 5.737229999999999830e-01 5.697969999999999979e-01 5.107159999999999478e-01 3.882570000000000188e-01 2.211180000000000090e-01 6.441850000000000354e-02 -4.957489999999999813e-02 -1.413560000000000094e-01 -2.258590000000000042e-01 -2.722530000000000228e-01 -2.438740000000000074e-01 -1.421969999999999901e-01 0.000000000000000000e+00
0.000000000000000000e+00 -5.265500000000000215e-03 -1.495049999999999938e-03 -2.116629999999999987e-03 -6.647880000000000109e-03 6.487699999999999891e-03 4.947909999999999808e-03 -1.198660000000000047e-03 -1.537949999999999951e-03 -5.618670000000000088e-03 -1.345980000000000093e-03 -6.359189999999999808e-03 -3.105570000000000205e-03 -3.264430000000000023e-03 -6.890399999999999650e-03 -4.983360000000000047e-03 -1.794119999999999960e-03 -4.260899999999999757e-03 -3.490210000000000101e-03 -6.624159999999999597e-03 -2.403080000000000147e-03 -4.702719999999999644e-03 -2.793449999999999839e-03 -8.234899999999999859e-03 -1.067719999999999954e-02 -5.298749999999999641e-03 -2.247020000000000180e-03 -8.923099999999999782e-03 -1.898280000000000106e-02 -1.976899999999999838e-02 -1.042309999999999938e-02 -8.958300000000000204e-04 -5.178340000000000026e-03 -3.172710000000000113e-02 -5.505840000000000040e-02 -4.833049999999999846e-02 -1.812470000000000053e-02 1.269419999999999923e-02 1.296959999999999953e-02 -2.141880000000000173e-02 -1.075020000000000003e-01 -2.129439999999999944e-01 -2.969240000000000212e-01 -3.219949999999999757e-01 -2.786580000000000168e-01 -1.831840000000000135e-01 -3.074560000000000140e-02 1.667510000000000103e-01 3.668560000000000154e-01 5.405640000000000445e-01 6.402729999999999810e-01 6.867090000000000138e-01 6.821019999999999861e-01 6.173899999999999944e-01 4.922839999999999994e-01 2.949459999999999860e-01 5.695189999999999975e-02 -1.660590000000000122e-01 -3.333280000000000132e-01 -4.187850000000000183e-01 -4.166869999999999741e-01 -3.620780000000000109e-01 -2.820420000000000149e-01 -1.942850000000000132e-01 -1.276309999999999945e-01 -8.225590000000000679e-02 -4.403569999999999707e-02 -1.743219999999999839e-02 -7.922059999999999866e-03 -4.779290000000000274e-03 -3.970020000000000319e-03 -1.289159999999999959e-02 -2.827270000000000130e-02 -5.090170000000000111e-02 -9.199000000000000232e-02 -1.533770000000000133e-01 -2.296769999999999923e-01 -3.124509999999999788e-01 -3.845379999999999909e-01 -4.192389999999999728e-01 -3.872099999999999986e-01 -2.706080000000000152e-01 -7.454049999999999565e-02 1.643000000000000016e-01 3.869360000000000022e-01 5.522070000000000034e-01 6.557990000000000208e-01 7.046390000000000153e-01 6.973749999999999671e-01 6.256469999999999532e-01 4.840079999999999938e-01 2.939269999999999938e-01 1.056799999999999962e-01 -4.701020000000000199e-02 -1.705389999999999961e-01 -2.708110000000000239e-01 -3.204409999999999759e-01 -2.861690000000000067e-01 -1.678330000000000100e-01 0.000000000000000000e+00
0.000000000000000000e+00 -3.853200000000000201e-03 4.746710000000000339e-03 -1.368920000000000033e-03 -7.339599999999999944e-03 4.947909999999999808e-03 -1.023449999999999967e-03 -9.545690000000000772e-03 4.742850000000000169e-04 3.149369999999999969e-04 -2.369399999999999805e-03 -2.897680000000000134e-03 9.596140000000000182e-04 -3.023549999999999849e-03 -8.844110000000000513e-03 -1.358870000000000086e-03 -1.525440000000000086e-03 -9.573039999999999675e-03 -9.345529999999999463e-03 -5.584040000000000184e-03 -5.404779999999999654e-03 -1.025039999999999979e-02 -1.197119999999999955e-02 -1.227980000000000044e-02 -7.701229999999999881e-03 -1.088380000000000077e-02 -1.339910000000000059e-02 -1.664370000000000085e-02 -1.940079999999999930e-02 -1.936569999999999958e-02 -1.457169999999999993e-02 -1.086460000000000030e-02 -2.215900000000000161e-02 -4.010999999999999982e-02 -5.609619999999999884e-02 -4.681430000000000313e-02 -2.351610000000000159e-02 1.410339999999999944e-03 -5.471789999999999814e-03 -5.380150000000000210e-02 -1.478730000000000044e-01 -2.570879999999999832e-01 -3.407640000000000113e-01 -3.611679999999999890e-01 -3.097380000000000133e-01 -1.880709999999999882e-01 -5.787010000000000418e-03 2.202070000000000138e-01 4.505080000000000195e-01 6.402930000000000010e-01 7.597150000000000292e-01 8.115700000000000136e-01 7.956929999999999836e-01 7.134500000000000286e-01 5.560880000000000267e-01 3.223750000000000226e-01 5.462029999999999663e-02 -1.969529999999999892e-01 -3.865689999999999960e-01 -4.813479999999999981e-01 -4.802150000000000030e-01 -4.265129999999999755e-01 -3.357069999999999776e-01 -2.310359999999999914e-01 -1.576609999999999956e-01 -9.778649999999999842e-02 -4.588419999999999999e-02 -2.258639999999999953e-02 -1.467109999999999942e-02 -6.455289999999999813e-03 -4.056610000000000424e-03 -1.720879999999999979e-02 -3.466439999999999799e-02 -5.852569999999999995e-02 -1.122080000000000022e-01 -1.872199999999999975e-01 -2.695600000000000218e-01 -3.634530000000000260e-01 -4.497090000000000254e-01 -4.898060000000000191e-01 -4.499340000000000006e-01 -3.121039999999999925e-01 -9.188129999999999908e-02 1.714160000000000128e-01 4.316400000000000237e-01 6.400649999999999951e-01 7.697690000000000365e-01 8.261960000000000415e-01 8.166860000000000230e-01 7.349059999999999482e-01 5.802019999999999955e-01 3.745020000000000016e-01 1.575020000000000031e-01 -3.584869999999999723e-02 -1.922200000000000020e-01 -3.057840000000000003e-01 -3.555300000000000127e-01 -3.154529999999999834e-01 -1.852499999999999980e-01 0.000000000000000000e+00
0.000000000000000000e+00 -1.065949999999999970e-03 1.742009999999999999e-03 1.117710000000000058e-03 -8.751850000000000579e-05 -1.198660000000000047e-03 -9.545690000000000772e-03 -4.817749999999999984e-03 3.378830000000000201e-03 -2.713649999999999743e-04 -4.363289999999999703e-03 -7.679100000000000335e-03 2.008590000000000202e-03 -3.934660000000000414e-03 -8.864429999999999532e-03 -1.533880000000000052e-03 -2.509030000000000201e-03 -1.133039999999999915e-02 -9.255760000000000029e-03 -3.451019999999999956e-03 -5.514579999999999829e-03 -1.190459999999999956e-02 -1.614209999999999950e-02 -1.012449999999999982e-02 -2.982779999999999980e-03 -1.438440000000000031e-02 -2.216330000000000036e-02 -1.943749999999999992e-02 -1.555950000000000041e-02 -1.654730000000000090e-02 -1.701089999999999894e-02 -2.346650000000000125e-02 -3.601379999999999859e-02 -4.489970000000000072e-02 -4.790780000000000038e-02 -4.155910000000000160e-02 -2.677459999999999909e-02 -1.282050000000000030e-02 -3.099899999999999878e-02 -9.084109999999999407e-02 -1.906650000000000011e-01 -2.939490000000000158e-01 -3.732739999999999947e-01 -3.871040000000000036e-01 -3.248780000000000001e-01 -1.797390000000000099e-01 2.892180000000000098e-02 2.796130000000000004e-01 5.267749999999999932e-01 7.351560000000000317e-01 8.684640000000000137e-01 9.250909999999999966e-01 9.024940000000000184e-01 7.961949999999999861e-01 6.090539999999999843e-01 3.446020000000000194e-01 4.782979999999999871e-02 -2.297450000000000048e-01 -4.334470000000000267e-01 -5.382299999999999862e-01 -5.441409999999999858e-01 -4.811610000000000054e-01 -3.818739999999999912e-01 -2.741569999999999840e-01 -1.830070000000000030e-01 -1.047399999999999998e-01 -5.494419999999999860e-02 -3.415900000000000186e-02 -1.876500000000000043e-02 -6.739069999999999783e-03 -3.868519999999999858e-03 -1.965039999999999842e-02 -4.291029999999999844e-02 -7.091580000000000106e-02 -1.315379999999999883e-01 -2.162530000000000008e-01 -3.078239999999999865e-01 -4.131759999999999877e-01 -5.092550000000000132e-01 -5.513980000000000548e-01 -5.035600000000000076e-01 -3.494639999999999969e-01 -1.126650000000000013e-01 1.704400000000000082e-01 4.654730000000000256e-01 7.140570000000000528e-01 8.694990000000000219e-01 9.361450000000000049e-01 9.273949999999999694e-01 8.394209999999999727e-01 6.772080000000000322e-01 4.607379999999999809e-01 2.174790000000000056e-01 -1.502659999999999933e-02 -2.024080000000000046e-01 -3.270759999999999779e-01 -3.748710000000000098e-01 -3.290310000000000179e-01 -1.922389999999999932e-01 0.000000000000000000e+00
0.000000000000000000e+00 3.038830000000000177e-03 -3.151629999999999883e-03 -3.538729999999999914e-03 7.542239999999999535e-04 -1.537949999999999951e-03 4.742850000000000169e-04 3.378830000000000201e-03 -4.068559999999999711e-03 -8.439489999999999145e-03 -7.972339999999999635e-03 -6.007379999999999665e-03 1.504509999999999919e-03 -9.014170000000000169e-03 -1.224510000000000008e-02 1.293990000000000071e-03 -4.215810000000000390e-03 -1.054330000000000024e-02 -8.360730000000000245e-03 -2.738889999999999901e-03 -4.312540000000000123e-03 -1.423999999999999919e-02 -1.674130000000000063e-02 -7.008870000000000378e-03 -1.065060000000000052e-03 -1.894989999999999869e-02 -2.901760000000000103e-02 -1.858860000000000026e-02 -1.221050000000000087e-02 -1.319689999999999926e-02 -2.326670000000000127e-02 -3.610689999999999733e-02 -4.900070000000000120e-02 -4.292030000000000151e-02 -3.744059999999999749e-02 -3.392370000000000108e-02 -3.304290000000000005e-02 -3.285330000000000195e-02 -6.479029999999999512e-02 -1.355389999999999928e-01 -2.321300000000000030e-01 -3.265290000000000137e-01 -3.929650000000000087e-01 -3.996460000000000012e-01 -3.233480000000000243e-01 -1.550509999999999944e-01 7.440620000000000567e-02 3.443419999999999814e-01 6.021030000000000548e-01 8.227290000000000436e-01 9.697620000000000129e-01 1.027179999999999982e+00 9.940440000000000387e-01 8.662910000000000332e-01 6.464199999999999946e-01 3.584010000000000251e-01 3.933659999999999934e-02 -2.613059999999999827e-01 -4.757799999999999807e-01 -5.917630000000000390e-01 -6.034920000000000284e-01 -5.310110000000000108e-01 -4.215619999999999923e-01 -3.039959999999999885e-01 -2.038540000000000074e-01 -1.258650000000000047e-01 -7.364329999999999488e-02 -4.005849999999999689e-02 -1.470040000000000062e-02 -4.831959999999999728e-03 -1.008599999999999948e-02 -2.766789999999999874e-02 -4.783380000000000271e-02 -8.036559999999999537e-02 -1.521969999999999990e-01 -2.453879999999999950e-01 -3.441989999999999772e-01 -4.592809999999999948e-01 -5.623139999999999805e-01 -6.033709999999999907e-01 -5.476779999999999982e-01 -3.836269999999999958e-01 -1.364370000000000027e-01 1.642619999999999914e-01 4.891130000000000200e-01 7.707880000000000287e-01 9.511939999999999840e-01 1.032659999999999911e+00 1.029490000000000016e+00 9.401800000000000157e-01 7.745339999999999447e-01 5.492430000000000367e-01 2.826389999999999736e-01 1.666739999999999888e-02 -1.968360000000000110e-01 -3.306870000000000087e-01 -3.756749999999999812e-01 -3.246519999999999961e-01 -1.872659999999999880e-01 0.000000000000000000e+00
0.000000000000000000e+00 -2.589020000000000037e-03 -5.620929999999999460e-04 -1.635999999999999922e-04 -2.273429999999999895e-03 -5.618670000000000088e-03 3.149369999999999969e-04 -2.713649999999999743e-04 -8.439489999999999145e-03 -2.424260000000000130e-03 1.963110000000000115e-03 -1.372340000000000105e-03 -7.935920000000000821e-03 -8.883949999999999833e-03 -5.356220000000000078e-03 -2.901289999999999945e-03 -1.221290000000000049e-02 -1.315629999999999925e-02 -1.010289999999999973e-02 -6.534250000000000128e-03 -1.194719999999999983e-02 -1.844780000000000031e-02 -1.918279999999999985e-02 -6.663610000000000366e-03 -7.518379999999999855e-03 -2.627439999999999984e-02 -3.337919999999999776e-02 -1.870360000000000078e-02 -1.118700000000000076e-02 -1.572969999999999924e-02 -3.344470000000000082e-02 -5.176540000000000308e-02 -5.839040000000000202e-02 -4.061329999999999801e-02 -2.830950000000000133e-02 -3.408220000000000000e-02 -4.662859999999999921e-02 -6.757630000000000581e-02 -1.114539999999999975e-01 -1.917359999999999898e-01 -2.771449999999999747e-01 -3.571540000000000270e-01 -4.066199999999999815e-01 -3.999710000000000210e-01 -3.058239999999999847e-01 -1.162009999999999987e-01 1.354509999999999881e-01 4.136980000000000102e-01 6.842819999999999458e-01 9.101799999999999891e-01 1.066640000000000033e+00 1.122100000000000097e+00 1.070100000000000051e+00 9.147509999999999808e-01 6.655379999999999630e-01 3.543879999999999808e-01 1.826380000000000017e-02 -2.862239999999999784e-01 -5.100230000000000041e-01 -6.314629999999999965e-01 -6.423680000000000501e-01 -5.741760000000000197e-01 -4.666759999999999797e-01 -3.417390000000000150e-01 -2.273809999999999998e-01 -1.428689999999999960e-01 -8.455079999999999540e-02 -3.978639999999999954e-02 -1.556480000000000016e-02 -1.529420000000000085e-02 -1.784590000000000135e-02 -2.427069999999999922e-02 -4.969959999999999656e-02 -9.904820000000000291e-02 -1.746810000000000029e-01 -2.681589999999999807e-01 -3.786470000000000113e-01 -5.043440000000000145e-01 -6.078459999999999974e-01 -6.440230000000000121e-01 -5.834019999999999762e-01 -4.156599999999999739e-01 -1.607010000000000105e-01 1.561180000000000068e-01 5.021830000000000460e-01 8.073430000000000328e-01 1.012450000000000072e+00 1.114530000000000021e+00 1.122900000000000009e+00 1.037439999999999918e+00 8.703819999999999890e-01 6.360270000000000090e-01 3.504140000000000033e-01 6.059980000000000228e-02 -1.716060000000000085e-01 -3.126479999999999815e-01 -3.550679999999999947e-01 -3.008270000000000111e-01 -1.699209999999999887e-01 0.000000000000000000e+00
0.000000000000000000e+00 -2.015100000000000138e-03 -3.257359999999999943e-03 -2.266620000000000006e-03 -9.083589999999999677e-04 -1.345980000000000093e-03 -2.369399999999999805e-03 -4.363289999999999703e-03 -7.972339999999999635e-03 1.963110000000000115e-03 -1.346659999999999958e-03 -8.754980000000000748e-03 -8.682139999999999649e-03 -1.930330000000000067e-03 -2.140620000000000196e-03 -1.345149999999999992e-02 -9.671640000000000445e-03 -8.297109999999999902e-03 -8.058539999999999454e-03 -1.155849999999999933e-02 -1.514790000000000060e-02 -1.762000000000000025e-02 -1.517600000000000025e-02 -1.021290000000000045e-02 -1.532939999999999997e-02 -3.195010000000000211e-02 -3.079770000000000077e-02 -2.069009999999999946e-02 -1.159519999999999995e-02 -2.458250000000000018e-02 -4.432500000000000329e-02 -6.611290000000000222e-02 -6.036350000000000049e-02 -3.625010000000000038e-02 -2.185559999999999933e-02 -3.763369999999999910e-02 -6.754079999999999806e-02 -1.066129999999999994e-01 -1.660189999999999999e-01 -2.431119999999999948e-01 -3.159489999999999799e-01 -3.733870000000000244e-01 -4.033599999999999963e-01 -3.798349999999999782e-01 -2.648610000000000131e-01 -5.967650000000000038e-02 2.059539999999999982e-01 4.872580000000000244e-01 7.601390000000000091e-01 9.891119999999999912e-01 1.149569999999999981e+00 1.195699999999999985e+00 1.128649999999999931e+00 9.443500000000000227e-01 6.722059999999999702e-01 3.461489999999999845e-01 -2.575890000000000167e-04 -3.081760000000000055e-01 -5.391559999999999686e-01 -6.633139999999999592e-01 -6.814449999999999674e-01 -6.131680000000000463e-01 -4.997889999999999833e-01 -3.741990000000000038e-01 -2.539569999999999883e-01 -1.612149999999999972e-01 -9.220799999999999830e-02 -4.420260000000000161e-02 -2.482989999999999850e-02 -1.969560000000000061e-02 -1.448559999999999952e-02 -2.451029999999999875e-02 -6.330139999999999378e-02 -1.182160000000000016e-01 -1.881079999999999974e-01 -2.888290000000000024e-01 -4.167469999999999786e-01 -5.459500000000000464e-01 -6.430360000000000520e-01 -6.749279999999999724e-01 -6.131079999999999863e-01 -4.443460000000000187e-01 -1.816500000000000059e-01 1.476870000000000127e-01 5.034659999999999691e-01 8.225799999999999779e-01 1.052769999999999984e+00 1.181040000000000090e+00 1.206990000000000007e+00 1.129920000000000035e+00 9.615829999999999655e-01 7.175150000000000139e-01 4.194860000000000255e-01 1.180979999999999946e-01 -1.238410000000000066e-01 -2.694449999999999901e-01 -3.103600000000000247e-01 -2.571140000000000092e-01 -1.411139999999999894e-01 0.000000000000000000e+00
0.000000000000000000e+00 7.888739999999999988e-03 -3.799000000000000185e-04 6.330739999999999632e-03 -1.653240000000000048e-03 -6.359189999999999808e-03 -2.897680000000000134e-03 -7.679100000000000335e-03 -6.007379999999999665e-03 -1.372340000000000105e-03 -8.754980000000000748e-03 -1.305070000000000015e-02 -4.916549999999999566e-03 -1.313300000000000101e-03 -6.537180000000000074e-03 -1.486479999999999919e-02 -5.208660000000000373e-03 -2.330609999999999887e-03 -1.124849999999999982e-02 -1.402899999999999980e-02 -1.477769999999999952e-02 -1.219100000000000045e-02 -1.142780000000000011e-02 -1.677170000000000050e-02 -2.311310000000000101e-02 -2.950859999999999941e-02 -2.614609999999999851e-02 -2.082029999999999992e-02 -1.753750000000000100e-02 -3.316759999999999847e-02 -5.624699999999999839e-02 -7.056619999999999560e-02 -5.676810000000000189e-02 -2.928429999999999922e-02 -2.096840000000000162e-02 -4.672740000000000227e-02 -9.509220000000000173e-02 -1.531349999999999933e-01 -2.222989999999999966e-01 -2.911819999999999964e-01 -3.448430000000000106e-01 -3.778790000000000204e-01 -3.855339999999999878e-01 -3.388399999999999745e-01 -2.065819999999999879e-01 1.348560000000000036e-02 2.818479999999999874e-01 5.633479999999999599e-01 8.323350000000000470e-01 1.060810000000000031e+00 1.216730000000000089e+00 1.252280000000000060e+00 1.162730000000000041e+00 9.551819999999999755e-01 6.662559999999999594e-01 3.282349999999999990e-01 -1.279850000000000085e-02 -3.237260000000000137e-01 -5.576950000000000518e-01 -6.851669999999999705e-01 -7.170069999999999499e-01 -6.513780000000000125e-01 -5.363879999999999759e-01 -4.026279999999999859e-01 -2.724599999999999800e-01 -1.765619999999999967e-01 -1.016380000000000061e-01 -5.446580000000000171e-02 -3.358699999999999880e-02 -1.831520000000000023e-02 -1.442330000000000001e-02 -3.243859999999999799e-02 -7.446060000000000179e-02 -1.290779999999999983e-01 -2.020190000000000041e-01 -3.161030000000000229e-01 -4.533479999999999732e-01 -5.780899999999999928e-01 -6.699819999999999665e-01 -7.002570000000000183e-01 -6.374049999999999994e-01 -4.665579999999999727e-01 -1.962470000000000048e-01 1.386969999999999870e-01 4.920840000000000214e-01 8.178320000000000034e-01 1.073560000000000070e+00 1.231819999999999915e+00 1.280010000000000092e+00 1.214269999999999960e+00 1.044079999999999897e+00 7.916260000000000518e-01 4.901940000000000186e-01 1.901170000000000082e-01 -5.213820000000000260e-02 -1.985460000000000003e-01 -2.395980000000000054e-01 -1.942850000000000132e-01 -1.028820000000000012e-01 0.000000000000000000e+00
0.000000000000000000e+00 -1.621889999999999964e-03 -8.265379999999999255e-03 -3.368799999999999920e-03 -3.740550000000000038e-03 -3.105570000000000205e-03 9.596140000000000182e-04 2.008590000000000202e-03 1.504509999999999919e-03 -7.935920000000000821e-03 -8.682139999999999649e-03 -4.916549999999999566e-03 -6.985090000000000222e-03 -8.273690000000000211e-03 -1.417080000000000076e-02 -1.802250000000000033e-02 -8.293760000000000715e-03 -9.163509999999999711e-03 -1.991319999999999896e-02 -1.977519999999999972e-02 -1.661069999999999908e-02 -1.009499999999999981e-02 -1.571300000000000127e-02 -2.659819999999999893e-02 -2.892700000000000132e-02 -2.242179999999999868e-02 -2.257769999999999916e-02 -2.347799999999999887e-02 -2.698810000000000098e-02 -4.306680000000000230e-02 -6.332949999999999691e-02 -6.705079999999999374e-02 -4.803670000000000162e-02 -2.714099999999999846e-02 -2.773360000000000061e-02 -6.728090000000000459e-02 -1.325369999999999882e-01 -2.097870000000000013e-01 -2.816560000000000175e-01 -3.372089999999999810e-01 -3.694669999999999899e-01 -3.761909999999999976e-01 -3.592389999999999750e-01 -2.861420000000000075e-01 -1.365389999999999937e-01 9.085340000000000082e-02 3.605729999999999769e-01 6.366100000000000092e-01 9.029300000000000104e-01 1.128309999999999924e+00 1.274210000000000065e+00 1.297449999999999992e+00 1.183699999999999974e+00 9.541039999999999521e-01 6.497560000000000002e-01 3.057610000000000050e-01 -3.542290000000000022e-02 -3.415869999999999740e-01 -5.740009999999999835e-01 -7.067909999999999471e-01 -7.370100000000000540e-01 -6.748450000000000282e-01 -5.630610000000000337e-01 -4.281340000000000146e-01 -2.981790000000000274e-01 -1.940169999999999950e-01 -1.164560000000000040e-01 -6.756280000000000618e-02 -3.097969999999999891e-02 -1.417810000000000077e-02 -2.319939999999999850e-02 -4.175720000000000126e-02 -8.052170000000000161e-02 -1.391390000000000127e-01 -2.203009999999999968e-01 -3.439380000000000215e-01 -4.835099999999999953e-01 -6.038179999999999659e-01 -6.927790000000000337e-01 -7.207130000000000480e-01 -6.549949999999999939e-01 -4.797150000000000025e-01 -2.034990000000000132e-01 1.275560000000000027e-01 4.686330000000000218e-01 7.971049999999999525e-01 1.077709999999999946e+00 1.266429999999999945e+00 1.338640000000000052e+00 1.285260000000000069e+00 1.113990000000000036e+00 8.584460000000000424e-01 5.642890000000000406e-01 2.769380000000000175e-01 4.327720000000000178e-02 -9.903370000000000228e-02 -1.423639999999999906e-01 -1.142989999999999978e-01 -5.780710000000000015e-02 0.000000000000000000e+00
0.000000000000000000e+00 -6.889030000000000414e-04 -4.928430000000000137e-03 -4.941509999999999653e-03 -1.623189999999999887e-04 -3.264430000000000023e-03 -3.023549999999999849e-03 -3.934660000000000414e-03 -9.014170000000000169e-03 -8.883949999999999833e-03 -1.930330000000000067e-03 -1.313300000000000101e-03 -8.273690000000000211e-03 -5.368829999999999783e-03 -1.299469999999999965e-02 -1.204430000000000084e-02 -4.082360000000000155e-03 -1.232570000000000020e-02 -2.163570000000000076e-02 -2.027819999999999970e-02 -1.470729999999999954e-02 -1.129929999999999997e-02 -2.557800000000000004e-02 -3.685630000000000156e-02 -3.191839999999999955e-02 -1.919130000000000141e-02 -2.654219999999999843e-02 -3.610680000000000139e-02 -4.390059999999999796e-02 -5.887900000000000078e-02 -6.866619999999999668e-02 -6.329600000000000504e-02 -4.493400000000000172e-02 -3.772720000000000240e-02 -4.913349999999999662e-02 -1.019960000000000033e-01 -1.816480000000000039e-01 -2.712899999999999756e-01 -3.354269999999999752e-01 -3.727130000000000165e-01 -3.767800000000000038e-01 -3.578649999999999887e-01 -3.067500000000000226e-01 -2.090410000000000046e-01 -4.158830000000000165e-02 1.848829999999999918e-01 4.495350000000000179e-01 7.154110000000000191e-01 9.722499999999999476e-01 1.184309999999999974e+00 1.312110000000000110e+00 1.314279999999999893e+00 1.175389999999999935e+00 9.314299999999999802e-01 6.169139999999999624e-01 2.793629999999999725e-01 -5.168240000000000334e-02 -3.488010000000000277e-01 -5.769379999999999509e-01 -7.134890000000000398e-01 -7.511069999999999691e-01 -6.997400000000000286e-01 -5.892849999999999477e-01 -4.560589999999999922e-01 -3.251519999999999966e-01 -2.120730000000000115e-01 -1.275219999999999965e-01 -6.861180000000000057e-02 -3.137120000000000186e-02 -2.319289999999999893e-02 -3.032030000000000142e-02 -4.538930000000000048e-02 -8.654050000000000631e-02 -1.500110000000000054e-01 -2.410410000000000053e-01 -3.708480000000000110e-01 -5.071949999999999514e-01 -6.247190000000000243e-01 -7.131680000000000241e-01 -7.371769999999999712e-01 -6.643780000000000241e-01 -4.815459999999999741e-01 -2.048850000000000116e-01 1.119089999999999946e-01 4.363099999999999756e-01 7.668059999999999876e-01 1.068599999999999994e+00 1.283709999999999907e+00 1.378120000000000012e+00 1.336920000000000108e+00 1.168770000000000087e+00 9.200869999999999882e-01 6.441099999999999604e-01 3.780580000000000052e-01 1.606869999999999965e-01 2.771770000000000136e-02 -2.060729999999999854e-02 -2.010179999999999953e-02 -8.225029999999999494e-03 0.000000000000000000e+00
0.000000000000000000e+00 3.579960000000000087e-03 4.641540000000000422e-03 3.506040000000000198e-03 1.619620000000000001e-03 -6.890399999999999650e-03 -8.844110000000000513e-03 -8.864429999999999532e-03 -1.224510000000000008e-02 -5.356220000000000078e-03 -2.140620000000000196e-03 -6.537180000000000074e-03 -1.417080000000000076e-02 -1.299469999999999965e-02 -7.258439999999999684e-03 -5.065580000000000083e-03 -8.631800000000000236e-03 -1.846799999999999831e-02 -1.844840000000000022e-02 -1.409640000000000025e-02 -1.189469999999999937e-02 -1.557350000000000054e-02 -3.137800000000000311e-02 -3.735480000000000050e-02 -2.513670000000000140e-02 -1.542909999999999941e-02 -3.031970000000000151e-02 -4.681760000000000088e-02 -5.665610000000000090e-02 -6.458759999999999502e-02 -6.212560000000000304e-02 -5.104369999999999741e-02 -4.339400000000000202e-02 -5.205300000000000205e-02 -7.751550000000000107e-02 -1.414559999999999984e-01 -2.338030000000000108e-01 -3.250939999999999941e-01 -3.766249999999999876e-01 -3.902610000000000245e-01 -3.689470000000000249e-01 -3.202559999999999851e-01 -2.374739999999999907e-01 -1.142220000000000041e-01 6.077740000000000226e-02 2.822069999999999856e-01 5.336130000000000040e-01 7.879199999999999537e-01 1.029930000000000012e+00 1.222580000000000000e+00 1.328810000000000047e+00 1.306389999999999940e+00 1.150709999999999900e+00 8.957869999999999999e-01 5.836609999999999854e-01 2.558309999999999751e-01 -6.153320000000000317e-02 -3.461620000000000252e-01 -5.755369999999999653e-01 -7.145880000000000010e-01 -7.644480000000000164e-01 -7.253669999999999840e-01 -6.159949999999999593e-01 -4.839339999999999753e-01 -3.437279999999999780e-01 -2.224939999999999973e-01 -1.361009999999999998e-01 -7.375890000000000224e-02 -4.078890000000000293e-02 -3.233710000000000057e-02 -3.360710000000000086e-02 -4.796340000000000325e-02 -8.908090000000000452e-02 -1.630719999999999947e-01 -2.677249999999999908e-01 -3.927539999999999920e-01 -5.224480000000000235e-01 -6.449139999999999873e-01 -7.338249999999999496e-01 -7.478949999999999765e-01 -6.624299999999999633e-01 -4.730779999999999985e-01 -2.052759999999999863e-01 9.148320000000000063e-02 4.019490000000000007e-01 7.337500000000000133e-01 1.048440000000000039e+00 1.281760000000000010e+00 1.393480000000000052e+00 1.364400000000000057e+00 1.208010000000000028e+00 9.796540000000000248e-01 7.315099999999999936e-01 4.923009999999999886e-01 2.971059999999999812e-01 1.774850000000000039e-01 1.208290000000000058e-01 8.470660000000000689e-02 4.442379999999999940e-02 0.000000000000000000e+00
