0	0	0	0	0	0	0	0	0	0	0	0	0	0	0	0	0	0	0	0	0	0	0	0	0	0	0	0	0	0	0	0	0	0	0	0	0	0	0	0	0	0	0	0	0	0	0	0	0	0	0	0	0	0	0	0	0	0	0	0	0	0	0	0	0	0	0	0	0	0	0	0	0	0	0	0	0	0	0	0	0	0	0	0	0	0	0	0	0	0	0	0	0	0	0	0	0	0	0	0	
0	6.82108e-28	1.61833e-26	3.55109e-25	7.19936e-24	1.34503e-22	2.30921e-21	3.63229e-20	5.21783e-19	6.8218e-18	8.08758e-17	8.66088e-16	8.34351e-15	7.19976e-14	5.54042e-13	3.78496e-12	2.28517e-11	1.214e-10	5.65197e-10	2.2979e-09	8.13638e-09	2.50506e-08	6.70663e-08	1.56442e-07	3.19252e-07	5.73174e-07	9.1092e-07	1.28879e-06	1.63095e-06	1.85253e-06	1.89244e-06	1.7392e-06	1.43601e-06	1.06213e-06	7.0078e-07	4.1029e-07	2.11903e-07	9.59792e-08	3.7938e-08	1.30423e-08	3.89341e-09	1.00947e-09	2.27748e-10	4.48509e-11	7.74119e-12	1.17644e-12	1.5819e-13	1.89141e-14	2.02067e-15	1.93791e-16	1.67582e-17	1.31214e-18	9.33877e-20	6.06357e-21	3.60381e-22	1.96676e-23	9.88456e-25	4.58726e-26	1.97073e-27	7.85576e-29	2.91192e-30	1.00571e-31	3.24256e-33	9.77647e-35	2.76099e-36	7.31476e-38	1.82056e-39	4.26248e-41	9.39965e-43	1.95461e-44	3.83694e-46	7.11754e-48	1.24885e-49	2.07454e-51	3.2653e-53	4.87372e-55	6.90324e-57	9.28536e-59	1.1868e-60	1.44227e-62	1.66745e-64	1.83491e-66	1.92284e-68	1.91967e-70	1.8266e-72	1.65712e-74	1.43385e-76	1.18365e-78	9.32459e-81	7.0118e-83	5.03397e-85	3.45105e-87	2.2595e-89	1.41302e-91	8.44095e-94	4.8169e-96	2.62595e-98	1.36755e-100	6.8032e-103	0	
0	1.61833e-26	3.71103e-25	7.8638e-24	1.53837e-22	2.77086e-21	4.58195e-20	6.93477e-19	9.57478e-18	1.20175e-16	1.36603e-15	1.40071e-14	1.29022e-13	1.06297e-12	7.79789e-12	5.07076e-11	2.90994e-10	1.46754e-09	6.47973e-09	2.49729e-08	8.38406e-08	2.45055e-07	6.2437e-07	1.39138e-06	2.72636e-06	4.72793e-06	7.30436e-06	1.01131e-05	1.2609e-05	1.42063e-05	1.4492e-05	1.33896e-05	1.119e-05	8.43459e-06	5.7095e-06	3.45192e-06	1.85227e-06	8.76345e-07	3.63402e-07	1.31475e-07	4.13844e-08	1.13239e-08	2.69618e-09	5.59989e-10	1.01827e-10	1.62813e-11	2.29997e-12	2.88462e-13	3.22776e-14	3.23748e-15	2.92388e-16	2.38782e-17	1.77035e-18	1.19604e-19	7.38863e-21	4.18701e-22	2.18304e-23	1.05012e-24	4.67252e-26	1.92768e-27	7.39016e-29	2.63819e-30	8.78676e-32	2.73527e-33	7.97166e-35	2.17848e-36	5.59047e-38	1.34906e-39	3.06515e-41	6.56503e-43	1.327e-44	2.53403e-46	4.576e-48	7.82162e-50	1.26654e-51	1.94449e-53	2.83259e-55	3.91799e-57	5.1491e-59	6.43363e-61	7.64695e-63	8.65087e-65	9.31938e-67	9.56465e-69	9.35598e-71	8.72603e-73	7.76256e-75	6.58861e-77	5.33715e-79	4.12727e-81	3.04756e-83	2.14914e-85	1.44767e-87	9.31593e-90	5.72772e-92	3.36487e-94	1.88888e-96	1.01321e-98	5.19315e-101	0	
0	3.55109e-25	7.8638e-24	1.60772e-22	3.03173e-21	5.25868e-20	8.3654e-19	1.2166e-17	1.61209e-16	1.93929e-15	2.10979e-14	2.06734e-13	1.8168e-12	1.42562e-11	9.94341e-11	6.13684e-10	3.33683e-09	1.59207e-08	6.64273e-08	2.41774e-07	7.66725e-07	2.1197e-06	5.12225e-06	1.08715e-05	2.03994e-05	3.40912e-05	5.11037e-05	6.91409e-05	8.48484e-05	9.47743e-05	9.65383e-05	8.97031e-05	7.59403e-05	5.84059e-05	4.06311e-05	2.54214e-05	1.42084e-05	7.04251e-06	3.07391e-06	1.17458e-06	3.9131e-07	1.13426e-07	2.86063e-08	6.2883e-09	1.20863e-09	2.0394e-10	3.03508e-11	4.00314e-12	4.70238e-13	4.94309e-14	4.67125e-15	3.98573e-16	3.08315e-17	2.17044e-18	1.39544e-19	8.22081e-21	4.45135e-22	2.22166e-23	1.02475e-24	4.37909e-26	1.73765e-27	6.41615e-29	2.20893e-30	7.10372e-32	2.13763e-33	6.02866e-35	1.59589e-36	3.97088e-38	9.29921e-40	2.05218e-41	4.27261e-43	8.40141e-45	1.56182e-46	2.74752e-48	4.57795e-50	7.23073e-52	1.08346e-53	1.54129e-55	2.08299e-57	2.67612e-59	3.27035e-61	3.80361e-63	4.21244e-65	4.44443e-67	4.46925e-69	4.28515e-71	3.91898e-73	3.4198e-75	2.8483e-77	2.26489e-79	1.71985e-81	1.24741e-83	8.64342e-86	5.72249e-88	3.62045e-90	2.18907e-92	1.26504e-94	6.98739e-97	3.68877e-99	0	
0	7.19936e-24	1.53837e-22	3.03173e-21	5.50549e-20	9.18639e-19	1.40416e-17	1.9597e-16	2.48859e-15	2.86474e-14	2.97759e-13	2.78277e-12	2.32818e-11	1.73587e-10	1.14812e-09	6.7059e-09	3.44401e-08	1.54937e-07	6.08716e-07	2.08473e-06	6.22251e-06	1.62164e-05	3.70528e-05	7.47012e-05	0.00013393	0.000215295	0.000312673	0.000412914	0.00049836	0.000551632	0.000561034	0.000524444	0.000450039	0.000353522	0.000253087	0.000164147	9.5762e-05	4.98508e-05	2.29696e-05	9.30044e-06	3.29088e-06	1.01417e-06	2.71902e-07	6.34784e-08	1.29381e-08	2.31087e-09	3.63304e-10	5.05187e-11	6.24396e-12	6.89299e-13	6.82859e-14	6.09774e-15	4.92883e-16	3.62046e-17	2.42558e-18	1.48724e-19	8.37199e-21	4.33947e-22	2.07676e-23	9.19973e-25	3.78117e-26	1.44507e-27	5.14573e-29	1.71051e-30	5.31734e-32	1.54835e-33	4.22983e-35	1.08563e-36	2.6214e-38	5.96249e-40	1.27903e-41	2.59043e-43	4.95859e-45	8.97969e-47	1.53986e-48	2.50258e-50	3.85776e-52	5.64479e-54	7.84572e-56	1.03652e-57	1.30242e-59	1.5574e-61	1.7732e-63	1.92328e-65	1.98817e-67	1.95964e-69	1.84237e-71	1.65279e-73	1.41525e-75	1.15706e-77	9.03443e-80	6.73855e-82	4.80224e-84	3.27044e-86	2.12872e-88	1.32444e-90	7.87738e-93	4.47914e-95	2.43484e-97	0	
0	1.34503e-22	2.77086e-21	5.25868e-20	9.18639e-19	1.47281e-17	2.16031e-16	2.88924e-15	3.51059e-14	3.86037e-13	3.82601e-12	3.40294e-11	2.70388e-10	1.91041e-09	1.19465e-08	6.58178e-08	3.18132e-07	1.34424e-06	4.95265e-06	1.58938e-05	4.44668e-05	0.000108817	0.000234283	0.000447334	0.000764389	0.00117947	0.00165675	0.0021328	0.00252933	0.00277296	0.00281566	0.00264882	0.00230583	0.00185214	0.0013666	0.00092059	0.000561904	0.000308079	0.000150348	6.47472e-05	2.44316e-05	8.03828e-06	2.30046e-06	5.72659e-07	1.24236e-07	2.35686e-08	3.9266e-09	5.77269e-10	7.52634e-11	8.74568e-12	9.10129e-13	8.52139e-14	7.20946e-15	5.53407e-16	3.86886e-17	2.47199e-18	1.4483e-19	7.80431e-21	3.87881e-22	1.78273e-23	7.59541e-25	3.00659e-26	1.10808e-27	3.80965e-29	1.22409e-30	3.6821e-32	1.03854e-33	2.75067e-35	6.85093e-37	1.60665e-38	3.5521e-40	7.41203e-42	1.46131e-43	2.72484e-45	4.80995e-47	8.04499e-49	1.27602e-50	1.92076e-52	2.74593e-54	3.73082e-56	4.82051e-58	5.92672e-60	6.93763e-62	7.73583e-64	8.22074e-66	8.32943e-68	8.05005e-70	7.42377e-72	6.53496e-74	5.49275e-76	4.40948e-78	3.38178e-80	2.47834e-82	1.73587e-84	1.16221e-86	7.4392e-89	4.55286e-91	2.66437e-93	1.49096e-95	0	
0	2.30921e-21	4.58195e-20	8.3654e-19	1.40416e-17	2.16031e-16	3.03647e-15	3.88551e-14	4.50941e-13	4.72758e-12	4.4581e-11	3.76441e-10	2.83297e-09	1.89102e-08	1.11422e-07	5.76857e-07	2.61327e-06	1.03247e-05	3.55038e-05	0.000106244	0.000277287	0.000634348	0.00128185	0.0023102	0.00375169	0.0055436	0.00751695	0.00941905	0.010964	0.0118981	0.0120606	0.0114232	0.0100967	0.00830391	0.00632586	0.00443561	0.00284015	0.00164531	0.000853612	0.000392658	0.00015874	5.60284e-05	1.71988e-05	4.58617e-06	1.0636e-06	2.15161e-07	3.8123e-08	5.94463e-09	8.19933e-10	1.00547e-10	1.1017e-11	1.08377e-12	9.61497e-14	7.72567e-15	5.64432e-16	3.76327e-17	2.29759e-18	1.28855e-19	6.65765e-21	3.17766e-22	1.4046e-23	5.76333e-25	2.19994e-26	7.82784e-28	2.60129e-29	8.08745e-31	2.35627e-32	6.44313e-34	1.65595e-35	4.00555e-37	9.13033e-39	1.96351e-40	3.98825e-42	7.65923e-44	1.39208e-45	2.3967e-47	3.91208e-49	6.05892e-51	8.91049e-53	1.24519e-54	1.65455e-56	2.09173e-58	2.51747e-60	2.88593e-62	3.15274e-64	3.28378e-66	3.26234e-68	3.09262e-70	2.79848e-72	2.41802e-74	1.99559e-76	1.57352e-78	1.18569e-80	8.53999e-83	5.88045e-85	3.87167e-87	2.43767e-89	1.46786e-91	8.45365e-94	0	
0	3.63229e-20	6.93477e-19	1.2166e-17	1.9597e-16	2.88924e-15	3.88551e-14	4.74886e-13	5.25411e-12	5.24023e-11	4.6903e-10	3.74973e-09	2.66451e-08	1.67446e-07	9.26011e-07	4.48544e-06	1.89526e-05	6.96468e-05	0.000222285	0.000616739	0.00149327	0.00317726	0.00599908	0.0101663	0.0156404	0.0220728	0.0288312	0.0351058	0.0400619	0.0430048	0.0435129	0.0415129	0.0372926	0.0314507	0.0247845	0.0181334	0.0122166	0.00750435	0.00415669	0.00205235	0.000893712	0.000340313	0.00011268	3.23605e-05	8.06315e-06	1.74734e-06	3.3062e-07	5.48829e-08	8.03443e-09	1.04276e-09	1.20609e-10	1.24944e-11	1.16476e-12	9.81441e-14	7.50569e-15	5.22969e-16	3.33165e-17	1.947e-18	1.04693e-19	5.19442e-21	2.38428e-22	1.01492e-23	4.0155e-25	1.47975e-26	5.08893e-28	1.63623e-29	4.92692e-31	1.39159e-32	3.69227e-34	9.21564e-36	2.16656e-37	4.80351e-39	1.0055e-40	1.98934e-42	3.72369e-44	6.60063e-46	1.10899e-47	1.7675e-49	2.67437e-51	3.8444e-53	5.25385e-55	6.83039e-57	8.45265e-59	9.96234e-61	1.11886e-62	1.19798e-64	1.22342e-66	1.19215e-68	1.10888e-70	9.84888e-73	8.35561e-75	6.77303e-77	5.24704e-79	3.88573e-81	2.75134e-83	1.86297e-85	1.20648e-87	7.47378e-90	4.42883e-92	0	
0	5.21783e-19	9.57478e-18	1.61209e-16	2.48859e-15	3.51059e-14	4.50941e-13	5.25411e-12	5.52995e-11	5.23433e-10	4.43475e-09	3.34643e-08	2.23742e-07	1.31849e-06	6.81273e-06	3.07177e-05	0.000120375	0.000408894	0.00120329	0.00307482	0.00686227	0.013501	0.0236996	0.0376067	0.0546196	0.0734136	0.0921638	0.108861	0.121644	0.129087	0.130362	0.125327	0.114541	0.0992062	0.0810385	0.0620268	0.0441089	0.0288435	0.0171376	0.00913281	0.00431044	0.00178245	0.000640828	0.000199473	5.37149e-05	1.25364e-05	2.54522e-06	4.51685e-07	7.04421e-08	9.70778e-09	1.1887e-09	1.3001e-10	1.27641e-11	1.13015e-12	9.06346e-14	6.61015e-15	4.40048e-16	2.6832e-17	1.50332e-18	7.76188e-20	3.70327e-21	1.63682e-22	6.71784e-24	2.56576e-25	9.13774e-27	3.04029e-28	9.46695e-30	2.76334e-31	7.57274e-33	1.95115e-34	4.73289e-36	1.08221e-37	2.33534e-39	4.76134e-41	9.18111e-43	1.67599e-44	2.89903e-46	4.75569e-48	7.40461e-50	1.09508e-51	1.53939e-53	2.05827e-55	2.61924e-57	3.17408e-59	3.66491e-61	4.03398e-63	4.23476e-65	4.24169e-67	4.05544e-69	3.70242e-71	3.22871e-73	2.6903e-75	2.14251e-77	1.63118e-79	1.1875e-81	8.26803e-84	5.50654e-86	3.50852e-88	2.1388e-90	0	
0	6.8218e-18	1.20175e-16	1.93929e-15	2.86474e-14	3.86037e-13	4.72758e-12	5.24023e-11	5.23433e-10	4.68951e-09	3.74946e-08	2.66121e-07	1.66747e-06	9.17209e-06	4.40485e-05	0.000183773	0.000663431	0.00206785	0.00556734	0.0130001	0.0265459	0.0479801	0.0778812	0.115213	0.157425	0.200979	0.242002	0.276873	0.302671	0.317373	0.319872	0.309975	0.288427	0.256882	0.217915	0.174913	0.131709	0.0920518	0.0589621	0.0341209	0.0175778	0.00795423	0.0031294	0.00106377	0.000311749	7.88527e-05	1.72734e-05	3.29309e-06	5.49445e-07	8.07017e-08	1.04955e-08	1.21538e-09	1.25981e-10	1.1747e-11	9.89863e-13	7.56984e-14	5.27429e-15	3.36028e-16	1.96413e-17	1.05654e-18	5.24509e-20	2.40946e-21	1.0267e-22	4.06731e-24	1.50115e-25	5.17186e-27	1.66634e-28	5.02936e-30	1.42424e-31	3.78986e-33	9.48927e-35	2.2386e-36	4.98176e-38	1.047e-39	2.08036e-41	3.91192e-43	6.96805e-45	1.17676e-46	1.88573e-48	2.86963e-50	4.14997e-52	5.70734e-54	7.46915e-56	9.30719e-58	1.10489e-59	1.25026e-61	1.3492e-63	1.38912e-65	1.36514e-67	1.28101e-69	1.14822e-71	9.83404e-74	8.05017e-76	6.30026e-78	4.71517e-80	3.3753e-82	2.31144e-84	1.51452e-86	9.49586e-89	0	
0	8.08758e-17	1.36603e-15	2.10979e-14	2.97759e-13	3.82601e-12	4.4581e-11	4.6903e-10	4.43475e-09	3.74946e-08	2.81941e-07	1.87478e-06	1.09586e-05	5.59685e-05	0.000248292	0.000951781	0.00314026	0.00890302	0.0217293	0.0459485	0.0851469	0.140429	0.209681	0.288074	0.369327	0.44708	0.515811	0.571361	0.611018	0.633137	0.63686	0.622043	0.589261	0.539812	0.475934	0.401192	0.320612	0.240296	0.166703	0.105405	0.0597236	0.0298325	0.0129613	0.00485449	0.00156112	0.000431116	0.000102562	2.1124e-05	3.7891e-06	5.95654e-07	8.25777e-08	1.01567e-08	1.11464e-09	1.09722e-10	9.73558e-12	7.82161e-13	5.71346e-14	3.80917e-15	2.32603e-16	1.30515e-17	6.74931e-19	3.22562e-20	1.42833e-21	5.87396e-23	2.24839e-24	8.02669e-26	2.67761e-27	8.36126e-29	2.44807e-30	6.73092e-32	1.74038e-33	4.23762e-35	9.72863e-37	2.10838e-38	4.31809e-40	8.36633e-42	1.53497e-43	2.66923e-45	4.40317e-47	6.89587e-49	1.02609e-50	1.45165e-52	1.95393e-54	2.50379e-56	3.0562e-58	3.55545e-60	3.94421e-62	4.17429e-64	4.2165e-66	4.06674e-68	3.74652e-70	3.29796e-72	2.77483e-74	2.23215e-76	1.7172e-78	1.26364e-80	8.89659e-83	5.99369e-85	3.86442e-87	0	
0	8.66088e-16	1.40071e-14	2.06734e-13	2.78277e-12	3.40294e-11	3.76441e-10	3.74973e-09	3.34643e-08	2.66121e-07	1.87478e-06	1.16275e-05	6.30735e-05	0.000297269	0.00120951	0.00422476	0.0126197	0.0322103	0.0705147	0.133695	0.223	0.333657	0.456707	0.581858	0.699994	0.804388	0.89083	0.957409	1.00347	1.02863	1.0328	1.01604	0.978319	0.919916	0.841302	0.743711	0.630409	0.507091	0.382001	0.265188	0.166469	0.0926412	0.0449094	0.0187268	0.00667313	0.00202969	0.000528393	0.000118345	2.29496e-05	3.87978e-06	5.7571e-07	7.54766e-08	8.79638e-09	9.16558e-10	8.58351e-11	7.25967e-12	5.5698e-13	3.8922e-14	2.48657e-15	1.45728e-16	7.8593e-18	3.91188e-19	1.80181e-20	7.69888e-22	3.05869e-23	1.13229e-24	3.91334e-26	1.26505e-27	3.83158e-29	1.08907e-30	2.90928e-32	7.31434e-34	1.73298e-35	3.87408e-37	8.1809e-39	1.63365e-40	3.088e-42	5.53057e-44	9.39342e-46	1.51426e-47	2.31868e-49	3.37493e-51	4.67273e-53	6.158e-55	7.72923e-57	9.24496e-59	1.05433e-60	1.147e-62	1.19088e-64	1.18051e-66	1.11776e-68	1.01123e-70	8.7444e-73	7.22959e-75	5.7164e-77	4.32379e-79	3.1292e-81	2.16728e-83	1.43668e-85	0	
0	8.34351e-15	1.29022e-13	1.8168e-12	2.32818e-11	2.70388e-10	2.83297e-09	2.66451e-08	2.23742e-07	1.66747e-06	1.09586e-05	6.30735e-05	0.000315628	0.00136308	0.00504428	0.0158994	0.0425262	0.0965707	0.187466	0.315698	0.471228	0.638607	0.802898	0.953028	1.0828	1.18961	1.27365	1.33638	1.37875	1.40136	1.40503	1.39007	1.35568	1.30123	1.22593	1.12838	1.00763	0.865133	0.705433	0.537709	0.375509	0.234698	0.128311	0.0602689	0.0240686	0.00814581	0.00234127	0.00057455	0.000121226	2.21586e-05	3.53555e-06	4.95995e-07	6.15942e-08	6.81319e-09	6.75132e-10	6.02447e-11	4.86414e-12	3.56891e-13	2.38907e-14	1.46441e-15	8.24673e-17	4.2797e-18	2.05248e-19	9.12026e-21	3.76391e-22	1.44591e-23	5.18093e-25	1.73488e-26	5.43882e-28	1.59894e-29	4.41494e-31	1.1466e-32	2.8047e-34	6.46985e-36	1.40914e-37	2.90102e-39	5.65113e-41	1.04265e-42	1.82371e-44	3.02666e-46	4.77e-48	7.1441e-50	1.01757e-51	1.37929e-53	1.78032e-55	2.18951e-57	2.5671e-59	2.87081e-61	3.06368e-63	3.12141e-65	3.03744e-67	2.8241e-69	2.50968e-71	2.13238e-73	1.73278e-75	1.34702e-77	1.00197e-79	7.13317e-82	4.86089e-84	0	
0	7.19976e-14	1.06297e-12	1.42562e-11	1.73587e-10	1.91041e-09	1.89102e-08	1.67446e-07	1.31849e-06	9.17209e-06	5.59685e-05	0.000297269	0.00136308	0.00535074	0.0178377	0.0501711	0.11868	0.236809	0.403494	0.600562	0.804078	0.995755	1.16509	1.30822	1.42512	1.5174	1.58819	1.63952	1.67241	1.68945	1.69231	1.68102	1.65471	1.61099	1.54811	1.46491	1.35806	1.22558	1.06646	0.882886	0.682437	0.480047	0.298426	0.159745	0.0723906	0.0275804	0.00884159	0.00239793	0.000554473	0.000110247	1.90106e-05	2.86607e-06	3.80626e-07	4.48351e-08	4.71367e-09	4.44821e-10	3.7873e-11	2.92293e-12	2.0535e-13	1.31838e-14	7.76229e-16	4.20481e-17	2.10185e-18	9.72172e-20	4.17123e-21	1.66409e-22	6.18613e-24	2.14713e-25	6.97114e-27	2.12084e-28	6.05576e-30	1.62534e-31	4.10622e-33	9.7777e-35	2.19717e-36	4.6647e-38	9.36676e-40	1.78074e-41	3.20828e-43	5.4827e-45	8.8947e-47	1.37097e-48	2.0091e-50	2.8013e-52	3.71864e-54	4.70261e-56	5.66858e-58	6.5166e-60	7.14822e-62	7.48523e-64	7.48568e-66	7.15238e-68	6.53166e-70	5.70292e-72	4.7622e-74	3.80432e-76	2.90816e-78	2.12779e-80	1.49031e-82	0	
0	5.54042e-13	7.79789e-12	9.94341e-11	1.14812e-09	1.19465e-08	1.11422e-07	9.26011e-07	6.81273e-06	4.40485e-05	0.000248292	0.00120951	0.00504428	0.0178377	0.053001	0.13142	0.271511	0.471237	0.702617	0.932124	1.14128	1.32351	1.47657	1.60097	1.69729	1.76855	1.81822	1.84895	1.86547	1.87398	1.87578	1.86978	1.85702	1.83254	1.79071	1.72851	1.64266	1.52962	1.3882	1.21735	1.01867	0.795981	0.561899	0.345388	0.179703	0.0780295	0.0282137	0.00853792	0.0021809	0.000474824	8.89737e-05	1.44815e-05	2.06469e-06	2.59843e-07	2.90656e-08	2.90776e-09	2.61625e-10	2.12782e-11	1.57147e-12	1.05826e-13	6.52279e-15	3.69248e-16	1.92581e-17	9.2805e-19	4.1433e-20	1.71791e-21	6.63007e-23	2.38674e-24	8.02987e-26	2.52937e-27	7.47214e-29	2.07343e-30	5.41228e-32	1.3308e-33	3.08634e-35	6.75916e-37	1.39942e-38	2.742e-40	5.08957e-42	8.95761e-44	1.49616e-45	2.37355e-47	3.57916e-49	5.13387e-51	7.00939e-53	9.11518e-55	1.12968e-56	1.33505e-58	1.50526e-60	1.61999e-62	1.66492e-64	1.63471e-66	1.53398e-68	1.37622e-70	1.18083e-72	9.69278e-75	7.61363e-77	5.72432e-79	4.12022e-81	0	
0	3.78496e-12	5.07076e-11	6.13684e-10	6.7059e-09	6.58178e-08	5.76857e-07	4.48544e-06	3.07177e-05	0.000183773	0.000951781	0.00422476	0.0158994	0.0501711	0.13142	0.284	0.507843	0.766346	1.01551	1.23905	1.43637	1.60175	1.73108	1.82305	1.8801	1.90978	1.91833	1.91415	1.90816	1.90368	1.90275	1.90606	1.91186	1.91727	1.91534	1.89442	1.84979	1.77197	1.65805	1.50652	1.3211	1.10807	0.868466	0.609579	0.366348	0.183237	0.075565	0.0257704	0.00733324	0.00176044	0.000360532	6.36539e-05	9.78192e-06	1.3197e-06	1.57511e-07	1.67459e-08	1.59561e-09	1.3701e-10	1.06543e-11	7.53658e-13	4.86918e-14	2.88376e-15	1.57084e-16	7.89409e-18	3.67017e-19	1.58271e-20	6.34572e-22	2.3707e-23	8.2694e-25	2.6983e-26	8.25065e-28	2.36798e-29	6.3888e-31	1.62268e-32	3.88503e-34	8.77902e-36	1.87454e-37	3.78628e-39	7.24182e-41	1.31286e-42	2.25795e-44	3.68729e-46	5.72193e-48	8.44392e-50	1.18582e-51	1.5858e-53	2.02073e-55	2.45496e-57	2.84507e-59	3.14685e-61	3.3235e-63	3.35308e-65	3.23294e-67	2.98003e-69	2.62703e-71	2.21548e-73	1.78795e-75	1.38116e-77	1.02145e-79	0	
0	2.28517e-11	2.90994e-10	3.33683e-09	3.44401e-08	3.18132e-07	2.61327e-06	1.89526e-05	0.000120375	0.000663431	0.00314026	0.0126197	0.0425262	0.11868	0.271511	0.507843	0.787809	1.05579	1.29534	1.51192	1.68992	1.81611	1.89158	1.92076	1.91596	1.88752	1.84724	1.80607	1.77416	1.75239	1.74726	1.76386	1.79189	1.83001	1.8722	1.90649	1.92247	1.90832	1.85225	1.74725	1.58872	1.38544	1.15481	0.898116	0.617714	0.357237	0.169453	0.0657151	0.0210002	0.00559664	0.00125975	0.000242391	4.03045e-05	5.84801e-06	7.46801e-07	8.45747e-08	8.55137e-09	7.76586e-10	6.36831e-11	4.7383e-12	3.21263e-13	1.99268e-14	1.13474e-15	5.95171e-17	2.88376e-18	1.29428e-19	5.39428e-21	2.09255e-22	7.57144e-24	2.56036e-25	8.10655e-27	2.40727e-28	6.71518e-30	1.76229e-31	4.35694e-33	1.0161e-34	2.23801e-36	4.66076e-38	9.18712e-40	1.71579e-41	3.03892e-43	5.10887e-45	8.15908e-47	1.23881e-48	1.78949e-50	2.46103e-52	3.22435e-54	4.02687e-56	4.79665e-58	5.45233e-60	5.91715e-62	6.13381e-64	6.07603e-66	5.75378e-68	5.21062e-70	4.51413e-72	3.74234e-74	2.96974e-76	2.25625e-78	0	
0	1.214e-10	1.46754e-09	1.59207e-08	1.54937e-07	1.34424e-06	1.03247e-05	6.96468e-05	0.000408894	0.00206785	0.00890302	0.0322103	0.0965707	0.236809	0.471237	0.766346	1.05579	1.31387	1.55075	1.74052	1.85874	1.91625	1.91864	1.87794	1.80658	1.71708	1.62389	1.53946	1.47215	1.43441	1.42796	1.45315	1.50932	1.58905	1.67901	1.77299	1.85195	1.90783	1.92299	1.88933	1.79637	1.63459	1.41246	1.16261	0.885555	0.585531	0.319838	0.141828	0.0512169	0.0152395	0.00378862	0.000797695	0.00014401	2.25367e-05	3.0867e-06	3.73127e-07	4.01043e-08	3.85774e-09	3.34044e-10	2.61727e-11	1.86417e-12	1.21206e-13	7.22126e-15	3.95584e-16	1.99877e-17	9.34175e-19	4.04926e-20	1.63176e-21	6.12689e-23	2.14794e-24	7.04422e-26	2.16494e-27	6.24563e-29	1.69393e-30	4.32541e-32	1.04125e-33	2.36605e-35	5.08096e-37	1.03228e-38	1.98625e-40	3.62304e-42	6.27061e-44	1.03067e-45	1.61007e-47	2.39233e-49	3.38339e-51	4.55752e-53	5.85087e-55	7.1628e-57	8.36668e-59	9.32942e-61	9.9356e-63	1.01103e-64	9.83446e-67	9.14774e-69	8.13975e-71	6.9308e-73	5.64887e-75	4.40798e-77	0	
0	5.65197e-10	6.47973e-09	6.64273e-08	6.08716e-07	4.95265e-06	3.55038e-05	0.000222285	0.00120329	0.00556734	0.0217293	0.0705147	0.187466	0.403494	0.702617	1.01551	1.29534	1.55075	1.75642	1.87348	1.92381	1.90817	1.8308	1.70869	1.55674	1.3965	1.24179	1.11296	1.01785	0.964252	0.955662	0.990899	1.07029	1.18651	1.33347	1.49331	1.65022	1.78712	1.88368	1.92578	1.90123	1.81304	1.64226	1.40102	1.132	0.830373	0.516401	0.261491	0.106964	0.0356522	0.00982092	0.00226919	0.000445869	7.54133e-05	1.10974e-05	1.43403e-06	1.64053e-07	1.67337e-08	1.53148e-09	1.26462e-10	9.46905e-12	6.45779e-13	4.02755e-14	2.30546e-15	1.21527e-16	5.91695e-18	2.66828e-19	1.11732e-20	4.35463e-22	1.58303e-23	5.37845e-25	1.71105e-26	5.10565e-28	1.43127e-29	3.77501e-31	9.38102e-33	2.19929e-34	4.87021e-36	1.01986e-37	2.02174e-39	3.79787e-41	6.76699e-43	1.14466e-44	1.83968e-46	2.81149e-48	4.08861e-50	5.66188e-52	7.47087e-54	9.39879e-56	1.128e-57	1.29216e-59	1.41355e-61	1.47737e-63	1.47586e-65	1.40978e-67	1.28816e-69	1.12629e-71	9.42603e-74	7.55282e-76	0	
0	2.2979e-09	2.49729e-08	2.41774e-07	2.08473e-06	1.58938e-05	0.000106244	0.000616739	0.00307482	0.0130001	0.0459485	0.133695	0.315698	0.600562	0.932124	1.23905	1.51192	1.74052	1.87348	1.92638	1.90183	1.78674	1.6178	1.40456	1.17746	0.95147	0.747111	0.578697	0.456524	0.385148	0.372614	0.421421	0.523802	0.67588	0.867273	1.08487	1.31521	1.53519	1.72541	1.86378	1.92799	1.90214	1.80572	1.6113	1.35151	1.06025	0.73269	0.41923	0.193598	0.0722507	0.0220658	0.0056	0.00119866	0.0002193	3.46973e-05	4.79598e-06	5.84287e-07	6.32258e-08	6.11823e-09	5.32626e-10	4.19368e-11	3.0006e-12	1.95937e-13	1.17218e-14	6.44698e-16	3.27027e-17	1.53439e-18	6.67685e-20	2.70115e-21	1.01824e-22	3.58406e-24	1.18023e-25	3.6425e-27	1.05536e-28	2.875e-30	7.37468e-32	1.78363e-33	4.07259e-35	8.7893e-37	1.79489e-38	3.47197e-40	6.36781e-42	1.10836e-43	1.83239e-45	2.87976e-47	4.30553e-49	6.12827e-51	8.30962e-53	1.07407e-54	1.32417e-56	1.55796e-58	1.75025e-60	1.87836e-62	1.92661e-64	1.88941e-66	1.77233e-68	1.59076e-70	1.36665e-72	1.12409e-74	0	
0	8.13638e-09	8.38406e-08	7.66725e-07	6.22251e-06	4.44668e-05	0.000277287	0.00149327	0.00686227	0.0265459	0.0851469	0.223	0.471228	0.804078	1.14128	1.43637	1.68992	1.85874	1.92381	1.90183	1.76679	1.56709	1.30487	1.01401	0.710953	0.428031	0.176205	-0.024232	-0.165862	-0.24047	-0.251748	-0.20356	-0.0872611	0.0907416	0.320143	0.594671	0.892034	1.18938	1.46912	1.69222	1.85988	1.92638	1.89526	1.77074	1.54306	1.26384	0.94295	0.598541	0.309065	0.128516	0.043398	0.0120773	0.00281294	0.000556215	9.45568e-05	1.39726e-05	1.81192e-06	2.07911e-07	2.12643e-08	1.9509e-09	1.61468e-10	1.2117e-11	8.2817e-13	5.17638e-14	2.96967e-15	1.56897e-16	7.65716e-18	3.46156e-19	1.45324e-20	5.67914e-22	2.07038e-23	7.05524e-25	2.25151e-26	6.74042e-28	1.89605e-29	5.01894e-31	1.25194e-32	2.94665e-34	6.55215e-36	1.37799e-37	2.74397e-39	5.17875e-41	9.27245e-43	1.57642e-44	2.54697e-46	3.91372e-48	5.72388e-50	7.97308e-52	1.05848e-53	1.34005e-55	1.6188e-57	1.86695e-59	2.05664e-61	2.16507e-63	2.17905e-65	2.09758e-67	1.93193e-69	1.7031e-71	1.43738e-73	0	
0	2.50506e-08	2.45055e-07	2.1197e-06	1.62164e-05	0.000108817	0.000634348	0.00317726	0.013501	0.0479801	0.140429	0.333657	0.638607	0.995755	1.32351	1.60175	1.81611	1.91625	1.90817	1.78674	1.56709	1.27182	0.917645	0.551385	0.190726	-0.136337	-0.408569	-0.623019	-0.77099	-0.855229	-0.869387	-0.811057	-0.689261	-0.504653	-0.253057	0.0563739	0.402593	0.773504	1.13305	1.45921	1.70783	1.87473	1.92392	1.87125	1.69824	1.43945	1.13245	0.780419	0.444246	0.203988	0.0757092	0.0230033	0.0058104	0.00123836	0.000225684	3.55828e-05	4.90312e-06	5.95704e-07	6.43073e-08	6.21013e-09	5.39694e-10	4.24333e-11	3.03276e-12	1.97876e-13	1.18314e-14	6.5056e-16	3.30004e-17	1.54878e-18	6.74298e-20	2.73001e-21	1.03016e-22	3.6306e-24	1.19734e-25	3.70168e-27	1.0746e-28	2.9338e-30	7.54363e-32	1.82929e-33	4.18875e-35	9.06779e-37	1.85787e-38	3.60641e-40	6.63908e-42	1.16014e-43	1.92602e-45	3.04023e-47	4.56646e-49	6.53119e-51	8.90094e-53	1.1566e-54	1.43383e-56	1.69673e-58	1.9176e-60	2.07085e-62	2.13785e-64	2.11073e-66	1.99381e-68	1.80256e-70	1.56016e-72	0	
0	6.70663e-08	6.2437e-07	5.12225e-06	3.70528e-05	0.000234283	0.00128185	0.00599908	0.0236996	0.0778812	0.209681	0.456707	0.802898	1.16509	1.47657	1.73108	1.89158	1.91864	1.8308	1.6178	1.30487	0.917645	0.500274	0.0686117	-0.327296	-0.679831	-0.962829	-1.16845	-1.30647	-1.37385	-1.38274	-1.34078	-1.23384	-1.05453	-0.799477	-0.47586	-0.0952557	0.327841	0.751883	1.15794	1.50203	1.761	1.89799	1.9175	1.81052	1.58574	1.29611	0.950501	0.586822	0.294067	0.118918	0.0391831	0.0106749	0.00244104	0.000475048	7.96447e-05	1.16269e-05	1.4917e-06	1.69563e-07	1.71984e-08	1.5663e-09	1.28795e-10	9.60974e-12	6.5349e-13	4.06649e-14	2.32393e-15	1.22372e-16	5.95516e-18	2.68569e-19	1.12529e-20	4.39062e-22	1.59873e-23	5.44344e-25	1.73629e-26	5.19713e-28	1.46215e-29	3.87217e-31	9.66613e-33	2.27747e-34	5.07085e-36	1.06815e-37	2.13097e-39	4.03039e-41	7.23356e-43	1.23304e-44	1.99796e-46	3.07978e-48	4.51955e-50	6.31851e-52	8.42096e-54	1.07054e-55	1.29892e-57	1.50501e-59	1.66606e-61	1.76295e-63	1.78394e-65	1.727e-67	1.60006e-69	1.41919e-71	0	
0	1.56442e-07	1.39138e-06	1.08715e-05	7.47012e-05	0.000447334	0.0023102	0.0101663	0.0376067	0.115213	0.288074	0.581858	0.953028	1.30822	1.60097	1.82305	1.92076	1.87794	1.70869	1.40456	1.01401	0.551385	0.0686117	-0.397709	-0.81469	-1.15656	-1.41754	-1.59531	-1.70061	-1.75676	-1.76616	-1.72856	-1.64564	-1.49766	-1.27109	-0.962688	-0.571011	-0.122742	0.358737	0.834828	1.25816	1.6004	1.82631	1.91934	1.88029	1.70078	1.43301	1.10084	0.725457	0.391577	0.170729	0.0604825	0.0176442	0.0043022	0.000889234	0.00015778	2.42995e-05	3.2797e-06	3.91215e-07	4.15471e-08	3.95394e-09	3.39142e-10	2.63526e-11	1.86358e-12	1.20435e-13	7.13929e-15	3.89523e-16	1.96214e-17	9.15109e-19	3.96178e-20	1.59596e-21	5.99547e-23	2.10466e-24	6.91703e-26	2.13207e-27	6.17357e-29	1.68185e-30	4.31694e-32	1.04539e-33	2.39132e-35	5.17322e-37	1.05956e-38	2.05674e-40	3.78739e-42	6.62223e-44	1.10038e-45	1.73902e-47	2.61589e-49	3.74795e-51	5.11824e-53	6.66609e-55	8.28519e-57	9.8323e-59	1.11469e-60	1.20785e-62	1.25149e-64	1.24046e-66	1.17665e-68	1.06846e-70	0	
0	3.19252e-07	2.72636e-06	2.03994e-05	0.00013393	0.000764389	0.00375169	0.0156404	0.0546196	0.157425	0.369327	0.699994	1.0828	1.42512	1.69729	1.8801	1.91596	1.80658	1.55674	1.17746	0.710953	0.190726	-0.327296	-0.81469	-1.2235	-1.53711	-1.75188	-1.8664	-1.91477	-1.92371	-1.92296	-1.92201	-1.89361	-1.80744	-1.63424	-1.36131	-0.988144	-0.529517	-0.0179744	0.505596	0.999843	1.41775	1.72469	1.88806	1.9135	1.78458	1.54332	1.22803	0.851859	0.48884	0.2272	0.0856901	0.0265393	0.00684837	0.00149342	0.000278774	4.50522e-05	6.36609e-06	7.93375e-07	8.78672e-08	8.70598e-09	7.76282e-10	6.26209e-11	4.59161e-12	3.07325e-13	1.88487e-14	1.06299e-15	5.52983e-17	2.66129e-18	1.18802e-19	4.93139e-21	1.90769e-22	6.89199e-24	2.32982e-25	7.38276e-27	2.19666e-28	6.14654e-30	1.61977e-31	4.02555e-33	9.44708e-35	2.09599e-36	4.40136e-38	8.75684e-40	1.65234e-41	2.95971e-43	5.03701e-45	8.15132e-47	1.25531e-48	1.84102e-50	2.57304e-52	3.42921e-54	4.3608e-56	5.2943e-58	6.13976e-60	6.80478e-62	7.21106e-64	7.30964e-66	7.0906e-68	6.58403e-70	0	
0	5.73174e-07	4.72793e-06	3.40912e-05	0.000215295	0.00117947	0.0055436	0.0220728	0.0734136	0.200979	0.44708	0.804388	1.18961	1.5174	1.76855	1.90978	1.88752	1.71708	1.3965	0.95147	0.428031	-0.136337	-0.679831	-1.15656	-1.53711	-1.79124	-1.92789	-1.97154	-1.94359	-1.90174	-1.89328	-1.92596	-1.96668	-1.95366	-1.86046	-1.65524	-1.32194	-0.882107	-0.358201	0.201996	0.750777	1.22913	1.60598	1.83623	1.9207	1.84098	1.62818	1.3311	0.960806	0.579119	0.283664	0.112722	0.0367171	0.0099424	0.00226999	0.000442698	7.46001e-05	1.09724e-05	1.4211e-06	1.63331e-07	1.67723e-08	1.54817e-09	1.29144e-10	9.78246e-12	6.75799e-13	4.27443e-14	2.48409e-15	1.33072e-16	6.59047e-18	3.02575e-19	1.29097e-20	5.13054e-22	1.90325e-23	6.60342e-25	2.14673e-26	6.55024e-28	1.87888e-29	5.07397e-31	1.29182e-32	3.10474e-34	7.05254e-36	1.51585e-37	3.08622e-39	5.95784e-41	1.09158e-42	1.89982e-44	3.14358e-46	4.94916e-48	7.41919e-50	1.05975e-51	1.44329e-53	1.87535e-55	2.32614e-57	2.75583e-59	3.12e-61	3.37715e-63	3.49652e-65	3.4641e-67	3.28513e-69	0	
0	9.1092e-07	7.30436e-06	5.11037e-05	0.000312673	0.00165675	0.00751695	0.0288312	0.0921638	0.242002	0.515811	0.89083	1.27365	1.58819	1.81822	1.91833	1.84724	1.62389	1.24179	0.747111	0.176205	-0.408569	-0.962829	-1.41754	-1.75188	-1.92789	-1.96874	-1.90053	-1.78132	-1.68388	-1.66536	-1.73656	-1.85568	-1.95129	-1.95926	-1.84076	-1.56674	-1.15869	-0.636722	-0.0584715	0.526016	1.05467	1.4909	1.77545	1.91055	1.876	1.6904	1.41063	1.04942	0.657184	0.335548	0.139022	0.0471622	0.0132802	0.00314805	0.000636474	0.000111039	1.68872e-05	2.25899e-06	2.67883e-07	2.83565e-08	2.69581e-09	2.31429e-10	1.80282e-11	1.27995e-12	8.31494e-14	4.96027e-15	2.72616e-16	1.38451e-17	6.51516e-19	2.84797e-20	1.15914e-21	4.40211e-23	1.56306e-24	5.19855e-26	1.6223e-27	4.75793e-29	1.3134e-30	3.41722e-32	8.39113e-34	1.94703e-35	4.27395e-37	8.88515e-39	1.75114e-40	3.27501e-42	5.81746e-44	9.82319e-46	1.57803e-47	2.41353e-49	3.51696e-51	4.886e-53	6.47563e-55	8.19238e-57	9.89871e-59	1.14292e-60	1.26162e-62	1.33206e-64	1.34581e-66	1.30151e-68	0	
0	1.28879e-06	1.01131e-05	6.91409e-05	0.000412914	0.0021328	0.00941905	0.0351058	0.108861	0.276873	0.571361	0.957409	1.33638	1.63952	1.84895	1.91415	1.80607	1.53946	1.11296	0.578697	-0.024232	-0.623019	-1.16845	-1.59531	-1.8664	-1.97154	-1.90053	-1.73571	-1.53471	-1.35726	-1.32122	-1.45531	-1.6566	-1.84078	-1.96136	-1.93038	-1.72194	-1.35863	-0.849104	-0.269721	0.343433	0.907857	1.38725	1.71655	1.89334	1.89677	1.73389	1.46821	1.11645	0.719311	0.378892	0.161997	0.0566735	0.0164408	0.00401096	0.000833792	0.00014943	2.33271e-05	3.20064e-06	3.8904e-07	4.21848e-08	4.10578e-09	3.60656e-10	2.87329e-11	2.0853e-12	1.38418e-13	8.43372e-15	4.73237e-16	2.4529e-17	1.17767e-18	5.25059e-20	2.179e-21	8.43546e-23	3.05238e-24	1.03432e-25	3.2879e-27	9.82039e-29	2.76023e-30	7.31109e-32	1.82733e-33	4.31509e-35	9.63846e-37	2.03867e-38	4.08747e-40	7.77595e-42	1.40488e-43	2.41261e-45	3.94137e-47	6.12987e-49	9.08264e-51	1.28299e-52	1.72887e-54	2.22377e-56	2.73181e-58	3.20684e-60	3.59901e-62	3.86344e-64	3.96861e-66	3.90228e-68	0	
0	1.63095e-06	1.2609e-05	8.48484e-05	0.00049836	0.00252933	0.010964	0.0400619	0.121644	0.302671	0.611018	1.00347	1.37875	1.67241	1.86547	1.90816	1.77416	1.47215	1.01785	0.456524	-0.165862	-0.77099	-1.30647	-1.70061	-1.91477	-1.94359	-1.78132	-1.53471	-1.29922	-1.13481	-1.10428	-1.22226	-1.43471	-1.68448	-1.89887	-1.95042	-1.80652	-1.48757	-0.993666	-0.417716	0.215555	0.799064	1.31096	1.6716	1.87313	1.90632	1.76257	1.50656	1.16191	0.763071	0.410583	0.179362	0.0640813	0.0189726	0.00472103	0.00100044	0.000182686	2.90443e-05	4.05681e-06	5.01783e-07	5.53455e-08	5.47726e-09	4.89042e-10	3.95881e-11	2.91836e-12	1.967e-13	1.21656e-14	6.92736e-16	3.64262e-17	1.77369e-18	8.01807e-20	3.37296e-21	1.32327e-22	4.85135e-24	1.6652e-25	5.36069e-27	1.62119e-28	4.61284e-30	1.23664e-31	3.12779e-33	7.47304e-35	1.68862e-36	3.61261e-38	7.32516e-40	1.40911e-41	2.57396e-43	4.46853e-45	7.37888e-47	1.15988e-48	1.73678e-50	2.47903e-52	3.37526e-54	4.38614e-56	5.4432e-58	6.4544e-60	7.31654e-62	7.93248e-64	8.2292e-66	8.17135e-68	0	
0	1.85253e-06	1.42063e-05	9.47743e-05	0.000551632	0.00277296	0.0118981	0.0430048	0.129087	0.317373	0.633137	1.02863	1.40136	1.68945	1.87398	1.90368	1.75239	1.43441	0.964252	0.385148	-0.24047	-0.855229	-1.37385	-1.75676	-1.92371	-1.90174	-1.68388	-1.35726	-1.13481	-1.05111	-1.0403	-1.08934	-1.24894	-1.55269	-1.84017	-1.9349	-1.85005	-1.54875	-1.07428	-0.49469	0.140265	0.740791	1.26361	1.64472	1.86195	1.90954	1.77709	1.52712	1.18654	0.787239	0.428497	0.18939	0.0684413	0.020489	0.00515348	0.0011036	0.000203602	3.26972e-05	4.61235e-06	5.76048e-07	6.41424e-08	6.40705e-09	5.77271e-10	4.71458e-11	3.50562e-12	2.38275e-13	1.4858e-14	8.52795e-16	4.51902e-17	2.217e-18	1.00953e-19	4.27688e-21	1.68944e-22	6.23511e-24	2.15402e-25	6.97788e-27	2.12313e-28	6.07675e-30	1.63845e-31	4.16717e-33	1.00103e-34	2.27383e-36	4.88945e-38	9.96341e-40	1.92587e-41	3.53443e-43	6.16401e-45	1.02239e-46	1.61404e-48	2.42703e-50	3.47853e-52	4.75507e-54	6.20334e-56	7.72768e-58	9.19735e-60	1.04637e-61	1.13848e-63	1.18516e-65	1.1808e-67	0	
0	1.89244e-06	1.4492e-05	9.65383e-05	0.000561034	0.00281566	0.0120606	0.0435129	0.130362	0.319872	0.63686	1.0328	1.40503	1.69231	1.87578	1.90275	1.74726	1.42796	0.955662	0.372614	-0.251748	-0.869387	-1.38274	-1.76616	-1.92296	-1.89328	-1.66536	-1.32122	-1.10428	-1.0403	-1.03503	-1.06771	-1.21096	-1.52585	-1.82918	-1.9292	-1.8578	-1.55759	-1.0878	-0.507297	0.126415	0.73144	1.2544	1.6412	1.86107	1.90953	1.77912	1.53057	1.19069	0.791289	0.431515	0.191093	0.0691872	0.02075	0.00522835	0.00112156	0.000207266	3.3341e-05	4.7109e-06	5.89307e-07	6.5723e-08	6.57515e-09	5.9332e-10	4.85284e-11	3.61364e-12	2.45962e-13	1.53582e-14	8.82667e-16	4.68327e-17	2.3004e-18	1.04875e-19	4.44813e-21	1.75902e-22	6.49881e-24	2.24742e-25	7.28762e-27	2.21947e-28	6.35831e-30	1.71587e-31	4.36779e-33	1.05008e-34	2.38712e-36	5.13697e-38	1.04754e-39	2.02627e-41	3.72122e-43	6.49403e-45	1.07781e-46	1.70258e-48	2.56168e-50	3.67361e-52	5.02453e-54	6.55837e-56	8.17419e-58	9.73366e-60	1.10793e-61	1.20602e-63	1.25604e-65	1.25198e-67	0	
0	1.7392e-06	1.33896e-05	8.97031e-05	0.000524444	0.00264882	0.0114232	0.0415129	0.125327	0.309975	0.622043	1.01604	1.39007	1.68102	1.86978	1.90606	1.76386	1.45315	0.990899	0.421421	-0.20356	-0.811057	-1.34078	-1.72856	-1.92201	-1.92596	-1.73656	-1.45531	-1.22226	-1.08934	-1.06771	-1.15763	-1.35047	-1.62553	-1.87241	-1.94667	-1.82849	-1.51905	-1.03231	-0.455885	0.178671	0.769176	1.28802	1.65837	1.86725	1.90811	1.77005	1.51693	1.17426	0.775127	0.419468	0.184308	0.0662214	0.0197135	0.00493147	0.00105045	0.000192788	3.08026e-05	4.32335e-06	5.37307e-07	5.95416e-08	5.91962e-09	5.30918e-10	4.31672e-11	3.1959e-12	2.16312e-13	1.34335e-14	7.67991e-16	4.05408e-17	1.98155e-18	8.99084e-20	3.79581e-21	1.49439e-22	5.49742e-24	1.89324e-25	6.11455e-27	1.85501e-28	5.29434e-30	1.42359e-31	3.61113e-33	8.65235e-35	1.96051e-36	4.20561e-38	8.55001e-40	1.64895e-41	3.0196e-43	5.25501e-45	8.6983e-47	1.37046e-48	2.05677e-50	2.94232e-52	4.01474e-54	5.22823e-56	6.50172e-58	7.72525e-60	8.77458e-62	9.53181e-64	9.90723e-66	9.85597e-68	0	
0	1.43601e-06	1.119e-05	7.59403e-05	0.000450039	0.00230583	0.0100967	0.0372926	0.114541	0.288427	0.589261	0.978319	1.35568	1.65471	1.85702	1.91186	1.79189	1.50932	1.07029	0.523802	-0.0872611	-0.689261	-1.23384	-1.64564	-1.89361	-1.96668	-1.85568	-1.6566	-1.43471	-1.24894	-1.21096	-1.35047	-1.57012	-1.78077	-1.94016	-1.94619	-1.76266	-1.42034	-0.914744	-0.335793	0.286877	0.858667	1.35291	1.69654	1.88486	1.90174	1.74718	1.4858	1.13721	0.739103	0.393079	0.169697	0.0599301	0.0175449	0.00431828	0.000905398	0.00016362	2.57501e-05	3.56112e-06	4.36211e-07	4.76579e-08	4.67281e-09	4.1344e-10	3.31719e-11	2.42421e-12	1.62012e-13	9.93738e-15	5.61279e-16	2.92805e-17	1.41473e-18	6.34698e-20	2.65023e-21	1.0322e-22	3.75742e-24	1.28076e-25	4.09505e-27	1.23018e-28	3.47742e-30	9.26275e-32	2.32807e-33	5.52801e-35	1.24155e-36	2.64036e-38	5.32247e-40	1.01797e-41	1.84898e-43	3.19209e-45	5.24226e-47	8.19585e-49	1.22072e-50	1.73332e-52	2.34779e-54	3.03545e-56	3.74811e-58	4.42244e-60	4.98869e-62	5.3826e-64	5.55736e-66	5.49234e-68	0	
0	1.06213e-06	8.43459e-06	5.84059e-05	0.000353522	0.00185214	0.00830391	0.0314507	0.0992062	0.256882	0.539812	0.919916	1.30123	1.61099	1.83254	1.91727	1.83001	1.58905	1.18651	0.67588	0.0907416	-0.504653	-1.05453	-1.49766	-1.80744	-1.95366	-1.95129	-1.84078	-1.68448	-1.55269	-1.52585	-1.62553	-1.78077	-1.9149	-1.97102	-1.8846	-1.63952	-1.24697	-0.733104	-0.150003	0.448011	0.992871	1.44668	1.75037	1.90461	1.88612	1.70981	1.43614	1.07888	0.684107	0.354065	0.148708	0.0511224	0.0145808	0.00349915	0.00071589	0.000126328	1.94257e-05	2.62648e-06	3.14708e-07	3.36502e-08	3.23056e-09	2.79995e-10	2.20154e-11	1.57729e-12	1.03379e-13	6.22081e-15	3.44812e-16	1.76579e-17	8.37743e-19	3.69143e-20	1.51428e-21	5.79533e-23	2.07339e-24	6.94741e-26	2.184e-27	6.45165e-29	1.79362e-30	4.69943e-32	1.16195e-33	2.71449e-35	5.99871e-37	1.25535e-38	2.49034e-40	4.68763e-42	8.37998e-44	1.42396e-45	2.30181e-47	3.54229e-49	5.19338e-51	7.25873e-53	9.67806e-55	1.23166e-56	1.49697e-58	1.73853e-60	1.93023e-62	2.04972e-64	2.08271e-66	2.02557e-68	0	
0	7.0078e-07	5.7095e-06	4.06311e-05	0.000253087	0.0013666	0.00632586	0.0247845	0.0810385	0.217915	0.475934	0.841302	1.22593	1.54811	1.79071	1.91534	1.8722	1.67901	1.33347	0.867273	0.320143	-0.253057	-0.799477	-1.27109	-1.63424	-1.86046	-1.95926	-1.96136	-1.89887	-1.84017	-1.82918	-1.87241	-1.94016	-1.97102	-1.91404	-1.74196	-1.43009	-1.00057	-0.475861	0.0894236	0.657045	1.15775	1.55958	1.81248	1.91792	1.85713	1.65567	1.36574	0.998828	0.612034	0.305154	0.123429	0.0408997	0.011258	0.00261087	0.000516827	8.83424e-05	1.31723e-05	1.72854e-06	2.01187e-07	2.09123e-08	1.95308e-09	1.64778e-10	1.26194e-11	8.81103e-13	5.63077e-14	3.30529e-15	1.78797e-16	8.93941e-18	4.14225e-19	1.78332e-20	7.14974e-22	2.67514e-23	9.35963e-25	3.06778e-26	9.43594e-28	2.72794e-29	7.42372e-31	1.90436e-32	4.61086e-34	1.055e-35	2.28381e-37	4.6824e-39	9.10166e-41	1.67891e-42	2.94157e-44	4.89937e-46	7.76347e-48	1.17125e-49	1.68355e-51	2.30713e-53	3.0162e-55	3.76392e-57	4.48595e-59	5.10887e-61	5.56239e-63	5.79242e-65	5.77172e-67	5.5047e-69	0	
0	4.1029e-07	3.45192e-06	2.54214e-05	0.000164147	0.00092059	0.00443561	0.0181334	0.0620268	0.174913	0.401192	0.743711	1.12838	1.46491	1.72851	1.89442	1.90649	1.77299	1.49331	1.08487	0.594671	0.0563739	-0.47586	-0.962688	-1.36131	-1.65524	-1.84076	-1.93038	-1.95042	-1.9349	-1.9292	-1.94667	-1.94619	-1.8846	-1.74196	-1.49371	-1.13232	-0.68082	-0.158733	0.381358	0.896678	1.34246	1.67844	1.86875	1.91906	1.81036	1.58027	1.27218	0.897762	0.526093	0.24999	0.0963663	0.030476	0.00802142	0.00178223	0.000338614	5.56456e-05	7.98877e-06	1.01075e-06	1.13564e-07	1.14079e-08	1.03068e-09	8.41996e-11	6.24923e-12	4.23186e-13	2.62485e-14	1.49647e-15	7.86708e-17	3.82479e-18	1.7243e-19	7.22611e-21	2.82142e-22	1.02853e-23	3.5075e-25	1.12099e-26	3.36322e-28	9.48733e-30	2.52003e-31	6.31155e-33	1.49243e-34	3.33579e-36	7.05575e-38	1.4138e-39	2.68637e-41	4.84489e-43	8.30086e-45	1.35221e-46	2.09597e-48	3.09361e-50	4.35095e-52	5.83477e-54	7.46532e-56	9.11817e-58	1.06374e-59	1.18591e-61	1.26403e-63	1.2887e-65	1.25721e-67	1.17398e-69	0	
0	2.11903e-07	1.85227e-06	1.42084e-05	9.5762e-05	0.000561904	0.00284015	0.0122166	0.0441089	0.131709	0.320612	0.630409	1.00763	1.35806	1.64266	1.84979	1.92247	1.85195	1.65022	1.31521	0.892034	0.402593	-0.0952557	-0.571011	-0.988144	-1.32194	-1.56674	-1.72194	-1.80652	-1.85005	-1.8578	-1.82849	-1.76266	-1.63952	-1.43009	-1.13232	-0.745872	-0.289916	0.202583	0.701087	1.15616	1.52896	1.78929	1.9105	1.89724	1.73787	1.48037	1.15466	0.777866	0.430879	0.192942	0.0701397	0.0209666	0.00523038	0.0011044	0.000199909	3.13696e-05	4.30919e-06	5.22628e-07	5.63825e-08	5.44639e-09	4.73825e-10	3.73188e-11	2.67335e-12	1.74913e-13	1.04922e-14	5.79007e-16	2.9487e-17	1.3898e-18	6.07834e-20	2.47277e-21	9.37806e-23	3.32255e-24	1.10176e-25	3.4256e-27	1.00031e-28	2.74757e-30	7.109e-32	1.73499e-33	3.99908e-35	8.71591e-37	1.79819e-38	3.51543e-40	6.5188e-42	1.14763e-43	1.91979e-45	3.05407e-47	4.62388e-49	6.66729e-51	9.16223e-53	1.20071e-54	1.50147e-56	1.79259e-58	2.04438e-60	2.22829e-62	2.32224e-64	2.31505e-66	2.20852e-68	2.01679e-70	0	
0	9.59792e-08	8.76345e-07	7.04251e-06	4.98508e-05	0.000308079	0.00164531	0.00750435	0.0288435	0.0920518	0.240296	0.507091	0.865133	1.22558	1.52962	1.77197	1.90832	1.90783	1.78712	1.53519	1.18938	0.773504	0.327841	-0.122742	-0.529517	-0.882107	-1.15869	-1.35863	-1.48757	-1.54875	-1.55759	-1.51905	-1.42034	-1.24697	-1.00057	-0.68082	-0.289916	0.144748	0.59751	1.03044	1.40563	1.70186	1.87457	1.92263	1.84325	1.63575	1.35419	1.01332	0.643299	0.332565	0.138724	0.0470748	0.0131811	0.00309148	0.000615899	0.000105529	1.57202e-05	2.05532e-06	2.37799e-07	2.45239e-08	2.26875e-09	1.89345e-10	1.43277e-11	9.87449e-13	6.22347e-14	3.6002e-15	1.918e-16	9.43882e-18	4.30276e-19	1.82158e-20	7.17862e-22	2.6392e-23	9.0702e-25	2.91933e-26	8.81507e-28	2.50118e-29	6.67875e-31	1.68069e-32	3.99109e-34	8.95455e-36	1.9004e-37	3.81912e-39	7.27514e-41	1.3149e-42	2.25688e-44	3.68174e-46	5.71309e-48	8.4389e-50	1.18741e-51	1.59259e-53	2.03734e-55	2.48732e-57	2.89963e-59	3.22939e-61	3.43773e-63	3.49938e-65	3.40768e-67	3.17572e-69	2.83314e-71	0	
