0	0	0	0	0	0	0	0	0	0	0	0	0	0	0	0	0	0	0	0	0	0	0	0	0	0	0	0	0	0	0	0	0	0	0	0	0	0	0	0	0	0	0	0	0	0	0	0	0	0	0	0	0	0	0	0	0	0	0	0	0	0	0	0	0	0	0	0	0	0	0	0	0	0	0	0	0	0	0	0	0	0	0	0	0	0	0	0	0	0	0	0	0	0	0	0	0	0	0	0	
0	0.0448285	0.0918244	0.140963	0.18818	0.225867	0.241296	0.226536	0.182621	0.118329	0.04197	-0.0358906	-0.104413	-0.158599	-0.199295	-0.226336	-0.236191	-0.230148	-0.212707	-0.190527	-0.171925	-0.161254	-0.157922	-0.15768	-0.157606	-0.153324	-0.139649	-0.12085	-0.100993	-0.0837981	-0.0706184	-0.0599559	-0.0508186	-0.0400046	-0.0269624	-0.0124357	0.0026126	0.0171605	0.0317241	0.0468872	0.0615459	0.0732868	0.0804575	0.0878187	0.10254	0.125788	0.160872	0.207205	0.262963	0.32123	0.372699	0.409427	0.428049	0.426836	0.406096	0.370091	0.326808	0.278422	0.225312	0.166806	0.1019	0.0332649	-0.0365078	-0.104307	-0.160776	-0.202066	-0.225578	-0.231068	-0.223032	-0.206179	-0.184428	-0.160522	-0.13365	-0.100718	-0.062287	-0.0236967	0.0145617	0.0523894	0.086592	0.122189	0.160001	0.200801	0.240571	0.272977	0.298589	0.314276	0.323021	0.328767	0.331331	0.329168	0.318975	0.300655	0.274772	0.243494	0.21134	0.178256	0.141462	0.099952	0.0522891	0	
0	0.0918244	0.183883	0.27618	0.359842	0.426603	0.452345	0.426748	0.348738	0.233382	0.0930299	-0.0555638	-0.188062	-0.295782	-0.374561	-0.426818	-0.444929	-0.435027	-0.405725	-0.368383	-0.334232	-0.310197	-0.293598	-0.281646	-0.273108	-0.262043	-0.23974	-0.208394	-0.174026	-0.141828	-0.113939	-0.092596	-0.074844	-0.0549656	-0.0318256	-0.00275723	0.0264408	0.0537313	0.0784608	0.10115	0.121559	0.140271	0.151279	0.168057	0.19789	0.242292	0.303389	0.384779	0.481615	0.58851	0.687981	0.764595	0.809283	0.816747	0.782416	0.712726	0.627162	0.528107	0.420148	0.30712	0.186997	0.063506	-0.0584489	-0.175887	-0.277994	-0.357648	-0.406884	-0.427185	-0.423406	-0.400534	-0.358389	-0.304853	-0.244846	-0.174857	-0.0996652	-0.0263051	0.040717	0.104921	0.164359	0.226184	0.293809	0.366794	0.440226	0.501039	0.550053	0.583327	0.597878	0.60207	0.599784	0.587011	0.565019	0.536514	0.496201	0.445499	0.389416	0.324334	0.251157	0.173121	0.0878943	0	
0	0.140963	0.27618	0.400712	0.508137	0.589562	0.622411	0.591701	0.497617	0.353723	0.170071	-0.0318351	-0.220217	-0.374334	-0.48961	-0.564624	-0.593528	-0.585715	-0.554756	-0.51161	-0.467437	-0.42565	-0.386312	-0.349536	-0.322744	-0.303279	-0.27515	-0.239715	-0.197399	-0.153051	-0.112542	-0.0778768	-0.0504038	-0.0214957	0.012622	0.051108	0.0887708	0.118837	0.140689	0.158435	0.175806	0.193505	0.209606	0.234472	0.27969	0.339642	0.418891	0.519484	0.645023	0.78683	0.925209	1.0379	1.10995	1.12897	1.08793	0.9955	0.87511	0.73655	0.586538	0.429016	0.264751	0.102525	-0.0539825	-0.204225	-0.332946	-0.438515	-0.516724	-0.562179	-0.574898	-0.553724	-0.499654	-0.421507	-0.32719	-0.221081	-0.113192	-0.0184853	0.067363	0.151716	0.228427	0.308834	0.391493	0.478642	0.565042	0.639634	0.706641	0.75261	0.775219	0.778834	0.765059	0.739341	0.70499	0.667138	0.621528	0.56185	0.490157	0.404516	0.306203	0.204796	0.10247	0	
0	0.18818	0.359842	0.508137	0.625451	0.714735	0.75204	0.728146	0.637636	0.491698	0.293584	0.0616795	-0.161125	-0.351802	-0.497026	-0.599026	-0.646454	-0.653286	-0.631864	-0.592515	-0.540945	-0.481947	-0.414632	-0.347913	-0.29742	-0.262984	-0.228293	-0.188163	-0.142302	-0.0934954	-0.0445392	-0.00215688	0.034954	0.0743922	0.115059	0.158312	0.190936	0.209211	0.215947	0.219595	0.22729	0.244147	0.258935	0.290137	0.343641	0.415495	0.506097	0.623884	0.767045	0.93146	1.09083	1.22003	1.30287	1.32936	1.28904	1.18958	1.06225	0.908241	0.734199	0.54877	0.354331	0.162984	-0.01545	-0.181039	-0.325604	-0.44956	-0.54586	-0.613067	-0.647677	-0.642411	-0.587435	-0.496309	-0.385992	-0.261443	-0.136336	-0.0224255	0.0797149	0.180546	0.273341	0.362527	0.447291	0.528742	0.606508	0.670627	0.731519	0.781124	0.806465	0.813496	0.804663	0.775359	0.734559	0.691034	0.636016	0.568663	0.493302	0.40373	0.304178	0.204052	0.101191	0	
0	0.225867	0.426603	0.589562	0.714735	0.808931	0.858127	0.850472	0.782017	0.656886	0.470304	0.238567	0.00362496	-0.2048	-0.377405	-0.510353	-0.58968	-0.622181	-0.618944	-0.584764	-0.527593	-0.450416	-0.359355	-0.265316	-0.190936	-0.140271	-0.0931009	-0.0480489	-0.00178595	0.045417	0.0911245	0.135361	0.176004	0.219646	0.262925	0.298179	0.315723	0.312034	0.296506	0.284107	0.284107	0.296375	0.311929	0.342231	0.401093	0.478879	0.579006	0.704234	0.857421	1.02715	1.18781	1.31386	1.39365	1.41998	1.38429	1.29576	1.17883	1.03404	0.861597	0.666064	0.453407	0.246653	0.0571574	-0.116244	-0.261502	-0.387969	-0.496949	-0.582444	-0.637052	-0.648876	-0.609511	-0.530007	-0.423911	-0.298792	-0.16726	-0.0473539	0.0661849	0.180903	0.279569	0.368271	0.439757	0.499178	0.549192	0.585607	0.626706	0.661924	0.686644	0.703362	0.706053	0.690605	0.656359	0.610675	0.552945	0.484396	0.41546	0.342907	0.263246	0.181346	0.092687	0	
0	0.241296	0.452345	0.622411	0.75204	0.858127	0.924857	0.945257	0.911038	0.82482	0.675037	0.470439	0.25279	0.043831	-0.145617	-0.313175	-0.430055	-0.496504	-0.513528	-0.487844	-0.42515	-0.336752	-0.228133	-0.114795	-0.0220697	0.0455356	0.103968	0.155997	0.20204	0.242123	0.27983	0.312792	0.343594	0.378184	0.408537	0.431147	0.430518	0.408196	0.375834	0.349311	0.337903	0.343696	0.350344	0.379272	0.439154	0.523389	0.626858	0.753949	0.900803	1.06059	1.20625	1.31742	1.38667	1.41333	1.388	1.31446	1.22045	1.09515	0.936647	0.751912	0.549249	0.350562	0.171207	0.00966976	-0.130295	-0.25838	-0.372274	-0.469976	-0.545968	-0.586068	-0.574599	-0.522003	-0.441143	-0.33213	-0.206389	-0.0829155	0.0317716	0.141144	0.227897	0.293912	0.33978	0.373387	0.397267	0.405508	0.419277	0.43697	0.450888	0.470181	0.490353	0.492758	0.477023	0.447839	0.400599	0.345319	0.294652	0.243867	0.190465	0.135202	0.0699765	0	
0	0.226536	0.426748	0.591701	0.728146	0.850472	0.945257	1.00045	1.01037	0.974524	0.877036	0.720354	0.537257	0.34478	0.146233	-0.0486096	-0.202499	-0.300358	-0.341377	-0.326628	-0.268241	-0.1755	-0.0599531	0.0638355	0.167048	0.242036	0.306809	0.36248	0.409322	0.447426	0.474746	0.491867	0.499718	0.50899	0.518083	0.521439	0.507087	0.471721	0.425467	0.38491	0.360035	0.353202	0.354725	0.380977	0.44601	0.533271	0.634863	0.75032	0.880955	1.02014	1.14749	1.24344	1.30394	1.32967	1.30845	1.24745	1.17018	1.07065	0.944526	0.796017	0.629345	0.469092	0.323139	0.183676	0.0581466	-0.0657708	-0.188013	-0.303905	-0.404958	-0.476891	-0.503472	-0.488687	-0.437255	-0.348258	-0.234083	-0.122216	-0.0227502	0.0634797	0.116594	0.147947	0.159163	0.161909	0.161313	0.150563	0.151064	0.157231	0.165235	0.183199	0.205113	0.219109	0.221894	0.217408	0.20099	0.174363	0.148875	0.120465	0.0888092	0.0609366	0.0300761	0	
0	0.182621	0.348738	0.497617	0.637636	0.782017	0.911038	1.01037	1.07183	1.09409	1.05616	0.953523	0.812311	0.642477	0.446021	0.233544	0.0540002	-0.0741301	-0.141305	-0.151709	-0.109217	-0.0264059	0.0878563	0.214425	0.32063	0.39816	0.46478	0.525284	0.579148	0.619073	0.640392	0.636488	0.61455	0.591685	0.571744	0.555034	0.524286	0.474969	0.415246	0.360899	0.325456	0.313469	0.312723	0.343116	0.409964	0.496946	0.588839	0.686765	0.794655	0.911891	1.01834	1.09849	1.14718	1.16613	1.14606	1.0918	1.03422	0.966409	0.885658	0.792837	0.689124	0.585976	0.486158	0.38076	0.270722	0.147215	0.0150465	-0.119053	-0.249619	-0.358017	-0.42226	-0.442086	-0.419379	-0.352236	-0.254861	-0.161569	-0.088581	-0.0354956	-0.0174009	-0.0250323	-0.0495188	-0.0745475	-0.097375	-0.123568	-0.133417	-0.132746	-0.131844	-0.121845	-0.10361	-0.0883441	-0.0700113	-0.0462127	-0.0282687	-0.0180452	-0.0133723	-0.0167324	-0.0230603	-0.0217111	-0.0140145	0	
0	0.118329	0.233382	0.353723	0.491698	0.656886	0.82482	0.974524	1.09409	1.17562	1.19369	1.13779	1.03195	0.884993	0.697466	0.482495	0.287294	0.136675	0.0366472	-0.00692164	0.00413765	0.0664248	0.168393	0.289768	0.394233	0.472374	0.542315	0.611372	0.673602	0.718536	0.732544	0.711418	0.663879	0.6134	0.567367	0.524739	0.46961	0.397946	0.321212	0.260465	0.227151	0.223743	0.23434	0.269383	0.335825	0.412945	0.485971	0.560164	0.643045	0.735967	0.823128	0.885063	0.917589	0.926743	0.902252	0.857567	0.824432	0.800935	0.77918	0.75466	0.716943	0.674782	0.623553	0.549196	0.456676	0.337747	0.197979	0.0426498	-0.11544	-0.254815	-0.349064	-0.393329	-0.390445	-0.342785	-0.269308	-0.20202	-0.156064	-0.130588	-0.138443	-0.169284	-0.217767	-0.269877	-0.317086	-0.362897	-0.387928	-0.399334	-0.410182	-0.411271	-0.400987	-0.384976	-0.35598	-0.311421	-0.264514	-0.221425	-0.18019	-0.147363	-0.117837	-0.0814816	-0.0439182	0	
0	0.04197	0.0930299	0.170071	0.293584	0.470304	0.675037	0.877036	1.05616	1.19369	1.25719	1.2368	1.15697	1.03237	0.862492	0.657173	0.460951	0.293357	0.165619	0.08356	0.0576736	0.0873115	0.165257	0.270877	0.368602	0.447016	0.522242	0.597121	0.664254	0.707063	0.714744	0.68207	0.623028	0.557971	0.493926	0.427375	0.345227	0.249961	0.161224	0.100784	0.0811853	0.0942093	0.118571	0.159415	0.218589	0.279502	0.329107	0.373713	0.428379	0.497068	0.561782	0.605899	0.623937	0.621792	0.598373	0.568661	0.567119	0.592465	0.63459	0.677732	0.707516	0.72151	0.712526	0.670787	0.595939	0.481374	0.332612	0.162381	-0.0171849	-0.17718	-0.288254	-0.346895	-0.358336	-0.330631	-0.278752	-0.235987	-0.212901	-0.203775	-0.222258	-0.265558	-0.328644	-0.39464	-0.45911	-0.523537	-0.570614	-0.605664	-0.636113	-0.650843	-0.645807	-0.627095	-0.589952	-0.535845	-0.474328	-0.407401	-0.335383	-0.262387	-0.191833	-0.12326	-0.0601886	0	
0	-0.0358906	-0.0555638	-0.0318351	0.0616795	0.238567	0.470439	0.720354	0.953523	1.13779	1.2368	1.24127	1.18361	1.08163	0.934767	0.748786	0.559057	0.386501	0.237524	0.123866	0.0579964	0.0471025	0.0886487	0.167508	0.250348	0.324815	0.39744	0.47096	0.533023	0.571341	0.574598	0.540971	0.480889	0.413521	0.340792	0.260819	0.163707	0.0584625	-0.032131	-0.0826577	-0.0886586	-0.0602357	-0.0250953	0.0157699	0.0651247	0.107397	0.129946	0.14712	0.175523	0.22141	0.270452	0.300225	0.304967	0.296331	0.274917	0.262562	0.294855	0.37067	0.470599	0.57454	0.66046	0.724711	0.75819	0.746852	0.689752	0.578973	0.422598	0.232854	0.0351431	-0.13708	-0.255244	-0.316445	-0.333327	-0.316348	-0.283487	-0.256901	-0.245781	-0.248543	-0.27346	-0.319397	-0.38156	-0.449701	-0.520881	-0.597908	-0.665088	-0.720319	-0.768357	-0.793588	-0.792502	-0.776743	-0.742697	-0.690697	-0.627551	-0.549575	-0.455654	-0.356521	-0.256871	-0.161248	-0.0788776	0	
0	-0.104413	-0.188062	-0.220217	-0.161125	0.00362496	0.25279	0.537257	0.812311	1.03195	1.15697	1.18361	1.1455	1.0657	0.940197	0.772487	0.593263	0.420798	0.26079	0.121454	0.018361	-0.0354379	-0.0348892	0.0101119	0.0703813	0.127668	0.186187	0.245894	0.299659	0.334738	0.339806	0.308427	0.252052	0.184609	0.114207	0.0359318	-0.0556499	-0.152994	-0.23183	-0.27123	-0.263425	-0.226495	-0.184152	-0.142578	-0.100591	-0.0721258	-0.0657993	-0.0697163	-0.0605044	-0.0301617	0.0038612	0.0218512	0.0187165	0.00512992	-0.00947785	-0.000901698	0.0602833	0.173123	0.317242	0.464895	0.595315	0.700889	0.769904	0.788223	0.745166	0.632675	0.460126	0.25333	0.0406755	-0.139531	-0.258277	-0.317426	-0.331469	-0.315285	-0.281538	-0.257015	-0.251758	-0.259381	-0.286197	-0.330679	-0.387636	-0.44794	-0.514767	-0.592925	-0.668706	-0.736049	-0.791497	-0.823823	-0.832151	-0.824479	-0.79995	-0.75726	-0.697401	-0.619544	-0.525707	-0.422121	-0.315009	-0.207689	-0.103241	0	
0	-0.158599	-0.295782	-0.374334	-0.351802	-0.2048	0.043831	0.34478	0.642477	0.884993	1.03237	1.08163	1.0657	1.00581	0.897961	0.746607	0.578387	0.411508	0.246663	0.0888765	-0.0442917	-0.134765	-0.171196	-0.161598	-0.134638	-0.106828	-0.0759437	-0.0340702	0.0130274	0.0501381	0.0585091	0.0283166	-0.0302533	-0.0963645	-0.161317	-0.226357	-0.299919	-0.376226	-0.435009	-0.454392	-0.432685	-0.385041	-0.336781	-0.294641	-0.256442	-0.232251	-0.231472	-0.239678	-0.236175	-0.214987	-0.190525	-0.184433	-0.198238	-0.21611	-0.223318	-0.197096	-0.111213	0.0305419	0.201201	0.374542	0.532228	0.665134	0.759197	0.795368	0.759291	0.643727	0.462637	0.243212	0.0227527	-0.160075	-0.281941	-0.34056	-0.35033	-0.324772	-0.283895	-0.250364	-0.235955	-0.24114	-0.262871	-0.300114	-0.34579	-0.397056	-0.459859	-0.53333	-0.604829	-0.666623	-0.719451	-0.755297	-0.773045	-0.779117	-0.766837	-0.734003	-0.684806	-0.61788	-0.536847	-0.447052	-0.346244	-0.236199	-0.121264	0	
0	-0.199295	-0.374561	-0.48961	-0.497026	-0.377405	-0.145617	0.146233	0.446021	0.697466	0.862492	0.934767	0.940197	0.897961	0.805325	0.671135	0.517527	0.362439	0.200908	0.0384933	-0.108615	-0.21795	-0.279285	-0.303774	-0.315492	-0.328153	-0.331563	-0.312723	-0.277131	-0.244464	-0.24087	-0.277036	-0.336853	-0.399973	-0.450933	-0.497235	-0.545985	-0.595519	-0.626782	-0.622933	-0.581724	-0.524721	-0.470071	-0.426519	-0.387556	-0.360869	-0.35231	-0.353106	-0.344662	-0.321812	-0.30179	-0.302633	-0.322275	-0.343707	-0.348043	-0.30973	-0.212704	-0.0597336	0.124008	0.310488	0.481761	0.625944	0.727846	0.768119	0.731324	0.615782	0.4377	0.226618	0.0135929	-0.167747	-0.292259	-0.354553	-0.364553	-0.334197	-0.280988	-0.231188	-0.202167	-0.193591	-0.203821	-0.234524	-0.279346	-0.332332	-0.389854	-0.447975	-0.499254	-0.541996	-0.580644	-0.613821	-0.638829	-0.652208	-0.650313	-0.631451	-0.598653	-0.554543	-0.498566	-0.429262	-0.343203	-0.240587	-0.124466	0	
0	-0.226336	-0.426818	-0.564624	-0.599026	-0.510353	-0.313175	-0.0486096	0.233544	0.482495	0.657173	0.748786	0.772487	0.746607	0.671135	0.557743	0.424873	0.286667	0.140268	-0.0119778	-0.153081	-0.265496	-0.342269	-0.396993	-0.447169	-0.498186	-0.534662	-0.543729	-0.529134	-0.51567	-0.527598	-0.573168	-0.634288	-0.688912	-0.724924	-0.750113	-0.77195	-0.790181	-0.788564	-0.754251	-0.690839	-0.620177	-0.559811	-0.515147	-0.47804	-0.45038	-0.43386	-0.422207	-0.398842	-0.362893	-0.33294	-0.329218	-0.346742	-0.371981	-0.376851	-0.339241	-0.244545	-0.0943213	0.0857405	0.267953	0.437411	0.578565	0.674925	0.712839	0.678326	0.573321	0.411093	0.216475	0.0171947	-0.156218	-0.2809	-0.344647	-0.352515	-0.315522	-0.256034	-0.196947	-0.152859	-0.131172	-0.131566	-0.159908	-0.205296	-0.256992	-0.307521	-0.34491	-0.369339	-0.38763	-0.406125	-0.428839	-0.452576	-0.471841	-0.484141	-0.485519	-0.47642	-0.454301	-0.417414	-0.365077	-0.293786	-0.207095	-0.107361	0	
0	-0.236191	-0.444929	-0.593528	-0.646454	-0.58968	-0.430055	-0.202499	0.0540002	0.287294	0.460951	0.559057	0.593263	0.578387	0.517527	0.424873	0.310945	0.194211	0.069441	-0.0584788	-0.182478	-0.289875	-0.376305	-0.454551	-0.532459	-0.610699	-0.67659	-0.716542	-0.73604	-0.751328	-0.785286	-0.84068	-0.899389	-0.943513	-0.960641	-0.962221	-0.954812	-0.940348	-0.906979	-0.844289	-0.758306	-0.673706	-0.602645	-0.55371	-0.514906	-0.484703	-0.460693	-0.436085	-0.398458	-0.347748	-0.303615	-0.285409	-0.290459	-0.305703	-0.307157	-0.271198	-0.189638	-0.060109	0.0960007	0.255575	0.405435	0.528636	0.61444	0.647696	0.61795	0.526625	0.382391	0.202832	0.014724	-0.150155	-0.266846	-0.319435	-0.316557	-0.27054	-0.205477	-0.138744	-0.0865686	-0.0600988	-0.057904	-0.0838043	-0.122964	-0.163764	-0.194737	-0.210675	-0.218534	-0.224377	-0.23162	-0.24343	-0.260836	-0.279513	-0.301418	-0.320216	-0.329435	-0.325378	-0.304441	-0.267461	-0.215258	-0.151836	-0.0780976	0	
0	-0.230148	-0.435027	-0.585715	-0.653286	-0.622181	-0.496504	-0.300358	-0.0741301	0.136675	0.293357	0.386501	0.420798	0.411508	0.362439	0.286667	0.194211	0.100977	0.00657963	-0.0922905	-0.197075	-0.299558	-0.393056	-0.485784	-0.579244	-0.677337	-0.767064	-0.841224	-0.893199	-0.937341	-0.989033	-1.05143	-1.10633	-1.13781	-1.13485	-1.11145	-1.07492	-1.0317	-0.970056	-0.883907	-0.778642	-0.679125	-0.597823	-0.539242	-0.493466	-0.457878	-0.423161	-0.389669	-0.345322	-0.287649	-0.235088	-0.205099	-0.190319	-0.192782	-0.184478	-0.148315	-0.0798147	0.0255687	0.152301	0.27912	0.396843	0.492379	0.556062	0.582884	0.557243	0.477317	0.344727	0.177672	0.00272017	-0.148637	-0.248059	-0.284416	-0.267735	-0.210694	-0.137493	-0.0659431	-0.0109354	0.0172437	0.0207362	0.00203093	-0.0203786	-0.0397663	-0.0538574	-0.0591733	-0.0649494	-0.0739563	-0.076701	-0.0820132	-0.0928928	-0.104451	-0.126898	-0.149546	-0.166849	-0.176034	-0.16967	-0.150431	-0.11968	-0.0827675	-0.041141	0	
0	-0.212707	-0.405725	-0.554756	-0.631864	-0.618944	-0.513528	-0.341377	-0.141305	0.0366472	0.165619	0.237524	0.26079	0.246663	0.200908	0.140268	0.069441	0.00657963	-0.0542297	-0.121724	-0.205596	-0.298596	-0.387969	-0.482466	-0.584418	-0.697836	-0.813663	-0.917436	-1.00019	-1.06723	-1.13531	-1.20296	-1.25289	-1.26925	-1.24338	-1.19242	-1.12617	-1.05235	-0.965491	-0.859012	-0.740916	-0.634661	-0.544492	-0.476119	-0.419167	-0.372174	-0.33028	-0.293399	-0.251385	-0.198744	-0.146801	-0.108241	-0.0835355	-0.0756853	-0.0635777	-0.0297728	0.0292984	0.119462	0.223865	0.323261	0.411995	0.475644	0.515654	0.523545	0.49083	0.413599	0.289514	0.133233	-0.0233139	-0.147705	-0.224657	-0.241197	-0.207349	-0.134417	-0.0515779	0.0283279	0.0916264	0.121322	0.126133	0.114583	0.103117	0.0903905	0.076806	0.0661714	0.0546961	0.0435718	0.0419984	0.043653	0.042212	0.043671	0.037823	0.0271434	0.0138735	-0.00253246	-0.0150723	-0.0198745	-0.01814	-0.0138024	-0.00476985	0	
0	-0.190527	-0.368383	-0.51161	-0.592515	-0.584764	-0.487844	-0.326628	-0.151709	-0.00692164	0.08356	0.123866	0.121454	0.0888765	0.0384933	-0.0119778	-0.0584788	-0.0922905	-0.121724	-0.159346	-0.219087	-0.290416	-0.362864	-0.450194	-0.556674	-0.687343	-0.823635	-0.953165	-1.05813	-1.14498	-1.22491	-1.29503	-1.33708	-1.33762	-1.29052	-1.2134	-1.1162	-1.01176	-0.897321	-0.773602	-0.646236	-0.532409	-0.435776	-0.355996	-0.289969	-0.243224	-0.203546	-0.173588	-0.141388	-0.0939466	-0.0439495	-0.00782289	0.018404	0.0186763	0.0214374	0.0485014	0.102104	0.183909	0.277327	0.36104	0.426531	0.467796	0.486145	0.480821	0.436209	0.347946	0.219241	0.071555	-0.0655493	-0.16724	-0.211402	-0.195558	-0.134097	-0.0360825	0.0684382	0.159903	0.223725	0.254135	0.258998	0.247662	0.23108	0.20349	0.171486	0.147711	0.131066	0.120503	0.128052	0.138457	0.148671	0.168809	0.180038	0.190112	0.192788	0.179948	0.1623	0.13549	0.102266	0.0676484	0.0348274	0	
0	-0.171925	-0.334232	-0.467437	-0.540945	-0.527593	-0.42515	-0.268241	-0.109217	0.00413765	0.0576736	0.0579964	0.018361	-0.0442917	-0.108615	-0.153081	-0.182478	-0.197075	-0.205596	-0.219087	-0.249235	-0.291341	-0.339797	-0.41698	-0.528392	-0.67088	-0.822715	-0.968644	-1.09099	-1.18996	-1.27361	-1.3364	-1.36396	-1.34643	-1.27843	-1.17674	-1.05262	-0.921326	-0.787636	-0.650737	-0.512863	-0.389811	-0.281202	-0.193554	-0.129839	-0.0930602	-0.0680463	-0.0491734	-0.0231103	0.0183824	0.0599832	0.087677	0.0979123	0.0821267	0.0717072	0.0905944	0.140428	0.216959	0.299514	0.368934	0.425197	0.458879	0.473715	0.457831	0.400602	0.299568	0.157482	0.00091551	-0.130107	-0.205559	-0.219003	-0.165398	-0.0576379	0.0822297	0.209106	0.306697	0.373363	0.4013	0.3986	0.376583	0.343109	0.294541	0.242984	0.2056	0.184789	0.175814	0.188155	0.211135	0.236774	0.272608	0.302637	0.328912	0.348714	0.350644	0.333962	0.295802	0.233501	0.156718	0.081756	0	
0	-0.161254	-0.310197	-0.42565	-0.481947	-0.450416	-0.336752	-0.1755	-0.0264059	0.0664248	0.0873115	0.0471025	-0.0354379	-0.134765	-0.21795	-0.265496	-0.289875	-0.299558	-0.298596	-0.290416	-0.291341	-0.303241	-0.330625	-0.398656	-0.511278	-0.66057	-0.821055	-0.980177	-1.11468	-1.21896	-1.29538	-1.33894	-1.34137	-1.29488	-1.19938	-1.07107	-0.925323	-0.77983	-0.637097	-0.493547	-0.34926	-0.216433	-0.104613	-0.019438	0.0340245	0.053294	0.065415	0.078281	0.0981144	0.130817	0.158531	0.165373	0.158044	0.126243	0.102554	0.112428	0.153712	0.216898	0.286218	0.350315	0.405711	0.445667	0.464094	0.445684	0.375102	0.25304	0.0973436	-0.0598869	-0.182586	-0.244664	-0.226772	-0.132946	0.0107538	0.181454	0.333474	0.445476	0.515038	0.540995	0.526541	0.48541	0.430208	0.363062	0.30219	0.262451	0.240548	0.230454	0.247025	0.278067	0.317173	0.368184	0.409134	0.448486	0.476085	0.477823	0.460455	0.41255	0.333761	0.234989	0.123225	0	
0	-0.157922	-0.293598	-0.386312	-0.414632	-0.359355	-0.228133	-0.0599531	0.0878563	0.168393	0.165257	0.0886487	-0.0348892	-0.171196	-0.279285	-0.342269	-0.376305	-0.393056	-0.387969	-0.362864	-0.339797	-0.330625	-0.342664	-0.400416	-0.508084	-0.656486	-0.82073	-0.987392	-1.12908	-1.23253	-1.29466	-1.31095	-1.27546	-1.18901	-1.05778	-0.903121	-0.742666	-0.588976	-0.441736	-0.295842	-0.150156	-0.0224693	0.0777473	0.147274	0.181258	0.184115	0.184307	0.191138	0.206264	0.230492	0.243812	0.238034	0.216332	0.171196	0.132106	0.1239	0.147358	0.193392	0.252021	0.315223	0.379167	0.426374	0.444102	0.413754	0.330805	0.204291	0.0486098	-0.104922	-0.215577	-0.254163	-0.213057	-0.0988853	0.0675633	0.255967	0.419137	0.541695	0.625365	0.658896	0.635605	0.576329	0.502883	0.425644	0.362556	0.323742	0.306757	0.303526	0.323737	0.35759	0.397839	0.448876	0.49396	0.533548	0.556381	0.549025	0.519131	0.466445	0.383937	0.275761	0.149418	0	
0	-0.15768	-0.281646	-0.349536	-0.347913	-0.265316	-0.114795	0.0638355	0.214425	0.289768	0.270877	0.167508	0.0101119	-0.161598	-0.303774	-0.396993	-0.454551	-0.485784	-0.482466	-0.450194	-0.41698	-0.398656	-0.400416	-0.44384	-0.538728	-0.676353	-0.833076	-0.996023	-1.13575	-1.23371	-1.27849	-1.26096	-1.18213	-1.05113	-0.886171	-0.708999	-0.534163	-0.370769	-0.219407	-0.0774132	0.0526725	0.15825	0.232658	0.277761	0.292268	0.278895	0.267438	0.2696	0.282671	0.302268	0.310254	0.29743	0.268357	0.21535	0.162869	0.137153	0.143276	0.17427	0.223953	0.286306	0.350937	0.39818	0.411587	0.374565	0.286909	0.157949	0.00791963	-0.132248	-0.228192	-0.252042	-0.194061	-0.0671588	0.103049	0.295134	0.470866	0.607993	0.702858	0.741257	0.716541	0.656702	0.585346	0.510634	0.447576	0.409008	0.393711	0.39157	0.40988	0.437827	0.470091	0.510342	0.54346	0.570505	0.577816	0.55612	0.517685	0.457969	0.371463	0.264453	0.140844	0	
0	-0.157606	-0.273108	-0.322744	-0.29742	-0.190936	-0.0220697	0.167048	0.32063	0.394233	0.368602	0.250348	0.0703813	-0.134638	-0.315492	-0.447169	-0.532459	-0.579244	-0.584418	-0.556674	-0.528392	-0.511278	-0.508084	-0.538728	-0.617382	-0.734857	-0.870267	-1.01234	-1.13725	-1.21826	-1.23465	-1.17692	-1.05361	-0.886678	-0.698752	-0.504485	-0.317915	-0.147828	-0.000934948	0.121828	0.222991	0.297684	0.34118	0.361039	0.353794	0.324174	0.303062	0.305681	0.322388	0.34394	0.348311	0.329475	0.293404	0.235348	0.173716	0.137339	0.135426	0.159951	0.206031	0.268873	0.33205	0.374103	0.37947	0.337211	0.250372	0.127386	-0.0151647	-0.150405	-0.239864	-0.254094	-0.186542	-0.0545399	0.121033	0.320217	0.505205	0.651939	0.753442	0.800085	0.787168	0.741829	0.685751	0.622623	0.564432	0.522561	0.50025	0.491719	0.498114	0.512607	0.530799	0.547814	0.55201	0.548628	0.531504	0.496982	0.452958	0.390194	0.302852	0.204574	0.104998	0	
0	-0.153324	-0.262043	-0.303279	-0.262984	-0.140271	0.0455356	0.242036	0.39816	0.472374	0.447016	0.324815	0.127668	-0.106828	-0.328153	-0.498186	-0.610699	-0.677337	-0.697836	-0.687343	-0.67088	-0.66057	-0.656486	-0.676353	-0.734857	-0.821636	-0.918935	-1.02465	-1.11664	-1.16554	-1.14379	-1.04693	-0.89176	-0.705427	-0.503777	-0.299018	-0.10463	0.0632045	0.194106	0.28942	0.357791	0.395857	0.404775	0.391831	0.360427	0.320411	0.300197	0.311515	0.338341	0.35917	0.353682	0.324082	0.278674	0.215838	0.151276	0.112282	0.111605	0.142703	0.198514	0.266423	0.32978	0.368901	0.368529	0.319446	0.225765	0.0967089	-0.0509321	-0.184201	-0.268339	-0.275566	-0.205834	-0.0736275	0.110075	0.325581	0.533356	0.697075	0.811843	0.872395	0.876902	0.852315	0.813647	0.760799	0.702286	0.653374	0.616957	0.587727	0.572264	0.56774	0.564865	0.553051	0.524451	0.486272	0.440364	0.386501	0.329129	0.26492	0.190828	0.119743	0.0597739	0	
0	-0.139649	-0.23974	-0.27515	-0.228293	-0.0931009	0.103968	0.306809	0.46478	0.542315	0.522242	0.39744	0.186187	-0.0759437	-0.331563	-0.534662	-0.67659	-0.767064	-0.813663	-0.823635	-0.822715	-0.821055	-0.82073	-0.833076	-0.870267	-0.918935	-0.970559	-1.02308	-1.06499	-1.06452	-1.00006	-0.871734	-0.69924	-0.50424	-0.301095	-0.0969468	0.0893378	0.242423	0.35375	0.426575	0.466141	0.472632	0.446139	0.402094	0.353245	0.30832	0.289135	0.304352	0.329294	0.341229	0.326743	0.289604	0.240202	0.179094	0.112656	0.0739359	0.0818388	0.129594	0.201898	0.285245	0.35492	0.389653	0.376626	0.310849	0.198427	0.0504466	-0.106101	-0.243109	-0.3298	-0.339512	-0.26653	-0.121764	0.0796966	0.318228	0.551117	0.740848	0.880893	0.969594	1.00344	0.995012	0.962194	0.910737	0.849788	0.791047	0.736823	0.687241	0.642332	0.602212	0.561309	0.508768	0.448027	0.387644	0.321384	0.249597	0.183251	0.124553	0.0772992	0.0460565	0.0230264	0	
0	-0.12085	-0.208394	-0.239715	-0.188163	-0.0480489	0.155997	0.36248	0.525284	0.611372	0.597121	0.47096	0.245894	-0.0340702	-0.312723	-0.543729	-0.716542	-0.841224	-0.917436	-0.953165	-0.968644	-0.980177	-0.987392	-0.996023	-1.01234	-1.02465	-1.02308	-1.01234	-0.98773	-0.932034	-0.82761	-0.677748	-0.494858	-0.303095	-0.111024	0.0728969	0.238451	0.374473	0.472713	0.529693	0.54897	0.527392	0.475342	0.413066	0.353889	0.30528	0.27925	0.280831	0.29248	0.292706	0.269151	0.230237	0.184334	0.128212	0.0728527	0.0508602	0.0814919	0.15432	0.247745	0.336506	0.400788	0.425564	0.396745	0.311916	0.176048	0.00798167	-0.168337	-0.320542	-0.418059	-0.431806	-0.355267	-0.197188	0.0299784	0.294337	0.551566	0.765987	0.93526	1.05764	1.1238	1.13991	1.12338	1.07899	1.0124	0.938956	0.862034	0.783188	0.70109	0.614095	0.522932	0.428905	0.34178	0.263963	0.188062	0.115156	0.0553478	0.0166653	-0.00282517	-0.00717978	-0.00250769	0	
0	-0.100993	-0.174026	-0.197399	-0.142302	-0.00178595	0.20204	0.409322	0.579148	0.673602	0.664254	0.533023	0.299659	0.0130274	-0.277131	-0.529134	-0.73604	-0.893199	-1.00019	-1.05813	-1.09099	-1.11468	-1.12908	-1.13575	-1.13725	-1.11664	-1.06499	-0.98773	-0.900442	-0.795017	-0.658997	-0.489788	-0.302006	-0.121782	0.0442169	0.198203	0.34175	0.463187	0.548986	0.591386	0.591986	0.554553	0.495456	0.428577	0.369304	0.315312	0.273626	0.254853	0.247566	0.231708	0.200468	0.159809	0.118321	0.0807263	0.0517536	0.061851	0.122814	0.21976	0.320329	0.404249	0.458003	0.466163	0.418168	0.311568	0.153975	-0.0356594	-0.22724	-0.392296	-0.501779	-0.520245	-0.437338	-0.26191	-0.0197379	0.256936	0.528581	0.765235	0.962502	1.11357	1.21059	1.25259	1.25768	1.22831	1.16469	1.08043	0.981279	0.870156	0.74336	0.609459	0.477455	0.35198	0.24259	0.148476	0.0672914	0.00576022	-0.0317433	-0.0494712	-0.0525969	-0.0439154	-0.0249685	0	
0	-0.0837981	-0.141828	-0.153051	-0.0934954	0.045417	0.242123	0.447426	0.619073	0.718536	0.707063	0.571341	0.334738	0.0501381	-0.244464	-0.51567	-0.751328	-0.937341	-1.06723	-1.14498	-1.18996	-1.21896	-1.23253	-1.23371	-1.21826	-1.16554	-1.06452	-0.932034	-0.795017	-0.654025	-0.493467	-0.313718	-0.134241	0.0180443	0.148172	0.271919	0.394769	0.499737	0.568959	0.59612	0.587766	0.550183	0.496333	0.437049	0.380358	0.323393	0.272387	0.237284	0.215357	0.18848	0.148527	0.103215	0.0705699	0.0501011	0.0507039	0.091266	0.175184	0.284521	0.387909	0.464388	0.50497	0.49743	0.428866	0.303071	0.126536	-0.0757048	-0.276407	-0.448233	-0.559907	-0.575134	-0.482327	-0.297021	-0.0512606	0.225834	0.503559	0.756014	0.971034	1.14013	1.25894	1.31984	1.34126	1.32366	1.26371	1.17696	1.06325	0.925319	0.76789	0.604142	0.449244	0.305969	0.177409	0.0701745	-0.0107429	-0.0585997	-0.0782585	-0.0826504	-0.0756587	-0.0597431	-0.0337411	0	
0	-0.0706184	-0.113939	-0.112542	-0.0445392	0.0911245	0.27983	0.474746	0.640392	0.732544	0.714744	0.574598	0.339806	0.0585091	-0.24087	-0.527598	-0.785286	-0.989033	-1.13531	-1.22491	-1.27361	-1.29538	-1.29466	-1.27849	-1.23465	-1.14379	-1.00006	-0.82761	-0.658997	-0.493467	-0.321463	-0.150262	0.000569928	0.110937	0.203913	0.295542	0.392145	0.471203	0.518998	0.534371	0.526838	0.496804	0.458779	0.413936	0.371445	0.326561	0.280855	0.244305	0.216706	0.182231	0.133302	0.0835871	0.0524601	0.0447736	0.0629084	0.117898	0.205635	0.313638	0.412588	0.482361	0.517914	0.501281	0.422651	0.285074	0.0988074	-0.109638	-0.31487	-0.485936	-0.586944	-0.585418	-0.481862	-0.294642	-0.0508027	0.226528	0.507399	0.766869	0.986206	1.1546	1.27272	1.33501	1.35761	1.34029	1.28437	1.19844	1.07981	0.933228	0.768964	0.604134	0.44552	0.296859	0.163509	0.0547491	-0.0206613	-0.0650785	-0.0876158	-0.0921521	-0.080365	-0.0592457	-0.030415	0	
0	-0.0599559	-0.092596	-0.0778768	-0.00215688	0.135361	0.312792	0.491867	0.636488	0.711418	0.68207	0.540971	0.308427	0.0283166	-0.277036	-0.573168	-0.84068	-1.05143	-1.20296	-1.29503	-1.3364	-1.33894	-1.31095	-1.26096	-1.17692	-1.04693	-0.871734	-0.677748	-0.489788	-0.313718	-0.150262	-0.0076785	0.0986898	0.167136	0.220312	0.273347	0.332376	0.377917	0.402677	0.409989	0.405565	0.390798	0.37528	0.357101	0.343322	0.323795	0.3001	0.273726	0.250115	0.213956	0.161665	0.105311	0.0738459	0.0640265	0.0815399	0.128981	0.202139	0.298219	0.390227	0.457609	0.492304	0.473356	0.391162	0.254357	0.070679	-0.135743	-0.334832	-0.492771	-0.577098	-0.56135	-0.445464	-0.248207	-0.00346184	0.27231	0.550424	0.800827	1.00439	1.15386	1.2554	1.29909	1.30389	1.27739	1.21706	1.1336	1.0236	0.891292	0.753944	0.61247	0.467211	0.330093	0.20614	0.107711	0.0335965	-0.0212115	-0.056363	-0.0725536	-0.0659785	-0.0479459	-0.0253322	0	
0	-0.0508186	-0.074844	-0.0504038	0.034954	0.176004	0.343594	0.499718	0.61455	0.663879	0.623028	0.480889	0.252052	-0.0302533	-0.336853	-0.634288	-0.899389	-1.10633	-1.25289	-1.33708	-1.36396	-1.34137	-1.27546	-1.18213	-1.05361	-0.89176	-0.69924	-0.494858	-0.302006	-0.134241	0.000569928	0.0986898	0.160935	0.186122	0.196009	0.204952	0.222618	0.237084	0.242539	0.243322	0.248058	0.253977	0.265831	0.281717	0.30046	0.31529	0.321232	0.31644	0.302369	0.272929	0.219845	0.160505	0.123885	0.106523	0.112281	0.141805	0.193995	0.271074	0.35279	0.413999	0.444391	0.423217	0.34642	0.2171	0.0406174	-0.153825	-0.337486	-0.47562	-0.532962	-0.495962	-0.371583	-0.174575	0.0714122	0.345661	0.608197	0.8366	1.01063	1.12603	1.1939	1.21128	1.19668	1.15432	1.08929	1.00821	0.914006	0.816399	0.720694	0.617291	0.504974	0.399706	0.300991	0.21312	0.135283	0.0671602	0.0162786	-0.0144169	-0.0258266	-0.0261501	-0.015103	0	
0	-0.0400046	-0.0549656	-0.0214957	0.0743922	0.219646	0.378184	0.50899	0.591685	0.6134	0.557971	0.413521	0.184609	-0.0963645	-0.399973	-0.688912	-0.943513	-1.13781	-1.26925	-1.33762	-1.34643	-1.29488	-1.18901	-1.05113	-0.886678	-0.705427	-0.50424	-0.303095	-0.121782	0.0180443	0.110937	0.167136	0.186122	0.168913	0.135357	0.100418	0.0823047	0.0673788	0.0546676	0.0549989	0.0757954	0.108287	0.154706	0.205108	0.26061	0.308352	0.343987	0.356401	0.352185	0.328056	0.280884	0.227251	0.195296	0.1746	0.17058	0.183174	0.211976	0.270235	0.338071	0.387523	0.408715	0.381351	0.301298	0.173201	0.00650153	-0.172502	-0.332736	-0.438128	-0.467473	-0.415526	-0.285191	-0.0856429	0.155844	0.415381	0.65413	0.847796	0.987283	1.069	1.10095	1.09024	1.0538	0.998331	0.928094	0.857545	0.792464	0.72804	0.673461	0.612192	0.541349	0.481256	0.413488	0.339263	0.265212	0.192944	0.131402	0.0810511	0.0433067	0.0176221	0.00642285	0	
0	-0.0269624	-0.0318256	0.012622	0.115059	0.262925	0.408537	0.518083	0.571744	0.567367	0.493926	0.340792	0.114207	-0.161317	-0.450933	-0.724924	-0.960641	-1.13485	-1.24338	-1.29052	-1.27843	-1.19938	-1.05778	-0.886171	-0.698752	-0.503777	-0.301095	-0.111024	0.0442169	0.148172	0.203913	0.220312	0.196009	0.135357	0.0565999	-0.0161056	-0.0727294	-0.116398	-0.141461	-0.134137	-0.0907688	-0.0237253	0.0551769	0.142678	0.228655	0.302409	0.358056	0.383736	0.382759	0.365175	0.328638	0.28766	0.266764	0.250474	0.242478	0.243909	0.262441	0.307126	0.360262	0.396038	0.400905	0.357545	0.268004	0.135354	-0.0294861	-0.192899	-0.323998	-0.401063	-0.408628	-0.344522	-0.206736	-0.00462265	0.229276	0.468388	0.675079	0.837256	0.944789	0.992555	0.99451	0.96188	0.908847	0.841389	0.771958	0.715305	0.672827	0.637318	0.612523	0.587391	0.562967	0.542742	0.503207	0.452266	0.395444	0.333039	0.271318	0.207821	0.146615	0.0912904	0.0450267	0	
0	-0.0124357	-0.00275723	0.051108	0.158312	0.298179	0.431147	0.521439	0.555034	0.524739	0.427375	0.260819	0.0359318	-0.226357	-0.497235	-0.750113	-0.962221	-1.11145	-1.19242	-1.2134	-1.17674	-1.07107	-0.903121	-0.708999	-0.504485	-0.299018	-0.0969468	0.0728969	0.198203	0.271919	0.295542	0.273347	0.204952	0.100418	-0.0161056	-0.129771	-0.225524	-0.297092	-0.333419	-0.319019	-0.252704	-0.155924	-0.0423817	0.0765329	0.188964	0.284951	0.356631	0.389547	0.389242	0.375837	0.351089	0.329891	0.324741	0.316259	0.309108	0.31112	0.32685	0.365072	0.411754	0.436582	0.424877	0.364929	0.258714	0.11121	-0.054555	-0.206976	-0.325448	-0.388289	-0.381138	-0.303512	-0.156712	0.046282	0.276231	0.50282	0.69026	0.826241	0.908482	0.932784	0.907104	0.854569	0.784333	0.70352	0.634904	0.59076	0.563233	0.540205	0.536467	0.542319	0.549304	0.560432	0.552588	0.533382	0.506619	0.461278	0.404359	0.339285	0.260997	0.174329	0.0898038	0	
0	0.0026126	0.0264408	0.0887708	0.190936	0.315723	0.430518	0.507087	0.524286	0.46961	0.345227	0.163707	-0.0556499	-0.299919	-0.545985	-0.77195	-0.954812	-1.07492	-1.12617	-1.1162	-1.05262	-0.925323	-0.742666	-0.534163	-0.317915	-0.10463	0.0893378	0.238451	0.34175	0.394769	0.392145	0.332376	0.222618	0.0823047	-0.0727294	-0.225524	-0.359202	-0.458883	-0.507843	-0.492457	-0.411959	-0.291031	-0.155907	-0.014925	0.121005	0.235991	0.321487	0.361828	0.364324	0.360044	0.355318	0.354751	0.361283	0.358344	0.353468	0.360501	0.386247	0.430991	0.475456	0.495504	0.473925	0.397561	0.271968	0.111083	-0.0590497	-0.211233	-0.325119	-0.385572	-0.380009	-0.298103	-0.13843	0.0758764	0.306689	0.525384	0.7023	0.822699	0.887292	0.89337	0.847601	0.774556	0.687008	0.59812	0.52713	0.482567	0.456884	0.443349	0.456208	0.481571	0.507723	0.535606	0.554057	0.569419	0.570539	0.545001	0.502004	0.439654	0.352323	0.246692	0.129902	0	
0	0.0171605	0.0537313	0.118837	0.209211	0.312034	0.408196	0.471721	0.474969	0.397946	0.249961	0.0584625	-0.152994	-0.376226	-0.595519	-0.790181	-0.940348	-1.0317	-1.05235	-1.01176	-0.921326	-0.77983	-0.588976	-0.370769	-0.147828	0.0632045	0.242423	0.374473	0.463187	0.499737	0.471203	0.377917	0.237084	0.0673788	-0.116398	-0.297092	-0.458883	-0.580597	-0.646483	-0.638432	-0.558455	-0.437336	-0.29916	-0.14602	0.00655797	0.138253	0.234545	0.286149	0.304755	0.322499	0.342825	0.361889	0.377208	0.379996	0.383363	0.404761	0.447459	0.501301	0.550893	0.570685	0.537757	0.446689	0.307666	0.135098	-0.0411134	-0.196409	-0.317532	-0.386187	-0.379197	-0.28677	-0.122966	0.0873625	0.315261	0.531866	0.703717	0.814694	0.868307	0.860579	0.799302	0.712932	0.617409	0.52329	0.447087	0.395565	0.363205	0.35408	0.375701	0.410147	0.447236	0.486958	0.524027	0.558209	0.576729	0.568955	0.537784	0.478761	0.387422	0.276311	0.149773	0	
0	0.0317241	0.0784608	0.140689	0.215947	0.296506	0.375834	0.425467	0.415246	0.321212	0.161224	-0.032131	-0.23183	-0.435009	-0.626782	-0.788564	-0.906979	-0.970056	-0.965491	-0.897321	-0.787636	-0.637097	-0.441736	-0.219407	-0.000934948	0.194106	0.35375	0.472713	0.548986	0.568959	0.518998	0.402677	0.242539	0.0546676	-0.141461	-0.333419	-0.507843	-0.646483	-0.72714	-0.737033	-0.679551	-0.57971	-0.452034	-0.299776	-0.142193	-0.00759073	0.0958928	0.168323	0.214668	0.262305	0.309278	0.349776	0.380045	0.400989	0.421512	0.462331	0.521089	0.583006	0.632703	0.648553	0.607979	0.504835	0.350784	0.17032	-0.0078874	-0.168204	-0.29306	-0.358587	-0.346699	-0.252237	-0.0925269	0.103088	0.312992	0.514091	0.674466	0.774491	0.820242	0.811383	0.745628	0.653896	0.561006	0.470853	0.393992	0.337087	0.301815	0.292614	0.307213	0.335945	0.375264	0.421558	0.465496	0.502713	0.524548	0.523529	0.502102	0.451184	0.364587	0.25824	0.138033	0	
0	0.0468872	0.10115	0.158435	0.219595	0.284107	0.349311	0.38491	0.360899	0.260465	0.100784	-0.0826577	-0.27123	-0.454392	-0.622933	-0.754251	-0.844289	-0.883907	-0.859012	-0.773602	-0.650737	-0.493547	-0.295842	-0.0774132	0.121828	0.28942	0.426575	0.529693	0.591386	0.59612	0.534371	0.409989	0.243322	0.0549989	-0.134137	-0.319019	-0.492457	-0.638432	-0.737033	-0.779615	-0.761947	-0.695496	-0.587869	-0.453091	-0.308282	-0.17907	-0.0660938	0.0259751	0.102514	0.175344	0.249584	0.317946	0.377704	0.426039	0.470695	0.529435	0.601318	0.67033	0.717327	0.722914	0.666276	0.548881	0.38805	0.208405	0.0334814	-0.120703	-0.236122	-0.293935	-0.281116	-0.191128	-0.0488196	0.124163	0.309407	0.483005	0.618396	0.698972	0.73564	0.724391	0.667389	0.58957	0.512332	0.434699	0.358566	0.30339	0.272249	0.259114	0.258933	0.272278	0.302721	0.341619	0.379851	0.41152	0.425942	0.4196	0.398353	0.358095	0.289063	0.198372	0.100575	0	
0	0.0615459	0.121559	0.175806	0.22729	0.284107	0.337903	0.360035	0.325456	0.227151	0.0811853	-0.0886586	-0.263425	-0.432685	-0.581724	-0.690839	-0.758306	-0.778642	-0.740916	-0.646236	-0.512863	-0.34926	-0.150156	0.0526725	0.222991	0.357791	0.466141	0.54897	0.591986	0.587766	0.526838	0.405565	0.248058	0.0757954	-0.0907688	-0.252704	-0.411959	-0.558455	-0.679551	-0.761947	-0.788673	-0.759834	-0.690339	-0.590582	-0.469623	-0.3469	-0.232068	-0.124262	-0.0263113	0.0724169	0.175214	0.273655	0.362125	0.437732	0.505301	0.582881	0.669241	0.741198	0.781794	0.772709	0.700897	0.57579	0.418909	0.252168	0.0901764	-0.0537672	-0.158378	-0.207113	-0.19182	-0.113799	0.00555195	0.148415	0.3008	0.446971	0.556412	0.617031	0.636351	0.620492	0.575993	0.515935	0.459705	0.394853	0.32956	0.281681	0.249755	0.232585	0.220072	0.222168	0.240285	0.257374	0.273864	0.289918	0.292206	0.276567	0.251369	0.216945	0.171015	0.116322	0.0578076	0	
0	0.0732868	0.140271	0.193505	0.244147	0.296375	0.343696	0.353202	0.313469	0.223743	0.0942093	-0.0602357	-0.226495	-0.385041	-0.524721	-0.620177	-0.673706	-0.679125	-0.634661	-0.532409	-0.389811	-0.216433	-0.0224693	0.15825	0.297684	0.395857	0.472632	0.527392	0.554553	0.550183	0.496804	0.390798	0.253977	0.108287	-0.0237253	-0.155924	-0.291031	-0.437336	-0.57971	-0.695496	-0.759834	-0.779036	-0.756046	-0.698361	-0.602634	-0.499908	-0.395032	-0.285908	-0.167597	-0.0450783	0.0814093	0.204492	0.319657	0.419072	0.506573	0.598969	0.690901	0.767256	0.804071	0.788012	0.720473	0.608936	0.464576	0.307627	0.155196	0.0240218	-0.0665011	-0.107642	-0.100811	-0.0426129	0.0535075	0.172288	0.29844	0.416851	0.505079	0.549901	0.560228	0.544838	0.503286	0.444869	0.390524	0.33495	0.281025	0.24294	0.217828	0.194247	0.177496	0.175298	0.174383	0.167891	0.156432	0.14565	0.133383	0.115448	0.0941713	0.0672804	0.0436771	0.0311676	0.0199925	0	
0	0.0804575	0.151279	0.209606	0.258935	0.311929	0.350344	0.354725	0.312723	0.23434	0.118571	-0.0250953	-0.184152	-0.336781	-0.470071	-0.559811	-0.602645	-0.597823	-0.544492	-0.435776	-0.281202	-0.104613	0.0777473	0.232658	0.34118	0.404775	0.446139	0.475342	0.495456	0.496333	0.458779	0.37528	0.265831	0.154706	0.0551769	-0.0423817	-0.155907	-0.29916	-0.452034	-0.587869	-0.690339	-0.756046	-0.780467	-0.760194	-0.702726	-0.633818	-0.54915	-0.441186	-0.31331	-0.181461	-0.0447281	0.0905635	0.226502	0.346491	0.452458	0.55205	0.653117	0.73931	0.785041	0.780755	0.73134	0.639633	0.516905	0.378557	0.235478	0.112998	0.0305615	-0.0133065	-0.0195213	0.0193818	0.0957985	0.195962	0.300367	0.403071	0.480812	0.520282	0.521928	0.496048	0.452426	0.386118	0.32019	0.262881	0.215085	0.181941	0.158526	0.136878	0.11724	0.103441	0.0866641	0.059678	0.0277384	-0.000747583	-0.0298275	-0.0484301	-0.0537809	-0.0599928	-0.0565419	-0.038669	-0.0172786	0	
0	0.0878187	0.168057	0.234472	0.290137	0.342231	0.379272	0.380977	0.343116	0.269383	0.159415	0.0157699	-0.142578	-0.294641	-0.426519	-0.515147	-0.55371	-0.539242	-0.476119	-0.355996	-0.193554	-0.019438	0.147274	0.277761	0.361039	0.391831	0.402094	0.413066	0.428577	0.437049	0.413936	0.357101	0.281717	0.205108	0.142678	0.0765329	-0.014925	-0.14602	-0.299776	-0.453091	-0.590582	-0.698361	-0.760194	-0.782206	-0.770583	-0.733235	-0.665086	-0.56864	-0.45315	-0.327835	-0.195374	-0.0543271	0.094851	0.227048	0.341792	0.456889	0.576272	0.682386	0.750081	0.767096	0.740543	0.668519	0.56101	0.432543	0.304509	0.196499	0.114846	0.0591127	0.0364246	0.0572507	0.122493	0.216395	0.315768	0.414628	0.486283	0.518143	0.512426	0.48342	0.430717	0.351008	0.269738	0.199876	0.14476	0.0994244	0.0674045	0.0433521	0.0234202	-0.000443243	-0.0348417	-0.0683667	-0.104805	-0.137388	-0.165632	-0.186852	-0.186726	-0.167649	-0.136424	-0.100855	-0.0563557	0	
