0.000000000000000000e+00 0.000000000000000000e+00 0.000000000000000000e+00 0.000000000000000000e+00 0.000000000000000000e+00 0.000000000000000000e+00 0.000000000000000000e+00 0.000000000000000000e+00 0.000000000000000000e+00 0.000000000000000000e+00 0.000000000000000000e+00 0.000000000000000000e+00 0.000000000000000000e+00 0.000000000000000000e+00 0.000000000000000000e+00 0.000000000000000000e+00 0.000000000000000000e+00 0.000000000000000000e+00 0.000000000000000000e+00 0.000000000000000000e+00 0.000000000000000000e+00 0.000000000000000000e+00 0.000000000000000000e+00 0.000000000000000000e+00 0.000000000000000000e+00 0.000000000000000000e+00 0.000000000000000000e+00 0.000000000000000000e+00 0.000000000000000000e+00 0.000000000000000000e+00 0.000000000000000000e+00 0.000000000000000000e+00 0.000000000000000000e+00 0.000000000000000000e+00 0.000000000000000000e+00 0.000000000000000000e+00 0.000000000000000000e+00 0.000000000000000000e+00 0.000000000000000000e+00 0.000000000000000000e+00 0.000000000000000000e+00 0.000000000000000000e+00 0.000000000000000000e+00 0.000000000000000000e+00 0.000000000000000000e+00 0.000000000000000000e+00 0.000000000000000000e+00 0.000000000000000000e+00 0.000000000000000000e+00 0.000000000000000000e+00 0.000000000000000000e+00 0.000000000000000000e+00 0.000000000000000000e+00 0.000000000000000000e+00 0.000000000000000000e+00 0.000000000000000000e+00 0.000000000000000000e+00 0.000000000000000000e+00 0.000000000000000000e+00 0.000000000000000000e+00 0.000000000000000000e+00 0.000000000000000000e+00 0.000000000000000000e+00 0.000000000000000000e+00 0.000000000000000000e+00 0.000000000000000000e+00 0.000000000000000000e+00 0.000000000000000000e+00 0.000000000000000000e+00 0.000000000000000000e+00 0.000000000000000000e+00 0.000000000000000000e+00 0.000000000000000000e+00 0.000000000000000000e+00 0.000000000000000000e+00 0.000000000000000000e+00 0.000000000000000000e+00 0.000000000000000000e+00 0.000000000000000000e+00 0.000000000000000000e+00 0.000000000000000000e+00 0.000000000000000000e+00 0.000000000000000000e+00 0.000000000000000000e+00 0.000000000000000000e+00 0.000000000000000000e+00 0.000000000000000000e+00 0.000000000000000000e+00 0.000000000000000000e+00 0.000000000000000000e+00 0.000000000000000000e+00 0.000000000000000000e+00 0.000000000000000000e+00 0.000000000000000000e+00 0.000000000000000000e+00 0.000000000000000000e+00 0.000000000000000000e+00 0.000000000000000000e+00 0.000000000000000000e+00 0.000000000000000000e+00
0.000000000000000000e+00 7.140839999999999719e-06 2.988730000000000098e-05 1.095470000000000000e-04 3.661030000000000013e-04 1.114689999999999995e-03 3.084420000000000044e-03 7.739760000000000043e-03 1.758720000000000075e-02 3.617589999999999695e-02 6.742879999999999707e-02 1.142060000000000020e-01 1.766020000000000090e-01 2.509629999999999916e-01 3.303570000000000118e-01 4.063510000000000177e-01 4.712210000000000010e-01 5.196460000000000523e-01 5.494179999999999620e-01 5.612000000000000322e-01 5.576790000000000358e-01 5.425499999999999767e-01 5.196889999999999565e-01 4.926630000000000176e-01 4.645059999999999745e-01 4.376479999999999815e-01 4.139430000000000054e-01 3.947510000000000185e-01 3.810189999999999966e-01 3.733489999999999864e-01 3.720559999999999978e-01 3.771900000000000253e-01 3.885469999999999757e-01 4.056429999999999758e-01 4.276750000000000274e-01 4.534580000000000277e-01 4.813439999999999941e-01 5.091430000000000122e-01 5.340669999999999584e-01 5.527469999999999883e-01 5.613879999999999981e-01 5.561350000000000460e-01 5.337769999999999460e-01 4.927250000000000241e-01 4.339709999999999956e-01 3.616179999999999950e-01 2.825799999999999979e-01 2.052559999999999940e-01 1.374350000000000016e-01 8.422330000000000094e-02 4.698000000000000093e-02 2.376699999999999993e-02 1.088549999999999934e-02 4.512719999999999579e-03 1.695050000000000029e-03 5.779440000000000488e-04 1.793110000000000049e-04 5.076350000000000279e-05 1.315210000000000067e-05 3.127829999999999918e-06 6.848290000000000504e-07 1.384429999999999910e-07 2.591280000000000093e-08 4.502700000000000178e-09 7.281839999999999951e-10 1.098640000000000044e-10 1.549889999999999972e-11 2.048790000000000199e-12 2.542850000000000115e-13 2.968850000000000269e-14 3.266450000000000056e-15 3.392469999999999883e-16 3.331170000000000125e-17 3.097189999999999849e-18 2.730529999999999926e-19 2.285670000000000103e-20 1.818949999999999829e-21 1.377820000000000018e-22 9.945420000000000549e-24 6.848319999999999859e-25 4.503220000000000254e-26 2.830530000000000147e-27 1.702240000000000093e-28 9.803319999999999565e-30 5.411180000000000183e-31 2.865030000000000008e-32 1.456210000000000076e-33 7.110429999999999889e-35 3.337760000000000138e-36 1.507289999999999989e-37 6.552480000000000374e-39 2.743790000000000202e-40 1.107370000000000020e-41 4.310079999999999996e-43 1.618700000000000026e-44 5.869029999999999722e-46 2.055459999999999896e-47 6.956789999999999707e-49 2.274320000000000182e-50 0.000000000000000000e+00
0.000000000000000000e+00 2.988730000000000098e-05 1.197369999999999956e-04 4.174030000000000015e-04 1.322660000000000025e-03 3.807930000000000169e-03 9.936109999999999734e-03 2.345200000000000062e-02 5.001980000000000315e-02 9.644400000000000195e-02 1.684789999999999899e-01 2.678349999999999898e-01 3.900560000000000138e-01 5.248270000000000435e-01 6.587269999999999515e-01 7.788450000000000095e-01 8.756089999999999707e-01 9.440319999999999823e-01 9.834880000000000289e-01 9.966059999999999919e-01 9.878940000000000499e-01 9.625789999999999624e-01 9.259119999999999573e-01 8.828279999999999461e-01 8.377120000000000122e-01 7.942730000000000068e-01 7.555439999999999934e-01 7.239010000000000167e-01 7.010899999999999910e-01 6.882859999999999534e-01 6.861190000000000344e-01 6.946919999999999762e-01 7.135939999999999506e-01 7.418719999999999759e-01 7.780129999999999546e-01 8.198940000000000117e-01 8.647430000000000394e-01 9.091190000000000104e-01 9.489049999999999985e-01 9.793730000000000491e-01 9.953720000000000345e-01 9.916019999999999834e-01 9.631399999999999961e-01 9.064440000000000275e-01 8.206809999999999938e-01 7.090130000000000043e-01 5.792359999999999731e-01 4.431780000000000164e-01 3.144710000000000005e-01 2.050869999999999915e-01 1.220149999999999985e-01 6.586880000000000512e-02 3.216469999999999746e-02 1.419109999999999989e-02 5.659499999999999600e-03 2.043419999999999785e-03 6.695390000000000282e-04 1.996420000000000106e-04 5.433979999999999767e-05 1.354370000000000045e-05 3.100820000000000154e-06 6.541289999999999674e-07 1.275199999999999931e-07 2.303789999999999879e-08 3.867380000000000349e-09 6.047760000000000217e-10 8.830940000000000578e-11 1.206779999999999993e-11 1.546560000000000026e-12 1.862460000000000023e-13 2.111519999999999885e-14 2.257640000000000137e-15 2.280249999999999927e-16 2.178990000000000144e-17 1.972919999999999976e-18 1.694929999999999924e-19 1.383409999999999949e-20 1.074110000000000009e-21 7.942439999999999736e-23 5.599589999999999822e-24 3.768040000000000003e-25 2.422540000000000081e-26 1.489500000000000037e-27 8.766370000000000054e-29 4.943000000000000216e-30 2.672470000000000190e-31 1.386550000000000109e-32 6.908490000000000341e-34 3.308079999999999970e-35 1.523410000000000124e-36 6.751369999999999960e-38 2.881260000000000044e-39 1.184820000000000041e-40 4.697419999999999689e-42 1.796590000000000113e-43 6.632179999999999922e-45 2.364330000000000169e-46 8.143750000000000179e-48 2.708810000000000067e-49 0.000000000000000000e+00
0.000000000000000000e+00 1.095470000000000000e-04 4.174030000000000015e-04 1.372280000000000028e-03 4.082719999999999752e-03 1.098909999999999991e-02 2.669120000000000173e-02 5.839029999999999915e-02 1.149820000000000009e-01 2.040929999999999966e-01 3.278289999999999815e-01 4.798290000000000055e-01 6.462010000000000254e-01 8.100969999999999560e-01 9.568590000000000151e-01 1.076920000000000099e+00 1.166099999999999914e+00 1.224329999999999918e+00 1.253989999999999938e+00 1.258669999999999956e+00 1.242380000000000040e+00 1.209400000000000031e+00 1.164409999999999945e+00 1.112230000000000052e+00 1.057490000000000041e+00 1.004429999999999934e+00 9.567740000000000133e-01 9.175740000000000007e-01 8.891700000000000159e-01 8.731750000000000345e-01 8.704640000000000155e-01 8.811849999999999961e-01 9.047579999999999512e-01 9.398710000000000120e-01 9.844730000000000425e-01 1.035800000000000054e+00 1.090370000000000061e+00 1.144120000000000026e+00 1.192560000000000064e+00 1.230900000000000105e+00 1.254380000000000051e+00 1.258590000000000098e+00 1.239389999999999992e+00 1.192970000000000086e+00 1.116330000000000044e+00 1.008369999999999989e+00 8.714600000000000124e-01 7.129240000000000022e-01 5.455699999999999994e-01 3.858969999999999900e-01 2.496329999999999938e-01 1.464949999999999863e-01 7.758859999999999368e-02 3.699859999999999954e-02 1.588190000000000088e-02 6.145440000000000277e-03 2.148789999999999815e-03 6.809980000000000417e-04 1.962760000000000025e-04 5.162540000000000211e-05 1.243469999999999972e-05 2.751959999999999822e-06 5.614099999999999959e-07 1.058959999999999974e-07 1.852199999999999870e-08 3.012249999999999809e-09 4.566560000000000203e-10 6.468790000000000106e-11 8.581499999999999330e-12 1.068370000000000021e-12 1.250699999999999911e-13 1.379290000000000054e-14 1.435460000000000058e-15 1.412100000000000059e-16 1.315059999999999996e-17 1.161080000000000065e-18 9.732140000000000028e-20 7.754420000000000494e-21 5.880520000000000196e-22 4.249240000000000128e-23 2.928959999999999862e-24 1.927869999999999923e-25 1.212929999999999932e-26 7.301199999999999745e-28 4.208700000000000174e-29 2.325239999999999892e-30 1.232280000000000049e-31 6.269220000000000552e-33 3.064099999999999824e-34 1.439759999999999890e-35 6.508349999999999849e-37 2.832249999999999922e-38 1.187249999999999969e-39 4.796980000000000017e-41 1.869210000000000072e-42 7.028409999999999849e-44 2.551489999999999939e-45 8.947309999999999980e-47 3.029130000000000086e-48 0.000000000000000000e+00
0.000000000000000000e+00 3.661030000000000013e-04 1.322660000000000025e-03 4.082719999999999752e-03 1.134300000000000065e-02 2.836460000000000023e-02 6.366660000000000375e-02 1.280389999999999862e-01 2.307279999999999887e-01 3.736200000000000077e-01 5.472550000000000470e-01 7.328440000000000509e-01 9.098410000000000108e-01 1.063320000000000043e+00 1.186290000000000067e+00 1.277590000000000003e+00 1.338940000000000019e+00 1.372719999999999940e+00 1.381219999999999892e+00 1.366759999999999975e+00 1.332219999999999960e+00 1.281630000000000047e+00 1.220010000000000039e+00 1.152519999999999989e+00 1.084060000000000024e+00 1.019190000000000040e+00 9.618499999999999828e-01 9.151920000000000055e-01 8.816500000000000448e-01 8.628609999999999891e-01 8.597019999999999662e-01 8.723309999999999675e-01 9.001329999999999609e-01 9.417940000000000200e-01 9.951969999999999983e-01 1.057479999999999976e+00 1.125040000000000040e+00 1.193540000000000045e+00 1.258140000000000036e+00 1.313760000000000039e+00 1.355229999999999935e+00 1.378100000000000103e+00 1.379080000000000084e+00 1.355690000000000062e+00 1.305649999999999977e+00 1.226569999999999938e+00 1.116309999999999913e+00 9.745669999999999611e-01 8.056250000000000355e-01 6.212119999999999864e-01 4.402849999999999819e-01 2.833669999999999800e-01 1.642490000000000061e-01 8.537150000000000294e-02 3.974500000000000255e-02 1.659180000000000030e-02 6.226620000000000418e-03 2.107749999999999815e-03 6.460009999999999971e-04 1.799629999999999980e-04 4.574589999999999852e-05 1.065020000000000012e-05 2.279030000000000099e-06 4.497639999999999767e-07 8.211609999999999771e-08 1.391110000000000007e-08 2.192689999999999797e-09 3.223960000000000104e-10 4.432399999999999733e-11 5.710769999999999909e-12 6.909780000000000068e-13 7.866770000000000466e-14 8.442810000000000416e-15 8.556199999999999878e-16 8.201239999999999973e-17 7.446329999999999419e-18 6.413430000000000085e-19 5.246990000000000199e-20 4.082759999999999903e-21 3.025140000000000166e-22 2.136890000000000020e-23 1.440560000000000035e-24 9.277749999999999675e-26 5.713970000000000327e-27 3.368379999999999983e-28 1.902289999999999984e-29 1.030080000000000067e-30 5.352439999999999716e-32 2.670880000000000009e-33 1.280849999999999913e-34 5.907309999999999796e-36 2.621909999999999937e-37 1.120639999999999941e-38 4.615280000000000307e-40 1.832630000000000005e-41 7.020119999999999942e-43 2.595630000000000169e-44 9.268230000000000659e-46 3.194199999999999793e-47 0.000000000000000000e+00
0.000000000000000000e+00 1.114689999999999995e-03 3.807930000000000169e-03 1.098909999999999991e-02 2.836460000000000023e-02 6.550830000000000541e-02 1.349909999999999999e-01 2.478470000000000117e-01 4.060159999999999880e-01 5.968240000000000212e-01 7.960000000000000409e-01 9.790799999999999503e-01 1.131709999999999994e+00 1.250410000000000021e+00 1.336740000000000039e+00 1.392619999999999969e+00 1.419149999999999912e+00 1.417140000000000066e+00 1.388260000000000050e+00 1.335720000000000018e+00 1.264569999999999972e+00 1.181210000000000093e+00 1.091820000000000013e+00 1.001609999999999889e+00 9.153419999999999890e-01 8.371269999999999545e-01 7.701360000000000428e-01 7.168949999999999489e-01 6.792540000000000244e-01 6.583790000000000475e-01 6.549249999999999794e-01 6.689779999999999616e-01 7.000990000000000268e-01 7.473070000000000546e-01 8.090500000000000469e-01 8.830770000000000008e-01 9.665099999999999802e-01 1.055690000000000017e+00 1.146039999999999948e+00 1.232539999999999969e+00 1.309360000000000079e+00 1.369990000000000041e+00 1.408800000000000052e+00 1.421839999999999993e+00 1.406870000000000065e+00 1.362829999999999986e+00 1.288820000000000077e+00 1.183280000000000109e+00 1.044180000000000108e+00 8.721980000000000288e-01 6.769249999999999989e-01 4.795940000000000203e-01 3.060840000000000227e-01 1.746020000000000072e-01 8.875500000000000056e-02 4.021960000000000118e-02 1.628840000000000149e-02 5.917190000000000123e-03 1.936390000000000073e-03 5.733599999999999721e-04 1.542799999999999933e-04 3.788459999999999977e-05 8.523239999999999392e-06 1.763390000000000069e-06 3.366649999999999776e-07 5.950390000000000252e-08 9.765329999999999406e-09 1.492189999999999993e-09 2.128499999999999939e-10 2.840989999999999913e-11 3.556160000000000066e-12 4.183199999999999785e-13 4.633299999999999932e-14 4.840760000000000191e-15 4.778770000000000342e-16 4.464649999999999736e-17 3.953480000000000321e-18 3.322790000000000020e-19 2.654199999999999917e-20 2.017520000000000021e-21 1.461070000000000115e-22 1.009200000000000008e-23 6.655849999999999568e-25 4.195520000000000000e-26 2.530109999999999869e-27 1.461049999999999913e-28 8.086040000000000114e-30 4.292549999999999588e-31 2.187480000000000058e-32 1.070910000000000004e-33 5.040259999999999663e-35 2.282159999999999903e-36 9.947600000000000517e-38 4.176820000000000064e-39 1.690410000000000002e-40 6.597950000000000264e-42 2.485090000000000159e-43 9.036959999999999527e-45 3.170980000000000088e-46 0.000000000000000000e+00
0.000000000000000000e+00 3.084420000000000044e-03 9.936109999999999734e-03 2.669120000000000173e-02 6.366660000000000375e-02 1.349909999999999999e-01 2.537760000000000016e-01 4.228939999999999921e-01 6.273429999999999840e-01 8.375540000000000207e-01 1.024960000000000093e+00 1.176120000000000054e+00 1.291330000000000089e+00 1.373150000000000093e+00 1.420800000000000063e+00 1.432639999999999914e+00 1.408779999999999921e+00 1.352279999999999927e+00 1.269050000000000011e+00 1.166630000000000056e+00 1.053379999999999983e+00 9.365360000000000351e-01 8.210410000000000208e-01 7.111880000000000424e-01 6.110330000000000483e-01 5.233790000000000386e-01 4.502559999999999896e-01 3.933820000000000094e-01 3.537029999999999896e-01 3.318780000000000063e-01 3.282990000000000075e-01 3.429050000000000153e-01 3.756189999999999807e-01 4.257429999999999826e-01 4.925390000000000046e-01 5.745700000000000252e-01 6.699049999999999727e-01 7.761700000000000266e-01 8.899010000000000531e-01 1.006760000000000099e+00 1.122270000000000101e+00 1.229989999999999917e+00 1.321839999999999904e+00 1.389860000000000095e+00 1.427349999999999897e+00 1.430050000000000043e+00 1.396619999999999973e+00 1.328230000000000022e+00 1.226499999999999924e+00 1.090060000000000029e+00 9.163930000000000131e-01 7.124819999999999487e-01 5.018620000000000303e-01 3.158369999999999789e-01 1.763859999999999872e-01 8.729679999999999385e-02 3.836599999999999733e-02 1.503119999999999977e-02 5.274580000000000067e-03 1.666090000000000062e-03 4.760690000000000256e-04 1.236379999999999977e-04 2.931400000000000089e-05 6.371300000000000307e-06 1.274289999999999958e-06 2.353560000000000066e-07 4.027249999999999881e-08 6.403550000000000288e-09 9.487749999999999626e-10 1.313250000000000092e-10 1.702169999999999885e-11 2.070579999999999847e-12 2.368639999999999992e-13 2.553050000000000100e-14 2.597439999999999861e-15 2.498539999999999772e-16 2.275939999999999924e-17 1.966129999999999876e-18 1.613010000000000036e-19 1.258360000000000047e-20 9.346619999999999702e-22 6.617409999999999420e-23 4.470810000000000318e-24 2.885370000000000197e-25 1.780600000000000055e-26 1.051699999999999984e-27 5.950649999999999884e-29 3.228170000000000344e-30 1.680439999999999932e-31 8.400360000000000248e-33 4.035590000000000166e-34 1.864480000000000001e-35 8.289790000000000001e-37 3.549349999999999857e-38 1.464340000000000039e-39 5.824840000000000003e-41 2.235239999999999951e-42 8.279390000000000064e-44 2.958280000000000154e-45 0.000000000000000000e+00
0.000000000000000000e+00 7.739760000000000043e-03 2.345200000000000062e-02 5.839029999999999915e-02 1.280389999999999862e-01 2.478470000000000117e-01 4.228939999999999921e-01 6.376410000000000133e-01 8.580999999999999739e-01 1.050990000000000091e+00 1.203009999999999913e+00 1.317879999999999940e+00 1.397550000000000070e+00 1.435959999999999903e+00 1.428539999999999921e+00 1.377350000000000074e+00 1.289009999999999989e+00 1.172949999999999937e+00 1.038839999999999986e+00 8.955809999999999604e-01 7.507620000000000404e-01 6.089139999999999553e-01 4.738160000000000149e-01 3.501489999999999880e-01 2.409330000000000083e-01 1.475289999999999935e-01 7.143019999999999925e-02 1.326959999999999945e-02 -2.688290000000000124e-02 -4.876910000000000273e-02 -5.243760000000000088e-02 -3.794320000000000331e-02 -5.104440000000000019e-03 4.589639999999999692e-02 1.149020000000000041e-01 2.015399999999999969e-01 3.046650000000000191e-01 4.226289999999999769e-01 5.535639999999999450e-01 6.931460000000000399e-01 8.372950000000000115e-01 9.820179999999999465e-01 1.120759999999999978e+00 1.245179999999999954e+00 1.345769999999999911e+00 1.412879999999999914e+00 1.438520000000000021e+00 1.418330000000000091e+00 1.354349999999999943e+00 1.253360000000000030e+00 1.116889999999999938e+00 9.398750000000000160e-01 7.272229999999999528e-01 5.056479999999999864e-01 3.116459999999999786e-01 1.693810000000000038e-01 8.122250000000000303e-02 3.448860000000000120e-02 1.303379999999999990e-02 4.408470000000000270e-03 1.341989999999999936e-03 3.696309999999999852e-04 9.257890000000000227e-05 2.118249999999999921e-05 4.446309999999999956e-06 8.595290000000000464e-07 1.535679999999999892e-07 2.544099999999999931e-08 3.919740000000000363e-09 5.632050000000000212e-10 7.565969999999999517e-11 9.525150000000000060e-12 1.126249999999999972e-12 1.253220000000000086e-13 1.314840000000000042e-14 1.302969999999999950e-15 1.221599999999999971e-16 1.085219999999999992e-17 9.148290000000000338e-19 7.327919999999999456e-20 5.584680000000000017e-21 4.054339999999999853e-22 2.806989999999999831e-23 1.855389999999999954e-24 1.172040000000000006e-25 7.082610000000000683e-27 4.098129999999999883e-28 2.272490000000000021e-29 1.208669999999999979e-30 6.170960000000000088e-32 3.026670000000000044e-33 1.427119999999999967e-34 6.473610000000000404e-36 2.826889999999999951e-37 1.189119999999999896e-38 4.821300000000000031e-40 1.885289999999999972e-41 7.113980000000000124e-43 2.588709999999999803e-44 0.000000000000000000e+00
0.000000000000000000e+00 1.758720000000000075e-02 5.001980000000000315e-02 1.149820000000000009e-01 2.307279999999999887e-01 4.060159999999999880e-01 6.273429999999999840e-01 8.580999999999999739e-01 1.059399999999999897e+00 1.215740000000000043e+00 1.333259999999999890e+00 1.413059999999999983e+00 1.442499999999999893e+00 1.414789999999999992e+00 1.337299999999999933e+00 1.221070000000000100e+00 1.076810000000000045e+00 9.145450000000000523e-01 7.422910000000000341e-01 5.679809999999999581e-01 3.974650000000000127e-01 2.350970000000000004e-01 8.696629999999999638e-02 -4.296479999999999744e-02 -1.543690000000000062e-01 -2.466969999999999996e-01 -3.194750000000000090e-01 -3.741410000000000013e-01 -4.110960000000000170e-01 -4.309919999999999862e-01 -4.345450000000000146e-01 -4.212870000000000226e-01 -3.915649999999999964e-01 -3.439769999999999772e-01 -2.785299999999999998e-01 -1.940199999999999980e-01 -8.996260000000000367e-02 3.270599999999999896e-02 1.736600000000000088e-01 3.309860000000000024e-01 4.987010000000000054e-01 6.722489999999999855e-01 8.461490000000000400e-01 1.013319999999999999e+00 1.165859999999999896e+00 1.294440000000000035e+00 1.388819999999999943e+00 1.437889999999999890e+00 1.431380000000000097e+00 1.370230000000000059e+00 1.267220000000000013e+00 1.127459999999999907e+00 9.437510000000000066e-01 7.209379999999999677e-01 4.907070000000000043e-01 2.939550000000000218e-01 1.545080000000000064e-01 7.143140000000000600e-02 2.919410000000000061e-02 1.061220000000000045e-02 3.452479999999999959e-03 1.011280000000000035e-03 2.682000000000000139e-04 6.473240000000000385e-05 1.428550000000000070e-05 2.894909999999999868e-06 5.407870000000000368e-07 9.345589999999999447e-08 1.498929999999999910e-08 2.237880000000000134e-09 3.118570000000000223e-10 4.066540000000000078e-11 4.973370000000000244e-12 5.716959999999999906e-13 6.189149999999999684e-14 6.321980000000000227e-15 6.103550000000000344e-16 5.578529999999999852e-17 4.834200000000000054e-18 3.977510000000000050e-19 3.111450000000000231e-20 2.316989999999999828e-21 1.644419999999999917e-22 1.113570000000000015e-23 7.202690000000000334e-25 4.454390000000000286e-26 2.636390000000000110e-27 1.494710000000000102e-28 8.124620000000000162e-30 4.237469999999999953e-31 2.122309999999999882e-32 1.021489999999999985e-33 4.728220000000000054e-35 2.106160000000000001e-36 9.034480000000000279e-38 3.734259999999999916e-39 1.488190000000000031e-40 5.721519999999999725e-42 2.120650000000000070e-43 0.000000000000000000e+00
0.000000000000000000e+00 3.617589999999999695e-02 9.644400000000000195e-02 2.040929999999999966e-01 3.736200000000000077e-01 5.968240000000000212e-01 8.375540000000000207e-01 1.050990000000000091e+00 1.215740000000000043e+00 1.338340000000000085e+00 1.420600000000000085e+00 1.444080000000000030e+00 1.399370000000000003e+00 1.301109999999999989e+00 1.164179999999999993e+00 9.960599999999999454e-01 8.063099999999999712e-01 6.037420000000000009e-01 3.980449999999999822e-01 1.989980000000000082e-01 1.254820000000000067e-02 -1.547350000000000114e-01 -2.984399999999999831e-01 -4.197429999999999772e-01 -5.199439999999999618e-01 -5.987310000000000132e-01 -6.588850000000000540e-01 -7.027619999999999978e-01 -7.313760000000000261e-01 -7.466749999999999776e-01 -7.494159999999999711e-01 -7.391290000000000360e-01 -7.163300000000000223e-01 -6.787819999999999965e-01 -6.253429999999999822e-01 -5.541279999999999539e-01 -4.627499999999999947e-01 -3.493829999999999991e-01 -2.150179999999999869e-01 -5.683440000000000020e-02 1.224549999999999944e-01 3.171820000000000195e-01 5.213360000000000216e-01 7.262030000000000429e-01 9.222369999999999735e-01 1.100039999999999907e+00 1.250170000000000003e+00 1.365220000000000100e+00 1.433570000000000011e+00 1.437629999999999963e+00 1.376630000000000020e+00 1.269400000000000084e+00 1.122910000000000075e+00 9.282280000000000530e-01 6.937079999999999913e-01 4.580580000000000207e-01 2.646310000000000051e-01 1.336829999999999963e-01 5.930119999999999836e-02 2.324400000000000077e-02 8.105299999999999311e-03 2.531250000000000080e-03 7.123939999999999830e-04 1.817219999999999925e-04 4.223310000000000058e-05 8.984609999999999347e-06 1.757090000000000019e-06 3.171089999999999843e-07 5.299920000000000119e-08 8.229229999999999302e-09 1.190549999999999988e-09 1.609139999999999987e-10 2.036910000000000052e-11 2.420270000000000147e-12 2.705129999999999905e-13 2.849640000000000291e-14 2.834369999999999946e-15 2.666409999999999974e-16 2.376220000000000133e-17 2.008999999999999864e-18 1.613660000000000009e-19 1.232970000000000057e-20 8.973009999999999641e-22 6.226909999999999625e-23 4.125099999999999983e-24 2.611430000000000219e-25 1.581359999999999901e-26 9.168550000000000681e-28 5.094190000000000444e-29 2.714710000000000106e-30 1.388659999999999914e-31 6.823789999999999983e-33 3.223560000000000146e-34 1.464969999999999922e-35 6.409100000000000234e-37 2.700980000000000203e-38 1.097159999999999922e-39 4.298309999999999905e-41 1.622909999999999988e-42 0.000000000000000000e+00
0.000000000000000000e+00 6.742879999999999707e-02 1.684789999999999899e-01 3.278289999999999815e-01 5.472550000000000470e-01 7.960000000000000409e-01 1.024960000000000093e+00 1.203009999999999913e+00 1.333259999999999890e+00 1.420600000000000085e+00 1.444120000000000070e+00 1.389559999999999906e+00 1.277150000000000007e+00 1.125590000000000090e+00 9.354449999999999710e-01 7.167780000000000262e-01 4.846340000000000092e-01 2.507829999999999782e-01 2.902700000000000072e-02 -1.735549999999999871e-01 -3.520019999999999816e-01 -5.024140000000000272e-01 -6.265410000000000146e-01 -7.269539999999999891e-01 -8.038220000000000365e-01 -8.602049999999999974e-01 -9.016760000000000330e-01 -9.292890000000000317e-01 -9.467069999999999652e-01 -9.557170000000000387e-01 -9.567280000000000229e-01 -9.512779999999999569e-01 -9.368319999999999981e-01 -9.142289999999999583e-01 -8.786669999999999758e-01 -8.284890000000000310e-01 -7.605469999999999731e-01 -6.695219999999999505e-01 -5.547299999999999454e-01 -4.153479999999999950e-01 -2.477620000000000100e-01 -5.469480000000000175e-02 1.604130000000000000e-01 3.906279999999999752e-01 6.249639999999999640e-01 8.507740000000000302e-01 1.053909999999999902e+00 1.221060000000000034e+00 1.350119999999999987e+00 1.430809999999999915e+00 1.438549999999999995e+00 1.373680000000000012e+00 1.260089999999999932e+00 1.102780000000000094e+00 8.925279999999999880e-01 6.461149999999999949e-01 4.101079999999999726e-01 2.267899999999999916e-01 1.094719999999999999e-01 4.639050000000000118e-02 1.738150000000000112e-02 5.799959999999999838e-03 1.735540000000000043e-03 4.686720000000000014e-04 1.148719999999999939e-04 2.568720000000000031e-05 5.264960000000000156e-06 9.932840000000000685e-07 1.731400000000000006e-07 2.798070000000000120e-08 4.205509999999999884e-09 5.895449999999999530e-10 7.728450000000000335e-11 9.497100000000000801e-12 1.096420000000000088e-12 1.191640000000000060e-13 1.221590000000000036e-14 1.183279999999999971e-15 1.084800000000000021e-16 9.427339999999999635e-18 7.777339999999999748e-19 6.099160000000000380e-20 4.552620000000000225e-21 3.238400000000000235e-22 2.197730000000000031e-23 1.424480000000000044e-24 8.827270000000000317e-26 5.234810000000000210e-27 2.973579999999999984e-28 1.619360000000000005e-29 8.461589999999999601e-31 4.245710000000000117e-32 2.047230000000000081e-33 9.493280000000000005e-35 4.236399999999999724e-36 1.820520000000000010e-37 7.538519999999999689e-39 3.009759999999999902e-40 1.157730000000000076e-41 0.000000000000000000e+00
0.000000000000000000e+00 1.142060000000000020e-01 2.678349999999999898e-01 4.798290000000000055e-01 7.328440000000000509e-01 9.790799999999999503e-01 1.176120000000000054e+00 1.317879999999999940e+00 1.413059999999999983e+00 1.444080000000000030e+00 1.389559999999999906e+00 1.268929999999999891e+00 1.106570000000000054e+00 8.969230000000000258e-01 6.503799999999999581e-01 3.940790000000000126e-01 1.393109999999999904e-01 -1.001120000000000065e-01 -3.150060000000000082e-01 -5.025910000000000100e-01 -6.578429999999999556e-01 -7.817349999999999577e-01 -8.760000000000000009e-01 -9.428410000000000402e-01 -9.862670000000000048e-01 -1.014350000000000085e+00 -1.030550000000000077e+00 -1.038129999999999997e+00 -1.041860000000000008e+00 -1.042890000000000095e+00 -1.042440000000000033e+00 -1.042459999999999942e+00 -1.039060000000000095e+00 -1.033740000000000103e+00 -1.021689999999999987e+00 -9.995619999999999505e-01 -9.623570000000000180e-01 -9.064959999999999685e-01 -8.225350000000000161e-01 -7.112570000000000281e-01 -5.682340000000000169e-01 -3.937410000000000077e-01 -1.892149999999999943e-01 4.126590000000000119e-02 2.912299999999999889e-01 5.483460000000000001e-01 8.013169999999999460e-01 1.028510000000000035e+00 1.209240000000000093e+00 1.347699999999999898e+00 1.432260000000000089e+00 1.434450000000000003e+00 1.361429999999999918e+00 1.238580000000000014e+00 1.064990000000000103e+00 8.354819999999999469e-01 5.798879999999999590e-01 3.507549999999999835e-01 1.844099999999999906e-01 8.462000000000000077e-02 3.412430000000000324e-02 1.218640000000000001e-02 3.882790000000000113e-03 1.111430000000000057e-03 2.876210000000000030e-04 6.767219999999999898e-05 1.454979999999999917e-05 2.871649999999999856e-06 5.224159999999999843e-07 8.792589999999999723e-08 1.373690000000000041e-08 1.998260000000000087e-09 2.714070000000000224e-10 3.450650000000000125e-11 4.116360000000000042e-12 4.617400000000000096e-13 4.880059999999999706e-14 4.868600000000000265e-15 4.592900000000000143e-16 4.103700000000000127e-17 3.477980000000000039e-18 2.799990000000000094e-19 2.144079999999999981e-20 1.563609999999999956e-21 1.087239999999999956e-22 7.216430000000000130e-24 4.576930000000000164e-25 2.776609999999999788e-26 1.612709999999999944e-27 8.976170000000000066e-29 4.791690000000000068e-30 2.455299999999999880e-31 1.208579999999999967e-32 5.719040000000000325e-34 2.603490000000000256e-35 1.140949999999999945e-36 4.816560000000000496e-38 1.959909999999999848e-39 7.681090000000000040e-41 0.000000000000000000e+00
0.000000000000000000e+00 1.766020000000000090e-01 3.900560000000000138e-01 6.462010000000000254e-01 9.098410000000000108e-01 1.131709999999999994e+00 1.291330000000000089e+00 1.397550000000000070e+00 1.442499999999999893e+00 1.399370000000000003e+00 1.277150000000000007e+00 1.106570000000000054e+00 8.835079999999999600e-01 6.145159999999999512e-01 3.395409999999999817e-01 6.886720000000000341e-02 -1.900429999999999897e-01 -4.191770000000000218e-01 -6.168270000000000142e-01 -7.743379999999999708e-01 -8.923339999999999606e-01 -9.722920000000000451e-01 -1.019430000000000058e+00 -1.041250000000000009e+00 -1.046340000000000048e+00 -1.040969999999999951e+00 -1.028559999999999919e+00 -1.016029999999999989e+00 -1.004739999999999966e+00 -9.983659999999999757e-01 -9.976699999999999458e-01 -1.001309999999999922e+00 -1.011849999999999916e+00 -1.022669999999999968e+00 -1.035770000000000080e+00 -1.045439999999999925e+00 -1.045120000000000049e+00 -1.031360000000000054e+00 -9.950890000000000013e-01 -9.287849999999999717e-01 -8.264489999999999892e-01 -6.846339999999999648e-01 -5.029879999999999907e-01 -2.853629999999999778e-01 -3.743210000000000287e-02 2.306010000000000004e-01 5.040310000000000068e-01 7.791890000000000205e-01 1.024140000000000050e+00 1.214509999999999978e+00 1.358449999999999935e+00 1.436660000000000048e+00 1.424309999999999965e+00 1.339579999999999993e+00 1.202660000000000062e+00 1.006350000000000078e+00 7.567549999999999555e-01 4.986479999999999801e-01 2.852100000000000191e-01 1.417349999999999999e-01 6.155929999999999735e-02 2.354710000000000136e-02 7.995260000000000561e-03 2.427830000000000179e-03 6.638279999999999875e-04 1.644399999999999909e-04 3.710759999999999688e-05 7.665710000000000845e-06 1.456099999999999916e-06 2.553290000000000227e-07 4.147970000000000184e-08 6.263329999999999711e-09 8.816419999999999836e-10 1.160030000000000000e-10 1.430239999999999932e-11 1.656170000000000000e-12 1.804960000000000015e-13 1.855000000000000048e-14 1.801030000000000001e-15 1.654739999999999994e-16 1.440970000000000122e-17 1.191060000000000039e-18 9.357669999999999912e-20 6.997149999999999925e-21 4.985679999999999534e-22 3.389039999999999735e-23 2.200160000000000089e-24 1.365529999999999890e-25 8.110410000000000034e-27 4.614049999999999923e-28 2.516529999999999986e-29 1.316930000000000003e-30 6.617860000000000283e-32 3.195879999999999988e-33 1.484229999999999931e-34 6.633570000000000364e-36 2.855089999999999856e-37 1.184109999999999963e-38 4.728320000000000257e-40 0.000000000000000000e+00
0.000000000000000000e+00 2.509629999999999916e-01 5.248270000000000435e-01 8.100969999999999560e-01 1.063320000000000043e+00 1.250410000000000021e+00 1.373150000000000093e+00 1.435959999999999903e+00 1.414789999999999992e+00 1.301109999999999989e+00 1.125590000000000090e+00 8.969230000000000258e-01 6.145159999999999512e-01 3.217619999999999925e-01 3.578900000000000137e-02 -2.460040000000000004e-01 -4.911380000000000190e-01 -6.951279999999999681e-01 -8.520109999999999628e-01 -9.581619999999999582e-01 -1.022080000000000100e+00 -1.045930000000000026e+00 -1.044280000000000097e+00 -1.022650000000000059e+00 -9.905389999999999473e-01 -9.535430000000000295e-01 -9.185740000000000016e-01 -8.892879999999999674e-01 -8.677970000000000406e-01 -8.566390000000000393e-01 -8.547460000000000058e-01 -8.620130000000000292e-01 -8.809059999999999668e-01 -9.064400000000000235e-01 -9.392369999999999886e-01 -9.744399999999999729e-01 -1.011279999999999957e+00 -1.037099999999999911e+00 -1.049090000000000078e+00 -1.035230000000000095e+00 -9.893990000000000284e-01 -8.996009999999999840e-01 -7.645729999999999471e-01 -5.777839999999999643e-01 -3.494490000000000096e-01 -7.937420000000000586e-02 2.071469999999999978e-01 4.963569999999999927e-01 7.884649999999999714e-01 1.041029999999999900e+00 1.236869999999999914e+00 1.379499999999999948e+00 1.439519999999999911e+00 1.406509999999999927e+00 1.306640000000000024e+00 1.148120000000000029e+00 9.237760000000000415e-01 6.583459999999999868e-01 4.082120000000000193e-01 2.193620000000000014e-01 1.025559999999999944e-01 4.201400000000000273e-02 1.520370000000000055e-02 4.898379999999999922e-03 1.415369999999999996e-03 3.691999999999999752e-04 8.745760000000000101e-05 1.891330000000000067e-05 3.751619999999999920e-06 6.854749999999999888e-07 1.158080000000000004e-07 1.815330000000000017e-08 2.648500000000000108e-09 3.606669999999999809e-10 4.596300000000000196e-11 5.494679999999999767e-12 6.175430000000000274e-13 6.538310000000000491e-14 6.533689999999999875e-15 6.173159999999999714e-16 5.523619999999999887e-17 4.687820000000000067e-18 3.778950000000000122e-19 2.897390000000000150e-20 2.115570000000000020e-21 1.472819999999999918e-22 9.787290000000000546e-24 6.214789999999999733e-25 3.774660000000000200e-26 2.194979999999999857e-27 1.223149999999999924e-28 6.537269999999999754e-30 3.353809999999999784e-31 1.652889999999999915e-32 7.831299999999999984e-34 3.569609999999999792e-35 1.566380000000000116e-36 6.621330000000000082e-38 2.693960000000000033e-39 0.000000000000000000e+00
0.000000000000000000e+00 3.303570000000000118e-01 6.587269999999999515e-01 9.568590000000000151e-01 1.186290000000000067e+00 1.336740000000000039e+00 1.420800000000000063e+00 1.428539999999999921e+00 1.337299999999999933e+00 1.164179999999999993e+00 9.354449999999999710e-01 6.503799999999999581e-01 3.395409999999999817e-01 3.578900000000000137e-02 -2.657309999999999950e-01 -5.283069999999999711e-01 -7.353300000000000392e-01 -8.959920000000000107e-01 -9.936679999999999957e-01 -1.045879999999999921e+00 -1.049530000000000074e+00 -1.022450000000000081e+00 -9.716080000000000272e-01 -9.101190000000000113e-01 -8.463119999999999532e-01 -7.901960000000000095e-01 -7.410949999999999482e-01 -7.044620000000000326e-01 -6.805609999999999715e-01 -6.654259999999999620e-01 -6.632959999999999967e-01 -6.733130000000000503e-01 -6.918619999999999770e-01 -7.262060000000000182e-01 -7.698469999999999480e-01 -8.221950000000000092e-01 -8.834729999999999528e-01 -9.470100000000000184e-01 -1.004890000000000061e+00 -1.041579999999999950e+00 -1.052580000000000071e+00 -1.019700000000000051e+00 -9.416909999999999448e-01 -8.064529999999999754e-01 -6.164150000000000462e-01 -3.780000000000000027e-01 -8.619970000000000410e-02 2.171009999999999884e-01 5.260650000000000048e-01 8.276219999999999688e-01 1.078920000000000101e+00 1.275490000000000013e+00 1.404360000000000053e+00 1.435499999999999998e+00 1.379259999999999931e+00 1.258559999999999901e+00 1.069339999999999957e+00 8.164179999999999771e-01 5.456809999999999716e-01 3.160700000000000176e-01 1.587689999999999935e-01 6.958090000000000108e-02 2.681510000000000143e-02 9.161380000000000218e-03 2.796219999999999869e-03 7.678140000000000182e-04 1.908740000000000024e-04 4.320020000000000018e-05 8.946510000000000508e-06 1.702949999999999933e-06 2.991460000000000239e-07 4.867159999999999889e-08 7.358869999999999839e-09 1.037030000000000088e-09 1.365830000000000080e-10 1.685460000000000131e-11 1.953249999999999982e-12 2.130270000000000121e-13 2.190799999999999864e-14 2.128409999999999810e-15 1.956709999999999998e-16 1.704940000000000112e-17 1.410069999999999924e-18 1.108480000000000100e-19 8.293520000000000383e-21 5.912950000000000331e-22 4.021860000000000092e-23 2.612649999999999995e-24 1.622629999999999896e-25 9.644130000000000603e-27 5.490579999999999605e-28 2.996869999999999728e-29 1.569549999999999943e-30 7.893899999999999900e-32 3.815439999999999842e-33 1.773580000000000010e-34 7.934369999999999402e-36 3.418360000000000106e-37 1.417010000000000019e-38 0.000000000000000000e+00
