0	0	0	0	0	0	0	0	0	0	0	0	0	0	0	0	0	0	0	0	0	0	0	0	0	0	0	0	0	0	0	0	0	0	0	0	0	0	0	0	0	0	0	0	0	0	0	0	0	0	0	0	0	0	0	0	0	0	0	0	0	0	0	0	0	0	0	0	0	0	0	0	0	0	0	0	0	0	0	0	0	0	0	0	0	0	0	0	0	0	0	0	0	0	0	0	0	0	0	0	
0	-0.00542991	-0.0111342	-0.0176985	-0.0252514	-0.0331581	-0.0417192	-0.0488641	-0.0533353	-0.0537635	-0.0474765	-0.0353075	-0.0178539	0.00195235	0.0184169	0.0289828	0.0284432	0.0201657	0.00380591	-0.0141872	-0.0305367	-0.0470663	-0.0601365	-0.0710737	-0.0800844	-0.0793042	-0.0713516	-0.0605627	-0.0479473	-0.0423139	-0.0425347	-0.0449569	-0.0496689	-0.0529224	-0.0547712	-0.0553129	-0.0506207	-0.0429521	-0.0397562	-0.0434916	-0.0466286	-0.0465082	-0.0422978	-0.037887	-0.0363269	-0.0362103	-0.034488	-0.0351903	-0.0341625	-0.0283378	-0.0257114	-0.0270893	-0.0269556	-0.0248093	-0.0203702	-0.0191344	-0.0187731	-0.019351	-0.0147918	-0.0119574	-0.00976063	-0.00731069	-0.00412588	0.00442529	0.0102935	0.0154556	0.0207888	0.0281684	0.0286108	0.0202533	0.0102873	-0.00497342	-0.0268839	-0.0495971	-0.0624303	-0.0661214	-0.0642571	-0.0533655	-0.0354415	-0.0183701	-0.00328228	0.00902187	0.0183076	0.0303301	0.0347609	0.0264154	0.0146665	0.00130155	-0.00525856	-0.00470242	-0.00644387	-0.00456969	0.00174494	0.00542202	0.00803756	0.00776454	-0.000454169	-0.0089444	-0.00783275	0	
0	-0.0111342	-0.0229773	-0.0363254	-0.0513857	-0.0676673	-0.0849563	-0.0992727	-0.109812	-0.110736	-0.0998106	-0.0770815	-0.0423921	-0.00380319	0.0289152	0.0518838	0.0514621	0.0355058	0.0050224	-0.0318197	-0.0667796	-0.0977649	-0.126857	-0.149394	-0.163121	-0.163219	-0.146931	-0.124196	-0.100097	-0.0918991	-0.0901199	-0.0952784	-0.102085	-0.110607	-0.115195	-0.115483	-0.103407	-0.0925511	-0.087094	-0.0916565	-0.0958631	-0.0991915	-0.0917026	-0.0820406	-0.0775228	-0.0790415	-0.0753775	-0.077477	-0.0738354	-0.0639308	-0.0575353	-0.0605055	-0.0594924	-0.0545708	-0.0463431	-0.0414094	-0.0421208	-0.0404018	-0.0327343	-0.0256768	-0.0211571	-0.0170835	-0.00946572	0.00541369	0.0179555	0.0273045	0.0381754	0.0527728	0.0540445	0.038984	0.0192935	-0.00924459	-0.0534841	-0.0976641	-0.123499	-0.133924	-0.128762	-0.108865	-0.0741986	-0.0366558	-0.00762524	0.0180682	0.0394202	0.0602498	0.0682733	0.0525997	0.0274272	0.00203662	-0.0090303	-0.00814152	-0.0119408	-0.0101246	0.001976	0.0121336	0.0168748	0.0132927	-0.00195098	-0.0159295	-0.0137655	0	
0	-0.0176985	-0.0363254	-0.0573803	-0.0812553	-0.106458	-0.133311	-0.155922	-0.1712	-0.173529	-0.156734	-0.12222	-0.0709678	-0.0137748	0.0354345	0.0666686	0.0657955	0.0411934	-0.00661437	-0.0610004	-0.110825	-0.159968	-0.200182	-0.233419	-0.258748	-0.257995	-0.235315	-0.203037	-0.16652	-0.1503	-0.149047	-0.15591	-0.169062	-0.179786	-0.185495	-0.186725	-0.172585	-0.151665	-0.142028	-0.151384	-0.16021	-0.160584	-0.148702	-0.135505	-0.130506	-0.129449	-0.124655	-0.126107	-0.122185	-0.105955	-0.0974161	-0.100123	-0.0989328	-0.0924522	-0.0792249	-0.0737344	-0.0725145	-0.0721838	-0.0591862	-0.0495166	-0.0419947	-0.0342753	-0.0228665	0.00150078	0.0202936	0.0368309	0.0537047	0.0755684	0.0776443	0.0553828	0.026232	-0.0189881	-0.0831439	-0.149	-0.188197	-0.200716	-0.194445	-0.162616	-0.10975	-0.0576615	-0.0125811	0.0248288	0.0543651	0.0887876	0.101618	0.0786942	0.0439288	0.00563745	-0.0136416	-0.0141673	-0.0193494	-0.0140404	0.00430695	0.0165431	0.0238328	0.0218343	-0.00121978	-0.025148	-0.0225044	0	
0	-0.0252514	-0.0513857	-0.0812553	-0.113506	-0.148949	-0.185194	-0.21655	-0.239051	-0.243164	-0.224235	-0.180096	-0.115032	-0.0397257	0.0241058	0.0672132	0.0681353	0.0360861	-0.0243084	-0.0964693	-0.165992	-0.229588	-0.286215	-0.332123	-0.361737	-0.362319	-0.332564	-0.288509	-0.242027	-0.221866	-0.219059	-0.228967	-0.243249	-0.25733	-0.267383	-0.267802	-0.247594	-0.224813	-0.21398	-0.221391	-0.230711	-0.235487	-0.221762	-0.203927	-0.194976	-0.195471	-0.18913	-0.191749	-0.184447	-0.165491	-0.15331	-0.15549	-0.153419	-0.143784	-0.1271	-0.116612	-0.115298	-0.111585	-0.0951386	-0.0806082	-0.0697028	-0.0590768	-0.0422993	-0.0119952	0.0142328	0.0358957	0.0599366	0.0877788	0.0918215	0.0663952	0.0277986	-0.0293234	-0.11341	-0.198605	-0.250449	-0.271204	-0.261879	-0.221038	-0.153172	-0.0808108	-0.020744	0.0305432	0.0737269	0.116698	0.132822	0.103897	0.0564396	0.00818851	-0.0161907	-0.0185294	-0.0236934	-0.0183746	0.00312235	0.0222779	0.032136	0.0258996	-0.00273916	-0.0299327	-0.0265842	0	
0	-0.0331581	-0.0676673	-0.106458	-0.148949	-0.194554	-0.24205	-0.282461	-0.312302	-0.318921	-0.296239	-0.243705	-0.162204	-0.0721683	0.00880149	0.0596905	0.0613494	0.0213846	-0.0541156	-0.144534	-0.229489	-0.310277	-0.379313	-0.435932	-0.474524	-0.476597	-0.442775	-0.389772	-0.332753	-0.306335	-0.3005	-0.310358	-0.329738	-0.349093	-0.360045	-0.361289	-0.339093	-0.309353	-0.294235	-0.305093	-0.318825	-0.321172	-0.304671	-0.283974	-0.275303	-0.272177	-0.266015	-0.267118	-0.259339	-0.236462	-0.221663	-0.222372	-0.219324	-0.208659	-0.18786	-0.174918	-0.17209	-0.166932	-0.146872	-0.128599	-0.113417	-0.0990662	-0.0757107	-0.0380043	-0.00391513	0.0269859	0.0578685	0.0931199	0.0993117	0.070425	0.0242961	-0.0487557	-0.150258	-0.253193	-0.319486	-0.344077	-0.332283	-0.280687	-0.195707	-0.107233	-0.0314383	0.0323982	0.0863807	0.140179	0.1604	0.128332	0.0729466	0.0143693	-0.0173167	-0.0240885	-0.0319509	-0.0238625	0.00421022	0.0272462	0.0385185	0.0323993	-0.00167796	-0.0368297	-0.0341461	0	
0	-0.0417192	-0.0849563	-0.133311	-0.185194	-0.24205	-0.298537	-0.349726	-0.385328	-0.395419	-0.371702	-0.309075	-0.218094	-0.10993	-0.0161482	0.0445477	0.0498502	0.00359321	-0.0840754	-0.189116	-0.292306	-0.389067	-0.472436	-0.541815	-0.58844	-0.592149	-0.553142	-0.490529	-0.425183	-0.389345	-0.383795	-0.397841	-0.41968	-0.438056	-0.453731	-0.454948	-0.432049	-0.399791	-0.383738	-0.392195	-0.407553	-0.413282	-0.396747	-0.374505	-0.36247	-0.359952	-0.353898	-0.355695	-0.346153	-0.322111	-0.305759	-0.303902	-0.301044	-0.28862	-0.265005	-0.249065	-0.24358	-0.236508	-0.212693	-0.190065	-0.171293	-0.151061	-0.122708	-0.0781033	-0.0358647	0.00212271	0.0426555	0.0822254	0.0918352	0.0637725	0.0089311	-0.0755764	-0.192292	-0.311675	-0.389788	-0.42124	-0.407852	-0.345631	-0.246615	-0.141774	-0.0486846	0.0298591	0.0972083	0.161913	0.187206	0.151192	0.0863689	0.0202516	-0.0196237	-0.0317698	-0.0362028	-0.0252066	0.00280219	0.0294821	0.0440844	0.036023	-0.00194061	-0.0395737	-0.0368662	0	
0	-0.0488641	-0.0992727	-0.155922	-0.21655	-0.282461	-0.349726	-0.40813	-0.452381	-0.464577	-0.438547	-0.370485	-0.263584	-0.143092	-0.0320493	0.0385204	0.0479806	-0.00390078	-0.101565	-0.224143	-0.344757	-0.456412	-0.55473	-0.635454	-0.686754	-0.693539	-0.653589	-0.582931	-0.510029	-0.471023	-0.459949	-0.471015	-0.494735	-0.52176	-0.540731	-0.542645	-0.517653	-0.483735	-0.466007	-0.475638	-0.494591	-0.500783	-0.48565	-0.462593	-0.451687	-0.447539	-0.444055	-0.445384	-0.436154	-0.413258	-0.395496	-0.392489	-0.389634	-0.37706	-0.353013	-0.333649	-0.328352	-0.317561	-0.293119	-0.267331	-0.243752	-0.2207	-0.184513	-0.135775	-0.0854336	-0.0373118	0.0104961	0.0565628	0.0703972	0.0432408	-0.016624	-0.11357	-0.244602	-0.376736	-0.468898	-0.507921	-0.490659	-0.419112	-0.305822	-0.181501	-0.0719093	0.021242	0.104256	0.176202	0.204305	0.170216	0.100049	0.0274138	-0.0176673	-0.0359791	-0.0443595	-0.0333398	0.000377838	0.0342255	0.049946	0.0389322	-0.0016835	-0.0423942	-0.0409907	0	
0	-0.0533353	-0.109812	-0.1712	-0.239051	-0.312302	-0.385328	-0.452381	-0.498386	-0.512879	-0.483342	-0.404596	-0.287649	-0.15002	-0.0251442	0.0546815	0.0694584	0.0144381	-0.0937515	-0.228187	-0.364005	-0.491771	-0.603271	-0.695558	-0.75776	-0.769094	-0.726473	-0.649883	-0.570557	-0.5193	-0.507028	-0.52315	-0.551028	-0.576996	-0.59824	-0.602229	-0.581609	-0.547594	-0.528599	-0.537648	-0.559429	-0.56871	-0.556459	-0.5363	-0.525117	-0.521693	-0.52152	-0.524047	-0.517053	-0.496811	-0.480774	-0.476972	-0.476162	-0.465776	-0.442256	-0.424556	-0.417395	-0.406895	-0.382546	-0.35482	-0.329862	-0.300629	-0.260886	-0.206939	-0.148741	-0.0926396	-0.035005	0.0143462	0.032201	0.00779894	-0.0588499	-0.167199	-0.309308	-0.453914	-0.557648	-0.601607	-0.582935	-0.500414	-0.373178	-0.235254	-0.107569	0.00251509	0.0993935	0.183101	0.219635	0.186832	0.112149	0.0345134	-0.0205549	-0.0472149	-0.0515135	-0.0343865	-0.000914998	0.0326589	0.0509499	0.0409635	-0.000735285	-0.0426067	-0.0419736	0	
0	-0.0537635	-0.110736	-0.173529	-0.243164	-0.318921	-0.395419	-0.464577	-0.512879	-0.526206	-0.491786	-0.405086	-0.273993	-0.121072	0.0202104	0.113784	0.137212	0.0817551	-0.0318906	-0.179218	-0.333291	-0.47531	-0.603179	-0.707543	-0.774779	-0.789692	-0.748694	-0.667687	-0.584809	-0.530084	-0.51411	-0.526309	-0.553847	-0.587084	-0.615029	-0.62117	-0.601225	-0.569381	-0.552071	-0.561799	-0.58613	-0.599382	-0.592646	-0.576546	-0.567249	-0.566899	-0.571806	-0.576827	-0.57349	-0.559875	-0.547173	-0.544854	-0.547667	-0.540077	-0.521691	-0.505489	-0.5001	-0.489048	-0.468098	-0.4414	-0.415327	-0.384393	-0.341593	-0.286887	-0.223739	-0.16068	-0.0967536	-0.0446404	-0.0225064	-0.0441819	-0.115201	-0.232302	-0.385343	-0.540017	-0.6558	-0.709474	-0.688736	-0.597635	-0.459066	-0.30188	-0.154925	-0.0265108	0.0889765	0.179965	0.220767	0.193527	0.118072	0.0384112	-0.0209125	-0.0535874	-0.0603623	-0.0442357	-0.00812044	0.0323934	0.0534687	0.0405693	-0.0014219	-0.0415612	-0.0419252	0	
0	-0.0474765	-0.0998106	-0.156734	-0.224235	-0.296239	-0.371702	-0.438547	-0.483342	-0.491786	-0.447577	-0.349347	-0.201635	-0.0324597	0.126417	0.232411	0.264514	0.209847	0.0914721	-0.0667466	-0.233801	-0.390656	-0.532806	-0.649166	-0.726922	-0.750155	-0.711778	-0.629817	-0.542713	-0.480291	-0.460629	-0.474705	-0.50611	-0.54374	-0.572668	-0.582102	-0.568423	-0.540792	-0.524481	-0.534882	-0.562161	-0.577923	-0.5785	-0.568219	-0.563003	-0.564761	-0.575836	-0.583744	-0.586593	-0.580971	-0.573432	-0.575467	-0.582958	-0.58148	-0.5708	-0.561335	-0.559564	-0.551842	-0.537837	-0.516034	-0.492314	-0.461373	-0.418867	-0.364689	-0.298976	-0.230112	-0.162143	-0.108922	-0.0845115	-0.106947	-0.183229	-0.311587	-0.47564	-0.640097	-0.768138	-0.828551	-0.806407	-0.707035	-0.556885	-0.385289	-0.220547	-0.0731817	0.0592484	0.161047	0.211902	0.193865	0.121026	0.0385306	-0.0284557	-0.0678043	-0.0738278	-0.0525696	-0.0135877	0.0268507	0.0490886	0.0378926	-0.00173082	-0.0389698	-0.0397429	0	
0	-0.0353075	-0.0770815	-0.12222	-0.180096	-0.243705	-0.309075	-0.370485	-0.404596	-0.405086	-0.349347	-0.235734	-0.0733982	0.116157	0.292507	0.416057	0.459952	0.413002	0.291179	0.12702	-0.0562261	-0.227934	-0.387512	-0.515931	-0.603903	-0.634482	-0.599737	-0.519931	-0.434756	-0.367247	-0.344876	-0.358951	-0.391309	-0.432293	-0.466527	-0.481622	-0.472411	-0.450858	-0.436364	-0.448752	-0.475424	-0.49788	-0.50424	-0.502737	-0.499381	-0.507782	-0.52416	-0.536382	-0.54635	-0.549762	-0.550471	-0.557899	-0.571494	-0.576911	-0.575829	-0.576436	-0.578565	-0.576258	-0.571669	-0.556494	-0.539923	-0.510256	-0.473374	-0.424161	-0.359027	-0.291828	-0.222503	-0.17202	-0.149187	-0.172738	-0.256466	-0.394377	-0.568753	-0.745534	-0.88599	-0.956588	-0.938078	-0.83383	-0.674639	-0.489128	-0.304855	-0.134957	0.0151791	0.126324	0.187393	0.17864	0.110321	0.0302003	-0.0400616	-0.084535	-0.0903032	-0.0663519	-0.0266554	0.0155041	0.0418764	0.0327597	-0.00369313	-0.0357674	-0.0363317	0	
0	-0.0178539	-0.0423921	-0.0709678	-0.115032	-0.162204	-0.218094	-0.263584	-0.287649	-0.273993	-0.201635	-0.0733982	0.110687	0.319288	0.51568	0.657784	0.71615	0.67509	0.557432	0.384601	0.190559	0.00389408	-0.170797	-0.314303	-0.412719	-0.452888	-0.426975	-0.35335	-0.267131	-0.199707	-0.176867	-0.186803	-0.219969	-0.268854	-0.308175	-0.326353	-0.323626	-0.30697	-0.297996	-0.310437	-0.338753	-0.360588	-0.375948	-0.38037	-0.382796	-0.394039	-0.414942	-0.430793	-0.446883	-0.459983	-0.467406	-0.482288	-0.50124	-0.512915	-0.524654	-0.535332	-0.544736	-0.549465	-0.555086	-0.552836	-0.542295	-0.520368	-0.490827	-0.447832	-0.390178	-0.323945	-0.260235	-0.214728	-0.195065	-0.228454	-0.320241	-0.470182	-0.660346	-0.850019	-1.00518	-1.08927	-1.07523	-0.96986	-0.806534	-0.608434	-0.40688	-0.218381	-0.0498921	0.0726189	0.142798	0.147927	0.090465	0.0102882	-0.0627519	-0.106841	-0.114208	-0.0902823	-0.0460932	4.96063e-05	0.0289108	0.0220394	-0.00856379	-0.0326261	-0.0316233	0	
0	0.00195235	-0.00380319	-0.0137748	-0.0397257	-0.0721683	-0.10993	-0.143092	-0.15002	-0.121072	-0.0324597	0.116157	0.319288	0.549521	0.767967	0.930086	1.00402	0.97816	0.861575	0.689228	0.484597	0.284962	0.0939119	-0.0612642	-0.173048	-0.225527	-0.208017	-0.142233	-0.0631363	0.00647955	0.0348046	0.0218377	-0.0169472	-0.0681635	-0.107972	-0.133453	-0.13708	-0.130315	-0.123651	-0.137477	-0.160642	-0.187203	-0.20643	-0.218615	-0.222424	-0.237967	-0.260728	-0.278329	-0.299989	-0.318615	-0.333872	-0.354485	-0.376818	-0.394193	-0.415703	-0.438434	-0.453216	-0.46469	-0.482117	-0.489977	-0.49064	-0.475468	-0.455683	-0.423357	-0.371858	-0.315148	-0.258806	-0.219692	-0.211062	-0.254751	-0.35932	-0.524651	-0.730377	-0.939667	-1.11288	-1.21136	-1.20998	-1.10985	-0.944085	-0.74027	-0.525373	-0.316593	-0.134234	-0.00261637	0.0816176	0.101174	0.0529675	-0.0229902	-0.0958844	-0.142822	-0.150013	-0.119139	-0.0715146	-0.0272511	0.00491343	0.00549917	-0.0162676	-0.0302218	-0.0257007	0	
0	0.0184169	0.0289152	0.0354345	0.0241058	0.00880149	-0.0161482	-0.0320493	-0.0251442	0.0202104	0.126417	0.292507	0.51568	0.767967	1.00682	1.19272	1.28713	1.2766	1.17308	1.00085	0.791801	0.579598	0.375457	0.205656	0.0833366	0.021844	0.0300093	0.0840978	0.159656	0.224684	0.249159	0.240977	0.205647	0.14936	0.100555	0.0700355	0.0597516	0.0613733	0.0617573	0.0478621	0.0254389	0.00160379	-0.0211974	-0.0376477	-0.0452244	-0.0623123	-0.0833736	-0.101921	-0.124504	-0.147605	-0.166924	-0.192357	-0.214822	-0.23395	-0.263749	-0.294499	-0.313422	-0.330042	-0.354141	-0.373227	-0.380871	-0.373666	-0.363689	-0.338884	-0.29871	-0.25095	-0.205467	-0.17651	-0.178632	-0.239593	-0.35849	-0.5383	-0.765376	-0.995726	-1.18914	-1.30936	-1.32572	-1.23853	-1.08035	-0.87487	-0.649006	-0.42594	-0.231061	-0.0888948	0.00331036	0.0341405	-0.000994135	-0.0732356	-0.14427	-0.185237	-0.192014	-0.164489	-0.115229	-0.0648179	-0.0260682	-0.0179583	-0.0286528	-0.0318178	-0.0233357	0	
0	0.0289828	0.0518838	0.0666686	0.0672132	0.0596905	0.0445477	0.0385204	0.0546815	0.113784	0.232411	0.416057	0.657784	0.930086	1.19272	1.40048	1.51745	1.52726	1.43671	1.27277	1.06443	0.845506	0.634516	0.455733	0.324236	0.254088	0.250226	0.295031	0.363062	0.426414	0.456667	0.450561	0.407521	0.348921	0.298541	0.263767	0.24566	0.238293	0.229425	0.215379	0.198545	0.177652	0.151455	0.131247	0.121706	0.106096	0.0880197	0.0718606	0.0504577	0.0289224	0.00697774	-0.0186797	-0.0382327	-0.0548454	-0.0880687	-0.123051	-0.143328	-0.161948	-0.188957	-0.215585	-0.227902	-0.227618	-0.223121	-0.205066	-0.172388	-0.133051	-0.0977187	-0.0746419	-0.0902928	-0.167443	-0.301652	-0.499681	-0.748383	-1.00542	-1.22323	-1.36652	-1.40725	-1.3389	-1.19261	-0.993111	-0.764138	-0.534362	-0.334319	-0.186184	-0.0858472	-0.0414867	-0.0654232	-0.134985	-0.203401	-0.243918	-0.252817	-0.221125	-0.165885	-0.113715	-0.0718685	-0.0543814	-0.0499952	-0.0356805	-0.0177801	0	
0	0.0284432	0.0514621	0.0657955	0.0681353	0.0613494	0.0498502	0.0479806	0.0694584	0.137212	0.264514	0.459952	0.71615	1.00402	1.28713	1.51745	1.65906	1.69385	1.62521	1.47538	1.27406	1.05443	0.837611	0.653076	0.51788	0.443148	0.435254	0.473702	0.536083	0.595072	0.626925	0.623376	0.586451	0.528003	0.472235	0.429892	0.405004	0.386919	0.372879	0.357606	0.341847	0.321243	0.296474	0.274715	0.261423	0.246248	0.232267	0.219582	0.202372	0.183425	0.161622	0.136623	0.123618	0.111387	0.0799274	0.0457353	0.0260844	0.0118615	-0.0140492	-0.0398627	-0.0530939	-0.0543926	-0.0492582	-0.0341243	-0.00372301	0.0282698	0.0571436	0.0753229	0.0476878	-0.0434456	-0.191798	-0.404062	-0.673048	-0.954024	-1.19618	-1.36571	-1.43482	-1.39546	-1.26973	-1.08277	-0.858145	-0.625617	-0.423689	-0.273444	-0.169501	-0.120729	-0.140564	-0.206692	-0.270856	-0.307885	-0.316311	-0.288803	-0.236346	-0.179771	-0.129404	-0.0975276	-0.0747977	-0.0471462	-0.0219488	0	
0	0.0201657	0.0355058	0.0411934	0.0360861	0.0213846	0.00359321	-0.00390078	0.0144381	0.0817551	0.209847	0.413002	0.67509	0.97816	1.2766	1.52726	1.69385	1.75271	1.70795	1.577	1.38965	1.1738	0.96335	0.778678	0.644098	0.571771	0.560585	0.594395	0.655223	0.717208	0.754678	0.760153	0.725114	0.669686	0.609501	0.56573	0.532857	0.508786	0.480641	0.460009	0.444441	0.430609	0.404479	0.377152	0.359248	0.345706	0.336007	0.325351	0.313974	0.299543	0.278807	0.258094	0.251286	0.24677	0.221087	0.19084	0.175916	0.165794	0.148558	0.125611	0.115887	0.117548	0.12578	0.146242	0.177164	0.208669	0.238474	0.255642	0.223727	0.124773	-0.0336957	-0.256146	-0.541746	-0.845488	-1.1099	-1.30471	-1.40469	-1.39348	-1.29238	-1.12442	-0.907532	-0.683826	-0.489554	-0.339234	-0.237341	-0.188209	-0.204367	-0.270154	-0.335429	-0.374768	-0.387127	-0.364549	-0.312882	-0.251794	-0.196349	-0.153426	-0.111315	-0.0631237	-0.0242336	0	
0	0.00380591	0.0050224	-0.00661437	-0.0243084	-0.0541156	-0.0840754	-0.101565	-0.0937515	-0.0318906	0.0914721	0.291179	0.557432	0.861575	1.17308	1.43671	1.62521	1.70795	1.68922	1.57973	1.40884	1.20319	0.998309	0.817514	0.690373	0.624523	0.615833	0.656037	0.717347	0.780766	0.830497	0.848016	0.823968	0.775392	0.718236	0.672988	0.634954	0.598239	0.561047	0.538038	0.520655	0.505313	0.476959	0.449095	0.423709	0.409911	0.398101	0.391598	0.384194	0.373707	0.353743	0.336405	0.335457	0.337115	0.319311	0.296282	0.283889	0.282606	0.273878	0.259734	0.257247	0.263211	0.283293	0.309951	0.34838	0.385365	0.419234	0.442273	0.410129	0.310693	0.150182	-0.0778246	-0.371715	-0.687881	-0.970582	-1.18678	-1.31274	-1.33342	-1.25953	-1.11025	-0.908662	-0.696481	-0.50833	-0.364973	-0.26959	-0.22491	-0.248816	-0.317664	-0.382162	-0.425988	-0.445922	-0.434876	-0.391547	-0.329003	-0.268442	-0.212742	-0.149851	-0.083815	-0.0327879	0	
0	-0.0141872	-0.0318197	-0.0610004	-0.0964693	-0.144534	-0.189116	-0.224143	-0.228187	-0.179218	-0.0667466	0.12702	0.384601	0.689228	1.00085	1.27277	1.47538	1.577	1.57973	1.4928	1.3374	1.14519	0.947784	0.77395	0.654266	0.595881	0.595903	0.642645	0.709386	0.78621	0.850409	0.88137	0.876648	0.843565	0.792707	0.750209	0.710897	0.669571	0.625169	0.592068	0.570036	0.556364	0.531056	0.494916	0.461735	0.443	0.430679	0.422949	0.419049	0.409477	0.389978	0.37587	0.376821	0.383718	0.374162	0.35808	0.348899	0.354461	0.355274	0.352324	0.35584	0.371458	0.401845	0.439113	0.48842	0.532831	0.57941	0.607799	0.582539	0.491953	0.332492	0.107103	-0.186706	-0.507376	-0.798935	-1.02966	-1.17624	-1.22183	-1.17231	-1.0435	-0.856941	-0.657842	-0.480161	-0.342361	-0.251983	-0.218183	-0.252671	-0.323566	-0.394724	-0.451352	-0.48027	-0.482915	-0.454527	-0.396707	-0.333427	-0.266619	-0.186709	-0.106939	-0.0448319	0	
0	-0.0305367	-0.0667796	-0.110825	-0.165992	-0.229489	-0.292306	-0.344757	-0.364005	-0.333291	-0.233801	-0.0562261	0.190559	0.484597	0.791801	1.06443	1.27406	1.38965	1.40884	1.3374	1.19676	1.01045	0.819608	0.650047	0.537273	0.488917	0.49828	0.55341	0.628794	0.715502	0.796903	0.85405	0.875151	0.860233	0.825553	0.794588	0.759407	0.716214	0.666082	0.627728	0.60401	0.591344	0.563256	0.522933	0.481997	0.458354	0.437785	0.429442	0.425645	0.415565	0.395949	0.38294	0.384496	0.392732	0.392771	0.381705	0.376448	0.386178	0.396052	0.402756	0.412934	0.437015	0.476691	0.525045	0.582881	0.640464	0.69858	0.734677	0.72212	0.643853	0.494881	0.275059	-0.0107039	-0.32462	-0.620645	-0.858803	-1.01846	-1.08301	-1.05223	-0.938249	-0.76246	-0.573478	-0.401011	-0.266433	-0.183906	-0.161475	-0.205483	-0.280201	-0.356458	-0.423534	-0.468939	-0.494943	-0.484838	-0.434427	-0.37442	-0.305378	-0.215298	-0.123245	-0.0516704	0	
0	-0.0470663	-0.0977649	-0.159968	-0.229588	-0.310277	-0.389067	-0.456412	-0.491771	-0.47531	-0.390656	-0.227934	0.00389408	0.284962	0.579598	0.845506	1.05443	1.1738	1.20319	1.14519	1.01045	0.833822	0.642464	0.471521	0.360279	0.313486	0.325586	0.389956	0.472019	0.573831	0.674923	0.754449	0.804108	0.818809	0.808276	0.795128	0.772357	0.734223	0.685987	0.647084	0.622696	0.609499	0.58514	0.542933	0.496352	0.462366	0.434607	0.422843	0.416921	0.403163	0.381769	0.369224	0.365096	0.374585	0.378175	0.373041	0.368545	0.381093	0.397331	0.411791	0.43003	0.461339	0.511237	0.568733	0.637114	0.708391	0.778265	0.821361	0.820373	0.758036	0.617965	0.40614	0.133173	-0.168496	-0.458614	-0.698437	-0.860707	-0.934314	-0.918387	-0.813553	-0.648231	-0.465395	-0.289379	-0.153387	-0.0694204	-0.0499998	-0.101938	-0.177301	-0.257314	-0.338352	-0.399316	-0.444928	-0.459366	-0.427594	-0.375526	-0.308992	-0.219736	-0.128179	-0.0560601	0	
0	-0.0601365	-0.126857	-0.200182	-0.286215	-0.379313	-0.472436	-0.55473	-0.603271	-0.603179	-0.532806	-0.387512	-0.170797	0.0939119	0.375457	0.634516	0.837611	0.96335	0.998309	0.947784	0.819608	0.642464	0.443769	0.269066	0.150232	0.0987318	0.114858	0.177799	0.262306	0.37143	0.485467	0.589262	0.672622	0.716741	0.73856	0.74843	0.743357	0.719069	0.683376	0.644277	0.622315	0.61483	0.598161	0.554146	0.503496	0.460942	0.424719	0.406907	0.395313	0.375481	0.352663	0.335872	0.326996	0.332312	0.34008	0.337393	0.336116	0.350281	0.369493	0.392342	0.415869	0.455598	0.51102	0.575446	0.651887	0.735265	0.814504	0.862987	0.874903	0.828041	0.701491	0.498553	0.241746	-0.0417436	-0.326513	-0.562956	-0.725628	-0.806297	-0.795771	-0.698402	-0.536798	-0.347127	-0.163134	-0.0168298	0.0757959	0.094398	0.0461983	-0.0201656	-0.0977426	-0.183754	-0.259373	-0.326439	-0.36452	-0.356967	-0.322119	-0.265982	-0.188473	-0.111929	-0.0519746	0	
0	-0.0710737	-0.149394	-0.233419	-0.332123	-0.435932	-0.541815	-0.635454	-0.695558	-0.707543	-0.649166	-0.515931	-0.314303	-0.0612642	0.205656	0.455733	0.653076	0.778678	0.817514	0.77395	0.650047	0.471521	0.269066	0.0816617	-0.0499026	-0.112797	-0.107635	-0.0549984	0.0270736	0.136029	0.25625	0.379245	0.487652	0.564038	0.616485	0.654614	0.675819	0.673105	0.647667	0.620664	0.611412	0.611822	0.60126	0.56471	0.518822	0.468114	0.42359	0.398506	0.380344	0.35283	0.325422	0.302418	0.284176	0.283247	0.287331	0.284174	0.284624	0.295314	0.315677	0.340389	0.371042	0.416756	0.476448	0.548192	0.631999	0.72909	0.816591	0.871615	0.895041	0.862387	0.746359	0.552056	0.310518	0.0420645	-0.231249	-0.463064	-0.622721	-0.700736	-0.695768	-0.603467	-0.442135	-0.247201	-0.0474971	0.117694	0.224614	0.258664	0.22858	0.176552	0.110538	0.0289224	-0.054618	-0.137024	-0.198508	-0.215602	-0.199849	-0.169961	-0.123894	-0.0694583	-0.0280628	0	
0	-0.0800844	-0.163121	-0.258748	-0.361737	-0.474524	-0.58844	-0.686754	-0.75776	-0.774779	-0.726922	-0.603903	-0.412719	-0.173048	0.0833366	0.324236	0.51788	0.644098	0.690373	0.654266	0.537273	0.360279	0.150232	-0.0499026	-0.199857	-0.280512	-0.293831	-0.254996	-0.186692	-0.0881898	0.027579	0.159982	0.282389	0.38518	0.46791	0.535995	0.579368	0.599561	0.596525	0.588341	0.587594	0.600444	0.607139	0.586438	0.544824	0.491586	0.442996	0.412117	0.383694	0.348252	0.313472	0.281032	0.251242	0.239773	0.233392	0.226483	0.225335	0.231193	0.247437	0.270848	0.307583	0.355652	0.419278	0.493833	0.584351	0.691787	0.783649	0.84671	0.878735	0.857503	0.753631	0.569979	0.343852	0.0925691	-0.168601	-0.393811	-0.548455	-0.626787	-0.62537	-0.53828	-0.379455	-0.173063	0.0468435	0.233678	0.362454	0.42165	0.419944	0.391702	0.347386	0.280847	0.197703	0.109442	0.033417	-0.0122045	-0.0266855	-0.0244682	-0.013508	-0.00355596	-0.00205907	0	
0	-0.0793042	-0.163219	-0.257995	-0.362319	-0.476597	-0.592149	-0.693539	-0.769094	-0.789692	-0.750155	-0.634482	-0.452888	-0.225527	0.021844	0.254088	0.443148	0.571771	0.624523	0.595881	0.488917	0.313486	0.0987318	-0.112797	-0.280512	-0.383381	-0.415776	-0.400551	-0.351848	-0.274776	-0.171623	-0.0466475	0.0825226	0.204283	0.309419	0.397219	0.464705	0.509057	0.524847	0.534498	0.553011	0.585536	0.608765	0.607049	0.58251	0.53731	0.490598	0.453893	0.421053	0.378868	0.33769	0.293073	0.25328	0.227084	0.204319	0.189147	0.181032	0.179445	0.183532	0.201524	0.237009	0.283836	0.346327	0.419219	0.51474	0.625548	0.722026	0.792822	0.831959	0.820562	0.727696	0.557973	0.345997	0.108963	-0.138635	-0.354669	-0.504844	-0.581723	-0.581361	-0.501412	-0.343239	-0.124522	0.113281	0.323837	0.477988	0.567579	0.601648	0.604572	0.589073	0.545333	0.473766	0.387835	0.299001	0.228559	0.185519	0.149546	0.112773	0.0786521	0.0409338	0	
0	-0.0713516	-0.146931	-0.235315	-0.332564	-0.442775	-0.553142	-0.653589	-0.726473	-0.748694	-0.711778	-0.599737	-0.426975	-0.208017	0.0300093	0.250226	0.435254	0.560585	0.615833	0.595903	0.49828	0.325586	0.114858	-0.107635	-0.293831	-0.415776	-0.475887	-0.487668	-0.462527	-0.410959	-0.328835	-0.216955	-0.0932692	0.033728	0.148658	0.253045	0.339101	0.400016	0.433479	0.464181	0.499338	0.548256	0.593162	0.622041	0.619758	0.592565	0.554868	0.524458	0.491041	0.449946	0.402692	0.351152	0.303563	0.260649	0.220216	0.189948	0.17317	0.157482	0.146532	0.151743	0.179639	0.220525	0.276339	0.345148	0.43981	0.548842	0.646262	0.723206	0.765071	0.75732	0.673015	0.516118	0.316538	0.0899872	-0.14163	-0.344113	-0.48825	-0.558626	-0.559151	-0.485473	-0.325528	-0.100878	0.152539	0.386885	0.564272	0.690568	0.767326	0.801504	0.813948	0.796495	0.741482	0.658658	0.561803	0.474564	0.401343	0.323535	0.239847	0.158176	0.0780226	0	
0	-0.0605627	-0.124196	-0.203037	-0.288509	-0.389772	-0.490529	-0.582931	-0.649883	-0.667687	-0.629817	-0.519931	-0.35335	-0.142233	0.0840978	0.295031	0.473702	0.594395	0.656037	0.642645	0.55341	0.389956	0.177799	-0.0549984	-0.254996	-0.400551	-0.487668	-0.519859	-0.521693	-0.498186	-0.440548	-0.353524	-0.246093	-0.121702	-0.00160336	0.114372	0.208179	0.275789	0.321372	0.367398	0.415767	0.480768	0.54774	0.602991	0.629198	0.630198	0.614084	0.594744	0.572006	0.539339	0.4936	0.442952	0.392279	0.339273	0.28132	0.238701	0.209446	0.181713	0.154588	0.144241	0.159874	0.19001	0.235837	0.295459	0.382779	0.480589	0.574751	0.65047	0.689807	0.679474	0.598494	0.456244	0.264276	0.0476679	-0.167202	-0.357359	-0.4911	-0.558568	-0.561119	-0.488534	-0.329836	-0.097397	0.173431	0.426187	0.631136	0.794319	0.903558	0.966422	1.00375	1.00693	0.970449	0.89539	0.794134	0.687998	0.576993	0.45911	0.340922	0.222665	0.107615	0	
0	-0.0479473	-0.100097	-0.16652	-0.242027	-0.332753	-0.425183	-0.510029	-0.570557	-0.584809	-0.542713	-0.434756	-0.267131	-0.0631363	0.159656	0.363062	0.536083	0.655223	0.717347	0.709386	0.628794	0.472019	0.262306	0.0270736	-0.186692	-0.351848	-0.462527	-0.521693	-0.554129	-0.558575	-0.527954	-0.46867	-0.376094	-0.260773	-0.14323	-0.0302249	0.0652039	0.137798	0.191192	0.240514	0.295379	0.370496	0.451343	0.529969	0.586327	0.622358	0.631299	0.634454	0.633223	0.618644	0.584919	0.545974	0.503971	0.448177	0.382845	0.329782	0.289751	0.252007	0.21019	0.183284	0.181783	0.198122	0.231554	0.28025	0.354558	0.439648	0.526657	0.598908	0.632757	0.613403	0.534232	0.397162	0.207978	-0.00394154	-0.211539	-0.387549	-0.513233	-0.577937	-0.576916	-0.5046	-0.342785	-0.104268	0.173796	0.441777	0.671395	0.864161	1.00341	1.09241	1.14684	1.16472	1.14262	1.06858	0.956133	0.832409	0.694953	0.54532	0.394967	0.250863	0.120193	0	
0	-0.0423139	-0.0918991	-0.1503	-0.221866	-0.306335	-0.389345	-0.471023	-0.5193	-0.530084	-0.480291	-0.367247	-0.199707	0.00647955	0.224684	0.426414	0.595072	0.717208	0.780766	0.78621	0.715502	0.573831	0.37143	0.136029	-0.0881898	-0.274776	-0.410959	-0.498186	-0.558575	-0.587296	-0.58405	-0.554222	-0.482355	-0.387531	-0.278411	-0.164143	-0.0634117	0.00286467	0.0531091	0.0993191	0.158381	0.23023	0.318318	0.408683	0.490786	0.555628	0.593823	0.624104	0.648919	0.657589	0.644707	0.628443	0.6024	0.554951	0.493759	0.435462	0.389829	0.346721	0.297181	0.258033	0.239441	0.245055	0.267492	0.306493	0.367674	0.438157	0.517717	0.581343	0.604799	0.576204	0.491228	0.354058	0.165842	-0.0462551	-0.24673	-0.411939	-0.531058	-0.593252	-0.594834	-0.524151	-0.363653	-0.127644	0.151565	0.428706	0.681709	0.899606	1.05798	1.16466	1.22585	1.24732	1.23448	1.1608	1.04202	0.908037	0.743457	0.560845	0.394254	0.248547	0.119016	0	
0	-0.0425347	-0.0901199	-0.149047	-0.219059	-0.3005	-0.383795	-0.459949	-0.507028	-0.51411	-0.460629	-0.344876	-0.176867	0.0348046	0.249159	0.456667	0.626925	0.754678	0.830497	0.850409	0.796903	0.674923	0.485467	0.25625	0.027579	-0.171623	-0.328835	-0.440548	-0.527954	-0.58405	-0.617893	-0.614455	-0.570683	-0.494374	-0.392301	-0.278915	-0.189358	-0.126127	-0.0788472	-0.0376918	0.0125859	0.0776442	0.161234	0.249394	0.345884	0.43282	0.496748	0.550937	0.602467	0.636812	0.651697	0.665407	0.661934	0.637892	0.591914	0.538467	0.494084	0.451327	0.403739	0.353943	0.323394	0.317275	0.329965	0.361095	0.406306	0.467671	0.538494	0.592138	0.609676	0.57393	0.485375	0.346273	0.157431	-0.0520306	-0.250041	-0.411101	-0.524999	-0.590376	-0.59904	-0.531925	-0.37914	-0.154289	0.11514	0.390988	0.654238	0.881636	1.04726	1.15898	1.22142	1.24876	1.24216	1.17106	1.05207	0.905183	0.719633	0.525405	0.359543	0.220931	0.102938	0	
0	-0.0449569	-0.0952784	-0.15591	-0.228967	-0.310358	-0.397841	-0.471015	-0.52315	-0.526309	-0.474705	-0.358951	-0.186803	0.0218377	0.240977	0.450561	0.623376	0.760153	0.848016	0.88137	0.85405	0.754449	0.589262	0.379245	0.159982	-0.0466475	-0.216955	-0.353524	-0.46867	-0.554222	-0.614455	-0.638853	-0.626818	-0.572919	-0.487018	-0.385221	-0.299407	-0.233009	-0.19497	-0.161543	-0.121436	-0.0666731	0.00106899	0.0814812	0.180649	0.275675	0.355776	0.429579	0.503928	0.557456	0.602596	0.644968	0.670503	0.677837	0.656522	0.618703	0.581218	0.54839	0.506833	0.454737	0.416829	0.400012	0.407069	0.428588	0.46264	0.518662	0.580656	0.627014	0.640437	0.604044	0.514889	0.370637	0.18516	-0.0178209	-0.215076	-0.370534	-0.479776	-0.548836	-0.562194	-0.505663	-0.371526	-0.170108	0.0695304	0.324549	0.58123	0.80174	0.959905	1.06948	1.13421	1.16137	1.15587	1.09725	0.986619	0.837756	0.655195	0.462994	0.298048	0.175835	0.0830487	0	
0	-0.0496689	-0.102085	-0.169062	-0.243249	-0.329738	-0.41968	-0.494735	-0.551028	-0.553847	-0.50611	-0.391309	-0.219969	-0.0169472	0.205647	0.407521	0.586451	0.725114	0.823968	0.876648	0.875151	0.804108	0.672622	0.487652	0.282389	0.0825226	-0.0932692	-0.246093	-0.376094	-0.482355	-0.570683	-0.626818	-0.645429	-0.620409	-0.556553	-0.465774	-0.381107	-0.320399	-0.292787	-0.266315	-0.237075	-0.192117	-0.142011	-0.0754962	0.00910578	0.104863	0.1922	0.279541	0.361556	0.429899	0.49976	0.565504	0.620133	0.661443	0.672889	0.658889	0.638304	0.622615	0.593776	0.549679	0.511821	0.488799	0.492862	0.504453	0.532262	0.583833	0.635878	0.675477	0.684337	0.653141	0.56434	0.416739	0.241904	0.0499516	-0.137855	-0.284918	-0.38992	-0.456631	-0.478903	-0.44178	-0.334659	-0.174846	0.0213721	0.243819	0.471375	0.66724	0.8057	0.89801	0.956575	0.986246	0.990438	0.953321	0.863254	0.728567	0.558313	0.376114	0.228691	0.133129	0.0636874	0	
0	-0.0529224	-0.110607	-0.179786	-0.25733	-0.349093	-0.438056	-0.52176	-0.576996	-0.587084	-0.54374	-0.432293	-0.268854	-0.0681635	0.14936	0.348921	0.528003	0.669686	0.775392	0.843565	0.860233	0.818809	0.716741	0.564038	0.38518	0.204283	0.033728	-0.121702	-0.260773	-0.387531	-0.494374	-0.572919	-0.620409	-0.625465	-0.581085	-0.507236	-0.432946	-0.384969	-0.360863	-0.34284	-0.321326	-0.292873	-0.260094	-0.214384	-0.144467	-0.0588421	0.0264188	0.11507	0.197244	0.274185	0.355053	0.43465	0.51357	0.586504	0.63239	0.647892	0.6549	0.662273	0.653025	0.62963	0.598643	0.57961	0.579591	0.58393	0.610389	0.653681	0.699712	0.730069	0.737829	0.716471	0.628212	0.486046	0.322871	0.145193	-0.0279416	-0.169832	-0.269728	-0.333371	-0.36415	-0.346857	-0.27494	-0.163254	-0.0177681	0.154107	0.332466	0.487575	0.593533	0.66412	0.720326	0.757364	0.771749	0.757058	0.696769	0.586193	0.436127	0.278636	0.160584	0.0916299	0.0436005	0	
0	-0.0547712	-0.115195	-0.185495	-0.267383	-0.360045	-0.453731	-0.540731	-0.59824	-0.615029	-0.572668	-0.466527	-0.308175	-0.107972	0.100555	0.298541	0.472235	0.609501	0.718236	0.792707	0.825553	0.808276	0.73856	0.616485	0.46791	0.309419	0.148658	-0.00160336	-0.14323	-0.278411	-0.392301	-0.487018	-0.556553	-0.581085	-0.562896	-0.511309	-0.44824	-0.403153	-0.38628	-0.380568	-0.374735	-0.360085	-0.342254	-0.31427	-0.267285	-0.200306	-0.121433	-0.0364329	0.0414166	0.11611	0.195167	0.278955	0.372058	0.466141	0.538146	0.584611	0.622888	0.652876	0.670613	0.672115	0.662293	0.655007	0.655667	0.664054	0.690923	0.733926	0.775125	0.798899	0.81078	0.791884	0.707525	0.573047	0.41676	0.25507	0.096498	-0.0397666	-0.132967	-0.193765	-0.233796	-0.240159	-0.211391	-0.155969	-0.0645235	0.0511384	0.171014	0.282832	0.35841	0.408589	0.46159	0.50487	0.532323	0.540427	0.504087	0.419068	0.304619	0.183994	0.0900708	0.0396802	0.0161913	0	
0	-0.0553129	-0.115483	-0.186725	-0.267802	-0.361289	-0.454948	-0.542645	-0.602229	-0.62117	-0.582102	-0.481622	-0.326353	-0.133453	0.0700355	0.263767	0.429892	0.56573	0.672988	0.750209	0.794588	0.795128	0.74843	0.654614	0.535995	0.397219	0.253045	0.114372	-0.0302249	-0.164143	-0.278915	-0.385221	-0.465774	-0.507236	-0.511309	-0.469534	-0.411133	-0.375218	-0.367895	-0.372923	-0.378469	-0.376696	-0.374783	-0.37054	-0.350682	-0.301576	-0.234192	-0.15958	-0.0909958	-0.0226514	0.0450862	0.123574	0.217459	0.317986	0.405429	0.478508	0.54375	0.597114	0.642013	0.674364	0.695493	0.707801	0.720253	0.737825	0.772676	0.817639	0.855936	0.88149	0.895208	0.877489	0.801401	0.67682	0.5293	0.379411	0.230074	0.0985548	0.00392549	-0.0647517	-0.117244	-0.153876	-0.173904	-0.167436	-0.126648	-0.0683686	0.000395534	0.0703246	0.117036	0.16011	0.214183	0.262466	0.305255	0.32944	0.314727	0.260994	0.172311	0.0771912	0.0171833	-0.00419616	-0.00651933	0	
0	-0.0506207	-0.103407	-0.172585	-0.247594	-0.339093	-0.432049	-0.517653	-0.581609	-0.601225	-0.568423	-0.472411	-0.323626	-0.13708	0.0597516	0.24566	0.405004	0.532857	0.634954	0.710897	0.759407	0.772357	0.743357	0.675819	0.579368	0.464705	0.339101	0.208179	0.0652039	-0.0634117	-0.189358	-0.299407	-0.381107	-0.432946	-0.44824	-0.411133	-0.363327	-0.328829	-0.319194	-0.326322	-0.341653	-0.35326	-0.370143	-0.387637	-0.389627	-0.362316	-0.316243	-0.255383	-0.190109	-0.129887	-0.0774442	-0.00843923	0.0771543	0.173998	0.264277	0.354785	0.436883	0.509823	0.576717	0.637285	0.691799	0.729979	0.763266	0.798461	0.847925	0.900253	0.945107	0.979734	0.997509	0.979712	0.911811	0.798684	0.655253	0.506582	0.358848	0.226199	0.121082	0.0379241	-0.0342291	-0.10669	-0.169964	-0.207767	-0.214503	-0.201275	-0.176136	-0.143645	-0.109277	-0.0640447	-0.00972038	0.0540247	0.118442	0.147597	0.144052	0.11988	0.0610283	-0.00547187	-0.0377459	-0.039378	-0.0253649	0	
0	-0.0429521	-0.0925511	-0.151665	-0.224813	-0.309353	-0.399791	-0.483735	-0.547594	-0.569381	-0.540792	-0.450858	-0.30697	-0.130315	0.0613733	0.238293	0.386919	0.508786	0.598239	0.669571	0.716214	0.734223	0.719069	0.673105	0.599561	0.509057	0.400016	0.275789	0.137798	0.00286467	-0.126127	-0.233009	-0.320399	-0.384969	-0.403153	-0.375218	-0.328829	-0.284298	-0.262547	-0.268615	-0.286417	-0.307735	-0.332506	-0.366269	-0.391	-0.395098	-0.373026	-0.324368	-0.263908	-0.217257	-0.175826	-0.116346	-0.0417971	0.0422304	0.130253	0.225683	0.316819	0.404862	0.485912	0.57136	0.654101	0.725471	0.787163	0.848155	0.91891	0.984964	1.04665	1.09638	1.11939	1.10107	1.03994	0.933418	0.788636	0.628886	0.469445	0.327692	0.202465	0.0967754	-0.00106243	-0.108021	-0.203972	-0.275675	-0.319526	-0.342262	-0.352023	-0.343884	-0.314062	-0.261848	-0.195618	-0.116066	-0.0398313	0.000552414	0.0157719	0.016695	-0.00698211	-0.0369213	-0.0528266	-0.0541348	-0.0363709	0	
0	-0.0397562	-0.087094	-0.142028	-0.21398	-0.294235	-0.383738	-0.466007	-0.528599	-0.552071	-0.524481	-0.436364	-0.297996	-0.123651	0.0617573	0.229425	0.372879	0.480641	0.561047	0.625169	0.666082	0.685987	0.683376	0.647667	0.596525	0.524847	0.433479	0.321372	0.191192	0.0531091	-0.0788472	-0.19497	-0.292787	-0.360863	-0.38628	-0.367895	-0.319194	-0.262547	-0.232679	-0.226518	-0.235191	-0.248365	-0.277165	-0.324588	-0.370049	-0.398817	-0.401975	-0.374163	-0.327964	-0.294173	-0.257527	-0.209521	-0.149891	-0.0779268	0.0049811	0.0953831	0.190154	0.286295	0.379011	0.477703	0.585291	0.690434	0.787631	0.884493	0.981421	1.07573	1.1642	1.23546	1.26775	1.24996	1.18951	1.08002	0.922947	0.737261	0.554392	0.388686	0.237423	0.106199	-0.0256087	-0.158059	-0.273336	-0.368531	-0.433643	-0.481408	-0.512925	-0.515505	-0.491866	-0.435138	-0.352988	-0.260091	-0.169179	-0.103039	-0.0617338	-0.033201	-0.0187525	-0.019266	-0.0257843	-0.0263246	-0.0166125	0	
0	-0.0434916	-0.0916565	-0.151384	-0.221391	-0.305093	-0.392195	-0.475638	-0.537648	-0.561799	-0.534882	-0.448752	-0.310437	-0.137477	0.0478621	0.215379	0.357606	0.460009	0.538038	0.592068	0.627728	0.647084	0.644277	0.620664	0.588341	0.534498	0.464181	0.367398	0.240514	0.0993191	-0.0376918	-0.161543	-0.266315	-0.34284	-0.380568	-0.372923	-0.326322	-0.268615	-0.226518	-0.199458	-0.189175	-0.192703	-0.221211	-0.266611	-0.318827	-0.367974	-0.404557	-0.400562	-0.3765	-0.354273	-0.329095	-0.298033	-0.253983	-0.191738	-0.117604	-0.0387331	0.0559239	0.158822	0.25788	0.363577	0.487984	0.622457	0.760176	0.89288	1.02604	1.15838	1.28325	1.38474	1.43236	1.42446	1.36158	1.23977	1.06021	0.839411	0.616379	0.410747	0.227561	0.0606007	-0.101555	-0.24804	-0.372395	-0.469255	-0.54489	-0.61338	-0.65358	-0.662832	-0.647458	-0.584628	-0.483017	-0.370246	-0.260867	-0.170457	-0.0986953	-0.0308318	0.0251663	0.0458163	0.040078	0.031124	0.0185362	0	
0	-0.0466286	-0.0958631	-0.16021	-0.230711	-0.318825	-0.407553	-0.494591	-0.559429	-0.58613	-0.562161	-0.475424	-0.338753	-0.160642	0.0254389	0.198545	0.341847	0.444441	0.520655	0.570036	0.60401	0.622696	0.622315	0.611412	0.587594	0.553011	0.499338	0.415767	0.295379	0.158381	0.0125859	-0.121436	-0.237075	-0.321326	-0.374735	-0.378469	-0.341653	-0.286417	-0.235191	-0.189175	-0.16282	-0.152534	-0.163922	-0.19455	-0.246951	-0.311959	-0.366447	-0.384801	-0.386926	-0.381407	-0.373347	-0.361182	-0.336476	-0.285655	-0.230173	-0.1654	-0.0763533	0.0272498	0.127869	0.233382	0.3646	0.520444	0.691717	0.860788	1.03567	1.21337	1.3846	1.51992	1.5961	1.60648	1.53901	1.39947	1.1884	0.929303	0.659673	0.407512	0.188519	-0.011297	-0.196689	-0.354216	-0.477623	-0.573284	-0.659112	-0.734992	-0.779176	-0.790717	-0.77257	-0.705054	-0.588553	-0.452875	-0.318404	-0.195935	-0.0915447	0.00841925	0.0970606	0.136498	0.128335	0.0980118	0.0521086	0	
0	-0.0465082	-0.0991915	-0.160584	-0.235487	-0.321172	-0.413282	-0.500783	-0.56871	-0.599382	-0.577923	-0.49788	-0.360588	-0.187203	0.00160379	0.177652	0.321243	0.430609	0.505313	0.556364	0.591344	0.609499	0.61483	0.611822	0.600444	0.585536	0.548256	0.480768	0.370496	0.23023	0.0776442	-0.0666731	-0.192117	-0.292873	-0.360085	-0.376696	-0.35326	-0.307735	-0.248365	-0.192703	-0.152534	-0.121366	-0.108433	-0.126029	-0.171409	-0.230465	-0.288584	-0.329993	-0.355914	-0.365063	-0.37382	-0.385756	-0.381443	-0.35193	-0.319329	-0.271939	-0.195234	-0.0955113	0.00299044	0.109308	0.239945	0.407003	0.599407	0.797589	1.01012	1.22954	1.43979	1.60807	1.71831	1.74937	1.68452	1.52686	1.28902	1.00174	0.69076	0.398722	0.144506	-0.0830837	-0.283573	-0.447745	-0.569349	-0.667392	-0.758578	-0.8382	-0.887045	-0.896049	-0.874719	-0.802301	-0.665722	-0.504301	-0.347775	-0.198574	-0.056727	0.0748768	0.172961	0.217287	0.214723	0.164351	0.0801253	0	
