0	0	0	0	0	0	0	0	0	0	0	0	0	0	0	0	0	0	0	0	0	0	0	0	0	0	0	0	0	0	0	0	0	0	0	0	0	0	0	0	0	0	0	0	0	0	0	0	0	0	0	0	0	0	0	0	0	0	0	0	0	0	0	0	0	0	0	0	0	0	0	0	0	0	0	0	0	0	0	0	0	0	0	0	0	0	0	0	0	0	0	0	0	0	0	0	0	0	0	0	
0	-0.0835657	-0.163023	-0.240587	-0.314661	-0.373934	-0.405172	-0.40583	-0.383501	-0.34842	-0.301916	-0.23931	-0.163093	-0.089242	-0.0326078	0.00886944	0.0474981	0.0871899	0.12073	0.138237	0.136926	0.12409	0.11051	0.098767	0.0885344	0.0814801	0.0770511	0.0715662	0.0665065	0.0627512	0.0647938	0.0711694	0.0776411	0.0788899	0.0778398	0.0777323	0.080775	0.0843056	0.0863655	0.0859624	0.0812225	0.0638885	0.0325278	-0.00877156	-0.050713	-0.088171	-0.121717	-0.155169	-0.184642	-0.20336	-0.210362	-0.210224	-0.204461	-0.191282	-0.169248	-0.139787	-0.104644	-0.0629377	-0.0163053	0.0295606	0.0687687	0.0985565	0.129373	0.167346	0.204068	0.225483	0.221306	0.195246	0.156965	0.109738	0.0536452	-0.00680261	-0.0598202	-0.0918743	-0.100349	-0.090817	-0.0743142	-0.0563454	-0.0360934	-0.0150162	0.00475881	0.017652	0.0181304	0.0101068	-0.0033416	-0.017432	-0.0254584	-0.0299994	-0.0306279	-0.0266254	-0.0190087	-0.00855861	0.00338956	0.0143727	0.0223721	0.0276721	0.0273866	0.0218474	0.0125148	0	
0	-0.163023	-0.324126	-0.478636	-0.617076	-0.718378	-0.776017	-0.78373	-0.748047	-0.67531	-0.579017	-0.462028	-0.329254	-0.196567	-0.0813615	0.0118628	0.0936094	0.165761	0.223248	0.257329	0.261597	0.244879	0.220693	0.1965	0.173697	0.159712	0.153215	0.147329	0.141141	0.134465	0.132781	0.13868	0.148087	0.154801	0.159416	0.163817	0.168115	0.172305	0.171535	0.167074	0.15173	0.113574	0.0520175	-0.0266919	-0.107954	-0.182931	-0.24948	-0.308125	-0.353684	-0.381577	-0.393289	-0.398574	-0.390678	-0.36899	-0.333138	-0.281597	-0.211489	-0.126134	-0.0351137	0.0497856	0.124972	0.190031	0.253497	0.320393	0.379697	0.416993	0.417992	0.381324	0.31299	0.218147	0.111742	0.00396134	-0.0919879	-0.156536	-0.185856	-0.181663	-0.155468	-0.115647	-0.0714861	-0.030112	0.00585729	0.0272156	0.0298079	0.0183839	-0.00218643	-0.0256642	-0.0436198	-0.0543307	-0.0542632	-0.0441374	-0.0296066	-0.0146266	0.00056603	0.0139012	0.0250508	0.0358314	0.0401342	0.0359811	0.0219265	0	
0	-0.240587	-0.478636	-0.703447	-0.890776	-1.02264	-1.09748	-1.11626	-1.07105	-0.967801	-0.828295	-0.670739	-0.499331	-0.321388	-0.152961	-0.00562504	0.119188	0.220352	0.298717	0.350208	0.36721	0.353136	0.325973	0.294292	0.263555	0.242657	0.232015	0.222811	0.216666	0.207702	0.202079	0.202222	0.211631	0.224055	0.23963	0.252029	0.26045	0.262096	0.2559	0.237627	0.201555	0.134258	0.0425805	-0.0645724	-0.175934	-0.283348	-0.375893	-0.449837	-0.500135	-0.528493	-0.54378	-0.55159	-0.546022	-0.522915	-0.480121	-0.412559	-0.316014	-0.196022	-0.0718478	0.0443579	0.156735	0.261713	0.362347	0.451958	0.521187	0.56819	0.579379	0.542231	0.455818	0.329961	0.185819	0.0426319	-0.0854049	-0.181772	-0.238627	-0.250021	-0.226036	-0.179127	-0.119637	-0.0628107	-0.0143836	0.0185964	0.0277751	0.0224092	0.0027208	-0.0255741	-0.0449011	-0.0583502	-0.0606963	-0.0503064	-0.034561	-0.0195574	-0.00772258	0.000532467	0.00785514	0.0201013	0.0282983	0.0283853	0.0190697	0	
0	-0.314661	-0.617076	-0.890776	-1.11814	-1.27447	-1.36538	-1.38425	-1.33148	-1.20946	-1.04813	-0.863032	-0.658399	-0.442437	-0.232935	-0.0473405	0.112342	0.242285	0.345447	0.41898	0.450083	0.444114	0.4204	0.39223	0.360513	0.334886	0.31437	0.295468	0.28399	0.275275	0.269393	0.269687	0.28017	0.298257	0.321356	0.340075	0.34692	0.342496	0.319664	0.279725	0.214885	0.118348	0.00376594	-0.120687	-0.246133	-0.367402	-0.473131	-0.554375	-0.606829	-0.638343	-0.658798	-0.678394	-0.675802	-0.649031	-0.599423	-0.521668	-0.408131	-0.268497	-0.121656	0.0218704	0.167654	0.30813	0.436156	0.5474	0.63336	0.691065	0.705238	0.66604	0.574082	0.43554	0.276174	0.109867	-0.0484437	-0.171322	-0.251404	-0.284048	-0.279124	-0.242025	-0.184161	-0.118985	-0.0533301	-0.00540854	0.0150345	0.0156591	0.0017032	-0.0200332	-0.0378394	-0.0510278	-0.0527655	-0.0430375	-0.0304612	-0.0218733	-0.0166463	-0.0159411	-0.0162621	-0.00879842	-0.000888336	0.00559135	0.00641756	0	
0	-0.373934	-0.718378	-1.02264	-1.27447	-1.45538	-1.55561	-1.5742	-1.51248	-1.38651	-1.21835	-1.01792	-0.786545	-0.540975	-0.308142	-0.103074	0.0764543	0.229523	0.357465	0.453253	0.503969	0.513042	0.504909	0.48765	0.460779	0.431987	0.403975	0.374161	0.355688	0.342754	0.338006	0.340814	0.356449	0.378031	0.403637	0.418233	0.414808	0.388466	0.340581	0.273841	0.190004	0.0802406	-0.0422735	-0.169472	-0.295567	-0.416385	-0.51952	-0.602324	-0.662461	-0.704523	-0.739548	-0.770109	-0.779405	-0.755427	-0.695838	-0.602237	-0.477407	-0.327166	-0.164575	0.00282533	0.174892	0.332392	0.47561	0.602057	0.702338	0.76912	0.78492	0.746098	0.661488	0.534554	0.373185	0.189547	0.00602685	-0.14324	-0.243968	-0.291688	-0.301416	-0.281327	-0.233162	-0.168745	-0.0970721	-0.0375636	-0.0101965	-0.00427717	-0.0175474	-0.0400055	-0.0476418	-0.0497595	-0.0441982	-0.0308421	-0.019336	-0.0151844	-0.0174578	-0.0242163	-0.0293664	-0.0215842	-0.0111374	-0.0017983	0.00327505	0	
0	-0.405172	-0.776017	-1.09748	-1.36538	-1.55561	-1.66808	-1.69248	-1.6371	-1.51076	-1.34105	-1.13216	-0.887243	-0.627609	-0.383725	-0.170958	0.0199123	0.188224	0.333267	0.447825	0.518945	0.554418	0.572233	0.574329	0.553038	0.523809	0.493232	0.461256	0.437999	0.420304	0.411514	0.414921	0.432109	0.45312	0.472659	0.476102	0.449951	0.393854	0.309701	0.219362	0.129403	0.0282378	-0.0805764	-0.198189	-0.315228	-0.425599	-0.522778	-0.609098	-0.683118	-0.746181	-0.799342	-0.849067	-0.863071	-0.832402	-0.761876	-0.659738	-0.527013	-0.368478	-0.192763	-0.0106771	0.171512	0.335634	0.482893	0.620058	0.732491	0.806601	0.826644	0.794939	0.720809	0.602203	0.449546	0.26715	0.0735614	-0.0912271	-0.21016	-0.275143	-0.300058	-0.289941	-0.252132	-0.197408	-0.130375	-0.0744356	-0.0481131	-0.0432883	-0.0541736	-0.0705723	-0.0759439	-0.0726334	-0.0561124	-0.0313313	-0.0111039	-0.00400311	-0.00542339	-0.0116068	-0.0149686	-0.00336491	0.00990356	0.0185411	0.0156413	0	
0	-0.40583	-0.78373	-1.11626	-1.38425	-1.5742	-1.69248	-1.73865	-1.70053	-1.58352	-1.41333	-1.20467	-0.961059	-0.703523	-0.461671	-0.248035	-0.0521205	0.124121	0.277212	0.399495	0.486059	0.546844	0.598273	0.627769	0.623007	0.602144	0.580224	0.554652	0.534267	0.51302	0.49885	0.495999	0.505601	0.513865	0.517439	0.500367	0.450823	0.362774	0.249677	0.141177	0.053528	-0.030852	-0.119672	-0.216994	-0.317526	-0.416157	-0.507181	-0.597989	-0.687634	-0.769459	-0.841533	-0.896559	-0.909344	-0.870268	-0.790343	-0.683727	-0.552276	-0.393811	-0.218135	-0.0381352	0.144389	0.313051	0.471545	0.613017	0.723658	0.798223	0.825763	0.804938	0.741321	0.634763	0.493629	0.324323	0.140283	-0.0244305	-0.150359	-0.225641	-0.261914	-0.265989	-0.241807	-0.200672	-0.148563	-0.103823	-0.0852279	-0.0808878	-0.0914021	-0.10989	-0.111299	-0.104563	-0.0856073	-0.0536542	-0.0221446	-0.00132654	0.0094357	0.0121965	0.0147628	0.0297633	0.0422484	0.0445974	0.0307797	0	
0	-0.383501	-0.748047	-1.07105	-1.33148	-1.51248	-1.6371	-1.70053	-1.68828	-1.59044	-1.43574	-1.23864	-1.00761	-0.761999	-0.529137	-0.321006	-0.127863	0.046507	0.198274	0.321822	0.413911	0.489715	0.565558	0.627305	0.654527	0.664031	0.666182	0.657465	0.644277	0.623983	0.605704	0.594575	0.590292	0.576798	0.551503	0.503735	0.422139	0.308747	0.175827	0.0599375	-0.0243859	-0.0969278	-0.165079	-0.239123	-0.317132	-0.399814	-0.484404	-0.576079	-0.67212	-0.767352	-0.849989	-0.911727	-0.914769	-0.861408	-0.776132	-0.674168	-0.548263	-0.398173	-0.237999	-0.0772786	0.0920446	0.260153	0.419761	0.562973	0.673247	0.749551	0.78389	0.772639	0.720821	0.629974	0.510962	0.364308	0.200688	0.050383	-0.071334	-0.154686	-0.208085	-0.227414	-0.214237	-0.181319	-0.135107	-0.0981647	-0.0899717	-0.0977636	-0.11727	-0.140737	-0.150629	-0.149225	-0.127444	-0.0882279	-0.044964	-0.0117501	0.0105281	0.0225399	0.030584	0.0482644	0.0599596	0.0584065	0.0380202	0	
0	-0.34842	-0.67531	-0.967801	-1.20946	-1.38651	-1.51076	-1.58352	-1.59044	-1.52606	-1.40641	-1.24114	-1.03358	-0.803929	-0.580012	-0.381211	-0.202658	-0.0441018	0.100295	0.225205	0.321642	0.400785	0.488528	0.578356	0.650275	0.7075	0.74929	0.764517	0.76246	0.744265	0.719707	0.695774	0.671665	0.631747	0.573042	0.48634	0.370201	0.232202	0.0921152	-0.0198016	-0.0964369	-0.157735	-0.209617	-0.25699	-0.309709	-0.378819	-0.460604	-0.552114	-0.646998	-0.738165	-0.819602	-0.875315	-0.875679	-0.820423	-0.7326	-0.628862	-0.508692	-0.375869	-0.24243	-0.109954	0.0371719	0.18731	0.333648	0.463911	0.570674	0.650822	0.693361	0.698368	0.673914	0.616485	0.526466	0.402376	0.253931	0.114026	-0.00245497	-0.0866692	-0.14472	-0.172928	-0.169188	-0.14094	-0.0967276	-0.0632345	-0.064351	-0.0892282	-0.132442	-0.179423	-0.199907	-0.198135	-0.172229	-0.124771	-0.0731599	-0.0326889	-0.00285804	0.0166804	0.032248	0.0553702	0.0701029	0.0689345	0.044866	0	
0	-0.301916	-0.579017	-0.828295	-1.04813	-1.21835	-1.34105	-1.41333	-1.43574	-1.40641	-1.33656	-1.21825	-1.04581	-0.834081	-0.61967	-0.433347	-0.276034	-0.137257	-0.000761136	0.12688	0.226944	0.306692	0.399322	0.509936	0.617524	0.717046	0.795351	0.838473	0.85437	0.843071	0.812533	0.769586	0.721727	0.655578	0.567298	0.447999	0.299724	0.142497	-0.00151973	-0.106086	-0.170359	-0.216656	-0.245203	-0.265849	-0.296091	-0.354086	-0.434875	-0.528145	-0.61943	-0.700474	-0.764795	-0.809891	-0.806398	-0.752615	-0.66595	-0.561512	-0.44421	-0.325184	-0.215283	-0.1094	0.00718571	0.122826	0.234016	0.345152	0.445179	0.526	0.577398	0.600398	0.603763	0.581874	0.526701	0.429946	0.301363	0.168977	0.0557724	-0.0256543	-0.0844738	-0.116343	-0.117285	-0.0940107	-0.0543315	-0.0267882	-0.0408753	-0.0839275	-0.145052	-0.205408	-0.237477	-0.241802	-0.212466	-0.158723	-0.0984081	-0.0492383	-0.0139948	0.00994934	0.0302102	0.0598765	0.0801551	0.0791041	0.0509547	0	
0	-0.23931	-0.462028	-0.670739	-0.863032	-1.01792	-1.13216	-1.20467	-1.23864	-1.24114	-1.21825	-1.1516	-1.02014	-0.839146	-0.648979	-0.485976	-0.346943	-0.218527	-0.0861063	0.0400522	0.140684	0.223877	0.323241	0.443346	0.565202	0.68236	0.783846	0.853116	0.892068	0.895708	0.863569	0.806703	0.736083	0.646573	0.535121	0.393168	0.226724	0.0584253	-0.0858512	-0.180676	-0.231328	-0.260103	-0.271765	-0.272407	-0.283819	-0.328845	-0.404513	-0.495352	-0.581398	-0.648941	-0.697639	-0.72922	-0.724947	-0.675427	-0.588203	-0.479074	-0.360593	-0.247654	-0.149628	-0.0657642	0.015035	0.0877796	0.161448	0.239866	0.318715	0.387027	0.436067	0.470092	0.494725	0.500364	0.47876	0.417587	0.316426	0.207573	0.113092	0.0422991	-0.0131072	-0.0487068	-0.0581148	-0.0446143	-0.018103	-0.00732476	-0.0336669	-0.0852993	-0.152227	-0.218131	-0.255613	-0.262405	-0.235833	-0.179352	-0.113334	-0.0605474	-0.0218113	0.00446558	0.0270135	0.0576683	0.0798682	0.0823305	0.0541404	0	
0	-0.163093	-0.329254	-0.499331	-0.658399	-0.786545	-0.887243	-0.961059	-1.00761	-1.03358	-1.04581	-1.02014	-0.935669	-0.805092	-0.664822	-0.535628	-0.409816	-0.280545	-0.146238	-0.0215707	0.0799993	0.167433	0.268942	0.385839	0.501675	0.619192	0.731084	0.818974	0.877505	0.896134	0.873805	0.816347	0.736566	0.629844	0.499144	0.344061	0.173174	0.00759002	-0.129355	-0.21492	-0.252435	-0.268637	-0.271624	-0.268817	-0.275752	-0.308641	-0.367123	-0.44456	-0.524656	-0.589933	-0.634628	-0.662154	-0.652997	-0.596832	-0.503502	-0.388982	-0.26306	-0.140608	-0.0429195	0.0196438	0.0576467	0.0791876	0.102167	0.139432	0.182596	0.226261	0.26601	0.299928	0.332755	0.360721	0.370131	0.345731	0.291459	0.226234	0.16758	0.117244	0.0670451	0.0304114	0.0167309	0.0194061	0.0285652	0.0237042	-0.0157297	-0.0752786	-0.146434	-0.2154	-0.257449	-0.269953	-0.244941	-0.191097	-0.127513	-0.074286	-0.0377373	-0.0135324	0.00920895	0.0433684	0.0708077	0.0752751	0.0497355	0	
0	-0.089242	-0.196567	-0.321388	-0.442437	-0.540975	-0.627609	-0.703523	-0.761999	-0.803929	-0.834081	-0.839146	-0.805092	-0.741515	-0.661668	-0.57079	-0.45885	-0.327078	-0.184506	-0.0524368	0.0513435	0.13618	0.229059	0.331514	0.432946	0.54043	0.651628	0.745717	0.811117	0.84014	0.829038	0.783989	0.708714	0.599259	0.464141	0.312563	0.154264	0.00284874	-0.123332	-0.198029	-0.225664	-0.235513	-0.243257	-0.2517	-0.266923	-0.299026	-0.34761	-0.408834	-0.475023	-0.537657	-0.5883	-0.616228	-0.596724	-0.522991	-0.412466	-0.282966	-0.140232	-0.00290051	0.0965445	0.136615	0.128239	0.0920537	0.0545879	0.0309726	0.0283543	0.0427675	0.0668598	0.0993167	0.143067	0.189412	0.225227	0.237927	0.227011	0.210901	0.193252	0.171372	0.142312	0.116266	0.100846	0.0952011	0.0964751	0.0835556	0.0373205	-0.0345743	-0.119535	-0.198808	-0.248985	-0.263907	-0.245428	-0.200349	-0.146781	-0.106271	-0.0762085	-0.0513671	-0.0235655	0.0148745	0.0475551	0.0609981	0.0433755	0	
0	-0.0326078	-0.0813615	-0.152961	-0.232935	-0.308142	-0.383725	-0.461671	-0.529137	-0.580012	-0.61967	-0.648979	-0.664822	-0.661668	-0.634447	-0.578398	-0.485273	-0.354712	-0.201167	-0.060994	0.0411064	0.116499	0.19571	0.280609	0.360386	0.446521	0.541905	0.627579	0.688636	0.715367	0.709061	0.675265	0.616395	0.525647	0.411803	0.286174	0.154997	0.02458	-0.0866243	-0.152147	-0.173188	-0.181102	-0.197769	-0.225422	-0.263797	-0.309577	-0.356126	-0.403766	-0.457764	-0.515181	-0.5655	-0.585675	-0.546327	-0.443701	-0.304346	-0.149525	0.0126544	0.159304	0.251145	0.266971	0.220255	0.131936	0.0303179	-0.0544656	-0.107705	-0.128443	-0.124271	-0.100277	-0.0547266	0.00531619	0.0632064	0.107759	0.139994	0.162478	0.182016	0.195909	0.193984	0.181334	0.168882	0.166493	0.171027	0.158615	0.10614	0.0242331	-0.0715706	-0.161808	-0.222819	-0.251314	-0.245308	-0.213781	-0.173573	-0.139976	-0.11707	-0.097545	-0.0687716	-0.022527	0.0231712	0.0459742	0.035674	0	
0	0.00886944	0.0118628	-0.00562504	-0.0473405	-0.103074	-0.170958	-0.248035	-0.321006	-0.381211	-0.433347	-0.485976	-0.535628	-0.57079	-0.578398	-0.550648	-0.475514	-0.348987	-0.194866	-0.0562425	0.0407164	0.111333	0.181269	0.248411	0.303274	0.358971	0.424424	0.485075	0.523755	0.53428	0.521497	0.497019	0.461756	0.406651	0.333105	0.246342	0.148218	0.0451029	-0.0436059	-0.0927338	-0.107379	-0.120589	-0.150276	-0.194966	-0.250396	-0.312163	-0.368058	-0.413572	-0.457708	-0.510018	-0.555573	-0.562211	-0.498625	-0.364857	-0.190339	-0.0017579	0.180345	0.324326	0.397448	0.390542	0.315427	0.18982	0.0410119	-0.0966109	-0.197851	-0.259605	-0.286213	-0.279243	-0.239014	-0.174438	-0.0990172	-0.0262888	0.0349382	0.0914852	0.148332	0.196288	0.21804	0.217881	0.217558	0.225981	0.234585	0.218479	0.162321	0.0746934	-0.0286978	-0.129033	-0.207215	-0.249908	-0.254441	-0.226551	-0.185282	-0.155066	-0.136059	-0.117647	-0.0872378	-0.0384143	0.0117408	0.0411366	0.035205	0	
0	0.0474981	0.0936094	0.119188	0.112342	0.0764543	0.0199123	-0.0521205	-0.127863	-0.202658	-0.276034	-0.346943	-0.409816	-0.45885	-0.485273	-0.475514	-0.41467	-0.303368	-0.165759	-0.0382655	0.0578582	0.128152	0.18914	0.24023	0.275339	0.30152	0.325878	0.34062	0.339027	0.323461	0.302701	0.287337	0.276993	0.261402	0.231754	0.184297	0.120725	0.0498177	-0.007613	-0.0340978	-0.0410801	-0.0554495	-0.0916743	-0.143463	-0.20899	-0.28155	-0.348543	-0.403473	-0.455234	-0.504587	-0.53783	-0.525062	-0.442182	-0.286159	-0.0824851	0.13483	0.331182	0.471057	0.530105	0.505304	0.408232	0.253285	0.0683925	-0.109684	-0.255414	-0.358258	-0.415507	-0.426334	-0.393357	-0.325901	-0.242607	-0.161223	-0.0843492	-0.00279692	0.0863728	0.16277	0.209288	0.2364	0.259335	0.279349	0.284569	0.258782	0.194476	0.0975804	-0.0176106	-0.131177	-0.219003	-0.265598	-0.267257	-0.233477	-0.186871	-0.14534	-0.115461	-0.0900663	-0.0545477	-0.00562935	0.0409774	0.0612648	0.0441574	0	
0	0.0871899	0.165761	0.220352	0.242285	0.229523	0.188224	0.124121	0.046507	-0.0441018	-0.137257	-0.218527	-0.280545	-0.327078	-0.354712	-0.348987	-0.303368	-0.217303	-0.104241	0.0141207	0.108012	0.172625	0.220305	0.257963	0.275524	0.267534	0.237221	0.191622	0.142253	0.100425	0.0726607	0.0644747	0.0780124	0.104504	0.12376	0.121145	0.0937804	0.0536648	0.0246465	0.0182953	0.0228063	0.0116651	-0.0213747	-0.0722581	-0.140999	-0.224367	-0.307841	-0.378694	-0.434965	-0.478286	-0.494709	-0.463465	-0.367159	-0.20039	0.0153753	0.245949	0.449015	0.589182	0.642686	0.605776	0.48473	0.302105	0.0899981	-0.116411	-0.292888	-0.424529	-0.503167	-0.527231	-0.499801	-0.435586	-0.359131	-0.285759	-0.208819	-0.11578	-0.0116718	0.0853923	0.163824	0.225817	0.274626	0.304109	0.309857	0.280396	0.205351	0.0902815	-0.0397558	-0.156309	-0.2391	-0.274026	-0.263227	-0.218765	-0.160619	-0.109093	-0.0702523	-0.0350161	0.00546171	0.0512617	0.0883892	0.0947813	0.0625589	0	
0	0.12073	0.223248	0.298717	0.345447	0.357465	0.333267	0.277212	0.198274	0.100295	-0.000761136	-0.0861063	-0.146238	-0.184506	-0.201167	-0.194866	-0.165759	-0.104241	-0.00908889	0.0963506	0.178041	0.230865	0.269303	0.291442	0.282336	0.229543	0.142949	0.042705	-0.0483619	-0.115872	-0.15607	-0.16049	-0.123804	-0.0551972	0.0147318	0.0579872	0.0674069	0.0549215	0.0471978	0.0580712	0.0745579	0.0765856	0.0532974	0.00581514	-0.0666901	-0.158806	-0.256806	-0.341963	-0.404565	-0.437081	-0.433552	-0.38137	-0.268555	-0.0914096	0.128506	0.352968	0.545276	0.675836	0.720392	0.66723	0.526182	0.324674	0.098718	-0.120078	-0.308721	-0.450881	-0.542264	-0.578433	-0.564513	-0.517565	-0.459353	-0.39809	-0.325844	-0.232966	-0.124982	-0.0129716	0.0922256	0.177772	0.240599	0.284342	0.304031	0.276886	0.195999	0.0745999	-0.056581	-0.170809	-0.248478	-0.274625	-0.253122	-0.194279	-0.123263	-0.0599808	-0.0134826	0.0228049	0.0636215	0.107126	0.13994	0.136562	0.0848588	0	
0	0.138237	0.257329	0.350208	0.41898	0.453253	0.447825	0.399495	0.321822	0.225205	0.12688	0.0400522	-0.0215707	-0.0524368	-0.060994	-0.0562425	-0.0382655	0.0141207	0.0963506	0.183541	0.24846	0.298103	0.32921	0.32923	0.282577	0.188104	0.0592118	-0.080136	-0.205532	-0.302434	-0.356653	-0.356603	-0.300902	-0.202324	-0.0987171	-0.0194999	0.0234433	0.0387488	0.0526215	0.0752825	0.103148	0.117138	0.10737	0.0692592	0.00114063	-0.0925435	-0.198421	-0.293574	-0.357476	-0.382876	-0.364426	-0.292542	-0.159593	0.0303493	0.245302	0.453157	0.622408	0.730662	0.752541	0.680711	0.526035	0.320354	0.0942816	-0.122715	-0.309804	-0.451698	-0.545762	-0.592246	-0.595144	-0.570271	-0.531298	-0.483181	-0.41934	-0.333217	-0.225315	-0.102764	0.0120891	0.103766	0.179842	0.242871	0.273952	0.249354	0.17215	0.0564315	-0.0713971	-0.184656	-0.261966	-0.285522	-0.253538	-0.180023	-0.0943204	-0.0187636	0.0344565	0.0764663	0.118625	0.159786	0.18633	0.168965	0.102586	0	
0	0.136926	0.261597	0.36721	0.450083	0.503969	0.518945	0.486059	0.413911	0.321642	0.226944	0.140684	0.0799993	0.0513435	0.0411064	0.0407164	0.0578582	0.108012	0.178041	0.24846	0.308481	0.35639	0.375903	0.347748	0.272767	0.151102	-0.00201119	-0.165432	-0.317659	-0.438025	-0.502272	-0.499903	-0.438982	-0.337081	-0.224376	-0.128065	-0.0578887	-0.0137803	0.0197144	0.0550034	0.0924616	0.118939	0.123333	0.097283	0.0394973	-0.0478014	-0.151421	-0.243655	-0.301257	-0.315955	-0.283942	-0.195641	-0.0469993	0.144754	0.348576	0.533951	0.677148	0.75593	0.749809	0.65902	0.503763	0.306217	0.0919896	-0.114388	-0.295289	-0.433691	-0.531382	-0.584772	-0.600891	-0.592368	-0.5679	-0.532386	-0.483632	-0.405324	-0.298091	-0.177257	-0.0639146	0.0334285	0.12521	0.198481	0.23138	0.208875	0.138311	0.0267387	-0.102375	-0.217306	-0.292229	-0.308332	-0.269189	-0.188024	-0.0960682	-0.0114776	0.0560824	0.110024	0.162227	0.204183	0.221702	0.194256	0.11479	0	
0	0.12409	0.244879	0.353136	0.444114	0.513042	0.554418	0.546844	0.489715	0.400785	0.306692	0.223877	0.167433	0.13618	0.116499	0.111333	0.128152	0.172625	0.230865	0.298103	0.35639	0.397415	0.398739	0.355479	0.265495	0.131447	-0.0315641	-0.203731	-0.367095	-0.502168	-0.577601	-0.584372	-0.537005	-0.447904	-0.346535	-0.248755	-0.163097	-0.0972698	-0.0423025	0.00868637	0.0594928	0.0961744	0.108204	0.0876575	0.0366855	-0.0359704	-0.118928	-0.19088	-0.230412	-0.229999	-0.184324	-0.0836839	0.0695142	0.253699	0.437061	0.601802	0.719461	0.7667	0.730704	0.625968	0.471818	0.289163	0.0958672	-0.091588	-0.262806	-0.403366	-0.509523	-0.574878	-0.599686	-0.598649	-0.579872	-0.555496	-0.518109	-0.445731	-0.346283	-0.234523	-0.123607	-0.0170984	0.0805668	0.153797	0.187847	0.170262	0.101909	-0.0164479	-0.151045	-0.264112	-0.334195	-0.348258	-0.305994	-0.223092	-0.128713	-0.0354355	0.04091	0.104826	0.164338	0.212932	0.235804	0.206125	0.123131	0	
0	0.11051	0.220693	0.325973	0.4204	0.504909	0.572233	0.598273	0.565558	0.488528	0.399322	0.323241	0.268942	0.229059	0.19571	0.181269	0.18914	0.220305	0.269303	0.32921	0.375903	0.398739	0.391965	0.344699	0.255352	0.125895	-0.025554	-0.186514	-0.346288	-0.488754	-0.579243	-0.606868	-0.580314	-0.517683	-0.440602	-0.36068	-0.279246	-0.203442	-0.129084	-0.0557239	0.0104229	0.0536214	0.0710361	0.0557016	0.0186725	-0.0291289	-0.0792731	-0.120498	-0.140321	-0.130593	-0.0762785	0.0323387	0.187806	0.360255	0.528704	0.67345	0.766259	0.786299	0.72924	0.612424	0.458732	0.281744	0.102383	-0.0674003	-0.231818	-0.374668	-0.492128	-0.569559	-0.604092	-0.607056	-0.593018	-0.573483	-0.540652	-0.475226	-0.387887	-0.284055	-0.167418	-0.0527032	0.0514611	0.129106	0.171697	0.15721	0.0784135	-0.0480915	-0.188262	-0.312605	-0.396636	-0.422123	-0.387351	-0.302704	-0.199283	-0.0972747	-0.0123609	0.05979	0.130992	0.190007	0.220206	0.199212	0.119648	0	
0	0.098767	0.1965	0.294292	0.39223	0.48765	0.574329	0.627769	0.627305	0.578356	0.509936	0.443346	0.385839	0.331514	0.280609	0.248411	0.24023	0.257963	0.291442	0.32923	0.347748	0.355479	0.344699	0.305435	0.235677	0.139426	0.0194363	-0.120783	-0.268579	-0.411192	-0.51479	-0.562529	-0.566232	-0.53764	-0.497044	-0.448924	-0.390952	-0.322377	-0.238256	-0.149821	-0.069265	-0.0103178	0.021961	0.0221702	0.00687874	-0.00751551	-0.0218996	-0.038411	-0.046135	-0.0290874	0.0291861	0.1363	0.28406	0.44725	0.601665	0.731646	0.807459	0.814108	0.752185	0.633909	0.472041	0.287884	0.107951	-0.0601393	-0.219805	-0.360241	-0.479453	-0.56345	-0.604621	-0.618411	-0.610299	-0.592336	-0.562203	-0.501997	-0.42421	-0.32185	-0.197517	-0.071059	0.0453687	0.142482	0.196067	0.172891	0.0821017	-0.0597543	-0.223804	-0.377026	-0.486495	-0.531052	-0.505444	-0.422011	-0.315912	-0.204526	-0.102621	-0.0097666	0.0749668	0.144242	0.185027	0.171653	0.104285	0	
0	0.0885344	0.173697	0.263555	0.360513	0.460779	0.553038	0.623007	0.654527	0.650275	0.617524	0.565202	0.501675	0.432946	0.360386	0.303274	0.275339	0.275524	0.282336	0.282577	0.272767	0.265495	0.255352	0.235677	0.212012	0.169091	0.0888573	-0.0240276	-0.149435	-0.280432	-0.386961	-0.458553	-0.498457	-0.511318	-0.508436	-0.502907	-0.487216	-0.445226	-0.369523	-0.274193	-0.174048	-0.0884297	-0.0245064	0.00385167	0.013487	0.0226525	0.0339063	0.0399757	0.0458416	0.0667536	0.12047	0.212219	0.343325	0.492376	0.63901	0.758427	0.824705	0.830381	0.772293	0.652114	0.485581	0.292136	0.103699	-0.0641065	-0.220322	-0.351463	-0.462742	-0.547041	-0.599551	-0.626467	-0.628233	-0.610321	-0.573789	-0.512073	-0.432372	-0.325938	-0.199958	-0.069437	0.0644658	0.17672	0.234093	0.208869	0.104776	-0.0610909	-0.262846	-0.455384	-0.592735	-0.659206	-0.649312	-0.57445	-0.468821	-0.347263	-0.227241	-0.114693	-0.00550925	0.0871936	0.142267	0.143117	0.0900914	0	
0	0.0814801	0.159712	0.242657	0.334886	0.431987	0.523809	0.602144	0.664031	0.7075	0.717046	0.68236	0.619192	0.54043	0.446521	0.358971	0.30152	0.267534	0.229543	0.188104	0.151102	0.131447	0.125895	0.139426	0.169091	0.180486	0.147471	0.0781843	-0.00743926	-0.110114	-0.211438	-0.303438	-0.38137	-0.433559	-0.474829	-0.522344	-0.559031	-0.55697	-0.503074	-0.406748	-0.285231	-0.165441	-0.0654929	-0.00469286	0.0323713	0.0670213	0.0983611	0.116103	0.131175	0.15685	0.197525	0.262605	0.369436	0.506027	0.644048	0.756878	0.819963	0.824731	0.765931	0.64472	0.47579	0.281316	0.0941715	-0.0740765	-0.222629	-0.341466	-0.442708	-0.523855	-0.581443	-0.622716	-0.632675	-0.614761	-0.577655	-0.507016	-0.416634	-0.304734	-0.176526	-0.0401077	0.099476	0.21452	0.272552	0.24631	0.134755	-0.0557497	-0.290281	-0.515162	-0.688131	-0.790622	-0.808667	-0.750206	-0.650163	-0.52284	-0.385099	-0.248844	-0.114119	0.00751614	0.090006	0.114842	0.0809056	0	
0	0.0770511	0.153215	0.232015	0.31437	0.403975	0.493232	0.580224	0.666182	0.74929	0.795351	0.783846	0.731084	0.651628	0.541905	0.424424	0.325878	0.237221	0.142949	0.0592118	-0.00201119	-0.0315641	-0.025554	0.0194363	0.0888573	0.147471	0.170412	0.159131	0.126217	0.0637705	-0.0198139	-0.120961	-0.224746	-0.316687	-0.407983	-0.5073	-0.590759	-0.626145	-0.597145	-0.508385	-0.380819	-0.241093	-0.106881	-0.00861718	0.0604224	0.11895	0.165689	0.193284	0.212453	0.232261	0.255013	0.291704	0.372354	0.490584	0.618697	0.726777	0.790651	0.796793	0.735241	0.610979	0.447059	0.259053	0.0746179	-0.0870567	-0.227183	-0.333786	-0.418808	-0.486805	-0.539746	-0.581777	-0.59859	-0.592408	-0.563336	-0.496359	-0.402413	-0.284264	-0.148647	-0.00185175	0.142569	0.253062	0.307759	0.279839	0.156438	-0.0466719	-0.296478	-0.549568	-0.759809	-0.902283	-0.956313	-0.926529	-0.840503	-0.713402	-0.566774	-0.411111	-0.249022	-0.0993203	0.00865085	0.0576977	0.0488664	0	
0	0.0715662	0.147329	0.222811	0.295468	0.374161	0.461256	0.554652	0.657465	0.764517	0.838473	0.853116	0.818974	0.745717	0.627579	0.485075	0.34062	0.191622	0.042705	-0.080136	-0.165432	-0.203731	-0.186514	-0.120783	-0.0240276	0.0781843	0.159131	0.207847	0.229973	0.211945	0.155004	0.0620013	-0.0542101	-0.182065	-0.316717	-0.453362	-0.569393	-0.635631	-0.632318	-0.562412	-0.441385	-0.290432	-0.132935	-0.00412418	0.097681	0.179086	0.23198	0.254568	0.26505	0.271336	0.272253	0.285303	0.344911	0.448007	0.567753	0.677071	0.746205	0.750618	0.682741	0.556384	0.395772	0.215292	0.043749	-0.103321	-0.225016	-0.312515	-0.379597	-0.433252	-0.477115	-0.516291	-0.537299	-0.539862	-0.521855	-0.463946	-0.378457	-0.266714	-0.128637	0.0235596	0.169128	0.281398	0.340379	0.313235	0.186528	-0.0219781	-0.287079	-0.568205	-0.813021	-0.993009	-1.08709	-1.09111	-1.02669	-0.911456	-0.757347	-0.579037	-0.396982	-0.229107	-0.0960504	-0.0159378	0.00915742	0	
0	0.0665065	0.141141	0.216666	0.28399	0.355688	0.437999	0.534267	0.644277	0.76246	0.85437	0.892068	0.877505	0.811117	0.688636	0.523755	0.339027	0.142253	-0.0483619	-0.205532	-0.317659	-0.367095	-0.346288	-0.268579	-0.149435	-0.00743926	0.126217	0.229973	0.300139	0.320245	0.291792	0.220553	0.106902	-0.0377934	-0.195824	-0.356024	-0.496735	-0.58482	-0.605256	-0.556982	-0.447103	-0.292386	-0.122166	0.0270999	0.148289	0.239394	0.291054	0.300669	0.2846	0.262628	0.244849	0.245449	0.297121	0.396598	0.514907	0.62487	0.693163	0.69051	0.616551	0.490234	0.335798	0.166845	0.00889624	-0.120345	-0.221155	-0.2904	-0.33878	-0.377529	-0.413122	-0.449074	-0.471904	-0.478504	-0.464067	-0.415037	-0.341735	-0.239886	-0.108588	0.0401447	0.184271	0.30308	0.373649	0.354484	0.232071	0.0198743	-0.26269	-0.571827	-0.852595	-1.07219	-1.20373	-1.24112	-1.20085	-1.09444	-0.937804	-0.753168	-0.554932	-0.359685	-0.197424	-0.0866088	-0.0272554	0	
0	0.0627512	0.134465	0.207702	0.275275	0.342754	0.420304	0.51302	0.623983	0.744265	0.843071	0.895708	0.896134	0.84014	0.715367	0.53428	0.323461	0.100425	-0.115872	-0.302434	-0.438025	-0.502168	-0.488754	-0.411192	-0.280432	-0.110114	0.0637705	0.211945	0.320245	0.372188	0.377164	0.33667	0.244897	0.107869	-0.0555652	-0.22911	-0.381909	-0.483484	-0.524131	-0.495596	-0.397345	-0.251191	-0.0847182	0.0716707	0.199673	0.289744	0.33062	0.314883	0.265831	0.219742	0.190637	0.192734	0.246575	0.344684	0.464159	0.575342	0.639103	0.633214	0.561026	0.439616	0.291084	0.129899	-0.0166442	-0.132068	-0.218823	-0.272127	-0.304224	-0.33157	-0.361519	-0.395218	-0.420359	-0.428366	-0.413984	-0.373933	-0.311187	-0.217785	-0.0949854	0.0459653	0.192551	0.323781	0.407621	0.402471	0.289016	0.077582	-0.21871	-0.552681	-0.861954	-1.11768	-1.28829	-1.3606	-1.3481	-1.25777	-1.10584	-0.917473	-0.702892	-0.483387	-0.297637	-0.155271	-0.0575264	0	
0	0.0647938	0.132781	0.202079	0.269393	0.338006	0.411514	0.49885	0.605704	0.719707	0.812533	0.863569	0.873805	0.829038	0.709061	0.521497	0.302701	0.0726607	-0.15607	-0.356653	-0.502272	-0.577601	-0.579243	-0.51479	-0.386961	-0.211438	-0.0198139	0.155004	0.291792	0.377164	0.414935	0.408051	0.346191	0.228448	0.0716272	-0.0966775	-0.240115	-0.339215	-0.387571	-0.368782	-0.28665	-0.158796	-0.00683268	0.133291	0.240672	0.313696	0.336701	0.298728	0.231006	0.176117	0.149789	0.157596	0.212378	0.311344	0.430518	0.536805	0.598815	0.595899	0.528416	0.410935	0.263849	0.104779	-0.0369938	-0.14985	-0.230381	-0.274855	-0.29687	-0.312047	-0.332143	-0.362638	-0.38709	-0.39597	-0.391239	-0.361619	-0.304839	-0.214373	-0.0936196	0.0481902	0.202033	0.34075	0.43245	0.440616	0.343306	0.138686	-0.157516	-0.497457	-0.827906	-1.11341	-1.32113	-1.42997	-1.44614	-1.37913	-1.23701	-1.04375	-0.817579	-0.582956	-0.377809	-0.213665	-0.090245	0	
0	0.0711694	0.13868	0.202222	0.269687	0.340814	0.414921	0.495999	0.594575	0.695774	0.769586	0.806703	0.816347	0.783989	0.675265	0.497019	0.287337	0.0644747	-0.16049	-0.356603	-0.499903	-0.584372	-0.606868	-0.562529	-0.458553	-0.303438	-0.120961	0.0620013	0.220553	0.33667	0.408051	0.433409	0.400609	0.306528	0.170751	0.0290751	-0.0923509	-0.178463	-0.215789	-0.195951	-0.127452	-0.0197839	0.10285	0.206207	0.277682	0.321939	0.322695	0.273897	0.205162	0.156916	0.141391	0.155428	0.206798	0.304166	0.423906	0.529552	0.590889	0.59188	0.525263	0.401	0.244313	0.0815197	-0.064246	-0.179726	-0.261903	-0.305587	-0.321062	-0.327296	-0.337329	-0.357788	-0.379273	-0.396194	-0.403781	-0.389895	-0.337913	-0.244774	-0.119126	0.033403	0.195072	0.338676	0.440824	0.469785	0.394852	0.210926	-0.0679526	-0.402626	-0.742963	-1.05093	-1.28914	-1.43184	-1.47544	-1.42739	-1.29596	-1.09983	-0.872777	-0.639639	-0.422153	-0.245247	-0.111072	0	
0	0.0776411	0.148087	0.211631	0.28017	0.356449	0.432109	0.505601	0.590292	0.671665	0.721727	0.736083	0.736566	0.708714	0.616395	0.461756	0.276993	0.0780124	-0.123804	-0.300902	-0.438982	-0.537005	-0.580314	-0.566232	-0.498457	-0.38137	-0.224746	-0.0542101	0.106902	0.244897	0.346191	0.400609	0.397007	0.336703	0.242704	0.136884	0.0424794	-0.0179044	-0.0332063	-0.00621634	0.057372	0.146973	0.231825	0.28889	0.320415	0.33025	0.307806	0.255125	0.197825	0.1668	0.16781	0.191621	0.248995	0.34972	0.460114	0.550846	0.606704	0.604631	0.533865	0.402197	0.234128	0.0596636	-0.0994803	-0.229223	-0.318725	-0.366564	-0.381131	-0.379839	-0.381759	-0.392454	-0.411903	-0.435563	-0.457655	-0.456456	-0.408207	-0.31238	-0.175903	-0.00950275	0.163062	0.315305	0.433316	0.485415	0.440148	0.289171	0.0460221	-0.261844	-0.600383	-0.917764	-1.17505	-1.34489	-1.4128	-1.38234	-1.26211	-1.07717	-0.858366	-0.631601	-0.419077	-0.243587	-0.111432	0	
0	0.0788899	0.154801	0.224055	0.298257	0.378031	0.45312	0.513865	0.576798	0.631747	0.655578	0.646573	0.629844	0.599259	0.525647	0.406651	0.261402	0.104504	-0.0551972	-0.202324	-0.337081	-0.447904	-0.517683	-0.53764	-0.511318	-0.433559	-0.316687	-0.182065	-0.0377934	0.107869	0.228448	0.306528	0.336703	0.328887	0.286924	0.223735	0.166169	0.138968	0.146856	0.185311	0.249727	0.318869	0.36465	0.383261	0.37508	0.34639	0.301868	0.245409	0.198421	0.191084	0.21467	0.25594	0.326839	0.430977	0.530008	0.602817	0.637267	0.619796	0.536829	0.39316	0.212094	0.0245873	-0.153404	-0.298961	-0.396935	-0.451414	-0.467292	-0.465985	-0.465234	-0.469714	-0.484222	-0.509784	-0.534925	-0.538415	-0.495224	-0.400504	-0.259446	-0.0833756	0.0970714	0.267552	0.414618	0.497097	0.490082	0.384039	0.181286	-0.0968263	-0.411071	-0.714467	-0.973793	-1.16148	-1.25437	-1.24079	-1.14028	-0.978803	-0.773736	-0.558565	-0.367325	-0.212808	-0.0922209	0	
0	0.0778398	0.159416	0.23963	0.321356	0.403637	0.472659	0.517439	0.551503	0.573042	0.567298	0.535121	0.499144	0.464141	0.411803	0.333105	0.231754	0.12376	0.0147318	-0.0987171	-0.224376	-0.346535	-0.440602	-0.497044	-0.508436	-0.474829	-0.407983	-0.316717	-0.195824	-0.0555652	0.0716272	0.170751	0.242704	0.286924	0.297473	0.285902	0.277533	0.284935	0.31366	0.36758	0.431912	0.476004	0.488097	0.472375	0.428998	0.371039	0.306366	0.243896	0.208078	0.215408	0.252903	0.320665	0.422415	0.537821	0.632834	0.686522	0.694277	0.650653	0.542129	0.377704	0.179853	-0.0315288	-0.228279	-0.384798	-0.49199	-0.54903	-0.572421	-0.579163	-0.581858	-0.583168	-0.589285	-0.604282	-0.621978	-0.62416	-0.588971	-0.500842	-0.359185	-0.181709	0.017192	0.219311	0.402221	0.527409	0.565042	0.502581	0.339252	0.0973432	-0.181725	-0.46745	-0.728638	-0.917786	-1.0199	-1.03034	-0.956012	-0.817395	-0.635582	-0.44824	-0.285967	-0.157725	-0.0627205	0	
0	0.0777323	0.163817	0.252029	0.340075	0.418233	0.476102	0.500367	0.503735	0.48634	0.447999	0.393168	0.344061	0.312563	0.286174	0.246342	0.184297	0.121145	0.0579872	-0.0194999	-0.128065	-0.248755	-0.36068	-0.448924	-0.502907	-0.522344	-0.5073	-0.453362	-0.356024	-0.22911	-0.0966775	0.0290751	0.136884	0.223735	0.285902	0.334088	0.377907	0.418196	0.471199	0.534055	0.585024	0.600192	0.579557	0.528494	0.456678	0.380686	0.302282	0.235989	0.209299	0.227556	0.28449	0.382113	0.511817	0.649552	0.752754	0.796367	0.776753	0.699205	0.558295	0.370585	0.151785	-0.0808759	-0.294131	-0.466108	-0.587182	-0.654747	-0.690447	-0.705781	-0.706169	-0.701117	-0.694717	-0.698269	-0.714552	-0.719266	-0.690503	-0.602956	-0.45361	-0.264042	-0.0438253	0.188253	0.404573	0.568708	0.653712	0.637515	0.520911	0.323053	0.0724089	-0.197018	-0.449283	-0.642225	-0.760973	-0.797024	-0.749157	-0.635248	-0.493977	-0.346627	-0.20774	-0.108874	-0.0435834	0	
0	0.080775	0.168115	0.26045	0.34692	0.414808	0.449951	0.450823	0.422139	0.370201	0.299724	0.226724	0.173174	0.154264	0.154997	0.148218	0.120725	0.0937804	0.0674069	0.0234433	-0.0578887	-0.163097	-0.279246	-0.390952	-0.487216	-0.559031	-0.590759	-0.569393	-0.496735	-0.381909	-0.240115	-0.0923509	0.0424794	0.166169	0.277533	0.377907	0.464865	0.537866	0.606459	0.664779	0.696227	0.685049	0.632064	0.549966	0.458138	0.362547	0.268543	0.204842	0.189751	0.21928	0.302792	0.433285	0.593088	0.753289	0.870321	0.915113	0.880344	0.771621	0.600327	0.384403	0.139869	-0.108084	-0.335208	-0.517646	-0.652738	-0.738639	-0.791981	-0.820221	-0.825185	-0.812535	-0.793651	-0.786374	-0.793839	-0.798382	-0.767208	-0.671991	-0.516394	-0.314331	-0.075247	0.179128	0.421193	0.617556	0.744206	0.771432	0.701948	0.550692	0.330628	0.0794935	-0.169275	-0.379904	-0.521871	-0.579766	-0.562946	-0.487402	-0.379754	-0.264743	-0.154665	-0.0768472	-0.0318714	0	
0	0.0843056	0.172305	0.262096	0.342496	0.388466	0.393854	0.362774	0.308747	0.232202	0.142497	0.0584253	0.00759002	0.00284874	0.02458	0.0451029	0.0498177	0.0536648	0.0549215	0.0387488	-0.0137803	-0.0972698	-0.203442	-0.322377	-0.445226	-0.55697	-0.626145	-0.635631	-0.58482	-0.483484	-0.339215	-0.178463	-0.0179044	0.138968	0.284935	0.418196	0.537866	0.629695	0.696271	0.737166	0.75352	0.726147	0.653383	0.552529	0.440671	0.32035	0.212181	0.146284	0.13726	0.188984	0.299722	0.458669	0.646287	0.837557	0.980517	1.03926	0.998158	0.867269	0.671074	0.432216	0.168356	-0.0920845	-0.329569	-0.528477	-0.680334	-0.786481	-0.856238	-0.896766	-0.908944	-0.894104	-0.869877	-0.854152	-0.852865	-0.847449	-0.803044	-0.696643	-0.533627	-0.322983	-0.0756937	0.18887	0.446868	0.668862	0.828788	0.892331	0.86278	0.747339	0.552048	0.31217	0.0622901	-0.162542	-0.32779	-0.411867	-0.427298	-0.38471	-0.298019	-0.201564	-0.115832	-0.0530374	-0.017149	0	
0	0.0863655	0.171535	0.2559	0.319664	0.340581	0.309701	0.249677	0.175827	0.0921152	-0.00151973	-0.0858512	-0.129355	-0.123332	-0.0866243	-0.0436059	-0.007613	0.0246465	0.0471978	0.0526215	0.0197144	-0.0423025	-0.129084	-0.238256	-0.369523	-0.503074	-0.597145	-0.632318	-0.605256	-0.524131	-0.387571	-0.215789	-0.0332063	0.146856	0.31366	0.471199	0.606459	0.696271	0.741507	0.761364	0.762056	0.721028	0.642218	0.532282	0.402634	0.263244	0.144603	0.0743762	0.0682492	0.135862	0.27082	0.452283	0.669594	0.888453	1.06242	1.14551	1.11516	0.986168	0.780509	0.524564	0.245691	-0.0313139	-0.285763	-0.501314	-0.668191	-0.78388	-0.862921	-0.911724	-0.930706	-0.925235	-0.901806	-0.882392	-0.87614	-0.854193	-0.798297	-0.68791	-0.524335	-0.314263	-0.0651042	0.206748	0.481491	0.723234	0.900717	0.985681	0.980332	0.885419	0.710376	0.480718	0.231622	0.00106957	-0.183491	-0.293607	-0.336935	-0.320671	-0.256638	-0.178451	-0.105183	-0.0480857	-0.0131299	0	
0	0.0859624	0.167074	0.237627	0.279725	0.273841	0.219362	0.141177	0.0599375	-0.0198016	-0.106086	-0.180676	-0.21492	-0.198029	-0.152147	-0.0927338	-0.0340978	0.0182953	0.0580712	0.0752825	0.0550034	0.00868637	-0.0557239	-0.149821	-0.274193	-0.406748	-0.508385	-0.562412	-0.556982	-0.495596	-0.368782	-0.195951	-0.00621634	0.185311	0.36758	0.534055	0.664779	0.737166	0.761364	0.758484	0.737741	0.685468	0.601266	0.483437	0.341073	0.19534	0.0708104	-0.00578324	-0.00950173	0.0726113	0.221422	0.42319	0.668843	0.912488	1.1137	1.22239	1.2125	1.10186	0.905293	0.64539	0.360565	0.0651216	-0.204801	-0.432312	-0.610845	-0.7252	-0.808856	-0.8656	-0.892503	-0.898025	-0.880365	-0.861547	-0.852241	-0.820415	-0.761821	-0.656989	-0.497884	-0.296215	-0.0498973	0.225962	0.509538	0.762545	0.947017	1.04925	1.05934	0.971842	0.81233	0.589206	0.339172	0.106346	-0.0926092	-0.223154	-0.287219	-0.294496	-0.258937	-0.197468	-0.124993	-0.0669969	-0.0249461	0	
0	0.0812225	0.15173	0.201555	0.214885	0.190004	0.129403	0.053528	-0.0243859	-0.0964369	-0.170359	-0.231328	-0.252435	-0.225664	-0.173188	-0.107379	-0.0410801	0.0228063	0.0745579	0.103148	0.0924616	0.0594928	0.0104229	-0.069265	-0.174048	-0.285231	-0.380819	-0.441385	-0.447103	-0.397345	-0.28665	-0.127452	0.057372	0.249727	0.431912	0.585024	0.696227	0.75352	0.762056	0.737741	0.694996	0.624422	0.529393	0.398674	0.25025	0.105724	-0.017753	-0.0940583	-0.0860548	0.00316969	0.163893	0.376999	0.634668	0.893693	1.10795	1.23925	1.26387	1.18529	1.01033	0.761936	0.480079	0.185112	-0.090982	-0.31975	-0.49911	-0.619005	-0.706593	-0.76759	-0.798114	-0.806923	-0.792964	-0.779846	-0.773594	-0.743465	-0.690144	-0.593495	-0.446464	-0.258511	-0.0237946	0.24392	0.525752	0.776289	0.962308	1.0705	1.08407	1.00842	0.859351	0.646813	0.402857	0.166055	-0.0369151	-0.186188	-0.274841	-0.307604	-0.29497	-0.241063	-0.171096	-0.107753	-0.0489991	0	
0	0.0638885	0.113574	0.134258	0.118348	0.0802406	0.0282378	-0.030852	-0.0969278	-0.157735	-0.216656	-0.260103	-0.268637	-0.235513	-0.181102	-0.120589	-0.0554495	0.0116651	0.0765856	0.117138	0.118939	0.0961744	0.0536214	-0.0103178	-0.0884297	-0.165441	-0.241093	-0.290432	-0.292386	-0.251191	-0.158796	-0.0197839	0.146973	0.318869	0.476004	0.600192	0.685049	0.726147	0.721028	0.685468	0.624422	0.537624	0.423848	0.280959	0.130942	-0.0107549	-0.128001	-0.192847	-0.177572	-0.0839616	0.0771339	0.294352	0.55147	0.811503	1.03442	1.18805	1.24923	1.20871	1.06713	0.844661	0.58364	0.310695	0.0513929	-0.163092	-0.335162	-0.46206	-0.554042	-0.619145	-0.65054	-0.655251	-0.643991	-0.638356	-0.633828	-0.61364	-0.569223	-0.484379	-0.358955	-0.191686	0.017485	0.266675	0.532478	0.767997	0.946048	1.05152	1.06662	0.996467	0.85738	0.655578	0.419021	0.187771	-0.0155325	-0.178304	-0.284057	-0.335066	-0.33238	-0.285879	-0.219296	-0.139047	-0.065448	0	
0	0.0325278	0.0520175	0.0425805	0.00376594	-0.0422735	-0.0805764	-0.119672	-0.165079	-0.209617	-0.245203	-0.271765	-0.271624	-0.243257	-0.197769	-0.150276	-0.0916743	-0.0213747	0.0532974	0.10737	0.123333	0.108204	0.0710361	0.021961	-0.0245064	-0.0654929	-0.106881	-0.132935	-0.122166	-0.0847182	-0.00683268	0.10285	0.231825	0.36465	0.488097	0.579557	0.632064	0.653383	0.642218	0.601266	0.529393	0.423848	0.294033	0.143012	-0.00819318	-0.146339	-0.254962	-0.306829	-0.283525	-0.187675	-0.0320186	0.179142	0.430056	0.691031	0.917712	1.08825	1.18638	1.18026	1.06929	0.888782	0.667828	0.429884	0.211397	0.0208146	-0.138926	-0.265441	-0.360107	-0.424499	-0.451592	-0.455107	-0.448864	-0.447791	-0.450924	-0.435942	-0.400163	-0.330717	-0.229345	-0.0974485	0.0789461	0.300416	0.534223	0.750112	0.918016	1.01014	1.02231	0.957993	0.822525	0.626595	0.404486	0.183294	-0.0186446	-0.183068	-0.295094	-0.355764	-0.364553	-0.322799	-0.25104	-0.162052	-0.0775119	0	
