0	0	0	0	0	0	0	0	0	0	0	0	0	0	0	0	0	0	0	0	0	0	0	0	0	0	0	0	0	0	0	0	0	0	0	0	0	0	0	0	0	0	0	0	0	0	0	0	0	0	0	0	0	0	0	0	0	0	0	0	0	0	0	0	0	0	0	0	0	0	0	0	0	0	0	0	0	0	0	0	0	0	0	0	0	0	0	0	0	0	0	0	0	0	0	0	0	0	0	0	
0	0.0401935	0.0782925	0.116341	0.146926	0.172117	0.186416	0.191382	0.190381	0.184171	0.179817	0.175047	0.172597	0.17074	0.170444	0.175135	0.18326	0.196528	0.206868	0.21241	0.211093	0.204456	0.196477	0.189991	0.181845	0.176907	0.174346	0.171601	0.170368	0.162427	0.151897	0.142952	0.138476	0.135471	0.131293	0.122797	0.115916	0.107503	0.100836	0.0939962	0.0893147	0.081448	0.0712295	0.0599257	0.0535001	0.0473388	0.0368352	0.0227716	0.0142363	0.00656787	-0.00376923	-0.0144706	-0.0231425	-0.0317577	-0.0371097	-0.0439602	-0.0527521	-0.0605842	-0.0710859	-0.0858228	-0.108246	-0.132524	-0.15963	-0.184872	-0.207385	-0.219076	-0.218668	-0.212933	-0.199719	-0.183673	-0.169471	-0.157545	-0.143941	-0.133185	-0.128142	-0.125216	-0.127313	-0.133188	-0.134112	-0.128141	-0.116906	-0.103543	-0.0935864	-0.0810223	-0.0690052	-0.0645657	-0.0602454	-0.0566771	-0.0506591	-0.0382656	-0.0296786	-0.0267038	-0.0234967	-0.0187311	-0.0152021	-0.0137601	-0.00988324	-0.0031445	0.000906048	0	
0	0.0782925	0.155468	0.227959	0.291021	0.340048	0.368682	0.380683	0.377187	0.367082	0.357885	0.348224	0.344331	0.339674	0.340165	0.349414	0.367401	0.393957	0.417041	0.42959	0.426894	0.415721	0.398926	0.384472	0.369098	0.359354	0.351888	0.350887	0.346688	0.330324	0.309965	0.291754	0.279628	0.276173	0.26769	0.251568	0.236883	0.22044	0.207618	0.197228	0.18542	0.169229	0.151778	0.133366	0.118265	0.105911	0.0871258	0.062799	0.0450612	0.0311812	0.0114009	-0.00677654	-0.0241389	-0.0389143	-0.0489816	-0.0608377	-0.0766374	-0.0920522	-0.110523	-0.14099	-0.183072	-0.233013	-0.286583	-0.337626	-0.384543	-0.408177	-0.411018	-0.400267	-0.376583	-0.346533	-0.319402	-0.297533	-0.271283	-0.252267	-0.242985	-0.23985	-0.246663	-0.259903	-0.26607	-0.255133	-0.234548	-0.210519	-0.188378	-0.164787	-0.142409	-0.131568	-0.125719	-0.120079	-0.106396	-0.0831405	-0.0650752	-0.0557832	-0.0499088	-0.0423523	-0.0350632	-0.029208	-0.0188883	-0.00819556	-0.00292704	0	
0	0.116341	0.227959	0.33764	0.428099	0.501319	0.543535	0.559043	0.555465	0.538591	0.525415	0.512511	0.506364	0.50254	0.503923	0.519921	0.546794	0.58798	0.622018	0.64112	0.639786	0.62275	0.600279	0.58129	0.55853	0.54372	0.535394	0.528263	0.523061	0.499452	0.46827	0.441012	0.426	0.41739	0.405055	0.381269	0.360561	0.337334	0.319345	0.30204	0.289588	0.269879	0.24397	0.215418	0.199806	0.185946	0.160697	0.125563	0.105016	0.0873947	0.0629785	0.0375275	0.0165503	-0.00301685	-0.0145932	-0.0301854	-0.0516661	-0.0717915	-0.100054	-0.142432	-0.206328	-0.279165	-0.360232	-0.437123	-0.506793	-0.545543	-0.550534	-0.538168	-0.505337	-0.464665	-0.428956	-0.400087	-0.367772	-0.344091	-0.336211	-0.335863	-0.350082	-0.374856	-0.385403	-0.374578	-0.348308	-0.314582	-0.287737	-0.254771	-0.22285	-0.210169	-0.19956	-0.189707	-0.17107	-0.135596	-0.109047	-0.0970358	-0.0856868	-0.0706581	-0.0587938	-0.0510432	-0.0359372	-0.014662	-0.00119387	0	
0	0.146926	0.291021	0.428099	0.54623	0.638442	0.692274	0.712796	0.705291	0.684111	0.665156	0.647494	0.640409	0.634527	0.639239	0.660779	0.700423	0.756902	0.806634	0.837312	0.838622	0.821059	0.793788	0.768266	0.740853	0.722831	0.70992	0.705878	0.69814	0.667529	0.627992	0.591341	0.568308	0.558628	0.541649	0.511791	0.485334	0.455272	0.432582	0.414153	0.396683	0.371375	0.343233	0.313615	0.292637	0.276532	0.248983	0.212066	0.187199	0.169017	0.142083	0.116491	0.0930672	0.0738423	0.0635736	0.0484777	0.026651	0.0036429	-0.0282351	-0.0822207	-0.161283	-0.25743	-0.363158	-0.46555	-0.559612	-0.613248	-0.626391	-0.612809	-0.575944	-0.527676	-0.485513	-0.45331	-0.416053	-0.393061	-0.388097	-0.395646	-0.423764	-0.463269	-0.48766	-0.481348	-0.45418	-0.417886	-0.383971	-0.345324	-0.308479	-0.291371	-0.281935	-0.271843	-0.246725	-0.203334	-0.16682	-0.14562	-0.13017	-0.110964	-0.0930286	-0.0777843	-0.0536069	-0.0267879	-0.0095897	0	
0	0.172117	0.340048	0.501319	0.638442	0.74535	0.805788	0.825166	0.811563	0.781253	0.753727	0.731106	0.719789	0.715368	0.721627	0.752181	0.803483	0.876408	0.942644	0.984259	0.993019	0.976583	0.948489	0.922909	0.894297	0.874791	0.864015	0.858677	0.850664	0.81595	0.768171	0.7245	0.697301	0.684028	0.664508	0.629779	0.595136	0.560557	0.53432	0.512026	0.494258	0.469544	0.436919	0.401806	0.383915	0.370971	0.343961	0.303541	0.281812	0.26607	0.242846	0.21838	0.198099	0.183152	0.177726	0.167018	0.147647	0.126503	0.0918695	0.0313601	-0.0612905	-0.176172	-0.304756	-0.429649	-0.544554	-0.613111	-0.631675	-0.618488	-0.576226	-0.522958	-0.476975	-0.442523	-0.407621	-0.387975	-0.391718	-0.411913	-0.456182	-0.516219	-0.555537	-0.559314	-0.538155	-0.502644	-0.470155	-0.431353	-0.393562	-0.378332	-0.369925	-0.359443	-0.330958	-0.279417	-0.235713	-0.209474	-0.186699	-0.160204	-0.137211	-0.115187	-0.0806488	-0.0410394	-0.0133346	0	
0	0.186416	0.368682	0.543535	0.692274	0.805788	0.867488	0.880993	0.85711	0.814384	0.775012	0.743114	0.726794	0.71835	0.72835	0.763608	0.828734	0.919082	1.00305	1.06254	1.08253	1.07271	1.05009	1.02639	1.00036	0.984151	0.976548	0.975788	0.971267	0.936823	0.886466	0.836571	0.806987	0.790737	0.766711	0.727335	0.691524	0.651532	0.62083	0.595434	0.575804	0.548054	0.51507	0.481158	0.461904	0.449806	0.424361	0.388645	0.368156	0.356606	0.338427	0.319934	0.305706	0.297806	0.301353	0.298343	0.287328	0.272022	0.239572	0.177697	0.0774881	-0.0516074	-0.19735	-0.341963	-0.473096	-0.554747	-0.579197	-0.563424	-0.517824	-0.457951	-0.407539	-0.371605	-0.336717	-0.323292	-0.335481	-0.369122	-0.434842	-0.516757	-0.576882	-0.598193	-0.588189	-0.560929	-0.533776	-0.499117	-0.465728	-0.454549	-0.451887	-0.445136	-0.417481	-0.364846	-0.314551	-0.280874	-0.253365	-0.220029	-0.188023	-0.157285	-0.11346	-0.0633438	-0.024541	0	
0	0.191382	0.380683	0.559043	0.712796	0.825166	0.880993	0.883743	0.842331	0.782626	0.724567	0.679435	0.651103	0.638876	0.646063	0.687965	0.764801	0.870355	0.975861	1.05171	1.08614	1.08781	1.07236	1.05551	1.03913	1.03089	1.03238	1.04338	1.0454	1.01558	0.965151	0.915977	0.882973	0.868483	0.846374	0.807786	0.761995	0.718636	0.68477	0.658638	0.635398	0.607417	0.571511	0.53519	0.516494	0.506324	0.48435	0.450169	0.433079	0.426171	0.415533	0.404356	0.396959	0.400092	0.412982	0.421409	0.421672	0.414523	0.388944	0.327786	0.226084	0.0870668	-0.0718614	-0.229686	-0.373958	-0.46327	-0.490059	-0.469632	-0.414617	-0.346767	-0.288229	-0.245658	-0.211791	-0.201304	-0.220789	-0.270134	-0.355083	-0.460424	-0.544298	-0.583937	-0.5904	-0.576192	-0.556326	-0.532375	-0.51078	-0.507935	-0.516886	-0.519867	-0.495373	-0.443603	-0.391768	-0.353304	-0.319974	-0.284118	-0.249454	-0.207557	-0.147833	-0.0849927	-0.0357876	0	
0	0.190381	0.377187	0.555465	0.705291	0.811563	0.85711	0.842331	0.78125	0.69848	0.618109	0.55419	0.511351	0.487538	0.492205	0.532738	0.617457	0.735991	0.856272	0.950159	1.00125	1.01554	1.01372	1.00914	1.00449	1.00826	1.02454	1.04606	1.06065	1.04411	1.00291	0.957571	0.932664	0.919236	0.896698	0.857729	0.816108	0.772195	0.734623	0.702622	0.677709	0.647928	0.6097	0.572072	0.551415	0.540335	0.518409	0.488241	0.472759	0.468932	0.464584	0.459423	0.460905	0.47311	0.496349	0.516234	0.528569	0.532877	0.513085	0.45849	0.356593	0.212818	0.0464937	-0.122668	-0.27161	-0.366474	-0.391233	-0.360832	-0.2947	-0.212691	-0.141873	-0.089303	-0.0502992	-0.0395799	-0.062723	-0.12109	-0.222862	-0.347498	-0.450376	-0.51193	-0.536548	-0.536836	-0.531828	-0.521795	-0.513586	-0.524587	-0.545929	-0.558824	-0.546125	-0.504304	-0.455222	-0.416992	-0.38287	-0.342614	-0.300012	-0.251175	-0.185892	-0.111618	-0.0472099	0	
0	0.184171	0.367082	0.538591	0.684111	0.781253	0.814384	0.782626	0.69848	0.590947	0.483826	0.395944	0.33092	0.292089	0.284629	0.320857	0.408739	0.533341	0.668881	0.777036	0.842144	0.870032	0.87879	0.883278	0.893109	0.911895	0.943984	0.986896	1.01879	1.01877	0.990053	0.95725	0.937989	0.933921	0.92264	0.893834	0.850024	0.806149	0.76812	0.738371	0.710045	0.677611	0.636204	0.597004	0.571603	0.55674	0.534753	0.506198	0.488695	0.485369	0.484838	0.485334	0.492275	0.513293	0.544407	0.575333	0.600805	0.614242	0.60397	0.554267	0.456095	0.309807	0.137462	-0.0382372	-0.192163	-0.288239	-0.309911	-0.268671	-0.1862	-0.0871604	0.0021222	0.0726824	0.122686	0.141601	0.123058	0.059542	-0.0522504	-0.189977	-0.311972	-0.390718	-0.430953	-0.446568	-0.449763	-0.452765	-0.462137	-0.486331	-0.525336	-0.556777	-0.557529	-0.527191	-0.485563	-0.448983	-0.415744	-0.381354	-0.342644	-0.287058	-0.210139	-0.128037	-0.0575743	0	
0	0.179817	0.357885	0.525415	0.665156	0.753727	0.775012	0.724567	0.618109	0.483826	0.348106	0.233843	0.144078	0.085654	0.0632545	0.0888102	0.171321	0.295145	0.434432	0.549527	0.623981	0.661212	0.67874	0.694438	0.716209	0.74801	0.797014	0.855182	0.903553	0.926028	0.917299	0.902779	0.900723	0.908856	0.907792	0.889896	0.856863	0.823212	0.78867	0.758394	0.729999	0.698474	0.65585	0.614464	0.58556	0.565667	0.540978	0.511827	0.492347	0.487165	0.48757	0.48995	0.501521	0.528391	0.564121	0.604036	0.638768	0.66081	0.655977	0.611483	0.51468	0.366796	0.190048	0.00715447	-0.148138	-0.244951	-0.261156	-0.207607	-0.107113	0.0126179	0.123331	0.215288	0.280397	0.312923	0.30342	0.242687	0.130303	-0.0117283	-0.141268	-0.231184	-0.282713	-0.307694	-0.320415	-0.335411	-0.357752	-0.395032	-0.446334	-0.490237	-0.507968	-0.494453	-0.465746	-0.438804	-0.412292	-0.383705	-0.34664	-0.29172	-0.218927	-0.136795	-0.0613591	0	
0	0.175047	0.348224	0.512511	0.647494	0.731106	0.743114	0.679435	0.55419	0.395944	0.233843	0.0905188	-0.0247495	-0.108588	-0.149059	-0.14052	-0.0676775	0.0492276	0.187683	0.305004	0.384163	0.424465	0.444855	0.462157	0.48885	0.529098	0.590694	0.664168	0.730703	0.773946	0.786012	0.790505	0.805952	0.830297	0.849477	0.85074	0.833524	0.81113	0.784923	0.763239	0.739831	0.710998	0.669248	0.630545	0.596298	0.571118	0.542549	0.51395	0.488587	0.478628	0.476704	0.478646	0.4927	0.521181	0.559325	0.605551	0.647826	0.67644	0.676333	0.635968	0.540098	0.390874	0.210017	0.0190267	-0.139274	-0.237708	-0.252018	-0.188592	-0.0724236	0.0679401	0.202346	0.317625	0.404231	0.455995	0.461553	0.410729	0.303755	0.165212	0.0330705	-0.0628199	-0.117952	-0.145627	-0.158309	-0.1753	-0.203696	-0.247793	-0.308369	-0.36481	-0.397827	-0.399183	-0.382425	-0.364078	-0.34714	-0.332845	-0.307905	-0.261306	-0.196754	-0.122561	-0.0549599	0	
0	0.172597	0.344331	0.506364	0.640409	0.719789	0.726794	0.651103	0.511351	0.33092	0.144078	-0.0247495	-0.168272	-0.271821	-0.335338	-0.341354	-0.283341	-0.178539	-0.0477033	0.0654996	0.140756	0.18164	0.198073	0.213229	0.239704	0.282304	0.347723	0.429054	0.505003	0.564888	0.594724	0.622894	0.655556	0.696705	0.735722	0.76026	0.761356	0.758496	0.748956	0.740331	0.726611	0.704857	0.671255	0.636403	0.603921	0.573794	0.543956	0.513339	0.484466	0.469661	0.462293	0.462586	0.475842	0.504788	0.541689	0.591083	0.638327	0.669125	0.672885	0.632906	0.535379	0.385301	0.19735	-0.000529731	-0.164345	-0.265281	-0.277304	-0.209132	-0.0769549	0.0825687	0.238316	0.378207	0.484639	0.556834	0.57976	0.539865	0.445668	0.318605	0.190342	0.0978107	0.0466648	0.021915	0.0156311	0.0036439	-0.023844	-0.065804	-0.123697	-0.183679	-0.225425	-0.235819	-0.231692	-0.226018	-0.219731	-0.220813	-0.212302	-0.181558	-0.136759	-0.0845567	-0.0376865	0	
0	0.17074	0.339674	0.50254	0.634527	0.715368	0.71835	0.638876	0.487538	0.292089	0.085654	-0.108588	-0.271821	-0.401228	-0.479959	-0.504258	-0.460824	-0.367738	-0.246944	-0.141179	-0.067268	-0.0325494	-0.0218847	-0.0138722	0.00398228	0.0403697	0.104741	0.183873	0.262501	0.331317	0.376341	0.417278	0.465516	0.522129	0.578577	0.620775	0.648162	0.669717	0.678079	0.686257	0.687535	0.680901	0.658541	0.636595	0.606456	0.577236	0.545958	0.517387	0.485418	0.46426	0.450742	0.44572	0.458306	0.48275	0.516036	0.56633	0.613296	0.646541	0.650174	0.609874	0.50996	0.356544	0.164652	-0.043766	-0.213619	-0.317695	-0.3335	-0.261391	-0.119578	0.0562422	0.233801	0.393159	0.522432	0.616515	0.65463	0.630713	0.551384	0.437094	0.319031	0.231811	0.187818	0.174612	0.179535	0.180264	0.166692	0.135072	0.087286	0.0349435	-0.00737538	-0.0229205	-0.0252256	-0.0270942	-0.0339199	-0.0526815	-0.0603964	-0.0531601	-0.0424209	-0.0233111	-0.00660436	0	
0	0.170444	0.340165	0.503923	0.639239	0.721627	0.72835	0.646063	0.492205	0.284629	0.0632545	-0.149059	-0.335338	-0.479959	-0.578367	-0.614993	-0.585164	-0.504012	-0.393729	-0.291821	-0.225068	-0.191562	-0.18898	-0.19158	-0.185186	-0.158288	-0.104835	-0.0332884	0.0411916	0.109936	0.158238	0.209762	0.264232	0.324867	0.394814	0.458767	0.506132	0.54393	0.574624	0.604398	0.626544	0.634624	0.63207	0.624229	0.607019	0.581521	0.555288	0.529468	0.497901	0.473465	0.451844	0.442915	0.450766	0.469398	0.496548	0.542503	0.5874	0.616802	0.619492	0.574968	0.468773	0.313456	0.11296	-0.103974	-0.282546	-0.392895	-0.411212	-0.34223	-0.192459	-0.00178837	0.191877	0.372195	0.522477	0.636175	0.692422	0.68203	0.619225	0.522634	0.413357	0.334807	0.302918	0.300368	0.32077	0.342232	0.346476	0.33313	0.305994	0.265882	0.229588	0.219861	0.215984	0.206676	0.191736	0.158594	0.126116	0.102321	0.0799724	0.0605197	0.0338669	0	
0	0.175135	0.349414	0.519921	0.660779	0.752181	0.763608	0.687965	0.532738	0.320857	0.0888102	-0.14052	-0.341354	-0.504258	-0.614993	-0.663113	-0.646103	-0.574692	-0.474503	-0.380913	-0.315188	-0.28672	-0.288716	-0.299418	-0.30467	-0.290139	-0.248476	-0.191694	-0.130313	-0.0712378	-0.0229791	0.0287464	0.082793	0.146188	0.217921	0.28427	0.346476	0.406517	0.455625	0.502632	0.542123	0.57066	0.588861	0.603824	0.603334	0.588965	0.570921	0.553767	0.529634	0.504383	0.478532	0.464612	0.469567	0.480381	0.499719	0.538495	0.57543	0.598674	0.595368	0.54183	0.42715	0.263933	0.0545883	-0.17412	-0.365162	-0.481823	-0.508843	-0.443693	-0.290044	-0.0891461	0.12205	0.318689	0.490148	0.624709	0.694458	0.700121	0.655345	0.574556	0.479743	0.412081	0.391442	0.403557	0.438642	0.478911	0.505222	0.513087	0.508198	0.488194	0.46647	0.463709	0.459593	0.445128	0.418146	0.370932	0.32489	0.274657	0.208505	0.14225	0.0740646	0	
0	0.18326	0.367401	0.546794	0.700423	0.803483	0.828734	0.764801	0.617457	0.408739	0.171321	-0.0676775	-0.283341	-0.460824	-0.585164	-0.646103	-0.640915	-0.581094	-0.491768	-0.402515	-0.340437	-0.311488	-0.317168	-0.336778	-0.354133	-0.353371	-0.3271	-0.284942	-0.237628	-0.189692	-0.148489	-0.103152	-0.0565182	-0.00455453	0.0597873	0.130929	0.202144	0.266263	0.325733	0.387925	0.44455	0.491163	0.532292	0.568836	0.589412	0.592954	0.591175	0.588305	0.576683	0.558006	0.53262	0.519359	0.521667	0.526946	0.538454	0.568155	0.594666	0.608265	0.595658	0.529291	0.402681	0.227952	0.00684319	-0.236661	-0.442768	-0.571755	-0.61113	-0.555395	-0.405604	-0.197721	0.0241956	0.235974	0.428694	0.581752	0.669303	0.692202	0.666816	0.605551	0.524471	0.468286	0.45908	0.482567	0.531921	0.592846	0.642183	0.671629	0.687065	0.68366	0.672519	0.674653	0.671358	0.651734	0.616666	0.560958	0.494805	0.413634	0.316935	0.217323	0.111098	0	
0	0.196528	0.393957	0.58798	0.756902	0.876408	0.919082	0.870355	0.735991	0.533341	0.295145	0.0492276	-0.178539	-0.367738	-0.504012	-0.574692	-0.581094	-0.532043	-0.455584	-0.374605	-0.317156	-0.291241	-0.298709	-0.324489	-0.351403	-0.36108	-0.348075	-0.323169	-0.291954	-0.261415	-0.230249	-0.192052	-0.153697	-0.113502	-0.0614716	-0.00309731	0.0634528	0.129733	0.196986	0.264324	0.330832	0.388091	0.446355	0.504718	0.552478	0.576592	0.592796	0.610041	0.621547	0.618555	0.602827	0.59665	0.604278	0.609729	0.620048	0.641657	0.65966	0.663329	0.639032	0.558375	0.415338	0.225778	-0.0126705	-0.273874	-0.500005	-0.647572	-0.703663	-0.663376	-0.522351	-0.313865	-0.0851642	0.139126	0.349432	0.519194	0.621655	0.661644	0.655308	0.613277	0.550897	0.509267	0.513699	0.549491	0.609599	0.686481	0.752092	0.796744	0.827424	0.835941	0.83428	0.839753	0.830254	0.795929	0.745806	0.682964	0.609297	0.510425	0.386645	0.259131	0.131006	0	
0	0.206868	0.417041	0.622018	0.806634	0.942644	1.00305	0.975861	0.856272	0.668881	0.434432	0.187683	-0.0477033	-0.246944	-0.393729	-0.474503	-0.491768	-0.455584	-0.389393	-0.318541	-0.263552	-0.238921	-0.246753	-0.279358	-0.314617	-0.338369	-0.340701	-0.329287	-0.315053	-0.298612	-0.275455	-0.246615	-0.221388	-0.194083	-0.161624	-0.113762	-0.0554035	0.00671633	0.0675613	0.134282	0.198946	0.264441	0.334976	0.410022	0.475049	0.520084	0.560205	0.601379	0.639326	0.657924	0.662857	0.67357	0.693366	0.709562	0.724929	0.746526	0.760417	0.758017	0.725562	0.630313	0.475545	0.267587	0.0131307	-0.26615	-0.51548	-0.683672	-0.763756	-0.742936	-0.618787	-0.41938	-0.190194	0.0408294	0.263798	0.447394	0.564518	0.621328	0.634905	0.61163	0.567208	0.541409	0.554435	0.597211	0.666964	0.753403	0.831766	0.889626	0.924372	0.936367	0.936574	0.931387	0.909342	0.862736	0.799544	0.729935	0.648511	0.538759	0.405091	0.26723	0.132401	0	
0	0.21241	0.42959	0.64112	0.837312	0.984259	1.06254	1.05171	0.950159	0.777036	0.549527	0.305004	0.0654996	-0.141179	-0.291821	-0.380913	-0.402515	-0.374605	-0.318541	-0.253217	-0.202603	-0.177725	-0.184068	-0.219133	-0.261347	-0.294435	-0.309651	-0.313865	-0.316857	-0.315571	-0.304786	-0.285847	-0.265254	-0.252036	-0.237454	-0.205563	-0.159586	-0.110057	-0.0558055	0.00273141	0.0637326	0.125434	0.193923	0.275043	0.35629	0.420413	0.474552	0.537451	0.602152	0.650438	0.681575	0.71611	0.757693	0.794622	0.827656	0.857757	0.877695	0.878146	0.841332	0.740856	0.57597	0.353596	0.0848295	-0.212907	-0.481256	-0.675782	-0.779838	-0.780601	-0.679569	-0.492079	-0.268886	-0.0341619	0.198116	0.389332	0.518492	0.589619	0.616367	0.608569	0.581759	0.567471	0.586929	0.632686	0.702098	0.790168	0.871462	0.929343	0.960238	0.969585	0.965725	0.950124	0.912963	0.844632	0.766322	0.698424	0.61928	0.506697	0.37374	0.244116	0.122185	0	
0	0.211093	0.426894	0.639786	0.838622	0.993019	1.08253	1.08614	1.00125	0.842144	0.623981	0.384163	0.140756	-0.067268	-0.225068	-0.315188	-0.340437	-0.317156	-0.263552	-0.202603	-0.149257	-0.119272	-0.119311	-0.152098	-0.195786	-0.237579	-0.263675	-0.281152	-0.299334	-0.313793	-0.31475	-0.303983	-0.293984	-0.292963	-0.29328	-0.276598	-0.248675	-0.207906	-0.163509	-0.116865	-0.0700801	-0.0180282	0.0453181	0.125497	0.209493	0.277686	0.344138	0.422285	0.509026	0.580365	0.641196	0.7029	0.770739	0.83698	0.894953	0.944838	0.981138	0.99319	0.962014	0.863984	0.697941	0.46744	0.187909	-0.120121	-0.405791	-0.623273	-0.749699	-0.773928	-0.693564	-0.524466	-0.308994	-0.0701209	0.165185	0.364679	0.504679	0.585698	0.623653	0.625008	0.608607	0.600884	0.615458	0.651119	0.711799	0.788262	0.858823	0.90986	0.92827	0.925885	0.91447	0.886114	0.833771	0.752797	0.668535	0.602926	0.531956	0.4337	0.314841	0.197325	0.0948382	0	
0	0.204456	0.415721	0.62275	0.821059	0.976583	1.07271	1.08781	1.01554	0.870032	0.661212	0.424465	0.18164	-0.0325494	-0.191562	-0.28672	-0.311488	-0.291241	-0.238921	-0.177725	-0.119272	-0.0798873	-0.0655755	-0.0889515	-0.126116	-0.16828	-0.202008	-0.227777	-0.261529	-0.28921	-0.30217	-0.301736	-0.298326	-0.306552	-0.325555	-0.326221	-0.312104	-0.282712	-0.252604	-0.217677	-0.183389	-0.142214	-0.0942149	-0.0236575	0.0530875	0.124231	0.190107	0.273695	0.368042	0.459491	0.544212	0.629679	0.723167	0.820208	0.908868	0.984576	1.04679	1.07838	1.06183	0.976016	0.818196	0.586653	0.304921	-0.00801436	-0.303406	-0.538595	-0.685765	-0.727081	-0.668067	-0.516466	-0.307078	-0.0664663	0.174698	0.380919	0.531641	0.623629	0.666404	0.67324	0.662022	0.650831	0.650004	0.66227	0.698114	0.746438	0.792387	0.823807	0.820588	0.805434	0.78794	0.748294	0.685598	0.600072	0.518858	0.466218	0.413606	0.334077	0.235808	0.144721	0.0706168	0	
0	0.196477	0.398926	0.600279	0.793788	0.948489	1.05009	1.07236	1.01372	0.87879	0.67874	0.444855	0.198073	-0.0218847	-0.18898	-0.288716	-0.317168	-0.298709	-0.246753	-0.184068	-0.119311	-0.0655755	-0.0374377	-0.0416783	-0.0672477	-0.103844	-0.133368	-0.162902	-0.203436	-0.238031	-0.263068	-0.27194	-0.273939	-0.295348	-0.325044	-0.341298	-0.346768	-0.332766	-0.312268	-0.291185	-0.270124	-0.244101	-0.211096	-0.155114	-0.087593	-0.0254053	0.033335	0.111549	0.205623	0.304301	0.403442	0.505038	0.618603	0.744011	0.860781	0.968251	1.05996	1.11988	1.12476	1.06252	0.920784	0.698631	0.421913	0.110388	-0.186823	-0.437016	-0.598674	-0.656968	-0.615255	-0.479419	-0.27638	-0.0285893	0.218024	0.435587	0.600417	0.700662	0.747715	0.753675	0.739775	0.716734	0.688908	0.667931	0.666158	0.674378	0.68472	0.684222	0.655678	0.623536	0.59534	0.553992	0.491599	0.407733	0.339427	0.306142	0.275489	0.223317	0.153872	0.0899005	0.0425934	0	
0	0.189991	0.384472	0.58129	0.768266	0.922909	1.02639	1.05551	1.00914	0.883278	0.694438	0.462157	0.213229	-0.0138722	-0.19158	-0.299418	-0.336778	-0.324489	-0.279358	-0.219133	-0.152098	-0.0889515	-0.0416783	-0.0265171	-0.0331725	-0.0540385	-0.076645	-0.102742	-0.141557	-0.18139	-0.210695	-0.220891	-0.226684	-0.252681	-0.291553	-0.327907	-0.349951	-0.349472	-0.343513	-0.335833	-0.327571	-0.318749	-0.299678	-0.256928	-0.20507	-0.156042	-0.105683	-0.0360719	0.0460896	0.141676	0.245444	0.353926	0.479233	0.621441	0.762269	0.896121	1.01984	1.10683	1.14035	1.10689	0.988817	0.78743	0.522366	0.223662	-0.0694931	-0.32345	-0.494891	-0.565765	-0.536743	-0.417317	-0.218397	0.0318821	0.284164	0.512175	0.688487	0.797218	0.843872	0.848955	0.828403	0.787248	0.730729	0.667519	0.620495	0.582624	0.546532	0.511949	0.460502	0.411981	0.378921	0.337053	0.274398	0.202398	0.150896	0.132088	0.127549	0.109023	0.0687343	0.032672	0.0139307	0	
0	0.181845	0.369098	0.55853	0.740853	0.894297	1.00036	1.03913	1.00449	0.893109	0.716209	0.48885	0.239704	0.00398228	-0.185186	-0.30467	-0.354133	-0.351403	-0.314617	-0.261347	-0.195786	-0.126116	-0.0672477	-0.0331725	-0.0209669	-0.0280941	-0.0374974	-0.0540433	-0.0874345	-0.120747	-0.147357	-0.156691	-0.16001	-0.184534	-0.227183	-0.273541	-0.309994	-0.325784	-0.33439	-0.341334	-0.34889	-0.353477	-0.349969	-0.32844	-0.293542	-0.25445	-0.214873	-0.162562	-0.0967002	-0.0101073	0.0884845	0.1938	0.319535	0.468766	0.621525	0.777429	0.925948	1.03996	1.10447	1.10293	1.01773	0.844956	0.604433	0.325745	0.0467664	-0.200886	-0.377297	-0.456217	-0.439281	-0.334514	-0.142748	0.106077	0.361276	0.597538	0.782526	0.893102	0.937049	0.934621	0.900252	0.838408	0.749198	0.647978	0.558878	0.476942	0.404121	0.338722	0.267029	0.208776	0.170354	0.129332	0.0713725	0.00891518	-0.0281327	-0.032925	-0.0207594	-0.0141212	-0.0206327	-0.0233863	-0.0146363	0	
0	0.176907	0.359354	0.54372	0.722831	0.874791	0.984151	1.03089	1.00826	0.911895	0.74801	0.529098	0.282304	0.0403697	-0.158288	-0.290139	-0.353371	-0.36108	-0.338369	-0.294435	-0.237579	-0.16828	-0.103844	-0.0540385	-0.0280941	-0.0182394	-0.015856	-0.0241506	-0.0478467	-0.0745846	-0.0969059	-0.0979901	-0.0927377	-0.108199	-0.143361	-0.193715	-0.237755	-0.266553	-0.286637	-0.305317	-0.324663	-0.349786	-0.364043	-0.358526	-0.339131	-0.319598	-0.294278	-0.254067	-0.203679	-0.133222	-0.0477564	0.0503215	0.169917	0.313515	0.467551	0.63412	0.797468	0.93106	1.02149	1.0502	0.997769	0.861009	0.652668	0.402444	0.149148	-0.0805345	-0.250566	-0.330719	-0.321021	-0.226813	-0.0453378	0.194308	0.446269	0.681363	0.863643	0.967014	0.99857	0.983666	0.932404	0.847062	0.734127	0.603849	0.479104	0.366612	0.264856	0.177409	0.100597	0.038794	-0.00221862	-0.038253	-0.0902508	-0.145371	-0.178413	-0.180357	-0.153326	-0.12394	-0.105588	-0.0795346	-0.041717	0	
0	0.174346	0.351888	0.535394	0.70992	0.864015	0.976548	1.03238	1.02454	0.943984	0.797014	0.590694	0.347723	0.104741	-0.104835	-0.248476	-0.3271	-0.348075	-0.340701	-0.309651	-0.263675	-0.202008	-0.133368	-0.076645	-0.0374974	-0.015856	-0.00490205	-0.00898324	-0.0240874	-0.0482425	-0.0622394	-0.0553337	-0.0404653	-0.0410964	-0.0625998	-0.106731	-0.149321	-0.182682	-0.206572	-0.231951	-0.263259	-0.300576	-0.325931	-0.342268	-0.345797	-0.343623	-0.327339	-0.304803	-0.272671	-0.221154	-0.148042	-0.0619868	0.0464136	0.175655	0.323033	0.48853	0.655147	0.79806	0.906498	0.95754	0.934801	0.836302	0.664459	0.450996	0.231392	0.0326908	-0.12	-0.194985	-0.18661	-0.101449	0.0654618	0.287583	0.526482	0.75063	0.919202	1.00481	1.01875	0.987111	0.914856	0.80924	0.679961	0.530184	0.383999	0.253819	0.135787	0.0404552	-0.0326115	-0.0893127	-0.125422	-0.156993	-0.202885	-0.24822	-0.277096	-0.28178	-0.253663	-0.208588	-0.1633	-0.116817	-0.0643196	0	
0	0.171601	0.350887	0.528263	0.705878	0.858677	0.975788	1.04338	1.04606	0.986896	0.855182	0.664168	0.429054	0.183873	-0.0332884	-0.191694	-0.284942	-0.323169	-0.329287	-0.313865	-0.281152	-0.227777	-0.162902	-0.102742	-0.0540433	-0.0241506	-0.00898324	-0.00548723	-0.0204222	-0.0407912	-0.0504142	-0.0401577	-0.0204045	-0.00385912	-0.0126509	-0.0408577	-0.0747404	-0.10333	-0.12605	-0.148547	-0.182112	-0.222999	-0.26108	-0.29156	-0.310973	-0.325836	-0.329482	-0.322134	-0.304848	-0.270963	-0.216959	-0.141506	-0.0455199	0.0692296	0.204482	0.362081	0.523931	0.66758	0.785732	0.847518	0.849808	0.782567	0.649212	0.472504	0.291427	0.131605	0.00264258	-0.0587114	-0.0503131	0.029155	0.177418	0.373633	0.592371	0.794652	0.939972	1.00038	0.992999	0.941886	0.849304	0.729836	0.592825	0.43809	0.284518	0.145971	0.025229	-0.0680991	-0.135626	-0.181663	-0.208457	-0.232499	-0.262791	-0.294983	-0.322323	-0.324798	-0.291841	-0.241452	-0.186535	-0.128378	-0.0673589	0	
0	0.170368	0.346688	0.523061	0.69814	0.850664	0.971267	1.0454	1.06065	1.01879	0.903553	0.730703	0.505003	0.262501	0.0411916	-0.130313	-0.237628	-0.291954	-0.315053	-0.316857	-0.299334	-0.261529	-0.203436	-0.141557	-0.0874345	-0.0478467	-0.0240874	-0.0204222	-0.0340522	-0.0545452	-0.0665545	-0.0582175	-0.032804	-0.00774599	-0.00284759	-0.0130012	-0.0365019	-0.0591171	-0.0742231	-0.0871077	-0.11324	-0.149183	-0.188468	-0.223933	-0.255862	-0.288037	-0.305037	-0.310376	-0.307796	-0.296864	-0.258957	-0.194843	-0.110094	-0.00924495	0.114276	0.262736	0.414509	0.557539	0.674772	0.742443	0.758594	0.716122	0.615889	0.472702	0.331995	0.21023	0.113588	0.0683007	0.0806944	0.154941	0.279289	0.444738	0.631882	0.803591	0.916435	0.948319	0.920478	0.851548	0.748243	0.623777	0.49202	0.34625	0.193158	0.0554518	-0.0644999	-0.156281	-0.213284	-0.245813	-0.262075	-0.269974	-0.275164	-0.288958	-0.309058	-0.308308	-0.27554	-0.222508	-0.162769	-0.10632	-0.053704	0	
0	0.162427	0.330324	0.499452	0.667529	0.81595	0.936823	1.01558	1.04411	1.01877	0.926028	0.773946	0.564888	0.331317	0.109936	-0.0712378	-0.189692	-0.261415	-0.298612	-0.315571	-0.313793	-0.28921	-0.238031	-0.18139	-0.120747	-0.0745846	-0.0482425	-0.0407912	-0.0545452	-0.0791173	-0.0898765	-0.0844854	-0.060727	-0.0331982	-0.0187843	-0.0176373	-0.0320729	-0.0460758	-0.0501187	-0.052775	-0.0699277	-0.0950255	-0.126312	-0.156635	-0.193758	-0.232175	-0.261497	-0.277404	-0.290446	-0.297945	-0.279749	-0.23204	-0.160844	-0.0732986	0.0402389	0.175439	0.320611	0.4609	0.576844	0.647435	0.673249	0.650052	0.576474	0.464878	0.35877	0.272106	0.206065	0.17697	0.191481	0.256021	0.3536	0.483408	0.635258	0.771433	0.853062	0.861961	0.818437	0.74037	0.631842	0.511561	0.391663	0.256617	0.114394	-0.0193342	-0.135944	-0.216756	-0.265852	-0.284588	-0.280424	-0.270974	-0.253107	-0.24441	-0.251389	-0.244358	-0.212861	-0.162351	-0.108121	-0.0681609	-0.0359252	0	
0	0.151897	0.309965	0.46827	0.627992	0.768171	0.886466	0.965151	1.00291	0.990053	0.917299	0.786012	0.594724	0.376341	0.158238	-0.0229791	-0.148489	-0.230249	-0.275455	-0.304786	-0.31475	-0.30217	-0.263068	-0.210695	-0.147357	-0.0969059	-0.0622394	-0.0504142	-0.0665545	-0.0898765	-0.105363	-0.107976	-0.0885097	-0.063892	-0.0452675	-0.0324266	-0.0377145	-0.0454034	-0.0477932	-0.0483158	-0.0519657	-0.0616122	-0.0826647	-0.10569	-0.135654	-0.174354	-0.210235	-0.230852	-0.251466	-0.274489	-0.277755	-0.248222	-0.193737	-0.118364	-0.0187293	0.103358	0.242771	0.380453	0.495211	0.568478	0.60097	0.589389	0.533493	0.445764	0.363401	0.300111	0.25842	0.24087	0.257126	0.309913	0.383389	0.485296	0.603115	0.709857	0.767467	0.760333	0.710278	0.625392	0.518345	0.408721	0.300077	0.181982	0.0542426	-0.0740277	-0.181429	-0.25292	-0.294023	-0.296797	-0.274217	-0.24087	-0.194975	-0.168943	-0.166539	-0.155526	-0.129325	-0.0918692	-0.0554787	-0.0284056	-0.00860052	0	
0	0.142952	0.291754	0.441012	0.591341	0.7245	0.836571	0.915977	0.957571	0.95725	0.902779	0.790505	0.622894	0.417278	0.209762	0.0287464	-0.103152	-0.192052	-0.246615	-0.285847	-0.303983	-0.301736	-0.27194	-0.220891	-0.156691	-0.0979901	-0.0553337	-0.0401577	-0.0582175	-0.0844854	-0.107976	-0.116192	-0.10214	-0.0826212	-0.0612805	-0.0435782	-0.0447074	-0.0493522	-0.0505802	-0.0437133	-0.0386766	-0.0427197	-0.0542086	-0.0607454	-0.081031	-0.115213	-0.148024	-0.164327	-0.187444	-0.218653	-0.235786	-0.225398	-0.190111	-0.129516	-0.0483911	0.0573597	0.18608	0.318195	0.429235	0.504996	0.541805	0.534204	0.489048	0.415019	0.343371	0.289446	0.256519	0.243996	0.255287	0.291603	0.347998	0.42861	0.524609	0.615066	0.663257	0.660252	0.614297	0.532683	0.436342	0.337239	0.238931	0.133779	0.0174988	-0.103116	-0.202979	-0.265104	-0.295126	-0.282804	-0.239237	-0.183006	-0.120696	-0.0840467	-0.07664	-0.0703443	-0.0532611	-0.0284836	-0.00971446	0.00153796	0.00739865	0	
0	0.138476	0.279628	0.426	0.568308	0.697301	0.806987	0.882973	0.932664	0.937989	0.900723	0.805952	0.655556	0.465516	0.264232	0.082793	-0.0565182	-0.153697	-0.221388	-0.265254	-0.293984	-0.298326	-0.273939	-0.226684	-0.16001	-0.0927377	-0.0404653	-0.0204045	-0.032804	-0.060727	-0.0885097	-0.10214	-0.0968377	-0.0923309	-0.0736865	-0.0562465	-0.0486847	-0.0485045	-0.0462845	-0.0440139	-0.0368125	-0.0351383	-0.0322811	-0.0310097	-0.0404505	-0.0643902	-0.0893596	-0.100734	-0.116758	-0.141437	-0.163113	-0.167428	-0.144319	-0.0956561	-0.0311528	0.0560433	0.173131	0.294581	0.399375	0.476398	0.510961	0.502301	0.454927	0.38162	0.303618	0.237133	0.193899	0.170091	0.16602	0.182533	0.225511	0.298578	0.389728	0.481447	0.545122	0.564811	0.536889	0.473004	0.391728	0.306001	0.219029	0.122186	0.018941	-0.0892346	-0.1827	-0.238105	-0.261053	-0.244662	-0.190696	-0.11937	-0.0542458	-0.0190473	-0.00638032	0.0011731	0.00968234	0.0183377	0.0193804	0.0154643	0.0103195	0	
0	0.135471	0.276173	0.41739	0.558628	0.684028	0.790737	0.868483	0.919236	0.933921	0.908856	0.830297	0.696705	0.522129	0.324867	0.146188	-0.00455453	-0.113502	-0.194083	-0.252036	-0.292963	-0.306552	-0.295348	-0.252681	-0.184534	-0.108199	-0.0410964	-0.00385912	-0.00774599	-0.0331982	-0.063892	-0.0826212	-0.0923309	-0.0942365	-0.0807998	-0.0674391	-0.0573756	-0.0538681	-0.0565137	-0.0562158	-0.0445219	-0.0381466	-0.0290488	-0.0208399	-0.0175954	-0.0331896	-0.0491908	-0.0510236	-0.0540069	-0.0653233	-0.0811187	-0.0847372	-0.0638165	-0.0184335	0.0355083	0.112132	0.217459	0.323733	0.421017	0.490856	0.518759	0.497842	0.437535	0.35025	0.248941	0.154985	0.0806018	0.0320081	0.00270708	-0.00529026	0.0274225	0.100105	0.19724	0.305674	0.400071	0.454794	0.460623	0.426545	0.372227	0.31226	0.242826	0.163499	0.0803568	-0.0146445	-0.10312	-0.161896	-0.194889	-0.189732	-0.13919	-0.0688338	-0.010943	0.0220687	0.0352489	0.0389353	0.044667	0.0434059	0.0298502	0.0221757	0.0170223	0	
0	0.131293	0.26769	0.405055	0.541649	0.664508	0.766711	0.846374	0.896698	0.92264	0.907792	0.849477	0.735722	0.578577	0.394814	0.217921	0.0597873	-0.0614716	-0.161624	-0.237454	-0.29328	-0.325555	-0.325044	-0.291553	-0.227183	-0.143361	-0.0625998	-0.0126509	-0.00284759	-0.0187843	-0.0452675	-0.0612805	-0.0736865	-0.0807998	-0.0839476	-0.0765268	-0.0661992	-0.0634226	-0.0701008	-0.0676644	-0.0613089	-0.0571612	-0.0443424	-0.0287877	-0.0154007	-0.0223075	-0.0276673	-0.0256784	-0.0159457	-0.010242	-0.00876917	-0.00380979	0.0252548	0.0778486	0.135265	0.213666	0.310107	0.405139	0.492099	0.548957	0.560694	0.518485	0.434293	0.318536	0.185308	0.0545049	-0.0599314	-0.141674	-0.201427	-0.234776	-0.214956	-0.145057	-0.0403775	0.088433	0.216884	0.314064	0.363868	0.376227	0.367132	0.343777	0.307611	0.255697	0.192718	0.116373	0.0291914	-0.0449693	-0.0949897	-0.111863	-0.08122	-0.0272918	0.00992611	0.0276479	0.0376185	0.0476258	0.0569011	0.0468086	0.0250997	0.0153177	0.0100165	0	
0	0.122797	0.251568	0.381269	0.511791	0.629779	0.727335	0.807786	0.857729	0.893834	0.889896	0.85074	0.76026	0.620775	0.458767	0.28427	0.130929	-0.00309731	-0.113762	-0.205563	-0.276598	-0.326221	-0.341298	-0.327907	-0.273541	-0.193715	-0.106731	-0.0408577	-0.0130012	-0.0176373	-0.0324266	-0.0435782	-0.0562465	-0.0674391	-0.0765268	-0.071313	-0.0647772	-0.0615671	-0.0684332	-0.0729536	-0.0833946	-0.0788577	-0.0663993	-0.0451755	-0.0297666	-0.0263454	-0.0271936	-0.0188408	0.0017449	0.0225129	0.0406273	0.0599413	0.106556	0.171926	0.245555	0.337114	0.434142	0.526126	0.60249	0.641366	0.628595	0.555218	0.436223	0.277477	0.106961	-0.0627974	-0.218103	-0.331689	-0.420695	-0.472655	-0.467188	-0.405216	-0.29418	-0.149154	0.0106207	0.147609	0.245533	0.31584	0.359193	0.383218	0.391173	0.373079	0.338615	0.282218	0.196065	0.10598	0.0275036	-0.0208133	-0.0191983	0.00572722	0.0199541	0.0221456	0.0252474	0.0372676	0.043391	0.0274751	0.0057753	-0.00846413	-0.0131289	0	
0	0.115916	0.236883	0.360561	0.485334	0.595136	0.691524	0.761995	0.816108	0.850024	0.856863	0.833524	0.761356	0.648162	0.506132	0.346476	0.202144	0.0634528	-0.0554035	-0.159586	-0.248675	-0.312104	-0.346768	-0.349951	-0.309994	-0.237755	-0.149321	-0.0747404	-0.0365019	-0.0320729	-0.0377145	-0.0447074	-0.0486847	-0.0573756	-0.0661992	-0.0647772	-0.0546259	-0.0500903	-0.056182	-0.071951	-0.0857087	-0.0881311	-0.0848565	-0.0698108	-0.051888	-0.0409582	-0.0359849	-0.0199328	0.00566888	0.0398162	0.0753357	0.117125	0.180216	0.260086	0.358384	0.468516	0.575379	0.668419	0.734893	0.752206	0.704422	0.594162	0.425441	0.215455	0.00445287	-0.203192	-0.385729	-0.526441	-0.630846	-0.689525	-0.699882	-0.647117	-0.540078	-0.387414	-0.206324	-0.0398461	0.109852	0.244006	0.34749	0.428154	0.485379	0.504951	0.495045	0.451275	0.363726	0.253958	0.148298	0.0757487	0.0485367	0.0431065	0.0359613	0.0216258	0.0127449	0.0180768	0.0185737	-0.00214591	-0.0278896	-0.0357845	-0.0233994	0	
0	0.107503	0.22044	0.337334	0.455272	0.560557	0.651532	0.718636	0.772195	0.806149	0.823212	0.81113	0.758496	0.669717	0.54393	0.406517	0.266263	0.129733	0.00671633	-0.110057	-0.207906	-0.282712	-0.332766	-0.349472	-0.325784	-0.266553	-0.182682	-0.10333	-0.0591171	-0.0460758	-0.0454034	-0.0493522	-0.0485045	-0.0538681	-0.0634226	-0.0615671	-0.0500903	-0.0389269	-0.0352516	-0.046027	-0.0645071	-0.0818069	-0.0892181	-0.0789638	-0.0624705	-0.0522248	-0.0438832	-0.0251707	0.00634517	0.0521183	0.106152	0.169078	0.246785	0.344548	0.464451	0.591651	0.709617	0.806092	0.864857	0.85692	0.776714	0.626131	0.405959	0.146008	-0.109996	-0.346664	-0.55171	-0.713087	-0.822892	-0.887215	-0.907524	-0.868432	-0.770502	-0.610673	-0.419114	-0.224762	-0.0221969	0.171126	0.336093	0.470828	0.570433	0.625743	0.636365	0.599285	0.514131	0.393118	0.263141	0.1684	0.1154	0.0796914	0.05113	0.023356	0.00639111	0.00770892	0.00538555	-0.015323	-0.0426363	-0.0532583	-0.0355767	0	
0	0.100836	0.207618	0.319345	0.432582	0.53432	0.62083	0.68477	0.734623	0.76812	0.78867	0.784923	0.748956	0.678079	0.574624	0.455625	0.325733	0.196986	0.0675613	-0.0558055	-0.163509	-0.252604	-0.312268	-0.343513	-0.33439	-0.286637	-0.206572	-0.12605	-0.0742231	-0.0501187	-0.0477932	-0.0505802	-0.0462845	-0.0565137	-0.0701008	-0.0684332	-0.056182	-0.0352516	-0.018638	-0.0237191	-0.0416649	-0.0617115	-0.0721931	-0.0685417	-0.0595087	-0.0549806	-0.0477181	-0.0252723	0.0106808	0.0627108	0.131537	0.217126	0.314388	0.429715	0.564022	0.701869	0.82906	0.925326	0.97122	0.938918	0.829862	0.642208	0.379772	0.0762398	-0.21922	-0.480882	-0.704826	-0.879727	-0.994836	-1.06029	-1.08533	-1.05861	-0.964644	-0.803942	-0.609129	-0.391851	-0.152095	0.0892536	0.30735	0.487622	0.630038	0.721388	0.752581	0.727308	0.646847	0.518188	0.373233	0.255232	0.16799	0.106212	0.0662587	0.0295163	0.00797058	0.0113181	0.0144226	0.000542886	-0.0267714	-0.0456247	-0.0345107	0	
0	0.0939962	0.197228	0.30204	0.414153	0.512026	0.595434	0.658638	0.702622	0.738371	0.758394	0.763239	0.740331	0.686257	0.604398	0.502632	0.387925	0.264324	0.134282	0.00273141	-0.116865	-0.217677	-0.291185	-0.335833	-0.341334	-0.305317	-0.231951	-0.148547	-0.0871077	-0.052775	-0.0483158	-0.0437133	-0.0440139	-0.0562158	-0.0676644	-0.0729536	-0.071951	-0.046027	-0.0237191	-0.0156251	-0.0210151	-0.0340402	-0.0467196	-0.0454534	-0.0402079	-0.0362245	-0.0265845	-0.00291072	0.0297077	0.0827042	0.164908	0.269294	0.382366	0.512603	0.651964	0.794539	0.920195	1.00714	1.03315	0.978413	0.846624	0.630613	0.345855	0.0161757	-0.304464	-0.585384	-0.824456	-1.01049	-1.1351	-1.2038	-1.2317	-1.20926	-1.11579	-0.957615	-0.763092	-0.535135	-0.276296	-0.00807028	0.243977	0.463487	0.64524	0.771697	0.8334	0.828655	0.758513	0.633742	0.480115	0.336649	0.220329	0.135281	0.0790356	0.0436793	0.0298577	0.0283638	0.0323088	0.0316687	0.0105344	-0.0114661	-0.0115707	0	
0	0.0893147	0.18542	0.289588	0.396683	0.494258	0.575804	0.635398	0.677709	0.710045	0.729999	0.739831	0.726611	0.687535	0.626544	0.542123	0.44455	0.330832	0.198946	0.0637326	-0.0700801	-0.183389	-0.270124	-0.327571	-0.34889	-0.324663	-0.263259	-0.182112	-0.11324	-0.0699277	-0.0519657	-0.0386766	-0.0368125	-0.0445219	-0.0613089	-0.0833946	-0.0857087	-0.0645071	-0.0416649	-0.0210151	-0.0135412	-0.0256433	-0.0334769	-0.0257989	-0.0114035	-0.0014543	0.0115398	0.0361628	0.0714477	0.128879	0.213761	0.321615	0.447368	0.58698	0.723468	0.858776	0.974402	1.04482	1.04726	0.975572	0.822669	0.593763	0.303244	-0.0314323	-0.360378	-0.654994	-0.901707	-1.09782	-1.23324	-1.30826	-1.33707	-1.31046	-1.21588	-1.06495	-0.877002	-0.652427	-0.397849	-0.12621	0.140601	0.388924	0.60714	0.767337	0.864475	0.889331	0.838625	0.733033	0.584103	0.421772	0.287024	0.188582	0.116906	0.0738594	0.0549998	0.0515697	0.0654271	0.0686817	0.0415992	0.0167341	0.00825204	0	
0	0.081448	0.169229	0.269879	0.371375	0.469544	0.548054	0.607417	0.647928	0.677611	0.698474	0.710998	0.704857	0.680901	0.634624	0.57066	0.491163	0.388091	0.264441	0.125434	-0.0180282	-0.142214	-0.244101	-0.318749	-0.353477	-0.349786	-0.300576	-0.222999	-0.149183	-0.0950255	-0.0616122	-0.0427197	-0.0351383	-0.0381466	-0.0571612	-0.0788577	-0.0881311	-0.0818069	-0.0617115	-0.0340402	-0.0256433	-0.030592	-0.0283932	-0.0137011	0.00862049	0.0266957	0.0535715	0.091805	0.140643	0.19759	0.276456	0.380022	0.510566	0.642842	0.761615	0.880061	0.97884	1.02776	1.0136	0.92989	0.767613	0.538204	0.255643	-0.066005	-0.392124	-0.687261	-0.936379	-1.13509	-1.27645	-1.36043	-1.38781	-1.35626	-1.26594	-1.12857	-0.955012	-0.749457	-0.515638	-0.261334	0.000583977	0.268245	0.510861	0.699942	0.837525	0.897535	0.88113	0.811002	0.682103	0.52039	0.374515	0.266094	0.190721	0.136912	0.0977688	0.0802758	0.0846822	0.0820967	0.0625325	0.0384523	0.0150159	0	
0	0.0712295	0.151778	0.24397	0.343233	0.436919	0.51507	0.571511	0.6097	0.636204	0.65585	0.669248	0.671255	0.658541	0.63207	0.588861	0.532292	0.446355	0.334976	0.193923	0.0453181	-0.0942149	-0.211096	-0.299678	-0.349969	-0.364043	-0.325931	-0.26108	-0.188468	-0.126312	-0.0826647	-0.0542086	-0.0322811	-0.0290488	-0.0443424	-0.0663993	-0.0848565	-0.0892181	-0.0721931	-0.0467196	-0.0334769	-0.0283932	-0.0268541	-0.0109868	0.0176991	0.0531111	0.0965496	0.153587	0.215212	0.281611	0.357902	0.45182	0.568493	0.67466	0.767652	0.85655	0.926821	0.952714	0.931237	0.845873	0.686228	0.466858	0.201646	-0.101786	-0.412036	-0.696689	-0.936153	-1.12079	-1.257	-1.33946	-1.3665	-1.33834	-1.26394	-1.15399	-1.00851	-0.835597	-0.635722	-0.41133	-0.162827	0.108985	0.365935	0.580348	0.747291	0.849942	0.884165	0.854342	0.7651	0.631985	0.490826	0.379957	0.294025	0.214801	0.149114	0.109865	0.0943535	0.0829761	0.0701776	0.0533768	0.0261872	0	
