0	0	0	0	0	0	0	0	0	0	0	0	0	0	0	0	0	0	0	0	0	0	0	0	0	0	0	0	0	0	0	0	0	0	0	0	0	0	0	0	0	0	0	0	0	0	0	0	0	0	0	0	0	0	0	0	0	0	0	0	0	0	0	0	0	0	0	0	0	0	0	0	0	0	0	0	0	0	0	0	0	0	0	0	0	0	0	0	0	0	0	0	0	0	0	0	0	0	0	0	
0	0.000761694	-0.000152082	0.0014804	0.00034732	0.00100732	0.000481331	2.87594e-05	-0.000131955	-0.0012935	-0.000487845	-0.00179763	-0.000574846	-0.000502225	-0.000123517	-0.000173043	-3.59573e-05	-0.00122029	-0.00401948	-0.0035173	-0.0084216	-0.011663	-0.0154459	-0.0227124	-0.0310937	-0.0374822	-0.0411124	-0.0375167	-0.0278455	-0.0114082	0.0142422	0.0408176	0.0624882	0.0747473	0.0793902	0.068965	0.0536081	0.036505	0.0189982	-0.000779947	-0.016011	-0.0325377	-0.04096	-0.0366396	-0.025375	-0.0124876	-0.00128799	0.00535931	0.00652751	0.00391837	-0.00030038	-0.00737557	-0.0104766	-0.00899004	0.00123919	0.00618697	0.00113122	-0.00204481	-0.002947	-0.00157412	-0.00353558	0.000278162	0.00317948	-0.000137618	-0.00512891	-0.00521402	0.000709533	0.003068	0.000363525	-0.00467985	-0.0029452	0.00275977	0.00315588	-0.00167858	-0.00535636	-0.00323726	0.00235196	0.00571259	0.00212662	0.0024937	0.00833533	0.010342	0.0177104	0.0318105	0.0404157	0.0378496	0.0294022	0.0234744	0.0153548	-0.00121595	-0.0240215	-0.0475149	-0.0668282	-0.0831349	-0.0918278	-0.0895113	-0.0830052	-0.0652205	-0.0325112	0	
0	-0.000152082	-0.0015397	-0.000639336	-0.00182924	-0.00137853	-0.000395138	-0.000924694	0.000811484	0.00188715	0.000643657	0.00294941	0.00138453	-0.000785283	0.00113334	-0.00228005	-0.00304997	-0.00100972	-0.00597065	-0.0067291	-0.0140889	-0.0222351	-0.0348654	-0.0496056	-0.0631806	-0.0721951	-0.0822674	-0.0780837	-0.0573139	-0.0220438	0.0252284	0.0779574	0.12392	0.149993	0.155485	0.136023	0.106521	0.0739204	0.036867	-0.00141751	-0.0320113	-0.0641957	-0.0806362	-0.0729987	-0.0493692	-0.0247919	-0.000731351	0.0115887	0.0146952	0.0101632	0.000235186	-0.0117005	-0.0211573	-0.0161346	0.00123086	0.0108646	0.00152259	-0.00668934	-0.0068287	-0.00560828	-0.00814014	0.000451103	0.00648515	0.000957467	-0.00730089	-0.0085248	0.00255406	0.00750644	-0.00163707	-0.0102443	-0.00741568	0.00147533	0.00708732	-0.00235146	-0.00965178	-0.00190619	0.00563786	0.00907306	0.00305152	0.00259286	0.014486	0.0223361	0.0394161	0.065325	0.0774545	0.0724372	0.0604489	0.0482371	0.0291208	-0.00181955	-0.0452309	-0.0946191	-0.135324	-0.166513	-0.1827	-0.178904	-0.166053	-0.130244	-0.0653359	0	
0	0.0014804	-0.000639336	0.0030228	0.000135061	0.00217535	0.0007887	2.35249e-05	2.58993e-05	-0.00246407	-0.00106313	-0.00325101	-0.00136441	-0.00148748	9.71339e-06	-0.00116987	-0.000701055	-0.00329524	-0.0104261	-0.0114237	-0.0238591	-0.03458	-0.0481004	-0.0687808	-0.0916429	-0.111022	-0.122623	-0.113078	-0.0840593	-0.0341623	0.0403794	0.118452	0.1839	0.222421	0.235254	0.206394	0.161598	0.111068	0.057678	0.00036868	-0.0467065	-0.0948415	-0.120058	-0.108817	-0.0767124	-0.0386138	-0.0047903	0.0147842	0.0191665	0.0123869	-0.000419905	-0.0200551	-0.0307984	-0.0253517	0.00188053	0.0160218	0.0036156	-0.00630038	-0.00813919	-0.00641366	-0.010091	0.000835244	0.00828865	0.000253184	-0.0137314	-0.0141945	0.00176448	0.0083109	0.000144868	-0.013199	-0.00871327	0.00655132	0.00892217	-0.00472505	-0.0146819	-0.00767884	0.00667467	0.0148053	0.00645307	0.00745425	0.0233317	0.0328233	0.0554625	0.0933924	0.11718	0.111518	0.0893906	0.0717359	0.046399	-0.00230833	-0.0694365	-0.140263	-0.199978	-0.249087	-0.275305	-0.269848	-0.248468	-0.193772	-0.0980702	0	
0	0.00034732	-0.00182924	0.000135061	-0.00181823	-0.00116137	-0.000317004	-0.00111283	0.000647534	0.00134538	0.000794846	0.00235442	0.00147429	-0.000580483	0.000432946	-0.00277136	-0.00474044	-0.00392245	-0.0123634	-0.0140001	-0.0291308	-0.0444417	-0.0663596	-0.0962211	-0.124716	-0.145157	-0.161046	-0.152461	-0.113766	-0.0460929	0.0478882	0.151789	0.241856	0.29489	0.307725	0.272704	0.215993	0.149768	0.0772553	0.00213381	-0.0603453	-0.123956	-0.15582	-0.144436	-0.101406	-0.0525615	-0.00601535	0.0193563	0.0263664	0.0189228	0.00103987	-0.0229771	-0.0393263	-0.0315795	0.000742265	0.0179625	0.00390944	-0.00948298	-0.0124261	-0.0110662	-0.0144067	0.000170981	0.0106687	0.00077797	-0.0141689	-0.0155883	0.0027256	0.0119888	-0.00178913	-0.0178617	-0.0126328	0.00410518	0.0103644	-0.00543841	-0.0167907	-0.0056209	0.0103839	0.0176864	0.00677453	0.00729451	0.0281589	0.0449361	0.0781954	0.126462	0.151865	0.143193	0.119661	0.0972692	0.0616635	-0.00024381	-0.0876618	-0.185397	-0.268013	-0.331542	-0.365602	-0.360877	-0.331051	-0.256466	-0.131187	0	
0	0.00100732	-0.00137853	0.00217535	-0.00116137	0.00148379	0.00030306	-0.000209426	0.000685281	-0.00102386	-0.000757636	-0.0010605	-0.00117976	-0.0018111	-5.15609e-05	-0.00266536	-0.00288981	-0.00568976	-0.0138346	-0.020814	-0.0370504	-0.0564376	-0.082831	-0.115983	-0.149462	-0.181174	-0.200931	-0.188447	-0.14164	-0.0577184	0.0600363	0.186206	0.294902	0.363651	0.383054	0.342784	0.271648	0.189598	0.0994159	0.0086463	-0.0730361	-0.149488	-0.19101	-0.178111	-0.129709	-0.0682718	-0.0122527	0.0201349	0.0297796	0.0217873	0.000694134	-0.0281679	-0.0478252	-0.0381437	-0.00147111	0.0192432	0.00652907	-0.00956684	-0.0123559	-0.0139476	-0.015442	0.000695615	0.0102242	0.000997467	-0.0181762	-0.0192974	0.00139484	0.0109961	-0.00156288	-0.0192137	-0.0132997	0.00654838	0.0115088	-0.00686284	-0.0201264	-0.00847096	0.0104815	0.0190204	0.0105788	0.0129241	0.0349729	0.0583244	0.0974713	0.150444	0.184334	0.179309	0.151294	0.123399	0.0794232	0.000537638	-0.108304	-0.226849	-0.330843	-0.413486	-0.458233	-0.45333	-0.412087	-0.317112	-0.164565	0	
0	0.000481331	-0.000395138	0.0007887	-0.000317004	0.00030306	-0.000382769	-0.000197924	-0.000447776	-0.000696512	8.60018e-05	-0.000737843	0.000140888	-0.000418856	-0.000841666	-0.00246529	-0.00464185	-0.00785669	-0.0175233	-0.0233246	-0.0433154	-0.0663957	-0.0961625	-0.138139	-0.1816	-0.21666	-0.235355	-0.222539	-0.168757	-0.0719546	0.064612	0.21555	0.347986	0.430031	0.452525	0.409432	0.329473	0.230404	0.123946	0.0153932	-0.0821478	-0.173292	-0.221133	-0.211508	-0.156624	-0.0851773	-0.0189549	0.0202411	0.0335366	0.0257933	0.00225301	-0.0315701	-0.0530996	-0.0437751	-0.00471478	0.0185373	0.00685974	-0.00832746	-0.0154245	-0.0172093	-0.017072	-0.0011972	0.0107122	-0.00022098	-0.0188627	-0.019626	-0.000206399	0.0111313	-0.00176741	-0.0206306	-0.0146695	0.0059198	0.00920555	-0.00874018	-0.0199801	-0.00894276	0.012426	0.0224281	0.0123043	0.0148548	0.040165	0.0697495	0.117208	0.179445	0.217401	0.210122	0.179753	0.148613	0.0979681	0.00658309	-0.123468	-0.26852	-0.3962	-0.493883	-0.547924	-0.54617	-0.493511	-0.376226	-0.19728	0	
0	2.87594e-05	-0.000924694	2.35249e-05	-0.00111283	-0.000209426	-0.000197924	-7.74279e-05	0.000540879	0.00111084	0.000192694	0.00127227	-4.40313e-05	-0.00110644	-0.00133594	-0.00347176	-0.00603759	-0.00961485	-0.0168705	-0.0303478	-0.0496033	-0.0774541	-0.115672	-0.161301	-0.206002	-0.247826	-0.272699	-0.260115	-0.199181	-0.0844278	0.0705425	0.241081	0.391116	0.491692	0.519786	0.477214	0.385281	0.27314	0.148863	0.0264462	-0.0908249	-0.192391	-0.249515	-0.242678	-0.184624	-0.103619	-0.0283696	0.0180628	0.0357664	0.0299559	0.00306467	-0.0322407	-0.0577029	-0.0469784	-0.00943297	0.0150667	0.00866654	-0.0089344	-0.0163322	-0.0214434	-0.0184525	-0.0020008	0.00837372	-0.000260582	-0.0181979	-0.0194897	-0.00162589	0.00928069	-0.00359109	-0.0207227	-0.0149213	0.00333842	0.00773488	-0.00832153	-0.0200961	-0.0074626	0.0128584	0.0194701	0.014632	0.0198265	0.0451894	0.0849016	0.139924	0.201876	0.241122	0.239456	0.213695	0.178624	0.116608	0.00968182	-0.138806	-0.305033	-0.456627	-0.573934	-0.639453	-0.639039	-0.572289	-0.43341	-0.230526	0	
0	-0.000131955	0.000811484	2.58993e-05	0.000647534	0.000685281	-0.000447776	0.000540879	-0.00123189	-0.00108089	-0.00116923	-0.00198895	-0.00118235	-0.00107725	-0.00145222	-0.00266625	-0.00469323	-0.0116164	-0.0194421	-0.0351051	-0.0551163	-0.0872364	-0.127212	-0.177659	-0.23262	-0.281734	-0.305123	-0.289863	-0.223301	-0.0989603	0.0719966	0.263994	0.435464	0.550214	0.584861	0.544042	0.444999	0.318547	0.179214	0.0410338	-0.0944927	-0.206784	-0.273136	-0.271095	-0.21264	-0.123636	-0.0416245	0.0124095	0.0354026	0.0308977	0.00331673	-0.0347835	-0.0604347	-0.0506584	-0.016048	0.010933	0.00901926	-0.00614258	-0.0165269	-0.0230013	-0.0170824	-0.0037556	0.00584065	-0.00201425	-0.01856	-0.0194125	-0.00497	0.00476343	-0.00399845	-0.018108	-0.0134883	0.00292409	0.0039155	-0.0100421	-0.0189235	-0.00852457	0.0115949	0.0198697	0.0187784	0.0251531	0.0510686	0.0969102	0.15722	0.223717	0.268238	0.269664	0.243617	0.20467	0.136885	0.0183235	-0.150039	-0.340981	-0.517454	-0.651955	-0.72785	-0.730833	-0.650983	-0.489179	-0.261967	0	
0	-0.0012935	0.00188715	-0.00246407	0.00134538	-0.00102386	-0.000696512	0.00111084	-0.00108089	0.00145534	0.000585376	0.000252495	0.000824706	-0.00110488	-0.00231243	-0.00399336	-0.00808985	-0.0134304	-0.0221255	-0.0393283	-0.0618764	-0.0982365	-0.144589	-0.199236	-0.260075	-0.310593	-0.337269	-0.324751	-0.252711	-0.115127	0.0706607	0.280252	0.470419	0.600164	0.643832	0.606902	0.503102	0.363287	0.210825	0.0556867	-0.0953169	-0.218891	-0.292902	-0.298672	-0.239506	-0.145608	-0.0569358	0.00533931	0.0345092	0.0333383	0.00502023	-0.0333252	-0.0591426	-0.0513017	-0.0224415	0.00533193	0.00772057	-0.00481738	-0.0190484	-0.0254859	-0.0175753	-0.00775649	0.00265751	-0.00429933	-0.0154556	-0.0158699	-0.00709311	0.00141561	-0.0059098	-0.0161433	-0.0128525	-0.00200892	-0.00121237	-0.00968264	-0.0152977	-0.00585576	0.0107558	0.0171851	0.0201235	0.0289121	0.0576641	0.110912	0.176848	0.244904	0.288028	0.293784	0.276371	0.235805	0.157545	0.0257546	-0.159996	-0.373506	-0.574417	-0.727725	-0.815777	-0.821223	-0.726952	-0.543013	-0.292693	0	
0	-0.000487845	0.000643657	-0.00106313	0.000794846	-0.000757636	8.60018e-05	0.000192694	-0.00116923	0.000585376	-0.00151534	-0.000476617	-0.000930576	-0.00146408	-0.00238011	-0.0034382	-0.00731724	-0.0154604	-0.0216484	-0.0457249	-0.0668187	-0.106806	-0.157617	-0.217442	-0.280982	-0.337928	-0.368342	-0.35423	-0.277397	-0.129976	0.0684581	0.294627	0.499874	0.647452	0.701035	0.671325	0.56081	0.413719	0.246387	0.0779311	-0.0921111	-0.222981	-0.308724	-0.320772	-0.265359	-0.168803	-0.0758759	-0.00586899	0.0301913	0.0322509	0.00411072	-0.0328159	-0.057927	-0.0525384	-0.0296924	-0.00305679	0.00720722	-0.00467231	-0.018364	-0.0245695	-0.0169807	-0.00867412	-0.00284917	-0.00626587	-0.0130898	-0.014894	-0.00954391	-0.00519969	-0.0082568	-0.0116865	-0.010152	-0.00569368	-0.00589632	-0.00881119	-0.0134203	-0.0051465	0.00884623	0.0128415	0.0232946	0.0370754	0.0645516	0.122593	0.194203	0.261678	0.305323	0.319807	0.309557	0.265666	0.178609	0.0341996	-0.168262	-0.40247	-0.62804	-0.802086	-0.901504	-0.90741	-0.800301	-0.595963	-0.322015	0	
0	-0.00179763	0.00294941	-0.00325101	0.00235442	-0.0010605	-0.000737843	0.00127227	-0.00198895	0.000252495	-0.000476617	-0.00204071	4.32705e-05	-0.00258291	-0.00234573	-0.00440878	-0.00891826	-0.0153145	-0.0271988	-0.0485861	-0.0733651	-0.117951	-0.171159	-0.231142	-0.30687	-0.366223	-0.396766	-0.382405	-0.301218	-0.147927	0.0604587	0.301197	0.527134	0.685818	0.751739	0.72765	0.621002	0.462857	0.286373	0.0989437	-0.0824423	-0.225218	-0.319262	-0.340862	-0.289481	-0.193585	-0.0981365	-0.0195636	0.0235003	0.0297365	0.00389227	-0.0311332	-0.0534627	-0.0514703	-0.0371761	-0.00952794	0.00239057	-0.00363752	-0.0190186	-0.0236177	-0.014819	-0.0135072	-0.00688601	-0.00931547	-0.0112592	-0.01098	-0.0124538	-0.0114677	-0.0101717	-0.00765948	-0.00836751	-0.00984431	-0.010872	-0.00930759	-0.00877188	-0.00357338	0.00404764	0.0111659	0.0262053	0.0415605	0.0744664	0.134811	0.206122	0.277005	0.323968	0.344406	0.340541	0.294372	0.199478	0.0453714	-0.17291	-0.430629	-0.68052	-0.872137	-0.981938	-0.989664	-0.871945	-0.647098	-0.348351	0	
0	-0.000574846	0.00138453	-0.00136441	0.00147429	-0.00117976	0.000140888	-4.40313e-05	-0.00118235	0.000824706	-0.000930576	4.32705e-05	-0.000364279	-0.00198441	-0.00342235	-0.00587041	-0.0116572	-0.0189886	-0.0298405	-0.0530063	-0.0804836	-0.12635	-0.184762	-0.253974	-0.328141	-0.388145	-0.424171	-0.412003	-0.327612	-0.167679	0.0534299	0.306092	0.541646	0.715481	0.797562	0.783691	0.676201	0.514243	0.327263	0.125636	-0.0695493	-0.222083	-0.326058	-0.356693	-0.311102	-0.220164	-0.122262	-0.0371392	0.0142147	0.0251486	0.00285306	-0.0281182	-0.0469911	-0.0496214	-0.0413964	-0.018312	-0.00187766	-0.00611407	-0.0195984	-0.0205699	-0.016446	-0.0162679	-0.013574	-0.0128039	-0.00793924	-0.00839818	-0.012493	-0.0164568	-0.0124984	-0.00366325	-0.00700957	-0.0159213	-0.0168001	-0.00795177	-0.00523418	-0.00228789	0.00287589	0.00757633	0.0260089	0.0491454	0.0837428	0.144065	0.220644	0.291575	0.336069	0.365356	0.372668	0.326632	0.222262	0.0537559	-0.180502	-0.455095	-0.725218	-0.938261	-1.06054	-1.06636	-0.937854	-0.696184	-0.374134	0	
0	-0.000502225	-0.000785283	-0.00148748	-0.000580483	-0.0018111	-0.000418856	-0.00110644	-0.00107725	-0.00110488	-0.00146408	-0.00258291	-0.00198441	-0.00303061	-0.00465636	-0.00459372	-0.0113258	-0.0180103	-0.0320897	-0.0566383	-0.087158	-0.136098	-0.19579	-0.265718	-0.346768	-0.413574	-0.450938	-0.435639	-0.348515	-0.184507	0.0410489	0.302794	0.553887	0.743454	0.837485	0.832509	0.732222	0.569279	0.373102	0.156568	-0.0492038	-0.212997	-0.326384	-0.366212	-0.329426	-0.245799	-0.148959	-0.0575006	9.31396e-05	0.017041	-0.00116892	-0.0268712	-0.0420647	-0.0486992	-0.0461906	-0.0278363	-0.00940752	-0.0103102	-0.0181639	-0.016091	-0.0143818	-0.0176463	-0.0178654	-0.0147135	-0.00753518	-0.00644393	-0.0149092	-0.0235562	-0.0156044	-0.00153735	-0.0051608	-0.0187183	-0.0191001	-0.00628965	-0.00252276	-0.00325247	-0.00247323	0.00463458	0.0285263	0.05738	0.0953834	0.153383	0.227244	0.299756	0.352051	0.391345	0.402957	0.35377	0.241279	0.0634727	-0.182721	-0.476679	-0.770035	-1.00111	-1.13014	-1.13436	-1.00047	-0.743821	-0.397407	0	
0	-0.000123517	0.00113334	9.71339e-06	0.000432946	-5.15609e-05	-0.000841666	-0.00133594	-0.00145222	-0.00231243	-0.00238011	-0.00234573	-0.00342235	-0.00465636	-0.0058167	-0.0101433	-0.0160949	-0.0232133	-0.0399693	-0.0623868	-0.0955842	-0.146638	-0.211205	-0.286262	-0.368718	-0.435633	-0.476037	-0.461909	-0.373881	-0.208408	0.0257416	0.296812	0.557454	0.755897	0.866763	0.875041	0.784213	0.620214	0.417065	0.188753	-0.0267987	-0.202624	-0.324881	-0.373626	-0.347251	-0.273744	-0.178228	-0.083156	-0.0177177	0.00562172	-0.00532257	-0.0239332	-0.0355262	-0.0429247	-0.0471559	-0.0334802	-0.0178908	-0.015891	-0.0169396	-0.0141023	-0.0148118	-0.0220969	-0.0244157	-0.0186319	-0.00867647	-0.00435674	-0.0136305	-0.025803	-0.0166371	0.000798595	-0.00620379	-0.0233156	-0.0220967	-0.00748896	4.12187e-05	-0.00271723	-0.00531582	0.00439176	0.0292549	0.0626896	0.105314	0.161837	0.235092	0.308432	0.365256	0.413171	0.43097	0.381949	0.262754	0.0729853	-0.189079	-0.499541	-0.807627	-1.05377	-1.19304	-1.1975	-1.05727	-0.786526	-0.418709	0	
0	-0.000173043	-0.00228005	-0.00116987	-0.00277136	-0.00266536	-0.00246529	-0.00347176	-0.00266625	-0.00399336	-0.0034382	-0.00440878	-0.00587041	-0.00459372	-0.0101433	-0.00982735	-0.0179001	-0.0270003	-0.0439153	-0.0667506	-0.106558	-0.156702	-0.221938	-0.304241	-0.387946	-0.460148	-0.500687	-0.486268	-0.398431	-0.230023	0.00896462	0.282928	0.549538	0.764905	0.890835	0.911144	0.829907	0.672349	0.464383	0.226876	0.0017773	-0.186531	-0.315531	-0.374537	-0.359488	-0.298976	-0.207034	-0.111196	-0.0400947	-0.00951759	-0.0126479	-0.024919	-0.0311679	-0.0412116	-0.0468593	-0.0430664	-0.0297217	-0.024268	-0.0180994	-0.0101379	-0.0150946	-0.0226158	-0.0269201	-0.0214364	-0.00982852	-0.00386043	-0.0143198	-0.0283726	-0.0190164	-0.00197251	-0.00723777	-0.0241964	-0.0235416	-0.00514964	0.00101096	-0.00737464	-0.00689578	0.00413975	0.0293433	0.0719052	0.115975	0.166455	0.237521	0.314063	0.38163	0.437597	0.456848	0.407477	0.280731	0.078229	-0.194465	-0.516154	-0.840696	-1.10308	-1.24763	-1.24891	-1.10517	-0.826246	-0.44093	0	
0	-3.59573e-05	-0.00304997	-0.000701055	-0.00474044	-0.00288981	-0.00464185	-0.00603759	-0.00469323	-0.00808985	-0.00731724	-0.00891826	-0.0116572	-0.0113258	-0.0160949	-0.0179001	-0.0246772	-0.034891	-0.0502382	-0.0787414	-0.116979	-0.171335	-0.242712	-0.32484	-0.406593	-0.484461	-0.527335	-0.512988	-0.424923	-0.25476	-0.0160437	0.262315	0.538004	0.763515	0.899095	0.935827	0.870808	0.72081	0.507338	0.266014	0.0300655	-0.167672	-0.306374	-0.372596	-0.373444	-0.324283	-0.240108	-0.145298	-0.0697078	-0.0306554	-0.0245867	-0.0280742	-0.0304148	-0.0365368	-0.0456345	-0.049453	-0.0413111	-0.0344024	-0.0174675	-0.0106363	-0.0143124	-0.0239522	-0.0310059	-0.0243158	-0.0150169	-0.0053014	-0.0140456	-0.0286066	-0.0209319	-0.00511628	-0.0102485	-0.0252449	-0.0210389	-0.00498847	-0.000494152	-0.00869587	-0.00979561	0.00263002	0.0322862	0.0773892	0.122469	0.174896	0.241991	0.316212	0.394767	0.461543	0.482705	0.429505	0.295176	0.0845391	-0.199344	-0.535617	-0.871522	-1.13975	-1.288	-1.29279	-1.14775	-0.859619	-0.459547	0	
0	-0.00122029	-0.00100972	-0.00329524	-0.00392245	-0.00568976	-0.00785669	-0.00961485	-0.0116164	-0.0134304	-0.0154604	-0.0153145	-0.0189886	-0.0180103	-0.0232133	-0.0270003	-0.034891	-0.0487456	-0.066283	-0.0947897	-0.135309	-0.189276	-0.261463	-0.348072	-0.437146	-0.516671	-0.557163	-0.542612	-0.45702	-0.286923	-0.0468946	0.234037	0.510854	0.745511	0.896039	0.950516	0.899195	0.758453	0.547142	0.304406	0.0587241	-0.149644	-0.294008	-0.370674	-0.385136	-0.349914	-0.274126	-0.184551	-0.105217	-0.057268	-0.0411006	-0.0354024	-0.0325588	-0.0328665	-0.0437594	-0.0555187	-0.0550922	-0.0448612	-0.0226172	-0.0136106	-0.0160314	-0.0269856	-0.0337312	-0.0307254	-0.0208331	-0.00831302	-0.0142195	-0.0249954	-0.0212178	-0.00949703	-0.0136949	-0.0245145	-0.0204438	-0.00745773	-0.00430047	-0.0141836	-0.0103217	0.00726606	0.036954	0.0830805	0.127576	0.176426	0.23984	0.320593	0.414439	0.48613	0.502941	0.447085	0.308169	0.0870267	-0.208331	-0.551923	-0.893331	-1.16703	-1.31952	-1.32623	-1.1785	-0.886082	-0.478288	0	
0	-0.00401948	-0.00597065	-0.0104261	-0.0123634	-0.0138346	-0.0175233	-0.0168705	-0.0194421	-0.0221255	-0.0216484	-0.0271988	-0.0298405	-0.0320897	-0.0399693	-0.0439153	-0.0502382	-0.066283	-0.0806452	-0.112725	-0.156718	-0.215342	-0.293274	-0.380739	-0.467028	-0.549871	-0.590738	-0.580844	-0.495005	-0.325458	-0.084563	0.19224	0.474223	0.716304	0.879258	0.946743	0.916133	0.787625	0.582709	0.339432	0.085884	-0.129507	-0.28142	-0.366939	-0.397288	-0.37326	-0.311264	-0.228856	-0.147906	-0.0930594	-0.0645586	-0.0528356	-0.0408276	-0.0358868	-0.0463862	-0.0654839	-0.0727471	-0.0589436	-0.0337766	-0.0207617	-0.0183139	-0.0276549	-0.0347133	-0.0342471	-0.0263446	-0.0126124	-0.0152	-0.0247598	-0.0245297	-0.0194399	-0.0211142	-0.0229807	-0.0174972	-0.00592404	-0.00589455	-0.0172101	-0.0108279	0.00668441	0.0385881	0.0857751	0.129453	0.181365	0.243831	0.325235	0.42812	0.506367	0.523284	0.46294	0.315829	0.0857553	-0.21699	-0.566522	-0.911729	-1.18423	-1.33584	-1.34628	-1.1997	-0.906358	-0.494443	0	
0	-0.0035173	-0.0067291	-0.0114237	-0.0140001	-0.020814	-0.0233246	-0.0303478	-0.0351051	-0.0393283	-0.0457249	-0.0485861	-0.0530063	-0.0566383	-0.0623868	-0.0667506	-0.0787414	-0.0947897	-0.112725	-0.15096	-0.192497	-0.251393	-0.330541	-0.419135	-0.511773	-0.595419	-0.638079	-0.628828	-0.541868	-0.371946	-0.138336	0.138695	0.421954	0.668739	0.839277	0.926518	0.914328	0.799907	0.604274	0.364773	0.105372	-0.116771	-0.274876	-0.371962	-0.414649	-0.40411	-0.357079	-0.283795	-0.204481	-0.140047	-0.102517	-0.0787269	-0.0579338	-0.0431088	-0.0508827	-0.0763482	-0.0864716	-0.0739188	-0.0484274	-0.0317315	-0.0251566	-0.0319944	-0.0412515	-0.0456444	-0.0370133	-0.0231192	-0.0203633	-0.0219155	-0.0263779	-0.0245064	-0.0227906	-0.0224694	-0.0150628	-0.00999998	-0.0162363	-0.0220201	-0.012262	0.00968534	0.0480594	0.0898354	0.12784	0.180002	0.243235	0.331479	0.44384	0.527728	0.542865	0.472059	0.315962	0.0816729	-0.226471	-0.580523	-0.923217	-1.18788	-1.33813	-1.35501	-1.21096	-0.917658	-0.504686	0	
0	-0.0084216	-0.0140889	-0.0238591	-0.0291308	-0.0370504	-0.0433154	-0.0496033	-0.0551163	-0.0618764	-0.0668187	-0.0733651	-0.0804836	-0.087158	-0.0955842	-0.106558	-0.116979	-0.135309	-0.156718	-0.192497	-0.237175	-0.302634	-0.385781	-0.474189	-0.571731	-0.65533	-0.69857	-0.687801	-0.603442	-0.440206	-0.206622	0.0688269	0.349114	0.596089	0.780597	0.882432	0.888716	0.790437	0.612569	0.377148	0.115996	-0.109727	-0.274228	-0.381618	-0.435399	-0.437368	-0.406859	-0.345185	-0.268337	-0.199241	-0.150872	-0.117726	-0.0853389	-0.0615702	-0.0678524	-0.0948523	-0.1094	-0.0983058	-0.0762864	-0.0544005	-0.0387514	-0.0406323	-0.0501663	-0.0546515	-0.0460399	-0.0325669	-0.0242601	-0.0252835	-0.0316019	-0.0338414	-0.0335969	-0.0244894	-0.0161547	-0.0151435	-0.0182495	-0.023186	-0.0136073	0.0133813	0.0513486	0.0869664	0.123827	0.17883	0.247113	0.341311	0.459178	0.546141	0.554568	0.474614	0.315475	0.0747691	-0.240814	-0.591869	-0.924758	-1.18101	-1.32856	-1.34809	-1.20851	-0.921128	-0.510843	0	
0	-0.011663	-0.0222351	-0.03458	-0.0444417	-0.0564376	-0.0663957	-0.0774541	-0.0872364	-0.0982365	-0.106806	-0.117951	-0.12635	-0.136098	-0.146638	-0.156702	-0.171335	-0.189276	-0.215342	-0.251393	-0.302634	-0.368559	-0.451931	-0.54525	-0.644841	-0.724258	-0.76992	-0.765312	-0.680825	-0.517672	-0.287435	-0.0204065	0.259111	0.508061	0.699246	0.812485	0.840023	0.76195	0.601792	0.371878	0.115009	-0.113755	-0.285052	-0.403912	-0.465862	-0.483169	-0.469285	-0.421431	-0.350204	-0.278764	-0.221363	-0.176346	-0.13021	-0.097002	-0.0972843	-0.122308	-0.135334	-0.128366	-0.111173	-0.0826457	-0.0592892	-0.0554714	-0.0663525	-0.0716309	-0.0627861	-0.0499789	-0.038991	-0.0357506	-0.0400918	-0.0428837	-0.0387303	-0.0278717	-0.0201806	-0.0201038	-0.0253067	-0.0279038	-0.0157017	0.0140459	0.0536793	0.0862551	0.119076	0.174041	0.252545	0.356058	0.470928	0.555312	0.564967	0.47868	0.306755	0.0589788	-0.25372	-0.597859	-0.920725	-1.16358	-1.3027	-1.325	-1.19542	-0.916	-0.508623	0	
0	-0.0154459	-0.0348654	-0.0481004	-0.0663596	-0.082831	-0.0961625	-0.115672	-0.127212	-0.144589	-0.157617	-0.171159	-0.184762	-0.19579	-0.211205	-0.221938	-0.242712	-0.261463	-0.293274	-0.330541	-0.385781	-0.451931	-0.537095	-0.63256	-0.731548	-0.815147	-0.867558	-0.857161	-0.771809	-0.614028	-0.390488	-0.125231	0.147296	0.393946	0.591369	0.71983	0.763537	0.705732	0.566093	0.347533	0.0987754	-0.132362	-0.309705	-0.437401	-0.507515	-0.539785	-0.542744	-0.507764	-0.44689	-0.375014	-0.311034	-0.25263	-0.192171	-0.150675	-0.142374	-0.162664	-0.171618	-0.172048	-0.159912	-0.126404	-0.0951157	-0.0847745	-0.0947741	-0.0964649	-0.0858667	-0.071941	-0.0594424	-0.0535114	-0.0532046	-0.05278	-0.0477496	-0.0385676	-0.031005	-0.0308199	-0.0328766	-0.0320721	-0.0194567	0.0136467	0.0542734	0.0842166	0.112397	0.168121	0.258934	0.367379	0.480167	0.568052	0.572279	0.471232	0.291767	0.0424369	-0.269113	-0.601758	-0.904709	-1.13298	-1.26572	-1.28817	-1.16839	-0.899611	-0.498364	0	
0	-0.0227124	-0.0496056	-0.0687808	-0.0962211	-0.115983	-0.138139	-0.161301	-0.177659	-0.199236	-0.217442	-0.231142	-0.253974	-0.265718	-0.286262	-0.304241	-0.32484	-0.348072	-0.380739	-0.419135	-0.474189	-0.54525	-0.63256	-0.734643	-0.833161	-0.918742	-0.966574	-0.954767	-0.875991	-0.723321	-0.503082	-0.24321	0.0219136	0.269658	0.467471	0.605466	0.662908	0.633454	0.510414	0.308524	0.068668	-0.159588	-0.343877	-0.479058	-0.557293	-0.607032	-0.62239	-0.605801	-0.555741	-0.49017	-0.421557	-0.349115	-0.27842	-0.225391	-0.210365	-0.219743	-0.224302	-0.232563	-0.222345	-0.186831	-0.147469	-0.129663	-0.136165	-0.130976	-0.116935	-0.102914	-0.0900606	-0.0838547	-0.0770934	-0.068115	-0.0645705	-0.0584109	-0.0501058	-0.0462993	-0.0394727	-0.035899	-0.0233783	0.0108175	0.0474815	0.0749338	0.101718	0.162429	0.26766	0.383343	0.493121	0.571438	0.564748	0.459824	0.276148	0.0215258	-0.283679	-0.598448	-0.882117	-1.09461	-1.21418	-1.23372	-1.12759	-0.873326	-0.481453	0	
0	-0.0310937	-0.0631806	-0.0916429	-0.124716	-0.149462	-0.1816	-0.206002	-0.23262	-0.260075	-0.280982	-0.30687	-0.328141	-0.346768	-0.368718	-0.387946	-0.406593	-0.437146	-0.467028	-0.511773	-0.571731	-0.644841	-0.731548	-0.833161	-0.929276	-1.01692	-1.06529	-1.05878	-0.983023	-0.828827	-0.609779	-0.360213	-0.103047	0.13828	0.337845	0.483143	0.557186	0.54751	0.442177	0.261802	0.0347085	-0.190408	-0.382857	-0.520619	-0.613895	-0.676559	-0.70891	-0.709119	-0.675939	-0.621532	-0.549667	-0.468822	-0.385796	-0.324055	-0.298391	-0.293469	-0.294877	-0.305172	-0.296684	-0.261993	-0.21573	-0.194563	-0.193479	-0.180624	-0.166151	-0.147832	-0.139269	-0.132557	-0.111529	-0.0939988	-0.0863457	-0.0830883	-0.0781955	-0.0647215	-0.0519704	-0.0494196	-0.0344717	-0.00251661	0.0334306	0.066299	0.0955614	0.161806	0.274315	0.391873	0.497819	0.566413	0.555561	0.449928	0.255341	-0.00618151	-0.299638	-0.590537	-0.848107	-1.04156	-1.1513	-1.16954	-1.0727	-0.832531	-0.457277	0	
0	-0.0374822	-0.0721951	-0.111022	-0.145157	-0.181174	-0.21666	-0.247826	-0.281734	-0.310593	-0.337928	-0.366223	-0.388145	-0.413574	-0.435633	-0.460148	-0.484461	-0.516671	-0.549871	-0.595419	-0.65533	-0.724258	-0.815147	-0.918742	-1.01692	-1.10662	-1.15583	-1.14743	-1.06698	-0.917479	-0.709395	-0.469401	-0.215104	0.0197998	0.21838	0.363951	0.452061	0.458833	0.376573	0.216744	0.00498531	-0.218173	-0.410319	-0.55465	-0.662673	-0.739252	-0.786551	-0.805363	-0.7928	-0.752272	-0.682738	-0.596795	-0.505015	-0.435753	-0.398324	-0.38182	-0.381696	-0.390334	-0.386654	-0.353974	-0.30869	-0.284081	-0.269961	-0.252154	-0.228777	-0.207363	-0.202865	-0.189956	-0.161114	-0.131795	-0.121167	-0.127512	-0.120731	-0.0973373	-0.0763872	-0.0661803	-0.0486903	-0.019221	0.0152253	0.0491478	0.0830529	0.15684	0.275885	0.397929	0.501692	0.561323	0.541443	0.42474	0.222808	-0.0308512	-0.306353	-0.574929	-0.807871	-0.981538	-1.07845	-1.09133	-1.00106	-0.779496	-0.429721	0	
0	-0.0411124	-0.0822674	-0.122623	-0.161046	-0.200931	-0.235355	-0.272699	-0.305123	-0.337269	-0.368342	-0.396766	-0.424171	-0.450938	-0.476037	-0.500687	-0.527335	-0.557163	-0.590738	-0.638079	-0.69857	-0.76992	-0.867558	-0.966574	-1.06529	-1.15583	-1.20059	-1.19171	-1.11989	-0.97562	-0.769372	-0.532978	-0.289174	-0.0635503	0.128972	0.275462	0.37511	0.396464	0.334011	0.195357	0.0005029	-0.21628	-0.406026	-0.560368	-0.68373	-0.773814	-0.838556	-0.878663	-0.891314	-0.868424	-0.809774	-0.725262	-0.629791	-0.555156	-0.505043	-0.483259	-0.477799	-0.483284	-0.481225	-0.453411	-0.415445	-0.384369	-0.361583	-0.336976	-0.306661	-0.286904	-0.283443	-0.269036	-0.232704	-0.190692	-0.176995	-0.184605	-0.17245	-0.139464	-0.109602	-0.0934505	-0.0769326	-0.0519569	-0.0166089	0.0221531	0.0679773	0.156678	0.277129	0.395198	0.497205	0.545443	0.511855	0.394176	0.197312	-0.0523357	-0.314973	-0.556994	-0.760076	-0.909383	-0.992713	-1.00371	-0.918615	-0.713929	-0.3952	0	
0	-0.0375167	-0.0780837	-0.113078	-0.152461	-0.188447	-0.222539	-0.260115	-0.289863	-0.324751	-0.35423	-0.382405	-0.412003	-0.435639	-0.461909	-0.486268	-0.512988	-0.542612	-0.580844	-0.628828	-0.687801	-0.765312	-0.857161	-0.954767	-1.05878	-1.14743	-1.19171	-1.19167	-1.11782	-0.971742	-0.772756	-0.546381	-0.312285	-0.0962284	0.088553	0.236906	0.341116	0.371439	0.327581	0.213622	0.0343989	-0.172067	-0.358675	-0.52284	-0.659762	-0.765159	-0.848063	-0.912491	-0.949473	-0.949448	-0.908229	-0.83165	-0.73874	-0.657539	-0.600686	-0.576584	-0.566677	-0.56846	-0.567653	-0.552618	-0.525704	-0.493205	-0.466504	-0.435534	-0.401596	-0.382916	-0.37723	-0.361218	-0.318671	-0.26786	-0.251974	-0.25587	-0.239009	-0.201441	-0.161698	-0.139579	-0.123263	-0.0948585	-0.057963	-0.014448	0.0511356	0.150469	0.264303	0.38078	0.480419	0.519795	0.482193	0.361052	0.161137	-0.0777706	-0.315798	-0.529671	-0.704232	-0.828781	-0.900946	-0.909014	-0.822764	-0.636072	-0.35654	0	
0	-0.0278455	-0.0573139	-0.0840593	-0.113766	-0.14164	-0.168757	-0.199181	-0.223301	-0.252711	-0.277397	-0.301218	-0.327612	-0.348515	-0.373881	-0.398431	-0.424923	-0.45702	-0.495005	-0.541868	-0.603442	-0.680825	-0.771809	-0.875991	-0.983023	-1.06698	-1.11989	-1.11782	-1.04274	-0.902723	-0.714047	-0.493623	-0.270787	-0.0622874	0.115559	0.258651	0.35983	0.400753	0.378337	0.283357	0.119155	-0.0702366	-0.251368	-0.423494	-0.573816	-0.693382	-0.797868	-0.884697	-0.948023	-0.973673	-0.957165	-0.896088	-0.810774	-0.725957	-0.66889	-0.645531	-0.633178	-0.630688	-0.633583	-0.635895	-0.621035	-0.595017	-0.568313	-0.534017	-0.501543	-0.482405	-0.475838	-0.45988	-0.415719	-0.366682	-0.347656	-0.342785	-0.322229	-0.27972	-0.232377	-0.205675	-0.184973	-0.153439	-0.11526	-0.0612772	0.0209278	0.127967	0.243238	0.355858	0.447677	0.485896	0.444095	0.313424	0.120099	-0.0960855	-0.308717	-0.495772	-0.643683	-0.746533	-0.803262	-0.801466	-0.71661	-0.553264	-0.314248	0	
0	-0.0114082	-0.0220438	-0.0341623	-0.0460929	-0.0577184	-0.0719546	-0.0844278	-0.0989603	-0.115127	-0.129976	-0.147927	-0.167679	-0.184507	-0.208408	-0.230023	-0.25476	-0.286923	-0.325458	-0.371946	-0.440206	-0.517672	-0.614028	-0.723321	-0.828827	-0.917479	-0.97562	-0.971742	-0.902723	-0.774505	-0.589867	-0.375007	-0.15973	0.0359279	0.20112	0.336813	0.440387	0.489734	0.480934	0.400231	0.260946	0.091875	-0.0818934	-0.26056	-0.415793	-0.552422	-0.67562	-0.786051	-0.87203	-0.927715	-0.938965	-0.901483	-0.826943	-0.744714	-0.692713	-0.671995	-0.659187	-0.651881	-0.664203	-0.679975	-0.681295	-0.667397	-0.646724	-0.617767	-0.588523	-0.573569	-0.568019	-0.554102	-0.517671	-0.477754	-0.455358	-0.439516	-0.41455	-0.36925	-0.320721	-0.292658	-0.266868	-0.233125	-0.189892	-0.120791	-0.0247741	0.0910365	0.209419	0.311678	0.395924	0.43759	0.390772	0.256868	0.0813101	-0.109216	-0.297946	-0.459849	-0.582351	-0.659534	-0.694903	-0.68697	-0.611725	-0.46696	-0.261258	0	
0	0.0142422	0.0252284	0.0403794	0.0478882	0.0600363	0.064612	0.0705425	0.0719966	0.0706607	0.0684581	0.0604587	0.0534299	0.0410489	0.0257416	0.00896462	-0.0160437	-0.0468946	-0.084563	-0.138336	-0.206622	-0.287435	-0.390488	-0.503082	-0.609779	-0.709395	-0.769372	-0.772756	-0.714047	-0.589867	-0.405602	-0.203173	-0.0025441	0.180484	0.339921	0.470306	0.567525	0.619635	0.621729	0.561774	0.447078	0.298699	0.133041	-0.0389891	-0.197785	-0.349685	-0.491216	-0.619908	-0.727315	-0.812354	-0.852683	-0.841732	-0.779786	-0.706166	-0.659526	-0.642303	-0.625447	-0.619732	-0.639186	-0.667546	-0.685941	-0.689817	-0.687245	-0.667448	-0.648671	-0.638795	-0.635917	-0.628219	-0.605339	-0.581276	-0.557838	-0.5363	-0.507542	-0.465937	-0.426508	-0.395665	-0.36796	-0.331846	-0.272883	-0.191619	-0.0905836	0.0338349	0.152713	0.244214	0.324812	0.368546	0.323124	0.199702	0.0415004	-0.129186	-0.288742	-0.416793	-0.51276	-0.571167	-0.589707	-0.571436	-0.502134	-0.377858	-0.207564	0	
0	0.0408176	0.0779574	0.118452	0.151789	0.186206	0.21555	0.241081	0.263994	0.280252	0.294627	0.301197	0.306092	0.302794	0.296812	0.282928	0.262315	0.234037	0.19224	0.138695	0.0688269	-0.0204065	-0.125231	-0.24321	-0.360213	-0.469401	-0.532978	-0.546381	-0.493623	-0.375007	-0.203173	-0.0152048	0.177671	0.354331	0.503461	0.61893	0.710015	0.768191	0.780003	0.736805	0.646155	0.520831	0.373509	0.216689	0.0565558	-0.104908	-0.258577	-0.399299	-0.526506	-0.635698	-0.703704	-0.717846	-0.672245	-0.611749	-0.571274	-0.554213	-0.535053	-0.533282	-0.557946	-0.593381	-0.624927	-0.652086	-0.669733	-0.666251	-0.658933	-0.655203	-0.660561	-0.662765	-0.662117	-0.656719	-0.640342	-0.619037	-0.589253	-0.559491	-0.529454	-0.504306	-0.480834	-0.435479	-0.366157	-0.27766	-0.170861	-0.048701	0.0660552	0.156781	0.23582	0.278067	0.239647	0.131442	-0.00792844	-0.149456	-0.271833	-0.370359	-0.448386	-0.490182	-0.485782	-0.451425	-0.391293	-0.294465	-0.160213	0	
0	0.0624882	0.12392	0.1839	0.241856	0.294902	0.347986	0.391116	0.435464	0.470419	0.499874	0.527134	0.541646	0.553887	0.557454	0.549538	0.538004	0.510854	0.474223	0.421954	0.349114	0.259111	0.147296	0.0219136	-0.103047	-0.215104	-0.289174	-0.312285	-0.270787	-0.15973	-0.0025441	0.177671	0.362461	0.528293	0.659234	0.764683	0.85496	0.912951	0.925498	0.899986	0.834698	0.734313	0.611028	0.474278	0.317836	0.15552	-0.00477771	-0.154536	-0.298683	-0.424972	-0.517507	-0.55248	-0.52794	-0.48066	-0.444816	-0.422331	-0.401013	-0.402262	-0.424943	-0.460007	-0.499561	-0.548578	-0.588525	-0.604329	-0.608288	-0.613392	-0.628352	-0.646768	-0.669407	-0.681636	-0.681168	-0.667349	-0.645162	-0.630115	-0.614241	-0.603967	-0.585249	-0.536777	-0.461392	-0.36675	-0.267282	-0.154962	-0.0406149	0.0502295	0.12344	0.161992	0.137645	0.0547267	-0.0598102	-0.169571	-0.258907	-0.334582	-0.39101	-0.406715	-0.382013	-0.342934	-0.292653	-0.215085	-0.11298	0	
0	0.0747473	0.149993	0.222421	0.29489	0.363651	0.430031	0.491692	0.550214	0.600164	0.647452	0.685818	0.715481	0.743454	0.755897	0.764905	0.763515	0.745511	0.716304	0.668739	0.596089	0.508061	0.393946	0.269658	0.13828	0.0197998	-0.0635503	-0.0962284	-0.0622874	0.0359279	0.180484	0.354331	0.528293	0.675071	0.794693	0.895149	0.977401	1.02212	1.04057	1.03245	0.987744	0.907724	0.817191	0.701969	0.558891	0.400855	0.240687	0.0824572	-0.0714902	-0.210662	-0.320311	-0.374922	-0.371479	-0.338441	-0.302829	-0.27226	-0.249342	-0.246041	-0.261453	-0.285006	-0.327743	-0.390623	-0.449444	-0.484667	-0.497851	-0.512698	-0.539134	-0.576764	-0.616288	-0.644115	-0.661831	-0.662813	-0.658322	-0.657034	-0.661169	-0.674245	-0.664795	-0.619977	-0.543655	-0.451138	-0.364743	-0.268553	-0.166824	-0.0786754	-0.00663804	0.0316383	0.0224886	-0.0349849	-0.117836	-0.19196	-0.256037	-0.309829	-0.335626	-0.327454	-0.295413	-0.251852	-0.199971	-0.142869	-0.078767	0	
0	0.0793902	0.155485	0.235254	0.307725	0.383054	0.452525	0.519786	0.584861	0.643832	0.701035	0.751739	0.797562	0.837485	0.866763	0.890835	0.899095	0.896039	0.879258	0.839277	0.780597	0.699246	0.591369	0.467471	0.337845	0.21838	0.128972	0.088553	0.115559	0.20112	0.339921	0.503461	0.659234	0.794693	0.908429	0.994538	1.05735	1.09665	1.12076	1.11923	1.08319	1.03084	0.972698	0.880502	0.755483	0.609992	0.453739	0.289801	0.131606	-0.0161985	-0.136315	-0.208068	-0.225227	-0.204204	-0.16695	-0.131088	-0.103043	-0.0922123	-0.0912499	-0.10184	-0.140558	-0.20597	-0.279538	-0.325128	-0.346336	-0.366387	-0.401572	-0.453635	-0.50002	-0.537766	-0.573593	-0.60137	-0.618743	-0.63374	-0.661091	-0.691872	-0.697083	-0.661901	-0.590601	-0.515814	-0.452559	-0.3799	-0.296815	-0.214376	-0.146266	-0.106706	-0.100848	-0.13112	-0.177305	-0.222277	-0.266146	-0.29173	-0.289572	-0.266889	-0.226413	-0.173745	-0.122165	-0.0888685	-0.0583851	0	
0	0.068965	0.136023	0.206394	0.272704	0.342784	0.409432	0.477214	0.544042	0.606902	0.671325	0.72765	0.783691	0.832509	0.875041	0.911144	0.935827	0.950516	0.946743	0.926518	0.882432	0.812485	0.71983	0.605466	0.483143	0.363951	0.275462	0.236906	0.258651	0.336813	0.470306	0.61893	0.764683	0.895149	0.994538	1.0606	1.11302	1.14648	1.16417	1.15842	1.13551	1.10966	1.07609	1.00714	0.908236	0.781941	0.629832	0.464708	0.303395	0.150288	0.0215722	-0.0683747	-0.104705	-0.0969321	-0.0622984	-0.0269122	0.00659836	0.0328391	0.0524825	0.0581246	0.0343712	-0.023096	-0.0956744	-0.14547	-0.171601	-0.193899	-0.239067	-0.296726	-0.34218	-0.383309	-0.432961	-0.48581	-0.524529	-0.554774	-0.595817	-0.644622	-0.667611	-0.644384	-0.595946	-0.548611	-0.509571	-0.467669	-0.411037	-0.344014	-0.279403	-0.23305	-0.219024	-0.227202	-0.239259	-0.259452	-0.279804	-0.281148	-0.264687	-0.22566	-0.169064	-0.117949	-0.0775621	-0.0545758	-0.0386622	0	
0	0.0536081	0.106521	0.161598	0.215993	0.271648	0.329473	0.385281	0.444999	0.503102	0.56081	0.621002	0.676201	0.732222	0.784213	0.829907	0.870808	0.899195	0.916133	0.914328	0.888716	0.840023	0.763537	0.662908	0.557186	0.452061	0.37511	0.341116	0.35983	0.440387	0.567525	0.710015	0.85496	0.977401	1.05735	1.11302	1.15373	1.1736	1.17682	1.16902	1.1532	1.14264	1.12478	1.08361	1.01398	0.906297	0.76051	0.598018	0.435348	0.278695	0.140438	0.0360911	-0.0168122	-0.0195236	0.00498415	0.0357632	0.0786799	0.12215	0.160375	0.180745	0.176124	0.135501	0.0722136	0.0233491	-0.00539038	-0.0321152	-0.0796466	-0.130798	-0.167192	-0.200821	-0.257356	-0.329096	-0.384844	-0.428443	-0.478108	-0.535725	-0.570577	-0.567731	-0.548372	-0.532245	-0.527474	-0.514173	-0.48228	-0.441198	-0.38772	-0.339573	-0.31636	-0.303001	-0.293368	-0.293027	-0.29093	-0.282174	-0.258271	-0.199674	-0.132051	-0.0910018	-0.0627505	-0.0413324	-0.0270903	0	
0	0.036505	0.0739204	0.111068	0.149768	0.189598	0.230404	0.27314	0.318547	0.363287	0.413719	0.462857	0.514243	0.569279	0.620214	0.672349	0.72081	0.758453	0.787625	0.799907	0.790437	0.76195	0.705732	0.633454	0.54751	0.458833	0.396464	0.371439	0.400753	0.489734	0.619635	0.768191	0.912951	1.02212	1.09665	1.14648	1.1736	1.17562	1.16779	1.15129	1.13675	1.13076	1.1288	1.1153	1.07392	0.986052	0.853229	0.699777	0.537669	0.377516	0.230507	0.114206	0.0505831	0.0326662	0.0386604	0.0606791	0.109888	0.168702	0.217279	0.252368	0.268676	0.250185	0.20626	0.164035	0.134161	0.103843	0.060701	0.0231828	0.00205186	-0.022167	-0.0782545	-0.155094	-0.22339	-0.275283	-0.324785	-0.382357	-0.422011	-0.437742	-0.447248	-0.464319	-0.490755	-0.503191	-0.504561	-0.495189	-0.453023	-0.400033	-0.364252	-0.341102	-0.323827	-0.310231	-0.299997	-0.28645	-0.25081	-0.187525	-0.125752	-0.0903747	-0.0695243	-0.0514689	-0.0314907	0	
0	0.0189982	0.036867	0.057678	0.0772553	0.0994159	0.123946	0.148863	0.179214	0.210825	0.246387	0.286373	0.327263	0.373102	0.417065	0.464383	0.507338	0.547142	0.582709	0.604274	0.612569	0.601792	0.566093	0.510414	0.442177	0.376573	0.334011	0.327581	0.378337	0.480934	0.621729	0.780003	0.925498	1.04057	1.12076	1.16417	1.17682	1.16779	1.14573	1.12038	1.09968	1.09179	1.10103	1.11072	1.0937	1.02599	0.913771	0.770871	0.610611	0.445235	0.289413	0.166494	0.0924074	0.0560488	0.0392135	0.0506681	0.104304	0.168576	0.225683	0.275224	0.312166	0.320648	0.299165	0.269836	0.240088	0.206708	0.173591	0.152053	0.143183	0.127089	0.0772953	0.00366798	-0.0655361	-0.118414	-0.161348	-0.203184	-0.238703	-0.270453	-0.306042	-0.356497	-0.413391	-0.449602	-0.471665	-0.478255	-0.449634	-0.397628	-0.351184	-0.327144	-0.313638	-0.29864	-0.286557	-0.268056	-0.234711	-0.189268	-0.140621	-0.109412	-0.0967177	-0.0802074	-0.0471482	0	
0	-0.000779947	-0.00141751	0.00036868	0.00213381	0.0086463	0.0153932	0.0264462	0.0410338	0.0556867	0.0779311	0.0989437	0.125636	0.156568	0.188753	0.226876	0.266014	0.304406	0.339432	0.364773	0.377148	0.371878	0.347533	0.308524	0.261802	0.216744	0.195357	0.213622	0.283357	0.400231	0.561774	0.736805	0.899986	1.03245	1.11923	1.15842	1.16902	1.15129	1.12038	1.08459	1.04945	1.03298	1.05086	1.07614	1.07463	1.03066	0.941102	0.810951	0.651906	0.481297	0.320207	0.191235	0.107103	0.0493206	0.0127179	0.0149596	0.063715	0.127319	0.191196	0.256484	0.315121	0.347678	0.351245	0.336932	0.307415	0.275715	0.251483	0.241028	0.241279	0.230885	0.193575	0.137704	0.0787667	0.0323994	0.000990103	-0.0287536	-0.0609977	-0.103109	-0.159867	-0.22977	-0.300947	-0.351031	-0.382102	-0.397462	-0.378898	-0.325597	-0.273708	-0.249971	-0.238841	-0.230774	-0.227289	-0.21805	-0.204442	-0.184843	-0.157396	-0.1396	-0.132569	-0.118524	-0.0770548	0	
0	-0.016011	-0.0320113	-0.0467065	-0.0603453	-0.0730361	-0.0821478	-0.0908249	-0.0944927	-0.0953169	-0.0921111	-0.0824423	-0.0695493	-0.0492038	-0.0267987	0.0017773	0.0300655	0.0587241	0.085884	0.105372	0.115996	0.115009	0.0987754	0.068668	0.0347085	0.00498531	0.0005029	0.0343989	0.119155	0.260946	0.447078	0.646155	0.834698	0.987744	1.08319	1.13551	1.1532	1.13675	1.09968	1.04945	0.996374	0.976932	0.997392	1.02224	1.0334	1.01488	0.948429	0.828854	0.673145	0.5014	0.335354	0.200311	0.100862	0.0252947	-0.0258748	-0.0374025	-0.0038775	0.0486178	0.11739	0.196026	0.270403	0.32315	0.348857	0.350975	0.332603	0.311587	0.299097	0.298807	0.302767	0.298674	0.275482	0.235876	0.193128	0.157617	0.133121	0.11389	0.0893456	0.0444573	-0.0185655	-0.0941885	-0.175769	-0.235596	-0.265142	-0.271016	-0.244588	-0.187482	-0.128917	-0.0963913	-0.0898131	-0.0979054	-0.110695	-0.124807	-0.139193	-0.145672	-0.15376	-0.16903	-0.170415	-0.154036	-0.104709	0	
