0	0	0	0	0	0	0	0	0	0	0	0	0	0	0	0	0	0	0	0	0	0	0	0	0	0	0	0	0	0	0	0	0	0	0	0	0	0	0	0	0	0	0	0	0	0	0	0	0	0	0	0	0	0	0	0	0	0	0	0	0	0	0	0	0	0	0	0	0	0	0	0	0	0	0	0	0	0	0	0	0	0	0	0	0	0	0	0	0	0	0	0	0	0	0	0	0	0	0	0	
0	0.00708794	0.00972557	0.00892455	0.00967918	0.0138524	0.0197847	0.0234051	0.0237247	0.0217701	0.0190939	0.0197513	0.0216384	0.0248312	0.0254615	0.0259348	0.0266328	0.023432	0.0154324	0.00412957	-0.00360069	-0.00788026	-0.0117148	-0.0157845	-0.0174973	-0.0153255	-0.00804919	0.00410353	0.0201197	0.0361523	0.0499044	0.0596353	0.0663619	0.0749952	0.0871233	0.102326	0.116647	0.127817	0.135507	0.135039	0.126204	0.112701	0.0887906	0.0525547	0.00720367	-0.0424377	-0.0926061	-0.138771	-0.173641	-0.197915	-0.211065	-0.210733	-0.200368	-0.186817	-0.170833	-0.15334	-0.131536	-0.106636	-0.0824013	-0.0604259	-0.0373724	-0.0121362	0.0176395	0.0481769	0.0770444	0.103367	0.126873	0.14494	0.156886	0.166335	0.166056	0.158615	0.145155	0.127107	0.106379	0.0810185	0.0527013	0.0236967	-0.00176518	-0.0269129	-0.0537459	-0.0796465	-0.104803	-0.131709	-0.16016	-0.188312	-0.214739	-0.237078	-0.253681	-0.260524	-0.257598	-0.245452	-0.222896	-0.193867	-0.161604	-0.127273	-0.0911758	-0.058438	-0.0307643	0	
0	0.00972557	0.0116117	0.00538292	0.00433639	0.00861703	0.0183523	0.0228858	0.0226044	0.0176676	0.0133256	0.0152984	0.0215229	0.0310866	0.035173	0.0418057	0.0454754	0.0450037	0.031754	0.0125734	-0.00020637	-0.00872413	-0.0161015	-0.0257083	-0.0323578	-0.0309674	-0.0207276	-0.00156469	0.0269328	0.0537527	0.0783787	0.0950565	0.108108	0.124607	0.151814	0.183814	0.215764	0.240477	0.258687	0.256157	0.2408	0.211874	0.163911	0.0926912	0.00555866	-0.0935413	-0.188964	-0.277955	-0.346348	-0.392777	-0.41643	-0.416982	-0.400345	-0.376475	-0.346555	-0.311089	-0.266607	-0.216371	-0.165233	-0.115175	-0.064708	-0.011952	0.0468851	0.108755	0.163733	0.212743	0.25551	0.28713	0.309335	0.324548	0.324311	0.30914	0.2833	0.249948	0.208715	0.159959	0.10192	0.042459	-0.00966466	-0.0641581	-0.121425	-0.176246	-0.225546	-0.275202	-0.328379	-0.379325	-0.423937	-0.458979	-0.484808	-0.494338	-0.487458	-0.463932	-0.419762	-0.367037	-0.308832	-0.243171	-0.177584	-0.116924	-0.0596102	0	
0	0.00892455	0.00538292	-0.00757433	-0.0148748	-0.0110734	-0.000746677	0.00464409	0.00239573	-0.00416147	-0.0103055	-0.0048592	0.00688946	0.0241803	0.0360084	0.0481869	0.0608896	0.0624979	0.0489771	0.0244128	0.00778948	-0.00204003	-0.013452	-0.0295096	-0.042063	-0.0460376	-0.0367815	-0.0142095	0.0202107	0.0558794	0.0873745	0.110277	0.128086	0.154218	0.19375	0.24345	0.290969	0.328363	0.353419	0.3527	0.327114	0.286883	0.21846	0.117243	-0.00772618	-0.142731	-0.277323	-0.40088	-0.494636	-0.56173	-0.601416	-0.607089	-0.586874	-0.557459	-0.518062	-0.469138	-0.401558	-0.319296	-0.23441	-0.154779	-0.0747439	0.00680256	0.0950072	0.179864	0.254044	0.317452	0.371542	0.41059	0.434892	0.454902	0.45168	0.431238	0.396723	0.350895	0.297309	0.229416	0.14874	0.0616473	-0.0198087	-0.103918	-0.193983	-0.27974	-0.357766	-0.432801	-0.503792	-0.566528	-0.618913	-0.657913	-0.683503	-0.687495	-0.671838	-0.638363	-0.581945	-0.511955	-0.434562	-0.348996	-0.255464	-0.167425	-0.0887528	0	
0	0.00967918	0.00433639	-0.0148748	-0.0243336	-0.0215587	-0.00813124	-0.00276914	-0.00516989	-0.0144401	-0.0206065	-0.0132361	0.0042213	0.0295077	0.0462394	0.0670401	0.0827193	0.0891012	0.0712728	0.0405164	0.0194255	0.00466278	-0.0110133	-0.0338409	-0.0538736	-0.0605872	-0.0513498	-0.0242922	0.0200539	0.0636525	0.103869	0.131094	0.15279	0.182638	0.231891	0.291373	0.348646	0.390893	0.419016	0.410153	0.37801	0.326369	0.245633	0.1284	-0.0137183	-0.17347	-0.3282	-0.474507	-0.590396	-0.6758	-0.729293	-0.747214	-0.736512	-0.710126	-0.667081	-0.60445	-0.514292	-0.403829	-0.288034	-0.175718	-0.0676943	0.0356198	0.14061	0.241676	0.324641	0.39262	0.449419	0.48815	0.513829	0.533155	0.529539	0.504857	0.465698	0.416542	0.355719	0.280461	0.184511	0.0795819	-0.0198794	-0.130947	-0.252134	-0.369902	-0.474402	-0.571379	-0.662862	-0.738316	-0.79382	-0.827794	-0.845251	-0.840585	-0.816952	-0.774953	-0.707035	-0.629151	-0.543533	-0.442105	-0.332504	-0.224706	-0.117109	0	
0	0.0138524	0.00861703	-0.0110734	-0.0215587	-0.0145204	0.00234101	0.011694	0.00922391	0.000390809	-0.00676235	0.0030273	0.0243393	0.0536549	0.075361	0.0963269	0.115778	0.118398	0.0962849	0.0570635	0.029422	0.0114005	-0.00829039	-0.0363867	-0.059085	-0.06752	-0.0533485	-0.017134	0.0390714	0.0968148	0.146932	0.181334	0.205067	0.236128	0.284949	0.344428	0.397141	0.432453	0.448893	0.43052	0.385347	0.328591	0.244976	0.125836	-0.0210325	-0.18053	-0.341892	-0.496537	-0.621594	-0.722052	-0.795174	-0.828145	-0.826951	-0.80925	-0.768478	-0.702278	-0.597161	-0.462183	-0.319258	-0.186559	-0.0624445	0.0537464	0.169326	0.273825	0.356094	0.420724	0.47389	0.508734	0.529235	0.549292	0.544228	0.520041	0.482258	0.434096	0.378302	0.304459	0.207402	0.0955969	-0.0155159	-0.140321	-0.282781	-0.425148	-0.555558	-0.67612	-0.782301	-0.866185	-0.924303	-0.955997	-0.968559	-0.955786	-0.924871	-0.880635	-0.813317	-0.734038	-0.646205	-0.539073	-0.411352	-0.280451	-0.14967	0	
0	0.0197847	0.0183523	-0.000746677	-0.00813124	0.00234101	0.0250219	0.0363847	0.0355597	0.0250814	0.0180288	0.0282235	0.0520618	0.0856739	0.108452	0.132738	0.149785	0.151657	0.122232	0.075616	0.0421222	0.019915	-0.00231134	-0.0328938	-0.0578629	-0.0620295	-0.0408697	0.00899306	0.0816017	0.154077	0.21654	0.255844	0.278914	0.304786	0.345664	0.394943	0.434119	0.451248	0.450494	0.412821	0.356204	0.294381	0.214648	0.103823	-0.0308789	-0.182823	-0.335087	-0.485972	-0.612395	-0.716144	-0.794045	-0.836207	-0.846656	-0.836348	-0.802899	-0.739207	-0.632907	-0.493566	-0.346749	-0.208217	-0.0791493	0.0380742	0.152777	0.257431	0.338042	0.398276	0.446604	0.476037	0.494465	0.513669	0.510862	0.489142	0.455702	0.41446	0.36361	0.295759	0.199823	0.0888004	-0.0212026	-0.151795	-0.301546	-0.452292	-0.590104	-0.718294	-0.835491	-0.927903	-0.992223	-1.02763	-1.04118	-1.03283	-1.00891	-0.970124	-0.907398	-0.833089	-0.746756	-0.632899	-0.492859	-0.342281	-0.18168	0	
0	0.0234051	0.0228858	0.00464409	-0.00276914	0.011694	0.0363847	0.0506012	0.0489109	0.0381912	0.0305045	0.0411303	0.0683558	0.104305	0.132018	0.156545	0.175815	0.175037	0.143204	0.091997	0.0558777	0.0333298	0.0116697	-0.0193967	-0.0421716	-0.0436579	-0.0123916	0.0492263	0.136488	0.222662	0.292488	0.333518	0.351281	0.3647	0.391648	0.423412	0.4422	0.439265	0.416869	0.363124	0.295867	0.232359	0.158699	0.0604717	-0.0619406	-0.197028	-0.336025	-0.473227	-0.586581	-0.680303	-0.750655	-0.784039	-0.787447	-0.780122	-0.754841	-0.706413	-0.617359	-0.495613	-0.363682	-0.241124	-0.128031	-0.0202583	0.0904074	0.194426	0.273391	0.331947	0.379026	0.406369	0.42313	0.442945	0.442451	0.424264	0.394613	0.356606	0.310873	0.246868	0.153398	0.0443581	-0.0609926	-0.180145	-0.318572	-0.458145	-0.584947	-0.704508	-0.815416	-0.909672	-0.981886	-1.03052	-1.06416	-1.0743	-1.06606	-1.04323	-0.99152	-0.921931	-0.8366	-0.716179	-0.561067	-0.3913	-0.207867	0	
0	0.0237247	0.0226044	0.00239573	-0.00516989	0.00922391	0.0355597	0.0489109	0.0466838	0.0344348	0.0263439	0.0381974	0.0677446	0.108772	0.140541	0.169373	0.189847	0.190422	0.157407	0.106243	0.0699902	0.0497687	0.0306587	0.00204296	-0.0193891	-0.0153088	0.0214354	0.0945514	0.190784	0.284134	0.355469	0.390342	0.394106	0.391077	0.395327	0.406706	0.404978	0.381733	0.342667	0.279005	0.207268	0.147679	0.0857975	0.00152881	-0.105225	-0.225085	-0.346419	-0.463496	-0.553529	-0.619485	-0.66129	-0.672223	-0.661921	-0.646333	-0.629134	-0.60123	-0.542651	-0.455011	-0.361286	-0.274808	-0.189352	-0.103802	-0.00755244	0.0882387	0.166997	0.227505	0.276397	0.306402	0.325234	0.347044	0.347837	0.329234	0.298665	0.259019	0.211769	0.148341	0.0580642	-0.0412393	-0.131269	-0.230751	-0.341045	-0.448403	-0.545008	-0.639469	-0.735688	-0.825945	-0.908168	-0.977738	-1.03368	-1.07255	-1.09366	-1.08999	-1.05091	-0.984728	-0.893717	-0.764343	-0.597081	-0.414618	-0.219831	0	
0	0.0217701	0.0176676	-0.00416147	-0.0144401	0.000390809	0.0250814	0.0381912	0.0344348	0.0211901	0.0145891	0.0269034	0.0617345	0.106893	0.146166	0.179566	0.203741	0.206273	0.175659	0.126494	0.0931402	0.0763153	0.0609254	0.0351671	0.0165296	0.0224268	0.0660754	0.143689	0.245122	0.338606	0.401809	0.421237	0.404458	0.372848	0.352931	0.340363	0.319737	0.284429	0.237436	0.171162	0.105596	0.0554285	0.00722868	-0.0578697	-0.145052	-0.243453	-0.34182	-0.430025	-0.48983	-0.524004	-0.533369	-0.51391	-0.481946	-0.462175	-0.454262	-0.448864	-0.423901	-0.378404	-0.327057	-0.281637	-0.239671	-0.189694	-0.121282	-0.0408589	0.0287456	0.0864251	0.138566	0.173149	0.198278	0.220638	0.221252	0.198592	0.160343	0.114506	0.0646995	0.00531427	-0.0747853	-0.156644	-0.220271	-0.283719	-0.356404	-0.427083	-0.48781	-0.552204	-0.627861	-0.711349	-0.797513	-0.881687	-0.964698	-1.03046	-1.07213	-1.08573	-1.05467	-0.988958	-0.896113	-0.760639	-0.590087	-0.4081	-0.213546	0	
0	0.0190939	0.0133256	-0.0103055	-0.0206065	-0.00676235	0.0180288	0.0305045	0.0263439	0.0145891	0.00914301	0.0254023	0.0640054	0.115346	0.162017	0.200555	0.228888	0.234275	0.207349	0.164574	0.136078	0.126015	0.116806	0.0957687	0.0795441	0.087416	0.129841	0.207998	0.30297	0.386112	0.43153	0.427513	0.381452	0.323504	0.275255	0.242818	0.209726	0.168151	0.119387	0.0628666	0.0091013	-0.0238112	-0.0487474	-0.0897386	-0.152538	-0.224042	-0.293748	-0.350572	-0.377086	-0.377837	-0.3591	-0.322942	-0.284518	-0.263232	-0.266708	-0.283796	-0.28932	-0.27692	-0.263994	-0.262909	-0.263248	-0.254657	-0.223645	-0.176662	-0.128008	-0.0809137	-0.0352426	0.000127362	0.0257682	0.0482423	0.0474438	0.0206282	-0.0211096	-0.0695065	-0.114478	-0.16146	-0.218748	-0.269113	-0.300508	-0.329001	-0.36371	-0.399493	-0.433798	-0.476249	-0.533765	-0.605209	-0.687655	-0.773894	-0.856842	-0.929327	-0.983332	-1.0043	-0.981097	-0.919748	-0.826412	-0.695706	-0.533211	-0.36373	-0.190507	0	
0	0.0197513	0.0152984	-0.0048592	-0.0132361	0.0030273	0.0282235	0.0411303	0.0381974	0.0269034	0.0254023	0.043323	0.0873458	0.14386	0.198266	0.243709	0.276522	0.286708	0.266628	0.232355	0.211952	0.209512	0.205613	0.189381	0.173053	0.177495	0.215582	0.283854	0.365305	0.428428	0.44648	0.41086	0.333988	0.244622	0.175295	0.129767	0.0950604	0.0610082	0.0253461	-0.0160328	-0.0490196	-0.0611281	-0.0631926	-0.0753057	-0.104599	-0.143092	-0.180342	-0.203622	-0.20561	-0.188841	-0.158318	-0.116395	-0.0808165	-0.0716297	-0.0927939	-0.128824	-0.157841	-0.174679	-0.19273	-0.222862	-0.262939	-0.296275	-0.308321	-0.298216	-0.281395	-0.261704	-0.236717	-0.215782	-0.196623	-0.180904	-0.180966	-0.202498	-0.237189	-0.271588	-0.29794	-0.320544	-0.348257	-0.367001	-0.365928	-0.362325	-0.370206	-0.384626	-0.400342	-0.426795	-0.470623	-0.527758	-0.592448	-0.660886	-0.729964	-0.788364	-0.827151	-0.839514	-0.81453	-0.758166	-0.678306	-0.567233	-0.432688	-0.294643	-0.152659	0	
0	0.0216384	0.0215229	0.00688946	0.0042213	0.0243393	0.0520618	0.0683558	0.0677446	0.0617345	0.0640054	0.0873458	0.135962	0.197559	0.259496	0.30945	0.346287	0.359651	0.345807	0.321985	0.310295	0.316086	0.318843	0.305348	0.287341	0.283147	0.30699	0.356297	0.411658	0.444654	0.429334	0.361845	0.25721	0.149575	0.0700334	0.0248358	0.00107356	-0.0157649	-0.0343992	-0.0520728	-0.0611114	-0.0481217	-0.020345	0.00023546	0.00315822	-0.00443761	-0.0148555	-0.0170173	-0.00490268	0.0187683	0.0481908	0.0786873	0.099773	0.0956224	0.0604856	0.00702125	-0.0427274	-0.080587	-0.120648	-0.177578	-0.247101	-0.310998	-0.357889	-0.388147	-0.411281	-0.42899	-0.443001	-0.453142	-0.457994	-0.456197	-0.454723	-0.462862	-0.473486	-0.478653	-0.470977	-0.460281	-0.453681	-0.441213	-0.419143	-0.395909	-0.384949	-0.385137	-0.392277	-0.409024	-0.437715	-0.476419	-0.517655	-0.555139	-0.585332	-0.606863	-0.617528	-0.609882	-0.579481	-0.531678	-0.469411	-0.389435	-0.295319	-0.199689	-0.104227	0	
0	0.0248312	0.0310866	0.0241803	0.0295077	0.0536549	0.0856739	0.104305	0.108772	0.106893	0.115346	0.14386	0.197559	0.265255	0.333911	0.390584	0.431525	0.449005	0.442625	0.428835	0.424781	0.435667	0.437684	0.421801	0.392075	0.371148	0.371711	0.393788	0.418494	0.419624	0.373783	0.28129	0.160174	0.0465964	-0.0288484	-0.0607889	-0.0612884	-0.0523678	-0.0446294	-0.0371107	-0.0207113	0.0168962	0.070987	0.120272	0.15524	0.172768	0.179202	0.187291	0.196165	0.209799	0.226633	0.245022	0.252257	0.235653	0.186047	0.119462	0.0537406	-0.00321051	-0.0617206	-0.135357	-0.223359	-0.310337	-0.386187	-0.45084	-0.511555	-0.571354	-0.630647	-0.679253	-0.712228	-0.728445	-0.726475	-0.717571	-0.700938	-0.67046	-0.626582	-0.583753	-0.547426	-0.512705	-0.47596	-0.441754	-0.420682	-0.409902	-0.405755	-0.407627	-0.41824	-0.432661	-0.442208	-0.444768	-0.436012	-0.416864	-0.389251	-0.35271	-0.311859	-0.271822	-0.232237	-0.191298	-0.146267	-0.099352	-0.0529257	0	
0	0.0254615	0.035173	0.0360084	0.0462394	0.075361	0.108452	0.132018	0.140541	0.146166	0.162017	0.198266	0.259496	0.333911	0.411322	0.475138	0.521584	0.544071	0.545651	0.542898	0.546658	0.560183	0.559616	0.534648	0.489345	0.441934	0.412059	0.398547	0.387732	0.357516	0.287471	0.182091	0.0630053	-0.0385775	-0.0916729	-0.0970979	-0.0686052	-0.0301233	0.00143066	0.0313606	0.0708734	0.131225	0.207189	0.280158	0.334764	0.362312	0.369659	0.370795	0.366964	0.364626	0.3662	0.367124	0.360985	0.33092	0.27091	0.193946	0.115088	0.04458	-0.0251598	-0.106882	-0.207624	-0.308208	-0.404964	-0.497771	-0.589855	-0.682315	-0.775272	-0.852412	-0.9069	-0.938153	-0.938075	-0.919623	-0.885676	-0.832016	-0.762307	-0.696245	-0.636415	-0.583715	-0.5396	-0.49885	-0.471389	-0.453995	-0.439466	-0.425664	-0.412545	-0.396908	-0.371236	-0.333115	-0.283238	-0.225359	-0.165129	-0.108536	-0.061834	-0.0307025	-0.0124852	-0.00572934	-0.00568041	-0.00446834	-0.00381647	0	
0	0.0259348	0.0418057	0.0481869	0.0670401	0.0963269	0.132738	0.156545	0.169373	0.179566	0.200555	0.243709	0.30945	0.390584	0.475138	0.547592	0.601869	0.632391	0.645856	0.657195	0.671126	0.687392	0.680614	0.643947	0.575054	0.498205	0.430662	0.380038	0.336047	0.279368	0.196338	0.0922519	-0.0141015	-0.0890114	-0.111993	-0.0872617	-0.0239479	0.0440339	0.101483	0.155152	0.215727	0.29172	0.38161	0.462423	0.522497	0.545821	0.541952	0.527747	0.503071	0.481583	0.465776	0.45169	0.428273	0.386058	0.314788	0.227576	0.13912	0.0598896	-0.014699	-0.103553	-0.210256	-0.321911	-0.434493	-0.547468	-0.657217	-0.761441	-0.867326	-0.95002	-1.00821	-1.04372	-1.04484	-1.02603	-0.990107	-0.931997	-0.857181	-0.785348	-0.714466	-0.653175	-0.606407	-0.5662	-0.536959	-0.514429	-0.493947	-0.463525	-0.423825	-0.37507	-0.310575	-0.235381	-0.150189	-0.0628775	0.0170886	0.0880756	0.137318	0.159853	0.166645	0.14962	0.115519	0.0818914	0.0414222	0	
0	0.0266328	0.0454754	0.0608896	0.0827193	0.115778	0.149785	0.175815	0.189847	0.203741	0.228888	0.276522	0.346287	0.431525	0.521584	0.601869	0.663965	0.703556	0.729893	0.756548	0.781726	0.800808	0.787835	0.736849	0.646726	0.537527	0.435819	0.350599	0.277354	0.203887	0.116193	0.0206535	-0.0618634	-0.108126	-0.098778	-0.0409452	0.0516615	0.150292	0.234705	0.310112	0.389233	0.479696	0.571319	0.649477	0.702003	0.709094	0.684263	0.647648	0.602521	0.559663	0.525278	0.492717	0.456949	0.4001	0.318577	0.227864	0.136374	0.0523893	-0.0286569	-0.117814	-0.2297	-0.347244	-0.466641	-0.584555	-0.691811	-0.790347	-0.88598	-0.957217	-1.00552	-1.03744	-1.04113	-1.02766	-1.00283	-0.957248	-0.895706	-0.837734	-0.773646	-0.715787	-0.673825	-0.63629	-0.609151	-0.586281	-0.557646	-0.51625	-0.45858	-0.380247	-0.283188	-0.176137	-0.0655467	0.0415209	0.137872	0.215045	0.265779	0.289797	0.29435	0.268764	0.217006	0.157578	0.0831306	0	
0	0.023432	0.0450037	0.0624979	0.0891012	0.118398	0.151657	0.175037	0.190422	0.206273	0.234275	0.286708	0.359651	0.449005	0.544071	0.632391	0.703556	0.753137	0.792679	0.832933	0.868301	0.886153	0.862991	0.795403	0.679794	0.541947	0.407754	0.293758	0.202668	0.119656	0.037984	-0.0396647	-0.0982371	-0.113313	-0.0730486	0.00957902	0.131717	0.256722	0.365264	0.461169	0.556224	0.650598	0.738945	0.805326	0.8428	0.829857	0.783647	0.725168	0.655676	0.591752	0.53847	0.489967	0.437238	0.373569	0.295105	0.208159	0.119101	0.0346868	-0.0451258	-0.137812	-0.248274	-0.360105	-0.470006	-0.575831	-0.666927	-0.741376	-0.816289	-0.868821	-0.904717	-0.932972	-0.939643	-0.937063	-0.929613	-0.907088	-0.876012	-0.849244	-0.809586	-0.772834	-0.747437	-0.720206	-0.693284	-0.66432	-0.631189	-0.578384	-0.504292	-0.411196	-0.295061	-0.16783	-0.0402313	0.0798341	0.183045	0.267884	0.325345	0.353604	0.3678	0.346174	0.286162	0.212997	0.115226	0	
0	0.0154324	0.031754	0.0489771	0.0712728	0.0962849	0.122232	0.143204	0.157407	0.175659	0.207349	0.266628	0.345807	0.442625	0.545651	0.645856	0.729893	0.792679	0.845505	0.897887	0.93816	0.948964	0.908538	0.815496	0.67236	0.502319	0.338333	0.202482	0.0977957	0.0163561	-0.0525581	-0.109297	-0.138649	-0.123135	-0.0549727	0.0568365	0.203181	0.353793	0.484367	0.593061	0.690916	0.781232	0.852807	0.899764	0.920525	0.89147	0.828746	0.750055	0.661828	0.575354	0.500597	0.43592	0.380395	0.317931	0.244517	0.168913	0.0910415	0.0126853	-0.0658357	-0.148169	-0.243086	-0.336418	-0.423334	-0.503061	-0.563812	-0.611569	-0.66249	-0.697053	-0.722726	-0.748595	-0.764191	-0.776868	-0.792075	-0.800116	-0.807462	-0.824539	-0.82643	-0.823493	-0.824447	-0.814615	-0.794221	-0.760521	-0.711733	-0.64659	-0.562562	-0.454133	-0.328813	-0.198103	-0.0669897	0.0585329	0.170615	0.261332	0.323555	0.359465	0.379279	0.361394	0.303987	0.228742	0.124327	0	
0	0.00412957	0.0125734	0.0244128	0.0405164	0.0570635	0.075616	0.091997	0.106243	0.126494	0.164574	0.232355	0.321985	0.428835	0.542898	0.657195	0.756548	0.832933	0.897887	0.956513	0.996677	0.99343	0.929055	0.807549	0.633098	0.433092	0.241788	0.0845132	-0.0294558	-0.110734	-0.167483	-0.201661	-0.202517	-0.152827	-0.0481458	0.0956845	0.272025	0.44699	0.59165	0.701406	0.789765	0.861003	0.90798	0.932152	0.934028	0.889522	0.810776	0.716723	0.611362	0.510588	0.427349	0.360454	0.301312	0.240697	0.179119	0.115647	0.0481936	-0.0196951	-0.0824191	-0.145145	-0.212352	-0.271628	-0.323549	-0.372427	-0.407023	-0.429566	-0.458032	-0.478629	-0.497541	-0.524798	-0.551802	-0.583289	-0.624311	-0.664141	-0.712437	-0.772779	-0.815733	-0.853022	-0.887874	-0.902833	-0.893363	-0.857196	-0.79948	-0.719183	-0.619685	-0.504724	-0.37552	-0.242603	-0.116674	0.00317019	0.113695	0.206163	0.27165	0.309868	0.331878	0.315708	0.260384	0.193595	0.105572	0	
0	-0.00360069	-0.00020637	0.00778948	0.0194255	0.029422	0.0421222	0.0558777	0.0699902	0.0931402	0.136078	0.211952	0.310295	0.424781	0.546658	0.671126	0.781726	0.868301	0.93816	0.996677	1.02883	1.00522	0.9143	0.760505	0.55744	0.330032	0.114405	-0.0598564	-0.183513	-0.264497	-0.309641	-0.324002	-0.295676	-0.210581	-0.0691695	0.109997	0.314498	0.510093	0.664725	0.76975	0.841864	0.888339	0.905848	0.901017	0.878535	0.816905	0.726376	0.620745	0.51062	0.40961	0.328212	0.266213	0.217915	0.168094	0.113777	0.0578673	0.00284223	-0.0502754	-0.0945249	-0.127943	-0.157549	-0.18087	-0.201211	-0.22205	-0.234427	-0.240271	-0.255606	-0.268954	-0.285184	-0.315235	-0.353299	-0.402695	-0.463499	-0.528103	-0.607909	-0.702039	-0.782176	-0.851328	-0.913365	-0.953968	-0.961252	-0.928831	-0.861718	-0.770519	-0.660949	-0.536236	-0.409932	-0.291245	-0.180475	-0.074322	0.0251209	0.110459	0.172938	0.210508	0.232644	0.222997	0.181128	0.133074	0.0730211	0	
0	-0.00788026	-0.00872413	-0.00204003	0.00466278	0.0114005	0.019915	0.0333298	0.0497687	0.0763153	0.126015	0.209512	0.316086	0.435667	0.560183	0.687392	0.800808	0.886153	0.948964	0.99343	1.00522	0.955444	0.833918	0.652199	0.426429	0.180985	-0.0502032	-0.23598	-0.368509	-0.4492	-0.487295	-0.482886	-0.426902	-0.305932	-0.128349	0.0847782	0.30985	0.516909	0.670322	0.763393	0.813249	0.836511	0.827385	0.797506	0.753292	0.677377	0.573857	0.462039	0.354783	0.262439	0.196604	0.154351	0.119042	0.077653	0.034231	-0.00644605	-0.0441262	-0.0767193	-0.0992214	-0.107641	-0.106842	-0.0982365	-0.0877676	-0.0861215	-0.0831888	-0.0800532	-0.0876049	-0.101056	-0.122787	-0.15891	-0.208753	-0.270581	-0.343739	-0.424129	-0.523634	-0.638063	-0.738345	-0.824965	-0.899573	-0.94809	-0.958514	-0.924966	-0.855248	-0.764256	-0.658627	-0.542556	-0.428694	-0.3271	-0.24134	-0.162046	-0.0820671	-0.0107975	0.0432071	0.0816205	0.106361	0.104075	0.0807841	0.057558	0.0309599	0	
0	-0.0117148	-0.0161015	-0.013452	-0.0110133	-0.00829039	-0.00231134	0.0116697	0.0306587	0.0609254	0.116806	0.205613	0.318843	0.437684	0.559616	0.680614	0.787835	0.862991	0.908538	0.929055	0.9143	0.833918	0.684199	0.476549	0.232614	-0.0274078	-0.270777	-0.469141	-0.607917	-0.689186	-0.715618	-0.688305	-0.600187	-0.445252	-0.234683	-0.00192773	0.22961	0.432369	0.573943	0.649668	0.681434	0.68285	0.651411	0.601219	0.53764	0.453339	0.351027	0.248132	0.153577	0.078103	0.0270215	-0.00382903	-0.0272778	-0.0519753	-0.0734997	-0.0910005	-0.101928	-0.11107	-0.113393	-0.101169	-0.0788033	-0.0491971	-0.0222281	-0.00310248	0.0107289	0.0199418	0.0160725	-0.00133261	-0.027582	-0.0707154	-0.128678	-0.20047	-0.280478	-0.36647	-0.473985	-0.593788	-0.699335	-0.781927	-0.843804	-0.880996	-0.882912	-0.842561	-0.771149	-0.689031	-0.600179	-0.506849	-0.418354	-0.340051	-0.275842	-0.219825	-0.167215	-0.123512	-0.09067	-0.0655095	-0.0423737	-0.0265917	-0.0218849	-0.0148419	-0.00451674	0	
0	-0.0157845	-0.0257083	-0.0295096	-0.0338409	-0.0363867	-0.0328938	-0.0193967	0.00204296	0.0351671	0.0957687	0.189381	0.305348	0.421801	0.534648	0.643947	0.736849	0.795403	0.815496	0.807549	0.760505	0.652199	0.476549	0.248469	-0.0104891	-0.282056	-0.540102	-0.750197	-0.901447	-0.983045	-0.999227	-0.948849	-0.830386	-0.642564	-0.409125	-0.161669	0.0676149	0.258267	0.383399	0.441116	0.449825	0.428818	0.378731	0.311546	0.241176	0.165564	0.0799124	-0.00449479	-0.0787467	-0.139291	-0.180429	-0.200717	-0.213572	-0.222952	-0.226731	-0.21726	-0.197859	-0.17751	-0.15978	-0.13542	-0.100439	-0.0597438	-0.0216598	0.00381066	0.0211108	0.0335967	0.0353629	0.0230841	-0.00233914	-0.0462736	-0.109871	-0.190917	-0.276203	-0.366054	-0.470173	-0.57716	-0.665813	-0.722694	-0.754671	-0.764137	-0.744631	-0.694829	-0.627355	-0.562341	-0.498727	-0.429428	-0.363522	-0.307911	-0.262991	-0.229308	-0.203378	-0.188831	-0.186633	-0.18318	-0.171665	-0.152283	-0.123935	-0.0870629	-0.0441926	0	
0	-0.0174973	-0.0323578	-0.042063	-0.0538736	-0.059085	-0.0578629	-0.0421716	-0.0193891	0.0165296	0.0795441	0.173053	0.287341	0.392075	0.489345	0.575054	0.646726	0.679794	0.67236	0.633098	0.55744	0.426429	0.232614	-0.0104891	-0.281975	-0.569291	-0.843428	-1.07486	-1.24083	-1.32727	-1.33614	-1.26496	-1.12027	-0.91044	-0.659407	-0.406898	-0.18408	-0.00395868	0.106672	0.150638	0.143479	0.105589	0.0399829	-0.0334761	-0.103051	-0.162147	-0.223961	-0.279311	-0.331072	-0.375339	-0.403594	-0.415217	-0.41954	-0.417631	-0.401469	-0.369464	-0.326917	-0.287863	-0.255327	-0.217721	-0.174151	-0.127628	-0.0908309	-0.0670635	-0.0527073	-0.0415921	-0.0347092	-0.0405297	-0.0584391	-0.0983888	-0.16319	-0.248622	-0.335315	-0.418418	-0.503442	-0.581631	-0.633427	-0.64667	-0.636145	-0.612296	-0.576672	-0.521302	-0.45607	-0.402763	-0.356463	-0.309771	-0.262956	-0.220437	-0.191713	-0.179174	-0.179175	-0.195969	-0.223366	-0.243676	-0.248369	-0.228664	-0.187737	-0.134188	-0.0686131	0	
0	-0.0153255	-0.0309674	-0.0460376	-0.0605872	-0.06752	-0.0620295	-0.0436579	-0.0153088	0.0224268	0.087416	0.177495	0.283147	0.371148	0.441934	0.498205	0.537527	0.541947	0.502319	0.433092	0.330032	0.180985	-0.0274078	-0.282056	-0.569291	-0.872025	-1.16801	-1.41964	-1.60186	-1.69513	-1.69881	-1.61568	-1.4567	-1.23512	-0.978539	-0.72525	-0.504186	-0.331772	-0.225797	-0.187233	-0.201231	-0.248844	-0.315381	-0.386477	-0.44395	-0.482708	-0.51879	-0.551565	-0.586965	-0.615167	-0.629976	-0.627643	-0.618301	-0.598614	-0.572835	-0.531402	-0.477929	-0.425735	-0.38436	-0.345727	-0.301675	-0.254251	-0.217259	-0.195799	-0.18628	-0.179187	-0.175189	-0.180719	-0.197302	-0.236628	-0.296649	-0.375953	-0.450525	-0.511721	-0.563952	-0.599591	-0.606954	-0.574101	-0.518642	-0.460398	-0.401482	-0.335775	-0.272133	-0.221533	-0.18016	-0.141399	-0.108473	-0.0885696	-0.0806309	-0.0907994	-0.115169	-0.147603	-0.187743	-0.22107	-0.236649	-0.226755	-0.192289	-0.141383	-0.0748405	0	
0	-0.00804919	-0.0207276	-0.0367815	-0.0513498	-0.0533485	-0.0408697	-0.0123916	0.0214354	0.0660754	0.129841	0.215582	0.30699	0.371711	0.412059	0.430662	0.435819	0.407754	0.338333	0.241788	0.114405	-0.0502032	-0.270777	-0.540102	-0.843428	-1.16801	-1.48442	-1.75652	-1.954	-2.05337	-2.0579	-1.96999	-1.80542	-1.58087	-1.32185	-1.0664	-0.845976	-0.67446	-0.572286	-0.532478	-0.544493	-0.586628	-0.640701	-0.695075	-0.735562	-0.757057	-0.776968	-0.796218	-0.817498	-0.833816	-0.833057	-0.816258	-0.791754	-0.764406	-0.730571	-0.679556	-0.619678	-0.567497	-0.531469	-0.501168	-0.465933	-0.421369	-0.383794	-0.360745	-0.351905	-0.350173	-0.358079	-0.373822	-0.400497	-0.443399	-0.495827	-0.556874	-0.602132	-0.627969	-0.635366	-0.628024	-0.592777	-0.516714	-0.42371	-0.328723	-0.24282	-0.159181	-0.0812001	-0.0235519	0.017299	0.0485199	0.0698042	0.0730169	0.0573083	0.0243806	-0.0158619	-0.0560568	-0.0947406	-0.125645	-0.147388	-0.152389	-0.137552	-0.108093	-0.0611965	0	
0	0.00410353	-0.00156469	-0.0142095	-0.0242922	-0.017134	0.00899306	0.0492263	0.0945514	0.143689	0.207998	0.283854	0.356297	0.393788	0.398547	0.380038	0.350599	0.293758	0.202482	0.0845132	-0.0598564	-0.23598	-0.469141	-0.750197	-1.07486	-1.41964	-1.75652	-2.04764	-2.25802	-2.36748	-2.37706	-2.29112	-2.12614	-1.89938	-1.63624	-1.37664	-1.15105	-0.980854	-0.877358	-0.83203	-0.832768	-0.858773	-0.894328	-0.93171	-0.957825	-0.970413	-0.980866	-0.984927	-0.997032	-1.00174	-0.989767	-0.964983	-0.936244	-0.900243	-0.860131	-0.806357	-0.747247	-0.69832	-0.670656	-0.655029	-0.633552	-0.595792	-0.559746	-0.537927	-0.531065	-0.538636	-0.561453	-0.591512	-0.62762	-0.673246	-0.715502	-0.751744	-0.766438	-0.748401	-0.706932	-0.655318	-0.578303	-0.469038	-0.343684	-0.219829	-0.10848	-0.00253256	0.0883344	0.158966	0.206521	0.231827	0.240822	0.22843	0.199319	0.154507	0.106276	0.0674014	0.0312937	0.000470083	-0.0225738	-0.0405825	-0.049122	-0.0454679	-0.0292809	0	
0	0.0201197	0.0269328	0.0202107	0.0200539	0.0390714	0.0816017	0.136488	0.190784	0.245122	0.30297	0.365305	0.411658	0.418494	0.387732	0.336047	0.277354	0.202668	0.0977957	-0.0294558	-0.183513	-0.368509	-0.607917	-0.901447	-1.24083	-1.60186	-1.954	-2.25802	-2.48141	-2.60434	-2.6244	-2.54716	-2.38398	-2.15419	-1.88386	-1.61641	-1.38267	-1.20805	-1.09972	-1.04324	-1.02496	-1.03567	-1.05547	-1.08367	-1.10578	-1.11861	-1.11926	-1.1145	-1.1137	-1.1071	-1.08789	-1.06096	-1.0269	-0.991399	-0.955598	-0.90513	-0.850607	-0.807749	-0.785728	-0.778627	-0.769068	-0.740127	-0.711414	-0.699398	-0.70637	-0.726723	-0.763048	-0.796762	-0.831678	-0.873207	-0.90075	-0.916381	-0.90328	-0.849416	-0.76296	-0.66466	-0.547474	-0.407811	-0.263719	-0.123573	0.00258086	0.117135	0.218472	0.299771	0.350901	0.373557	0.373775	0.349672	0.312516	0.266861	0.219493	0.183218	0.152461	0.120779	0.0943325	0.0699902	0.0448911	0.0256174	0.0107599	0	
0	0.0361523	0.0537527	0.0558794	0.0636525	0.0968148	0.154077	0.222662	0.284134	0.338606	0.386112	0.428428	0.444654	0.419624	0.357516	0.279368	0.203887	0.119656	0.0163561	-0.110734	-0.264497	-0.4492	-0.689186	-0.983045	-1.32727	-1.69513	-2.05337	-2.36748	-2.60434	-2.74245	-2.77784	-2.70896	-2.54689	-2.31111	-2.03361	-1.75753	-1.51602	-1.33415	-1.21614	-1.1429	-1.10869	-1.10427	-1.12133	-1.15397	-1.18174	-1.20015	-1.20185	-1.18694	-1.17486	-1.16104	-1.1342	-1.10145	-1.0677	-1.03842	-1.00934	-0.968164	-0.921868	-0.881943	-0.859561	-0.853515	-0.847398	-0.826782	-0.811367	-0.818897	-0.840596	-0.873734	-0.918987	-0.95191	-0.979249	-1.00725	-1.01968	-1.01347	-0.978337	-0.894031	-0.77066	-0.638387	-0.486116	-0.324617	-0.172207	-0.0315395	0.0907142	0.201426	0.298056	0.378147	0.42835	0.444391	0.436991	0.408336	0.368562	0.324931	0.28503	0.254219	0.222868	0.193083	0.17294	0.148135	0.118976	0.0899243	0.0472813	0	
0	0.0499044	0.0783787	0.0873745	0.103869	0.146932	0.21654	0.292488	0.355469	0.401809	0.43153	0.44648	0.429334	0.373783	0.287471	0.196338	0.116193	0.037984	-0.0525581	-0.167483	-0.309641	-0.487295	-0.715618	-0.999227	-1.33614	-1.69881	-2.0579	-2.37706	-2.6244	-2.77784	-2.82409	-2.76203	-2.59965	-2.35847	-2.07525	-1.79308	-1.54147	-1.34743	-1.21573	-1.12995	-1.08409	-1.07853	-1.10556	-1.14886	-1.18888	-1.21964	-1.22287	-1.20488	-1.18849	-1.16524	-1.13129	-1.09677	-1.06304	-1.03785	-1.01733	-0.985587	-0.943753	-0.902313	-0.872964	-0.8631	-0.865394	-0.859376	-0.856042	-0.872842	-0.903751	-0.945731	-0.996188	-1.02889	-1.04797	-1.06282	-1.05312	-1.01897	-0.958292	-0.847664	-0.702887	-0.552662	-0.390606	-0.229797	-0.0815107	0.0518381	0.162843	0.253329	0.328184	0.390903	0.426376	0.430878	0.414164	0.381763	0.34406	0.30614	0.272061	0.247782	0.22512	0.201571	0.190843	0.176743	0.148076	0.116043	0.0672055	0	
0	0.0596353	0.0950565	0.110277	0.131094	0.181334	0.255844	0.333518	0.390342	0.421237	0.427513	0.41086	0.361845	0.28129	0.182091	0.0922519	0.0206535	-0.0396647	-0.109297	-0.201661	-0.324002	-0.482886	-0.688305	-0.948849	-1.26496	-1.61568	-1.96999	-2.29112	-2.54716	-2.70896	-2.76203	-2.70254	-2.53756	-2.29229	-2.00364	-1.71281	-1.44873	-1.23935	-1.09616	-1.00642	-0.963049	-0.96721	-1.0102	-1.07131	-1.12681	-1.17133	-1.18528	-1.17272	-1.15103	-1.12364	-1.0881	-1.05123	-1.01985	-1.0031	-0.987711	-0.955155	-0.907121	-0.856979	-0.824195	-0.818899	-0.830143	-0.832509	-0.834826	-0.855437	-0.887275	-0.928874	-0.981177	-1.01595	-1.02981	-1.02983	-0.99585	-0.931756	-0.841543	-0.711066	-0.561502	-0.414901	-0.264323	-0.122044	0.00300095	0.116453	0.211808	0.278828	0.320441	0.343167	0.343976	0.327665	0.302704	0.271933	0.238037	0.206414	0.181124	0.163542	0.150414	0.143242	0.148508	0.143647	0.120663	0.0960211	0.0570449	0	
0	0.0663619	0.108108	0.128086	0.15279	0.205067	0.278914	0.351281	0.394106	0.404458	0.381452	0.333988	0.25721	0.160174	0.0630053	-0.0141015	-0.0618634	-0.0982371	-0.138649	-0.202517	-0.295676	-0.426902	-0.600187	-0.830386	-1.12027	-1.4567	-1.80542	-2.12614	-2.38398	-2.54689	-2.59965	-2.53756	-2.37112	-2.11876	-1.82211	-1.51746	-1.23731	-1.01244	-0.866108	-0.782229	-0.753506	-0.771506	-0.834619	-0.913271	-0.989241	-1.05299	-1.08455	-1.07931	-1.05908	-1.03238	-0.999438	-0.969687	-0.94669	-0.932075	-0.910038	-0.871985	-0.818652	-0.767319	-0.734454	-0.728637	-0.742753	-0.754103	-0.760138	-0.777394	-0.804975	-0.845659	-0.896365	-0.926675	-0.929328	-0.908358	-0.851738	-0.764365	-0.654541	-0.516354	-0.372531	-0.244097	-0.12124	-0.0113542	0.0809887	0.163927	0.227289	0.260726	0.266025	0.247077	0.209913	0.164443	0.123405	0.0933861	0.0681965	0.0459371	0.0311242	0.0236845	0.0213093	0.0300625	0.0511806	0.0575457	0.0451673	0.0370753	0.0251303	0	
0	0.0749952	0.124607	0.154218	0.182638	0.236128	0.304786	0.3647	0.391077	0.372848	0.323504	0.244622	0.149575	0.0465964	-0.0385775	-0.0890114	-0.108126	-0.113313	-0.123135	-0.152827	-0.210581	-0.305932	-0.445252	-0.642564	-0.91044	-1.23512	-1.58087	-1.89938	-2.15419	-2.31111	-2.35847	-2.29229	-2.11876	-1.85679	-1.54297	-1.21786	-0.920464	-0.684906	-0.538272	-0.469696	-0.45629	-0.489876	-0.572322	-0.671683	-0.770529	-0.854633	-0.905103	-0.912946	-0.903151	-0.88616	-0.868612	-0.847273	-0.828127	-0.810781	-0.788209	-0.750755	-0.699562	-0.64964	-0.618136	-0.612039	-0.628265	-0.641987	-0.649511	-0.66729	-0.696267	-0.734237	-0.771668	-0.789158	-0.771198	-0.727138	-0.649046	-0.546563	-0.431304	-0.300245	-0.17796	-0.0706904	0.0229476	0.0940846	0.144551	0.183161	0.205083	0.197957	0.16327	0.107076	0.0413629	-0.0214079	-0.0743662	-0.110744	-0.133881	-0.145105	-0.142282	-0.134543	-0.125207	-0.106353	-0.0786456	-0.0607906	-0.0565013	-0.0405187	-0.0141326	0	
0	0.0871233	0.151814	0.19375	0.231891	0.284949	0.345664	0.391648	0.395327	0.352931	0.275255	0.175295	0.0700334	-0.0288484	-0.0916729	-0.111993	-0.098778	-0.0730486	-0.0549727	-0.0481458	-0.0691695	-0.128349	-0.234683	-0.409125	-0.659407	-0.978539	-1.32185	-1.63624	-1.88386	-2.03361	-2.07525	-2.00364	-1.82211	-1.54297	-1.20395	-0.855215	-0.539298	-0.293693	-0.150361	-0.0914639	-0.0905783	-0.139348	-0.235086	-0.354182	-0.475186	-0.578437	-0.649881	-0.681796	-0.689081	-0.690213	-0.685636	-0.672639	-0.659188	-0.647	-0.630206	-0.603556	-0.56374	-0.522425	-0.49473	-0.487382	-0.501412	-0.520839	-0.540033	-0.562795	-0.590918	-0.617502	-0.63944	-0.636286	-0.595109	-0.526433	-0.431507	-0.327078	-0.212933	-0.101121	-0.00707152	0.0703862	0.132341	0.175246	0.18602	0.176946	0.148427	0.096803	0.0285551	-0.054401	-0.134076	-0.203038	-0.260808	-0.300039	-0.320935	-0.321324	-0.300802	-0.274524	-0.252614	-0.228781	-0.201159	-0.177153	-0.152977	-0.109779	-0.051255	0	
0	0.102326	0.183814	0.24345	0.291373	0.344428	0.394943	0.423412	0.406706	0.340363	0.242818	0.129767	0.0248358	-0.0607889	-0.0970979	-0.0872617	-0.0409452	0.00957902	0.0568365	0.0956845	0.109997	0.0847782	-0.00192773	-0.161669	-0.406898	-0.72525	-1.0664	-1.37664	-1.61641	-1.75753	-1.79308	-1.71281	-1.51746	-1.21786	-0.855215	-0.485108	-0.156599	0.096017	0.245366	0.304399	0.299713	0.247731	0.142713	0.00840616	-0.129459	-0.251111	-0.352407	-0.410565	-0.44325	-0.46159	-0.467136	-0.459425	-0.45528	-0.455035	-0.458343	-0.45313	-0.429556	-0.399245	-0.376806	-0.371324	-0.390334	-0.423086	-0.454219	-0.4809	-0.504758	-0.521207	-0.522752	-0.49717	-0.435455	-0.347355	-0.244484	-0.141528	-0.0407964	0.0477306	0.115309	0.16328	0.196139	0.207301	0.186554	0.138776	0.0644215	-0.0228008	-0.116991	-0.213627	-0.29292	-0.3519	-0.398488	-0.433403	-0.450674	-0.444877	-0.411854	-0.371463	-0.342652	-0.313292	-0.28187	-0.250623	-0.207447	-0.144613	-0.0702511	0	
0	0.116647	0.215764	0.290969	0.348646	0.397141	0.434119	0.4422	0.404978	0.319737	0.209726	0.0950604	0.00107356	-0.0612884	-0.0686052	-0.0239479	0.0516615	0.131717	0.203181	0.272025	0.314498	0.30985	0.22961	0.0676149	-0.18408	-0.504186	-0.845976	-1.15105	-1.38267	-1.51602	-1.54147	-1.44873	-1.23731	-0.920464	-0.539298	-0.156599	0.181836	0.445007	0.60597	0.67189	0.673284	0.620655	0.519901	0.383892	0.236091	0.0924973	-0.0355443	-0.127446	-0.185167	-0.215484	-0.227793	-0.232861	-0.246867	-0.268029	-0.296642	-0.313418	-0.312684	-0.300819	-0.29426	-0.303365	-0.335554	-0.376829	-0.415681	-0.444823	-0.46242	-0.460588	-0.438396	-0.389694	-0.309443	-0.210859	-0.105494	-0.0119686	0.0733307	0.137828	0.176609	0.197048	0.201965	0.185764	0.133571	0.0535408	-0.0437021	-0.143735	-0.241559	-0.332723	-0.401981	-0.446777	-0.476115	-0.494665	-0.497913	-0.484984	-0.453493	-0.41249	-0.375368	-0.339867	-0.30208	-0.259171	-0.210171	-0.148096	-0.0728342	0	
0	0.127817	0.240477	0.328363	0.390893	0.432453	0.451248	0.439265	0.381733	0.284429	0.168151	0.0610082	-0.0157649	-0.0523678	-0.0301233	0.0440339	0.150292	0.256722	0.353793	0.44699	0.510093	0.516909	0.432369	0.258267	-0.00395868	-0.331772	-0.67446	-0.980854	-1.20805	-1.33415	-1.34743	-1.23935	-1.01244	-0.684906	-0.293693	0.096017	0.445007	0.719598	0.895404	0.975617	0.984597	0.941103	0.854529	0.721327	0.567957	0.409548	0.258098	0.144239	0.0720243	0.027998	0.00116002	-0.0241015	-0.0595608	-0.105532	-0.15766	-0.198677	-0.222919	-0.239429	-0.261489	-0.294705	-0.341789	-0.393787	-0.442887	-0.470623	-0.472386	-0.447698	-0.404959	-0.335751	-0.242556	-0.138738	-0.0367207	0.0471585	0.118218	0.166742	0.188638	0.180931	0.15821	0.119229	0.0473023	-0.0503904	-0.157578	-0.248297	-0.328641	-0.402283	-0.455022	-0.481233	-0.485968	-0.480556	-0.462387	-0.435771	-0.406132	-0.375025	-0.346225	-0.310831	-0.266455	-0.22148	-0.17303	-0.120455	-0.0653976	0	
0	0.135507	0.258687	0.353419	0.419016	0.448893	0.450494	0.416869	0.342667	0.237436	0.119387	0.0253461	-0.0343992	-0.0446294	0.00143066	0.101483	0.234705	0.365264	0.484367	0.59165	0.664725	0.670322	0.573943	0.383399	0.106672	-0.225797	-0.572286	-0.877358	-1.09972	-1.21614	-1.21573	-1.09616	-0.866108	-0.538272	-0.150361	0.245366	0.60597	0.895404	1.08974	1.18846	1.21166	1.18424	1.11065	0.983229	0.828084	0.657827	0.499864	0.380834	0.298875	0.245139	0.205928	0.15876	0.100016	0.0318548	-0.043881	-0.110152	-0.167123	-0.218872	-0.271354	-0.332951	-0.404139	-0.47375	-0.52768	-0.553533	-0.54214	-0.49755	-0.433512	-0.344721	-0.24495	-0.142688	-0.0451462	0.034759	0.095091	0.133788	0.145974	0.121347	0.0807224	0.0254025	-0.0525171	-0.14684	-0.24115	-0.312701	-0.36818	-0.411071	-0.441377	-0.448353	-0.428785	-0.397557	-0.357269	-0.322033	-0.298198	-0.27677	-0.258052	-0.233148	-0.192602	-0.149757	-0.110363	-0.0745981	-0.0431011	0	
0	0.135039	0.256157	0.3527	0.410153	0.43052	0.412821	0.363124	0.279005	0.171162	0.0628666	-0.0160328	-0.0520728	-0.0371107	0.0313606	0.155152	0.310112	0.461169	0.593061	0.701406	0.76975	0.763393	0.649668	0.441116	0.150638	-0.187233	-0.532478	-0.83203	-1.04324	-1.1429	-1.12995	-1.00642	-0.782229	-0.469696	-0.0914639	0.304399	0.67189	0.975617	1.18846	1.30992	1.35505	1.34424	1.27881	1.15684	1.00101	0.831617	0.678401	0.558462	0.468715	0.405247	0.354042	0.29637	0.229709	0.143033	0.0421651	-0.0555489	-0.14861	-0.234373	-0.320458	-0.411461	-0.504124	-0.58045	-0.640403	-0.671277	-0.652473	-0.593623	-0.513927	-0.414709	-0.307702	-0.209606	-0.120862	-0.0494741	-0.00064734	0.0367464	0.0472141	0.0178635	-0.023589	-0.0746332	-0.141424	-0.217745	-0.283805	-0.323853	-0.347498	-0.358664	-0.358619	-0.339234	-0.300165	-0.256871	-0.216229	-0.183706	-0.164339	-0.15047	-0.136557	-0.123462	-0.0978362	-0.0640943	-0.0352701	-0.0154751	-0.00905511	0	
0	0.126204	0.2408	0.327114	0.37801	0.385347	0.356204	0.295867	0.207268	0.105596	0.0091013	-0.0490196	-0.0611114	-0.0207113	0.0708734	0.215727	0.389233	0.556224	0.690916	0.789765	0.841864	0.813249	0.681434	0.449825	0.143479	-0.201231	-0.544493	-0.832768	-1.02496	-1.10869	-1.08409	-0.963049	-0.753506	-0.45629	-0.0905783	0.299713	0.673284	0.984597	1.21166	1.35505	1.41847	1.41855	1.36243	1.25178	1.10991	0.950978	0.803291	0.677397	0.576169	0.504592	0.453505	0.398375	0.328175	0.228431	0.109507	-0.0158625	-0.142127	-0.267224	-0.389046	-0.507276	-0.61394	-0.697636	-0.761429	-0.793977	-0.77698	-0.715621	-0.633966	-0.528064	-0.418677	-0.327592	-0.246939	-0.186513	-0.145535	-0.106825	-0.0880436	-0.107838	-0.140391	-0.174696	-0.215974	-0.259868	-0.28952	-0.292965	-0.276182	-0.248008	-0.217673	-0.17776	-0.126231	-0.0826233	-0.0547558	-0.0388732	-0.0317649	-0.0192996	-0.00582276	-0.00362741	0.00513962	0.0172238	0.0269574	0.0323791	0.0175481	0	
0	0.112701	0.211874	0.286883	0.326369	0.328591	0.294381	0.232359	0.147679	0.0554285	-0.0238112	-0.0611281	-0.0481217	0.0168962	0.131225	0.29172	0.479696	0.650598	0.781232	0.861003	0.888339	0.836511	0.68285	0.428818	0.105589	-0.248844	-0.586628	-0.858773	-1.03567	-1.10427	-1.07853	-0.96721	-0.771506	-0.489876	-0.139348	0.247731	0.620655	0.941103	1.18424	1.34424	1.41855	1.42877	1.37616	1.28318	1.16128	1.01842	0.875746	0.749768	0.643673	0.569194	0.515557	0.463434	0.395585	0.292913	0.164906	0.0215377	-0.131741	-0.288997	-0.4402	-0.580913	-0.704565	-0.796855	-0.859982	-0.896599	-0.885031	-0.828733	-0.750319	-0.654916	-0.560814	-0.482947	-0.410939	-0.35023	-0.307023	-0.262576	-0.235682	-0.243568	-0.258231	-0.268109	-0.273382	-0.27135	-0.259155	-0.229066	-0.175586	-0.111946	-0.0546707	-0.00138002	0.047921	0.0837627	0.098519	0.10148	0.104375	0.109894	0.113223	0.105751	0.0955565	0.0834165	0.0699363	0.0566652	0.0308794	0	
