0	0	0	0	0	0	0	0	0	0	0	0	0	0	0	0	0	0	0	0	0	0	0	0	0	0	0	0	0	0	0	0	0	0	0	0	0	0	0	0	0	0	0	0	0	0	0	0	0	0	0	0	0	0	0	0	0	0	0	0	0	0	0	0	0	0	0	0	0	0	0	0	0	0	0	0	0	0	0	0	0	0	0	0	0	0	0	0	0	0	0	0	0	0	0	0	0	0	0	0	
0	0.00988419	0.00079836	0.00386365	0.000724815	-0.00827737	0.000669915	0.00203227	-0.0091401	0.000199962	0.00108205	0.000557036	-0.0011329	-0.00187156	0.00707039	0.000987134	-0.0051735	0.00270203	0.00194532	-0.000337631	-0.00516385	-0.00824919	0.00598922	-0.00150484	-0.00668152	-0.0131386	-0.00393187	0.00056632	0.00150332	-0.00504797	-0.0218575	-0.0186419	-0.0101493	0.00933421	0.00477254	0.00254352	-0.0222293	-0.0481297	-0.0751984	-0.0819146	-0.0665622	-0.0449588	-0.00897941	0.0361539	0.0838165	0.130492	0.146425	0.157806	0.151769	0.136121	0.113811	0.0648968	0.010696	-0.039342	-0.0814716	-0.0981722	-0.0898363	-0.0821784	-0.0598163	-0.0369755	-0.0307271	-0.0176746	-0.00919721	-0.00258967	0.00375199	-0.00065263	-0.00170992	0.00134404	0.00357553	0.00107817	-0.00260808	0.00400123	0.0052171	-0.00309937	-0.00164713	0.00265835	-0.0020978	-0.0115454	-0.0210267	-0.0279189	-0.041971	-0.0707294	-0.0936014	-0.0944203	-0.0822819	-0.0595315	-0.0196687	0.0321187	0.0874455	0.1376	0.165565	0.164351	0.148859	0.130565	0.104792	0.0732023	0.0505353	0.0400672	0.0261876	0	
0	0.00079836	-0.0133586	-0.00431712	0.00646183	0.000176674	-0.00102323	0.00766851	-0.000895589	-0.00344502	-0.000556996	0.00177927	-0.00723383	-0.00790941	0.00415521	-0.00737805	-0.00984764	-0.00344474	0.00254248	-0.00216402	-0.0105315	-0.00962737	0.0097097	0.00270673	-0.0101971	-0.0176021	-0.00175787	0.00493725	0.00930993	-0.00843728	-0.0318758	-0.0328015	-0.00869766	0.017996	0.0170797	0.00374671	-0.040004	-0.0936237	-0.145781	-0.156451	-0.132434	-0.085826	-0.0187539	0.0687407	0.165407	0.247431	0.28847	0.305204	0.29755	0.271906	0.224746	0.13331	0.0313227	-0.0757892	-0.155621	-0.190186	-0.191598	-0.166377	-0.122867	-0.0844881	-0.055825	-0.0225074	-0.0104356	-0.0118024	-0.00345718	0.00215191	0.000593438	-0.000383167	0.00661995	0.00494511	-0.00345723	0.00520596	0.00748604	-0.00363835	-0.000718808	0.00357544	-0.00639221	-0.0224805	-0.0399587	-0.0561587	-0.0861134	-0.140226	-0.183034	-0.186707	-0.164601	-0.119145	-0.0396845	0.0635259	0.173515	0.271522	0.325921	0.325254	0.296886	0.261513	0.211526	0.150731	0.105612	0.081925	0.0519485	0	
0	0.00386365	-0.00431712	0.00649543	0.00119566	-0.00637319	-0.00388819	-0.00202937	-0.0017503	-0.00291716	0.00359094	-0.000854764	-0.00864231	-5.18618e-05	0.00548107	-0.00614822	-0.00799195	-0.00185211	0.00191462	-0.00358367	-0.0155071	-0.00947667	0.00412326	0.000849446	-0.0209669	-0.0224086	-0.00920527	0.00258097	0.00344442	-0.0196603	-0.0471489	-0.0488614	-0.0130108	0.015097	0.0196394	-0.00958067	-0.0655923	-0.147756	-0.213122	-0.229124	-0.192068	-0.1203	-0.0191132	0.111584	0.255584	0.369512	0.437355	0.456131	0.444897	0.405664	0.322257	0.192581	0.0356313	-0.120543	-0.231247	-0.282699	-0.281108	-0.239558	-0.178199	-0.123445	-0.080394	-0.0406104	-0.0255352	-0.0171025	-0.000120445	0.00360025	0.00184538	0.00364752	0.00517247	0.00150663	0.000576679	0.0102543	0.00727398	-0.00424898	0.000375746	0.00296478	-0.0110072	-0.0322959	-0.0573791	-0.0855675	-0.132878	-0.206743	-0.265312	-0.275294	-0.246546	-0.178495	-0.0601174	0.0935411	0.256399	0.397839	0.476276	0.479749	0.443372	0.393248	0.322025	0.236327	0.169059	0.127182	0.077092	0	
0	0.000724815	0.00646183	0.00119566	-0.00798089	-0.00191395	0.00288524	-0.00202725	-0.00340794	-0.00600009	-0.00354921	-0.000291821	-0.00419959	-0.00162281	-0.000803409	-0.0060734	-0.00503548	-0.00310252	-0.00277453	-0.00633066	-0.0147519	-0.00883439	-0.000348102	-0.00492723	-0.023063	-0.022762	-0.0113106	-6.02277e-05	-0.00352299	-0.0281693	-0.0553882	-0.0528463	-0.0156796	0.0139596	0.015196	-0.0243999	-0.0974968	-0.197065	-0.272978	-0.290069	-0.241896	-0.145893	-0.0117395	0.160681	0.341068	0.487901	0.574319	0.599307	0.585358	0.526169	0.413747	0.244279	0.0373194	-0.158256	-0.299279	-0.369279	-0.363178	-0.309463	-0.240565	-0.165256	-0.104958	-0.065031	-0.0336533	-0.00860165	0.000510914	-0.00279917	-0.00055652	0.00442238	0.0069891	0.00718446	0.00445238	0.00574924	0.00603664	0.00225663	0.00197622	-0.00200876	-0.0167075	-0.0401742	-0.0729881	-0.116682	-0.182051	-0.268743	-0.338814	-0.359046	-0.32706	-0.236649	-0.0805621	0.121495	0.333539	0.51233	0.612662	0.625706	0.587792	0.526211	0.437858	0.332609	0.243371	0.177103	0.10184	0	
0	-0.00827737	0.000176674	-0.00637319	-0.00191395	0.00626981	0.000321312	-0.00643006	0.000508193	0.00121706	-0.00695174	-0.00365288	-0.00486035	-0.00654369	-0.00832164	-0.00727553	-0.0052449	-0.00756191	-0.00809022	-0.00767549	-0.0107337	-0.00631728	-0.00605921	-0.0103546	-0.018692	-0.0186457	-0.0102571	-0.00471392	-0.0115783	-0.034964	-0.0545977	-0.0482374	-0.0159104	0.00976084	0.00429459	-0.0456019	-0.133983	-0.24253	-0.32256	-0.337743	-0.279512	-0.160263	0.00619996	0.214619	0.425142	0.598016	0.702055	0.733244	0.716293	0.636211	0.495067	0.288314	0.0386609	-0.192076	-0.362342	-0.448464	-0.445426	-0.381901	-0.299308	-0.205411	-0.126077	-0.078023	-0.0379654	-0.0154572	-0.0117751	-0.00234981	0.00861843	0.00770644	0.00337951	0.00677845	0.0090821	0.00570526	0.00587782	0.00694815	0.00226465	-0.00714051	-0.0224171	-0.0475516	-0.0880616	-0.149429	-0.231769	-0.324943	-0.403727	-0.437329	-0.404267	-0.291918	-0.10012	0.146527	0.40155	0.610799	0.732319	0.761908	0.729769	0.66087	0.560164	0.440632	0.329287	0.232471	0.126887	0	
0	0.000669915	-0.00102323	-0.00388819	0.00288524	0.000321312	-0.00732377	-0.00769064	0.0021051	0.000393123	-0.00720176	-0.0061628	0.000508145	-0.00421855	-0.0121822	-0.00257311	-0.00452703	-0.00944826	-0.0132391	-0.0111143	-0.00807434	-0.00861574	-0.019902	-0.0180985	-0.0195543	-0.0160688	-0.0187487	-0.0165095	-0.0296387	-0.0444449	-0.0531167	-0.0452872	-0.022036	-0.00852539	-0.0199458	-0.0841545	-0.179055	-0.291101	-0.364643	-0.375808	-0.304764	-0.162213	0.0387089	0.276212	0.515484	0.706353	0.828052	0.86668	0.836758	0.738606	0.558106	0.315743	0.0302599	-0.231309	-0.423869	-0.516697	-0.514685	-0.447244	-0.346218	-0.242613	-0.1567	-0.093985	-0.0459766	-0.0243584	-0.0140083	0.0029932	0.0101733	0.00568776	0.00194012	0.0095168	0.0142086	0.00510233	0.00538369	0.0109245	0.00175792	-0.012244	-0.0273266	-0.0546565	-0.104721	-0.183649	-0.27889	-0.374657	-0.46188	-0.509682	-0.475454	-0.341948	-0.117669	0.167309	0.456533	0.689741	0.833931	0.887879	0.86894	0.797654	0.689428	0.559614	0.425629	0.293474	0.153291	0	
0	0.00203227	0.00766851	-0.00202937	-0.00202725	-0.00643006	-0.00769064	0.000301331	-0.000305167	-0.00745135	-0.0113574	-0.000905129	0.00327065	-0.00878315	-0.0143068	0.000545967	-0.00395018	-0.014091	-0.0156911	-0.0129944	-0.00259391	-0.0146245	-0.028683	-0.0231763	-0.0137991	-0.0148425	-0.0247458	-0.0309283	-0.0444008	-0.0483669	-0.044774	-0.0381098	-0.0315899	-0.0301925	-0.0559068	-0.126686	-0.22826	-0.329189	-0.394281	-0.395634	-0.311456	-0.146932	0.0855936	0.345035	0.602942	0.809224	0.941911	0.987147	0.944605	0.819917	0.609078	0.330203	0.0184455	-0.26577	-0.477112	-0.575976	-0.577766	-0.503041	-0.392312	-0.281211	-0.182664	-0.114305	-0.0611046	-0.0266015	-0.00815731	0.00428944	0.00340873	0.00191033	0.00806489	0.0169993	0.0130741	0.000679694	0.00878892	0.0163229	-0.000817224	-0.0176458	-0.0310669	-0.0625976	-0.124227	-0.217419	-0.320671	-0.419098	-0.515667	-0.574935	-0.537388	-0.384263	-0.13236	0.181945	0.494834	0.747166	0.917632	1.0035	1.00479	0.936753	0.825187	0.686908	0.529465	0.359601	0.182163	0	
0	-0.0091401	-0.000895589	-0.0017503	-0.00340794	0.000508193	0.0021051	-0.000305167	-0.00751191	-0.00771727	-0.00501724	-0.00412134	-0.00981709	-0.0154016	-0.00978576	-0.00328606	-0.00867998	-0.0167692	-0.0151557	-0.00797306	-0.00180756	-0.018623	-0.0315835	-0.0207288	-0.00604188	-0.0146874	-0.0293076	-0.0446181	-0.0523826	-0.0448367	-0.0308184	-0.0307029	-0.043052	-0.0575622	-0.0982895	-0.173872	-0.272676	-0.356609	-0.406922	-0.395775	-0.298101	-0.110906	0.143414	0.420485	0.685753	0.902464	1.04365	1.08849	1.03371	0.880362	0.640467	0.335525	0.00622805	-0.294784	-0.513602	-0.624813	-0.634127	-0.555891	-0.443103	-0.32196	-0.206756	-0.12476	-0.0696108	-0.0338733	-0.010897	-0.00145894	0.000947442	0.0114668	0.0148029	0.010119	0.0085663	0.00901085	0.0151101	0.0121657	-0.00493845	-0.0173203	-0.0340664	-0.0749527	-0.1465	-0.247491	-0.356051	-0.460885	-0.566685	-0.631089	-0.586991	-0.416857	-0.144118	0.188166	0.514106	0.783298	0.984742	1.10863	1.13648	1.07776	0.965704	0.818253	0.636564	0.429519	0.214193	0	
0	0.000199962	-0.00344502	-0.00291716	-0.00600009	0.00121706	0.000393123	-0.00745135	-0.00771727	-0.00191456	0.000229935	-0.0109875	-0.00857239	-0.00817961	-0.00670563	-0.0110426	-0.0146652	-0.0176472	-0.0163363	-0.0119088	-0.0125052	-0.0289187	-0.0346929	-0.0219116	-0.00989885	-0.0228297	-0.0426288	-0.0603864	-0.0604359	-0.0412114	-0.0235385	-0.0350836	-0.0656725	-0.100741	-0.154274	-0.232204	-0.318739	-0.380155	-0.412872	-0.3828	-0.271727	-0.0608904	0.208849	0.497269	0.767511	0.991292	1.13756	1.18346	1.10697	0.929766	0.658152	0.329611	-0.0109505	-0.324417	-0.549824	-0.667723	-0.677865	-0.603867	-0.482499	-0.352813	-0.236793	-0.1429	-0.0792876	-0.0374501	-0.0147461	-0.00668119	0.0053797	0.0161276	0.0112162	0.00741989	0.014411	0.0169529	0.0126521	0.005988	-0.0028534	-0.0148024	-0.0408807	-0.0908668	-0.168501	-0.272456	-0.386697	-0.502417	-0.614684	-0.67575	-0.622072	-0.438849	-0.153982	0.184	0.514437	0.800805	1.03728	1.2028	1.26263	1.21915	1.1077	0.948318	0.742047	0.500971	0.249119	0	
0	0.00108205	-0.000556996	0.00359094	-0.00354921	-0.00695174	-0.00720176	-0.0113574	-0.00501724	0.000229935	-0.00263343	-0.0132381	-0.00705432	-0.00235578	-0.00901906	-0.013828	-0.0167229	-0.0126865	-0.0144493	-0.0164416	-0.0219573	-0.0321928	-0.0294154	-0.0226082	-0.0178917	-0.032897	-0.0560749	-0.0698021	-0.0623615	-0.0344132	-0.0241804	-0.0463759	-0.0980285	-0.150182	-0.216991	-0.287583	-0.354622	-0.390179	-0.398612	-0.34978	-0.217981	0.00730948	0.287925	0.578914	0.847255	1.07458	1.21853	1.25742	1.16037	0.954335	0.658835	0.316418	-0.0337797	-0.34595	-0.577766	-0.702577	-0.713947	-0.644493	-0.516875	-0.381926	-0.258322	-0.160275	-0.0985694	-0.0478051	-0.0181724	-0.0029922	0.0118814	0.0134099	0.00860451	0.0103816	0.0185179	0.0196094	0.00951926	0.00449236	0.0019075	-0.015265	-0.0512939	-0.107604	-0.187945	-0.292631	-0.41569	-0.545037	-0.657499	-0.706602	-0.642023	-0.451142	-0.163941	0.168903	0.499047	0.804386	1.07745	1.28526	1.38116	1.35769	1.24627	1.0714	0.841053	0.570703	0.285322	0	
0	0.000557036	0.00177927	-0.000854764	-0.000291821	-0.00365288	-0.0061628	-0.000905129	-0.00412134	-0.0109875	-0.0132381	-0.0177654	-0.0107092	-0.00398411	-0.0144832	-0.0199216	-0.0132425	-0.00721104	-0.0123498	-0.0203865	-0.0272914	-0.0233955	-0.0198901	-0.0221378	-0.0265783	-0.0406358	-0.0617416	-0.068404	-0.0526941	-0.0277746	-0.0286963	-0.0653073	-0.132593	-0.203812	-0.274577	-0.333657	-0.371962	-0.382613	-0.362067	-0.291853	-0.140459	0.0940642	0.374374	0.661514	0.922944	1.14445	1.28264	1.303	1.18617	0.952952	0.640559	0.29333	-0.0532806	-0.359631	-0.588754	-0.716426	-0.739292	-0.674948	-0.55427	-0.421839	-0.289624	-0.180702	-0.104854	-0.0499854	-0.0188611	0.000680754	0.00586295	0.00560577	0.0140388	0.0169691	0.0208747	0.0200536	0.00640734	0.00564328	0.0067597	-0.0186696	-0.0636421	-0.123275	-0.203372	-0.310274	-0.446729	-0.58757	-0.691218	-0.722679	-0.648674	-0.4564	-0.175909	0.144844	0.474094	0.799809	1.10734	1.35511	1.48898	1.48801	1.37509	1.18214	0.929207	0.634542	0.319761	0	
0	-0.0011329	-0.00723383	-0.00864231	-0.00419959	-0.00486035	0.000508145	0.00327065	-0.00981709	-0.00857239	-0.00705432	-0.0107092	-0.00527467	-0.00901783	-0.0238674	-0.0247243	-0.0127565	-0.0138139	-0.0237775	-0.0355673	-0.0344017	-0.0212429	-0.020943	-0.0356586	-0.0431036	-0.0547128	-0.0655948	-0.0649628	-0.044648	-0.0343957	-0.0484808	-0.0999982	-0.180024	-0.266256	-0.334834	-0.373752	-0.384269	-0.366196	-0.318338	-0.222035	-0.0549215	0.18109	0.456608	0.733331	0.989073	1.20132	1.32882	1.3325	1.1964	0.943273	0.624231	0.273611	-0.0658865	-0.366794	-0.600611	-0.734041	-0.765069	-0.708695	-0.588103	-0.446152	-0.311204	-0.196807	-0.112623	-0.0568092	-0.0238558	-0.0071236	0.00076931	0.0129222	0.0217401	0.0186595	0.0197448	0.0161701	0.00783989	0.0137415	0.00749203	-0.0285152	-0.0750346	-0.133446	-0.215339	-0.330933	-0.481563	-0.624933	-0.712232	-0.726091	-0.646102	-0.457933	-0.190395	0.116685	0.447532	0.792793	1.12893	1.4115	1.5818	1.60267	1.48693	1.27585	1.00274	0.687702	0.348416	0	
0	-0.00187156	-0.00790941	-5.18618e-05	-0.00162281	-0.00654369	-0.00421855	-0.00878315	-0.0154016	-0.00817961	-0.00235578	-0.00398411	-0.00901783	-0.0204725	-0.018709	-0.0121773	-0.0116213	-0.0185563	-0.030975	-0.0371076	-0.0305189	-0.0171593	-0.0271552	-0.0506937	-0.05944	-0.0639561	-0.0647485	-0.0565222	-0.0454088	-0.0529694	-0.0845305	-0.14546	-0.237141	-0.327902	-0.385777	-0.398154	-0.378813	-0.330884	-0.25109	-0.128073	0.0511247	0.283046	0.545782	0.81175	1.05362	1.25193	1.35793	1.33969	1.18267	0.915215	0.591949	0.24732	-0.0812411	-0.374244	-0.602633	-0.743441	-0.780196	-0.730061	-0.614482	-0.468559	-0.33198	-0.211823	-0.127301	-0.0725937	-0.0310452	-0.00772185	0.0070218	0.02002	0.022878	0.0167973	0.0138405	0.0167756	0.0209735	0.0180795	-0.00342469	-0.0375065	-0.078415	-0.139599	-0.230082	-0.358022	-0.51578	-0.651021	-0.720985	-0.721815	-0.638844	-0.458324	-0.205628	0.0916006	0.427426	0.78812	1.14414	1.45356	1.65406	1.69283	1.57447	1.34857	1.05828	0.725378	0.367209	0	
0	0.00707039	0.00415521	0.00548107	-0.000803409	-0.00832164	-0.0121822	-0.0143068	-0.00978576	-0.00670563	-0.00901906	-0.0144832	-0.0238674	-0.018709	-0.00569691	-0.0112767	-0.0192109	-0.0240516	-0.0300524	-0.0305196	-0.0227173	-0.01756	-0.036981	-0.0618092	-0.0678062	-0.0634854	-0.0537387	-0.0471095	-0.0528238	-0.0822917	-0.127529	-0.197585	-0.293095	-0.379461	-0.416902	-0.401606	-0.352425	-0.273379	-0.161697	-0.0140213	0.168586	0.390054	0.634521	0.884645	1.10906	1.28223	1.36328	1.31814	1.14536	0.870929	0.551261	0.219606	-0.0927525	-0.373125	-0.595481	-0.73722	-0.784215	-0.742931	-0.635294	-0.497663	-0.360898	-0.236337	-0.143693	-0.0767564	-0.0296618	-0.00231363	0.0129493	0.0146179	0.014531	0.016069	0.0191237	0.0296078	0.0272533	0.00630138	-0.0128612	-0.0345399	-0.077955	-0.149237	-0.250963	-0.388193	-0.542236	-0.663972	-0.722228	-0.715103	-0.63045	-0.458558	-0.217204	0.0777064	0.420157	0.789147	1.15487	1.48013	1.69941	1.74966	1.631	1.39644	1.0924	0.743563	0.373182	0	
0	0.000987134	-0.00737805	-0.00614822	-0.0060734	-0.00727553	-0.00257311	0.000545967	-0.00328606	-0.0110426	-0.013828	-0.0199216	-0.0247243	-0.0121773	-0.0112767	-0.027615	-0.0325754	-0.0316916	-0.0321526	-0.0277951	-0.0254322	-0.0313899	-0.0528054	-0.0695034	-0.0712209	-0.0558775	-0.0422584	-0.045692	-0.0738461	-0.122383	-0.178552	-0.254832	-0.344831	-0.416763	-0.427777	-0.387258	-0.307813	-0.199511	-0.0564663	0.105701	0.285998	0.487833	0.713029	0.941492	1.14376	1.28669	1.33952	1.27352	1.0929	0.824369	0.517177	0.205788	-0.0914408	-0.359474	-0.581155	-0.732751	-0.790593	-0.763185	-0.663877	-0.523419	-0.382106	-0.251254	-0.149081	-0.0782065	-0.0314993	-0.00707888	0.00365616	0.0101694	0.0207393	0.0252326	0.0265804	0.0316315	0.0190715	-0.00021646	-0.00749123	-0.0299655	-0.0833167	-0.162902	-0.275203	-0.415164	-0.556743	-0.667481	-0.721946	-0.709539	-0.623048	-0.457111	-0.218401	0.0819181	0.429058	0.797776	1.16263	1.48935	1.71173	1.766	1.65094	1.41512	1.10141	0.739868	0.365471	0	
0	-0.0051735	-0.00984764	-0.00799195	-0.00503548	-0.0052449	-0.00452703	-0.00395018	-0.00867998	-0.0146652	-0.0167229	-0.0132425	-0.0127565	-0.0116213	-0.0192109	-0.0325754	-0.0328634	-0.0323795	-0.0280758	-0.0252163	-0.0378046	-0.0529768	-0.0657688	-0.0748556	-0.0707995	-0.0517011	-0.0427899	-0.0661336	-0.115897	-0.178606	-0.243819	-0.318578	-0.393888	-0.439257	-0.42443	-0.356422	-0.24851	-0.10729	0.0603019	0.232391	0.40291	0.586078	0.789005	0.995252	1.16754	1.27767	1.29975	1.21588	1.0343	0.774103	0.484963	0.190518	-0.0906938	-0.349202	-0.568861	-0.726136	-0.794705	-0.774015	-0.682643	-0.542137	-0.396444	-0.264524	-0.159252	-0.089059	-0.0416599	-0.011451	0.00460749	0.0151904	0.0268616	0.0310211	0.0278564	0.0248988	0.0154763	0.00684311	-0.00129771	-0.0321595	-0.0907934	-0.179238	-0.299992	-0.432263	-0.559945	-0.668841	-0.724612	-0.70671	-0.616605	-0.449085	-0.201967	0.107568	0.454157	0.814676	1.16772	1.47858	1.68662	1.73782	1.63	1.39941	1.0815	0.714004	0.345592	0	
0	0.00270203	-0.00344474	-0.00185211	-0.00310252	-0.00756191	-0.00944826	-0.014091	-0.0167692	-0.0176472	-0.0126865	-0.00721104	-0.0138139	-0.0185563	-0.0240516	-0.0316916	-0.0323795	-0.0280591	-0.0214202	-0.03167	-0.0580989	-0.067318	-0.0693759	-0.070158	-0.065223	-0.0485385	-0.0563339	-0.101735	-0.167432	-0.240257	-0.308663	-0.374259	-0.421875	-0.437996	-0.395492	-0.303344	-0.163701	0.00444447	0.190134	0.360979	0.518326	0.679507	0.858612	1.03421	1.17287	1.24355	1.23957	1.14233	0.966369	0.723436	0.452391	0.178385	-0.088079	-0.336775	-0.553805	-0.713056	-0.790143	-0.77878	-0.692662	-0.558861	-0.416905	-0.28219	-0.173455	-0.099344	-0.0465249	-0.0126127	0.00904159	0.0227667	0.0299349	0.0297698	0.0234869	0.0227793	0.0231637	0.0152843	-0.00120493	-0.035899	-0.100701	-0.199031	-0.316667	-0.435655	-0.560054	-0.6752	-0.731108	-0.706112	-0.607688	-0.427042	-0.163364	0.15325	0.4932	0.839133	1.16832	1.44488	1.62287	1.66478	1.56508	1.34385	1.02952	0.667625	0.316744	0	
0	0.00194532	0.00254248	0.00191462	-0.00277453	-0.00809022	-0.0132391	-0.0156911	-0.0151557	-0.0163363	-0.0144493	-0.0123498	-0.0237775	-0.030975	-0.0300524	-0.0321526	-0.0280758	-0.0214202	-0.0250883	-0.0497747	-0.0698569	-0.0685426	-0.0605274	-0.0590664	-0.055616	-0.0537232	-0.084741	-0.147485	-0.223137	-0.300244	-0.365641	-0.409272	-0.423701	-0.407948	-0.341542	-0.221866	-0.0551058	0.135739	0.325592	0.489508	0.628721	0.766563	0.915828	1.05408	1.15108	1.185	1.155	1.0559	0.891121	0.671592	0.425514	0.171927	-0.0769089	-0.315744	-0.530134	-0.695643	-0.782579	-0.782198	-0.708122	-0.57701	-0.43429	-0.301323	-0.187952	-0.105821	-0.0466311	-0.00798839	0.0135012	0.0223381	0.0268263	0.0284526	0.024296	0.027903	0.0320755	0.0203165	-0.00225955	-0.0434261	-0.116302	-0.211794	-0.316911	-0.434031	-0.567844	-0.687456	-0.739291	-0.705013	-0.589061	-0.384351	-0.103531	0.214021	0.542913	0.868103	1.16005	1.38639	1.52321	1.54965	1.45449	1.24421	0.943953	0.603415	0.282267	0	
0	-0.000337631	-0.00216402	-0.00358367	-0.00633066	-0.00767549	-0.0111143	-0.0129944	-0.00797306	-0.0119088	-0.0164416	-0.0203865	-0.0355673	-0.0371076	-0.0305196	-0.0277951	-0.0252163	-0.03167	-0.0497747	-0.0683727	-0.0758026	-0.0659301	-0.0566192	-0.0527325	-0.0610007	-0.0831131	-0.13493	-0.206707	-0.285736	-0.361165	-0.412219	-0.424485	-0.403937	-0.359014	-0.268145	-0.122672	0.0678411	0.267606	0.453992	0.603313	0.724648	0.836545	0.950566	1.04772	1.10312	1.10445	1.06201	0.966046	0.823642	0.629725	0.406922	0.174722	-0.0619054	-0.293329	-0.505714	-0.676451	-0.775663	-0.785638	-0.72155	-0.599331	-0.454565	-0.314183	-0.193548	-0.106806	-0.0466054	-0.0078138	0.0126678	0.0195542	0.0237444	0.0291534	0.0311747	0.0383488	0.0401611	0.0208438	-0.010485	-0.0564091	-0.123433	-0.206362	-0.311017	-0.442085	-0.584231	-0.701063	-0.746714	-0.697049	-0.551927	-0.319767	-0.0286803	0.284107	0.598905	0.895133	1.13716	1.30374	1.39343	1.39699	1.29873	1.09981	0.82582	0.523723	0.24391	0	
0	-0.00516385	-0.0105315	-0.0155071	-0.0147519	-0.0107337	-0.00807434	-0.00259391	-0.00180756	-0.0125052	-0.0219573	-0.0272914	-0.0344017	-0.0305189	-0.0227173	-0.0254322	-0.0378046	-0.0580989	-0.0698569	-0.0758026	-0.0734311	-0.065699	-0.0540824	-0.0571984	-0.0886667	-0.135771	-0.19943	-0.27264	-0.349888	-0.414478	-0.438348	-0.416513	-0.362041	-0.290943	-0.173666	-0.0050237	0.19892	0.397954	0.571174	0.706026	0.80644	0.888868	0.963434	1.01508	1.03392	1.01136	0.964112	0.88455	0.764697	0.600583	0.400867	0.183573	-0.0425041	-0.271058	-0.487959	-0.665546	-0.77345	-0.793501	-0.73324	-0.608792	-0.463404	-0.323192	-0.198717	-0.108863	-0.0493203	-0.0131599	0.00583498	0.0161127	0.0271896	0.0401987	0.0446984	0.0450829	0.0376148	0.0122964	-0.0198531	-0.0574751	-0.112548	-0.195945	-0.316292	-0.460255	-0.601998	-0.713536	-0.748604	-0.671863	-0.491899	-0.239426	0.0533861	0.358337	0.654018	0.910882	1.09513	1.20034	1.24021	1.21204	1.102	0.915266	0.678832	0.429432	0.200829	0	
0	-0.00824919	-0.00962737	-0.00947667	-0.00883439	-0.00631728	-0.00861574	-0.0146245	-0.018623	-0.0289187	-0.0321928	-0.0233955	-0.0212429	-0.0171593	-0.01756	-0.0313899	-0.0529768	-0.067318	-0.0685426	-0.0659301	-0.065699	-0.0593438	-0.054801	-0.0797133	-0.138166	-0.201919	-0.267783	-0.338523	-0.406988	-0.446728	-0.438159	-0.38102	-0.299159	-0.198046	-0.0569458	0.129984	0.335509	0.524441	0.683387	0.800948	0.880116	0.927576	0.958193	0.967938	0.953482	0.917777	0.87323	0.809392	0.714956	0.572228	0.390487	0.186566	-0.0333048	-0.256831	-0.470504	-0.650947	-0.764605	-0.788763	-0.735841	-0.617438	-0.46994	-0.328325	-0.206974	-0.120806	-0.0613537	-0.0203293	0.0067358	0.0258734	0.0413173	0.051701	0.0476759	0.0384802	0.0285171	0.00853549	-0.0140427	-0.0426299	-0.0996716	-0.197858	-0.331998	-0.479521	-0.618526	-0.721579	-0.733775	-0.621913	-0.41417	-0.152879	0.136865	0.430286	0.697421	0.906263	1.03283	1.0807	1.06885	1.00092	0.873475	0.700769	0.50877	0.319884	0.150045	0	
0	0.00598922	0.0097097	0.00412326	-0.000348102	-0.00605921	-0.019902	-0.028683	-0.0315835	-0.0346929	-0.0294154	-0.0198901	-0.020943	-0.0271552	-0.036981	-0.0528054	-0.0657688	-0.0693759	-0.0605274	-0.0566192	-0.0540824	-0.054801	-0.0704583	-0.120649	-0.19589	-0.26247	-0.325974	-0.388094	-0.434178	-0.440722	-0.396854	-0.312666	-0.201297	-0.074162	0.0886667	0.278805	0.475015	0.646837	0.786785	0.884814	0.932438	0.938858	0.922241	0.891073	0.854585	0.811833	0.778383	0.736263	0.664831	0.547907	0.383772	0.191701	-0.0177236	-0.236887	-0.450157	-0.629904	-0.748943	-0.781144	-0.733386	-0.62269	-0.484404	-0.348759	-0.225107	-0.130335	-0.0626411	-0.0135286	0.0203106	0.0388307	0.0461278	0.048426	0.04013	0.0315622	0.0298034	0.0208962	0.00354838	-0.0296062	-0.0991906	-0.209308	-0.348945	-0.49784	-0.631156	-0.713063	-0.692129	-0.551389	-0.329877	-0.0668442	0.216545	0.489426	0.717357	0.876478	0.952098	0.947683	0.882679	0.771978	0.627302	0.470256	0.322563	0.194283	0.0884195	0	
0	-0.00150484	0.00270673	0.000849446	-0.00492723	-0.0103546	-0.0180985	-0.0231763	-0.0207288	-0.0219116	-0.0226082	-0.0221378	-0.0356586	-0.0506937	-0.0618092	-0.0695034	-0.0748556	-0.070158	-0.0590664	-0.0527325	-0.0571984	-0.0797133	-0.120649	-0.186913	-0.263432	-0.328259	-0.383844	-0.425327	-0.437693	-0.406962	-0.335309	-0.223764	-0.0866863	0.0666565	0.236317	0.41976	0.596423	0.748845	0.868421	0.938965	0.951303	0.911456	0.85268	0.792146	0.743204	0.70826	0.690965	0.673272	0.628107	0.532504	0.386526	0.207933	0.00502201	-0.208596	-0.421022	-0.608634	-0.737394	-0.781648	-0.747332	-0.642813	-0.501115	-0.358691	-0.22852	-0.127109	-0.0530362	-0.00256994	0.0257113	0.0375036	0.039932	0.041024	0.0378303	0.0385413	0.0455021	0.0393444	0.0162812	-0.0273315	-0.106662	-0.223179	-0.36624	-0.511792	-0.626103	-0.676091	-0.627484	-0.472974	-0.246821	0.0144768	0.282894	0.522683	0.706655	0.822078	0.854636	0.801287	0.685147	0.536743	0.380223	0.238249	0.12783	0.0542127	0.0152819	0	
0	-0.00668152	-0.0101971	-0.0209669	-0.023063	-0.018692	-0.0195543	-0.0137991	-0.00604188	-0.00989885	-0.0178917	-0.0265783	-0.0431036	-0.05944	-0.0678062	-0.0712209	-0.0707995	-0.065223	-0.055616	-0.0610007	-0.0886667	-0.138166	-0.19589	-0.263432	-0.337527	-0.39584	-0.433358	-0.441143	-0.415404	-0.353913	-0.256603	-0.120342	0.0434829	0.209769	0.376559	0.541103	0.697649	0.829363	0.924432	0.964055	0.93459	0.855197	0.76318	0.687814	0.642507	0.622188	0.62878	0.635371	0.611713	0.535104	0.399584	0.225135	0.0245524	-0.193143	-0.411028	-0.60215	-0.738453	-0.787049	-0.752475	-0.648488	-0.505142	-0.35928	-0.223705	-0.119114	-0.0491976	-0.00417231	0.020739	0.0300014	0.0343273	0.0442036	0.0505892	0.0553223	0.0619949	0.0520752	0.0208651	-0.0321448	-0.11884	-0.238995	-0.377694	-0.505435	-0.590916	-0.615027	-0.553931	-0.395433	-0.168556	0.0824415	0.322032	0.521191	0.66549	0.745435	0.73942	0.640866	0.482635	0.30894	0.147647	0.0170826	-0.0666808	-0.0940016	-0.0656488	0	
0	-0.0131386	-0.0176021	-0.0224086	-0.022762	-0.0186457	-0.0160688	-0.0148425	-0.0146874	-0.0228297	-0.032897	-0.0406358	-0.0547128	-0.0639561	-0.0634854	-0.0558775	-0.0517011	-0.0485385	-0.0537232	-0.0831131	-0.135771	-0.201919	-0.26247	-0.328259	-0.39584	-0.438415	-0.443736	-0.413604	-0.355354	-0.268067	-0.146551	0.0155022	0.195461	0.363713	0.51426	0.658856	0.793527	0.902812	0.968154	0.968622	0.900059	0.784214	0.672779	0.592609	0.556772	0.554972	0.579577	0.60475	0.596044	0.529621	0.401164	0.23123	0.0309004	-0.184032	-0.401328	-0.595049	-0.731764	-0.783284	-0.750687	-0.645522	-0.500269	-0.354023	-0.222836	-0.123471	-0.0555715	-0.0121193	0.0138633	0.0308664	0.043514	0.0576068	0.0663841	0.0715455	0.0750982	0.0579459	0.0167076	-0.0445803	-0.133335	-0.245755	-0.365334	-0.46769	-0.531728	-0.544863	-0.480565	-0.322013	-0.103372	0.122384	0.323668	0.484963	0.597631	0.646397	0.60429	0.469358	0.285211	0.101126	-0.0597767	-0.183922	-0.250219	-0.238611	-0.146226	0	
0	-0.00393187	-0.00175787	-0.00920527	-0.0113106	-0.0102571	-0.0187487	-0.0247458	-0.0293076	-0.0426288	-0.0560749	-0.0617416	-0.0655948	-0.0647485	-0.0537387	-0.0422584	-0.0427899	-0.0563339	-0.084741	-0.13493	-0.19943	-0.267783	-0.325974	-0.383844	-0.433358	-0.443736	-0.411171	-0.347198	-0.262977	-0.150641	-0.00451947	0.17505	0.357829	0.512827	0.642653	0.764193	0.875355	0.954797	0.981076	0.940527	0.833041	0.694166	0.572127	0.498545	0.477446	0.493791	0.53644	0.576485	0.579556	0.522949	0.400772	0.234095	0.0387084	-0.174783	-0.389461	-0.579931	-0.718002	-0.770106	-0.740576	-0.641572	-0.501503	-0.360737	-0.231316	-0.130992	-0.0624354	-0.0138513	0.0193144	0.0401493	0.056167	0.0750512	0.085054	0.0844249	0.0783492	0.0514773	0.003402	-0.056854	-0.133616	-0.225108	-0.321718	-0.407407	-0.46358	-0.474002	-0.410601	-0.261511	-0.0668993	0.122908	0.287707	0.419065	0.504285	0.522781	0.450958	0.295403	0.10382	-0.0788581	-0.236852	-0.357211	-0.40985	-0.364334	-0.215951	0	
0	0.00056632	0.00493725	0.00258097	-6.02277e-05	-0.00471392	-0.0165095	-0.0309283	-0.0446181	-0.0603864	-0.0698021	-0.068404	-0.0649628	-0.0565222	-0.0471095	-0.045692	-0.0661336	-0.101735	-0.147485	-0.206707	-0.27264	-0.338523	-0.388094	-0.425327	-0.441143	-0.413604	-0.347198	-0.256948	-0.147143	-0.00993281	0.154998	0.337887	0.508635	0.643262	0.750094	0.847827	0.929273	0.970446	0.954022	0.872654	0.73895	0.586735	0.469386	0.408396	0.406453	0.441491	0.500122	0.553666	0.567908	0.520282	0.405037	0.245062	0.0525306	-0.156648	-0.370481	-0.563286	-0.704291	-0.763362	-0.738936	-0.644564	-0.508397	-0.367748	-0.238575	-0.136185	-0.0618201	-0.00852055	0.0300492	0.0585889	0.0776912	0.0921007	0.0938094	0.0831779	0.06797	0.0375928	-0.00461638	-0.0489279	-0.103843	-0.174897	-0.25825	-0.338522	-0.393414	-0.406035	-0.354277	-0.230743	-0.0711121	0.0840845	0.220187	0.325765	0.383526	0.376016	0.288267	0.13066	-0.0540114	-0.228775	-0.38143	-0.49518	-0.531992	-0.456373	-0.265282	0	
0	0.00150332	0.00930993	0.00344442	-0.00352299	-0.0115783	-0.0296387	-0.0444008	-0.0523826	-0.0604359	-0.0623615	-0.0526941	-0.044648	-0.0454088	-0.0528238	-0.0738461	-0.115897	-0.167432	-0.223137	-0.285736	-0.349888	-0.406988	-0.434178	-0.437693	-0.415404	-0.355354	-0.262977	-0.147143	-0.0124848	0.144819	0.313641	0.485571	0.635223	0.748033	0.831408	0.90134	0.945668	0.944766	0.88662	0.776866	0.628765	0.480864	0.376389	0.336367	0.354141	0.407733	0.480075	0.545035	0.567305	0.526124	0.415961	0.257528	0.0677684	-0.14219	-0.356928	-0.551835	-0.697494	-0.760519	-0.742399	-0.651816	-0.515765	-0.375221	-0.241653	-0.132006	-0.0508615	0.0103574	0.0529534	0.0776908	0.0893767	0.095362	0.0873118	0.0690454	0.0547981	0.0362731	0.0132344	-0.0101849	-0.0477541	-0.107928	-0.18642	-0.266293	-0.326111	-0.353568	-0.329574	-0.241487	-0.115257	0.0126562	0.123896	0.203216	0.236684	0.215558	0.129554	-0.0156638	-0.186099	-0.34923	-0.490875	-0.589759	-0.605605	-0.504908	-0.288679	0	
0	-0.00504797	-0.00843728	-0.0196603	-0.0281693	-0.034964	-0.0444449	-0.0483669	-0.0448367	-0.0412114	-0.0344132	-0.0277746	-0.0343957	-0.0529694	-0.0822917	-0.122383	-0.178606	-0.240257	-0.300244	-0.361165	-0.414478	-0.446728	-0.440722	-0.406962	-0.353913	-0.268067	-0.150641	-0.00993281	0.144819	0.306609	0.465227	0.6157	0.743463	0.833146	0.890388	0.924373	0.927135	0.883445	0.794196	0.667469	0.521548	0.386274	0.303123	0.283716	0.321511	0.389486	0.473883	0.546045	0.574291	0.536983	0.427687	0.270724	0.0784633	-0.133507	-0.351924	-0.550995	-0.700637	-0.767488	-0.748246	-0.656941	-0.518406	-0.369489	-0.228197	-0.112494	-0.0278137	0.0305584	0.0668644	0.0841384	0.0854093	0.081632	0.071512	0.0612931	0.063042	0.0640846	0.0595022	0.0506363	0.0229101	-0.0320411	-0.110565	-0.198435	-0.27744	-0.33523	-0.346969	-0.291727	-0.192179	-0.0886663	-0.00315941	0.0527928	0.0738703	0.0563073	-0.0139605	-0.140013	-0.29318	-0.439366	-0.560308	-0.634252	-0.625718	-0.508069	-0.286085	0	
0	-0.0218575	-0.0318758	-0.0471489	-0.0553882	-0.0545977	-0.0531167	-0.044774	-0.0308184	-0.0235385	-0.0241804	-0.0286963	-0.0484808	-0.0845305	-0.127529	-0.178552	-0.243819	-0.308663	-0.365641	-0.412219	-0.438348	-0.438159	-0.396854	-0.335309	-0.256603	-0.146551	-0.00451947	0.154998	0.313641	0.465227	0.602269	0.730874	0.835128	0.89999	0.922403	0.916344	0.875878	0.799972	0.691529	0.565089	0.43111	0.317159	0.255609	0.256596	0.308713	0.388047	0.477079	0.553051	0.581062	0.542081	0.431683	0.270452	0.0761687	-0.138403	-0.358512	-0.558313	-0.706112	-0.769218	-0.747108	-0.647488	-0.499588	-0.34713	-0.20466	-0.0909133	-0.0123306	0.0379365	0.0635331	0.0705243	0.0686992	0.0709206	0.0734142	0.0796564	0.0989581	0.116149	0.1249	0.125818	0.103324	0.0469539	-0.0428372	-0.153846	-0.265556	-0.358995	-0.402756	-0.374334	-0.299855	-0.222142	-0.159233	-0.11453	-0.0887332	-0.089012	-0.137442	-0.242423	-0.374235	-0.494561	-0.5841	-0.626472	-0.59551	-0.472173	-0.262408	0	
0	-0.0186419	-0.0328015	-0.0488614	-0.0528463	-0.0482374	-0.0452872	-0.0381098	-0.0307029	-0.0350836	-0.0463759	-0.0653073	-0.0999982	-0.14546	-0.197585	-0.254832	-0.318578	-0.374259	-0.409272	-0.424485	-0.416513	-0.38102	-0.312666	-0.223764	-0.120342	0.0155022	0.17505	0.337887	0.485571	0.6157	0.730874	0.835679	0.914986	0.944691	0.927146	0.876555	0.801846	0.703129	0.591483	0.473599	0.358354	0.264823	0.222555	0.237887	0.30061	0.38397	0.47667	0.550798	0.577437	0.536445	0.422049	0.260544	0.0652263	-0.148386	-0.364751	-0.558085	-0.699288	-0.754422	-0.722658	-0.620952	-0.475664	-0.325145	-0.188426	-0.0841728	-0.016308	0.0247314	0.0477683	0.0593968	0.066886	0.0822454	0.100345	0.122695	0.157064	0.187028	0.205169	0.210212	0.183573	0.112034	-0.00409568	-0.148683	-0.294993	-0.419455	-0.49046	-0.488524	-0.440744	-0.385112	-0.332075	-0.281433	-0.237498	-0.214893	-0.240442	-0.321349	-0.423785	-0.508112	-0.559619	-0.571112	-0.525789	-0.409343	-0.225503	0	
0	-0.0101493	-0.00869766	-0.0130108	-0.0156796	-0.0159104	-0.022036	-0.0315899	-0.043052	-0.0656725	-0.0980285	-0.132593	-0.180024	-0.237141	-0.293095	-0.344831	-0.393888	-0.421875	-0.423701	-0.403937	-0.362041	-0.299159	-0.201297	-0.0866863	0.0434829	0.195461	0.357829	0.508635	0.635223	0.743463	0.835128	0.914986	0.958847	0.948096	0.885112	0.799336	0.699637	0.59576	0.490317	0.389677	0.293787	0.218952	0.192088	0.218099	0.286186	0.3737	0.46528	0.540351	0.565895	0.524131	0.413212	0.254232	0.0645087	-0.141871	-0.351977	-0.540593	-0.676094	-0.729392	-0.701554	-0.601165	-0.4593	-0.31876	-0.192669	-0.0958357	-0.0297044	0.0148327	0.0442183	0.0659314	0.0874408	0.117941	0.150991	0.187991	0.234583	0.27227	0.291871	0.288738	0.242451	0.142177	-0.00677872	-0.183475	-0.359247	-0.511691	-0.610898	-0.63657	-0.610534	-0.563568	-0.503334	-0.433912	-0.366807	-0.320771	-0.321071	-0.370489	-0.433737	-0.475777	-0.490563	-0.479698	-0.432054	-0.333741	-0.18368	0	
0	0.00933421	0.017996	0.015097	0.0139596	0.00976084	-0.00852539	-0.0301925	-0.0575622	-0.100741	-0.150182	-0.203812	-0.266256	-0.327902	-0.379461	-0.416763	-0.439257	-0.437996	-0.407948	-0.359014	-0.290943	-0.198046	-0.074162	0.0666565	0.209769	0.363713	0.512827	0.643262	0.748033	0.833146	0.89999	0.944691	0.948096	0.890927	0.792302	0.680528	0.575277	0.476417	0.388392	0.307156	0.230844	0.173834	0.160667	0.197423	0.274119	0.365756	0.46412	0.541347	0.570242	0.532198	0.422261	0.267089	0.0797367	-0.126552	-0.335863	-0.52324	-0.661105	-0.716119	-0.689163	-0.596726	-0.464758	-0.328306	-0.202009	-0.102731	-0.0326348	0.0193596	0.0610866	0.0964379	0.132043	0.177948	0.225029	0.272527	0.324214	0.358467	0.364182	0.337438	0.261588	0.130478	-0.0477571	-0.252056	-0.455936	-0.638058	-0.765354	-0.811631	-0.79306	-0.738336	-0.659168	-0.5667	-0.47616	-0.404457	-0.372385	-0.380741	-0.398552	-0.399968	-0.387663	-0.368003	-0.330457	-0.257982	-0.143706	0	
0	0.00477254	0.0170797	0.0196394	0.015196	0.00429459	-0.0199458	-0.0559068	-0.0982895	-0.154274	-0.216991	-0.274577	-0.334834	-0.385777	-0.416902	-0.427777	-0.42443	-0.395492	-0.341542	-0.268145	-0.173666	-0.0569458	0.0886667	0.236317	0.376559	0.51426	0.642653	0.750094	0.831408	0.890388	0.922403	0.927146	0.885112	0.792302	0.668611	0.552905	0.454487	0.375383	0.309018	0.249865	0.19344	0.151994	0.15317	0.200173	0.283445	0.381753	0.481529	0.561159	0.589779	0.548847	0.439039	0.281732	0.091668	-0.115957	-0.328945	-0.52219	-0.662127	-0.720684	-0.699325	-0.60518	-0.46892	-0.33024	-0.20181	-0.0977683	-0.0171552	0.0476965	0.102035	0.152556	0.204303	0.261967	0.31544	0.363544	0.405636	0.419667	0.399443	0.344396	0.239966	0.0816346	-0.123073	-0.354967	-0.588187	-0.797742	-0.943642	-0.995203	-0.968728	-0.896337	-0.795041	-0.679367	-0.562881	-0.458327	-0.384615	-0.345919	-0.320012	-0.290869	-0.266317	-0.252132	-0.234265	-0.190873	-0.109815	0	
0	0.00254352	0.00374671	-0.00958067	-0.0243999	-0.0456019	-0.0841545	-0.126686	-0.173872	-0.232204	-0.287583	-0.333657	-0.373752	-0.398154	-0.401606	-0.387258	-0.356422	-0.303344	-0.221866	-0.122672	-0.0050237	0.129984	0.278805	0.41976	0.541103	0.658856	0.764193	0.847827	0.90134	0.924373	0.916344	0.876555	0.799336	0.680528	0.552905	0.444091	0.366266	0.308485	0.264563	0.224314	0.181838	0.154016	0.164644	0.219442	0.308853	0.408087	0.510621	0.58725	0.611283	0.565598	0.447765	0.283917	0.0881307	-0.12729	-0.345239	-0.538459	-0.678476	-0.732779	-0.703232	-0.605369	-0.467599	-0.32335	-0.184498	-0.0677203	0.0249723	0.103757	0.174469	0.23716	0.29577	0.35575	0.402577	0.434055	0.452848	0.440535	0.393433	0.311645	0.180999	-0.00356468	-0.235592	-0.494757	-0.751832	-0.976662	-1.12513	-1.16792	-1.12585	-1.03403	-0.910448	-0.768427	-0.61846	-0.472089	-0.351459	-0.267912	-0.20845	-0.163958	-0.142528	-0.145009	-0.151894	-0.136802	-0.0836899	0	
0	-0.0222293	-0.040004	-0.0655923	-0.0974968	-0.133983	-0.179055	-0.22826	-0.272676	-0.318739	-0.354622	-0.371962	-0.384269	-0.378813	-0.352425	-0.307813	-0.24851	-0.163701	-0.0551058	0.0678411	0.19892	0.335509	0.475015	0.596423	0.697649	0.793527	0.875355	0.929273	0.945668	0.927135	0.875878	0.801846	0.699637	0.575277	0.454487	0.366266	0.310237	0.274681	0.249176	0.221233	0.189906	0.168596	0.186486	0.24542	0.334877	0.434398	0.531972	0.602573	0.619152	0.562817	0.438182	0.268827	0.067325	-0.149394	-0.367167	-0.560704	-0.694574	-0.741947	-0.706923	-0.597314	-0.44518	-0.286685	-0.135319	-0.00717201	0.100193	0.191632	0.268042	0.332636	0.387529	0.432651	0.457467	0.466265	0.460116	0.420567	0.347474	0.240134	0.0825723	-0.129165	-0.385551	-0.662556	-0.928753	-1.15289	-1.29164	-1.32002	-1.26193	-1.15051	-1.00069	-0.824272	-0.632176	-0.439711	-0.275492	-0.157803	-0.0799383	-0.0355609	-0.0291483	-0.054476	-0.0867228	-0.0964104	-0.0650821	0	
0	-0.0481297	-0.0936237	-0.147756	-0.197065	-0.24253	-0.291101	-0.329189	-0.356609	-0.380155	-0.390179	-0.382613	-0.366196	-0.330884	-0.273379	-0.199511	-0.10729	0.00444447	0.135739	0.267606	0.397954	0.524441	0.646837	0.748845	0.829363	0.902812	0.954797	0.970446	0.944766	0.883445	0.799972	0.703129	0.59576	0.476417	0.375383	0.308485	0.274681	0.25628	0.242112	0.222865	0.194618	0.178943	0.200135	0.260954	0.351754	0.447701	0.542816	0.606856	0.614495	0.55029	0.41793	0.241941	0.0379477	-0.181164	-0.398179	-0.582946	-0.705426	-0.736889	-0.681428	-0.55421	-0.388492	-0.21751	-0.0531751	0.0869107	0.199514	0.290325	0.362339	0.413558	0.448254	0.472512	0.474945	0.458486	0.425489	0.359538	0.260175	0.125167	-0.0586787	-0.290665	-0.558357	-0.836909	-1.09716	-1.31057	-1.4357	-1.44977	-1.37515	-1.23943	-1.05491	-0.835948	-0.59866	-0.364902	-0.16897	-0.0325859	0.0486274	0.0812531	0.0661719	0.0167817	-0.0381833	-0.0679025	-0.0526292	0	
0	-0.0751984	-0.145781	-0.213122	-0.272978	-0.32256	-0.364643	-0.394281	-0.406922	-0.412872	-0.398612	-0.362067	-0.318338	-0.25109	-0.161697	-0.0564663	0.0603019	0.190134	0.325592	0.453992	0.571174	0.683387	0.786785	0.868421	0.924432	0.968154	0.981076	0.954022	0.88662	0.794196	0.691529	0.591483	0.490317	0.388392	0.309018	0.264563	0.249176	0.242112	0.236884	0.219159	0.194562	0.180481	0.204812	0.26783	0.356424	0.450679	0.540595	0.596682	0.596806	0.523511	0.385876	0.209869	0.00692292	-0.205928	-0.410993	-0.582598	-0.685523	-0.695991	-0.62248	-0.476973	-0.296438	-0.113779	0.0552367	0.190505	0.295442	0.374258	0.427109	0.458548	0.47447	0.47436	0.449153	0.40758	0.348043	0.252586	0.125612	-0.0321016	-0.231098	-0.468233	-0.73108	-0.997768	-1.24436	-1.44458	-1.55578	-1.55378	-1.45715	-1.28874	-1.06229	-0.799256	-0.523181	-0.261356	-0.049948	0.0902281	0.163929	0.178856	0.141048	0.0699971	-0.00336852	-0.0483614	-0.0445689	0	
0	-0.0819146	-0.156451	-0.229124	-0.290069	-0.337743	-0.375808	-0.395634	-0.395775	-0.3828	-0.34978	-0.291853	-0.222035	-0.128073	-0.0140213	0.105701	0.232391	0.360979	0.489508	0.603313	0.706026	0.800948	0.884814	0.938965	0.964055	0.968622	0.940527	0.872654	0.776866	0.667469	0.565089	0.473599	0.389677	0.307156	0.249865	0.224314	0.221233	0.222865	0.219159	0.203358	0.177764	0.166658	0.194638	0.259362	0.349848	0.442916	0.531344	0.584253	0.579786	0.503192	0.3675	0.194426	-0.000287868	-0.201954	-0.394471	-0.547025	-0.628559	-0.618192	-0.525451	-0.367334	-0.1829	-0.00465185	0.153682	0.276735	0.365685	0.424934	0.458709	0.467541	0.456729	0.43033	0.379274	0.309271	0.219254	0.098005	-0.0461163	-0.213113	-0.412102	-0.639618	-0.88665	-1.13595	-1.36723	-1.55287	-1.64619	-1.6214	-1.49491	-1.28824	-1.02037	-0.721486	-0.421065	-0.148153	0.0635721	0.197217	0.258439	0.255056	0.197027	0.108606	0.0214926	-0.0347307	-0.0392043	0	
0	-0.0665622	-0.132434	-0.192068	-0.241896	-0.279512	-0.304764	-0.311456	-0.298101	-0.271727	-0.217981	-0.140459	-0.0549215	0.0511247	0.168586	0.285998	0.40291	0.518326	0.628721	0.724648	0.80644	0.880116	0.932438	0.951303	0.93459	0.900059	0.833041	0.73895	0.628765	0.521548	0.43111	0.358354	0.293787	0.230844	0.19344	0.181838	0.189906	0.194618	0.194562	0.177764	0.154927	0.14908	0.183311	0.255453	0.349827	0.447017	0.53833	0.590936	0.58645	0.511287	0.379042	0.21467	0.0300868	-0.160798	-0.338165	-0.47559	-0.541235	-0.518122	-0.41826	-0.258894	-0.0822285	0.0856994	0.230807	0.33416	0.401933	0.438969	0.446303	0.428487	0.392958	0.33732	0.254656	0.158801	0.0488718	-0.0854944	-0.233212	-0.395048	-0.581513	-0.791662	-1.01936	-1.24931	-1.46211	-1.62696	-1.69411	-1.63922	-1.47966	-1.23788	-0.938877	-0.619738	-0.312289	-0.0435194	0.158327	0.28117	0.330265	0.311623	0.237775	0.136717	0.0400185	-0.024361	-0.0351238	0	
