0	0	0	0	0	0	0	0	0	0	0	0	0	0	0	0	0	0	0	0	0	0	0	0	0	0	0	0	0	0	0	0	0	0	0	0	0	0	0	0	0	0	0	0	0	0	0	0	0	0	0	0	0	0	0	0	0	0	0	0	0	0	0	0	0	0	0	0	0	0	0	0	0	0	0	0	0	0	0	0	0	0	0	0	0	0	0	0	0	0	0	0	0	0	0	0	0	0	0	0	
0	0.0323885	0.058278	0.072823	0.0711904	0.0615885	0.0490082	0.0409131	0.034366	0.0281817	0.0193117	0.00510248	-0.0149132	-0.0379881	-0.053157	-0.0557847	-0.0481251	-0.0358892	-0.0190874	0.00159532	0.0246199	0.0509582	0.0823651	0.115271	0.144942	0.168576	0.183993	0.190425	0.194894	0.204505	0.223212	0.250814	0.280862	0.308248	0.3274	0.340332	0.348616	0.353854	0.355096	0.352346	0.343359	0.330669	0.313038	0.292652	0.267486	0.23777	0.208135	0.179918	0.152375	0.129828	0.116629	0.117658	0.134366	0.160212	0.191384	0.219443	0.236794	0.237283	0.221941	0.196081	0.16425	0.128699	0.0908104	0.0496545	0.00501523	-0.046274	-0.101589	-0.15452	-0.195113	-0.216919	-0.217097	-0.197239	-0.164084	-0.125669	-0.0957451	-0.078938	-0.0721303	-0.0724276	-0.0775753	-0.0821745	-0.0852366	-0.0892674	-0.0936164	-0.0951377	-0.0913201	-0.0828193	-0.0676913	-0.0500222	-0.0347017	-0.0236263	-0.0188347	-0.0174865	-0.018725	-0.0209299	-0.0209322	-0.0199192	-0.0178755	-0.0132291	-0.00690519	0	
0	0.058278	0.108185	0.138274	0.143983	0.132505	0.117116	0.103988	0.0915842	0.0763673	0.0562748	0.0286604	-0.00828632	-0.0491336	-0.0764447	-0.0816844	-0.0699659	-0.0494909	-0.0193087	0.0220188	0.0676343	0.118783	0.175821	0.232304	0.28411	0.326736	0.36056	0.380326	0.395468	0.416373	0.447914	0.490824	0.53916	0.581641	0.614759	0.636919	0.652199	0.661033	0.663059	0.656389	0.64268	0.620572	0.591424	0.554562	0.507653	0.449888	0.395462	0.345067	0.298409	0.262604	0.241389	0.243387	0.271984	0.316731	0.370678	0.425082	0.462955	0.470069	0.448034	0.402966	0.338471	0.259689	0.172606	0.0761894	-0.0254541	-0.1291	-0.229711	-0.318316	-0.38489	-0.421125	-0.421793	-0.392943	-0.344155	-0.287851	-0.237321	-0.198498	-0.17131	-0.155003	-0.152952	-0.153075	-0.157508	-0.168555	-0.177586	-0.181781	-0.175669	-0.16091	-0.134656	-0.104399	-0.0776485	-0.0544714	-0.0417138	-0.0339429	-0.029149	-0.0293079	-0.0270472	-0.0232974	-0.0211085	-0.0156036	-0.00718412	0	
0	0.072823	0.138274	0.187945	0.206945	0.209546	0.199685	0.189554	0.169743	0.142446	0.1082	0.0670576	0.0188018	-0.0333881	-0.0664154	-0.0724541	-0.057215	-0.0313565	0.0119181	0.072409	0.140674	0.211128	0.283602	0.351267	0.411117	0.466656	0.516955	0.553598	0.58329	0.613167	0.649276	0.695414	0.744256	0.791381	0.826512	0.853806	0.873349	0.885796	0.888051	0.881513	0.861905	0.83489	0.794226	0.743292	0.676583	0.598198	0.526655	0.468076	0.418201	0.382199	0.363859	0.371409	0.40884	0.463343	0.533201	0.603965	0.658421	0.676679	0.654151	0.59508	0.502928	0.380678	0.235993	0.0769932	-0.0828495	-0.240153	-0.383347	-0.500181	-0.578215	-0.616745	-0.619886	-0.593728	-0.545572	-0.479133	-0.414429	-0.357418	-0.304825	-0.263013	-0.241653	-0.23337	-0.234647	-0.244984	-0.255309	-0.255187	-0.241037	-0.219593	-0.186661	-0.149885	-0.1162	-0.0856956	-0.0634886	-0.0450811	-0.0331402	-0.0273247	-0.0201646	-0.0150281	-0.012315	-0.00758105	-0.00296041	0	
0	0.0711904	0.143983	0.206945	0.248277	0.269804	0.278667	0.274543	0.251723	0.211703	0.163457	0.111455	0.0553221	-0.00119069	-0.0345671	-0.0357817	-0.0142172	0.0200367	0.0742329	0.151354	0.23276	0.312198	0.387624	0.453543	0.514235	0.574525	0.637887	0.688086	0.72741	0.762552	0.79743	0.837217	0.880008	0.916238	0.945336	0.967864	0.98879	1.00567	1.01337	1.00578	0.982725	0.941846	0.885384	0.816023	0.734147	0.644276	0.574237	0.524934	0.488003	0.466234	0.458279	0.475028	0.522108	0.586655	0.663453	0.745027	0.807496	0.825993	0.799313	0.731932	0.621178	0.469169	0.285183	0.073482	-0.146318	-0.35688	-0.541254	-0.685266	-0.780607	-0.827907	-0.830865	-0.802455	-0.75046	-0.681235	-0.606368	-0.530978	-0.458785	-0.399195	-0.367626	-0.345468	-0.332343	-0.327956	-0.316923	-0.299277	-0.273011	-0.246006	-0.212231	-0.176106	-0.141839	-0.105063	-0.0767249	-0.0519855	-0.0328476	-0.0249884	-0.0160609	-0.00784658	-0.00586051	-0.00228111	0.00144772	0	
0	0.0615885	0.132505	0.209546	0.269804	0.319314	0.348526	0.360131	0.337884	0.291081	0.231265	0.167796	0.102747	0.0393413	0.00647809	0.0116809	0.0447374	0.0885535	0.153126	0.235731	0.318536	0.391992	0.459213	0.518687	0.574651	0.637343	0.705717	0.759866	0.801805	0.835961	0.86884	0.905274	0.937276	0.962017	0.972949	0.982892	0.996563	1.01265	1.02021	1.01176	0.977404	0.924489	0.850735	0.769883	0.681846	0.595705	0.537989	0.510092	0.496232	0.494699	0.504858	0.536825	0.596658	0.667272	0.749054	0.828619	0.887814	0.902917	0.87174	0.798572	0.680607	0.513484	0.300215	0.0506588	-0.210666	-0.46833	-0.696997	-0.874447	-0.987099	-1.04007	-1.04445	-1.01324	-0.954739	-0.870588	-0.783576	-0.702832	-0.624335	-0.556239	-0.511053	-0.471975	-0.43315	-0.397323	-0.360112	-0.318595	-0.275892	-0.24361	-0.210488	-0.178454	-0.148712	-0.116632	-0.0890711	-0.061271	-0.0400472	-0.0281716	-0.0156936	-0.00783704	-0.00599373	-0.00243787	0.000367219	0	
0	0.0490082	0.117116	0.199685	0.278667	0.348526	0.403419	0.43245	0.4224	0.376864	0.312201	0.237894	0.159138	0.08426	0.0473987	0.0596672	0.104115	0.158979	0.22607	0.30519	0.374534	0.432231	0.485941	0.536773	0.590533	0.652901	0.721882	0.774288	0.810477	0.840715	0.869768	0.900742	0.925683	0.933505	0.926716	0.917091	0.915844	0.921052	0.919978	0.900081	0.856942	0.792383	0.713634	0.631695	0.54963	0.47421	0.435395	0.430993	0.441689	0.463354	0.491375	0.537333	0.605069	0.679962	0.757043	0.833188	0.888682	0.899073	0.865948	0.795089	0.675955	0.50097	0.273644	-0.00241954	-0.297696	-0.585637	-0.838057	-1.03406	-1.16103	-1.22178	-1.22551	-1.18959	-1.12422	-1.03833	-0.950597	-0.866313	-0.78288	-0.704755	-0.644376	-0.577149	-0.505834	-0.440741	-0.375884	-0.318579	-0.268582	-0.233568	-0.203361	-0.176677	-0.154381	-0.128581	-0.105429	-0.0778219	-0.0503769	-0.0328842	-0.0159538	-0.00490727	-0.00515454	-0.00364897	4.10701e-05	0	
0	0.0409131	0.103988	0.189554	0.274543	0.360131	0.43245	0.483909	0.490475	0.45657	0.39178	0.307365	0.211095	0.118814	0.0738626	0.0879068	0.142079	0.202242	0.269608	0.338734	0.393979	0.43523	0.475674	0.518513	0.565933	0.623844	0.687687	0.731091	0.757686	0.776241	0.796786	0.821616	0.83828	0.838281	0.816819	0.790964	0.770226	0.754158	0.732435	0.697046	0.643006	0.579723	0.506143	0.435588	0.36518	0.302548	0.279419	0.296133	0.330449	0.373928	0.419372	0.474518	0.544719	0.612605	0.682378	0.750417	0.803832	0.817916	0.791487	0.72537	0.608357	0.431337	0.194634	-0.0890856	-0.388987	-0.682753	-0.941136	-1.13932	-1.26561	-1.32526	-1.32841	-1.29354	-1.23235	-1.1506	-1.06973	-0.996232	-0.916222	-0.828148	-0.744982	-0.65082	-0.552546	-0.465819	-0.391648	-0.32776	-0.272885	-0.235798	-0.203641	-0.178577	-0.160601	-0.141579	-0.123099	-0.0947456	-0.064343	-0.0400404	-0.0154403	-0.000607761	0.00139975	0.00279023	0.00304428	0	
0	0.034366	0.0915842	0.169743	0.251723	0.337884	0.4224	0.490475	0.518826	0.500511	0.443469	0.353445	0.24342	0.135739	0.0796094	0.0906586	0.143825	0.203728	0.265427	0.328011	0.373947	0.405217	0.434545	0.465346	0.500283	0.546898	0.599225	0.631925	0.642693	0.6462	0.652878	0.66875	0.681963	0.677797	0.650873	0.613006	0.573986	0.536521	0.492982	0.440538	0.379384	0.315194	0.249875	0.189879	0.132982	0.0876619	0.0852184	0.126689	0.185467	0.246181	0.298974	0.353931	0.415068	0.475087	0.535609	0.600704	0.655976	0.674429	0.652817	0.594949	0.487823	0.322401	0.103098	-0.163392	-0.444745	-0.718589	-0.959348	-1.14816	-1.27021	-1.32654	-1.32985	-1.29901	-1.24631	-1.1814	-1.12254	-1.0664	-0.99531	-0.907749	-0.818356	-0.712697	-0.602737	-0.506703	-0.422994	-0.354249	-0.296191	-0.254742	-0.22151	-0.193352	-0.171565	-0.150097	-0.129592	-0.103534	-0.0761951	-0.0542277	-0.0296033	-0.00894634	-0.000592433	0.0048874	0.0064211	0	
0	0.0281817	0.0763673	0.142446	0.211703	0.291081	0.376864	0.45657	0.500511	0.499809	0.453078	0.365907	0.249695	0.131304	0.0628005	0.0596729	0.101028	0.149312	0.20497	0.26496	0.311418	0.340251	0.360657	0.37675	0.393989	0.422529	0.45981	0.47607	0.470964	0.457346	0.453436	0.464455	0.477204	0.472408	0.439748	0.39132	0.338515	0.284951	0.22771	0.162574	0.0915593	0.0233609	-0.0420845	-0.0929731	-0.131474	-0.150843	-0.12125	-0.0482135	0.0339481	0.105721	0.15657	0.198942	0.246887	0.294067	0.347421	0.409883	0.46768	0.491088	0.478255	0.432563	0.344933	0.211015	0.0301678	-0.189176	-0.425522	-0.662877	-0.87807	-1.04769	-1.15949	-1.21414	-1.21834	-1.19568	-1.16021	-1.1184	-1.08171	-1.04931	-1.00185	-0.933324	-0.859619	-0.767508	-0.666705	-0.573796	-0.489239	-0.413608	-0.347278	-0.298289	-0.255872	-0.218605	-0.185735	-0.155493	-0.133088	-0.1107	-0.0937485	-0.0825684	-0.0625995	-0.0414147	-0.0259035	-0.0103872	-0.00131823	0	
0	0.0193117	0.0562748	0.1082	0.163457	0.231265	0.312201	0.39178	0.443469	0.453078	0.419137	0.339933	0.225588	0.101054	0.0158819	-0.00915929	0.00795073	0.0400713	0.088433	0.151128	0.205237	0.238977	0.256961	0.264246	0.266799	0.280163	0.299082	0.299201	0.276582	0.25097	0.240126	0.249866	0.259968	0.248429	0.204751	0.145222	0.0835285	0.0256314	-0.0377377	-0.110167	-0.191442	-0.269739	-0.335887	-0.376879	-0.392198	-0.375789	-0.310386	-0.206652	-0.104351	-0.0308744	0.00870321	0.0350619	0.0636076	0.0985489	0.144237	0.203226	0.260588	0.289208	0.286387	0.261813	0.210377	0.12409	0.00069095	-0.16116	-0.341657	-0.529896	-0.705479	-0.848743	-0.942467	-0.985043	-0.993479	-0.98576	-0.970683	-0.952215	-0.942477	-0.937048	-0.916578	-0.882341	-0.847112	-0.796247	-0.730297	-0.658602	-0.582927	-0.507323	-0.434369	-0.373087	-0.318405	-0.265836	-0.219531	-0.182059	-0.154714	-0.135312	-0.124151	-0.117883	-0.105208	-0.0867299	-0.0687962	-0.0458986	-0.0207309	0	
0	0.00510248	0.0286604	0.0670576	0.111455	0.167796	0.237894	0.307365	0.353445	0.365907	0.339933	0.270394	0.159687	0.0288771	-0.0743023	-0.126359	-0.134313	-0.118873	-0.0757229	-0.00861124	0.0556979	0.100654	0.126483	0.136313	0.137231	0.141576	0.148297	0.134283	0.100215	0.0656143	0.0509473	0.0542771	0.0552747	0.0278941	-0.0311396	-0.102095	-0.167817	-0.227214	-0.289694	-0.366096	-0.451006	-0.52983	-0.590251	-0.616295	-0.607858	-0.56496	-0.473843	-0.350434	-0.239473	-0.166924	-0.13742	-0.128143	-0.11496	-0.0925214	-0.0568429	-0.00341851	0.0543145	0.0896014	0.10442	0.109361	0.099451	0.0683262	0.00594255	-0.0907222	-0.213008	-0.348499	-0.476446	-0.576635	-0.640533	-0.671171	-0.676666	-0.678418	-0.683067	-0.690098	-0.703439	-0.724462	-0.743526	-0.757115	-0.774648	-0.77676	-0.758768	-0.727609	-0.68089	-0.620731	-0.550703	-0.479984	-0.410232	-0.345306	-0.290069	-0.248923	-0.221132	-0.196425	-0.1776	-0.163756	-0.14424	-0.124731	-0.105275	-0.0755669	-0.039267	0	
0	-0.0149132	-0.00828632	0.0188018	0.0553221	0.102747	0.159138	0.211095	0.24342	0.249695	0.225588	0.159687	0.0477057	-0.0909116	-0.212393	-0.285744	-0.313706	-0.309675	-0.270922	-0.202649	-0.129616	-0.0712028	-0.0306839	-0.00689853	0.00193365	0.00919774	0.0121031	-0.00629414	-0.0466408	-0.0882981	-0.113195	-0.121041	-0.135155	-0.176005	-0.245938	-0.323384	-0.393309	-0.454819	-0.52093	-0.596463	-0.67641	-0.744514	-0.786894	-0.794249	-0.768253	-0.708824	-0.609225	-0.484468	-0.374246	-0.309917	-0.290337	-0.289194	-0.284	-0.266631	-0.233235	-0.182319	-0.125421	-0.0801828	-0.0446278	-0.00673678	0.0306508	0.053098	0.0460074	0.0026542	-0.0650143	-0.146157	-0.222638	-0.278699	-0.306756	-0.310423	-0.309199	-0.315031	-0.328811	-0.349873	-0.387335	-0.443979	-0.505684	-0.57133	-0.642581	-0.702742	-0.741	-0.756779	-0.749725	-0.716327	-0.659901	-0.592889	-0.522789	-0.456093	-0.400962	-0.358761	-0.321961	-0.286049	-0.252025	-0.220731	-0.190726	-0.161551	-0.132862	-0.0963491	-0.0495469	0	
0	-0.0379881	-0.0491336	-0.0333881	-0.00119069	0.0393413	0.08426	0.118814	0.135739	0.131304	0.101054	0.0288771	-0.0909116	-0.239107	-0.371236	-0.455648	-0.492798	-0.49449	-0.461573	-0.396942	-0.321955	-0.25497	-0.201537	-0.164798	-0.14175	-0.122328	-0.109405	-0.120002	-0.159593	-0.209255	-0.246462	-0.269492	-0.293295	-0.34199	-0.415815	-0.498	-0.573523	-0.641383	-0.707932	-0.77852	-0.844119	-0.893055	-0.915188	-0.906417	-0.869674	-0.806581	-0.711246	-0.595228	-0.497474	-0.443741	-0.432329	-0.436966	-0.433573	-0.413679	-0.378453	-0.324163	-0.259071	-0.19784	-0.136424	-0.0645418	0.011574	0.0751333	0.109238	0.108706	0.0811089	0.0429744	0.0129628	0.0021148	0.0104021	0.0310224	0.052706	0.060403	0.0489858	0.0164899	-0.0433713	-0.131632	-0.238598	-0.353828	-0.472609	-0.579846	-0.663723	-0.725137	-0.758313	-0.758902	-0.730873	-0.684162	-0.631443	-0.577881	-0.526544	-0.480769	-0.435467	-0.387044	-0.341332	-0.297903	-0.252054	-0.206433	-0.159471	-0.107684	-0.0541114	0	
0	-0.053157	-0.0764447	-0.0664154	-0.0345671	0.00647809	0.0473987	0.0738626	0.0796094	0.0628005	0.0158819	-0.0743023	-0.212393	-0.371236	-0.510268	-0.598164	-0.639453	-0.645509	-0.619528	-0.562794	-0.491598	-0.422536	-0.363836	-0.316535	-0.276414	-0.235551	-0.201536	-0.198019	-0.234353	-0.292021	-0.342607	-0.375337	-0.405544	-0.456975	-0.533413	-0.620318	-0.699927	-0.768476	-0.830374	-0.888353	-0.936817	-0.966866	-0.969391	-0.946669	-0.901407	-0.836977	-0.749768	-0.651705	-0.571794	-0.535761	-0.535649	-0.54522	-0.539551	-0.514642	-0.469876	-0.405017	-0.328352	-0.246415	-0.158115	-0.0587936	0.044121	0.130602	0.18248	0.199875	0.194747	0.184442	0.184434	0.204471	0.244981	0.300451	0.352886	0.387607	0.394222	0.364557	0.291154	0.17611	0.0374568	-0.112437	-0.264277	-0.408608	-0.531896	-0.629292	-0.699243	-0.73625	-0.746995	-0.740449	-0.720061	-0.687132	-0.643314	-0.591473	-0.534623	-0.477209	-0.422907	-0.369316	-0.313108	-0.252766	-0.18918	-0.125064	-0.0612398	0	
0	-0.0557847	-0.0816844	-0.0724541	-0.0357817	0.0116809	0.0596672	0.0879068	0.0906586	0.0596729	-0.00915929	-0.126359	-0.285744	-0.455648	-0.598164	-0.687341	-0.732103	-0.742178	-0.72341	-0.677355	-0.615407	-0.554184	-0.497344	-0.44412	-0.385607	-0.31875	-0.26172	-0.240521	-0.26955	-0.327264	-0.38074	-0.41915	-0.455977	-0.518779	-0.607029	-0.703141	-0.785204	-0.847125	-0.893842	-0.931542	-0.956291	-0.964303	-0.94659	-0.909849	-0.85834	-0.793985	-0.717784	-0.637257	-0.577379	-0.558545	-0.572327	-0.590046	-0.588622	-0.560157	-0.505449	-0.425375	-0.328404	-0.22184	-0.110589	0.0035012	0.114406	0.200403	0.25111	0.26949	0.265857	0.260464	0.270672	0.307042	0.371925	0.461661	0.555495	0.631818	0.669074	0.654147	0.580751	0.458119	0.303227	0.131938	-0.0396597	-0.205833	-0.350625	-0.473188	-0.575228	-0.653815	-0.713652	-0.752593	-0.769068	-0.758565	-0.723566	-0.67327	-0.613078	-0.549614	-0.485464	-0.416888	-0.345812	-0.273252	-0.199996	-0.131007	-0.0643209	0	
0	-0.0481251	-0.0699659	-0.057215	-0.0142172	0.0447374	0.104115	0.142079	0.143825	0.101028	0.00795073	-0.134313	-0.313706	-0.492798	-0.639453	-0.732103	-0.781681	-0.79469	-0.782382	-0.746123	-0.698348	-0.647394	-0.595613	-0.537703	-0.463159	-0.378469	-0.304697	-0.270907	-0.28729	-0.33427	-0.382314	-0.422527	-0.471195	-0.551437	-0.655473	-0.761849	-0.843286	-0.896266	-0.9257	-0.940276	-0.94022	-0.923438	-0.88361	-0.831802	-0.769339	-0.701984	-0.628803	-0.560007	-0.515155	-0.512522	-0.539733	-0.571268	-0.57529	-0.546531	-0.481828	-0.384497	-0.268902	-0.14147	-0.0137645	0.107054	0.212839	0.287519	0.320152	0.319213	0.295619	0.273758	0.274844	0.314311	0.399369	0.522333	0.658204	0.777232	0.849994	0.860878	0.805572	0.695177	0.543872	0.368112	0.188251	0.0106233	-0.149426	-0.291998	-0.421825	-0.535885	-0.63573	-0.712833	-0.756585	-0.767435	-0.748977	-0.706168	-0.649857	-0.582661	-0.508272	-0.429366	-0.349917	-0.274709	-0.201012	-0.132195	-0.0663068	0	
0	-0.0358892	-0.0494909	-0.0313565	0.0200367	0.0885535	0.158979	0.202242	0.203728	0.149312	0.0400713	-0.118873	-0.309675	-0.49449	-0.645509	-0.742178	-0.79469	-0.808936	-0.798657	-0.773395	-0.736979	-0.69654	-0.647915	-0.589099	-0.51033	-0.420873	-0.343291	-0.299273	-0.298566	-0.327986	-0.365842	-0.408453	-0.468485	-0.564616	-0.68147	-0.795344	-0.87803	-0.923547	-0.93789	-0.930658	-0.904068	-0.864188	-0.8036	-0.736177	-0.664667	-0.588505	-0.51181	-0.445618	-0.40501	-0.406876	-0.442584	-0.481333	-0.494554	-0.472367	-0.405518	-0.300921	-0.174811	-0.0339506	0.104765	0.224522	0.322269	0.37522	0.380351	0.346791	0.287502	0.234369	0.216131	0.255394	0.357204	0.511407	0.680763	0.834218	0.940379	0.983676	0.959269	0.876245	0.744394	0.57753	0.401541	0.218703	0.0458991	-0.115514	-0.268972	-0.404474	-0.520659	-0.609277	-0.664787	-0.692418	-0.696604	-0.675219	-0.632408	-0.573964	-0.502096	-0.422068	-0.345981	-0.271641	-0.197679	-0.131404	-0.0645145	0	
0	-0.0190874	-0.0193087	0.0119181	0.0742329	0.153126	0.22607	0.269608	0.265427	0.20497	0.088433	-0.0757229	-0.270922	-0.461573	-0.619528	-0.72341	-0.782382	-0.798657	-0.794928	-0.776949	-0.750669	-0.71357	-0.667147	-0.612755	-0.53888	-0.455227	-0.377448	-0.324713	-0.307912	-0.322367	-0.355011	-0.399771	-0.467191	-0.569546	-0.690621	-0.807181	-0.888176	-0.927876	-0.929171	-0.902254	-0.856163	-0.795984	-0.718532	-0.63879	-0.554266	-0.468722	-0.383492	-0.310926	-0.266061	-0.263201	-0.292801	-0.333952	-0.350689	-0.333361	-0.269738	-0.16544	-0.0405863	0.0992638	0.232274	0.341702	0.418437	0.445365	0.415656	0.341115	0.239801	0.152189	0.114977	0.149657	0.263653	0.435587	0.629167	0.812219	0.95184	1.0327	1.04494	0.99905	0.897685	0.752601	0.589669	0.411275	0.231904	0.0554229	-0.10918	-0.247764	-0.360964	-0.447778	-0.507513	-0.552646	-0.582575	-0.585067	-0.567679	-0.528765	-0.472896	-0.407942	-0.339298	-0.272304	-0.201551	-0.133565	-0.0679527	0	
0	0.00159532	0.0220188	0.072409	0.151354	0.235731	0.30519	0.338734	0.328011	0.26496	0.151128	-0.00861124	-0.202649	-0.396942	-0.562794	-0.677355	-0.746123	-0.773395	-0.776949	-0.769169	-0.748274	-0.717086	-0.678158	-0.636924	-0.575426	-0.498601	-0.419758	-0.359816	-0.330988	-0.336524	-0.364172	-0.407711	-0.472464	-0.571569	-0.687265	-0.79846	-0.874091	-0.905725	-0.896105	-0.856767	-0.794294	-0.720556	-0.629869	-0.537038	-0.444076	-0.347961	-0.251362	-0.171045	-0.117385	-0.102941	-0.1265	-0.161166	-0.173802	-0.15482	-0.0852812	0.0210524	0.138414	0.261403	0.372337	0.449333	0.492125	0.478411	0.408529	0.296099	0.159595	0.0449214	-0.00940366	0.0218967	0.137011	0.31623	0.522939	0.728928	0.900463	1.01691	1.06757	1.05751	0.989089	0.874694	0.739366	0.580049	0.410994	0.243295	0.087985	-0.0404145	-0.148768	-0.240969	-0.312621	-0.37606	-0.429754	-0.457661	-0.468409	-0.462136	-0.433632	-0.387598	-0.334631	-0.273393	-0.205768	-0.14153	-0.0708407	0	
0	0.0246199	0.0676343	0.140674	0.23276	0.318536	0.374534	0.393979	0.373947	0.311418	0.205237	0.0556979	-0.129616	-0.321955	-0.491598	-0.615407	-0.698348	-0.736979	-0.750669	-0.748274	-0.736858	-0.717954	-0.698193	-0.678002	-0.63183	-0.562252	-0.485711	-0.425044	-0.392397	-0.390362	-0.411197	-0.445053	-0.499795	-0.583112	-0.680759	-0.773355	-0.832318	-0.85104	-0.831609	-0.781422	-0.712345	-0.631945	-0.537344	-0.442665	-0.343257	-0.237631	-0.128547	-0.0360022	0.0246505	0.0426341	0.0252881	-0.00445101	-0.00774223	0.0257877	0.108826	0.221188	0.330059	0.431778	0.508861	0.547242	0.544185	0.485021	0.370854	0.21748	0.0529847	-0.0762288	-0.135117	-0.108859	0.00619736	0.185968	0.396477	0.614305	0.806005	0.949111	1.02595	1.05007	1.02319	0.948487	0.847081	0.721593	0.585368	0.44667	0.317473	0.20373	0.0945598	-0.0111933	-0.0998705	-0.180648	-0.252383	-0.300175	-0.339935	-0.366337	-0.371634	-0.357684	-0.325712	-0.279422	-0.217699	-0.150125	-0.0772756	0	
0	0.0509582	0.118783	0.211128	0.312198	0.391992	0.432231	0.43523	0.405217	0.340251	0.238977	0.100654	-0.0712028	-0.25497	-0.422536	-0.554184	-0.647394	-0.69654	-0.71357	-0.717086	-0.717954	-0.720823	-0.72599	-0.728739	-0.699004	-0.642309	-0.577858	-0.528098	-0.497235	-0.490086	-0.500966	-0.524106	-0.561528	-0.619223	-0.683632	-0.740812	-0.769396	-0.763556	-0.724873	-0.663951	-0.59069	-0.515523	-0.432161	-0.343283	-0.245024	-0.131939	-0.0113594	0.0859779	0.143672	0.160613	0.143174	0.122115	0.133713	0.180802	0.274753	0.387973	0.485364	0.564788	0.617249	0.624173	0.582991	0.47725	0.317383	0.128865	-0.0602388	-0.202806	-0.265447	-0.234226	-0.117959	0.0592185	0.27083	0.492222	0.689423	0.844096	0.948898	1.01168	1.02604	0.993577	0.931583	0.843393	0.742808	0.638346	0.53611	0.43676	0.328414	0.215178	0.118454	0.0270042	-0.0585902	-0.122942	-0.183519	-0.236414	-0.272888	-0.293358	-0.294648	-0.269772	-0.219121	-0.155049	-0.0783511	0	
0	0.0823651	0.175821	0.283602	0.387624	0.459213	0.485941	0.475674	0.434545	0.360657	0.256961	0.126483	-0.0306839	-0.201537	-0.363836	-0.497344	-0.595613	-0.647915	-0.667147	-0.678158	-0.698193	-0.72599	-0.756359	-0.780655	-0.772579	-0.739379	-0.698662	-0.666354	-0.639868	-0.626049	-0.627545	-0.636834	-0.653819	-0.678679	-0.701817	-0.715523	-0.70249	-0.658851	-0.590314	-0.509351	-0.430978	-0.362145	-0.289195	-0.20959	-0.115945	-0.00688284	0.106	0.190144	0.233238	0.241608	0.228537	0.219205	0.241354	0.294449	0.386261	0.491829	0.577981	0.645255	0.682864	0.670089	0.598187	0.457061	0.263254	0.0450865	-0.159607	-0.307927	-0.376792	-0.357195	-0.247539	-0.070444	0.140762	0.364341	0.573203	0.746929	0.873287	0.964762	1.01732	1.02139	0.99179	0.942266	0.878663	0.800654	0.71517	0.625448	0.525627	0.42055	0.329151	0.235416	0.138325	0.059174	-0.0169122	-0.0855724	-0.138265	-0.178359	-0.200383	-0.197195	-0.169044	-0.124031	-0.0640435	0	
0	0.115271	0.232304	0.351267	0.453543	0.518687	0.536773	0.518513	0.465346	0.37675	0.264246	0.136313	-0.00689853	-0.164798	-0.316535	-0.44412	-0.537703	-0.589099	-0.612755	-0.636924	-0.678002	-0.728739	-0.780655	-0.828386	-0.851727	-0.853223	-0.845733	-0.835027	-0.815828	-0.797864	-0.788358	-0.781268	-0.772803	-0.759504	-0.737325	-0.698703	-0.634661	-0.544529	-0.439688	-0.336594	-0.249397	-0.177604	-0.107943	-0.0316724	0.0516151	0.141872	0.228428	0.284069	0.299979	0.293338	0.276421	0.269632	0.293294	0.345493	0.434819	0.53815	0.622627	0.683224	0.708872	0.678484	0.583302	0.419499	0.210997	-0.0117093	-0.220794	-0.382844	-0.46873	-0.462642	-0.364787	-0.197025	0.0155453	0.248048	0.46915	0.661511	0.813087	0.926054	0.993806	1.01774	1.0175	1.0039	0.974713	0.922255	0.852933	0.775295	0.686168	0.591614	0.508135	0.419103	0.325317	0.244669	0.16525	0.0940615	0.0384966	-0.00460425	-0.0343745	-0.0517645	-0.057568	-0.0516401	-0.0296137	0	
0	0.144942	0.28411	0.411117	0.514235	0.574651	0.590533	0.565933	0.500283	0.393989	0.266799	0.137231	0.00193365	-0.14175	-0.276414	-0.385607	-0.463159	-0.51033	-0.53888	-0.575426	-0.63183	-0.699004	-0.772579	-0.851727	-0.918205	-0.968302	-1.00353	-1.02561	-1.02215	-1.00395	-0.980995	-0.95121	-0.908073	-0.849309	-0.76919	-0.669012	-0.547746	-0.411489	-0.273409	-0.148426	-0.043046	0.0408718	0.116121	0.187204	0.25083	0.30914	0.358361	0.375586	0.357862	0.327045	0.295982	0.282673	0.301812	0.351003	0.438254	0.542749	0.627765	0.681646	0.69618	0.652221	0.542042	0.370052	0.159577	-0.0643091	-0.274821	-0.438107	-0.531232	-0.535557	-0.444817	-0.278309	-0.066112	0.167374	0.398543	0.59922	0.752874	0.865473	0.941247	0.981604	1.00119	1.01501	1.01143	0.980605	0.934653	0.881122	0.813687	0.736492	0.666496	0.59052	0.510129	0.440922	0.37014	0.304292	0.253442	0.210501	0.172022	0.135512	0.0952811	0.0561278	0.0273079	0	
0	0.168576	0.326736	0.466656	0.574525	0.637343	0.652901	0.623844	0.546898	0.422529	0.280163	0.141576	0.00919774	-0.122328	-0.235551	-0.31875	-0.378469	-0.420873	-0.455227	-0.498601	-0.562252	-0.642309	-0.739379	-0.853223	-0.968302	-1.06943	-1.15729	-1.22068	-1.24375	-1.23116	-1.19779	-1.14357	-1.06272	-0.945927	-0.797206	-0.625912	-0.445871	-0.265077	-0.0941289	0.0592049	0.184984	0.281627	0.355338	0.410652	0.447635	0.472134	0.481998	0.46234	0.410561	0.351373	0.30453	0.284852	0.297905	0.344901	0.42946	0.530927	0.611836	0.657594	0.659161	0.604283	0.48791	0.314668	0.106791	-0.113965	-0.321423	-0.486507	-0.576621	-0.570866	-0.470027	-0.298872	-0.0902782	0.134468	0.352144	0.540227	0.682826	0.785437	0.860486	0.910499	0.945435	0.97364	0.987451	0.981027	0.96537	0.946854	0.912147	0.862371	0.812853	0.757498	0.69802	0.644793	0.592127	0.540838	0.492491	0.440485	0.383055	0.32146	0.252321	0.175537	0.0926776	0	
0	0.183993	0.36056	0.516955	0.637887	0.705717	0.721882	0.687687	0.599225	0.45981	0.299082	0.148297	0.0121031	-0.109405	-0.201536	-0.26172	-0.304697	-0.343291	-0.377448	-0.419758	-0.485711	-0.577858	-0.698662	-0.845733	-1.00353	-1.15729	-1.2987	-1.40943	-1.46278	-1.46133	-1.41963	-1.34165	-1.21366	-1.03294	-0.811288	-0.574537	-0.343994	-0.124851	0.0787231	0.25549	0.397208	0.497832	0.563947	0.605427	0.620644	0.614588	0.589676	0.534977	0.452563	0.373986	0.3192	0.296717	0.307873	0.34891	0.42263	0.513719	0.585206	0.615959	0.604375	0.54381	0.425231	0.255514	0.0510226	-0.16484	-0.36653	-0.517427	-0.588952	-0.566767	-0.456958	-0.283734	-0.0753029	0.141312	0.342515	0.502066	0.615108	0.698081	0.766125	0.818269	0.855727	0.889356	0.916689	0.93479	0.954776	0.976616	0.982277	0.973435	0.958171	0.927732	0.887914	0.849487	0.810267	0.769301	0.719578	0.652733	0.573255	0.485302	0.385199	0.271866	0.143863	0	
0	0.190425	0.380326	0.553598	0.688086	0.759866	0.774288	0.731091	0.631925	0.47607	0.299201	0.134283	-0.00629414	-0.120002	-0.198019	-0.240521	-0.270907	-0.299273	-0.324713	-0.359816	-0.425044	-0.528098	-0.666354	-0.835027	-1.02561	-1.22068	-1.40943	-1.5599	-1.64317	-1.65525	-1.60933	-1.50539	-1.3316	-1.09243	-0.812057	-0.525361	-0.253999	-0.0023133	0.223352	0.411577	0.553854	0.648072	0.708165	0.737911	0.736543	0.708894	0.657993	0.583974	0.492091	0.406071	0.346063	0.318133	0.313827	0.339011	0.397301	0.475609	0.535512	0.556058	0.534553	0.467384	0.351032	0.187811	-0.00632302	-0.209565	-0.391846	-0.522542	-0.577281	-0.541914	-0.422392	-0.23959	-0.0330676	0.171542	0.354219	0.492241	0.582059	0.64074	0.689577	0.725165	0.751999	0.784665	0.827128	0.8717	0.919843	0.973286	1.01668	1.04992	1.0732	1.08052	1.07117	1.04958	1.01868	0.970566	0.904809	0.822203	0.722262	0.608525	0.474683	0.324013	0.166642	0	
0	0.194894	0.395468	0.58329	0.72741	0.801805	0.810477	0.757686	0.642693	0.470964	0.276582	0.100215	-0.0466408	-0.159593	-0.234353	-0.26955	-0.28729	-0.298566	-0.307912	-0.330988	-0.392397	-0.497235	-0.639868	-0.815828	-1.02215	-1.24375	-1.46278	-1.64317	-1.75234	-1.77944	-1.72962	-1.60375	-1.39554	-1.11828	-0.800501	-0.477952	-0.176359	0.0941225	0.325895	0.508902	0.641997	0.730034	0.782874	0.802692	0.789309	0.747934	0.690633	0.619441	0.533666	0.447917	0.382329	0.337975	0.315878	0.321636	0.359559	0.419156	0.464194	0.471925	0.443198	0.381399	0.275668	0.125108	-0.059761	-0.250081	-0.418106	-0.5316	-0.565349	-0.511373	-0.379661	-0.191505	0.0186091	0.219061	0.386274	0.506345	0.583486	0.631175	0.661214	0.672843	0.679388	0.698846	0.741239	0.796736	0.862506	0.941193	1.0158	1.08523	1.14622	1.19167	1.2195	1.22104	1.19207	1.1325	1.04615	0.941786	0.821647	0.679418	0.516258	0.343216	0.170248	0	
0	0.204505	0.416373	0.613167	0.762552	0.835961	0.840715	0.776241	0.6462	0.457346	0.25097	0.0656143	-0.0882981	-0.209255	-0.292021	-0.327264	-0.33427	-0.327986	-0.322367	-0.336524	-0.390362	-0.490086	-0.626049	-0.797864	-1.00395	-1.23116	-1.46133	-1.65525	-1.77944	-1.81357	-1.75856	-1.62198	-1.40082	-1.112	-0.777026	-0.437211	-0.124137	0.146715	0.371363	0.546299	0.675178	0.757209	0.803085	0.811431	0.787468	0.744955	0.692934	0.634137	0.561175	0.479892	0.409385	0.35919	0.325352	0.315127	0.332314	0.369344	0.396588	0.397088	0.371807	0.316277	0.219903	0.0741391	-0.106852	-0.290892	-0.447303	-0.543548	-0.56172	-0.494213	-0.349238	-0.148703	0.0616593	0.25316	0.414019	0.532999	0.607738	0.647361	0.661833	0.656118	0.649646	0.655939	0.689271	0.741271	0.811142	0.902971	0.999209	1.09588	1.18299	1.25695	1.30745	1.31873	1.2928	1.22806	1.13212	1.0138	0.870457	0.709015	0.535804	0.356403	0.17949	0	
0	0.223212	0.447914	0.649276	0.79743	0.86884	0.869768	0.796786	0.652878	0.453436	0.240126	0.0509473	-0.113195	-0.246462	-0.342607	-0.38074	-0.382314	-0.365842	-0.355011	-0.364172	-0.411197	-0.500966	-0.627545	-0.788358	-0.980995	-1.19779	-1.41963	-1.60933	-1.72962	-1.75856	-1.70128	-1.56628	-1.35265	-1.06953	-0.737313	-0.404461	-0.102692	0.153338	0.367654	0.538302	0.662452	0.736722	0.77465	0.77432	0.75148	0.71413	0.672819	0.624467	0.562883	0.486595	0.421844	0.374417	0.343917	0.329757	0.336896	0.363194	0.383013	0.383354	0.356517	0.296765	0.193109	0.0397811	-0.146169	-0.327034	-0.474552	-0.560944	-0.567069	-0.486866	-0.333021	-0.130451	0.077659	0.267482	0.42696	0.548025	0.624541	0.659187	0.664895	0.653099	0.646066	0.651477	0.682278	0.733484	0.802461	0.895352	0.995911	1.09685	1.19196	1.27049	1.31842	1.32854	1.30384	1.24602	1.15383	1.02893	0.876432	0.708652	0.539016	0.365633	0.185663	0	
0	0.250814	0.490824	0.695414	0.837217	0.905274	0.900742	0.821616	0.66875	0.464455	0.249866	0.0542771	-0.121041	-0.269492	-0.375337	-0.41915	-0.422527	-0.408453	-0.399771	-0.407711	-0.445053	-0.524106	-0.636834	-0.781268	-0.95121	-1.14357	-1.34165	-1.50539	-1.60375	-1.62198	-1.56628	-1.44405	-1.24713	-0.984341	-0.680622	-0.380064	-0.109546	0.125024	0.32693	0.488663	0.602268	0.669064	0.702889	0.707131	0.690412	0.662528	0.627208	0.586738	0.534764	0.471836	0.420146	0.388027	0.371658	0.365454	0.378292	0.407372	0.43307	0.43743	0.404793	0.32551	0.198934	0.0225647	-0.178034	-0.362051	-0.507044	-0.584868	-0.579381	-0.49163	-0.335435	-0.135993	0.0698045	0.262467	0.426871	0.552019	0.625386	0.65807	0.664077	0.661371	0.671405	0.684909	0.719928	0.773522	0.838545	0.919725	1.00578	1.0939	1.17214	1.23011	1.25961	1.2585	1.23436	1.18286	1.09619	0.981109	0.841562	0.686989	0.528035	0.357779	0.180132	0	
0	0.280862	0.53916	0.744256	0.880008	0.937276	0.925683	0.83828	0.681963	0.477204	0.259968	0.0552747	-0.135155	-0.293295	-0.405544	-0.455977	-0.471195	-0.468485	-0.467191	-0.472464	-0.499795	-0.561528	-0.653819	-0.772803	-0.908073	-1.06272	-1.21366	-1.3316	-1.39554	-1.40082	-1.35265	-1.24713	-1.07833	-0.861912	-0.613648	-0.370719	-0.1413	0.0650019	0.245582	0.388934	0.490812	0.550729	0.590372	0.602202	0.596287	0.577106	0.552339	0.522025	0.487202	0.444229	0.41116	0.396638	0.398902	0.40846	0.436403	0.482641	0.518897	0.526192	0.482018	0.376135	0.219238	0.0189168	-0.196238	-0.390015	-0.538986	-0.613927	-0.604069	-0.512073	-0.353645	-0.1541	0.0528903	0.249876	0.420848	0.549768	0.627592	0.669512	0.690781	0.70522	0.72783	0.754299	0.795214	0.845794	0.899179	0.957825	1.01617	1.06791	1.10963	1.13238	1.13369	1.12481	1.09683	1.04322	0.967828	0.875215	0.765609	0.638962	0.496426	0.334898	0.167386	0	
0	0.308248	0.581641	0.791381	0.916238	0.962017	0.933505	0.838281	0.677797	0.472408	0.248429	0.0278941	-0.176005	-0.34199	-0.456975	-0.518779	-0.551437	-0.564616	-0.569546	-0.571569	-0.583112	-0.619223	-0.678679	-0.759504	-0.849309	-0.945927	-1.03294	-1.09243	-1.11828	-1.112	-1.06953	-0.984341	-0.861912	-0.710824	-0.54182	-0.365875	-0.190497	-0.0286316	0.113439	0.229546	0.312956	0.371745	0.417342	0.444814	0.456061	0.455246	0.447378	0.436063	0.423249	0.404789	0.394242	0.399481	0.422196	0.449799	0.498029	0.557487	0.601474	0.608417	0.549281	0.419904	0.243342	0.0257379	-0.204454	-0.407644	-0.561527	-0.639876	-0.629666	-0.538098	-0.381044	-0.181321	0.0347556	0.247285	0.427602	0.566326	0.658151	0.720313	0.762544	0.793714	0.828181	0.85289	0.883254	0.919741	0.949516	0.978682	1.00147	1.00823	1.00362	0.987018	0.963379	0.939707	0.902443	0.850614	0.789752	0.724711	0.645059	0.542864	0.426493	0.291277	0.145893	0	
0	0.3274	0.614759	0.826512	0.945336	0.972949	0.926716	0.816819	0.650873	0.439748	0.204751	-0.0311396	-0.245938	-0.415815	-0.533413	-0.607029	-0.655473	-0.68147	-0.690621	-0.687265	-0.680759	-0.683632	-0.701817	-0.737325	-0.76919	-0.797206	-0.811288	-0.812057	-0.800501	-0.777026	-0.737313	-0.680622	-0.613648	-0.54182	-0.453732	-0.354072	-0.247459	-0.145113	-0.0521918	0.0271299	0.0909453	0.141406	0.193653	0.239594	0.272242	0.295638	0.314734	0.331829	0.349681	0.365714	0.37992	0.403854	0.443275	0.486618	0.547905	0.618471	0.665002	0.663638	0.591522	0.446162	0.253371	0.0259903	-0.206052	-0.41258	-0.57041	-0.647493	-0.638494	-0.552163	-0.396702	-0.191352	0.0391992	0.267198	0.462631	0.613845	0.722774	0.808402	0.867629	0.904327	0.933799	0.952681	0.965086	0.971457	0.972006	0.966151	0.94709	0.910618	0.869831	0.82343	0.773823	0.73086	0.678657	0.624765	0.578829	0.5308	0.469238	0.395362	0.313886	0.217428	0.111716	0	
0	0.340332	0.636919	0.853806	0.967864	0.982892	0.917091	0.790964	0.613006	0.39132	0.145222	-0.102095	-0.323384	-0.498	-0.620318	-0.703141	-0.761849	-0.795344	-0.807181	-0.79846	-0.773355	-0.740812	-0.715523	-0.698703	-0.669012	-0.625912	-0.574537	-0.525361	-0.477952	-0.437211	-0.404461	-0.380064	-0.370719	-0.365875	-0.354072	-0.33239	-0.299005	-0.261405	-0.222632	-0.185108	-0.151699	-0.1125	-0.0557706	0.00622712	0.0623999	0.11307	0.163891	0.215879	0.270616	0.32228	0.364821	0.40966	0.465801	0.524634	0.60053	0.676866	0.716849	0.703733	0.616217	0.45596	0.254615	0.0247216	-0.207681	-0.410111	-0.558017	-0.631658	-0.625531	-0.538175	-0.374206	-0.156825	0.0836936	0.317902	0.519739	0.684863	0.811838	0.906223	0.967519	1.00088	1.01948	1.02166	1.0092	0.987627	0.955879	0.915059	0.859592	0.788171	0.724077	0.657262	0.58321	0.519143	0.455287	0.398644	0.352711	0.305806	0.254246	0.205166	0.160862	0.109812	0.055316	0	
0	0.348616	0.652199	0.873349	0.98879	0.996563	0.915844	0.770226	0.573986	0.338515	0.0835285	-0.167817	-0.393309	-0.573523	-0.699927	-0.785204	-0.843286	-0.87803	-0.888176	-0.874091	-0.832318	-0.769396	-0.70249	-0.634661	-0.547746	-0.445871	-0.343994	-0.253999	-0.176359	-0.124137	-0.102692	-0.109546	-0.1413	-0.190497	-0.247459	-0.299005	-0.336659	-0.358985	-0.373204	-0.379791	-0.372461	-0.342856	-0.284753	-0.208966	-0.135788	-0.0633671	0.0146759	0.0968969	0.183852	0.270414	0.341333	0.406803	0.481572	0.559983	0.649745	0.728797	0.761522	0.731035	0.62631	0.455212	0.245162	0.0133298	-0.210699	-0.401105	-0.537984	-0.598646	-0.576555	-0.473442	-0.296846	-0.0710251	0.174572	0.411433	0.613651	0.775039	0.897881	0.987262	1.039	1.0555	1.05423	1.0379	1.0029	0.955302	0.896924	0.826721	0.74204	0.652639	0.575822	0.491211	0.398704	0.319517	0.246096	0.181298	0.126945	0.0775551	0.0364446	0.0110265	-0.000916393	-0.00704498	-0.00482824	0	
0	0.353854	0.661033	0.885796	1.00567	1.01265	0.921052	0.754158	0.536521	0.284951	0.0256314	-0.227214	-0.454819	-0.641383	-0.768476	-0.847125	-0.896266	-0.923547	-0.927876	-0.905725	-0.85104	-0.763556	-0.658851	-0.544529	-0.411489	-0.265077	-0.124851	-0.0023133	0.0941225	0.146715	0.153338	0.125024	0.0650019	-0.0286316	-0.145113	-0.261405	-0.358985	-0.435541	-0.496484	-0.535699	-0.545612	-0.520778	-0.459046	-0.374568	-0.290964	-0.20792	-0.118172	-0.0168766	0.0908043	0.200361	0.291116	0.375165	0.467755	0.56854	0.6733	0.755399	0.777596	0.731371	0.616604	0.43941	0.224846	-0.00189559	-0.212719	-0.385897	-0.500489	-0.54019	-0.499057	-0.372624	-0.170754	0.0695185	0.312202	0.536054	0.729114	0.882786	0.990101	1.05504	1.08113	1.07259	1.04292	1.00151	0.943819	0.869617	0.78688	0.696406	0.595515	0.496294	0.408064	0.312176	0.21367	0.132308	0.0566706	-0.0155387	-0.0734989	-0.115873	-0.141113	-0.145868	-0.132853	-0.101453	-0.0523644	0	
0	0.355096	0.663059	0.888051	1.01337	1.02021	0.919978	0.732435	0.492982	0.22771	-0.0377377	-0.289694	-0.52093	-0.707932	-0.830374	-0.893842	-0.9257	-0.93789	-0.929171	-0.896105	-0.831609	-0.724873	-0.590314	-0.439688	-0.273409	-0.0941289	0.0787231	0.223352	0.325895	0.371363	0.367654	0.32693	0.245582	0.113439	-0.0521918	-0.222632	-0.373204	-0.496484	-0.589409	-0.647716	-0.661238	-0.633079	-0.563052	-0.473757	-0.390087	-0.313184	-0.221733	-0.117461	-0.00522605	0.106959	0.204551	0.299372	0.408755	0.528046	0.642475	0.723999	0.739157	0.685684	0.56819	0.397603	0.194757	-0.0147982	-0.204541	-0.352898	-0.442857	-0.458436	-0.38869	-0.232445	-0.0152369	0.228636	0.468877	0.689432	0.874628	1.00768	1.08812	1.11989	1.11387	1.0707	1.0021	0.924557	0.834111	0.731017	0.624327	0.521729	0.416089	0.310803	0.214315	0.114524	0.0219144	-0.0500345	-0.118294	-0.183051	-0.22851	-0.25352	-0.257312	-0.238225	-0.203602	-0.15081	-0.0777455	0	
0	0.352346	0.656389	0.881513	1.00578	1.01176	0.900081	0.697046	0.440538	0.162574	-0.110167	-0.366096	-0.596463	-0.77852	-0.888353	-0.931542	-0.940276	-0.930658	-0.902254	-0.856767	-0.781422	-0.663951	-0.509351	-0.336594	-0.148426	0.0592049	0.25549	0.411577	0.508902	0.546299	0.538302	0.488663	0.388934	0.229546	0.0271299	-0.185108	-0.379791	-0.535699	-0.647716	-0.710787	-0.720699	-0.680328	-0.604547	-0.519869	-0.448865	-0.381251	-0.300144	-0.205133	-0.107861	-0.00948118	0.0868252	0.188392	0.304481	0.428913	0.542762	0.619665	0.63634	0.588823	0.486441	0.336691	0.155427	-0.0267581	-0.183634	-0.300124	-0.359757	-0.344632	-0.246705	-0.0746447	0.149091	0.395011	0.632887	0.85155	1.03095	1.14797	1.19523	1.18887	1.14195	1.0523	0.940216	0.820164	0.69295	0.553722	0.420982	0.308194	0.198043	0.095008	-0.000186357	-0.0896699	-0.164553	-0.226373	-0.277222	-0.314413	-0.333306	-0.334221	-0.316019	-0.27563	-0.22183	-0.158548	-0.0823472	0	
0	0.343359	0.64268	0.861905	0.982725	0.977404	0.856942	0.643006	0.379384	0.0915593	-0.191442	-0.451006	-0.67641	-0.844119	-0.936817	-0.956291	-0.94022	-0.904068	-0.856163	-0.794294	-0.712345	-0.59069	-0.430978	-0.249397	-0.043046	0.184984	0.397208	0.553854	0.641997	0.675178	0.662452	0.602268	0.490812	0.312956	0.0909453	-0.151699	-0.372461	-0.545612	-0.661238	-0.720699	-0.717007	-0.671169	-0.601397	-0.536692	-0.481316	-0.430239	-0.366154	-0.293487	-0.217486	-0.133241	-0.0413806	0.0578056	0.16682	0.282347	0.388134	0.469454	0.495391	0.461437	0.379552	0.258134	0.111105	-0.0337323	-0.154106	-0.23348	-0.257991	-0.214238	-0.095045	0.0923523	0.321406	0.567503	0.804156	1.0138	1.1761	1.26754	1.2854	1.24268	1.15194	1.01869	0.859339	0.695366	0.531699	0.362028	0.210929	0.0861702	-0.0323237	-0.137453	-0.22084	-0.286873	-0.341685	-0.384375	-0.411986	-0.417945	-0.401155	-0.373739	-0.333684	-0.277172	-0.21318	-0.143175	-0.0689477	0	
0	0.330669	0.620572	0.83489	0.941846	0.924489	0.792383	0.579723	0.315194	0.0233609	-0.269739	-0.52983	-0.744514	-0.893055	-0.966866	-0.964303	-0.923438	-0.864188	-0.795984	-0.720556	-0.631945	-0.515523	-0.362145	-0.177604	0.0408718	0.281627	0.497832	0.648072	0.730034	0.757209	0.736722	0.669064	0.550729	0.371745	0.141406	-0.1125	-0.342856	-0.520778	-0.633079	-0.680328	-0.671169	-0.630741	-0.579486	-0.534952	-0.497191	-0.46832	-0.43142	-0.383295	-0.32286	-0.254361	-0.170016	-0.0791234	0.0207458	0.125634	0.230739	0.313343	0.347359	0.328665	0.266446	0.173058	0.064668	-0.0406323	-0.127401	-0.17382	-0.164408	-0.0863092	0.0610467	0.26071	0.492697	0.74068	0.969609	1.16098	1.29349	1.34995	1.32751	1.24586	1.12177	0.954389	0.761563	0.558707	0.365431	0.18131	0.0167121	-0.117275	-0.239439	-0.344464	-0.419278	-0.468076	-0.501747	-0.520855	-0.517242	-0.491143	-0.449529	-0.393262	-0.328537	-0.265047	-0.199459	-0.12793	-0.0578502	0	
0	0.313038	0.591424	0.794226	0.885384	0.850735	0.713634	0.506143	0.249875	-0.0420845	-0.335887	-0.590251	-0.786894	-0.915188	-0.969391	-0.94659	-0.88361	-0.8036	-0.718532	-0.629869	-0.537344	-0.432161	-0.289195	-0.107943	0.116121	0.355338	0.563947	0.708165	0.782874	0.803085	0.77465	0.702889	0.590372	0.417342	0.193653	-0.0557706	-0.284753	-0.459046	-0.563052	-0.604547	-0.601397	-0.579486	-0.54779	-0.521965	-0.508441	-0.504036	-0.487186	-0.450358	-0.403737	-0.349432	-0.278033	-0.196353	-0.105131	-0.00683775	0.0933824	0.178099	0.219729	0.208507	0.160038	0.0879954	0.00559143	-0.0753333	-0.128255	-0.132204	-0.081092	0.0318633	0.203459	0.416436	0.654732	0.899713	1.11479	1.27601	1.36584	1.37891	1.31445	1.19524	1.03214	0.835492	0.624751	0.410061	0.211866	0.0247022	-0.14084	-0.280647	-0.403855	-0.500868	-0.568939	-0.610119	-0.628221	-0.619966	-0.585559	-0.534051	-0.476274	-0.407994	-0.328743	-0.254763	-0.18861	-0.12394	-0.0591721	0	
