0	0	0	0	0	0	0	0	0	0	0	0	0	0	0	0	0	0	0	0	0	0	0	0	0	0	0	0	0	0	0	0	0	0	0	0	0	0	0	0	0	0	0	0	0	0	0	0	0	0	0	0	0	0	0	0	0	0	0	0	0	0	0	0	0	0	0	0	0	0	0	0	0	0	0	0	0	0	0	0	0	0	0	0	0	0	0	0	0	0	0	0	0	0	0	0	0	0	0	0	
0	0.00476386	-0.000594306	0.00326761	0.00343994	-0.0068699	-0.00241384	0.000126725	-0.000758391	-0.00178638	-0.000856461	0.00160722	6.36477e-05	0.00280044	0.00106755	-0.00167744	0.00136129	0.00322497	-0.000946861	-0.00328189	-0.000216234	0.00232771	-0.00437303	-0.00310244	-0.00431485	0.00432811	-0.0043724	-0.00784445	-0.00422748	0.00237406	-0.000301064	-0.00763884	-0.00780978	-0.00820534	0.00334871	0.00300515	-0.00267549	-0.0182541	-0.0154263	-0.00799479	0.00375329	0.00936279	0.00889457	-0.00796686	-0.0338432	-0.0592445	-0.0659328	-0.0637305	-0.048358	-0.0227376	0.0156938	0.0619562	0.0971975	0.122035	0.131271	0.136136	0.130347	0.109778	0.074545	0.0248752	-0.0273753	-0.0625693	-0.0831337	-0.0902625	-0.0729832	-0.0547755	-0.0435619	-0.0294151	-0.0186073	-0.0138818	-0.0163269	-0.0220068	-0.0329307	-0.0499696	-0.0629178	-0.077794	-0.0897601	-0.07737	-0.0460863	-0.00652912	0.0416377	0.0887197	0.123025	0.137006	0.133182	0.128548	0.121813	0.0916189	0.041575	-0.00330229	-0.0326542	-0.0498817	-0.0602188	-0.0662393	-0.0580953	-0.0262071	0.0118979	0.0275587	0.0181694	0	
0	-0.000594306	-0.00384255	-0.00403626	0.00306246	-0.00204955	0.00546109	0.0029406	-0.00384889	0.0017857	0.000127096	8.51824e-05	-0.00964409	-0.00127458	0.00392058	-0.00949632	-0.00371859	0.00355858	-0.00505497	-0.00422921	-0.000732734	0.00522933	-0.00446386	-0.00441599	-0.00128336	0.00860822	-0.00183066	-0.0114219	-0.00170286	0.00787411	0.00311713	-0.00922841	-0.0114453	-0.00918221	0.00839559	0.00996452	-0.00456374	-0.0307622	-0.0280897	-0.0128735	0.0065869	0.0177923	0.0117138	-0.0196382	-0.0748042	-0.120695	-0.136212	-0.131249	-0.0958979	-0.0474314	0.0369796	0.126338	0.199402	0.249049	0.267515	0.271826	0.258006	0.21504	0.136429	0.0461788	-0.053194	-0.127626	-0.159501	-0.17023	-0.147556	-0.116313	-0.0876038	-0.0536096	-0.0358593	-0.0332375	-0.0343178	-0.0394563	-0.063577	-0.102079	-0.128248	-0.153454	-0.174559	-0.153822	-0.0944134	-0.0138728	0.0827643	0.175187	0.242459	0.27124	0.266404	0.257487	0.241557	0.18172	0.0852777	-0.00280011	-0.0624237	-0.0982421	-0.11962	-0.130933	-0.113911	-0.0521959	0.0206002	0.0512178	0.0343726	0	
0	0.00326761	-0.00403626	-0.0012981	0.00332279	-0.0052091	0.00300186	-0.00195523	-0.00493176	0.00196752	-0.00198987	0.00256608	-0.00185323	0.00148771	0.00099301	-0.00567075	-0.00119374	0.0057685	-0.00744641	-0.00471157	-0.00191804	0.00215608	-0.00788667	-0.00879277	-0.00456421	0.0051554	-0.00779644	-0.0174033	-0.00672138	0.00562463	-0.00293647	-0.0156244	-0.020688	-0.0140075	0.0056229	0.00820738	-0.013087	-0.0454205	-0.0404042	-0.0200962	0.00906026	0.0220349	0.0136067	-0.0336646	-0.110365	-0.173252	-0.196617	-0.185579	-0.135994	-0.0600666	0.059916	0.189833	0.294139	0.366435	0.394669	0.401822	0.382013	0.315797	0.205043	0.0662576	-0.0790404	-0.185751	-0.240832	-0.253193	-0.220663	-0.174542	-0.126013	-0.0812963	-0.056785	-0.0457327	-0.0492724	-0.0657444	-0.0982423	-0.14576	-0.188766	-0.231562	-0.257878	-0.225922	-0.141487	-0.023175	0.119946	0.25681	0.35607	0.400596	0.399095	0.386503	0.357468	0.269338	0.133007	0.0047749	-0.0866107	-0.143471	-0.177156	-0.192351	-0.165272	-0.0778952	0.0230802	0.0673578	0.046746	0	
0	0.00343994	0.00306246	0.00332279	0.00355811	-0.00621134	-0.00721489	0.00178543	-0.000954695	-0.00145805	-0.00120757	-0.00314814	-0.00368837	0.00114794	0.000178054	-0.00397002	-0.00139614	0.000886586	-0.00327787	-0.00637999	0.00138661	-0.00251763	-0.00452763	-0.00915526	-0.00235891	0.00241623	-0.00830276	-0.0161946	-0.00581851	0.0041773	-0.00515594	-0.0171244	-0.0228916	-0.0125409	0.00383623	0.00786641	-0.0220668	-0.0495509	-0.0490489	-0.0199121	0.00993253	0.0242099	0.00945229	-0.0559068	-0.147194	-0.225746	-0.256447	-0.235042	-0.176484	-0.0651294	0.0865819	0.252224	0.393384	0.481142	0.52324	0.533986	0.498565	0.410662	0.266266	0.0770452	-0.107447	-0.244663	-0.320851	-0.331621	-0.286104	-0.222608	-0.164813	-0.115057	-0.0788613	-0.0613769	-0.0648451	-0.0861642	-0.130389	-0.192039	-0.250921	-0.304928	-0.332827	-0.294917	-0.190213	-0.034405	0.153305	0.331194	0.460414	0.523123	0.530743	0.514645	0.468102	0.354216	0.186232	0.0217876	-0.102865	-0.183795	-0.231323	-0.248456	-0.210266	-0.10349	0.0167083	0.072933	0.0536214	0	
0	-0.0068699	-0.00204955	-0.0052091	-0.00621134	0.00736767	0.00409177	0.00102588	-0.0002274	-0.00423751	-0.000369073	-0.00231727	-0.00277834	-0.00385915	-0.00543574	-0.00498719	-0.00265465	-0.0053369	-0.00377175	-0.00621474	-0.000624684	-0.00591936	-0.00370597	-0.0075238	-0.00188995	-0.00270832	-0.00802344	-0.0123731	-0.00470158	-0.000326654	-0.00766146	-0.0174413	-0.0213919	-0.0107329	0.000751643	0.00107262	-0.0299828	-0.0517608	-0.052504	-0.0205613	0.00693985	0.0195049	-0.00739136	-0.0855175	-0.188737	-0.276245	-0.309177	-0.281007	-0.203308	-0.0611082	0.122797	0.322838	0.491527	0.596909	0.651605	0.655339	0.604582	0.492007	0.307133	0.0822356	-0.130664	-0.298791	-0.386428	-0.394355	-0.355166	-0.286152	-0.206269	-0.138238	-0.0949782	-0.0770906	-0.0826784	-0.11256	-0.163341	-0.231709	-0.309811	-0.37621	-0.401359	-0.359138	-0.238387	-0.0474469	0.180993	0.395509	0.553226	0.637788	0.659935	0.639885	0.572742	0.436995	0.245733	0.0494068	-0.109304	-0.217187	-0.279966	-0.296927	-0.247482	-0.129452	-0.00043183	0.0657747	0.0536108	0	
0	-0.00241384	0.00546109	0.00300186	-0.00721489	0.00409177	-0.00330741	-0.0105194	0.003079	-0.00289769	-0.0014824	-0.000443669	0.000792204	-0.00374787	-0.00354645	0.00234633	-0.0027616	-0.00786524	-0.00218228	-0.00244706	-0.00730488	-0.00829107	-0.00689229	-0.00551084	-0.00843876	-0.0108464	-0.0117369	-0.00990319	-0.00988594	-0.0108479	-0.0145834	-0.0208664	-0.0207431	-0.0146226	-0.00732992	-0.0159558	-0.0371345	-0.0552229	-0.0507941	-0.0237234	0.00207769	0.00864692	-0.0314137	-0.11643	-0.225436	-0.315146	-0.345869	-0.312967	-0.212712	-0.0446747	0.163633	0.392638	0.577768	0.702319	0.768447	0.765823	0.704529	0.566565	0.347977	0.0888482	-0.156514	-0.352954	-0.455025	-0.46195	-0.417773	-0.33291	-0.237472	-0.167209	-0.120396	-0.0944182	-0.0991996	-0.136695	-0.193145	-0.271464	-0.367995	-0.440987	-0.462742	-0.419002	-0.283638	-0.0616579	0.200605	0.447227	0.633549	0.743836	0.783964	0.759581	0.6717	0.518915	0.311345	0.0875767	-0.104546	-0.241287	-0.320188	-0.335343	-0.276274	-0.156448	-0.0291707	0.044883	0.0457017	0	
0	0.000126725	0.0029406	-0.00195523	0.00178543	0.00102588	-0.0105194	-0.0018241	0.00548673	-0.00415702	-0.00467643	-0.00255552	-0.00155386	-0.00628281	-0.00309965	0.00181475	-0.00804692	-0.00925024	0.00133628	-0.00351252	-0.00957723	-0.00920669	-0.002992	-0.00405585	-0.00968766	-0.0158588	-0.00751768	-0.00466321	-0.0119267	-0.0176638	-0.0169305	-0.0171641	-0.016671	-0.0132455	-0.0182058	-0.027656	-0.0422056	-0.0481405	-0.0458767	-0.0240505	-0.00621029	-0.0117732	-0.0640977	-0.15576	-0.264216	-0.349613	-0.380508	-0.334278	-0.213637	-0.0203914	0.216359	0.461177	0.66881	0.810131	0.879282	0.873504	0.79087	0.620176	0.374531	0.0863464	-0.187647	-0.398489	-0.508493	-0.524563	-0.474773	-0.372403	-0.273973	-0.202145	-0.141134	-0.10913	-0.117829	-0.159234	-0.223264	-0.314219	-0.420517	-0.495518	-0.519043	-0.474872	-0.324232	-0.0769016	0.211342	0.485386	0.700472	0.839628	0.899405	0.871455	0.766103	0.601099	0.381933	0.135266	-0.0876898	-0.253407	-0.34844	-0.361519	-0.296927	-0.185108	-0.0689107	0.0106631	0.0293942	0	
0	-0.000758391	-0.00384889	-0.00493176	-0.000954695	-0.0002274	0.003079	0.00548673	-0.00368714	-0.00705464	-0.00412277	-0.00343962	-0.00020924	-0.00915112	-0.00630364	-0.000622848	-0.0102818	-0.00603671	-0.0014003	-0.00535711	-0.0111965	-0.00815942	-0.00252045	-0.00470184	-0.0131075	-0.0181781	-0.00452573	-0.00193865	-0.0173965	-0.0232048	-0.0191238	-0.0125778	-0.0136142	-0.0155017	-0.0315055	-0.0403391	-0.0429057	-0.0399487	-0.0386494	-0.0277937	-0.0206805	-0.041898	-0.106187	-0.197638	-0.301	-0.375949	-0.402696	-0.341414	-0.19835	0.0171813	0.274999	0.532981	0.756024	0.911394	0.983482	0.967227	0.862123	0.659947	0.387027	0.0759429	-0.217242	-0.436117	-0.554531	-0.573914	-0.520033	-0.422652	-0.319557	-0.225463	-0.154934	-0.127857	-0.138957	-0.183883	-0.254871	-0.35169	-0.464754	-0.546898	-0.572153	-0.521413	-0.357898	-0.0947706	0.212379	0.510189	0.753886	0.923059	1.00229	0.973752	0.857435	0.684081	0.455599	0.19081	-0.058242	-0.250623	-0.360896	-0.373917	-0.310594	-0.215665	-0.11744	-0.0349475	0.00490345	0	
0	-0.00178638	0.0017857	0.00196752	-0.00145805	-0.00423751	-0.00289769	-0.00415702	-0.00705464	-0.000647525	0.00314409	-0.00108685	-0.00415421	-0.00660681	-0.00140985	-0.000248648	-0.0106634	-0.00709902	-0.00409354	-0.00843583	-0.013115	-0.0102551	-0.00691992	-0.00869703	-0.0197264	-0.0198267	-0.00609893	-0.00643137	-0.0259384	-0.0305557	-0.0216685	-0.0132904	-0.014572	-0.0269977	-0.0477829	-0.0551006	-0.0427893	-0.0346849	-0.0356581	-0.0379621	-0.0455314	-0.0829006	-0.15412	-0.241115	-0.328514	-0.392869	-0.404828	-0.32876	-0.163549	0.0715433	0.339255	0.605585	0.837629	0.999611	1.07155	1.04443	0.91231	0.688839	0.396537	0.064681	-0.237909	-0.468222	-0.603268	-0.625047	-0.564204	-0.462391	-0.348917	-0.246512	-0.179039	-0.1543	-0.160632	-0.201886	-0.281218	-0.390929	-0.508119	-0.591152	-0.616625	-0.559576	-0.386638	-0.114336	0.205128	0.522326	0.793618	0.991376	1.08888	1.06567	0.946854	0.76729	0.530043	0.252406	-0.015957	-0.230076	-0.354142	-0.371979	-0.318868	-0.247529	-0.171013	-0.0885029	-0.0265816	0	
0	-0.000856461	0.000127096	-0.00198987	-0.00120757	-0.000369073	-0.0014824	-0.00467643	-0.00412277	0.00314409	-0.00528911	-0.00990884	-0.00516424	0.000674049	-0.00506546	-0.0091205	-0.00677167	-0.00360149	-0.00605909	-0.00982876	-0.00983507	-0.00807712	-0.00721106	-0.0112534	-0.0186667	-0.0157966	-0.00516915	-0.0117	-0.0282176	-0.030992	-0.0191234	-0.0111104	-0.0161344	-0.0362072	-0.0594007	-0.0585288	-0.0365923	-0.0247378	-0.031606	-0.0498923	-0.0744532	-0.130287	-0.202354	-0.282319	-0.351039	-0.400905	-0.396765	-0.303451	-0.117581	0.12927	0.407279	0.676621	0.916855	1.08577	1.15223	1.1092	0.950468	0.70097	0.387576	0.0475613	-0.262471	-0.498295	-0.63376	-0.659523	-0.603586	-0.501633	-0.379227	-0.273845	-0.207476	-0.172844	-0.172293	-0.22344	-0.318194	-0.428612	-0.538943	-0.628057	-0.657684	-0.589882	-0.408659	-0.134828	0.190809	0.523925	0.819418	1.04106	1.15665	1.14745	1.03416	0.848766	0.60317	0.318682	0.0392788	-0.189556	-0.326058	-0.356194	-0.323015	-0.278939	-0.224732	-0.145247	-0.062657	0	
0	0.00160722	8.51824e-05	0.00256608	-0.00314814	-0.00231727	-0.000443669	-0.00255552	-0.00343962	-0.00108685	-0.00990884	-0.00890621	-7.95735e-07	-0.00466562	-0.0103602	-0.0106975	0.000625556	-0.00617184	-0.0130406	-0.00804666	-0.00685213	-0.00818952	-0.0112728	-0.0152039	-0.0144068	-0.0128304	-0.00925399	-0.0197802	-0.0276479	-0.0292065	-0.0172492	-0.0130491	-0.0225254	-0.0480769	-0.0667186	-0.0574853	-0.0304601	-0.0188995	-0.0355785	-0.0688601	-0.116437	-0.181717	-0.254563	-0.316884	-0.367552	-0.395932	-0.3712	-0.259244	-0.0560051	0.197741	0.478601	0.747794	0.991372	1.15767	1.21888	1.15243	0.971151	0.701748	0.371324	0.0314189	-0.284341	-0.52242	-0.659316	-0.690699	-0.634431	-0.533978	-0.411479	-0.302754	-0.229143	-0.188256	-0.193361	-0.252349	-0.347201	-0.454215	-0.569205	-0.667573	-0.689697	-0.607002	-0.426282	-0.1574	0.172742	0.517743	0.829963	1.06949	1.20541	1.21914	1.1168	0.925684	0.673809	0.38903	0.107376	-0.128281	-0.276612	-0.327775	-0.323053	-0.306796	-0.273151	-0.199482	-0.0996205	0	
0	6.36477e-05	-0.00964409	-0.00185323	-0.00368837	-0.00277834	0.000792204	-0.00155386	-0.00020924	-0.00415421	-0.00516424	-7.95735e-07	0.00017273	-0.00954173	-0.0121096	-0.00610756	-0.00271693	-0.0157286	-0.0179295	-0.00757786	-0.009709	-0.0153828	-0.019824	-0.018533	-0.0124512	-0.0150677	-0.0215876	-0.0276019	-0.0270523	-0.0278978	-0.0206605	-0.0216026	-0.0358917	-0.0613914	-0.0706733	-0.0556955	-0.0295069	-0.0234313	-0.0509871	-0.102104	-0.169671	-0.240772	-0.305066	-0.348263	-0.374742	-0.378186	-0.327201	-0.194668	0.0196318	0.278664	0.55477	0.822955	1.06056	1.21989	1.26394	1.17414	0.970447	0.681952	0.351959	0.0128552	-0.297987	-0.530716	-0.677144	-0.716524	-0.666617	-0.566709	-0.43999	-0.329733	-0.246956	-0.204598	-0.220414	-0.278412	-0.368427	-0.481316	-0.603374	-0.697969	-0.707232	-0.619303	-0.443819	-0.17669	0.155733	0.503752	0.823638	1.07705	1.23677	1.27912	1.19017	0.995297	0.741972	0.463587	0.187803	-0.0476529	-0.208227	-0.288001	-0.317033	-0.326794	-0.310903	-0.245083	-0.132714	0	
0	0.00280044	-0.00127458	0.00148771	0.00114794	-0.00385915	-0.00374787	-0.00628281	-0.00915112	-0.00660681	0.000674049	-0.00466562	-0.00954173	-0.00486357	-0.00591882	-0.00337223	-0.00509907	-0.0127586	-0.0108923	-0.00374403	-0.00983878	-0.0164631	-0.0208852	-0.013503	-0.00976123	-0.0181266	-0.0326595	-0.0276486	-0.0235231	-0.0249518	-0.0266084	-0.0319343	-0.0492607	-0.0669829	-0.0649631	-0.0487668	-0.0279628	-0.0315903	-0.0687436	-0.139545	-0.219762	-0.291338	-0.340698	-0.362849	-0.365237	-0.339845	-0.264332	-0.115511	0.102042	0.357486	0.625357	0.888483	1.11508	1.26492	1.2904	1.18012	0.96001	0.661091	0.330381	-0.00342751	-0.308687	-0.54408	-0.691503	-0.736072	-0.692214	-0.591337	-0.466188	-0.350971	-0.266625	-0.233596	-0.244357	-0.293059	-0.391649	-0.514055	-0.631991	-0.716215	-0.718899	-0.630972	-0.456008	-0.188686	0.139283	0.481639	0.801971	1.06669	1.25224	1.32388	1.24878	1.05568	0.808623	0.542893	0.279127	0.0483299	-0.125384	-0.23742	-0.300883	-0.333817	-0.333138	-0.276125	-0.156808	0	
0	0.00106755	0.00392058	0.00099301	0.000178054	-0.00543574	-0.00354645	-0.00309965	-0.00630364	-0.00140985	-0.00506546	-0.0103602	-0.0121096	-0.00591882	-0.0074087	-0.00851605	-0.0094426	-0.0146396	-0.0093715	-0.00629821	-0.0140921	-0.0184801	-0.0193555	-0.00981472	-0.0101178	-0.0256949	-0.0359686	-0.0241743	-0.0167018	-0.0250183	-0.0328701	-0.0444464	-0.0579796	-0.0644095	-0.0538193	-0.0431078	-0.0342811	-0.0496816	-0.100108	-0.187944	-0.275523	-0.340899	-0.371379	-0.372669	-0.346316	-0.291325	-0.187343	-0.0281298	0.191919	0.438215	0.700088	0.952322	1.16493	1.29724	1.29895	1.17032	0.932447	0.631457	0.302553	-0.0216567	-0.3164	-0.551946	-0.697048	-0.748076	-0.709253	-0.61116	-0.492708	-0.376663	-0.292461	-0.25562	-0.259692	-0.314057	-0.418602	-0.540359	-0.654306	-0.730035	-0.727858	-0.638743	-0.460016	-0.194111	0.122863	0.452816	0.768196	1.04295	1.25274	1.34842	1.28771	1.10624	0.875077	0.62704	0.378431	0.153445	-0.0334128	-0.175315	-0.26907	-0.32251	-0.335643	-0.28757	-0.167468	0	
0	-0.00167744	-0.00949632	-0.00567075	-0.00397002	-0.00498719	0.00234633	0.00181475	-0.000622848	-0.000248648	-0.0091205	-0.0106975	-0.00610756	-0.00337223	-0.00851605	-0.0173049	-0.0161403	-0.0125767	-0.0103027	-0.0161655	-0.0214865	-0.0204398	-0.0186371	-0.0125454	-0.0198476	-0.0344179	-0.0369179	-0.021673	-0.0171999	-0.0319643	-0.0458823	-0.0600525	-0.0639765	-0.0587025	-0.0456376	-0.0469342	-0.052926	-0.081864	-0.14603	-0.244517	-0.331071	-0.382596	-0.391603	-0.369384	-0.311196	-0.223537	-0.0948206	0.0735387	0.287022	0.52601	0.775321	1.01256	1.20457	1.30914	1.28669	1.13774	0.890113	0.590105	0.272846	-0.0346856	-0.318771	-0.544214	-0.692697	-0.756399	-0.724471	-0.636573	-0.520366	-0.401125	-0.315311	-0.269334	-0.274881	-0.339495	-0.445329	-0.565742	-0.671078	-0.736192	-0.735589	-0.643757	-0.455034	-0.193294	0.10592	0.418947	0.727823	1.01123	1.23708	1.34752	1.30477	1.14782	0.94159	0.714456	0.48116	0.260628	0.0631633	-0.0998147	-0.215953	-0.28787	-0.314732	-0.275949	-0.162129	0	
0	0.00136129	-0.00371859	-0.00119374	-0.00139614	-0.00265465	-0.0027616	-0.00804692	-0.0102818	-0.0106634	-0.00677167	0.000625556	-0.00271693	-0.00509907	-0.0094426	-0.0161403	-0.00640311	-0.0018018	-0.0140409	-0.0224855	-0.0181482	-0.0160861	-0.0167372	-0.020958	-0.0299293	-0.0380163	-0.0339053	-0.0226887	-0.0252185	-0.043649	-0.0631109	-0.0716374	-0.0651279	-0.0491461	-0.044326	-0.0577632	-0.0819911	-0.122153	-0.199001	-0.296717	-0.373923	-0.404334	-0.391631	-0.341295	-0.251844	-0.131475	0.0139481	0.183477	0.384787	0.608734	0.841303	1.05482	1.2192	1.29415	1.25092	1.09052	0.844545	0.555969	0.252706	-0.0389372	-0.312676	-0.539363	-0.693128	-0.763381	-0.742649	-0.658776	-0.538934	-0.417972	-0.328705	-0.287532	-0.305003	-0.366383	-0.463814	-0.581483	-0.681606	-0.747569	-0.746174	-0.636893	-0.439103	-0.192496	0.0865063	0.385567	0.688691	0.973924	1.20161	1.31939	1.3021	1.18099	1.00569	0.801302	0.581742	0.363903	0.162008	-0.00865281	-0.137354	-0.225806	-0.267227	-0.239895	-0.140882	0	
0	0.00322497	0.00355858	0.0057685	0.000886586	-0.0053369	-0.00786524	-0.00925024	-0.00603671	-0.00709902	-0.00360149	-0.00617184	-0.0157286	-0.0127586	-0.0146396	-0.0125767	-0.0018018	-0.0109985	-0.0249487	-0.0199331	-0.0108226	-0.0119008	-0.0198652	-0.0262791	-0.0323255	-0.0282414	-0.025486	-0.0226402	-0.0311493	-0.0513068	-0.0696743	-0.070019	-0.0515128	-0.0375445	-0.043846	-0.0758123	-0.114821	-0.171401	-0.252599	-0.344224	-0.403931	-0.414253	-0.379065	-0.301424	-0.179955	-0.0346931	0.1234	0.287156	0.475968	0.686487	0.897674	1.08893	1.21984	1.26689	1.20542	1.03783	0.796916	0.520484	0.232866	-0.0470016	-0.309506	-0.534146	-0.691835	-0.765187	-0.748979	-0.667102	-0.553478	-0.440318	-0.354203	-0.314367	-0.325579	-0.379653	-0.47846	-0.597942	-0.699409	-0.762574	-0.742404	-0.6167	-0.426627	-0.196251	0.0720065	0.360317	0.653434	0.928538	1.14522	1.26899	1.28412	1.20374	1.06197	0.881909	0.67462	0.460104	0.263548	0.0997265	-0.0317765	-0.133737	-0.190866	-0.180381	-0.106426	0	
0	-0.000946861	-0.00505497	-0.00744641	-0.00327787	-0.00377175	-0.00218228	0.00133628	-0.0014003	-0.00409354	-0.00605909	-0.0130406	-0.0179295	-0.0108923	-0.0093715	-0.0103027	-0.0140409	-0.0249487	-0.0234586	-0.0157518	-0.0126301	-0.0204599	-0.0283584	-0.0362159	-0.0319573	-0.022967	-0.0275382	-0.0350453	-0.0457671	-0.0634201	-0.0761566	-0.0651959	-0.0440101	-0.0386971	-0.0627038	-0.108861	-0.166105	-0.23205	-0.311726	-0.384857	-0.422979	-0.410878	-0.349994	-0.242165	-0.0907427	0.076041	0.237335	0.39567	0.568725	0.761868	0.94995	1.10717	1.20412	1.22203	1.14347	0.975473	0.743649	0.480715	0.210415	-0.0515379	-0.302674	-0.520442	-0.674316	-0.75786	-0.755769	-0.68311	-0.577266	-0.464076	-0.374756	-0.33074	-0.337013	-0.394514	-0.498448	-0.619717	-0.718311	-0.763362	-0.724999	-0.602988	-0.422692	-0.193709	0.068647	0.342734	0.619584	0.873652	1.07336	1.2056	1.25367	1.21138	1.10368	0.949543	0.75534	0.549819	0.370433	0.225192	0.0991738	-0.0113226	-0.0852877	-0.100518	-0.0630042	0	
0	-0.00328189	-0.00422921	-0.00471157	-0.00637999	-0.00621474	-0.00244706	-0.00351252	-0.00535711	-0.00843583	-0.00982876	-0.00804666	-0.00757786	-0.00374403	-0.00629821	-0.0161655	-0.0224855	-0.0199331	-0.0157518	-0.0170788	-0.021644	-0.0272216	-0.0379159	-0.0398313	-0.0282571	-0.0227283	-0.0392943	-0.0526522	-0.0610821	-0.0724387	-0.0754388	-0.0580656	-0.0433501	-0.0545368	-0.0937068	-0.155262	-0.225181	-0.296564	-0.360688	-0.410381	-0.422606	-0.386722	-0.297626	-0.158353	0.0176654	0.196582	0.357528	0.503453	0.661145	0.829606	0.985127	1.10425	1.16147	1.15288	1.06542	0.904069	0.689844	0.451046	0.201641	-0.0449267	-0.284453	-0.503393	-0.666926	-0.758137	-0.763173	-0.698567	-0.595842	-0.480243	-0.387945	-0.342033	-0.353137	-0.417974	-0.521016	-0.636803	-0.723605	-0.754071	-0.716322	-0.599655	-0.412058	-0.179779	0.071233	0.329793	0.585453	0.811847	0.996455	1.13802	1.21059	1.19884	1.12418	0.997389	0.821838	0.636994	0.485813	0.365538	0.251289	0.13869	0.0466614	-0.00493897	-0.0146739	0	
0	-0.000216234	-0.000732734	-0.00191804	0.00138661	-0.000624684	-0.00730488	-0.00957723	-0.0111965	-0.013115	-0.00983507	-0.00685213	-0.009709	-0.00983878	-0.0140921	-0.0214865	-0.0181482	-0.0108226	-0.0126301	-0.021644	-0.0217758	-0.0306134	-0.0364756	-0.031016	-0.0193635	-0.0269548	-0.0508149	-0.0635227	-0.0662827	-0.0686243	-0.0626706	-0.0484387	-0.0494636	-0.0781138	-0.131511	-0.204662	-0.284777	-0.348105	-0.391484	-0.41147	-0.400293	-0.338648	-0.220791	-0.0564451	0.135315	0.315603	0.467939	0.601707	0.736052	0.877962	0.996525	1.07553	1.10276	1.07537	0.9884	0.842365	0.647033	0.427137	0.195608	-0.0398266	-0.273374	-0.489455	-0.656211	-0.756202	-0.770454	-0.708302	-0.604435	-0.491452	-0.402999	-0.36058	-0.375434	-0.438355	-0.534391	-0.644013	-0.724984	-0.7535	-0.715671	-0.589383	-0.391954	-0.163691	0.0773685	0.320829	0.549038	0.750041	0.926365	1.07071	1.15299	1.16293	1.11807	1.02054	0.875431	0.726659	0.611037	0.516984	0.418774	0.309708	0.197993	0.101036	0.0362192	0	
0	0.00232771	0.00522933	0.00215608	-0.00251763	-0.00591936	-0.00829107	-0.00920669	-0.00815942	-0.0102551	-0.00807712	-0.00818952	-0.0153828	-0.0164631	-0.0184801	-0.0204398	-0.0160861	-0.0119008	-0.0204599	-0.0272216	-0.0306134	-0.0355661	-0.0318768	-0.0237799	-0.025785	-0.0427156	-0.0643932	-0.071225	-0.0677705	-0.0591598	-0.0526804	-0.0511625	-0.0737221	-0.116826	-0.182666	-0.264904	-0.344654	-0.391983	-0.406287	-0.399614	-0.361792	-0.273211	-0.127805	0.0572556	0.253592	0.431272	0.573592	0.691906	0.804073	0.910732	0.989764	1.03095	1.02854	0.991169	0.910964	0.780879	0.608813	0.409477	0.190996	-0.0337066	-0.261091	-0.479175	-0.647584	-0.747867	-0.76704	-0.712317	-0.61631	-0.508175	-0.421153	-0.379499	-0.391545	-0.449658	-0.543403	-0.651677	-0.731359	-0.757048	-0.709927	-0.572429	-0.371517	-0.145515	0.0875552	0.309303	0.512067	0.700782	0.869949	1.00222	1.08031	1.10343	1.08262	1.01871	0.920139	0.821309	0.744121	0.675267	0.59494	0.491111	0.357861	0.212082	0.0893842	0	
0	-0.00437303	-0.00446386	-0.00788667	-0.00452763	-0.00370597	-0.00689229	-0.002992	-0.00252045	-0.00691992	-0.00721106	-0.0112728	-0.019824	-0.0208852	-0.0193555	-0.0186371	-0.0167372	-0.0198652	-0.0283584	-0.0379159	-0.0364756	-0.0318768	-0.0236063	-0.0296301	-0.0440651	-0.0587954	-0.0719649	-0.0744461	-0.0624017	-0.0493306	-0.0514559	-0.0726675	-0.112511	-0.168665	-0.242659	-0.327442	-0.395393	-0.416779	-0.403133	-0.367451	-0.303679	-0.185716	-0.0174616	0.177067	0.372181	0.540031	0.671651	0.772599	0.854731	0.925051	0.962524	0.969301	0.948202	0.905848	0.835903	0.725774	0.571666	0.389332	0.187228	-0.027783	-0.246746	-0.459041	-0.630373	-0.740022	-0.768986	-0.719789	-0.628243	-0.524074	-0.437049	-0.392433	-0.401993	-0.459541	-0.552358	-0.660434	-0.740367	-0.759016	-0.699239	-0.553291	-0.348936	-0.125713	0.0918187	0.293441	0.487656	0.672142	0.822906	0.929848	0.995837	1.02273	1.02027	0.997691	0.959702	0.918126	0.880018	0.836139	0.771939	0.669316	0.51349	0.322985	0.145236	0	
0	-0.00310244	-0.00441599	-0.00879277	-0.00915526	-0.0075238	-0.00551084	-0.00405585	-0.00470184	-0.00869703	-0.0112534	-0.0152039	-0.018533	-0.013503	-0.00981472	-0.0125454	-0.020958	-0.0262791	-0.0362159	-0.0398313	-0.031016	-0.0237799	-0.0296301	-0.0500551	-0.063739	-0.0690729	-0.0768607	-0.0735768	-0.0564838	-0.0477996	-0.07146	-0.112439	-0.167046	-0.230273	-0.30897	-0.383545	-0.428265	-0.42059	-0.377193	-0.31413	-0.218704	-0.0750757	0.109002	0.304928	0.49032	0.648769	0.764274	0.841879	0.888409	0.914057	0.911623	0.889023	0.853785	0.816301	0.762558	0.673731	0.544405	0.380305	0.190647	-0.014662	-0.230289	-0.444142	-0.618467	-0.732034	-0.768257	-0.728657	-0.642163	-0.536753	-0.447825	-0.400894	-0.40777	-0.467266	-0.564759	-0.674344	-0.748506	-0.754186	-0.682642	-0.531548	-0.328678	-0.11603	0.0885366	0.288165	0.484871	0.65612	0.777274	0.85615	0.904684	0.926027	0.941043	0.967217	0.993982	1.00945	1.01208	0.994119	0.939942	0.83042	0.653154	0.428053	0.202451	0	
0	-0.00431485	-0.00128336	-0.00456421	-0.00235891	-0.00188995	-0.00843876	-0.00968766	-0.0131075	-0.0197264	-0.0186667	-0.0144068	-0.0124512	-0.00976123	-0.0101178	-0.0198476	-0.0299293	-0.0323255	-0.0319573	-0.0282571	-0.0193635	-0.025785	-0.0440651	-0.063739	-0.0679465	-0.0676989	-0.0699512	-0.0616843	-0.0473711	-0.0581672	-0.103435	-0.16061	-0.222686	-0.291767	-0.3636	-0.417167	-0.432184	-0.395595	-0.325917	-0.231767	-0.109319	0.0544482	0.24111	0.428323	0.600922	0.743079	0.839406	0.88543	0.890662	0.874694	0.838032	0.796824	0.761225	0.733985	0.70045	0.635336	0.523792	0.376249	0.198556	-0.00178686	-0.213191	-0.428261	-0.609756	-0.731652	-0.77481	-0.735798	-0.647435	-0.541597	-0.450719	-0.404518	-0.418617	-0.484307	-0.580189	-0.682525	-0.746384	-0.741286	-0.664813	-0.516807	-0.321442	-0.113994	0.0950333	0.302456	0.492627	0.640162	0.733135	0.785595	0.810955	0.824474	0.861254	0.935216	1.01834	1.08655	1.13265	1.13995	1.08718	0.963595	0.768555	0.520277	0.256111	0	
0	0.00432811	0.00860822	0.0051554	0.00241623	-0.00270832	-0.0108464	-0.0158588	-0.0181781	-0.0198267	-0.0157966	-0.0128304	-0.0150677	-0.0181266	-0.0256949	-0.0344179	-0.0380163	-0.0282414	-0.022967	-0.0227283	-0.0269548	-0.0427156	-0.0587954	-0.0690729	-0.0676989	-0.0620881	-0.0578462	-0.0510237	-0.0552321	-0.088836	-0.151061	-0.215833	-0.284285	-0.349583	-0.403823	-0.426844	-0.412224	-0.3499	-0.25181	-0.129421	0.0173383	0.187219	0.367921	0.540682	0.696774	0.821549	0.890146	0.900517	0.863726	0.810433	0.750832	0.703349	0.674789	0.666448	0.654678	0.609506	0.516439	0.37773	0.204243	0.0055454	-0.208209	-0.424394	-0.605923	-0.726763	-0.769418	-0.732592	-0.646127	-0.542992	-0.459141	-0.419471	-0.43427	-0.496746	-0.586261	-0.679319	-0.736069	-0.730349	-0.658665	-0.515347	-0.318297	-0.101162	0.117882	0.322977	0.49659	0.623174	0.693537	0.718789	0.722496	0.736104	0.795496	0.903719	1.02783	1.1431	1.23161	1.25943	1.20188	1.06312	0.855042	0.591298	0.298244	0	
0	-0.0043724	-0.00183066	-0.00779644	-0.00830276	-0.00802344	-0.0117369	-0.00751768	-0.00452573	-0.00609893	-0.00516915	-0.00925399	-0.0215876	-0.0326595	-0.0359686	-0.0369179	-0.0339053	-0.025486	-0.0275382	-0.0392943	-0.0508149	-0.0643932	-0.0719649	-0.0768607	-0.0699512	-0.0578462	-0.0536275	-0.064513	-0.0932201	-0.144446	-0.214213	-0.284552	-0.351888	-0.402452	-0.427228	-0.418421	-0.3768	-0.287959	-0.161907	-0.0117957	0.146766	0.31549	0.482586	0.641036	0.780778	0.883072	0.921416	0.893012	0.818967	0.738136	0.666277	0.620142	0.604522	0.611069	0.615807	0.585264	0.500577	0.370178	0.202237	0.00801685	-0.199416	-0.412355	-0.592392	-0.714362	-0.761671	-0.729387	-0.650138	-0.554826	-0.472973	-0.431753	-0.442836	-0.497378	-0.578889	-0.671173	-0.734112	-0.733936	-0.661965	-0.511734	-0.30289	-0.0760029	0.142459	0.336685	0.496293	0.607305	0.656114	0.659398	0.655197	0.676783	0.748719	0.871743	1.02197	1.17445	1.29525	1.33622	1.27497	1.1271	0.909666	0.633091	0.321135	0	
0	-0.00784445	-0.0114219	-0.0174033	-0.0161946	-0.0123731	-0.00990319	-0.00466321	-0.00193865	-0.00643137	-0.0117	-0.0197802	-0.0276019	-0.0276486	-0.0241743	-0.021673	-0.0226887	-0.0226402	-0.0350453	-0.0526522	-0.0635227	-0.071225	-0.0744461	-0.0735768	-0.0616843	-0.0510237	-0.064513	-0.100865	-0.148583	-0.207615	-0.281621	-0.351885	-0.406359	-0.428529	-0.419506	-0.38096	-0.312194	-0.195462	-0.0400643	0.127134	0.289282	0.446066	0.599101	0.740197	0.858625	0.930913	0.929999	0.861283	0.752828	0.651791	0.574494	0.536225	0.53357	0.55757	0.578384	0.561515	0.490209	0.367968	0.207867	0.0191878	-0.185367	-0.395771	-0.578816	-0.706325	-0.760271	-0.736711	-0.661764	-0.565427	-0.480353	-0.431664	-0.434471	-0.488764	-0.577441	-0.677016	-0.742771	-0.738893	-0.65768	-0.496428	-0.279594	-0.0522603	0.159419	0.344197	0.49268	0.588697	0.62281	0.621495	0.623317	0.649425	0.71846	0.841314	1.00345	1.1743	1.30924	1.35789	1.30097	1.15339	0.929019	0.641008	0.321555	0	
0	-0.00422748	-0.00170286	-0.00672138	-0.00581851	-0.00470158	-0.00988594	-0.0119267	-0.0173965	-0.0259384	-0.0282176	-0.0276479	-0.0270523	-0.0235231	-0.0167018	-0.0171999	-0.0252185	-0.0311493	-0.0457671	-0.0610821	-0.0662827	-0.0677705	-0.0624017	-0.0564838	-0.0473711	-0.0552321	-0.0932201	-0.148583	-0.2047	-0.267409	-0.341929	-0.400721	-0.428866	-0.416736	-0.377513	-0.311725	-0.216372	-0.0709958	0.103097	0.276115	0.42723	0.568744	0.702456	0.822524	0.910599	0.944242	0.901008	0.795085	0.662473	0.552585	0.481812	0.45721	0.474407	0.516223	0.553784	0.551565	0.490041	0.376176	0.219861	0.0327795	-0.173161	-0.389475	-0.577072	-0.709457	-0.767948	-0.74316	-0.664024	-0.562127	-0.470909	-0.422071	-0.431505	-0.492686	-0.58502	-0.685024	-0.746974	-0.734679	-0.643885	-0.476309	-0.258508	-0.0353283	0.168958	0.344176	0.481717	0.570674	0.608208	0.618049	0.626435	0.64681	0.703512	0.816534	0.971598	1.13482	1.26557	1.3201	1.27596	1.13628	0.909146	0.616154	0.302734	0	
0	0.00237406	0.00787411	0.00562463	0.0041773	-0.000326654	-0.0108479	-0.0176638	-0.0232048	-0.0305557	-0.030992	-0.0292065	-0.0278978	-0.0249518	-0.0250183	-0.0319643	-0.043649	-0.0513068	-0.0634201	-0.0724387	-0.0686243	-0.0591598	-0.0493306	-0.0477996	-0.0581672	-0.088836	-0.144446	-0.207615	-0.267409	-0.330632	-0.394108	-0.427699	-0.421325	-0.378737	-0.312327	-0.221068	-0.0972885	0.0678584	0.2495	0.412729	0.548189	0.669763	0.78309	0.874508	0.926129	0.917564	0.836669	0.704712	0.562369	0.458625	0.402882	0.400271	0.436668	0.496116	0.546638	0.551969	0.495047	0.381199	0.223795	0.0329706	-0.175396	-0.391362	-0.580775	-0.711538	-0.76453	-0.73586	-0.653937	-0.552466	-0.466124	-0.421914	-0.434541	-0.498841	-0.591547	-0.687007	-0.741527	-0.721962	-0.626329	-0.457765	-0.243291	-0.0274305	0.167111	0.333874	0.470335	0.56984	0.624672	0.646293	0.653618	0.663291	0.704466	0.795465	0.92008	1.05267	1.16717	1.22534	1.1954	1.06775	0.847752	0.564743	0.272132	0	
0	-0.000301064	0.00311713	-0.00293647	-0.00515594	-0.00766146	-0.0145834	-0.0169305	-0.0191238	-0.0216685	-0.0191234	-0.0172492	-0.0206605	-0.0266084	-0.0328701	-0.0458823	-0.0631109	-0.0696743	-0.0761566	-0.0754388	-0.0626706	-0.0526804	-0.0514559	-0.07146	-0.103435	-0.151061	-0.214213	-0.281621	-0.341929	-0.394108	-0.432721	-0.431335	-0.394039	-0.323559	-0.232186	-0.111698	0.0339081	0.209997	0.384571	0.533846	0.651093	0.754818	0.843541	0.902529	0.914047	0.867852	0.757981	0.613618	0.473557	0.38245	0.346427	0.360607	0.413146	0.482794	0.539049	0.547768	0.491355	0.377204	0.218685	0.0294782	-0.178023	-0.392851	-0.575801	-0.701976	-0.754683	-0.72636	-0.646653	-0.54833	-0.464927	-0.424836	-0.440054	-0.502017	-0.589175	-0.678843	-0.72828	-0.705119	-0.609119	-0.445061	-0.239747	-0.034347	0.154256	0.325148	0.47707	0.597301	0.667756	0.694086	0.697305	0.696098	0.714891	0.767248	0.84338	0.933794	1.02482	1.07832	1.05572	0.943283	0.746454	0.494055	0.236255	0	
0	-0.00763884	-0.00922841	-0.0156244	-0.0171244	-0.0174413	-0.0208664	-0.0171641	-0.0125778	-0.0132904	-0.0111104	-0.0130491	-0.0216026	-0.0319343	-0.0444464	-0.0600525	-0.0716374	-0.070019	-0.0651959	-0.0580656	-0.0484387	-0.0511625	-0.0726675	-0.112439	-0.16061	-0.215833	-0.284552	-0.351885	-0.400721	-0.427699	-0.431335	-0.398585	-0.33277	-0.237424	-0.116424	0.0270104	0.186187	0.357121	0.518409	0.649049	0.748349	0.828637	0.885763	0.904548	0.875767	0.795664	0.668316	0.520632	0.390827	0.317562	0.298264	0.329864	0.392904	0.469659	0.530272	0.539975	0.484126	0.37158	0.21598	0.0284274	-0.17441	-0.384289	-0.568297	-0.695212	-0.746678	-0.719581	-0.642946	-0.548725	-0.46827	-0.426874	-0.438142	-0.495636	-0.577672	-0.662277	-0.708921	-0.687899	-0.600123	-0.448034	-0.252955	-0.0499214	0.14754	0.336773	0.509996	0.646864	0.726005	0.7546	0.753477	0.735344	0.718771	0.720666	0.743636	0.789734	0.849191	0.884259	0.859947	0.767478	0.610711	0.407685	0.196289	0	
0	-0.00780978	-0.0114453	-0.020688	-0.0228916	-0.0213919	-0.0207431	-0.016671	-0.0136142	-0.014572	-0.0161344	-0.0225254	-0.0358917	-0.0492607	-0.0579796	-0.0639765	-0.0651279	-0.0515128	-0.0440101	-0.0433501	-0.0494636	-0.0737221	-0.112511	-0.167046	-0.222686	-0.284285	-0.351888	-0.406359	-0.428866	-0.421325	-0.394039	-0.33277	-0.242308	-0.117425	0.026496	0.184631	0.339553	0.497943	0.639992	0.752179	0.828679	0.878378	0.896435	0.873381	0.808017	0.706076	0.570386	0.430216	0.315542	0.259539	0.258648	0.302	0.375449	0.459205	0.523274	0.536356	0.483694	0.372691	0.218089	0.033497	-0.170407	-0.382043	-0.562746	-0.688775	-0.743632	-0.720039	-0.645186	-0.549731	-0.466433	-0.421616	-0.427174	-0.477482	-0.554736	-0.639517	-0.692592	-0.684065	-0.609987	-0.465866	-0.268944	-0.0537484	0.162938	0.372338	0.56153	0.708952	0.794457	0.823518	0.810259	0.762229	0.701199	0.653207	0.627885	0.628711	0.646917	0.652294	0.622158	0.554598	0.447618	0.304035	0.148019	0	
0	-0.00820534	-0.00918221	-0.0140075	-0.0125409	-0.0107329	-0.0146226	-0.0132455	-0.0155017	-0.0269977	-0.0362072	-0.0480769	-0.0613914	-0.0669829	-0.0644095	-0.0587025	-0.0491461	-0.0375445	-0.0386971	-0.0545368	-0.0781138	-0.116826	-0.168665	-0.230273	-0.291767	-0.349583	-0.402452	-0.428529	-0.416736	-0.378737	-0.323559	-0.237424	-0.117425	0.0302534	0.189101	0.342796	0.485194	0.623659	0.746508	0.834986	0.8805	0.891284	0.865849	0.804102	0.713358	0.599784	0.469884	0.343427	0.248784	0.214081	0.228553	0.28669	0.368838	0.457618	0.525499	0.539253	0.485617	0.375783	0.222231	0.0358341	-0.167236	-0.378819	-0.565217	-0.695545	-0.749506	-0.722803	-0.644423	-0.545031	-0.454986	-0.401327	-0.400886	-0.449892	-0.531409	-0.626999	-0.694237	-0.697612	-0.62815	-0.478912	-0.268447	-0.035036	0.1998	0.424057	0.624651	0.780223	0.867854	0.887093	0.84791	0.761503	0.658253	0.568429	0.499186	0.452103	0.424419	0.399152	0.365407	0.323502	0.264244	0.1799	0.0862109	0	
0	0.00334871	0.00839559	0.0056229	0.00383623	0.000751643	-0.00732992	-0.0182058	-0.0315055	-0.0477829	-0.0594007	-0.0667186	-0.0706733	-0.0649631	-0.0538193	-0.0456376	-0.044326	-0.043846	-0.0627038	-0.0937068	-0.131511	-0.182666	-0.242659	-0.30897	-0.3636	-0.403823	-0.427228	-0.419506	-0.377513	-0.312327	-0.232186	-0.116424	0.026496	0.189101	0.343491	0.484536	0.606887	0.727063	0.826998	0.885325	0.893203	0.860969	0.797511	0.708719	0.605825	0.496644	0.37896	0.272875	0.19925	0.18208	0.213057	0.280876	0.370652	0.465407	0.534617	0.548431	0.494987	0.381501	0.222761	0.0331026	-0.177424	-0.394999	-0.578813	-0.704057	-0.752931	-0.720154	-0.633024	-0.522719	-0.425629	-0.370875	-0.373289	-0.430231	-0.524789	-0.632607	-0.706481	-0.710591	-0.634771	-0.472262	-0.245886	0.00278565	0.251466	0.487672	0.696614	0.853047	0.929917	0.925446	0.852952	0.730636	0.592878	0.466452	0.35402	0.260433	0.193582	0.146993	0.113662	0.0915549	0.0686882	0.0368691	0.010289	0	
0	0.00300515	0.00996452	0.00820738	0.00786641	0.00107262	-0.0159558	-0.027656	-0.0403391	-0.0551006	-0.0585288	-0.0574853	-0.0556955	-0.0487668	-0.0431078	-0.0469342	-0.0577632	-0.0758123	-0.108861	-0.155262	-0.204662	-0.264904	-0.327442	-0.383545	-0.417167	-0.426844	-0.418421	-0.38096	-0.311725	-0.221068	-0.111698	0.0270104	0.184631	0.342796	0.484536	0.60499	0.709415	0.807722	0.878622	0.89941	0.86371	0.793317	0.701199	0.599595	0.500328	0.403111	0.306798	0.221774	0.169173	0.17144	0.214215	0.292128	0.386973	0.481156	0.547579	0.555166	0.492037	0.372149	0.208579	0.0134526	-0.1964	-0.409504	-0.589807	-0.708436	-0.745225	-0.698661	-0.602256	-0.490368	-0.396013	-0.347689	-0.361651	-0.429555	-0.530068	-0.639542	-0.710454	-0.706777	-0.619665	-0.444607	-0.205838	0.0555883	0.316134	0.559219	0.765793	0.908266	0.961343	0.927919	0.825226	0.67317	0.504382	0.342008	0.189946	0.0610622	-0.0288215	-0.0843824	-0.115952	-0.127678	-0.127045	-0.114202	-0.0727729	0	
0	-0.00267549	-0.00456374	-0.013087	-0.0220668	-0.0299828	-0.0371345	-0.0422056	-0.0429057	-0.0427893	-0.0365923	-0.0304601	-0.0295069	-0.0279628	-0.0342811	-0.052926	-0.0819911	-0.114821	-0.166105	-0.225181	-0.284777	-0.344654	-0.395393	-0.428265	-0.432184	-0.412224	-0.3768	-0.312194	-0.216372	-0.0972885	0.0339081	0.186187	0.339553	0.485194	0.606887	0.709415	0.793185	0.864928	0.900327	0.87804	0.804763	0.705517	0.60152	0.502814	0.41638	0.339762	0.26227	0.196251	0.159972	0.172102	0.222551	0.302385	0.39535	0.48719	0.547099	0.546822	0.4796	0.355032	0.188259	-0.00409665	-0.212023	-0.420103	-0.58761	-0.692218	-0.718494	-0.668998	-0.574971	-0.467204	-0.381674	-0.343864	-0.362708	-0.43069	-0.52969	-0.633135	-0.693605	-0.680519	-0.584779	-0.398938	-0.148621	0.122098	0.38582	0.622063	0.811016	0.928414	0.954866	0.896494	0.768416	0.587914	0.387659	0.193193	0.013817	-0.132016	-0.228191	-0.284194	-0.314749	-0.322426	-0.305627	-0.254253	-0.150228	0	
0	-0.0182541	-0.0307622	-0.0454205	-0.0495509	-0.0517608	-0.0552229	-0.0481405	-0.0399487	-0.0346849	-0.0247378	-0.0188995	-0.0234313	-0.0315903	-0.0496816	-0.081864	-0.122153	-0.171401	-0.23205	-0.296564	-0.348105	-0.391983	-0.416779	-0.42059	-0.395595	-0.3499	-0.287959	-0.195462	-0.0709958	0.0678584	0.209997	0.357121	0.497943	0.623659	0.727063	0.807722	0.864928	0.901773	0.893594	0.831145	0.725497	0.611789	0.507193	0.418806	0.350621	0.289522	0.228501	0.174741	0.14817	0.168725	0.221982	0.30307	0.396127	0.484224	0.53958	0.535794	0.463833	0.339865	0.177853	-0.0101919	-0.210277	-0.409249	-0.571865	-0.675173	-0.701503	-0.652487	-0.561534	-0.460848	-0.379981	-0.342146	-0.359894	-0.422769	-0.511314	-0.603742	-0.655172	-0.63365	-0.528149	-0.333418	-0.0793512	0.188049	0.439739	0.655074	0.818105	0.909789	0.913799	0.833949	0.680255	0.470375	0.243037	0.0291203	-0.159676	-0.305938	-0.398147	-0.450323	-0.478039	-0.480044	-0.447024	-0.362313	-0.208686	0	
0	-0.0154263	-0.0280897	-0.0404042	-0.0490489	-0.052504	-0.0507941	-0.0458767	-0.0386494	-0.0356581	-0.031606	-0.0355785	-0.0509871	-0.0687436	-0.100108	-0.14603	-0.199001	-0.252599	-0.311726	-0.360688	-0.391484	-0.406287	-0.403133	-0.377193	-0.325917	-0.25181	-0.161907	-0.0400643	0.103097	0.2495	0.384571	0.518409	0.639992	0.746508	0.826998	0.878622	0.900327	0.893594	0.844263	0.746168	0.623602	0.507051	0.412348	0.341169	0.289229	0.244061	0.193783	0.148963	0.131564	0.157304	0.21531	0.300309	0.394588	0.485205	0.541534	0.536438	0.467199	0.345432	0.183398	-0.00294861	-0.20553	-0.407923	-0.570598	-0.672544	-0.696294	-0.648523	-0.560481	-0.458449	-0.37541	-0.33459	-0.342858	-0.392752	-0.471094	-0.552645	-0.590938	-0.560434	-0.452244	-0.260755	-0.0177294	0.231099	0.458945	0.648348	0.786633	0.855901	0.838957	0.736559	0.557077	0.323666	0.0827185	-0.13355	-0.317213	-0.45532	-0.539285	-0.582934	-0.599918	-0.587488	-0.534513	-0.423351	-0.239406	0	
0	-0.00799479	-0.0128735	-0.0200962	-0.0199121	-0.0205613	-0.0237234	-0.0240505	-0.0277937	-0.0379621	-0.0498923	-0.0688601	-0.102104	-0.139545	-0.187944	-0.244517	-0.296717	-0.344224	-0.384857	-0.410381	-0.41147	-0.399614	-0.367451	-0.31413	-0.231767	-0.129421	-0.0117957	0.127134	0.276115	0.412729	0.533846	0.649049	0.752179	0.834986	0.885325	0.89941	0.87804	0.831145	0.746168	0.629169	0.502404	0.396279	0.319729	0.26683	0.233975	0.200922	0.161911	0.12721	0.119832	0.155825	0.222545	0.313824	0.414275	0.50729	0.561074	0.553353	0.477951	0.350272	0.18417	-0.0079102	-0.214766	-0.418278	-0.580962	-0.681959	-0.703992	-0.652065	-0.5572	-0.449825	-0.359636	-0.307366	-0.304264	-0.341365	-0.403238	-0.46952	-0.500781	-0.473466	-0.375953	-0.202796	0.014652	0.236119	0.43836	0.603801	0.718842	0.764854	0.725476	0.602236	0.405171	0.16292	-0.0750421	-0.281046	-0.453253	-0.580559	-0.65224	-0.678473	-0.672371	-0.635375	-0.56075	-0.433392	-0.240998	0	
0	0.00375329	0.0065869	0.00906026	0.00993253	0.00693985	0.00207769	-0.00621029	-0.0206805	-0.0455314	-0.0744532	-0.116437	-0.169671	-0.219762	-0.275523	-0.331071	-0.373923	-0.403931	-0.422979	-0.422606	-0.400293	-0.361792	-0.303679	-0.218704	-0.109319	0.0173383	0.146766	0.289282	0.42723	0.548189	0.651093	0.748349	0.828679	0.8805	0.893203	0.86371	0.804763	0.725497	0.623602	0.502404	0.387597	0.302174	0.247682	0.217324	0.200522	0.180315	0.15121	0.125378	0.129017	0.173695	0.246439	0.343034	0.444257	0.534615	0.583342	0.565714	0.481968	0.347286	0.172879	-0.0252813	-0.238336	-0.444358	-0.604833	-0.700041	-0.710307	-0.647358	-0.54407	-0.425475	-0.322722	-0.257645	-0.236745	-0.254361	-0.304952	-0.368389	-0.404322	-0.393232	-0.321586	-0.178672	0.00836387	0.202632	0.38013	0.52076	0.610189	0.63182	0.574057	0.44093	0.242126	0.00698749	-0.216947	-0.40808	-0.567385	-0.680656	-0.732146	-0.729327	-0.689209	-0.6227	-0.530418	-0.399736	-0.218759	0	
