0	0	0	0	0	0	0	0	0	0	0	0	0	0	0	0	0	0	0	0	0	0	0	0	0	0	0	0	0	0	0	0	0	0	0	0	0	0	0	0	0	0	0	0	0	0	0	0	0	0	0	0	0	0	0	0	0	0	0	0	0	0	0	0	0	0	0	0	0	0	0	0	0	0	0	0	0	0	0	0	0	0	0	0	0	0	0	0	0	0	0	0	0	0	0	0	0	0	0	0	
0	-0.0148038	-0.0540547	-0.0828449	-0.107114	-0.131287	-0.133022	-0.100805	-0.0353917	0.0406196	0.13335	0.224592	0.280869	0.3171	0.334189	0.325146	0.276007	0.206461	0.136472	0.0688349	-0.00782272	-0.0938301	-0.164709	-0.202084	-0.198256	-0.162923	-0.117868	-0.0732332	-0.041555	-0.0197603	-0.00787451	-0.002444	0.000988191	-4.63062e-05	0.00141424	-0.00151266	-0.000729487	-0.00308293	-0.00300994	-0.0033831	-0.00203668	-0.00108357	0.00479883	0.00708555	0.0147691	0.0200703	0.0228565	0.0233297	0.0203595	0.0121714	2.07357e-05	-0.00329943	-0.00388316	0.0104112	0.0292889	0.0415567	0.0459419	0.0219255	-0.00192567	-0.00428903	0.00106132	0.0384663	0.10182	0.143495	0.162539	0.163058	0.124079	0.0578604	-0.0117109	-0.0912042	-0.177106	-0.242193	-0.280572	-0.306375	-0.314254	-0.28647	-0.227844	-0.161569	-0.0975677	-0.0265697	0.0564213	0.13666	0.190036	0.202776	0.179557	0.136927	0.0919717	0.0552659	0.0300555	0.014927	0.00681955	0.00288325	0.00113382	0.000416495	0.000143451	4.64772e-05	1.42028e-05	4.09017e-06	1.05312e-06	0	
0	-0.0540547	-0.110357	-0.167923	-0.222359	-0.257928	-0.245956	-0.162432	-0.0357194	0.109528	0.278515	0.429413	0.536141	0.603096	0.637104	0.62274	0.538618	0.414582	0.282788	0.150042	-0.00424632	-0.166215	-0.304523	-0.376358	-0.371812	-0.309354	-0.22317	-0.139948	-0.0773991	-0.0346909	-0.0110866	0.00199901	0.00803202	0.0103881	0.0119432	0.0120122	0.0125034	0.012863	0.0130904	0.0137564	0.0148744	0.0153238	0.0173959	0.018773	0.0204531	0.0230136	0.0241805	0.0262022	0.0232047	0.0236862	0.0183288	0.0160117	0.0183153	0.0260134	0.0467328	0.0621295	0.0649715	0.0460185	0.0116647	0.000432775	0.031967	0.104948	0.195632	0.26767	0.308226	0.301463	0.227035	0.105966	-0.0326272	-0.189572	-0.350118	-0.475029	-0.554775	-0.604499	-0.613773	-0.558286	-0.447846	-0.319195	-0.189185	-0.0457405	0.115911	0.268529	0.369593	0.394536	0.351499	0.270611	0.183901	0.111959	0.0617427	0.0311131	0.0144276	0.00619262	0.00247248	0.000922167	0.000322479	0.000106073	3.29045e-05	9.61606e-06	2.50828e-06	0	
0	-0.0828449	-0.167923	-0.27006	-0.346028	-0.360438	-0.301158	-0.166643	0.00421811	0.204587	0.418105	0.611224	0.766116	0.864286	0.914604	0.888747	0.781371	0.615368	0.427356	0.222837	-0.00297749	-0.232391	-0.424342	-0.525334	-0.523877	-0.443039	-0.322899	-0.208228	-0.114466	-0.0533637	-0.0150675	0.00519251	0.0153839	0.0220806	0.0238124	0.0286643	0.0289005	0.0334562	0.0343553	0.0372832	0.0377051	0.0390251	0.0352706	0.0347128	0.0273343	0.0231228	0.0171941	0.0162024	0.0171	0.0249936	0.0398571	0.0515467	0.066143	0.0636137	0.0574785	0.0550729	0.0490415	0.0520586	0.0515427	0.0592125	0.106104	0.183757	0.279081	0.372096	0.418881	0.392284	0.29295	0.132159	-0.0720348	-0.297466	-0.514938	-0.692462	-0.815679	-0.884032	-0.88524	-0.803677	-0.652416	-0.467318	-0.268665	-0.051956	0.179612	0.390491	0.529319	0.565704	0.509107	0.398031	0.275568	0.171242	0.0964981	0.0497174	0.0235771	0.0103492	0.00422512	0.00161095	0.000575717	0.000193461	6.12844e-05	1.82769e-05	4.8527e-06	0	
0	-0.107114	-0.222359	-0.346028	-0.422833	-0.409803	-0.314423	-0.158621	0.0568835	0.316301	0.570405	0.808275	1.00213	1.12734	1.16947	1.11602	0.982522	0.776798	0.528851	0.250231	-0.0364334	-0.318457	-0.538979	-0.659824	-0.659929	-0.565485	-0.420522	-0.275894	-0.154174	-0.0722791	-0.0189837	0.00886029	0.0234883	0.0310217	0.0329629	0.0356445	0.0352706	0.0361359	0.0359429	0.0358483	0.0347239	0.0348888	0.03237	0.03216	0.030431	0.0296541	0.0312341	0.0317342	0.0416506	0.0488838	0.0638217	0.0752969	0.0849114	0.0840919	0.0625984	0.0461415	0.0452716	0.0690046	0.110708	0.155868	0.210051	0.276414	0.361201	0.445188	0.47398	0.427804	0.313413	0.120806	-0.136853	-0.41158	-0.669208	-0.892089	-1.05439	-1.13246	-1.1186	-1.01518	-0.833928	-0.598053	-0.330074	-0.0430381	0.245535	0.497122	0.661973	0.709269	0.647259	0.516559	0.366446	0.2338	0.135398	0.0717085	0.0349507	0.0157617	0.00660732	0.00258518	0.000947436	0.000326267	0.000105844	3.22937e-05	8.74484e-06	0	
0	-0.131287	-0.257928	-0.360438	-0.409803	-0.386353	-0.294255	-0.131669	0.124034	0.430748	0.728548	1.0037	1.23033	1.37066	1.3901	1.31357	1.15245	0.910168	0.600184	0.256426	-0.0870837	-0.399103	-0.636236	-0.768679	-0.775058	-0.676692	-0.519903	-0.349694	-0.207335	-0.10079	-0.0349815	0.00410358	0.0232053	0.0315314	0.0354942	0.0339064	0.0348506	0.030714	0.0307014	0.0274129	0.0273806	0.0263729	0.0295982	0.0317489	0.0407664	0.0471984	0.0608035	0.0693907	0.0782497	0.0838277	0.0835614	0.079037	0.0710339	0.0737344	0.0709792	0.0650997	0.0773083	0.120185	0.189418	0.260284	0.32467	0.383468	0.433919	0.470594	0.470161	0.411039	0.279468	0.0602285	-0.226443	-0.527599	-0.814215	-1.07174	-1.25924	-1.33779	-1.30846	-1.18876	-0.984116	-0.702088	-0.369166	-0.0210198	0.308549	0.583193	0.763097	0.821386	0.762791	0.624084	0.455643	0.299723	0.179047	0.0977939	0.0491258	0.0228143	0.00983963	0.00395711	0.00148923	0.000526155	0.000174959	5.46511e-05	1.51e-05	0	
0	-0.133022	-0.245956	-0.301158	-0.314423	-0.294255	-0.207929	-0.0361633	0.226357	0.54244	0.862181	1.16046	1.40717	1.54981	1.56621	1.48212	1.30375	1.03152	0.67126	0.272655	-0.114907	-0.44326	-0.694091	-0.835761	-0.859139	-0.771645	-0.61504	-0.433	-0.272207	-0.145736	-0.0641429	-0.0133814	0.0132359	0.0260364	0.0334022	0.0347754	0.037843	0.0378375	0.040186	0.0415828	0.0448007	0.0480492	0.0537389	0.0587779	0.0676334	0.0746344	0.0823134	0.0921183	0.0929254	0.0921376	0.0872415	0.0768987	0.0644401	0.0691769	0.091409	0.118227	0.148535	0.198703	0.282847	0.37123	0.435599	0.470645	0.47227	0.454605	0.420544	0.338324	0.183136	-0.0467652	-0.334381	-0.645882	-0.952045	-1.22523	-1.41823	-1.49257	-1.45348	-1.32117	-1.09421	-0.771242	-0.385151	0.00811426	0.361568	0.644522	0.831272	0.901365	0.854511	0.719067	0.541941	0.368489	0.227537	0.128373	0.0665432	0.031851	0.0141416	0.00584785	0.00226046	0.000819432	0.000279293	8.93061e-05	2.51709e-05	0	
0	-0.100805	-0.162432	-0.166643	-0.158621	-0.131669	-0.0361633	0.135685	0.376523	0.664323	0.977551	1.27771	1.51632	1.65846	1.68518	1.60157	1.4114	1.11403	0.720791	0.286935	-0.119411	-0.455988	-0.70782	-0.859336	-0.901861	-0.834911	-0.687246	-0.503853	-0.326928	-0.18492	-0.0849755	-0.0226606	0.0127761	0.031854	0.0417297	0.0481069	0.0522875	0.0575008	0.0615238	0.0683037	0.0728978	0.0800475	0.085451	0.0896429	0.0933569	0.095213	0.0916468	0.0905701	0.0879615	0.0822018	0.082105	0.0875683	0.0861477	0.0950314	0.131903	0.191479	0.257294	0.315463	0.383981	0.460179	0.509238	0.513735	0.473501	0.407328	0.325963	0.205869	0.0334885	-0.186632	-0.458462	-0.769506	-1.07844	-1.34255	-1.52451	-1.59565	-1.55318	-1.40768	-1.15677	-0.801729	-0.381778	0.0358939	0.397494	0.678821	0.86788	0.951141	0.92291	0.800536	0.623908	0.439051	0.280464	0.163522	0.0874809	0.0431562	0.0197218	0.00838337	0.00332723	0.00123705	0.000431987	0.000141333	4.06143e-05	0	
0	-0.0353917	-0.0357194	0.00421811	0.0568835	0.124034	0.226357	0.376523	0.565944	0.801623	1.09054	1.36358	1.57651	1.71114	1.74423	1.65678	1.44732	1.13281	0.725978	0.28944	-0.115069	-0.443848	-0.689579	-0.846604	-0.908465	-0.864264	-0.734458	-0.553037	-0.367385	-0.208918	-0.0922495	-0.0170675	0.0284611	0.0517755	0.0658028	0.072225	0.0772411	0.0818729	0.0845494	0.089976	0.0936146	0.0964307	0.101851	0.101669	0.101379	0.10128	0.0937866	0.0865766	0.0826898	0.0786051	0.0792657	0.105862	0.140991	0.172052	0.220985	0.29134	0.370501	0.432752	0.475346	0.511767	0.528966	0.508192	0.436489	0.319917	0.182647	0.0291748	-0.146534	-0.350334	-0.601363	-0.894714	-1.18104	-1.4161	-1.57973	-1.64945	-1.60458	-1.44257	-1.1689	-0.796463	-0.366809	0.0536583	0.41116	0.686163	0.876462	0.974436	0.969707	0.868064	0.70006	0.509992	0.337007	0.203001	0.112037	0.0569348	0.0267643	0.011688	0.00475987	0.00181392	0.000648578	0.000216975	6.35311e-05	0	
0	0.0406196	0.109528	0.204587	0.316301	0.430748	0.54244	0.664323	0.801623	0.992141	1.22698	1.43553	1.6005	1.71143	1.7371	1.62974	1.40932	1.0908	0.698924	0.286181	-0.0976577	-0.412145	-0.64934	-0.812325	-0.892145	-0.874803	-0.76611	-0.594419	-0.402987	-0.232128	-0.0978506	-0.0101701	0.0463888	0.0752825	0.0914496	0.100199	0.102076	0.106206	0.105025	0.104148	0.10453	0.0987388	0.0963941	0.0941189	0.0852288	0.0865628	0.0856282	0.0849588	0.0956684	0.114117	0.128825	0.159862	0.221354	0.284321	0.341385	0.40334	0.468509	0.513072	0.527459	0.526132	0.504288	0.448399	0.342926	0.184098	0.00604609	-0.166227	-0.342087	-0.534653	-0.757118	-1.00718	-1.24819	-1.44661	-1.5905	-1.65473	-1.60218	-1.42276	-1.13504	-0.764926	-0.349896	0.0548776	0.400572	0.668897	0.861841	0.975856	0.997368	0.921717	0.769037	0.579714	0.396039	0.246292	0.140123	0.0732947	0.0354149	0.0158759	0.00662907	0.00258742	0.000946575	0.000323565	9.6466e-05	0	
0	0.13335	0.278515	0.418105	0.570405	0.728548	0.862181	0.977551	1.09054	1.22698	1.3708	1.49996	1.61574	1.6954	1.68736	1.56056	1.33564	1.01897	0.65993	0.280265	-0.0787354	-0.382294	-0.613542	-0.788512	-0.882574	-0.896991	-0.809465	-0.654254	-0.461048	-0.279558	-0.131535	-0.0273965	0.0355448	0.0747592	0.0892858	0.101344	0.101331	0.102295	0.102346	0.0968166	0.0960845	0.0923525	0.0847124	0.0872258	0.0829438	0.0841811	0.0994282	0.113286	0.136454	0.183038	0.231484	0.273464	0.330164	0.396531	0.45187	0.491083	0.530403	0.555818	0.53891	0.492279	0.423682	0.326061	0.192461	0.0146212	-0.182851	-0.369312	-0.54877	-0.726966	-0.905045	-1.09191	-1.27848	-1.44077	-1.56079	-1.60843	-1.54226	-1.35221	-1.0672	-0.720435	-0.339727	0.0366548	0.367103	0.631052	0.829239	0.960116	1.00868	0.961994	0.829753	0.646627	0.456255	0.292655	0.171473	0.0922356	0.0457667	0.0210421	0.00900097	0.0035953	0.00134468	0.000469289	0.000142353	0	
0	0.224592	0.429413	0.611224	0.808275	1.0037	1.16046	1.27771	1.36358	1.43553	1.49996	1.57951	1.65713	1.6847	1.63329	1.49226	1.25659	0.955352	0.634546	0.287155	-0.0509445	-0.344377	-0.584608	-0.767553	-0.883676	-0.925647	-0.865323	-0.728178	-0.540388	-0.349255	-0.190707	-0.0694888	0.00175628	0.0490942	0.0678589	0.0785727	0.082463	0.080113	0.0822505	0.0809259	0.080179	0.0885901	0.0896257	0.102522	0.120008	0.135159	0.163113	0.201858	0.232953	0.278739	0.340708	0.391988	0.441942	0.491079	0.532949	0.552087	0.551773	0.540886	0.490707	0.399267	0.285356	0.153655	0.00542591	-0.173569	-0.379031	-0.577259	-0.752769	-0.901359	-1.02379	-1.14479	-1.27828	-1.40229	-1.48814	-1.50782	-1.42874	-1.24354	-0.981983	-0.67607	-0.34174	-4.29054e-05	0.31477	0.577509	0.78359	0.931527	1.00646	0.989763	0.881496	0.709305	0.516304	0.341191	0.205661	0.113644	0.0578499	0.027253	0.0119317	0.00487299	0.00186166	0.000662786	0.000204398	0	
0	0.280869	0.536141	0.766116	1.00213	1.23033	1.40717	1.51632	1.57651	1.6005	1.61574	1.65713	1.67858	1.6511	1.57163	1.42736	1.20471	0.945348	0.664776	0.349915	0.0352675	-0.260272	-0.514429	-0.709665	-0.856005	-0.923229	-0.897921	-0.783524	-0.605887	-0.413649	-0.241525	-0.109479	-0.0219023	0.0315253	0.0615712	0.0753313	0.0855357	0.0901604	0.0943202	0.105101	0.108187	0.12634	0.141153	0.160838	0.193286	0.225483	0.260772	0.309035	0.357745	0.395987	0.448966	0.494214	0.529251	0.5577	0.569634	0.557517	0.516598	0.460427	0.373872	0.249035	0.107102	-0.0442332	-0.202407	-0.379673	-0.581986	-0.774444	-0.927085	-1.03521	-1.10608	-1.17015	-1.25055	-1.32705	-1.36845	-1.35741	-1.27577	-1.11528	-0.895771	-0.641211	-0.357283	-0.0512923	0.249004	0.513189	0.729125	0.893734	0.993361	1.00618	0.923969	0.766597	0.574891	0.39092	0.242132	0.137296	0.071625	0.034539	0.0154619	0.00645056	0.00251497	0.000912586	0.000285892	0	
0	0.3171	0.603096	0.864286	1.12734	1.37066	1.54981	1.65846	1.71114	1.71143	1.6954	1.6847	1.6511	1.58937	1.50458	1.38107	1.20036	0.994885	0.749805	0.473638	0.174381	-0.127375	-0.39434	-0.610308	-0.784572	-0.8772	-0.890679	-0.798684	-0.638877	-0.44758	-0.264481	-0.123342	-0.0166546	0.042477	0.0874161	0.105697	0.125434	0.138233	0.150937	0.169869	0.187713	0.20794	0.239941	0.262862	0.300395	0.338769	0.378228	0.419774	0.469577	0.5063	0.53984	0.566142	0.572783	0.567861	0.545034	0.494346	0.409772	0.314599	0.207228	0.0659776	-0.0954418	-0.262285	-0.426841	-0.593675	-0.77241	-0.935776	-1.05304	-1.12331	-1.15428	-1.1679	-1.18909	-1.20866	-1.20467	-1.17249	-1.10466	-0.986378	-0.82048	-0.620008	-0.38425	-0.111701	0.175439	0.4425	0.669234	0.849672	0.971769	1.0126	0.957281	0.817688	0.630873	0.440847	0.280241	0.162872	0.0869805	0.0428885	0.0196119	0.0083497	0.00331914	0.00122641	0.000389972	0	
0	0.334189	0.637104	0.914604	1.16947	1.3901	1.56621	1.68518	1.74423	1.7371	1.68736	1.63329	1.57163	1.50458	1.43965	1.3532	1.23361	1.07599	0.871929	0.631149	0.34537	0.0428821	-0.233828	-0.472316	-0.66312	-0.785383	-0.82786	-0.762677	-0.621063	-0.432598	-0.243752	-0.0900705	0.029221	0.100916	0.15298	0.181499	0.204678	0.224651	0.244689	0.265354	0.295068	0.318345	0.355334	0.388316	0.423488	0.461226	0.496242	0.525658	0.554244	0.572456	0.582378	0.579699	0.549771	0.503189	0.442118	0.36442	0.256413	0.130749	0.00264004	-0.146794	-0.316846	-0.491165	-0.651013	-0.789637	-0.924381	-1.04709	-1.13076	-1.17033	-1.16602	-1.12803	-1.08531	-1.04892	-1.01162	-0.975927	-0.937264	-0.870984	-0.761709	-0.61194	-0.418588	-0.17584	0.0990312	0.36905	0.606525	0.80164	0.943796	1.0105	0.981896	0.86212	0.683313	0.490025	0.31929	0.18997	0.103736	0.0522453	0.0243777	0.0105809	0.00428419	0.00161042	0.000519324	0	
0	0.325146	0.62274	0.888747	1.11602	1.31357	1.48212	1.60157	1.65678	1.62974	1.56056	1.49226	1.42736	1.38107	1.3532	1.32825	1.27362	1.16984	1.01432	0.806878	0.542276	0.245984	-0.038343	-0.293021	-0.497577	-0.647946	-0.713151	-0.678872	-0.554073	-0.37239	-0.181735	-0.0134101	0.112911	0.201734	0.257602	0.296693	0.323581	0.347173	0.37101	0.3934	0.420419	0.446073	0.474974	0.502249	0.530712	0.555292	0.574775	0.585893	0.589785	0.573742	0.543735	0.512428	0.456125	0.378669	0.288038	0.185004	0.0590161	-0.0845384	-0.227639	-0.382043	-0.54679	-0.705831	-0.841945	-0.942996	-1.02992	-1.1123	-1.16549	-1.1738	-1.13017	-1.04003	-0.940258	-0.862838	-0.812433	-0.790675	-0.789729	-0.776103	-0.719441	-0.613623	-0.455869	-0.239215	0.0236337	0.295613	0.542965	0.751424	0.91127	1.0014	0.998554	0.899764	0.731513	0.537602	0.358573	0.218132	0.121652	0.0625086	0.029729	0.013141	0.00541416	0.00206841	0.000675878	0	
0	0.276007	0.538618	0.781371	0.982522	1.15245	1.30375	1.4114	1.44732	1.40932	1.33564	1.25659	1.20471	1.20036	1.23361	1.27362	1.28634	1.24496	1.13436	0.965571	0.726722	0.443367	0.15594	-0.10465	-0.324329	-0.489415	-0.579355	-0.567881	-0.462096	-0.288779	-0.0952552	0.080121	0.219218	0.314814	0.380133	0.42102	0.45057	0.474189	0.494753	0.514231	0.535999	0.550104	0.569976	0.580205	0.585222	0.589178	0.581762	0.562687	0.541682	0.508145	0.447198	0.3809	0.300743	0.201249	0.087899	-0.0322873	-0.169672	-0.326278	-0.472954	-0.61256	-0.75226	-0.879712	-0.982323	-1.0478	-1.09339	-1.13603	-1.15311	-1.1227	-1.03787	-0.906003	-0.769665	-0.674227	-0.63009	-0.63291	-0.669758	-0.702285	-0.69024	-0.620783	-0.492387	-0.298671	-0.0480727	0.224219	0.480045	0.700428	0.87576	0.98677	1.00819	0.930783	0.775018	0.582856	0.397409	0.246866	0.140438	0.0735359	0.0356079	0.0160121	0.00670584	0.00260114	0.0008605	0	
0	0.206461	0.414582	0.615368	0.776798	0.910168	1.03152	1.11403	1.13281	1.0908	1.01897	0.955352	0.945348	0.994885	1.07599	1.16984	1.24496	1.25066	1.1856	1.05628	0.848318	0.585056	0.308523	0.0444527	-0.175396	-0.353766	-0.456938	-0.467007	-0.376952	-0.212784	-0.0197224	0.16318	0.30766	0.413003	0.477143	0.521351	0.543992	0.561454	0.574357	0.579361	0.589757	0.590105	0.588649	0.586855	0.571095	0.550852	0.524197	0.480297	0.424078	0.366014	0.287181	0.200331	0.0989743	-0.0201827	-0.149805	-0.283003	-0.418868	-0.564605	-0.696318	-0.807779	-0.911044	-1.00272	-1.07406	-1.10841	-1.11349	-1.10997	-1.08278	-1.0119	-0.89574	-0.744232	-0.598056	-0.506017	-0.479953	-0.509276	-0.577535	-0.646108	-0.669602	-0.629669	-0.52563	-0.352362	-0.114421	0.156306	0.418915	0.64978	0.838603	0.968013	1.01184	0.955571	0.813605	0.625215	0.435168	0.27567	0.159768	0.0851484	0.0419305	0.0191604	0.00814801	0.00320571	0.00107273	0	
0	0.136472	0.282788	0.427356	0.528851	0.600184	0.67126	0.720791	0.725978	0.698924	0.65993	0.634546	0.664776	0.749805	0.871929	1.01432	1.13436	1.1856	1.16577	1.07301	0.896432	0.660478	0.391772	0.133686	-0.0886424	-0.27359	-0.388553	-0.41596	-0.342257	-0.186038	0.00296814	0.193229	0.341093	0.453491	0.518617	0.560051	0.579256	0.586595	0.589135	0.583361	0.574146	0.562112	0.539101	0.515959	0.481133	0.440335	0.389545	0.331192	0.256527	0.174562	0.0726112	-0.0363119	-0.14779	-0.273685	-0.405543	-0.530216	-0.647324	-0.769241	-0.875018	-0.954094	-1.0216	-1.07849	-1.11764	-1.11842	-1.07859	-1.02363	-0.953019	-0.853489	-0.726998	-0.581339	-0.448026	-0.372458	-0.36717	-0.41833	-0.508708	-0.602831	-0.653576	-0.637697	-0.554274	-0.399478	-0.174524	0.0928509	0.360478	0.600398	0.800932	0.946412	1.0106	0.974695	0.847254	0.66426	0.471298	0.304051	0.179293	0.0971381	0.0485892	0.0225371	0.00972106	0.00387527	0.00131059	0	
0	0.0688349	0.150042	0.222837	0.250231	0.256426	0.272655	0.286935	0.28944	0.286181	0.280265	0.287155	0.349915	0.473638	0.631149	0.806878	0.965571	1.05628	1.07301	1.01045	0.866426	0.651711	0.39573	0.143817	-0.0796362	-0.267506	-0.391845	-0.434855	-0.374043	-0.22992	-0.0416088	0.149324	0.303811	0.41875	0.485459	0.524488	0.536725	0.537882	0.527339	0.512016	0.487921	0.461525	0.422656	0.382269	0.327546	0.265937	0.195847	0.113098	0.0211922	-0.071769	-0.180205	-0.295501	-0.408037	-0.522378	-0.638234	-0.746627	-0.83585	-0.923549	-1.0014	-1.05187	-1.08554	-1.10446	-1.10329	-1.06369	-0.979512	-0.880952	-0.781895	-0.674952	-0.560738	-0.440283	-0.332504	-0.277017	-0.288647	-0.35407	-0.457459	-0.568191	-0.63947	-0.643492	-0.57791	-0.439928	-0.22804	0.0344911	0.305449	0.553046	0.763707	0.923115	1.00553	0.988831	0.876116	0.699721	0.505332	0.331547	0.198657	0.109276	0.0554565	0.0260791	0.0113972	0.00459885	0.00157049	0	
0	-0.00782272	-0.00424632	-0.00297749	-0.0364334	-0.0870837	-0.114907	-0.119411	-0.115069	-0.0976577	-0.0787354	-0.0509445	0.0352675	0.174381	0.34537	0.542276	0.726722	0.848318	0.896432	0.866426	0.751213	0.561752	0.321351	0.0770163	-0.144425	-0.332758	-0.465349	-0.519343	-0.472809	-0.338413	-0.153719	0.0378786	0.197143	0.313651	0.382031	0.416048	0.423451	0.413224	0.392914	0.362405	0.324825	0.282336	0.227979	0.1717	0.104198	0.0283122	-0.0530522	-0.140693	-0.24316	-0.338235	-0.440056	-0.546486	-0.642833	-0.738506	-0.828979	-0.909775	-0.9733	-1.03204	-1.08016	-1.09683	-1.09005	-1.065	-1.02016	-0.942854	-0.826818	-0.704768	-0.599921	-0.506481	-0.419823	-0.333053	-0.253348	-0.215043	-0.237045	-0.309323	-0.418523	-0.539162	-0.62586	-0.646618	-0.596727	-0.474047	-0.274989	-0.0183973	0.254386	0.508361	0.727732	0.899133	0.997673	0.998716	0.90047	0.731461	0.536897	0.357736	0.217512	0.121323	0.0623899	0.0297119	0.0131413	0.00536159	0.00184722	0	
0	-0.0938301	-0.166215	-0.232391	-0.318457	-0.399103	-0.44326	-0.455988	-0.443848	-0.412145	-0.382294	-0.344377	-0.260272	-0.127375	0.0428821	0.245984	0.443367	0.585056	0.660478	0.651711	0.561752	0.39337	0.165194	-0.0725059	-0.291661	-0.482904	-0.619795	-0.686272	-0.651369	-0.52728	-0.347753	-0.154588	0.00606895	0.127109	0.194428	0.227649	0.228993	0.212888	0.182254	0.144762	0.0932382	0.0440711	-0.0229367	-0.0877037	-0.161562	-0.241179	-0.324226	-0.406259	-0.49699	-0.58542	-0.670387	-0.758291	-0.834339	-0.904136	-0.971373	-1.02899	-1.06152	-1.08272	-1.09506	-1.07432	-1.02428	-0.955235	-0.873613	-0.77435	-0.649364	-0.527749	-0.436367	-0.3688	-0.314542	-0.260399	-0.204809	-0.178184	-0.204335	-0.277857	-0.388015	-0.513966	-0.612272	-0.647245	-0.611237	-0.502395	-0.315614	-0.0656335	0.207719	0.466874	0.693684	0.875335	0.987953	1.0051	0.920686	0.759454	0.565706	0.382245	0.235521	0.133035	0.0692375	0.0333516	0.014912	0.00614514	0.00213411	0	
0	-0.164709	-0.304523	-0.424342	-0.538979	-0.636236	-0.694091	-0.70782	-0.689579	-0.64934	-0.613542	-0.584608	-0.514429	-0.39434	-0.233828	-0.038343	0.15594	0.308523	0.391772	0.39573	0.321351	0.165194	-0.0553758	-0.287476	-0.511098	-0.701004	-0.847243	-0.922124	-0.8995	-0.786369	-0.609698	-0.419799	-0.252594	-0.132696	-0.0594844	-0.030104	-0.0287252	-0.0486857	-0.0836668	-0.123777	-0.176672	-0.229867	-0.291089	-0.356842	-0.424843	-0.497823	-0.572486	-0.646199	-0.722158	-0.789402	-0.855355	-0.92404	-0.979039	-1.02384	-1.05907	-1.08433	-1.08418	-1.06517	-1.0354	-0.974914	-0.888547	-0.79099	-0.692411	-0.592257	-0.479669	-0.376374	-0.30863	-0.269255	-0.243892	-0.21595	-0.178177	-0.157998	-0.183844	-0.255133	-0.363431	-0.491745	-0.598802	-0.645853	-0.62209	-0.525619	-0.350288	-0.107182	0.165761	0.429021	0.662122	0.852465	0.977221	1.00873	0.937189	0.783764	0.591557	0.404755	0.252374	0.144172	0.0758434	0.0369088	0.0166633	0.00692842	0.00242325	0	
0	-0.202084	-0.376358	-0.525334	-0.659824	-0.768679	-0.835761	-0.859336	-0.846604	-0.812325	-0.788512	-0.767553	-0.709665	-0.610308	-0.472316	-0.293021	-0.10465	0.0444527	0.133686	0.143817	0.0770163	-0.0725059	-0.287476	-0.524119	-0.748743	-0.94699	-1.09971	-1.18649	-1.17599	-1.07297	-0.901935	-0.711609	-0.54205	-0.415678	-0.34028	-0.305098	-0.303193	-0.320881	-0.353285	-0.393282	-0.44245	-0.490825	-0.549531	-0.604563	-0.662573	-0.723463	-0.782407	-0.836435	-0.89873	-0.953482	-0.994323	-1.03608	-1.06311	-1.07666	-1.07799	-1.06592	-1.02655	-0.96645	-0.901501	-0.815651	-0.711335	-0.605505	-0.510981	-0.428297	-0.341405	-0.263619	-0.220088	-0.204363	-0.200575	-0.191111	-0.165258	-0.147816	-0.170865	-0.238214	-0.343298	-0.472185	-0.585812	-0.643042	-0.629958	-0.544374	-0.37944	-0.14311	0.12873	0.395157	0.633513	0.831147	0.966217	1.01027	0.950425	0.804521	0.614319	0.425001	0.267792	0.154509	0.0820536	0.040292	0.0183467	0.00768846	0.00270586	0	
0	-0.198256	-0.371812	-0.523877	-0.659929	-0.775058	-0.859139	-0.901861	-0.908465	-0.892145	-0.882574	-0.883676	-0.856005	-0.784572	-0.66312	-0.497577	-0.324329	-0.175396	-0.0886424	-0.0796362	-0.144425	-0.291661	-0.511098	-0.748743	-0.984489	-1.18736	-1.35128	-1.44796	-1.44994	-1.35629	-1.19054	-1.00054	-0.826404	-0.696191	-0.612201	-0.574325	-0.564524	-0.577543	-0.605176	-0.635195	-0.678859	-0.718007	-0.763343	-0.812307	-0.857319	-0.904118	-0.951244	-0.988535	-1.0216	-1.04917	-1.06485	-1.07774	-1.07207	-1.04828	-1.01133	-0.96324	-0.892575	-0.805864	-0.722448	-0.629293	-0.527846	-0.433883	-0.358143	-0.300898	-0.242553	-0.189134	-0.164882	-0.165601	-0.175817	-0.178246	-0.159951	-0.143142	-0.162427	-0.225337	-0.32679	-0.455237	-0.573742	-0.639409	-0.63547	-0.559272	-0.403518	-0.173555	0.096764	0.365563	0.608235	0.811896	0.95558	1.01037	0.960835	0.821893	0.633916	0.442769	0.281528	0.163837	0.0877208	0.043411	0.0199131	0.00840155	0.00297268	0	
0	-0.162923	-0.309354	-0.443039	-0.565485	-0.676692	-0.771645	-0.834911	-0.864264	-0.874803	-0.896991	-0.925647	-0.923229	-0.8772	-0.785383	-0.647946	-0.489415	-0.353766	-0.27359	-0.267506	-0.332758	-0.482904	-0.701004	-0.94699	-1.18736	-1.39888	-1.57084	-1.67784	-1.68985	-1.60624	-1.44357	-1.25568	-1.07657	-0.941468	-0.852038	-0.806179	-0.79272	-0.798204	-0.818937	-0.84437	-0.875859	-0.907153	-0.940394	-0.971153	-0.999068	-1.02596	-1.04668	-1.06026	-1.07254	-1.07256	-1.0526	-1.02863	-0.990133	-0.935276	-0.868376	-0.797937	-0.713686	-0.617621	-0.534313	-0.453399	-0.370267	-0.297775	-0.245635	-0.21365	-0.179744	-0.144928	-0.133453	-0.144009	-0.162316	-0.171937	-0.158375	-0.141276	-0.156789	-0.215475	-0.313436	-0.440945	-0.563001	-0.635499	-0.639187	-0.570864	-0.422949	-0.198689	0.0699376	0.340457	0.586595	0.795135	0.945844	1.00956	0.968836	0.836068	0.65032	0.457893	0.293372	0.171969	0.0927096	0.0461806	0.0213152	0.00904431	0.00321448	0	
0	-0.117868	-0.22317	-0.322899	-0.420522	-0.519903	-0.61504	-0.687246	-0.734458	-0.76611	-0.809465	-0.865323	-0.897921	-0.890679	-0.82786	-0.713151	-0.579355	-0.456938	-0.388553	-0.391845	-0.465349	-0.619795	-0.847243	-1.09971	-1.35128	-1.57084	-1.75303	-1.86884	-1.89194	-1.81456	-1.65794	-1.46817	-1.28668	-1.1453	-1.04784	-0.996202	-0.971761	-0.969974	-0.979769	-0.99174	-1.01221	-1.02676	-1.04248	-1.05788	-1.06429	-1.06716	-1.06594	-1.04851	-1.02479	-0.995143	-0.948079	-0.899162	-0.836704	-0.76292	-0.684874	-0.607279	-0.524725	-0.439893	-0.372853	-0.312253	-0.252157	-0.203069	-0.172375	-0.160094	-0.143743	-0.121156	-0.116926	-0.132556	-0.155082	-0.168909	-0.15837	-0.140729	-0.152967	-0.208026	-0.302949	-0.429363	-0.553933	-0.631769	-0.641584	-0.57962	-0.43812	-0.218698	0.0482826	0.320003	0.568834	0.781198	0.937448	1.00831	0.974798	0.847233	0.663528	0.470245	0.303152	0.178746	0.0969	0.0485239	0.0225092	0.00959491	0.00342253	0	
0	-0.0732332	-0.139948	-0.208228	-0.275894	-0.349694	-0.433	-0.503853	-0.553037	-0.594419	-0.654254	-0.728178	-0.783524	-0.798684	-0.762677	-0.678872	-0.567881	-0.467007	-0.41596	-0.434855	-0.519343	-0.686272	-0.922124	-1.18649	-1.44796	-1.67784	-1.86884	-1.99464	-2.02525	-1.95632	-1.80126	-1.61307	-1.42632	-1.27956	-1.17481	-1.11279	-1.0808	-1.06566	-1.06395	-1.06216	-1.06432	-1.06203	-1.05649	-1.04721	-1.02962	-1.00795	-0.978819	-0.940894	-0.896646	-0.84656	-0.780891	-0.715953	-0.647267	-0.571322	-0.495466	-0.430691	-0.365764	-0.297341	-0.249779	-0.212794	-0.17505	-0.144695	-0.129303	-0.130116	-0.124918	-0.109509	-0.10883	-0.126668	-0.151174	-0.167423	-0.158858	-0.14073	-0.150407	-0.202621	-0.295131	-0.42053	-0.5468	-0.628585	-0.643046	-0.585927	-0.449358	-0.233757	0.0318022	0.30432	0.555139	0.770347	0.930736	1.00701	0.979034	0.855561	0.673559	0.479732	0.31073	0.184034	0.100191	0.0503748	0.0234573	0.0100341	0.00358905	0	
0	-0.041555	-0.0773991	-0.114466	-0.154174	-0.207335	-0.272207	-0.326928	-0.367385	-0.402987	-0.461048	-0.540388	-0.605887	-0.638877	-0.621063	-0.554073	-0.462096	-0.376952	-0.342257	-0.374043	-0.472809	-0.651369	-0.8995	-1.17599	-1.44994	-1.68985	-1.89194	-2.02525	-2.06521	-2.00056	-1.84931	-1.65938	-1.46895	-1.31603	-1.20184	-1.13183	-1.08645	-1.06091	-1.04378	-1.02725	-1.01302	-0.993407	-0.969277	-0.943225	-0.907594	-0.867317	-0.823548	-0.768644	-0.712833	-0.655415	-0.586868	-0.52569	-0.462904	-0.399369	-0.339835	-0.289572	-0.243389	-0.197703	-0.170653	-0.151202	-0.12889	-0.11163	-0.106369	-0.114983	-0.115956	-0.104219	-0.105062	-0.123733	-0.149079	-0.166669	-0.159355	-0.140893	-0.148794	-0.199024	-0.289847	-0.414464	-0.541789	-0.626223	-0.643864	-0.590079	-0.456923	-0.244014	0.020485	0.293492	0.545643	0.762773	0.925966	1.00594	0.98179	0.861192	0.680435	0.486291	0.316002	0.187733	0.102504	0.051681	0.0241288	0.0103462	0.0037077	0	
0	-0.0197603	-0.0346909	-0.0533637	-0.0722791	-0.10079	-0.145736	-0.18492	-0.208918	-0.232128	-0.279558	-0.349255	-0.413649	-0.44758	-0.432598	-0.37239	-0.288779	-0.212784	-0.186038	-0.22992	-0.338413	-0.52728	-0.786369	-1.07297	-1.35629	-1.60624	-1.81456	-1.95632	-2.00056	-1.94079	-1.79067	-1.59977	-1.40653	-1.24731	-1.1276	-1.04766	-0.99462	-0.957066	-0.929932	-0.900538	-0.874939	-0.842144	-0.807237	-0.770021	-0.724828	-0.679097	-0.630875	-0.576394	-0.520061	-0.469568	-0.411299	-0.360318	-0.313142	-0.264813	-0.222311	-0.193669	-0.166644	-0.135473	-0.121976	-0.115923	-0.104765	-0.0953444	-0.0951821	-0.107675	-0.111919	-0.102059	-0.103499	-0.122401	-0.148051	-0.166306	-0.159676	-0.141033	-0.147947	-0.197093	-0.287002	-0.411169	-0.539021	-0.624868	-0.644241	-0.592281	-0.460998	-0.249577	0.0143165	0.287571	0.540437	0.758603	0.923311	1.00529	0.98324	0.864232	0.684178	0.48988	0.318899	0.189772	0.103783	0.0524049	0.0245019	0.01052	0.00377385	0	
0	-0.00787451	-0.0110866	-0.0150675	-0.0189837	-0.0349815	-0.0641429	-0.0849755	-0.0922495	-0.0978506	-0.131535	-0.190707	-0.241525	-0.264481	-0.243752	-0.181735	-0.0952552	-0.0197224	0.00296814	-0.0416088	-0.153719	-0.347753	-0.609698	-0.901935	-1.19054	-1.44357	-1.65794	-1.80126	-1.84931	-1.79067	-1.64052	-1.45	-1.25317	-1.09302	-0.967745	-0.885173	-0.826262	-0.784719	-0.751847	-0.719142	-0.687432	-0.653539	-0.614676	-0.576412	-0.533151	-0.488675	-0.444817	-0.398827	-0.357247	-0.317268	-0.271005	-0.236527	-0.205661	-0.175654	-0.14932	-0.133034	-0.118923	-0.100643	-0.0974311	-0.0986679	-0.0925769	-0.0871313	-0.0902218	-0.104919	-0.11035	-0.101108	-0.102948	-0.122073	-0.14781	-0.166207	-0.159744	-0.141067	-0.14778	-0.196752	-0.286546	-0.410646	-0.538558	-0.62462	-0.644286	-0.592645	-0.461682	-0.25051	0.0132863	0.286584	0.539568	0.757906	0.922866	1.00518	0.98348	0.864738	0.684803	0.49048	0.319382	0.190113	0.103996	0.052526	0.0245643	0.010549	0.00378493	0	
0	-0.002444	0.00199901	0.00519251	0.00886029	0.00410358	-0.0133814	-0.0226606	-0.0170675	-0.0101701	-0.0273965	-0.0694888	-0.109479	-0.123342	-0.0900705	-0.0134101	0.080121	0.16318	0.193229	0.149324	0.0378786	-0.154588	-0.419799	-0.711609	-1.00054	-1.25568	-1.46817	-1.61307	-1.65938	-1.59977	-1.45	-1.25705	-1.06234	-0.89948	-0.775626	-0.69123	-0.631864	-0.589742	-0.556983	-0.523356	-0.496141	-0.462209	-0.430267	-0.399551	-0.363191	-0.330601	-0.300071	-0.264117	-0.229828	-0.205976	-0.177005	-0.156713	-0.139045	-0.119839	-0.105509	-0.100846	-0.0947422	-0.0830217	-0.0849613	-0.0897942	-0.08719	-0.084322	-0.088555	-0.103832	-0.109616	-0.100749	-0.103065	-0.122462	-0.14819	-0.166317	-0.159538	-0.140972	-0.148274	-0.197991	-0.288472	-0.412891	-0.540408	-0.625496	-0.644019	-0.59119	-0.458994	-0.246821	0.0173926	0.290535	0.543045	0.760693	0.924646	1.00562	0.982525	0.86272	0.68231	0.488085	0.317447	0.188749	0.10314	0.0520408	0.024314	0.0104324	0.00374048	0	
0	0.000988191	0.00803202	0.0153839	0.0234883	0.0232053	0.0132359	0.0127761	0.0284611	0.0463888	0.0355448	0.00175628	-0.0219023	-0.0166546	0.029221	0.112911	0.219218	0.30766	0.341093	0.303811	0.197143	0.00606895	-0.252594	-0.54205	-0.826404	-1.07657	-1.28668	-1.42632	-1.46895	-1.40653	-1.25317	-1.06234	-0.866462	-0.708256	-0.586099	-0.505528	-0.45081	-0.412351	-0.384999	-0.35887	-0.335393	-0.311959	-0.28647	-0.262377	-0.236953	-0.212892	-0.190055	-0.168914	-0.15379	-0.139586	-0.118489	-0.107822	-0.10018	-0.0908944	-0.0827562	-0.0838745	-0.0830917	-0.0745152	-0.079599	-0.087028	-0.0851687	-0.0826148	-0.0881041	-0.104208	-0.109459	-0.100432	-0.103527	-0.123501	-0.149171	-0.166591	-0.15903	-0.140765	-0.149475	-0.20086	-0.292813	-0.417902	-0.544529	-0.627429	-0.643368	-0.587843	-0.452864	-0.238469	0.0266434	0.299406	0.550836	0.766919	0.928588	1.00655	0.980312	0.858139	0.676691	0.482711	0.313118	0.185706	0.101235	0.0509631	0.0237592	0.0101742	0.00364226	0	
0	-4.63062e-05	0.0103881	0.0220806	0.0310217	0.0315314	0.0260364	0.031854	0.0517755	0.0752825	0.0747592	0.0490942	0.0315253	0.042477	0.100916	0.201734	0.314814	0.413003	0.453491	0.41875	0.313651	0.127109	-0.132696	-0.415678	-0.696191	-0.941468	-1.1453	-1.27956	-1.31603	-1.24731	-1.09302	-0.89948	-0.708256	-0.551777	-0.434515	-0.35903	-0.307205	-0.274987	-0.252488	-0.230135	-0.216807	-0.197391	-0.181899	-0.169497	-0.152683	-0.139972	-0.130905	-0.115606	-0.102138	-0.096494	-0.0857074	-0.0841397	-0.0813688	-0.0753447	-0.0732667	-0.0770652	-0.0762261	-0.0712626	-0.078874	-0.0852896	-0.0837603	-0.0827515	-0.0889943	-0.104793	-0.109118	-0.100236	-0.104484	-0.125146	-0.150665	-0.166965	-0.158205	-0.140509	-0.151492	-0.205465	-0.29964	-0.42567	-0.550819	-0.630271	-0.642171	-0.582438	-0.443143	-0.225362	0.0410526	0.313156	0.562867	0.77648	0.934551	1.00779	0.976698	0.850908	0.667927	0.474389	0.306451	0.181042	0.0983254	0.0493237	0.022918	0.00978394	0.0034941	0	
0	0.00141424	0.0119432	0.0238124	0.0329629	0.0354942	0.0334022	0.0417297	0.0658028	0.0914496	0.0892858	0.0678589	0.0615712	0.0874161	0.15298	0.257602	0.380133	0.477143	0.518617	0.485459	0.382031	0.194428	-0.0594844	-0.34028	-0.612201	-0.852038	-1.04784	-1.17481	-1.20184	-1.1276	-0.967745	-0.775626	-0.586099	-0.434515	-0.323792	-0.252091	-0.208582	-0.180759	-0.164641	-0.150863	-0.141507	-0.13071	-0.122264	-0.112969	-0.102934	-0.0959806	-0.0882618	-0.0808106	-0.0802677	-0.0797229	-0.0715635	-0.0713568	-0.071424	-0.0690067	-0.0670409	-0.0737664	-0.0759527	-0.0701513	-0.077647	-0.0854781	-0.0841608	-0.0825952	-0.0897384	-0.106026	-0.109023	-0.100017	-0.105784	-0.127409	-0.152667	-0.167357	-0.157032	-0.140308	-0.154498	-0.21197	-0.309055	-0.436174	-0.559115	-0.633782	-0.640174	-0.574714	-0.429601	-0.207365	0.0606345	0.331715	0.579023	0.789211	0.942312	1.00911	0.971465	0.840901	0.655994	0.463173	0.297537	0.174845	0.0944826	0.0471694	0.0218177	0.00927554	0.0033017	0	
0	-0.00151266	0.0120122	0.0286643	0.0356445	0.0339064	0.0347754	0.0481069	0.072225	0.100199	0.101344	0.0785727	0.0753313	0.105697	0.181499	0.296693	0.42102	0.521351	0.560051	0.524488	0.416048	0.227649	-0.030104	-0.305098	-0.574325	-0.806179	-0.996202	-1.11279	-1.13183	-1.04766	-0.885173	-0.69123	-0.505528	-0.35903	-0.252091	-0.1876	-0.146199	-0.123642	-0.111787	-0.0995032	-0.0966897	-0.088396	-0.0840394	-0.0812711	-0.0766332	-0.0738428	-0.0740634	-0.0694371	-0.0674582	-0.067058	-0.0613859	-0.0665719	-0.0681497	-0.065921	-0.068026	-0.0742031	-0.0723767	-0.0695667	-0.0802016	-0.0856166	-0.0831075	-0.0831668	-0.0917893	-0.107335	-0.108436	-0.0998954	-0.107716	-0.130317	-0.155058	-0.167637	-0.155504	-0.140329	-0.158733	-0.220587	-0.321183	-0.449361	-0.569179	-0.637634	-0.63703	-0.564323	-0.411935	-0.184312	0.0853932	0.35498	0.599138	0.804879	0.951561	1.01014	0.964326	0.827954	0.640872	0.449145	0.286498	0.167236	0.0897988	0.0445609	0.0204935	0.00866692	0.00307231	0	
0	-0.000729487	0.0125034	0.0289005	0.0352706	0.0348506	0.037843	0.0522875	0.0772411	0.102076	0.101331	0.082463	0.0855357	0.125434	0.204678	0.323581	0.45057	0.543992	0.579256	0.536725	0.423451	0.228993	-0.0287252	-0.303193	-0.564524	-0.79272	-0.971761	-1.0808	-1.08645	-0.99462	-0.826262	-0.631864	-0.45081	-0.307205	-0.208582	-0.146199	-0.110901	-0.0916952	-0.0820076	-0.0747949	-0.0742041	-0.0681064	-0.0687882	-0.0668354	-0.0631486	-0.0635902	-0.062961	-0.0591206	-0.0618994	-0.0639734	-0.0617175	-0.0661748	-0.0663726	-0.0651763	-0.0658249	-0.073142	-0.0741494	-0.071063	-0.0800315	-0.0855941	-0.083938	-0.0839928	-0.0934129	-0.108715	-0.107976	-0.100025	-0.110186	-0.13383	-0.157774	-0.167678	-0.153632	-0.140806	-0.164505	-0.231573	-0.336152	-0.465133	-0.580683	-0.6414	-0.632297	-0.550825	-0.389778	-0.156018	0.115311	0.382803	0.622995	0.823181	0.961899	1.01048	0.954931	0.811887	0.622551	0.432416	0.273494	0.158365	0.0843864	0.0415712	0.0189869	0.00797904	0.00281433	0	
0	-0.00308293	0.012863	0.0334562	0.0361359	0.030714	0.0378375	0.0575008	0.0818729	0.106206	0.102295	0.080113	0.0901604	0.138233	0.224651	0.347173	0.474189	0.561454	0.586595	0.537882	0.413224	0.212888	-0.0486857	-0.320881	-0.577543	-0.798204	-0.969974	-1.06566	-1.06091	-0.957066	-0.784719	-0.589742	-0.412351	-0.274987	-0.180759	-0.123642	-0.0916952	-0.0744534	-0.0679154	-0.0618516	-0.0625841	-0.0587953	-0.0606229	-0.0582903	-0.058539	-0.0592291	-0.0595064	-0.0574467	-0.0625847	-0.0629713	-0.0586255	-0.0644001	-0.0654152	-0.0649162	-0.068733	-0.0753912	-0.0718846	-0.0708139	-0.0829446	-0.0864331	-0.0831751	-0.084803	-0.0962836	-0.110264	-0.107	-0.100405	-0.11347	-0.137994	-0.160635	-0.167297	-0.151487	-0.142069	-0.172188	-0.245218	-0.354078	-0.483313	-0.593192	-0.64455	-0.625441	-0.533696	-0.362717	-0.122303	0.150331	0.414991	0.650313	0.84373	0.972831	1.00959	0.942881	0.792508	0.601049	0.413137	0.258721	0.148406	0.0783754	0.0382825	0.0173442	0.00723479	0.00253687	0	
0	-0.00300994	0.0130904	0.0343553	0.0359429	0.0307014	0.040186	0.0615238	0.0845494	0.105025	0.102346	0.0822505	0.0943202	0.150937	0.244689	0.37101	0.494753	0.574357	0.589135	0.527339	0.392914	0.182254	-0.0836668	-0.353285	-0.605176	-0.818937	-0.979769	-1.06395	-1.04378	-0.929932	-0.751847	-0.556983	-0.384999	-0.252488	-0.164641	-0.111787	-0.0820076	-0.0679154	-0.0614684	-0.055983	-0.0582912	-0.0535459	-0.0558505	-0.0559359	-0.0554601	-0.056849	-0.0591074	-0.0586951	-0.0613929	-0.0592261	-0.0597923	-0.0670475	-0.0664561	-0.0655234	-0.0683944	-0.0747905	-0.0726023	-0.0733783	-0.0840145	-0.0858595	-0.0837553	-0.0867659	-0.0989976	-0.111244	-0.105997	-0.101498	-0.117572	-0.142661	-0.163455	-0.166356	-0.149228	-0.144543	-0.182214	-0.261823	-0.375031	-0.503623	-0.606151	-0.646451	-0.615832	-0.512335	-0.330304	-0.0830107	0.190342	0.451287	0.680744	0.866049	0.983759	1.00688	0.927743	0.769639	0.576421	0.391503	0.242408	0.137561	0.0719088	0.0347835	0.015614	0.0064579	0.00224922	0	
0	-0.0033831	0.0137564	0.0372832	0.0358483	0.0274129	0.0415828	0.0683037	0.089976	0.104148	0.0968166	0.0809259	0.105101	0.169869	0.265354	0.3934	0.514231	0.579361	0.583361	0.512016	0.362405	0.144762	-0.123777	-0.393282	-0.635195	-0.84437	-0.99174	-1.06216	-1.02725	-0.900538	-0.719142	-0.523356	-0.35887	-0.230135	-0.150863	-0.0995032	-0.0747949	-0.0618516	-0.055983	-0.054129	-0.055801	-0.0523049	-0.0588755	-0.0553929	-0.0567564	-0.0592512	-0.0584832	-0.054187	-0.0611351	-0.0620127	-0.0622459	-0.0669535	-0.0645811	-0.065891	-0.0712842	-0.0759211	-0.0716465	-0.0748877	-0.0862278	-0.0862546	-0.0838933	-0.0885391	-0.102282	-0.112227	-0.104854	-0.103257	-0.122581	-0.147792	-0.16599	-0.164707	-0.14713	-0.148771	-0.195061	-0.281683	-0.399008	-0.525646	-0.618864	-0.646364	-0.602752	-0.486077	-0.29209	-0.0380404	0.235163	0.491369	0.713859	0.889559	0.993984	1.00169	0.909069	0.743132	0.548774	0.367756	0.224824	0.12605	0.0651385	0.0311655	0.0138452	0.00567177	0.00196042	0	
0	-0.00203668	0.0148744	0.0377051	0.0347239	0.0273806	0.0448007	0.0728978	0.0936146	0.10453	0.0960845	0.080179	0.108187	0.187713	0.295068	0.420419	0.535999	0.589757	0.574146	0.487921	0.324825	0.0932382	-0.176672	-0.44245	-0.678859	-0.875859	-1.01221	-1.06432	-1.01302	-0.874939	-0.687432	-0.496141	-0.335393	-0.216807	-0.141507	-0.0966897	-0.0742041	-0.0625841	-0.0582912	-0.055801	-0.0554305	-0.0541971	-0.0551892	-0.0528597	-0.0555617	-0.0560057	-0.0559603	-0.06061	-0.0664734	-0.0596824	-0.0615114	-0.0666328	-0.0663018	-0.0677354	-0.071559	-0.0765131	-0.0725816	-0.0772316	-0.0874472	-0.0858371	-0.0846713	-0.0915845	-0.105763	-0.112321	-0.103716	-0.106218	-0.128587	-0.153125	-0.167916	-0.162311	-0.145649	-0.155403	-0.211227	-0.30505	-0.425881	-0.548789	-0.630492	-0.643449	-0.585401	-0.45421	-0.247651	0.0126256	0.284522	0.534834	0.749137	0.913568	1.0027	0.993295	0.886421	0.712894	0.518281	0.342196	0.206267	0.114107	0.0582203	0.0275193	0.0120852	0.00489833	0.00167876	0	
0	-0.00108357	0.0153238	0.0390251	0.0348888	0.0263729	0.0480492	0.0800475	0.0964307	0.0987388	0.0923525	0.0885901	0.12634	0.20794	0.318345	0.446073	0.550104	0.590105	0.562112	0.461525	0.282336	0.0440711	-0.229867	-0.490825	-0.718007	-0.907153	-1.02676	-1.06203	-0.993407	-0.842144	-0.653539	-0.462209	-0.311959	-0.197391	-0.13071	-0.088396	-0.0681064	-0.0587953	-0.0535459	-0.0523049	-0.0541971	-0.051411	-0.0572431	-0.0560584	-0.0586498	-0.0601995	-0.0617032	-0.0591878	-0.0600293	-0.0585838	-0.0652595	-0.0696748	-0.066209	-0.0681788	-0.0751013	-0.0759973	-0.0710938	-0.0809536	-0.0896217	-0.0852971	-0.0859127	-0.0951044	-0.108886	-0.111848	-0.103204	-0.110541	-0.13538	-0.158375	-0.168954	-0.159265	-0.145425	-0.165177	-0.231194	-0.332093	-0.455352	-0.572253	-0.640044	-0.636773	-0.562903	-0.415999	-0.196634	0.0688887	0.338045	0.581194	0.785953	0.937256	1.00901	0.980955	0.859404	0.678911	0.485192	0.315173	0.187064	0.101975	0.0513085	0.0239314	0.0103773	0.00415714	0.00141144	0	
