0	0	0	0	0	0	0	0	0	0	0	0	0	0	0	0	0	0	0	0	0	0	0	0	0	0	0	0	0	0	0	0	0	0	0	0	0	0	0	0	0	0	0	0	0	0	0	0	0	0	0	0	0	0	0	0	0	0	0	0	0	0	0	0	0	0	0	0	0	0	0	0	0	0	0	0	0	0	0	0	0	0	0	0	0	0	0	0	0	0	0	0	0	0	0	0	0	0	0	0	
0	0.0241452	0.0126455	-0.0219972	-0.0206237	-0.00344519	0.00872919	0.0068889	-0.013781	-0.0234318	-0.0183768	0.00471001	0.00764596	-0.00427115	-0.0344485	-0.0812278	-0.112957	-0.120252	-0.10406	-0.0755388	-0.0096467	0.0571242	0.120274	0.172008	0.22062	0.249984	0.24878	0.218728	0.182018	0.1362	0.0822889	0.0104295	-0.0627752	-0.120011	-0.146873	-0.141885	-0.11565	-0.0828649	-0.0499902	-0.0284925	-0.0116058	-0.00471532	-0.000716986	-0.000624984	-0.000221465	-0.00355342	-0.000441544	-0.00403322	0.00273347	0.00133599	0.00896947	0.0103323	0.00800998	0.00839583	0.000638042	-0.000191711	-0.00572127	0.00557031	0.0210617	0.0093319	-0.00389081	-0.00317928	0.0118696	0.0218476	0.00938341	-0.00313212	-0.00161298	0.0133498	0.0330145	0.0301143	0.0061176	-0.00872045	-0.00509526	0.0177846	0.0611328	0.102959	0.120917	0.117796	0.0952891	0.0451763	-0.0234592	-0.0883666	-0.143543	-0.194773	-0.234435	-0.245552	-0.225899	-0.190142	-0.149129	-0.0991665	-0.033758	0.0412207	0.10755	0.14737	0.154344	0.134807	0.101225	0.0646817	0.030867	0	
0	0.0126455	0.0119619	-0.021828	-0.0214668	0.00305092	0.00465719	-0.00653235	-0.0366963	-0.0522411	-0.0261018	0.00911405	0.0175272	-0.0040248	-0.0642128	-0.151311	-0.213413	-0.230059	-0.209249	-0.143582	-0.0283788	0.105746	0.226025	0.331427	0.425026	0.481275	0.477459	0.424166	0.348121	0.260045	0.147132	0.00839601	-0.136057	-0.246757	-0.299662	-0.291692	-0.24225	-0.177614	-0.11513	-0.0687738	-0.0352834	-0.0166178	-0.00503795	0.00145112	0.00454137	0.00698855	0.00963257	0.00829804	0.0109239	0.00947559	0.0070599	0.00671492	0.00751702	0.00400595	0.00630939	0.0118274	0.00770438	0.0126313	0.017098	0.0138267	0.00633655	-0.000278465	0.0195721	0.0360087	0.0166765	-0.00112625	0.00522317	0.0303491	0.056948	0.0489262	0.0128113	-0.00833309	0.000617313	0.0448161	0.124186	0.199853	0.233578	0.226403	0.179288	0.0811421	-0.0503816	-0.177359	-0.28776	-0.387831	-0.462477	-0.482827	-0.445655	-0.376303	-0.293704	-0.192326	-0.0624021	0.0837638	0.211992	0.289038	0.302969	0.265563	0.200379	0.128683	0.0616467	0	
0	-0.0219972	-0.021828	-0.0058099	0.00690187	0.00345305	-0.00947516	-0.0243758	-0.0489397	-0.0617706	-0.0346968	-0.00183598	0.00460929	-0.0290369	-0.111622	-0.218093	-0.297248	-0.320119	-0.28675	-0.18412	-0.0236367	0.166264	0.341335	0.497785	0.628437	0.703074	0.696463	0.622755	0.51029	0.376072	0.204693	0.00269678	-0.203419	-0.359917	-0.435365	-0.424689	-0.355728	-0.261361	-0.172171	-0.100818	-0.0525726	-0.0215767	-0.00482601	0.0063575	0.0102481	0.0144864	0.0144821	0.0144283	0.0110434	0.0103347	0.00488028	0.00362211	0.00811717	0.00955667	0.0168237	0.0263787	0.0252181	0.0104159	0.00199355	0.0125743	0.0239895	0.0265793	0.0270053	0.0233137	0.0180361	0.0189602	0.026814	0.045721	0.0643479	0.0544765	0.0231963	0.00658863	0.0249862	0.0884235	0.190062	0.285093	0.330071	0.316709	0.242001	0.100211	-0.0842247	-0.268117	-0.432765	-0.576572	-0.677961	-0.70453	-0.653535	-0.5541	-0.428868	-0.273904	-0.0816879	0.12834	0.310209	0.419721	0.440647	0.388539	0.295512	0.191318	0.0922199	0	
0	-0.0206237	-0.0214668	0.00690187	-0.0023344	-0.0274052	-0.0243692	-0.0312828	-0.0374045	-0.038196	-0.0329157	-0.0261629	-0.0391835	-0.0892515	-0.185311	-0.288095	-0.370264	-0.390459	-0.333947	-0.196292	0.0057651	0.239554	0.467239	0.671039	0.828394	0.914324	0.904846	0.815094	0.669036	0.484748	0.256777	-0.00309492	-0.257979	-0.45195	-0.544737	-0.535582	-0.450034	-0.334209	-0.219896	-0.128556	-0.0668556	-0.0269582	-0.00720929	0.00222852	0.00790739	0.00623558	0.00786496	0.00971776	0.00807092	0.0139879	0.0177561	0.019135	0.0210504	0.0246159	0.0156826	0.012985	0.0228378	0.0168786	0.014476	0.0242678	0.0357425	0.0393478	0.022867	0.0153695	0.0315658	0.0446542	0.050739	0.0571689	0.0584328	0.051939	0.0405685	0.039145	0.0724866	0.150748	0.257024	0.354424	0.403532	0.379977	0.27573	0.0971898	-0.128401	-0.362361	-0.577538	-0.757033	-0.875316	-0.905048	-0.844404	-0.718463	-0.54938	-0.339251	-0.0889761	0.1746	0.399118	0.534938	0.563066	0.500605	0.384888	0.25189	0.12241	0	
0	-0.00344519	0.00305092	0.00345305	-0.0274052	-0.042591	-0.0395075	-0.0452539	-0.0314195	-0.0196306	-0.035615	-0.0616959	-0.0907512	-0.15897	-0.252126	-0.341058	-0.417099	-0.42972	-0.351704	-0.185111	0.0433783	0.312254	0.583322	0.826592	0.99979	1.09119	1.0798	0.978502	0.800306	0.564923	0.283709	-0.0259226	-0.315487	-0.538547	-0.644793	-0.641248	-0.546633	-0.414454	-0.280634	-0.169286	-0.0923291	-0.0420432	-0.0126201	-0.000916061	0.00967051	0.0106283	0.0115026	0.016909	0.0152807	0.0189239	0.0245969	0.0244825	0.0232056	0.028475	0.0224609	0.010076	0.0166043	0.030406	0.0357826	0.0348544	0.0391533	0.0359959	0.0205682	0.0278672	0.0516901	0.064829	0.0710822	0.0625774	0.0461928	0.0510964	0.0690587	0.0914774	0.142949	0.22681	0.320629	0.405361	0.448355	0.408612	0.275877	0.0695048	-0.186166	-0.461798	-0.719465	-0.924084	-1.05005	-1.08065	-1.0136	-0.863584	-0.649924	-0.38519	-0.083708	0.22096	0.475822	0.631324	0.667128	0.599421	0.467067	0.309697	0.151969	0	
0	0.00872919	0.00465719	-0.00947516	-0.0243692	-0.0395075	-0.0629708	-0.0596653	-0.0274583	-0.0213775	-0.0592486	-0.104194	-0.155099	-0.236879	-0.308829	-0.380426	-0.435386	-0.430571	-0.330734	-0.145992	0.102171	0.392468	0.700065	0.964032	1.14775	1.23601	1.22618	1.11192	0.904011	0.618329	0.29024	-0.0563185	-0.369255	-0.607507	-0.728856	-0.728531	-0.636806	-0.490634	-0.343803	-0.214929	-0.120734	-0.0608783	-0.0202818	-0.00022929	0.0112957	0.0227468	0.0226967	0.0273259	0.0303349	0.023848	0.0240058	0.0239211	0.0157542	0.0176559	0.0299796	0.0312075	0.0305416	0.0395461	0.0439729	0.0363835	0.0322587	0.0370108	0.0397541	0.0473778	0.0654286	0.0821259	0.0822486	0.0583574	0.0412296	0.0651774	0.111617	0.162416	0.229988	0.306554	0.375686	0.436148	0.459697	0.397562	0.241413	0.0165323	-0.260269	-0.566984	-0.854231	-1.0723	-1.19915	-1.22906	-1.15659	-0.983253	-0.725816	-0.410537	-0.0675223	0.264765	0.537842	0.706831	0.751094	0.683522	0.540942	0.364041	0.180576	0	
0	0.0068889	-0.00653235	-0.0243758	-0.0312828	-0.0452539	-0.0596653	-0.0404152	-0.0246292	-0.0482554	-0.10118	-0.170324	-0.252414	-0.322317	-0.365911	-0.40728	-0.420852	-0.383815	-0.263658	-0.0644387	0.194364	0.49898	0.825808	1.09343	1.28009	1.36099	1.34991	1.22117	0.981281	0.653855	0.28439	-0.0812223	-0.409062	-0.649564	-0.78447	-0.789762	-0.703137	-0.552639	-0.391379	-0.250563	-0.139223	-0.0687566	-0.0234287	0.00417888	0.0123984	0.023711	0.0251887	0.0236905	0.0290273	0.0269642	0.0224679	0.0292933	0.0283255	0.0231001	0.0337975	0.0414754	0.0442417	0.0448296	0.0429287	0.0393933	0.0329519	0.0441071	0.063672	0.0710058	0.0807204	0.0874915	0.0743593	0.0567276	0.060891	0.100608	0.168858	0.247239	0.321375	0.378615	0.417528	0.443869	0.433722	0.345958	0.174407	-0.0614341	-0.352062	-0.676125	-0.976377	-1.19716	-1.32112	-1.34862	-1.26873	-1.07163	-0.773958	-0.416438	-0.043967	0.302739	0.583399	0.760798	0.814562	0.752304	0.605749	0.414254	0.207854	0	
0	-0.013781	-0.0366963	-0.0489397	-0.0374045	-0.0314195	-0.0274583	-0.0246292	-0.053223	-0.0952984	-0.159357	-0.257052	-0.347293	-0.391103	-0.410597	-0.410019	-0.372876	-0.30149	-0.162146	0.043856	0.305745	0.6196	0.938839	1.20395	1.38305	1.45939	1.44076	1.29504	1.02604	0.666027	0.26989	-0.103997	-0.433199	-0.673976	-0.81627	-0.835557	-0.755994	-0.609649	-0.439779	-0.286066	-0.164172	-0.0773426	-0.0291348	0.00564017	0.0157901	0.0223957	0.0255047	0.0221024	0.0215661	0.0262982	0.0258326	0.0293457	0.0431442	0.0435904	0.0468512	0.0494642	0.0447351	0.0419492	0.0397512	0.042041	0.0477835	0.0669879	0.0890321	0.0896529	0.0822741	0.0744512	0.0682366	0.0790558	0.105419	0.155144	0.24202	0.336899	0.402012	0.433894	0.440959	0.423476	0.369441	0.257737	0.0783776	-0.163643	-0.460079	-0.784563	-1.08058	-1.29607	-1.41534	-1.43726	-1.34539	-1.12439	-0.793759	-0.406345	-0.0178419	0.331607	0.611645	0.793872	0.858303	0.805917	0.661052	0.459716	0.233392	0	
0	-0.0234318	-0.0522411	-0.0617706	-0.038196	-0.0196306	-0.0213775	-0.0482554	-0.0952984	-0.145934	-0.225276	-0.33016	-0.409298	-0.435869	-0.43588	-0.389106	-0.306728	-0.199853	-0.0459109	0.160851	0.427442	0.733485	1.0312	1.28768	1.45539	1.52987	1.4963	1.33251	1.04224	0.6608	0.257414	-0.118379	-0.436673	-0.679531	-0.82614	-0.865692	-0.79956	-0.663881	-0.494427	-0.331874	-0.202714	-0.104623	-0.047992	-0.0109635	0.00992579	0.0160847	0.0266076	0.0289905	0.0321758	0.0374416	0.043925	0.0434671	0.0503578	0.0517518	0.0480029	0.0475174	0.0395638	0.0383382	0.049473	0.0654736	0.0761619	0.0865588	0.099218	0.0920772	0.0720945	0.0668593	0.0862171	0.124304	0.16823	0.231006	0.326241	0.415177	0.460231	0.466921	0.438273	0.369676	0.270726	0.13991	-0.0434838	-0.287887	-0.578824	-0.885665	-1.1632	-1.36839	-1.481	-1.49201	-1.38277	-1.13999	-0.78766	-0.385542	0.00570045	0.348731	0.622794	0.807797	0.883993	0.845115	0.706713	0.4999	0.256782	0	
0	-0.0183768	-0.0261018	-0.0346968	-0.0329157	-0.035615	-0.0592486	-0.10118	-0.159357	-0.225276	-0.301999	-0.38409	-0.436408	-0.44726	-0.415047	-0.322564	-0.200552	-0.0624396	0.0962645	0.303815	0.560905	0.837581	1.10322	1.33884	1.49279	1.55864	1.5007	1.32116	1.01557	0.631407	0.233396	-0.13393	-0.43702	-0.680003	-0.830193	-0.890625	-0.840333	-0.717762	-0.549321	-0.380703	-0.237874	-0.131664	-0.0586765	-0.0189323	0.0116036	0.022854	0.0348985	0.0427571	0.0482206	0.052254	0.0546721	0.052431	0.0493586	0.0440414	0.0391701	0.0447915	0.0495986	0.0574919	0.0722036	0.0909434	0.0995952	0.0920787	0.0881087	0.0830874	0.0754395	0.0879977	0.126371	0.183901	0.251407	0.324692	0.404094	0.467851	0.491686	0.471384	0.40008	0.281658	0.145722	-0.000981327	-0.188276	-0.428385	-0.699066	-0.973019	-1.22311	-1.41434	-1.516	-1.50936	-1.37922	-1.12056	-0.761002	-0.36025	0.0220944	0.352598	0.61809	0.805108	0.893899	0.871073	0.742853	0.534397	0.277654	0	
0	0.00471001	0.00911405	-0.00183598	-0.0261629	-0.0616959	-0.104194	-0.170324	-0.257052	-0.33016	-0.38409	-0.423948	-0.444794	-0.424925	-0.345196	-0.211079	-0.052926	0.106184	0.273804	0.474049	0.704096	0.93553	1.16305	1.36635	1.50557	1.54657	1.46603	1.26972	0.964195	0.593021	0.211281	-0.137144	-0.42848	-0.66408	-0.824557	-0.898279	-0.870686	-0.758255	-0.594568	-0.41916	-0.263046	-0.144055	-0.059112	-0.00819569	0.0235878	0.0396379	0.0478951	0.0507213	0.050584	0.0493367	0.0479891	0.0434324	0.0446405	0.0475626	0.0454096	0.0585995	0.0759836	0.0875631	0.0950754	0.0992089	0.097142	0.0849372	0.08158	0.0885148	0.0998759	0.131769	0.188245	0.26534	0.348513	0.412376	0.458598	0.492883	0.492901	0.436861	0.321589	0.165594	0.00247107	-0.16087	-0.35071	-0.574618	-0.810413	-1.04267	-1.26101	-1.43327	-1.51685	-1.48674	-1.33656	-1.07209	-0.721171	-0.33652	0.0281222	0.343041	0.59962	0.788778	0.890577	0.885228	0.769816	0.562948	0.295707	0	
0	0.00764596	0.0175272	0.00460929	-0.0391835	-0.0907512	-0.155099	-0.252414	-0.347293	-0.409298	-0.436408	-0.444794	-0.432806	-0.371198	-0.251918	-0.0841358	0.0971293	0.281304	0.460513	0.646887	0.839443	1.02719	1.21416	1.3869	1.50058	1.51372	1.41189	1.20862	0.918319	0.573584	0.217619	-0.109186	-0.38915	-0.61986	-0.789541	-0.880671	-0.874459	-0.780148	-0.62434	-0.448636	-0.286774	-0.158505	-0.0673295	-0.0126158	0.0233415	0.0368298	0.045343	0.0480921	0.0449644	0.0431466	0.0452857	0.0452883	0.0492946	0.0676237	0.0761906	0.0841985	0.0957766	0.0994283	0.0975253	0.0956985	0.0934009	0.0831083	0.0862796	0.113808	0.15011	0.201693	0.274768	0.359734	0.434627	0.473692	0.486929	0.489274	0.453767	0.356701	0.208348	0.0299565	-0.15533	-0.335554	-0.520111	-0.713353	-0.904995	-1.09356	-1.27716	-1.4225	-1.47992	-1.42449	-1.26085	-1.00361	-0.676221	-0.319194	0.0223268	0.321171	0.570016	0.761884	0.876608	0.889132	0.788132	0.585465	0.310735	0	
0	-0.00427115	-0.0040248	-0.0290369	-0.0892515	-0.15897	-0.236879	-0.322317	-0.391103	-0.435869	-0.44726	-0.424925	-0.371198	-0.277975	-0.130378	0.0508339	0.249573	0.456267	0.636126	0.796243	0.947222	1.09158	1.23967	1.37504	1.45381	1.44036	1.32333	1.12877	0.866346	0.558143	0.234727	-0.072883	-0.340325	-0.571782	-0.748916	-0.859246	-0.876024	-0.800777	-0.658327	-0.484934	-0.318572	-0.186383	-0.0857274	-0.0287719	0.008762	0.0282347	0.0338601	0.0429221	0.0476695	0.0513072	0.0601812	0.0709744	0.0738157	0.085082	0.0947398	0.100457	0.104911	0.101284	0.0933992	0.0869109	0.0909512	0.0978325	0.117177	0.166531	0.229629	0.297649	0.370539	0.439349	0.491177	0.506611	0.487428	0.445957	0.366435	0.237205	0.0712426	-0.121526	-0.326102	-0.515601	-0.681324	-0.833465	-0.979448	-1.12547	-1.26928	-1.37794	-1.40387	-1.32742	-1.1619	-0.925566	-0.633372	-0.31121	0.00501328	0.289078	0.532122	0.727339	0.854421	0.884358	0.798485	0.602039	0.322643	0	
0	-0.0344485	-0.0642128	-0.111622	-0.185311	-0.252126	-0.308829	-0.365911	-0.410597	-0.43588	-0.415047	-0.345196	-0.251918	-0.130378	0.0283608	0.212279	0.423255	0.630908	0.791031	0.91402	1.02027	1.12142	1.22792	1.31274	1.35675	1.31707	1.20237	1.02774	0.804363	0.539163	0.246758	-0.0383666	-0.302101	-0.529289	-0.720896	-0.84409	-0.886722	-0.830172	-0.700393	-0.53211	-0.359505	-0.218305	-0.110075	-0.038246	0.00234694	0.0308446	0.0433398	0.0528538	0.0616592	0.070392	0.0777746	0.0910973	0.0986909	0.106324	0.106436	0.0992452	0.0980866	0.0938343	0.088141	0.0898305	0.109309	0.140369	0.183761	0.252442	0.327825	0.393665	0.4495	0.492074	0.517719	0.506334	0.446132	0.354594	0.238506	0.0918324	-0.0842455	-0.288715	-0.502866	-0.685438	-0.820488	-0.929662	-1.03313	-1.13586	-1.23237	-1.29673	-1.29203	-1.20503	-1.05167	-0.847805	-0.597845	-0.31342	-0.0221009	0.249399	0.488685	0.687711	0.826179	0.872429	0.801684	0.61293	0.331449	0	
0	-0.0812278	-0.151311	-0.218093	-0.288095	-0.341058	-0.380426	-0.40728	-0.410019	-0.389106	-0.322564	-0.211079	-0.0841358	0.0508339	0.212279	0.3998	0.606271	0.793792	0.924074	1.00979	1.07288	1.13375	1.18501	1.21975	1.22469	1.17385	1.07212	0.9298	0.749304	0.527391	0.265639	-0.00137244	-0.259907	-0.488311	-0.687586	-0.827566	-0.888691	-0.853109	-0.735983	-0.570744	-0.397112	-0.24375	-0.127891	-0.0450005	0.00566926	0.0406949	0.0600855	0.07736	0.0877901	0.0964648	0.102794	0.106723	0.103294	0.1033	0.103511	0.0931557	0.0876676	0.0904692	0.100123	0.120168	0.163907	0.22213	0.279827	0.349007	0.418526	0.469442	0.502166	0.51587	0.507424	0.457738	0.354342	0.223879	0.0853752	-0.0725321	-0.257835	-0.465536	-0.670336	-0.829745	-0.930736	-1.00131	-1.06394	-1.11871	-1.16138	-1.1804	-1.1533	-1.06999	-0.941889	-0.777932	-0.572329	-0.324877	-0.0564394	0.204892	0.442143	0.645144	0.793742	0.854783	0.798628	0.618558	0.337281	0	
0	-0.112957	-0.213413	-0.297248	-0.370264	-0.417099	-0.435386	-0.420852	-0.372876	-0.306728	-0.200552	-0.052926	0.0971293	0.249573	0.423255	0.606271	0.791117	0.946339	1.04495	1.0941	1.11738	1.12519	1.11885	1.10084	1.07722	1.02707	0.95081	0.844996	0.709009	0.524687	0.293328	0.039384	-0.21297	-0.443611	-0.649072	-0.800958	-0.880092	-0.85999	-0.755612	-0.592998	-0.41446	-0.252827	-0.125156	-0.0330938	0.0232718	0.0629321	0.0827672	0.0953888	0.10527	0.107898	0.10646	0.108638	0.0998445	0.0899554	0.0881113	0.0859071	0.0956213	0.116992	0.150817	0.195277	0.252837	0.319034	0.37678	0.434759	0.489109	0.51961	0.522641	0.497241	0.444678	0.356343	0.22315	0.0691934	-0.0863119	-0.25546	-0.442721	-0.635496	-0.812091	-0.941095	-1.01178	-1.0472	-1.06573	-1.06702	-1.05542	-1.03675	-1.00089	-0.935499	-0.841959	-0.720394	-0.557126	-0.343446	-0.095149	0.158091	0.394507	0.601342	0.758666	0.832754	0.790279	0.619471	0.340363	0	
0	-0.120252	-0.230059	-0.320119	-0.390459	-0.42972	-0.430571	-0.383815	-0.30149	-0.199853	-0.0624396	0.106184	0.281304	0.456267	0.630908	0.793792	0.946339	1.0682	1.13929	1.15963	1.13729	1.09271	1.03171	0.974661	0.938314	0.903624	0.859877	0.793927	0.696318	0.547591	0.339587	0.0994426	-0.150545	-0.382175	-0.593744	-0.757174	-0.850955	-0.849486	-0.756256	-0.600997	-0.421063	-0.25262	-0.119967	-0.0198851	0.038854	0.0778163	0.096054	0.102972	0.102716	0.10066	0.0912441	0.087291	0.0863443	0.0856184	0.099273	0.114893	0.142539	0.185933	0.235596	0.288252	0.349254	0.414596	0.462825	0.500575	0.529982	0.529717	0.493481	0.424062	0.331156	0.216231	0.0666964	-0.104624	-0.276094	-0.448795	-0.62037	-0.780264	-0.920214	-1.02016	-1.06361	-1.06154	-1.03045	-0.977778	-0.920594	-0.878982	-0.849368	-0.812549	-0.757613	-0.676508	-0.5508	-0.366499	-0.135571	0.111102	0.347337	0.557625	0.722241	0.807567	0.77763	0.616314	0.340996	0	
0	-0.10406	-0.209249	-0.28675	-0.333947	-0.351704	-0.330734	-0.263658	-0.162146	-0.0459109	0.0962645	0.273804	0.460513	0.636126	0.791031	0.924074	1.04495	1.13929	1.1919	1.18013	1.11462	1.0237	0.923488	0.848756	0.817286	0.808617	0.802435	0.772448	0.710287	0.589523	0.403451	0.17324	-0.0737713	-0.308195	-0.525564	-0.699943	-0.810065	-0.825957	-0.750457	-0.60354	-0.430897	-0.260698	-0.12871	-0.0285772	0.02966	0.0642615	0.0805018	0.0847475	0.0859827	0.0849795	0.0850572	0.0896947	0.100209	0.11569	0.146228	0.181825	0.223697	0.275829	0.334589	0.389617	0.440325	0.492281	0.523967	0.532369	0.5238	0.483042	0.40708	0.303182	0.183141	0.0502604	-0.112283	-0.297086	-0.473732	-0.631825	-0.77091	-0.891171	-0.995926	-1.06821	-1.08103	-1.03573	-0.953872	-0.855912	-0.769712	-0.722456	-0.711191	-0.708088	-0.690789	-0.645185	-0.551014	-0.391507	-0.17553	0.0655324	0.301784	0.514988	0.685529	0.780336	0.761673	0.609797	0.339536	0	
0	-0.0755388	-0.143582	-0.18412	-0.196292	-0.185111	-0.145992	-0.0644387	0.043856	0.160851	0.303815	0.474049	0.646887	0.796243	0.91402	1.00979	1.0941	1.15963	1.18013	1.12976	1.02267	0.89679	0.77815	0.705997	0.690976	0.716004	0.743716	0.747667	0.71383	0.616624	0.449759	0.226644	-0.0164568	-0.256721	-0.477978	-0.665842	-0.789662	-0.825722	-0.765673	-0.631621	-0.462705	-0.294689	-0.157453	-0.0563517	0.00741669	0.0442337	0.0646294	0.0742983	0.0825421	0.0934792	0.104612	0.126284	0.154291	0.181881	0.226108	0.273186	0.322665	0.377708	0.431081	0.477819	0.513746	0.540461	0.538822	0.506261	0.456975	0.382052	0.277671	0.149844	0.00853233	-0.140462	-0.310769	-0.494591	-0.656597	-0.784371	-0.885881	-0.969514	-1.0408	-1.08047	-1.05529	-0.964881	-0.840502	-0.714348	-0.618754	-0.580691	-0.59441	-0.624653	-0.64043	-0.623981	-0.555285	-0.416403	-0.213443	0.022512	0.258666	0.474183	0.649406	0.752064	0.743378	0.600662	0.336377	0	
0	-0.0096467	-0.0283788	-0.0236367	0.0057651	0.0433783	0.102171	0.194364	0.305745	0.427442	0.560905	0.704096	0.839443	0.947222	1.02027	1.07288	1.11738	1.13729	1.11462	1.02267	0.882013	0.738167	0.620785	0.561117	0.571097	0.624027	0.682606	0.712356	0.700828	0.623647	0.471144	0.257376	0.0145657	-0.226785	-0.455233	-0.650585	-0.789431	-0.840319	-0.795746	-0.670822	-0.505794	-0.333762	-0.191881	-0.079454	-0.00740709	0.0407184	0.0732683	0.0942546	0.114457	0.138067	0.162982	0.192788	0.236375	0.277043	0.32579	0.377561	0.424938	0.472698	0.513937	0.53747	0.539082	0.528684	0.492331	0.423994	0.341388	0.240507	0.114975	-0.0322477	-0.191147	-0.34843	-0.510529	-0.67292	-0.805516	-0.899458	-0.967075	-1.0163	-1.04939	-1.04794	-0.981424	-0.853673	-0.703995	-0.570145	-0.482201	-0.462443	-0.501999	-0.561205	-0.603738	-0.610065	-0.561492	-0.439738	-0.248291	-0.0172243	0.218547	0.435778	0.6146	0.72365	0.723665	0.58965	0.331924	0	
0	0.0571242	0.105746	0.166264	0.239554	0.312254	0.392468	0.49898	0.6196	0.733485	0.837581	0.93553	1.02719	1.09158	1.12142	1.13375	1.12519	1.09271	1.0237	0.89679	0.738167	0.59429	0.485878	0.447316	0.474309	0.551299	0.629421	0.678234	0.682903	0.620199	0.481643	0.274268	0.0359392	-0.208643	-0.43734	-0.641079	-0.786359	-0.850094	-0.814648	-0.694722	-0.529666	-0.351449	-0.198223	-0.0781173	0.0099494	0.0665472	0.111626	0.146326	0.179119	0.214914	0.253769	0.294337	0.34013	0.383416	0.432837	0.478545	0.511461	0.535003	0.545627	0.537753	0.505192	0.459002	0.391655	0.295454	0.187532	0.0652501	-0.0789283	-0.239763	-0.403151	-0.55029	-0.686051	-0.815196	-0.916089	-0.979616	-1.01462	-1.02471	-1.01188	-0.965857	-0.864978	-0.716934	-0.562813	-0.439064	-0.369513	-0.370822	-0.432755	-0.514571	-0.577362	-0.600906	-0.5681	-0.46065	-0.279515	-0.0532406	0.181812	0.400208	0.581719	0.695891	0.703393	0.57748	0.326584	0	
0	0.120274	0.226025	0.341335	0.467239	0.583322	0.700065	0.825808	0.938839	1.0312	1.10322	1.16305	1.21416	1.23967	1.22792	1.18501	1.11885	1.03171	0.923488	0.77815	0.620785	0.485878	0.398239	0.374494	0.418206	0.508746	0.600949	0.66261	0.678847	0.628043	0.500921	0.300548	0.0657152	-0.178727	-0.409526	-0.615463	-0.7687	-0.838957	-0.811331	-0.694838	-0.5251	-0.340596	-0.173869	-0.0387097	0.0614886	0.134771	0.191441	0.235733	0.277944	0.320869	0.362173	0.404322	0.452813	0.486603	0.515556	0.539066	0.545729	0.539651	0.518327	0.478288	0.414554	0.339351	0.248149	0.128725	-0.00278687	-0.142636	-0.294711	-0.451979	-0.600423	-0.721912	-0.823959	-0.91965	-0.991156	-1.02358	-1.02017	-0.984159	-0.923786	-0.840962	-0.722386	-0.574679	-0.434053	-0.331457	-0.284	-0.30427	-0.38297	-0.480865	-0.558245	-0.594588	-0.574171	-0.47875	-0.306889	-0.0853098	0.148718	0.367815	0.551271	0.669483	0.683341	0.564826	0.320746	0	
0	0.172008	0.331427	0.497785	0.671039	0.826592	0.964032	1.09343	1.20395	1.28768	1.33884	1.36635	1.3869	1.37504	1.31274	1.21975	1.10084	0.974661	0.848756	0.705997	0.561117	0.447316	0.374494	0.365548	0.415663	0.513847	0.612848	0.682377	0.705921	0.665081	0.546302	0.354263	0.122269	-0.120166	-0.350231	-0.558201	-0.712753	-0.789625	-0.764911	-0.649332	-0.477415	-0.28293	-0.107043	0.0388451	0.152965	0.232736	0.299146	0.351218	0.394602	0.435969	0.473572	0.49935	0.525408	0.54049	0.547158	0.543917	0.520327	0.483651	0.433755	0.366876	0.277375	0.176586	0.0623436	-0.0766644	-0.221555	-0.363537	-0.505399	-0.641634	-0.762726	-0.854355	-0.924553	-0.988329	-1.02726	-1.02136	-0.973044	-0.891263	-0.793421	-0.691411	-0.575243	-0.445184	-0.328831	-0.250957	-0.223879	-0.258462	-0.348105	-0.456496	-0.544028	-0.589861	-0.579252	-0.493974	-0.330403	-0.11334	0.119441	0.338869	0.523682	0.645027	0.664206	0.552304	0.314771	0	
0	0.22062	0.425026	0.628437	0.828394	0.99979	1.14775	1.28009	1.38305	1.45539	1.49279	1.50557	1.50058	1.45381	1.35675	1.22469	1.07722	0.938314	0.817286	0.690976	0.571097	0.474309	0.418206	0.415663	0.469082	0.569594	0.67169	0.745936	0.775593	0.740942	0.632029	0.444454	0.218571	-0.0236961	-0.251718	-0.459562	-0.617195	-0.69572	-0.675949	-0.560927	-0.385099	-0.187756	-0.0015274	0.149687	0.267478	0.350876	0.412327	0.455779	0.490031	0.515666	0.534811	0.545386	0.551876	0.539998	0.516403	0.486368	0.438364	0.374979	0.298242	0.207276	0.0934709	-0.0302567	-0.157956	-0.300917	-0.441749	-0.568707	-0.686168	-0.79362	-0.885997	-0.949328	-0.987595	-1.01457	-1.01282	-0.962994	-0.872095	-0.756737	-0.640747	-0.540044	-0.442673	-0.340025	-0.250933	-0.195685	-0.18442	-0.228218	-0.323956	-0.438659	-0.533121	-0.58603	-0.583225	-0.50645	-0.350169	-0.137324	0.0940963	0.313585	0.499302	0.623039	0.646592	0.540464	0.308985	0	
0	0.249984	0.481275	0.703074	0.914324	1.09119	1.23601	1.36099	1.45939	1.52987	1.55864	1.54657	1.51372	1.44036	1.31707	1.17385	1.02707	0.903624	0.808617	0.716004	0.624027	0.551299	0.508746	0.513847	0.569594	0.671415	0.776072	0.854538	0.887917	0.860775	0.756712	0.576723	0.351767	0.112209	-0.116904	-0.326315	-0.486435	-0.572729	-0.557645	-0.449925	-0.278357	-0.0821527	0.0999111	0.249149	0.362894	0.437141	0.490438	0.523065	0.53961	0.548404	0.547356	0.529906	0.510998	0.477883	0.431778	0.376254	0.300696	0.212331	0.111399	-0.00172011	-0.129078	-0.258342	-0.383648	-0.515087	-0.636588	-0.738469	-0.828307	-0.907501	-0.971205	-1.0031	-1.00297	-0.985698	-0.939648	-0.850681	-0.731346	-0.602733	-0.489516	-0.40619	-0.336235	-0.262854	-0.198267	-0.160647	-0.160046	-0.20881	-0.307231	-0.42542	-0.524576	-0.582785	-0.586162	-0.516398	-0.366358	-0.157298	0.0727615	0.292133	0.478424	0.603946	0.631018	0.529781	0.303673	0	
0	0.24878	0.477459	0.696463	0.904846	1.0798	1.22618	1.34991	1.44076	1.4963	1.5007	1.46603	1.41189	1.32333	1.20237	1.07212	0.95081	0.859877	0.802435	0.743716	0.682606	0.629421	0.600949	0.612848	0.67169	0.776072	0.884146	0.966558	1.00535	0.982497	0.885579	0.707996	0.48656	0.244995	0.0147972	-0.198131	-0.365145	-0.457586	-0.454063	-0.353923	-0.190771	-0.00287839	0.174164	0.313736	0.41722	0.48004	0.516552	0.530573	0.530526	0.517173	0.496099	0.460361	0.417392	0.358352	0.283967	0.203888	0.10771	-0.00112585	-0.114997	-0.231592	-0.358251	-0.48055	-0.588091	-0.695862	-0.793395	-0.870105	-0.9324	-0.981013	-1.01021	-1.00275	-0.95823	-0.896583	-0.814285	-0.702288	-0.575275	-0.453723	-0.358686	-0.300712	-0.259024	-0.211186	-0.165548	-0.14004	-0.145759	-0.196578	-0.29564	-0.415578	-0.517898	-0.580047	-0.588223	-0.524062	-0.379153	-0.173321	0.0554869	0.27465	0.461279	0.588098	0.61791	0.520653	0.299077	0	
0	0.218728	0.424166	0.622755	0.815094	0.978502	1.11192	1.22117	1.29504	1.33251	1.32116	1.26972	1.20862	1.12877	1.02774	0.9298	0.844996	0.793927	0.772448	0.747667	0.712356	0.678234	0.66261	0.682377	0.745936	0.854538	0.966558	1.05426	1.09682	1.07951	0.985861	0.812081	0.590009	0.347289	0.113314	-0.105304	-0.278489	-0.382481	-0.387824	-0.301058	-0.147671	0.0297022	0.195846	0.324794	0.416321	0.464397	0.485854	0.483433	0.46141	0.427751	0.382051	0.320074	0.254002	0.173386	0.0812573	-0.01488	-0.122777	-0.234632	-0.347809	-0.458001	-0.567844	-0.669116	-0.755474	-0.840404	-0.912745	-0.961059	-0.990685	-1.00155	-0.988893	-0.93831	-0.852994	-0.758911	-0.658576	-0.544329	-0.428634	-0.327848	-0.257894	-0.225647	-0.207908	-0.17939	-0.146777	-0.128749	-0.137762	-0.189009	-0.287739	-0.408457	-0.512867	-0.57785	-0.589588	-0.529669	-0.388726	-0.185457	0.0423037	0.261237	0.448051	0.575772	0.607609	0.5134	0.295393	0	
0	0.182018	0.348121	0.51029	0.669036	0.800306	0.904011	0.981281	1.02604	1.04224	1.01557	0.964195	0.918319	0.866346	0.804363	0.749304	0.709009	0.696318	0.710287	0.71383	0.700828	0.682903	0.678847	0.705921	0.775593	0.887917	1.00535	1.09682	1.14402	1.13	1.03984	0.867497	0.645168	0.400219	0.161842	-0.0613974	-0.243527	-0.355228	-0.373623	-0.297018	-0.15689	0.00858254	0.161652	0.276499	0.351649	0.382684	0.384753	0.360891	0.319909	0.264418	0.200672	0.120836	0.0381094	-0.0530674	-0.154656	-0.253138	-0.356856	-0.461608	-0.559615	-0.650247	-0.742383	-0.824521	-0.886383	-0.943306	-0.985368	-0.998961	-0.988585	-0.956279	-0.901739	-0.815612	-0.704726	-0.598265	-0.500373	-0.401047	-0.308136	-0.233156	-0.187825	-0.176955	-0.176805	-0.161287	-0.136773	-0.122963	-0.133506	-0.184538	-0.282687	-0.403701	-0.509409	-0.57627	-0.590418	-0.533405	-0.395217	-0.193762	0.0332307	0.251971	0.438875	0.567173	0.600371	0.508265	0.292768	0	
0	0.1362	0.260045	0.376072	0.484748	0.564923	0.618329	0.653855	0.666027	0.6608	0.631407	0.593021	0.573584	0.558143	0.539163	0.527391	0.524687	0.547591	0.589523	0.616624	0.623647	0.620199	0.628043	0.665081	0.740942	0.860775	0.982497	1.07951	1.13	1.11886	1.0308	0.858143	0.635125	0.385763	0.143783	-0.0874039	-0.276096	-0.399399	-0.427612	-0.364803	-0.236547	-0.0857805	0.0541126	0.152691	0.212963	0.227193	0.211944	0.172928	0.115265	0.046584	-0.0292547	-0.114691	-0.200449	-0.29312	-0.388263	-0.477288	-0.568289	-0.656521	-0.73919	-0.812059	-0.88019	-0.935679	-0.969082	-0.9931	-0.997052	-0.968884	-0.916541	-0.846341	-0.762211	-0.658064	-0.54195	-0.442717	-0.362452	-0.287034	-0.219839	-0.168845	-0.143475	-0.148028	-0.159347	-0.151683	-0.131762	-0.120182	-0.131446	-0.182273	-0.280032	-0.401141	-0.507513	-0.575376	-0.590829	-0.535403	-0.398728	-0.19828	0.0282783	0.246901	0.433842	0.56244	0.59637	0.505413	0.291305	0	
0	0.0822889	0.147132	0.204693	0.256777	0.283709	0.29024	0.28439	0.26989	0.257414	0.233396	0.211281	0.217619	0.234727	0.246758	0.265639	0.293328	0.339587	0.403451	0.449759	0.471144	0.481643	0.500921	0.546302	0.632029	0.756712	0.885579	0.985861	1.03984	1.0308	0.94254	0.77038	0.543592	0.292474	0.0436183	-0.192013	-0.390078	-0.521073	-0.560575	-0.508259	-0.392957	-0.253525	-0.128113	-0.0402388	0.00679832	0.0102442	-0.012994	-0.0605655	-0.122421	-0.193119	-0.267893	-0.353495	-0.433124	-0.513085	-0.597459	-0.673474	-0.749232	-0.820177	-0.879911	-0.927316	-0.96877	-0.992679	-0.988781	-0.972085	-0.935075	-0.869215	-0.785493	-0.692994	-0.598163	-0.495652	-0.391871	-0.312675	-0.256598	-0.205952	-0.161329	-0.12902	-0.117809	-0.132345	-0.150347	-0.146873	-0.129317	-0.11893	-0.130735	-0.18175	-0.279545	-0.400698	-0.50718	-0.57521	-0.590889	-0.535735	-0.399316	-0.199036	0.0274514	0.246055	0.433002	0.561649	0.595701	0.504936	0.29106	0	
0	0.0104295	0.00839601	0.00269678	-0.00309492	-0.0259226	-0.0563185	-0.0812223	-0.103997	-0.118379	-0.13393	-0.137144	-0.109186	-0.072883	-0.0383666	-0.00137244	0.039384	0.0994426	0.17324	0.226644	0.257376	0.274268	0.300548	0.354263	0.444454	0.576723	0.707996	0.812081	0.867497	0.858143	0.77038	0.594499	0.367614	0.110892	-0.139259	-0.381432	-0.58265	-0.719525	-0.763844	-0.717149	-0.607165	-0.475021	-0.353264	-0.273069	-0.229031	-0.228608	-0.255375	-0.301687	-0.361339	-0.428422	-0.496333	-0.567818	-0.636513	-0.707965	-0.777293	-0.834932	-0.889054	-0.935753	-0.969367	-0.98513	-0.989861	-0.974718	-0.931607	-0.878347	-0.809809	-0.719795	-0.621927	-0.526791	-0.439935	-0.35355	-0.271469	-0.216504	-0.183878	-0.153767	-0.125896	-0.106371	-0.104293	-0.124791	-0.146195	-0.144518	-0.12803	-0.118418	-0.130957	-0.18276	-0.28113	-0.402333	-0.508399	-0.575776	-0.590607	-0.534414	-0.396991	-0.196034	0.0307508	0.249438	0.436363	0.564813	0.598378	0.506847	0.292042	0	
0	-0.0627752	-0.136057	-0.203419	-0.257979	-0.315487	-0.369255	-0.409062	-0.433199	-0.436673	-0.43702	-0.42848	-0.38915	-0.340325	-0.302101	-0.259907	-0.21297	-0.150545	-0.0737713	-0.0164568	0.0145657	0.0359392	0.0657152	0.122269	0.218571	0.351767	0.48656	0.590009	0.645168	0.635125	0.543592	0.367614	0.136171	-0.119333	-0.373537	-0.615112	-0.818466	-0.955553	-0.999765	-0.954037	-0.845594	-0.713418	-0.595815	-0.513412	-0.469759	-0.467286	-0.486935	-0.527783	-0.580107	-0.636277	-0.694052	-0.759195	-0.813106	-0.86272	-0.910362	-0.944678	-0.9727	-0.98765	-0.984881	-0.964311	-0.932415	-0.88135	-0.807958	-0.731222	-0.646702	-0.551302	-0.458624	-0.37666	-0.308582	-0.244281	-0.185586	-0.152803	-0.138728	-0.123053	-0.106088	-0.0945039	-0.0980224	-0.121926	-0.144658	-0.143277	-0.12716	-0.118273	-0.131949	-0.185246	-0.284762	-0.406017	-0.511136	-0.577033	-0.589935	-0.53139	-0.391713	-0.189256	0.0381737	0.25703	0.443891	0.57188	0.604341	0.511088	0.294214	0	
0	-0.120011	-0.246757	-0.359917	-0.45195	-0.538547	-0.607507	-0.649564	-0.673976	-0.679531	-0.680003	-0.66408	-0.61986	-0.571782	-0.529289	-0.488311	-0.443611	-0.382175	-0.308195	-0.256721	-0.226785	-0.208643	-0.178727	-0.120166	-0.0236961	0.112209	0.244995	0.347289	0.400219	0.385763	0.292474	0.110892	-0.119333	-0.378014	-0.62927	-0.871008	-1.07096	-1.20324	-1.24331	-1.19149	-1.07868	-0.944468	-0.821281	-0.738123	-0.689887	-0.68157	-0.697544	-0.730464	-0.771692	-0.817197	-0.859267	-0.899263	-0.930841	-0.960211	-0.981419	-0.984059	-0.976613	-0.957053	-0.920461	-0.865959	-0.805921	-0.733292	-0.644552	-0.561628	-0.480382	-0.395669	-0.319338	-0.258102	-0.212439	-0.16943	-0.130384	-0.114626	-0.11325	-0.106404	-0.0957638	-0.0888087	-0.0958164	-0.121688	-0.144469	-0.142433	-0.126351	-0.118356	-0.133697	-0.189242	-0.290456	-0.41172	-0.515323	-0.578892	-0.588764	-0.526548	-0.383397	-0.178666	0.0497125	0.268793	0.455514	0.582738	0.613446	0.517522	0.297492	0	
0	-0.146873	-0.299662	-0.435365	-0.544737	-0.644793	-0.728856	-0.78447	-0.81627	-0.82614	-0.830193	-0.824557	-0.789541	-0.748916	-0.720896	-0.687586	-0.649072	-0.593744	-0.525564	-0.477978	-0.455233	-0.43734	-0.409526	-0.350231	-0.251718	-0.116904	0.0147972	0.113314	0.161842	0.143783	0.0436183	-0.139259	-0.373537	-0.62927	-0.880421	-1.11821	-1.31277	-1.43957	-1.47039	-1.41247	-1.29439	-1.15368	-1.0295	-0.939121	-0.884556	-0.868565	-0.870016	-0.887723	-0.913056	-0.936418	-0.956269	-0.977667	-0.982504	-0.978771	-0.96528	-0.935275	-0.898765	-0.849295	-0.78649	-0.714878	-0.642004	-0.561393	-0.475996	-0.404071	-0.336443	-0.269807	-0.215262	-0.175809	-0.149428	-0.122676	-0.0980264	-0.0940646	-0.100281	-0.0980046	-0.0906548	-0.0864071	-0.0958563	-0.122953	-0.144943	-0.141615	-0.125457	-0.118659	-0.136274	-0.194841	-0.29825	-0.419395	-0.520858	-0.581214	-0.586925	-0.519714	-0.371912	-0.164208	0.0653528	0.28466	0.471112	0.597209	0.62547	0.525937	0.301746	0	
0	-0.141885	-0.291692	-0.424689	-0.535582	-0.641248	-0.728531	-0.789762	-0.835557	-0.865692	-0.890625	-0.898279	-0.880671	-0.859246	-0.84409	-0.827566	-0.800958	-0.757174	-0.699943	-0.665842	-0.650585	-0.641079	-0.615463	-0.558201	-0.459562	-0.326315	-0.198131	-0.105304	-0.0613974	-0.0874039	-0.192013	-0.381432	-0.615112	-0.871008	-1.11821	-1.35043	-1.53831	-1.65247	-1.67299	-1.60203	-1.47289	-1.32432	-1.18903	-1.08975	-1.02432	-0.992861	-0.979572	-0.980015	-0.982011	-0.982628	-0.976678	-0.963855	-0.937288	-0.907233	-0.868848	-0.815415	-0.756404	-0.691721	-0.619508	-0.541771	-0.472317	-0.402645	-0.330712	-0.275194	-0.227269	-0.181387	-0.146001	-0.123792	-0.111866	-0.0960704	-0.0807778	-0.0842951	-0.0944477	-0.094004	-0.0881937	-0.085707	-0.0972093	-0.125143	-0.145701	-0.140631	-0.124443	-0.119252	-0.139818	-0.202181	-0.30819	-0.428972	-0.527594	-0.583807	-0.584183	-0.51065	-0.357088	-0.145819	0.0850702	0.30454	0.490524	0.615043	0.640107	0.536046	0.3068	0	
0	-0.11565	-0.24225	-0.355728	-0.450034	-0.546633	-0.636806	-0.703137	-0.755994	-0.79956	-0.840333	-0.870686	-0.874459	-0.876024	-0.886722	-0.888691	-0.880092	-0.850955	-0.810065	-0.789662	-0.789431	-0.786359	-0.7687	-0.712753	-0.617195	-0.486435	-0.365145	-0.278489	-0.243527	-0.276096	-0.390078	-0.58265	-0.818466	-1.07096	-1.31277	-1.53831	-1.71294	-1.81476	-1.81749	-1.73127	-1.58939	-1.42627	-1.28124	-1.16801	-1.08663	-1.03837	-1.00358	-0.979019	-0.95778	-0.931953	-0.900324	-0.867721	-0.821312	-0.772519	-0.715452	-0.648621	-0.585222	-0.518659	-0.449694	-0.384943	-0.329329	-0.271973	-0.219108	-0.185188	-0.154374	-0.123963	-0.103893	-0.0947158	-0.0917051	-0.0817743	-0.0723643	-0.0806915	-0.0923905	-0.0921147	-0.0869725	-0.0859342	-0.0994612	-0.127963	-0.146508	-0.139372	-0.123339	-0.120265	-0.144519	-0.211431	-0.320321	-0.440348	-0.535338	-0.58642	-0.580239	-0.499062	-0.338721	-0.123426	0.108826	0.328313	0.513536	0.635923	0.656966	0.547479	0.312431	0	
0	-0.0828649	-0.177614	-0.261361	-0.334209	-0.414454	-0.490634	-0.552639	-0.609649	-0.663881	-0.717762	-0.758255	-0.780148	-0.800777	-0.830172	-0.853109	-0.85999	-0.849486	-0.825957	-0.825722	-0.840319	-0.850094	-0.838957	-0.789625	-0.69572	-0.572729	-0.457586	-0.382481	-0.355228	-0.399399	-0.521073	-0.719525	-0.955553	-1.20324	-1.43957	-1.65247	-1.81476	-1.89606	-1.87954	-1.7738	-1.61359	-1.43626	-1.27676	-1.1478	-1.05226	-0.98599	-0.932265	-0.891658	-0.851322	-0.808177	-0.762518	-0.714024	-0.655348	-0.59917	-0.540201	-0.478328	-0.420809	-0.364491	-0.309381	-0.257598	-0.218358	-0.18081	-0.146145	-0.126536	-0.108762	-0.0912628	-0.0814298	-0.0796983	-0.0814904	-0.0745621	-0.0689924	-0.0803525	-0.0920779	-0.0911151	-0.0863358	-0.0867828	-0.102456	-0.131232	-0.14718	-0.137775	-0.122225	-0.121876	-0.150614	-0.222782	-0.334669	-0.453378	-0.543843	-0.588738	-0.574726	-0.484601	-0.316584	-0.0969632	0.136562	0.355824	0.539884	0.659452	0.675565	0.559794	0.31837	0	
0	-0.0499902	-0.11513	-0.172171	-0.219896	-0.280634	-0.343803	-0.391379	-0.439779	-0.494427	-0.549321	-0.594568	-0.62434	-0.658327	-0.700393	-0.735983	-0.755612	-0.756256	-0.750457	-0.765673	-0.795746	-0.814648	-0.811331	-0.764911	-0.675949	-0.557645	-0.454063	-0.387824	-0.373623	-0.427612	-0.560575	-0.763844	-0.999765	-1.24331	-1.47039	-1.67299	-1.81749	-1.87954	-1.8416	-1.7155	-1.54042	-1.34925	-1.1793	-1.04034	-0.93432	-0.855994	-0.792964	-0.740123	-0.690064	-0.639792	-0.589343	-0.538829	-0.482084	-0.434087	-0.382696	-0.329467	-0.285082	-0.242473	-0.202175	-0.170058	-0.147761	-0.121017	-0.0996002	-0.093633	-0.0845115	-0.0734461	-0.0698378	-0.073214	-0.0770859	-0.0709115	-0.0681646	-0.0816978	-0.0925058	-0.0904171	-0.086007	-0.0881852	-0.106158	-0.134799	-0.147545	-0.135816	-0.121232	-0.124317	-0.158382	-0.236437	-0.351228	-0.467858	-0.552799	-0.590381	-0.567209	-0.466871	-0.290437	-0.0663754	0.168195	0.386885	0.569241	0.685151	0.695333	0.572471	0.324308	0	
0	-0.0284925	-0.0687738	-0.100818	-0.128556	-0.169286	-0.214929	-0.250563	-0.286066	-0.331874	-0.380703	-0.41916	-0.448636	-0.484934	-0.53211	-0.570744	-0.592998	-0.600997	-0.60354	-0.631621	-0.670822	-0.694722	-0.694838	-0.649332	-0.560927	-0.449925	-0.353923	-0.301058	-0.297018	-0.364803	-0.508259	-0.717149	-0.954037	-1.19149	-1.41247	-1.60203	-1.73127	-1.7738	-1.7155	-1.57382	-1.38667	-1.18787	-1.01538	-0.872261	-0.764244	-0.684927	-0.618091	-0.564989	-0.516378	-0.46803	-0.422152	-0.37903	-0.333832	-0.295105	-0.253192	-0.216084	-0.187474	-0.159872	-0.134306	-0.114022	-0.101875	-0.0864886	-0.0763475	-0.0763096	-0.0707074	-0.0648393	-0.0655915	-0.0711424	-0.0749654	-0.0689481	-0.0689458	-0.0839382	-0.0930656	-0.0897422	-0.0859432	-0.0902042	-0.11056	-0.138492	-0.147434	-0.133509	-0.120545	-0.127875	-0.168146	-0.252591	-0.369938	-0.483519	-0.561831	-0.590896	-0.557184	-0.445439	-0.26004	-0.0316324	0.20361	0.421261	0.60122	0.712456	0.715613	0.584918	0.329895	0	
0	-0.0116058	-0.0352834	-0.0525726	-0.0668556	-0.0923291	-0.120734	-0.139223	-0.164172	-0.202714	-0.237874	-0.263046	-0.286774	-0.318572	-0.359505	-0.397112	-0.41446	-0.421063	-0.430897	-0.462705	-0.505794	-0.529666	-0.5251	-0.477415	-0.385099	-0.278357	-0.190771	-0.147671	-0.15689	-0.236547	-0.392957	-0.607165	-0.845594	-1.07868	-1.29439	-1.47289	-1.58939	-1.61359	-1.54042	-1.38667	-1.19335	-0.994861	-0.824624	-0.684581	-0.584074	-0.506189	-0.446887	-0.401231	-0.359014	-0.31957	-0.287149	-0.253792	-0.216905	-0.192243	-0.16537	-0.142323	-0.124934	-0.106661	-0.0912879	-0.0827874	-0.0788315	-0.0678685	-0.0635819	-0.068119	-0.0648758	-0.061329	-0.0641381	-0.0710032	-0.0741188	-0.0679687	-0.0706796	-0.086548	-0.0934825	-0.0890344	-0.0862076	-0.0929476	-0.115638	-0.142098	-0.146685	-0.13093	-0.120417	-0.132896	-0.180254	-0.271411	-0.390668	-0.500012	-0.570487	-0.58975	-0.544083	-0.419845	-0.225173	0.00726072	0.242657	0.45867	0.635357	0.740712	0.735657	0.596483	0.334754	0	
0	-0.00471532	-0.0166178	-0.0215767	-0.0269582	-0.0420432	-0.0608783	-0.0687566	-0.0773426	-0.104623	-0.131664	-0.144055	-0.158505	-0.186383	-0.218305	-0.24375	-0.252827	-0.25262	-0.260698	-0.294689	-0.333762	-0.351449	-0.340596	-0.28293	-0.187756	-0.0821527	-0.00287839	0.0297022	0.00858254	-0.0857805	-0.253525	-0.475021	-0.713418	-0.944468	-1.15368	-1.32432	-1.42627	-1.43626	-1.34925	-1.18787	-0.994861	-0.801249	-0.640385	-0.51287	-0.421619	-0.356351	-0.308079	-0.270478	-0.238508	-0.210626	-0.185587	-0.160469	-0.141574	-0.129237	-0.109172	-0.0953085	-0.0865824	-0.0778408	-0.0698863	-0.0662495	-0.0656817	-0.0587099	-0.0594501	-0.0650065	-0.0614758	-0.0599592	-0.0648556	-0.0720398	-0.0734114	-0.0674312	-0.0732497	-0.0893206	-0.0935768	-0.0882967	-0.0869335	-0.0965503	-0.121313	-0.145349	-0.145166	-0.128234	-0.121174	-0.139786	-0.195075	-0.29301	-0.413187	-0.516896	-0.578237	-0.586333	-0.527279	-0.389626	-0.185651	0.0502519	0.285137	0.498774	0.671109	0.769173	0.75464	0.606465	0.338484	0	
0	-0.000716986	-0.00503795	-0.00482601	-0.00720929	-0.0126201	-0.0202818	-0.0234287	-0.0291348	-0.047992	-0.0586765	-0.059112	-0.0673295	-0.0857274	-0.110075	-0.127891	-0.125156	-0.119967	-0.12871	-0.157453	-0.191881	-0.198223	-0.173869	-0.107043	-0.0015274	0.0999111	0.174164	0.195846	0.161652	0.0541126	-0.128113	-0.353264	-0.595815	-0.821281	-1.0295	-1.18903	-1.28124	-1.27676	-1.1793	-1.01538	-0.824624	-0.640385	-0.492994	-0.374259	-0.298119	-0.240919	-0.201642	-0.17507	-0.153679	-0.133769	-0.122054	-0.110155	-0.0962174	-0.0872293	-0.0745862	-0.0708564	-0.0686144	-0.0618534	-0.0577801	-0.0601491	-0.0602495	-0.0538479	-0.0582937	-0.0639844	-0.0600598	-0.0603438	-0.0663774	-0.073012	-0.0726067	-0.0676113	-0.0765924	-0.0919157	-0.0932295	-0.087654	-0.0883159	-0.101125	-0.127424	-0.147934	-0.142807	-0.125672	-0.123224	-0.149002	-0.212969	-0.317413	-0.437146	-0.53363	-0.584462	-0.57995	-0.506101	-0.354335	-0.141348	0.0972313	0.330805	0.541168	0.707843	0.796998	0.771673	0.61413	0.340676	0	
