0	0	0	0	0	0	0	0	0	0	0	0	0	0	0	0	0	0	0	0	0	0	0	0	0	0	0	0	0	0	0	0	0	0	0	0	0	0	0	0	0	0	0	0	0	0	0	0	0	0	0	0	0	0	0	0	0	0	0	0	0	0	0	0	0	0	0	0	0	0	0	0	0	0	0	0	0	0	0	0	0	0	0	0	0	0	0	0	0	0	0	0	0	0	0	0	0	0	0	0	
0	-0.0257923	0.000589946	0.00519542	-0.00174162	0.000981031	0.00852256	0.000579445	-0.00944949	0.00070564	-0.0013005	-0.00436584	-0.0110072	-0.00433494	0.0032619	0.00210443	-0.00667207	-0.0105291	0.00045918	0.00963916	0.00208335	-0.0101472	-0.0174999	-0.0183919	0.000279421	0.0139532	0.00977998	-0.0136945	-0.0416043	-0.06966	-0.0938851	-0.0906272	-0.0670776	-0.0239104	0.0170868	0.0703717	0.122533	0.165251	0.185477	0.181404	0.170529	0.1469	0.111217	0.0606301	-0.00674464	-0.0618384	-0.103425	-0.120759	-0.108114	-0.0931752	-0.0656128	-0.0386918	-0.0259758	-0.00939303	0.000856996	-0.00209265	-0.000907718	0.00414642	-0.00682585	-0.00720158	0.0116231	0.00928429	-0.00344259	-0.000454389	0.00530913	0.000664303	-0.0010249	0.0076554	0.00565988	-0.00347008	0.0010343	0.00802666	0.00666132	0.00126059	-0.00280433	0.00466207	0.0148996	0.00810386	-0.00406189	-0.0022217	0.00813746	0.0182261	0.0219165	0.00903943	-0.0130658	-0.0216516	-0.01266	-1.20161e-06	0.00971368	0.0131841	-0.000830045	-0.0350494	-0.0711577	-0.0894255	-0.0892228	-0.0811382	-0.0697288	-0.0524115	-0.0281806	0	
0	0.000589946	0.0147107	0.000550657	-0.00996448	-0.00773596	-0.000949288	-0.000859783	-0.00677595	-0.00204342	0.00629242	0.00122877	-0.0117374	-0.00383156	0.00250394	0.00161765	-0.0175618	-0.0234405	-0.00711621	0.00965796	-0.00749667	-0.0238686	-0.0413551	-0.0344572	-0.00619718	0.0230963	0.00946841	-0.0308962	-0.0871028	-0.13983	-0.183558	-0.17818	-0.128009	-0.0495866	0.0387414	0.136619	0.243857	0.321066	0.361651	0.354204	0.329057	0.283954	0.210911	0.109447	-0.0147952	-0.126845	-0.199537	-0.229549	-0.210204	-0.170606	-0.125379	-0.0781937	-0.0504633	-0.0297368	-0.0123044	-0.00821432	-0.00340372	0.00842994	0.00600941	0.00426811	0.00614111	-0.00204735	-0.00103946	0.00685862	0.0108216	0.00454621	-0.00286315	0.008461	0.011486	-0.00131409	0.00261008	0.01343	0.0117223	0.00274937	-0.00248192	0.0106275	0.0260206	0.0139027	-0.0054655	-0.00129645	0.0172123	0.0347748	0.0396723	0.0154986	-0.0234783	-0.0381635	-0.0216954	0.00203787	0.0200854	0.0242608	-0.00565931	-0.0728225	-0.143033	-0.180033	-0.1816	-0.165985	-0.141767	-0.105478	-0.0563087	0	
0	0.00519542	0.000550657	-0.00844116	-0.00265233	0.000154881	0.00181157	-0.00232469	-0.0115736	-0.00349366	0.00568138	-0.00786379	-0.015715	-0.00419841	-0.0018287	-0.00202762	-0.0206538	-0.0272702	-0.00355132	0.00554974	-0.0107432	-0.0328431	-0.0525492	-0.0400866	-0.00696501	0.025904	0.00450401	-0.05401	-0.130728	-0.209061	-0.260624	-0.254685	-0.176867	-0.0669659	0.0682665	0.212157	0.366092	0.478975	0.534502	0.529628	0.489374	0.420268	0.310908	0.154363	-0.0215181	-0.190336	-0.295026	-0.338135	-0.316008	-0.255723	-0.186358	-0.122871	-0.0707403	-0.0387923	-0.021444	-0.00281014	-0.0019526	0.000708787	0.0062065	0.00587631	0.00523698	0.00156741	0.00774008	0.0120403	0.00600718	0.00134339	0.00430933	0.0151959	0.0120641	-0.00022723	0.00672926	0.0175588	0.0141159	0.00540137	0.00295177	0.017078	0.0305923	0.0170825	-0.00179898	0.00472898	0.0274082	0.04785	0.0501157	0.018098	-0.0285627	-0.0452431	-0.0239593	0.00787026	0.0312322	0.0308782	-0.0181311	-0.115747	-0.216486	-0.273041	-0.279747	-0.257502	-0.21809	-0.160031	-0.0846147	0	
0	-0.00174162	-0.00996448	-0.00265233	0.00822276	0.00131105	-0.00822454	-0.00375484	-0.00436742	-0.00744167	-0.00809125	-0.0147317	-0.00941505	-0.00664058	-0.00584218	-0.00869922	-0.0186582	-0.019613	-0.00302163	-0.00410472	-0.016291	-0.0419411	-0.0544503	-0.0426251	-0.00831279	0.0136346	-0.0138831	-0.0872479	-0.180228	-0.275	-0.32866	-0.314744	-0.216714	-0.0730461	0.102705	0.294957	0.484002	0.63006	0.697191	0.696761	0.642863	0.546427	0.399903	0.193342	-0.0332411	-0.244324	-0.384154	-0.435391	-0.413455	-0.338729	-0.24793	-0.167074	-0.0974512	-0.051158	-0.0252306	-0.00417867	0.00124186	0.00148544	0.00467909	0.00336655	0.0053401	0.0117939	0.0126212	0.00501976	0.00378379	0.0126344	0.0141386	0.00874971	0.00760762	0.011007	0.0152555	0.015376	0.0126598	0.0116879	0.0139205	0.0222573	0.02815	0.0189003	0.00818408	0.0163052	0.0379763	0.0555707	0.051926	0.017704	-0.0257558	-0.0400775	-0.0171746	0.0186106	0.0422824	0.0303462	-0.041216	-0.165771	-0.29264	-0.369657	-0.385253	-0.3573	-0.30006	-0.217168	-0.113779	0	
0	0.000981031	-0.00773596	0.000154881	0.00131105	-0.00580661	-0.0135179	-0.00279344	0.00612787	-0.00855809	-0.01296	-0.00793204	-0.00238374	-0.0145215	-0.0164989	-0.0224442	-0.0207351	-0.0157864	-0.0194376	-0.0227148	-0.0320585	-0.0499874	-0.0517574	-0.0407698	-0.0135912	-0.00983252	-0.0438385	-0.124592	-0.230301	-0.327312	-0.378646	-0.349028	-0.238227	-0.0612556	0.150107	0.384735	0.600145	0.769038	0.846192	0.848078	0.77772	0.652522	0.462402	0.214895	-0.0592474	-0.298706	-0.466761	-0.521693	-0.497453	-0.40779	-0.30104	-0.201658	-0.121655	-0.068757	-0.0320006	-0.0155559	-0.00280064	0.00262752	0.00837261	0.00965388	0.00703416	0.0148811	0.0122329	0.00313559	0.00874693	0.0196718	0.0158364	0.00455513	0.0109287	0.0225202	0.0182922	0.0117613	0.0139369	0.0205014	0.0257953	0.0249077	0.0218504	0.0218553	0.0239821	0.0319949	0.0471944	0.0565995	0.0463359	0.0173546	-0.013012	-0.0216126	-0.000201433	0.0343105	0.0511275	0.0197796	-0.0769931	-0.224363	-0.372927	-0.470891	-0.498292	-0.465293	-0.388252	-0.278174	-0.144898	0	
0	0.00852256	-0.000949288	0.00181157	-0.00822454	-0.0135179	-0.00446681	-0.003943	-0.00249592	-0.0129786	-0.0151107	-0.00314901	-0.00341444	-0.0157427	-0.0253599	-0.0243205	-0.013162	-0.0116827	-0.0317728	-0.0403726	-0.0441891	-0.0502745	-0.0450511	-0.0365553	-0.031078	-0.0480096	-0.0904998	-0.174902	-0.283867	-0.374655	-0.412643	-0.368081	-0.24335	-0.0389098	0.207849	0.474147	0.712059	0.893513	0.98453	0.985849	0.902351	0.745327	0.514912	0.229373	-0.0790104	-0.34648	-0.530352	-0.59914	-0.571716	-0.475551	-0.356529	-0.241226	-0.150128	-0.0845865	-0.0445621	-0.0191996	-0.000977242	0.00155325	0.0129411	0.0149727	0.0090867	0.0107579	0.00738224	0.0132706	0.0187952	0.0160755	0.0132477	0.0092394	0.0188165	0.0275824	0.0169448	0.0114109	0.0195236	0.0302018	0.0347456	0.0241588	0.0163054	0.0290686	0.0435382	0.0484076	0.0528071	0.0512197	0.0373373	0.0213927	0.010701	0.00955499	0.0267578	0.0535332	0.054488	-0.00354047	-0.126605	-0.29268	-0.459005	-0.577246	-0.617431	-0.579693	-0.482362	-0.344247	-0.179211	0	
0	0.000579445	-0.000859783	-0.00232469	-0.00375484	-0.00279344	-0.003943	-0.00723974	-0.0109823	-0.0196615	-0.0189938	-0.00728763	-0.0091989	-0.021156	-0.0290779	-0.0196572	-0.00438324	-0.0124602	-0.0411581	-0.0532316	-0.0495337	-0.0431532	-0.0348919	-0.0355103	-0.0595506	-0.0962327	-0.14818	-0.231347	-0.332779	-0.407892	-0.423592	-0.365754	-0.223902	0.00142925	0.280862	0.566941	0.820909	1.00819	1.11122	1.11003	1.01208	0.820323	0.554063	0.233708	-0.0974271	-0.386069	-0.582726	-0.664022	-0.639484	-0.542362	-0.413051	-0.2857	-0.180801	-0.0995947	-0.050039	-0.0182264	0.00248514	0.00506595	0.00790251	0.0109341	0.0108349	0.0106298	0.0148827	0.0217503	0.0165868	0.0146124	0.017657	0.0144968	0.0231051	0.0292365	0.0174484	0.0151658	0.0271643	0.0383979	0.038327	0.0218695	0.017119	0.0417362	0.0625762	0.0614508	0.0535995	0.0421145	0.0308428	0.0340754	0.0451467	0.0515158	0.0619175	0.0730999	0.048359	-0.0417261	-0.190442	-0.371792	-0.552475	-0.688331	-0.739706	-0.697321	-0.581195	-0.416031	-0.217636	0	
0	-0.00944949	-0.00677595	-0.0115736	-0.00436742	0.00612787	-0.00249592	-0.0109823	-0.0155017	-0.00947143	-0.00965083	-0.0120673	-0.0213046	-0.0323679	-0.0300845	-0.0244779	-0.0133884	-0.0305819	-0.0579584	-0.0658113	-0.0530908	-0.035942	-0.0259619	-0.0462505	-0.0928838	-0.150569	-0.206169	-0.284594	-0.365709	-0.415562	-0.406718	-0.332202	-0.176465	0.0693824	0.366615	0.666753	0.921484	1.11423	1.21804	1.2134	1.09276	0.867128	0.564643	0.220042	-0.129577	-0.424113	-0.631334	-0.718346	-0.693319	-0.5973	-0.455387	-0.318565	-0.203014	-0.11604	-0.056949	-0.0264988	-0.00674502	0.00625191	0.00454035	0.0100659	0.0158602	0.0182709	0.0247885	0.0211315	0.0112253	0.0130128	0.0230292	0.0282706	0.0265573	0.0209978	0.0196278	0.0277781	0.036477	0.0398747	0.0353847	0.0239003	0.0285957	0.0569428	0.0757958	0.0684825	0.0505547	0.0341935	0.0332191	0.0583041	0.0888565	0.101317	0.101669	0.0882384	0.028762	-0.0959838	-0.268517	-0.462787	-0.654395	-0.802581	-0.861011	-0.814154	-0.682652	-0.493039	-0.260217	0	
0	0.00070564	-0.00204342	-0.00349366	-0.00744167	-0.00855809	-0.0129786	-0.0196615	-0.00947143	0.00249477	-0.00925004	-0.022262	-0.0270692	-0.0246484	-0.0225031	-0.0245259	-0.028237	-0.0467303	-0.0676167	-0.0694553	-0.0551921	-0.0326176	-0.0358302	-0.0765957	-0.145551	-0.217224	-0.277506	-0.341839	-0.394076	-0.411221	-0.377472	-0.28404	-0.113258	0.146349	0.453023	0.754065	1.00821	1.19865	1.30327	1.28949	1.14674	0.892535	0.561604	0.203346	-0.150806	-0.449241	-0.656639	-0.754535	-0.734942	-0.640279	-0.499002	-0.35414	-0.229654	-0.138365	-0.0734781	-0.0368252	-0.0132137	0.00406079	0.0123038	0.0236969	0.0224491	0.0178208	0.0164457	0.0140205	0.0192529	0.0239731	0.0310559	0.0324578	0.0184702	0.0180517	0.0341176	0.0408996	0.0384994	0.0356295	0.0332934	0.0351661	0.0478349	0.0690609	0.0805867	0.0695894	0.0466993	0.0337196	0.0497514	0.0947989	0.139311	0.155004	0.140538	0.0932543	-0.00744006	-0.166642	-0.360892	-0.566592	-0.764694	-0.917201	-0.97676	-0.925933	-0.783678	-0.573111	-0.305657	0	
0	-0.0013005	0.00629242	0.00568138	-0.00809125	-0.01296	-0.0151107	-0.0189938	-0.00965083	-0.00925004	-0.0274282	-0.0333395	-0.0234684	-0.0152244	-0.0168881	-0.0272426	-0.0431215	-0.0554587	-0.0619234	-0.0632457	-0.0495647	-0.0352541	-0.0596007	-0.118503	-0.204849	-0.283228	-0.346296	-0.38651	-0.402868	-0.386011	-0.324793	-0.21345	-0.0237462	0.237726	0.546528	0.836998	1.08828	1.27219	1.37107	1.34464	1.17902	0.900531	0.55287	0.185584	-0.161758	-0.461056	-0.670234	-0.776243	-0.772787	-0.683428	-0.546703	-0.398992	-0.264359	-0.160026	-0.0844348	-0.0355648	-0.0054204	0.0102876	0.0125923	0.0171029	0.0187688	0.0164076	0.0167459	0.0240481	0.0308353	0.0283097	0.0304456	0.0264526	0.0169009	0.03198	0.0486716	0.042735	0.035251	0.0332902	0.0385263	0.0545482	0.0673864	0.0740821	0.0778832	0.0670827	0.0470352	0.0471751	0.0830446	0.141791	0.193189	0.207507	0.171566	0.0826165	-0.0620006	-0.253526	-0.467878	-0.68345	-0.881698	-1.02849	-1.08267	-1.02864	-0.880192	-0.652113	-0.35111	0	
0	-0.00436584	0.00122877	-0.00786379	-0.0147317	-0.00793204	-0.00314901	-0.00728763	-0.0120673	-0.022262	-0.0333395	-0.0294185	-0.0259826	-0.0212142	-0.0273661	-0.0483572	-0.0659796	-0.0625341	-0.0548357	-0.055589	-0.0471707	-0.0522222	-0.0951699	-0.169037	-0.25909	-0.341932	-0.395774	-0.406006	-0.382209	-0.331447	-0.244196	-0.109802	0.0908411	0.350049	0.643459	0.922081	1.16073	1.33474	1.41817	1.37109	1.1845	0.884282	0.52761	0.160278	-0.180467	-0.472279	-0.683007	-0.797282	-0.801277	-0.720002	-0.583502	-0.427462	-0.287731	-0.175428	-0.0927255	-0.0419199	-0.0136044	0.00825902	0.0136858	0.0126647	0.0177676	0.0220503	0.0268989	0.0329397	0.0331322	0.0258669	0.0238795	0.0279817	0.0339008	0.0445142	0.0473235	0.0408551	0.0365519	0.0362718	0.051665	0.0763474	0.0803374	0.0717825	0.0709894	0.0653428	0.0583095	0.079211	0.131798	0.195533	0.246542	0.252503	0.187226	0.0521273	-0.135285	-0.356479	-0.589797	-0.812187	-1.00202	-1.1325	-1.17541	-1.11866	-0.967047	-0.724041	-0.392373	0	
0	-0.0110072	-0.0117374	-0.015715	-0.00941505	-0.00238374	-0.00341444	-0.0091989	-0.0213046	-0.0270692	-0.0234684	-0.0259826	-0.0284098	-0.02488	-0.0418003	-0.0684638	-0.0760193	-0.060065	-0.0487196	-0.0527254	-0.0635952	-0.0919108	-0.15462	-0.231769	-0.321388	-0.398214	-0.434057	-0.408214	-0.346426	-0.262763	-0.148588	0.00809508	0.214215	0.459338	0.731422	0.990469	1.21565	1.37081	1.43355	1.36398	1.15967	0.851588	0.494865	0.138324	-0.188219	-0.471558	-0.679478	-0.802356	-0.819416	-0.745968	-0.615745	-0.458715	-0.310657	-0.1933	-0.106658	-0.0494962	-0.0216947	-0.000737156	0.0108152	0.0194244	0.0291998	0.0303413	0.0313412	0.0304496	0.0279541	0.0259069	0.0286039	0.0412108	0.0472758	0.0437785	0.0434382	0.0430937	0.0402851	0.047445	0.0721458	0.0916209	0.0823847	0.0657736	0.0652462	0.0711709	0.0870234	0.130044	0.191067	0.251459	0.294565	0.282541	0.180852	-0.000290554	-0.226838	-0.47564	-0.726219	-0.949631	-1.121	-1.22581	-1.25285	-1.19266	-1.03817	-0.781665	-0.424508	0	
0	-0.00433494	-0.00383156	-0.00419841	-0.00664058	-0.0145215	-0.0157427	-0.021156	-0.0323679	-0.0246484	-0.0152244	-0.0212142	-0.02488	-0.0342184	-0.0595348	-0.0737072	-0.0702358	-0.0549903	-0.0462144	-0.0634298	-0.0972905	-0.153838	-0.224299	-0.29995	-0.3804	-0.441677	-0.44906	-0.388444	-0.291564	-0.177612	-0.0347303	0.138556	0.341991	0.564441	0.809005	1.04706	1.25051	1.38336	1.41675	1.32741	1.11266	0.80604	0.463103	0.12133	-0.185618	-0.456907	-0.664728	-0.792519	-0.825257	-0.765859	-0.6429	-0.491954	-0.343696	-0.218147	-0.127351	-0.0609706	-0.0211835	0.00471235	0.0185741	0.0233198	0.0306363	0.0324479	0.0291302	0.0274285	0.0319005	0.034256	0.0374772	0.0502872	0.0508306	0.0415584	0.0430507	0.0458101	0.0511379	0.0699581	0.0893149	0.0921473	0.07735	0.0625771	0.0670647	0.0924	0.135999	0.194536	0.254297	0.304828	0.33095	0.289955	0.148212	-0.0746566	-0.336215	-0.611097	-0.874947	-1.09057	-1.23366	-1.30617	-1.31381	-1.2472	-1.087	-0.817667	-0.442789	0	
0	0.0032619	0.00250394	-0.0018287	-0.00584218	-0.0164989	-0.0253599	-0.0290779	-0.0300845	-0.0225031	-0.0168881	-0.0273661	-0.0418003	-0.0595348	-0.0698537	-0.0629776	-0.0587504	-0.049443	-0.0498523	-0.0827776	-0.14513	-0.219645	-0.289261	-0.357606	-0.421085	-0.454789	-0.430168	-0.337682	-0.212422	-0.0660092	0.0998564	0.284529	0.473035	0.670178	0.883465	1.09756	1.27398	1.37614	1.38071	1.27249	1.0577	0.762055	0.437219	0.116021	-0.176887	-0.437016	-0.64776	-0.784967	-0.833604	-0.787098	-0.674299	-0.522662	-0.369822	-0.23885	-0.137997	-0.0664372	-0.0241365	0.00504669	0.0236702	0.0278677	0.0299736	0.0301821	0.029106	0.0298609	0.0374835	0.0457263	0.0487948	0.0530375	0.0483668	0.0394111	0.0441395	0.0576034	0.0757491	0.0903899	0.0894188	0.0826162	0.0750788	0.0676633	0.0836686	0.134827	0.201567	0.264223	0.315519	0.349978	0.347778	0.268784	0.0883935	-0.169948	-0.463404	-0.761802	-1.03128	-1.22852	-1.33578	-1.37248	-1.35728	-1.27852	-1.10738	-0.826075	-0.44374	0	
0	0.00210443	0.00161765	-0.00202762	-0.00869922	-0.0224442	-0.0243205	-0.0196572	-0.0244779	-0.0245259	-0.0272426	-0.0483572	-0.0684638	-0.0737072	-0.0629776	-0.0516977	-0.054691	-0.057027	-0.0710012	-0.127405	-0.210164	-0.288236	-0.350284	-0.404655	-0.439459	-0.43735	-0.379574	-0.262638	-0.109133	0.0656108	0.249395	0.432044	0.599919	0.767608	0.949031	1.13271	1.27432	1.34181	1.31636	1.1985	0.989897	0.716331	0.413706	0.114569	-0.162964	-0.415007	-0.626986	-0.773957	-0.837643	-0.805676	-0.700545	-0.552901	-0.394234	-0.254376	-0.147348	-0.0665949	-0.0209676	0.00455755	0.0205845	0.0224009	0.026539	0.0302245	0.0335803	0.0422579	0.0517843	0.0546401	0.0484	0.0460872	0.0456791	0.0448827	0.0585717	0.0816713	0.0958698	0.0918268	0.0789387	0.0770872	0.0807669	0.0858999	0.12274	0.197617	0.274118	0.331175	0.36941	0.378995	0.337185	0.216837	0.00313351	-0.28542	-0.608188	-0.924213	-1.18822	-1.35715	-1.42467	-1.42421	-1.38158	-1.28262	-1.09467	-0.80364	-0.42599	0	
0	-0.00667207	-0.0175618	-0.0206538	-0.0186582	-0.0207351	-0.013162	-0.00438324	-0.0133884	-0.028237	-0.0431215	-0.0659796	-0.0760193	-0.0702358	-0.0587504	-0.054691	-0.0691919	-0.086825	-0.125801	-0.200673	-0.286102	-0.357009	-0.406089	-0.435927	-0.431796	-0.389626	-0.304013	-0.164861	0.0149068	0.212386	0.402687	0.572187	0.715658	0.85267	0.999749	1.14459	1.24549	1.27485	1.22609	1.10377	0.912847	0.663867	0.389306	0.110532	-0.151232	-0.394191	-0.60591	-0.757865	-0.83252	-0.811186	-0.713865	-0.567886	-0.411118	-0.267365	-0.158288	-0.0796556	-0.0295664	-0.00359784	0.014691	0.0224639	0.0306247	0.0419625	0.0496132	0.0522702	0.0535345	0.0523176	0.0427981	0.042187	0.0540488	0.0655142	0.0825868	0.0980247	0.0959601	0.0825253	0.0739738	0.0807596	0.0976786	0.125983	0.18612	0.270709	0.343363	0.390056	0.408861	0.382253	0.294602	0.136124	-0.10525	-0.420953	-0.768437	-1.09162	-1.33784	-1.47176	-1.49894	-1.46022	-1.38385	-1.25602	-1.04699	-0.75076	-0.390662	0	
0	-0.0105291	-0.0234405	-0.0272702	-0.019613	-0.0157864	-0.0116827	-0.0124602	-0.0305819	-0.0467303	-0.0554587	-0.0625341	-0.060065	-0.0549903	-0.049443	-0.057027	-0.086825	-0.133719	-0.198948	-0.277308	-0.355293	-0.417206	-0.447271	-0.444616	-0.396919	-0.321918	-0.212837	-0.0534445	0.147444	0.357181	0.539599	0.690604	0.80717	0.915521	1.02238	1.12472	1.18132	1.18014	1.11709	1.00475	0.839017	0.624337	0.377835	0.124025	-0.125722	-0.35824	-0.571827	-0.730778	-0.817995	-0.812554	-0.726277	-0.588822	-0.433632	-0.290655	-0.177696	-0.0946015	-0.040747	-0.00699819	0.0199523	0.0343743	0.0450178	0.0533568	0.0553747	0.0517393	0.0457923	0.0444552	0.0450224	0.0568526	0.077799	0.0887256	0.0940404	0.0955069	0.0876659	0.0791513	0.0785077	0.0957796	0.136041	0.192272	0.263147	0.341086	0.403454	0.435138	0.423496	0.352301	0.220994	0.0305917	-0.235627	-0.575524	-0.938404	-1.25505	-1.4734	-1.56979	-1.55744	-1.47787	-1.36047	-1.19688	-0.966115	-0.67164	-0.341191	0	
0	0.00045918	-0.00711621	-0.00355132	-0.00302163	-0.0194376	-0.0317728	-0.0411581	-0.0579584	-0.0676167	-0.0619234	-0.0548357	-0.0487196	-0.0462144	-0.0498523	-0.0710012	-0.125801	-0.198948	-0.271187	-0.338528	-0.405527	-0.450519	-0.452827	-0.408418	-0.324433	-0.222347	-0.0918035	0.0851749	0.298486	0.504231	0.670596	0.798243	0.89048	0.965344	1.02922	1.08259	1.10009	1.07474	1.01081	0.915832	0.781321	0.600416	0.381761	0.146571	-0.0911461	-0.32152	-0.535805	-0.706378	-0.808088	-0.819147	-0.747245	-0.617497	-0.46405	-0.314763	-0.194521	-0.100409	-0.0343169	0.00240897	0.0316976	0.0462443	0.0503687	0.0519488	0.0470796	0.04204	0.0446451	0.056367	0.0660456	0.0782649	0.0949102	0.0979023	0.0920348	0.0878168	0.0836956	0.0838118	0.0957167	0.13445	0.202048	0.273259	0.337839	0.401882	0.450095	0.456135	0.403419	0.288298	0.12117	-0.0971795	-0.387343	-0.74457	-1.10871	-1.40577	-1.59087	-1.65007	-1.59784	-1.47288	-1.3082	-1.10626	-0.857647	-0.573601	-0.282612	0	
0	0.00963916	0.00965796	0.00554974	-0.00410472	-0.0227148	-0.0403726	-0.0532316	-0.0658113	-0.0694553	-0.0632457	-0.055589	-0.0527254	-0.0634298	-0.0827776	-0.127405	-0.200673	-0.277308	-0.338528	-0.389536	-0.435531	-0.451877	-0.412283	-0.330319	-0.216615	-0.0901404	0.0613855	0.250395	0.460574	0.650465	0.794962	0.89933	0.96484	1.00126	1.01627	1.02185	1.00507	0.967796	0.910379	0.838618	0.734275	0.5827	0.386523	0.164469	-0.0685351	-0.296122	-0.516969	-0.693482	-0.806867	-0.829349	-0.763282	-0.635447	-0.479381	-0.324006	-0.194772	-0.0984916	-0.0287036	0.0108886	0.0339945	0.0418581	0.0415244	0.043418	0.0463112	0.0512739	0.0600318	0.0754616	0.086314	0.0927844	0.100749	0.0963468	0.085341	0.0826465	0.087588	0.10378	0.139347	0.202264	0.282855	0.350961	0.402264	0.449706	0.47334	0.441237	0.345991	0.195537	-0.000959866	-0.246606	-0.556916	-0.918697	-1.26884	-1.53784	-1.68869	-1.71095	-1.61582	-1.44047	-1.22602	-0.988854	-0.730368	-0.465712	-0.220545	0	
0	0.00208335	-0.00749667	-0.0107432	-0.016291	-0.0320585	-0.0441891	-0.0495337	-0.0530908	-0.0551921	-0.0495647	-0.0471707	-0.0635952	-0.0972905	-0.14513	-0.210164	-0.286102	-0.355293	-0.405527	-0.435531	-0.452467	-0.425937	-0.34902	-0.23732	-0.0988246	0.0515091	0.220945	0.408222	0.601867	0.768718	0.889786	0.970783	1.00273	0.996166	0.959979	0.92381	0.884367	0.845503	0.804917	0.758703	0.684746	0.561924	0.385154	0.17825	-0.0482668	-0.272864	-0.491185	-0.675012	-0.793559	-0.825343	-0.767419	-0.642113	-0.485004	-0.328271	-0.197004	-0.0988534	-0.0332087	0.000409218	0.0241782	0.0369041	0.0411305	0.0487821	0.0579254	0.0685356	0.0797981	0.0933785	0.0990332	0.0965412	0.0968149	0.0897395	0.0802868	0.0868914	0.111251	0.153361	0.211942	0.283849	0.359618	0.417401	0.453371	0.474436	0.459799	0.386274	0.256975	0.0793564	-0.144792	-0.415435	-0.735229	-1.08578	-1.41075	-1.64888	-1.76582	-1.74872	-1.60582	-1.37749	-1.11651	-0.852781	-0.594785	-0.357134	-0.160171	0	
0	-0.0101472	-0.0238686	-0.0328431	-0.0419411	-0.0499874	-0.0502745	-0.0431532	-0.035942	-0.0326176	-0.0352541	-0.0522222	-0.0919108	-0.153838	-0.219645	-0.288236	-0.357009	-0.417206	-0.450519	-0.451877	-0.425937	-0.361495	-0.25699	-0.122443	0.0378284	0.209261	0.381804	0.55306	0.72068	0.86149	0.960639	1.01076	1.0064	0.950889	0.872551	0.80464	0.757792	0.729478	0.711026	0.69366	0.647643	0.549986	0.393189	0.196595	-0.0209702	-0.242076	-0.460316	-0.644692	-0.771708	-0.812404	-0.762664	-0.646658	-0.496188	-0.341511	-0.211894	-0.115242	-0.0427651	-0.00293489	0.0216851	0.0386616	0.0496543	0.0641284	0.0776745	0.0883199	0.0955191	0.102428	0.101082	0.0908924	0.0868859	0.0846303	0.0891219	0.117638	0.167361	0.229407	0.295094	0.360936	0.425434	0.469467	0.480036	0.461209	0.404289	0.297539	0.143178	-0.0592958	-0.309291	-0.595268	-0.908852	-1.23551	-1.53081	-1.73818	-1.81934	-1.75767	-1.56322	-1.28451	-0.98639	-0.708424	-0.461324	-0.25563	-0.105461	0	
0	-0.0174999	-0.0413551	-0.0525492	-0.0544503	-0.0517574	-0.0450511	-0.0348919	-0.0259619	-0.0358302	-0.0596007	-0.0951699	-0.15462	-0.224299	-0.289261	-0.350284	-0.406089	-0.447271	-0.452827	-0.412283	-0.34902	-0.25699	-0.132508	0.021121	0.201013	0.377706	0.538441	0.682068	0.8207	0.936927	1.00752	1.02383	0.974364	0.878603	0.765558	0.685012	0.642331	0.633709	0.641902	0.650442	0.630932	0.554609	0.41261	0.227571	0.0123228	-0.206409	-0.426271	-0.619438	-0.753869	-0.807525	-0.769824	-0.659202	-0.511779	-0.358845	-0.224498	-0.124455	-0.0516174	-0.00607021	0.0284379	0.0545638	0.0692909	0.0838715	0.0961635	0.102078	0.100809	0.0988732	0.0915429	0.0796801	0.0838181	0.101567	0.130299	0.180654	0.245526	0.312406	0.373321	0.42787	0.475888	0.494306	0.466356	0.404591	0.313781	0.183014	0.00599416	-0.220183	-0.486846	-0.771876	-1.06541	-1.36276	-1.62835	-1.80353	-1.84364	-1.73222	-1.48704	-1.16694	-0.845552	-0.566579	-0.338678	-0.166607	-0.0588206	0	
0	-0.0183919	-0.0344572	-0.0400866	-0.0426251	-0.0407698	-0.0365553	-0.0355103	-0.0462505	-0.0765957	-0.118503	-0.169037	-0.231769	-0.29995	-0.357606	-0.404655	-0.435927	-0.444616	-0.408418	-0.330319	-0.23732	-0.122443	0.021121	0.194918	0.379912	0.548217	0.683821	0.798437	0.909305	0.996561	1.03425	1.00675	0.917813	0.786317	0.658282	0.574809	0.548066	0.56102	0.592809	0.62453	0.622668	0.563215	0.43222	0.251977	0.0414668	-0.179332	-0.400663	-0.598028	-0.74253	-0.805578	-0.77682	-0.675956	-0.531445	-0.376173	-0.238442	-0.129365	-0.0435915	0.0100261	0.0463297	0.0738214	0.0895111	0.100322	0.103727	0.100453	0.0912445	0.0843956	0.0822494	0.0859462	0.11147	0.15248	0.1999	0.26066	0.328025	0.390779	0.441574	0.477316	0.495578	0.475861	0.407902	0.31246	0.196883	0.0442402	-0.154766	-0.396029	-0.662564	-0.931248	-1.19832	-1.46659	-1.70172	-1.83951	-1.83233	-1.67009	-1.38173	-1.03445	-0.705181	-0.436551	-0.232727	-0.0928264	-0.021127	0	
0	0.000279421	-0.00619718	-0.00696501	-0.00831279	-0.0135912	-0.031078	-0.0595506	-0.0928838	-0.145551	-0.204849	-0.25909	-0.321388	-0.3804	-0.421085	-0.439459	-0.431796	-0.396919	-0.324433	-0.216615	-0.0988246	0.0378284	0.201013	0.379912	0.555971	0.700373	0.809459	0.895561	0.977007	1.02968	1.02536	0.956641	0.83257	0.684465	0.552233	0.481338	0.4727	0.508183	0.560706	0.607863	0.621585	0.571402	0.448187	0.271591	0.0594067	-0.161981	-0.3875	-0.591591	-0.741139	-0.81211	-0.788896	-0.686097	-0.539261	-0.378752	-0.230999	-0.117291	-0.0288505	0.0292699	0.0674566	0.091986	0.0975539	0.0972558	0.0931258	0.0847799	0.0778432	0.0841588	0.101886	0.125804	0.169905	0.226451	0.282196	0.343854	0.406725	0.458325	0.488129	0.491121	0.469464	0.412163	0.31376	0.1933	0.054764	-0.119129	-0.331574	-0.571023	-0.821083	-1.06577	-1.30646	-1.54575	-1.74564	-1.839	-1.78189	-1.57483	-1.25694	-0.898908	-0.575457	-0.3248	-0.146249	-0.0347119	0.00793287	0	
0	0.0139532	0.0230963	0.025904	0.0136346	-0.00983252	-0.0480096	-0.0962327	-0.150569	-0.217224	-0.283228	-0.341932	-0.398214	-0.441677	-0.454789	-0.43735	-0.389626	-0.321918	-0.222347	-0.0901404	0.0515091	0.209261	0.377706	0.548217	0.700373	0.820324	0.903088	0.961652	1.0075	1.01822	0.97126	0.866374	0.723662	0.570927	0.450342	0.394811	0.407326	0.460725	0.528064	0.587988	0.609115	0.568523	0.44966	0.276441	0.0671307	-0.154649	-0.378367	-0.582221	-0.734157	-0.806197	-0.783449	-0.682555	-0.531329	-0.36639	-0.215591	-0.0968868	-0.00838206	0.0437394	0.0707562	0.0846426	0.0847153	0.0811099	0.0788643	0.0825229	0.0920956	0.114751	0.151095	0.192507	0.247918	0.310534	0.36726	0.423121	0.471539	0.498158	0.493415	0.45703	0.398955	0.313371	0.191526	0.0474152	-0.112753	-0.298661	-0.507418	-0.728606	-0.954059	-1.1743	-1.38894	-1.59503	-1.75233	-1.79734	-1.69495	-1.45608	-1.12541	-0.771701	-0.463776	-0.23444	-0.0793126	0.0089775	0.0294081	0	
0	0.00977998	0.00946841	0.00450401	-0.0138831	-0.0438385	-0.0904998	-0.14818	-0.206169	-0.277506	-0.346296	-0.395774	-0.434057	-0.44906	-0.430168	-0.379574	-0.304013	-0.212837	-0.0918035	0.0613855	0.220945	0.381804	0.538441	0.683821	0.809459	0.903088	0.95971	0.982986	0.986744	0.952536	0.869247	0.742956	0.596474	0.45528	0.352459	0.318178	0.349011	0.418434	0.498445	0.566472	0.597479	0.562408	0.451583	0.282799	0.0775367	-0.139922	-0.360269	-0.562147	-0.711515	-0.783851	-0.762187	-0.659634	-0.511446	-0.349462	-0.202767	-0.0936238	-0.0133323	0.032411	0.0557802	0.0698394	0.072005	0.077442	0.0895887	0.107414	0.13373	0.174796	0.225196	0.27459	0.334294	0.397359	0.445957	0.48231	0.501165	0.491739	0.449932	0.380169	0.294386	0.18528	0.0404959	-0.124596	-0.295568	-0.475908	-0.664871	-0.860076	-1.06049	-1.25635	-1.4406	-1.60601	-1.71606	-1.71628	-1.58104	-1.32736	-0.99985	-0.661456	-0.373941	-0.165577	-0.0301075	0.0403762	0.0446479	0	
0	-0.0136945	-0.0308962	-0.05401	-0.0872479	-0.124592	-0.174902	-0.231347	-0.284594	-0.341839	-0.38651	-0.406006	-0.408214	-0.388444	-0.337682	-0.262638	-0.164861	-0.0534445	0.0851749	0.250395	0.408222	0.55306	0.682068	0.798437	0.895561	0.961652	0.982986	0.964197	0.921225	0.84912	0.74231	0.6116	0.476389	0.355365	0.276064	0.261965	0.310611	0.393649	0.483892	0.56177	0.59936	0.574096	0.469191	0.307518	0.107	-0.106812	-0.32481	-0.526139	-0.679015	-0.756716	-0.741896	-0.649752	-0.508253	-0.354254	-0.21352	-0.106926	-0.0297124	0.0174974	0.0442131	0.0653435	0.080907	0.0998802	0.127051	0.163019	0.203428	0.253195	0.311817	0.36629	0.421986	0.470702	0.494894	0.498732	0.481647	0.437738	0.36578	0.269513	0.158829	0.0264922	-0.136915	-0.31014	-0.473694	-0.633082	-0.795423	-0.96467	-1.14004	-1.30666	-1.45248	-1.57209	-1.6379	-1.6053	-1.45441	-1.20265	-0.8902	-0.572889	-0.306385	-0.116194	0.00413139	0.0618503	0.0549781	0	
0	-0.0416043	-0.0871028	-0.130728	-0.180228	-0.230301	-0.283867	-0.332779	-0.365709	-0.394076	-0.402868	-0.382209	-0.346426	-0.291564	-0.212422	-0.109133	0.0149068	0.147444	0.298486	0.460574	0.601867	0.72068	0.8207	0.909305	0.977007	1.0075	0.986744	0.921225	0.839407	0.741586	0.629556	0.508381	0.394375	0.297332	0.240561	0.244267	0.30652	0.398936	0.496963	0.579118	0.622642	0.600003	0.499521	0.338418	0.138766	-0.0771749	-0.297213	-0.5041	-0.662689	-0.747956	-0.742064	-0.655735	-0.521217	-0.370406	-0.23119	-0.12327	-0.0393764	0.0149855	0.0527706	0.0881629	0.117106	0.15144	0.192882	0.239304	0.29037	0.34847	0.406294	0.449078	0.484064	0.505026	0.496327	0.465816	0.416881	0.344828	0.247021	0.125379	-0.00884408	-0.157543	-0.324886	-0.487815	-0.629666	-0.762506	-0.898724	-1.04191	-1.18702	-1.31575	-1.41744	-1.49397	-1.52741	-1.47933	-1.33011	-1.09305	-0.80211	-0.506909	-0.259093	-0.0831906	0.026343	0.0755508	0.061515	0	
0	-0.06966	-0.13983	-0.209061	-0.275	-0.327312	-0.374655	-0.407892	-0.415562	-0.411221	-0.386011	-0.331447	-0.262763	-0.177612	-0.0660092	0.0656108	0.212386	0.357181	0.504231	0.650465	0.768718	0.86149	0.936927	0.996561	1.02968	1.01822	0.952536	0.84912	0.741586	0.637761	0.534136	0.43361	0.34304	0.269256	0.230387	0.247559	0.31789	0.416246	0.516445	0.601046	0.644181	0.62247	0.520084	0.357742	0.153907	-0.0649907	-0.29099	-0.502122	-0.6666	-0.757563	-0.754707	-0.671658	-0.536159	-0.382958	-0.237184	-0.121888	-0.0301916	0.038296	0.0896045	0.137798	0.181638	0.228774	0.282081	0.337974	0.388876	0.436637	0.477497	0.496651	0.501657	0.48995	0.449529	0.389887	0.313932	0.21552	0.0921047	-0.0515278	-0.198954	-0.347464	-0.501101	-0.641329	-0.75724	-0.864299	-0.973813	-1.08531	-1.19136	-1.27626	-1.33626	-1.3816	-1.40025	-1.35439	-1.22023	-1.005	-0.736946	-0.461599	-0.228774	-0.0632743	0.0391301	0.0831923	0.0650971	0	
0	-0.0938851	-0.183558	-0.260624	-0.32866	-0.378646	-0.412643	-0.423592	-0.406718	-0.377472	-0.324793	-0.244196	-0.148588	-0.0347303	0.0998564	0.249395	0.402687	0.539599	0.670596	0.794962	0.889786	0.960639	1.00752	1.03425	1.02536	0.97126	0.869247	0.74231	0.629556	0.534136	0.451054	0.373309	0.30623	0.250001	0.225218	0.249648	0.325393	0.424239	0.525239	0.607544	0.649342	0.624705	0.520198	0.354463	0.149173	-0.0736822	-0.29987	-0.513623	-0.678574	-0.768448	-0.765323	-0.678716	-0.538457	-0.377886	-0.224176	-0.0957596	0.0114738	0.0912974	0.156271	0.219575	0.275008	0.329725	0.382608	0.429411	0.465892	0.493169	0.506747	0.495128	0.46961	0.429221	0.361523	0.274709	0.171515	0.0480391	-0.0941935	-0.246156	-0.388983	-0.521152	-0.651389	-0.766251	-0.856821	-0.936562	-1.01303	-1.08415	-1.14577	-1.18955	-1.21972	-1.25155	-1.27334	-1.24337	-1.13181	-0.940192	-0.692854	-0.433529	-0.211878	-0.0535434	0.044522	0.0860043	0.066295	0	
0	-0.0906272	-0.17818	-0.254685	-0.314744	-0.349028	-0.368081	-0.365754	-0.332202	-0.28404	-0.21345	-0.109802	0.00809508	0.138556	0.284529	0.432044	0.572187	0.690604	0.798243	0.89933	0.970783	1.01076	1.02383	1.00675	0.956641	0.866374	0.742956	0.6116	0.508381	0.43361	0.373309	0.31926	0.269922	0.228796	0.212171	0.243855	0.321077	0.422198	0.521586	0.603319	0.642844	0.615881	0.508962	0.341717	0.13362	-0.0880472	-0.316147	-0.526976	-0.688324	-0.773836	-0.761721	-0.665627	-0.51471	-0.341951	-0.173504	-0.0340245	0.0841019	0.179626	0.255734	0.322816	0.376451	0.422904	0.462743	0.490744	0.501741	0.500834	0.48627	0.447062	0.394534	0.326514	0.230479	0.116798	-0.00868477	-0.146301	-0.291449	-0.434293	-0.558529	-0.667376	-0.773161	-0.862805	-0.92501	-0.970182	-1.00518	-1.03166	-1.05269	-1.0676	-1.08544	-1.12158	-1.1602	-1.15368	-1.06668	-0.896714	-0.66623	-0.418918	-0.205264	-0.051755	0.043943	0.0847859	0.0654597	0	
0	-0.0670776	-0.128009	-0.176867	-0.216714	-0.238227	-0.24335	-0.223902	-0.176465	-0.113258	-0.0237462	0.0908411	0.214215	0.341991	0.473035	0.599919	0.715658	0.80717	0.89048	0.96484	1.00273	1.0064	0.974364	0.917813	0.83257	0.723662	0.596474	0.476389	0.394375	0.34304	0.30623	0.269922	0.235605	0.202601	0.193957	0.227887	0.308825	0.408627	0.508439	0.588334	0.626097	0.597989	0.489917	0.323112	0.118755	-0.100825	-0.320924	-0.524927	-0.676914	-0.7494	-0.725826	-0.617199	-0.452253	-0.266617	-0.0883236	0.0642465	0.191743	0.285474	0.35626	0.415459	0.456533	0.485128	0.501284	0.50381	0.489701	0.462644	0.420888	0.354058	0.27306	0.176833	0.0564372	-0.0747293	-0.208585	-0.343567	-0.475738	-0.598557	-0.699744	-0.785045	-0.865716	-0.92547	-0.951066	-0.953744	-0.94453	-0.931917	-0.925688	-0.929246	-0.951994	-1.00566	-1.06843	-1.08716	-1.02277	-0.87072	-0.653031	-0.414401	-0.206517	-0.0563549	0.0382967	0.0800023	0.0627791	0	
0	-0.0239104	-0.0495866	-0.0669659	-0.0730461	-0.0612556	-0.0389098	0.00142925	0.0693824	0.146349	0.237726	0.350049	0.459338	0.564441	0.670178	0.767608	0.85267	0.915521	0.965344	1.00126	0.996166	0.950889	0.878603	0.786317	0.684465	0.570927	0.45528	0.355365	0.297332	0.269256	0.250001	0.228796	0.202601	0.178396	0.173182	0.214087	0.296371	0.400257	0.500706	0.582139	0.621409	0.593358	0.487831	0.325031	0.124597	-0.0853245	-0.298771	-0.490789	-0.628728	-0.688034	-0.648306	-0.524842	-0.350358	-0.157883	0.0245471	0.171161	0.289073	0.375501	0.434996	0.47635	0.495068	0.500458	0.494196	0.471588	0.430122	0.376272	0.30607	0.210231	0.104252	-0.0115152	-0.144079	-0.277189	-0.402763	-0.521847	-0.633907	-0.734539	-0.812113	-0.871509	-0.92091	-0.941991	-0.923915	-0.883313	-0.83746	-0.800448	-0.784857	-0.793673	-0.833565	-0.911385	-0.999689	-1.04146	-0.995932	-0.857859	-0.649633	-0.41738	-0.213976	-0.066375	0.0280939	0.0718821	0.058329	0	
0	0.0170868	0.0387414	0.0682665	0.102705	0.150107	0.207849	0.280862	0.366615	0.453023	0.546528	0.643459	0.731422	0.809005	0.883465	0.949031	0.999749	1.02238	1.02922	1.01627	0.959979	0.872551	0.765558	0.658282	0.552233	0.450342	0.352459	0.276064	0.240561	0.230387	0.225218	0.212171	0.193957	0.173182	0.175561	0.219999	0.309149	0.415537	0.519985	0.604797	0.64571	0.621673	0.519394	0.36249	0.171698	-0.0308046	-0.232227	-0.413261	-0.541144	-0.588348	-0.541106	-0.415229	-0.239644	-0.0512188	0.120786	0.259861	0.366989	0.433374	0.470819	0.490423	0.48837	0.470684	0.43703	0.387395	0.318757	0.235875	0.139246	0.0237939	-0.0952833	-0.216963	-0.34529	-0.465457	-0.573735	-0.673273	-0.764003	-0.840606	-0.889961	-0.915893	-0.925532	-0.902452	-0.842203	-0.768117	-0.701691	-0.658567	-0.649756	-0.674948	-0.737453	-0.840106	-0.951345	-1.01213	-0.9815	-0.854226	-0.653215	-0.426065	-0.22662	-0.0812831	0.0135762	0.0604982	0.052111	0	
0	0.0703717	0.136619	0.212157	0.294957	0.384735	0.474147	0.566941	0.666753	0.754065	0.836998	0.922081	0.990469	1.04706	1.09756	1.13271	1.14459	1.12472	1.08259	1.02185	0.92381	0.80464	0.685012	0.574809	0.481338	0.394811	0.318178	0.261965	0.244267	0.247559	0.249648	0.243855	0.227887	0.214087	0.219999	0.273847	0.36731	0.479966	0.588402	0.675665	0.719987	0.69548	0.595263	0.441444	0.252152	0.0554695	-0.144164	-0.321368	-0.443695	-0.488188	-0.438744	-0.311988	-0.143203	0.0346965	0.194458	0.312908	0.39717	0.444073	0.462517	0.459673	0.430032	0.38422	0.32425	0.246155	0.151063	0.0499336	-0.0601328	-0.183494	-0.300456	-0.412281	-0.526341	-0.629114	-0.717838	-0.795712	-0.861561	-0.907626	-0.920074	-0.904967	-0.871927	-0.808951	-0.718488	-0.628178	-0.559575	-0.525888	-0.533972	-0.579761	-0.664528	-0.788864	-0.918664	-0.994246	-0.975317	-0.856763	-0.661802	-0.439344	-0.243902	-0.100841	-0.00518463	0.0458266	0.0440789	0	
0	0.122533	0.243857	0.366092	0.484002	0.600145	0.712059	0.820909	0.921484	1.00821	1.08828	1.16073	1.21565	1.25051	1.27398	1.27432	1.24549	1.18132	1.10009	1.00507	0.884367	0.757792	0.642331	0.548066	0.4727	0.407326	0.349011	0.310611	0.30652	0.31789	0.325393	0.321077	0.308825	0.296371	0.309149	0.36731	0.466332	0.581384	0.690112	0.778167	0.818025	0.790834	0.68639	0.529488	0.340521	0.141521	-0.0584582	-0.23485	-0.358706	-0.402999	-0.355997	-0.238888	-0.0811715	0.0820396	0.220744	0.321256	0.386358	0.407717	0.397987	0.365306	0.309347	0.238869	0.153863	0.0576428	-0.0486355	-0.157875	-0.269211	-0.38369	-0.487327	-0.585605	-0.682714	-0.764648	-0.830336	-0.881324	-0.914222	-0.920816	-0.890464	-0.834675	-0.766532	-0.677638	-0.574936	-0.486522	-0.430354	-0.415141	-0.443279	-0.508256	-0.611404	-0.75272	-0.896587	-0.983483	-0.974135	-0.86329	-0.674114	-0.456599	-0.265592	-0.12499	-0.0282146	0.0277863	0.034157	0	
0	0.165251	0.321066	0.478975	0.63006	0.769038	0.893513	1.00819	1.11423	1.19865	1.27219	1.33474	1.37081	1.38336	1.37614	1.34181	1.27485	1.18014	1.07474	0.967796	0.845503	0.729478	0.633709	0.56102	0.508183	0.460725	0.418434	0.393649	0.398936	0.416246	0.424239	0.422198	0.408627	0.400257	0.415537	0.479966	0.581384	0.696585	0.804803	0.887109	0.922113	0.885113	0.772444	0.609386	0.412663	0.208982	0.0028308	-0.179044	-0.305759	-0.353456	-0.313205	-0.203368	-0.0598389	0.0836037	0.200778	0.273803	0.308657	0.301504	0.267091	0.212651	0.134997	0.0466742	-0.0484354	-0.151686	-0.259794	-0.360821	-0.460739	-0.563695	-0.652324	-0.732231	-0.807898	-0.864581	-0.899933	-0.914721	-0.907083	-0.87135	-0.802021	-0.716395	-0.629094	-0.532423	-0.434707	-0.361501	-0.325488	-0.33092	-0.376921	-0.456495	-0.572926	-0.726591	-0.880772	-0.976512	-0.975625	-0.872336	-0.68937	-0.477536	-0.291653	-0.153774	-0.0555889	0.00626778	0.0222529	0	
0	0.185477	0.361651	0.534502	0.697191	0.846192	0.98453	1.11122	1.21804	1.30327	1.37107	1.41817	1.43355	1.41675	1.38071	1.31636	1.22609	1.11709	1.01081	0.910379	0.804917	0.711026	0.641902	0.592809	0.560706	0.528064	0.498445	0.483892	0.496963	0.516445	0.525239	0.521586	0.508439	0.500706	0.519985	0.588402	0.690112	0.804803	0.906379	0.983232	1.00607	0.957139	0.832825	0.658355	0.453585	0.241097	0.0257833	-0.161711	-0.295341	-0.350381	-0.318272	-0.224595	-0.101535	0.0191086	0.108445	0.156501	0.168359	0.139849	0.0874516	0.0153562	-0.0725148	-0.163758	-0.259601	-0.35703	-0.453574	-0.544525	-0.633818	-0.718753	-0.785735	-0.843809	-0.891683	-0.913127	-0.909412	-0.883746	-0.836741	-0.765923	-0.671067	-0.573165	-0.484709	-0.395891	-0.314662	-0.262893	-0.24815	-0.27148	-0.33035	-0.419039	-0.544019	-0.706271	-0.867972	-0.970976	-0.978191	-0.882922	-0.707102	-0.502063	-0.322158	-0.187283	-0.0873977	-0.0188464	0.00826788	0	
0	0.181404	0.354204	0.529628	0.696761	0.848078	0.985849	1.11003	1.2134	1.28949	1.34464	1.37109	1.36398	1.32741	1.27249	1.1985	1.10377	1.00475	0.915832	0.838618	0.758703	0.69366	0.650442	0.62453	0.607863	0.587988	0.566472	0.56177	0.579118	0.601046	0.607544	0.603319	0.588334	0.582139	0.604797	0.675665	0.778167	0.887109	0.983232	1.04778	1.05726	0.991401	0.850605	0.662288	0.443832	0.217894	-0.00953456	-0.208243	-0.352245	-0.414677	-0.395272	-0.315813	-0.209871	-0.110266	-0.0418918	-0.013396	-0.01872	-0.0613975	-0.122585	-0.196302	-0.28168	-0.368518	-0.455913	-0.544362	-0.630885	-0.705425	-0.774659	-0.837629	-0.878532	-0.904583	-0.914296	-0.895452	-0.85274	-0.791562	-0.715844	-0.625507	-0.523247	-0.430457	-0.354605	-0.282776	-0.222522	-0.192268	-0.19555	-0.231699	-0.297849	-0.39077	-0.520652	-0.688751	-0.855966	-0.965278	-0.98073	-0.894366	-0.727025	-0.530195	-0.357232	-0.225614	-0.123722	-0.0476644	-0.00789241	0	
0	0.170529	0.329057	0.489374	0.642863	0.77772	0.902351	1.01208	1.09276	1.14674	1.17902	1.1845	1.15967	1.11266	1.0577	0.989897	0.912847	0.839017	0.781321	0.734275	0.684746	0.647643	0.630932	0.622668	0.621585	0.609115	0.597479	0.59936	0.622642	0.644181	0.649342	0.642844	0.626097	0.621409	0.64571	0.719987	0.818025	0.922113	1.00607	1.05726	1.048	0.961104	0.801617	0.595442	0.36115	0.121149	-0.120423	-0.329337	-0.479765	-0.549467	-0.536288	-0.465974	-0.373279	-0.287157	-0.231943	-0.212674	-0.226219	-0.271448	-0.328439	-0.399754	-0.480307	-0.558055	-0.635274	-0.709179	-0.775093	-0.828309	-0.874532	-0.905169	-0.908272	-0.897073	-0.868505	-0.812708	-0.739448	-0.656849	-0.56963	-0.477144	-0.383155	-0.307394	-0.250929	-0.198429	-0.158143	-0.145797	-0.162064	-0.205683	-0.274254	-0.367756	-0.500083	-0.672099	-0.843318	-0.958336	-0.982443	-0.906155	-0.748951	-0.562004	-0.397016	-0.268848	-0.164611	-0.0802672	-0.0263065	0	
0	0.1469	0.283954	0.420268	0.546427	0.652522	0.745327	0.820323	0.867128	0.892535	0.900531	0.884282	0.851588	0.80604	0.762055	0.716331	0.663867	0.624337	0.600416	0.5827	0.561924	0.549986	0.554609	0.563215	0.571402	0.568523	0.562408	0.574096	0.600003	0.62247	0.624705	0.615881	0.597989	0.593358	0.621673	0.69548	0.790834	0.885113	0.957139	0.991401	0.961104	0.852222	0.672763	0.448847	0.201481	-0.0517854	-0.30262	-0.514452	-0.667584	-0.733486	-0.719209	-0.651548	-0.562469	-0.481046	-0.432009	-0.416675	-0.429238	-0.471281	-0.525706	-0.590985	-0.659143	-0.721893	-0.781107	-0.834175	-0.875591	-0.89824	-0.908792	-0.901093	-0.867716	-0.822312	-0.761507	-0.681302	-0.594393	-0.507745	-0.424747	-0.34321	-0.267126	-0.213298	-0.176503	-0.140907	-0.116731	-0.117468	-0.141739	-0.188326	-0.255696	-0.347415	-0.480697	-0.655186	-0.829112	-0.949375	-0.982694	-0.917855	-0.772741	-0.59758	-0.441633	-0.317027	-0.21007	-0.116691	-0.0470238	0	
