0	0	0	0	0	0	0	0	0	0	0	0	0	0	0	0	0	0	0	0	0	0	0	0	0	0	0	0	0	0	0	0	0	0	0	0	0	0	0	0	0	0	0	0	0	0	0	0	0	0	0	0	0	0	0	0	0	0	0	0	0	0	0	0	0	0	0	0	0	0	0	0	0	0	0	0	0	0	0	0	0	0	0	0	0	0	0	0	0	0	0	0	0	0	0	0	0	0	0	0	
0	-0.108411	-0.208613	-0.300464	-0.386625	-0.457796	-0.497134	-0.489103	-0.436903	-0.355729	-0.263264	-0.17101	-0.087145	-0.0130457	0.0537724	0.107987	0.141071	0.150726	0.146341	0.1396	0.136676	0.131746	0.115703	0.0869319	0.0544339	0.0338395	0.0302274	0.0354119	0.0382848	0.0396943	0.0420113	0.0483741	0.055305	0.0582736	0.0605978	0.0704415	0.086933	0.101662	0.103637	0.0941202	0.0805716	0.0703596	0.0605859	0.044296	0.015197	-0.0224387	-0.0577381	-0.086712	-0.117809	-0.157659	-0.201025	-0.238634	-0.262287	-0.266216	-0.246955	-0.206365	-0.151913	-0.0956827	-0.042429	0.0103519	0.063641	0.114181	0.155581	0.189713	0.220578	0.239464	0.235613	0.202706	0.148097	0.086856	0.0280538	-0.0253056	-0.0709533	-0.10417	-0.116619	-0.108825	-0.0874574	-0.0599036	-0.0333832	-0.0101492	0.00843071	0.0213495	0.0258652	0.0207768	0.0094879	-0.00300085	-0.0130611	-0.0154618	-0.0111328	-0.00482095	0.000395076	-0.000114899	-0.0037789	-0.00638968	-0.00577412	-0.00127415	0.00435349	0.00755033	0.00548489	0	
0	-0.208613	-0.409552	-0.59929	-0.766154	-0.891612	-0.949962	-0.92974	-0.835639	-0.691055	-0.518534	-0.340705	-0.179029	-0.0406831	0.078974	0.177336	0.244084	0.275485	0.28205	0.275047	0.266628	0.251911	0.224494	0.179045	0.124956	0.0839013	0.0691079	0.0727493	0.0799674	0.0872099	0.0931868	0.0995493	0.106088	0.109116	0.116756	0.137928	0.168975	0.19343	0.198844	0.185378	0.163024	0.140033	0.112687	0.0762479	0.0200619	-0.0527694	-0.125359	-0.188965	-0.252541	-0.321646	-0.392779	-0.451441	-0.489246	-0.492915	-0.456579	-0.386977	-0.295521	-0.194697	-0.0932937	0.00606387	0.10389	0.198175	0.284552	0.360124	0.421555	0.452315	0.443221	0.390702	0.302719	0.195916	0.0789208	-0.0319143	-0.120687	-0.182285	-0.207598	-0.203313	-0.177139	-0.135099	-0.0851479	-0.0348056	0.00605256	0.0343415	0.0452217	0.0432779	0.0312049	0.0122063	-0.00605101	-0.018808	-0.0246985	-0.0254652	-0.0215214	-0.017822	-0.0150286	-0.0109449	-0.00425192	0.00500685	0.0131819	0.0158202	0.0101584	0	
0	-0.300464	-0.59929	-0.880414	-1.11517	-1.26965	-1.32974	-1.29072	-1.16745	-0.979037	-0.750267	-0.507348	-0.282847	-0.0926273	0.0677978	0.19682	0.291429	0.353178	0.388497	0.397531	0.385678	0.357872	0.318939	0.269021	0.208258	0.154666	0.124015	0.117229	0.121138	0.132559	0.140064	0.145545	0.151572	0.159348	0.175281	0.205556	0.23938	0.265798	0.273462	0.265469	0.240038	0.198401	0.14107	0.075323	-0.00409345	-0.100209	-0.202124	-0.29605	-0.384509	-0.473476	-0.557103	-0.625892	-0.666034	-0.665258	-0.620591	-0.538349	-0.423856	-0.290448	-0.150297	-0.0129219	0.118321	0.251442	0.382666	0.502243	0.5936	0.631239	0.615613	0.551737	0.445552	0.305934	0.145007	-0.0110293	-0.135738	-0.220268	-0.261552	-0.271992	-0.257931	-0.21646	-0.153815	-0.0809848	-0.015242	0.0330391	0.0581657	0.062188	0.0536327	0.0369534	0.0108881	-0.0138374	-0.0323467	-0.0434495	-0.0428036	-0.0396073	-0.0328559	-0.0214022	-0.00797944	0.00664997	0.0181441	0.0219845	0.0142263	0	
0	-0.386625	-0.766154	-1.11517	-1.38918	-1.55864	-1.61107	-1.55684	-1.40979	-1.19655	-0.938038	-0.6601	-0.39603	-0.166283	0.0255524	0.175999	0.288787	0.377459	0.449417	0.48615	0.483243	0.446465	0.400863	0.353715	0.30066	0.247039	0.206206	0.182555	0.171942	0.174029	0.177579	0.182804	0.19676	0.216918	0.243965	0.273876	0.298169	0.312345	0.320771	0.320794	0.296711	0.237265	0.1459	0.0501339	-0.0488683	-0.158662	-0.273711	-0.383873	-0.491176	-0.592642	-0.684606	-0.753377	-0.79552	-0.795375	-0.747163	-0.657976	-0.531636	-0.375919	-0.206854	-0.038868	0.127361	0.297201	0.463945	0.609157	0.71525	0.758272	0.74128	0.669022	0.547931	0.392301	0.209311	0.0286077	-0.119931	-0.229618	-0.28888	-0.311203	-0.304264	-0.267642	-0.205527	-0.125762	-0.0475414	0.0178224	0.05599	0.0698891	0.0622913	0.037476	0.00772483	-0.0174746	-0.0349066	-0.0453582	-0.0467718	-0.0459312	-0.0424931	-0.032578	-0.0152346	0.0069664	0.0259262	0.0324357	0.0210785	0	
0	-0.457796	-0.891612	-1.26965	-1.55864	-1.7302	-1.78151	-1.71737	-1.5626	-1.34227	-1.07787	-0.787354	-0.504747	-0.254958	-0.0431511	0.124419	0.254625	0.366231	0.466156	0.530354	0.544598	0.51804	0.480407	0.447067	0.407619	0.361284	0.314334	0.27379	0.239263	0.222283	0.21415	0.220956	0.247543	0.285138	0.321648	0.348415	0.354791	0.351457	0.347755	0.346061	0.319443	0.248333	0.138178	0.022766	-0.089258	-0.205956	-0.326617	-0.443394	-0.560476	-0.677748	-0.777919	-0.848872	-0.885738	-0.884061	-0.839979	-0.750586	-0.611757	-0.438962	-0.25008	-0.0555569	0.139834	0.337189	0.517011	0.666047	0.776527	0.824841	0.810204	0.732492	0.602524	0.440545	0.257556	0.0737905	-0.0869456	-0.212875	-0.286865	-0.31819	-0.316569	-0.281804	-0.22116	-0.143337	-0.0657713	-0.000657926	0.0382043	0.0470878	0.0354273	0.0125956	-0.0177873	-0.0376429	-0.0434689	-0.0417497	-0.0326313	-0.0311464	-0.0321265	-0.0260171	-0.0110872	0.012308	0.0342309	0.0421739	0.0278545	0	
0	-0.497134	-0.949962	-1.32974	-1.61107	-1.78151	-1.83207	-1.77585	-1.63295	-1.42965	-1.17326	-0.881745	-0.596793	-0.347171	-0.131529	0.0506886	0.201367	0.330615	0.444309	0.520133	0.553405	0.55056	0.540629	0.531024	0.509979	0.47259	0.42505	0.371288	0.316197	0.279438	0.262404	0.272663	0.311197	0.357879	0.394914	0.410743	0.401483	0.376698	0.354099	0.33554	0.298202	0.224396	0.113275	-0.00223357	-0.119596	-0.243853	-0.36734	-0.484842	-0.609764	-0.735848	-0.843344	-0.907904	-0.937456	-0.928773	-0.877455	-0.783852	-0.646008	-0.471707	-0.273871	-0.0627502	0.154032	0.362976	0.541908	0.680611	0.783274	0.829107	0.814885	0.740381	0.61672	0.464903	0.286674	0.104154	-0.0559831	-0.184846	-0.261497	-0.297037	-0.298204	-0.265777	-0.208488	-0.135773	-0.0684614	-0.0155391	0.0110818	0.0156571	0.00267112	-0.0233876	-0.0491057	-0.0610845	-0.0585397	-0.0468907	-0.0289921	-0.0180483	-0.0134875	-0.00723634	0.00618414	0.0260003	0.0441478	0.0485116	0.0303876	0	
0	-0.489103	-0.92974	-1.29072	-1.55684	-1.71737	-1.77585	-1.74147	-1.63485	-1.46494	-1.23219	-0.953731	-0.680942	-0.443305	-0.230505	-0.0382042	0.127891	0.26834	0.384727	0.464747	0.511897	0.538083	0.561483	0.582629	0.583424	0.562143	0.523139	0.469449	0.404254	0.357593	0.338067	0.354771	0.398989	0.440782	0.4597	0.454211	0.422303	0.376653	0.327984	0.285317	0.235008	0.163099	0.0656388	-0.0391538	-0.15309	-0.278613	-0.402631	-0.51714	-0.637656	-0.766751	-0.874313	-0.936116	-0.951057	-0.923412	-0.858919	-0.76154	-0.626865	-0.460587	-0.268793	-0.060034	0.14777	0.344305	0.509736	0.641878	0.740126	0.78069	0.768468	0.7078	0.605957	0.47267	0.307035	0.132537	-0.0192076	-0.139933	-0.214464	-0.254997	-0.267363	-0.24439	-0.19066	-0.119196	-0.054783	-0.00967224	0.00564668	-0.00525317	-0.027358	-0.0511448	-0.0766667	-0.0873595	-0.0807126	-0.0644514	-0.0380256	-0.0199577	-0.00912878	0.00319473	0.0183901	0.0378684	0.0543825	0.0555916	0.0342992	0	
0	-0.436903	-0.835639	-1.16745	-1.40979	-1.5626	-1.63295	-1.63485	-1.5723	-1.44883	-1.25772	-1.01656	-0.770749	-0.546467	-0.334432	-0.137451	0.0326545	0.173371	0.289115	0.37054	0.430584	0.480782	0.53576	0.585746	0.613103	0.616999	0.605048	0.57318	0.519925	0.476312	0.456499	0.470919	0.504843	0.523509	0.510025	0.469148	0.406997	0.331143	0.256121	0.194262	0.138377	0.0782945	-0.000499407	-0.0857089	-0.189516	-0.314806	-0.440459	-0.550516	-0.661589	-0.775149	-0.871956	-0.921103	-0.923759	-0.877109	-0.79105	-0.68496	-0.560449	-0.412554	-0.242048	-0.0619907	0.113606	0.279651	0.425801	0.544214	0.634662	0.675915	0.677938	0.647464	0.58239	0.48292	0.340339	0.179572	0.0330073	-0.0877449	-0.163952	-0.210099	-0.229976	-0.216076	-0.169982	-0.0999037	-0.0337527	0.0114975	0.022676	0.00514408	-0.0287857	-0.0701469	-0.106433	-0.121271	-0.116342	-0.0978173	-0.0690807	-0.0458127	-0.0270928	-0.00478392	0.025038	0.0573151	0.0814048	0.0823762	0.0503397	0	
0	-0.355729	-0.691055	-0.979037	-1.19655	-1.34227	-1.42965	-1.46494	-1.44883	-1.37908	-1.24874	-1.06303	-0.855532	-0.646087	-0.434285	-0.234332	-0.0665757	0.0693078	0.180505	0.263603	0.332459	0.401224	0.478411	0.552574	0.603772	0.63705	0.660859	0.668502	0.647795	0.621493	0.601742	0.599259	0.604872	0.589275	0.539807	0.465653	0.369626	0.262421	0.161005	0.0844944	0.0303406	-0.0175409	-0.0758776	-0.141679	-0.230098	-0.347841	-0.472973	-0.58162	-0.679624	-0.773192	-0.84357	-0.869954	-0.849254	-0.782604	-0.685386	-0.576059	-0.456484	-0.328066	-0.195591	-0.0648623	0.0592681	0.185958	0.303565	0.40609	0.490222	0.539661	0.565512	0.566635	0.537967	0.47798	0.372182	0.235507	0.0996825	-0.0234732	-0.110352	-0.169638	-0.203887	-0.200373	-0.157238	-0.0858772	-0.0156425	0.03626	0.0525314	0.0317889	-0.011866	-0.065161	-0.119813	-0.151833	-0.15486	-0.138824	-0.106742	-0.0777967	-0.0522915	-0.0187252	0.0239471	0.0707876	0.106046	0.107224	0.0663381	0	
0	-0.263264	-0.518534	-0.750267	-0.938038	-1.07787	-1.17326	-1.23219	-1.25772	-1.24874	-1.18409	-1.05761	-0.89253	-0.708255	-0.505654	-0.308875	-0.145676	-0.0177627	0.0873415	0.167911	0.237793	0.310516	0.398541	0.489912	0.56537	0.625003	0.681154	0.728151	0.748913	0.753278	0.738937	0.716079	0.684154	0.630239	0.549675	0.448214	0.326664	0.194019	0.0748212	-0.00841342	-0.0628987	-0.104763	-0.152533	-0.199296	-0.266957	-0.371163	-0.491363	-0.595543	-0.683614	-0.755362	-0.79671	-0.787044	-0.736492	-0.650766	-0.542081	-0.428489	-0.315897	-0.212173	-0.124233	-0.0500681	0.0230101	0.107607	0.191749	0.265299	0.33579	0.388441	0.427549	0.452118	0.456051	0.433753	0.365133	0.259929	0.141845	0.0251474	-0.0680198	-0.141289	-0.186087	-0.188175	-0.147675	-0.0753598	0.000133787	0.0591615	0.0845811	0.0705713	0.0252964	-0.0414608	-0.113196	-0.160432	-0.178168	-0.169383	-0.139052	-0.106951	-0.0737567	-0.0321201	0.0194668	0.0704466	0.106203	0.108482	0.0668711	0	
0	-0.17101	-0.340705	-0.507348	-0.6601	-0.787354	-0.881745	-0.953731	-1.01656	-1.06303	-1.05761	-0.982792	-0.863355	-0.715541	-0.540119	-0.360221	-0.20882	-0.086648	0.0170327	0.0964435	0.159223	0.22382	0.310339	0.414902	0.511824	0.594339	0.671855	0.746382	0.80299	0.83798	0.836733	0.800929	0.741001	0.65754	0.551619	0.428582	0.286707	0.139558	0.0149948	-0.0692965	-0.122897	-0.166052	-0.210587	-0.249177	-0.30239	-0.388275	-0.49135	-0.583764	-0.661475	-0.719961	-0.736911	-0.697187	-0.617101	-0.511065	-0.391375	-0.268723	-0.154109	-0.0660272	-0.0146321	0.0117314	0.0310975	0.0616687	0.0955345	0.135043	0.18404	0.226517	0.266059	0.301358	0.327817	0.336476	0.30163	0.22841	0.140629	0.0418536	-0.0456167	-0.118998	-0.167308	-0.171731	-0.128247	-0.0475787	0.0370685	0.102278	0.126525	0.105158	0.0517372	-0.0195652	-0.0964733	-0.153151	-0.178665	-0.178493	-0.154505	-0.122825	-0.0897205	-0.0482048	0.000496227	0.0500274	0.0878368	0.0923017	0.0576913	0	
0	-0.087145	-0.179029	-0.282847	-0.39603	-0.504747	-0.596793	-0.680942	-0.770749	-0.855532	-0.89253	-0.863355	-0.78941	-0.688572	-0.556711	-0.411664	-0.277975	-0.156973	-0.0470594	0.0364097	0.0961457	0.153199	0.234298	0.339951	0.44885	0.547176	0.642135	0.735341	0.811566	0.863846	0.870873	0.834671	0.766029	0.669857	0.547571	0.403942	0.245336	0.0926241	-0.025735	-0.0993365	-0.149084	-0.195636	-0.246464	-0.288951	-0.339987	-0.416812	-0.503593	-0.575342	-0.63412	-0.677539	-0.679799	-0.620909	-0.520326	-0.394029	-0.252338	-0.112923	0.00531599	0.0825695	0.112625	0.105232	0.0763184	0.0466448	0.0247378	0.0189015	0.0365539	0.0587184	0.0880959	0.128881	0.17273	0.203684	0.196832	0.155837	0.0951607	0.0246369	-0.0383912	-0.0937096	-0.131227	-0.132034	-0.0845013	0.00107506	0.0889047	0.149728	0.166035	0.135748	0.0750398	-0.00226124	-0.0830225	-0.139626	-0.168198	-0.171194	-0.153785	-0.135057	-0.11433	-0.0812202	-0.0321294	0.0226381	0.0674257	0.0817027	0.0537393	0	
0	-0.0130457	-0.0406831	-0.0926273	-0.166283	-0.254958	-0.347171	-0.443305	-0.546467	-0.646087	-0.708255	-0.715541	-0.688572	-0.641101	-0.565495	-0.462994	-0.348414	-0.227769	-0.110865	-0.0180794	0.0501586	0.109416	0.18036	0.272383	0.37554	0.482777	0.592611	0.696339	0.776162	0.82647	0.837672	0.810883	0.752045	0.658094	0.526289	0.368338	0.202458	0.0556957	-0.0476501	-0.109905	-0.155818	-0.207216	-0.268793	-0.32543	-0.385242	-0.456337	-0.525779	-0.578019	-0.619063	-0.644904	-0.631027	-0.558755	-0.44088	-0.2901	-0.123017	0.034315	0.155977	0.226096	0.24057	0.204845	0.131283	0.0481619	-0.0253812	-0.0723489	-0.0903641	-0.093244	-0.0768465	-0.0407716	0.00602393	0.0494845	0.0649383	0.0507913	0.0247919	-0.00816061	-0.0358497	-0.0654854	-0.0897843	-0.0832302	-0.0333577	0.0498226	0.130301	0.184898	0.199215	0.169689	0.108219	0.0274388	-0.0575745	-0.121632	-0.154471	-0.164771	-0.160981	-0.15384	-0.144492	-0.118505	-0.0704088	-0.00862543	0.0484484	0.0711649	0.0495333	0	
0	0.0537724	0.078974	0.0677978	0.0255524	-0.0431511	-0.131529	-0.230505	-0.334432	-0.434285	-0.505654	-0.540119	-0.556711	-0.565495	-0.544879	-0.482191	-0.387431	-0.271934	-0.151336	-0.0465125	0.0332026	0.0934324	0.151057	0.221841	0.310941	0.414674	0.525868	0.625643	0.694426	0.73519	0.748721	0.737214	0.695321	0.609713	0.478137	0.320183	0.163554	0.0344581	-0.0519676	-0.104682	-0.149831	-0.208794	-0.280362	-0.347958	-0.412097	-0.479237	-0.536682	-0.572257	-0.59365	-0.604494	-0.579394	-0.496235	-0.361225	-0.187186	0.00460863	0.179021	0.307099	0.373477	0.37161	0.305074	0.191269	0.0648766	-0.0492426	-0.137446	-0.192217	-0.220726	-0.22093	-0.194101	-0.149738	-0.102988	-0.0760823	-0.0676512	-0.063507	-0.0581512	-0.0550196	-0.0620311	-0.0676015	-0.04987	0.00294156	0.0782807	0.152391	0.208064	0.22913	0.206043	0.147126	0.0643962	-0.0267923	-0.0985391	-0.144227	-0.166815	-0.171564	-0.172314	-0.165655	-0.138152	-0.0866564	-0.02347	0.0317581	0.0568043	0.0415558	0	
0	0.107987	0.177336	0.19682	0.175999	0.124419	0.0506886	-0.0382042	-0.137451	-0.234332	-0.308875	-0.360221	-0.411664	-0.462994	-0.482191	-0.450568	-0.375402	-0.2672	-0.142067	-0.0307996	0.048965	0.10334	0.151265	0.2083	0.277886	0.359498	0.447315	0.523196	0.570944	0.595482	0.606764	0.60675	0.582214	0.513222	0.396931	0.257133	0.122783	0.0149564	-0.0557817	-0.0982661	-0.136529	-0.190973	-0.264506	-0.338773	-0.406493	-0.467051	-0.513205	-0.53894	-0.553586	-0.555862	-0.52379	-0.43311	-0.283448	-0.0900373	0.120345	0.312201	0.454815	0.525255	0.508639	0.409304	0.257824	0.0949537	-0.0548601	-0.176107	-0.260762	-0.311446	-0.329285	-0.315568	-0.278928	-0.23575	-0.20342	-0.17979	-0.151788	-0.124015	-0.104112	-0.095891	-0.0871027	-0.059708	-0.00552332	0.0749443	0.159722	0.223835	0.248405	0.226127	0.167107	0.083022	-0.00953457	-0.0880916	-0.139845	-0.166136	-0.173011	-0.166501	-0.149883	-0.115893	-0.0629055	-0.00144211	0.0514135	0.0710079	0.0486747	0	
0	0.141071	0.244084	0.291429	0.288787	0.254625	0.201367	0.127891	0.0326545	-0.0665757	-0.145676	-0.20882	-0.277975	-0.348414	-0.387431	-0.375402	-0.313635	-0.208039	-0.0841836	0.0211493	0.0924868	0.145976	0.196271	0.245231	0.288928	0.330666	0.373694	0.4077	0.420739	0.417807	0.416044	0.419712	0.41343	0.371928	0.289272	0.183107	0.0769038	-0.00982882	-0.0636794	-0.0908024	-0.111429	-0.153012	-0.217109	-0.28971	-0.358202	-0.419485	-0.463029	-0.485836	-0.49769	-0.502796	-0.470029	-0.3702	-0.204877	0.00126221	0.219871	0.421224	0.572969	0.644611	0.615647	0.496527	0.322099	0.132289	-0.0453353	-0.192233	-0.299351	-0.369198	-0.403819	-0.403428	-0.374988	-0.335772	-0.300411	-0.267166	-0.231284	-0.196267	-0.168797	-0.149231	-0.133827	-0.107148	-0.046761	0.0442345	0.137964	0.206067	0.23119	0.211258	0.154655	0.0722968	-0.0183175	-0.0933361	-0.138165	-0.152122	-0.142868	-0.124503	-0.0991372	-0.0567382	0.00320864	0.0688973	0.116461	0.121458	0.0773679	0	
0	0.150726	0.275485	0.353178	0.377459	0.366231	0.330615	0.26834	0.173371	0.0693078	-0.0177627	-0.086648	-0.156973	-0.227769	-0.271934	-0.2672	-0.208039	-0.11022	-0.00330211	0.0848084	0.15344	0.214413	0.269294	0.307389	0.322416	0.318238	0.304769	0.283052	0.252112	0.219841	0.204502	0.209926	0.220304	0.211296	0.172793	0.108884	0.0344099	-0.0318826	-0.074163	-0.0897431	-0.0968709	-0.119097	-0.163574	-0.222075	-0.284472	-0.344682	-0.391405	-0.420009	-0.439141	-0.444189	-0.404407	-0.293485	-0.11618	0.0942891	0.310511	0.504652	0.646761	0.707202	0.671996	0.55046	0.373061	0.169289	-0.028741	-0.194658	-0.318851	-0.402568	-0.450403	-0.460552	-0.441156	-0.408853	-0.373647	-0.339815	-0.305645	-0.26728	-0.232604	-0.210084	-0.195716	-0.16488	-0.0975725	-0.00319506	0.0876495	0.15189	0.18052	0.169249	0.120578	0.0445537	-0.0360597	-0.0981191	-0.126592	-0.124124	-0.104234	-0.0742732	-0.0348371	0.0185052	0.0851608	0.149929	0.187289	0.174591	0.105194	0	
0	0.146341	0.28205	0.388497	0.449417	0.466156	0.444309	0.384727	0.289115	0.180505	0.0873415	0.0170327	-0.0470594	-0.110865	-0.151336	-0.142067	-0.0841836	-0.00330211	0.0787527	0.157666	0.231891	0.300055	0.352483	0.380452	0.369891	0.319988	0.243398	0.158783	0.0847621	0.0293848	0.00465608	0.00749476	0.028604	0.0515773	0.0601867	0.0433833	0.00351331	-0.0430576	-0.0760905	-0.0897724	-0.091033	-0.100496	-0.121694	-0.158565	-0.209886	-0.269971	-0.320321	-0.352957	-0.369599	-0.366329	-0.313367	-0.192698	-0.0144718	0.189832	0.393581	0.570787	0.688688	0.727743	0.684094	0.567814	0.39483	0.187001	-0.0215875	-0.201257	-0.339478	-0.431926	-0.480683	-0.490722	-0.472235	-0.44476	-0.418642	-0.396637	-0.369347	-0.32978	-0.294563	-0.272227	-0.254158	-0.215255	-0.144799	-0.0593852	0.0215557	0.0853421	0.116737	0.109108	0.0671196	0.00546524	-0.0532878	-0.0953054	-0.108002	-0.0955871	-0.0672192	-0.0291452	0.0168145	0.0752011	0.140339	0.198943	0.224053	0.196229	0.116113	0	
0	0.1396	0.275047	0.397531	0.48615	0.530354	0.520133	0.464747	0.37054	0.263603	0.167911	0.0964435	0.0364097	-0.0180794	-0.0465125	-0.0307996	0.0211493	0.0848084	0.157666	0.239566	0.320957	0.388306	0.43838	0.455289	0.419665	0.325654	0.193114	0.0546588	-0.0577283	-0.13573	-0.175837	-0.181353	-0.151733	-0.10262	-0.0546438	-0.034368	-0.0452764	-0.0695105	-0.0886304	-0.0923013	-0.0876449	-0.0870836	-0.0923382	-0.114083	-0.15552	-0.212186	-0.264208	-0.29814	-0.309187	-0.289114	-0.218961	-0.0933532	0.0824107	0.280694	0.478178	0.638186	0.730565	0.743798	0.683233	0.556439	0.381262	0.173174	-0.0341918	-0.21433	-0.355852	-0.446033	-0.487826	-0.488495	-0.466058	-0.44437	-0.432499	-0.424853	-0.407537	-0.37466	-0.347134	-0.328352	-0.305601	-0.264624	-0.201368	-0.123491	-0.0403532	0.0259759	0.0537159	0.0464402	0.0122543	-0.0385823	-0.0853673	-0.11585	-0.117911	-0.0926887	-0.0519673	-0.00521021	0.0462025	0.102686	0.163283	0.216409	0.235699	0.205811	0.120759	0	
0	0.136676	0.266628	0.385678	0.483243	0.544598	0.553405	0.511897	0.430584	0.332459	0.237793	0.159223	0.0961457	0.0501586	0.0332026	0.048965	0.0924868	0.15344	0.231891	0.320957	0.403746	0.473759	0.51898	0.519942	0.455667	0.332216	0.167234	-0.00842713	-0.15665	-0.266688	-0.329551	-0.342497	-0.308272	-0.246085	-0.183878	-0.146603	-0.136114	-0.132411	-0.120642	-0.101271	-0.0818891	-0.0722896	-0.0707834	-0.0859812	-0.121381	-0.172713	-0.223191	-0.258063	-0.261683	-0.22296	-0.134009	0.00109745	0.17767	0.3753	0.563937	0.708952	0.780543	0.771654	0.688004	0.54155	0.354765	0.150219	-0.0463369	-0.219389	-0.356207	-0.443032	-0.47867	-0.473002	-0.445345	-0.427514	-0.424364	-0.427995	-0.424548	-0.40691	-0.388936	-0.36718	-0.340178	-0.301849	-0.245018	-0.167635	-0.0874182	-0.0311777	-0.0101741	-0.0158465	-0.0473744	-0.0985306	-0.14447	-0.173451	-0.168315	-0.131784	-0.0790631	-0.0217026	0.0384561	0.103896	0.168413	0.224679	0.245419	0.211754	0.124292	0	
0	0.131746	0.251911	0.357872	0.446465	0.51804	0.55056	0.538083	0.480782	0.401224	0.310516	0.22382	0.153199	0.109416	0.0934324	0.10334	0.145976	0.214413	0.300055	0.388306	0.473759	0.541654	0.575844	0.553518	0.472055	0.339924	0.165666	-0.0287734	-0.205141	-0.343472	-0.423533	-0.444055	-0.414049	-0.364639	-0.312987	-0.278247	-0.253943	-0.219202	-0.172798	-0.122446	-0.0814155	-0.0611074	-0.0557966	-0.0706778	-0.102945	-0.149584	-0.194541	-0.222002	-0.213341	-0.156953	-0.0500552	0.0950115	0.275549	0.466065	0.640339	0.764736	0.82063	0.798459	0.697711	0.532599	0.34125	0.142647	-0.0418334	-0.200146	-0.329906	-0.416925	-0.459888	-0.464446	-0.447903	-0.434214	-0.431148	-0.433373	-0.433284	-0.423418	-0.40592	-0.380142	-0.352208	-0.313475	-0.250155	-0.176537	-0.113515	-0.0747082	-0.0668791	-0.0793257	-0.119466	-0.178481	-0.225854	-0.253309	-0.247911	-0.211784	-0.157072	-0.0925793	-0.0161753	0.0672545	0.150021	0.21899	0.241929	0.209623	0.122141	0	
0	0.115703	0.224494	0.318939	0.400863	0.480407	0.540629	0.561483	0.53576	0.478411	0.398541	0.310339	0.234298	0.18036	0.151057	0.151265	0.196271	0.269294	0.352483	0.43838	0.51898	0.575844	0.591636	0.560774	0.479239	0.354001	0.188615	-0.00188425	-0.184588	-0.33573	-0.430781	-0.465846	-0.460246	-0.440109	-0.417866	-0.397405	-0.365558	-0.306731	-0.229372	-0.146702	-0.0778444	-0.0409576	-0.0361587	-0.0569941	-0.0916758	-0.130025	-0.160093	-0.171683	-0.147864	-0.0774515	0.0370591	0.18608	0.364547	0.546033	0.698858	0.803273	0.844729	0.809024	0.695161	0.524352	0.334253	0.145963	-0.024435	-0.17296	-0.295111	-0.388177	-0.44936	-0.477596	-0.479104	-0.474623	-0.464279	-0.453074	-0.442995	-0.420675	-0.39273	-0.36373	-0.333247	-0.283963	-0.217767	-0.153632	-0.107428	-0.0858821	-0.0955686	-0.134467	-0.19895	-0.271107	-0.325998	-0.361502	-0.363837	-0.333384	-0.279424	-0.20677	-0.113297	-0.00819268	0.0936944	0.180707	0.219556	0.198289	0.119604	0	
0	0.0869319	0.179045	0.269021	0.353715	0.447067	0.531024	0.582629	0.585746	0.552574	0.489912	0.414902	0.339951	0.272383	0.221841	0.2083	0.245231	0.307389	0.380452	0.455289	0.519942	0.553518	0.560774	0.534618	0.463065	0.35486	0.218831	0.0590698	-0.10667	-0.257818	-0.366088	-0.427348	-0.452478	-0.472079	-0.486303	-0.48748	-0.457033	-0.38432	-0.285094	-0.175189	-0.0815352	-0.0308601	-0.0198829	-0.039294	-0.070028	-0.0964922	-0.105986	-0.098508	-0.06805	-0.00254649	0.10736	0.253805	0.428698	0.598892	0.738075	0.826166	0.852558	0.804624	0.684306	0.515359	0.335402	0.153939	-0.0138369	-0.156289	-0.279234	-0.378787	-0.449682	-0.491394	-0.507164	-0.505197	-0.49311	-0.475421	-0.449277	-0.41366	-0.375297	-0.3381	-0.296637	-0.236335	-0.16518	-0.106056	-0.0647467	-0.0522515	-0.092202	-0.16454	-0.258622	-0.361466	-0.446211	-0.50596	-0.522887	-0.496727	-0.433989	-0.346014	-0.237025	-0.116337	0.00565634	0.114324	0.171774	0.167919	0.103605	0	
0	0.0544339	0.124956	0.208258	0.30066	0.407619	0.509979	0.583424	0.613103	0.603772	0.56537	0.511824	0.44885	0.37554	0.310941	0.277886	0.288928	0.322416	0.369891	0.419665	0.455667	0.472055	0.479239	0.463065	0.406889	0.329712	0.238273	0.120991	-0.0148669	-0.151541	-0.267927	-0.350778	-0.410305	-0.46986	-0.520238	-0.54146	-0.517666	-0.44507	-0.34024	-0.219822	-0.113521	-0.0450994	-0.0172199	-0.017994	-0.0294796	-0.037245	-0.034401	-0.0239321	0.000562702	0.0561851	0.154355	0.291492	0.454913	0.614984	0.742491	0.820054	0.836195	0.78073	0.663341	0.505825	0.332557	0.154748	-0.0100185	-0.155466	-0.277204	-0.3758	-0.445426	-0.484992	-0.498396	-0.499481	-0.49034	-0.472435	-0.446184	-0.40654	-0.363568	-0.317572	-0.260381	-0.186756	-0.111368	-0.0450514	-0.000505368	-0.00330129	-0.0665295	-0.167862	-0.298482	-0.44493	-0.572088	-0.661535	-0.697479	-0.676983	-0.609462	-0.512907	-0.385482	-0.239598	-0.099374	0.0217694	0.0953415	0.111992	0.0734016	0	
0	0.0338395	0.0839013	0.154666	0.247039	0.361284	0.47259	0.562143	0.616999	0.63705	0.625003	0.594339	0.547176	0.482777	0.414674	0.359498	0.330666	0.318238	0.319988	0.325654	0.332216	0.339924	0.354001	0.35486	0.329712	0.294628	0.2447	0.167047	0.0697028	-0.0385405	-0.14692	-0.245275	-0.334978	-0.428987	-0.504902	-0.544623	-0.539091	-0.481288	-0.386095	-0.269269	-0.154522	-0.0639366	-0.00483278	0.0253935	0.0356519	0.0386726	0.0451179	0.0509742	0.0602513	0.0979275	0.182367	0.302661	0.446662	0.592008	0.711009	0.77861	0.785141	0.728265	0.617433	0.467735	0.302198	0.132969	-0.0244301	-0.158328	-0.271243	-0.362014	-0.421989	-0.455668	-0.468506	-0.467618	-0.460502	-0.445267	-0.417167	-0.383305	-0.340465	-0.284657	-0.218195	-0.138422	-0.0544879	0.0179227	0.0580049	0.0436756	-0.0369209	-0.162181	-0.3297	-0.517662	-0.68051	-0.80095	-0.861875	-0.860221	-0.79998	-0.695248	-0.552	-0.388786	-0.228197	-0.0841753	0.0118351	0.051054	0.03972	0	
0	0.0302274	0.0691079	0.124015	0.206206	0.314334	0.42505	0.523139	0.605048	0.660859	0.681154	0.671855	0.642135	0.592611	0.525868	0.447315	0.373694	0.304769	0.243398	0.193114	0.167234	0.165666	0.188615	0.218831	0.238273	0.2447	0.22966	0.189904	0.134593	0.0653549	-0.0213248	-0.119896	-0.224911	-0.334712	-0.427709	-0.493699	-0.518812	-0.488641	-0.412019	-0.299599	-0.173177	-0.0602665	0.0247737	0.0847704	0.119333	0.132772	0.134541	0.124736	0.115055	0.133213	0.191532	0.284662	0.405658	0.538746	0.650767	0.711102	0.712068	0.656171	0.550305	0.404956	0.243505	0.0859029	-0.0520771	-0.16743	-0.258358	-0.33045	-0.381126	-0.412775	-0.427299	-0.428904	-0.420101	-0.399425	-0.373099	-0.34398	-0.302405	-0.245315	-0.175503	-0.0897593	0.00290487	0.0792279	0.114016	0.0908036	-0.0014102	-0.15089	-0.348084	-0.563394	-0.757595	-0.913444	-1.01042	-1.03573	-0.99159	-0.892322	-0.740866	-0.560273	-0.374776	-0.201915	-0.0761998	-0.00366183	0.0171643	0	
0	0.0354119	0.0727493	0.117229	0.182555	0.27379	0.371288	0.469449	0.57318	0.668502	0.728151	0.746382	0.735341	0.696339	0.625643	0.523196	0.4077	0.283052	0.158783	0.0546588	-0.00842713	-0.0287734	-0.00188425	0.0590698	0.120991	0.167047	0.189904	0.188088	0.169341	0.137443	0.0799299	-0.00284427	-0.1	-0.206787	-0.311915	-0.402944	-0.457038	-0.45399	-0.396464	-0.288885	-0.157211	-0.0322396	0.0722956	0.153936	0.203187	0.222333	0.217715	0.190931	0.158748	0.150668	0.180116	0.243481	0.343213	0.468485	0.577016	0.632629	0.633566	0.582973	0.480966	0.338936	0.184487	0.0391842	-0.0856314	-0.182242	-0.249635	-0.299412	-0.333682	-0.358811	-0.375103	-0.379397	-0.371431	-0.353319	-0.331564	-0.308609	-0.26937	-0.212419	-0.140905	-0.0460293	0.0569948	0.137019	0.171188	0.144666	0.0412934	-0.126983	-0.341232	-0.576433	-0.802797	-0.995598	-1.12916	-1.19061	-1.17358	-1.0858	-0.934537	-0.741712	-0.531789	-0.328424	-0.170504	-0.0686756	-0.0172442	0	
0	0.0382848	0.0799674	0.121138	0.171942	0.239263	0.316197	0.404254	0.519925	0.647795	0.748913	0.80299	0.811566	0.776162	0.694426	0.570944	0.420739	0.252112	0.0847621	-0.0577283	-0.15665	-0.205141	-0.184588	-0.10667	-0.0148669	0.0697028	0.134593	0.169341	0.18107	0.178567	0.148698	0.089771	0.0146545	-0.0796979	-0.184954	-0.282396	-0.350303	-0.370393	-0.331038	-0.233457	-0.105068	0.0230373	0.135203	0.227333	0.285909	0.303399	0.283439	0.23813	0.187197	0.152228	0.146337	0.18098	0.264729	0.387441	0.502359	0.567648	0.576101	0.528416	0.423223	0.278273	0.12656	-0.0106646	-0.123913	-0.203429	-0.247192	-0.271507	-0.28712	-0.303919	-0.321688	-0.331349	-0.330778	-0.319714	-0.30178	-0.27961	-0.240244	-0.186704	-0.116538	-0.0195133	0.0871695	0.17443	0.221988	0.208109	0.106873	-0.0683266	-0.299081	-0.564686	-0.826913	-1.05424	-1.22433	-1.31768	-1.3225	-1.24956	-1.10209	-0.896979	-0.672206	-0.456659	-0.275836	-0.143759	-0.058693	0	
0	0.0396943	0.0872099	0.132559	0.174029	0.222283	0.279438	0.357593	0.476312	0.621493	0.753278	0.83798	0.863846	0.82647	0.73519	0.595482	0.417807	0.219841	0.0293848	-0.13573	-0.266688	-0.343472	-0.33573	-0.257818	-0.151541	-0.0385405	0.0653549	0.137443	0.178567	0.20016	0.192137	0.158961	0.10604	0.026183	-0.0679778	-0.158036	-0.228586	-0.259041	-0.231948	-0.146056	-0.0226625	0.106541	0.218376	0.308444	0.36572	0.375437	0.340482	0.278799	0.207821	0.144639	0.1121	0.127866	0.205581	0.334082	0.458373	0.534679	0.551581	0.499384	0.383556	0.233809	0.0819795	-0.052396	-0.160408	-0.23042	-0.258251	-0.265341	-0.265471	-0.272479	-0.289398	-0.305209	-0.315345	-0.314391	-0.301117	-0.275928	-0.233741	-0.177978	-0.105173	-0.00811851	0.0992024	0.197684	0.267699	0.275603	0.192741	0.0209784	-0.222793	-0.515252	-0.818972	-1.0876	-1.29282	-1.41196	-1.43001	-1.36005	-1.21046	-1.00368	-0.777806	-0.555266	-0.356714	-0.202334	-0.0913476	0	
0	0.0420113	0.0931868	0.140064	0.177579	0.21415	0.262404	0.338067	0.456499	0.601742	0.738937	0.836733	0.870873	0.837672	0.748721	0.606764	0.416044	0.204502	0.00465608	-0.175837	-0.329551	-0.423533	-0.430781	-0.366088	-0.267927	-0.14692	-0.0213248	0.0799299	0.148698	0.192137	0.210083	0.204501	0.172944	0.109904	0.0279654	-0.0518172	-0.112172	-0.135605	-0.109779	-0.0311114	0.0875245	0.208097	0.306756	0.389499	0.438613	0.432143	0.381762	0.309163	0.226882	0.155381	0.11737	0.130603	0.203786	0.323516	0.444557	0.524835	0.539515	0.482165	0.362508	0.209118	0.0536534	-0.0831032	-0.194446	-0.263823	-0.288796	-0.289351	-0.27974	-0.278231	-0.290172	-0.306389	-0.324561	-0.336237	-0.33059	-0.311535	-0.270649	-0.208067	-0.125869	-0.021313	0.0943511	0.21093	0.302935	0.331309	0.269062	0.114299	-0.125943	-0.430071	-0.752169	-1.0474	-1.28063	-1.42529	-1.46514	-1.40305	-1.25916	-1.0597	-0.832011	-0.603558	-0.401365	-0.23694	-0.106334	0	
0	0.0483741	0.0995493	0.145545	0.182804	0.220956	0.272663	0.354771	0.470919	0.599259	0.716079	0.800929	0.834671	0.810883	0.737214	0.60675	0.419712	0.209926	0.00749476	-0.181353	-0.342497	-0.444055	-0.465846	-0.427348	-0.350778	-0.245275	-0.119896	-0.00284427	0.089771	0.158961	0.204501	0.224168	0.212716	0.161064	0.0866891	0.0204537	-0.0131028	-0.0136928	0.0210758	0.102721	0.219254	0.32602	0.410314	0.475806	0.502556	0.474552	0.408958	0.328522	0.252793	0.196908	0.178102	0.206418	0.277776	0.375865	0.4735	0.534906	0.537267	0.472842	0.348658	0.191097	0.0282338	-0.120407	-0.236904	-0.310156	-0.339941	-0.340712	-0.331836	-0.328805	-0.337111	-0.351839	-0.371903	-0.387356	-0.391513	-0.380323	-0.344241	-0.276474	-0.182824	-0.0685251	0.0683644	0.208573	0.319117	0.369447	0.334939	0.204545	-0.0146318	-0.299086	-0.611741	-0.914365	-1.17106	-1.3426	-1.4089	-1.37131	-1.242	-1.04804	-0.818465	-0.58712	-0.388037	-0.226842	-0.0987554	0	
0	0.055305	0.106088	0.151572	0.19676	0.247543	0.311197	0.398989	0.504843	0.604872	0.684154	0.741001	0.766029	0.752045	0.695321	0.582214	0.41343	0.220304	0.028604	-0.151733	-0.308272	-0.414049	-0.460246	-0.452478	-0.410305	-0.334978	-0.224911	-0.1	0.0146545	0.10604	0.172944	0.212716	0.21451	0.173045	0.110462	0.0722506	0.0734644	0.0996178	0.154365	0.246128	0.355668	0.44817	0.51654	0.55784	0.557517	0.510461	0.433783	0.354762	0.295369	0.267224	0.280377	0.328895	0.397576	0.476395	0.548071	0.580618	0.554543	0.473064	0.337867	0.167336	-0.0100109	-0.169823	-0.296305	-0.380342	-0.42106	-0.428894	-0.424217	-0.419792	-0.419628	-0.429596	-0.445905	-0.46588	-0.482746	-0.481318	-0.447462	-0.373918	-0.270046	-0.138121	0.0190059	0.181363	0.317976	0.402052	0.406663	0.31389	0.132037	-0.121992	-0.417631	-0.719074	-0.984422	-1.17297	-1.2624	-1.24819	-1.13848	-0.953225	-0.736231	-0.52006	-0.327926	-0.182828	-0.0790217	0	
0	0.0582736	0.109116	0.159348	0.216918	0.285138	0.357879	0.440782	0.523509	0.589275	0.630239	0.65754	0.669857	0.658094	0.609713	0.513222	0.371928	0.211296	0.0515773	-0.10262	-0.246085	-0.364639	-0.440109	-0.472079	-0.46986	-0.428987	-0.334712	-0.206787	-0.0796979	0.026183	0.109904	0.161064	0.173045	0.146226	0.114457	0.112664	0.145742	0.201356	0.280481	0.378115	0.477371	0.551798	0.595276	0.60631	0.586672	0.528852	0.448606	0.380536	0.343779	0.34088	0.384427	0.457778	0.537022	0.607809	0.655381	0.654368	0.599373	0.493306	0.337842	0.146937	-0.0500022	-0.228577	-0.371768	-0.470867	-0.526235	-0.541487	-0.537883	-0.527956	-0.519597	-0.520658	-0.536734	-0.565271	-0.593916	-0.600801	-0.567102	-0.487569	-0.374031	-0.228462	-0.0491232	0.139953	0.31327	0.446291	0.500189	0.454223	0.316905	0.0970016	-0.183392	-0.480746	-0.748717	-0.947892	-1.04886	-1.04847	-0.957623	-0.796761	-0.609353	-0.424368	-0.257713	-0.135038	-0.0584577	0	
0	0.0605978	0.116756	0.175281	0.243965	0.321648	0.394914	0.4597	0.510025	0.539807	0.549675	0.551619	0.547571	0.526289	0.478137	0.396931	0.289272	0.172793	0.0601867	-0.0546438	-0.183878	-0.312987	-0.417866	-0.486303	-0.520238	-0.504902	-0.427709	-0.311915	-0.184954	-0.0679778	0.0279654	0.0866891	0.110462	0.114457	0.121699	0.151414	0.211304	0.296069	0.395433	0.494431	0.582029	0.632217	0.639588	0.617748	0.576852	0.50803	0.43448	0.386667	0.376275	0.407356	0.481202	0.574953	0.671902	0.75232	0.785694	0.7572	0.669978	0.532098	0.349313	0.13295	-0.0876379	-0.284641	-0.448436	-0.567948	-0.634254	-0.658538	-0.656454	-0.641588	-0.625023	-0.61998	-0.633921	-0.667458	-0.70444	-0.712121	-0.674684	-0.591097	-0.469503	-0.307569	-0.113073	0.102662	0.319414	0.500068	0.607497	0.616643	0.525965	0.337122	0.0726312	-0.216514	-0.481403	-0.690599	-0.80876	-0.823508	-0.757043	-0.632858	-0.47878	-0.323745	-0.192904	-0.09857	-0.0390076	0	
0	0.0704415	0.137928	0.205556	0.273876	0.348415	0.410743	0.454211	0.469148	0.465653	0.448214	0.428582	0.403942	0.368338	0.320183	0.257133	0.183107	0.108884	0.0433833	-0.034368	-0.146603	-0.278247	-0.397405	-0.48748	-0.54146	-0.544623	-0.493699	-0.402944	-0.282396	-0.158036	-0.0518172	0.0204537	0.0722506	0.112664	0.151414	0.202503	0.278069	0.375978	0.479082	0.578737	0.655133	0.673876	0.644152	0.590815	0.524759	0.446353	0.386121	0.365786	0.389174	0.453808	0.553505	0.674012	0.801268	0.89235	0.922657	0.879648	0.768737	0.603017	0.38903	0.141339	-0.103104	-0.324046	-0.507629	-0.637346	-0.714511	-0.748692	-0.756084	-0.748977	-0.734705	-0.725114	-0.732932	-0.762667	-0.792804	-0.793159	-0.752379	-0.66392	-0.533733	-0.362055	-0.150339	0.0935855	0.347096	0.569684	0.72029	0.778299	0.727952	0.569116	0.335532	0.0571152	-0.217897	-0.441172	-0.581408	-0.626843	-0.595001	-0.507022	-0.379414	-0.246795	-0.143848	-0.0678782	-0.0203152	0	
0	0.086933	0.168975	0.23938	0.298169	0.354791	0.401483	0.422303	0.406997	0.369626	0.326664	0.286707	0.245336	0.202458	0.163554	0.122783	0.0769038	0.0344099	0.00351331	-0.0452764	-0.136114	-0.253943	-0.365558	-0.457033	-0.517666	-0.539091	-0.518812	-0.457038	-0.350303	-0.228586	-0.112172	-0.0131028	0.0734644	0.145742	0.211304	0.278069	0.353952	0.438969	0.530978	0.620468	0.675594	0.665258	0.60835	0.527975	0.440666	0.360132	0.310273	0.309927	0.366059	0.465045	0.59105	0.744999	0.907361	1.02197	1.06048	1.01205	0.885729	0.699408	0.459855	0.1893	-0.0751068	-0.321738	-0.519633	-0.659824	-0.748291	-0.793671	-0.819949	-0.829383	-0.819834	-0.809635	-0.808307	-0.82475	-0.847678	-0.839914	-0.796499	-0.704635	-0.562446	-0.379532	-0.151019	0.113694	0.386796	0.633822	0.814743	0.912822	0.904619	0.782179	0.575285	0.300756	0.0142133	-0.226236	-0.39885	-0.489629	-0.491982	-0.426269	-0.326938	-0.213772	-0.115501	-0.0474684	-0.0104813	0	
0	0.101662	0.19343	0.265798	0.312345	0.351457	0.376698	0.376653	0.331143	0.262421	0.194019	0.139558	0.0926241	0.0556957	0.0344581	0.0149564	-0.00982882	-0.0318826	-0.0430576	-0.0695105	-0.132411	-0.219202	-0.306731	-0.38432	-0.44507	-0.481288	-0.488641	-0.45399	-0.370393	-0.259041	-0.135605	-0.0136928	0.0996178	0.201356	0.296069	0.375978	0.438969	0.500834	0.565693	0.624515	0.64562	0.6102	0.536788	0.441271	0.345544	0.262082	0.212426	0.225126	0.305613	0.427139	0.589665	0.783533	0.980378	1.12228	1.18031	1.14389	1.02057	0.82289	0.566826	0.279061	-0.00581797	-0.270153	-0.483546	-0.632837	-0.733157	-0.794708	-0.836241	-0.856411	-0.849224	-0.835406	-0.82697	-0.838206	-0.85731	-0.85024	-0.807123	-0.711237	-0.565029	-0.375533	-0.136927	0.138828	0.42362	0.685297	0.88944	1.01576	1.03647	0.944311	0.755133	0.488737	0.198041	-0.06866	-0.273059	-0.396121	-0.430149	-0.393553	-0.318758	-0.216428	-0.118287	-0.0518158	-0.0176836	0	
0	0.103637	0.198844	0.273462	0.320771	0.347755	0.354099	0.327984	0.256121	0.161005	0.0748212	0.0149948	-0.025735	-0.0476501	-0.0519676	-0.0557817	-0.0636794	-0.074163	-0.0760905	-0.0886304	-0.120642	-0.172798	-0.229372	-0.285094	-0.34024	-0.386095	-0.412019	-0.396464	-0.331038	-0.231948	-0.109779	0.0210758	0.154365	0.280481	0.395433	0.479082	0.530978	0.565693	0.586866	0.594934	0.575411	0.52014	0.434564	0.337434	0.24319	0.15592	0.104945	0.125279	0.21565	0.356976	0.546828	0.775551	1.00496	1.183	1.27249	1.26133	1.15145	0.951902	0.693499	0.399602	0.101046	-0.174971	-0.402039	-0.566021	-0.677041	-0.751387	-0.797145	-0.816836	-0.809422	-0.790511	-0.783615	-0.797803	-0.8176	-0.820755	-0.78164	-0.691277	-0.554708	-0.365887	-0.124786	0.156882	0.450101	0.724811	0.94579	1.08886	1.1264	1.05026	0.869752	0.605721	0.310336	0.030242	-0.191507	-0.338524	-0.404611	-0.400918	-0.342351	-0.249591	-0.159543	-0.0829883	-0.03339	0	
0	0.0941202	0.185378	0.265469	0.320794	0.346061	0.33554	0.285317	0.194262	0.0844944	-0.00841342	-0.0692965	-0.0993365	-0.109905	-0.104682	-0.0982661	-0.0908024	-0.0897431	-0.0897724	-0.0923013	-0.101271	-0.122446	-0.146702	-0.175189	-0.219822	-0.269269	-0.299599	-0.288885	-0.233457	-0.146056	-0.0311114	0.102721	0.246128	0.378115	0.494431	0.578737	0.620468	0.624515	0.594934	0.550161	0.491224	0.409363	0.314055	0.215923	0.119748	0.0309218	-0.0118138	0.0166555	0.113361	0.269728	0.483146	0.733166	0.983952	1.1919	1.31181	1.32588	1.23414	1.04614	0.7974	0.517607	0.227323	-0.0452023	-0.278685	-0.459184	-0.583114	-0.668851	-0.711958	-0.722714	-0.708567	-0.68681	-0.683522	-0.703607	-0.731128	-0.741685	-0.709779	-0.631526	-0.511383	-0.334609	-0.102436	0.171907	0.46316	0.741284	0.967649	1.1152	1.16244	1.09907	0.925174	0.667903	0.37798	0.094203	-0.141999	-0.315179	-0.411955	-0.436979	-0.399183	-0.31728	-0.22799	-0.135705	-0.0596377	0	
0	0.0805716	0.163024	0.240038	0.296711	0.319443	0.298202	0.235008	0.138377	0.0303406	-0.0628987	-0.122897	-0.149084	-0.155818	-0.149831	-0.136529	-0.111429	-0.0968709	-0.091033	-0.0876449	-0.0818891	-0.0814155	-0.0778444	-0.0815352	-0.113521	-0.154522	-0.173177	-0.157211	-0.105068	-0.0226625	0.0875245	0.219254	0.355668	0.477371	0.582029	0.655133	0.675594	0.64562	0.575411	0.491224	0.394787	0.289811	0.180073	0.0746948	-0.0289807	-0.114003	-0.145639	-0.108148	-0.00911417	0.162071	0.389155	0.650663	0.917288	1.1412	1.2855	1.32239	1.24881	1.08553	0.864721	0.608545	0.34442	0.0904471	-0.130581	-0.308555	-0.434831	-0.519336	-0.566817	-0.580294	-0.56863	-0.551888	-0.547284	-0.560945	-0.584845	-0.594521	-0.572552	-0.521052	-0.430205	-0.279128	-0.0707194	0.184788	0.464438	0.732927	0.948444	1.09865	1.15645	1.0991	0.941892	0.698616	0.413294	0.128671	-0.12546	-0.319274	-0.439179	-0.489439	-0.472282	-0.399321	-0.298204	-0.187831	-0.0880061	0	
0	0.0703596	0.140033	0.198401	0.237265	0.248333	0.224396	0.163099	0.0782945	-0.0175409	-0.104763	-0.166052	-0.195636	-0.207216	-0.208794	-0.190973	-0.153012	-0.119097	-0.100496	-0.0870836	-0.0722896	-0.0611074	-0.0409576	-0.0308601	-0.0450994	-0.0639366	-0.0602665	-0.0322396	0.0230373	0.106541	0.208097	0.32602	0.44817	0.551798	0.632217	0.673876	0.665258	0.6102	0.52014	0.409363	0.289811	0.164972	0.0394486	-0.0831268	-0.200563	-0.283674	-0.307346	-0.266647	-0.156321	0.0243224	0.260687	0.529486	0.803858	1.04107	1.20197	1.26233	1.21934	1.09061	0.901352	0.677081	0.446886	0.224707	0.031126	-0.124799	-0.240412	-0.320696	-0.371077	-0.390465	-0.385083	-0.370136	-0.363881	-0.372251	-0.390591	-0.401753	-0.395903	-0.372079	-0.313566	-0.200034	-0.0221493	0.203182	0.45846	0.708788	0.911431	1.06004	1.12045	1.07394	0.932427	0.703987	0.424738	0.139021	-0.120454	-0.333518	-0.477531	-0.544411	-0.538675	-0.461698	-0.347973	-0.229352	-0.110125	0	
0	0.0605859	0.112687	0.14107	0.1459	0.138178	0.113275	0.0656388	-0.000499407	-0.0758776	-0.152533	-0.210587	-0.246464	-0.268793	-0.280362	-0.264506	-0.217109	-0.163574	-0.121694	-0.0923382	-0.0707834	-0.0557966	-0.0361587	-0.0198829	-0.0172199	-0.00483278	0.0247737	0.0722956	0.135203	0.218376	0.306756	0.410314	0.51654	0.595276	0.639588	0.644152	0.60835	0.536788	0.434564	0.314055	0.180073	0.0394486	-0.108023	-0.253338	-0.382779	-0.466099	-0.484007	-0.435711	-0.316039	-0.129085	0.11417	0.384163	0.655012	0.899723	1.08062	1.17259	1.17056	1.08601	0.931791	0.732021	0.528459	0.345567	0.183137	0.0616544	-0.0262802	-0.0962101	-0.140384	-0.158568	-0.156509	-0.143131	-0.139122	-0.150785	-0.167069	-0.188524	-0.200163	-0.204565	-0.184575	-0.104588	0.0369752	0.23178	0.467486	0.697108	0.88562	1.02758	1.08598	1.04387	0.909619	0.698185	0.431693	0.151348	-0.10875	-0.339146	-0.50263	-0.584326	-0.586282	-0.51314	-0.396741	-0.261536	-0.126432	0	
