0	0	0	0	0	0	0	0	0	0	0	0	0	0	0	0	0	0	0	0	0	0	0	0	0	0	0	0	0	0	0	0	0	0	0	0	0	0	0	0	0	0	0	0	0	0	0	0	0	0	0	0	0	0	0	0	0	0	0	0	0	0	0	0	0	0	0	0	0	0	0	0	0	0	0	0	0	0	0	0	0	0	0	0	0	0	0	0	0	0	0	0	0	0	0	0	0	0	0	0	
0	-0.122244	-0.221418	-0.28991	-0.328219	-0.33554	-0.312499	-0.266137	-0.209833	-0.154837	-0.101852	-0.0420311	0.022761	0.0751664	0.0997718	0.1012	0.0996347	0.104702	0.112569	0.110565	0.0954641	0.0727921	0.055474	0.0477267	0.0441082	0.0379335	0.0227088	-0.000762684	-0.0233176	-0.0347361	-0.0325951	-0.0188573	-0.000429158	0.0140518	0.0217059	0.0230757	0.0226052	0.0266253	0.0377689	0.0567359	0.0766646	0.0899505	0.0918533	0.0893721	0.0893281	0.0905547	0.079644	0.0450485	-0.00953775	-0.0639935	-0.106432	-0.135451	-0.15501	-0.168844	-0.178367	-0.182255	-0.176593	-0.158508	-0.125765	-0.0804045	-0.0294369	0.015805	0.0501283	0.0749437	0.0903611	0.0911466	0.0777375	0.0580686	0.0431546	0.0390639	0.0406575	0.0383387	0.0285455	0.0140003	0.000936305	-0.0130821	-0.0301938	-0.0481207	-0.0630758	-0.0662163	-0.0538916	-0.0303488	-0.00502125	0.0181904	0.0354185	0.0451685	0.0487064	0.0437242	0.0309806	0.0133699	-0.00454628	-0.017629	-0.0222424	-0.0209628	-0.0174891	-0.0141612	-0.0124272	-0.00990638	-0.0058104	0	
0	-0.221418	-0.408585	-0.542264	-0.614647	-0.62429	-0.584174	-0.508739	-0.410029	-0.298549	-0.18241	-0.0633226	0.0514438	0.141563	0.192093	0.209135	0.213771	0.21608	0.213314	0.198722	0.172102	0.140228	0.116103	0.101821	0.0893475	0.0730669	0.0456479	0.00844488	-0.0270548	-0.0466517	-0.0481736	-0.0316812	-0.00403967	0.0220167	0.0401443	0.0486899	0.0515905	0.06021	0.0791492	0.110457	0.147226	0.17583	0.189855	0.193946	0.193445	0.184824	0.15229	0.0814222	-0.0173706	-0.119122	-0.203553	-0.267565	-0.313082	-0.342246	-0.357898	-0.358917	-0.338131	-0.291865	-0.22095	-0.130177	-0.0346441	0.0499346	0.11398	0.152817	0.166803	0.156705	0.132494	0.101396	0.0739118	0.0568934	0.0471024	0.0397939	0.0294035	0.0114696	-0.0100449	-0.03173	-0.0524793	-0.0695924	-0.0797001	-0.0809885	-0.0697966	-0.0447634	-0.0135263	0.0204088	0.0480134	0.0652712	0.0714076	0.0640942	0.0442566	0.018061	-0.00405963	-0.02053	-0.0256823	-0.0230138	-0.0193293	-0.0140069	-0.0117651	-0.00986366	-0.0052812	0	
0	-0.28991	-0.542264	-0.728965	-0.830013	-0.84656	-0.803343	-0.7177	-0.589449	-0.423957	-0.246623	-0.0773971	0.0709885	0.189183	0.269689	0.31231	0.328021	0.318774	0.294757	0.261521	0.229107	0.197315	0.173502	0.154382	0.13184	0.105214	0.0691216	0.0245468	-0.016053	-0.0390305	-0.0446496	-0.0314104	-0.0038416	0.0257301	0.0516415	0.0700371	0.084907	0.105682	0.133335	0.171208	0.212467	0.251997	0.279081	0.294045	0.290659	0.262462	0.197886	0.0933072	-0.0405989	-0.174323	-0.296381	-0.397152	-0.465919	-0.50158	-0.513299	-0.504052	-0.462822	-0.385518	-0.27856	-0.155014	-0.0253312	0.0920237	0.17921	0.225693	0.232557	0.207748	0.169751	0.126683	0.0794906	0.0373645	0.0105737	0.000723556	-0.0015955	-0.0113882	-0.0267424	-0.0468246	-0.0612569	-0.0629695	-0.0622394	-0.059451	-0.0515625	-0.0354853	-0.0141335	0.0167093	0.0473127	0.0666468	0.0733283	0.0628899	0.0412379	0.016879	-0.00345562	-0.0153319	-0.0151349	-0.0104927	-0.00696667	-0.0055684	-0.00792391	-0.00809721	-0.00557161	0	
0	-0.328219	-0.614647	-0.830013	-0.95643	-0.993164	-0.962817	-0.873689	-0.719563	-0.514206	-0.298163	-0.100829	0.0719309	0.217203	0.326628	0.391085	0.41104	0.39077	0.347821	0.302739	0.266504	0.235399	0.210723	0.187758	0.159412	0.12898	0.0910006	0.0464304	0.00776125	-0.0107224	-0.0143283	-0.00407205	0.0163005	0.037017	0.0584716	0.0830133	0.112699	0.152451	0.193317	0.233229	0.273906	0.313358	0.34702	0.365291	0.351504	0.296463	0.199152	0.0635377	-0.0907484	-0.24467	-0.385432	-0.50427	-0.584946	-0.618661	-0.615467	-0.584471	-0.521527	-0.426961	-0.306783	-0.164916	-0.0157016	0.120775	0.221794	0.271322	0.273547	0.240456	0.192408	0.130151	0.0602689	-0.000535232	-0.0411921	-0.0569561	-0.0576209	-0.0598337	-0.0620469	-0.0606741	-0.0550572	-0.0455126	-0.0353004	-0.0278394	-0.0186148	-0.00127429	0.0180987	0.0418794	0.0602814	0.0695243	0.0696495	0.0560348	0.029466	-0.000848141	-0.0192194	-0.0266522	-0.0177427	-0.00252623	0.00510437	0.00785087	0.00152219	-0.00513761	-0.00433088	0	
0	-0.33554	-0.62429	-0.84656	-0.993164	-1.05824	-1.04576	-0.953045	-0.78103	-0.558978	-0.33663	-0.133359	0.0526092	0.217993	0.346308	0.421315	0.445611	0.42123	0.373827	0.324292	0.289495	0.259722	0.234844	0.207435	0.173415	0.142312	0.111403	0.0790133	0.0547194	0.0487483	0.0493023	0.0535752	0.0590669	0.0617386	0.0720437	0.0971524	0.139385	0.194436	0.243296	0.285297	0.322007	0.361447	0.390537	0.397342	0.360674	0.276733	0.150588	-0.00393621	-0.170326	-0.321537	-0.458293	-0.574777	-0.650648	-0.673446	-0.652218	-0.60042	-0.518821	-0.413916	-0.291448	-0.155288	-0.0101676	0.119552	0.211336	0.259471	0.270519	0.244772	0.192001	0.117813	0.0334582	-0.0373689	-0.0826581	-0.10532	-0.114534	-0.118908	-0.108088	-0.0894994	-0.0654583	-0.0360261	-0.0137108	0.00671147	0.0311817	0.0580838	0.0759095	0.090489	0.0965846	0.0896157	0.0741416	0.0452953	0.00729037	-0.0294491	-0.0538001	-0.0590003	-0.0400211	-0.0123137	0.0100051	0.0209765	0.0170821	0.00960761	0.00292921	0	
0	-0.312499	-0.584174	-0.803343	-0.962817	-1.04576	-1.04428	-0.954134	-0.783125	-0.570016	-0.360926	-0.168739	0.0140569	0.180371	0.310957	0.3927	0.426777	0.415049	0.374559	0.330357	0.299331	0.275177	0.252468	0.220996	0.178267	0.144783	0.124508	0.114314	0.114645	0.126216	0.129664	0.121544	0.10603	0.0878088	0.085857	0.112715	0.163877	0.227504	0.280344	0.320508	0.357455	0.3895	0.40237	0.380801	0.311004	0.197422	0.0520402	-0.114141	-0.275585	-0.410371	-0.51609	-0.60022	-0.654049	-0.661024	-0.624458	-0.556409	-0.464718	-0.360354	-0.248753	-0.125732	-0.00284961	0.102874	0.178196	0.220319	0.233874	0.212365	0.163583	0.0886093	0.00441622	-0.0663371	-0.118245	-0.150035	-0.165673	-0.173199	-0.161614	-0.13117	-0.089291	-0.0428452	-0.000231072	0.0356926	0.0697285	0.106439	0.13395	0.153138	0.152986	0.132683	0.0982085	0.0484954	-0.0116054	-0.0677341	-0.0981019	-0.101825	-0.072994	-0.0277865	0.00945629	0.0347026	0.0381536	0.0278459	0.0151379	0	
0	-0.266137	-0.508739	-0.7177	-0.873689	-0.953045	-0.954134	-0.878233	-0.730807	-0.541928	-0.357021	-0.187771	-0.0276156	0.119703	0.240126	0.323064	0.373584	0.38464	0.367983	0.337367	0.313768	0.291576	0.270237	0.235928	0.187378	0.150316	0.136036	0.141449	0.161202	0.188865	0.196793	0.18192	0.152591	0.120628	0.113103	0.142836	0.202625	0.27351	0.326792	0.363957	0.386794	0.395902	0.370669	0.307232	0.203156	0.0715265	-0.0787498	-0.237154	-0.384597	-0.487632	-0.552848	-0.594232	-0.608429	-0.586709	-0.535673	-0.466506	-0.376942	-0.275478	-0.172912	-0.0759474	0.0152145	0.0913163	0.146481	0.179816	0.188937	0.162674	0.110747	0.0379686	-0.0488985	-0.127455	-0.183085	-0.21042	-0.217453	-0.218663	-0.202861	-0.173083	-0.126842	-0.0648743	-0.00714002	0.0434398	0.0921518	0.140338	0.176658	0.205205	0.21465	0.194374	0.147684	0.0761734	-0.00759745	-0.0812323	-0.124263	-0.130123	-0.0963321	-0.0465162	-0.00242902	0.0251525	0.0293409	0.0223557	0.0105667	0	
0	-0.209833	-0.410029	-0.589449	-0.719563	-0.78103	-0.783125	-0.730807	-0.614949	-0.458162	-0.304892	-0.171252	-0.0461261	0.0725534	0.173274	0.249481	0.306752	0.342052	0.354649	0.348401	0.332365	0.30762	0.280479	0.245915	0.200163	0.167347	0.156157	0.164152	0.188451	0.223547	0.2409	0.233986	0.209968	0.180693	0.172575	0.202413	0.262738	0.334717	0.389337	0.417431	0.418021	0.38287	0.304288	0.193689	0.0615121	-0.0780068	-0.218795	-0.35787	-0.472516	-0.538744	-0.560904	-0.556612	-0.52966	-0.474592	-0.405419	-0.331389	-0.246917	-0.155835	-0.0714917	0.00174274	0.059897	0.106226	0.136093	0.142671	0.12648	0.0835216	0.0269446	-0.0491123	-0.140189	-0.222545	-0.278418	-0.299704	-0.296229	-0.287537	-0.263329	-0.221259	-0.162196	-0.0901557	-0.0190143	0.0464745	0.108629	0.171294	0.222838	0.262548	0.275742	0.255841	0.205847	0.126132	0.0279755	-0.0648876	-0.123157	-0.142139	-0.117993	-0.0720213	-0.0343094	-0.0103665	-0.0055188	-0.00836045	-0.00571139	0	
0	-0.154837	-0.298549	-0.423957	-0.514206	-0.558978	-0.570016	-0.541928	-0.458162	-0.337311	-0.225461	-0.134323	-0.0474901	0.0405984	0.11974	0.18176	0.237127	0.284667	0.324678	0.346075	0.34748	0.322837	0.290921	0.256082	0.22032	0.198162	0.1902	0.191546	0.205553	0.238046	0.263741	0.275613	0.275017	0.264257	0.264263	0.289227	0.339284	0.402782	0.449168	0.463975	0.431556	0.348711	0.217104	0.0645893	-0.0910191	-0.23484	-0.363133	-0.47215	-0.549015	-0.570649	-0.549493	-0.503687	-0.435179	-0.345026	-0.252233	-0.170433	-0.08777	-0.00752684	0.0557555	0.0966592	0.122541	0.131684	0.118513	0.0854472	0.0420872	-0.013066	-0.0746177	-0.153259	-0.247931	-0.328946	-0.379852	-0.396785	-0.391391	-0.378469	-0.342774	-0.286755	-0.211934	-0.121238	-0.0317237	0.0517405	0.133527	0.212423	0.272629	0.316028	0.333102	0.315226	0.264444	0.182306	0.0770068	-0.0277448	-0.104822	-0.14369	-0.137702	-0.108785	-0.0786802	-0.0571584	-0.0491639	-0.0407463	-0.024939	0	
0	-0.101852	-0.18241	-0.246623	-0.298163	-0.33663	-0.360926	-0.357021	-0.304892	-0.225461	-0.157487	-0.106811	-0.0543412	0.00675984	0.0666169	0.117042	0.164421	0.213647	0.266877	0.312853	0.335152	0.323282	0.294464	0.265802	0.240163	0.228438	0.222519	0.21579	0.218927	0.245841	0.277892	0.307358	0.329818	0.340437	0.348307	0.367542	0.402056	0.446181	0.47432	0.464175	0.399568	0.27639	0.107017	-0.0725069	-0.243301	-0.392217	-0.512884	-0.598806	-0.634107	-0.60663	-0.533735	-0.437853	-0.32717	-0.202032	-0.0845631	0.0113936	0.0884575	0.143286	0.171434	0.181663	0.175417	0.149974	0.0965528	0.02543	-0.0407493	-0.10448	-0.167567	-0.24505	-0.333211	-0.408691	-0.459097	-0.482698	-0.485396	-0.476241	-0.43759	-0.368968	-0.274846	-0.164299	-0.0580076	0.0416058	0.137836	0.232126	0.311254	0.369712	0.394979	0.381146	0.330232	0.241886	0.124415	0.00171166	-0.0944831	-0.151363	-0.159677	-0.136012	-0.109462	-0.0882661	-0.0753202	-0.060903	-0.0342193	0	
0	-0.0420311	-0.0633226	-0.0773971	-0.100829	-0.133359	-0.168739	-0.187771	-0.171252	-0.134323	-0.106811	-0.0895256	-0.0635233	-0.0225496	0.024475	0.0662832	0.106309	0.150046	0.20422	0.257325	0.294694	0.300395	0.291008	0.27621	0.260738	0.252265	0.245931	0.23704	0.237712	0.265341	0.302724	0.341104	0.374983	0.39293	0.402033	0.412889	0.431262	0.451876	0.449415	0.406126	0.309478	0.161727	-0.0230887	-0.212713	-0.388602	-0.535495	-0.642715	-0.702844	-0.703547	-0.630878	-0.504084	-0.354548	-0.198443	-0.0412051	0.0969905	0.195462	0.256159	0.279369	0.268904	0.239472	0.199473	0.14089	0.0613359	-0.0224856	-0.0945247	-0.16135	-0.225204	-0.299017	-0.384001	-0.458573	-0.515702	-0.54813	-0.559988	-0.560692	-0.529231	-0.461593	-0.362463	-0.243177	-0.122005	-0.00621094	0.110139	0.22697	0.326757	0.406387	0.45252	0.451585	0.399959	0.30014	0.162994	0.0202197	-0.0905056	-0.153578	-0.163204	-0.142161	-0.11497	-0.092884	-0.0801801	-0.0645467	-0.0379082	0	
0	0.022761	0.0514438	0.0709885	0.0719309	0.0526092	0.0140569	-0.0276156	-0.0461261	-0.0474901	-0.0543412	-0.0635233	-0.054999	-0.023893	0.0169852	0.0541429	0.0891754	0.125933	0.167163	0.208671	0.245016	0.270465	0.287207	0.294326	0.287394	0.281066	0.277677	0.274567	0.281258	0.311945	0.350688	0.388866	0.416845	0.426329	0.422845	0.421241	0.423375	0.417641	0.381146	0.304464	0.186621	0.032517	-0.150276	-0.333521	-0.500196	-0.633173	-0.721558	-0.755863	-0.72258	-0.610216	-0.43991	-0.245469	-0.0501148	0.135218	0.282532	0.371561	0.403835	0.388042	0.33747	0.269586	0.190675	0.107262	0.0199916	-0.0619491	-0.128966	-0.191429	-0.250136	-0.316162	-0.394877	-0.473621	-0.538269	-0.584337	-0.616557	-0.637801	-0.624618	-0.571018	-0.479587	-0.358565	-0.22836	-0.0917527	0.0493606	0.190888	0.320663	0.426417	0.491742	0.50145	0.449977	0.34176	0.194205	0.0435153	-0.0718909	-0.135305	-0.142137	-0.11341	-0.0822175	-0.0623892	-0.0536114	-0.0453705	-0.0266288	0	
0	0.0751664	0.141563	0.189183	0.217203	0.217993	0.180371	0.119703	0.0725534	0.0405984	0.00675984	-0.0225496	-0.023893	0.00570126	0.0489412	0.0897099	0.123325	0.148642	0.167318	0.185338	0.21433	0.251807	0.292612	0.318149	0.322362	0.32103	0.324523	0.330274	0.343365	0.374404	0.409505	0.436247	0.447185	0.43471	0.412753	0.396464	0.383286	0.351973	0.282205	0.176334	0.0489763	-0.0955458	-0.255839	-0.417235	-0.563531	-0.67614	-0.74025	-0.749047	-0.688802	-0.547307	-0.342476	-0.112056	0.114231	0.316566	0.461262	0.523912	0.517373	0.463968	0.376869	0.271174	0.162348	0.0610845	-0.0273548	-0.0987784	-0.153677	-0.200076	-0.241449	-0.296406	-0.372597	-0.45093	-0.524999	-0.590248	-0.649699	-0.704078	-0.725237	-0.700078	-0.62716	-0.512152	-0.368944	-0.212689	-0.0460003	0.12713	0.285503	0.415981	0.499197	0.519348	0.474145	0.371632	0.228483	0.0802428	-0.0312328	-0.0866478	-0.0848944	-0.0516099	-0.0175422	0.00114672	0.000845829	-0.00648715	-0.00769154	0	
0	0.0997718	0.192093	0.269689	0.326628	0.346308	0.310957	0.240126	0.173274	0.11974	0.0666169	0.024475	0.0169852	0.0489412	0.103126	0.153742	0.185138	0.193683	0.189848	0.190259	0.20945	0.250684	0.303004	0.344993	0.361298	0.366343	0.3738	0.38541	0.404494	0.436017	0.461744	0.469316	0.452108	0.414326	0.372984	0.344106	0.315668	0.259597	0.159472	0.032886	-0.0974105	-0.224154	-0.354113	-0.47907	-0.591074	-0.676801	-0.72154	-0.70689	-0.616476	-0.444209	-0.213503	0.0391146	0.283306	0.488752	0.614014	0.641152	0.59168	0.494639	0.370702	0.239214	0.117607	0.0187108	-0.0621011	-0.12538	-0.164918	-0.188924	-0.211445	-0.253031	-0.320315	-0.400545	-0.482445	-0.568016	-0.66074	-0.752376	-0.814442	-0.826209	-0.77672	-0.670286	-0.530209	-0.365058	-0.178172	0.0201583	0.208847	0.363238	0.46813	0.511327	0.487438	0.40281	0.273583	0.136803	0.0328604	-0.0173034	-0.0117497	0.0255327	0.0581031	0.0661206	0.0518545	0.0290167	0.0112442	0	
0	0.1012	0.209135	0.31231	0.391085	0.421315	0.3927	0.323064	0.249481	0.18176	0.117042	0.0662832	0.0541429	0.0897099	0.153742	0.209757	0.232224	0.227265	0.214766	0.210389	0.224077	0.262008	0.319862	0.372632	0.400014	0.409738	0.42021	0.437957	0.465795	0.497486	0.512226	0.494772	0.448051	0.382281	0.318362	0.267558	0.216148	0.135039	0.0169702	-0.119435	-0.245792	-0.357639	-0.456942	-0.542466	-0.612731	-0.662818	-0.67624	-0.633645	-0.514807	-0.317428	-0.0665917	0.19756	0.439109	0.627232	0.724732	0.716284	0.624364	0.483908	0.3221	0.170961	0.0537138	-0.0306171	-0.0946578	-0.139458	-0.159799	-0.16328	-0.168791	-0.199463	-0.260079	-0.336854	-0.426144	-0.526767	-0.641012	-0.764123	-0.863794	-0.90882	-0.888826	-0.812052	-0.689631	-0.528932	-0.333448	-0.117691	0.0900604	0.271661	0.40934	0.484956	0.490618	0.42851	0.31615	0.190681	0.0952266	0.0524094	0.0581308	0.0870422	0.108261	0.10682	0.0836616	0.0503424	0.021535	0	
0	0.0996347	0.213771	0.328021	0.41104	0.445611	0.426777	0.373584	0.306752	0.237127	0.164421	0.106309	0.0891754	0.123325	0.185138	0.232224	0.245089	0.238319	0.233783	0.23926	0.258252	0.29783	0.353888	0.406784	0.439905	0.459499	0.479663	0.506165	0.538513	0.566261	0.567201	0.52769	0.451977	0.354865	0.256297	0.169168	0.0856155	-0.0117831	-0.130159	-0.255797	-0.373769	-0.476942	-0.557779	-0.609282	-0.634708	-0.640292	-0.61664	-0.539339	-0.389563	-0.171094	0.088748	0.347553	0.57157	0.728436	0.791818	0.75293	0.629731	0.452381	0.260055	0.0943584	-0.021478	-0.0938532	-0.139781	-0.162448	-0.161605	-0.14721	-0.139116	-0.153204	-0.19591	-0.263834	-0.350246	-0.458783	-0.59381	-0.740411	-0.865295	-0.938521	-0.952979	-0.911477	-0.817631	-0.673183	-0.485952	-0.271574	-0.0484071	0.159329	0.329367	0.43761	0.469086	0.427215	0.331685	0.220919	0.133846	0.0909379	0.0914064	0.114352	0.129624	0.120593	0.0910004	0.05467	0.023759	0	
0	0.104702	0.21608	0.318774	0.39077	0.42123	0.415049	0.38464	0.342052	0.284667	0.213647	0.150046	0.125933	0.148642	0.193683	0.227265	0.238319	0.242085	0.254817	0.281863	0.317446	0.358561	0.399601	0.438457	0.474102	0.507958	0.541585	0.57297	0.60426	0.62405	0.613745	0.555301	0.451249	0.318649	0.17941	0.0511717	-0.0601043	-0.164436	-0.267986	-0.374622	-0.477958	-0.572474	-0.639582	-0.666955	-0.656829	-0.620508	-0.554239	-0.442305	-0.267429	-0.0335663	0.230201	0.478952	0.675272	0.797834	0.831701	0.771655	0.628749	0.434668	0.228772	0.0514511	-0.0748784	-0.152946	-0.189651	-0.192252	-0.170604	-0.138745	-0.114829	-0.112665	-0.137857	-0.189889	-0.267153	-0.377596	-0.524625	-0.687409	-0.834945	-0.938602	-0.9881	-0.979449	-0.911878	-0.792019	-0.624706	-0.414912	-0.180435	0.0492855	0.242247	0.371018	0.423929	0.399041	0.315317	0.208517	0.11945	0.0770011	0.0791565	0.103095	0.118167	0.109059	0.0792185	0.0430777	0.0165183	0	
0	0.112569	0.213314	0.294757	0.347821	0.373827	0.374559	0.367983	0.354649	0.324678	0.266877	0.20422	0.167163	0.167318	0.189848	0.214766	0.233783	0.254817	0.292372	0.345774	0.396988	0.431729	0.454427	0.480016	0.5165	0.558445	0.597234	0.629134	0.655881	0.664946	0.639197	0.557186	0.424188	0.258675	0.086721	-0.0694636	-0.196455	-0.296587	-0.382858	-0.46536	-0.547519	-0.62692	-0.680543	-0.694699	-0.664312	-0.598562	-0.498186	-0.353928	-0.155562	0.0867226	0.346	0.576256	0.749911	0.846128	0.858847	0.784347	0.634824	0.44001	0.235217	0.0498297	-0.0926821	-0.184347	-0.221563	-0.211928	-0.177902	-0.132932	-0.0985999	-0.0880583	-0.103185	-0.141696	-0.203887	-0.303354	-0.444324	-0.609111	-0.774664	-0.907605	-0.988545	-1.01096	-0.976222	-0.88835	-0.739683	-0.532742	-0.294501	-0.0598794	0.142361	0.28698	0.354627	0.337776	0.25648	0.148932	0.060096	0.0196773	0.0256766	0.0546578	0.0762055	0.0744475	0.0518519	0.025304	0.00806595	0	
0	0.110565	0.198722	0.261521	0.302739	0.324292	0.330357	0.337367	0.348401	0.346075	0.312853	0.257325	0.208671	0.185338	0.190259	0.210389	0.23926	0.281863	0.345774	0.417992	0.470167	0.499142	0.516993	0.539265	0.570612	0.608541	0.648207	0.681203	0.703181	0.696158	0.646743	0.541275	0.383282	0.193759	-0.000888704	-0.173403	-0.304185	-0.39758	-0.467215	-0.526827	-0.583492	-0.638747	-0.675768	-0.679665	-0.637985	-0.552922	-0.428541	-0.264763	-0.0586135	0.177856	0.417565	0.62631	0.781133	0.865175	0.867676	0.786697	0.636888	0.450216	0.253513	0.0672768	-0.0839344	-0.185169	-0.226416	-0.220633	-0.184696	-0.134816	-0.0986356	-0.0888454	-0.100809	-0.131736	-0.175376	-0.247388	-0.363299	-0.512206	-0.68182	-0.832682	-0.939619	-0.998001	-1.00379	-0.943888	-0.809784	-0.616395	-0.391557	-0.163702	0.0388238	0.182618	0.247453	0.225782	0.142342	0.0394981	-0.0413844	-0.0724617	-0.0575822	-0.0197948	0.013013	0.026345	0.0203896	0.0084913	0.00167578	0	
0	0.0954641	0.172102	0.229107	0.266504	0.289495	0.299331	0.313768	0.332365	0.34748	0.335152	0.294694	0.245016	0.21433	0.20945	0.224077	0.258252	0.317446	0.396988	0.470167	0.520678	0.556062	0.584351	0.604669	0.624402	0.65477	0.692302	0.723332	0.7357	0.707609	0.638174	0.5149	0.342661	0.136211	-0.0694599	-0.242316	-0.365443	-0.446128	-0.503661	-0.549338	-0.585526	-0.617819	-0.632371	-0.623031	-0.572167	-0.477949	-0.345134	-0.178775	0.0213222	0.239388	0.455202	0.639024	0.779233	0.850816	0.843143	0.757891	0.614632	0.441596	0.258774	0.0822688	-0.061991	-0.164686	-0.219355	-0.228592	-0.208407	-0.16516	-0.12786	-0.11253	-0.114438	-0.12857	-0.151601	-0.20008	-0.289491	-0.419391	-0.576454	-0.723235	-0.845151	-0.935468	-0.972006	-0.938924	-0.834628	-0.672653	-0.474914	-0.262244	-0.0737439	0.0553285	0.109215	0.0805123	-0.00106353	-0.0992669	-0.174182	-0.197172	-0.171422	-0.119437	-0.0707336	-0.0391878	-0.0282399	-0.0245223	-0.0154272	0	
0	0.0727921	0.140228	0.197315	0.235399	0.259722	0.275177	0.291576	0.30762	0.322837	0.323282	0.300395	0.270465	0.251807	0.250684	0.262008	0.29783	0.358561	0.431729	0.499142	0.556062	0.607492	0.643428	0.658266	0.666966	0.683119	0.704652	0.720219	0.718782	0.678755	0.597932	0.468779	0.289102	0.0821451	-0.111045	-0.262111	-0.362497	-0.428358	-0.480735	-0.521897	-0.548691	-0.56178	-0.556707	-0.53294	-0.47804	-0.388907	-0.266855	-0.112289	0.072277	0.269743	0.459871	0.624374	0.748637	0.805755	0.78655	0.701025	0.568212	0.408773	0.240193	0.0794634	-0.0521264	-0.154793	-0.21916	-0.247107	-0.239082	-0.201495	-0.162235	-0.133359	-0.113003	-0.107563	-0.110859	-0.141047	-0.219256	-0.330706	-0.469172	-0.609035	-0.739177	-0.845825	-0.904195	-0.902183	-0.837645	-0.713001	-0.539946	-0.349582	-0.184509	-0.0742657	-0.0291603	-0.0603746	-0.14581	-0.245074	-0.3201	-0.342517	-0.310147	-0.248745	-0.187326	-0.140601	-0.11276	-0.0849523	-0.0466773	0	
0	0.055474	0.116103	0.173502	0.210723	0.234844	0.252468	0.270237	0.280479	0.290921	0.294464	0.291008	0.287207	0.292612	0.303004	0.319862	0.353888	0.399601	0.454427	0.516993	0.584351	0.643428	0.681002	0.695363	0.693155	0.683354	0.669929	0.658792	0.644458	0.596958	0.513899	0.38286	0.212318	0.0298158	-0.124933	-0.23646	-0.307716	-0.355335	-0.398696	-0.434597	-0.452067	-0.453974	-0.436549	-0.408707	-0.361515	-0.289408	-0.190007	-0.0636438	0.0916092	0.262452	0.433001	0.580667	0.693669	0.741152	0.717868	0.637169	0.512622	0.360151	0.200289	0.0516144	-0.0708009	-0.172452	-0.242864	-0.271468	-0.266106	-0.228148	-0.17924	-0.133122	-0.0914586	-0.0626739	-0.049588	-0.0731809	-0.140976	-0.241188	-0.368092	-0.503169	-0.635343	-0.748538	-0.826723	-0.860176	-0.832026	-0.732954	-0.586868	-0.423659	-0.281631	-0.185051	-0.150202	-0.196492	-0.289938	-0.394626	-0.472251	-0.491667	-0.457125	-0.394757	-0.329539	-0.267219	-0.213588	-0.154593	-0.0810462	0	
0	0.0477267	0.101821	0.154382	0.187758	0.207435	0.220996	0.235928	0.245915	0.256082	0.265802	0.27621	0.294326	0.318149	0.344993	0.372632	0.406784	0.438457	0.480016	0.539265	0.604669	0.658266	0.695363	0.707809	0.689912	0.647022	0.595756	0.552066	0.515642	0.46054	0.377625	0.261159	0.122321	-0.0118582	-0.113374	-0.181421	-0.220915	-0.244362	-0.267814	-0.286162	-0.295863	-0.29412	-0.275772	-0.252171	-0.222357	-0.180554	-0.119176	-0.0324297	0.0839596	0.222957	0.37081	0.508273	0.614198	0.657444	0.636068	0.560473	0.440176	0.292152	0.142326	0.00593797	-0.109	-0.210202	-0.27538	-0.298533	-0.284108	-0.236192	-0.174342	-0.110832	-0.0506661	-0.00815514	0.0142613	0.000256024	-0.0602005	-0.149431	-0.270374	-0.403559	-0.532654	-0.65084	-0.748699	-0.809073	-0.805438	-0.736477	-0.625803	-0.489751	-0.361935	-0.279413	-0.262241	-0.322425	-0.429069	-0.538999	-0.616672	-0.64065	-0.609396	-0.546432	-0.469935	-0.388403	-0.312087	-0.222434	-0.115782	0	
0	0.0441082	0.0893475	0.13184	0.159412	0.173415	0.178267	0.187378	0.200163	0.22032	0.240163	0.260738	0.287394	0.322362	0.361298	0.400014	0.439905	0.474102	0.5165	0.570612	0.624402	0.666966	0.693155	0.689912	0.649313	0.583202	0.499695	0.416476	0.349995	0.283938	0.209987	0.121067	0.0293528	-0.0463315	-0.0889882	-0.106011	-0.107164	-0.0972205	-0.0892514	-0.0858586	-0.0862082	-0.0845184	-0.0744487	-0.0722532	-0.0775707	-0.0781839	-0.0641184	-0.0259817	0.0515287	0.167103	0.301275	0.423772	0.518109	0.558267	0.537574	0.463562	0.345038	0.202586	0.0643792	-0.0584714	-0.164033	-0.252727	-0.303904	-0.310797	-0.28444	-0.226786	-0.153981	-0.0826748	-0.0178629	0.0295799	0.0594298	0.056744	0.0163872	-0.0574658	-0.166978	-0.292538	-0.422149	-0.551213	-0.668232	-0.745903	-0.76606	-0.732035	-0.654954	-0.540151	-0.430966	-0.366192	-0.36021	-0.42743	-0.537588	-0.657963	-0.751956	-0.789049	-0.76162	-0.690095	-0.601498	-0.501507	-0.398672	-0.282493	-0.146865	0	
0	0.0379335	0.0730669	0.105214	0.12898	0.142312	0.144783	0.150316	0.167347	0.198162	0.228438	0.252265	0.281066	0.32103	0.366343	0.409738	0.459499	0.507958	0.558445	0.608541	0.65477	0.683119	0.683354	0.647022	0.583202	0.497982	0.385346	0.267647	0.177367	0.10603	0.0413477	-0.0202786	-0.0678662	-0.0866304	-0.0643989	-0.0229097	0.0249713	0.080637	0.129464	0.160641	0.169938	0.166979	0.155481	0.120022	0.0642366	0.008801	-0.0256681	-0.0243993	0.0255246	0.122397	0.240531	0.349101	0.431547	0.466987	0.447093	0.372008	0.252248	0.112583	-0.0199777	-0.135683	-0.225599	-0.291614	-0.318626	-0.310211	-0.275827	-0.216364	-0.144557	-0.0748909	-0.0122143	0.0363649	0.0713299	0.0845324	0.0654454	0.0144563	-0.0716439	-0.181365	-0.310164	-0.450901	-0.580496	-0.676145	-0.722075	-0.713989	-0.657212	-0.560836	-0.474551	-0.429989	-0.433023	-0.504484	-0.626145	-0.757474	-0.860126	-0.907571	-0.8872	-0.818997	-0.72135	-0.601688	-0.475745	-0.332723	-0.171874	0	
0	0.0227088	0.0456479	0.0691216	0.0910006	0.111403	0.124508	0.136036	0.156157	0.1902	0.222519	0.245931	0.277677	0.324523	0.3738	0.42021	0.479663	0.541585	0.597234	0.648207	0.692302	0.704652	0.669929	0.595756	0.499695	0.385346	0.247256	0.113476	0.0140493	-0.060464	-0.119204	-0.159885	-0.171311	-0.13868	-0.0575473	0.0436708	0.151675	0.267245	0.364125	0.422965	0.439896	0.423074	0.377257	0.296789	0.193851	0.0967432	0.0256137	-0.00629041	0.0201049	0.102256	0.206419	0.298909	0.370766	0.403556	0.379758	0.302266	0.185608	0.0487652	-0.0838334	-0.194383	-0.272024	-0.317214	-0.327207	-0.311306	-0.277453	-0.224844	-0.159585	-0.093091	-0.0290932	0.0231766	0.0636845	0.0833399	0.0745079	0.0390843	-0.0248845	-0.115681	-0.233987	-0.367501	-0.497305	-0.603371	-0.666026	-0.671517	-0.625825	-0.549142	-0.483533	-0.451188	-0.468924	-0.557775	-0.687747	-0.820034	-0.923218	-0.972954	-0.957385	-0.896183	-0.804934	-0.682592	-0.543695	-0.380573	-0.193683	0	
0	-0.000762684	0.00844488	0.0245468	0.0464304	0.0790133	0.114314	0.141449	0.164152	0.191546	0.21579	0.23704	0.274567	0.330274	0.38541	0.437957	0.506165	0.57297	0.629134	0.681203	0.723332	0.720219	0.658792	0.552066	0.416476	0.267647	0.113476	-0.0254631	-0.13278	-0.213337	-0.268487	-0.292935	-0.276065	-0.206567	-0.0825464	0.073668	0.250319	0.432174	0.577994	0.663669	0.683773	0.651415	0.57764	0.463478	0.323435	0.192598	0.0941014	0.0397149	0.0461228	0.115404	0.211722	0.299779	0.364099	0.383861	0.344796	0.256549	0.137443	0.00358173	-0.126526	-0.232544	-0.298347	-0.332064	-0.339349	-0.326796	-0.300683	-0.260306	-0.204123	-0.137744	-0.0690712	-0.0100675	0.0331763	0.0520016	0.0435696	0.0136567	-0.035341	-0.108505	-0.205642	-0.314756	-0.429011	-0.53404	-0.60025	-0.612279	-0.582628	-0.520507	-0.461239	-0.437656	-0.466755	-0.560523	-0.689561	-0.818262	-0.918704	-0.968151	-0.958635	-0.907978	-0.82328	-0.706792	-0.573155	-0.408737	-0.211699	0	
0	-0.0233176	-0.0270548	-0.016053	0.00776125	0.0547194	0.114645	0.161202	0.188451	0.205553	0.218927	0.237712	0.281258	0.343365	0.404494	0.465795	0.538513	0.60426	0.655881	0.703181	0.7357	0.718782	0.644458	0.515642	0.349995	0.177367	0.0140493	-0.13278	-0.252209	-0.338873	-0.391891	-0.404309	-0.366436	-0.274431	-0.120502	0.0831987	0.317548	0.550132	0.735154	0.845574	0.877085	0.844072	0.75973	0.625882	0.464058	0.313882	0.196443	0.123429	0.118203	0.180288	0.274845	0.362581	0.416845	0.414651	0.348052	0.237632	0.106754	-0.0351115	-0.169951	-0.27179	-0.333075	-0.365258	-0.371296	-0.360037	-0.340877	-0.313327	-0.270488	-0.214093	-0.150428	-0.0908716	-0.0455855	-0.02167	-0.0211931	-0.0398303	-0.0781808	-0.138092	-0.214211	-0.300051	-0.393767	-0.482279	-0.537013	-0.548425	-0.525087	-0.46969	-0.41472	-0.392847	-0.417651	-0.495661	-0.610979	-0.732796	-0.831289	-0.889233	-0.889946	-0.844701	-0.771071	-0.668643	-0.542346	-0.386073	-0.200637	0	
0	-0.0347361	-0.0466517	-0.0390305	-0.0107224	0.0487483	0.126216	0.188865	0.223547	0.238046	0.245841	0.265341	0.311945	0.374404	0.436017	0.497486	0.566261	0.62405	0.664946	0.696158	0.707609	0.678755	0.596958	0.46054	0.283938	0.10603	-0.060464	-0.213337	-0.338873	-0.429207	-0.48349	-0.487955	-0.43803	-0.330272	-0.15548	0.0776755	0.341717	0.602824	0.816539	0.950974	1.00129	0.985236	0.906668	0.770139	0.603811	0.45095	0.332066	0.257231	0.242163	0.29599	0.390959	0.478654	0.521865	0.497532	0.39886	0.255005	0.0943138	-0.0685898	-0.21241	-0.316205	-0.379361	-0.412347	-0.42192	-0.414569	-0.401993	-0.388829	-0.362132	-0.319343	-0.267738	-0.216831	-0.172035	-0.140865	-0.126686	-0.131384	-0.155097	-0.198095	-0.25245	-0.310908	-0.379816	-0.44236	-0.475603	-0.478057	-0.449522	-0.389323	-0.327919	-0.296655	-0.305987	-0.364621	-0.464165	-0.576613	-0.673519	-0.736439	-0.75146	-0.72345	-0.664457	-0.574108	-0.457241	-0.320657	-0.166765	0	
0	-0.0325951	-0.0481736	-0.0446496	-0.0143283	0.0493023	0.129664	0.196793	0.2409	0.263741	0.277892	0.302724	0.350688	0.409505	0.461744	0.512226	0.567201	0.613745	0.639197	0.646743	0.638174	0.597932	0.513899	0.377625	0.209987	0.0413477	-0.119204	-0.268487	-0.391891	-0.48349	-0.538161	-0.542845	-0.487525	-0.370705	-0.182615	0.0602855	0.334423	0.609808	0.840527	0.989902	1.06006	1.05873	0.990746	0.866887	0.716555	0.579351	0.47869	0.415287	0.402249	0.452114	0.542377	0.620575	0.644582	0.594667	0.471359	0.299425	0.107694	-0.0812247	-0.242701	-0.360591	-0.438028	-0.482543	-0.497079	-0.493023	-0.488908	-0.484415	-0.465809	-0.433732	-0.394523	-0.349982	-0.311056	-0.278536	-0.254805	-0.250744	-0.262482	-0.283425	-0.310334	-0.342253	-0.376352	-0.404191	-0.412181	-0.395075	-0.348329	-0.273075	-0.200653	-0.154305	-0.143717	-0.182161	-0.264901	-0.366344	-0.461416	-0.53179	-0.563113	-0.558685	-0.522182	-0.455128	-0.368432	-0.261015	-0.133714	0	
0	-0.0188573	-0.0316812	-0.0314104	-0.00407205	0.0535752	0.121544	0.18192	0.233986	0.275613	0.307358	0.341104	0.388866	0.436247	0.469316	0.494772	0.52769	0.555301	0.557186	0.541275	0.5149	0.468779	0.38286	0.261159	0.121067	-0.0202786	-0.159885	-0.292935	-0.404309	-0.487955	-0.542845	-0.552691	-0.50443	-0.386299	-0.201129	0.0350505	0.304652	0.576621	0.805534	0.962958	1.04651	1.06001	1.01011	0.908676	0.782014	0.675131	0.608192	0.571163	0.571034	0.622311	0.700375	0.756788	0.760891	0.699366	0.564943	0.375694	0.159645	-0.0552772	-0.245832	-0.396215	-0.50309	-0.563807	-0.58491	-0.584987	-0.580408	-0.57695	-0.564966	-0.542401	-0.514113	-0.484659	-0.451543	-0.416408	-0.389139	-0.37418	-0.369095	-0.369027	-0.372216	-0.372086	-0.369274	-0.359505	-0.334037	-0.286285	-0.209253	-0.117396	-0.0327652	0.0259531	0.044127	0.0123564	-0.0605318	-0.150909	-0.243196	-0.31856	-0.364211	-0.38276	-0.373931	-0.33967	-0.288694	-0.213405	-0.109977	0	
0	-0.000429158	-0.00403967	-0.0038416	0.0163005	0.0590669	0.10603	0.152591	0.209968	0.275017	0.329818	0.374983	0.416845	0.447185	0.452108	0.448051	0.451977	0.451249	0.424188	0.383282	0.342661	0.289102	0.212318	0.122321	0.0293528	-0.0678662	-0.171311	-0.276065	-0.366436	-0.43803	-0.487525	-0.50443	-0.462786	-0.353699	-0.184347	0.0287978	0.268181	0.506202	0.714922	0.868299	0.958119	0.984497	0.959576	0.886214	0.792942	0.727267	0.702611	0.70073	0.726105	0.783562	0.850734	0.887717	0.874792	0.805698	0.674042	0.476597	0.239002	-0.00143477	-0.224822	-0.411412	-0.544065	-0.621029	-0.65142	-0.655244	-0.656041	-0.652928	-0.644754	-0.632599	-0.61865	-0.601233	-0.577181	-0.544793	-0.509679	-0.480767	-0.456212	-0.431362	-0.407007	-0.377512	-0.339277	-0.297305	-0.24013	-0.155262	-0.0508503	0.0590236	0.154162	0.213486	0.230323	0.198962	0.128419	0.0391442	-0.0555216	-0.140995	-0.205008	-0.244631	-0.26504	-0.261882	-0.231513	-0.176031	-0.0948317	0	
0	0.0140518	0.0220167	0.0257301	0.037017	0.0617386	0.0878088	0.120628	0.180693	0.264257	0.340437	0.39293	0.426329	0.43471	0.414326	0.382281	0.354865	0.318649	0.258675	0.193759	0.136211	0.0821451	0.0298158	-0.0118582	-0.0463315	-0.0866304	-0.13868	-0.206567	-0.274431	-0.330272	-0.370705	-0.386299	-0.353699	-0.26103	-0.119836	0.0490533	0.230623	0.412825	0.582972	0.71423	0.798083	0.839132	0.840169	0.799739	0.752398	0.733681	0.746591	0.781643	0.838942	0.911843	0.980502	1.01195	0.994302	0.924372	0.784327	0.573791	0.324586	0.0674142	-0.178648	-0.387747	-0.539373	-0.63165	-0.673282	-0.687251	-0.68912	-0.685195	-0.683761	-0.684285	-0.68693	-0.689784	-0.675343	-0.639169	-0.594976	-0.545811	-0.501226	-0.459182	-0.414007	-0.357375	-0.290142	-0.2179	-0.129073	-0.0181536	0.102974	0.217886	0.319143	0.382924	0.395427	0.36167	0.286927	0.185821	0.0759988	-0.0298661	-0.11726	-0.175155	-0.213249	-0.225516	-0.200761	-0.152675	-0.0854409	0	
0	0.0217059	0.0401443	0.0516415	0.0584716	0.0720437	0.085857	0.113103	0.172575	0.264263	0.348307	0.402033	0.422845	0.412753	0.372984	0.318362	0.256297	0.17941	0.086721	-0.000888704	-0.0694599	-0.111045	-0.124933	-0.113374	-0.0889882	-0.0643989	-0.0575473	-0.0825464	-0.120502	-0.15548	-0.182615	-0.201129	-0.184347	-0.119836	-0.0233586	0.0851338	0.200389	0.323286	0.440117	0.52993	0.59895	0.646276	0.66899	0.668203	0.670668	0.693006	0.74272	0.814149	0.903351	1.00179	1.08994	1.12663	1.10995	1.03733	0.891723	0.675121	0.417981	0.1498	-0.106597	-0.326541	-0.488685	-0.591757	-0.650438	-0.673961	-0.679664	-0.677089	-0.676075	-0.684116	-0.701851	-0.717865	-0.711988	-0.678886	-0.625415	-0.565866	-0.513048	-0.460115	-0.398934	-0.320596	-0.231346	-0.132901	-0.0178803	0.108095	0.235614	0.354565	0.451707	0.505783	0.510802	0.473045	0.393894	0.273301	0.138608	0.0153661	-0.0917971	-0.167912	-0.208916	-0.217426	-0.195772	-0.149758	-0.0820082	0	
0	0.0230757	0.0486899	0.0700371	0.0830133	0.0971524	0.112715	0.142836	0.202413	0.289227	0.367542	0.412889	0.421241	0.396464	0.344106	0.267558	0.169168	0.0511717	-0.0694636	-0.173403	-0.242316	-0.262111	-0.23646	-0.181421	-0.106011	-0.0229097	0.0436708	0.073668	0.0831987	0.0776755	0.0602855	0.0350505	0.0287978	0.0490533	0.0851338	0.130148	0.189735	0.253767	0.305708	0.34559	0.386171	0.421021	0.452917	0.487607	0.535405	0.601313	0.693811	0.805827	0.93115	1.06228	1.16861	1.21936	1.21036	1.13116	0.979054	0.766041	0.513918	0.247144	-0.00890196	-0.231202	-0.397714	-0.513254	-0.584159	-0.618736	-0.629689	-0.626143	-0.621175	-0.625648	-0.644187	-0.666782	-0.670835	-0.646782	-0.602993	-0.550778	-0.503938	-0.449709	-0.377569	-0.285566	-0.177794	-0.0558555	0.0777363	0.21448	0.346703	0.462808	0.546	0.584427	0.582461	0.530794	0.431709	0.300333	0.153503	0.0129517	-0.109518	-0.199807	-0.24453	-0.252587	-0.234351	-0.178049	-0.0924305	0	
0	0.0226052	0.0515905	0.084907	0.112699	0.139385	0.163877	0.202625	0.262738	0.339284	0.402056	0.431262	0.423375	0.383286	0.315668	0.216148	0.0856155	-0.0601043	-0.196455	-0.304185	-0.365443	-0.362497	-0.307716	-0.220915	-0.107164	0.0249713	0.151675	0.250319	0.317548	0.341717	0.334423	0.304652	0.268181	0.230623	0.200389	0.189735	0.196756	0.201651	0.192458	0.181041	0.179466	0.184582	0.214231	0.265466	0.344242	0.455151	0.594938	0.748864	0.918787	1.08763	1.22108	1.28725	1.28032	1.19256	1.03877	0.829099	0.579967	0.321359	0.0750052	-0.134136	-0.290488	-0.406024	-0.479777	-0.520231	-0.539693	-0.534437	-0.519888	-0.513848	-0.522307	-0.545868	-0.557795	-0.549725	-0.527648	-0.493371	-0.462118	-0.411528	-0.334833	-0.240142	-0.125635	0.00315821	0.139431	0.280718	0.416721	0.533067	0.609017	0.635467	0.618009	0.544205	0.428736	0.288025	0.128152	-0.0300813	-0.16111	-0.255629	-0.315526	-0.329385	-0.299911	-0.229166	-0.122068	0	
0	0.0266253	0.06021	0.105682	0.152451	0.194436	0.227504	0.27351	0.334717	0.402782	0.446181	0.451876	0.417641	0.351973	0.259597	0.135039	-0.0117831	-0.164436	-0.296587	-0.39758	-0.446128	-0.428358	-0.355335	-0.244362	-0.0972205	0.080637	0.267245	0.432174	0.550132	0.602824	0.609808	0.576621	0.506202	0.412825	0.323286	0.253767	0.201651	0.151245	0.0904418	0.0317339	-0.0159152	-0.0398689	-0.027711	0.0196821	0.115455	0.260456	0.437572	0.640883	0.860396	1.06989	1.23431	1.31896	1.31055	1.21135	1.05395	0.847789	0.606193	0.358603	0.129983	-0.0614605	-0.197474	-0.295636	-0.354781	-0.389063	-0.408584	-0.396945	-0.374667	-0.357971	-0.357664	-0.381752	-0.399425	-0.402432	-0.396453	-0.377458	-0.357117	-0.317248	-0.25341	-0.173804	-0.0720836	0.0466967	0.17607	0.31822	0.453351	0.56458	0.632885	0.647969	0.618333	0.532957	0.405576	0.248784	0.0726945	-0.0963954	-0.235722	-0.337022	-0.399867	-0.410048	-0.366071	-0.278076	-0.153505	0	
0	0.0377689	0.0791492	0.133335	0.193317	0.243296	0.280344	0.326792	0.389337	0.449168	0.47432	0.449415	0.381146	0.282205	0.159472	0.0169702	-0.130159	-0.267986	-0.382858	-0.467215	-0.503661	-0.480735	-0.398696	-0.267814	-0.0892514	0.129464	0.364125	0.577994	0.735154	0.816539	0.840527	0.805534	0.714922	0.582972	0.440117	0.305708	0.192458	0.0904418	-0.0173358	-0.12262	-0.204154	-0.256761	-0.271246	-0.239581	-0.138995	0.0248269	0.236237	0.482483	0.746958	0.992439	1.18779	1.28917	1.28442	1.19249	1.03782	0.836767	0.606419	0.372409	0.164257	-0.00186908	-0.117452	-0.190205	-0.225869	-0.24159	-0.242675	-0.216507	-0.179466	-0.157657	-0.159786	-0.184653	-0.206879	-0.215214	-0.214335	-0.207431	-0.202619	-0.183909	-0.147882	-0.0948781	-0.0144725	0.0867962	0.205554	0.342994	0.474593	0.578381	0.636678	0.646384	0.603371	0.506471	0.370163	0.194419	0.00652196	-0.171329	-0.321288	-0.426259	-0.480307	-0.475553	-0.421401	-0.3172	-0.170493	0	
0	0.0567359	0.110457	0.171208	0.233229	0.285297	0.320508	0.363957	0.417431	0.463975	0.464175	0.406126	0.304464	0.176334	0.032886	-0.119435	-0.255797	-0.374622	-0.46536	-0.526827	-0.549338	-0.521897	-0.434597	-0.286162	-0.0858586	0.160641	0.422965	0.663669	0.845574	0.950974	0.989902	0.962958	0.868299	0.71423	0.52993	0.34559	0.181041	0.0317339	-0.12262	-0.260842	-0.375072	-0.461804	-0.511406	-0.500378	-0.406658	-0.2345	0.00369074	0.286176	0.581984	0.864689	1.09241	1.21601	1.23268	1.15845	1.0132	0.821149	0.605479	0.389998	0.205249	0.0581814	-0.038733	-0.0849525	-0.100411	-0.0939338	-0.0657537	-0.0187062	0.0354583	0.0683486	0.068331	0.04402	0.0206978	0.00478953	-0.00693566	-0.0199991	-0.0338064	-0.040806	-0.0335849	0.000776917	0.0552892	0.134677	0.242927	0.369419	0.492004	0.590372	0.645682	0.652022	0.603173	0.497514	0.348261	0.158268	-0.0474254	-0.240118	-0.397125	-0.506539	-0.55162	-0.537744	-0.477931	-0.353319	-0.186501	0	
0	0.0766646	0.147226	0.212467	0.273906	0.322007	0.357455	0.386794	0.418021	0.431556	0.399568	0.309478	0.186621	0.0489763	-0.0974105	-0.245792	-0.373769	-0.477958	-0.547519	-0.583492	-0.585526	-0.548691	-0.452067	-0.295863	-0.0862082	0.169938	0.439896	0.683773	0.877085	1.00129	1.06006	1.04651	0.958119	0.798083	0.59895	0.386171	0.179466	-0.0159152	-0.204154	-0.375072	-0.525716	-0.652924	-0.73447	-0.743087	-0.659827	-0.481952	-0.225664	0.0743755	0.394562	0.711468	0.966352	1.12469	1.17672	1.12814	1.00064	0.823485	0.624326	0.431491	0.262674	0.129673	0.0466381	0.0105171	0.016642	0.048452	0.104354	0.177544	0.249022	0.290133	0.296578	0.279778	0.256828	0.233415	0.204265	0.168057	0.127202	0.0948638	0.0850209	0.100178	0.13727	0.201315	0.295584	0.412112	0.524665	0.62512	0.683845	0.68624	0.640319	0.528622	0.36168	0.156212	-0.0689896	-0.279903	-0.444228	-0.558693	-0.613994	-0.600613	-0.529052	-0.392781	-0.208287	0	
0	0.0899505	0.17583	0.251997	0.313358	0.361447	0.3895	0.395902	0.38287	0.348711	0.27639	0.161727	0.032517	-0.0955458	-0.224154	-0.357639	-0.476942	-0.572474	-0.62692	-0.638747	-0.617819	-0.56178	-0.453974	-0.29412	-0.0845184	0.166979	0.423074	0.651415	0.844072	0.985236	1.05873	1.06001	0.984497	0.839132	0.646276	0.421021	0.184582	-0.0398689	-0.256761	-0.461804	-0.652924	-0.813436	-0.916837	-0.940368	-0.864758	-0.684599	-0.42759	-0.119857	0.220248	0.560796	0.843798	1.03393	1.12787	1.11394	1.0075	0.846217	0.664741	0.488459	0.331847	0.211367	0.144613	0.120761	0.137712	0.18363	0.252847	0.338806	0.419353	0.475672	0.500927	0.495104	0.476837	0.444296	0.390241	0.331191	0.27171	0.226882	0.211291	0.218746	0.243107	0.28999	0.370473	0.474696	0.58116	0.683757	0.747492	0.756605	0.715792	0.602266	0.424816	0.205861	-0.0355322	-0.265099	-0.448365	-0.576745	-0.644301	-0.635013	-0.559508	-0.423919	-0.228244	0	
0	0.0918533	0.189855	0.279081	0.34702	0.390537	0.40237	0.370669	0.304288	0.217104	0.107017	-0.0230887	-0.150276	-0.255839	-0.354113	-0.456942	-0.557779	-0.639582	-0.680543	-0.675768	-0.632371	-0.556707	-0.436549	-0.275772	-0.0744487	0.155481	0.377257	0.57764	0.75973	0.906668	0.990746	1.01011	0.959576	0.840169	0.66899	0.452917	0.214231	-0.027711	-0.271246	-0.511406	-0.73447	-0.916837	-1.03556	-1.0646	-0.99208	-0.818087	-0.567663	-0.261813	0.0858838	0.434905	0.736443	0.959682	1.08878	1.1094	1.0331	0.893585	0.725211	0.558171	0.413095	0.305897	0.25283	0.239886	0.258321	0.308109	0.377403	0.461913	0.547372	0.613762	0.650686	0.661941	0.649714	0.611671	0.550643	0.474657	0.403218	0.353158	0.332301	0.333669	0.350653	0.388529	0.46183	0.557623	0.660318	0.768704	0.839477	0.858662	0.829804	0.725508	0.545575	0.317204	0.0635059	-0.186733	-0.392476	-0.539999	-0.623928	-0.631832	-0.569365	-0.43438	-0.232345	0	
