0.000000000000000000e+00 0.000000000000000000e+00 0.000000000000000000e+00 0.000000000000000000e+00 0.000000000000000000e+00 0.000000000000000000e+00 0.000000000000000000e+00 0.000000000000000000e+00 0.000000000000000000e+00 0.000000000000000000e+00 0.000000000000000000e+00 0.000000000000000000e+00 0.000000000000000000e+00 0.000000000000000000e+00 0.000000000000000000e+00 0.000000000000000000e+00 0.000000000000000000e+00 0.000000000000000000e+00 0.000000000000000000e+00 0.000000000000000000e+00 0.000000000000000000e+00 0.000000000000000000e+00 0.000000000000000000e+00 0.000000000000000000e+00 0.000000000000000000e+00 0.000000000000000000e+00 0.000000000000000000e+00 0.000000000000000000e+00 0.000000000000000000e+00 0.000000000000000000e+00 0.000000000000000000e+00 0.000000000000000000e+00 0.000000000000000000e+00 0.000000000000000000e+00 0.000000000000000000e+00 0.000000000000000000e+00 0.000000000000000000e+00 0.000000000000000000e+00 0.000000000000000000e+00 0.000000000000000000e+00 0.000000000000000000e+00 0.000000000000000000e+00 0.000000000000000000e+00 0.000000000000000000e+00 0.000000000000000000e+00 0.000000000000000000e+00 0.000000000000000000e+00 0.000000000000000000e+00 0.000000000000000000e+00 0.000000000000000000e+00 0.000000000000000000e+00 0.000000000000000000e+00 0.000000000000000000e+00 0.000000000000000000e+00 0.000000000000000000e+00 0.000000000000000000e+00 0.000000000000000000e+00 0.000000000000000000e+00 0.000000000000000000e+00 0.000000000000000000e+00 0.000000000000000000e+00 0.000000000000000000e+00 0.000000000000000000e+00 0.000000000000000000e+00 0.000000000000000000e+00 0.000000000000000000e+00 0.000000000000000000e+00 0.000000000000000000e+00 0.000000000000000000e+00 0.000000000000000000e+00 0.000000000000000000e+00 0.000000000000000000e+00 0.000000000000000000e+00 0.000000000000000000e+00 0.000000000000000000e+00 0.000000000000000000e+00 0.000000000000000000e+00 0.000000000000000000e+00 0.000000000000000000e+00 0.000000000000000000e+00 0.000000000000000000e+00 0.000000000000000000e+00 0.000000000000000000e+00 0.000000000000000000e+00 0.000000000000000000e+00 0.000000000000000000e+00 0.000000000000000000e+00 0.000000000000000000e+00 0.000000000000000000e+00 0.000000000000000000e+00 0.000000000000000000e+00 0.000000000000000000e+00 0.000000000000000000e+00 0.000000000000000000e+00 0.000000000000000000e+00 0.000000000000000000e+00 0.000000000000000000e+00 0.000000000000000000e+00 0.000000000000000000e+00 0.000000000000000000e+00
0.000000000000000000e+00 1.206879999999999932e-02 -3.705369999999999931e-03 -2.575959999999999969e-03 5.452489999999999941e-03 1.278119999999999994e-03 -7.224519999999999900e-03 -1.499799999999999918e-03 2.526120000000000188e-03 -1.512250000000000053e-02 7.266990000000000298e-04 7.274609999999999931e-03 -2.907100000000000135e-03 -2.681869999999999827e-03 -1.994940000000000168e-03 5.627300000000000010e-03 4.491069999999999784e-03 -7.065550000000000302e-03 -1.332269999999999982e-02 -7.875500000000000339e-04 3.409189999999999877e-03 1.077910000000000066e-03 -1.436690000000000016e-02 -1.972969999999999932e-02 -2.366969999999999838e-02 -3.780449999999999870e-03 9.551089999999999927e-03 7.437540000000000297e-03 -1.392900000000000041e-02 -4.014059999999999850e-02 -6.878449999999999842e-02 -9.390759999999999386e-02 -9.236819999999999753e-02 -7.149099999999999899e-02 -3.013460000000000097e-02 8.073379999999999793e-03 6.174369999999999858e-02 1.121439999999999937e-01 1.562800000000000022e-01 1.769350000000000089e-01 1.746810000000000029e-01 1.665030000000000121e-01 1.442759999999999876e-01 1.119150000000000006e-01 6.386540000000000272e-02 -1.711349999999999937e-03 -5.413359999999999700e-02 -9.660140000000000393e-02 -1.144789999999999974e-01 -1.033209999999999962e-01 -9.195480000000000320e-02 -6.619590000000000196e-02 -4.163089999999999846e-02 -3.051270000000000024e-02 -1.379919999999999931e-02 -8.562539999999999778e-04 -2.133139999999999949e-03 1.826219999999999927e-03 9.492590000000000403e-03 -3.913039999999999574e-03 -1.004780000000000083e-02 5.296239999999999802e-03 8.327239999999999642e-03 -1.702630000000000061e-04 8.221809999999999535e-04 5.618899999999999589e-03 -4.298120000000000109e-04 -2.435539999999999927e-03 8.012359999999999621e-03 6.123980000000000222e-03 -3.261560000000000153e-03 7.126390000000000459e-04 7.211500000000000028e-03 6.868410000000000140e-03 1.568729999999999951e-03 -3.268919999999999812e-03 4.320550000000000258e-03 1.450060000000000064e-02 7.916640000000000829e-03 -3.565089999999999926e-03 -2.745459999999999914e-03 5.717999999999999992e-03 1.520460000000000041e-02 1.809459999999999888e-02 2.085580000000000073e-03 -2.593960000000000016e-02 -4.400930000000000120e-02 -4.767740000000000172e-02 -4.667210000000000109e-02 -4.130640000000000006e-02 -2.888730000000000117e-02 -1.621300000000000172e-02 -6.738489999999999758e-03 7.557129999999999577e-03 2.840559999999999960e-02 4.073190000000000144e-02 3.179019999999999763e-02 1.071569999999999988e-02 -1.931619999999999995e-03 0.000000000000000000e+00
0.000000000000000000e+00 -3.705369999999999931e-03 -7.743370000000000287e-03 -2.195519999999999945e-05 2.738140000000000018e-03 -3.610420000000000035e-03 -5.373969999999999615e-03 6.170150000000000114e-03 4.830420000000000200e-03 -1.018580000000000006e-02 9.557269999999999655e-04 1.594120000000000086e-03 -7.322849999999999672e-03 -1.266360000000000055e-02 -1.028669999999999932e-02 3.902159999999999787e-04 2.084309999999999809e-03 -1.731080000000000119e-02 -2.145249999999999935e-02 -4.063070000000000223e-03 1.032199999999999958e-02 -3.507639999999999912e-04 -1.961649999999999852e-02 -3.497460000000000152e-02 -3.373439999999999772e-02 -2.962339999999999939e-03 2.440480000000000080e-02 1.516990000000000005e-02 -2.266050000000000009e-02 -7.597399999999999987e-02 -1.299289999999999889e-01 -1.762330000000000008e-01 -1.735349999999999948e-01 -1.289589999999999903e-01 -5.330089999999999828e-02 3.017519999999999925e-02 1.286690000000000056e-01 2.338520000000000043e-01 3.132960000000000189e-01 3.551000000000000267e-01 3.506759999999999877e-01 3.285790000000000100e-01 2.853829999999999978e-01 2.147459999999999924e-01 1.150729999999999947e-01 -9.076660000000000283e-03 -1.206369999999999942e-01 -1.960969999999999935e-01 -2.279660000000000020e-01 -2.098200000000000065e-01 -1.719100000000000072e-01 -1.245409999999999989e-01 -7.714369999999999561e-02 -4.745970000000000050e-02 -2.739859999999999865e-02 -1.046839999999999923e-02 -9.248279999999999348e-03 -7.064609999999999813e-03 3.910639999999999949e-03 2.039280000000000086e-03 6.843720000000000185e-03 1.059640000000000061e-02 -2.752039999999999760e-04 -2.069619999999999880e-03 3.769100000000000054e-03 9.294540000000000440e-03 4.855639999999999609e-03 -9.725310000000000031e-04 9.181879999999999903e-03 9.327610000000000068e-03 -1.830220000000000024e-03 3.088989999999999791e-03 1.258920000000000004e-02 1.200460000000000069e-02 3.092769999999999894e-03 -3.631039999999999875e-03 9.831499999999999961e-03 2.560509999999999869e-02 1.378270000000000016e-02 -4.954079999999999595e-03 -2.725060000000000069e-03 1.262659999999999998e-02 2.902669999999999903e-02 3.204309999999999797e-02 1.392559999999999935e-03 -4.968600000000000100e-02 -8.326350000000000418e-02 -9.136819999999999664e-02 -9.000229999999999342e-02 -8.003029999999999866e-02 -5.781549999999999884e-02 -3.508060000000000345e-02 -1.679690000000000003e-02 1.126270000000000049e-02 5.092420000000000280e-02 7.426339999999999331e-02 5.841749999999999721e-02 2.022089999999999999e-02 -2.996889999999999884e-03 0.000000000000000000e+00
0.000000000000000000e+00 -2.575959999999999969e-03 -2.195519999999999945e-05 5.617869999999999635e-03 -3.633949999999999941e-03 -9.145540000000000613e-03 -1.305160000000000087e-03 4.634459999999999968e-03 -3.429090000000000089e-03 -1.151079999999999985e-02 -2.916359999999999786e-03 7.897509999999999947e-04 -4.195960000000000314e-03 -1.493500000000000036e-02 -8.025219999999999576e-03 2.142409999999999974e-03 -2.676210000000000047e-03 -1.867629999999999985e-02 -2.564630000000000035e-02 -5.209599999999999995e-03 8.296019999999999436e-03 -9.066249999999999656e-03 -2.885619999999999852e-02 -5.109980000000000078e-02 -4.304639999999999855e-02 -7.048060000000000089e-03 2.380600000000000077e-02 9.559700000000000836e-03 -4.662779999999999703e-02 -1.189069999999999988e-01 -1.993000000000000049e-01 -2.545569999999999777e-01 -2.528900000000000037e-01 -1.826490000000000058e-01 -7.733120000000000271e-02 5.182620000000000282e-02 1.951610000000000011e-01 3.474499999999999811e-01 4.629030000000000089e-01 5.206349999999999589e-01 5.211419999999999941e-01 4.846059999999999812e-01 4.215809999999999835e-01 3.153750000000000164e-01 1.644259999999999888e-01 -9.957370000000000110e-03 -1.775650000000000006e-01 -2.843229999999999924e-01 -3.311979999999999924e-01 -3.121240000000000125e-01 -2.559750000000000081e-01 -1.871140000000000025e-01 -1.256170000000000064e-01 -7.229069999999999940e-02 -4.003439999999999777e-02 -2.199109999999999954e-02 -3.762450000000000083e-03 -1.160779999999999928e-03 1.462430000000000023e-03 4.205760000000000227e-03 6.505430000000000414e-03 5.924600000000000352e-03 2.081019999999999940e-05 5.139119999999999626e-03 1.160510000000000014e-02 9.723439999999999861e-03 1.898210000000000001e-03 9.629060000000000267e-04 1.385519999999999981e-02 1.279929999999999957e-02 8.011010000000000266e-04 5.931640000000000176e-03 1.579590000000000161e-02 1.459180000000000026e-02 5.809289999999999940e-03 1.328650000000000013e-03 1.596710000000000143e-02 3.039410000000000028e-02 1.701640000000000097e-02 -1.987839999999999833e-03 2.012420000000000007e-03 2.113980000000000026e-02 3.980960000000000054e-02 3.861269999999999980e-02 -3.619999999999999954e-03 -6.897280000000000078e-02 -1.137110000000000065e-01 -1.275129999999999875e-01 -1.270149999999999890e-01 -1.142380000000000062e-01 -8.717769999999999686e-02 -5.898049999999999821e-02 -3.311530000000000029e-02 7.437430000000000083e-03 6.200359999999999899e-02 9.404840000000000422e-02 7.518900000000000583e-02 2.718869999999999967e-02 -2.690199999999999796e-03 0.000000000000000000e+00
0.000000000000000000e+00 5.452489999999999941e-03 2.738140000000000018e-03 -3.633949999999999941e-03 -4.523909999999999910e-03 -2.637779999999999942e-04 -6.418949999999999656e-04 -1.007390000000000022e-02 -1.053519999999999977e-02 -1.194310000000000076e-03 -3.775960000000000080e-03 -3.648549999999999970e-03 -6.194680000000000152e-03 -9.544030000000000222e-03 -4.546920000000000302e-03 -3.089450000000000095e-03 -1.056069999999999925e-02 -2.067360000000000031e-02 -2.440399999999999861e-02 -9.363740000000000605e-03 -4.950069999999999991e-03 -2.091319999999999985e-02 -4.126880000000000132e-02 -6.014069999999999833e-02 -4.694920000000000343e-02 -1.286960000000000014e-02 1.291669999999999971e-02 -9.169599999999999973e-03 -7.774230000000000029e-02 -1.672349999999999948e-01 -2.644790000000000196e-01 -3.224810000000000176e-01 -3.161999999999999811e-01 -2.252830000000000110e-01 -9.044839999999999824e-02 8.050400000000000611e-02 2.683769999999999767e-01 4.580969999999999764e-01 6.050010000000000110e-01 6.763730000000000020e-01 6.813379999999999992e-01 6.329820000000000446e-01 5.441939999999999555e-01 4.032660000000000133e-01 2.035399999999999987e-01 -1.877619999999999983e-02 -2.285880000000000134e-01 -3.683690000000000020e-01 -4.235780000000000101e-01 -4.050110000000000099e-01 -3.342399999999999816e-01 -2.473499999999999865e-01 -1.687990000000000046e-01 -1.010979999999999934e-01 -5.598890000000000117e-02 -2.864859999999999976e-02 -6.413030000000000119e-03 8.248349999999999996e-04 3.933670000000000222e-03 6.774569999999999724e-03 2.919039999999999916e-03 2.703520000000000055e-03 1.004219999999999939e-02 1.362939999999999985e-02 6.288020000000000068e-03 2.947669999999999891e-03 1.003099999999999999e-02 1.348949999999999975e-02 1.075429999999999962e-02 7.615120000000000396e-03 8.791349999999999859e-03 1.419100000000000049e-02 1.571490000000000040e-02 1.300059999999999931e-02 1.067790000000000059e-02 1.195369999999999940e-02 2.145390000000000144e-02 2.841439999999999938e-02 1.859569999999999973e-02 6.494050000000000343e-03 1.206740000000000070e-02 3.067949999999999844e-02 4.568930000000000213e-02 3.626329999999999831e-02 -1.246509999999999979e-02 -8.154039999999999899e-02 -1.325280000000000069e-01 -1.533440000000000081e-01 -1.555140000000000133e-01 -1.431900000000000117e-01 -1.179270000000000040e-01 -8.977649999999999519e-02 -5.799649999999999944e-02 -7.269379999999999765e-03 5.680430000000000201e-02 9.482630000000000225e-02 7.829529999999999823e-02 3.006920000000000079e-02 -1.171409999999999899e-03 0.000000000000000000e+00
0.000000000000000000e+00 1.278119999999999994e-03 -3.610420000000000035e-03 -9.145540000000000613e-03 -2.637779999999999942e-04 4.981099999999999590e-03 -1.760779999999999984e-03 -1.025200000000000070e-02 -6.248140000000000117e-03 3.625649999999999793e-03 -1.224519999999999949e-02 -1.561730000000000063e-02 -1.178640000000000070e-02 -7.381519999999999922e-03 -1.017859999999999945e-02 -1.691310000000000036e-02 -1.725840000000000013e-02 -1.864410000000000026e-02 -1.335850000000000058e-02 -1.343379999999999921e-02 -1.657060000000000130e-02 -2.645250000000000032e-02 -4.438280000000000003e-02 -5.240580000000000238e-02 -3.810859999999999942e-02 -1.493000000000000056e-02 -1.944009999999999922e-03 -3.577020000000000199e-02 -1.091990000000000044e-01 -2.153249999999999886e-01 -3.144549999999999845e-01 -3.717329999999999801e-01 -3.519479999999999831e-01 -2.472429999999999906e-01 -8.154799999999999549e-02 1.272570000000000090e-01 3.556259999999999977e-01 5.754110000000000058e-01 7.448090000000000543e-01 8.299109999999999543e-01 8.366770000000000040e-01 7.754950000000000454e-01 6.568730000000000402e-01 4.750340000000000118e-01 2.311380000000000101e-01 -3.903960000000000069e-02 -2.815540000000000265e-01 -4.518739999999999979e-01 -5.134630000000000027e-01 -4.943529999999999869e-01 -4.076310000000000211e-01 -3.045039999999999969e-01 -2.035180000000000045e-01 -1.234529999999999933e-01 -6.952469999999999484e-02 -3.198770000000000086e-02 -1.380340000000000039e-02 -4.042379999999999932e-03 9.286879999999999961e-04 8.183809999999999696e-03 7.380199999999999955e-03 5.679280000000000092e-03 1.454219999999999992e-02 1.362909999999999990e-02 4.100350000000000002e-03 6.201690000000000154e-03 1.812619999999999856e-02 1.664780000000000079e-02 5.164760000000000011e-03 9.711670000000000372e-03 2.019699999999999968e-02 1.803770000000000026e-02 1.272129999999999962e-02 1.320810000000000040e-02 1.861130000000000076e-02 2.407230000000000134e-02 2.438270000000000021e-02 2.239119999999999999e-02 2.093389999999999834e-02 2.027199999999999835e-02 2.633999999999999883e-02 3.955899999999999694e-02 4.511799999999999838e-02 2.583399999999999933e-02 -2.253279999999999866e-02 -8.545239999999999780e-02 -1.383659999999999890e-01 -1.671590000000000020e-01 -1.745389999999999997e-01 -1.676650000000000085e-01 -1.515479999999999883e-01 -1.286720000000000086e-01 -9.305019999999999958e-02 -3.573429999999999662e-02 3.164120000000000127e-02 7.318180000000000518e-02 6.511369999999999658e-02 2.702150000000000038e-02 5.481830000000000470e-04 0.000000000000000000e+00
0.000000000000000000e+00 -7.224519999999999900e-03 -5.373969999999999615e-03 -1.305160000000000087e-03 -6.418949999999999656e-04 -1.760779999999999984e-03 -9.650709999999999844e-03 -7.031579999999999948e-03 1.479789999999999925e-03 -7.490840000000000129e-04 -1.575400000000000064e-02 -1.681890000000000121e-02 -6.374369999999999863e-03 -7.407060000000000033e-03 -1.441319999999999928e-02 -2.760900000000000160e-02 -2.445949999999999860e-02 -1.333419999999999918e-02 -1.214379999999999973e-02 -2.627260000000000012e-02 -3.657930000000000209e-02 -3.982619999999999910e-02 -4.914149999999999768e-02 -4.522799999999999737e-02 -3.474909999999999805e-02 -2.826889999999999958e-02 -3.706899999999999779e-02 -7.760949999999999793e-02 -1.571809999999999874e-01 -2.671629999999999838e-01 -3.611539999999999750e-01 -4.068169999999999842e-01 -3.723759999999999848e-01 -2.556539999999999924e-01 -6.150690000000000324e-02 1.803140000000000021e-01 4.418630000000000058e-01 6.827459999999999640e-01 8.666049999999999587e-01 9.647160000000000180e-01 9.719600000000000461e-01 8.980770000000000142e-01 7.488249999999999629e-01 5.277410000000000156e-01 2.460799999999999932e-01 -5.812139999999999668e-02 -3.286789999999999989e-01 -5.148700000000000498e-01 -5.897069999999999812e-01 -5.675750000000000517e-01 -4.745019999999999794e-01 -3.582460000000000089e-01 -2.425170000000000103e-01 -1.512169999999999903e-01 -8.337880000000000291e-02 -4.533360000000000167e-02 -1.923510000000000150e-02 -2.950819999999999832e-03 -2.049519999999999988e-03 1.053819999999999930e-02 1.335259999999999919e-02 1.158250000000000078e-02 1.307310000000000069e-02 6.264610000000000317e-03 9.732100000000000473e-03 1.720170000000000032e-02 1.870549999999999990e-02 1.283210000000000080e-02 6.282000000000000257e-03 1.824649999999999883e-02 2.730089999999999947e-02 1.690490000000000048e-02 1.122979999999999985e-02 1.738889999999999880e-02 2.825859999999999830e-02 3.397700000000000026e-02 2.395349999999999910e-02 1.636519999999999989e-02 2.674150000000000138e-02 3.791379999999999750e-02 4.207400000000000029e-02 4.531870000000000342e-02 3.781269999999999770e-02 1.080350000000000060e-02 -2.978789999999999910e-02 -7.952030000000000209e-02 -1.312949999999999950e-01 -1.685629999999999906e-01 -1.847969999999999891e-01 -1.899669999999999970e-01 -1.898080000000000045e-01 -1.762180000000000135e-01 -1.393349999999999866e-01 -8.018820000000000114e-02 -1.554119999999999981e-02 2.795390000000000028e-02 3.436759999999999815e-02 1.593079999999999843e-02 6.055210000000000323e-04 0.000000000000000000e+00
0.000000000000000000e+00 -1.499799999999999918e-03 6.170150000000000114e-03 4.634459999999999968e-03 -1.007390000000000022e-02 -1.025200000000000070e-02 -7.031579999999999948e-03 -1.188499999999999973e-02 -5.534200000000000404e-03 -4.532089999999999903e-03 -1.507789999999999998e-02 -1.168469999999999925e-02 -3.119059999999999888e-03 -6.190750000000000072e-03 -1.761909999999999865e-02 -3.126369999999999844e-02 -2.498979999999999951e-02 -8.838830000000000645e-03 -1.763829999999999912e-02 -4.281340000000000146e-02 -5.587380000000000124e-02 -5.374620000000000092e-02 -4.940220000000000028e-02 -3.869310000000000110e-02 -3.669759999999999689e-02 -5.434909999999999741e-02 -8.552640000000000242e-02 -1.327069999999999916e-01 -2.154649999999999899e-01 -3.177099999999999924e-01 -3.985190000000000121e-01 -4.228270000000000084e-01 -3.755000000000000004e-01 -2.434000000000000052e-01 -2.699290000000000023e-02 2.450799999999999923e-01 5.287830000000000030e-01 7.835530000000000550e-01 9.760539999999999772e-01 1.084319999999999951e+00 1.091429999999999900e+00 1.002879999999999994e+00 8.212409999999999988e-01 5.650020000000000042e-01 2.501470000000000082e-01 -7.684889999999999777e-02 -3.658569999999999878e-01 -5.648459999999999592e-01 -6.489150000000000196e-01 -6.290850000000000053e-01 -5.356980000000000075e-01 -4.096069999999999989e-01 -2.861480000000000135e-01 -1.842850000000000044e-01 -1.039910000000000001e-01 -5.618179999999999702e-02 -2.260140000000000066e-02 4.906259999999999745e-04 5.652459999999999776e-03 9.914980000000000321e-03 1.154510000000000085e-02 1.167190000000000068e-02 9.498400000000000593e-03 1.206639999999999970e-02 1.981760000000000119e-02 1.590489999999999959e-02 1.559699999999999975e-02 1.748450000000000004e-02 1.290950000000000084e-02 2.177990000000000134e-02 2.810589999999999963e-02 1.778700000000000073e-02 1.468440000000000023e-02 2.390799999999999870e-02 3.653939999999999966e-02 3.880419999999999703e-02 2.177099999999999869e-02 1.551849999999999931e-02 3.749029999999999724e-02 5.608439999999999953e-02 5.543370000000000242e-02 4.608109999999999984e-02 2.574069999999999830e-02 -3.322069999999999884e-03 -3.003499999999999920e-02 -6.357530000000000125e-02 -1.125560000000000033e-01 -1.587379999999999902e-01 -1.889079999999999926e-01 -2.135330000000000006e-01 -2.343889999999999862e-01 -2.325240000000000085e-01 -1.976019999999999999e-01 -1.419739999999999891e-01 -8.474769999999999526e-02 -3.960969999999999769e-02 -1.386579999999999931e-02 -5.423510000000000310e-03 -3.474430000000000140e-03 0.000000000000000000e+00
0.000000000000000000e+00 2.526120000000000188e-03 4.830420000000000200e-03 -3.429090000000000089e-03 -1.053519999999999977e-02 -6.248140000000000117e-03 1.479789999999999925e-03 -5.534200000000000404e-03 -1.094200000000000034e-02 -1.819389999999999896e-02 -1.844130000000000075e-02 -1.117270000000000069e-02 -1.367879999999999964e-02 -1.499080000000000031e-02 -2.808389999999999845e-02 -2.910810000000000133e-02 -1.910480000000000164e-02 -7.746219999999999842e-03 -2.210260000000000002e-02 -5.032799999999999774e-02 -6.192099999999999688e-02 -5.146200000000000080e-02 -3.843250000000000138e-02 -2.445369999999999835e-02 -4.222150000000000208e-02 -8.346889999999999865e-02 -1.366930000000000089e-01 -1.911380000000000023e-01 -2.705759999999999832e-01 -3.567750000000000088e-01 -4.124840000000000173e-01 -4.141279999999999961e-01 -3.488370000000000082e-01 -2.033880000000000132e-01 3.589629999999999904e-02 3.265299999999999869e-01 6.273710000000000120e-01 8.841480000000000450e-01 1.085050000000000070e+00 1.195770000000000000e+00 1.201940000000000008e+00 1.092619999999999925e+00 8.787509999999999488e-01 5.857580000000000009e-01 2.465539999999999954e-01 -1.032850000000000018e-01 -3.993349999999999955e-01 -6.137960000000000083e-01 -7.055630000000000512e-01 -6.880789999999999962e-01 -5.964580000000000437e-01 -4.585420000000000051e-01 -3.229259999999999908e-01 -2.073480000000000045e-01 -1.199149999999999938e-01 -5.879290000000000210e-02 -2.651279999999999956e-02 -5.620520000000000377e-03 7.293439999999999993e-03 7.171809999999999817e-03 9.727700000000000582e-03 1.067279999999999965e-02 1.277919999999999924e-02 2.304159999999999889e-02 2.412030000000000077e-02 1.423460000000000003e-02 1.271730000000000083e-02 1.912109999999999851e-02 2.414689999999999892e-02 2.711059999999999859e-02 2.320650000000000143e-02 1.845650000000000068e-02 2.396289999999999878e-02 3.353110000000000118e-02 4.023820000000000174e-02 3.660700000000000065e-02 2.212810000000000124e-02 2.433290000000000106e-02 5.164010000000000128e-02 7.012129999999999752e-02 6.318390000000000117e-02 4.192590000000000205e-02 1.325310000000000030e-02 -1.035149999999999959e-02 -2.014350000000000168e-02 -3.847289999999999738e-02 -8.437509999999999455e-02 -1.407090000000000007e-01 -1.912830000000000086e-01 -2.422330000000000039e-01 -2.866049999999999986e-01 -2.976199999999999957e-01 -2.684819999999999984e-01 -2.212220000000000020e-01 -1.737009999999999943e-01 -1.260330000000000061e-01 -7.826769999999999561e-02 -3.899969999999999826e-02 -1.428480000000000028e-02 0.000000000000000000e+00
0.000000000000000000e+00 -1.512250000000000053e-02 -1.018580000000000006e-02 -1.151079999999999985e-02 -1.194310000000000076e-03 3.625649999999999793e-03 -7.490840000000000129e-04 -4.532089999999999903e-03 -1.819389999999999896e-02 -1.768449999999999883e-02 -4.363709999999999811e-03 -1.205969999999999959e-02 -2.565370000000000150e-02 -2.748820000000000083e-02 -3.060159999999999964e-02 -2.597810000000000050e-02 -2.140260000000000079e-02 -2.451839999999999922e-02 -3.892749999999999683e-02 -6.312629999999999630e-02 -6.784579999999999778e-02 -5.262479999999999936e-02 -3.247400000000000286e-02 -2.686380000000000018e-02 -6.484710000000000474e-02 -1.269260000000000110e-01 -1.962039999999999895e-01 -2.566999999999999837e-01 -3.240770000000000040e-01 -3.847360000000000224e-01 -4.077990000000000226e-01 -3.862039999999999917e-01 -3.004080000000000084e-01 -1.412329999999999974e-01 1.141169999999999962e-01 4.143240000000000256e-01 7.177080000000000126e-01 9.736939999999999484e-01 1.172579999999999956e+00 1.284010000000000096e+00 1.281320000000000014e+00 1.148989999999999956e+00 9.064459999999999740e-01 5.824559999999999738e-01 2.285629999999999884e-01 -1.280719999999999914e-01 -4.287630000000000052e-01 -6.436239999999999739e-01 -7.450599999999999445e-01 -7.325599999999999890e-01 -6.401860000000000328e-01 -5.013929999999999776e-01 -3.566179999999999906e-01 -2.300760000000000027e-01 -1.366030000000000022e-01 -7.046090000000000686e-02 -3.536299999999999860e-02 -1.244720000000000028e-02 -1.508629999999999954e-03 4.721160000000000287e-03 1.939379999999999923e-02 2.176060000000000147e-02 2.161189999999999986e-02 2.050630000000000161e-02 1.454809999999999957e-02 1.490840000000000047e-02 1.889390000000000167e-02 2.918240000000000070e-02 3.311050000000000104e-02 2.104740000000000083e-02 1.774509999999999976e-02 2.889459999999999945e-02 3.709540000000000060e-02 3.869550000000000073e-02 3.707130000000000147e-02 3.291560000000000319e-02 3.083249999999999880e-02 4.165329999999999727e-02 6.427420000000000355e-02 7.675129999999999453e-02 6.446770000000000278e-02 3.528719999999999773e-02 6.272289999999999810e-03 -4.946429999999999924e-03 1.170449999999999963e-03 -5.958970000000000065e-03 -5.000759999999999927e-02 -1.194459999999999966e-01 -1.974879999999999969e-01 -2.795590000000000019e-01 -3.473640000000000061e-01 -3.718589999999999951e-01 -3.524249999999999883e-01 -3.164989999999999748e-01 -2.779469999999999996e-01 -2.261420000000000097e-01 -1.564359999999999917e-01 -8.592080000000000550e-02 -3.384519999999999890e-02 0.000000000000000000e+00
0.000000000000000000e+00 7.266990000000000298e-04 9.557269999999999655e-04 -2.916359999999999786e-03 -3.775960000000000080e-03 -1.224519999999999949e-02 -1.575400000000000064e-02 -1.507789999999999998e-02 -1.844130000000000075e-02 -4.363709999999999811e-03 2.540189999999999896e-03 -1.814829999999999915e-02 -2.940260000000000096e-02 -2.522929999999999964e-02 -2.183300000000000171e-02 -2.046080000000000121e-02 -3.052329999999999974e-02 -4.511400000000000132e-02 -5.696890000000000287e-02 -6.918970000000000675e-02 -6.902429999999999677e-02 -5.420479999999999743e-02 -3.517669999999999825e-02 -5.066579999999999695e-02 -1.044069999999999998e-01 -1.844840000000000091e-01 -2.631089999999999818e-01 -3.264409999999999812e-01 -3.739990000000000259e-01 -3.989380000000000148e-01 -3.905810000000000115e-01 -3.399220000000000019e-01 -2.372180000000000122e-01 -5.772050000000000097e-02 2.000240000000000073e-01 5.045680000000000165e-01 7.974020000000000552e-01 1.051120000000000054e+00 1.242830000000000101e+00 1.349350000000000049e+00 1.333800000000000097e+00 1.178719999999999990e+00 9.108540000000000525e-01 5.694759999999999822e-01 2.058969999999999967e-01 -1.435019999999999907e-01 -4.434549999999999881e-01 -6.570770000000000222e-01 -7.640460000000000029e-01 -7.629099999999999770e-01 -6.758920000000000483e-01 -5.404560000000000475e-01 -3.956770000000000009e-01 -2.650569999999999871e-01 -1.633789999999999965e-01 -8.999119999999999342e-02 -4.374419999999999698e-02 -9.703470000000000498e-03 8.963250000000000731e-03 1.369639999999999920e-02 1.918889999999999832e-02 2.016360000000000027e-02 1.766059999999999852e-02 1.429169999999999920e-02 1.955190000000000053e-02 2.662080000000000002e-02 2.663269999999999874e-02 3.352349999999999774e-02 2.875890000000000044e-02 1.447389999999999961e-02 2.666079999999999839e-02 4.467519999999999825e-02 4.317599999999999910e-02 3.679260000000000169e-02 3.246969999999999718e-02 3.537549999999999722e-02 4.857619999999999993e-02 6.108369999999999772e-02 7.100770000000000692e-02 7.572399999999999964e-02 6.081000000000000294e-02 3.079219999999999874e-02 1.113809999999999974e-02 1.595879999999999868e-02 3.304350000000000342e-02 3.143760000000000304e-02 -1.393420000000000075e-02 -1.015309999999999963e-01 -2.132110000000000116e-01 -3.280310000000000170e-01 -4.174289999999999945e-01 -4.560939999999999994e-01 -4.493380000000000152e-01 -4.245940000000000270e-01 -3.913840000000000097e-01 -3.338450000000000029e-01 -2.450050000000000006e-01 -1.457789999999999919e-01 -6.285190000000000221e-02 0.000000000000000000e+00
0.000000000000000000e+00 7.274609999999999931e-03 1.594120000000000086e-03 7.897509999999999947e-04 -3.648549999999999970e-03 -1.561730000000000063e-02 -1.681890000000000121e-02 -1.168469999999999925e-02 -1.117270000000000069e-02 -1.205969999999999959e-02 -1.814829999999999915e-02 -3.371090000000000197e-02 -3.065560000000000160e-02 -2.277159999999999948e-02 -1.814779999999999865e-02 -1.887350000000000139e-02 -4.064120000000000232e-02 -5.794339999999999907e-02 -5.909579999999999694e-02 -5.768759999999999860e-02 -5.759380000000000055e-02 -4.716000000000000053e-02 -4.655399999999999816e-02 -8.302189999999999570e-02 -1.532370000000000121e-01 -2.408639999999999948e-01 -3.271839999999999749e-01 -3.840649999999999897e-01 -4.049960000000000226e-01 -3.905210000000000070e-01 -3.497449999999999726e-01 -2.712760000000000171e-01 -1.456629999999999869e-01 4.768789999999999835e-02 3.051209999999999756e-01 5.981980000000000075e-01 8.805859999999999799e-01 1.124249999999999972e+00 1.307450000000000001e+00 1.401909999999999989e+00 1.367399999999999949e+00 1.192839999999999900e+00 9.034510000000000041e-01 5.520509999999999584e-01 1.880410000000000137e-01 -1.561889999999999945e-01 -4.508019999999999805e-01 -6.665010000000000101e-01 -7.860970000000000457e-01 -7.936870000000000314e-01 -7.174009999999999554e-01 -5.842730000000000423e-01 -4.302940000000000098e-01 -2.912609999999999921e-01 -1.798599999999999921e-01 -9.521110000000000684e-02 -4.411799999999999750e-02 -1.483499999999999923e-02 7.683269999999999857e-03 1.516649999999999943e-02 1.570560000000000012e-02 1.663730000000000070e-02 1.732529999999999834e-02 2.153520000000000087e-02 3.030619999999999842e-02 3.361709999999999698e-02 2.834499999999999867e-02 2.621770000000000003e-02 2.424909999999999913e-02 2.717040000000000080e-02 4.205480000000000329e-02 4.776439999999999853e-02 4.151849999999999985e-02 3.607019999999999671e-02 3.317250000000000060e-02 4.636320000000000024e-02 6.991479999999999917e-02 7.565560000000000340e-02 7.082610000000000294e-02 6.925589999999999524e-02 5.591739999999999905e-02 3.492089999999999778e-02 3.283769999999999745e-02 5.207250000000000073e-02 7.275310000000000110e-02 7.040449999999999486e-02 1.797560000000000130e-02 -9.430220000000000269e-02 -2.431210000000000038e-01 -3.890730000000000022e-01 -4.977960000000000163e-01 -5.514440000000000452e-01 -5.579939999999999900e-01 -5.406180000000000430e-01 -5.071799999999999642e-01 -4.429569999999999896e-01 -3.396549999999999847e-01 -2.159919999999999896e-01 -1.000800000000000023e-01 0.000000000000000000e+00
0.000000000000000000e+00 -2.907100000000000135e-03 -7.322849999999999672e-03 -4.195960000000000314e-03 -6.194680000000000152e-03 -1.178640000000000070e-02 -6.374369999999999863e-03 -3.119059999999999888e-03 -1.367879999999999964e-02 -2.565370000000000150e-02 -2.940260000000000096e-02 -3.065560000000000160e-02 -2.768819999999999962e-02 -2.622369999999999909e-02 -2.253940000000000110e-02 -3.204259999999999747e-02 -6.130530000000000007e-02 -7.206799999999999318e-02 -5.862570000000000281e-02 -5.105649999999999772e-02 -5.004560000000000258e-02 -5.585539999999999949e-02 -7.691749999999999976e-02 -1.337599999999999900e-01 -2.094850000000000045e-01 -2.992060000000000275e-01 -3.825080000000000147e-01 -4.243190000000000017e-01 -4.106989999999999807e-01 -3.592110000000000025e-01 -2.854689999999999728e-01 -1.796550000000000091e-01 -3.053710000000000105e-02 1.705319999999999891e-01 4.162580000000000169e-01 6.904200000000000337e-01 9.539659999999999807e-01 1.185009999999999897e+00 1.350049999999999972e+00 1.424430000000000085e+00 1.367480000000000029e+00 1.173059999999999992e+00 8.735600000000000032e-01 5.194670000000000121e-01 1.638809999999999989e-01 -1.665689999999999948e-01 -4.538349999999999884e-01 -6.661089999999999511e-01 -7.935309999999999864e-01 -8.137360000000000149e-01 -7.448869999999999658e-01 -6.167030000000000012e-01 -4.628380000000000272e-01 -3.144379999999999953e-01 -1.962720000000000020e-01 -1.067799999999999999e-01 -4.806980000000000280e-02 -1.829789999999999889e-02 1.214559999999999945e-03 6.914730000000000008e-03 1.403130000000000002e-02 2.417590000000000017e-02 2.731950000000000003e-02 3.114789999999999920e-02 3.287899999999999850e-02 3.020190000000000027e-02 2.426690000000000097e-02 2.455919999999999978e-02 3.602530000000000315e-02 4.401719999999999938e-02 4.449519999999999864e-02 4.398849999999999982e-02 4.230869999999999770e-02 3.804989999999999761e-02 4.153210000000000235e-02 6.513249999999999595e-02 8.720289999999999986e-02 8.086100000000000232e-02 6.572010000000000352e-02 6.147419999999999968e-02 5.615139999999999715e-02 5.447250000000000009e-02 7.268539999999999723e-02 9.971330000000000471e-02 1.165159999999999946e-01 1.065949999999999953e-01 3.861710000000000143e-02 -1.045200000000000018e-01 -2.900690000000000213e-01 -4.634199999999999986e-01 -5.898700000000000054e-01 -6.585619999999999807e-01 -6.755010000000000181e-01 -6.585670000000000135e-01 -6.188620000000000232e-01 -5.478189999999999449e-01 -4.350280000000000258e-01 -2.914559999999999929e-01 -1.421590000000000076e-01 0.000000000000000000e+00
0.000000000000000000e+00 -2.681869999999999827e-03 -1.266360000000000055e-02 -1.493500000000000036e-02 -9.544030000000000222e-03 -7.381519999999999922e-03 -7.407060000000000033e-03 -6.190750000000000072e-03 -1.499080000000000031e-02 -2.748820000000000083e-02 -2.522929999999999964e-02 -2.277159999999999948e-02 -2.622369999999999909e-02 -2.974869999999999945e-02 -3.506970000000000226e-02 -5.644289999999999724e-02 -7.812280000000000613e-02 -7.410170000000000645e-02 -5.793340000000000295e-02 -4.661420000000000147e-02 -5.497640000000000166e-02 -8.214689999999999492e-02 -1.287550000000000083e-01 -1.973429999999999906e-01 -2.720940000000000025e-01 -3.566460000000000186e-01 -4.265399999999999747e-01 -4.425000000000000044e-01 -3.946629999999999860e-01 -3.075320000000000276e-01 -2.040629999999999944e-01 -6.778489999999999516e-02 9.891859999999999542e-02 3.010860000000000203e-01 5.254469999999999974e-01 7.747129999999999850e-01 1.017190000000000039e+00 1.227789999999999937e+00 1.370500000000000052e+00 1.415820000000000078e+00 1.337159999999999904e+00 1.129550000000000054e+00 8.272620000000000529e-01 4.840320000000000178e-01 1.403230000000000033e-01 -1.713959999999999928e-01 -4.472220000000000084e-01 -6.579350000000000476e-01 -7.890930000000000444e-01 -8.210859999999999825e-01 -7.634239999999999915e-01 -6.394790000000000196e-01 -4.885309999999999930e-01 -3.407769999999999966e-01 -2.170529999999999959e-01 -1.268070000000000030e-01 -6.428140000000000243e-02 -2.630479999999999971e-02 1.365789999999999973e-03 1.506279999999999945e-02 2.155889999999999890e-02 2.916859999999999939e-02 3.246099999999999680e-02 3.031170000000000045e-02 2.704640000000000169e-02 3.021400000000000127e-02 3.028890000000000055e-02 3.344559999999999894e-02 4.771149999999999697e-02 4.917420000000000124e-02 4.190050000000000024e-02 4.363670000000000049e-02 4.396970000000000045e-02 4.511420000000000013e-02 6.104849999999999860e-02 8.406740000000000046e-02 9.228310000000000679e-02 7.789050000000000140e-02 6.053270000000000178e-02 5.840010000000000340e-02 6.951240000000000197e-02 9.336959999999999704e-02 1.271180000000000088e-01 1.533069999999999988e-01 1.600399999999999878e-01 1.341219999999999912e-01 4.048589999999999828e-02 -1.368999999999999939e-01 -3.550340000000000162e-01 -5.517800000000000482e-01 -6.950969999999999649e-01 -7.766100000000000225e-01 -7.971920000000000117e-01 -7.722999999999999865e-01 -7.212269999999999515e-01 -6.434940000000000104e-01 -5.246570000000000400e-01 -3.647329999999999739e-01 -1.838879999999999959e-01 0.000000000000000000e+00
0.000000000000000000e+00 -1.994940000000000168e-03 -1.028669999999999932e-02 -8.025219999999999576e-03 -4.546920000000000302e-03 -1.017859999999999945e-02 -1.441319999999999928e-02 -1.761909999999999865e-02 -2.808389999999999845e-02 -3.060159999999999964e-02 -2.183300000000000171e-02 -1.814779999999999865e-02 -2.253940000000000110e-02 -3.506970000000000226e-02 -5.218760000000000066e-02 -6.894709999999999728e-02 -7.035270000000000412e-02 -6.409349999999999770e-02 -5.341420000000000196e-02 -4.837210000000000121e-02 -7.395759999999999834e-02 -1.286829999999999918e-01 -1.962619999999999920e-01 -2.680540000000000145e-01 -3.372979999999999867e-01 -4.090250000000000274e-01 -4.530370000000000230e-01 -4.389069999999999916e-01 -3.582099999999999729e-01 -2.418490000000000084e-01 -1.060910000000000047e-01 5.568069999999999964e-02 2.355099999999999971e-01 4.269339999999999802e-01 6.266270000000000451e-01 8.473119999999999541e-01 1.065879999999999939e+00 1.251959999999999962e+00 1.364179999999999948e+00 1.381769999999999943e+00 1.282739999999999991e+00 1.073870000000000102e+00 7.805910000000000348e-01 4.555730000000000057e-01 1.324249999999999872e-01 -1.624879999999999936e-01 -4.266199999999999992e-01 -6.377059999999999951e-01 -7.779199999999999449e-01 -8.264690000000000092e-01 -7.818349999999999467e-01 -6.706260000000000554e-01 -5.211540000000000061e-01 -3.689180000000000237e-01 -2.403389999999999971e-01 -1.396660000000000124e-01 -6.851820000000000133e-02 -2.830840000000000092e-02 1.098900000000000094e-03 1.904830000000000065e-02 2.647220000000000129e-02 3.116259999999999863e-02 3.119179999999999869e-02 2.947330000000000089e-02 2.858389999999999889e-02 3.371930000000000066e-02 3.883410000000000334e-02 4.448900000000000077e-02 5.348730000000000151e-02 4.933669999999999722e-02 4.046910000000000091e-02 4.256440000000000223e-02 4.999579999999999996e-02 6.587079999999999325e-02 8.432870000000000643e-02 8.977730000000000432e-02 8.535600000000000132e-02 7.400909999999999433e-02 6.082819999999999894e-02 6.759439999999999893e-02 1.026549999999999963e-01 1.497479999999999922e-01 1.890239999999999976e-01 2.073019999999999863e-01 1.980399999999999938e-01 1.454739999999999922e-01 1.736189999999999956e-02 -1.932079999999999909e-01 -4.379170000000000007e-01 -6.552130000000000454e-01 -8.139420000000000543e-01 -9.024400000000000199e-01 -9.172080000000000233e-01 -8.766479999999999828e-01 -8.107109999999999594e-01 -7.255179999999999962e-01 -6.010940000000000172e-01 -4.269160000000000177e-01 -2.190960000000000130e-01 0.000000000000000000e+00
