0	0	0	0	0	0	0	0	0	0	0	0	0	0	0	0	0	0	0	0	0	0	0	0	0	0	0	0	0	0	0	0	0	0	0	0	0	0	0	0	0	0	0	0	0	0	0	0	0	0	0	0	0	0	0	0	0	0	0	0	0	0	0	0	0	0	0	0	0	0	0	0	0	0	0	0	0	0	0	0	0	0	0	0	0	0	0	0	0	0	0	0	0	0	0	0	0	0	0	0	
0	-0.00187824	-0.00655613	-0.0107122	-0.00831309	-0.000566637	0.00665709	0.00268106	-0.0157672	-0.0432123	-0.0688761	-0.0896585	-0.108053	-0.125743	-0.141293	-0.147476	-0.138679	-0.113692	-0.0803294	-0.0467369	-0.0200105	-0.00152387	0.00934988	0.0144523	0.0186985	0.0269326	0.0444875	0.0710174	0.107049	0.148012	0.193045	0.238862	0.280338	0.314149	0.338889	0.35073	0.349606	0.331191	0.29497	0.241451	0.177368	0.106479	0.037885	-0.0217765	-0.0687694	-0.104482	-0.127649	-0.140746	-0.141107	-0.129948	-0.112351	-0.0971911	-0.0926092	-0.0984199	-0.107405	-0.110385	-0.101539	-0.0844285	-0.0660566	-0.0511425	-0.0380897	-0.0236762	-0.0120023	-0.00478683	0.00267407	0.0133985	0.0301515	0.0502343	0.0656409	0.0717498	0.0676386	0.06457	0.068777	0.0766387	0.083814	0.0841212	0.0763776	0.066516	0.0581211	0.0532939	0.0477278	0.0358217	0.0173362	-0.0084134	-0.0371466	-0.0669625	-0.0975579	-0.130277	-0.165484	-0.201592	-0.238795	-0.270337	-0.290205	-0.294563	-0.278789	-0.243111	-0.192784	-0.132724	-0.0666249	0	
0	-0.00655613	-0.016947	-0.0242124	-0.0251705	-0.0187727	-0.0167766	-0.0275237	-0.060974	-0.108338	-0.158344	-0.204602	-0.245781	-0.280193	-0.302626	-0.306964	-0.285639	-0.23801	-0.17435	-0.106484	-0.0480009	-0.00366489	0.0248625	0.0402182	0.0519403	0.0697865	0.102408	0.150872	0.215014	0.289716	0.372448	0.457397	0.533733	0.595298	0.639195	0.662114	0.660058	0.629305	0.562886	0.464065	0.343763	0.209531	0.0771837	-0.0376074	-0.131798	-0.202468	-0.250552	-0.280551	-0.287552	-0.274625	-0.247643	-0.218503	-0.20118	-0.199782	-0.20413	-0.205926	-0.193064	-0.168191	-0.138049	-0.10953	-0.0813778	-0.050707	-0.025554	-0.00391128	0.0185541	0.040048	0.0658556	0.09393	0.114948	0.125762	0.12897	0.136225	0.149684	0.164926	0.177323	0.17818	0.162069	0.142094	0.120933	0.0999485	0.0804682	0.0539478	0.0214063	-0.0222482	-0.0752319	-0.135184	-0.199717	-0.267147	-0.33852	-0.406707	-0.470416	-0.521069	-0.546473	-0.54476	-0.511529	-0.444466	-0.35446	-0.247046	-0.124392	0	
0	-0.0107122	-0.0242124	-0.0369042	-0.0446025	-0.0532328	-0.0646361	-0.0885926	-0.130499	-0.190918	-0.259571	-0.331539	-0.398847	-0.448999	-0.475121	-0.470572	-0.434173	-0.365688	-0.277824	-0.18187	-0.0930619	-0.0183459	0.0371007	0.0727123	0.0986843	0.126772	0.171734	0.234841	0.321305	0.421442	0.533225	0.646864	0.747799	0.828557	0.888022	0.917354	0.915822	0.870341	0.778189	0.641266	0.47802	0.296075	0.115873	-0.0469876	-0.181448	-0.286983	-0.357651	-0.40253	-0.41914	-0.411311	-0.384575	-0.349247	-0.319428	-0.300469	-0.290415	-0.281512	-0.261417	-0.228943	-0.18941	-0.150934	-0.113313	-0.0722068	-0.0365677	-0.00591345	0.0295531	0.0644696	0.0953356	0.120002	0.138435	0.157658	0.174616	0.199816	0.228871	0.247626	0.257873	0.257672	0.244038	0.221962	0.190064	0.154929	0.11641	0.0702881	0.0186992	-0.0466623	-0.122357	-0.207758	-0.300876	-0.400598	-0.501849	-0.594145	-0.675642	-0.730533	-0.750232	-0.735737	-0.6828	-0.593156	-0.475453	-0.333294	-0.169764	0	
0	-0.00831309	-0.0251705	-0.0446025	-0.0685739	-0.0939587	-0.126281	-0.162667	-0.21643	-0.28453	-0.364243	-0.451677	-0.537335	-0.603679	-0.633891	-0.621563	-0.565232	-0.473127	-0.363308	-0.247566	-0.137213	-0.0345613	0.0532274	0.118156	0.164656	0.204647	0.256498	0.329231	0.42909	0.547283	0.678088	0.810548	0.928504	1.02433	1.09349	1.12695	1.11462	1.05087	0.929895	0.764074	0.57483	0.366979	0.155791	-0.0393358	-0.210653	-0.344056	-0.433249	-0.488851	-0.51111	-0.51103	-0.491806	-0.45831	-0.421256	-0.388962	-0.359145	-0.334765	-0.301474	-0.25925	-0.211794	-0.16937	-0.131297	-0.0908786	-0.0563003	-0.0187589	0.02653	0.0643264	0.0948558	0.121187	0.1444	0.171697	0.203218	0.242536	0.277809	0.299895	0.31317	0.314891	0.298624	0.279384	0.250518	0.208471	0.156561	0.086882	0.0100061	-0.0772748	-0.1719	-0.273769	-0.383812	-0.501053	-0.622926	-0.731624	-0.821644	-0.879787	-0.892653	-0.86639	-0.799832	-0.689368	-0.550132	-0.385655	-0.194701	0	
0	-0.000566637	-0.0187727	-0.0532328	-0.0939587	-0.140313	-0.18728	-0.241353	-0.307845	-0.386756	-0.468542	-0.55652	-0.647766	-0.723194	-0.760839	-0.742135	-0.666318	-0.546261	-0.411918	-0.277503	-0.150024	-0.0240281	0.0941061	0.190693	0.263264	0.318695	0.378233	0.450632	0.550505	0.66856	0.803698	0.945485	1.07509	1.18052	1.25457	1.27913	1.25244	1.16546	1.02556	0.844661	0.646494	0.427974	0.201212	-0.0183415	-0.210903	-0.363383	-0.460969	-0.520412	-0.548602	-0.556485	-0.546369	-0.518397	-0.480546	-0.437944	-0.395224	-0.35445	-0.308521	-0.260294	-0.21721	-0.187139	-0.161004	-0.123953	-0.0846538	-0.0447896	0.00210925	0.0427622	0.0748281	0.10148	0.128273	0.163946	0.200027	0.247846	0.299201	0.332108	0.347846	0.345847	0.325008	0.298593	0.263332	0.220637	0.163319	0.0840551	-0.00604671	-0.109146	-0.214822	-0.323163	-0.435573	-0.554841	-0.676189	-0.784233	-0.87831	-0.938828	-0.954271	-0.927328	-0.851142	-0.727905	-0.573633	-0.395668	-0.19839	0	
0	0.00665709	-0.0167766	-0.0646361	-0.126281	-0.18728	-0.251721	-0.318762	-0.402056	-0.488544	-0.568727	-0.646396	-0.727838	-0.799682	-0.834574	-0.810075	-0.717391	-0.573157	-0.411779	-0.254353	-0.108164	0.0344564	0.171495	0.290136	0.385685	0.460191	0.526456	0.593415	0.67838	0.782226	0.910571	1.05396	1.1888	1.29505	1.3581	1.36521	1.31328	1.20925	1.05759	0.874219	0.678985	0.463598	0.236585	0.0195659	-0.173098	-0.321542	-0.418621	-0.483852	-0.520916	-0.54035	-0.537392	-0.511304	-0.471177	-0.4273	-0.379866	-0.337277	-0.290308	-0.248791	-0.219929	-0.208449	-0.196218	-0.162483	-0.121369	-0.0760491	-0.0281636	0.0069081	0.0370461	0.0710006	0.105182	0.140583	0.177026	0.227834	0.283762	0.327246	0.352346	0.347491	0.308504	0.263841	0.214883	0.16192	0.105654	0.0323913	-0.0479331	-0.139558	-0.237224	-0.337238	-0.438574	-0.542091	-0.648586	-0.746108	-0.835015	-0.89941	-0.918753	-0.893802	-0.820048	-0.694496	-0.541814	-0.371822	-0.183385	0	
0	0.00268106	-0.0275237	-0.0885926	-0.162667	-0.241353	-0.318762	-0.400162	-0.490777	-0.582221	-0.657277	-0.72206	-0.784301	-0.83513	-0.853435	-0.81661	-0.71411	-0.554549	-0.372833	-0.19275	-0.0294147	0.124216	0.268472	0.396637	0.50588	0.592499	0.663676	0.722573	0.792982	0.881236	0.997267	1.13239	1.25727	1.34757	1.38983	1.36974	1.29645	1.17466	1.01563	0.831736	0.644108	0.444577	0.242615	0.0548167	-0.104237	-0.228924	-0.313679	-0.37936	-0.425944	-0.451885	-0.451892	-0.427611	-0.395095	-0.362774	-0.330436	-0.297244	-0.259005	-0.225847	-0.208956	-0.211521	-0.210396	-0.183994	-0.148151	-0.112688	-0.0714256	-0.0333587	0.00482263	0.04193	0.0756869	0.109594	0.139003	0.18508	0.242347	0.282614	0.299072	0.285961	0.238312	0.177911	0.111187	0.0505042	-0.0029979	-0.0596352	-0.114915	-0.18063	-0.249573	-0.318452	-0.384976	-0.455981	-0.535967	-0.615393	-0.697706	-0.759634	-0.781921	-0.766247	-0.704828	-0.600193	-0.472194	-0.325821	-0.162336	0	
0	-0.0157672	-0.060974	-0.130499	-0.21643	-0.307845	-0.402056	-0.490777	-0.585067	-0.673407	-0.743241	-0.793447	-0.830903	-0.849372	-0.835864	-0.777062	-0.660362	-0.491375	-0.297936	-0.106765	0.0672195	0.227104	0.37464	0.503415	0.611303	0.696397	0.764281	0.820077	0.887092	0.968978	1.07375	1.18893	1.28862	1.3504	1.36196	1.31561	1.21699	1.07902	0.910189	0.727033	0.554464	0.385288	0.22625	0.0903554	-0.0223482	-0.110746	-0.176868	-0.238136	-0.285002	-0.314098	-0.316386	-0.299548	-0.281179	-0.271524	-0.263154	-0.254312	-0.23202	-0.209238	-0.19691	-0.202701	-0.208494	-0.194193	-0.175169	-0.150552	-0.111672	-0.0699894	-0.0275499	0.0143376	0.0477257	0.0749688	0.0995332	0.137188	0.177887	0.20187	0.205864	0.178847	0.11588	0.0447477	-0.0273547	-0.0884589	-0.132406	-0.171281	-0.199314	-0.224201	-0.243099	-0.256964	-0.273949	-0.306204	-0.358554	-0.421119	-0.491341	-0.549625	-0.576069	-0.573146	-0.53813	-0.464623	-0.371503	-0.261898	-0.129871	0	
0	-0.0432123	-0.108338	-0.190918	-0.28453	-0.386756	-0.488544	-0.582221	-0.673407	-0.757188	-0.816447	-0.850297	-0.861464	-0.847167	-0.798601	-0.708913	-0.571555	-0.392751	-0.200651	-0.0136648	0.157369	0.31914	0.467481	0.591836	0.690539	0.766627	0.831497	0.891029	0.96333	1.04668	1.1399	1.23302	1.30181	1.32882	1.30596	1.2266	1.1034	0.950325	0.779431	0.607649	0.458923	0.32692	0.21334	0.124082	0.0553688	-3.24414e-05	-0.0440979	-0.0927873	-0.137474	-0.167806	-0.177431	-0.171788	-0.16978	-0.178782	-0.19153	-0.201709	-0.200786	-0.192591	-0.187246	-0.19721	-0.209502	-0.20831	-0.202465	-0.187553	-0.149209	-0.102056	-0.0557351	-0.020696	0.00362057	0.0249447	0.0421303	0.0720541	0.104658	0.113598	0.0943581	0.0468428	-0.0300591	-0.107319	-0.173931	-0.219978	-0.244909	-0.259045	-0.252218	-0.231172	-0.197169	-0.160191	-0.132549	-0.130776	-0.159356	-0.203423	-0.263239	-0.318969	-0.353507	-0.370532	-0.35897	-0.314326	-0.253147	-0.177151	-0.0870774	0	
0	-0.0688761	-0.158344	-0.259571	-0.364243	-0.468542	-0.568727	-0.657277	-0.743241	-0.816447	-0.860591	-0.872024	-0.859022	-0.817029	-0.73742	-0.616267	-0.454816	-0.270044	-0.0872056	0.0800908	0.234427	0.382732	0.519493	0.632083	0.720954	0.794297	0.863318	0.930637	1.01196	1.09895	1.18996	1.26932	1.31561	1.31095	1.25055	1.13655	0.987544	0.824565	0.659892	0.506931	0.387562	0.291076	0.214976	0.160487	0.119968	0.0871072	0.0582211	0.018808	-0.0220718	-0.0570466	-0.0737948	-0.0764359	-0.0800673	-0.0949283	-0.118086	-0.145261	-0.158132	-0.16056	-0.162218	-0.17801	-0.199309	-0.208659	-0.212235	-0.20287	-0.171028	-0.131461	-0.096627	-0.0687496	-0.0499715	-0.0375406	-0.0289208	-0.0106554	0.00785272	0.00315015	-0.0288687	-0.0913351	-0.174844	-0.244694	-0.292143	-0.311649	-0.306531	-0.284962	-0.23943	-0.177287	-0.103697	-0.0323058	0.0204547	0.0408277	0.0283643	-0.00825571	-0.0671823	-0.130631	-0.178054	-0.205671	-0.208262	-0.179768	-0.140182	-0.0963268	-0.0436408	0	
0	-0.0896585	-0.204602	-0.331539	-0.451677	-0.55652	-0.646396	-0.72206	-0.793447	-0.850297	-0.872024	-0.85999	-0.82269	-0.757934	-0.652732	-0.506449	-0.328089	-0.140014	0.0295734	0.17354	0.297597	0.414909	0.524264	0.61903	0.702356	0.779851	0.855807	0.932262	1.02116	1.11846	1.21302	1.28795	1.31848	1.29045	1.20327	1.06624	0.901325	0.733349	0.573233	0.435995	0.339471	0.272836	0.224075	0.189315	0.159727	0.13175	0.106029	0.0706013	0.0309685	-0.00177349	-0.0180309	-0.0196662	-0.0232674	-0.040076	-0.064707	-0.0895151	-0.103224	-0.104639	-0.105481	-0.124674	-0.15103	-0.165671	-0.172803	-0.172567	-0.157349	-0.139338	-0.122021	-0.110059	-0.103979	-0.103877	-0.109861	-0.105208	-0.0990928	-0.114589	-0.156792	-0.218218	-0.28944	-0.340139	-0.361209	-0.350563	-0.309409	-0.249993	-0.169266	-0.0783488	0.0118318	0.0939798	0.160201	0.193066	0.183381	0.139134	0.0642906	-0.015231	-0.0732607	-0.108573	-0.114988	-0.0952413	-0.0711146	-0.045985	-0.0191348	0	
0	-0.108053	-0.245781	-0.398847	-0.537335	-0.647766	-0.727838	-0.784301	-0.830903	-0.861464	-0.859022	-0.82269	-0.763285	-0.676717	-0.553367	-0.393349	-0.206467	-0.0184025	0.142269	0.261895	0.351066	0.429581	0.507878	0.585533	0.662853	0.740247	0.819868	0.903674	1.00666	1.11661	1.21677	1.28353	1.29998	1.25795	1.16226	1.02016	0.852255	0.680323	0.520575	0.390524	0.309675	0.262787	0.230499	0.200389	0.166199	0.130211	0.0970635	0.0603857	0.0241686	-0.00340839	-0.0121537	-0.00676216	-0.00505387	-0.0162593	-0.0346309	-0.0482068	-0.0425292	-0.0281532	-0.0241318	-0.0423748	-0.0656214	-0.0735481	-0.0749466	-0.0782723	-0.0820856	-0.0894757	-0.102996	-0.119431	-0.138514	-0.160416	-0.181031	-0.188785	-0.19095	-0.209486	-0.245756	-0.296007	-0.350051	-0.382933	-0.385055	-0.347892	-0.276764	-0.18514	-0.0833303	0.0156331	0.112155	0.200945	0.268515	0.295868	0.275328	0.213907	0.12346	0.0307133	-0.0381733	-0.077718	-0.0892344	-0.0748404	-0.0544021	-0.0350568	-0.0132884	0	
0	-0.125743	-0.280193	-0.448999	-0.603679	-0.723194	-0.799682	-0.83513	-0.849372	-0.847167	-0.817029	-0.757934	-0.676717	-0.574131	-0.442356	-0.279788	-0.0927137	0.0941639	0.244462	0.341663	0.399407	0.447436	0.502624	0.563822	0.627707	0.695868	0.77231	0.865747	0.982598	1.10649	1.2086	1.26819	1.27541	1.23042	1.13557	0.997065	0.828106	0.654171	0.492862	0.366068	0.289285	0.247038	0.213868	0.178837	0.138328	0.0978391	0.0620757	0.0232363	-0.0154126	-0.0416823	-0.0463743	-0.0356242	-0.0266552	-0.0271264	-0.0240935	-0.00748872	0.0219803	0.0522773	0.0669047	0.0576998	0.0463971	0.0525611	0.0632866	0.0622656	0.0496479	0.0217046	-0.0203299	-0.0732839	-0.129075	-0.180227	-0.21879	-0.233893	-0.237976	-0.249234	-0.274606	-0.312796	-0.357386	-0.383999	-0.373464	-0.3198	-0.230478	-0.127983	-0.020435	0.0869845	0.184667	0.266381	0.320556	0.329328	0.289837	0.214388	0.116021	0.0182785	-0.0575357	-0.107881	-0.126812	-0.115328	-0.0906836	-0.0598667	-0.0272072	0	
0	-0.141293	-0.302626	-0.475121	-0.633891	-0.760839	-0.834574	-0.853435	-0.835864	-0.798601	-0.73742	-0.652732	-0.553367	-0.442356	-0.312284	-0.155897	0.0243484	0.20087	0.336247	0.413644	0.45208	0.481655	0.517221	0.556927	0.600834	0.65506	0.727629	0.824562	0.949375	1.08172	1.19117	1.25588	1.26838	1.22627	1.13194	0.988994	0.817265	0.641969	0.482578	0.356124	0.271633	0.215496	0.168674	0.123939	0.0828503	0.0477839	0.0143008	-0.0244317	-0.0669628	-0.0966196	-0.102298	-0.0877955	-0.0706266	-0.0537469	-0.0274359	0.0169428	0.0755959	0.129682	0.161445	0.171484	0.180025	0.198051	0.21404	0.215312	0.200676	0.167883	0.110279	0.0323795	-0.0522956	-0.130665	-0.190082	-0.220892	-0.229263	-0.237435	-0.258521	-0.295881	-0.337492	-0.356208	-0.334853	-0.273068	-0.186185	-0.0867701	0.0177145	0.120575	0.216464	0.289883	0.324555	0.311013	0.252076	0.161966	0.0536692	-0.0545976	-0.141386	-0.197226	-0.217343	-0.201724	-0.164018	-0.113819	-0.0561783	0	
0	-0.147476	-0.306964	-0.470572	-0.621563	-0.742135	-0.810075	-0.81661	-0.777062	-0.708913	-0.616267	-0.506449	-0.393349	-0.279788	-0.155897	-0.00999263	0.153484	0.310334	0.428672	0.497008	0.529029	0.54471	0.555339	0.567107	0.588388	0.629151	0.691362	0.780821	0.900756	1.03829	1.16336	1.24927	1.28062	1.24995	1.15477	1.00686	0.829982	0.65347	0.493576	0.360421	0.258364	0.180247	0.115079	0.0621718	0.0226344	-0.0076832	-0.038265	-0.0790823	-0.124488	-0.15635	-0.162042	-0.146056	-0.120931	-0.0888508	-0.0393405	0.0298573	0.108663	0.184307	0.242911	0.280739	0.306733	0.331543	0.349767	0.353946	0.344542	0.316578	0.260626	0.178681	0.0823777	-0.0147901	-0.0940467	-0.140253	-0.160942	-0.177191	-0.207428	-0.253644	-0.296373	-0.312848	-0.289167	-0.232062	-0.153788	-0.0638105	0.0336501	0.13413	0.220422	0.279964	0.301752	0.275083	0.19962	0.0846272	-0.051307	-0.181296	-0.280612	-0.337418	-0.348075	-0.317658	-0.258816	-0.181351	-0.0925972	0	
0	-0.138679	-0.285639	-0.434173	-0.565232	-0.666318	-0.717391	-0.71411	-0.660362	-0.571555	-0.454816	-0.328089	-0.206467	-0.0927137	0.0243484	0.153484	0.290715	0.420889	0.524183	0.588816	0.615927	0.61299	0.59495	0.577524	0.577653	0.601619	0.64864	0.725615	0.838309	0.981691	1.12379	1.23347	1.28811	1.27256	1.1843	1.03517	0.856305	0.676778	0.511181	0.368375	0.248584	0.152082	0.0742629	0.0141311	-0.0286075	-0.0606596	-0.0961078	-0.138766	-0.18633	-0.218209	-0.224215	-0.203314	-0.167829	-0.11986	-0.0555606	0.0276853	0.122843	0.21961	0.302347	0.364287	0.409722	0.443271	0.467046	0.478106	0.475316	0.453748	0.404026	0.326194	0.22791	0.124463	0.0374274	-0.0177062	-0.0480457	-0.0772943	-0.122386	-0.179506	-0.22767	-0.250871	-0.239372	-0.196852	-0.128932	-0.0417548	0.0514521	0.139782	0.214908	0.265637	0.276629	0.234496	0.13201	-0.0161371	-0.183351	-0.337404	-0.447239	-0.49906	-0.491385	-0.435613	-0.346571	-0.237886	-0.120883	0	
0	-0.113692	-0.23801	-0.365688	-0.473127	-0.546261	-0.573157	-0.554549	-0.491375	-0.392751	-0.270044	-0.140014	-0.0184025	0.0941639	0.20087	0.310334	0.420889	0.52855	0.61741	0.672529	0.685241	0.662256	0.619124	0.577561	0.552889	0.554554	0.584877	0.652868	0.764098	0.911842	1.06599	1.19325	1.26726	1.27088	1.19528	1.05352	0.877433	0.694275	0.521616	0.366837	0.232551	0.123343	0.0388686	-0.0236541	-0.0665523	-0.0994303	-0.135279	-0.181173	-0.231838	-0.270996	-0.282894	-0.26285	-0.220107	-0.160064	-0.0826191	0.0122113	0.1214	0.237148	0.338787	0.420686	0.480787	0.528427	0.565726	0.586682	0.586054	0.564234	0.515495	0.440888	0.347829	0.251671	0.174714	0.12505	0.0907633	0.0526195	0.000486662	-0.0628066	-0.120575	-0.1632	-0.173194	-0.144964	-0.08519	-0.00483621	0.0779876	0.15539	0.219436	0.255654	0.245468	0.17625	0.0460295	-0.127991	-0.314215	-0.478155	-0.591797	-0.638021	-0.616128	-0.53932	-0.422727	-0.286687	-0.144283	0	
0	-0.0803294	-0.17435	-0.277824	-0.363308	-0.411918	-0.411779	-0.372833	-0.297936	-0.200651	-0.0872056	0.0295734	0.142269	0.244462	0.336247	0.428672	0.524183	0.61741	0.687584	0.718788	0.709701	0.667674	0.609612	0.547425	0.500023	0.480556	0.498129	0.563914	0.674848	0.825688	0.985037	1.1207	1.20627	1.22179	1.15916	1.02824	0.860285	0.679972	0.503667	0.343487	0.201078	0.0860884	0.000679144	-0.0601436	-0.0995638	-0.126803	-0.15858	-0.201058	-0.255738	-0.302417	-0.324694	-0.312159	-0.272961	-0.212912	-0.131251	-0.0232156	0.106115	0.242642	0.363294	0.458732	0.532967	0.592847	0.639207	0.662957	0.661522	0.635406	0.584728	0.51577	0.434698	0.360241	0.305337	0.270074	0.239114	0.201446	0.148983	0.0797389	0.0107829	-0.0443821	-0.0633678	-0.0442073	0.0035079	0.0648871	0.127604	0.187386	0.232578	0.245001	0.205351	0.108547	-0.0441434	-0.230766	-0.42027	-0.5816	-0.68898	-0.727749	-0.69468	-0.606042	-0.475503	-0.322191	-0.163254	0	
0	-0.0467369	-0.106484	-0.18187	-0.247566	-0.277503	-0.254353	-0.19275	-0.106765	-0.0136648	0.0800908	0.17354	0.261895	0.341663	0.413644	0.497008	0.588816	0.672529	0.718788	0.722594	0.688793	0.632775	0.561158	0.486544	0.423915	0.389667	0.396848	0.455732	0.564168	0.71352	0.873532	1.01204	1.1002	1.12344	1.07213	0.954796	0.800222	0.626216	0.453386	0.295378	0.15637	0.0452993	-0.0346164	-0.090013	-0.123603	-0.143178	-0.164405	-0.199438	-0.247222	-0.294977	-0.324514	-0.323867	-0.300684	-0.254075	-0.175057	-0.0574622	0.0919265	0.248483	0.376953	0.480629	0.560538	0.623228	0.668486	0.692087	0.688317	0.661482	0.61553	0.55721	0.497247	0.449979	0.42173	0.404837	0.388137	0.35918	0.307739	0.232451	0.155226	0.0983137	0.0818228	0.0985221	0.131128	0.17313	0.214084	0.245202	0.260944	0.242359	0.174813	0.0587255	-0.105083	-0.294461	-0.480992	-0.635489	-0.735091	-0.765358	-0.726569	-0.634491	-0.499743	-0.341961	-0.173679	0	
0	-0.0200105	-0.0480009	-0.0930619	-0.137213	-0.150024	-0.108164	-0.0294147	0.0672195	0.157369	0.234427	0.297597	0.351066	0.399407	0.45208	0.529029	0.615927	0.685241	0.709701	0.688793	0.635033	0.558949	0.476164	0.393892	0.326195	0.281506	0.275299	0.325118	0.427779	0.574048	0.73338	0.871202	0.961762	0.990626	0.951245	0.847741	0.70484	0.538056	0.371388	0.225506	0.103745	0.010503	-0.0534982	-0.0984828	-0.125072	-0.137849	-0.150962	-0.172985	-0.206144	-0.23896	-0.261896	-0.269844	-0.265223	-0.237716	-0.170372	-0.0551209	0.0950445	0.248795	0.378284	0.479803	0.556958	0.615467	0.655329	0.674083	0.673613	0.652648	0.615545	0.576778	0.538166	0.513858	0.506188	0.512511	0.516118	0.501622	0.455436	0.376597	0.301918	0.25262	0.239451	0.252284	0.279456	0.309344	0.332555	0.342042	0.329625	0.284727	0.195682	0.064715	-0.108059	-0.304216	-0.494291	-0.646888	-0.741686	-0.766622	-0.721547	-0.626452	-0.491688	-0.335125	-0.17065	0	
0	-0.00152387	-0.00366489	-0.0183459	-0.0345613	-0.0240281	0.0344564	0.124216	0.227104	0.31914	0.382732	0.414909	0.429581	0.447436	0.481655	0.54471	0.61299	0.662256	0.667674	0.632775	0.558949	0.466741	0.373111	0.289709	0.218189	0.162208	0.143351	0.183212	0.280166	0.422948	0.581063	0.722556	0.816175	0.852992	0.824964	0.733669	0.600497	0.438867	0.28084	0.153634	0.0600639	-0.00309804	-0.040356	-0.0644427	-0.0786417	-0.0843307	-0.0890604	-0.0993652	-0.11013	-0.120445	-0.130361	-0.137581	-0.146112	-0.139198	-0.093941	-0.00417922	0.118758	0.247306	0.351627	0.441744	0.513	0.56396	0.597103	0.619144	0.625076	0.612197	0.591852	0.569916	0.547725	0.538744	0.550093	0.579415	0.608404	0.611723	0.577352	0.514184	0.450524	0.406743	0.392597	0.401319	0.425052	0.45515	0.475633	0.47162	0.446704	0.388469	0.285155	0.139389	-0.0503821	-0.257966	-0.456737	-0.615178	-0.710507	-0.732862	-0.684439	-0.587267	-0.45532	-0.307711	-0.15466	0	
0	0.00934988	0.0248625	0.0371007	0.0532274	0.0941061	0.171495	0.268472	0.37464	0.467481	0.519493	0.524264	0.507878	0.502624	0.517221	0.555339	0.59495	0.619124	0.609612	0.561158	0.476164	0.373111	0.276856	0.190396	0.112992	0.0467293	0.0180227	0.0503842	0.142907	0.282901	0.444869	0.591422	0.69161	0.73489	0.716557	0.634722	0.50905	0.354572	0.210093	0.107747	0.0484166	0.0201752	0.0173122	0.0228056	0.0307256	0.0392595	0.0441631	0.047372	0.0551838	0.0640254	0.0659438	0.0561537	0.0370135	0.0272653	0.0423341	0.0845468	0.152794	0.22953	0.300547	0.366252	0.421727	0.468063	0.503128	0.529325	0.546842	0.549203	0.542447	0.537593	0.527409	0.531281	0.560549	0.61313	0.661394	0.682664	0.672952	0.632586	0.587098	0.550294	0.532442	0.539839	0.567057	0.59681	0.617927	0.620469	0.599386	0.538053	0.422599	0.26116	0.0578192	-0.165444	-0.376512	-0.539546	-0.636412	-0.659485	-0.613161	-0.52015	-0.396095	-0.262462	-0.129454	0	
0	0.0144523	0.0402182	0.0727123	0.118156	0.190693	0.290136	0.396637	0.503415	0.591836	0.632083	0.61903	0.585533	0.563822	0.556927	0.567107	0.577524	0.577561	0.547425	0.486544	0.393892	0.289709	0.190396	0.0989642	0.0148604	-0.0578553	-0.0916396	-0.0632058	0.02707	0.167116	0.33225	0.488086	0.597179	0.649293	0.637447	0.561917	0.445109	0.305616	0.184155	0.11116	0.0837364	0.0869347	0.11643	0.156291	0.193769	0.223758	0.246744	0.264675	0.287578	0.305914	0.308381	0.294682	0.264786	0.229564	0.200915	0.183349	0.185324	0.203274	0.226061	0.262088	0.303483	0.344769	0.382302	0.420214	0.452246	0.467966	0.479407	0.48836	0.492326	0.514705	0.56209	0.626789	0.684359	0.718829	0.730251	0.716702	0.686745	0.659924	0.652304	0.664345	0.690158	0.721275	0.75174	0.763872	0.750761	0.694456	0.581638	0.413599	0.194403	-0.0403069	-0.259237	-0.427966	-0.529366	-0.560305	-0.522056	-0.438156	-0.32875	-0.214004	-0.103332	0	
0	0.0186985	0.0519403	0.0986843	0.164656	0.263264	0.385685	0.50588	0.611303	0.690539	0.720954	0.702356	0.662853	0.627707	0.600834	0.588388	0.577653	0.552889	0.500023	0.423915	0.326195	0.218189	0.112992	0.0148604	-0.0730614	-0.146408	-0.177086	-0.144907	-0.0533408	0.0832156	0.250987	0.419181	0.544619	0.606597	0.599456	0.53094	0.429154	0.314173	0.219205	0.170322	0.164849	0.189634	0.246787	0.320639	0.391571	0.452199	0.499891	0.538198	0.574109	0.594422	0.589617	0.560528	0.509014	0.441487	0.361299	0.275131	0.209871	0.169027	0.14632	0.146401	0.167663	0.207353	0.252879	0.304003	0.355756	0.390978	0.413775	0.435285	0.455471	0.495335	0.557366	0.630459	0.693762	0.737163	0.760748	0.754387	0.733356	0.723034	0.729287	0.751644	0.785835	0.823012	0.859131	0.878734	0.87677	0.832186	0.724698	0.558013	0.341089	0.104157	-0.122293	-0.303637	-0.418966	-0.461969	-0.438599	-0.370585	-0.279974	-0.185332	-0.0894575	0	
0	0.0269326	0.0697865	0.126772	0.204647	0.318695	0.460191	0.592499	0.696397	0.766627	0.794297	0.779851	0.740247	0.695868	0.65506	0.629151	0.601619	0.554554	0.480556	0.389667	0.281506	0.162208	0.0467293	-0.0578553	-0.146408	-0.210751	-0.223381	-0.174446	-0.0760499	0.0594013	0.233487	0.417886	0.557724	0.624831	0.619643	0.559636	0.475169	0.380432	0.302922	0.266725	0.275067	0.318163	0.4003	0.505968	0.612675	0.706989	0.786121	0.84611	0.888608	0.901387	0.879794	0.828311	0.746733	0.634987	0.49886	0.353532	0.227791	0.129368	0.0581258	0.0244869	0.0301954	0.0696435	0.127065	0.197262	0.268488	0.317731	0.352305	0.385918	0.423028	0.479957	0.549866	0.626279	0.694517	0.740407	0.761639	0.755005	0.738246	0.736784	0.755394	0.790773	0.837702	0.887761	0.93551	0.963859	0.965306	0.923193	0.822055	0.661416	0.451271	0.218122	-0.0141308	-0.205971	-0.333324	-0.391471	-0.383492	-0.331427	-0.256898	-0.173391	-0.0848732	0	
0	0.0444875	0.102408	0.171734	0.256498	0.378233	0.526456	0.663676	0.764281	0.831497	0.863318	0.855807	0.819868	0.77231	0.727629	0.691362	0.64864	0.584877	0.498129	0.396848	0.275299	0.143351	0.0180227	-0.0916396	-0.177086	-0.223381	-0.207815	-0.132842	-0.019129	0.127587	0.312172	0.505846	0.64795	0.713012	0.708218	0.656127	0.58012	0.495389	0.423664	0.39425	0.412708	0.469429	0.569124	0.702326	0.842423	0.974609	1.08535	1.16249	1.20362	1.19962	1.15135	1.06771	0.948163	0.792654	0.607765	0.409499	0.232704	0.0881544	-0.023848	-0.0896196	-0.100495	-0.0643051	-0.00107751	0.0840038	0.175265	0.241627	0.291611	0.343969	0.39975	0.465325	0.540347	0.621718	0.690773	0.73061	0.740656	0.725335	0.705942	0.710059	0.736514	0.782055	0.844104	0.907694	0.963337	0.995793	0.997736	0.951415	0.845838	0.68753	0.483732	0.255311	0.0273685	-0.162368	-0.290758	-0.35809	-0.365981	-0.324129	-0.254609	-0.172305	-0.0824481	0	
0	0.0710174	0.150872	0.234841	0.329231	0.450632	0.593415	0.722573	0.820077	0.891029	0.930637	0.932262	0.903674	0.865747	0.824562	0.780821	0.725615	0.652868	0.563914	0.455732	0.325118	0.183212	0.0503842	-0.0632058	-0.144907	-0.174446	-0.132842	-0.0289337	0.117146	0.288239	0.485147	0.676756	0.811778	0.867598	0.855071	0.797039	0.719429	0.636003	0.569822	0.547484	0.574253	0.639805	0.751456	0.902637	1.06929	1.22753	1.35608	1.43788	1.46789	1.44479	1.37398	1.26009	1.10413	0.910545	0.688067	0.454119	0.239392	0.0549898	-0.0907985	-0.18384	-0.215517	-0.189849	-0.1259	-0.0345606	0.0671406	0.154458	0.230316	0.308575	0.384828	0.460598	0.536284	0.611723	0.669614	0.689855	0.682163	0.658843	0.638255	0.638626	0.664312	0.719082	0.791536	0.866599	0.933487	0.972369	0.969816	0.915772	0.805338	0.637883	0.424227	0.191487	-0.0278658	-0.200967	-0.316952	-0.375775	-0.375389	-0.326069	-0.252088	-0.168492	-0.0802722	0	
0	0.107049	0.215014	0.321305	0.42909	0.550505	0.67838	0.792982	0.887092	0.96333	1.01196	1.02116	1.00666	0.982598	0.949375	0.900756	0.838309	0.764098	0.674848	0.564168	0.427779	0.280166	0.142907	0.02707	-0.0533408	-0.0760499	-0.019129	0.117146	0.300237	0.500392	0.705061	0.892648	1.01605	1.05264	1.01828	0.948	0.865344	0.786169	0.7254	0.709489	0.742658	0.815303	0.930923	1.08765	1.25926	1.42156	1.55093	1.62992	1.65442	1.62358	1.53539	1.39745	1.21577	0.998877	0.757506	0.504836	0.265342	0.0559628	-0.11636	-0.239809	-0.299278	-0.297396	-0.247686	-0.158301	-0.0454254	0.0612813	0.163806	0.266751	0.358441	0.438034	0.512089	0.577416	0.610712	0.606561	0.58161	0.546515	0.5144	0.509035	0.539611	0.600995	0.684063	0.771228	0.846146	0.889558	0.885685	0.827498	0.706673	0.520312	0.290588	0.0556646	-0.15744	-0.322313	-0.418581	-0.446561	-0.412669	-0.337774	-0.252657	-0.166326	-0.0795913	0	
0	0.148012	0.289716	0.421442	0.547283	0.66856	0.782226	0.881236	0.968978	1.04668	1.09895	1.11846	1.11661	1.10649	1.08172	1.03829	0.981691	0.911842	0.825688	0.71352	0.574048	0.422948	0.282901	0.167116	0.0832156	0.0594013	0.127587	0.288239	0.500392	0.720429	0.935486	1.12063	1.22668	1.2359	1.1802	1.09985	1.01337	0.929882	0.866231	0.851604	0.889563	0.966591	1.07878	1.22321	1.38127	1.53123	1.65038	1.72688	1.75083	1.71504	1.61678	1.46359	1.26981	1.05106	0.81042	0.552505	0.301615	0.0753757	-0.119604	-0.269131	-0.357207	-0.379676	-0.349248	-0.274268	-0.166247	-0.0441504	0.0773965	0.194147	0.298336	0.384527	0.45364	0.496685	0.504204	0.477583	0.435674	0.389061	0.352063	0.343521	0.372229	0.437352	0.525752	0.623365	0.707535	0.756388	0.756085	0.693018	0.555976	0.353562	0.117954	-0.119232	-0.331247	-0.486543	-0.558991	-0.551501	-0.485459	-0.383686	-0.275338	-0.174266	-0.0808874	0	
0	0.193045	0.372448	0.533225	0.678088	0.803698	0.910571	0.997267	1.07375	1.1399	1.18996	1.21302	1.21677	1.2086	1.19117	1.16336	1.12379	1.06599	0.985037	0.873532	0.73338	0.581063	0.444869	0.33225	0.250987	0.233487	0.312172	0.485147	0.705061	0.935486	1.15361	1.32422	1.40402	1.39064	1.3245	1.2382	1.14095	1.04568	0.974336	0.957376	0.994482	1.0671	1.1645	1.28806	1.42382	1.55192	1.65635	1.72804	1.74945	1.71207	1.60873	1.45497	1.26889	1.06035	0.826411	0.571392	0.315078	0.0821606	-0.120071	-0.286321	-0.397539	-0.447599	-0.441921	-0.387954	-0.29212	-0.175745	-0.0558703	0.0644173	0.175909	0.267384	0.331655	0.362259	0.353916	0.319052	0.273277	0.222222	0.183159	0.173386	0.204108	0.268105	0.353887	0.446	0.524616	0.575636	0.573464	0.502675	0.359392	0.156723	-0.0757957	-0.310113	-0.512955	-0.645375	-0.690016	-0.662873	-0.578529	-0.456149	-0.323859	-0.1986	-0.0914822	0	
0	0.238862	0.457397	0.646864	0.810548	0.945485	1.05396	1.13239	1.18893	1.23302	1.26932	1.28795	1.28353	1.26819	1.25588	1.24927	1.23347	1.19325	1.1207	1.01204	0.871202	0.722556	0.591422	0.488086	0.419181	0.417886	0.505846	0.676756	0.892648	1.12063	1.32422	1.46811	1.52571	1.50413	1.43152	1.33308	1.22233	1.11565	1.03467	1.00715	1.03075	1.08954	1.17211	1.27584	1.38604	1.48683	1.57004	1.63014	1.64788	1.60864	1.50981	1.36856	1.20152	1.01442	0.797965	0.554602	0.308122	0.0814248	-0.128194	-0.3072	-0.437109	-0.510175	-0.530071	-0.498734	-0.424209	-0.326279	-0.226187	-0.124076	-0.019372	0.0703325	0.135783	0.170705	0.175728	0.15521	0.113713	0.0631354	0.0273943	0.0195526	0.0488273	0.108359	0.186664	0.272381	0.341332	0.376563	0.358575	0.277171	0.135202	-0.0546432	-0.274149	-0.492672	-0.668146	-0.772823	-0.800503	-0.761295	-0.664702	-0.528882	-0.383793	-0.24542	-0.117354	0	
0	0.280338	0.533733	0.747799	0.928504	1.07509	1.1888	1.25727	1.28862	1.30181	1.31561	1.31848	1.29998	1.27541	1.26838	1.28062	1.28811	1.26726	1.20627	1.1002	0.961762	0.816175	0.69161	0.597179	0.544619	0.557724	0.64795	0.811778	1.01605	1.22668	1.40402	1.52571	1.57679	1.55025	1.46628	1.35534	1.23819	1.12429	1.03054	0.985472	0.989617	1.034	1.10157	1.17928	1.25366	1.32047	1.37924	1.42892	1.44232	1.40743	1.32259	1.2082	1.07551	0.921807	0.735259	0.520023	0.294195	0.0777291	-0.127344	-0.314483	-0.463286	-0.559008	-0.59968	-0.594504	-0.554141	-0.493403	-0.427543	-0.345886	-0.251574	-0.166503	-0.10058	-0.0537001	-0.0295695	-0.0312337	-0.0553513	-0.0906929	-0.114494	-0.120257	-0.0932958	-0.0350846	0.0405646	0.117402	0.173619	0.193393	0.158288	0.0687797	-0.0690611	-0.246969	-0.448104	-0.637435	-0.782799	-0.871338	-0.89296	-0.844501	-0.735212	-0.594084	-0.443907	-0.292971	-0.14618	0	
0	0.314149	0.595298	0.828557	1.02433	1.18052	1.29505	1.34757	1.3504	1.32882	1.31095	1.29045	1.25795	1.23042	1.22627	1.24995	1.27256	1.27088	1.22179	1.12344	0.990626	0.852992	0.73489	0.649293	0.606597	0.624831	0.713012	0.867598	1.05264	1.2359	1.39064	1.50413	1.55025	1.51395	1.41876	1.30197	1.18282	1.06164	0.961009	0.905039	0.896403	0.925116	0.967313	1.0034	1.03383	1.06301	1.09851	1.13342	1.14511	1.12027	1.06369	0.993953	0.90981	0.799728	0.652223	0.473454	0.278331	0.0857001	-0.110431	-0.296394	-0.457016	-0.57875	-0.654278	-0.687438	-0.688738	-0.667747	-0.628869	-0.565435	-0.485157	-0.407718	-0.339104	-0.280206	-0.241268	-0.2262	-0.231782	-0.246368	-0.250277	-0.241973	-0.205893	-0.147887	-0.0797902	-0.0106306	0.0350248	0.0421823	0.0021341	-0.0851292	-0.218979	-0.390598	-0.575921	-0.741268	-0.870357	-0.95052	-0.961986	-0.901467	-0.787602	-0.645629	-0.483337	-0.315771	-0.156725	0	
0	0.338889	0.639195	0.888022	1.09349	1.25457	1.3581	1.38983	1.36196	1.30596	1.25055	1.20327	1.16226	1.13557	1.13194	1.15477	1.1843	1.19528	1.15916	1.07213	0.951245	0.824964	0.716557	0.637447	0.599456	0.619643	0.708218	0.855071	1.01828	1.1802	1.3245	1.43152	1.46628	1.41876	1.31525	1.18711	1.05415	0.928581	0.828785	0.773142	0.756398	0.767655	0.780168	0.778694	0.768959	0.764374	0.768	0.780131	0.783082	0.771469	0.755569	0.741655	0.712787	0.653121	0.555499	0.422256	0.269213	0.107778	-0.0682292	-0.252239	-0.429641	-0.578391	-0.688833	-0.765455	-0.814161	-0.83096	-0.815868	-0.766125	-0.696857	-0.62508	-0.554391	-0.489692	-0.442193	-0.411267	-0.391472	-0.377976	-0.359933	-0.335334	-0.290512	-0.228456	-0.157772	-0.0930378	-0.0541805	-0.0520279	-0.0901209	-0.177695	-0.318311	-0.487293	-0.666938	-0.831739	-0.956137	-1.01882	-1.00549	-0.926743	-0.803113	-0.649982	-0.475854	-0.30481	-0.149293	0	
0	0.35073	0.662114	0.917354	1.12695	1.27913	1.36521	1.36974	1.31561	1.2266	1.13655	1.06624	1.02016	0.997065	0.988994	1.00686	1.03517	1.05352	1.02824	0.954796	0.847741	0.733669	0.634722	0.561917	0.53094	0.559636	0.656127	0.797039	0.948	1.09985	1.2382	1.33308	1.35534	1.30197	1.18711	1.03379	0.885629	0.753625	0.654718	0.593391	0.566291	0.559726	0.551403	0.524142	0.488451	0.452179	0.427813	0.415967	0.409933	0.414126	0.435099	0.467915	0.488579	0.481232	0.437076	0.361737	0.262442	0.14314	-0.00713407	-0.18193	-0.370554	-0.548087	-0.697123	-0.817946	-0.907667	-0.955569	-0.959743	-0.92739	-0.874734	-0.806867	-0.735404	-0.667432	-0.609454	-0.559703	-0.515039	-0.478874	-0.441292	-0.399905	-0.340097	-0.26505	-0.189091	-0.122088	-0.0816506	-0.0825926	-0.128253	-0.228532	-0.37934	-0.5547	-0.738228	-0.904652	-1.02263	-1.06228	-1.02828	-0.932143	-0.782171	-0.610817	-0.436533	-0.276893	-0.136118	0	
0	0.349606	0.660058	0.915822	1.11462	1.25244	1.31328	1.29645	1.21699	1.1034	0.987544	0.901325	0.852255	0.828106	0.817265	0.829982	0.856305	0.877433	0.860285	0.800222	0.70484	0.600497	0.50905	0.445109	0.429154	0.475169	0.58012	0.719429	0.865344	1.01337	1.14095	1.22233	1.23819	1.18282	1.05415	0.885629	0.724048	0.582231	0.46736	0.390878	0.348306	0.322519	0.296514	0.255314	0.201629	0.153033	0.116212	0.088365	0.0793717	0.0944602	0.139813	0.205769	0.268499	0.308303	0.319653	0.299197	0.254265	0.181342	0.065634	-0.0905281	-0.277682	-0.470349	-0.655434	-0.819446	-0.947705	-1.02905	-1.05673	-1.03949	-0.99689	-0.934348	-0.864805	-0.797347	-0.734825	-0.668365	-0.601649	-0.546066	-0.492977	-0.431863	-0.357712	-0.275449	-0.188132	-0.113776	-0.0692036	-0.0713343	-0.127817	-0.244354	-0.40958	-0.593443	-0.782642	-0.944038	-1.04519	-1.07144	-1.0264	-0.915339	-0.752865	-0.574543	-0.404066	-0.254035	-0.120737	0	
0	0.331191	0.629305	0.870341	1.05087	1.16546	1.20925	1.17466	1.07902	0.950325	0.824565	0.733349	0.680323	0.654171	0.641969	0.65347	0.676778	0.694275	0.679972	0.626216	0.538056	0.438867	0.354572	0.305616	0.314173	0.380432	0.495389	0.636003	0.786169	0.929882	1.04568	1.11565	1.12429	1.06164	0.928581	0.753625	0.582231	0.419103	0.284836	0.1925	0.129713	0.0807944	0.0375385	-0.0158669	-0.0709264	-0.116371	-0.155819	-0.186866	-0.193931	-0.168026	-0.105318	-0.0125881	0.0838335	0.163112	0.216435	0.244195	0.252782	0.230206	0.158262	0.0321201	-0.14339	-0.345239	-0.555115	-0.752777	-0.91496	-1.02631	-1.08125	-1.08794	-1.06108	-1.00468	-0.944385	-0.882805	-0.811584	-0.73682	-0.664023	-0.598699	-0.531392	-0.453496	-0.363451	-0.26046	-0.158281	-0.076389	-0.0295827	-0.0407656	-0.109543	-0.237147	-0.409332	-0.600848	-0.794702	-0.948601	-1.03891	-1.05721	-1.0044	-0.884523	-0.721337	-0.550615	-0.381552	-0.231435	-0.107701	0	
0	0.29497	0.562886	0.778189	0.929895	1.02556	1.05759	1.01563	0.910189	0.779431	0.659892	0.573233	0.520575	0.492862	0.482578	0.493576	0.511181	0.521616	0.503667	0.453386	0.371388	0.28084	0.210093	0.184155	0.219205	0.302922	0.423664	0.569822	0.7254	0.866231	0.974336	1.03467	1.03054	0.961009	0.828785	0.654718	0.46736	0.284836	0.132713	0.0163439	-0.073421	-0.14878	-0.209583	-0.262638	-0.306728	-0.340223	-0.369066	-0.392911	-0.389782	-0.357997	-0.289113	-0.184261	-0.0682211	0.0387071	0.132108	0.206416	0.265992	0.292982	0.261392	0.165976	0.0089151	-0.191154	-0.413369	-0.626132	-0.805773	-0.947758	-1.03455	-1.06387	-1.05642	-1.0207	-0.972635	-0.912078	-0.842837	-0.770775	-0.699201	-0.634699	-0.565149	-0.4733	-0.361233	-0.237504	-0.115987	-0.0232463	0.0204436	-0.00240396	-0.0868743	-0.226419	-0.403835	-0.594589	-0.778027	-0.920051	-1.00448	-1.02022	-0.964234	-0.846026	-0.693181	-0.531384	-0.369335	-0.226456	-0.106201	0	
0	0.241451	0.464065	0.641266	0.764074	0.844661	0.874219	0.831736	0.727033	0.607649	0.506931	0.435995	0.390524	0.366068	0.356124	0.360421	0.368375	0.366837	0.343487	0.295378	0.225506	0.153634	0.107747	0.11116	0.170322	0.266725	0.39425	0.547484	0.709489	0.851604	0.957376	1.00715	0.985472	0.905039	0.773142	0.593391	0.390878	0.1925	0.0163439	-0.127839	-0.244625	-0.340601	-0.409109	-0.455279	-0.486471	-0.505434	-0.517783	-0.521594	-0.511038	-0.480087	-0.410755	-0.302992	-0.175153	-0.0447875	0.0756187	0.181204	0.279159	0.341695	0.343702	0.280374	0.152654	-0.0264259	-0.239398	-0.455339	-0.650333	-0.815092	-0.926267	-0.977478	-0.989745	-0.974167	-0.945047	-0.899676	-0.83995	-0.779534	-0.717385	-0.650626	-0.571968	-0.469169	-0.346582	-0.210593	-0.0806405	0.0158322	0.0577052	0.0247313	-0.0673489	-0.209076	-0.390349	-0.579025	-0.749699	-0.88252	-0.962884	-0.973675	-0.917763	-0.809649	-0.665867	-0.507865	-0.356996	-0.225306	-0.106393	0	
0	0.177368	0.343763	0.47802	0.57483	0.646494	0.678985	0.644108	0.554464	0.458923	0.387562	0.339471	0.309675	0.289285	0.271633	0.258364	0.248584	0.232551	0.201078	0.15637	0.103745	0.0600639	0.0484166	0.0837364	0.164849	0.275067	0.412708	0.574253	0.742658	0.889563	0.994482	1.03075	0.989617	0.896403	0.756398	0.566291	0.348306	0.129713	-0.073421	-0.244625	-0.379521	-0.484348	-0.552266	-0.586909	-0.605956	-0.608405	-0.597591	-0.586831	-0.573404	-0.539582	-0.470243	-0.356967	-0.214355	-0.0695498	0.0612976	0.180482	0.291213	0.369615	0.398385	0.366876	0.271999	0.124132	-0.0621496	-0.261816	-0.455923	-0.635113	-0.765187	-0.837634	-0.878394	-0.894883	-0.889874	-0.8602	-0.815863	-0.767524	-0.705744	-0.634904	-0.55566	-0.45162	-0.325781	-0.187413	-0.0596341	0.0300733	0.0687439	0.0408856	-0.0478127	-0.186441	-0.364192	-0.553908	-0.721383	-0.850237	-0.930655	-0.937193	-0.877555	-0.776927	-0.64057	-0.485354	-0.342386	-0.217124	-0.100949	0	
0	0.106479	0.209531	0.296075	0.366979	0.427974	0.463598	0.444577	0.385288	0.32692	0.291076	0.272836	0.262787	0.247038	0.215496	0.180247	0.152082	0.123343	0.0860884	0.0452993	0.010503	-0.00309804	0.0201752	0.0869347	0.189634	0.318163	0.469429	0.639805	0.815303	0.966591	1.0671	1.08954	1.034	0.925116	0.767655	0.559726	0.322519	0.0807944	-0.14878	-0.340601	-0.484348	-0.587897	-0.645881	-0.669766	-0.67517	-0.658938	-0.63219	-0.61283	-0.591535	-0.551393	-0.474809	-0.35208	-0.204418	-0.0602898	0.069149	0.188406	0.299672	0.385218	0.427637	0.418023	0.359169	0.255197	0.105471	-0.0669449	-0.242696	-0.415429	-0.55306	-0.648533	-0.725174	-0.780035	-0.805788	-0.800002	-0.773255	-0.732573	-0.672257	-0.606472	-0.532269	-0.431814	-0.312835	-0.184789	-0.0624274	0.0266697	0.0655845	0.044914	-0.0382965	-0.172343	-0.33962	-0.521252	-0.69021	-0.823022	-0.902794	-0.912438	-0.854637	-0.751938	-0.617017	-0.463508	-0.322861	-0.201557	-0.0913574	0	
0	0.037885	0.0771837	0.115873	0.155791	0.201212	0.236585	0.242615	0.22625	0.21334	0.214976	0.224075	0.230499	0.213868	0.168674	0.115079	0.0742629	0.0388686	0.000679144	-0.0346164	-0.0534982	-0.040356	0.0173122	0.11643	0.246787	0.4003	0.569124	0.751456	0.930923	1.07878	1.1645	1.17211	1.10157	0.967313	0.780168	0.551403	0.296514	0.0375385	-0.209583	-0.409109	-0.552266	-0.645881	-0.696772	-0.710643	-0.701859	-0.671287	-0.632994	-0.597121	-0.561299	-0.511501	-0.430657	-0.308773	-0.17333	-0.0456321	0.0740989	0.184025	0.290198	0.381985	0.437958	0.449625	0.422923	0.357985	0.251336	0.113687	-0.0398029	-0.193561	-0.326894	-0.439021	-0.540329	-0.626612	-0.68712	-0.712991	-0.70878	-0.680093	-0.626585	-0.562946	-0.494872	-0.406749	-0.297493	-0.179894	-0.0686082	0.0105677	0.0406386	0.0162868	-0.0642814	-0.192568	-0.348409	-0.512311	-0.671635	-0.796242	-0.866271	-0.87932	-0.827519	-0.722855	-0.583324	-0.432685	-0.297924	-0.179156	-0.0783392	0	
