0	0	0	0	0	0	0	0	0	0	0	0	0	0	0	0	0	0	0	0	0	0	0	0	0	0	0	0	0	0	0	0	0	0	0	0	0	0	0	0	0	0	0	0	0	0	0	0	0	0	0	0	0	0	0	0	0	0	0	0	0	0	0	0	0	0	0	0	0	0	0	0	0	0	0	0	0	0	0	0	0	0	0	0	0	0	0	0	0	0	0	0	0	0	0	0	0	0	0	0	
0	0.0723376	0.11531	0.12133	0.100606	0.0603484	-0.00315854	-0.0925158	-0.199055	-0.307502	-0.404656	-0.482955	-0.540647	-0.579908	-0.604213	-0.616319	-0.616857	-0.605817	-0.584828	-0.556128	-0.52169	-0.483929	-0.445225	-0.407429	-0.372265	-0.341074	-0.314788	-0.294193	-0.279726	-0.271697	-0.270278	-0.275445	-0.287187	-0.305201	-0.329194	-0.358514	-0.392316	-0.429425	-0.468211	-0.506744	-0.542895	-0.574069	-0.598202	-0.613309	-0.61743	-0.610063	-0.590928	-0.558045	-0.508059	-0.43797	-0.347535	-0.241275	-0.12892	-0.0231647	0.0680822	0.149633	0.232427	0.314341	0.373129	0.383659	0.340412	0.261805	0.175951	0.104272	0.0549653	0.0259776	0.0110861	0.00429894	0.00152321	0.000495588	0.000148716	4.13222e-05	1.06694e-05	2.56812e-06	5.77939e-07	1.21925e-07	2.41713e-08	4.51317e-09	7.95299e-10	1.32519e-10	2.09166e-11	3.13249e-12	4.45802e-13	6.03772e-14	7.79238e-15	9.59587e-16	1.12885e-16	1.27002e-17	1.36797e-18	1.41211e-19	1.39831e-20	1.32946e-21	1.21466e-22	1.06734e-23	9.02736e-25	7.35441e-26	5.77533e-27	4.37454e-28	3.18297e-29	0	
0	0.11531	0.197539	0.227959	0.199653	0.110576	-0.0322871	-0.209415	-0.398522	-0.584031	-0.755439	-0.90442	-1.02504	-1.11368	-1.16943	-1.19346	-1.1881	-1.1583	-1.11025	-1.0489	-0.979039	-0.905519	-0.832076	-0.761829	-0.697558	-0.641099	-0.594001	-0.557326	-0.531689	-0.517591	-0.515165	-0.524489	-0.545397	-0.577605	-0.620503	-0.673324	-0.734693	-0.802928	-0.875692	-0.949778	-1.02173	-1.08713	-1.14092	-1.17856	-1.19426	-1.18245	-1.13969	-1.06419	-0.95594	-0.817316	-0.652882	-0.468817	-0.271567	-0.068537	0.129027	0.310049	0.470305	0.604935	0.694468	0.710842	0.642821	0.511343	0.358243	0.22208	0.122571	0.0606254	0.0270445	0.0109456	0.00404105	0.00136767	0.000426223	0.000122801	3.28294e-05	8.17054e-06	1.89878e-06	4.13166e-07	8.43913e-08	1.6218e-08	2.93868e-09	5.03059e-10	8.15069e-11	1.25204e-11	1.82635e-12	2.53357e-13	3.34713e-14	4.21668e-15	5.0718e-16	5.83108e-17	6.41517e-18	6.76066e-19	6.83153e-20	6.6252e-21	6.17186e-22	5.52758e-23	4.76325e-24	3.95233e-25	3.16011e-26	2.43635e-27	1.80352e-28	0	
0	0.12133	0.227959	0.28713	0.258368	0.127125	-0.0803962	-0.323345	-0.575364	-0.822625	-1.05283	-1.25511	-1.42038	-1.54194	-1.61748	-1.64787	-1.63825	-1.59699	-1.53091	-1.44643	-1.35125	-1.25169	-1.15257	-1.05864	-0.97322	-0.898639	-0.836954	-0.789069	-0.755833	-0.737661	-0.734587	-0.746899	-0.774112	-0.816314	-0.872494	-0.942038	-1.02327	-1.11401	-1.21149	-1.31167	-1.40932	-1.49916	-1.57352	-1.62544	-1.64858	-1.63489	-1.57779	-1.47451	-1.32583	-1.13644	-0.913477	-0.664661	-0.396793	-0.113069	0.179263	0.455583	0.683159	0.844258	0.935766	0.951174	0.881296	0.734613	0.545974	0.360804	0.212391	0.111846	0.0529715	0.022689	0.00883672	0.00314534	0.00102795	0.000309776	8.64139e-05	2.23926e-05	5.40763e-06	1.22056e-06	2.58183e-07	5.1307e-08	9.60043e-09	1.69503e-09	2.82927e-10	4.47263e-11	6.70762e-12	9.55801e-13	1.29596e-13	1.67432e-14	2.06376e-15	2.42987e-16	2.73592e-17	2.94907e-18	3.0463e-19	3.01844e-20	2.87152e-21	2.62507e-22	2.30794e-23	1.95303e-24	1.59191e-25	1.25069e-26	9.42959e-28	0	
0	0.100606	0.199653	0.258368	0.225917	0.0883241	-0.131798	-0.407831	-0.71386	-1.017	-1.29047	-1.52061	-1.70025	-1.82822	-1.90613	-1.93658	-1.92612	-1.88069	-1.80597	-1.71107	-1.60488	-1.49361	-1.38366	-1.28046	-1.18698	-1.1063	-1.03989	-0.988588	-0.953244	-0.933825	-0.930635	-0.94366	-0.972752	-1.01781	-1.07838	-1.15348	-1.24203	-1.34158	-1.44891	-1.56041	-1.66951	-1.76995	-1.85421	-1.91224	-1.93739	-1.92387	-1.86534	-1.75756	-1.59802	-1.38567	-1.12304	-0.816024	-0.477891	-0.128252	0.218657	0.545957	0.818132	1.00114	1.09178	1.10584	1.0489	0.918626	0.729159	0.518176	0.328253	0.185558	0.0939741	0.042859	0.0176997	0.00665431	0.00228892	0.000723691	0.000211201	5.71111e-05	1.43594e-05	3.36754e-06	7.38763e-07	1.52005e-07	2.94049e-08	5.35991e-09	9.22493e-10	1.50197e-10	2.3175e-11	3.39429e-12	4.72623e-13	6.26527e-14	7.91783e-15	9.55128e-16	1.10109e-16	1.21442e-17	1.28283e-18	1.29912e-19	1.26248e-20	1.17838e-21	1.05731e-22	9.12695e-24	7.5857e-25	6.07463e-26	4.6656e-27	0	
0	0.0603484	0.110576	0.127125	0.0883241	-0.0192353	-0.211728	-0.489359	-0.81294	-1.13343	-1.42286	-1.6642	-1.84847	-1.97589	-2.04724	-2.06822	-2.04687	-1.98985	-1.90779	-1.81141	-1.70738	-1.60167	-1.50091	-1.408	-1.32544	-1.25543	-1.19795	-1.15419	-1.12399	-1.10734	-1.10478	-1.11543	-1.14051	-1.17853	-1.23092	-1.29595	-1.37377	-1.46291	-1.56074	-1.66438	-1.77008	-1.87011	-1.95938	-2.02792	-2.06461	-2.06138	-2.01065	-1.90566	-1.74296	-1.52008	-1.23834	-0.904536	-0.528928	-0.138435	0.231114	0.563048	0.846642	1.05384	1.1645	1.19121	1.15482	1.05681	0.893405	0.68311	0.466799	0.284123	0.154332	0.0751525	0.0329879	0.0131263	0.00476048	0.00158147	0.000483465	0.000136574	3.57856e-05	8.72712e-06	1.98704e-06	4.23586e-07	8.4762e-08	1.59594e-08	2.83355e-09	4.75361e-10	7.54919e-11	1.13688e-11	1.62615e-12	2.21255e-13	2.86763e-14	3.54504e-15	4.18527e-16	4.72428e-17	5.10429e-18	5.2841e-19	5.24652e-20	5.00078e-21	4.5799e-22	4.03356e-23	3.41887e-24	2.79098e-25	2.18396e-26	0	
0	-0.00315854	-0.0322871	-0.0803962	-0.131798	-0.211728	-0.367229	-0.600318	-0.874568	-1.16339	-1.44048	-1.67489	-1.85363	-1.97099	-2.02771	-2.03499	-2.002	-1.94119	-1.86484	-1.78032	-1.69312	-1.60991	-1.53393	-1.46561	-1.40719	-1.35797	-1.31827	-1.28845	-1.26765	-1.25655	-1.25471	-1.26195	-1.27896	-1.30492	-1.34065	-1.3861	-1.44092	-1.50536	-1.57927	-1.65916	-1.74506	-1.83119	-1.91148	-1.9802	-2.02585	-2.03613	-1.99992	-1.90655	-1.7494	-1.52903	-1.24847	-0.922317	-0.565627	-0.187533	0.181147	0.505619	0.781869	1.00725	1.15708	1.21978	1.21308	1.15098	1.0271	0.840424	0.618249	0.405161	0.236258	0.122987	0.0574528	0.0242253	0.00927322	0.00324002	0.00103844	0.000306679	8.37985e-05	2.12636e-05	5.02733e-06	1.11085e-06	2.30035e-07	4.47556e-08	8.20014e-09	1.41788e-09	2.31824e-10	3.5906e-11	5.27715e-12	7.37119e-13	9.79986e-14	1.24177e-14	1.50164e-15	1.73506e-16	1.91771e-17	2.02973e-18	2.05931e-19	2.00472e-20	1.87424e-21	1.68429e-22	1.45608e-23	1.21186e-24	9.66228e-26	0	
0	-0.0925158	-0.209415	-0.323345	-0.407831	-0.489359	-0.600318	-0.745378	-0.93329	-1.15799	-1.3771	-1.56318	-1.70619	-1.79532	-1.83779	-1.84145	-1.81517	-1.77181	-1.71815	-1.66164	-1.60772	-1.56063	-1.51871	-1.48317	-1.45344	-1.42844	-1.40921	-1.39412	-1.38404	-1.37876	-1.37746	-1.38185	-1.38936	-1.40329	-1.41996	-1.44306	-1.47054	-1.50334	-1.54298	-1.58908	-1.63956	-1.69567	-1.75041	-1.79923	-1.83356	-1.84341	-1.81681	-1.74532	-1.61855	-1.43558	-1.19867	-0.911976	-0.601062	-0.278204	0.0569509	0.375416	0.651477	0.889349	1.0801	1.19581	1.23225	1.20749	1.12557	0.976709	0.769411	0.541619	0.338827	0.188586	0.0938049	0.0419399	0.0169558	0.00623452	0.00209603	0.000647465	0.000184572	4.87496e-05	1.19726e-05	2.74298e-06	5.87974e-07	1.18238e-07	2.23607e-08	3.98584e-09	6.7106e-10	1.06915e-10	1.61482e-11	2.31596e-12	3.15881e-13	4.10324e-14	5.08301e-15	6.01246e-16	6.79884e-17	7.35786e-18	7.62887e-19	7.58564e-20	7.24029e-21	6.63956e-22	5.85479e-23	4.96828e-24	4.03642e-25	0	
0	-0.199055	-0.398522	-0.575364	-0.71386	-0.81294	-0.874568	-0.93329	-1.03045	-1.14915	-1.26324	-1.37047	-1.45077	-1.49894	-1.52268	-1.52238	-1.51182	-1.49565	-1.48133	-1.47215	-1.46821	-1.46739	-1.46721	-1.46785	-1.46748	-1.46715	-1.46609	-1.46436	-1.46367	-1.4625	-1.4624	-1.46334	-1.4638	-1.46592	-1.46686	-1.46777	-1.46803	-1.46802	-1.46598	-1.46792	-1.47038	-1.47764	-1.48921	-1.50507	-1.51881	-1.52417	-1.51033	-1.46855	-1.39294	-1.27305	-1.1155	-0.912217	-0.662469	-0.394667	-0.110768	0.190012	0.475539	0.729241	0.952645	1.1229	1.21394	1.23156	1.19007	1.0841	0.907632	0.683359	0.457676	0.272135	0.144102	0.0683197	0.0291773	0.0112926	0.00398334	0.00128726	0.000382911	0.000105288	2.68641e-05	6.38236e-06	1.41633e-06	2.9441e-07	5.74744e-08	1.05624e-08	1.83129e-09	3.00147e-10	4.65907e-11	6.86116e-12	9.60119e-13	1.27858e-13	1.62261e-14	1.96493e-15	2.27332e-16	2.51568e-17	2.66566e-18	2.7074e-19	2.63828e-20	2.46893e-21	2.22074e-22	1.92146e-23	1.59072e-24	0	
0	-0.307502	-0.584031	-0.822625	-1.017	-1.13343	-1.16339	-1.15799	-1.14915	-1.13898	-1.14771	-1.16217	-1.16064	-1.15604	-1.14498	-1.13909	-1.14682	-1.1664	-1.20201	-1.24191	-1.28523	-1.32387	-1.35846	-1.38564	-1.40815	-1.42386	-1.43455	-1.44248	-1.44637	-1.44863	-1.44927	-1.44704	-1.44471	-1.43712	-1.42923	-1.4144	-1.39539	-1.37088	-1.33873	-1.3001	-1.25937	-1.21769	-1.18007	-1.15199	-1.14029	-1.13975	-1.14939	-1.15068	-1.13977	-1.09899	-1.01843	-0.907582	-0.744009	-0.529766	-0.289005	-0.0172503	0.271902	0.544989	0.794174	1.00944	1.158	1.22507	1.22415	1.16054	1.02383	0.819655	0.585731	0.371388	0.209153	0.105095	0.0473981	0.0193058	0.00714405	0.00241503	0.000749538	0.000214544	5.68666e-05	1.4009e-05	3.21816e-06	6.91447e-07	1.39332e-07	2.63975e-08	4.71291e-09	7.94591e-10	1.26756e-10	1.91663e-11	2.75158e-12	3.75637e-13	4.88347e-14	6.05408e-15	7.16604e-16	8.10846e-17	8.78039e-18	9.10889e-19	9.06207e-20	8.65389e-21	7.93976e-22	7.00434e-23	5.90868e-24	0	
0	-0.404656	-0.755439	-1.05283	-1.29047	-1.42286	-1.44048	-1.3771	-1.26324	-1.14771	-1.05406	-0.961401	-0.885551	-0.830158	-0.792963	-0.792795	-0.816305	-0.867268	-0.929044	-0.994642	-1.05824	-1.11344	-1.16031	-1.19916	-1.22929	-1.25128	-1.26854	-1.28103	-1.28742	-1.29308	-1.29271	-1.29015	-1.28469	-1.27322	-1.25943	-1.23844	-1.21191	-1.17584	-1.13502	-1.08071	-1.02078	-0.954387	-0.892393	-0.83372	-0.798426	-0.78676	-0.806065	-0.847296	-0.890512	-0.931657	-0.933432	-0.892211	-0.809108	-0.66057	-0.460031	-0.219563	0.0600136	0.347773	0.618681	0.867155	1.06731	1.1882	1.23077	1.20775	1.11355	0.941522	0.714682	0.4819	0.288141	0.15328	0.0729451	0.0312491	0.0121249	0.00428578	0.00138732	0.000413231	0.000113748	2.90477e-05	6.9058e-06	1.53328e-06	3.18846e-07	6.22628e-08	1.14446e-08	1.98451e-09	3.25282e-10	5.04934e-11	7.4358e-12	1.04049e-12	1.38553e-13	1.75819e-14	2.12894e-15	2.46286e-16	2.72519e-17	2.88742e-18	2.93242e-19	2.85737e-20	2.67383e-21	2.40485e-22	2.06697e-23	0	
0	-0.482955	-0.90442	-1.25511	-1.52061	-1.6642	-1.67489	-1.56318	-1.37047	-1.16217	-0.961401	-0.789813	-0.666928	-0.576606	-0.537568	-0.54066	-0.574553	-0.633751	-0.693372	-0.757643	-0.809314	-0.857821	-0.896668	-0.932948	-0.958083	-0.983922	-1.0024	-1.01616	-1.02713	-1.0318	-1.03295	-1.02958	-1.02062	-1.00941	-0.990647	-0.970144	-0.943721	-0.910948	-0.873993	-0.830245	-0.779295	-0.719218	-0.657324	-0.597671	-0.548889	-0.532098	-0.544773	-0.603199	-0.67888	-0.763436	-0.839532	-0.867338	-0.846139	-0.761612	-0.607603	-0.401367	-0.143702	0.147067	0.435001	0.707371	0.948494	1.12215	1.21177	1.2288	1.17626	1.04306	0.836627	0.597815	0.378623	0.212875	0.106763	0.0480543	0.0195337	0.00721399	0.00243391	0.000753958	0.00021541	5.69939e-05	1.40161e-05	3.2144e-06	6.89527e-07	1.38729e-07	2.62442e-08	4.67885e-09	7.87767e-10	1.25502e-10	1.8953e-11	2.71769e-12	3.70588e-13	4.81259e-14	5.96007e-15	7.04787e-16	7.96739e-17	8.62013e-18	8.93531e-19	8.88257e-20	8.4764e-21	7.77136e-22	6.80465e-23	0	
0	-0.540647	-1.02504	-1.42038	-1.70025	-1.84847	-1.85363	-1.70619	-1.45077	-1.16064	-0.885551	-0.666928	-0.507329	-0.411946	-0.384635	-0.39376	-0.434817	-0.475214	-0.514165	-0.544772	-0.572449	-0.600874	-0.627931	-0.652898	-0.678439	-0.70185	-0.720838	-0.735298	-0.748856	-0.751645	-0.755444	-0.750145	-0.740574	-0.728621	-0.708557	-0.688621	-0.663277	-0.639246	-0.610149	-0.585167	-0.555117	-0.528011	-0.489962	-0.452661	-0.406142	-0.379529	-0.380352	-0.42431	-0.514544	-0.618884	-0.72946	-0.813851	-0.850151	-0.825273	-0.722041	-0.553608	-0.32692	-0.0475275	0.249509	0.538961	0.810002	1.03039	1.16874	1.2267	1.21384	1.12163	0.945324	0.712907	0.476877	0.282768	0.149203	0.0704617	0.0299701	0.0115519	0.00405831	0.00130627	0.00038705	0.000106023	2.69523e-05	6.38052e-06	1.41105e-06	2.92341e-07	5.68883e-08	1.04226e-08	1.80172e-09	2.94467e-10	4.55852e-11	6.69572e-12	9.34654e-13	1.24174e-13	1.57233e-14	1.89999e-15	2.19376e-16	2.42302e-17	2.56286e-18	2.59859e-19	2.52824e-20	2.36233e-21	2.10678e-22	0	
0	-0.579908	-1.11368	-1.54194	-1.82822	-1.97589	-1.97099	-1.79532	-1.49894	-1.15604	-0.830158	-0.576606	-0.411946	-0.337126	-0.321621	-0.33588	-0.354694	-0.359868	-0.365297	-0.368596	-0.385391	-0.399463	-0.422131	-0.441769	-0.467447	-0.483842	-0.503179	-0.516419	-0.525696	-0.531745	-0.532023	-0.528945	-0.520917	-0.508278	-0.493507	-0.473268	-0.452076	-0.430521	-0.407514	-0.390943	-0.374589	-0.365599	-0.361382	-0.356774	-0.342856	-0.316575	-0.305001	-0.319571	-0.385282	-0.491579	-0.619164	-0.737565	-0.818068	-0.847706	-0.799862	-0.673743	-0.482708	-0.226863	0.0684913	0.368585	0.660065	0.918332	1.10394	1.20408	1.22927	1.17728	1.03679	0.821552	0.5785	0.360854	0.199913	0.0988835	0.0439421	0.0176535	0.00644976	0.00215467	0.000661419	0.000187395	4.91995e-05	1.20128e-05	2.7367e-06	5.8343e-07	1.16706e-07	2.19591e-08	3.89514e-09	6.52711e-10	1.03524e-10	1.55685e-11	2.22361e-12	3.02091e-13	3.90936e-14	4.82552e-15	5.68849e-16	6.41177e-17	6.91782e-18	7.15198e-19	7.09217e-20	6.75168e-21	6.13106e-22	0	
0	-0.604213	-1.16943	-1.61748	-1.90613	-2.04724	-2.02771	-1.83779	-1.52268	-1.14498	-0.792963	-0.537568	-0.384635	-0.321621	-0.307348	-0.302372	-0.287274	-0.269613	-0.261109	-0.265478	-0.274856	-0.287088	-0.303469	-0.318943	-0.332075	-0.345129	-0.354919	-0.363859	-0.367409	-0.372681	-0.371198	-0.369792	-0.366016	-0.357035	-0.350239	-0.336739	-0.324952	-0.309288	-0.294061	-0.278045	-0.270201	-0.260876	-0.26432	-0.277314	-0.294181	-0.29378	-0.281647	-0.277698	-0.310629	-0.3879	-0.507117	-0.645898	-0.7606	-0.833554	-0.839514	-0.760983	-0.609098	-0.384743	-0.101847	0.201814	0.505838	0.79227	1.0206	1.16337	1.22572	1.21179	1.10932	0.919397	0.679051	0.444324	0.25784	0.133311	0.0617827	0.0258283	0.00979913	0.00339296	0.00107767	0.000315431	8.54348e-05	2.14931e-05	5.03915e-06	1.10443e-06	2.26909e-07	4.38119e-08	7.96839e-09	1.36808e-09	2.22164e-10	3.41854e-11	4.99287e-12	6.93239e-13	9.16378e-14	1.15484e-14	1.38925e-15	1.59726e-16	1.75711e-17	1.85147e-18	1.87055e-19	1.81362e-20	1.67631e-21	0	
0	-0.616319	-1.19346	-1.64787	-1.93658	-2.06822	-2.03499	-1.84145	-1.52238	-1.13909	-0.792795	-0.54066	-0.39376	-0.33588	-0.302372	-0.269212	-0.233978	-0.213346	-0.213928	-0.219993	-0.226277	-0.232182	-0.238209	-0.241686	-0.245342	-0.248866	-0.250628	-0.253404	-0.254753	-0.256043	-0.256072	-0.255736	-0.254298	-0.252132	-0.249842	-0.246595	-0.242962	-0.240256	-0.235429	-0.227889	-0.223086	-0.216778	-0.211192	-0.220536	-0.248536	-0.27272	-0.278868	-0.265862	-0.271187	-0.320687	-0.413701	-0.547466	-0.683815	-0.79176	-0.845247	-0.815677	-0.705883	-0.518199	-0.256794	0.0433005	0.353306	0.65861	0.922852	1.10708	1.20614	1.22786	1.16306	1.00366	0.774606	0.530048	0.321359	0.173285	0.0835855	0.0362945	0.0142749	0.0051149	0.00167848	0.000506846	0.000141441	3.66179e-05	8.82548e-06	1.98646e-06	4.18753e-07	8.28913e-08	1.54443e-08	2.71447e-09	4.50959e-10	7.09472e-11	1.05884e-11	1.50147e-12	2.02604e-13	2.60515e-14	3.19623e-15	3.74629e-16	4.19975e-17	4.50796e-18	4.63785e-19	4.57753e-20	4.30454e-21	0	
0	-0.616857	-1.1881	-1.63825	-1.92612	-2.04687	-2.002	-1.81517	-1.51182	-1.14682	-0.816305	-0.574553	-0.434817	-0.354694	-0.287274	-0.233978	-0.197535	-0.199107	-0.206132	-0.206737	-0.198026	-0.194878	-0.19138	-0.187729	-0.185371	-0.186514	-0.185133	-0.188113	-0.186936	-0.188995	-0.188256	-0.187556	-0.188343	-0.185502	-0.186441	-0.186698	-0.185542	-0.18926	-0.194423	-0.195289	-0.203092	-0.207529	-0.201948	-0.191033	-0.206613	-0.240425	-0.268858	-0.272816	-0.260965	-0.277323	-0.341717	-0.458698	-0.599824	-0.730618	-0.823481	-0.840707	-0.773896	-0.626014	-0.393407	-0.103653	0.207075	0.523279	0.815414	1.03802	1.17325	1.22849	1.19947	1.07308	0.862119	0.614957	0.388464	0.217933	0.109171	0.0491385	0.0199978	0.00740214	0.00250551	0.000779341	0.000223753	5.95312e-05	1.47304e-05	3.40081e-06	7.34731e-07	1.48941e-07	2.83989e-08	5.10465e-09	8.66771e-10	1.39298e-10	2.12253e-11	3.07146e-12	4.22748e-13	5.54221e-14	6.92996e-15	8.27502e-16	9.44733e-17	1.03237e-17	1.08093e-18	1.08543e-19	1.03788e-20	0	
0	-0.605817	-1.1583	-1.59699	-1.88069	-1.98985	-1.94119	-1.77181	-1.49565	-1.1664	-0.867268	-0.633751	-0.475214	-0.359868	-0.269613	-0.213346	-0.199107	-0.208149	-0.197125	-0.178544	-0.165325	-0.16887	-0.159868	-0.159831	-0.160371	-0.162917	-0.160662	-0.164455	-0.163198	-0.1631	-0.165407	-0.161684	-0.164231	-0.162436	-0.159771	-0.16247	-0.160419	-0.158235	-0.166611	-0.166543	-0.170475	-0.18946	-0.205147	-0.198344	-0.189797	-0.209848	-0.245042	-0.26641	-0.263284	-0.262481	-0.293207	-0.382777	-0.517664	-0.659996	-0.782237	-0.841353	-0.81578	-0.708102	-0.509711	-0.23689	0.0701796	0.391164	0.703153	0.95939	1.1296	1.21655	1.22076	1.12773	0.939583	0.696348	0.457	0.26606	0.138091	0.0642896	0.0270179	0.0103113	0.00359365	0.00114949	0.000338996	9.25496e-05	2.34772e-05	5.55205e-06	1.22773e-06	2.54561e-07	4.96135e-08	9.11019e-09	1.57939e-09	2.59019e-10	4.02564e-11	5.93918e-12	8.33072e-13	1.11258e-13	1.41666e-14	1.72203e-15	2.00065e-16	2.22408e-17	2.36832e-18	2.41794e-19	2.34941e-20	0	
0	-0.584828	-1.11025	-1.53091	-1.80597	-1.90779	-1.86484	-1.71815	-1.48133	-1.20201	-0.929044	-0.693372	-0.514165	-0.365297	-0.261109	-0.213928	-0.206132	-0.197125	-0.169244	-0.156315	-0.161866	-0.161912	-0.153561	-0.157987	-0.158605	-0.151837	-0.155458	-0.151538	-0.152236	-0.15116	-0.151553	-0.152679	-0.150905	-0.156104	-0.152972	-0.155397	-0.159697	-0.153863	-0.15855	-0.164212	-0.157362	-0.160091	-0.18535	-0.198472	-0.192114	-0.193496	-0.222391	-0.2573	-0.262151	-0.256653	-0.266736	-0.326158	-0.444075	-0.586825	-0.727991	-0.823412	-0.836452	-0.766552	-0.604648	-0.354694	-0.0555176	0.265779	0.590545	0.874667	1.07769	1.19474	1.22944	1.16861	1.00601	0.772085	0.524877	0.316266	0.169658	0.0815123	0.0352984	0.0138621	0.00496485	0.00163016	0.000492969	0.000137878	3.5801e-05	8.65958e-06	1.95722e-06	4.14517e-07	8.24732e-08	1.54514e-08	2.73175e-09	4.56661e-10	7.23137e-11	1.08658e-11	1.55167e-12	2.10902e-13	2.73213e-14	3.37771e-15	3.98999e-16	4.50866e-17	4.87883e-18	5.06043e-19	4.99285e-20	0	
0	-0.556128	-1.0489	-1.44643	-1.71107	-1.81141	-1.78032	-1.66164	-1.47215	-1.24191	-0.994642	-0.757643	-0.544772	-0.368596	-0.265478	-0.219993	-0.206737	-0.178544	-0.156315	-0.160797	-0.167539	-0.155826	-0.15043	-0.152749	-0.144536	-0.138653	-0.143693	-0.13408	-0.137698	-0.13616	-0.13293	-0.139089	-0.132712	-0.140692	-0.140349	-0.140735	-0.151455	-0.150568	-0.151609	-0.163646	-0.165421	-0.154049	-0.164216	-0.188943	-0.191526	-0.189323	-0.200711	-0.238423	-0.260292	-0.258517	-0.254912	-0.286044	-0.382719	-0.518741	-0.667505	-0.790954	-0.840169	-0.805355	-0.679136	-0.455948	-0.168708	0.149467	0.481276	0.787307	1.02008	1.16552	1.22806	1.19731	1.06126	0.840679	0.590235	0.367081	0.20301	0.100418	0.0447089	0.0180285	0.00662252	0.00222778	0.000689564	0.000197239	5.2336e-05	1.29274e-05	2.98186e-06	6.44129e-07	1.30647e-07	2.49402e-08	4.49081e-09	7.64275e-10	1.23164e-10	1.88266e-11	2.73411e-12	3.77801e-13	4.97417e-14	6.24825e-15	7.49738e-16	8.60354e-17	9.45222e-18	9.95161e-19	9.96185e-20	0	
0	-0.52169	-0.979039	-1.35125	-1.60488	-1.70738	-1.69312	-1.60772	-1.46821	-1.28523	-1.05824	-0.809314	-0.572449	-0.385391	-0.274856	-0.226277	-0.198026	-0.165325	-0.161866	-0.167539	-0.160417	-0.137444	-0.14419	-0.138898	-0.132283	-0.133176	-0.135677	-0.127543	-0.134517	-0.131508	-0.12868	-0.13633	-0.127861	-0.134065	-0.134004	-0.132343	-0.13418	-0.146459	-0.136793	-0.151243	-0.165759	-0.165102	-0.155621	-0.175108	-0.18592	-0.187064	-0.191493	-0.222033	-0.25036	-0.255891	-0.252441	-0.263119	-0.333906	-0.458338	-0.607857	-0.749672	-0.830156	-0.82795	-0.735491	-0.540757	-0.268636	0.0437445	0.378177	0.700486	0.95931	1.13114	1.21903	1.21574	1.1059	0.901283	0.651552	0.417078	0.23718	0.120491	0.0550281	0.0227349	0.00854744	0.00294	0.000929691	0.000271462	7.34801e-05	1.85037e-05	4.34883e-06	9.56691e-07	1.97518e-07	3.83647e-08	7.02602e-09	1.2157e-09	1.99116e-10	3.09246e-11	4.56173e-12	6.40085e-13	8.55546e-14	1.09074e-14	1.32805e-15	1.54606e-16	1.72282e-17	1.83936e-18	1.86635e-19	0	
0	-0.483929	-0.905519	-1.25169	-1.49361	-1.60167	-1.60991	-1.56063	-1.46739	-1.32387	-1.11344	-0.857821	-0.600874	-0.399463	-0.287088	-0.232182	-0.194878	-0.16887	-0.161912	-0.155826	-0.137444	-0.136252	-0.145687	-0.136862	-0.133585	-0.141993	-0.130596	-0.136259	-0.133274	-0.131994	-0.134397	-0.13067	-0.137207	-0.131149	-0.137566	-0.139688	-0.131432	-0.144675	-0.139346	-0.136029	-0.146012	-0.160738	-0.158258	-0.170877	-0.181767	-0.184015	-0.182724	-0.20513	-0.242466	-0.25476	-0.250646	-0.25028	-0.298525	-0.406727	-0.551992	-0.705201	-0.810938	-0.83759	-0.776134	-0.610026	-0.355206	-0.05057	0.28328	0.616947	0.897817	1.09371	1.20453	1.22591	1.14093	0.953605	0.707689	0.46496	0.271163	0.141125	0.065956	0.0278567	0.010696	0.00375408	0.0012104	0.00036011	9.9257e-05	2.54375e-05	6.08127e-06	1.3602e-06	2.8541e-07	5.63196e-08	1.0475e-08	1.84013e-09	3.05898e-10	4.82066e-11	7.21357e-12	1.02654e-12	1.39123e-13	1.79806e-14	2.21889e-15	2.61763e-16	2.95529e-17	3.19619e-18	3.28394e-19	0	
0	-0.445225	-0.832076	-1.15257	-1.38366	-1.50091	-1.53393	-1.51871	-1.46721	-1.35846	-1.16031	-0.896668	-0.627931	-0.422131	-0.303469	-0.238209	-0.19138	-0.159868	-0.153561	-0.15043	-0.14419	-0.145687	-0.142642	-0.133388	-0.133865	-0.132918	-0.124323	-0.129458	-0.124408	-0.123573	-0.127622	-0.121392	-0.129258	-0.125551	-0.128698	-0.134401	-0.132868	-0.139489	-0.144274	-0.145265	-0.146323	-0.151609	-0.148974	-0.160586	-0.178626	-0.182615	-0.18094	-0.194035	-0.228967	-0.250318	-0.251201	-0.2441	-0.274376	-0.365626	-0.50181	-0.66026	-0.78628	-0.838037	-0.803937	-0.665101	-0.428722	-0.133182	0.197906	0.538912	0.837838	1.05519	1.18656	1.22974	1.1676	0.997795	0.757887	0.509623	0.303984	0.161665	0.0771327	0.0332262	0.0130007	0.00464633	0.00152439	0.000461207	0.000129204	3.36382e-05	8.16588e-06	1.85392e-06	3.94711e-07	7.90042e-08	1.49003e-08	2.65351e-09	4.47064e-10	7.13867e-11	1.08215e-11	1.55971e-12	2.14054e-13	2.80094e-14	3.49895e-15	4.17775e-16	4.77313e-17	5.22324e-18	5.42819e-19	0	
0	-0.407429	-0.761829	-1.05864	-1.28046	-1.408	-1.46561	-1.48317	-1.46785	-1.38564	-1.19916	-0.932948	-0.652898	-0.441769	-0.318943	-0.241686	-0.187729	-0.159831	-0.157987	-0.152749	-0.138898	-0.136862	-0.133388	-0.127841	-0.127044	-0.126616	-0.121888	-0.1261	-0.121663	-0.123115	-0.124236	-0.12084	-0.125926	-0.122147	-0.125551	-0.126715	-0.126984	-0.130909	-0.136092	-0.136675	-0.146058	-0.15526	-0.150523	-0.15436	-0.171724	-0.181686	-0.177495	-0.183567	-0.219212	-0.24627	-0.251634	-0.240893	-0.256726	-0.333809	-0.46018	-0.618229	-0.758713	-0.832004	-0.821821	-0.707867	-0.489872	-0.204137	0.122832	0.468078	0.781337	1.01734	1.16687	1.22902	1.18727	1.03431	0.801719	0.550174	0.334744	0.181447	0.0881616	0.0386433	0.015374	0.0055829	0.00186001	0.000571147	0.000162313	4.28501e-05	1.05438e-05	2.42555e-06	5.23107e-07	1.06031e-07	2.02458e-08	3.64938e-09	6.22204e-10	1.00522e-10	1.54144e-11	2.24704e-12	3.11849e-13	4.12588e-14	5.21053e-15	6.28869e-16	7.26175e-17	8.03054e-18	8.43131e-19	0	
0	-0.372265	-0.697558	-0.97322	-1.18698	-1.32544	-1.40719	-1.45344	-1.46748	-1.40815	-1.22929	-0.958083	-0.678439	-0.467447	-0.332075	-0.245342	-0.185371	-0.160371	-0.158605	-0.144536	-0.132283	-0.133585	-0.133865	-0.127044	-0.129405	-0.128823	-0.124655	-0.127032	-0.124492	-0.123944	-0.125966	-0.122911	-0.127199	-0.125209	-0.126784	-0.13033	-0.12684	-0.131448	-0.134223	-0.132265	-0.136597	-0.152263	-0.151022	-0.149717	-0.166305	-0.177856	-0.17948	-0.179196	-0.207653	-0.238352	-0.251214	-0.242396	-0.246208	-0.3083	-0.425264	-0.581344	-0.731598	-0.822088	-0.832148	-0.740219	-0.539647	-0.263763	0.0584286	0.405677	0.729969	0.981738	1.14698	1.22534	1.20129	1.06382	0.839026	0.585938	0.362649	0.199832	0.0986335	0.0438879	0.0177133	0.00652171	0.0022018	0.000684813	0.000197043	5.26481e-05	1.31072e-05	3.04987e-06	6.65128e-07	1.36297e-07	2.6305e-08	4.79165e-09	8.25437e-10	1.34718e-10	2.08661e-11	3.07194e-12	4.30505e-13	5.75081e-14	7.33203e-15	8.93278e-16	1.04114e-16	1.16201e-17	1.23096e-18	0	
0	-0.341074	-0.641099	-0.898639	-1.1063	-1.25543	-1.35797	-1.42844	-1.46715	-1.42386	-1.25128	-0.983922	-0.70185	-0.483842	-0.345129	-0.248866	-0.186514	-0.162917	-0.151837	-0.138653	-0.133176	-0.141993	-0.132918	-0.126616	-0.128823	-0.124518	-0.118305	-0.123896	-0.117106	-0.118002	-0.121572	-0.114329	-0.123552	-0.118823	-0.12213	-0.126876	-0.128949	-0.127333	-0.140809	-0.135896	-0.134242	-0.142364	-0.15041	-0.148274	-0.1631	-0.176053	-0.176783	-0.174683	-0.201109	-0.233654	-0.249181	-0.241865	-0.239815	-0.290681	-0.39763	-0.549629	-0.7065	-0.810702	-0.837284	-0.763993	-0.579104	-0.312541	0.00477904	0.352549	0.685067	0.94975	1.12821	1.22008	1.21092	1.08703	0.869847	0.616428	0.387033	0.216236	0.108151	0.0487345	0.0199086	0.00741548	0.00253164	0.000795925	0.000231414	6.24608e-05	1.57042e-05	3.68943e-06	8.12201e-07	1.67974e-07	3.27124e-08	6.01187e-09	1.04471e-09	1.71976e-10	2.68634e-11	3.98807e-12	5.63523e-13	7.58937e-14	9.75448e-15	1.19794e-15	1.4073e-16	1.58303e-17	1.68976e-18	0	
0	-0.314788	-0.594001	-0.836954	-1.03989	-1.19795	-1.31827	-1.40921	-1.46609	-1.43455	-1.26854	-1.0024	-0.720838	-0.503179	-0.354919	-0.250628	-0.185133	-0.160662	-0.155458	-0.143693	-0.135677	-0.130596	-0.124323	-0.121888	-0.124655	-0.118305	-0.121924	-0.119863	-0.119166	-0.120332	-0.119075	-0.120581	-0.119136	-0.121518	-0.120585	-0.120295	-0.124791	-0.121884	-0.128955	-0.132696	-0.139182	-0.147527	-0.148753	-0.144484	-0.157548	-0.173483	-0.177401	-0.17272	-0.19483	-0.227407	-0.247561	-0.243501	-0.235845	-0.277192	-0.376521	-0.524364	-0.684943	-0.799413	-0.83907	-0.780909	-0.609337	-0.351019	-0.0382036	0.309231	0.647666	0.922511	1.11166	1.21439	1.21726	1.1047	0.894339	0.641319	0.407357	0.230149	0.116348	0.052967	0.0218503	0.00821547	0.0028302	0.00089758	0.000263182	7.16199e-05	1.81512e-05	4.29766e-06	9.53329e-07	1.98637e-07	3.89682e-08	7.2133e-09	1.2624e-09	2.09266e-10	3.29141e-11	4.91967e-12	6.99845e-13	9.48814e-14	1.22754e-14	1.51737e-15	1.79411e-16	2.03108e-17	2.18154e-18	0	
0	-0.294193	-0.557326	-0.789069	-0.988588	-1.15419	-1.28845	-1.39412	-1.46436	-1.44248	-1.28103	-1.01616	-0.735298	-0.516419	-0.363859	-0.253404	-0.188113	-0.164455	-0.151538	-0.13408	-0.127543	-0.136259	-0.129458	-0.1261	-0.127032	-0.123896	-0.119863	-0.123002	-0.117785	-0.119338	-0.119992	-0.116942	-0.12192	-0.12007	-0.122128	-0.126087	-0.127448	-0.125441	-0.135313	-0.130521	-0.128021	-0.139914	-0.14963	-0.145778	-0.156516	-0.171399	-0.178	-0.170538	-0.189145	-0.22407	-0.246263	-0.243679	-0.233681	-0.268329	-0.361087	-0.505147	-0.667915	-0.78969	-0.83901	-0.792375	-0.631339	-0.379744	-0.0706949	0.276045	0.618531	0.900927	1.09822	1.20919	1.2212	1.11748	0.912716	0.66041	0.423206	0.24115	0.122909	0.056392	0.0234376	0.00887557	0.00307874	0.00098292	0.000290067	7.94313e-05	2.02539e-05	4.8241e-06	1.07635e-06	2.25551e-07	4.44964e-08	8.28205e-09	1.45731e-09	2.4287e-10	3.84013e-11	5.76981e-12	8.25017e-13	1.12423e-13	1.46184e-14	1.81605e-15	2.15792e-16	2.45498e-17	2.64947e-18	0	
0	-0.279726	-0.531689	-0.755833	-0.953244	-1.12399	-1.26765	-1.38404	-1.46367	-1.44637	-1.28742	-1.02713	-0.748856	-0.525696	-0.367409	-0.254753	-0.186936	-0.163198	-0.152236	-0.137698	-0.134517	-0.133274	-0.124408	-0.121663	-0.124492	-0.117106	-0.119166	-0.117785	-0.116043	-0.116975	-0.116572	-0.116851	-0.116972	-0.118872	-0.118701	-0.119265	-0.125445	-0.121158	-0.131196	-0.133346	-0.135147	-0.140888	-0.149051	-0.142997	-0.153808	-0.169181	-0.175612	-0.171552	-0.188243	-0.219892	-0.243801	-0.244385	-0.23308	-0.26276	-0.350724	-0.491947	-0.655953	-0.782502	-0.838263	-0.799517	-0.645928	-0.399188	-0.0928893	0.253162	0.5982	0.885677	1.08857	1.20519	1.22348	1.12591	0.925192	0.673585	0.434279	0.248916	0.127581	0.0588508	0.0245854	0.00935623	0.00326089	0.00104585	0.000310008	8.52579e-05	2.18309e-05	5.22103e-06	1.16958e-06	2.46052e-07	4.87282e-08	9.10413e-09	1.60796e-09	2.68964e-10	4.2682e-11	6.43604e-12	9.23557e-13	1.26294e-13	1.64794e-14	2.05432e-15	2.44943e-16	2.7961e-17	3.02761e-18	0	
0	-0.271697	-0.517591	-0.737661	-0.933825	-1.10734	-1.25655	-1.37876	-1.4625	-1.44863	-1.29308	-1.0318	-0.751645	-0.531745	-0.372681	-0.256043	-0.188995	-0.1631	-0.15116	-0.13616	-0.131508	-0.131994	-0.123573	-0.123115	-0.123944	-0.118002	-0.120332	-0.119338	-0.116975	-0.119028	-0.117231	-0.118119	-0.117952	-0.119658	-0.119301	-0.120675	-0.125306	-0.120503	-0.129516	-0.131149	-0.131919	-0.139823	-0.147192	-0.143926	-0.153201	-0.169717	-0.177524	-0.169237	-0.184815	-0.219243	-0.244281	-0.244443	-0.231893	-0.259684	-0.345512	-0.484965	-0.649328	-0.778352	-0.837582	-0.80315	-0.65371	-0.409701	-0.104947	0.240665	0.587015	0.87722	1.08316	1.20286	1.22457	1.13038	0.93194	0.680785	0.440378	0.25322	0.130185	0.0602282	0.0252314	0.00962788	0.00336425	0.00108169	0.000321408	8.86006e-05	2.27387e-05	5.45027e-06	1.2236e-06	2.57968e-07	5.11954e-08	9.58487e-09	1.69631e-09	2.84314e-10	4.52074e-11	6.83022e-12	9.82023e-13	1.34547e-13	1.75897e-14	2.19688e-15	2.62431e-16	3.0013e-17	3.25568e-18	0	
0	-0.270278	-0.515165	-0.734587	-0.930635	-1.10478	-1.25471	-1.37746	-1.4624	-1.44927	-1.29271	-1.03295	-0.755444	-0.532023	-0.371198	-0.256072	-0.188256	-0.165407	-0.151553	-0.13293	-0.12868	-0.134397	-0.127622	-0.124236	-0.125966	-0.121572	-0.119075	-0.119992	-0.116572	-0.117231	-0.117865	-0.116235	-0.119507	-0.118982	-0.121045	-0.123122	-0.126581	-0.124555	-0.133609	-0.13038	-0.128721	-0.138468	-0.150288	-0.143811	-0.153432	-0.167876	-0.176097	-0.170787	-0.185533	-0.2184	-0.243038	-0.244299	-0.232698	-0.259569	-0.344197	-0.483563	-0.648387	-0.777753	-0.837375	-0.803675	-0.65502	-0.411491	-0.106966	0.23859	0.585153	0.875805	1.08224	1.20246	1.22474	1.13112	0.933063	0.681987	0.441398	0.253941	0.130622	0.0604595	0.02534	0.00967358	0.00338165	0.00108773	0.00032333	8.91648e-05	2.2892e-05	5.48902e-06	1.23274e-06	2.59985e-07	5.16134e-08	9.66638e-09	1.71131e-09	2.86921e-10	4.56366e-11	6.89727e-12	9.91976e-13	1.35953e-13	1.7779e-14	2.22121e-15	2.65418e-16	3.03638e-17	3.29471e-18	0	
0	-0.275445	-0.524489	-0.746899	-0.94366	-1.11543	-1.26195	-1.38185	-1.46334	-1.44704	-1.29015	-1.02958	-0.750145	-0.528945	-0.369792	-0.255736	-0.187556	-0.161684	-0.152679	-0.139089	-0.13633	-0.13067	-0.121392	-0.12084	-0.122911	-0.114329	-0.120581	-0.116942	-0.116851	-0.118119	-0.116235	-0.118251	-0.11582	-0.119309	-0.117548	-0.117444	-0.124294	-0.118217	-0.127463	-0.133271	-0.136868	-0.141518	-0.147164	-0.142579	-0.153107	-0.169867	-0.176133	-0.170667	-0.186925	-0.219199	-0.244303	-0.244674	-0.232201	-0.261035	-0.348066	-0.488522	-0.652866	-0.780479	-0.837732	-0.801232	-0.649923	-0.404578	-0.0989585	0.246939	0.592642	0.881471	1.08587	1.20404	1.22404	1.12817	0.928579	0.677187	0.437322	0.251059	0.128875	0.0595337	0.0249051	0.00949045	0.00331187	0.0010635	0.000315615	8.68999e-05	2.22763e-05	5.33336e-06	1.19602e-06	2.51877e-07	4.9933e-08	9.33865e-09	1.65102e-09	2.76437e-10	4.39103e-11	6.62759e-12	9.51943e-13	1.30297e-13	1.70175e-14	2.12336e-15	2.53405e-16	2.89532e-17	3.13781e-18	0	
0	-0.287187	-0.545397	-0.774112	-0.972752	-1.14051	-1.27896	-1.38936	-1.4638	-1.44471	-1.28469	-1.02062	-0.740574	-0.520917	-0.366016	-0.254298	-0.188343	-0.164231	-0.150905	-0.132712	-0.127861	-0.137207	-0.129258	-0.125926	-0.127199	-0.123552	-0.119136	-0.12192	-0.116972	-0.117952	-0.119507	-0.11582	-0.121599	-0.119453	-0.12175	-0.12577	-0.127528	-0.12597	-0.13615	-0.131324	-0.127703	-0.138674	-0.149628	-0.145199	-0.156351	-0.170336	-0.177935	-0.170689	-0.187176	-0.22267	-0.245627	-0.243417	-0.233607	-0.266163	-0.355923	-0.49895	-0.662943	-0.786606	-0.838372	-0.795483	-0.638185	-0.388827	-0.0808555	0.265693	0.609365	0.894054	1.09388	1.20742	1.22229	1.12136	0.918418	0.666399	0.428219	0.244653	0.12501	0.0574944	0.0239508	0.00908995	0.00315978	0.00101086	0.0002989	8.2007e-05	2.09497e-05	4.99888e-06	1.11733e-06	2.34546e-07	4.63498e-08	8.64149e-09	1.52307e-09	2.54243e-10	4.02641e-11	6.05928e-12	8.67768e-13	1.18432e-13	1.54234e-14	1.91898e-15	2.28368e-16	2.60194e-17	2.81217e-18	0	
0	-0.305201	-0.577605	-0.816314	-1.01781	-1.17853	-1.30492	-1.40329	-1.46592	-1.43712	-1.27322	-1.00941	-0.728621	-0.508278	-0.357035	-0.252132	-0.185502	-0.162436	-0.156104	-0.140692	-0.134065	-0.131149	-0.125551	-0.122147	-0.125209	-0.118823	-0.121518	-0.12007	-0.118872	-0.119658	-0.118982	-0.119309	-0.119453	-0.120339	-0.121121	-0.120755	-0.125029	-0.122277	-0.129856	-0.131555	-0.136642	-0.145524	-0.150379	-0.144309	-0.156365	-0.172084	-0.175679	-0.172569	-0.194178	-0.22545	-0.246458	-0.24391	-0.235039	-0.272943	-0.369265	-0.516106	-0.678119	-0.795281	-0.838687	-0.78586	-0.619313	-0.363922	-0.052512	0.294788	0.635044	0.913179	1.10587	1.21221	1.2191	1.11039	0.902431	0.649666	0.414248	0.23491	0.119175	0.0544373	0.0225293	0.00849688	0.00293582	0.000933736	0.00027454	7.49107e-05	1.90347e-05	4.51827e-06	1.00475e-06	2.0986e-07	4.1268e-08	7.65688e-09	1.34312e-09	2.23151e-10	3.51765e-11	5.26944e-12	7.51237e-13	1.02069e-13	1.32334e-14	1.63926e-15	1.94229e-16	2.2034e-17	2.3714e-18	0	
0	-0.329194	-0.620503	-0.872494	-1.07838	-1.23092	-1.34065	-1.41996	-1.46686	-1.42923	-1.25943	-0.990647	-0.708557	-0.493507	-0.350239	-0.249842	-0.186441	-0.159771	-0.152972	-0.140349	-0.134004	-0.137566	-0.128698	-0.125551	-0.126784	-0.12213	-0.120585	-0.122128	-0.118701	-0.119301	-0.121045	-0.117548	-0.12175	-0.121121	-0.120827	-0.125085	-0.127366	-0.125382	-0.135128	-0.135285	-0.135663	-0.144374	-0.148111	-0.146044	-0.161651	-0.17529	-0.178998	-0.174008	-0.196176	-0.230968	-0.249468	-0.242272	-0.237914	-0.284865	-0.38811	-0.538863	-0.697926	-0.806029	-0.837757	-0.771313	-0.59254	-0.329433	-0.0137461	0.334092	0.669224	0.938255	1.12127	1.21781	1.21382	1.09476	0.880416	0.627077	0.395669	0.222113	0.111596	0.0505047	0.0207171	0.00774719	0.00265494	0.000837751	0.000244438	6.62026e-05	1.67005e-05	3.93626e-06	8.69293e-07	1.8034e-07	3.52277e-08	6.49351e-09	1.13173e-09	1.8684e-10	2.92685e-11	4.35735e-12	6.17414e-13	8.33799e-14	1.07458e-14	1.32322e-15	1.55862e-16	1.75787e-17	1.88119e-18	0	
0	-0.358514	-0.673324	-0.942038	-1.15348	-1.29595	-1.3861	-1.44306	-1.46777	-1.4144	-1.23844	-0.970144	-0.688621	-0.473268	-0.336739	-0.246595	-0.186698	-0.16247	-0.155397	-0.140735	-0.132343	-0.139688	-0.134401	-0.126715	-0.13033	-0.126876	-0.120295	-0.126087	-0.119265	-0.120675	-0.123122	-0.117444	-0.12577	-0.120755	-0.125085	-0.129024	-0.127837	-0.130059	-0.139683	-0.134527	-0.134631	-0.146864	-0.151641	-0.150168	-0.165015	-0.176458	-0.177217	-0.176864	-0.205665	-0.236869	-0.25007	-0.242115	-0.243582	-0.300285	-0.412961	-0.568285	-0.72174	-0.817407	-0.834162	-0.750559	-0.55694	-0.284833	0.0356309	0.38335	0.711236	0.968469	1.13928	1.22337	1.20564	1.07386	0.852154	0.598795	0.372849	0.206646	0.102563	0.0458774	0.0186097	0.00688484	0.00233517	0.000729539	0.000210819	5.65644e-05	1.41395e-05	3.30308e-06	7.23131e-07	1.48743e-07	2.88132e-08	5.2676e-09	9.10662e-10	1.49148e-10	2.3181e-11	3.42436e-12	4.81504e-13	6.4534e-14	8.25474e-15	1.00895e-15	1.17972e-16	1.32085e-17	1.40352e-18	0	
0	-0.392316	-0.734693	-1.02327	-1.24203	-1.37377	-1.44092	-1.47054	-1.46803	-1.39539	-1.21191	-0.943721	-0.663277	-0.452076	-0.324952	-0.242962	-0.185542	-0.160419	-0.159697	-0.151455	-0.13418	-0.131432	-0.132868	-0.126984	-0.12684	-0.128949	-0.124791	-0.127448	-0.125445	-0.125306	-0.126581	-0.124294	-0.127528	-0.125029	-0.127366	-0.127837	-0.126459	-0.131152	-0.13158	-0.131693	-0.142642	-0.156471	-0.151006	-0.15221	-0.168221	-0.180759	-0.178864	-0.180948	-0.21477	-0.243168	-0.251295	-0.241555	-0.251858	-0.322387	-0.445329	-0.60327	-0.747956	-0.828038	-0.826297	-0.721962	-0.511416	-0.229573	0.0957409	0.44212	0.760159	1.00278	1.15887	1.22784	1.19352	1.04696	0.817456	0.565091	0.346276	0.188984	0.0924243	0.0407641	0.0163141	0.00595802	0.00199582	0.000616074	0.000175971	4.66842e-05	1.15421e-05	2.66756e-06	5.7791e-07	1.17658e-07	2.25634e-08	4.08442e-09	6.99282e-10	1.13437e-10	1.7465e-11	2.55608e-12	3.56125e-13	4.72984e-14	5.99599e-15	7.26387e-16	8.41894e-17	9.34438e-18	9.84559e-19	0	
0	-0.429425	-0.802928	-1.11401	-1.34158	-1.46291	-1.50536	-1.50334	-1.46802	-1.37088	-1.17584	-0.910948	-0.639246	-0.430521	-0.309288	-0.240256	-0.18926	-0.158235	-0.153863	-0.150568	-0.146459	-0.144675	-0.139489	-0.130909	-0.131448	-0.127333	-0.121884	-0.125441	-0.121158	-0.120503	-0.124555	-0.118217	-0.12597	-0.122277	-0.125382	-0.130059	-0.131152	-0.134721	-0.14379	-0.145691	-0.148255	-0.150582	-0.148898	-0.156504	-0.176216	-0.182844	-0.178682	-0.191195	-0.224774	-0.247222	-0.251991	-0.243037	-0.266017	-0.351752	-0.484513	-0.643163	-0.77536	-0.835991	-0.811917	-0.683646	-0.454886	-0.163156	0.166574	0.509696	0.814785	1.03991	1.17882	1.22993	1.17628	1.01334	0.776228	0.526382	0.316567	0.169684	0.0815676	0.0353883	0.0139413	0.00501506	0.00165569	0.000503957	0.000142004	3.71792e-05	9.07492e-06	2.07127e-06	4.43277e-07	8.91745e-08	1.69017e-08	3.02454e-09	5.11997e-10	8.21366e-11	1.25081e-11	1.81094e-12	2.49633e-13	3.28077e-14	4.116e-15	4.93535e-16	5.66231e-17	6.22185e-18	6.49187e-19	0	
0	-0.468211	-0.875692	-1.21149	-1.44891	-1.56074	-1.57927	-1.54298	-1.46598	-1.33873	-1.13502	-0.873993	-0.610149	-0.407514	-0.294061	-0.235429	-0.194423	-0.166611	-0.15855	-0.151609	-0.136793	-0.139346	-0.144274	-0.136092	-0.134223	-0.140809	-0.128955	-0.135313	-0.131196	-0.129516	-0.133609	-0.127463	-0.13615	-0.129856	-0.135128	-0.139683	-0.13158	-0.14379	-0.140875	-0.137168	-0.142649	-0.15709	-0.155124	-0.167833	-0.181698	-0.183551	-0.181989	-0.198277	-0.236072	-0.254879	-0.251634	-0.246492	-0.287296	-0.389348	-0.531312	-0.687002	-0.801447	-0.838618	-0.788557	-0.633722	-0.386346	-0.0851966	0.24789	0.585017	0.873588	1.07836	1.19768	1.22813	1.15258	0.972291	0.72854	0.483264	0.284464	0.149366	0.0704	0.0299739	0.0115976	0.00410054	0.00133146	0.000398821	0.000110649	2.85371e-05	6.86427e-06	1.54452e-06	3.25973e-07	6.46891e-08	1.20983e-08	2.13683e-09	3.57107e-10	5.65693e-11	8.50817e-12	1.21683e-12	1.65725e-13	2.15225e-14	2.66864e-15	3.16296e-16	3.58748e-17	3.89758e-18	4.02225e-19	0	
0	-0.506744	-0.949778	-1.31167	-1.56041	-1.66438	-1.65916	-1.58908	-1.46792	-1.3001	-1.08071	-0.830245	-0.585167	-0.390943	-0.278045	-0.227889	-0.195289	-0.166543	-0.164212	-0.163646	-0.151243	-0.136029	-0.145265	-0.136675	-0.132265	-0.135896	-0.132696	-0.130521	-0.133346	-0.131149	-0.13038	-0.133271	-0.131324	-0.131555	-0.135285	-0.134527	-0.131693	-0.145691	-0.137168	-0.144154	-0.158924	-0.165186	-0.157215	-0.172502	-0.183008	-0.185034	-0.186511	-0.216319	-0.249232	-0.255038	-0.250807	-0.25662	-0.318131	-0.437065	-0.585175	-0.731691	-0.823171	-0.83329	-0.753523	-0.570262	-0.304981	0.00446655	0.339092	0.666583	0.934729	1.11645	1.21379	1.22074	1.12107	0.923262	0.674704	0.436544	0.250827	0.128687	0.0593261	0.0247308	0.00937742	0.00325189	0.00103639	0.000304901	8.31319e-05	2.10815e-05	4.98841e-06	1.10465e-06	2.29532e-07	4.48619e-08	8.26606e-09	1.43879e-09	2.37029e-10	3.7023e-11	5.49183e-12	7.74817e-13	1.0412e-13	1.33445e-14	1.6332e-15	1.91101e-16	2.14017e-17	2.29622e-18	2.34105e-19	0	
0	-0.542895	-1.02173	-1.40932	-1.66951	-1.77008	-1.74506	-1.63956	-1.47038	-1.25937	-1.02078	-0.779295	-0.555117	-0.374589	-0.270201	-0.223086	-0.203092	-0.170475	-0.157362	-0.165421	-0.165759	-0.146012	-0.146323	-0.146058	-0.136597	-0.134242	-0.139182	-0.128021	-0.135147	-0.131919	-0.128721	-0.136868	-0.127703	-0.136642	-0.135663	-0.134631	-0.142642	-0.148255	-0.142649	-0.158924	-0.16784	-0.15863	-0.157915	-0.182796	-0.189886	-0.189268	-0.197122	-0.231182	-0.255938	-0.257666	-0.253071	-0.27484	-0.362347	-0.4943	-0.642729	-0.774455	-0.837818	-0.816585	-0.703697	-0.491683	-0.210377	0.105681	0.439103	0.75239	0.996069	1.1523	1.22527	1.20586	1.08042	0.865963	0.615338	0.387241	0.216608	0.108312	0.0487234	0.019841	0.00735679	0.002497	0.000779545	0.000224819	6.01291e-05	1.49665e-05	3.47787e-06	7.56692e-07	1.54552e-07	2.97046e-08	5.38419e-09	9.22241e-10	1.49558e-10	2.30023e-11	3.3607e-12	4.67128e-13	6.18588e-14	7.81443e-15	9.42889e-16	1.08792e-16	1.20165e-17	1.27181e-18	1.27961e-19	0	
