0	0	0	0	0	0	0	0	0	0	0	0	0	0	0	0	0	0	0	0	0	0	0	0	0	0	0	0	0	0	0	0	0	0	0	0	0	0	0	0	0	0	0	0	0	0	0	0	0	0	0	0	0	0	0	0	0	0	0	0	0	0	0	0	0	0	0	0	0	0	0	0	0	0	0	0	0	0	0	0	0	0	0	0	0	0	0	0	0	0	0	0	0	0	0	0	0	0	0	0	
0	0.00131189	-0.000147621	-0.000156274	0.0016749	-0.0022703	0.00159941	-7.44546e-05	0.00182261	0.0016355	-0.00624156	-1.06176e-05	-8.43705e-05	-0.000914854	-0.000752141	-0.00198572	-0.000442557	9.51674e-05	0.000701274	0.0022138	-0.00416757	0.00344551	0.00118228	8.44327e-05	-0.00144153	0.00283157	0.00127145	-0.0011501	-0.000820886	0.00160054	0.00367802	-0.00384234	-0.00147607	0.00197571	0.00477936	-0.00480535	-0.00168935	-0.00191581	0.0046676	0.000661134	-0.00200478	-0.00893904	-0.0039715	0.00455282	0.00500139	-0.00479878	-0.0112378	-0.0157356	-0.00765725	-0.00337004	0.0104558	0.011047	-0.00374744	-0.0224812	-0.0456432	-0.053543	-0.0579881	-0.0528645	-0.0335608	-0.0011525	0.0335988	0.0618079	0.0778792	0.0805917	0.0751371	0.0585676	0.0335074	-0.00268761	-0.0350118	-0.0467253	-0.0432577	-0.0221509	0.0115998	0.0443449	0.0669036	0.0775944	0.0812058	0.0722467	0.0517243	0.0243436	-0.0138496	-0.0458033	-0.0555263	-0.0559528	-0.0528435	-0.0388549	-0.0150808	0.00743411	0.0131414	0.00358481	-0.00289413	-0.00584177	-0.0131977	-0.0126697	0.00209272	0.0115985	0.00368346	-0.00844143	-0.00957564	0	
0	-0.000147621	-0.00189272	0.000267904	1.26378e-06	-0.00246518	0.00335398	-0.00316637	-0.00470255	0.00517702	-0.000440055	0.00237156	0.00240602	-0.00363385	0.000386601	0.00404263	0.000191703	-0.00605925	0.000616501	0.00112634	-0.00672213	-0.000172037	0.000175384	-0.00498664	-0.00514323	0.00122774	-0.00171986	-0.00504862	-0.00573265	0.000577116	0.00170911	-0.00905083	-0.0073291	0.00201902	0.00294136	-0.0099334	-0.008879	-0.00383433	0.00289357	0.000687904	-0.00840776	-0.0170826	-0.00883922	0.00862934	0.00916148	-0.00709661	-0.021483	-0.0239682	-0.014831	0.000429514	0.0212998	0.0204896	-0.00606058	-0.0515376	-0.0914717	-0.110667	-0.119127	-0.104344	-0.0633386	0.00101405	0.071243	0.129016	0.152551	0.157721	0.150585	0.112062	0.0644746	0.000983519	-0.0673443	-0.0994373	-0.0916864	-0.04391	0.0269165	0.0897838	0.129294	0.151498	0.16417	0.147639	0.102961	0.0465949	-0.0255077	-0.0869026	-0.109602	-0.112399	-0.104912	-0.0767952	-0.0310615	0.0122522	0.0244669	0.00778596	-0.00497345	-0.011921	-0.0256639	-0.0239988	0.00347877	0.0211815	0.00693181	-0.0155097	-0.0178598	0	
0	-0.000156274	0.000267904	0.000731652	0.000260631	-0.0019914	0.00287321	-0.001867	-0.000445351	0.0010843	-0.0060905	0.00110391	-0.000559617	-0.00124924	-0.000712733	-0.000681018	-0.0022499	-0.00127209	0.00327576	0.00179359	-0.00724242	0.00396903	0.00222841	-0.00277982	-0.00351403	0.00423066	-0.00020738	-0.00354015	-0.00449506	0.00333755	0.00333058	-0.0088315	-0.00683591	0.00522019	0.00486925	-0.0106348	-0.00885858	-0.00301425	0.0065229	0.00100068	-0.00923939	-0.0226385	-0.00920163	0.0109096	0.0111051	-0.012762	-0.0324125	-0.0367464	-0.0228991	-0.00174442	0.0270425	0.0253109	-0.0146988	-0.0761628	-0.134447	-0.16134	-0.171975	-0.150748	-0.0897702	0.00361784	0.107039	0.189152	0.229471	0.239547	0.22242	0.169097	0.09384	-0.00709692	-0.101779	-0.146722	-0.136585	-0.0674046	0.0335222	0.128017	0.195679	0.231776	0.242622	0.216756	0.157157	0.0739015	-0.0343811	-0.124637	-0.160518	-0.166512	-0.155156	-0.114375	-0.0491009	0.0126216	0.0325387	0.0127644	-0.00580935	-0.0182605	-0.0365337	-0.0328574	0.0034918	0.02701	0.00930246	-0.0200406	-0.0236481	0	
0	0.0016749	1.26378e-06	0.000260631	0.000315197	-0.00119714	-2.07434e-05	-0.0021944	0.00256418	0.00359213	-0.0051494	-0.00072086	-0.000728202	-0.00298363	-0.00169529	-0.00045048	-0.00018042	-0.00403682	-0.0012774	0.000477	-0.00654952	0.00208896	-0.000736617	-0.00445976	-0.00343341	0.00164165	-0.00134424	-0.00540523	-0.00429428	0.00130438	0.00170418	-0.0107325	-0.00677891	0.00353267	0.00263802	-0.0129903	-0.0107019	-0.0041126	0.00442275	-0.00111769	-0.0145908	-0.0258267	-0.0117333	0.0109212	0.00887133	-0.0189316	-0.0403703	-0.0454787	-0.026926	0.000534097	0.0314849	0.0276236	-0.0259266	-0.104316	-0.174853	-0.213932	-0.222697	-0.191523	-0.112419	0.0132831	0.145457	0.248695	0.306545	0.318399	0.292587	0.225876	0.121113	-0.0161494	-0.140645	-0.199906	-0.182541	-0.0921891	0.0400285	0.16735	0.256665	0.304573	0.320672	0.290902	0.213009	0.099309	-0.0386841	-0.152529	-0.206251	-0.219304	-0.203239	-0.150485	-0.069645	0.00662558	0.0359096	0.0182625	-0.00534449	-0.0245778	-0.0448607	-0.0385096	0.00160084	0.0278857	0.0103497	-0.0212778	-0.025945	0	
0	-0.0022703	-0.00246518	-0.0019914	-0.00119714	0.000197543	0.000580716	0.000749147	-0.00435847	-0.00345703	0.00243897	0.00292156	0.000681323	0.000137966	-0.000572767	0.00101081	-0.00256765	-0.00253306	0.000525044	-0.00279495	-0.00391457	-0.00280439	-0.00100511	-0.00679098	-0.00305658	-0.00271389	-0.00397396	-0.0063928	-0.00615062	-0.00118024	-0.00435593	-0.00977263	-0.00952215	0.00166268	-0.00497961	-0.0120441	-0.0146476	-0.00389584	-0.00126919	-0.00410153	-0.0190145	-0.0262058	-0.0110844	0.00891421	0.00514701	-0.0220616	-0.0463018	-0.0459567	-0.0294793	0.00609882	0.0327102	0.0214164	-0.0418826	-0.137124	-0.217442	-0.26427	-0.271015	-0.227003	-0.122342	0.0287599	0.189478	0.315677	0.381293	0.393738	0.358937	0.271541	0.136634	-0.0242336	-0.169589	-0.252162	-0.23598	-0.120978	0.0425629	0.198611	0.315218	0.380992	0.39747	0.360825	0.268548	0.128596	-0.034714	-0.171237	-0.246623	-0.268453	-0.24756	-0.185236	-0.0935961	-0.00660528	0.0337817	0.0232202	-0.00417667	-0.0302039	-0.0496552	-0.0407389	-0.0024926	0.0233635	0.00966738	-0.019036	-0.0241406	0	
0	0.00159941	0.00335398	0.00287321	-2.07434e-05	0.000580716	-0.00382849	-0.000682956	0.00138923	-0.0026532	0.000899424	-0.00538422	-0.00572544	0.000144465	-0.0032594	-0.00251355	-0.000770914	-0.000830796	-0.000546874	-0.0035213	0.00245945	-0.00260476	-0.000512362	-0.00190578	0.000266084	-0.00204006	-0.00253895	-0.00188134	-0.00261604	-0.00098579	-0.00453691	-0.00430825	-0.0051395	0.000415499	-0.00592049	-0.00757191	-0.0106492	-0.00217427	-0.00288664	-0.00593826	-0.018907	-0.0219933	-0.00955244	0.00344721	-0.00305277	-0.029673	-0.0521022	-0.0514826	-0.0331971	0.00429977	0.0239909	0.00791983	-0.0655288	-0.165776	-0.252183	-0.304408	-0.30484	-0.248553	-0.125829	0.0475425	0.22939	0.370354	0.453804	0.47077	0.425229	0.322516	0.154566	-0.0422363	-0.214928	-0.309277	-0.281515	-0.148406	0.0377425	0.224885	0.370245	0.451607	0.470505	0.431883	0.326618	0.161225	-0.023608	-0.180608	-0.27869	-0.310999	-0.287741	-0.219307	-0.121074	-0.026789	0.0255297	0.0256934	-0.00330158	-0.03412	-0.0501578	-0.0399029	-0.00871311	0.0138897	0.00696393	-0.0138048	-0.0182263	0	
0	-7.44546e-05	-0.00316637	-0.001867	-0.0021944	0.000749147	-0.000682956	-0.000227349	0.00168593	-0.00167036	0.00116248	-0.00329414	-0.000276204	0.00221148	-0.00205357	-0.00553756	0.00158575	-0.00394477	-0.00454067	-0.00507223	0.00131853	-0.00784227	-0.00539901	-0.00192291	-0.0038026	-0.00766976	-0.00520175	-0.00396989	-0.00390226	-0.00881352	-0.00745228	-0.00561221	-0.004787	-0.00990844	-0.00988774	-0.00943159	-0.0106369	-0.00764561	-0.0110788	-0.0124854	-0.0225416	-0.0179194	-0.0124263	-0.00549277	-0.012878	-0.0352112	-0.0497658	-0.0500691	-0.0273563	0.00645839	0.0152564	-0.00924247	-0.0929087	-0.19782	-0.28896	-0.346316	-0.33789	-0.263815	-0.121197	0.0774373	0.278247	0.433456	0.52976	0.542426	0.482921	0.358447	0.160011	-0.0614351	-0.255361	-0.360542	-0.328816	-0.184873	0.0259843	0.246276	0.419396	0.518236	0.543185	0.502256	0.38284	0.197065	-0.00250471	-0.178427	-0.30103	-0.346245	-0.323332	-0.251956	-0.151398	-0.0534019	0.0104411	0.0233964	-0.00374986	-0.0353188	-0.0462001	-0.0368131	-0.0164803	0.000794789	0.00215923	-0.0067496	-0.00899136	0	
0	0.00182261	-0.00470255	-0.000445351	0.00256418	-0.00435847	0.00138923	0.00168593	-0.00412984	-0.00547077	0.00196578	5.93932e-05	-0.000468619	-0.00106703	-0.00247802	-0.00245922	-0.00122437	-0.000316736	-0.00598571	-0.00082545	-8.02967e-05	-0.00727057	-0.00514786	0.00125543	-0.00567543	-0.00763669	-0.0052779	-0.00157246	-0.00531308	-0.0106402	-0.00889923	-0.00111091	-0.00583817	-0.014759	-0.0112317	-0.00652516	-0.007767	-0.0119356	-0.0144033	-0.0180709	-0.0179546	-0.0129317	-0.0133483	-0.0152166	-0.0247731	-0.0364093	-0.0493941	-0.0458327	-0.0244716	-0.000644647	-0.00127749	-0.0401216	-0.126146	-0.228455	-0.324111	-0.375157	-0.355604	-0.267283	-0.0991338	0.112144	0.324047	0.49809	0.59751	0.608025	0.539291	0.386763	0.158616	-0.0848826	-0.294291	-0.410672	-0.383238	-0.224011	0.0143841	0.259454	0.458736	0.580213	0.613493	0.56975	0.439039	0.2393	0.027627	-0.166778	-0.311813	-0.370941	-0.353143	-0.283376	-0.184025	-0.0849972	-0.0117406	0.0139788	-0.00659096	-0.0332462	-0.0383816	-0.0324756	-0.0247017	-0.0138918	-0.00451313	0.000425853	0.00189268	0	
0	0.0016355	0.00517702	0.0010843	0.00359213	-0.00345703	-0.0026532	-0.00167036	-0.00547077	0.00310618	0.000760319	-0.00743505	-0.00411726	-0.00178619	-0.00385661	-0.00218043	-0.000100384	-0.000243912	-0.00860555	0.00114872	0.00096285	-0.00743963	-0.00314954	0.00160035	-0.00501415	-0.00741516	-0.00323954	-0.000576432	-0.00552116	-0.011333	-0.00753692	0.00261118	-0.00780424	-0.0170183	-0.0109297	-0.00196675	-0.00689363	-0.0146012	-0.0187205	-0.0200322	-0.0124601	-0.00820913	-0.0168011	-0.0278369	-0.0356673	-0.0380786	-0.0469385	-0.0411698	-0.0242792	-0.0132797	-0.0261812	-0.0785463	-0.159779	-0.259861	-0.351074	-0.392619	-0.363172	-0.252538	-0.0697691	0.150486	0.374166	0.555099	0.660339	0.672328	0.587774	0.409289	0.157422	-0.112193	-0.345355	-0.466719	-0.428106	-0.258425	-0.00749952	0.263491	0.490797	0.632352	0.679771	0.637177	0.49544	0.286158	0.0654976	-0.144847	-0.308582	-0.38351	-0.376834	-0.312971	-0.21727	-0.119865	-0.0414161	-0.0043705	-0.0125626	-0.028262	-0.0282104	-0.0277883	-0.0318789	-0.0277852	-0.0124552	0.00576403	0.0120098	0	
0	-0.00624156	-0.000440055	-0.0060905	-0.0051494	0.00243897	0.000899424	0.00116248	0.00196578	0.000760319	-0.00475313	-0.00248713	0.00120176	-0.00013245	-0.00185559	-0.00353849	-0.00598442	-0.00444158	-0.00506179	-0.00216703	-0.00557667	-0.0106923	-0.00279031	-0.00381053	-0.00884293	-0.00986552	-0.00467051	-0.00471752	-0.00933714	-0.0144611	-0.00799598	-0.000513952	-0.0135657	-0.0212511	-0.0127312	-0.00291248	-0.0121149	-0.0212275	-0.0272712	-0.0231824	-0.0112384	-0.00969914	-0.0257862	-0.0441244	-0.0442276	-0.0390991	-0.0398397	-0.0323926	-0.0241259	-0.0248158	-0.0562182	-0.116099	-0.193424	-0.290925	-0.373127	-0.406408	-0.36309	-0.229993	-0.0339044	0.195945	0.431789	0.618781	0.725664	0.733462	0.622581	0.413516	0.141272	-0.149507	-0.388363	-0.504604	-0.47177	-0.303049	-0.0362277	0.257279	0.510761	0.681733	0.744488	0.696297	0.549659	0.340611	0.111011	-0.113021	-0.290265	-0.38332	-0.393486	-0.338854	-0.249119	-0.156892	-0.0787022	-0.0320136	-0.0221544	-0.0221587	-0.0179371	-0.023204	-0.0363781	-0.0386332	-0.0207545	0.00747559	0.0186436	0	
0	-1.06176e-05	0.00237156	0.00110391	-0.00072086	0.00292156	-0.00538422	-0.00329414	5.93932e-05	-0.00743505	-0.00248713	0.00341747	-0.000916267	-0.00589832	-0.00410932	-0.00132694	-0.00201307	-0.000978708	-0.00332402	-0.0042551	-0.00418933	-0.00364655	-0.00233041	-0.00590551	-0.00715312	-0.00548313	-0.00498066	-0.00565747	-0.0100643	-0.0113747	-0.00629261	-0.00301456	-0.0155274	-0.019499	-0.0097599	-0.00325824	-0.0132668	-0.0242024	-0.0279614	-0.0197761	-0.0059787	-0.00941946	-0.0338278	-0.0532254	-0.0487478	-0.0356879	-0.0318501	-0.0277456	-0.0310017	-0.0506435	-0.0982889	-0.161847	-0.233835	-0.319308	-0.386933	-0.405943	-0.339654	-0.189764	0.0153003	0.251811	0.485534	0.674467	0.78191	0.777582	0.646091	0.416669	0.122826	-0.186527	-0.427073	-0.5468	-0.523111	-0.346814	-0.062688	0.24715	0.520841	0.715515	0.795193	0.753972	0.611223	0.398371	0.158321	-0.0702128	-0.255487	-0.370127	-0.401195	-0.358733	-0.278264	-0.195301	-0.122501	-0.0676862	-0.0361244	-0.0181673	-0.0100175	-0.01861	-0.0368758	-0.0448295	-0.0283443	0.00443334	0.0195106	0	
0	-8.43705e-05	0.00240602	-0.000559617	-0.000728202	0.000681323	-0.00572544	-0.000276204	-0.000468619	-0.00411726	0.00120176	-0.000916267	-0.00915791	-0.00353606	0.00223145	-0.00288795	-0.00561399	-0.00315893	-0.00282314	-0.00581082	-0.00456785	-0.0020435	-0.0068356	-0.0083917	-0.00444023	-0.00620778	-0.00707113	-0.00975928	-0.00904985	-0.0103705	-0.00672479	-0.00994658	-0.0162647	-0.0174561	-0.00947578	-0.00799338	-0.0173201	-0.0280917	-0.028531	-0.0178617	-0.0059007	-0.0168894	-0.0445006	-0.0626227	-0.0509337	-0.0334645	-0.0234261	-0.0275109	-0.0418827	-0.0836503	-0.141002	-0.20644	-0.269954	-0.33976	-0.392757	-0.391007	-0.305839	-0.141331	0.0701994	0.308731	0.541604	0.730356	0.834808	0.81437	0.660285	0.408158	0.0916112	-0.226599	-0.465896	-0.590081	-0.56186	-0.377302	-0.0978236	0.216859	0.516447	0.74188	0.842018	0.808143	0.668369	0.455347	0.213591	-0.0141911	-0.208316	-0.344838	-0.396692	-0.369965	-0.303666	-0.23425	-0.170624	-0.108984	-0.0555784	-0.0202548	-0.00660325	-0.0136019	-0.0328152	-0.0457957	-0.0342611	-0.00337942	0.013632	0	
0	-0.000914854	-0.00363385	-0.00124924	-0.00298363	0.000137966	0.000144465	0.00221148	-0.00106703	-0.00178619	-0.00013245	-0.00589832	-0.00353606	-0.00242076	-0.000443532	-0.00751183	-0.0089951	-0.00264445	-0.00268668	-0.00991317	-0.00588236	-0.00267521	-0.00943744	-0.0089608	-0.00323053	-0.00787313	-0.00901976	-0.0114646	-0.007433	-0.00845498	-0.00967519	-0.0156058	-0.0142206	-0.0138318	-0.0116036	-0.0139662	-0.0216498	-0.0294938	-0.0279177	-0.0160342	-0.0121333	-0.0278334	-0.0563938	-0.0675857	-0.052802	-0.0297039	-0.0199921	-0.0307258	-0.0636078	-0.121334	-0.187034	-0.249491	-0.300824	-0.354885	-0.38568	-0.363287	-0.257975	-0.0846422	0.132537	0.369141	0.597769	0.788085	0.8776	0.839181	0.664189	0.381719	0.0520373	-0.264296	-0.50229	-0.621876	-0.591073	-0.415654	-0.142115	0.184339	0.505646	0.754474	0.873635	0.853518	0.72558	0.516707	0.274639	0.0492457	-0.150518	-0.304958	-0.377552	-0.371106	-0.324249	-0.272414	-0.21987	-0.152908	-0.0818699	-0.0321428	-0.00916314	-0.00798686	-0.0247515	-0.0421623	-0.0379142	-0.0145954	0.00204144	0	
0	-0.000752141	0.000386601	-0.000712733	-0.00169529	-0.000572767	-0.0032594	-0.00205357	-0.00247802	-0.00385661	-0.00185559	-0.00410932	0.00223145	-0.000443532	-0.00491116	-0.00632659	-0.00252332	0.00316462	-0.00750306	-0.0110185	-0.00129502	-0.00242287	-0.012747	-0.00911149	-0.00354205	-0.00967258	-0.0129219	-0.0130602	-0.00809976	-0.00874332	-0.0175159	-0.0199122	-0.0126755	-0.0124079	-0.018242	-0.0211804	-0.0251515	-0.028764	-0.0246943	-0.0159408	-0.0204326	-0.0380481	-0.0612651	-0.064133	-0.0483322	-0.0225899	-0.0171662	-0.0398781	-0.0924657	-0.165674	-0.235314	-0.292397	-0.331294	-0.363208	-0.369512	-0.320188	-0.19683	-0.0155344	0.203941	0.434177	0.657664	0.835994	0.908349	0.849461	0.648055	0.348223	0.0125688	-0.302594	-0.533858	-0.646698	-0.617371	-0.454101	-0.18658	0.149691	0.484295	0.746747	0.888797	0.896048	0.782912	0.575751	0.338832	0.121091	-0.082751	-0.251537	-0.342699	-0.359987	-0.33872	-0.307989	-0.26627	-0.196723	-0.116299	-0.0560339	-0.0182817	-0.00245667	-0.0145459	-0.0356546	-0.0392002	-0.0265126	-0.0120601	0	
0	-0.00198572	0.00404263	-0.000681018	-0.00045048	0.00101081	-0.00251355	-0.00553756	-0.00245922	-0.00218043	-0.00353849	-0.00132694	-0.00288795	-0.00751183	-0.00632659	0.000531322	-0.00278686	-0.00670101	-0.00887087	-0.00354991	-0.0016246	-0.00687139	-0.0136809	-0.00312096	-0.0049859	-0.00954046	-0.0142763	-0.00979954	-0.00565352	-0.00942122	-0.0211984	-0.0185198	-0.00618444	-0.0126331	-0.0222282	-0.026332	-0.022811	-0.0259394	-0.0192503	-0.0213484	-0.0313128	-0.0500589	-0.0618854	-0.0614962	-0.0446888	-0.0234173	-0.0235731	-0.0629201	-0.132279	-0.213925	-0.282956	-0.327591	-0.352781	-0.356787	-0.336129	-0.260556	-0.124663	0.0609833	0.27676	0.499184	0.715245	0.874815	0.928283	0.845366	0.61951	0.306777	-0.0305214	-0.338647	-0.561883	-0.667193	-0.639918	-0.486275	-0.222581	0.108162	0.439832	0.722877	0.900982	0.931484	0.826186	0.63198	0.412506	0.199166	-0.0101843	-0.184887	-0.290419	-0.335807	-0.34577	-0.337507	-0.305923	-0.239158	-0.159202	-0.0913629	-0.0339169	0.000775423	-0.00525414	-0.0286402	-0.0383796	-0.0355876	-0.023991	0	
0	-0.000442557	0.000191703	-0.0022499	-0.00018042	-0.00256765	-0.000770914	0.00158575	-0.00122437	-0.000100384	-0.00598442	-0.00201307	-0.00561399	-0.0089951	-0.00252332	-0.00278686	-0.00967343	-0.00925528	-0.00348321	-0.00444401	-0.00893709	-0.00993779	-0.0079073	-0.0043569	-0.00888021	-0.012491	-0.0124799	-0.00898344	-0.00637047	-0.0148906	-0.023415	-0.0151839	-0.00497187	-0.0169305	-0.0297336	-0.0287767	-0.0227993	-0.0219745	-0.0208566	-0.0317246	-0.0466097	-0.0590782	-0.0593217	-0.0574161	-0.0426308	-0.0285298	-0.0392908	-0.0950207	-0.177364	-0.262549	-0.322433	-0.357737	-0.359852	-0.337777	-0.286303	-0.186883	-0.0444941	0.142404	0.349648	0.564973	0.76408	0.906007	0.937365	0.824652	0.584525	0.258584	-0.0814523	-0.375551	-0.584037	-0.67749	-0.6539	-0.511999	-0.260809	0.0548238	0.389626	0.695456	0.895156	0.943394	0.862252	0.695945	0.489189	0.27396	0.0682103	-0.102555	-0.223025	-0.299645	-0.341914	-0.356225	-0.336799	-0.280214	-0.208549	-0.134679	-0.0561007	-0.00204966	-0.000608665	-0.0235076	-0.0357851	-0.0383608	-0.0290936	0	
0	9.51674e-05	-0.00605925	-0.00127209	-0.00403682	-0.00253306	-0.000830796	-0.00394477	-0.000316736	-0.000243912	-0.00444158	-0.000978708	-0.00315893	-0.00264445	0.00316462	-0.00670101	-0.00925528	-0.00466183	-0.00326261	-0.00881676	-0.0136983	-0.0074659	-0.00803613	-0.0116427	-0.0146987	-0.0143248	-0.0128157	-0.0129013	-0.0133447	-0.0227238	-0.0235266	-0.0153588	-0.0104972	-0.0271304	-0.0359647	-0.0322662	-0.0221786	-0.0221629	-0.027544	-0.0463989	-0.0600157	-0.0605283	-0.0524238	-0.0492954	-0.0406382	-0.0366751	-0.0606594	-0.133151	-0.221881	-0.305218	-0.356257	-0.376967	-0.35899	-0.307287	-0.2252	-0.109347	0.0417812	0.226146	0.427085	0.633996	0.813109	0.929068	0.92822	0.789687	0.530465	0.19839	-0.126835	-0.406466	-0.599469	-0.681771	-0.661857	-0.529937	-0.300812	-0.0022477	0.33791	0.652971	0.866804	0.943602	0.895474	0.754948	0.559315	0.350425	0.156922	-0.0101611	-0.146089	-0.24974	-0.32203	-0.360837	-0.358873	-0.319463	-0.259645	-0.180923	-0.0853228	-0.0153562	-0.00427743	-0.0221174	-0.0315426	-0.0326344	-0.0246216	0	
0	0.000701274	0.000616501	0.00327576	-0.0012774	0.000525044	-0.000546874	-0.00454067	-0.00598571	-0.00860555	-0.00506179	-0.00332402	-0.00282314	-0.00268668	-0.00750306	-0.00887087	-0.00348321	-0.00326261	-0.00229204	-0.0088294	-0.00923058	-0.00286809	-0.00482662	-0.0124183	-0.0111026	-0.00811726	-0.00890399	-0.0119396	-0.0158255	-0.0189	-0.0155898	-0.0114841	-0.0150414	-0.0282456	-0.0335133	-0.0258436	-0.0172255	-0.0185972	-0.0352419	-0.0558235	-0.0650192	-0.0533904	-0.0429464	-0.0436637	-0.0461871	-0.0572108	-0.0996858	-0.182663	-0.274951	-0.347249	-0.387047	-0.38777	-0.342209	-0.258142	-0.145878	-0.0155806	0.13806	0.31532	0.507059	0.694718	0.848498	0.933805	0.899993	0.73975	0.469316	0.139964	-0.172896	-0.432068	-0.603608	-0.68143	-0.666722	-0.548829	-0.339986	-0.0496346	0.283374	0.592234	0.82315	0.931558	0.915867	0.804441	0.626338	0.430731	0.250981	0.0861148	-0.0606928	-0.184041	-0.283518	-0.349624	-0.372201	-0.354942	-0.30626	-0.22514	-0.122289	-0.0427545	-0.0190152	-0.0254897	-0.0256201	-0.0185881	-0.0112245	0	
0	0.0022138	0.00112634	0.00179359	0.000477	-0.00279495	-0.0035213	-0.00507223	-0.00082545	0.00114872	-0.00216703	-0.0042551	-0.00581082	-0.00991317	-0.0110185	-0.00354991	-0.00444401	-0.00881676	-0.0088294	-0.013099	-0.0112958	-0.00205617	-0.0121429	-0.0173916	-0.0121295	-0.00714994	-0.0131748	-0.0179582	-0.0208964	-0.0158791	-0.0137276	-0.0182909	-0.0250294	-0.0316819	-0.0323136	-0.0263383	-0.0187704	-0.0288034	-0.0502799	-0.0705452	-0.0674785	-0.0497281	-0.0395304	-0.0466311	-0.0626541	-0.0898643	-0.14719	-0.234674	-0.318132	-0.378553	-0.400735	-0.378667	-0.306579	-0.188441	-0.0568714	0.0827752	0.234699	0.401766	0.58085	0.74774	0.870696	0.919971	0.859673	0.679089	0.404117	0.0868309	-0.213245	-0.455138	-0.613287	-0.682162	-0.662748	-0.557442	-0.365974	-0.0947984	0.214677	0.520299	0.770401	0.905063	0.922355	0.841707	0.68658	0.513369	0.347863	0.183165	0.0315774	-0.102768	-0.225313	-0.321998	-0.376345	-0.382507	-0.342042	-0.264226	-0.167317	-0.0852558	-0.0457589	-0.0339473	-0.0184637	0.000619117	0.00680791	0	
0	-0.00416757	-0.00672213	-0.00724242	-0.00654952	-0.00391457	0.00245945	0.00131853	-8.02967e-05	0.00096285	-0.00557667	-0.00418933	-0.00456785	-0.00588236	-0.00129502	-0.0016246	-0.00893709	-0.0136983	-0.00923058	-0.0112958	-0.00659339	-0.00828561	-0.0201145	-0.017473	-0.00926576	-0.011008	-0.0199984	-0.0244539	-0.0210633	-0.0139432	-0.017262	-0.030445	-0.0323291	-0.031975	-0.0307764	-0.028055	-0.0257771	-0.0419848	-0.0653748	-0.0754026	-0.0627941	-0.042697	-0.0368501	-0.0541891	-0.0842289	-0.131005	-0.197341	-0.281461	-0.353203	-0.39642	-0.40104	-0.353973	-0.252017	-0.109369	0.0380844	0.181454	0.325762	0.485417	0.648888	0.790836	0.883901	0.899037	0.809107	0.611665	0.334749	0.0217578	-0.260315	-0.473756	-0.611685	-0.668079	-0.65085	-0.561498	-0.391498	-0.148422	0.144991	0.45251	0.709132	0.862102	0.909064	0.860248	0.74261	0.599289	0.440916	0.277012	0.131251	-0.00633842	-0.149724	-0.279661	-0.368378	-0.395312	-0.363028	-0.298185	-0.218962	-0.139717	-0.0831897	-0.0477812	-0.0119877	0.0191727	0.0228836	0	
0	0.00344551	-0.000172037	0.00396903	0.00208896	-0.00280439	-0.00260476	-0.00784227	-0.00727057	-0.00743963	-0.0106923	-0.00364655	-0.0020435	-0.00267521	-0.00242287	-0.00687139	-0.00993779	-0.0074659	-0.00286809	-0.00205617	-0.00828561	-0.0147181	-0.0148816	-0.00664711	-0.00800477	-0.0153948	-0.021519	-0.0212031	-0.0152383	-0.0107927	-0.0232659	-0.0358567	-0.0308807	-0.0244608	-0.0264996	-0.0283325	-0.0328777	-0.0529465	-0.0694525	-0.0687198	-0.0498869	-0.0355321	-0.0379084	-0.0682189	-0.117837	-0.180596	-0.252283	-0.326376	-0.382716	-0.409708	-0.390961	-0.317036	-0.185671	-0.0199192	0.138962	0.284784	0.425691	0.5735	0.716025	0.826825	0.877066	0.853268	0.737012	0.528674	0.259613	-0.0326515	-0.289262	-0.483054	-0.605584	-0.65243	-0.641805	-0.567838	-0.416914	-0.192314	0.0889731	0.383023	0.633801	0.80033	0.873942	0.868141	0.797291	0.674601	0.521834	0.373275	0.240871	0.0990593	-0.0635534	-0.222924	-0.341215	-0.387022	-0.370094	-0.328558	-0.27229	-0.199026	-0.12819	-0.0678656	-0.010221	0.0298857	0.0305564	0	
0	0.00118228	0.000175384	0.00222841	-0.000736617	-0.00100511	-0.000512362	-0.00539901	-0.00514786	-0.00314954	-0.00279031	-0.00233041	-0.0068356	-0.00943744	-0.012747	-0.0136809	-0.0079073	-0.00803613	-0.00482662	-0.0121429	-0.0201145	-0.0148816	-0.00527929	-0.00900675	-0.0177796	-0.0195402	-0.0192901	-0.0176546	-0.0128157	-0.0161315	-0.0312872	-0.0383609	-0.0258807	-0.021051	-0.0280169	-0.0370676	-0.048018	-0.0652366	-0.0721426	-0.0612265	-0.0471361	-0.0409778	-0.0560807	-0.10145	-0.16853	-0.242292	-0.306453	-0.364015	-0.400023	-0.402877	-0.357745	-0.251453	-0.0946486	0.0847032	0.249029	0.389037	0.518567	0.649001	0.761829	0.835947	0.849589	0.79333	0.66035	0.452221	0.193126	-0.0805574	-0.316331	-0.490364	-0.598249	-0.642894	-0.63444	-0.565539	-0.430015	-0.224155	0.0351754	0.30519	0.547795	0.726505	0.830457	0.86841	0.830334	0.726696	0.601247	0.478741	0.351727	0.203517	0.0299355	-0.148407	-0.288497	-0.356443	-0.366986	-0.354428	-0.319251	-0.254607	-0.176601	-0.095552	-0.0190222	0.0260845	0.0260124	0	
0	8.44327e-05	-0.00498664	-0.00277982	-0.00445976	-0.00679098	-0.00190578	-0.00192291	0.00125543	0.00160035	-0.00381053	-0.00590551	-0.0083917	-0.0089608	-0.00911149	-0.00312096	-0.0043569	-0.0116427	-0.0124183	-0.0173916	-0.017473	-0.00664711	-0.00900675	-0.0218347	-0.0244904	-0.0189057	-0.0198574	-0.0185715	-0.0199554	-0.0279177	-0.0400116	-0.0368144	-0.0248593	-0.0239107	-0.0378171	-0.0519232	-0.0640928	-0.0717051	-0.0657199	-0.0534579	-0.0465756	-0.0531461	-0.0801886	-0.141616	-0.222608	-0.295608	-0.347476	-0.383477	-0.398937	-0.377349	-0.302982	-0.170335	0.00336638	0.190128	0.351881	0.486197	0.604945	0.711908	0.795086	0.831494	0.806554	0.72538	0.581341	0.375224	0.131411	-0.123439	-0.34295	-0.500545	-0.593948	-0.627426	-0.615323	-0.556251	-0.438068	-0.255506	-0.0245684	0.227731	0.468166	0.653848	0.776549	0.840947	0.832574	0.770291	0.68593	0.579986	0.453278	0.306652	0.131635	-0.0548942	-0.210011	-0.30706	-0.355019	-0.37037	-0.351784	-0.299327	-0.223711	-0.132011	-0.0445613	0.00365093	0.0094126	0	
0	-0.00144153	-0.00514323	-0.00351403	-0.00343341	-0.00305658	0.000266084	-0.0038026	-0.00567543	-0.00501415	-0.00884293	-0.00715312	-0.00444023	-0.00323053	-0.00354205	-0.0049859	-0.00888021	-0.0146987	-0.0111026	-0.0121295	-0.00926576	-0.00800477	-0.0177796	-0.0244904	-0.0197273	-0.0163964	-0.0181755	-0.0199471	-0.0276844	-0.0358029	-0.0365244	-0.030303	-0.023671	-0.0301768	-0.0478609	-0.0652416	-0.0712918	-0.0657611	-0.0537639	-0.046825	-0.0540116	-0.0726806	-0.115998	-0.191776	-0.278716	-0.343951	-0.376044	-0.391747	-0.383194	-0.33392	-0.231052	-0.0758128	0.107827	0.29467	0.45328	0.579544	0.682006	0.76478	0.811795	0.810072	0.753769	0.649333	0.498243	0.297955	0.0679493	-0.167115	-0.364144	-0.499322	-0.578588	-0.6076	-0.598465	-0.551299	-0.451192	-0.287338	-0.0709204	0.168185	0.393637	0.572439	0.702569	0.788657	0.821554	0.808984	0.756876	0.664991	0.549656	0.411159	0.239317	0.0548965	-0.111623	-0.243504	-0.329913	-0.368213	-0.364884	-0.328868	-0.26505	-0.177507	-0.0904727	-0.037287	-0.0157169	0	
0	0.00283157	0.00122774	0.00423066	0.00164165	-0.00271389	-0.00204006	-0.00766976	-0.00763669	-0.00741516	-0.00986552	-0.00548313	-0.00620778	-0.00787313	-0.00967258	-0.00954046	-0.012491	-0.0143248	-0.00811726	-0.00714994	-0.011008	-0.0153948	-0.0195402	-0.0189057	-0.0163964	-0.0142927	-0.0167805	-0.0246542	-0.0356872	-0.0331949	-0.0265355	-0.0252544	-0.0285538	-0.0385029	-0.0589221	-0.0732104	-0.0684437	-0.0533308	-0.0438625	-0.0510505	-0.0716348	-0.107044	-0.165089	-0.251558	-0.334488	-0.383182	-0.395138	-0.386573	-0.352024	-0.271659	-0.141489	0.0297594	0.217667	0.402822	0.55528	0.670975	0.752337	0.800218	0.807833	0.766242	0.679707	0.562196	0.412452	0.226984	0.0185846	-0.195133	-0.373554	-0.496905	-0.568783	-0.593611	-0.588472	-0.548644	-0.455916	-0.304929	-0.106313	0.112525	0.318951	0.486681	0.618546	0.726757	0.799551	0.825113	0.802628	0.738466	0.643081	0.513602	0.351854	0.175505	-0.0042196	-0.167784	-0.282705	-0.340965	-0.357248	-0.341618	-0.297877	-0.230468	-0.1544	-0.0917457	-0.0448151	0	
0	0.00127145	-0.00171986	-0.00020738	-0.00134424	-0.00397396	-0.00253895	-0.00520175	-0.0052779	-0.00323954	-0.00467051	-0.00498066	-0.00707113	-0.00901976	-0.0129219	-0.0142763	-0.0124799	-0.0128157	-0.00890399	-0.0131748	-0.0199984	-0.021519	-0.0192901	-0.0198574	-0.0181755	-0.0167805	-0.0248846	-0.0375832	-0.0394585	-0.0265985	-0.023475	-0.033545	-0.0421363	-0.0531909	-0.0719607	-0.0776183	-0.0618724	-0.0451966	-0.0482976	-0.0695244	-0.105964	-0.155234	-0.226321	-0.311037	-0.379407	-0.406328	-0.3941	-0.359838	-0.293872	-0.183638	-0.0326395	0.145608	0.330831	0.507605	0.650247	0.747184	0.798683	0.81009	0.777143	0.704891	0.600898	0.478507	0.338452	0.16788	-0.0229656	-0.218509	-0.383912	-0.496075	-0.56021	-0.583432	-0.577711	-0.540545	-0.457605	-0.318455	-0.134471	0.0625773	0.24769	0.403563	0.536156	0.659605	0.757085	0.812445	0.827125	0.798961	0.727118	0.61513	0.468976	0.294727	0.10223	-0.0759099	-0.205607	-0.286433	-0.329327	-0.338096	-0.32216	-0.286067	-0.22607	-0.150914	-0.074649	0	
0	-0.0011501	-0.00504862	-0.00354015	-0.00540523	-0.0063928	-0.00188134	-0.00396989	-0.00157246	-0.000576432	-0.00471752	-0.00565747	-0.00975928	-0.0114646	-0.0130602	-0.00979954	-0.00898344	-0.0129013	-0.0119396	-0.0179582	-0.0244539	-0.0212031	-0.0176546	-0.0185715	-0.0199471	-0.0246542	-0.0375832	-0.0415159	-0.0318351	-0.0213353	-0.0304468	-0.0469331	-0.0558323	-0.0653434	-0.0772742	-0.0713675	-0.0508233	-0.0441707	-0.0624531	-0.0993098	-0.14905	-0.213041	-0.286621	-0.360367	-0.406657	-0.410263	-0.373938	-0.310227	-0.213866	-0.0783857	0.0836098	0.261508	0.438565	0.606237	0.733611	0.80673	0.824966	0.796043	0.729178	0.632478	0.518525	0.400305	0.271952	0.118777	-0.0557927	-0.238432	-0.392365	-0.496673	-0.555124	-0.57342	-0.566553	-0.5319	-0.454659	-0.328061	-0.162516	0.0170496	0.188093	0.332252	0.458551	0.584478	0.694506	0.776025	0.828518	0.839525	0.802625	0.71707	0.579535	0.400791	0.209245	0.0373878	-0.0999657	-0.206929	-0.281025	-0.320531	-0.338995	-0.335072	-0.289341	-0.204444	-0.103468	0	
0	-0.000820886	-0.00573265	-0.00449506	-0.00429428	-0.00615062	-0.00261604	-0.00390226	-0.00531308	-0.00552116	-0.00933714	-0.0100643	-0.00904985	-0.007433	-0.00809976	-0.00565352	-0.00637047	-0.0133447	-0.0158255	-0.0208964	-0.0210633	-0.0152383	-0.0128157	-0.0199554	-0.0276844	-0.0356872	-0.0394585	-0.0318351	-0.024391	-0.0267303	-0.0434439	-0.0590255	-0.0668103	-0.070839	-0.0718352	-0.0579243	-0.0451521	-0.0540019	-0.0887784	-0.138032	-0.202493	-0.272398	-0.339241	-0.391408	-0.414028	-0.393804	-0.331149	-0.237372	-0.113527	0.0372399	0.2016	0.371895	0.539765	0.69352	0.801769	0.845493	0.82647	0.762399	0.667074	0.556262	0.440641	0.329936	0.215118	0.074934	-0.0853975	-0.255381	-0.400973	-0.496176	-0.547246	-0.562276	-0.554786	-0.52512	-0.457451	-0.340147	-0.184013	-0.0162481	0.141569	0.272916	0.386994	0.503793	0.616048	0.717976	0.807238	0.863705	0.86813	0.804492	0.670544	0.49826	0.325476	0.167579	0.0240669	-0.105758	-0.212719	-0.291455	-0.346037	-0.364856	-0.328367	-0.242616	-0.12843	0	
0	0.00160054	0.000577116	0.00333755	0.00130438	-0.00118024	-0.00098579	-0.00881352	-0.0106402	-0.011333	-0.0144611	-0.0113747	-0.0103705	-0.00845498	-0.00874332	-0.00942122	-0.0148906	-0.0227238	-0.0189	-0.0158791	-0.0139432	-0.0107927	-0.0161315	-0.0279177	-0.0358029	-0.0331949	-0.0265985	-0.0213353	-0.0267303	-0.0371298	-0.0523155	-0.066436	-0.0701948	-0.0647318	-0.0558132	-0.0475837	-0.0510234	-0.0785052	-0.126356	-0.190462	-0.263959	-0.332031	-0.380286	-0.408747	-0.407035	-0.362323	-0.270268	-0.146928	-0.00210104	0.156213	0.316423	0.479525	0.635487	0.774032	0.856006	0.864549	0.808083	0.710113	0.594062	0.475267	0.363972	0.264406	0.163717	0.0399767	-0.108236	-0.267627	-0.401826	-0.490977	-0.54003	-0.555058	-0.55124	-0.52568	-0.461479	-0.349558	-0.198867	-0.0363414	0.111154	0.224374	0.316769	0.417967	0.530106	0.65029	0.772725	0.868326	0.904939	0.861975	0.747373	0.600255	0.44958	0.301479	0.156537	0.0121492	-0.128265	-0.249504	-0.333708	-0.363641	-0.333994	-0.257263	-0.143028	0	
0	0.00367802	0.00170911	0.00333058	0.00170418	-0.00435593	-0.00453691	-0.00745228	-0.00889923	-0.00753692	-0.00799598	-0.00629261	-0.00672479	-0.00967519	-0.0175159	-0.0211984	-0.023415	-0.0235266	-0.0155898	-0.0137276	-0.017262	-0.0232659	-0.0312872	-0.0400116	-0.0365244	-0.0265355	-0.023475	-0.0304468	-0.0434439	-0.0523155	-0.0658829	-0.0763199	-0.0717844	-0.0550747	-0.0496632	-0.0568195	-0.080359	-0.120824	-0.182402	-0.255856	-0.329972	-0.381228	-0.404606	-0.406568	-0.379644	-0.305487	-0.182632	-0.033672	0.122732	0.279911	0.43292	0.584101	0.726218	0.839571	0.88769	0.85682	0.762329	0.638336	0.509692	0.392259	0.291517	0.20867	0.125604	0.0160491	-0.117982	-0.2682	-0.401135	-0.490082	-0.539717	-0.55735	-0.555289	-0.530347	-0.46501	-0.349784	-0.199294	-0.0464045	0.0832242	0.17583	0.250678	0.342173	0.454046	0.582485	0.720607	0.837899	0.902342	0.895613	0.821329	0.705301	0.570285	0.430499	0.290218	0.136191	-0.0327134	-0.185629	-0.287973	-0.325269	-0.304916	-0.242039	-0.138611	0	
0	-0.00384234	-0.00905083	-0.0088315	-0.0107325	-0.00977263	-0.00430825	-0.00561221	-0.00111091	0.00261118	-0.000513952	-0.00301456	-0.00994658	-0.0156058	-0.0199122	-0.0185198	-0.0151839	-0.0153588	-0.0114841	-0.0182909	-0.030445	-0.0358567	-0.0383609	-0.0368144	-0.030303	-0.0252544	-0.033545	-0.0469331	-0.0590255	-0.066436	-0.0763199	-0.0786707	-0.062139	-0.0473976	-0.0564055	-0.0845397	-0.12118	-0.17455	-0.245293	-0.321508	-0.381038	-0.407289	-0.402982	-0.379266	-0.323843	-0.218744	-0.067588	0.095909	0.253827	0.402901	0.54329	0.680368	0.797823	0.878845	0.886091	0.81468	0.690975	0.551613	0.423466	0.318558	0.23704	0.172455	0.105066	0.00743572	-0.123881	-0.274292	-0.406003	-0.496778	-0.548802	-0.565418	-0.558849	-0.527218	-0.457962	-0.345704	-0.203988	-0.0626282	0.0553921	0.138253	0.205123	0.287952	0.38894	0.507187	0.642759	0.773643	0.872785	0.915138	0.886502	0.799832	0.681019	0.551848	0.41514	0.254623	0.0747362	-0.0874175	-0.199252	-0.249374	-0.242756	-0.193898	-0.11048	0	
0	-0.00147607	-0.0073291	-0.00683591	-0.00677891	-0.00952215	-0.0051395	-0.004787	-0.00583817	-0.00780424	-0.0135657	-0.0155274	-0.0162647	-0.0142206	-0.0126755	-0.00618444	-0.00497187	-0.0104972	-0.0150414	-0.0250294	-0.0323291	-0.0308807	-0.0258807	-0.0248593	-0.023671	-0.0285538	-0.0421363	-0.0558323	-0.0668103	-0.0701948	-0.0717844	-0.062139	-0.0469052	-0.0461739	-0.077003	-0.11854	-0.167667	-0.229996	-0.305588	-0.369869	-0.405523	-0.40389	-0.374302	-0.324872	-0.240409	-0.107212	0.0598475	0.225914	0.374225	0.510155	0.636396	0.751944	0.842306	0.885828	0.854917	0.7537	0.612085	0.470732	0.35252	0.262874	0.196939	0.147427	0.0891035	-0.00528539	-0.13259	-0.282204	-0.41669	-0.506508	-0.553475	-0.564658	-0.555344	-0.525446	-0.460381	-0.352664	-0.215458	-0.0764333	0.0417335	0.122767	0.181049	0.246448	0.324041	0.421711	0.550237	0.695147	0.828677	0.915347	0.928601	0.875105	0.778349	0.658345	0.522413	0.366584	0.200594	0.0493706	-0.0682733	-0.13663	-0.147379	-0.115733	-0.0630717	0	
0	0.00197571	0.00201902	0.00522019	0.00353267	0.00166268	0.000415499	-0.00990844	-0.014759	-0.0170183	-0.0212511	-0.019499	-0.0174561	-0.0138318	-0.0124079	-0.0126331	-0.0169305	-0.0271304	-0.0282456	-0.0316819	-0.031975	-0.0244608	-0.021051	-0.0239107	-0.0301768	-0.0385029	-0.0531909	-0.0653434	-0.070839	-0.0647318	-0.0550747	-0.0473976	-0.0461739	-0.0682874	-0.113655	-0.168361	-0.226758	-0.296472	-0.363233	-0.40593	-0.413954	-0.38687	-0.333052	-0.255455	-0.141845	0.0118493	0.186639	0.346155	0.48488	0.608988	0.718888	0.812286	0.867832	0.873744	0.807838	0.681392	0.53105	0.393543	0.286771	0.213088	0.163168	0.124099	0.0738507	-0.0140911	-0.140785	-0.288534	-0.417038	-0.504212	-0.553375	-0.569233	-0.564346	-0.536819	-0.473033	-0.364007	-0.220976	-0.0748565	0.0458233	0.120903	0.163765	0.20634	0.26007	0.340438	0.462787	0.615077	0.770096	0.889709	0.941879	0.924291	0.850874	0.741467	0.616086	0.482907	0.347021	0.215601	0.097189	0.0134327	-0.0189081	-0.0167919	-0.00765159	0	
0	0.00477936	0.00294136	0.00486925	0.00263802	-0.00497961	-0.00592049	-0.00988774	-0.0112317	-0.0109297	-0.0127312	-0.0097599	-0.00947578	-0.0116036	-0.018242	-0.0222282	-0.0297336	-0.0359647	-0.0335133	-0.0323136	-0.0307764	-0.0264996	-0.0280169	-0.0378171	-0.0478609	-0.0589221	-0.0719607	-0.0772742	-0.0718352	-0.0558132	-0.0496632	-0.0564055	-0.077003	-0.113655	-0.171919	-0.234908	-0.300226	-0.361616	-0.40676	-0.420098	-0.400153	-0.347374	-0.264205	-0.156466	-0.0181805	0.147355	0.318358	0.468657	0.594281	0.7029	0.791216	0.850343	0.867931	0.834509	0.737811	0.596694	0.444526	0.316189	0.22575	0.168307	0.132682	0.108838	0.0689292	-0.0130059	-0.133048	-0.279709	-0.414834	-0.510633	-0.566506	-0.586523	-0.584119	-0.555597	-0.484484	-0.364987	-0.214101	-0.0643409	0.0539713	0.118746	0.146311	0.172277	0.209662	0.275546	0.387384	0.536674	0.700185	0.840718	0.922108	0.934427	0.887421	0.804467	0.710307	0.61152	0.506759	0.397322	0.28802	0.196516	0.135872	0.0917329	0.0466355	0	
0	-0.00480535	-0.0099334	-0.0106348	-0.0129903	-0.0120441	-0.00757191	-0.00943159	-0.00652516	-0.00196675	-0.00291248	-0.00325824	-0.00799338	-0.0139662	-0.0211804	-0.026332	-0.0287767	-0.0322662	-0.0258436	-0.0263383	-0.028055	-0.0283325	-0.0370676	-0.0519232	-0.0652416	-0.0732104	-0.0776183	-0.0713675	-0.0579243	-0.0475837	-0.0568195	-0.0845397	-0.11854	-0.168361	-0.234908	-0.304674	-0.361536	-0.402183	-0.417589	-0.402461	-0.356649	-0.274656	-0.161979	-0.0283622	0.123345	0.287219	0.449287	0.584427	0.694806	0.781157	0.836294	0.856795	0.831758	0.763923	0.646639	0.498957	0.355611	0.245801	0.175674	0.139823	0.124231	0.112413	0.0797194	0.000247693	-0.126654	-0.282128	-0.422994	-0.524931	-0.587189	-0.611007	-0.605464	-0.567584	-0.487675	-0.36163	-0.205963	-0.0558684	0.057798	0.116018	0.136113	0.151467	0.175717	0.228595	0.327772	0.466036	0.624108	0.767796	0.862603	0.900533	0.892722	0.858466	0.811085	0.748331	0.671148	0.58596	0.492827	0.396239	0.30156	0.202579	0.0992632	0	
0	-0.00168935	-0.008879	-0.00885858	-0.0107019	-0.0146476	-0.0106492	-0.0106369	-0.007767	-0.00689363	-0.0121149	-0.0132668	-0.0173201	-0.0216498	-0.0251515	-0.022811	-0.0227993	-0.0221786	-0.0172255	-0.0187704	-0.0257771	-0.0328777	-0.048018	-0.0640928	-0.0712918	-0.0684437	-0.0618724	-0.0508233	-0.0451521	-0.0510234	-0.080359	-0.12118	-0.167667	-0.226758	-0.300226	-0.361536	-0.397531	-0.40902	-0.396123	-0.355835	-0.281498	-0.170875	-0.0319964	0.114346	0.264993	0.419159	0.564656	0.683054	0.770314	0.824986	0.842659	0.821054	0.76294	0.674063	0.549693	0.411393	0.286238	0.197331	0.149217	0.12995	0.12418	0.120563	0.0892134	0.00577668	-0.124152	-0.285148	-0.434886	-0.54518	-0.61054	-0.631125	-0.620857	-0.578401	-0.491828	-0.360275	-0.20358	-0.0528428	0.0621058	0.118468	0.133916	0.143537	0.16057	0.202882	0.285478	0.402015	0.538871	0.670044	0.770365	0.837897	0.880921	0.905634	0.909444	0.884434	0.836987	0.775883	0.693877	0.58711	0.460003	0.312909	0.154871	0	
0	-0.00191581	-0.00383433	-0.00301425	-0.0041126	-0.00389584	-0.00217427	-0.00764561	-0.0119356	-0.0146012	-0.0212275	-0.0242024	-0.0280917	-0.0294938	-0.028764	-0.0259394	-0.0219745	-0.0221629	-0.0185972	-0.0288034	-0.0419848	-0.0529465	-0.0652366	-0.0717051	-0.0657611	-0.0533308	-0.0451966	-0.0441707	-0.0540019	-0.0785052	-0.120824	-0.17455	-0.229996	-0.296472	-0.361616	-0.402183	-0.40902	-0.393414	-0.356178	-0.288598	-0.186125	-0.048228	0.104113	0.250632	0.392459	0.532278	0.663791	0.760941	0.821176	0.84078	0.818688	0.764012	0.682506	0.583577	0.463357	0.337458	0.230317	0.162274	0.130185	0.124031	0.129702	0.130025	0.0986329	0.0131148	-0.12485	-0.293812	-0.447305	-0.55975	-0.627058	-0.650482	-0.639568	-0.591762	-0.501302	-0.366904	-0.205184	-0.0499785	0.0667667	0.125511	0.144739	0.154311	0.16454	0.192494	0.250706	0.335728	0.444297	0.561717	0.670263	0.76854	0.858822	0.937856	0.993735	1.01321	0.999229	0.954852	0.870255	0.747517	0.597385	0.418103	0.213427	0	
0	0.0046676	0.00289357	0.0065229	0.00442275	-0.00126919	-0.00288664	-0.0110788	-0.0144033	-0.0187205	-0.0272712	-0.0279614	-0.028531	-0.0279177	-0.0246943	-0.0192503	-0.0208566	-0.027544	-0.0352419	-0.0502799	-0.0653748	-0.0694525	-0.0721426	-0.0657199	-0.0537639	-0.0438625	-0.0482976	-0.0624531	-0.0887784	-0.126356	-0.182402	-0.245293	-0.305588	-0.363233	-0.40676	-0.417589	-0.396123	-0.356178	-0.291012	-0.194806	-0.0629212	0.0907552	0.245547	0.383197	0.511836	0.639191	0.750795	0.82164	0.846458	0.82527	0.767985	0.686307	0.59299	0.495705	0.384928	0.276084	0.188777	0.136816	0.119187	0.123202	0.13307	0.137707	0.106808	0.0184896	-0.120961	-0.292577	-0.451616	-0.572676	-0.647499	-0.673045	-0.661982	-0.613612	-0.518634	-0.377888	-0.211655	-0.0488786	0.0798573	0.148746	0.172295	0.178443	0.176201	0.1823	0.211184	0.26721	0.356325	0.468156	0.585066	0.704131	0.827433	0.95144	1.05844	1.12432	1.14054	1.10325	1.00741	0.868877	0.705166	0.50639	0.265237	0	
