0	0	0	0	0	0	0	0	0	0	0	0	0	0	0	0	0	0	0	0	0	0	0	0	0	0	0	0	0	0	0	0	0	0	0	0	0	0	0	0	0	0	0	0	0	0	0	0	0	0	0	0	0	0	0	0	0	0	0	0	0	0	0	0	0	0	0	0	0	0	0	0	0	0	0	0	0	0	0	0	0	0	0	0	0	0	0	0	0	0	0	0	0	0	0	0	0	0	0	0	
0	-0.0187941	-0.0320039	-0.0382648	-0.0374407	-0.03387	-0.0312285	-0.0322034	-0.0399526	-0.0505239	-0.0622123	-0.0713373	-0.0790162	-0.0898825	-0.10061	-0.108516	-0.105625	-0.0907261	-0.0680252	-0.0394299	-0.0103174	0.0178643	0.0428206	0.0642621	0.0826611	0.0964976	0.104218	0.109549	0.114241	0.11939	0.11942	0.115887	0.113221	0.108818	0.101083	0.0885703	0.0700593	0.0496157	0.0224608	-0.01195	-0.0491104	-0.0881537	-0.125446	-0.157407	-0.184261	-0.203984	-0.217873	-0.230347	-0.244427	-0.257662	-0.267613	-0.276155	-0.282351	-0.281753	-0.274487	-0.262637	-0.241575	-0.205118	-0.155271	-0.097711	-0.033181	0.0318031	0.0919074	0.150037	0.202345	0.247716	0.284984	0.316743	0.339855	0.352853	0.352416	0.335854	0.30966	0.27383	0.232463	0.181177	0.118608	0.0521775	-0.0178065	-0.0886738	-0.155405	-0.217329	-0.275559	-0.325228	-0.363846	-0.391493	-0.406839	-0.410467	-0.405382	-0.392726	-0.368647	-0.337078	-0.302665	-0.265331	-0.224959	-0.178882	-0.133974	-0.0917073	-0.0453028	0	
0	-0.0320039	-0.0540356	-0.0603768	-0.0547232	-0.0425256	-0.0323678	-0.0315485	-0.041341	-0.0614217	-0.0808172	-0.0982372	-0.113491	-0.133881	-0.157839	-0.173862	-0.171262	-0.144878	-0.10349	-0.0511129	0.000682641	0.0519018	0.0942828	0.13092	0.161645	0.183759	0.195361	0.203512	0.212556	0.221651	0.225175	0.219129	0.216208	0.210722	0.198995	0.174766	0.144308	0.104129	0.0511752	-0.0165092	-0.0897307	-0.170816	-0.242556	-0.305388	-0.357669	-0.395926	-0.419839	-0.439323	-0.459445	-0.480005	-0.496259	-0.507207	-0.512877	-0.509382	-0.497001	-0.475405	-0.437377	-0.370955	-0.28209	-0.176148	-0.0587587	0.0613984	0.170744	0.277488	0.374626	0.456938	0.527256	0.584272	0.627509	0.650551	0.646991	0.614594	0.561357	0.492775	0.41344	0.3163	0.200087	0.0763855	-0.0514707	-0.180325	-0.299763	-0.409442	-0.512907	-0.601146	-0.671127	-0.719587	-0.747636	-0.759102	-0.754424	-0.736145	-0.694849	-0.638716	-0.581281	-0.514904	-0.437576	-0.351381	-0.266023	-0.18289	-0.0918117	0	
0	-0.0382648	-0.0603768	-0.0615488	-0.0428569	-0.016312	0.00639203	0.0171381	0.00726565	-0.0135313	-0.0392905	-0.0605859	-0.0803917	-0.111385	-0.145472	-0.17353	-0.173393	-0.141045	-0.087919	-0.0203155	0.0469034	0.110016	0.16282	0.20544	0.240715	0.264427	0.27401	0.279775	0.287792	0.300637	0.303745	0.298823	0.298943	0.295811	0.283798	0.256862	0.212515	0.158896	0.0839477	-0.0140442	-0.122135	-0.23694	-0.34521	-0.436475	-0.509471	-0.558463	-0.586315	-0.605553	-0.626218	-0.644146	-0.653178	-0.659962	-0.664144	-0.655936	-0.635627	-0.609661	-0.564774	-0.482512	-0.366927	-0.231298	-0.0775493	0.0781503	0.221618	0.362123	0.489351	0.599956	0.691414	0.768923	0.824652	0.853714	0.845778	0.794531	0.718319	0.619339	0.509666	0.37841	0.222084	0.0604924	-0.105189	-0.269036	-0.419133	-0.55614	-0.685379	-0.796202	-0.883868	-0.948887	-0.988443	-1.00399	-1.00303	-0.986983	-0.941627	-0.876101	-0.802851	-0.718306	-0.61978	-0.5014	-0.381397	-0.263627	-0.131564	0	
0	-0.0374407	-0.0547232	-0.0428569	-0.00689229	0.0393034	0.080661	0.10237	0.100516	0.077726	0.0506593	0.0252351	-0.000749604	-0.0393744	-0.0880192	-0.125812	-0.131303	-0.0950964	-0.0327486	0.04684	0.123328	0.195172	0.249261	0.291739	0.322937	0.340486	0.341251	0.338541	0.342269	0.352014	0.355344	0.347839	0.348293	0.347602	0.337508	0.305263	0.2583	0.193136	0.101195	-0.0202089	-0.154873	-0.303181	-0.43499	-0.547211	-0.63449	-0.689793	-0.713196	-0.723602	-0.73213	-0.740016	-0.741159	-0.737143	-0.73048	-0.71509	-0.693978	-0.668023	-0.622937	-0.535108	-0.411882	-0.262577	-0.0932479	0.0796443	0.23646	0.391218	0.532907	0.654036	0.757706	0.842888	0.906559	0.938605	0.925076	0.862177	0.767069	0.650165	0.522044	0.37131	0.195175	0.0131138	-0.168714	-0.34677	-0.506231	-0.648934	-0.785559	-0.902775	-0.996854	-1.06547	-1.10872	-1.1326	-1.13912	-1.12851	-1.08247	-1.01235	-0.937942	-0.846876	-0.732617	-0.596223	-0.456416	-0.316485	-0.159825	0	
0	-0.03387	-0.0425256	-0.016312	0.0393034	0.106936	0.165915	0.202913	0.206068	0.186518	0.156197	0.127688	0.0973184	0.0483428	-0.0101242	-0.0604855	-0.0702454	-0.0323755	0.0371251	0.125363	0.210017	0.284894	0.340292	0.377342	0.402485	0.409265	0.39702	0.380395	0.371224	0.372498	0.366763	0.351763	0.348774	0.3464	0.335084	0.302717	0.249112	0.179108	0.0777407	-0.0580711	-0.21059	-0.373788	-0.523393	-0.644372	-0.732329	-0.780349	-0.791977	-0.785643	-0.779262	-0.772245	-0.755626	-0.739745	-0.727402	-0.709354	-0.685219	-0.664793	-0.62877	-0.548417	-0.427318	-0.279885	-0.110604	0.0602386	0.213926	0.36564	0.503204	0.622177	0.722502	0.808256	0.871592	0.904577	0.888922	0.817986	0.717115	0.59328	0.463233	0.312473	0.134939	-0.0446556	-0.223435	-0.395656	-0.547522	-0.68341	-0.813324	-0.925845	-1.01687	-1.08558	-1.12872	-1.14886	-1.15589	-1.14959	-1.1053	-1.03495	-0.958795	-0.867301	-0.752716	-0.612028	-0.468891	-0.326217	-0.163923	0	
0	-0.0312285	-0.0323678	0.00639203	0.080661	0.165915	0.24275	0.289821	0.299522	0.27872	0.244424	0.210324	0.170792	0.112989	0.0402216	-0.0195598	-0.0355499	0.00478531	0.0818959	0.1794	0.271788	0.351823	0.405094	0.43845	0.452685	0.447269	0.418845	0.383779	0.358555	0.345017	0.325102	0.298361	0.284268	0.27524	0.260149	0.222806	0.167332	0.0940315	-0.0112116	-0.151605	-0.308944	-0.478148	-0.624999	-0.741632	-0.819105	-0.849853	-0.836575	-0.805793	-0.775484	-0.748833	-0.71948	-0.69239	-0.671998	-0.650105	-0.631996	-0.620951	-0.596557	-0.527195	-0.41736	-0.280837	-0.122456	0.03383	0.169618	0.301064	0.417907	0.516572	0.600398	0.67254	0.72912	0.760361	0.745173	0.678012	0.58269	0.471436	0.357323	0.225587	0.0687519	-0.0935056	-0.252805	-0.406686	-0.541155	-0.658985	-0.775872	-0.877011	-0.95684	-1.01557	-1.04933	-1.06417	-1.06781	-1.05666	-1.00867	-0.937208	-0.864496	-0.780385	-0.673784	-0.543197	-0.412954	-0.286984	-0.145138	0	
0	-0.0322034	-0.0315485	0.0171381	0.10237	0.202913	0.289821	0.345059	0.355985	0.332086	0.290974	0.247472	0.198158	0.127579	0.0432634	-0.0285643	-0.0488129	-0.0081889	0.0758194	0.181246	0.280368	0.362541	0.415225	0.439834	0.445193	0.424679	0.379474	0.326325	0.282688	0.25134	0.217488	0.174814	0.148467	0.130745	0.109517	0.0685431	0.0122362	-0.0603288	-0.163979	-0.301661	-0.456225	-0.618469	-0.757279	-0.855189	-0.906246	-0.906874	-0.863598	-0.799052	-0.73904	-0.689956	-0.641368	-0.602286	-0.576994	-0.558779	-0.545318	-0.544947	-0.535614	-0.482715	-0.388585	-0.265999	-0.126192	0.00731888	0.115563	0.214702	0.297762	0.362407	0.416717	0.46525	0.506758	0.534084	0.521913	0.465422	0.389081	0.303303	0.22187	0.126411	0.00522652	-0.122307	-0.250555	-0.375089	-0.48266	-0.578528	-0.673021	-0.754846	-0.820175	-0.864357	-0.883548	-0.883968	-0.877487	-0.862729	-0.812718	-0.741279	-0.676021	-0.604787	-0.514361	-0.409026	-0.310847	-0.217329	-0.109584	0	
0	-0.0399526	-0.041341	0.00726565	0.100516	0.206068	0.299522	0.355985	0.36433	0.334422	0.282334	0.227673	0.16428	0.0813911	-0.0170751	-0.0981956	-0.125457	-0.0842521	0.00496424	0.115843	0.22116	0.304573	0.353545	0.372953	0.365443	0.332044	0.271579	0.199875	0.138966	0.0932888	0.0437045	-0.00756918	-0.0429359	-0.0657139	-0.0886735	-0.127704	-0.183778	-0.254014	-0.3531	-0.48458	-0.63228	-0.782584	-0.903565	-0.98211	-1.0068	-0.973033	-0.888506	-0.785725	-0.691435	-0.612689	-0.543687	-0.491384	-0.459921	-0.439779	-0.434424	-0.447837	-0.454772	-0.420497	-0.343697	-0.241723	-0.123446	-0.0185843	0.0572041	0.117727	0.157794	0.182202	0.198512	0.217033	0.239796	0.260151	0.253904	0.213815	0.163482	0.114591	0.0753057	0.0274235	-0.0444722	-0.128457	-0.214526	-0.30009	-0.374432	-0.43858	-0.50646	-0.565212	-0.606845	-0.632628	-0.635923	-0.622714	-0.608716	-0.588699	-0.541525	-0.481171	-0.430471	-0.383438	-0.324378	-0.250316	-0.184234	-0.129068	-0.0659752	0	
0	-0.0505239	-0.0614217	-0.0135313	0.077726	0.186518	0.27872	0.332086	0.334422	0.292904	0.227649	0.155833	0.0753697	-0.0241149	-0.136364	-0.229472	-0.261478	-0.221703	-0.127174	-0.00957294	0.100564	0.185494	0.232464	0.242882	0.225751	0.179293	0.105212	0.021595	-0.0503411	-0.107226	-0.16005	-0.215387	-0.253795	-0.274982	-0.294162	-0.328604	-0.374611	-0.436454	-0.52851	-0.652007	-0.793299	-0.936225	-1.04835	-1.1066	-1.10269	-1.03672	-0.920066	-0.778611	-0.645248	-0.534425	-0.440609	-0.36928	-0.325164	-0.304764	-0.306088	-0.330561	-0.355012	-0.343462	-0.293213	-0.2143	-0.125262	-0.0530959	-0.0132149	0.00479055	0.00350623	-0.0146816	-0.0333828	-0.0438242	-0.0382962	-0.0210736	-0.0198423	-0.0383503	-0.0585567	-0.0676283	-0.0599304	-0.0561047	-0.07408	-0.106415	-0.144484	-0.184564	-0.21689	-0.245109	-0.277455	-0.305642	-0.326427	-0.333128	-0.321505	-0.302783	-0.289436	-0.277177	-0.2446	-0.202161	-0.176449	-0.156714	-0.125099	-0.0903746	-0.0681096	-0.0513236	-0.0271611	0	
0	-0.0622123	-0.0808172	-0.0392905	0.0506593	0.156197	0.244424	0.290974	0.282334	0.227649	0.144389	0.0524691	-0.0489214	-0.167083	-0.295614	-0.399428	-0.439964	-0.402187	-0.304904	-0.184145	-0.0679428	0.0181013	0.0648144	0.0733229	0.050177	-0.00203575	-0.080734	-0.170788	-0.248503	-0.307807	-0.36202	-0.411499	-0.442525	-0.453912	-0.461649	-0.479582	-0.514785	-0.568163	-0.651317	-0.767524	-0.905089	-1.04014	-1.14444	-1.19511	-1.17796	-1.0895	-0.941305	-0.766717	-0.600751	-0.457261	-0.334991	-0.242353	-0.183991	-0.155687	-0.159199	-0.196108	-0.240316	-0.257228	-0.236802	-0.191669	-0.138521	-0.104761	-0.102507	-0.123414	-0.163737	-0.213714	-0.26	-0.289203	-0.291899	-0.274688	-0.260672	-0.258081	-0.249762	-0.221143	-0.170778	-0.116319	-0.0783633	-0.0555999	-0.0388393	-0.0250872	-0.010128	0.00358287	0.0071304	0.0050245	0.00406799	0.00624694	0.0178632	0.033025	0.0357872	0.0327941	0.0428446	0.0573203	0.0557143	0.0429951	0.0377853	0.0403046	0.0351599	0.0208159	0.00835601	0	
0	-0.0713373	-0.0982372	-0.0605859	0.0252351	0.127688	0.210324	0.247472	0.227673	0.155833	0.0524691	-0.0646327	-0.192086	-0.334048	-0.481459	-0.600035	-0.649001	-0.61567	-0.516219	-0.389705	-0.267461	-0.175931	-0.126069	-0.116654	-0.140947	-0.1931	-0.271037	-0.356859	-0.429208	-0.482605	-0.525242	-0.560111	-0.579277	-0.57663	-0.569729	-0.572734	-0.591131	-0.630822	-0.704453	-0.814018	-0.949474	-1.08597	-1.19366	-1.24079	-1.21358	-1.11089	-0.946794	-0.74879	-0.553257	-0.378747	-0.231619	-0.115409	-0.0365434	0.00269094	-0.00225585	-0.0464061	-0.107245	-0.152943	-0.169513	-0.161632	-0.149477	-0.156779	-0.192073	-0.250772	-0.321177	-0.396052	-0.458212	-0.496378	-0.499581	-0.47583	-0.448411	-0.423583	-0.390496	-0.329852	-0.241782	-0.142782	-0.0521851	0.0249899	0.0962639	0.163637	0.226802	0.28098	0.318787	0.339838	0.347975	0.351053	0.355069	0.350175	0.32899	0.30131	0.280746	0.264834	0.236243	0.200048	0.172104	0.144432	0.10872	0.0697158	0.0327561	0	
0	-0.0790162	-0.113491	-0.0803917	-0.000749604	0.0973184	0.170792	0.198158	0.16428	0.0753697	-0.0489214	-0.192086	-0.345229	-0.510884	-0.675854	-0.8065	-0.86432	-0.835223	-0.73576	-0.606459	-0.478238	-0.382831	-0.326624	-0.31268	-0.331148	-0.376284	-0.444242	-0.51786	-0.578512	-0.620292	-0.647013	-0.663225	-0.663147	-0.640847	-0.616336	-0.598847	-0.602063	-0.632705	-0.700341	-0.80614	-0.943036	-1.07901	-1.1906	-1.241	-1.21427	-1.10492	-0.927186	-0.710251	-0.49182	-0.292796	-0.121189	0.0153826	0.112121	0.162165	0.159963	0.11009	0.033226	-0.0396157	-0.0897882	-0.117185	-0.144335	-0.188258	-0.255118	-0.342491	-0.434689	-0.523519	-0.59307	-0.631753	-0.629967	-0.599876	-0.5597	-0.519014	-0.468702	-0.386547	-0.272865	-0.139693	-0.00674661	0.118765	0.23927	0.355806	0.4633	0.552176	0.61771	0.653727	0.663601	0.658402	0.643929	0.615135	0.569429	0.515743	0.465887	0.421172	0.367191	0.307479	0.256181	0.208167	0.157939	0.10482	0.0505818	0	
0	-0.0898825	-0.133881	-0.111385	-0.0393744	0.0483428	0.112989	0.127579	0.0813911	-0.0241149	-0.167083	-0.334048	-0.510884	-0.696858	-0.87529	-1.01279	-1.0738	-1.04435	-0.940374	-0.803508	-0.666461	-0.561535	-0.498792	-0.476362	-0.489753	-0.52737	-0.583944	-0.643394	-0.688893	-0.713186	-0.721061	-0.713417	-0.69123	-0.650843	-0.609332	-0.574629	-0.563407	-0.585434	-0.646723	-0.752283	-0.89219	-1.03588	-1.15533	-1.21172	-1.18638	-1.07256	-0.885395	-0.65487	-0.418903	-0.195792	-0.00641936	0.146211	0.2556	0.314007	0.309851	0.253229	0.165817	0.0715755	-0.00317235	-0.056539	-0.10891	-0.174521	-0.259794	-0.36286	-0.467156	-0.562992	-0.636334	-0.675306	-0.669943	-0.637753	-0.590104	-0.537951	-0.478121	-0.382924	-0.254482	-0.102911	0.0569726	0.212203	0.363095	0.511383	0.645531	0.757889	0.843286	0.889949	0.90401	0.895371	0.868296	0.819903	0.752573	0.677078	0.600036	0.52716	0.452644	0.377083	0.308127	0.243147	0.180833	0.118839	0.0573696	0	
0	-0.10061	-0.157839	-0.145472	-0.0880192	-0.0101242	0.0402216	0.0432634	-0.0170751	-0.136364	-0.295614	-0.481459	-0.675854	-0.87529	-1.05709	-1.19196	-1.24599	-1.20705	-1.09317	-0.942655	-0.792496	-0.677013	-0.601948	-0.572365	-0.577999	-0.606815	-0.654851	-0.700096	-0.732271	-0.746144	-0.737574	-0.710565	-0.670561	-0.610957	-0.553729	-0.502032	-0.477622	-0.490416	-0.550296	-0.656373	-0.801288	-0.949351	-1.0799	-1.14366	-1.12152	-1.00526	-0.812554	-0.571616	-0.317281	-0.0773272	0.125539	0.285183	0.399869	0.45553	0.441406	0.374724	0.273016	0.162953	0.0705335	0.00654186	-0.0541918	-0.122836	-0.206067	-0.309456	-0.411457	-0.507399	-0.582231	-0.620647	-0.616555	-0.586423	-0.53625	-0.479464	-0.415056	-0.317798	-0.188811	-0.0361197	0.125501	0.28724	0.443571	0.59697	0.740069	0.860055	0.955868	1.01407	1.03397	1.03105	1.00532	0.948811	0.874929	0.791745	0.697824	0.604798	0.512743	0.42354	0.340499	0.260977	0.189797	0.124384	0.0609309	0	
0	-0.108516	-0.173862	-0.17353	-0.125812	-0.0604855	-0.0195598	-0.0285643	-0.0981956	-0.229472	-0.399428	-0.600035	-0.8065	-1.01279	-1.19196	-1.31513	-1.35386	-1.29842	-1.16598	-0.996216	-0.827542	-0.692787	-0.60519	-0.562055	-0.559255	-0.583089	-0.621949	-0.659199	-0.685006	-0.691359	-0.675847	-0.638447	-0.58288	-0.513827	-0.445919	-0.381501	-0.344397	-0.35218	-0.40599	-0.512058	-0.657891	-0.813228	-0.948119	-1.01841	-1.00389	-0.889643	-0.690784	-0.441081	-0.180111	0.0720903	0.280566	0.43965	0.545848	0.589381	0.557969	0.471034	0.353925	0.227871	0.127392	0.0612692	0.00630789	-0.046843	-0.114044	-0.200115	-0.290708	-0.379536	-0.452515	-0.492817	-0.491131	-0.468007	-0.419839	-0.360903	-0.298316	-0.205463	-0.0863913	0.0485249	0.192994	0.33619	0.47133	0.607835	0.73518	0.847613	0.945786	1.00981	1.04474	1.05872	1.04352	0.998251	0.934997	0.85631	0.760925	0.661069	0.561996	0.465693	0.371642	0.283932	0.207196	0.135122	0.0668999	0	
0	-0.105625	-0.171262	-0.173393	-0.131303	-0.0702454	-0.0355499	-0.0488129	-0.125457	-0.261478	-0.439964	-0.649001	-0.86432	-1.0738	-1.24599	-1.35386	-1.37389	-1.297	-1.14595	-0.953744	-0.763773	-0.610794	-0.504507	-0.448838	-0.437049	-0.452605	-0.487539	-0.517722	-0.538247	-0.545065	-0.528264	-0.485672	-0.427372	-0.354583	-0.284413	-0.214892	-0.172506	-0.171767	-0.221523	-0.324237	-0.467796	-0.621213	-0.760958	-0.836921	-0.822762	-0.706871	-0.509011	-0.262802	0.00308533	0.256981	0.461061	0.607147	0.69778	0.719831	0.661371	0.552666	0.417121	0.278962	0.170376	0.106505	0.0644685	0.0314048	-0.0104954	-0.0738126	-0.144201	-0.219557	-0.2873	-0.323864	-0.325724	-0.309764	-0.266394	-0.213019	-0.156774	-0.0780229	0.0191444	0.126138	0.236715	0.347605	0.449551	0.551227	0.65264	0.747251	0.836605	0.9054	0.95187	0.98587	0.994817	0.967688	0.926131	0.871626	0.789277	0.69433	0.602864	0.514618	0.418677	0.322181	0.237491	0.15735	0.0791938	0	
0	-0.0907261	-0.144878	-0.141045	-0.0950964	-0.0323755	0.00478531	-0.0081889	-0.0842521	-0.221703	-0.402187	-0.61567	-0.835223	-1.04435	-1.20705	-1.29842	-1.297	-1.20189	-1.03257	-0.822817	-0.617486	-0.446888	-0.328649	-0.26074	-0.239007	-0.249885	-0.277084	-0.30085	-0.318531	-0.324944	-0.311144	-0.271824	-0.211947	-0.142604	-0.0749534	-0.00620975	0.0392741	0.040348	-0.0083525	-0.109296	-0.247665	-0.399192	-0.532968	-0.604	-0.593308	-0.482417	-0.285729	-0.0405015	0.216725	0.461104	0.651032	0.776139	0.839617	0.834868	0.752288	0.620423	0.468971	0.32044	0.208616	0.146411	0.113794	0.0991389	0.0788158	0.0403495	-0.00749456	-0.0647901	-0.118457	-0.145944	-0.146285	-0.13591	-0.103491	-0.0623722	-0.0240507	0.0288091	0.0952155	0.162966	0.235767	0.311834	0.378023	0.448115	0.520629	0.593826	0.671668	0.736875	0.793515	0.84569	0.872859	0.872474	0.864407	0.840356	0.786034	0.71384	0.636978	0.556998	0.465298	0.369345	0.27648	0.184073	0.0949614	0	
0	-0.0680252	-0.10349	-0.087919	-0.0327486	0.0371251	0.0818959	0.0758194	0.00496424	-0.127174	-0.304904	-0.516219	-0.73576	-0.940374	-1.09317	-1.16598	-1.14595	-1.03257	-0.84965	-0.627195	-0.409279	-0.228331	-0.100375	-0.0253773	0.000289722	-0.00843854	-0.0339083	-0.0551775	-0.0686297	-0.0752197	-0.0620308	-0.0220724	0.038997	0.105669	0.168574	0.231427	0.273642	0.272934	0.224609	0.124376	-0.0110886	-0.159848	-0.291079	-0.366138	-0.355192	-0.243302	-0.051511	0.178923	0.422476	0.649455	0.817741	0.915678	0.951189	0.918723	0.811478	0.662633	0.502576	0.351142	0.237039	0.17485	0.149046	0.146784	0.142901	0.126092	0.100821	0.0658375	0.0317384	0.0194088	0.0245602	0.0294861	0.0475768	0.066841	0.0781539	0.0972408	0.123993	0.151356	0.186207	0.230351	0.270011	0.311879	0.359979	0.414807	0.477363	0.537068	0.599265	0.667817	0.719358	0.746149	0.770394	0.782678	0.759073	0.708741	0.652203	0.588586	0.500587	0.401374	0.306049	0.207286	0.106139	0	
0	-0.0394299	-0.0511129	-0.0203155	0.04684	0.125363	0.1794	0.181246	0.115843	-0.00957294	-0.184145	-0.389705	-0.606459	-0.803508	-0.942655	-0.996216	-0.953744	-0.822817	-0.627195	-0.395657	-0.171915	0.0138777	0.143904	0.219587	0.244448	0.233522	0.206663	0.186601	0.174539	0.16858	0.17833	0.218073	0.279896	0.347396	0.410266	0.473124	0.515334	0.516977	0.464911	0.361406	0.224122	0.0731231	-0.0599259	-0.136734	-0.13383	-0.0374733	0.138709	0.353853	0.57904	0.784653	0.931928	1.00457	1.01259	0.958785	0.837176	0.677294	0.51055	0.358096	0.244456	0.180088	0.157436	0.161034	0.171028	0.173846	0.171099	0.159924	0.14769	0.154097	0.165639	0.168457	0.170924	0.166329	0.149919	0.132259	0.11886	0.104523	0.102106	0.117027	0.133606	0.155474	0.186262	0.227315	0.278592	0.334794	0.403872	0.483813	0.551059	0.602965	0.658827	0.70425	0.711458	0.686241	0.647522	0.594494	0.515554	0.420106	0.318044	0.213109	0.110055	0	
0	-0.0103174	0.000682641	0.0469034	0.123328	0.210017	0.271788	0.280368	0.22116	0.100564	-0.0679428	-0.267461	-0.478238	-0.666461	-0.792496	-0.827542	-0.763773	-0.617486	-0.409279	-0.171915	0.0571208	0.246486	0.378001	0.452579	0.475482	0.457029	0.424786	0.398568	0.383977	0.374423	0.382616	0.420537	0.487066	0.558686	0.625255	0.688395	0.736173	0.740694	0.691913	0.591817	0.45379	0.296792	0.154649	0.0593478	0.0381694	0.111244	0.261562	0.449515	0.647493	0.829103	0.959007	1.0182	1.01534	0.949827	0.821288	0.656457	0.489393	0.338191	0.221652	0.154616	0.13264	0.144018	0.167802	0.191007	0.210783	0.219263	0.226875	0.244179	0.258804	0.258541	0.246117	0.224092	0.187157	0.144098	0.0991989	0.0498559	0.0151562	0.00217891	-0.0018979	0.00199758	0.0180906	0.0493459	0.0929103	0.144809	0.216713	0.307195	0.388047	0.456438	0.532232	0.601037	0.63527	0.635706	0.616089	0.577486	0.511534	0.42446	0.327981	0.224706	0.115454	0	
0	0.0178643	0.0519018	0.110016	0.195172	0.284894	0.351823	0.362541	0.304573	0.185494	0.0181013	-0.175931	-0.382831	-0.561535	-0.677013	-0.692787	-0.610794	-0.446888	-0.228331	0.0138777	0.246486	0.436169	0.566898	0.640426	0.657611	0.634997	0.596009	0.564234	0.546912	0.534955	0.536342	0.572447	0.637429	0.712267	0.78383	0.853743	0.909068	0.925468	0.885502	0.789112	0.649624	0.486608	0.331349	0.211131	0.160067	0.191868	0.298775	0.446182	0.613108	0.773872	0.895723	0.953072	0.948943	0.889666	0.770169	0.611505	0.445854	0.295161	0.178411	0.107081	0.0866855	0.102841	0.141169	0.184158	0.220982	0.245108	0.262571	0.283216	0.295797	0.29094	0.270358	0.239335	0.196252	0.144308	0.0803141	0.00773823	-0.0535439	-0.0941259	-0.116649	-0.127974	-0.123811	-0.0989766	-0.0617075	-0.0114867	0.0617059	0.147733	0.226367	0.299711	0.382662	0.466148	0.52181	0.547458	0.556696	0.544903	0.502836	0.431227	0.339377	0.234752	0.11974	0	
0	0.0428206	0.0942828	0.16282	0.249261	0.340292	0.405094	0.415225	0.353545	0.232464	0.0648144	-0.126069	-0.326624	-0.498792	-0.601948	-0.60519	-0.504507	-0.328649	-0.100375	0.143904	0.378001	0.566898	0.698982	0.769166	0.786286	0.758033	0.713909	0.676957	0.65579	0.640658	0.639649	0.671827	0.736868	0.817032	0.893861	0.968652	1.0321	1.05922	1.02658	0.93949	0.800566	0.632264	0.457744	0.310756	0.217718	0.200738	0.256829	0.363546	0.496034	0.632041	0.747244	0.811925	0.825069	0.781167	0.679035	0.534397	0.381208	0.240299	0.126575	0.056863	0.0373871	0.0579824	0.107312	0.16206	0.209977	0.239724	0.260364	0.277644	0.283557	0.275759	0.248927	0.216025	0.177796	0.128928	0.0624193	-0.0188526	-0.0946542	-0.15115	-0.188289	-0.211511	-0.216626	-0.202168	-0.174291	-0.134425	-0.072515	0.00458484	0.0738985	0.138059	0.216335	0.305506	0.380748	0.435065	0.469988	0.483073	0.473267	0.426963	0.347452	0.247954	0.128393	0	
0	0.0642621	0.13092	0.20544	0.291739	0.377342	0.43845	0.439834	0.372953	0.242882	0.0733229	-0.116654	-0.31268	-0.476362	-0.572365	-0.562055	-0.448838	-0.26074	-0.0253773	0.219587	0.452579	0.640426	0.769166	0.839917	0.852545	0.82276	0.77457	0.733186	0.71107	0.696545	0.694211	0.726633	0.791793	0.87684	0.960964	1.04137	1.11323	1.14768	1.12414	1.04032	0.896535	0.715859	0.522417	0.341953	0.208444	0.145642	0.154674	0.219111	0.318688	0.440078	0.554659	0.632147	0.659083	0.635051	0.555714	0.435606	0.303594	0.181073	0.0832645	0.0234989	0.00737119	0.0274256	0.0772889	0.132161	0.178058	0.204907	0.223835	0.234396	0.237483	0.2273	0.197842	0.167524	0.135636	0.100725	0.0431092	-0.0321233	-0.104464	-0.16666	-0.207773	-0.237587	-0.257506	-0.259333	-0.249337	-0.227775	-0.18345	-0.125961	-0.0707073	-0.0145279	0.0555267	0.142481	0.226035	0.299222	0.358335	0.395953	0.412179	0.388614	0.326782	0.238266	0.12236	0	
0	0.0826611	0.161645	0.240715	0.322937	0.402485	0.452685	0.445193	0.365443	0.225751	0.050177	-0.140947	-0.331148	-0.489753	-0.577999	-0.559255	-0.437049	-0.239007	0.000289722	0.244448	0.475482	0.657611	0.786286	0.852545	0.864766	0.832813	0.781898	0.738828	0.716139	0.703988	0.705707	0.739523	0.80799	0.901372	0.993437	1.08352	1.16067	1.2007	1.18021	1.09311	0.936902	0.740233	0.516741	0.302676	0.132834	0.026981	-0.00483922	0.0320043	0.116754	0.229377	0.347581	0.437344	0.483837	0.478238	0.421619	0.327214	0.224175	0.130875	0.0591972	0.0177956	0.00595701	0.0213153	0.0617596	0.104415	0.136105	0.153423	0.163777	0.168557	0.169724	0.15775	0.12985	0.100409	0.0791334	0.0611023	0.0214383	-0.032324	-0.0906443	-0.143638	-0.182692	-0.217543	-0.250166	-0.277564	-0.294239	-0.297317	-0.276429	-0.23638	-0.19282	-0.146324	-0.0868117	-0.00622755	0.0788671	0.156167	0.219689	0.268782	0.304545	0.302096	0.261983	0.194948	0.0995779	0	
0	0.0964976	0.183759	0.264427	0.340486	0.409265	0.447269	0.424679	0.332044	0.179293	-0.00203575	-0.1931	-0.376284	-0.52737	-0.606815	-0.583089	-0.452605	-0.249885	-0.00843854	0.233522	0.457029	0.634997	0.758033	0.82276	0.832813	0.801138	0.749286	0.705601	0.683761	0.676506	0.683802	0.724773	0.798058	0.900922	1.00524	1.10297	1.185	1.22652	1.20173	1.1048	0.930593	0.707043	0.451269	0.204738	-0.00356745	-0.142313	-0.199709	-0.178174	-0.102396	0.0154534	0.142992	0.251596	0.318352	0.333509	0.29726	0.231166	0.160001	0.0973039	0.0528854	0.0304679	0.0232958	0.0315576	0.0605114	0.0856062	0.102156	0.105381	0.104385	0.100337	0.0961631	0.0822245	0.053321	0.0289248	0.0176366	0.0184768	0.00378536	-0.0277292	-0.0649114	-0.104763	-0.138782	-0.173017	-0.218306	-0.266669	-0.306824	-0.336389	-0.340093	-0.317999	-0.284484	-0.24852	-0.202281	-0.134963	-0.0632943	0.00551037	0.0628188	0.106781	0.14943	0.166973	0.152203	0.1176	0.0617367	0	
0	0.104218	0.195361	0.27401	0.341251	0.39702	0.418845	0.379474	0.271579	0.105212	-0.080734	-0.271037	-0.444242	-0.583944	-0.654851	-0.621949	-0.487539	-0.277084	-0.0339083	0.206663	0.424786	0.596009	0.713909	0.77457	0.781898	0.749286	0.697312	0.654252	0.635074	0.63417	0.653572	0.702056	0.785015	0.897549	1.01113	1.11704	1.20109	1.23379	1.20177	1.08588	0.885485	0.631637	0.343491	0.061541	-0.173022	-0.335119	-0.411553	-0.401298	-0.323303	-0.197301	-0.0548737	0.0767039	0.169616	0.209712	0.201796	0.167378	0.124822	0.0849178	0.0599199	0.050637	0.0416876	0.0436329	0.0610454	0.0759556	0.0811697	0.0744118	0.0606838	0.0437699	0.0326301	0.0104545	-0.0158349	-0.0336958	-0.033111	-0.0116446	-0.00473035	-0.0157016	-0.0402066	-0.0726342	-0.102657	-0.134261	-0.181449	-0.241071	-0.293386	-0.337701	-0.362683	-0.360283	-0.342318	-0.320787	-0.293759	-0.25057	-0.199044	-0.150675	-0.111864	-0.0742525	-0.0332784	-0.00591307	0.0100519	0.014488	0.00465363	0	
0	0.109549	0.203512	0.279775	0.338541	0.380395	0.383779	0.326325	0.199875	0.021595	-0.170788	-0.356859	-0.51786	-0.643394	-0.700096	-0.659199	-0.517722	-0.30085	-0.0551775	0.186601	0.398568	0.564234	0.676957	0.733186	0.738828	0.705601	0.654252	0.612416	0.59508	0.60119	0.630826	0.691287	0.783866	0.904593	1.02856	1.14019	1.21842	1.24113	1.19029	1.04774	0.821073	0.536364	0.217339	-0.0866719	-0.340517	-0.520191	-0.607022	-0.602718	-0.522636	-0.386771	-0.230566	-0.0773033	0.0490369	0.126534	0.149212	0.141589	0.122057	0.0963892	0.077672	0.0650121	0.0476719	0.038996	0.048228	0.0571566	0.0599906	0.0521489	0.0302978	0.00854681	-0.00942463	-0.0361929	-0.0595798	-0.071205	-0.0603061	-0.0272371	-0.00421016	-0.00560138	-0.0260733	-0.0558433	-0.0860009	-0.110879	-0.149319	-0.203387	-0.255898	-0.309255	-0.34959	-0.36676	-0.371527	-0.37623	-0.373822	-0.352154	-0.326083	-0.304217	-0.284539	-0.262369	-0.229652	-0.191202	-0.150518	-0.10492	-0.0542583	0	
0	0.114241	0.212556	0.287792	0.342269	0.371224	0.358555	0.282688	0.138966	-0.0503411	-0.248503	-0.429208	-0.578512	-0.688893	-0.732271	-0.685006	-0.538247	-0.318531	-0.0686297	0.174539	0.383977	0.546912	0.65579	0.71107	0.716139	0.683761	0.635074	0.59508	0.580196	0.59205	0.631995	0.703084	0.803731	0.929627	1.05719	1.168	1.23747	1.24091	1.16634	0.999129	0.746194	0.435012	0.0969243	-0.222974	-0.489522	-0.673913	-0.765884	-0.767884	-0.687677	-0.545058	-0.373555	-0.190796	-0.0274701	0.0836141	0.136761	0.157232	0.154932	0.13184	0.107892	0.0860513	0.0546625	0.0301099	0.0250584	0.0253039	0.0283278	0.0229629	0.00374355	-0.0125242	-0.0275302	-0.0524601	-0.0738536	-0.0829669	-0.0726477	-0.0383743	-0.00719025	-0.00408933	-0.0214527	-0.0477477	-0.0741704	-0.0909896	-0.118713	-0.161558	-0.20574	-0.260877	-0.317111	-0.354875	-0.381986	-0.413977	-0.44106	-0.449823	-0.450128	-0.450532	-0.448864	-0.438243	-0.413753	-0.369845	-0.302557	-0.216421	-0.113851	0	
0	0.11939	0.221651	0.300637	0.352014	0.372498	0.345017	0.25134	0.0932888	-0.107226	-0.307807	-0.482605	-0.620292	-0.713186	-0.746144	-0.691359	-0.545065	-0.324944	-0.0752197	0.16858	0.374423	0.534955	0.640658	0.696545	0.703988	0.676506	0.63417	0.60119	0.59205	0.610061	0.660506	0.739294	0.844461	0.966623	1.08819	1.18841	1.24095	1.22032	1.12182	0.929497	0.659045	0.332165	-0.0134213	-0.338861	-0.604516	-0.79143	-0.887864	-0.896973	-0.814508	-0.660815	-0.469254	-0.26155	-0.0654532	0.0840348	0.166667	0.202848	0.206463	0.185548	0.157325	0.124158	0.0763373	0.0327627	0.00610433	-0.00893789	-0.0109212	-0.0125597	-0.0202951	-0.0206548	-0.0215975	-0.0396305	-0.0604422	-0.0755656	-0.0791715	-0.0557958	-0.0261509	-0.0186404	-0.0276943	-0.0453926	-0.0625324	-0.0693219	-0.08479	-0.116019	-0.154586	-0.208485	-0.269694	-0.323995	-0.380238	-0.443597	-0.498955	-0.538003	-0.569382	-0.595094	-0.603921	-0.593298	-0.568061	-0.514764	-0.424221	-0.304039	-0.158935	0	
0	0.11942	0.225175	0.303745	0.355344	0.366763	0.325102	0.217488	0.0437045	-0.16005	-0.36202	-0.525242	-0.647013	-0.721061	-0.737574	-0.675847	-0.528264	-0.311144	-0.0620308	0.17833	0.382616	0.536342	0.639649	0.694211	0.705707	0.683802	0.653572	0.630826	0.631995	0.660506	0.718369	0.805233	0.910692	1.02158	1.12678	1.20784	1.23215	1.18448	1.05646	0.845221	0.564329	0.235658	-0.106285	-0.4253	-0.688227	-0.873113	-0.970261	-0.982939	-0.898816	-0.737565	-0.527717	-0.295602	-0.0670548	0.108428	0.208127	0.25334	0.265382	0.246043	0.213795	0.171272	0.113842	0.0517447	0.00232022	-0.029794	-0.0385931	-0.0345099	-0.0292137	-0.00893941	0.00434625	-0.00499544	-0.0275684	-0.0558518	-0.0776425	-0.0746255	-0.0540887	-0.0453987	-0.0467814	-0.0513154	-0.0564811	-0.0544975	-0.0582319	-0.0749927	-0.105631	-0.15917	-0.223642	-0.287176	-0.362689	-0.45549	-0.544877	-0.615144	-0.676155	-0.724511	-0.738685	-0.724364	-0.691089	-0.620817	-0.506874	-0.359281	-0.185659	0	
0	0.115887	0.219129	0.298823	0.347839	0.351763	0.298361	0.174814	-0.00756918	-0.215387	-0.411499	-0.560111	-0.663225	-0.713417	-0.710565	-0.638447	-0.485672	-0.271824	-0.0220724	0.218073	0.420537	0.572447	0.671827	0.726633	0.739523	0.724773	0.702056	0.691287	0.703084	0.739294	0.805233	0.899345	0.999944	1.098	1.17997	1.2302	1.22596	1.14908	0.992686	0.769096	0.484369	0.159374	-0.172093	-0.480025	-0.734721	-0.91101	-1.00654	-1.01781	-0.932095	-0.762124	-0.539137	-0.292624	-0.053	0.137098	0.249948	0.303091	0.31657	0.300003	0.266822	0.220058	0.154755	0.0782764	0.014385	-0.029436	-0.0388809	-0.032211	-0.0135583	0.0174366	0.0377575	0.0350225	0.00797359	-0.0262111	-0.0625976	-0.0749571	-0.0658192	-0.0626009	-0.0614286	-0.0627615	-0.0597586	-0.051334	-0.0479333	-0.0545813	-0.0788645	-0.126834	-0.189849	-0.258934	-0.346629	-0.45563	-0.562372	-0.65912	-0.752285	-0.821131	-0.843558	-0.826183	-0.777424	-0.691942	-0.560227	-0.389435	-0.199302	0	
0	0.113221	0.216208	0.298943	0.348293	0.348774	0.284268	0.148467	-0.0429359	-0.253795	-0.442525	-0.579277	-0.663147	-0.69123	-0.670561	-0.58288	-0.427372	-0.211947	0.038997	0.279896	0.487066	0.637429	0.736868	0.791793	0.80799	0.798058	0.785015	0.783866	0.803731	0.844461	0.910692	0.999944	1.09262	1.17038	1.22362	1.24781	1.21874	1.11824	0.947041	0.716803	0.430959	0.116098	-0.203209	-0.50173	-0.744501	-0.909444	-0.993172	-0.994207	-0.90229	-0.728296	-0.499067	-0.25416	-0.015071	0.179135	0.297881	0.350677	0.366224	0.354264	0.319553	0.267371	0.196121	0.114287	0.0421586	-0.00473337	-0.0170376	-0.00888466	0.0145071	0.0446584	0.0660851	0.0643953	0.0404956	0.00705707	-0.0292221	-0.0456709	-0.0485758	-0.0509271	-0.0566517	-0.0650408	-0.0661578	-0.0616404	-0.0539607	-0.0537503	-0.0755548	-0.123186	-0.181321	-0.248399	-0.342742	-0.45564	-0.566609	-0.674258	-0.783314	-0.868251	-0.898495	-0.880042	-0.825642	-0.730529	-0.583116	-0.399827	-0.206075	0	
0	0.108818	0.210722	0.295811	0.347602	0.3464	0.27524	0.130745	-0.0657139	-0.274982	-0.453912	-0.57663	-0.640847	-0.650843	-0.610957	-0.513827	-0.354583	-0.142604	0.105669	0.347396	0.558686	0.712267	0.817032	0.87684	0.901372	0.900922	0.897549	0.904593	0.929627	0.966623	1.02158	1.098	1.17038	1.22227	1.24775	1.24338	1.19624	1.0884	0.912793	0.686201	0.410887	0.109062	-0.200611	-0.485448	-0.71589	-0.8674	-0.938138	-0.924143	-0.826649	-0.650239	-0.426224	-0.188715	0.0425397	0.232085	0.34968	0.402473	0.419288	0.405947	0.370069	0.318995	0.253159	0.174122	0.103056	0.0534994	0.0338462	0.0345018	0.0519121	0.0737042	0.088833	0.0875236	0.0649531	0.0351446	0.00581144	-0.00790892	-0.0135277	-0.0182597	-0.0275035	-0.0439318	-0.0562752	-0.0643726	-0.0666968	-0.0686639	-0.0901752	-0.138758	-0.197126	-0.264495	-0.355392	-0.464354	-0.57007	-0.670481	-0.780993	-0.869423	-0.901734	-0.883639	-0.819005	-0.716549	-0.570129	-0.385273	-0.194292	0	
0	0.101083	0.198995	0.283798	0.337508	0.335084	0.260149	0.109517	-0.0886735	-0.294162	-0.461649	-0.569729	-0.616336	-0.609332	-0.553729	-0.445919	-0.284413	-0.0749534	0.168574	0.410266	0.625255	0.78383	0.893861	0.960964	0.993437	1.00524	1.01113	1.02856	1.05719	1.08819	1.12678	1.17997	1.22362	1.24775	1.23925	1.20978	1.15201	1.04181	0.874287	0.662946	0.402145	0.119258	-0.172239	-0.441736	-0.657249	-0.793523	-0.848314	-0.82392	-0.730336	-0.564646	-0.350142	-0.119709	0.101145	0.287487	0.408188	0.462627	0.473202	0.457996	0.427446	0.387497	0.334088	0.265876	0.200614	0.144515	0.108504	0.0927096	0.0974212	0.107879	0.118203	0.115982	0.0950602	0.0667669	0.042574	0.0336076	0.0275993	0.026394	0.0171955	-0.00715906	-0.0344366	-0.0612049	-0.079646	-0.0939311	-0.118413	-0.161773	-0.215965	-0.28399	-0.376973	-0.482366	-0.579303	-0.670977	-0.765603	-0.83295	-0.854101	-0.828473	-0.755013	-0.651215	-0.510347	-0.340336	-0.172854	0	
0	0.0885703	0.174766	0.256862	0.305263	0.302717	0.222806	0.0685431	-0.127704	-0.328604	-0.479582	-0.572734	-0.598847	-0.574629	-0.502032	-0.381501	-0.214892	-0.00620975	0.231427	0.473124	0.688395	0.853743	0.968652	1.04137	1.08352	1.10297	1.11704	1.14019	1.168	1.18841	1.20784	1.2302	1.24781	1.24338	1.20978	1.16153	1.0986	0.992221	0.840533	0.640354	0.398271	0.137223	-0.13145	-0.373368	-0.560629	-0.678205	-0.723403	-0.701513	-0.622801	-0.47573	-0.281724	-0.0676334	0.146084	0.332293	0.45486	0.509794	0.522442	0.512482	0.490624	0.465972	0.427027	0.373677	0.312422	0.248768	0.196736	0.165907	0.159321	0.161383	0.169914	0.166432	0.145634	0.116562	0.0927156	0.0822385	0.0727547	0.0692467	0.0602359	0.0334821	-0.00732442	-0.0495976	-0.0855996	-0.11511	-0.14452	-0.190113	-0.243188	-0.309041	-0.40279	-0.505662	-0.591904	-0.66124	-0.724553	-0.762472	-0.759278	-0.716515	-0.640043	-0.546536	-0.429439	-0.289111	-0.146349	0	
0	0.0700593	0.144308	0.212515	0.2583	0.249112	0.167332	0.0122362	-0.183778	-0.374611	-0.514785	-0.591131	-0.602063	-0.563407	-0.477622	-0.344397	-0.172506	0.0392741	0.273642	0.515334	0.736173	0.909068	1.0321	1.11323	1.16067	1.185	1.20109	1.21842	1.23747	1.24095	1.23215	1.22596	1.21874	1.19624	1.15201	1.0986	1.03572	0.938755	0.80067	0.611784	0.389668	0.152223	-0.0850382	-0.295038	-0.454207	-0.554775	-0.589545	-0.573124	-0.510715	-0.39256	-0.228908	-0.0328721	0.16892	0.3464	0.470745	0.540354	0.569133	0.571172	0.568566	0.560722	0.532977	0.482895	0.420331	0.349423	0.284767	0.2465	0.229478	0.229683	0.237734	0.232728	0.215026	0.18622	0.16204	0.146616	0.129217	0.115853	0.101921	0.0745962	0.0304726	-0.0194055	-0.0732332	-0.123764	-0.170015	-0.226115	-0.28684	-0.355706	-0.436928	-0.521642	-0.58916	-0.624745	-0.642528	-0.643747	-0.620045	-0.571194	-0.50203	-0.424825	-0.33771	-0.234661	-0.120404	0	
0	0.0496157	0.104129	0.158896	0.193136	0.179108	0.0940315	-0.0603288	-0.254014	-0.436454	-0.568163	-0.630822	-0.632705	-0.585434	-0.490416	-0.35218	-0.171767	0.040348	0.272934	0.516977	0.740694	0.925468	1.05922	1.14768	1.2007	1.22652	1.23379	1.24113	1.24091	1.22032	1.18448	1.14908	1.11824	1.0884	1.04181	0.992221	0.938755	0.860434	0.74094	0.572779	0.373158	0.159266	-0.0512291	-0.229748	-0.362899	-0.446701	-0.476698	-0.468018	-0.420941	-0.32719	-0.189014	-0.0166076	0.164252	0.33028	0.457949	0.546617	0.599308	0.630403	0.653194	0.661393	0.637651	0.586167	0.520277	0.437988	0.366929	0.321099	0.299304	0.303	0.313825	0.312556	0.29686	0.271237	0.243168	0.219063	0.194344	0.167883	0.147675	0.122605	0.080032	0.0284773	-0.0378185	-0.11497	-0.188921	-0.265772	-0.341761	-0.408149	-0.469779	-0.525549	-0.556202	-0.554922	-0.532381	-0.497046	-0.455532	-0.40378	-0.344097	-0.289045	-0.236881	-0.172343	-0.0891492	0	
0	0.0224608	0.0511752	0.0839477	0.101195	0.0777407	-0.0112116	-0.163979	-0.3531	-0.52851	-0.651317	-0.704453	-0.700341	-0.646723	-0.550296	-0.40599	-0.221523	-0.0083525	0.224609	0.464911	0.691913	0.885502	1.02658	1.12414	1.18021	1.20173	1.20177	1.19029	1.16634	1.12182	1.05646	0.992686	0.947041	0.912793	0.874287	0.840533	0.80067	0.74094	0.644755	0.50213	0.32941	0.146084	-0.029864	-0.182636	-0.303025	-0.382125	-0.415585	-0.418269	-0.380006	-0.302261	-0.187222	-0.0413641	0.123132	0.280921	0.413109	0.522385	0.606247	0.665786	0.710289	0.735764	0.722858	0.677855	0.60922	0.520634	0.442734	0.388166	0.362348	0.372554	0.394199	0.398599	0.386037	0.36003	0.32232	0.289495	0.258889	0.223546	0.199519	0.176682	0.136782	0.0824033	0.00318448	-0.0928655	-0.188978	-0.288893	-0.377943	-0.441284	-0.483954	-0.507464	-0.502428	-0.460985	-0.399253	-0.342197	-0.287308	-0.229927	-0.181096	-0.140432	-0.111244	-0.0875569	-0.0484388	0	
0	-0.01195	-0.0165092	-0.0140442	-0.0202089	-0.0580711	-0.151605	-0.301661	-0.48458	-0.652007	-0.767524	-0.814018	-0.80614	-0.752283	-0.656373	-0.512058	-0.324237	-0.109296	0.124376	0.361406	0.591817	0.789112	0.93949	1.04032	1.09311	1.1048	1.08588	1.04774	0.999129	0.929497	0.845221	0.769096	0.716803	0.686201	0.662946	0.640354	0.611784	0.572779	0.50213	0.393792	0.258717	0.109767	-0.04155	-0.178296	-0.291289	-0.368643	-0.41314	-0.424757	-0.397422	-0.340355	-0.25129	-0.124225	0.0336935	0.192743	0.337981	0.468352	0.576337	0.654468	0.716341	0.7593	0.764445	0.735646	0.676397	0.591033	0.51037	0.445568	0.41426	0.42834	0.458132	0.469973	0.461214	0.436876	0.393668	0.357826	0.32776	0.288943	0.259341	0.231728	0.189469	0.125861	0.0339167	-0.0730917	-0.17976	-0.28414	-0.375062	-0.432166	-0.45363	-0.453608	-0.422952	-0.349172	-0.25957	-0.185455	-0.124603	-0.0678106	-0.0196125	0.0135351	0.0247808	0.0189192	0.0103895	0	
0	-0.0491104	-0.0897307	-0.122135	-0.154873	-0.21059	-0.308944	-0.456225	-0.63228	-0.793299	-0.905089	-0.949474	-0.943036	-0.89219	-0.801288	-0.657891	-0.467796	-0.247665	-0.0110886	0.224122	0.45379	0.649624	0.800566	0.896535	0.936902	0.930593	0.885485	0.821073	0.746194	0.659045	0.564329	0.484369	0.430959	0.410887	0.402145	0.398271	0.389668	0.373158	0.32941	0.258717	0.154428	0.0304054	-0.0993592	-0.223485	-0.332302	-0.410648	-0.459642	-0.48228	-0.476127	-0.441099	-0.370077	-0.258217	-0.106318	0.0647039	0.227107	0.374584	0.499159	0.593055	0.666657	0.720388	0.74482	0.736187	0.694372	0.624102	0.551138	0.484769	0.448292	0.457375	0.487368	0.503968	0.505711	0.492559	0.458746	0.4304	0.399666	0.355292	0.310141	0.267713	0.218219	0.14587	0.0523422	-0.0518009	-0.15469	-0.250407	-0.32886	-0.371276	-0.381467	-0.366727	-0.313862	-0.223739	-0.120121	-0.0264968	0.0434954	0.0949885	0.134794	0.154909	0.147868	0.112618	0.0583441	0	
0	-0.0881537	-0.170816	-0.23694	-0.303181	-0.373788	-0.478148	-0.618469	-0.782584	-0.936225	-1.04014	-1.08597	-1.07901	-1.03588	-0.949351	-0.813228	-0.621213	-0.399192	-0.159848	0.0731231	0.296792	0.486608	0.632264	0.715859	0.740233	0.707043	0.631637	0.536364	0.435012	0.332165	0.235658	0.159374	0.116098	0.109062	0.119258	0.137223	0.152223	0.159266	0.146084	0.109767	0.0304054	-0.0716675	-0.193226	-0.314572	-0.423039	-0.49858	-0.556132	-0.591181	-0.601803	-0.58057	-0.527089	-0.433063	-0.282826	-0.104065	0.0670639	0.223034	0.36258	0.473972	0.558255	0.625912	0.66648	0.676086	0.654225	0.608254	0.554937	0.494214	0.455272	0.451811	0.472367	0.491707	0.503997	0.507761	0.495492	0.480577	0.45196	0.40012	0.336981	0.281106	0.226273	0.155044	0.0672397	-0.0291688	-0.120336	-0.20413	-0.263163	-0.279005	-0.269649	-0.241273	-0.172725	-0.06968	0.0354621	0.127641	0.199367	0.246752	0.272025	0.272406	0.248679	0.191477	0.0999617	0	
0	-0.125446	-0.242556	-0.34521	-0.43499	-0.523393	-0.624999	-0.757279	-0.903565	-1.04835	-1.14444	-1.19366	-1.1906	-1.15533	-1.0799	-0.948119	-0.760958	-0.532968	-0.291079	-0.0599259	0.154649	0.331349	0.457744	0.522417	0.516741	0.451269	0.343491	0.217339	0.0969243	-0.0134213	-0.106285	-0.172093	-0.203209	-0.200611	-0.172239	-0.13145	-0.0850382	-0.0512291	-0.029864	-0.04155	-0.0993592	-0.193226	-0.312769	-0.43787	-0.54647	-0.628555	-0.691749	-0.732602	-0.757821	-0.746775	-0.702472	-0.612185	-0.470942	-0.298002	-0.130092	0.0260949	0.175324	0.302089	0.405845	0.487603	0.54294	0.569279	0.56648	0.543704	0.501586	0.447713	0.407291	0.393414	0.410944	0.435794	0.460557	0.477785	0.483818	0.484744	0.460921	0.408646	0.336946	0.266963	0.2066	0.141207	0.0641414	-0.0167697	-0.0928495	-0.154786	-0.177787	-0.159609	-0.12231	-0.0738628	-0.00210017	0.091456	0.185905	0.27311	0.340372	0.379814	0.392115	0.371463	0.325173	0.245514	0.127354	0	
