0	0	0	0	0	0	0	0	0	0	0	0	0	0	0	0	0	0	0	0	0	0	0	0	0	0	0	0	0	0	0	0	0	0	0	0	0	0	0	0	0	0	0	0	0	0	0	0	0	0	0	0	0	0	0	0	0	0	0	0	0	0	0	0	0	0	0	0	0	0	0	0	0	0	0	0	0	0	0	0	0	0	0	0	0	0	0	0	0	0	0	0	0	0	0	0	0	0	0	0	
0	-0.03528	-0.0862344	-0.0932525	-0.0464305	0.0262618	0.122383	0.228706	0.319463	0.364749	0.372784	0.36723	0.329504	0.257285	0.173084	0.0996046	0.03125	-0.046502	-0.125801	-0.18569	-0.203323	-0.182217	-0.135616	-0.0840691	-0.0415879	-0.0111846	0.00632572	0.0158205	0.0204924	0.0218933	0.0234381	0.0230509	0.0245045	0.0237682	0.0255273	0.0243025	0.0255476	0.0236733	0.0225656	0.019795	0.0155464	0.0103645	0.00586813	-0.00143684	-0.00299741	-0.00415304	-0.000604168	0.00887601	0.0233806	0.0367142	0.0465982	0.0473757	0.0332856	0.0137546	-0.00835033	-0.0112658	0.014812	0.0562414	0.117102	0.169692	0.180288	0.171007	0.144892	0.0776764	-0.00810987	-0.0858649	-0.168438	-0.250988	-0.303801	-0.326779	-0.337853	-0.328544	-0.281408	-0.207565	-0.132779	-0.0627279	0.0148738	0.10164	0.177639	0.218382	0.215145	0.17869	0.128735	0.0819918	0.0468099	0.0242111	0.0114414	0.00497436	0.0020012	0.000748622	0.000261505	8.56117e-05	2.63522e-05	7.6484e-06	2.09846e-06	5.45508e-07	1.34631e-07	3.15519e-08	6.7643e-09	0	
0	-0.0862344	-0.133674	-0.120254	-0.0418094	0.0927121	0.260268	0.441645	0.596807	0.683702	0.720224	0.714727	0.649621	0.524899	0.369548	0.222422	0.0743837	-0.0874006	-0.249197	-0.367279	-0.409874	-0.374377	-0.289763	-0.19297	-0.109063	-0.0488176	-0.012261	0.00898818	0.0182701	0.0235041	0.025003	0.0257256	0.0263067	0.0255945	0.0263281	0.0250513	0.0252593	0.0239344	0.0230425	0.0213024	0.0201303	0.0172228	0.0168013	0.0149874	0.0159423	0.0191533	0.0262032	0.0357464	0.0472417	0.0610525	0.0653831	0.0625305	0.0467317	0.0253971	0.0117209	0.0173295	0.0639139	0.139455	0.222143	0.298993	0.339721	0.326298	0.256991	0.133104	-0.0198443	-0.177582	-0.34046	-0.490682	-0.59277	-0.645063	-0.664464	-0.6383	-0.546675	-0.408495	-0.262365	-0.118875	0.0369113	0.20356	0.346178	0.422766	0.417882	0.350235	0.255512	0.16515	0.0958111	0.0503986	0.0242334	0.0107228	0.00439071	0.00167177	0.000594332	0.000197996	6.20069e-05	1.83067e-05	5.10815e-06	1.35019e-06	3.38739e-07	8.06734e-08	1.75504e-08	0	
0	-0.0932525	-0.120254	-0.0832256	0.0342935	0.225542	0.440611	0.653382	0.827024	0.946529	1.01455	1.01268	0.937609	0.782223	0.578822	0.358396	0.124229	-0.120009	-0.352964	-0.5218	-0.590543	-0.55042	-0.442875	-0.310063	-0.191161	-0.10334	-0.0462757	-0.0139602	0.00244602	0.0107825	0.0134009	0.0152465	0.0146902	0.0153112	0.0140148	0.0151423	0.0140769	0.0163165	0.0176163	0.021128	0.0264887	0.0331779	0.0405005	0.0513721	0.0580838	0.0658779	0.06883	0.0694313	0.0615146	0.0558876	0.0492971	0.0470485	0.0550316	0.0607069	0.0770519	0.101678	0.146785	0.230389	0.322088	0.401841	0.449645	0.422662	0.318174	0.159134	-0.0471051	-0.282119	-0.51198	-0.710229	-0.857966	-0.944122	-0.965316	-0.913583	-0.78376	-0.595517	-0.383039	-0.162211	0.0703334	0.3039	0.496935	0.601156	0.597649	0.508323	0.378338	0.250251	0.148829	0.0803227	0.0396387	0.0180006	0.00756289	0.00295352	0.00107647	0.000367467	0.000117859	3.56172e-05	1.01674e-05	2.74792e-06	7.04549e-07	1.71368e-07	3.79959e-08	0	
0	-0.0464305	-0.0418094	0.0342935	0.192599	0.409814	0.644288	0.858916	1.04323	1.19988	1.28077	1.26832	1.1692	0.985675	0.74248	0.449981	0.142428	-0.163702	-0.435595	-0.632796	-0.712268	-0.67488	-0.552118	-0.393977	-0.246704	-0.133241	-0.0561195	-0.013373	0.0122671	0.0217605	0.0281586	0.0297272	0.0305543	0.0323411	0.0315338	0.0346969	0.0345323	0.0383845	0.0406823	0.0457914	0.0500953	0.0585411	0.0638164	0.0737609	0.0796266	0.0857335	0.0850905	0.0812835	0.0725767	0.0569833	0.0500751	0.0483	0.0717809	0.113395	0.163765	0.222042	0.272662	0.333671	0.407803	0.467287	0.489389	0.444976	0.326024	0.142314	-0.108174	-0.398243	-0.67251	-0.907058	-1.09537	-1.20911	-1.22392	-1.14462	-0.98576	-0.759767	-0.485966	-0.188065	0.114394	0.397645	0.622292	0.74512	0.747095	0.648101	0.49518	0.337397	0.207032	0.115342	0.0587494	0.0275217	0.0119195	0.00479424	0.00179806	0.00063104	0.000207899	6.4481e-05	1.8876e-05	5.22752e-06	1.37237e-06	3.41494e-07	7.72732e-08	0	
0	0.0262618	0.0927121	0.225542	0.409814	0.626777	0.860035	1.07833	1.28637	1.45494	1.51816	1.4732	1.33504	1.12746	0.841702	0.493448	0.130725	-0.212731	-0.498426	-0.700656	-0.78511	-0.756185	-0.627485	-0.458032	-0.287911	-0.151178	-0.0560989	0.00156054	0.0338411	0.048811	0.0569739	0.0602012	0.0627816	0.0649539	0.0674939	0.0698757	0.0737623	0.0760014	0.0798832	0.0823972	0.0838925	0.0851624	0.084603	0.0816694	0.0798808	0.074845	0.0741333	0.069529	0.0734767	0.0757731	0.0869558	0.102783	0.129342	0.188885	0.263714	0.343933	0.408124	0.444025	0.467498	0.476488	0.462189	0.404449	0.273566	0.064852	-0.208588	-0.517439	-0.817294	-1.08301	-1.2982	-1.42289	-1.42772	-1.32808	-1.14822	-0.890489	-0.561425	-0.195242	0.163035	0.477273	0.716573	0.850563	0.862663	0.766488	0.604007	0.425889	0.270761	0.156284	0.082413	0.039928	0.0178628	0.00741257	0.00286472	0.0010348	0.000350508	0.000111654	3.35375e-05	9.52156e-06	2.56039e-06	6.51965e-07	1.50578e-07	0	
0	0.122383	0.260268	0.440611	0.644288	0.860035	1.09713	1.33652	1.54673	1.68005	1.70984	1.63347	1.46963	1.23292	0.905712	0.516496	0.107304	-0.257716	-0.549414	-0.748424	-0.845285	-0.826303	-0.709509	-0.535484	-0.349894	-0.190447	-0.0756383	0.00141173	0.0413471	0.06621	0.0747197	0.0812132	0.0837242	0.0850619	0.0889293	0.0887009	0.0936621	0.0935391	0.0971268	0.0968473	0.0979625	0.094484	0.093019	0.0848891	0.0809085	0.0716795	0.0700119	0.0731974	0.084251	0.10937	0.145772	0.196502	0.244311	0.302952	0.376453	0.449133	0.501121	0.512677	0.492047	0.448052	0.385687	0.297559	0.149367	-0.0685522	-0.335908	-0.638441	-0.951424	-1.23486	-1.45343	-1.57314	-1.57257	-1.4635	-1.26545	-0.977022	-0.603029	-0.187446	0.206507	0.534766	0.776841	0.917608	0.944344	0.862158	0.702901	0.514297	0.33952	0.203381	0.111174	0.0557538	0.0257804	0.0110412	0.00439779	0.00163513	0.000569401	0.000186269	5.73988e-05	1.67025e-05	4.5994e-06	1.19815e-06	2.82359e-07	0	
0	0.228706	0.441645	0.653382	0.858916	1.07833	1.33652	1.5922	1.78014	1.87363	1.88038	1.79041	1.60129	1.3187	0.951724	0.521895	0.0823054	-0.296197	-0.589723	-0.789011	-0.895449	-0.892839	-0.795708	-0.622932	-0.428456	-0.248019	-0.109483	-0.014449	0.0410698	0.0727204	0.0867855	0.0938279	0.0963619	0.096459	0.096726	0.0952603	0.0940683	0.092392	0.0898522	0.0874992	0.0848524	0.0819087	0.0807096	0.0796202	0.0818044	0.0889566	0.0967563	0.118075	0.14696	0.1878	0.241452	0.311405	0.37842	0.428307	0.470491	0.512551	0.542785	0.529604	0.470907	0.379493	0.261819	0.128441	-0.0323932	-0.236878	-0.482256	-0.768298	-1.07533	-1.34977	-1.55007	-1.65886	-1.66028	-1.54789	-1.33002	-1.01317	-0.611467	-0.172886	0.234418	0.564006	0.803251	0.949715	0.99485	0.935279	0.790191	0.600668	0.412079	0.256283	0.145236	0.0753876	0.0360211	0.0159164	0.00653125	0.00249843	0.000894039	0.000300206	9.48601e-05	2.82788e-05	7.97081e-06	2.12328e-06	5.10321e-07	0	
0	0.319463	0.596807	0.827024	1.04323	1.28637	1.54673	1.78014	1.94139	2.0201	2.03179	1.94085	1.72311	1.39979	0.997276	0.544293	0.0954178	-0.29099	-0.587887	-0.793918	-0.913207	-0.939757	-0.867219	-0.71267	-0.517467	-0.324458	-0.165429	-0.0533397	0.0187873	0.0576087	0.0788311	0.0872192	0.0907013	0.0912092	0.0893378	0.0882579	0.0842546	0.0828203	0.0783727	0.077672	0.0759175	0.0782158	0.0841141	0.0954585	0.111741	0.140129	0.172329	0.211364	0.260271	0.310576	0.359248	0.419782	0.482847	0.525287	0.539334	0.533408	0.524189	0.486833	0.394137	0.256737	0.0922601	-0.0753479	-0.240899	-0.428069	-0.649542	-0.904677	-1.17544	-1.41525	-1.58895	-1.68759	-1.69147	-1.57419	-1.33678	-1.00147	-0.595287	-0.161791	0.238969	0.562505	0.798749	0.95237	1.01851	0.98713	0.864613	0.682831	0.486688	0.314127	0.184455	0.099039	0.0488676	0.0222629	0.00940524	0.00369915	0.00135935	0.000468227	0.000151619	4.62775e-05	1.33439e-05	3.63276e-06	8.89972e-07	0	
0	0.364749	0.683702	0.946529	1.19988	1.45494	1.68005	1.87363	2.0201	2.11305	2.13603	2.03284	1.7996	1.46036	1.05531	0.615438	0.181873	-0.200204	-0.505844	-0.726033	-0.872951	-0.935456	-0.90285	-0.779423	-0.598043	-0.401858	-0.230891	-0.101987	-0.0175263	0.0316146	0.0585632	0.0703226	0.0771853	0.0789078	0.0811715	0.0827198	0.084386	0.0887959	0.0927935	0.100085	0.111234	0.122996	0.142595	0.167196	0.194831	0.233818	0.279208	0.327248	0.381278	0.439878	0.479448	0.507948	0.543099	0.56661	0.560948	0.515578	0.447609	0.36575	0.247932	0.0888804	-0.0988991	-0.288285	-0.461505	-0.636672	-0.826922	-1.02849	-1.23746	-1.4315	-1.57979	-1.66532	-1.66222	-1.53651	-1.28858	-0.953954	-0.567983	-0.162993	0.217057	0.53182	0.768234	0.931767	1.02024	1.01971	0.925426	0.758699	0.561326	0.375657	0.228358	0.126716	0.0645096	0.030275	0.0131568	0.00531614	0.0020046	0.000707776	0.000234702	7.32952e-05	2.16061e-05	6.00758e-06	1.49924e-06	0	
0	0.372784	0.720224	1.01455	1.28077	1.51816	1.70984	1.88038	2.03179	2.13603	2.14007	2.02866	1.81306	1.49995	1.12997	0.730355	0.335824	-0.0407334	-0.35409	-0.595916	-0.771358	-0.872449	-0.88077	-0.795674	-0.633844	-0.443879	-0.262847	-0.122087	-0.0230711	0.0349148	0.069554	0.0855891	0.0955792	0.102129	0.10642	0.115448	0.121798	0.134559	0.149397	0.165611	0.190171	0.216135	0.24406	0.283368	0.317673	0.357162	0.402721	0.443564	0.480532	0.527153	0.567534	0.57369	0.564293	0.547015	0.505451	0.423568	0.31228	0.191453	0.0534042	-0.11014	-0.301328	-0.503915	-0.684998	-0.841757	-0.985741	-1.12077	-1.26177	-1.40874	-1.52875	-1.59046	-1.56914	-1.43806	-1.19862	-0.888501	-0.543036	-0.181252	0.170555	0.476745	0.71749	0.893799	1.0048	1.03542	0.972474	0.826526	0.633945	0.43937	0.276189	0.15822	0.0830212	0.0400983	0.0179088	0.00742745	0.00287146	0.00103838	0.000352338	0.000112495	3.38772e-05	9.61378e-06	2.44233e-06	0	
0	0.36723	0.714727	1.01268	1.26832	1.4732	1.63347	1.79041	1.94085	2.03284	2.02866	1.94898	1.78212	1.51908	1.20027	0.863033	0.507388	0.144625	-0.166225	-0.426399	-0.623014	-0.753767	-0.798288	-0.750632	-0.609989	-0.431507	-0.242408	-0.0909944	0.0217885	0.0919466	0.132044	0.157131	0.167305	0.181236	0.187115	0.200505	0.213356	0.227567	0.249807	0.270662	0.296581	0.33154	0.360829	0.400751	0.443455	0.47671	0.516346	0.55312	0.567704	0.573191	0.582245	0.568313	0.520629	0.45456	0.378209	0.270326	0.129106	-0.0157281	-0.165293	-0.330903	-0.516731	-0.715282	-0.887165	-1.01139	-1.10297	-1.17756	-1.25737	-1.35292	-1.43262	-1.4596	-1.41811	-1.29457	-1.08707	-0.822631	-0.529637	-0.216473	0.105015	0.403832	0.652255	0.843487	0.976374	1.0368	1.00617	0.885066	0.702678	0.503661	0.326978	0.193152	0.104348	0.0518131	0.0237584	0.0101041	0.00400122	0.00148063	0.000513645	0.000167532	5.14994e-05	1.49047e-05	3.85175e-06	0	
0	0.329504	0.649621	0.937609	1.1692	1.33504	1.46963	1.60129	1.72311	1.7996	1.81306	1.78212	1.67321	1.48243	1.24892	0.984817	0.674968	0.350947	0.0456384	-0.227153	-0.438899	-0.592762	-0.675053	-0.655773	-0.547392	-0.377244	-0.188957	-0.0252671	0.0990185	0.182182	0.229594	0.261195	0.276456	0.291815	0.30507	0.318097	0.338248	0.355487	0.378552	0.406053	0.427654	0.460781	0.488294	0.513015	0.545379	0.568098	0.57882	0.595498	0.595956	0.565447	0.528421	0.477475	0.402327	0.301577	0.192343	0.0735957	-0.0785747	-0.243612	-0.404385	-0.565709	-0.729253	-0.896862	-1.03962	-1.12836	-1.17616	-1.20245	-1.22484	-1.25893	-1.28674	-1.27856	-1.228	-1.13022	-0.974227	-0.768372	-0.530967	-0.264759	0.0276476	0.319905	0.577615	0.784815	0.938412	1.02634	1.02742	0.93365	0.76599	0.566969	0.379622	0.230948	0.128303	0.0654223	0.0307663	0.0134035	0.00543146	0.00205477	0.00072811	0.000242389	7.59948e-05	2.24121e-05	5.88727e-06	0	
0	0.257285	0.524899	0.782223	0.985675	1.12746	1.23292	1.3187	1.39979	1.46036	1.49995	1.51908	1.48243	1.39527	1.25606	1.06183	0.811343	0.530671	0.230408	-0.0427305	-0.26182	-0.436588	-0.54073	-0.548299	-0.468816	-0.305237	-0.120618	0.0564427	0.194304	0.288373	0.348816	0.381628	0.405618	0.417606	0.435276	0.446497	0.464812	0.48382	0.500188	0.526421	0.543333	0.563336	0.584571	0.59125	0.598317	0.600158	0.583687	0.555376	0.530084	0.475286	0.40503	0.325102	0.225681	0.10782	-0.0239294	-0.159022	-0.315631	-0.485171	-0.642041	-0.783894	-0.909734	-1.0294	-1.13433	-1.19411	-1.20844	-1.19068	-1.15323	-1.12036	-1.09724	-1.06703	-1.02581	-0.969101	-0.874437	-0.730356	-0.545105	-0.320404	-0.054523	0.231009	0.497755	0.720834	0.893681	1.00642	1.03751	0.972159	0.822758	0.627882	0.432973	0.270911	0.154578	0.0808452	0.0389479	0.0173629	0.0071924	0.00277894	0.00100489	0.000341126	0.000108985	3.27244e-05	8.73072e-06	0	
0	0.173084	0.369548	0.578822	0.74248	0.841702	0.905712	0.951724	0.997276	1.05531	1.12997	1.20027	1.24892	1.25606	1.19326	1.06052	0.868537	0.627366	0.343128	0.0858467	-0.138199	-0.317133	-0.43066	-0.46071	-0.39808	-0.242969	-0.0598637	0.132502	0.281974	0.391158	0.462396	0.498311	0.528082	0.535666	0.553005	0.558094	0.569452	0.579147	0.586462	0.593204	0.602692	0.596725	0.60203	0.589853	0.571602	0.547029	0.512073	0.453971	0.393358	0.31979	0.225866	0.125343	0.00786875	-0.127593	-0.273581	-0.411963	-0.557285	-0.713413	-0.848863	-0.955787	-1.0387	-1.11226	-1.18034	-1.21195	-1.19194	-1.12818	-1.03378	-0.943528	-0.885166	-0.852734	-0.837075	-0.828009	-0.793842	-0.707126	-0.567347	-0.377768	-0.135825	0.141901	0.415968	0.653874	0.844382	0.979213	1.03796	1.00096	0.872301	0.685221	0.485908	0.312264	0.182758	0.0979183	0.0482685	0.021994	0.00930337	0.00366736	0.00135195	0.000467543	0.000152072	4.64481e-05	1.25758e-05	0	
0	0.0996046	0.222422	0.358396	0.449981	0.493448	0.516496	0.521895	0.544293	0.615438	0.730355	0.863033	0.984817	1.06183	1.06052	0.983406	0.847644	0.638563	0.384867	0.138605	-0.084566	-0.262419	-0.382762	-0.432552	-0.379469	-0.242082	-0.052781	0.14563	0.310716	0.434196	0.513527	0.55853	0.585079	0.596671	0.603169	0.607419	0.606619	0.605953	0.603768	0.591409	0.585375	0.56303	0.5394	0.51046	0.468611	0.419532	0.364016	0.29189	0.207529	0.110627	-0.00415239	-0.120914	-0.245557	-0.381294	-0.527487	-0.660076	-0.776053	-0.894705	-0.999247	-1.07468	-1.12027	-1.15023	-1.17748	-1.17379	-1.11472	-1.00853	-0.87362	-0.750082	-0.678982	-0.660843	-0.678229	-0.713943	-0.731806	-0.694027	-0.592522	-0.432446	-0.212348	0.055986	0.334775	0.58576	0.792285	0.946642	1.0304	1.02079	0.914355	0.738089	0.537406	0.354199	0.212347	0.116402	0.0586404	0.0272793	0.0117697	0.00472843	0.00177517	0.000624784	0.000206686	6.41564e-05	1.76128e-05	0	
0	0.03125	0.0743837	0.124229	0.142428	0.130725	0.107304	0.0823054	0.0954178	0.181873	0.335824	0.507388	0.674968	0.811343	0.868537	0.847644	0.75146	0.578642	0.351523	0.111731	-0.108321	-0.286445	-0.41579	-0.477029	-0.438759	-0.314896	-0.123067	0.0800314	0.260772	0.397816	0.485497	0.540175	0.563311	0.576986	0.575177	0.572796	0.563471	0.550607	0.53595	0.513561	0.488036	0.45513	0.414104	0.364097	0.304103	0.233638	0.15343	0.0609578	-0.0361723	-0.137996	-0.263083	-0.388755	-0.509533	-0.629849	-0.751506	-0.859269	-0.944506	-1.02586	-1.09595	-1.14108	-1.15386	-1.1385	-1.1151	-1.0696	-0.976879	-0.845466	-0.696599	-0.567609	-0.502628	-0.506166	-0.554662	-0.625982	-0.684093	-0.685919	-0.61648	-0.481644	-0.281816	-0.0245113	0.256083	0.517974	0.738842	0.910406	1.01646	1.03266	0.949019	0.785879	0.586584	0.395922	0.242799	0.13599	0.0699255	0.0331697	0.0145803	0.00596312	0.00227745	0.000814922	0.000273917	8.63247e-05	2.40086e-05	0	
0	-0.046502	-0.0874006	-0.120009	-0.163702	-0.212731	-0.257716	-0.296197	-0.29099	-0.200204	-0.0407334	0.144625	0.350947	0.530671	0.627366	0.638563	0.578642	0.438048	0.232203	0.00652758	-0.208687	-0.38523	-0.518112	-0.586667	-0.564458	-0.448885	-0.262608	-0.0523502	0.139546	0.288429	0.387885	0.445896	0.473608	0.482062	0.477549	0.466409	0.447034	0.424129	0.394736	0.357465	0.318189	0.266289	0.209802	0.148233	0.0714531	-0.0100598	-0.0975575	-0.200649	-0.313721	-0.414863	-0.524196	-0.63635	-0.739119	-0.832664	-0.925834	-1.0079	-1.06062	-1.10504	-1.14133	-1.1513	-1.12533	-1.06298	-0.989183	-0.907862	-0.799043	-0.667677	-0.531186	-0.417654	-0.368181	-0.391744	-0.463413	-0.559068	-0.645802	-0.678827	-0.636629	-0.524009	-0.343214	-0.0982827	0.18131	0.451753	0.685275	0.871976	0.997695	1.03773	0.97669	0.82827	0.632734	0.43669	0.273543	0.156331	0.0819402	0.0395854	0.0177066	0.00736374	0.00285789	0.00103855	0.000354328	0.000113261	3.18838e-05	0	
0	-0.125801	-0.249197	-0.352964	-0.435595	-0.498426	-0.549414	-0.589723	-0.587887	-0.505844	-0.35409	-0.166225	0.0456384	0.230408	0.343128	0.384867	0.351523	0.232203	0.0518729	-0.164216	-0.377374	-0.553937	-0.690763	-0.771557	-0.760152	-0.661133	-0.477666	-0.266686	-0.0644401	0.0960365	0.203716	0.270498	0.296627	0.307979	0.295431	0.281003	0.253317	0.220124	0.183542	0.134234	0.0820595	0.0235643	-0.0498074	-0.121139	-0.202548	-0.292641	-0.380593	-0.467364	-0.567971	-0.659622	-0.75202	-0.84186	-0.919848	-0.986614	-1.04628	-1.0994	-1.12371	-1.12888	-1.12307	-1.09179	-1.02555	-0.923438	-0.814437	-0.716924	-0.614668	-0.50498	-0.397498	-0.309073	-0.275704	-0.312413	-0.397556	-0.507331	-0.613073	-0.670442	-0.651814	-0.559244	-0.396378	-0.164689	0.111481	0.388137	0.632628	0.832615	0.975555	1.03721	0.997979	0.865191	0.675333	0.475845	0.304014	0.177036	0.0944632	0.0464172	0.0211021	0.00891324	0.00351127	0.00129446	0.000447798	0.000145036	4.1289e-05	0	
0	-0.18569	-0.367279	-0.5218	-0.632796	-0.700656	-0.748424	-0.789011	-0.793918	-0.726033	-0.595916	-0.426399	-0.227153	-0.0427305	0.0858467	0.138605	0.111731	0.00652758	-0.164216	-0.382468	-0.59894	-0.780724	-0.929529	-1.01734	-1.02437	-0.937546	-0.763073	-0.551561	-0.342596	-0.171658	-0.0558929	0.0178367	0.0461986	0.0565555	0.042894	0.0221028	-0.00892141	-0.0474087	-0.0916429	-0.140336	-0.200098	-0.256759	-0.327439	-0.396738	-0.472467	-0.55032	-0.633485	-0.710036	-0.790802	-0.861042	-0.926009	-0.993599	-1.04686	-1.08392	-1.11239	-1.13251	-1.11942	-1.07972	-1.02926	-0.959933	-0.865603	-0.744234	-0.623538	-0.531144	-0.452914	-0.376324	-0.302561	-0.239224	-0.21762	-0.259614	-0.349796	-0.465962	-0.583567	-0.659909	-0.661928	-0.5877	-0.441656	-0.223556	0.0472917	0.327992	0.581798	0.793402	0.951325	1.03231	1.01364	0.89678	0.714034	0.512827	0.333673	0.197706	0.107245	0.0535311	0.0247035	0.0105851	0.00422771	0.00157939	0.000553392	0.000181424	5.21832e-05	0	
0	-0.203323	-0.409874	-0.590543	-0.712268	-0.78511	-0.845285	-0.895449	-0.913207	-0.872951	-0.771358	-0.623014	-0.438899	-0.26182	-0.138199	-0.084566	-0.108321	-0.208687	-0.377374	-0.59894	-0.821289	-1.0172	-1.17651	-1.27929	-1.3059	-1.23551	-1.07417	-0.867128	-0.653119	-0.477032	-0.350269	-0.272862	-0.237607	-0.22707	-0.238614	-0.259388	-0.291243	-0.327775	-0.372736	-0.418673	-0.474949	-0.528	-0.590575	-0.650824	-0.712918	-0.777309	-0.838649	-0.896723	-0.959193	-1.01066	-1.05099	-1.0884	-1.11428	-1.11932	-1.10428	-1.08334	-1.0354	-0.957311	-0.871243	-0.778134	-0.675822	-0.559998	-0.450461	-0.377316	-0.329197	-0.286137	-0.24246	-0.199252	-0.183984	-0.225	-0.314288	-0.431734	-0.556233	-0.647347	-0.667488	-0.610077	-0.479672	-0.275022	-0.0108271	0.272021	0.533555	0.755255	0.92614	1.0242	1.02451	0.923339	0.748653	0.547185	0.362026	0.217939	0.120018	0.0607738	0.0284329	0.0123441	0.00499276	0.00188797	0.000669286	0.000221866	6.44176e-05	0	
0	-0.182217	-0.374377	-0.55042	-0.67488	-0.756185	-0.826303	-0.892839	-0.939757	-0.935456	-0.872449	-0.753767	-0.592762	-0.436588	-0.317133	-0.262419	-0.286445	-0.38523	-0.553937	-0.780724	-1.0172	-1.22771	-1.40373	-1.52485	-1.57237	-1.52143	-1.37702	-1.17547	-0.962443	-0.779986	-0.646084	-0.562633	-0.520633	-0.507392	-0.513437	-0.531984	-0.557863	-0.590566	-0.627476	-0.667235	-0.713487	-0.757152	-0.808418	-0.857194	-0.905324	-0.953647	-1.00056	-1.03297	-1.07049	-1.09811	-1.10727	-1.11153	-1.09925	-1.06792	-1.01699	-0.958338	-0.879956	-0.778576	-0.678879	-0.585321	-0.4952	-0.401244	-0.314989	-0.265689	-0.245056	-0.229098	-0.208067	-0.179021	-0.165907	-0.20214	-0.287051	-0.402762	-0.530837	-0.633383	-0.669319	-0.627216	-0.511171	-0.319426	-0.0626663	0.220767	0.488556	0.718952	0.900978	1.01392	1.03144	0.945281	0.779147	0.578577	0.388637	0.237352	0.132509	0.0679782	0.032201	0.0141472	0.00578772	0.00221274	0.000792762	0.000265446	7.77272e-05	0	
0	-0.135616	-0.289763	-0.442875	-0.552118	-0.627485	-0.709509	-0.795708	-0.867219	-0.90285	-0.88077	-0.798288	-0.675053	-0.54073	-0.43066	-0.382762	-0.41579	-0.518112	-0.690763	-0.929529	-1.17651	-1.40373	-1.59636	-1.73361	-1.80094	-1.77016	-1.63969	-1.44823	-1.2346	-1.04867	-0.908516	-0.817647	-0.771497	-0.751894	-0.754883	-0.767963	-0.789508	-0.814985	-0.84687	-0.874289	-0.913613	-0.942065	-0.978038	-1.01152	-1.03978	-1.0661	-1.09185	-1.10305	-1.10549	-1.10141	-1.07719	-1.04533	-1.00108	-0.937069	-0.854842	-0.774918	-0.689181	-0.586938	-0.492086	-0.413498	-0.348031	-0.283632	-0.222657	-0.193375	-0.192774	-0.195751	-0.190068	-0.170273	-0.156894	-0.186699	-0.265631	-0.378048	-0.507537	-0.618821	-0.668339	-0.639985	-0.536928	-0.357221	-0.108187	0.174635	0.447344	0.685148	0.876674	1.00244	1.03526	0.963092	0.80558	0.606757	0.413131	0.255585	0.144447	0.0749711	0.0359105	0.0159456	0.00659037	0.00254448	0.000920278	0.000310917	9.17324e-05	0	
0	-0.0840691	-0.19297	-0.310063	-0.393977	-0.458032	-0.535484	-0.622932	-0.71267	-0.779423	-0.795674	-0.750632	-0.655773	-0.548299	-0.46071	-0.432552	-0.477029	-0.586667	-0.771557	-1.01734	-1.27929	-1.52485	-1.73361	-1.88827	-1.97823	-1.96308	-1.8534	-1.66841	-1.45902	-1.27098	-1.12291	-1.02999	-0.972628	-0.952527	-0.944875	-0.954347	-0.967254	-0.983737	-1.00577	-1.0237	-1.04574	-1.06535	-1.08058	-1.09452	-1.10088	-1.09989	-1.09247	-1.07314	-1.04956	-1.01554	-0.959964	-0.898381	-0.829945	-0.752185	-0.66195	-0.578388	-0.50032	-0.413885	-0.339035	-0.283946	-0.244008	-0.206109	-0.166394	-0.151093	-0.162623	-0.177153	-0.18119	-0.167409	-0.152825	-0.17601	-0.248571	-0.357064	-0.48661	-0.604455	-0.665441	-0.649214	-0.557695	-0.388917	-0.147477	0.133899	0.410367	0.654389	0.85393	0.990597	1.03676	0.977282	0.828099	0.631569	0.435196	0.272314	0.155573	0.081579	0.0394602	0.0176867	0.007376	0.00287255	0.00104762	0.00035674	0.000105953	0	
0	-0.0415879	-0.109063	-0.191161	-0.246704	-0.287911	-0.349894	-0.428456	-0.517467	-0.598043	-0.633844	-0.609989	-0.547392	-0.468816	-0.39808	-0.379469	-0.438759	-0.564458	-0.760152	-1.02437	-1.3059	-1.57237	-1.80094	-1.97823	-2.08509	-2.09409	-1.99773	-1.82556	-1.61911	-1.42911	-1.27814	-1.17659	-1.11666	-1.08592	-1.07497	-1.07344	-1.07742	-1.08307	-1.08944	-1.09158	-1.09661	-1.09145	-1.08696	-1.07769	-1.05826	-1.03425	-1.00656	-0.959313	-0.903653	-0.849526	-0.779563	-0.706931	-0.63291	-0.556348	-0.473803	-0.40258	-0.345339	-0.283018	-0.229995	-0.196535	-0.178387	-0.160916	-0.135749	-0.128179	-0.145888	-0.166888	-0.176889	-0.167157	-0.151297	-0.168483	-0.234997	-0.339508	-0.468313	-0.590971	-0.661432	-0.655661	-0.574167	-0.415033	-0.180703	0.0987338	0.377981	0.627128	0.833331	0.979095	1.03665	0.988362	0.846898	0.652924	0.454583	0.287253	0.165646	0.0876352	0.0427498	0.0193168	0.00811856	0.00318543	0.0011701	0.000401168	0.00011983	0	
0	-0.0111846	-0.0488176	-0.10334	-0.133241	-0.151178	-0.190447	-0.248019	-0.324458	-0.401858	-0.443879	-0.431507	-0.377244	-0.305237	-0.242969	-0.242082	-0.314896	-0.448885	-0.661133	-0.937546	-1.23551	-1.52143	-1.77016	-1.96308	-2.09409	-2.11749	-2.04178	-1.87784	-1.67791	-1.4876	-1.33184	-1.22742	-1.15745	-1.12387	-1.10034	-1.09257	-1.08451	-1.07654	-1.07176	-1.05691	-1.04432	-1.02549	-0.997046	-0.967596	-0.928997	-0.880672	-0.831524	-0.776693	-0.714797	-0.654115	-0.581194	-0.511039	-0.447128	-0.385069	-0.321045	-0.270388	-0.234935	-0.194397	-0.161153	-0.144753	-0.141012	-0.136667	-0.120662	-0.116654	-0.136673	-0.160953	-0.174658	-0.167846	-0.151005	-0.163161	-0.224338	-0.325159	-0.452831	-0.578925	-0.657006	-0.659989	-0.58696	-0.436061	-0.208082	0.0692311	0.35046	0.603731	0.815353	0.968538	1.03556	0.996811	0.862199	0.670788	0.471096	0.300159	0.174451	0.0929852	0.0456833	0.0207832	0.00879204	0.00347139	0.00128287	0.000442348	0.000132765	0	
0	0.00632572	-0.012261	-0.0462757	-0.0561195	-0.0560989	-0.0756383	-0.109483	-0.165429	-0.230891	-0.262847	-0.242408	-0.188957	-0.120618	-0.0598637	-0.052781	-0.123067	-0.262608	-0.477666	-0.763073	-1.07417	-1.37702	-1.63969	-1.8534	-1.99773	-2.04178	-1.97823	-1.82638	-1.63022	-1.44085	-1.28216	-1.17236	-1.09815	-1.05532	-1.027	-1.00763	-0.990469	-0.971903	-0.951426	-0.926223	-0.89818	-0.864664	-0.82665	-0.787078	-0.739131	-0.689375	-0.637867	-0.577115	-0.514681	-0.46189	-0.403363	-0.347576	-0.299721	-0.259035	-0.214685	-0.180095	-0.164144	-0.142786	-0.12279	-0.116297	-0.121247	-0.124844	-0.113992	-0.111096	-0.131474	-0.157281	-0.173318	-0.168705	-0.151254	-0.159441	-0.216187	-0.313834	-0.440278	-0.568743	-0.652733	-0.662763	-0.596608	-0.452447	-0.229839	0.0454262	0.328012	0.58449	0.800378	0.959418	1.034	1.00306	0.874222	0.685163	0.48459	0.310829	0.181804	0.0974916	0.0481739	0.0220372	0.00937185	0.00371915	0.00138116	0.000478442	0.000144155	0	
0	0.0158205	0.00898818	-0.0139602	-0.013373	0.00156054	0.00141173	-0.014449	-0.0533397	-0.101987	-0.122087	-0.0909944	-0.0252671	0.0564427	0.132502	0.14563	0.0800314	-0.0523502	-0.266686	-0.551561	-0.867128	-1.17547	-1.44823	-1.66841	-1.82556	-1.87784	-1.82638	-1.67939	-1.48836	-1.29763	-1.13772	-1.02449	-0.945502	-0.900098	-0.86475	-0.842479	-0.818781	-0.794217	-0.770327	-0.737803	-0.706223	-0.670032	-0.627001	-0.585499	-0.539852	-0.489408	-0.445126	-0.39913	-0.349852	-0.311763	-0.267356	-0.228725	-0.198832	-0.17317	-0.146903	-0.129403	-0.125367	-0.113773	-0.102345	-0.10237	-0.111862	-0.119497	-0.111297	-0.108436	-0.128432	-0.154904	-0.172415	-0.169435	-0.151672	-0.156922	-0.210243	-0.305376	-0.430709	-0.560734	-0.649065	-0.66444	-0.603543	-0.464565	-0.246189	0.0273183	0.310787	0.569631	0.788702	0.952117	1.03242	1.00746	0.88317	0.696073	0.494957	0.319105	0.187552	0.101039	0.0501463	0.023036	0.00983614	0.00391854	0.00146063	0.000507757	0.000153439	0	
0	0.0204924	0.0182701	0.00244602	0.0122671	0.0338411	0.0413471	0.0410698	0.0187873	-0.0175263	-0.0230711	0.0217885	0.0990185	0.194304	0.281974	0.310716	0.260772	0.139546	-0.0644401	-0.342596	-0.653119	-0.962443	-1.2346	-1.45902	-1.61911	-1.67791	-1.63022	-1.48836	-1.29718	-1.10765	-0.944833	-0.830336	-0.749208	-0.701236	-0.665494	-0.640495	-0.616606	-0.591685	-0.566649	-0.536945	-0.506477	-0.474583	-0.437838	-0.405305	-0.367761	-0.330871	-0.296738	-0.262998	-0.227562	-0.203232	-0.176635	-0.152067	-0.136479	-0.12693	-0.110361	-0.0989652	-0.103963	-0.100902	-0.0937482	-0.0957786	-0.107102	-0.11708	-0.110461	-0.10729	-0.126665	-0.15336	-0.171789	-0.169954	-0.152064	-0.155336	-0.206281	-0.299651	-0.424143	-0.555111	-0.646334	-0.665369	-0.608102	-0.472713	-0.257312	0.0148887	0.298888	0.559318	0.780544	0.946925	1.03113	1.01031	0.889211	0.703548	0.502126	0.324866	0.191577	0.103535	0.0515408	0.0237451	0.010167	0.00406116	0.00151768	0.000528865	0.000160141	0	
0	0.0218933	0.0235041	0.0107825	0.0217605	0.048811	0.06621	0.0727204	0.0576087	0.0316146	0.0349148	0.0919466	0.182182	0.288373	0.391158	0.434196	0.397816	0.288429	0.0960365	-0.171658	-0.477032	-0.779986	-1.04867	-1.27098	-1.42911	-1.4876	-1.44085	-1.29763	-1.10765	-0.91562	-0.753154	-0.637334	-0.55638	-0.509344	-0.474379	-0.451976	-0.430493	-0.409199	-0.388754	-0.364477	-0.340374	-0.316048	-0.288577	-0.264067	-0.239205	-0.21359	-0.193895	-0.171681	-0.148697	-0.138988	-0.122968	-0.109657	-0.102451	-0.0985411	-0.0909734	-0.0871676	-0.095207	-0.0939976	-0.0890164	-0.0930239	-0.105568	-0.116304	-0.110071	-0.106687	-0.125805	-0.152577	-0.171433	-0.170236	-0.152318	-0.154511	-0.20415	-0.296565	-0.420582	-0.552009	-0.644765	-0.665792	-0.610517	-0.477098	-0.263342	0.00811578	0.292379	0.553661	0.77605	0.944033	1.03036	1.0118	0.892468	0.707616	0.506049	0.328034	0.193798	0.104916	0.0523147	0.0241396	0.0103516	0.00414089	0.00154963	0.000540712	0.000163909	0	
0	0.0234381	0.025003	0.0134009	0.0281586	0.0569739	0.0747197	0.0867855	0.0788311	0.0585632	0.069554	0.132044	0.229594	0.348816	0.462396	0.513527	0.485497	0.387885	0.203716	-0.0558929	-0.350269	-0.646084	-0.908516	-1.12291	-1.27814	-1.33184	-1.28216	-1.13772	-0.944833	-0.753154	-0.589323	-0.474571	-0.394376	-0.349682	-0.317234	-0.299142	-0.282067	-0.266545	-0.253467	-0.235619	-0.220902	-0.205712	-0.185857	-0.173211	-0.156317	-0.139078	-0.127574	-0.119449	-0.106005	-0.101618	-0.0934794	-0.0859284	-0.0857716	-0.0881665	-0.0822698	-0.0797701	-0.0904889	-0.0918034	-0.0881824	-0.0921859	-0.104561	-0.115802	-0.110056	-0.106666	-0.125647	-0.15239	-0.171343	-0.17031	-0.152389	-0.154352	-0.203766	-0.296066	-0.420021	-0.551495	-0.644478	-0.66584	-0.610915	-0.477835	-0.264353	0.00698458	0.291294	0.552717	0.775299	0.943548	1.03022	1.01205	0.89301	0.708294	0.506704	0.328563	0.194169	0.105147	0.0524442	0.0242056	0.0103825	0.00415424	0.00155498	0.000542697	0.00016454	0	
0	0.0230509	0.0257256	0.0152465	0.0297272	0.0602012	0.0812132	0.0938279	0.0872192	0.0703226	0.0855891	0.157131	0.261195	0.381628	0.498311	0.55853	0.540175	0.445896	0.270498	0.0178367	-0.272862	-0.562633	-0.817647	-1.02999	-1.17659	-1.22742	-1.17236	-1.02449	-0.830336	-0.637334	-0.474571	-0.360597	-0.282853	-0.239689	-0.21141	-0.195313	-0.183155	-0.171977	-0.162387	-0.152017	-0.141519	-0.132385	-0.122391	-0.114914	-0.107201	-0.100826	-0.0971705	-0.0885024	-0.0796354	-0.0832976	-0.0800639	-0.076661	-0.0777276	-0.081697	-0.0787537	-0.0779906	-0.0895207	-0.0908668	-0.0870326	-0.091728	-0.105032	-0.116084	-0.109788	-0.106702	-0.126187	-0.152908	-0.171531	-0.170149	-0.152257	-0.154847	-0.205121	-0.298145	-0.422456	-0.553578	-0.645493	-0.665536	-0.609319	-0.474944	-0.260358	0.0114927	0.295638	0.556497	0.778304	0.945486	1.03075	1.01107	0.890848	0.705586	0.504087	0.326447	0.192684	0.104222	0.0519253	0.0239409	0.0102585	0.00410064	0.00153348	0.000534719	0.000162002	0	
0	0.0245045	0.0263067	0.0146902	0.0305543	0.0627816	0.0837242	0.0963619	0.0907013	0.0771853	0.0955792	0.167305	0.276456	0.405618	0.528082	0.585079	0.563311	0.473608	0.296627	0.0461986	-0.237607	-0.520633	-0.771497	-0.972628	-1.11666	-1.15745	-1.09815	-0.945502	-0.749208	-0.55638	-0.394376	-0.282853	-0.206381	-0.167498	-0.139982	-0.129742	-0.120117	-0.113476	-0.111152	-0.103105	-0.100478	-0.0970142	-0.0886581	-0.087462	-0.0824076	-0.0748986	-0.0739963	-0.0762325	-0.0724737	-0.0762564	-0.0731717	-0.0710361	-0.0754874	-0.0797029	-0.0764494	-0.0779117	-0.089309	-0.0898847	-0.0874046	-0.0926505	-0.105361	-0.115914	-0.109611	-0.107286	-0.127379	-0.15396	-0.171954	-0.169768	-0.151952	-0.156048	-0.208274	-0.302842	-0.427889	-0.558209	-0.647731	-0.664796	-0.605644	-0.468348	-0.251305	0.0216513	0.305389	0.564961	0.785012	0.949779	1.03186	1.00879	0.885937	0.699479	0.498213	0.321714	0.189371	0.102164	0.050774	0.0233546	0.00998458	0.00398242	0.00148614	0.000517184	0.000156429	0	
0	0.0237682	0.0255945	0.0153112	0.0323411	0.0649539	0.0850619	0.096459	0.0912092	0.0789078	0.102129	0.181236	0.291815	0.417606	0.535666	0.596671	0.576986	0.482062	0.307979	0.0565555	-0.22707	-0.507392	-0.751894	-0.952527	-1.08592	-1.12387	-1.05532	-0.900098	-0.701236	-0.509344	-0.349682	-0.239689	-0.167498	-0.128198	-0.105781	-0.0945713	-0.0882093	-0.0837645	-0.0806751	-0.0771587	-0.0751125	-0.0721181	-0.0701922	-0.0707581	-0.0688949	-0.069874	-0.0729997	-0.0690433	-0.0644479	-0.0708294	-0.0706275	-0.0703973	-0.0739276	-0.079953	-0.0771445	-0.0770707	-0.0893161	-0.090707	-0.087381	-0.0926858	-0.106545	-0.116544	-0.109218	-0.107912	-0.129244	-0.155674	-0.172582	-0.169104	-0.151522	-0.158092	-0.213355	-0.310237	-0.436315	-0.565279	-0.651011	-0.663425	-0.599703	-0.457874	-0.237083	0.0374807	0.320497	0.578021	0.795304	0.956267	1.03336	1.00504	0.878174	0.689949	0.489118	0.314431	0.184299	0.0990269	0.0490256	0.0224675	0.00957145	0.0038047	0.00141519	0.000490973	0.000148118	0	
0	0.0255273	0.0263281	0.0140148	0.0315338	0.0674939	0.0889293	0.096726	0.0893378	0.0811715	0.10642	0.187115	0.30507	0.435276	0.553005	0.603169	0.575177	0.477549	0.295431	0.042894	-0.238614	-0.513437	-0.754883	-0.944875	-1.07497	-1.10034	-1.027	-0.86475	-0.665494	-0.474379	-0.317234	-0.21141	-0.139982	-0.105781	-0.0822595	-0.0754203	-0.0701286	-0.0666137	-0.0688742	-0.0648182	-0.0666296	-0.0670703	-0.0644029	-0.0659812	-0.0653592	-0.0619833	-0.063489	-0.0656823	-0.0655146	-0.0729011	-0.0702739	-0.0695679	-0.0752008	-0.078449	-0.0749328	-0.079596	-0.0910778	-0.0893081	-0.0874894	-0.0946282	-0.107963	-0.116356	-0.10873	-0.109269	-0.131865	-0.157838	-0.173285	-0.168145	-0.15109	-0.161189	-0.220556	-0.320444	-0.447718	-0.574603	-0.655046	-0.66112	-0.5912	-0.443259	-0.217527	0.0590028	0.340873	0.595535	0.808992	0.964702	1.03498	0.999572	0.867407	0.676965	0.476864	0.304701	0.17757	0.0948904	0.0467332	0.0213103	0.00903515	0.00357502	0.00132388	0.000457377	0.0001375	0	
0	0.0243025	0.0250513	0.0151423	0.0346969	0.0698757	0.0887009	0.0952603	0.0882579	0.0827198	0.115448	0.200505	0.318097	0.446497	0.558094	0.607419	0.572796	0.466409	0.281003	0.0221028	-0.259388	-0.531984	-0.767963	-0.954347	-1.07344	-1.09257	-1.00763	-0.842479	-0.640495	-0.451976	-0.299142	-0.195313	-0.129742	-0.0945713	-0.0754203	-0.0679102	-0.0630373	-0.0618553	-0.0617719	-0.0591585	-0.0618379	-0.0596422	-0.0594046	-0.0626511	-0.0614691	-0.0626101	-0.068091	-0.0666138	-0.0648108	-0.0700661	-0.0683273	-0.0700248	-0.0747824	-0.0802242	-0.0773841	-0.0793111	-0.0904423	-0.0903433	-0.0885536	-0.0953595	-0.10945	-0.116863	-0.108368	-0.110908	-0.135135	-0.160518	-0.173998	-0.166829	-0.150815	-0.165639	-0.230133	-0.333601	-0.462051	-0.585913	-0.659435	-0.657469	-0.579741	-0.424157	-0.192434	0.0862277	0.366388	0.617302	0.82581	0.974739	1.03632	0.992057	0.853446	0.6605	0.461543	0.292666	0.169324	0.0898613	0.0439662	0.0199229	0.00839608	0.00330293	0.00121631	0.000417999	0.000125106	0	
0	0.0255476	0.0252593	0.0140769	0.0345323	0.0737623	0.0936621	0.0940683	0.0842546	0.084386	0.121798	0.213356	0.338248	0.464812	0.569452	0.606619	0.563471	0.447034	0.253317	-0.00892141	-0.291243	-0.557863	-0.789508	-0.967254	-1.07742	-1.08451	-0.990469	-0.818781	-0.616606	-0.430493	-0.282067	-0.183155	-0.120117	-0.0882093	-0.0701286	-0.0630373	-0.0604399	-0.0576601	-0.0600033	-0.0573674	-0.0603979	-0.0591754	-0.060929	-0.0620173	-0.0619759	-0.0624475	-0.0656724	-0.0636152	-0.0642234	-0.0724413	-0.0702598	-0.0714289	-0.0770025	-0.079029	-0.0748236	-0.0821211	-0.0931923	-0.0892207	-0.0884738	-0.0979442	-0.111778	-0.116494	-0.107784	-0.113486	-0.139271	-0.163487	-0.174497	-0.165156	-0.150977	-0.171828	-0.242384	-0.349846	-0.479211	-0.59883	-0.66366	-0.651951	-0.564831	-0.400148	-0.161579	0.119137	0.39686	0.643058	0.845414	0.985932	1.0369	0.982089	0.836076	0.64054	0.443285	0.278512	0.159732	0.0840688	0.0408073	0.0183517	0.0076779	0.00299933	0.0010971	0.000374635	0.000111529	0	
0	0.0236733	0.0239344	0.0163165	0.0383845	0.0760014	0.0935391	0.092392	0.0828203	0.0887959	0.134559	0.227567	0.355487	0.48382	0.579147	0.605953	0.550607	0.424129	0.220124	-0.0474087	-0.327775	-0.590566	-0.814985	-0.983737	-1.08307	-1.07654	-0.971903	-0.794217	-0.591685	-0.409199	-0.266545	-0.171977	-0.113476	-0.0837645	-0.0666137	-0.0618553	-0.0576601	-0.0571504	-0.0591676	-0.0562352	-0.0608352	-0.0596324	-0.0600102	-0.0626068	-0.0625767	-0.062317	-0.0654978	-0.0647109	-0.0683944	-0.072691	-0.0684014	-0.0713022	-0.0768604	-0.0801315	-0.0774807	-0.0837187	-0.092432	-0.0894252	-0.0905137	-0.100035	-0.113348	-0.116288	-0.107844	-0.116842	-0.143973	-0.166641	-0.174685	-0.163168	-0.151935	-0.180224	-0.257641	-0.369298	-0.499011	-0.612845	-0.667074	-0.643937	-0.545883	-0.370755	-0.124738	0.157663	0.43204	0.672467	0.867364	0.997724	1.03612	0.969207	0.815074	0.617105	0.422263	0.262466	0.148999	0.0776612	0.0373492	0.0166483	0.00690622	0.00267588	0.0009711	0.000329145	9.73734e-05	0	
0	0.0225656	0.0230425	0.0176163	0.0406823	0.0798832	0.0971268	0.0898522	0.0783727	0.0927935	0.149397	0.249807	0.378552	0.500188	0.586462	0.603768	0.53595	0.394736	0.183542	-0.0916429	-0.372736	-0.627476	-0.84687	-1.00577	-1.08944	-1.07176	-0.951426	-0.770327	-0.566649	-0.388754	-0.253467	-0.162387	-0.111152	-0.0806751	-0.0688742	-0.0617719	-0.0600033	-0.0591676	-0.0599637	-0.0573859	-0.0622826	-0.0566814	-0.0610277	-0.0616899	-0.0603185	-0.0625802	-0.069552	-0.0661065	-0.0670622	-0.0714247	-0.0693241	-0.0744019	-0.0792074	-0.0794283	-0.076762	-0.0863781	-0.0941254	-0.0890765	-0.0914379	-0.103029	-0.115775	-0.115617	-0.10798	-0.121262	-0.149436	-0.169777	-0.174309	-0.160986	-0.154215	-0.191378	-0.276236	-0.39202	-0.521139	-0.627297	-0.668902	-0.632699	-0.522225	-0.335465	-0.0817209	0.201668	0.471607	0.705113	0.891122	1.00945	1.03333	0.952911	0.790229	0.590257	0.398705	0.244796	0.137354	0.0708009	0.033691	0.0148662	0.00610722	0.00234425	0.000843111	0.000283334	8.32195e-05	0	
0	0.019795	0.0213024	0.021128	0.0457914	0.0823972	0.0968473	0.0874992	0.077672	0.100085	0.165611	0.270662	0.406053	0.526421	0.593204	0.591409	0.513561	0.357465	0.134234	-0.140336	-0.418673	-0.667235	-0.874289	-1.0237	-1.09158	-1.05691	-0.926223	-0.737803	-0.536945	-0.364477	-0.235619	-0.152017	-0.103105	-0.0771587	-0.0648182	-0.0591585	-0.0573674	-0.0562352	-0.0573859	-0.0570638	-0.0596619	-0.0595124	-0.0635316	-0.063164	-0.0648879	-0.0674907	-0.0663246	-0.0615157	-0.0702229	-0.0737136	-0.0709947	-0.0747812	-0.0790093	-0.0804373	-0.078457	-0.0885726	-0.0941423	-0.0892124	-0.0941224	-0.106438	-0.117208	-0.114504	-0.10925	-0.127005	-0.155261	-0.172546	-0.173266	-0.158924	-0.158479	-0.20588	-0.298472	-0.417985	-0.54512	-0.641347	-0.668243	-0.617412	-0.493119	-0.293758	-0.0324037	0.250919	0.515151	0.740488	0.916035	1.02032	1.02774	0.932685	0.761373	0.560125	0.372898	0.225812	0.125051	0.0636594	0.029934	0.0130587	0.00530633	0.00201549	0.000717557	0.000238833	6.95817e-05	0	
0	0.0155464	0.0201303	0.0264887	0.0500953	0.0838925	0.0979625	0.0848524	0.0759175	0.111234	0.190171	0.296581	0.427654	0.543333	0.602692	0.585375	0.488036	0.318189	0.0820595	-0.200098	-0.474949	-0.713487	-0.913613	-1.04574	-1.09661	-1.04432	-0.89818	-0.706223	-0.506477	-0.340374	-0.220902	-0.141519	-0.100478	-0.0751125	-0.0666296	-0.0618379	-0.0603979	-0.0608352	-0.0622826	-0.0596619	-0.0651653	-0.0598417	-0.062938	-0.0623751	-0.061921	-0.0618915	-0.0671495	-0.0689497	-0.0740701	-0.0724339	-0.0696662	-0.0768353	-0.081305	-0.0788971	-0.0801361	-0.0930444	-0.0939897	-0.0889642	-0.0971195	-0.109982	-0.118489	-0.113564	-0.111619	-0.133818	-0.161271	-0.174755	-0.171484	-0.157444	-0.165545	-0.224342	-0.324584	-0.44702	-0.570266	-0.653964	-0.664079	-0.597174	-0.457776	-0.245145	0.0232313	0.305065	0.562169	0.777982	0.941323	1.02942	1.01856	0.908031	0.728406	0.526916	0.34519	0.20586	0.112356	0.056411	0.0261777	0.0112766	0.00452689	0.00169946	0.000598271	0.000197015	5.68819e-05	0	
0	0.0103645	0.0172228	0.0331779	0.0585411	0.0851624	0.094484	0.0819087	0.0782158	0.122996	0.216135	0.33154	0.460781	0.563336	0.596725	0.56303	0.45513	0.266289	0.0235643	-0.256759	-0.528	-0.757152	-0.942065	-1.06535	-1.09145	-1.02549	-0.864664	-0.670032	-0.474583	-0.316048	-0.205712	-0.132385	-0.0970142	-0.0721181	-0.0670703	-0.0596422	-0.0591754	-0.0596324	-0.0566814	-0.0595124	-0.0598417	-0.0576933	-0.0647778	-0.0632164	-0.0649499	-0.0710083	-0.0718161	-0.0650515	-0.071752	-0.070369	-0.073299	-0.0801982	-0.0808263	-0.081087	-0.0836793	-0.0931843	-0.0929044	-0.0912843	-0.101139	-0.113373	-0.119135	-0.11257	-0.115503	-0.141935	-0.167153	-0.175979	-0.169011	-0.15732	-0.176379	-0.24732	-0.354674	-0.47875	-0.59563	-0.663927	-0.655289	-0.571016	-0.415388	-0.18922	0.0850527	0.363623	0.612049	0.81687	0.966066	1.03575	1.00492	0.8785	0.691323	0.490932	0.315994	0.185315	0.0995445	0.049226	0.022515	0.00956525	0.00378909	0.00140435	0.000488312	0.000158929	4.54313e-05	0	
