0	0	0	0	0	0	0	0	0	0	0	0	0	0	0	0	0	0	0	0	0	0	0	0	0	0	0	0	0	0	0	0	0	0	0	0	0	0	0	0	0	0	0	0	0	0	0	0	0	0	0	0	0	0	0	0	0	0	0	0	0	0	0	0	0	0	0	0	0	0	0	0	0	0	0	0	0	0	0	0	0	0	0	0	0	0	0	0	0	0	0	0	0	0	0	0	0	0	0	0	
0	0.00167954	0.00507937	0.0127883	0.028888	0.0588162	0.107792	0.177704	0.263816	0.353914	0.431624	0.482538	0.499305	0.482862	0.440127	0.380317	0.311834	0.240659	0.170217	0.102167	0.0374273	-0.0232644	-0.0792496	-0.129894	-0.174574	-0.212755	-0.244019	-0.268055	-0.284671	-0.293753	-0.295251	-0.289162	-0.275522	-0.254422	-0.226015	-0.190557	-0.148414	-0.100069	-0.0461202	0.0127778	0.07597	0.142755	0.212347	0.283503	0.353621	0.417779	0.46843	0.496392	0.493403	0.455735	0.387339	0.300227	0.210742	0.133367	0.0759378	0.0389042	0.0179608	0.0074912	0.00283161	0.000973344	0.000305347	8.77301e-05	2.31642e-05	5.63934e-06	1.26979e-06	2.65217e-07	5.15273e-08	9.33604e-09	1.58135e-09	2.50969e-10	3.7399e-11	5.24341e-12	6.92936e-13	8.64686e-14	1.02053e-14	1.14097e-15	1.21013e-16	1.21928e-17	1.16856e-18	1.06663e-19	9.28324e-21	7.71237e-22	6.1226e-23	4.6492e-24	3.38008e-25	2.35492e-26	1.57363e-27	1.00939e-28	6.22003e-30	3.68491e-31	2.10028e-32	1.1525e-33	6.0926e-35	3.10486e-36	1.52623e-37	7.24089e-39	3.31742e-40	1.46852e-41	6.27389e-43	0	
0	0.00507937	0.0146844	0.0349765	0.0744507	0.142547	0.24552	0.380883	0.534255	0.682309	0.801167	0.874705	0.897647	0.873463	0.81038	0.717923	0.604884	0.478643	0.345326	0.210285	0.0782895	-0.0468166	-0.162189	-0.265727	-0.356003	-0.432173	-0.493783	-0.540662	-0.572814	-0.590296	-0.59317	-0.581455	-0.555115	-0.514093	-0.458359	-0.387992	-0.303307	-0.204958	-0.0940997	0.0274316	0.157089	0.291421	0.425995	0.55572	0.674837	0.776504	0.852452	0.893275	0.889903	0.836501	0.734417	0.595474	0.441224	0.296342	0.179496	0.0978337	0.0479892	0.021221	0.00848294	0.00307552	0.00101493	0.000305968	8.45659e-05	2.15026e-05	5.04652e-06	1.09658e-06	2.21262e-07	4.15692e-08	7.29029e-09	1.19636e-09	1.84116e-10	2.6628e-11	3.62623e-12	4.65838e-13	5.65489e-14	6.49719e-15	7.07617e-16	7.31587e-17	7.18976e-18	6.7251e-19	5.99437e-20	5.09737e-21	4.13978e-22	3.21428e-23	2.38832e-24	1.69983e-25	1.15987e-26	7.59407e-28	4.77472e-29	2.88513e-30	1.67667e-31	9.37783e-33	5.05152e-34	2.62233e-35	1.31271e-36	6.34056e-38	2.95672e-39	1.33185e-40	5.7883e-42	0	
0	0.0127883	0.0349765	0.0776607	0.153051	0.270202	0.428278	0.612219	0.796176	0.954189	1.06987	1.13772	1.15809	1.13287	1.06456	0.956986	0.816017	0.64972	0.467657	0.279754	0.0946417	-0.0812416	-0.243158	-0.38778	-0.513175	-0.618361	-0.702951	-0.767027	-0.810821	-0.834588	-0.838522	-0.822632	-0.786825	-0.73084	-0.654454	-0.557502	-0.440152	-0.303119	-0.147872	0.0229016	0.205019	0.39277	0.578319	0.752095	0.90426	1.02605	1.11066	1.15349	1.15159	1.10288	1.00608	0.863647	0.687322	0.500028	0.329079	0.194741	0.103399	0.0492871	0.0211408	0.00818712	0.00287354	0.000917707	0.000267734	7.16258e-05	1.76347e-05	4.00936e-06	8.44444e-07	1.6525e-07	3.01289e-08	5.13113e-09	8.18215e-10	1.22437e-10	1.72288e-11	2.2842e-12	2.85851e-13	3.3823e-14	3.79004e-15	4.028e-16	4.06595e-17	3.90338e-18	3.56839e-19	3.11009e-20	2.58722e-21	2.05644e-22	1.56338e-23	1.13787e-24	7.93605e-26	5.30853e-27	3.40852e-28	2.10244e-29	1.24675e-30	7.11284e-32	3.90681e-33	2.0673e-34	1.05454e-35	5.18879e-37	2.46417e-38	1.1301e-39	4.99892e-41	0	
0	0.028888	0.0744507	0.153051	0.276885	0.446579	0.6458	0.845504	1.01811	1.1499	1.23988	1.28933	1.29591	1.25614	1.16919	1.03856	0.871971	0.679827	0.473481	0.263266	0.057005	-0.139119	-0.319852	-0.481607	-0.622244	-0.740402	-0.835578	-0.907785	-0.957173	-0.984036	-0.988546	-0.970695	-0.930393	-0.867336	-0.781323	-0.672289	-0.540517	-0.387007	-0.213626	-0.0231974	0.179667	0.389177	0.598254	0.797426	0.975576	1.12172	1.22687	1.28575	1.29745	1.26473	1.19095	1.07608	0.918945	0.72733	0.524187	0.339899	0.197132	0.102132	0.047348	0.0197078	0.00739564	0.0025133	0.00077691	0.000219386	5.68213e-05	1.35493e-05	2.98503e-06	6.09562e-07	1.15725e-07	2.04828e-08	3.3886e-09	5.25241e-10	7.64485e-11	1.04701e-11	1.35188e-12	1.64859e-13	1.902e-14	2.07928e-15	2.15708e-16	2.12656e-17	1.99487e-18	1.78287e-19	1.51985e-20	1.2372e-21	9.62701e-23	7.16791e-24	5.11157e-25	3.49436e-26	2.29196e-27	1.44353e-28	8.73711e-30	5.08574e-31	2.84902e-32	1.53705e-33	7.99131e-35	4.00642e-36	1.93805e-37	9.05097e-39	4.07559e-40	0	
0	0.0588162	0.142547	0.270202	0.446579	0.655718	0.865356	1.04471	1.18117	1.27793	1.33736	1.35359	1.3204	1.23801	1.11207	0.951376	0.76586	0.564946	0.357116	0.148815	-0.0544963	-0.246687	-0.422867	-0.580221	-0.716619	-0.830796	-0.92263	-0.992101	-1.03955	-1.06538	-1.06973	-1.05273	-1.01407	-0.953569	-0.870681	-0.765354	-0.637676	-0.488366	-0.319371	-0.133212	0.0662678	0.273187	0.481968	0.686597	0.879341	1.05113	1.1921	1.29288	1.34627	1.34945	1.30645	1.22452	1.10463	0.941978	0.741524	0.528106	0.336161	0.190338	0.0958825	0.0431031	0.0173678	0.00630368	0.00207119	0.000619033	0.000169061	4.23679e-05	9.78099e-06	2.08753e-06	4.13252e-07	7.61105e-08	1.30777e-08	2.10181e-09	3.1671e-10	4.48432e-11	5.97843e-12	7.51902e-13	8.937e-14	1.00554e-14	1.07267e-15	1.08648e-16	1.04632e-17	9.59301e-19	8.38353e-20	6.99166e-21	5.57043e-22	4.24427e-23	3.09562e-24	2.16337e-25	1.44989e-26	9.3267e-28	5.76316e-29	3.42347e-30	1.95643e-31	1.07637e-32	5.70485e-34	2.91473e-35	1.43645e-36	6.8324e-38	3.13238e-39	0	
0	0.107792	0.24552	0.428278	0.6458	0.865356	1.05235	1.19287	1.29264	1.35437	1.36767	1.32455	1.23034	1.09601	0.931668	0.746496	0.547957	0.342966	0.137713	-0.0627637	-0.252097	-0.424842	-0.579084	-0.713662	-0.82746	-0.92105	-0.995198	-1.05045	-1.08794	-1.10817	-1.1115	-1.09824	-1.06775	-1.01987	-0.953441	-0.867693	-0.761953	-0.635595	-0.488792	-0.323277	-0.140134	0.0565072	0.26045	0.466291	0.668162	0.859504	1.03309	1.18046	1.29208	1.35687	1.36593	1.32221	1.23739	1.11427	0.945646	0.73615	0.514655	0.319546	0.175663	0.0856548	0.0372056	0.014473	0.00507001	0.00160807	0.000464148	0.00012249	2.96833e-05	6.63138e-06	1.3707e-06	2.63e-07	4.69851e-08	7.83716e-09	1.22366e-09	1.79262e-10	2.46938e-11	3.20509e-12	3.92701e-13	4.55003e-14	4.99353e-15	5.19887e-16	5.14212e-17	4.83833e-18	4.33632e-19	3.70631e-20	3.02446e-21	2.35889e-22	1.7602e-23	1.25785e-24	8.6161e-26	5.66216e-27	3.57278e-28	2.16633e-29	1.26319e-30	7.08843e-32	3.83062e-33	1.99487e-34	1.00175e-35	4.85362e-37	2.26588e-38	0	
0	0.177704	0.380883	0.612219	0.845504	1.04471	1.19287	1.2968	1.3604	1.36921	1.3127	1.20235	1.05472	0.878274	0.680744	0.470521	0.255814	0.0456913	-0.153446	-0.335788	-0.496332	-0.635155	-0.753655	-0.851646	-0.930709	-0.993584	-1.04131	-1.07595	-1.09892	-1.11096	-1.11297	-1.10476	-1.08631	-1.05639	-1.01433	-0.95787	-0.885435	-0.7954	-0.685024	-0.554163	-0.402461	-0.228453	-0.0355808	0.170941	0.3848	0.597822	0.801454	0.987157	1.14698	1.2738	1.35387	1.37104	1.32738	1.23931	1.11059	0.932404	0.712245	0.484977	0.291686	0.154798	0.0727357	0.0304223	0.0113948	0.00384496	0.00117545	0.000327278	8.33887e-05	1.95283e-05	4.21994e-06	8.44488e-07	1.57018e-07	2.72064e-08	4.40507e-09	6.6817e-10	9.51665e-11	1.27549e-11	1.61186e-12	1.92416e-13	2.17353e-14	2.32701e-15	2.36481e-16	2.2844e-17	2.10039e-18	1.84046e-19	1.53873e-20	1.22883e-21	9.38358e-23	6.85853e-24	4.80275e-25	3.22504e-26	2.07845e-27	1.28664e-28	7.65647e-30	4.38302e-31	2.41546e-32	1.28235e-33	6.56251e-35	3.23939e-36	1.54014e-37	0	
0	0.263816	0.534255	0.796176	1.01811	1.18117	1.29264	1.3604	1.36891	1.30365	1.1802	1.02048	0.8286	0.610237	0.379633	0.148505	-0.0711416	-0.271035	-0.447448	-0.596518	-0.719341	-0.819216	-0.896849	-0.954325	-0.9968	-1.02686	-1.04682	-1.06017	-1.06786	-1.07158	-1.07236	-1.0693	-1.06354	-1.05223	-1.03539	-1.00997	-0.973085	-0.921933	-0.853218	-0.761907	-0.648595	-0.510117	-0.344564	-0.153736	0.0589047	0.286652	0.518947	0.743971	0.947591	1.12027	1.2599	1.35118	1.37177	1.32534	1.23209	1.09392	0.901848	0.670195	0.440876	0.255116	0.130002	0.0586184	0.0235333	0.00846661	0.00274678	0.000808236	0.000216845	5.33008e-05	1.20552e-05	2.51865e-06	4.87821e-07	8.78727e-08	1.47648e-08	2.32033e-09	3.41898e-10	4.73434e-11	6.17378e-12	7.59661e-13	8.83595e-14	9.73162e-15	1.01648e-15	1.00841e-16	9.51488e-18	8.54985e-19	7.3255e-20	5.99158e-21	4.68322e-22	3.50184e-23	2.5074e-24	1.72079e-25	1.1329e-26	7.16121e-28	4.34965e-29	2.54056e-30	1.428e-31	7.72955e-33	4.03177e-34	2.02782e-35	9.81986e-37	0	
0	0.353914	0.682309	0.954189	1.1499	1.27793	1.35437	1.36921	1.30365	1.17227	1.00271	0.796009	0.554924	0.303693	0.0581253	-0.171692	-0.375276	-0.55072	-0.694462	-0.80607	-0.888932	-0.94489	-0.977312	-0.993506	-0.998918	-0.995798	-0.989598	-0.98231	-0.975988	-0.972439	-0.971721	-0.974344	-0.979463	-0.986676	-0.993136	-0.997835	-0.99707	-0.985472	-0.96076	-0.914819	-0.8427	-0.742971	-0.611976	-0.449298	-0.256504	-0.0363686	0.204125	0.454589	0.702648	0.924839	1.10879	1.25762	1.35281	1.36938	1.31657	1.21525	1.0626	0.852811	0.611031	0.385309	0.213174	0.103801	0.0447482	0.0171948	0.00592916	0.00184635	0.000522245	0.000134881	3.19595e-05	6.97694e-06	1.4087e-06	2.63979e-07	4.60565e-08	7.50298e-09	1.1443e-09	1.63782e-10	2.20482e-11	2.79742e-12	3.35156e-13	3.7985e-14	4.07915e-15	4.15709e-16	4.02622e-17	3.71094e-18	3.25912e-19	2.73067e-20	2.18515e-21	1.67186e-22	1.22424e-23	8.58815e-25	5.77686e-26	3.72925e-27	2.31231e-28	1.37818e-29	7.90187e-31	4.3614e-32	2.31895e-33	1.18853e-34	5.86281e-36	0	
0	0.431624	0.801167	1.06987	1.23988	1.33736	1.36767	1.3127	1.1802	1.00271	0.784748	0.524782	0.255821	-0.000794811	-0.242985	-0.455988	-0.63484	-0.776508	-0.876922	-0.940875	-0.971609	-0.976516	-0.963812	-0.941547	-0.912676	-0.882725	-0.856117	-0.833431	-0.817931	-0.809175	-0.80727	-0.814328	-0.826294	-0.847299	-0.871789	-0.900303	-0.929758	-0.956156	-0.972916	-0.977034	-0.956839	-0.907171	-0.821306	-0.696467	-0.532048	-0.332219	-0.100322	0.151436	0.416397	0.684274	0.920892	1.11396	1.26805	1.35813	1.36324	1.30075	1.18692	1.01383	0.784497	0.537177	0.322403	0.169608	0.0785879	0.0322879	0.0118461	0.00390772	0.00116631	0.000316752	7.86815e-05	1.79586e-05	3.78199e-06	7.3763e-07	1.33689e-07	2.25854e-08	3.56656e-09	5.27806e-10	7.33709e-11	9.60152e-12	1.1852e-12	1.38258e-13	1.5268e-14	1.59869e-15	1.58963e-16	1.50309e-17	1.35335e-18	1.16173e-19	9.51891e-21	7.45299e-22	5.58203e-23	4.00315e-24	2.75149e-25	1.81417e-26	1.14842e-27	6.98534e-29	4.08575e-30	2.29972e-31	1.24652e-32	6.5108e-34	3.27173e-35	0	
0	0.482538	0.874705	1.13772	1.28933	1.35359	1.32455	1.20235	1.02048	0.796009	0.524782	0.239769	-0.0284543	-0.285734	-0.513374	-0.694969	-0.83328	-0.920569	-0.965167	-0.972159	-0.951579	-0.91335	-0.86488	-0.812425	-0.76115	-0.716452	-0.67906	-0.65091	-0.631405	-0.620596	-0.61892	-0.625861	-0.642044	-0.666536	-0.701054	-0.743119	-0.790324	-0.843704	-0.894068	-0.938255	-0.966737	-0.972099	-0.94327	-0.873725	-0.756243	-0.591342	-0.381915	-0.13331	0.130477	0.40977	0.691958	0.936177	1.13587	1.28889	1.3638	1.35205	1.27652	1.14355	0.944539	0.697675	0.452874	0.257119	0.128032	0.0562572	0.0219701	0.00768069	0.00241995	0.000691378	0.000180107	4.29937e-05	9.4465e-06	1.91808e-06	3.61211e-07	6.32952e-08	1.03511e-08	1.58411e-09	2.27428e-10	3.0701e-11	3.90504e-12	4.68928e-13	5.32572e-14	5.73023e-15	5.85015e-16	5.67544e-17	5.23921e-18	4.60814e-19	3.86639e-20	3.09815e-21	2.37348e-22	1.7402e-23	1.22226e-24	8.23149e-26	5.32012e-27	3.30258e-28	1.97069e-29	1.13122e-30	6.25093e-32	3.32747e-33	1.7034e-34	0	
0	0.499305	0.897647	1.15809	1.29591	1.3204	1.23034	1.05472	0.8286	0.554924	0.255821	-0.0284543	-0.300255	-0.544201	-0.728041	-0.863243	-0.943414	-0.972433	-0.962692	-0.918018	-0.856687	-0.782327	-0.708918	-0.640469	-0.583213	-0.536195	-0.500824	-0.475158	-0.45683	-0.448586	-0.446889	-0.451802	-0.467444	-0.48783	-0.520716	-0.563277	-0.61717	-0.679437	-0.752177	-0.826865	-0.895826	-0.947558	-0.973542	-0.959631	-0.902267	-0.787683	-0.624564	-0.403659	-0.138485	0.139557	0.435678	0.724976	0.971082	1.17347	1.31488	1.36569	1.33425	1.24057	1.08018	0.852954	0.595728	0.364042	0.194548	0.0913642	0.0379671	0.0140646	0.00467749	0.00140574	0.000384034	9.5876e-05	2.1978e-05	4.64577e-06	9.09037e-07	1.65221e-07	2.79814e-08	4.4283e-09	6.56597e-10	9.14315e-11	1.19835e-11	1.4813e-12	1.73018e-13	1.9129e-14	2.00515e-15	1.9958e-16	1.88896e-17	1.70232e-18	1.46258e-19	1.19941e-20	9.39873e-22	7.04505e-23	5.05643e-24	3.47823e-25	2.29519e-26	1.4541e-27	8.85193e-29	5.18185e-30	2.91915e-31	1.58363e-32	8.25878e-34	0	
0	0.482862	0.873463	1.13287	1.25614	1.23801	1.09601	0.878274	0.610237	0.303693	-0.000794811	-0.285734	-0.544201	-0.737837	-0.874406	-0.957874	-0.974897	-0.950338	-0.882523	-0.796314	-0.701015	-0.61121	-0.534937	-0.473857	-0.426165	-0.393373	-0.36885	-0.352016	-0.342387	-0.337745	-0.336343	-0.340357	-0.347675	-0.361927	-0.381852	-0.410564	-0.454608	-0.50854	-0.579204	-0.662415	-0.759195	-0.849177	-0.927895	-0.969844	-0.971172	-0.915725	-0.797599	-0.630188	-0.394078	-0.116628	0.179558	0.491441	0.780287	1.02562	1.22242	1.33894	1.36049	1.30718	1.18706	0.992052	0.740423	0.484978	0.277458	0.13904	0.061415	0.0240875	0.00845046	0.00267009	0.000764614	0.000199561	4.77103e-05	1.04958e-05	2.13326e-06	4.02055e-07	7.04976e-08	1.15349e-08	1.766e-09	2.53627e-10	3.42468e-11	4.35702e-12	5.233e-13	5.94421e-14	6.39665e-15	6.53145e-16	6.33729e-17	5.85106e-18	5.14712e-19	4.31937e-20	3.4618e-21	2.65265e-22	1.94536e-23	1.36673e-24	9.20719e-26	5.9527e-27	3.69663e-28	2.20671e-29	1.26725e-30	7.00589e-32	3.72181e-33	0	
0	0.440127	0.81038	1.06456	1.16919	1.11207	0.931668	0.680744	0.379633	0.0581253	-0.242985	-0.513374	-0.728041	-0.874406	-0.964021	-0.975656	-0.934223	-0.852525	-0.743249	-0.637257	-0.535936	-0.460933	-0.400273	-0.362358	-0.335668	-0.322047	-0.310154	-0.305758	-0.304907	-0.300676	-0.302724	-0.303137	-0.303752	-0.31014	-0.316339	-0.329382	-0.349282	-0.38425	-0.434382	-0.503044	-0.59399	-0.700994	-0.809655	-0.907245	-0.963259	-0.97838	-0.917919	-0.793707	-0.607905	-0.354762	-0.0651898	0.252303	0.571711	0.855747	1.09722	1.27398	1.35458	1.34573	1.26542	1.10854	0.877277	0.612642	0.37389	0.199439	0.0934647	0.0387554	0.0143252	0.0047539	0.0014257	0.000388692	9.68475e-05	2.21586e-05	4.67541e-06	9.13241e-07	1.65708e-07	2.80194e-08	4.42762e-09	6.55558e-10	9.11632e-11	1.19331e-11	1.4733e-12	1.71891e-13	1.89843e-14	1.98805e-15	1.977e-16	1.86961e-17	1.68361e-18	1.4455e-19	1.18467e-20	9.27816e-22	6.95131e-23	4.98706e-24	3.42931e-25	2.26226e-26	1.43291e-27	8.72154e-29	5.10501e-30	2.87573e-31	1.55602e-32	0	
0	0.380317	0.717923	0.956986	1.03856	0.951376	0.746496	0.470521	0.148505	-0.171692	-0.455988	-0.694969	-0.863243	-0.957874	-0.975656	-0.925591	-0.837606	-0.71391	-0.595111	-0.486702	-0.409677	-0.357313	-0.330478	-0.316608	-0.312495	-0.306669	-0.308607	-0.307189	-0.307266	-0.3061	-0.307165	-0.306683	-0.307123	-0.307231	-0.307889	-0.310905	-0.312931	-0.325095	-0.34351	-0.38688	-0.450323	-0.550346	-0.664186	-0.791138	-0.894706	-0.961613	-0.975139	-0.909147	-0.772168	-0.558346	-0.288756	0.0204186	0.354993	0.671697	0.950209	1.1776	1.31757	1.35789	1.31752	1.2002	0.999156	0.73945	0.479319	0.271285	0.13455	0.0588638	0.0228844	0.00796409	0.00249799	0.000710542	0.000184309	4.38149e-05	9.58857e-06	1.93947e-06	3.63899e-07	6.35426e-08	1.03568e-08	1.57995e-09	2.26147e-10	3.04411e-11	3.86156e-12	4.62535e-13	5.24067e-14	5.62624e-15	5.73216e-16	5.55038e-17	5.11476e-18	4.49145e-19	3.76297e-20	3.0113e-21	2.30423e-22	1.68767e-23	1.1843e-24	7.96967e-26	5.14762e-27	3.19389e-28	1.90511e-29	1.09329e-30	6.02414e-32	0	
0	0.311834	0.604884	0.816017	0.871971	0.76586	0.547957	0.255814	-0.0711416	-0.375276	-0.63484	-0.83328	-0.943414	-0.974897	-0.934223	-0.837606	-0.706431	-0.569572	-0.456725	-0.37695	-0.340035	-0.323522	-0.324211	-0.31917	-0.319125	-0.315122	-0.313505	-0.30899	-0.305007	-0.306397	-0.303372	-0.305457	-0.309242	-0.309731	-0.315551	-0.317214	-0.319101	-0.321882	-0.323952	-0.331164	-0.357872	-0.419063	-0.52133	-0.649625	-0.788662	-0.900262	-0.967238	-0.964591	-0.887463	-0.723542	-0.483438	-0.192626	0.141054	0.480362	0.790006	1.05846	1.25318	1.34543	1.34613	1.26767	1.10199	0.858848	0.588444	0.352055	0.184236	0.0848228	0.0346074	0.0126055	0.00412791	0.00122309	0.000329807	8.13545e-05	1.84434e-05	3.85876e-06	7.4788e-07	1.34731e-07	2.26304e-08	3.55405e-09	5.23206e-10	7.23709e-11	9.4262e-12	1.15841e-12	1.34568e-13	1.48023e-14	1.54425e-15	1.53025e-16	1.44235e-17	1.29485e-18	1.10852e-19	9.06046e-21	7.07816e-22	5.2906e-23	3.78733e-24	2.59904e-25	1.7113e-26	1.08205e-27	6.57531e-29	3.84299e-30	2.15577e-31	0	
0	0.240659	0.478643	0.64972	0.679827	0.564946	0.342966	0.0456913	-0.271035	-0.55072	-0.776508	-0.920569	-0.972433	-0.950338	-0.852525	-0.71391	-0.569572	-0.44607	-0.367926	-0.335221	-0.330611	-0.331659	-0.325852	-0.317605	-0.307784	-0.298337	-0.286591	-0.28129	-0.274626	-0.272212	-0.271594	-0.272667	-0.278153	-0.28368	-0.293593	-0.303742	-0.314399	-0.321155	-0.331494	-0.33117	-0.332077	-0.349074	-0.409257	-0.515571	-0.655573	-0.799494	-0.918907	-0.972571	-0.950853	-0.844552	-0.645975	-0.380751	-0.0598637	0.289634	0.623552	0.924747	1.16695	1.31098	1.35413	1.31323	1.18445	0.966089	0.696081	0.43841	0.241247	0.116545	0.0497717	0.0189302	0.00645828	0.00198946	0.000556682	0.000142253	3.33572e-05	7.20878e-06	1.44134e-06	2.67564e-07	4.62617e-08	7.47145e-09	1.13012e-09	1.60484e-10	2.14434e-11	2.70147e-12	3.215e-13	3.62078e-14	3.86525e-15	3.9172e-16	3.77416e-17	3.46175e-18	3.02658e-19	2.52528e-20	2.01305e-21	1.53479e-22	1.12029e-23	7.8363e-25	5.25759e-26	3.38634e-27	2.09555e-28	1.24688e-29	7.1182e-31	0	
0	0.170217	0.345326	0.467657	0.473481	0.357116	0.137713	-0.153446	-0.447448	-0.694462	-0.876922	-0.965167	-0.962692	-0.882523	-0.743249	-0.595111	-0.456725	-0.367926	-0.332896	-0.332067	-0.337616	-0.326335	-0.307813	-0.287707	-0.272255	-0.258536	-0.249321	-0.242886	-0.238042	-0.236897	-0.236199	-0.237937	-0.24147	-0.246496	-0.253959	-0.267181	-0.281717	-0.298724	-0.319607	-0.335504	-0.335986	-0.329676	-0.348561	-0.414038	-0.536865	-0.683823	-0.83131	-0.939458	-0.973671	-0.923135	-0.772928	-0.540773	-0.241208	0.107173	0.457429	0.7837	1.06507	1.25804	1.3444	1.33986	1.24724	1.05843	0.797841	0.526709	0.303644	0.153418	0.068381	0.0270856	0.00960372	0.00306885	0.000889238	0.000234948	5.68837e-05	1.26766e-05	2.61066e-06	4.98653e-07	8.86272e-08	1.47009e-08	2.28196e-09	3.32303e-10	4.55004e-11	5.87034e-12	7.1503e-13	8.23726e-14	8.99016e-15	9.31022e-16	9.16214e-17	8.57976e-18	7.65517e-19	6.51574e-20	5.29663e-21	4.11654e-22	3.062e-23	2.18193e-24	1.49087e-25	9.77639e-27	6.15774e-28	3.72827e-29	2.16501e-30	0	
0	0.102167	0.210285	0.279754	0.263266	0.148815	-0.0627637	-0.335788	-0.596518	-0.80607	-0.940875	-0.972159	-0.918018	-0.796314	-0.637257	-0.486702	-0.37695	-0.335221	-0.332067	-0.343968	-0.325905	-0.294224	-0.262567	-0.25245	-0.241954	-0.236672	-0.230076	-0.232093	-0.228292	-0.228488	-0.229827	-0.226888	-0.230776	-0.231961	-0.232618	-0.238973	-0.249243	-0.255618	-0.27964	-0.313447	-0.340898	-0.337282	-0.330436	-0.352718	-0.435435	-0.574096	-0.734469	-0.876395	-0.959323	-0.963854	-0.865341	-0.671594	-0.39968	-0.0614824	0.29756	0.64192	0.953847	1.1907	1.31989	1.35073	1.29232	1.13494	0.890514	0.613493	0.369092	0.19437	0.0901347	0.0370742	0.0136254	0.00450529	0.00134874	0.000367654	9.17201e-05	2.10374e-05	4.45455e-06	8.73994e-07	1.59426e-07	2.71193e-08	4.31388e-09	6.43324e-10	9.01521e-11	1.1897e-11	1.48142e-12	1.74381e-13	1.94374e-14	2.05491e-15	2.06352e-16	1.97103e-17	1.79316e-18	1.55567e-19	1.28854e-20	1.02008e-21	7.72645e-23	5.60482e-24	3.89749e-25	2.60037e-26	1.66601e-27	1.02579e-28	6.05569e-30	0	
0	0.0374273	0.0782895	0.0946417	0.057005	-0.0544963	-0.252097	-0.496332	-0.719341	-0.888932	-0.971609	-0.951579	-0.856687	-0.701015	-0.535936	-0.409677	-0.340035	-0.330611	-0.337616	-0.325905	-0.28284	-0.250709	-0.243533	-0.248629	-0.238828	-0.235117	-0.237963	-0.232763	-0.232723	-0.230223	-0.231373	-0.232164	-0.230192	-0.237113	-0.235936	-0.236096	-0.246371	-0.246773	-0.244476	-0.267261	-0.31071	-0.337254	-0.333841	-0.330926	-0.374214	-0.478908	-0.632923	-0.798752	-0.920588	-0.973107	-0.92546	-0.773039	-0.533701	-0.213366	0.14799	0.504958	0.839448	1.11352	1.28364	1.34887	1.32232	1.1961	0.972157	0.695826	0.435149	0.237987	0.114442	0.0487317	0.0185107	0.00631639	0.00194871	0.000546742	0.000140232	3.30346e-05	7.1776e-06	1.44384e-06	2.69821e-07	4.69891e-08	7.64735e-09	1.16611e-09	1.66999e-10	2.25105e-11	2.86171e-12	3.43757e-13	3.90856e-14	4.21333e-15	4.31256e-16	4.19721e-17	3.88939e-18	3.4359e-19	2.89701e-20	2.33395e-21	1.79856e-22	1.32704e-23	9.38371e-25	6.36488e-26	4.14477e-27	2.59331e-28	1.55524e-29	0	
0	-0.0232644	-0.0468166	-0.0812416	-0.139119	-0.246687	-0.424842	-0.635155	-0.819216	-0.94489	-0.976516	-0.91335	-0.782327	-0.61121	-0.460933	-0.357313	-0.323522	-0.331659	-0.326335	-0.294224	-0.250709	-0.244278	-0.253398	-0.249501	-0.234325	-0.232777	-0.230817	-0.217968	-0.220717	-0.217642	-0.214865	-0.221756	-0.218174	-0.226258	-0.233528	-0.231077	-0.243789	-0.254032	-0.248692	-0.242748	-0.275812	-0.315877	-0.333657	-0.324568	-0.336462	-0.412449	-0.546221	-0.716691	-0.865334	-0.958566	-0.959365	-0.847618	-0.642082	-0.346025	0.0110227	0.376446	0.727258	1.03135	1.2389	1.33715	1.34002	1.24329	1.04198	0.771488	0.499511	0.282673	0.140477	0.0617285	0.0241617	0.00848432	0.00269032	0.000774938	0.000203857	4.92102e-05	1.09477e-05	2.25321e-06	4.30536e-07	7.66157e-08	1.27344e-08	1.98211e-09	2.89614e-10	3.9812e-11	5.15942e-12	6.31545e-13	7.3146e-14	8.0292e-15	8.36595e-16	8.28597e-17	7.81163e-18	7.01874e-19	6.01748e-20	4.92829e-21	3.85982e-22	2.89377e-23	2.07874e-24	1.4321e-25	9.47008e-27	6.01584e-28	3.66191e-29	0	
0	-0.0792496	-0.162189	-0.243158	-0.319852	-0.422867	-0.579084	-0.753655	-0.896849	-0.977312	-0.963812	-0.86488	-0.708918	-0.534937	-0.400273	-0.330478	-0.324211	-0.325852	-0.307813	-0.262567	-0.243533	-0.253398	-0.258298	-0.228809	-0.216688	-0.215229	-0.210324	-0.19723	-0.206209	-0.199618	-0.195287	-0.206786	-0.197006	-0.205007	-0.214337	-0.216339	-0.219863	-0.248337	-0.258803	-0.245396	-0.250202	-0.290264	-0.321691	-0.326821	-0.321401	-0.365346	-0.472015	-0.639065	-0.805927	-0.928192	-0.97196	-0.90056	-0.726952	-0.457494	-0.110979	0.258653	0.621179	0.948734	1.18912	1.31829	1.34811	1.27844	1.1001	0.839013	0.560183	0.326796	0.16725	0.0755925	0.0303951	0.0109511	0.0035591	0.00104973	0.000282508	6.97139e-05	1.58431e-05	3.32889e-06	6.48993e-07	1.17776e-07	1.99533e-08	3.16429e-09	4.7087e-10	6.58972e-11	8.69109e-12	1.08232e-12	1.27494e-13	1.42296e-14	1.50709e-15	1.51691e-16	1.45293e-17	1.32602e-18	1.15451e-19	9.60027e-21	7.63256e-22	5.80765e-23	4.23343e-24	2.959e-25	1.98487e-26	1.27883e-27	7.89323e-29	0	
0	-0.129894	-0.265727	-0.38778	-0.481607	-0.580221	-0.713662	-0.851646	-0.954325	-0.993506	-0.941547	-0.812425	-0.640469	-0.473857	-0.362358	-0.316608	-0.31917	-0.317605	-0.287707	-0.25245	-0.248629	-0.249501	-0.228809	-0.200483	-0.211479	-0.213215	-0.198634	-0.205612	-0.203244	-0.201231	-0.202399	-0.201548	-0.206748	-0.20057	-0.204756	-0.217772	-0.200394	-0.216524	-0.242491	-0.252322	-0.246241	-0.273513	-0.306639	-0.323738	-0.312665	-0.338336	-0.420411	-0.569354	-0.745333	-0.889802	-0.968088	-0.93535	-0.79263	-0.548843	-0.216216	0.153643	0.524039	0.869439	1.13767	1.29494	1.34913	1.30362	1.14725	0.897614	0.615574	0.368813	0.1937	0.0897466	0.0369526	0.0136193	0.00452358	0.00136238	0.000374117	9.41365e-05	2.18013e-05	4.66565e-06	9.26004e-07	1.71001e-07	2.94682e-08	4.75175e-09	7.18739e-10	1.0221e-10	1.36941e-11	1.73193e-12	2.07141e-13	2.34678e-14	2.52247e-15	2.5761e-16	2.5031e-17	2.31702e-18	2.04573e-19	1.72476e-20	1.39008e-21	1.07208e-22	7.91982e-24	5.60917e-25	3.81206e-26	2.48803e-27	1.55533e-28	0	
0	-0.174574	-0.356003	-0.513175	-0.622244	-0.716619	-0.82746	-0.930709	-0.9968	-0.998918	-0.912676	-0.76115	-0.583213	-0.426165	-0.335668	-0.312495	-0.319125	-0.307784	-0.272255	-0.241954	-0.238828	-0.234325	-0.216688	-0.211479	-0.219514	-0.209929	-0.197904	-0.208424	-0.197019	-0.196581	-0.202949	-0.192501	-0.205982	-0.202701	-0.201812	-0.219097	-0.213107	-0.214484	-0.225096	-0.24086	-0.236147	-0.259661	-0.293033	-0.319507	-0.313362	-0.320097	-0.381429	-0.513074	-0.689918	-0.850484	-0.954868	-0.954645	-0.841098	-0.622194	-0.304799	0.06272	0.43803	0.796554	1.08758	1.26958	1.34535	1.32089	1.18456	0.947052	0.66451	0.407361	0.218769	0.103556	0.0435215	0.0163581	0.00553641	0.00169786	0.000474449	0.000121415	2.85834e-05	6.21534e-06	1.25289e-06	2.34901e-07	4.10855e-08	6.72209e-09	1.03138e-09	1.48741e-10	2.02049e-11	2.59027e-12	3.1397e-13	3.60427e-14	3.9248e-15	4.06001e-16	3.99529e-17	3.74491e-18	3.34764e-19	2.85719e-20	2.33086e-21	1.81935e-22	1.36008e-23	9.74675e-25	6.70173e-26	4.4249e-27	2.79778e-28	0	
0	-0.212755	-0.432173	-0.618361	-0.740402	-0.830796	-0.92105	-0.993584	-1.02686	-0.995798	-0.882725	-0.716452	-0.536195	-0.393373	-0.322047	-0.306669	-0.315122	-0.298337	-0.258536	-0.236672	-0.235117	-0.232777	-0.215229	-0.213215	-0.209929	-0.19883	-0.191253	-0.197311	-0.185222	-0.187761	-0.192126	-0.182564	-0.195112	-0.192773	-0.19509	-0.205684	-0.212684	-0.213376	-0.225229	-0.236717	-0.233733	-0.247468	-0.282406	-0.312881	-0.310195	-0.310521	-0.356501	-0.47084	-0.641112	-0.810823	-0.937498	-0.964998	-0.875709	-0.678758	-0.376938	-0.0136183	0.364519	0.732475	1.04154	1.24447	1.3388	1.33216	1.21327	0.987476	0.706198	0.441298	0.24147	0.116378	0.0497601	0.019014	0.00653796	0.00203577	0.000577296	0.000149852	3.57686e-05	7.88306e-06	1.61006e-06	3.05765e-07	5.41562e-08	8.97055e-09	1.39314e-09	2.03319e-10	2.79447e-11	3.62418e-12	4.4433e-13	5.15851e-14	5.68007e-15	5.94071e-16	5.9099e-17	5.59945e-18	5.05904e-19	4.36364e-20	3.5972e-21	2.83702e-22	2.14273e-23	1.55126e-24	1.07746e-25	7.1857e-27	4.58848e-28	0	
0	-0.244019	-0.493783	-0.702951	-0.835578	-0.92263	-0.995198	-1.04131	-1.04682	-0.989598	-0.856117	-0.67906	-0.500824	-0.36885	-0.310154	-0.308607	-0.313505	-0.286591	-0.249321	-0.230076	-0.237963	-0.230817	-0.210324	-0.198634	-0.197904	-0.191253	-0.189615	-0.190057	-0.187488	-0.187461	-0.188442	-0.18667	-0.189273	-0.189436	-0.189725	-0.196377	-0.197444	-0.204631	-0.221849	-0.239146	-0.23085	-0.239284	-0.269854	-0.307317	-0.311671	-0.305513	-0.337042	-0.437552	-0.604456	-0.778031	-0.917646	-0.967824	-0.900058	-0.721419	-0.433345	-0.0749622	0.304429	0.678929	1.00174	1.22159	1.33123	1.33908	1.23464	1.01926	0.740155	0.46972	0.260935	0.127603	0.0553257	0.0214248	0.0074619	0.00235229	0.00067504	0.000177256	4.27865e-05	9.5332e-06	1.96794e-06	3.77649e-07	6.75755e-08	1.13063e-08	1.77331e-09	2.61331e-10	3.62638e-11	4.7478e-12	5.87549e-13	6.88448e-14	7.65007e-15	8.07371e-16	8.10401e-17	7.74664e-18	7.06073e-19	6.14344e-20	5.10831e-21	4.06345e-22	3.09524e-23	2.25984e-24	1.58282e-25	1.06443e-26	6.85299e-28	0	
0	-0.268055	-0.540662	-0.767027	-0.907785	-0.992101	-1.05045	-1.07595	-1.06017	-0.98231	-0.833431	-0.65091	-0.475158	-0.352016	-0.305758	-0.307189	-0.30899	-0.28129	-0.242886	-0.232093	-0.232763	-0.217968	-0.19723	-0.205612	-0.208424	-0.197311	-0.190057	-0.197753	-0.185116	-0.186874	-0.192987	-0.181291	-0.195923	-0.193541	-0.192372	-0.204508	-0.208825	-0.198971	-0.20655	-0.230238	-0.231843	-0.236051	-0.264167	-0.301351	-0.310927	-0.302178	-0.326473	-0.415125	-0.574599	-0.751485	-0.901312	-0.967206	-0.915677	-0.751829	-0.475212	-0.121434	0.258343	0.637168	0.96989	1.20259	1.32406	1.34303	1.24978	1.04288	0.766125	0.491948	0.276447	0.136697	0.0599023	0.0234346	0.00824205	0.00262278	0.000759534	0.000201207	4.89852e-05	1.10057e-05	2.29051e-06	4.43072e-07	7.99053e-08	1.34725e-08	2.12913e-09	3.1612e-10	4.41909e-11	5.82788e-12	7.26417e-13	8.57242e-14	9.59305e-15	1.01952e-15	1.03044e-16	9.9178e-18	9.10133e-19	7.97257e-20	6.67379e-21	5.34417e-22	4.09777e-23	3.0115e-24	2.12309e-25	1.43704e-26	9.31135e-28	0	
0	-0.284671	-0.572814	-0.810821	-0.957173	-1.03955	-1.08794	-1.09892	-1.06786	-0.975988	-0.817931	-0.631405	-0.45683	-0.342387	-0.304907	-0.307266	-0.305007	-0.274626	-0.238042	-0.228292	-0.232723	-0.220717	-0.206209	-0.203244	-0.197019	-0.185222	-0.187488	-0.185116	-0.181068	-0.181385	-0.183185	-0.179725	-0.18354	-0.185382	-0.18711	-0.190521	-0.202506	-0.203865	-0.214129	-0.229893	-0.230435	-0.230821	-0.258281	-0.295687	-0.308941	-0.302941	-0.320214	-0.399369	-0.554944	-0.733165	-0.888816	-0.965327	-0.925079	-0.771623	-0.503364	-0.153221	0.226542	0.608021	0.94725	1.18874	1.31843	1.34508	1.2596	1.05879	0.784	0.507502	0.287453	0.143228	0.0632251	0.0249084	0.00881951	0.00282476	0.000823158	0.000219387	5.37267e-05	1.21406e-05	2.54092e-06	4.94222e-07	8.96126e-08	1.51897e-08	2.41309e-09	3.60133e-10	5.06008e-11	6.70689e-12	8.40155e-13	9.96365e-14	1.12045e-14	1.19656e-15	1.21521e-16	1.1752e-17	1.08356e-18	9.53649e-20	8.02029e-21	6.45225e-22	4.97027e-23	3.66948e-24	2.59878e-25	1.767e-26	1.15006e-27	0	
0	-0.293753	-0.590296	-0.834588	-0.984036	-1.06538	-1.10817	-1.11096	-1.07158	-0.972439	-0.809175	-0.620596	-0.448586	-0.337745	-0.300676	-0.3061	-0.306397	-0.272212	-0.236897	-0.228488	-0.230223	-0.217642	-0.199618	-0.201231	-0.196581	-0.187761	-0.187461	-0.186874	-0.181385	-0.183299	-0.184542	-0.18104	-0.186046	-0.187678	-0.187236	-0.191638	-0.201442	-0.198812	-0.208618	-0.227671	-0.22907	-0.231102	-0.255542	-0.295886	-0.309938	-0.299851	-0.316056	-0.392956	-0.544909	-0.722366	-0.881225	-0.963921	-0.929899	-0.782062	-0.518479	-0.170488	0.209171	0.591988	0.934653	1.18091	1.31512	1.34597	1.26475	1.06735	0.793752	0.516076	0.293573	0.146887	0.0650995	0.025745	0.0091492	0.00294072	0.000859874	0.00022993	5.64899e-05	1.2805e-05	2.6882e-06	5.2444e-07	9.53723e-08	1.62129e-08	2.58302e-09	3.86581e-10	5.44683e-11	7.23942e-12	9.09339e-13	1.08133e-13	1.21925e-14	1.30553e-15	1.32937e-16	1.28897e-17	1.19156e-18	1.0514e-19	8.86511e-21	7.1501e-22	5.52182e-23	4.08696e-24	2.90171e-25	1.9779e-26	1.2905e-27	0	
0	-0.295251	-0.59317	-0.838522	-0.988546	-1.06973	-1.1115	-1.11297	-1.07236	-0.971721	-0.80727	-0.61892	-0.446889	-0.336343	-0.302724	-0.307165	-0.303372	-0.271594	-0.236199	-0.229827	-0.231373	-0.214865	-0.195287	-0.202399	-0.202949	-0.192126	-0.188442	-0.192987	-0.183185	-0.184542	-0.18812	-0.1805	-0.190325	-0.18953	-0.190091	-0.198529	-0.204672	-0.196769	-0.204217	-0.227846	-0.231001	-0.230933	-0.255381	-0.29274	-0.309506	-0.300981	-0.316206	-0.390891	-0.542042	-0.721318	-0.880916	-0.963371	-0.930175	-0.783804	-0.521173	-0.173407	0.206314	0.589334	0.93254	1.17958	1.31455	1.3461	1.2656	1.06877	0.795378	0.517511	0.294599	0.147502	0.065415	0.025886	0.00920487	0.00296032	0.00086609	0.000231718	5.6959e-05	1.29179e-05	2.71327e-06	5.29589e-07	9.63551e-08	1.63877e-08	2.61208e-09	3.91112e-10	5.51317e-11	7.33089e-12	9.21238e-13	1.09596e-13	1.23629e-14	1.32435e-15	1.34912e-16	1.30868e-17	1.21029e-18	1.06839e-19	9.0121e-21	7.2717e-22	5.61806e-23	4.15992e-24	2.95473e-25	2.01487e-26	1.31516e-27	0	
0	-0.289162	-0.581455	-0.822632	-0.970695	-1.05273	-1.09824	-1.10476	-1.0693	-0.974344	-0.814328	-0.625861	-0.451802	-0.340357	-0.303137	-0.306683	-0.305457	-0.272667	-0.237937	-0.226888	-0.232164	-0.221756	-0.206786	-0.201548	-0.192501	-0.182564	-0.18667	-0.181291	-0.179725	-0.18104	-0.1805	-0.180688	-0.18076	-0.184366	-0.185209	-0.185987	-0.199402	-0.203734	-0.21511	-0.229672	-0.229149	-0.230248	-0.256743	-0.295433	-0.309024	-0.302409	-0.31823	-0.395862	-0.550118	-0.727785	-0.884997	-0.964523	-0.927321	-0.776957	-0.511192	-0.161943	0.217931	0.60008	0.940986	1.18484	1.3168	1.34555	1.26221	1.06309	0.788882	0.51178	0.290498	0.145044	0.0641531	0.0253217	0.00898203	0.00288182	0.00084119	0.000224556	5.50793e-05	1.24653e-05	2.6128e-06	5.08949e-07	9.24159e-08	1.56871e-08	2.49558e-09	3.72958e-10	5.2474e-11	6.96453e-12	8.73591e-13	1.03738e-13	1.1681e-14	1.24907e-15	1.27016e-16	1.22992e-17	1.13546e-18	1.00058e-19	8.42555e-21	6.78674e-22	5.23443e-23	3.86927e-24	2.74364e-25	1.86778e-26	1.21712e-27	0	
0	-0.275522	-0.555115	-0.786825	-0.930393	-1.01407	-1.06775	-1.08631	-1.06354	-0.979463	-0.826294	-0.642044	-0.467444	-0.347675	-0.303752	-0.307123	-0.309242	-0.278153	-0.24147	-0.230776	-0.230192	-0.218174	-0.197006	-0.206748	-0.205982	-0.195112	-0.189273	-0.195923	-0.18354	-0.186046	-0.190325	-0.18076	-0.192655	-0.192352	-0.190964	-0.202081	-0.208448	-0.199997	-0.206432	-0.22913	-0.229841	-0.235206	-0.261503	-0.299596	-0.312207	-0.300291	-0.322543	-0.408775	-0.565085	-0.743317	-0.896632	-0.966161	-0.919338	-0.761077	-0.488587	-0.136042	0.244034	0.624068	0.959692	1.19637	1.32158	1.34404	1.25433	1.05017	0.774259	0.498988	0.281406	0.139628	0.061388	0.0240913	0.00849851	0.00271221	0.000787625	0.000209212	5.10675e-05	1.15029e-05	2.39994e-06	4.65373e-07	8.41281e-08	1.42179e-08	2.25213e-09	3.35145e-10	4.6956e-11	6.20633e-12	7.75292e-13	9.16912e-14	1.02829e-14	1.09517e-15	1.10926e-16	1.06989e-17	9.83863e-19	8.63631e-20	7.24431e-21	5.81291e-22	4.46627e-23	3.28895e-24	2.32337e-25	1.57575e-26	1.02303e-27	0	
0	-0.254422	-0.514093	-0.73084	-0.867336	-0.953569	-1.01987	-1.05639	-1.05223	-0.986676	-0.847299	-0.666536	-0.48783	-0.361927	-0.31014	-0.307231	-0.309731	-0.28368	-0.246496	-0.231961	-0.237113	-0.226258	-0.205007	-0.20057	-0.202701	-0.192773	-0.189436	-0.193541	-0.185382	-0.187678	-0.18953	-0.184366	-0.192352	-0.189535	-0.191226	-0.199133	-0.201798	-0.201619	-0.216253	-0.236039	-0.232966	-0.237857	-0.266687	-0.303575	-0.309535	-0.305217	-0.333757	-0.426793	-0.590889	-0.767227	-0.910985	-0.967141	-0.906674	-0.735317	-0.452333	-0.0954312	0.284458	0.660874	0.98799	1.21345	1.32824	1.34097	1.24142	1.02969	0.751522	0.479381	0.267636	0.13151	0.0572821	0.0222799	0.0077924	0.00246641	0.000710549	0.000187284	4.53725e-05	1.01454e-05	2.1016e-06	4.04669e-07	7.26516e-08	1.21954e-08	1.9189e-09	2.83684e-10	3.94885e-11	5.18592e-12	6.43722e-13	7.56539e-14	8.43174e-15	8.92491e-16	8.98456e-17	8.61323e-18	7.87311e-19	6.86979e-20	5.7284e-21	4.56949e-22	3.49039e-23	2.55538e-24	1.79474e-25	1.21023e-26	7.81268e-28	0	
0	-0.226015	-0.458359	-0.654454	-0.781323	-0.870681	-0.953441	-1.01433	-1.03539	-0.993136	-0.871789	-0.701054	-0.520716	-0.381852	-0.316339	-0.307889	-0.315551	-0.293593	-0.253959	-0.232618	-0.235936	-0.233528	-0.214337	-0.204756	-0.201812	-0.19509	-0.189725	-0.192372	-0.18711	-0.187236	-0.190091	-0.185209	-0.190964	-0.191226	-0.192385	-0.199109	-0.203346	-0.209857	-0.225385	-0.238329	-0.231537	-0.243044	-0.276773	-0.311843	-0.311861	-0.308048	-0.346957	-0.45581	-0.625502	-0.797463	-0.929627	-0.966195	-0.88619	-0.697768	-0.401836	-0.0400447	0.338994	0.709832	1.0248	1.23495	1.33581	1.33539	1.22268	1.00124	0.720741	0.453364	0.249671	0.121075	0.0520743	0.0200106	0.00691782	0.00216522	0.000617075	0.000160952	3.85981e-05	8.54541e-06	1.75309e-06	3.34373e-07	5.94749e-08	9.8926e-09	1.54262e-09	2.26041e-10	3.11907e-11	4.06096e-12	4.99797e-13	5.82452e-14	6.43751e-15	6.7579e-16	6.74753e-17	6.41631e-18	5.81791e-19	5.03608e-20	4.16618e-21	3.29725e-22	2.49897e-23	1.81539e-24	1.26521e-25	8.46641e-27	5.42431e-28	0	
0	-0.190557	-0.387992	-0.557502	-0.672289	-0.765354	-0.867693	-0.95787	-1.00997	-0.997835	-0.900303	-0.743119	-0.563277	-0.410564	-0.329382	-0.310905	-0.317214	-0.303742	-0.267181	-0.238973	-0.236096	-0.231077	-0.216339	-0.217772	-0.219097	-0.205684	-0.196377	-0.204508	-0.190521	-0.191638	-0.198529	-0.185987	-0.202081	-0.199133	-0.199109	-0.215767	-0.219052	-0.216379	-0.223065	-0.237179	-0.234834	-0.253779	-0.289777	-0.315798	-0.312773	-0.316096	-0.368772	-0.494741	-0.670158	-0.834477	-0.948008	-0.959272	-0.85626	-0.647071	-0.336005	0.030343	0.4072	0.769865	1.06859	1.25939	1.34297	1.32606	1.19705	0.964327	0.682102	0.421534	0.228163	0.108819	0.046063	0.0174324	0.00593889	0.0018328	0.000515272	0.000132637	3.1403e-05	6.86623e-06	1.39155e-06	2.6227e-07	4.6108e-08	7.58178e-09	1.16902e-09	1.69407e-10	2.31216e-11	2.97808e-12	3.62641e-13	4.18191e-14	4.5742e-15	4.7527e-16	4.69734e-17	4.42194e-18	3.96968e-19	3.40237e-20	2.78717e-21	2.18448e-22	1.63969e-23	1.1798e-24	8.14455e-26	5.39882e-27	3.42686e-28	0	
0	-0.148414	-0.303307	-0.440152	-0.540517	-0.637676	-0.761953	-0.885435	-0.973085	-0.99707	-0.929758	-0.790324	-0.61717	-0.454608	-0.349282	-0.312931	-0.319101	-0.314399	-0.281717	-0.249243	-0.246371	-0.243789	-0.219863	-0.200394	-0.213107	-0.212684	-0.197444	-0.208825	-0.202506	-0.201442	-0.204672	-0.199402	-0.208448	-0.201798	-0.203346	-0.219052	-0.200615	-0.21104	-0.233899	-0.249949	-0.242445	-0.269065	-0.300973	-0.323129	-0.311432	-0.327918	-0.404282	-0.546532	-0.722434	-0.873594	-0.963177	-0.944511	-0.814082	-0.580534	-0.253872	0.11548	0.48829	0.839465	1.11736	1.28492	1.34809	1.31141	1.16335	0.918531	0.635986	0.384702	0.203925	0.0953258	0.0395833	0.0147071	0.00492276	0.00149363	0.000413089	0.00010466	2.44003e-05	5.25568e-06	1.04968e-06	1.95028e-07	3.381e-08	5.48376e-09	8.34211e-10	1.19297e-10	1.60713e-11	2.04357e-12	2.45713e-13	2.79831e-14	3.02326e-15	3.10316e-16	3.03026e-17	2.81879e-18	2.50081e-19	2.11853e-20	1.7155e-21	1.32923e-22	9.86464e-24	7.01837e-25	4.79122e-26	3.141e-27	1.97209e-28	0	
0	-0.100069	-0.204958	-0.303119	-0.387007	-0.488366	-0.635595	-0.7954	-0.921933	-0.985472	-0.956156	-0.843704	-0.679437	-0.50854	-0.38425	-0.325095	-0.321882	-0.321155	-0.298724	-0.255618	-0.246773	-0.254032	-0.248337	-0.216524	-0.214484	-0.213376	-0.204631	-0.198971	-0.203865	-0.198812	-0.196769	-0.203734	-0.199997	-0.201619	-0.209857	-0.216379	-0.21104	-0.236813	-0.255133	-0.249469	-0.247474	-0.281328	-0.315241	-0.324638	-0.317623	-0.355037	-0.449057	-0.609395	-0.781106	-0.912525	-0.97216	-0.917239	-0.75544	-0.496179	-0.155264	0.214861	0.581148	0.916535	1.16863	1.30937	1.34926	1.28965	1.12028	0.863592	0.583054	0.343914	0.177899	0.0812298	0.0329807	0.0119933	0.00393249	0.00116974	0.000317384	7.89382e-05	1.80762e-05	3.82615e-06	7.51282e-07	1.37289e-07	2.3417e-08	3.73817e-09	5.59866e-10	7.88475e-11	1.04635e-11	1.31094e-12	1.55343e-13	1.7439e-14	1.85759e-15	1.88023e-16	1.8109e-17	1.66173e-18	1.45455e-19	1.21591e-20	9.71715e-22	7.43171e-23	5.44463e-24	3.82452e-25	2.57806e-26	1.66906e-27	1.03508e-28	0	
0	-0.0461202	-0.0940997	-0.147872	-0.213626	-0.319371	-0.488792	-0.685024	-0.853218	-0.96076	-0.972916	-0.894068	-0.752177	-0.579204	-0.434382	-0.34351	-0.323952	-0.331494	-0.319607	-0.27964	-0.244476	-0.248692	-0.258803	-0.242491	-0.225096	-0.225229	-0.221849	-0.20655	-0.214129	-0.208618	-0.204217	-0.21511	-0.206432	-0.216253	-0.225385	-0.223065	-0.233899	-0.255133	-0.254804	-0.241245	-0.262702	-0.305774	-0.330436	-0.32654	-0.328243	-0.390223	-0.514722	-0.684781	-0.84093	-0.94801	-0.967781	-0.871402	-0.678073	-0.39301	-0.0400191	0.327728	0.683971	0.99824	1.21946	1.33034	1.3443	1.25875	1.06667	0.799574	0.52432	0.300451	0.151123	0.0671751	0.0265831	0.00943244	0.00302088	0.000878487	0.00023322	5.6796e-05	1.2743e-05	2.64434e-06	5.09306e-07	9.13355e-08	1.52953e-08	2.39818e-09	3.52911e-10	4.88513e-11	6.37397e-12	7.85408e-13	9.15589e-14	1.01145e-14	1.06046e-15	1.05675e-16	1.00225e-17	9.05832e-19	7.81111e-20	6.4337e-21	5.06705e-22	3.81976e-23	2.75879e-24	1.91073e-25	1.27015e-26	8.11026e-28	4.96178e-29	0	
0	0.0127778	0.0274316	0.0229016	-0.0231974	-0.133212	-0.323277	-0.554163	-0.761907	-0.914819	-0.977034	-0.938255	-0.826865	-0.662415	-0.503044	-0.38688	-0.331164	-0.33117	-0.335504	-0.313447	-0.267261	-0.242748	-0.245396	-0.252322	-0.24086	-0.236717	-0.239146	-0.230238	-0.229893	-0.227671	-0.227846	-0.229672	-0.22913	-0.236039	-0.238329	-0.237179	-0.249949	-0.249469	-0.241245	-0.25285	-0.2968	-0.329972	-0.335433	-0.326146	-0.357071	-0.450511	-0.595203	-0.76516	-0.900375	-0.970195	-0.942056	-0.80569	-0.579811	-0.268918	0.0913062	0.452265	0.794101	1.08108	1.26663	1.34525	1.33077	1.21663	1.00159	0.727025	0.461207	0.255791	0.124666	0.0537676	0.0206731	0.00713622	0.00222601	0.000631152	0.000163522	3.88962e-05	8.53037e-06	1.73148e-06	3.26402e-07	5.73237e-08	9.40586e-09	1.44569e-09	2.08643e-10	2.83361e-11	3.62881e-12	4.3903e-13	5.0268e-14	5.45585e-15	5.62171e-16	5.50717e-17	5.136e-18	4.56565e-19	3.87326e-20	3.13931e-21	2.4335e-22	1.80595e-23	1.28431e-24	8.76022e-26	5.73605e-27	3.60839e-28	2.17546e-29	0	
