0	0	0	0	0	0	0	0	0	0	0	0	0	0	0	0	0	0	0	0	0	0	0	0	0	0	0	0	0	0	0	0	0	0	0	0	0	0	0	0	0	0	0	0	0	0	0	0	0	0	0	0	0	0	0	0	0	0	0	0	0	0	0	0	0	0	0	0	0	0	0	0	0	0	0	0	0	0	0	0	0	0	0	0	0	0	0	0	0	0	0	0	0	0	0	0	0	0	0	0	
0	-0.00196184	0.000627775	-0.00272109	-0.000952072	-0.000399672	-9.66402e-05	0.000546242	0.00219058	0.00144576	0.000616562	0.000488055	-0.00055341	-0.00118728	-0.000943023	0.000809338	0.00251387	-0.00182059	-0.00250586	0.000338668	-0.000872385	-0.000328179	-0.000690701	-0.000118817	-0.00223723	0.00041409	-0.000352973	-0.00166696	-0.000330883	0.000497708	-0.00232334	-0.000633105	0.000947921	-0.00201454	-0.00124184	-0.000405048	-0.000146677	-0.00272595	-0.00237947	-0.00243411	-0.00393989	-0.0100551	-0.0142667	-0.0171012	-0.0286734	-0.0412596	-0.0486302	-0.051551	-0.0520356	-0.0439434	-0.0196695	0.0130819	0.0481941	0.0769718	0.0878023	0.0938139	0.0886895	0.0770251	0.0545965	0.0260764	0.00398652	-0.0185485	-0.0372267	-0.0454388	-0.0449804	-0.0411859	-0.0314332	-0.0168909	0.00427979	0.0208959	0.0164774	-0.00157903	-0.0228124	-0.0353222	-0.0428441	-0.0503692	-0.0446101	-0.0284039	-0.0096076	0.0126086	0.0384168	0.0647722	0.0836217	0.0926764	0.0924399	0.0840251	0.0671825	0.0350123	-0.00318101	-0.0306026	-0.0480267	-0.0545116	-0.0501499	-0.0451582	-0.036987	-0.0229338	-0.0141696	-0.0105162	-0.00499777	0	
0	0.000627775	0.00273326	0.000715741	0.00352287	-1.31343e-05	-0.000133331	-0.00100253	-0.0029446	-0.0029722	-0.00161009	0.0011537	-0.00222194	0.00378501	0.00179506	-0.00477038	0.000323749	-0.000642029	0.00348256	0.00125695	7.12179e-05	-0.000863745	0.00150564	0.00122143	-0.00107232	0.00241904	0.000777663	-0.00193559	0.00124759	0.00304541	-0.00286902	0.000775075	0.00262009	-0.000917535	-0.00153531	0.00252606	-0.000180951	-0.00135512	-0.00436718	-0.00128397	-0.00750506	-0.0173404	-0.0268291	-0.0338356	-0.055729	-0.0826939	-0.0963216	-0.104075	-0.106167	-0.0879302	-0.0434931	0.0245109	0.0925742	0.14982	0.176332	0.185589	0.180026	0.156435	0.110155	0.0573694	0.00961157	-0.0373881	-0.0733094	-0.0943818	-0.0940622	-0.0818789	-0.0636008	-0.0318998	0.0143301	0.0421943	0.0300567	-0.00477908	-0.0490359	-0.0753591	-0.0836316	-0.0921162	-0.0866679	-0.0614786	-0.0206923	0.0277757	0.0782855	0.129813	0.167332	0.184364	0.183872	0.167652	0.132709	0.068198	-0.00625827	-0.0606183	-0.0959746	-0.108863	-0.100005	-0.0896662	-0.073422	-0.0460787	-0.028441	-0.020752	-0.0100118	0	
0	-0.00272109	0.000715741	-0.00409455	-0.00120089	-0.000832052	-0.000134103	0.000754772	0.0035204	0.00126807	0.00137623	0.000893095	-0.0024015	-0.000589664	-0.00179838	-0.000317166	0.00531173	-0.0032398	-0.00341848	0.00036523	-0.00229423	-0.000550279	0.000111102	0.000351498	-0.0052874	0.00133871	-0.000223919	-0.00308024	-0.00040342	0.00132232	-0.00494709	-0.000678156	0.00224932	-0.00424681	-0.00250585	-0.000220037	-0.0007295	-0.005961	-0.00628512	-0.00626731	-0.0123537	-0.028165	-0.0408839	-0.0522448	-0.0852924	-0.121455	-0.143649	-0.154388	-0.156475	-0.129775	-0.0612193	0.0361821	0.138196	0.222963	0.261685	0.278516	0.267125	0.230329	0.164154	0.084106	0.0157827	-0.0515553	-0.107401	-0.1357	-0.136815	-0.123167	-0.0946617	-0.0492937	0.0140523	0.0572256	0.0447731	-0.00594886	-0.0689864	-0.107687	-0.128529	-0.145862	-0.130234	-0.0842277	-0.0249145	0.0434149	0.117905	0.192845	0.249047	0.277033	0.27569	0.248365	0.19424	0.0995896	-0.00936082	-0.0910245	-0.143494	-0.161804	-0.1493	-0.133496	-0.108854	-0.0693512	-0.0428611	-0.0305492	-0.015049	0	
0	-0.000952072	0.00352287	-0.00120089	0.00270819	-9.9771e-05	-0.000490366	-0.000249896	-0.00212679	-0.000869264	-0.0012095	0.000662567	-0.000682354	0.00184393	0.000231701	-0.00227257	2.00344e-05	-0.00196744	0.00101441	0.00159529	-0.000484277	-0.000611857	-0.00117934	-0.000233432	-0.000979294	0.00227049	-0.000614284	-0.00394038	0.00159683	0.00200776	-0.00433293	-5.7159e-05	0.00263382	-0.00336575	-0.00203346	0.0010259	-0.00100614	-0.00538593	-0.0071097	-0.00733652	-0.0162911	-0.0355931	-0.0519928	-0.0709459	-0.112292	-0.159799	-0.188817	-0.206329	-0.208085	-0.172405	-0.082939	0.0428784	0.177787	0.287965	0.346042	0.369356	0.355633	0.308142	0.219405	0.119015	0.0260716	-0.0648347	-0.138543	-0.181288	-0.184201	-0.164888	-0.126017	-0.0621224	0.0191816	0.0722116	0.0550945	-0.0131049	-0.0934712	-0.145529	-0.171864	-0.185901	-0.166969	-0.111574	-0.0304216	0.0617217	0.159119	0.258733	0.332812	0.36596	0.362739	0.32753	0.252679	0.126664	-0.0135595	-0.120606	-0.189848	-0.213647	-0.198106	-0.175849	-0.142581	-0.0929084	-0.0577021	-0.0397407	-0.019897	0	
0	-0.000399672	-1.31343e-05	-0.000832052	-9.9771e-05	4.06408e-05	-0.000495149	-0.000147868	0.000759759	-0.00224569	0.000149933	0.000227866	-0.00313693	0.00198459	-0.000194887	-0.00133714	0.00215068	-0.000913914	0.000614039	0.000289096	-0.00182049	-0.000651783	0.00245719	0.00130525	-0.00379643	0.000684755	0.000589969	-0.00149264	0.000158434	0.00104308	-0.00397053	0.000770319	0.00124354	-0.00294091	-0.00217189	0.000777459	-0.00217869	-0.00565336	-0.00836337	-0.00994892	-0.0214691	-0.0426251	-0.0634848	-0.0899544	-0.139713	-0.194438	-0.232908	-0.255201	-0.258348	-0.210637	-0.10453	0.0492267	0.212716	0.348101	0.427392	0.456302	0.442923	0.380851	0.275144	0.154987	0.0392555	-0.0721137	-0.165552	-0.220201	-0.229375	-0.205538	-0.156987	-0.0789861	0.0194717	0.0794523	0.0612388	-0.016255	-0.113256	-0.180862	-0.216301	-0.23119	-0.204234	-0.131732	-0.0289226	0.0862079	0.204283	0.319837	0.409974	0.455874	0.452347	0.401818	0.301956	0.149541	-0.0170003	-0.149855	-0.235425	-0.26359	-0.245873	-0.216605	-0.174347	-0.116557	-0.0730568	-0.0483336	-0.0243447	0	
0	-9.66402e-05	-0.000133331	-0.000134103	-0.000490366	-0.000495149	0.000261025	-1.3425e-05	0.000763961	0.00176081	0.00102222	-9.48451e-05	0.000536327	-0.00123459	-0.00307757	-0.000146824	-0.000351865	-0.00197113	-0.00257564	-0.00125163	-0.00103503	-0.000392312	-0.00339606	-0.00244406	-0.00117598	0.00027292	-0.00202849	-0.0033016	-0.000347916	-0.000889156	-0.00326697	-0.0011205	-0.000494258	-0.00387706	-0.00222255	-0.00212858	-0.00354894	-0.00799323	-0.00989496	-0.0156378	-0.0277512	-0.0511337	-0.0760554	-0.111585	-0.167623	-0.228502	-0.275529	-0.304932	-0.304863	-0.248776	-0.123338	0.0523081	0.243819	0.404594	0.504077	0.543744	0.526723	0.45236	0.331369	0.192369	0.0550393	-0.0761497	-0.188891	-0.256818	-0.27008	-0.245485	-0.186037	-0.0911406	0.0137779	0.0802743	0.0639353	-0.0266951	-0.133778	-0.212745	-0.259552	-0.272657	-0.236221	-0.146578	-0.0229376	0.110369	0.248371	0.38554	0.491246	0.54081	0.533162	0.471105	0.347968	0.168539	-0.0236093	-0.179681	-0.27814	-0.310637	-0.29299	-0.255852	-0.203648	-0.139904	-0.0891192	-0.0564911	-0.0280854	0	
0	0.000546242	-0.00100253	0.000754772	-0.000249896	-0.000147868	-1.3425e-05	-0.000801261	-0.00181183	-0.00131244	-0.00228464	-0.00107382	9.55138e-05	0.000388259	0.00144252	0.00217167	-0.0024327	0.0015257	0.0013996	0.000140723	0.000558694	-0.000380766	0.000572656	0.000372228	0.000876539	-0.00199645	3.9271e-05	-0.000264596	-0.000276221	-0.00115106	-0.000821096	-0.000237444	-0.0016328	-0.000845651	-0.0016225	-0.00115657	-0.00393465	-0.00535851	-0.00988299	-0.017137	-0.0313025	-0.0549191	-0.0849828	-0.130555	-0.190595	-0.258093	-0.314702	-0.351345	-0.350215	-0.284412	-0.146255	0.0495019	0.265206	0.449232	0.574126	0.623567	0.607424	0.524136	0.390968	0.237948	0.0793243	-0.0738349	-0.205578	-0.289718	-0.313313	-0.285801	-0.215713	-0.107139	0.00772744	0.0779966	0.0598593	-0.0371735	-0.152978	-0.247983	-0.302827	-0.308096	-0.261844	-0.158582	-0.0143333	0.142309	0.299676	0.448805	0.564696	0.622498	0.614445	0.535616	0.383682	0.180673	-0.0308875	-0.207705	-0.318442	-0.355827	-0.338963	-0.292827	-0.230376	-0.162827	-0.105943	-0.0643514	-0.0308588	0	
0	0.00219058	-0.0029446	0.0035204	-0.00212679	0.000759759	0.000763961	-0.00181183	0.00220805	-0.000832128	0.000203713	0.000873824	-0.00109039	-0.0016845	-0.00133384	-0.00172108	-0.00290739	0.000502668	-0.00146098	-0.00332605	0.000424718	-0.00296397	-0.000586436	-0.0014046	-0.000757017	-0.00339669	-0.000372309	0.000546773	-0.00355855	-0.00164556	-0.000431878	-0.00127852	-0.00427657	0.000266831	-0.00343539	-0.00308636	-0.00654614	-0.00584331	-0.0137543	-0.0222721	-0.039271	-0.0614134	-0.0998173	-0.152019	-0.217127	-0.287708	-0.355562	-0.396228	-0.392979	-0.316547	-0.167649	0.0471123	0.283257	0.491873	0.641	0.700218	0.685988	0.59174	0.451227	0.282845	0.103259	-0.0682433	-0.21888	-0.315785	-0.34867	-0.320068	-0.24051	-0.123338	-0.0052234	0.0641666	0.0458525	-0.050647	-0.171575	-0.278755	-0.339188	-0.341419	-0.285436	-0.163103	0.000982869	0.177016	0.352825	0.513476	0.637235	0.700203	0.688385	0.590988	0.412987	0.189767	-0.0408985	-0.236655	-0.355763	-0.397303	-0.382959	-0.328179	-0.255067	-0.184674	-0.123111	-0.0722266	-0.0327552	0	
0	0.00144576	-0.0029722	0.00126807	-0.000869264	-0.00224569	0.00176081	-0.00131244	-0.000832128	0.00246983	-0.00145132	-0.000248864	0.00113738	-0.00232689	-6.0857e-06	0.000772765	-0.00140217	0.00119351	-0.0017342	-0.00302671	0.00162165	-0.000450218	-0.00286502	-0.00274765	0.00166449	-0.00303564	-0.00119414	-0.000812942	-0.003531	-0.0019832	0.00116975	-0.00400241	-0.00401734	0.000554261	-0.00315414	-0.00510977	-0.00592249	-0.0061894	-0.0145506	-0.0264189	-0.0426636	-0.0665125	-0.1107	-0.171096	-0.237274	-0.314805	-0.390426	-0.438359	-0.429206	-0.348455	-0.189046	0.0386708	0.291777	0.525862	0.69456	0.770275	0.755336	0.659373	0.514781	0.333006	0.136026	-0.0563401	-0.223108	-0.336796	-0.379395	-0.352692	-0.267348	-0.14024	-0.025082	0.0434529	0.0287852	-0.0696488	-0.19196	-0.305768	-0.372897	-0.370051	-0.300685	-0.1611	0.0213927	0.215573	0.407461	0.579808	0.70896	0.770916	0.753067	0.639407	0.436966	0.192806	-0.0551778	-0.264146	-0.38881	-0.435948	-0.425018	-0.361535	-0.277846	-0.205142	-0.140272	-0.0803406	-0.0340129	0	
0	0.000616562	-0.00161009	0.00137623	-0.0012095	0.000149933	0.00102222	-0.00228464	0.000203713	-0.00145132	-0.00367553	0.000275188	-0.000386925	-0.00186297	0.00371078	-0.00100072	-0.00192772	0.00119265	-0.000815073	-1.72101e-05	0.00170973	-0.00370944	0.000240055	0.00167393	0.000375504	-0.00601665	0.00115829	0.00167986	-0.004342	-0.00186434	0.00213193	-0.0044787	-0.00327575	0.00150869	-0.00346749	-0.00553262	-0.00545422	-0.0059844	-0.0164117	-0.0293112	-0.046672	-0.071296	-0.123673	-0.187801	-0.258041	-0.339921	-0.425946	-0.475877	-0.464206	-0.378267	-0.211884	0.0256844	0.295614	0.550321	0.74192	0.830779	0.820778	0.727083	0.580971	0.388116	0.172518	-0.0390095	-0.223188	-0.350003	-0.405542	-0.381042	-0.288968	-0.163384	-0.048567	0.017556	-0.000921733	-0.0912981	-0.21216	-0.333292	-0.399848	-0.390067	-0.307462	-0.153309	0.0424765	0.258519	0.471099	0.646815	0.77155	0.834428	0.813227	0.679608	0.451638	0.190016	-0.0708127	-0.289594	-0.419526	-0.472017	-0.463296	-0.39257	-0.299877	-0.224196	-0.156518	-0.0887095	-0.0353023	0	
0	0.000488055	0.0011537	0.000893095	0.000662567	0.000227866	-9.48451e-05	-0.00107382	0.000873824	-0.000248864	0.000275188	0.00160881	-0.00149287	-0.00263959	-0.00119232	-0.0040619	-0.00269978	-0.000495278	-0.00239134	-0.00305378	-0.000902517	-0.00211322	-0.00174865	-0.00346352	-0.000997772	-0.00258838	0.00014815	-0.00138699	-0.00550743	-0.00013916	0.000660041	-0.00565057	-0.0031803	0.00101569	-0.00524909	-0.00664697	-0.00620487	-0.00834047	-0.0197869	-0.0342983	-0.051655	-0.0803684	-0.137956	-0.205973	-0.278878	-0.367067	-0.459925	-0.510333	-0.495584	-0.405667	-0.233364	0.0121989	0.296809	0.570452	0.78112	0.883936	0.879291	0.793442	0.645961	0.442894	0.210185	-0.0203784	-0.215809	-0.35517	-0.419999	-0.397554	-0.308377	-0.187235	-0.0798398	-0.0228605	-0.0389855	-0.119982	-0.235772	-0.352237	-0.416281	-0.402172	-0.308408	-0.141404	0.0716916	0.306581	0.531084	0.712987	0.837724	0.892488	0.857255	0.707365	0.463355	0.185022	-0.0899994	-0.315053	-0.447527	-0.504027	-0.497001	-0.421928	-0.322021	-0.241538	-0.170914	-0.097354	-0.0375163	0	
0	-0.00055341	-0.00222194	-0.0024015	-0.000682354	-0.00313693	0.000536327	9.55138e-05	-0.00109039	0.00113738	-0.000386925	-0.00149287	-0.000133135	0.000297475	0.00102043	-0.000983686	0.00385642	0.000637386	-0.00189637	-0.000242232	-0.00140093	-0.000131794	-0.00220262	0.00035157	-0.00153576	-0.00336768	-0.0017925	-0.00139254	-0.00401528	-0.00170992	-0.00071564	-0.00677484	-0.00130816	-0.00215727	-0.00457373	-0.007817	-0.004748	-0.0110199	-0.0200411	-0.0366162	-0.0532857	-0.0872668	-0.147497	-0.218097	-0.294372	-0.390095	-0.486141	-0.538203	-0.52086	-0.43107	-0.255672	-0.0048815	0.2887	0.579323	0.803805	0.921721	0.92911	0.856306	0.71385	0.503937	0.255091	0.00938025	-0.198656	-0.351464	-0.425208	-0.41143	-0.330699	-0.216896	-0.119191	-0.0695977	-0.0802817	-0.152448	-0.261685	-0.36686	-0.425353	-0.407624	-0.301195	-0.120565	0.10544	0.356313	0.595779	0.780932	0.895537	0.938573	0.892717	0.729113	0.468067	0.172684	-0.110734	-0.336823	-0.473082	-0.53361	-0.526104	-0.448816	-0.344349	-0.257604	-0.183042	-0.10598	-0.0412704	0	
0	-0.00118728	0.00378501	-0.000589664	0.00184393	0.00198459	-0.00123459	0.000388259	-0.0016845	-0.00232689	-0.00186297	-0.00263959	0.000297475	-0.00192086	-0.000555462	0.000538845	-0.00420999	-0.00406008	-0.00231446	0.00258456	-0.00242948	-0.000294174	-0.00251996	-0.000734028	-0.00161317	-0.00146484	-0.000189396	-0.00147151	-0.00221101	-0.00108825	-0.000852823	-0.00414292	-0.00032714	-0.00271592	-0.00381833	-0.00646949	-0.00509435	-0.0130676	-0.0214587	-0.0391976	-0.0578332	-0.097601	-0.159138	-0.232133	-0.314704	-0.415887	-0.514335	-0.564764	-0.547536	-0.457067	-0.277201	-0.0245961	0.28187	0.581018	0.821135	0.952244	0.97525	0.920286	0.780315	0.564428	0.299716	0.0397099	-0.179393	-0.338429	-0.420067	-0.415421	-0.344406	-0.249307	-0.164277	-0.121393	-0.133391	-0.195557	-0.288682	-0.378419	-0.427652	-0.397282	-0.278052	-0.0944332	0.138935	0.406981	0.660499	0.847031	0.95177	0.978604	0.914008	0.737272	0.466624	0.159199	-0.130323	-0.357742	-0.498458	-0.559689	-0.549316	-0.473179	-0.367422	-0.272918	-0.192542	-0.11413	-0.0469314	0	
0	-0.000943023	0.00179506	-0.00179838	0.000231701	-0.000194887	-0.00307757	0.00144252	-0.00133384	-6.0857e-06	0.00371078	-0.00119232	0.00102043	-0.000555462	-0.00599769	-4.61139e-05	-0.00348918	0.00235541	0.000103175	-0.00193721	-0.00692226	0.000812609	-0.00225925	-0.00279813	-0.00230347	-0.00101289	-0.00405434	-0.00330311	-0.00181284	-0.00280414	-0.00428665	-0.00299972	-0.00281394	-0.00505144	-0.00495656	-0.00674398	-0.00776635	-0.0162158	-0.0230972	-0.0421978	-0.0627685	-0.108115	-0.167143	-0.244288	-0.33234	-0.438127	-0.535194	-0.584444	-0.569435	-0.477163	-0.297103	-0.0411331	0.270011	0.57515	0.823999	0.968463	1.01234	0.975613	0.843107	0.623241	0.347701	0.0765019	-0.148774	-0.312923	-0.400917	-0.407073	-0.359592	-0.285301	-0.217201	-0.187621	-0.193361	-0.243104	-0.317462	-0.380365	-0.413147	-0.375021	-0.255435	-0.0684745	0.183177	0.465998	0.722819	0.907998	1.00229	1.00774	0.922925	0.737439	0.459807	0.142234	-0.149692	-0.377012	-0.521927	-0.582016	-0.56826	-0.495239	-0.390164	-0.287656	-0.200045	-0.121558	-0.0540932	0	
0	0.000809338	-0.00477038	-0.000317166	-0.00227257	-0.00133714	-0.000146824	0.00217167	-0.00172108	0.000772765	-0.00100072	-0.0040619	-0.000983686	0.000538845	-4.61139e-05	0.00422993	-0.00100988	-0.00183036	-0.0012746	-0.00420659	0.00124664	0.000287843	-0.00214161	-0.00373181	-0.000183504	-0.00263059	-0.00420188	-0.00134048	-0.000752102	-0.00556162	-0.00396809	-3.16273e-05	-0.00528578	-0.00507251	-0.00482091	-0.00451156	-0.0115852	-0.0150266	-0.0256481	-0.041116	-0.0701432	-0.114434	-0.173947	-0.254826	-0.349168	-0.458573	-0.550767	-0.602774	-0.589454	-0.495867	-0.317651	-0.0576936	0.252202	0.559144	0.8148	0.971692	1.04321	1.02507	0.902591	0.685042	0.399503	0.122335	-0.108731	-0.278227	-0.371101	-0.396341	-0.375478	-0.32575	-0.277224	-0.253051	-0.254735	-0.29335	-0.344868	-0.38431	-0.396795	-0.34329	-0.217839	-0.0243513	0.232497	0.516432	0.779923	0.966964	1.04665	1.02829	0.922346	0.726397	0.44438	0.124481	-0.165861	-0.394724	-0.543814	-0.601356	-0.584198	-0.51428	-0.41111	-0.302426	-0.206937	-0.127945	-0.0614649	0	
0	0.00251387	0.000323749	0.00531173	2.00344e-05	0.00215068	-0.000351865	-0.0024327	-0.00290739	-0.00140217	-0.00192772	-0.00269978	0.00385642	-0.00420999	-0.00348918	-0.00100988	-0.00398179	-0.00384434	0.000705245	-0.000823133	-0.000476605	-0.00205841	-0.00248373	-0.00260644	0.000498762	-0.000870554	-0.00353857	-0.000973997	5.897e-05	-0.00590692	-0.000389803	-0.000286396	-0.00532646	-0.0050929	-0.00122291	-0.0064146	-0.0116697	-0.0163861	-0.0252427	-0.0439608	-0.0774217	-0.121212	-0.182107	-0.266851	-0.370015	-0.476922	-0.567092	-0.622106	-0.60826	-0.515979	-0.333712	-0.0742684	0.233085	0.540661	0.795798	0.973323	1.06778	1.06705	0.958742	0.738371	0.450925	0.169744	-0.0680065	-0.232609	-0.330123	-0.376073	-0.379966	-0.362421	-0.340235	-0.324904	-0.327613	-0.354038	-0.375034	-0.379295	-0.363905	-0.296708	-0.169778	0.02137	0.278868	0.570383	0.838445	1.01757	1.08131	1.04009	0.910988	0.705104	0.423878	0.107409	-0.180519	-0.411534	-0.562696	-0.617681	-0.598526	-0.530287	-0.429143	-0.31735	-0.21451	-0.133256	-0.0675688	0	
0	-0.00182059	-0.000642029	-0.0032398	-0.00196744	-0.000913914	-0.00197113	0.0015257	0.000502668	0.00119351	0.00119265	-0.000495278	0.000637386	-0.00406008	0.00235541	-0.00183036	-0.00384434	0.00143046	0.00110799	-0.00502596	-0.00441859	-0.0022011	-0.00298491	-0.00259347	-0.00186946	-0.00441567	-0.0066835	-0.00105237	-0.00231273	-0.00898777	-0.00147744	-0.00335149	-0.00771886	-0.00659365	-0.00250883	-0.0105202	-0.013656	-0.0188086	-0.0270502	-0.0489635	-0.084367	-0.126804	-0.188692	-0.278983	-0.386416	-0.488936	-0.578093	-0.635186	-0.621924	-0.528026	-0.344539	-0.0882366	0.212279	0.51187	0.766917	0.961894	1.07659	1.09595	1.0007	0.788431	0.508327	0.224907	-0.00935041	-0.171846	-0.281134	-0.347999	-0.387666	-0.40747	-0.405851	-0.401132	-0.402508	-0.406594	-0.398717	-0.374223	-0.326426	-0.240663	-0.115852	0.0725229	0.335724	0.629006	0.888009	1.05503	1.10445	1.04276	0.89429	0.677573	0.396363	0.0886467	-0.193278	-0.425401	-0.577362	-0.632007	-0.612832	-0.543512	-0.443217	-0.331892	-0.223848	-0.137922	-0.0711603	0	
0	-0.00250586	0.00348256	-0.00341848	0.00101441	0.000614039	-0.00257564	0.0013996	-0.00146098	-0.0017342	-0.000815073	-0.00239134	-0.00189637	-0.00231446	0.000103175	-0.0012746	0.000705245	0.00110799	-0.00699764	-0.00186169	0.000379308	0.00063579	-0.00208511	-0.00218861	-0.00253173	-0.00285773	-0.00214259	0.000581787	-0.00429722	-0.00634652	0.00111498	-0.00303377	-0.00748102	-0.00361246	-0.00236877	-0.0103069	-0.0126799	-0.0181732	-0.0268913	-0.0528395	-0.0873536	-0.13097	-0.194491	-0.29248	-0.4004	-0.499618	-0.591088	-0.64934	-0.637077	-0.539916	-0.355415	-0.105206	0.188577	0.476173	0.73512	0.946293	1.07807	1.11732	1.03429	0.836402	0.56576	0.283698	0.054793	-0.10764	-0.227056	-0.316784	-0.39024	-0.444514	-0.468642	-0.477714	-0.476674	-0.459562	-0.423483	-0.363911	-0.282102	-0.183088	-0.0522699	0.142415	0.398144	0.677638	0.927231	1.08278	1.11666	1.03933	0.872204	0.639989	0.363527	0.0721224	-0.204282	-0.437275	-0.587825	-0.644612	-0.627342	-0.554312	-0.45339	-0.345485	-0.235146	-0.14242	-0.0718277	0	
0	0.000338668	0.00125695	0.00036523	0.00159529	0.000289096	-0.00125163	0.000140723	-0.00332605	-0.00302671	-1.72101e-05	-0.00305378	-0.000242232	0.00258456	-0.00193721	-0.00420659	-0.000823133	-0.00502596	-0.00186169	0.00303238	-0.00169699	-0.00439716	-0.0030933	-0.00330425	-0.00139045	-0.00122157	-0.00323785	-0.0039307	-0.00445195	-0.00279683	-0.000777297	-0.00656065	-0.00614191	-0.00272325	-0.00489464	-0.0113297	-0.0130966	-0.0182986	-0.0304974	-0.0562206	-0.0918632	-0.133992	-0.204261	-0.304929	-0.411532	-0.50923	-0.60271	-0.662379	-0.647694	-0.54637	-0.364219	-0.117833	0.161141	0.439903	0.701205	0.921706	1.06987	1.12064	1.05515	0.87858	0.620275	0.349682	0.128382	-0.0376178	-0.167091	-0.281531	-0.390142	-0.474691	-0.526298	-0.554217	-0.54748	-0.509677	-0.447675	-0.349495	-0.233485	-0.115356	0.0262769	0.212988	0.453132	0.726964	0.964956	1.0986	1.1149	1.02373	0.84091	0.60155	0.333912	0.0529425	-0.218631	-0.444621	-0.592514	-0.656349	-0.641792	-0.563343	-0.461055	-0.357381	-0.247062	-0.147229	-0.0707495	0	
0	-0.000872385	7.12179e-05	-0.00229423	-0.000484277	-0.00182049	-0.00103503	0.000558694	0.000424718	0.00162165	0.00170973	-0.000902517	-0.00140093	-0.00242948	-0.00692226	0.00124664	-0.000476605	-0.00441859	0.000379308	-0.00169699	-0.00879155	-0.00296312	-0.000951067	-0.00118731	-0.00499566	-0.00357959	-0.00580598	-0.00249512	-0.00369358	-0.00308332	-0.00668716	-0.00558596	-0.00443063	-0.00472444	-0.00896167	-0.0113276	-0.0133221	-0.0211962	-0.0342324	-0.0611967	-0.0936963	-0.140763	-0.214265	-0.316961	-0.419464	-0.518737	-0.614909	-0.672292	-0.654478	-0.549082	-0.369208	-0.130641	0.134244	0.404728	0.665323	0.892923	1.04623	1.10856	1.06325	0.909655	0.674536	0.420531	0.207966	0.0409022	-0.103213	-0.244995	-0.382299	-0.499689	-0.584316	-0.62575	-0.61275	-0.553664	-0.456123	-0.324662	-0.188822	-0.0507668	0.105327	0.287242	0.518832	0.780414	0.99051	1.09497	1.09532	0.998715	0.811441	0.566354	0.299464	0.0278149	-0.229757	-0.445416	-0.596071	-0.667699	-0.653312	-0.571595	-0.4688	-0.366754	-0.257251	-0.152768	-0.0702467	0	
0	-0.000328179	-0.000863745	-0.000550279	-0.000611857	-0.000651783	-0.000392312	-0.000380766	-0.00296397	-0.000450218	-0.00370944	-0.00211322	-0.000131794	-0.000294174	0.000812609	0.000287843	-0.00205841	-0.0022011	0.00063579	-0.00439716	-0.00296312	0.00312812	-0.00173853	-0.00566392	-0.00539711	0.000357678	-0.00268319	-0.0052325	-0.00309648	-0.00432487	-0.00590861	-0.00376163	-0.0032768	-0.00825678	-0.00788688	-0.00920689	-0.0128569	-0.0227141	-0.0358946	-0.0609593	-0.0937768	-0.145353	-0.222378	-0.322728	-0.42327	-0.528421	-0.624063	-0.681116	-0.656797	-0.552778	-0.374874	-0.147412	0.104618	0.369042	0.627774	0.85593	1.01106	1.0847	1.06149	0.938041	0.728232	0.496646	0.291531	0.116558	-0.0443999	-0.211951	-0.371228	-0.51517	-0.626376	-0.680908	-0.666658	-0.586566	-0.460629	-0.306845	-0.144932	0.0211394	0.188361	0.367632	0.589149	0.822492	0.997699	1.08099	1.07049	0.966132	0.773267	0.527886	0.268029	0.00653887	-0.239507	-0.447341	-0.599594	-0.674379	-0.66069	-0.581379	-0.478243	-0.37297	-0.263926	-0.159062	-0.0723444	0	
0	-0.000690701	0.00150564	0.000111102	-0.00117934	0.00245719	-0.00339606	0.000572656	-0.000586436	-0.00286502	0.000240055	-0.00174865	-0.00220262	-0.00251996	-0.00225925	-0.00214161	-0.00248373	-0.00298491	-0.00208511	-0.0030933	-0.000951067	-0.00173853	-0.00491208	-0.00512505	-8.31563e-05	-4.67247e-05	-0.0065248	-0.00645577	0.00118842	-0.00495172	-0.0067918	-0.0023336	-0.00430965	-0.00915147	-0.00690302	-0.00820398	-0.0153222	-0.0244737	-0.0385293	-0.0613445	-0.0973043	-0.153864	-0.231484	-0.328063	-0.430993	-0.540902	-0.635667	-0.686829	-0.659432	-0.554222	-0.380175	-0.162836	0.0817787	0.339421	0.595045	0.813936	0.966129	1.04791	1.04692	0.952717	0.775393	0.56932	0.372689	0.194292	0.0122267	-0.172778	-0.350064	-0.522185	-0.654804	-0.726579	-0.710176	-0.605276	-0.455377	-0.280485	-0.0979636	0.0859825	0.267582	0.450308	0.654307	0.855382	1.00189	1.06146	1.02906	0.915618	0.730994	0.498784	0.243236	-0.0171381	-0.252014	-0.448474	-0.600527	-0.677214	-0.66563	-0.592172	-0.489014	-0.377073	-0.266798	-0.165318	-0.0777107	0	
0	-0.000118817	0.00122143	0.000351498	-0.000233432	0.00130525	-0.00244406	0.000372228	-0.0014046	-0.00274765	0.00167393	-0.00346352	0.00035157	-0.000734028	-0.00279813	-0.00373181	-0.00260644	-0.00259347	-0.00218861	-0.00330425	-0.00118731	-0.00566392	-0.00512505	-0.00212411	-0.000899983	-0.00589604	-0.00842026	-0.00194062	-4.10043e-05	-0.0101575	-0.00705451	-0.00102962	-0.00705735	-0.0109577	-0.0065776	-0.00973413	-0.0178481	-0.0267218	-0.040467	-0.0614261	-0.103085	-0.160771	-0.238051	-0.329356	-0.440453	-0.551178	-0.643425	-0.688352	-0.659276	-0.555062	-0.386221	-0.176497	0.0613679	0.314868	0.559143	0.764283	0.911852	0.999989	1.02314	0.959151	0.817669	0.638813	0.45177	0.26419	0.0652954	-0.133343	-0.327618	-0.513689	-0.665942	-0.752565	-0.729971	-0.611672	-0.443192	-0.249901	-0.0523824	0.147953	0.341831	0.527725	0.715069	0.882186	0.997209	1.02904	0.974047	0.859043	0.691172	0.471444	0.216814	-0.0382703	-0.259721	-0.450349	-0.603414	-0.677511	-0.667158	-0.602151	-0.500753	-0.38094	-0.26686	-0.170424	-0.0851942	0	
0	-0.00223723	-0.00107232	-0.0052874	-0.000979294	-0.00379643	-0.00117598	0.000876539	-0.000757017	0.00166449	0.000375504	-0.000997772	-0.00153576	-0.00161317	-0.00230347	-0.000183504	0.000498762	-0.00186946	-0.00253173	-0.00139045	-0.00499566	-0.00539711	-8.31563e-05	-0.000899983	-0.0087743	-0.00529696	-0.00350163	-0.00129693	-0.00788027	-0.00955057	-0.00346447	-0.00223103	-0.0116888	-0.00986315	-0.00595548	-0.0113307	-0.0196694	-0.0280568	-0.0393689	-0.0628175	-0.107101	-0.166657	-0.237444	-0.331988	-0.448339	-0.559294	-0.646244	-0.686457	-0.65936	-0.555502	-0.39378	-0.187658	0.0459024	0.292845	0.519717	0.709655	0.848919	0.946085	0.989142	0.95535	0.852826	0.698743	0.523642	0.328298	0.11633	-0.0929902	-0.29864	-0.495346	-0.661923	-0.753145	-0.727273	-0.598941	-0.415375	-0.214522	-0.0099126	0.200574	0.407156	0.597503	0.765172	0.902675	0.985396	0.982132	0.912214	0.805157	0.64704	0.436053	0.195628	-0.0466608	-0.266598	-0.459507	-0.606287	-0.673598	-0.667596	-0.610922	-0.510997	-0.385659	-0.267069	-0.173708	-0.0915506	0	
0	0.00041409	0.00241904	0.00133871	0.00227049	0.000684755	0.00027292	-0.00199645	-0.00339669	-0.00303564	-0.00601665	-0.00258838	-0.00336768	-0.00146484	-0.00101289	-0.00263059	-0.000870554	-0.00441567	-0.00285773	-0.00122157	-0.00357959	0.000357678	-4.67247e-05	-0.00589604	-0.00529696	0.00218886	-0.0028069	-0.00557618	-0.00507116	-0.00224019	-0.0017449	-0.00591248	-0.00881063	-0.00479635	-0.00455886	-0.0123959	-0.0185706	-0.0261793	-0.0373274	-0.0649243	-0.111887	-0.168623	-0.237469	-0.338562	-0.459411	-0.567754	-0.649091	-0.689814	-0.662945	-0.562797	-0.402653	-0.197642	0.0356762	0.272267	0.480682	0.65496	0.788534	0.89265	0.950085	0.946191	0.873075	0.743791	0.577261	0.376928	0.162303	-0.0541475	-0.260708	-0.460343	-0.630729	-0.721267	-0.699521	-0.568465	-0.381981	-0.179105	0.0340985	0.250743	0.46333	0.651793	0.802142	0.911418	0.957469	0.931048	0.858042	0.746656	0.590419	0.402232	0.186372	-0.0512384	-0.278282	-0.468523	-0.60486	-0.671489	-0.670885	-0.615115	-0.516471	-0.392819	-0.270781	-0.174683	-0.0932293	0	
0	-0.000352973	0.000777663	-0.000223919	-0.000614284	0.000589969	-0.00202849	3.9271e-05	-0.000372309	-0.00119414	0.00115829	0.00014815	-0.0017925	-0.000189396	-0.00405434	-0.00420188	-0.00353857	-0.0066835	-0.00214259	-0.00323785	-0.00580598	-0.00268319	-0.0065248	-0.00842026	-0.00350163	-0.0028069	-0.00824208	-0.00812069	-0.00427616	-0.00558358	-0.00838794	-0.00974445	-0.00765231	-0.00745654	-0.0110238	-0.0166439	-0.0207443	-0.0280742	-0.0415915	-0.0724973	-0.117434	-0.170291	-0.24043	-0.349005	-0.467659	-0.57102	-0.648284	-0.690322	-0.664438	-0.565451	-0.405247	-0.1977	0.032177	0.252789	0.440913	0.599247	0.727574	0.83308	0.902201	0.921457	0.875126	0.768134	0.612886	0.42027	0.207993	-0.0068787	-0.212936	-0.412703	-0.576863	-0.666913	-0.645532	-0.517023	-0.337609	-0.132	0.0810872	0.293981	0.505028	0.682713	0.818647	0.906258	0.923825	0.882205	0.800619	0.683126	0.538504	0.372577	0.173572	-0.0572863	-0.283876	-0.471294	-0.605852	-0.676172	-0.67413	-0.612902	-0.518284	-0.40235	-0.277994	-0.173891	-0.0897434	0	
0	-0.00166696	-0.00193559	-0.00308024	-0.00394038	-0.00149264	-0.0033016	-0.000264596	0.000546773	-0.000812942	0.00167986	-0.00138699	-0.00139254	-0.00147151	-0.00330311	-0.00134048	-0.000973997	-0.00105237	0.000581787	-0.0039307	-0.00249512	-0.0052325	-0.00645577	-0.00194062	-0.00129693	-0.00557618	-0.00812069	-0.00630571	-0.00320289	-0.00571905	-0.0100694	-0.00712537	-0.0054243	-0.00894557	-0.012904	-0.014204	-0.0184866	-0.0264205	-0.0440142	-0.0736174	-0.115662	-0.165599	-0.2443	-0.354313	-0.469998	-0.568125	-0.647829	-0.692399	-0.668467	-0.570585	-0.407387	-0.198223	0.0241737	0.226596	0.397759	0.545209	0.670913	0.775321	0.853937	0.889688	0.861695	0.772176	0.629675	0.451073	0.249317	0.0404749	-0.160138	-0.349737	-0.500884	-0.58136	-0.56019	-0.443974	-0.274681	-0.0776973	0.125274	0.33076	0.526697	0.689862	0.815815	0.884149	0.885556	0.833932	0.740576	0.624822	0.493336	0.339392	0.156612	-0.0599912	-0.283213	-0.472058	-0.610672	-0.683529	-0.675675	-0.608997	-0.51871	-0.410311	-0.286056	-0.173568	-0.0840283	0	
0	-0.000330883	0.00124759	-0.00040342	0.00159683	0.000158434	-0.000347916	-0.000276221	-0.00355855	-0.003531	-0.004342	-0.00550743	-0.00401528	-0.00221101	-0.00181284	-0.000752102	5.897e-05	-0.00231273	-0.00429722	-0.00445195	-0.00369358	-0.00309648	0.00118842	-4.10043e-05	-0.00788027	-0.00507116	-0.00427616	-0.00320289	-0.0014097	-0.00679125	-0.0100947	-0.00275063	-0.00386502	-0.0112168	-0.0117824	-0.0109966	-0.0166508	-0.0281251	-0.046463	-0.0738159	-0.111817	-0.167165	-0.251695	-0.360227	-0.46996	-0.568644	-0.652466	-0.699105	-0.676255	-0.575596	-0.407903	-0.197856	0.0126787	0.200293	0.359095	0.502628	0.623064	0.724699	0.806187	0.846062	0.827647	0.746728	0.621773	0.465622	0.282936	0.0903895	-0.0964943	-0.266223	-0.396896	-0.464351	-0.445712	-0.347954	-0.199783	-0.0211836	0.168911	0.358959	0.532977	0.678388	0.788868	0.845677	0.839226	0.776157	0.684059	0.582796	0.455458	0.303698	0.135166	-0.0655482	-0.278757	-0.468355	-0.616768	-0.691742	-0.676932	-0.607513	-0.518845	-0.413213	-0.291733	-0.175546	-0.080577	0	
0	0.000497708	0.00304541	0.00132232	0.00200776	0.00104308	-0.000889156	-0.00115106	-0.00164556	-0.0019832	-0.00186434	-0.00013916	-0.00170992	-0.00108825	-0.00280414	-0.00556162	-0.00590692	-0.00898777	-0.00634652	-0.00279683	-0.00308332	-0.00432487	-0.00495172	-0.0101575	-0.00955057	-0.00224019	-0.00558358	-0.00571905	-0.00679125	-0.012278	-0.00896458	-0.00136628	-0.0105489	-0.0163925	-0.0115971	-0.0114744	-0.0216386	-0.0341759	-0.0509481	-0.0737559	-0.113505	-0.175195	-0.261264	-0.362532	-0.469548	-0.571443	-0.658634	-0.705045	-0.68027	-0.574224	-0.40169	-0.196445	0.00130368	0.176073	0.329791	0.468245	0.581398	0.676069	0.750337	0.786313	0.76529	0.693155	0.59255	0.467725	0.316618	0.149097	-0.0145157	-0.16119	-0.270444	-0.326175	-0.315193	-0.234241	-0.108679	0.0461361	0.218058	0.383513	0.526639	0.642383	0.730193	0.781967	0.780693	0.725827	0.645289	0.546727	0.416495	0.269968	0.112135	-0.0726134	-0.271763	-0.46592	-0.624059	-0.695258	-0.677316	-0.612073	-0.520827	-0.409752	-0.291547	-0.179984	-0.0836391	0	
0	-0.00232334	-0.00286902	-0.00494709	-0.00433293	-0.00397053	-0.00326697	-0.000821096	-0.000431878	0.00116975	0.00213193	0.000660041	-0.00071564	-0.000852823	-0.00428665	-0.00396809	-0.000389803	-0.00147744	0.00111498	-0.000777297	-0.00668716	-0.00590861	-0.0067918	-0.00705451	-0.00346447	-0.0017449	-0.00838794	-0.0100694	-0.0100947	-0.00896458	-0.00351566	-0.00732573	-0.0169146	-0.0139547	-0.00707961	-0.0141324	-0.0248489	-0.0354631	-0.0470714	-0.0697625	-0.113406	-0.179778	-0.259361	-0.355404	-0.463928	-0.57192	-0.660611	-0.707101	-0.679614	-0.56989	-0.398606	-0.204362	-0.020041	0.149327	0.301313	0.437354	0.543166	0.629538	0.693225	0.715826	0.687555	0.623654	0.548949	0.459557	0.344379	0.20902	0.0753899	-0.0415817	-0.127636	-0.171824	-0.159977	-0.0945164	0.00330341	0.130391	0.26821	0.393075	0.497465	0.578424	0.650106	0.70811	0.719772	0.678268	0.605361	0.509452	0.387508	0.247764	0.0923396	-0.0835355	-0.275352	-0.46901	-0.621914	-0.690391	-0.682546	-0.623315	-0.52265	-0.40153	-0.286153	-0.185339	-0.0927567	0	
0	-0.000633105	0.000775075	-0.000678156	-5.7159e-05	0.000770319	-0.0011205	-0.000237444	-0.00127852	-0.00400241	-0.0044787	-0.00565057	-0.00677484	-0.00414292	-0.00299972	-3.16273e-05	-0.000286396	-0.00335149	-0.00303377	-0.00656065	-0.00558596	-0.00376163	-0.0023336	-0.00102962	-0.00223103	-0.00591248	-0.00974445	-0.00712537	-0.00275063	-0.00136628	-0.00732573	-0.0126431	-0.0112335	-0.00424281	-0.00789129	-0.0171211	-0.024965	-0.0311313	-0.0435077	-0.0688671	-0.119316	-0.182938	-0.256418	-0.352013	-0.467609	-0.579585	-0.668348	-0.712873	-0.681749	-0.569407	-0.404186	-0.220944	-0.0416025	0.129639	0.285991	0.418077	0.517276	0.590865	0.634178	0.634881	0.591816	0.534351	0.48497	0.43311	0.360802	0.270019	0.179859	0.0978402	0.0366802	0.00478232	0.0135717	0.0635518	0.133514	0.218109	0.308118	0.3912	0.4571	0.505605	0.560088	0.617021	0.643867	0.623605	0.565039	0.483138	0.374284	0.234971	0.0733912	-0.105173	-0.291189	-0.467321	-0.609159	-0.689	-0.693749	-0.630371	-0.52156	-0.396683	-0.281028	-0.187357	-0.100529	0	
0	0.000947921	0.00262009	0.00224932	0.00263382	0.00124354	-0.000494258	-0.0016328	-0.00427657	-0.00401734	-0.00327575	-0.0031803	-0.00130816	-0.00032714	-0.00281394	-0.00528578	-0.00532646	-0.00771886	-0.00748102	-0.00614191	-0.00443063	-0.0032768	-0.00430965	-0.00705735	-0.0116888	-0.00881063	-0.00765231	-0.0054243	-0.00386502	-0.0105489	-0.0169146	-0.0112335	-0.00509191	-0.0100702	-0.0174107	-0.0215048	-0.0242505	-0.031998	-0.0452974	-0.0761665	-0.126136	-0.182867	-0.251799	-0.352527	-0.473359	-0.584753	-0.670851	-0.712274	-0.677459	-0.568462	-0.41318	-0.238377	-0.0581208	0.120235	0.276817	0.405348	0.493742	0.548773	0.566318	0.53847	0.482232	0.431474	0.407032	0.395509	0.373857	0.338819	0.300427	0.257471	0.215927	0.189333	0.195087	0.229285	0.270363	0.31473	0.356062	0.388093	0.406985	0.42035	0.454665	0.509794	0.555643	0.564304	0.533096	0.469964	0.365497	0.222099	0.0546679	-0.128112	-0.305	-0.464274	-0.60569	-0.695096	-0.696287	-0.62616	-0.52264	-0.401387	-0.279415	-0.182741	-0.0993041	0	
0	-0.00201454	-0.000917535	-0.00424681	-0.00336575	-0.00294091	-0.00387706	-0.000845651	0.000266831	0.000554261	0.00150869	0.00101569	-0.00215727	-0.00271592	-0.00505144	-0.00507251	-0.0050929	-0.00659365	-0.00361246	-0.00272325	-0.00472444	-0.00825678	-0.00915147	-0.0109577	-0.00986315	-0.00479635	-0.00745654	-0.00894557	-0.0112168	-0.0163925	-0.0139547	-0.00424281	-0.0100702	-0.0193394	-0.0201505	-0.0181411	-0.0241219	-0.0321928	-0.0492821	-0.0813546	-0.12646	-0.175662	-0.24752	-0.355332	-0.476863	-0.584905	-0.668214	-0.706938	-0.67383	-0.573389	-0.429842	-0.257233	-0.0698809	0.11311	0.270219	0.391412	0.467321	0.500552	0.488003	0.436649	0.370671	0.327404	0.327618	0.355143	0.385918	0.411641	0.426958	0.419071	0.397008	0.37729	0.381103	0.408252	0.42615	0.423376	0.403732	0.374908	0.344891	0.325254	0.341323	0.398639	0.466789	0.506	0.501585	0.452206	0.35188	0.212993	0.0470847	-0.139502	-0.318789	-0.478726	-0.616652	-0.693493	-0.685193	-0.620792	-0.528017	-0.409417	-0.281148	-0.174604	-0.0886848	0	
0	-0.00124184	-0.00153531	-0.00250585	-0.00203346	-0.00217189	-0.00222255	-0.0016225	-0.00343539	-0.00315414	-0.00346749	-0.00524909	-0.00457373	-0.00381833	-0.00495656	-0.00482091	-0.00122291	-0.00250883	-0.00236877	-0.00489464	-0.00896167	-0.00788688	-0.00690302	-0.0065776	-0.00595548	-0.00455886	-0.0110238	-0.012904	-0.0117824	-0.0115971	-0.00707961	-0.00789129	-0.0174107	-0.0201505	-0.0141399	-0.0168623	-0.0232865	-0.0336236	-0.0523058	-0.0826114	-0.118912	-0.168181	-0.248141	-0.35939	-0.477517	-0.581792	-0.663928	-0.704145	-0.678023	-0.59121	-0.453632	-0.276263	-0.0802828	0.10816	0.262919	0.379225	0.44038	0.449256	0.411047	0.339534	0.265986	0.227262	0.244178	0.306262	0.390998	0.478581	0.550635	0.585555	0.585538	0.574064	0.579038	0.592419	0.579046	0.529745	0.448937	0.356596	0.277578	0.23002	0.237238	0.297528	0.376312	0.436244	0.457295	0.427965	0.342541	0.213913	0.0485897	-0.147169	-0.340158	-0.504905	-0.627203	-0.684787	-0.67615	-0.61995	-0.528804	-0.412313	-0.285387	-0.168965	-0.0762289	0	
0	-0.000405048	0.00252606	-0.000220037	0.0010259	0.000777459	-0.00212858	-0.00115657	-0.00308636	-0.00510977	-0.00553262	-0.00664697	-0.007817	-0.00646949	-0.00674398	-0.00451156	-0.0064146	-0.0105202	-0.0103069	-0.0113297	-0.0113276	-0.00920689	-0.00820398	-0.00973413	-0.0113307	-0.0123959	-0.0166439	-0.014204	-0.0109966	-0.0114744	-0.0141324	-0.0171211	-0.0215048	-0.0181411	-0.0168623	-0.0207352	-0.028539	-0.0406978	-0.0600115	-0.0818343	-0.115443	-0.172382	-0.257935	-0.366112	-0.477518	-0.57951	-0.661539	-0.705924	-0.691278	-0.612423	-0.473015	-0.285429	-0.0812609	0.107247	0.260047	0.365134	0.40623	0.389933	0.328096	0.243988	0.165546	0.129618	0.163869	0.262011	0.399289	0.548248	0.675084	0.748099	0.772525	0.771191	0.771568	0.769752	0.727463	0.63046	0.490115	0.341741	0.220649	0.147337	0.142265	0.199633	0.284095	0.359505	0.404854	0.402578	0.336267	0.213513	0.0464419	-0.154895	-0.357143	-0.525027	-0.638124	-0.686402	-0.675402	-0.616111	-0.522014	-0.409259	-0.286747	-0.168592	-0.0735931	0	
0	-0.000146677	-0.000180951	-0.0007295	-0.00100614	-0.00217869	-0.00354894	-0.00393465	-0.00654614	-0.00592249	-0.00545422	-0.00620487	-0.004748	-0.00509435	-0.00776635	-0.0115852	-0.0116697	-0.013656	-0.0126799	-0.0130966	-0.0133221	-0.0128569	-0.0153222	-0.0178481	-0.0196694	-0.0185706	-0.0207443	-0.0184866	-0.0166508	-0.0216386	-0.0248489	-0.024965	-0.0242505	-0.0241219	-0.0232865	-0.028539	-0.0375366	-0.0511658	-0.0615334	-0.0782668	-0.117986	-0.181821	-0.264645	-0.363968	-0.471612	-0.572555	-0.657705	-0.71238	-0.708112	-0.633022	-0.485664	-0.290711	-0.0854005	0.101875	0.247141	0.338694	0.358551	0.321603	0.249235	0.160179	0.07999	0.0487713	0.0982778	0.228483	0.413077	0.612328	0.786065	0.899845	0.950867	0.961165	0.958556	0.935264	0.859059	0.722256	0.536573	0.339782	0.174529	0.0729494	0.0578693	0.113716	0.20052	0.285394	0.348783	0.368241	0.319054	0.205	0.0411075	-0.159181	-0.363028	-0.536512	-0.655311	-0.700978	-0.678155	-0.609114	-0.513015	-0.399646	-0.279862	-0.173721	-0.0854883	0	
0	-0.00272595	-0.00135512	-0.005961	-0.00538593	-0.00565336	-0.00799323	-0.00535851	-0.00584331	-0.0061894	-0.0059844	-0.00834047	-0.0110199	-0.0130676	-0.0162158	-0.0150266	-0.0163861	-0.0188086	-0.0181732	-0.0182986	-0.0211962	-0.0227141	-0.0244737	-0.0267218	-0.0280568	-0.0261793	-0.0280742	-0.0264205	-0.0281251	-0.0341759	-0.0354631	-0.0311313	-0.031998	-0.0321928	-0.0336236	-0.0406978	-0.0511658	-0.0562582	-0.0604355	-0.0830293	-0.131531	-0.19386	-0.266502	-0.361399	-0.467277	-0.570011	-0.662721	-0.72816	-0.730274	-0.649106	-0.494238	-0.296846	-0.092815	0.0886457	0.22512	0.2983	0.298607	0.251814	0.177005	0.089951	0.0124896	-0.0128193	0.0545725	0.214367	0.432933	0.669987	0.88111	1.02854	1.11034	1.13783	1.13092	1.0871	0.979856	0.804883	0.578144	0.342129	0.144579	0.0201781	-0.00801968	0.0451027	0.133778	0.218383	0.285618	0.319497	0.288666	0.187831	0.0315607	-0.161946	-0.362085	-0.542292	-0.672858	-0.719959	-0.685979	-0.604846	-0.501361	-0.384614	-0.271059	-0.180729	-0.0990465	0	
0	-0.00237947	-0.00436718	-0.00628512	-0.0071097	-0.00836337	-0.00989496	-0.00988299	-0.0137543	-0.0145506	-0.0164117	-0.0197869	-0.0200411	-0.0214587	-0.0230972	-0.0256481	-0.0252427	-0.0270502	-0.0268913	-0.0304974	-0.0342324	-0.0358946	-0.0385293	-0.040467	-0.0393689	-0.0373274	-0.0415915	-0.0440142	-0.046463	-0.0509481	-0.0470714	-0.0435077	-0.0452974	-0.0492821	-0.0523058	-0.0600115	-0.0615334	-0.0604355	-0.0697525	-0.102432	-0.150369	-0.201153	-0.267998	-0.361272	-0.468142	-0.575091	-0.677958	-0.752123	-0.750307	-0.662654	-0.504654	-0.310677	-0.112349	0.0630354	0.185468	0.242128	0.232771	0.186789	0.120492	0.0405111	-0.0323137	-0.0471453	0.036123	0.214419	0.454749	0.714061	0.952562	1.13667	1.2516	1.29736	1.28793	1.218	1.07437	0.867306	0.615736	0.358372	0.137596	-0.00795851	-0.0480409	-0.000509118	0.0824405	0.160432	0.222746	0.258199	0.240698	0.159789	0.0183089	-0.167267	-0.363326	-0.545317	-0.683148	-0.736075	-0.698135	-0.602821	-0.488092	-0.374107	-0.268969	-0.179993	-0.0963152	0	
