0	0	0	0	0	0	0	0	0	0	0	0	0	0	0	0	0	0	0	0	0	0	0	0	0	0	0	0	0	0	0	0	0	0	0	0	0	0	0	0	0	0	0	0	0	0	0	0	0	0	0	0	0	0	0	0	0	0	0	0	0	0	0	0	0	0	0	0	0	0	0	0	0	0	0	0	0	0	0	0	0	0	0	0	0	0	0	0	0	0	0	0	0	0	0	0	0	0	0	0	
0	-0.00212716	0.000461648	-0.00194783	-0.00189436	0.00116283	0.000786783	0.000453703	0.00291404	0.00220696	-0.00327042	-0.000769048	-7.94211e-05	0.000194995	0.000816859	-0.00258353	-0.00255926	-0.000209969	0.000793808	-0.00242551	-0.00059507	0.000534222	-0.00241661	0.000238138	0.00139295	-0.00172121	-0.00136442	0.00172043	1.1672e-05	-0.00172503	-0.00053894	0.00106825	0.000778262	-0.00319827	-0.00129349	0.00254622	1.62601e-05	-0.00484921	-0.00183636	0.00215604	-0.000170594	-0.00374698	-0.00450999	-0.00235669	0.00173214	0.00144749	-0.0051157	-0.00901643	-0.00329945	0.00429941	0.00434465	-0.00371187	-0.00924689	-0.0158437	-0.0171625	-0.0131636	-0.0125673	-0.0191522	-0.045121	-0.0767878	-0.100985	-0.113039	-0.108286	-0.0768281	-0.0233715	0.0440331	0.116974	0.165761	0.192663	0.206963	0.203918	0.187012	0.148286	0.087585	0.0174904	-0.0474796	-0.0931011	-0.114075	-0.109892	-0.0908612	-0.0640065	-0.0315226	-0.0131452	-0.0135448	-0.0152195	-0.0156992	-0.0154044	-0.00876204	0.000774385	0.00619323	0.00183584	-0.00751814	-0.00645913	0.00176547	0.00172943	-0.00128918	0.000777074	-0.000293607	-0.0036704	0	
0	0.000461648	0.00240379	0.000731313	0.00220428	-0.000896899	-0.00109888	-0.00269115	-0.00243269	-0.00243265	0.000262587	0.00583938	-0.00288191	-0.00247036	0.00282312	0.000180724	0.00163729	0.00330815	-0.00254947	-0.00038234	0.000434694	0.0047119	-0.00661103	0.00175115	0.00131368	-0.00272023	-0.00295106	0.00226595	-0.000714033	-0.00442959	-0.000928627	0.000289937	0.00174739	-0.007763	-0.000654007	0.00241419	0.00240538	-0.010868	0.000281184	0.0028721	0.00298147	-0.00628222	-0.00557242	-0.00179644	0.00554217	0.00462953	-0.00726449	-0.0172112	-0.00330035	0.00553251	0.00740717	-0.00932885	-0.0238068	-0.0308942	-0.0383284	-0.026619	-0.0235141	-0.0397937	-0.0868549	-0.149513	-0.200855	-0.225413	-0.215489	-0.157861	-0.0493458	0.0921645	0.233208	0.331846	0.39055	0.410429	0.398563	0.37186	0.300887	0.17825	0.034308	-0.0975019	-0.186694	-0.22402	-0.216274	-0.183014	-0.130094	-0.0634704	-0.0262417	-0.0271555	-0.0307032	-0.0309392	-0.0296207	-0.0172651	0.000594369	0.011241	0.00358554	-0.0137378	-0.0123201	0.00249093	0.00301221	-0.00194683	0.0015248	-0.000874645	-0.0069714	0	
0	-0.00194783	0.000731313	-0.00276816	-0.000314989	0.000630386	8.75254e-05	0.0013979	0.00160277	0.00137413	-0.00421639	0.000250752	-0.000962243	-0.000791882	0.00186028	-0.00324014	-0.00356786	-0.000385199	0.000230159	-0.00158504	-0.00103925	0.00129683	-0.00548307	0.00162154	0.0028106	-0.00435343	-0.00207848	0.00297951	-0.000192609	-0.00450204	-0.000711167	0.00162927	0.00131205	-0.00799779	-0.00192082	0.00490067	-3.00298e-05	-0.0120318	-0.00248247	0.00448863	0.000167354	-0.00926234	-0.0100275	-0.00441179	0.00511739	0.00296017	-0.0132303	-0.0236519	-0.00669651	0.0089248	0.00905692	-0.0132043	-0.0306503	-0.04552	-0.050365	-0.039054	-0.0376316	-0.0627626	-0.136619	-0.226617	-0.300164	-0.335479	-0.317904	-0.229244	-0.0688283	0.136165	0.343957	0.493183	0.579758	0.615544	0.604571	0.555064	0.441731	0.262762	0.0527912	-0.140023	-0.272969	-0.334037	-0.326275	-0.272853	-0.191769	-0.0989966	-0.0449807	-0.0396314	-0.0432421	-0.0456723	-0.0434443	-0.0253023	-0.000498352	0.0142818	0.0048141	-0.017729	-0.016979	0.00148739	0.00349976	-0.00160655	0.00213687	-0.00189026	-0.00949648	0	
0	-0.00189436	0.00220428	-0.000314989	-0.00239985	0.00146465	-0.000740312	-0.00168709	0.00205832	0.000421268	-9.47087e-05	0.000988234	-0.00325789	-0.000168702	0.000375217	-0.00197552	-0.00129968	0.00244016	-0.00211366	-0.0048731	0.000176638	0.00206926	-0.00594821	-0.000191039	0.000737114	-0.0043585	-0.00334205	0.00235891	-0.00289972	-0.00429806	-0.00281741	0.00160014	-0.00164312	-0.00787845	-0.00359661	0.00477619	-0.00267314	-0.0126321	-0.00314347	0.00391023	-0.000860364	-0.0112497	-0.0108522	-0.00474162	0.00546193	0.00249978	-0.0173903	-0.0253784	-0.00872252	0.011223	0.00718466	-0.0181472	-0.0408731	-0.059127	-0.0633793	-0.0519682	-0.0517122	-0.0903717	-0.184316	-0.301819	-0.396684	-0.442014	-0.418773	-0.298626	-0.0874039	0.182921	0.454699	0.652324	0.767797	0.813586	0.800949	0.735404	0.584153	0.348568	0.0733269	-0.182474	-0.360377	-0.438002	-0.427471	-0.361237	-0.257666	-0.138995	-0.0650558	-0.0510224	-0.0555883	-0.059607	-0.0547707	-0.0324755	-0.00356727	0.0144417	0.00551916	-0.0188728	-0.0201216	-0.00147214	0.00306715	-0.000307379	0.00238937	-0.00326243	-0.0108081	0	
0	0.00116283	-0.000896899	0.000630386	0.00146465	1.32576e-05	-0.00137088	-0.00115981	-0.0023647	-0.00488242	-0.00113685	0.00297839	0.000259513	-0.000152963	-2.62171e-05	0.000410021	0.000938684	-0.000998925	-0.000346714	0.000888157	0.000590209	-0.000418159	-0.00401618	0.00123587	0.00010872	-0.00397421	-0.0019555	0.000531488	-0.00264681	-0.00434258	-0.00194479	-0.000372539	-0.00210905	-0.00749742	-0.00250172	0.00248194	-0.00358737	-0.0110622	-0.00254762	0.00323751	-0.00213888	-0.0102934	-0.0102316	-0.00336047	0.00567871	-9.91395e-05	-0.0179098	-0.0266151	-0.00781345	0.00944386	0.00231326	-0.0238447	-0.0531058	-0.0706045	-0.0750939	-0.0655249	-0.0678438	-0.121582	-0.235418	-0.372511	-0.489038	-0.544427	-0.509106	-0.365586	-0.105481	0.229642	0.555611	0.80577	0.957047	1.01359	0.995364	0.90507	0.718249	0.432802	0.0929983	-0.219556	-0.435012	-0.534874	-0.531122	-0.449995	-0.320024	-0.181288	-0.0911077	-0.0641067	-0.0661576	-0.070847	-0.0637219	-0.0393701	-0.00857643	0.0117211	0.00539602	-0.0174154	-0.0215708	-0.00586836	0.00179877	0.00138846	0.00197273	-0.00465157	-0.0105031	0	
0	0.000786783	-0.00109888	8.75254e-05	-0.000740312	-0.00137088	0.000541663	0.00162017	0.00125255	0.00346503	0.000759892	-0.00460698	-0.00307447	-0.00140871	-0.00292236	-0.00191276	-0.00290178	-0.00312465	-0.000740172	-0.00366646	-0.00195126	-0.00282381	-0.000253825	-0.00256147	-0.00108075	-0.00285077	-0.000589511	-0.00170442	-0.00230361	-0.00221358	-0.00203029	-0.00098229	-0.00374512	-0.0038439	-0.00359824	0.000595362	-0.00678008	-0.007302	-0.00529061	3.41713e-06	-0.00693764	-0.0116116	-0.0122826	-0.00637236	-0.000452959	-0.00731344	-0.0225439	-0.0259971	-0.0105837	0.00635131	-0.00332047	-0.0283123	-0.0573815	-0.0763574	-0.0788305	-0.0746941	-0.0879465	-0.159387	-0.292189	-0.450553	-0.582145	-0.641462	-0.595181	-0.418351	-0.109584	0.276221	0.654208	0.952381	1.12986	1.20193	1.1892	1.07635	0.846789	0.50928	0.115359	-0.248158	-0.505447	-0.627451	-0.626293	-0.532067	-0.384207	-0.231549	-0.122181	-0.076847	-0.0750816	-0.080166	-0.0705087	-0.0454659	-0.0149878	0.00613534	0.00394054	-0.0141471	-0.0212546	-0.0105991	-9.45798e-05	0.00252053	0.000607306	-0.00553413	-0.00834572	0	
0	0.000453703	-0.00269115	0.0013979	-0.00168709	-0.00115981	0.00162017	-0.0025387	-0.0021334	-0.00145826	-0.0004037	-0.00178305	0.00272094	0.00180263	-0.00177276	0.00143028	-0.000244129	-0.00183436	0.00104917	-0.00231025	-0.000853619	-0.00350467	0.00108576	-0.00469434	-0.00376301	-0.00122719	-0.00315129	-0.00441654	-0.00462324	-0.00172329	-0.0051737	-0.00399404	-0.00652331	-0.00223121	-0.00578705	-0.00433365	-0.00802478	-0.00408726	-0.00632472	-0.00358388	-0.0080202	-0.0087226	-0.00939857	-0.00415562	-0.00324492	-0.00870561	-0.0200771	-0.0188301	-0.0100176	0.00166694	-0.0118294	-0.0353846	-0.0666235	-0.0842338	-0.0876082	-0.0898692	-0.113962	-0.202373	-0.346891	-0.520105	-0.664041	-0.727107	-0.670868	-0.466424	-0.116799	0.317234	0.745937	1.092	1.30296	1.39226	1.37352	1.23169	0.9657	0.584257	0.14061	-0.269917	-0.564825	-0.709526	-0.71597	-0.613017	-0.449781	-0.284209	-0.156605	-0.0937849	-0.0851978	-0.0859818	-0.0735717	-0.0508846	-0.0230041	-0.00185565	0.00104086	-0.0103193	-0.0193831	-0.0142571	-0.00231343	0.00201947	-0.00183352	-0.00537896	-0.00441358	0	
0	0.00291404	-0.00243269	0.00160277	0.00205832	-0.0023647	0.00125255	-0.0021334	-0.00149936	-0.000314427	-0.00306504	-0.000217624	0.00164087	-0.00382283	-0.00389311	-4.01831e-05	0.00136845	-0.00642226	0.00101127	-0.000170816	-0.00247301	-0.00371945	0.00243741	-0.00437473	-0.00350751	0.0014317	-0.00246772	-0.00569825	-0.00148037	-0.00101428	-0.00330967	-0.00648185	-0.00351991	-0.000592348	-0.00476991	-0.00878197	-0.00557051	-0.000852321	-0.00777407	-0.00778836	-0.00982431	-0.00704284	-0.00888717	-0.0073033	-0.00987923	-0.0166043	-0.0177308	-0.0176323	-0.0121605	-0.00908736	-0.0219621	-0.0408232	-0.0711634	-0.0842996	-0.0899388	-0.101534	-0.143349	-0.248054	-0.408306	-0.591617	-0.744676	-0.81017	-0.733941	-0.502246	-0.114674	0.363711	0.832072	1.21952	1.46471	1.57221	1.54775	1.37878	1.07918	0.65637	0.165711	-0.285329	-0.611519	-0.78047	-0.798626	-0.689451	-0.514851	-0.340531	-0.197348	-0.115969	-0.0948713	-0.0879939	-0.0745425	-0.0559147	-0.0312028	-0.0110798	-0.00386876	-0.00766675	-0.0161684	-0.0154125	-0.00461617	-0.000943191	-0.00520449	-0.00386714	0.000797663	0	
0	0.00220696	-0.00243265	0.00137413	0.000421268	-0.00488242	0.00346503	-0.00145826	-0.000314427	0.00377239	-0.000511	-0.0028109	-0.0027691	-0.00471487	0.000417505	-0.00119217	-0.00420209	-0.00283855	-0.000751032	-0.00224911	-0.00724744	-7.65021e-05	0.000680091	-0.00668064	-0.00484361	0.00275365	-0.0051937	-0.00656249	-0.00139885	-0.00111957	-0.00517091	-0.00820952	-0.00287886	-0.000372032	-0.00663395	-0.0133116	-0.00291102	-0.00105221	-0.00958013	-0.0139553	-0.00985317	-0.00648348	-0.00890977	-0.0104309	-0.0187057	-0.0194351	-0.0156501	-0.0128199	-0.0157061	-0.0205414	-0.029488	-0.0467281	-0.071084	-0.0825617	-0.093407	-0.117251	-0.179801	-0.302339	-0.469919	-0.662507	-0.82003	-0.876592	-0.787073	-0.523994	-0.101658	0.405023	0.912411	1.3371	1.61256	1.73866	1.71075	1.52276	1.18477	0.715332	0.193414	-0.285618	-0.647579	-0.842825	-0.868998	-0.758888	-0.581923	-0.400527	-0.242599	-0.143577	-0.105921	-0.088027	-0.0736744	-0.0593855	-0.0385329	-0.0210112	-0.0111617	-0.00739315	-0.0119167	-0.0133597	-0.00688185	-0.00646085	-0.00903747	-0.00113459	0.00636296	0	
0	-0.00327042	0.000262587	-0.00421639	-9.47087e-05	-0.00113685	0.000759892	-0.0004037	-0.00306504	-0.000511	-0.00359359	-0.00164108	0.00344002	0.00214187	-0.000833962	0.000543131	-0.00279584	-0.000781259	-0.00268867	0.00146864	-0.00512882	-0.00182127	-0.00177588	-0.00692373	-0.0034117	-0.00038499	-0.00783825	-0.00683779	-0.0029105	-0.00317902	-0.0088815	-0.00871754	-0.00487491	-0.00106812	-0.0116649	-0.0146031	-0.00259836	-0.00173819	-0.0129304	-0.0175188	-0.00815923	-0.00519775	-0.00698296	-0.0134105	-0.0230671	-0.0179006	-0.00947086	-0.00666961	-0.0200219	-0.0316454	-0.0370313	-0.0539085	-0.0699268	-0.0842783	-0.101034	-0.139944	-0.225639	-0.357324	-0.531729	-0.726467	-0.880127	-0.931052	-0.823027	-0.53383	-0.0905615	0.44334	0.983322	1.44182	1.75388	1.89889	1.86375	1.64693	1.27123	0.774605	0.227943	-0.280747	-0.66837	-0.886335	-0.930583	-0.827105	-0.647026	-0.458894	-0.293117	-0.179336	-0.11977	-0.0869001	-0.0710825	-0.0608561	-0.0444485	-0.0308862	-0.0205879	-0.0101358	-0.0073002	-0.008457	-0.00897972	-0.013618	-0.0126594	0.00210365	0.0110798	0	
0	-0.000769048	0.00583938	0.000250752	0.000988234	0.00297839	-0.00460698	-0.00178305	-0.000217624	-0.0028109	-0.00164108	0.001585	-0.003164	-0.00456538	-0.00600341	-0.00244557	-0.00168072	-0.000279856	-0.0027018	-0.00325874	-0.00369549	-0.000743976	-0.00029619	-0.00570805	-0.000851701	-0.000994824	-0.0047639	-0.00395395	-0.00113458	-0.00267963	-0.00660087	-0.00562187	-0.00274548	-0.000398172	-0.012043	-0.0105839	-0.000977986	-0.0012628	-0.0153694	-0.0170679	-0.00704054	-0.0052372	-0.00819979	-0.0212895	-0.0280971	-0.0209636	-0.00744884	-0.00924624	-0.0321188	-0.0440945	-0.0485331	-0.0561497	-0.0653298	-0.0810773	-0.103606	-0.164626	-0.270637	-0.413237	-0.596579	-0.789651	-0.937945	-0.979088	-0.845339	-0.529958	-0.0685652	0.490266	1.05284	1.5342	1.87734	2.03543	1.99239	1.75848	1.35697	0.833048	0.262575	-0.266902	-0.677512	-0.917829	-0.976222	-0.884113	-0.710776	-0.520637	-0.349309	-0.220336	-0.136315	-0.0875832	-0.0685472	-0.0598486	-0.047813	-0.0398897	-0.0317383	-0.01582	-0.00319966	-0.00217597	-0.0107475	-0.0205707	-0.0153693	0.00465147	0.0137451	0	
0	-7.94211e-05	-0.00288191	-0.000962243	-0.00325789	0.000259513	-0.00307447	0.00272094	0.00164087	-0.0027691	0.00344002	-0.003164	-0.00629514	8.0253e-05	0.0015945	-0.000814019	-0.00262153	-0.00461552	-0.0037009	-0.00313398	-0.00087429	-0.00519131	-0.00454202	-0.00532266	-0.00224776	-0.00605168	-0.00607875	-0.00512784	-0.00473739	-0.00655494	-0.00812917	-0.00706209	-0.0055317	-0.00587823	-0.0140783	-0.0101908	-0.00421254	-0.00615462	-0.0193386	-0.0165459	-0.00904739	-0.00544156	-0.0129126	-0.025274	-0.030018	-0.01745	-0.00299424	-0.011043	-0.0389538	-0.0522149	-0.0539425	-0.0543256	-0.0606864	-0.0803889	-0.116095	-0.202251	-0.323315	-0.477348	-0.660573	-0.843624	-0.983963	-1.00258	-0.846045	-0.514176	-0.0369237	0.531662	1.1064	1.61339	1.98347	2.15264	2.10999	1.86219	1.42894	0.877339	0.295715	-0.240066	-0.665883	-0.928433	-1.01081	-0.9389	-0.770256	-0.578369	-0.408899	-0.267843	-0.15851	-0.0926479	-0.0662233	-0.0556229	-0.0485788	-0.0479903	-0.0434786	-0.02318	-0.000776713	0.00298917	-0.0119477	-0.0249443	-0.016644	0.00515206	0.0134917	0	
0	0.000194995	-0.00247036	-0.000791882	-0.000168702	-0.000152963	-0.00140871	0.00180263	-0.00382283	-0.00471487	0.00214187	-0.00456538	8.0253e-05	0.00499462	-0.00422662	-0.00620701	-0.000499759	-0.00121048	-0.0044818	-0.00113487	-0.00234041	-0.00694145	-0.00464975	-0.000354	-0.00542095	-0.00833497	-0.00313722	-0.00449389	-0.00671257	-0.00802848	-0.00595552	-0.00683839	-0.00672586	-0.00990423	-0.0108038	-0.00906331	-0.00600667	-0.0115277	-0.0172491	-0.0157906	-0.00843336	-0.00828142	-0.0166443	-0.0287596	-0.0287827	-0.0145491	-0.00257425	-0.0190953	-0.0465096	-0.0624664	-0.0577131	-0.052857	-0.058068	-0.0805341	-0.137831	-0.241475	-0.378238	-0.540107	-0.717066	-0.89213	-1.01577	-1.0112	-0.83425	-0.487295	-0.00148386	0.572867	1.1563	1.68368	2.07324	2.24911	2.20574	1.93878	1.48169	0.926659	0.34339	-0.205322	-0.645639	-0.925185	-1.03072	-0.978919	-0.820824	-0.638652	-0.473454	-0.317343	-0.186246	-0.105082	-0.0654275	-0.0487307	-0.0472909	-0.0547437	-0.0538649	-0.0306251	-0.00150812	0.00443604	-0.0122062	-0.0247125	-0.0163499	0.0026293	0.0101189	0	
0	0.000816859	0.00282312	0.00186028	0.000375217	-2.62171e-05	-0.00292236	-0.00177276	-0.00389311	0.000417505	-0.000833962	-0.00600341	0.0015945	-0.00422662	-0.00694117	-0.00163922	0.000796318	-0.00229057	-0.00414857	-0.00190729	-0.00222796	-0.0055218	-0.000583342	-0.000630907	-0.00789099	-0.00603632	0.0013219	-0.0059487	-0.00781946	-0.00655717	-0.00299522	-0.00631127	-0.00877997	-0.0104185	-0.00628884	-0.00693499	-0.0103145	-0.0128401	-0.0140492	-0.0124232	-0.0100058	-0.0110276	-0.0211555	-0.0294234	-0.0262108	-0.0126791	-0.0090308	-0.029051	-0.0565804	-0.069458	-0.0601316	-0.0511929	-0.0533846	-0.0877875	-0.162493	-0.284802	-0.434618	-0.599307	-0.771434	-0.934572	-1.03589	-1.00526	-0.80944	-0.445374	0.0455739	0.615719	1.20633	1.74006	2.13195	2.31874	2.27599	1.99599	1.53514	0.976741	0.383843	-0.165559	-0.607346	-0.903218	-1.03286	-1.00537	-0.868186	-0.699259	-0.534425	-0.367763	-0.223873	-0.125928	-0.0662895	-0.041195	-0.0450847	-0.0592312	-0.0609176	-0.0369176	-0.00646645	0.000571994	-0.0113538	-0.019243	-0.0147443	-0.00291717	0.00426359	0	
0	-0.00258353	0.000180724	-0.00324014	-0.00197552	0.000410021	-0.00191276	0.00143028	-4.01831e-05	-0.00119217	0.000543131	-0.00244557	-0.000814019	-0.00620701	-0.00163922	0.00138504	-0.00398397	-0.00580471	-0.00818326	-0.000759573	-0.00298759	-0.00909845	-0.00392642	-0.0040928	-0.00949471	-0.00599674	-0.00185742	-0.0102388	-0.00980809	-0.0065454	-0.00510328	-0.00918175	-0.0138686	-0.0113029	-0.00528004	-0.010583	-0.0180551	-0.0156989	-0.0126445	-0.0142815	-0.0157638	-0.0181135	-0.0267835	-0.0288863	-0.0234452	-0.0132637	-0.0183424	-0.0376247	-0.0608383	-0.0698982	-0.056468	-0.0459015	-0.0516512	-0.101534	-0.197913	-0.33575	-0.495276	-0.659727	-0.821399	-0.965418	-1.03687	-0.979287	-0.763944	-0.39108	0.0950517	0.659617	1.24597	1.77636	2.17393	2.36521	2.31727	2.03719	1.5793	1.01639	0.425527	-0.112741	-0.553159	-0.864167	-1.02003	-1.02133	-0.907032	-0.752039	-0.591891	-0.422802	-0.269856	-0.152856	-0.0715744	-0.0366165	-0.0424321	-0.0604144	-0.0635205	-0.0413649	-0.0155633	-0.00852621	-0.00985188	-0.00991583	-0.0123121	-0.010196	-0.00266581	0	
0	-0.00255926	0.00163729	-0.00356786	-0.00129968	0.000938684	-0.00290178	-0.000244129	0.00136845	-0.00420209	-0.00279584	-0.00168072	-0.00262153	-0.000499759	0.000796318	-0.00398397	-0.00739095	-0.00228349	-0.000828792	-0.00106004	-0.00763855	-0.00660917	-0.00150447	-0.00315125	-0.0108062	-0.00333644	-0.00448138	-0.00931066	-0.00944084	-0.00563675	-0.00603071	-0.0109254	-0.0147134	-0.00964309	-0.00292174	-0.0152034	-0.0205951	-0.014319	-0.00809163	-0.0156236	-0.0191621	-0.0226449	-0.02676	-0.0242328	-0.0186196	-0.0180899	-0.0293235	-0.0464803	-0.0640082	-0.0683596	-0.0559139	-0.0425831	-0.0596949	-0.124547	-0.239617	-0.388605	-0.551527	-0.712352	-0.862243	-0.982016	-1.02197	-0.940714	-0.705783	-0.328727	0.149974	0.707243	1.2808	1.79877	2.19273	2.38245	2.33284	2.0576	1.6054	1.05108	0.479237	-0.0458119	-0.491733	-0.818198	-0.991109	-1.01524	-0.932274	-0.801784	-0.648212	-0.477712	-0.319341	-0.186702	-0.0853009	-0.0374447	-0.0397558	-0.0580333	-0.0614896	-0.043852	-0.0273589	-0.0209448	-0.00888882	-4.16115e-05	-0.00961826	-0.0168046	-0.00876525	0	
0	-0.000209969	0.00330815	-0.000385199	0.00244016	-0.000998925	-0.00312465	-0.00183436	-0.00642226	-0.00283855	-0.000781259	-0.000279856	-0.00461552	-0.00121048	-0.00229057	-0.00580471	-0.00228349	0.00239501	-0.00396925	-0.00692119	-0.00502301	-0.000304826	-0.0038661	-0.00757674	-0.00755451	-0.00240301	-0.00643217	-0.00968578	-0.00809582	-0.00585478	-0.00734322	-0.0122676	-0.0144121	-0.00651042	-0.00494941	-0.018897	-0.021502	-0.0105367	-0.00651712	-0.0189695	-0.0230074	-0.0271461	-0.0235559	-0.0201188	-0.0169887	-0.0282422	-0.0416175	-0.0534798	-0.0631304	-0.0663945	-0.052006	-0.0460097	-0.0734978	-0.157545	-0.287796	-0.440415	-0.606064	-0.75753	-0.891862	-0.982208	-0.992316	-0.885019	-0.637429	-0.262917	0.214185	0.754948	1.3093	1.81303	2.18752	2.36466	2.3172	2.05713	1.6235	1.08917	0.537283	0.0195979	-0.426786	-0.752865	-0.936951	-0.995622	-0.953136	-0.841913	-0.693668	-0.531576	-0.373795	-0.226856	-0.107928	-0.0459765	-0.038747	-0.0524773	-0.05569	-0.0448876	-0.039015	-0.0333697	-0.0102682	0.00604278	-0.00714876	-0.0199696	-0.0121394	0	
0	0.000793808	-0.00254947	0.000230159	-0.00211366	-0.000346714	-0.000740172	0.00104917	0.00101127	-0.000751032	-0.00268867	-0.0027018	-0.0037009	-0.0044818	-0.00414857	-0.00818326	-0.000828792	-0.00396925	-0.0109247	-0.00620613	-0.000723525	-0.00444582	-0.011672	-0.00606221	-0.00231298	-0.00704606	-0.00920398	-0.00885182	-0.00554431	-0.00852568	-0.00860277	-0.0143058	-0.0109091	-0.00737081	-0.00919657	-0.0232925	-0.0195764	-0.00959817	-0.0103181	-0.02488	-0.0305287	-0.030182	-0.023223	-0.0186236	-0.0240449	-0.0436527	-0.053536	-0.0583093	-0.0587507	-0.0609999	-0.0485653	-0.050609	-0.0946204	-0.195713	-0.334728	-0.49287	-0.653807	-0.797898	-0.91278	-0.969355	-0.949695	-0.816079	-0.557972	-0.182248	0.284522	0.803038	1.33281	1.80254	2.1539	2.32485	2.27983	2.03593	1.62674	1.12324	0.595828	0.0881812	-0.347457	-0.670465	-0.87553	-0.96798	-0.953367	-0.862276	-0.73563	-0.588021	-0.425824	-0.269008	-0.14213	-0.0650344	-0.040294	-0.0450811	-0.0486041	-0.0448386	-0.0467074	-0.0425576	-0.0158988	0.00477994	-0.0052068	-0.017785	-0.0115833	0	
0	-0.00242551	-0.00038234	-0.00158504	-0.0048731	0.000888157	-0.00366646	-0.00231025	-0.000170816	-0.00224911	0.00146864	-0.00325874	-0.00313398	-0.00113487	-0.00190729	-0.000759573	-0.00106004	-0.00692119	-0.00620613	-0.001996	-0.00279545	-0.0107145	-0.00949927	-0.00267095	-0.00578951	-0.0145764	-0.00983118	-0.00710407	-0.00941165	-0.0133085	-0.0134512	-0.0139081	-0.0114982	-0.0115057	-0.0177935	-0.0229944	-0.018152	-0.0100951	-0.0167273	-0.0284792	-0.0336704	-0.0272755	-0.0178038	-0.0161703	-0.0314078	-0.0531986	-0.0586347	-0.0532381	-0.0516117	-0.053546	-0.0502749	-0.0673189	-0.129513	-0.245532	-0.388175	-0.544061	-0.696589	-0.826365	-0.912145	-0.937677	-0.886637	-0.734023	-0.473496	-0.0984103	0.353611	0.848919	1.34729	1.78016	2.10257	2.25529	2.21598	1.99642	1.61923	1.15231	0.650873	0.16356	-0.25644	-0.585242	-0.807324	-0.917731	-0.93061	-0.874226	-0.774733	-0.634866	-0.470337	-0.316993	-0.188301	-0.0923096	-0.0461495	-0.0402829	-0.0428918	-0.0427138	-0.0474384	-0.0470768	-0.0265345	-0.00465056	-0.00407588	-0.0104688	-0.00718236	0	
0	-0.00059507	0.000434694	-0.00103925	0.000176638	0.000590209	-0.00195126	-0.000853619	-0.00247301	-0.00724744	-0.00512882	-0.00369549	-0.00087429	-0.00234041	-0.00222796	-0.00298759	-0.00763855	-0.00502301	-0.000723525	-0.00279545	-0.00599112	-0.00666415	-0.00618198	-0.000364476	-0.00905015	-0.0113204	-0.00509094	-0.00394763	-0.0112147	-0.0127088	-0.0108247	-0.00876761	-0.00925083	-0.0158617	-0.0176935	-0.0174213	-0.0124878	-0.0137754	-0.019624	-0.0306531	-0.0322689	-0.0230931	-0.0154544	-0.021102	-0.0454399	-0.0642392	-0.06244	-0.0509857	-0.0464595	-0.0527681	-0.0605977	-0.0935612	-0.174302	-0.294021	-0.437734	-0.585958	-0.72698	-0.839621	-0.895733	-0.889882	-0.812994	-0.647319	-0.380358	-0.0128724	0.423244	0.89324	1.34905	1.7429	2.03346	2.16887	2.13288	1.93179	1.59547	1.17358	0.706513	0.2483	-0.163339	-0.499659	-0.725174	-0.849234	-0.895007	-0.873984	-0.798291	-0.668966	-0.512946	-0.369779	-0.238894	-0.126151	-0.0615428	-0.042643	-0.0394077	-0.0374214	-0.041077	-0.0475735	-0.0405281	-0.0195464	-0.00426541	-0.000857164	-0.000587053	0	
0	0.000534222	0.0047119	0.00129683	0.00206926	-0.000418159	-0.00282381	-0.00350467	-0.00371945	-7.65021e-05	-0.00182127	-0.000743976	-0.00519131	-0.00694145	-0.0055218	-0.00909845	-0.00660917	-0.000304826	-0.00444582	-0.0107145	-0.00666415	-0.00649626	-0.00664905	-0.00399528	-0.0117966	-0.0106252	-0.00419245	-0.00764291	-0.0143512	-0.013634	-0.0092624	-0.00821863	-0.0140799	-0.0219235	-0.0172064	-0.0129081	-0.0158513	-0.0217687	-0.0259361	-0.033033	-0.0315703	-0.0226912	-0.0187413	-0.0354133	-0.0593091	-0.0724055	-0.0615353	-0.0460912	-0.0425682	-0.0543887	-0.0780651	-0.129585	-0.221081	-0.342825	-0.480606	-0.617643	-0.747207	-0.834627	-0.863129	-0.830625	-0.731882	-0.55738	-0.287945	0.0754628	0.497256	0.93378	1.34735	1.69452	1.94006	2.05697	2.02699	1.85522	1.56504	1.18724	0.762431	0.329497	-0.0779525	-0.406172	-0.628584	-0.771312	-0.845692	-0.854546	-0.804616	-0.692897	-0.552371	-0.420244	-0.288844	-0.167706	-0.089757	-0.0544959	-0.038883	-0.0293819	-0.030329	-0.0459459	-0.0538909	-0.0344884	-0.00643048	0.00630527	0.00520067	0	
0	-0.00241661	-0.00661103	-0.00548307	-0.00594821	-0.00401618	-0.000253825	0.00108576	0.00243741	0.000680091	-0.00177588	-0.00029619	-0.00454202	-0.00464975	-0.000583342	-0.00392642	-0.00150447	-0.0038661	-0.011672	-0.00949927	-0.00618198	-0.00664905	-0.0091609	-0.0101681	-0.0151809	-0.00963604	-0.00762929	-0.014611	-0.018159	-0.0146743	-0.0105711	-0.0135758	-0.0225028	-0.0265297	-0.0147829	-0.0142819	-0.0239107	-0.0313796	-0.0292702	-0.0331063	-0.028941	-0.0225986	-0.0267212	-0.04777	-0.0669672	-0.0690737	-0.0529127	-0.0373536	-0.0367039	-0.0614866	-0.103489	-0.173925	-0.272624	-0.391446	-0.521107	-0.646867	-0.756416	-0.817189	-0.815921	-0.754491	-0.640189	-0.455186	-0.184745	0.166363	0.563963	0.959183	1.32408	1.62313	1.83689	1.9422	1.91459	1.76898	1.51969	1.18675	0.804818	0.400769	0.0155978	-0.300711	-0.531673	-0.68845	-0.780779	-0.816481	-0.791274	-0.70342	-0.586329	-0.46458	-0.334878	-0.215608	-0.131002	-0.0774134	-0.0425013	-0.0206681	-0.0200294	-0.0442266	-0.061386	-0.0435002	-0.0111272	0.0062335	0.00679046	0	
0	0.000238138	0.00175115	0.00162154	-0.000191039	0.00123587	-0.00256147	-0.00469434	-0.00437473	-0.00668064	-0.00692373	-0.00570805	-0.00532266	-0.000354	-0.000630907	-0.0040928	-0.00315125	-0.00757674	-0.00606221	-0.00267095	-0.000364476	-0.00399528	-0.0101681	-0.0107914	-0.00491056	-0.00388186	-0.0101202	-0.0150372	-0.011618	-0.00925373	-0.00891773	-0.0155117	-0.0225222	-0.019394	-0.00784538	-0.0137095	-0.0287201	-0.0306312	-0.025409	-0.0252319	-0.0238577	-0.0239891	-0.0371155	-0.0588559	-0.068028	-0.0643431	-0.0473795	-0.0368089	-0.04531	-0.0853295	-0.148549	-0.229841	-0.327002	-0.435992	-0.549917	-0.657314	-0.740918	-0.771697	-0.744912	-0.666588	-0.54305	-0.357519	-0.0922244	0.246709	0.616796	0.974379	1.29414	1.54871	1.73085	1.8176	1.79368	1.67102	1.45494	1.17105	0.839155	0.472412	0.11191	-0.200406	-0.437326	-0.598629	-0.703114	-0.756245	-0.755705	-0.704358	-0.611938	-0.495066	-0.374601	-0.269421	-0.183019	-0.109956	-0.0517632	-0.0164303	-0.0156856	-0.0425629	-0.0585843	-0.043275	-0.0184513	-0.00329245	0.00198942	0	
0	0.00139295	0.00131368	0.0028106	0.000737114	0.00010872	-0.00108075	-0.00376301	-0.00350751	-0.00484361	-0.0034117	-0.000851701	-0.00224776	-0.00542095	-0.00789099	-0.00949471	-0.0108062	-0.00755451	-0.00231298	-0.00578951	-0.00905015	-0.0117966	-0.0151809	-0.00491056	-0.002697	-0.0129173	-0.0186666	-0.0110676	-0.00910255	-0.0116301	-0.0156748	-0.0201642	-0.0222414	-0.0156734	-0.010711	-0.0235406	-0.0361875	-0.0334589	-0.0247888	-0.0255492	-0.0288103	-0.0380471	-0.0557084	-0.0686545	-0.068319	-0.0586392	-0.0459105	-0.0403093	-0.0600128	-0.117484	-0.195658	-0.280657	-0.370588	-0.46548	-0.56467	-0.651453	-0.707456	-0.714513	-0.666846	-0.576846	-0.448863	-0.259618	0.000502688	0.321994	0.663406	0.978509	1.25108	1.46631	1.61778	1.68892	1.66714	1.56177	1.38423	1.1492	0.861948	0.535046	0.196714	-0.110894	-0.341374	-0.498796	-0.609789	-0.679002	-0.710437	-0.69188	-0.613451	-0.509825	-0.414194	-0.325455	-0.236766	-0.14902	-0.0714674	-0.0239678	-0.0196262	-0.0386695	-0.0453298	-0.0354655	-0.0271225	-0.0199214	-0.00891303	0	
0	-0.00172121	-0.00272023	-0.00435343	-0.0043585	-0.00397421	-0.00285077	-0.00122719	0.0014317	0.00275365	-0.00038499	-0.000994824	-0.00605168	-0.00833497	-0.00603632	-0.00599674	-0.00333644	-0.00240301	-0.00704606	-0.0145764	-0.0113204	-0.0106252	-0.00963604	-0.00388186	-0.0129173	-0.0230423	-0.0147453	-0.00745366	-0.0135184	-0.0200164	-0.0212626	-0.0224071	-0.0193857	-0.0166053	-0.0199313	-0.0330227	-0.0392128	-0.0317659	-0.0235088	-0.0262563	-0.0373471	-0.0529656	-0.0663244	-0.067932	-0.0583385	-0.0511631	-0.0436304	-0.0489251	-0.0840378	-0.159319	-0.248093	-0.329965	-0.40854	-0.488498	-0.569017	-0.629546	-0.658761	-0.640921	-0.579079	-0.482511	-0.348865	-0.161776	0.0897138	0.389789	0.694536	0.965261	1.19305	1.37153	1.49915	1.56325	1.54842	1.46061	1.31117	1.11124	0.863785	0.57354	0.264155	-0.0175617	-0.2343	-0.395643	-0.515825	-0.598787	-0.649421	-0.646759	-0.590451	-0.521707	-0.45156	-0.370142	-0.284671	-0.195522	-0.106946	-0.0470243	-0.0297541	-0.0314541	-0.0277392	-0.0253815	-0.0338475	-0.0371271	-0.022872	0	
0	-0.00136442	-0.00295106	-0.00207848	-0.00334205	-0.0019555	-0.000589511	-0.00315129	-0.00246772	-0.0051937	-0.00783825	-0.0047639	-0.00607875	-0.00313722	0.0013219	-0.00185742	-0.00448138	-0.00643217	-0.00920398	-0.00983118	-0.00509094	-0.00419245	-0.00762929	-0.0101202	-0.0186666	-0.0147453	-0.0064546	-0.00925039	-0.0193621	-0.0212208	-0.0206182	-0.0175681	-0.0150692	-0.0202312	-0.0278924	-0.0346106	-0.0336555	-0.0266768	-0.0204161	-0.0294684	-0.0475124	-0.0640997	-0.0673269	-0.0579354	-0.0480766	-0.046454	-0.0504298	-0.0695689	-0.123933	-0.213296	-0.304107	-0.376508	-0.439844	-0.500997	-0.556669	-0.587552	-0.587551	-0.551095	-0.479612	-0.379415	-0.247475	-0.066596	0.166167	0.434753	0.699807	0.928463	1.12307	1.27847	1.39397	1.45526	1.43932	1.35771	1.22518	1.05159	0.843772	0.59967	0.330429	0.0727561	-0.138578	-0.30083	-0.421596	-0.506998	-0.561337	-0.576165	-0.559294	-0.526094	-0.469538	-0.398071	-0.328781	-0.248806	-0.157083	-0.0838116	-0.0437567	-0.0248312	-0.0154118	-0.0181005	-0.0347024	-0.0471881	-0.0346239	0	
0	0.00172043	0.00226595	0.00297951	0.00235891	0.000531488	-0.00170442	-0.00441654	-0.00569825	-0.00656249	-0.00683779	-0.00395395	-0.00512784	-0.00449389	-0.0059487	-0.0102388	-0.00931066	-0.00968578	-0.00885182	-0.00710407	-0.00394763	-0.00764291	-0.014611	-0.0150372	-0.0110676	-0.00745366	-0.00925039	-0.0160337	-0.0194949	-0.0201163	-0.0173654	-0.0128335	-0.0161758	-0.0290435	-0.0331024	-0.0306282	-0.0288264	-0.0255061	-0.0254541	-0.041085	-0.0636994	-0.0734513	-0.0648121	-0.051481	-0.0460546	-0.055103	-0.0706438	-0.107561	-0.176675	-0.271091	-0.353236	-0.409625	-0.45346	-0.491393	-0.518149	-0.518889	-0.497875	-0.450487	-0.379025	-0.282015	-0.155298	0.012275	0.223794	0.460265	0.689048	0.885116	1.05175	1.18998	1.29657	1.35056	1.33334	1.25673	1.13569	0.98791	0.815603	0.607833	0.374037	0.143058	-0.0535198	-0.206456	-0.320944	-0.401611	-0.45949	-0.49846	-0.51426	-0.502811	-0.464533	-0.416833	-0.368101	-0.301872	-0.21575	-0.129459	-0.0628258	-0.0273227	-0.0158759	-0.0156817	-0.0280673	-0.0448758	-0.0380461	0	
0	1.1672e-05	-0.000714033	-0.000192609	-0.00289972	-0.00264681	-0.00230361	-0.00462324	-0.00148037	-0.00139885	-0.0029105	-0.00113458	-0.00473739	-0.00671257	-0.00781946	-0.00980809	-0.00944084	-0.00809582	-0.00554431	-0.00941165	-0.0112147	-0.0143512	-0.018159	-0.011618	-0.00910255	-0.0135184	-0.0193621	-0.0194949	-0.022019	-0.0217847	-0.0168529	-0.0154675	-0.0281923	-0.0400663	-0.0338214	-0.0271043	-0.0292913	-0.0318523	-0.0370242	-0.0573292	-0.0756121	-0.0728069	-0.055706	-0.044206	-0.0483386	-0.0677223	-0.0993114	-0.15239	-0.231655	-0.321143	-0.389845	-0.427983	-0.452035	-0.46402	-0.46091	-0.437043	-0.399937	-0.349789	-0.279597	-0.186163	-0.0681883	0.0836663	0.266833	0.468229	0.66104	0.826094	0.973909	1.10148	1.20306	1.25831	1.24282	1.16765	1.05324	0.918347	0.767367	0.591723	0.392969	0.192997	0.023936	-0.109638	-0.216015	-0.295328	-0.359144	-0.410418	-0.44008	-0.450722	-0.445133	-0.425502	-0.396118	-0.349304	-0.273898	-0.177276	-0.0925043	-0.0480008	-0.0306164	-0.0174286	-0.016404	-0.0298821	-0.0290122	0	
0	-0.00172503	-0.00442959	-0.00450204	-0.00429806	-0.00434258	-0.00221358	-0.00172329	-0.00101428	-0.00111957	-0.00317902	-0.00267963	-0.00655494	-0.00802848	-0.00655717	-0.0065454	-0.00563675	-0.00585478	-0.00852568	-0.0133085	-0.0127088	-0.013634	-0.0146743	-0.00925373	-0.0116301	-0.0200164	-0.0212208	-0.0201163	-0.0217847	-0.019034	-0.0159382	-0.0244604	-0.0389112	-0.0399333	-0.0269812	-0.0240755	-0.0333084	-0.0404459	-0.0505506	-0.0693579	-0.076888	-0.0630832	-0.0455753	-0.0435013	-0.0587342	-0.0926713	-0.140964	-0.207994	-0.286938	-0.364779	-0.414838	-0.434152	-0.43376	-0.416363	-0.384847	-0.339563	-0.295295	-0.24463	-0.178345	-0.092371	0.0121259	0.138966	0.288372	0.451712	0.612101	0.755072	0.890716	1.01846	1.12521	1.1831	1.16812	1.09099	0.974541	0.842529	0.702988	0.550554	0.387099	0.228175	0.0934777	-0.0205136	-0.118438	-0.194247	-0.255789	-0.305065	-0.342701	-0.379887	-0.408116	-0.416666	-0.41223	-0.385948	-0.319064	-0.223699	-0.140004	-0.0898172	-0.0556255	-0.0226986	-0.00500815	-0.00721245	-0.00924389	0	
0	-0.00053894	-0.000928627	-0.000711167	-0.00281741	-0.00194479	-0.00203029	-0.0051737	-0.00330967	-0.00517091	-0.0088815	-0.00660087	-0.00812917	-0.00595552	-0.00299522	-0.00510328	-0.00603071	-0.00734322	-0.00860277	-0.0134512	-0.0108247	-0.0092624	-0.0105711	-0.00891773	-0.0156748	-0.0212626	-0.0206182	-0.0173654	-0.0168529	-0.0159382	-0.0229256	-0.0348095	-0.0384057	-0.0304838	-0.0208808	-0.0264011	-0.0398927	-0.0510835	-0.0617453	-0.0720092	-0.0671527	-0.0498068	-0.0410898	-0.0513086	-0.0806004	-0.13097	-0.195598	-0.267593	-0.338027	-0.397346	-0.428535	-0.424007	-0.395633	-0.346749	-0.288906	-0.231082	-0.183138	-0.136534	-0.0774785	-0.00432901	0.0770729	0.17077	0.28175	0.411104	0.545808	0.676846	0.814335	0.947017	1.06002	1.12426	1.10845	1.02425	0.898954	0.761293	0.627908	0.495977	0.363314	0.240838	0.141001	0.0534544	-0.0281726	-0.0945149	-0.147475	-0.190281	-0.233204	-0.290556	-0.348542	-0.390704	-0.413557	-0.400891	-0.34575	-0.272088	-0.204561	-0.14556	-0.0870559	-0.0333625	0.00120823	0.0140889	0.011894	0	
0	0.00106825	0.000289937	0.00162927	0.00160014	-0.000372539	-0.00098229	-0.00399404	-0.00648185	-0.00820952	-0.00871754	-0.00562187	-0.00706209	-0.00683839	-0.00631127	-0.00918175	-0.0109254	-0.0122676	-0.0143058	-0.0139081	-0.00876761	-0.00821863	-0.0135758	-0.0155117	-0.0201642	-0.0224071	-0.0175681	-0.0128335	-0.0154675	-0.0244604	-0.0348095	-0.0360374	-0.0295899	-0.0245783	-0.0249327	-0.0353472	-0.0521474	-0.0651928	-0.0701083	-0.0681751	-0.056791	-0.0467934	-0.0510217	-0.0751665	-0.119371	-0.185807	-0.258401	-0.323937	-0.375822	-0.414507	-0.421396	-0.390554	-0.329818	-0.252543	-0.178246	-0.114532	-0.0712114	-0.031555	0.0160312	0.0688229	0.120032	0.176759	0.251105	0.350741	0.470906	0.599867	0.742233	0.887382	1.01132	1.07699	1.05709	0.965463	0.830642	0.685952	0.551162	0.427939	0.318153	0.228624	0.163797	0.107988	0.0516026	0.00377946	-0.0358018	-0.0717971	-0.11715	-0.187879	-0.27096	-0.34253	-0.386837	-0.391049	-0.362979	-0.322204	-0.270906	-0.20368	-0.125689	-0.0526808	-0.00109476	0.0231997	0.0213388	0	
0	0.000778262	0.00174739	0.00131205	-0.00164312	-0.00210905	-0.00374512	-0.00652331	-0.00351991	-0.00287886	-0.00487491	-0.00274548	-0.0055317	-0.00672586	-0.00877997	-0.0138686	-0.0147134	-0.0144121	-0.0109091	-0.0114982	-0.00925083	-0.0140799	-0.0225028	-0.0225222	-0.0222414	-0.0193857	-0.0150692	-0.0161758	-0.0281923	-0.0389112	-0.0384057	-0.0295899	-0.0256822	-0.0310783	-0.0363174	-0.0489914	-0.0673957	-0.0760846	-0.0688078	-0.0572617	-0.0505573	-0.0530491	-0.0714615	-0.109163	-0.16898	-0.246227	-0.315622	-0.364941	-0.395819	-0.41127	-0.393865	-0.331279	-0.241234	-0.143024	-0.0596855	0.000685595	0.0381368	0.0674061	0.0973194	0.12316	0.138321	0.156048	0.198422	0.27994	0.39326	0.527415	0.682573	0.836724	0.966396	1.037	1.01713	0.918994	0.77345	0.617924	0.476616	0.353935	0.254024	0.186671	0.156222	0.141008	0.122446	0.101621	0.0749789	0.0419496	-0.00420357	-0.0789036	-0.171991	-0.260271	-0.329466	-0.368382	-0.376623	-0.360512	-0.32063	-0.256965	-0.172582	-0.0828332	-0.0167651	0.0110643	0.0113413	0	
0	-0.00319827	-0.007763	-0.00799779	-0.00787845	-0.00749742	-0.0038439	-0.00223121	-0.000592348	-0.000372032	-0.00106812	-0.000398172	-0.00587823	-0.00990423	-0.0104185	-0.0113029	-0.00964309	-0.00651042	-0.00737081	-0.0115057	-0.0158617	-0.0219235	-0.0265297	-0.019394	-0.0156734	-0.0166053	-0.0202312	-0.0290435	-0.0400663	-0.0399333	-0.0304838	-0.0245783	-0.0310783	-0.0414084	-0.0481934	-0.0625506	-0.0779443	-0.0750184	-0.0561807	-0.0474205	-0.0528871	-0.0705422	-0.101709	-0.154479	-0.226853	-0.304195	-0.359725	-0.387388	-0.395755	-0.388704	-0.341287	-0.249908	-0.135724	-0.026615	0.054955	0.110516	0.138847	0.155477	0.164912	0.158714	0.135636	0.118489	0.134239	0.200803	0.314231	0.456203	0.621767	0.790842	0.933303	1.00856	0.988127	0.885906	0.731841	0.562034	0.402972	0.268136	0.169857	0.121619	0.127428	0.157776	0.180709	0.186762	0.172084	0.144844	0.1062	0.0410502	-0.0481589	-0.150279	-0.255185	-0.337055	-0.374658	-0.37284	-0.34733	-0.300706	-0.222484	-0.125825	-0.0538368	-0.0248412	-0.0142485	0	
0	-0.00129349	-0.000654007	-0.00192082	-0.00359661	-0.00250172	-0.00359824	-0.00578705	-0.00476991	-0.00663395	-0.0116649	-0.012043	-0.0140783	-0.0108038	-0.00628884	-0.00528004	-0.00292174	-0.00494941	-0.00919657	-0.0177935	-0.0176935	-0.0172064	-0.0147829	-0.00784538	-0.010711	-0.0199313	-0.0278924	-0.0331024	-0.0338214	-0.0269812	-0.0208808	-0.0249327	-0.0363174	-0.0481934	-0.0563394	-0.068947	-0.073592	-0.0580118	-0.040429	-0.0442652	-0.0667033	-0.097489	-0.144172	-0.211463	-0.288512	-0.356229	-0.390878	-0.39708	-0.38396	-0.34935	-0.272197	-0.151714	-0.0214403	0.0915924	0.17175	0.220665	0.24041	0.240105	0.219036	0.173257	0.108765	0.0554461	0.0500644	0.112649	0.231562	0.38864	0.574032	0.757108	0.909412	0.992716	0.974889	0.866026	0.695434	0.504856	0.327552	0.180652	0.0816773	0.0492897	0.0846257	0.150492	0.208875	0.24486	0.252802	0.24448	0.223382	0.171765	0.0848159	-0.0334514	-0.169313	-0.282522	-0.34242	-0.358212	-0.352892	-0.327835	-0.26771	-0.183898	-0.116414	-0.0780778	-0.0443989	0	
0	0.00254622	0.00241419	0.00490067	0.00477619	0.00248194	0.000595362	-0.00433365	-0.00878197	-0.0133116	-0.0146031	-0.0105839	-0.0101908	-0.00906331	-0.00693499	-0.010583	-0.0152034	-0.018897	-0.0232925	-0.0229944	-0.0174213	-0.0129081	-0.0142819	-0.0137095	-0.0235406	-0.0330227	-0.0346106	-0.0306282	-0.0271043	-0.0240755	-0.0264011	-0.0353472	-0.0489914	-0.0625506	-0.068947	-0.0721038	-0.0640676	-0.0486817	-0.0434988	-0.0661211	-0.10171	-0.147235	-0.207773	-0.281472	-0.350332	-0.395862	-0.406223	-0.387818	-0.346975	-0.281396	-0.171001	-0.030582	0.107189	0.217675	0.289077	0.328538	0.330925	0.302325	0.244098	0.155403	0.0514656	-0.0265296	-0.0420081	0.0231768	0.157703	0.334255	0.537159	0.737535	0.901566	0.985575	0.960562	0.841197	0.659246	0.455415	0.263511	0.10611	0.00268027	-0.0284182	0.0177515	0.107752	0.20181	0.278499	0.325219	0.347214	0.343079	0.296429	0.20755	0.0831928	-0.0632516	-0.193866	-0.278206	-0.3197	-0.33664	-0.33523	-0.306358	-0.252818	-0.194394	-0.136939	-0.0721316	0	
0	1.62601e-05	0.00240538	-3.00298e-05	-0.00267314	-0.00358737	-0.00678008	-0.00802478	-0.00557051	-0.00291102	-0.00259836	-0.000977986	-0.00421254	-0.00600667	-0.0103145	-0.0180551	-0.0205951	-0.021502	-0.0195764	-0.018152	-0.0124878	-0.0158513	-0.0239107	-0.0287201	-0.0361875	-0.0392128	-0.0336555	-0.0288264	-0.0292913	-0.0333084	-0.0398927	-0.0521474	-0.0673957	-0.0779443	-0.073592	-0.0640676	-0.0548802	-0.050182	-0.0631994	-0.0986256	-0.147378	-0.204938	-0.272676	-0.339671	-0.387098	-0.408024	-0.392712	-0.348862	-0.279037	-0.181796	-0.0498497	0.100248	0.23476	0.335484	0.397243	0.420531	0.398584	0.336853	0.237006	0.108467	-0.0239875	-0.117776	-0.132291	-0.052161	0.0997177	0.295357	0.51506	0.72204	0.886106	0.969116	0.944394	0.823985	0.635709	0.422471	0.218925	0.0444688	-0.0779483	-0.120186	-0.0712879	0.0389167	0.172001	0.297301	0.387367	0.438145	0.447144	0.404887	0.321064	0.205034	0.0630601	-0.0768197	-0.184545	-0.254021	-0.298818	-0.32986	-0.33866	-0.315622	-0.264951	-0.190705	-0.0984264	0	
0	-0.00484921	-0.010868	-0.0120318	-0.0126321	-0.0110622	-0.007302	-0.00408726	-0.000852321	-0.00105221	-0.00173819	-0.0012628	-0.00615462	-0.0115277	-0.0128401	-0.0156989	-0.014319	-0.0105367	-0.00959817	-0.0100951	-0.0137754	-0.0217687	-0.0313796	-0.0306312	-0.0334589	-0.0317659	-0.0266768	-0.0255061	-0.0318523	-0.0404459	-0.0510835	-0.0651928	-0.0760846	-0.0750184	-0.0580118	-0.0486817	-0.050182	-0.063591	-0.0897506	-0.139379	-0.199986	-0.266313	-0.329542	-0.377238	-0.401014	-0.396392	-0.35709	-0.285336	-0.185502	-0.0661017	0.0785257	0.225881	0.351161	0.441297	0.488141	0.491483	0.440862	0.342584	0.207263	0.0495208	-0.102481	-0.200029	-0.208474	-0.118699	0.047177	0.255579	0.484061	0.700481	0.873566	0.961915	0.939114	0.817887	0.626256	0.402241	0.178257	-0.018753	-0.160414	-0.215585	-0.165778	-0.035734	0.131192	0.294135	0.419587	0.500265	0.530319	0.50237	0.432171	0.330701	0.199477	0.0594489	-0.0632134	-0.161746	-0.245829	-0.317196	-0.356275	-0.350363	-0.307112	-0.230558	-0.123313	0	
0	-0.00183636	0.000281184	-0.00248247	-0.00314347	-0.00254762	-0.00529061	-0.00632472	-0.00777407	-0.00958013	-0.0129304	-0.0153694	-0.0193386	-0.0172491	-0.0140492	-0.0126445	-0.00809163	-0.00651712	-0.0103181	-0.0167273	-0.019624	-0.0259361	-0.0292702	-0.025409	-0.0247888	-0.0235088	-0.0204161	-0.0254541	-0.0370242	-0.0505506	-0.0617453	-0.0701083	-0.0688078	-0.0561807	-0.040429	-0.0434988	-0.0631994	-0.0897506	-0.130739	-0.193558	-0.264182	-0.327591	-0.373474	-0.398473	-0.397423	-0.370277	-0.303182	-0.201993	-0.0783172	0.0561651	0.20201	0.343748	0.460897	0.539362	0.571316	0.549869	0.465475	0.332327	0.163441	-0.0205693	-0.185314	-0.2867	-0.289666	-0.185753	-0.00566622	0.218876	0.463833	0.690845	0.869803	0.961201	0.941115	0.81933	0.617712	0.377633	0.137027	-0.0776688	-0.235182	-0.297619	-0.247257	-0.111025	0.0712713	0.259423	0.416593	0.531442	0.592769	0.590339	0.540693	0.456553	0.339705	0.20614	0.0736209	-0.05462	-0.180063	-0.286635	-0.343492	-0.34541	-0.312335	-0.245884	-0.137319	0	
