0	0	0	0	0	0	0	0	0	0	0	0	0	0	0	0	0	0	0	0	0	0	0	0	0	0	0	0	0	0	0	0	0	0	0	0	0	0	0	0	0	0	0	0	0	0	0	0	0	0	0	0	0	0	0	0	0	0	0	0	0	0	0	0	0	0	0	0	0	0	0	0	0	0	0	0	0	0	0	0	0	0	0	0	0	0	0	0	0	0	0	0	0	0	0	0	0	0	0	0	
0	0.000336059	0.00113136	0.00323595	0.0083621	0.019562	0.0413482	0.0788595	0.135701	0.211063	0.297892	0.383911	0.455471	0.502075	0.519123	0.507995	0.474209	0.424937	0.366965	0.305571	0.244359	0.185672	0.131055	0.0815187	0.0377633	0.000317789	-0.0304116	-0.0541121	-0.0705479	-0.079563	-0.0810729	-0.0750622	-0.0615873	-0.0407719	-0.0128168	0.0219976	0.0633025	0.110615	0.163302	0.220497	0.280904	0.342559	0.402433	0.455929	0.496779	0.517763	0.51242	0.47744	0.414912	0.333147	0.245016	0.163897	0.0992289	0.0542306	0.0267359	0.0119003	0.00479166	0.00174996	0.000581452	0.000176343	4.89778e-05	1.24983e-05	2.9396e-06	6.39182e-07	1.28857e-07	2.41499e-08	4.2185e-09	6.88466e-10	1.05213e-10	1.50881e-11	2.03446e-12	2.58418e-13	3.09756e-14	3.50962e-15	3.76463e-16	3.82864e-17	3.69685e-18	3.39354e-19	2.96518e-20	2.46908e-21	1.96152e-22	1.48827e-23	1.07955e-24	7.49367e-26	4.98231e-27	3.17564e-28	1.94204e-29	1.14039e-30	6.43505e-32	3.49193e-33	1.82347e-34	9.16932e-36	4.44286e-37	2.07558e-38	9.35457e-40	4.0697e-41	1.70998e-42	6.9428e-44	2.72151e-45	0	
0	0.00113136	0.00364056	0.00986386	0.0240556	0.0529704	0.105182	0.188268	0.304235	0.445647	0.595763	0.733612	0.840987	0.90713	0.929487	0.911753	0.861039	0.78544	0.692563	0.58899	0.480395	0.371741	0.26716	0.169919	0.0825726	0.00704381	-0.0552998	-0.103507	-0.136963	-0.155307	-0.158359	-0.146097	-0.118636	-0.0762655	-0.0194818	0.050914	0.13374	0.227315	0.329329	0.436799	0.545945	0.652129	0.749996	0.833359	0.894988	0.926849	0.921193	0.872639	0.780935	0.653455	0.505766	0.358516	0.230934	0.134477	0.0706132	0.0334237	0.0142789	0.00551836	0.00193503	0.000617674	0.000180098	4.81309e-05	1.18291e-05	2.68211e-06	5.62762e-07	1.09582e-07	1.98562e-08	3.35654e-09	5.30594e-10	7.8609e-11	1.09378e-11	1.43214e-12	1.76782e-13	2.06081e-14	2.27243e-15	2.37388e-16	2.35273e-17	2.21523e-18	1.98409e-19	1.6925e-20	1.37664e-21	1.06884e-22	7.92967e-24	5.62704e-25	3.82292e-26	2.4888e-27	1.55394e-28	9.31287e-30	5.36136e-31	2.9671e-32	1.57967e-33	8.096e-35	3.99698e-36	1.90205e-37	8.72971e-39	3.86652e-40	1.65357e-41	6.83186e-43	2.72438e-44	0	
0	0.00323595	0.00986386	0.0250035	0.0567033	0.115562	0.21155	0.348229	0.517544	0.699993	0.871675	1.01338	1.11499	1.17386	1.19128	1.17006	1.11364	1.02631	0.913522	0.78205	0.639644	0.493929	0.351445	0.2176	0.0966835	-0.00819343	-0.0948621	-0.16187	-0.208354	-0.233817	-0.238028	-0.220972	-0.182788	-0.123878	-0.0449368	0.0528472	0.167628	0.296722	0.436353	0.581523	0.726135	0.862904	0.984007	1.08223	1.15159	1.18736	1.18576	1.14369	1.05911	0.932692	0.771156	0.590245	0.412924	0.261546	0.149154	0.076415	0.0351831	0.0145875	0.00546305	0.00185454	0.000572817	0.00016159	4.17856e-05	9.93993e-06	2.18238e-06	4.43635e-07	8.3742e-08	1.47188e-08	2.41502e-09	3.70788e-10	5.33893e-11	7.22454e-12	9.20532e-13	1.10645e-13	1.25671e-14	1.35097e-15	1.37663e-16	1.33159e-17	1.22431e-18	1.07134e-19	8.93313e-21	7.10576e-22	5.3978e-23	3.91984e-24	2.72387e-25	1.8129e-26	1.15668e-27	7.08055e-29	4.16186e-30	2.35075e-31	1.27685e-32	6.67414e-34	3.3594e-35	1.62937e-36	7.61969e-38	3.43773e-39	1.49717e-40	6.2975e-42	2.55593e-43	0	
0	0.0083621	0.0240556	0.0567033	0.118675	0.221922	0.371077	0.556707	0.755533	0.940378	1.09267	1.2064	1.28227	1.321	1.32186	1.2841	1.20875	1.09975	0.963822	0.809694	0.646473	0.4819	0.322428	0.173646	0.0398368	-0.0759418	-0.17143	-0.245187	-0.296336	-0.324344	-0.328995	-0.310241	-0.268244	-0.203393	-0.116445	-0.00858452	0.118278	0.261415	0.417151	0.580415	0.745074	0.903925	1.04822	1.16892	1.25838	1.31149	1.32611	1.3024	1.24136	1.14292	1.00582	0.832434	0.636182	0.442011	0.276299	0.15459	0.0773324	0.034642	0.0139399	0.00505857	0.00166241	0.000496869	0.000135622	3.39401e-05	7.8162e-06	1.66218e-06	3.27454e-07	5.99393e-08	1.02226e-08	1.62861e-09	2.42949e-10	3.40112e-11	4.47748e-12	5.55384e-13	6.50257e-14	7.19854e-15	7.54679e-16	7.50388e-17	7.08641e-18	6.36441e-19	5.44285e-20	4.43754e-21	3.45298e-22	2.56709e-23	1.82525e-24	1.24237e-25	8.1026e-27	5.06779e-28	3.04224e-29	1.75425e-30	9.72384e-32	5.18499e-33	2.66147e-34	1.31596e-35	6.27175e-37	2.88286e-38	1.27879e-39	5.47717e-41	2.26288e-42	0	
0	0.019562	0.0529704	0.115562	0.221922	0.378536	0.575369	0.785365	0.977113	1.13174	1.24714	1.32684	1.36993	1.37249	1.33264	1.25239	1.13749	0.996111	0.837269	0.669646	0.499913	0.3332	0.17477	0.029109	-0.100732	-0.212297	-0.303796	-0.374288	-0.423052	-0.449748	-0.454266	-0.43647	-0.396574	-0.334682	-0.251453	-0.147712	-0.0249011	0.114732	0.26838	0.432321	0.601435	0.77068	0.934032	1.08347	1.21003	1.30501	1.36158	1.37609	1.34882	1.2834	1.18258	1.04394	0.865703	0.659599	0.453667	0.278762	0.152422	0.0741911	0.0322422	0.0125629	0.00440962	0.00140102	0.000404804	0.000106837	2.58626e-05	5.76437e-06	1.18713e-06	2.26634e-07	4.02291e-08	6.65809e-09	1.03008e-09	1.49326e-10	2.03283e-11	2.60414e-12	3.14525e-13	3.58797e-14	3.87233e-15	3.9601e-16	3.84318e-17	3.54427e-18	3.11014e-19	2.60008e-20	2.07325e-21	1.57853e-22	1.1488e-23	7.99934e-25	5.3345e-26	3.40997e-27	2.0912e-28	1.23135e-29	6.96702e-31	3.79063e-32	1.98465e-33	1.00059e-34	4.86091e-36	2.27683e-37	1.02887e-38	4.48797e-40	1.88777e-41	0	
0	0.0413482	0.105182	0.21155	0.371077	0.575369	0.795024	0.993956	1.15132	1.2676	1.34796	1.38776	1.37911	1.32184	1.22257	1.09064	0.936032	0.767472	0.592513	0.416933	0.244677	0.0806947	-0.0701138	-0.205269	-0.323133	-0.422167	-0.50211	-0.562891	-0.604475	-0.627181	-0.631055	-0.61608	-0.582229	-0.52923	-0.456913	-0.365398	-0.254881	-0.126258	0.0184956	0.177589	0.347064	0.521782	0.697664	0.869582	1.03073	1.17285	1.28634	1.36154	1.39021	1.36922	1.30421	1.20259	1.06239	0.878785	0.663497	0.448801	0.269419	0.143207	0.0675359	0.0283779	0.0106792	0.00361867	0.00110993	0.000309695	7.8972e-05	1.84824e-05	3.98549e-06	7.94691e-07	1.47005e-07	2.53041e-08	4.06421e-09	6.10658e-10	8.60364e-11	1.13914e-11	1.42025e-12	1.67058e-13	1.85717e-14	1.95447e-15	1.95017e-16	1.84761e-17	1.66432e-18	1.42727e-19	1.16666e-20	9.10022e-22	6.78102e-23	4.83193e-24	3.29573e-25	2.15372e-26	1.34964e-27	8.11704e-29	4.68899e-30	2.60371e-31	1.39076e-32	7.15097e-34	3.54174e-35	1.69078e-36	7.7847e-38	3.45887e-39	1.48146e-40	0	
0	0.0788595	0.188268	0.348229	0.556707	0.785365	0.993956	1.15744	1.27686	1.35883	1.39457	1.37163	1.29337	1.17292	1.02129	0.848109	0.661638	0.469112	0.277881	0.0931958	-0.0794827	-0.234409	-0.369956	-0.486518	-0.58357	-0.661894	-0.723314	-0.768489	-0.798836	-0.815216	-0.817838	-0.807261	-0.782546	-0.743679	-0.688889	-0.617411	-0.527954	-0.419058	-0.290826	-0.143684	0.0223961	0.202783	0.392065	0.584885	0.774588	0.953993	1.11517	1.2492	1.34599	1.3923	1.37926	1.31426	1.21013	1.06534	0.873298	0.648304	0.427966	0.249308	0.128116	0.0582863	0.0236018	0.00855663	0.00279377	0.000826093	0.00022236	5.47428e-05	1.23798e-05	2.58179e-06	4.98316e-07	8.93068e-08	1.49059e-08	2.32337e-09	3.39049e-10	4.64303e-11	5.97961e-12	7.25678e-13	8.31426e-14	9.00875e-15	9.24636e-16	9.00328e-17	8.32862e-18	7.3294e-19	6.14376e-20	4.9112e-21	3.74814e-22	2.73389e-23	1.90775e-24	1.27482e-25	8.16513e-27	5.01691e-28	2.95956e-29	1.67755e-30	9.14343e-32	4.79554e-33	2.42191e-34	1.17857e-35	5.52972e-37	2.503e-38	1.09178e-39	0	
0	0.135701	0.304235	0.517544	0.755533	0.977113	1.15132	1.27686	1.36231	1.39687	1.36306	1.26747	1.13024	0.960892	0.765814	0.555203	0.338493	0.126527	-0.0722577	-0.25253	-0.408804	-0.54038	-0.650028	-0.738482	-0.806982	-0.859566	-0.898266	-0.925116	-0.942587	-0.951538	-0.952825	-0.946999	-0.932869	-0.910096	-0.876583	-0.82997	-0.768025	-0.688139	-0.586643	-0.464065	-0.317754	-0.146736	0.0451216	0.252816	0.468757	0.683041	0.885564	1.06597	1.21668	1.33094	1.39136	1.38298	1.3158	1.20686	1.05346	0.849201	0.614495	0.392704	0.220507	0.10897	0.0476299	0.0185282	0.00645605	0.0020275	0.00057718	0.000149725	3.55612e-05	7.7666e-06	1.56587e-06	2.92478e-07	5.07743e-08	8.21659e-09	1.24283e-09	1.76148e-10	2.34472e-11	2.93743e-12	3.47026e-13	3.87316e-14	4.09089e-15	4.09553e-16	3.89213e-17	3.51605e-18	3.02333e-19	2.4775e-20	1.93708e-21	1.44665e-22	1.03304e-23	7.06054e-25	4.62308e-26	2.90259e-27	1.74892e-28	1.01212e-29	5.63006e-31	3.01251e-32	1.55161e-33	7.69789e-35	3.68106e-36	1.69767e-37	7.54221e-39	0	
0	0.211063	0.445647	0.699993	0.940378	1.13174	1.2676	1.35883	1.39687	1.35954	1.25292	1.1037	0.919127	0.70042	0.464102	0.224877	-0.00503907	-0.214381	-0.399332	-0.555816	-0.683016	-0.784326	-0.861382	-0.915617	-0.952726	-0.977437	-0.991579	-0.999865	-1.00385	-1.00526	-1.00571	-1.00409	-1.00161	-0.994717	-0.983657	-0.963985	-0.932271	-0.885643	-0.818298	-0.726364	-0.610052	-0.465148	-0.291615	-0.0914495	0.131247	0.368118	0.607309	0.83523	1.03434	1.19767	1.32382	1.39115	1.38133	1.30914	1.19255	1.02566	0.805913	0.563312	0.345768	0.185959	0.0879414	0.0367917	0.0137104	0.00458168	0.00138171	0.000378218	9.44651e-05	2.16301e-05	4.55985e-06	8.88429e-07	1.60542e-07	2.69914e-08	4.23439e-09	6.2149e-10	8.55484e-11	1.10687e-11	1.34894e-12	1.55143e-13	1.6869e-14	1.73696e-15	1.69631e-16	1.57353e-17	1.38831e-18	1.16654e-19	9.34631e-21	7.14835e-22	5.22473e-23	3.65308e-24	2.44575e-25	1.56936e-26	9.65986e-28	5.70844e-29	3.24121e-30	1.76958e-31	9.29645e-33	4.70273e-34	2.29222e-35	1.07723e-36	4.87494e-38	0	
0	0.297892	0.595763	0.871675	1.09267	1.24714	1.34796	1.39457	1.36306	1.25292	1.09488	0.89795	0.657586	0.398257	0.142682	-0.101576	-0.321319	-0.512148	-0.670957	-0.794357	-0.885215	-0.945706	-0.979692	-0.994112	-0.996744	-0.990184	-0.979578	-0.969006	-0.959776	-0.954521	-0.953976	-0.956961	-0.965274	-0.974965	-0.985751	-0.994369	-0.996927	-0.98729	-0.962932	-0.912976	-0.834806	-0.724414	-0.579816	-0.401572	-0.192743	0.0427905	0.295028	0.554583	0.806161	1.0214	1.19462	1.32728	1.39228	1.37422	1.29407	1.16562	0.97976	0.743163	0.497294	0.291049	0.14908	0.0671763	0.0268127	0.00954789	0.00305419	0.000883187	0.000232199	5.57902e-05	1.23071e-05	2.503e-06	4.71092e-07	8.23323e-08	1.34028e-08	2.03801e-09	2.90218e-10	3.87954e-11	4.87892e-12	5.78403e-13	6.47615e-14	6.86023e-15	6.88656e-16	6.56097e-17	5.9409e-18	5.11961e-19	4.20403e-20	3.29348e-21	2.46427e-22	1.76289e-23	1.20698e-24	7.91637e-26	4.97844e-27	3.00452e-28	1.7415e-29	9.70241e-31	5.19952e-32	2.68215e-33	1.3327e-34	6.38255e-36	2.94243e-37	0	
0	0.383911	0.733612	1.01338	1.2064	1.32684	1.38776	1.37163	1.26747	1.1037	0.89795	0.642525	0.364098	0.0957802	-0.162897	-0.397926	-0.596283	-0.757197	-0.873049	-0.948511	-0.98667	-0.995713	-0.984084	-0.960474	-0.929564	-0.896115	-0.866217	-0.840681	-0.823049	-0.813088	-0.811099	-0.81881	-0.832623	-0.856371	-0.883765	-0.915427	-0.948398	-0.975807	-0.993311	-0.993911	-0.967907	-0.908294	-0.808575	-0.666058	-0.481805	-0.260908	-0.00945834	0.255197	0.531374	0.800945	1.02685	1.20768	1.34018	1.39278	1.361	1.26951	1.12294	0.91327	0.662058	0.420624	0.233237	0.113236	0.0484432	0.0183963	0.00624661	0.00190957	0.000528806	0.000133398	3.08082e-05	6.5433e-06	1.2832e-06	2.33205e-07	3.9406e-08	6.20963e-09	9.15036e-10	1.26406e-10	1.64078e-11	2.00546e-12	2.31264e-13	2.52073e-14	2.60139e-15	2.54584e-16	2.36618e-17	2.0915e-18	1.76046e-19	1.41282e-20	1.08228e-21	7.9225e-23	5.54753e-24	3.71944e-25	2.39001e-26	1.47315e-27	8.71743e-29	4.95641e-30	2.70966e-31	1.42544e-32	7.22049e-34	3.52419e-35	1.65517e-36	0	
0	0.455471	0.840987	1.11499	1.28227	1.36993	1.37911	1.29337	1.13024	0.919127	0.657586	0.364098	0.0809511	-0.192936	-0.447058	-0.651793	-0.811774	-0.91918	-0.978144	-0.996887	-0.98152	-0.946047	-0.895679	-0.840323	-0.784991	-0.736088	-0.69532	-0.664157	-0.643253	-0.631006	-0.628987	-0.637435	-0.653809	-0.682094	-0.719076	-0.765225	-0.816218	-0.873759	-0.926227	-0.970202	-0.99363	-0.990654	-0.947583	-0.861207	-0.721497	-0.534875	-0.299252	-0.0295308	0.248689	0.541187	0.820396	1.05101	1.23577	1.35808	1.38933	1.34057	1.23253	1.06013	0.824865	0.566055	0.339001	0.177162	0.0812109	0.0328886	0.0118561	0.00383219	0.00111799	0.000296158	7.16193e-05	1.58873e-05	3.24679e-06	6.13663e-07	1.07646e-07	1.75806e-08	2.681e-09	3.82763e-10	5.12846e-11	6.46298e-12	7.67646e-13	8.60991e-14	9.13511e-15	9.18378e-16	8.76172e-17	7.94406e-18	6.85437e-19	5.63526e-20	4.41979e-21	3.3107e-22	2.371e-23	1.62507e-24	1.06699e-25	6.71718e-27	4.05814e-28	2.35471e-29	1.31328e-30	7.04544e-32	3.63834e-33	1.80981e-34	8.65945e-36	0	
0	0.502075	0.90713	1.17386	1.321	1.37249	1.32184	1.17292	0.960892	0.70042	0.398257	0.0957802	-0.192936	-0.464492	-0.677983	-0.837246	-0.944733	-0.991335	-0.996299	-0.957535	-0.896961	-0.819574	-0.740803	-0.667063	-0.605239	-0.553468	-0.515555	-0.487753	-0.467879	-0.458937	-0.457133	-0.462652	-0.47929	-0.501421	-0.536887	-0.583941	-0.640984	-0.709625	-0.786813	-0.867328	-0.935582	-0.984975	-0.998451	-0.96903	-0.887711	-0.746797	-0.557772	-0.305752	-0.0208208	0.275054	0.582731	0.862809	1.0943	1.27501	1.37447	1.37897	1.31058	1.17783	0.972965	0.716094	0.461297	0.258903	0.126998	0.0548025	0.0209622	0.00716101	0.00220018	0.000611866	0.000154901	3.58817e-05	7.64025e-06	1.50156e-06	2.73394e-07	4.62701e-08	7.30128e-09	1.07718e-09	1.48961e-10	1.93534e-11	2.36745e-12	2.73213e-13	2.98002e-14	3.07734e-15	3.01346e-16	2.80242e-17	2.47849e-18	2.08735e-19	1.67608e-20	1.28466e-21	9.40915e-23	6.59228e-24	4.4225e-25	2.8435e-26	1.75378e-27	1.03848e-28	5.90843e-30	3.23242e-31	1.70169e-32	8.62648e-34	4.20483e-35	0	
0	0.519123	0.929487	1.19128	1.32186	1.33264	1.22257	1.02129	0.765814	0.464102	0.142682	-0.162897	-0.447058	-0.677983	-0.843818	-0.958808	-0.999576	-0.988527	-0.930865	-0.842317	-0.745242	-0.647086	-0.565706	-0.497421	-0.446028	-0.408945	-0.383554	-0.365293	-0.353811	-0.350671	-0.347973	-0.352184	-0.361279	-0.374922	-0.397473	-0.428516	-0.476903	-0.535749	-0.612807	-0.703659	-0.805241	-0.896966	-0.971701	-0.999743	-0.984029	-0.896932	-0.750455	-0.547868	-0.279548	0.0179374	0.335079	0.650753	0.926191	1.15484	1.31749	1.3831	1.35935	1.266	1.09853	0.859881	0.592549	0.355909	0.186381	0.0855563	0.0346796	0.0125083	0.00404387	0.00117974	0.000312455	7.55361e-05	1.6749e-05	3.4212e-06	6.46273e-07	1.133e-07	1.84931e-08	2.81845e-09	4.02148e-10	5.38505e-11	6.78254e-12	8.05174e-13	9.0263e-14	9.57245e-15	9.61936e-16	9.17377e-17	8.31484e-18	7.17219e-19	5.89512e-20	4.6227e-21	3.46219e-22	2.47925e-23	1.6992e-24	1.11567e-25	7.02404e-27	4.24401e-28	2.46296e-29	1.37395e-30	7.37296e-32	3.80868e-33	1.89107e-34	0	
0	0.507995	0.911753	1.17006	1.2841	1.25239	1.09064	0.848109	0.555203	0.224877	-0.101576	-0.397926	-0.651793	-0.837246	-0.958808	-1.00285	-0.977378	-0.909873	-0.800637	-0.689691	-0.578373	-0.493124	-0.423891	-0.381037	-0.350403	-0.336799	-0.322839	-0.318848	-0.317083	-0.313801	-0.314817	-0.31568	-0.316425	-0.322974	-0.330139	-0.343264	-0.367619	-0.404412	-0.463438	-0.540069	-0.644288	-0.755813	-0.869446	-0.955871	-0.998575	-0.9872	-0.893094	-0.734917	-0.506207	-0.223286	0.0915127	0.426501	0.739719	1.00921	1.22524	1.35309	1.38005	1.32673	1.19854	0.989157	0.724475	0.463605	0.258355	0.125852	0.0539535	0.0205126	0.00696833	0.00212997	0.000589529	0.000148591	3.42801e-05	7.27167e-06	1.42411e-06	2.58445e-07	4.36069e-08	6.8615e-09	1.00962e-09	1.39272e-10	1.8053e-11	2.20362e-12	2.53797e-13	2.76309e-14	2.8484e-15	2.78479e-16	2.58593e-17	2.2839e-18	1.92106e-19	1.54078e-20	1.17972e-21	8.63241e-23	6.04293e-24	4.0509e-25	2.60284e-26	1.60442e-27	9.49567e-29	5.40033e-30	2.95346e-31	1.55444e-32	7.86055e-34	0	
0	0.474209	0.861039	1.11364	1.20875	1.13749	0.936032	0.661638	0.338493	-0.00503907	-0.321319	-0.596283	-0.811774	-0.944733	-0.999576	-0.977378	-0.902432	-0.784186	-0.653742	-0.534073	-0.43982	-0.380857	-0.346482	-0.333686	-0.325993	-0.322097	-0.321773	-0.320604	-0.321533	-0.318254	-0.32095	-0.320458	-0.319635	-0.322225	-0.321464	-0.325067	-0.328812	-0.341614	-0.363434	-0.413071	-0.490962	-0.604889	-0.730775	-0.86013	-0.952191	-0.999407	-0.976064	-0.874501	-0.692207	-0.43657	-0.135809	0.201851	0.542308	0.847415	1.10716	1.29248	1.3739	1.3626	1.27333	1.09905	0.849718	0.576334	0.340457	0.175453	0.0793522	0.0317319	0.0113054	0.00361451	0.00104388	0.000273943	6.56723e-05	1.44504e-05	2.93091e-06	5.50067e-07	9.58571e-08	1.55593e-08	2.35916e-09	3.3501e-10	4.46615e-11	5.60199e-12	6.62475e-13	7.40004e-14	7.82165e-15	7.83557e-16	7.451e-17	6.73518e-18	5.79504e-19	4.75208e-20	3.71832e-21	2.77926e-22	1.98652e-23	1.35916e-24	8.90998e-26	5.60145e-27	3.37999e-28	1.95918e-29	1.09173e-30	5.85273e-32	3.01357e-33	0	
0	0.424937	0.78544	1.02631	1.09975	0.996111	0.767472	0.469112	0.126527	-0.214381	-0.512148	-0.757197	-0.91918	-0.991335	-0.988527	-0.909873	-0.784186	-0.639421	-0.509092	-0.412163	-0.361913	-0.341198	-0.339301	-0.334137	-0.332943	-0.328072	-0.326421	-0.319976	-0.317401	-0.316463	-0.314705	-0.316891	-0.319912	-0.322664	-0.328038	-0.331073	-0.332339	-0.338488	-0.33927	-0.351127	-0.385836	-0.465396	-0.583849	-0.72664	-0.863651	-0.964657	-0.999701	-0.957368	-0.833223	-0.617847	-0.338918	-0.0113082	0.342534	0.676596	0.972189	1.20732	1.34331	1.37624	1.32503	1.18778	0.962836	0.688404	0.429203	0.233172	0.110918	0.0465298	0.0173453	0.00578834	0.00174098	0.00047486	0.000118103	2.69169e-05	5.64638e-06	1.09453e-06	1.96765e-07	3.29112e-08	5.13686e-09	7.50205e-10	1.02769e-10	1.32352e-11	1.60581e-12	1.83906e-13	1.99166e-14	2.04307e-15	1.98828e-16	1.83836e-17	1.61712e-18	1.35508e-19	1.08301e-20	8.2649e-22	6.02906e-23	4.20835e-24	2.81349e-25	1.80322e-26	1.10893e-27	6.54887e-29	3.71693e-30	2.02899e-31	1.06341e-32	0	
0	0.366965	0.692563	0.913522	0.963822	0.837269	0.592513	0.277881	-0.0722577	-0.399332	-0.670957	-0.873049	-0.978144	-0.996299	-0.930865	-0.800637	-0.653742	-0.509092	-0.407381	-0.354691	-0.343382	-0.344892	-0.341698	-0.331876	-0.321284	-0.309425	-0.298061	-0.290506	-0.284192	-0.280973	-0.280314	-0.281951	-0.287546	-0.293562	-0.305535	-0.316394	-0.327422	-0.337914	-0.345628	-0.344024	-0.346586	-0.380298	-0.46231	-0.593324	-0.742743	-0.883564	-0.979855	-0.995046	-0.926768	-0.761389	-0.513929	-0.205162	0.1494	0.503663	0.827909	1.10442	1.29196	1.37044	1.35656	1.25583	1.06059	0.794911	0.520676	0.297036	0.148114	0.0649856	0.0252789	0.00878344	0.00274512	0.000776593	0.0002	4.71285e-05	1.02078e-05	2.04062e-06	3.77894e-07	6.50449e-08	1.04378e-08	1.56588e-09	2.20173e-10	2.90828e-11	3.61666e-12	4.24269e-13	4.70366e-14	4.93669e-15	4.91285e-16	4.6428e-17	4.17234e-18	3.57031e-19	2.91269e-20	2.26804e-21	1.68753e-22	1.20102e-23	8.1842e-25	5.34482e-26	3.34816e-27	2.01356e-28	1.16347e-29	6.46414e-31	3.44703e-32	0	
0	0.305571	0.58899	0.78205	0.809694	0.669646	0.416933	0.0931958	-0.25253	-0.555816	-0.794357	-0.948511	-0.996887	-0.957535	-0.842317	-0.689691	-0.534073	-0.412163	-0.354691	-0.341017	-0.353654	-0.345777	-0.327034	-0.298988	-0.284426	-0.269102	-0.260013	-0.252091	-0.248048	-0.247178	-0.245408	-0.24837	-0.251963	-0.255376	-0.26546	-0.278954	-0.291873	-0.314987	-0.339955	-0.353737	-0.345856	-0.344548	-0.382278	-0.478696	-0.62645	-0.783611	-0.919335	-0.990896	-0.979839	-0.867497	-0.658333	-0.375358	-0.0301079	0.335385	0.681181	0.990532	1.22432	1.34819	1.37111	1.30515	1.14178	0.892208	0.611079	0.36458	0.189876	0.0868481	0.0351474	0.0126806	0.00410761	0.00120242	0.000319946	7.77907e-05	1.73639e-05	3.57328e-06	6.80504e-07	1.20345e-07	1.98251e-08	3.05085e-09	4.39715e-10	5.94978e-11	7.57464e-12	9.0915e-13	1.03071e-13	1.10567e-14	1.1241e-15	1.08477e-16	9.95049e-18	8.68768e-19	7.22872e-20	5.73894e-21	4.35212e-22	3.15593e-23	2.19051e-24	1.4567e-25	9.28941e-27	5.68559e-28	3.34261e-29	1.88909e-30	1.02438e-31	0	
0	0.244359	0.480395	0.639644	0.646473	0.499913	0.244677	-0.0794827	-0.408804	-0.683016	-0.885215	-0.98667	-0.98152	-0.896961	-0.745242	-0.578373	-0.43982	-0.361913	-0.343382	-0.353654	-0.348824	-0.314132	-0.277226	-0.262095	-0.257322	-0.249526	-0.2411	-0.245812	-0.239602	-0.241182	-0.241763	-0.23772	-0.244766	-0.242376	-0.244866	-0.254356	-0.26063	-0.266894	-0.298016	-0.336925	-0.355759	-0.345822	-0.348596	-0.400131	-0.517136	-0.677348	-0.84186	-0.956585	-0.996547	-0.938068	-0.771942	-0.520218	-0.192064	0.177022	0.538173	0.872216	1.14528	1.3127	1.37181	1.33842	1.20676	0.978048	0.697155	0.433168	0.234736	0.111542	0.0468141	0.0174853	0.00585421	0.00176864	0.000485052	0.000121408	2.78677e-05	5.89154e-06	1.15164e-06	2.08874e-07	3.52628e-08	5.55739e-09	8.19777e-10	1.13461e-10	1.47669e-11	1.81103e-12	2.09692e-13	2.29631e-14	2.38227e-15	2.34494e-16	2.19322e-17	1.95179e-18	1.65476e-19	1.33818e-20	1.03338e-21	7.62843e-23	5.38871e-24	3.64607e-25	2.36512e-26	1.47212e-27	8.7995e-29	5.05515e-30	2.78563e-31	0	
0	0.185672	0.371741	0.493929	0.4819	0.3332	0.0806947	-0.234409	-0.54038	-0.784326	-0.945706	-0.995713	-0.946047	-0.819574	-0.647086	-0.493124	-0.380857	-0.341198	-0.344892	-0.345777	-0.314132	-0.270693	-0.253916	-0.260743	-0.255043	-0.24729	-0.247131	-0.248065	-0.241203	-0.241598	-0.244358	-0.240046	-0.245213	-0.248197	-0.245995	-0.251847	-0.261138	-0.256146	-0.259773	-0.296103	-0.33706	-0.348456	-0.340331	-0.356855	-0.441558	-0.580833	-0.753317	-0.901894	-0.986499	-0.978743	-0.856085	-0.638393	-0.334124	0.031462	0.403295	0.755455	1.06012	1.2674	1.36158	1.35853	1.25697	1.05147	0.776416	0.500284	0.280998	0.138221	0.0599597	0.0231124	0.00797456	0.00247958	0.00069906	0.00017968	4.23127e-05	9.1694e-06	1.83583e-06	3.40799e-07	5.885e-08	9.48108e-09	1.4289e-09	2.01952e-10	2.68279e-11	3.35679e-12	3.96372e-13	4.42494e-14	4.67803e-15	4.69086e-16	4.46797e-17	4.04794e-18	3.49288e-19	2.87401e-20	2.25759e-21	1.69483e-22	1.21723e-23	8.37169e-25	5.5188e-26	3.49019e-27	2.11928e-28	1.23653e-29	6.91862e-31	0	
0	0.131055	0.26716	0.351445	0.322428	0.17477	-0.0701138	-0.369956	-0.650028	-0.861382	-0.979692	-0.984084	-0.895679	-0.740803	-0.565706	-0.423891	-0.346482	-0.339301	-0.341698	-0.327034	-0.277226	-0.253916	-0.258896	-0.270749	-0.249032	-0.241685	-0.240324	-0.231632	-0.226471	-0.226691	-0.226852	-0.226039	-0.229763	-0.237566	-0.24218	-0.241537	-0.265583	-0.264788	-0.254188	-0.261867	-0.309368	-0.338417	-0.34264	-0.336415	-0.385596	-0.501422	-0.67109	-0.840007	-0.957094	-0.995003	-0.915737	-0.730995	-0.453844	-0.098881	0.27904	0.644674	0.973926	1.21605	1.3433	1.3683	1.29438	1.11254	0.847208	0.563735	0.326904	0.165846	0.0741041	0.0293835	0.0104159	0.00332353	0.000960558	0.000252869	6.09388e-05	1.35042e-05	2.76296e-06	5.2383e-07	9.23313e-08	1.51757e-08	2.33228e-09	3.35991e-10	4.54769e-11	5.7955e-12	6.96759e-13	7.91693e-14	8.51627e-15	8.68659e-16	8.41394e-17	7.75e-18	6.79711e-19	5.68328e-20	4.53554e-21	3.45852e-22	2.52251e-23	1.76149e-24	1.1788e-25	7.56649e-27	4.66241e-28	2.76015e-29	1.56656e-30	0	
0	0.0815187	0.169919	0.2176	0.173646	0.029109	-0.205269	-0.486518	-0.738482	-0.915617	-0.994112	-0.960474	-0.840323	-0.667063	-0.497421	-0.381037	-0.333686	-0.334137	-0.331876	-0.298988	-0.262095	-0.260743	-0.270749	-0.250818	-0.221851	-0.222066	-0.226682	-0.205142	-0.217192	-0.211666	-0.205623	-0.219697	-0.205037	-0.217997	-0.227659	-0.217545	-0.238627	-0.264723	-0.268474	-0.255565	-0.28386	-0.3198	-0.337921	-0.329258	-0.354951	-0.442746	-0.594156	-0.775715	-0.918798	-0.993135	-0.955466	-0.80258	-0.551468	-0.211444	0.167635	0.54284	0.890894	1.1624	1.31978	1.37037	1.32121	1.16202	0.908638	0.621767	0.370779	0.193284	0.0886457	0.0360367	0.0130826	0.00427093	0.00126178	0.000339273	8.34515e-05	1.88635e-05	3.93452e-06	7.60065e-07	1.36442e-07	2.283e-08	3.57046e-09	5.23243e-10	7.20202e-11	9.33059e-12	1.14007e-12	1.31618e-13	1.43817e-14	1.48974e-15	1.46508e-16	1.36985e-17	1.21932e-18	1.0345e-19	8.37568e-21	6.47836e-22	4.79201e-23	3.39319e-24	2.3022e-25	1.498e-26	9.35574e-28	5.61297e-29	3.22784e-30	0	
0	0.0377633	0.0825726	0.0966835	0.0398368	-0.100732	-0.323133	-0.58357	-0.806982	-0.952726	-0.996744	-0.929564	-0.784991	-0.605239	-0.446028	-0.350403	-0.325993	-0.332943	-0.321284	-0.284426	-0.257322	-0.255043	-0.249032	-0.221851	-0.218794	-0.226538	-0.219531	-0.209626	-0.219692	-0.214069	-0.2087	-0.221219	-0.212086	-0.215021	-0.224358	-0.223136	-0.217775	-0.23717	-0.25626	-0.25335	-0.271904	-0.306972	-0.332392	-0.32847	-0.332895	-0.400619	-0.534328	-0.715951	-0.877357	-0.979291	-0.977629	-0.856204	-0.630006	-0.305944	0.0709966	0.452376	0.814349	1.10982	1.29373	1.36715	1.33963	1.2011	0.960427	0.673085	0.411136	0.219398	0.102912	0.0427474	0.015842	0.00527501	0.00158833	0.000434982	0.000108908	2.50452e-05	5.31208e-06	1.04306e-06	1.90251e-07	3.23336e-08	5.13455e-09	7.63812e-10	1.06691e-10	1.40237e-11	1.73805e-12	2.03487e-13	2.25441e-14	2.36727e-15	2.35961e-16	2.23573e-17	2.01632e-18	1.73302e-19	1.42122e-20	1.11331e-21	8.33911e-23	5.9787e-24	4.10664e-25	2.70489e-26	1.70987e-27	1.0382e-28	6.04122e-30	0	
0	0.000317789	0.00704381	-0.00819343	-0.0759418	-0.212297	-0.422167	-0.661894	-0.859566	-0.977437	-0.990184	-0.896115	-0.736088	-0.553468	-0.408945	-0.336799	-0.322097	-0.328072	-0.309425	-0.269102	-0.249526	-0.24729	-0.241685	-0.222066	-0.226538	-0.225524	-0.21364	-0.212181	-0.213761	-0.207835	-0.207963	-0.211893	-0.211934	-0.213937	-0.218445	-0.230009	-0.220378	-0.234468	-0.246006	-0.24837	-0.257405	-0.294307	-0.323473	-0.326057	-0.324334	-0.372681	-0.487269	-0.66252	-0.836555	-0.961858	-0.988889	-0.893803	-0.690604	-0.383052	-0.0102943	0.374927	0.746946	1.06128	1.26763	1.36079	1.35166	1.23111	1.00273	0.716818	0.446731	0.24312	0.116216	0.0491555	0.0185353	0.00627535	0.00192002	0.000534005	0.000135716	3.16666e-05	6.81211e-06	1.35618e-06	2.50723e-07	4.31774e-08	6.94599e-09	1.04652e-09	1.48021e-10	1.96975e-11	2.47109e-12	2.92796e-13	3.28243e-14	3.48726e-15	3.51631e-16	3.36994e-17	3.07374e-18	2.67155e-19	2.21527e-20	1.75445e-21	1.3285e-22	9.62771e-24	6.68403e-25	4.44936e-26	2.84232e-27	1.74387e-28	1.02524e-29	0	
0	-0.0304116	-0.0552998	-0.0948621	-0.17143	-0.303796	-0.50211	-0.723314	-0.898266	-0.991579	-0.979578	-0.866217	-0.69532	-0.515555	-0.383554	-0.322839	-0.321773	-0.326421	-0.298061	-0.260013	-0.2411	-0.247131	-0.240324	-0.226682	-0.219531	-0.21364	-0.201594	-0.204075	-0.198501	-0.197011	-0.199665	-0.195978	-0.202478	-0.20262	-0.207468	-0.218325	-0.222185	-0.235002	-0.246207	-0.242569	-0.248761	-0.282199	-0.318381	-0.326272	-0.317371	-0.351755	-0.453203	-0.622881	-0.800403	-0.940506	-0.992702	-0.920611	-0.735991	-0.443102	-0.0757172	0.311469	0.69056	1.01921	1.24366	1.35317	1.35905	1.25339	1.03595	0.75244	0.476577	0.263508	0.127902	0.0548967	0.0209927	0.00720367	0.0022328	0.000628817	0.000161762	3.8191e-05	8.31048e-06	1.67313e-06	3.12731e-07	5.44384e-08	8.85054e-09	1.34739e-09	1.92537e-10	2.5881e-11	3.27929e-12	3.92395e-13	4.44193e-14	4.76464e-15	4.85021e-16	4.69225e-17	4.31988e-18	3.78947e-19	3.17115e-20	2.53438e-21	1.93643e-22	1.41594e-23	9.91768e-25	6.66028e-26	4.29204e-27	2.6563e-28	1.57511e-29	0	
0	-0.0541121	-0.103507	-0.16187	-0.245187	-0.374288	-0.562891	-0.768489	-0.925116	-0.999865	-0.969006	-0.840681	-0.664157	-0.487753	-0.365293	-0.318848	-0.320604	-0.319976	-0.290506	-0.252091	-0.245812	-0.248065	-0.231632	-0.205142	-0.209626	-0.212181	-0.204075	-0.203159	-0.205643	-0.202205	-0.200778	-0.205582	-0.203832	-0.203316	-0.207612	-0.214731	-0.202842	-0.220383	-0.243687	-0.248686	-0.245304	-0.274527	-0.310156	-0.324708	-0.31454	-0.340426	-0.428448	-0.590378	-0.772733	-0.923102	-0.991697	-0.937661	-0.768507	-0.487642	-0.12525	0.262749	0.646543	0.98549	1.22366	1.34585	1.36327	1.26914	1.0606	0.779678	0.499936	0.279782	0.137393	0.059633	0.0230493	0.00799107	0.00250148	0.000711245	0.000184668	4.39933e-05	9.65744e-06	1.96106e-06	3.69639e-07	6.48773e-08	1.06335e-08	1.63179e-09	2.35017e-10	3.18373e-11	4.06502e-12	4.90113e-13	5.58984e-14	6.04061e-15	6.19445e-16	6.03651e-17	5.59774e-18	4.94573e-19	4.16826e-20	3.35484e-21	2.58133e-22	1.90067e-23	1.34052e-24	9.06434e-26	5.88126e-27	3.66461e-28	2.18761e-29	0	
0	-0.0705479	-0.136963	-0.208354	-0.296336	-0.423052	-0.604475	-0.798836	-0.942587	-1.00385	-0.959776	-0.823049	-0.643253	-0.467879	-0.353811	-0.317083	-0.321533	-0.317401	-0.284192	-0.248048	-0.239602	-0.241203	-0.226471	-0.217192	-0.219692	-0.213761	-0.198501	-0.205643	-0.197964	-0.195944	-0.200515	-0.194017	-0.203712	-0.2029	-0.203619	-0.221136	-0.215646	-0.222691	-0.234626	-0.242491	-0.239879	-0.268925	-0.305414	-0.323992	-0.315652	-0.332471	-0.411823	-0.56964	-0.75298	-0.909516	-0.989525	-0.947893	-0.789621	-0.517573	-0.159138	0.229111	0.61581	0.961493	1.20903	1.34004	1.36546	1.27934	1.07719	0.798422	0.51629	0.291341	0.144221	0.0630794	0.0245616	0.00857577	0.00270284	0.000773567	0.000202133	4.84533e-05	1.0701e-05	2.18584e-06	4.14403e-07	7.31488e-08	1.20565e-08	1.86038e-09	2.694e-10	3.66917e-11	4.70976e-12	5.70839e-13	6.54447e-14	7.10875e-15	7.32712e-16	7.17655e-17	6.68845e-18	5.93894e-19	5.03019e-20	4.06854e-21	3.14581e-22	2.32758e-23	1.64956e-24	1.12077e-25	7.30669e-27	4.57444e-28	2.74358e-29	0	
0	-0.079563	-0.155307	-0.233817	-0.324344	-0.449748	-0.627181	-0.815216	-0.951538	-1.00526	-0.954521	-0.813088	-0.631006	-0.458937	-0.350671	-0.313801	-0.318254	-0.316463	-0.280973	-0.247178	-0.241182	-0.241598	-0.226691	-0.211666	-0.214069	-0.207835	-0.197011	-0.202205	-0.195944	-0.194124	-0.197974	-0.192968	-0.201112	-0.198477	-0.201447	-0.215147	-0.210569	-0.220273	-0.236539	-0.243485	-0.241368	-0.266076	-0.304136	-0.322257	-0.312013	-0.329591	-0.405363	-0.55783	-0.741016	-0.901822	-0.988255	-0.953015	-0.80059	-0.533619	-0.177579	0.210719	0.598904	0.948135	1.20074	1.33661	1.36641	1.28468	1.0861	0.808644	0.525307	0.297773	0.14805	0.0650262	0.0254215	0.00891026	0.00281869	0.000809622	0.00021229	5.10604e-05	1.1314e-05	2.31852e-06	4.40948e-07	7.80764e-08	1.2908e-08	1.99779e-09	2.90159e-10	3.96352e-11	5.10239e-12	6.20208e-13	7.13075e-14	7.76748e-15	8.02854e-16	7.88546e-17	7.36944e-18	6.56158e-19	5.57271e-20	4.51955e-21	3.50395e-22	2.5995e-23	1.84717e-24	1.25835e-25	8.22526e-27	5.163e-28	3.10459e-29	0	
0	-0.0810729	-0.158359	-0.238028	-0.328995	-0.454266	-0.631055	-0.817838	-0.952825	-1.00571	-0.953976	-0.811099	-0.628987	-0.457133	-0.347973	-0.314817	-0.32095	-0.314705	-0.280314	-0.245408	-0.241763	-0.244358	-0.226852	-0.205623	-0.2087	-0.207963	-0.199665	-0.200778	-0.200515	-0.197974	-0.198868	-0.199038	-0.200759	-0.200973	-0.202438	-0.211265	-0.203479	-0.217368	-0.238391	-0.24511	-0.239299	-0.265067	-0.301453	-0.323585	-0.31352	-0.328751	-0.40292	-0.555749	-0.740454	-0.900866	-0.987152	-0.953465	-0.802644	-0.536487	-0.180648	0.207708	0.596101	0.94589	1.19934	1.33602	1.36655	1.28556	1.08759	0.81035	0.526816	0.298852	0.148694	0.065354	0.0255665	0.00896677	0.0028383	0.000815732	0.000214014	5.15034e-05	1.14183e-05	2.34113e-06	4.45478e-07	7.89185e-08	1.30538e-08	2.02134e-09	2.93722e-10	4.01411e-11	5.16998e-12	6.28718e-13	7.23197e-14	7.88138e-15	8.15001e-16	8.00841e-17	7.48774e-18	6.66991e-19	5.66724e-20	4.59827e-21	3.56656e-22	2.64711e-23	1.88183e-24	1.28252e-25	8.38689e-27	5.26673e-28	3.16832e-29	0	
0	-0.0750622	-0.146097	-0.220972	-0.310241	-0.43647	-0.61608	-0.807261	-0.946999	-1.00409	-0.956961	-0.81881	-0.637435	-0.462652	-0.352184	-0.31568	-0.320458	-0.316891	-0.281951	-0.24837	-0.23772	-0.240046	-0.226039	-0.219697	-0.221219	-0.211893	-0.195978	-0.205582	-0.194017	-0.192968	-0.199038	-0.189719	-0.202656	-0.200508	-0.201831	-0.221461	-0.219073	-0.223662	-0.233869	-0.241218	-0.239953	-0.26792	-0.304649	-0.323314	-0.315182	-0.330397	-0.408156	-0.563875	-0.746685	-0.905859	-0.989101	-0.950208	-0.795106	-0.525899	-0.168482	0.220001	0.607445	0.954849	1.2049	1.33835	1.36596	1.28204	1.08167	0.803539	0.520789	0.294541	0.146121	0.0640429	0.0249862	0.00874058	0.00275981	0.000791265	0.00020711	4.97286e-05	1.10004e-05	2.25055e-06	4.27329e-07	7.55451e-08	1.247e-08	1.92703e-09	2.79457e-10	3.8116e-11	4.89953e-12	5.94674e-13	6.82723e-14	7.42612e-15	7.66472e-16	7.51743e-17	7.0156e-18	6.23779e-19	5.29035e-20	4.28464e-21	3.31727e-22	2.45765e-23	1.74401e-24	1.18648e-25	7.74508e-27	4.85513e-28	2.91562e-29	0	
0	-0.0615873	-0.118636	-0.182788	-0.268244	-0.396574	-0.582229	-0.782546	-0.932869	-1.00161	-0.965274	-0.832623	-0.653809	-0.47929	-0.361279	-0.316425	-0.319635	-0.319912	-0.287546	-0.251963	-0.244766	-0.245213	-0.229763	-0.205037	-0.212086	-0.211934	-0.202478	-0.203832	-0.203712	-0.201112	-0.200759	-0.202656	-0.204557	-0.202158	-0.206924	-0.215165	-0.204483	-0.218325	-0.240911	-0.24638	-0.245084	-0.27214	-0.308049	-0.324987	-0.312007	-0.336831	-0.422341	-0.5802	-0.76404	-0.917949	-0.990285	-0.941624	-0.778473	-0.50192	-0.140806	0.247644	0.632737	0.974678	1.21709	1.34329	1.36435	1.27386	1.0682	0.788208	0.507339	0.284989	0.140456	0.061173	0.0237226	0.00825053	0.00259055	0.000738732	0.000192349	4.59495e-05	1.0114e-05	2.05915e-06	3.89126e-07	6.84697e-08	1.12501e-08	1.73063e-09	2.49851e-10	3.39273e-11	4.34204e-12	5.24729e-13	5.99839e-14	6.49686e-15	6.67736e-16	6.52167e-17	6.06107e-18	5.36689e-19	4.53311e-20	3.65643e-21	2.81946e-22	2.08046e-23	1.47046e-24	9.96406e-26	6.47868e-27	4.04533e-28	2.4199e-29	0	
0	-0.0407719	-0.0762655	-0.123878	-0.203393	-0.334682	-0.52923	-0.743679	-0.910096	-0.994717	-0.974965	-0.856371	-0.682094	-0.501421	-0.374922	-0.322974	-0.322225	-0.322664	-0.293562	-0.255376	-0.242376	-0.248197	-0.237566	-0.217997	-0.215021	-0.213937	-0.20262	-0.203316	-0.2029	-0.198477	-0.200973	-0.200508	-0.202158	-0.20434	-0.207511	-0.217004	-0.21412	-0.229928	-0.245563	-0.245607	-0.245895	-0.27755	-0.314011	-0.325685	-0.318441	-0.347167	-0.440662	-0.608239	-0.789047	-0.933391	-0.992057	-0.927912	-0.750792	-0.463295	-0.0975375	0.290373	0.671539	1.00466	1.23509	1.35013	1.36107	1.26044	1.04684	0.764364	0.486728	0.270535	0.131977	0.0569196	0.0218668	0.00753683	0.002346	0.000663403	0.000171335	4.0607e-05	8.86932e-06	1.79217e-06	3.36179e-07	5.87254e-08	9.5804e-09	1.46344e-09	2.09818e-10	2.82967e-11	3.59701e-12	4.31793e-13	4.90341e-14	5.27615e-15	5.38758e-16	5.22815e-17	4.82792e-18	4.24792e-19	3.56545e-20	2.85797e-21	2.19012e-22	1.60612e-23	1.12825e-24	7.59872e-26	4.91085e-27	3.04793e-28	1.81242e-29	0	
0	-0.0128168	-0.0194818	-0.0449368	-0.116445	-0.251453	-0.456913	-0.688889	-0.876583	-0.983657	-0.985751	-0.883765	-0.719076	-0.536887	-0.397473	-0.330139	-0.321464	-0.328038	-0.305535	-0.26546	-0.244866	-0.245995	-0.24218	-0.227659	-0.224358	-0.218445	-0.207468	-0.207612	-0.203619	-0.201447	-0.202438	-0.201831	-0.206924	-0.207511	-0.211597	-0.224602	-0.224566	-0.2367	-0.245694	-0.24463	-0.253518	-0.289528	-0.322725	-0.325955	-0.320439	-0.362659	-0.472016	-0.645797	-0.821914	-0.953415	-0.990499	-0.905318	-0.710848	-0.409592	-0.0384668	0.347999	0.723112	1.04359	1.25767	1.35781	1.35511	1.24092	1.01711	0.732075	0.459398	0.251704	0.121102	0.0515399	0.0195497	0.00665637	0.0020477	0.000572508	0.000146241	3.42903e-05	7.41187e-06	1.48247e-06	2.75322e-07	4.76256e-08	7.69513e-09	1.16437e-09	1.65388e-10	2.21002e-11	2.78389e-12	3.31194e-13	3.72774e-14	3.97598e-15	4.02474e-16	3.87208e-17	3.54521e-18	3.09297e-19	2.57431e-20	2.04634e-21	1.55521e-22	1.13117e-23	7.88146e-25	5.26522e-26	3.37543e-27	2.07824e-28	1.22606e-29	0	
0	0.0219976	0.050914	0.0528472	-0.00858452	-0.147712	-0.365398	-0.617411	-0.82997	-0.963985	-0.994369	-0.915427	-0.765225	-0.583941	-0.428516	-0.343264	-0.325067	-0.331073	-0.316394	-0.278954	-0.254356	-0.251847	-0.241537	-0.217545	-0.223136	-0.230009	-0.218325	-0.214731	-0.221136	-0.215147	-0.211265	-0.221461	-0.215165	-0.217004	-0.224602	-0.229811	-0.215166	-0.231255	-0.249962	-0.252468	-0.26533	-0.303057	-0.327938	-0.328537	-0.328631	-0.386297	-0.514592	-0.694498	-0.860626	-0.972265	-0.982795	-0.872828	-0.65667	-0.339259	0.0365526	0.419913	0.786285	1.08982	1.28317	1.36488	1.34514	1.21416	0.97851	0.691539	0.425995	0.229207	0.108366	0.0453539	0.0169295	0.00567613	0.00172046	0.000474179	0.000119455	2.76349e-05	5.89543e-06	1.16415e-06	2.1351e-07	3.64822e-08	5.82395e-09	8.70851e-10	1.2226e-10	1.61504e-11	2.01146e-12	2.36635e-13	2.63413e-14	2.779e-15	2.78282e-16	2.64877e-17	2.3996e-18	2.07164e-19	1.7064e-20	1.34252e-21	1.00993e-22	7.27153e-24	5.01572e-25	3.31744e-26	2.10576e-27	1.2838e-28	7.50047e-30	0	
0	0.0633025	0.13374	0.167628	0.118278	-0.0249011	-0.254881	-0.527954	-0.768025	-0.932271	-0.996927	-0.948398	-0.816218	-0.640984	-0.476903	-0.367619	-0.328812	-0.332339	-0.327422	-0.291873	-0.26063	-0.261138	-0.265583	-0.238627	-0.217775	-0.220378	-0.222185	-0.202842	-0.215646	-0.210569	-0.203479	-0.219073	-0.204483	-0.21412	-0.224566	-0.215166	-0.229027	-0.255979	-0.267631	-0.25503	-0.279026	-0.313493	-0.335759	-0.326882	-0.344216	-0.426292	-0.569087	-0.750503	-0.901667	-0.988154	-0.966315	-0.826393	-0.585242	-0.251541	0.12707	0.505246	0.859438	1.14112	1.30954	1.36961	1.32952	1.17889	0.930556	0.643169	0.387402	0.203923	0.0944006	0.0387189	0.014176	0.00466558	0.00138913	0.000376322	9.3235e-05	2.12226e-05	4.45668e-06	8.66622e-07	1.56572e-07	2.63626e-08	4.14821e-09	6.11558e-10	8.46706e-11	1.10327e-11	1.35566e-12	1.57378e-13	1.72903e-14	1.80065e-15	1.7802e-16	1.67316e-17	1.49693e-18	1.27645e-19	1.03861e-20	8.07289e-22	6.00046e-23	4.26924e-24	2.91029e-25	1.90252e-26	1.19371e-27	7.19433e-29	4.15579e-30	0	
0	0.110615	0.227315	0.296722	0.261415	0.114732	-0.126258	-0.419058	-0.688139	-0.885643	-0.98729	-0.975807	-0.873759	-0.709625	-0.535749	-0.404412	-0.341614	-0.338488	-0.337914	-0.314987	-0.266894	-0.256146	-0.264788	-0.264723	-0.23717	-0.234468	-0.235002	-0.220383	-0.222691	-0.220273	-0.217368	-0.223662	-0.218325	-0.229928	-0.2367	-0.231255	-0.255979	-0.266861	-0.259634	-0.25638	-0.296649	-0.33144	-0.341376	-0.334034	-0.372472	-0.474271	-0.638468	-0.814	-0.941779	-0.996645	-0.934762	-0.761758	-0.495072	-0.146306	0.23258	0.602756	0.940255	1.19474	1.33439	1.36994	1.30632	1.13374	0.872977	0.587687	0.344762	0.176876	0.0798843	0.0320005	0.0114545	0.00368908	0.00107574	0.000285625	6.94025e-05	1.55027e-05	3.1964e-06	6.10556e-07	1.08403e-07	1.79439e-08	2.77679e-09	4.02732e-10	5.48704e-11	7.03779e-12	8.51466e-13	9.73477e-14	1.05354e-14	1.08103e-15	1.05323e-16	9.75709e-18	8.60586e-19	7.2357e-20	5.80609e-21	4.45124e-22	3.2638e-23	2.29107e-24	1.5411e-25	9.94233e-27	6.15709e-28	3.66302e-29	2.08909e-30	0	
0	0.163302	0.329329	0.436353	0.417151	0.26838	0.0184956	-0.290826	-0.586643	-0.818298	-0.962932	-0.993311	-0.926227	-0.786813	-0.612807	-0.463438	-0.363434	-0.33927	-0.345628	-0.339955	-0.298016	-0.259773	-0.254188	-0.268474	-0.25626	-0.246006	-0.246207	-0.243687	-0.234626	-0.236539	-0.238391	-0.233869	-0.240911	-0.245563	-0.245694	-0.249962	-0.267631	-0.259634	-0.253281	-0.279572	-0.327199	-0.346088	-0.341544	-0.345158	-0.416234	-0.54768	-0.719149	-0.876975	-0.97702	-0.988704	-0.882554	-0.677721	-0.38469	-0.0230243	0.352005	0.710306	1.02563	1.24744	1.35511	1.36357	1.27342	1.07743	0.805857	0.526211	0.29947	0.149184	0.0655026	0.025541	0.00890953	0.00279939	0.000797148	0.000206865	4.91657e-05	1.07496e-05	2.17076e-06	4.06339e-07	7.07357e-08	1.14855e-08	1.74423e-09	2.48356e-10	3.32318e-11	4.18753e-12	4.97891e-13	5.59587e-14	5.95512e-15	6.01017e-16	5.76097e-17	5.25189e-18	4.55943e-19	3.77408e-20	2.98207e-21	2.25166e-22	1.62634e-23	1.12479e-24	7.45561e-26	4.74056e-27	2.89384e-28	1.69731e-29	9.54548e-31	0	
0	0.220497	0.436799	0.581523	0.580415	0.432321	0.177589	-0.143684	-0.464065	-0.726364	-0.912976	-0.993911	-0.970202	-0.867328	-0.703659	-0.540069	-0.413071	-0.351127	-0.344024	-0.353737	-0.336925	-0.296103	-0.261867	-0.255565	-0.25335	-0.24837	-0.242569	-0.248686	-0.242491	-0.243485	-0.24511	-0.241218	-0.24638	-0.245607	-0.24463	-0.252468	-0.25503	-0.25638	-0.279572	-0.323017	-0.350852	-0.34889	-0.343028	-0.380198	-0.483587	-0.635073	-0.80671	-0.937329	-0.995363	-0.957662	-0.809019	-0.570519	-0.251382	0.116922	0.482935	0.825068	1.11175	1.29562	1.36891	1.34793	1.22859	1.009	0.729823	0.460311	0.253135	0.121993	0.0518918	0.0196305	0.00665257	0.00203317	0.00056378	0.00014261	3.30678e-05	7.05936e-06	1.39294e-06	2.54943e-07	4.342e-08	6.90145e-09	1.02648e-09	1.43214e-10	1.87854e-11	2.32144e-12	2.7079e-13	2.9869e-14	3.12066e-15	3.09301e-16	2.91247e-17	2.60901e-18	2.2263e-19	1.81179e-20	1.40781e-21	1.04559e-22	7.43016e-24	5.05684e-25	3.29914e-26	2.0651e-27	1.24126e-28	7.16977e-30	3.97199e-31	0	
