0	0	0	0	0	0	0	0	0	0	0	0	0	0	0	0	0	0	0	0	0	0	0	0	0	0	0	0	0	0	0	0	0	0	0	0	0	0	0	0	0	0	0	0	0	0	0	0	0	0	0	0	0	0	0	0	0	0	0	0	0	0	0	0	0	0	0	0	0	0	0	0	0	0	0	0	0	0	0	0	0	0	0	0	0	0	0	0	0	0	0	0	0	0	0	0	0	0	0	0	
0	0.0195664	0.0338156	0.0360176	0.0253522	0.00447724	-0.0217674	-0.0509052	-0.0765694	-0.0940709	-0.102395	-0.101146	-0.0901708	-0.0739404	-0.0558697	-0.0355217	-0.0098867	0.0174314	0.0485625	0.0850301	0.122307	0.146206	0.144078	0.112746	0.0577295	-0.00904296	-0.0773534	-0.138398	-0.18685	-0.219342	-0.23311	-0.2247	-0.19131	-0.13627	-0.0691794	-0.00529802	0.0443946	0.0746747	0.0810392	0.0683474	0.0462249	0.0217768	-0.00109528	-0.0233956	-0.0481986	-0.0700087	-0.0875604	-0.099596	-0.102834	-0.0902596	-0.0604715	-0.0157908	0.0337752	0.0789935	0.11268	0.134543	0.144385	0.145312	0.138357	0.121758	0.0987779	0.0719652	0.0466171	0.0292059	0.0178443	0.00837417	-0.00178654	-0.014778	-0.0293839	-0.0393862	-0.0366549	-0.0228224	-0.000717811	0.0260526	0.0567835	0.0875843	0.114726	0.136815	0.148002	0.149183	0.147586	0.148442	0.153219	0.161939	0.166937	0.162372	0.148102	0.127258	0.106072	0.0882455	0.0737638	0.059394	0.0450294	0.0282766	0.0116802	0.000919737	-0.00640762	-0.0081359	-0.00416852	0	
0	0.0338156	0.0569006	0.0598823	0.0391756	0.00471356	-0.0405423	-0.0908839	-0.139208	-0.173461	-0.190839	-0.188612	-0.167214	-0.136223	-0.102545	-0.0621832	-0.00883959	0.0502854	0.114166	0.182657	0.247725	0.28667	0.280943	0.226783	0.12936	0.00702415	-0.126921	-0.251988	-0.352926	-0.418114	-0.441677	-0.420916	-0.358225	-0.25876	-0.143734	-0.0322122	0.0565982	0.115937	0.135117	0.119074	0.0815006	0.0376094	-0.0075096	-0.0507112	-0.0956453	-0.132602	-0.157114	-0.171582	-0.171914	-0.147592	-0.0939804	-0.0171965	0.0710594	0.153711	0.218495	0.263303	0.285533	0.287149	0.271061	0.239179	0.197269	0.151289	0.110274	0.0815088	0.0593331	0.0377467	0.0170964	-0.00447525	-0.0230059	-0.0331597	-0.0286871	-0.00951595	0.0233641	0.0687074	0.122126	0.174183	0.217942	0.250183	0.268313	0.272286	0.27239	0.275468	0.280483	0.289224	0.290438	0.283069	0.265329	0.236697	0.207572	0.176732	0.146504	0.117642	0.0891533	0.0596208	0.0325874	0.0131747	-0.00177592	-0.00761771	-0.0046342	0	
0	0.0360176	0.0598823	0.0574776	0.0310539	-0.0110475	-0.0617873	-0.123892	-0.186017	-0.23397	-0.25937	-0.257402	-0.227784	-0.18455	-0.134991	-0.0719815	0.0155063	0.11107	0.207574	0.300492	0.381135	0.425486	0.41491	0.344743	0.218469	0.0507987	-0.14123	-0.328299	-0.481064	-0.577242	-0.609004	-0.578351	-0.492123	-0.365864	-0.220236	-0.08231	0.0319764	0.115346	0.151077	0.14178	0.102823	0.0479292	-0.0118961	-0.0732632	-0.137081	-0.182573	-0.206321	-0.211657	-0.200251	-0.161114	-0.0930337	0.00266343	0.109928	0.214418	0.301327	0.366634	0.400699	0.405306	0.384606	0.341784	0.293134	0.244655	0.201031	0.168154	0.13709	0.10442	0.0769723	0.0568661	0.0420607	0.0346269	0.0446501	0.0663184	0.0996997	0.14455	0.201312	0.25648	0.299452	0.332408	0.348286	0.351305	0.353083	0.354181	0.351473	0.352256	0.351905	0.349014	0.342753	0.327174	0.301661	0.265802	0.222674	0.175382	0.134198	0.0952982	0.0609854	0.0392208	0.0186429	0.00566198	0.00351528	0	
0	0.0253522	0.0391756	0.0310539	-0.000173101	-0.0386397	-0.0861451	-0.144906	-0.209931	-0.261685	-0.292343	-0.293266	-0.26199	-0.210704	-0.145894	-0.0556985	0.0676512	0.198127	0.319498	0.426972	0.515237	0.560904	0.544729	0.461986	0.310866	0.108843	-0.128327	-0.361739	-0.554593	-0.67924	-0.725735	-0.696664	-0.604446	-0.46192	-0.301025	-0.145228	-0.0149276	0.086316	0.139714	0.145418	0.115783	0.0659424	-0.000153829	-0.07461	-0.154056	-0.210032	-0.229386	-0.222322	-0.195514	-0.144234	-0.0672099	0.0299514	0.140786	0.251327	0.349023	0.427944	0.473672	0.483161	0.46221	0.422445	0.381079	0.344422	0.314203	0.289317	0.255092	0.211806	0.176659	0.156272	0.152272	0.159002	0.174668	0.194238	0.220358	0.257637	0.303736	0.344562	0.372584	0.389911	0.397183	0.392138	0.383553	0.374336	0.36117	0.357777	0.358687	0.369377	0.383135	0.384621	0.375756	0.345603	0.298821	0.245223	0.193115	0.144568	0.105042	0.0786761	0.0530125	0.0327696	0.0182471	0	
0	0.00447724	0.00471356	-0.0110475	-0.0386397	-0.0691096	-0.100563	-0.145985	-0.198126	-0.243374	-0.273345	-0.279784	-0.252843	-0.199903	-0.121862	-0.008071	0.145645	0.299894	0.434763	0.5479	0.638496	0.681834	0.656528	0.555801	0.381999	0.153987	-0.107571	-0.363344	-0.577319	-0.721467	-0.78673	-0.77351	-0.687639	-0.546665	-0.377245	-0.213093	-0.0714737	0.0454079	0.116437	0.141972	0.133785	0.0991312	0.0422188	-0.0340695	-0.124392	-0.187451	-0.209979	-0.199278	-0.169612	-0.116355	-0.0434751	0.0499196	0.153721	0.26048	0.357221	0.439727	0.489665	0.506552	0.498794	0.475396	0.458599	0.447629	0.435921	0.420793	0.388426	0.342134	0.303922	0.285664	0.284391	0.295227	0.323377	0.352922	0.377712	0.399132	0.42322	0.440782	0.44758	0.450751	0.438809	0.410227	0.379518	0.351469	0.329167	0.329327	0.344694	0.370629	0.398595	0.414654	0.416496	0.399828	0.36637	0.319331	0.272569	0.2226	0.17565	0.142736	0.1052	0.0694544	0.0390247	0	
0	-0.0217674	-0.0405423	-0.0617873	-0.0861451	-0.100563	-0.111836	-0.13193	-0.162726	-0.190885	-0.214557	-0.222497	-0.201123	-0.150235	-0.0695869	0.0540186	0.219478	0.38272	0.520346	0.632738	0.719329	0.752918	0.709981	0.589602	0.397068	0.158629	-0.107746	-0.365013	-0.581449	-0.734422	-0.814705	-0.819561	-0.75337	-0.62329	-0.46069	-0.293069	-0.141257	-0.00708047	0.0868877	0.13645	0.150669	0.137998	0.0953167	0.0270402	-0.0607401	-0.126905	-0.150577	-0.146294	-0.127437	-0.0903132	-0.0330369	0.0422952	0.133011	0.227689	0.31624	0.395694	0.451342	0.484462	0.501345	0.511374	0.526892	0.543097	0.552577	0.552557	0.526275	0.479583	0.438172	0.415626	0.417332	0.437794	0.473339	0.50656	0.529467	0.543486	0.553573	0.553811	0.542346	0.521242	0.484666	0.427686	0.368299	0.32266	0.294528	0.300545	0.324663	0.361448	0.399832	0.42454	0.443214	0.446022	0.433253	0.40837	0.373899	0.325935	0.271725	0.22086	0.161848	0.105368	0.0554028	0	
0	-0.0509052	-0.0908839	-0.123892	-0.144906	-0.145985	-0.13193	-0.12626	-0.131609	-0.141572	-0.151613	-0.152824	-0.128899	-0.082308	-0.0107116	0.101505	0.259509	0.41885	0.554526	0.662455	0.73886	0.753521	0.68906	0.550128	0.35007	0.113489	-0.144172	-0.389519	-0.596725	-0.744472	-0.828585	-0.847386	-0.799756	-0.692675	-0.544913	-0.384437	-0.227228	-0.0747671	0.0438706	0.121132	0.162865	0.172745	0.149829	0.0951524	0.0142979	-0.0469537	-0.0736876	-0.0780317	-0.0789132	-0.0663186	-0.0369986	0.0137442	0.0791046	0.152252	0.223245	0.296873	0.361045	0.418146	0.472596	0.521993	0.574398	0.617769	0.645184	0.657978	0.644674	0.608455	0.572541	0.553634	0.553931	0.571742	0.61234	0.652703	0.676432	0.685263	0.6881	0.677178	0.648547	0.606121	0.539845	0.452028	0.370348	0.310085	0.275758	0.280974	0.309657	0.355744	0.408097	0.452326	0.489539	0.512125	0.518283	0.506365	0.482304	0.435756	0.372125	0.305998	0.224927	0.145053	0.0751862	0	
0	-0.0765694	-0.139208	-0.186017	-0.209931	-0.198126	-0.162726	-0.131609	-0.116765	-0.108062	-0.10126	-0.0854771	-0.053414	-0.0125191	0.0363452	0.118866	0.25008	0.392376	0.516726	0.614489	0.676065	0.674043	0.594294	0.450146	0.254696	0.0317297	-0.206665	-0.431431	-0.618023	-0.752222	-0.833096	-0.860495	-0.833579	-0.750046	-0.625649	-0.479285	-0.323582	-0.159708	-0.0162995	0.0912253	0.163796	0.202648	0.201703	0.163516	0.095094	0.0387744	0.0137366	-0.000708	-0.0211606	-0.0370682	-0.0386912	-0.0209425	0.0154287	0.061211	0.113602	0.179954	0.251942	0.33257	0.416135	0.49658	0.575823	0.644263	0.695487	0.731989	0.736604	0.713814	0.687722	0.675039	0.683009	0.706207	0.744197	0.778517	0.802196	0.817377	0.82597	0.81284	0.767965	0.695674	0.600455	0.491585	0.396148	0.328945	0.287922	0.288482	0.317571	0.371423	0.440655	0.505653	0.565885	0.607126	0.623557	0.61728	0.591522	0.539559	0.469768	0.393341	0.298918	0.200171	0.104307	0	
0	-0.0940709	-0.173461	-0.23397	-0.261685	-0.243374	-0.190885	-0.141572	-0.108062	-0.0823892	-0.0545427	-0.0201988	0.0210137	0.0522542	0.0733847	0.11739	0.20887	0.316424	0.412369	0.487232	0.53395	0.523137	0.443907	0.306318	0.125094	-0.0771191	-0.288959	-0.481731	-0.638869	-0.750333	-0.821602	-0.853761	-0.841965	-0.782505	-0.682373	-0.556859	-0.413121	-0.247726	-0.0903405	0.0421266	0.145376	0.216048	0.246858	0.235707	0.188179	0.14503	0.119709	0.0955065	0.0535093	0.0111325	-0.0174622	-0.0251437	-0.0153831	0.0069283	0.0387346	0.0933511	0.163664	0.247787	0.341839	0.437873	0.538225	0.629327	0.705766	0.764921	0.791365	0.786832	0.77577	0.778227	0.793611	0.815733	0.850437	0.885294	0.910605	0.931348	0.945287	0.929088	0.873063	0.785271	0.674028	0.550402	0.444103	0.370193	0.329898	0.335806	0.374206	0.442439	0.525663	0.603995	0.673743	0.719889	0.737389	0.726328	0.693724	0.635344	0.559873	0.478189	0.374435	0.258214	0.136341	0	
0	-0.102395	-0.190839	-0.25937	-0.292343	-0.273345	-0.214557	-0.151613	-0.10126	-0.0545427	-0.00696906	0.0424901	0.0860288	0.106204	0.102871	0.11042	0.15485	0.211053	0.258475	0.29949	0.329421	0.320843	0.253339	0.133671	-0.0259756	-0.202609	-0.381174	-0.537598	-0.657909	-0.740285	-0.794363	-0.822644	-0.820138	-0.778621	-0.700253	-0.595423	-0.467376	-0.312935	-0.157195	-0.0184109	0.101667	0.200762	0.268382	0.298101	0.287517	0.26729	0.251257	0.220075	0.16275	0.101027	0.0520134	0.0239183	0.0142798	0.0146708	0.0275995	0.0645171	0.118459	0.191702	0.276887	0.371003	0.4804	0.594529	0.696694	0.7789	0.821162	0.829966	0.831329	0.843748	0.868867	0.895451	0.928346	0.958611	0.984905	1.00844	1.02336	1.00931	0.954525	0.866049	0.750728	0.621231	0.508623	0.432234	0.39748	0.419501	0.482332	0.570986	0.668394	0.752036	0.817744	0.855507	0.859117	0.834271	0.789097	0.718203	0.630685	0.534131	0.414876	0.283705	0.147913	0	
0	-0.101146	-0.188612	-0.257402	-0.293266	-0.279784	-0.222497	-0.152824	-0.0854771	-0.0201988	0.0424901	0.0964016	0.134366	0.142107	0.118709	0.094445	0.0900202	0.0881023	0.0810984	0.0828731	0.0974568	0.0930722	0.0462207	-0.0452666	-0.172239	-0.313942	-0.456222	-0.573933	-0.656445	-0.705588	-0.736241	-0.75464	-0.755189	-0.726374	-0.665035	-0.578529	-0.470203	-0.33733	-0.200302	-0.070745	0.0545202	0.17641	0.28267	0.356068	0.388218	0.399874	0.401429	0.37812	0.319172	0.246981	0.183235	0.134818	0.10131	0.0809619	0.0748089	0.0932486	0.128416	0.176507	0.238883	0.321724	0.431913	0.55344	0.671475	0.770052	0.828529	0.84923	0.856731	0.872474	0.895555	0.922271	0.960225	1.00162	1.03263	1.05521	1.0683	1.055	1.00968	0.933681	0.830757	0.706105	0.590614	0.514799	0.490916	0.529116	0.610908	0.721075	0.833673	0.922983	0.982551	1.00197	0.984044	0.937744	0.870926	0.780845	0.672866	0.554567	0.418939	0.278473	0.141673	0	
0	-0.0901708	-0.167214	-0.227784	-0.26199	-0.252843	-0.201123	-0.128899	-0.053414	0.0210137	0.0860288	0.134366	0.159694	0.149864	0.104089	0.0459828	-0.00408808	-0.0555416	-0.107412	-0.136647	-0.137802	-0.136029	-0.157532	-0.208671	-0.287668	-0.383166	-0.480954	-0.558011	-0.602934	-0.620406	-0.629025	-0.636242	-0.635265	-0.613822	-0.566509	-0.501695	-0.422716	-0.323918	-0.21495	-0.0996499	0.0297144	0.172611	0.310354	0.421575	0.491681	0.537759	0.568591	0.565278	0.514727	0.436964	0.353118	0.279871	0.22476	0.187275	0.170139	0.174951	0.188625	0.210576	0.243385	0.298636	0.390964	0.510794	0.633109	0.738989	0.806272	0.834204	0.841991	0.852127	0.875553	0.909763	0.960286	1.01262	1.05327	1.08133	1.09742	1.09425	1.06264	1.00137	0.908321	0.794701	0.693899	0.628538	0.610553	0.65148	0.738042	0.850806	0.965347	1.05462	1.10775	1.11938	1.08726	1.02154	0.932554	0.817481	0.687962	0.554129	0.411489	0.270971	0.136853	0	
0	-0.0739404	-0.136223	-0.18455	-0.210704	-0.199903	-0.150235	-0.082308	-0.0125191	0.0522542	0.106204	0.142107	0.149864	0.116353	0.0386331	-0.0555574	-0.143505	-0.22627	-0.301955	-0.349621	-0.359835	-0.351036	-0.343703	-0.348094	-0.370524	-0.408232	-0.451491	-0.481636	-0.488446	-0.479081	-0.469219	-0.464027	-0.457333	-0.439032	-0.408596	-0.374888	-0.335459	-0.278641	-0.199283	-0.0963178	0.0357095	0.190974	0.348277	0.481474	0.582188	0.661108	0.723779	0.745483	0.708239	0.625904	0.528841	0.438234	0.367509	0.320397	0.294212	0.284211	0.278642	0.274407	0.27971	0.312557	0.383146	0.480122	0.588624	0.688552	0.754805	0.781605	0.788375	0.80117	0.829691	0.876022	0.93923	1.00414	1.05326	1.09052	1.12124	1.13314	1.11592	1.06604	0.989158	0.894198	0.805049	0.748128	0.734133	0.768764	0.842551	0.93975	1.03801	1.11544	1.16171	1.16746	1.12977	1.05327	0.945113	0.813344	0.673024	0.535606	0.399188	0.265677	0.134792	0	
0	-0.0558697	-0.102545	-0.134991	-0.145894	-0.121862	-0.0695869	-0.0107116	0.0363452	0.0733847	0.102871	0.118709	0.104089	0.0386331	-0.0745726	-0.202688	-0.314347	-0.407967	-0.48509	-0.530677	-0.535602	-0.511231	-0.473052	-0.433184	-0.4	-0.378604	-0.364838	-0.347495	-0.319921	-0.286002	-0.256205	-0.234234	-0.216378	-0.200919	-0.190387	-0.189893	-0.19178	-0.175204	-0.127693	-0.0448435	0.0759062	0.226844	0.385634	0.53072	0.651581	0.757076	0.844503	0.88616	0.862162	0.787494	0.693056	0.604803	0.533949	0.478575	0.435634	0.400607	0.369524	0.343421	0.330792	0.343694	0.392306	0.469805	0.556083	0.631536	0.679349	0.696859	0.703263	0.725409	0.773669	0.838759	0.911898	0.981082	1.04011	1.09526	1.145	1.17643	1.17389	1.13463	1.0615	0.969954	0.887322	0.831572	0.81582	0.843574	0.90537	0.983641	1.05893	1.11563	1.144	1.13726	1.08778	0.999985	0.885072	0.75136	0.614015	0.482144	0.354133	0.232399	0.116224	0	
0	-0.0355217	-0.0621832	-0.0719815	-0.0556985	-0.008071	0.0540186	0.101505	0.118866	0.11739	0.11042	0.094445	0.0459828	-0.0555574	-0.202688	-0.354943	-0.479468	-0.570082	-0.632111	-0.654922	-0.635911	-0.582545	-0.510115	-0.427342	-0.343707	-0.26973	-0.206099	-0.149478	-0.0903144	-0.0306651	0.021442	0.060296	0.0824151	0.0884989	0.0770041	0.0473415	0.0137323	-0.00550226	0.00946119	0.0640803	0.161203	0.293134	0.440781	0.580611	0.707066	0.821226	0.920274	0.975386	0.971899	0.920109	0.850927	0.78293	0.719008	0.655121	0.59031	0.52588	0.467376	0.419407	0.387853	0.384298	0.412102	0.463821	0.523949	0.573554	0.597596	0.598532	0.603877	0.636673	0.697734	0.775961	0.860648	0.945224	1.02571	1.10389	1.17436	1.21879	1.22123	1.18132	1.10555	1.01022	0.917906	0.854357	0.83347	0.851717	0.900842	0.960565	1.01578	1.05228	1.05584	1.0225	0.952688	0.857125	0.747088	0.630083	0.511905	0.394858	0.28259	0.179225	0.0861103	0	
0	-0.0098867	-0.00883959	0.0155063	0.0676512	0.145645	0.219478	0.259509	0.25008	0.20887	0.15485	0.0900202	-0.00408808	-0.143505	-0.314347	-0.479468	-0.605068	-0.683272	-0.713964	-0.696956	-0.634048	-0.539218	-0.423412	-0.298257	-0.173373	-0.0635741	0.0293556	0.111034	0.194134	0.275493	0.345675	0.391609	0.411058	0.405152	0.374474	0.322431	0.260457	0.20861	0.189534	0.213872	0.283765	0.390591	0.515457	0.638875	0.754895	0.867559	0.968643	1.03427	1.05179	1.02818	0.989396	0.947598	0.89771	0.833698	0.757478	0.671847	0.591413	0.516453	0.457414	0.425673	0.427408	0.456087	0.491611	0.511668	0.510383	0.497709	0.499871	0.537131	0.607566	0.699055	0.798976	0.904661	1.01128	1.11143	1.19261	1.2396	1.23857	1.18872	1.09565	0.982641	0.87746	0.802269	0.7706	0.774533	0.807278	0.851661	0.888402	0.903151	0.883138	0.829901	0.752858	0.6625	0.567798	0.473649	0.379625	0.288558	0.204592	0.128681	0.0615379	0	
0	0.0174314	0.0502854	0.11107	0.198127	0.299894	0.38272	0.41885	0.392376	0.316424	0.211053	0.0881023	-0.0555416	-0.22627	-0.407967	-0.570082	-0.683272	-0.732386	-0.718978	-0.645299	-0.528168	-0.378408	-0.214559	-0.0502747	0.0999949	0.222663	0.324087	0.413577	0.504546	0.591648	0.661212	0.704196	0.717131	0.703346	0.659567	0.587911	0.502476	0.422557	0.376031	0.374124	0.414853	0.488341	0.579396	0.673748	0.772609	0.876474	0.977756	1.05136	1.08947	1.09526	1.08751	1.07293	1.04114	0.985023	0.907453	0.813598	0.715668	0.619279	0.534941	0.477845	0.45313	0.455433	0.461444	0.452543	0.430982	0.407414	0.410769	0.451385	0.527277	0.630786	0.749536	0.874239	0.994063	1.09743	1.17336	1.21108	1.19566	1.12885	1.01412	0.879782	0.753057	0.654481	0.600964	0.587689	0.611698	0.647468	0.674966	0.679962	0.651545	0.600412	0.533993	0.459257	0.381463	0.306161	0.238607	0.179587	0.13173	0.0891849	0.0440536	0	
0	0.0485625	0.114166	0.207574	0.319498	0.434763	0.520346	0.554526	0.516726	0.412369	0.258475	0.0810984	-0.107412	-0.301955	-0.48509	-0.632111	-0.713964	-0.718978	-0.643653	-0.505307	-0.32049	-0.111229	0.100925	0.291264	0.44698	0.563206	0.654623	0.73069	0.805571	0.870638	0.92344	0.954374	0.963053	0.94601	0.894997	0.813477	0.715736	0.620149	0.551284	0.518793	0.520483	0.549049	0.599345	0.663705	0.743118	0.839685	0.938046	1.01898	1.07973	1.11575	1.14072	1.15408	1.13948	1.09306	1.01986	0.91905	0.811283	0.69701	0.594862	0.520481	0.47618	0.453084	0.433624	0.402896	0.365007	0.334622	0.33451	0.374908	0.455504	0.574117	0.708213	0.841853	0.96379	1.05872	1.12027	1.13874	1.09952	1.00341	0.85736	0.691284	0.528495	0.396223	0.319749	0.296554	0.321559	0.365102	0.401845	0.421145	0.41318	0.382184	0.33688	0.27659	0.209844	0.152341	0.10435	0.0704208	0.0500957	0.0328764	0.0163513	0	
0	0.0850301	0.182657	0.300492	0.426972	0.5479	0.632738	0.662455	0.614489	0.487232	0.29949	0.0828731	-0.136647	-0.349621	-0.530677	-0.654922	-0.696956	-0.645299	-0.505307	-0.294173	-0.0431435	0.223382	0.46933	0.669148	0.815754	0.914604	0.982799	1.0302	1.06915	1.10233	1.12875	1.14388	1.14049	1.11638	1.06164	0.981901	0.886714	0.785007	0.693069	0.623364	0.577944	0.560485	0.57156	0.607289	0.668299	0.753107	0.849462	0.940855	1.02559	1.09466	1.14804	1.18193	1.18208	1.14571	1.0757	0.976086	0.86079	0.737266	0.62398	0.535048	0.472528	0.433419	0.398563	0.355316	0.312577	0.273184	0.262881	0.291646	0.369206	0.493443	0.636894	0.776633	0.899199	0.991156	1.03875	1.03167	0.957826	0.825888	0.638229	0.428863	0.230936	0.0707768	-0.0213951	-0.0470341	-0.0150271	0.0435462	0.107461	0.163	0.191959	0.191962	0.164476	0.116971	0.0645401	0.0212536	-0.00937643	-0.0299921	-0.0370512	-0.0319022	-0.0209743	0	
0	0.122307	0.247725	0.381135	0.515237	0.638496	0.719329	0.73886	0.676065	0.53395	0.329421	0.0974568	-0.137802	-0.359835	-0.535602	-0.635911	-0.634048	-0.528168	-0.32049	-0.0431435	0.268093	0.573701	0.836015	1.03068	1.15749	1.22701	1.2591	1.26511	1.26863	1.27034	1.27335	1.26418	1.24114	1.20622	1.15373	1.08529	1.0004	0.895634	0.781617	0.675469	0.589307	0.530187	0.505411	0.512315	0.550726	0.62686	0.724458	0.827759	0.934608	1.02299	1.09008	1.13518	1.14539	1.12269	1.06995	0.978304	0.866939	0.740275	0.620153	0.519922	0.442156	0.387091	0.345072	0.3019	0.25045	0.198961	0.175159	0.193272	0.262707	0.384737	0.526554	0.663947	0.789759	0.878537	0.914961	0.886471	0.780753	0.607863	0.378271	0.133558	-0.0930017	-0.26644	-0.360392	-0.382602	-0.342542	-0.266584	-0.171939	-0.0760474	-0.00846066	0.0208828	0.0213229	-0.0044657	-0.0407877	-0.0710416	-0.0987852	-0.113236	-0.108731	-0.0876388	-0.048815	0	
0	0.146206	0.28667	0.425486	0.560904	0.681834	0.752918	0.753521	0.674043	0.523137	0.320843	0.0930722	-0.136029	-0.351036	-0.511231	-0.582545	-0.539218	-0.378408	-0.111229	0.223382	0.573701	0.898882	1.16108	1.33898	1.43212	1.4562	1.43693	1.40025	1.36947	1.34592	1.32188	1.28738	1.2447	1.20453	1.15867	1.10355	1.03015	0.929522	0.806656	0.682855	0.569952	0.478534	0.417301	0.389525	0.402929	0.465775	0.5616	0.669964	0.781061	0.87395	0.943678	0.994908	1.02117	1.02184	0.989328	0.919883	0.824206	0.707698	0.5904	0.485056	0.399049	0.337791	0.288084	0.232166	0.170537	0.106792	0.0761462	0.0911614	0.157492	0.27064	0.399842	0.524678	0.636516	0.715457	0.738818	0.690258	0.561144	0.36349	0.104139	-0.167668	-0.403085	-0.575285	-0.665526	-0.679258	-0.623751	-0.521233	-0.396597	-0.275395	-0.182204	-0.122382	-0.089933	-0.0848226	-0.099472	-0.121449	-0.142068	-0.150114	-0.136926	-0.102352	-0.0562742	0	
0	0.144078	0.280943	0.41491	0.544729	0.656528	0.709981	0.68906	0.594294	0.443907	0.253339	0.0462207	-0.157532	-0.343703	-0.473052	-0.510115	-0.423412	-0.214559	0.100925	0.46933	0.836015	1.16108	1.40947	1.55681	1.60125	1.56768	1.49444	1.41319	1.34748	1.29171	1.24148	1.1879	1.13794	1.09951	1.0611	1.01696	0.958123	0.874756	0.764992	0.645098	0.525136	0.412121	0.318911	0.257403	0.238615	0.279104	0.357951	0.450911	0.551754	0.639774	0.711961	0.776825	0.824616	0.850925	0.849051	0.807028	0.737077	0.644415	0.54609	0.451538	0.368102	0.302771	0.244613	0.177316	0.0963937	0.022422	-0.00849491	0.0052158	0.0619967	0.159332	0.269062	0.370465	0.461991	0.517339	0.518254	0.453221	0.308645	0.094279	-0.174172	-0.443432	-0.673744	-0.840832	-0.922714	-0.915735	-0.830578	-0.700656	-0.555071	-0.417094	-0.305997	-0.223659	-0.163299	-0.132772	-0.12345	-0.122197	-0.125697	-0.118515	-0.100478	-0.0735395	-0.0377843	0	
0	0.112746	0.226783	0.344743	0.461986	0.555801	0.589602	0.550128	0.450146	0.306318	0.133671	-0.0452666	-0.208671	-0.348094	-0.433184	-0.427342	-0.298257	-0.0502747	0.291264	0.669148	1.03068	1.33898	1.55681	1.65789	1.64614	1.55872	1.43638	1.3097	1.19927	1.10773	1.03628	0.978095	0.933704	0.904428	0.877294	0.846199	0.807213	0.749252	0.662682	0.558689	0.442987	0.321181	0.208935	0.120137	0.0724912	0.0831044	0.131818	0.197228	0.275406	0.353861	0.42988	0.508922	0.579264	0.634707	0.662622	0.657095	0.623328	0.562437	0.490316	0.418818	0.355391	0.299103	0.235983	0.154542	0.0620284	-0.0216003	-0.0615399	-0.0589598	-0.0210691	0.0520557	0.138709	0.216302	0.277958	0.308224	0.289663	0.202819	0.0420232	-0.174936	-0.434124	-0.690256	-0.903075	-1.04916	-1.10706	-1.07165	-0.960388	-0.809003	-0.647831	-0.496096	-0.367638	-0.26791	-0.19262	-0.144215	-0.111275	-0.0842701	-0.0632761	-0.0441157	-0.0304664	-0.0190815	-0.00912573	0	
0	0.0577295	0.12936	0.218469	0.310866	0.381999	0.397068	0.35007	0.254696	0.125094	-0.0259756	-0.172239	-0.287668	-0.370524	-0.4	-0.343707	-0.173373	0.0999949	0.44698	0.815754	1.15749	1.43212	1.60125	1.64614	1.58325	1.4544	1.29007	1.11725	0.961406	0.838932	0.756067	0.702733	0.672531	0.661684	0.652881	0.640615	0.621404	0.58706	0.522522	0.434364	0.327191	0.206411	0.0854092	-0.0181911	-0.08864	-0.107016	-0.0901711	-0.057388	-0.00492637	0.0621257	0.138434	0.226204	0.313693	0.391704	0.449551	0.477801	0.477858	0.454731	0.423934	0.39197	0.358531	0.318674	0.259446	0.17414	0.0724735	-0.0190152	-0.0714837	-0.0920923	-0.0805738	-0.0328989	0.0272735	0.0760433	0.110709	0.114745	0.0684791	-0.0386612	-0.206994	-0.419579	-0.660487	-0.891715	-1.07741	-1.19416	-1.21951	-1.15106	-1.01803	-0.853496	-0.678518	-0.510874	-0.367566	-0.257947	-0.175505	-0.115939	-0.0668175	-0.0252887	0.00513942	0.0274285	0.0336565	0.0288902	0.0179419	0	
0	-0.00904296	0.00702415	0.0507987	0.108843	0.153987	0.158629	0.113489	0.0317297	-0.0771191	-0.202609	-0.313942	-0.383166	-0.408232	-0.378604	-0.26973	-0.0635741	0.222663	0.563206	0.914604	1.22701	1.4562	1.56768	1.55872	1.4544	1.29007	1.08738	0.871827	0.679055	0.533054	0.442254	0.397003	0.389053	0.405898	0.426713	0.437414	0.439949	0.426933	0.380073	0.302133	0.199873	0.0789096	-0.0440918	-0.155186	-0.239416	-0.278635	-0.288038	-0.28225	-0.252197	-0.198181	-0.126708	-0.0373765	0.0575349	0.151007	0.23188	0.290345	0.324682	0.341311	0.354013	0.36687	0.371056	0.351931	0.300649	0.221616	0.122732	0.0248446	-0.0447638	-0.0858724	-0.0999567	-0.0823352	-0.0485327	-0.026772	-0.0240938	-0.0502273	-0.120025	-0.245857	-0.419862	-0.620974	-0.841336	-1.04891	-1.20222	-1.27654	-1.26375	-1.17158	-1.02403	-0.845202	-0.653328	-0.47075	-0.318182	-0.200108	-0.109635	-0.0456417	0.00193081	0.0337794	0.0511005	0.0614585	0.0568685	0.043258	0.0256741	0	
0	-0.0773534	-0.126921	-0.14123	-0.128327	-0.107571	-0.107746	-0.144172	-0.206665	-0.288959	-0.381174	-0.456222	-0.480954	-0.451491	-0.364838	-0.206099	0.0293556	0.324087	0.654623	0.982799	1.2591	1.43693	1.49444	1.43638	1.29007	1.08738	0.847077	0.600336	0.382548	0.221149	0.12803	0.0978	0.118603	0.169707	0.221097	0.257162	0.281213	0.287251	0.25533	0.184159	0.0838373	-0.0339082	-0.1553	-0.269568	-0.36368	-0.424035	-0.457418	-0.473706	-0.461787	-0.417175	-0.348486	-0.260806	-0.16077	-0.0558035	0.040312	0.119717	0.182553	0.237843	0.296592	0.352879	0.389353	0.392063	0.361018	0.297989	0.207669	0.108286	0.0254304	-0.0355441	-0.0714039	-0.0788683	-0.0776835	-0.0893643	-0.120127	-0.176353	-0.273005	-0.414411	-0.588225	-0.783941	-0.98909	-1.16954	-1.28401	-1.31759	-1.27155	-1.15155	-0.97906	-0.776114	-0.569071	-0.381933	-0.226182	-0.10636	-0.0199246	0.0350914	0.0654042	0.0738651	0.0698089	0.0620294	0.0466805	0.031452	0.0178362	0	
0	-0.138398	-0.251988	-0.328299	-0.361739	-0.363344	-0.365013	-0.389519	-0.431431	-0.481731	-0.537598	-0.573933	-0.558011	-0.481636	-0.347495	-0.149478	0.111034	0.413577	0.73069	1.0302	1.26511	1.40025	1.41319	1.3097	1.11725	0.871827	0.600336	0.330608	0.0963045	-0.0720245	-0.159468	-0.168824	-0.118137	-0.036499	0.0448647	0.105741	0.15104	0.176224	0.159329	0.0961887	0.00184191	-0.109658	-0.225979	-0.341791	-0.449778	-0.53298	-0.589008	-0.623347	-0.621288	-0.580138	-0.512368	-0.422855	-0.318581	-0.208841	-0.102321	-0.00632744	0.0801962	0.170161	0.265605	0.355146	0.419109	0.447362	0.439813	0.399391	0.321873	0.222695	0.129903	0.0518413	-0.00969546	-0.0519294	-0.0803727	-0.118614	-0.178189	-0.261543	-0.377745	-0.529787	-0.710698	-0.906537	-1.10112	-1.2574	-1.33807	-1.33771	-1.25926	-1.10605	-0.898662	-0.67004	-0.448093	-0.254734	-0.102748	0.00820255	0.075945	0.105597	0.110259	0.0921279	0.0650737	0.0423782	0.0207542	0.00775117	0.00468768	0	
0	-0.18685	-0.352926	-0.481064	-0.554593	-0.577319	-0.581449	-0.596725	-0.618023	-0.638869	-0.657909	-0.656445	-0.602934	-0.488446	-0.319921	-0.0903144	0.194134	0.504546	0.805571	1.06915	1.26863	1.36947	1.34748	1.19927	0.961406	0.679055	0.382548	0.0963045	-0.144433	-0.30829	-0.379908	-0.36835	-0.293938	-0.188485	-0.0849184	-0.0063132	0.0556464	0.0957171	0.0944785	0.0431781	-0.039454	-0.135044	-0.23684	-0.352123	-0.473504	-0.58291	-0.66433	-0.713713	-0.720584	-0.683724	-0.613913	-0.522128	-0.414645	-0.299542	-0.188246	-0.0838208	0.0227052	0.136292	0.255302	0.367736	0.456547	0.510602	0.533019	0.515725	0.448646	0.347666	0.242168	0.147774	0.0634877	-0.00456777	-0.061477	-0.124739	-0.206582	-0.303919	-0.426222	-0.586388	-0.77763	-0.982693	-1.17235	-1.31239	-1.3752	-1.351	-1.23837	-1.04628	-0.80266	-0.547007	-0.311959	-0.11604	0.0279195	0.116416	0.154132	0.154616	0.131926	0.0939177	0.0553833	0.0260827	0.00359598	-0.00720879	-0.00482641	0	
0	-0.219342	-0.418114	-0.577242	-0.67924	-0.721467	-0.734422	-0.744472	-0.752222	-0.750333	-0.740285	-0.705588	-0.620406	-0.479081	-0.286002	-0.0306651	0.275493	0.591648	0.870638	1.10233	1.27034	1.34592	1.29171	1.10773	0.838932	0.533054	0.221149	-0.0720245	-0.30829	-0.457501	-0.515378	-0.490862	-0.405365	-0.289077	-0.176059	-0.0862822	-0.0114094	0.04308	0.0565432	0.0191783	-0.0445011	-0.114996	-0.196882	-0.307302	-0.441743	-0.574356	-0.673398	-0.73573	-0.751589	-0.722015	-0.657355	-0.56769	-0.459521	-0.345277	-0.23025	-0.115199	0.00423694	0.133841	0.266597	0.393244	0.499563	0.57788	0.619283	0.611874	0.552051	0.454937	0.346702	0.238185	0.135524	0.0465341	-0.0277648	-0.102786	-0.192662	-0.295678	-0.427216	-0.597457	-0.79835	-1.00582	-1.19314	-1.32951	-1.38479	-1.34533	-1.20601	-0.985024	-0.717234	-0.445778	-0.199091	-0.000908724	0.131219	0.201642	0.214088	0.189399	0.146219	0.0946978	0.0535095	0.0237778	0.00118221	-0.00902544	-0.00702104	0	
0	-0.23311	-0.441677	-0.609004	-0.725735	-0.78673	-0.814705	-0.828585	-0.833096	-0.821602	-0.794363	-0.736241	-0.629025	-0.469219	-0.256205	0.021442	0.345675	0.661212	0.92344	1.12875	1.27335	1.32188	1.24148	1.03628	0.756067	0.442254	0.12803	-0.159468	-0.379908	-0.515378	-0.565252	-0.541221	-0.460011	-0.349696	-0.237558	-0.140093	-0.0532757	0.0115689	0.0371979	0.0174648	-0.0220661	-0.0652134	-0.126054	-0.229619	-0.368362	-0.507819	-0.615869	-0.687038	-0.717229	-0.707042	-0.65699	-0.576367	-0.474216	-0.360157	-0.238786	-0.11586	0.0176657	0.154828	0.2915	0.424554	0.541082	0.625588	0.670776	0.667559	0.611323	0.517353	0.411304	0.308659	0.208826	0.118958	0.0402676	-0.0409693	-0.137753	-0.248864	-0.387933	-0.567698	-0.777024	-0.98721	-1.1736	-1.30856	-1.36248	-1.31317	-1.15867	-0.930579	-0.658195	-0.381331	-0.134156	0.0608652	0.186826	0.249279	0.25588	0.222754	0.170661	0.11522	0.0668168	0.0308461	0.00782373	-0.00286319	-0.00191751	0	
0	-0.2247	-0.420916	-0.578351	-0.696664	-0.77351	-0.819561	-0.847386	-0.860495	-0.853761	-0.822644	-0.75464	-0.636242	-0.464027	-0.234234	0.060296	0.391609	0.704196	0.954374	1.14388	1.26418	1.28738	1.1879	0.978095	0.702733	0.397003	0.0978	-0.168824	-0.36835	-0.490862	-0.541221	-0.529893	-0.471181	-0.38058	-0.277163	-0.178542	-0.0869375	-0.0161586	0.0256533	0.0297004	0.0158124	-0.00404185	-0.045322	-0.135205	-0.261734	-0.395631	-0.504074	-0.58629	-0.636479	-0.65051	-0.621926	-0.557023	-0.464846	-0.35329	-0.22731	-0.0930935	0.0488504	0.191018	0.329041	0.460649	0.570821	0.645419	0.676537	0.661466	0.61073	0.5318	0.442368	0.353882	0.270915	0.197706	0.128767	0.0546641	-0.039221	-0.15946	-0.317696	-0.512998	-0.726654	-0.933775	-1.11987	-1.25285	-1.30062	-1.24776	-1.09954	-0.88582	-0.625594	-0.360279	-0.122617	0.0659503	0.190639	0.258066	0.270964	0.249238	0.207506	0.153914	0.100826	0.0549551	0.0272685	0.0144686	0.00576586	0	
0	-0.19131	-0.358225	-0.492123	-0.604446	-0.687639	-0.75337	-0.799756	-0.833579	-0.841965	-0.820138	-0.755189	-0.635265	-0.457333	-0.216378	0.0824151	0.411058	0.717131	0.963053	1.14049	1.24114	1.2447	1.13794	0.933704	0.672531	0.389053	0.118603	-0.118137	-0.293938	-0.405365	-0.460011	-0.471181	-0.442705	-0.376346	-0.292252	-0.20391	-0.117701	-0.0377326	0.0242176	0.0524911	0.0585371	0.058636	0.0382902	-0.0261577	-0.132539	-0.251494	-0.357744	-0.448081	-0.515073	-0.555415	-0.554424	-0.513241	-0.437567	-0.332241	-0.199395	-0.057788	0.0918545	0.233564	0.365861	0.48549	0.574506	0.623502	0.633961	0.612211	0.565253	0.497252	0.427093	0.365206	0.311853	0.266917	0.222937	0.167337	0.0812213	-0.0462214	-0.21679	-0.418356	-0.638217	-0.853239	-1.04221	-1.16859	-1.21055	-1.16424	-1.03337	-0.844828	-0.613881	-0.374815	-0.156043	0.0269986	0.157586	0.235788	0.269026	0.267983	0.240094	0.196259	0.145064	0.0982247	0.0628891	0.0334941	0.012602	0	
0	-0.13627	-0.25876	-0.365864	-0.46192	-0.546665	-0.62329	-0.692675	-0.750046	-0.782505	-0.778621	-0.726374	-0.613822	-0.439032	-0.200919	0.0884989	0.405152	0.703346	0.94601	1.11638	1.20622	1.20453	1.09951	0.904428	0.661684	0.405898	0.169707	-0.036499	-0.188485	-0.289077	-0.349696	-0.38058	-0.376346	-0.338203	-0.282488	-0.218189	-0.136673	-0.0475185	0.0307186	0.078237	0.105176	0.126861	0.133486	0.0932483	0.00800395	-0.095589	-0.196424	-0.289041	-0.369688	-0.433207	-0.459751	-0.439879	-0.379813	-0.278634	-0.148934	-0.0124435	0.128218	0.26059	0.381892	0.48285	0.547452	0.570262	0.558639	0.524249	0.479204	0.421985	0.371978	0.340592	0.324	0.318681	0.30928	0.277448	0.204454	0.079127	-0.089078	-0.290465	-0.516112	-0.736725	-0.933056	-1.06531	-1.11807	-1.08933	-0.980464	-0.815809	-0.607158	-0.393283	-0.195136	-0.0219791	0.107272	0.196259	0.249226	0.265358	0.250577	0.222175	0.188135	0.148522	0.106967	0.064363	0.0266376	0	
0	-0.0691794	-0.143734	-0.220236	-0.301025	-0.377245	-0.46069	-0.544913	-0.625649	-0.682373	-0.700253	-0.665035	-0.566509	-0.408596	-0.190387	0.0770041	0.374474	0.659567	0.894997	1.06164	1.15373	1.15867	1.0611	0.877294	0.652881	0.426713	0.221097	0.0448647	-0.0849184	-0.176059	-0.237558	-0.277163	-0.292252	-0.282488	-0.263079	-0.218295	-0.143286	-0.0515991	0.0360921	0.103981	0.154729	0.19853	0.221922	0.200717	0.133817	0.0466136	-0.042656	-0.134418	-0.221837	-0.300113	-0.342862	-0.337242	-0.286207	-0.196556	-0.0826198	0.0342744	0.15701	0.272689	0.37561	0.451912	0.484175	0.480199	0.453393	0.413411	0.370966	0.327101	0.301064	0.2961	0.313007	0.347868	0.373497	0.370059	0.320964	0.211913	0.0513327	-0.146732	-0.3754	-0.606312	-0.810436	-0.953358	-1.02659	-1.02305	-0.935317	-0.785759	-0.596591	-0.398707	-0.214017	-0.0561097	0.0657081	0.151804	0.208506	0.234037	0.234141	0.228216	0.211398	0.179393	0.142659	0.101499	0.0522563	0	
0	-0.00529802	-0.0322122	-0.08231	-0.145228	-0.213093	-0.293069	-0.384437	-0.479285	-0.556859	-0.595423	-0.578529	-0.501695	-0.374888	-0.189893	0.0473415	0.322431	0.587911	0.813477	0.981901	1.08529	1.10355	1.01696	0.846199	0.640615	0.437414	0.257162	0.105741	-0.0063132	-0.0862822	-0.140093	-0.178542	-0.20391	-0.218189	-0.218295	-0.188744	-0.127039	-0.0427511	0.0471811	0.13019	0.194514	0.244169	0.279045	0.277658	0.232538	0.169847	0.0935528	0.0093812	-0.0757049	-0.156631	-0.210074	-0.213572	-0.177085	-0.106829	-0.0182743	0.0731373	0.172758	0.265913	0.340267	0.377578	0.376049	0.352094	0.317049	0.280768	0.250565	0.224222	0.221994	0.248326	0.298797	0.36777	0.428901	0.453064	0.427322	0.339341	0.195614	8.26183e-05	-0.237856	-0.474792	-0.690182	-0.85166	-0.942622	-0.954736	-0.881798	-0.746642	-0.569993	-0.383663	-0.21011	-0.0619266	0.0463931	0.118947	0.166071	0.187243	0.199011	0.206986	0.194385	0.169685	0.143391	0.109116	0.0596136	0	
0	0.0443946	0.0565982	0.0319764	-0.0149276	-0.0714737	-0.141257	-0.227228	-0.323582	-0.413121	-0.467376	-0.470203	-0.422716	-0.335459	-0.19178	0.0137323	0.260457	0.502476	0.715736	0.886714	1.0004	1.03015	0.958123	0.807213	0.621404	0.439949	0.281213	0.15104	0.0556464	-0.0114094	-0.0532757	-0.0869375	-0.117701	-0.136673	-0.143286	-0.127039	-0.0808345	-0.00721679	0.0800187	0.158571	0.215613	0.264209	0.308382	0.324207	0.303181	0.262476	0.210798	0.149847	0.0822685	0.00649012	-0.0545181	-0.0768847	-0.0666896	-0.0292119	0.023789	0.0858533	0.158038	0.221691	0.260254	0.262702	0.234056	0.195697	0.1602	0.131899	0.116588	0.115318	0.143927	0.199785	0.283808	0.389889	0.477617	0.52352	0.523482	0.457253	0.322318	0.127705	-0.106841	-0.345995	-0.569174	-0.745408	-0.853031	-0.876461	-0.815746	-0.69174	-0.528489	-0.353842	-0.189501	-0.0506025	0.0503856	0.108628	0.139753	0.151421	0.152347	0.148767	0.134812	0.118257	0.100733	0.0718095	0.0328155	0	
0	0.0746747	0.115937	0.115346	0.086316	0.0454079	-0.00708047	-0.0747671	-0.159708	-0.247726	-0.312935	-0.33733	-0.323918	-0.278641	-0.175204	-0.00550226	0.20861	0.422557	0.620149	0.785007	0.895634	0.929522	0.874756	0.749252	0.58706	0.426933	0.287251	0.176224	0.0957171	0.04308	0.0115689	-0.0161586	-0.0377326	-0.0475185	-0.0515991	-0.0427511	-0.00721679	0.0568171	0.121057	0.174678	0.221178	0.270724	0.322187	0.352993	0.351623	0.342505	0.327245	0.298578	0.251656	0.180968	0.109219	0.0658614	0.0444109	0.040627	0.051664	0.0757093	0.111236	0.139095	0.143675	0.11816	0.076036	0.0386434	0.00910286	-0.00940238	-0.0104093	0.00976649	0.0643386	0.149367	0.262358	0.392515	0.505561	0.575905	0.596472	0.546875	0.422172	0.236893	0.0130315	-0.221121	-0.450837	-0.639052	-0.75131	-0.781725	-0.733842	-0.620069	-0.467374	-0.303602	-0.151102	-0.0247003	0.0623622	0.109501	0.133016	0.129533	0.106823	0.0781887	0.0516756	0.0364032	0.02071	0.00404394	-0.00343763	0	
0	0.0810392	0.135117	0.151077	0.139714	0.116437	0.0868877	0.0438706	-0.0162995	-0.0903405	-0.157195	-0.200302	-0.21495	-0.199283	-0.127693	0.00946119	0.189534	0.376031	0.551284	0.693069	0.781617	0.806656	0.764992	0.662682	0.522522	0.380073	0.25533	0.159329	0.0944785	0.0565432	0.0371979	0.0256533	0.0242176	0.0307186	0.0360921	0.0471811	0.0800187	0.121057	0.150594	0.183014	0.22769	0.281339	0.336204	0.376162	0.398094	0.419431	0.436802	0.433852	0.400099	0.336685	0.261262	0.195728	0.137731	0.0905378	0.056592	0.0416021	0.0410123	0.0360554	0.0136838	-0.0261919	-0.0694417	-0.102533	-0.11915	-0.116339	-0.0975123	-0.0609725	0.00831444	0.108207	0.234948	0.3798	0.511163	0.600746	0.636852	0.599712	0.48436	0.306987	0.0911772	-0.137606	-0.358762	-0.535815	-0.639868	-0.669392	-0.628144	-0.523401	-0.380387	-0.227958	-0.089761	0.0200489	0.090096	0.12182	0.128169	0.105113	0.0625863	0.0168757	-0.0214903	-0.0479529	-0.0628335	-0.0530052	-0.0262919	0	
0	0.0683474	0.119074	0.14178	0.145418	0.141972	0.13645	0.121132	0.0912253	0.0421266	-0.0184109	-0.070745	-0.0996499	-0.0963178	-0.0448435	0.0640803	0.213872	0.374124	0.518793	0.623364	0.675469	0.682855	0.645098	0.558689	0.434364	0.302133	0.184159	0.0961887	0.0431781	0.0191783	0.0174648	0.0297004	0.0524911	0.078237	0.103981	0.13019	0.158571	0.174678	0.183014	0.208694	0.257719	0.312579	0.370476	0.419841	0.456257	0.493693	0.529661	0.538897	0.518484	0.465395	0.384508	0.294041	0.199849	0.110786	0.0395797	-0.00518708	-0.0368081	-0.0699108	-0.110769	-0.154701	-0.192138	-0.211781	-0.210363	-0.191592	-0.159503	-0.106428	-0.0239176	0.083495	0.216579	0.368234	0.508237	0.605679	0.643726	0.605466	0.490501	0.320769	0.120158	-0.0929414	-0.293858	-0.446462	-0.529234	-0.545932	-0.50091	-0.399709	-0.268946	-0.133002	-0.00989953	0.0820435	0.134087	0.148421	0.128302	0.080365	0.0259093	-0.0262173	-0.0711016	-0.100167	-0.107946	-0.0833908	-0.0400552	0	
0	0.0462249	0.0815006	0.102823	0.115783	0.133785	0.150669	0.162865	0.163796	0.145376	0.101667	0.0545202	0.0297144	0.0357095	0.0759062	0.161203	0.283765	0.414853	0.520483	0.577944	0.589307	0.569952	0.525136	0.442987	0.327191	0.199873	0.0838373	0.00184191	-0.039454	-0.0445011	-0.0220661	0.0158124	0.0585371	0.105176	0.154729	0.194514	0.215613	0.221178	0.22769	0.257719	0.312186	0.378461	0.444742	0.495973	0.532164	0.571197	0.61025	0.625812	0.612836	0.560846	0.469314	0.352867	0.22944	0.110466	0.0121068	-0.0623236	-0.122852	-0.176871	-0.2243	-0.263631	-0.289797	-0.296524	-0.280442	-0.245101	-0.201418	-0.142805	-0.0515542	0.0706568	0.21326	0.365994	0.505561	0.592569	0.605431	0.554148	0.44399	0.286991	0.103929	-0.0814847	-0.244686	-0.362645	-0.417348	-0.415391	-0.357927	-0.251749	-0.127743	-0.0085413	0.089653	0.154153	0.179987	0.169272	0.125094	0.0615082	0.00264591	-0.0492497	-0.0881224	-0.100729	-0.0952883	-0.0761695	-0.0420868	0	
0	0.0217768	0.0376094	0.0479292	0.0659424	0.0991312	0.137998	0.172745	0.202648	0.216048	0.200762	0.17641	0.172611	0.190974	0.226844	0.293134	0.390591	0.488341	0.549049	0.560485	0.530187	0.478534	0.412121	0.321181	0.206411	0.0789096	-0.0339082	-0.109658	-0.135044	-0.114996	-0.0652134	-0.00404185	0.058636	0.126861	0.19853	0.244169	0.264209	0.270724	0.281339	0.312579	0.378461	0.460674	0.532865	0.581315	0.618326	0.660059	0.700984	0.715907	0.695709	0.632062	0.522963	0.384947	0.234197	0.0897602	-0.0326805	-0.133517	-0.218341	-0.283689	-0.330389	-0.361306	-0.375623	-0.371076	-0.34031	-0.289853	-0.231956	-0.15695	-0.0543917	0.0704016	0.211526	0.358881	0.485009	0.549994	0.54331	0.479722	0.366237	0.215503	0.0516444	-0.095437	-0.213943	-0.291501	-0.314994	-0.284075	-0.204487	-0.0922081	0.0314967	0.135288	0.207783	0.243087	0.233499	0.192929	0.130146	0.0630408	0.00640849	-0.0444129	-0.0745695	-0.0753203	-0.0659724	-0.0531362	-0.0301043	0	
0	-0.00109528	-0.0075096	-0.0118961	-0.000153829	0.0422188	0.0953167	0.149829	0.201703	0.246858	0.268382	0.28267	0.310354	0.348277	0.385634	0.440781	0.515457	0.579396	0.599345	0.57156	0.505411	0.417301	0.318911	0.208935	0.0854092	-0.0440918	-0.1553	-0.225979	-0.23684	-0.196882	-0.126054	-0.045322	0.0382902	0.133486	0.221922	0.279045	0.308382	0.322187	0.336204	0.370476	0.444742	0.532865	0.603022	0.65441	0.703076	0.751482	0.796371	0.807573	0.7778	0.697893	0.571855	0.404778	0.225055	0.0531229	-0.0975178	-0.224642	-0.320671	-0.389049	-0.436104	-0.459707	-0.462667	-0.440269	-0.385053	-0.310602	-0.233369	-0.146985	-0.0388124	0.0877249	0.221811	0.351398	0.453604	0.49478	0.465576	0.39136	0.27786	0.134112	-0.0102318	-0.129902	-0.214419	-0.255719	-0.243931	-0.176724	-0.0707638	0.051042	0.173974	0.273907	0.334113	0.348428	0.320786	0.260068	0.182053	0.111342	0.0485049	-0.00565319	-0.0358488	-0.0458828	-0.0485061	-0.0383162	-0.016315	0	
