0	0	0	0	0	0	0	0	0	0	0	0	0	0	0	0	0	0	0	0	0	0	0	0	0	0	0	0	0	0	0	0	0	0	0	0	0	0	0	0	0	0	0	0	0	0	0	0	0	0	0	0	0	0	0	0	0	0	0	0	0	0	0	0	0	0	0	0	0	0	0	0	0	0	0	0	0	0	0	0	0	0	0	0	0	0	0	0	0	0	0	0	0	0	0	0	0	0	0	0	
0	-0.0370101	-0.0693199	-0.0900681	-0.10421	-0.11043	-0.115255	-0.119509	-0.120657	-0.120295	-0.114331	-0.108471	-0.103651	-0.101502	-0.100227	-0.095682	-0.0861786	-0.0717492	-0.0526045	-0.0294155	-0.00217934	0.025802	0.0507568	0.0734407	0.0944458	0.120169	0.14767	0.171087	0.191092	0.205511	0.217657	0.230702	0.239781	0.24668	0.251452	0.25042	0.247449	0.244463	0.242628	0.238907	0.230815	0.223307	0.220433	0.21919	0.215896	0.213555	0.215619	0.221435	0.227782	0.233436	0.238956	0.245201	0.247482	0.244204	0.237453	0.228876	0.220922	0.218857	0.220002	0.232491	0.253228	0.275558	0.296025	0.317072	0.333896	0.342246	0.350317	0.351527	0.344789	0.329363	0.310005	0.291627	0.273951	0.258957	0.244996	0.228975	0.205604	0.17999	0.154521	0.122084	0.0873962	0.0588945	0.0331073	0.00867246	-0.0155013	-0.0432344	-0.066639	-0.0849723	-0.0995803	-0.106447	-0.111429	-0.113691	-0.112282	-0.108848	-0.0962499	-0.0773384	-0.0598878	-0.0444439	-0.0263113	0	
0	-0.0693199	-0.127179	-0.165822	-0.187826	-0.19668	-0.20289	-0.206114	-0.207442	-0.2025	-0.18982	-0.177685	-0.167128	-0.165387	-0.164158	-0.15892	-0.143702	-0.119994	-0.0855454	-0.0446883	0.00556535	0.0574761	0.102944	0.143831	0.182792	0.229434	0.280021	0.327291	0.363519	0.39379	0.420248	0.44659	0.465033	0.483583	0.492283	0.493822	0.4916	0.489238	0.485929	0.481646	0.465903	0.454841	0.449228	0.445101	0.436438	0.434979	0.437707	0.445366	0.454174	0.465408	0.473611	0.482304	0.482573	0.473612	0.456957	0.435743	0.417172	0.408536	0.409378	0.429509	0.469566	0.510695	0.549877	0.590609	0.621317	0.638748	0.652199	0.65526	0.641517	0.610996	0.574731	0.538985	0.507585	0.481058	0.458098	0.431524	0.390532	0.34609	0.299894	0.241729	0.177581	0.124759	0.0799635	0.0347087	-0.00858915	-0.0578021	-0.103582	-0.13717	-0.163589	-0.180218	-0.191383	-0.196482	-0.195394	-0.188637	-0.167891	-0.137788	-0.105947	-0.0772606	-0.046683	0	
0	-0.0900681	-0.165822	-0.210146	-0.234436	-0.238275	-0.239193	-0.240056	-0.235403	-0.227401	-0.206914	-0.18861	-0.176098	-0.174458	-0.178088	-0.17487	-0.159771	-0.131622	-0.0909476	-0.0393255	0.0238088	0.0896474	0.147007	0.199024	0.247692	0.311126	0.382262	0.445604	0.500143	0.542485	0.580396	0.622072	0.654702	0.683422	0.70548	0.712908	0.714552	0.715751	0.71861	0.715365	0.698416	0.681935	0.675828	0.672501	0.662439	0.65363	0.655118	0.665723	0.677205	0.685958	0.692928	0.700695	0.696072	0.675619	0.643706	0.605907	0.570435	0.55159	0.543869	0.568715	0.619654	0.676056	0.728927	0.78422	0.827786	0.849724	0.87025	0.873457	0.855037	0.813185	0.762209	0.715322	0.673538	0.641931	0.615652	0.585035	0.535451	0.480082	0.424845	0.350765	0.269462	0.205093	0.148309	0.0933597	0.0381304	-0.0287755	-0.0879026	-0.134559	-0.172341	-0.192277	-0.208452	-0.21943	-0.223162	-0.221953	-0.197547	-0.157922	-0.122778	-0.0936608	-0.0577013	0	
0	-0.10421	-0.187826	-0.234436	-0.252034	-0.245779	-0.237051	-0.2268	-0.215271	-0.197022	-0.16716	-0.142114	-0.12472	-0.127774	-0.136951	-0.142861	-0.133757	-0.110478	-0.0706678	-0.0181918	0.0497357	0.121041	0.182412	0.235257	0.286988	0.356235	0.436526	0.513996	0.577449	0.631034	0.682681	0.737682	0.783471	0.829519	0.862452	0.881801	0.894426	0.905237	0.916335	0.922274	0.906349	0.893427	0.889122	0.885209	0.870568	0.863618	0.863231	0.870252	0.876984	0.884786	0.886781	0.886647	0.869748	0.833556	0.781974	0.720213	0.663871	0.626972	0.608843	0.630398	0.689949	0.756223	0.820504	0.88866	0.940505	0.969131	0.992034	0.996965	0.97308	0.920557	0.859067	0.80177	0.756671	0.725123	0.70401	0.679303	0.63101	0.577957	0.522447	0.445077	0.358005	0.290335	0.23555	0.180084	0.124203	0.0544281	-0.0128557	-0.0639083	-0.104518	-0.131243	-0.153555	-0.170128	-0.180715	-0.185093	-0.167473	-0.135045	-0.10312	-0.0802099	-0.0540749	0	
0	-0.11043	-0.19668	-0.238275	-0.245779	-0.226324	-0.203677	-0.183604	-0.16157	-0.135535	-0.0972286	-0.065133	-0.0474431	-0.0526247	-0.0721106	-0.0866749	-0.0883748	-0.0726693	-0.0403585	0.0069236	0.0704273	0.138421	0.193081	0.240071	0.284455	0.352189	0.436521	0.517546	0.587102	0.646046	0.703681	0.769834	0.828706	0.887897	0.937512	0.970749	0.996387	1.02196	1.04801	1.06395	1.05794	1.05017	1.0521	1.05381	1.04353	1.03131	1.02911	1.03618	1.04251	1.0426	1.03629	1.027	0.996204	0.940929	0.864516	0.776962	0.694718	0.637154	0.60234	0.617963	0.679384	0.752705	0.824969	0.902278	0.96202	0.994662	1.02234	1.02774	1.00189	0.942635	0.87299	0.811593	0.764832	0.739259	0.727391	0.712625	0.674641	0.62982	0.584519	0.514618	0.433654	0.376999	0.333422	0.289964	0.244496	0.179718	0.116216	0.0665464	0.0267725	0.00295086	-0.0203497	-0.0432204	-0.0647058	-0.0830273	-0.0760475	-0.0547556	-0.0429734	-0.0429478	-0.0355847	0	
0	-0.115255	-0.20289	-0.239193	-0.237051	-0.203677	-0.16864	-0.136321	-0.104992	-0.0692812	-0.0218205	0.0165857	0.0384752	0.0282348	0.00256464	-0.0249746	-0.0375735	-0.0332693	-0.0122044	0.0263824	0.0815156	0.140192	0.186715	0.220055	0.253068	0.311594	0.389282	0.467099	0.534456	0.590692	0.650807	0.720882	0.78918	0.859219	0.921307	0.968458	1.0087	1.04674	1.09018	1.12465	1.13187	1.13536	1.14773	1.15828	1.15213	1.14636	1.14646	1.15293	1.15481	1.15131	1.13851	1.11645	1.06912	0.992053	0.890813	0.773399	0.663576	0.581629	0.528878	0.53574	0.596837	0.675672	0.756527	0.84261	0.910431	0.949791	0.981241	0.98996	0.961962	0.898513	0.823579	0.757526	0.713898	0.695277	0.696316	0.697304	0.673459	0.645405	0.615406	0.559242	0.493872	0.453182	0.428818	0.406251	0.379252	0.330936	0.279759	0.240864	0.211423	0.192513	0.169724	0.142617	0.111518	0.0795323	0.0661298	0.0642783	0.0531578	0.0237904	-0.0033295	0	
0	-0.119509	-0.206114	-0.240056	-0.2268	-0.183604	-0.136321	-0.0943573	-0.055372	-0.0114008	0.0421045	0.0873548	0.109727	0.0987068	0.0630718	0.0271883	0.00202765	-0.00426534	0.00744908	0.0362474	0.0820273	0.132453	0.165441	0.185182	0.202976	0.245978	0.312278	0.382349	0.439849	0.49022	0.545028	0.612303	0.679731	0.754554	0.822166	0.878379	0.929877	0.985192	1.04317	1.0903	1.114	1.13402	1.16131	1.18452	1.19243	1.19328	1.19961	1.21041	1.21636	1.21086	1.19166	1.1598	1.09703	1.00085	0.872865	0.726504	0.58856	0.480067	0.40945	0.404115	0.463204	0.545946	0.634366	0.729815	0.804578	0.852864	0.889627	0.901626	0.875707	0.810152	0.732607	0.665958	0.625041	0.616742	0.63192	0.647892	0.643441	0.632813	0.619461	0.582769	0.535378	0.515094	0.515455	0.51711	0.515113	0.49102	0.456751	0.432196	0.4167	0.406364	0.388281	0.359483	0.318383	0.272166	0.240039	0.211931	0.165809	0.099119	0.0362099	0	
0	-0.120657	-0.207442	-0.235403	-0.215271	-0.16157	-0.104992	-0.055372	-0.0100534	0.0393947	0.0977432	0.147541	0.172584	0.158391	0.119279	0.072611	0.0385233	0.0228482	0.0233352	0.044222	0.0804272	0.119228	0.143049	0.148518	0.151791	0.181001	0.234276	0.289947	0.336873	0.372941	0.41499	0.471244	0.535884	0.605018	0.673896	0.733514	0.788886	0.846595	0.916665	0.980548	1.02168	1.05515	1.09712	1.13825	1.16252	1.1785	1.19783	1.21989	1.23258	1.23078	1.2132	1.17474	1.10096	0.986319	0.835293	0.661542	0.494545	0.360093	0.268112	0.250881	0.303125	0.387928	0.484414	0.585595	0.669794	0.726335	0.769425	0.787115	0.762853	0.699729	0.621147	0.553961	0.518528	0.519176	0.547786	0.580606	0.594488	0.603467	0.609196	0.591233	0.566792	0.568299	0.590246	0.6187	0.64046	0.637439	0.623291	0.614725	0.613017	0.613953	0.601543	0.570001	0.519985	0.45894	0.404087	0.350646	0.277028	0.177638	0.0777023	0	
0	-0.120295	-0.2025	-0.227401	-0.197022	-0.135535	-0.0692812	-0.0114008	0.0393947	0.0953943	0.157716	0.212745	0.238622	0.224709	0.178048	0.123683	0.0783627	0.0514902	0.0439784	0.0559609	0.0842905	0.116363	0.130644	0.124171	0.115583	0.127287	0.164229	0.208148	0.23996	0.263789	0.293995	0.336357	0.386549	0.446047	0.504685	0.558261	0.611836	0.675329	0.748207	0.815317	0.86682	0.91637	0.974656	1.03136	1.07537	1.11085	1.14868	1.1861	1.21439	1.22581	1.21537	1.17698	1.09773	0.972343	0.802506	0.604376	0.412088	0.249868	0.139816	0.106369	0.150332	0.234783	0.336029	0.443343	0.532108	0.597897	0.645069	0.665472	0.643854	0.581115	0.501957	0.434837	0.403336	0.414119	0.45697	0.505763	0.54163	0.571169	0.593077	0.596049	0.591783	0.609938	0.653713	0.703579	0.746208	0.76678	0.767079	0.768803	0.777365	0.780749	0.768084	0.733547	0.676085	0.60536	0.534338	0.458192	0.358168	0.231912	0.106143	0	
0	-0.114331	-0.18982	-0.206914	-0.16716	-0.0972286	-0.0218205	0.0421045	0.0977432	0.157716	0.22158	0.280198	0.306948	0.292559	0.243164	0.181174	0.127543	0.0917335	0.0742973	0.0779955	0.0965831	0.118213	0.123031	0.106636	0.0866507	0.0860037	0.111001	0.141279	0.161021	0.171529	0.184156	0.209452	0.247866	0.292596	0.340511	0.385803	0.429218	0.482183	0.550234	0.6196	0.679758	0.735934	0.802435	0.873914	0.938303	0.994165	1.05393	1.11422	1.16462	1.19559	1.20236	1.1749	1.10078	0.972671	0.79216	0.579176	0.365401	0.180536	0.0517377	0.00325106	0.0349066	0.115106	0.219243	0.326026	0.418271	0.48831	0.537345	0.558529	0.536451	0.475319	0.394176	0.32621	0.297485	0.31536	0.36868	0.431375	0.48685	0.534806	0.573878	0.596264	0.613431	0.649092	0.707731	0.774939	0.831249	0.861572	0.869696	0.874864	0.883449	0.886734	0.872015	0.82967	0.762488	0.68028	0.59495	0.505861	0.394503	0.260039	0.125053	0	
0	-0.108471	-0.177685	-0.18861	-0.142114	-0.065133	0.0165857	0.0873548	0.147541	0.212745	0.280198	0.343284	0.373665	0.361018	0.31048	0.242111	0.180523	0.134017	0.108315	0.102953	0.114237	0.127014	0.125664	0.0996335	0.0708518	0.0556806	0.0653949	0.08219	0.0906019	0.090194	0.0919774	0.103327	0.127114	0.156059	0.188562	0.220167	0.252306	0.297613	0.355295	0.416533	0.473287	0.532699	0.603844	0.684182	0.761537	0.837819	0.919348	1.002	1.07739	1.13583	1.16793	1.15823	1.09918	0.978761	0.799415	0.580785	0.354551	0.153271	0.0122682	-0.0485144	-0.0279298	0.0484922	0.154685	0.260833	0.353775	0.426638	0.473839	0.49158	0.465186	0.400681	0.31418	0.240644	0.210889	0.232016	0.292505	0.367618	0.441163	0.506778	0.559347	0.597459	0.631092	0.675165	0.74191	0.818205	0.879892	0.916065	0.925127	0.925175	0.925802	0.917697	0.891263	0.838557	0.765083	0.679255	0.588317	0.494216	0.381704	0.250123	0.120241	0	
0	-0.103651	-0.167128	-0.176098	-0.12472	-0.0474431	0.0384752	0.109727	0.172584	0.238622	0.306948	0.373665	0.405945	0.399673	0.350079	0.282513	0.217679	0.166025	0.135978	0.125508	0.128883	0.13589	0.125649	0.0933592	0.0574266	0.0309964	0.028301	0.0345592	0.0312672	0.0219767	0.0104222	0.00800622	0.0177836	0.0336361	0.0541188	0.0735919	0.0921129	0.124696	0.167869	0.215768	0.268074	0.323365	0.391299	0.469909	0.555812	0.644475	0.743041	0.845723	0.945582	1.03252	1.09178	1.10944	1.0737	0.971932	0.804484	0.593332	0.366987	0.158845	0.0148448	-0.052295	-0.0389589	0.0364599	0.144772	0.251354	0.344615	0.418495	0.464267	0.475688	0.444698	0.376159	0.282139	0.203208	0.167728	0.187199	0.249207	0.328218	0.413769	0.489287	0.547807	0.596691	0.63994	0.685967	0.753331	0.828574	0.884953	0.91499	0.915472	0.903371	0.89025	0.869714	0.832744	0.771928	0.695058	0.607453	0.516921	0.428603	0.327626	0.215499	0.106507	0	
0	-0.101502	-0.165387	-0.174458	-0.127774	-0.0526247	0.0282348	0.0987068	0.158391	0.224709	0.292559	0.361018	0.399673	0.397864	0.356946	0.291268	0.227735	0.174927	0.144213	0.13139	0.135897	0.137684	0.127772	0.0938087	0.0540412	0.0199674	0.00659791	-0.00100281	-0.0128693	-0.0298966	-0.0519512	-0.0663742	-0.067688	-0.0656005	-0.0594454	-0.0508368	-0.0431602	-0.0229379	0.00274224	0.0404568	0.0816449	0.128863	0.185483	0.259819	0.342574	0.437334	0.54396	0.658366	0.775607	0.885309	0.972024	1.01464	1.00613	0.927045	0.779995	0.5872	0.368841	0.166779	0.027831	-0.035679	-0.0212993	0.057824	0.176115	0.286841	0.386003	0.46485	0.510052	0.519154	0.482726	0.409817	0.309861	0.221608	0.179454	0.193116	0.249296	0.329844	0.419181	0.496136	0.5546	0.600893	0.641398	0.678116	0.72985	0.791765	0.833671	0.847628	0.8361	0.811121	0.781026	0.747599	0.702991	0.638576	0.565766	0.487302	0.407513	0.331912	0.250099	0.165388	0.0837917	0	
0	-0.100227	-0.164158	-0.178088	-0.136951	-0.0721106	0.00256464	0.0630718	0.119279	0.178048	0.243164	0.31048	0.350079	0.356946	0.321492	0.263325	0.204281	0.15339	0.126546	0.118854	0.124032	0.131894	0.123688	0.0941901	0.0587471	0.022545	0.00125538	-0.012596	-0.0320055	-0.0549684	-0.0844108	-0.108067	-0.123029	-0.134251	-0.138162	-0.143499	-0.147838	-0.137119	-0.122269	-0.10379	-0.0750911	-0.0375912	0.0109262	0.070426	0.144889	0.236564	0.343024	0.459784	0.583711	0.709181	0.811894	0.876614	0.890685	0.834771	0.711318	0.540206	0.340002	0.150309	0.026618	-0.0249255	-0.00247817	0.0902476	0.221419	0.345985	0.456746	0.544191	0.597373	0.605854	0.570132	0.497225	0.392595	0.301123	0.251149	0.255935	0.305161	0.378272	0.463852	0.534504	0.579035	0.613197	0.638283	0.649865	0.676608	0.712413	0.726177	0.718775	0.691288	0.650417	0.607398	0.566635	0.518647	0.459788	0.402332	0.34033	0.277746	0.223779	0.167514	0.109219	0.0540435	0	
0	-0.095682	-0.15892	-0.17487	-0.142861	-0.0866749	-0.0249746	0.0271883	0.072611	0.123683	0.181174	0.242111	0.282513	0.291268	0.263325	0.21163	0.156013	0.109799	0.0873622	0.0830744	0.0969343	0.107574	0.107524	0.0885955	0.0611452	0.0312158	0.0115385	-0.00600622	-0.0262667	-0.0493283	-0.083639	-0.115584	-0.140549	-0.161418	-0.178846	-0.193921	-0.20641	-0.208541	-0.214453	-0.206616	-0.187633	-0.159908	-0.127373	-0.0808905	-0.019088	0.0648749	0.164908	0.275625	0.397824	0.524916	0.636204	0.712005	0.741332	0.701275	0.596984	0.44872	0.266275	0.0953389	-0.00983973	-0.0432751	-0.00348763	0.106901	0.259911	0.405347	0.535066	0.640097	0.705129	0.722073	0.691996	0.621869	0.520772	0.426698	0.371451	0.368082	0.403671	0.467805	0.541808	0.594894	0.62114	0.630876	0.627863	0.609134	0.598982	0.599241	0.581583	0.544955	0.499246	0.447294	0.393107	0.348264	0.30656	0.262359	0.2235	0.181967	0.142615	0.110545	0.0800298	0.0570366	0.0337386	0	
0	-0.0861786	-0.143702	-0.159771	-0.133757	-0.0883748	-0.0375735	0.00202765	0.0385233	0.0783627	0.127543	0.180523	0.217679	0.227735	0.204281	0.156013	0.10275	0.0562665	0.0337278	0.0335339	0.0490282	0.0672612	0.0750509	0.068567	0.0553208	0.0363455	0.0202948	0.00569495	-0.0114609	-0.0298649	-0.0598326	-0.0905554	-0.119772	-0.149445	-0.175412	-0.202576	-0.22681	-0.238978	-0.252006	-0.260984	-0.259693	-0.243382	-0.219384	-0.187735	-0.13999	-0.0656808	0.0233679	0.123745	0.23665	0.360338	0.467963	0.545304	0.577902	0.544897	0.452357	0.318325	0.151492	-0.00287811	-0.0892115	-0.101754	-0.0407874	0.0939818	0.273536	0.448955	0.607305	0.736215	0.822993	0.854747	0.835114	0.773382	0.676194	0.582579	0.521594	0.504301	0.525248	0.573376	0.628763	0.661875	0.662488	0.643736	0.608722	0.553169	0.505466	0.468284	0.41617	0.355175	0.296986	0.236739	0.176877	0.13188	0.0939299	0.0608625	0.042907	0.0261614	0.0100784	0.00284252	0.000528199	0.000346643	-0.000947138	0	
0	-0.0717492	-0.119994	-0.131622	-0.110478	-0.0726693	-0.0332693	-0.00426534	0.0228482	0.0514902	0.0917335	0.134017	0.166025	0.174927	0.15339	0.109799	0.0562665	0.0104652	-0.0138028	-0.0142964	0.00219259	0.020941	0.0325375	0.0350341	0.0328466	0.0263698	0.0192481	0.0108478	0.00387275	-0.00517789	-0.0250184	-0.0511668	-0.0802305	-0.110574	-0.138729	-0.171648	-0.198016	-0.220091	-0.24963	-0.275441	-0.283949	-0.278454	-0.267155	-0.251932	-0.219143	-0.158327	-0.0787513	0.010834	0.111439	0.222374	0.321762	0.393597	0.421616	0.385099	0.294644	0.16609	0.00838177	-0.133806	-0.206315	-0.199107	-0.11555	0.0462583	0.255463	0.46843	0.66211	0.823173	0.938823	0.991808	0.988917	0.936748	0.84703	0.753714	0.683763	0.649649	0.647419	0.672399	0.701139	0.705291	0.678649	0.629288	0.562542	0.478844	0.402132	0.336646	0.259931	0.180888	0.114942	0.0510559	-0.01203	-0.0587298	-0.0913836	-0.109013	-0.112311	-0.116728	-0.115488	-0.102855	-0.0822056	-0.0524438	-0.0237047	0	
0	-0.0526045	-0.0855454	-0.0909476	-0.0706678	-0.0403585	-0.0122044	0.00744908	0.0233352	0.0439784	0.0742973	0.108315	0.135978	0.144213	0.126546	0.0873622	0.0337278	-0.0138028	-0.0437037	-0.0486354	-0.0362126	-0.019906	-0.00793285	0.000667126	0.0080261	0.0114299	0.00979167	0.00596232	0.00351054	0.00555415	-0.000388152	-0.0142697	-0.0336475	-0.0559817	-0.0840824	-0.115734	-0.144103	-0.169655	-0.202783	-0.237097	-0.26204	-0.269592	-0.270532	-0.270505	-0.251706	-0.203253	-0.13658	-0.0621071	0.0262912	0.125675	0.213511	0.273705	0.28927	0.244153	0.146247	0.0128479	-0.145405	-0.28493	-0.351232	-0.332811	-0.227985	-0.0425786	0.198737	0.454174	0.690075	0.893893	1.0454	1.12977	1.14799	1.10781	1.02551	0.927693	0.84328	0.7824	0.748131	0.740439	0.735048	0.70825	0.65489	0.580067	0.488122	0.385775	0.292194	0.207622	0.118403	0.0350425	-0.0295647	-0.0871452	-0.145171	-0.192539	-0.225123	-0.240085	-0.237304	-0.227965	-0.213103	-0.187033	-0.147292	-0.100111	-0.0526482	0	
0	-0.0294155	-0.0446883	-0.0393255	-0.0181918	0.0069236	0.0263824	0.0362474	0.044222	0.0559609	0.0779955	0.102953	0.125508	0.13139	0.118854	0.0830744	0.0335339	-0.0142964	-0.0486354	-0.0560453	-0.0498745	-0.0387467	-0.0301211	-0.02289	-0.011899	-0.00264492	-0.00143663	-0.00430807	-0.00078568	0.0074737	0.0143065	0.0111721	0.00249017	-0.0134505	-0.0302689	-0.0539471	-0.0732486	-0.0957063	-0.12647	-0.169706	-0.202002	-0.217438	-0.226382	-0.239039	-0.237712	-0.207469	-0.15445	-0.0891324	-0.0154379	0.0670713	0.141354	0.189836	0.192802	0.133553	0.0237656	-0.122292	-0.287508	-0.431574	-0.503307	-0.480191	-0.364041	-0.159491	0.109776	0.4052	0.687846	0.936127	1.13044	1.25099	1.2933	1.26906	1.1924	1.0892	0.986853	0.893068	0.821245	0.773449	0.727506	0.667847	0.588896	0.491689	0.384207	0.275493	0.178909	0.0922507	0.00167099	-0.0766358	-0.129874	-0.178327	-0.230429	-0.275095	-0.303354	-0.310733	-0.303507	-0.29124	-0.270414	-0.233598	-0.183433	-0.128551	-0.068974	0	
0	-0.00217934	0.00556535	0.0238088	0.0497357	0.0704273	0.0815156	0.0820273	0.0804272	0.0842905	0.0965831	0.114237	0.128883	0.135897	0.124032	0.0969343	0.0490282	0.00219259	-0.0362126	-0.0498745	-0.0501761	-0.0450433	-0.0428126	-0.0367012	-0.0238875	-0.0119998	-0.0103685	-0.0154215	-0.0158244	-0.00585304	0.0091568	0.0148238	0.0150737	0.0114926	0.00203131	-0.0120156	-0.0205538	-0.0315059	-0.0534	-0.0919715	-0.122114	-0.140089	-0.15334	-0.176771	-0.184162	-0.167521	-0.12563	-0.07804	-0.0184514	0.049675	0.112228	0.146775	0.134294	0.0638653	-0.060197	-0.221126	-0.397575	-0.553635	-0.636614	-0.621247	-0.502363	-0.289505	-0.00180838	0.32828	0.651107	0.945739	1.18271	1.34041	1.41096	1.40121	1.33078	1.22107	1.09636	0.96959	0.857015	0.765648	0.682512	0.592762	0.494102	0.385629	0.270409	0.164312	0.0749697	-0.00960054	-0.0947214	-0.160535	-0.202126	-0.23419	-0.267752	-0.305488	-0.328949	-0.328426	-0.31499	-0.295301	-0.269201	-0.229736	-0.178811	-0.126037	-0.0675387	0	
0	0.025802	0.0574761	0.0896474	0.121041	0.138421	0.140192	0.132453	0.119228	0.116363	0.118213	0.127014	0.13589	0.137684	0.131894	0.107574	0.0672612	0.020941	-0.019906	-0.0387467	-0.0450433	-0.0488596	-0.0508245	-0.0513758	-0.0377978	-0.0245856	-0.0235377	-0.0317214	-0.0369397	-0.0294831	-0.0116926	-0.00267747	0.00424417	0.00491903	0.000783754	-0.00112272	0.000143413	0.000156769	-0.0071438	-0.0329929	-0.0585286	-0.0707063	-0.0795613	-0.096951	-0.110062	-0.103723	-0.0744114	-0.0341758	0.0134978	0.0654095	0.113477	0.133973	0.1108	0.0287232	-0.107155	-0.282217	-0.468555	-0.636438	-0.734343	-0.731495	-0.619329	-0.409009	-0.112297	0.236665	0.590665	0.922483	1.19372	1.38583	1.47825	1.48356	1.41849	1.30117	1.16029	1.00353	0.85568	0.727861	0.611892	0.501472	0.390883	0.276253	0.163321	0.0660214	-0.0130983	-0.0897689	-0.167184	-0.220364	-0.24728	-0.26234	-0.278078	-0.300669	-0.307805	-0.295909	-0.276295	-0.248337	-0.216875	-0.17691	-0.133866	-0.0988361	-0.0564882	0	
0	0.0507568	0.102944	0.147007	0.182412	0.193081	0.186715	0.165441	0.143049	0.130644	0.123031	0.125664	0.125649	0.127772	0.123688	0.107524	0.0750509	0.0325375	-0.00793285	-0.0301211	-0.0428126	-0.0508245	-0.0611624	-0.0643729	-0.0531657	-0.0394768	-0.0378098	-0.0501175	-0.061955	-0.0583174	-0.0421781	-0.0305784	-0.0207894	-0.0198944	-0.0204359	-0.0190969	-0.013029	-0.000841807	0.00480127	-0.0128545	-0.024983	-0.0261942	-0.0245437	-0.0343576	-0.0414722	-0.0364113	-0.0083867	0.0259363	0.0633297	0.102571	0.138356	0.146109	0.109157	0.0183281	-0.12896	-0.313052	-0.507608	-0.683803	-0.793961	-0.804025	-0.704313	-0.502672	-0.208121	0.144654	0.515457	0.868304	1.16351	1.37559	1.48419	1.50109	1.43814	1.32065	1.1681	0.994637	0.824881	0.668935	0.535366	0.413179	0.296665	0.184244	0.0764974	-0.0112904	-0.0790538	-0.147012	-0.216075	-0.257076	-0.268773	-0.264314	-0.257855	-0.262107	-0.255452	-0.23167	-0.201227	-0.168562	-0.138184	-0.101342	-0.0715928	-0.0576993	-0.0347767	0	
0	0.0734407	0.143831	0.199024	0.235257	0.240071	0.220055	0.185182	0.148518	0.124171	0.106636	0.0996335	0.0933592	0.0938087	0.0941901	0.0885955	0.068567	0.0350341	0.000667126	-0.02289	-0.0367012	-0.0513758	-0.0643729	-0.0743662	-0.0630362	-0.0485121	-0.0462542	-0.0595328	-0.0772583	-0.081622	-0.0678219	-0.0575834	-0.0482543	-0.0460143	-0.0481349	-0.0455481	-0.0374506	-0.0218815	-0.0119321	-0.0163149	-0.0193061	-0.0133233	-0.00146663	0.00475316	0.00821253	0.0209996	0.0523515	0.0876839	0.123976	0.1579	0.184909	0.178486	0.131758	0.030746	-0.125044	-0.31882	-0.51877	-0.70232	-0.820412	-0.843315	-0.759962	-0.571787	-0.290618	0.0522717	0.420387	0.779637	1.08126	1.30046	1.41825	1.44203	1.38712	1.27484	1.12582	0.95336	0.775573	0.60911	0.467842	0.343058	0.225979	0.116858	0.0190098	-0.0605142	-0.118586	-0.176573	-0.236819	-0.26489	-0.264536	-0.242934	-0.212041	-0.197119	-0.178195	-0.148042	-0.117144	-0.0853602	-0.0573395	-0.0297152	-0.0164856	-0.0207161	-0.0155976	0	
0	0.0944458	0.182792	0.247692	0.286988	0.284455	0.253068	0.202976	0.151791	0.115583	0.0866507	0.0708518	0.0574266	0.0540412	0.0587471	0.0611452	0.0553208	0.0328466	0.0080261	-0.011899	-0.0238875	-0.0377978	-0.0531657	-0.0630362	-0.0527765	-0.0378388	-0.032603	-0.047556	-0.0728043	-0.0810485	-0.0751105	-0.065984	-0.0549567	-0.0563682	-0.0615763	-0.0595271	-0.0558552	-0.0379511	-0.0237571	-0.0232254	-0.022471	-0.0100329	0.00806005	0.0278055	0.0446856	0.0676802	0.104565	0.150519	0.194045	0.229166	0.250343	0.23839	0.183914	0.0747997	-0.0922483	-0.293204	-0.502283	-0.693063	-0.819094	-0.856633	-0.79253	-0.625231	-0.364052	-0.047517	0.303389	0.65044	0.942508	1.15565	1.27207	1.30246	1.25688	1.16138	1.03226	0.880222	0.716899	0.556631	0.424093	0.305869	0.191869	0.0891641	-0.00125954	-0.0739334	-0.12568	-0.175078	-0.223905	-0.24313	-0.230076	-0.192349	-0.149476	-0.120286	-0.0934733	-0.0694962	-0.0449563	-0.0175968	0.00366231	0.0214769	0.0202796	0.00154166	-0.00493751	0	
0	0.120169	0.229434	0.311126	0.356235	0.352189	0.311594	0.245978	0.181001	0.127287	0.0860037	0.0556806	0.0309964	0.0199674	0.022545	0.0312158	0.0363455	0.0263698	0.0114299	-0.00264492	-0.0119998	-0.0245856	-0.0394768	-0.0485121	-0.0378388	-0.0177857	-0.00811508	-0.0202495	-0.0456394	-0.0618951	-0.0627626	-0.0560461	-0.0493256	-0.0541207	-0.0593143	-0.0635015	-0.0610983	-0.0449246	-0.0332815	-0.0300382	-0.0238811	-0.0110511	0.0115072	0.0392972	0.0643887	0.0994533	0.149248	0.206511	0.258754	0.305631	0.335409	0.326413	0.271789	0.159679	-0.0101467	-0.216825	-0.436073	-0.637399	-0.775969	-0.832965	-0.799983	-0.661714	-0.436608	-0.160022	0.155715	0.473176	0.743434	0.937541	1.04905	1.08403	1.05387	0.985422	0.890793	0.777833	0.64527	0.509607	0.397282	0.295052	0.192118	0.100056	0.0247316	-0.0398761	-0.0852001	-0.122322	-0.16491	-0.183374	-0.16873	-0.129814	-0.0814541	-0.0481448	-0.0281297	-0.0108405	0.00715085	0.0220168	0.0346531	0.0458054	0.0368964	0.0137434	0.00201479	0	
0	0.14767	0.280021	0.382262	0.436526	0.436521	0.389282	0.312278	0.234276	0.164229	0.111001	0.0653949	0.028301	0.00659791	0.00125538	0.0115385	0.0202948	0.0192481	0.00979167	-0.00143663	-0.0103685	-0.0235377	-0.0378098	-0.0462542	-0.032603	-0.00811508	0.00981285	0.00449518	-0.0183462	-0.0379536	-0.0430097	-0.0402139	-0.0342574	-0.0402337	-0.0496723	-0.0597204	-0.0607129	-0.050552	-0.0407097	-0.0346316	-0.026229	-0.0135975	0.00926362	0.039952	0.0778688	0.123731	0.178472	0.244728	0.31675	0.381815	0.42317	0.426319	0.385094	0.282155	0.117666	-0.088138	-0.314477	-0.528053	-0.682914	-0.769218	-0.776558	-0.681576	-0.506618	-0.281598	-0.015866	0.262495	0.501412	0.672134	0.775399	0.8122	0.798746	0.758317	0.70315	0.63574	0.544214	0.445988	0.367167	0.293927	0.21548	0.14903	0.0976466	0.0488031	0.0133151	-0.0169263	-0.0570996	-0.0837406	-0.0829877	-0.0576129	-0.0205534	0.00648467	0.0164934	0.0164837	0.0207867	0.0330742	0.0455722	0.0486691	0.035369	0.0165242	0.00541214	0	
0	0.171087	0.327291	0.445604	0.513996	0.517546	0.467099	0.382349	0.289947	0.208148	0.141279	0.08219	0.0345592	-0.00100281	-0.012596	-0.00600622	0.00569495	0.0108478	0.00596232	-0.00430807	-0.0154215	-0.0317214	-0.0501175	-0.0595328	-0.047556	-0.0202495	0.00449518	0.00888861	-0.00764992	-0.0232706	-0.0300159	-0.026032	-0.0196085	-0.0249164	-0.0371857	-0.0515497	-0.0574831	-0.0536634	-0.0489954	-0.0443697	-0.0369013	-0.0243435	-0.00206258	0.0311993	0.0729959	0.125813	0.189409	0.269042	0.352202	0.433101	0.494039	0.521356	0.499902	0.414929	0.26904	0.0761226	-0.1495	-0.372159	-0.544746	-0.665936	-0.720839	-0.683297	-0.569729	-0.40686	-0.19878	0.0348135	0.239933	0.390867	0.484488	0.52364	0.524278	0.506496	0.487616	0.460225	0.410882	0.356222	0.316892	0.282705	0.243312	0.215375	0.199053	0.176195	0.155236	0.133693	0.0913941	0.0455216	0.0235637	0.0250846	0.0364144	0.0435679	0.0378102	0.0244696	0.016531	0.0197479	0.0295972	0.0323853	0.0228273	0.0107414	0.00300972	0	
0	0.191092	0.363519	0.500143	0.577449	0.587102	0.534456	0.439849	0.336873	0.23996	0.161021	0.0906019	0.0312672	-0.0128693	-0.0320055	-0.0262667	-0.0114609	0.00387275	0.00351054	-0.00078568	-0.0158244	-0.0369397	-0.061955	-0.0772583	-0.0728043	-0.0456394	-0.0183462	-0.00764992	-0.0125177	-0.026086	-0.0311805	-0.0247019	-0.0147413	-0.0158723	-0.0230491	-0.0394688	-0.0464834	-0.0504844	-0.0507866	-0.0527701	-0.046426	-0.0372644	-0.0175293	0.00960304	0.0576398	0.118165	0.189132	0.271365	0.367982	0.468021	0.549501	0.597219	0.598788	0.540164	0.419485	0.246122	0.0273723	-0.197279	-0.388953	-0.544147	-0.651181	-0.677182	-0.633019	-0.535531	-0.385631	-0.197881	-0.0187149	0.118738	0.209851	0.254141	0.265954	0.266668	0.272523	0.27482	0.260984	0.246131	0.246046	0.252773	0.259497	0.277915	0.303377	0.312022	0.30983	0.298921	0.252714	0.187934	0.139284	0.109375	0.0963775	0.0844531	0.056589	0.0253844	0.00616012	0.00154565	0.00334339	7.47462e-05	-0.0041352	-0.00421154	-0.00333934	0	
0	0.205511	0.39379	0.542485	0.631034	0.646046	0.590692	0.49022	0.372941	0.263789	0.171529	0.090194	0.0219767	-0.0298966	-0.0549684	-0.0493283	-0.0298649	-0.00517789	0.00555415	0.0074737	-0.00585304	-0.0294831	-0.0583174	-0.081622	-0.0810485	-0.0618951	-0.0379536	-0.0232706	-0.026086	-0.0390824	-0.040867	-0.0358888	-0.0217497	-0.0111109	-0.0141003	-0.0257336	-0.0296641	-0.0362998	-0.0407142	-0.0462876	-0.0431904	-0.0359144	-0.023379	-0.00323672	0.0447177	0.108382	0.184002	0.273858	0.382567	0.495159	0.594064	0.663037	0.687734	0.649939	0.552436	0.395483	0.18811	-0.0405347	-0.249147	-0.437385	-0.590497	-0.679141	-0.702276	-0.663614	-0.569137	-0.419274	-0.261837	-0.127634	-0.0336108	0.0179965	0.0425811	0.0557575	0.0805111	0.102985	0.118335	0.138974	0.172323	0.216301	0.265069	0.326763	0.387626	0.424825	0.444014	0.439114	0.391034	0.318229	0.248769	0.196653	0.163024	0.128971	0.08839	0.0441451	0.00406442	-0.0132635	-0.019051	-0.0294015	-0.0304295	-0.0186892	-0.0073999	0	
0	0.217657	0.420248	0.580396	0.682681	0.703681	0.650807	0.545028	0.41499	0.293995	0.184156	0.0919774	0.0104222	-0.0519512	-0.0844108	-0.083639	-0.0598326	-0.0250184	-0.000388152	0.0143065	0.0091568	-0.0116926	-0.0421781	-0.0678219	-0.0751105	-0.0627626	-0.0430097	-0.0300159	-0.0311805	-0.040867	-0.0485159	-0.04716	-0.0319864	-0.0188332	-0.0173654	-0.0179976	-0.0185567	-0.0206721	-0.0211856	-0.0271392	-0.0253531	-0.0194342	-0.0125771	0.00179426	0.0455528	0.107364	0.18794	0.282728	0.397451	0.521857	0.639836	0.727979	0.76722	0.746956	0.663704	0.517637	0.313887	0.0796724	-0.147802	-0.36317	-0.552068	-0.694101	-0.77076	-0.783431	-0.733581	-0.62019	-0.481523	-0.349376	-0.252503	-0.189205	-0.151612	-0.120075	-0.0762415	-0.0328513	0.0111525	0.0597202	0.11814	0.183478	0.260028	0.349396	0.43143	0.493489	0.532591	0.539647	0.49798	0.422356	0.344124	0.278408	0.226432	0.176055	0.124428	0.071401	0.0251681	-0.00137402	-0.0205411	-0.0347896	-0.0340327	-0.0224999	-0.00876288	0	
0	0.230702	0.44659	0.622072	0.737682	0.769834	0.720882	0.612303	0.471244	0.336357	0.209452	0.103327	0.00800622	-0.0663742	-0.108067	-0.115584	-0.0905554	-0.0511668	-0.0142697	0.0111721	0.0148238	-0.00267747	-0.0305784	-0.0575834	-0.065984	-0.0560461	-0.0402139	-0.026032	-0.0247019	-0.0358888	-0.04716	-0.0539442	-0.046612	-0.0336042	-0.0284699	-0.0237052	-0.020409	-0.0143826	-0.0126845	-0.0159393	-0.00930123	0.00691861	0.0160074	0.0274894	0.0636522	0.127765	0.212696	0.309022	0.428546	0.563424	0.696315	0.795225	0.847223	0.836735	0.756672	0.60783	0.398558	0.151674	-0.0991931	-0.336154	-0.551016	-0.728063	-0.840706	-0.887959	-0.869639	-0.785571	-0.664122	-0.536916	-0.437768	-0.36437	-0.311022	-0.258978	-0.193873	-0.127899	-0.0599618	0.00938632	0.0791654	0.151739	0.238904	0.339346	0.435308	0.515954	0.576857	0.599316	0.566604	0.500921	0.420024	0.342474	0.281516	0.220979	0.164294	0.112117	0.0653659	0.0339618	0.00627921	-0.0108303	-0.00916538	-0.00196493	0.00320851	0	
0	0.239781	0.465033	0.654702	0.783471	0.828706	0.78918	0.679731	0.535884	0.386549	0.247866	0.127114	0.0177836	-0.067688	-0.123029	-0.140549	-0.119772	-0.0802305	-0.0336475	0.00249017	0.0150737	0.00424417	-0.0207894	-0.0482543	-0.0549567	-0.0493256	-0.0342574	-0.0196085	-0.0147413	-0.0217497	-0.0319864	-0.046612	-0.0427911	-0.0365456	-0.0326115	-0.0295919	-0.0269052	-0.0198873	-0.0130699	-0.0113546	0.00562024	0.029502	0.0450498	0.0636126	0.104504	0.172	0.259264	0.361738	0.483542	0.620389	0.75732	0.862359	0.918209	0.904776	0.816657	0.655314	0.434626	0.168855	-0.103027	-0.354505	-0.583653	-0.774605	-0.904411	-0.968528	-0.968018	-0.905329	-0.798831	-0.681772	-0.582613	-0.50122	-0.434278	-0.360031	-0.274418	-0.18597	-0.0974345	-0.0189187	0.0523258	0.118631	0.197176	0.29464	0.393168	0.488109	0.573299	0.614645	0.599796	0.553101	0.481508	0.404163	0.334803	0.26643	0.211258	0.162826	0.11884	0.085873	0.0545991	0.0360333	0.029904	0.0266868	0.0222755	0	
0	0.24668	0.483583	0.683422	0.829519	0.887897	0.859219	0.754554	0.605018	0.446047	0.292596	0.156059	0.0336361	-0.0656005	-0.134251	-0.161418	-0.149445	-0.110574	-0.0559817	-0.0134505	0.0114926	0.00491903	-0.0198944	-0.0460143	-0.0563682	-0.0541207	-0.0402337	-0.0249164	-0.0158723	-0.0111109	-0.0188332	-0.0336042	-0.0365456	-0.036562	-0.0363522	-0.0338493	-0.0326207	-0.0228092	-0.0194915	-0.0179212	7.71921e-05	0.0324951	0.0652899	0.100479	0.146868	0.223867	0.32588	0.439184	0.561323	0.698644	0.833968	0.9327	0.97636	0.949867	0.842371	0.661404	0.422696	0.138621	-0.146386	-0.407898	-0.640194	-0.832524	-0.964793	-1.03518	-1.04299	-0.988113	-0.891663	-0.779235	-0.674884	-0.584811	-0.502505	-0.412506	-0.313206	-0.208804	-0.113905	-0.0369578	0.0259575	0.0746817	0.134456	0.215945	0.309529	0.41552	0.519943	0.585157	0.59807	0.577229	0.527576	0.463367	0.396012	0.327849	0.274026	0.229977	0.189085	0.146923	0.104727	0.0812181	0.0648342	0.044325	0.0263181	0	
0	0.251452	0.492283	0.70548	0.862452	0.937512	0.921307	0.822166	0.673896	0.504685	0.340511	0.188562	0.0541188	-0.0594454	-0.138162	-0.178846	-0.175412	-0.138729	-0.0840824	-0.0302689	0.00203131	0.000783754	-0.0204359	-0.0481349	-0.0615763	-0.0593143	-0.0496723	-0.0371857	-0.0230491	-0.0141003	-0.0173654	-0.0284699	-0.0326115	-0.0363522	-0.0308642	-0.0292843	-0.0295806	-0.0244833	-0.0231577	-0.0233828	-0.00434053	0.0336465	0.0794429	0.125135	0.184448	0.279191	0.397736	0.525625	0.656948	0.793931	0.917036	0.998177	1.0212	0.967056	0.82761	0.620835	0.361951	0.0668373	-0.223012	-0.482884	-0.711355	-0.892928	-1.01986	-1.09217	-1.09894	-1.04291	-0.944332	-0.826948	-0.709539	-0.605254	-0.511613	-0.416365	-0.315309	-0.211191	-0.122776	-0.0558763	-0.00698312	0.025926	0.0609853	0.117374	0.202695	0.307504	0.420675	0.51015	0.551344	0.565799	0.556136	0.518095	0.466999	0.412593	0.361794	0.315119	0.26711	0.207466	0.146018	0.107969	0.0834873	0.0557754	0.0282262	0	
0	0.25042	0.493822	0.712908	0.881801	0.970749	0.968458	0.878379	0.733514	0.558261	0.385803	0.220167	0.0735919	-0.0508368	-0.143499	-0.193921	-0.202576	-0.171648	-0.115734	-0.0539471	-0.0120156	-0.00112272	-0.0190969	-0.0455481	-0.0595271	-0.0635015	-0.0597204	-0.0515497	-0.0394688	-0.0257336	-0.0179976	-0.0237052	-0.0295919	-0.0338493	-0.0292843	-0.0314999	-0.0255237	-0.0163102	-0.013934	-0.0152246	0.00274037	0.0389243	0.0914351	0.149012	0.223638	0.329217	0.460664	0.604996	0.745593	0.879758	0.989782	1.05081	1.04398	0.952524	0.779057	0.544132	0.265287	-0.0373474	-0.319459	-0.570799	-0.787207	-0.95125	-1.06834	-1.13659	-1.13963	-1.07258	-0.96382	-0.831896	-0.694449	-0.574003	-0.471719	-0.381022	-0.289552	-0.198732	-0.126152	-0.0754541	-0.0395896	-0.0211904	-0.0145684	0.0140102	0.0799237	0.172477	0.287688	0.394822	0.469724	0.527399	0.563329	0.566817	0.542426	0.498154	0.44947	0.400776	0.340044	0.265064	0.195457	0.142239	0.0964036	0.0565449	0.0258468	0	
0	0.247449	0.4916	0.714552	0.894426	0.996387	1.0087	0.929877	0.788886	0.611836	0.429218	0.252306	0.0921129	-0.0431602	-0.147838	-0.20641	-0.22681	-0.198016	-0.144103	-0.0732486	-0.0205538	0.000143413	-0.013029	-0.0374506	-0.0558552	-0.0610983	-0.0607129	-0.0574831	-0.0464834	-0.0296641	-0.0185567	-0.020409	-0.0269052	-0.0326207	-0.0295806	-0.0255237	-0.0118067	-0.00336478	0.00419343	0.00781712	0.025523	0.0610526	0.125844	0.192937	0.276015	0.382474	0.52108	0.6718	0.815446	0.942941	1.03502	1.07268	1.03624	0.914201	0.710823	0.450699	0.153474	-0.151908	-0.424031	-0.666092	-0.867779	-1.01254	-1.11417	-1.17254	-1.16542	-1.08331	-0.95852	-0.807932	-0.650032	-0.511582	-0.401765	-0.315801	-0.237201	-0.166062	-0.116376	-0.0878023	-0.0699496	-0.071777	-0.092491	-0.0926247	-0.0472754	0.0337598	0.145225	0.269472	0.375491	0.46606	0.542474	0.583456	0.586385	0.562078	0.522378	0.475008	0.410537	0.328835	0.2509	0.185541	0.12701	0.0715163	0.0263447	0	
0	0.244463	0.489238	0.715751	0.905237	1.02196	1.04674	0.985192	0.846595	0.675329	0.482183	0.297613	0.124696	-0.0229379	-0.137119	-0.208541	-0.238978	-0.220091	-0.169655	-0.0957063	-0.0315059	0.000156769	-0.000841807	-0.0218815	-0.0379511	-0.0449246	-0.050552	-0.0536634	-0.0504844	-0.0362998	-0.0206721	-0.0143826	-0.0198873	-0.0228092	-0.0244833	-0.0163102	-0.00336478	0.0145708	0.0305358	0.043199	0.0641304	0.113496	0.183579	0.256789	0.34833	0.457743	0.592952	0.732847	0.867857	0.974953	1.04459	1.0571	0.997785	0.853399	0.632051	0.36003	0.0511536	-0.255003	-0.522987	-0.759494	-0.947645	-1.07716	-1.15721	-1.19622	-1.17182	-1.07187	-0.933346	-0.767242	-0.598249	-0.448404	-0.330777	-0.246811	-0.174741	-0.12114	-0.0941091	-0.0862232	-0.0905175	-0.114345	-0.158284	-0.182412	-0.156018	-0.0896657	0.0147075	0.145126	0.266781	0.379723	0.483917	0.557696	0.592016	0.589189	0.566171	0.52918	0.469968	0.398046	0.321921	0.245551	0.175909	0.105224	0.0403132	0	
0	0.242628	0.485929	0.71861	0.916335	1.04801	1.09018	1.04317	0.916665	0.748207	0.550234	0.355295	0.167869	0.00274224	-0.122269	-0.214453	-0.252006	-0.24963	-0.202783	-0.12647	-0.0534	-0.0071438	0.00480127	-0.0119321	-0.0237571	-0.0332815	-0.0407097	-0.0489954	-0.0507866	-0.0407142	-0.0211856	-0.0126845	-0.0130699	-0.0194915	-0.0231577	-0.013934	0.00419343	0.0305358	0.0575659	0.0816576	0.114623	0.172033	0.243579	0.33352	0.434596	0.541669	0.658286	0.780436	0.89139	0.971509	1.01311	0.998665	0.921392	0.766884	0.549339	0.279637	-0.0265089	-0.327133	-0.592941	-0.821434	-1.00237	-1.11979	-1.17931	-1.19674	-1.15298	-1.04663	-0.900416	-0.731891	-0.566374	-0.410433	-0.288487	-0.194848	-0.11776	-0.0732633	-0.0567897	-0.0663848	-0.0927118	-0.138436	-0.203011	-0.243993	-0.236144	-0.186272	-0.0903805	0.0358064	0.157709	0.274041	0.386148	0.482161	0.546569	0.57146	0.573996	0.558467	0.521274	0.47113	0.406393	0.324953	0.232168	0.140265	0.0636972	0	
0	0.238907	0.481646	0.715365	0.922274	1.06395	1.12465	1.0903	0.980548	0.815317	0.6196	0.416533	0.215768	0.0404568	-0.10379	-0.206616	-0.260984	-0.275441	-0.237097	-0.169706	-0.0919715	-0.0329929	-0.0128545	-0.0163149	-0.0232254	-0.0300382	-0.0346316	-0.0443697	-0.0527701	-0.0462876	-0.0271392	-0.0159393	-0.0113546	-0.0179212	-0.0233828	-0.0152246	0.00781712	0.043199	0.0816576	0.116345	0.163299	0.229751	0.313289	0.412126	0.511975	0.610236	0.709255	0.804563	0.883098	0.933748	0.943847	0.905435	0.815702	0.664465	0.457339	0.199975	-0.0882101	-0.376625	-0.63289	-0.848939	-1.01765	-1.12366	-1.16839	-1.16484	-1.11233	-1.0079	-0.862893	-0.703879	-0.546092	-0.395864	-0.272395	-0.167445	-0.0874824	-0.0419501	-0.0289672	-0.0457805	-0.0799537	-0.141235	-0.212643	-0.260755	-0.275753	-0.245173	-0.16526	-0.0603839	0.0464754	0.153564	0.260727	0.368351	0.459592	0.517428	0.551258	0.562105	0.553602	0.52938	0.479714	0.403513	0.299477	0.185117	0.0872944	0	
0	0.230815	0.465903	0.698416	0.906349	1.05794	1.13187	1.114	1.02168	0.86682	0.679758	0.473287	0.268074	0.0816449	-0.0750911	-0.187633	-0.259693	-0.283949	-0.26204	-0.202002	-0.122114	-0.0585286	-0.024983	-0.0193061	-0.022471	-0.0238811	-0.026229	-0.0369013	-0.046426	-0.0431904	-0.0253531	-0.00930123	0.00562024	7.71921e-05	-0.00434053	0.00274037	0.025523	0.0641304	0.114623	0.163299	0.226993	0.30256	0.390362	0.483848	0.577375	0.665008	0.739843	0.798343	0.839284	0.858682	0.844465	0.790617	0.694453	0.546518	0.350243	0.111756	-0.152059	-0.422556	-0.658711	-0.846749	-0.990214	-1.08037	-1.11284	-1.09856	-1.05071	-0.959301	-0.828881	-0.684435	-0.53881	-0.40064	-0.278215	-0.170317	-0.0864637	-0.0338118	-0.0146647	-0.018961	-0.0487889	-0.111972	-0.181259	-0.242603	-0.284979	-0.283693	-0.229852	-0.145729	-0.0600833	0.0306227	0.135233	0.249484	0.354409	0.435852	0.494719	0.530466	0.555101	0.561844	0.528741	0.460024	0.358537	0.236938	0.118062	0	
0	0.223307	0.454841	0.681935	0.893427	1.05017	1.13536	1.13402	1.05515	0.91637	0.735934	0.532699	0.323365	0.128863	-0.0375912	-0.159908	-0.243382	-0.278454	-0.269592	-0.217438	-0.140089	-0.0707063	-0.0261942	-0.0133233	-0.0100329	-0.0110511	-0.0135975	-0.0243435	-0.0372644	-0.0359144	-0.0194342	0.00691861	0.029502	0.0324951	0.0336465	0.0389243	0.0610526	0.113496	0.172033	0.229751	0.30256	0.382425	0.467339	0.552722	0.635057	0.702216	0.745715	0.76474	0.771826	0.768718	0.740432	0.67693	0.577612	0.437919	0.251628	0.0299321	-0.213963	-0.464131	-0.670285	-0.824411	-0.934138	-1.00517	-1.02673	-1.0141	-0.981838	-0.911206	-0.8067	-0.680335	-0.550044	-0.424045	-0.304975	-0.197191	-0.10555	-0.0394405	-0.000769661	0.017507	0.00303051	-0.049466	-0.119333	-0.198135	-0.27273	-0.311465	-0.288842	-0.227694	-0.160848	-0.0799905	0.0195154	0.133042	0.249295	0.346842	0.415361	0.467036	0.519842	0.554301	0.546229	0.493616	0.392666	0.264769	0.135272	0	
0	0.220433	0.449228	0.675828	0.889122	1.0521	1.14773	1.16131	1.09712	0.974656	0.802435	0.603844	0.391299	0.185483	0.0109262	-0.127373	-0.219384	-0.267155	-0.270532	-0.226382	-0.15334	-0.0795613	-0.0245437	-0.00146663	0.00806005	0.0115072	0.00926362	-0.00206258	-0.0175293	-0.023379	-0.0125771	0.0160074	0.0450498	0.0652899	0.0794429	0.0914351	0.125844	0.183579	0.243579	0.313289	0.390362	0.467339	0.544928	0.61312	0.665381	0.704761	0.720797	0.714065	0.69573	0.675277	0.638036	0.575346	0.485048	0.353433	0.173815	-0.0314752	-0.255005	-0.478501	-0.65689	-0.779023	-0.85979	-0.909595	-0.923228	-0.922257	-0.904873	-0.861593	-0.790218	-0.69376	-0.588923	-0.477101	-0.36476	-0.251678	-0.14203	-0.0501412	0.0195494	0.063736	0.0694331	0.0340564	-0.0363233	-0.133719	-0.237201	-0.315117	-0.329634	-0.29762	-0.254424	-0.184116	-0.0867711	0.0213303	0.138734	0.247387	0.328648	0.396553	0.461207	0.503772	0.513732	0.480358	0.394049	0.276266	0.144511	0	
