0	0	0	0	0	0	0	0	0	0	0	0	0	0	0	0	0	0	0	0	0	0	0	0	0	0	0	0	0	0	0	0	0	0	0	0	0	0	0	0	0	0	0	0	0	0	0	0	0	0	0	0	0	0	0	0	0	0	0	0	0	0	0	0	0	0	0	0	0	0	0	0	0	0	0	0	0	0	0	0	0	0	0	0	0	0	0	0	0	0	0	0	0	0	0	0	0	0	0	0	
0	-0.0100945	-0.0174515	-0.0201824	-0.0167653	-0.00828322	0.00056552	0.00552694	0.00573868	0.00229041	-0.00134127	-0.0019796	-0.00359841	-0.0168146	-0.0468524	-0.087703	-0.1282	-0.156243	-0.166322	-0.158951	-0.141696	-0.121594	-0.100676	-0.0729206	-0.0275759	0.0358014	0.109013	0.177707	0.228571	0.251602	0.240399	0.197844	0.136591	0.0693047	0.0051692	-0.0486231	-0.0842961	-0.100886	-0.101357	-0.0906477	-0.0720848	-0.0447593	-0.00820669	0.03494	0.0844234	0.137356	0.183311	0.214037	0.227778	0.228283	0.221168	0.209108	0.188308	0.157235	0.120091	0.0825358	0.0532478	0.0343761	0.0222455	0.00983536	-0.0113874	-0.0412312	-0.0739622	-0.103982	-0.128138	-0.144961	-0.154989	-0.161063	-0.166167	-0.168649	-0.16954	-0.170515	-0.169036	-0.158961	-0.137755	-0.106986	-0.0724679	-0.0415747	-0.0176679	0.00353164	0.0285075	0.0589896	0.094312	0.127867	0.156787	0.179062	0.198903	0.223452	0.25096	0.280774	0.307483	0.324337	0.327666	0.316823	0.291656	0.252303	0.202121	0.141344	0.072457	0	
0	-0.0174515	-0.0298786	-0.0346364	-0.0276681	-0.0127725	0.00315547	0.0106072	0.0117414	0.00718534	0.00296465	0.00158957	-0.0067884	-0.0382316	-0.0997976	-0.1734	-0.243168	-0.291152	-0.314691	-0.31287	-0.292697	-0.258919	-0.213417	-0.149224	-0.0549379	0.0659853	0.199293	0.322943	0.418495	0.466518	0.453008	0.379667	0.267322	0.142216	0.0211734	-0.0816818	-0.149602	-0.184516	-0.187832	-0.170397	-0.136308	-0.083616	-0.0122158	0.068781	0.162807	0.26005	0.347348	0.407176	0.436911	0.440188	0.427158	0.399609	0.354727	0.293102	0.222974	0.155842	0.103603	0.0670353	0.0387542	0.0119127	-0.0286086	-0.0830062	-0.14182	-0.198695	-0.245756	-0.2775	-0.294562	-0.303445	-0.310508	-0.314022	-0.321043	-0.327378	-0.323705	-0.302288	-0.264238	-0.213771	-0.15332	-0.0947255	-0.040094	0.0137523	0.0684795	0.127112	0.187994	0.244667	0.298673	0.348361	0.396477	0.448694	0.502249	0.55439	0.598675	0.62811	0.631927	0.609964	0.561202	0.482087	0.383385	0.266596	0.135147	0	
0	-0.0201824	-0.0346364	-0.0396091	-0.0318234	-0.0138593	0.00294527	0.011036	0.0123828	0.00972711	0.00537691	-0.00101056	-0.0223326	-0.0777513	-0.165552	-0.260999	-0.344137	-0.404851	-0.444755	-0.460438	-0.448965	-0.405878	-0.33058	-0.221965	-0.0742412	0.0988662	0.278031	0.440414	0.566557	0.635676	0.625922	0.53567	0.392232	0.227066	0.0639005	-0.077843	-0.176539	-0.228399	-0.238573	-0.217094	-0.170753	-0.0980867	-0.00199996	0.10575	0.224641	0.352067	0.466937	0.550557	0.596048	0.605528	0.586809	0.545636	0.478697	0.391899	0.301108	0.215251	0.145223	0.08753	0.0361547	-0.0139013	-0.0734814	-0.140779	-0.210256	-0.278531	-0.339702	-0.383428	-0.404307	-0.411435	-0.420764	-0.431625	-0.442292	-0.447677	-0.438093	-0.405521	-0.355645	-0.294915	-0.224999	-0.147068	-0.0628574	0.0277301	0.120338	0.204855	0.283063	0.354241	0.427369	0.500668	0.57519	0.655956	0.730073	0.797527	0.852134	0.883447	0.884026	0.850625	0.779584	0.66974	0.531761	0.368386	0.187429	0	
0	-0.0167653	-0.0276681	-0.0318234	-0.0244544	-0.0105673	0.00314234	0.00742348	0.0096974	0.00645704	-0.00300983	-0.0214803	-0.0615146	-0.136206	-0.242199	-0.346067	-0.436721	-0.50729	-0.565456	-0.599067	-0.595845	-0.542083	-0.437637	-0.284858	-0.0860407	0.135861	0.354473	0.543252	0.688172	0.768699	0.763982	0.672044	0.519537	0.341175	0.156687	-0.014104	-0.139325	-0.215923	-0.238901	-0.221689	-0.170517	-0.0859977	0.0251992	0.141494	0.270273	0.403874	0.529543	0.622612	0.677094	0.691062	0.673787	0.627249	0.552012	0.457063	0.357295	0.261054	0.173767	0.0901867	0.00723811	-0.0661198	-0.139476	-0.211488	-0.278764	-0.346058	-0.407909	-0.452325	-0.474012	-0.483917	-0.495524	-0.503978	-0.515281	-0.517605	-0.497674	-0.453722	-0.397987	-0.336067	-0.258101	-0.166698	-0.0600493	0.0589717	0.176888	0.286387	0.38473	0.469188	0.553069	0.636606	0.721985	0.812852	0.897658	0.971468	1.02645	1.05611	1.04729	1.00206	0.918452	0.788236	0.627542	0.437037	0.221687	0	
0	-0.00828322	-0.0127725	-0.0138593	-0.0105673	-0.00262387	0.00240531	0.00212184	-0.000142482	-0.00907985	-0.0311807	-0.0660439	-0.119774	-0.205722	-0.31743	-0.428019	-0.526631	-0.612166	-0.686599	-0.732588	-0.73027	-0.66469	-0.534563	-0.345887	-0.102184	0.164172	0.418229	0.630673	0.787832	0.876556	0.878677	0.793593	0.651541	0.480968	0.296095	0.112784	-0.0381709	-0.142489	-0.194024	-0.196609	-0.155449	-0.0722447	0.040038	0.155858	0.274879	0.402094	0.520354	0.611323	0.668241	0.68934	0.680265	0.644544	0.577282	0.486391	0.389317	0.288693	0.191419	0.090632	-0.0101719	-0.100706	-0.184996	-0.259278	-0.32311	-0.382891	-0.438321	-0.479403	-0.498808	-0.506732	-0.520268	-0.530583	-0.53419	-0.527783	-0.505702	-0.461623	-0.401932	-0.329288	-0.238379	-0.12954	-0.00769926	0.125134	0.261352	0.385012	0.494734	0.584762	0.66671	0.741513	0.815291	0.89905	0.975823	1.04317	1.09228	1.1112	1.0934	1.03973	0.946634	0.810722	0.644203	0.447029	0.227586	0	
0	0.00056552	0.00315547	0.00294527	0.00314234	0.00240531	-0.00136792	-0.0149236	-0.0310052	-0.0576298	-0.0964	-0.141898	-0.198749	-0.282282	-0.396143	-0.511157	-0.620207	-0.714995	-0.797673	-0.844255	-0.836056	-0.755157	-0.603167	-0.384566	-0.106994	0.191646	0.47163	0.70011	0.869317	0.967538	0.980219	0.91023	0.786657	0.638449	0.468846	0.283629	0.116005	-0.0230515	-0.112692	-0.152235	-0.139153	-0.0740467	0.0266191	0.126357	0.230491	0.337803	0.441924	0.521399	0.57509	0.602006	0.61013	0.596849	0.553335	0.482104	0.395169	0.298421	0.199891	0.098445	-0.00363589	-0.0918792	-0.176173	-0.252555	-0.314898	-0.368857	-0.414743	-0.447274	-0.462716	-0.47266	-0.485496	-0.487915	-0.489102	-0.484643	-0.462832	-0.41656	-0.350328	-0.265281	-0.155656	-0.032875	0.0967119	0.232241	0.364593	0.486881	0.593933	0.67518	0.742608	0.795527	0.843377	0.898789	0.951071	0.998381	1.03143	1.04219	1.01637	0.956982	0.863957	0.729511	0.573294	0.395323	0.198603	0	
0	0.00552694	0.0106072	0.011036	0.00742348	0.00212184	-0.0149236	-0.0492206	-0.0948317	-0.147508	-0.201609	-0.246848	-0.292988	-0.369213	-0.482676	-0.604426	-0.71622	-0.81052	-0.886167	-0.923724	-0.900636	-0.801078	-0.623593	-0.377775	-0.0734747	0.245899	0.538259	0.774601	0.94951	1.05545	1.07954	1.02383	0.921299	0.795008	0.641379	0.459884	0.277479	0.113729	-0.0111755	-0.0880593	-0.112264	-0.083007	-0.0166488	0.0534968	0.128209	0.216552	0.303778	0.371036	0.417243	0.446256	0.469557	0.485519	0.47617	0.435388	0.373152	0.293134	0.211132	0.123672	0.0368469	-0.040591	-0.117271	-0.18706	-0.242095	-0.286251	-0.322929	-0.349217	-0.360563	-0.365985	-0.379754	-0.387556	-0.389643	-0.383688	-0.359974	-0.305373	-0.2241	-0.125026	-0.00997206	0.112874	0.23597	0.360955	0.482822	0.586297	0.668135	0.719006	0.751069	0.766364	0.773993	0.792468	0.812694	0.837093	0.858704	0.86235	0.835945	0.780926	0.695512	0.579983	0.451074	0.307519	0.154363	0	
0	0.00573868	0.0117414	0.0123828	0.0096974	-0.000142482	-0.0310052	-0.0948317	-0.175664	-0.257224	-0.321445	-0.359119	-0.390908	-0.457461	-0.571017	-0.693104	-0.800455	-0.880746	-0.939451	-0.955547	-0.911457	-0.787276	-0.58618	-0.316687	0.0066203	0.33747	0.633465	0.866563	1.03831	1.14554	1.17734	1.13762	1.05251	0.942635	0.797163	0.611915	0.419703	0.238436	0.0924824	-0.0140617	-0.0774545	-0.0941789	-0.0741673	-0.0461037	-0.000459294	0.0652253	0.137008	0.187313	0.219191	0.244157	0.279914	0.324209	0.353355	0.352772	0.325618	0.27732	0.221878	0.162461	0.100864	0.0465988	-0.0120552	-0.0687071	-0.114527	-0.152547	-0.183853	-0.203548	-0.203651	-0.199719	-0.206696	-0.213937	-0.225707	-0.228505	-0.199992	-0.131534	-0.0378481	0.0667755	0.17903	0.292068	0.401318	0.508029	0.601671	0.669138	0.707077	0.708151	0.688167	0.64887	0.606746	0.583347	0.573374	0.580142	0.592662	0.598941	0.583057	0.545803	0.488896	0.406589	0.316545	0.217113	0.10772	0	
0	0.00229041	0.00718534	0.00972711	0.00645704	-0.00907985	-0.0576298	-0.147508	-0.257224	-0.357889	-0.428381	-0.460755	-0.48237	-0.539703	-0.645216	-0.759355	-0.85244	-0.914801	-0.94761	-0.936558	-0.862804	-0.715615	-0.495557	-0.212633	0.120499	0.455728	0.747804	0.971066	1.13228	1.23312	1.26804	1.23592	1.16156	1.05922	0.91704	0.732502	0.53696	0.351366	0.192182	0.0602284	-0.0417303	-0.106773	-0.135905	-0.149455	-0.139134	-0.0987827	-0.0504139	-0.0193926	1.11863e-05	0.0237565	0.0735483	0.143548	0.203624	0.235823	0.244271	0.234408	0.223544	0.203832	0.178714	0.155525	0.123091	0.083626	0.0449001	0.00727651	-0.0233861	-0.0332844	-0.0138345	0.0153521	0.0224097	0.0140811	-0.00446402	-0.0136658	0.00937873	0.0753024	0.169783	0.27248	0.379667	0.484562	0.578142	0.658285	0.714787	0.733735	0.712907	0.647781	0.559756	0.462161	0.372929	0.314677	0.28119	0.271424	0.278839	0.29022	0.293493	0.289601	0.271324	0.23322	0.186661	0.128633	0.064318	0	
0	-0.00134127	0.00296465	0.00537691	-0.00300983	-0.0311807	-0.0964	-0.201609	-0.321445	-0.428381	-0.50372	-0.540643	-0.560842	-0.608528	-0.696759	-0.790309	-0.861682	-0.89806	-0.901578	-0.855406	-0.751733	-0.581714	-0.351415	-0.0657081	0.263212	0.588778	0.867014	1.07563	1.22331	1.3145	1.34022	1.3025	1.2243	1.12538	0.994056	0.82497	0.643303	0.463035	0.295401	0.140258	0.00260443	-0.104219	-0.17783	-0.234231	-0.264708	-0.26346	-0.246018	-0.235503	-0.222429	-0.189255	-0.122783	-0.0336371	0.046751	0.102338	0.14103	0.170672	0.200111	0.224554	0.240764	0.252415	0.247636	0.22862	0.200725	0.169436	0.148742	0.154573	0.196678	0.244887	0.267712	0.268584	0.252271	0.239541	0.255614	0.310089	0.389253	0.480232	0.575859	0.666756	0.738251	0.786043	0.800086	0.764297	0.680185	0.551506	0.404601	0.255025	0.126461	0.0388192	-0.0164519	-0.0383224	-0.0348973	-0.0130662	0.0152259	0.043659	0.0656314	0.069322	0.0634743	0.0478016	0.0234874	0	
0	-0.0019796	0.00158957	-0.00101056	-0.0214803	-0.0660439	-0.141898	-0.246848	-0.359119	-0.460755	-0.540643	-0.587632	-0.614181	-0.654356	-0.722653	-0.789259	-0.829025	-0.833517	-0.801397	-0.723534	-0.591095	-0.404246	-0.167974	0.110387	0.42033	0.721182	0.976173	1.16677	1.30125	1.37479	1.37971	1.31881	1.22647	1.12847	1.01606	0.876163	0.722412	0.560086	0.395446	0.227536	0.0652246	-0.0773603	-0.192609	-0.294226	-0.370353	-0.408724	-0.420648	-0.423724	-0.410565	-0.370801	-0.294266	-0.195979	-0.104912	-0.0303945	0.0369064	0.102519	0.17264	0.230045	0.274284	0.313049	0.335408	0.33846	0.331612	0.323993	0.32704	0.354387	0.409182	0.466446	0.495629	0.506183	0.503768	0.501422	0.516635	0.55844	0.621336	0.690287	0.760588	0.822212	0.861403	0.872852	0.843841	0.763892	0.631841	0.451667	0.254455	0.06255	-0.102433	-0.219594	-0.290264	-0.314639	-0.298055	-0.255988	-0.205899	-0.15227	-0.104842	-0.0691115	-0.0391615	-0.0199178	-0.00822671	0	
0	-0.00359841	-0.0067884	-0.0223326	-0.0615146	-0.119774	-0.198749	-0.292988	-0.390908	-0.48237	-0.560842	-0.614181	-0.645645	-0.683575	-0.735514	-0.773894	-0.775923	-0.739487	-0.67162	-0.563985	-0.411935	-0.214393	0.0186217	0.279607	0.559347	0.826897	1.05209	1.22112	1.33368	1.38316	1.35862	1.2723	1.16323	1.06436	0.966828	0.855969	0.733759	0.60213	0.457083	0.295186	0.121388	-0.0470037	-0.200824	-0.341465	-0.454417	-0.520985	-0.548956	-0.557568	-0.545606	-0.504597	-0.430783	-0.334917	-0.238143	-0.14858	-0.0574651	0.0378794	0.135397	0.22373	0.298715	0.36055	0.401815	0.426921	0.444729	0.464833	0.496712	0.54417	0.609615	0.670134	0.707839	0.729968	0.740001	0.745531	0.760267	0.793549	0.837016	0.881194	0.919858	0.947664	0.952202	0.928007	0.864885	0.744648	0.571368	0.357274	0.126491	-0.100673	-0.29683	-0.434806	-0.508455	-0.51788	-0.479565	-0.414195	-0.342162	-0.273473	-0.210123	-0.156036	-0.107059	-0.0647768	-0.0308593	0	
0	-0.0168146	-0.0382316	-0.0777513	-0.136206	-0.205722	-0.282282	-0.369213	-0.457461	-0.539703	-0.608528	-0.654356	-0.683575	-0.717328	-0.756258	-0.766958	-0.728072	-0.647477	-0.538614	-0.402113	-0.232908	-0.0341917	0.185501	0.421174	0.667538	0.899011	1.08876	1.2216	1.29954	1.31472	1.26258	1.15565	1.03439	0.931174	0.8436	0.755552	0.667386	0.571861	0.45819	0.314248	0.143204	-0.0390927	-0.215456	-0.381624	-0.515017	-0.595157	-0.629166	-0.637306	-0.624818	-0.587531	-0.519581	-0.429863	-0.337245	-0.245126	-0.146029	-0.0343521	0.0890713	0.206565	0.31014	0.39945	0.465443	0.508712	0.546271	0.590665	0.643754	0.708641	0.787204	0.863197	0.915495	0.947649	0.961365	0.964086	0.972679	0.994147	1.02237	1.04237	1.05138	1.0473	1.02043	0.962353	0.859501	0.707438	0.50709	0.265369	0.00887038	-0.236008	-0.437758	-0.569342	-0.626436	-0.617388	-0.559718	-0.477778	-0.392105	-0.31042	-0.240065	-0.182413	-0.132228	-0.0877648	-0.0439375	0	
0	-0.0468524	-0.0997976	-0.165552	-0.242199	-0.31743	-0.396143	-0.482676	-0.571017	-0.645216	-0.696759	-0.722653	-0.735514	-0.756258	-0.777453	-0.763264	-0.690151	-0.569445	-0.421066	-0.254987	-0.0737909	0.11771	0.317156	0.526983	0.742546	0.938555	1.08449	1.17224	1.20628	1.18686	1.10916	0.985435	0.852852	0.74619	0.665753	0.600645	0.540611	0.478581	0.395518	0.278766	0.127355	-0.0437458	-0.221654	-0.393106	-0.535978	-0.624358	-0.662721	-0.670519	-0.656962	-0.617898	-0.551297	-0.46711	-0.380495	-0.297274	-0.206009	-0.0949518	0.0371081	0.17609	0.307797	0.421039	0.509532	0.579201	0.640542	0.702046	0.770006	0.850289	0.945166	1.0361	1.10066	1.13335	1.14128	1.13885	1.14223	1.15708	1.17107	1.17253	1.15827	1.12435	1.06299	0.97003	0.841045	0.664674	0.441472	0.186126	-0.0775433	-0.31553	-0.497169	-0.604659	-0.638592	-0.614412	-0.549687	-0.461162	-0.365707	-0.276605	-0.20254	-0.147014	-0.105675	-0.0705788	-0.036015	0	
0	-0.087703	-0.1734	-0.260999	-0.346067	-0.428019	-0.511157	-0.604426	-0.693104	-0.759355	-0.790309	-0.789259	-0.773894	-0.766958	-0.763264	-0.7282	-0.634669	-0.489065	-0.314191	-0.130258	0.0521653	0.230663	0.410356	0.598022	0.784755	0.942003	1.04275	1.0853	1.07957	1.02797	0.925778	0.787597	0.650744	0.548078	0.482498	0.436114	0.397104	0.356708	0.300676	0.216946	0.100945	-0.0404119	-0.1972	-0.356419	-0.491031	-0.576521	-0.616315	-0.62691	-0.619607	-0.586028	-0.523741	-0.442687	-0.362083	-0.28645	-0.205849	-0.102708	0.0228761	0.15913	0.292893	0.418906	0.532505	0.628982	0.714352	0.794393	0.873883	0.96387	1.06784	1.16538	1.22931	1.25421	1.25416	1.2463	1.24768	1.2603	1.27177	1.2647	1.23148	1.16969	1.08011	0.963851	0.816551	0.633118	0.408506	0.155414	-0.0971914	-0.315136	-0.471733	-0.557004	-0.575023	-0.538287	-0.461984	-0.365753	-0.268251	-0.183074	-0.116937	-0.0701233	-0.0397348	-0.020532	-0.00838157	0	
0	-0.1282	-0.243168	-0.344137	-0.436721	-0.526631	-0.620207	-0.71622	-0.800455	-0.85244	-0.861682	-0.829025	-0.775923	-0.728072	-0.690151	-0.634669	-0.531502	-0.381667	-0.205065	-0.0282928	0.140736	0.301845	0.464052	0.630875	0.7876	0.909669	0.973372	0.981414	0.942295	0.859524	0.736109	0.591318	0.461875	0.373285	0.321228	0.289165	0.262597	0.242093	0.21669	0.173042	0.100121	-0.00136606	-0.12592	-0.254921	-0.365029	-0.43677	-0.477206	-0.500394	-0.511411	-0.494952	-0.443182	-0.36899	-0.291098	-0.220085	-0.147483	-0.0580274	0.0506186	0.17118	0.296491	0.424776	0.551574	0.667434	0.767291	0.854736	0.940584	1.04115	1.14977	1.2437	1.29982	1.31231	1.30031	1.28302	1.27594	1.28169	1.28783	1.27753	1.24214	1.1747	1.08155	0.964319	0.817953	0.63587	0.416407	0.181372	-0.0474091	-0.240731	-0.380505	-0.456996	-0.462414	-0.410423	-0.319157	-0.213689	-0.116547	-0.0391129	0.0143195	0.046284	0.0578069	0.0511189	0.03024	0	
0	-0.156243	-0.291152	-0.404851	-0.50729	-0.612166	-0.714995	-0.81052	-0.880746	-0.914801	-0.89806	-0.833517	-0.739487	-0.647477	-0.569445	-0.489065	-0.381667	-0.2432	-0.0903373	0.0602091	0.205129	0.347479	0.491945	0.637572	0.770576	0.869092	0.907825	0.886721	0.810053	0.695163	0.552931	0.411074	0.297343	0.224568	0.187105	0.169713	0.163755	0.172953	0.18572	0.185585	0.155381	0.0952171	0.0105467	-0.0801507	-0.157903	-0.215645	-0.263313	-0.305846	-0.343652	-0.348833	-0.315154	-0.254617	-0.187176	-0.122768	-0.0586459	0.021646	0.113124	0.217017	0.330625	0.452491	0.578189	0.69199	0.790309	0.879426	0.973342	1.08092	1.1898	1.2771	1.32367	1.32414	1.29806	1.26396	1.238	1.22929	1.2269	1.21517	1.18713	1.13708	1.06848	0.972017	0.838243	0.665126	0.458335	0.241597	0.0308194	-0.148313	-0.273942	-0.332364	-0.317346	-0.244389	-0.138042	-0.0246015	0.0752859	0.147258	0.188081	0.196178	0.17414	0.130111	0.0685036	0	
0	-0.166322	-0.314691	-0.444755	-0.565456	-0.686599	-0.797673	-0.886167	-0.939451	-0.94761	-0.901578	-0.801397	-0.67162	-0.538614	-0.421066	-0.314191	-0.205065	-0.0903373	0.0269745	0.13999	0.25419	0.370673	0.492273	0.621123	0.743002	0.833383	0.858169	0.810062	0.701172	0.55753	0.403416	0.264486	0.162576	0.103107	0.0811902	0.0871818	0.112163	0.157382	0.210831	0.252359	0.266246	0.251257	0.209891	0.156453	0.101499	0.045818	-0.0168417	-0.0817993	-0.139467	-0.164621	-0.149601	-0.109233	-0.0597771	-0.0101113	0.0438474	0.111427	0.190826	0.283822	0.386165	0.497873	0.609667	0.709182	0.799376	0.891763	0.991419	1.1051	1.20824	1.28129	1.31259	1.29542	1.25019	1.19655	1.15462	1.12959	1.1141	1.1005	1.08767	1.06414	1.0288	0.962821	0.850991	0.699582	0.510838	0.304882	0.100004	-0.069158	-0.175182	-0.20734	-0.165549	-0.0738498	0.0452053	0.16706	0.271305	0.344249	0.373567	0.35767	0.302032	0.215907	0.111937	0	
0	-0.158951	-0.31287	-0.460438	-0.599067	-0.732588	-0.844255	-0.923724	-0.955547	-0.936558	-0.855406	-0.723534	-0.563985	-0.402113	-0.254987	-0.130258	-0.0282928	0.0602091	0.13999	0.214585	0.29146	0.37497	0.475399	0.594852	0.716123	0.80533	0.821153	0.760331	0.633295	0.476903	0.31304	0.172627	0.0768656	0.0299644	0.0295748	0.0651079	0.122686	0.199884	0.284108	0.359906	0.411586	0.43877	0.436008	0.410583	0.370563	0.312871	0.238159	0.162776	0.0923233	0.0540532	0.0484924	0.0630581	0.0885791	0.119345	0.15395	0.2068	0.272061	0.355552	0.450116	0.54535	0.637874	0.723952	0.811424	0.904129	1.00772	1.11715	1.20551	1.25881	1.26824	1.2277	1.15971	1.08977	1.03302	0.999478	0.980098	0.970751	0.974214	0.971344	0.957548	0.915346	0.835258	0.71189	0.540503	0.34331	0.14383	-0.0123991	-0.0977709	-0.106044	-0.041893	0.0694282	0.202828	0.333885	0.439033	0.501121	0.514415	0.475508	0.394655	0.28283	0.145104	0	
0	-0.141696	-0.292697	-0.448965	-0.595845	-0.73027	-0.836056	-0.900636	-0.911457	-0.862804	-0.751733	-0.591095	-0.411935	-0.232908	-0.0737909	0.0521653	0.140736	0.205129	0.25419	0.29146	0.329215	0.385126	0.472314	0.589819	0.709111	0.794649	0.811769	0.755138	0.634817	0.479035	0.31262	0.170262	0.0783702	0.0424908	0.0600665	0.118793	0.20094	0.297858	0.401322	0.49762	0.575928	0.633097	0.657943	0.652634	0.622993	0.567064	0.490204	0.41036	0.336194	0.285664	0.261505	0.253592	0.254017	0.257982	0.270328	0.301265	0.350394	0.423041	0.503585	0.585174	0.66173	0.735187	0.816411	0.90831	1.00212	1.10015	1.17459	1.20876	1.1966	1.13255	1.04346	0.955268	0.889199	0.850026	0.833265	0.837599	0.854874	0.861305	0.861261	0.840907	0.781313	0.678306	0.523708	0.3395	0.157146	0.0179546	-0.0519076	-0.0468804	0.0279892	0.152194	0.298943	0.434913	0.53345	0.582869	0.57825	0.523199	0.43057	0.305859	0.157435	0	
0	-0.121594	-0.258919	-0.405878	-0.542083	-0.66469	-0.755157	-0.801078	-0.787276	-0.715615	-0.581714	-0.404246	-0.214393	-0.0341917	0.11771	0.230663	0.301845	0.347479	0.370673	0.37497	0.385126	0.427049	0.513784	0.628338	0.740958	0.823346	0.847926	0.809282	0.705536	0.563065	0.403685	0.26476	0.175405	0.141646	0.164612	0.233348	0.327899	0.434871	0.546679	0.65373	0.746394	0.821894	0.864076	0.869691	0.848079	0.79518	0.718032	0.63918	0.560906	0.502201	0.464561	0.437754	0.417728	0.401301	0.389833	0.402076	0.437673	0.496241	0.560228	0.618135	0.673856	0.733948	0.8041	0.876709	0.955767	1.04201	1.10312	1.12439	1.09705	1.01791	0.912081	0.810146	0.730866	0.689807	0.679783	0.690464	0.716605	0.732316	0.743576	0.737207	0.693583	0.600628	0.456287	0.289712	0.127605	0.00542005	-0.0579259	-0.05041	0.0297223	0.158886	0.307157	0.442014	0.536144	0.580444	0.572862	0.512148	0.417058	0.294916	0.148903	0	
0	-0.100676	-0.213417	-0.33058	-0.437637	-0.534563	-0.603167	-0.623593	-0.58618	-0.495557	-0.351415	-0.167974	0.0186217	0.185501	0.317156	0.410356	0.464052	0.491945	0.492273	0.475399	0.472314	0.513784	0.599796	0.708994	0.81493	0.896751	0.931133	0.907044	0.822449	0.699966	0.556962	0.426485	0.336016	0.296386	0.312138	0.377364	0.472398	0.579401	0.692888	0.803768	0.904371	0.98993	1.03974	1.04968	1.0299	0.978112	0.902449	0.821479	0.741755	0.677325	0.631069	0.594313	0.561773	0.53145	0.513293	0.518144	0.54061	0.580416	0.619258	0.654397	0.686378	0.722183	0.766919	0.816649	0.871359	0.939565	0.989819	0.998126	0.959976	0.872994	0.758958	0.646811	0.564095	0.521849	0.510251	0.52345	0.551616	0.574228	0.599698	0.606138	0.565238	0.476036	0.346262	0.197621	0.0502556	-0.0663814	-0.124133	-0.109949	-0.0314623	0.091528	0.232229	0.361936	0.456759	0.507971	0.509621	0.459155	0.375879	0.265237	0.133498	0	
0	-0.0729206	-0.149224	-0.221965	-0.284858	-0.345887	-0.384566	-0.377775	-0.316687	-0.212633	-0.0657081	0.110387	0.279607	0.421174	0.526983	0.598022	0.630875	0.637572	0.621123	0.594852	0.589819	0.628338	0.708994	0.811964	0.917554	1.00335	1.04535	1.03308	0.966461	0.864746	0.738553	0.614348	0.520835	0.469846	0.47029	0.519964	0.604145	0.703283	0.812495	0.92299	1.02589	1.1139	1.16578	1.17438	1.15489	1.10541	1.03033	0.950351	0.870497	0.80418	0.755291	0.714453	0.678169	0.647806	0.6278	0.626758	0.639046	0.65882	0.674922	0.687353	0.69818	0.709567	0.723563	0.737074	0.761202	0.801932	0.824875	0.81391	0.763572	0.672631	0.558498	0.450427	0.372975	0.337364	0.329872	0.341502	0.375099	0.409676	0.439708	0.442859	0.401483	0.318852	0.198795	0.0565165	-0.0829919	-0.187089	-0.235087	-0.216586	-0.14076	-0.0270161	0.104725	0.229295	0.324708	0.386762	0.406206	0.37588	0.315634	0.227029	0.114246	0	
0	-0.0275759	-0.0549379	-0.0742412	-0.0860407	-0.102184	-0.106994	-0.0734747	0.0066203	0.120499	0.263212	0.42033	0.559347	0.667538	0.742546	0.784755	0.7876	0.770576	0.743002	0.716123	0.709111	0.740958	0.81493	0.917554	1.02969	1.12538	1.18046	1.18308	1.13174	1.04132	0.920641	0.794825	0.691378	0.62464	0.602877	0.631151	0.699459	0.787222	0.889108	0.993296	1.0901	1.17276	1.22047	1.2287	1.21468	1.17414	1.10937	1.03495	0.959349	0.893476	0.841516	0.796119	0.757926	0.728726	0.71304	0.70891	0.706373	0.707977	0.710043	0.709978	0.699025	0.680601	0.661191	0.639301	0.623645	0.622381	0.607957	0.56302	0.491099	0.396724	0.292161	0.205253	0.156346	0.142341	0.146417	0.171939	0.218475	0.257332	0.282617	0.2794	0.23318	0.145267	0.0209063	-0.123237	-0.259704	-0.357304	-0.394709	-0.366214	-0.284782	-0.167736	-0.0355541	0.0898343	0.187546	0.255586	0.287575	0.27504	0.238039	0.175464	0.0882766	0	
0	0.0358014	0.0659853	0.0988662	0.135861	0.164172	0.191646	0.245899	0.33747	0.455728	0.588778	0.721182	0.826897	0.899011	0.938555	0.942003	0.909669	0.869092	0.833383	0.80533	0.794649	0.823346	0.896751	1.00335	1.12538	1.23798	1.31583	1.33722	1.29506	1.20438	1.07675	0.937753	0.815151	0.72491	0.677102	0.680656	0.730591	0.807785	0.901261	0.996584	1.08239	1.1539	1.19719	1.21016	1.20753	1.1849	1.13495	1.07008	0.999039	0.930223	0.870773	0.820914	0.782858	0.758225	0.744913	0.735671	0.726036	0.718976	0.711469	0.697425	0.665011	0.617275	0.563371	0.504988	0.448592	0.400409	0.342752	0.266796	0.176518	0.0807714	-0.00529941	-0.0632914	-0.0823659	-0.0669698	-0.0308266	0.0227778	0.0853583	0.130003	0.148565	0.135203	0.0798028	-0.0207918	-0.160959	-0.319648	-0.459634	-0.553962	-0.586434	-0.547923	-0.4527	-0.319113	-0.169018	-0.0301168	0.0769803	0.152147	0.188957	0.186004	0.165166	0.123559	0.0622237	0	
0	0.109013	0.199293	0.278031	0.354473	0.418229	0.47163	0.538259	0.633465	0.747804	0.867014	0.976173	1.05209	1.08876	1.08449	1.04275	0.973372	0.907825	0.858169	0.821153	0.811769	0.847926	0.931133	1.04535	1.18046	1.31583	1.41857	1.45382	1.41318	1.311	1.1657	1.00177	0.851823	0.734976	0.659248	0.637125	0.672347	0.744638	0.837245	0.926302	1.00025	1.06057	1.10163	1.12083	1.13191	1.12511	1.09089	1.03712	0.971234	0.900333	0.83614	0.782386	0.746844	0.729325	0.721744	0.714386	0.705616	0.69724	0.684858	0.652464	0.586721	0.501296	0.413258	0.320872	0.229863	0.149596	0.0645295	-0.0349198	-0.13855	-0.227956	-0.296288	-0.32926	-0.317166	-0.269477	-0.200937	-0.118561	-0.0358437	0.018329	0.0411813	0.0290191	-0.0372971	-0.16062	-0.3243	-0.499791	-0.652841	-0.755904	-0.787195	-0.736665	-0.619438	-0.461208	-0.285148	-0.120312	0.00442699	0.0895119	0.132562	0.134082	0.11946	0.0887254	0.0427831	0	
0	0.177707	0.322943	0.440414	0.543252	0.630673	0.70011	0.774601	0.866563	0.971066	1.07563	1.16677	1.22112	1.2216	1.17224	1.0853	0.981414	0.886721	0.810062	0.760331	0.755138	0.809282	0.907044	1.03308	1.18308	1.33722	1.45382	1.49398	1.44669	1.33059	1.16345	0.976861	0.803699	0.662823	0.558751	0.512699	0.533897	0.605978	0.69737	0.781522	0.849497	0.909303	0.956558	0.986605	1.00352	1.00477	0.980296	0.93456	0.874244	0.805425	0.740649	0.692921	0.667656	0.659354	0.660163	0.661536	0.659133	0.650267	0.622659	0.56023	0.458839	0.340279	0.222721	0.105872	-0.00699624	-0.109238	-0.206051	-0.309361	-0.410294	-0.49125	-0.544379	-0.562619	-0.534726	-0.461504	-0.360561	-0.249556	-0.149824	-0.0784341	-0.0432309	-0.0552911	-0.129914	-0.267072	-0.444995	-0.635665	-0.803688	-0.91629	-0.947476	-0.889469	-0.759641	-0.580353	-0.379718	-0.193778	-0.0482866	0.0558302	0.114494	0.127041	0.114042	0.0823506	0.0390833	0	
0	0.228571	0.418495	0.566557	0.688172	0.787832	0.869317	0.94951	1.03831	1.13228	1.22331	1.30125	1.33368	1.29954	1.20628	1.07957	0.942295	0.810053	0.701172	0.633295	0.634817	0.705536	0.822449	0.966461	1.13174	1.29506	1.41318	1.44669	1.38986	1.25685	1.07566	0.874927	0.686324	0.525333	0.400622	0.33674	0.347879	0.413067	0.498213	0.578842	0.651566	0.723225	0.784547	0.820432	0.837084	0.840229	0.822804	0.788393	0.738297	0.67723	0.622829	0.586509	0.57196	0.573026	0.579591	0.584658	0.586308	0.570089	0.523413	0.434577	0.305801	0.160848	0.0207023	-0.112633	-0.23708	-0.343454	-0.441097	-0.540258	-0.632923	-0.702073	-0.746743	-0.758305	-0.714307	-0.619998	-0.497404	-0.368325	-0.24623	-0.150216	-0.100037	-0.110542	-0.194473	-0.339899	-0.526048	-0.725281	-0.898628	-1.01206	-1.04348	-0.984233	-0.84578	-0.657827	-0.448129	-0.250696	-0.0887694	0.0374402	0.11473	0.141294	0.13556	0.103124	0.0530764	0	
0	0.251602	0.466518	0.635676	0.768699	0.876556	0.967538	1.05545	1.14554	1.23312	1.3145	1.37479	1.38316	1.31472	1.18686	1.02797	0.859524	0.695163	0.55753	0.476903	0.479035	0.563065	0.699966	0.864746	1.04132	1.20438	1.311	1.33059	1.25685	1.11354	0.925153	0.717891	0.518484	0.349328	0.219892	0.150431	0.147049	0.197355	0.270061	0.34877	0.431357	0.519382	0.593441	0.637468	0.656717	0.66531	0.660139	0.638688	0.599519	0.552294	0.510466	0.486191	0.478012	0.476949	0.478608	0.483227	0.477702	0.448929	0.38629	0.280442	0.139567	-0.0126094	-0.158629	-0.298164	-0.425195	-0.533503	-0.625282	-0.713912	-0.79456	-0.855514	-0.892707	-0.892951	-0.83666	-0.728706	-0.59259	-0.444894	-0.301511	-0.189023	-0.134886	-0.151067	-0.237826	-0.387803	-0.579806	-0.777589	-0.946656	-1.05404	-1.07854	-1.0158	-0.876492	-0.689768	-0.481905	-0.277819	-0.101034	0.0350265	0.121198	0.158528	0.160311	0.130784	0.0713273	0	
0	0.240399	0.453008	0.625922	0.763982	0.878677	0.980219	1.07954	1.17734	1.26804	1.34022	1.37971	1.35862	1.26258	1.10916	0.925778	0.736109	0.552931	0.403416	0.31304	0.31262	0.403685	0.556962	0.738553	0.920641	1.07675	1.1657	1.16345	1.07566	0.925153	0.732181	0.516175	0.312512	0.149639	0.0299566	-0.040965	-0.0577655	-0.0222473	0.0388362	0.113453	0.200704	0.299805	0.388097	0.446098	0.476638	0.498937	0.509388	0.505498	0.483716	0.451586	0.421829	0.399465	0.38195	0.366761	0.355885	0.348643	0.334356	0.295749	0.225294	0.121987	-0.00962269	-0.155141	-0.295819	-0.42329	-0.54201	-0.645609	-0.73423	-0.81568	-0.88857	-0.943879	-0.970179	-0.957569	-0.888403	-0.772166	-0.627931	-0.471839	-0.322086	-0.207976	-0.155594	-0.174755	-0.266587	-0.418845	-0.611886	-0.807191	-0.969115	-1.06558	-1.07854	-1.00665	-0.863635	-0.679447	-0.469517	-0.261319	-0.0829484	0.0531394	0.138683	0.179867	0.179951	0.142124	0.0780926	0	
0	0.197844	0.379667	0.53567	0.672044	0.793593	0.91023	1.02383	1.13762	1.23592	1.3025	1.31881	1.2723	1.15565	0.985435	0.787597	0.591318	0.411074	0.264486	0.172627	0.170262	0.26476	0.426485	0.614348	0.794825	0.937753	1.00177	0.976861	0.874927	0.717891	0.516175	0.29579	0.100586	-0.0460628	-0.150546	-0.216032	-0.235777	-0.209669	-0.16355	-0.10287	-0.02051	0.0851352	0.187423	0.262295	0.31093	0.353519	0.390423	0.415587	0.41493	0.397873	0.366999	0.328204	0.285733	0.246474	0.213723	0.19259	0.164615	0.120101	0.0569556	-0.0309829	-0.139452	-0.257859	-0.371181	-0.479585	-0.583729	-0.676802	-0.759236	-0.837157	-0.907312	-0.957403	-0.972174	-0.94376	-0.866933	-0.750599	-0.608071	-0.454533	-0.311165	-0.211333	-0.172882	-0.199552	-0.291949	-0.443873	-0.635383	-0.823406	-0.977857	-1.06346	-1.06161	-0.976609	-0.820218	-0.621319	-0.404166	-0.200395	-0.0353154	0.0846072	0.161112	0.190942	0.174871	0.129484	0.0670938	0	
0	0.136591	0.267322	0.392232	0.519537	0.651541	0.786657	0.921299	1.05251	1.16156	1.2243	1.22647	1.16323	1.03439	0.852852	0.650744	0.461875	0.297343	0.162576	0.0768656	0.0783702	0.175405	0.336016	0.520835	0.691378	0.815151	0.851823	0.803699	0.686324	0.518484	0.312512	0.100586	-0.0784094	-0.20749	-0.294715	-0.343668	-0.359887	-0.34544	-0.317954	-0.271811	-0.194074	-0.0841131	0.026591	0.115019	0.183202	0.251991	0.321926	0.376869	0.398516	0.388786	0.350469	0.29089	0.222682	0.153154	0.0888253	0.035583	-0.0165584	-0.066854	-0.117862	-0.174015	-0.241941	-0.320128	-0.397142	-0.472519	-0.557391	-0.642331	-0.72073	-0.793544	-0.855509	-0.896954	-0.900702	-0.867925	-0.796289	-0.684634	-0.545091	-0.400985	-0.278355	-0.203898	-0.181476	-0.221293	-0.326175	-0.480316	-0.663259	-0.835262	-0.972207	-1.03799	-1.01841	-0.920927	-0.750213	-0.537648	-0.31826	-0.126785	0.0212014	0.122681	0.174772	0.182121	0.154615	0.110532	0.0584259	0	
0	0.0693047	0.142216	0.227066	0.341175	0.480968	0.638449	0.795008	0.942635	1.05922	1.12538	1.12847	1.06436	0.931174	0.74619	0.548078	0.373285	0.224568	0.103107	0.0299644	0.0424908	0.141646	0.296386	0.469846	0.62464	0.72491	0.734976	0.662823	0.525333	0.349328	0.149639	-0.0460628	-0.20749	-0.320524	-0.383953	-0.417383	-0.436026	-0.434153	-0.415751	-0.372006	-0.295776	-0.186587	-0.0726372	0.0268022	0.114527	0.207639	0.299517	0.377202	0.412731	0.409903	0.368015	0.296965	0.207267	0.107091	0.00107791	-0.0941829	-0.175732	-0.23357	-0.2712	-0.301291	-0.329337	-0.360464	-0.391711	-0.430024	-0.484899	-0.547148	-0.617325	-0.68789	-0.74731	-0.785233	-0.78484	-0.751683	-0.68526	-0.581858	-0.457581	-0.340101	-0.246279	-0.194758	-0.191906	-0.249261	-0.363107	-0.515367	-0.687003	-0.840022	-0.950231	-0.989844	-0.951525	-0.838801	-0.661174	-0.453513	-0.249692	-0.0736467	0.0649107	0.150253	0.180275	0.17309	0.145048	0.106658	0.0569635	0	
0	0.0051692	0.0211734	0.0639005	0.156687	0.296095	0.468846	0.641379	0.797163	0.91704	0.994056	1.01606	0.966828	0.8436	0.665753	0.482498	0.321228	0.187105	0.0811902	0.0295748	0.0600665	0.164612	0.312138	0.47029	0.602877	0.677102	0.659248	0.558751	0.400622	0.219892	0.0299566	-0.150546	-0.294715	-0.383953	-0.42745	-0.455853	-0.477834	-0.47771	-0.451697	-0.406624	-0.334363	-0.227623	-0.10989	4.75613e-05	0.10495	0.206835	0.309694	0.396656	0.439402	0.43733	0.394168	0.316383	0.21426	0.0891602	-0.0517851	-0.181426	-0.289133	-0.358308	-0.396852	-0.411253	-0.409059	-0.397054	-0.377868	-0.368743	-0.385363	-0.419075	-0.470383	-0.527578	-0.573921	-0.605591	-0.614335	-0.597486	-0.5489	-0.464936	-0.368044	-0.282161	-0.216893	-0.195987	-0.216018	-0.287448	-0.406942	-0.550665	-0.703816	-0.832694	-0.919293	-0.937126	-0.877974	-0.752505	-0.575303	-0.383043	-0.199304	-0.0348791	0.0900822	0.161346	0.189192	0.185255	0.157711	0.112676	0.0558408	0	
0	-0.0486231	-0.0816818	-0.077843	-0.014104	0.112784	0.283629	0.459884	0.611915	0.732502	0.82497	0.876163	0.855969	0.755552	0.600645	0.436114	0.289165	0.169713	0.0871818	0.0651079	0.118793	0.233348	0.377364	0.519964	0.631151	0.680656	0.637125	0.512699	0.33674	0.150431	-0.040965	-0.216032	-0.343668	-0.417383	-0.455853	-0.482238	-0.494591	-0.475501	-0.437112	-0.386513	-0.313209	-0.20604	-0.0878494	0.0251628	0.129558	0.233749	0.338305	0.42766	0.467194	0.458464	0.410404	0.329887	0.220316	0.0781529	-0.0865932	-0.243501	-0.370429	-0.450872	-0.492596	-0.499407	-0.473238	-0.425689	-0.368726	-0.318708	-0.291795	-0.284637	-0.300941	-0.324594	-0.347471	-0.377748	-0.399995	-0.406491	-0.390115	-0.342177	-0.282939	-0.230128	-0.191172	-0.18913	-0.228606	-0.317906	-0.443402	-0.584973	-0.726551	-0.838353	-0.902998	-0.900279	-0.827141	-0.69318	-0.520799	-0.33529	-0.154914	-0.00100702	0.111056	0.179476	0.216217	0.220639	0.189072	0.132992	0.0672674	0	
0	-0.0842961	-0.149602	-0.176539	-0.139325	-0.0381709	0.116005	0.277479	0.419703	0.53696	0.643303	0.722412	0.733759	0.667386	0.540611	0.397104	0.262597	0.163755	0.112163	0.122686	0.20094	0.327899	0.472398	0.604145	0.699459	0.730591	0.672347	0.533897	0.347879	0.147049	-0.0577655	-0.235777	-0.359887	-0.436026	-0.477834	-0.494591	-0.480023	-0.443346	-0.388918	-0.325424	-0.245554	-0.141028	-0.0287696	0.0762137	0.183439	0.290723	0.396984	0.477567	0.499529	0.473734	0.41776	0.333922	0.21935	0.0663271	-0.114884	-0.285031	-0.422334	-0.512463	-0.560762	-0.563055	-0.521882	-0.450117	-0.360082	-0.275103	-0.210021	-0.159956	-0.134831	-0.124937	-0.126177	-0.149874	-0.187549	-0.216788	-0.223902	-0.208545	-0.184152	-0.156849	-0.135923	-0.158271	-0.221812	-0.325359	-0.463846	-0.612303	-0.752532	-0.860315	-0.915859	-0.902394	-0.819614	-0.682329	-0.506998	-0.311704	-0.122371	0.0379161	0.153222	0.228071	0.266428	0.25768	0.21877	0.161883	0.0852608	0	
0	-0.100886	-0.184516	-0.228399	-0.215923	-0.142489	-0.0230515	0.113729	0.238436	0.351366	0.463035	0.560086	0.60213	0.571861	0.478581	0.356708	0.242093	0.172953	0.157382	0.199884	0.297858	0.434871	0.579401	0.703283	0.787222	0.807785	0.744638	0.605978	0.413067	0.197355	-0.0222473	-0.209669	-0.34544	-0.434153	-0.47771	-0.475501	-0.443346	-0.390682	-0.317243	-0.236863	-0.153386	-0.0570133	0.0445885	0.146884	0.256476	0.368538	0.467448	0.526765	0.529055	0.486654	0.420493	0.330716	0.208333	0.0434923	-0.142117	-0.314691	-0.454465	-0.548952	-0.599753	-0.600397	-0.550784	-0.45881	-0.342344	-0.226679	-0.12767	-0.0459949	0.0094781	0.0437943	0.0531875	0.0277293	-0.0127416	-0.0457756	-0.06693	-0.0695833	-0.0610412	-0.0499979	-0.0545683	-0.10495	-0.193376	-0.316104	-0.467012	-0.629673	-0.781245	-0.895067	-0.95242	-0.937361	-0.849943	-0.703276	-0.513913	-0.300691	-0.0965772	0.0744775	0.204491	0.289052	0.316945	0.292806	0.247297	0.181931	0.0941735	0	
0	-0.101357	-0.187832	-0.238573	-0.238901	-0.194024	-0.112692	-0.0111755	0.0924824	0.192182	0.295401	0.395446	0.457083	0.45819	0.395518	0.300676	0.21669	0.18572	0.210831	0.284108	0.401322	0.546679	0.692888	0.812495	0.889108	0.901261	0.837245	0.69737	0.498213	0.270061	0.0388362	-0.16355	-0.317954	-0.415751	-0.451697	-0.437112	-0.388918	-0.317243	-0.223356	-0.131395	-0.0497418	0.03951	0.132866	0.225062	0.330272	0.435546	0.517109	0.559007	0.545281	0.489084	0.41492	0.318119	0.187182	0.0229845	-0.153784	-0.320064	-0.458633	-0.558355	-0.612988	-0.610607	-0.550344	-0.444334	-0.311948	-0.179935	-0.063282	0.0380706	0.112647	0.159225	0.175417	0.160415	0.127743	0.0969219	0.0780076	0.0742918	0.0782376	0.076629	0.0487741	-0.0272692	-0.142173	-0.2903	-0.467518	-0.649758	-0.813445	-0.939443	-1.00208	-0.990413	-0.900668	-0.735691	-0.522234	-0.29014	-0.0700017	0.115198	0.249832	0.330267	0.351141	0.321431	0.269562	0.189732	0.0901964	0	
0	-0.0906477	-0.170397	-0.217094	-0.221689	-0.196609	-0.152235	-0.0880593	-0.0140617	0.0602284	0.140258	0.227536	0.295186	0.314248	0.278766	0.216946	0.173042	0.185585	0.252359	0.359906	0.49762	0.65373	0.803768	0.92299	0.993296	0.996584	0.926302	0.781522	0.578842	0.34877	0.113453	-0.10287	-0.271811	-0.372006	-0.406624	-0.386513	-0.325424	-0.236863	-0.131395	-0.0323073	0.0586663	0.149124	0.230096	0.305586	0.391689	0.475339	0.534099	0.551728	0.519537	0.45378	0.376955	0.283955	0.163902	0.0182486	-0.139372	-0.295227	-0.432731	-0.535931	-0.592255	-0.590098	-0.531175	-0.422028	-0.284303	-0.152077	-0.0336732	0.077078	0.166768	0.225495	0.255471	0.260866	0.24599	0.22614	0.214969	0.214582	0.21599	0.204148	0.157816	0.0593061	-0.0818033	-0.255813	-0.457494	-0.661278	-0.841224	-0.977344	-1.04345	-1.03053	-0.93525	-0.761673	-0.537621	-0.296926	-0.0659032	0.132244	0.268884	0.346571	0.372681	0.348106	0.292232	0.205849	0.100089	0	
0	-0.0720848	-0.136308	-0.170753	-0.170517	-0.155449	-0.139153	-0.112264	-0.0774545	-0.0417303	0.00260443	0.0652246	0.121388	0.143204	0.127355	0.100945	0.100121	0.155381	0.266246	0.411586	0.575928	0.746394	0.904371	1.02589	1.0901	1.08239	1.00025	0.849497	0.651566	0.431357	0.200704	-0.02051	-0.194074	-0.295776	-0.334363	-0.313209	-0.245554	-0.153386	-0.0497418	0.0586663	0.160156	0.245967	0.311352	0.366059	0.427736	0.486612	0.516252	0.50517	0.455923	0.386552	0.315233	0.232541	0.134306	0.0193772	-0.109739	-0.246743	-0.374369	-0.477676	-0.538595	-0.546622	-0.502691	-0.409689	-0.287646	-0.162472	-0.0415194	0.0733308	0.172103	0.246668	0.297552	0.330686	0.34239	0.340728	0.343986	0.355105	0.355991	0.326518	0.257888	0.14254	-0.0165689	-0.211207	-0.431408	-0.651837	-0.845059	-0.989359	-1.06161	-1.04881	-0.95005	-0.775297	-0.552867	-0.316261	-0.0844204	0.115673	0.25488	0.340703	0.374147	0.352724	0.297404	0.21556	0.112311	0	
0	-0.0447593	-0.083616	-0.0980867	-0.0859977	-0.0722447	-0.0740467	-0.083007	-0.0941789	-0.106773	-0.104219	-0.0773603	-0.0470037	-0.0390927	-0.0437458	-0.0404119	-0.00136606	0.0952171	0.251257	0.43877	0.633097	0.821894	0.98993	1.1139	1.17276	1.1539	1.06057	0.909303	0.723225	0.519382	0.299805	0.0851352	-0.0841131	-0.186587	-0.227623	-0.20604	-0.141028	-0.0570133	0.03951	0.149124	0.245967	0.318155	0.365339	0.399054	0.431658	0.462592	0.463141	0.432654	0.379371	0.318324	0.253589	0.188346	0.116105	0.029613	-0.072309	-0.186213	-0.30273	-0.405503	-0.472104	-0.496477	-0.473741	-0.402412	-0.302385	-0.198506	-0.0922592	0.0212951	0.131769	0.223748	0.30154	0.368083	0.407459	0.429491	0.460011	0.486053	0.486408	0.451502	0.373217	0.242395	0.0565352	-0.163818	-0.399168	-0.630413	-0.83068	-0.976964	-1.05011	-1.0381	-0.938521	-0.768073	-0.557729	-0.330669	-0.10832	0.0774673	0.212091	0.302888	0.340073	0.321741	0.272585	0.199451	0.103431	0	
0	-0.00820669	-0.0122158	-0.00199996	0.0251992	0.040038	0.0266191	-0.0166488	-0.0741673	-0.135905	-0.17783	-0.192609	-0.200824	-0.215456	-0.221654	-0.1972	-0.12592	0.0105467	0.209891	0.436008	0.657943	0.864076	1.03974	1.16578	1.22047	1.19719	1.10163	0.956558	0.784547	0.593441	0.388097	0.187423	0.026591	-0.0726372	-0.10989	-0.0878494	-0.0287696	0.0445885	0.132866	0.230096	0.311352	0.365339	0.392502	0.395951	0.396078	0.394455	0.372977	0.336069	0.293185	0.244944	0.198452	0.160087	0.117428	0.0604224	-0.019341	-0.120054	-0.22975	-0.32762	-0.39731	-0.429968	-0.424225	-0.380217	-0.310941	-0.233562	-0.149959	-0.0538261	0.0552754	0.165516	0.269296	0.36258	0.429731	0.481775	0.539939	0.589497	0.609263	0.581179	0.498216	0.347944	0.136248	-0.10941	-0.364921	-0.604939	-0.807835	-0.945908	-1.00824	-0.991877	-0.898063	-0.742392	-0.54722	-0.337454	-0.132379	0.0366572	0.157846	0.242859	0.277967	0.263593	0.225498	0.163864	0.0812958	0	
0	0.03494	0.068781	0.10575	0.141494	0.155858	0.126357	0.0534968	-0.0461037	-0.149455	-0.234231	-0.294226	-0.341465	-0.381624	-0.393106	-0.356419	-0.254921	-0.0801507	0.156453	0.410583	0.652634	0.869691	1.04968	1.17438	1.2287	1.21016	1.12083	0.986605	0.820432	0.637468	0.446098	0.262295	0.115019	0.0268022	4.75613e-05	0.0251628	0.0762137	0.146884	0.225062	0.305586	0.366059	0.399054	0.395951	0.36535	0.325399	0.291625	0.253458	0.21782	0.183127	0.155065	0.139519	0.133686	0.118749	0.0838002	0.0248484	-0.0570245	-0.147285	-0.230906	-0.295189	-0.334044	-0.348408	-0.338452	-0.307774	-0.264675	-0.208197	-0.125068	-0.0170286	0.0992796	0.212741	0.317881	0.411157	0.499475	0.591674	0.669276	0.70421	0.682445	0.595346	0.432116	0.207137	-0.052275	-0.314853	-0.557303	-0.757997	-0.891031	-0.949285	-0.930816	-0.845598	-0.701365	-0.520511	-0.332358	-0.150217	0.00141041	0.112501	0.183028	0.210255	0.203525	0.175015	0.126739	0.0628765	0	
