0	0	0	0	0	0	0	0	0	0	0	0	0	0	0	0	0	0	0	0	0	0	0	0	0	0	0	0	0	0	0	0	0	0	0	0	0	0	0	0	0	0	0	0	0	0	0	0	0	0	0	0	0	0	0	0	0	0	0	0	0	0	0	0	0	0	0	0	0	0	0	0	0	0	0	0	0	0	0	0	0	0	0	0	0	0	0	0	0	0	0	0	0	0	0	0	0	0	0	0	
0	-0.000719176	-0.000321385	-0.00174258	-0.000493516	-0.00125699	-0.000599206	0.000426147	0.000391489	0.000825362	0.0019627	0.000336241	0.00043186	0.000991667	-0.0016881	6.87487e-05	0.00068045	-0.000669071	0.00145972	0.000150011	-0.000141153	-0.00186829	-0.00301756	-0.00218487	-0.0034986	-0.0084707	-0.0128368	-0.0172493	-0.0260805	-0.033694	-0.040343	-0.0431884	-0.0421387	-0.0295251	-0.0122815	0.0148042	0.0434813	0.0660431	0.0783571	0.0825255	0.0717266	0.0556265	0.0389199	0.0210938	5.82959e-05	-0.018529	-0.0345075	-0.0408711	-0.0389331	-0.0258165	-0.0104977	-0.000378295	0.0034012	0.00744077	0.00749272	-0.00204874	-0.011411	-0.0114331	-0.00484306	2.55299e-05	0.00296259	0.00040468	-0.000804692	-0.00233105	-0.00456858	-0.00317191	0.00101004	0.00455403	-0.000222464	-0.00910693	-0.00651098	0.00352464	0.00352224	-0.00047229	-0.00345999	-0.00469935	-0.00200923	-0.001465	0.00110948	0.00279481	-0.000524584	-0.00430928	-0.00959546	-0.00614662	0.00908979	0.0192551	0.0206865	0.023594	0.0269238	0.0206172	0.00948295	0.00201835	-0.00499842	-0.00993893	-0.0146982	-0.0244672	-0.0302684	-0.0287911	-0.0205354	0	
0	-0.000321385	0.00299843	0.000216982	0.00277336	0.00126198	0.000634188	0.000254054	-0.00160964	-0.00110962	-0.00314821	-0.000905589	-0.00133131	-0.00035331	0.000997643	0.000599454	2.08728e-05	-0.00235822	0.00122398	-0.00417718	-0.000307154	0.00101559	-0.00133975	-0.00555237	-0.00928208	-0.01534	-0.0221204	-0.0350857	-0.050641	-0.0644437	-0.0780756	-0.0873232	-0.0824299	-0.0569179	-0.022816	0.0293775	0.0866589	0.132699	0.156586	0.16525	0.142893	0.112027	0.0775655	0.0415911	1.08541e-05	-0.0386129	-0.0688789	-0.0843081	-0.0785093	-0.0542488	-0.0233563	-0.00197233	0.004591	0.0159897	0.0139629	-0.00205659	-0.0201679	-0.0210315	-0.00708536	0.000909959	0.00633857	0.00131051	-0.00325804	-0.00705785	-0.0103367	-0.00947069	0.00138347	0.0102763	-0.000646923	-0.0135745	-0.00997247	0.00565666	0.00783251	-0.00371231	-0.0114978	-0.00927019	-0.0031901	-0.00117026	0.0057993	0.00721095	-0.00368075	-0.013687	-0.0194109	-0.00754595	0.0190281	0.0360073	0.0418617	0.0480369	0.0513462	0.0393027	0.019981	0.00515245	-0.0097452	-0.0195245	-0.0286664	-0.0475556	-0.0590624	-0.056554	-0.0403029	0	
0	-0.00174258	0.000216982	-0.00374868	-0.000534876	-0.00226344	-0.00139988	0.000928984	0.000492424	0.0015257	0.00356989	0.000695173	0.00106294	0.00148189	-0.00277775	-0.000215544	0.00083885	-0.00164942	0.00319024	-0.000812662	-8.15565e-05	-0.00341539	-0.00825813	-0.0073805	-0.01159	-0.0239938	-0.0367903	-0.0521385	-0.0772734	-0.0996847	-0.118752	-0.129024	-0.124246	-0.0889419	-0.0362372	0.0423411	0.127409	0.194493	0.233316	0.24512	0.214831	0.168361	0.117907	0.0641329	0.00213967	-0.0535034	-0.100793	-0.1216	-0.115597	-0.0788169	-0.0341809	-0.00375197	0.00892368	0.0221003	0.0204864	-0.00462949	-0.0311007	-0.0322154	-0.0146459	-0.0010744	0.00822089	0.00170579	-0.00286265	-0.00766485	-0.0136731	-0.010077	0.002798	0.0126418	-0.00122736	-0.02388	-0.0174898	0.00825691	0.0101056	-0.00237705	-0.0117694	-0.0127501	-0.00583248	-0.00352856	0.00473122	0.00725497	-0.00401559	-0.0147732	-0.0261079	-0.0142081	0.0263234	0.054835	0.0615929	0.0698292	0.0769118	0.0588155	0.0280658	0.00648748	-0.0126778	-0.0262443	-0.0407952	-0.0684897	-0.0855483	-0.0823196	-0.0581725	0	
0	-0.000493516	0.00277336	-0.000534876	0.00299338	0.00044115	0.000868299	0.000458017	-0.00159237	-0.000758615	-0.00261641	-0.0011588	-0.00155397	0.000358437	-0.000224062	0.00120646	0.000589322	-0.00262127	0.0012453	-0.00428336	-0.00162274	-0.00185325	-0.00409823	-0.00935854	-0.0181917	-0.0312675	-0.0463763	-0.0698587	-0.0995887	-0.12833	-0.156346	-0.172009	-0.162638	-0.115808	-0.0475737	0.054901	0.166048	0.257012	0.308856	0.324725	0.285896	0.2261	0.158635	0.0856397	0.00513922	-0.0705795	-0.131697	-0.162554	-0.153769	-0.108	-0.0499258	-0.00892591	0.00983504	0.0283332	0.0259608	-0.0044352	-0.0365221	-0.0390908	-0.018805	-0.000245778	0.00993184	0.00332589	-0.00458935	-0.0132069	-0.0186676	-0.0161973	0.00213966	0.0163405	-0.00196723	-0.025958	-0.0187826	0.00950344	0.0128038	-0.00571766	-0.0192365	-0.0180597	-0.00780126	-0.00133949	0.00950124	0.0104044	-0.00695985	-0.0253609	-0.035401	-0.0128024	0.0363079	0.0703613	0.0822859	0.0914645	0.095837	0.0745604	0.038967	0.0100846	-0.0152097	-0.031587	-0.0502069	-0.0854016	-0.108201	-0.105113	-0.0734965	0	
0	-0.00125699	0.00126198	-0.00226344	0.00044115	-0.00103165	-0.00082989	0.000301767	-0.000264312	0.000522522	0.00104967	0.000275634	0.000719293	0.000109901	-0.000910222	-0.000265295	-0.00040131	-0.00189995	0.00264633	-0.00285128	-0.00035101	-0.00219814	-0.0103557	-0.0134649	-0.0217321	-0.0373053	-0.0579028	-0.0866475	-0.125571	-0.162189	-0.192843	-0.211516	-0.201557	-0.148474	-0.0601673	0.0647428	0.201627	0.313051	0.381763	0.400706	0.357119	0.284906	0.200791	0.11031	0.0107222	-0.0816764	-0.158922	-0.197308	-0.188574	-0.134272	-0.0652884	-0.0143916	0.0114792	0.0336914	0.0292557	-0.00499745	-0.0424097	-0.0478488	-0.0256476	-0.00431831	0.0106617	0.00436951	-0.0052684	-0.0140967	-0.0218091	-0.0172723	0.00312364	0.0168054	-0.00344411	-0.0311334	-0.0231572	0.00820616	0.0139252	-0.00547428	-0.0212205	-0.0190552	-0.00939802	-0.00313464	0.00954631	0.00872797	-0.0113297	-0.0287304	-0.0369084	-0.012854	0.0419892	0.0838443	0.0999551	0.111762	0.116444	0.0892953	0.0454438	0.0122558	-0.0136091	-0.0324104	-0.0568181	-0.0980602	-0.125917	-0.123844	-0.0854971	0	
0	-0.000599206	0.000634188	-0.00139988	0.000868299	-0.00082989	0.000198476	0.000509371	-5.00671e-05	0.00031249	0.000609574	-0.000279628	-0.00042959	0.000787183	-0.00143115	0.000368676	0.000276614	-0.000736084	-0.000571757	-0.00177563	-0.00305124	-0.0063785	-0.00927768	-0.013553	-0.0267558	-0.0462742	-0.0714118	-0.104869	-0.145982	-0.190433	-0.231232	-0.252702	-0.23842	-0.177205	-0.0738587	0.0721136	0.232514	0.366248	0.451315	0.473433	0.427954	0.343768	0.244866	0.134952	0.0191443	-0.0916446	-0.183244	-0.230767	-0.222375	-0.162316	-0.0834143	-0.0239167	0.0129808	0.0357743	0.0328913	-0.00498665	-0.0451533	-0.0524132	-0.0338959	-0.00612586	0.00948353	0.00538667	-0.00518685	-0.0175934	-0.0244142	-0.0194892	0.00205539	0.0157429	-0.00466333	-0.0326203	-0.0245265	0.00815753	0.0134173	-0.00725468	-0.0230091	-0.0236144	-0.0132265	-0.000732598	0.0108648	0.00775453	-0.012729	-0.035251	-0.0429608	-0.0115094	0.0500195	0.0986625	0.118867	0.127971	0.128185	0.100822	0.0556641	0.0169024	-0.0116134	-0.0309528	-0.0582941	-0.104132	-0.138206	-0.137983	-0.0932622	0	
0	0.000426147	0.000254054	0.000928984	0.000458017	0.000301767	0.000509371	-0.00097479	-0.000515264	-0.00108893	-0.0018412	-0.000576957	-0.000788957	-0.000392869	0.000247697	0.000634542	-0.000838763	-0.000695439	-0.000176329	-0.00221597	-0.00221026	-0.00297631	-0.00926426	-0.018618	-0.0320117	-0.0505984	-0.0787866	-0.119534	-0.169128	-0.220522	-0.26345	-0.287696	-0.273586	-0.207103	-0.0864142	0.0788393	0.260208	0.415959	0.517068	0.544482	0.498195	0.405405	0.290466	0.163034	0.0306093	-0.0978803	-0.203555	-0.261146	-0.254199	-0.19098	-0.105711	-0.0352688	0.0101358	0.0370762	0.0332364	-0.00424794	-0.0442141	-0.0570213	-0.0389923	-0.00996134	0.00809608	0.00704382	-0.00669229	-0.019871	-0.0269997	-0.021877	0.000452187	0.0133295	-0.00675591	-0.0309861	-0.0233895	0.00410115	0.0116724	-0.00876999	-0.0265322	-0.024619	-0.013627	-0.000197258	0.0112562	0.00531103	-0.0193358	-0.0425089	-0.0415322	-0.00375813	0.0563088	0.106185	0.132284	0.144294	0.141152	0.109518	0.0611418	0.0213439	-0.00405879	-0.0239055	-0.0558732	-0.104561	-0.143518	-0.145838	-0.0965335	0	
0	0.000391489	-0.00160964	0.000492424	-0.00159237	-0.000264312	-5.00671e-05	-0.000515264	0.00154491	0.000292474	0.00174381	0.000945424	0.000310673	0.000121368	-0.000804895	-0.00112646	-0.000965713	-4.44738e-05	-0.0020208	-0.00103834	-0.00427885	-0.00780565	-0.0133944	-0.0210876	-0.0355676	-0.0590465	-0.0938736	-0.137836	-0.190012	-0.248663	-0.298752	-0.32579	-0.309316	-0.237597	-0.101867	0.0795267	0.281279	0.457734	0.575994	0.609188	0.56622	0.465888	0.336844	0.193271	0.0448447	-0.0994131	-0.219406	-0.285363	-0.281825	-0.217833	-0.127557	-0.0481429	0.00823443	0.0361927	0.0332196	-0.00292521	-0.0430314	-0.0605864	-0.0464947	-0.0164613	0.00408622	0.00614706	-0.00753655	-0.0200182	-0.0274436	-0.0205308	-0.000574085	0.00794207	-0.00871699	-0.0297391	-0.0240407	0.000121648	0.00780711	-0.00967648	-0.0246802	-0.025356	-0.0164387	-0.000419992	0.00878953	0.00107398	-0.0224913	-0.0450259	-0.0402737	-0.000357424	0.0611571	0.11638	0.146243	0.155368	0.146553	0.114777	0.0687462	0.0292939	0.00557072	-0.0142876	-0.0472899	-0.0964552	-0.141433	-0.147592	-0.0951859	0	
0	0.000825362	-0.00110962	0.0015257	-0.000758615	0.000522522	0.00031249	-0.00108893	0.000292474	-0.00151964	-0.00115346	-0.000322848	-0.00166463	0.000370876	3.1562e-05	0.00014695	-0.00038874	0.00158304	-0.00391797	0.000974073	-0.00445899	-0.00740771	-0.0106674	-0.0230293	-0.0399662	-0.0649419	-0.101688	-0.151577	-0.208522	-0.274172	-0.3293	-0.357891	-0.340579	-0.263875	-0.116192	0.0802286	0.299904	0.49722	0.631169	0.671932	0.634943	0.528002	0.387509	0.226617	0.0643148	-0.0980758	-0.230106	-0.306731	-0.30768	-0.246868	-0.154131	-0.0660713	0.00102464	0.0305449	0.0307177	-0.00148123	-0.0395791	-0.060177	-0.0512158	-0.0199328	0.000259667	0.00506656	-0.00767864	-0.0220052	-0.0278568	-0.0212089	-0.00521909	0.00128276	-0.0109158	-0.0244416	-0.0205898	-0.00395715	0.00227572	-0.0125799	-0.0242179	-0.0267396	-0.0181603	0.00137793	0.00642372	-0.00404266	-0.0267025	-0.0494468	-0.0381896	0.00827225	0.0679283	0.121247	0.154506	0.163827	0.149745	0.117695	0.075133	0.0383418	0.0191734	0.00123679	-0.0322419	-0.0816901	-0.131714	-0.141323	-0.0885194	0	
0	0.0019627	-0.00314821	0.00356989	-0.00261641	0.00104967	0.000609574	-0.0018412	0.00174381	-0.00115346	-0.000187534	0.00059867	-0.00109958	0.000113611	-0.000339472	-0.000859668	-0.000156413	-0.00146175	-0.00179143	-0.00154496	-0.00614393	-0.00712657	-0.0126846	-0.0292953	-0.0440632	-0.0716483	-0.112867	-0.165609	-0.230025	-0.301181	-0.358557	-0.388178	-0.374081	-0.292283	-0.133329	0.077095	0.310758	0.528832	0.675834	0.72992	0.697583	0.59038	0.436526	0.264468	0.0851547	-0.0910644	-0.236212	-0.321222	-0.329185	-0.272925	-0.181199	-0.0833684	-0.00922282	0.0246273	0.0272104	-0.000147991	-0.033875	-0.0616889	-0.0529789	-0.0271066	-0.00640073	0.00235348	-0.0108167	-0.020703	-0.0266783	-0.0198896	-0.00844677	-0.00661769	-0.0131723	-0.0194077	-0.0173066	-0.0106049	-0.00531729	-0.0131051	-0.023056	-0.0257112	-0.01683	-0.0017197	0.000497994	-0.0081344	-0.0316454	-0.0513231	-0.0317107	0.0163808	0.072437	0.1238	0.158333	0.168496	0.151198	0.117719	0.0795155	0.0507014	0.0382695	0.0211418	-0.0116969	-0.0588636	-0.112459	-0.127005	-0.0780293	0	
0	0.000336241	-0.000905589	0.000695173	-0.0011588	0.000275634	-0.000279628	-0.000576957	0.000945424	-0.000322848	0.00059867	0.00118249	-0.00067096	0.000444174	-0.000176979	-0.00202378	-0.000788024	0.000277154	-0.00417266	0.000475359	-0.00572662	-0.0106881	-0.016585	-0.0295	-0.0469314	-0.0787909	-0.12415	-0.181535	-0.247475	-0.321906	-0.386695	-0.420662	-0.40339	-0.316232	-0.1502	0.0689669	0.318938	0.553437	0.715883	0.781285	0.759823	0.650415	0.490258	0.30472	0.111728	-0.0799431	-0.235806	-0.3303	-0.346239	-0.298511	-0.208199	-0.104959	-0.0227748	0.0144623	0.0212367	0.00220823	-0.0313409	-0.0581994	-0.055073	-0.0328921	-0.0130098	-0.00486194	-0.0114101	-0.0203102	-0.0240772	-0.0171135	-0.0134951	-0.014942	-0.0153278	-0.0136681	-0.0152016	-0.0161916	-0.0132618	-0.0165604	-0.0185043	-0.0230101	-0.0189344	-0.00392452	-0.00570997	-0.0165271	-0.0336504	-0.0470928	-0.026642	0.0210052	0.0759787	0.125629	0.160835	0.168655	0.145469	0.114707	0.0876864	0.0676903	0.0591475	0.0450566	0.0170428	-0.0277201	-0.0848138	-0.104411	-0.0630396	0	
0	0.00043186	-0.00133131	0.00106294	-0.00155397	0.000719293	-0.00042959	-0.000788957	0.000310673	-0.00166463	-0.00109958	-0.00067096	-0.00206611	3.53622e-05	0.000525214	-0.000555041	0.0022236	-0.000794128	-0.00164367	-0.0011225	-0.00695166	-0.00782254	-0.0137176	-0.0330437	-0.0513509	-0.0852835	-0.130932	-0.190908	-0.264217	-0.346284	-0.411246	-0.444165	-0.429214	-0.340747	-0.168073	0.0618066	0.323301	0.572565	0.747786	0.829913	0.817161	0.711698	0.545103	0.350575	0.141756	-0.0628337	-0.229757	-0.333599	-0.359613	-0.322575	-0.236582	-0.129916	-0.042623	-7.05965e-05	0.0131975	0.00152989	-0.0274851	-0.0540368	-0.0521835	-0.0359425	-0.0202752	-0.0106172	-0.0138023	-0.0190103	-0.0211821	-0.0173557	-0.0201946	-0.0245036	-0.0177819	-0.0078129	-0.0103041	-0.0203391	-0.0217779	-0.018145	-0.0170811	-0.0223661	-0.0176364	-0.00853954	-0.0137719	-0.0212176	-0.0356579	-0.0453513	-0.0205827	0.0288615	0.0808811	0.123136	0.153801	0.162761	0.142054	0.113938	0.0934432	0.0845403	0.085874	0.077169	0.0520459	0.00908116	-0.0478233	-0.0724034	-0.0443005	0	
0	0.000991667	-0.00035331	0.00148189	0.000358437	0.000109901	0.000787183	-0.000392869	0.000121368	0.000370876	0.000113611	0.000444174	3.53622e-05	-3.1548e-05	-0.00148579	-0.00205855	-0.00108796	-0.00413797	-0.00172298	-0.00327224	-0.0072905	-0.011773	-0.0201359	-0.0357533	-0.0555068	-0.0922695	-0.141863	-0.206273	-0.284064	-0.364111	-0.434201	-0.472196	-0.458155	-0.362789	-0.187532	0.0491441	0.319704	0.58195	0.770023	0.869163	0.866976	0.767954	0.599578	0.397167	0.174392	-0.041502	-0.218491	-0.330347	-0.368132	-0.341198	-0.262295	-0.1543	-0.064156	-0.0148718	0.00576754	0.000587904	-0.0243875	-0.0484685	-0.0489547	-0.0404043	-0.0309615	-0.0218503	-0.0183315	-0.0184046	-0.0166749	-0.0145857	-0.0243472	-0.0298915	-0.0188909	-0.00454931	-0.00845349	-0.0271919	-0.0311281	-0.0199836	-0.0140292	-0.0172568	-0.0164743	-0.0162011	-0.0238463	-0.0289307	-0.0349565	-0.0360424	-0.0136561	0.0311882	0.0805522	0.118445	0.146803	0.155087	0.132809	0.108478	0.102654	0.109283	0.116795	0.111807	0.0928695	0.0547812	-0.000680749	-0.032994	-0.0233537	0	
0	-0.0016881	0.000997643	-0.00277775	-0.000224062	-0.000910222	-0.00143115	0.000247697	-0.000804895	3.1562e-05	-0.000339472	-0.000176979	0.000525214	-0.00148579	0.00234786	-0.00129167	0.000674613	0.000293266	-0.00129622	-0.00303783	-0.0053406	-0.00906395	-0.0215199	-0.0357097	-0.0601335	-0.0969743	-0.149041	-0.216913	-0.296475	-0.382628	-0.456274	-0.495906	-0.476282	-0.383744	-0.205449	0.0350347	0.317625	0.585127	0.789471	0.90287	0.915142	0.823977	0.658806	0.449303	0.214292	-0.0123118	-0.198823	-0.32075	-0.370192	-0.357385	-0.286378	-0.184086	-0.0925947	-0.0353769	-0.00881627	-0.00408118	-0.026355	-0.040953	-0.0428555	-0.0414158	-0.0374936	-0.0313603	-0.0209636	-0.0163169	-0.0126342	-0.0151286	-0.0299872	-0.0374023	-0.0222799	-0.00178598	-0.00779532	-0.0299903	-0.0351973	-0.0234633	-0.0125059	-0.0128543	-0.018871	-0.0240237	-0.0313062	-0.035906	-0.0340588	-0.0270855	-0.00664342	0.0338683	0.0786631	0.111149	0.13406	0.139286	0.122085	0.109266	0.116107	0.133079	0.149522	0.1549	0.142282	0.10613	0.0532425	0.0139845	0.00183413	0	
0	6.87487e-05	0.000599454	-0.000215544	0.00120646	-0.000265295	0.000368676	0.000634542	-0.00112646	0.00014695	-0.000859668	-0.00202378	-0.000555041	-0.00205855	-0.00129167	-0.0011367	-0.000427052	-0.00164963	-0.00245952	-0.00363892	-0.0084892	-0.0142283	-0.0218466	-0.0363979	-0.0645021	-0.104289	-0.156997	-0.228047	-0.311817	-0.400542	-0.474153	-0.514921	-0.498254	-0.405018	-0.224522	0.0217281	0.306823	0.580564	0.798304	0.927614	0.952919	0.874208	0.715122	0.500273	0.256151	0.0198584	-0.17523	-0.306672	-0.368402	-0.367669	-0.307904	-0.214055	-0.121362	-0.0583231	-0.0209169	-0.0126106	-0.0255597	-0.032223	-0.036063	-0.0392273	-0.0476145	-0.0419224	-0.027469	-0.0176626	-0.00939876	-0.0158717	-0.0336148	-0.0403052	-0.0230484	-0.00333702	-0.00766469	-0.0319713	-0.0409475	-0.0240064	-0.0111696	-0.0118635	-0.0201196	-0.0327569	-0.0427372	-0.0405233	-0.0263626	-0.0160402	-0.00329625	0.0316933	0.0739418	0.101278	0.117057	0.121565	0.112436	0.109704	0.129622	0.161968	0.190136	0.203176	0.194854	0.16391	0.116139	0.0669705	0.028931	0	
0	0.00068045	2.08728e-05	0.00083885	0.000589322	-0.00040131	0.000276614	-0.000838763	-0.000965713	-0.00038874	-0.000156413	-0.000788024	0.0022236	-0.00108796	0.000674613	-0.000427052	-0.00415559	-0.00169998	-0.0045089	-0.00523777	-0.00590541	-0.0117759	-0.0258297	-0.0416519	-0.0717681	-0.107922	-0.164871	-0.240092	-0.326478	-0.414306	-0.49317	-0.536751	-0.517037	-0.422467	-0.243148	0.00386851	0.292489	0.570045	0.801476	0.942855	0.984549	0.920847	0.771251	0.554014	0.30352	0.0600054	-0.144633	-0.284748	-0.359274	-0.370234	-0.325345	-0.243265	-0.153019	-0.083046	-0.0391493	-0.0248598	-0.0281952	-0.0258278	-0.0281832	-0.0385212	-0.0545939	-0.0525668	-0.0352662	-0.0182704	-0.00803317	-0.0160669	-0.033991	-0.0404418	-0.024509	-0.00619291	-0.0111065	-0.0357624	-0.0423878	-0.0271212	-0.0128731	-0.00725709	-0.0221024	-0.041262	-0.0493972	-0.0453894	-0.0243195	-0.00739453	0.00480518	0.0318567	0.0623712	0.0846395	0.0988726	0.10157	0.0993504	0.113665	0.151375	0.194969	0.23185	0.255245	0.254714	0.229548	0.184041	0.123002	0.0589092	0	
0	-0.000669071	-0.00235822	-0.00164942	-0.00262127	-0.00189995	-0.000736084	-0.000695439	-4.44738e-05	0.00158304	-0.00146175	0.000277154	-0.000794128	-0.00413797	0.000293266	-0.00164963	-0.00169998	0.00308637	-0.00273772	-0.00343935	-0.00832831	-0.0175478	-0.0260295	-0.0407309	-0.0730557	-0.112154	-0.173783	-0.250269	-0.336452	-0.428882	-0.509837	-0.551142	-0.531317	-0.440354	-0.261521	-0.0108285	0.275432	0.556223	0.797158	0.951759	1.00887	0.963762	0.825421	0.608762	0.356865	0.104643	-0.106535	-0.258754	-0.342854	-0.367777	-0.340029	-0.272579	-0.187894	-0.112021	-0.0639479	-0.042725	-0.0331273	-0.0213168	-0.0203097	-0.0341231	-0.0576415	-0.0583992	-0.0414818	-0.0200213	-0.00762902	-0.0184555	-0.0346749	-0.0416189	-0.0296041	-0.0131616	-0.0166533	-0.0347784	-0.0378849	-0.025789	-0.012134	-0.00940261	-0.030941	-0.0514413	-0.0578081	-0.0454884	-0.0133168	0.00363852	0.00758027	0.0228967	0.0455808	0.0680031	0.0787008	0.0786392	0.0887221	0.12315	0.175567	0.229684	0.279407	0.314088	0.31938	0.299428	0.254987	0.18181	0.0923225	0	
0	0.00145972	0.00122398	0.00319024	0.0012453	0.00264633	-0.000571757	-0.000176329	-0.0020208	-0.00391797	-0.00179143	-0.00417266	-0.00164367	-0.00172298	-0.00129622	-0.00245952	-0.0045089	-0.00273772	-0.0108777	-0.00568967	-0.0099185	-0.0174983	-0.0269867	-0.0465414	-0.0794808	-0.120637	-0.181922	-0.258693	-0.34865	-0.44414	-0.523971	-0.566343	-0.548257	-0.457633	-0.277548	-0.0298816	0.252732	0.535476	0.784846	0.947881	1.02287	0.99703	0.87178	0.660915	0.40926	0.152936	-0.0673943	-0.227675	-0.321962	-0.359501	-0.349009	-0.299383	-0.218184	-0.142315	-0.089405	-0.0602908	-0.0376386	-0.016148	-0.0132775	-0.0300139	-0.0586354	-0.0669643	-0.0525375	-0.0274651	-0.0148488	-0.0194385	-0.0313478	-0.0381672	-0.0272775	-0.0190508	-0.022375	-0.0340627	-0.0385714	-0.028416	-0.0154178	-0.0149728	-0.0353991	-0.0546748	-0.0607307	-0.0437873	-0.00905668	0.0072875	0.00941841	0.0155779	0.0279636	0.0454492	0.0532863	0.0568774	0.0814415	0.135522	0.20463	0.27108	0.331814	0.374829	0.387556	0.375161	0.328608	0.240428	0.126368	0	
0	0.000150011	-0.00417718	-0.000812662	-0.00428336	-0.00285128	-0.00177563	-0.00221597	-0.00103834	0.000974073	-0.00154496	0.000475359	-0.0011225	-0.00327224	-0.00303783	-0.00363892	-0.00523777	-0.00343935	-0.00568967	-0.00645279	-0.012969	-0.0219072	-0.0296238	-0.0546346	-0.0848998	-0.125768	-0.189659	-0.271456	-0.363576	-0.456986	-0.539741	-0.581989	-0.564576	-0.471912	-0.296629	-0.0499081	0.226694	0.513742	0.763241	0.938129	1.02912	1.0253	0.914026	0.714788	0.468115	0.207875	-0.0184985	-0.187971	-0.291149	-0.341967	-0.35288	-0.3192	-0.250013	-0.176276	-0.124049	-0.0861468	-0.0485698	-0.0207831	-0.0112659	-0.0267695	-0.056124	-0.0687874	-0.0581985	-0.033677	-0.0178687	-0.018702	-0.0282474	-0.0349822	-0.0342236	-0.0303927	-0.0301458	-0.03654	-0.0322578	-0.0225777	-0.0173128	-0.0212602	-0.043749	-0.0638234	-0.0642746	-0.0377552	-0.00227245	0.00990668	0.00978302	0.00592459	0.00252486	0.0144736	0.0290294	0.0410219	0.0769342	0.151409	0.239864	0.317306	0.386805	0.438942	0.461168	0.454136	0.400782	0.297434	0.161115	0	
0	-0.000141153	-0.000307154	-8.15565e-05	-0.00162274	-0.00035101	-0.00305124	-0.00221026	-0.00427885	-0.00445899	-0.00614393	-0.00572662	-0.00695166	-0.0072905	-0.0053406	-0.0084892	-0.00590541	-0.00832831	-0.0099185	-0.012969	-0.0163106	-0.025325	-0.0370096	-0.0587086	-0.0860191	-0.13462	-0.202808	-0.281167	-0.373865	-0.471208	-0.554133	-0.594213	-0.578409	-0.48811	-0.313563	-0.0707371	0.200382	0.48593	0.73487	0.918931	1.02542	1.04137	0.946224	0.763658	0.523034	0.262473	0.0300902	-0.146522	-0.258339	-0.323551	-0.352882	-0.336339	-0.279297	-0.212582	-0.161559	-0.110545	-0.0610927	-0.0245763	-0.00919075	-0.0213155	-0.0485053	-0.0694295	-0.0663071	-0.0458736	-0.0292526	-0.021608	-0.0250374	-0.0338977	-0.0360416	-0.035382	-0.0360809	-0.0348279	-0.028552	-0.0219391	-0.0214041	-0.0331545	-0.0540987	-0.0672985	-0.0601231	-0.0296847	0.000522778	0.0106796	0.00583237	-0.0137277	-0.0262311	-0.0129293	0.00449787	0.0246773	0.0787504	0.174118	0.278139	0.36783	0.447608	0.507052	0.536704	0.532659	0.470969	0.352484	0.194256	0	
0	-0.00186829	0.00101559	-0.00341539	-0.00185325	-0.00219814	-0.0063785	-0.00297631	-0.00780565	-0.00740771	-0.00712657	-0.0106881	-0.00782254	-0.011773	-0.00906395	-0.0142283	-0.0117759	-0.0175478	-0.0174983	-0.0219072	-0.025325	-0.0330773	-0.0447183	-0.067384	-0.101922	-0.152556	-0.21394	-0.295894	-0.392418	-0.490464	-0.570234	-0.615625	-0.597346	-0.506996	-0.332678	-0.100503	0.169279	0.450158	0.697692	0.888179	1.00967	1.04446	0.968323	0.807165	0.575229	0.319201	0.0833253	-0.0986668	-0.218411	-0.299038	-0.343576	-0.345423	-0.303545	-0.250103	-0.202024	-0.139035	-0.0813452	-0.0363704	-0.0150615	-0.0195721	-0.0419916	-0.0686257	-0.0725007	-0.0586143	-0.0388198	-0.0217152	-0.0214923	-0.0324804	-0.0389009	-0.0413332	-0.0409471	-0.0374195	-0.02821	-0.0190296	-0.0266698	-0.0455273	-0.0622627	-0.0685729	-0.0526567	-0.0209493	0.00167976	0.00399503	-0.0091175	-0.031428	-0.0491281	-0.0477668	-0.0251167	0.0170953	0.0887361	0.199291	0.322397	0.426123	0.51083	0.575987	0.61419	0.610307	0.537947	0.403173	0.222546	0	
0	-0.00301756	-0.00133975	-0.00825813	-0.00409823	-0.0103557	-0.00927768	-0.00926426	-0.0133944	-0.0106674	-0.0126846	-0.016585	-0.0137176	-0.0201359	-0.0215199	-0.0218466	-0.0258297	-0.0260295	-0.0269867	-0.0296238	-0.0370096	-0.0447183	-0.0638229	-0.0835653	-0.11872	-0.16457	-0.231077	-0.317113	-0.416281	-0.511817	-0.593328	-0.636021	-0.617932	-0.529415	-0.359988	-0.131801	0.136348	0.406478	0.652504	0.847126	0.984156	1.03123	0.981224	0.839911	0.622803	0.373911	0.137058	-0.0466157	-0.178702	-0.269923	-0.331087	-0.349053	-0.325909	-0.291557	-0.243684	-0.17483	-0.108595	-0.054782	-0.0271275	-0.0183502	-0.0357891	-0.0649808	-0.0750337	-0.0716465	-0.0478011	-0.0229095	-0.0225202	-0.0341017	-0.0436571	-0.0462794	-0.0437642	-0.0422689	-0.0293246	-0.0158636	-0.0307193	-0.0546817	-0.0698161	-0.0703943	-0.0463689	-0.0159626	0.000240565	-0.00287132	-0.0228341	-0.052855	-0.0826925	-0.0861215	-0.0480133	0.0164946	0.106486	0.232911	0.369821	0.48493	0.57856	0.651128	0.691281	0.681295	0.599638	0.449423	0.245383	0	
0	-0.00218487	-0.00555237	-0.0073805	-0.00935854	-0.0134649	-0.013553	-0.018618	-0.0210876	-0.0230293	-0.0292953	-0.0295	-0.0330437	-0.0357533	-0.0357097	-0.0363979	-0.0416519	-0.0407309	-0.0465414	-0.0546346	-0.0587086	-0.067384	-0.0835653	-0.102838	-0.139594	-0.191328	-0.2612	-0.347541	-0.442534	-0.537806	-0.621932	-0.666275	-0.648778	-0.557222	-0.392229	-0.167595	0.0917316	0.354824	0.596878	0.796872	0.939509	1.0026	0.977962	0.857982	0.659349	0.419931	0.189563	0.000820907	-0.139323	-0.242694	-0.316272	-0.349242	-0.349342	-0.331632	-0.287534	-0.215914	-0.141189	-0.0807355	-0.0413442	-0.0202048	-0.0331626	-0.0585906	-0.0799746	-0.0847745	-0.0578268	-0.0328882	-0.0273492	-0.0403534	-0.049107	-0.04222	-0.0424744	-0.0451698	-0.0303445	-0.019934	-0.0391261	-0.0657898	-0.0796896	-0.0681709	-0.0340655	-0.007966	-0.00160706	-0.0168975	-0.048917	-0.0846296	-0.11542	-0.113987	-0.0636935	0.0188555	0.128639	0.270879	0.422924	0.551661	0.650976	0.725512	0.764184	0.746852	0.655754	0.488575	0.261488	0	
0	-0.0034986	-0.00928208	-0.01159	-0.0181917	-0.0217321	-0.0267558	-0.0320117	-0.0355676	-0.0399662	-0.0440632	-0.0469314	-0.0513509	-0.0555068	-0.0601335	-0.0645021	-0.0717681	-0.0730557	-0.0794808	-0.0848998	-0.0860191	-0.101922	-0.11872	-0.139594	-0.182477	-0.233323	-0.299021	-0.384126	-0.485009	-0.583738	-0.667742	-0.707925	-0.688933	-0.598798	-0.441029	-0.218036	0.0347372	0.289716	0.526378	0.727729	0.874098	0.954675	0.953155	0.856278	0.679056	0.457273	0.235431	0.0458964	-0.101996	-0.213565	-0.297576	-0.345517	-0.369805	-0.368021	-0.332983	-0.263734	-0.185206	-0.117982	-0.0648285	-0.035816	-0.037996	-0.0594521	-0.0863952	-0.0925271	-0.0686239	-0.0403374	-0.0338866	-0.0490889	-0.0499888	-0.0401918	-0.0442706	-0.0517626	-0.0415775	-0.0292337	-0.0439233	-0.0692182	-0.0803438	-0.0613237	-0.0270028	-0.0109157	-0.011743	-0.0346161	-0.0770353	-0.11531	-0.143336	-0.1409	-0.0821495	0.0256493	0.163627	0.321277	0.481249	0.616933	0.723299	0.803042	0.835494	0.803899	0.70151	0.519195	0.272826	0	
0	-0.0084707	-0.01534	-0.0239938	-0.0312675	-0.0373053	-0.0462742	-0.0505984	-0.0590465	-0.0649419	-0.0716483	-0.0787909	-0.0852835	-0.0922695	-0.0969743	-0.104289	-0.107922	-0.112154	-0.120637	-0.125768	-0.13462	-0.152556	-0.16457	-0.191328	-0.233323	-0.27863	-0.351254	-0.443899	-0.542482	-0.638183	-0.721012	-0.762321	-0.743564	-0.657185	-0.499462	-0.277905	-0.0343228	0.210223	0.443923	0.643153	0.791525	0.887437	0.906067	0.832787	0.680538	0.479944	0.270062	0.0806211	-0.0713933	-0.191681	-0.28311	-0.349221	-0.393919	-0.407538	-0.386131	-0.322289	-0.243568	-0.16363	-0.0983086	-0.0590216	-0.0487438	-0.0644814	-0.0896538	-0.0986206	-0.0802397	-0.0557814	-0.0525301	-0.0646228	-0.0555527	-0.0392766	-0.0432898	-0.0550725	-0.0518621	-0.0402738	-0.0495233	-0.0737638	-0.0810131	-0.0559354	-0.026494	-0.0148272	-0.0196211	-0.0564752	-0.10841	-0.150262	-0.180561	-0.165397	-0.0823463	0.0466208	0.201951	0.373437	0.542215	0.686481	0.801964	0.880216	0.897499	0.85097	0.737913	0.5407	0.279456	0	
0	-0.0128368	-0.0221204	-0.0367903	-0.0463763	-0.0579028	-0.0714118	-0.0787866	-0.0938736	-0.101688	-0.112867	-0.12415	-0.130932	-0.141863	-0.149041	-0.156997	-0.164871	-0.173783	-0.181922	-0.189659	-0.202808	-0.21394	-0.231077	-0.2612	-0.299021	-0.351254	-0.429075	-0.515617	-0.612584	-0.712346	-0.794931	-0.836944	-0.818416	-0.731916	-0.572782	-0.358394	-0.125165	0.114195	0.344678	0.535081	0.685513	0.793781	0.830699	0.779577	0.6561	0.479771	0.285563	0.10142	-0.0523229	-0.176735	-0.276574	-0.35886	-0.418729	-0.448186	-0.44253	-0.391662	-0.312561	-0.22124	-0.146604	-0.0968952	-0.0761003	-0.0825389	-0.0995819	-0.108262	-0.0958774	-0.0776741	-0.0777841	-0.0807528	-0.0605222	-0.0404859	-0.0425986	-0.0622792	-0.0691935	-0.056864	-0.060811	-0.0747839	-0.0722478	-0.0513919	-0.0286944	-0.0212178	-0.0391649	-0.0854918	-0.141043	-0.191348	-0.213733	-0.172651	-0.0735956	0.0673438	0.24443	0.434081	0.610992	0.76169	0.879414	0.948929	0.952837	0.892431	0.761526	0.549925	0.283335	0	
0	-0.0172493	-0.0350857	-0.0521385	-0.0698587	-0.0866475	-0.104869	-0.119534	-0.137836	-0.151577	-0.165609	-0.181535	-0.190908	-0.206273	-0.216913	-0.228047	-0.240092	-0.250269	-0.258693	-0.271456	-0.281167	-0.295894	-0.317113	-0.347541	-0.384126	-0.443899	-0.515617	-0.602222	-0.702233	-0.804719	-0.886698	-0.927914	-0.906319	-0.821085	-0.666668	-0.458259	-0.229548	0.00670027	0.224737	0.407449	0.559806	0.678444	0.725519	0.699	0.603735	0.454923	0.278941	0.104795	-0.0461115	-0.173687	-0.282135	-0.378628	-0.448814	-0.494518	-0.508257	-0.474692	-0.395109	-0.296901	-0.213169	-0.153768	-0.122507	-0.113947	-0.118623	-0.122076	-0.11577	-0.10852	-0.10966	-0.102108	-0.0737066	-0.0481479	-0.0489561	-0.0747614	-0.0872104	-0.0775458	-0.0737889	-0.0709538	-0.0625918	-0.0494198	-0.0356303	-0.0391907	-0.0672358	-0.115131	-0.175445	-0.23088	-0.239563	-0.175753	-0.0591011	0.099308	0.295093	0.500242	0.685697	0.837441	0.951531	1.01331	1.00413	0.922516	0.768645	0.549644	0.286923	0	
0	-0.0260805	-0.050641	-0.0772734	-0.0995887	-0.125571	-0.145982	-0.169128	-0.190012	-0.208522	-0.230025	-0.247475	-0.264217	-0.284064	-0.296475	-0.311817	-0.326478	-0.336452	-0.34865	-0.363576	-0.373865	-0.392418	-0.416281	-0.442534	-0.485009	-0.542482	-0.612584	-0.702233	-0.809148	-0.907386	-0.986143	-1.02543	-1.01032	-0.927067	-0.771683	-0.566198	-0.343525	-0.116463	0.0909787	0.268548	0.421868	0.540747	0.597322	0.594869	0.526483	0.405513	0.249977	0.0929726	-0.053852	-0.181458	-0.302305	-0.406818	-0.487539	-0.548499	-0.5868	-0.569669	-0.493971	-0.393118	-0.301287	-0.234207	-0.188044	-0.164568	-0.15037	-0.146098	-0.146355	-0.148496	-0.150564	-0.132757	-0.0979806	-0.0667633	-0.0660222	-0.0924254	-0.106222	-0.101184	-0.0874849	-0.0680713	-0.0577701	-0.052581	-0.0500735	-0.0659744	-0.0992462	-0.147978	-0.212784	-0.265693	-0.259419	-0.175759	-0.0343081	0.146544	0.353727	0.56619	0.75934	0.915643	1.02559	1.07147	1.04108	0.938535	0.767179	0.542529	0.284034	0	
0	-0.033694	-0.0644437	-0.0996847	-0.12833	-0.162189	-0.190433	-0.220522	-0.248663	-0.274172	-0.301181	-0.321906	-0.346284	-0.364111	-0.382628	-0.400542	-0.414306	-0.428882	-0.44414	-0.456986	-0.471208	-0.490464	-0.511817	-0.537806	-0.583738	-0.638183	-0.712346	-0.804719	-0.907386	-1.00017	-1.08418	-1.12902	-1.11351	-1.02403	-0.873069	-0.676802	-0.458792	-0.238265	-0.0409068	0.129287	0.277213	0.391152	0.457718	0.472626	0.427761	0.331033	0.201755	0.0627323	-0.0745893	-0.204584	-0.334164	-0.44446	-0.53338	-0.611441	-0.672713	-0.670851	-0.604844	-0.505625	-0.412277	-0.33481	-0.277714	-0.236725	-0.203542	-0.191515	-0.192295	-0.202299	-0.200059	-0.175532	-0.134885	-0.0985584	-0.0968192	-0.116604	-0.132801	-0.128106	-0.103241	-0.0759077	-0.0591438	-0.0593361	-0.0740892	-0.0994092	-0.135847	-0.189276	-0.25286	-0.293837	-0.271982	-0.165882	0.00526207	0.201865	0.410226	0.63224	0.84157	0.999265	1.09124	1.11479	1.0665	0.945878	0.757949	0.526998	0.273406	0	
0	-0.040343	-0.0780756	-0.118752	-0.156346	-0.192843	-0.231232	-0.26345	-0.298752	-0.3293	-0.358557	-0.386695	-0.411246	-0.434201	-0.456274	-0.474153	-0.49317	-0.509837	-0.523971	-0.539741	-0.554133	-0.570234	-0.593328	-0.621932	-0.667742	-0.721012	-0.794931	-0.886698	-0.986143	-1.08418	-1.17106	-1.21419	-1.19306	-1.10958	-0.967506	-0.773566	-0.55538	-0.347422	-0.161154	0.0015014	0.140904	0.248125	0.321087	0.346578	0.321005	0.248271	0.147204	0.0282071	-0.0966599	-0.228793	-0.363365	-0.478985	-0.578651	-0.676139	-0.758227	-0.773588	-0.72442	-0.636596	-0.544671	-0.459777	-0.391255	-0.332333	-0.283226	-0.258716	-0.256925	-0.265394	-0.258908	-0.233647	-0.188862	-0.151867	-0.144567	-0.157074	-0.168617	-0.155365	-0.12691	-0.0918702	-0.07081	-0.0815236	-0.10543	-0.139303	-0.184436	-0.238064	-0.290656	-0.31199	-0.272308	-0.147281	0.0474092	0.259149	0.476034	0.709377	0.923689	1.07135	1.14686	1.15419	1.08307	0.937266	0.738058	0.507814	0.259904	0	
0	-0.0431884	-0.0873232	-0.129024	-0.172009	-0.211516	-0.252702	-0.287696	-0.32579	-0.357891	-0.388178	-0.420662	-0.444165	-0.472196	-0.495906	-0.514921	-0.536751	-0.551142	-0.566343	-0.581989	-0.594213	-0.615625	-0.636021	-0.666275	-0.707925	-0.762321	-0.836944	-0.927914	-1.02543	-1.12902	-1.21419	-1.25347	-1.23711	-1.1622	-1.02109	-0.824309	-0.617408	-0.422317	-0.242794	-0.0869186	0.036352	0.136807	0.20925	0.240056	0.227173	0.176706	0.100845	0.00299973	-0.109307	-0.241541	-0.377863	-0.501434	-0.615247	-0.733666	-0.831639	-0.86855	-0.842381	-0.774619	-0.688545	-0.599436	-0.521419	-0.4479	-0.387155	-0.350588	-0.339663	-0.33854	-0.330719	-0.308444	-0.265296	-0.228336	-0.213104	-0.217382	-0.215089	-0.189014	-0.156805	-0.120776	-0.103814	-0.118278	-0.149739	-0.193518	-0.238976	-0.288341	-0.327211	-0.325329	-0.264335	-0.117665	0.0949148	0.319771	0.550857	0.788775	0.995877	1.13662	1.20186	1.18409	1.07973	0.91538	0.716593	0.48617	0.24007	0	
0	-0.0421387	-0.0824299	-0.124246	-0.162638	-0.201557	-0.23842	-0.273586	-0.309316	-0.340579	-0.374081	-0.40339	-0.429214	-0.458155	-0.476282	-0.498254	-0.517037	-0.531317	-0.548257	-0.564576	-0.578409	-0.597346	-0.617932	-0.648778	-0.688933	-0.743564	-0.818416	-0.906319	-1.01032	-1.11351	-1.19306	-1.23711	-1.22994	-1.15464	-1.01124	-0.823649	-0.629491	-0.438703	-0.26349	-0.123822	-0.0171239	0.0773834	0.143277	0.172753	0.166415	0.135326	0.079848	0.00383649	-0.0971337	-0.223665	-0.360901	-0.494415	-0.627875	-0.762792	-0.877449	-0.937458	-0.942419	-0.900257	-0.825207	-0.739909	-0.653829	-0.575676	-0.508541	-0.462871	-0.438417	-0.423272	-0.416906	-0.401495	-0.36471	-0.32444	-0.301874	-0.295188	-0.272258	-0.234067	-0.199498	-0.171009	-0.164026	-0.178081	-0.209706	-0.254746	-0.300603	-0.345038	-0.36326	-0.333815	-0.245386	-0.0796765	0.141451	0.38402	0.63185	0.864586	1.06285	1.1987	1.24433	1.19448	1.06517	0.890698	0.689413	0.458205	0.219719	0	
0	-0.0295251	-0.0569179	-0.0889419	-0.115808	-0.148474	-0.177205	-0.207103	-0.237597	-0.263875	-0.292283	-0.316232	-0.340747	-0.362789	-0.383744	-0.405018	-0.422467	-0.440354	-0.457633	-0.471912	-0.48811	-0.506996	-0.529415	-0.557222	-0.598798	-0.657185	-0.731916	-0.821085	-0.927067	-1.02403	-1.10958	-1.1622	-1.15464	-1.07764	-0.943787	-0.765274	-0.574728	-0.386291	-0.223925	-0.101595	-0.00394099	0.0814027	0.134929	0.156989	0.156473	0.138329	0.101152	0.0446143	-0.0413498	-0.155499	-0.291579	-0.437546	-0.589379	-0.738963	-0.870446	-0.960007	-1.0011	-0.989436	-0.938086	-0.862517	-0.781036	-0.705708	-0.638163	-0.586544	-0.541313	-0.512143	-0.506605	-0.501208	-0.474308	-0.435075	-0.409384	-0.390992	-0.352266	-0.298176	-0.259678	-0.245939	-0.246265	-0.25917	-0.289792	-0.330719	-0.372802	-0.404126	-0.399825	-0.34303	-0.221286	-0.035196	0.194397	0.449719	0.704392	0.936306	1.13054	1.24791	1.26498	1.19268	1.04786	0.859216	0.650186	0.428285	0.208314	0	
0	-0.0122815	-0.022816	-0.0362372	-0.0475737	-0.0601673	-0.0738587	-0.0864142	-0.101867	-0.116192	-0.133329	-0.1502	-0.168073	-0.187532	-0.205449	-0.224522	-0.243148	-0.261521	-0.277548	-0.296629	-0.313563	-0.332678	-0.359988	-0.392229	-0.441029	-0.499462	-0.572782	-0.666668	-0.771683	-0.873069	-0.967506	-1.02109	-1.01124	-0.943787	-0.815895	-0.641093	-0.452677	-0.272194	-0.12051	-0.00777712	0.0834431	0.154851	0.193612	0.209889	0.211887	0.20098	0.177878	0.138514	0.0726608	-0.0262084	-0.16094	-0.320301	-0.487787	-0.650601	-0.805136	-0.92631	-1.00365	-1.02572	-1.00261	-0.946392	-0.876955	-0.810722	-0.749426	-0.691038	-0.630974	-0.594126	-0.592325	-0.60272	-0.589184	-0.555153	-0.528174	-0.499553	-0.444695	-0.377779	-0.34161	-0.339245	-0.35244	-0.371041	-0.391785	-0.424316	-0.458404	-0.468466	-0.436791	-0.346856	-0.194925	0.0070461	0.247339	0.50855	0.768096	1.00775	1.19016	1.27623	1.26882	1.18048	1.0212	0.821506	0.608518	0.398887	0.199137	0	
0	0.0148042	0.0293775	0.0423411	0.054901	0.0647428	0.0721136	0.0788393	0.0795267	0.0802286	0.077095	0.0689669	0.0618066	0.0491441	0.0350347	0.0217281	0.00386851	-0.0108285	-0.0298816	-0.0499081	-0.0707371	-0.100503	-0.131801	-0.167595	-0.218036	-0.277905	-0.358394	-0.458259	-0.566198	-0.676802	-0.773566	-0.824309	-0.823649	-0.765274	-0.641093	-0.469577	-0.285573	-0.110256	0.0329854	0.139769	0.22303	0.278622	0.305651	0.315696	0.315919	0.306317	0.294018	0.272983	0.231621	0.151981	0.0217969	-0.142477	-0.315033	-0.491119	-0.667552	-0.818722	-0.926033	-0.981989	-0.993935	-0.966037	-0.92183	-0.873692	-0.822535	-0.762704	-0.697032	-0.658616	-0.663311	-0.686321	-0.685824	-0.663559	-0.637887	-0.603734	-0.543598	-0.473816	-0.442714	-0.453608	-0.482088	-0.505153	-0.520239	-0.54026	-0.548881	-0.530303	-0.472126	-0.356232	-0.183006	0.0417913	0.298979	0.562491	0.826596	1.06622	1.22647	1.28649	1.26031	1.15354	0.983398	0.781915	0.569845	0.370001	0.187048	0	
0	0.0434813	0.0866589	0.127409	0.166048	0.201627	0.232514	0.260208	0.281279	0.299904	0.310758	0.318938	0.323301	0.319704	0.317625	0.306823	0.292489	0.275432	0.252732	0.226694	0.200382	0.169279	0.136348	0.0917316	0.0347372	-0.0343228	-0.125165	-0.229548	-0.343525	-0.458792	-0.55538	-0.617408	-0.629491	-0.574728	-0.452677	-0.285573	-0.104519	0.0643399	0.20286	0.309892	0.384328	0.428182	0.447236	0.454144	0.448313	0.4397	0.43783	0.438164	0.424733	0.366072	0.248794	0.0932901	-0.0776999	-0.265567	-0.465208	-0.638402	-0.771184	-0.860459	-0.908213	-0.918687	-0.905877	-0.880356	-0.839439	-0.781005	-0.72029	-0.687662	-0.698026	-0.729629	-0.743543	-0.735521	-0.71864	-0.689852	-0.635991	-0.580119	-0.562076	-0.582441	-0.622249	-0.651274	-0.661315	-0.662328	-0.64598	-0.603543	-0.515934	-0.373384	-0.179969	0.0680812	0.342918	0.611019	0.868861	1.0934	1.2393	1.2843	1.23524	1.1106	0.936411	0.738677	0.535377	0.345029	0.171582	0	
0	0.0660431	0.132699	0.194493	0.257012	0.313051	0.366248	0.415959	0.457734	0.49722	0.528832	0.553437	0.572565	0.58195	0.585127	0.580564	0.570045	0.556223	0.535476	0.513742	0.48593	0.450158	0.406478	0.354824	0.289716	0.210223	0.114195	0.00670027	-0.116463	-0.238265	-0.347422	-0.422317	-0.438703	-0.386291	-0.272194	-0.110256	0.0643399	0.229217	0.372741	0.478497	0.542611	0.579129	0.598026	0.597938	0.584711	0.576371	0.584944	0.60681	0.61787	0.583752	0.490128	0.356615	0.193727	-0.00498749	-0.218177	-0.405277	-0.556569	-0.672372	-0.755785	-0.80383	-0.826106	-0.822168	-0.787575	-0.73683	-0.687871	-0.665307	-0.681714	-0.717912	-0.745046	-0.757056	-0.756384	-0.742579	-0.710462	-0.676672	-0.673531	-0.703912	-0.751569	-0.792121	-0.80931	-0.797295	-0.753231	-0.676587	-0.557103	-0.394346	-0.184541	0.0795065	0.366432	0.639548	0.88696	1.09543	1.23069	1.25802	1.18758	1.05361	0.879937	0.693722	0.508635	0.322429	0.149579	0	
0	0.0783571	0.156586	0.233316	0.308856	0.381763	0.451315	0.517068	0.575994	0.631169	0.675834	0.715883	0.747786	0.770023	0.789471	0.798304	0.801476	0.797158	0.784846	0.763241	0.73487	0.697692	0.652504	0.596878	0.526378	0.443923	0.344678	0.224737	0.0909787	-0.0409068	-0.161154	-0.242794	-0.26349	-0.223925	-0.12051	0.0329854	0.20286	0.372741	0.518376	0.614402	0.671616	0.712967	0.728277	0.717197	0.69712	0.690538	0.707892	0.744589	0.777881	0.771432	0.713892	0.611389	0.460234	0.26177	0.0460574	-0.14377	-0.305857	-0.440825	-0.550442	-0.633119	-0.686866	-0.700415	-0.676132	-0.638577	-0.607386	-0.599277	-0.617852	-0.653642	-0.687459	-0.71039	-0.727133	-0.737642	-0.735211	-0.736613	-0.762397	-0.807376	-0.866744	-0.920888	-0.941131	-0.915029	-0.844437	-0.739414	-0.598393	-0.418788	-0.199189	0.0675669	0.364653	0.647795	0.885179	1.0721	1.18598	1.19479	1.11728	0.986814	0.821186	0.648259	0.476402	0.29865	0.135423	0	
0	0.0825255	0.16525	0.24512	0.324725	0.400706	0.473433	0.544482	0.609188	0.671932	0.72992	0.781285	0.829913	0.869163	0.90287	0.927614	0.942855	0.951759	0.947881	0.938129	0.918931	0.888179	0.847126	0.796872	0.727729	0.643153	0.535081	0.407449	0.268548	0.129287	0.0015014	-0.0869186	-0.123822	-0.101595	-0.00777712	0.139769	0.309892	0.478497	0.614402	0.702781	0.769062	0.81123	0.81527	0.794267	0.774029	0.768028	0.787379	0.834479	0.887015	0.915286	0.900199	0.831534	0.700735	0.514263	0.309909	0.12141	-0.047972	-0.195333	-0.326948	-0.437063	-0.516883	-0.547705	-0.536271	-0.514091	-0.4967	-0.492494	-0.50625	-0.53342	-0.560936	-0.590848	-0.629035	-0.673431	-0.714383	-0.756263	-0.811092	-0.873709	-0.941274	-0.999822	-1.0246	-0.995368	-0.908741	-0.785885	-0.633491	-0.445588	-0.219898	0.0501435	0.348446	0.628242	0.853138	1.0137	1.09794	1.09765	1.03046	0.912146	0.758191	0.59373	0.430416	0.278201	0.139831	0	
