0.000000000000000000e+00 0.000000000000000000e+00 0.000000000000000000e+00 0.000000000000000000e+00 0.000000000000000000e+00 0.000000000000000000e+00 0.000000000000000000e+00 0.000000000000000000e+00 0.000000000000000000e+00 0.000000000000000000e+00 0.000000000000000000e+00 0.000000000000000000e+00 0.000000000000000000e+00 0.000000000000000000e+00 0.000000000000000000e+00 0.000000000000000000e+00 0.000000000000000000e+00 0.000000000000000000e+00 0.000000000000000000e+00 0.000000000000000000e+00 0.000000000000000000e+00 0.000000000000000000e+00 0.000000000000000000e+00 0.000000000000000000e+00 0.000000000000000000e+00 0.000000000000000000e+00 0.000000000000000000e+00 0.000000000000000000e+00 0.000000000000000000e+00 0.000000000000000000e+00 0.000000000000000000e+00 0.000000000000000000e+00 0.000000000000000000e+00 0.000000000000000000e+00 0.000000000000000000e+00 0.000000000000000000e+00 0.000000000000000000e+00 0.000000000000000000e+00 0.000000000000000000e+00 0.000000000000000000e+00 0.000000000000000000e+00 0.000000000000000000e+00 0.000000000000000000e+00 0.000000000000000000e+00 0.000000000000000000e+00 0.000000000000000000e+00 0.000000000000000000e+00 0.000000000000000000e+00 0.000000000000000000e+00 0.000000000000000000e+00 0.000000000000000000e+00 0.000000000000000000e+00 0.000000000000000000e+00 0.000000000000000000e+00 0.000000000000000000e+00 0.000000000000000000e+00 0.000000000000000000e+00 0.000000000000000000e+00 0.000000000000000000e+00 0.000000000000000000e+00 0.000000000000000000e+00 0.000000000000000000e+00 0.000000000000000000e+00 0.000000000000000000e+00 0.000000000000000000e+00 0.000000000000000000e+00 0.000000000000000000e+00 0.000000000000000000e+00 0.000000000000000000e+00 0.000000000000000000e+00 0.000000000000000000e+00 0.000000000000000000e+00 0.000000000000000000e+00 0.000000000000000000e+00 0.000000000000000000e+00 0.000000000000000000e+00 0.000000000000000000e+00 0.000000000000000000e+00 0.000000000000000000e+00 0.000000000000000000e+00 0.000000000000000000e+00 0.000000000000000000e+00 0.000000000000000000e+00 0.000000000000000000e+00 0.000000000000000000e+00 0.000000000000000000e+00 0.000000000000000000e+00 0.000000000000000000e+00 0.000000000000000000e+00 0.000000000000000000e+00 0.000000000000000000e+00 0.000000000000000000e+00 0.000000000000000000e+00 0.000000000000000000e+00 0.000000000000000000e+00 0.000000000000000000e+00 0.000000000000000000e+00 0.000000000000000000e+00 0.000000000000000000e+00 0.000000000000000000e+00
0.000000000000000000e+00 5.221489999999999639e-03 -8.606900000000000011e-04 2.334329999999999912e-03 4.828409999999999994e-03 -6.671390000000000133e-03 -1.375120000000000075e-03 1.894120000000000005e-03 -3.570760000000000080e-03 7.069840000000000195e-04 -1.990770000000000213e-03 -2.904209999999999951e-03 2.089269999999999843e-03 2.675240000000000170e-03 -1.308160000000000052e-03 -2.043989999999999869e-03 4.363289999999999703e-03 2.410649999999999859e-03 -2.741519999999999894e-03 1.305720000000000014e-03 2.945029999999999957e-03 -1.422869999999999907e-03 -2.535540000000000189e-03 1.234260000000000045e-03 8.620299999999999577e-04 -1.062220000000000004e-03 -5.803319999999999833e-03 2.799190000000000011e-04 2.856860000000000128e-03 -2.435440000000000087e-03 -7.487579999999999757e-03 -1.868459999999999956e-03 2.781430000000000100e-03 8.312970000000000472e-05 -3.811300000000000104e-03 -8.491780000000000855e-03 -5.057589999999999829e-03 2.904209999999999951e-03 7.155049999999999605e-03 -2.695159999999999830e-03 -1.327419999999999989e-02 -1.368540000000000034e-02 -6.777619999999999825e-03 3.095590000000000060e-03 1.022170000000000023e-02 1.145039999999999947e-02 -4.312479999999999612e-03 -3.043239999999999834e-02 -5.327699999999999797e-02 -6.513990000000000058e-02 -6.292000000000000370e-02 -5.377900000000000041e-02 -2.968849999999999961e-02 9.284380000000000063e-03 5.139069999999999749e-02 9.051019999999999899e-02 1.147930000000000061e-01 1.258150000000000102e-01 1.319680000000000020e-01 1.284569999999999879e-01 1.049120000000000053e-01 7.406110000000000471e-02 2.842870000000000119e-02 -2.469729999999999842e-02 -5.562079999999999802e-02 -7.807020000000000626e-02 -8.969770000000000520e-02 -8.487980000000000524e-02 -7.929819999999999924e-02 -7.382790000000000186e-02 -7.335629999999999928e-02 -8.076709999999999445e-02 -8.919920000000000626e-02 -8.705630000000000313e-02 -6.966079999999999495e-02 -4.526890000000000081e-02 -5.166780000000000157e-03 4.984210000000000029e-02 9.158819999999999462e-02 1.152220000000000050e-01 1.298110000000000097e-01 1.317570000000000130e-01 1.223920000000000008e-01 1.040429999999999966e-01 7.599540000000000461e-02 3.992849999999999872e-02 -3.996930000000000101e-03 -4.299279999999999768e-02 -5.823060000000000042e-02 -5.773409999999999653e-02 -5.729809999999999764e-02 -4.797470000000000206e-02 -2.209090000000000012e-02 4.948199999999999821e-03 1.774790000000000048e-02 1.409649999999999966e-02 -1.742779999999999980e-03 -1.762499999999999831e-02 -1.760149999999999909e-02 0.000000000000000000e+00
0.000000000000000000e+00 -8.606900000000000011e-04 -4.733339999999999943e-03 -2.492569999999999942e-03 1.099029999999999972e-03 -2.839159999999999861e-03 7.033979999999999573e-03 -4.804690000000000241e-04 -2.537429999999999807e-03 4.092270000000000282e-03 7.457189999999999663e-05 1.636340000000000017e-03 -6.077970000000000247e-03 -3.234869999999999743e-05 -3.840749999999999980e-04 -5.760659999999999913e-03 4.857810000000000166e-04 -2.558990000000000136e-03 -8.330799999999999317e-03 1.022530000000000010e-03 -3.882070000000000052e-04 -2.425360000000000103e-03 -7.642030000000000177e-03 2.894170000000000163e-03 3.650820000000000259e-04 -1.491879999999999899e-03 -8.821680000000000146e-03 8.290700000000000023e-04 7.196390000000000425e-03 -4.803319999999999812e-03 -1.048029999999999969e-02 -3.376650000000000137e-03 7.490059999999999774e-03 -8.453589999999999542e-04 -5.294749999999999977e-03 -1.721510000000000054e-02 -7.673789999999999778e-03 2.956030000000000116e-03 1.268419999999999964e-02 -9.647539999999999588e-03 -2.723360000000000017e-02 -3.054700000000000124e-02 -1.602189999999999864e-02 6.979889999999999879e-04 1.640789999999999957e-02 1.431349999999999983e-02 -1.134549999999999968e-02 -6.632639999999999370e-02 -1.036590000000000011e-01 -1.278469999999999884e-01 -1.215490000000000043e-01 -9.832019999999999649e-02 -5.378410000000000135e-02 2.559960000000000013e-02 1.057359999999999967e-01 1.793009999999999882e-01 2.242359999999999909e-01 2.485120000000000107e-01 2.573670000000000124e-01 2.506539999999999879e-01 2.144260000000000055e-01 1.460980000000000056e-01 5.536420000000000230e-02 -4.170429999999999970e-02 -1.139219999999999955e-01 -1.625769999999999993e-01 -1.773939999999999961e-01 -1.646970000000000101e-01 -1.553460000000000119e-01 -1.505660000000000054e-01 -1.508889999999999953e-01 -1.580830000000000013e-01 -1.716840000000000033e-01 -1.741260000000000030e-01 -1.441550000000000054e-01 -8.984549999999999481e-02 -6.470700000000000236e-03 9.718920000000000337e-02 1.777150000000000118e-01 2.285669999999999924e-01 2.594460000000000099e-01 2.624440000000000106e-01 2.433690000000000020e-01 2.077199999999999880e-01 1.527320000000000066e-01 8.047669999999999824e-02 -6.414699999999999742e-03 -8.230189999999999728e-02 -1.135660000000000003e-01 -1.150179999999999952e-01 -1.141449999999999965e-01 -9.492720000000000324e-02 -4.468670000000000281e-02 7.736110000000000035e-03 3.312389999999999779e-02 2.650910000000000072e-02 -3.356969999999999919e-03 -3.274289999999999839e-02 -3.243159999999999793e-02 0.000000000000000000e+00
0.000000000000000000e+00 2.334329999999999912e-03 -2.492569999999999942e-03 1.351479999999999956e-03 1.599979999999999979e-03 -5.344500000000000292e-03 4.192699999999999726e-03 -2.433869999999999870e-03 -5.768249999999999940e-03 2.902449999999999995e-03 -2.390150000000000174e-03 -1.170919999999999990e-03 5.269580000000000054e-04 3.399259999999999868e-03 -1.690000000000000096e-03 -5.652749999999999789e-03 5.478880000000000208e-03 1.670379999999999955e-03 -7.839669999999999972e-03 2.729319999999999923e-03 6.930729999999999964e-04 -3.163870000000000050e-03 -7.602760000000000074e-03 1.953850000000000031e-03 -4.289000000000000169e-04 -4.449950000000000259e-03 -1.174799999999999976e-02 -7.263019999999999589e-04 5.507449999999999672e-03 -8.720610000000000167e-03 -1.555300000000000085e-02 -5.460129999999999671e-03 6.022099999999999849e-03 -3.051250000000000143e-03 -1.059290000000000058e-02 -2.291520000000000015e-02 -1.156360000000000027e-02 4.787210000000000076e-03 1.373659999999999985e-02 -1.328469999999999998e-02 -3.790049999999999669e-02 -3.900119999999999976e-02 -2.002429999999999835e-02 5.442549999999999992e-03 2.477050000000000085e-02 2.109000000000000111e-02 -2.102309999999999943e-02 -9.610219999999999874e-02 -1.550249999999999961e-01 -1.868120000000000058e-01 -1.810390000000000055e-01 -1.462390000000000079e-01 -7.587610000000000188e-02 3.707060000000000216e-02 1.602179999999999993e-01 2.668300000000000116e-01 3.368840000000000168e-01 3.740450000000000164e-01 3.865310000000000135e-01 3.739060000000000161e-01 3.140700000000000158e-01 2.126470000000000027e-01 7.753169999999999507e-02 -6.532839999999999481e-02 -1.703909999999999869e-01 -2.399020000000000041e-01 -2.613949999999999885e-01 -2.462900000000000089e-01 -2.328659999999999897e-01 -2.218970000000000109e-01 -2.217580000000000107e-01 -2.388669999999999960e-01 -2.592670000000000252e-01 -2.554980000000000029e-01 -2.110990000000000089e-01 -1.342329999999999912e-01 -1.294149999999999988e-02 1.385780000000000067e-01 2.610839999999999828e-01 3.398459999999999814e-01 3.845379999999999909e-01 3.895109999999999961e-01 3.633210000000000051e-01 3.115760000000000196e-01 2.301249999999999962e-01 1.218010000000000065e-01 -5.334460000000000070e-03 -1.143249999999999961e-01 -1.634799999999999864e-01 -1.712589999999999946e-01 -1.698169999999999957e-01 -1.398320000000000118e-01 -6.824769999999999448e-02 6.309330000000000147e-03 4.376050000000000079e-02 3.565089999999999926e-02 -4.596779999999999963e-03 -4.312860000000000305e-02 -4.220560000000000284e-02 0.000000000000000000e+00
0.000000000000000000e+00 4.828409999999999994e-03 1.099029999999999972e-03 1.599979999999999979e-03 5.250580000000000351e-03 -5.724660000000000339e-03 -4.711619999999999697e-03 1.318490000000000070e-03 -1.060500000000000028e-03 1.254990000000000099e-03 -3.464280000000000137e-03 -3.446639999999999947e-03 -2.117659999999999942e-03 -1.796120000000000008e-04 -2.607490000000000068e-03 -1.311840000000000098e-03 4.808459999999999969e-04 -1.101449999999999912e-03 -5.845330000000000144e-03 1.153759999999999985e-03 1.330369999999999990e-03 -6.129609999999999746e-03 -3.179860000000000065e-03 -7.400669999999999601e-04 7.658870000000000348e-04 -5.808589999999999760e-03 -9.400139999999999538e-03 1.305669999999999986e-04 3.256750000000000096e-03 -7.967000000000000123e-03 -1.658669999999999936e-02 -2.237380000000000185e-03 2.395249999999999810e-03 -1.040920000000000083e-03 -1.635199999999999848e-02 -2.110149999999999873e-02 -1.471289999999999924e-02 7.942849999999999563e-03 9.984079999999999344e-03 -1.815790000000000112e-02 -4.561060000000000114e-02 -4.720180000000000209e-02 -2.274920000000000067e-02 5.672080000000000351e-03 2.650220000000000006e-02 1.879669999999999952e-02 -4.161709999999999715e-02 -1.285129999999999884e-01 -2.068689999999999973e-01 -2.427340000000000053e-01 -2.329789999999999917e-01 -1.867020000000000068e-01 -8.655319999999999681e-02 5.890689999999999815e-02 2.173259999999999914e-01 3.570599999999999885e-01 4.473300000000000054e-01 4.943520000000000136e-01 5.124090000000000034e-01 4.873359999999999914e-01 4.053570000000000229e-01 2.711640000000000161e-01 9.355769999999999365e-02 -8.779339999999999367e-02 -2.246249999999999913e-01 -3.079169999999999963e-01 -3.386069999999999913e-01 -3.321890000000000120e-01 -3.104680000000000217e-01 -2.912919999999999954e-01 -2.946460000000000190e-01 -3.150279999999999747e-01 -3.364570000000000061e-01 -3.348979999999999735e-01 -2.830150000000000166e-01 -1.769920000000000104e-01 -1.624669999999999934e-02 1.732980000000000076e-01 3.346959999999999935e-01 4.453630000000000089e-01 5.053999999999999604e-01 5.130160000000000275e-01 4.809320000000000261e-01 4.146219999999999906e-01 3.081590000000000162e-01 1.647339999999999915e-01 1.384969999999999908e-03 -1.362319999999999920e-01 -2.060430000000000039e-01 -2.253920000000000090e-01 -2.231049999999999978e-01 -1.817300000000000026e-01 -9.316009999999999569e-02 -1.150860000000000077e-03 4.737190000000000151e-02 4.014360000000000150e-02 -5.059410000000000296e-03 -4.713200000000000028e-02 -4.553360000000000046e-02 0.000000000000000000e+00
0.000000000000000000e+00 -6.671390000000000133e-03 -2.839159999999999861e-03 -5.344500000000000292e-03 -5.724660000000000339e-03 5.469279999999999975e-03 3.716070000000000137e-03 1.445399999999999897e-03 -2.344740000000000051e-04 -3.574449999999999850e-03 1.316450000000000042e-03 1.033620000000000068e-03 -2.316830000000000191e-03 -1.964539999999999863e-03 -3.846150000000000003e-03 -3.795660000000000180e-03 -3.358589999999999839e-03 -5.190990000000000361e-03 -3.550349999999999860e-03 -4.906319999999999605e-03 -2.479530000000000189e-03 -7.133999999999999717e-03 -3.130829999999999811e-03 -4.425120000000000269e-03 -2.819139999999999927e-03 -7.090169999999999806e-03 -7.486500000000000099e-03 -2.535359999999999957e-03 -1.577880000000000038e-03 -9.984190000000000426e-03 -1.384499999999999967e-02 -4.395620000000000256e-03 -1.397239999999999897e-03 -5.806170000000000254e-03 -1.917469999999999938e-02 -2.199939999999999882e-02 -1.553530000000000015e-02 4.289280000000000349e-03 2.740999999999999947e-04 -2.601459999999999884e-02 -5.350900000000000101e-02 -5.280420000000000252e-02 -2.699079999999999882e-02 2.653729999999999978e-03 2.358750000000000083e-02 4.774360000000000062e-03 -6.461480000000000001e-02 -1.639239999999999864e-01 -2.520760000000000223e-01 -2.882649999999999935e-01 -2.779139999999999944e-01 -2.110430000000000084e-01 -8.655709999999999793e-02 8.677559999999999441e-02 2.790819999999999967e-01 4.406809999999999894e-01 5.488229999999999498e-01 6.109569999999999723e-01 6.264509999999999801e-01 5.913890000000000535e-01 4.965879999999999739e-01 3.245640000000000192e-01 1.087130000000000041e-01 -1.043069999999999969e-01 -2.811529999999999863e-01 -3.866049999999999764e-01 -4.190090000000000203e-01 -4.044749999999999734e-01 -3.756019999999999914e-01 -3.607469999999999843e-01 -3.680950000000000055e-01 -3.904340000000000033e-01 -4.129120000000000013e-01 -4.087270000000000070e-01 -3.482549999999999812e-01 -2.175300000000000011e-01 -2.357700000000000073e-02 1.991050000000000042e-01 3.995839999999999947e-01 5.435680000000000511e-01 6.192699999999999871e-01 6.314389999999999725e-01 5.958050000000000290e-01 5.165440000000000031e-01 3.862860000000000182e-01 2.099000000000000032e-01 1.597840000000000024e-02 -1.459509999999999974e-01 -2.398699999999999999e-01 -2.757439999999999891e-01 -2.723189999999999777e-01 -2.197999999999999954e-01 -1.196880000000000027e-01 -1.607549999999999951e-02 4.194180000000000130e-02 3.894220000000000320e-02 -4.279569999999999902e-03 -4.397620000000000001e-02 -4.217800000000000021e-02 0.000000000000000000e+00
0.000000000000000000e+00 -1.375120000000000075e-03 7.033979999999999573e-03 4.192699999999999726e-03 -4.711619999999999697e-03 3.716070000000000137e-03 -6.651250000000000044e-03 -6.755950000000000150e-03 1.955460000000000011e-03 -5.441900000000000383e-03 7.342400000000000445e-04 -1.433419999999999920e-03 -2.259530000000000045e-03 -2.165649999999999867e-03 4.057399999999999744e-04 -3.030499999999999869e-05 -1.430960000000000001e-03 -3.781539999999999901e-03 2.658540000000000035e-03 -5.357490000000000342e-03 -2.951220000000000059e-03 -4.153880000000000419e-03 -2.150389999999999854e-03 -6.164840000000000424e-03 -6.145209999999999909e-03 -6.772760000000000065e-03 -5.443060000000000433e-03 -6.733560000000000413e-03 -8.145140000000000366e-03 -1.132900000000000053e-02 -1.002800000000000046e-02 -8.852240000000000802e-03 -6.790290000000000041e-03 -1.239990000000000016e-02 -1.957849999999999868e-02 -2.083559999999999926e-02 -1.396329999999999967e-02 -1.304980000000000072e-03 -1.067339999999999955e-02 -2.977389999999999898e-02 -5.437709999999999766e-02 -4.851250000000000007e-02 -2.562390000000000154e-02 4.593329999999999635e-03 1.901629999999999987e-02 -1.248220000000000059e-02 -9.062009999999999510e-02 -1.983850000000000058e-01 -2.935289999999999844e-01 -3.306459999999999955e-01 -3.189469999999999805e-01 -2.317619999999999958e-01 -8.269949999999999524e-02 1.169810000000000016e-01 3.410279999999999978e-01 5.245910000000000295e-01 6.556459999999999511e-01 7.301079999999999792e-01 7.414899999999999824e-01 6.921789999999999887e-01 5.687550000000000106e-01 3.602250000000000174e-01 1.119959999999999983e-01 -1.314009999999999900e-01 -3.313960000000000239e-01 -4.448710000000000164e-01 -4.849669999999999814e-01 -4.783529999999999727e-01 -4.495129999999999959e-01 -4.304129999999999900e-01 -4.350729999999999875e-01 -4.600710000000000077e-01 -4.832779999999999854e-01 -4.778149999999999897e-01 -4.108749999999999902e-01 -2.564310000000000200e-01 -3.398059999999999969e-02 2.168080000000000007e-01 4.550669999999999993e-01 6.313699999999999868e-01 7.231379999999999475e-01 7.437160000000000437e-01 7.080300000000000482e-01 6.167540000000000244e-01 4.634159999999999946e-01 2.580839999999999801e-01 4.055260000000000115e-02 -1.424719999999999875e-01 -2.639549999999999952e-01 -3.198920000000000097e-01 -3.154080000000000217e-01 -2.534560000000000146e-01 -1.479479999999999962e-01 -3.932660000000000322e-02 2.604259999999999908e-02 3.145280000000000298e-02 -1.981510000000000129e-03 -3.402410000000000156e-02 -3.310149999999999898e-02 0.000000000000000000e+00
0.000000000000000000e+00 1.894120000000000005e-03 -4.804690000000000241e-04 -2.433869999999999870e-03 1.318490000000000070e-03 1.445399999999999897e-03 -6.755950000000000150e-03 -1.166069999999999954e-03 6.574879999999999960e-03 -5.106150000000000272e-03 -2.872840000000000203e-03 -1.516479999999999955e-03 -3.676480000000000199e-03 -4.755380000000000024e-03 -6.621240000000000459e-04 -8.192740000000000439e-04 -9.956960000000000810e-03 -2.370800000000000164e-03 7.534609999999999745e-04 -7.864789999999999975e-03 -7.182779999999999720e-03 -1.086109999999999940e-03 -3.049270000000000192e-03 -8.080910000000000176e-03 -8.333679999999999560e-03 -4.028119999999999618e-03 -2.811020000000000012e-03 -9.286960000000000354e-03 -1.342400000000000017e-02 -6.856189999999999854e-03 -6.319980000000000216e-03 -9.936719999999999581e-03 -1.373470000000000073e-02 -1.470360000000000070e-02 -1.865380000000000163e-02 -1.626870000000000052e-02 -1.259140000000000086e-02 -1.226789999999999999e-02 -2.229930000000000107e-02 -3.742790000000000006e-02 -5.101359999999999922e-02 -4.739360000000000100e-02 -2.708620000000000125e-02 -1.366749999999999909e-03 -8.676779999999999823e-04 -4.124549999999999744e-02 -1.285179999999999934e-01 -2.360740000000000061e-01 -3.279500000000000193e-01 -3.678270000000000151e-01 -3.408939999999999748e-01 -2.351290000000000047e-01 -6.266599999999999948e-02 1.656040000000000012e-01 4.044209999999999749e-01 6.075660000000000505e-01 7.574650000000000549e-01 8.328729999999999745e-01 8.429269999999999818e-01 7.790690000000000115e-01 6.260860000000000314e-01 3.913880000000000137e-01 1.170140000000000069e-01 -1.566520000000000135e-01 -3.788980000000000126e-01 -5.007740000000000524e-01 -5.502949999999999786e-01 -5.511620000000000408e-01 -5.164009999999999989e-01 -4.919279999999999764e-01 -5.002849999999999797e-01 -5.278310000000000501e-01 -5.494449999999999612e-01 -5.431030000000000024e-01 -4.669909999999999894e-01 -2.908339999999999814e-01 -4.812029999999999780e-02 2.259249999999999869e-01 4.989540000000000086e-01 7.054880000000000040e-01 8.162500000000000311e-01 8.498780000000000223e-01 8.161979999999999791e-01 7.133559999999999901e-01 5.390350000000000419e-01 3.108489999999999864e-01 7.632329999999999670e-02 -1.261879999999999946e-01 -2.772519999999999984e-01 -3.546030000000000015e-01 -3.502330000000000165e-01 -2.824369999999999936e-01 -1.778760000000000063e-01 -7.098659999999999692e-02 -7.671829999999999492e-04 1.759509999999999894e-02 1.548109999999999894e-03 -1.894650000000000153e-02 -2.028289999999999954e-02 0.000000000000000000e+00
0.000000000000000000e+00 -3.570760000000000080e-03 -2.537429999999999807e-03 -5.768249999999999940e-03 -1.060500000000000028e-03 -2.344740000000000051e-04 1.955460000000000011e-03 6.574879999999999960e-03 -3.479110000000000102e-03 -7.217819999999999792e-03 2.209690000000000048e-04 -3.300309999999999984e-04 -2.803299999999999889e-03 -5.104209999999999650e-03 -1.382449999999999912e-03 -5.246599999999999701e-03 -9.883209999999999912e-03 4.033420000000000017e-04 -2.106219999999999794e-03 -1.137600000000000069e-02 -7.025199999999999674e-03 -1.036100000000000058e-04 -5.575150000000000071e-03 -1.146800000000000076e-02 -9.157759999999999165e-03 -3.546670000000000031e-03 -2.661580000000000196e-03 -1.526190000000000012e-02 -1.665149999999999963e-02 -4.619080000000000234e-03 -4.383030000000000433e-03 -1.528900000000000051e-02 -2.052930000000000033e-02 -1.827459999999999848e-02 -1.667820000000000066e-02 -1.254459999999999950e-02 -1.500710000000000065e-02 -2.565600000000000172e-02 -3.613700000000000245e-02 -4.100970000000000310e-02 -4.602459999999999885e-02 -4.260449999999999654e-02 -2.860570000000000127e-02 -1.185100000000000042e-02 -2.646520000000000122e-02 -7.792599999999999527e-02 -1.679950000000000054e-01 -2.702700000000000102e-01 -3.566889999999999783e-01 -3.926870000000000083e-01 -3.509459999999999802e-01 -2.267790000000000084e-01 -2.907730000000000037e-02 2.159880000000000133e-01 4.695110000000000117e-01 6.900479999999999947e-01 8.503380000000000383e-01 9.326680000000000526e-01 9.354409999999999670e-01 8.495880000000000098e-01 6.725649999999999684e-01 4.140619999999999856e-01 1.132380000000000053e-01 -1.810990000000000100e-01 -4.166360000000000063e-01 -5.581920000000000215e-01 -6.194250000000000034e-01 -6.097139999999999782e-01 -5.707029999999999603e-01 -5.564130000000000464e-01 -5.661270000000000469e-01 -5.902129999999999876e-01 -6.126439999999999664e-01 -6.005570000000000075e-01 -5.121280000000000276e-01 -3.256450000000000178e-01 -6.886280000000000179e-02 2.303959999999999897e-01 5.320049999999999502e-01 7.628669999999999618e-01 8.966769999999999463e-01 9.485729999999999995e-01 9.186649999999999539e-01 8.052230000000000221e-01 6.133300000000000418e-01 3.692770000000000219e-01 1.229869999999999991e-01 -9.825770000000000337e-02 -2.781950000000000256e-01 -3.762559999999999794e-01 -3.749529999999999808e-01 -3.067480000000000206e-01 -2.091510000000000036e-01 -1.101609999999999950e-01 -3.758770000000000167e-02 -2.240999999999999936e-03 5.077940000000000405e-03 -1.704149999999999979e-03 -6.329360000000000021e-03 0.000000000000000000e+00
0.000000000000000000e+00 7.069840000000000195e-04 4.092270000000000282e-03 2.902449999999999995e-03 1.254990000000000099e-03 -3.574449999999999850e-03 -5.441900000000000383e-03 -5.106150000000000272e-03 -7.217819999999999792e-03 2.972089999999999932e-04 2.354419999999999864e-03 -2.797739999999999949e-03 -2.580250000000000078e-03 -4.527119999999999929e-03 -4.506479999999999991e-04 1.937370000000000053e-04 -6.216720000000000232e-03 -8.316289999999999620e-04 -4.253540000000000099e-03 -9.230860000000000454e-03 -4.031859999999999958e-03 -3.525270000000000053e-03 -8.106139999999999526e-03 -1.271579999999999933e-02 -9.478920000000000054e-03 -4.705400000000000207e-03 -6.694610000000000144e-03 -2.035090000000000163e-02 -1.878159999999999899e-02 -3.803509999999999964e-03 -7.417039999999999744e-03 -2.206440000000000137e-02 -2.788349999999999856e-02 -2.103450000000000111e-02 -1.567959999999999840e-02 -1.079289999999999937e-02 -2.239789999999999837e-02 -4.034530000000000061e-02 -4.830589999999999884e-02 -4.109580000000000177e-02 -3.741529999999999856e-02 -3.644809999999999717e-02 -2.883669999999999983e-02 -2.757470000000000060e-02 -5.661870000000000097e-02 -1.184619999999999979e-01 -2.072330000000000005e-01 -2.980949999999999989e-01 -3.790569999999999773e-01 -4.045889999999999764e-01 -3.491090000000000027e-01 -2.064580000000000026e-01 1.253809999999999994e-02 2.690850000000000186e-01 5.334889999999999910e-01 7.701270000000000060e-01 9.404000000000000137e-01 1.026759999999999895e+00 1.022189999999999932e+00 9.092550000000000354e-01 7.044989999999999863e-01 4.230990000000000029e-01 9.548289999999999556e-02 -2.112169999999999881e-01 -4.518400000000000194e-01 -6.035009999999999541e-01 -6.650789999999999758e-01 -6.613109999999999822e-01 -6.373090000000000144e-01 -6.226369999999999960e-01 -6.242959999999999621e-01 -6.466699999999999671e-01 -6.671219999999999928e-01 -6.494550000000000045e-01 -5.556990000000000540e-01 -3.609260000000000246e-01 -8.730380000000000085e-02 2.308540000000000036e-01 5.491770000000000262e-01 8.029340000000000366e-01 9.650339999999999474e-01 1.037390000000000034e+00 1.012780000000000014e+00 8.915830000000000144e-01 6.870270000000000543e-01 4.337630000000000097e-01 1.788780000000000092e-01 -6.006820000000000215e-02 -2.647610000000000241e-01 -3.814710000000000045e-01 -3.882180000000000075e-01 -3.264610000000000012e-01 -2.411020000000000107e-01 -1.548400000000000054e-01 -8.201730000000000131e-02 -2.736629999999999965e-02 6.210369999999999779e-03 1.372740000000000071e-02 6.022539999999999838e-03 0.000000000000000000e+00
0.000000000000000000e+00 -1.990770000000000213e-03 7.457189999999999663e-05 -2.390150000000000174e-03 -3.464280000000000137e-03 1.316450000000000042e-03 7.342400000000000445e-04 -2.872840000000000203e-03 2.209690000000000048e-04 2.354419999999999864e-03 -6.404280000000000042e-03 -9.107709999999999764e-03 -2.729300000000000042e-03 -1.279030000000000011e-03 -4.814269999999999834e-03 -6.505089999999999831e-03 -7.756680000000000172e-03 -2.236339999999999856e-03 -6.461650000000000206e-03 -7.123299999999999944e-03 -5.542659999999999601e-03 -5.109360000000000290e-03 -8.514060000000000378e-03 -9.625430000000000791e-03 -8.672859999999999250e-03 -3.934929999999999678e-03 -9.591920000000000307e-03 -1.891970000000000110e-02 -1.535809999999999953e-02 -1.644140000000000098e-03 -9.788629999999999554e-03 -2.451060000000000044e-02 -2.883780000000000024e-02 -1.920109999999999872e-02 -1.062659999999999993e-02 -1.057250000000000030e-02 -2.905589999999999909e-02 -5.362800000000000206e-02 -5.353900000000000325e-02 -3.881040000000000184e-02 -2.819560000000000122e-02 -3.286649999999999988e-02 -3.705010000000000248e-02 -5.421150000000000274e-02 -1.004649999999999987e-01 -1.691499999999999948e-01 -2.502909999999999857e-01 -3.290549999999999864e-01 -3.938220000000000054e-01 -4.061989999999999768e-01 -3.303789999999999782e-01 -1.657839999999999869e-01 6.840859999999999996e-02 3.350150000000000072e-01 6.058390000000000164e-01 8.481760000000000410e-01 1.023649999999999949e+00 1.107150000000000079e+00 1.082510000000000083e+00 9.479520000000000168e-01 7.211950000000000305e-01 4.199419999999999820e-01 8.396209999999999785e-02 -2.280300000000000105e-01 -4.822179999999999800e-01 -6.468420000000000281e-01 -7.118139999999999468e-01 -7.164239999999999498e-01 -6.980840000000000378e-01 -6.754200000000000204e-01 -6.733789999999999498e-01 -7.015320000000000444e-01 -7.238740000000000174e-01 -6.952099999999999946e-01 -5.879590000000000094e-01 -3.879409999999999803e-01 -1.073049999999999976e-01 2.219990000000000019e-01 5.526330000000000409e-01 8.286400000000000432e-01 1.019460000000000033e+00 1.112929999999999975e+00 1.096419999999999950e+00 9.718440000000000412e-01 7.608489999999999975e-01 5.038460000000000161e-01 2.413839999999999875e-01 -1.274480000000000057e-02 -2.348290000000000100e-01 -3.677900000000000058e-01 -3.892240000000000144e-01 -3.414099999999999913e-01 -2.725369999999999737e-01 -2.018770000000000009e-01 -1.303549999999999986e-01 -5.706909999999999761e-02 1.513699999999999985e-03 2.291769999999999918e-02 1.437899999999999942e-02 0.000000000000000000e+00
0.000000000000000000e+00 -2.904209999999999951e-03 1.636340000000000017e-03 -1.170919999999999990e-03 -3.446639999999999947e-03 1.033620000000000068e-03 -1.433419999999999920e-03 -1.516479999999999955e-03 -3.300309999999999984e-04 -2.797739999999999949e-03 -9.107709999999999764e-03 -6.288119999999999691e-04 7.609080000000000270e-04 -6.427470000000000232e-03 -9.010489999999999472e-03 -5.015290000000000373e-03 -6.435250000000000432e-04 -8.508409999999999238e-03 -8.658710000000000018e-03 -4.781070000000000111e-03 -6.812200000000000026e-03 -8.840809999999999294e-03 -9.422160000000000604e-03 -9.781510000000000205e-03 -8.261440000000000103e-03 -9.652110000000000203e-03 -1.286610000000000011e-02 -1.941189999999999929e-02 -1.151830000000000041e-02 -8.152529999999999846e-03 -1.473499999999999983e-02 -2.928189999999999960e-02 -2.867919999999999844e-02 -1.961190000000000155e-02 -1.020549999999999929e-02 -1.682000000000000162e-02 -4.146760000000000029e-02 -6.409349999999999770e-02 -5.732620000000000077e-02 -3.437590000000000090e-02 -2.225330000000000016e-02 -3.225680000000000214e-02 -5.084229999999999999e-02 -8.895920000000000216e-02 -1.470430000000000070e-01 -2.197409999999999919e-01 -2.862489999999999757e-01 -3.512109999999999954e-01 -3.953510000000000080e-01 -3.913639999999999897e-01 -2.941289999999999738e-01 -1.139069999999999944e-01 1.315240000000000020e-01 4.008570000000000189e-01 6.744339999999999780e-01 9.217589999999999950e-01 1.097699999999999898e+00 1.176849999999999952e+00 1.131709999999999994e+00 9.745179999999999954e-01 7.250020000000000353e-01 4.081060000000000243e-01 6.683020000000000627e-02 -2.506380000000000274e-01 -5.090989999999999682e-01 -6.782869999999999733e-01 -7.524509999999999810e-01 -7.661069999999999824e-01 -7.465450000000000141e-01 -7.244859999999999634e-01 -7.314429999999999543e-01 -7.581820000000000226e-01 -7.665629999999999944e-01 -7.250950000000000450e-01 -6.166040000000000409e-01 -4.183049999999999824e-01 -1.271380000000000010e-01 2.115829999999999933e-01 5.453029999999999822e-01 8.382800000000000251e-01 1.057460000000000067e+00 1.173030000000000017e+00 1.167650000000000077e+00 1.045690000000000008e+00 8.352939999999999809e-01 5.776240000000000263e-01 3.075339999999999741e-01 4.351019999999999888e-02 -1.867880000000000096e-01 -3.344119999999999870e-01 -3.776390000000000025e-01 -3.507870000000000155e-01 -3.014859999999999762e-01 -2.471959999999999991e-01 -1.782549999999999968e-01 -9.088340000000000307e-02 -1.285799999999999964e-02 2.177039999999999878e-02 1.699700000000000169e-02 0.000000000000000000e+00
0.000000000000000000e+00 2.089269999999999843e-03 -6.077970000000000247e-03 5.269580000000000054e-04 -2.117659999999999942e-03 -2.316830000000000191e-03 -2.259530000000000045e-03 -3.676480000000000199e-03 -2.803299999999999889e-03 -2.580250000000000078e-03 -2.729300000000000042e-03 7.609080000000000270e-04 1.188919999999999994e-03 -9.554109999999999339e-03 -5.693819999999999611e-03 8.450590000000000011e-04 -3.581580000000000007e-03 -1.470280000000000024e-02 -7.444240000000000405e-03 -2.097009999999999846e-03 -1.204870000000000073e-02 -1.419600000000000029e-02 -1.037030000000000070e-02 -1.008850000000000025e-02 -1.137630000000000065e-02 -1.752540000000000001e-02 -1.732730000000000034e-02 -1.672279999999999947e-02 -1.297970000000000027e-02 -1.792469999999999827e-02 -2.271770000000000039e-02 -3.125909999999999800e-02 -2.912609999999999852e-02 -2.110599999999999976e-02 -1.570679999999999993e-02 -2.897780000000000147e-02 -5.538850000000000023e-02 -7.071860000000000646e-02 -5.793639999999999901e-02 -3.093999999999999875e-02 -2.120760000000000006e-02 -3.742890000000000106e-02 -7.488740000000000674e-02 -1.303600000000000037e-01 -1.995480000000000032e-01 -2.656689999999999885e-01 -3.189629999999999965e-01 -3.620360000000000245e-01 -3.854710000000000081e-01 -3.574809999999999932e-01 -2.413420000000000010e-01 -4.793250000000000288e-02 2.019789999999999919e-01 4.697580000000000089e-01 7.432060000000000333e-01 9.870229999999999837e-01 1.163520000000000110e+00 1.226979999999999960e+00 1.164290000000000047e+00 9.872720000000000384e-01 7.141809999999999548e-01 3.942209999999999881e-01 4.811409999999999992e-02 -2.738010000000000166e-01 -5.304130000000000233e-01 -7.052850000000000508e-01 -7.859329999999999927e-01 -8.064609999999999834e-01 -7.932780000000000387e-01 -7.764109999999999623e-01 -7.852440000000000531e-01 -8.031639999999999890e-01 -8.009439999999999893e-01 -7.558470000000000466e-01 -6.452879999999999727e-01 -4.384959999999999969e-01 -1.393220000000000014e-01 1.936350000000000016e-01 5.243630000000000235e-01 8.360020000000000229e-01 1.080240000000000089e+00 1.214329999999999909e+00 1.223970000000000002e+00 1.113250000000000073e+00 9.096239999999999881e-01 6.518890000000000517e-01 3.754660000000000220e-01 1.094860000000000000e-01 -1.206939999999999957e-01 -2.826000000000000179e-01 -3.532259999999999844e-01 -3.527230000000000087e-01 -3.250109999999999943e-01 -2.863129999999999842e-01 -2.217200000000000004e-01 -1.286809999999999898e-01 -4.009059999999999707e-02 7.395269999999999795e-03 1.286160000000000081e-02 0.000000000000000000e+00
0.000000000000000000e+00 2.675240000000000170e-03 -3.234869999999999743e-05 3.399259999999999868e-03 -1.796120000000000008e-04 -1.964539999999999863e-03 -2.165649999999999867e-03 -4.755380000000000024e-03 -5.104209999999999650e-03 -4.527119999999999929e-03 -1.279030000000000011e-03 -6.427470000000000232e-03 -9.554109999999999339e-03 -7.353179999999999959e-03 -1.008030000000000037e-03 -2.285000000000000139e-03 -1.039570000000000077e-02 -9.819410000000000638e-03 -2.493300000000000269e-04 -2.180810000000000040e-03 -1.444969999999999935e-02 -1.048770000000000084e-02 -4.810009999999999980e-03 -6.377980000000000108e-03 -1.278830000000000071e-02 -1.885360000000000161e-02 -1.375030000000000002e-02 -7.993780000000000677e-03 -1.464449999999999953e-02 -2.355410000000000142e-02 -2.402090000000000128e-02 -2.494079999999999908e-02 -2.412100000000000008e-02 -1.920979999999999910e-02 -2.056480000000000113e-02 -3.869319999999999704e-02 -6.008639999999999814e-02 -6.597500000000000586e-02 -4.953119999999999745e-02 -2.471699999999999939e-02 -2.075839999999999977e-02 -4.698639999999999761e-02 -1.057339999999999947e-01 -1.770390000000000019e-01 -2.525649999999999840e-01 -3.094770000000000021e-01 -3.468559999999999977e-01 -3.687549999999999994e-01 -3.658159999999999745e-01 -3.124629999999999908e-01 -1.780500000000000138e-01 2.660939999999999833e-02 2.762109999999999843e-01 5.440239999999999521e-01 8.135489999999999666e-01 1.052859999999999907e+00 1.219640000000000057e+00 1.264580000000000037e+00 1.179240000000000066e+00 9.774639999999999995e-01 6.927649999999999642e-01 3.677750000000000186e-01 2.560089999999999935e-02 -2.869959999999999734e-01 -5.438849999999999518e-01 -7.231630000000000003e-01 -8.142559999999999798e-01 -8.441899999999999959e-01 -8.369269999999999765e-01 -8.295960000000000001e-01 -8.333979999999999722e-01 -8.367240000000000233e-01 -8.341910000000000158e-01 -7.883670000000000400e-01 -6.631559999999999677e-01 -4.462139999999999995e-01 -1.542989999999999917e-01 1.670099999999999918e-01 5.002090000000000147e-01 8.252629999999999688e-01 1.082969999999999988e+00 1.234469999999999956e+00 1.266329999999999956e+00 1.173839999999999995e+00 9.802210000000000090e-01 7.235019999999999785e-01 4.455330000000000124e-01 1.859210000000000029e-01 -3.914249999999999674e-02 -2.152769999999999961e-01 -3.154179999999999762e-01 -3.441739999999999799e-01 -3.392510000000000248e-01 -3.151059999999999972e-01 -2.581080000000000041e-01 -1.704519999999999924e-01 -8.143670000000000075e-02 -2.113649999999999904e-02 1.594520000000000095e-03 0.000000000000000000e+00
0.000000000000000000e+00 -1.308160000000000052e-03 -3.840749999999999980e-04 -1.690000000000000096e-03 -2.607490000000000068e-03 -3.846150000000000003e-03 4.057399999999999744e-04 -6.621240000000000459e-04 -1.382449999999999912e-03 -4.506479999999999991e-04 -4.814269999999999834e-03 -9.010489999999999472e-03 -5.693819999999999611e-03 -1.008030000000000037e-03 -9.169989999999999392e-03 -9.457429999999999309e-03 -9.015369999999999981e-03 -8.833449999999999636e-03 -5.930630000000000103e-03 -1.059790000000000038e-02 -1.698819999999999844e-02 -9.314350000000000754e-03 -8.716619999999999577e-03 -1.002510000000000033e-02 -2.041729999999999934e-02 -2.056819999999999829e-02 -1.230619999999999978e-02 -7.581670000000000423e-03 -2.364870000000000166e-02 -3.201709999999999973e-02 -2.474229999999999832e-02 -2.247009999999999980e-02 -2.337979999999999919e-02 -2.646719999999999975e-02 -3.354780000000000262e-02 -5.440550000000000247e-02 -6.347759999999999514e-02 -6.322999999999999454e-02 -4.539950000000000235e-02 -3.093829999999999844e-02 -3.217010000000000008e-02 -7.483489999999999587e-02 -1.489070000000000116e-01 -2.338119999999999921e-01 -3.036960000000000215e-01 -3.484559999999999880e-01 -3.640200000000000102e-01 -3.608310000000000128e-01 -3.264090000000000047e-01 -2.453150000000000053e-01 -9.636429999999999996e-02 1.141869999999999968e-01 3.569490000000000163e-01 6.209379999999999900e-01 8.787279999999999536e-01 1.107930000000000081e+00 1.256180000000000074e+00 1.280019999999999936e+00 1.173820000000000086e+00 9.536559999999999482e-01 6.646940000000000071e-01 3.410569999999999991e-01 8.900909999999999725e-03 -2.968350000000000155e-01 -5.526339999999999586e-01 -7.369160000000000155e-01 -8.408619999999999983e-01 -8.786230000000000429e-01 -8.793360000000000065e-01 -8.733800000000000452e-01 -8.699980000000000491e-01 -8.758590000000000542e-01 -8.712720000000000464e-01 -8.065780000000000172e-01 -6.679070000000000285e-01 -4.553440000000000265e-01 -1.738740000000000008e-01 1.437749999999999861e-01 4.774610000000000243e-01 8.011920000000000153e-01 1.064820000000000100e+00 1.236909999999999954e+00 1.294729999999999936e+00 1.223370000000000068e+00 1.042689999999999895e+00 7.911979999999999569e-01 5.193299999999999583e-01 2.720350000000000268e-01 5.306670000000000137e-02 -1.360369999999999913e-01 -2.632019999999999915e-01 -3.212050000000000183e-01 -3.398109999999999742e-01 -3.306609999999999827e-01 -2.867060000000000164e-01 -2.157459999999999933e-01 -1.351849999999999996e-01 -6.234780000000000183e-02 -1.663330000000000017e-02 0.000000000000000000e+00
