0	0	0	0	0	0	0	0	0	0	0	0	0	0	0	0	0	0	0	0	0	0	0	0	0	0	0	0	0	0	0	0	0	0	0	0	0	0	0	0	0	0	0	0	0	0	0	0	0	0	0	0	0	0	0	0	0	0	0	0	0	0	0	0	0	0	0	0	0	0	0	0	0	0	0	0	0	0	0	0	0	0	0	0	0	0	0	0	0	0	0	0	0	0	0	0	0	0	0	0	
0	0	0	0	0	0	0	0	0	0	0	0	0	0	0	6.86949e-55	1.12681e-51	8.06953e-49	3.31216e-46	8.5971e-44	1.4683e-41	1.66412e-39	1.2343e-37	5.81387e-36	1.70414e-34	3.37567e-33	5.0126e-32	1.59175e-31	5.21444e-31	2.16517e-30	2.60718e-30	1.14245e-30	2.42204e-31	8.58716e-32	1.33943e-32	8.58016e-34	2.83188e-35	5.53831e-37	6.92489e-39	5.75341e-41	3.2165e-43	1.19651e-45	2.83943e-48	3.8886e-51	2.33768e-54	0	0	0	0	0	0	0	0	0	0	0	0	0	0	0	0	0	0	0	0	0	0	0	0	0	0	0	0	0	0	0	0	0	0	0	0	0	0	0	0	0	0	0	0	0	0	0	0	0	0	0	0	0	0	0	
0	0	0	0	0	0	0	0	0	0	0	0	0	0	1.57436e-54	2.86561e-51	2.30418e-48	1.07755e-45	3.24635e-43	6.59223e-41	9.17084e-39	8.70962e-37	5.53499e-35	2.28019e-33	5.97787e-32	1.07442e-30	1.41742e-29	4.43886e-29	1.36096e-28	5.19647e-28	6.22445e-28	2.81795e-28	6.67928e-29	2.41427e-29	3.92064e-30	2.79673e-31	1.05356e-32	2.38813e-34	3.51517e-36	3.50575e-38	2.41657e-40	1.15296e-42	3.73811e-45	7.85847e-48	9.65779e-51	5.26497e-54	0	0	0	0	0	0	0	0	0	0	0	0	0	0	0	0	0	0	0	0	0	0	0	0	0	0	0	0	0	0	0	0	0	0	0	0	0	0	0	0	0	0	0	0	0	0	0	0	0	0	0	0	0	0	
0	0	0	0	0	0	0	0	0	0	0	0	0	3.13927e-54	6.27881e-51	5.60118e-48	2.94021e-45	1.00881e-42	2.37617e-40	3.92607e-38	4.56801e-36	3.70372e-34	2.04397e-32	7.4345e-31	1.75299e-29	2.86519e-28	3.37849e-27	1.04255e-26	3.00684e-26	1.05558e-25	1.25712e-25	5.89183e-26	1.55112e-26	5.71853e-27	9.68145e-28	7.64461e-29	3.26142e-30	8.48175e-32	1.44979e-33	1.70355e-35	1.41019e-37	8.29766e-40	3.45097e-42	9.91282e-45	1.87023e-47	2.08444e-50	1.03948e-53	0	0	0	0	0	0	0	0	0	0	0	0	0	0	0	0	0	0	0	0	0	0	0	0	0	0	0	0	0	0	0	0	0	0	0	0	0	0	0	0	0	0	0	0	0	0	0	0	0	0	0	0	0	
0	0	0	0	0	0	0	0	0	0	0	0	5.4803e-54	1.19472e-50	1.17096e-47	6.81803e-45	2.62511e-42	7.03895e-40	1.34815e-37	1.86101e-35	1.84516e-33	1.2947e-31	6.2667e-30	2.02657e-28	4.31466e-27	6.4224e-26	6.79951e-25	2.06552e-24	5.62713e-24	1.81583e-23	2.14885e-23	1.04485e-23	3.03809e-24	1.14302e-24	2.02064e-25	1.75829e-26	8.44647e-28	2.50122e-29	4.91508e-31	6.71271e-33	6.54985e-35	4.62942e-37	2.37492e-39	8.75195e-42	2.25638e-44	3.86096e-47	3.93659e-50	1.80895e-53	0	0	0	0	0	0	0	0	0	0	0	0	0	0	0	0	0	0	0	0	0	0	0	0	0	0	0	0	0	0	0	0	0	0	0	0	0	0	0	0	0	0	0	0	0	0	0	0	0	0	0	0	
0	0	0	0	0	0	0	0	0	0	0	8.41523e-54	1.98601e-50	2.12143e-47	1.35694e-44	5.7941e-42	1.74294e-39	3.79861e-37	6.07444e-35	7.13805e-33	6.11369e-31	3.74998e-29	1.60367e-27	4.63408e-26	8.93169e-25	1.21163e-23	1.15551e-22	3.45153e-22	8.91254e-22	2.64274e-21	3.10566e-21	1.57024e-21	5.01792e-22	1.92781e-22	3.56537e-23	3.40813e-24	1.8358e-25	6.15621e-27	1.38048e-28	2.16957e-30	2.46172e-32	2.05149e-34	1.26441e-36	5.74828e-39	1.90146e-41	4.44644e-44	6.96072e-47	6.54004e-50	2.7865e-53	0	0	0	0	0	0	0	0	0	0	0	0	0	0	0	0	0	0	0	0	0	0	0	0	0	0	0	0	0	0	0	0	0	0	0	0	0	0	0	0	0	0	0	0	0	0	0	0	0	0	0	
0	0	0	0	0	0	0	0	0	0	1.14052e-53	2.89701e-50	3.34983e-47	2.33499e-44	1.09513e-41	3.65273e-39	8.92848e-37	1.62403e-34	2.20934e-32	2.24039e-30	1.67442e-28	9.04483e-27	3.43564e-25	8.90173e-24	1.55548e-22	1.92301e-21	1.65556e-20	4.85605e-20	1.1919e-19	3.24649e-19	3.78595e-19	1.99522e-19	6.97655e-20	2.73906e-20	5.31153e-21	5.56601e-22	3.35254e-23	1.26829e-24	3.22821e-26	5.79559e-28	7.57131e-30	7.33955e-32	5.33475e-34	2.91423e-36	1.18936e-38	3.56877e-41	7.63539e-44	1.10153e-46	9.59653e-50	3.81139e-53	0	0	0	0	0	0	0	0	0	0	0	0	0	0	0	0	0	0	0	0	0	0	0	0	0	0	0	0	0	0	0	0	0	0	0	0	0	0	0	0	0	0	0	0	0	0	0	0	0	0	
0	0	0	0	0	0	0	0	0	1.36751e-53	3.71996e-50	4.62937e-47	3.49286e-44	1.78507e-41	6.53893e-39	1.7719e-36	3.61374e-34	5.58961e-32	6.55787e-30	5.79685e-28	3.80869e-26	1.8216e-24	6.16826e-23	1.43599e-21	2.27587e-20	2.56227e-19	1.99358e-18	5.73301e-18	1.34069e-17	3.35367e-17	3.87797e-17	2.13545e-17	8.1371e-18	3.26777e-18	6.66205e-19	7.64521e-20	5.14126e-21	2.18903e-22	6.30166e-24	1.28563e-25	1.91973e-27	2.14339e-29	1.81265e-31	1.16793e-33	5.72826e-36	2.12084e-38	5.82279e-41	1.14813e-43	1.53592e-46	1.24735e-49	4.63934e-53	0	0	0	0	0	0	0	0	0	0	0	0	0	0	0	0	0	0	0	0	0	0	0	0	0	0	0	0	0	0	0	0	0	0	0	0	0	0	0	0	0	0	0	0	0	0	0	0	0	
0	0	0	0	0	0	0	0	1.45259e-53	4.21326e-50	5.61501e-47	4.55936e-44	2.52202e-41	1.00659e-38	2.99526e-36	6.77088e-34	1.17396e-31	1.56536e-29	1.59988e-27	1.24197e-25	7.21214e-24	3.06528e-22	9.27345e-21	1.94143e-19	2.78923e-18	2.8554e-17	2.00811e-16	5.6508e-16	1.26149e-15	2.89785e-15	3.31985e-15	1.91485e-15	7.92113e-16	3.25749e-16	7.00416e-17	8.80159e-18	6.6058e-19	3.16231e-20	1.02745e-21	2.37374e-23	4.03064e-25	5.14587e-27	5.01358e-29	3.75924e-31	2.175e-33	9.67835e-36	3.27898e-38	8.29726e-41	1.51714e-43	1.892e-46	1.43897e-49	5.03235e-53	0	0	0	0	0	0	0	0	0	0	0	0	0	0	0	0	0	0	0	0	0	0	0	0	0	0	0	0	0	0	0	0	0	0	0	0	0	0	0	0	0	0	0	0	0	0	0	0	
0	0	0	0	0	0	0	1.36751e-53	4.21326e-50	5.98709e-47	5.20606e-44	3.09909e-41	1.33871e-38	4.33996e-36	1.07719e-33	2.06974e-31	3.09275e-29	3.59104e-27	3.22113e-25	2.20773e-23	1.13724e-21	4.30461e-20	1.16453e-18	2.1917e-17	2.84994e-16	2.64666e-15	1.68105e-14	4.61799e-14	9.85647e-14	2.07994e-13	2.35868e-13	1.42831e-13	6.3907e-14	2.69511e-14	6.1349e-15	8.44945e-16	7.08288e-17	3.81331e-18	1.39735e-19	3.64886e-21	7.0217e-23	1.01985e-24	1.13653e-26	9.8197e-29	6.61255e-31	3.47147e-33	1.41366e-35	4.4145e-38	1.03592e-40	1.76584e-43	2.06235e-46	1.47486e-49	4.86713e-53	0	0	0	0	0	0	0	0	0	0	0	0	0	0	0	0	0	0	0	0	0	0	0	0	0	0	0	0	0	0	0	0	0	0	0	0	0	0	0	0	0	0	0	0	0	0	0	
0	0	0	0	0	0	1.14052e-53	3.71996e-50	5.61501e-47	5.20606e-44	3.3187e-41	1.54273e-38	5.41274e-36	1.46356e-33	3.08731e-31	5.11151e-29	6.64932e-27	6.77314e-25	5.36056e-23	3.25563e-21	1.4908e-19	5.02964e-18	1.21627e-16	2.05472e-15	2.41189e-14	2.02513e-13	1.15961e-12	3.10074e-12	6.3348e-12	1.22902e-11	1.37836e-11	8.78088e-12	4.23411e-12	1.83443e-12	4.44084e-13	6.71654e-14	6.30078e-15	3.82108e-16	1.58028e-17	4.66172e-19	1.01481e-20	1.6713e-22	2.11959e-24	2.09519e-26	1.62604e-28	9.93666e-31	4.77431e-33	1.79212e-35	5.19008e-38	1.13544e-40	1.81264e-43	1.99061e-46	1.34331e-49	4.19634e-53	0	0	0	0	0	0	0	0	0	0	0	0	0	0	0	0	0	0	0	0	0	0	0	0	0	0	0	0	0	0	0	0	0	0	0	0	0	0	0	0	0	0	0	0	0	0	
0	0	0	0	0	8.41523e-54	2.89701e-50	4.62937e-47	4.55936e-44	3.09909e-41	1.54273e-38	5.82479e-36	1.70445e-33	3.91664e-31	7.11842e-29	1.02584e-26	1.17039e-24	1.05147e-22	7.36912e-21	3.97413e-19	1.61896e-17	4.8659e-16	1.05001e-14	1.5878e-13	1.67605e-12	1.2667e-11	6.52004e-11	1.69078e-10	3.30885e-10	5.9114e-10	6.55102e-10	4.39715e-10	2.27671e-10	1.0157e-10	2.62932e-11	4.38057e-12	4.61384e-13	3.16122e-14	1.47862e-15	4.93215e-17	1.21417e-18	2.2634e-20	3.2561e-22	3.66387e-24	3.25371e-26	2.29182e-28	1.2819e-30	5.67775e-33	1.9766e-35	5.33679e-38	1.09345e-40	1.64138e-43	1.70092e-46	1.08653e-49	3.22201e-53	0	0	0	0	0	0	0	0	0	0	0	0	0	0	0	0	0	0	0	0	0	0	0	0	0	0	0	0	0	0	0	0	0	0	0	0	0	0	0	0	0	0	0	0	0	
0	0	0	0	5.4803e-54	1.98601e-50	3.34983e-47	3.49286e-44	2.52202e-41	1.33871e-38	5.41274e-36	1.70445e-33	4.23855e-31	8.39121e-29	1.32734e-26	1.67739e-24	1.68744e-22	1.34187e-20	8.34519e-19	3.99918e-17	1.44846e-15	3.87102e-14	7.4309e-13	1.00155e-11	9.45728e-11	6.39599e-10	2.94723e-09	7.37716e-09	1.38328e-08	2.28157e-08	2.49663e-08	1.76693e-08	9.78738e-09	4.50993e-09	1.25677e-09	2.31679e-10	2.75273e-11	2.14066e-12	1.13656e-13	4.29735e-15	1.19764e-16	2.52648e-18	4.11584e-20	5.25491e-22	5.31325e-24	4.28303e-26	2.76156e-28	1.42398e-30	5.84962e-33	1.89859e-35	4.80089e-38	9.24912e-41	1.3101e-43	1.28509e-46	7.79242e-50	2.1991e-53	0	0	0	0	0	0	0	0	0	0	0	0	0	0	0	0	0	0	0	0	0	0	0	0	0	0	0	0	0	0	0	0	0	0	0	0	0	0	0	0	0	0	0	0	
0	0	0	3.13927e-54	1.19472e-50	2.12143e-47	2.33499e-44	1.78507e-41	1.00659e-38	4.33996e-36	1.46356e-33	3.91664e-31	8.39121e-29	1.44579e-26	2.00533e-24	2.23419e-22	1.98896e-20	1.40294e-18	7.74759e-17	3.29701e-15	1.05955e-13	2.50931e-12	4.26475e-11	5.09286e-10	4.27181e-09	2.56573e-08	1.05257e-07	2.52753e-07	4.53918e-07	6.93891e-07	7.49404e-07	5.58976e-07	3.30013e-07	1.57715e-07	4.76994e-08	9.78899e-09	1.32068e-09	1.17324e-10	7.1098e-12	3.05965e-13	9.67917e-15	2.31348e-16	4.26712e-18	6.17147e-20	7.08172e-22	6.50046e-24	4.79704e-26	2.85151e-28	1.36374e-30	5.22295e-33	1.58761e-35	3.77471e-38	6.86183e-41	9.19992e-44	8.56601e-47	4.94295e-50	1.33054e-53	0	0	0	0	0	0	0	0	0	0	0	0	0	0	0	0	0	0	0	0	0	0	0	0	0	0	0	0	0	0	0	0	0	0	0	0	0	0	0	0	0	0	0	
0	0	1.57436e-54	6.27881e-51	1.17096e-47	1.35694e-44	1.09513e-41	6.53893e-39	2.99526e-36	1.07719e-33	3.08731e-31	7.11842e-29	1.32734e-26	2.00533e-24	2.45205e-22	2.41728e-20	1.90837e-18	1.19482e-16	5.85515e-15	2.208e-13	6.27351e-12	1.30987e-10	1.95785e-09	2.05475e-08	1.51686e-07	8.01195e-07	2.90538e-06	6.6384e-06	1.14031e-05	1.62435e-05	1.73137e-05	1.35832e-05	8.51636e-06	4.24535e-06	1.4076e-06	3.24238e-07	5.0107e-08	5.13014e-09	3.57569e-10	1.76202e-11	6.35509e-13	1.72587e-14	3.60883e-16	5.91151e-18	7.68583e-20	8.00769e-22	6.72946e-24	4.57846e-26	2.52422e-28	1.12548e-30	4.03674e-33	1.15369e-35	2.58812e-38	4.45306e-41	5.66685e-44	5.02087e-47	2.76331e-50	7.10931e-54	0	0	0	0	0	0	0	0	0	0	0	0	0	0	0	0	0	0	0	0	0	0	0	0	0	0	0	0	0	0	0	0	0	0	0	0	0	0	0	0	0	0	
0	6.86949e-55	2.86561e-51	5.60118e-48	6.81803e-45	5.7941e-42	3.65273e-39	1.7719e-36	6.77088e-34	2.06974e-31	5.11151e-29	1.02584e-26	1.67739e-24	2.23419e-22	2.41728e-20	2.11311e-18	1.48049e-16	8.22215e-15	3.56789e-13	1.18794e-11	2.96813e-10	5.42428e-09	7.06512e-08	6.44579e-07	4.13703e-06	1.89728e-05	6.02646e-05	0.000129575	0.000212292	0.000283803	0.000298717	0.000245512	0.000162947	8.54198e-05	3.14373e-05	8.21784e-06	1.4716e-06	1.75715e-07	1.42347e-08	8.1004e-10	3.35237e-11	1.03914e-12	2.47043e-14	4.58943e-16	6.7596e-18	7.98042e-20	7.61252e-22	5.89807e-24	3.72171e-26	1.91285e-28	7.98678e-31	2.69316e-33	7.26178e-36	1.54178e-38	2.51768e-41	3.04853e-44	2.57595e-47	1.35491e-50	3.33782e-54	0	0	0	0	0	0	0	0	0	0	0	0	0	0	0	0	0	0	0	0	0	0	0	0	0	0	0	0	0	0	0	0	0	0	0	0	0	0	0	0	0	
0	1.12681e-51	2.30418e-48	2.94021e-45	2.62511e-42	1.74294e-39	8.92848e-37	3.61374e-34	1.17396e-31	3.09275e-29	6.64932e-27	1.17039e-24	1.68744e-22	1.98896e-20	1.90837e-18	1.48049e-16	9.19976e-15	4.52274e-13	1.73155e-11	5.06252e-10	1.10398e-08	1.74849e-07	1.96012e-06	1.532e-05	8.41036e-05	0.000329354	0.000905977	0.00180534	0.00280637	0.00355124	0.00369596	0.00316301	0.00221759	0.00123709	0.000513134	0.000154474	3.2548e-05	4.60497e-06	4.39771e-07	2.92349e-08	1.40073e-09	4.98869e-11	1.35466e-12	2.86233e-14	4.78205e-16	6.39612e-18	6.91359e-20	6.07981e-22	4.36847e-24	2.5695e-26	1.23657e-28	4.85356e-31	1.54392e-33	3.93946e-36	7.93726e-39	1.23313e-41	1.42384e-44	1.14969e-47	5.78984e-51	1.36805e-54	0	0	0	0	0	0	0	0	0	0	0	0	0	0	0	0	0	0	0	0	0	0	0	0	0	0	0	0	0	0	0	0	0	0	0	0	0	0	0	0	
0	8.06953e-49	1.07755e-45	1.00881e-42	7.03895e-40	3.79861e-37	1.62403e-34	5.58961e-32	1.56536e-29	3.59104e-27	6.77314e-25	1.05147e-22	1.34187e-20	1.40294e-18	1.19482e-16	8.22215e-15	4.52274e-13	1.96126e-11	6.58923e-10	1.67889e-08	3.16282e-07	4.28356e-06	4.06424e-05	0.000266779	0.00122545	0.00400939	0.00942101	0.0170425	0.0249012	0.0300981	0.0310371	0.027446	0.0203367	0.0122854	0.00584759	0.00206763	0.000523082	8.95846e-05	1.02809e-05	8.10965e-07	4.55323e-08	1.88027e-09	5.87077e-11	1.41734e-12	2.69349e-14	4.0864e-16	5.00361e-18	4.98534e-20	4.06508e-22	2.7222e-24	1.49898e-26	6.7802e-29	2.51005e-31	7.5545e-34	1.82896e-36	3.50534e-39	5.19236e-42	5.72837e-45	4.42798e-48	2.13852e-51	4.8538e-55	0	0	0	0	0	0	0	0	0	0	0	0	0	0	0	0	0	0	0	0	0	0	0	0	0	0	0	0	0	0	0	0	0	0	0	0	0	0	0	
0	3.31216e-46	3.24635e-43	2.37617e-40	1.34815e-37	6.07444e-35	2.20934e-32	6.55787e-30	1.59988e-27	3.22113e-25	5.36056e-23	7.36912e-21	8.34519e-19	7.74759e-17	5.85515e-15	3.56789e-13	1.73155e-11	6.58923e-10	1.92834e-08	4.23836e-07	6.80379e-06	7.73873e-05	0.000607374	0.00325838	0.0121551	0.0323192	0.0639041	0.102277	0.138298	0.160737	0.164608	0.149341	0.117618	0.0788166	0.0438541	0.0186878	0.00582888	0.00124372	0.000176075	1.68332e-05	1.1257e-06	5.45649e-08	1.97674e-09	5.48833e-11	1.19164e-12	2.05607e-14	2.85492e-16	3.22138e-18	2.97521e-20	2.26038e-22	1.41668e-24	7.33007e-27	3.12639e-29	1.09481e-31	3.12572e-34	7.19694e-37	1.31487e-39	1.86057e-42	1.96464e-45	1.45614e-48	6.75414e-52	1.47454e-55	0	0	0	0	0	0	0	0	0	0	0	0	0	0	0	0	0	0	0	0	0	0	0	0	0	0	0	0	0	0	0	0	0	0	0	0	0	0	
0	8.5971e-44	6.59223e-41	3.92607e-38	1.86101e-35	7.13805e-33	2.24039e-30	5.79685e-28	1.24197e-25	2.20773e-23	3.25563e-21	3.97413e-19	3.99918e-17	3.29701e-15	2.208e-13	1.18794e-11	5.06252e-10	1.67889e-08	4.23836e-07	7.92919e-06	0.000106506	0.000992874	0.00624674	0.0263855	0.0768543	0.161181	0.265324	0.36836	0.45273	0.505387	0.514558	0.478266	0.405012	0.307728	0.202035	0.106771	0.0424039	0.0117082	0.00211939	0.000252757	2.05772e-05	1.1899e-06	5.06175e-08	1.63036e-09	4.06938e-11	8.01809e-13	1.26552e-14	1.61849e-16	1.69204e-18	1.45538e-20	1.03441e-22	6.08932e-25	2.96983e-27	1.19777e-29	3.97752e-32	1.07966e-34	2.36901e-37	4.13342e-40	5.59668e-43	5.66505e-46	4.0316e-49	1.7983e-52	3.7808e-56	0	0	0	0	0	0	0	0	0	0	0	0	0	0	0	0	0	0	0	0	0	0	0	0	0	0	0	0	0	0	0	0	0	0	0	0	0	
0	1.4683e-41	9.17084e-39	4.56801e-36	1.84516e-33	6.11369e-31	1.67442e-28	3.80869e-26	7.21214e-24	1.13724e-21	1.4908e-19	1.61896e-17	1.44846e-15	1.05955e-13	6.27351e-12	2.96813e-10	1.10398e-08	3.16282e-07	6.80379e-06	0.000106506	0.00116896	0.00864529	0.0417956	0.132474	0.289096	0.474664	0.659619	0.816265	0.926586	0.991236	1.00256	0.95815	0.865945	0.727902	0.549744	0.362389	0.188037	0.0701506	0.0170217	0.00263265	0.000268594	1.89249e-05	9.59956e-07	3.62719e-08	1.04915e-09	2.37388e-11	4.27442e-13	6.20818e-15	7.35016e-17	7.15089e-19	5.75018e-21	3.83629e-23	2.12748e-25	9.80624e-28	3.74863e-30	1.18298e-32	3.05877e-35	6.40702e-38	1.06927e-40	1.38733e-43	1.34789e-46	9.22138e-50	3.95976e-53	8.02516e-57	0	0	0	0	0	0	0	0	0	0	0	0	0	0	0	0	0	0	0	0	0	0	0	0	0	0	0	0	0	0	0	0	0	0	0	0	
0	1.66412e-39	8.70962e-37	3.70372e-34	1.2947e-31	3.74998e-29	9.04483e-27	1.8216e-24	3.06528e-22	4.30461e-20	5.02964e-18	4.8659e-16	3.87102e-14	2.50931e-12	1.30987e-10	5.42428e-09	1.74849e-07	4.28356e-06	7.73873e-05	0.000992874	0.00864529	0.0486858	0.171925	0.392142	0.646862	0.902509	1.13503	1.34035	1.4937	1.58111	1.59584	1.53688	1.40923	1.22188	0.997434	0.75147	0.491887	0.251692	0.086053	0.0181191	0.00240361	0.000211888	1.30606e-05	5.86834e-07	1.98627e-08	5.19676e-10	1.07252e-11	1.77416e-13	2.38202e-15	2.62112e-17	2.38129e-19	1.79557e-21	1.12748e-23	5.90428e-26	2.57748e-28	9.35649e-31	2.8107e-33	6.9332e-36	1.38824e-38	2.21878e-41	2.76161e-44	2.5779e-47	1.69693e-50	7.02063e-54	1.37259e-57	0	0	0	0	0	0	0	0	0	0	0	0	0	0	0	0	0	0	0	0	0	0	0	0	0	0	0	0	0	0	0	0	0	0	0	
0	1.2343e-37	5.53499e-35	2.04397e-32	6.2667e-30	1.60367e-27	3.43564e-25	6.16826e-23	9.27345e-21	1.16453e-18	1.21627e-16	1.05001e-14	7.4309e-13	4.26475e-11	1.95785e-09	7.06512e-08	1.96012e-06	4.06424e-05	0.000607374	0.00624674	0.0417956	0.171925	0.429653	0.736846	1.06486	1.3892	1.67904	1.90238	2.05115	2.1308	2.144	2.09105	1.97049	1.77812	1.51061	1.19725	0.866866	0.548821	0.263954	0.0789136	0.0141608	0.0016084	0.000123016	6.67102e-06	2.67025e-07	8.13858e-09	1.93501e-10	3.65743e-12	5.57804e-14	6.94464e-16	7.12167e-18	6.05624e-20	4.29113e-22	2.54067e-24	1.25838e-26	5.21008e-29	1.79825e-31	5.14775e-34	1.21254e-36	2.32276e-39	3.55778e-42	4.25052e-45	3.81413e-48	2.41675e-51	9.63668e-55	1.81795e-58	0	0	0	0	0	0	0	0	0	0	0	0	0	0	0	0	0	0	0	0	0	0	0	0	0	0	0	0	0	0	0	0	0	0	
0	5.81387e-36	2.28019e-33	7.4345e-31	2.02657e-28	4.63408e-26	8.90173e-24	1.43599e-21	1.94143e-19	2.1917e-17	2.05472e-15	1.5878e-13	1.00155e-11	5.09286e-10	2.05475e-08	6.44579e-07	1.532e-05	0.000266779	0.00325838	0.0263855	0.132474	0.392142	0.736846	1.12456	1.51808	1.88418	2.17178	2.38865	2.54546	2.63613	2.65168	2.59027	2.45865	2.26629	2.00907	1.67093	1.28318	0.886868	0.524428	0.217938	0.0539176	0.00805802	0.000777277	5.14709e-05	2.45648e-06	8.77063e-08	2.41091e-09	5.21727e-11	9.04478e-13	1.27348e-14	1.47188e-16	1.40803e-18	1.1217e-20	7.47303e-23	4.17401e-25	1.95601e-27	7.68243e-30	2.52131e-32	6.87777e-35	1.54677e-37	2.83402e-40	4.15866e-43	4.76694e-46	4.10971e-49	2.50505e-52	9.62026e-56	1.74979e-59	0	0	0	0	0	0	0	0	0	0	0	0	0	0	0	0	0	0	0	0	0	0	0	0	0	0	0	0	0	0	0	0	0	
0	1.70414e-34	5.97787e-32	1.75299e-29	4.31466e-27	8.93169e-25	1.55548e-22	2.27587e-20	2.78923e-18	2.84994e-16	2.41189e-14	1.67605e-12	9.45728e-11	4.27181e-09	1.51686e-07	4.13703e-06	8.41036e-05	0.00122545	0.0121551	0.0768543	0.289096	0.646862	1.06486	1.51808	1.95291	2.30728	2.60794	2.87068	3.07704	3.19993	3.22116	3.13753	2.96158	2.71822	2.43262	2.1032	1.69853	1.24658	0.808376	0.420605	0.138633	0.0270174	0.00327716	0.000264516	1.50231e-05	6.26881e-07	1.98668e-08	4.906e-10	9.6312e-12	1.52694e-13	1.97939e-15	2.1184e-17	1.88571e-19	1.40379e-21	8.77193e-24	4.61034e-26	2.03881e-28	7.57596e-31	2.35768e-33	6.11099e-36	1.30824e-38	2.28549e-41	3.2025e-44	3.51007e-47	2.89705e-50	1.6924e-53	6.23516e-57	1.08895e-60	0	0	0	0	0	0	0	0	0	0	0	0	0	0	0	0	0	0	0	0	0	0	0	0	0	0	0	0	0	0	0	0	
0	3.37567e-33	1.07442e-30	2.86519e-28	6.4224e-26	1.21163e-23	1.92301e-21	2.56227e-19	2.8554e-17	2.64666e-15	2.02513e-13	1.2667e-11	6.39599e-10	2.56573e-08	8.01195e-07	1.89728e-05	0.000329354	0.00400939	0.0323192	0.161181	0.474664	0.902509	1.3892	1.88418	2.30728	2.68651	3.05768	3.3992	3.66833	3.82775	3.85521	3.7469	3.5179	3.20019	2.8364	2.46141	2.06311	1.58984	1.08691	0.639108	0.264803	0.065108	0.0096785	0.000931066	6.16724e-05	2.95284e-06	1.06068e-07	2.94142e-09	6.43939e-11	1.13254e-12	1.6225e-14	1.91415e-16	1.8755e-18	1.53609e-20	1.0566e-22	6.12244e-25	2.99295e-27	1.23423e-29	4.2859e-32	1.24869e-34	3.03443e-37	6.09754e-40	1.00075e-42	1.31819e-45	1.3586e-48	1.05452e-51	5.79218e-55	2.00549e-58	3.28916e-62	0	0	0	0	0	0	0	0	0	0	0	0	0	0	0	0	0	0	0	0	0	0	0	0	0	0	0	0	0	0	0	
0	5.0126e-32	1.41742e-29	3.37849e-27	6.79951e-25	1.15551e-22	1.65556e-20	1.99358e-18	2.00811e-16	1.68105e-14	1.15961e-12	6.52004e-11	2.94723e-09	1.05257e-07	2.90538e-06	6.02646e-05	0.000905977	0.00942101	0.0639041	0.265324	0.659619	1.13503	1.67904	2.17178	2.60794	3.05768	3.51782	3.9389	4.2671	4.46012	4.49328	4.36235	4.08404	3.69411	3.24288	2.78484	2.34823	1.886	1.35181	0.845658	0.40538	0.120739	0.0214683	0.00241081	0.000182453	9.81543e-06	3.91114e-07	1.19139e-08	2.84303e-10	5.4175e-12	8.36838e-14	1.06036e-15	1.11237e-17	9.72976e-20	7.13279e-22	4.39771e-24	2.28455e-26	1.00018e-28	3.68473e-31	1.13843e-33	2.93317e-36	6.24926e-39	1.08772e-41	1.52014e-44	1.66343e-47	1.37201e-50	8.01729e-54	2.95723e-57	5.17542e-61	0	0	0	0	0	0	0	0	0	0	0	0	0	0	0	0	0	0	0	0	0	0	0	0	0	0	0	0	0	0	0	
0	1.59175e-31	4.43886e-29	1.04255e-26	2.06552e-24	3.45153e-22	4.85605e-20	5.73301e-18	5.6508e-16	4.61799e-14	3.10074e-12	1.69078e-10	7.37716e-09	2.52753e-07	6.6384e-06	0.000129575	0.00180534	0.0170425	0.102277	0.36836	0.816265	1.34035	1.90238	2.38865	2.87068	3.3992	3.9389	4.42713	4.8045	5.02537	5.06324	4.91358	4.59432	4.14392	3.61712	3.07723	2.57644	2.10453	1.57373	1.01179	0.534575	0.183192	0.0374529	0.0047986	0.00041149	2.49416e-05	1.11454e-06	3.79257e-08	1.00778e-09	2.13299e-11	3.65274e-13	5.12487e-15	5.94956e-17	5.75964e-19	4.67715e-21	3.19959e-23	1.84892e-25	9.03642e-28	3.73429e-30	1.30235e-32	3.81885e-35	9.35945e-38	1.9007e-40	3.15911e-43	4.22287e-46	4.42641e-49	3.50201e-52	1.96532e-55	6.96995e-59	1.17402e-62	0	0	0	0	0	0	0	0	0	0	0	0	0	0	0	0	0	0	0	0	0	0	0	0	0	0	0	0	0	0	
0	5.21444e-31	1.36096e-28	3.00684e-26	5.62713e-24	8.91254e-22	1.1919e-19	1.34069e-17	1.26149e-15	9.85647e-14	6.3348e-12	3.30885e-10	1.38328e-08	4.53918e-07	1.14031e-05	0.000212292	0.00280637	0.0249012	0.138298	0.45273	0.926586	1.4937	2.05115	2.54546	3.07704	3.66833	4.2671	4.8045	5.21774	5.45892	5.50023	5.33691	4.98778	4.49319	3.91077	3.30838	2.74946	2.25115	1.73091	1.13994	0.635329	0.235016	0.053163	0.0075956	0.000722911	4.81531e-05	2.33887e-06	8.56228e-08	2.42579e-09	5.4322e-11	9.77919e-13	1.43455e-14	1.7334e-16	1.73994e-18	1.46033e-20	1.0297e-22	6.11889e-25	3.06921e-27	1.29949e-29	4.63645e-32	1.38909e-34	3.47462e-37	7.19462e-40	1.21823e-42	1.65776e-45	1.7678e-48	1.42205e-51	8.1102e-55	2.92169e-58	4.99713e-62	0	0	0	0	0	0	0	0	0	0	0	0	0	0	0	0	0	0	0	0	0	0	0	0	0	0	0	0	0	0	
0	2.16517e-30	5.19647e-28	1.05558e-25	1.81583e-23	2.64274e-21	3.24649e-19	3.35367e-17	2.89785e-15	2.07994e-13	1.22902e-11	5.9114e-10	2.28157e-08	6.93891e-07	1.62435e-05	0.000283803	0.00355124	0.0300981	0.160737	0.505387	0.991236	1.58111	2.1308	2.63613	3.19993	3.82775	4.46012	5.02537	5.45892	5.71159	5.75484	5.5838	5.21776	4.69816	4.08418	3.44598	2.85174	2.33144	1.814	1.21577	0.690291	0.266223	0.0640811	0.00972103	0.000971756	6.72466e-05	3.36373e-06	1.25987e-07	3.63421e-09	8.25656e-11	1.50394e-12	2.22774e-14	2.71386e-16	2.74305e-18	2.316e-20	1.64153e-22	9.79915e-25	4.93506e-27	2.09701e-29	7.50625e-32	2.25551e-34	5.65698e-37	1.17423e-39	1.99279e-42	2.71747e-45	2.90353e-48	2.33995e-51	1.33681e-54	4.82366e-58	8.26283e-62	0	0	0	0	0	0	0	0	0	0	0	0	0	0	0	0	0	0	0	0	0	0	0	0	0	0	0	0	0	0	
0	2.60718e-30	6.22445e-28	1.25712e-25	2.14885e-23	3.10566e-21	3.78595e-19	3.87797e-17	3.31985e-15	2.35868e-13	1.37836e-11	6.55102e-10	2.49663e-08	7.49404e-07	1.73137e-05	0.000298717	0.00369596	0.0310371	0.164608	0.514558	1.00256	1.59584	2.144	2.65168	3.22116	3.85521	4.49328	5.06324	5.50023	5.75484	5.79842	5.62608	5.25717	4.73334	4.11402	3.46974	2.8694	2.34496	1.82752	1.2286	0.699269	0.271683	0.0661023	0.0101245	0.00101951	7.09296e-05	3.5619e-06	1.338e-07	3.86823e-09	8.80353e-11	1.60579e-12	2.38128e-14	2.9036e-16	2.9371e-18	2.48146e-20	1.75979e-22	1.05102e-24	5.29541e-27	2.25098e-29	8.06008e-32	2.42265e-34	6.07783e-37	1.2619e-39	2.14205e-42	2.92162e-45	3.12226e-48	2.51666e-51	1.438e-54	5.1896e-58	8.89097e-62	0	0	0	0	0	0	0	0	0	0	0	0	0	0	0	0	0	0	0	0	0	0	0	0	0	0	0	0	0	0	
0	1.14245e-30	2.81795e-28	5.89183e-26	1.04485e-23	1.57024e-21	1.99522e-19	2.13545e-17	1.91485e-15	1.42831e-13	8.78088e-12	4.39715e-10	1.76693e-08	5.58976e-07	1.35832e-05	0.000245512	0.00316301	0.027446	0.149341	0.478266	0.95815	1.53688	2.09105	2.59027	3.13753	3.7469	4.36235	4.91358	5.33691	5.5838	5.62608	5.45892	5.10139	4.59437	3.99628	3.37613	2.79981	2.2911	1.77269	1.17743	0.662847	0.250253	0.0583665	0.00859659	0.000839453	5.70705e-05	2.81685e-06	1.04434e-07	2.98878e-09	6.74786e-11	1.22295e-12	1.80406e-14	2.19021e-16	2.20737e-18	1.85912e-20	1.31489e-22	7.83467e-25	3.93924e-27	1.67144e-29	5.9751e-32	1.79331e-34	4.49296e-37	9.31705e-40	1.57978e-42	2.1525e-45	2.29812e-48	1.85072e-51	1.05661e-54	3.81023e-58	6.52299e-62	0	0	0	0	0	0	0	0	0	0	0	0	0	0	0	0	0	0	0	0	0	0	0	0	0	0	0	0	0	0	
0	2.42204e-31	6.67928e-29	1.55112e-26	3.03809e-24	5.01792e-22	6.97655e-20	8.1371e-18	7.92113e-16	6.3907e-14	4.23411e-12	2.27671e-10	9.78738e-09	3.30013e-07	8.51636e-06	0.000162947	0.00221759	0.0203367	0.117618	0.405012	0.865945	1.40923	1.97049	2.45865	2.96158	3.5179	4.08404	4.59432	4.98778	5.21776	5.25717	5.10139	4.76872	4.29851	3.74678	3.17901	2.6529	2.1711	1.6454	1.06831	0.579872	0.205811	0.0439532	0.00590944	0.000531913	3.37644e-05	1.57469e-06	5.57152e-08	1.53384e-09	3.35227e-11	5.91058e-13	8.51604e-15	1.01301e-16	1.00289e-18	8.31465e-21	5.79872e-23	3.41183e-25	1.69599e-27	7.12164e-30	2.52167e-32	7.50184e-35	1.86418e-37	3.8363e-40	6.45827e-43	8.74031e-46	9.27211e-49	7.4218e-52	4.21277e-55	1.51077e-58	2.57268e-62	0	0	0	0	0	0	0	0	0	0	0	0	0	0	0	0	0	0	0	0	0	0	0	0	0	0	0	0	0	0	
0	8.58716e-32	2.41427e-29	5.71853e-27	1.14302e-24	1.92781e-22	2.73906e-20	3.26777e-18	3.25749e-16	2.69511e-14	1.83443e-12	1.0157e-10	4.50993e-09	1.57715e-07	4.24535e-06	8.54198e-05	0.00123709	0.0122854	0.0788166	0.307728	0.727902	1.22188	1.77812	2.26629	2.71822	3.20019	3.69411	4.14392	4.49319	4.69816	4.73334	4.59437	4.29851	3.88268	3.39918	2.90676	2.4452	1.98225	1.44704	0.915947	0.459071	0.146019	0.0275541	0.00325073	0.000256385	1.42896e-05	5.87365e-07	1.83973e-08	4.50316e-10	8.78527e-12	1.38737e-13	1.79525e-15	1.92176e-17	1.71436e-19	1.28142e-21	8.05541e-24	4.26781e-26	1.90667e-28	7.17492e-31	2.2676e-33	5.98909e-36	1.31203e-38	2.35858e-41	3.42704e-44	3.93949e-47	3.47288e-50	2.23901e-53	9.76269e-57	2.48376e-60	2.55691e-64	0	0	0	0	0	0	0	0	0	0	0	0	0	0	0	0	0	0	0	0	0	0	0	0	0	0	0	0	0	0	
0	1.33943e-32	3.92064e-30	9.68145e-28	2.02064e-25	3.56537e-23	5.31153e-21	6.66205e-19	7.00416e-17	6.1349e-15	4.44084e-13	2.62932e-11	1.25677e-09	4.76994e-08	1.4076e-06	3.14373e-05	0.000513134	0.00584759	0.0438541	0.202035	0.549744	0.997434	1.51061	2.00907	2.43262	2.8364	3.24288	3.61712	3.91077	4.08418	4.11402	3.99628	3.74678	3.39918	2.99975	2.59296	2.18459	1.71705	1.19639	0.725888	0.321045	0.0853848	0.0136268	0.0013916	9.68919e-05	4.83865e-06	1.80198e-07	5.15698e-09	1.16088e-10	2.09347e-12	3.06827e-14	3.69656e-16	3.69341e-18	3.08118e-20	2.15676e-22	1.27084e-24	6.31395e-27	2.64515e-29	9.32882e-32	2.7599e-34	6.80995e-37	1.38952e-39	2.316e-42	3.09884e-45	3.24543e-48	2.56088e-51	1.43081e-54	5.0428e-58	8.42595e-62	0	0	0	0	0	0	0	0	0	0	0	0	0	0	0	0	0	0	0	0	0	0	0	0	0	0	0	0	0	0	0	
0	8.58016e-34	2.79673e-31	7.64461e-29	1.75829e-26	3.40813e-24	5.56601e-22	7.64521e-20	8.80159e-18	8.44945e-16	6.71654e-14	4.38057e-12	2.31679e-10	9.78899e-09	3.24238e-07	8.21784e-06	0.000154474	0.00206763	0.0186878	0.106771	0.362389	0.75147	1.19725	1.67093	2.1032	2.46141	2.78484	3.07723	3.30838	3.44598	3.46974	3.37613	3.17901	2.90676	2.59296	2.25227	1.85539	1.38702	0.92067	0.507477	0.185302	0.0396407	0.00517418	0.000442306	2.63062e-05	1.14044e-06	3.73385e-08	9.48689e-10	1.91049e-11	3.10026e-13	4.10699e-15	4.4867e-17	4.07383e-19	3.09222e-21	1.97005e-23	1.05597e-25	4.7655e-28	1.80901e-30	5.76038e-33	1.5312e-35	3.37272e-38	6.09093e-41	8.88447e-44	1.02467e-46	9.05962e-50	5.85799e-53	2.56344e-56	6.56053e-60	6.84849e-64	0	0	0	0	0	0	0	0	0	0	0	0	0	0	0	0	0	0	0	0	0	0	0	0	0	0	0	0	0	0	0	
0	2.83188e-35	1.05356e-32	3.26142e-30	8.44647e-28	1.8358e-25	3.35254e-23	5.14126e-21	6.6058e-19	7.08288e-17	6.30078e-15	4.61384e-13	2.75273e-11	1.32068e-09	5.0107e-08	1.4716e-06	3.2548e-05	0.000523082	0.00582888	0.0424039	0.188037	0.491887	0.866866	1.28318	1.69853	2.06311	2.34823	2.57644	2.74946	2.85174	2.8694	2.79981	2.6529	2.4452	2.18459	1.85539	1.45081	1.03094	0.636321	0.295219	0.0818245	0.013404	0.00139019	9.76381e-05	4.89582e-06	1.8245e-07	5.21062e-09	1.16775e-10	2.09195e-12	3.03942e-14	3.62247e-16	3.57292e-18	2.93591e-20	2.0195e-22	1.16644e-24	5.66528e-27	2.31325e-29	7.92519e-32	2.26918e-34	5.396e-37	1.05592e-39	1.67834e-42	2.12716e-45	2.09331e-48	1.53682e-51	7.89077e-55	2.51534e-58	3.7214e-62	0	0	0	0	0	0	0	0	0	0	0	0	0	0	0	0	0	0	0	0	0	0	0	0	0	0	0	0	0	0	0	0	
0	5.53831e-37	2.38813e-34	8.48175e-32	2.50122e-29	6.15621e-27	1.26829e-24	2.18903e-22	3.16231e-20	3.81331e-18	3.82108e-16	3.16122e-14	2.14066e-12	1.17324e-10	5.13014e-09	1.75715e-07	4.60497e-06	8.95846e-05	0.00124372	0.0117082	0.0701506	0.251692	0.548821	0.886868	1.24658	1.58984	1.886	2.10453	2.25115	2.33144	2.34496	2.2911	2.1711	1.98225	1.71705	1.38702	1.03094	0.680363	0.363953	0.123863	0.0249328	0.0031148	0.000257909	1.4966e-05	6.35667e-07	2.04358e-08	5.10345e-10	1.01032e-11	1.61103e-13	2.09527e-15	2.24451e-17	1.99525e-19	1.47998e-21	9.19399e-24	4.79307e-26	2.09761e-28	7.69501e-31	2.35827e-33	6.00355e-36	1.25877e-38	2.14719e-41	2.92801e-44	3.11175e-47	2.48017e-50	1.39278e-53	4.907e-57	8.14635e-61	0	0	0	0	0	0	0	0	0	0	0	0	0	0	0	0	0	0	0	0	0	0	0	0	0	0	0	0	0	0	0	0	0	
0	6.92489e-39	3.51517e-36	1.44979e-33	4.91508e-31	1.38048e-28	3.22821e-26	6.30166e-24	1.02745e-21	1.39735e-19	1.58028e-17	1.47862e-15	1.13656e-13	7.1098e-12	3.57569e-10	1.42347e-08	4.39771e-07	1.02809e-05	0.000176075	0.00211939	0.0170217	0.086053	0.263954	0.524428	0.808376	1.08691	1.35181	1.57373	1.73091	1.814	1.82752	1.77269	1.6454	1.44704	1.19639	0.92067	0.636321	0.363953	0.141649	0.0338945	0.0050457	0.000491908	3.31061e-05	1.60779e-06	5.83685e-08	1.6287e-09	3.57066e-11	6.25787e-13	8.88846e-15	1.03423e-16	9.94027e-19	7.94066e-21	5.29485e-23	2.95449e-25	1.38064e-27	5.39757e-30	1.76006e-32	4.76163e-35	1.06005e-37	1.91896e-40	2.77661e-43	3.13185e-46	2.65112e-49	1.58305e-52	5.94101e-56	1.05321e-59	0	0	0	0	0	0	0	0	0	0	0	0	0	0	0	0	0	0	0	0	0	0	0	0	0	0	0	0	0	0	0	0	0	0	
0	5.75341e-41	3.50575e-38	1.70355e-35	6.71271e-33	2.16957e-30	5.79559e-28	1.28563e-25	2.37374e-23	3.64886e-21	4.66172e-19	4.93215e-17	4.29735e-15	3.05965e-13	1.76202e-11	8.1004e-10	2.92349e-08	8.10965e-07	1.68332e-05	0.000252757	0.00263265	0.0181191	0.0789136	0.217938	0.420605	0.639108	0.845658	1.01179	1.13994	1.21577	1.2286	1.17743	1.06831	0.915947	0.725888	0.507477	0.295219	0.123863	0.0338945	0.00592573	0.000679265	5.32315e-05	2.97222e-06	1.2252e-07	3.83872e-09	9.35787e-11	1.80845e-12	2.81216e-14	3.56032e-16	3.7036e-18	3.18744e-20	2.28072e-22	1.36091e-24	6.78028e-27	2.81869e-29	9.75145e-32	2.7934e-34	6.57363e-37	1.25608e-39	1.91612e-42	2.27637e-45	2.02806e-48	1.27387e-51	5.02732e-55	9.37141e-59	0	0	0	0	0	0	0	0	0	0	0	0	0	0	0	0	0	0	0	0	0	0	0	0	0	0	0	0	0	0	0	0	0	0	0	
0	3.2165e-43	2.41657e-40	1.41019e-37	6.54985e-35	2.46172e-32	7.57131e-30	1.91973e-27	4.03064e-25	7.0217e-23	1.01481e-20	1.21417e-18	1.19764e-16	9.67917e-15	6.35509e-13	3.35237e-11	1.40073e-09	4.55323e-08	1.1257e-06	2.05772e-05	0.000268594	0.00240361	0.0141608	0.0539176	0.138633	0.264803	0.40538	0.534575	0.635329	0.690291	0.699269	0.662847	0.579872	0.459071	0.321045	0.185302	0.0818245	0.0249328	0.0050457	0.000679265	6.23454e-05	4.03522e-06	1.90452e-07	6.75085e-09	1.84191e-10	3.94664e-12	6.74928e-14	9.33149e-16	1.05364e-17	9.79107e-20	7.52978e-22	4.80968e-24	2.55609e-26	1.12997e-28	4.14552e-31	1.25624e-33	3.12059e-36	6.28212e-39	1.00792e-41	1.2575e-44	1.17497e-47	7.73129e-51	3.19307e-54	6.2237e-58	0	0	0	0	0	0	0	0	0	0	0	0	0	0	0	0	0	0	0	0	0	0	0	0	0	0	0	0	0	0	0	0	0	0	0	0	
0	1.19651e-45	1.15296e-42	8.29766e-40	4.62942e-37	2.05149e-34	7.33955e-32	2.14339e-29	5.14587e-27	1.01985e-24	1.6713e-22	2.2634e-20	2.52648e-18	2.31348e-16	1.72587e-14	1.03914e-12	4.98869e-11	1.88027e-09	5.45649e-08	1.1899e-06	1.89249e-05	0.000211888	0.0016084	0.00805802	0.0270174	0.065108	0.120739	0.183192	0.235016	0.266223	0.271683	0.250253	0.205811	0.146019	0.0853848	0.0396407	0.013404	0.0031148	0.000491908	5.32315e-05	4.03522e-06	2.20469e-07	8.93217e-09	2.75227e-10	6.58909e-12	1.24732e-13	1.89359e-15	2.33138e-17	2.34804e-19	1.94682e-21	1.33453e-23	7.58048e-26	3.56894e-28	1.39005e-30	4.45934e-33	1.16972e-35	2.48095e-38	4.18523e-41	5.48005e-44	5.36505e-47	3.69332e-50	1.59371e-53	3.2416e-57	0	0	0	0	0	0	0	0	0	0	0	0	0	0	0	0	0	0	0	0	0	0	0	0	0	0	0	0	0	0	0	0	0	0	0	0	0	
0	2.83943e-48	3.73811e-45	3.45097e-42	2.37492e-39	1.26441e-36	5.33475e-34	1.81265e-31	5.01358e-29	1.13653e-26	2.11959e-24	3.2561e-22	4.11584e-20	4.26712e-18	3.60883e-16	2.47043e-14	1.35466e-12	5.87077e-11	1.97674e-09	5.06175e-08	9.59956e-07	1.30606e-05	0.000123016	0.000777277	0.00327716	0.0096785	0.0214683	0.0374529	0.053163	0.0640811	0.0661023	0.0583665	0.0439532	0.0275541	0.0136268	0.00517418	0.00139019	0.000257909	3.31061e-05	2.97222e-06	1.90452e-07	8.93217e-09	3.14401e-10	8.4938e-12	1.79495e-13	3.01365e-15	4.07044e-17	4.46605e-19	4.00961e-21	2.96054e-23	1.803e-25	9.06417e-28	3.75611e-30	1.27793e-32	3.54487e-35	7.93043e-38	1.40784e-40	1.9358e-43	1.98641e-46	1.4308e-49	6.44995e-53	1.36857e-56	0	0	0	0	0	0	0	0	0	0	0	0	0	0	0	0	0	0	0	0	0	0	0	0	0	0	0	0	0	0	0	0	0	0	0	0	0	0	
0	3.8886e-51	7.85847e-48	9.91282e-45	8.75195e-42	5.74828e-39	2.91423e-36	1.16793e-33	3.75924e-31	9.8197e-29	2.09519e-26	3.66387e-24	5.25491e-22	6.17147e-20	5.91151e-18	4.58943e-16	2.86233e-14	1.41734e-12	5.48833e-11	1.63036e-09	3.62719e-08	5.86834e-07	6.67102e-06	5.14709e-05	0.000264516	0.000931066	0.00241081	0.0047986	0.0075956	0.00972103	0.0101245	0.00859659	0.00590944	0.00325073	0.0013916	0.000442306	9.76381e-05	1.4966e-05	1.60779e-06	1.2252e-07	6.75085e-09	2.75227e-10	8.4938e-12	2.02496e-13	3.79384e-15	5.66439e-17	6.81449e-19	6.66141e-21	5.32291e-23	3.48972e-25	1.87984e-27	8.31289e-30	3.00722e-32	8.84094e-35	2.09015e-37	3.91095e-40	5.65484e-43	6.08877e-46	4.59305e-49	2.16457e-52	4.79372e-56	0	0	0	0	0	0	0	0	0	0	0	0	0	0	0	0	0	0	0	0	0	0	0	0	0	0	0	0	0	0	0	0	0	0	0	0	0	0	0	
0	2.33768e-54	9.65779e-51	1.87023e-47	2.25638e-44	1.90146e-41	1.18936e-38	5.72826e-36	2.175e-33	6.61255e-31	1.62604e-28	3.25371e-26	5.31325e-24	7.08172e-22	7.68583e-20	6.7596e-18	4.78205e-16	2.69349e-14	1.19164e-12	4.06938e-11	1.04915e-09	1.98627e-08	2.67025e-07	2.45648e-06	1.50231e-05	6.16724e-05	0.000182453	0.00041149	0.000722911	0.000971756	0.00101951	0.000839453	0.000531913	0.000256385	9.68919e-05	2.63062e-05	4.89582e-06	6.35667e-07	5.83685e-08	3.83872e-09	1.84191e-10	6.58909e-12	1.79495e-13	3.79384e-15	6.31989e-17	8.40259e-19	9.00368e-21	7.83103e-23	5.55426e-25	3.21968e-27	1.52503e-29	5.88489e-32	1.83881e-34	4.60539e-37	9.10244e-40	1.38657e-42	1.56916e-45	1.24142e-48	6.12372e-52	1.41699e-55	0	0	0	0	0	0	0	0	0	0	0	0	0	0	0	0	0	0	0	0	0	0	0	0	0	0	0	0	0	0	0	0	0	0	0	0	0	0	0	0	
0	0	5.26497e-54	2.08444e-50	3.86096e-47	4.44644e-44	3.56877e-41	2.12084e-38	9.67835e-36	3.47147e-33	9.93666e-31	2.29182e-28	4.28303e-26	6.50046e-24	8.00769e-22	7.98042e-20	6.39612e-18	4.0864e-16	2.05607e-14	8.01809e-13	2.37388e-11	5.19676e-10	8.13858e-09	8.77063e-08	6.26881e-07	2.95284e-06	9.81543e-06	2.49416e-05	4.81531e-05	6.72466e-05	7.09296e-05	5.70705e-05	3.37644e-05	1.42896e-05	4.83865e-06	1.14044e-06	1.8245e-07	2.04358e-08	1.6287e-09	9.35787e-11	3.94664e-12	1.24732e-13	3.01365e-15	5.66439e-17	8.40259e-19	9.94959e-21	9.48451e-23	7.32079e-25	4.59007e-27	2.33906e-29	9.66559e-32	3.22077e-34	8.57106e-37	1.79412e-39	2.88596e-42	3.43973e-45	2.85922e-48	1.47868e-51	3.5801e-55	0	0	0	0	0	0	0	0	0	0	0	0	0	0	0	0	0	0	0	0	0	0	0	0	0	0	0	0	0	0	0	0	0	0	0	0	0	0	0	0	0	
0	0	0	1.03948e-53	3.93659e-50	6.96072e-47	7.63539e-44	5.82279e-41	3.27898e-38	1.41366e-35	4.77431e-33	1.2819e-30	2.76156e-28	4.79704e-26	6.72946e-24	7.61252e-22	6.91359e-20	5.00361e-18	2.85492e-16	1.26552e-14	4.27442e-13	1.07252e-11	1.93501e-10	2.41091e-09	1.98668e-08	1.06068e-07	3.91114e-07	1.11454e-06	2.33887e-06	3.36373e-06	3.5619e-06	2.81685e-06	1.57469e-06	5.87365e-07	1.80198e-07	3.73385e-08	5.21062e-09	5.10345e-10	3.57066e-11	1.80845e-12	6.74928e-14	1.89359e-15	4.07044e-17	6.81449e-19	9.00368e-21	9.48451e-23	8.02313e-25	5.47394e-27	3.01678e-29	1.34099e-31	4.78424e-34	1.35752e-36	3.01876e-39	5.1417e-42	6.47001e-45	5.66295e-48	3.07639e-51	7.80707e-55	0	0	0	0	0	0	0	0	0	0	0	0	0	0	0	0	0	0	0	0	0	0	0	0	0	0	0	0	0	0	0	0	0	0	0	0	0	0	0	0	0	0	
0	0	0	0	1.80895e-53	6.54004e-50	1.10153e-46	1.14813e-43	8.29726e-41	4.4145e-38	1.79212e-35	5.67775e-33	1.42398e-30	2.85151e-28	4.57846e-26	5.89807e-24	6.07981e-22	4.98534e-20	3.22138e-18	1.61849e-16	6.20818e-15	1.77416e-13	3.65743e-12	5.21727e-11	4.906e-10	2.94142e-09	1.19139e-08	3.79257e-08	8.56228e-08	1.25987e-07	1.338e-07	1.04434e-07	5.57152e-08	1.83973e-08	5.15698e-09	9.48689e-10	1.16775e-10	1.01032e-11	6.25787e-13	2.81216e-14	9.33149e-16	2.33138e-17	4.46605e-19	6.66141e-21	7.83103e-23	7.32079e-25	5.47394e-27	3.28262e-29	1.57796e-31	6.05536e-34	1.83944e-36	4.3609e-39	7.88977e-42	1.0511e-44	9.71143e-48	5.55431e-51	1.4804e-54	0	0	0	0	0	0	0	0	0	0	0	0	0	0	0	0	0	0	0	0	0	0	0	0	0	0	0	0	0	0	0	0	0	0	0	0	0	0	0	0	0	0	0	
0	0	0	0	0	2.7865e-53	9.59653e-50	1.53592e-46	1.51714e-43	1.03592e-40	5.19008e-38	1.9766e-35	5.84962e-33	1.36374e-30	2.52422e-28	3.72171e-26	4.36847e-24	4.06508e-22	2.97521e-20	1.69204e-18	7.35016e-17	2.38202e-15	5.57804e-14	9.04478e-13	9.6312e-12	6.43939e-11	2.84303e-10	1.00778e-09	2.42579e-09	3.63421e-09	3.86823e-09	2.98878e-09	1.53384e-09	4.50316e-10	1.16088e-10	1.91049e-11	2.09195e-12	1.61103e-13	8.88846e-15	3.56032e-16	1.05364e-17	2.34804e-19	4.00961e-21	5.32291e-23	5.55426e-25	4.59007e-27	3.01678e-29	1.57796e-31	6.54819e-34	2.13946e-36	5.42973e-39	1.04723e-41	1.48182e-44	1.44936e-47	8.74942e-51	2.45487e-54	0	0	0	0	0	0	0	0	0	0	0	0	0	0	0	0	0	0	0	0	0	0	0	0	0	0	0	0	0	0	0	0	0	0	0	0	0	0	0	0	0	0	0	0	
0	0	0	0	0	0	3.81139e-53	1.24735e-49	1.892e-46	1.76584e-43	1.13544e-40	5.33679e-38	1.89859e-35	5.22295e-33	1.12548e-30	1.91285e-28	2.5695e-26	2.7222e-24	2.26038e-22	1.45538e-20	7.15089e-19	2.62112e-17	6.94464e-16	1.27348e-14	1.52694e-13	1.13254e-12	5.4175e-12	2.13299e-11	5.4322e-11	8.25656e-11	8.80353e-11	6.74786e-11	3.35227e-11	8.78527e-12	2.09347e-12	3.10026e-13	3.03942e-14	2.09527e-15	1.03423e-16	3.7036e-18	9.79107e-20	1.94682e-21	2.96054e-23	3.48972e-25	3.21968e-27	2.33906e-29	1.34099e-31	6.05536e-34	2.13946e-36	5.83992e-39	1.2057e-41	1.81865e-44	1.88919e-47	1.20724e-50	3.57495e-54	0	0	0	0	0	0	0	0	0	0	0	0	0	0	0	0	0	0	0	0	0	0	0	0	0	0	0	0	0	0	0	0	0	0	0	0	0	0	0	0	0	0	0	0	0	
0	0	0	0	0	0	0	4.63934e-53	1.43897e-49	2.06235e-46	1.81264e-43	1.09345e-40	4.80089e-38	1.58761e-35	4.03674e-33	7.98678e-31	1.23657e-28	1.49898e-26	1.41668e-24	1.03441e-22	5.75018e-21	2.38129e-19	7.12167e-18	1.47188e-16	1.97939e-15	1.6225e-14	8.36838e-14	3.65274e-13	9.77919e-13	1.50394e-12	1.60579e-12	1.22295e-12	5.91058e-13	1.38737e-13	3.06827e-14	4.10699e-15	3.62247e-16	2.24451e-17	9.94027e-19	3.18744e-20	7.52978e-22	1.33453e-23	1.803e-25	1.87984e-27	1.52503e-29	9.66559e-32	4.78424e-34	1.83944e-36	5.42973e-39	1.2057e-41	1.94676e-44	2.15568e-47	1.46296e-50	4.58568e-54	0	0	0	0	0	0	0	0	0	0	0	0	0	0	0	0	0	0	0	0	0	0	0	0	0	0	0	0	0	0	0	0	0	0	0	0	0	0	0	0	0	0	0	0	0	0	
0	0	0	0	0	0	0	0	5.03235e-53	1.47486e-49	1.99061e-46	1.64138e-43	9.24912e-41	3.77471e-38	1.15369e-35	2.69316e-33	4.85356e-31	6.7802e-29	7.33007e-27	6.08932e-25	3.83629e-23	1.79557e-21	6.05624e-20	1.40803e-18	2.1184e-17	1.91415e-16	1.06036e-15	5.12487e-15	1.43455e-14	2.22774e-14	2.38128e-14	1.80406e-14	8.51604e-15	1.79525e-15	3.69656e-16	4.4867e-17	3.57292e-18	1.99525e-19	7.94066e-21	2.28072e-22	4.80968e-24	7.58048e-26	9.06417e-28	8.31289e-30	5.88489e-32	3.22077e-34	1.35752e-36	4.3609e-39	1.04723e-41	1.81865e-44	2.15568e-47	1.55946e-50	5.19119e-54	0	0	0	0	0	0	0	0	0	0	0	0	0	0	0	0	0	0	0	0	0	0	0	0	0	0	0	0	0	0	0	0	0	0	0	0	0	0	0	0	0	0	0	0	0	0	0	
0	0	0	0	0	0	0	0	0	4.86713e-53	1.34331e-49	1.70092e-46	1.3101e-43	6.86183e-41	2.58812e-38	7.26178e-36	1.54392e-33	2.51005e-31	3.12639e-29	2.96983e-27	2.12748e-25	1.12748e-23	4.29113e-22	1.1217e-20	1.88571e-19	1.8755e-18	1.11237e-17	5.94956e-17	1.7334e-16	2.71386e-16	2.9036e-16	2.19021e-16	1.01301e-16	1.92176e-17	3.69341e-18	4.07383e-19	2.93591e-20	1.47998e-21	5.29485e-23	1.36091e-24	2.55609e-26	3.56894e-28	3.75611e-30	3.00722e-32	1.83881e-34	8.57106e-37	3.01876e-39	7.88977e-42	1.48182e-44	1.88919e-47	1.46296e-50	5.19119e-54	0	0	0	0	0	0	0	0	0	0	0	0	0	0	0	0	0	0	0	0	0	0	0	0	0	0	0	0	0	0	0	0	0	0	0	0	0	0	0	0	0	0	0	0	0	0	0	0	
0	0	0	0	0	0	0	0	0	0	4.19634e-53	1.08653e-49	1.28509e-46	9.19992e-44	4.45306e-41	1.54178e-38	3.93946e-36	7.5545e-34	1.09481e-31	1.19777e-29	9.80624e-28	5.90428e-26	2.54067e-24	7.47303e-23	1.40379e-21	1.53609e-20	9.72976e-20	5.75964e-19	1.73994e-18	2.74305e-18	2.9371e-18	2.20737e-18	1.00289e-18	1.71436e-19	3.08118e-20	3.09222e-21	2.0195e-22	9.19399e-24	2.95449e-25	6.78028e-27	1.12997e-28	1.39005e-30	1.27793e-32	8.84094e-35	4.60539e-37	1.79412e-39	5.1417e-42	1.0511e-44	1.44936e-47	1.20724e-50	4.58568e-54	0	0	0	0	0	0	0	0	0	0	0	0	0	0	0	0	0	0	0	0	0	0	0	0	0	0	0	0	0	0	0	0	0	0	0	0	0	0	0	0	0	0	0	0	0	0	0	0	0	
0	0	0	0	0	0	0	0	0	0	0	3.22201e-53	7.79242e-50	8.56601e-47	5.66685e-44	2.51768e-41	7.93726e-39	1.82896e-36	3.12572e-34	3.97752e-32	3.74863e-30	2.57748e-28	1.25838e-26	4.17401e-25	8.77193e-24	1.0566e-22	7.13279e-22	4.67715e-21	1.46033e-20	2.316e-20	2.48146e-20	1.85912e-20	8.31465e-21	1.28142e-21	2.15676e-22	1.97005e-23	1.16644e-24	4.79307e-26	1.38064e-27	2.81869e-29	4.14552e-31	4.45934e-33	3.54487e-35	2.09015e-37	9.10244e-40	2.88596e-42	6.47001e-45	9.71143e-48	8.74942e-51	3.57495e-54	0	0	0	0	0	0	0	0	0	0	0	0	0	0	0	0	0	0	0	0	0	0	0	0	0	0	0	0	0	0	0	0	0	0	0	0	0	0	0	0	0	0	0	0	0	0	0	0	0	0	
0	0	0	0	0	0	0	0	0	0	0	0	2.1991e-53	4.94295e-50	5.02087e-47	3.04853e-44	1.23313e-41	3.50534e-39	7.19694e-37	1.07966e-34	1.18298e-32	9.35649e-31	5.21008e-29	1.95601e-27	4.61034e-26	6.12244e-25	4.39771e-24	3.19959e-23	1.0297e-22	1.64153e-22	1.75979e-22	1.31489e-22	5.79872e-23	8.05541e-24	1.27084e-24	1.05597e-25	5.66528e-27	2.09761e-28	5.39757e-30	9.75145e-32	1.25624e-33	1.16972e-35	7.93043e-38	3.91095e-40	1.38657e-42	3.43973e-45	5.66295e-48	5.55431e-51	2.45487e-54	0	0	0	0	0	0	0	0	0	0	0	0	0	0	0	0	0	0	0	0	0	0	0	0	0	0	0	0	0	0	0	0	0	0	0	0	0	0	0	0	0	0	0	0	0	0	0	0	0	0	0	
