0	0	0	0	0	0	0	0	0	0	0	0	0	0	0	0	0	0	0	0	0	0	0	0	0	0	0	0	0	0	0	0	0	0	0	0	0	0	0	0	0	0	0	0	0	0	0	0	0	0	0	0	0	0	0	0	0	0	0	0	0	0	0	0	0	0	0	0	0	0	0	0	0	0	0	0	0	0	0	0	0	0	0	0	0	0	0	0	0	0	0	0	0	0	0	0	0	0	0	0	
0	3.77447e-59	7.97274e-57	1.49867e-54	2.5084e-52	3.73839e-50	4.95849e-48	5.84729e-46	6.1212e-44	5.67676e-42	4.65162e-40	3.35692e-38	2.12524e-36	1.17485e-34	5.63996e-33	2.33605e-31	8.28581e-30	2.49492e-28	6.31414e-27	1.32809e-25	2.29316e-24	3.20843e-23	3.59016e-22	3.16963e-21	2.16804e-20	1.10963e-19	3.98495e-19	9.53662e-19	1.82916e-18	2.94764e-18	3.21336e-18	2.31982e-18	1.28291e-18	5.91753e-19	1.94155e-19	4.50754e-20	7.56514e-21	9.41209e-22	8.91555e-23	6.59593e-24	3.89826e-25	1.87624e-26	7.47359e-28	2.49712e-29	7.0778e-31	1.71787e-32	3.59871e-34	6.5501e-36	1.04164e-37	1.45408e-39	1.78875e-41	1.94532e-43	1.87515e-45	1.60529e-47	1.22233e-49	8.28627e-52	5.00334e-54	2.69073e-56	1.28806e-58	5.48226e-61	2.07099e-63	6.92673e-66	2.04455e-68	5.30361e-71	1.20263e-73	2.36778e-76	4.01298e-79	5.79031e-82	7.0108e-85	6.98613e-88	5.57667e-91	3.42711e-94	1.52166e-97	4.34328e-101	5.98272e-105	0	0	0	0	0	0	0	0	0	0	0	0	0	0	0	0	0	0	0	0	0	0	0	0	0	
0	7.97274e-57	1.56623e-54	2.74502e-52	4.29314e-50	5.98981e-48	7.44948e-46	8.24838e-44	8.11678e-42	7.08252e-40	5.46461e-38	3.71547e-36	2.21708e-34	1.1555e-32	5.23034e-31	2.04267e-29	6.83067e-28	1.93867e-26	4.62348e-25	9.16168e-24	1.49005e-22	1.96374e-21	2.0704e-20	1.72339e-19	1.11278e-18	5.39293e-18	1.85142e-17	4.32824e-17	8.08253e-17	1.25857e-16	1.36394e-16	1.00787e-16	5.75799e-17	2.71932e-17	9.24643e-18	2.24992e-18	3.98999e-19	5.27019e-20	5.31174e-21	4.18435e-22	2.63311e-23	1.34884e-24	5.71561e-26	2.03059e-27	6.11725e-29	1.57761e-30	3.51107e-32	6.78932e-34	1.14723e-35	1.70222e-37	2.22684e-39	2.57713e-41	2.64586e-43	2.41513e-45	1.96334e-47	1.42318e-49	9.20548e-52	5.3146e-54	2.73799e-56	1.25779e-58	5.14573e-61	1.87123e-63	6.0331e-66	1.71883e-68	4.30874e-71	9.4524e-74	1.80236e-76	2.96129e-79	4.14606e-82	4.87528e-85	4.72199e-88	3.66655e-91	2.19344e-94	9.48709e-98	2.63961e-101	3.54651e-105	0	0	0	0	0	0	0	0	0	0	0	0	0	0	0	0	0	0	0	0	0	0	0	0	
0	1.49867e-54	2.74502e-52	4.49545e-50	6.58188e-48	8.61052e-46	1.00548e-43	1.04649e-41	9.68892e-40	7.96025e-38	5.78615e-36	3.70773e-34	2.08566e-32	1.0248e-30	4.37297e-29	1.6097e-27	5.07192e-26	1.35582e-24	3.04409e-23	5.67614e-22	8.68376e-21	1.07632e-19	1.06739e-18	8.36189e-18	5.08775e-17	2.33128e-16	7.64321e-16	1.74307e-15	3.16863e-15	4.77256e-15	5.14147e-15	3.88738e-15	2.29265e-15	1.10962e-15	3.91562e-16	1.00011e-16	1.87705e-17	2.63667e-18	2.83241e-19	2.37965e-20	1.59673e-21	8.71669e-23	3.93348e-24	1.48718e-25	4.76499e-27	1.30636e-28	3.0897e-30	6.34797e-32	1.13968e-33	1.79692e-35	2.49873e-37	3.07536e-39	3.36004e-41	3.26674e-43	2.8316e-45	2.1914e-47	1.51568e-49	9.37396e-52	5.18443e-54	2.56315e-56	1.13179e-58	4.45723e-61	1.56246e-63	4.86231e-66	1.33868e-68	3.24656e-71	6.89764e-74	1.27501e-76	2.03268e-79	2.76388e-82	3.1589e-85	2.97613e-88	2.24955e-91	1.31093e-94	5.527e-98	1.49994e-101	1.96686e-105	0	0	0	0	0	0	0	0	0	0	0	0	0	0	0	0	0	0	0	0	0	0	0	
0	2.5084e-52	4.29314e-50	6.58188e-48	9.03579e-46	1.10987e-43	1.21823e-41	1.19292e-39	1.03988e-37	8.04843e-36	5.51334e-34	3.3302e-32	1.7659e-30	8.17867e-29	3.28881e-27	1.1404e-25	3.38315e-24	8.50984e-23	1.79661e-21	3.148e-20	4.5229e-19	5.26277e-18	4.89944e-17	3.60478e-16	2.0626e-15	8.92047e-15	2.78976e-14	6.19678e-14	1.09639e-13	1.59918e-13	1.71263e-13	1.32423e-13	8.05645e-14	4.0002e-14	1.46721e-14	3.9404e-15	7.84144e-16	1.1737e-16	1.34653e-17	1.20882e-18	8.6638e-20	5.04797e-21	2.42903e-22	9.78404e-24	3.33706e-25	9.73229e-27	2.4473e-28	5.34397e-30	1.01947e-31	1.70794e-33	2.52385e-35	3.30196e-37	3.83673e-39	3.9697e-41	3.66503e-43	3.02435e-45	2.23331e-47	1.47694e-49	8.75046e-52	4.6443e-54	2.20702e-56	9.38116e-59	3.56136e-61	1.20497e-63	3.62368e-66	9.65187e-69	2.26694e-71	4.66902e-74	8.37432e-77	1.29657e-79	1.71354e-82	1.90502e-85	1.74712e-88	1.2864e-91	7.30732e-95	3.00498e-98	7.959e-102	1.01915e-105	0	0	0	0	0	0	0	0	0	0	0	0	0	0	0	0	0	0	0	0	0	0	
0	3.73839e-50	5.98981e-48	8.61052e-46	1.10987e-43	1.28142e-41	1.32331e-39	1.22003e-37	1.00187e-35	7.30737e-34	4.71822e-32	2.68636e-30	1.34258e-28	5.85887e-27	2.21891e-25	7.24232e-24	2.02091e-22	4.77744e-21	9.47068e-20	1.55674e-18	2.0965e-17	2.28521e-16	1.9925e-15	1.3735e-14	7.37312e-14	3.00374e-13	8.94817e-13	1.93255e-12	3.32698e-12	4.70551e-12	5.00998e-12	3.95884e-12	2.48278e-12	1.26621e-12	4.83569e-13	1.36827e-13	2.89332e-14	4.62544e-15	5.68055e-16	5.46136e-17	4.18955e-18	2.61011e-19	1.34139e-20	5.76397e-22	2.09507e-23	6.50561e-25	1.74051e-26	4.0413e-28	8.19458e-30	1.45886e-31	2.29073e-33	3.18493e-35	3.93396e-37	4.32886e-39	4.2533e-41	3.7384e-43	2.94353e-45	2.07832e-47	1.31667e-49	7.48611e-52	3.81905e-54	1.74702e-56	7.15819e-59	2.62287e-61	8.57576e-64	2.49498e-66	6.43583e-69	1.46534e-71	2.9284e-74	5.10082e-77	7.67594e-80	9.8676e-83	1.06787e-85	9.53994e-89	6.8469e-92	3.79352e-95	1.52249e-98	3.93775e-102	4.92655e-106	0	0	0	0	0	0	0	0	0	0	0	0	0	0	0	0	0	0	0	0	0	
0	4.95849e-48	7.44948e-46	1.00548e-43	1.21823e-41	1.32331e-39	1.28664e-37	1.11744e-35	8.6473e-34	5.94472e-32	3.61792e-30	1.9413e-28	9.14081e-27	3.75637e-25	1.33884e-23	4.10917e-22	1.07721e-20	2.38978e-19	4.44064e-18	6.83388e-17	8.60701e-16	8.76634e-15	7.13912e-14	4.5977e-13	2.30919e-12	8.84094e-12	2.50464e-11	5.24897e-11	8.78914e-11	1.20711e-10	1.2779e-10	1.03107e-10	6.66129e-11	3.49441e-11	1.39227e-11	4.16012e-12	9.37142e-13	1.6045e-13	2.11524e-14	2.18368e-15	1.79737e-16	1.19993e-17	6.59865e-19	3.02981e-20	1.17522e-21	3.88991e-23	1.10825e-24	2.73811e-26	5.90422e-28	1.1173e-29	1.86441e-31	2.75453e-33	3.61581e-35	4.22959e-37	4.41977e-39	4.13422e-41	3.46721e-43	2.61029e-45	1.76556e-47	1.07338e-49	5.86595e-52	2.88064e-54	1.27023e-56	5.02339e-59	1.77868e-61	5.62614e-64	1.58517e-66	3.9638e-69	8.7568e-72	1.69949e-74	2.87717e-77	4.21146e-80	5.26997e-83	5.55537e-86	4.83759e-89	3.3864e-92	1.83109e-95	7.17616e-99	1.8134e-102	2.21781e-106	0	0	0	0	0	0	0	0	0	0	0	0	0	0	0	0	0	0	0	0	
0	5.84729e-46	8.24838e-44	1.04649e-41	1.19292e-39	1.22003e-37	1.11744e-35	9.14547e-34	6.67043e-32	4.32218e-30	2.4789e-28	1.25309e-26	5.55572e-25	2.14832e-23	7.1988e-22	2.0751e-20	5.10289e-19	1.06051e-17	1.84335e-16	2.64962e-15	3.11249e-14	2.95334e-13	2.23924e-12	1.34282e-11	6.28987e-11	2.25702e-10	6.06883e-10	1.23131e-09	2.00431e-09	2.6772e-09	2.81864e-09	2.31976e-09	1.54295e-09	8.33943e-10	3.47422e-10	1.09921e-10	2.64575e-11	4.86692e-12	6.90992e-13	7.68391e-14	6.80558e-15	4.88127e-16	2.87887e-17	1.41522e-18	5.86782e-20	2.07317e-21	6.29712e-23	1.65699e-24	3.80222e-26	7.65206e-28	1.35734e-29	2.13118e-31	2.97281e-33	3.69564e-35	4.10527e-37	4.084e-39	3.64506e-41	2.9229e-43	2.10799e-45	1.36824e-47	7.99529e-50	4.20594e-52	1.99094e-54	8.47329e-57	3.23809e-59	1.10917e-61	3.39762e-64	9.27965e-67	2.25145e-69	4.83022e-72	9.11109e-75	1.50033e-77	2.13767e-80	2.60561e-83	2.67728e-86	2.27387e-89	1.55342e-92	8.2021e-96	3.14057e-99	7.7578e-103	9.27924e-107	0	0	0	0	0	0	0	0	0	0	0	0	0	0	0	0	0	0	0	
0	6.1212e-44	8.11678e-42	9.68892e-40	1.03988e-37	1.00187e-35	8.6473e-34	6.67043e-32	4.58559e-30	2.80004e-28	1.51284e-26	7.20037e-25	3.00364e-23	1.09181e-21	3.43538e-20	9.28657e-19	2.13838e-17	4.15443e-16	6.73825e-15	9.02099e-14	9.85226e-13	8.67866e-12	6.10312e-11	3.39465e-10	1.47738e-09	4.95306e-09	1.2611e-08	2.4706e-08	3.90671e-08	5.08337e-08	5.32394e-08	4.46416e-08	3.05538e-08	1.70481e-08	7.44536e-09	2.50215e-09	6.45757e-10	1.28111e-10	1.96644e-11	2.36418e-12	2.26091e-13	1.74754e-14	1.10834e-15	5.8469e-17	2.59655e-18	9.80898e-20	3.1809e-21	8.92465e-23	2.18129e-24	4.67184e-26	8.81351e-28	1.47106e-29	2.18077e-31	2.88087e-33	3.401e-35	3.59665e-37	3.41399e-39	2.91338e-41	2.23792e-43	1.54879e-45	9.66226e-48	5.43485e-50	2.75583e-52	1.25904e-54	5.17782e-57	1.91418e-59	6.34963e-62	1.88541e-64	4.99628e-67	1.17717e-69	2.45452e-72	4.50329e-75	7.21813e-78	1.00176e-80	1.19016e-83	1.19271e-86	9.88583e-90	6.59469e-93	3.40191e-96	1.27329e-99	3.07605e-103	3.60007e-107	0	0	0	0	0	0	0	0	0	0	0	0	0	0	0	0	0	0	
0	5.67676e-42	7.08252e-40	7.96025e-38	8.04843e-36	7.30737e-34	5.94472e-32	4.32218e-30	2.80004e-28	1.61064e-26	8.19322e-25	3.66884e-23	1.43855e-21	4.90944e-20	1.44834e-18	3.66497e-17	7.88548e-16	1.42855e-14	2.15583e-13	2.67921e-12	2.71024e-11	2.20709e-10	1.4331e-09	7.35932e-09	2.96272e-08	9.24614e-08	2.22296e-07	4.19222e-07	6.43347e-07	8.16829e-07	8.51284e-07	7.26313e-07	5.11349e-07	2.9524e-07	1.35569e-07	4.8572e-08	1.34967e-08	2.90069e-09	4.83563e-10	6.31332e-11	6.54546e-12	5.47188e-13	3.74385e-14	2.12531e-15	1.0133e-16	4.10122e-18	1.42231e-19	4.26102e-21	1.11055e-22	2.53363e-24	5.08691e-26	9.03016e-28	1.42307e-29	1.99789e-31	2.50635e-33	2.81681e-35	2.84225e-37	2.57949e-39	2.10862e-41	1.55428e-43	1.03385e-45	6.20826e-48	3.36592e-50	1.64721e-52	7.27174e-55	2.8929e-57	1.03565e-59	3.33004e-62	9.59356e-65	2.46873e-67	5.65298e-70	1.14645e-72	2.04732e-75	3.19635e-78	4.3237e-81	5.00993e-84	4.8996e-87	3.96539e-90	2.58435e-93	1.30314e-96	4.77003e-100	1.12752e-103	1.29174e-107	0	0	0	0	0	0	0	0	0	0	0	0	0	0	0	0	0	
0	4.65162e-40	5.46461e-38	5.78615e-36	5.51334e-34	4.71822e-32	3.61792e-30	2.4789e-28	1.51284e-26	8.19322e-25	3.92116e-23	1.65034e-21	6.07496e-20	1.9436e-18	5.36632e-17	1.26843e-15	2.54362e-14	4.28428e-13	5.99493e-12	6.88878e-11	6.42558e-10	4.81339e-09	2.87035e-08	1.35337e-07	5.01368e-07	1.45023e-06	3.28134e-06	5.93568e-06	8.82877e-06	1.09552e-05	1.13654e-05	9.8537e-06	7.13548e-06	4.27515e-06	2.07115e-06	7.94526e-07	2.38872e-07	5.59119e-08	1.01786e-08	1.45071e-09	1.63849e-10	1.48786e-11	1.10235e-12	6.75607e-14	3.46796e-15	1.50742e-16	5.60212e-18	1.79509e-19	4.99606e-21	1.21551e-22	2.59961e-24	4.91138e-26	8.23175e-28	1.22853e-29	1.63787e-31	1.95601e-33	2.09743e-35	2.02343e-37	1.75904e-39	1.37978e-41	9.77477e-44	6.25815e-46	3.62216e-48	1.89526e-50	8.96192e-53	3.82705e-55	1.47431e-57	5.11595e-60	1.59596e-62	4.4647e-65	1.11656e-67	2.4867e-70	4.90859e-73	8.53789e-76	1.29918e-78	1.71394e-81	1.93802e-84	1.85064e-87	1.46325e-90	9.32148e-94	4.59665e-97	1.64626e-100	3.80912e-104	4.27358e-108	0	0	0	0	0	0	0	0	0	0	0	0	0	0	0	0	
0	3.35692e-38	3.71547e-36	3.70773e-34	3.3302e-32	2.68636e-30	1.9413e-28	1.25309e-26	7.20037e-25	3.66884e-23	1.65034e-21	6.52071e-20	2.25006e-18	6.73654e-17	1.73704e-15	3.8255e-14	7.12868e-13	1.11243e-11	1.43745e-10	1.52007e-09	1.30036e-08	8.90678e-08	4.84639e-07	2.08421e-06	7.061e-06	1.88339e-05	3.99435e-05	6.90165e-05	9.93239e-05	0.000120617	0.000124612	0.000109645	8.16906e-05	5.0962e-05	2.61539e-05	1.07972e-05	3.53287e-06	9.0637e-07	1.81372e-07	2.8399e-08	3.51449e-09	3.48452e-10	2.80818e-11	1.86529e-12	1.03426e-13	4.84174e-15	1.93286e-16	6.63786e-18	1.97614e-19	5.13428e-21	1.17101e-22	2.35665e-24	4.20369e-26	6.6722e-28	9.45575e-30	1.20004e-31	1.36732e-33	1.40173e-35	1.29527e-37	1.08044e-39	8.14481e-42	5.55356e-44	3.42691e-46	1.91413e-48	9.67705e-51	4.42621e-53	1.83024e-55	6.83397e-58	2.30066e-60	6.96904e-63	1.89463e-65	4.60826e-68	9.98895e-71	1.92043e-73	3.25558e-76	4.83124e-79	6.21952e-82	6.86659e-85	6.40568e-88	4.95051e-91	3.08404e-94	1.48795e-97	5.21623e-101	1.18191e-104	1.29909e-108	0	0	0	0	0	0	0	0	0	0	0	0	0	0	0	
0	2.12524e-36	2.21708e-34	2.08566e-32	1.7659e-30	1.34258e-28	9.14081e-27	5.55572e-25	3.00364e-23	1.43855e-21	6.07496e-20	2.25006e-18	7.26536e-17	2.03124e-15	4.87914e-14	9.98194e-13	1.72241e-11	2.47988e-10	2.94477e-09	2.84955e-08	2.22115e-07	1.38096e-06	6.8025e-06	2.64693e-05	8.13974e-05	0.000199002	0.000393668	0.000646538	0.000898145	0.00106841	0.0010996	0.000980933	0.000752599	0.000490864	0.000268133	0.000119845	4.29779e-05	1.21789e-05	2.70034e-06	4.68085e-07	6.39189e-08	6.96237e-09	6.13607e-10	4.43769e-11	2.66837e-12	1.34982e-13	5.80468e-15	2.1416e-16	6.83355e-18	1.89918e-19	4.62568e-21	9.92725e-23	1.88619e-24	3.18603e-26	4.80174e-28	6.4775e-30	7.84269e-32	8.54267e-34	8.388e-36	7.4367e-38	5.96131e-40	4.32505e-42	2.84216e-44	1.69241e-46	9.1332e-49	4.46609e-51	1.97791e-53	7.92689e-56	2.87139e-58	9.38589e-61	2.76285e-63	7.30487e-66	1.72921e-68	3.65056e-71	6.84003e-74	1.13079e-76	1.63744e-79	2.05812e-82	2.21972e-85	2.02392e-88	1.52956e-91	9.32254e-95	4.40251e-98	1.51132e-101	3.35473e-105	3.61375e-109	0	0	0	0	0	0	0	0	0	0	0	0	0	0	
0	1.17485e-34	1.1555e-32	1.0248e-30	8.17867e-29	5.85887e-27	3.75637e-25	2.14832e-23	1.09181e-21	4.90944e-20	1.9436e-18	6.73654e-17	2.03124e-15	5.2899e-14	1.1802e-12	2.23509e-11	3.55639e-10	4.70099e-09	5.09999e-08	4.48504e-07	3.16024e-06	1.76757e-05	7.80615e-05	0.000272138	0.000752835	0.00167501	0.00307248	0.00476909	0.00637501	0.00742976	0.00761935	0.00688815	0.00545149	0.00373555	0.00218417	0.00106444	0.000421925	0.000133309	3.30711e-05	6.40652e-06	9.7363e-07	1.17389e-07	1.1387e-08	9.01567e-10	5.90616e-11	3.24114e-12	1.50641e-13	5.98753e-15	2.05257e-16	6.11407e-18	1.59287e-19	3.65036e-21	7.39573e-23	1.33056e-24	2.1339e-26	3.06105e-28	3.93915e-30	4.55908e-32	4.75601e-34	4.48023e-36	3.81691e-38	2.94449e-40	2.05872e-42	1.30542e-44	7.50977e-47	3.91967e-49	1.85575e-51	7.96512e-54	3.0966e-56	1.08906e-58	3.45921e-61	9.90233e-64	2.54796e-66	5.87403e-69	1.20849e-71	2.20808e-74	3.56183e-77	5.03552e-80	6.18262e-83	6.51707e-86	5.81057e-89	4.29607e-92	2.56281e-95	1.18509e-98	3.98531e-102	8.66948e-106	9.15576e-110	0	0	0	0	0	0	0	0	0	0	0	0	0	
0	5.63996e-33	5.23034e-31	4.37297e-29	3.28881e-27	2.21891e-25	1.33884e-23	7.1988e-22	3.43538e-20	1.44834e-18	5.36632e-17	1.73704e-15	4.87914e-14	1.1802e-12	2.43718e-11	4.25504e-10	6.2125e-09	7.49493e-08	7.37641e-07	5.84622e-06	3.68742e-05	0.000183481	0.000717756	0.00221486	0.00545291	0.0109496	0.0184931	0.0269561	0.0345343	0.0393889	0.0402508	0.0368938	0.0302055	0.0218674	0.0137757	0.00738016	0.00326637	0.00116391	0.000326979	7.16196e-05	1.22423e-05	1.64888e-06	1.77421e-07	1.54796e-08	1.1109e-09	6.64406e-11	3.35049e-12	1.43938e-13	5.31569e-15	1.701e-16	4.74926e-18	1.16406e-19	2.51809e-21	4.83018e-23	8.24976e-25	1.25915e-26	1.72286e-28	2.1191e-30	2.34864e-32	2.35034e-34	2.12733e-36	1.74399e-38	1.2964e-40	8.74548e-43	5.35697e-45	2.98034e-47	1.50598e-49	6.90952e-52	2.87666e-54	1.08575e-56	3.71027e-59	1.14599e-61	3.19237e-64	7.99924e-67	1.79706e-69	3.6051e-72	6.42684e-75	1.01208e-77	1.39761e-80	1.67704e-83	1.7285e-86	1.50762e-89	1.09094e-92	6.37224e-96	2.88642e-99	9.51214e-103	2.02856e-106	2.10102e-110	0	0	0	0	0	0	0	0	0	0	0	0	
0	2.33605e-31	2.04267e-29	1.6097e-27	1.1404e-25	7.24232e-24	4.10917e-22	2.0751e-20	9.28657e-19	3.66497e-17	1.26843e-15	3.8255e-14	9.98194e-13	2.23509e-11	4.25504e-10	6.81539e-09	9.07741e-08	9.92454e-07	8.78544e-06	6.21077e-05	0.000346398	0.00151205	0.00516068	0.0138881	0.0300502	0.0539573	0.0832503	0.113216	0.138373	0.154038	0.156795	0.14599	0.124135	0.0954882	0.0652741	0.0387851	0.0193931	0.00790184	0.00255154	0.000641196	0.000124913	1.90084e-05	2.29043e-06	2.21955e-07	1.75641e-08	1.1511e-09	6.3268e-11	2.94888e-12	1.17694e-13	4.05663e-15	1.21654e-16	3.19499e-18	7.39066e-20	1.51339e-21	2.75546e-23	4.47813e-25	6.51839e-27	8.52345e-29	1.0038e-30	1.06709e-32	1.0259e-34	8.93409e-37	7.05673e-39	5.06066e-41	3.29751e-43	1.9532e-45	1.05191e-47	5.15052e-50	2.29195e-52	9.26305e-55	3.39677e-57	1.12864e-59	3.39209e-62	9.20122e-65	2.24655e-67	4.92089e-70	9.6311e-73	1.67604e-75	2.57794e-78	3.47889e-81	4.08144e-84	4.11497e-87	3.51249e-90	2.48852e-93	1.42377e-96	6.31955e-100	2.04153e-103	4.26952e-107	4.33803e-111	0	0	0	0	0	0	0	0	0	0	0	
0	8.28581e-30	6.83067e-28	5.07192e-26	3.38315e-24	2.02091e-22	1.07721e-20	5.10289e-19	2.13838e-17	7.88548e-16	2.54362e-14	7.12868e-13	1.72241e-11	3.55639e-10	6.2125e-09	9.07741e-08	1.0953e-06	1.07606e-05	8.47855e-05	0.000527831	0.00256347	0.00964396	0.0281815	0.0649895	0.12195	0.194107	0.271726	0.343231	0.398838	0.431735	0.437431	0.414982	0.367827	0.301725	0.225142	0.149525	0.0854957	0.0404681	0.0152935	0.00449042	0.00101361	0.000176741	2.41277e-05	2.62174e-06	2.30555e-07	1.66633e-08	1.0035e-09	5.09678e-11	2.20641e-12	8.21648e-14	2.65331e-15	7.48251e-17	1.85412e-18	4.05888e-20	7.88711e-22	1.36611e-23	2.11689e-25	2.94411e-27	3.68529e-29	4.16208e-31	4.24989e-33	3.93053e-35	3.29741e-37	2.51229e-39	1.73998e-41	1.0962e-43	6.2846e-46	3.27924e-48	1.5571e-50	6.72556e-53	2.64058e-55	9.41404e-58	3.04338e-60	8.90567e-63	2.35362e-65	5.60246e-68	1.19713e-70	2.28697e-73	3.88685e-76	5.84176e-79	7.70708e-82	8.84403e-85	8.72554e-88	7.29158e-91	5.05959e-94	2.83632e-97	1.23401e-100	3.909e-104	8.01909e-108	7.99516e-112	0	0	0	0	0	0	0	0	0	0	
0	2.49492e-28	1.93867e-26	1.35582e-24	8.50984e-23	4.77744e-21	2.38978e-19	1.06051e-17	4.15443e-16	1.42855e-14	4.28428e-13	1.11243e-11	2.47988e-10	4.70099e-09	7.49493e-08	9.92454e-07	1.07606e-05	9.403e-05	0.000651086	0.00351314	0.0145729	0.0462192	0.113083	0.219475	0.353763	0.497705	0.632387	0.744392	0.825081	0.868475	0.875605	0.84704	0.781025	0.680436	0.55358	0.411265	0.270908	0.151187	0.0682343	0.0239323	0.00638984	0.00129922	0.000203827	2.51209e-05	2.47769e-06	1.98961e-07	1.32084e-08	7.34692e-10	3.46403e-11	1.39849e-12	4.87689e-14	1.4803e-15	3.93706e-17	9.22888e-19	1.91648e-20	3.54155e-22	5.847e-24	8.65431e-26	1.15189e-27	1.38238e-29	1.49925e-31	1.47235e-33	1.31149e-35	1.06107e-37	7.80593e-40	5.22618e-42	3.18625e-44	1.76953e-46	8.95271e-49	4.1256e-51	1.73083e-53	6.6058e-56	2.29103e-58	7.21026e-61	2.05539e-63	5.29514e-66	1.22941e-68	2.56385e-71	4.78285e-74	7.942e-77	1.16681e-79	1.50551e-82	1.69037e-85	1.63251e-88	1.33598e-91	9.08216e-95	4.98994e-98	2.12857e-101	6.61336e-105	1.33113e-108	1.30259e-112	0	0	0	0	0	0	0	0	0	
0	6.31414e-27	4.62348e-25	3.04409e-23	1.79661e-21	9.47068e-20	4.44064e-18	1.84335e-16	6.73825e-15	2.15583e-13	5.99493e-12	1.43745e-10	2.94477e-09	5.09999e-08	7.37641e-07	8.78544e-06	8.47855e-05	0.000651086	0.00390129	0.0178936	0.0619189	0.161366	0.323486	0.523854	0.731017	0.923584	1.08721	1.21581	1.30656	1.35401	1.36148	1.33106	1.25717	1.1426	0.99332	0.810352	0.607727	0.400879	0.21955	0.094211	0.0304933	0.00738551	0.00135469	0.000191969	2.14659e-05	1.93167e-06	1.42343e-07	8.71966e-09	4.49837e-10	1.9763e-11	7.46582e-13	2.44545e-14	6.99599e-16	1.75916e-17	3.90962e-19	7.71708e-21	1.35868e-22	2.14171e-24	3.03261e-26	3.86843e-28	4.45666e-30	4.64716e-32	4.39418e-34	3.77367e-36	2.9472e-38	2.0954e-40	1.35728e-42	8.01408e-45	4.31455e-47	2.11801e-49	9.47817e-52	3.86461e-54	1.43456e-56	4.84263e-59	1.48441e-61	4.12411e-64	1.03613e-66	2.34743e-69	4.77955e-72	8.7099e-75	1.41354e-77	2.03069e-80	2.56327e-83	2.81678e-86	2.66363e-89	2.13524e-92	1.42243e-95	7.66123e-99	3.20487e-102	9.76825e-106	1.92945e-109	1.85345e-113	0	0	0	0	0	0	0	0	
0	1.32809e-25	9.16168e-24	5.67614e-22	3.148e-20	1.55674e-18	6.83388e-17	2.64962e-15	9.02099e-14	2.67921e-12	6.88878e-11	1.52007e-09	2.84955e-08	4.48504e-07	5.84622e-06	6.21077e-05	0.000527831	0.00351314	0.0178936	0.0682073	0.19186	0.40177	0.657519	0.913005	1.1538	1.36683	1.54703	1.6849	1.77993	1.8359	1.84568	1.80755	1.72722	1.60755	1.44344	1.24284	1.0117	0.761546	0.501357	0.267134	0.107447	0.0317541	0.00694655	0.00114964	0.000147526	1.50196e-05	1.23785e-06	8.40181e-08	4.76586e-09	2.28771e-10	9.3929e-12	3.32917e-13	1.02676e-14	2.77462e-16	6.60938e-18	1.3952e-19	2.62204e-21	4.40496e-23	6.63888e-25	9.0045e-27	1.10212e-28	1.22021e-30	1.22456e-32	1.1159e-34	9.24731e-37	6.97714e-39	4.79764e-41	3.00868e-43	1.72156e-45	8.99015e-48	4.28444e-50	1.86286e-52	7.38553e-55	2.66768e-57	8.76863e-60	2.61893e-62	7.09401e-65	1.7387e-67	3.84499e-70	7.64566e-73	1.36141e-75	2.15996e-78	3.03492e-81	3.74848e-84	4.03238e-87	3.73428e-90	2.93275e-93	1.91479e-96	1.01113e-99	4.14851e-103	1.24056e-106	2.40488e-110	2.26797e-114	0	0	0	0	0	0	0	
0	2.29316e-24	1.49005e-22	8.68376e-21	4.5229e-19	2.0965e-17	8.60701e-16	3.11249e-14	9.85226e-13	2.71024e-11	6.42558e-10	1.30036e-08	2.22115e-07	3.16024e-06	3.68742e-05	0.000346398	0.00256347	0.0145729	0.0619189	0.19186	0.430508	0.727624	1.02319	1.31369	1.58189	1.80882	1.98417	2.11304	2.19126	2.22935	2.23562	2.21063	2.14973	2.04226	1.88437	1.67957	1.42377	1.14118	0.846258	0.546274	0.275851	0.101589	0.0270406	0.00531208	0.00079224	9.21561e-05	8.56022e-06	6.47715e-07	4.05966e-08	2.13762e-09	9.56972e-11	3.67987e-12	1.22613e-13	3.56705e-15	9.12022e-17	2.06121e-18	4.1385e-20	7.41454e-22	1.18995e-23	1.71653e-25	2.23229e-27	2.62396e-29	2.79419e-31	2.70082e-33	2.37355e-35	1.8992e-37	1.38517e-39	9.21686e-42	5.59874e-44	3.106e-46	1.57394e-48	7.2848e-51	3.07853e-53	1.18715e-55	4.17371e-58	1.3362e-60	3.88946e-63	1.0274e-65	2.45699e-68	5.30444e-71	1.03027e-73	1.79278e-76	2.78094e-79	3.82205e-82	4.61951e-85	4.86487e-88	4.41223e-91	3.39495e-94	2.17242e-97	1.12473e-100	4.52578e-104	1.32776e-107	2.52601e-111	2.33855e-115	0	0	0	0	0	0	
0	3.20843e-23	1.96374e-21	1.07632e-19	5.26277e-18	2.28521e-16	8.76634e-15	2.95334e-13	8.67866e-12	2.20709e-10	4.81339e-09	8.90678e-08	1.38096e-06	1.76757e-05	0.000183481	0.00151205	0.00964396	0.0462192	0.161366	0.40177	0.727624	1.06022	1.40068	1.71612	1.9735	2.17543	2.31735	2.4088	2.46551	2.49581	2.50082	2.48064	2.43484	2.35906	2.23952	2.06043	1.82616	1.53244	1.19615	0.859964	0.526662	0.242286	0.0794915	0.0187794	0.00329036	0.000441042	4.64817e-05	3.94135e-06	2.74085e-07	1.58832e-08	7.77362e-10	3.2499e-11	1.17187e-12	3.67508e-14	1.0096e-15	2.44482e-17	5.24717e-19	1.00291e-20	1.71424e-22	2.63004e-24	3.63358e-26	4.53335e-28	5.12025e-30	5.24668e-32	4.88654e-34	4.14309e-36	3.202e-38	2.25815e-40	1.45436e-42	8.55924e-45	4.60459e-47	2.26459e-49	1.01806e-51	4.18199e-54	1.56869e-56	5.36829e-59	1.67396e-61	4.7488e-64	1.22322e-66	2.85416e-69	6.01516e-72	1.14105e-74	1.94016e-77	2.94207e-80	3.95453e-83	4.67638e-86	4.82028e-89	4.28065e-92	3.2262e-95	2.02283e-98	1.02651e-101	4.04996e-105	1.16534e-108	2.17503e-112	1.97606e-116	0	0	0	0	0	
0	3.59016e-22	2.0704e-20	1.06739e-18	4.89944e-17	1.9925e-15	7.13912e-14	2.23924e-12	6.10312e-11	1.4331e-09	2.87035e-08	4.84639e-07	6.8025e-06	7.80615e-05	0.000717756	0.00516068	0.0281815	0.113083	0.323486	0.657519	1.02319	1.40068	1.75873	2.04926	2.28134	2.43249	2.51552	2.54996	2.54665	2.53306	2.53005	2.54091	2.55155	2.53539	2.47171	2.35203	2.15088	1.88095	1.55141	1.17224	0.803917	0.446232	0.179408	0.0511291	0.0105738	0.00164019	0.000196809	1.87522e-05	1.4499e-06	9.26174e-08	4.96146e-09	2.25705e-10	8.81274e-12	2.98035e-13	8.79852e-15	2.28288e-16	5.2366e-18	1.06745e-19	1.94244e-21	3.16788e-23	4.64653e-25	6.14836e-27	7.35911e-29	7.98631e-31	7.87415e-33	7.0657e-35	5.77887e-37	4.31318e-39	2.94067e-41	1.8328e-43	1.04478e-45	5.44892e-48	2.60011e-50	1.135e-52	4.53039e-55	1.65241e-57	5.50209e-60	1.67037e-62	4.61613e-65	1.15895e-67	2.63712e-70	5.42258e-73	1.00409e-75	1.66729e-78	2.4701e-81	3.24504e-84	3.75203e-87	3.78285e-90	3.287e-93	2.42476e-96	1.48855e-99	7.39817e-103	2.85952e-106	8.06297e-110	1.47512e-113	1.31397e-117	0	0	0	0	
0	3.16963e-21	1.72339e-19	8.36189e-18	3.60478e-16	1.3735e-14	4.5977e-13	1.34282e-11	3.39465e-10	7.35932e-09	1.35337e-07	2.08421e-06	2.64693e-05	0.000272138	0.00221486	0.0138881	0.0649895	0.219475	0.523854	0.913005	1.31369	1.71612	2.04926	2.31741	2.47199	2.54516	2.5376	2.47607	2.41	2.36725	2.35976	2.38942	2.44749	2.51693	2.55121	2.51109	2.38882	2.16816	1.85899	1.47728	1.07274	0.67676	0.323977	0.11009	0.0267318	0.00478422	0.000652207	6.97061e-05	5.98276e-06	4.20627e-07	2.46264e-08	1.21726e-09	5.13899e-11	1.87141e-12	5.92827e-14	1.64561e-15	4.02829e-17	8.74404e-19	1.69124e-20	2.92717e-22	4.55057e-24	6.3751e-26	8.07175e-28	9.2599e-30	9.64635e-32	9.14254e-34	7.89641e-36	6.22373e-38	4.4815e-40	2.95081e-42	1.77786e-44	9.80593e-47	4.95243e-49	2.29027e-51	9.69612e-54	3.75619e-56	1.33052e-58	4.30512e-61	1.27079e-63	3.41648e-66	8.34881e-69	1.84992e-71	3.70587e-74	6.68809e-77	1.08281e-79	1.56471e-82	2.00571e-85	2.26353e-88	2.22816e-91	1.89084e-94	1.36261e-97	8.17374e-101	3.97044e-104	1.50023e-107	4.13614e-111	7.40017e-115	6.44743e-119	0	0	0	
0	2.16804e-20	1.11278e-18	5.08775e-17	2.0626e-15	7.37312e-14	2.30919e-12	6.28987e-11	1.47738e-09	2.96272e-08	5.01368e-07	7.061e-06	8.13974e-05	0.000752835	0.00545291	0.0300502	0.12195	0.353763	0.731017	1.1538	1.58189	1.9735	2.28134	2.47199	2.55145	2.5056	2.3703	2.20681	2.05129	1.94409	1.92438	2.00023	2.14141	2.30584	2.45896	2.54468	2.51958	2.37672	2.1059	1.75045	1.32373	0.900274	0.492523	0.19497	0.0547911	0.0111974	0.00171998	0.00020476	1.93892e-05	1.49214e-06	9.50002e-08	5.07863e-09	2.30828e-10	9.01447e-12	3.0523e-13	9.0309e-15	2.35061e-16	5.41416e-18	1.10922e-19	2.03048e-21	3.33427e-23	4.92882e-25	6.57905e-27	7.95126e-29	8.72146e-31	8.70002e-33	7.90683e-35	6.55688e-37	4.96774e-39	3.44224e-41	2.18322e-43	1.26821e-45	6.74973e-48	3.29197e-50	1.47122e-52	6.02319e-55	2.25776e-57	7.74275e-60	2.42675e-62	6.94194e-65	1.80941e-67	4.28845e-70	9.21925e-73	1.79239e-75	3.14022e-78	4.93662e-81	6.92811e-84	8.62629e-87	9.45743e-90	9.04488e-93	7.45778e-96	5.22194e-99	3.04355e-102	1.4364e-105	5.2727e-109	1.41206e-112	2.45361e-116	2.0757e-120	0	0	
0	1.10963e-19	5.39293e-18	2.33128e-16	8.92047e-15	3.00374e-13	8.84094e-12	2.25702e-10	4.95306e-09	9.24614e-08	1.45023e-06	1.88339e-05	0.000199002	0.00167501	0.0109496	0.0539573	0.194107	0.497705	0.923584	1.36683	1.80882	2.17543	2.43249	2.54516	2.5056	2.32235	2.04892	1.71663	1.39659	1.18515	1.14734	1.29441	1.58165	1.91956	2.2221	2.44725	2.55086	2.49307	2.29242	1.9666	1.54603	1.10119	0.660418	0.295432	0.0941133	0.021627	0.00369719	0.000485165	5.02238e-05	4.1961e-06	2.88348e-07	1.65565e-08	8.04894e-10	3.35034e-11	1.20549e-12	3.78034e-14	1.04058e-15	2.52976e-17	5.46127e-19	1.05191e-20	1.81531e-22	2.81711e-24	3.94407e-26	4.9959e-28	5.73984e-30	5.99453e-32	5.70172e-34	4.94726e-36	3.92135e-38	2.84264e-40	1.88636e-42	1.14673e-44	6.38912e-47	3.2636e-49	1.52849e-51	6.56254e-54	2.58209e-56	9.30459e-59	3.06816e-61	9.24748e-64	2.54398e-66	6.37648e-69	1.45311e-71	3.00294e-74	5.61037e-77	9.44149e-80	1.42492e-82	1.91851e-85	2.28984e-88	2.40417e-91	2.19943e-94	1.7324e-97	1.15698e-100	6.41998e-104	2.87848e-107	1.00132e-110	2.53381e-114	4.14585e-118	3.28916e-122	0	
0	3.98495e-19	1.85142e-17	7.64321e-16	2.78976e-14	8.94817e-13	2.50464e-11	6.06883e-10	1.2611e-08	2.22296e-07	3.28134e-06	3.99435e-05	0.000393668	0.00307248	0.0184931	0.0832503	0.271726	0.632387	1.08721	1.54703	1.98417	2.31735	2.51552	2.5376	2.3703	2.04892	1.57626	1.02716	0.545647	0.249591	0.19816	0.40051	0.818775	1.35788	1.87548	2.26078	2.49278	2.54658	2.4149	2.13391	1.72926	1.27	0.809589	0.396734	0.1397	0.0353898	0.00662807	0.000946591	0.000106	9.52931e-06	7.01394e-07	4.29663e-08	2.22094e-09	9.80035e-11	3.72871e-12	1.23365e-13	3.57564e-15	9.13755e-17	2.07043e-18	4.18012e-20	7.55258e-22	1.22586e-23	1.79345e-25	2.3721e-27	2.84384e-29	3.09743e-31	3.07106e-33	2.77662e-35	2.29257e-37	1.7308e-39	1.19597e-41	7.56994e-44	4.39143e-46	2.33571e-48	1.13919e-50	5.09453e-53	2.08842e-55	7.84337e-58	2.69664e-60	8.47848e-63	2.43447e-65	6.37311e-68	1.51799e-70	3.28157e-73	6.41945e-76	1.13233e-78	1.79334e-81	2.53711e-84	3.18654e-87	3.52633e-90	3.40642e-93	2.83889e-96	2.01058e-99	1.18614e-102	5.67055e-106	2.11014e-109	5.7334e-113	1.0116e-116	8.69749e-121	0	
0	9.53662e-19	4.32824e-17	1.74307e-15	6.19678e-14	1.93255e-12	5.24897e-11	1.23131e-09	2.4706e-08	4.19222e-07	5.93568e-06	6.90165e-05	0.000646538	0.00476909	0.0269561	0.113216	0.343231	0.744392	1.21581	1.6849	2.11304	2.4088	2.54996	2.47607	2.20681	1.71663	1.02716	0.302448	-0.284825	-0.63096	-0.690231	-0.45576	0.0437599	0.730686	1.45759	2.04019	2.39164	2.54362	2.48822	2.24736	1.86489	1.40475	0.93106	0.485476	0.183957	0.0502173	0.0101096	0.00154656	0.000184862	1.76831e-05	1.38097e-06	8.95374e-08	4.88792e-09	2.27364e-10	9.10359e-12	3.16517e-13	9.62864e-15	2.57976e-16	6.12274e-18	1.2938e-19	2.44502e-21	4.14864e-23	6.34235e-25	8.76303e-27	1.09724e-28	1.24804e-30	1.29225e-32	1.22027e-34	1.05252e-36	8.30351e-39	5.99829e-41	3.97118e-43	2.41123e-45	1.34336e-47	6.86925e-50	3.22416e-52	1.38885e-54	5.48876e-57	1.98891e-59	6.60265e-62	2.00588e-64	5.56893e-67	1.41049e-69	3.25234e-72	6.81013e-75	1.29106e-77	2.20805e-80	3.39223e-83	4.65735e-86	5.67902e-89	6.10381e-92	5.72872e-95	4.64021e-98	3.19507e-101	1.83315e-104	8.52536e-108	3.08703e-111	8.16382e-115	1.40231e-118	0	
0	1.82916e-18	8.08253e-17	3.16863e-15	1.09639e-13	3.32698e-12	8.78914e-11	2.00431e-09	3.90671e-08	6.43347e-07	8.82877e-06	9.93239e-05	0.000898145	0.00637501	0.0345343	0.138373	0.398838	0.825081	1.30656	1.77993	2.19126	2.46551	2.54665	2.41	2.05129	1.39659	0.545647	-0.284825	-0.930365	-1.30415	-1.36783	-1.11546	-0.571499	0.199847	1.06816	1.82531	2.29794	2.51291	2.52958	2.3164	1.96153	1.49727	1.01705	0.552317	0.219585	0.0630352	0.0133468	0.0021455	0.000269074	2.69535e-05	2.19973e-06	1.48723e-07	8.44819e-09	4.08066e-10	1.69333e-11	6.09049e-13	1.91339e-14	5.28586e-16	1.29166e-17	2.80641e-19	5.44647e-21	9.47968e-23	1.48506e-24	2.10057e-26	2.69025e-28	3.12738e-30	3.30704e-32	3.18706e-34	2.80376e-36	2.25473e-38	1.65941e-40	1.11873e-42	6.91404e-45	3.91919e-47	2.03824e-49	9.72642e-52	4.25838e-54	1.70996e-56	6.29409e-59	2.12194e-61	6.54514e-64	1.84456e-66	4.74153e-69	1.10942e-71	2.35688e-74	4.53261e-77	7.86283e-80	1.2251e-82	1.70568e-85	2.10896e-88	2.29824e-91	2.18688e-94	1.79579e-97	1.25351e-100	7.29054e-104	3.43698e-107	1.26154e-110	3.38179e-114	5.88831e-118	0	
0	2.94764e-18	1.25857e-16	4.77256e-15	1.59918e-13	4.70551e-12	1.20711e-10	2.6772e-09	5.08337e-08	8.16829e-07	1.09552e-05	0.000120617	0.00106841	0.00742976	0.0393889	0.154038	0.431735	0.868475	1.35401	1.8359	2.22935	2.49581	2.53306	2.36725	1.94409	1.18515	0.249591	-0.63096	-1.30415	-1.69164	-1.75755	-1.49619	-0.930779	-0.119945	0.818337	1.67763	2.2378	2.48697	2.54304	2.35312	2.0105	1.54547	1.06741	0.591275	0.240611	0.0709583	0.0154633	0.00255807	0.000329688	3.3869e-05	2.82828e-06	1.95217e-07	1.12972e-08	5.54845e-10	2.3371e-11	8.5197e-13	2.70918e-14	7.56675e-16	1.86749e-17	4.09441e-19	8.01205e-21	1.40511e-22	2.21658e-24	3.15549e-26	4.0654e-28	4.75209e-30	5.05094e-32	4.89105e-34	4.32212e-36	3.49039e-38	2.57897e-40	1.74516e-42	1.08235e-44	6.15566e-47	3.21145e-49	1.53709e-51	6.74882e-54	2.71736e-56	1.00281e-58	3.3892e-61	1.04788e-63	2.95989e-66	7.62518e-69	1.78788e-71	3.80592e-74	7.33363e-77	1.27458e-79	1.98952e-82	2.77485e-85	3.43676e-88	3.7514e-91	3.57535e-94	2.94051e-97	2.05566e-100	1.19735e-103	5.65273e-107	2.07772e-110	5.57726e-114	9.72387e-118	0	
0	3.21336e-18	1.36394e-16	5.14147e-15	1.71263e-13	5.00998e-12	1.2779e-10	2.81864e-09	5.32394e-08	8.51284e-07	1.13654e-05	0.000124612	0.0010996	0.00761935	0.0402508	0.156795	0.437431	0.875605	1.36148	1.84568	2.23562	2.50082	2.53005	2.35976	1.92438	1.14734	0.19816	-0.690231	-1.36783	-1.75755	-1.82382	-1.56099	-0.992139	-0.175146	0.774088	1.65047	2.22704	2.48239	2.5441	2.35929	2.01784	1.55369	1.07641	0.597914	0.244169	0.0723332	0.0158417	0.00263364	0.000340993	3.51755e-05	2.94813e-06	2.04141e-07	1.18466e-08	5.83246e-10	2.46197e-11	8.99171e-13	2.864e-14	8.01085e-16	1.97967e-17	4.34541e-19	8.51208e-21	1.49421e-22	2.35915e-24	3.36105e-26	4.33329e-28	5.06852e-30	5.39048e-32	5.22271e-34	4.61755e-36	3.73072e-38	2.75776e-40	1.86691e-42	1.1583e-44	6.58996e-47	3.43918e-49	1.64661e-51	7.23184e-54	2.91267e-56	1.07518e-58	3.63469e-61	1.12406e-63	3.17578e-66	8.18314e-69	1.91911e-71	4.08609e-74	7.87498e-77	1.36892e-79	2.13715e-82	2.98126e-85	3.69301e-88	4.03175e-91	3.84312e-94	3.1612e-97	2.21025e-100	1.28757e-103	6.07946e-107	2.23486e-110	5.99981e-114	1.04619e-117	0	
0	2.31982e-18	1.00787e-16	3.88738e-15	1.32423e-13	3.95884e-12	1.03107e-10	2.31976e-09	4.46416e-08	7.26313e-07	9.8537e-06	0.000109645	0.000980933	0.00688815	0.0368938	0.14599	0.414982	0.84704	1.33106	1.80755	2.21063	2.48064	2.54091	2.38942	2.00023	1.29441	0.40051	-0.45576	-1.11546	-1.49619	-1.56099	-1.3041	-0.749263	0.042253	0.946194	1.75422	2.26882	2.50049	2.53733	2.33472	1.9865	1.52124	1.04178	0.571592	0.229942	0.066892	0.0143648	0.00234203	0.000297742	3.02074e-05	2.49439e-06	1.7046e-07	9.77755e-09	4.76457e-10	1.99298e-11	7.22035e-13	2.28333e-14	6.34577e-16	1.55917e-17	3.40469e-19	6.63807e-21	1.16029e-22	1.82481e-24	2.59056e-26	3.32902e-28	3.88215e-30	4.11728e-32	3.97887e-34	3.50941e-36	2.82908e-38	2.0869e-40	1.41e-42	8.73211e-45	4.95943e-47	2.58402e-49	1.23527e-51	5.41736e-54	2.17886e-56	8.03243e-59	2.712e-61	8.37708e-64	2.36407e-66	6.08494e-69	1.42555e-71	3.03219e-74	5.83822e-77	1.01393e-79	1.58154e-82	2.2043e-85	2.7283e-88	2.97618e-91	2.83475e-94	2.33002e-97	1.62793e-100	9.47675e-104	4.47157e-107	1.6427e-110	4.40725e-114	7.68013e-118	0	
0	1.28291e-18	5.75799e-17	2.29265e-15	8.05645e-14	2.48278e-12	6.66129e-11	1.54295e-09	3.05538e-08	5.11349e-07	7.13548e-06	8.16906e-05	0.000752599	0.00545149	0.0302055	0.124135	0.367827	0.781025	1.25717	1.72722	2.14973	2.43484	2.55155	2.44749	2.14141	1.58165	0.818775	0.0437599	-0.571499	-0.930779	-0.992139	-0.749263	-0.228677	0.498384	1.29111	1.95066	2.35188	2.53271	2.50907	2.27944	1.90932	1.44715	0.969435	0.51513	0.199593	0.0557384	0.0114745	0.00179394	0.000219014	2.13839e-05	1.70351e-06	1.12594e-07	6.26188e-09	2.96551e-10	1.20815e-11	4.27149e-13	1.32062e-14	3.59408e-16	8.66029e-18	1.85705e-19	3.55974e-21	6.12404e-23	9.48879e-25	1.32827e-26	1.68445e-28	1.93988e-30	2.0331e-32	1.94273e-34	1.69524e-36	1.3527e-38	9.88132e-41	6.61411e-43	4.05954e-45	2.28586e-47	1.18118e-49	5.60163e-52	2.43776e-54	9.73191e-57	3.56192e-59	1.19424e-61	3.66395e-64	1.0272e-66	2.62703e-69	6.11616e-72	1.29303e-74	2.47486e-77	4.27322e-80	6.62766e-83	9.18623e-86	1.13082e-88	1.22698e-91	1.16256e-94	9.5065e-98	6.6084e-101	3.82786e-104	1.79732e-107	6.5709e-111	1.75455e-114	3.04315e-118	0	
0	5.91753e-19	2.71932e-17	1.10962e-15	4.0002e-14	1.26621e-12	3.49441e-11	8.33943e-10	1.70481e-08	2.9524e-07	4.27515e-06	5.0962e-05	0.000490864	0.00373555	0.0218674	0.0954882	0.301725	0.680436	1.1426	1.60755	2.04226	2.35906	2.53539	2.51693	2.30584	1.91956	1.35788	0.730686	0.199847	-0.119945	-0.175146	0.042253	0.498384	1.10488	1.71282	2.1757	2.45407	2.55105	2.44857	2.18545	1.78818	1.32864	0.862232	0.434271	0.157895	0.0413135	0.00797945	0.00117279	0.000134874	1.2428e-05	9.35976e-07	5.8576e-08	3.08903e-09	1.38897e-10	5.37911e-12	1.8098e-13	5.32973e-15	1.38282e-16	3.17896e-18	6.50784e-20	1.1916e-21	1.95906e-23	2.90188e-25	3.8845e-27	4.71157e-29	5.19023e-31	5.20329e-33	4.75561e-35	3.96848e-37	3.02748e-39	2.11362e-41	1.35151e-43	7.91987e-46	4.25494e-48	2.09616e-50	9.46879e-53	3.92096e-55	1.48766e-57	5.16785e-60	1.64201e-62	4.76587e-65	1.26156e-67	3.03964e-70	6.65044e-73	1.31752e-75	2.3554e-78	3.78453e-81	5.43861e-84	6.94954e-87	7.84047e-90	7.74247e-93	6.62046e-96	4.83555e-99	2.96399e-102	1.48907e-105	5.93262e-109	1.78528e-112	3.75137e-116	4.75903e-120	0	
0	1.94155e-19	9.24643e-18	3.91562e-16	1.46721e-14	4.83569e-13	1.39227e-11	3.47422e-10	7.44536e-09	1.35569e-07	2.07115e-06	2.61539e-05	0.000268133	0.00218417	0.0137757	0.0652741	0.225142	0.55358	0.99332	1.44344	1.88437	2.23952	2.47171	2.55121	2.45896	2.2221	1.87548	1.45759	1.06816	0.818337	0.774088	0.946194	1.29111	1.71282	2.09643	2.37823	2.53649	2.52196	2.34898	2.03965	1.62517	1.17255	0.722777	0.336606	0.111921	0.0267803	0.00474969	0.000644318	6.87315e-05	5.90118e-06	4.15758e-07	2.4426e-08	1.21294e-09	5.1494e-11	1.88729e-12	6.02177e-14	1.68483e-15	4.15981e-17	9.11314e-19	1.78008e-20	3.1134e-22	4.89419e-24	6.93762e-26	8.8938e-28	1.03376e-29	1.0919e-31	1.05006e-33	9.20977e-36	7.37737e-38	5.40368e-40	3.62269e-42	2.22459e-44	1.25192e-46	6.45872e-49	3.05498e-51	1.32468e-53	5.26392e-56	1.91581e-58	6.38089e-61	1.94276e-63	5.39956e-66	1.36756e-68	3.14974e-71	6.58018e-74	1.24314e-76	2.11619e-79	3.23189e-82	4.40528e-85	5.32582e-88	5.6673e-91	5.25834e-94	4.20399e-97	2.8524e-100	1.60975e-103	7.34976e-107	2.60738e-110	6.74045e-114	1.12905e-117	9.19302e-122	0	
0	4.50754e-20	2.24992e-18	1.00011e-16	3.9404e-15	1.36827e-13	4.16012e-12	1.09921e-10	2.50215e-09	4.8572e-08	7.94526e-07	1.07972e-05	0.000119845	0.00106444	0.00738016	0.0387851	0.149525	0.411265	0.810352	1.24284	1.67957	2.06043	2.35203	2.51109	2.54468	2.44725	2.26078	2.04019	1.82531	1.67763	1.65047	1.75422	1.95066	2.1757	2.37823	2.51971	2.54416	2.43213	2.18856	1.84366	1.41611	0.983974	0.561166	0.234048	0.0692475	0.0148273	0.00237345	0.000293025	2.86574e-05	2.26994e-06	1.48325e-07	8.11871e-09	3.77056e-10	1.50209e-11	5.18075e-13	1.55943e-14	4.12495e-16	9.64652e-18	2.00497e-19	3.72081e-21	6.19048e-23	9.26662e-25	1.25197e-26	1.53091e-28	1.69837e-30	1.71304e-32	1.57379e-34	1.31901e-36	1.00982e-38	7.06978e-41	4.53006e-43	2.65837e-45	1.4293e-47	7.04228e-50	3.17966e-52	1.31529e-54	4.98228e-57	1.72697e-59	5.47222e-62	1.58309e-64	4.17457e-67	1.00145e-69	2.18037e-72	4.29607e-75	7.63441e-78	1.21864e-80	1.73882e-83	2.20479e-86	2.46677e-89	2.4141e-92	2.04432e-95	1.47758e-98	8.95463e-102	4.44323e-105	1.74613e-108	5.1737e-112	1.06743e-115	1.32265e-119	6.84849e-124	0	
0	7.56514e-21	3.98999e-19	1.87705e-17	7.84144e-16	2.89332e-14	9.37142e-13	2.64575e-11	6.45757e-10	1.34967e-08	2.38872e-07	3.53287e-06	4.29779e-05	0.000421925	0.00326637	0.0193931	0.0854957	0.270908	0.607727	1.0117	1.42377	1.82616	2.15088	2.38882	2.51958	2.55086	2.49278	2.39164	2.29794	2.2378	2.22704	2.26882	2.35188	2.45407	2.53649	2.54416	2.44984	2.26373	1.9643	1.59282	1.17649	0.76812	0.389944	0.14121	0.036337	0.00683934	0.000973751	0.000108067	9.58668e-06	6.94039e-07	4.17149e-08	2.11154e-09	9.11027e-11	3.3847e-12	1.09234e-13	3.08545e-15	7.67768e-17	1.69265e-18	3.32268e-20	5.83301e-22	9.19278e-24	1.30502e-25	1.67375e-27	1.94445e-29	2.05081e-31	1.96757e-33	1.72006e-35	1.37213e-37	9.9999e-40	6.66445e-42	4.0646e-44	2.26976e-46	1.16085e-48	5.43798e-51	2.33291e-53	9.16196e-56	3.29179e-58	1.08104e-60	3.24115e-63	8.85848e-66	2.20302e-68	4.974e-71	1.01684e-73	1.8761e-76	3.11206e-79	4.61991e-82	6.10401e-85	7.13015e-88	7.30385e-91	6.49551e-94	4.95224e-97	3.18475e-100	1.69092e-103	7.19675e-107	2.35232e-110	5.51811e-114	8.2164e-118	5.77595e-122	0	0	
0	9.41209e-22	5.27019e-20	2.63667e-18	1.1737e-16	4.62544e-15	1.6045e-13	4.86692e-12	1.28111e-10	2.90069e-09	5.59119e-08	9.0637e-07	1.21789e-05	0.000133309	0.00116391	0.00790184	0.0404681	0.151187	0.400879	0.761546	1.14118	1.53244	1.88095	2.16816	2.37672	2.49307	2.54658	2.54362	2.51291	2.48697	2.48239	2.50049	2.53271	2.55105	2.52196	2.43213	2.26373	2.00027	1.68207	1.29705	0.912365	0.537623	0.232825	0.0711426	0.0156259	0.00255136	0.000319896	3.16657e-05	2.53198e-06	1.66657e-07	9.17233e-09	4.27683e-10	1.70828e-11	5.90047e-13	1.77675e-14	4.69697e-16	1.09675e-17	2.27405e-19	4.20651e-21	6.97023e-23	1.03833e-24	1.39495e-26	1.69482e-28	1.86671e-30	1.86782e-32	1.70093e-34	1.41189e-36	1.06966e-38	7.40412e-41	4.68644e-43	2.71402e-45	1.43863e-47	6.98089e-50	3.10077e-52	1.26035e-54	4.68521e-57	1.5916e-59	4.93544e-62	1.39507e-64	3.58826e-67	8.38037e-70	1.77263e-72	3.38536e-75	5.81598e-78	8.94859e-81	1.22659e-83	1.48824e-86	1.58594e-89	1.47014e-92	1.17121e-95	7.89538e-99	4.41229e-102	1.98727e-105	6.92351e-109	1.74842e-112	2.84267e-116	2.22897e-120	0	0	0	
0	8.91555e-23	5.31174e-21	2.83241e-19	1.34653e-17	5.68055e-16	2.11524e-14	6.90992e-13	1.96644e-11	4.83563e-10	1.01786e-08	1.81372e-07	2.70034e-06	3.30711e-05	0.000326979	0.00255154	0.0152935	0.0682343	0.21955	0.501357	0.846258	1.19615	1.55141	1.85899	2.1059	2.29242	2.4149	2.48822	2.52958	2.54304	2.5441	2.53733	2.50907	2.44857	2.34898	2.18856	1.9643	1.68207	1.33957	0.983879	0.638177	0.318408	0.113142	0.0286622	0.00533026	0.000751902	8.28328e-05	7.30283e-06	5.25805e-07	3.14415e-08	1.58355e-09	6.79759e-11	2.51219e-12	8.06261e-14	2.26392e-15	5.59784e-17	1.22575e-18	2.38863e-20	4.1605e-22	6.50191e-24	9.14722e-26	1.16189e-27	1.33593e-29	1.39354e-31	1.32132e-33	1.1407e-35	8.97873e-38	6.45112e-40	4.23474e-42	2.54146e-44	1.39508e-46	7.00609e-49	3.21888e-51	1.35265e-53	5.19638e-56	1.8236e-58	5.84012e-61	1.7045e-63	4.52615e-66	1.09124e-68	2.38284e-71	4.69834e-74	8.33508e-77	1.32471e-79	1.8764e-82	2.354e-85	2.59563e-88	2.49191e-91	2.05835e-94	1.44073e-97	8.37449e-101	3.9317e-104	1.43172e-107	3.79198e-111	6.49414e-115	5.39397e-119	0	0	0	0	
