0	0	0	0	0	0	0	0	0	0	0	0	0	0	0	0	0	0	0	0	0	0	0	0	0	0	0	0	0	0	0	0	0	0	0	0	0	0	0	0	0	0	0	0	0	0	0	0	0	0	0	0	0	0	0	0	0	0	0	0	0	0	0	0	0	0	0	0	0	0	0	0	0	0	0	0	0	0	0	0	0	0	0	0	0	0	0	0	0	0	0	0	0	0	0	0	0	0	0	0	
0	0.143377	0.268893	0.35839	0.404838	0.416893	0.405309	0.375367	0.3256	0.255492	0.174352	0.101831	0.0494804	0.0114878	-0.0225162	-0.0517298	-0.0677208	-0.0682586	-0.0613725	-0.0557228	-0.0553467	-0.058147	-0.0583325	-0.0525413	-0.0425703	-0.0292403	-0.012437	0.00889835	0.032015	0.0498964	0.048415	0.0282833	0.000375854	-0.0209169	-0.0283125	-0.0228881	-0.0119409	0.00124258	0.0132291	0.0229585	0.0271958	0.0234288	0.00936023	-0.00747461	-0.0172894	-0.0123118	0.00373705	0.0238605	0.0464216	0.0759556	0.109896	0.138132	0.153104	0.156931	0.15426	0.146889	0.130625	0.0958287	0.0411825	-0.0249585	-0.0948079	-0.158812	-0.211442	-0.246639	-0.262518	-0.263292	-0.250543	-0.22644	-0.191461	-0.146296	-0.0994341	-0.0575428	-0.0216183	0.00989731	0.0420574	0.0706421	0.0890153	0.0950314	0.0908389	0.0831154	0.0760874	0.0685613	0.0575585	0.0396684	0.0184042	0.000323298	-0.00999891	-0.00951747	-0.00452508	0.00096469	0.00388705	0.00170025	-0.00253926	-0.00654316	-0.00882247	-0.00889244	-0.00720172	-0.00515129	-0.00259326	0	
0	0.268893	0.50317	0.67108	0.768134	0.802263	0.787206	0.723766	0.624025	0.494382	0.352965	0.220662	0.111489	0.0229117	-0.0506381	-0.100661	-0.122169	-0.121491	-0.11525	-0.110882	-0.10744	-0.104676	-0.0985332	-0.08943	-0.0773369	-0.058524	-0.0282308	0.0126927	0.0569958	0.0882806	0.083867	0.0463233	-0.00156788	-0.0366688	-0.0476114	-0.0393872	-0.0221323	-0.00400222	0.0135907	0.0258552	0.0331378	0.0320289	0.0169496	-0.00432175	-0.0189546	-0.0136677	0.0135728	0.0525369	0.100113	0.160115	0.22027	0.268172	0.293995	0.303061	0.297145	0.277737	0.241541	0.178944	0.0818995	-0.0410726	-0.175168	-0.301345	-0.406214	-0.478412	-0.513796	-0.518393	-0.489129	-0.430514	-0.354809	-0.269019	-0.186969	-0.111012	-0.0406547	0.0210024	0.0779426	0.120717	0.149735	0.166864	0.170061	0.161908	0.145911	0.122272	0.0915322	0.060404	0.0320242	0.00852019	-0.00560343	-0.00809152	-0.00301377	0.0060284	0.0114648	0.00950257	0.00249155	-0.00618573	-0.0121557	-0.0137218	-0.0103594	-0.00613016	-0.00245176	0	
0	0.35839	0.67108	0.904111	1.05049	1.11804	1.10384	1.01326	0.870967	0.703849	0.525699	0.349457	0.185943	0.0434901	-0.0663129	-0.130195	-0.151062	-0.150405	-0.14895	-0.146338	-0.138063	-0.127964	-0.120791	-0.116148	-0.109423	-0.0890126	-0.0515255	-0.00200893	0.0464646	0.080731	0.0749332	0.0378265	-0.00810611	-0.040784	-0.0528247	-0.0459947	-0.0302699	-0.00772147	0.0118882	0.0244494	0.0285243	0.0275485	0.0153115	-0.00321139	-0.0191892	-0.0128527	0.0222097	0.0810838	0.154586	0.237584	0.315945	0.37536	0.412152	0.430672	0.425896	0.393518	0.334266	0.239112	0.105358	-0.0578319	-0.239305	-0.411112	-0.555285	-0.658374	-0.716022	-0.728446	-0.686473	-0.60072	-0.49404	-0.381073	-0.273789	-0.168314	-0.0630173	0.0274899	0.0999354	0.148451	0.178276	0.198554	0.206373	0.198088	0.173917	0.140107	0.108244	0.0799946	0.0575656	0.0406187	0.0274943	0.0256934	0.027348	0.0317743	0.0344261	0.0254511	0.00887645	-0.00991458	-0.0241434	-0.0289207	-0.0242997	-0.0164625	-0.00764198	0	
0	0.404838	0.768134	1.05049	1.24481	1.34245	1.34002	1.23729	1.0799	0.894583	0.695307	0.486724	0.284262	0.105814	-0.0314907	-0.110459	-0.140935	-0.146771	-0.149447	-0.14654	-0.135576	-0.130399	-0.135118	-0.143717	-0.141204	-0.117032	-0.0763675	-0.0361386	-0.00432021	0.0176382	0.0164008	0.000298211	-0.0167068	-0.0294239	-0.0361312	-0.0348188	-0.0200647	0.00598273	0.034091	0.0450324	0.041432	0.0316652	0.0134335	-0.00770145	-0.0241932	-0.015615	0.0321887	0.109342	0.202391	0.304062	0.391431	0.459125	0.505492	0.535848	0.533008	0.487908	0.404666	0.284611	0.122534	-0.0706476	-0.27831	-0.474969	-0.645197	-0.774096	-0.851022	-0.876638	-0.838279	-0.747592	-0.633521	-0.505943	-0.377001	-0.243037	-0.109843	0.00243489	0.0924374	0.147219	0.177715	0.194835	0.195623	0.183783	0.166517	0.146721	0.126558	0.112982	0.104594	0.0967905	0.0917729	0.0928616	0.0935535	0.0912267	0.07639	0.0456358	0.00653101	-0.0314854	-0.05782	-0.0681657	-0.0608555	-0.0441961	-0.0226767	0	
0	0.416893	0.802263	1.11804	1.34245	1.4686	1.48505	1.40059	1.25096	1.06467	0.851295	0.627806	0.414484	0.22509	0.0717193	-0.0293722	-0.0795334	-0.0993063	-0.110681	-0.114073	-0.11317	-0.122961	-0.146292	-0.167348	-0.168213	-0.140629	-0.102874	-0.0781179	-0.0713491	-0.064085	-0.0607582	-0.0483769	-0.0262033	-0.00500118	0.00462388	0.0100838	0.0213552	0.0488398	0.0751977	0.0832685	0.0712321	0.0524163	0.0262561	-0.000410838	-0.0195936	-0.00621085	0.0490663	0.136092	0.23797	0.345938	0.444234	0.519504	0.570201	0.599857	0.59434	0.543765	0.452234	0.314992	0.137047	-0.0638041	-0.278992	-0.486441	-0.676294	-0.829727	-0.931792	-0.977675	-0.955505	-0.879173	-0.770358	-0.635669	-0.491911	-0.343781	-0.197682	-0.0735511	0.0303417	0.10337	0.144829	0.164292	0.166582	0.161254	0.157047	0.157065	0.163216	0.166737	0.167599	0.168231	0.168619	0.176927	0.175889	0.160075	0.125064	0.0652201	-0.00356439	-0.0651411	-0.106648	-0.120883	-0.108321	-0.0801158	-0.041697	0	
0	0.405309	0.787206	1.10384	1.34002	1.48505	1.53664	1.48435	1.35978	1.17947	0.969085	0.755031	0.558521	0.378963	0.217385	0.0975032	0.0261867	-0.0119701	-0.0434835	-0.0700406	-0.0904603	-0.117111	-0.149647	-0.176134	-0.18056	-0.159567	-0.132031	-0.124459	-0.135116	-0.140023	-0.135684	-0.107003	-0.053667	0.00394907	0.0454787	0.0681492	0.085063	0.103915	0.120884	0.117644	0.0994351	0.0771242	0.0457744	0.0141318	-0.00576526	0.0102037	0.0705529	0.155581	0.25173	0.363334	0.468681	0.552469	0.600769	0.620948	0.602879	0.54504	0.453739	0.326352	0.157033	-0.0387983	-0.248807	-0.457056	-0.655955	-0.8261	-0.948901	-1.02428	-1.03344	-0.979167	-0.882789	-0.752399	-0.611656	-0.465405	-0.319015	-0.187415	-0.0678254	0.0177734	0.0734	0.110738	0.130551	0.143384	0.158916	0.175857	0.191694	0.20887	0.226516	0.239152	0.248345	0.257572	0.252886	0.229111	0.175671	0.0923767	-0.00353597	-0.0910172	-0.149585	-0.171453	-0.154897	-0.114318	-0.0599232	0	
0	0.375367	0.723766	1.01326	1.23729	1.40059	1.48435	1.46959	1.37095	1.21543	1.0319	0.853729	0.692583	0.536696	0.382305	0.25527	0.168516	0.107207	0.0451007	-0.0146243	-0.0629678	-0.104412	-0.141082	-0.167639	-0.178807	-0.172587	-0.165459	-0.175473	-0.19853	-0.207863	-0.203861	-0.16863	-0.0974306	-0.0102404	0.0631818	0.111072	0.133509	0.145056	0.144892	0.129556	0.105701	0.0819167	0.0514628	0.023197	0.0108715	0.0369548	0.0983053	0.17396	0.256708	0.356937	0.46331	0.547364	0.591941	0.601516	0.573467	0.511239	0.425961	0.310041	0.16044	-0.0116881	-0.20394	-0.396378	-0.58332	-0.750501	-0.890425	-0.997231	-1.04105	-1.01806	-0.947681	-0.842631	-0.726598	-0.597193	-0.452473	-0.316226	-0.192832	-0.0989957	-0.031486	0.0239203	0.0686474	0.104181	0.134816	0.165315	0.202306	0.239192	0.272473	0.298438	0.313385	0.326756	0.321917	0.29286	0.233016	0.135747	0.0206529	-0.0866015	-0.164193	-0.197862	-0.184359	-0.139499	-0.0738069	0	
0	0.3256	0.624025	0.870967	1.0799	1.25096	1.35978	1.37095	1.30928	1.19902	1.06873	0.939132	0.819715	0.696215	0.561705	0.437949	0.336074	0.247567	0.15292	0.0618796	-0.0115637	-0.0686794	-0.111271	-0.140783	-0.159135	-0.170468	-0.185289	-0.215329	-0.248501	-0.260131	-0.255922	-0.219613	-0.142454	-0.0404287	0.0534969	0.116669	0.146074	0.15065	0.141407	0.117517	0.0910183	0.0713765	0.0492513	0.0347138	0.0389783	0.0773808	0.143695	0.21223	0.278277	0.362694	0.451269	0.522648	0.55615	0.559091	0.524448	0.457979	0.377973	0.284989	0.164129	0.0178337	-0.147764	-0.314114	-0.477503	-0.633827	-0.778048	-0.906013	-0.979509	-0.989411	-0.95934	-0.899037	-0.821246	-0.716234	-0.587759	-0.46067	-0.340471	-0.246379	-0.168772	-0.0942744	-0.0292586	0.0277345	0.0826468	0.135425	0.187288	0.237661	0.285768	0.3234	0.350861	0.375731	0.380854	0.360141	0.301122	0.200437	0.0764765	-0.0441559	-0.133628	-0.178888	-0.174171	-0.134505	-0.0726472	0	
0	0.255492	0.494382	0.703849	0.894583	1.06467	1.17947	1.21543	1.19902	1.1542	1.08838	1.01383	0.936882	0.848211	0.73793	0.622405	0.510996	0.401087	0.282359	0.169939	0.0795257	0.00903485	-0.0455777	-0.086723	-0.119484	-0.14767	-0.181061	-0.225742	-0.267179	-0.282334	-0.280454	-0.249628	-0.175942	-0.0729567	0.0251906	0.094092	0.124201	0.127625	0.114502	0.0892544	0.0671925	0.0577796	0.0542394	0.0605221	0.0818754	0.129061	0.194849	0.258607	0.317401	0.383629	0.448654	0.49227	0.507294	0.500679	0.463754	0.399287	0.327162	0.247426	0.151113	0.0394153	-0.0893153	-0.219981	-0.358846	-0.502655	-0.64629	-0.777687	-0.864373	-0.905593	-0.921304	-0.909461	-0.875339	-0.809047	-0.712318	-0.611703	-0.507342	-0.413229	-0.327328	-0.241424	-0.159413	-0.081757	-0.00611944	0.068242	0.142612	0.209496	0.267926	0.318509	0.361733	0.406045	0.432005	0.426179	0.376853	0.278625	0.153111	0.0320238	-0.0611245	-0.112337	-0.116878	-0.0924438	-0.0496203	0	
0	0.174352	0.352965	0.525699	0.695307	0.851295	0.969085	1.0319	1.06873	1.08838	1.08828	1.06861	1.0335	0.971319	0.878431	0.773264	0.664927	0.549948	0.421045	0.299847	0.20281	0.12478	0.0558887	-0.00613458	-0.0596837	-0.10511	-0.149187	-0.201098	-0.248889	-0.271117	-0.279905	-0.26106	-0.200371	-0.106888	-0.0139208	0.0538668	0.0888909	0.097438	0.0882471	0.0648174	0.0453963	0.0461858	0.0577985	0.0787213	0.107783	0.156529	0.225136	0.29422	0.353536	0.412152	0.457249	0.477235	0.467971	0.444566	0.399485	0.332957	0.263598	0.194839	0.116965	0.0354978	-0.0491793	-0.137552	-0.2441	-0.368601	-0.498206	-0.625499	-0.72496	-0.796332	-0.852802	-0.886455	-0.897346	-0.873709	-0.81685	-0.742707	-0.654128	-0.569665	-0.488534	-0.401605	-0.313237	-0.223808	-0.130068	-0.035497	0.0579601	0.144605	0.227217	0.301075	0.367641	0.435697	0.480885	0.490941	0.452203	0.360958	0.238271	0.114856	0.0198445	-0.0358953	-0.0505911	-0.0422174	-0.0233269	0	
0	0.101831	0.220662	0.349457	0.486724	0.627806	0.755031	0.853729	0.939132	1.01383	1.06861	1.09969	1.09777	1.05202	0.967152	0.87344	0.779236	0.675604	0.553821	0.435662	0.339636	0.256868	0.173836	0.0905795	0.016018	-0.0417518	-0.0899061	-0.143245	-0.195261	-0.229319	-0.251006	-0.248543	-0.203707	-0.126644	-0.0470048	0.016523	0.0568365	0.0751335	0.0723622	0.0481827	0.0261194	0.0234157	0.0349144	0.0559833	0.0874679	0.142835	0.224138	0.310289	0.385273	0.446699	0.48229	0.480429	0.447172	0.401006	0.340543	0.267833	0.196303	0.127523	0.0621265	0.0102375	-0.0328447	-0.074662	-0.14011	-0.230995	-0.342833	-0.469722	-0.587437	-0.687259	-0.776721	-0.848214	-0.900972	-0.917981	-0.890006	-0.836494	-0.764838	-0.696134	-0.628784	-0.552454	-0.469629	-0.379297	-0.27963	-0.170359	-0.0528504	0.0633807	0.174705	0.277969	0.371927	0.460864	0.526593	0.551905	0.521942	0.432998	0.305949	0.177055	0.0716865	0.00338055	-0.0221929	-0.0240193	-0.0136528	0	
0	0.0494804	0.111489	0.185943	0.284262	0.414484	0.558521	0.692583	0.819715	0.936882	1.0335	1.09777	1.1172	1.07996	1.00165	0.917722	0.841112	0.760711	0.661079	0.558177	0.467322	0.383585	0.29351	0.198384	0.113427	0.0509921	0.00451073	-0.0475372	-0.107184	-0.155913	-0.195499	-0.208153	-0.180366	-0.122367	-0.0615134	-0.00953755	0.0301613	0.0540518	0.0540416	0.0281352	-0.0027506	-0.0184981	-0.0229447	-0.0151671	0.0146975	0.086428	0.198164	0.316427	0.413322	0.484023	0.517347	0.501345	0.441075	0.365503	0.285035	0.202292	0.130435	0.0721767	0.0238213	-0.00697359	-0.0226772	-0.0323437	-0.0569178	-0.111051	-0.203082	-0.332299	-0.466084	-0.587033	-0.699441	-0.800592	-0.885395	-0.929206	-0.924819	-0.890419	-0.840384	-0.790276	-0.739515	-0.678404	-0.605129	-0.519737	-0.417736	-0.300269	-0.170128	-0.03678	0.0988635	0.228174	0.348461	0.466023	0.554256	0.595438	0.574435	0.485104	0.348401	0.200263	0.0764524	-0.00440499	-0.0373898	-0.0389606	-0.0236117	0	
0	0.0114878	0.0229117	0.0434901	0.105814	0.22509	0.378963	0.536696	0.696215	0.848211	0.971319	1.05202	1.07996	1.05142	0.981384	0.908267	0.850328	0.797904	0.729746	0.649174	0.571171	0.494503	0.40879	0.316164	0.233383	0.175672	0.134021	0.0806637	0.01117	-0.0575129	-0.114827	-0.144774	-0.134443	-0.0983337	-0.0609594	-0.0290853	-0.00181327	0.0146333	0.011408	-0.0176089	-0.0543256	-0.0850878	-0.109623	-0.116905	-0.0846157	0.00701364	0.148236	0.298192	0.42272	0.510177	0.5452	0.516687	0.43744	0.339201	0.238469	0.147118	0.0801994	0.0387731	0.0141192	0.00263656	0.00181191	0.0116775	0.0115273	-0.0195543	-0.0989935	-0.223166	-0.359127	-0.487257	-0.614919	-0.737316	-0.840529	-0.903522	-0.92138	-0.912501	-0.885247	-0.85461	-0.818122	-0.767421	-0.704437	-0.626539	-0.532681	-0.420525	-0.289924	-0.149511	-0.00354219	0.142712	0.287051	0.427366	0.542366	0.604969	0.591889	0.499049	0.349746	0.189799	0.0548386	-0.0348166	-0.069144	-0.0647928	-0.0374358	0	
0	-0.0225162	-0.0506381	-0.0663129	-0.0314907	0.0717193	0.217385	0.382305	0.561705	0.73793	0.878431	0.967152	1.00165	0.981384	0.923378	0.863784	0.824266	0.79714	0.758304	0.705367	0.647256	0.585059	0.512076	0.433603	0.366449	0.320652	0.282882	0.226621	0.147429	0.0660554	-0.00602953	-0.0525023	-0.0637935	-0.0525626	-0.0417123	-0.0360205	-0.0341834	-0.0382173	-0.0569196	-0.0936408	-0.13712	-0.179021	-0.215246	-0.22809	-0.188754	-0.0788571	0.0858996	0.259401	0.40646	0.510728	0.556155	0.526393	0.434407	0.318129	0.204303	0.107811	0.0489866	0.0289193	0.0271458	0.0323439	0.0440636	0.0625996	0.0711385	0.0465489	-0.024376	-0.134072	-0.257435	-0.387665	-0.527407	-0.664356	-0.781393	-0.858391	-0.894086	-0.903147	-0.897402	-0.883813	-0.861878	-0.824746	-0.770533	-0.70537	-0.625912	-0.525773	-0.404674	-0.269426	-0.121547	0.033889	0.194816	0.358601	0.492215	0.564054	0.554931	0.461798	0.311188	0.146778	0.0092803	-0.0766888	-0.10575	-0.0924515	-0.0528801	0	
0	-0.0517298	-0.100661	-0.130195	-0.110459	-0.0293722	0.0975032	0.25527	0.437949	0.622405	0.773264	0.87344	0.917722	0.908267	0.863784	0.817405	0.789381	0.774651	0.758012	0.730711	0.69392	0.646447	0.590579	0.536511	0.495626	0.468189	0.438259	0.384642	0.308625	0.225677	0.14606	0.0819645	0.0460405	0.0297421	0.0120691	-0.0154497	-0.0490451	-0.086903	-0.130199	-0.180598	-0.233289	-0.282948	-0.322321	-0.328193	-0.274047	-0.149863	0.0255921	0.214379	0.381036	0.504028	0.558081	0.529882	0.435956	0.312028	0.188592	0.09066	0.0387121	0.0289064	0.039913	0.0581872	0.0838268	0.110766	0.118285	0.0902447	0.0252872	-0.0674994	-0.177458	-0.30238	-0.445272	-0.593199	-0.722329	-0.813254	-0.86105	-0.878462	-0.88061	-0.879062	-0.868972	-0.843998	-0.808414	-0.760389	-0.695574	-0.607881	-0.498861	-0.3743	-0.232591	-0.0750892	0.0938775	0.260784	0.398256	0.473995	0.465346	0.373042	0.224139	0.0663623	-0.0606502	-0.135442	-0.150995	-0.121646	-0.0667302	0	
0	-0.0677208	-0.122169	-0.151062	-0.140935	-0.0795334	0.0261867	0.168516	0.336074	0.510996	0.664927	0.779236	0.841112	0.850328	0.824266	0.789381	0.763332	0.750274	0.743703	0.732629	0.710338	0.6783	0.643741	0.61765	0.605315	0.602919	0.592127	0.555925	0.493707	0.4158	0.331446	0.25351	0.197441	0.15676	0.108958	0.0444314	-0.0316293	-0.107777	-0.180868	-0.251525	-0.317468	-0.375574	-0.411393	-0.40382	-0.332139	-0.193881	-0.00898436	0.185699	0.3601	0.488999	0.550638	0.527459	0.434205	0.307426	0.184184	0.088785	0.0373962	0.0262908	0.0365766	0.0597017	0.0926253	0.121956	0.128947	0.104656	0.0512648	-0.0243089	-0.117342	-0.230547	-0.365257	-0.513548	-0.653049	-0.756817	-0.814214	-0.838577	-0.849805	-0.854982	-0.855449	-0.849229	-0.829652	-0.793462	-0.737372	-0.659266	-0.563847	-0.45053	-0.319649	-0.174646	-0.0182934	0.139241	0.271703	0.344735	0.33821	0.250185	0.107643	-0.0431242	-0.160181	-0.216321	-0.211058	-0.161113	-0.0857323	0	
0	-0.0682586	-0.121491	-0.150405	-0.146771	-0.0993063	-0.0119701	0.107207	0.247567	0.401087	0.549948	0.675604	0.760711	0.797904	0.79714	0.774651	0.750274	0.730652	0.717491	0.702159	0.686258	0.670684	0.659716	0.657966	0.674575	0.704944	0.725941	0.714793	0.667384	0.594382	0.509139	0.426949	0.35954	0.298101	0.222541	0.122701	0.00961825	-0.100974	-0.20516	-0.299452	-0.383738	-0.447839	-0.476846	-0.452626	-0.363994	-0.215191	-0.0287057	0.165444	0.336198	0.463306	0.525019	0.508789	0.425544	0.304117	0.182068	0.0848751	0.0263408	0.00380297	0.00784516	0.0300117	0.0655581	0.0959703	0.110144	0.100074	0.0640475	0.00684172	-0.0661714	-0.154889	-0.268144	-0.407437	-0.549473	-0.66652	-0.745583	-0.791287	-0.818172	-0.835503	-0.84698	-0.850334	-0.839044	-0.809434	-0.763034	-0.696238	-0.610121	-0.506819	-0.391666	-0.26722	-0.130697	0.00933838	0.131635	0.202474	0.195826	0.110012	-0.0258345	-0.166104	-0.267967	-0.308449	-0.286962	-0.214928	-0.114415	0	
0	-0.0613725	-0.11525	-0.14895	-0.149447	-0.110681	-0.0434835	0.0451007	0.15292	0.282359	0.421045	0.553821	0.661079	0.729746	0.758304	0.758012	0.743703	0.717491	0.683688	0.650337	0.631062	0.628342	0.636545	0.661096	0.708985	0.774161	0.822626	0.829606	0.793101	0.725957	0.648401	0.572712	0.503823	0.431551	0.337737	0.216022	0.0766315	-0.0641005	-0.200648	-0.324316	-0.424406	-0.490734	-0.51074	-0.475578	-0.378815	-0.225896	-0.039212	0.148313	0.310362	0.427729	0.486286	0.473394	0.397174	0.281936	0.160079	0.0549972	-0.0196867	-0.0562092	-0.0586861	-0.0370906	-0.00203009	0.0367063	0.0712451	0.0889415	0.0809417	0.0507199	0.00514504	-0.0590208	-0.1521	-0.278892	-0.415855	-0.540838	-0.640514	-0.714465	-0.771898	-0.816526	-0.846554	-0.857733	-0.84872	-0.824587	-0.789125	-0.732973	-0.658313	-0.568648	-0.472581	-0.364989	-0.237444	-0.103828	0.0137287	0.0772673	0.0645825	-0.02287	-0.15535	-0.288987	-0.385225	-0.414969	-0.377632	-0.283479	-0.150327	0	
0	-0.0557228	-0.110882	-0.146338	-0.14654	-0.114073	-0.0700406	-0.0146243	0.0618796	0.169939	0.299847	0.435662	0.558177	0.649174	0.705367	0.730711	0.732629	0.702159	0.650337	0.59456	0.561673	0.556512	0.583387	0.638265	0.719505	0.808992	0.87411	0.895404	0.870273	0.813944	0.74785	0.685735	0.627055	0.555834	0.457785	0.323728	0.1648	-0.00140642	-0.168172	-0.312001	-0.419566	-0.481337	-0.496106	-0.46128	-0.369787	-0.221871	-0.0405979	0.14094	0.29167	0.396664	0.443014	0.425198	0.352388	0.239904	0.114203	-0.00637442	-0.10117	-0.154636	-0.165263	-0.14535	-0.0992772	-0.0403009	0.0253397	0.0761579	0.0985074	0.100083	0.0857423	0.0450592	-0.0328391	-0.145999	-0.276096	-0.403593	-0.516738	-0.614659	-0.703612	-0.7785	-0.829048	-0.852881	-0.854465	-0.843259	-0.817011	-0.768892	-0.710965	-0.642428	-0.561514	-0.458703	-0.330948	-0.198416	-0.0855893	-0.026885	-0.0451576	-0.138583	-0.274639	-0.412835	-0.505386	-0.521987	-0.46536	-0.343105	-0.181038	0	
0	-0.0553467	-0.10744	-0.138063	-0.135576	-0.11317	-0.0904603	-0.0629678	-0.0115637	0.0795257	0.20281	0.339636	0.467322	0.571171	0.647256	0.69392	0.710338	0.686258	0.631062	0.561673	0.506726	0.493155	0.530497	0.607863	0.702558	0.801601	0.877996	0.914259	0.903838	0.858953	0.807617	0.767625	0.729797	0.673688	0.580853	0.445546	0.277852	0.0957949	-0.0874203	-0.242445	-0.352174	-0.413696	-0.432534	-0.406835	-0.327966	-0.192725	-0.023249	0.1466	0.286744	0.377106	0.406133	0.375559	0.296421	0.180201	0.0433224	-0.091255	-0.20153	-0.26797	-0.286336	-0.262664	-0.204232	-0.119759	-0.0277056	0.046514	0.0990561	0.136165	0.154709	0.139484	0.0816968	-0.0208388	-0.144475	-0.274048	-0.398115	-0.514289	-0.625786	-0.723704	-0.79367	-0.8359	-0.857943	-0.856285	-0.835953	-0.802839	-0.765054	-0.710159	-0.63471	-0.533524	-0.406033	-0.275309	-0.162556	-0.105178	-0.128977	-0.233522	-0.382535	-0.526388	-0.618054	-0.623613	-0.547614	-0.402137	-0.20996	0	
0	-0.058147	-0.104676	-0.127964	-0.130399	-0.122961	-0.117111	-0.104412	-0.0686794	0.00903485	0.12478	0.256868	0.383585	0.494503	0.585059	0.646447	0.6783	0.670684	0.628342	0.556512	0.493155	0.46979	0.503172	0.569243	0.653567	0.749028	0.830641	0.878026	0.881021	0.853596	0.823475	0.806836	0.791369	0.750314	0.674628	0.555831	0.400125	0.224412	0.0408173	-0.116056	-0.230719	-0.300024	-0.329516	-0.318366	-0.257853	-0.143764	0.00359107	0.155192	0.282054	0.362915	0.379301	0.333134	0.23982	0.109159	-0.0379142	-0.179411	-0.292364	-0.362936	-0.385669	-0.360891	-0.287567	-0.188597	-0.0833327	0.00913624	0.0848946	0.150989	0.200935	0.212959	0.175458	0.0910661	-0.0296613	-0.165934	-0.300801	-0.433528	-0.559441	-0.669207	-0.756613	-0.822374	-0.859223	-0.86897	-0.860417	-0.838428	-0.807904	-0.750744	-0.675196	-0.578736	-0.454009	-0.321383	-0.208262	-0.156064	-0.191254	-0.307459	-0.460931	-0.608728	-0.700366	-0.701824	-0.618584	-0.456457	-0.241323	0	
0	-0.0583325	-0.0985332	-0.120791	-0.135118	-0.146292	-0.149647	-0.141082	-0.111271	-0.0455777	0.0558887	0.173836	0.29351	0.40879	0.512076	0.590579	0.643741	0.659716	0.636545	0.583387	0.530497	0.503172	0.508463	0.542485	0.600904	0.679863	0.748708	0.793763	0.811162	0.808081	0.798674	0.798011	0.791376	0.766382	0.717326	0.632262	0.507587	0.357685	0.195167	0.0489902	-0.0684566	-0.149969	-0.196779	-0.201829	-0.161728	-0.073877	0.0463059	0.177861	0.292911	0.362089	0.362727	0.300857	0.18946	0.0437655	-0.112471	-0.249225	-0.354936	-0.42604	-0.453658	-0.427111	-0.353581	-0.250771	-0.138373	-0.0339274	0.0637265	0.149822	0.216076	0.246511	0.230624	0.159831	0.0503721	-0.0823927	-0.22414	-0.364636	-0.498242	-0.623774	-0.732517	-0.814979	-0.868234	-0.89104	-0.8939	-0.875128	-0.833596	-0.769061	-0.694467	-0.598265	-0.469269	-0.33504	-0.227212	-0.179354	-0.21456	-0.330675	-0.485263	-0.633547	-0.729106	-0.734202	-0.650628	-0.484092	-0.255442	0	
0	-0.0525413	-0.08943	-0.116148	-0.143717	-0.167348	-0.176134	-0.167639	-0.140783	-0.086723	-0.00613458	0.0905795	0.198384	0.316164	0.433603	0.536511	0.61765	0.657966	0.661096	0.638265	0.607863	0.569243	0.542485	0.54115	0.569061	0.614158	0.65319	0.687511	0.71448	0.729066	0.733975	0.740026	0.743478	0.736207	0.717099	0.664961	0.575226	0.465797	0.342696	0.222019	0.109018	0.0141344	-0.0506347	-0.0713737	-0.0449281	0.0279748	0.130399	0.241478	0.336687	0.390481	0.375798	0.293583	0.162438	0.00178076	-0.158892	-0.29391	-0.396389	-0.467657	-0.496094	-0.4717	-0.400579	-0.303887	-0.192346	-0.076691	0.0290757	0.118093	0.189507	0.228419	0.222742	0.17383	0.0832754	-0.035977	-0.167613	-0.310263	-0.453891	-0.595974	-0.721446	-0.817018	-0.881492	-0.920182	-0.928782	-0.901386	-0.854146	-0.785043	-0.700829	-0.588932	-0.449271	-0.31324	-0.202914	-0.149699	-0.179886	-0.289207	-0.437948	-0.589676	-0.692134	-0.703473	-0.625831	-0.46469	-0.24512	0	
0	-0.0425703	-0.0773369	-0.109423	-0.141204	-0.168213	-0.18056	-0.178807	-0.159135	-0.119484	-0.0596837	0.016018	0.113427	0.233383	0.366449	0.495626	0.605315	0.674575	0.708985	0.719505	0.702558	0.653567	0.600904	0.569061	0.557502	0.561267	0.568261	0.581604	0.59648	0.610021	0.619958	0.639443	0.660971	0.678642	0.68566	0.663166	0.611699	0.549035	0.472771	0.382356	0.275046	0.17066	0.0945112	0.0692325	0.0921991	0.159585	0.25394	0.352212	0.430355	0.464696	0.431232	0.333841	0.184284	0.0062678	-0.169647	-0.315413	-0.426468	-0.501837	-0.529481	-0.502714	-0.439359	-0.350814	-0.242786	-0.132834	-0.0325306	0.0487092	0.11477	0.15526	0.161441	0.130556	0.0660668	-0.0273905	-0.144717	-0.283251	-0.434815	-0.591268	-0.727847	-0.831588	-0.908203	-0.951432	-0.955306	-0.927411	-0.879767	-0.800687	-0.68995	-0.548992	-0.385921	-0.227237	-0.101807	-0.0387248	-0.0631281	-0.174414	-0.329098	-0.484933	-0.591729	-0.612979	-0.553855	-0.417416	-0.220814	0	
0	-0.0292403	-0.058524	-0.0890126	-0.117032	-0.140629	-0.159567	-0.172587	-0.170468	-0.14767	-0.10511	-0.0417518	0.0509921	0.175672	0.320652	0.468189	0.602919	0.704944	0.774161	0.808992	0.801601	0.749028	0.679863	0.614158	0.561267	0.529599	0.504306	0.479578	0.459889	0.455342	0.46526	0.497899	0.544013	0.590174	0.629645	0.646043	0.638172	0.61966	0.581926	0.515545	0.417873	0.316012	0.242035	0.218354	0.244365	0.31737	0.412951	0.502589	0.565454	0.583297	0.531356	0.41118	0.243575	0.0529488	-0.137148	-0.301126	-0.427203	-0.513093	-0.549552	-0.535544	-0.486893	-0.411072	-0.315079	-0.215196	-0.128149	-0.0579857	0.00323431	0.0440033	0.0565059	0.0469043	0.00893514	-0.0592935	-0.154925	-0.286739	-0.440577	-0.603812	-0.751428	-0.867968	-0.950351	-0.987935	-0.982131	-0.947525	-0.888742	-0.786039	-0.647794	-0.479089	-0.282773	-0.0865186	0.0713542	0.150947	0.127309	0.0111465	-0.1497	-0.314866	-0.439987	-0.488445	-0.457776	-0.352195	-0.189074	0	
0	-0.012437	-0.0282308	-0.0515255	-0.0763675	-0.102874	-0.132031	-0.165459	-0.185289	-0.181061	-0.149187	-0.0899061	0.00451073	0.134021	0.282882	0.438259	0.592127	0.725941	0.822626	0.87411	0.877996	0.830641	0.748708	0.65319	0.568261	0.504306	0.438736	0.36778	0.309829	0.281331	0.281677	0.322727	0.393409	0.47414	0.554815	0.614673	0.646448	0.660441	0.650504	0.602753	0.520887	0.435972	0.376818	0.363735	0.399494	0.483033	0.588263	0.676154	0.721567	0.710739	0.630136	0.491562	0.314692	0.121157	-0.0731707	-0.246941	-0.386057	-0.486071	-0.543853	-0.556968	-0.535486	-0.482892	-0.408935	-0.330546	-0.255956	-0.190499	-0.129528	-0.0835851	-0.0583111	-0.0499177	-0.0685393	-0.117892	-0.201053	-0.324184	-0.471336	-0.632392	-0.784892	-0.90728	-0.98725	-1.01578	-0.998231	-0.945992	-0.858465	-0.726658	-0.565516	-0.374157	-0.147456	0.0804033	0.259113	0.359127	0.358444	0.255097	0.089517	-0.0962733	-0.252815	-0.337377	-0.343454	-0.276474	-0.151738	0	
0	0.00889835	0.0126927	-0.00200893	-0.0361386	-0.0781179	-0.124459	-0.175473	-0.215329	-0.225742	-0.201098	-0.143245	-0.0475372	0.0806637	0.226621	0.384642	0.555925	0.714793	0.829606	0.895404	0.914259	0.878026	0.793763	0.687511	0.581604	0.479578	0.36778	0.254832	0.160862	0.103236	0.0899112	0.141058	0.239092	0.356952	0.476134	0.571458	0.632637	0.670912	0.678102	0.644736	0.582239	0.520255	0.480621	0.482989	0.533416	0.631106	0.743876	0.828782	0.860454	0.828289	0.725733	0.568653	0.383895	0.188866	-0.0096243	-0.1875	-0.327078	-0.435487	-0.514132	-0.555488	-0.567039	-0.550431	-0.51216	-0.458798	-0.395219	-0.330477	-0.264142	-0.207695	-0.167596	-0.143108	-0.148119	-0.187592	-0.261103	-0.372359	-0.505122	-0.653152	-0.798447	-0.913366	-0.98586	-1.01026	-0.987108	-0.918453	-0.805813	-0.654854	-0.470895	-0.247089	0.00553393	0.250202	0.448564	0.572597	0.59092	0.497447	0.329506	0.127634	-0.0591816	-0.184348	-0.233064	-0.206117	-0.116931	0	
0	0.032015	0.0569958	0.0464646	-0.00432021	-0.0713491	-0.135116	-0.19853	-0.248501	-0.267179	-0.248889	-0.195261	-0.107184	0.01117	0.147429	0.308625	0.493707	0.667384	0.793101	0.870273	0.903838	0.881021	0.811162	0.71448	0.59648	0.459889	0.309829	0.160862	0.0325865	-0.0502308	-0.0649781	0.000384846	0.12344	0.269039	0.412223	0.527092	0.605649	0.652899	0.665772	0.641805	0.601399	0.567099	0.554143	0.574252	0.631537	0.72987	0.846702	0.93414	0.963088	0.925595	0.816935	0.653507	0.460991	0.255639	0.0496537	-0.130315	-0.269799	-0.380195	-0.470851	-0.535455	-0.576686	-0.595945	-0.592619	-0.558708	-0.500526	-0.43762	-0.374539	-0.318155	-0.275982	-0.246316	-0.240528	-0.262144	-0.311857	-0.395267	-0.500751	-0.62995	-0.762348	-0.867584	-0.93805	-0.966915	-0.94327	-0.868161	-0.75077	-0.585888	-0.372574	-0.119551	0.154353	0.416038	0.629232	0.758891	0.77433	0.678631	0.505601	0.294565	0.095694	-0.0501415	-0.130324	-0.139522	-0.0844059	0	
0	0.0498964	0.0882806	0.080731	0.0176382	-0.064085	-0.140023	-0.207863	-0.260131	-0.282334	-0.271117	-0.229319	-0.155913	-0.0575129	0.0660554	0.225677	0.4158	0.594382	0.725957	0.813944	0.858953	0.853596	0.808081	0.729066	0.610021	0.455342	0.281331	0.103236	-0.0502308	-0.139478	-0.14964	-0.0767123	0.0567488	0.216054	0.370107	0.493032	0.572407	0.612841	0.621289	0.607101	0.586638	0.577182	0.58911	0.623057	0.68261	0.780882	0.900358	0.996092	1.03786	1.00914	0.90552	0.741632	0.541706	0.326616	0.115764	-0.065032	-0.204096	-0.318722	-0.416302	-0.489349	-0.548973	-0.597253	-0.617368	-0.599476	-0.554648	-0.504147	-0.452352	-0.405514	-0.367637	-0.336619	-0.320398	-0.320135	-0.339015	-0.384647	-0.458517	-0.560127	-0.67289	-0.77252	-0.847515	-0.885607	-0.871694	-0.806331	-0.691413	-0.519545	-0.28991	-0.0207162	0.267419	0.545817	0.763859	0.885536	0.891034	0.784305	0.603317	0.390024	0.186835	0.0324786	-0.0572259	-0.082368	-0.053709	0	
0	0.048415	0.083867	0.0749332	0.0164008	-0.0607582	-0.135684	-0.203861	-0.255922	-0.280454	-0.279905	-0.251006	-0.195499	-0.114827	-0.00602953	0.14606	0.331446	0.509139	0.648401	0.74785	0.807617	0.823475	0.798674	0.733975	0.619958	0.46526	0.281677	0.0899112	-0.0649781	-0.14964	-0.159422	-0.0961436	0.0301262	0.188086	0.341955	0.461972	0.530654	0.558117	0.563678	0.550984	0.534969	0.537438	0.565744	0.612917	0.684441	0.793048	0.923024	1.02999	1.07982	1.0581	0.961967	0.800672	0.600795	0.386666	0.178755	-5.50632e-05	-0.139452	-0.249931	-0.339771	-0.411297	-0.478503	-0.540566	-0.579662	-0.579719	-0.553417	-0.519701	-0.480487	-0.437625	-0.399305	-0.366441	-0.339805	-0.323752	-0.321639	-0.342537	-0.390225	-0.469815	-0.566764	-0.659185	-0.738721	-0.784874	-0.783514	-0.734967	-0.634723	-0.468018	-0.238594	0.0311633	0.32356	0.601302	0.815104	0.93255	0.938847	0.835461	0.651564	0.435257	0.225723	0.0634082	-0.0284695	-0.0601946	-0.0442423	0	
0	0.0282833	0.0463233	0.0378265	0.000298211	-0.0483769	-0.107003	-0.16863	-0.219613	-0.249628	-0.26106	-0.248543	-0.208153	-0.144774	-0.0525023	0.0819645	0.25351	0.426949	0.572712	0.685735	0.767625	0.806836	0.798011	0.740026	0.639443	0.497899	0.322727	0.141058	0.000384846	-0.0767123	-0.0961436	-0.0573093	0.0413444	0.176938	0.316707	0.422871	0.479414	0.503852	0.507487	0.48711	0.462722	0.462969	0.499503	0.564218	0.656684	0.780572	0.92162	1.03812	1.09445	1.07739	0.988026	0.830828	0.632305	0.424753	0.229928	0.0578003	-0.0800934	-0.185213	-0.262261	-0.322064	-0.381789	-0.444512	-0.4882	-0.504644	-0.503006	-0.487408	-0.454837	-0.411505	-0.36551	-0.319958	-0.285085	-0.261544	-0.2504	-0.259926	-0.296904	-0.360151	-0.445631	-0.540301	-0.622925	-0.678502	-0.697681	-0.67166	-0.588847	-0.439576	-0.23039	0.0222814	0.301839	0.572107	0.784465	0.90861	0.928319	0.838051	0.664084	0.450354	0.239186	0.0698906	-0.0347889	-0.0719373	-0.0528395	0	
0	0.000375854	-0.00156788	-0.00810611	-0.0167068	-0.0262033	-0.053667	-0.0974306	-0.142454	-0.175942	-0.200371	-0.203707	-0.180366	-0.134443	-0.0637935	0.0460405	0.197441	0.35954	0.503823	0.627055	0.729797	0.791369	0.791376	0.743478	0.660971	0.544013	0.393409	0.239092	0.12344	0.0567488	0.0301262	0.0413444	0.0996007	0.198875	0.30527	0.383413	0.424161	0.442034	0.436578	0.405197	0.371642	0.367208	0.409067	0.490748	0.602896	0.743593	0.899615	1.02625	1.08848	1.07836	0.993018	0.835425	0.642076	0.443614	0.254065	0.0856957	-0.0471794	-0.140446	-0.20129	-0.244748	-0.285807	-0.326163	-0.359934	-0.382402	-0.39432	-0.394043	-0.374084	-0.333401	-0.279663	-0.22743	-0.181993	-0.150048	-0.133819	-0.135957	-0.163541	-0.222627	-0.311822	-0.412287	-0.506503	-0.578357	-0.620773	-0.618925	-0.560245	-0.442057	-0.263633	-0.0315974	0.231565	0.486513	0.700245	0.836206	0.86895	0.795491	0.635599	0.429788	0.222559	0.0539494	-0.0545589	-0.0897859	-0.0597231	0	
0	-0.0209169	-0.0366688	-0.040784	-0.0294239	-0.00500118	0.00394907	-0.0102404	-0.0404287	-0.0729567	-0.106888	-0.126644	-0.122367	-0.0983337	-0.0525626	0.0297421	0.15676	0.298101	0.431551	0.555834	0.673688	0.750314	0.766382	0.736207	0.678642	0.590174	0.47414	0.356952	0.269039	0.216054	0.188086	0.176938	0.198875	0.25201	0.309596	0.344564	0.35622	0.355028	0.335633	0.299259	0.260988	0.253436	0.302242	0.39598	0.520688	0.677738	0.848044	0.983903	1.05524	1.05617	0.978389	0.826148	0.633804	0.431666	0.241563	0.0693058	-0.0628587	-0.1405	-0.176145	-0.190738	-0.192611	-0.199082	-0.210187	-0.224772	-0.242702	-0.2517	-0.241909	-0.208046	-0.153884	-0.0944619	-0.0432506	-0.00586563	0.0179808	0.0235571	0.000164433	-0.0570463	-0.148492	-0.260031	-0.370357	-0.472294	-0.553475	-0.587755	-0.567695	-0.480742	-0.32381	-0.109849	0.14009	0.387642	0.599556	0.738379	0.776228	0.71145	0.566548	0.373462	0.17827	0.0240535	-0.0703205	-0.0939705	-0.0616225	0	
0	-0.0283125	-0.0476114	-0.0528247	-0.0361312	0.00462388	0.0454787	0.0631818	0.0534969	0.0251906	-0.0139208	-0.0470048	-0.0615134	-0.0609594	-0.0417123	0.0120691	0.108958	0.222541	0.337737	0.457785	0.580853	0.674628	0.717326	0.717099	0.68566	0.629645	0.554815	0.476134	0.412223	0.370107	0.341955	0.316707	0.30527	0.309596	0.310646	0.294519	0.266844	0.238831	0.206108	0.164087	0.124227	0.123551	0.182692	0.28446	0.421784	0.591592	0.765853	0.905436	0.987432	0.998516	0.93008	0.787386	0.595348	0.384058	0.181469	0.0093207	-0.106732	-0.159564	-0.170403	-0.153676	-0.120126	-0.0910952	-0.0701316	-0.0630319	-0.0670424	-0.0721622	-0.0675914	-0.0380326	0.0182094	0.0757663	0.129097	0.171375	0.197968	0.210795	0.192488	0.13409	0.038271	-0.0843988	-0.218784	-0.356225	-0.479786	-0.558946	-0.584919	-0.536155	-0.40232	-0.20147	0.0395431	0.281917	0.489321	0.623874	0.666232	0.610098	0.47999	0.312911	0.13944	0.00343518	-0.0719187	-0.0890684	-0.0601705	0	
0	-0.0228881	-0.0393872	-0.0459947	-0.0348188	0.0100838	0.0681492	0.111072	0.116669	0.094092	0.0538668	0.016523	-0.00953755	-0.0290853	-0.0360205	-0.0154497	0.0444314	0.122701	0.216022	0.323728	0.445546	0.555831	0.632262	0.664961	0.663166	0.646043	0.614673	0.571458	0.527092	0.493032	0.461972	0.422871	0.383413	0.344564	0.294519	0.227879	0.157589	0.10117	0.0441957	-0.0114472	-0.0481319	-0.0307116	0.0436174	0.160343	0.314549	0.494975	0.670826	0.813572	0.894817	0.905602	0.844088	0.70602	0.515884	0.30745	0.113147	-0.0423236	-0.133938	-0.164687	-0.153215	-0.115752	-0.0595648	-0.00417429	0.0461402	0.0876245	0.111342	0.122664	0.136411	0.169841	0.223526	0.278039	0.326914	0.364034	0.391608	0.404871	0.385749	0.325893	0.227362	0.0951855	-0.0605979	-0.227244	-0.385683	-0.506946	-0.574214	-0.557011	-0.451553	-0.279203	-0.0641363	0.163908	0.367655	0.501765	0.555356	0.523511	0.417622	0.27095	0.120615	0.000908586	-0.0694859	-0.0849186	-0.0583506	0	
0	-0.0119409	-0.0221323	-0.0302699	-0.0200647	0.0213552	0.085063	0.133509	0.146074	0.124201	0.0888909	0.0568365	0.0301613	-0.00181327	-0.0341834	-0.0490451	-0.0316293	0.00961825	0.0766315	0.1648	0.277852	0.400125	0.507587	0.575226	0.611699	0.638172	0.646448	0.632637	0.605649	0.572407	0.530654	0.479414	0.424161	0.35622	0.266844	0.157589	0.051347	-0.0427218	-0.134807	-0.208384	-0.235891	-0.201497	-0.111559	0.0275142	0.202764	0.395056	0.581559	0.726664	0.80075	0.806232	0.743028	0.613971	0.435927	0.240434	0.0619226	-0.0656236	-0.133106	-0.148302	-0.121866	-0.0685837	0.00261681	0.0804259	0.158905	0.226769	0.274317	0.301475	0.332076	0.38046	0.440918	0.494644	0.53161	0.553941	0.569379	0.574397	0.556847	0.50305	0.410666	0.276293	0.105854	-0.0814873	-0.266839	-0.421295	-0.518236	-0.528308	-0.460033	-0.322767	-0.132128	0.0741141	0.265201	0.40605	0.478789	0.469726	0.384283	0.250576	0.11357	0.00168752	-0.0739392	-0.0880484	-0.0536239	0	
0	0.00124258	-0.00400222	-0.00772147	0.00598273	0.0488398	0.103915	0.145056	0.15065	0.127625	0.097438	0.0751335	0.0540518	0.0146333	-0.0382173	-0.086903	-0.107777	-0.100974	-0.0641005	-0.00140642	0.0957949	0.224412	0.357685	0.465797	0.549035	0.61966	0.660441	0.670912	0.652899	0.612841	0.558117	0.503852	0.442034	0.355028	0.238831	0.10117	-0.0427218	-0.179041	-0.307365	-0.390443	-0.411447	-0.364101	-0.252982	-0.089558	0.105142	0.319062	0.521299	0.666081	0.733435	0.73295	0.668418	0.54709	0.38661	0.209626	0.0526329	-0.0560631	-0.111466	-0.117477	-0.0802246	-0.0147225	0.0665904	0.160577	0.261398	0.35319	0.417986	0.458309	0.502609	0.557485	0.617215	0.667193	0.698112	0.713951	0.727482	0.731991	0.715961	0.668007	0.580233	0.448233	0.277857	0.0848347	-0.116146	-0.295466	-0.418428	-0.459615	-0.426397	-0.31707	-0.149232	0.0369896	0.219617	0.370555	0.452696	0.448932	0.380338	0.258737	0.121581	0.0109478	-0.0625552	-0.0781754	-0.0477124	0	
0	0.0132291	0.0135907	0.0118882	0.034091	0.0751977	0.120884	0.144892	0.141407	0.114502	0.0882471	0.0723622	0.0540416	0.011408	-0.0569196	-0.130199	-0.180868	-0.20516	-0.200648	-0.168172	-0.0874203	0.0408173	0.195167	0.342696	0.472771	0.581926	0.650504	0.678102	0.665772	0.621289	0.563678	0.507487	0.436578	0.335633	0.206108	0.0441957	-0.134807	-0.307365	-0.45298	-0.540176	-0.556155	-0.49044	-0.355784	-0.170142	0.0474599	0.284667	0.498638	0.645134	0.708332	0.702658	0.632296	0.521765	0.37772	0.220567	0.0868328	-0.00814392	-0.0623924	-0.0645706	-0.0238223	0.0450847	0.136949	0.245262	0.365042	0.468469	0.538326	0.583349	0.626368	0.678227	0.73385	0.779528	0.810535	0.831593	0.849157	0.858541	0.85072	0.808341	0.729463	0.609345	0.4508	0.262653	0.0578627	-0.130757	-0.277083	-0.346862	-0.341501	-0.26286	-0.115266	0.0592953	0.235944	0.388539	0.470723	0.471269	0.412888	0.301303	0.169362	0.0630973	-0.00605795	-0.0357986	-0.0301097	0	
0	0.0229585	0.0258552	0.0244494	0.0450324	0.0832685	0.117644	0.129556	0.117517	0.0892544	0.0648174	0.0481827	0.0281352	-0.0176089	-0.0936408	-0.180598	-0.251525	-0.299452	-0.324316	-0.312001	-0.242445	-0.116056	0.0489902	0.222019	0.382356	0.515545	0.602753	0.644736	0.641805	0.607101	0.550984	0.48711	0.405197	0.299259	0.164087	-0.0114472	-0.208384	-0.390443	-0.540176	-0.630734	-0.638449	-0.557306	-0.4058	-0.201899	0.0402538	0.298876	0.522165	0.671898	0.735454	0.71745	0.644343	0.536856	0.403457	0.268603	0.151996	0.0645675	0.0174483	0.0174666	0.0566972	0.1263	0.214611	0.324392	0.450477	0.557557	0.627551	0.672298	0.710975	0.751576	0.797866	0.842513	0.877677	0.907488	0.934604	0.94988	0.943431	0.906896	0.839337	0.736753	0.603696	0.434352	0.238954	0.0507803	-0.103946	-0.195078	-0.212488	-0.152575	-0.0289167	0.133793	0.304901	0.449239	0.537674	0.549122	0.493375	0.387732	0.26138	0.153477	0.0730052	0.0213339	0.0028839	0	
0	0.0271958	0.0331378	0.0285243	0.041432	0.0712321	0.0994351	0.105701	0.0910183	0.0671925	0.0453963	0.0261194	-0.0027506	-0.0543256	-0.13712	-0.233289	-0.317468	-0.383738	-0.424406	-0.419566	-0.352174	-0.230719	-0.0684566	0.109018	0.275046	0.417873	0.520887	0.582239	0.601399	0.586638	0.534969	0.462722	0.371642	0.260988	0.124227	-0.0481319	-0.235891	-0.411447	-0.556155	-0.638449	-0.635773	-0.543833	-0.383756	-0.162039	0.0982008	0.36378	0.590856	0.743372	0.801947	0.781988	0.70758	0.59619	0.470583	0.35311	0.244258	0.161712	0.121711	0.121372	0.156774	0.214902	0.29206	0.399332	0.513448	0.611969	0.681656	0.720151	0.751798	0.788292	0.826039	0.867654	0.904195	0.93727	0.969867	0.986894	0.990878	0.963731	0.909605	0.836551	0.725123	0.57524	0.404584	0.231507	0.0846865	-0.00730564	-0.0336714	0.00852568	0.104	0.241637	0.397831	0.536018	0.627063	0.650698	0.604382	0.504616	0.386813	0.269829	0.16529	0.0920966	0.0444004	0	
0	0.0234288	0.0320289	0.0275485	0.0316652	0.0524163	0.0771242	0.0819167	0.0713765	0.0577796	0.0461858	0.0234157	-0.0184981	-0.0850878	-0.179021	-0.282948	-0.375574	-0.447839	-0.490734	-0.481337	-0.413696	-0.300024	-0.149969	0.0141344	0.17066	0.316012	0.435972	0.520255	0.567099	0.577182	0.537438	0.462969	0.367208	0.253436	0.123551	-0.0307116	-0.201497	-0.364101	-0.49044	-0.557306	-0.543833	-0.448728	-0.279594	-0.0469835	0.215908	0.478392	0.70598	0.855078	0.918113	0.90467	0.825418	0.705384	0.572319	0.450511	0.340841	0.263175	0.229459	0.228132	0.253177	0.301212	0.363644	0.455191	0.552631	0.635986	0.697306	0.729424	0.76079	0.793583	0.823475	0.860331	0.888552	0.917887	0.9573	0.984278	1.00125	0.992364	0.958651	0.905514	0.81348	0.688302	0.545785	0.396055	0.268403	0.187257	0.154092	0.172789	0.244269	0.362321	0.499997	0.631186	0.723065	0.750349	0.717146	0.626019	0.504257	0.379658	0.261577	0.163324	0.0809331	0	
0	0.00936023	0.0169496	0.0153115	0.0134335	0.0262561	0.0457744	0.0514628	0.0492513	0.0542394	0.0577985	0.0349144	-0.0229447	-0.109623	-0.215246	-0.322321	-0.411393	-0.476846	-0.51074	-0.496106	-0.432534	-0.329516	-0.196779	-0.0506347	0.0945112	0.242035	0.376818	0.480621	0.554143	0.58911	0.565744	0.499503	0.409067	0.302242	0.182692	0.0436174	-0.111559	-0.252982	-0.355784	-0.4058	-0.383756	-0.279594	-0.101974	0.12699	0.379877	0.632248	0.850538	0.999255	1.06997	1.0638	0.974642	0.83607	0.689536	0.549972	0.427057	0.344862	0.311461	0.30905	0.324954	0.366822	0.426778	0.502908	0.580802	0.646242	0.695085	0.723012	0.751638	0.78269	0.805314	0.82269	0.837815	0.864607	0.906622	0.950297	0.98792	0.998202	0.98279	0.946291	0.870894	0.766466	0.648166	0.523418	0.413407	0.338176	0.300906	0.304141	0.361251	0.461501	0.582881	0.710543	0.802214	0.831463	0.801854	0.716912	0.597624	0.473337	0.350883	0.226856	0.110108	0	
