0	0	0	0	0	0	0	0	0	0	0	0	0	0	0	0	0	0	0	0	0	0	0	0	0	0	0	0	0	0	0	0	0	0	0	0	0	0	0	0	0	0	0	0	0	0	0	0	0	0	0	0	0	0	0	0	0	0	0	0	0	0	0	0	0	0	0	0	0	0	0	0	0	0	0	0	0	0	0	0	0	0	0	0	0	0	0	0	0	0	0	0	0	0	0	0	0	0	0	0	
0	0.00438912	0.00735858	0.00703855	0.00709055	0.00812634	0.0132007	0.0188315	0.0219435	0.0218923	0.0216663	0.0242215	0.027901	0.0301187	0.0323274	0.0363866	0.0391016	0.035907	0.0240903	0.00903998	-0.007695	-0.0232645	-0.0357609	-0.0409511	-0.0392358	-0.0311861	-0.0174967	0.00164295	0.024462	0.0469686	0.0661587	0.0803452	0.090985	0.100928	0.111533	0.118464	0.12474	0.127316	0.12265	0.109703	0.0897684	0.0584342	0.0146549	-0.039025	-0.0935622	-0.146727	-0.189114	-0.216335	-0.228888	-0.225463	-0.208523	-0.184228	-0.157163	-0.130856	-0.105523	-0.0781087	-0.0507498	-0.0252373	-0.00113711	0.0219649	0.0432022	0.0654223	0.0840633	0.0954932	0.0995356	0.098568	0.090341	0.0827281	0.077221	0.0714884	0.0713027	0.073266	0.0785806	0.0867805	0.0911791	0.0873732	0.0802265	0.0697195	0.0526913	0.0322808	0.00969233	-0.0130735	-0.0357015	-0.0602173	-0.0890811	-0.121755	-0.157228	-0.196175	-0.236286	-0.273485	-0.303874	-0.32292	-0.328877	-0.320924	-0.294277	-0.253536	-0.203471	-0.140785	-0.071023	0	
0	0.00735858	0.0106319	0.00940941	0.00638746	0.00768697	0.015095	0.0246128	0.0287972	0.0268019	0.0248169	0.0287249	0.0353375	0.0396248	0.045551	0.0540374	0.0637833	0.0591721	0.0413889	0.015725	-0.0128294	-0.0378066	-0.0591242	-0.0653714	-0.0593461	-0.0427215	-0.0152703	0.0215036	0.0632963	0.105084	0.137603	0.160313	0.174899	0.188823	0.20277	0.212733	0.221621	0.2259	0.218136	0.198438	0.162969	0.11078	0.0322024	-0.066133	-0.167603	-0.265489	-0.35021	-0.40557	-0.435835	-0.439084	-0.417062	-0.376408	-0.328177	-0.279985	-0.230796	-0.174735	-0.115578	-0.0594434	-0.0103156	0.0331136	0.0730686	0.114308	0.148968	0.169108	0.181083	0.185543	0.178958	0.173931	0.170771	0.166564	0.166057	0.168166	0.17249	0.180991	0.183937	0.170489	0.155806	0.134797	0.100827	0.0602916	0.0133096	-0.0340476	-0.0852493	-0.142639	-0.205272	-0.270842	-0.338099	-0.409241	-0.479097	-0.540144	-0.584698	-0.608506	-0.612263	-0.589443	-0.534515	-0.459842	-0.366086	-0.250696	-0.128181	0	
0	0.00703855	0.00940941	0.00250239	-0.00373834	-0.00636265	0.0025735	0.013408	0.0173612	0.0126896	0.00862193	0.0140094	0.0243279	0.0327152	0.0428141	0.0603812	0.0762249	0.0764796	0.0534643	0.0215552	-0.0144223	-0.0468324	-0.0713931	-0.0764255	-0.0639758	-0.036056	0.00477083	0.057718	0.117059	0.171705	0.21291	0.236517	0.247909	0.256889	0.26854	0.273265	0.280005	0.282136	0.271248	0.244573	0.205212	0.140774	0.0442581	-0.0802551	-0.211081	-0.345508	-0.460773	-0.545283	-0.59975	-0.617978	-0.601878	-0.562669	-0.508551	-0.446333	-0.375772	-0.289756	-0.198228	-0.111756	-0.0347222	0.0323996	0.0881916	0.143269	0.190092	0.222817	0.244844	0.262242	0.266761	0.274613	0.283919	0.283481	0.284923	0.280334	0.275921	0.276083	0.267525	0.241584	0.213966	0.182795	0.135952	0.0769225	0.00560116	-0.0730783	-0.157223	-0.248761	-0.348463	-0.448671	-0.543329	-0.633182	-0.713428	-0.777413	-0.819937	-0.834918	-0.822805	-0.783607	-0.705498	-0.600615	-0.478969	-0.329638	-0.165867	0	
0	0.00709055	0.00638746	-0.00373834	-0.0159186	-0.0198491	-0.0110349	0.00196085	0.00540039	-0.00165356	-0.00780138	-0.000835989	0.0130646	0.024904	0.0411088	0.064177	0.0902305	0.0910588	0.0665788	0.0273367	-0.0165829	-0.0543116	-0.08457	-0.0885249	-0.0704253	-0.0339952	0.0206015	0.0896018	0.16511	0.235118	0.283344	0.307595	0.312085	0.311951	0.31159	0.304435	0.299416	0.292521	0.273616	0.244392	0.200906	0.138251	0.0372374	-0.096422	-0.239211	-0.385481	-0.521604	-0.624001	-0.698499	-0.738507	-0.741068	-0.710805	-0.659942	-0.59709	-0.516922	-0.411014	-0.290089	-0.171835	-0.0685562	0.0174548	0.09029	0.162151	0.223834	0.265944	0.300837	0.331985	0.349658	0.370876	0.39007	0.396387	0.395433	0.384817	0.368944	0.356477	0.33549	0.291684	0.252419	0.208386	0.144403	0.0662708	-0.0294977	-0.133338	-0.248303	-0.373842	-0.502468	-0.624166	-0.731716	-0.828277	-0.909172	-0.966411	-0.994877	-0.994198	-0.969874	-0.915237	-0.819267	-0.699964	-0.557057	-0.381483	-0.194931	0	
0	0.00812634	0.00768697	-0.00636265	-0.0198491	-0.0253728	-0.0130306	0.00281781	0.0083446	0.000859275	-0.00488156	0.00522352	0.0238524	0.0413883	0.0612531	0.0926407	0.121541	0.124865	0.0918718	0.042732	-0.0123102	-0.0610781	-0.0976696	-0.103734	-0.0821714	-0.0354274	0.0321721	0.119001	0.213575	0.297978	0.355801	0.37922	0.376038	0.362676	0.347317	0.321507	0.298962	0.275883	0.245695	0.20757	0.167226	0.109719	0.0174412	-0.1091	-0.245479	-0.394442	-0.53168	-0.643282	-0.73116	-0.785309	-0.802467	-0.790374	-0.754812	-0.700504	-0.623278	-0.51069	-0.377784	-0.244337	-0.123351	-0.0166617	0.0744115	0.163813	0.24293	0.302944	0.351052	0.393339	0.418338	0.445617	0.47013	0.475681	0.47346	0.455702	0.431952	0.411689	0.378217	0.320098	0.262684	0.202749	0.122995	0.0251184	-0.0913707	-0.217301	-0.349661	-0.489387	-0.632853	-0.76475	-0.876781	-0.97102	-1.04328	-1.09012	-1.10961	-1.09947	-1.06469	-1.00414	-0.900684	-0.768706	-0.615579	-0.425086	-0.215428	0	
0	0.0132007	0.015095	0.0025735	-0.0110349	-0.0130306	0.00340671	0.0248376	0.0326617	0.0260955	0.0203516	0.0328404	0.0552108	0.0754302	0.0997252	0.13291	0.166731	0.165967	0.126691	0.065145	-0.00175376	-0.0601052	-0.104343	-0.112351	-0.0865569	-0.0316905	0.0513915	0.155565	0.269212	0.369696	0.434691	0.456727	0.441824	0.410456	0.37367	0.324251	0.279304	0.238694	0.196019	0.155788	0.119356	0.0755305	-0.00195932	-0.113987	-0.23881	-0.375892	-0.510281	-0.620058	-0.710365	-0.772333	-0.799671	-0.795449	-0.771185	-0.73458	-0.673013	-0.573654	-0.446418	-0.313115	-0.188067	-0.0758921	0.0275129	0.136597	0.237225	0.3142	0.375523	0.426755	0.455816	0.483573	0.506123	0.511299	0.506588	0.487875	0.461965	0.437613	0.397401	0.324893	0.251988	0.172047	0.0708015	-0.0442248	-0.174727	-0.307464	-0.443899	-0.585042	-0.724404	-0.851322	-0.956985	-1.04641	-1.11829	-1.16324	-1.1778	-1.16321	-1.12473	-1.05802	-0.947536	-0.810144	-0.647529	-0.445871	-0.227756	0	
0	0.0188315	0.0246128	0.013408	0.00196085	0.00281781	0.0248376	0.0503817	0.0613592	0.0550646	0.049761	0.0644044	0.0892741	0.113976	0.139748	0.177806	0.211759	0.210719	0.163274	0.0922007	0.0155779	-0.0504075	-0.0979636	-0.105131	-0.0737553	-0.00652769	0.0903376	0.213224	0.342705	0.453769	0.521256	0.533271	0.499333	0.443643	0.378481	0.303863	0.236575	0.179928	0.132115	0.0943844	0.0708832	0.0459967	-0.010891	-0.105683	-0.215975	-0.345198	-0.470717	-0.575793	-0.661062	-0.717972	-0.74274	-0.743171	-0.728443	-0.704791	-0.664526	-0.587674	-0.482709	-0.368033	-0.258156	-0.151268	-0.0446606	0.0719158	0.185668	0.278382	0.354737	0.41614	0.451942	0.483566	0.508522	0.514986	0.509812	0.4886	0.459724	0.431123	0.381833	0.296853	0.206963	0.112435	0.00052963	-0.124818	-0.259342	-0.389106	-0.514191	-0.641142	-0.769269	-0.885398	-0.986335	-1.07533	-1.14561	-1.19199	-1.20895	-1.19266	-1.14888	-1.07465	-0.955102	-0.808388	-0.640385	-0.438383	-0.22252	0	
0	0.0219435	0.0287972	0.0173612	0.00540039	0.0083446	0.0326617	0.0613592	0.0728869	0.0665631	0.0611383	0.0767022	0.105377	0.133295	0.164327	0.205793	0.244198	0.243112	0.19348	0.115943	0.0351019	-0.0337195	-0.0799787	-0.0831685	-0.0430409	0.0349543	0.1476	0.283217	0.424902	0.539078	0.599099	0.593018	0.531837	0.442652	0.348122	0.246313	0.160359	0.0953792	0.048442	0.0209233	0.0160433	0.0124017	-0.0230449	-0.0982597	-0.195162	-0.311798	-0.427473	-0.521826	-0.595782	-0.642154	-0.657544	-0.650577	-0.638016	-0.630173	-0.60989	-0.559288	-0.480888	-0.392471	-0.304386	-0.218163	-0.127879	-0.017856	0.0965787	0.196399	0.280727	0.354064	0.404664	0.448392	0.482974	0.495016	0.489676	0.462833	0.424	0.38295	0.320938	0.225696	0.127393	0.0263226	-0.085971	-0.204403	-0.328481	-0.444688	-0.554306	-0.664688	-0.776123	-0.881732	-0.974468	-1.05855	-1.13315	-1.18301	-1.19948	-1.1809	-1.12882	-1.04448	-0.917681	-0.765564	-0.598751	-0.406279	-0.204307	0	
0	0.0218923	0.0268019	0.0126896	-0.00165356	0.000859275	0.0260955	0.0550646	0.0665631	0.0596842	0.0538267	0.0717163	0.103186	0.137791	0.174336	0.222756	0.266479	0.269762	0.221221	0.143375	0.0622152	-0.00414529	-0.0454992	-0.0427181	0.00505945	0.093342	0.214002	0.359433	0.502454	0.611687	0.656503	0.624495	0.530133	0.408401	0.280081	0.15742	0.0574452	-0.0115238	-0.0509388	-0.0617348	-0.0477225	-0.0274755	-0.0400841	-0.0966948	-0.177763	-0.277833	-0.375241	-0.451408	-0.504329	-0.532202	-0.535754	-0.525887	-0.517139	-0.517881	-0.517422	-0.491863	-0.439805	-0.37706	-0.319247	-0.262433	-0.195537	-0.108631	-0.0101541	0.0811375	0.168619	0.250106	0.314375	0.372979	0.418921	0.440224	0.433155	0.397855	0.34669	0.291027	0.217085	0.115324	0.0161301	-0.0766174	-0.173731	-0.276923	-0.382926	-0.479159	-0.569184	-0.662795	-0.759515	-0.849166	-0.932108	-1.0101	-1.07448	-1.11835	-1.13259	-1.11082	-1.05764	-0.970312	-0.842238	-0.69385	-0.532821	-0.355816	-0.178858	0	
0	0.0216663	0.0248169	0.00862193	-0.00780138	-0.00488156	0.0203516	0.049761	0.0611383	0.0538267	0.0497847	0.0687388	0.105944	0.146841	0.19167	0.247907	0.297746	0.306965	0.262383	0.185826	0.108085	0.0452615	0.0107875	0.019752	0.0740047	0.167906	0.294606	0.439204	0.577792	0.671487	0.691694	0.627535	0.498618	0.341038	0.188854	0.0504878	-0.0542094	-0.118098	-0.14542	-0.141592	-0.106444	-0.0664671	-0.0566641	-0.0872404	-0.143885	-0.218418	-0.288973	-0.339749	-0.371234	-0.382329	-0.374232	-0.35921	-0.356208	-0.373393	-0.39145	-0.388662	-0.362338	-0.328572	-0.299135	-0.272878	-0.240441	-0.184195	-0.110587	-0.0338384	0.041577	0.117049	0.184255	0.2454	0.29577	0.318876	0.311891	0.273543	0.217199	0.157255	0.0813156	-0.0132711	-0.103516	-0.183761	-0.260209	-0.339048	-0.421947	-0.499304	-0.571343	-0.647114	-0.727094	-0.802514	-0.867275	-0.923579	-0.972673	-1.00246	-1.00381	-0.976291	-0.920166	-0.837895	-0.725874	-0.594559	-0.456499	-0.307099	-0.152548	0	
0	0.0242215	0.0287249	0.0140094	-0.000835989	0.00522352	0.0328404	0.0644044	0.0767022	0.0717163	0.0687388	0.0906464	0.131107	0.178314	0.230523	0.292193	0.347815	0.361727	0.322306	0.250238	0.176923	0.120395	0.0934325	0.106301	0.163007	0.25622	0.377615	0.514567	0.636206	0.707867	0.699381	0.603121	0.441682	0.258666	0.0852569	-0.059068	-0.162727	-0.218236	-0.231715	-0.206096	-0.150595	-0.0852472	-0.0461472	-0.046558	-0.0749749	-0.117025	-0.157462	-0.182878	-0.191618	-0.188234	-0.175796	-0.164732	-0.169219	-0.195777	-0.230938	-0.252647	-0.252473	-0.244837	-0.24637	-0.254087	-0.250913	-0.22532	-0.180836	-0.132215	-0.080487	-0.0283724	0.0177093	0.0604212	0.0956111	0.114341	0.107284	0.0760424	0.0336509	-0.0114476	-0.0690596	-0.143616	-0.215495	-0.276307	-0.333918	-0.395389	-0.458886	-0.515916	-0.569635	-0.628317	-0.687903	-0.739428	-0.781873	-0.813928	-0.831353	-0.833113	-0.815639	-0.778126	-0.725716	-0.65593	-0.566177	-0.464758	-0.355012	-0.238283	-0.12019	0	
0	0.027901	0.0353375	0.0243279	0.0130646	0.0238524	0.0552108	0.0892741	0.105377	0.103186	0.105944	0.131107	0.178425	0.234052	0.295477	0.365802	0.426298	0.446573	0.412669	0.344642	0.275232	0.221887	0.197709	0.210035	0.260806	0.345308	0.454045	0.57308	0.672247	0.716068	0.676783	0.550347	0.363991	0.161637	-0.0192199	-0.159847	-0.252669	-0.292521	-0.286566	-0.240951	-0.160461	-0.0682655	0.00356946	0.0410466	0.0483666	0.0373064	0.0217952	0.0132839	0.0122861	0.0185302	0.0314658	0.0409266	0.0286884	-0.00964556	-0.0602385	-0.10085	-0.124476	-0.143547	-0.171177	-0.204032	-0.229099	-0.234352	-0.221494	-0.203564	-0.188153	-0.177385	-0.168435	-0.161116	-0.151663	-0.147581	-0.154703	-0.172542	-0.192365	-0.208647	-0.23594	-0.277008	-0.323594	-0.365059	-0.402822	-0.446171	-0.492248	-0.533299	-0.568089	-0.604206	-0.640512	-0.667084	-0.679582	-0.677537	-0.662244	-0.633294	-0.588241	-0.53358	-0.476681	-0.418287	-0.35909	-0.296239	-0.230639	-0.160495	-0.0810206	0	
0	0.0301187	0.0396248	0.0327152	0.024904	0.0413883	0.0754302	0.113976	0.133295	0.137791	0.146841	0.178314	0.234052	0.299322	0.373921	0.453077	0.522165	0.550135	0.525289	0.465054	0.400735	0.349789	0.325541	0.328504	0.364535	0.426074	0.509062	0.59885	0.666971	0.681461	0.615872	0.470193	0.273017	0.0676342	-0.10839	-0.235362	-0.311101	-0.330397	-0.303467	-0.230163	-0.120561	0.00329282	0.110445	0.182864	0.214803	0.224178	0.219936	0.214856	0.21401	0.216642	0.223222	0.224107	0.205292	0.16017	0.1005	0.0439791	0.00278903	-0.0328968	-0.0779068	-0.131562	-0.180485	-0.214548	-0.238195	-0.261568	-0.290531	-0.325224	-0.358425	-0.388677	-0.40785	-0.418735	-0.427605	-0.434478	-0.431901	-0.420676	-0.414463	-0.418945	-0.433813	-0.448796	-0.467604	-0.495468	-0.52673	-0.553214	-0.571576	-0.586189	-0.59177	-0.583756	-0.560887	-0.520613	-0.465656	-0.401965	-0.332142	-0.264854	-0.208453	-0.162374	-0.129368	-0.102057	-0.077443	-0.0560176	-0.02829	0	
0	0.0323274	0.045551	0.0428141	0.0411088	0.0612531	0.0997252	0.139748	0.164327	0.174336	0.19167	0.230523	0.295477	0.373921	0.462882	0.555502	0.634324	0.673029	0.658976	0.607816	0.546965	0.494968	0.462455	0.449521	0.458656	0.48996	0.537525	0.594284	0.630154	0.618363	0.534009	0.379573	0.182848	-0.011824	-0.172244	-0.274373	-0.321306	-0.312031	-0.254815	-0.149675	-0.0095751	0.142565	0.278172	0.373613	0.419976	0.434039	0.426007	0.412028	0.398634	0.390849	0.389033	0.383242	0.355154	0.304211	0.235275	0.16942	0.117859	0.0719513	0.0153902	-0.0548928	-0.126341	-0.194867	-0.259046	-0.32486	-0.395141	-0.469499	-0.535899	-0.59154	-0.628991	-0.650827	-0.662423	-0.664445	-0.650509	-0.622634	-0.593398	-0.567169	-0.552185	-0.539715	-0.533917	-0.542657	-0.55672	-0.56809	-0.570391	-0.561312	-0.536636	-0.491967	-0.429158	-0.351197	-0.260687	-0.170179	-0.0825452	-0.00387105	0.0527127	0.0897263	0.102441	0.0977098	0.0819757	0.0545613	0.0286028	0	
0	0.0363866	0.0540374	0.0603812	0.064177	0.0926407	0.13291	0.177806	0.205793	0.222756	0.247907	0.292193	0.365802	0.453077	0.555502	0.657426	0.743954	0.790086	0.785355	0.741762	0.682513	0.625445	0.580898	0.545207	0.52474	0.518291	0.531433	0.554277	0.563728	0.535378	0.443472	0.293111	0.111892	-0.0647225	-0.199478	-0.271864	-0.28752	-0.242923	-0.152213	-0.0126624	0.159469	0.33623	0.48819	0.594457	0.637565	0.641071	0.617078	0.586926	0.558761	0.537401	0.52488	0.508588	0.474543	0.417522	0.346612	0.278084	0.220777	0.166429	0.0984252	0.0125475	-0.0867061	-0.187731	-0.289843	-0.390984	-0.492675	-0.59396	-0.678797	-0.749204	-0.796133	-0.825324	-0.839336	-0.8399	-0.822904	-0.789558	-0.748565	-0.703314	-0.66595	-0.629769	-0.601746	-0.58608	-0.577926	-0.5708	-0.553092	-0.521273	-0.467748	-0.391799	-0.296616	-0.185877	-0.070473	0.0370992	0.134745	0.21295	0.265576	0.297282	0.297954	0.2764	0.233118	0.164229	0.0884313	0	
0	0.0391016	0.0637833	0.0762249	0.0902305	0.121541	0.166731	0.211759	0.244198	0.266479	0.297746	0.347815	0.426298	0.522165	0.634324	0.743954	0.834255	0.884124	0.883783	0.843299	0.779031	0.709996	0.645256	0.583206	0.528074	0.489294	0.470877	0.47266	0.469603	0.438429	0.354629	0.220966	0.0601512	-0.0892606	-0.198343	-0.241122	-0.220424	-0.142076	-0.018028	0.153958	0.349515	0.537647	0.696664	0.799653	0.833067	0.821431	0.77985	0.731389	0.683627	0.647203	0.62134	0.594412	0.551601	0.497764	0.429727	0.360934	0.298922	0.235941	0.155285	0.0478346	-0.072345	-0.197827	-0.323412	-0.444369	-0.559099	-0.667494	-0.760565	-0.834965	-0.886653	-0.920912	-0.937034	-0.939856	-0.924785	-0.895515	-0.85741	-0.81024	-0.765853	-0.717667	-0.673672	-0.636752	-0.598829	-0.560457	-0.517771	-0.459258	-0.379574	-0.282054	-0.169483	-0.0475635	0.0796047	0.192611	0.287302	0.364926	0.413348	0.439211	0.436559	0.403693	0.340958	0.245479	0.131881	0	
0	0.035907	0.0591721	0.0764796	0.0910588	0.124865	0.165967	0.210719	0.243112	0.269762	0.306965	0.361727	0.446573	0.550135	0.673029	0.790086	0.884124	0.935641	0.937771	0.896969	0.823275	0.737055	0.647149	0.55492	0.468505	0.398327	0.359825	0.350009	0.346222	0.326737	0.260482	0.150929	0.0205904	-0.100993	-0.179776	-0.189392	-0.13697	-0.0256924	0.124208	0.313782	0.517615	0.704964	0.854066	0.948355	0.971116	0.946106	0.888731	0.823982	0.758827	0.703136	0.662304	0.624934	0.581164	0.526342	0.460421	0.394787	0.328271	0.254161	0.161064	0.0475349	-0.0823291	-0.213933	-0.342216	-0.460141	-0.567573	-0.670891	-0.758275	-0.829195	-0.879961	-0.917993	-0.938796	-0.946207	-0.941196	-0.926012	-0.902207	-0.86943	-0.835232	-0.792123	-0.746306	-0.693075	-0.6307	-0.563313	-0.486145	-0.397537	-0.295116	-0.181535	-0.061099	0.0618154	0.182027	0.287579	0.378704	0.44861	0.489535	0.510294	0.498818	0.45589	0.381515	0.273219	0.147449	0	
0	0.0240903	0.0413889	0.0534643	0.0665788	0.0918718	0.126691	0.163274	0.19348	0.221221	0.262383	0.322306	0.412669	0.525289	0.658976	0.785355	0.883783	0.937771	0.941972	0.900111	0.816646	0.711187	0.59528	0.475703	0.359405	0.266785	0.212479	0.197498	0.200255	0.193197	0.148724	0.0668255	-0.0332372	-0.119661	-0.163298	-0.140509	-0.0519912	0.0850211	0.250377	0.445094	0.643384	0.813625	0.946838	1.02548	1.03569	0.997051	0.926634	0.848767	0.767455	0.700566	0.651066	0.605894	0.553904	0.499914	0.435402	0.364535	0.288936	0.208523	0.117298	0.00826851	-0.107893	-0.220769	-0.330485	-0.430948	-0.519846	-0.601959	-0.675227	-0.734094	-0.778468	-0.817704	-0.842521	-0.859734	-0.87056	-0.876766	-0.878851	-0.871945	-0.858182	-0.833612	-0.802762	-0.753989	-0.679164	-0.588326	-0.488141	-0.370308	-0.240003	-0.112568	0.0112271	0.128881	0.240898	0.335028	0.410826	0.470812	0.501058	0.508143	0.489573	0.43831	0.356163	0.251796	0.135706	0	
0	0.00903998	0.015725	0.0215552	0.0273367	0.042732	0.065145	0.0922007	0.115943	0.143375	0.185826	0.250238	0.344642	0.465054	0.607816	0.741762	0.843299	0.896969	0.900111	0.854698	0.758682	0.633147	0.492393	0.347933	0.210929	0.101566	0.0394874	0.0246456	0.0328957	0.0386657	0.0115666	-0.0478175	-0.11747	-0.169999	-0.17822	-0.118747	0.0014745	0.162134	0.337912	0.528764	0.71226	0.86178	0.971496	1.03081	1.02763	0.975226	0.892035	0.801269	0.711461	0.637743	0.58476	0.538435	0.489414	0.431053	0.357551	0.280526	0.200163	0.118938	0.0376991	-0.045562	-0.131295	-0.213247	-0.292042	-0.362527	-0.422389	-0.480565	-0.535229	-0.577802	-0.613184	-0.65182	-0.682581	-0.710573	-0.7395	-0.770731	-0.800552	-0.82472	-0.839597	-0.840872	-0.832746	-0.796718	-0.725847	-0.629758	-0.512707	-0.376074	-0.229547	-0.0871424	0.0410988	0.149418	0.244338	0.32238	0.386509	0.435174	0.455837	0.455417	0.429481	0.372464	0.29175	0.200837	0.107502	0	
0	-0.007695	-0.0128294	-0.0144223	-0.0165829	-0.0123102	-0.00175376	0.0155779	0.0351019	0.0622152	0.108085	0.176923	0.275232	0.400735	0.546965	0.682513	0.779031	0.823275	0.816646	0.758682	0.646143	0.498714	0.334615	0.172966	0.0217777	-0.0951317	-0.16031	-0.175529	-0.162604	-0.149601	-0.162669	-0.199625	-0.239321	-0.255935	-0.227836	-0.138721	0.00534049	0.178007	0.353912	0.534815	0.703301	0.834825	0.925037	0.967009	0.949157	0.879508	0.780819	0.680881	0.585986	0.513656	0.466208	0.422629	0.369885	0.309334	0.239186	0.165943	0.0898522	0.01983	-0.0401609	-0.0948291	-0.145227	-0.187758	-0.229267	-0.268498	-0.299096	-0.330887	-0.366989	-0.398786	-0.430912	-0.472922	-0.512074	-0.550602	-0.596497	-0.649045	-0.706127	-0.759678	-0.796682	-0.820079	-0.832112	-0.809468	-0.742655	-0.645242	-0.529407	-0.391202	-0.242809	-0.104973	0.0175078	0.119764	0.203042	0.265308	0.312992	0.347742	0.357439	0.351166	0.330132	0.281679	0.212736	0.144456	0.0787358	0	
0	-0.0232645	-0.0378066	-0.0468324	-0.0543116	-0.0610781	-0.0601052	-0.0504075	-0.0337195	-0.00414529	0.0452615	0.120395	0.221887	0.349789	0.494968	0.625445	0.709996	0.737055	0.711187	0.633147	0.498714	0.325123	0.138659	-0.0409362	-0.202204	-0.325085	-0.39326	-0.409007	-0.392348	-0.372025	-0.367379	-0.379758	-0.38706	-0.369341	-0.311376	-0.203432	-0.0481173	0.125188	0.294772	0.461752	0.614497	0.726005	0.796107	0.819659	0.789172	0.710078	0.608345	0.50539	0.410571	0.338834	0.288656	0.242317	0.193592	0.140386	0.0819942	0.0256457	-0.0286186	-0.0769808	-0.111229	-0.135	-0.152652	-0.164197	-0.175407	-0.183783	-0.187152	-0.195708	-0.217127	-0.239837	-0.269975	-0.317443	-0.366335	-0.417898	-0.479128	-0.550123	-0.628775	-0.703165	-0.756156	-0.789026	-0.804452	-0.782196	-0.715191	-0.62052	-0.511918	-0.38814	-0.258347	-0.136698	-0.0304854	0.054699	0.123915	0.175602	0.209782	0.228725	0.225867	0.211437	0.19437	0.162595	0.117481	0.0802533	0.0476536	0	
0	-0.0357609	-0.0591242	-0.0713931	-0.08457	-0.0976696	-0.104343	-0.0979636	-0.0799787	-0.0454992	0.0107875	0.0934325	0.197709	0.325541	0.462455	0.580898	0.645256	0.647149	0.59528	0.492393	0.334615	0.138659	-0.0674938	-0.259408	-0.428413	-0.557348	-0.632801	-0.654321	-0.641771	-0.615504	-0.595159	-0.580577	-0.55443	-0.502681	-0.421134	-0.299556	-0.145331	0.0195986	0.174677	0.321171	0.449484	0.539685	0.586664	0.592873	0.556532	0.477373	0.378684	0.279755	0.189624	0.11648	0.0637013	0.0157287	-0.0329183	-0.0789998	-0.116791	-0.142405	-0.165494	-0.183616	-0.191229	-0.187781	-0.176862	-0.162706	-0.150542	-0.142798	-0.129321	-0.121671	-0.127474	-0.139619	-0.166926	-0.215971	-0.27654	-0.34146	-0.417467	-0.502601	-0.592423	-0.67131	-0.717043	-0.738631	-0.743132	-0.712782	-0.642036	-0.552206	-0.460136	-0.364034	-0.266838	-0.173443	-0.087487	-0.0143429	0.0436278	0.0817335	0.101581	0.101158	0.0776043	0.0527097	0.0381653	0.0200778	0.00245818	0.0016521	0.00690069	0	
0	-0.0409511	-0.0653714	-0.0764255	-0.0885249	-0.103734	-0.112351	-0.105131	-0.0831685	-0.0427181	0.019752	0.106301	0.210035	0.328504	0.449521	0.545207	0.583206	0.55492	0.475703	0.347933	0.172966	-0.0409362	-0.259408	-0.461776	-0.638187	-0.776998	-0.864095	-0.899495	-0.892201	-0.864861	-0.829349	-0.791527	-0.739181	-0.66561	-0.568763	-0.446828	-0.29831	-0.143703	-0.00280798	0.123014	0.22835	0.291872	0.313341	0.304649	0.26372	0.191914	0.106477	0.018847	-0.0660068	-0.136813	-0.190923	-0.238924	-0.2804	-0.311188	-0.324126	-0.325464	-0.322227	-0.316572	-0.298714	-0.268892	-0.235304	-0.205028	-0.183908	-0.168139	-0.149845	-0.135057	-0.129985	-0.133671	-0.153433	-0.200738	-0.266931	-0.340658	-0.423529	-0.508363	-0.592378	-0.655122	-0.677114	-0.672289	-0.651817	-0.609334	-0.541007	-0.463788	-0.392057	-0.321615	-0.250527	-0.183991	-0.123214	-0.070263	-0.0309059	-0.00847532	-0.0055646	-0.0245623	-0.0615259	-0.0962777	-0.110648	-0.112365	-0.105835	-0.0754169	-0.0310212	0	
0	-0.0392358	-0.0593461	-0.0639758	-0.0704253	-0.0821714	-0.0865569	-0.0737553	-0.0430409	0.00505945	0.0740047	0.163007	0.260806	0.364535	0.458656	0.52474	0.528074	0.468505	0.359405	0.210929	0.0217777	-0.202204	-0.428413	-0.638187	-0.821869	-0.970742	-1.0744	-1.12308	-1.12815	-1.10252	-1.06044	-1.0116	-0.947415	-0.864082	-0.766475	-0.646548	-0.507679	-0.364913	-0.236669	-0.130422	-0.0489422	-0.00613534	0.00035823	-0.0164869	-0.0525907	-0.113089	-0.18768	-0.271469	-0.349758	-0.414888	-0.461255	-0.494748	-0.519429	-0.53243	-0.529069	-0.510039	-0.485984	-0.461427	-0.431406	-0.390307	-0.341662	-0.300664	-0.27151	-0.254147	-0.236611	-0.222435	-0.215931	-0.220143	-0.242384	-0.289419	-0.356326	-0.426857	-0.496952	-0.563588	-0.624324	-0.654727	-0.643092	-0.604862	-0.557715	-0.502823	-0.431611	-0.361711	-0.304596	-0.256698	-0.211036	-0.164019	-0.12596	-0.101888	-0.0914718	-0.0956856	-0.110439	-0.136354	-0.172564	-0.199388	-0.205993	-0.199952	-0.179221	-0.131088	-0.063196	0	
0	-0.0311861	-0.0427215	-0.036056	-0.0339952	-0.0354274	-0.0316905	-0.00652769	0.0349543	0.093342	0.167906	0.25622	0.345308	0.426074	0.48996	0.518291	0.489294	0.398327	0.266785	0.101566	-0.0951317	-0.325085	-0.557348	-0.776998	-0.970742	-1.13603	-1.25647	-1.32447	-1.34335	-1.32553	-1.28723	-1.2376	-1.17427	-1.09421	-1.00068	-0.88908	-0.763984	-0.63308	-0.520243	-0.428799	-0.361958	-0.326494	-0.323731	-0.335046	-0.365392	-0.41449	-0.481967	-0.558619	-0.629066	-0.684441	-0.716213	-0.7325	-0.739624	-0.735674	-0.708865	-0.671555	-0.634724	-0.606012	-0.576007	-0.534006	-0.483598	-0.439556	-0.407163	-0.385501	-0.368909	-0.361641	-0.363242	-0.381904	-0.416353	-0.466405	-0.529598	-0.583959	-0.624485	-0.654696	-0.677464	-0.672201	-0.629043	-0.561636	-0.488979	-0.416557	-0.339857	-0.268963	-0.212812	-0.173645	-0.142006	-0.118389	-0.10824	-0.110498	-0.130368	-0.159587	-0.186332	-0.214019	-0.238729	-0.247663	-0.242336	-0.226228	-0.198252	-0.148138	-0.0737042	0	
0	-0.0174967	-0.0152703	0.00477083	0.0206015	0.0321721	0.0513915	0.0903376	0.1476	0.214002	0.294606	0.377615	0.454045	0.509062	0.537525	0.531433	0.470877	0.359825	0.212479	0.0394874	-0.16031	-0.39326	-0.632801	-0.864095	-1.0744	-1.25647	-1.39924	-1.48842	-1.52794	-1.52854	-1.50404	-1.46643	-1.41211	-1.33881	-1.25106	-1.14632	-1.03182	-0.91527	-0.812125	-0.730559	-0.667926	-0.631777	-0.621966	-0.626241	-0.648328	-0.686459	-0.7422	-0.808313	-0.867928	-0.908275	-0.926871	-0.928237	-0.921223	-0.898126	-0.858134	-0.809395	-0.763135	-0.73117	-0.709053	-0.678897	-0.634664	-0.593277	-0.561916	-0.542211	-0.533743	-0.539435	-0.553884	-0.58884	-0.634368	-0.687166	-0.74172	-0.77621	-0.783374	-0.771854	-0.753804	-0.707354	-0.634964	-0.544116	-0.449405	-0.364374	-0.2764	-0.195465	-0.13469	-0.0974081	-0.074911	-0.0642703	-0.0749246	-0.103222	-0.141618	-0.183423	-0.215167	-0.235022	-0.246116	-0.241588	-0.226793	-0.203953	-0.174251	-0.131087	-0.0651264	0	
0	0.00164295	0.0215036	0.057718	0.0896018	0.119001	0.155565	0.213224	0.283217	0.359433	0.439204	0.514567	0.57308	0.59885	0.594284	0.554277	0.47266	0.350009	0.197498	0.0246456	-0.175529	-0.409007	-0.654321	-0.899495	-1.12308	-1.32447	-1.48842	-1.60337	-1.67314	-1.7016	-1.70374	-1.68448	-1.64159	-1.57347	-1.48732	-1.38416	-1.27794	-1.16814	-1.0707	-0.98623	-0.919115	-0.876455	-0.859079	-0.859181	-0.879701	-0.907471	-0.949431	-1.00041	-1.03984	-1.06484	-1.07003	-1.05984	-1.04281	-1.01504	-0.968421	-0.913309	-0.864855	-0.836919	-0.822442	-0.800376	-0.762838	-0.728292	-0.707789	-0.703002	-0.714634	-0.738568	-0.76592	-0.807344	-0.854953	-0.901701	-0.945306	-0.964285	-0.942532	-0.897923	-0.83911	-0.752927	-0.649841	-0.532949	-0.423546	-0.329389	-0.238759	-0.155166	-0.0859188	-0.0452796	-0.0259252	-0.0250272	-0.0471662	-0.0835445	-0.127391	-0.168312	-0.193896	-0.208148	-0.211262	-0.197098	-0.178839	-0.152041	-0.118359	-0.0856896	-0.0416594	0	
0	0.024462	0.0632963	0.117059	0.16511	0.213575	0.269212	0.342705	0.424902	0.502454	0.577792	0.636206	0.672247	0.666971	0.630154	0.563728	0.469603	0.346222	0.200255	0.0328957	-0.162604	-0.392348	-0.641771	-0.892201	-1.12815	-1.34335	-1.52794	-1.67314	-1.77697	-1.8405	-1.87192	-1.87026	-1.83532	-1.76884	-1.68079	-1.57677	-1.47155	-1.36215	-1.25702	-1.16067	-1.08364	-1.03497	-1.01858	-1.02279	-1.04522	-1.06604	-1.09504	-1.12433	-1.14861	-1.15831	-1.1497	-1.12962	-1.10986	-1.078	-1.03354	-0.984285	-0.940166	-0.91353	-0.901975	-0.884704	-0.85342	-0.830083	-0.82838	-0.84622	-0.880215	-0.924824	-0.962312	-1.00585	-1.04643	-1.08052	-1.10867	-1.10851	-1.06519	-0.990752	-0.897732	-0.779824	-0.651436	-0.517085	-0.394611	-0.298924	-0.214357	-0.134138	-0.0682865	-0.0265997	-0.00532109	-0.00665519	-0.0314468	-0.0680127	-0.105146	-0.138265	-0.155773	-0.160176	-0.158717	-0.142045	-0.119432	-0.0874959	-0.0519349	-0.029611	-0.00977848	0	
0	0.0469686	0.105084	0.171705	0.235118	0.297978	0.369696	0.453769	0.539078	0.611687	0.671487	0.707867	0.716068	0.681461	0.618363	0.535378	0.438429	0.326737	0.193197	0.0386657	-0.149601	-0.372025	-0.615504	-0.864861	-1.10252	-1.32553	-1.52854	-1.7016	-1.8405	-1.93808	-1.99361	-2.00503	-1.97153	-1.90161	-1.80679	-1.69573	-1.5811	-1.46176	-1.34348	-1.23378	-1.1488	-1.10599	-1.09471	-1.10712	-1.13501	-1.15307	-1.16944	-1.18837	-1.20023	-1.19681	-1.17896	-1.15411	-1.1313	-1.10368	-1.06928	-1.02506	-0.981683	-0.953705	-0.942306	-0.933317	-0.916718	-0.906871	-0.919253	-0.951617	-1.00272	-1.05927	-1.10465	-1.14686	-1.18004	-1.20101	-1.20478	-1.17859	-1.10664	-1.00759	-0.891901	-0.756936	-0.621949	-0.483657	-0.360393	-0.263684	-0.182087	-0.113348	-0.0605188	-0.0298615	-0.0173744	-0.0214063	-0.0423538	-0.0723945	-0.098904	-0.120028	-0.130593	-0.128105	-0.116052	-0.0930112	-0.0687612	-0.0356932	-0.00408616	0.00631309	0.0090789	0	
0	0.0661587	0.137603	0.21291	0.283344	0.355801	0.434691	0.521256	0.599099	0.656503	0.691694	0.699381	0.676783	0.615872	0.534009	0.443472	0.354629	0.260482	0.148724	0.0115666	-0.162669	-0.367379	-0.595159	-0.829349	-1.06044	-1.28723	-1.50404	-1.70374	-1.87192	-1.99361	-2.06434	-2.07733	-2.03723	-1.95713	-1.84904	-1.72155	-1.58887	-1.45355	-1.32266	-1.20489	-1.12337	-1.09026	-1.09141	-1.11712	-1.15224	-1.17417	-1.19017	-1.20063	-1.20407	-1.19642	-1.17363	-1.14927	-1.13367	-1.11421	-1.08241	-1.03471	-0.986211	-0.954834	-0.948015	-0.951734	-0.948554	-0.949487	-0.970845	-1.00988	-1.06211	-1.12117	-1.17178	-1.21182	-1.23589	-1.23738	-1.21329	-1.15397	-1.0525	-0.930104	-0.799488	-0.66814	-0.542718	-0.415707	-0.302411	-0.212569	-0.140569	-0.0848248	-0.0531824	-0.0460147	-0.0546579	-0.0726744	-0.091649	-0.108678	-0.120562	-0.131478	-0.134867	-0.125551	-0.108498	-0.078322	-0.0477217	-0.0188009	0.00620122	0.0118101	0.00819321	0	
0	0.0803452	0.160313	0.236517	0.307595	0.37922	0.456727	0.533271	0.593018	0.624495	0.627535	0.603121	0.550347	0.470193	0.379573	0.293111	0.220966	0.150929	0.0668255	-0.0478175	-0.199625	-0.379758	-0.580577	-0.791527	-1.0116	-1.2376	-1.46643	-1.68448	-1.87026	-2.00503	-2.07733	-2.08381	-2.03	-1.93016	-1.79893	-1.64483	-1.48493	-1.33272	-1.19544	-1.07977	-1.00725	-0.989169	-1.00647	-1.04639	-1.09608	-1.13157	-1.15048	-1.1587	-1.16343	-1.15595	-1.13914	-1.12741	-1.11918	-1.10089	-1.0679	-1.01663	-0.964849	-0.932731	-0.927414	-0.939609	-0.949825	-0.957809	-0.97701	-1.01187	-1.0612	-1.11861	-1.16455	-1.19041	-1.19387	-1.17063	-1.11577	-1.02568	-0.905656	-0.771583	-0.637137	-0.515219	-0.40832	-0.307569	-0.216636	-0.143302	-0.0889605	-0.0579598	-0.0562416	-0.0740798	-0.104693	-0.139828	-0.165792	-0.180017	-0.18038	-0.178577	-0.174808	-0.158385	-0.133512	-0.101375	-0.0701331	-0.0436088	-0.0248834	-0.0168027	-0.00808647	0	
0	0.090985	0.174899	0.247909	0.312085	0.376038	0.441824	0.499333	0.531837	0.530133	0.498618	0.441682	0.363991	0.273017	0.182848	0.111892	0.0601512	0.0205904	-0.0332372	-0.11747	-0.239321	-0.38706	-0.55443	-0.739181	-0.947415	-1.17427	-1.41211	-1.64159	-1.83532	-1.97153	-2.03723	-2.03	-1.95194	-1.82262	-1.65499	-1.46556	-1.27599	-1.10958	-0.971486	-0.864817	-0.802204	-0.799946	-0.833928	-0.893951	-0.96067	-1.01396	-1.04195	-1.0575	-1.06904	-1.0747	-1.07278	-1.07127	-1.06757	-1.05353	-1.02229	-0.969671	-0.919033	-0.888307	-0.886099	-0.903063	-0.916067	-0.920815	-0.937329	-0.971296	-1.01491	-1.05998	-1.09029	-1.0913	-1.06253	-1.00852	-0.924533	-0.814117	-0.68737	-0.555234	-0.431683	-0.325622	-0.237068	-0.161813	-0.104477	-0.0667996	-0.0443633	-0.0463688	-0.0751315	-0.116043	-0.165239	-0.213046	-0.24598	-0.263555	-0.263553	-0.253475	-0.237291	-0.211447	-0.182448	-0.153183	-0.125979	-0.103327	-0.0840113	-0.0617035	-0.0312277	0	
0	0.100928	0.188823	0.256889	0.311951	0.362676	0.410456	0.443643	0.442652	0.408401	0.341038	0.258666	0.161637	0.0676342	-0.011824	-0.0647225	-0.0892606	-0.100993	-0.119661	-0.169999	-0.255935	-0.369341	-0.502681	-0.66561	-0.864082	-1.09421	-1.33881	-1.57347	-1.76884	-1.90161	-1.95713	-1.93016	-1.82262	-1.65035	-1.44023	-1.21114	-0.993075	-0.813324	-0.677169	-0.57378	-0.520191	-0.527378	-0.579126	-0.658055	-0.744362	-0.81695	-0.860828	-0.889693	-0.91612	-0.938813	-0.949422	-0.958983	-0.961301	-0.953908	-0.928673	-0.887965	-0.847242	-0.821214	-0.815995	-0.829228	-0.843096	-0.853779	-0.870761	-0.899576	-0.930614	-0.958417	-0.966732	-0.935201	-0.872655	-0.786609	-0.680629	-0.559261	-0.437161	-0.318936	-0.211711	-0.128346	-0.0621988	-0.0141204	0.00973218	0.0103076	-0.010943	-0.0563887	-0.117682	-0.175252	-0.228803	-0.279975	-0.318994	-0.341136	-0.342466	-0.327028	-0.299545	-0.264231	-0.235198	-0.212256	-0.190043	-0.170833	-0.144408	-0.101812	-0.0507857	0	
0	0.111533	0.20277	0.26854	0.31159	0.347317	0.37367	0.378481	0.348122	0.280081	0.188854	0.0852569	-0.0192199	-0.10839	-0.172244	-0.199478	-0.198343	-0.179776	-0.163298	-0.17822	-0.227836	-0.311376	-0.421134	-0.568763	-0.766475	-1.00068	-1.25106	-1.48732	-1.68079	-1.80679	-1.84904	-1.79893	-1.65499	-1.44023	-1.18824	-0.924723	-0.683365	-0.488702	-0.343839	-0.239932	-0.184995	-0.195463	-0.261992	-0.354518	-0.456688	-0.550294	-0.616446	-0.665	-0.710768	-0.744994	-0.765279	-0.779673	-0.790982	-0.799491	-0.795774	-0.773242	-0.743265	-0.720005	-0.714576	-0.729538	-0.751742	-0.769019	-0.784996	-0.807602	-0.824899	-0.831951	-0.80997	-0.749985	-0.657524	-0.549636	-0.430675	-0.305715	-0.197133	-0.0984037	-0.018815	0.0425747	0.0866286	0.101855	0.0900691	0.0528352	-0.00232826	-0.0803994	-0.167142	-0.236285	-0.289944	-0.332771	-0.364667	-0.384525	-0.388385	-0.374211	-0.34292	-0.304941	-0.275005	-0.252929	-0.230169	-0.205697	-0.175049	-0.122576	-0.0556502	0	
0	0.118464	0.212733	0.273265	0.304435	0.321507	0.324251	0.303863	0.246313	0.15742	0.0504878	-0.059068	-0.159847	-0.235362	-0.274373	-0.271864	-0.241122	-0.189392	-0.140509	-0.118747	-0.138721	-0.203432	-0.299556	-0.446828	-0.646548	-0.88908	-1.14632	-1.38416	-1.57677	-1.69573	-1.72155	-1.64483	-1.46556	-1.21114	-0.924723	-0.635743	-0.373724	-0.160906	-0.00596477	0.105976	0.167459	0.159601	0.0938951	-0.0033109	-0.119886	-0.235028	-0.326738	-0.400931	-0.457164	-0.498403	-0.526163	-0.552636	-0.582139	-0.614158	-0.630859	-0.628401	-0.61433	-0.602998	-0.60825	-0.632499	-0.663099	-0.687477	-0.704876	-0.716897	-0.714911	-0.694916	-0.647251	-0.563658	-0.450526	-0.329826	-0.209369	-0.0968826	-0.0026539	0.0731777	0.124523	0.159682	0.175419	0.163313	0.116712	0.0479019	-0.0283375	-0.119282	-0.208626	-0.278487	-0.326224	-0.358868	-0.380916	-0.387872	-0.382714	-0.366162	-0.339815	-0.311886	-0.286547	-0.259051	-0.22698	-0.196091	-0.164579	-0.115062	-0.0513984	0	
0	0.12474	0.221621	0.280005	0.299416	0.298962	0.279304	0.236575	0.160359	0.0574452	-0.0542094	-0.162727	-0.252669	-0.311101	-0.321306	-0.28752	-0.220424	-0.13697	-0.0519912	0.0014745	0.00534049	-0.0481173	-0.145331	-0.29831	-0.507679	-0.763984	-1.03182	-1.27794	-1.47155	-1.5811	-1.58887	-1.48493	-1.27599	-0.993075	-0.683365	-0.373724	-0.0932199	0.139182	0.310547	0.43278	0.502436	0.509025	0.448618	0.350273	0.223466	0.0929053	-0.0212079	-0.104482	-0.165845	-0.214115	-0.255304	-0.298564	-0.351993	-0.406473	-0.444723	-0.465515	-0.472408	-0.484481	-0.511517	-0.552833	-0.598798	-0.638241	-0.656823	-0.654485	-0.631121	-0.58835	-0.515573	-0.414606	-0.292157	-0.167869	-0.0537402	0.0477344	0.12647	0.181609	0.20923	0.219643	0.206663	0.161551	0.088347	0.00283849	-0.0807821	-0.163923	-0.238203	-0.295831	-0.331368	-0.349075	-0.35316	-0.341166	-0.321826	-0.301626	-0.279289	-0.263639	-0.252902	-0.225013	-0.185171	-0.151331	-0.123374	-0.0857839	-0.0364145	0	
0	0.127316	0.2259	0.282136	0.292521	0.275883	0.238694	0.179928	0.0953792	-0.0115238	-0.118098	-0.218236	-0.292521	-0.330397	-0.312031	-0.242923	-0.142076	-0.0256924	0.0850211	0.162134	0.178007	0.125188	0.0195986	-0.143703	-0.364913	-0.63308	-0.91527	-1.16814	-1.36215	-1.46176	-1.45355	-1.33272	-1.10958	-0.813324	-0.488702	-0.160906	0.139182	0.394258	0.58367	0.717948	0.802933	0.822433	0.770215	0.671148	0.53375	0.393624	0.275438	0.190464	0.129282	0.0778217	0.0225951	-0.041016	-0.117443	-0.191753	-0.255147	-0.303964	-0.342339	-0.383089	-0.437228	-0.502821	-0.570574	-0.624517	-0.647101	-0.637535	-0.598248	-0.533128	-0.438956	-0.329522	-0.206916	-0.0882685	0.0157308	0.103799	0.173295	0.212777	0.217499	0.208846	0.176456	0.115565	0.0300228	-0.0572349	-0.127003	-0.188952	-0.241119	-0.280064	-0.296691	-0.294716	-0.282119	-0.253785	-0.219768	-0.193711	-0.175094	-0.169141	-0.167948	-0.148684	-0.117256	-0.0859703	-0.0657196	-0.0453978	-0.0131319	0	
0	0.12265	0.218136	0.271248	0.273616	0.245695	0.196019	0.132115	0.048442	-0.0509388	-0.14542	-0.231715	-0.286566	-0.303467	-0.254815	-0.152213	-0.018028	0.124208	0.250377	0.337912	0.353912	0.294772	0.174677	-0.00280798	-0.236669	-0.520243	-0.812125	-1.0707	-1.25702	-1.34348	-1.32266	-1.19544	-0.971486	-0.677169	-0.343839	-0.00596477	0.310547	0.58367	0.792299	0.944159	1.04532	1.07567	1.03117	0.926992	0.784971	0.647542	0.52864	0.443339	0.382576	0.32566	0.264323	0.195029	0.106888	0.0123747	-0.0792531	-0.162091	-0.23408	-0.308544	-0.394123	-0.48272	-0.565875	-0.633239	-0.669209	-0.658557	-0.610675	-0.534998	-0.434652	-0.324041	-0.204825	-0.0949207	-0.00481648	0.0657508	0.124875	0.15493	0.151897	0.134573	0.0960244	0.0395497	-0.0348241	-0.10642	-0.156154	-0.186525	-0.207395	-0.223309	-0.216189	-0.189244	-0.156365	-0.122436	-0.0938433	-0.0743455	-0.0592082	-0.0542729	-0.0578643	-0.047984	-0.0308527	-0.0136101	-0.000398633	0.00725476	0.0140279	0	
0	0.109703	0.198438	0.244573	0.244392	0.20757	0.155788	0.0943844	0.0209233	-0.0617348	-0.141592	-0.206096	-0.240951	-0.230163	-0.149675	-0.0126624	0.153958	0.313782	0.445094	0.528764	0.534815	0.461752	0.321171	0.123014	-0.130422	-0.428799	-0.730559	-0.98623	-1.16067	-1.23378	-1.20489	-1.07977	-0.864817	-0.57378	-0.239932	0.105976	0.43278	0.717948	0.944159	1.11275	1.22364	1.2612	1.22347	1.12184	0.987136	0.853634	0.73399	0.643349	0.576111	0.518764	0.462766	0.391836	0.295273	0.188618	0.0734889	-0.039961	-0.15008	-0.263683	-0.379624	-0.490672	-0.587845	-0.666785	-0.708174	-0.702558	-0.659483	-0.586779	-0.489091	-0.380632	-0.273869	-0.177229	-0.101619	-0.04384	0.00600041	0.0278796	0.025296	0.011418	-0.0167986	-0.0555547	-0.105038	-0.146552	-0.163598	-0.157019	-0.14138	-0.121206	-0.0866637	-0.0416087	-0.000520451	0.0270594	0.044335	0.0482429	0.0522555	0.0592043	0.0559573	0.0572584	0.0585486	0.0567504	0.0560223	0.0483146	0.0329338	0	
0	0.0897684	0.162969	0.205212	0.200906	0.167226	0.119356	0.0708832	0.0160433	-0.0477225	-0.106444	-0.150595	-0.160461	-0.120561	-0.0095751	0.159469	0.349515	0.517615	0.643384	0.71226	0.703301	0.614497	0.449484	0.22835	-0.0489422	-0.361958	-0.667926	-0.919115	-1.08364	-1.1488	-1.12337	-1.00725	-0.802204	-0.520191	-0.184995	0.167459	0.502436	0.802933	1.04532	1.22364	1.33641	1.37287	1.33995	1.25031	1.12803	1.00123	0.880911	0.784264	0.711668	0.655946	0.604238	0.535479	0.439921	0.325164	0.192965	0.0570357	-0.0837218	-0.226382	-0.36864	-0.499841	-0.610703	-0.694966	-0.746914	-0.753781	-0.715309	-0.649539	-0.56535	-0.479024	-0.394581	-0.318651	-0.257113	-0.203088	-0.155	-0.128777	-0.128503	-0.139631	-0.149824	-0.156149	-0.165145	-0.168401	-0.14758	-0.102515	-0.0533349	-0.00292115	0.0539964	0.109575	0.149463	0.166151	0.169738	0.165631	0.165408	0.168872	0.163952	0.154275	0.135741	0.113784	0.0899079	0.061015	0.0345179	0	
0	0.0584342	0.11078	0.140774	0.138251	0.109719	0.0755305	0.0459967	0.0124017	-0.0274755	-0.0664671	-0.0852472	-0.0682655	0.00329282	0.142565	0.33623	0.537647	0.704964	0.813625	0.86178	0.834825	0.726005	0.539685	0.291872	-0.00613534	-0.326494	-0.631777	-0.876455	-1.03497	-1.10599	-1.09026	-0.989169	-0.799946	-0.527378	-0.195463	0.159601	0.509025	0.822433	1.07567	1.2612	1.37287	1.4095	1.39131	1.315	1.20149	1.0722	0.948823	0.848118	0.777917	0.730545	0.690355	0.625335	0.529799	0.408591	0.266729	0.117925	-0.0364833	-0.19213	-0.344965	-0.486181	-0.604008	-0.695238	-0.757125	-0.771388	-0.740406	-0.688046	-0.631442	-0.574314	-0.521056	-0.473437	-0.424481	-0.373959	-0.325433	-0.293871	-0.286067	-0.290363	-0.28239	-0.249977	-0.209607	-0.16817	-0.110565	-0.0368804	0.0341621	0.10293	0.167797	0.22242	0.259204	0.270316	0.272721	0.26952	0.262084	0.258673	0.246322	0.224689	0.197647	0.160182	0.114968	0.0678777	0.0284069	0	
