0	0	0	0	0	0	0	0	0	0	0	0	0	0	0	0	0	0	0	0	0	0	0	0	0	0	0	0	0	0	0	0	0	0	0	0	0	0	0	0	0	0	0	0	0	0	0	0	0	0	0	0	0	0	0	0	0	0	0	0	0	0	0	0	0	0	0	0	0	0	0	0	0	0	0	0	0	0	0	0	0	0	0	0	0	0	0	0	0	0	0	0	0	0	0	0	0	0	0	0	
0	0.171175	0.318649	0.429492	0.501403	0.531037	0.518241	0.467877	0.395788	0.316178	0.238584	0.163725	0.090356	0.0216711	-0.0344318	-0.0714328	-0.0906944	-0.0951049	-0.0908231	-0.0834678	-0.0776909	-0.0763636	-0.081464	-0.0884211	-0.08689	-0.0705018	-0.0396522	-0.00650647	0.0190042	0.0327151	0.0377266	0.0353366	0.0291891	0.0197106	0.00759443	-0.00218345	-0.00527562	-0.00554682	-0.00407337	-0.00570818	-0.012276	-0.0274176	-0.0497085	-0.0703556	-0.0748481	-0.0562615	-0.016605	0.0309553	0.0737358	0.109394	0.143912	0.180677	0.214103	0.235503	0.238138	0.221836	0.189199	0.140297	0.071462	-0.0143658	-0.103278	-0.183026	-0.247542	-0.291892	-0.311692	-0.305884	-0.280299	-0.243323	-0.203521	-0.161932	-0.116312	-0.0699726	-0.0322454	-0.00711653	0.00887428	0.0236286	0.041941	0.060939	0.0744072	0.0802352	0.0818368	0.0825636	0.0822029	0.0761224	0.063811	0.0467323	0.0297047	0.0182124	0.0128486	0.00856899	-2.29789e-05	-0.0130255	-0.0291986	-0.0405687	-0.0424218	-0.0366412	-0.0245639	-0.0126207	-0.00507987	0	
0	0.318649	0.598179	0.814521	0.953088	1.01036	0.98651	0.899315	0.769915	0.622238	0.471622	0.326852	0.188722	0.0592154	-0.0501425	-0.127009	-0.166909	-0.172454	-0.159808	-0.145014	-0.139038	-0.139108	-0.144721	-0.147906	-0.139159	-0.113252	-0.0708563	-0.0249053	0.0128506	0.0384912	0.0511929	0.0493946	0.0373645	0.0198901	-3.52842e-05	-0.0105719	-0.00891411	-0.00203612	0.00192926	-0.00309677	-0.0202242	-0.0515608	-0.0897756	-0.119005	-0.118674	-0.0814679	-0.0145587	0.0648765	0.141305	0.208912	0.277981	0.345935	0.404609	0.443479	0.45279	0.424531	0.359703	0.260108	0.128633	-0.02619	-0.186704	-0.332749	-0.45267	-0.536265	-0.577607	-0.574982	-0.538211	-0.479124	-0.406632	-0.3271	-0.242873	-0.159289	-0.0849977	-0.0243968	0.0209411	0.0598147	0.0918445	0.116221	0.134465	0.14456	0.146834	0.142849	0.136128	0.119727	0.0990079	0.077742	0.0570859	0.0447757	0.0355823	0.0239848	0.0101022	-0.00694263	-0.0269165	-0.0420207	-0.0499724	-0.0514066	-0.0438772	-0.0316905	-0.0171108	0	
0	0.429492	0.814521	1.11846	1.31916	1.40258	1.37981	1.27246	1.11183	0.917223	0.709886	0.50456	0.309135	0.128529	-0.0260017	-0.138095	-0.201222	-0.215215	-0.201557	-0.186062	-0.181908	-0.183725	-0.185971	-0.182571	-0.167351	-0.141315	-0.10256	-0.0624171	-0.0256553	0.00299982	0.0229414	0.0260286	0.0188812	0.00651471	-0.00711447	-0.0116111	-0.00136899	0.00845909	0.0137675	0.00319086	-0.0233753	-0.0664035	-0.113385	-0.142741	-0.131948	-0.0813115	0.00225041	0.103301	0.208731	0.312255	0.410382	0.496857	0.564385	0.609904	0.622306	0.587494	0.498822	0.361573	0.18217	-0.0258349	-0.23604	-0.429501	-0.593482	-0.713179	-0.779913	-0.794303	-0.764221	-0.69479	-0.600895	-0.495856	-0.386065	-0.275524	-0.170002	-0.0705332	0.0155854	0.0819902	0.128532	0.159622	0.179728	0.191106	0.193549	0.184402	0.164673	0.136026	0.111631	0.0954623	0.0861537	0.0822678	0.0788355	0.0688736	0.0497887	0.0269458	-0.0023513	-0.0286845	-0.0478275	-0.0624757	-0.0627285	-0.0503753	-0.0295106	0	
0	0.501403	0.953088	1.31916	1.56794	1.68638	1.67616	1.57095	1.39995	1.18698	0.945239	0.693116	0.447639	0.224924	0.0422542	-0.0916873	-0.177386	-0.213871	-0.217683	-0.209377	-0.205986	-0.203004	-0.202393	-0.198297	-0.186136	-0.16592	-0.136298	-0.106719	-0.0820041	-0.0601821	-0.0400832	-0.0267301	-0.0145043	-0.00164761	0.00488128	0.0136375	0.0250664	0.0314341	0.0284708	0.0121457	-0.0191422	-0.0664764	-0.11436	-0.140944	-0.1254	-0.0687335	0.0222921	0.140351	0.275652	0.409285	0.533389	0.627755	0.690475	0.72938	0.74064	0.701221	0.59873	0.435167	0.223491	-0.0180896	-0.264594	-0.491385	-0.686225	-0.835788	-0.931211	-0.964218	-0.940799	-0.871207	-0.770869	-0.657152	-0.534187	-0.401752	-0.26542	-0.13476	-0.0261675	0.0627661	0.127996	0.172577	0.204617	0.221082	0.220382	0.205485	0.1866	0.158215	0.134241	0.121592	0.11805	0.12999	0.141965	0.1382	0.116292	0.0758088	0.0202982	-0.0305891	-0.0676198	-0.087914	-0.0846526	-0.0655985	-0.0366029	0	
0	0.531037	1.01036	1.40258	1.68638	1.8378	1.85821	1.76981	1.61079	1.39786	1.14392	0.863918	0.584992	0.337339	0.141613	-0.00164929	-0.106734	-0.17241	-0.204116	-0.213757	-0.213886	-0.207391	-0.202909	-0.201047	-0.194519	-0.183482	-0.163794	-0.149013	-0.139835	-0.131716	-0.113586	-0.0899928	-0.0547393	-0.0141146	0.0174007	0.0399288	0.0578513	0.0576469	0.0465455	0.0215653	-0.0119247	-0.0547966	-0.0964063	-0.118756	-0.10235	-0.0501771	0.0402734	0.166727	0.318343	0.476321	0.618464	0.72471	0.788517	0.819021	0.813654	0.757786	0.641338	0.466967	0.2385	-0.0268733	-0.290615	-0.530631	-0.740943	-0.911885	-1.02875	-1.07868	-1.06433	-0.995705	-0.898536	-0.787412	-0.657464	-0.508658	-0.357466	-0.215571	-0.0949994	0.00496987	0.0875188	0.151559	0.193105	0.212235	0.216421	0.212487	0.204761	0.18809	0.174771	0.169113	0.17317	0.189274	0.206331	0.204541	0.171652	0.113699	0.0349153	-0.0373933	-0.085451	-0.110265	-0.10338	-0.0763989	-0.042128	0	
0	0.518241	0.98651	1.37981	1.67616	1.85821	1.91213	1.85997	1.72449	1.52602	1.27514	0.994883	0.714642	0.465627	0.268799	0.120433	0.00292841	-0.0835236	-0.142714	-0.178862	-0.199213	-0.199995	-0.196431	-0.19436	-0.193223	-0.192913	-0.189959	-0.193913	-0.203871	-0.206847	-0.188472	-0.153278	-0.099817	-0.0385341	0.0100616	0.0487705	0.074421	0.0755986	0.0544932	0.0195753	-0.0163695	-0.0525448	-0.0803073	-0.0910058	-0.0697324	-0.0162718	0.0737389	0.201553	0.357687	0.516725	0.667998	0.782409	0.847919	0.866329	0.839802	0.75949	0.626273	0.444104	0.217348	-0.041162	-0.301732	-0.539516	-0.751632	-0.929216	-1.05689	-1.11535	-1.11168	-1.06142	-0.980246	-0.877082	-0.746918	-0.594846	-0.440301	-0.298642	-0.182146	-0.078221	0.00905747	0.0753379	0.125146	0.157065	0.175541	0.188301	0.204109	0.209504	0.214454	0.224613	0.237379	0.260166	0.276114	0.264233	0.221784	0.151381	0.0600736	-0.0230835	-0.0845111	-0.119832	-0.119759	-0.0945909	-0.0531493	0	
0	0.467877	0.899315	1.27246	1.57095	1.76981	1.85997	1.84696	1.74781	1.57338	1.34724	1.09676	0.847779	0.619941	0.430203	0.280079	0.156087	0.0561866	-0.0271141	-0.0982141	-0.152133	-0.17608	-0.182157	-0.184834	-0.188697	-0.199336	-0.211256	-0.234778	-0.262924	-0.278284	-0.260112	-0.215177	-0.147518	-0.0738908	-0.0155522	0.0282765	0.0596441	0.0586575	0.0333805	-0.00498664	-0.0366936	-0.0585446	-0.0691547	-0.0631716	-0.0257985	0.041259	0.14253	0.274338	0.422043	0.570651	0.707964	0.812281	0.863716	0.860461	0.805459	0.701769	0.559086	0.387954	0.185113	-0.0459172	-0.277171	-0.496649	-0.701273	-0.878135	-1.00818	-1.07954	-1.09966	-1.07301	-1.01153	-0.923419	-0.806351	-0.669151	-0.531714	-0.399987	-0.285593	-0.187733	-0.106909	-0.0412862	0.0136308	0.0601754	0.101738	0.138894	0.172074	0.193565	0.219234	0.251994	0.288041	0.325742	0.349849	0.341037	0.292671	0.215417	0.114093	0.0167115	-0.0575725	-0.107565	-0.118699	-0.0976254	-0.0573292	0	
0	0.395788	0.769915	1.11183	1.39995	1.61079	1.72449	1.74781	1.68595	1.55502	1.37731	1.18156	0.982113	0.79044	0.620657	0.477304	0.350128	0.238532	0.133964	0.0334549	-0.0542312	-0.10757	-0.136385	-0.153718	-0.168344	-0.187053	-0.210099	-0.248447	-0.295428	-0.327196	-0.315293	-0.26588	-0.187222	-0.103798	-0.0435316	-0.00249484	0.0203655	0.0141672	-0.0124303	-0.0427055	-0.0577622	-0.0612194	-0.0505215	-0.0205671	0.0441589	0.138149	0.255823	0.388022	0.522664	0.641935	0.746681	0.813034	0.827725	0.792515	0.716841	0.602841	0.461994	0.307926	0.142572	-0.03943	-0.230421	-0.421308	-0.609619	-0.778914	-0.912362	-0.994992	-1.03391	-1.03129	-0.993213	-0.931049	-0.843394	-0.734306	-0.616161	-0.500637	-0.405601	-0.323154	-0.252303	-0.188839	-0.123104	-0.0591121	-0.00172243	0.0500092	0.101661	0.142659	0.186069	0.239856	0.300066	0.367257	0.421096	0.432905	0.396087	0.315177	0.199878	0.0870095	-0.00451395	-0.0669531	-0.0877944	-0.0771722	-0.0457737	0	
0	0.316178	0.622238	0.917223	1.18698	1.39786	1.52602	1.57338	1.55502	1.48391	1.37645	1.24572	1.10228	0.955373	0.817668	0.687328	0.556286	0.432042	0.314084	0.196475	0.0843414	-0.000434706	-0.0589746	-0.0994804	-0.12724	-0.15465	-0.18572	-0.235739	-0.297734	-0.344081	-0.342662	-0.295884	-0.215935	-0.13176	-0.0748005	-0.0446886	-0.0325798	-0.0453366	-0.0667054	-0.0800936	-0.0748172	-0.0569579	-0.0255437	0.0314433	0.129227	0.251919	0.38264	0.50832	0.618041	0.705868	0.768736	0.789912	0.760263	0.692175	0.59928	0.483163	0.353142	0.224382	0.0941731	-0.0466707	-0.189257	-0.337416	-0.493877	-0.650155	-0.78695	-0.883125	-0.93557	-0.946086	-0.931003	-0.904216	-0.85534	-0.779552	-0.692027	-0.603951	-0.532925	-0.469251	-0.406514	-0.341658	-0.272332	-0.203684	-0.135515	-0.0664855	0.00305435	0.0629376	0.129165	0.207698	0.297217	0.395999	0.479955	0.517517	0.494232	0.417563	0.298152	0.172451	0.0691068	-0.00544193	-0.0392146	-0.0413159	-0.0278163	0	
0	0.238584	0.471622	0.709886	0.945239	1.14392	1.27514	1.34724	1.37731	1.37645	1.3422	1.27788	1.1898	1.09093	0.986699	0.8703	0.737222	0.60735	0.486996	0.364231	0.235982	0.124595	0.0367654	-0.026155	-0.0696459	-0.107157	-0.148201	-0.207041	-0.27588	-0.329538	-0.334812	-0.297538	-0.228101	-0.155224	-0.11044	-0.0916451	-0.089692	-0.103857	-0.116322	-0.113824	-0.0913495	-0.0609326	-0.0136437	0.0675836	0.195006	0.341525	0.480509	0.598626	0.690143	0.745127	0.766918	0.742855	0.675867	0.58267	0.479625	0.36758	0.251319	0.141816	0.0387615	-0.0661143	-0.166797	-0.265181	-0.379572	-0.512343	-0.644424	-0.743076	-0.803986	-0.83391	-0.850296	-0.861649	-0.848283	-0.80544	-0.748358	-0.691363	-0.646937	-0.601221	-0.549366	-0.492565	-0.427793	-0.356819	-0.282133	-0.200873	-0.110994	-0.024608	0.0675729	0.173966	0.291703	0.415104	0.522204	0.577085	0.566218	0.494065	0.372598	0.243462	0.130241	0.0430179	-0.00463068	-0.021127	-0.0174734	0	
0	0.163725	0.326852	0.50456	0.693116	0.863918	0.994883	1.09676	1.18156	1.24572	1.27788	1.27247	1.23527	1.1742	1.09584	0.993389	0.868572	0.744456	0.628872	0.507145	0.372822	0.247199	0.142469	0.0629966	0.00761324	-0.0391591	-0.0868549	-0.148164	-0.217391	-0.271103	-0.284805	-0.2635	-0.218182	-0.170801	-0.146287	-0.141609	-0.145206	-0.155681	-0.158624	-0.142733	-0.110618	-0.0720115	-0.017013	0.0753207	0.215858	0.375399	0.523785	0.644138	0.724754	0.757494	0.745278	0.685721	0.587549	0.473961	0.36449	0.258638	0.159312	0.0725855	-0.00852199	-0.0876919	-0.149673	-0.205722	-0.279693	-0.382975	-0.497291	-0.592458	-0.664611	-0.721137	-0.769917	-0.810112	-0.82494	-0.811963	-0.787128	-0.756479	-0.731029	-0.698915	-0.660267	-0.616222	-0.559425	-0.492724	-0.414347	-0.322429	-0.22015	-0.118228	-0.00495387	0.124289	0.265272	0.411647	0.534789	0.600047	0.594232	0.525225	0.407189	0.274321	0.155848	0.0627685	0.00733106	-0.0142426	-0.0155879	0	
0	0.090356	0.188722	0.309135	0.447639	0.584992	0.714642	0.847779	0.982113	1.10228	1.1898	1.23527	1.23376	1.19549	1.13408	1.05237	0.949605	0.841009	0.733874	0.616614	0.486853	0.364214	0.258467	0.174645	0.111479	0.0592959	0.00957318	-0.0494643	-0.114476	-0.171326	-0.197973	-0.202069	-0.189514	-0.174867	-0.174361	-0.18119	-0.185921	-0.191692	-0.188663	-0.1688	-0.132768	-0.0905634	-0.0326318	0.0599168	0.19736	0.35538	0.508588	0.63883	0.723456	0.743452	0.705053	0.618042	0.500634	0.375217	0.261602	0.164365	0.0819757	0.0154894	-0.0387146	-0.0851912	-0.116498	-0.142541	-0.190212	-0.267323	-0.3588	-0.445789	-0.533308	-0.61848	-0.696686	-0.762981	-0.799744	-0.809382	-0.803669	-0.789463	-0.777267	-0.760679	-0.734667	-0.698602	-0.650217	-0.587681	-0.513389	-0.42487	-0.32226	-0.215328	-0.0956337	0.0456438	0.203956	0.364623	0.502653	0.58056	0.582763	0.515944	0.39551	0.262888	0.144431	0.0517144	-0.00198198	-0.021636	-0.0183591	0	
0	0.0216711	0.0592154	0.128529	0.224924	0.337339	0.465627	0.619941	0.79044	0.955373	1.09093	1.1742	1.19549	1.16923	1.12401	1.06709	0.992271	0.904886	0.808999	0.69951	0.580846	0.473344	0.382812	0.305115	0.2399	0.183626	0.133721	0.0794746	0.015007	-0.0493091	-0.0964395	-0.127642	-0.146922	-0.16234	-0.181291	-0.194408	-0.197239	-0.199536	-0.20071	-0.188689	-0.159208	-0.11827	-0.061544	0.0239938	0.14968	0.301169	0.457995	0.596022	0.685228	0.703082	0.655202	0.554512	0.42287	0.289799	0.179379	0.0916571	0.024853	-0.0176363	-0.0413868	-0.0536178	-0.0536825	-0.0595591	-0.0889734	-0.147507	-0.227109	-0.317675	-0.420378	-0.530393	-0.636076	-0.72702	-0.787278	-0.810533	-0.809684	-0.799458	-0.795825	-0.787078	-0.768878	-0.742163	-0.700345	-0.647759	-0.583448	-0.505511	-0.416663	-0.319613	-0.202862	-0.0591806	0.106767	0.28259	0.435292	0.525043	0.535013	0.471115	0.352954	0.216378	0.0950606	0.00659588	-0.0396058	-0.0476681	-0.0319918	0	
0	-0.0344318	-0.0501425	-0.0260017	0.0422542	0.141613	0.268799	0.430203	0.620657	0.817668	0.986699	1.09584	1.13408	1.12401	1.09614	1.0584	1.0048	0.936314	0.855223	0.757197	0.654703	0.569417	0.500922	0.436947	0.374863	0.319721	0.272695	0.220498	0.152778	0.076447	0.0124743	-0.0369238	-0.0766587	-0.113472	-0.148292	-0.169428	-0.175406	-0.183996	-0.19899	-0.205463	-0.192705	-0.160922	-0.109422	-0.0270056	0.0946042	0.242997	0.398037	0.538031	0.628664	0.646699	0.59402	0.488234	0.35395	0.221225	0.114562	0.0391207	-0.00916013	-0.0284261	-0.0204975	0.00101646	0.0267654	0.0418155	0.0269469	-0.0259945	-0.109942	-0.212657	-0.331041	-0.457142	-0.58576	-0.705099	-0.784605	-0.815941	-0.815148	-0.802904	-0.794266	-0.785978	-0.771148	-0.748574	-0.717588	-0.67555	-0.626692	-0.569231	-0.499411	-0.418479	-0.315288	-0.178304	-0.0103943	0.170144	0.332666	0.435875	0.456192	0.396554	0.27734	0.141091	0.022256	-0.0621387	-0.0997261	-0.0932858	-0.0560297	0	
0	-0.0714328	-0.127009	-0.138095	-0.0916873	-0.00164929	0.120433	0.280079	0.477304	0.687328	0.8703	0.993389	1.05237	1.06709	1.0584	1.03151	0.985909	0.929439	0.864209	0.787938	0.710862	0.650176	0.602984	0.555747	0.506935	0.462129	0.419352	0.365491	0.29032	0.206451	0.136001	0.0824911	0.0357513	-0.0132398	-0.0620423	-0.0971296	-0.119692	-0.147011	-0.184538	-0.215525	-0.224344	-0.209488	-0.167066	-0.0855375	0.040779	0.194132	0.348807	0.479894	0.563928	0.581338	0.530603	0.42266	0.282753	0.148309	0.047697	-0.014883	-0.0415172	-0.0313479	0.00397844	0.0484956	0.0935025	0.124927	0.121275	0.0686485	-0.0246874	-0.137831	-0.260013	-0.393935	-0.536616	-0.668368	-0.761198	-0.802806	-0.80691	-0.794506	-0.780739	-0.764936	-0.746993	-0.728295	-0.703998	-0.678016	-0.649782	-0.614244	-0.56948	-0.511034	-0.427812	-0.305485	-0.143052	0.0426339	0.212964	0.321531	0.345132	0.288436	0.1766	0.0457796	-0.0691345	-0.144912	-0.170463	-0.146362	-0.0844169	0	
0	-0.0906944	-0.166909	-0.201222	-0.177386	-0.106734	0.00292841	0.156087	0.350128	0.556286	0.737222	0.868572	0.949605	0.992271	1.0048	0.985909	0.941271	0.887981	0.839605	0.791587	0.743446	0.701886	0.671171	0.644643	0.618517	0.58933	0.550978	0.494701	0.417664	0.336927	0.271339	0.224533	0.181872	0.131089	0.0730559	0.0169298	-0.0356976	-0.0940534	-0.158434	-0.210635	-0.242097	-0.24787	-0.22125	-0.142679	-0.0117565	0.145509	0.29544	0.418831	0.494629	0.509457	0.456734	0.349315	0.210612	0.0754856	-0.0251747	-0.0777578	-0.0835219	-0.0525683	-0.000385428	0.0571319	0.114691	0.15987	0.166305	0.118662	0.0311768	-0.0742058	-0.191064	-0.323164	-0.467004	-0.600536	-0.697768	-0.75058	-0.768134	-0.765238	-0.752482	-0.736377	-0.716812	-0.697818	-0.685488	-0.677697	-0.669097	-0.653138	-0.627104	-0.589581	-0.524805	-0.413982	-0.258155	-0.0795698	0.0820387	0.186333	0.209654	0.155439	0.0488031	-0.0735238	-0.174721	-0.234476	-0.241328	-0.195018	-0.109094	0	
0	-0.0951049	-0.172454	-0.215215	-0.213871	-0.17241	-0.0835236	0.0561866	0.238532	0.432042	0.60735	0.744456	0.841009	0.904886	0.936314	0.929439	0.887981	0.84043	0.806539	0.780656	0.748848	0.717845	0.70061	0.697577	0.695265	0.682946	0.651098	0.596665	0.523631	0.451224	0.396916	0.365327	0.339376	0.300551	0.240142	0.163518	0.0768342	-0.014561	-0.100817	-0.171553	-0.223908	-0.256949	-0.2547	-0.189704	-0.0623573	0.0948706	0.24375	0.359993	0.429832	0.440627	0.386825	0.280487	0.143274	0.010519	-0.0889421	-0.137747	-0.136573	-0.0982962	-0.0429028	0.0202117	0.0841558	0.137798	0.154378	0.125643	0.0671848	-0.0112391	-0.109458	-0.232417	-0.370115	-0.49829	-0.598372	-0.661716	-0.693529	-0.708866	-0.713088	-0.709298	-0.697907	-0.68823	-0.687131	-0.690089	-0.690684	-0.687658	-0.678754	-0.652334	-0.593987	-0.491094	-0.347658	-0.184413	-0.0375224	0.0550712	0.0712283	0.0141108	-0.0898457	-0.204899	-0.295534	-0.336818	-0.319437	-0.247924	-0.134528	0	
0	-0.0908231	-0.159808	-0.201557	-0.217683	-0.204116	-0.142714	-0.0271141	0.133964	0.314084	0.486996	0.628872	0.733874	0.808999	0.855223	0.864209	0.839605	0.806539	0.782182	0.757928	0.726318	0.696182	0.68874	0.70131	0.721021	0.729731	0.712168	0.663634	0.593254	0.5303	0.492168	0.485099	0.486523	0.466621	0.411108	0.320495	0.207816	0.0921148	-0.0133034	-0.100954	-0.17718	-0.236194	-0.258131	-0.211099	-0.0976091	0.0505804	0.193582	0.306747	0.370225	0.375253	0.31753	0.213375	0.0827767	-0.0454266	-0.143297	-0.193713	-0.196202	-0.165617	-0.113452	-0.0464608	0.0250461	0.0840968	0.113163	0.113205	0.0937027	0.0521748	-0.0164663	-0.11762	-0.243858	-0.368301	-0.475351	-0.551779	-0.601978	-0.642828	-0.672343	-0.691901	-0.701584	-0.706397	-0.709927	-0.712388	-0.714789	-0.718746	-0.715789	-0.693645	-0.641146	-0.548624	-0.419481	-0.269864	-0.138253	-0.0583001	-0.0523714	-0.11673	-0.220735	-0.330523	-0.408818	-0.434978	-0.400284	-0.306102	-0.166166	0	
0	-0.0834678	-0.145014	-0.186062	-0.209377	-0.213757	-0.178862	-0.0982141	0.0334549	0.196475	0.364231	0.507145	0.616614	0.69951	0.757197	0.787938	0.791587	0.780656	0.757928	0.726731	0.688843	0.659392	0.652533	0.675667	0.715132	0.748135	0.746145	0.701295	0.633402	0.58007	0.559438	0.57642	0.60148	0.603247	0.560857	0.473661	0.353789	0.223247	0.101352	-0.00822645	-0.105261	-0.181834	-0.220657	-0.194137	-0.106096	0.0191746	0.149597	0.25621	0.316537	0.317723	0.25663	0.151641	0.0209183	-0.104053	-0.202866	-0.258946	-0.272763	-0.252262	-0.20349	-0.12997	-0.0539488	0.0151016	0.0636364	0.094392	0.113696	0.108491	0.0739337	0.00206358	-0.106526	-0.229439	-0.343624	-0.434464	-0.505863	-0.570919	-0.624967	-0.673066	-0.708918	-0.727132	-0.734854	-0.735966	-0.738232	-0.744393	-0.74397	-0.73021	-0.69213	-0.613177	-0.490068	-0.34203	-0.213854	-0.140601	-0.142635	-0.213087	-0.319324	-0.425232	-0.499121	-0.518394	-0.470928	-0.360029	-0.194251	0	
0	-0.0776909	-0.139038	-0.181908	-0.205986	-0.213886	-0.199213	-0.152133	-0.0542312	0.0843414	0.235982	0.372822	0.486853	0.580846	0.654703	0.710862	0.743446	0.748848	0.726318	0.688843	0.650702	0.618951	0.614867	0.645157	0.698173	0.741525	0.747893	0.713352	0.659027	0.62245	0.617222	0.646925	0.688136	0.706628	0.683374	0.610801	0.496479	0.36149	0.224402	0.0959231	-0.0151686	-0.0989095	-0.146991	-0.14214	-0.0853659	0.0112872	0.123339	0.219813	0.273135	0.2711	0.207733	0.0986659	-0.0332652	-0.158987	-0.260806	-0.329376	-0.358531	-0.35018	-0.304923	-0.229624	-0.143175	-0.0572157	0.0171292	0.0797189	0.126198	0.148304	0.14549	0.101506	0.00774096	-0.106041	-0.225734	-0.331574	-0.420287	-0.506246	-0.580926	-0.648488	-0.700412	-0.729953	-0.745262	-0.757042	-0.762912	-0.765195	-0.767165	-0.764909	-0.739233	-0.666356	-0.546479	-0.399905	-0.272555	-0.19757	-0.196755	-0.264975	-0.370671	-0.481339	-0.55811	-0.575001	-0.518492	-0.392278	-0.211235	0	
0	-0.0763636	-0.139108	-0.183725	-0.203004	-0.207391	-0.199995	-0.17608	-0.10757	-0.000434706	0.124595	0.247199	0.364214	0.473344	0.569417	0.650176	0.701886	0.717845	0.696182	0.659392	0.618951	0.592355	0.595165	0.630925	0.674883	0.70684	0.716395	0.700443	0.671099	0.657001	0.665676	0.706266	0.754869	0.78406	0.771826	0.714845	0.616763	0.489366	0.349984	0.210541	0.0891765	-0.000617997	-0.0579858	-0.0698357	-0.0371624	0.0362566	0.131984	0.217222	0.263461	0.257299	0.192318	0.083764	-0.0515772	-0.183016	-0.300194	-0.388557	-0.43527	-0.436717	-0.396045	-0.317694	-0.2248	-0.121095	-0.0258109	0.0519581	0.116296	0.158954	0.178802	0.15804	0.0860752	-0.0177172	-0.136332	-0.253894	-0.365349	-0.472496	-0.563191	-0.639268	-0.691984	-0.721637	-0.74739	-0.766466	-0.774879	-0.784693	-0.794889	-0.797038	-0.764628	-0.685007	-0.564884	-0.419359	-0.292894	-0.213678	-0.204959	-0.269228	-0.378943	-0.494718	-0.576916	-0.597857	-0.540987	-0.412104	-0.221652	0	
0	-0.081464	-0.144721	-0.185971	-0.202393	-0.202909	-0.196431	-0.182157	-0.136385	-0.0589746	0.0367654	0.142469	0.258467	0.382812	0.500922	0.602984	0.671171	0.70061	0.68874	0.652533	0.614867	0.595165	0.605656	0.629368	0.647924	0.659462	0.66777	0.664962	0.656488	0.665441	0.695184	0.745352	0.79763	0.823471	0.813702	0.771508	0.696432	0.589475	0.46067	0.320951	0.195812	0.100916	0.038467	0.0166311	0.0371867	0.0978567	0.180934	0.254277	0.294531	0.290018	0.228531	0.116489	-0.0247035	-0.169611	-0.307615	-0.42069	-0.484146	-0.495157	-0.46067	-0.387102	-0.28919	-0.178605	-0.0797323	0.00599067	0.0805664	0.139189	0.17798	0.176007	0.119766	0.0331771	-0.0827351	-0.211021	-0.338906	-0.469303	-0.576932	-0.658157	-0.711157	-0.742245	-0.764086	-0.779893	-0.790837	-0.808146	-0.82208	-0.812043	-0.761561	-0.667062	-0.535411	-0.379063	-0.24232	-0.160328	-0.156182	-0.224472	-0.334606	-0.450733	-0.538167	-0.571234	-0.527171	-0.407467	-0.22267	0	
0	-0.0884211	-0.147906	-0.182571	-0.198297	-0.201047	-0.19436	-0.184834	-0.153718	-0.0994804	-0.026155	0.0629966	0.174645	0.305115	0.436947	0.555747	0.644643	0.697577	0.70131	0.675667	0.645157	0.630925	0.629368	0.630494	0.627736	0.625211	0.624599	0.619486	0.621738	0.651455	0.695611	0.74951	0.793993	0.814457	0.807087	0.778917	0.724077	0.637866	0.529459	0.405354	0.289629	0.20186	0.1439	0.124573	0.143551	0.198743	0.275712	0.343765	0.378842	0.3687	0.303309	0.188947	0.0377501	-0.122644	-0.280256	-0.412573	-0.494817	-0.524923	-0.509859	-0.447015	-0.354116	-0.245775	-0.147232	-0.05941	0.02688	0.0967648	0.142329	0.14886	0.10719	0.0300715	-0.0778921	-0.202751	-0.338223	-0.477525	-0.596561	-0.691078	-0.758566	-0.796227	-0.814467	-0.821475	-0.82712	-0.837562	-0.831609	-0.801745	-0.733344	-0.61984	-0.462908	-0.279995	-0.13226	-0.0475243	-0.0391311	-0.10436	-0.215324	-0.334682	-0.429526	-0.475156	-0.448442	-0.352573	-0.194428	0	
0	-0.08689	-0.139159	-0.167351	-0.186136	-0.194519	-0.193223	-0.188697	-0.168344	-0.12724	-0.0696459	0.00761324	0.111479	0.2399	0.374863	0.506935	0.618517	0.695265	0.721021	0.715132	0.698173	0.674883	0.647924	0.627736	0.615463	0.602109	0.587542	0.575863	0.583762	0.619831	0.665115	0.709974	0.748663	0.770864	0.771124	0.750399	0.703859	0.634078	0.550891	0.452176	0.357557	0.284277	0.240867	0.237928	0.275043	0.343432	0.424637	0.488599	0.51442	0.492127	0.413433	0.281617	0.117034	-0.0556009	-0.226276	-0.375693	-0.480298	-0.539396	-0.550782	-0.50672	-0.423348	-0.321954	-0.227763	-0.134816	-0.0459115	0.0219252	0.0646529	0.0745041	0.0404284	-0.0234833	-0.118065	-0.232051	-0.357198	-0.493415	-0.617387	-0.726578	-0.812164	-0.860455	-0.879996	-0.884714	-0.878531	-0.860808	-0.824427	-0.771119	-0.679622	-0.534393	-0.348371	-0.148319	0.018297	0.12268	0.145759	0.0900881	-0.0200225	-0.146207	-0.25631	-0.324034	-0.322742	-0.259273	-0.144353	0	
0	-0.0705018	-0.113252	-0.141315	-0.16592	-0.183482	-0.192913	-0.199336	-0.187053	-0.15465	-0.107157	-0.0391591	0.0592959	0.183626	0.319721	0.462129	0.58933	0.682946	0.729731	0.748135	0.741525	0.70684	0.659462	0.625211	0.602109	0.575544	0.551599	0.534876	0.536664	0.5654	0.603518	0.643034	0.682624	0.713805	0.720752	0.701679	0.661141	0.607233	0.547576	0.471094	0.392234	0.333484	0.312602	0.340942	0.410169	0.503845	0.602191	0.669656	0.683389	0.640731	0.541538	0.390261	0.203231	0.0123348	-0.168296	-0.329388	-0.455555	-0.54006	-0.57682	-0.555832	-0.492211	-0.406047	-0.316459	-0.225128	-0.140975	-0.0832275	-0.0488806	-0.0385332	-0.0618061	-0.111004	-0.186072	-0.279084	-0.389933	-0.516499	-0.643218	-0.76255	-0.858133	-0.914348	-0.939031	-0.940601	-0.91493	-0.868836	-0.806295	-0.724109	-0.592725	-0.41208	-0.202225	0.0202114	0.208409	0.332335	0.372376	0.327164	0.216122	0.0771198	-0.0529968	-0.149674	-0.188907	-0.170993	-0.101202	0	
0	-0.0396522	-0.0708563	-0.10256	-0.136298	-0.163794	-0.189959	-0.211256	-0.210099	-0.18572	-0.148201	-0.0868549	0.00957318	0.133721	0.272695	0.419352	0.550978	0.651098	0.712168	0.746145	0.747893	0.716395	0.66777	0.624599	0.587542	0.551599	0.520618	0.488431	0.470496	0.487466	0.523398	0.563128	0.607515	0.647185	0.659838	0.646497	0.615314	0.575652	0.531372	0.469837	0.403379	0.360156	0.364928	0.425001	0.526795	0.64972	0.767125	0.84201	0.852395	0.795689	0.674534	0.494498	0.283552	0.0787352	-0.107519	-0.27347	-0.408312	-0.508464	-0.567186	-0.576831	-0.547353	-0.487183	-0.411222	-0.328641	-0.257372	-0.21029	-0.180285	-0.165477	-0.174719	-0.203355	-0.254001	-0.32664	-0.42261	-0.542039	-0.669678	-0.79026	-0.88607	-0.944571	-0.96936	-0.959702	-0.916737	-0.852912	-0.766479	-0.650481	-0.48401	-0.275484	-0.0430718	0.20243	0.414516	0.553179	0.599896	0.556314	0.441667	0.294375	0.141845	0.00812353	-0.0726078	-0.0954225	-0.0646055	0	
0	-0.00650647	-0.0249053	-0.0624171	-0.106719	-0.149013	-0.193913	-0.234778	-0.248447	-0.235739	-0.207041	-0.148164	-0.0494643	0.0794746	0.220498	0.365491	0.494701	0.596665	0.663634	0.701295	0.713352	0.700443	0.664962	0.619486	0.575863	0.534876	0.488431	0.429555	0.3903	0.397281	0.432988	0.476981	0.532825	0.585362	0.607554	0.599143	0.570019	0.530646	0.489599	0.434127	0.379452	0.357846	0.390838	0.478451	0.608661	0.759529	0.899654	0.983273	0.985168	0.91135	0.771037	0.572739	0.347434	0.136988	-0.0458015	-0.207596	-0.34073	-0.439625	-0.510443	-0.553547	-0.563296	-0.537935	-0.489304	-0.427933	-0.370202	-0.327167	-0.294675	-0.270695	-0.263988	-0.273059	-0.303059	-0.358026	-0.44294	-0.556046	-0.679649	-0.795859	-0.887846	-0.943642	-0.959676	-0.937069	-0.883373	-0.807099	-0.701753	-0.559206	-0.370916	-0.146501	0.106617	0.369761	0.589243	0.730613	0.783473	0.745854	0.627416	0.464271	0.288274	0.128846	0.0226013	-0.0285644	-0.0319111	0	
0	0.0190042	0.0128506	-0.0256553	-0.0820041	-0.139835	-0.203871	-0.262924	-0.295428	-0.297734	-0.27588	-0.217391	-0.114476	0.015007	0.152778	0.29032	0.417664	0.523631	0.593254	0.633402	0.659027	0.671099	0.656488	0.621738	0.583762	0.536664	0.470496	0.3903	0.332013	0.322605	0.349995	0.402323	0.475219	0.543434	0.573313	0.562739	0.524255	0.475952	0.424566	0.366112	0.322366	0.325026	0.38653	0.502441	0.660247	0.833733	0.984473	1.06818	1.06265	0.976429	0.8269	0.625149	0.401016	0.192629	0.0110456	-0.148008	-0.271524	-0.360117	-0.430394	-0.488249	-0.525163	-0.533981	-0.519416	-0.48933	-0.450854	-0.41059	-0.371477	-0.337093	-0.313819	-0.306375	-0.322726	-0.365852	-0.438949	-0.53787	-0.648836	-0.751743	-0.8354	-0.887996	-0.899112	-0.875938	-0.828914	-0.753339	-0.637479	-0.485982	-0.289468	-0.0481316	0.219233	0.485027	0.703232	0.84711	0.904005	0.863889	0.740141	0.571068	0.386387	0.215082	0.0916637	0.0206984	-0.00559602	0	
0	0.0327151	0.0384912	0.00299982	-0.0601821	-0.131716	-0.206847	-0.278284	-0.327196	-0.344081	-0.329538	-0.271103	-0.171326	-0.0493091	0.076447	0.206451	0.336927	0.451224	0.5303	0.58007	0.62245	0.657001	0.665441	0.651455	0.619831	0.5654	0.487466	0.397281	0.322605	0.290824	0.310686	0.369683	0.452392	0.527014	0.556232	0.538512	0.491294	0.428506	0.3563	0.286364	0.252238	0.279682	0.368074	0.508277	0.685088	0.870059	1.02551	1.10719	1.09326	1.00259	0.853843	0.657366	0.441218	0.236763	0.0555879	-0.0966674	-0.206179	-0.278559	-0.341194	-0.405544	-0.457278	-0.488181	-0.503135	-0.495661	-0.466836	-0.429608	-0.391976	-0.353543	-0.323126	-0.309434	-0.313412	-0.338709	-0.38893	-0.462908	-0.551453	-0.645969	-0.731804	-0.789273	-0.811587	-0.803761	-0.76964	-0.699504	-0.591311	-0.446828	-0.249504	-0.00205747	0.266849	0.527715	0.749308	0.895404	0.946755	0.906079	0.785742	0.619203	0.4385	0.267601	0.134395	0.0500056	0.0103044	0	
0	0.0377266	0.0511929	0.0229414	-0.0400832	-0.113586	-0.188472	-0.260112	-0.315293	-0.342662	-0.334812	-0.284805	-0.197973	-0.0964395	0.0124743	0.136001	0.271339	0.396916	0.492168	0.559438	0.617222	0.665676	0.695184	0.695611	0.665115	0.603518	0.523398	0.432988	0.349995	0.310686	0.326376	0.379692	0.453274	0.516648	0.536435	0.511913	0.458642	0.382939	0.292782	0.219299	0.195986	0.237863	0.339941	0.489126	0.669224	0.85822	1.01972	1.10717	1.09839	1.00851	0.859793	0.670274	0.462352	0.264927	0.0964119	-0.0408036	-0.136599	-0.197867	-0.25185	-0.31034	-0.362354	-0.405755	-0.433849	-0.438239	-0.420154	-0.390317	-0.35523	-0.316655	-0.281878	-0.259473	-0.254625	-0.265121	-0.294404	-0.346582	-0.422644	-0.511878	-0.599301	-0.670453	-0.711835	-0.72793	-0.71488	-0.661516	-0.569448	-0.43376	-0.242443	-0.00659129	0.248711	0.504669	0.724936	0.870043	0.924535	0.889898	0.780175	0.621676	0.447423	0.282541	0.150096	0.0648325	0.0197293	0	
0	0.0353366	0.0493946	0.0260286	-0.0267301	-0.0899928	-0.153278	-0.215177	-0.26588	-0.295884	-0.297538	-0.2635	-0.202069	-0.127642	-0.0369238	0.0824911	0.224533	0.365327	0.485099	0.57642	0.646925	0.706266	0.745352	0.74951	0.709974	0.643034	0.563128	0.476981	0.402323	0.369683	0.379692	0.415717	0.465147	0.506899	0.510807	0.479684	0.422311	0.341162	0.250329	0.182864	0.162066	0.202733	0.296837	0.434597	0.608541	0.80108	0.970695	1.07149	1.07545	0.992881	0.847082	0.661359	0.458293	0.267385	0.108454	-0.0108733	-0.0889783	-0.136418	-0.176185	-0.218756	-0.261838	-0.299978	-0.32687	-0.333356	-0.320448	-0.298397	-0.266965	-0.222407	-0.176827	-0.147459	-0.131027	-0.130682	-0.15226	-0.198225	-0.270497	-0.363512	-0.458772	-0.542855	-0.610779	-0.654913	-0.669227	-0.644593	-0.576926	-0.45795	-0.280004	-0.0563767	0.190575	0.438624	0.651998	0.797017	0.861889	0.840768	0.741686	0.593051	0.422175	0.25915	0.135361	0.0565055	0.0143892	0	
0	0.0291891	0.0373645	0.0188812	-0.0145043	-0.0547393	-0.099817	-0.147518	-0.187222	-0.215935	-0.228101	-0.218182	-0.189514	-0.146922	-0.0766587	0.0357513	0.181872	0.339376	0.486523	0.60148	0.688136	0.754869	0.79763	0.793993	0.748663	0.682624	0.607515	0.532825	0.475219	0.452392	0.453274	0.465147	0.48442	0.494484	0.478473	0.435273	0.371213	0.293726	0.212829	0.151475	0.130659	0.165415	0.246567	0.370516	0.534326	0.719457	0.8875	0.997049	1.01439	0.943921	0.807345	0.626564	0.423993	0.238357	0.0938285	-0.0132491	-0.0833747	-0.118838	-0.137033	-0.156348	-0.17666	-0.193713	-0.199699	-0.192839	-0.179773	-0.161168	-0.128938	-0.0834145	-0.0373595	0.0019963	0.027918	0.0398171	0.0332471	-0.00533286	-0.078535	-0.177961	-0.287149	-0.398769	-0.498694	-0.578024	-0.629821	-0.642971	-0.606956	-0.506302	-0.34591	-0.140716	0.0925318	0.332169	0.541607	0.69104	0.768045	0.762381	0.681452	0.548407	0.391785	0.238925	0.11935	0.0438867	0.00554073	0	
0	0.0197106	0.0198901	0.00651471	-0.00164761	-0.0141146	-0.0385341	-0.0738908	-0.103798	-0.13176	-0.155224	-0.170801	-0.174867	-0.16234	-0.113472	-0.0132398	0.131089	0.300551	0.466621	0.603247	0.706628	0.78406	0.823471	0.814457	0.770864	0.713805	0.647185	0.585362	0.543434	0.527014	0.516648	0.506899	0.494484	0.475878	0.438203	0.377672	0.304043	0.226763	0.149471	0.0917876	0.0761722	0.111403	0.186045	0.304803	0.459581	0.62857	0.784142	0.890984	0.914557	0.855872	0.730115	0.557199	0.361429	0.184938	0.0465664	-0.0504936	-0.110721	-0.134947	-0.132986	-0.122169	-0.111314	-0.0893059	-0.0608603	-0.0365872	-0.0156595	0.0047657	0.039072	0.08613	0.134397	0.176133	0.20906	0.233086	0.239877	0.213716	0.149644	0.0471471	-0.0819231	-0.225576	-0.367313	-0.489702	-0.585237	-0.638477	-0.62942	-0.55742	-0.429428	-0.246232	-0.0274208	0.201003	0.408177	0.567011	0.658998	0.672528	0.613197	0.500991	0.366538	0.232346	0.118914	0.0459749	0.0126742	0	
0	0.00759443	-3.52842e-05	-0.00711447	0.00488128	0.0174007	0.0100616	-0.0155522	-0.0435316	-0.0748005	-0.11044	-0.146287	-0.174361	-0.181291	-0.148292	-0.0620423	0.0730559	0.240142	0.411108	0.560857	0.683374	0.771826	0.813702	0.807087	0.771124	0.720752	0.659838	0.607554	0.573313	0.556232	0.536435	0.510807	0.478473	0.438203	0.38093	0.303741	0.218674	0.135395	0.0560508	0.00410934	-0.00550523	0.030418	0.106524	0.227197	0.373511	0.528803	0.669262	0.76145	0.781993	0.735254	0.623446	0.462657	0.281489	0.117164	-0.0125657	-0.106407	-0.158693	-0.161916	-0.129152	-0.0864977	-0.0400087	0.0180607	0.0716822	0.113002	0.145699	0.17904	0.227484	0.283951	0.334248	0.379431	0.412968	0.438729	0.45447	0.435565	0.377019	0.27159	0.127455	-0.039383	-0.212404	-0.376012	-0.515312	-0.610001	-0.639789	-0.601783	-0.501443	-0.338509	-0.136041	0.0795973	0.285824	0.456207	0.55891	0.587508	0.551984	0.459509	0.343554	0.228383	0.127912	0.0611332	0.0249771	0	
0	-0.00218345	-0.0105719	-0.0116111	0.0136375	0.0399288	0.0487705	0.0282765	-0.00249484	-0.0446886	-0.0916451	-0.141609	-0.18119	-0.194408	-0.169428	-0.0971296	0.0169298	0.163518	0.320495	0.473661	0.610801	0.714845	0.771508	0.778917	0.750399	0.701679	0.646497	0.599143	0.562739	0.538512	0.511913	0.479684	0.435273	0.377672	0.303741	0.213586	0.120261	0.0301228	-0.0451346	-0.0922331	-0.1004	-0.0621348	0.020883	0.144935	0.289615	0.436679	0.559138	0.633069	0.652299	0.616062	0.517907	0.378619	0.213307	0.0571482	-0.0673688	-0.150431	-0.184499	-0.163156	-0.10768	-0.0372789	0.0395719	0.123087	0.195081	0.244817	0.288166	0.337228	0.402582	0.476145	0.540865	0.591098	0.62186	0.643394	0.652302	0.631586	0.576179	0.472757	0.328691	0.155807	-0.0355049	-0.232366	-0.411004	-0.544705	-0.614931	-0.613211	-0.538328	-0.396964	-0.20882	0.0011878	0.202602	0.3745	0.484534	0.523126	0.504738	0.435123	0.335631	0.233775	0.146933	0.0789386	0.0325151	0	
0	-0.00527562	-0.00891411	-0.00136899	0.0250664	0.0578513	0.074421	0.0596441	0.0203655	-0.0325798	-0.089692	-0.145206	-0.185921	-0.197239	-0.175406	-0.119692	-0.0356976	0.0768342	0.207816	0.353789	0.496479	0.616763	0.696432	0.724077	0.703859	0.661141	0.615314	0.570019	0.524255	0.491294	0.458642	0.422311	0.371213	0.304043	0.218674	0.120261	0.0188327	-0.0724256	-0.147347	-0.197057	-0.203683	-0.15442	-0.0601356	0.0718968	0.226344	0.376551	0.487835	0.551898	0.569941	0.534047	0.445425	0.315139	0.161034	0.017422	-0.0959899	-0.163996	-0.171007	-0.127078	-0.056973	0.0294862	0.122126	0.21961	0.301528	0.362296	0.415034	0.473414	0.54873	0.633309	0.707447	0.76342	0.795894	0.814525	0.820761	0.799687	0.746471	0.650152	0.515023	0.348758	0.152513	-0.0624353	-0.266144	-0.433546	-0.540663	-0.573548	-0.523663	-0.403843	-0.238006	-0.0357669	0.165297	0.33548	0.453793	0.506598	0.498734	0.442524	0.353296	0.25507	0.170534	0.0963485	0.03958	0	
0	-0.00554682	-0.00203612	0.00845909	0.0314341	0.0576469	0.0755986	0.0586575	0.0141672	-0.0453366	-0.103857	-0.155681	-0.191692	-0.199536	-0.183996	-0.147011	-0.0940534	-0.014561	0.0921148	0.223247	0.36149	0.489366	0.589475	0.637866	0.634078	0.607233	0.575652	0.530646	0.475952	0.428506	0.382939	0.341162	0.293726	0.226763	0.135395	0.0301228	-0.0724256	-0.169116	-0.250419	-0.302983	-0.296018	-0.226995	-0.117746	0.0337917	0.208352	0.365311	0.477363	0.53819	0.543104	0.497546	0.406171	0.27981	0.135043	0.00549793	-0.0932976	-0.138782	-0.125293	-0.0733381	0.00285324	0.0983301	0.204711	0.316713	0.406906	0.471793	0.525858	0.578446	0.650683	0.740423	0.818658	0.880152	0.91618	0.937437	0.946572	0.929608	0.889212	0.808776	0.691142	0.538918	0.340448	0.114828	-0.103558	-0.293789	-0.423769	-0.476956	-0.45165	-0.360111	-0.215034	-0.0249537	0.170721	0.34369	0.474367	0.546313	0.546461	0.492683	0.412505	0.312894	0.214394	0.129069	0.0607702	0	
0	-0.00407337	0.00192926	0.0137675	0.0284708	0.0465455	0.0544932	0.0333805	-0.0124303	-0.0667054	-0.116322	-0.158624	-0.188663	-0.20071	-0.19899	-0.184538	-0.158434	-0.100817	-0.0133034	0.101352	0.224402	0.349984	0.46067	0.529459	0.550891	0.547576	0.531372	0.489599	0.424566	0.3563	0.292782	0.250329	0.212829	0.149471	0.0560508	-0.0451346	-0.147347	-0.250419	-0.33482	-0.374642	-0.341994	-0.252051	-0.118768	0.057486	0.249506	0.418112	0.538181	0.588818	0.577384	0.514667	0.413073	0.283837	0.148066	0.0308461	-0.052393	-0.0787109	-0.0509034	0.00308563	0.0775083	0.175652	0.282385	0.397643	0.492914	0.561841	0.611667	0.652982	0.717652	0.797773	0.868168	0.93054	0.972	1.0042	1.03073	1.031	1.00516	0.943392	0.840069	0.696432	0.505909	0.287642	0.0714106	-0.126668	-0.266143	-0.338031	-0.341662	-0.274015	-0.146379	0.0304512	0.22125	0.403214	0.546096	0.624474	0.637002	0.594559	0.513537	0.40776	0.295483	0.190512	0.0975377	0	
0	-0.00570818	-0.00309677	0.00319086	0.0121457	0.0215653	0.0195753	-0.00498664	-0.0427055	-0.0800936	-0.113824	-0.142733	-0.1688	-0.188689	-0.205463	-0.215525	-0.210635	-0.171553	-0.100954	-0.00822645	0.0959231	0.210541	0.320951	0.405354	0.452176	0.471094	0.469837	0.434127	0.366112	0.286364	0.219299	0.182864	0.151475	0.0917876	0.00410934	-0.0922331	-0.197057	-0.302983	-0.374642	-0.387979	-0.331513	-0.214212	-0.0517646	0.145836	0.352888	0.536217	0.661441	0.703789	0.671654	0.589139	0.466675	0.329791	0.199991	0.0929241	0.0287119	0.0166745	0.0466182	0.0991536	0.167398	0.255097	0.356996	0.465506	0.557236	0.624064	0.668164	0.702237	0.75284	0.81791	0.874274	0.925599	0.973067	1.022	1.06548	1.08482	1.07712	1.02876	0.937836	0.810783	0.639594	0.442494	0.243532	0.0586405	-0.0806083	-0.165859	-0.188837	-0.147048	-0.0379533	0.123761	0.307213	0.49455	0.638737	0.721495	0.747032	0.714446	0.634213	0.525487	0.406691	0.2737	0.134966	0	
0	-0.012276	-0.0202242	-0.0233753	-0.0191422	-0.0119247	-0.0163695	-0.0366936	-0.0577622	-0.0748172	-0.0913495	-0.110618	-0.132768	-0.159208	-0.192705	-0.224344	-0.242097	-0.223908	-0.17718	-0.105261	-0.0151686	0.0891765	0.195812	0.289629	0.357557	0.392234	0.403379	0.379452	0.322366	0.252238	0.195986	0.162066	0.130659	0.0761722	-0.00550523	-0.1004	-0.203683	-0.296018	-0.341994	-0.331513	-0.248634	-0.105552	0.0794592	0.290015	0.51016	0.705827	0.833562	0.869449	0.825377	0.718604	0.577134	0.430236	0.292316	0.185193	0.128735	0.114848	0.13734	0.187743	0.250755	0.331248	0.424226	0.518074	0.60329	0.660711	0.691593	0.720164	0.758919	0.804647	0.847847	0.891713	0.941004	0.999893	1.05447	1.08997	1.09441	1.06581	1.00046	0.894614	0.754887	0.583978	0.399611	0.228893	0.0918099	-0.00124963	-0.0342669	-0.00772057	0.0854378	0.237595	0.413984	0.590844	0.734847	0.822834	0.849805	0.825048	0.748943	0.637894	0.508245	0.347203	0.173508	0	
0	-0.0274176	-0.0515608	-0.0664035	-0.0664764	-0.0547966	-0.0525448	-0.0585446	-0.0612194	-0.0569579	-0.0609326	-0.0720115	-0.0905634	-0.11827	-0.160922	-0.209488	-0.24787	-0.256949	-0.236194	-0.181834	-0.0989095	-0.000617997	0.100916	0.20186	0.284277	0.333484	0.360156	0.357846	0.325026	0.279682	0.237863	0.202733	0.165415	0.111403	0.030418	-0.0621348	-0.15442	-0.226995	-0.252051	-0.214212	-0.105552	0.0605802	0.262344	0.487034	0.718669	0.916388	1.03909	1.07074	1.01036	0.881839	0.72648	0.55986	0.407603	0.293211	0.221688	0.190316	0.204102	0.248124	0.308694	0.382552	0.468848	0.557249	0.631239	0.679897	0.704586	0.724604	0.747079	0.774764	0.802448	0.835774	0.885931	0.95041	1.0117	1.05731	1.07891	1.07284	1.03263	0.95761	0.845641	0.69316	0.520713	0.35881	0.225063	0.123283	0.0821241	0.105532	0.183486	0.321316	0.492493	0.660368	0.805428	0.903431	0.933631	0.91564	0.850611	0.734662	0.587008	0.409598	0.21144	0	
0	-0.0497085	-0.0897756	-0.113385	-0.11436	-0.0964063	-0.0803073	-0.0691547	-0.0505215	-0.0255437	-0.0136437	-0.017013	-0.0326318	-0.061544	-0.109422	-0.167066	-0.22125	-0.2547	-0.258131	-0.220657	-0.146991	-0.0579858	0.038467	0.1439	0.240867	0.312602	0.364928	0.390838	0.38653	0.368074	0.339941	0.296837	0.246567	0.186045	0.106524	0.020883	-0.0601356	-0.117746	-0.118768	-0.0517646	0.0794592	0.262344	0.481867	0.723559	0.957057	1.14352	1.25769	1.27734	1.20347	1.06456	0.893405	0.703734	0.526228	0.39352	0.303147	0.250109	0.246693	0.282134	0.34063	0.411263	0.495655	0.585976	0.652308	0.691023	0.710249	0.719488	0.728667	0.739972	0.751259	0.774816	0.816154	0.874205	0.938352	0.991255	1.029	1.0455	1.03178	0.98432	0.891932	0.755797	0.597688	0.440422	0.30233	0.194025	0.140645	0.146626	0.207449	0.338598	0.511647	0.682285	0.833258	0.941385	0.987654	0.979919	0.92183	0.80691	0.64994	0.461115	0.238457	0	
