0	0	0	0	0	0	0	0	0	0	0	0	0	0	0	0	0	0	0	0	0	0	0	0	0	0	0	0	0	0	0	0	0	0	0	0	0	0	0	0	0	0	0	0	0	0	0	0	0	0	0	0	0	0	0	0	0	0	0	0	0	0	0	0	0	0	0	0	0	0	0	0	0	0	0	0	0	0	0	0	0	0	0	0	0	0	0	0	0	0	0	0	0	0	0	0	0	0	0	0	
0	-0.0347611	-0.0785722	-0.126564	-0.165438	-0.18169	-0.173032	-0.142488	-0.097634	-0.0403464	0.0267941	0.098784	0.165774	0.218902	0.257054	0.283406	0.300928	0.305865	0.294999	0.266464	0.224196	0.173237	0.119055	0.0695453	0.0329651	0.0129604	0.0050129	0.00576952	0.00596397	-0.00270311	-0.0285468	-0.0706438	-0.118886	-0.161279	-0.194905	-0.216924	-0.221958	-0.203647	-0.163935	-0.104068	-0.0348541	0.033644	0.0919988	0.136322	0.168333	0.193297	0.207229	0.204816	0.180981	0.138093	0.0841622	0.0261743	-0.0289311	-0.0726095	-0.0969888	-0.100546	-0.0854654	-0.0589805	-0.0332968	-0.012104	0.0104194	0.0378913	0.0685132	0.0957403	0.114005	0.122503	0.123273	0.119456	0.110532	0.0903784	0.0592484	0.0182465	-0.0292698	-0.0795181	-0.130079	-0.175535	-0.212359	-0.239988	-0.25661	-0.263526	-0.260041	-0.244189	-0.219504	-0.187889	-0.152557	-0.114384	-0.0734993	-0.0285383	0.0198319	0.0657391	0.10494	0.133121	0.151028	0.160646	0.16326	0.158102	0.14022	0.106987	0.058398	0	
0	-0.0785722	-0.160901	-0.241194	-0.302828	-0.334308	-0.322231	-0.267605	-0.175962	-0.0605825	0.0694188	0.203097	0.327201	0.428863	0.501983	0.550164	0.577764	0.581783	0.558967	0.504148	0.423898	0.326847	0.227065	0.140278	0.0801991	0.0472183	0.0299831	0.0224016	0.0152562	-0.00405999	-0.0492465	-0.124506	-0.214447	-0.297892	-0.363887	-0.404428	-0.403317	-0.357281	-0.273249	-0.161841	-0.0406245	0.0776459	0.181426	0.262948	0.323461	0.364717	0.381339	0.366802	0.314589	0.23425	0.137385	0.0373632	-0.0545371	-0.12398	-0.162725	-0.170569	-0.155525	-0.121404	-0.0792821	-0.0358371	0.0117192	0.0628495	0.116361	0.164618	0.201937	0.222672	0.223276	0.209969	0.184493	0.14233	0.0864309	0.016127	-0.0668522	-0.155337	-0.241921	-0.323043	-0.392426	-0.448507	-0.483313	-0.493373	-0.481884	-0.44683	-0.397512	-0.338431	-0.275421	-0.207313	-0.133162	-0.0570905	0.0216256	0.0948918	0.15972	0.215997	0.259217	0.286886	0.297289	0.284054	0.244459	0.180923	0.0957001	0	
0	-0.126564	-0.241194	-0.332537	-0.399708	-0.434541	-0.423519	-0.347842	-0.21514	-0.0436506	0.141283	0.324263	0.491641	0.62914	0.729273	0.79092	0.81975	0.813082	0.770413	0.688285	0.575156	0.444225	0.31314	0.203451	0.130209	0.0903956	0.0630462	0.0438223	0.0228001	-0.00840765	-0.0693679	-0.166648	-0.284443	-0.394558	-0.483112	-0.532061	-0.522517	-0.446868	-0.327864	-0.179745	-0.0260834	0.12371	0.259347	0.370263	0.448298	0.495997	0.504164	0.471734	0.397795	0.291169	0.167653	0.0409295	-0.0718728	-0.152597	-0.194159	-0.207592	-0.197734	-0.161825	-0.108502	-0.0443354	0.0267888	0.0942242	0.153411	0.205754	0.250703	0.2794	0.279592	0.253093	0.20873	0.144981	0.0679115	-0.0247477	-0.129866	-0.238555	-0.34598	-0.444761	-0.531595	-0.603375	-0.645246	-0.65293	-0.627804	-0.575429	-0.51331	-0.443723	-0.366973	-0.280273	-0.188017	-0.0945524	-0.00250624	0.0817936	0.161837	0.235032	0.298956	0.344652	0.362202	0.346836	0.294927	0.214131	0.112606	0	
0	-0.165438	-0.302828	-0.399708	-0.457029	-0.484636	-0.461631	-0.370182	-0.205233	0.006189	0.234844	0.455303	0.650951	0.809072	0.921783	0.988852	1.01128	0.985132	0.915077	0.804264	0.669508	0.522336	0.37816	0.256427	0.175764	0.13151	0.0986541	0.0677922	0.0312496	-0.0193712	-0.0987598	-0.212501	-0.341262	-0.457566	-0.548805	-0.601001	-0.58356	-0.49383	-0.353192	-0.183414	-0.00855871	0.163687	0.321967	0.448701	0.533746	0.574942	0.570729	0.526348	0.439924	0.324158	0.187799	0.0476172	-0.077066	-0.162836	-0.205886	-0.217691	-0.209031	-0.16727	-0.0955899	-0.00913345	0.0761255	0.142425	0.19238	0.233453	0.272016	0.296561	0.2882	0.249172	0.186088	0.100094	0.0035913	-0.101565	-0.213836	-0.326895	-0.435816	-0.539759	-0.628599	-0.695954	-0.726047	-0.718692	-0.68908	-0.639239	-0.582286	-0.516628	-0.443163	-0.357151	-0.259925	-0.161329	-0.0599101	0.0346624	0.121799	0.204148	0.274406	0.325751	0.354118	0.348514	0.304748	0.227982	0.120997	0	
0	-0.18169	-0.334308	-0.434541	-0.484636	-0.489956	-0.446548	-0.333552	-0.153588	0.0774035	0.327267	0.569286	0.780532	0.945999	1.0613	1.12468	1.13612	1.08985	0.996398	0.868284	0.726087	0.579146	0.43479	0.311301	0.229102	0.18513	0.145885	0.101389	0.0414891	-0.0326801	-0.131026	-0.252664	-0.378293	-0.483757	-0.56791	-0.616033	-0.599621	-0.503969	-0.357673	-0.177702	0.00926083	0.195211	0.366208	0.501173	0.5831	0.617093	0.600675	0.543237	0.44829	0.324872	0.187826	0.04986	-0.0704573	-0.152842	-0.192582	-0.205952	-0.193574	-0.141645	-0.0602877	0.0329968	0.122684	0.191066	0.234624	0.262461	0.2819	0.285671	0.258713	0.203103	0.126387	0.0261021	-0.0814598	-0.19037	-0.296193	-0.396371	-0.494734	-0.586365	-0.662578	-0.718904	-0.742207	-0.736826	-0.710108	-0.665243	-0.618304	-0.566155	-0.508307	-0.437891	-0.355546	-0.262231	-0.158414	-0.0570768	0.0399149	0.126306	0.201726	0.262408	0.302624	0.316131	0.290073	0.224277	0.123166	0	
0	-0.173032	-0.322231	-0.423519	-0.461631	-0.446548	-0.371907	-0.23806	-0.0465948	0.181511	0.427418	0.666965	0.878075	1.04189	1.14906	1.19894	1.19318	1.13098	1.02669	0.893056	0.751231	0.607984	0.470745	0.356156	0.284039	0.243401	0.195901	0.130605	0.0481462	-0.0433456	-0.148132	-0.265949	-0.3799	-0.470886	-0.541808	-0.586706	-0.568118	-0.476399	-0.333068	-0.156308	0.0295482	0.217513	0.390439	0.523123	0.601588	0.627734	0.602983	0.537514	0.432655	0.309156	0.180076	0.0600267	-0.0433422	-0.115437	-0.154836	-0.168112	-0.157173	-0.103933	-0.0202097	0.0709751	0.154709	0.21567	0.254886	0.272942	0.274413	0.25326	0.200131	0.124569	0.035086	-0.0691097	-0.172582	-0.270084	-0.361137	-0.444771	-0.520346	-0.589608	-0.647471	-0.694853	-0.717752	-0.715261	-0.698123	-0.66299	-0.626318	-0.5906	-0.556929	-0.513506	-0.452658	-0.377426	-0.284789	-0.188855	-0.0952079	-0.00165454	0.0870858	0.164335	0.226476	0.257726	0.247086	0.1969	0.108154	0	
0	-0.142488	-0.267605	-0.347842	-0.370182	-0.333552	-0.23806	-0.081642	0.115226	0.33179	0.550914	0.764515	0.955876	1.10371	1.19326	1.22367	1.20349	1.13522	1.02967	0.89424	0.749536	0.608756	0.482339	0.384433	0.324653	0.285	0.223336	0.140566	0.0468531	-0.0431726	-0.137383	-0.240182	-0.33603	-0.405782	-0.459171	-0.492205	-0.476308	-0.394359	-0.269333	-0.109832	0.0639049	0.242566	0.406223	0.528446	0.594108	0.613225	0.584872	0.517108	0.416227	0.300267	0.189556	0.0894083	0.00147044	-0.0640984	-0.100915	-0.117162	-0.108296	-0.0604015	0.0102747	0.0843732	0.152648	0.204604	0.232513	0.237551	0.223896	0.185312	0.113301	0.0236934	-0.067401	-0.161498	-0.247712	-0.32973	-0.407712	-0.474749	-0.528703	-0.572487	-0.609588	-0.647015	-0.669754	-0.671087	-0.653011	-0.621096	-0.599671	-0.588138	-0.582629	-0.565943	-0.532248	-0.482761	-0.41639	-0.344059	-0.261524	-0.168879	-0.0682917	0.0293367	0.110286	0.162462	0.171883	0.141878	0.0806089	0	
0	-0.097634	-0.175962	-0.21514	-0.205233	-0.153588	-0.0465948	0.115226	0.312317	0.509318	0.694393	0.864644	1.01427	1.12541	1.18679	1.20169	1.17882	1.11497	1.01107	0.871866	0.724201	0.589415	0.478713	0.396759	0.345445	0.301661	0.229967	0.139584	0.048778	-0.0288218	-0.107303	-0.191468	-0.264973	-0.307783	-0.333344	-0.351181	-0.332201	-0.262801	-0.156016	-0.0152212	0.140857	0.301565	0.441714	0.535303	0.575039	0.574743	0.540122	0.481038	0.397088	0.306339	0.216047	0.131405	0.0509261	-0.0108235	-0.047327	-0.0649067	-0.0672398	-0.0374085	0.0132784	0.0667204	0.112866	0.138977	0.147382	0.141081	0.123973	0.0842284	0.0112351	-0.078714	-0.163655	-0.24072	-0.306506	-0.366798	-0.42341	-0.471575	-0.508509	-0.540257	-0.570407	-0.599801	-0.608199	-0.594836	-0.575715	-0.556512	-0.555528	-0.569308	-0.589876	-0.60124	-0.597777	-0.582106	-0.547702	-0.498596	-0.433582	-0.346705	-0.241622	-0.132505	-0.0283495	0.0509114	0.0900473	0.0912676	0.0554686	0	
0	-0.0403464	-0.0605825	-0.0436506	0.006189	0.0774035	0.181511	0.33179	0.509318	0.68199	0.829694	0.950567	1.04158	1.10094	1.13016	1.13728	1.12184	1.0679	0.969716	0.834175	0.693535	0.570301	0.470939	0.396341	0.346167	0.300955	0.226603	0.135995	0.0503961	-0.0177392	-0.0808622	-0.144939	-0.19136	-0.20262	-0.199338	-0.194575	-0.164928	-0.0924551	0.00929544	0.136487	0.272205	0.402702	0.506123	0.560482	0.562848	0.535513	0.488945	0.433643	0.37053	0.304271	0.237681	0.165932	0.0915332	0.034064	0.00103425	-0.0245824	-0.0476626	-0.0486748	-0.0292197	-0.00207987	0.0205158	0.0298658	0.0227017	0.00798485	-0.0071711	-0.0366607	-0.096329	-0.168192	-0.234038	-0.29471	-0.341706	-0.378752	-0.408315	-0.432213	-0.455767	-0.486463	-0.516038	-0.538862	-0.54058	-0.523857	-0.50569	-0.4959	-0.51111	-0.544979	-0.592262	-0.635683	-0.666617	-0.681641	-0.671857	-0.642317	-0.587466	-0.504467	-0.396181	-0.273144	-0.149025	-0.0411888	0.0281734	0.0534785	0.0398595	0	
0	0.0267941	0.0694188	0.141283	0.234844	0.327267	0.427418	0.550914	0.694393	0.829694	0.937083	1.00496	1.03732	1.04553	1.0456	1.04363	1.0301	0.98453	0.90023	0.785199	0.663837	0.551573	0.453443	0.374918	0.324425	0.282355	0.212031	0.122664	0.0368856	-0.025619	-0.0765074	-0.117973	-0.136879	-0.119501	-0.0873064	-0.0551962	0.00244003	0.0982964	0.211391	0.331272	0.439446	0.530228	0.588907	0.600796	0.566227	0.508474	0.444206	0.389146	0.340329	0.296489	0.246862	0.188935	0.125124	0.0729903	0.0341221	-0.00933809	-0.0610562	-0.0924857	-0.100091	-0.0963082	-0.0934894	-0.103187	-0.120072	-0.135462	-0.14395	-0.15916	-0.193198	-0.239203	-0.284261	-0.326024	-0.356527	-0.370551	-0.37306	-0.376501	-0.39014	-0.414989	-0.443011	-0.466216	-0.468323	-0.457072	-0.448448	-0.450452	-0.480536	-0.537597	-0.612973	-0.68496	-0.740447	-0.774223	-0.778253	-0.754308	-0.70378	-0.620515	-0.50308	-0.366528	-0.222904	-0.0969785	-0.0123172	0.0285305	0.0268578	0	
0	0.098784	0.203097	0.324263	0.455303	0.569286	0.666965	0.764515	0.864644	0.950567	1.00496	1.02187	1.00698	0.979503	0.953191	0.933056	0.910772	0.8723	0.812952	0.731103	0.636998	0.53668	0.435969	0.350348	0.295113	0.254236	0.187834	0.0992591	0.014929	-0.0450035	-0.084301	-0.107382	-0.102343	-0.0594464	0.0011505	0.0679135	0.164668	0.295597	0.429409	0.543875	0.625452	0.674986	0.689518	0.660019	0.589688	0.503786	0.422323	0.36077	0.316562	0.28255	0.249023	0.206289	0.152901	0.102258	0.052533	-0.0136187	-0.09244	-0.152113	-0.18492	-0.204752	-0.225055	-0.246122	-0.267711	-0.282049	-0.281108	-0.276353	-0.285776	-0.302443	-0.320074	-0.33913	-0.346733	-0.342559	-0.333498	-0.327928	-0.327754	-0.338956	-0.356617	-0.379661	-0.396407	-0.399491	-0.401394	-0.416358	-0.464898	-0.546526	-0.648746	-0.743439	-0.812232	-0.850393	-0.854381	-0.830981	-0.776205	-0.682917	-0.554345	-0.404754	-0.252286	-0.119085	-0.027972	0.0159003	0.0209409	0	
0	0.165774	0.327201	0.491641	0.650951	0.780532	0.878075	0.955876	1.01427	1.04158	1.03732	1.00698	0.961085	0.907732	0.855451	0.811977	0.78019	0.753943	0.721891	0.674035	0.609272	0.528341	0.434933	0.344852	0.280932	0.23348	0.166691	0.081794	0.000245849	-0.0551914	-0.0887963	-0.0996474	-0.0778306	-0.0142466	0.0733453	0.175963	0.313328	0.482784	0.641158	0.758932	0.822193	0.837957	0.810541	0.739949	0.63491	0.522867	0.425222	0.353832	0.304436	0.270137	0.24283	0.216401	0.180948	0.134018	0.0702037	-0.0195863	-0.12373	-0.209135	-0.271277	-0.321909	-0.367176	-0.407097	-0.434166	-0.43927	-0.419068	-0.391223	-0.373088	-0.365788	-0.358217	-0.344793	-0.3268	-0.307422	-0.291783	-0.28017	-0.270805	-0.269257	-0.283007	-0.310109	-0.330837	-0.342953	-0.356567	-0.388865	-0.458786	-0.561532	-0.679757	-0.784087	-0.859287	-0.901712	-0.905872	-0.871702	-0.80282	-0.696902	-0.555496	-0.397538	-0.238923	-0.103385	-0.0136997	0.0281959	0.0274397	0	
0	0.218902	0.428863	0.62914	0.809072	0.945999	1.04189	1.10371	1.12541	1.10094	1.04553	0.979503	0.907732	0.829859	0.75193	0.692366	0.662256	0.652031	0.642992	0.619743	0.580285	0.522314	0.442741	0.355004	0.283426	0.226595	0.156855	0.0724008	-0.00433555	-0.0563339	-0.0840208	-0.0871063	-0.0543664	0.0222858	0.129332	0.259393	0.43096	0.633223	0.818942	0.948976	1.00795	1.00182	0.939918	0.831231	0.695391	0.563046	0.451687	0.367286	0.304621	0.264121	0.245173	0.235491	0.214582	0.173794	0.103439	-0.00448368	-0.135987	-0.257346	-0.355386	-0.438432	-0.512414	-0.568182	-0.598601	-0.595184	-0.556623	-0.505431	-0.467259	-0.436057	-0.398931	-0.35729	-0.31646	-0.284692	-0.261163	-0.242435	-0.226937	-0.226089	-0.24159	-0.26647	-0.288126	-0.301548	-0.32453	-0.372355	-0.452905	-0.56078	-0.679627	-0.786554	-0.864862	-0.906505	-0.906652	-0.867727	-0.789608	-0.669655	-0.516436	-0.348442	-0.185451	-0.0502297	0.0351884	0.0644773	0.0473529	0	
0	0.257054	0.501983	0.729273	0.921783	1.0613	1.14906	1.19326	1.18679	1.13016	1.0456	0.953191	0.855451	0.75193	0.657124	0.595452	0.575515	0.582916	0.591505	0.585628	0.561126	0.516389	0.448985	0.370169	0.301342	0.241145	0.166537	0.0796226	0.00317177	-0.0453928	-0.0688229	-0.067075	-0.0293124	0.0534552	0.170811	0.31941	0.511877	0.736409	0.943899	1.09028	1.15681	1.14318	1.06041	0.926305	0.769822	0.623125	0.503347	0.41003	0.341732	0.298361	0.281629	0.278393	0.265256	0.224241	0.145297	0.0213288	-0.135045	-0.290462	-0.426558	-0.542842	-0.640386	-0.712539	-0.748181	-0.737029	-0.685368	-0.621871	-0.565923	-0.514419	-0.457376	-0.39652	-0.341295	-0.292598	-0.250804	-0.219559	-0.20592	-0.214052	-0.23737	-0.26229	-0.278082	-0.291756	-0.314945	-0.36195	-0.44082	-0.543824	-0.655419	-0.750163	-0.814206	-0.845569	-0.839182	-0.793316	-0.710247	-0.588479	-0.432312	-0.261003	-0.0969127	0.0334216	0.105944	0.116312	0.0744983	0	
0	0.283406	0.550164	0.79092	0.988852	1.12468	1.19894	1.22367	1.20169	1.13728	1.04363	0.933056	0.811977	0.692366	0.595452	0.540047	0.530772	0.55043	0.572509	0.574859	0.551353	0.506055	0.445426	0.381194	0.326129	0.271851	0.199508	0.11245	0.0374838	-0.0105296	-0.0350485	-0.0366252	-0.00214685	0.0785989	0.199785	0.355954	0.556064	0.786412	1.00371	1.16541	1.24818	1.24592	1.16524	1.02664	0.864367	0.712484	0.587014	0.491777	0.424113	0.384267	0.367139	0.354637	0.3273	0.275741	0.188078	0.050569	-0.128002	-0.313943	-0.479446	-0.621993	-0.740968	-0.825383	-0.864175	-0.854307	-0.805495	-0.740034	-0.675575	-0.609981	-0.539787	-0.470158	-0.402991	-0.337191	-0.277296	-0.236545	-0.222448	-0.232836	-0.258639	-0.286058	-0.305692	-0.314177	-0.325734	-0.358541	-0.420344	-0.50755	-0.599557	-0.674255	-0.717266	-0.724706	-0.699775	-0.645852	-0.561799	-0.441827	-0.29025	-0.124863	0.0296627	0.145408	0.198672	0.182559	0.108658	0	
0	0.300928	0.577764	0.81975	1.01128	1.13612	1.19318	1.20349	1.17882	1.12184	1.0301	0.910772	0.78019	0.662256	0.575515	0.530772	0.527836	0.552521	0.575713	0.574008	0.541731	0.492425	0.437946	0.390266	0.352219	0.311533	0.249968	0.170825	0.100766	0.0513827	0.0199771	0.00616927	0.0279986	0.100075	0.217626	0.375216	0.572341	0.795512	1.01128	1.17977	1.28132	1.30285	1.24671	1.12842	0.979604	0.831282	0.707327	0.613787	0.552128	0.510385	0.479121	0.441952	0.390716	0.31928	0.2169	0.0694714	-0.118212	-0.317775	-0.503792	-0.668529	-0.80762	-0.907859	-0.958929	-0.958607	-0.917808	-0.8562	-0.78827	-0.718354	-0.646233	-0.571254	-0.490588	-0.408933	-0.339939	-0.293583	-0.274876	-0.282029	-0.30823	-0.337263	-0.35395	-0.352566	-0.343995	-0.351201	-0.387418	-0.448282	-0.515533	-0.564093	-0.578749	-0.561357	-0.514392	-0.442785	-0.347883	-0.227654	-0.0869967	0.0609798	0.191101	0.277305	0.298568	0.249	0.141772	0	
0	0.305865	0.581783	0.813082	0.985132	1.08985	1.13098	1.13522	1.11497	1.0679	0.98453	0.8723	0.753943	0.652031	0.582916	0.55043	0.552521	0.569123	0.574955	0.553074	0.509577	0.459005	0.415117	0.384092	0.36591	0.343215	0.299978	0.23754	0.178889	0.13325	0.0956969	0.0668812	0.0702302	0.122464	0.224835	0.370768	0.554989	0.764928	0.97232	1.14552	1.26478	1.31783	1.29988	1.21736	1.09377	0.958036	0.836486	0.744882	0.68041	0.628428	0.57483	0.508306	0.431523	0.34262	0.23039	0.0797955	-0.104875	-0.302959	-0.493216	-0.673508	-0.832322	-0.955588	-1.02801	-1.04638	-1.01957	-0.963578	-0.897708	-0.829968	-0.756016	-0.671856	-0.582328	-0.499371	-0.433447	-0.387379	-0.3641	-0.362051	-0.380006	-0.399209	-0.400195	-0.377692	-0.345238	-0.325702	-0.331008	-0.360663	-0.396919	-0.41918	-0.412844	-0.374788	-0.309359	-0.222487	-0.115702	0.00916896	0.143754	0.272768	0.372821	0.421743	0.404743	0.319043	0.17529	0	
0	0.294999	0.558967	0.770413	0.915077	0.996398	1.02669	1.02967	1.01107	0.969716	0.90023	0.812952	0.721891	0.642992	0.591505	0.572509	0.575713	0.574955	0.550274	0.502999	0.446914	0.4009	0.370955	0.363778	0.369065	0.369359	0.350388	0.310517	0.269174	0.229949	0.190782	0.152571	0.137727	0.164191	0.234672	0.352304	0.513748	0.706957	0.90951	1.0877	1.22512	1.30773	1.32638	1.27816	1.18	1.05703	0.940676	0.845715	0.77102	0.698236	0.620631	0.53258	0.440181	0.34128	0.224292	0.080114	-0.0877239	-0.267889	-0.451503	-0.635637	-0.812812	-0.965548	-1.07095	-1.11493	-1.10261	-1.05412	-0.993777	-0.928397	-0.850059	-0.762374	-0.671163	-0.593205	-0.533778	-0.487398	-0.460891	-0.453276	-0.455964	-0.447478	-0.417383	-0.365447	-0.306953	-0.262228	-0.244046	-0.250515	-0.262582	-0.262647	-0.237842	-0.18774	-0.113232	-0.0198628	0.0931117	0.220086	0.346569	0.461031	0.537924	0.557731	0.509261	0.388878	0.210289	0	
0	0.266464	0.504148	0.688285	0.804264	0.868284	0.893056	0.89424	0.871866	0.834175	0.785199	0.731103	0.674035	0.619743	0.585628	0.574859	0.574008	0.553074	0.502999	0.431527	0.364996	0.319872	0.307962	0.32558	0.360313	0.391929	0.40781	0.399621	0.375955	0.343184	0.306748	0.26588	0.239062	0.23352	0.260135	0.335694	0.465508	0.64199	0.839732	1.02555	1.17839	1.28343	1.32691	1.29944	1.21498	1.09809	0.978644	0.874513	0.782306	0.692121	0.602762	0.510183	0.420097	0.32205	0.20846	0.0769133	-0.0681665	-0.224256	-0.386544	-0.563675	-0.746151	-0.921929	-1.05723	-1.1282	-1.13962	-1.11058	-1.0625	-0.999175	-0.919437	-0.832823	-0.750506	-0.680559	-0.622801	-0.574075	-0.542867	-0.521267	-0.498786	-0.459634	-0.395497	-0.313433	-0.229662	-0.166044	-0.134525	-0.126236	-0.123087	-0.109119	-0.0758467	-0.0234054	0.0489832	0.134945	0.237893	0.353755	0.471788	0.581147	0.653608	0.66287	0.596211	0.452408	0.242138	0	
0	0.224196	0.423898	0.575156	0.669508	0.726087	0.751231	0.749536	0.724201	0.693535	0.663837	0.636998	0.609272	0.580285	0.561126	0.551353	0.541731	0.509577	0.446914	0.364996	0.289119	0.247415	0.246644	0.288291	0.354662	0.427904	0.488338	0.513658	0.506123	0.477758	0.441952	0.398824	0.35556	0.318862	0.30308	0.340404	0.442323	0.600143	0.790425	0.977932	1.13741	1.25095	1.29996	1.27404	1.18862	1.06844	0.94093	0.82157	0.714024	0.616188	0.531637	0.452076	0.375014	0.292376	0.19495	0.0826915	-0.0380709	-0.165023	-0.303903	-0.461281	-0.636386	-0.817733	-0.967195	-1.06051	-1.10238	-1.10474	-1.07957	-1.03095	-0.961188	-0.890268	-0.815489	-0.744316	-0.680017	-0.620573	-0.577361	-0.537789	-0.492851	-0.428929	-0.341067	-0.235878	-0.135663	-0.0600755	-0.019917	-0.00692363	0.000232411	0.01175	0.0401773	0.08977	0.155082	0.224941	0.309296	0.410285	0.519186	0.627031	0.699412	0.707283	0.63656	0.482637	0.258383	0	
0	0.173237	0.326847	0.444225	0.522336	0.579146	0.607984	0.608756	0.589415	0.570301	0.551573	0.53668	0.528341	0.522314	0.516389	0.506055	0.492425	0.459005	0.4009	0.319872	0.247415	0.206111	0.214341	0.275083	0.376369	0.491729	0.5916	0.647712	0.657447	0.633217	0.59306	0.533488	0.468774	0.40366	0.359705	0.371817	0.450944	0.590167	0.76787	0.949843	1.10362	1.20611	1.24018	1.19886	1.10327	0.975731	0.837016	0.703904	0.583056	0.482746	0.409463	0.349996	0.301193	0.246837	0.179678	0.100986	0.0133986	-0.085596	-0.196293	-0.331595	-0.485295	-0.651495	-0.797775	-0.905173	-0.978918	-1.01907	-1.02884	-1.00749	-0.964131	-0.9106	-0.840348	-0.763162	-0.690106	-0.62013	-0.560763	-0.504333	-0.443414	-0.367612	-0.26752	-0.153548	-0.0471965	0.0346752	0.077624	0.0877529	0.0790383	0.0749484	0.0915342	0.125858	0.176962	0.23576	0.316495	0.41614	0.519808	0.620664	0.687315	0.691144	0.621153	0.473035	0.252709	0	
0	0.119055	0.227065	0.31314	0.37816	0.43479	0.470745	0.482339	0.478713	0.470939	0.453443	0.435969	0.434933	0.442741	0.448985	0.445426	0.437946	0.415117	0.370955	0.307962	0.246644	0.214341	0.232977	0.318434	0.449807	0.592024	0.714485	0.792579	0.816516	0.793632	0.738642	0.658778	0.571046	0.488162	0.427588	0.423493	0.486074	0.609362	0.773722	0.943412	1.07581	1.14817	1.14824	1.08044	0.969206	0.83207	0.681319	0.53359	0.404651	0.308672	0.248668	0.210457	0.189172	0.174497	0.150654	0.112104	0.063656	0.00655071	-0.0717562	-0.175584	-0.29726	-0.437916	-0.57261	-0.68939	-0.789383	-0.862883	-0.905847	-0.920512	-0.904208	-0.866223	-0.797324	-0.718218	-0.643436	-0.567092	-0.501454	-0.436802	-0.368865	-0.286836	-0.18365	-0.0727933	0.0266439	0.101504	0.12993	0.117534	0.0924838	0.0719473	0.0673593	0.0851946	0.128712	0.190844	0.280154	0.385948	0.49041	0.584412	0.640299	0.636714	0.567541	0.429947	0.228466	0	
0	0.0695453	0.140278	0.203451	0.256427	0.311301	0.356156	0.384433	0.396759	0.396341	0.374918	0.350348	0.344852	0.355004	0.370169	0.381194	0.390266	0.384092	0.363778	0.32558	0.288291	0.275083	0.318434	0.42919	0.578131	0.727667	0.854698	0.938746	0.96381	0.933523	0.868878	0.775336	0.675752	0.581821	0.512536	0.499422	0.551499	0.661478	0.808375	0.955004	1.05437	1.08503	1.04453	0.942895	0.805256	0.646043	0.476789	0.320723	0.193381	0.108496	0.0677377	0.0532454	0.0617404	0.0793602	0.0925473	0.0983771	0.0973059	0.083087	0.047748	-0.016244	-0.0998451	-0.208851	-0.328603	-0.446521	-0.558111	-0.651358	-0.726797	-0.773663	-0.78249	-0.7572	-0.692253	-0.614323	-0.539289	-0.462844	-0.396793	-0.336598	-0.271282	-0.194229	-0.100641	-0.00230409	0.0781475	0.125368	0.122569	0.0867625	0.0425269	0.0092675	-0.0038467	0.00830688	0.0545392	0.120211	0.212951	0.320252	0.421744	0.51431	0.570611	0.566804	0.500669	0.375109	0.196581	0	
0	0.0329651	0.0801991	0.130209	0.175764	0.229102	0.284039	0.324653	0.345445	0.346167	0.324425	0.295113	0.280932	0.283426	0.301342	0.326129	0.352219	0.36591	0.369065	0.360313	0.354662	0.376369	0.449807	0.578131	0.730599	0.875413	0.991691	1.06201	1.0743	1.04122	0.977546	0.883471	0.778623	0.683222	0.616151	0.603177	0.647937	0.738564	0.856706	0.970362	1.03146	1.02184	0.941307	0.80114	0.625383	0.432082	0.240811	0.078908	-0.0380661	-0.102164	-0.121384	-0.110955	-0.073279	-0.0200623	0.0294296	0.0707052	0.107938	0.138403	0.143641	0.122646	0.0844318	0.00973969	-0.0895454	-0.196865	-0.307267	-0.414101	-0.511873	-0.584834	-0.613622	-0.602731	-0.549097	-0.476195	-0.399911	-0.320783	-0.258073	-0.204292	-0.150999	-0.0924138	-0.019659	0.0512958	0.0989208	0.113424	0.082455	0.02815	-0.025374	-0.0679245	-0.0876074	-0.0725008	-0.0233207	0.038188	0.118655	0.215926	0.317528	0.414332	0.479329	0.487902	0.437689	0.332803	0.175412	0	
0	0.0129604	0.0472183	0.0903956	0.13151	0.18513	0.243401	0.285	0.301661	0.300955	0.282355	0.254236	0.23348	0.226595	0.241145	0.271851	0.311533	0.343215	0.369359	0.391929	0.427904	0.491729	0.592024	0.727667	0.875413	1.00529	1.09467	1.13829	1.13812	1.10649	1.04576	0.951104	0.848908	0.765548	0.715201	0.712023	0.75189	0.822285	0.907373	0.981496	0.999003	0.945984	0.824611	0.643581	0.426639	0.20214	-0.00487286	-0.166626	-0.275341	-0.326784	-0.324174	-0.283464	-0.212756	-0.126032	-0.0407126	0.038216	0.112581	0.178943	0.225531	0.248558	0.24854	0.205856	0.129253	0.03651	-0.0670258	-0.176004	-0.283998	-0.365092	-0.402983	-0.407754	-0.370542	-0.308523	-0.237907	-0.164671	-0.107219	-0.0620567	-0.0218973	0.0160287	0.0601379	0.0983026	0.108949	0.0910609	0.0426977	-0.0223043	-0.0892514	-0.13882	-0.156648	-0.142196	-0.104666	-0.0584282	0.0162262	0.11308	0.212036	0.308289	0.379842	0.405153	0.378723	0.296828	0.159578	0	
0	0.0050129	0.0299831	0.0630462	0.0986541	0.145885	0.195901	0.223336	0.229967	0.226603	0.212031	0.187834	0.166691	0.156855	0.166537	0.199508	0.249968	0.299978	0.350388	0.40781	0.488338	0.5916	0.714485	0.854698	0.991691	1.09467	1.14982	1.16951	1.1593	1.11995	1.05142	0.955995	0.864446	0.800602	0.772254	0.783979	0.830403	0.892099	0.950938	0.980947	0.947118	0.845797	0.682659	0.464363	0.216522	-0.0301838	-0.246852	-0.410395	-0.51648	-0.559241	-0.541388	-0.475434	-0.370496	-0.243406	-0.116734	0.00270082	0.115353	0.220343	0.30325	0.360107	0.390606	0.373102	0.317158	0.241991	0.150236	0.0477548	-0.0501613	-0.121289	-0.160486	-0.175942	-0.154944	-0.109231	-0.0561867	-0.0017438	0.0409993	0.0729785	0.0986876	0.119131	0.140573	0.147573	0.128467	0.0914938	0.0278741	-0.0533944	-0.131077	-0.183447	-0.208547	-0.212545	-0.189646	-0.143795	-0.0676672	0.0295104	0.131228	0.231855	0.31114	0.344343	0.327232	0.258993	0.138929	0	
0	0.00576952	0.0224016	0.0438223	0.0677922	0.101389	0.130605	0.140566	0.139584	0.135995	0.122664	0.0992591	0.081794	0.0724008	0.0796226	0.11245	0.170825	0.23754	0.310517	0.399621	0.513658	0.647712	0.792579	0.938746	1.06201	1.13829	1.16951	1.17272	1.14237	1.08216	1.00079	0.908304	0.826523	0.777792	0.769446	0.803647	0.869003	0.936782	0.975047	0.963038	0.880496	0.733617	0.530714	0.279704	0.00611902	-0.252391	-0.468691	-0.627659	-0.728002	-0.763305	-0.731014	-0.644544	-0.516667	-0.357092	-0.185558	-0.0197588	0.134434	0.274505	0.383844	0.459026	0.505042	0.509735	0.478243	0.421748	0.344678	0.256503	0.173132	0.110092	0.0706736	0.050201	0.0619696	0.0940333	0.12771	0.160233	0.182646	0.198445	0.210268	0.217057	0.222109	0.213579	0.184673	0.134474	0.0523822	-0.0475661	-0.137745	-0.203614	-0.248275	-0.263752	-0.241839	-0.192696	-0.115413	-0.0174157	0.0894518	0.194385	0.274781	0.307997	0.289396	0.224084	0.119044	0	
0	0.00596397	0.0152562	0.0228001	0.0312496	0.0414891	0.0481462	0.0468531	0.048778	0.0503961	0.0368856	0.014929	0.000245849	-0.00433555	0.00317177	0.0374838	0.100766	0.178889	0.269174	0.375955	0.506123	0.657447	0.816516	0.96381	1.0743	1.13812	1.1593	1.14237	1.08669	1.00739	0.922782	0.834239	0.760709	0.728427	0.743842	0.800328	0.88335	0.95237	0.974046	0.930613	0.811819	0.626098	0.386728	0.107437	-0.179722	-0.437255	-0.640649	-0.783297	-0.869446	-0.89235	-0.849522	-0.753709	-0.61073	-0.425971	-0.222194	-0.0203491	0.165641	0.32774	0.452843	0.541135	0.601607	0.630172	0.622661	0.584709	0.522444	0.447126	0.36969	0.304047	0.256168	0.230361	0.237785	0.261068	0.282227	0.297917	0.305867	0.307738	0.309008	0.309623	0.30992	0.301747	0.269825	0.208703	0.116372	0.00905884	-0.0920423	-0.175309	-0.23436	-0.254423	-0.229806	-0.181072	-0.110068	-0.0151597	0.0856903	0.178122	0.246025	0.271388	0.253407	0.196899	0.106202	0	
0	-0.00270311	-0.00405999	-0.00840765	-0.0193712	-0.0326801	-0.0433456	-0.0431726	-0.0288218	-0.0177392	-0.025619	-0.0450035	-0.0551914	-0.0563339	-0.0453928	-0.0105296	0.0513827	0.13325	0.229949	0.343184	0.477758	0.633217	0.793632	0.933523	1.04122	1.10649	1.11995	1.08216	1.00739	0.921448	0.832431	0.744041	0.683026	0.673491	0.711143	0.782031	0.871195	0.942359	0.961139	0.906332	0.766289	0.549589	0.280667	-0.0160688	-0.30611	-0.552603	-0.737796	-0.86385	-0.929886	-0.931334	-0.871494	-0.764972	-0.617732	-0.429139	-0.21489	-0.00056493	0.19881	0.374381	0.509029	0.606807	0.687238	0.740299	0.751196	0.724778	0.673749	0.603871	0.523729	0.44744	0.389153	0.359116	0.357512	0.370426	0.381806	0.390022	0.392797	0.39463	0.398653	0.404348	0.411	0.403824	0.370877	0.30439	0.208593	0.100605	-0.00486373	-0.0920255	-0.146186	-0.160269	-0.14373	-0.106671	-0.0449616	0.0368488	0.118317	0.185006	0.23139	0.247095	0.228502	0.17764	0.0964422	0	
0	-0.0285468	-0.0492465	-0.0693679	-0.0987598	-0.131026	-0.148132	-0.137383	-0.107303	-0.0808622	-0.0765074	-0.084301	-0.0887963	-0.0840208	-0.0688229	-0.0350485	0.0199771	0.0956969	0.190782	0.306748	0.441952	0.59306	0.738642	0.868878	0.977546	1.04576	1.05142	1.00079	0.922782	0.832431	0.736635	0.65202	0.607001	0.616057	0.665421	0.741358	0.834549	0.914227	0.945966	0.896233	0.7502	0.52219	0.245125	-0.0517864	-0.33368	-0.57092	-0.74877	-0.863194	-0.910739	-0.893432	-0.817931	-0.705821	-0.562565	-0.381001	-0.17205	0.0420973	0.243356	0.418524	0.557079	0.665489	0.753446	0.816788	0.838928	0.825758	0.79015	0.731519	0.648792	0.560807	0.490124	0.444599	0.427039	0.427366	0.434535	0.441321	0.445665	0.45279	0.464527	0.4818	0.498863	0.503647	0.475833	0.412172	0.326154	0.222437	0.118255	0.0377353	-0.00814331	-0.0238681	-0.0153167	0.0169195	0.0702998	0.132164	0.188169	0.236834	0.267089	0.266499	0.234781	0.17298	0.0908314	0	
0	-0.0706438	-0.124506	-0.166648	-0.212501	-0.252664	-0.265949	-0.240182	-0.191468	-0.144939	-0.117973	-0.107382	-0.0996474	-0.0871063	-0.067075	-0.0366252	0.00616927	0.0668812	0.152571	0.26588	0.398824	0.533488	0.658778	0.775336	0.883471	0.951104	0.955995	0.908304	0.834239	0.744041	0.65202	0.576623	0.541694	0.555916	0.610902	0.690252	0.785921	0.877221	0.928636	0.896625	0.768017	0.55476	0.290402	0.00734402	-0.262556	-0.49556	-0.671634	-0.780886	-0.818545	-0.790929	-0.710945	-0.601379	-0.466468	-0.299316	-0.103264	0.100901	0.293752	0.460511	0.595769	0.705414	0.801836	0.870219	0.896012	0.89314	0.871943	0.821874	0.743465	0.656843	0.57635	0.512273	0.468031	0.446024	0.438585	0.440454	0.452377	0.475303	0.505337	0.540906	0.571323	0.581172	0.565547	0.522364	0.453333	0.361153	0.266654	0.194556	0.148243	0.124462	0.131256	0.164907	0.207546	0.252743	0.295837	0.329209	0.340149	0.318276	0.26665	0.19115	0.098887	0	
0	-0.118886	-0.214447	-0.284443	-0.341262	-0.378293	-0.3799	-0.33603	-0.264973	-0.19136	-0.136879	-0.102343	-0.0778306	-0.0543664	-0.0293124	-0.00214685	0.0279986	0.0702302	0.137727	0.239062	0.35556	0.468774	0.571046	0.675752	0.778623	0.848908	0.864446	0.826523	0.760709	0.683026	0.607001	0.541694	0.508834	0.529627	0.591581	0.671711	0.766206	0.866676	0.939844	0.936945	0.840457	0.654799	0.413711	0.150588	-0.10709	-0.336814	-0.510135	-0.615626	-0.649907	-0.622164	-0.542765	-0.440891	-0.324715	-0.184072	-0.019577	0.151929	0.3159	0.46677	0.603712	0.725263	0.8254	0.895405	0.928612	0.935501	0.923334	0.882907	0.813952	0.728302	0.638523	0.551445	0.480283	0.434041	0.411015	0.409924	0.430262	0.4733	0.525966	0.579936	0.620424	0.640691	0.636836	0.604446	0.549449	0.477109	0.40789	0.350684	0.306795	0.285889	0.294224	0.317542	0.344885	0.379056	0.40735	0.415945	0.398895	0.358093	0.293315	0.207624	0.109933	0	
0	-0.161279	-0.297892	-0.394558	-0.457566	-0.483757	-0.470886	-0.405782	-0.307783	-0.20262	-0.119501	-0.0594464	-0.0142466	0.0222858	0.0534552	0.0785989	0.100075	0.122464	0.164191	0.23352	0.318862	0.40366	0.488162	0.581821	0.683222	0.765548	0.800602	0.777792	0.728427	0.673491	0.616057	0.555916	0.529627	0.558803	0.622517	0.698717	0.791588	0.902505	0.997635	1.02631	0.96337	0.811535	0.603025	0.364253	0.116979	-0.108921	-0.280987	-0.384999	-0.419147	-0.392007	-0.319281	-0.233467	-0.143196	-0.0452036	0.0693423	0.193361	0.318819	0.443145	0.574995	0.702613	0.81453	0.896826	0.944233	0.965494	0.962038	0.928104	0.86177	0.770118	0.661013	0.55108	0.461128	0.400388	0.368855	0.36824	0.399523	0.457918	0.525622	0.592587	0.641192	0.667115	0.670941	0.648467	0.60783	0.556755	0.506928	0.466342	0.440822	0.431884	0.437945	0.447621	0.458856	0.473153	0.475879	0.460051	0.425791	0.373109	0.299199	0.208499	0.108173	0	
0	-0.194905	-0.363887	-0.483112	-0.548805	-0.56791	-0.541808	-0.459171	-0.333344	-0.199338	-0.0873064	0.0011505	0.0733453	0.129332	0.170811	0.199785	0.217626	0.224835	0.234672	0.260135	0.30308	0.359705	0.427588	0.512536	0.616151	0.715201	0.772254	0.769446	0.743842	0.711143	0.665421	0.610902	0.591581	0.622517	0.682362	0.759921	0.861527	0.983835	1.09766	1.14847	1.11456	1.00124	0.829867	0.611597	0.37459	0.155011	-0.0113778	-0.113578	-0.150557	-0.134889	-0.0838442	-0.0264279	0.0260944	0.0815641	0.150419	0.227201	0.310291	0.411131	0.532226	0.657751	0.775511	0.871446	0.94036	0.978264	0.985178	0.959013	0.894959	0.793848	0.670924	0.547068	0.445129	0.371267	0.327126	0.322173	0.352072	0.4116	0.483835	0.555164	0.611195	0.648943	0.664729	0.652812	0.619696	0.580082	0.542837	0.511712	0.501371	0.506856	0.517534	0.525434	0.528659	0.521174	0.497758	0.465417	0.418487	0.355463	0.279434	0.190548	0.0944669	0	
0	-0.216924	-0.404428	-0.532061	-0.601001	-0.616033	-0.586706	-0.492205	-0.351181	-0.194575	-0.0551962	0.0679135	0.175963	0.259393	0.31941	0.355954	0.375216	0.370768	0.352304	0.335694	0.340404	0.371817	0.423493	0.499422	0.603177	0.712023	0.783979	0.803647	0.800328	0.782031	0.741358	0.690252	0.671711	0.698717	0.759921	0.853161	0.970202	1.10806	1.23118	1.29499	1.28363	1.20396	1.05962	0.858915	0.637464	0.4342	0.275599	0.174709	0.123589	0.107512	0.121679	0.140549	0.158247	0.179939	0.214826	0.255846	0.307424	0.379538	0.481301	0.5995	0.71957	0.82328	0.902711	0.951789	0.970762	0.962365	0.910167	0.812181	0.691439	0.565384	0.455061	0.36277	0.295991	0.268525	0.276269	0.321518	0.387356	0.459404	0.52485	0.574029	0.597896	0.595574	0.57438	0.54124	0.504563	0.477548	0.47356	0.487116	0.507019	0.523406	0.535398	0.523895	0.486975	0.441648	0.378635	0.302914	0.227096	0.150616	0.072613	0	
0	-0.221958	-0.403317	-0.522517	-0.58356	-0.599621	-0.568118	-0.476308	-0.332201	-0.164928	0.00244003	0.164668	0.313328	0.43096	0.511877	0.556064	0.572341	0.554989	0.513748	0.465508	0.442323	0.450944	0.486074	0.551499	0.647937	0.75189	0.830403	0.869003	0.88335	0.871195	0.834549	0.785921	0.766206	0.791588	0.861527	0.970202	1.10651	1.25437	1.38154	1.45112	1.45548	1.39786	1.27369	1.09425	0.895963	0.706961	0.553406	0.44432	0.36501	0.316848	0.294655	0.278913	0.269326	0.269504	0.275907	0.287498	0.308546	0.352024	0.428361	0.528438	0.64324	0.745355	0.826008	0.88156	0.914755	0.923308	0.887929	0.808644	0.703681	0.58303	0.463696	0.348662	0.251564	0.193964	0.176003	0.198663	0.25043	0.315046	0.379593	0.433635	0.465795	0.479503	0.4705	0.442482	0.409154	0.38668	0.383203	0.392376	0.418099	0.442485	0.456897	0.4538	0.423095	0.373596	0.307498	0.230204	0.158278	0.100039	0.0463017	0	
0	-0.203647	-0.357281	-0.446868	-0.49383	-0.503969	-0.476399	-0.394359	-0.262801	-0.0924551	0.0982964	0.295597	0.482784	0.633223	0.736409	0.786412	0.795512	0.764928	0.706957	0.64199	0.600143	0.590167	0.609362	0.661478	0.738564	0.822285	0.892099	0.936782	0.95237	0.942359	0.914227	0.877221	0.866676	0.902505	0.983835	1.10806	1.25437	1.4043	1.52369	1.59113	1.59994	1.55178	1.44728	1.2934	1.11365	0.937463	0.786178	0.662739	0.564264	0.490472	0.438037	0.393722	0.363344	0.343538	0.32896	0.315855	0.307356	0.318612	0.364371	0.442831	0.54227	0.631641	0.703016	0.762557	0.811264	0.839245	0.825282	0.766801	0.679907	0.564581	0.437343	0.306069	0.187188	0.104648	0.0585261	0.0556843	0.085189	0.131432	0.186256	0.236927	0.277957	0.307067	0.311225	0.2961	0.272935	0.257206	0.253293	0.262836	0.290807	0.313785	0.32614	0.319884	0.291886	0.247217	0.188319	0.129357	0.0768254	0.038759	0.0138893	0	
0	-0.163935	-0.273249	-0.327864	-0.353192	-0.357673	-0.333068	-0.269333	-0.156016	0.00929544	0.211391	0.429409	0.641158	0.818942	0.943899	1.00371	1.01128	0.97232	0.90951	0.839732	0.790425	0.76787	0.773722	0.808375	0.856706	0.907373	0.950938	0.975047	0.974046	0.961139	0.945966	0.928636	0.939844	0.997635	1.09766	1.23118	1.38154	1.52369	1.63181	1.69322	1.69544	1.65231	1.56201	1.42183	1.25563	1.0897	0.934327	0.802097	0.692076	0.605986	0.532656	0.470749	0.425312	0.388934	0.353898	0.316866	0.278136	0.257615	0.276436	0.335694	0.418649	0.486417	0.542795	0.600233	0.653997	0.696271	0.707217	0.68178	0.621753	0.517308	0.387898	0.242674	0.102075	-0.0058535	-0.0741157	-0.0985629	-0.0900453	-0.0648428	-0.0283216	0.0124242	0.0500203	0.085861	0.102436	0.104132	0.101635	0.0999472	0.106788	0.125931	0.153659	0.168374	0.168952	0.152568	0.120496	0.081727	0.041203	0.00752412	-0.0106537	-0.0156867	-0.0173179	0	
0	-0.104068	-0.161841	-0.179745	-0.183414	-0.177702	-0.156308	-0.109832	-0.0152212	0.136487	0.331272	0.543875	0.758932	0.948976	1.09028	1.16541	1.17977	1.14552	1.0877	1.02555	0.977932	0.949843	0.943412	0.955004	0.970362	0.981496	0.980947	0.963038	0.930613	0.906332	0.896233	0.896625	0.936945	1.02631	1.14847	1.29499	1.45112	1.59113	1.69322	1.74387	1.73742	1.68773	1.59523	1.46029	1.30587	1.1456	0.988143	0.852101	0.742315	0.649241	0.567504	0.4992	0.441289	0.391576	0.343408	0.286022	0.225337	0.188294	0.18289	0.215616	0.269844	0.307077	0.343187	0.39504	0.455143	0.511862	0.546004	0.549798	0.514948	0.425875	0.306977	0.164611	0.011939	-0.112489	-0.202041	-0.252593	-0.267329	-0.263436	-0.241272	-0.212435	-0.179239	-0.141797	-0.125989	-0.114702	-0.0979018	-0.0812852	-0.0554679	-0.0176117	0.0138881	0.0211052	0.0194506	-0.000810844	-0.0410575	-0.0755541	-0.0995582	-0.113321	-0.104821	-0.0773591	-0.0464598	0	
0	-0.0348541	-0.0406245	-0.0260834	-0.00855871	0.00926083	0.0295482	0.0639049	0.140857	0.272205	0.439446	0.625452	0.822193	1.00795	1.15681	1.24818	1.28132	1.26478	1.22512	1.17839	1.13741	1.10362	1.07581	1.05437	1.03146	0.999003	0.947118	0.880496	0.811819	0.766289	0.7502	0.768017	0.840457	0.96337	1.11456	1.28363	1.45548	1.59994	1.69544	1.73742	1.7151	1.64502	1.53964	1.40723	1.26072	1.10253	0.944836	0.815806	0.708153	0.616673	0.540125	0.467201	0.403785	0.355323	0.304268	0.24056	0.169558	0.111829	0.0827645	0.085297	0.100409	0.108591	0.132982	0.182311	0.242998	0.308317	0.357717	0.378181	0.361448	0.295013	0.196469	0.0661561	-0.081115	-0.212063	-0.318934	-0.3904	-0.429521	-0.451951	-0.447317	-0.422988	-0.394184	-0.35947	-0.331975	-0.309327	-0.283433	-0.251267	-0.212018	-0.162268	-0.118925	-0.105323	-0.104683	-0.12382	-0.167583	-0.201996	-0.219376	-0.228337	-0.209018	-0.153568	-0.0826426	0	
0	0.033644	0.0776459	0.12371	0.163687	0.195211	0.217513	0.242566	0.301565	0.402702	0.530228	0.674986	0.837957	1.00182	1.14318	1.24592	1.30285	1.31783	1.30773	1.28343	1.25095	1.20611	1.14817	1.08503	1.02184	0.945984	0.845797	0.733617	0.626098	0.549589	0.52219	0.55476	0.654799	0.811535	1.00124	1.20396	1.39786	1.55178	1.65231	1.68773	1.64502	1.54721	1.42258	1.2818	1.12483	0.962679	0.816096	0.696689	0.600724	0.527287	0.463622	0.398725	0.345746	0.305472	0.254799	0.187502	0.106826	0.0309706	-0.0247362	-0.0591488	-0.0745543	-0.0795742	-0.0665482	-0.0238469	0.0368105	0.0974859	0.147639	0.177979	0.174859	0.133401	0.0618908	-0.0448954	-0.176033	-0.301299	-0.407821	-0.493235	-0.556447	-0.598943	-0.615224	-0.608083	-0.582656	-0.543488	-0.502697	-0.467062	-0.433985	-0.38736	-0.332047	-0.276435	-0.223523	-0.194163	-0.192925	-0.215673	-0.258967	-0.304194	-0.333973	-0.340957	-0.3085	-0.232286	-0.127397	0	
0	0.0919988	0.181426	0.259347	0.321967	0.366208	0.390439	0.406223	0.441714	0.506123	0.588907	0.689518	0.810541	0.939918	1.06041	1.16524	1.24671	1.29988	1.32638	1.32691	1.29996	1.24018	1.14824	1.04453	0.941307	0.824611	0.682659	0.530714	0.386728	0.280667	0.245125	0.290402	0.413711	0.603025	0.829867	1.05962	1.27369	1.44728	1.56201	1.59523	1.53964	1.42258	1.27718	1.10843	0.928612	0.761091	0.620977	0.510715	0.4362	0.386439	0.34567	0.308065	0.279568	0.254849	0.211626	0.138805	0.0421925	-0.0506611	-0.128151	-0.191933	-0.235022	-0.251162	-0.244736	-0.209957	-0.155335	-0.10023	-0.0541618	-0.0254008	-0.0185024	-0.0348637	-0.0811096	-0.160153	-0.259272	-0.364229	-0.463489	-0.55464	-0.636387	-0.702197	-0.740143	-0.743838	-0.719547	-0.677909	-0.628211	-0.578879	-0.531523	-0.472979	-0.407107	-0.344835	-0.289074	-0.255647	-0.259199	-0.293177	-0.341425	-0.394026	-0.431099	-0.42796	-0.376399	-0.284508	-0.158278	0	
0	0.136322	0.262948	0.370263	0.448701	0.501173	0.523123	0.528446	0.535303	0.560482	0.600796	0.660019	0.739949	0.831231	0.926305	1.02664	1.12842	1.21736	1.27816	1.29944	1.27404	1.19886	1.08044	0.942895	0.80114	0.643581	0.464363	0.279704	0.107437	-0.0160688	-0.0517864	0.00734402	0.150588	0.364253	0.611597	0.858915	1.09425	1.2934	1.42183	1.46029	1.40723	1.2818	1.10843	0.90575	0.704665	0.530162	0.391512	0.292465	0.237412	0.210217	0.199124	0.197686	0.199788	0.19395	0.166502	0.0963372	-0.00197371	-0.100968	-0.201287	-0.289603	-0.348962	-0.38205	-0.390516	-0.366944	-0.319078	-0.267027	-0.225814	-0.196918	-0.178169	-0.178971	-0.203149	-0.251649	-0.321507	-0.404011	-0.493734	-0.587456	-0.683554	-0.764078	-0.810282	-0.821607	-0.799539	-0.749644	-0.693223	-0.641813	-0.585299	-0.518559	-0.444886	-0.372998	-0.318285	-0.295541	-0.312134	-0.358573	-0.417214	-0.470449	-0.49609	-0.480532	-0.417431	-0.307327	-0.163658	0	
