0	0	0	0	0	0	0	0	0	0	0	0	0	0	0	0	0	0	0	0	0	0	0	0	0	0	0	0	0	0	0	0	0	0	0	0	0	0	0	0	0	0	0	0	0	0	0	0	0	0	0	0	0	0	0	0	0	0	0	0	0	0	0	0	0	0	0	0	0	0	0	0	0	0	0	0	0	0	0	0	0	0	0	0	0	0	0	0	0	0	0	0	0	0	0	0	0	0	0	0	
0	-0.0208432	-0.0402174	-0.0555239	-0.0658401	-0.0695685	-0.0659483	-0.0577407	-0.046258	-0.037144	-0.0345832	-0.0397139	-0.0550338	-0.0753426	-0.0976845	-0.119781	-0.137678	-0.15438	-0.167685	-0.177198	-0.179409	-0.175773	-0.165624	-0.157597	-0.153247	-0.155105	-0.159086	-0.164146	-0.169404	-0.171731	-0.173522	-0.170862	-0.165009	-0.162445	-0.165786	-0.16988	-0.172872	-0.169022	-0.165562	-0.164765	-0.165993	-0.164707	-0.165544	-0.165272	-0.161912	-0.157699	-0.158077	-0.157992	-0.156478	-0.151792	-0.146321	-0.145742	-0.14489	-0.138224	-0.131341	-0.127896	-0.12174	-0.113385	-0.104654	-0.0940059	-0.0832276	-0.0740456	-0.0657347	-0.0596143	-0.0585341	-0.0671067	-0.0785233	-0.0908263	-0.105153	-0.116534	-0.116506	-0.105044	-0.0902373	-0.0713724	-0.0496753	-0.0297685	-0.0154302	-0.00268754	0.00891488	0.0137669	0.0116046	0.00250741	-0.00766533	-0.0142477	-0.0139309	-0.0094145	-0.00824569	-0.00358398	0.00416046	0.00602006	0.0026978	-0.0034552	-0.00659205	-0.00305429	0.00172939	0.00306625	0.00116181	-0.00129292	-0.00183068	0	
0	-0.0402174	-0.0751019	-0.10635	-0.123128	-0.130745	-0.12233	-0.103773	-0.0816263	-0.0604635	-0.0546509	-0.0634595	-0.0914716	-0.13144	-0.174834	-0.218747	-0.254556	-0.289401	-0.315996	-0.334824	-0.341538	-0.330489	-0.3115	-0.295086	-0.284624	-0.289167	-0.300386	-0.308006	-0.320026	-0.325397	-0.32659	-0.321168	-0.311357	-0.306926	-0.313855	-0.321164	-0.326595	-0.322152	-0.315648	-0.31096	-0.313932	-0.315671	-0.317329	-0.314403	-0.308324	-0.30271	-0.303781	-0.30313	-0.300924	-0.292613	-0.283429	-0.28181	-0.282341	-0.268842	-0.25836	-0.250858	-0.241247	-0.225429	-0.209165	-0.190092	-0.168024	-0.152274	-0.13454	-0.123676	-0.121216	-0.13757	-0.161021	-0.184589	-0.214141	-0.236569	-0.237786	-0.215655	-0.186837	-0.150119	-0.105448	-0.066635	-0.0358417	-0.00867068	0.0134948	0.0260273	0.0206219	0.000865048	-0.0172715	-0.0323432	-0.0317741	-0.0195572	-0.0175452	-0.00796547	0.00860606	0.0107001	0.00337158	-0.00792128	-0.0136646	-0.00595282	0.0034612	0.00568001	0.00276515	-0.00262037	-0.00515521	0	
0	-0.0555239	-0.10635	-0.14592	-0.170309	-0.175579	-0.159739	-0.12945	-0.090848	-0.0584126	-0.0456285	-0.0567675	-0.0971751	-0.154429	-0.218176	-0.281593	-0.334011	-0.382712	-0.421155	-0.448945	-0.455611	-0.443652	-0.414588	-0.390117	-0.376642	-0.382055	-0.394455	-0.409253	-0.425247	-0.433333	-0.438505	-0.431651	-0.416542	-0.410365	-0.419937	-0.432795	-0.442914	-0.434637	-0.426282	-0.424824	-0.430136	-0.4295	-0.434096	-0.435103	-0.428542	-0.419778	-0.422997	-0.425726	-0.424835	-0.414888	-0.402663	-0.404015	-0.404895	-0.389483	-0.373977	-0.36623	-0.352241	-0.331308	-0.309005	-0.280976	-0.251894	-0.227806	-0.205474	-0.189968	-0.188994	-0.215317	-0.251044	-0.289166	-0.332792	-0.367592	-0.368697	-0.336166	-0.2926	-0.23593	-0.17058	-0.110752	-0.0657167	-0.026108	0.00935939	0.0262046	0.0207759	-0.00457668	-0.0326122	-0.0515216	-0.0501306	-0.035991	-0.0307073	-0.0159512	0.00709461	0.0133434	0.0040718	-0.0123191	-0.0199768	-0.0104673	0.0026787	0.00735683	0.0031237	-0.00360714	-0.00551828	0	
0	-0.0658401	-0.123128	-0.170309	-0.192894	-0.195042	-0.167308	-0.121046	-0.0654305	-0.0157336	0.00655418	-0.00241036	-0.0497839	-0.121132	-0.202015	-0.283758	-0.352265	-0.416965	-0.468479	-0.503766	-0.516079	-0.49646	-0.459577	-0.426521	-0.407112	-0.413874	-0.434177	-0.452176	-0.47563	-0.487746	-0.49337	-0.485116	-0.467421	-0.460152	-0.474391	-0.492163	-0.50484	-0.499257	-0.489922	-0.485916	-0.493546	-0.500467	-0.50761	-0.507902	-0.501355	-0.495811	-0.502064	-0.506909	-0.509266	-0.499629	-0.488865	-0.492079	-0.497979	-0.481264	-0.467285	-0.459437	-0.446282	-0.423511	-0.398226	-0.366358	-0.331009	-0.303847	-0.276438	-0.259753	-0.260362	-0.296283	-0.34555	-0.397199	-0.457516	-0.504002	-0.50887	-0.468608	-0.412172	-0.3391	-0.250998	-0.172358	-0.109997	-0.0539107	-0.00705659	0.0191463	0.0128853	-0.0208483	-0.0550273	-0.080839	-0.0791537	-0.0577278	-0.048822	-0.0273866	0.00425615	0.011905	0.000163567	-0.0198047	-0.0296013	-0.0163117	0.00222571	0.00844574	0.00348029	-0.00533266	-0.008673	0	
0	-0.0695685	-0.130745	-0.175579	-0.195042	-0.184495	-0.141381	-0.0732379	0.00546672	0.0753622	0.113059	0.108841	0.0583055	-0.0243262	-0.120312	-0.216828	-0.299938	-0.376571	-0.437007	-0.481038	-0.492793	-0.471761	-0.427429	-0.386893	-0.364497	-0.372815	-0.395317	-0.420357	-0.448017	-0.465118	-0.474709	-0.466623	-0.448447	-0.442329	-0.457692	-0.480337	-0.499635	-0.494144	-0.485874	-0.485839	-0.497767	-0.504458	-0.516838	-0.523087	-0.520586	-0.515715	-0.525863	-0.537679	-0.545229	-0.539297	-0.530418	-0.540382	-0.550673	-0.538207	-0.526269	-0.521546	-0.510472	-0.488615	-0.462986	-0.428786	-0.391518	-0.362196	-0.335049	-0.319096	-0.32662	-0.37438	-0.440111	-0.510151	-0.587067	-0.649142	-0.657361	-0.611685	-0.543884	-0.451994	-0.344994	-0.246768	-0.16814	-0.0991955	-0.0391983	-0.00624327	-0.0116359	-0.0482825	-0.0886886	-0.116922	-0.113874	-0.0894467	-0.0745182	-0.0472832	-0.00944846	0.00378596	-0.00850189	-0.0296395	-0.0373956	-0.0237551	-0.00442742	0.005225	0.00239192	-0.00602056	-0.00894955	0	
0	-0.0659483	-0.12233	-0.159739	-0.167308	-0.141381	-0.0753619	0.0164646	0.123768	0.217493	0.274686	0.281623	0.232069	0.144074	0.0373846	-0.0716711	-0.167528	-0.254539	-0.327534	-0.376535	-0.393347	-0.369077	-0.318436	-0.270203	-0.244486	-0.252259	-0.27987	-0.312168	-0.347629	-0.370512	-0.384595	-0.37919	-0.358654	-0.351632	-0.372278	-0.403788	-0.425837	-0.42451	-0.416613	-0.418589	-0.432212	-0.447748	-0.463509	-0.473059	-0.472852	-0.473716	-0.488512	-0.505403	-0.519405	-0.517582	-0.514888	-0.530257	-0.547213	-0.541337	-0.534644	-0.535608	-0.529171	-0.51247	-0.490172	-0.457239	-0.422736	-0.394271	-0.370638	-0.359913	-0.375513	-0.438273	-0.521493	-0.611875	-0.7097	-0.786953	-0.804526	-0.758487	-0.681536	-0.577106	-0.452288	-0.336831	-0.243556	-0.159173	-0.0870043	-0.0464836	-0.0490161	-0.0885563	-0.134831	-0.166142	-0.162636	-0.135373	-0.112823	-0.0759838	-0.0306129	-0.0122997	-0.022436	-0.0444942	-0.0543731	-0.0382497	-0.0115785	0.00227212	-0.000873746	-0.00947679	-0.0111278	0	
0	-0.0577407	-0.103773	-0.12945	-0.121046	-0.0732379	0.0164646	0.140493	0.276939	0.401226	0.482918	0.504241	0.462708	0.372472	0.257589	0.139759	0.0323327	-0.0653303	-0.144495	-0.20118	-0.218723	-0.191246	-0.135871	-0.0818642	-0.052714	-0.0624493	-0.0965415	-0.135177	-0.176245	-0.207094	-0.225072	-0.220746	-0.206399	-0.204356	-0.226043	-0.25926	-0.287931	-0.291438	-0.287866	-0.291191	-0.308747	-0.326455	-0.347253	-0.361001	-0.36639	-0.370657	-0.388376	-0.411886	-0.431643	-0.436205	-0.438959	-0.460579	-0.484149	-0.485942	-0.487263	-0.492962	-0.493731	-0.483735	-0.465598	-0.438311	-0.406631	-0.38338	-0.36546	-0.362309	-0.392085	-0.469375	-0.575192	-0.690269	-0.810635	-0.909253	-0.939057	-0.898165	-0.8181	-0.701861	-0.563808	-0.434909	-0.326067	-0.229773	-0.148563	-0.10049	-0.102727	-0.1456	-0.195087	-0.228928	-0.225451	-0.192989	-0.161291	-0.118114	-0.0664421	-0.0417432	-0.0502589	-0.0684502	-0.071314	-0.0534813	-0.0280953	-0.0107975	-0.00711011	-0.0117097	-0.0123324	0	
0	-0.046258	-0.0816263	-0.090848	-0.0654305	0.00546672	0.123768	0.276939	0.448446	0.602198	0.710816	0.751061	0.719146	0.631345	0.513416	0.389443	0.273699	0.171961	0.0839767	0.0247181	0.00533269	0.0322364	0.0919142	0.152377	0.183525	0.175393	0.1406	0.0925924	0.0436191	0.00443495	-0.0210517	-0.0247282	-0.0101043	-0.007471	-0.0329504	-0.0771538	-0.109742	-0.11779	-0.114789	-0.122516	-0.140936	-0.164335	-0.186997	-0.205019	-0.212909	-0.220882	-0.241092	-0.268987	-0.293108	-0.30219	-0.310778	-0.336981	-0.364041	-0.375084	-0.381477	-0.393272	-0.399282	-0.396049	-0.383957	-0.360494	-0.336486	-0.317029	-0.307975	-0.316144	-0.360423	-0.457002	-0.585739	-0.728969	-0.876443	-0.996452	-1.04413	-1.01472	-0.933974	-0.812562	-0.66735	-0.528048	-0.410585	-0.305936	-0.216749	-0.16657	-0.166855	-0.209289	-0.265559	-0.301712	-0.299358	-0.269399	-0.229418	-0.17576	-0.117601	-0.0845168	-0.0850031	-0.0993056	-0.102949	-0.0839591	-0.0502402	-0.0243796	-0.0173534	-0.0192381	-0.0153433	0	
0	-0.037144	-0.0604635	-0.0584126	-0.0157336	0.0753622	0.217493	0.401226	0.602198	0.787871	0.924217	0.985335	0.968187	0.886672	0.767709	0.64047	0.517803	0.409324	0.317288	0.255217	0.235821	0.267748	0.333492	0.400325	0.436872	0.430498	0.389319	0.335658	0.281019	0.233401	0.203585	0.197144	0.20283	0.198079	0.169532	0.124944	0.0887037	0.0728653	0.0697229	0.061518	0.0424883	0.0162548	-0.00810082	-0.0272917	-0.0379479	-0.0483093	-0.0679201	-0.0969332	-0.1223	-0.134741	-0.147556	-0.17377	-0.202849	-0.21941	-0.231305	-0.245398	-0.255719	-0.258421	-0.249284	-0.232219	-0.211991	-0.198007	-0.195985	-0.214497	-0.275127	-0.387082	-0.540056	-0.712317	-0.887719	-1.03276	-1.10315	-1.09176	-1.01788	-0.896707	-0.748946	-0.605731	-0.480039	-0.368854	-0.278392	-0.227083	-0.230223	-0.279552	-0.342524	-0.384476	-0.387162	-0.355323	-0.306331	-0.246592	-0.183855	-0.14497	-0.140149	-0.146869	-0.141539	-0.117075	-0.0823122	-0.05241	-0.0350595	-0.027705	-0.0187631	0	
0	-0.0345832	-0.0546509	-0.0456285	0.00655418	0.113059	0.274686	0.482918	0.710816	0.924217	1.08537	1.16699	1.16336	1.08922	0.971753	0.843818	0.717793	0.608891	0.516545	0.455521	0.440656	0.475294	0.547378	0.622107	0.665913	0.665725	0.628767	0.571748	0.51259	0.457114	0.420492	0.406238	0.407149	0.401468	0.370639	0.319848	0.276956	0.255776	0.249112	0.238364	0.217501	0.190065	0.164934	0.143794	0.131682	0.121056	0.103251	0.0738102	0.0506701	0.0364721	0.022471	-0.0018652	-0.0280355	-0.0477391	-0.0603957	-0.0735025	-0.0837695	-0.087159	-0.0779193	-0.0622107	-0.0436809	-0.0308455	-0.033552	-0.0611701	-0.13622	-0.262848	-0.438182	-0.639806	-0.842915	-1.01238	-1.10667	-1.11616	-1.05137	-0.933078	-0.789154	-0.646194	-0.518487	-0.408713	-0.32116	-0.275568	-0.28392	-0.337944	-0.410897	-0.46109	-0.472426	-0.448298	-0.396606	-0.332322	-0.266301	-0.219487	-0.204132	-0.203103	-0.194958	-0.168211	-0.126817	-0.0858838	-0.0579858	-0.0422834	-0.0251085	0	
0	-0.0397139	-0.0634595	-0.0567675	-0.00241036	0.108841	0.281623	0.504241	0.751061	0.985335	1.16699	1.26659	1.27753	1.21043	1.09762	0.968001	0.839502	0.729935	0.63629	0.580041	0.570888	0.613946	0.697566	0.785052	0.840959	0.851841	0.819994	0.763697	0.703582	0.645074	0.608038	0.588455	0.584206	0.573481	0.539775	0.485612	0.44226	0.412363	0.399821	0.384772	0.364402	0.333879	0.309265	0.28773	0.274366	0.263448	0.247279	0.222489	0.202943	0.189796	0.175299	0.157219	0.137189	0.117633	0.107666	0.0981046	0.0916014	0.0916108	0.103759	0.121906	0.142209	0.157754	0.1561	0.122567	0.0399344	-0.0960921	-0.287821	-0.512521	-0.741252	-0.930738	-1.04988	-1.08339	-1.02944	-0.919333	-0.782231	-0.641632	-0.514027	-0.406003	-0.324536	-0.288442	-0.306265	-0.371445	-0.459873	-0.524785	-0.54955	-0.534706	-0.483989	-0.418372	-0.353199	-0.305478	-0.28249	-0.272947	-0.25967	-0.22667	-0.17906	-0.130569	-0.0905977	-0.0617743	-0.0333665	0	
0	-0.0550338	-0.0914716	-0.0971751	-0.0497839	0.0583055	0.232069	0.462708	0.719146	0.968187	1.16336	1.27753	1.29649	1.23802	1.12402	0.994788	0.864385	0.752763	0.664561	0.613007	0.613432	0.666833	0.763544	0.864289	0.938079	0.966378	0.947073	0.900258	0.845988	0.788621	0.750539	0.732789	0.72383	0.710734	0.675001	0.625344	0.576106	0.540079	0.518299	0.501341	0.477166	0.446592	0.41959	0.395643	0.380542	0.368333	0.3546	0.331311	0.317865	0.304363	0.291028	0.279882	0.266463	0.251374	0.24508	0.242478	0.24348	0.250243	0.271778	0.294459	0.323196	0.346267	0.349406	0.317869	0.229968	0.0915846	-0.110168	-0.354743	-0.600472	-0.807076	-0.947026	-0.999051	-0.95657	-0.85167	-0.720358	-0.584554	-0.456389	-0.352626	-0.282284	-0.257224	-0.286327	-0.36567	-0.469782	-0.552306	-0.597908	-0.598565	-0.555992	-0.498311	-0.438968	-0.390023	-0.361135	-0.347218	-0.329452	-0.29073	-0.240035	-0.184088	-0.128767	-0.0843226	-0.0432208	0	
0	-0.0753426	-0.13144	-0.154429	-0.121132	-0.0243262	0.144074	0.372472	0.631345	0.886672	1.08922	1.21043	1.23802	1.17846	1.06773	0.931565	0.796786	0.683417	0.594118	0.548289	0.558238	0.621475	0.732169	0.850947	0.944799	0.994661	0.996602	0.965813	0.921303	0.872336	0.844258	0.825216	0.818016	0.809172	0.778172	0.726471	0.678155	0.636726	0.610278	0.586749	0.559716	0.525775	0.496274	0.470744	0.451019	0.437148	0.420303	0.401698	0.391323	0.378437	0.36488	0.359349	0.354223	0.343055	0.342663	0.346568	0.355418	0.373644	0.40269	0.435386	0.473548	0.506626	0.521666	0.492606	0.409258	0.27272	0.0672276	-0.185631	-0.445053	-0.660247	-0.814645	-0.883684	-0.846575	-0.745579	-0.619209	-0.481626	-0.351515	-0.250693	-0.186418	-0.173201	-0.214998	-0.306024	-0.428635	-0.534358	-0.601293	-0.622522	-0.598374	-0.551928	-0.502128	-0.460985	-0.429095	-0.410719	-0.395495	-0.35709	-0.300124	-0.234296	-0.168042	-0.110954	-0.0554578	0	
0	-0.0976845	-0.174834	-0.218176	-0.202015	-0.120312	0.0373846	0.257589	0.513416	0.767709	0.971753	1.09762	1.12402	1.06773	0.94914	0.806243	0.662602	0.53849	0.446812	0.401278	0.41516	0.488161	0.610969	0.745135	0.86152	0.936751	0.961546	0.951156	0.924266	0.891068	0.873508	0.868667	0.869578	0.862333	0.83396	0.796826	0.754013	0.710631	0.676177	0.6484	0.61814	0.583376	0.551187	0.520068	0.495995	0.476244	0.457328	0.438422	0.43103	0.415918	0.400966	0.399537	0.39922	0.393974	0.397191	0.406521	0.42405	0.4518	0.490924	0.532287	0.581117	0.626899	0.652289	0.632603	0.555055	0.42422	0.223398	-0.0348514	-0.297476	-0.51664	-0.681338	-0.757216	-0.724847	-0.624013	-0.494867	-0.353648	-0.215089	-0.109485	-0.0492118	-0.0412039	-0.0899623	-0.193616	-0.331807	-0.458652	-0.550989	-0.59455	-0.589483	-0.561084	-0.527912	-0.496587	-0.468925	-0.456567	-0.442607	-0.399835	-0.344339	-0.280002	-0.204416	-0.132696	-0.0650011	0	
0	-0.119781	-0.218747	-0.281593	-0.283758	-0.216828	-0.0716711	0.139759	0.389443	0.64047	0.843818	0.968001	0.994788	0.931565	0.806243	0.648871	0.490416	0.352557	0.250851	0.199847	0.214373	0.288309	0.41628	0.560545	0.693349	0.79156	0.84274	0.858993	0.852856	0.838985	0.839729	0.846981	0.857269	0.865316	0.854865	0.829685	0.793912	0.755638	0.721073	0.69215	0.660945	0.625739	0.58865	0.555201	0.525652	0.500563	0.473568	0.454244	0.445832	0.428003	0.409398	0.407291	0.410164	0.408576	0.414515	0.426511	0.450801	0.48814	0.535069	0.585762	0.645124	0.702057	0.739963	0.729334	0.660084	0.536845	0.340805	0.0842951	-0.179359	-0.400494	-0.568157	-0.648574	-0.615426	-0.509635	-0.374163	-0.21962	-0.0673513	0.0471173	0.112297	0.120471	0.0692879	-0.0375036	-0.18324	-0.326545	-0.438088	-0.50259	-0.523575	-0.518075	-0.501326	-0.481935	-0.460918	-0.453663	-0.448404	-0.415531	-0.364075	-0.299189	-0.222361	-0.14521	-0.0695385	0	
0	-0.137678	-0.254556	-0.334011	-0.352265	-0.299938	-0.167528	0.0323327	0.273699	0.517803	0.717793	0.839502	0.864385	0.796786	0.662602	0.490416	0.314093	0.154914	0.0361464	-0.0287362	-0.0250799	0.0450051	0.169248	0.318102	0.463199	0.578882	0.65263	0.690485	0.703192	0.710721	0.731515	0.75843	0.789325	0.809311	0.812927	0.80883	0.794765	0.768189	0.738633	0.710553	0.680667	0.648489	0.613857	0.579055	0.543409	0.510827	0.477678	0.456274	0.445042	0.422939	0.399682	0.394217	0.397409	0.399456	0.405209	0.418874	0.446908	0.492386	0.544207	0.602941	0.670023	0.735644	0.783764	0.781272	0.7212	0.603834	0.415498	0.163825	-0.097293	-0.317709	-0.486883	-0.567052	-0.534167	-0.424552	-0.278815	-0.109297	0.0620529	0.193784	0.272516	0.292817	0.248542	0.146145	0.000549708	-0.153036	-0.277241	-0.357393	-0.398112	-0.40918	-0.407847	-0.402083	-0.392818	-0.398219	-0.402564	-0.376087	-0.333299	-0.280567	-0.21357	-0.141477	-0.0688367	0	
0	-0.15438	-0.289401	-0.382712	-0.416965	-0.376571	-0.254539	-0.0653303	0.171961	0.409324	0.608891	0.729935	0.752763	0.683417	0.53849	0.352557	0.154914	-0.0255554	-0.166447	-0.247641	-0.259212	-0.201793	-0.0892201	0.0532326	0.196793	0.322665	0.413062	0.468758	0.50115	0.527832	0.563068	0.607515	0.653663	0.690649	0.719106	0.740288	0.7484	0.739976	0.721852	0.70074	0.683075	0.658755	0.627341	0.591615	0.557436	0.519916	0.480138	0.453291	0.437394	0.411534	0.381306	0.368329	0.368428	0.370659	0.375366	0.385883	0.41761	0.466348	0.522951	0.58902	0.661303	0.736899	0.791206	0.79957	0.747189	0.634322	0.453805	0.206193	-0.0513386	-0.274021	-0.444149	-0.523545	-0.491663	-0.378303	-0.220421	-0.0316019	0.159871	0.313083	0.411146	0.44702	0.418035	0.328995	0.193999	0.0467988	-0.0783644	-0.166958	-0.220656	-0.248163	-0.258776	-0.257271	-0.256671	-0.273059	-0.286504	-0.274149	-0.248844	-0.216457	-0.169582	-0.109982	-0.0495404	0	
0	-0.167685	-0.315996	-0.421155	-0.468479	-0.437007	-0.327534	-0.144495	0.0839767	0.317288	0.516545	0.63629	0.664561	0.594118	0.446812	0.250851	0.0361464	-0.166447	-0.32815	-0.43253	-0.462236	-0.422419	-0.327201	-0.197707	-0.0592799	0.0666947	0.165082	0.231639	0.273953	0.310178	0.35916	0.418216	0.47726	0.528205	0.576162	0.620139	0.65502	0.672079	0.672399	0.666942	0.659005	0.646282	0.626086	0.602225	0.568359	0.527144	0.483235	0.453496	0.432566	0.401228	0.364211	0.340482	0.335034	0.335333	0.334839	0.342591	0.372442	0.422483	0.48138	0.550928	0.628837	0.707729	0.768588	0.785132	0.738554	0.631845	0.455497	0.216257	-0.0368084	-0.262987	-0.431325	-0.51139	-0.483777	-0.369501	-0.202887	0.00202183	0.214486	0.39003	0.511891	0.573162	0.563879	0.494993	0.381163	0.246231	0.129278	0.044449	-0.0131069	-0.0456333	-0.0562591	-0.0551709	-0.0630058	-0.0876526	-0.109171	-0.111772	-0.103934	-0.0953379	-0.081635	-0.0565158	-0.0260614	0	
0	-0.177198	-0.334824	-0.448945	-0.503766	-0.481038	-0.376535	-0.20118	0.0247181	0.255217	0.455521	0.580041	0.613007	0.548289	0.401278	0.199847	-0.0287362	-0.247641	-0.43253	-0.553612	-0.60535	-0.582728	-0.50973	-0.39676	-0.274464	-0.153683	-0.0532735	0.0166492	0.0637637	0.106182	0.156453	0.218933	0.285953	0.345023	0.406752	0.469283	0.532896	0.57402	0.595403	0.603045	0.616753	0.62237	0.620721	0.605222	0.581545	0.544617	0.502457	0.468731	0.44218	0.40915	0.363581	0.328277	0.312987	0.306746	0.298885	0.299086	0.323935	0.369424	0.426735	0.498582	0.57612	0.65824	0.721571	0.744268	0.704911	0.600071	0.429773	0.198348	-0.0517941	-0.278742	-0.448209	-0.529333	-0.506115	-0.395867	-0.221128	-0.00120833	0.22778	0.426693	0.574385	0.659371	0.674571	0.631556	0.542184	0.43276	0.335481	0.258078	0.205646	0.176469	0.170016	0.178553	0.17068	0.142319	0.116305	0.100957	0.0867862	0.0614885	0.0347049	0.0225307	0.0153578	0	
0	-0.179409	-0.341538	-0.455611	-0.516079	-0.492793	-0.393347	-0.218723	0.00533269	0.235821	0.440656	0.570888	0.613432	0.558238	0.41516	0.214373	-0.0250799	-0.259212	-0.462236	-0.60535	-0.673358	-0.672197	-0.618095	-0.525465	-0.419865	-0.310729	-0.213809	-0.147875	-0.0981917	-0.0604927	-0.0127402	0.0500747	0.112066	0.168222	0.236872	0.312056	0.393021	0.45629	0.498104	0.526767	0.558481	0.582687	0.601297	0.608139	0.601304	0.57285	0.537928	0.505013	0.480135	0.445036	0.395134	0.347034	0.322111	0.30453	0.286523	0.276752	0.290934	0.325858	0.3779	0.445465	0.519603	0.59954	0.660799	0.688077	0.650145	0.548759	0.38129	0.155813	-0.0888622	-0.31951	-0.488556	-0.572246	-0.557371	-0.450559	-0.271924	-0.0408234	0.205333	0.426665	0.60092	0.712734	0.75363	0.736566	0.675692	0.596905	0.521978	0.459618	0.420512	0.397506	0.400145	0.420842	0.41323	0.382751	0.356673	0.331569	0.296312	0.238349	0.167972	0.108449	0.0562766	0	
0	-0.175773	-0.330489	-0.443652	-0.49646	-0.471761	-0.369077	-0.191246	0.0322364	0.267748	0.475294	0.613946	0.666833	0.621475	0.488161	0.288309	0.0450051	-0.201793	-0.422419	-0.582728	-0.672197	-0.690532	-0.658077	-0.588517	-0.502038	-0.404341	-0.316337	-0.249898	-0.204132	-0.17246	-0.133198	-0.0809548	-0.0304674	0.0228852	0.0843775	0.159002	0.251104	0.330692	0.387368	0.43171	0.478551	0.522717	0.566495	0.597481	0.609682	0.599859	0.580869	0.55765	0.537332	0.509205	0.458354	0.406024	0.371019	0.343231	0.314553	0.294842	0.295389	0.315181	0.358642	0.415548	0.482489	0.552672	0.608447	0.631228	0.591089	0.488782	0.318767	0.098164	-0.146693	-0.377248	-0.547916	-0.637127	-0.627642	-0.528372	-0.34756	-0.108824	0.15008	0.394298	0.59402	0.733564	0.803147	0.814761	0.786601	0.740891	0.690684	0.643902	0.614574	0.599997	0.612918	0.639462	0.633747	0.605972	0.576547	0.540107	0.487439	0.401152	0.290918	0.1867	0.0927245	0	
0	-0.165624	-0.3115	-0.414588	-0.459577	-0.427429	-0.318436	-0.135871	0.0919142	0.333492	0.547378	0.697566	0.763544	0.732169	0.610969	0.41628	0.169248	-0.0892201	-0.327201	-0.50973	-0.618095	-0.658077	-0.647825	-0.598476	-0.533128	-0.453178	-0.372573	-0.313877	-0.27106	-0.244579	-0.213071	-0.172765	-0.134513	-0.0980587	-0.0496274	0.0192302	0.111764	0.197009	0.264219	0.317141	0.374189	0.436028	0.500832	0.554326	0.592117	0.608633	0.612693	0.604722	0.601244	0.586224	0.546228	0.496476	0.459766	0.423446	0.387945	0.36094	0.345467	0.350989	0.379638	0.42471	0.477976	0.536	0.581584	0.593925	0.548932	0.441034	0.267594	0.0443335	-0.202584	-0.43534	-0.613299	-0.71196	-0.714355	-0.623405	-0.446754	-0.204573	0.0689796	0.334655	0.563683	0.731688	0.829584	0.872212	0.873021	0.860464	0.837441	0.803736	0.78532	0.777979	0.790187	0.814403	0.805407	0.771983	0.739727	0.698914	0.629087	0.516959	0.377802	0.240871	0.116715	0	
0	-0.157597	-0.295086	-0.390117	-0.426521	-0.386893	-0.270203	-0.0818642	0.152377	0.400325	0.622107	0.785052	0.864289	0.850947	0.745135	0.560545	0.318102	0.0532326	-0.197707	-0.39676	-0.525465	-0.588517	-0.598476	-0.576546	-0.533982	-0.470241	-0.403605	-0.34838	-0.306043	-0.285867	-0.263113	-0.235234	-0.213914	-0.190471	-0.159011	-0.10336	-0.0194314	0.0639252	0.130796	0.189033	0.249545	0.316096	0.39265	0.469218	0.531016	0.57147	0.599744	0.616836	0.636211	0.642225	0.620907	0.588213	0.558429	0.522377	0.489067	0.460343	0.437384	0.430361	0.449047	0.480818	0.521369	0.566664	0.598301	0.597244	0.540968	0.424916	0.242845	0.0104354	-0.242887	-0.479342	-0.66793	-0.780815	-0.795009	-0.716456	-0.54843	-0.308819	-0.0281421	0.257898	0.509717	0.703854	0.833937	0.9052	0.939006	0.960337	0.957869	0.936757	0.922459	0.911515	0.916225	0.927997	0.909668	0.868859	0.82631	0.777223	0.698455	0.571983	0.414208	0.259768	0.124432	0	
0	-0.153247	-0.284624	-0.376642	-0.407112	-0.364497	-0.244486	-0.052714	0.183525	0.436872	0.665913	0.840959	0.938079	0.944799	0.86152	0.693349	0.463199	0.196793	-0.0592799	-0.274464	-0.419865	-0.502038	-0.533128	-0.533982	-0.511747	-0.469088	-0.416634	-0.36659	-0.331375	-0.314237	-0.297071	-0.281397	-0.273098	-0.264667	-0.252452	-0.211967	-0.143776	-0.0673249	-0.00175429	0.052567	0.102692	0.171084	0.254082	0.341249	0.414637	0.47971	0.533044	0.575854	0.619292	0.651151	0.658508	0.653102	0.640749	0.615822	0.593394	0.572914	0.549045	0.538542	0.549291	0.570962	0.601367	0.63424	0.654326	0.637675	0.570786	0.447247	0.256912	0.0141279	-0.24585	-0.486261	-0.687759	-0.81835	-0.850038	-0.786899	-0.636484	-0.408344	-0.122903	0.175796	0.44745	0.666992	0.82164	0.920219	0.981684	1.02469	1.04051	1.02741	1.00968	0.993636	0.981367	0.967685	0.934063	0.882737	0.83145	0.776111	0.689567	0.56212	0.406338	0.245989	0.109839	0	
0	-0.155105	-0.289167	-0.382055	-0.413874	-0.372815	-0.252259	-0.0624493	0.175393	0.430498	0.665725	0.851841	0.966378	0.994661	0.936751	0.79156	0.578882	0.322665	0.0666947	-0.153683	-0.310729	-0.404341	-0.453178	-0.470241	-0.469088	-0.446185	-0.408329	-0.367025	-0.336815	-0.320353	-0.309296	-0.305782	-0.308179	-0.317115	-0.322115	-0.299875	-0.246242	-0.181452	-0.123918	-0.0786693	-0.0333032	0.0247073	0.0976908	0.184489	0.269125	0.346651	0.413127	0.476601	0.543509	0.599588	0.635856	0.663367	0.676209	0.672409	0.669138	0.665684	0.652183	0.648659	0.657664	0.677237	0.701696	0.728787	0.73999	0.710397	0.635525	0.504467	0.309005	0.0553375	-0.210575	-0.453361	-0.667389	-0.814832	-0.862597	-0.816167	-0.686531	-0.473078	-0.190868	0.113372	0.396571	0.629694	0.801331	0.918448	0.995766	1.05112	1.07588	1.06283	1.03636	1.00662	0.969096	0.927843	0.878694	0.816674	0.757933	0.704397	0.624788	0.502865	0.353547	0.209353	0.0946754	0	
0	-0.159086	-0.300386	-0.394455	-0.434177	-0.395317	-0.27987	-0.0965415	0.1406	0.389319	0.628767	0.819994	0.947073	0.996602	0.961546	0.84274	0.65263	0.413062	0.165082	-0.0532735	-0.213809	-0.316337	-0.372573	-0.403605	-0.416634	-0.408329	-0.381357	-0.348584	-0.318425	-0.303461	-0.298174	-0.30408	-0.318218	-0.345694	-0.364951	-0.36041	-0.325863	-0.2767	-0.226538	-0.189395	-0.156237	-0.114198	-0.0514525	0.0291213	0.108297	0.185602	0.259776	0.337797	0.417394	0.489313	0.552658	0.611278	0.654353	0.676283	0.700323	0.718959	0.728987	0.740653	0.757424	0.781834	0.806336	0.834052	0.837761	0.801495	0.717719	0.58249	0.383875	0.122165	-0.143978	-0.388138	-0.607213	-0.76568	-0.825852	-0.793545	-0.68511	-0.488915	-0.216322	0.0855636	0.36964	0.606747	0.785088	0.90701	0.987878	1.04069	1.05827	1.03668	0.995641	0.942734	0.875383	0.809143	0.747569	0.683	0.62763	0.579762	0.5124	0.412834	0.287615	0.162657	0.0678828	0	
0	-0.164146	-0.308006	-0.409253	-0.452176	-0.420357	-0.312168	-0.135177	0.0925924	0.335658	0.571748	0.763697	0.900258	0.965813	0.951156	0.858993	0.690485	0.468758	0.231639	0.0166492	-0.147875	-0.249898	-0.313877	-0.34838	-0.36659	-0.367025	-0.348584	-0.31617	-0.289014	-0.270407	-0.265588	-0.274903	-0.300405	-0.340514	-0.375797	-0.392664	-0.380436	-0.346706	-0.306937	-0.279531	-0.255577	-0.228402	-0.181464	-0.11746	-0.0457703	0.0262173	0.0985967	0.178243	0.261179	0.343069	0.421987	0.505848	0.574608	0.62768	0.67676	0.723273	0.763353	0.798391	0.832158	0.867022	0.901329	0.932421	0.936263	0.897238	0.808433	0.67188	0.471745	0.20966	-0.0549551	-0.297182	-0.51627	-0.6792	-0.747634	-0.728676	-0.637694	-0.459444	-0.198473	0.0947464	0.372342	0.607821	0.77904	0.893685	0.963987	0.993826	0.992396	0.954514	0.890538	0.812756	0.719593	0.630859	0.558057	0.497508	0.453807	0.41917	0.374687	0.305652	0.210449	0.114836	0.0461326	0	
0	-0.169404	-0.320026	-0.425247	-0.47563	-0.448017	-0.347629	-0.176245	0.0436191	0.281019	0.51259	0.703582	0.845988	0.921303	0.924266	0.852856	0.703192	0.50115	0.273953	0.0637637	-0.0981917	-0.204132	-0.27106	-0.306043	-0.331375	-0.336815	-0.318425	-0.289014	-0.253258	-0.221806	-0.210627	-0.217199	-0.247655	-0.300406	-0.350628	-0.38672	-0.393152	-0.376634	-0.35486	-0.33969	-0.325062	-0.311982	-0.283302	-0.235135	-0.17542	-0.117383	-0.0531211	0.0208676	0.100741	0.17858	0.26281	0.356899	0.447405	0.524339	0.595446	0.669395	0.742262	0.808346	0.866182	0.923239	0.975261	1.01906	1.03085	0.996847	0.907703	0.770932	0.57064	0.311215	0.0495228	-0.193132	-0.407001	-0.568674	-0.641544	-0.631429	-0.555518	-0.390777	-0.146479	0.129369	0.395111	0.615388	0.771104	0.870161	0.915816	0.920423	0.895224	0.835257	0.753205	0.646763	0.52342	0.419746	0.34063	0.284958	0.25544	0.239722	0.225441	0.188403	0.122486	0.0619738	0.0253538	0	
0	-0.171731	-0.325397	-0.433333	-0.487746	-0.465118	-0.370512	-0.207094	0.00443495	0.233401	0.457114	0.645074	0.788621	0.872336	0.891068	0.838985	0.710721	0.527832	0.310178	0.106182	-0.0604927	-0.17246	-0.244579	-0.285867	-0.314237	-0.320353	-0.303461	-0.270407	-0.221806	-0.179449	-0.15366	-0.148546	-0.176583	-0.230685	-0.285552	-0.335637	-0.361101	-0.370903	-0.367766	-0.361582	-0.357263	-0.363069	-0.352094	-0.321808	-0.279417	-0.236724	-0.182231	-0.118274	-0.0499683	0.0198686	0.0979491	0.191255	0.293021	0.385519	0.47218	0.567501	0.670821	0.767497	0.855264	0.940238	1.01669	1.0798	1.10827	1.08664	1.00512	0.871612	0.675375	0.426901	0.16912	-0.0695386	-0.276092	-0.432532	-0.507393	-0.512513	-0.450782	-0.305615	-0.0889807	0.163285	0.406055	0.607338	0.746257	0.823414	0.846426	0.826277	0.775392	0.699903	0.603026	0.47244	0.3313	0.217494	0.130676	0.0787825	0.0597539	0.0561018	0.0618451	0.0557842	0.0317362	0.0114043	0.0023468	0	
0	-0.173522	-0.32659	-0.438505	-0.49337	-0.474709	-0.384595	-0.225072	-0.0210517	0.203585	0.420492	0.608038	0.750539	0.844258	0.873508	0.839729	0.731515	0.563068	0.35916	0.156453	-0.0127402	-0.133198	-0.213071	-0.263113	-0.297071	-0.309296	-0.298174	-0.265588	-0.210627	-0.15366	-0.10692	-0.0790489	-0.0954578	-0.13888	-0.196431	-0.253037	-0.29296	-0.314175	-0.326752	-0.334979	-0.347825	-0.364781	-0.371857	-0.363865	-0.340954	-0.313359	-0.27224	-0.224121	-0.166916	-0.108542	-0.0458558	0.0356634	0.137286	0.233927	0.324428	0.430868	0.553575	0.674281	0.792627	0.906792	1.01309	1.10325	1.15794	1.16113	1.09728	0.975624	0.791631	0.558086	0.309245	0.0738264	-0.126721	-0.276388	-0.359766	-0.382179	-0.338872	-0.221751	-0.0384883	0.178104	0.389343	0.566456	0.682587	0.737714	0.740519	0.704357	0.642185	0.56313	0.465061	0.325166	0.175101	0.0553988	-0.0413743	-0.100863	-0.118979	-0.113338	-0.088951	-0.0673795	-0.058847	-0.0468459	-0.0259075	0	
0	-0.170862	-0.321168	-0.431651	-0.485116	-0.466623	-0.37919	-0.220746	-0.0247282	0.197144	0.406238	0.588455	0.732789	0.825216	0.868667	0.846981	0.75843	0.607515	0.418216	0.218933	0.0500747	-0.0809548	-0.172765	-0.235234	-0.281397	-0.305782	-0.30408	-0.274903	-0.217199	-0.148546	-0.0790489	-0.0341899	-0.0340207	-0.0610858	-0.109991	-0.159679	-0.197275	-0.228426	-0.258268	-0.275236	-0.29551	-0.321839	-0.349882	-0.360759	-0.360793	-0.352049	-0.328631	-0.294447	-0.248912	-0.20472	-0.159372	-0.0932089	0.000958136	0.0920892	0.17929	0.288805	0.415687	0.553373	0.694573	0.835969	0.970994	1.08975	1.17845	1.21105	1.17577	1.07423	0.909164	0.69763	0.460965	0.233114	0.0398876	-0.106928	-0.200335	-0.244112	-0.229013	-0.148079	-0.0111678	0.156926	0.329005	0.47436	0.567978	0.607888	0.599914	0.562921	0.507265	0.437577	0.346858	0.211451	0.0634966	-0.0603588	-0.162466	-0.227466	-0.251237	-0.24246	-0.208348	-0.172485	-0.137343	-0.0895845	-0.039903	0	
0	-0.165009	-0.311357	-0.416542	-0.467421	-0.448447	-0.358654	-0.206399	-0.0101043	0.20283	0.407149	0.584206	0.72383	0.818016	0.869578	0.857269	0.789325	0.653663	0.47726	0.285953	0.112066	-0.0304674	-0.134513	-0.213914	-0.273098	-0.308179	-0.318218	-0.300405	-0.247655	-0.176583	-0.0954578	-0.0340207	-0.00648111	-0.0165737	-0.0513334	-0.0881157	-0.12012	-0.155818	-0.183791	-0.201883	-0.2256	-0.256397	-0.29459	-0.32296	-0.346644	-0.35428	-0.350225	-0.332769	-0.301807	-0.2688	-0.239303	-0.189403	-0.10733	-0.0273197	0.0568831	0.159089	0.280931	0.423581	0.578845	0.74058	0.896796	1.04607	1.16752	1.23577	1.2368	1.16464	1.02956	0.842689	0.624755	0.409469	0.219765	0.0698217	-0.0399149	-0.11346	-0.136064	-0.103814	-0.0234437	0.0929893	0.22048	0.334685	0.414219	0.445064	0.437493	0.413405	0.373083	0.318848	0.244847	0.128127	-0.00620297	-0.122846	-0.223501	-0.300209	-0.331629	-0.316189	-0.277685	-0.230785	-0.170803	-0.105343	-0.0484021	0	
0	-0.162445	-0.306926	-0.410365	-0.460152	-0.442329	-0.351632	-0.204356	-0.007471	0.198079	0.401468	0.573481	0.710734	0.809172	0.862333	0.865316	0.809311	0.690649	0.528205	0.345023	0.168222	0.0228852	-0.0980587	-0.190471	-0.264667	-0.317115	-0.345694	-0.340514	-0.300406	-0.230685	-0.13888	-0.0610858	-0.0165737	-0.0144618	-0.0315738	-0.0567231	-0.0788754	-0.106001	-0.124649	-0.146824	-0.164509	-0.191521	-0.227524	-0.267005	-0.304248	-0.331323	-0.349318	-0.348669	-0.332043	-0.31214	-0.300914	-0.264062	-0.198606	-0.12883	-0.0488869	0.0440252	0.156364	0.296241	0.4583	0.631529	0.804517	0.98115	1.13386	1.24023	1.28262	1.25005	1.15254	0.992137	0.79739	0.596315	0.404423	0.241756	0.106321	-0.00169488	-0.0711627	-0.0967751	-0.0720097	-0.00909656	0.0745974	0.163091	0.228399	0.259033	0.263096	0.256947	0.244666	0.21503	0.160911	0.0734155	-0.0375404	-0.144702	-0.24208	-0.321033	-0.350508	-0.328168	-0.283184	-0.226107	-0.160364	-0.0973516	-0.0433327	0	
0	-0.165786	-0.313855	-0.419937	-0.474391	-0.457692	-0.372278	-0.226043	-0.0329504	0.169532	0.370639	0.539775	0.675001	0.778172	0.83396	0.854865	0.812927	0.719106	0.576162	0.406752	0.236872	0.0843775	-0.0496274	-0.159011	-0.252452	-0.322115	-0.364951	-0.375797	-0.350628	-0.285552	-0.196431	-0.109991	-0.0513334	-0.0315738	-0.0377704	-0.0500773	-0.0611558	-0.0769519	-0.0972297	-0.116596	-0.122222	-0.136485	-0.163246	-0.204582	-0.248401	-0.291529	-0.32286	-0.340957	-0.341746	-0.342097	-0.345359	-0.324286	-0.281083	-0.22292	-0.148226	-0.0629065	0.0402608	0.173863	0.33893	0.516657	0.704296	0.902647	1.0814	1.22539	1.30606	1.32098	1.26286	1.12986	0.963867	0.777045	0.584514	0.402302	0.237975	0.0956066	-0.0290824	-0.115193	-0.14819	-0.139582	-0.0960031	-0.0336666	0.0236484	0.0645176	0.0871751	0.10875	0.127607	0.120603	0.0909584	0.037352	-0.0430192	-0.129231	-0.213628	-0.285431	-0.311817	-0.287799	-0.237762	-0.179431	-0.121899	-0.0655725	-0.0201763	0	
0	-0.16988	-0.321164	-0.432795	-0.492163	-0.480337	-0.403788	-0.25926	-0.0771538	0.124944	0.319848	0.485612	0.625344	0.726471	0.796826	0.829685	0.80883	0.740288	0.620139	0.469283	0.312056	0.159002	0.0192302	-0.10336	-0.211967	-0.299875	-0.36041	-0.392664	-0.38672	-0.335637	-0.253037	-0.159679	-0.0881157	-0.0567231	-0.0500773	-0.0511953	-0.057027	-0.0685046	-0.084926	-0.094853	-0.0952373	-0.0994707	-0.114538	-0.143183	-0.184234	-0.230477	-0.273108	-0.305176	-0.322029	-0.339454	-0.357181	-0.359081	-0.340772	-0.298676	-0.235131	-0.158798	-0.0664391	0.0610615	0.220615	0.39931	0.59758	0.807568	1.00998	1.18042	1.29841	1.36031	1.33912	1.24038	1.10038	0.932903	0.741625	0.535943	0.348218	0.170562	-0.00653175	-0.145982	-0.232132	-0.268837	-0.259741	-0.222578	-0.174345	-0.125181	-0.0844694	-0.0389549	0.00857005	0.0303461	0.0336543	0.0224868	-0.0154196	-0.0726689	-0.143899	-0.209856	-0.232904	-0.209117	-0.163877	-0.114482	-0.0679884	-0.0286828	-0.00472511	0	
0	-0.172872	-0.326595	-0.442914	-0.50484	-0.499635	-0.425837	-0.287931	-0.109742	0.0887037	0.276956	0.44226	0.576106	0.678155	0.754013	0.793912	0.794765	0.7484	0.65502	0.532896	0.393021	0.251104	0.111764	-0.0194314	-0.143776	-0.246242	-0.325863	-0.380436	-0.393152	-0.361101	-0.29296	-0.197275	-0.12012	-0.0788754	-0.0611558	-0.057027	-0.0554203	-0.0553745	-0.0667996	-0.0790811	-0.0799594	-0.0746178	-0.0720435	-0.0842379	-0.115473	-0.16088	-0.205089	-0.240137	-0.266552	-0.297431	-0.329993	-0.353509	-0.359932	-0.341294	-0.298265	-0.235863	-0.152449	-0.034769	0.115008	0.294731	0.497811	0.716885	0.9323	1.11932	1.26392	1.35556	1.36444	1.28952	1.16936	1.02075	0.830533	0.616084	0.417185	0.217149	0.0107398	-0.166464	-0.292416	-0.363618	-0.390277	-0.382233	-0.34812	-0.30021	-0.244866	-0.17459	-0.103691	-0.0503892	-0.00343336	0.0273204	0.0308095	0.00896439	-0.0458836	-0.106145	-0.132366	-0.11974	-0.0807816	-0.0416734	-0.0212165	-0.00981719	-0.00103971	0	
0	-0.169022	-0.322152	-0.434637	-0.499257	-0.494144	-0.42451	-0.291438	-0.11779	0.0728653	0.255776	0.412363	0.540079	0.636726	0.710631	0.755638	0.768189	0.739976	0.672079	0.57402	0.45629	0.330692	0.197009	0.0639252	-0.0673249	-0.181452	-0.2767	-0.346706	-0.376634	-0.370903	-0.314175	-0.228426	-0.155818	-0.106001	-0.0769519	-0.0685046	-0.0553745	-0.0516326	-0.0637361	-0.0759434	-0.0739762	-0.06279	-0.0479237	-0.0456059	-0.0653557	-0.100814	-0.13529	-0.167463	-0.196962	-0.2306	-0.266469	-0.30399	-0.327931	-0.33468	-0.31563	-0.269235	-0.196626	-0.0925586	0.0444666	0.222242	0.424876	0.646342	0.864218	1.0556	1.20734	1.30762	1.32779	1.26288	1.15254	1.01279	0.829498	0.622161	0.426118	0.224937	0.0128116	-0.178771	-0.322976	-0.418909	-0.474689	-0.491111	-0.477339	-0.436267	-0.368657	-0.283074	-0.194105	-0.106434	-0.0206506	0.0466791	0.09096	0.095793	0.0510091	0.0011644	-0.0266742	-0.0322871	-0.0118568	0.00870919	0.00931641	0.00578512	0.00504934	0	
0	-0.165562	-0.315648	-0.426282	-0.489922	-0.485874	-0.416613	-0.287866	-0.114789	0.0697229	0.249112	0.399821	0.518299	0.610278	0.676177	0.721073	0.738633	0.721852	0.672399	0.595403	0.498104	0.387368	0.264219	0.130796	-0.00175429	-0.123918	-0.226538	-0.306937	-0.35486	-0.367766	-0.326752	-0.258268	-0.183791	-0.124649	-0.0972297	-0.084926	-0.0667996	-0.0637361	-0.0710652	-0.0782412	-0.0790011	-0.0692332	-0.0480625	-0.0321585	-0.0341746	-0.0549189	-0.0822216	-0.111191	-0.132684	-0.155921	-0.190516	-0.230533	-0.259101	-0.2829	-0.284812	-0.255807	-0.193272	-0.106235	0.0203497	0.190089	0.388793	0.60815	0.82056	1.00748	1.14695	1.23376	1.24267	1.16981	1.05207	0.907047	0.731471	0.54363	0.365559	0.181587	-0.0109426	-0.190992	-0.334376	-0.441563	-0.516394	-0.55155	-0.554206	-0.518271	-0.442264	-0.344344	-0.238566	-0.124941	-0.0100699	0.083526	0.149016	0.171579	0.140537	0.0870135	0.0445981	0.0333272	0.0441462	0.0427739	0.02544	0.00960284	0.00133333	0	
0	-0.164765	-0.31096	-0.424824	-0.485916	-0.485839	-0.418589	-0.291191	-0.122516	0.061518	0.238364	0.384772	0.501341	0.586749	0.6484	0.69215	0.710553	0.70074	0.666942	0.603045	0.526767	0.43171	0.317141	0.189033	0.052567	-0.0786693	-0.189395	-0.279531	-0.33969	-0.361582	-0.334979	-0.275236	-0.201883	-0.146824	-0.116596	-0.094853	-0.0790811	-0.0759434	-0.0782412	-0.0892222	-0.100304	-0.0925912	-0.0672307	-0.0362905	-0.0259424	-0.0351486	-0.0563843	-0.073513	-0.0836226	-0.0981101	-0.128271	-0.154846	-0.17441	-0.20314	-0.217682	-0.197307	-0.145541	-0.0702284	0.0445712	0.200122	0.389355	0.596717	0.799898	0.969763	1.0855	1.14201	1.12215	1.02942	0.889474	0.729154	0.56018	0.396999	0.244971	0.0915625	-0.0666801	-0.216191	-0.341019	-0.448544	-0.527305	-0.57038	-0.582435	-0.545023	-0.464734	-0.356593	-0.232642	-0.101682	0.0329162	0.139709	0.202598	0.227544	0.205471	0.145674	0.0928792	0.0753002	0.070451	0.0538478	0.026547	-0.00335515	-0.0155512	0	
0	-0.165993	-0.313932	-0.430136	-0.493546	-0.497767	-0.432212	-0.308747	-0.140936	0.0424883	0.217501	0.364402	0.477166	0.559716	0.61814	0.660945	0.680667	0.683075	0.659005	0.616753	0.558481	0.478551	0.374189	0.249545	0.102692	-0.0333032	-0.156237	-0.255577	-0.325062	-0.357263	-0.347825	-0.29551	-0.2256	-0.164509	-0.122222	-0.0952373	-0.0799594	-0.0739762	-0.0790011	-0.100304	-0.11506	-0.114298	-0.0920379	-0.0616183	-0.0397387	-0.0341196	-0.0420782	-0.052486	-0.0565435	-0.0626852	-0.0819591	-0.0889847	-0.0971285	-0.117234	-0.127534	-0.107382	-0.0614601	0.00968443	0.114576	0.252401	0.419903	0.607624	0.788002	0.93075	1.01326	1.02794	0.974152	0.851559	0.686102	0.509326	0.345206	0.207429	0.0863962	-0.0300535	-0.146198	-0.253349	-0.35212	-0.445312	-0.515845	-0.560017	-0.565615	-0.524948	-0.446227	-0.32599	-0.190093	-0.052339	0.0889997	0.194219	0.25099	0.275515	0.255387	0.193535	0.132636	0.095822	0.067296	0.0356753	-0.000360139	-0.0289791	-0.0274641	0	
0	-0.164707	-0.315671	-0.4295	-0.500467	-0.504458	-0.447748	-0.326455	-0.164335	0.0162548	0.190065	0.333879	0.446592	0.525775	0.583376	0.625739	0.648489	0.658755	0.646282	0.62237	0.582687	0.522717	0.436028	0.316096	0.171084	0.0247073	-0.114198	-0.228402	-0.311982	-0.363069	-0.364781	-0.321839	-0.256397	-0.191521	-0.136485	-0.0994707	-0.0746178	-0.06279	-0.0692332	-0.0925912	-0.114298	-0.129115	-0.122411	-0.0966089	-0.063742	-0.0457171	-0.0456736	-0.0513067	-0.0416906	-0.0394622	-0.0446796	-0.0388845	-0.0298362	-0.0287379	-0.0218513	0.00390073	0.050493	0.12742	0.224671	0.339957	0.475907	0.628934	0.77071	0.874005	0.913092	0.888081	0.799186	0.649039	0.465553	0.277492	0.119582	-0.00203971	-0.095067	-0.174045	-0.248045	-0.309095	-0.368816	-0.429057	-0.477777	-0.506846	-0.50238	-0.465779	-0.395582	-0.283012	-0.145181	7.89769e-05	0.135458	0.235092	0.295333	0.320644	0.29941	0.234317	0.164006	0.110942	0.0601925	0.00580256	-0.0431343	-0.0644558	-0.0430968	0	
0	-0.165544	-0.317329	-0.434096	-0.50761	-0.516838	-0.463509	-0.347253	-0.186997	-0.00810082	0.164934	0.309265	0.41959	0.496274	0.551187	0.58865	0.613857	0.627341	0.626086	0.620721	0.601297	0.566495	0.500832	0.39265	0.254082	0.0976908	-0.0514525	-0.181464	-0.283302	-0.352094	-0.371857	-0.349882	-0.29459	-0.227524	-0.163246	-0.114538	-0.0720435	-0.0479237	-0.0480625	-0.0672307	-0.0920379	-0.122411	-0.132346	-0.11581	-0.0850739	-0.0664536	-0.06033	-0.052879	-0.0340667	-0.0251173	-0.0174651	0.0020126	0.0301758	0.0555052	0.0850782	0.118354	0.17599	0.260623	0.354185	0.448233	0.549292	0.658139	0.7489	0.801575	0.793073	0.73036	0.608486	0.435329	0.238699	0.0503644	-0.105681	-0.221683	-0.289122	-0.33373	-0.363041	-0.375268	-0.385181	-0.396585	-0.411107	-0.417592	-0.406932	-0.379376	-0.327825	-0.235518	-0.102493	0.0388114	0.161712	0.256032	0.316678	0.345623	0.334629	0.276429	0.197051	0.125443	0.0606255	-0.00799135	-0.0704255	-0.0879428	-0.0516251	0	
